// General information: 
//  MT Manager version: 2022.2.0 
//  XDA version: 2022.2.0 build 7381 rev 124627 built on 2023-07-19
// Device information: 
//  DeviceId: 00B4CAF0
//  ProductCode: MTW2-3A7G6
//  Firmware Version: 4.6.0
//  Hardware Version: 2.0.0
// Device settings: 
//  Filter Profile: human(46.1)
//  Option Flags: Orientation Smoother Disabled, Position/Velocity Smoother Disabled, Continuous Zero Rotation Update Disabled, AHS Disabled, ICC Disabled
// Coordinate system: ENU
PacketCounter	Acc_X	Acc_Y	Acc_Z	Gyr_X	Gyr_Y	Gyr_Z	Mat[1][1]	Mat[2][1]	Mat[3][1]	Mat[1][2]	Mat[2][2]	Mat[3][2]	Mat[1][3]	Mat[2][3]	Mat[3][3]
04113	4.887392	0.633233	8.997577	0.076554	-0.256117	0.020010	-0.220573	-0.852346	0.474188	0.973966	-0.218559	0.060194	0.052332	0.475120	0.878363
04114	4.822035	0.545643	9.009788	0.077021	-0.263132	0.019003	-0.220261	-0.851121	0.476527	0.974043	-0.218059	0.060749	0.052206	0.477538	0.877058
04115	4.693645	0.602928	9.159457	0.085629	-0.299422	0.018223	-0.219940	-0.849712	0.479182	0.974122	-0.217527	0.061381	0.052079	0.480282	0.875566
04116	4.705108	0.548108	9.177860	0.085831	-0.358470	0.015212	-0.219615	-0.848005	0.482345	0.974196	-0.217014	0.062028	0.052076	0.483521	0.873782
04117	4.643157	0.746877	9.258808	0.096604	-0.418221	0.016055	-0.219263	-0.845990	0.486030	0.974273	-0.216454	0.062763	0.052106	0.487288	0.871685
04118	4.603807	0.850012	9.362302	0.103253	-0.502401	0.035660	-0.218664	-0.843594	0.490443	0.974401	-0.215677	0.063458	0.052245	0.491764	0.869160
04119	4.573323	0.925797	9.429601	0.110957	-0.606990	0.054789	-0.217856	-0.840687	0.495766	0.974565	-0.214735	0.064123	0.052551	0.497126	0.866085
04120	4.539470	0.954883	9.606513	0.109613	-0.736550	0.076962	-0.216727	-0.837153	0.502199	0.974785	-0.213571	0.064657	0.053127	0.503549	0.862332
04121	4.416269	0.964050	9.725709	0.092394	-0.888644	0.100927	-0.215283	-0.832846	0.509923	0.975047	-0.212297	0.064911	0.054194	0.511173	0.857768
04122	4.255206	1.025852	10.057418	0.080477	-1.094257	0.134861	-0.213376	-0.827473	0.519383	0.975375	-0.210794	0.064876	0.055799	0.520436	0.852075
04123	4.201695	1.137611	10.443380	0.048769	-1.382675	0.183933	-0.210808	-0.820566	0.531255	0.975787	-0.209060	0.064295	0.058306	0.531945	0.844769
04124	4.402242	2.008040	11.201838	-0.033905	-1.706432	0.276317	-0.207093	-0.811931	0.545785	0.976339	-0.207019	0.062493	0.062247	0.545813	0.835592
04125	5.076865	2.659648	11.711036	-0.200366	-2.002021	0.432967	-0.201587	-0.801712	0.562690	0.977083	-0.204691	0.058405	0.068354	0.561568	0.824602
04126	5.914667	3.201854	12.947322	-0.388345	-2.252499	0.641285	-0.193695	-0.790158	0.581491	0.978063	-0.201834	0.051531	0.076647	0.578716	0.811919
04127	6.728861	4.188797	14.225138	-0.686579	-2.408497	0.887525	-0.183039	-0.777764	0.601315	0.979163	-0.198948	0.040728	0.087954	0.596240	0.797973
04128	6.620548	3.060528	11.908324	-1.060864	-2.494422	1.038008	-0.170501	-0.764718	0.621398	0.979980	-0.197393	0.025970	0.102800	0.613386	0.783065
04129	8.418525	2.276066	11.607705	-0.845182	-2.378780	1.104468	-0.157082	-0.752071	0.640090	0.980863	-0.194300	0.012418	0.115031	0.629791	0.768200
04130	7.384960	2.436872	9.816472	-0.812222	-2.200908	1.220113	-0.142461	-0.740377	0.656923	0.981704	-0.190406	-0.001701	0.126341	0.644661	0.753956
04131	6.038469	2.555983	8.792193	-0.886096	-2.125219	1.343267	-0.126456	-0.729035	0.672694	0.982334	-0.186337	-0.017280	0.137946	0.658625	0.739719
04132	3.908856	2.833150	8.781954	-0.952193	-2.113624	1.418895	-0.109481	-0.717570	0.687828	0.982630	-0.182445	-0.033930	0.149838	0.672166	0.725081
04133	0.758303	5.420617	9.742844	-0.975963	-1.823785	1.140712	-0.095375	-0.707254	0.700497	0.982281	-0.180915	-0.048920	0.161329	0.683419	0.711977
04134	6.469662	6.447553	12.522357	-0.853334	-1.052640	0.124102	-0.092417	-0.700240	0.707901	0.980973	-0.185935	-0.055857	0.170736	0.689269	0.704100
04135	2.873483	6.601890	15.102560	-0.592442	0.500068	-0.744416	-0.100582	-0.702213	0.704826	0.979216	-0.195273	-0.054810	0.176122	0.684665	0.707259
04136	-2.706006	5.459535	10.330621	-0.513432	1.378382	-1.302495	-0.115782	-0.708933	0.695707	0.976885	-0.207987	-0.049365	0.179695	0.673910	0.716627
04137	-5.525244	4.412372	7.797841	-0.560147	1.565371	-1.494758	-0.133235	-0.716132	0.685130	0.973991	-0.222448	-0.043105	0.183274	0.661567	0.727145
04138	-4.511117	2.357695	7.346407	-0.417590	1.559415	-1.516928	-0.150868	-0.722860	0.674324	0.971058	-0.236135	-0.035874	0.185163	0.649395	0.737564
04139	-2.225624	1.318093	8.960344	-0.142387	1.727901	-1.510634	-0.168761	-0.730288	0.661966	0.968360	-0.248108	-0.026843	0.183842	0.636492	0.749053
04140	-0.493475	1.041384	9.962495	0.099026	2.099640	-1.465551	-0.186755	-0.739766	0.646428	0.965925	-0.258292	-0.016529	0.179195	0.621314	0.762796
04141	0.170573	0.804054	9.843616	0.268167	2.490606	-1.354341	-0.204261	-0.751435	0.627394	0.963724	-0.266838	-0.005834	0.171796	0.603442	0.778680
04142	0.599340	0.524655	9.223097	0.386457	2.749942	-1.172041	-0.220148	-0.764576	0.605771	0.961873	-0.273462	0.004410	0.162283	0.583645	0.795627
04143	1.291722	0.370042	8.612297	0.515291	2.882515	-0.967208	-0.234019	-0.778413	0.582502	0.960460	-0.278050	0.014298	0.150835	0.562816	0.812704
04144	1.605308	0.760856	8.144580	0.657118	2.899389	-0.765188	-0.245556	-0.792277	0.558569	0.959564	-0.280461	0.024032	0.137617	0.541884	0.829110
04145	1.905485	1.576311	7.473615	0.767669	2.748227	-0.591343	-0.254866	-0.805222	0.535408	0.959067	-0.281169	0.033675	0.123425	0.522074	0.843922
04146	2.587565	2.642540	7.275440	0.844182	2.411727	-0.480195	-0.262284	-0.816243	0.514737	0.958799	-0.280758	0.043344	0.109137	0.504898	0.856252
04147	5.179391	3.483063	8.286959	0.897789	1.997115	-0.460411	-0.268789	-0.824881	0.497316	0.958475	-0.280134	0.053388	0.095276	0.491015	0.865925
04148	9.522377	4.130470	9.846291	0.882347	1.806993	-0.552373	-0.275693	-0.832080	0.481287	0.957746	-0.280462	0.063739	0.081947	0.478523	0.874243
04149	13.825165	4.063591	10.089071	0.829403	1.943935	-0.735303	-0.284248	-0.839158	0.463699	0.956292	-0.282767	0.074484	0.068615	0.464603	0.882857
04150	14.621254	3.425772	9.333192	0.857220	2.207791	-0.931168	-0.294508	-0.846573	0.443373	0.954117	-0.286731	0.086285	0.054083	0.448441	0.892175
04151	14.504347	1.546753	8.791945	0.886736	2.281556	-1.175759	-0.306827	-0.853184	0.421823	0.950973	-0.292896	0.099307	0.038823	0.431613	0.901223
04152	16.387650	-1.513285	8.425684	1.063402	2.245844	-1.394266	-0.320749	-0.858549	0.400017	0.946915	-0.300353	0.114631	0.021730	0.415550	0.909311
04153	19.164961	-2.897665	8.046763	1.465470	2.383880	-1.406203	-0.334350	-0.863973	0.376511	0.942449	-0.306561	0.133454	0.000123	0.399463	0.916749
04154	18.948232	-2.472086	7.188052	1.561097	2.571288	-1.078852	-0.344212	-0.870683	0.351324	0.938604	-0.309845	0.151715	-0.023240	0.381977	0.923880
04155	11.981942	10.273469	8.143661	0.171373	0.698117	-0.351079	-0.347375	-0.872215	0.344341	0.937331	-0.312314	0.154500	-0.027215	0.376431	0.926045
04156	13.950659	-5.981325	-8.626390	-3.471563	0.755334	0.377543	-0.343752	-0.876178	0.337856	0.939056	-0.321802	0.120898	0.002794	0.358824	0.933401
04157	15.981276	-3.249637	-1.573804	-1.942646	-0.211783	0.413846	-0.339883	-0.876737	0.340311	0.940214	-0.325161	0.101326	0.021820	0.354404	0.934838
04158	12.781443	-3.033460	-1.060032	-2.581204	-0.464233	-0.106098	-0.340729	-0.874740	0.344576	0.938951	-0.335206	0.077514	0.047699	0.349952	0.935553
04159	7.536960	-3.088144	4.407032	-2.761227	-0.740224	-0.935291	-0.349068	-0.868918	0.350904	0.933997	-0.353034	0.054919	0.076161	0.346914	0.934800
04160	2.783091	-5.966794	3.458375	-1.839644	-1.126349	-1.624502	-0.363214	-0.859080	0.360636	0.926608	-0.373505	0.043495	0.097333	0.349966	0.931692
04161	5.535676	-10.608300	24.236301	-0.241346	-1.092019	-2.089224	-0.381420	-0.847189	0.369849	0.918570	-0.392228	0.048857	0.103674	0.358367	0.927806
04162	7.594961	-9.599308	29.301483	-1.853365	0.179889	-1.146970	-0.392129	-0.843222	0.367712	0.912051	-0.408506	0.035844	0.119989	0.349428	0.929249
04163	-7.588680	-25.167825	-1.629928	-3.631051	0.164450	0.725111	-0.385759	-0.846752	0.366335	0.909912	-0.414800	-0.000617	0.152478	0.333095	0.930483
04164	3.603876	-10.536506	1.450400	3.534907	-1.157117	-0.515286	-0.388859	-0.840627	0.377008	0.912807	-0.406967	0.034074	0.124786	0.357385	0.925583
04165	11.059413	18.669015	21.692613	4.616710	-1.346602	-0.547611	-0.392422	-0.833414	0.389136	0.915577	-0.394367	0.078693	0.087879	0.387165	0.917813
04166	3.424547	4.433935	9.100378	-3.011777	0.484078	-0.049210	-0.393368	-0.835039	0.384670	0.912342	-0.406222	0.051148	0.113551	0.371070	0.921636
04167	4.008987	-4.187874	5.352390	-0.290757	-0.314924	-0.022575	-0.393213	-0.833765	0.387582	0.911910	-0.407512	0.048523	0.117488	0.372520	0.920557
04168	4.268678	2.458926	11.541787	1.079472	-0.469372	-0.004288	-0.392728	-0.831966	0.391914	0.913109	-0.403507	0.058430	0.109528	0.380808	0.918144
04169	4.755473	1.685925	9.165250	-0.325378	-0.169494	0.022148	-0.392338	-0.831399	0.393505	0.912828	-0.404580	0.055322	0.113210	0.380908	0.917656
04170	4.487835	1.061312	9.215359	0.008764	-0.190502	0.056565	-0.391614	-0.830888	0.395303	0.913050	-0.404102	0.055146	0.113922	0.382527	0.916894
04171	3.340510	0.479087	9.248720	-0.217091	-0.164964	0.068741	-0.390798	-0.830522	0.396875	0.913062	-0.404381	0.052850	0.116596	0.383025	0.916350
04172	3.589346	-0.278824	9.447767	-0.117118	-0.269831	0.057780	-0.389961	-0.829707	0.399396	0.913140	-0.404377	0.051514	0.118765	0.384793	0.915330
04173	4.125145	-0.438950	9.474840	-0.071645	-0.321317	0.025298	-0.389346	-0.828557	0.402371	0.913147	-0.404463	0.050723	0.120717	0.387172	0.914071
04174	4.224093	-0.123390	9.580152	-0.037106	-0.343840	0.014901	-0.388800	-0.827269	0.405537	0.913150	-0.404509	0.050291	0.122439	0.389870	0.912694
04175	4.438348	-0.167157	9.554885	-0.037124	-0.345299	-0.002860	-0.388401	-0.825895	0.408708	0.913087	-0.404697	0.049930	0.124166	0.392579	0.911298
04176	4.553109	0.149015	9.474903	0.030488	-0.338588	-0.013682	-0.388112	-0.824492	0.411803	0.913062	-0.404715	0.050231	0.125248	0.395497	0.909887
04177	4.816852	0.812657	9.547727	0.082740	-0.316369	-0.023425	-0.387928	-0.823130	0.414691	0.913069	-0.404598	0.051045	0.125766	0.398443	0.908530
04178	5.493649	1.276706	9.551439	0.098492	-0.236622	-0.020583	-0.387826	-0.822088	0.416847	0.913103	-0.404400	0.051993	0.125830	0.400789	0.907488
04179	4.792523	1.469045	9.419051	0.022561	-0.113649	-0.006544	-0.387742	-0.821594	0.417898	0.913100	-0.404381	0.052191	0.126111	0.401819	0.906994
04180	4.418834	1.251121	9.330916	-0.003072	-0.083512	0.012216	-0.387534	-0.821294	0.418680	0.913134	-0.404319	0.052080	0.126508	0.402494	0.906639
04181	4.359634	1.132767	9.258879	-0.026844	-0.071040	0.028103	-0.387188	-0.821110	0.419362	0.913202	-0.404216	0.051685	0.127074	0.402974	0.906347
04182	4.484584	0.741601	9.350835	-0.049868	-0.050528	0.031964	-0.386839	-0.821022	0.419855	0.913252	-0.404181	0.051066	0.127771	0.403188	0.906153
04183	4.374888	0.448856	9.320993	-0.034979	-0.055346	0.030043	-0.386496	-0.820908	0.420395	0.913317	-0.404096	0.050590	0.128350	0.403506	0.905930
04184	4.403967	0.522272	9.321157	-0.025016	-0.054035	0.021367	-0.386239	-0.820762	0.420914	0.913357	-0.404048	0.050241	0.128833	0.403850	0.905708
04185	4.399664	0.468225	9.300491	-0.031756	-0.049981	0.018985	-0.386002	-0.820625	0.421399	0.913382	-0.404040	0.049840	0.129362	0.404137	0.905505
04186	3.626058	0.570153	8.916029	-0.043672	-0.053054	0.018556	-0.385772	-0.820472	0.421907	0.913388	-0.404091	0.049334	0.130012	0.404397	0.905296
04187	2.947415	0.705599	9.037062	-0.043419	-0.206583	0.030830	-0.385222	-0.819747	0.423815	0.913443	-0.404034	0.048777	0.131251	0.405921	0.904434
04188	4.719830	0.072635	9.274131	-0.068606	-0.275334	0.027281	-0.384617	-0.818723	0.426336	0.913447	-0.404116	0.048009	0.132983	0.407900	0.903290
04189	4.722312	0.441722	9.347180	-0.017231	-0.249751	0.021563	-0.384088	-0.817777	0.428623	0.913500	-0.404030	0.047728	0.134146	0.409879	0.902222
04190	5.094815	0.415165	9.353104	-0.004672	-0.194382	0.007875	-0.383762	-0.816997	0.430399	0.913513	-0.404012	0.047620	0.134981	0.411450	0.901382
04191	4.407179	0.604450	9.285894	0.003387	-0.160293	-0.000130	-0.383548	-0.816323	0.431866	0.913510	-0.404019	0.047618	0.135611	0.412778	0.900680
04192	4.402913	0.626924	9.260719	0.003689	-0.172531	-0.003589	-0.383354	-0.815581	0.433436	0.913491	-0.404060	0.047635	0.136284	0.414201	0.899924
04193	4.580184	0.706973	9.307079	0.006917	-0.180074	0.002620	-0.383085	-0.814832	0.435080	0.913504	-0.404030	0.047652	0.136957	0.415702	0.899130
04194	5.328772	0.308648	9.329908	-0.004101	-0.116750	-0.011536	-0.383038	-0.814286	0.436143	0.913444	-0.404168	0.047634	0.137487	0.416637	0.898616
04195	4.810055	0.589731	9.353413	0.031835	-0.098979	-0.020025	-0.383086	-0.813779	0.437045	0.913403	-0.404219	0.047974	0.137621	0.417577	0.898159
04196	4.738841	0.558803	9.259343	0.029669	-0.062592	-0.022262	-0.383211	-0.813414	0.437615	0.913349	-0.404303	0.048307	0.137636	0.418207	0.897864
04197	4.568082	0.588613	9.215236	0.054880	-0.059522	-0.019601	-0.383309	-0.813073	0.438163	0.913342	-0.404253	0.048852	0.137409	0.418918	0.897567
04198	4.470756	0.579515	9.208240	0.040464	-0.055181	-0.020042	-0.383424	-0.812747	0.438667	0.913310	-0.404273	0.049271	0.137296	0.419531	0.897298
04199	4.319220	0.718451	9.178065	0.048706	-0.073584	-0.007965	-0.383397	-0.812392	0.439347	0.913339	-0.404154	0.049710	0.137179	0.420331	0.896941
04200	4.589994	0.701510	9.189716	0.022183	-0.075305	-0.003131	-0.383330	-0.812049	0.440039	0.913347	-0.404113	0.049892	0.137311	0.421033	0.896592
04201	4.494086	0.697286	9.159331	0.016808	-0.075118	0.001350	-0.383217	-0.811725	0.440736	0.913368	-0.404053	0.050004	0.137491	0.421716	0.896243
04202	4.696738	0.659667	9.191156	0.004887	-0.069494	0.007504	-0.383060	-0.811448	0.441381	0.913393	-0.403998	0.049983	0.137759	0.422301	0.895927
04203	4.526761	0.667297	9.193793	-0.003929	-0.055295	0.013011	-0.382867	-0.811253	0.441906	0.913430	-0.403930	0.049857	0.138052	0.422739	0.895675
04204	4.640767	0.508193	9.210126	-0.018077	-0.059166	0.014831	-0.382658	-0.811049	0.442461	0.913452	-0.403913	0.049598	0.138489	0.423146	0.895415
04205	4.654374	0.582195	9.157178	-0.004879	-0.047942	0.009337	-0.382508	-0.810871	0.442918	0.913473	-0.403880	0.049481	0.138763	0.423521	0.895196
04206	4.585965	0.480094	9.145536	-0.020196	-0.046584	0.008337	-0.382375	-0.810693	0.443358	0.913466	-0.403925	0.049232	0.139172	0.423817	0.894992
04207	4.498264	0.621126	9.222801	-0.004868	-0.056697	0.002833	-0.382272	-0.810451	0.443890	0.913463	-0.403944	0.049143	0.139479	0.424263	0.894733
04208	4.587123	0.524871	9.210048	-0.016743	-0.060628	0.007287	-0.382128	-0.810209	0.444454	0.913457	-0.403983	0.048929	0.139909	0.424687	0.894464
04209	4.597551	0.500115	9.172399	-0.003477	-0.068536	-0.001676	-0.382050	-0.809897	0.445089	0.913438	-0.404033	0.048873	0.140249	0.425233	0.894152
04210	4.696296	0.577907	9.196399	-0.016145	-0.062087	-0.006432	-0.382029	-0.809593	0.445660	0.913380	-0.404181	0.048726	0.140679	0.425671	0.893875
04211	4.666140	0.597098	9.123874	-0.015952	-0.055156	-0.006393	-0.382012	-0.809319	0.446173	0.913325	-0.404323	0.048580	0.141081	0.426059	0.893627
04212	4.579644	0.606099	9.205351	-0.033291	-0.052424	-0.006055	-0.382001	-0.809057	0.446656	0.913245	-0.404541	0.048278	0.141631	0.426349	0.893402
04213	4.643326	0.447707	9.144761	-0.035949	-0.061500	-0.007931	-0.381988	-0.808749	0.447225	0.913155	-0.404780	0.047960	0.142240	0.426706	0.893135
04214	4.720999	0.555329	9.128504	0.002340	-0.055760	-0.001418	-0.381929	-0.808491	0.447741	0.913143	-0.404809	0.047956	0.142477	0.427167	0.892877
04215	4.702277	0.593936	9.165957	0.023030	-0.057344	-0.004992	-0.381895	-0.808212	0.448273	0.913149	-0.404773	0.048152	0.142532	0.427729	0.892599
04216	4.668065	0.623397	9.174201	0.023724	-0.047751	0.002937	-0.381808	-0.808006	0.448719	0.913183	-0.404675	0.048319	0.142543	0.428212	0.892366
04217	4.666770	0.550887	9.118912	0.017662	-0.043617	0.006891	-0.381686	-0.807833	0.449135	0.913227	-0.404565	0.048413	0.142595	0.428641	0.892151
04218	4.646984	0.589698	9.156969	0.021484	-0.043760	0.005930	-0.381577	-0.807655	0.449547	0.913270	-0.404453	0.048547	0.142611	0.429082	0.891937
04219	4.674560	0.553323	9.114773	0.007305	-0.038049	0.009547	-0.381438	-0.807517	0.449914	0.913308	-0.404366	0.048537	0.142735	0.429424	0.891752
04220	4.624315	0.570594	9.094325	0.004696	-0.047964	0.012432	-0.381263	-0.807347	0.450366	0.913352	-0.404273	0.048492	0.142921	0.429831	0.891526
04221	4.658425	0.598346	9.127929	-0.007940	-0.042328	0.012483	-0.381091	-0.807201	0.450772	0.913380	-0.404229	0.048333	0.143201	0.430145	0.891330
04222	4.598325	0.563570	9.089392	-0.011958	-0.044368	0.014247	-0.380905	-0.807054	0.451193	0.913407	-0.404193	0.048131	0.143525	0.430456	0.891128
04223	4.553974	0.661345	9.098865	-0.015396	-0.058158	0.021255	-0.380630	-0.806875	0.451744	0.913457	-0.404110	0.047866	0.143933	0.430868	0.890862
04224	4.556034	0.558838	9.111806	-0.031022	-0.071579	0.024939	-0.380307	-0.806654	0.452412	0.913497	-0.404070	0.047445	0.144534	0.431321	0.890546
04225	4.720554	0.543641	9.152162	-0.025300	-0.080939	0.027314	-0.379943	-0.806400	0.453169	0.913556	-0.403982	0.047065	0.145119	0.431877	0.890181
04226	4.751963	0.494742	9.131201	-0.018646	-0.073814	0.021759	-0.379645	-0.806155	0.453854	0.913601	-0.403914	0.046769	0.145615	0.432397	0.889848
04227	4.699659	0.542253	9.121559	-0.003660	-0.070894	0.014838	-0.379408	-0.805894	0.454515	0.913643	-0.403833	0.046637	0.145964	0.432959	0.889517
04228	4.781197	0.493158	9.176652	-0.009063	-0.069864	0.014609	-0.379181	-0.805636	0.455161	0.913675	-0.403782	0.046459	0.146357	0.433486	0.889196
04229	4.711905	0.426471	9.072938	0.025123	-0.069300	0.012359	-0.378969	-0.805371	0.455806	0.913750	-0.403596	0.046594	0.146436	0.434151	0.888859
04230	4.763617	0.599529	9.130175	0.064948	-0.077151	0.023656	-0.378648	-0.805117	0.456521	0.913924	-0.403151	0.047032	0.146180	0.435035	0.888468
04231	4.754528	0.602128	9.074085	0.049564	-0.074959	0.017999	-0.378377	-0.804849	0.457219	0.914056	-0.402813	0.047359	0.146057	0.435843	0.888092
04232	4.810068	0.628180	9.077368	0.039768	-0.066718	0.028578	-0.378026	-0.804659	0.457843	0.914212	-0.402437	0.047550	0.145992	0.436541	0.887761
04233	4.776966	0.657209	9.085435	0.027810	-0.055386	0.031003	-0.377664	-0.804527	0.458373	0.914361	-0.402090	0.047623	0.145993	0.437104	0.887483
04234	4.776486	0.698208	9.071761	0.022523	-0.046401	0.042058	-0.377220	-0.804479	0.458823	0.914542	-0.401680	0.047599	0.146007	0.437568	0.887252
04235	4.714001	0.670971	9.114155	0.002215	-0.044308	0.054428	-0.376660	-0.804489	0.459265	0.914742	-0.401256	0.047338	0.146200	0.437939	0.887037
04236	4.714528	0.569458	9.127811	0.007728	-0.051060	0.058464	-0.376059	-0.804486	0.459763	0.914963	-0.400780	0.047107	0.146367	0.438381	0.886791
04237	4.757804	0.671128	9.110086	0.007391	-0.046648	0.066580	-0.375385	-0.804533	0.460231	0.915215	-0.400236	0.046835	0.146521	0.438791	0.886563
04238	4.709167	0.676829	9.112853	-0.008170	-0.051302	0.076822	-0.374614	-0.804601	0.460740	0.915480	-0.399681	0.046378	0.146834	0.439172	0.886323
04239	4.646605	0.531578	9.113228	-0.010185	-0.063466	0.086643	-0.373731	-0.804653	0.461366	0.915781	-0.399053	0.045857	0.147210	0.439648	0.886024
04240	4.557559	0.588251	9.161258	0.014487	-0.076674	0.089604	-0.372805	-0.804659	0.462104	0.916126	-0.398295	0.045540	0.147409	0.440323	0.885656
04241	4.428249	0.828154	9.353495	0.033729	-0.125558	0.107572	-0.371638	-0.804518	0.463287	0.916567	-0.397306	0.045310	0.147614	0.441473	0.885049
04242	4.717203	0.609176	9.128633	0.014809	-0.158644	0.122047	-0.370292	-0.804287	0.464764	0.917031	-0.396286	0.044844	0.148112	0.442809	0.884298
04243	4.652661	0.685412	9.281321	0.083201	-0.193879	0.143385	-0.368694	-0.803979	0.466565	0.917675	-0.394789	0.044881	0.148111	0.444702	0.883348
04244	4.396657	0.401616	9.334545	0.024030	-0.253306	0.131826	-0.367116	-0.803355	0.468878	0.918185	-0.393650	0.044446	0.148868	0.446834	0.882144
04245	4.607528	0.466912	9.259708	0.110930	-0.321443	0.134566	-0.365405	-0.802427	0.471794	0.918834	-0.392097	0.044760	0.149073	0.449856	0.880572
04246	4.551449	0.354365	9.230046	0.128577	-0.390672	0.120069	-0.363726	-0.801118	0.475302	0.919453	-0.390582	0.045292	0.149360	0.453492	0.878656
04247	4.425327	0.588660	9.350054	0.205583	-0.477888	0.113085	-0.361977	-0.799365	0.479570	0.920161	-0.388765	0.046525	0.149250	0.458123	0.876269
04248	4.283282	0.776713	9.499837	0.259221	-0.608965	0.136219	-0.359823	-0.797071	0.484979	0.921029	-0.386511	0.048106	0.149106	0.463989	0.873202
04249	4.325747	0.711701	9.491092	0.300825	-0.769580	0.168278	-0.357129	-0.794105	0.491788	0.922072	-0.383792	0.049875	0.149139	0.471276	0.869285
04250	4.242309	0.558408	9.634096	0.340845	-0.941439	0.187470	-0.354002	-0.790329	0.500063	0.923237	-0.380714	0.051870	0.149387	0.480038	0.864434
04251	3.999640	0.519994	9.927342	0.382308	-1.173789	0.188070	-0.350513	-0.785328	0.510294	0.924462	-0.377404	0.054183	0.150035	0.490740	0.858291
04252	3.816464	1.007015	10.159155	0.415443	-1.499767	0.214824	-0.346272	-0.778660	0.523243	0.925826	-0.373688	0.056594	0.151462	0.504029	0.850302
04253	3.854315	1.271000	10.285718	0.414588	-1.861496	0.269260	-0.340940	-0.770113	0.539153	0.927375	-0.369509	0.058639	0.154063	0.519989	0.840164
04254	3.846813	1.737897	10.580498	0.418966	-2.273075	0.349927	-0.334153	-0.759347	0.558331	0.929200	-0.364645	0.060185	0.157892	0.538912	0.827432
04255	4.057717	1.925672	10.565032	0.289007	-2.734291	0.440153	-0.325662	-0.745892	0.581025	0.931107	-0.359775	0.060019	0.164270	0.560542	0.811670
04256	4.779945	1.349652	10.880279	-0.004186	-3.189426	0.547756	-0.315160	-0.729581	0.606948	0.932844	-0.355790	0.056706	0.174574	0.584059	0.792716
04257	5.412499	0.564865	10.563463	-0.204859	-3.643151	0.632689	-0.302661	-0.710058	0.635778	0.934415	-0.352494	0.051150	0.187788	0.609562	0.770175
04258	5.785485	0.675873	10.918709	-0.139127	-4.037666	0.703376	-0.288236	-0.687331	0.666705	0.936212	-0.348480	0.045492	0.201065	0.637290	0.743932
04259	7.351060	2.548301	12.767559	-0.002376	-4.343416	0.822372	-0.271536	-0.661835	0.698744	0.938496	-0.342984	0.039838	0.213292	0.666586	0.714262
04260	8.369385	2.905239	13.166912	-0.546225	-4.406297	1.021312	-0.252180	-0.635340	0.729896	0.939948	-0.340109	0.028704	0.230007	0.693303	0.682955
04261	9.945983	1.355931	12.097812	-0.574150	-4.316095	1.087412	-0.231691	-0.608539	0.758947	0.941198	-0.337441	0.016762	0.245899	0.718202	0.650937
04262	9.889450	1.693382	11.695916	-0.335550	-3.994446	1.082961	-0.211430	-0.583007	0.784474	0.942739	-0.333473	0.006254	0.257955	0.740877	0.620130
04263	9.283567	0.908610	10.541129	-0.275047	-3.775504	1.093735	-0.191190	-0.558248	0.807345	0.944201	-0.329344	-0.004129	0.268199	0.761507	0.590065
04264	8.126029	1.127840	10.397112	-0.020360	-3.630072	1.111560	-0.170827	-0.533851	0.828143	0.946145	-0.323468	-0.013351	0.275006	0.781263	0.560357
04265	7.611275	1.188572	10.274040	0.028155	-3.500242	1.167283	-0.150064	-0.509901	0.847043	0.948079	-0.317202	-0.022985	0.280404	0.799615	0.531027
04266	6.761312	1.364316	9.410644	0.133927	-3.384601	1.233684	-0.128808	-0.486390	0.864195	0.950164	-0.310013	-0.032861	0.283894	0.816895	0.502083
04267	5.286546	1.908897	8.777286	0.112723	-3.375732	1.346587	-0.106383	-0.462643	0.880139	0.952053	-0.302744	-0.044062	0.286842	0.833251	0.472667
04268	3.406782	2.828871	9.071572	0.016950	-3.586534	1.497871	-0.081767	-0.436927	0.895773	0.953498	-0.295904	-0.057295	0.290096	0.849433	0.440804
04269	1.766474	4.109950	8.720297	-0.409135	-3.904482	1.538795	-0.055657	-0.407973	0.911296	0.953337	-0.292966	-0.072932	0.296733	0.864713	0.405242
04270	13.018414	3.973847	14.520546	-0.227227	-3.408016	0.792961	-0.037924	-0.380580	0.923970	0.953017	-0.291859	-0.081099	0.300534	0.877483	0.373768
04271	10.029656	6.676942	15.574744	-0.538787	-0.888280	0.093970	-0.034362	-0.373041	0.927178	0.951397	-0.296303	-0.083955	0.306044	0.879230	0.365091
04272	1.476227	3.615526	11.589084	-1.019676	0.568610	-0.389242	-0.039831	-0.376830	0.925426	0.948070	-0.306741	-0.084099	0.315557	0.874019	0.369479
04273	-2.604231	2.824713	9.230285	-0.819223	0.905710	-0.671189	-0.049110	-0.382617	0.922601	0.945133	-0.316499	-0.080947	0.322974	0.868005	0.377167
04274	-2.417088	2.146529	8.133325	-0.630058	0.949992	-0.801108	-0.059770	-0.388244	0.919616	0.942631	-0.325078	-0.075975	0.328444	0.862317	0.385401
04275	-1.153166	1.835505	9.209096	-0.419236	1.234869	-0.875645	-0.072131	-0.395968	0.915427	0.940643	-0.332190	-0.069572	0.331644	0.856072	0.396426
04276	-0.053282	1.247687	10.018818	-0.346319	1.681091	-0.887440	-0.086066	-0.407294	0.909233	0.938775	-0.338745	-0.062880	0.333609	0.848153	0.411512
04277	0.626657	0.795191	10.123703	-0.275785	2.179743	-0.829631	-0.101170	-0.422833	0.900542	0.937048	-0.344595	-0.056527	0.334223	0.838133	0.431078
04278	0.849794	0.231036	9.699284	-0.218467	2.674146	-0.700003	-0.116656	-0.442631	0.889083	0.935541	-0.349481	-0.051238	0.333397	0.825797	0.454869
04279	1.006039	-0.300793	9.276526	-0.090239	3.073952	-0.540188	-0.131959	-0.465897	0.874944	0.934540	-0.352755	-0.046891	0.330487	0.811482	0.481949
04280	1.626773	-0.444490	9.335874	0.079806	3.370914	-0.396992	-0.146723	-0.491562	0.858393	0.934233	-0.354053	-0.043064	0.325085	0.795621	0.511182
04281	2.668541	-0.768814	9.392158	0.308263	3.685523	-0.288594	-0.161297	-0.519541	0.839083	0.934747	-0.353169	-0.038987	0.316593	0.778042	0.542605
04282	3.591315	-0.405059	9.521473	0.535060	3.977326	-0.202010	-0.175553	-0.549374	0.816927	0.936055	-0.350175	-0.034335	0.304930	0.758661	0.575719
04283	3.984890	-0.165952	9.241445	0.710924	4.223556	-0.129282	-0.189398	-0.580517	0.791915	0.937906	-0.345669	-0.029081	0.290622	0.737234	0.609939
04284	4.183676	-0.057168	8.957165	0.854130	4.355561	-0.091509	-0.202563	-0.611797	0.764639	0.940125	-0.340052	-0.023029	0.274106	0.714191	0.644048
04285	4.541080	-0.122931	8.806888	0.979197	4.384015	-0.091212	-0.215096	-0.642272	0.735677	0.942500	-0.333830	-0.015878	0.255789	0.689960	0.677146
04286	5.019853	-0.249134	8.727619	1.157810	4.321028	-0.123126	-0.226878	-0.671134	0.705766	0.945058	-0.326827	-0.006988	0.235353	0.665404	0.708411
04287	5.481354	0.132053	8.825635	1.303773	4.192126	-0.183295	-0.238079	-0.697923	0.675442	0.947530	-0.319647	0.003698	0.213322	0.640882	0.737404
04288	6.425839	0.633019	9.951394	1.348509	3.990914	-0.247124	-0.248497	-0.722224	0.645478	0.949643	-0.312955	0.015430	0.190861	0.616807	0.763623
04289	9.582228	0.619369	12.441823	1.362810	3.908412	-0.381447	-0.259200	-0.744668	0.615049	0.951094	-0.307595	0.028400	0.168037	0.592331	0.787977
04290	11.634801	0.574478	13.926908	1.324118	4.163246	-0.592347	-0.271350	-0.766932	0.581536	0.951582	-0.304442	0.042516	0.144437	0.564916	0.812409
04291	11.907436	0.303581	14.423395	1.276652	4.529735	-0.834382	-0.285336	-0.789268	0.543727	0.950920	-0.304004	0.057733	0.119728	0.533514	0.837274
04292	11.183452	0.224333	14.010005	1.196300	4.804803	-1.034248	-0.300317	-0.810901	0.502244	0.949163	-0.306136	0.073279	0.094333	0.498718	0.861616
04293	10.327486	0.167284	13.272008	1.054258	4.854685	-1.186355	-0.315602	-0.830556	0.458880	0.946348	-0.310888	0.088171	0.069429	0.462088	0.884112
04294	10.131007	0.541502	12.979018	0.890516	4.715614	-1.277679	-0.330401	-0.847455	0.415519	0.942727	-0.317686	0.101690	0.045827	0.425319	0.903882
04295	10.490796	0.920644	12.841130	0.651940	4.472787	-1.318674	-0.344444	-0.861412	0.373267	0.938483	-0.326374	0.112822	0.024638	0.389166	0.920838
04296	10.279200	0.972784	13.145638	0.402265	4.140923	-1.338896	-0.357633	-0.872363	0.333288	0.933840	-0.336512	0.121252	0.006379	0.354601	0.934996
04297	9.008498	5.169508	14.621964	-1.441286	1.216450	-0.629432	-0.363695	-0.874414	0.321132	0.931390	-0.347078	0.109773	0.015470	0.339023	0.940651
04298	21.405691	-13.919239	-0.467586	-3.839961	2.361642	-0.296489	-0.367150	-0.880954	0.298531	0.929185	-0.362065	0.074322	0.042614	0.304678	0.951502
04299	25.213228	-12.648382	7.014939	0.781129	1.569636	0.012306	-0.367649	-0.885680	0.283560	0.929493	-0.359676	0.081707	0.029623	0.293606	0.955467
04300	25.519984	-6.385176	4.724732	0.172595	2.227839	0.249168	-0.365894	-0.892890	0.262431	0.930444	-0.356992	0.082645	0.019893	0.274416	0.961405
04301	21.189628	-1.439894	-4.912973	0.104501	2.019935	0.852147	-0.358296	-0.901252	0.243656	0.933536	-0.349106	0.081463	0.011644	0.256650	0.966434
04302	16.901149	1.092767	-11.485733	-0.462188	1.150944	1.381581	-0.345511	-0.908873	0.233606	0.938338	-0.337781	0.073655	0.011965	0.244650	0.969538
04303	14.094905	-0.595524	-14.156881	-0.517822	-0.195188	1.089314	-0.335263	-0.912018	0.236268	0.941961	-0.329162	0.066041	0.017540	0.244697	0.969441
04304	15.454356	0.619367	-11.456356	0.076544	-1.614538	-0.007183	-0.335020	-0.907913	0.251903	0.941948	-0.329055	0.066762	0.022275	0.259646	0.965447
04305	14.908373	0.271112	-3.731039	-0.322736	-2.227704	-0.651823	-0.340557	-0.899737	0.272936	0.939649	-0.335845	0.065333	0.032882	0.278713	0.959811
04306	4.097223	-2.513452	12.713448	0.485269	-1.990814	-1.102758	-0.350232	-0.890234	0.291242	0.935999	-0.344338	0.073052	0.035253	0.298187	0.953856
04307	3.577775	7.337895	18.431192	0.885646	-2.128273	-0.918412	-0.358087	-0.880453	0.310767	0.933048	-0.349759	0.084200	0.034559	0.320111	0.946749
04308	1.504009	2.189711	11.120870	-1.937500	-2.128597	0.098723	-0.356167	-0.873849	0.330957	0.932476	-0.355234	0.065556	0.060281	0.331958	0.941366
04309	4.779202	-7.664571	7.870369	-1.982397	-2.144240	0.557876	-0.349411	-0.868577	0.351405	0.932979	-0.357104	0.045021	0.086384	0.343584	0.935140
04310	12.502860	-10.534908	14.662147	0.573414	-2.077948	0.145061	-0.346251	-0.861734	0.370845	0.933977	-0.353846	0.049804	0.088304	0.363605	0.927359
04311	21.033330	1.790552	20.790067	2.036197	-1.234537	-0.016276	-0.345408	-0.857067	0.382270	0.935563	-0.346422	0.068654	0.073586	0.381351	0.921497
04312	1.204935	5.339037	8.566631	-1.194922	-0.143840	0.016687	-0.345147	-0.856566	0.383625	0.934664	-0.350844	0.057544	0.085302	0.378422	0.921694
04313	6.453762	0.400922	10.693501	0.252481	-0.834259	0.027517	-0.344183	-0.853458	0.391340	0.934968	-0.349667	0.059728	0.085864	0.386448	0.918306
04314	6.969710	-1.316900	12.113480	-0.543588	-0.269262	-0.011355	-0.344059	-0.852365	0.393824	0.934438	-0.351892	0.054749	0.091917	0.386842	0.917554
04315	3.400723	-2.102500	7.820053	0.052253	-0.395863	-0.072929	-0.344379	-0.850556	0.397438	0.934229	-0.352332	0.055483	0.092838	0.390406	0.915950
04316	5.340545	2.102024	10.997760	0.319899	-0.437908	-0.091945	-0.344844	-0.848500	0.401411	0.934199	-0.351882	0.058745	0.091404	0.395256	0.914012
04317	4.991122	0.978197	9.095755	-0.047293	-0.279367	-0.071003	-0.345253	-0.847129	0.403947	0.933905	-0.352693	0.058565	0.092857	0.397468	0.912906
04318	4.606854	1.519755	9.648735	0.066162	-0.235702	-0.058389	-0.345589	-0.845971	0.406082	0.933756	-0.352950	0.059373	0.093099	0.399700	0.911906
04319	4.381270	1.097188	9.283626	-0.030579	-0.208881	-0.042224	-0.345792	-0.844971	0.407986	0.933576	-0.353452	0.059233	0.094154	0.401368	0.911065
04320	4.690955	0.764035	9.513698	0.000314	-0.177019	-0.030996	-0.345923	-0.844137	0.409598	0.933461	-0.353739	0.059330	0.094808	0.402867	0.910335
04321	4.334077	0.618723	9.314791	-0.002359	-0.152200	-0.038539	-0.346143	-0.843372	0.410986	0.933318	-0.354097	0.059434	0.095404	0.404153	0.909702
04322	4.150535	0.472717	9.355147	0.002687	-0.160355	-0.038123	-0.346354	-0.842575	0.412440	0.933181	-0.354434	0.059583	0.095980	0.405518	0.909034
04323	4.162392	0.643007	9.170366	0.059449	-0.176515	-0.044953	-0.346609	-0.841684	0.414043	0.933076	-0.354593	0.060276	0.096084	0.407225	0.908260
04324	4.212818	1.100094	9.308732	0.066033	-0.186515	-0.038660	-0.346799	-0.840772	0.415731	0.932997	-0.354676	0.061003	0.096160	0.409032	0.907440
04325	4.091567	0.779351	9.241921	0.008557	-0.196286	-0.034598	-0.346938	-0.839830	0.417516	0.932879	-0.354955	0.061192	0.096808	0.410721	0.906607
04326	4.219800	0.782306	9.159361	0.036865	-0.227547	-0.022289	-0.346934	-0.838801	0.419582	0.932829	-0.355017	0.061588	0.097299	0.412765	0.905626
04327	4.305937	0.753038	9.269853	-0.018422	-0.231039	-0.008526	-0.346793	-0.837800	0.421694	0.932774	-0.355188	0.061424	0.098319	0.414647	0.904655
04328	4.397114	0.545346	9.298554	-0.048508	-0.232940	-0.000711	-0.346578	-0.836817	0.423818	0.932716	-0.355423	0.060957	0.099625	0.416428	0.903694
04329	5.222034	0.402579	9.442856	-0.018876	-0.217161	0.002933	-0.346338	-0.835906	0.425806	0.932700	-0.355501	0.060742	0.100600	0.418187	0.902773
04330	4.570540	0.913156	9.302358	-0.031215	-0.128191	0.004422	-0.346176	-0.835372	0.426984	0.932676	-0.355622	0.060409	0.101381	0.419150	0.902239
04331	4.156572	0.716154	9.174343	-0.075603	-0.142247	0.021412	-0.345837	-0.834836	0.428306	0.932666	-0.355784	0.059603	0.102625	0.420079	0.901666
04332	4.320944	0.787658	9.145541	-0.062987	-0.170342	0.030214	-0.345388	-0.834214	0.429877	0.932697	-0.355824	0.058874	0.103847	0.421280	0.900966
04333	4.324528	0.853973	9.240152	-0.100898	-0.169047	0.041638	-0.344828	-0.833634	0.431450	0.932728	-0.355927	0.057754	0.105419	0.422340	0.900286
04334	4.308058	0.493750	9.170515	-0.117021	-0.186635	0.044714	-0.344221	-0.832990	0.433173	0.932749	-0.356076	0.056476	0.107199	0.423482	0.899540
04335	4.445534	0.658208	9.222145	-0.097784	-0.202002	0.046221	-0.343577	-0.832282	0.435041	0.932795	-0.356131	0.055365	0.108852	0.424826	0.898707
04336	4.558501	0.550458	9.260328	-0.105049	-0.206910	0.044724	-0.342942	-0.831548	0.436942	0.932824	-0.356233	0.054194	0.110588	0.426176	0.897855
04337	4.521402	0.591208	9.242129	-0.091912	-0.208076	0.038229	-0.342359	-0.830780	0.438856	0.932845	-0.356332	0.053170	0.112205	0.427588	0.896983
04338	4.633580	0.689080	9.269523	-0.081752	-0.210752	0.032457	-0.341827	-0.829980	0.440781	0.932855	-0.356440	0.052263	0.113734	0.429049	0.896092
04339	4.815683	0.612749	9.239600	-0.084263	-0.192585	0.031409	-0.341319	-0.829249	0.442547	0.932858	-0.356566	0.051338	0.115225	0.430357	0.895274
04340	5.685367	0.256703	9.557781	-0.067695	-0.160976	0.014728	-0.341003	-0.828594	0.444014	0.932821	-0.356764	0.050636	0.116451	0.431453	0.894588
04341	4.429421	0.763899	9.202627	-0.066300	-0.072232	0.001269	-0.340912	-0.828271	0.444686	0.932740	-0.357064	0.050006	0.117363	0.431824	0.894289
04342	4.855364	0.723509	9.215338	-0.054156	-0.077879	0.003708	-0.340794	-0.827935	0.445403	0.932680	-0.357295	0.049474	0.118179	0.432279	0.893962
04343	4.754687	0.411903	9.109784	-0.063266	-0.058617	0.003676	-0.340696	-0.827678	0.445954	0.932610	-0.357563	0.048860	0.119016	0.432548	0.893721
04344	4.746468	0.530470	9.173958	-0.025149	-0.058656	-0.004244	-0.340674	-0.827396	0.446495	0.932557	-0.357734	0.048623	0.119496	0.432946	0.893464
04345	4.645026	0.566974	9.132776	-0.024528	-0.049592	-0.005148	-0.340668	-0.827146	0.446961	0.932502	-0.357908	0.048396	0.119940	0.433279	0.893243
04346	4.658432	0.656108	9.135251	-0.015249	-0.051972	-0.001193	-0.340625	-0.826903	0.447443	0.932470	-0.358012	0.048234	0.120305	0.433657	0.893011
04347	4.672830	0.533432	9.169780	-0.020704	-0.043352	0.000993	-0.340569	-0.826703	0.447857	0.932441	-0.358118	0.048013	0.120693	0.433952	0.892815
04348	4.676997	0.539747	9.144598	-0.011316	-0.047481	-0.001379	-0.340533	-0.826478	0.448298	0.932414	-0.358206	0.047887	0.121006	0.434307	0.892600
04349	4.665460	0.521310	9.136599	-0.001882	-0.039437	-0.000549	-0.340496	-0.826288	0.448676	0.932401	-0.358244	0.047842	0.121204	0.434636	0.892413
04350	4.569683	0.471223	9.143654	-0.001064	-0.046889	0.003127	-0.340418	-0.826082	0.449114	0.932402	-0.358251	0.047787	0.121419	0.435022	0.892196
04351	4.567735	0.544054	9.140029	0.001441	-0.057075	0.001645	-0.340339	-0.825823	0.449650	0.932401	-0.358256	0.047762	0.121647	0.435509	0.891927
04352	4.661052	0.536694	9.134141	0.025313	-0.067850	0.008950	-0.340181	-0.825546	0.450278	0.932453	-0.358100	0.047916	0.121688	0.436163	0.891602
04353	4.679398	0.604590	9.101439	0.029505	-0.067718	0.016532	-0.339950	-0.825293	0.450915	0.932537	-0.357860	0.048073	0.121690	0.436838	0.891271
04354	4.685467	0.605943	9.098226	0.019724	-0.063147	0.021363	-0.339683	-0.825080	0.451507	0.932625	-0.357625	0.048122	0.121766	0.437432	0.890969
04355	4.722318	0.634242	9.130286	0.010349	-0.059036	0.023738	-0.339395	-0.824890	0.452070	0.932710	-0.357409	0.048076	0.121917	0.437967	0.890686
04356	4.752736	0.561040	9.077689	-0.006571	-0.049605	0.028840	-0.339074	-0.824762	0.452544	0.932790	-0.357228	0.047856	0.122192	0.438355	0.890457
04357	4.672746	0.534310	9.067868	-0.019979	-0.041723	0.029123	-0.338757	-0.824667	0.452955	0.932856	-0.357101	0.047515	0.122567	0.438638	0.890266
04358	4.623938	0.518696	9.139589	-0.035831	-0.044126	0.029953	-0.338432	-0.824567	0.453381	0.932905	-0.357039	0.047029	0.123096	0.438877	0.890075
04359	4.693539	0.568344	9.104090	-0.034897	-0.046822	0.034403	-0.338059	-0.824467	0.453840	0.932970	-0.356934	0.046532	0.123627	0.439149	0.889868
04360	4.588729	0.618975	9.121336	-0.042889	-0.053264	0.036359	-0.337662	-0.824349	0.454349	0.933030	-0.356851	0.045954	0.124252	0.439438	0.889638
04361	4.715974	0.606467	9.116576	-0.070384	-0.057936	0.045609	-0.337170	-0.824241	0.454911	0.933088	-0.356810	0.045090	0.125152	0.439675	0.889395
04362	4.524316	0.496890	9.030127	-0.079739	-0.053849	0.047982	-0.336663	-0.824161	0.455429	0.933140	-0.356793	0.044132	0.126122	0.439837	0.889177
04363	4.706427	0.628277	9.150698	-0.058217	-0.089851	0.050819	-0.336081	-0.823930	0.456277	0.933229	-0.356657	0.043352	0.127015	0.440380	0.888781
04364	4.873818	0.387187	9.119257	-0.100481	-0.069544	0.052248	-0.335513	-0.823797	0.456935	0.933267	-0.356697	0.042189	0.128232	0.440598	0.888499
04365	4.780110	0.335782	9.102905	-0.063040	-0.065618	0.043556	-0.335028	-0.823646	0.457563	0.933323	-0.356642	0.041400	0.129087	0.440924	0.888213
04366	4.777355	0.418810	9.156311	-0.043405	-0.070039	0.034577	-0.334623	-0.823447	0.458217	0.933374	-0.356577	0.040825	0.129772	0.441349	0.887902
04367	4.786737	0.397784	9.095644	-0.012715	-0.073940	0.036158	-0.334196	-0.823232	0.458914	0.933469	-0.356361	0.040516	0.130185	0.441923	0.887556
04368	4.853879	0.499880	9.126531	0.021974	-0.087323	0.043670	-0.333682	-0.822988	0.459725	0.933635	-0.355932	0.040480	0.130317	0.442723	0.887138
04369	4.726103	0.479499	9.039456	0.037133	-0.071836	0.050976	-0.333119	-0.822834	0.460409	0.933844	-0.355375	0.040544	0.130257	0.443457	0.886780
04370	4.808678	0.594949	9.099359	0.060843	-0.073539	0.051170	-0.332553	-0.822675	0.461100	0.934084	-0.354712	0.040817	0.129979	0.444281	0.886409
04371	4.756137	0.486606	9.084042	0.065566	-0.074834	0.060918	-0.331893	-0.822541	0.461815	0.934363	-0.353945	0.041087	0.129662	0.445139	0.886024
04372	4.791832	0.567161	9.079474	0.103740	-0.082452	0.065939	-0.331179	-0.822393	0.462591	0.934707	-0.352969	0.041670	0.129011	0.446187	0.885592
04373	4.750263	0.528805	9.138105	0.093304	-0.078738	0.069394	-0.330435	-0.822269	0.463343	0.935048	-0.352008	0.042145	0.128446	0.447174	0.885176
04374	4.646088	0.645919	9.095493	0.087427	-0.099910	0.087103	-0.329501	-0.822114	0.464282	0.935438	-0.350928	0.042484	0.128004	0.448306	0.884668
04375	4.646364	0.763619	9.179944	0.074289	-0.126723	0.108179	-0.328333	-0.821906	0.465475	0.935880	-0.349733	0.042608	0.127772	0.449619	0.884035
04376	4.745341	0.571523	9.005270	0.038221	-0.117231	0.130106	-0.326974	-0.821819	0.466585	0.936346	-0.348520	0.042308	0.127844	0.450719	0.883464
04377	4.641441	0.497010	9.130647	0.060257	-0.154191	0.145841	-0.325418	-0.821613	0.468034	0.936890	-0.347077	0.042129	0.127830	0.452206	0.882706
04378	4.441722	0.602732	9.187119	0.077974	-0.201080	0.167989	-0.323594	-0.821269	0.469897	0.937526	-0.345372	0.041999	0.127797	0.454131	0.881722
04379	4.200956	0.652737	9.350995	0.139838	-0.291710	0.208506	-0.321274	-0.820640	0.472581	0.938368	-0.343051	0.042219	0.127473	0.457018	0.880276
04380	3.888646	0.449563	9.710737	0.110435	-0.469659	0.194605	-0.318855	-0.819136	0.476810	0.939123	-0.340976	0.042235	0.127984	0.461250	0.877991
