// General information: 
//  MT Manager version: 2022.2.0 
//  XDA version: 2022.2.0 build 7381 rev 124627 built on 2023-07-19
// Device information: 
//  DeviceId: 00B4CB9F
//  ProductCode: MTW2-3A7G6
//  Firmware Version: 4.6.0
//  Hardware Version: 2.0.0
// Device settings: 
//  Filter Profile: human(46.1)
//  Option Flags: Orientation Smoother Disabled, Position/Velocity Smoother Disabled, Continuous Zero Rotation Update Disabled, AHS Disabled, ICC Disabled
// Coordinate system: ENU
PacketCounter	Acc_X	Acc_Y	Acc_Z	Gyr_X	Gyr_Y	Gyr_Z	Mat[1][1]	Mat[2][1]	Mat[3][1]	Mat[1][2]	Mat[2][2]	Mat[3][2]	Mat[1][3]	Mat[2][3]	Mat[3][3]
31177	9.594334	0.747659	1.354884	0.002110	0.011564	0.016802	-0.144914	-0.012738	0.989362	0.423849	-0.904327	0.050439	0.894065	0.426649	0.136449
31178	9.701088	0.642275	1.375810	-0.008769	0.016706	0.007698	-0.144972	-0.012895	0.989352	0.423829	-0.904343	0.050317	0.894065	0.426611	0.136569
31179	9.825521	0.564970	1.387050	-0.013260	0.020154	0.008063	-0.145068	-0.013076	0.989335	0.423771	-0.904378	0.050186	0.894077	0.426532	0.136738
31180	9.883339	0.476600	1.427632	-0.014526	0.031318	0.001372	-0.145283	-0.013238	0.989302	0.423691	-0.904419	0.050119	0.894080	0.426440	0.137006
31181	9.800954	0.346297	1.460573	-0.020556	0.042266	0.001063	-0.145607	-0.013450	0.989251	0.423559	-0.904485	0.050046	0.894090	0.426293	0.137396
31182	9.709532	0.337333	1.459106	-0.021824	0.048650	0.004766	-0.145962	-0.013716	0.989195	0.423419	-0.904557	0.049936	0.894098	0.426132	0.137839
31183	9.642564	0.314821	1.404770	-0.010162	0.044533	0.003826	-0.146295	-0.013963	0.989143	0.423384	-0.904578	0.049850	0.894060	0.426080	0.138247
31184	9.699181	0.397293	1.323780	0.012339	0.034869	-0.000785	-0.146551	-0.014121	0.989102	0.423541	-0.904505	0.049841	0.893944	0.426229	0.138537
31185	9.727216	0.444252	1.328044	0.019192	0.027743	-0.002934	-0.146762	-0.014233	0.989069	0.423753	-0.904404	0.049863	0.893809	0.426440	0.138763
31186	9.692522	0.479082	1.305731	0.020501	0.024150	0.000957	-0.146915	-0.014361	0.989045	0.423986	-0.904296	0.049849	0.893673	0.426665	0.138943
31187	9.591360	0.502427	1.311302	0.016467	0.017390	0.000082	-0.147020	-0.014458	0.989028	0.424185	-0.904203	0.049837	0.893562	0.426857	0.139069
31188	9.633545	0.516739	1.249598	0.014691	0.010303	0.002821	-0.147041	-0.014544	0.989023	0.424368	-0.904120	0.049797	0.893471	0.427032	0.139115
31189	9.647063	0.494877	1.273186	0.019401	0.000558	0.004442	-0.146978	-0.014607	0.989032	0.424591	-0.904018	0.049747	0.893376	0.427245	0.139073
31190	9.727257	0.484131	1.267545	0.025197	-0.006481	0.007975	-0.146827	-0.014667	0.989053	0.424875	-0.903888	0.049670	0.893265	0.427517	0.138947
31191	9.758426	0.500046	1.367470	0.033757	-0.000374	0.016081	-0.146706	-0.014832	0.989069	0.425249	-0.903721	0.049524	0.893107	0.427866	0.138888
31192	9.772567	0.527516	1.411711	0.025144	0.002055	0.015772	-0.146598	-0.015000	0.989082	0.425544	-0.903590	0.049369	0.892984	0.428136	0.138848
31193	9.727612	0.541555	1.376129	0.010622	0.012491	0.022521	-0.146564	-0.015278	0.989083	0.425722	-0.903519	0.049127	0.892905	0.428275	0.138927
31194	9.681735	0.515628	1.407366	-0.002932	0.012470	0.018808	-0.146536	-0.015518	0.989084	0.425771	-0.903508	0.048904	0.892886	0.428289	0.139003
31195	9.670925	0.495171	1.397735	-0.011620	0.023029	0.013503	-0.146634	-0.015761	0.989065	0.425740	-0.903533	0.048720	0.892885	0.428229	0.139198
31196	9.635442	0.488707	1.441608	-0.012920	0.026618	0.009611	-0.146771	-0.015978	0.989041	0.425687	-0.903566	0.048574	0.892888	0.428151	0.139419
31197	9.665035	0.464957	1.611596	0.002354	0.041846	0.005599	-0.147072	-0.016229	0.988993	0.425763	-0.903534	0.048488	0.892802	0.428208	0.139794
31198	9.705869	0.438826	1.619079	0.013150	0.044825	0.009742	-0.147372	-0.016525	0.988943	0.425943	-0.903456	0.048377	0.892667	0.428363	0.140183
31199	9.741004	0.493409	1.602858	0.029329	0.040046	0.016061	-0.147610	-0.016863	0.988902	0.426278	-0.903306	0.048226	0.892467	0.428666	0.140526
31200	9.690486	0.578076	1.458736	0.028033	0.027939	0.019965	-0.147715	-0.017180	0.988881	0.426606	-0.903161	0.048034	0.892293	0.428958	0.140740
31201	9.622970	0.684670	1.344304	0.000216	0.007841	0.024956	-0.147630	-0.017457	0.988889	0.426684	-0.903139	0.047755	0.892270	0.428993	0.140779
31202	9.620810	0.711935	1.245298	-0.030477	-0.006348	0.022976	-0.147416	-0.017654	0.988917	0.426494	-0.903245	0.047452	0.892397	0.428762	0.140682
31203	9.724730	0.645578	1.253233	-0.060539	-0.010419	0.016553	-0.147204	-0.017779	0.988946	0.426023	-0.903482	0.047170	0.892657	0.428257	0.140570
31204	9.796657	0.523305	1.226814	-0.074335	-0.009317	0.008457	-0.147025	-0.017832	0.988972	0.425419	-0.903778	0.046949	0.892974	0.427630	0.140464
31205	9.784456	0.412909	1.260420	-0.076731	0.002488	0.005265	-0.146975	-0.017912	0.988978	0.424793	-0.904082	0.046756	0.893280	0.426982	0.140487
31206	9.702076	0.281648	1.290146	-0.064414	0.011266	0.007506	-0.146985	-0.018044	0.988974	0.424276	-0.904335	0.046558	0.893524	0.426441	0.140579
31207	9.668934	0.184081	1.323061	-0.049951	0.009352	0.008563	-0.146982	-0.018184	0.988972	0.423897	-0.904523	0.046368	0.893705	0.426037	0.140657
31208	9.668794	0.182745	1.324271	-0.022288	0.014303	0.009181	-0.147012	-0.018345	0.988965	0.423759	-0.904595	0.046213	0.893765	0.425876	0.140760
31209	9.700621	0.237585	1.359811	-0.002694	0.008532	0.015615	-0.146972	-0.018544	0.988967	0.423807	-0.904582	0.046021	0.893749	0.425895	0.140807
31210	9.662425	0.271542	1.390550	0.019396	0.014230	0.014677	-0.146978	-0.018753	0.988962	0.424050	-0.904476	0.045870	0.893633	0.426111	0.140890
31211	9.618640	0.386924	1.398006	0.033443	0.011600	0.014364	-0.146971	-0.018953	0.988959	0.424414	-0.904312	0.045742	0.893461	0.426451	0.140951
31212	9.567027	0.442985	1.405505	0.038109	0.012766	0.018598	-0.146947	-0.019192	0.988958	0.424829	-0.904125	0.045579	0.893267	0.426836	0.141012
31213	9.609597	0.516470	1.452249	0.045664	0.010407	0.024599	-0.146884	-0.019481	0.988962	0.425325	-0.903903	0.045366	0.893042	0.427294	0.141055
31214	9.742365	0.547715	1.484038	0.054707	0.011069	0.021096	-0.146834	-0.019735	0.988964	0.425892	-0.903644	0.045201	0.892780	0.427829	0.141091
31215	9.798368	0.599588	1.553920	0.054089	0.014258	0.022952	-0.146815	-0.020023	0.988961	0.426450	-0.903390	0.045018	0.892516	0.428352	0.141170
31216	9.746226	0.604754	1.540109	0.031359	0.011769	0.025735	-0.146751	-0.020322	0.988965	0.426816	-0.903230	0.044775	0.892352	0.428676	0.141223
31217	9.676702	0.570855	1.449266	-0.002058	0.016687	0.029153	-0.146725	-0.020677	0.988961	0.426885	-0.903213	0.044450	0.892323	0.428695	0.141351
31218	9.645248	0.562412	1.437641	-0.028938	0.012791	0.018460	-0.146702	-0.020914	0.988960	0.426702	-0.903312	0.044193	0.892415	0.428474	0.141441
31219	9.647830	0.519850	1.450995	-0.037796	0.016354	0.013761	-0.146738	-0.021131	0.988950	0.426437	-0.903448	0.043970	0.892535	0.428177	0.141582
31220	9.670331	0.414535	1.445397	-0.043683	0.023963	0.008035	-0.146859	-0.021322	0.988928	0.426107	-0.903612	0.043795	0.892673	0.427821	0.141789
31221	9.657961	0.354933	1.503026	-0.041717	0.032875	0.002301	-0.147093	-0.021504	0.988889	0.425785	-0.903769	0.043680	0.892788	0.427479	0.142095
31222	9.656797	0.303701	1.485344	-0.034080	0.038082	0.005516	-0.147351	-0.021733	0.988845	0.425537	-0.903893	0.043544	0.892864	0.427206	0.142438
31223	9.648889	0.293778	1.510628	-0.034198	0.038640	0.003332	-0.147632	-0.021949	0.988799	0.425281	-0.904019	0.043430	0.892939	0.426929	0.142797
31224	9.674505	0.319014	1.395267	-0.026307	0.031809	0.008306	-0.147822	-0.022176	0.988765	0.425107	-0.904108	0.043277	0.892991	0.426728	0.143074
31225	9.717552	0.382280	1.356728	-0.024517	0.025580	0.008157	-0.147966	-0.022381	0.988739	0.424953	-0.904188	0.043127	0.893041	0.426549	0.143300
31226	9.745919	0.427558	1.360931	-0.022106	0.027076	0.008775	-0.148112	-0.022592	0.988713	0.424816	-0.904259	0.042976	0.893081	0.426386	0.143529
31227	9.648323	0.398823	1.290675	-0.025103	0.020634	0.014990	-0.148182	-0.022836	0.988696	0.424658	-0.904343	0.042759	0.893145	0.426194	0.143705
31228	9.750355	0.404022	1.498457	-0.004279	0.040815	0.012837	-0.148433	-0.023142	0.988652	0.424687	-0.904338	0.042592	0.893089	0.426190	0.144062
31229	9.714142	0.397723	1.544692	0.017648	0.063693	0.012614	-0.148897	-0.023549	0.988572	0.424911	-0.904239	0.042460	0.892905	0.426377	0.144645
31230	9.633423	0.346889	1.446789	0.027759	0.064652	0.016246	-0.149347	-0.023988	0.988494	0.425231	-0.904096	0.042306	0.892678	0.426657	0.145224
31231	9.640092	0.354513	1.430710	0.027163	0.048792	0.020453	-0.149645	-0.024402	0.988439	0.425553	-0.903953	0.042110	0.892475	0.426935	0.145656
31232	9.688984	0.386280	1.437980	0.015148	0.033178	0.022329	-0.149787	-0.024762	0.988408	0.425770	-0.903862	0.041879	0.892348	0.427107	0.145929
31233	9.697179	0.383081	1.331581	0.004071	0.018044	0.016334	-0.149829	-0.025005	0.988396	0.425869	-0.903824	0.041691	0.892293	0.427174	0.146068
31234	9.666354	0.425938	1.341000	-0.007160	0.011991	0.015970	-0.149809	-0.025217	0.988393	0.425877	-0.903829	0.041490	0.892293	0.427150	0.146141
31235	9.666233	0.424166	1.342430	-0.026349	0.016117	0.016039	-0.149834	-0.025453	0.988383	0.425718	-0.903915	0.041259	0.892364	0.426955	0.146273
31236	9.661109	0.373061	1.377599	-0.030607	0.023805	0.008190	-0.149953	-0.025645	0.988360	0.425505	-0.904022	0.041101	0.892446	0.426715	0.146473
31237	9.680294	0.369576	1.469669	-0.028204	0.033431	0.003844	-0.150184	-0.025842	0.988320	0.425304	-0.904122	0.040988	0.892503	0.426492	0.146775
31238	9.683696	0.298325	1.584111	-0.022768	0.041363	-0.001734	-0.150501	-0.026019	0.988267	0.425146	-0.904198	0.040939	0.892525	0.426319	0.147145
31239	9.775067	0.275683	1.694790	-0.006711	0.050402	-0.000110	-0.150902	-0.026253	0.988200	0.425131	-0.904207	0.040897	0.892464	0.426286	0.147608
31240	9.795393	0.313312	1.723289	0.017984	0.059381	-0.003327	-0.151387	-0.026493	0.988120	0.425335	-0.904110	0.040924	0.892285	0.426477	0.148139
31241	9.681811	0.348909	1.620435	0.017830	0.049411	0.004650	-0.151758	-0.026765	0.988055	0.425544	-0.904014	0.040872	0.892122	0.426664	0.148582
31242	9.573610	0.433200	1.482888	0.004762	0.028149	0.011945	-0.151900	-0.027010	0.988027	0.425653	-0.903970	0.040728	0.892046	0.426743	0.148809
31243	9.536510	0.457023	1.426529	-0.010672	0.007791	0.013418	-0.151863	-0.027185	0.988028	0.425624	-0.903991	0.040547	0.892066	0.426686	0.148853
31244	9.642328	0.481189	1.391219	-0.018019	-0.004263	0.014319	-0.151705	-0.027313	0.988048	0.425533	-0.904043	0.040346	0.892136	0.426568	0.148770
31245	9.729460	0.427524	1.343929	-0.014128	-0.002137	0.010640	-0.151590	-0.027421	0.988063	0.425471	-0.904079	0.040186	0.892186	0.426484	0.148716
31246	9.752662	0.372739	1.357429	-0.014747	0.001051	0.012499	-0.151487	-0.027554	0.988075	0.425406	-0.904118	0.040008	0.892234	0.426394	0.148684
31247	9.764403	0.359945	1.468839	-0.007515	0.013666	0.009413	-0.151519	-0.027718	0.988066	0.425397	-0.904128	0.039872	0.892233	0.426362	0.148784
31248	9.668989	0.351996	1.517806	0.007112	0.024463	0.010169	-0.151635	-0.027930	0.988042	0.425524	-0.904074	0.039749	0.892153	0.426463	0.148975
31249	9.607832	0.359404	1.613745	0.010048	0.026106	0.014357	-0.151757	-0.028194	0.988016	0.425689	-0.904003	0.039588	0.892053	0.426595	0.149190
31250	9.604343	0.348692	1.583391	0.008791	0.029706	0.010469	-0.151918	-0.028431	0.987984	0.425831	-0.903942	0.039465	0.891958	0.426710	0.149432
31251	9.606531	0.438052	1.541527	0.001115	0.030249	0.007442	-0.152105	-0.028649	0.987949	0.425901	-0.903913	0.039360	0.891893	0.426755	0.149691
31252	9.606113	0.437296	1.544344	-0.010859	0.027956	0.006719	-0.152266	-0.028845	0.987918	0.425862	-0.903937	0.039245	0.891884	0.426693	0.149923
31253	9.577514	0.440312	1.566574	-0.026267	0.026648	0.005853	-0.152428	-0.029035	0.987888	0.425695	-0.904021	0.039113	0.891936	0.426501	0.150158
31254	9.636599	0.441013	1.563204	-0.031584	0.026287	0.008645	-0.152567	-0.029242	0.987860	0.425474	-0.904132	0.038947	0.892017	0.426251	0.150382
31255	9.687528	0.382331	1.559755	-0.024713	0.024318	0.008933	-0.152696	-0.029446	0.987835	0.425310	-0.904216	0.038790	0.892074	0.426059	0.150593
31256	9.742085	0.383402	1.610736	-0.021490	0.027231	0.012311	-0.152827	-0.029689	0.987807	0.425185	-0.904283	0.038603	0.892111	0.425900	0.150823
31257	9.695265	0.358064	1.642679	-0.010091	0.026972	0.014674	-0.152955	-0.029958	0.987779	0.425167	-0.904300	0.038409	0.892097	0.425846	0.151055
31258	9.664228	0.401185	1.653197	-0.012728	0.026606	0.009669	-0.153093	-0.030176	0.987751	0.425116	-0.904330	0.038262	0.892098	0.425767	0.151274
31259	9.674459	0.418454	1.667428	-0.020053	0.025464	0.013200	-0.153213	-0.030426	0.987725	0.425012	-0.904387	0.038068	0.892127	0.425628	0.151495
31260	9.675723	0.406833	1.582337	-0.033639	0.020334	0.006970	-0.153306	-0.030592	0.987705	0.424771	-0.904507	0.037915	0.892226	0.425361	0.151661
31261	9.696029	0.392933	1.586417	-0.045254	0.021722	0.000232	-0.153450	-0.030706	0.987679	0.424409	-0.904681	0.037812	0.892373	0.424982	0.151855
31262	9.695664	0.391971	1.588883	-0.049178	0.025326	0.004144	-0.153599	-0.030868	0.987651	0.424024	-0.904867	0.037664	0.892530	0.424573	0.152076
31263	9.666987	0.394829	1.611203	-0.052131	0.029422	0.000191	-0.153809	-0.031015	0.987614	0.423607	-0.905068	0.037549	0.892693	0.424135	0.152346
31264	9.691224	0.330288	1.540152	-0.056130	0.027855	0.001679	-0.153992	-0.031164	0.987581	0.423156	-0.905284	0.037414	0.892875	0.423662	0.152594
31265	9.675502	0.311158	1.585801	-0.044155	0.030140	0.002428	-0.154200	-0.031334	0.987543	0.422811	-0.905450	0.037290	0.893002	0.423294	0.152869
31266	9.672072	0.300578	1.555864	-0.043339	0.031555	0.005183	-0.154401	-0.031531	0.987505	0.422480	-0.905611	0.037140	0.893124	0.422936	0.153149
31267	9.674600	0.309011	1.591718	-0.038560	0.023636	0.003781	-0.154546	-0.031685	0.987477	0.422184	-0.905755	0.037012	0.893239	0.422617	0.153358
31268	9.664236	0.339500	1.603854	-0.031589	0.021098	0.006258	-0.154650	-0.031847	0.987456	0.421959	-0.905865	0.036869	0.893328	0.422368	0.153530
31269	9.609179	0.336173	1.557295	-0.028450	0.018837	0.007214	-0.154738	-0.032013	0.987437	0.421763	-0.905962	0.036721	0.893405	0.422147	0.153689
31270	9.606031	0.325710	1.525801	-0.023387	0.012195	0.004995	-0.154767	-0.032127	0.987429	0.421610	-0.906038	0.036603	0.893472	0.421975	0.153770
31271	9.603005	0.315176	1.493597	-0.017590	0.004555	0.010712	-0.154712	-0.032262	0.987433	0.421512	-0.906090	0.036438	0.893528	0.421852	0.153782
31272	9.575247	0.368219	1.535184	-0.009067	0.005075	0.003699	-0.154683	-0.032334	0.987435	0.421485	-0.906106	0.036355	0.893545	0.421813	0.153788
31273	9.614060	0.382202	1.528147	0.003919	0.007636	0.011576	-0.154652	-0.032491	0.987435	0.421583	-0.906066	0.036214	0.893505	0.421886	0.153823
31274	9.627549	0.409230	1.573433	-0.011544	0.001172	0.008246	-0.154569	-0.032588	0.987444	0.421541	-0.906091	0.036083	0.893539	0.421825	0.153790
31275	9.707664	0.397126	1.569740	-0.022916	0.001439	0.005875	-0.154507	-0.032671	0.987451	0.421402	-0.906161	0.035956	0.893615	0.421669	0.153776
31276	9.743502	0.320544	1.606646	-0.035012	0.005456	0.003189	-0.154483	-0.032739	0.987453	0.421142	-0.906286	0.035838	0.893742	0.421394	0.153794
31277	9.693881	0.286381	1.603478	-0.034746	0.012463	0.002633	-0.154533	-0.032839	0.987442	0.420891	-0.906408	0.035725	0.893852	0.421126	0.153892
31278	9.688882	0.285854	1.659393	-0.031348	0.017209	0.003030	-0.154615	-0.032956	0.987425	0.420663	-0.906518	0.035614	0.893944	0.420880	0.154025
31279	9.680312	0.225445	1.660883	-0.027214	0.020950	0.011365	-0.154704	-0.033169	0.987404	0.420489	-0.906606	0.035426	0.894011	0.420673	0.154203
31280	9.636346	0.209162	1.724742	-0.027977	0.016550	0.015981	-0.154726	-0.033400	0.987393	0.420312	-0.906697	0.035193	0.894091	0.420458	0.154328
31281	9.623545	0.198499	1.802298	-0.008006	0.021966	0.013786	-0.154813	-0.033641	0.987371	0.420316	-0.906702	0.035010	0.894074	0.420428	0.154509
31282	9.620873	0.237986	1.793074	0.010280	0.022142	0.011265	-0.154905	-0.033853	0.987349	0.420473	-0.906634	0.034883	0.893984	0.420557	0.154676
31283	9.520429	0.311345	1.818654	0.018546	0.018400	0.012433	-0.154967	-0.034065	0.987332	0.420708	-0.906530	0.034755	0.893862	0.420764	0.154813
31284	9.499947	0.404634	1.740540	0.016511	0.000992	0.010217	-0.154874	-0.034178	0.987343	0.420919	-0.906436	0.034648	0.893779	0.420958	0.154769
31285	9.502538	0.444512	1.674668	-0.000477	-0.003122	0.003805	-0.154779	-0.034221	0.987356	0.420970	-0.906415	0.034576	0.893772	0.420999	0.154700
31286	9.569867	0.455153	1.647136	-0.027707	-0.010010	-0.003293	-0.154645	-0.034166	0.987379	0.420765	-0.906512	0.034533	0.893891	0.420795	0.154563
31287	9.685799	0.368254	1.679349	-0.048274	-0.001104	-0.011520	-0.154633	-0.034076	0.987384	0.420357	-0.906701	0.034540	0.894085	0.420395	0.154530
31288	9.638244	0.325760	1.587435	-0.046236	-0.006054	-0.012511	-0.154572	-0.033954	0.987398	0.419973	-0.906878	0.034560	0.894276	0.420022	0.154438
31289	9.619377	0.248269	1.574840	-0.038498	-0.001458	-0.007023	-0.154539	-0.033903	0.987405	0.419658	-0.907025	0.034537	0.894430	0.419709	0.154399
31290	9.679195	0.219230	1.668211	-0.027489	0.005719	-0.010946	-0.154577	-0.033845	0.987401	0.419443	-0.907123	0.034571	0.894524	0.419502	0.154417
31291	9.712491	0.184709	1.694291	-0.005221	0.015936	-0.007057	-0.154698	-0.033870	0.987381	0.419437	-0.907125	0.034598	0.894506	0.419496	0.154537
31292	9.709277	0.175991	1.663046	0.013944	0.022684	-0.004376	-0.154861	-0.033942	0.987353	0.419603	-0.907047	0.034631	0.894400	0.419659	0.154708
31293	9.638842	0.156106	1.658820	0.020714	0.018291	0.001090	-0.154969	-0.034050	0.987332	0.419836	-0.906940	0.034619	0.894272	0.419882	0.154843
31294	9.669745	0.161555	1.674205	0.023156	0.016786	0.009098	-0.155022	-0.034219	0.987318	0.420105	-0.906818	0.034533	0.894136	0.420131	0.154953
31295	9.636048	0.195709	1.650531	0.019183	0.012226	0.017938	-0.155006	-0.034456	0.987312	0.420357	-0.906708	0.034352	0.894021	0.420348	0.155029
31296	9.696034	0.246006	1.667445	0.026565	0.004655	0.021532	-0.154898	-0.034688	0.987321	0.420676	-0.906568	0.034148	0.893890	0.420631	0.155018
31297	9.652510	0.311121	1.652903	0.033279	0.008985	0.019895	-0.154845	-0.034928	0.987321	0.421052	-0.906400	0.033970	0.893722	0.420974	0.155058
31298	9.596179	0.398842	1.614906	0.037124	0.000229	0.013536	-0.154731	-0.035068	0.987334	0.421453	-0.906218	0.033862	0.893552	0.421354	0.155000
31299	9.658372	0.440170	1.543332	0.027287	-0.001838	0.014225	-0.154605	-0.035209	0.987349	0.421763	-0.906079	0.033731	0.893428	0.421642	0.154934
31300	9.637287	0.402503	1.519160	0.020752	-0.007064	0.005245	-0.154460	-0.035244	0.987370	0.422004	-0.905968	0.033679	0.893339	0.421876	0.154809
31301	9.616667	0.446351	1.416978	0.012158	-0.021221	0.001930	-0.154212	-0.035194	0.987411	0.422167	-0.905893	0.033645	0.893305	0.422041	0.154558
31302	9.637292	0.352461	1.493488	-0.002694	-0.030852	-0.003291	-0.153892	-0.035051	0.987466	0.422186	-0.905885	0.033641	0.893351	0.422071	0.154206
31303	9.681512	0.366952	1.428472	-0.006592	-0.032987	0.000372	-0.153545	-0.034936	0.987524	0.422174	-0.905892	0.033594	0.893416	0.422065	0.153844
31304	9.689742	0.375975	1.403698	-0.010683	-0.039714	-0.000593	-0.153134	-0.034780	0.987593	0.422126	-0.905916	0.033551	0.893510	0.422026	0.153408
31305	9.685507	0.376343	1.454210	-0.007769	-0.040837	-0.004011	-0.152734	-0.034592	0.987662	0.422099	-0.905929	0.033545	0.893591	0.422015	0.152968
31306	9.689008	0.386137	1.483362	-0.011994	-0.041262	-0.006905	-0.152336	-0.034372	0.987731	0.422029	-0.905961	0.033562	0.893692	0.421964	0.152516
31307	9.644786	0.353116	1.421047	-0.012712	-0.037512	-0.007215	-0.151981	-0.034171	0.987793	0.421958	-0.905993	0.033580	0.893786	0.421910	0.152113
31308	9.624546	0.285376	1.492826	-0.015322	-0.035115	-0.004600	-0.151628	-0.033998	0.987853	0.421862	-0.906038	0.033570	0.893891	0.421827	0.151723
31309	9.663262	0.250271	1.460272	-0.002670	-0.030856	-0.003285	-0.151315	-0.033860	0.987905	0.421883	-0.906029	0.033565	0.893934	0.421859	0.151381
31310	9.692485	0.215507	1.537071	0.010178	-0.022006	0.002654	-0.151049	-0.033808	0.987948	0.422026	-0.905964	0.033522	0.893912	0.422003	0.151112
31311	9.682082	0.115822	1.600437	0.028660	-0.017245	0.004741	-0.150824	-0.033797	0.987983	0.422330	-0.905823	0.033485	0.893806	0.422306	0.150893
31312	9.755308	0.064372	1.715412	0.042094	-0.005843	0.009057	-0.150675	-0.033871	0.988003	0.422768	-0.905621	0.033427	0.893624	0.422733	0.150774
31313	9.725353	0.077924	1.822362	0.072516	0.006925	0.012139	-0.150635	-0.034035	0.988003	0.423491	-0.905285	0.033382	0.893289	0.423439	0.150781
31314	9.671667	0.176584	1.818430	0.097189	0.021602	0.009266	-0.150730	-0.034226	0.987982	0.424421	-0.904849	0.033404	0.892831	0.424355	0.150914
31315	9.632171	0.353868	1.881318	0.108196	0.020613	0.010275	-0.150820	-0.034428	0.987962	0.425448	-0.904365	0.033433	0.892327	0.425369	0.151043
31316	9.598471	0.470894	1.780286	0.107017	0.018482	0.006166	-0.150899	-0.034579	0.987944	0.426460	-0.903886	0.033501	0.891830	0.426374	0.151142
31317	9.606784	0.612172	1.703715	0.080202	0.006566	0.000243	-0.150907	-0.034629	0.987941	0.427220	-0.903524	0.033587	0.891465	0.427137	0.151142
31318	9.666206	0.615226	1.697816	0.047499	-0.000114	-0.006231	-0.150873	-0.034589	0.987948	0.427682	-0.903301	0.033688	0.891249	0.427610	0.151077
31319	9.692056	0.653252	1.667088	0.024377	0.010626	-0.009694	-0.150960	-0.034568	0.987935	0.427932	-0.903179	0.033787	0.891115	0.427869	0.151136
31320	9.618216	0.654912	1.530171	-0.003321	0.011526	-0.010291	-0.151047	-0.034540	0.987923	0.427934	-0.903176	0.033851	0.891099	0.427879	0.151203
31321	9.633185	0.593079	1.566167	-0.014486	0.010670	-0.008292	-0.151127	-0.034533	0.987911	0.427845	-0.903217	0.033877	0.891128	0.427793	0.151275
31322	9.660370	0.458873	1.604313	-0.027615	0.017169	-0.010505	-0.151266	-0.034528	0.987890	0.427631	-0.903317	0.033907	0.891207	0.427581	0.151407
31323	9.684667	0.395413	1.532754	-0.036305	0.028701	-0.005204	-0.151493	-0.034625	0.987852	0.427347	-0.903453	0.033870	0.891305	0.427287	0.151664
31324	9.693501	0.313337	1.504766	-0.044671	0.035771	-0.000951	-0.151757	-0.034785	0.987805	0.426995	-0.903623	0.033779	0.891429	0.426914	0.151985
31325	9.676493	0.274986	1.430774	-0.052532	0.040220	-0.000749	-0.152069	-0.034970	0.987751	0.426570	-0.903827	0.033674	0.891579	0.426466	0.152362
31326	9.717151	0.248341	1.438357	-0.046950	0.033711	0.000611	-0.152309	-0.035135	0.987708	0.426200	-0.904006	0.033564	0.891715	0.426074	0.152663
31327	9.781367	0.218185	1.480400	-0.027289	0.029695	0.004178	-0.152505	-0.035322	0.987671	0.426016	-0.904097	0.033447	0.891769	0.425865	0.152927
31328	9.708570	0.237924	1.465690	-0.007561	0.028087	0.002557	-0.152686	-0.035481	0.987638	0.426001	-0.904107	0.033378	0.891746	0.425831	0.153159
31329	9.669261	0.222859	1.475943	0.001410	0.026325	0.004305	-0.152853	-0.035654	0.987606	0.426068	-0.904078	0.033305	0.891685	0.425878	0.153382
31330	9.622572	0.279402	1.430103	0.008055	0.028240	0.007848	-0.153012	-0.035861	0.987573	0.426199	-0.904020	0.033207	0.891595	0.425984	0.153610
31331	9.661729	0.343681	1.446663	0.012793	0.026050	0.006696	-0.153166	-0.036053	0.987543	0.426367	-0.903943	0.033128	0.891488	0.426130	0.153825
31332	9.674651	0.401964	1.394824	0.007679	0.021800	0.006226	-0.153275	-0.036218	0.987520	0.426493	-0.903887	0.033046	0.891409	0.426236	0.153990
31333	9.680095	0.420458	1.462764	-0.003569	0.015775	0.005776	-0.153341	-0.036359	0.987504	0.426521	-0.903877	0.032950	0.891384	0.426244	0.154109
31334	9.700487	0.406682	1.466234	-0.026402	0.013916	0.006177	-0.153380	-0.036491	0.987493	0.426343	-0.903966	0.032816	0.891463	0.426044	0.154208
31335	9.770501	0.395288	1.573154	-0.039508	0.020416	0.003959	-0.153495	-0.036635	0.987470	0.426046	-0.904111	0.032683	0.891585	0.425724	0.154385
31336	9.754573	0.376199	1.618433	-0.043772	0.031451	0.001556	-0.153710	-0.036799	0.987431	0.425706	-0.904275	0.032568	0.891711	0.425361	0.154662
31337	9.742896	0.306348	1.588317	-0.042447	0.033001	0.007880	-0.153921	-0.037031	0.987389	0.425384	-0.904433	0.032392	0.891828	0.425005	0.154963
31338	9.721813	0.317898	1.589705	-0.036605	0.033498	0.008678	-0.154124	-0.037268	0.987348	0.425118	-0.904564	0.032217	0.891919	0.424705	0.155258
31339	9.586847	0.325360	1.546778	-0.040240	0.013036	0.015952	-0.154123	-0.037490	0.987340	0.424835	-0.904706	0.031964	0.892054	0.424383	0.155363
31340	9.522276	0.352657	1.508557	-0.051756	0.000006	0.016046	-0.153996	-0.037652	0.987354	0.424446	-0.904898	0.031693	0.892262	0.423959	0.155332
31341	9.596900	0.320393	1.438525	-0.067008	-0.010326	0.009429	-0.153814	-0.037714	0.987380	0.423910	-0.905158	0.031463	0.892548	0.423399	0.155213
31342	9.728286	0.249975	1.428242	-0.073142	-0.009115	0.002083	-0.153665	-0.037711	0.987403	0.423308	-0.905445	0.031297	0.892859	0.422785	0.155098
31343	9.751141	0.195085	1.441133	-0.065309	-0.002108	0.002409	-0.153586	-0.037746	0.987414	0.422779	-0.905698	0.031139	0.893123	0.422241	0.155061
31344	9.724924	0.157509	1.472208	-0.049672	0.009172	-0.004576	-0.153629	-0.037760	0.987407	0.422376	-0.905888	0.031075	0.893306	0.421831	0.155119
31345	9.722472	0.166590	1.561420	-0.046189	0.024801	-0.001450	-0.153806	-0.037873	0.987375	0.422013	-0.906060	0.030984	0.893448	0.421450	0.155341
31346	9.691976	0.229282	1.693225	-0.032154	0.038741	0.001314	-0.154088	-0.038065	0.987324	0.421775	-0.906174	0.030889	0.893511	0.421188	0.155685
31347	9.657831	0.232585	1.771148	-0.017807	0.048227	0.003010	-0.154456	-0.038316	0.987256	0.421668	-0.906227	0.030799	0.893499	0.421051	0.156129
31348	9.652026	0.263236	1.731595	-0.014588	0.051117	0.006421	-0.154827	-0.038606	0.987187	0.421595	-0.906265	0.030680	0.893469	0.420943	0.156591
31349	9.726938	0.332355	1.710528	-0.016882	0.049056	0.007964	-0.155182	-0.038906	0.987119	0.421503	-0.906313	0.030542	0.893450	0.420813	0.157042
31350	9.817078	0.369723	1.624813	-0.024692	0.042045	0.007633	-0.155467	-0.039168	0.987064	0.421342	-0.906392	0.030396	0.893477	0.420617	0.157417
31351	9.762896	0.447787	1.503003	-0.040436	0.037059	0.012680	-0.155696	-0.039460	0.987017	0.421046	-0.906537	0.030175	0.893577	0.420277	0.157759
31352	9.711674	0.534521	1.413625	-0.066102	0.024855	0.015932	-0.155792	-0.039725	0.986991	0.420528	-0.906787	0.029881	0.893804	0.419712	0.157976
31353	9.585378	0.601013	1.371281	-0.087056	0.019198	0.010936	-0.155867	-0.039925	0.986971	0.419811	-0.907129	0.029603	0.894127	0.418956	0.158152
31354	9.546013	0.565636	1.259999	-0.113310	0.013170	0.008712	-0.155890	-0.040076	0.986961	0.418860	-0.907578	0.029306	0.894570	0.417967	0.158268
31355	9.523901	0.445038	1.313939	-0.132212	0.002567	0.002717	-0.155851	-0.040134	0.986965	0.417732	-0.908106	0.029037	0.895103	0.416813	0.158295
31356	9.563501	0.285362	1.372849	-0.145492	0.002058	0.001078	-0.155807	-0.040169	0.986970	0.416479	-0.908690	0.028764	0.895695	0.415534	0.158310
31357	9.584629	0.097692	1.440617	-0.147441	0.006987	0.002129	-0.155808	-0.040241	0.986967	0.415217	-0.909276	0.028475	0.896280	0.414243	0.158382
31358	9.590871	-0.027068	1.474352	-0.138467	0.010929	0.004194	-0.155830	-0.040342	0.986960	0.414031	-0.909827	0.028182	0.896825	0.413023	0.158481
31359	9.693463	-0.095037	1.484795	-0.114179	0.013123	0.014537	-0.155837	-0.040550	0.986950	0.413079	-0.910270	0.027825	0.897263	0.412025	0.158605
31360	9.758135	-0.078443	1.547364	-0.086917	0.016667	0.016279	-0.155861	-0.040784	0.986937	0.412373	-0.910600	0.027494	0.897583	0.411271	0.158746
31361	9.678743	0.012553	1.476600	-0.067784	0.020690	0.011399	-0.155950	-0.040995	0.986914	0.411833	-0.910852	0.027241	0.897816	0.410692	0.158930
31362	9.617360	0.099446	1.495622	-0.069572	0.021767	0.009155	-0.156049	-0.041186	0.986890	0.411271	-0.911113	0.027008	0.898056	0.410094	0.159116
31363	9.599188	0.119159	1.529049	-0.071653	0.018519	0.015054	-0.156103	-0.041419	0.986872	0.410693	-0.911382	0.026713	0.898311	0.409472	0.159280
31364	9.655835	0.109813	1.492286	-0.069934	0.015342	0.007480	-0.156152	-0.041567	0.986858	0.410125	-0.911644	0.026495	0.898562	0.408872	0.159403
31365	9.721985	0.036923	1.543214	-0.053617	0.014149	0.007901	-0.156196	-0.041720	0.986845	0.409707	-0.911838	0.026299	0.898745	0.408425	0.159518
31366	9.752820	0.040581	1.558978	-0.034515	0.020856	0.010674	-0.156281	-0.041920	0.986823	0.409462	-0.911954	0.026106	0.898842	0.408146	0.159686
31367	9.738695	-0.020539	1.614010	-0.015015	0.025582	0.007179	-0.156431	-0.042112	0.986791	0.409388	-0.911991	0.025978	0.898850	0.408044	0.159904
31368	9.683965	-0.005853	1.688383	-0.013015	0.029043	0.014110	-0.156576	-0.042377	0.986756	0.409341	-0.912017	0.025786	0.898846	0.407957	0.160146
31369	9.554419	0.003669	1.591030	-0.014312	0.030228	0.015428	-0.156734	-0.042665	0.986719	0.409289	-0.912046	0.025577	0.898842	0.407862	0.160411
31370	9.529517	0.079755	1.449213	-0.022305	0.015624	0.017704	-0.156743	-0.042907	0.986707	0.409165	-0.912109	0.025335	0.898897	0.407697	0.160523
31371	9.651211	0.073416	1.352305	-0.034992	0.003580	0.006157	-0.156700	-0.043003	0.986710	0.408916	-0.912224	0.025184	0.899018	0.407428	0.160530
31372	9.870918	0.051308	1.340943	-0.049178	0.002302	-0.000462	-0.156664	-0.043025	0.986714	0.408522	-0.912404	0.025077	0.899203	0.407023	0.160518
31373	10.014569	-0.040392	1.354242	-0.058160	0.007732	-0.011711	-0.156731	-0.042972	0.986706	0.408029	-0.912625	0.025066	0.899415	0.406533	0.160570
31374	9.953698	-0.140745	1.315110	-0.053552	0.017599	-0.014426	-0.156889	-0.042930	0.986683	0.407573	-0.912828	0.025090	0.899594	0.406082	0.160710
31375	9.750555	-0.239663	1.251343	-0.033959	0.016010	-0.016049	-0.157047	-0.042871	0.986660	0.407293	-0.912951	0.025160	0.899693	0.405811	0.160838
31376	9.649258	-0.263378	1.231160	-0.008977	0.008500	-0.018585	-0.157141	-0.042754	0.986650	0.407232	-0.912974	0.025297	0.899705	0.405771	0.160876
31377	9.553275	-0.269028	1.276837	0.007716	-0.000385	-0.024763	-0.157185	-0.042551	0.986652	0.407321	-0.912929	0.025519	0.899657	0.405895	0.160831
31378	9.625553	-0.286434	1.294479	0.026523	-0.002946	-0.044157	-0.157280	-0.042154	0.986654	0.407539	-0.912819	0.025965	0.899542	0.406183	0.160747
31379	9.674284	-0.347787	1.253976	0.039626	-0.006993	-0.047168	-0.157358	-0.041718	0.986660	0.407870	-0.912656	0.026460	0.899378	0.406593	0.160630
31380	9.659385	-0.328418	1.196883	0.061741	-0.016071	-0.053921	-0.157375	-0.041178	0.986680	0.408389	-0.912407	0.027059	0.899139	0.407208	0.160407
31381	9.645027	-0.258579	1.161709	0.087970	-0.024159	-0.059933	-0.157350	-0.040557	0.986710	0.409138	-0.912050	0.027757	0.898803	0.408068	0.160104
31382	9.623185	-0.147931	1.169515	0.094921	-0.029398	-0.065108	-0.157294	-0.039860	0.986747	0.409937	-0.911668	0.028519	0.898449	0.408990	0.159740
31383	9.619120	-0.041416	1.266425	0.088773	-0.027550	-0.074608	-0.157300	-0.039090	0.986777	0.410666	-0.911313	0.029363	0.898115	0.409854	0.159403
31384	9.641097	0.103756	1.333971	0.072403	-0.013989	-0.091556	-0.157493	-0.038216	0.986780	0.411220	-0.911031	0.030349	0.897827	0.410564	0.159196
31385	9.677307	0.137474	1.413961	0.055317	0.003308	-0.108787	-0.157917	-0.037259	0.986749	0.411587	-0.910827	0.031477	0.897585	0.411104	0.159170
31386	9.624687	0.074414	1.474712	0.046737	0.015100	-0.118327	-0.158481	-0.036261	0.986696	0.411868	-0.910657	0.032687	0.897356	0.411569	0.159257
31387	9.546016	-0.025441	1.565964	0.058516	0.012841	-0.122165	-0.159046	-0.035227	0.986642	0.412258	-0.910435	0.033950	0.897077	0.412150	0.159324
31388	9.470523	-0.083626	1.591804	0.086523	0.007006	-0.120408	-0.159547	-0.034177	0.986598	0.412890	-0.910099	0.035243	0.896697	0.412980	0.159315
31389	9.490946	-0.115585	1.692462	0.131804	-0.001818	-0.120895	-0.159978	-0.033093	0.986566	0.413929	-0.909573	0.036611	0.896142	0.414225	0.159210
31390	9.527224	-0.077686	1.772748	0.180522	-0.005870	-0.120905	-0.160369	-0.031986	0.986539	0.415401	-0.908842	0.038059	0.895390	0.415913	0.159037
31391	9.560532	0.069806	1.985028	0.206790	0.000841	-0.120740	-0.160825	-0.030919	0.986499	0.417118	-0.907992	0.039543	0.894510	0.417845	0.158924
31392	9.640157	0.143546	2.125059	0.209328	0.011042	-0.127049	-0.161396	-0.029829	0.986439	0.418833	-0.907133	0.041097	0.893605	0.419786	0.158901
31393	9.683008	0.243940	2.208351	0.197562	0.039151	-0.129346	-0.162236	-0.028841	0.986330	0.420430	-0.906322	0.042653	0.892703	0.421603	0.159164
31394	9.735792	0.345182	2.184509	0.201718	0.049430	-0.137773	-0.163199	-0.027818	0.986201	0.422054	-0.905488	0.044301	0.891760	0.423460	0.159516
31395	9.679095	0.429668	2.282181	0.197676	0.057654	-0.147664	-0.164283	-0.026751	0.986050	0.423630	-0.904665	0.046037	0.890814	0.425283	0.159953
31396	9.596422	0.427263	2.389612	0.181308	0.075855	-0.147260	-0.165524	-0.025759	0.985869	0.425049	-0.903910	0.047747	0.889907	0.426946	0.160568
31397	9.569778	0.468075	2.482521	0.168196	0.099383	-0.148644	-0.166988	-0.024861	0.985645	0.426341	-0.903210	0.049449	0.889015	0.428479	0.161424
31398	9.540517	0.449859	2.523150	0.166203	0.127388	-0.161493	-0.168751	-0.023966	0.985367	0.427595	-0.902515	0.051278	0.888080	0.429992	0.162548
31399	9.533617	0.429769	2.601597	0.151696	0.150427	-0.173580	-0.170776	-0.023070	0.985040	0.428696	-0.901881	0.053201	0.887161	0.431369	0.163910
31400	9.484262	0.435059	2.677816	0.111761	0.173155	-0.180687	-0.173028	-0.022204	0.984667	0.429425	-0.901418	0.055133	0.886372	0.432380	0.165506
31401	9.349614	0.430072	2.691894	0.081055	0.185129	-0.191683	-0.175440	-0.021301	0.984260	0.429861	-0.901086	0.057120	0.885686	0.433116	0.167243
31402	9.387019	0.516102	2.669285	0.055283	0.192150	-0.211398	-0.177991	-0.020245	0.983824	0.430026	-0.900870	0.059261	0.885097	0.433617	0.169053
31403	9.570951	0.576837	2.719005	0.043751	0.200710	-0.224408	-0.180682	-0.019115	0.983356	0.430055	-0.900705	0.061510	0.884538	0.434010	0.170962
31404	9.684660	0.757458	2.739781	0.017863	0.219656	-0.245820	-0.183622	-0.017870	0.982834	0.429814	-0.900652	0.063926	0.884049	0.434174	0.173061
31405	9.801839	0.849106	2.753458	-0.008483	0.235454	-0.263442	-0.186784	-0.016540	0.982262	0.429294	-0.900716	0.066466	0.883639	0.434094	0.175340
31406	9.758181	0.988890	2.673691	-0.045383	0.257878	-0.278408	-0.190198	-0.015167	0.981629	0.428417	-0.900936	0.069089	0.883336	0.433687	0.177854
31407	9.823924	1.037073	2.653590	-0.088523	0.262148	-0.283655	-0.193676	-0.013771	0.980969	0.427146	-0.901337	0.071679	0.883196	0.432899	0.180450
31408	9.614209	1.082292	2.558140	-0.126505	0.289135	-0.288385	-0.197401	-0.012437	0.980244	0.425514	-0.901901	0.074246	0.883160	0.431764	0.183328
31409	9.378858	1.018727	2.406201	-0.148361	0.300680	-0.289164	-0.201234	-0.011148	0.979480	0.423677	-0.902554	0.076773	0.883177	0.430433	0.186348
31410	9.254151	0.864305	2.112763	-0.173523	0.279169	-0.279071	-0.204821	-0.009843	0.978750	0.421628	-0.903308	0.079149	0.883334	0.428879	0.189167
31411	9.458961	0.798935	1.869111	-0.198254	0.238241	-0.261218	-0.207976	-0.008526	0.978097	0.419389	-0.904159	0.081294	0.883662	0.427110	0.191619
31412	9.671067	0.702905	1.667444	-0.204811	0.204186	-0.247461	-0.210757	-0.007174	0.977512	0.417110	-0.905032	0.083289	0.884082	0.425284	0.193735
31413	9.935789	0.681811	1.602925	-0.193407	0.184456	-0.243948	-0.213354	-0.005770	0.976958	0.414930	-0.905850	0.085264	0.884485	0.423560	0.195661
31414	10.148380	0.647819	1.453226	-0.188695	0.173514	-0.241384	-0.215830	-0.004333	0.976421	0.412792	-0.906639	0.087221	0.884884	0.421884	0.197468
31415	10.195011	0.655929	1.456037	-0.173334	0.156065	-0.241452	-0.218155	-0.002823	0.975910	0.410783	-0.907359	0.089202	0.885249	0.420347	0.199105
31416	10.285008	0.650971	1.495936	-0.160005	0.134915	-0.251993	-0.220325	-0.001119	0.975426	0.408864	-0.908016	0.091311	0.885600	0.418935	0.200516
31417	9.866192	0.653367	1.593949	-0.153059	0.112852	-0.248643	-0.222290	0.000644	0.974980	0.407008	-0.908637	0.093396	0.885964	0.417586	0.201718
31418	9.326787	0.505892	1.570389	-0.138726	0.092172	-0.270517	-0.224147	0.002702	0.974552	0.405226	-0.909192	0.095723	0.886313	0.416369	0.202698
31419	9.188406	0.379550	1.567589	-0.093200	0.062748	-0.282594	-0.225797	0.004988	0.974162	0.403812	-0.909551	0.098255	0.886539	0.415563	0.203359
31420	9.231104	0.308339	1.687647	-0.049085	0.035689	-0.275832	-0.227168	0.007332	0.973828	0.402802	-0.909718	0.100812	0.886648	0.415161	0.203705
31421	9.316794	0.323009	1.834854	0.000250	0.014981	-0.249482	-0.228255	0.009515	0.973555	0.402287	-0.909677	0.103209	0.886603	0.415206	0.203811
31422	9.400589	0.312481	2.111807	0.050106	-0.003082	-0.202830	-0.228986	0.011356	0.973363	0.402318	-0.909429	0.105256	0.886400	0.415704	0.203678
31423	9.522886	0.316946	2.382059	0.102707	-0.012356	-0.152398	-0.229440	0.012769	0.973239	0.402929	-0.908965	0.106916	0.886005	0.416678	0.203408
31424	9.594270	0.467981	2.790080	0.152171	-0.009000	-0.094472	-0.229684	0.013648	0.973170	0.404111	-0.908298	0.108115	0.885404	0.418101	0.203106
31425	9.722529	0.695477	3.085609	0.172504	-0.007714	-0.051207	-0.229773	0.014122	0.973142	0.405570	-0.907550	0.108931	0.884713	0.419707	0.202803
31426	9.753720	0.915478	3.455670	0.176625	0.013759	-0.031228	-0.229964	0.014330	0.973094	0.407111	-0.906784	0.109563	0.883955	0.421353	0.202694
31427	9.729295	1.181567	3.599562	0.159996	0.044887	-0.007980	-0.230344	0.014188	0.973006	0.408559	-0.906087	0.109932	0.883188	0.422853	0.202915
31428	9.613952	1.420775	3.700786	0.102562	0.095535	0.006974	-0.231101	0.013704	0.972833	0.409531	-0.905635	0.110043	0.882540	0.423837	0.203681
31429	9.578473	1.512382	3.685668	-0.005300	0.143796	0.040014	-0.232157	0.012707	0.972595	0.409628	-0.905644	0.109610	0.882218	0.423849	0.205046
31430	9.723791	1.453443	3.823962	-0.128806	0.192333	0.081389	-0.233463	0.011139	0.972302	0.408732	-0.906179	0.108524	0.882289	0.422747	0.207006
31431	9.730120	1.394963	3.805132	-0.269456	0.238175	0.143988	-0.234929	0.008804	0.971973	0.406743	-0.907310	0.106530	0.882818	0.420370	0.209573
31432	9.613275	1.242515	3.761387	-0.436981	0.275769	0.213637	-0.236442	0.005693	0.971629	0.403437	-0.909135	0.103502	0.883931	0.416464	0.212661
31433	9.572021	1.068686	3.544879	-0.593637	0.305450	0.278219	-0.237981	0.001870	0.971268	0.398898	-0.911582	0.099494	0.885576	0.411114	0.216193
31434	9.598890	0.830651	3.417879	-0.707346	0.343132	0.315204	-0.239717	-0.002425	0.970840	0.393430	-0.914447	0.094861	0.887552	0.404698	0.220163
31435	9.649037	0.479622	3.481408	-0.740412	0.385992	0.332481	-0.241802	-0.007046	0.970300	0.387704	-0.917384	0.089955	0.889504	0.397941	0.224557
31436	9.712603	0.147034	3.504433	-0.714409	0.433643	0.340950	-0.244293	-0.011908	0.969628	0.382224	-0.920152	0.084999	0.891194	0.391380	0.229338
31437	9.746029	-0.023652	3.363587	-0.656372	0.462073	0.345269	-0.247057	-0.016913	0.968853	0.377272	-0.922632	0.080098	0.892541	0.385310	0.234323
31438	9.657055	0.050614	3.057240	-0.564412	0.456224	0.338989	-0.249802	-0.021809	0.968051	0.373125	-0.924708	0.075451	0.893519	0.380052	0.239131
31439	9.585649	0.211822	2.766807	-0.435845	0.416371	0.314239	-0.252311	-0.026320	0.967288	0.370071	-0.926261	0.071327	0.894084	0.375962	0.243446
31440	9.521952	0.465260	2.577648	-0.290222	0.354950	0.276316	-0.254408	-0.030230	0.966624	0.368228	-0.927251	0.067916	0.894251	0.373217	0.247031
31441	9.611543	0.713576	2.656097	-0.159151	0.304632	0.247592	-0.256175	-0.033690	0.966043	0.367490	-0.927746	0.065097	0.894050	0.371688	0.250046
31442	9.607761	0.653863	2.727387	-0.051224	0.269531	0.237414	-0.257655	-0.036914	0.965532	0.367695	-0.927834	0.062648	0.893540	0.371162	0.252634
31443	9.562815	0.363803	2.739686	0.043399	0.244409	0.251625	-0.258866	-0.040184	0.965077	0.368784	-0.927557	0.060299	0.892741	0.371515	0.254932
31444	9.654989	-0.172155	2.773036	0.132363	0.210546	0.299945	-0.259579	-0.043768	0.964730	0.370795	-0.926920	0.057717	0.891700	0.372699	0.256838
31445	9.775476	-0.597443	2.852518	0.236973	0.204847	0.366267	-0.259995	-0.047957	0.964418	0.373913	-0.925846	0.054763	0.890276	0.374846	0.258647
31446	9.845744	-0.944728	2.986484	0.380070	0.223116	0.429702	-0.260306	-0.052792	0.964082	0.378462	-0.924178	0.051579	0.888261	0.378295	0.260549
31447	9.834605	-1.209100	3.193980	0.566767	0.261852	0.493779	-0.260697	-0.058376	0.963654	0.384828	-0.921725	0.048272	0.885406	0.383426	0.262756
