// General information: 
//  MT Manager version: 2022.2.0 
//  XDA version: 2022.2.0 build 7381 rev 124627 built on 2023-07-19
// Device information: 
//  DeviceId: 00B4CB9F
//  ProductCode: MTW2-3A7G6
//  Firmware Version: 4.6.0
//  Hardware Version: 2.0.0
// Device settings: 
//  Filter Profile: human(46.1)
//  Option Flags: Orientation Smoother Disabled, Position/Velocity Smoother Disabled, Continuous Zero Rotation Update Disabled, AHS Disabled, ICC Disabled
// Coordinate system: ENU
PacketCounter	Acc_X	Acc_Y	Acc_Z	Gyr_X	Gyr_Y	Gyr_Z	Mat[1][1]	Mat[2][1]	Mat[3][1]	Mat[1][2]	Mat[2][2]	Mat[3][2]	Mat[1][3]	Mat[2][3]	Mat[3][3]
56294	9.739584	0.041513	0.402108	-0.172991	0.008119	-0.026329	-0.016156	0.025697	0.999539	-0.697663	0.715811	-0.029679	-0.716244	-0.697821	0.006363
56295	9.788161	-0.245664	0.160897	-0.179669	-0.004705	-0.027863	-0.016033	0.025492	0.999546	-0.696637	0.716819	-0.029456	-0.717244	-0.696793	0.006266
56296	9.805979	-0.454413	0.139208	-0.173466	-0.011197	-0.026064	-0.015989	0.025220	0.999554	-0.695431	0.717998	-0.029240	-0.718415	-0.695588	0.006059
56297	9.863900	-0.580350	0.120708	-0.166342	-0.004833	-0.041332	-0.015814	0.024899	0.999565	-0.694130	0.719270	-0.028898	-0.719676	-0.694285	0.005908
56298	9.836753	-0.688316	-0.137940	-0.123417	0.008709	-0.044979	-0.015496	0.024629	0.999577	-0.693283	0.720102	-0.028491	-0.720499	-0.693431	0.005916
56299	9.815348	-0.740456	-0.096650	-0.068704	0.015196	-0.047645	-0.015132	0.024412	0.999587	-0.692870	0.720515	-0.028085	-0.720903	-0.693009	0.006012
56300	9.864990	-0.594790	-0.048362	-0.041570	0.017985	-0.052450	-0.014696	0.024152	0.999600	-0.692613	0.720781	-0.027598	-0.721159	-0.692742	0.006136
56301	9.785193	-0.445621	0.024457	-0.017393	0.027076	-0.050374	-0.014137	0.024013	0.999612	-0.692894	0.720529	-0.027108	-0.720901	-0.693008	0.006452
56302	9.799854	-0.402950	-0.000800	0.001819	0.012103	-0.046525	-0.013784	0.023755	0.999623	-0.692949	0.720493	-0.026677	-0.720855	-0.693055	0.006530
56303	9.865329	-0.464916	-0.188444	0.008062	0.005965	-0.025321	-0.013673	0.023631	0.999627	-0.693014	0.720437	-0.026510	-0.720795	-0.693118	0.006527
56304	9.727393	-0.426233	-0.166528	0.047317	-0.002939	-0.018301	-0.013624	0.023473	0.999632	-0.693393	0.720078	-0.026359	-0.720431	-0.693496	0.006466
56305	9.801203	-0.375582	0.028755	0.074795	0.001120	-0.019871	-0.013551	0.023354	0.999635	-0.693980	0.719517	-0.026217	-0.719867	-0.694082	0.006457
56306	9.765713	-0.332443	-0.020287	0.099659	-0.010593	-0.016492	-0.013569	0.023156	0.999640	-0.694735	0.718793	-0.026081	-0.719138	-0.694838	0.006334
56307	9.838535	-0.180708	0.357291	0.103842	-0.001614	-0.025201	-0.013506	0.022979	0.999645	-0.695476	0.718083	-0.025903	-0.718423	-0.695578	0.006283
56308	9.691287	-0.079357	0.547039	0.089967	-0.001293	-0.029837	-0.013365	0.022749	0.999652	-0.696161	0.717428	-0.025634	-0.717761	-0.696261	0.006249
56309	9.675288	-0.017946	0.399625	0.086150	-0.022715	-0.030320	-0.013407	0.022390	0.999659	-0.696783	0.716833	-0.025400	-0.717157	-0.696886	0.005991
56310	9.806261	0.050868	0.601164	0.055802	-0.005306	-0.033097	-0.013271	0.022110	0.999667	-0.697222	0.716415	-0.025101	-0.716732	-0.697324	0.005908
56311	9.810374	0.013130	0.502719	0.011704	-0.001234	-0.029786	-0.013144	0.021905	0.999674	-0.697351	0.716298	-0.024864	-0.716609	-0.697450	0.005861
56312	9.763099	-0.134446	0.314026	0.000632	-0.005007	-0.017324	-0.013116	0.021739	0.999678	-0.697393	0.716262	-0.024726	-0.716569	-0.697493	0.005767
56313	9.944031	-0.191131	0.328730	-0.025153	0.022247	-0.021886	-0.012854	0.021765	0.999680	-0.697400	0.716261	-0.024562	-0.716567	-0.697493	0.005972
56314	9.666399	-0.305964	-0.063951	-0.024887	0.010879	-0.019102	-0.012700	0.021697	0.999684	-0.697259	0.716403	-0.024407	-0.716706	-0.697349	0.006030
56315	9.694456	-0.412459	-0.200055	-0.022974	-0.018040	-0.024728	-0.012734	0.021413	0.999690	-0.697125	0.716540	-0.024228	-0.716836	-0.697217	0.005803
56316	9.712515	-0.384308	-0.157798	-0.019791	-0.032027	-0.028495	-0.012822	0.020979	0.999698	-0.697023	0.716648	-0.023979	-0.716934	-0.697119	0.005434
56317	9.738737	-0.316688	-0.102401	-0.026902	-0.045852	-0.036998	-0.012981	0.020409	0.999707	-0.696824	0.716851	-0.023683	-0.717125	-0.696927	0.004916
56318	9.840134	-0.207370	0.004964	-0.038877	-0.047794	-0.038113	-0.013116	0.019797	0.999718	-0.696586	0.717094	-0.023339	-0.717354	-0.696695	0.004385
56319	9.907522	-0.108955	0.079558	-0.061661	-0.036434	-0.042194	-0.013151	0.019251	0.999728	-0.696074	0.717603	-0.022975	-0.717850	-0.696186	0.003962
56320	9.860614	-0.041940	0.138799	-0.088601	-0.037379	-0.041585	-0.013187	0.018685	0.999738	-0.695478	0.718192	-0.022597	-0.718426	-0.695594	0.003524
56321	9.874243	-0.155377	0.197610	-0.111415	-0.016400	-0.052952	-0.013068	0.018194	0.999749	-0.694419	0.719230	-0.022166	-0.719452	-0.694534	0.003236
56322	9.775948	-0.288135	0.127507	-0.113884	-0.013611	-0.055149	-0.012840	0.017697	0.999761	-0.693642	0.719994	-0.021653	-0.720206	-0.693754	0.003030
56323	9.773825	-0.386804	0.198621	-0.099059	-0.016480	-0.052658	-0.012656	0.017213	0.999772	-0.692889	0.720734	-0.021180	-0.720934	-0.692999	0.002805
56324	9.874156	-0.388380	0.240250	-0.079092	-0.006660	-0.049191	-0.012420	0.016806	0.999782	-0.692360	0.721254	-0.020725	-0.721445	-0.692466	0.002678
56325	9.743477	-0.384766	-0.093079	-0.049977	-0.008942	-0.035139	-0.012286	0.016510	0.999788	-0.692089	0.721523	-0.020419	-0.721708	-0.692193	0.002562
56326	9.907834	-0.444789	-0.098438	0.019045	-0.024948	-0.031480	-0.012305	0.016104	0.999795	-0.692266	0.721361	-0.020139	-0.721538	-0.692372	0.002272
56327	9.918178	-0.418930	-0.369183	0.053834	-0.002098	-0.020997	-0.012260	0.015948	0.999798	-0.692583	0.721061	-0.019995	-0.721234	-0.692688	0.002205
56328	9.648732	-0.511428	-0.421889	0.105614	-0.031307	-0.011168	-0.012466	0.015645	0.999800	-0.693382	0.720295	-0.019916	-0.720463	-0.693491	0.001869
56329	9.922004	-0.557682	-0.042059	0.136434	-0.028813	-0.012394	-0.012663	0.015386	0.999801	-0.694581	0.719141	-0.019864	-0.719303	-0.694694	0.001580
56330	9.726721	-0.473291	-0.159049	0.153820	-0.021787	-0.007246	-0.012826	0.015176	0.999803	-0.695723	0.718037	-0.019825	-0.718196	-0.695840	0.001349
56331	9.695654	-0.332649	-0.068880	0.185490	-0.033377	0.000915	-0.013121	0.014965	0.999802	-0.697100	0.716698	-0.019876	-0.716853	-0.697223	0.001028
56332	9.781891	-0.007467	0.160970	0.159092	-0.028597	-0.011102	-0.013305	0.014679	0.999804	-0.698277	0.715554	-0.019799	-0.715704	-0.698403	0.000730
56333	9.742909	0.096223	0.235401	0.097725	-0.029417	-0.020764	-0.013470	0.014340	0.999806	-0.698914	0.714935	-0.019670	-0.715079	-0.699044	0.000392
56334	9.662856	0.078217	0.249620	0.042837	-0.038909	-0.029441	-0.013600	0.013851	0.999812	-0.699260	0.714604	-0.019411	-0.714738	-0.699392	-0.000033
56335	9.818460	-0.011107	0.370109	0.000180	-0.038947	-0.045157	-0.013656	0.013276	0.999819	-0.699313	0.714562	-0.019040	-0.714685	-0.699446	-0.000474
56336	9.929981	-0.005067	0.467729	-0.042209	-0.034063	-0.057333	-0.013556	0.012622	0.999828	-0.699055	0.714828	-0.018502	-0.714939	-0.699186	-0.000867
56337	9.988215	0.036290	0.500836	-0.068552	-0.019672	-0.053517	-0.013483	0.012106	0.999836	-0.698246	0.715630	-0.018081	-0.715731	-0.698375	-0.001196
56338	10.112173	0.030776	0.376046	-0.072070	0.015696	-0.040440	-0.013146	0.011920	0.999843	-0.697771	0.716102	-0.017712	-0.716200	-0.697894	-0.001096
56339	9.608499	-0.219273	-0.315134	-0.026935	-0.006278	-0.031048	-0.013046	0.011678	0.999847	-0.697717	0.716161	-0.017468	-0.716255	-0.697837	-0.001195
56340	9.784490	-0.309572	-0.574876	0.020513	-0.037017	-0.034975	-0.013124	0.011163	0.999852	-0.697904	0.715986	-0.017154	-0.716071	-0.698025	-0.001606
56341	9.768572	-0.384907	-0.606357	0.041405	-0.019725	-0.021596	-0.013221	0.010889	0.999853	-0.698172	0.715728	-0.017026	-0.715808	-0.698294	-0.001861
56342	9.676699	-0.402097	-0.507081	0.086136	-0.029982	-0.018723	-0.013362	0.010539	0.999855	-0.698826	0.715092	-0.016877	-0.715166	-0.698951	-0.002191
56343	9.768013	-0.251889	-0.258705	0.104003	-0.032369	-0.015055	-0.013636	0.010213	0.999855	-0.699346	0.714585	-0.016837	-0.714653	-0.699474	-0.002602
56344	9.881124	-0.024714	-0.023614	0.098508	-0.023336	-0.010394	-0.013788	0.009968	0.999855	-0.700087	0.713861	-0.016771	-0.713925	-0.700217	-0.002864
56345	9.775701	0.133715	0.354349	0.071554	-0.008467	-0.005261	-0.013921	0.009884	0.999854	-0.700501	0.713454	-0.016806	-0.713516	-0.700633	-0.003008
56346	9.731934	0.165702	0.460018	0.000390	-0.015821	-0.013196	-0.013999	0.009673	0.999855	-0.700541	0.713416	-0.016710	-0.713475	-0.700674	-0.003211
56347	9.730985	0.146955	0.429742	-0.056688	-0.030725	-0.017152	-0.014176	0.009351	0.999856	-0.700198	0.713756	-0.016603	-0.713808	-0.700332	-0.003571
56348	9.783812	0.002033	0.423920	-0.093081	-0.031772	-0.034942	-0.014216	0.008872	0.999860	-0.699574	0.714374	-0.016286	-0.714419	-0.699707	-0.003949
56349	9.869575	-0.057880	0.463232	-0.087718	-0.024150	-0.042596	-0.014167	0.008419	0.999864	-0.699029	0.714916	-0.015925	-0.714953	-0.699160	-0.004243
56350	10.036698	-0.085264	0.371862	-0.072887	-0.005095	-0.043316	-0.013959	0.008068	0.999870	-0.698550	0.715393	-0.015524	-0.715425	-0.698676	-0.004350
56351	9.871161	-0.169275	-0.005527	-0.009286	-0.008045	-0.034801	-0.013823	0.007780	0.999874	-0.698610	0.715341	-0.015225	-0.715370	-0.698732	-0.004453
56352	9.954920	-0.186489	-0.121374	0.034951	0.010471	-0.022041	-0.013652	0.007690	0.999877	-0.698899	0.715062	-0.015042	-0.715090	-0.699018	-0.004388
56353	9.512785	-0.417459	-0.703548	0.079843	-0.011882	-0.000218	-0.013866	0.007627	0.999875	-0.699405	0.714565	-0.015150	-0.714591	-0.699528	-0.004574
56354	9.642437	-0.473806	-0.457744	0.143056	-0.028288	0.000927	-0.014133	0.007429	0.999873	-0.700463	0.713527	-0.015202	-0.713549	-0.700588	-0.004880
56355	9.733907	-0.324831	-0.208050	0.154808	-0.002596	0.003327	-0.014264	0.007461	0.999870	-0.701717	0.712290	-0.015326	-0.712312	-0.701845	-0.004924
56356	9.685370	-0.190033	-0.134647	0.150775	-0.034146	-0.000390	-0.014562	0.007212	0.999868	-0.702827	0.711195	-0.015365	-0.711212	-0.702958	-0.005288
56357	9.863234	0.020268	0.364481	0.121106	-0.031877	-0.009327	-0.014745	0.006936	0.999867	-0.703822	0.710211	-0.015306	-0.710223	-0.703954	-0.005590
56358	9.859816	0.278860	0.708929	0.045857	-0.024253	-0.019587	-0.014837	0.006620	0.999868	-0.704187	0.709853	-0.015149	-0.709860	-0.704318	-0.005870
56359	9.898480	0.363980	0.709158	-0.015301	-0.024170	-0.025866	-0.014915	0.006285	0.999869	-0.704150	0.709894	-0.014966	-0.709895	-0.704281	-0.006163
56360	9.971743	0.285603	0.806332	-0.047203	0.004667	-0.021332	-0.014789	0.006160	0.999872	-0.703854	0.710191	-0.014786	-0.710191	-0.703982	-0.006168
56361	9.783325	0.089763	0.275099	-0.037633	0.012468	-0.014739	-0.014728	0.006140	0.999873	-0.703239	0.710801	-0.014723	-0.710801	-0.703366	-0.006151
56362	9.692042	-0.152001	-0.014027	0.010192	-0.000560	-0.014735	-0.014686	0.006025	0.999874	-0.703350	0.710694	-0.014613	-0.710692	-0.703476	-0.006200
56363	9.701120	-0.389014	-0.119209	0.042989	-0.000110	-0.012562	-0.014687	0.005948	0.999874	-0.703577	0.710470	-0.014561	-0.710467	-0.703703	-0.006250
56364	9.612576	-0.478558	-0.286364	0.081575	-0.031120	-0.004345	-0.014935	0.005692	0.999872	-0.704193	0.709859	-0.014559	-0.709851	-0.704321	-0.006594
56365	9.771040	-0.446998	-0.211859	0.125437	-0.044128	0.004535	-0.015388	0.005423	0.999867	-0.704984	0.709071	-0.014696	-0.709056	-0.705117	-0.007089
56366	9.918449	-0.218457	-0.088072	0.109768	-0.016369	0.020350	-0.015706	0.005444	0.999862	-0.705795	0.708259	-0.014943	-0.708242	-0.705932	-0.007281
56367	9.728120	-0.039374	-0.322049	0.108926	-0.035548	0.025738	-0.016240	0.005394	0.999854	-0.706584	0.707464	-0.015293	-0.707443	-0.706728	-0.007678
56368	9.799720	0.053677	-0.034504	0.071486	-0.036348	0.018077	-0.016682	0.005258	0.999847	-0.707122	0.706921	-0.015516	-0.706895	-0.707273	-0.008075
56369	9.719782	0.021048	-0.161775	-0.006369	-0.038743	0.005301	-0.017084	0.005039	0.999841	-0.707093	0.706947	-0.015644	-0.706914	-0.707248	-0.008514
56370	9.721075	-0.050883	-0.177981	-0.041144	-0.059703	-0.012756	-0.017473	0.004519	0.999837	-0.706841	0.707202	-0.015549	-0.707157	-0.706997	-0.009163
56371	9.851821	-0.101766	0.063212	-0.080317	-0.063462	-0.032448	-0.017800	0.003850	0.999834	-0.706123	0.707924	-0.015297	-0.707865	-0.706278	-0.009882
56372	9.894018	-0.150017	-0.078772	-0.106558	-0.079190	-0.041604	-0.018125	0.002989	0.999831	-0.705412	0.708641	-0.014906	-0.708566	-0.705563	-0.010735
56373	9.890026	-0.113676	0.124498	-0.102151	-0.090447	-0.047642	-0.018565	0.002027	0.999826	-0.704511	0.709545	-0.014520	-0.709450	-0.704658	-0.011745
56374	9.877340	-0.136984	0.285670	-0.105221	-0.083814	-0.044513	-0.018905	0.001114	0.999821	-0.703808	0.710250	-0.014099	-0.710138	-0.703949	-0.012643
56375	9.831909	-0.142586	-0.183546	-0.067557	-0.082482	-0.017515	-0.019447	0.000421	0.999811	-0.703292	0.710763	-0.013978	-0.710635	-0.703431	-0.013526
56376	9.896730	-0.084938	-0.169198	0.000577	-0.051305	-0.022292	-0.019712	-0.000105	0.999806	-0.703337	0.710723	-0.013792	-0.710584	-0.703472	-0.014084
56377	9.817654	0.091983	0.323326	0.008002	-0.024785	-0.054174	-0.019629	-0.000647	0.999807	-0.703322	0.710746	-0.013349	-0.710600	-0.703448	-0.014406
56378	9.925694	0.204595	0.901226	-0.020002	-0.010496	-0.086467	-0.019154	-0.001342	0.999816	-0.703233	0.710850	-0.012518	-0.710702	-0.703343	-0.014559
56379	9.876886	0.030420	1.313353	-0.095030	0.017801	-0.120404	-0.018335	-0.002058	0.999830	-0.702382	0.711708	-0.011416	-0.711564	-0.702472	-0.014495
56380	9.980123	-0.333490	1.453319	-0.160734	0.019740	-0.139903	-0.017271	-0.002922	0.999847	-0.701299	0.712797	-0.010031	-0.712658	-0.701364	-0.014360
56381	9.895403	-0.649088	1.225660	-0.135872	0.031694	-0.131640	-0.016245	-0.003616	0.999862	-0.700306	0.713788	-0.008797	-0.713657	-0.700352	-0.014127
56382	9.784345	-0.732621	1.087047	-0.097974	0.014613	-0.129332	-0.015293	-0.004443	0.999873	-0.699664	0.714433	-0.007527	-0.714309	-0.699690	-0.014035
56383	9.796283	-0.709520	0.633942	-0.088345	0.014720	-0.142787	-0.014274	-0.005336	0.999884	-0.699051	0.715045	-0.006164	-0.714929	-0.699058	-0.013937
56384	9.784003	-0.731206	0.406510	-0.052673	0.015380	-0.158954	-0.013112	-0.006372	0.999894	-0.698733	0.715368	-0.004604	-0.715263	-0.698719	-0.013832
56385	9.889997	-0.625128	0.192304	-0.027056	0.023297	-0.184182	-0.011782	-0.007502	0.999902	-0.698428	0.715675	-0.002860	-0.715584	-0.698393	-0.013671
56386	10.046731	-0.509341	0.144327	-0.034332	0.076616	-0.202619	-0.009877	-0.008423	0.999916	-0.698241	0.715863	-0.000866	-0.715795	-0.698190	-0.012952
56387	9.838114	-0.540164	-0.228241	0.048737	0.117481	-0.173821	-0.007883	-0.008818	0.999930	-0.698677	0.715436	0.000801	-0.715393	-0.698622	-0.011801
56388	9.561503	-0.460334	-0.169667	0.194932	0.114274	-0.143879	-0.006119	-0.009053	0.999940	-0.700117	0.714025	0.002181	-0.714002	-0.700062	-0.010707
56389	9.451938	-0.095291	0.188545	0.240867	0.119244	-0.158729	-0.004292	-0.009329	0.999947	-0.701644	0.712518	0.003636	-0.712514	-0.701592	-0.009604
56390	9.335653	0.091486	0.035850	0.182515	0.092096	-0.174721	-0.002468	-0.009932	0.999948	-0.702986	0.711184	0.005329	-0.711199	-0.702936	-0.008738
56391	9.513515	0.241591	0.135124	0.116109	0.069426	-0.192592	-0.000633	-0.010785	0.999942	-0.704005	0.710158	0.007214	-0.710194	-0.703960	-0.008042
56392	9.870859	0.342070	0.759140	-0.024417	0.087361	-0.215536	0.001447	-0.011707	0.999930	-0.703868	0.710270	0.009334	-0.710330	-0.703832	-0.007213
56393	9.720339	-0.000802	0.373121	-0.181453	0.091859	-0.217829	0.003522	-0.012583	0.999915	-0.702506	0.711586	0.011430	-0.711669	-0.702486	-0.006334
56394	9.673212	-0.609654	-0.379279	-0.199322	0.055328	-0.197727	0.005245	-0.013610	0.999894	-0.701115	0.712923	0.013382	-0.713029	-0.701110	-0.005802
56395	9.855770	-1.055137	-0.851953	-0.166001	0.042745	-0.184764	0.006682	-0.014619	0.999871	-0.699652	0.714324	0.015119	-0.714453	-0.699662	-0.005455
56396	9.796231	-1.396929	-1.335126	-0.075908	0.020193	-0.156195	0.007860	-0.015599	0.999847	-0.699135	0.714796	0.016648	-0.714947	-0.699159	-0.005288
56397	9.654195	-1.674644	-1.762461	0.083215	-0.028906	-0.123147	0.008458	-0.016633	0.999826	-0.699939	0.713980	0.017799	-0.714152	-0.699968	-0.005604
56398	9.825957	-1.679907	-2.225870	0.270586	-0.108138	-0.104720	0.008362	-0.018144	0.999800	-0.701897	0.712030	0.018792	-0.712229	-0.701915	-0.006781
56399	10.099051	-1.134972	-1.965537	0.399660	-0.119990	-0.110325	0.008201	-0.019769	0.999771	-0.704552	0.709376	0.019806	-0.709605	-0.704553	-0.008110
56400	9.839594	-0.302144	-1.677986	0.416353	-0.121475	-0.111001	0.008066	-0.021419	0.999738	-0.707528	0.706378	0.020842	-0.706639	-0.707511	-0.009457
56401	10.038604	0.558058	-1.334660	0.380679	-0.124220	-0.113839	0.007816	-0.023086	0.999703	-0.709979	0.703885	0.021806	-0.704179	-0.709939	-0.010888
56402	10.020257	1.277624	-0.821016	0.237672	-0.101007	-0.147404	0.008095	-0.024847	0.999658	-0.711676	0.702125	0.023215	-0.702462	-0.711621	-0.011999
56403	9.605806	1.526470	-0.357885	0.000642	-0.137316	-0.188383	0.008427	-0.027115	0.999597	-0.711894	0.701840	0.025040	-0.702236	-0.711818	-0.013388
56404	9.617661	1.087897	-0.011278	-0.195213	-0.180304	-0.206086	0.008567	-0.029851	0.999518	-0.710541	0.703134	0.027090	-0.703604	-0.710430	-0.015187
56405	9.718782	0.378667	0.466306	-0.324859	-0.208642	-0.220530	0.008574	-0.032859	0.999423	-0.708302	0.705303	0.029265	-0.705857	-0.708145	-0.017226
56406	9.666623	-0.232919	0.287583	-0.372101	-0.236500	-0.204710	0.008290	-0.035983	0.999318	-0.705690	0.707827	0.031342	-0.708472	-0.705469	-0.019525
56407	9.736522	-0.716459	0.327707	-0.325660	-0.252118	-0.188328	0.007704	-0.039073	0.999207	-0.703363	0.710056	0.033189	-0.710789	-0.703061	-0.022012
56408	9.742610	-0.882809	0.262812	-0.243474	-0.261486	-0.184805	0.007083	-0.042229	0.999083	-0.701653	0.711656	0.035054	-0.712483	-0.701258	-0.024589
56409	9.699989	-0.713574	-0.299433	-0.111430	-0.283515	-0.170037	0.006182	-0.045404	0.998950	-0.700909	0.712305	0.036713	-0.713224	-0.700400	-0.027420
56410	9.959198	-0.208524	-0.362398	0.016738	-0.263536	-0.180039	0.005506	-0.048538	0.998806	-0.701055	0.712069	0.038468	-0.713086	-0.700429	-0.030107
56411	10.210536	0.199373	-1.415068	0.080687	-0.211202	-0.190435	0.005278	-0.051359	0.998666	-0.701645	0.711386	0.040293	-0.712507	-0.700922	-0.032281
56412	10.147970	0.280112	-2.479981	0.102319	-0.194870	-0.195717	0.005205	-0.054123	0.998521	-0.702401	0.710531	0.042174	-0.711763	-0.701581	-0.034317
56413	9.942712	0.640485	-2.361041	0.058517	-0.222700	-0.206642	0.004965	-0.057134	0.998354	-0.702830	0.709988	0.044127	-0.711341	-0.701892	-0.036631
56414	9.659442	0.874871	-2.406678	-0.057365	-0.278674	-0.212662	0.004418	-0.060606	0.998152	-0.702448	0.710232	0.046233	-0.711721	-0.701354	-0.039435
56415	9.493027	1.040160	-1.575006	-0.169160	-0.316721	-0.232315	0.003614	-0.064469	0.997913	-0.701059	0.711452	0.048502	-0.713094	-0.699772	-0.042625
56416	9.652948	0.954565	-0.719446	-0.246311	-0.326985	-0.255671	0.003011	-0.068581	0.997641	-0.699329	0.712970	0.051122	-0.714794	-0.697833	-0.045814
56417	9.819930	0.896360	0.348496	-0.317239	-0.295497	-0.247582	0.002567	-0.072398	0.997373	-0.697177	0.714886	0.053686	-0.716894	-0.695483	-0.048639
56418	9.656582	0.668829	1.330246	-0.327604	-0.275011	-0.240343	0.002206	-0.076033	0.997103	-0.694856	0.716949	0.056207	-0.719146	-0.692967	-0.051251
56419	9.696288	-0.011390	1.840125	-0.294383	-0.251401	-0.232642	0.001897	-0.079421	0.996839	-0.692821	0.718726	0.058581	-0.721107	-0.690742	-0.053661
56420	9.848552	-0.211566	1.902441	-0.094989	-0.231787	-0.215726	0.001659	-0.082577	0.996583	-0.692169	0.719175	0.060743	-0.721734	-0.689904	-0.055964
56421	9.844342	0.386592	2.088310	0.135664	-0.218864	-0.230252	0.001570	-0.085704	0.996319	-0.693346	0.717859	0.062843	-0.720603	-0.690893	-0.058295
56422	9.674500	1.354039	1.833210	0.290754	-0.172616	-0.239021	0.001929	-0.088617	0.996064	-0.695471	0.715607	0.065012	-0.718551	-0.692859	-0.060250
56423	9.336839	2.014504	1.054773	0.411202	-0.150825	-0.182237	0.002047	-0.090942	0.995854	-0.698486	0.712527	0.066504	-0.715621	-0.695726	-0.062063
56424	9.530504	2.333735	0.364895	0.461965	-0.146810	-0.124811	0.001813	-0.092859	0.995678	-0.701818	0.709159	0.067416	-0.712353	-0.698907	-0.063884
56425	10.428284	2.345750	-0.513606	0.439785	-0.060316	-0.088860	0.001968	-0.093893	0.995580	-0.705056	0.705887	0.067965	-0.709149	-0.702074	-0.064811
56426	9.610881	2.087351	-1.721079	0.351836	-0.022297	-0.067308	0.002226	-0.094530	0.995520	-0.707581	0.703317	0.068366	-0.706629	-0.704563	-0.065322
56427	9.346769	2.194260	-0.751264	0.217144	-0.065400	-0.064252	0.002128	-0.095427	0.995434	-0.709076	0.701769	0.068790	-0.705129	-0.705985	-0.066172
56428	9.379292	2.283897	-0.804804	0.080944	-0.112228	-0.065660	0.001743	-0.096687	0.995313	-0.709681	0.701102	0.069349	-0.704521	-0.706476	-0.067394
56429	9.684124	1.733544	-0.308494	-0.086115	-0.124849	-0.056150	0.001148	-0.097947	0.995191	-0.709031	0.701706	0.069880	-0.705176	-0.705701	-0.068642
56430	9.617038	0.921782	0.391647	-0.150368	-0.115090	-0.050713	0.000636	-0.099121	0.995075	-0.708005	0.702685	0.070448	-0.706207	-0.704563	-0.069731
56431	9.619371	0.653925	0.473502	-0.056464	-0.115971	-0.036100	-0.000054	-0.100187	0.994969	-0.707415	0.703246	0.070774	-0.706798	-0.703852	-0.070912
56432	9.763249	0.652823	0.417098	0.163202	-0.107008	-0.000669	-0.000865	-0.100952	0.994891	-0.708604	0.702064	0.070623	-0.705606	-0.704922	-0.072142
56433	9.799836	1.118774	0.211564	0.326413	-0.088366	0.010190	-0.001625	-0.101488	0.994835	-0.710946	0.699732	0.070222	-0.703245	-0.707160	-0.073289
56434	9.597913	1.627069	-1.080016	0.480783	-0.124734	0.048057	-0.002901	-0.102043	0.994776	-0.714353	0.696341	0.069347	-0.699779	-0.710420	-0.074915
56435	9.559666	1.780987	-1.181300	0.518612	-0.154725	0.079016	-0.004660	-0.102573	0.994715	-0.717919	0.692790	0.068076	-0.696111	-0.713807	-0.076867
56436	9.771136	1.807230	-2.027979	0.482992	-0.196910	0.114712	-0.006912	-0.103196	0.994637	-0.721301	0.689421	0.066517	-0.692588	-0.716973	-0.079200
56437	9.989704	1.744639	-2.490322	0.419242	-0.192872	0.136818	-0.009339	-0.103613	0.994574	-0.724211	0.686534	0.064722	-0.689515	-0.719677	-0.081450
56438	9.993764	1.804693	-1.964371	0.242172	-0.133800	0.124751	-0.011224	-0.103730	0.994542	-0.725900	0.684886	0.063240	-0.687708	-0.721229	-0.082985
56439	9.535735	1.739112	-2.292213	0.121524	-0.133663	0.131304	-0.013178	-0.103782	0.994513	-0.726725	0.684146	0.061764	-0.686802	-0.721924	-0.084437
56440	9.550062	1.467837	-1.428783	-0.046942	-0.151503	0.115724	-0.015119	-0.104091	0.994453	-0.726421	0.684572	0.060611	-0.687084	-0.721475	-0.085964
56441	9.482588	1.446908	-0.795537	-0.141661	-0.165087	0.087753	-0.016966	-0.104669	0.994362	-0.725474	0.685647	0.059795	-0.688040	-0.720370	-0.087568
56442	9.673474	1.172156	-0.415967	-0.216168	-0.176939	0.066012	-0.018723	-0.105497	0.994243	-0.724008	0.687239	0.059287	-0.689538	-0.718730	-0.089247
56443	9.710743	1.180159	0.079735	-0.222877	-0.183791	0.062263	-0.020506	-0.106380	0.994114	-0.722499	0.688866	0.058812	-0.691067	-0.717041	-0.090985
56444	9.947564	1.024661	0.098434	-0.248970	-0.206406	0.056360	-0.022400	-0.107476	0.993955	-0.720799	0.690676	0.058438	-0.692782	-0.715133	-0.092940
56445	10.120959	0.542721	-0.569163	-0.213381	-0.240139	0.059489	-0.024534	-0.108773	0.993764	-0.719390	0.692180	0.058003	-0.694173	-0.713481	-0.095233
56446	10.055743	0.679732	-0.587519	-0.077524	-0.229710	0.064942	-0.026656	-0.109969	0.993578	-0.718869	0.692772	0.057390	-0.694634	-0.712723	-0.097520
56447	8.919617	1.407267	-1.265938	0.033587	-0.244371	0.132458	-0.029365	-0.110787	0.993410	-0.719059	0.692689	0.055995	-0.694328	-0.712676	-0.100004
56448	8.982761	1.448800	-1.645782	0.160932	-0.338723	0.199820	-0.033212	-0.111826	0.993173	-0.720147	0.691733	0.053804	-0.693026	-0.713443	-0.103505
56449	10.606270	1.109946	-1.276653	0.092645	-0.279954	0.219393	-0.036798	-0.112301	0.992993	-0.720705	0.691328	0.051477	-0.692264	-0.713761	-0.106376
56450	9.876875	0.556677	-2.582247	0.102392	-0.216746	0.227380	-0.039996	-0.112285	0.992871	-0.721360	0.690820	0.049066	-0.691405	-0.714255	-0.108628
56451	9.599044	0.346512	-1.632762	0.043295	-0.232133	0.207316	-0.043163	-0.112507	0.992713	-0.721555	0.690766	0.046913	-0.691010	-0.714272	-0.110996
56452	9.436279	0.536592	-1.189306	-0.006365	-0.199384	0.188622	-0.045961	-0.112635	0.992573	-0.721460	0.690992	0.045005	-0.690929	-0.714033	-0.113020
56453	9.436789	0.408964	-0.906404	-0.024436	-0.201022	0.190642	-0.048794	-0.112743	0.992425	-0.721230	0.691355	0.043080	-0.690975	-0.713665	-0.115048
56454	9.545900	0.696099	-0.144620	0.002241	-0.190178	0.197265	-0.051590	-0.112743	0.992284	-0.721179	0.691530	0.041076	-0.690825	-0.713495	-0.116984
56455	9.553369	1.137995	0.465791	-0.017452	-0.183496	0.193768	-0.054314	-0.112706	0.992143	-0.720988	0.691843	0.039123	-0.690816	-0.713198	-0.118837
56456	9.823907	1.215885	0.806148	-0.023617	-0.160785	0.189612	-0.056851	-0.112548	0.992019	-0.720752	0.692193	0.037226	-0.690858	-0.712883	-0.120471
56457	9.748016	1.293512	1.052487	0.010166	-0.148269	0.200065	-0.059369	-0.112213	0.991909	-0.720760	0.692291	0.035178	-0.690637	-0.712840	-0.121979
56458	9.671976	1.321714	1.074552	0.067704	-0.167513	0.202397	-0.062043	-0.112013	0.991768	-0.721138	0.692003	0.033044	-0.690008	-0.713151	-0.123711
56459	9.678059	1.337524	0.700907	0.097401	-0.204833	0.219698	-0.065076	-0.111951	0.991581	-0.721753	0.691470	0.030700	-0.689085	-0.713678	-0.125799
56460	9.646319	1.188567	-0.052548	0.214908	-0.266139	0.251229	-0.068782	-0.112123	0.991311	-0.723096	0.690184	0.027892	-0.687314	-0.714895	-0.128548
56461	9.868837	1.141760	-1.078995	0.319825	-0.280396	0.292693	-0.072876	-0.112099	0.991021	-0.725117	0.688189	0.024522	-0.684759	-0.716819	-0.131438
56462	10.156648	1.031263	-1.833579	0.408157	-0.233692	0.335288	-0.076967	-0.111482	0.990781	-0.727686	0.685601	0.020614	-0.681578	-0.719391	-0.133893
56463	9.589399	0.417560	-3.504628	0.482482	-0.285805	0.384426	-0.081761	-0.110902	0.990463	-0.730731	0.682476	0.016096	-0.677752	-0.722446	-0.136839
56464	9.707643	-0.015608	-4.078002	0.503075	-0.389955	0.420945	-0.087538	-0.110866	0.989973	-0.733805	0.679268	0.011185	-0.673697	-0.725468	-0.140816
56465	9.561781	-0.094271	-4.060350	0.393433	-0.427473	0.417936	-0.093531	-0.111136	0.989394	-0.736140	0.676799	0.006433	-0.670336	-0.727731	-0.145113
56466	9.514359	-0.459080	-3.288254	0.245248	-0.463419	0.396564	-0.099613	-0.111838	0.988721	-0.737428	0.675422	0.002105	-0.668040	-0.728901	-0.149753
56467	9.271545	-1.071829	-2.454866	0.098904	-0.479092	0.390994	-0.105740	-0.112699	0.987987	-0.737757	0.675063	-0.001955	-0.666733	-0.729101	-0.154526
56468	9.303398	-0.774647	-1.322773	0.072726	-0.482970	0.412270	-0.112058	-0.113445	0.987205	-0.737822	0.674966	-0.006186	-0.665628	-0.729075	-0.159338
56469	10.148264	0.541561	-0.038838	0.092528	-0.452830	0.414405	-0.118179	-0.113954	0.986432	-0.738014	0.674704	-0.010475	-0.664356	-0.729238	-0.163836
56470	10.939174	2.136627	1.207186	0.020774	-0.369304	0.371755	-0.123433	-0.114146	0.985766	-0.737732	0.674944	-0.014221	-0.663714	-0.728986	-0.167520
56471	11.133893	3.010329	2.286766	-0.104764	-0.279348	0.289699	-0.127464	-0.114232	0.985243	-0.736737	0.675967	-0.016940	-0.664057	-0.728024	-0.170321
56472	11.138811	3.373023	3.025878	-0.145102	-0.207749	0.194164	-0.130333	-0.114438	0.984844	-0.735551	0.677212	-0.018650	-0.664814	-0.726834	-0.172438
56473	10.685168	3.561834	3.094348	-0.072106	-0.086651	0.135423	-0.131946	-0.114148	0.984663	-0.734965	0.677812	-0.019911	-0.665144	-0.726320	-0.173329
56474	10.579970	3.320358	2.644450	0.041530	0.023230	0.166910	-0.133077	-0.112856	0.984659	-0.735049	0.677668	-0.021672	-0.664826	-0.726657	-0.173137
56475	11.667597	2.354641	2.379502	0.142174	0.099889	0.276367	-0.134481	-0.110256	0.984763	-0.735712	0.676844	-0.024690	-0.663809	-0.727822	-0.172139
56476	12.038524	1.294902	2.407918	0.309599	0.246718	0.369339	-0.135625	-0.105969	0.985077	-0.737294	0.674954	-0.028902	-0.661819	-0.730211	-0.169671
56477	11.247584	0.884672	2.161561	0.502082	0.369964	0.435575	-0.136420	-0.100326	0.985558	-0.740116	0.671615	-0.034078	-0.658497	-0.734076	-0.165875
56478	10.884828	0.763469	2.000008	0.620884	0.378197	0.504723	-0.137740	-0.094171	0.985982	-0.743528	0.667500	-0.040117	-0.654365	-0.738631	-0.161960
56479	11.282741	0.971724	2.449090	0.617145	0.434168	0.568942	-0.139167	-0.087163	0.986425	-0.746879	0.663314	-0.046760	-0.650234	-0.743248	-0.157412
56480	11.554414	1.135884	3.242567	0.489383	0.593298	0.609051	-0.139932	-0.078721	0.987027	-0.749232	0.660137	-0.053570	-0.647356	-0.747008	-0.151355
56481	11.489439	1.191244	4.355733	0.349786	0.799415	0.580416	-0.139141	-0.068896	0.987873	-0.750808	0.657801	-0.059875	-0.645699	-0.750034	-0.143255
56482	11.281022	1.435683	5.663091	0.060108	1.096282	0.507033	-0.135922	-0.057342	0.989059	-0.750527	0.657634	-0.065014	-0.646711	-0.751152	-0.132423
56483	9.962948	1.599137	5.582858	-0.221581	1.254846	0.420555	-0.130953	-0.045130	0.990361	-0.748681	0.659334	-0.068950	-0.649867	-0.750494	-0.120130
56484	9.515711	1.645131	5.675615	-0.302187	1.239647	0.369821	-0.125696	-0.033403	0.991506	-0.746266	0.661709	-0.072314	-0.653673	-0.749017	-0.108101
56485	9.826210	1.851939	5.903515	-0.368719	1.274651	0.360652	-0.120041	-0.021446	0.992537	-0.743582	0.664360	-0.075576	-0.657781	-0.747105	-0.095697
56486	10.669761	1.821972	6.001998	-0.504944	1.364901	0.324630	-0.113493	-0.009116	0.993497	-0.739898	0.668136	-0.078392	-0.663077	-0.743983	-0.082573
56487	10.603233	1.762426	5.823731	-0.536208	1.497016	0.269676	-0.105534	0.003869	0.994408	-0.736213	0.671916	-0.080747	-0.668471	-0.740617	-0.068062
56488	10.711445	1.664479	5.934083	-0.728118	1.635597	0.231427	-0.096301	0.017494	0.995199	-0.731117	0.677227	-0.082651	-0.675422	-0.735566	-0.052427
56489	10.538885	0.944372	4.947957	-1.010643	1.758754	0.210760	-0.085889	0.031856	0.995795	-0.724287	0.684318	-0.084363	-0.684128	-0.728488	-0.035702
56490	10.213275	0.084236	3.087557	-1.183824	1.754544	0.212314	-0.075386	0.046016	0.996092	-0.715991	0.692769	-0.086191	-0.694028	-0.719690	-0.019278
56491	10.719930	-0.919712	1.309225	-1.321968	1.706506	0.256821	-0.065295	0.060062	0.996057	-0.706828	0.701808	-0.088654	-0.704365	-0.709830	-0.003371
56492	12.179130	-1.758988	0.713980	-1.421693	1.805297	0.298159	-0.054630	0.074878	0.995695	-0.696591	0.711580	-0.091731	-0.715386	-0.698604	0.013285
56493	13.325368	-2.582400	0.279120	-1.387836	1.957423	0.334002	-0.042858	0.090920	0.994936	-0.686680	0.720668	-0.095436	-0.725695	-0.687293	0.031547
56494	13.356598	-2.449390	-1.709383	-1.086967	1.755959	0.300486	-0.032155	0.105078	0.993944	-0.678672	0.727753	-0.098892	-0.733738	-0.677742	0.047913
56495	14.111640	-1.616729	-3.075800	-0.536696	1.516224	0.084566	-0.021593	0.116002	0.993014	-0.674992	0.731007	-0.100072	-0.737509	-0.672438	0.062516
56496	14.225629	-0.796648	-3.176575	0.101463	1.416638	-0.147119	-0.010214	0.124443	0.992174	-0.675801	0.730463	-0.098575	-0.737013	-0.671519	0.076638
56497	13.571056	0.160833	-3.389190	0.530225	1.437173	-0.322134	0.002511	0.131845	0.991267	-0.679987	0.727046	-0.094980	-0.733220	-0.673810	0.091479
56498	12.423544	0.455072	-4.253363	0.652581	1.495221	-0.424416	0.016276	0.138860	0.990178	-0.684755	0.723174	-0.090161	-0.728591	-0.676562	0.106856
56499	11.554425	0.486093	-4.655013	0.638374	1.531055	-0.497598	0.030778	0.145725	0.988846	-0.689514	0.719321	-0.084544	-0.723618	-0.679221	0.122619
56500	11.278707	0.189091	-4.377189	0.563799	1.618612	-0.519165	0.045985	0.153002	0.987155	-0.693421	0.716221	-0.078708	-0.719064	-0.680894	0.139030
56501	11.549221	-0.027068	-3.087411	0.513969	1.771948	-0.490556	0.062052	0.161634	0.984898	-0.697029	0.713302	-0.073147	-0.714353	-0.681964	0.156925
56502	11.168739	0.031205	-2.869464	0.471871	1.888790	-0.528220	0.079131	0.170752	0.982131	-0.700056	0.710919	-0.067195	-0.709690	-0.682230	0.175792
56503	10.083446	0.383055	-2.857200	0.497483	1.810710	-0.636637	0.096356	0.178645	0.979184	-0.703179	0.708472	-0.060060	-0.704454	-0.682754	0.193885
56504	9.789435	0.422286	-1.845952	0.507770	1.671295	-0.699073	0.112952	0.185112	0.976205	-0.706051	0.706232	-0.052225	-0.699095	-0.683352	0.210469
56505	9.712660	1.210676	-0.984295	0.355906	1.550414	-0.765050	0.129118	0.190348	0.973189	-0.707750	0.705091	-0.044009	-0.694564	-0.683092	0.225759
56506	9.514235	1.887627	-0.823248	0.040031	1.411479	-0.886076	0.145115	0.193715	0.970266	-0.706854	0.706477	-0.035330	-0.692315	-0.680709	0.239448
56507	8.995835	1.890424	-0.824007	-0.368417	1.344954	-1.011949	0.161518	0.195694	0.967272	-0.702879	0.710818	-0.026441	-0.692729	-0.675604	0.252359
56508	8.270846	1.232968	-0.559903	-0.755111	1.305004	-1.086035	0.178115	0.196698	0.964150	-0.695835	0.717978	-0.017929	-0.695765	-0.667696	0.264752
56509	8.139387	0.314528	-0.386277	-1.039206	1.209667	-1.122439	0.194277	0.196626	0.961038	-0.686603	0.726965	-0.009936	-0.700595	-0.657921	0.276236
56510	8.557932	-0.502199	-0.444950	-1.201394	1.114671	-1.133763	0.209785	0.195598	0.957983	-0.675904	0.736986	-0.002462	-0.706501	-0.646988	0.286814
56511	9.000658	-1.243613	-0.282103	-1.278787	1.104088	-1.130495	0.225156	0.194303	0.954752	-0.664476	0.747295	0.004618	-0.712584	-0.635449	0.297368
56512	8.978547	-1.513799	-0.028661	-1.225451	1.122645	-1.116311	0.240483	0.192977	0.951277	-0.653157	0.757134	0.011526	-0.718020	-0.624105	0.308122
56513	8.763818	-1.508891	-0.002123	-1.096907	1.167596	-1.086265	0.255889	0.191943	0.947459	-0.642664	0.765927	0.018403	-0.722152	-0.613607	0.319347
56514	8.459894	-1.406958	0.097282	-0.941876	1.209539	-1.039868	0.271217	0.191304	0.943316	-0.633156	0.773615	0.025152	-0.724952	-0.604088	0.330943
56515	8.381030	-1.263042	0.161518	-0.768390	1.221673	-0.988271	0.286259	0.190968	0.938929	-0.624917	0.780040	0.031872	-0.726316	-0.595876	0.342633
56516	8.632139	-1.048041	0.500308	-0.596746	1.218891	-0.919894	0.300772	0.190992	0.934376	-0.617931	0.785294	0.038391	-0.726427	-0.588927	0.354215
56517	8.796090	-0.870090	0.753196	-0.436333	1.225258	-0.863044	0.314929	0.191384	0.929619	-0.612195	0.789432	0.044871	-0.725284	-0.583240	0.365780
56518	8.729434	-0.776194	1.200506	-0.282971	1.216293	-0.833912	0.328767	0.191858	0.924718	-0.607512	0.792637	0.051536	-0.723078	-0.578721	0.377149
56519	8.589066	-0.563793	1.376276	-0.132437	1.172938	-0.831450	0.342223	0.192031	0.919786	-0.603847	0.794935	0.058707	-0.719897	-0.575501	0.388003
56520	8.417596	-0.447222	1.415976	-0.034068	1.101812	-0.816115	0.354995	0.191869	0.914967	-0.600808	0.796660	0.066046	-0.716246	-0.573166	0.398087
56521	8.253455	-0.321861	1.333457	0.049981	0.982192	-0.799285	0.366759	0.191119	0.910473	-0.598352	0.797850	0.073552	-0.712364	-0.571760	0.406975
56522	8.211764	-0.078028	1.248267	0.144543	0.851952	-0.778972	0.377410	0.189775	0.906393	-0.596532	0.798470	0.081209	-0.708316	-0.571341	0.414557
56523	8.202319	0.099556	1.312154	0.163644	0.685009	-0.774151	0.386817	0.187497	0.902894	-0.594788	0.798951	0.088906	-0.704699	-0.571421	0.420569
56524	8.372436	-0.410596	1.436202	0.095911	0.521128	-0.753654	0.394902	0.184455	0.900016	-0.592568	0.799768	0.096093	-0.702079	-0.571268	0.425132
56525	8.540815	-1.722225	1.479451	0.045415	0.402603	-0.669476	0.401635	0.181380	0.897659	-0.590270	0.800695	0.102314	-0.700193	-0.570954	0.428650
56526	8.374223	-2.629892	1.271466	0.193744	0.354010	-0.557581	0.407343	0.178943	0.895573	-0.589421	0.800556	0.108135	-0.697606	-0.571918	0.431574
56527	7.559842	-2.396168	1.543259	0.336888	0.329989	-0.488747	0.412475	0.176915	0.893625	-0.589825	0.799447	0.113977	-0.694242	-0.574095	0.434101
56528	6.632899	-1.388646	1.937063	0.500409	0.260602	-0.487073	0.417101	0.174532	0.891945	-0.591320	0.797385	0.120491	-0.690194	-0.577682	0.435794
56529	5.836597	-0.188921	2.009732	0.635914	0.117318	-0.511679	0.420887	0.171118	0.890827	-0.593584	0.794556	0.127824	-0.685939	-0.582580	0.435991
56530	5.797512	0.414710	2.061164	0.713126	-0.054548	-0.548689	0.423724	0.166452	0.890366	-0.596196	0.791270	0.135803	-0.681915	-0.588376	0.434518
56531	6.834914	1.103599	2.774055	0.732592	-0.220780	-0.576591	0.425617	0.160588	0.890540	-0.598796	0.787828	0.144116	-0.678450	-0.594590	0.431472
56532	8.364897	1.784255	3.138237	0.820196	-0.284123	-0.553426	0.426963	0.154543	0.890965	-0.602038	0.783758	0.152558	-0.674724	-0.601531	0.427677
56533	9.267259	1.722915	3.371319	0.956390	-0.140466	-0.534311	0.429196	0.149509	0.890751	-0.606241	0.778730	0.161402	-0.669524	-0.609283	0.424866
56534	8.224853	1.036678	2.348421	0.967923	-0.217600	-0.502184	0.430746	0.144278	0.890866	-0.610590	0.773495	0.169959	-0.664559	-0.617162	0.421275
56535	7.902816	0.347011	1.010554	0.966016	-0.685173	-0.298772	0.427972	0.137701	0.893240	-0.615774	0.767863	0.176659	-0.661561	-0.625639	0.413416
56536	7.859014	-0.083386	0.378504	0.825371	-1.073664	-0.058471	0.421180	0.130494	0.897540	-0.621034	0.762708	0.180536	-0.661002	-0.633441	0.402279
56537	8.153388	-0.164627	1.434819	0.627542	-1.280652	0.090534	0.412088	0.123009	0.902802	-0.625621	0.758549	0.182213	-0.662406	-0.639900	0.389546
56538	8.276944	0.483732	3.713750	0.417186	-1.163613	0.084967	0.403781	0.116179	0.907449	-0.628786	0.755730	0.183031	-0.664522	-0.644496	0.378201
56539	9.437524	1.302451	6.303129	0.319193	-0.823714	-0.069915	0.398681	0.110298	0.910433	-0.630665	0.753717	0.184858	-0.665819	-0.647878	0.370054
56540	9.555958	2.560080	8.802054	0.424650	-0.106662	-0.257703	0.399546	0.107665	0.910369	-0.632509	0.751201	0.188757	-0.663548	-0.651234	0.368238
56541	6.224748	3.497318	7.319235	0.527988	-0.344369	-0.250018	0.398781	0.103529	0.911183	-0.635075	0.747962	0.192957	-0.661554	-0.655617	0.364022
56542	7.661666	4.543198	5.971789	0.844200	-1.006191	-0.074896	0.392555	0.096336	0.914669	-0.640407	0.742433	0.196652	-0.660136	-0.662957	0.353140
56543	8.872667	5.972932	6.354856	0.524972	-1.047043	0.163048	0.384540	0.090569	0.918654	-0.644563	0.738741	0.196977	-0.660808	-0.667876	0.342453
56544	8.773842	5.391023	4.187142	-0.097537	-1.217599	0.420326	0.373696	0.085538	0.923599	-0.645559	0.738984	0.192759	-0.666037	-0.668270	0.331375
56545	10.729547	3.338367	1.874326	-0.708087	-1.372746	0.625352	0.360394	0.081030	0.929274	-0.643205	0.743095	0.184654	-0.675577	-0.664262	0.319926
56546	14.278595	0.854084	3.434099	-1.595261	-1.124259	0.631193	0.348631	0.078344	0.933980	-0.634601	0.753064	0.173712	-0.689738	-0.653266	0.312258
56547	14.358992	-0.905387	4.905881	-2.598958	-0.861928	0.505585	0.339338	0.076611	0.937540	-0.618199	0.769381	0.160884	-0.708999	-0.634180	0.308441
56548	11.717524	-2.225854	6.879499	-2.906939	-0.944757	0.272550	0.330827	0.072845	0.940876	-0.598248	0.787260	0.149402	-0.729831	-0.612303	0.304026
56549	10.378660	-3.362610	8.666399	-2.845666	-0.888975	0.027324	0.324023	0.067720	0.943622	-0.577355	0.804308	0.140532	-0.749446	-0.590341	0.299713
56550	9.066871	-4.333595	6.995971	-2.332004	-1.009437	0.072982	0.315904	0.062449	0.946734	-0.559970	0.817783	0.132906	-0.765923	-0.572128	0.293310
56551	10.161783	-4.114474	5.101082	-1.334860	-1.182082	0.131452	0.305951	0.056857	0.950348	-0.550184	0.825213	0.127754	-0.776976	-0.561953	0.283757
56552	10.637759	-2.742809	3.517360	-0.514862	-1.209494	0.080351	0.296018	0.050752	0.953833	-0.546461	0.828023	0.125534	-0.783425	-0.558393	0.272843
56553	9.739722	-1.658152	1.260833	-0.003904	-1.288988	-0.008499	0.285856	0.043517	0.957284	-0.546440	0.828037	0.125531	-0.787204	-0.558982	0.260479
56554	9.689387	-1.456636	0.117929	0.355644	-1.185479	0.000205	0.276458	0.036878	0.960318	-0.549294	0.826012	0.126411	-0.788573	-0.562444	0.248614
56555	8.936404	-0.967027	0.621245	0.649673	-1.070854	0.073270	0.267539	0.031485	0.963032	-0.554729	0.822247	0.127226	-0.787845	-0.568260	0.237449
56556	8.729781	-0.577010	0.699471	0.853421	-1.034412	0.105276	0.258755	0.026437	0.965581	-0.561772	0.817304	0.128165	-0.785785	-0.575599	0.226333
56557	9.002683	-0.492331	0.412054	1.017670	-0.988065	0.132963	0.250160	0.021833	0.967958	-0.570151	0.811341	0.129050	-0.782527	-0.584165	0.215414
