// General information: 
//  MT Manager version: 2022.2.0 
//  XDA version: 2022.2.0 build 7381 rev 124627 built on 2023-07-19
// Device information: 
//  DeviceId: 00B4CBA7
//  ProductCode: MTW2-3A7G6
//  Firmware Version: 4.6.0
//  Hardware Version: 2.0.0
// Device settings: 
//  Filter Profile: human(46.1)
//  Option Flags: Orientation Smoother Disabled, Position/Velocity Smoother Disabled, Continuous Zero Rotation Update Disabled, AHS Disabled, ICC Disabled
// Coordinate system: ENU
PacketCounter	Acc_X	Acc_Y	Acc_Z	Gyr_X	Gyr_Y	Gyr_Z	Mat[1][1]	Mat[2][1]	Mat[3][1]	Mat[1][2]	Mat[2][2]	Mat[3][2]	Mat[1][3]	Mat[2][3]	Mat[3][3]
49767	9.122156	0.677313	-0.626295	-0.328047	0.345446	-0.208017	0.182761	0.045815	0.982089	0.072729	-0.996807	0.032967	0.980464	0.065401	-0.185509
49768	9.131530	1.764656	0.138634	-0.447969	0.329020	-0.173396	0.179403	0.047380	0.982634	0.068654	-0.997007	0.035538	0.981377	0.061086	-0.182119
49769	9.249048	2.142339	0.481889	-0.639998	0.228744	-0.165821	0.177047	0.048940	0.982985	0.062677	-0.997296	0.038364	0.982205	0.054818	-0.179636
49770	9.169986	1.824646	0.904332	-0.662112	0.123803	-0.149029	0.175735	0.050407	0.983146	0.056440	-0.997561	0.041058	0.982818	0.048274	-0.178151
49771	8.964053	1.332403	1.307119	-0.508305	0.000448	-0.124496	0.175661	0.051691	0.983093	0.051674	-0.997728	0.043227	0.983094	0.043207	-0.177933
49772	8.980780	0.990500	1.491931	-0.247499	-0.123875	-0.116204	0.176813	0.052947	0.982819	0.049451	-0.997769	0.044856	0.983001	0.040670	-0.179037
49773	9.135952	0.968155	1.155855	0.036678	-0.235635	-0.102989	0.179070	0.054113	0.982347	0.049999	-0.997697	0.045845	0.982565	0.040907	-0.181363
49774	9.773529	1.267320	0.334261	0.155403	-0.305388	-0.079516	0.182023	0.055078	0.981751	0.051674	-0.997586	0.046386	0.981936	0.042288	-0.184429
49775	9.919890	1.027725	-0.993879	0.119116	-0.345034	-0.037300	0.185385	0.055640	0.981090	0.052925	-0.997512	0.046571	0.981240	0.043290	-0.187868
49776	9.887369	0.692737	-1.914585	0.045011	-0.358136	-0.003381	0.188889	0.055874	0.980408	0.053379	-0.997488	0.046563	0.980547	0.043538	-0.191397
49777	9.814329	0.641987	-2.806107	0.022963	-0.339965	0.026393	0.192227	0.055800	0.979763	0.053560	-0.997491	0.046302	0.979888	0.043576	-0.194733
49778	9.729906	0.931744	-3.088732	-0.033515	-0.297356	0.049581	0.195160	0.055479	0.979201	0.053142	-0.997530	0.045926	0.979331	0.043074	-0.197626
49779	9.602176	0.930070	-3.090948	-0.066524	-0.261324	0.059550	0.197747	0.055038	0.978707	0.052386	-0.997589	0.045516	0.978852	0.042270	-0.200154
49780	9.479767	0.808710	-3.130882	-0.044019	-0.229085	0.054404	0.200011	0.054636	0.978269	0.051854	-0.997635	0.045116	0.978421	0.041703	-0.202371
49781	9.459582	0.793733	-2.740293	0.084139	-0.215699	0.050007	0.202140	0.054269	0.977852	0.052585	-0.997625	0.044496	0.977944	0.042426	-0.204514
49782	9.741973	0.764353	-2.673755	0.180505	-0.187229	0.056007	0.203994	0.053836	0.977491	0.054243	-0.997574	0.043622	0.977468	0.044124	-0.206419
49783	10.010204	0.893503	-2.294912	0.256049	-0.152989	0.051963	0.205512	0.053431	0.977195	0.056650	-0.997484	0.042626	0.977014	0.046598	-0.208022
49784	10.053789	0.813329	-2.414570	0.292914	-0.140051	0.066786	0.206912	0.052876	0.976930	0.059380	-0.997376	0.041406	0.976556	0.049443	-0.209509
49785	10.140999	1.076655	-2.229128	0.238781	-0.080315	0.092051	0.207748	0.052040	0.976797	0.061529	-0.997302	0.040047	0.976245	0.051782	-0.210389
49786	10.103418	0.659955	-3.033056	0.145774	-0.041442	0.093757	0.208203	0.051172	0.976746	0.062764	-0.997271	0.038868	0.976070	0.053212	-0.210847
49787	9.656904	0.363176	-2.802781	0.079095	-0.022325	0.099034	0.208481	0.050237	0.976735	0.063340	-0.997277	0.037773	0.975973	0.053991	-0.211095
49788	9.178247	-0.966634	-2.983588	-0.002666	-0.005488	0.079542	0.208577	0.049491	0.976753	0.063155	-0.997316	0.037046	0.975965	0.053960	-0.211143
49789	9.048303	-1.062794	-2.416365	0.087987	-0.004174	0.057211	0.208653	0.048965	0.976763	0.063908	-0.997294	0.036342	0.975899	0.054840	-0.211218
49790	9.145515	-0.028941	-2.052557	0.049663	-0.007801	0.051172	0.208755	0.048503	0.976764	0.064292	-0.997289	0.035782	0.975852	0.055329	-0.211307
49791	9.713082	0.855233	-1.603910	-0.038047	0.020793	0.066613	0.208591	0.047867	0.976831	0.063792	-0.997340	0.035250	0.975920	0.054961	-0.211090
49792	9.364994	1.236280	-1.050481	-0.011587	0.044427	0.087362	0.208206	0.047016	0.976954	0.063503	-0.997386	0.034466	0.976021	0.054864	-0.210647
49793	9.196985	1.727843	-0.378193	0.146522	-0.002368	0.099628	0.208289	0.046064	0.976982	0.064735	-0.997349	0.033223	0.975923	0.056325	-0.210719
49794	9.140233	2.052375	0.079919	0.257891	-0.073311	0.113270	0.209071	0.045020	0.976864	0.067022	-0.997250	0.031616	0.975601	0.058861	-0.211514
49795	9.476108	1.836956	0.843266	0.373677	-0.151217	0.141193	0.210637	0.043745	0.976585	0.070379	-0.997085	0.029484	0.975028	0.062520	-0.213102
49796	9.819213	1.037177	0.851184	0.360090	-0.227917	0.134799	0.212948	0.042592	0.976135	0.073610	-0.996910	0.027440	0.974287	0.066010	-0.215425
49797	10.008490	-0.077808	-0.068514	0.459119	-0.327866	0.137133	0.216235	0.041491	0.975459	0.077794	-0.996652	0.025147	0.973237	0.070447	-0.218739
49798	10.015136	-1.376434	-0.905700	0.507346	-0.406711	0.119287	0.220278	0.040643	0.974590	0.082476	-0.996330	0.022908	0.971944	0.075334	-0.222822
49799	9.853563	-2.420103	-2.253700	0.605070	-0.446379	0.075271	0.224668	0.040284	0.973602	0.088194	-0.995885	0.020854	0.970436	0.081180	-0.227296
49800	9.896029	-1.560571	-2.519239	0.718839	-0.461186	0.053549	0.229180	0.040185	0.972554	0.095050	-0.995296	0.018727	0.968732	0.088149	-0.231921
49801	9.633256	-0.570554	-2.812104	0.669824	-0.491411	0.062030	0.233988	0.040058	0.971414	0.101400	-0.994707	0.016594	0.966937	0.094618	-0.236811
49802	9.461403	0.488034	-2.650173	0.611700	-0.494531	0.089010	0.238849	0.039699	0.970245	0.107107	-0.994145	0.014310	0.965132	0.100502	-0.241702
49803	9.332937	0.903863	-2.912649	0.523302	-0.445133	0.110802	0.243253	0.039098	0.969175	0.111896	-0.993647	0.012001	0.963487	0.105528	-0.246082
49804	9.594942	1.108177	-2.685343	0.615523	-0.422985	0.127690	0.247461	0.038332	0.968139	0.117517	-0.993028	0.009280	0.961745	0.111476	-0.250241
49805	9.786692	0.837489	-2.483357	0.506057	-0.416799	0.152515	0.251640	0.037333	0.967101	0.122010	-0.992507	0.006567	0.960100	0.116343	-0.254309
49806	9.459956	0.690742	-2.458477	0.468741	-0.443985	0.170344	0.256100	0.036213	0.965972	0.126083	-0.992013	0.003762	0.958392	0.120829	-0.258620
49807	9.318442	1.194479	-2.571991	0.267993	-0.407722	0.168878	0.260209	0.035077	0.964915	0.128225	-0.991744	0.001474	0.957000	0.123342	-0.262558
49808	9.343009	0.490375	-3.970603	-0.005375	-0.379742	0.176544	0.264057	0.033838	0.963913	0.127720	-0.991810	-0.000171	0.956013	0.123156	-0.266216
49809	9.666792	-0.127303	-4.290644	-0.013593	-0.359889	0.189639	0.267723	0.032444	0.962949	0.127095	-0.991889	-0.001917	0.955076	0.122899	-0.269675
49810	9.735668	-0.236351	-4.255938	0.011356	-0.297090	0.180510	0.270778	0.031062	0.962140	0.126727	-0.991931	-0.003641	0.954264	0.122916	-0.272530
49811	9.365467	-0.538647	-4.055020	0.031767	-0.270571	0.166108	0.273559	0.029790	0.961394	0.126588	-0.991941	-0.005283	0.953489	0.123146	-0.275125
49812	9.048901	-0.628839	-3.719560	0.176971	-0.249570	0.163689	0.276135	0.028520	0.960696	0.127835	-0.991769	-0.007301	0.952579	0.124826	-0.277508
49813	8.813743	-0.549770	-3.610658	0.310492	-0.236316	0.177896	0.278607	0.027098	0.960023	0.130308	-0.991425	-0.009832	0.951524	0.127838	-0.279749
49814	8.772989	0.039799	-2.547745	0.347385	-0.215929	0.198738	0.280912	0.025451	0.959396	0.133066	-0.991026	-0.012671	0.950464	0.131222	-0.281778
49815	8.949370	0.184791	-2.515725	0.268977	-0.228330	0.210672	0.283357	0.023705	0.958721	0.135040	-0.990720	-0.015416	0.949459	0.133834	-0.283929
49816	9.226148	0.324246	-1.640302	0.215560	-0.242435	0.222123	0.285949	0.021875	0.957995	0.136463	-0.990479	-0.018116	0.948478	0.135912	-0.286212
49817	9.239054	0.451438	-1.566444	0.077633	-0.245062	0.223697	0.288568	0.020036	0.957250	0.136568	-0.990420	-0.020439	0.947670	0.136628	-0.288540
49818	9.259952	0.246334	-2.036817	-0.032424	-0.267671	0.238502	0.291418	0.018083	0.956425	0.135580	-0.990509	-0.022584	0.946939	0.136253	-0.291104
49819	9.285760	-0.033144	-2.372086	-0.162920	-0.263408	0.229964	0.294211	0.016202	0.955603	0.133376	-0.990768	-0.024265	0.946388	0.134594	-0.293656
49820	9.410787	-0.544730	-3.006439	-0.227198	-0.254091	0.212043	0.296885	0.014484	0.954803	0.130611	-0.991104	-0.025577	0.945939	0.132301	-0.296136
49821	9.590855	-0.920403	-3.422106	-0.232567	-0.246377	0.207975	0.299473	0.012787	0.954019	0.127803	-0.991437	-0.026830	0.945506	0.129962	-0.298543
49822	9.756994	-0.925076	-3.625801	-0.253308	-0.215117	0.209178	0.301761	0.011033	0.953320	0.124791	-0.991787	-0.028022	0.945181	0.127422	-0.300660
49823	9.717018	-0.910807	-3.802884	-0.255065	-0.189765	0.220941	0.303817	0.009123	0.952687	0.121724	-0.992131	-0.029318	0.944922	0.124872	-0.302537
49824	9.564946	-0.613723	-3.575425	-0.274906	-0.160299	0.234278	0.305603	0.007040	0.952133	0.118424	-0.992489	-0.030672	0.944766	0.122129	-0.304142
49825	9.420213	-0.432663	-3.406726	-0.303896	-0.136275	0.244339	0.307166	0.004821	0.951644	0.114818	-0.992870	-0.032031	0.944704	0.119104	-0.305530
49826	9.265334	-0.139806	-3.212084	-0.358753	-0.113970	0.252149	0.308518	0.002494	0.951215	0.110664	-0.993300	-0.033288	0.944759	0.115535	-0.306727
49827	9.224709	-0.132144	-3.231023	-0.396971	-0.102414	0.257940	0.309758	0.000090	0.950815	0.106129	-0.993754	-0.034481	0.944874	0.111590	-0.307833
49828	9.218852	-0.301957	-3.243594	-0.439937	-0.101979	0.247262	0.310969	-0.002212	0.950418	0.101216	-0.994233	-0.035431	0.945015	0.107215	-0.308952
49829	9.124277	-0.562367	-3.593765	-0.423341	-0.099978	0.232460	0.312138	-0.004380	0.950027	0.096504	-0.994671	-0.036293	0.945123	0.103010	-0.310052
49830	9.024801	-0.608710	-3.122134	-0.372547	-0.113673	0.224616	0.313416	-0.006455	0.949594	0.092293	-0.995036	-0.037226	0.945120	0.099308	-0.311264
49831	8.796860	-0.658658	-3.186584	-0.381149	-0.114164	0.204877	0.314674	-0.008341	0.949163	0.088060	-0.995392	-0.037942	0.945106	0.095523	-0.312489
49832	8.668914	-0.861832	-3.349981	-0.345237	-0.112442	0.191302	0.315893	-0.010096	0.948741	0.084206	-0.995699	-0.038633	0.945051	0.092094	-0.313684
49833	8.889203	-0.905671	-3.292986	-0.233246	-0.118915	0.173072	0.317157	-0.011672	0.948301	0.081468	-0.995893	-0.039504	0.944868	0.089786	-0.314903
49834	9.280511	-0.715626	-3.283416	-0.187031	-0.106907	0.151199	0.318280	-0.013038	0.947907	0.079233	-0.996041	-0.040305	0.944680	0.087934	-0.315987
49835	9.449141	-0.835409	-3.714921	-0.130476	-0.085822	0.135850	0.319193	-0.014274	0.947582	0.077580	-0.996137	-0.041139	0.944509	0.086645	-0.316852
49836	9.668705	-0.890470	-3.581371	-0.046939	-0.069198	0.134645	0.319942	-0.015512	0.947310	0.076719	-0.996158	-0.042222	0.944326	0.086185	-0.317523
49837	9.595272	-0.769307	-3.764402	-0.038110	-0.021788	0.125246	0.320241	-0.016701	0.947189	0.075972	-0.996172	-0.043250	0.944285	0.085810	-0.317746
49838	9.548187	-0.909942	-4.211872	-0.021797	0.002187	0.121732	0.320304	-0.017871	0.947146	0.075388	-0.996170	-0.044291	0.944310	0.085590	-0.317730
49839	9.398298	-0.879254	-4.006524	-0.009322	0.037262	0.118829	0.320036	-0.019044	0.947214	0.074933	-0.996157	-0.045346	0.944437	0.085490	-0.317379
49840	9.269692	-0.813095	-4.121635	-0.018562	0.063371	0.109067	0.319511	-0.020141	0.947368	0.074421	-0.996153	-0.046277	0.944656	0.085291	-0.316783
49841	9.154343	-0.641182	-3.694024	-0.033902	0.074491	0.109498	0.318887	-0.021255	0.947554	0.073765	-0.996159	-0.047171	0.944918	0.084939	-0.316095
49842	9.044357	-0.680609	-3.546394	-0.070164	0.085005	0.104737	0.318153	-0.022327	0.947777	0.072781	-0.996197	-0.047898	0.945242	0.084219	-0.315318
49843	8.994241	-0.575713	-3.301440	-0.058272	0.092027	0.089146	0.317343	-0.023252	0.948026	0.071961	-0.996226	-0.048523	0.945576	0.083619	-0.314472
49844	8.886647	-0.466216	-3.245831	-0.108967	0.096143	0.072552	0.316478	-0.024011	0.948296	0.070713	-0.996301	-0.048826	0.945961	0.082509	-0.313610
49845	8.790488	-0.485443	-3.202210	-0.088969	0.088775	0.063012	0.315681	-0.024672	0.948545	0.069686	-0.996360	-0.049107	0.946303	0.081602	-0.312812
49846	8.734162	-0.484011	-3.139368	-0.082316	0.088788	0.047692	0.314866	-0.025175	0.948802	0.068768	-0.996416	-0.049259	0.946642	0.080757	-0.312006
49847	8.650740	-0.592582	-2.850917	-0.002072	0.081052	0.036511	0.314119	-0.025564	0.949039	0.068648	-0.996409	-0.049561	0.946898	0.080717	-0.311237
49848	8.702641	-0.652709	-2.765520	0.003721	0.084366	0.019167	0.313326	-0.025779	0.949296	0.068634	-0.996403	-0.049712	0.947162	0.080730	-0.310430
49849	8.779267	-0.853563	-2.709453	0.050230	0.061100	0.003558	0.312748	-0.025826	0.949485	0.069114	-0.996362	-0.049867	0.947318	0.081218	-0.309825
49850	8.863270	-0.714811	-2.409344	0.062940	0.055142	-0.001199	0.312217	-0.025815	0.949660	0.069726	-0.996312	-0.050007	0.947449	0.081829	-0.309266
49851	8.953035	-0.655523	-2.583652	0.024874	0.043259	-0.000773	0.311804	-0.025806	0.949796	0.069979	-0.996293	-0.050042	0.947566	0.082069	-0.308842
49852	9.140077	-0.664563	-2.703851	-0.017589	0.047011	-0.008848	0.311345	-0.025712	0.949949	0.069851	-0.996311	-0.049861	0.947726	0.081879	-0.308400
49853	9.334591	-0.850576	-3.020606	-0.024526	0.038064	-0.010891	0.310975	-0.025596	0.950073	0.069667	-0.996334	-0.049645	0.947861	0.081627	-0.308051
49854	9.373582	-0.670619	-3.031582	-0.021580	0.041065	-0.012288	0.310569	-0.025463	0.950210	0.069512	-0.996356	-0.049419	0.948006	0.081399	-0.307668
49855	9.255072	-0.476427	-3.039201	-0.050941	0.046668	-0.017809	0.310112	-0.025282	0.950364	0.069098	-0.996403	-0.049054	0.948186	0.080881	-0.307250
49856	9.179220	-0.538656	-3.233145	-0.108247	0.043088	-0.019067	0.309683	-0.025082	0.950509	0.068142	-0.996496	-0.048497	0.948395	0.079789	-0.306889
49857	9.117105	-0.741881	-3.252727	-0.120243	0.039937	-0.028247	0.309282	-0.024792	0.950647	0.067103	-0.996599	-0.047822	0.948600	0.078582	-0.306566
49858	8.901692	-0.719015	-3.192159	-0.071902	0.035677	-0.037383	0.308911	-0.024404	0.950778	0.066548	-0.996666	-0.047203	0.948760	0.077854	-0.306257
49859	8.760766	-0.472847	-2.967693	-0.003261	0.026499	-0.053153	0.308622	-0.023855	0.950886	0.066696	-0.996682	-0.046651	0.948844	0.077817	-0.306007
49860	8.645677	-0.170398	-2.795001	0.063595	0.001818	-0.062324	0.308556	-0.023191	0.950924	0.067503	-0.996648	-0.046209	0.948808	0.078448	-0.305956
49861	8.615677	0.086964	-2.453490	0.061282	-0.023856	-0.066005	0.308736	-0.022477	0.950882	0.068303	-0.996616	-0.045735	0.948692	0.079068	-0.306156
49862	8.502992	-0.124981	-2.196191	0.013083	-0.056334	-0.072126	0.309213	-0.021669	0.950746	0.068662	-0.996623	-0.045046	0.948511	0.079208	-0.306681
49863	8.602987	-0.417501	-1.924549	-0.058800	-0.093547	-0.092165	0.310035	-0.020639	0.950501	0.068404	-0.996689	-0.043954	0.948261	0.078645	-0.307597
49864	9.000393	-0.841414	-2.172433	-0.139693	-0.103111	-0.117332	0.310925	-0.019345	0.950237	0.067455	-0.996822	-0.042365	0.948038	0.077271	-0.308633
49865	9.524567	-1.291950	-2.405649	-0.094993	-0.130099	-0.151206	0.312054	-0.017698	0.949900	0.067040	-0.996924	-0.040597	0.947696	0.076350	-0.309908
49866	10.158902	-1.321061	-2.923753	-0.136474	-0.124760	-0.164257	0.313119	-0.015921	0.949580	0.066272	-0.997056	-0.038570	0.947399	0.075007	-0.311142
49867	10.599408	-1.485567	-3.511363	-0.096373	-0.082760	-0.174070	0.313786	-0.014085	0.949389	0.065920	-0.997154	-0.036581	0.947203	0.074062	-0.311965
49868	10.741093	-1.720522	-4.260035	-0.072573	-0.029894	-0.173794	0.313948	-0.012286	0.949361	0.065790	-0.997231	-0.034661	0.947158	0.073340	-0.312270
49869	10.501271	-1.195428	-4.109614	0.035161	0.053074	-0.170509	0.313330	-0.010586	0.949585	0.066673	-0.997225	-0.033117	0.947301	0.073688	-0.311755
49870	9.748121	-1.332588	-5.118221	-0.170139	0.148566	-0.190845	0.311788	-0.008746	0.950111	0.065669	-0.997368	-0.030731	0.947880	0.071974	-0.310393
49871	8.841120	-1.830330	-5.429966	-0.131065	0.216860	-0.206974	0.309592	-0.006799	0.950845	0.065084	-0.997478	-0.028324	0.948640	0.070653	-0.308368
49872	8.663372	-1.750816	-5.252527	-0.060073	0.366526	-0.227038	0.305957	-0.004748	0.952033	0.065224	-0.997534	-0.025936	0.949808	0.070031	-0.304893
49873	8.161119	-1.240836	-5.859300	0.032428	0.489594	-0.244927	0.301143	-0.002611	0.953575	0.066292	-0.997520	-0.023666	0.951272	0.070341	-0.300223
49874	7.852015	-0.457235	-5.416519	0.170038	0.529361	-0.231930	0.295940	-0.000630	0.955206	0.068614	-0.997403	-0.021916	0.952739	0.072026	-0.295128
49875	8.327388	-0.096708	-4.494669	0.172884	0.511180	-0.253683	0.290893	0.001565	0.956754	0.071023	-0.997275	-0.019963	0.954116	0.073758	-0.290211
49876	9.672819	-0.495422	-3.644187	0.161955	0.522864	-0.236548	0.285722	0.003578	0.958306	0.073262	-0.997148	-0.018120	0.955508	0.075384	-0.285169
49877	10.942646	0.085743	-2.660605	0.160507	0.514050	-0.237520	0.280632	0.005593	0.959799	0.075483	-0.997014	-0.016260	0.956843	0.077012	-0.280216
49878	11.467852	0.389458	-1.958799	0.042835	0.514743	-0.252323	0.275503	0.007755	0.961269	0.076605	-0.996964	-0.013912	0.958243	0.077471	-0.275261
49879	11.253458	0.679152	-1.758249	-0.088357	0.525223	-0.226922	0.270294	0.009654	0.962730	0.076390	-0.997012	-0.011450	0.959743	0.076638	-0.270223
49880	10.829574	0.502817	-2.220313	-0.311484	0.535278	-0.220082	0.264978	0.011490	0.964186	0.073997	-0.997223	-0.008452	0.961411	0.073586	-0.265093
49881	10.062822	-0.123212	-2.945751	-0.413997	0.523068	-0.208155	0.259796	0.013231	0.965573	0.070573	-0.997492	-0.005320	0.963081	0.069526	-0.260079
49882	9.703148	-0.457302	-2.869386	-0.354395	0.513793	-0.191216	0.254704	0.014835	0.966905	0.067658	-0.997705	-0.002515	0.964649	0.066060	-0.255123
49883	9.421714	-0.255480	-2.689210	-0.212658	0.689067	-0.162836	0.247942	0.016048	0.968642	0.066027	-0.997818	-0.000369	0.966522	0.064048	-0.248461
49884	8.262587	0.246940	-1.865978	-0.215503	0.696000	-0.172475	0.241089	0.017375	0.970347	0.064373	-0.997924	0.001875	0.968366	0.062012	-0.241707
49885	7.981698	0.448848	-1.350738	-0.310643	0.632557	-0.180381	0.234844	0.018831	0.971851	0.061803	-0.998079	0.004405	0.970066	0.059029	-0.235556
49886	8.339476	0.295024	-0.887696	-0.341380	0.528055	-0.189109	0.229596	0.020460	0.973071	0.058936	-0.998237	0.007083	0.971500	0.055722	-0.230397
49887	9.068067	-0.289277	-0.581385	-0.291618	0.405016	-0.224108	0.225532	0.022512	0.973976	0.056624	-0.998346	0.009964	0.972589	0.052903	-0.226434
49888	9.855378	-0.257561	-0.070712	-0.101177	0.331392	-0.235385	0.222168	0.024733	0.974695	0.056174	-0.998342	0.012529	0.973389	0.051969	-0.223189
49889	9.842452	0.191881	-0.204281	0.029570	0.240950	-0.234709	0.219686	0.026989	0.975197	0.056992	-0.998265	0.014789	0.973904	0.052329	-0.220843
49890	9.815403	0.846817	0.232534	0.134403	0.163974	-0.207342	0.217962	0.029016	0.975526	0.058762	-0.998135	0.016559	0.974187	0.053715	-0.219260
49891	9.819523	1.081084	-0.752182	0.036788	0.107350	-0.189180	0.216804	0.030883	0.975727	0.059545	-0.998057	0.018359	0.974397	0.054119	-0.218222
49892	9.806088	0.684828	-1.642390	0.008976	0.058647	-0.160309	0.216130	0.032496	0.975824	0.059987	-0.998000	0.019948	0.974520	0.054225	-0.217647
49893	9.750629	0.306816	-2.290907	0.076622	0.032104	-0.130149	0.215729	0.033811	0.975868	0.061024	-0.997914	0.021085	0.974544	0.055003	-0.217343
49894	9.666306	0.331320	-2.915694	0.158643	0.068196	-0.103507	0.214993	0.034851	0.975993	0.062800	-0.997788	0.021795	0.974594	0.056607	-0.216706
49895	9.152333	0.341574	-2.528661	0.199654	0.087194	-0.098030	0.214079	0.035815	0.976160	0.064969	-0.997637	0.022355	0.974653	0.058634	-0.215900
49896	9.069836	0.607371	-2.234187	0.165588	0.116793	-0.091185	0.212873	0.036700	0.976390	0.066785	-0.997504	0.022933	0.974795	0.060326	-0.214793
49897	9.083429	0.507471	-2.490998	0.115450	0.141671	-0.095298	0.211422	0.037604	0.976671	0.068122	-0.997397	0.023656	0.975018	0.061531	-0.213433
49898	9.330992	0.357202	-2.358213	0.092963	0.123692	-0.088452	0.210147	0.038454	0.976913	0.069222	-0.997304	0.024366	0.975216	0.062503	-0.212243
49899	9.613255	0.643558	-2.383101	0.122217	0.124595	-0.077296	0.208875	0.039183	0.977157	0.070588	-0.997195	0.024897	0.975392	0.063775	-0.211055
49900	9.775408	0.975417	-2.369555	0.070894	0.112395	-0.076666	0.207716	0.039919	0.977374	0.071446	-0.997117	0.025541	0.975576	0.064524	-0.209970
49901	10.097341	0.769986	-2.200932	0.055187	0.090132	-0.058934	0.206795	0.040483	0.977546	0.072119	-0.997056	0.026035	0.975723	0.065116	-0.209105
49902	10.155872	0.622604	-2.035550	-0.026254	0.116258	-0.058025	0.205610	0.041030	0.977773	0.071989	-0.997048	0.026701	0.975983	0.064899	-0.207957
49903	9.865601	0.136654	-2.759753	-0.037604	0.115962	-0.051398	0.204439	0.041507	0.977999	0.071738	-0.997049	0.027319	0.976247	0.064575	-0.206813
49904	9.832303	0.324689	-2.862678	0.083018	0.140448	-0.025596	0.203041	0.041715	0.978281	0.072608	-0.996983	0.027443	0.976474	0.065459	-0.205458
49905	10.078359	0.922505	-3.312991	0.045825	0.183561	-0.009955	0.201236	0.041732	0.978653	0.073084	-0.996947	0.027484	0.976813	0.065993	-0.203672
49906	10.070560	0.941985	-3.631159	-0.017934	0.235049	0.011140	0.198940	0.041510	0.979132	0.072893	-0.996962	0.027456	0.977297	0.065910	-0.201361
49907	10.023286	0.421644	-3.144437	-0.051235	0.287757	0.034042	0.196151	0.041017	0.979716	0.072336	-0.997008	0.027259	0.977902	0.065522	-0.198531
49908	9.425093	0.404022	-2.544160	-0.033962	0.489422	0.072382	0.191407	0.040020	0.980695	0.071870	-0.997058	0.026660	0.978876	0.065379	-0.193720
49909	8.770482	0.787958	-1.311560	-0.049717	0.478556	0.081010	0.186775	0.038943	0.981631	0.071238	-0.997120	0.026003	0.979816	0.065072	-0.189012
49910	8.578625	0.869933	-0.636771	-0.238668	0.414681	0.075388	0.182755	0.037970	0.982425	0.068765	-0.997300	0.025753	0.980751	0.062850	-0.184873
49911	8.895063	0.607822	-0.250620	-0.343688	0.324289	0.072074	0.179620	0.037091	0.983037	0.065271	-0.997536	0.025711	0.981568	0.059545	-0.181599
49912	9.505950	0.499263	-0.233927	-0.390743	0.247449	0.063936	0.177224	0.036355	0.983499	0.061325	-0.997783	0.025832	0.982258	0.055736	-0.179060
49913	9.797640	0.415187	-0.312732	-0.431328	0.207934	0.064702	0.175215	0.035633	0.983885	0.056981	-0.998037	0.025998	0.982880	0.051507	-0.176901
49914	9.909289	0.234897	-0.298264	-0.378963	0.148875	0.069190	0.173782	0.034913	0.984165	0.053140	-0.998248	0.026029	0.983349	0.047775	-0.175333
49915	9.939566	0.128751	-0.426900	-0.282230	0.106715	0.081608	0.172768	0.034091	0.984372	0.050229	-0.998405	0.025761	0.983681	0.044994	-0.174205
49916	9.748068	0.099433	-1.013467	-0.132746	0.062417	0.099796	0.172197	0.033111	0.984506	0.048757	-0.998496	0.025054	0.983855	0.043687	-0.173552
49917	9.694372	0.105453	-1.316698	0.043364	0.023995	0.117786	0.172016	0.031960	0.984576	0.048989	-0.998514	0.023854	0.983875	0.044131	-0.173326
49918	9.493434	0.213221	-1.417199	0.145042	0.002373	0.137061	0.172054	0.030635	0.984611	0.050186	-0.998491	0.022297	0.983808	0.045577	-0.173332
49919	9.462146	0.392027	-1.813733	0.168824	-0.017919	0.161919	0.172306	0.029062	0.984615	0.051575	-0.998460	0.020445	0.983692	0.047258	-0.173539
49920	9.405916	0.580159	-1.773887	0.194365	-0.042384	0.186190	0.172813	0.027267	0.984577	0.053171	-0.998417	0.018318	0.983518	0.049185	-0.173990
49921	9.400323	0.671236	-1.539732	0.126510	-0.040888	0.202237	0.173319	0.025306	0.984541	0.054072	-0.998407	0.016144	0.983380	0.050438	-0.174411
49922	9.006760	0.562705	-1.250881	0.034290	-0.064226	0.199082	0.174051	0.023396	0.984459	0.054069	-0.998437	0.014168	0.983251	0.050763	-0.175044
49923	8.878369	0.497330	-0.852724	-0.026771	-0.072533	0.169518	0.174855	0.021781	0.984353	0.053520	-0.998487	0.012587	0.983139	0.050481	-0.175756
49924	9.016604	0.474974	-1.136028	-0.146548	-0.075957	0.142200	0.175670	0.020443	0.984237	0.051835	-0.998590	0.011490	0.983084	0.049000	-0.176481
49925	9.343371	0.356657	-1.741787	-0.100122	-0.082478	0.138560	0.176550	0.019139	0.984106	0.050617	-0.998665	0.010341	0.982989	0.047987	-0.177283
49926	9.729584	0.342850	-1.915472	-0.046316	-0.072089	0.143270	0.177324	0.017787	0.983992	0.049914	-0.998712	0.009058	0.982886	0.047509	-0.177984
49927	10.104586	0.525019	-2.188941	-0.038665	-0.060500	0.154598	0.177992	0.016313	0.983897	0.049267	-0.998756	0.007647	0.982798	0.047113	-0.178574
49928	10.358977	0.344391	-2.321316	-0.056563	-0.021980	0.174587	0.178286	0.014624	0.983870	0.048406	-0.998809	0.006075	0.982787	0.046542	-0.178782
49929	10.243942	0.016243	-2.325915	-0.094100	-0.001185	0.183287	0.178381	0.012834	0.983878	0.047161	-0.998877	0.004479	0.982831	0.045602	-0.178786
49930	9.898748	-0.167360	-2.357334	-0.068977	0.013644	0.199361	0.178334	0.010881	0.983910	0.046133	-0.998932	0.002685	0.982888	0.044912	-0.178645
49931	9.551977	-0.180207	-2.106666	-0.028604	0.018075	0.204575	0.178247	0.008869	0.983946	0.045495	-0.998964	0.000763	0.982934	0.044629	-0.178466
49932	9.422657	-0.200827	-1.968992	0.024119	0.021735	0.208196	0.178121	0.006824	0.983985	0.045367	-0.998970	-0.001284	0.982962	0.044869	-0.178247
49933	9.523230	-0.109701	-1.734964	0.115686	0.005493	0.214583	0.178162	0.004718	0.983990	0.046129	-0.998929	-0.003563	0.982919	0.046026	-0.178189
49934	9.471992	0.247635	-1.409962	0.171597	-0.007474	0.229758	0.178336	0.002470	0.983966	0.047412	-0.998857	-0.006085	0.982827	0.047737	-0.178250
49935	9.487810	0.331869	-1.428436	0.215543	-0.028094	0.247929	0.178729	0.000049	0.983898	0.049095	-0.998755	-0.008868	0.982673	0.049890	-0.178509
49936	9.449622	0.296650	-1.232783	0.291272	-0.056678	0.258126	0.179409	-0.002455	0.983772	0.051501	-0.998602	-0.011884	0.982426	0.052797	-0.179032
49937	9.496455	0.251151	-1.059108	0.298035	-0.075821	0.267809	0.180292	-0.005046	0.983600	0.053955	-0.998431	-0.015012	0.982132	0.055777	-0.179737
49938	9.606370	0.143854	-0.973912	0.327101	-0.069186	0.277410	0.181118	-0.007731	0.983431	0.056672	-0.998225	-0.018285	0.981827	0.059044	-0.180358
49939	9.528136	0.142475	-0.609607	0.313038	-0.087674	0.277706	0.182132	-0.010409	0.983219	0.059246	-0.998011	-0.021540	0.981488	0.062175	-0.181153
49940	9.593585	-0.169932	-0.391721	0.386459	-0.128432	0.279360	0.183555	-0.013070	0.982923	0.062533	-0.997731	-0.024944	0.981018	0.066044	-0.182321
49941	9.580751	-0.152200	0.144209	0.513727	-0.200567	0.284607	0.185704	-0.015729	0.982480	0.067055	-0.997338	-0.028641	0.980315	0.071199	-0.184155
49942	9.447357	0.276541	0.569411	0.556249	-0.269149	0.305179	0.188545	-0.018529	0.981890	0.071940	-0.996875	-0.032626	0.979426	0.076789	-0.186623
49943	9.311414	0.546988	0.693881	0.531396	-0.338952	0.336180	0.192103	-0.021571	0.981138	0.076509	-0.996386	-0.036887	0.978388	0.082152	-0.189758
49944	9.181809	0.778470	0.641899	0.503671	-0.399591	0.378182	0.196299	-0.024956	0.980226	0.080706	-0.995873	-0.041516	0.977217	0.087260	-0.193475
49945	9.118577	0.845041	0.570214	0.534957	-0.480654	0.418958	0.201330	-0.028657	0.979104	0.085104	-0.995280	-0.046630	0.975819	0.092714	-0.197941
49946	9.357664	0.817083	0.595722	0.548048	-0.557503	0.440584	0.207142	-0.032464	0.977772	0.089555	-0.994624	-0.051996	0.974203	0.098335	-0.203121
49947	9.817089	0.511600	0.648203	0.579862	-0.645162	0.462505	0.213832	-0.036368	0.976193	0.094232	-0.993879	-0.057668	0.972315	0.104320	-0.209096
49948	10.151479	0.277097	1.135679	0.639202	-0.776276	0.469393	0.221817	-0.040152	0.974261	0.099424	-0.993013	-0.063561	0.970006	0.110964	-0.216275
49949	10.680844	-0.439729	1.619434	0.693117	-0.929983	0.464598	0.231286	-0.043657	0.971906	0.105094	-0.992026	-0.069570	0.967193	0.118232	-0.224854
49950	11.105331	-1.058292	1.709375	0.818977	-1.078896	0.445983	0.242178	-0.046713	0.969107	0.111953	-0.990823	-0.075737	0.963751	0.126836	-0.234725
49951	11.656361	-0.425936	1.933794	0.808980	-1.149637	0.441957	0.253732	-0.049540	0.966005	0.118648	-0.989552	-0.081911	0.959970	0.135398	-0.245203
49952	12.424618	-0.263910	1.570231	0.679874	-1.177717	0.455772	0.265558	-0.052366	0.962672	0.123987	-0.988377	-0.087967	0.956089	0.142719	-0.255979
49953	12.254711	-0.042145	1.457829	0.449043	-1.168069	0.525596	0.277342	-0.055816	0.959148	0.126855	-0.987444	-0.094144	0.952360	0.147783	-0.266779
49954	12.012023	-1.081805	1.250190	0.186123	-1.292692	0.586945	0.290363	-0.059640	0.955056	0.126969	-0.986830	-0.100226	0.948456	0.150364	-0.278967
49955	11.597089	-0.744610	1.185870	0.198821	-1.419457	0.648677	0.304599	-0.063842	0.950339	0.126932	-0.986131	-0.106930	0.943985	0.153199	-0.292271
49956	11.929742	-0.454188	1.401729	0.198298	-1.568779	0.689065	0.320231	-0.068165	0.944884	0.126658	-0.985373	-0.114011	0.938834	0.156187	-0.306914
49957	12.107000	-0.938873	2.212661	0.144496	-1.749505	0.706447	0.337469	-0.072328	0.938554	0.125699	-0.984652	-0.121077	0.932906	0.158835	-0.323198
49958	12.997861	-1.346543	2.077788	0.259921	-1.935328	0.689804	0.356314	-0.075961	0.931274	0.125735	-0.983727	-0.128347	0.925868	0.162825	-0.340964
49959	14.177149	-0.855082	1.994606	0.412861	-2.091407	0.682736	0.376433	-0.079168	0.923055	0.127052	-0.982517	-0.136081	0.917690	0.168502	-0.359793
49960	15.099678	-0.645056	1.579127	0.380370	-2.193793	0.717774	0.397372	-0.082416	0.913949	0.127764	-0.981290	-0.144038	0.908720	0.174007	-0.379408
49961	15.335902	-0.437020	1.381268	0.420112	-2.265121	0.753444	0.418780	-0.085753	0.904030	0.128504	-0.979917	-0.152480	0.898949	0.180027	-0.399350
49962	14.458793	-0.253313	0.334176	0.098271	-2.287179	0.762692	0.440189	-0.089030	0.893481	0.126124	-0.979076	-0.159696	0.889003	0.182986	-0.419750
49963	12.838443	-1.885109	-3.211253	-0.381546	-2.190477	0.692940	0.460374	-0.091785	0.882968	0.119651	-0.979149	-0.164169	0.879625	0.181227	-0.439792
49964	11.194044	-3.055983	-5.194723	-0.290887	-2.058422	0.573483	0.479047	-0.093637	0.872781	0.114431	-0.979147	-0.167857	0.870299	0.180285	-0.458342
49965	10.268660	-3.844568	-7.410351	-0.309958	-1.968550	0.419247	0.496521	-0.094161	0.862902	0.109723	-0.979317	-0.169999	0.861062	0.179088	-0.475920
49966	10.177398	-3.897979	-9.237706	0.216734	-1.794565	0.263768	0.512172	-0.093452	0.853784	0.110269	-0.978682	-0.173271	0.851775	0.182891	-0.490948
49967	10.018237	-2.540412	-7.939184	0.656538	-1.638847	0.090990	0.526136	-0.091232	0.845493	0.115366	-0.977380	-0.177254	0.842539	0.190800	-0.503710
49968	9.703203	-2.368864	-8.462688	0.671529	-1.172769	0.020045	0.535990	-0.089103	0.839509	0.120915	-0.976060	-0.180795	0.835520	0.198414	-0.512385
49969	8.354959	-2.088452	-9.349038	0.897355	-0.795228	-0.053761	0.542495	-0.086908	0.835551	0.128705	-0.974293	-0.184903	0.830141	0.207848	-0.517364
49970	6.883249	-1.792190	-10.057472	1.127123	-0.485200	-0.122062	0.546340	-0.084642	0.833276	0.138725	-0.971995	-0.189688	0.825995	0.219230	-0.519298
49971	5.258013	-1.671315	-9.900011	1.177376	-0.335319	-0.202999	0.548770	-0.081859	0.831956	0.149556	-0.969526	-0.194044	0.822487	0.230909	-0.519804
49972	4.688583	-1.487253	-10.013809	1.258915	-0.237149	-0.271522	0.550283	-0.078625	0.831268	0.161405	-0.966763	-0.198288	0.819229	0.243285	-0.519303
49973	4.912462	-0.533721	-7.308612	1.377450	-0.039919	-0.326913	0.550025	-0.075330	0.831744	0.174503	-0.963574	-0.202667	0.816714	0.256613	-0.516845
49974	3.148771	0.353346	-7.809847	0.576295	0.006517	-0.376054	0.549291	-0.071684	0.832551	0.181296	-0.962360	-0.202474	0.815727	0.262156	-0.515620
49975	2.288937	0.524354	-11.781524	0.407223	-0.052598	-0.366463	0.549024	-0.067978	0.833038	0.186646	-0.961546	-0.201476	0.814700	0.266098	-0.515224
49976	3.392010	1.687734	-4.919831	0.884603	0.186481	-0.432489	0.546665	-0.064287	0.834880	0.196242	-0.959445	-0.202374	0.814031	0.274469	-0.511879
49977	3.239066	2.912438	-1.296073	0.173038	0.658211	-0.517110	0.540245	-0.061092	0.839287	0.200485	-0.959298	-0.198879	0.817276	0.275708	-0.506008
49978	2.576874	1.923822	-4.536261	-0.495089	1.008275	-0.584275	0.530791	-0.058193	0.845502	0.199574	-0.961002	-0.191432	0.823669	0.270351	-0.498477
49979	3.339021	1.733463	-4.365045	-0.704252	1.232116	-0.729282	0.519120	-0.054417	0.852967	0.197596	-0.963294	-0.181714	0.831547	0.262874	-0.489313
49980	3.318177	1.032877	-4.170484	-1.017378	1.475469	-0.833239	0.505139	-0.050136	0.861581	0.193375	-0.966354	-0.169608	0.841095	0.252284	-0.478447
49981	3.250589	0.493296	-4.276842	-1.518390	1.697916	-0.928897	0.488978	-0.045246	0.871122	0.185154	-0.970514	-0.154339	0.852419	0.236760	-0.466183
49982	3.430667	-0.444826	-5.823909	-1.816640	1.743897	-1.007505	0.472187	-0.039370	0.880619	0.174423	-0.975077	-0.137119	0.864070	0.218346	-0.453551
49983	4.697805	-1.735083	-6.314245	-1.556116	1.896694	-1.077755	0.453832	-0.032784	0.890484	0.165894	-0.978744	-0.120581	0.875509	0.202450	-0.438747
49984	4.795243	-2.318050	-6.026673	-1.185180	2.132871	-1.118242	0.433200	-0.025969	0.900924	0.160427	-0.981401	-0.105428	0.886905	0.190204	-0.420977
49985	4.964317	-2.229237	-6.785361	-0.837821	2.213356	-1.086698	0.411703	-0.019359	0.911113	0.157557	-0.983207	-0.092085	0.897595	0.181464	-0.401739
49986	4.974273	-1.657731	-6.492034	-0.446173	2.235577	-1.043871	0.389870	-0.013050	0.920777	0.157730	-0.984177	-0.080734	0.907261	0.176710	-0.381643
49987	4.973042	-1.006909	-6.046037	-0.425629	2.255465	-0.950671	0.367787	-0.007577	0.929879	0.157462	-0.985019	-0.070306	0.916482	0.172278	-0.361084
49988	4.872032	-1.215036	-6.498097	-0.529778	2.218348	-0.889254	0.345954	-0.002533	0.938248	0.155770	-0.985963	-0.060098	0.925231	0.166942	-0.340703
49989	5.092550	-1.378039	-5.534177	-0.577224	2.207020	-0.894450	0.324044	0.002718	0.946038	0.153412	-0.986911	-0.049712	0.933521	0.161242	-0.320219
49990	5.423645	-2.132407	-5.413153	-0.829372	2.229135	-0.952675	0.301691	0.008665	0.953366	0.148627	-0.988161	-0.038051	0.941750	0.153176	-0.299408
49991	5.522157	-2.841899	-5.582086	-0.618594	2.201556	-1.064563	0.279297	0.015930	0.960073	0.145879	-0.988960	-0.026029	0.949059	0.147324	-0.278537
49992	6.385295	-2.750872	-5.402505	-0.333669	2.159535	-1.179822	0.257001	0.024493	0.966101	0.145875	-0.989208	-0.013727	0.955338	0.144458	-0.257800
49993	7.271696	-2.165726	-5.041132	0.004471	2.103874	-1.252649	0.234990	0.033884	0.971407	0.149006	-0.988835	-0.001554	0.960509	0.145110	-0.237415
49994	8.300516	-0.921555	-4.225108	0.388380	1.996414	-1.243828	0.213869	0.043278	0.975903	0.155543	-0.987781	0.009717	0.964400	0.149717	-0.217987
49995	9.101272	0.687166	-4.365392	0.411088	1.922821	-1.112775	0.193519	0.051384	0.979750	0.161786	-0.986627	0.019789	0.967665	0.154681	-0.199244
49996	9.722948	0.831875	-4.232454	0.321215	1.829915	-0.916377	0.174269	0.057595	0.983012	0.166590	-0.985622	0.028215	0.970504	0.158843	-0.181358
49997	9.958899	0.764733	-4.263289	0.100527	1.796060	-0.661206	0.155697	0.061287	0.985902	0.168661	-0.985067	0.034599	0.973300	0.160896	-0.163708
49998	9.864437	0.759760	-5.044398	-0.138805	1.644172	-0.387703	0.139007	0.062507	0.988317	0.167884	-0.985047	0.038687	0.975957	0.160545	-0.147423
49999	9.595281	-0.021958	-4.334730	-0.303654	1.543641	-0.196546	0.123590	0.062029	0.990393	0.165176	-0.985407	0.041104	0.978490	0.158509	-0.132032
50000	8.684116	-0.667178	-4.019819	-0.676272	1.394641	-0.064066	0.109808	0.060534	0.992108	0.158627	-0.986418	0.042629	0.981213	0.152694	-0.117919
50001	7.683164	-0.972299	-5.424282	-0.907239	1.238921	0.021310	0.097665	0.058530	0.993497	0.149690	-0.987776	0.043478	0.983897	0.144471	-0.105233
50002	9.457487	-0.246900	-4.633741	-0.579767	1.057657	0.007504	0.087249	0.056999	0.994555	0.143976	-0.988601	0.044027	0.985727	0.139350	-0.094461
50003	10.357621	0.134637	-0.078305	-0.716909	0.881349	0.033063	0.078601	0.055521	0.995359	0.136875	-0.989593	0.044391	0.987465	0.132750	-0.085382
50004	12.861874	-0.222729	-1.471285	-0.489883	0.580327	0.063557	0.072942	0.054178	0.995864	0.131987	-0.990265	0.044206	0.988564	0.128217	-0.079383
50005	16.090771	3.361704	6.985885	0.474192	0.716220	-0.041855	0.065807	0.053704	0.996386	0.136703	-0.989621	0.044311	0.988424	0.133293	-0.072465
50006	15.981318	3.986116	14.177737	-1.151330	1.228895	0.096156	0.053761	0.051223	0.997239	0.125252	-0.991142	0.044158	0.990667	0.122533	-0.059701
50007	15.104159	-3.481001	8.021070	-3.102932	1.449105	0.379926	0.039785	0.045942	0.998152	0.094266	-0.994660	0.042024	0.994752	0.092420	-0.043904
50008	13.171168	-2.631804	6.124246	-2.687969	0.794177	0.420360	0.032207	0.041171	0.998633	0.067340	-0.996970	0.038930	0.997210	0.065994	-0.034881
50009	13.504368	-6.824139	-1.247194	-3.277933	-0.102332	0.177937	0.033310	0.039493	0.998664	0.034562	-0.998667	0.038340	0.998847	0.033239	-0.034631
50010	13.408001	-9.748415	0.356031	-1.303591	-0.337836	0.381347	0.036786	0.035818	0.998681	0.021405	-0.999156	0.035046	0.999094	0.020087	-0.037521
50011	11.081485	-3.607948	3.710664	-0.832344	-0.465327	0.524760	0.041518	0.030689	0.998666	0.012885	-0.999462	0.030177	0.999055	0.011615	-0.041891
50012	10.350730	-1.306152	-1.357878	-0.994031	-0.430194	0.575594	0.045855	0.025008	0.998635	0.002702	-0.999686	0.024910	0.998944	0.001556	-0.045909
50013	9.183220	-0.500638	-1.555417	-1.166266	-0.224030	0.582043	0.048067	0.019219	0.998659	-0.009218	-0.999764	0.019684	0.998802	-0.010152	-0.047879
50014	9.051539	-0.593830	-3.386884	-1.341956	-0.147603	0.497200	0.049458	0.014268	0.998674	-0.022863	-0.999620	0.015414	0.998515	-0.023595	-0.049113
50015	8.191179	-0.241671	-2.588310	-1.139070	-0.188838	0.325879	0.051245	0.010995	0.998626	-0.034396	-0.999327	0.012768	0.998094	-0.035003	-0.050832
50016	8.243725	-2.081204	-3.452491	-0.588367	-0.176555	0.114433	0.052961	0.009829	0.998548	-0.040327	-0.999115	0.011974	0.997782	-0.040902	-0.052518
50017	9.212206	-3.510362	-2.972570	0.386042	-0.174927	-0.080611	0.054735	0.010605	0.998445	-0.036428	-0.999257	0.012610	0.997836	-0.037061	-0.054308
50018	9.442936	-3.513457	-2.789401	1.391119	-0.205792	-0.150556	0.056830	0.012092	0.998311	-0.022460	-0.999658	0.013387	0.998131	-0.023183	-0.056539
50019	9.831465	-1.849833	-2.160808	2.032107	-0.252549	-0.201368	0.059374	0.014108	0.998136	-0.002054	-0.999896	0.014256	0.998234	-0.002896	-0.059339
50020	10.271162	0.364376	-1.177002	2.216088	-0.223819	-0.113343	0.061592	0.015305	0.997984	0.020134	-0.999698	0.014088	0.997898	0.019226	-0.061882
50021	10.496499	2.635063	0.567224	1.882331	-0.161399	0.035073	0.063210	0.015035	0.997887	0.038896	-0.999164	0.012591	0.997242	0.038018	-0.063742
50022	10.846257	3.837710	0.692947	1.112087	-0.127930	0.153444	0.064546	0.013603	0.997822	0.049885	-0.998701	0.010388	0.996667	0.049106	-0.065141
50023	10.717035	3.320500	-0.285299	0.037158	-0.048232	0.205302	0.065125	0.011613	0.997810	0.050127	-0.998708	0.008352	0.996617	0.049473	-0.065623
50024	9.761221	1.540807	-0.110013	-0.951637	-0.012106	0.189980	0.065325	0.009765	0.997816	0.040517	-0.999153	0.007126	0.997041	0.039963	-0.065665
50025	9.355593	-0.875119	-1.325360	-1.405257	-0.007510	0.115239	0.065434	0.008654	0.997819	0.026431	-0.999627	0.006937	0.997507	0.025920	-0.065638
50026	9.421033	-1.856311	-2.101919	-1.212314	-0.021421	0.026979	0.065647	0.008434	0.997807	0.014320	-0.999869	0.007509	0.997740	0.013795	-0.065759
50027	9.528319	-1.708995	-2.240994	-0.792288	-0.022071	-0.059017	0.065858	0.009064	0.997788	0.006457	-0.999942	0.008657	0.997808	0.005873	-0.065913
50028	9.747878	-1.092571	-2.672236	-0.290054	0.006254	-0.110992	0.065786	0.010218	0.997781	0.003637	-0.999943	0.010000	0.997827	0.002971	-0.065819
50029	10.049304	-0.474028	-2.987850	0.137103	0.058300	-0.133944	0.065196	0.011592	0.997805	0.005097	-0.999923	0.011284	0.997859	0.004350	-0.065251
50030	10.228775	-0.023365	-2.474836	0.453354	0.119363	-0.131169	0.063991	0.012940	0.997867	0.009706	-0.999877	0.012344	0.997903	0.008896	-0.064108
50031	10.171732	-0.037068	-1.911756	0.457194	0.189130	-0.132827	0.062087	0.014284	0.997969	0.014357	-0.999807	0.013417	0.997967	0.013495	-0.062280
50032	9.736411	-0.816211	-1.098157	0.312567	0.234848	-0.134663	0.059716	0.015640	0.998093	0.017559	-0.999739	0.014615	0.998061	0.016653	-0.059975
50033	9.725966	-2.844333	-0.301865	0.084753	0.216407	-0.171459	0.057525	0.017353	0.998193	0.018510	-0.999696	0.016312	0.998172	0.017538	-0.057829
