// General information: 
//  MT Manager version: 2022.2.0 
//  XDA version: 2022.2.0 build 7381 rev 124627 built on 2023-07-19
// Device information: 
//  DeviceId: 00B4CAF0
//  ProductCode: MTW2-3A7G6
//  Firmware Version: 4.6.0
//  Hardware Version: 2.0.0
// Device settings: 
//  Filter Profile: human(46.1)
//  Option Flags: Orientation Smoother Disabled, Position/Velocity Smoother Disabled, Continuous Zero Rotation Update Disabled, AHS Disabled, ICC Disabled
// Coordinate system: ENU
PacketCounter	Acc_X	Acc_Y	Acc_Z	Gyr_X	Gyr_Y	Gyr_Z	Mat[1][1]	Mat[2][1]	Mat[3][1]	Mat[1][2]	Mat[2][2]	Mat[3][2]	Mat[1][3]	Mat[2][3]	Mat[3][3]
34991	4.662417	-0.747556	9.123868	0.001474	0.004614	0.005269	0.839295	0.299773	0.453564	-0.298815	0.951296	-0.075796	-0.454196	-0.071917	0.887995
34992	4.661935	-0.747220	9.124142	0.009977	0.005286	0.002706	0.839308	0.299778	0.453537	-0.298844	0.951291	-0.075745	-0.454152	-0.071963	0.888013
34993	4.651218	-0.775108	9.141184	0.002367	0.001794	0.003516	0.839310	0.299756	0.453546	-0.298821	0.951298	-0.075746	-0.454163	-0.071955	0.888008
34994	4.682496	-0.738754	9.115311	0.005602	0.004618	0.001428	0.839324	0.299749	0.453525	-0.298819	0.951300	-0.075728	-0.454138	-0.071961	0.888020
34995	4.639595	-0.753858	9.134030	0.007287	0.005233	0.002627	0.839350	0.299721	0.453496	-0.298811	0.951307	-0.075677	-0.454096	-0.071990	0.888040
34996	4.665644	-0.769992	9.051998	0.005168	0.004102	0.004231	0.839353	0.299740	0.453478	-0.298831	0.951301	-0.075676	-0.454077	-0.071994	0.888049
34997	4.681130	-0.737447	9.116118	0.007287	0.005232	0.002628	0.839345	0.299750	0.453486	-0.298859	0.951294	-0.075646	-0.454073	-0.072035	0.888047
34998	4.643261	-0.734910	9.096734	0.007287	0.005232	0.002628	0.839359	0.299754	0.453458	-0.298875	0.951292	-0.075619	-0.454038	-0.072056	0.888064
34999	4.658930	-0.744243	9.125920	0.006852	0.004717	0.005431	0.839363	0.299751	0.453452	-0.298881	0.951291	-0.075599	-0.454026	-0.072073	0.888069
35000	4.653349	-0.754604	9.104804	0.004375	0.000667	0.001280	0.839360	0.299739	0.453466	-0.298872	0.951295	-0.075592	-0.454038	-0.072079	0.888062
35001	4.647844	-0.771738	9.143185	0.006828	0.008564	0.001580	0.839331	0.299823	0.453465	-0.298981	0.951262	-0.075565	-0.454020	-0.072153	0.888065
35002	4.652422	-0.753620	9.105359	0.007745	0.001896	0.003679	0.839326	0.299834	0.453466	-0.299008	0.951256	-0.075539	-0.454012	-0.072188	0.888067
35003	4.657414	-0.742410	9.126843	0.005601	0.004615	0.001430	0.839403	0.299724	0.453396	-0.298911	0.951292	-0.075471	-0.453933	-0.072175	0.888108
35004	4.667370	-0.713673	9.110255	0.005601	0.004615	0.001431	0.839417	0.299716	0.453375	-0.298909	0.951294	-0.075453	-0.453908	-0.072182	0.888120
35005	4.661911	-0.766002	9.054259	0.005736	0.003023	0.005918	0.839389	0.299797	0.453374	-0.299019	0.951262	-0.075419	-0.453888	-0.072262	0.888124
35006	4.650882	-0.751984	9.106281	0.005032	0.005692	-0.000253	0.839413	0.299775	0.453345	-0.299001	0.951270	-0.075398	-0.453856	-0.072260	0.888141
35007	4.655993	-0.740966	9.127686	0.005078	-0.002004	0.007453	0.839443	0.299680	0.453352	-0.298899	0.951302	-0.075389	-0.453868	-0.072222	0.888138
35008	4.682475	-0.764057	9.104991	0.006147	0.007383	-0.000737	0.839476	0.299653	0.453308	-0.298881	0.951310	-0.075357	-0.453818	-0.072225	0.888163
35009	4.671358	-0.742994	9.097549	0.008202	-0.001439	0.004732	0.839442	0.299684	0.453351	-0.298946	0.951294	-0.075305	-0.453838	-0.072313	0.888145
35010	4.655490	-0.739506	9.128060	0.007632	-0.000362	0.003048	0.839429	0.299688	0.453373	-0.298967	0.951290	-0.075277	-0.453848	-0.072354	0.888136
35011	4.665571	-0.710734	9.111406	0.005712	0.006869	0.002066	0.839499	0.299587	0.453309	-0.298869	0.951324	-0.075234	-0.453782	-0.072321	0.888173
35012	4.660353	-0.769833	9.114835	0.006628	0.000201	0.004167	0.839485	0.299602	0.453325	-0.298895	0.951317	-0.075219	-0.453791	-0.072351	0.888166
35013	4.659653	-0.720695	9.090503	0.004597	0.005176	0.002550	0.839548	0.299503	0.453274	-0.298796	0.951351	-0.075186	-0.453740	-0.072314	0.888195
35014	4.686239	-0.750624	9.127286	0.006739	0.002457	0.004802	0.839542	0.299526	0.453269	-0.298827	0.951342	-0.075173	-0.453730	-0.072338	0.888198
35015	4.680546	-0.760928	9.106245	0.005032	0.005689	-0.000252	0.839552	0.299498	0.453270	-0.298807	0.951350	-0.075151	-0.453726	-0.072347	0.888199
35016	4.669450	-0.740071	9.098766	0.006192	-0.000313	0.006972	0.839527	0.299539	0.453289	-0.298854	0.951335	-0.075153	-0.453741	-0.072374	0.888190
35017	4.647875	-0.747427	9.108191	0.006148	0.007380	-0.000736	0.839567	0.299471	0.453260	-0.298795	0.951357	-0.075112	-0.453706	-0.072370	0.888208
35018	4.684878	-0.749039	9.128115	0.003938	0.000150	0.004087	0.839553	0.299485	0.453277	-0.298808	0.951352	-0.075121	-0.453724	-0.072375	0.888199
35019	4.673859	-0.728244	9.120588	0.006169	0.003533	0.003118	0.839556	0.299445	0.453298	-0.298774	0.951364	-0.075103	-0.453740	-0.072380	0.888190
35020	4.668592	-0.787292	9.124064	0.007854	0.004146	0.004320	0.839559	0.299464	0.453279	-0.298806	0.951356	-0.075078	-0.453713	-0.072410	0.888201
35021	4.651767	-0.735089	9.130315	0.006281	0.005788	0.003753	0.839644	0.299317	0.453219	-0.298652	0.951407	-0.075045	-0.453658	-0.072343	0.888235
35022	4.672622	-0.726857	9.121332	0.007742	0.001890	0.003687	0.839639	0.299329	0.453221	-0.298678	0.951401	-0.075018	-0.453650	-0.072379	0.888236
35023	4.640434	-0.755847	9.088201	-0.000346	0.005588	-0.000418	0.839613	0.299349	0.453256	-0.298686	0.951396	-0.075055	-0.453693	-0.072364	0.888215
35024	4.656289	-0.765492	9.117277	0.006190	-0.000314	0.006975	0.839588	0.299390	0.453275	-0.298733	0.951381	-0.075057	-0.453708	-0.072391	0.888205
35025	4.634708	-0.772838	9.126701	0.006148	0.007377	-0.000735	0.839615	0.299345	0.453254	-0.298700	0.951394	-0.075017	-0.453679	-0.072401	0.888219
35026	4.655632	-0.764827	9.117668	0.001817	-0.000977	0.005690	0.839591	0.299373	0.453279	-0.298716	0.951386	-0.075052	-0.453713	-0.072389	0.888203
35027	4.650146	-0.733472	9.131270	0.004941	-0.000415	0.002971	0.839604	0.299346	0.453274	-0.298715	0.951391	-0.074995	-0.453691	-0.072433	0.888211
35028	4.671401	-0.725521	9.122064	0.002253	-0.000464	0.002887	0.839590	0.299348	0.453298	-0.298710	0.951391	-0.075014	-0.453719	-0.072424	0.888197
35029	4.676907	-0.756772	9.108461	0.001248	0.000101	0.004005	0.839584	0.299308	0.453336	-0.298652	0.951407	-0.075045	-0.453768	-0.072383	0.888175
35030	4.666155	-0.736212	9.100769	0.003825	-0.002106	0.003455	0.839562	0.299314	0.453373	-0.298659	0.951404	-0.075052	-0.453805	-0.072393	0.888155
35031	4.682187	-0.745907	9.129752	0.000792	0.003433	0.002953	0.839601	0.299238	0.453350	-0.298566	0.951433	-0.075060	-0.453793	-0.072334	0.888167
35032	4.665748	-0.736182	9.100981	0.003044	0.002969	0.005841	0.839595	0.299271	0.453340	-0.298589	0.951424	-0.075085	-0.453789	-0.072321	0.888169
35033	4.697631	-0.748931	9.099519	0.003500	-0.000364	0.006893	0.839563	0.299347	0.453349	-0.298685	0.951395	-0.075068	-0.453785	-0.072384	0.888167
35034	4.628186	-0.740839	9.140881	0.002912	0.004559	0.001351	0.839577	0.299337	0.453329	-0.298670	0.951399	-0.075074	-0.453769	-0.072365	0.888176
35035	4.681092	-0.745769	9.130324	0.000792	0.003433	0.002953	0.839550	0.299366	0.453361	-0.298684	0.951391	-0.075116	-0.453811	-0.072348	0.888156
35036	4.670441	-0.774045	9.147315	0.002932	0.000713	0.005208	0.839535	0.299391	0.453372	-0.298701	0.951384	-0.075139	-0.453827	-0.072341	0.888149
35037	4.643226	-0.743623	9.110873	0.004596	0.005171	0.002554	0.839541	0.299386	0.453365	-0.298702	0.951385	-0.075124	-0.453815	-0.072352	0.888154
35038	4.674856	-0.756020	9.109576	0.006169	0.003528	0.003122	0.839545	0.299392	0.453352	-0.298717	0.951382	-0.075108	-0.453798	-0.072367	0.888161
35039	4.653212	-0.763616	9.119005	0.001471	0.004610	0.005273	0.839569	0.299398	0.453304	-0.298725	0.951380	-0.075097	-0.453748	-0.072364	0.888187
35040	4.641930	-0.742896	9.111593	0.007285	0.005218	0.002639	0.839582	0.299402	0.453277	-0.298740	0.951377	-0.075069	-0.453713	-0.072385	0.888203
35041	4.673543	-0.755091	9.110326	0.006605	0.004040	0.000319	0.839624	0.299315	0.453257	-0.298666	0.951405	-0.075018	-0.453685	-0.072385	0.888218
35042	4.646411	-0.731268	9.133349	0.002475	0.004045	0.004156	0.839628	0.299332	0.453239	-0.298673	0.951401	-0.075040	-0.453674	-0.072364	0.888225
35043	4.662062	-0.734236	9.103027	0.002363	0.001790	0.003523	0.839619	0.299346	0.453247	-0.298691	0.951395	-0.075037	-0.453679	-0.072378	0.888221
35044	4.672407	-0.712699	9.145693	0.003043	0.002967	0.005843	0.839612	0.299378	0.453237	-0.298714	0.951386	-0.075061	-0.453675	-0.072366	0.888224
35045	4.651187	-0.762368	9.120142	0.003935	0.000147	0.004092	0.839620	0.299328	0.453255	-0.298660	0.951403	-0.075059	-0.453696	-0.072348	0.888215
35046	4.666767	-0.723003	9.124636	0.007173	0.002961	0.002007	0.839625	0.299324	0.453249	-0.298669	0.951403	-0.075030	-0.453680	-0.072375	0.888221
35047	4.656095	-0.751025	9.141656	0.001926	0.001277	0.006327	0.839673	0.299222	0.453229	-0.298543	0.951441	-0.075047	-0.453676	-0.072293	0.888229
35048	4.660860	-0.733593	9.103694	0.002587	0.006299	0.004791	0.839684	0.299246	0.453191	-0.298555	0.951435	-0.075071	-0.453646	-0.072266	0.888247
35049	4.671316	-0.753923	9.111565	0.004372	0.000659	0.001288	0.839686	0.299191	0.453224	-0.298499	0.951453	-0.075063	-0.453679	-0.072258	0.888231
35050	4.639037	-0.740848	9.113233	0.005163	0.004090	0.004243	0.839690	0.299208	0.453206	-0.298518	0.951448	-0.075061	-0.453660	-0.072262	0.888240
35051	4.665315	-0.722120	9.125448	0.003367	0.001224	0.002406	0.839688	0.299192	0.453220	-0.298512	0.951451	-0.075041	-0.453668	-0.072280	0.888235
35052	4.654361	-0.701371	9.117862	0.005051	0.001835	0.003609	0.839683	0.299202	0.453222	-0.298525	0.951447	-0.075038	-0.453668	-0.072290	0.888234
35053	4.665006	-0.721718	9.125638	0.002930	0.000711	0.005211	0.839707	0.299144	0.453216	-0.298460	0.951468	-0.075035	-0.453666	-0.072259	0.888237
35054	4.638271	-0.740158	9.113679	0.001796	0.002866	0.001837	0.839713	0.299138	0.453210	-0.298443	0.951472	-0.075052	-0.453668	-0.072235	0.888239
35055	4.654051	-0.749775	9.142800	0.003479	0.003478	0.003040	0.839740	0.299096	0.453187	-0.298404	0.951486	-0.075033	-0.453643	-0.072225	0.888252
35056	4.664442	-0.763456	9.091211	0.002363	0.001789	0.003524	0.839735	0.299105	0.453190	-0.298404	0.951484	-0.075053	-0.453651	-0.072209	0.888249
35057	4.632123	-0.750360	9.092894	0.006605	0.004035	0.000322	0.839773	0.299034	0.453167	-0.298355	0.951505	-0.074988	-0.453615	-0.072231	0.888266
35058	4.663730	-0.720800	9.126362	0.002929	0.000711	0.005211	0.839758	0.299059	0.453178	-0.298372	0.951498	-0.075011	-0.453631	-0.072225	0.888258
35059	4.663777	-0.762676	9.091618	0.005051	0.001834	0.003611	0.839808	0.298936	0.453167	-0.298240	0.951540	-0.074995	-0.453626	-0.072171	0.888265
35060	4.658050	-0.731101	9.105333	0.004484	0.002911	0.001924	0.839813	0.298930	0.453161	-0.298236	0.951542	-0.074989	-0.453618	-0.072172	0.888269
35061	4.647239	-0.758914	9.122443	0.007851	0.004134	0.004331	0.839824	0.298931	0.453141	-0.298262	0.951538	-0.074935	-0.453581	-0.072222	0.888284
35062	4.657373	-0.730234	9.105748	0.006734	0.002445	0.004815	0.839818	0.298953	0.453137	-0.298293	0.951529	-0.074922	-0.453571	-0.072247	0.888287
35063	4.625218	-0.723712	9.166835	0.005488	0.002345	0.000807	0.839792	0.298991	0.453159	-0.298357	0.951512	-0.074886	-0.453577	-0.072314	0.888278
35064	4.667773	-0.749914	9.113712	0.004371	0.000656	0.001291	0.839789	0.298978	0.453174	-0.298348	0.951516	-0.074878	-0.453589	-0.072322	0.888272
35065	4.662391	-0.718474	9.127230	0.003950	-0.003699	0.007954	0.839756	0.298990	0.453227	-0.298361	0.951511	-0.074889	-0.453642	-0.072337	0.888244
35066	4.635722	-0.736733	9.115253	0.005034	0.005676	-0.000247	0.839780	0.298966	0.453199	-0.298342	0.951518	-0.074868	-0.453610	-0.072335	0.888260
35067	4.672667	-0.738319	9.135245	0.006733	0.002443	0.004816	0.839745	0.299025	0.453223	-0.298424	0.951494	-0.074843	-0.453620	-0.072403	0.888249
35068	4.645997	-0.756577	9.123270	0.002250	-0.000467	0.002892	0.839732	0.299027	0.453247	-0.298419	0.951495	-0.074861	-0.453648	-0.072394	0.888236
35069	4.662020	-0.759579	9.092778	0.002816	-0.001544	0.004580	0.839743	0.298977	0.453260	-0.298367	0.951511	-0.074853	-0.453661	-0.072381	0.888230
35070	4.678070	-0.769591	9.121732	-0.003452	0.001187	0.006156	0.839728	0.299010	0.453266	-0.298363	0.951506	-0.074936	-0.453692	-0.072312	0.888220
35071	4.667193	-0.749302	9.114059	0.003933	0.000144	0.004096	0.839715	0.298992	0.453302	-0.298345	0.951512	-0.074939	-0.453728	-0.072313	0.888201
35072	4.688299	-0.748149	9.164428	0.001908	0.005119	0.002471	0.839729	0.298993	0.453276	-0.298334	0.951514	-0.074958	-0.453710	-0.072283	0.888213
35073	4.650579	-0.739258	9.085396	0.004371	0.000655	0.001292	0.839722	0.298932	0.453328	-0.298267	0.951534	-0.074963	-0.453766	-0.072264	0.888186
35074	4.687940	-0.741177	9.105150	0.002377	-0.002056	0.007386	0.839688	0.298975	0.453362	-0.298299	0.951521	-0.075000	-0.453807	-0.072261	0.888165
35075	4.629187	-0.746860	9.094677	0.004158	0.004651	0.005364	0.839710	0.298972	0.453324	-0.298302	0.951522	-0.074981	-0.453765	-0.072265	0.888187
35076	4.660890	-0.759451	9.093368	0.005050	0.001831	0.003614	0.839706	0.298981	0.453326	-0.298315	0.951518	-0.074978	-0.453765	-0.072275	0.888186
35077	4.644659	-0.756026	9.123996	0.006167	0.003518	0.003130	0.839780	0.298850	0.453276	-0.298186	0.951562	-0.074931	-0.453713	-0.072235	0.888215
35078	4.676051	-0.719609	9.098098	0.006605	0.004029	0.000325	0.839795	0.298830	0.453261	-0.298178	0.951567	-0.074898	-0.453690	-0.072253	0.888226
35079	4.665295	-0.747586	9.115172	0.001923	0.001275	0.006332	0.839809	0.298811	0.453246	-0.298152	0.951575	-0.074904	-0.453680	-0.072232	0.888233
35080	4.659585	-0.716358	9.128829	0.003040	0.002963	0.005848	0.839803	0.298843	0.453237	-0.298175	0.951566	-0.074928	-0.453676	-0.072219	0.888235
35081	4.675334	-0.767852	9.123282	0.006152	0.007360	-0.000729	0.839832	0.298802	0.453211	-0.298149	0.951577	-0.074883	-0.453640	-0.072235	0.888252
35082	4.664330	-0.747039	9.115710	0.003380	-0.002623	0.006271	0.839799	0.298833	0.453251	-0.298177	0.951567	-0.074907	-0.453683	-0.072242	0.888230
35083	4.653459	-0.726388	9.108057	0.005162	0.004083	0.004248	0.839833	0.298785	0.453220	-0.298131	0.951583	-0.074882	-0.453650	-0.072231	0.888248
35084	4.642662	-0.754310	9.125155	0.005049	0.001829	0.003615	0.839828	0.298794	0.453222	-0.298144	0.951579	-0.074878	-0.453650	-0.072241	0.888247
35085	4.669157	-0.777599	9.102566	0.004483	0.002907	0.001927	0.839868	0.298695	0.453213	-0.298040	0.951613	-0.074862	-0.453645	-0.072201	0.888253
35086	4.652805	-0.725451	9.108465	0.007185	-0.000893	0.005876	0.839845	0.298724	0.453238	-0.298081	0.951601	-0.074849	-0.453661	-0.072240	0.888241
35087	4.668943	-0.776829	9.102742	0.005488	0.002340	0.000810	0.839903	0.298574	0.453229	-0.297927	0.951652	-0.074816	-0.453655	-0.072191	0.888249
35088	4.652362	-0.724648	9.108756	0.004596	0.005160	0.002560	0.839917	0.298576	0.453203	-0.297929	0.951652	-0.074812	-0.453628	-0.072187	0.888263
35089	4.657488	-0.755767	9.095418	0.002361	0.001786	0.003528	0.839907	0.298578	0.453219	-0.297933	0.951651	-0.074811	-0.453643	-0.072195	0.888254
35090	4.641238	-0.752351	9.126041	0.006605	0.004026	0.000327	0.839922	0.298557	0.453205	-0.297925	0.951656	-0.074778	-0.453621	-0.072213	0.888264
35091	4.667442	-0.733371	9.138314	0.006166	0.003515	0.003133	0.839947	0.298503	0.453195	-0.297877	0.951673	-0.074751	-0.453607	-0.072209	0.888272
35092	4.656636	-0.761404	9.155411	0.001356	0.002352	0.004645	0.839941	0.298523	0.453192	-0.297881	0.951669	-0.074785	-0.453614	-0.072182	0.888270
35093	4.666804	-0.726481	9.079187	0.004483	0.002905	0.001928	0.839953	0.298484	0.453196	-0.297846	0.951681	-0.074769	-0.453616	-0.072180	0.888270
35094	4.640008	-0.751204	9.126761	0.006166	0.003514	0.003134	0.839957	0.298489	0.453184	-0.297859	0.951678	-0.074753	-0.453598	-0.072196	0.888277
35095	4.655323	-0.711920	9.131350	0.003026	0.006803	0.001989	0.840081	0.298279	0.453094	-0.297629	0.951753	-0.074721	-0.453521	-0.072082	0.888326
35096	4.628438	-0.730425	9.119461	0.000803	-0.000412	0.006818	0.840057	0.298317	0.453114	-0.297649	0.951743	-0.074769	-0.453553	-0.072059	0.888312
35097	4.654916	-0.753893	9.096890	0.007283	0.005200	0.002651	0.840165	0.298187	0.452998	-0.297547	0.951784	-0.074660	-0.453418	-0.072062	0.888380
35098	4.643768	-0.739497	9.148864	0.005600	0.004591	0.001446	0.840180	0.298177	0.452977	-0.297543	0.951786	-0.074641	-0.453393	-0.072069	0.888392
35099	4.632756	-0.760641	9.106620	0.005600	0.004590	0.001446	0.840224	0.298087	0.452954	-0.297454	0.951816	-0.074613	-0.453370	-0.072041	0.888406
35100	4.648180	-0.721229	9.111162	0.006165	0.003513	0.003136	0.840229	0.298093	0.452942	-0.297467	0.951813	-0.074597	-0.453353	-0.072057	0.888414
35101	4.679903	-0.733655	9.109893	0.006730	0.002435	0.004826	0.840192	0.298144	0.452976	-0.297530	0.951794	-0.074595	-0.453380	-0.072100	0.888396
35102	4.626268	-0.728208	9.120740	0.002913	0.004548	0.001356	0.840206	0.298134	0.452956	-0.297513	0.951799	-0.074600	-0.453364	-0.072081	0.888406
35103	4.663220	-0.730101	9.140731	0.005285	0.002492	0.008749	0.840229	0.298117	0.452925	-0.297498	0.951804	-0.074589	-0.453333	-0.072072	0.888423
35104	4.641417	-0.730857	9.090759	0.006153	0.007352	-0.000726	0.840263	0.298089	0.452882	-0.297478	0.951813	-0.074555	-0.453283	-0.072077	0.888448
35105	4.683736	-0.721772	9.131974	0.002811	-0.001546	0.004586	0.840312	0.297936	0.452891	-0.297305	0.951867	-0.074560	-0.453306	-0.071993	0.888443
35106	4.646476	-0.719839	9.112141	0.000802	-0.000412	0.006819	0.840288	0.297974	0.452911	-0.297324	0.951857	-0.074608	-0.453337	-0.071970	0.888429
35107	4.630525	-0.758986	9.107893	0.001355	0.002351	0.004646	0.840332	0.297885	0.452887	-0.297215	0.951890	-0.074620	-0.453327	-0.071899	0.888440
35108	4.673083	-0.750296	9.148954	0.001129	-0.002155	0.003380	0.840310	0.297889	0.452925	-0.297208	0.951890	-0.074650	-0.453372	-0.071884	0.888418
35109	4.652081	-0.751568	9.098532	-0.001107	-0.005527	0.004347	0.840259	0.297906	0.453009	-0.297216	0.951885	-0.074687	-0.453462	-0.071885	0.888372
35110	4.668365	-0.761634	9.127371	-0.003128	-0.000551	0.002716	0.840246	0.297905	0.453033	-0.297184	0.951890	-0.074751	-0.453506	-0.071825	0.888354
35111	4.663301	-0.730966	9.140620	-0.004788	-0.008842	0.009237	0.840181	0.297913	0.453148	-0.297148	0.951892	-0.074860	-0.453650	-0.071756	0.888286
35112	4.669382	-0.762789	9.126754	-0.000103	-0.006095	0.003231	0.840142	0.297912	0.453221	-0.297133	0.951894	-0.074900	-0.453732	-0.071740	0.888246
35113	4.637751	-0.750100	9.127999	-0.000554	-0.002764	0.002174	0.840138	0.297847	0.453272	-0.297048	0.951918	-0.074931	-0.453796	-0.071691	0.888217
35114	4.664833	-0.774055	9.105085	-0.001548	-0.006039	0.007154	0.840088	0.297883	0.453341	-0.297060	0.951909	-0.075002	-0.453881	-0.071661	0.888176
35115	4.628201	-0.820960	9.109719	0.001580	-0.005488	0.004438	0.840102	0.297790	0.453375	-0.296969	0.951939	-0.074979	-0.453914	-0.071648	0.888160
35116	4.649562	-0.722552	9.110352	0.001015	-0.004410	0.002748	0.840072	0.297786	0.453434	-0.296955	0.951941	-0.075007	-0.453978	-0.071638	0.888128
35117	4.682031	-0.735500	9.108650	-0.000103	-0.006096	0.003232	0.840009	0.297779	0.453556	-0.296929	0.951945	-0.075065	-0.454113	-0.071618	0.888061
35118	4.640027	-0.751069	9.126762	-0.000543	-0.006607	0.006039	0.839959	0.297804	0.453631	-0.296935	0.951938	-0.075122	-0.454200	-0.071600	0.888018
35119	4.667063	-0.726190	9.079077	0.000337	-0.005586	0.000425	0.839896	0.297831	0.453731	-0.296963	0.951928	-0.075143	-0.454299	-0.071629	0.887965
35120	4.657184	-0.803270	9.120466	-0.002112	-0.004962	0.005466	0.839856	0.297852	0.453792	-0.296958	0.951924	-0.075211	-0.454377	-0.071591	0.887928
35121	4.662912	-0.744094	9.116677	0.000347	-0.009429	0.004290	0.839812	0.297797	0.453909	-0.296886	0.951943	-0.075253	-0.454506	-0.071561	0.887865
35122	4.663679	-0.744406	9.116259	-0.001662	-0.008295	0.006525	0.839753	0.297826	0.453999	-0.296891	0.951936	-0.075322	-0.454611	-0.071537	0.887813
35123	4.669722	-0.776145	9.102400	-0.002791	-0.006138	0.003144	0.839766	0.297716	0.454047	-0.296752	0.951976	-0.075360	-0.454678	-0.071455	0.887785
35124	4.675552	-0.716995	9.098561	-0.001337	-0.010038	0.003085	0.839709	0.297711	0.454155	-0.296730	0.951979	-0.075410	-0.454797	-0.071439	0.887726
35125	4.665772	-0.745515	9.115097	-0.002227	-0.007217	0.004835	0.839613	0.297812	0.454267	-0.296820	0.951946	-0.075478	-0.454916	-0.071463	0.887663
35126	4.666236	-0.697147	9.090044	0.001025	-0.008257	0.006615	0.839554	0.297841	0.454356	-0.296838	0.951937	-0.075523	-0.455012	-0.071464	0.887613
35127	4.683017	-0.749489	9.083903	-0.005918	-0.006690	0.005865	0.839520	0.297807	0.454441	-0.296761	0.951954	-0.075612	-0.455125	-0.071382	0.887562
35128	4.694387	-0.770764	9.091244	-0.004350	-0.008338	0.006439	0.839462	0.297835	0.454531	-0.296754	0.951949	-0.075704	-0.455238	-0.071333	0.887508
35129	4.684300	-0.750964	9.083119	-0.003671	-0.007163	0.008762	0.839433	0.297795	0.454610	-0.296668	0.951968	-0.075798	-0.455346	-0.071241	0.887460
35130	4.679559	-0.769016	9.121017	-0.003117	-0.004398	0.006587	0.839392	0.297827	0.454665	-0.296668	0.951961	-0.075880	-0.455422	-0.071192	0.887424
35131	4.653043	-0.739408	9.084122	-0.004685	-0.002751	0.006014	0.839309	0.297955	0.454735	-0.296775	0.951921	-0.075965	-0.455506	-0.071196	0.887381
35132	4.696104	-0.780114	9.149625	-0.004685	-0.002751	0.006014	0.839276	0.297983	0.454776	-0.296763	0.951918	-0.076058	-0.455573	-0.071127	0.887352
35133	4.669594	-0.750742	9.112711	-0.008492	-0.004478	0.006412	0.839204	0.298046	0.454868	-0.296774	0.951903	-0.076190	-0.455699	-0.071054	0.887294
35134	4.670057	-0.751686	9.112396	-0.005920	-0.006693	0.005868	0.839154	0.298069	0.454945	-0.296755	0.951901	-0.076293	-0.455803	-0.070985	0.887246
35135	4.681225	-0.773073	9.119819	-0.004560	-0.004345	0.010515	0.839097	0.298126	0.455014	-0.296773	0.951887	-0.076396	-0.455898	-0.070933	0.887201
35136	4.665778	-0.722165	9.125208	-0.006591	-0.011716	0.007413	0.839019	0.298160	0.455134	-0.296763	0.951881	-0.076512	-0.456046	-0.070872	0.887130
35137	4.703635	-0.718617	9.085095	-0.006809	-0.003873	0.007620	0.839015	0.298105	0.455178	-0.296651	0.951908	-0.076616	-0.456127	-0.070747	0.887098
35138	4.666854	-0.724301	9.124488	-0.010052	-0.006681	0.009711	0.838954	0.298165	0.455252	-0.296645	0.951897	-0.076773	-0.456244	-0.070639	0.887047
35139	4.646163	-0.733205	9.133320	-0.006800	-0.007724	0.011490	0.838887	0.298217	0.455341	-0.296653	0.951885	-0.076888	-0.456361	-0.070577	0.886991
35140	4.673847	-0.806852	9.134652	-0.009157	-0.013354	0.011830	0.838789	0.298293	0.455471	-0.296668	0.951867	-0.077047	-0.456531	-0.070497	0.886910
35141	4.664423	-0.787792	9.126153	-0.012642	-0.016824	0.008790	0.838687	0.298342	0.455628	-0.296664	0.951857	-0.077192	-0.456722	-0.070428	0.886817
35142	4.687345	-0.781528	9.115954	-0.011998	-0.020306	0.001907	0.838587	0.298318	0.455828	-0.296583	0.951871	-0.077331	-0.456959	-0.070342	0.886702
35143	4.678703	-0.762685	9.107045	-0.021175	-0.025968	0.006009	0.838460	0.298298	0.456074	-0.296472	0.951888	-0.077545	-0.457263	-0.070195	0.886557
35144	4.707769	-0.746246	9.117638	-0.019413	-0.027764	-0.001357	0.838335	0.298238	0.456343	-0.296330	0.951917	-0.077735	-0.457584	-0.070060	0.886402
35145	4.678414	-0.735319	9.117684	-0.023662	-0.030014	0.001862	0.838203	0.298154	0.456640	-0.296141	0.951957	-0.077968	-0.457948	-0.069877	0.886229
35146	4.686077	-0.761709	9.043226	-0.015609	-0.026045	-0.001750	0.838087	0.298091	0.456893	-0.296013	0.951984	-0.078122	-0.458243	-0.069773	0.886084
35147	4.704657	-0.731186	9.105584	-0.019611	-0.027640	0.006603	0.837897	0.298165	0.457194	-0.296006	0.951967	-0.078350	-0.458595	-0.069682	0.885909
35148	4.744546	-0.784101	9.148461	-0.019624	-0.023789	0.002739	0.837778	0.298147	0.457424	-0.295897	0.951984	-0.078560	-0.458883	-0.069534	0.885772
35149	4.672282	-0.830959	9.132345	-0.032184	-0.026821	0.000582	0.837616	0.298172	0.457704	-0.295790	0.951991	-0.078870	-0.459247	-0.069322	0.885600
35150	4.674721	-0.785545	9.106132	-0.042742	-0.030991	-0.003807	0.837483	0.298087	0.458003	-0.295520	0.952043	-0.079254	-0.459663	-0.068975	0.885411
35151	4.688274	-0.761096	9.087345	-0.047490	-0.034565	-0.010840	0.837345	0.297953	0.458341	-0.295203	0.952111	-0.079630	-0.460118	-0.068626	0.885202
35152	4.739378	-0.690283	9.063442	-0.043848	-0.040435	0.004448	0.837144	0.297940	0.458717	-0.294996	0.952138	-0.080062	-0.460616	-0.068297	0.884968
35153	4.683906	-0.657767	9.086153	-0.038446	-0.027993	0.006090	0.836964	0.297997	0.459009	-0.294888	0.952140	-0.080443	-0.461012	-0.068028	0.884782
35154	4.723460	-0.754445	9.093945	-0.034597	-0.017758	0.011028	0.836848	0.298062	0.459178	-0.294779	0.952141	-0.080824	-0.461293	-0.067719	0.884660
35155	4.708864	-0.748202	9.063966	-0.031778	-0.019329	0.015613	0.836712	0.298166	0.459358	-0.294728	0.952127	-0.081179	-0.461572	-0.067463	0.884534
35156	4.726208	-0.712385	9.067392	-0.026111	-0.013250	0.004590	0.836635	0.298173	0.459494	-0.294603	0.952142	-0.081454	-0.461790	-0.067221	0.884438
35157	4.721685	-0.949005	8.989362	-0.020675	-0.008526	0.013956	0.836536	0.298279	0.459606	-0.294595	0.952122	-0.081718	-0.461976	-0.067038	0.884355
35158	4.727378	-0.759033	9.031340	-0.012932	-0.002794	0.013762	0.836480	0.298380	0.459641	-0.294609	0.952100	-0.081919	-0.462068	-0.066891	0.884318
35159	4.732929	-0.840421	9.041909	0.000203	-0.000842	0.017584	0.836407	0.298508	0.459691	-0.294698	0.952063	-0.082035	-0.462143	-0.066855	0.884282
35160	4.722157	-0.827499	9.093904	0.000432	0.007540	0.014983	0.836396	0.298628	0.459634	-0.294783	0.952029	-0.082124	-0.462109	-0.066805	0.884303
35161	4.758608	-0.823429	9.054311	0.004700	0.002063	0.019494	0.836348	0.298806	0.459606	-0.294967	0.951969	-0.082155	-0.462079	-0.066859	0.884315
35162	4.720867	-0.779535	9.069974	0.007379	0.005973	0.015702	0.836327	0.298931	0.459562	-0.295090	0.951928	-0.082185	-0.462038	-0.066879	0.884335
35163	4.677651	-0.795046	9.088896	0.005376	0.007098	0.017951	0.836311	0.299038	0.459521	-0.295181	0.951896	-0.082238	-0.462009	-0.066865	0.884351
35164	4.740767	-0.773073	9.061293	-0.007630	0.003538	0.018632	0.836270	0.299190	0.459497	-0.295259	0.951856	-0.082415	-0.462032	-0.066750	0.884348
35165	4.692451	-0.849469	9.083129	-0.012705	0.005588	0.011165	0.836337	0.299131	0.459414	-0.295104	0.951891	-0.082569	-0.462011	-0.066520	0.884376
35166	4.734389	-0.835669	9.064727	-0.012521	0.005469	0.003215	0.836351	0.299137	0.459384	-0.295031	0.951900	-0.082718	-0.462032	-0.066352	0.884378
35167	4.723346	-0.907338	9.046582	-0.010565	-0.001024	0.017292	0.836198	0.299415	0.459481	-0.295245	0.951816	-0.082929	-0.462171	-0.066315	0.884308
35168	4.712486	-0.846279	9.074067	-0.005637	0.006275	0.012519	0.836188	0.299511	0.459437	-0.295282	0.951793	-0.083060	-0.462166	-0.066210	0.884318
35169	4.732774	-0.790904	9.040722	-0.006082	0.009619	0.011465	0.836209	0.299559	0.459367	-0.295276	0.951785	-0.083167	-0.462132	-0.066095	0.884344
35170	4.726527	-0.760859	9.054865	-0.005832	0.010258	0.016605	0.836206	0.299696	0.459284	-0.295345	0.951751	-0.083318	-0.462094	-0.065977	0.884373
35171	4.730509	-0.793041	9.041720	0.001230	0.014817	0.014089	0.836225	0.299814	0.459172	-0.295435	0.951717	-0.083385	-0.462002	-0.065927	0.884425
35172	4.707716	-0.892485	9.041018	-0.007716	0.013635	0.019494	0.836228	0.299981	0.459057	-0.295520	0.951675	-0.083566	-0.461941	-0.065781	0.884468
35173	4.701050	-0.862200	9.055392	0.003919	0.014853	0.014169	0.836283	0.300035	0.458923	-0.295556	0.951661	-0.083594	-0.461821	-0.065729	0.884535
35174	4.694332	-0.831089	9.069870	0.004793	0.015905	0.008541	0.836329	0.300099	0.458797	-0.295607	0.951643	-0.083615	-0.461704	-0.065694	0.884598
35175	4.688023	-0.800215	9.084113	-0.000700	0.005824	0.015493	0.836371	0.300083	0.458731	-0.295540	0.951657	-0.083699	-0.461671	-0.065570	0.884625
35176	4.703612	-0.811206	9.113155	-0.009705	0.003895	0.007798	0.836364	0.300132	0.458712	-0.295518	0.951651	-0.083844	-0.461698	-0.065433	0.884621
35177	4.687669	-0.802861	9.084063	-0.016008	-0.009607	0.011788	0.836317	0.300155	0.458783	-0.295452	0.951655	-0.084031	-0.461825	-0.065272	0.884566
35178	4.682755	-0.906371	9.051572	-0.018013	-0.008486	0.014041	0.836234	0.300255	0.458868	-0.295444	0.951635	-0.084278	-0.461980	-0.065094	0.884498
35179	4.720714	-0.910735	9.070676	-0.011509	-0.006712	0.013705	0.836125	0.300417	0.458960	-0.295542	0.951589	-0.084459	-0.462114	-0.065024	0.884433
35180	4.683550	-1.049627	9.064417	-0.011387	-0.004459	0.014343	0.836060	0.300523	0.459009	-0.295567	0.951564	-0.084649	-0.462216	-0.064896	0.884390
35181	4.705771	-0.910507	9.100493	-0.001683	-0.008351	0.006539	0.836078	0.300385	0.459068	-0.295390	0.951615	-0.084698	-0.462298	-0.064790	0.884355
35182	4.712634	-0.809564	9.131807	0.000641	-0.018950	0.008576	0.835963	0.300426	0.459250	-0.295422	0.951600	-0.084755	-0.462485	-0.064821	0.884255
35183	4.799563	-0.738114	9.128910	-0.009998	-0.016861	0.008915	0.835871	0.300439	0.459408	-0.295382	0.951601	-0.084885	-0.462676	-0.064748	0.884160
35184	4.763406	-0.688352	9.084180	-0.008375	-0.013900	0.018714	0.835750	0.300580	0.459537	-0.295458	0.951561	-0.085068	-0.462847	-0.064678	0.884075
35185	4.795815	-0.794209	9.071210	-0.014139	-0.006023	0.026748	0.835618	0.300837	0.459609	-0.295618	0.951488	-0.085331	-0.462983	-0.064564	0.884013
35186	4.753269	-0.810938	9.089608	0.004691	0.002012	0.019525	0.835567	0.300996	0.459596	-0.295760	0.951437	-0.085403	-0.462982	-0.064571	0.884012
35187	4.742801	-0.742709	9.057505	-0.009009	-0.010457	0.025629	0.835435	0.301191	0.459708	-0.295874	0.951381	-0.085626	-0.463148	-0.064481	0.883932
35188	4.775316	-0.854833	9.104051	0.007946	-0.006803	0.029039	0.835316	0.301434	0.459766	-0.296111	0.951300	-0.085713	-0.463212	-0.064544	0.883894
35189	4.717285	-0.811683	9.069018	0.009259	-0.012972	0.028336	0.835147	0.301694	0.459902	-0.296385	0.951209	-0.085776	-0.463341	-0.064672	0.883817
35190	4.733724	-0.863754	9.062442	0.014765	-0.006765	0.025250	0.835039	0.301902	0.459962	-0.296622	0.951134	-0.085785	-0.463384	-0.064801	0.883785
35191	4.692148	-0.836767	9.115740	0.014951	-0.010748	0.021163	0.834929	0.302054	0.460061	-0.296822	0.951075	-0.085750	-0.463454	-0.064962	0.883737
35192	4.640145	-0.880399	9.150476	-0.005763	-0.018482	0.009574	0.834813	0.302105	0.460238	-0.296833	0.951061	-0.085868	-0.463656	-0.064930	0.883633
35193	4.647568	-0.864131	9.111079	-0.019785	-0.032308	-0.002570	0.834751	0.301867	0.460507	-0.296499	0.951150	-0.086032	-0.463981	-0.064725	0.883477
35194	4.725400	-0.864220	9.088803	-0.027551	-0.041918	0.001519	0.834550	0.301826	0.460898	-0.296341	0.951175	-0.086305	-0.464443	-0.064557	0.883247
35195	4.728872	-0.817869	9.062425	-0.026738	-0.034628	0.000615	0.834358	0.301830	0.461244	-0.296244	0.951182	-0.086551	-0.464851	-0.064426	0.883042
35196	4.725969	-0.928155	9.088236	-0.014342	-0.023759	0.002954	0.834237	0.301814	0.461473	-0.296160	0.951194	-0.086715	-0.465122	-0.064329	0.882906
35197	4.716756	-0.950784	9.044537	-0.014653	-0.018154	0.002535	0.834150	0.301806	0.461635	-0.296093	0.951202	-0.086848	-0.465320	-0.064242	0.882808
35198	4.696925	-0.959385	9.052990	-0.005326	-0.014086	0.002889	0.834074	0.301796	0.461779	-0.296050	0.951208	-0.086932	-0.465483	-0.064202	0.882725
35199	4.729529	-1.014858	9.015437	-0.004200	-0.012391	0.002396	0.833955	0.301915	0.461916	-0.296176	0.951165	-0.086970	-0.465617	-0.064279	0.882649
35200	4.710179	-0.980870	9.059041	-0.000891	-0.019686	-0.000566	0.833863	0.301868	0.462112	-0.296125	0.951179	-0.086999	-0.465814	-0.064298	0.882544
35201	4.743914	-0.945345	9.031916	-0.006965	-0.020928	-0.003029	0.833795	0.301731	0.462324	-0.295952	0.951227	-0.087062	-0.466045	-0.064234	0.882426
35202	4.740056	-1.005058	9.034028	-0.005405	-0.014813	-0.010220	0.833755	0.301596	0.462486	-0.295799	0.951272	-0.087085	-0.466214	-0.064195	0.882340
35203	4.752875	-0.885942	9.027089	-0.000841	-0.022043	-0.009163	0.833699	0.301449	0.462681	-0.295672	0.951316	-0.087041	-0.466394	-0.064236	0.882241
35204	4.818561	-0.862698	8.998135	0.003669	-0.019147	-0.007261	0.833629	0.301340	0.462878	-0.295586	0.951347	-0.086998	-0.466574	-0.064297	0.882142
35205	4.787928	-0.897497	9.023732	0.011816	-0.006643	-0.005577	0.833573	0.301313	0.462997	-0.295625	0.951345	-0.086884	-0.466649	-0.064449	0.882091
35206	4.788013	-0.895684	9.023867	0.024910	0.005406	-0.000937	0.833599	0.301279	0.462972	-0.295691	0.951343	-0.086683	-0.466561	-0.064638	0.882124
35207	4.776278	-0.920410	9.041650	0.047247	0.020794	-0.009059	0.833704	0.301193	0.462840	-0.295812	0.951345	-0.086248	-0.466298	-0.065008	0.882236
35208	4.731605	-0.881052	9.037646	0.065636	0.028286	-0.013492	0.833874	0.301055	0.462624	-0.295962	0.951354	-0.085629	-0.465898	-0.065515	0.882410
35209	4.740369	-0.804274	9.057634	0.068755	0.024947	-0.012336	0.833987	0.300943	0.462492	-0.296154	0.951350	-0.085004	-0.465573	-0.066077	0.882539
35210	4.737716	-0.839516	9.024407	0.063237	0.026470	-0.016968	0.834158	0.300771	0.462295	-0.296265	0.951370	-0.084390	-0.465196	-0.066567	0.882702
35211	4.756694	-0.825397	9.016879	0.064918	0.027048	-0.015745	0.834396	0.300511	0.462035	-0.296296	0.951419	-0.083726	-0.464750	-0.067039	0.882900
35212	4.737661	-0.857261	9.014704	0.071224	0.040528	-0.019743	0.834641	0.300322	0.461716	-0.296419	0.951442	-0.083029	-0.464231	-0.067562	0.883133
35213	4.701069	-0.968821	8.974038	0.087718	0.051349	-0.021237	0.834944	0.300105	0.461308	-0.296587	0.951464	-0.082168	-0.463577	-0.068212	0.883427
35214	4.663944	-0.987516	8.944531	0.112886	0.062647	-0.033244	0.835331	0.299803	0.460804	-0.296790	0.951498	-0.081041	-0.462750	-0.069066	0.883794
35215	4.696465	-0.843717	9.013340	0.145543	0.067341	-0.038882	0.835790	0.299373	0.460251	-0.297015	0.951551	-0.079580	-0.461777	-0.070190	0.884215
35216	4.652606	-0.825270	8.998601	0.165415	0.084561	-0.054181	0.836339	0.298889	0.459568	-0.297282	0.951607	-0.077891	-0.460609	-0.071478	0.884721
35217	4.693326	-0.745628	9.100933	0.177018	0.097897	-0.057835	0.836928	0.298410	0.458807	-0.297606	0.951652	-0.076084	-0.459329	-0.072867	0.885273
35218	4.604693	-0.922632	9.086258	0.154269	0.098190	-0.049289	0.837523	0.297984	0.457996	-0.297858	0.951697	-0.074515	-0.458078	-0.074010	0.885826
35219	4.586295	-0.885090	9.084046	0.160258	0.083653	-0.069710	0.838077	0.297387	0.457371	-0.298003	0.951785	-0.072805	-0.456970	-0.075282	0.886291
35220	4.644088	-0.955045	9.230112	0.135328	0.073548	-0.078049	0.838644	0.296671	0.456797	-0.297924	0.951925	-0.071271	-0.455981	-0.076319	0.886711
35221	4.601376	-0.985035	9.239887	0.139261	0.062585	-0.087666	0.839238	0.295774	0.456287	-0.297696	0.952118	-0.069635	-0.455035	-0.077394	0.887104
35222	4.698446	-0.826967	9.398029	0.118953	0.041469	-0.091042	0.839696	0.294910	0.456003	-0.297430	0.952306	-0.068188	-0.454363	-0.078372	0.887362
35223	4.557606	-0.689291	9.312569	0.041511	0.012084	-0.070179	0.840001	0.294129	0.455946	-0.296883	0.952524	-0.067514	-0.454158	-0.078651	0.887443
35224	4.707867	-0.579500	9.222202	0.064936	-0.034481	-0.081053	0.840083	0.293301	0.456328	-0.296455	0.952723	-0.066591	-0.454285	-0.079338	0.887316
35225	4.685359	-0.499361	9.217604	0.030550	-0.053496	-0.065734	0.840037	0.292585	0.456872	-0.295984	0.952908	-0.066034	-0.454678	-0.079756	0.887078
35226	4.861924	-0.531522	9.190801	-0.003029	-0.069059	-0.047481	0.839861	0.292049	0.457538	-0.295529	0.953060	-0.065867	-0.455297	-0.079896	0.886747
35227	4.774004	-0.765317	9.164325	-0.029363	-0.071807	-0.034338	0.839611	0.291690	0.458226	-0.295137	0.953174	-0.065974	-0.456013	-0.079847	0.886384
35228	4.551847	-0.754019	9.353292	-0.043029	-0.059879	-0.064013	0.839525	0.291003	0.458820	-0.294361	0.953407	-0.066085	-0.456673	-0.079579	0.886068
35229	4.831566	-0.980269	9.145635	-0.018352	-0.081198	-0.093500	0.839423	0.290013	0.459631	-0.293451	0.953705	-0.065829	-0.457444	-0.079621	0.885667
35230	4.657931	-0.748273	9.235335	-0.083719	-0.092534	-0.108454	0.839315	0.288876	0.460544	-0.292114	0.954097	-0.066094	-0.458496	-0.079057	0.885173
35231	4.430700	-0.763051	9.379979	-0.125222	-0.137727	-0.135550	0.839063	0.287491	0.461869	-0.290420	0.954580	-0.066582	-0.460033	-0.078269	0.884446
35232	4.355526	-0.586186	9.441180	-0.125786	-0.197557	-0.156268	0.838602	0.285816	0.463741	-0.288486	0.955137	-0.066994	-0.462084	-0.077602	0.883434
35233	3.972749	-0.669358	9.716871	-0.082838	-0.284127	-0.164072	0.837729	0.284068	0.466386	-0.286774	0.955655	-0.066965	-0.464726	-0.077649	0.882043
35234	4.285765	-0.462036	9.549523	-0.091965	-0.427345	-0.140939	0.836136	0.282359	0.470266	-0.285123	0.956137	-0.067138	-0.468596	-0.077948	0.879967
35235	4.375574	-0.586410	9.464740	-0.177198	-0.535272	-0.129833	0.833972	0.280681	0.475088	-0.283178	0.956647	-0.068091	-0.473604	-0.077749	0.877300
35236	4.371628	-0.687490	9.359999	-0.164969	-0.612828	-0.137995	0.831439	0.278854	0.480571	-0.281200	0.957173	-0.068899	-0.479202	-0.077852	0.874245
35237	4.506491	-0.775136	9.239061	-0.121736	-0.682229	-0.159525	0.828590	0.276766	0.486662	-0.279250	0.957721	-0.069209	-0.485241	-0.078554	0.870845
35238	4.594996	-0.901958	9.151287	-0.087259	-0.736451	-0.180620	0.825492	0.274424	0.493208	-0.277286	0.958299	-0.069104	-0.491604	-0.079715	0.867162
35239	4.664862	-0.961418	9.179019	0.021550	-0.775006	-0.236810	0.822292	0.271545	0.500099	-0.275459	0.958922	-0.067752	-0.497954	-0.082045	0.863314
35240	4.731178	-0.865254	9.301754	0.059127	-0.827242	-0.269871	0.818883	0.268237	0.507425	-0.273497	0.959612	-0.065904	-0.504609	-0.084812	0.859172
35241	4.714297	-0.936968	9.337917	0.031771	-0.903022	-0.293021	0.815039	0.264694	0.515411	-0.271312	0.960351	-0.064162	-0.511958	-0.087543	0.854538
35242	4.850264	-0.909535	9.331194	0.022805	-0.984176	-0.334512	0.810861	0.260576	0.524028	-0.268666	0.961220	-0.062249	-0.519926	-0.090313	0.849423
35243	4.932553	-0.945105	9.316717	0.058344	-1.070915	-0.380896	0.806237	0.255973	0.533348	-0.265945	0.962135	-0.059748	-0.528446	-0.093670	0.843783
35244	5.065692	-0.917867	9.309715	0.060969	-1.160468	-0.409688	0.801130	0.250893	0.543363	-0.262933	0.963126	-0.057048	-0.537640	-0.097165	0.837557
35245	5.196423	-0.989627	9.357609	0.146146	-1.234368	-0.447079	0.795555	0.245343	0.553985	-0.260113	0.964099	-0.053433	-0.547206	-0.101589	0.830810
35246	5.245277	-0.932694	9.484784	0.213350	-1.319441	-0.470599	0.789482	0.239400	0.565160	-0.257516	0.965028	-0.049053	-0.557139	-0.106812	0.823521
35247	5.204854	-0.885437	9.478416	0.249954	-1.423971	-0.492511	0.782716	0.233107	0.577077	-0.255071	0.965911	-0.044209	-0.567710	-0.112592	0.815493
35248	5.330193	-0.787685	9.500489	0.234438	-1.571160	-0.529569	0.775042	0.226144	0.590058	-0.252246	0.966867	-0.039234	-0.579381	-0.118432	0.806407
35249	5.626242	-0.831000	9.411057	0.178488	-1.741013	-0.560202	0.766171	0.218685	0.604284	-0.249054	0.967875	-0.034490	-0.592414	-0.124074	0.796022
35250	6.095752	-1.115605	9.558402	0.147142	-1.864827	-0.596400	0.756462	0.210514	0.619233	-0.245349	0.968980	-0.029693	-0.606275	-0.129467	0.784646
35251	6.732836	-1.510331	10.085676	0.172167	-1.884632	-0.652037	0.746378	0.201843	0.634176	-0.241695	0.970048	-0.024287	-0.620083	-0.135150	0.772807
35252	6.727192	-1.482266	10.229261	0.226642	-1.890295	-0.725919	0.736261	0.192156	0.648841	-0.237688	0.971177	-0.017905	-0.633580	-0.141039	0.760713
35253	6.900198	-1.514350	10.245448	0.231220	-1.933542	-0.825457	0.725728	0.181493	0.663611	-0.233336	0.972337	-0.010750	-0.647204	-0.147043	0.748001
35254	7.370316	-1.538775	10.394999	0.210885	-1.993691	-0.931249	0.714825	0.169414	0.678472	-0.227961	0.973666	-0.002948	-0.661104	-0.152558	0.734621
35255	7.263247	-1.211596	10.174586	0.224085	-2.036872	-1.034118	0.703385	0.156360	0.693399	-0.222421	0.974934	0.005779	-0.675114	-0.158291	0.720531
35256	6.963943	-1.033935	9.934027	0.221465	-2.082787	-1.128290	0.691641	0.141969	0.708151	-0.216014	0.976271	0.015256	-0.689182	-0.163523	0.705896
35257	6.707615	-1.106953	9.716922	0.222029	-2.135942	-1.210701	0.679171	0.126711	0.722960	-0.209438	0.977491	0.025431	-0.703465	-0.168687	0.690422
