// General information: 
//  MT Manager version: 2022.2.0 
//  XDA version: 2022.2.0 build 7381 rev 124627 built on 2023-07-19
// Device information: 
//  DeviceId: 00B4CB9F
//  ProductCode: MTW2-3A7G6
//  Firmware Version: 4.6.0
//  Hardware Version: 2.0.0
// Device settings: 
//  Filter Profile: human(46.1)
//  Option Flags: Orientation Smoother Disabled, Position/Velocity Smoother Disabled, Continuous Zero Rotation Update Disabled, AHS Disabled, ICC Disabled
// Coordinate system: ENU
PacketCounter	Acc_X	Acc_Y	Acc_Z	Gyr_X	Gyr_Y	Gyr_Z	Mat[1][1]	Mat[2][1]	Mat[3][1]	Mat[1][2]	Mat[2][2]	Mat[3][2]	Mat[1][3]	Mat[2][3]	Mat[3][3]
21248	9.818596	0.493230	-1.291034	0.040923	-0.002802	-0.012865	0.149478	0.125983	0.980706	0.525634	-0.850213	0.029103	0.837475	0.511143	-0.193309
21249	9.694847	0.505443	-1.283829	0.039794	0.009018	-0.008868	0.149423	0.126007	0.980711	0.526020	-0.849976	0.029064	0.837243	0.511531	-0.193289
21250	9.614979	0.495931	-1.399005	0.045083	-0.010535	-0.015175	0.149472	0.126177	0.980682	0.526457	-0.849704	0.029084	0.836959	0.511940	-0.193434
21251	9.716784	0.506821	-1.483135	0.024342	-0.025843	-0.021621	0.149642	0.126489	0.980616	0.526732	-0.849530	0.029201	0.836756	0.512152	-0.193751
21252	9.814115	0.489324	-1.597663	0.020466	-0.005638	-0.019637	0.149625	0.126672	0.980595	0.526967	-0.849380	0.029314	0.836611	0.512355	-0.193840
21253	9.679356	0.370701	-1.815663	0.038607	-0.002704	-0.024359	0.149586	0.126888	0.980573	0.527365	-0.849129	0.029430	0.836367	0.512718	-0.193934
21254	9.665725	0.285773	-1.908638	0.034990	-0.016325	-0.019948	0.149654	0.127129	0.980531	0.527733	-0.848897	0.029516	0.836123	0.513042	-0.194131
21255	9.615418	0.147150	-1.966778	0.069774	-0.015380	-0.010735	0.149793	0.127294	0.980489	0.528371	-0.848503	0.029438	0.835695	0.513652	-0.194359
21256	9.622974	0.096300	-2.000866	0.118196	-0.022825	-0.006293	0.149990	0.127452	0.980438	0.529395	-0.847872	0.029231	0.835012	0.514654	-0.194645
21257	9.695333	0.179680	-1.801003	0.121324	-0.002094	-0.000236	0.150074	0.127461	0.980424	0.530446	-0.847224	0.028949	0.834329	0.515718	-0.194757
21258	9.753793	0.208823	-1.760409	0.149728	0.027937	0.002167	0.149893	0.127285	0.980475	0.531720	-0.846437	0.028596	0.833550	0.517052	-0.194555
21259	9.737855	0.280785	-1.747850	0.159019	0.040684	0.000454	0.149624	0.127067	0.980544	0.533083	-0.845592	0.028234	0.832728	0.518487	-0.194258
21260	9.585496	0.302568	-1.765331	0.142930	0.032901	0.001716	0.149397	0.126869	0.980604	0.534306	-0.844830	0.027901	0.831984	0.519775	-0.194002
21261	9.545010	0.301433	-1.720630	0.129531	-0.004507	0.002674	0.149516	0.126866	0.980586	0.535418	-0.844137	0.027574	0.831248	0.520901	-0.194139
21262	9.696277	0.289518	-1.498174	0.110036	0.000770	-0.004630	0.149525	0.126890	0.980582	0.536375	-0.843536	0.027366	0.830629	0.521868	-0.194190
21263	9.667324	0.384652	-1.487791	0.108784	0.004381	-0.014690	0.149477	0.126987	0.980577	0.537339	-0.842926	0.027250	0.830014	0.522829	-0.194233
21264	9.645030	0.379452	-1.617915	0.094429	-0.009555	-0.015802	0.149512	0.127159	0.980549	0.538168	-0.842399	0.027185	0.829470	0.523636	-0.194382
21265	9.707408	0.440649	-1.549705	0.058855	-0.013907	-0.009497	0.149644	0.127308	0.980510	0.538709	-0.842056	0.027115	0.829096	0.524152	-0.194591
21266	9.715101	0.530905	-1.560862	0.038623	-0.011964	-0.001297	0.149777	0.127370	0.980481	0.539061	-0.841833	0.027013	0.828843	0.524494	-0.194747
21267	9.693526	0.634270	-1.599609	0.000442	-0.012966	-0.007419	0.149911	0.127497	0.980444	0.539114	-0.841799	0.027036	0.828784	0.524518	-0.194931
21268	9.705388	0.672018	-1.617804	-0.047103	-0.006663	-0.008448	0.149958	0.127592	0.980425	0.538776	-0.842011	0.027172	0.828995	0.524155	-0.195010
21269	9.666476	0.602953	-1.760267	-0.078475	-0.003744	-0.011427	0.149995	0.127705	0.980404	0.538181	-0.842384	0.027389	0.829375	0.523527	-0.195082
21270	9.733356	0.472429	-1.719624	-0.105417	0.009318	-0.013404	0.149882	0.127758	0.980415	0.537371	-0.842891	0.027685	0.829920	0.522697	-0.194988
21271	9.749984	0.317797	-1.764697	-0.110165	0.027193	-0.014012	0.149649	0.127730	0.980454	0.536516	-0.843426	0.027989	0.830515	0.521841	-0.194747
21272	9.679964	0.169337	-1.822331	-0.090765	0.024542	-0.013354	0.149411	0.127703	0.980494	0.535826	-0.843856	0.028256	0.831004	0.521152	-0.194508
21273	9.606034	0.016061	-1.857288	-0.051964	0.010805	-0.002367	0.149376	0.127663	0.980505	0.535436	-0.844101	0.028331	0.831261	0.520765	-0.194443
21274	9.640071	-0.024698	-1.783343	-0.006355	-0.010648	-0.001254	0.149496	0.127717	0.980479	0.535418	-0.844112	0.028317	0.831251	0.520733	-0.194573
21275	9.740897	0.023588	-1.610094	0.023516	-0.009612	0.004066	0.149664	0.127729	0.980452	0.535646	-0.843972	0.028183	0.831074	0.520957	-0.194730
21276	9.628692	0.128645	-1.636980	0.066046	-0.005511	-0.003790	0.149728	0.127778	0.980436	0.536239	-0.843600	0.028052	0.830680	0.521548	-0.194830
21277	9.702898	0.283338	-1.600592	0.078523	0.002531	-0.006581	0.149739	0.127816	0.980429	0.536940	-0.843159	0.027915	0.830225	0.522251	-0.194883
21278	9.761411	0.397918	-1.522000	0.074625	0.021940	-0.010378	0.149540	0.127777	0.980465	0.537608	-0.842736	0.027832	0.829829	0.522943	-0.194717
21279	9.690976	0.527480	-1.535751	0.071895	0.030317	-0.012438	0.149289	0.127720	0.980510	0.538261	-0.842320	0.027766	0.829450	0.523626	-0.194495
21280	9.662668	0.566089	-1.506624	0.046821	0.032652	-0.014835	0.148976	0.127661	0.980565	0.538717	-0.842029	0.027778	0.829210	0.524109	-0.194216
21281	9.686633	0.614743	-1.592711	0.034866	0.028303	-0.015160	0.148727	0.127637	0.980606	0.539067	-0.841803	0.027811	0.829028	0.524477	-0.194004
21282	9.636105	0.565411	-1.731441	0.023073	0.025989	-0.010855	0.148493	0.127580	0.980649	0.539309	-0.841648	0.027833	0.828912	0.524740	-0.193784
21283	9.619499	0.474729	-1.796768	0.016204	0.011646	-0.008969	0.148415	0.127591	0.980660	0.539495	-0.841528	0.027841	0.828805	0.524930	-0.193730
21284	9.669025	0.365933	-1.854677	0.006331	0.014450	-0.006436	0.148300	0.127558	0.980681	0.539588	-0.841468	0.027853	0.828765	0.525033	-0.193618
21285	9.586254	0.293008	-1.928189	-0.006391	0.015190	-0.000931	0.148236	0.127483	0.980701	0.539575	-0.841478	0.027826	0.828785	0.525037	-0.193524
21286	9.610095	0.234317	-1.657411	-0.008619	0.002200	-0.000749	0.148252	0.127466	0.980701	0.539548	-0.841496	0.027810	0.828800	0.525012	-0.193528
21287	9.665172	0.230668	-1.523769	-0.000544	0.000915	0.001121	0.148318	0.127449	0.980693	0.539580	-0.841477	0.027751	0.828767	0.525046	-0.193575
21288	9.722767	0.237148	-1.538459	0.001630	-0.001935	0.002308	0.148387	0.127428	0.980685	0.539624	-0.841451	0.027686	0.828727	0.525092	-0.193624
21289	9.801566	0.364091	-1.455603	0.014109	0.006109	-0.000486	0.148401	0.127397	0.980687	0.539780	-0.841353	0.027615	0.828622	0.525257	-0.193624
21290	9.723052	0.403068	-1.461466	0.023199	0.012194	-0.004857	0.148310	0.127362	0.980705	0.540027	-0.841196	0.027577	0.828477	0.525518	-0.193536
21291	9.715085	0.453746	-1.428673	0.014209	0.015727	-0.011196	0.148186	0.127370	0.980723	0.540200	-0.841083	0.027611	0.828387	0.525695	-0.193442
21292	9.681294	0.495740	-1.501636	0.008514	0.010789	-0.010920	0.148078	0.127393	0.980736	0.540322	-0.841003	0.027662	0.828327	0.525818	-0.193367
21293	9.747685	0.478587	-1.492066	0.003585	0.022817	-0.008508	0.147910	0.127342	0.980768	0.540403	-0.840951	0.027690	0.828304	0.525915	-0.193201
21294	9.731254	0.470902	-1.518830	0.010746	0.024595	-0.005436	0.147715	0.127247	0.980810	0.540545	-0.840859	0.027681	0.828246	0.526083	-0.192990
21295	9.736418	0.442871	-1.469227	0.027644	0.042789	-0.007226	0.147389	0.127079	0.980881	0.540823	-0.840682	0.027650	0.828122	0.526408	-0.192634
21296	9.765641	0.379697	-1.544393	0.026062	0.065173	-0.012919	0.146818	0.126834	0.980998	0.541092	-0.840508	0.027689	0.828049	0.526745	-0.192030
21297	9.674884	0.389138	-1.651797	0.023906	0.068846	-0.008446	0.146269	0.126538	0.981118	0.541340	-0.840348	0.027677	0.827983	0.527071	-0.191417
21298	9.614413	0.296103	-1.645451	0.028682	0.055595	-0.009808	0.145793	0.126317	0.981218	0.541635	-0.840158	0.027680	0.827874	0.527427	-0.190907
21299	9.636746	0.301891	-1.510981	0.016728	0.047446	-0.002476	0.145454	0.126084	0.981298	0.541816	-0.840043	0.027624	0.827816	0.527665	-0.190502
21300	9.645781	0.360422	-1.446212	0.028967	0.043030	-0.004836	0.145111	0.125886	0.981374	0.542099	-0.839862	0.027576	0.827690	0.528000	-0.190116
21301	9.753835	0.475187	-1.331243	0.014235	0.047847	-0.001595	0.144774	0.125644	0.981455	0.542258	-0.839762	0.027517	0.827646	0.528218	-0.189707
21302	9.816855	0.479202	-1.240230	-0.010718	0.052189	0.000563	0.144384	0.125352	0.981550	0.542194	-0.839803	0.027494	0.827755	0.528221	-0.189220
21303	9.760079	0.498356	-1.165758	-0.023716	0.070113	-0.000952	0.143866	0.124987	0.981673	0.542038	-0.839904	0.027500	0.827948	0.528148	-0.188581
21304	9.681688	0.544137	-1.290458	-0.013632	0.068551	-0.004498	0.143312	0.124651	0.981796	0.541975	-0.839944	0.027529	0.828085	0.528164	-0.187932
21305	9.598692	0.541860	-1.624720	-0.007063	0.053769	-0.010238	0.142878	0.124450	0.981885	0.541970	-0.839945	0.027595	0.828163	0.528209	-0.187458
21306	9.631862	0.488911	-1.849049	0.017640	0.027741	-0.007930	0.142643	0.124359	0.981931	0.542164	-0.839819	0.027602	0.828077	0.528430	-0.187217
21307	9.607392	0.396974	-1.991292	0.003769	0.003608	-0.006167	0.142647	0.124388	0.981926	0.542243	-0.839768	0.027607	0.828025	0.528504	-0.187239
21308	9.574085	0.329198	-2.158267	-0.013036	-0.016355	0.007894	0.142864	0.124397	0.981894	0.542161	-0.839824	0.027515	0.828041	0.528413	-0.187423
21309	9.603239	0.309061	-2.007540	-0.008399	-0.017965	0.019546	0.143185	0.124324	0.981856	0.542102	-0.839870	0.027290	0.828024	0.528358	-0.187654
21310	9.607800	0.246721	-1.892320	-0.004848	-0.013953	0.025757	0.143478	0.124171	0.981833	0.542072	-0.839898	0.027006	0.827993	0.528349	-0.187817
21311	9.595672	0.258614	-1.767849	-0.010456	-0.006827	0.032305	0.143777	0.123932	0.981819	0.541978	-0.839970	0.026660	0.828003	0.528291	-0.187937
21312	9.670095	0.321803	-1.645420	-0.014759	-0.005726	0.031913	0.144035	0.123683	0.981813	0.541858	-0.840058	0.026333	0.828036	0.528210	-0.188016
21313	9.811267	0.360551	-1.389634	-0.027358	0.005455	0.032322	0.144232	0.123379	0.981822	0.541623	-0.840219	0.026019	0.828155	0.528025	-0.188011
21314	9.799289	0.430189	-1.279004	-0.044607	0.019072	0.026750	0.144256	0.123043	0.981861	0.541260	-0.840460	0.025800	0.828389	0.527720	-0.187839
21315	9.828597	0.498844	-1.210259	-0.064354	0.033093	0.022061	0.144168	0.122679	0.981919	0.540733	-0.840803	0.025656	0.828748	0.527257	-0.187554
21316	9.709117	0.544947	-1.294193	-0.076559	0.046752	0.020388	0.143927	0.122250	0.982008	0.540106	-0.841209	0.025562	0.829199	0.526709	-0.187100
21317	9.660156	0.462481	-1.362052	-0.073342	0.019172	0.005710	0.143866	0.122098	0.982036	0.539528	-0.841579	0.025595	0.829586	0.526154	-0.186949
21318	9.714127	0.357778	-1.442971	-0.080068	0.009850	-0.001144	0.143815	0.122043	0.982050	0.538907	-0.841972	0.025715	0.829998	0.525536	-0.186858
21319	9.585789	0.271989	-1.753823	-0.051187	-0.002698	0.001202	0.143911	0.122044	0.982036	0.538520	-0.842219	0.025751	0.830233	0.525140	-0.186928
21320	9.601902	0.179059	-1.942432	-0.031619	-0.022574	0.008913	0.144186	0.122075	0.981992	0.538276	-0.842377	0.025684	0.830343	0.524879	-0.187169
21321	9.721389	0.188240	-1.872063	-0.025937	-0.016024	0.020003	0.144494	0.121987	0.981958	0.538070	-0.842515	0.025488	0.830423	0.524679	-0.187376
21322	9.638157	0.286127	-1.996475	-0.003999	-0.001625	0.029870	0.144707	0.121733	0.981958	0.538037	-0.842545	0.025162	0.830407	0.524689	-0.187419
21323	9.526562	0.273849	-1.993289	-0.004801	-0.027824	0.031696	0.145176	0.121608	0.981904	0.537990	-0.842586	0.024811	0.830356	0.524653	-0.187747
21324	9.588320	0.216782	-1.894152	-0.019964	-0.037497	0.030682	0.145692	0.121535	0.981837	0.537816	-0.842706	0.024508	0.830378	0.524477	-0.188139
21325	9.662410	0.222360	-1.758547	-0.037820	-0.039585	0.021933	0.146206	0.121554	0.981758	0.537509	-0.842907	0.024315	0.830487	0.524148	-0.188574
21326	9.740721	0.232061	-1.646215	-0.038750	-0.026497	0.024817	0.146597	0.121473	0.981710	0.537186	-0.843119	0.024108	0.830627	0.523827	-0.188852
21327	9.828258	0.349870	-1.362537	-0.042778	0.002533	0.029404	0.146801	0.121208	0.981712	0.536826	-0.843356	0.023851	0.830823	0.523507	-0.188873
21328	9.961545	0.411662	-1.126859	-0.061123	0.038881	0.035155	0.146702	0.120697	0.981790	0.536303	-0.843696	0.023584	0.831178	0.523077	-0.188502
21329	10.024991	0.462216	-0.924461	-0.091835	0.106937	0.038023	0.146084	0.119813	0.981990	0.535523	-0.844198	0.023335	0.831790	0.522469	-0.187487
21330	9.621151	0.519063	-1.149566	-0.087416	0.090424	0.033022	0.145545	0.119052	0.982163	0.534782	-0.844673	0.023138	0.832361	0.521876	-0.186605
21331	9.568185	0.440256	-1.314769	-0.094213	0.052869	0.008745	0.145219	0.118698	0.982254	0.534024	-0.845152	0.023179	0.832905	0.521181	-0.186120
21332	9.378476	0.288294	-1.570145	-0.080704	0.008525	0.001986	0.145196	0.118626	0.982266	0.533384	-0.845553	0.023272	0.833318	0.520546	-0.186044
21333	9.547295	0.057038	-1.705636	-0.025814	-0.029989	-0.010138	0.145459	0.118864	0.982198	0.533222	-0.845652	0.023371	0.833376	0.520330	-0.186389
21334	9.670558	-0.036775	-1.752674	-0.009420	-0.023971	0.000967	0.145703	0.118968	0.982149	0.533176	-0.845682	0.023340	0.833363	0.520258	-0.186650
21335	9.885361	0.105673	-1.567016	0.016731	0.013888	0.012726	0.145723	0.118784	0.982169	0.533336	-0.845587	0.023136	0.833257	0.520455	-0.186573
21336	9.671067	0.266348	-1.650515	0.041869	0.028131	0.019618	0.145627	0.118461	0.982222	0.533711	-0.845359	0.022825	0.833034	0.520899	-0.186331
21337	9.688115	0.355035	-1.580380	0.030129	0.018849	0.008819	0.145584	0.118284	0.982250	0.533988	-0.845189	0.022634	0.832864	0.521214	-0.186208
21338	9.663631	0.428564	-1.646194	0.011751	0.013903	0.008814	0.145553	0.118126	0.982273	0.534118	-0.845111	0.022485	0.832786	0.521377	-0.186102
21339	9.676205	0.439253	-1.716292	0.008186	0.010726	0.008248	0.145575	0.117996	0.982286	0.534213	-0.845055	0.022341	0.832721	0.521498	-0.186054
21340	9.746592	0.391537	-1.660493	-0.011624	0.013579	0.002915	0.145515	0.117889	0.982307	0.534140	-0.845102	0.022298	0.832778	0.521445	-0.185945
21341	9.817132	0.311159	-1.533686	-0.037543	0.030679	0.014623	0.145405	0.117602	0.982358	0.533845	-0.845292	0.022175	0.832987	0.521202	-0.185691
21342	9.759930	0.303834	-1.516166	-0.049853	0.038540	0.016002	0.145210	0.117254	0.982428	0.533455	-0.845540	0.022068	0.833270	0.520877	-0.185331
21343	9.818286	0.301514	-1.402108	-0.046450	0.035873	0.019583	0.145083	0.116897	0.982490	0.533078	-0.845782	0.021913	0.833534	0.520565	-0.185024
21344	9.728052	0.220161	-1.427024	-0.038053	0.047043	0.021136	0.144842	0.116462	0.982577	0.532768	-0.845982	0.021736	0.833774	0.520337	-0.184581
21345	9.571895	0.165287	-1.585286	-0.001807	0.026969	0.011507	0.144745	0.116220	0.982620	0.532775	-0.845982	0.021579	0.833786	0.520392	-0.184371
21346	9.543275	0.119867	-1.595890	0.020513	0.012090	0.002929	0.144697	0.116121	0.982639	0.532994	-0.845846	0.021471	0.833655	0.520634	-0.184283
21347	9.580528	0.063864	-1.723906	0.045134	-0.008252	0.002161	0.144844	0.116141	0.982615	0.533406	-0.845591	0.021318	0.833366	0.521045	-0.184429
21348	9.704288	0.158460	-1.636738	0.063710	-0.002076	0.001152	0.144905	0.116130	0.982607	0.533979	-0.845233	0.021148	0.832988	0.521627	-0.184490
21349	9.766333	0.275513	-1.581355	0.063378	0.004697	-0.000748	0.144929	0.116108	0.982606	0.534547	-0.844878	0.020991	0.832619	0.522207	-0.184513
21350	9.820407	0.417485	-1.547252	0.036598	0.024089	0.006466	0.144799	0.115916	0.982648	0.534886	-0.844667	0.020820	0.832424	0.522590	-0.184309
21351	9.734366	0.480673	-1.574473	0.006238	0.030274	0.011407	0.144675	0.115657	0.982697	0.534960	-0.844625	0.020649	0.832398	0.522716	-0.184068
21352	9.697849	0.542526	-1.567902	-0.024846	0.026115	0.016799	0.144588	0.115367	0.982743	0.534765	-0.844753	0.020490	0.832539	0.522574	-0.183835
21353	9.702311	0.429599	-1.557209	-0.054307	0.034656	0.024211	0.144496	0.114978	0.982803	0.534316	-0.845041	0.020303	0.832843	0.522194	-0.183539
21354	9.607673	0.261731	-1.598324	-0.076074	0.023171	0.024551	0.144472	0.114636	0.982846	0.533676	-0.845449	0.020164	0.833257	0.521608	-0.183322
21355	9.632609	0.111035	-1.692389	-0.069810	0.007129	0.019798	0.144585	0.114428	0.982854	0.533104	-0.845812	0.020049	0.833603	0.521065	-0.183294
21356	9.648820	-0.022766	-1.685931	-0.054297	0.000763	0.026741	0.144757	0.114186	0.982856	0.532664	-0.846094	0.019845	0.833855	0.520660	-0.183301
21357	9.648747	-0.024734	-1.686326	0.001532	-0.008823	0.023277	0.145022	0.114031	0.982835	0.532682	-0.846089	0.019566	0.833797	0.520702	-0.183444
21358	9.726883	0.041571	-1.587118	0.005654	-0.018175	0.009681	0.145262	0.114032	0.982800	0.532758	-0.846045	0.019421	0.833708	0.520773	-0.183650
21359	9.759567	0.081421	-1.475246	-0.002693	-0.005448	0.003888	0.145395	0.114023	0.982781	0.532768	-0.846040	0.019340	0.833678	0.520783	-0.183758
21360	9.743135	0.206020	-1.357318	0.003034	-0.001321	-0.001996	0.145432	0.114036	0.982774	0.532856	-0.845985	0.019311	0.833615	0.520869	-0.183798
21361	9.800811	0.287736	-1.207951	0.012163	0.003954	-0.011942	0.145402	0.114112	0.982770	0.533014	-0.845885	0.019358	0.833519	0.521015	-0.183817
21362	9.813249	0.267888	-1.208005	0.017199	0.022410	-0.015942	0.145171	0.114119	0.982803	0.533219	-0.845754	0.019443	0.833428	0.521227	-0.183629
21363	9.702212	0.342906	-1.162660	0.034345	0.032553	-0.014608	0.144889	0.114069	0.982851	0.533565	-0.845535	0.019475	0.833256	0.521593	-0.183372
21364	9.756974	0.494379	-1.250208	0.015078	0.041519	-0.006071	0.144550	0.113891	0.982921	0.533730	-0.845431	0.019469	0.833209	0.521800	-0.182994
21365	9.687716	0.542576	-1.300345	-0.019848	0.054834	-0.009127	0.144111	0.113678	0.983010	0.533617	-0.845501	0.019547	0.833358	0.521734	-0.182506
21366	9.651476	0.499063	-1.384454	-0.026811	0.050517	-0.005646	0.143697	0.113450	0.983097	0.533454	-0.845601	0.019610	0.833533	0.521620	-0.182031
21367	9.792868	0.446037	-1.462665	-0.057599	0.071511	-0.005575	0.143138	0.113121	0.983217	0.533021	-0.845872	0.019721	0.833907	0.521252	-0.181372
21368	9.658292	0.323104	-1.652351	-0.068878	0.049052	-0.000261	0.142764	0.112855	0.983302	0.532489	-0.846205	0.019809	0.834310	0.520769	-0.180902
21369	9.481926	0.119446	-1.840999	-0.057310	0.014601	-0.012252	0.142644	0.112879	0.983316	0.532067	-0.846466	0.019985	0.834600	0.520340	-0.180803
21370	9.732765	-0.021953	-1.718398	-0.078157	0.004680	-0.015155	0.142561	0.112970	0.983318	0.531473	-0.846834	0.020237	0.834993	0.519722	-0.180767
21371	9.704410	-0.030570	-1.800536	-0.059230	0.003289	-0.019894	0.142495	0.113118	0.983310	0.531046	-0.847095	0.020492	0.835276	0.519263	-0.180778
21372	9.708445	-0.081624	-1.809115	-0.027714	-0.007352	-0.020401	0.142485	0.113317	0.983289	0.530889	-0.847189	0.020703	0.835377	0.519067	-0.180870
21373	9.785851	0.037873	-1.599286	-0.024662	0.006769	-0.016970	0.142405	0.113421	0.983289	0.530746	-0.847274	0.020866	0.835482	0.518905	-0.180854
21374	9.756368	0.209982	-1.423828	-0.009663	0.014384	-0.020475	0.142215	0.113509	0.983306	0.530730	-0.847279	0.021047	0.835524	0.518877	-0.180738
21375	9.690364	0.396182	-1.352571	-0.020110	0.019977	-0.029185	0.141960	0.113648	0.983327	0.530643	-0.847327	0.021323	0.835623	0.518768	-0.180593
21376	9.764472	0.438872	-1.279505	-0.073276	0.033008	-0.034338	0.141541	0.113755	0.983375	0.530118	-0.847645	0.021752	0.836027	0.518226	-0.180280
21377	9.794292	0.240584	-1.380025	-0.113409	0.049310	-0.035606	0.141007	0.113798	0.983447	0.529259	-0.848168	0.022259	0.836661	0.517359	-0.179826
21378	9.922949	0.179810	-1.387753	-0.132031	0.057370	-0.028224	0.140414	0.113728	0.983539	0.528230	-0.848797	0.022735	0.837411	0.516343	-0.179258
21379	9.889999	0.184487	-1.259982	-0.120830	0.099504	-0.023285	0.139525	0.113408	0.983703	0.527289	-0.849371	0.023133	0.838152	0.515469	-0.178307
21380	9.628406	0.213784	-1.394412	-0.101070	0.102359	-0.037793	0.138506	0.113190	0.983872	0.526534	-0.849825	0.023645	0.838796	0.514767	-0.177304
21381	9.289570	0.094475	-1.673956	-0.053328	0.030567	-0.052606	0.138039	0.113475	0.983905	0.526198	-0.850017	0.024209	0.839083	0.514387	-0.177046
21382	9.476425	-0.180845	-1.764807	-0.014538	-0.030662	-0.058769	0.138025	0.114119	0.983832	0.526195	-0.850003	0.024774	0.839088	0.514268	-0.177371
21383	9.772087	-0.350092	-1.644024	0.017815	-0.045466	-0.042497	0.138250	0.114710	0.983732	0.526442	-0.849840	0.025113	0.838895	0.514406	-0.177878
21384	9.967054	-0.164362	-1.376781	0.087120	-0.005898	-0.033271	0.138163	0.115010	0.983709	0.527246	-0.849338	0.025248	0.838405	0.515168	-0.177986
21385	9.849274	0.153119	-1.190525	0.129693	0.030253	-0.030710	0.137815	0.115111	0.983746	0.528415	-0.848610	0.025272	0.837726	0.516343	-0.177777
21386	9.671400	0.477494	-1.215601	0.128541	0.010038	-0.036616	0.137573	0.115357	0.983751	0.529585	-0.847877	0.025364	0.837026	0.517491	-0.177736
21387	9.674349	0.648696	-1.160882	0.112425	-0.003173	-0.039271	0.137458	0.115702	0.983727	0.530619	-0.847227	0.025503	0.836390	0.518479	-0.177852
21388	9.711870	0.679670	-1.251225	0.098813	-0.012161	-0.044752	0.137363	0.116131	0.983690	0.531531	-0.846648	0.025729	0.835827	0.519327	-0.178025
21389	9.753743	0.656977	-1.350070	0.079236	-0.006500	-0.039880	0.137272	0.116498	0.983659	0.532287	-0.846167	0.025933	0.835360	0.520029	-0.178165
21390	9.824457	0.620950	-1.419691	0.059302	0.005931	-0.036892	0.137063	0.116767	0.983656	0.532880	-0.845787	0.026149	0.835017	0.520587	-0.178149
21391	9.874663	0.481761	-1.407513	0.019485	0.038187	-0.022578	0.136691	0.116755	0.983709	0.533113	-0.845636	0.026289	0.834929	0.520835	-0.177834
21392	9.744058	0.378952	-1.444978	0.004233	0.050130	-0.008952	0.136264	0.116556	0.983792	0.533201	-0.845579	0.026328	0.834942	0.520971	-0.177370
21393	9.595184	0.189100	-1.651025	0.011698	0.049729	-0.005880	0.135884	0.116343	0.983870	0.533346	-0.845488	0.026318	0.834912	0.521167	-0.176939
21394	9.366959	0.005085	-1.797677	0.036836	-0.001604	-0.012817	0.135865	0.116447	0.983860	0.533711	-0.845257	0.026340	0.834681	0.521518	-0.176990
21395	9.569383	-0.102334	-1.779427	0.066294	-0.014671	-0.018136	0.135958	0.116673	0.983821	0.534328	-0.844866	0.026353	0.834271	0.522100	-0.177208
21396	9.581874	-0.031909	-1.868242	0.109566	-0.034904	-0.029079	0.136135	0.117088	0.983747	0.535314	-0.844240	0.026405	0.833610	0.523019	-0.177610
21397	9.640608	0.078862	-1.691793	0.143473	-0.046238	-0.023680	0.136461	0.117526	0.983649	0.536581	-0.843438	0.026335	0.832742	0.524214	-0.178158
21398	9.739963	0.329378	-1.536105	0.122564	-0.048217	-0.029553	0.136741	0.118017	0.983552	0.537682	-0.842735	0.026367	0.831986	0.525232	-0.178692
21399	9.784790	0.570586	-1.266283	0.073339	-0.032357	-0.029679	0.136918	0.118433	0.983477	0.538371	-0.842292	0.026480	0.831510	0.525850	-0.179086
21400	9.922326	0.702857	-1.096246	0.015282	-0.005513	-0.027898	0.136853	0.118684	0.983456	0.538571	-0.842157	0.026688	0.831392	0.526008	-0.179171
21401	9.997672	0.792103	-0.814603	-0.050701	0.049347	-0.022037	0.136391	0.118607	0.983529	0.538218	-0.842374	0.026947	0.831696	0.525678	-0.178728
21402	9.714585	0.804338	-0.959224	-0.096050	0.061599	-0.019676	0.135811	0.118437	0.983630	0.537488	-0.842830	0.027272	0.832263	0.524986	-0.178125
21403	9.529330	0.629423	-1.269901	-0.091099	0.015844	-0.043158	0.135515	0.118714	0.983637	0.536827	-0.843234	0.027811	0.832738	0.524275	-0.178000
21404	9.640549	0.401380	-1.488050	-0.106409	0.011358	-0.057556	0.135150	0.119127	0.983638	0.536049	-0.843704	0.028528	0.833298	0.523423	-0.177885
21405	9.483772	0.125883	-1.689677	-0.039667	-0.011013	-0.055842	0.135009	0.119652	0.983593	0.535833	-0.843822	0.029100	0.833460	0.523113	-0.178038
21406	9.562026	0.093062	-1.683765	-0.016781	-0.030542	-0.057786	0.134994	0.120287	0.983518	0.535804	-0.843821	0.029659	0.833481	0.522969	-0.178361
21407	9.852644	0.275876	-1.224893	-0.051032	-0.001625	-0.057709	0.134766	0.120779	0.983489	0.535496	-0.843995	0.030270	0.833716	0.522575	-0.178418
21408	10.004563	0.469238	-0.911628	-0.073084	0.040331	-0.049848	0.134201	0.120977	0.983542	0.534998	-0.844290	0.030850	0.834126	0.522053	-0.178026
21409	10.006650	0.553114	-0.766373	-0.091488	0.065417	-0.044825	0.133482	0.121010	0.983636	0.534334	-0.844690	0.031406	0.834667	0.521398	-0.177411
21410	9.978275	0.571441	-0.786265	-0.093713	0.091012	-0.049216	0.132503	0.120938	0.983777	0.533651	-0.845099	0.032014	0.835260	0.520751	-0.176517
21411	9.694077	0.508400	-1.068450	-0.041684	0.079992	-0.058621	0.131589	0.121013	0.983890	0.533419	-0.845222	0.032616	0.835553	0.520534	-0.175772
21412	9.748547	0.460507	-1.035042	-0.007582	0.075684	-0.074163	0.130601	0.121233	0.983995	0.533484	-0.845153	0.033320	0.835666	0.520594	-0.175053
21413	9.578519	0.450158	-1.515521	0.024559	0.081809	-0.065603	0.129634	0.121357	0.984107	0.533814	-0.844923	0.033875	0.835606	0.520939	-0.174313
21414	9.442564	0.280535	-1.893144	0.098918	0.040326	-0.065169	0.128991	0.121686	0.984151	0.534750	-0.844314	0.034307	0.835107	0.521850	-0.173980
21415	9.648187	0.198906	-1.714676	0.108865	0.045000	-0.059253	0.128365	0.121947	0.984201	0.535774	-0.843650	0.034653	0.834547	0.522861	-0.173631
21416	9.604902	0.239500	-1.838042	0.128122	0.050610	-0.044313	0.127743	0.122043	0.984270	0.536950	-0.842895	0.034825	0.833886	0.524055	-0.173205
21417	9.585724	0.261642	-1.910524	0.126289	0.023539	-0.033710	0.127433	0.122199	0.984291	0.538085	-0.842168	0.034891	0.833202	0.525186	-0.173074
21418	9.757963	0.413563	-1.699719	0.095902	0.024861	-0.027005	0.127120	0.122284	0.984321	0.538953	-0.841610	0.034951	0.832688	0.526060	-0.172890
21419	9.757656	0.471759	-1.713276	0.059758	0.023976	-0.009795	0.126934	0.122236	0.984351	0.539503	-0.841260	0.034897	0.832361	0.526630	-0.172732
21420	9.782119	0.454889	-1.659600	0.050577	0.013167	-0.003572	0.126844	0.122185	0.984368	0.539963	-0.840969	0.034807	0.832076	0.527107	-0.172648
21421	9.858060	0.434175	-1.471031	0.025293	0.022186	-0.008244	0.126682	0.122134	0.984396	0.540223	-0.840802	0.034797	0.831932	0.527385	-0.172494
21422	9.680287	0.498612	-1.491461	0.030092	0.030240	-0.007239	0.126432	0.122024	0.984442	0.540520	-0.840612	0.034776	0.831777	0.527713	-0.172237
21423	9.691985	0.503932	-1.436057	0.022708	0.017741	-0.022340	0.126231	0.122114	0.984456	0.540776	-0.840442	0.034910	0.831641	0.527964	-0.172126
21424	9.645675	0.502670	-1.367939	-0.004677	0.022366	-0.019608	0.125977	0.122149	0.984484	0.540805	-0.840417	0.035071	0.831661	0.527996	-0.171932
21425	9.531928	0.497272	-1.465313	0.009182	-0.004060	-0.022867	0.125954	0.122359	0.984461	0.540949	-0.840317	0.035233	0.831570	0.528106	-0.172031
21426	9.727448	0.498062	-1.329018	-0.012880	-0.019060	-0.026262	0.126011	0.122668	0.984415	0.540912	-0.840331	0.035474	0.831586	0.528012	-0.172243
21427	9.671946	0.443102	-1.425780	-0.026160	-0.008231	-0.023808	0.126018	0.122908	0.984385	0.540764	-0.840416	0.035706	0.831681	0.527820	-0.172371
21428	9.594697	0.401277	-1.474538	-0.020819	-0.027842	-0.029938	0.126126	0.123295	0.984322	0.540666	-0.840467	0.035998	0.831728	0.527650	-0.172666
21429	9.670444	0.416773	-1.360034	-0.019302	-0.027174	-0.034243	0.126233	0.123722	0.984255	0.540588	-0.840503	0.036321	0.831763	0.527492	-0.172982
21430	9.697851	0.465550	-1.349522	-0.019826	-0.021625	-0.035122	0.126264	0.124121	0.984201	0.540491	-0.840551	0.036665	0.831822	0.527322	-0.173217
21431	9.802132	0.559096	-1.291655	-0.025045	-0.022112	-0.032368	0.126340	0.124506	0.984143	0.540363	-0.840619	0.036979	0.831893	0.527122	-0.173482
21432	9.811938	0.592043	-1.184961	-0.056348	0.000739	-0.032427	0.126200	0.124762	0.984128	0.539986	-0.840845	0.037352	0.832159	0.526701	-0.173484
21433	9.622289	0.518474	-1.384813	-0.055084	-0.013736	-0.029726	0.126221	0.125080	0.984085	0.539604	-0.841075	0.037693	0.832404	0.526259	-0.173655
21434	9.692781	0.372547	-1.525282	-0.051143	-0.044041	-0.033276	0.126447	0.125580	0.983992	0.539251	-0.841284	0.038071	0.832598	0.525805	-0.174097
21435	9.664606	0.194376	-1.665835	-0.048997	-0.039470	-0.023739	0.126715	0.125983	0.983906	0.538913	-0.841489	0.038342	0.832776	0.525381	-0.174523
21436	9.545231	0.185676	-1.745483	0.015466	-0.071928	-0.028372	0.127200	0.126588	0.983766	0.539110	-0.841353	0.038556	0.832575	0.525453	-0.175265
21437	9.615039	0.254213	-1.628064	0.016422	-0.087026	-0.035926	0.127798	0.127344	0.983591	0.539331	-0.841198	0.038833	0.832340	0.525519	-0.176184
21438	9.738183	0.463491	-1.376430	-0.003821	-0.071366	-0.033951	0.128251	0.127992	0.983448	0.539378	-0.841154	0.039132	0.832240	0.525432	-0.176915
21439	9.809783	0.677367	-1.257259	-0.044446	-0.042087	-0.034621	0.128482	0.128500	0.983351	0.539092	-0.841320	0.039504	0.832389	0.525041	-0.177368
21440	9.834387	0.743895	-1.068505	-0.082085	-0.020735	-0.039920	0.128479	0.128934	0.983295	0.538490	-0.841681	0.040005	0.832779	0.524355	-0.177568
21441	9.796360	0.720430	-0.979769	-0.143326	0.000383	-0.038885	0.128334	0.129256	0.983272	0.537386	-0.842359	0.040594	0.833515	0.523187	-0.177563
21442	9.744768	0.639820	-1.029140	-0.149711	-0.018952	-0.047579	0.128276	0.129743	0.983215	0.536254	-0.843047	0.041284	0.834253	0.521957	-0.177718
21443	9.854448	0.480563	-0.963587	-0.162945	-0.022147	-0.056099	0.128228	0.130327	0.983144	0.535005	-0.843800	0.042077	0.835061	0.520591	-0.177924
21444	9.908654	0.433955	-0.938265	-0.166051	0.001142	-0.062972	0.127918	0.130841	0.983116	0.533732	-0.844562	0.042954	0.835923	0.519226	-0.177869
21445	9.797202	0.430881	-0.933864	-0.145543	0.017327	-0.084515	0.127390	0.131461	0.983102	0.532662	-0.845183	0.043996	0.836685	0.518057	-0.177692
21446	9.762602	0.474518	-0.880367	-0.165919	0.039002	-0.107004	0.126536	0.132151	0.983120	0.531440	-0.845884	0.045303	0.837592	0.516737	-0.177265
21447	9.892231	0.391133	-0.817724	-0.186013	0.066667	-0.115525	0.125431	0.132780	0.983177	0.530066	-0.846668	0.046720	0.838628	0.515289	-0.176581
21448	9.795572	0.346997	-0.862902	-0.161105	0.088548	-0.116945	0.124108	0.133301	0.983274	0.528895	-0.847322	0.048114	0.839564	0.514078	-0.175662
21449	9.725277	0.295476	-0.979288	-0.121853	0.097873	-0.123135	0.122702	0.133838	0.983378	0.528064	-0.847761	0.049491	0.840293	0.513214	-0.174697
21450	9.863097	0.280224	-0.973931	-0.097516	0.113317	-0.131764	0.121091	0.134359	0.983506	0.527463	-0.848051	0.050912	0.840904	0.512598	-0.173561
21451	9.668384	0.185676	-1.170537	-0.057785	0.124479	-0.145635	0.119343	0.134952	0.983639	0.527192	-0.848129	0.052397	0.841324	0.512314	-0.172364
21452	9.634490	0.103647	-1.335476	-0.038928	0.112905	-0.145361	0.117664	0.135592	0.983753	0.527093	-0.848100	0.053851	0.841622	0.512193	-0.171260
21453	9.684684	0.117676	-1.290505	-0.017162	0.105452	-0.143318	0.116087	0.136262	0.983848	0.527156	-0.847971	0.055242	0.841802	0.512229	-0.170270
21454	9.743971	0.158055	-1.137787	0.018002	0.104446	-0.129031	0.114565	0.136806	0.983951	0.527502	-0.847677	0.056440	0.841794	0.512570	-0.169279
21455	9.623436	0.239994	-1.162360	0.071285	0.112145	-0.132359	0.112989	0.137347	0.984057	0.528293	-0.847108	0.057575	0.841510	0.513366	-0.168274
21456	9.698777	0.442051	-1.101387	0.080132	0.114048	-0.139152	0.111334	0.137925	0.984165	0.529160	-0.846485	0.058769	0.841187	0.514238	-0.167227
21457	9.866657	0.693339	-0.859640	0.030574	0.154304	-0.142549	0.109348	0.138333	0.984331	0.529615	-0.846108	0.060074	0.841161	0.514747	-0.165784
21458	9.757316	0.934500	-0.947474	-0.028463	0.183744	-0.144467	0.107074	0.138596	0.984544	0.529588	-0.846023	0.061501	0.841470	0.514818	-0.163985
21459	9.753598	1.065889	-0.957721	-0.119572	0.190986	-0.158660	0.104693	0.138951	0.984750	0.528790	-0.846395	0.063211	0.842271	0.514108	-0.162088
21460	9.570595	0.934314	-1.382897	-0.183586	0.173945	-0.166697	0.102385	0.139455	0.984921	0.527456	-0.847084	0.065108	0.843391	0.512836	-0.160285
21461	9.442883	0.550403	-1.851557	-0.186096	0.114690	-0.173373	0.100571	0.140332	0.984984	0.526102	-0.847773	0.067066	0.844454	0.511457	-0.159090
21462	9.646800	0.086250	-1.795150	-0.215551	0.085549	-0.172359	0.098979	0.141341	0.985000	0.524500	-0.848605	0.069064	0.845637	0.509797	-0.158128
21463	9.576227	-0.251196	-1.975309	-0.174963	0.057824	-0.155614	0.097742	0.142363	0.984977	0.523214	-0.849253	0.070826	0.846577	0.508431	-0.157494
21464	9.599659	-0.324595	-2.138766	-0.123717	0.006474	-0.145947	0.096965	0.143556	0.984880	0.522338	-0.849658	0.072420	0.847208	0.507418	-0.157372
21465	9.664150	-0.141000	-1.838610	-0.061896	-0.013170	-0.138379	0.096421	0.144793	0.984753	0.521989	-0.849751	0.073833	0.847485	0.506911	-0.157515
21466	9.693459	0.290297	-1.648562	0.024232	-0.038407	-0.141756	0.096046	0.146177	0.984585	0.522373	-0.849399	0.075149	0.847291	0.507103	-0.157940
21467	9.847905	0.669183	-1.191608	0.025390	-0.033939	-0.151559	0.095609	0.147631	0.984411	0.522775	-0.849027	0.076554	0.847092	0.507306	-0.158352
21468	9.678284	0.853155	-1.016062	0.003454	-0.034202	-0.160081	0.095100	0.149148	0.984231	0.522997	-0.848750	0.078084	0.847013	0.507324	-0.158720
21469	9.498661	0.754140	-1.079528	0.001939	-0.069703	-0.178774	0.094822	0.151014	0.983973	0.523224	-0.848451	0.079793	0.846903	0.507273	-0.159466
21470	9.670710	0.612367	-0.932858	-0.039193	-0.078322	-0.183497	0.094567	0.152952	0.983698	0.523100	-0.848354	0.081620	0.847009	0.506854	-0.160236
21471	9.544344	0.658407	-1.264253	0.000534	-0.103979	-0.181550	0.094565	0.155014	0.983376	0.523317	-0.848051	0.083358	0.846874	0.506735	-0.161317
21472	9.673175	0.722763	-1.494592	0.017377	-0.138236	-0.187680	0.094790	0.157289	0.982993	0.523694	-0.847642	0.085132	0.846617	0.506717	-0.162720
21473	9.611339	0.798938	-1.634813	0.018264	-0.157761	-0.181101	0.095244	0.159618	0.982573	0.524062	-0.847242	0.086835	0.846338	0.506659	-0.164345
21474	9.528643	0.861682	-1.784332	0.014565	-0.203056	-0.183815	0.096040	0.162188	0.982075	0.524401	-0.846852	0.088574	0.846037	0.506495	-0.166384
21475	9.714022	0.684217	-1.429032	-0.055812	-0.215558	-0.182080	0.096976	0.164816	0.981545	0.524146	-0.846816	0.090408	0.846089	0.505706	-0.168509
21476	9.632477	0.518476	-1.299317	-0.081754	-0.217602	-0.184373	0.097890	0.167460	0.981007	0.523684	-0.846897	0.092311	0.846270	0.504701	-0.170599
21477	9.436124	0.347913	-1.369794	-0.035240	-0.242069	-0.183017	0.099047	0.170226	0.980415	0.523607	-0.846745	0.094120	0.846183	0.504030	-0.172999
21478	9.524275	0.608453	-1.047199	-0.036803	-0.248025	-0.170123	0.100299	0.172899	0.979819	0.523499	-0.846623	0.095808	0.846102	0.503325	-0.175428
21479	9.550199	1.069619	-1.150028	-0.048808	-0.265988	-0.146840	0.101848	0.175475	0.979201	0.523276	-0.846592	0.097285	0.846055	0.502484	-0.178046
21480	9.700285	1.287154	-1.232472	-0.102073	-0.278889	-0.133688	0.103551	0.177991	0.978569	0.522588	-0.846850	0.098733	0.846274	0.501164	-0.180708
21481	9.880824	1.328378	-1.422638	-0.160876	-0.263493	-0.140587	0.105115	0.180495	0.977943	0.521413	-0.847383	0.100353	0.846805	0.499364	-0.183185
21482	9.776058	1.161885	-1.805351	-0.186904	-0.258783	-0.171877	0.106452	0.183225	0.977290	0.520051	-0.847982	0.102335	0.847475	0.497347	-0.185556
21483	9.640396	1.038316	-1.880927	-0.153371	-0.258187	-0.218405	0.107573	0.186354	0.976576	0.519026	-0.848321	0.104707	0.847962	0.495604	-0.187979
21484	9.530987	0.902100	-2.208919	-0.055565	-0.262184	-0.254735	0.108510	0.189795	0.975809	0.518890	-0.848086	0.107252	0.847926	0.494699	-0.190508
21485	9.623489	0.572797	-2.472624	-0.006293	-0.273992	-0.255031	0.109576	0.193306	0.975000	0.519155	-0.847610	0.109704	0.847627	0.494156	-0.193234
21486	9.616340	0.259019	-2.446404	0.020654	-0.282613	-0.226774	0.110833	0.196606	0.974198	0.519626	-0.847044	0.111827	0.847174	0.493825	-0.196042
21487	9.397418	0.146009	-2.383512	0.089778	-0.306588	-0.196437	0.112474	0.199778	0.973364	0.520647	-0.846192	0.113514	0.846331	0.494012	-0.199188
21488	9.564754	0.353724	-1.385740	0.090427	-0.292911	-0.165753	0.114134	0.202611	0.972585	0.521628	-0.845400	0.114903	0.845505	0.494213	-0.202176
21489	9.680611	0.805999	-0.770421	0.126884	-0.243494	-0.153399	0.115457	0.205106	0.971906	0.522917	-0.844442	0.116087	0.844528	0.494823	-0.204750
21490	9.694239	1.022443	-0.597462	0.169690	-0.226268	-0.168256	0.116524	0.207630	0.971243	0.524584	-0.843235	0.117328	0.843347	0.495827	-0.207176
21491	9.757957	1.243995	-0.391370	0.171947	-0.211702	-0.196668	0.117342	0.210332	0.970562	0.526303	-0.841953	0.118830	0.842161	0.496866	-0.209495
21492	9.650466	1.505780	-1.082347	0.241558	-0.218288	-0.219004	0.118063	0.213244	0.969839	0.528636	-0.840267	0.120400	0.840598	0.498477	-0.211933
21493	9.607165	1.594623	-1.703101	0.267493	-0.261152	-0.233962	0.119083	0.216506	0.968991	0.531199	-0.838410	0.122049	0.838836	0.500194	-0.214849
21494	9.547676	1.660807	-2.232334	0.257219	-0.282098	-0.226703	0.120279	0.219803	0.968101	0.533673	-0.836604	0.123642	0.837094	0.501778	-0.217929
21495	9.331331	1.651798	-3.149619	0.272375	-0.330749	-0.198702	0.122049	0.223121	0.967120	0.536231	-0.834777	0.124917	0.835201	0.503354	-0.221528
21496	9.389949	1.400155	-3.103999	0.217554	-0.354886	-0.161512	0.124183	0.226239	0.966123	0.538286	-0.833298	0.125946	0.833563	0.504410	-0.225263
21497	9.281584	1.125939	-3.182010	0.222616	-0.351206	-0.114242	0.126558	0.228960	0.965174	0.540322	-0.831896	0.126494	0.831886	0.505496	-0.228995
21498	9.003658	0.994942	-3.249777	0.252227	-0.387846	-0.090877	0.129327	0.231661	0.964162	0.542588	-0.830383	0.126738	0.829984	0.506752	-0.233088
21499	9.287949	1.201439	-2.615064	0.221180	-0.402191	-0.065336	0.132373	0.234239	0.963125	0.544547	-0.829091	0.126798	0.828219	0.507682	-0.237304
21500	9.387021	1.796610	-2.604825	0.258236	-0.409152	-0.039175	0.135582	0.236629	0.962094	0.546784	-0.827661	0.126510	0.826223	0.508905	-0.241601
21501	9.596515	2.321005	-2.076879	0.214196	-0.419946	-0.025688	0.138974	0.238976	0.961029	0.548625	-0.826491	0.126184	0.824437	0.509709	-0.245969
21502	9.760477	2.607412	-1.374734	0.104918	-0.373380	-0.026413	0.141942	0.241082	0.960069	0.549578	-0.825866	0.126130	0.823296	0.509730	-0.249718
21503	9.782861	2.709376	-1.040159	0.012663	-0.327193	-0.039240	0.144485	0.243069	0.959188	0.549777	-0.825689	0.126424	0.822721	0.509073	-0.252934
21504	9.986576	2.563403	-0.554419	-0.054340	-0.256732	-0.067450	0.146265	0.244918	0.958447	0.549468	-0.825781	0.127165	0.822612	0.508037	-0.255358
21505	10.108788	2.185759	-0.160710	-0.086932	-0.148248	-0.087673	0.147070	0.246391	0.957947	0.548920	-0.825989	0.128177	0.822835	0.506985	-0.256727
21506	9.928850	1.944606	-0.207825	-0.035747	-0.068451	-0.105058	0.147089	0.247591	0.957634	0.548830	-0.825885	0.129230	0.822892	0.506570	-0.257364
21507	9.884132	1.993546	-0.282172	0.090401	0.015674	-0.110927	0.146417	0.248423	0.957522	0.549775	-0.825134	0.130008	0.822381	0.507386	-0.257391
21508	9.318696	1.946760	-1.015609	0.284336	0.017475	-0.120793	0.145644	0.249315	0.957408	0.552332	-0.823364	0.130387	0.820803	0.509817	-0.257623
21509	9.000113	1.393442	-1.926323	0.449602	-0.072039	-0.118379	0.145645	0.250653	0.957058	0.556227	-0.820751	0.130308	0.818168	0.513363	-0.258958
21510	8.664699	1.013212	-2.685480	0.544393	-0.160356	-0.090243	0.146483	0.252205	0.956523	0.560853	-0.817691	0.129710	0.814854	0.517469	-0.261228
21511	8.936085	1.049476	-3.174782	0.629119	-0.224281	-0.048601	0.148099	0.253764	0.955861	0.566077	-0.814281	0.128470	0.810940	0.522064	-0.264244
21512	9.238420	1.402643	-3.041343	0.609371	-0.223240	-0.008337	0.149898	0.254988	0.955255	0.571058	-0.811044	0.126884	0.807108	0.526487	-0.267187
21513	9.301833	2.175946	-2.789112	0.513244	-0.212603	0.023200	0.151810	0.255921	0.954703	0.575194	-0.808374	0.125233	0.803807	0.530128	-0.269924
21514	9.516410	2.838322	-2.721526	0.332013	-0.210916	0.040040	0.153772	0.256707	0.954178	0.577835	-0.806693	0.123906	0.801536	0.532305	-0.272381
21515	9.697201	2.900541	-2.375631	0.088083	-0.190324	0.043340	0.155613	0.257368	0.953701	0.578511	-0.806317	0.123201	0.800693	0.532555	-0.274364
21516	9.677893	2.573053	-2.343671	-0.096191	-0.151843	0.040338	0.157100	0.257841	0.953330	0.577714	-0.806913	0.123038	0.800978	0.531423	-0.275725
21517	9.569276	1.811975	-2.579345	-0.157115	-0.166358	0.024290	0.158640	0.258525	0.952889	0.576454	-0.807791	0.123189	0.801583	0.529754	-0.277176
