// General information: 
//  MT Manager version: 2022.2.0 
//  XDA version: 2022.2.0 build 7381 rev 124627 built on 2023-07-19
// Device information: 
//  DeviceId: 00B4CB9F
//  ProductCode: MTW2-3A7G6
//  Firmware Version: 4.6.0
//  Hardware Version: 2.0.0
// Device settings: 
//  Filter Profile: human(46.1)
//  Option Flags: Orientation Smoother Disabled, Position/Velocity Smoother Disabled, Continuous Zero Rotation Update Disabled, AHS Disabled, ICC Disabled
// Coordinate system: ENU
PacketCounter	Acc_X	Acc_Y	Acc_Z	Gyr_X	Gyr_Y	Gyr_Z	Mat[1][1]	Mat[2][1]	Mat[3][1]	Mat[1][2]	Mat[2][2]	Mat[3][2]	Mat[1][3]	Mat[2][3]	Mat[3][3]
64408	9.358226	0.513936	2.610142	-0.076139	-0.001025	-0.032968	0.272592	-0.011405	0.962062	-0.164758	0.984606	0.058355	-0.947918	-0.174414	0.266517
64409	9.329050	0.486508	2.566476	-0.064663	-0.000421	-0.024597	0.272573	-0.011564	0.962066	-0.164242	0.984692	0.058369	-0.948013	-0.173921	0.266501
64410	9.416242	0.485402	2.577908	-0.049424	0.003284	-0.013660	0.272578	-0.011658	0.962063	-0.163791	0.984768	0.058340	-0.948089	-0.173480	0.266517
64411	9.444442	0.491171	2.678403	-0.027989	0.015668	-0.006944	0.272678	-0.011662	0.962035	-0.163549	0.984811	0.058294	-0.948103	-0.173235	0.266629
64412	9.404865	0.438222	2.658539	-0.025082	0.021027	-0.001415	0.272831	-0.011606	0.961992	-0.163362	0.984847	0.058213	-0.948091	-0.173035	0.266801
64413	9.390917	0.469327	2.662625	-0.023172	0.021198	0.001744	0.272979	-0.011528	0.961951	-0.163149	0.984889	0.058101	-0.948085	-0.172802	0.266973
64414	9.448169	0.416263	2.686945	-0.012690	0.016632	0.007720	0.273076	-0.011389	0.961925	-0.163105	0.984904	0.057964	-0.948064	-0.172724	0.267096
64415	9.450519	0.529875	2.681301	0.006409	0.019853	0.003773	0.273189	-0.011266	0.961895	-0.163255	0.984883	0.057902	-0.948006	-0.172852	0.267220
64416	9.403717	0.567273	2.676138	0.022733	0.018693	0.000693	0.273316	-0.011193	0.961859	-0.163528	0.984837	0.057927	-0.947922	-0.173124	0.267342
64417	9.347656	0.602764	2.637099	0.021420	0.005915	0.007798	0.273313	-0.011011	0.961862	-0.163953	0.984770	0.057860	-0.947850	-0.173514	0.267345
64418	9.403975	0.589781	2.621931	0.005598	-0.000460	0.003079	0.273255	-0.010947	0.961879	-0.164070	0.984753	0.057817	-0.947846	-0.173614	0.267293
64419	9.469819	0.578717	2.639687	-0.014826	-0.001189	-0.002348	0.273189	-0.010908	0.961898	-0.164028	0.984764	0.057754	-0.947873	-0.173556	0.267237
64420	9.473867	0.544831	2.604136	-0.032499	-0.010484	-0.006489	0.273052	-0.010956	0.961937	-0.163758	0.984812	0.057701	-0.947959	-0.173280	0.267111
64421	9.412191	0.521966	2.550383	-0.036963	-0.010753	-0.010319	0.272901	-0.011016	0.961979	-0.163482	0.984860	0.057656	-0.948050	-0.173001	0.266969
64422	9.347874	0.493610	2.569897	-0.029292	-0.004010	-0.009353	0.272830	-0.011081	0.961998	-0.163234	0.984902	0.057639	-0.948113	-0.172757	0.266902
64423	9.331952	0.519790	2.644818	-0.015812	0.000091	-0.005783	0.272773	-0.011067	0.962015	-0.163192	0.984911	0.057603	-0.948137	-0.172705	0.266851
64424	9.429948	0.481112	2.727399	-0.013950	0.009482	-0.007427	0.272827	-0.011090	0.961999	-0.163095	0.984927	0.057608	-0.948138	-0.172614	0.266906
64425	9.423157	0.509426	2.836534	-0.006783	0.010401	-0.007117	0.272860	-0.011027	0.961990	-0.163262	0.984900	0.057597	-0.948100	-0.172772	0.266940
64426	9.363738	0.516785	2.926429	-0.003867	0.022229	-0.002654	0.273027	-0.010980	0.961944	-0.163273	0.984899	0.057584	-0.948050	-0.172782	0.267111
64427	9.267866	0.477248	2.921411	0.002505	0.009309	-0.004120	0.273089	-0.010964	0.961926	-0.163329	0.984889	0.057594	-0.948022	-0.172839	0.267171
64428	9.241455	0.455114	2.804382	-0.001709	-0.008828	-0.002559	0.272961	-0.010970	0.961963	-0.163361	0.984884	0.057586	-0.948054	-0.172866	0.267043
64429	9.367231	0.459973	2.677024	-0.015270	-0.023131	-0.007720	0.272707	-0.011137	0.962033	-0.162995	0.984944	0.057606	-0.948189	-0.172516	0.266786
64430	9.526084	0.459390	2.557769	-0.018257	-0.025329	-0.006385	0.272429	-0.011209	0.962111	-0.162860	0.984967	0.057590	-0.948293	-0.172379	0.266508
64431	9.476956	0.553000	2.528621	-0.015482	-0.020951	-0.007244	0.272234	-0.011308	0.962165	-0.162653	0.985001	0.057597	-0.948384	-0.172178	0.266311
64432	9.403465	0.523386	2.513775	0.001989	-0.016348	-0.012162	0.272050	-0.011421	0.962215	-0.162694	0.984989	0.057690	-0.948430	-0.172241	0.266108
64433	9.401386	0.518675	2.584947	0.025243	-0.020443	-0.002820	0.271825	-0.011392	0.962279	-0.163114	0.984916	0.057736	-0.948422	-0.172656	0.265867
64434	9.422653	0.506679	2.632245	0.049168	-0.005204	0.000839	0.271726	-0.011358	0.962308	-0.163638	0.984824	0.057830	-0.948360	-0.173185	0.265743
64435	9.486113	0.491396	2.722342	0.061229	-0.001920	0.002978	0.271663	-0.011259	0.962327	-0.164356	0.984699	0.057918	-0.948255	-0.173898	0.265655
64436	9.453128	0.498008	2.713475	0.060664	0.008351	0.007056	0.271682	-0.011141	0.962323	-0.165006	0.984587	0.057983	-0.948136	-0.174542	0.265656
64437	9.428782	0.568024	2.644393	0.059012	-0.003236	0.008254	0.271581	-0.010981	0.962353	-0.165753	0.984460	0.058009	-0.948035	-0.175267	0.265541
64438	9.423040	0.619500	2.696406	0.051993	-0.003604	0.003755	0.271492	-0.010916	0.962379	-0.166311	0.984361	0.058082	-0.947962	-0.175823	0.265431
64439	9.466141	0.639734	2.682147	0.039797	-0.007883	-0.004761	0.271375	-0.010933	0.962412	-0.166727	0.984284	0.058194	-0.947923	-0.176252	0.265287
64440	9.412552	0.659298	2.623244	0.014107	-0.015830	-0.006259	0.271187	-0.010989	0.962464	-0.166899	0.984251	0.058263	-0.947946	-0.176435	0.265082
64441	9.438858	0.658578	2.524193	-0.009225	-0.021932	-0.017202	0.270931	-0.011226	0.962533	-0.166624	0.984291	0.058381	-0.948068	-0.176199	0.264804
64442	9.420786	0.678024	2.400524	-0.034129	-0.022507	-0.015863	0.270696	-0.011387	0.962598	-0.166313	0.984341	0.058414	-0.948190	-0.175905	0.264563
64443	9.393652	0.611115	2.392590	-0.041791	-0.022790	-0.017886	0.270466	-0.011559	0.962660	-0.165923	0.984406	0.058438	-0.948324	-0.175533	0.264330
64444	9.367994	0.505014	2.422585	-0.026042	-0.020138	-0.015832	0.270252	-0.011716	0.962718	-0.165689	0.984442	0.058492	-0.948425	-0.175319	0.264107
64445	9.369494	0.444256	2.513941	-0.003133	-0.023033	-0.012400	0.270013	-0.011812	0.962784	-0.165741	0.984429	0.058559	-0.948485	-0.175385	0.263851
64446	9.412025	0.419526	2.609303	0.024251	-0.019182	-0.006222	0.269793	-0.011872	0.962845	-0.166010	0.984378	0.058654	-0.948500	-0.175666	0.263607
64447	9.442040	0.471414	2.595680	0.031693	-0.023193	-0.002644	0.269538	-0.011850	0.962917	-0.166483	0.984295	0.058714	-0.948490	-0.176136	0.263332
64448	9.452194	0.474394	2.626425	0.037293	-0.023653	0.000435	0.269264	-0.011853	0.962993	-0.166894	0.984221	0.058780	-0.948495	-0.176545	0.263038
64449	9.418207	0.520063	2.577728	0.034040	-0.014449	-0.002576	0.269080	-0.011855	0.963045	-0.167276	0.984152	0.058853	-0.948480	-0.176931	0.262833
64450	9.401219	0.586848	2.613364	0.021204	-0.012175	-0.009686	0.268932	-0.011938	0.963085	-0.167507	0.984106	0.058973	-0.948481	-0.177183	0.262658
64451	9.399420	0.604986	2.630128	0.010430	-0.002254	-0.008347	0.268882	-0.011995	0.963098	-0.167598	0.984086	0.059047	-0.948479	-0.177290	0.262593
64452	9.492297	0.640550	2.709489	0.014910	0.010968	-0.006691	0.268949	-0.012007	0.963080	-0.167777	0.984051	0.059122	-0.948429	-0.177483	0.262645
64453	9.418001	0.610913	2.697842	0.016401	0.015521	-0.002610	0.269057	-0.011940	0.963050	-0.168040	0.984004	0.059147	-0.948352	-0.177745	0.262747
64454	9.421484	0.577899	2.664021	0.007533	0.012233	-0.006531	0.269136	-0.011948	0.963028	-0.168149	0.983982	0.059200	-0.948310	-0.177865	0.262816
64455	9.425673	0.566942	2.573733	0.003187	-0.006468	-0.000713	0.269023	-0.011904	0.963060	-0.168283	0.983961	0.059171	-0.948318	-0.177985	0.262705
64456	9.406924	0.563010	2.506129	-0.000585	-0.022517	-0.001107	0.268763	-0.011921	0.963133	-0.168330	0.983954	0.059151	-0.948384	-0.178022	0.262443
64457	9.415577	0.604336	2.498842	-0.004564	-0.029906	-0.002124	0.268435	-0.011933	0.963224	-0.168385	0.983947	0.059116	-0.948467	-0.178062	0.262116
64458	9.457155	0.640676	2.500346	-0.006329	-0.023062	-0.010562	0.268185	-0.012044	0.963292	-0.168353	0.983949	0.059173	-0.948543	-0.178042	0.261853
64459	9.468789	0.604017	2.569490	-0.018245	-0.018888	-0.007380	0.267960	-0.012057	0.963355	-0.168355	0.983951	0.059143	-0.948606	-0.178033	0.261630
64460	9.463502	0.568176	2.499696	-0.030873	-0.018365	-0.004366	0.267745	-0.012098	0.963414	-0.168106	0.983997	0.059075	-0.948711	-0.177772	0.261426
64461	9.454331	0.566064	2.465012	-0.027043	-0.018448	-0.008642	0.267542	-0.012171	0.963469	-0.167883	0.984037	0.059050	-0.948808	-0.177549	0.261228
64462	9.454475	0.544180	2.518615	-0.021657	-0.023631	-0.014600	0.267294	-0.012323	0.963536	-0.167694	0.984066	0.059105	-0.948911	-0.177378	0.260968
64463	9.470348	0.496268	2.497066	-0.027615	-0.021550	-0.013001	0.267059	-0.012424	0.963600	-0.167511	0.984096	0.059113	-0.949010	-0.177201	0.260731
64464	9.420160	0.458957	2.458507	-0.032933	-0.013078	-0.014965	0.266912	-0.012560	0.963639	-0.167214	0.984145	0.059143	-0.949104	-0.176920	0.260579
64465	9.443721	0.452230	2.433235	-0.019450	-0.008956	-0.011429	0.266802	-0.012638	0.963669	-0.167074	0.984168	0.059163	-0.949159	-0.176789	0.260466
64466	9.461160	0.473452	2.516440	0.007589	-0.003449	-0.000633	0.266722	-0.012616	0.963691	-0.167200	0.984146	0.059160	-0.949159	-0.176909	0.260384
64467	9.478327	0.494825	2.600632	0.033991	0.014664	-0.000111	0.266808	-0.012530	0.963668	-0.167626	0.984071	0.059206	-0.949060	-0.177333	0.260458
64468	9.483638	0.531302	2.670319	0.056841	0.021436	0.009061	0.266948	-0.012369	0.963632	-0.168245	0.983964	0.059238	-0.948911	-0.177940	0.260586
64469	9.378580	0.512331	2.577159	0.052576	0.012485	0.005875	0.267013	-0.012296	0.963614	-0.168675	0.983887	0.059293	-0.948817	-0.178369	0.260637
64470	9.322595	0.548099	2.536939	0.045536	-0.013799	0.005746	0.266824	-0.012229	0.963668	-0.169177	0.983798	0.059327	-0.948780	-0.178861	0.260432
64471	9.374057	0.522514	2.395267	0.026864	-0.034803	0.000404	0.266439	-0.012251	0.963774	-0.169467	0.983747	0.059355	-0.948837	-0.179143	0.260033
64472	9.417817	0.542389	2.377891	0.006281	-0.043037	-0.010269	0.266000	-0.012395	0.963893	-0.169555	0.983726	0.059441	-0.948944	-0.179244	0.259569
64473	9.445865	0.566565	2.490331	-0.001884	-0.049165	-0.012908	0.265525	-0.012585	0.964022	-0.169508	0.983729	0.059531	-0.949086	-0.179216	0.259072
64474	9.497401	0.605730	2.523390	-0.008334	-0.033485	-0.015221	0.265185	-0.012761	0.964113	-0.169444	0.983734	0.059627	-0.949192	-0.179175	0.258709
64475	9.441561	0.597241	2.591839	-0.021952	-0.025206	-0.016735	0.264942	-0.012914	0.964178	-0.169282	0.983758	0.059693	-0.949289	-0.179033	0.258453
64476	9.424364	0.532478	2.616793	-0.031175	-0.026870	-0.015972	0.264665	-0.013085	0.964252	-0.168999	0.983804	0.059737	-0.949416	-0.178768	0.258167
64477	9.399719	0.557677	2.656493	-0.043391	-0.024701	-0.025531	0.264425	-0.013306	0.964315	-0.168662	0.983857	0.059824	-0.949543	-0.178462	0.257912
64478	9.405715	0.485819	2.657574	-0.050272	-0.017607	-0.024721	0.264251	-0.013546	0.964359	-0.168175	0.983935	0.059904	-0.949678	-0.178011	0.257727
64479	9.397973	0.445606	2.661614	-0.043744	-0.003637	-0.024132	0.264215	-0.013739	0.964366	-0.167772	0.983999	0.059985	-0.949759	-0.177643	0.257682
64480	9.409567	0.454542	2.621867	-0.025725	0.004074	-0.024732	0.264247	-0.013941	0.964354	-0.167518	0.984034	0.060128	-0.949795	-0.177435	0.257692
64481	9.452176	0.475229	2.608579	-0.010817	0.002553	-0.018703	0.264240	-0.014058	0.964354	-0.167469	0.984036	0.060233	-0.949806	-0.177415	0.257667
64482	9.531567	0.456847	2.568998	0.007567	0.009079	-0.013393	0.264300	-0.014140	0.964337	-0.167561	0.984013	0.060352	-0.949773	-0.177536	0.257706
64483	9.465294	0.468999	2.552396	0.017500	0.007920	-0.012898	0.264358	-0.014270	0.964319	-0.167577	0.984001	0.060501	-0.949754	-0.177591	0.257738
64484	9.498285	0.597059	2.571744	0.032314	0.008704	-0.021174	0.264428	-0.014429	0.964297	-0.167883	0.983933	0.060759	-0.949680	-0.177956	0.257757
64485	9.449573	0.653773	2.582902	0.026920	0.000472	-0.023597	0.264418	-0.014615	0.964297	-0.168130	0.983875	0.061015	-0.949640	-0.178261	0.257697
64486	9.465062	0.630646	2.507414	0.013363	-0.007416	-0.029748	0.264349	-0.014887	0.964312	-0.168234	0.983839	0.061307	-0.949640	-0.178437	0.257573
64487	9.445734	0.607474	2.495420	0.001654	-0.018861	-0.035394	0.264175	-0.015199	0.964355	-0.168288	0.983811	0.061607	-0.949679	-0.178564	0.257340
64488	9.457693	0.618340	2.453677	-0.005512	-0.019802	-0.035676	0.263998	-0.015551	0.964398	-0.168197	0.983808	0.061907	-0.949745	-0.178552	0.257108
64489	9.434452	0.606625	2.532184	-0.016958	-0.010261	-0.042414	0.263925	-0.015912	0.964412	-0.168064	0.983810	0.062225	-0.949788	-0.178505	0.256978
64490	9.383984	0.549269	2.549732	-0.023255	-0.013034	-0.035061	0.263812	-0.016246	0.964437	-0.167806	0.983839	0.062474	-0.949866	-0.178320	0.256822
64491	9.358829	0.576186	2.590684	-0.031926	-0.012069	-0.040493	0.263725	-0.016599	0.964455	-0.167513	0.983872	0.062739	-0.949941	-0.178104	0.256691
64492	9.357033	0.486787	2.541891	-0.040706	-0.011208	-0.031165	0.263623	-0.016891	0.964478	-0.167100	0.983931	0.062905	-0.950043	-0.177747	0.256564
64493	9.357145	0.488524	2.541144	-0.033889	-0.008630	-0.026222	0.263555	-0.017138	0.964492	-0.166713	0.983988	0.063040	-0.950129	-0.177407	0.256478
64494	9.403903	0.475831	2.491494	-0.019762	-0.011032	-0.024103	0.263442	-0.017360	0.964519	-0.166517	0.984012	0.063192	-0.950195	-0.177256	0.256340
64495	9.448751	0.480058	2.459192	-0.010458	-0.012086	-0.021142	0.263312	-0.017526	0.964552	-0.166467	0.984012	0.063323	-0.950240	-0.177240	0.256184
64496	9.493632	0.484436	2.426694	-0.001943	-0.014051	-0.022078	0.263167	-0.017734	0.964587	-0.166446	0.984004	0.063502	-0.950284	-0.177263	0.256005
64497	9.499680	0.544685	2.437874	0.006373	-0.020310	-0.021465	0.262964	-0.017900	0.964640	-0.166610	0.983965	0.063677	-0.950311	-0.177464	0.255765
64498	9.505715	0.605336	2.448916	0.010391	-0.016087	-0.027292	0.262808	-0.018162	0.964677	-0.166693	0.983934	0.063937	-0.950340	-0.177608	0.255558
64499	9.476713	0.665967	2.524576	0.011940	-0.014710	-0.030056	0.262683	-0.018443	0.964706	-0.166773	0.983902	0.064221	-0.950360	-0.177756	0.255379
64500	9.474973	0.686393	2.540345	0.017041	-0.021440	-0.038185	0.262495	-0.018822	0.964750	-0.166890	0.983857	0.064604	-0.950392	-0.177965	0.255116
64501	9.440124	0.712589	2.547540	0.013455	-0.013795	-0.043365	0.262391	-0.019206	0.964770	-0.167022	0.983808	0.065011	-0.950397	-0.178196	0.254935
64502	9.362596	0.696865	2.624507	0.000111	-0.010501	-0.041570	0.262312	-0.019599	0.964784	-0.166970	0.983792	0.065383	-0.950428	-0.178240	0.254788
64503	9.368496	0.649852	2.571023	-0.004775	-0.005969	-0.033895	0.262273	-0.019877	0.964789	-0.166954	0.983776	0.065654	-0.950442	-0.178295	0.254699
64504	9.380009	0.637849	2.586601	-0.004161	0.007366	-0.027997	0.262341	-0.020105	0.964766	-0.166897	0.983771	0.065884	-0.950433	-0.178301	0.254728
64505	9.428506	0.586682	2.575955	-0.009879	0.000752	-0.025759	0.262333	-0.020274	0.964764	-0.166897	0.983759	0.066055	-0.950435	-0.178345	0.254689
64506	9.463406	0.566948	2.567032	-0.003127	-0.000392	-0.023470	0.262320	-0.020471	0.964764	-0.166862	0.983752	0.066244	-0.950445	-0.178359	0.254643
64507	9.468688	0.649454	2.524402	-0.004389	-0.000218	-0.018528	0.262314	-0.020591	0.964763	-0.166879	0.983741	0.066370	-0.950443	-0.178408	0.254613
64508	9.513368	0.631393	2.548479	0.001353	-0.000088	-0.019670	0.262297	-0.020750	0.964764	-0.166896	0.983727	0.066533	-0.950445	-0.178467	0.254566
64509	9.477930	0.677782	2.502247	0.006152	0.005057	-0.021606	0.262336	-0.020886	0.964751	-0.167019	0.983694	0.066712	-0.950413	-0.178633	0.254570
64510	9.467732	0.700742	2.414110	0.009683	0.003433	-0.028054	0.262367	-0.021121	0.964737	-0.167093	0.983663	0.066978	-0.950391	-0.178774	0.254551
64511	9.453727	0.735273	2.416258	0.005011	-0.001170	-0.030297	0.262354	-0.021373	0.964735	-0.167127	0.983640	0.067241	-0.950389	-0.178874	0.254489
64512	9.443889	0.736298	2.382645	-0.001775	-0.010266	-0.034122	0.262265	-0.021693	0.964752	-0.167076	0.983628	0.067536	-0.950422	-0.178900	0.254346
64513	9.420555	0.746494	2.406187	-0.002912	-0.009547	-0.033362	0.262176	-0.022000	0.964769	-0.166999	0.983622	0.067812	-0.950460	-0.178894	0.254209
64514	9.424891	0.693491	2.425304	-0.003385	-0.015400	-0.033980	0.262038	-0.022328	0.964799	-0.166933	0.983613	0.068102	-0.950510	-0.178903	0.254017
64515	9.439010	0.642333	2.477555	-0.005817	-0.008020	-0.029375	0.261956	-0.022578	0.964816	-0.166881	0.983607	0.068328	-0.950542	-0.178908	0.253894
64516	9.450804	0.630034	2.492365	-0.015252	-0.007549	-0.028135	0.261883	-0.022834	0.964829	-0.166718	0.983620	0.068531	-0.950591	-0.178802	0.253787
64517	9.412339	0.578989	2.470368	-0.023551	-0.007803	-0.027649	0.261815	-0.023085	0.964842	-0.166454	0.983653	0.068703	-0.950656	-0.178589	0.253692
64518	9.417753	0.639073	2.482665	-0.023268	-0.006250	-0.025472	0.261749	-0.023312	0.964854	-0.166222	0.983681	0.068860	-0.950714	-0.178404	0.253603
64519	9.386775	0.628623	2.455935	-0.021872	-0.008698	-0.016150	0.261643	-0.023440	0.964880	-0.166034	0.983709	0.068920	-0.950776	-0.178235	0.253489
64520	9.406934	0.547746	2.400088	-0.022847	-0.013918	-0.018483	0.261493	-0.023612	0.964917	-0.165824	0.983738	0.069011	-0.950854	-0.178052	0.253325
64521	9.512407	0.505888	2.315803	-0.026585	-0.026829	-0.012028	0.261205	-0.023743	0.964991	-0.165569	0.983780	0.069022	-0.950978	-0.177801	0.253037
64522	9.614632	0.388779	2.200641	-0.023561	-0.020867	-0.010739	0.260976	-0.023851	0.965051	-0.165373	0.983812	0.069036	-0.951075	-0.177610	0.252807
64523	9.754591	0.433566	2.172164	-0.011998	-0.033555	-0.010857	0.260626	-0.023974	0.965142	-0.165283	0.983825	0.069071	-0.951187	-0.177523	0.252447
64524	9.835870	0.530189	2.121120	-0.001307	-0.034195	-0.017035	0.260280	-0.024168	0.965231	-0.165282	0.983815	0.069203	-0.951281	-0.177547	0.252073
64525	9.783866	0.532537	2.042906	0.009246	-0.038666	-0.011136	0.259878	-0.024237	0.965337	-0.165579	0.983760	0.069275	-0.951339	-0.177843	0.251645
64526	9.668536	0.482798	2.040516	0.015209	-0.040719	-0.012740	0.259464	-0.024400	0.965445	-0.165747	0.983723	0.069407	-0.951423	-0.178028	0.251196
64527	9.556849	0.422185	1.947474	0.011228	-0.041678	-0.014804	0.259049	-0.024557	0.965552	-0.165924	0.983684	0.069534	-0.951506	-0.178221	0.250748
64528	9.493566	0.417021	1.908033	0.025796	-0.058643	-0.015174	0.258468	-0.024776	0.965702	-0.166186	0.983627	0.069715	-0.951618	-0.178505	0.250118
64529	9.572279	0.417786	1.878775	0.050608	-0.068590	-0.028705	0.257812	-0.025146	0.965868	-0.166622	0.983527	0.070081	-0.951720	-0.179002	0.249375
64530	9.535790	0.483056	1.843083	0.079745	-0.072286	-0.035357	0.257134	-0.025589	0.966037	-0.167345	0.983368	0.070591	-0.951776	-0.179813	0.248575
64531	9.456653	0.615601	1.942329	0.100263	-0.064360	-0.035341	0.256526	-0.026004	0.966187	-0.168274	0.983170	0.071138	-0.951776	-0.180833	0.247833
64532	9.373948	0.674034	2.012326	0.111922	-0.046302	-0.045543	0.256114	-0.026501	0.966283	-0.169278	0.982948	0.071825	-0.951709	-0.181966	0.247261
64533	9.264679	0.665177	2.077013	0.130928	-0.056514	-0.043139	0.255597	-0.026937	0.966408	-0.170605	0.982668	0.072512	-0.951611	-0.183408	0.246571
64534	9.480541	0.594915	2.100815	0.152645	-0.072590	-0.043103	0.254931	-0.027459	0.966569	-0.172003	0.982367	0.073274	-0.951538	-0.184933	0.245713
64535	9.585910	0.619342	2.259742	0.171769	-0.058544	-0.049740	0.254418	-0.028011	0.966689	-0.173572	0.982027	0.074137	-0.951391	-0.186651	0.244984
64536	9.691834	0.623151	2.475634	0.183858	-0.037959	-0.051422	0.254098	-0.028553	0.966757	-0.175245	0.981660	0.075054	-0.951169	-0.188491	0.244434
64537	9.652755	0.661430	2.644413	0.189587	-0.017409	-0.049504	0.253973	-0.029059	0.966775	-0.176889	0.981295	0.075964	-0.950898	-0.190305	0.244083
64538	9.631417	0.634453	2.777542	0.199749	-0.013796	-0.039947	0.253864	-0.029443	0.966792	-0.178742	0.980893	0.076807	-0.950581	-0.192305	0.243751
64539	9.599873	0.605247	2.878757	0.201421	0.002003	-0.042708	0.253911	-0.029771	0.966769	-0.180725	0.980463	0.077658	-0.950194	-0.194438	0.243570
64540	9.575963	0.596423	3.031644	0.196387	0.012428	-0.046626	0.254064	-0.030170	0.966717	-0.182528	0.980057	0.078557	-0.949808	-0.196411	0.243491
64541	9.528400	0.710008	3.201523	0.156237	0.038377	-0.066257	0.254501	-0.030714	0.966585	-0.183856	0.979730	0.079541	-0.949435	-0.197955	0.243695
64542	9.448595	0.811719	3.347790	0.095607	0.056417	-0.085957	0.255146	-0.031410	0.966392	-0.184600	0.979505	0.080574	-0.949117	-0.198954	0.244118
64543	9.410086	0.932490	3.481416	0.007413	0.069347	-0.103428	0.255950	-0.032258	0.966152	-0.184411	0.979460	0.081556	-0.948937	-0.199044	0.244744
64544	9.398990	1.014399	3.485659	-0.102213	0.096529	-0.125682	0.257048	-0.033264	0.965826	-0.183175	0.979613	0.082489	-0.948880	-0.198118	0.245715
64545	9.313572	1.154974	3.528999	-0.195329	0.134278	-0.147281	0.258536	-0.034415	0.965388	-0.180944	0.979952	0.083392	-0.948904	-0.196241	0.247125
64546	9.330990	1.272880	3.438480	-0.256325	0.157403	-0.159523	0.260267	-0.035638	0.964879	-0.178153	0.980388	0.084266	-0.948959	-0.193828	0.248814
64547	9.400148	1.391715	3.425841	-0.284094	0.178729	-0.169667	0.262215	-0.036924	0.964303	-0.175036	0.980873	0.085155	-0.949002	-0.191116	0.250737
64548	9.581371	1.395843	3.338300	-0.290837	0.211713	-0.164854	0.264462	-0.038106	0.963643	-0.171898	0.981355	0.085982	-0.948953	-0.188387	0.252981
64549	9.571267	1.330898	3.261881	-0.293686	0.256411	-0.145875	0.267090	-0.039041	0.962880	-0.168701	0.981855	0.086605	-0.948790	-0.185570	0.255658
64550	9.454357	1.236382	3.168437	-0.280223	0.314556	-0.129807	0.270243	-0.039701	0.961973	-0.165750	0.982314	0.087104	-0.948418	-0.182986	0.258883
64551	9.298715	1.156829	3.160839	-0.266338	0.375185	-0.119638	0.273955	-0.040160	0.960904	-0.162929	0.982748	0.087525	-0.947841	-0.180537	0.262686
64552	9.175187	1.094530	3.109410	-0.257364	0.405309	-0.104810	0.277917	-0.040429	0.959754	-0.160258	0.983161	0.087821	-0.947143	-0.178215	0.266758
64553	9.261986	1.037249	3.018759	-0.234267	0.428942	-0.100790	0.282091	-0.040632	0.958527	-0.157770	0.983536	0.088124	-0.946326	-0.176086	0.271036
64554	9.464824	1.056922	2.875888	-0.219064	0.433919	-0.086889	0.286283	-0.040692	0.957281	-0.155507	0.983878	0.088329	-0.945441	-0.174151	0.275340
64555	9.576974	0.971431	2.819805	-0.205468	0.439729	-0.084368	0.290533	-0.040708	0.955999	-0.153405	0.984190	0.088529	-0.944488	-0.172376	0.279695
64556	9.576271	0.981156	2.824422	-0.217932	0.439191	-0.068477	0.294736	-0.040594	0.954716	-0.151205	0.984529	0.088541	-0.943540	-0.170454	0.284038
64557	9.472609	0.920792	2.841941	-0.241961	0.444102	-0.061874	0.298979	-0.040446	0.953402	-0.148697	0.984922	0.088413	-0.942603	-0.168202	0.288457
64558	9.466593	0.760432	2.732607	-0.273357	0.442600	-0.060497	0.303190	-0.040267	0.952079	-0.145997	0.985348	0.088167	-0.941680	-0.165732	0.292869
64559	9.630977	0.734644	2.662202	-0.293128	0.424467	-0.057934	0.307225	-0.040115	0.950791	-0.143070	0.985808	0.087822	-0.940821	-0.163011	0.297126
64560	9.807915	0.769089	2.639218	-0.322203	0.405194	-0.071126	0.311089	-0.040126	0.949533	-0.139877	0.986295	0.087506	-0.940031	-0.160041	0.301213
64561	10.048739	0.939824	2.470025	-0.359658	0.367921	-0.076751	0.314602	-0.040242	0.948370	-0.136351	0.986824	0.087105	-0.939379	-0.156715	0.304970
64562	10.214368	1.178955	2.458199	-0.410910	0.338414	-0.083923	0.317846	-0.040511	0.947276	-0.132284	0.987420	0.086614	-0.938869	-0.152840	0.308489
64563	10.347722	1.390117	2.597031	-0.481833	0.296946	-0.074388	0.320678	-0.040791	0.946310	-0.127490	0.988122	0.085796	-0.938569	-0.148158	0.311668
64564	10.265380	1.325788	2.669658	-0.560424	0.263583	-0.059229	0.323179	-0.040957	0.945451	-0.122098	0.988908	0.084575	-0.938428	-0.142770	0.314594
64565	9.834558	1.085383	2.786940	-0.590846	0.246526	-0.036354	0.325485	-0.040944	0.944660	-0.116453	0.989720	0.083021	-0.938349	-0.137031	0.317371
64566	9.200833	0.823789	3.067103	-0.570591	0.228578	0.001842	0.327582	-0.040582	0.943951	-0.111163	0.990483	0.081160	-0.938260	-0.131519	0.319953
64567	8.587016	0.703938	3.509421	-0.547850	0.201098	0.048953	0.329363	-0.039751	0.943366	-0.106346	0.991194	0.078896	-0.938195	-0.126308	0.322236
64568	8.294349	0.696902	3.909715	-0.532084	0.175816	0.087790	0.330876	-0.038626	0.942883	-0.101702	0.991883	0.076322	-0.938178	-0.121146	0.324262
64569	8.235893	0.843720	4.220890	-0.548605	0.165795	0.108201	0.332272	-0.037332	0.942445	-0.096922	0.992575	0.073489	-0.938191	-0.115762	0.326187
64570	8.237624	1.214975	4.451540	-0.621143	0.191396	0.109106	0.333920	-0.035995	0.941914	-0.091516	0.993312	0.070403	-0.938148	-0.109709	0.328392
64571	8.227676	1.534060	4.534209	-0.770610	0.235352	0.092982	0.336000	-0.034800	0.941219	-0.084601	0.994163	0.066959	-0.938055	-0.102126	0.331095
64572	8.318738	1.726903	4.428282	-0.950556	0.286177	0.069691	0.338584	-0.033789	0.940329	-0.075978	0.995110	0.063115	-0.937863	-0.092814	0.334361
64573	8.493413	1.702012	4.363777	-1.138781	0.343654	0.054250	0.341732	-0.032922	0.939221	-0.065503	0.996121	0.058750	-0.937512	-0.081599	0.338250
64574	8.697389	1.494255	4.294757	-1.336030	0.394515	0.069292	0.345345	-0.031896	0.937934	-0.053278	0.997144	0.053526	-0.936962	-0.068456	0.342659
64575	8.867947	1.042707	4.152275	-1.520915	0.439013	0.101296	0.349376	-0.030625	0.936482	-0.039323	0.998106	0.047310	-0.936157	-0.053354	0.347510
64576	9.062479	0.457224	3.919174	-1.656606	0.470165	0.136102	0.353690	-0.029012	0.934913	-0.024360	0.998894	0.040213	-0.935046	-0.036998	0.352592
64577	9.158287	-0.128336	3.743951	-1.719596	0.484185	0.146161	0.358177	-0.027410	0.933251	-0.008776	0.999426	0.032722	-0.933613	-0.019911	0.357731
64578	9.172809	-0.687878	3.638260	-1.705568	0.451441	0.154520	0.362346	-0.025771	0.931687	0.006518	0.999663	0.025117	-0.932021	-0.003028	0.362392
64579	9.188524	-1.165969	3.608884	-1.669225	0.390092	0.162149	0.365974	-0.024170	0.930311	0.021525	0.999615	0.017503	-0.930376	0.013620	0.366353
64580	9.157787	-1.650809	3.584171	-1.597161	0.311973	0.178127	0.368886	-0.022413	0.929205	0.035659	0.999315	0.009948	-0.928791	0.029465	0.369432
64581	9.024367	-2.159902	3.445974	-1.442321	0.204337	0.193247	0.370853	-0.020572	0.928464	0.048435	0.998822	0.002785	-0.927428	0.043937	0.371413
64582	8.906307	-2.391251	3.421146	-1.191776	0.105555	0.214139	0.371908	-0.018441	0.928086	0.058627	0.998273	-0.003657	-0.926416	0.055771	0.372347
64583	8.822573	-2.350148	3.414996	-0.906286	0.034376	0.261200	0.372382	-0.015891	0.927943	0.066224	0.997760	-0.009489	-0.925714	0.064986	0.372600
64584	8.797439	-2.283311	3.584497	-0.604117	0.000893	0.324407	0.372575	-0.012609	0.927916	0.070548	0.997399	-0.014773	-0.925317	0.070966	0.372496
64585	8.956736	-2.337126	3.954346	-0.291413	-0.007356	0.400501	0.372764	-0.008580	0.927887	0.071785	0.997227	-0.019617	-0.925145	0.073921	0.372346
64586	9.025360	-2.437949	4.282369	-0.015314	-0.012114	0.480288	0.372955	-0.003735	0.927842	0.070076	0.997249	-0.024153	-0.925199	0.074028	0.372191
64587	8.792004	-2.505328	4.420024	0.176396	-0.083504	0.557614	0.372547	0.001912	0.928011	0.066420	0.997378	-0.028720	-0.925633	0.072338	0.371443
64588	8.642912	-2.779993	4.321325	0.277353	-0.164901	0.606608	0.371371	0.008126	0.928449	0.061536	0.997548	-0.033345	-0.926443	0.069517	0.369960
64589	8.713538	-2.986197	4.338986	0.371116	-0.227335	0.647825	0.369639	0.014794	0.929058	0.055694	0.997723	-0.038046	-0.927505	0.065807	0.367973
64590	9.078973	-3.025180	4.002002	0.538104	-0.212339	0.711745	0.367999	0.022076	0.929564	0.048016	0.997933	-0.042708	-0.928585	0.060351	0.366179
64591	9.152982	-3.171240	3.881088	0.730470	-0.156139	0.786024	0.366879	0.030075	0.929783	0.038315	0.998141	-0.047405	-0.929479	0.053016	0.365044
64592	9.178134	-3.333062	3.829814	0.929847	-0.134100	0.872431	0.365875	0.038894	0.929851	0.026413	0.998290	-0.052150	-0.930289	0.043640	0.364222
64593	9.244069	-3.239541	3.754483	1.153112	-0.112743	0.947314	0.364998	0.048447	0.929747	0.012255	0.998309	-0.056831	-0.930928	0.032137	0.363787
64594	9.231533	-3.105161	3.616534	1.394516	-0.100832	1.007871	0.364058	0.058578	0.929532	-0.004464	0.998118	-0.061152	-0.931366	0.018114	0.363635
64595	9.168661	-2.831071	3.529169	1.615620	-0.086569	1.046917	0.363067	0.069136	0.929195	-0.023404	0.997605	-0.065082	-0.931469	0.001883	0.363815
64596	8.885151	-2.556430	2.630705	1.892441	-0.080074	1.049938	0.361921	0.079643	0.928801	-0.044894	0.996677	-0.067970	-0.931127	-0.017098	0.364293
64597	8.764741	-1.659110	2.407915	2.079902	-0.043412	1.060900	0.360859	0.090335	0.928235	-0.068259	0.995187	-0.070314	-0.930119	-0.037987	0.365289
64598	8.652950	-1.044694	2.516698	2.175883	0.005814	1.075158	0.360006	0.101068	0.927459	-0.092414	0.993089	-0.072348	-0.928362	-0.059664	0.366858
64599	8.707997	-0.375485	2.336671	2.209914	0.086668	1.049083	0.359649	0.111659	0.926383	-0.116811	0.990392	-0.074025	-0.925747	-0.081589	0.369236
64600	8.561992	0.445025	2.263010	2.235536	0.158839	0.969673	0.359821	0.121434	0.925085	-0.141017	0.987182	-0.074735	-0.922303	-0.103561	0.372333
64601	8.629279	1.393735	2.531478	2.166631	0.216278	0.862471	0.360335	0.130379	0.923667	-0.164432	0.983557	-0.074685	-0.918216	-0.124968	0.375848
64602	8.450182	2.094678	2.908256	1.975739	0.264132	0.735126	0.361422	0.137988	0.922135	-0.185242	0.979901	-0.074028	-0.913816	-0.144063	0.379718
64603	8.380063	2.496142	3.008862	1.588894	0.320289	0.584782	0.363112	0.144342	0.920497	-0.202101	0.976609	-0.073417	-0.909563	-0.159375	0.383790
64604	8.398928	2.623727	3.015787	1.132242	0.360547	0.445196	0.365410	0.149313	0.918793	-0.214059	0.974077	-0.073164	-0.905900	-0.169941	0.387899
64605	8.526120	2.441118	2.870383	0.674821	0.390735	0.323491	0.368110	0.153285	0.917060	-0.221635	0.972351	-0.073562	-0.902980	-0.176173	0.391905
64606	8.685667	1.940179	2.746126	0.291271	0.407382	0.232262	0.371216	0.156299	0.915297	-0.225179	0.971460	-0.074565	-0.900829	-0.178426	0.395817
64607	8.830558	1.109691	2.646602	0.014556	0.412916	0.176122	0.374430	0.158859	0.913546	-0.226163	0.971107	-0.076172	-0.899251	-0.178089	0.399540
64608	8.896393	0.344743	2.681352	-0.155803	0.406340	0.148254	0.377699	0.161053	0.911815	-0.225379	0.971130	-0.078172	-0.898080	-0.175978	0.403092
64609	8.890889	-0.440514	2.549871	-0.232137	0.399654	0.147689	0.380851	0.163283	0.910105	-0.224018	0.971254	-0.080509	-0.897089	-0.173218	0.406482
64610	8.727161	-1.054285	2.532894	-0.221507	0.374998	0.149928	0.383830	0.165419	0.908466	-0.222664	0.971373	-0.082797	-0.896156	-0.170503	0.409675
64611	8.534255	-1.407256	2.627809	-0.149648	0.328127	0.161776	0.386293	0.167647	0.907013	-0.222118	0.971313	-0.084933	-0.895232	-0.168655	0.412449
64612	8.328652	-1.441744	2.885016	-0.066103	0.287729	0.178107	0.388423	0.169896	0.905684	-0.222276	0.971109	-0.086841	-0.894271	-0.167580	0.414965
64613	7.993744	-1.277133	3.340563	-0.000081	0.260018	0.176183	0.390280	0.172135	0.904462	-0.223118	0.970768	-0.088478	-0.893253	-0.167270	0.417278
64614	7.850648	-1.095047	3.944500	0.045071	0.236147	0.159526	0.391983	0.174114	0.903346	-0.224203	0.970401	-0.089751	-0.892234	-0.167352	0.419417
64615	7.835374	-0.786021	4.615550	0.106187	0.211494	0.137287	0.393500	0.175888	0.902342	-0.225826	0.969947	-0.090586	-0.891157	-0.168127	0.421394
64616	7.966307	-0.628441	5.324999	0.180434	0.194456	0.102508	0.394950	0.177245	0.901442	-0.227896	0.969445	-0.090768	-0.889987	-0.169586	0.423276
64617	8.042978	-0.566325	5.781031	0.264119	0.159446	0.105587	0.396031	0.178646	0.900691	-0.230854	0.968757	-0.090641	-0.888744	-0.172031	0.424899
64618	8.233740	-0.593106	6.347028	0.355804	0.119677	0.125319	0.396754	0.180103	0.900083	-0.234569	0.967899	-0.090275	-0.887448	-0.175315	0.426264
64619	8.321175	-0.534950	6.605446	0.470104	0.049392	0.165304	0.396700	0.181873	0.899751	-0.239518	0.966729	-0.089809	-0.886149	-0.179880	0.427063
64620	7.927573	-0.415792	6.735285	0.582133	0.021645	0.195084	0.396369	0.183832	0.899498	-0.245505	0.965292	-0.089095	-0.884657	-0.185517	0.427744
64621	7.335317	-0.121242	7.014638	0.663699	0.004013	0.182626	0.395883	0.185686	0.899332	-0.252223	0.963665	-0.087941	-0.882984	-0.192018	0.428333
64622	7.106800	0.573776	7.072284	0.735954	-0.043744	0.101149	0.395189	0.186608	0.899446	-0.259174	0.962019	-0.085717	-0.881280	-0.199239	0.428544
64623	7.448207	1.600022	7.210520	0.718086	-0.092747	-0.003407	0.394324	0.186458	0.899857	-0.265571	0.960542	-0.082657	-0.879762	-0.206382	0.428282
64624	7.997553	2.402348	7.535339	0.516413	-0.120622	-0.097255	0.393474	0.185305	0.900467	-0.269787	0.959625	-0.079591	-0.878859	-0.211617	0.427581
64625	8.506810	2.713548	8.016511	0.235827	-0.122961	-0.159045	0.392767	0.183587	0.901127	-0.271336	0.959384	-0.077191	-0.878698	-0.214190	0.426629
64626	8.835975	2.421519	8.357425	-0.055825	-0.093955	-0.147059	0.392290	0.182008	0.901655	-0.270327	0.959754	-0.076123	-0.879222	-0.213880	0.425704
64627	9.099564	1.515482	8.652401	-0.294595	-0.032991	-0.080439	0.392170	0.181229	0.901864	-0.267519	0.960497	-0.076682	-0.880134	-0.211193	0.425160
64628	9.104916	0.314090	8.195759	-0.399282	0.007232	-0.008202	0.392206	0.181198	0.901855	-0.264029	0.961329	-0.078325	-0.881172	-0.207396	0.424880
64629	8.602648	-0.297582	7.086678	-0.411103	-0.052411	0.046610	0.391574	0.181600	0.902048	-0.260682	0.962061	-0.080521	-0.882448	-0.203618	0.424058
64630	8.232694	-0.142029	5.852451	-0.361033	-0.215846	0.040858	0.389512	0.181590	0.902943	-0.257712	0.962699	-0.082436	-0.884231	-0.200589	0.421781
64631	8.297374	0.704365	5.131408	-0.295585	-0.320833	-0.027572	0.386704	0.180743	0.904318	-0.255072	0.963313	-0.083460	-0.886227	-0.198392	0.418620
64632	8.469637	1.463004	4.280072	-0.236288	-0.340650	-0.076061	0.383826	0.179370	0.905817	-0.252742	0.963900	-0.083777	-0.888144	-0.196782	0.415304
64633	8.664874	1.735770	3.487870	-0.364851	-0.340143	-0.049893	0.380888	0.178278	0.907271	-0.249390	0.964678	-0.084860	-0.890353	-0.193942	0.411895
64634	8.970305	1.049823	2.711715	-0.824946	-0.367768	0.039591	0.377460	0.177994	0.908758	-0.242239	0.966161	-0.088621	-0.893781	-0.186686	0.407805
64635	9.552988	0.144187	1.546060	-1.271254	-0.417585	0.077600	0.373500	0.178033	0.910386	-0.231209	0.968303	-0.094502	-0.898354	-0.175193	0.402824
64636	10.529556	-0.715778	0.925897	-1.387665	-0.409039	0.049280	0.369656	0.177855	0.911988	-0.218953	0.970543	-0.100527	-0.903003	-0.162522	0.397709
64637	10.662168	-1.764121	1.373020	-1.180092	-0.340684	0.055467	0.366420	0.177898	0.913284	-0.208542	0.972283	-0.105721	-0.906778	-0.151720	0.393363
64638	10.002788	-2.794092	2.368292	-0.857378	-0.345498	0.108121	0.363012	0.178475	0.914532	-0.201207	0.973343	-0.110086	-0.909801	-0.144048	0.389246
64639	9.827795	-3.347502	2.241430	-0.630149	-0.449551	0.151794	0.358577	0.179359	0.916107	-0.196077	0.973947	-0.113936	-0.912675	-0.138773	0.384403
64640	9.877034	-3.148586	1.473562	-0.419818	-0.543907	0.157189	0.353252	0.180181	0.918013	-0.192858	0.974226	-0.117002	-0.915434	-0.135715	0.378897
64641	9.969752	-2.380994	0.796602	-0.157186	-0.607238	0.145273	0.347368	0.180821	0.920130	-0.191999	0.974159	-0.118955	-0.917863	-0.135343	0.373109
64642	9.796913	-1.380170	0.288786	0.060386	-0.690072	0.148239	0.340692	0.181361	0.922517	-0.193123	0.973794	-0.120120	-0.920126	-0.137235	0.366789
64643	9.871949	-0.623483	0.151638	0.174224	-0.739686	0.120779	0.333604	0.181558	0.925065	-0.195206	0.973315	-0.120631	-0.922282	-0.140335	0.360143
64644	10.023280	-0.026940	0.061719	0.218102	-0.766448	0.086262	0.326309	0.181345	0.927705	-0.197562	0.972834	-0.120676	-0.924387	-0.143902	0.353271
64645	9.834924	0.442761	0.165825	0.195668	-0.797648	0.070510	0.318745	0.180910	0.930416	-0.199665	0.972405	-0.120672	-0.926572	-0.147308	0.346071
64646	9.771027	0.616500	0.381534	0.051800	-0.833518	0.061643	0.310839	0.180309	0.933203	-0.200398	0.972202	-0.121094	-0.929096	-0.149371	0.338332
64647	9.675110	0.300878	0.314870	-0.159259	-0.859432	0.072778	0.302653	0.179764	0.935995	-0.199191	0.972296	-0.122328	-0.932054	-0.149419	0.330075
64648	9.826652	-0.399476	0.735018	-0.305864	-0.887861	0.093747	0.294128	0.179391	0.938780	-0.196672	0.972567	-0.124228	-0.935312	-0.148093	0.321341
64649	9.994511	-1.270796	0.998564	-0.421435	-0.905610	0.115100	0.285376	0.179207	0.941512	-0.193102	0.972969	-0.126664	-0.938761	-0.145661	0.312267
64650	10.258175	-2.116736	1.122392	-0.429913	-0.931735	0.146447	0.276284	0.179323	0.944198	-0.189527	0.973312	-0.129394	-0.942203	-0.143202	0.302897
64651	10.715265	-2.811820	2.009583	-0.369366	-0.918932	0.184555	0.267220	0.179837	0.946706	-0.186589	0.973495	-0.132259	-0.945398	-0.141302	0.293693
64652	11.006437	-2.983241	2.810206	-0.225125	-0.862404	0.249972	0.258542	0.181091	0.948874	-0.185171	0.973347	-0.135308	-0.948086	-0.140721	0.285184
64653	9.870712	-2.277370	2.877002	-0.026323	-0.825186	0.320072	0.250072	0.183070	0.950762	-0.185782	0.972789	-0.138446	-0.950236	-0.142014	0.277279
64654	8.664833	-1.097194	2.915511	0.057720	-0.844900	0.336535	0.241358	0.185170	0.952606	-0.187214	0.972071	-0.141520	-0.952206	-0.144184	0.269284
64655	8.285908	-0.126591	2.630147	-0.026090	-0.877359	0.318580	0.232352	0.187026	0.954481	-0.187770	0.971503	-0.144652	-0.954335	-0.145613	0.260848
64656	8.199139	0.057204	2.345662	-0.194204	-0.861558	0.264098	0.223576	0.188374	0.956310	-0.186572	0.971275	-0.147703	-0.956663	-0.145397	0.252299
64657	8.300124	-0.454944	2.338906	-0.359516	-0.852575	0.218250	0.214960	0.189289	0.958103	-0.183652	0.971370	-0.150706	-0.959200	-0.143562	0.243569
64658	8.810039	-1.124683	2.267809	-0.433623	-0.827585	0.182767	0.206629	0.189924	0.959809	-0.179928	0.971625	-0.153527	-0.961733	-0.140973	0.234939
64659	9.225700	-1.823164	2.121578	-0.415571	-0.797157	0.169258	0.198607	0.190481	0.961391	-0.176312	0.971872	-0.156135	-0.964090	-0.138495	0.226605
64660	9.466834	-2.454304	2.316771	-0.301104	-0.761084	0.171528	0.190912	0.191136	0.962818	-0.173794	0.971945	-0.158487	-0.966099	-0.137075	0.218775
64661	9.594963	-2.601848	2.433049	-0.126666	-0.705245	0.201663	0.183700	0.192158	0.964017	-0.172991	0.971720	-0.160729	-0.967641	-0.137241	0.211747
64662	9.540912	-2.625591	2.571428	0.049915	-0.644798	0.216358	0.177032	0.193406	0.965015	-0.173918	0.971219	-0.162744	-0.968717	-0.139023	0.205574
64663	9.399641	-2.579054	2.900947	0.183973	-0.582723	0.223342	0.170949	0.194787	0.965834	-0.176139	0.970514	-0.164555	-0.969408	-0.141991	0.200218
64664	9.183504	-2.304876	3.315817	0.254375	-0.558029	0.232002	0.165076	0.196272	0.966554	-0.179049	0.969679	-0.166327	-0.969893	-0.145604	0.195213
64665	9.302379	-2.144215	3.464161	0.263627	-0.528887	0.216165	0.159511	0.197622	0.967213	-0.182009	0.968849	-0.167940	-0.970273	-0.149253	0.190511
64666	9.084132	-2.114451	3.618663	0.220479	-0.478455	0.190414	0.154468	0.198781	0.967794	-0.184500	0.968123	-0.169401	-0.970618	-0.152391	0.186220
64667	8.892006	-2.290752	3.795311	0.171669	-0.417372	0.144471	0.150104	0.199575	0.968317	-0.186443	0.967555	-0.170517	-0.970931	-0.154940	0.182444
64668	8.986482	-2.529590	3.923543	0.148678	-0.374313	0.102459	0.146227	0.200018	0.968819	-0.188091	0.967102	-0.171274	-0.971205	-0.157181	0.179038
64669	9.290006	-2.632476	3.836286	0.138877	-0.326052	0.076179	0.142871	0.200279	0.969266	-0.189610	0.966712	-0.171803	-0.971409	-0.159237	0.176090
64670	9.372570	-2.488017	3.737587	0.159135	-0.252099	0.061524	0.140254	0.200505	0.969601	-0.191295	0.966317	-0.172155	-0.971460	-0.161335	0.173886
64671	9.195011	-2.149416	3.418980	0.145635	-0.199969	0.045193	0.138180	0.200662	0.969867	-0.192838	0.965970	-0.172382	-0.971452	-0.163208	0.172173
64672	9.087327	-1.742747	2.763440	0.012776	-0.180666	0.018336	0.136339	0.200579	0.970144	-0.193040	0.965896	-0.172572	-0.971672	-0.163748	0.170409
64673	9.062662	-1.589328	2.115564	-0.190427	-0.203814	-0.006384	0.134326	0.200231	0.970497	-0.191248	0.966198	-0.172873	-0.972307	-0.162384	0.168079
64674	9.273370	-1.715858	1.504053	-0.402801	-0.238081	-0.059979	0.132073	0.199304	0.970997	-0.187301	0.966949	-0.172997	-0.973383	-0.159021	0.165037
