// General information: 
//  MT Manager version: 2022.2.0 
//  XDA version: 2022.2.0 build 7381 rev 124627 built on 2023-07-19
// Device information: 
//  DeviceId: 00B4CAF0
//  ProductCode: MTW2-3A7G6
//  Firmware Version: 4.6.0
//  Hardware Version: 2.0.0
// Device settings: 
//  Filter Profile: human(46.1)
//  Option Flags: Orientation Smoother Disabled, Position/Velocity Smoother Disabled, Continuous Zero Rotation Update Disabled, AHS Disabled, ICC Disabled
// Coordinate system: ENU
PacketCounter	Acc_X	Acc_Y	Acc_Z	Gyr_X	Gyr_Y	Gyr_Z	Mat[1][1]	Mat[2][1]	Mat[3][1]	Mat[1][2]	Mat[2][2]	Mat[3][2]	Mat[1][3]	Mat[2][3]	Mat[3][3]
56656	4.467267	-0.107316	9.301414	-0.013100	-0.007671	0.009148	0.902606	0.070198	0.424706	-0.078043	0.996949	0.001080	-0.423334	-0.034121	0.905331
56657	4.432353	-0.089430	9.273407	-0.004064	-0.002579	0.005123	0.902587	0.070244	0.424737	-0.078058	0.996948	0.001001	-0.423371	-0.034057	0.905316
56658	4.452735	-0.063372	9.265590	-0.004501	0.004788	0.003898	0.902601	0.070247	0.424709	-0.078029	0.996951	0.000933	-0.423348	-0.033981	0.905329
56659	4.439964	-0.046564	9.293198	-0.004050	0.009666	0.002563	0.902636	0.070276	0.424628	-0.078026	0.996951	0.000865	-0.423273	-0.033913	0.905367
56660	4.449886	0.033256	9.291492	-0.003492	0.017615	-0.002910	0.902709	0.070215	0.424484	-0.077939	0.996958	0.000835	-0.423134	-0.033838	0.905435
56661	4.455907	-0.006467	9.255396	-0.005591	0.023207	0.000837	0.902801	0.070197	0.424291	-0.077875	0.996963	0.000759	-0.422949	-0.033726	0.905526
56662	4.370737	-0.016321	9.312852	-0.008705	0.025797	0.002503	0.902904	0.070193	0.424072	-0.077815	0.996968	0.000659	-0.422740	-0.033594	0.905628
56663	4.393117	0.031390	9.315819	-0.009544	0.023699	0.001823	0.902997	0.070193	0.423875	-0.077752	0.996973	0.000540	-0.422554	-0.033444	0.905721
56664	4.370247	0.003560	9.324768	-0.012485	0.027194	0.004891	0.903104	0.070214	0.423643	-0.077697	0.996977	0.000395	-0.422335	-0.033273	0.905829
56665	4.350333	0.011873	9.311916	-0.009151	0.020920	0.003840	0.903185	0.070242	0.423465	-0.077666	0.996979	0.000276	-0.422166	-0.033138	0.905912
56666	4.294253	-0.011138	9.324113	-0.012847	0.013139	0.004641	0.903233	0.070255	0.423361	-0.077608	0.996984	0.000130	-0.422075	-0.032973	0.905961
56667	4.313776	-0.050211	9.401304	-0.007227	0.004597	0.007576	0.903240	0.070292	0.423339	-0.077592	0.996985	0.000009	-0.422062	-0.032856	0.905971
56668	4.327515	-0.018042	9.320805	-0.005754	-0.006778	0.003754	0.903205	0.070289	0.423415	-0.077555	0.996988	-0.000069	-0.422145	-0.032775	0.905936
56669	4.362307	-0.023602	9.316788	-0.005538	-0.010462	0.004365	0.903153	0.070308	0.423522	-0.077539	0.996989	-0.000158	-0.422258	-0.032697	0.905886
56670	4.359042	-0.046209	9.306614	-0.001735	-0.009437	0.008314	0.903103	0.070350	0.423623	-0.077561	0.996988	-0.000219	-0.422362	-0.032659	0.905839
56671	4.393815	-0.051202	9.302596	0.002659	-0.007469	-0.000333	0.903067	0.070333	0.423701	-0.077547	0.996989	-0.000215	-0.422440	-0.032663	0.905802
56672	4.384782	-0.080947	9.251339	-0.000067	-0.007660	0.003345	0.903028	0.070327	0.423785	-0.077532	0.996990	-0.000240	-0.422526	-0.032640	0.905763
56673	4.416874	-0.038505	9.325667	0.004843	-0.002981	-0.001093	0.903012	0.070296	0.423825	-0.077512	0.996991	-0.000213	-0.422565	-0.032659	0.905744
56674	4.433437	-0.033092	9.308001	0.009471	-0.002278	-0.002797	0.903001	0.070230	0.423860	-0.077481	0.996994	-0.000126	-0.422595	-0.032727	0.905728
56675	4.381895	-0.017682	9.297705	0.010314	-0.000180	-0.002115	0.902997	0.070184	0.423876	-0.077469	0.996995	-0.000044	-0.422605	-0.032797	0.905720
56676	4.401003	0.023968	9.258453	0.006529	0.001216	0.000271	0.902998	0.070150	0.423880	-0.077453	0.996996	0.000003	-0.422606	-0.032834	0.905718
56677	4.411500	-0.043213	9.284414	0.006204	0.001829	0.003799	0.902998	0.070195	0.423871	-0.077511	0.996992	0.000019	-0.422595	-0.032872	0.905722
56678	4.365222	-0.020461	9.315430	0.008432	0.001729	0.002246	0.903000	0.070181	0.423871	-0.077521	0.996991	0.000075	-0.422590	-0.032927	0.905723
56679	4.382618	-0.029196	9.329463	0.009773	0.004118	0.000803	0.903012	0.070191	0.423842	-0.077560	0.996988	0.000139	-0.422555	-0.032999	0.905736
56680	4.386538	-0.006416	9.339318	0.008432	0.001729	0.002246	0.903014	0.070176	0.423841	-0.077571	0.996987	0.000195	-0.422550	-0.033054	0.905737
56681	4.405749	0.034963	9.300006	0.006248	-0.002759	0.003008	0.902995	0.070183	0.423879	-0.077591	0.996985	0.000218	-0.422586	-0.033086	0.905719
56682	4.393338	-0.030630	9.270757	0.006593	-0.000950	0.005814	0.902983	0.070203	0.423903	-0.077625	0.996983	0.000242	-0.422606	-0.033124	0.905708
56683	4.350131	0.028361	9.279915	0.011222	-0.000248	0.004111	0.902972	0.070205	0.423925	-0.077657	0.996980	0.000304	-0.422623	-0.033195	0.905697
56684	4.377170	-0.034033	9.288245	0.006421	-0.001854	0.004411	0.902957	0.070211	0.423956	-0.077678	0.996978	0.000332	-0.422652	-0.033232	0.905683
56685	4.336367	-0.086819	9.303819	0.007978	-0.003150	0.003580	0.902935	0.070221	0.424002	-0.077706	0.996976	0.000366	-0.422694	-0.033278	0.905661
56686	4.357334	-0.059778	9.295770	0.002832	-0.006565	0.001074	0.902902	0.070192	0.424076	-0.077682	0.996978	0.000376	-0.422768	-0.033283	0.905627
56687	4.379633	-0.046862	9.319191	0.005343	-0.002692	-0.003216	0.902888	0.070163	0.424112	-0.077669	0.996979	0.000413	-0.422801	-0.033313	0.905610
56688	4.322807	-0.039718	9.267584	0.005731	-0.005472	-0.001200	0.902862	0.070112	0.424176	-0.077637	0.996982	0.000459	-0.422863	-0.033346	0.905580
56689	4.364419	-0.050418	9.336240	0.003547	-0.009959	-0.000437	0.902815	0.070072	0.424282	-0.077603	0.996984	0.000472	-0.422969	-0.033352	0.905530
56690	4.402292	-0.018750	9.310336	0.004434	-0.012448	-0.000546	0.902759	0.070025	0.424409	-0.077572	0.996987	0.000504	-0.423095	-0.033377	0.905470
56691	4.369435	-0.013437	9.313467	0.003202	-0.011768	-0.003242	0.902706	0.069960	0.424532	-0.077514	0.996991	0.000525	-0.423218	-0.033381	0.905413
56692	4.411682	0.040254	9.297172	0.003592	-0.014547	-0.001226	0.902641	0.069906	0.424679	-0.077473	0.996994	0.000552	-0.423364	-0.033399	0.905344
56693	4.392571	0.013681	9.304371	-0.001533	-0.015538	0.002604	0.902569	0.069916	0.424831	-0.077468	0.996995	0.000505	-0.423519	-0.033367	0.905272
56694	4.361327	0.004110	9.338873	-0.001186	-0.013729	0.005410	0.902502	0.069928	0.424970	-0.077466	0.996995	0.000460	-0.423661	-0.033336	0.905207
56695	4.354437	-0.040225	9.318749	0.000092	-0.018997	0.007317	0.902412	0.069996	0.425150	-0.077524	0.996990	0.000408	-0.423842	-0.033328	0.905123
56696	4.402224	-0.062462	9.286973	0.005218	-0.018006	0.003487	0.902329	0.069987	0.425328	-0.077532	0.996990	0.000430	-0.424018	-0.033365	0.905039
56697	4.450499	-0.000818	9.311603	0.009351	-0.017593	0.003907	0.902245	0.069990	0.425507	-0.077563	0.996987	0.000474	-0.424192	-0.033431	0.904955
56698	4.408121	-0.025242	9.263753	0.005673	-0.013128	0.002152	0.902183	0.069970	0.425640	-0.077561	0.996988	0.000505	-0.424323	-0.033469	0.904892
56699	4.381074	-0.012085	9.308000	0.004830	-0.015226	0.001474	0.902113	0.069960	0.425791	-0.077564	0.996987	0.000521	-0.424472	-0.033496	0.904821
56700	4.391962	-0.065408	9.301716	0.002153	-0.020001	0.004367	0.902020	0.069960	0.425987	-0.077567	0.996987	0.000512	-0.424668	-0.033504	0.904729
56701	4.414129	-0.038626	9.293035	0.002928	-0.015739	-0.000498	0.901950	0.069950	0.426136	-0.077567	0.996987	0.000520	-0.424816	-0.033523	0.904659
56702	4.456608	0.015067	9.276534	0.005155	-0.015841	-0.002053	0.901881	0.069887	0.426295	-0.077524	0.996990	0.000565	-0.424972	-0.033558	0.904584
56703	4.462814	-0.060275	9.260760	-0.000900	-0.009754	0.002677	0.901831	0.069865	0.426404	-0.077485	0.996993	0.000523	-0.425086	-0.033512	0.904533
56704	4.474718	0.019975	9.258054	0.004177	-0.004176	-0.000370	0.901809	0.069823	0.426457	-0.077454	0.996996	0.000552	-0.425137	-0.033528	0.904508
56705	4.474809	0.020312	9.258009	0.004479	0.002221	0.003221	0.901813	0.069884	0.426439	-0.077523	0.996990	0.000556	-0.425117	-0.033560	0.904516
56706	4.422696	0.034752	9.248076	0.000476	0.007302	0.004993	0.901836	0.069899	0.426388	-0.077524	0.996990	0.000529	-0.425067	-0.033532	0.904540
56707	4.402926	-0.006319	9.287779	-0.001750	0.007404	0.006549	0.901856	0.069940	0.426338	-0.077536	0.996989	0.000462	-0.425022	-0.033473	0.904564
56708	4.389514	-0.072672	9.259050	0.000651	0.008207	0.006396	0.901882	0.069969	0.426279	-0.077551	0.996988	0.000430	-0.424965	-0.033446	0.904592
56709	4.372304	-0.077872	9.277079	-0.009066	0.011747	0.002250	0.901925	0.069965	0.426189	-0.077490	0.996993	0.000318	-0.424885	-0.033312	0.904634
56710	4.359448	-0.061344	9.304735	-0.004820	0.005408	0.007426	0.901938	0.070004	0.426155	-0.077491	0.996993	0.000232	-0.424857	-0.033232	0.904650
56711	4.359025	-0.061978	9.304929	-0.006081	0.003663	-0.001603	0.901949	0.069962	0.426137	-0.077412	0.996999	0.000163	-0.424847	-0.033135	0.904659
56712	4.435168	-0.028234	9.317018	-0.005019	0.002078	-0.000309	0.901954	0.069923	0.426133	-0.077342	0.997005	0.000108	-0.424849	-0.033055	0.904661
56713	4.387616	0.007884	9.316605	-0.001731	0.000391	-0.000571	0.901950	0.069885	0.426147	-0.077284	0.997009	0.000072	-0.424868	-0.032999	0.904654
56714	4.402533	0.026393	9.267532	-0.002896	-0.001092	0.002278	0.901940	0.069870	0.426172	-0.077247	0.997012	0.000025	-0.424897	-0.032943	0.904642
56715	4.424507	0.038349	9.291083	-0.004949	-0.000085	0.005236	0.901930	0.069894	0.426190	-0.077232	0.997013	-0.000064	-0.424921	-0.032858	0.904634
56716	4.428027	-0.023769	9.244431	-0.004601	0.001724	0.008041	0.901927	0.069937	0.426189	-0.077240	0.997013	-0.000150	-0.424926	-0.032783	0.904634
56717	4.411402	-0.029307	9.262179	-0.007045	0.005510	0.008982	0.901938	0.070022	0.426150	-0.077273	0.997010	-0.000274	-0.424895	-0.032683	0.904652
56718	4.362101	-0.044316	9.315145	-0.009618	0.003803	0.007733	0.901944	0.070063	0.426131	-0.077257	0.997011	-0.000405	-0.424886	-0.032556	0.904661
56719	4.406233	-0.053718	9.252910	-0.011740	0.006974	0.005146	0.901964	0.070073	0.426087	-0.077196	0.997016	-0.000553	-0.424855	-0.032393	0.904682
56720	4.406970	-0.069324	9.284674	-0.013965	0.007076	0.006702	0.901985	0.070105	0.426038	-0.077151	0.997019	-0.000719	-0.424818	-0.032221	0.904705
56721	4.413112	-0.012669	9.273076	-0.012841	0.013148	0.004643	0.902030	0.070098	0.425943	-0.077067	0.997026	-0.000876	-0.424738	-0.032036	0.904750
56722	4.416087	0.007655	9.283390	-0.018527	0.014034	0.005059	0.902082	0.070116	0.425831	-0.076988	0.997031	-0.001076	-0.424642	-0.031813	0.904802
56723	4.409030	-0.066746	9.327494	-0.021985	0.014819	0.003919	0.902136	0.070118	0.425716	-0.076875	0.997040	-0.001312	-0.424548	-0.031543	0.904856
56724	4.400801	-0.062338	9.255440	-0.012595	0.011886	0.011595	0.902173	0.070200	0.425623	-0.076881	0.997039	-0.001486	-0.424467	-0.031381	0.904899
56725	4.415107	-0.026178	9.348059	-0.012513	0.012536	0.001119	0.902221	0.070175	0.425527	-0.076785	0.997046	-0.001623	-0.424384	-0.031210	0.904944
56726	4.401543	-0.093360	9.319264	-0.013315	0.005850	-0.000354	0.902242	0.070137	0.425489	-0.076680	0.997054	-0.001753	-0.424359	-0.031045	0.904962
56727	4.368591	-0.038722	9.270012	-0.000041	0.004588	0.000792	0.902257	0.070115	0.425460	-0.076646	0.997057	-0.001774	-0.424332	-0.031009	0.904975
56728	4.373771	-0.030938	9.311390	-0.001448	0.004367	-0.003307	0.902274	0.070047	0.425436	-0.076565	0.997063	-0.001784	-0.424311	-0.030964	0.904987
56729	4.407319	-0.036044	9.307907	-0.005404	0.004862	-0.002323	0.902292	0.070032	0.425399	-0.076519	0.997066	-0.001844	-0.424280	-0.030887	0.905004
56730	4.393546	-0.004616	9.303920	0.001341	0.002388	-0.001444	0.902299	0.069982	0.425392	-0.076466	0.997070	-0.001836	-0.424274	-0.030871	0.905007
56731	4.378466	0.040816	9.268462	-0.008300	0.003769	-0.000046	0.902311	0.069974	0.425369	-0.076412	0.997074	-0.001933	-0.424260	-0.030759	0.905018
56732	4.413335	0.020905	9.296451	-0.009185	0.006260	0.000066	0.902333	0.069940	0.425328	-0.076328	0.997081	-0.002027	-0.424228	-0.030635	0.905037
56733	4.352790	-0.074262	9.351489	-0.011303	-0.000394	0.006371	0.902321	0.069983	0.425345	-0.076306	0.997082	-0.002177	-0.424256	-0.030492	0.905029
56734	4.362421	-0.129074	9.345670	-0.012454	-0.008886	0.002089	0.902278	0.069964	0.425440	-0.076227	0.997088	-0.002310	-0.424363	-0.030346	0.904984
56735	4.349987	-0.098703	9.341056	-0.013148	-0.012499	-0.003526	0.902225	0.069911	0.425561	-0.076116	0.997096	-0.002430	-0.424495	-0.030200	0.904926
56736	4.376424	-0.051292	9.342201	-0.017367	-0.022986	-0.006935	0.902129	0.069798	0.425784	-0.075934	0.997110	-0.002568	-0.424733	-0.030015	0.904821
56737	4.323124	-0.060201	9.321068	-0.020912	-0.032277	-0.011063	0.901995	0.069659	0.426090	-0.075716	0.997126	-0.002731	-0.425056	-0.029798	0.904677
56738	4.314251	-0.044268	9.346910	-0.021602	-0.035887	-0.016674	0.901851	0.069446	0.426430	-0.075428	0.997147	-0.002867	-0.425413	-0.029580	0.904516
56739	4.274136	-0.135823	9.382469	-0.043446	-0.044248	-0.028572	0.901679	0.069125	0.426845	-0.074952	0.997182	-0.003157	-0.425861	-0.029146	0.904319
56740	4.259067	-0.263226	9.362864	-0.062408	-0.053926	-0.049071	0.901482	0.068583	0.427349	-0.074198	0.997237	-0.003523	-0.426410	-0.028533	0.904080
56741	3.708479	0.222344	9.721570	-0.052381	-0.072736	-0.052240	0.901203	0.068006	0.428029	-0.073454	0.997291	-0.003796	-0.427128	-0.028019	0.903757
56742	4.109341	0.347805	9.740046	-0.115933	-0.157223	-0.033974	0.900550	0.067587	0.429466	-0.072607	0.997350	-0.004709	-0.428646	-0.026942	0.903071
56743	4.107168	0.033560	9.632979	-0.111026	-0.202390	-0.029556	0.899697	0.067213	0.431310	-0.071826	0.997401	-0.005604	-0.430565	-0.025937	0.902187
56744	4.126548	0.283261	9.590768	-0.121001	-0.245888	-0.026757	0.898650	0.066847	0.433543	-0.071017	0.997453	-0.006590	-0.432880	-0.024867	0.901109
56745	3.978056	0.435690	9.835894	-0.133559	-0.297225	-0.016855	0.897364	0.066547	0.436244	-0.070212	0.997502	-0.007738	-0.435670	-0.023686	0.899795
56746	3.836290	0.419742	9.965079	-0.148513	-0.398595	0.005641	0.895612	0.066475	0.439842	-0.069567	0.997536	-0.009108	-0.439364	-0.022441	0.898029
56747	4.017744	0.042097	9.905620	-0.165006	-0.497492	0.010416	0.893401	0.066449	0.444319	-0.068898	0.997567	-0.010654	-0.443946	-0.021094	0.895805
56748	4.037490	-0.118097	9.914788	-0.167334	-0.581912	0.007638	0.890792	0.066369	0.449538	-0.068173	0.997599	-0.012195	-0.449268	-0.019783	0.893178
56749	4.195040	-0.452781	9.886027	-0.171844	-0.669569	-0.012880	0.887765	0.066075	0.455529	-0.067230	0.997644	-0.013688	-0.455360	-0.018473	0.890116
56750	4.691454	-1.120036	10.011320	-0.191742	-0.771511	-0.035357	0.884244	0.065549	0.462403	-0.065991	0.997704	-0.015238	-0.462340	-0.017040	0.886539
56751	4.710102	-0.994505	9.466593	-0.019504	-0.799319	-0.098752	0.880581	0.064417	0.469498	-0.065009	0.997772	-0.014969	-0.469416	-0.017341	0.882807
56752	4.438279	-0.266490	9.687670	0.044162	-0.860767	-0.130790	0.876587	0.062922	0.477113	-0.064023	0.997851	-0.013969	-0.476966	-0.018301	0.878731
56753	4.453755	-0.176684	9.575385	0.136306	-0.959560	-0.136580	0.872053	0.061364	0.485549	-0.063463	0.997910	-0.012135	-0.485279	-0.020232	0.874125
56754	4.574494	-0.007861	9.557808	0.214694	-1.040142	-0.136835	0.867040	0.059737	0.494644	-0.063279	0.997950	-0.009601	-0.494203	-0.022976	0.869043
56755	4.533927	-0.139107	9.700579	0.282016	-1.131744	-0.140360	0.861471	0.058001	0.504483	-0.063398	0.997967	-0.006476	-0.503833	-0.026404	0.863397
56756	4.524830	-0.523438	9.754858	0.419199	-1.245789	-0.193969	0.855247	0.055669	0.515222	-0.063821	0.997960	-0.001887	-0.514276	-0.031268	0.857055
56757	4.396575	-0.754122	9.683007	0.533166	-1.354935	-0.269089	0.848363	0.052456	0.526809	-0.064217	0.997928	0.004046	-0.525505	-0.037263	0.849974
56758	4.785868	-0.642723	9.446246	0.599263	-1.479214	-0.359914	0.840725	0.048227	0.539310	-0.064316	0.997869	0.011030	-0.537629	-0.043959	0.842035
56759	5.447879	-0.636725	9.113401	0.575052	-1.543167	-0.406177	0.832580	0.043378	0.552204	-0.063952	0.997790	0.018043	-0.550201	-0.050337	0.833514
56760	5.905922	-0.736720	9.081552	0.532752	-1.557281	-0.428533	0.824179	0.038234	0.565037	-0.063320	0.997684	0.024850	-0.562778	-0.056259	0.824691
56761	6.125037	-0.755764	9.109387	0.447730	-1.548064	-0.432525	0.815626	0.032962	0.577640	-0.062249	0.997580	0.030970	-0.575221	-0.061218	0.815704
56762	6.742966	-0.382194	9.381326	0.301211	-1.567955	-0.430692	0.806765	0.027641	0.590225	-0.060461	0.997524	0.035926	-0.587771	-0.064669	0.806439
56763	7.043007	-0.668524	8.861827	0.163785	-1.471990	-0.416406	0.798262	0.022501	0.601891	-0.058050	0.997524	0.039699	-0.599507	-0.066630	0.797591
56764	7.499484	-2.076976	8.943839	0.021280	-1.361992	-0.421265	0.790252	0.017350	0.612536	-0.054786	0.997596	0.042424	-0.610328	-0.067084	0.789303
56765	6.864623	-2.388030	9.233103	0.238851	-1.122378	-0.468964	0.783586	0.011885	0.621170	-0.052519	0.997505	0.047166	-0.619060	-0.069582	0.782255
56766	5.572749	-2.479045	9.534175	0.255662	-0.908747	-0.465169	0.778159	0.006563	0.628033	-0.050432	0.997370	0.052064	-0.626039	-0.072187	0.776443
56767	2.981381	-2.698184	9.781122	0.318084	-0.628645	-0.410356	0.774382	0.001992	0.632716	-0.049202	0.997157	0.057080	-0.630803	-0.075332	0.772278
56768	0.595179	-3.430502	10.027495	0.169917	-0.360207	-0.278274	0.772231	-0.001095	0.635341	-0.048078	0.997031	0.060155	-0.633520	-0.076999	0.769886
56769	-0.705675	-4.389709	10.606966	0.089090	-0.105201	-0.068545	0.771553	-0.001872	0.636162	-0.048066	0.996966	0.061230	-0.634347	-0.077820	0.769122
56770	-2.252919	-5.622446	10.710480	0.022003	0.278821	0.262347	0.773181	0.000923	0.634185	-0.050185	0.996952	0.059733	-0.632196	-0.078012	0.770871
56771	-2.735654	-6.399066	11.128649	0.005374	0.554842	0.689603	0.776282	0.008268	0.630332	-0.055563	0.996920	0.055352	-0.627932	-0.077992	0.774350
56772	-2.945263	-7.343348	11.289410	0.004097	0.869125	1.212714	0.780971	0.020996	0.624214	-0.064984	0.996742	0.047777	-0.621177	-0.077876	0.779791
56773	-2.446327	-6.827869	11.618006	0.084094	1.117858	1.722493	0.786615	0.039125	0.616203	-0.079052	0.996159	0.037664	-0.612363	-0.078339	0.786686
56774	1.390765	-4.069002	13.445235	0.053079	1.394031	2.167735	0.793165	0.061762	0.605866	-0.096451	0.995028	0.024836	-0.601320	-0.078136	0.795179
56775	2.675765	-2.859688	14.380704	-0.217518	1.994761	2.533943	0.802312	0.088596	0.590293	-0.115438	0.993284	0.007822	-0.585635	-0.074418	0.807151
56776	2.643907	-2.198874	14.034166	-0.323274	2.505047	2.678165	0.813375	0.116921	0.569869	-0.135169	0.990769	-0.010352	-0.565818	-0.068609	0.821671
56777	2.707445	-1.964527	13.206295	-0.288009	2.859436	2.636769	0.825393	0.145027	0.545613	-0.155281	0.987486	-0.027573	-0.542783	-0.061965	0.837584
56778	3.170006	-1.192160	12.482233	-0.121352	3.060338	2.442305	0.837585	0.170868	0.518898	-0.174902	0.983706	-0.041606	-0.517553	-0.055908	0.853823
56779	4.098611	1.493423	11.315221	0.324287	3.214874	2.132281	0.849824	0.193725	0.490174	-0.194648	0.979613	-0.049694	-0.489808	-0.053180	0.870207
56780	3.324195	3.649742	11.490348	0.035664	3.191552	1.671878	0.861645	0.211640	0.461277	-0.209082	0.976215	-0.057344	-0.462442	-0.047034	0.885401
56781	4.116898	3.366483	11.302660	-0.415686	2.900360	1.064497	0.872427	0.223381	0.434710	-0.216536	0.974044	-0.065955	-0.438159	-0.036590	0.898152
56782	4.723227	3.319219	10.766248	-0.509588	2.660827	0.349682	0.883032	0.227579	0.410441	-0.217386	0.973423	-0.072049	-0.415930	-0.025603	0.909036
56783	4.455307	2.818315	9.846361	-0.711124	2.355316	-0.404896	0.893453	0.224241	0.389176	-0.211016	0.974443	-0.077027	-0.396502	-0.013302	0.917937
56784	3.608154	0.710083	10.851338	-1.068803	2.045915	-1.097071	0.903639	0.213621	0.371218	-0.196963	0.976915	-0.082718	-0.380319	0.001631	0.924854
56785	3.283068	-3.034666	3.826080	0.068850	0.656415	-1.908898	0.909703	0.195061	0.366596	-0.180026	0.980788	-0.075135	-0.374208	0.002354	0.927342
56786	11.992579	4.126688	3.743744	0.717837	0.399194	-2.840158	0.915969	0.167099	0.364799	-0.156724	0.985932	-0.058098	-0.369375	-0.003957	0.929272
56787	10.257807	2.275394	7.679682	-0.877976	0.570811	-2.152898	0.921186	0.145953	0.360713	-0.133817	0.989275	-0.058544	-0.365389	0.005660	0.930838
56788	13.375947	0.488184	5.943891	-0.294420	0.232546	-2.169260	0.924706	0.124409	0.359780	-0.112678	0.992191	-0.053485	-0.363624	0.008919	0.931503
56789	11.608019	0.963161	6.640199	-0.375606	0.280379	-1.841078	0.927624	0.106195	0.358100	-0.094345	0.994260	-0.050457	-0.361403	0.013020	0.932319
56790	12.047932	-0.497646	6.487052	-0.618742	0.142857	-1.281861	0.929256	0.093384	0.357440	-0.080166	0.995442	-0.051655	-0.360634	0.019346	0.932507
56791	12.391612	-1.560324	6.223346	-0.569586	0.097399	-0.726104	0.930155	0.086219	0.356900	-0.071426	0.995959	-0.054451	-0.360153	0.025155	0.932554
56792	11.432529	-2.420222	5.366376	-0.383044	0.093560	-0.175940	0.930611	0.084407	0.356143	-0.068368	0.996007	-0.057411	-0.359567	0.029078	0.932666
56793	9.926429	-2.392584	4.355665	-0.001665	-0.013895	0.245927	0.930386	0.086941	0.356123	-0.070707	0.995787	-0.058379	-0.359698	0.029134	0.932614
56794	9.116046	-0.929281	4.423933	0.254855	-0.230641	0.626235	0.929087	0.093205	0.357925	-0.077405	0.995296	-0.058253	-0.361671	0.026417	0.931932
56795	9.020964	0.020237	4.964285	0.337909	-0.430963	0.957438	0.926724	0.102912	0.361376	-0.087569	0.994432	-0.058627	-0.365397	0.022685	0.930575
56796	8.526216	0.312662	5.490027	0.393697	-0.587464	1.193632	0.923440	0.114860	0.366150	-0.100017	0.993216	-0.059323	-0.370480	0.018160	0.928663
56797	8.077066	0.085847	5.708161	0.506288	-0.715746	1.345595	0.919315	0.128387	0.371990	-0.114346	0.991648	-0.059665	-0.376543	0.012315	0.926317
56798	8.150037	0.263824	6.678202	0.595266	-0.813489	1.414216	0.914498	0.142436	0.378689	-0.129532	0.989790	-0.059481	-0.383295	0.005343	0.923611
56799	9.761348	-1.376467	8.312694	0.758894	-0.791188	1.368845	0.909552	0.156032	0.385188	-0.144978	0.987747	-0.057776	-0.389483	-0.003294	0.921028
56800	9.935731	0.539284	9.118564	1.750413	-0.357055	0.953073	0.906703	0.165359	0.388002	-0.160413	0.986007	-0.045356	-0.390072	-0.021116	0.920542
56801	5.380963	4.324727	7.980468	2.235132	0.122972	0.477216	0.906372	0.170141	0.386706	-0.173423	0.984486	-0.026676	-0.385245	-0.042886	0.921817
56802	0.424056	5.189557	7.503307	1.669550	-0.099093	0.448819	0.905190	0.174470	0.387546	-0.183860	0.982866	-0.013037	-0.383180	-0.059454	0.921758
56803	-1.745691	7.943954	11.387407	1.321203	-0.428039	0.072609	0.903403	0.174919	0.391493	-0.189591	0.981863	-0.001201	-0.384602	-0.073139	0.920180
56804	5.061750	10.266618	12.049775	0.791482	-0.746909	-0.035282	0.900578	0.173957	0.398368	-0.192294	0.981318	0.006197	-0.389848	-0.082185	0.917205
56805	6.270168	10.530517	10.250394	0.622005	-0.463072	-0.393434	0.899518	0.169687	0.402584	-0.191163	0.981466	0.013445	-0.392841	-0.089053	0.915284
56806	3.200629	1.582904	8.851724	-1.083064	-0.380647	0.360447	0.897325	0.172869	0.406108	-0.190074	0.981768	0.002069	-0.398346	-0.079047	0.913823
56807	4.850254	-8.583974	8.537682	-1.152314	-0.616765	0.858947	0.893199	0.180806	0.411709	-0.193083	0.981109	-0.011970	-0.406096	-0.068803	0.911237
56808	5.205948	-4.283410	8.443385	1.492034	-0.301604	-0.418587	0.892788	0.176434	0.414489	-0.195360	0.980726	0.003334	-0.405911	-0.083951	0.910048
56809	5.499080	4.764623	11.379833	1.383507	-0.327868	-0.598912	0.892624	0.170248	0.417417	-0.195605	0.980510	0.018380	-0.406153	-0.098055	0.908529
56810	7.012284	6.416884	13.166236	-0.044120	-0.355928	-0.033605	0.891239	0.169533	0.420656	-0.195082	0.980620	0.018108	-0.409434	-0.098201	0.907039
56811	6.459341	1.739138	8.228068	-0.709033	0.103033	0.191052	0.891289	0.171467	0.419765	-0.193835	0.980974	0.010860	-0.409916	-0.091045	0.907568
56812	4.851276	-0.380204	11.321336	-0.460980	-0.126062	0.144138	0.890492	0.172734	0.420935	-0.193182	0.981144	0.006059	-0.411952	-0.086713	0.907070
56813	4.537658	0.451861	8.982737	0.157712	0.097224	0.048857	0.890798	0.173256	0.420074	-0.194217	0.980932	0.007274	-0.410803	-0.088066	0.907461
56814	4.734231	0.301558	9.428217	-0.152592	-0.035353	0.072666	0.890511	0.173903	0.420414	-0.194194	0.980947	0.005572	-0.411434	-0.086604	0.907315
56815	4.808391	-0.016619	9.328299	0.008279	-0.012595	0.038446	0.890385	0.174226	0.420548	-0.194521	0.980883	0.005477	-0.411554	-0.086681	0.907254
56816	4.517966	0.575513	9.349268	0.001541	-0.000790	0.040895	0.890302	0.174590	0.420571	-0.194848	0.980819	0.005306	-0.411578	-0.086672	0.907244
56817	4.532429	0.355323	9.339963	-0.008858	-0.004879	0.052959	0.890179	0.175061	0.420637	-0.195232	0.980744	0.004995	-0.411663	-0.086568	0.907215
56818	4.335734	0.085652	9.125665	-0.010727	0.005384	0.059484	0.890085	0.175613	0.420605	-0.195674	0.980658	0.004635	-0.411656	-0.086427	0.907232
56819	4.084843	-0.209846	9.364210	-0.078449	-0.005754	0.063772	0.889937	0.176188	0.420678	-0.195866	0.980624	0.003647	-0.411885	-0.085642	0.907203
56820	4.315903	-0.868137	9.246441	-0.086799	-0.000896	0.039758	0.889855	0.176542	0.420702	-0.195819	0.980636	0.002680	-0.412083	-0.084767	0.907195
56821	4.315428	-0.566244	9.143939	-0.087700	0.022376	0.017438	0.889914	0.176689	0.420518	-0.195563	0.980689	0.001802	-0.412079	-0.083841	0.907283
56822	4.315298	-0.370175	9.169226	-0.141839	0.044567	0.008723	0.890080	0.176776	0.420128	-0.195013	0.980800	0.000466	-0.411979	-0.082345	0.907465
56823	4.372598	-0.099751	9.227061	-0.188421	0.067604	0.009035	0.890341	0.176878	0.419532	-0.194269	0.980947	-0.001293	-0.411768	-0.080351	0.907740
56824	4.455700	-0.100413	9.182930	-0.223287	0.086322	0.014577	0.890668	0.177054	0.418763	-0.193437	0.981107	-0.003394	-0.411452	-0.077981	0.908089
56825	4.199446	0.094828	9.379792	-0.208617	0.090221	0.016116	0.891008	0.177241	0.417961	-0.192674	0.981248	-0.005367	-0.411074	-0.075748	0.908449
56826	3.891316	-0.065643	9.620324	-0.186302	0.040577	0.040906	0.891096	0.177637	0.417604	-0.192230	0.981323	-0.007243	-0.411092	-0.073822	0.908600
56827	4.382614	0.090655	9.435924	-0.101109	0.019634	0.042863	0.891094	0.178032	0.417441	-0.192148	0.981330	-0.008352	-0.411134	-0.072768	0.908666
56828	4.321952	0.117778	9.451243	-0.109987	-0.003513	0.061305	0.890961	0.178596	0.417482	-0.192199	0.981309	-0.009619	-0.411397	-0.071669	0.908634
56829	4.451932	-0.162419	9.475828	-0.100455	-0.021050	0.061497	0.890756	0.179143	0.417685	-0.192284	0.981280	-0.010799	-0.411801	-0.070695	0.908528
56830	4.333597	-0.225362	9.489727	-0.081018	-0.014611	0.053302	0.890594	0.179620	0.417827	-0.192382	0.981249	-0.011770	-0.412107	-0.069900	0.908450
56831	4.376444	-0.313688	9.383042	-0.068475	-0.028354	0.046827	0.890386	0.180019	0.418097	-0.192468	0.981222	-0.012599	-0.412514	-0.069253	0.908315
56832	4.316454	-0.332956	9.320549	-0.066846	-0.026813	0.041726	0.890195	0.180375	0.418350	-0.192521	0.981201	-0.013393	-0.412902	-0.068619	0.908187
56833	4.255890	-0.259731	9.369338	-0.064558	-0.036824	0.032932	0.889979	0.180633	0.418698	-0.192499	0.981195	-0.014128	-0.413377	-0.068026	0.908015
56834	4.223507	-0.204444	9.373750	-0.075675	-0.049843	0.032790	0.889710	0.180885	0.419161	-0.192435	0.981196	-0.014965	-0.413986	-0.067347	0.907788
56835	4.242343	-0.157017	9.356987	-0.087808	-0.061253	0.031284	0.889396	0.181112	0.419731	-0.192302	0.981207	-0.015904	-0.414723	-0.066570	0.907509
56836	4.258112	-0.330012	9.343688	-0.094493	-0.078466	0.028730	0.889015	0.181306	0.420453	-0.192122	0.981226	-0.016895	-0.415623	-0.065759	0.907157
56837	4.329018	-0.185133	9.384733	-0.080720	-0.081857	0.022921	0.888630	0.181439	0.421210	-0.191943	0.981246	-0.017735	-0.416528	-0.065088	0.906790
56838	4.359984	-0.301186	9.356202	-0.094865	-0.091328	0.028055	0.888195	0.181620	0.422048	-0.191753	0.981265	-0.018725	-0.417541	-0.064297	0.906380
56839	4.298160	-0.368323	9.346215	-0.070242	-0.086314	0.021640	0.887792	0.181738	0.422844	-0.191605	0.981279	-0.019465	-0.418465	-0.063738	0.905993
56840	4.396499	-0.381603	9.358477	-0.045040	-0.103139	0.017195	0.887327	0.181806	0.423790	-0.191525	0.981285	-0.019958	-0.419487	-0.063458	0.905541
56841	4.496735	-0.196073	9.227092	-0.012853	-0.084187	0.009641	0.886954	0.181809	0.424568	-0.191511	0.981284	-0.020127	-0.420281	-0.063458	0.905172
56842	4.500300	-0.287882	9.242765	-0.035137	-0.079148	0.008878	0.886604	0.181811	0.425298	-0.191398	0.981298	-0.020495	-0.421070	-0.063231	0.904821
56843	4.483793	-0.210499	9.328283	-0.024623	-0.064328	0.005458	0.886322	0.181786	0.425897	-0.191296	0.981313	-0.020753	-0.421711	-0.063079	0.904534
56844	4.386529	-0.262729	9.323106	-0.031292	-0.065182	0.005157	0.886036	0.181760	0.426501	-0.191167	0.981331	-0.021069	-0.422368	-0.062864	0.904242
56845	4.186449	-0.195995	9.571907	-0.040425	-0.066701	0.005008	0.885744	0.181729	0.427121	-0.190994	0.981356	-0.021468	-0.423059	-0.062562	0.903940
56846	3.865904	0.096447	9.763016	-0.058747	-0.145400	0.001416	0.885125	0.181617	0.428450	-0.190714	0.981399	-0.022017	-0.424479	-0.062224	0.903297
56847	4.223046	-0.084620	9.518115	-0.100555	-0.183308	0.007547	0.884330	0.181540	0.430121	-0.190307	0.981456	-0.022969	-0.426314	-0.061543	0.902479
56848	4.289898	0.083619	9.508419	-0.094399	-0.220489	0.017903	0.883353	0.181545	0.432121	-0.190018	0.981489	-0.023909	-0.428463	-0.060991	0.901499
56849	4.344622	-0.054198	9.445938	-0.128964	-0.254215	0.034616	0.882194	0.181693	0.434420	-0.189723	0.981513	-0.025232	-0.430974	-0.060160	0.900357
56850	4.408529	-0.159576	9.358700	-0.137536	-0.280660	0.043249	0.880899	0.181914	0.436950	-0.189466	0.981525	-0.026669	-0.433729	-0.059294	0.899091
56851	4.467363	-0.314295	9.324689	-0.151318	-0.295365	0.044432	0.879528	0.182138	0.439609	-0.189152	0.981542	-0.028234	-0.436637	-0.058320	0.897745
56852	4.634504	-0.515807	9.381504	-0.172929	-0.310922	0.039024	0.878092	0.182306	0.442402	-0.188693	0.981579	-0.029968	-0.439716	-0.057163	0.896316
56853	4.749233	-0.735330	9.055368	-0.175351	-0.298442	0.031689	0.876714	0.182411	0.445083	-0.188151	0.981629	-0.031690	-0.442687	-0.055960	0.894929
56854	4.629610	-0.643356	9.220556	-0.193432	-0.270436	0.014764	0.875485	0.182371	0.447512	-0.187378	0.981717	-0.033497	-0.445439	-0.054528	0.893650
56855	4.638020	-0.506272	9.310830	-0.192014	-0.268354	-0.000897	0.874286	0.182181	0.449926	-0.186466	0.981830	-0.035218	-0.448167	-0.053105	0.892371
56856	4.672421	-0.544288	9.269951	-0.218283	-0.273949	-0.010066	0.873072	0.181904	0.452389	-0.185353	0.981970	-0.037130	-0.450986	-0.051434	0.891048
56857	4.497316	-0.456656	9.551359	-0.213448	-0.272097	-0.020925	0.871879	0.181524	0.454837	-0.184160	0.982124	-0.038947	-0.453776	-0.049806	0.889723
56858	4.482920	-0.277006	9.492802	-0.219194	-0.324703	-0.023259	0.870442	0.181102	0.457748	-0.182915	0.982282	-0.040800	-0.457027	-0.048215	0.888145
56859	4.583446	-0.065355	9.273923	-0.192687	-0.358888	-0.006496	0.868805	0.180832	0.460953	-0.181930	0.982393	-0.042491	-0.460520	-0.046945	0.886407
56860	4.515853	0.195844	9.268708	-0.181206	-0.422060	0.030210	0.866797	0.180897	0.464692	-0.181310	0.982430	-0.044245	-0.464532	-0.045902	0.884366
56861	4.684399	0.027916	9.045231	-0.152396	-0.482935	0.073450	0.864408	0.181362	0.468942	-0.181188	0.982375	-0.045943	-0.469009	-0.045253	0.882033
56862	4.759492	-0.179307	8.860368	-0.104194	-0.502057	0.099985	0.861859	0.182082	0.473334	-0.181516	0.982248	-0.047342	-0.473551	-0.045116	0.879610
56863	4.774020	-0.396153	8.879663	-0.087863	-0.502160	0.110777	0.859267	0.182905	0.477709	-0.182004	0.982094	-0.048648	-0.478053	-0.045143	0.877170
56864	4.879870	-0.842837	8.847118	-0.046640	-0.511435	0.095883	0.856635	0.183579	0.482157	-0.182558	0.981947	-0.049526	-0.482545	-0.045596	0.874684
56865	4.855355	-1.091642	9.116311	-0.041412	-0.483756	0.070099	0.854160	0.184008	0.486366	-0.182910	0.981845	-0.050235	-0.486780	-0.046052	0.872310
56866	4.834062	-1.196345	9.184325	-0.016730	-0.486945	0.021868	0.851738	0.183962	0.490612	-0.182971	0.981821	-0.050497	-0.490983	-0.046758	0.869914
56867	4.751768	-1.188324	9.248466	0.020536	-0.484403	-0.021269	0.849386	0.183488	0.494848	-0.182846	0.981858	-0.050223	-0.495086	-0.047823	0.867527
56868	4.521504	-0.871398	9.516073	0.069489	-0.520014	-0.063479	0.846915	0.182577	0.499400	-0.182609	0.981948	-0.049313	-0.499388	-0.049431	0.864967
56869	4.236402	-0.625010	9.754510	0.110248	-0.600322	-0.099375	0.844081	0.181266	0.504648	-0.182280	0.982081	-0.047873	-0.504283	-0.051579	0.861997
56870	3.560841	-0.554635	10.306148	0.120236	-0.740008	-0.135949	0.840573	0.179505	0.511093	-0.181700	0.982270	-0.046156	-0.510316	-0.054068	0.858286
56871	3.181730	-0.352762	10.589111	0.197978	-0.980728	-0.177560	0.835849	0.177183	0.519580	-0.181191	0.982483	-0.043557	-0.518196	-0.057736	0.853311
56872	3.061123	-0.047960	10.775736	0.241270	-1.286479	-0.197321	0.829471	0.174436	0.530613	-0.180766	0.982693	-0.040477	-0.528490	-0.062342	0.846647
56873	3.190686	0.344620	10.816795	0.182862	-1.632408	-0.180763	0.821061	0.171579	0.544445	-0.180217	0.982894	-0.037975	-0.541647	-0.066938	0.837937
56874	2.983042	0.416511	10.722175	0.099785	-1.959553	-0.147088	0.810553	0.168744	0.560829	-0.179521	0.983083	-0.036337	-0.557473	-0.071228	0.827134
56875	3.125723	-0.087170	10.500304	0.058616	-2.418100	-0.132813	0.797075	0.165637	0.580720	-0.178753	0.983268	-0.035105	-0.576817	-0.075824	0.813346
56876	2.622989	-0.830085	10.611543	0.274744	-2.914687	-0.180972	0.780254	0.161503	0.604252	-0.178896	0.983353	-0.031825	-0.599333	-0.083267	0.796157
56877	3.385051	-1.094361	10.853645	0.444609	-3.436055	-0.234713	0.759637	0.156148	0.631324	-0.179784	0.983339	-0.026889	-0.625004	-0.093076	0.775053
56878	3.912739	-2.096651	10.482797	0.632731	-3.955008	-0.323555	0.734933	0.149006	0.661567	-0.181366	0.983213	-0.019972	-0.653437	-0.105307	0.749620
56879	5.164566	-1.971538	10.204928	0.836995	-4.364780	-0.437876	0.706553	0.139781	0.693718	-0.183788	0.982906	-0.010862	-0.683377	-0.119823	0.720165
56880	7.121655	-0.971060	10.165442	0.992099	-4.707129	-0.491044	0.674563	0.128899	0.726877	-0.187285	0.982305	-0.000389	-0.714065	-0.135871	0.686768
56881	8.467030	-0.296408	10.108283	0.920385	-4.894287	-0.439330	0.639695	0.117566	0.759584	-0.191104	0.981528	0.009023	-0.744493	-0.150931	0.650346
56882	12.490999	-0.794199	11.910095	0.462152	-4.971905	-0.376368	0.602641	0.106079	0.790930	-0.192232	0.981237	0.014867	-0.774513	-0.161001	0.611726
56883	14.979855	-2.359059	12.889740	0.496649	-4.536491	-0.376869	0.567650	0.094866	0.817786	-0.193934	0.980793	0.020840	-0.800102	-0.170426	0.575145
56884	13.586836	-3.307143	12.200980	0.701773	-4.067236	-0.452418	0.535553	0.083247	0.840389	-0.197085	0.979972	0.028521	-0.821183	-0.180902	0.541233
56885	10.899029	-3.525363	10.901794	1.079848	-3.771785	-0.608016	0.505468	0.070231	0.859982	-0.202893	0.978410	0.039351	-0.838651	-0.194375	0.508805
56886	9.167516	-3.266346	10.353768	1.234993	-3.683047	-0.724684	0.475779	0.055686	0.877800	-0.209750	0.976385	0.051747	-0.854189	-0.208738	0.476224
56887	7.883113	-2.511650	10.047003	1.343443	-3.634495	-0.802500	0.446203	0.040036	0.894036	-0.217649	0.973859	0.065016	-0.868062	-0.223596	0.443253
56888	7.712898	-1.552924	10.158389	1.219500	-3.604467	-0.842841	0.416536	0.023505	0.908815	-0.224638	0.971329	0.077836	-0.880929	-0.236576	0.409874
56889	7.621033	-0.878489	10.104957	0.962333	-3.522444	-0.834072	0.387206	0.006950	0.921967	-0.229867	0.969122	0.089234	-0.892879	-0.246482	0.376848
56890	4.054219	-3.009001	7.490137	0.683263	-3.279943	-0.893254	0.359801	-0.009930	0.932976	-0.232629	0.967410	0.100010	-0.903563	-0.253021	0.345765
56891	-1.440712	-5.205223	5.427916	1.004850	-2.622105	-0.994732	0.338389	-0.026237	0.940641	-0.238334	0.964629	0.112645	-0.910324	-0.262304	0.320166
56892	-2.404185	-3.438611	7.901450	1.250774	-1.980357	-0.911776	0.322530	-0.040361	0.945698	-0.246691	0.960980	0.125147	-0.913848	-0.273659	0.299988
56893	24.581366	0.976987	20.534583	-0.447788	-0.121262	-0.345530	0.322302	-0.043933	0.945617	-0.241567	0.962033	0.127031	-0.915296	-0.269372	0.299453
56894	8.542607	-5.600778	17.828225	-0.317914	2.127611	0.097259	0.341470	-0.037327	0.939151	-0.238951	0.962932	0.125153	-0.909011	-0.267148	0.319893
56895	2.233295	-6.539561	10.661728	-0.025294	3.146224	0.214133	0.369432	-0.026728	0.928873	-0.239605	0.963047	0.123007	-0.897836	-0.268005	0.349377
56896	-4.489505	-6.360848	6.515728	-0.100220	3.301544	0.302560	0.398141	-0.015007	0.917201	-0.239833	0.963385	0.119869	-0.885417	-0.267700	0.379964
56897	-4.048052	-4.907085	5.704635	0.002460	3.175367	0.372025	0.425206	-0.002756	0.905093	-0.241538	0.963384	0.116406	-0.872273	-0.268110	0.408971
56898	-3.473293	-2.941474	6.012832	-0.063231	2.904458	0.396193	0.449395	0.008802	0.893290	-0.242682	0.963550	0.112594	-0.859738	-0.267385	0.435151
56899	-1.211312	-1.994786	5.921984	-0.391702	2.662597	0.439780	0.471122	0.020296	0.881834	-0.241533	0.964493	0.106841	-0.848355	-0.263327	0.459296
56900	-0.948904	-1.089863	6.043324	-0.633323	2.542720	0.433161	0.491514	0.031050	0.870316	-0.238237	0.966037	0.100081	-0.837649	-0.256533	0.482218
56901	0.382679	-0.896740	7.256044	-1.092276	2.346973	0.441907	0.510076	0.041421	0.859131	-0.231537	0.968582	0.090768	-0.828380	-0.245219	0.503641
56902	3.752168	-1.346335	8.679229	-1.405191	2.337390	0.433644	0.528346	0.051152	0.847487	-0.222168	0.971733	0.079855	-0.819446	-0.230476	0.524776
56903	5.967091	-1.867316	9.382050	-1.482202	2.610685	0.447907	0.548669	0.061550	0.833771	-0.212715	0.974744	0.068022	-0.808526	-0.214677	0.547905
56904	6.762080	-2.104853	9.425782	-1.423570	2.989739	0.456517	0.571682	0.072151	0.817297	-0.203817	0.977390	0.056282	-0.794757	-0.198754	0.573462
56905	7.071089	-2.008454	9.070036	-1.331644	3.333115	0.473871	0.596984	0.083404	0.797906	-0.196331	0.979527	0.044503	-0.777859	-0.183221	0.601137
56906	6.736879	-1.788950	8.589366	-1.234568	3.563912	0.484430	0.623424	0.094376	0.776167	-0.189759	0.981273	0.033100	-0.758508	-0.167920	0.629658
56907	6.518140	-1.807176	8.175337	-1.146632	3.610311	0.494110	0.649540	0.105294	0.753002	-0.184554	0.982581	0.021800	-0.737589	-0.153129	0.657657
56908	6.459132	-1.698909	8.232982	-1.077994	3.544660	0.511995	0.674368	0.115463	0.729312	-0.180063	0.983596	0.010777	-0.716104	-0.138590	0.684096
56909	6.590294	-1.465490	8.596441	-0.983045	3.467508	0.547262	0.697862	0.125699	0.705116	-0.177124	0.984189	-0.000146	-0.693985	-0.124791	0.709092
56910	6.964650	-0.635344	9.190103	-0.903000	3.460768	0.599311	0.720424	0.135651	0.680138	-0.175167	0.984479	-0.010808	-0.671048	-0.111351	0.733004
56911	7.307428	0.407036	9.723920	-0.929293	3.505965	0.654787	0.742400	0.146048	0.653844	-0.174074	0.984481	-0.022251	-0.646947	-0.097298	0.756302
56912	6.914546	1.181235	9.756561	-1.029489	3.562557	0.708901	0.763771	0.156183	0.626308	-0.172837	0.984339	-0.034694	-0.621918	-0.081751	0.778804
56913	6.699179	1.307083	9.547696	-1.176028	3.517482	0.757361	0.783903	0.166501	0.598142	-0.171773	0.983929	-0.048770	-0.596649	-0.064514	0.799905
56914	6.108110	1.136985	9.352913	-1.223367	3.410050	0.775897	0.802494	0.175995	0.570114	-0.170737	0.983287	-0.063212	-0.571710	-0.046613	0.819130
56915	6.573555	0.387690	9.651843	-1.174733	3.221782	0.771275	0.819203	0.185082	0.542817	-0.170654	0.982288	-0.077381	-0.547524	-0.029243	0.836279
56916	6.862281	0.213532	9.898067	-0.975047	3.070436	0.767960	0.834335	0.193250	0.516275	-0.171737	0.981052	-0.089686	-0.523824	-0.013835	0.851714
56917	7.272512	0.202291	10.593055	-0.738663	2.930530	0.758618	0.848018	0.201178	0.490299	-0.174567	0.979554	-0.099998	-0.500392	-0.000790	0.865798
56918	8.348911	0.524821	11.466261	-0.535795	2.819005	0.704708	0.860555	0.207912	0.464993	-0.177926	0.978094	-0.108049	-0.477271	0.010247	0.878696
56919	9.312968	1.054329	11.777077	-0.353702	2.828831	0.640179	0.872548	0.214010	0.439158	-0.182052	0.976633	-0.114219	-0.453340	0.019712	0.891120
56920	9.843659	1.555766	11.741208	-0.293156	2.827233	0.567772	0.883978	0.218836	0.413152	-0.185703	0.975339	-0.119281	-0.429066	0.028718	0.902816
56921	10.100690	1.876410	11.419964	-0.278484	2.794404	0.475754	0.894714	0.222790	0.387106	-0.188982	0.974139	-0.123852	-0.404688	0.037656	0.913679
56922	10.471008	1.513012	10.426583	-0.269909	2.691944	0.353961	0.904617	0.225075	0.361951	-0.191065	0.973239	-0.127673	-0.381000	0.046339	0.923413
