// General information: 
//  MT Manager version: 2022.2.0 
//  XDA version: 2022.2.0 build 7381 rev 124627 built on 2023-07-19
// Device information: 
//  DeviceId: 00B4CAF0
//  ProductCode: MTW2-3A7G6
//  Firmware Version: 4.6.0
//  Hardware Version: 2.0.0
// Device settings: 
//  Filter Profile: human(46.1)
//  Option Flags: Orientation Smoother Disabled, Position/Velocity Smoother Disabled, Continuous Zero Rotation Update Disabled, AHS Disabled, ICC Disabled
// Coordinate system: ENU
PacketCounter	Acc_X	Acc_Y	Acc_Z	Gyr_X	Gyr_Y	Gyr_Z	Mat[1][1]	Mat[2][1]	Mat[3][1]	Mat[1][2]	Mat[2][2]	Mat[3][2]	Mat[1][3]	Mat[2][3]	Mat[3][3]
21248	4.435393	-0.278341	9.252984	-0.004954	0.011646	-0.002864	-0.586568	-0.685700	0.430991	0.751967	-0.658740	-0.024635	0.300804	0.309641	0.902020
21249	4.490717	-0.294342	9.265026	-0.005551	0.015521	-0.002696	-0.586658	-0.685699	0.430871	0.751903	-0.658812	-0.024687	0.300790	0.309490	0.902076
21250	4.445616	-0.291640	9.224951	0.004120	0.015525	0.000917	-0.586712	-0.685726	0.430754	0.751893	-0.658823	-0.024670	0.300707	0.309407	0.902132
21251	4.359881	-0.227793	9.261939	0.007228	0.006355	-0.001862	-0.586768	-0.685702	0.430715	0.751872	-0.658850	-0.024610	0.300652	0.309403	0.902152
21252	4.339681	-0.246667	9.282182	0.006997	-0.002863	-0.001510	-0.586803	-0.685640	0.430766	0.751841	-0.658887	-0.024554	0.300661	0.309459	0.902130
21253	4.426551	-0.231678	9.292945	0.000471	-0.014079	0.001767	-0.586770	-0.685577	0.430911	0.751821	-0.658910	-0.024570	0.300776	0.309551	0.902060
21254	4.501890	-0.304217	9.295839	-0.005621	-0.011433	0.001265	-0.586745	-0.685521	0.431036	0.751782	-0.658952	-0.024641	0.300924	0.309587	0.901998
21255	4.468831	-0.291093	9.274323	0.000364	-0.013092	0.000182	-0.586726	-0.685450	0.431173	0.751752	-0.658985	-0.024651	0.301034	0.309671	0.901932
21256	4.499499	-0.261067	9.273403	-0.003986	-0.011937	0.003741	-0.586664	-0.685424	0.431301	0.751749	-0.658986	-0.024719	0.301164	0.309728	0.901869
21257	4.512938	-0.274179	9.243822	0.003166	-0.000022	0.003371	-0.586661	-0.685415	0.431319	0.751746	-0.658990	-0.024718	0.301177	0.309741	0.901861
21258	4.490552	-0.271729	9.253341	0.006333	-0.000044	0.006743	-0.586631	-0.685427	0.431341	0.751772	-0.658960	-0.024704	0.301169	0.309778	0.901851
21259	4.511646	-0.271759	9.303717	0.007440	0.004382	0.001303	-0.586657	-0.685418	0.431320	0.751770	-0.658964	-0.024656	0.301124	0.309789	0.901862
21260	4.476541	-0.257326	9.283231	0.015602	0.015094	0.000502	-0.586694	-0.685458	0.431205	0.751812	-0.658921	-0.024535	0.300948	0.309791	0.901920
21261	4.502004	-0.302005	9.295856	0.014831	0.018901	0.007171	-0.586719	-0.685533	0.431052	0.751866	-0.658862	-0.024445	0.300762	0.309751	0.901996
21262	4.513316	-0.313398	9.267380	0.022104	0.015121	0.000739	-0.586774	-0.685558	0.430937	0.751911	-0.658818	-0.024263	0.300543	0.309789	0.902056
21263	4.445385	-0.306626	9.237071	0.017253	0.025783	-0.000550	-0.586879	-0.685603	0.430723	0.751928	-0.658804	-0.024118	0.300298	0.309718	0.902162
21264	4.482146	-0.263958	9.257640	0.019376	0.022392	0.000174	-0.586973	-0.685635	0.430544	0.751948	-0.658787	-0.023956	0.300062	0.309685	0.902252
21265	4.435278	-0.257617	9.277666	0.020902	0.022876	0.001065	-0.587056	-0.685681	0.430356	0.751985	-0.658751	-0.023785	0.299807	0.309658	0.902346
21266	4.411103	-0.253653	9.288042	0.017120	0.015583	0.001384	-0.587139	-0.685684	0.430239	0.751988	-0.658752	-0.023649	0.299637	0.309650	0.902405
21267	4.381378	-0.284367	9.229323	0.014165	0.013632	0.001180	-0.587193	-0.685703	0.430135	0.752005	-0.658737	-0.023539	0.299486	0.309642	0.902458
21268	4.337954	-0.202290	9.236561	0.013929	0.011026	-0.005060	-0.587291	-0.685667	0.430059	0.751980	-0.658770	-0.023404	0.299357	0.309651	0.902497
21269	4.396478	-0.238318	9.259015	0.015129	-0.003338	0.001214	-0.587294	-0.685633	0.430107	0.752001	-0.658751	-0.023286	0.299299	0.309765	0.902477
21270	4.414744	-0.195744	9.227934	0.011763	-0.007961	0.001274	-0.587276	-0.685590	0.430201	0.752017	-0.658735	-0.023200	0.299294	0.309894	0.902435
21271	4.387447	-0.245506	9.298273	0.000577	-0.015065	0.003370	-0.587228	-0.685535	0.430355	0.752007	-0.658746	-0.023222	0.299414	0.309993	0.902361
21272	4.488984	-0.245956	9.219753	-0.003491	-0.014827	0.002010	-0.587193	-0.685467	0.430510	0.751973	-0.658783	-0.023275	0.299567	0.310065	0.902286
21273	4.457192	-0.253125	9.268600	-0.006522	-0.011216	0.003292	-0.587158	-0.685423	0.430629	0.751941	-0.658817	-0.023361	0.299718	0.310091	0.902226
21274	4.539658	-0.293653	9.280749	-0.006832	-0.014872	0.005139	-0.587067	-0.685403	0.430784	0.751945	-0.658808	-0.023462	0.299885	0.310152	0.902150
21275	4.498841	-0.313203	9.250387	0.002566	0.003857	0.003535	-0.587075	-0.685407	0.430767	0.751941	-0.658812	-0.023468	0.299879	0.310134	0.902158
21276	4.483295	-0.278415	9.269112	-0.002749	0.002690	-0.003634	-0.587115	-0.685374	0.430765	0.751894	-0.658865	-0.023493	0.299918	0.310097	0.902158
21277	4.473450	-0.288911	9.249509	0.006424	0.005589	0.001725	-0.587142	-0.685371	0.430733	0.751892	-0.658869	-0.023455	0.299872	0.310093	0.902175
21278	4.403373	-0.259859	9.267547	0.003780	0.007295	-0.000325	-0.587185	-0.685361	0.430691	0.751870	-0.658894	-0.023436	0.299842	0.310063	0.902195
21279	4.445171	-0.242249	9.238216	0.002251	0.006812	-0.001218	-0.587237	-0.685343	0.430649	0.751838	-0.658932	-0.023423	0.299821	0.310023	0.902216
21280	4.422288	-0.239815	9.247934	0.002565	0.003858	0.003535	-0.587225	-0.685361	0.430636	0.751850	-0.658917	-0.023433	0.299814	0.310013	0.902221
21281	4.384516	-0.202743	9.276044	0.000105	-0.000985	0.001584	-0.587233	-0.685337	0.430663	0.751828	-0.658942	-0.023452	0.299855	0.310013	0.902208
21282	4.441146	-0.218530	9.287549	-0.000801	-0.000766	0.003596	-0.587226	-0.685325	0.430692	0.751813	-0.658958	-0.023488	0.299905	0.310007	0.902193
21283	4.479188	-0.256147	9.259291	-0.007015	-0.008324	0.005040	-0.587186	-0.685301	0.430784	0.751789	-0.658981	-0.023586	0.300043	0.310009	0.902147
21284	4.481926	-0.278888	9.269760	-0.006574	-0.001074	0.007845	-0.587143	-0.685319	0.430815	0.751785	-0.658982	-0.023694	0.300138	0.309968	0.902129
21285	4.454715	-0.233608	9.257918	-0.000878	0.004797	0.005081	-0.587142	-0.685336	0.430789	0.751780	-0.658986	-0.023737	0.300152	0.309922	0.902140
21286	4.523564	-0.360440	9.263373	0.001660	0.004076	0.005546	-0.587136	-0.685351	0.430774	0.751783	-0.658982	-0.023760	0.300157	0.309898	0.902147
21287	4.471195	-0.290338	9.250554	0.004922	0.009684	0.003901	-0.587158	-0.685375	0.430705	0.751789	-0.658976	-0.023746	0.300099	0.309856	0.902181
21288	4.481715	-0.301149	9.281664	0.004635	0.017216	0.002216	-0.587211	-0.685413	0.430571	0.751786	-0.658980	-0.023728	0.300002	0.309764	0.902245
21289	4.473214	-0.235243	9.250338	0.007173	0.016496	0.002681	-0.587263	-0.685451	0.430441	0.751791	-0.658976	-0.023688	0.299887	0.309690	0.902308
21290	4.446908	-0.308452	9.272795	0.008570	0.013386	-0.001079	-0.587335	-0.685450	0.430344	0.751775	-0.658997	-0.023620	0.299786	0.309648	0.902356
21291	4.448076	-0.231339	9.261167	0.012143	0.016040	0.002026	-0.587391	-0.685482	0.430217	0.751791	-0.658981	-0.023533	0.299636	0.309611	0.902419
21292	4.416973	-0.260935	9.262298	0.002999	0.017720	-0.000268	-0.587463	-0.685505	0.430081	0.751769	-0.659007	-0.023521	0.299550	0.309504	0.902484
21293	4.383869	-0.268704	9.252572	0.012324	0.009493	0.002128	-0.587498	-0.685517	0.430014	0.751786	-0.658990	-0.023432	0.299438	0.309512	0.902518
21294	4.469109	-0.253455	9.264234	0.002768	0.008500	0.000098	-0.587554	-0.685503	0.429960	0.751754	-0.659028	-0.023420	0.299410	0.309463	0.902544
21295	4.450788	-0.196553	9.272438	0.004399	0.007999	0.002576	-0.587581	-0.685514	0.429906	0.751750	-0.659033	-0.023404	0.299366	0.309430	0.902570
21296	4.430808	-0.315930	9.256292	-0.000057	0.010145	0.004546	-0.587599	-0.685542	0.429837	0.751743	-0.659039	-0.023440	0.299348	0.309354	0.902602
21297	4.392750	-0.180913	9.261537	0.002561	0.003859	0.003533	-0.587607	-0.685546	0.429820	0.751740	-0.659043	-0.023445	0.299342	0.309336	0.902610
21298	4.459589	-0.285984	9.256290	-0.003134	-0.002012	0.006298	-0.587554	-0.685567	0.429857	0.751754	-0.659024	-0.023516	0.299408	0.309330	0.902591
21299	4.452295	-0.318662	9.247268	0.005616	0.004826	0.005319	-0.587552	-0.685586	0.429831	0.751770	-0.659006	-0.023501	0.299373	0.309326	0.902603
21300	4.465843	-0.253598	9.265805	-0.003319	0.011147	-0.000412	-0.587593	-0.685599	0.429753	0.751740	-0.659039	-0.023546	0.299367	0.309227	0.902639
21301	4.498969	-0.267095	9.287361	0.002377	0.010409	0.003427	-0.587621	-0.685623	0.429677	0.751735	-0.659044	-0.023553	0.299324	0.309163	0.902676
21302	4.432031	-0.262073	9.256390	0.002377	0.010409	0.003427	-0.587628	-0.685663	0.429603	0.751749	-0.659028	-0.023562	0.299276	0.309108	0.902710
21303	4.423812	-0.294564	9.247814	0.001262	0.012598	0.002267	-0.587672	-0.685686	0.429508	0.751734	-0.659045	-0.023574	0.299229	0.309022	0.902755
21304	4.327537	-0.221961	9.194146	-0.000059	0.010146	0.004543	-0.587675	-0.685729	0.429435	0.751743	-0.659033	-0.023606	0.299199	0.308952	0.902789
21305	4.345462	-0.198915	9.293364	-0.002377	-0.017019	0.003179	-0.587623	-0.685666	0.429606	0.751723	-0.659055	-0.023655	0.299353	0.309045	0.902707
21306	4.508264	-0.259137	9.248051	-0.006937	-0.013888	0.003562	-0.587583	-0.685607	0.429754	0.751683	-0.659097	-0.023746	0.299530	0.309086	0.902634
21307	4.422958	-0.274488	9.236362	-0.006191	-0.002978	0.004510	-0.587563	-0.685597	0.429798	0.751659	-0.659121	-0.023834	0.299630	0.309058	0.902610
21308	4.454398	-0.264677	9.306072	0.001295	-0.015348	0.007867	-0.587481	-0.685566	0.429960	0.751674	-0.659103	-0.023873	0.299754	0.309165	0.902532
21309	4.520567	-0.250247	9.266409	-0.006422	-0.012199	0.004880	-0.587430	-0.685529	0.430087	0.751651	-0.659125	-0.023965	0.299910	0.309198	0.902469
21310	4.467243	-0.257171	9.265032	-0.005492	-0.007839	0.005933	-0.587388	-0.685508	0.430179	0.751633	-0.659143	-0.024053	0.300038	0.309208	0.902423
21311	4.492543	-0.281925	9.265974	-0.002540	-0.005888	0.006135	-0.587347	-0.685499	0.430249	0.751630	-0.659144	-0.024115	0.300127	0.309224	0.902388
21312	4.492835	-0.282524	9.265814	-0.004146	-0.000806	0.006723	-0.587320	-0.685504	0.430278	0.751619	-0.659153	-0.024196	0.300205	0.309195	0.902372
21313	4.423302	-0.254483	9.283468	-0.003732	0.001866	0.006458	-0.587300	-0.685521	0.430279	0.751614	-0.659156	-0.024270	0.300259	0.309150	0.902370
21314	4.467790	-0.259591	9.264701	-0.002410	0.004318	0.004182	-0.587323	-0.685511	0.430263	0.751579	-0.659194	-0.024323	0.300300	0.309092	0.902376
21315	4.377146	-0.230979	9.232014	-0.003551	-0.004683	0.006561	-0.587282	-0.685509	0.430322	0.751575	-0.659196	-0.024396	0.300390	0.309092	0.902346
21316	4.349600	-0.184030	9.279507	-0.011708	-0.008784	0.000774	-0.587266	-0.685458	0.430425	0.751516	-0.659259	-0.024522	0.300570	0.309071	0.902293
21317	4.459054	-0.271483	9.303646	-0.020054	-0.019555	0.008084	-0.587169	-0.685420	0.430619	0.751471	-0.659302	-0.024750	0.300872	0.309065	0.902195
21318	4.444983	-0.318663	9.214244	-0.018914	-0.010553	0.005706	-0.587133	-0.685377	0.430736	0.751399	-0.659376	-0.024958	0.301122	0.309001	0.902133
21319	4.425404	-0.240231	9.270478	-0.016716	-0.019510	0.004951	-0.587059	-0.685318	0.430929	0.751346	-0.659430	-0.025143	0.301398	0.309017	0.902035
21320	4.471757	-0.344624	9.273520	-0.017134	-0.022180	0.005212	-0.586956	-0.685268	0.431150	0.751310	-0.659463	-0.025336	0.301689	0.309056	0.901925
21321	4.445222	-0.378049	9.213145	-0.009414	-0.018722	0.001596	-0.586910	-0.685190	0.431337	0.751259	-0.659517	-0.025440	0.301906	0.309114	0.901832
21322	4.542164	-0.155639	9.257143	-0.004054	-0.021088	-0.002388	-0.586880	-0.685081	0.431550	0.751205	-0.659577	-0.025482	0.302098	0.309228	0.901729
21323	4.517348	-0.307937	9.230505	-0.002781	-0.015107	0.006488	-0.586808	-0.685046	0.431704	0.751202	-0.659577	-0.025548	0.302243	0.309305	0.901654
21324	4.503074	-0.273701	9.248646	-0.005807	-0.004881	0.001176	-0.586804	-0.685007	0.431771	0.751160	-0.659623	-0.025621	0.302356	0.309294	0.901619
21325	4.532864	-0.244159	9.248164	-0.007410	0.000199	0.001769	-0.586814	-0.684988	0.431787	0.751116	-0.659670	-0.025708	0.302447	0.309236	0.901609
21326	4.473581	-0.305022	9.248928	0.001142	0.002387	0.004225	-0.586813	-0.684989	0.431788	0.751109	-0.659676	-0.025730	0.302465	0.309221	0.901608
21327	4.460399	-0.292265	9.278344	-0.003029	0.003614	0.001283	-0.586837	-0.684977	0.431774	0.751075	-0.659713	-0.025776	0.302503	0.309168	0.901614
21328	4.450544	-0.303384	9.258705	-0.005567	0.004338	0.000817	-0.586873	-0.684956	0.431759	0.751022	-0.659771	-0.025845	0.302564	0.309093	0.901619
21329	4.427252	-0.201465	9.305109	0.002642	-0.001708	0.002049	-0.586875	-0.684933	0.431792	0.751010	-0.659785	-0.025842	0.302590	0.309114	0.901603
21330	4.459909	-0.293273	9.278548	-0.008420	0.001405	0.002196	-0.586898	-0.684906	0.431804	0.750951	-0.659848	-0.025942	0.302693	0.309038	0.901594
21331	4.524696	-0.278979	9.239445	-0.003342	-0.000042	0.003128	-0.586897	-0.684895	0.431822	0.750927	-0.659873	-0.025999	0.302754	0.309009	0.901584
21332	4.459729	-0.294341	9.278601	-0.001294	0.002125	0.005342	-0.586880	-0.684909	0.431823	0.750927	-0.659871	-0.026047	0.302787	0.308981	0.901582
21333	4.513524	-0.288709	9.279649	-0.002897	0.007207	0.005936	-0.586880	-0.684939	0.431775	0.750921	-0.659876	-0.026111	0.302803	0.308905	0.901603
21334	4.469146	-0.286364	9.239193	-0.001471	0.008673	0.005246	-0.586883	-0.684973	0.431718	0.750920	-0.659875	-0.026161	0.302799	0.308832	0.901629
21335	4.425968	-0.303780	9.269147	0.001455	0.006044	0.002380	-0.586906	-0.684976	0.431681	0.750906	-0.659890	-0.026171	0.302789	0.308792	0.901646
21336	4.452892	-0.251671	9.258322	0.002048	0.002167	0.002215	-0.586912	-0.684969	0.431684	0.750897	-0.659900	-0.026177	0.302799	0.308786	0.901645
21337	4.499534	-0.278134	9.250236	0.000548	0.006264	0.004390	-0.586921	-0.684986	0.431645	0.750893	-0.659904	-0.026204	0.302794	0.308739	0.901663
21338	4.402382	-0.301558	9.279193	0.001141	0.002387	0.004225	-0.586905	-0.685002	0.431643	0.750901	-0.659893	-0.026226	0.302803	0.308729	0.901663
21339	4.508255	-0.267484	9.270413	0.005625	0.004816	0.005322	-0.586902	-0.685020	0.431617	0.750918	-0.659876	-0.026211	0.302769	0.308725	0.901676
21340	4.414487	-0.314571	9.250290	-0.003315	0.004537	0.006195	-0.586888	-0.685045	0.431597	0.750913	-0.659877	-0.026283	0.302806	0.308667	0.901683
21341	4.434019	-0.295315	9.230414	0.001974	0.007730	0.003700	-0.586906	-0.685062	0.431545	0.750909	-0.659882	-0.026294	0.302782	0.308619	0.901708
21342	4.471474	-0.252659	9.309873	0.002771	0.001884	0.006700	-0.586869	-0.685091	0.431548	0.750937	-0.659850	-0.026313	0.302784	0.308623	0.901706
21343	4.499250	-0.300670	9.262130	-0.002408	0.004317	0.004185	-0.586874	-0.685101	0.431527	0.750922	-0.659864	-0.026366	0.302812	0.308570	0.901715
21344	4.451883	-0.274623	9.270539	-0.002927	0.002631	0.002864	-0.586895	-0.685083	0.431527	0.750884	-0.659906	-0.026418	0.302866	0.308522	0.901713
21345	4.496309	-0.279729	9.251756	-0.003316	0.004537	0.006194	-0.586885	-0.685107	0.431503	0.750878	-0.659909	-0.026488	0.302900	0.308461	0.901722
21346	4.486238	-0.291059	9.232212	-0.005437	0.007933	0.005465	-0.586903	-0.685122	0.431454	0.750848	-0.659940	-0.026573	0.302940	0.308361	0.901743
21347	4.474842	-0.300452	9.272508	-0.002093	0.007974	0.002339	-0.586932	-0.685131	0.431401	0.750823	-0.659967	-0.026615	0.302945	0.308284	0.901768
21348	4.486678	-0.313901	9.243735	-0.004086	0.014963	0.006261	-0.586960	-0.685178	0.431287	0.750807	-0.659983	-0.026692	0.302931	0.308146	0.901820
21349	4.344390	-0.332833	9.291701	0.003779	0.000678	0.006274	-0.586938	-0.685191	0.431298	0.750823	-0.659964	-0.026698	0.302935	0.308158	0.901814
21350	4.480234	-0.268877	9.282503	-0.003965	-0.000741	0.000222	-0.586954	-0.685158	0.431329	0.750780	-0.660011	-0.026751	0.303010	0.308131	0.901798
21351	4.355140	-0.324604	9.251689	-0.004772	-0.001506	0.003814	-0.586943	-0.685147	0.431360	0.750756	-0.660035	-0.026823	0.303091	0.308102	0.901781
21352	4.413865	-0.262711	9.310484	0.001981	-0.013602	0.002671	-0.586904	-0.685089	0.431505	0.750743	-0.660049	-0.026831	0.303196	0.308202	0.901712
21353	4.480083	-0.247981	9.270789	-0.003514	-0.014823	0.001998	-0.586867	-0.685025	0.431657	0.750712	-0.660082	-0.026884	0.303345	0.308273	0.901637
21354	4.508099	-0.294571	9.282102	-0.006024	-0.009520	0.004599	-0.586814	-0.685003	0.431764	0.750698	-0.660095	-0.026974	0.303482	0.308295	0.901583
21355	4.488037	-0.294660	9.231224	-0.003414	-0.015808	0.003578	-0.586762	-0.684947	0.431924	0.750677	-0.660117	-0.027033	0.303636	0.308373	0.901505
21356	4.488919	-0.295405	9.230771	-0.010888	-0.003428	0.000239	-0.586756	-0.684919	0.431977	0.750626	-0.660169	-0.027148	0.303772	0.308324	0.901476
21357	4.501084	-0.307362	9.261019	-0.002549	-0.005887	0.006123	-0.586715	-0.684910	0.432047	0.750622	-0.660171	-0.027210	0.303861	0.308339	0.901441
21358	4.508265	-0.275510	9.270174	-0.007586	0.006753	0.001670	-0.586738	-0.684915	0.432007	0.750583	-0.660212	-0.027300	0.303915	0.308239	0.901457
21359	4.507587	-0.276187	9.270483	-0.004528	0.007714	0.003457	-0.586758	-0.684930	0.431956	0.750557	-0.660238	-0.027369	0.303940	0.308149	0.901479
21360	4.465451	-0.295801	9.240683	-0.005538	0.008919	0.003884	-0.586779	-0.684948	0.431899	0.750527	-0.660269	-0.027451	0.303972	0.308044	0.901504
21361	4.473727	-0.285989	9.261058	-0.007630	0.016894	0.006225	-0.586806	-0.685010	0.431763	0.750509	-0.660286	-0.027560	0.303966	0.307870	0.901566
21362	4.472361	-0.286906	9.261689	-0.007660	0.012317	0.003155	-0.586833	-0.685043	0.431674	0.750479	-0.660316	-0.027658	0.303988	0.307732	0.901605
21363	4.424200	-0.261047	9.270490	-0.000434	0.012046	0.007886	-0.586833	-0.685101	0.431582	0.750491	-0.660299	-0.027709	0.303957	0.307638	0.901648
21364	4.420283	-0.338104	9.283168	-0.012638	0.012784	0.003800	-0.586879	-0.685120	0.431490	0.750429	-0.660364	-0.027852	0.304022	0.307457	0.901688
21365	4.442242	-0.243312	9.251330	-0.002901	0.007209	0.005931	-0.586879	-0.685150	0.431442	0.750422	-0.660369	-0.027916	0.304038	0.307380	0.901709
21366	4.355310	-0.356561	9.262956	-0.009031	-0.001325	0.008942	-0.586820	-0.685182	0.431473	0.750424	-0.660361	-0.028051	0.304147	0.307327	0.901690
21367	4.476627	-0.258790	9.272163	-0.005827	-0.011491	0.007756	-0.586749	-0.685166	0.431593	0.750420	-0.660362	-0.028150	0.304294	0.307359	0.901629
21368	4.504286	-0.305952	9.283585	-0.011497	-0.006161	0.006986	-0.586699	-0.685161	0.431670	0.750393	-0.660386	-0.028299	0.304458	0.307319	0.901588
21369	4.513006	-0.276834	9.232806	-0.014918	-0.000637	0.011596	-0.586632	-0.685204	0.431691	0.750384	-0.660388	-0.028496	0.304610	0.307217	0.901571
21370	4.492746	-0.298108	9.252913	-0.012062	0.002295	0.010220	-0.586574	-0.685256	0.431689	0.750384	-0.660380	-0.028663	0.304721	0.307120	0.901567
21371	4.472053	-0.319067	9.273231	-0.008167	0.008596	0.011488	-0.586536	-0.685327	0.431627	0.750394	-0.660363	-0.028800	0.304768	0.306999	0.901592
21372	4.539318	-0.329123	9.185566	-0.011399	0.014188	0.009605	-0.586522	-0.685406	0.431521	0.750388	-0.660362	-0.028961	0.304810	0.306822	0.901638
21373	4.484404	-0.356483	9.255829	-0.004446	0.021448	0.012662	-0.586515	-0.685525	0.431343	0.750417	-0.660325	-0.029069	0.304754	0.306638	0.901720
21374	4.432826	-0.309488	9.254546	-0.013668	0.028716	0.011847	-0.586534	-0.685659	0.431103	0.750413	-0.660321	-0.029257	0.304726	0.306345	0.901828
21375	4.440243	-0.300253	9.275326	-0.004279	0.014900	0.012752	-0.586506	-0.685758	0.430984	0.750443	-0.660283	-0.029363	0.304707	0.306207	0.901882
21376	4.383254	-0.384459	9.227194	0.005032	0.008685	0.005494	-0.586506	-0.685795	0.430925	0.750465	-0.660258	-0.029355	0.304653	0.306177	0.901910
21377	4.276451	-0.417807	9.236163	0.007026	0.001694	0.001573	-0.586521	-0.685780	0.430928	0.750463	-0.660262	-0.029312	0.304626	0.306204	0.901910
21378	4.428567	-0.308563	9.315731	0.006432	-0.015763	0.000701	-0.586473	-0.685719	0.431090	0.750471	-0.660255	-0.029271	0.304701	0.306354	0.901834
21379	4.493079	-0.271359	9.265290	0.005693	-0.022092	0.002802	-0.586407	-0.685639	0.431308	0.750473	-0.660254	-0.029245	0.304824	0.306535	0.901731
21380	4.497006	-0.293141	9.275100	-0.002616	-0.015043	-0.000021	-0.586412	-0.685533	0.431468	0.750403	-0.660331	-0.029280	0.304984	0.306605	0.901653
21381	4.611871	-0.327010	9.238119	-0.005597	-0.000230	-0.002258	-0.586451	-0.685486	0.431490	0.750341	-0.660400	-0.029333	0.305063	0.306562	0.901641
21382	4.533540	-0.328867	9.306638	0.005745	0.010437	0.000323	-0.586505	-0.685485	0.431419	0.750324	-0.660420	-0.029297	0.305001	0.306521	0.901676
21383	4.499993	-0.415716	9.189464	0.015429	0.017034	-0.002641	-0.586599	-0.685489	0.431285	0.750324	-0.660427	-0.029160	0.304821	0.306498	0.901744
21384	4.427196	-0.283933	9.304779	0.012888	0.017763	-0.003112	-0.586678	-0.685508	0.431147	0.750331	-0.660424	-0.029045	0.304650	0.306462	0.901814
21385	4.444266	-0.341153	9.237786	0.010029	0.014833	-0.001740	-0.586759	-0.685511	0.431032	0.750319	-0.660441	-0.028960	0.304524	0.306419	0.901872
21386	4.428026	-0.305520	9.256975	0.006752	0.009232	-0.000106	-0.586834	-0.685484	0.430972	0.750284	-0.660484	-0.028909	0.304467	0.306386	0.901902
21387	4.329234	-0.308401	9.215593	-0.004313	0.012363	0.000024	-0.586894	-0.685491	0.430880	0.750238	-0.660533	-0.028961	0.304463	0.306265	0.901945
21388	4.436313	-0.294814	9.277381	0.003722	-0.008485	0.000141	-0.586878	-0.685443	0.430979	0.750227	-0.660546	-0.028945	0.304522	0.306345	0.901898
21389	4.407386	-0.207068	9.183947	-0.006255	-0.014162	0.008014	-0.586797	-0.685421	0.431123	0.750223	-0.660546	-0.029049	0.304688	0.306393	0.901825
21390	4.374334	-0.410592	9.278156	-0.007491	-0.015561	0.002209	-0.586732	-0.685376	0.431284	0.750202	-0.660566	-0.029142	0.304865	0.306452	0.901745
21391	4.467984	-0.244394	9.264409	0.001824	-0.023814	0.004604	-0.586647	-0.685302	0.431516	0.750203	-0.660565	-0.029158	0.305027	0.306619	0.901634
21392	4.495228	-0.368449	9.227592	-0.000916	-0.021114	0.000971	-0.586588	-0.685219	0.431728	0.750181	-0.660588	-0.029186	0.305193	0.306755	0.901531
21393	4.485682	-0.277792	9.303696	-0.002517	-0.016028	0.001562	-0.586549	-0.685149	0.431891	0.750151	-0.660621	-0.029228	0.305342	0.306840	0.901452
21394	4.570138	-0.321776	9.196428	-0.004188	-0.005380	0.003641	-0.586540	-0.685112	0.431963	0.750113	-0.660660	-0.029295	0.305451	0.306839	0.901415
21395	4.510636	-0.282491	9.233793	0.000490	-0.002892	-0.001747	-0.586567	-0.685060	0.432008	0.750072	-0.660706	-0.029296	0.305500	0.306854	0.901394
21396	4.507866	-0.358454	9.245863	0.006216	0.000930	0.005159	-0.586563	-0.685055	0.432022	0.750079	-0.660700	-0.029275	0.305492	0.306879	0.901388
21397	4.549812	-0.340563	9.216632	0.012771	0.012131	0.001890	-0.586608	-0.685074	0.431931	0.750097	-0.660684	-0.029181	0.305361	0.306872	0.901434
21398	4.439879	-0.351254	9.215520	0.013510	0.018460	-0.000214	-0.586665	-0.685117	0.431786	0.750126	-0.660656	-0.029075	0.305182	0.306837	0.901507
21399	4.444334	-0.315755	9.285281	0.014617	0.016269	0.000940	-0.586730	-0.685142	0.431658	0.750144	-0.660641	-0.028960	0.305013	0.306814	0.901572
21400	4.374963	-0.287371	9.243822	0.013877	0.009941	0.003042	-0.586756	-0.685161	0.431591	0.750172	-0.660612	-0.028864	0.304891	0.306832	0.901607
21401	4.307010	-0.376999	9.295067	0.016629	-0.007479	-0.000944	-0.586763	-0.685101	0.431678	0.750185	-0.660604	-0.028723	0.304846	0.306985	0.901570
21402	4.443728	-0.211910	9.322373	0.012903	-0.020330	-0.002112	-0.586741	-0.684989	0.431885	0.750177	-0.660618	-0.028612	0.304910	0.307202	0.901475
21403	4.565112	-0.290199	9.246601	0.004506	-0.014332	0.003138	-0.586696	-0.684935	0.432032	0.750177	-0.660619	-0.028598	0.304996	0.307322	0.901405
21404	4.484938	-0.249195	9.233391	0.017763	-0.005091	0.003272	-0.586671	-0.684914	0.432099	0.750224	-0.660571	-0.028466	0.304928	0.307471	0.901377
21405	4.633339	-0.313097	9.347892	0.017563	-0.003120	0.000108	-0.586683	-0.684874	0.432146	0.750246	-0.660552	-0.028321	0.304851	0.307600	0.901359
21406	4.724972	-0.146265	9.275782	0.030464	0.033945	0.007653	-0.586748	-0.685000	0.431859	0.750354	-0.660439	-0.028092	0.304460	0.307564	0.901504
21407	4.558127	-0.556733	9.247123	0.039865	0.048081	0.002985	-0.586894	-0.685136	0.431443	0.750461	-0.660332	-0.027759	0.303914	0.307490	0.901713
21408	4.558640	-0.613614	9.341761	0.104062	0.056082	-0.007233	-0.587134	-0.685233	0.430964	0.750706	-0.660092	-0.026805	0.302844	0.307789	0.901971
21409	4.331873	-0.170043	9.275893	0.061020	0.044096	-0.004987	-0.587327	-0.685305	0.430586	0.750829	-0.659975	-0.026246	0.302163	0.307881	0.902168
21410	4.269396	-0.227424	9.218957	0.041654	0.052252	0.001953	-0.587492	-0.685445	0.430137	0.750933	-0.659870	-0.025894	0.301584	0.307792	0.902392
21411	4.354491	-0.033507	9.256177	0.038555	0.018759	0.002727	-0.587551	-0.685490	0.429986	0.751033	-0.659769	-0.025571	0.301220	0.307910	0.902473
21412	4.357735	-0.255322	9.134773	0.006462	0.014758	0.007824	-0.587539	-0.685571	0.429872	0.751084	-0.659712	-0.025563	0.301117	0.307851	0.902528
21413	4.238970	-0.215169	9.350445	0.011046	-0.005142	0.009530	-0.587474	-0.685587	0.429935	0.751141	-0.659648	-0.025517	0.301100	0.307951	0.902499
21414	4.795372	-0.268712	9.294952	0.006095	-0.000086	0.013227	-0.587401	-0.685637	0.429957	0.751199	-0.659582	-0.025534	0.301098	0.307985	0.902488
21415	4.514859	-0.428308	9.304533	0.016961	0.024687	0.013949	-0.587393	-0.685774	0.429749	0.751300	-0.659470	-0.025454	0.300862	0.307919	0.902589
21416	4.380921	-0.218819	9.255797	0.020209	0.025703	0.009240	-0.587421	-0.685881	0.429538	0.751383	-0.659380	-0.025326	0.300600	0.307870	0.902694
21417	4.433386	-0.312002	9.221512	0.007215	0.025677	0.008741	-0.587455	-0.685987	0.429323	0.751424	-0.659334	-0.025312	0.300431	0.307734	0.902796
21418	4.195340	-0.356559	9.178627	0.009727	0.020364	0.006159	-0.587479	-0.686070	0.429158	0.751469	-0.659284	-0.025264	0.300270	0.307657	0.902876
21419	4.340591	-0.201438	9.296708	0.004310	-0.012367	0.000017	-0.587465	-0.686001	0.429288	0.751450	-0.659307	-0.025239	0.300346	0.307762	0.902815
21420	4.377367	-0.217090	9.257520	-0.004845	-0.017273	0.004321	-0.587415	-0.685930	0.429468	0.751415	-0.659345	-0.025316	0.300532	0.307838	0.902727
21421	4.421134	-0.299105	9.250335	-0.013604	-0.024095	0.005304	-0.587325	-0.685860	0.429703	0.751373	-0.659386	-0.025474	0.300812	0.307906	0.902611
21422	4.398761	-0.176693	9.284094	-0.017619	-0.036020	0.009078	-0.587190	-0.685758	0.430050	0.751321	-0.659437	-0.025685	0.301204	0.308024	0.902440
21423	4.460789	-0.316988	9.268668	-0.030370	-0.026818	0.008194	-0.587070	-0.685699	0.430309	0.751246	-0.659510	-0.026007	0.301626	0.308000	0.902307
21424	4.369489	-0.266649	9.283379	-0.026436	-0.030664	0.004913	-0.586944	-0.685622	0.430604	0.751181	-0.659573	-0.026282	0.302034	0.308036	0.902158
21425	4.561811	-0.298070	9.297058	-0.032325	-0.029965	0.007559	-0.586819	-0.685548	0.430891	0.751095	-0.659657	-0.026619	0.302489	0.308020	0.902011
21426	4.533588	-0.311173	9.225662	-0.021523	-0.020974	0.008781	-0.586706	-0.685513	0.431101	0.751054	-0.659694	-0.026866	0.302811	0.308018	0.901904
21427	4.430549	-0.268696	9.280928	-0.015812	-0.015118	0.006015	-0.586637	-0.685475	0.431254	0.751009	-0.659738	-0.027047	0.303055	0.308009	0.901825
21428	4.538515	-0.336892	9.234897	-0.019034	-0.009527	0.004120	-0.586615	-0.685427	0.431362	0.750928	-0.659822	-0.027248	0.303299	0.307938	0.901767
21429	4.489921	-0.290120	9.231969	-0.012090	-0.002261	0.007155	-0.586577	-0.685436	0.431399	0.750901	-0.659846	-0.027401	0.303439	0.307865	0.901745
21430	4.434578	-0.295709	9.290604	-0.017678	-0.002494	0.004902	-0.586570	-0.685413	0.431445	0.750828	-0.659921	-0.027596	0.303634	0.307754	0.901717
21431	4.460684	-0.323649	9.231953	-0.016671	-0.003702	0.004476	-0.586547	-0.685400	0.431496	0.750771	-0.659978	-0.027778	0.303817	0.307662	0.901687
21432	4.363866	-0.248191	9.296959	-0.012022	-0.007828	0.005677	-0.586501	-0.685381	0.431590	0.750735	-0.660012	-0.027927	0.303996	0.307630	0.901638
21433	4.474074	-0.337734	9.261529	-0.011171	-0.019241	0.007204	-0.586411	-0.685338	0.431780	0.750711	-0.660034	-0.028072	0.304228	0.307680	0.901542
21434	4.566739	-0.270412	9.270572	-0.005944	-0.010491	0.006186	-0.586333	-0.685332	0.431895	0.750716	-0.660024	-0.028170	0.304367	0.307714	0.901484
21435	4.473022	-0.315813	9.309378	-0.001785	-0.011722	0.009127	-0.586251	-0.685325	0.432017	0.750732	-0.660003	-0.028238	0.304485	0.307774	0.901423
21436	4.622803	-0.265697	9.270600	-0.000129	-0.005621	0.005009	-0.586192	-0.685331	0.432089	0.750751	-0.659979	-0.028279	0.304550	0.307814	0.901388
21437	4.487380	-0.331128	9.220260	0.006912	0.017411	0.007575	-0.586211	-0.685403	0.431949	0.750785	-0.659942	-0.028263	0.304432	0.307732	0.901455
21438	4.460004	-0.304642	9.279517	0.007919	0.016204	0.007149	-0.586227	-0.685469	0.431822	0.750820	-0.659904	-0.028236	0.304316	0.307668	0.901517
21439	4.454230	-0.260503	9.258818	0.008926	0.014997	0.006723	-0.586244	-0.685528	0.431704	0.750854	-0.659866	-0.028197	0.304197	0.307616	0.901574
21440	4.445632	-0.292764	9.250330	0.003627	0.011816	0.009215	-0.586224	-0.685601	0.431617	0.750895	-0.659818	-0.028219	0.304135	0.307556	0.901616
21441	4.450444	-0.258655	9.319780	0.000698	0.014459	0.012068	-0.586200	-0.685694	0.431502	0.750936	-0.659769	-0.028277	0.304081	0.307454	0.901669
21442	4.489954	-0.320326	9.243440	-0.001742	0.014205	0.013181	-0.586153	-0.685802	0.431392	0.750986	-0.659709	-0.028366	0.304047	0.307343	0.901718
21443	4.508938	-0.301665	9.223909	-0.002261	0.012517	0.011863	-0.586125	-0.685888	0.431295	0.751016	-0.659670	-0.028451	0.304026	0.307234	0.901762
21444	4.470171	-0.265197	9.252448	-0.002043	0.015137	0.018081	-0.586077	-0.686003	0.431177	0.751064	-0.659611	-0.028558	0.304000	0.307104	0.901815
21445	4.439786	-0.298485	9.193889	-0.010919	0.026070	0.015406	-0.586063	-0.686154	0.430956	0.751089	-0.659575	-0.028736	0.303965	0.306845	0.901915
21446	4.397786	-0.358793	9.305602	-0.007800	0.021462	0.015714	-0.586045	-0.686277	0.430783	0.751111	-0.659544	-0.028889	0.303946	0.306636	0.901993
21447	4.415599	-0.320429	9.215794	-0.000837	0.013983	0.011169	-0.586026	-0.686363	0.430673	0.751142	-0.659506	-0.028958	0.303907	0.306526	0.902043
21448	4.496804	-0.283331	9.277013	0.000196	0.017360	0.013799	-0.585986	-0.686484	0.430534	0.751200	-0.659435	-0.029031	0.303839	0.306406	0.902107
21449	4.453935	-0.302793	9.247463	-0.000227	0.014689	0.014063	-0.585948	-0.686591	0.430417	0.751250	-0.659376	-0.029106	0.303790	0.306296	0.902161
21450	4.517797	-0.308662	9.280011	0.004415	0.027318	0.013201	-0.585940	-0.686740	0.430189	0.751320	-0.659295	-0.029139	0.303632	0.306136	0.902268
21451	4.529524	-0.243807	9.299712	0.007814	0.036520	0.016188	-0.585952	-0.686927	0.429874	0.751406	-0.659196	-0.029151	0.303396	0.305928	0.902418
21452	4.547462	-0.443925	9.278439	0.008862	0.041919	0.009166	-0.586034	-0.687082	0.429516	0.751452	-0.659144	-0.029125	0.303124	0.305692	0.902590
21453	4.527755	-0.508026	9.262676	0.017716	0.064512	0.007694	-0.586194	-0.687298	0.428950	0.751519	-0.659073	-0.029011	0.302649	0.305358	0.902862
21454	4.464058	-0.270766	9.256751	0.022273	0.065959	0.010358	-0.586341	-0.687532	0.428374	0.751611	-0.658975	-0.028868	0.302136	0.305044	0.903140
21455	4.441514	-0.332140	9.301355	0.022584	0.069625	0.008489	-0.586510	-0.687769	0.427762	0.751696	-0.658884	-0.028714	0.301594	0.304706	0.903435
21456	4.421305	-0.297595	9.263277	0.017919	0.073770	0.007251	-0.586699	-0.688008	0.427117	0.751759	-0.658817	-0.028598	0.301068	0.304311	0.903744
21457	4.166340	-0.109669	9.193744	0.015211	0.064297	0.008733	-0.586850	-0.688230	0.426552	0.751824	-0.658747	-0.028511	0.300612	0.303961	0.904014
21458	4.208180	-0.153998	9.317918	0.003093	0.019329	0.013960	-0.586847	-0.688327	0.426398	0.751861	-0.658703	-0.028555	0.300526	0.303834	0.904085
21459	4.107408	-0.315259	9.121642	0.001333	0.014211	0.016502	-0.586789	-0.688448	0.426284	0.751930	-0.658622	-0.028627	0.300468	0.303738	0.904136
21460	4.219257	-0.165693	9.348671	0.010612	-0.041387	0.014028	-0.586589	-0.688374	0.426679	0.752002	-0.658540	-0.028606	0.300677	0.304083	0.903951
21461	4.577323	-0.399539	9.304633	0.000320	-0.027307	0.015037	-0.586417	-0.688359	0.426940	0.752059	-0.658472	-0.028681	0.300871	0.304265	0.903825
21462	4.584845	-0.464636	9.336193	0.018331	-0.004413	0.006223	-0.586370	-0.688361	0.427001	0.752126	-0.658401	-0.028557	0.300796	0.304413	0.903800
21463	4.590648	-0.528222	9.368688	0.026839	0.009936	0.003544	-0.586395	-0.688384	0.426929	0.752195	-0.658331	-0.028343	0.300572	0.304514	0.903841
21464	4.435929	-0.394821	9.221478	0.021855	0.027189	0.002068	-0.586486	-0.688445	0.426706	0.752237	-0.658290	-0.028169	0.300289	0.304464	0.903952
21465	4.409500	-0.288403	9.328100	0.022610	0.016748	0.002045	-0.586543	-0.688478	0.426573	0.752285	-0.658243	-0.027986	0.300057	0.304489	0.904020
21466	4.439171	-0.259080	9.269046	0.009632	0.021345	0.004560	-0.586601	-0.688534	0.426403	0.752301	-0.658227	-0.027934	0.299904	0.304397	0.904102
21467	4.429442	-0.290574	9.261124	0.014251	0.029388	0.000630	-0.586707	-0.688597	0.426156	0.752315	-0.658215	-0.027821	0.299660	0.304281	0.904222
21468	4.261769	-0.164720	9.213408	0.016802	0.016480	0.006257	-0.586725	-0.688662	0.426027	0.752376	-0.658151	-0.027710	0.299473	0.304274	0.904286
21469	4.304548	-0.266668	9.218531	0.011838	0.000188	0.009005	-0.586680	-0.688690	0.426042	0.752432	-0.658089	-0.027655	0.299419	0.304343	0.904281
21470	4.028023	-0.328311	9.142868	0.020509	-0.013390	0.005526	-0.586610	-0.688663	0.426184	0.752503	-0.658014	-0.027509	0.299379	0.304568	0.904218
21471	4.180842	-0.116350	9.317913	0.019156	-0.058567	0.005959	-0.586412	-0.688492	0.426730	0.752564	-0.657950	-0.027374	0.299614	0.305089	0.903964
21472	4.621266	-0.270268	9.252700	0.008042	-0.062003	0.012654	-0.586169	-0.688338	0.427312	0.752613	-0.657894	-0.027370	0.299966	0.305557	0.903690
21473	4.607921	-0.350612	9.422557	0.010337	-0.029231	0.015367	-0.585989	-0.688319	0.427591	0.752702	-0.657793	-0.027355	0.300095	0.305819	0.903558
21474	4.670477	-0.390223	9.384335	0.014294	-0.028498	0.015145	-0.585812	-0.688298	0.427868	0.752799	-0.657683	-0.027306	0.300197	0.306103	0.903429
21475	4.421023	-0.260360	9.193198	0.029903	0.003323	0.013480	-0.585743	-0.688366	0.427853	0.752936	-0.657535	-0.027107	0.299988	0.306269	0.903442
21476	4.354487	-0.370143	9.255310	0.031476	-0.006367	0.009876	-0.585665	-0.688383	0.427932	0.753060	-0.657402	-0.026881	0.299828	0.306515	0.903411
21477	4.344012	-0.356738	9.224321	0.027161	-0.015344	0.008913	-0.585575	-0.688363	0.428087	0.753162	-0.657294	-0.026687	0.299749	0.306791	0.903344
21478	4.251879	-0.300486	9.239259	0.033628	-0.019939	0.006125	-0.585487	-0.688312	0.428288	0.753269	-0.657182	-0.026425	0.299652	0.307144	0.903256
21479	4.399620	-0.342011	9.343114	0.020525	-0.040316	0.003120	-0.585365	-0.688178	0.428670	0.753316	-0.657134	-0.026266	0.299770	0.307549	0.903079
21480	4.494657	-0.472013	9.278981	0.024561	-0.028397	-0.000681	-0.585306	-0.688055	0.428950	0.753354	-0.657098	-0.026056	0.299790	0.307900	0.902953
21481	4.369695	-0.201462	9.344499	0.036904	-0.033705	-0.006121	-0.585274	-0.687880	0.429274	0.753397	-0.657063	-0.025710	0.299746	0.308367	0.902808
21482	4.479490	-0.246727	9.227450	0.009124	-0.045399	0.002052	-0.585146	-0.687718	0.429706	0.753402	-0.657060	-0.025650	0.299983	0.308732	0.902604
21483	4.397192	-0.059875	9.286326	0.009105	-0.042785	0.014724	-0.584930	-0.687652	0.430107	0.753483	-0.656967	-0.025644	0.300201	0.309078	0.902414
21484	4.440427	-0.237246	9.361489	-0.007614	-0.055640	0.013134	-0.584690	-0.687529	0.430629	0.753499	-0.656943	-0.025784	0.300626	0.309403	0.902161
21485	4.689480	-0.144613	9.281544	0.003576	-0.045975	0.023684	-0.584396	-0.687511	0.431057	0.753617	-0.656805	-0.025867	0.300904	0.309735	0.901954
21486	4.480072	-0.431399	9.295769	-0.006579	-0.020723	0.021153	-0.584200	-0.687549	0.431261	0.753684	-0.656722	-0.026031	0.301116	0.309827	0.901852
21487	4.815248	-0.266816	9.345991	-0.000917	-0.021468	0.024973	-0.583970	-0.687616	0.431467	0.753795	-0.656589	-0.026160	0.301284	0.309961	0.901749
21488	4.664371	-0.279519	9.243256	-0.022268	0.023663	0.026957	-0.583861	-0.687832	0.431269	0.753851	-0.656511	-0.026491	0.301355	0.309646	0.901834
21489	4.287037	-0.566657	9.126712	-0.007223	0.027817	0.019987	-0.583817	-0.688018	0.431032	0.753914	-0.656432	-0.026656	0.301283	0.309399	0.901943
21490	4.287837	-0.389498	9.210564	-0.004574	0.001169	0.010012	-0.583772	-0.688050	0.431042	0.753921	-0.656421	-0.026754	0.301353	0.309353	0.901935
21491	4.058625	-0.500233	9.139799	0.014565	0.007054	-0.005233	-0.583856	-0.688006	0.430998	0.753902	-0.656448	-0.026613	0.301238	0.309392	0.901960
21492	4.095769	-0.349950	9.373958	0.037921	-0.043117	-0.020730	-0.583894	-0.687713	0.431415	0.753872	-0.656499	-0.026197	0.301239	0.309935	0.901773
21493	4.464994	-0.215175	9.125798	0.040827	-0.057921	-0.018444	-0.583881	-0.687381	0.431961	0.753855	-0.656535	-0.025762	0.301306	0.310594	0.901525
21494	4.237990	-0.334590	9.302731	0.040569	-0.050383	-0.020170	-0.583895	-0.687066	0.432442	0.753834	-0.656577	-0.025324	0.301331	0.311203	0.901306
21495	4.586299	-0.132657	9.299741	0.063703	-0.081185	-0.018674	-0.583814	-0.686660	0.433197	0.753885	-0.656542	-0.024682	0.301360	0.312171	0.900961
21496	4.578137	-0.275398	9.112492	0.036694	-0.059620	-0.010210	-0.583749	-0.686359	0.433761	0.753888	-0.656553	-0.024321	0.301480	0.312810	0.900700
21497	4.473621	-0.297231	9.298235	0.039501	-0.061291	-0.014661	-0.583697	-0.686040	0.434335	0.753890	-0.656566	-0.023915	0.301576	0.313482	0.900434
21498	4.628223	-0.344106	9.220723	0.029084	-0.057417	-0.011625	-0.583632	-0.685752	0.434877	0.753878	-0.656590	-0.023617	0.301731	0.314061	0.900180
21499	4.535415	-0.362711	9.247793	0.030414	-0.030695	-0.024215	-0.583744	-0.685465	0.435178	0.753797	-0.656696	-0.023250	0.301717	0.314463	0.900044
21500	4.550373	-0.269330	9.312855	0.036031	-0.036022	-0.023455	-0.583837	-0.685162	0.435530	0.753733	-0.656784	-0.022838	0.301697	0.314939	0.899884
21501	4.575648	-0.251435	9.171705	0.017290	-0.024151	-0.024792	-0.583974	-0.684892	0.435772	0.753608	-0.656936	-0.022587	0.301744	0.315211	0.899774
21502	4.437743	-0.287630	9.229933	0.012754	-0.008865	-0.029556	-0.584188	-0.684641	0.435880	0.753445	-0.657131	-0.022357	0.301737	0.315350	0.899727
21503	4.451241	-0.196294	9.295564	0.004802	-0.027064	-0.026961	-0.584332	-0.684347	0.436148	0.753270	-0.657336	-0.022209	0.301895	0.315559	0.899601
21504	4.396432	-0.260061	9.176197	-0.005352	-0.030726	-0.022188	-0.584421	-0.684078	0.436451	0.753098	-0.657534	-0.022176	0.302152	0.315730	0.899455
21505	4.316842	-0.314191	9.245256	0.001227	-0.041855	-0.024895	-0.584504	-0.683751	0.436852	0.752924	-0.657737	-0.022069	0.302423	0.316017	0.899263
21506	4.410214	-0.220755	9.300527	-0.002819	-0.063911	-0.025595	-0.584516	-0.683355	0.437455	0.752741	-0.657949	-0.021999	0.302856	0.316432	0.898971
21507	4.420405	-0.246299	9.189052	0.000072	-0.066554	-0.028473	-0.584551	-0.682926	0.438078	0.752543	-0.658180	-0.021886	0.303280	0.316879	0.898671
21508	4.481772	-0.255635	9.316842	0.008439	-0.078136	-0.035228	-0.584592	-0.682421	0.438809	0.752338	-0.658420	-0.021670	0.303709	0.317464	0.898319
21509	4.792769	-0.001865	9.207782	-0.001067	-0.074512	-0.034175	-0.584645	-0.681928	0.439504	0.752103	-0.658693	-0.021542	0.304189	0.317958	0.897982
21510	4.627725	-0.151654	9.158905	-0.020462	-0.039472	-0.018222	-0.584682	-0.681652	0.439885	0.751903	-0.658917	-0.021660	0.304612	0.318086	0.897793
21511	4.652088	-0.250187	9.231126	-0.009210	-0.039948	-0.012222	-0.584674	-0.681413	0.440264	0.751772	-0.659066	-0.021702	0.304951	0.318290	0.897606
21512	4.722454	-0.260424	9.141311	-0.007069	-0.016456	-0.009074	-0.584721	-0.681260	0.440439	0.751656	-0.659197	-0.021740	0.305146	0.318346	0.897520
21513	4.524356	-0.259479	9.238148	-0.003750	0.005851	-0.012836	-0.584858	-0.681162	0.440407	0.751537	-0.659333	-0.021730	0.305176	0.318274	0.897535
21514	4.532662	-0.229245	9.187119	-0.007514	-0.006991	-0.013938	-0.584963	-0.681016	0.440495	0.751400	-0.659488	-0.021749	0.305313	0.318266	0.897492
