// General information: 
//  MT Manager version: 2022.2.0 
//  XDA version: 2022.2.0 build 7381 rev 124627 built on 2023-07-19
// Device information: 
//  DeviceId: 00B4CAF0
//  ProductCode: MTW2-3A7G6
//  Firmware Version: 4.6.0
//  Hardware Version: 2.0.0
// Device settings: 
//  Filter Profile: human(46.1)
//  Option Flags: Orientation Smoother Disabled, Position/Velocity Smoother Disabled, Continuous Zero Rotation Update Disabled, AHS Disabled, ICC Disabled
// Coordinate system: ENU
PacketCounter	Acc_X	Acc_Y	Acc_Z	Gyr_X	Gyr_Y	Gyr_Z	Mat[1][1]	Mat[2][1]	Mat[3][1]	Mat[1][2]	Mat[2][2]	Mat[3][2]	Mat[1][3]	Mat[2][3]	Mat[3][3]
31080	4.542427	0.694688	9.207755	-0.005699	-0.007894	-0.001735	0.776301	0.449918	0.441510	-0.528544	0.846261	0.066955	-0.343508	-0.285335	0.894755
31081	4.565907	0.642308	9.154216	-0.022757	-0.008308	0.002605	0.776428	0.449585	0.441625	-0.528172	0.846504	0.066826	-0.343793	-0.285140	0.894707
31082	4.454736	0.692034	9.167852	-0.031198	-0.010976	0.004935	0.776374	0.449568	0.441737	-0.528064	0.846598	0.066491	-0.344081	-0.284888	0.894677
31083	4.528245	0.665783	9.185453	-0.047767	-0.026697	0.018154	0.776432	0.449190	0.442020	-0.527579	0.846934	0.066049	-0.344693	-0.284484	0.894570
31084	4.522800	0.593623	9.200338	-0.051307	-0.025571	0.019322	0.776252	0.449253	0.442272	-0.527513	0.847021	0.065471	-0.345201	-0.284126	0.894488
31085	4.586986	0.666616	9.183987	-0.044923	-0.033957	0.021630	0.776062	0.449244	0.442613	-0.527421	0.847117	0.064953	-0.345766	-0.283851	0.894357
31086	4.679958	0.555156	9.155549	-0.041921	-0.020303	0.019516	0.775899	0.449324	0.442818	-0.527388	0.847176	0.064458	-0.346182	-0.283550	0.894291
31087	4.646221	0.560739	9.175592	-0.018385	-0.019536	0.015022	0.775472	0.449895	0.442986	-0.527897	0.846893	0.064012	-0.346363	-0.283491	0.894240
31088	4.696183	0.592123	9.186830	0.002125	-0.006578	0.006740	0.775424	0.449906	0.443060	-0.527917	0.846883	0.063967	-0.346441	-0.283501	0.894207
31089	4.687148	0.584134	9.146352	0.010791	0.006750	0.000894	0.775315	0.450164	0.442989	-0.528149	0.846744	0.063901	-0.346333	-0.283507	0.894247
31090	4.667464	0.669718	9.192404	0.016916	0.016956	0.000123	0.775382	0.450187	0.442848	-0.528169	0.846723	0.064017	-0.346150	-0.283536	0.894308
31091	4.643147	0.671419	9.183485	0.012897	0.026016	0.001735	0.775568	0.450069	0.442643	-0.528020	0.846806	0.064146	-0.345962	-0.283474	0.894401
31092	4.649271	0.680641	9.225338	0.008281	0.037682	0.005543	0.775678	0.450196	0.442320	-0.528053	0.846784	0.064162	-0.345664	-0.283337	0.894559
31093	4.605462	0.664732	9.136300	0.014273	0.038599	0.015145	0.775579	0.450701	0.441980	-0.528455	0.846539	0.064081	-0.345272	-0.283266	0.894733
31094	4.677537	0.672378	9.208247	0.008836	0.049587	0.015360	0.775678	0.450945	0.441556	-0.528566	0.846472	0.064058	-0.344878	-0.283080	0.894944
31095	4.620313	0.555999	9.143467	0.011730	0.057910	0.015005	0.775757	0.451306	0.441049	-0.528764	0.846353	0.064003	-0.344399	-0.282862	0.895198
31096	4.588383	0.574342	9.207212	0.020719	0.057432	0.018408	0.775867	0.451597	0.440558	-0.528939	0.846238	0.064072	-0.343882	-0.282740	0.895435
31097	4.566018	0.499802	9.185072	0.011123	0.060525	0.017197	0.776293	0.451322	0.440088	-0.528558	0.846460	0.064283	-0.343504	-0.282514	0.895651
31098	4.569820	0.457911	9.165097	0.010437	0.061761	0.012536	0.776449	0.451575	0.439553	-0.528652	0.846401	0.064287	-0.343008	-0.282286	0.895913
31099	4.585500	0.567235	9.184655	0.015302	0.057337	0.005912	0.776521	0.451940	0.439050	-0.528879	0.846258	0.064294	-0.342493	-0.282130	0.896159
31100	4.445163	0.675955	9.194368	0.017113	0.061155	0.004102	0.776719	0.452120	0.438515	-0.528931	0.846219	0.064394	-0.341966	-0.281961	0.896414
31101	4.458236	0.647069	9.154863	0.011949	0.050125	0.008082	0.776803	0.452394	0.438083	-0.529082	0.846124	0.064398	-0.341539	-0.281806	0.896625
31102	4.365229	0.640970	9.236339	-0.002918	0.036852	0.012599	0.776872	0.452577	0.437771	-0.529131	0.846102	0.064282	-0.341306	-0.281577	0.896786
31103	4.488505	0.524384	9.190335	0.000970	0.025872	0.012075	0.777035	0.452482	0.437581	-0.528961	0.846208	0.064280	-0.341199	-0.281412	0.896878
31104	4.481217	0.600198	9.206102	0.014697	0.019044	0.009948	0.777057	0.452592	0.437427	-0.529050	0.846149	0.064334	-0.341012	-0.281412	0.896949
31105	4.466127	0.613597	9.177675	0.011468	0.017158	0.010357	0.777161	0.452529	0.437307	-0.528973	0.846190	0.064420	-0.340893	-0.281389	0.897002
31106	4.500155	0.655119	9.220819	0.001647	0.009585	0.012652	0.777137	0.452636	0.437240	-0.529038	0.846155	0.064345	-0.340848	-0.281322	0.897040
31107	4.606503	0.622514	9.219398	-0.008163	0.013653	0.019721	0.777067	0.452841	0.437151	-0.529154	0.846098	0.064144	-0.340826	-0.281165	0.897098
31108	4.542815	0.600589	9.179051	-0.017632	0.022082	0.016727	0.777064	0.453018	0.436975	-0.529185	0.846098	0.063878	-0.340786	-0.280878	0.897203
31109	4.532046	0.585848	9.199363	-0.018373	0.022779	0.019989	0.776996	0.453304	0.436798	-0.529326	0.846032	0.063585	-0.340722	-0.280614	0.897309
31110	4.583402	0.594893	9.201297	-0.014698	0.023564	0.017763	0.776992	0.453494	0.436609	-0.529375	0.846020	0.063341	-0.340655	-0.280345	0.897419
31111	4.550547	0.526887	9.208241	-0.006110	0.028134	0.014393	0.777198	0.453352	0.436389	-0.529116	0.846188	0.063262	-0.340587	-0.280068	0.897531
31112	4.525264	0.580935	9.203013	0.000812	0.027383	0.012454	0.777235	0.453507	0.436162	-0.529176	0.846156	0.063181	-0.340408	-0.279913	0.897647
31113	4.549279	0.613938	9.206355	0.012373	0.026589	0.011509	0.777438	0.453356	0.435957	-0.528977	0.846275	0.063269	-0.340256	-0.279799	0.897741
31114	4.525648	0.501725	9.250173	0.004723	0.024619	0.017401	0.777440	0.453545	0.435758	-0.529089	0.846210	0.063201	-0.340078	-0.279690	0.897842
31115	4.487481	0.572815	9.155840	0.007227	0.023780	0.020950	0.777291	0.453995	0.435555	-0.529454	0.845992	0.063054	-0.339850	-0.279617	0.897951
31116	4.467154	0.602720	9.198687	0.012959	0.024826	0.024095	0.777257	0.454241	0.435357	-0.529646	0.845874	0.063031	-0.339626	-0.279576	0.898048
31117	4.408201	0.503465	9.203093	0.008647	0.018434	0.023043	0.777220	0.454424	0.435233	-0.529792	0.845784	0.063001	-0.339484	-0.279549	0.898111
31118	4.367281	0.482886	9.172262	0.004799	0.007518	0.020867	0.777145	0.454594	0.435189	-0.529932	0.845703	0.062919	-0.339438	-0.279518	0.898138
31119	4.210874	0.582821	9.287703	0.000300	-0.023227	0.026115	0.777116	0.454393	0.435451	-0.529785	0.845798	0.062877	-0.339733	-0.279558	0.898014
31120	4.513547	0.490109	9.211490	-0.008313	-0.039430	0.024705	0.776861	0.454464	0.435831	-0.529909	0.845736	0.062661	-0.340121	-0.279630	0.897845
31121	4.583411	0.596733	9.246569	0.009227	-0.043586	0.019304	0.776636	0.454448	0.436250	-0.530022	0.845668	0.062631	-0.340460	-0.279863	0.897643
31122	4.680739	0.577506	9.213834	0.007623	-0.029886	0.016198	0.776459	0.454473	0.436539	-0.530134	0.845600	0.062594	-0.340690	-0.280026	0.897505
31123	4.602846	0.588055	9.213108	0.012665	-0.020773	0.013291	0.776451	0.454268	0.436766	-0.530029	0.845659	0.062700	-0.340873	-0.280182	0.897387
31124	4.591477	0.546232	9.179664	-0.000469	-0.013109	0.012518	0.776350	0.454310	0.436902	-0.530084	0.845630	0.062607	-0.341015	-0.280200	0.897328
31125	4.578979	0.555518	9.209649	0.018281	-0.007432	0.006800	0.776084	0.454710	0.436958	-0.530524	0.845358	0.062566	-0.340937	-0.280373	0.897303
31126	4.521569	0.566588	9.219795	0.013784	-0.005473	0.004739	0.776050	0.454707	0.437021	-0.530568	0.845325	0.062635	-0.340944	-0.280477	0.897268
31127	4.543996	0.622259	9.232840	0.025636	-0.005876	0.002348	0.776234	0.454309	0.437109	-0.530274	0.845488	0.062923	-0.340984	-0.280631	0.897205
31128	4.513946	0.561835	9.178507	0.023209	-0.007072	0.006348	0.776187	0.454315	0.437187	-0.530363	0.845422	0.063070	-0.340954	-0.280822	0.897156
31129	4.531940	0.639210	9.202698	0.035791	-0.007318	0.015472	0.776026	0.454514	0.437265	-0.530670	0.845217	0.063235	-0.340842	-0.281115	0.897107
31130	4.492956	0.621337	9.170811	0.030872	-0.011093	0.016620	0.775910	0.454596	0.437385	-0.530864	0.845082	0.063405	-0.340803	-0.281389	0.897036
31131	4.423791	0.532693	9.204232	0.020308	-0.021364	0.022876	0.775490	0.455129	0.437576	-0.531462	0.844715	0.063278	-0.340828	-0.281627	0.896952
31132	4.482938	0.737255	9.265559	0.008491	-0.031213	0.027361	0.775248	0.455245	0.437884	-0.531664	0.844594	0.063200	-0.341063	-0.281803	0.896807
31133	4.620351	0.631357	9.197910	-0.009181	-0.028947	0.033845	0.774935	0.455498	0.438175	-0.531921	0.844455	0.062890	-0.341373	-0.281810	0.896687
31134	4.485142	0.543842	9.141654	-0.013186	-0.019864	0.035427	0.774689	0.455714	0.438386	-0.532111	0.844358	0.062582	-0.341635	-0.281752	0.896605
31135	4.545167	0.632250	9.256088	-0.017716	-0.032101	0.044077	0.774608	0.455500	0.438750	-0.531925	0.844491	0.062376	-0.342108	-0.281699	0.896442
31136	4.405553	0.622137	9.154782	-0.038489	-0.026371	0.049214	0.774267	0.455814	0.439027	-0.532135	0.844403	0.061781	-0.342555	-0.281457	0.896347
31137	4.302377	0.746559	9.341069	-0.031131	-0.059536	0.059631	0.773782	0.456077	0.439608	-0.532398	0.844279	0.061199	-0.343241	-0.281401	0.896102
31138	4.314843	0.448997	9.250230	-0.081301	-0.082186	0.057238	0.773205	0.456301	0.440390	-0.532521	0.844274	0.060185	-0.344348	-0.281052	0.895787
31139	4.040905	0.077498	9.383567	-0.128169	-0.127185	0.036594	0.772449	0.456473	0.441536	-0.532533	0.844371	0.058707	-0.346022	-0.280481	0.895321
31140	4.283772	0.692918	9.565739	-0.001706	-0.225338	0.032323	0.771505	0.456086	0.443582	-0.532737	0.844256	0.058515	-0.347809	-0.281457	0.894321
31141	3.748421	-0.277440	9.556099	-0.102343	-0.268973	0.028066	0.770448	0.455498	0.446018	-0.532510	0.844473	0.057431	-0.350490	-0.281756	0.893180
31142	3.995351	0.542672	9.413169	0.146817	-0.491149	-0.005172	0.768757	0.454034	0.450407	-0.532947	0.844108	0.058730	-0.353526	-0.285192	0.890890
31143	4.182627	1.185331	9.789357	0.106416	-0.546701	0.027761	0.766579	0.452857	0.455277	-0.533651	0.843615	0.059411	-0.357174	-0.288502	0.888366
31144	4.135070	0.617079	9.539301	0.107226	-0.643346	0.064678	0.763931	0.451507	0.461032	-0.534492	0.843039	0.060032	-0.361563	-0.292278	0.885351
31145	4.134723	0.489627	9.792368	0.167718	-0.760162	0.072842	0.760712	0.449985	0.467793	-0.535732	0.842176	0.061077	-0.366481	-0.297074	0.881725
31146	3.980214	0.254505	9.870501	0.135299	-0.912204	0.067319	0.756989	0.447791	0.475868	-0.536703	0.841496	0.061917	-0.372716	-0.302270	0.877334
31147	4.760638	1.404762	10.042767	0.259894	-1.123993	0.081428	0.752424	0.444829	0.485783	-0.538103	0.840457	0.063859	-0.379874	-0.309450	0.871743
31148	4.290117	1.374706	10.234551	0.114363	-1.283204	0.115720	0.746877	0.441761	0.497013	-0.539369	0.839614	0.064252	-0.388915	-0.316062	0.865361
31149	4.044702	1.503755	10.547039	0.108596	-1.551989	0.192260	0.739479	0.438823	0.510495	-0.541605	0.838191	0.064033	-0.399793	-0.323838	0.857493
31150	4.526231	2.032782	11.230669	-0.033330	-1.839707	0.310403	0.730322	0.435367	0.526389	-0.543710	0.836972	0.062109	-0.413532	-0.331562	0.847972
31151	5.012579	2.022312	11.216373	-0.279362	-2.078842	0.452216	0.719140	0.432086	0.544187	-0.545701	0.836015	0.057344	-0.430171	-0.338202	0.837002
31152	5.690639	2.397229	11.627172	-0.425668	-2.260278	0.615538	0.705850	0.429487	0.563309	-0.548175	0.834846	0.050370	-0.448643	-0.344345	0.824710
31153	6.216633	3.342465	12.950038	-0.496205	-2.415315	0.809117	0.690102	0.428230	0.583419	-0.551899	0.832879	0.041484	-0.468153	-0.350617	0.811111
31154	5.879530	3.444904	12.075295	-0.973710	-2.524197	0.999219	0.672481	0.427638	0.604065	-0.553995	0.832059	0.027698	-0.490773	-0.353276	0.796453
31155	6.950046	2.305170	10.951434	-0.972800	-2.631355	1.102369	0.652819	0.428014	0.625005	-0.556934	0.830455	0.013009	-0.513470	-0.356579	0.780513
31156	7.077919	2.556747	10.482210	-0.873948	-2.567510	1.196724	0.632683	0.428712	0.644917	-0.560001	0.828491	-0.001365	-0.534893	-0.360291	0.764251
31157	6.821434	1.576523	9.419518	-0.937906	-2.520898	1.323711	0.611225	0.431021	0.663796	-0.563526	0.825915	-0.017394	-0.555736	-0.363435	0.747711
31158	6.070311	1.182336	8.451151	-0.804224	-2.479542	1.429932	0.589122	0.433721	0.681778	-0.567516	0.822701	-0.032982	-0.575205	-0.367489	0.730815
31159	5.028876	0.953093	8.223328	-0.670339	-2.426645	1.521166	0.566009	0.437607	0.698666	-0.572776	0.818276	-0.048501	-0.592926	-0.372727	0.713802
31160	3.246740	1.104630	8.630065	-0.486852	-2.230533	1.546345	0.543719	0.441818	0.713559	-0.578388	0.813335	-0.062876	-0.608143	-0.378527	0.697768
31161	0.227747	2.785422	9.541153	-0.163463	-1.742956	1.312104	0.525206	0.446092	0.724680	-0.584676	0.807922	-0.073595	-0.618315	-0.385050	0.685144
31162	-0.075349	5.738714	11.023517	-0.026459	-1.178299	0.648747	0.514085	0.446733	0.732220	-0.587837	0.805160	-0.078519	-0.624631	-0.390061	0.676527
31163	3.812338	4.921718	14.292500	0.265234	-0.159705	-0.175633	0.513938	0.445009	0.733372	-0.588846	0.804699	-0.075635	-0.623802	-0.392971	0.675607
31164	-0.436124	4.899829	12.703179	0.435093	0.886707	-0.764617	0.523941	0.442307	0.727908	-0.587531	0.806414	-0.067112	-0.616679	-0.392506	0.682383
31165	-3.230416	4.116528	10.624228	0.482062	1.414846	-1.038538	0.538471	0.439761	0.718790	-0.585282	0.808865	-0.056414	-0.606213	-0.390317	0.692934
31166	-2.912213	2.100086	9.606944	0.419001	1.579779	-1.091023	0.554333	0.437032	0.708320	-0.581793	0.812051	-0.045721	-0.595174	-0.386751	0.704409
31167	-1.210726	0.686269	10.082735	0.488398	1.793370	-1.056803	0.571001	0.435409	0.695972	-0.578793	0.814730	-0.034842	-0.582200	-0.382928	0.717223
31168	-0.092042	-0.466554	9.982847	0.757303	2.069921	-0.966839	0.588480	0.435397	0.681264	-0.577491	0.816081	-0.022719	-0.565858	-0.380054	0.731685
31169	0.236566	-0.319873	10.043720	1.005039	2.323592	-0.843517	0.606351	0.437259	0.664186	-0.577980	0.815995	-0.009549	-0.546148	-0.378096	0.747506
31170	0.391091	-0.431303	9.492929	1.023593	2.443533	-0.691761	0.623451	0.440802	0.645757	-0.579167	0.815205	0.002692	-0.525238	-0.375679	0.763538
31171	1.253052	-0.468680	9.464573	0.962517	2.468100	-0.556900	0.639543	0.445330	0.626630	-0.580435	0.814190	0.013772	-0.504063	-0.372526	0.779195
31172	2.820014	-0.823907	10.152965	0.974024	2.453907	-0.464946	0.654360	0.450627	0.607247	-0.582191	0.812690	0.024277	-0.482563	-0.369419	0.794142
31173	5.321304	-0.975467	11.136561	1.218900	2.616553	-0.455065	0.669454	0.456438	0.586085	-0.584780	0.810354	0.036867	-0.458108	-0.367412	0.809411
31174	6.192999	-0.177717	11.981636	1.340235	2.934850	-0.509355	0.685487	0.463037	0.561876	-0.587244	0.807819	0.050720	-0.430409	-0.364726	0.825665
31175	6.145460	0.681921	11.769919	1.201587	3.177375	-0.663778	0.702790	0.468952	0.534950	-0.587424	0.806701	0.064551	-0.401273	-0.359608	0.842414
31176	5.759591	1.706098	11.334230	0.890071	3.286619	-0.885129	0.720706	0.473465	0.506373	-0.584530	0.807738	0.076701	-0.372702	-0.351269	0.858896
31177	5.950045	2.122159	11.037224	0.511168	3.270295	-1.169455	0.739352	0.475219	0.476996	-0.577728	0.811588	0.086924	-0.345816	-0.339841	0.874597
31178	6.765979	2.350147	11.001042	0.146948	3.222508	-1.514984	0.758776	0.473572	0.447201	-0.566832	0.818316	0.095187	-0.320874	-0.325713	0.889354
31179	7.502418	2.500778	10.733202	-0.165272	3.172794	-1.861997	0.779115	0.468212	0.416842	-0.551873	0.827690	0.101807	-0.297349	-0.309364	0.903259
31180	8.183434	2.495257	10.292657	-0.445919	3.100731	-2.123994	0.799535	0.459799	0.386431	-0.533794	0.838913	0.106245	-0.275331	-0.291221	0.916179
31181	8.891719	1.754918	9.395807	-0.696240	2.962492	-2.262283	0.819397	0.448803	0.356603	-0.513418	0.851270	0.108358	-0.254934	-0.271875	0.927951
31182	10.281833	0.435718	8.856901	-0.794149	2.757825	-2.219733	0.837349	0.436983	0.328469	-0.493045	0.863210	0.108511	-0.236120	-0.252812	0.938261
31183	6.481484	3.379495	11.111532	-0.694077	1.801940	-1.805409	0.850383	0.425541	0.309458	-0.476006	0.872805	0.107843	-0.224205	-0.239011	0.944778
31184	17.545188	0.902484	-1.167601	-3.449998	0.082027	-1.000277	0.855261	0.416908	0.307761	-0.459438	0.884758	0.078230	-0.239679	-0.208304	0.948242
31185	18.016320	-8.915471	-1.887229	-2.865202	0.179728	0.144310	0.855218	0.418245	0.306061	-0.453355	0.889885	0.050732	-0.251141	-0.182141	0.950659
31186	22.073331	-8.060498	-5.919146	-0.362309	-0.345912	-0.354815	0.855951	0.414432	0.309183	-0.449366	0.892039	0.048339	-0.255770	-0.180312	0.949773
31187	19.114738	1.766868	-2.387828	0.608936	-0.768974	-0.595014	0.856731	0.407526	0.316124	-0.445666	0.893444	0.056036	-0.259603	-0.188893	0.947061
31188	16.048641	2.558989	-5.280123	-0.863152	-1.326682	-0.439977	0.855141	0.401072	0.328443	-0.439558	0.896863	0.049254	-0.274814	-0.186489	0.943239
31189	5.511393	-2.698990	-0.803324	-1.250454	-1.237027	-0.543783	0.854105	0.393717	0.339841	-0.431179	0.901408	0.039349	-0.290843	-0.180141	0.939659
31190	3.876405	-9.386844	16.172912	0.057046	-1.976190	-0.842071	0.851801	0.382447	0.358008	-0.424130	0.904590	0.042782	-0.307489	-0.188284	0.932738
31191	10.895711	-7.820739	18.994900	0.194116	-1.465525	-0.749801	0.850373	0.372814	0.371317	-0.418323	0.907066	0.047301	-0.319174	-0.195554	0.927301
31192	14.261667	-12.215312	15.891365	-0.566915	-0.932196	-0.045431	0.847545	0.370561	0.379937	-0.416060	0.908358	0.042186	-0.329486	-0.193831	0.924050
31193	5.787282	-3.593687	6.793425	1.178980	-0.289666	-0.157631	0.847246	0.368551	0.382549	-0.418590	0.906589	0.053650	-0.327042	-0.205586	0.922376
31194	1.969224	7.769727	9.715852	3.033758	-0.778837	-0.453433	0.846641	0.362706	0.389414	-0.424540	0.901572	0.083270	-0.320882	-0.235822	0.917291
31195	8.352362	8.703074	14.940713	-0.058243	-0.554401	-0.182726	0.845629	0.359725	0.394347	-0.422775	0.902386	0.083428	-0.325842	-0.237269	0.915167
31196	4.676563	-2.342569	8.196791	-1.273075	-0.039569	-0.034763	0.845652	0.359293	0.394692	-0.418257	0.905481	0.071871	-0.331563	-0.225861	0.915998
31197	4.357646	0.182579	8.548275	0.542101	-0.323759	-0.065734	0.844845	0.357956	0.397624	-0.419490	0.904484	0.077053	-0.332063	-0.231897	0.914308
31198	4.669226	2.675337	10.253467	0.175087	-0.258131	-0.100674	0.844414	0.356418	0.399914	-0.419183	0.904457	0.079017	-0.333542	-0.234360	0.913140
31199	4.579342	0.886724	9.385944	-0.004142	-0.204348	-0.072858	0.844007	0.355314	0.401751	-0.418576	0.904721	0.079207	-0.335329	-0.235015	0.912317
31200	4.323352	0.515133	9.333932	0.011415	-0.186856	-0.070724	0.843681	0.354207	0.403409	-0.417978	0.904966	0.079559	-0.336891	-0.235739	0.911555
31201	4.306701	1.028519	9.305360	0.069807	-0.192779	-0.072988	0.843307	0.353126	0.405136	-0.417626	0.905051	0.080442	-0.338263	-0.237033	0.910711
31202	4.100787	1.059172	9.416190	-0.011701	-0.181019	-0.065734	0.842974	0.352075	0.406741	-0.416993	0.905332	0.080566	-0.339871	-0.237523	0.909984
31203	4.103301	0.745147	9.326829	-0.023756	-0.200099	-0.061052	0.842557	0.351008	0.408524	-0.416349	0.905628	0.080570	-0.341690	-0.237973	0.909185
31204	4.466288	0.668725	9.464727	0.015149	-0.215165	-0.067176	0.842105	0.349861	0.410435	-0.415796	0.905849	0.080946	-0.343472	-0.238822	0.908290
31205	4.528813	0.643581	9.483027	0.018000	-0.190055	-0.078588	0.841761	0.348708	0.412118	-0.415193	0.906087	0.081369	-0.345041	-0.239602	0.907490
31206	4.459008	0.851945	9.333379	0.055223	-0.183745	-0.080281	0.841465	0.347512	0.413729	-0.414669	0.906255	0.082165	-0.346391	-0.240699	0.906685
31207	4.409467	1.086158	9.306472	0.061127	-0.183899	-0.077476	0.841137	0.346370	0.415351	-0.414216	0.906388	0.082984	-0.347726	-0.241846	0.905868
31208	4.498433	0.904891	9.409969	0.037114	-0.172202	-0.070783	0.840836	0.345284	0.416861	-0.413711	0.906564	0.083579	-0.349053	-0.242736	0.905120
31209	4.733700	1.079111	9.359159	0.044552	-0.147766	-0.056920	0.840551	0.344398	0.418167	-0.413358	0.906671	0.084161	-0.350155	-0.243594	0.904463
31210	4.237407	1.030851	9.177014	0.006046	-0.107276	-0.042792	0.840358	0.343722	0.419111	-0.412980	0.906825	0.084358	-0.351064	-0.243976	0.904008
31211	4.270701	0.797891	9.228973	0.003918	-0.136748	-0.032585	0.840011	0.343073	0.420336	-0.412690	0.906944	0.084495	-0.352233	-0.244445	0.903426
31212	4.570680	0.596126	9.342817	0.018547	-0.135885	-0.040765	0.839706	0.342344	0.421538	-0.412373	0.907060	0.084798	-0.353330	-0.245036	0.902837
31213	4.273205	0.631461	9.240791	-0.001798	-0.127079	-0.034097	0.839391	0.341715	0.422674	-0.412062	0.907193	0.084890	-0.354439	-0.245424	0.902297
31214	4.381521	0.654607	9.256655	-0.011804	-0.150261	-0.036664	0.839014	0.340987	0.424008	-0.411673	0.907368	0.084902	-0.355781	-0.245787	0.901670
31215	4.777957	0.773894	9.389508	0.018942	-0.140731	-0.040595	0.838667	0.340279	0.425262	-0.411391	0.907469	0.085188	-0.356924	-0.246393	0.901052
31216	4.537305	0.880627	9.205282	-0.003875	-0.105406	-0.036115	0.838444	0.339665	0.426190	-0.411035	0.907623	0.085271	-0.357857	-0.246674	0.900606
31217	4.045519	0.896426	9.116221	-0.027624	-0.108156	-0.030321	0.838193	0.339078	0.427152	-0.410623	0.907824	0.085117	-0.358917	-0.246743	0.900165
31218	4.181879	0.938057	9.064246	-0.049905	-0.156065	-0.015109	0.837699	0.338529	0.428553	-0.410277	0.908020	0.084697	-0.360462	-0.246776	0.899538
31219	4.378703	1.528571	9.124426	-0.052789	-0.165529	0.004274	0.837084	0.338138	0.430061	-0.410083	0.908157	0.084154	-0.362108	-0.246805	0.898869
31220	4.595535	1.034421	9.248843	-0.167020	-0.147224	0.026210	0.836448	0.337988	0.431416	-0.409656	0.908501	0.082505	-0.364056	-0.245743	0.898373
31221	4.713056	0.627440	9.212727	-0.125385	-0.137184	0.024486	0.835823	0.337904	0.432691	-0.409417	0.908726	0.081209	-0.365757	-0.245027	0.897877
31222	4.467750	0.817846	9.262015	-0.110962	-0.125844	0.019380	0.835288	0.337745	0.433846	-0.409132	0.908953	0.080093	-0.367295	-0.244401	0.897420
31223	4.664685	0.544562	9.257003	-0.108388	-0.130410	0.008672	0.834740	0.337555	0.435047	-0.408838	0.909180	0.079016	-0.368864	-0.243822	0.896934
31224	4.639539	0.607037	9.259733	-0.082300	-0.123046	0.004645	0.834272	0.337271	0.436164	-0.408533	0.909386	0.078222	-0.370259	-0.243446	0.896461
31225	4.672913	0.567689	9.271027	-0.078549	-0.111726	-0.004202	0.833876	0.336936	0.437179	-0.408168	0.909611	0.077499	-0.371551	-0.243067	0.896029
31226	4.623651	0.698911	9.251832	-0.061309	-0.113592	-0.007935	0.833491	0.336561	0.438200	-0.407833	0.909808	0.076949	-0.372780	-0.242849	0.895578
31227	4.785238	0.924654	9.158244	-0.042731	-0.096486	-0.003913	0.833121	0.336325	0.439084	-0.407655	0.909925	0.076514	-0.373799	-0.242740	0.895182
31228	4.514856	0.887993	9.187363	-0.080415	-0.090893	0.001881	0.832779	0.336095	0.439908	-0.407329	0.910134	0.075751	-0.374916	-0.242271	0.894842
31229	4.470343	0.903358	9.117218	-0.065647	-0.096666	0.004596	0.832402	0.335869	0.440793	-0.407073	0.910303	0.075104	-0.376030	-0.241951	0.894461
31230	4.363887	0.729906	9.168301	-0.083739	-0.109032	0.011929	0.831948	0.335688	0.441787	-0.406816	0.910486	0.074267	-0.377311	-0.241512	0.894041
31231	4.678748	0.648088	9.217623	-0.048204	-0.136263	0.011983	0.831368	0.335482	0.443034	-0.406731	0.910568	0.073728	-0.378678	-0.241491	0.893468
31232	4.845148	0.698156	9.213648	-0.032899	-0.120441	0.008424	0.830882	0.335241	0.444126	-0.406636	0.910640	0.073362	-0.379845	-0.241553	0.892956
31233	4.766388	0.816782	9.204280	-0.019868	-0.098305	0.004756	0.830468	0.335072	0.445029	-0.406609	0.910673	0.073106	-0.380780	-0.241665	0.892527
31234	4.796869	0.619020	9.188217	-0.030562	-0.076980	0.006071	0.830155	0.334915	0.445730	-0.406502	0.910747	0.072771	-0.381575	-0.241601	0.892205
31235	4.744424	0.652307	9.190698	-0.017897	-0.062313	0.000006	0.829901	0.334775	0.446307	-0.406425	0.910799	0.072551	-0.382207	-0.241600	0.891934
31236	4.645355	0.587855	9.133931	-0.003163	-0.056394	-0.003491	0.829705	0.334580	0.446817	-0.406343	0.910840	0.072503	-0.382720	-0.241717	0.891683
31237	4.642794	0.710073	9.124751	0.010979	-0.062309	-0.005896	0.829493	0.334348	0.447385	-0.406295	0.910854	0.072593	-0.383231	-0.241986	0.891390
31238	4.604556	0.802926	9.143268	0.014553	-0.061227	-0.008144	0.829296	0.334099	0.447935	-0.406243	0.910867	0.072724	-0.383712	-0.242280	0.891103
31239	4.617485	0.784700	9.127724	0.015467	-0.068431	-0.000422	0.829030	0.333917	0.448563	-0.406269	0.910848	0.072814	-0.384259	-0.242603	0.890780
31240	4.711393	0.766075	9.109575	0.004671	-0.061905	0.001187	0.828792	0.333751	0.449126	-0.406256	0.910853	0.072816	-0.384785	-0.242809	0.890497
31241	4.561498	0.779679	9.093454	-0.003003	-0.053298	0.002409	0.828571	0.333632	0.449621	-0.406235	0.910870	0.072727	-0.385282	-0.242911	0.890254
31242	4.479381	0.764313	9.112226	-0.013665	-0.066939	0.005927	0.828294	0.333497	0.450231	-0.406191	0.910904	0.072543	-0.385924	-0.242967	0.889960
31243	4.507709	0.899208	9.093283	-0.037939	-0.089319	0.017199	0.827858	0.333462	0.451060	-0.406191	0.910942	0.072062	-0.386859	-0.242874	0.889580
31244	4.795662	0.788963	9.078251	-0.058584	-0.085424	0.029195	0.827413	0.333494	0.451850	-0.406165	0.911008	0.071374	-0.387836	-0.242582	0.889234
31245	4.730717	0.627298	9.090065	-0.041841	-0.080444	0.024111	0.826986	0.333533	0.452603	-0.406203	0.911033	0.070845	-0.388707	-0.242436	0.888893
31246	4.722719	0.797414	9.086794	-0.047938	-0.073718	0.026692	0.826596	0.333571	0.453287	-0.406196	0.911081	0.070263	-0.389543	-0.242203	0.888591
31247	4.655549	0.610576	9.045448	-0.007143	-0.086989	0.025311	0.826144	0.333589	0.454097	-0.406358	0.911026	0.070034	-0.390332	-0.242384	0.888195
31248	4.897212	0.796895	9.204695	-0.043261	-0.073506	0.027644	0.825750	0.333637	0.454779	-0.406376	0.911060	0.069489	-0.391147	-0.242192	0.887889
31249	4.758451	0.574262	9.083223	-0.075892	-0.041383	0.018526	0.825498	0.333714	0.455180	-0.406220	0.911192	0.068668	-0.391841	-0.241588	0.887748
31250	4.712242	0.677997	9.116213	-0.066022	-0.047851	0.021607	0.825227	0.333769	0.455630	-0.406098	0.911300	0.067949	-0.392536	-0.241104	0.887572
31251	4.803724	0.752658	9.080190	-0.076550	-0.048646	0.025913	0.824917	0.333894	0.456099	-0.405999	0.911407	0.067096	-0.393289	-0.240524	0.887396
31252	4.776897	0.700921	9.034696	-0.079944	-0.042744	0.032024	0.824624	0.334057	0.456510	-0.405907	0.911513	0.066205	-0.393998	-0.239895	0.887252
31253	4.758564	0.656900	9.030030	-0.064970	-0.037686	0.036407	0.824315	0.334301	0.456889	-0.405932	0.911560	0.065399	-0.394618	-0.239375	0.887117
31254	4.698896	0.731807	9.101144	-0.065422	-0.038631	0.039286	0.824008	0.334541	0.457267	-0.405956	0.911606	0.064605	-0.395234	-0.238865	0.886980
31255	4.716930	0.649968	9.080453	-0.077954	-0.044972	0.039843	0.823680	0.334745	0.457709	-0.405909	0.911691	0.063697	-0.395967	-0.238254	0.886818
31256	4.679601	0.562953	9.131364	-0.064499	-0.052333	0.041656	0.823308	0.334975	0.458209	-0.405955	0.911726	0.062900	-0.396691	-0.237798	0.886616
31257	4.704539	0.632848	9.066977	-0.045442	-0.061515	0.040669	0.822866	0.335248	0.458803	-0.406134	0.911692	0.062230	-0.397424	-0.237542	0.886356
31258	4.746293	0.657540	9.036142	-0.034451	-0.066949	0.045890	0.822419	0.335481	0.459435	-0.406333	0.911641	0.061679	-0.398147	-0.237410	0.886067
31259	4.748011	0.732239	9.093331	-0.044308	-0.065677	0.054252	0.821926	0.335817	0.460070	-0.406582	0.911576	0.060985	-0.398909	-0.237182	0.885786
31260	4.862419	0.646233	9.036033	-0.049909	-0.067755	0.059079	0.821420	0.336170	0.460716	-0.406827	0.911517	0.060237	-0.399700	-0.236911	0.885501
31261	4.807308	0.647769	8.986979	-0.051956	-0.054468	0.062902	0.820953	0.336573	0.461254	-0.407084	0.911453	0.059462	-0.400398	-0.236585	0.885273
31262	4.786037	0.718345	9.035550	-0.058431	-0.060409	0.074507	0.820412	0.337083	0.461843	-0.407421	0.911361	0.058566	-0.401164	-0.236213	0.885026
31263	4.843721	0.589965	9.056794	-0.081536	-0.049294	0.078647	0.819875	0.337698	0.462346	-0.407733	0.911294	0.057421	-0.401942	-0.235592	0.884838
31264	4.829871	0.497306	8.985496	-0.067444	-0.040963	0.077362	0.819400	0.338281	0.462763	-0.408055	0.911212	0.056431	-0.402585	-0.235073	0.884684
31265	4.809974	0.627978	9.082519	-0.048643	-0.042854	0.073703	0.818922	0.338835	0.463204	-0.408435	0.911091	0.055628	-0.403172	-0.234744	0.884504
31266	4.820641	0.633745	9.062299	-0.057372	-0.036609	0.082233	0.818443	0.339472	0.463583	-0.408835	0.910967	0.054705	-0.403738	-0.234302	0.884363
31267	4.808315	0.637472	9.033153	-0.051992	-0.032438	0.086182	0.817976	0.340118	0.463935	-0.409256	0.910831	0.053825	-0.404259	-0.233896	0.884233
31268	4.727354	0.641181	9.107845	-0.056253	-0.036884	0.093768	0.817447	0.340860	0.464321	-0.409754	0.910663	0.052858	-0.404823	-0.233466	0.884088
31269	4.735772	0.517308	9.051261	-0.053606	-0.053965	0.096970	0.816817	0.341621	0.464870	-0.410318	0.910465	0.051885	-0.405523	-0.233125	0.883857
31270	4.622031	0.561301	9.140939	0.004864	-0.077713	0.101826	0.816088	0.342342	0.465620	-0.411127	0.910126	0.051420	-0.406170	-0.233392	0.883490
31271	4.540091	0.556009	9.231404	0.012838	-0.108835	0.109692	0.815188	0.343074	0.466658	-0.412047	0.909735	0.050979	-0.407046	-0.233842	0.882968
31272	4.391864	0.454934	9.250389	0.081873	-0.176944	0.123535	0.813961	0.343757	0.468293	-0.413346	0.909140	0.051090	-0.408181	-0.235152	0.882095
31273	4.599856	0.487011	9.294124	0.172240	-0.252381	0.130755	0.812364	0.344376	0.470606	-0.415120	0.908283	0.051930	-0.409560	-0.237544	0.880814
31274	4.107810	0.414721	9.610077	0.123837	-0.350707	0.113544	0.810456	0.344544	0.473762	-0.416509	0.907617	0.052449	-0.411923	-0.239834	0.879090
31275	4.779950	0.318790	8.999434	0.196002	-0.449066	0.095362	0.808212	0.344279	0.477772	-0.418032	0.906844	0.053689	-0.414780	-0.243116	0.876842
31276	4.644589	0.335924	9.167863	0.279509	-0.519466	0.079765	0.805720	0.343702	0.482374	-0.419798	0.905906	0.055720	-0.417834	-0.247394	0.874192
31277	4.700720	0.522460	9.169535	0.310090	-0.592604	0.068518	0.802932	0.342847	0.487602	-0.421636	0.904905	0.058041	-0.421335	-0.252194	0.871134
31278	4.699932	0.632086	9.212248	0.319222	-0.673316	0.070697	0.799787	0.341746	0.493508	-0.423513	0.903872	0.060437	-0.425414	-0.257343	0.867639
31279	4.788575	0.740635	9.243868	0.316837	-0.762455	0.076467	0.796210	0.340412	0.500169	-0.425418	0.902818	0.062762	-0.430196	-0.262753	0.863650
31280	4.760301	0.734059	9.207996	0.357523	-0.859406	0.088590	0.792117	0.338901	0.507638	-0.427627	0.901589	0.065363	-0.435529	-0.268855	0.859087
31281	4.703846	0.855734	9.557493	0.326489	-0.996235	0.101179	0.787274	0.337164	0.516256	-0.429893	0.900349	0.067561	-0.442032	-0.275124	0.853765
31282	4.535830	0.707109	9.425230	0.300701	-1.172113	0.117430	0.781545	0.334931	0.526317	-0.432113	0.899139	0.069475	-0.449963	-0.281726	0.847446
31283	4.473425	0.737338	9.376598	0.406266	-1.394494	0.126332	0.774619	0.332143	0.538188	-0.434980	0.897545	0.072149	-0.459084	-0.289989	0.839731
31284	4.235935	1.037363	9.755786	0.406654	-1.683450	0.149601	0.766147	0.328500	0.552364	-0.437979	0.895876	0.074699	-0.470312	-0.299155	0.830249
31285	4.402500	1.026339	9.731532	0.343085	-2.000530	0.168882	0.755834	0.323962	0.569002	-0.440910	0.894283	0.076522	-0.484059	-0.308717	0.818768
31286	4.624668	0.633706	9.592267	0.248827	-2.351776	0.160324	0.743550	0.317994	0.588229	-0.443293	0.893013	0.077587	-0.500624	-0.318447	0.804964
31287	4.263991	0.224736	9.485900	0.282832	-2.764572	0.166220	0.728652	0.310610	0.610400	-0.446018	0.891553	0.078746	-0.519744	-0.329628	0.788170
31288	4.379477	0.397486	9.537823	0.480266	-3.279982	0.156838	0.710552	0.300934	0.636046	-0.449650	0.889481	0.081479	-0.541231	-0.343893	0.767337
31289	4.954151	1.071400	9.670667	0.489100	-3.814784	0.235228	0.688325	0.289678	0.665053	-0.454052	0.887047	0.083568	-0.565726	-0.359491	0.742106
31290	6.070448	1.322020	9.663564	0.378612	-4.255661	0.402149	0.661838	0.277587	0.696359	-0.458914	0.884542	0.083563	-0.592763	-0.374875	0.712812
31291	6.418465	2.201173	10.139341	0.334154	-4.467586	0.658104	0.631606	0.266433	0.728071	-0.465304	0.881428	0.081101	-0.620134	-0.389998	0.680687
31292	8.561646	3.384687	10.988465	-0.114441	-4.542106	0.882218	0.598662	0.256213	0.758919	-0.469958	0.879601	0.073764	-0.648647	-0.400819	0.646994
31293	9.659992	3.581534	11.114336	-0.691048	-4.380027	1.090291	0.564357	0.248244	0.787322	-0.471841	0.879579	0.060886	-0.677397	-0.405852	0.613528
31294	10.207636	2.089783	10.363722	-0.911965	-4.372020	1.206552	0.528425	0.241032	0.814046	-0.472078	0.880368	0.045773	-0.705627	-0.408481	0.578994
31295	11.394369	1.143530	10.030403	-0.523729	-4.196783	1.132877	0.492869	0.233812	0.838100	-0.474139	0.879817	0.033381	-0.729570	-0.413828	0.544494
31296	10.677486	1.136310	10.236454	-0.233289	-4.099342	1.066006	0.457463	0.226041	0.860019	-0.477429	0.878367	0.023091	-0.750193	-0.421161	0.509739
31297	9.777400	0.757722	10.450321	0.059369	-4.082099	1.037264	0.421399	0.217811	0.880330	-0.482485	0.875788	0.014270	-0.767874	-0.430760	0.474147
31298	9.869247	1.304644	10.606581	0.318264	-4.056034	1.046859	0.384863	0.209230	0.898945	-0.489124	0.872191	0.006404	-0.782712	-0.442161	0.438014
31299	10.079273	1.864796	10.534151	0.495085	-3.888483	1.098560	0.348769	0.201387	0.915316	-0.497051	0.867720	-0.001520	-0.794544	-0.454429	0.402733
31300	9.181056	1.756837	9.925409	0.581842	-3.469802	1.152694	0.315269	0.195360	0.928676	-0.505478	0.862783	-0.009898	-0.803179	-0.466305	0.370759
31301	6.957535	1.630721	8.679815	0.775443	-2.893080	1.157212	0.286052	0.191665	0.938850	-0.515205	0.856879	-0.017956	-0.807922	-0.478563	0.343859
31302	3.543758	1.893537	7.638311	0.891905	-2.536923	1.264452	0.258944	0.190133	0.946994	-0.525819	0.850171	-0.026914	-0.810224	-0.490978	0.320122
31303	-0.559451	3.060127	5.808086	0.513163	-3.222381	1.573031	0.224432	0.187500	0.956281	-0.533793	0.844653	-0.040335	-0.815288	-0.501404	0.289653
31304	5.113049	1.519637	10.044482	0.466131	-3.820427	1.762479	0.183706	0.182946	0.965807	-0.541156	0.839055	-0.056003	-0.820611	-0.512365	0.253141
31305	21.529259	3.819233	17.319756	0.788659	-1.944478	1.224540	0.161099	0.183152	0.969795	-0.549747	0.832724	-0.065943	-0.819649	-0.522519	0.234838
31306	7.192046	4.933237	15.169796	-0.165949	0.951781	0.693663	0.165087	0.193859	0.967039	-0.549472	0.832312	-0.073048	-0.819040	-0.519302	0.243924
31307	1.902923	3.150317	10.180215	-0.526554	2.057154	0.366382	0.179955	0.207550	0.961530	-0.545815	0.834274	-0.077930	-0.818353	-0.510794	0.263416
31308	-3.621263	2.190699	5.502845	-0.588474	2.003101	0.222673	0.195134	0.219525	0.955893	-0.541372	0.836808	-0.081662	-0.817826	-0.501558	0.282134
31309	-2.412086	1.751928	5.067339	-0.400407	1.583404	0.169168	0.207198	0.228883	0.951148	-0.538471	0.838401	-0.084452	-0.816773	-0.494667	0.296962
31310	0.274064	1.504994	6.774522	-0.418477	1.568459	0.065600	0.219650	0.237111	0.946326	-0.535148	0.840335	-0.086342	-0.815703	-0.487459	0.311468
31311	2.989624	1.327932	8.663138	-0.359483	1.939009	-0.093476	0.235978	0.245767	0.940166	-0.532047	0.842271	-0.086635	-0.813167	-0.479769	0.329517
31312	4.261774	1.133564	9.296217	-0.374067	2.549192	-0.239975	0.257928	0.255826	0.931679	-0.528373	0.844680	-0.085662	-0.808885	-0.470179	0.353038
31313	4.699031	0.598310	8.790584	-0.377430	3.148325	-0.293749	0.284875	0.268048	0.920324	-0.524588	0.847167	-0.084361	-0.802280	-0.458758	0.381951
31314	4.452424	0.097819	7.707972	-0.352971	3.613151	-0.244809	0.314986	0.282289	0.906144	-0.520989	0.849467	-0.083531	-0.793319	-0.445780	0.414639
31315	3.826429	-0.368344	6.695248	-0.300648	3.839729	-0.118380	0.345884	0.298238	0.889617	-0.518293	0.851087	-0.083808	-0.782136	-0.432095	0.448952
31316	4.284771	-0.793925	6.446762	-0.092426	3.880157	-0.001177	0.375981	0.314725	0.871543	-0.517524	0.851513	-0.084233	-0.768640	-0.419374	0.483030
31317	5.344945	-0.545518	7.234703	0.211732	3.940161	0.028064	0.405824	0.331391	0.851755	-0.519319	0.850495	-0.083468	-0.752074	-0.408459	0.517249
31318	6.341535	-0.142012	8.186082	0.375975	4.061123	-0.012222	0.436050	0.347638	0.830065	-0.522012	0.849049	-0.081365	-0.733051	-0.397824	0.551699
31319	7.066240	0.071408	8.288233	0.427278	4.230265	-0.068159	0.466986	0.363780	0.805971	-0.524873	0.847559	-0.078435	-0.711641	-0.386404	0.586736
31320	7.280721	0.267974	7.934766	0.480752	4.346845	-0.130073	0.498102	0.379190	0.779814	-0.527564	0.846241	-0.074513	-0.688165	-0.374286	0.621561
31321	7.014338	0.469940	7.104955	0.503075	4.304368	-0.181982	0.528167	0.393632	0.752392	-0.530113	0.845035	-0.069970	-0.663340	-0.361897	0.654989
31322	6.707783	0.962484	6.798573	0.529414	4.080130	-0.292357	0.556283	0.405665	0.725248	-0.531928	0.844346	-0.064280	-0.638437	-0.350021	0.685481
31323	6.721339	1.446016	7.108443	0.636751	3.753403	-0.514255	0.582530	0.414404	0.699234	-0.533063	0.844205	-0.056228	-0.613598	-0.339981	0.712678
31324	7.138557	2.345389	8.335217	0.670628	3.502715	-0.813496	0.607936	0.419261	0.674266	-0.532210	0.845373	-0.045802	-0.589209	-0.331006	0.737067
31325	7.364367	2.486754	8.786090	0.364301	3.366896	-1.165595	0.633575	0.420460	0.649458	-0.527143	0.849038	-0.035417	-0.566306	-0.319918	0.759572
31326	7.193221	2.214164	8.945018	0.022597	3.221180	-1.492792	0.659285	0.417807	0.625125	-0.517575	0.855250	-0.025755	-0.545399	-0.306569	0.780100
31327	7.075590	0.240873	9.120557	-0.314336	2.894553	-1.770166	0.683874	0.411353	0.602582	-0.504049	0.863499	-0.017420	-0.527495	-0.291818	0.797867
31328	8.264479	-2.186570	8.866957	0.297513	2.432014	-1.848490	0.705698	0.402315	0.583210	-0.492706	0.870186	-0.004094	-0.509148	-0.284462	0.812311
31329	10.627341	-2.678631	11.141319	0.120267	2.245025	-1.663005	0.725053	0.394191	0.564722	-0.481463	0.876443	0.006375	-0.492434	-0.276515	0.825256
31330	14.404685	-3.389706	14.052285	0.164840	2.225181	-1.296468	0.742011	0.388848	0.546092	-0.472710	0.881092	0.014915	-0.475358	-0.269210	0.837592
31331	18.429346	-3.885844	15.973091	0.049382	2.766722	-0.945877	0.759317	0.387911	0.522458	-0.465897	0.884606	0.020318	-0.454287	-0.258839	0.852423
31332	17.757005	-4.651597	14.223095	0.188538	3.657567	-0.640359	0.778380	0.391455	0.490802	-0.461763	0.886646	0.025153	-0.425322	-0.246213	0.870908
31333	14.521311	-4.723335	11.571967	0.452155	4.267308	-0.362073	0.797428	0.398593	0.453025	-0.460821	0.886960	0.030760	-0.389554	-0.233292	0.890967
31334	11.718306	-4.156975	8.977291	0.793766	4.377851	-0.073842	0.813980	0.407899	0.413588	-0.463128	0.885468	0.038189	-0.350642	-0.222630	0.909663
31335	10.343289	-3.215262	8.265084	1.121683	4.134859	0.212637	0.826657	0.418959	0.375647	-0.468661	0.882098	0.047542	-0.311439	-0.215352	0.925543
31336	10.702487	-2.177064	8.647563	1.314265	3.888023	0.448079	0.835908	0.431158	0.339646	-0.476195	0.877415	0.058150	-0.272939	-0.210346	0.938754
31337	11.264011	-1.564570	9.008523	1.363397	3.745354	0.629597	0.842365	0.444575	0.304588	-0.485015	0.871788	0.068896	-0.234906	-0.205765	0.949989
31338	11.373053	-1.205285	8.632846	1.467504	3.657955	0.722877	0.846731	0.458293	0.270212	-0.494261	0.865552	0.080786	-0.196859	-0.201959	0.959406
31339	7.374454	1.386706	9.323643	1.765414	3.059695	0.750447	0.848443	0.471055	0.241353	-0.503859	0.858461	0.095764	-0.162082	-0.202858	0.965701
31340	11.862119	1.407257	3.259156	0.607555	2.459757	0.683383	0.848678	0.481797	0.218214	-0.510545	0.854013	0.100030	-0.138164	-0.196302	0.970761
31341	10.748881	-0.216454	4.337560	1.039151	2.202041	0.558994	0.848559	0.490925	0.197330	-0.516646	0.849246	0.108894	-0.114123	-0.194353	0.974270
31342	11.469596	-1.699726	3.167738	0.754843	1.932532	0.247853	0.849294	0.496733	0.178762	-0.519512	0.846587	0.115746	-0.093843	-0.191171	0.977060
31343	12.372241	-1.506911	1.582652	1.007465	1.516145	0.052426	0.850291	0.500120	0.163966	-0.520838	0.844390	0.125435	-0.075718	-0.192056	0.978459
31344	12.245748	0.242757	0.834818	1.021696	1.089507	-0.115619	0.851648	0.501235	0.153161	-0.520533	0.843010	0.135570	-0.061164	-0.195183	0.978858
31345	11.550148	1.374004	-0.516214	0.538341	0.500857	-0.212327	0.853040	0.500433	0.147952	-0.519032	0.843028	0.141103	-0.054115	-0.197158	0.978877
31346	11.394065	1.402835	-1.770956	0.181759	-0.168354	-0.311237	0.854570	0.497454	0.149166	-0.516454	0.844241	0.143295	-0.054649	-0.199493	0.978374
31347	11.693743	1.481572	-1.338695	0.164909	-0.834941	-0.589801	0.857140	0.490737	0.156487	-0.511460	0.846851	0.145776	-0.060984	-0.204988	0.976863
31348	10.573585	3.416520	-0.598324	0.029859	-1.370586	-1.169712	0.862158	0.477922	0.168152	-0.501404	0.852475	0.147919	-0.072652	-0.211841	0.974600
