// General information: 
//  MT Manager version: 2022.2.0 
//  XDA version: 2022.2.0 build 7381 rev 124627 built on 2023-07-19
// Device information: 
//  DeviceId: 00B4CB9F
//  ProductCode: MTW2-3A7G6
//  Firmware Version: 4.6.0
//  Hardware Version: 2.0.0
// Device settings: 
//  Filter Profile: human(46.1)
//  Option Flags: Orientation Smoother Disabled, Position/Velocity Smoother Disabled, Continuous Zero Rotation Update Disabled, AHS Disabled, ICC Disabled
// Coordinate system: ENU
PacketCounter	Acc_X	Acc_Y	Acc_Z	Gyr_X	Gyr_Y	Gyr_Z	Mat[1][1]	Mat[2][1]	Mat[3][1]	Mat[1][2]	Mat[2][2]	Mat[3][2]	Mat[1][3]	Mat[2][3]	Mat[3][3]
06373	9.781270	-1.109237	0.183755	0.009046	0.001642	-0.011181	-0.028250	0.114813	0.992985	-0.403694	0.907458	-0.116409	-0.914458	-0.404151	0.020714
06374	9.730836	-1.092498	0.212119	0.008633	0.005931	-0.012761	-0.028206	0.114726	0.992997	-0.404025	0.907324	-0.116304	-0.914313	-0.404476	0.020760
06375	9.737814	-1.091245	0.246774	0.008574	0.008859	-0.015085	-0.028119	0.114653	0.993008	-0.404153	0.907281	-0.116200	-0.914259	-0.404595	0.020825
06376	9.737938	-1.089922	0.247714	0.003891	0.009040	-0.011767	-0.028058	0.114601	0.993015	-0.404232	0.907255	-0.116125	-0.914226	-0.404666	0.020870
06377	9.760603	-1.070445	0.279552	0.000062	0.013285	-0.012366	-0.027942	0.114570	0.993022	-0.404282	0.907243	-0.116049	-0.914208	-0.404703	0.020969
06378	9.767049	-1.039799	0.297432	0.000226	0.016496	-0.007184	-0.027838	0.114580	0.993024	-0.404505	0.907148	-0.116011	-0.914112	-0.404913	0.021095
06379	9.719485	-1.064254	0.291020	-0.002239	0.018231	-0.013085	-0.027674	0.114563	0.993030	-0.404534	0.907146	-0.115928	-0.914104	-0.404923	0.021240
06380	9.773967	-1.037868	0.335065	-0.009936	0.026075	-0.008999	-0.027469	0.114599	0.993032	-0.404505	0.907165	-0.115879	-0.914123	-0.404869	0.021437
06381	9.742538	-1.073765	0.343762	-0.013055	0.027599	-0.011089	-0.027228	0.114638	0.993034	-0.404434	0.907204	-0.115819	-0.914162	-0.404771	0.021662
06382	9.725951	-1.031615	0.314476	-0.015499	0.025760	-0.009380	-0.027003	0.114673	0.993036	-0.404159	0.907333	-0.115766	-0.914290	-0.404470	0.021845
06383	9.731542	-1.083108	0.227349	-0.018598	0.023711	-0.003859	-0.026826	0.114761	0.993031	-0.404036	0.907387	-0.115778	-0.914350	-0.404326	0.022026
06384	9.734133	-1.093861	0.175731	-0.025530	0.017482	-0.004762	-0.026672	0.114802	0.993030	-0.403827	0.907482	-0.115759	-0.914447	-0.404100	0.022156
06385	9.712075	-1.141706	0.163783	-0.028690	0.018361	-0.001567	-0.026553	0.114890	0.993023	-0.403611	0.907573	-0.115796	-0.914545	-0.403870	0.022272
06386	9.712485	-1.171521	0.182608	-0.024046	0.017536	0.000405	-0.026477	0.114974	0.993016	-0.403510	0.907612	-0.115844	-0.914592	-0.403759	0.022362
06387	9.728213	-1.152842	0.180722	-0.012013	0.010879	-0.006248	-0.026408	0.114988	0.993016	-0.403448	0.907641	-0.115832	-0.914621	-0.403689	0.022422
06388	9.759709	-1.115306	0.175834	-0.009372	0.016571	-0.008061	-0.026256	0.114996	0.993019	-0.403279	0.907723	-0.115781	-0.914700	-0.403504	0.022542
06389	9.763887	-1.103598	0.264768	-0.003257	0.019379	-0.008527	-0.026100	0.115024	0.993020	-0.403298	0.907719	-0.115743	-0.914697	-0.403503	0.022698
06390	9.737953	-1.050317	0.254515	-0.007648	0.021125	-0.008284	-0.025901	0.115049	0.993022	-0.403515	0.907631	-0.115681	-0.914606	-0.403696	0.022915
06391	9.770270	-1.072353	0.285217	-0.012038	0.022870	-0.008042	-0.025715	0.115096	0.993021	-0.403453	0.907662	-0.115650	-0.914639	-0.403611	0.023095
06392	9.729014	-1.067492	0.295593	-0.015815	0.024180	-0.006324	-0.025581	0.115154	0.993018	-0.403373	0.907698	-0.115651	-0.914678	-0.403515	0.023230
06393	9.715541	-1.066770	0.229948	-0.019533	0.022561	-0.002283	-0.025421	0.115252	0.993011	-0.403240	0.907753	-0.115679	-0.914741	-0.403363	0.023398
06394	9.738386	-1.078064	0.279897	-0.024019	0.018171	-0.004904	-0.025309	0.115299	0.993008	-0.402974	0.907870	-0.115684	-0.914861	-0.403085	0.023485
06395	9.722646	-1.096324	0.284424	-0.026568	0.018610	-0.000235	-0.025194	0.115399	0.993000	-0.402778	0.907951	-0.115735	-0.914951	-0.402874	0.023605
06396	9.732455	-1.137261	0.283852	-0.018821	0.019842	-0.003775	-0.025059	0.115449	0.992997	-0.402960	0.907872	-0.115721	-0.914874	-0.403038	0.023771
06397	9.713168	-1.084680	0.307257	-0.020352	0.019138	-0.003662	-0.024925	0.115521	0.992992	-0.402821	0.907932	-0.115736	-0.914939	-0.402883	0.023904
06398	9.732434	-1.136612	0.287136	-0.018465	0.018482	-0.004522	-0.024846	0.115565	0.992989	-0.402932	0.907882	-0.115742	-0.914892	-0.402983	0.024008
06399	9.716300	-1.124860	0.274453	-0.014794	0.019452	-0.003274	-0.024710	0.115641	0.992984	-0.402844	0.907919	-0.115760	-0.914935	-0.402878	0.024151
06400	9.706465	-1.083302	0.278153	-0.013970	0.014458	-0.007730	-0.024581	0.115640	0.992987	-0.402742	0.907971	-0.115709	-0.914984	-0.402761	0.024254
06401	9.748162	-1.116923	0.288588	-0.014377	0.015162	-0.001698	-0.024491	0.115713	0.992981	-0.402656	0.908004	-0.115742	-0.915023	-0.402665	0.024355
06402	9.748561	-1.146560	0.307023	-0.013298	0.011091	-0.003932	-0.024439	0.115740	0.992979	-0.402428	0.908104	-0.115751	-0.915126	-0.402431	0.024383
06403	9.739520	-1.164880	0.345012	-0.001619	0.014220	-0.003991	-0.024349	0.115788	0.992975	-0.402460	0.908089	-0.115759	-0.915114	-0.402451	0.024489
06404	9.752410	-1.135256	0.397029	0.009399	0.017131	-0.000237	-0.024253	0.115866	0.992969	-0.402624	0.908013	-0.115787	-0.915044	-0.402601	0.024628
06405	9.748348	-1.034544	0.400424	0.017404	0.019289	-0.001547	-0.024126	0.115957	0.992961	-0.402829	0.907918	-0.115813	-0.914957	-0.402788	0.024807
06406	9.745074	-0.993557	0.438466	0.010926	0.017833	-0.000353	-0.023990	0.116043	0.992954	-0.402820	0.907919	-0.115838	-0.914965	-0.402761	0.024964
06407	9.658987	-1.026010	0.386101	-0.000635	0.008844	0.004350	-0.023982	0.116146	0.992943	-0.402860	0.907890	-0.115927	-0.914948	-0.402797	0.025017
06408	9.792841	-0.998564	0.466453	-0.010590	0.010270	0.004191	-0.023942	0.116245	0.992932	-0.402753	0.907928	-0.116005	-0.914996	-0.402683	0.025081
06409	9.686852	-1.030527	0.311815	-0.025387	0.008666	0.002146	-0.023927	0.116327	0.992923	-0.402566	0.908001	-0.116079	-0.915078	-0.402494	0.025104
06410	9.686597	-1.112380	0.205866	-0.036035	0.000814	0.005254	-0.024059	0.116394	0.992912	-0.402247	0.908127	-0.116202	-0.915215	-0.402191	0.024970
06411	9.776944	-1.210991	0.274594	-0.036932	-0.008734	0.001011	-0.024199	0.116396	0.992908	-0.401955	0.908248	-0.116268	-0.915340	-0.401917	0.024807
06412	9.715321	-1.176587	0.162973	-0.027973	0.000037	0.006269	-0.024316	0.116463	0.992897	-0.401997	0.908215	-0.116375	-0.915318	-0.401972	0.024734
06413	9.696343	-1.154769	0.201237	-0.028256	-0.009944	0.003500	-0.024476	0.116483	0.992891	-0.401784	0.908298	-0.116463	-0.915407	-0.401778	0.024569
06414	9.705785	-1.166314	0.180479	-0.015240	-0.009964	0.003437	-0.024604	0.116485	0.992888	-0.401628	0.908360	-0.116521	-0.915472	-0.401639	0.024434
06415	9.728523	-1.178345	0.227647	0.001199	-0.009933	0.002407	-0.024761	0.116494	0.992883	-0.401685	0.908326	-0.116591	-0.915443	-0.401713	0.024303
06416	9.753684	-1.171355	0.204369	0.021925	-0.009369	0.004106	-0.024885	0.116507	0.992878	-0.401929	0.908211	-0.116646	-0.915332	-0.401970	0.024227
06417	9.774882	-1.063755	0.182764	0.031628	-0.011716	0.002042	-0.025056	0.116506	0.992874	-0.402264	0.908055	-0.116705	-0.915181	-0.402322	0.024114
06418	9.787497	-1.116057	0.126315	0.032493	-0.011233	0.005739	-0.025224	0.116531	0.992867	-0.402801	0.907807	-0.116781	-0.914940	-0.402874	0.024041
06419	9.829015	-1.039530	0.223928	0.039671	-0.004087	0.008884	-0.025353	0.116623	0.992853	-0.403208	0.907610	-0.116906	-0.914757	-0.403290	0.024013
06420	9.735459	-1.012385	0.101925	0.043027	-0.001110	0.005588	-0.025476	0.116682	0.992843	-0.404076	0.907214	-0.116987	-0.914371	-0.404164	0.024037
06421	9.757009	-0.935106	0.098188	0.029513	-0.006514	0.008824	-0.025626	0.116763	0.992829	-0.404390	0.907058	-0.117114	-0.914228	-0.404491	0.023973
06422	9.734144	-0.924447	0.049504	0.017726	-0.007360	0.011847	-0.025796	0.116855	0.992814	-0.404479	0.906998	-0.117264	-0.914183	-0.404597	0.023868
06423	9.718310	-0.944047	0.051454	0.002792	-0.015741	0.012236	-0.026045	0.116930	0.992799	-0.404547	0.906946	-0.117431	-0.914146	-0.404693	0.023682
06424	9.766536	-0.979516	0.092871	-0.005829	-0.017460	0.012070	-0.026293	0.116983	0.992786	-0.404433	0.906977	-0.117583	-0.914189	-0.404607	0.023464
06425	9.757729	-1.029505	0.145325	-0.006238	-0.016755	0.018101	-0.026575	0.117107	0.992764	-0.404418	0.906955	-0.117810	-0.914188	-0.404622	0.023257
06426	9.748901	-1.079699	0.197954	-0.002264	-0.014214	0.016282	-0.026816	0.117209	0.992745	-0.404482	0.906901	-0.118000	-0.914153	-0.404712	0.023090
06427	9.745606	-1.040809	0.232723	0.005034	-0.012931	0.024066	-0.027087	0.117402	0.992715	-0.404568	0.906826	-0.118284	-0.914107	-0.404825	0.022934
06428	9.777940	-1.096118	0.277805	0.009772	-0.007626	0.028907	-0.027385	0.117645	0.992678	-0.404926	0.906623	-0.118617	-0.913939	-0.405209	0.022810
06429	9.796473	-1.121242	0.238421	0.019864	-0.002281	0.026631	-0.027569	0.117904	0.992642	-0.405146	0.906485	-0.118923	-0.913836	-0.405443	0.022777
06430	9.761609	-1.119684	0.280730	0.025009	0.002316	0.025440	-0.027751	0.118158	0.992607	-0.405534	0.906272	-0.119219	-0.913659	-0.405844	0.022767
06431	9.754248	-1.092300	0.230132	0.023628	0.004814	0.030734	-0.027888	0.118484	0.992564	-0.405787	0.906113	-0.119565	-0.913542	-0.406104	0.022810
06432	9.753887	-1.095329	0.231034	0.028468	0.007836	0.032607	-0.027981	0.118833	0.992520	-0.405828	0.906048	-0.119921	-0.913521	-0.406148	0.022873
06433	9.814217	-1.043475	0.290945	0.026268	0.010499	0.028919	-0.028058	0.119164	0.992478	-0.406106	0.905880	-0.120248	-0.913395	-0.406426	0.022976
06434	9.797448	-1.005266	0.260764	0.020139	0.016109	0.035192	-0.028115	0.119556	0.992429	-0.406475	0.905665	-0.120619	-0.913229	-0.406789	0.023133
06435	9.726652	-1.022306	0.205881	0.009015	0.015496	0.034410	-0.028170	0.119958	0.992379	-0.406594	0.905560	-0.121005	-0.913175	-0.406904	0.023265
06436	9.744768	-1.018574	0.150674	0.000494	0.007931	0.038894	-0.028324	0.120356	0.992327	-0.406656	0.905476	-0.121429	-0.913142	-0.406975	0.023297
06437	9.738232	-1.081834	0.152096	-0.005272	0.003774	0.038607	-0.028502	0.120748	0.992274	-0.406643	0.905424	-0.121859	-0.913143	-0.406974	0.023295
06438	9.706187	-1.122433	0.158322	-0.003696	0.001541	0.040813	-0.028697	0.121137	0.992221	-0.406445	0.905453	-0.122299	-0.913224	-0.406793	0.023252
06439	9.718810	-1.097106	0.208584	-0.002683	-0.003187	0.043865	-0.028960	0.121548	0.992163	-0.406454	0.905384	-0.122781	-0.913212	-0.406825	0.023184
06440	9.741047	-1.113178	0.256488	-0.003964	-0.002967	0.046193	-0.029215	0.121969	0.992104	-0.406356	0.905361	-0.123271	-0.913248	-0.406749	0.023113
06441	9.797647	-1.103570	0.245031	0.004145	-0.003118	0.041915	-0.029470	0.122363	0.992048	-0.406427	0.905266	-0.123732	-0.913208	-0.406842	0.023054
06442	9.756095	-1.133417	0.270638	0.017196	0.002292	0.049969	-0.029729	0.122835	0.991982	-0.406448	0.905184	-0.124268	-0.913190	-0.406884	0.023015
06443	9.745959	-1.097188	0.273064	0.024681	-0.001009	0.051818	-0.030005	0.123326	0.991912	-0.406704	0.904992	-0.124822	-0.913067	-0.407160	0.023003
06444	9.710617	-1.068236	0.297948	0.035123	-0.000640	0.056394	-0.030357	0.123843	0.991837	-0.407164	0.904702	-0.125425	-0.912850	-0.407648	0.022960
06445	9.716358	-1.014234	0.297505	0.039960	0.002363	0.058256	-0.030629	0.124406	0.991758	-0.407557	0.904440	-0.126040	-0.912666	-0.408059	0.023001
06446	9.754442	-1.043217	0.360787	0.037392	0.002807	0.062907	-0.031006	0.124996	0.991673	-0.408070	0.904113	-0.126719	-0.912424	-0.408601	0.022974
06447	9.826665	-0.987509	0.329852	0.029580	0.004534	0.064105	-0.031282	0.125621	0.991585	-0.408366	0.903885	-0.127394	-0.912282	-0.408915	0.023024
06448	9.784657	-0.959556	0.321102	0.019354	0.001508	0.069333	-0.031616	0.126264	0.991493	-0.408708	0.903629	-0.128108	-0.912117	-0.409281	0.023037
06449	9.704102	-0.938471	0.266346	-0.006129	-0.007805	0.070438	-0.032031	0.126896	0.991399	-0.408676	0.903538	-0.128853	-0.912117	-0.409288	0.022918
06450	9.633058	-1.018472	0.243159	-0.027303	-0.019531	0.076582	-0.032600	0.127518	0.991300	-0.408636	0.903442	-0.129654	-0.912115	-0.409308	0.022656
06451	9.644373	-1.168036	0.237442	-0.039646	-0.025737	0.082766	-0.033229	0.128187	0.991193	-0.408293	0.903470	-0.130530	-0.912246	-0.409034	0.022316
06452	9.691440	-1.270509	0.312165	-0.035509	-0.031375	0.082615	-0.033910	0.128815	0.991089	-0.408089	0.903439	-0.131385	-0.912312	-0.408908	0.021932
06453	9.731693	-1.313251	0.317883	-0.017540	-0.033719	0.083745	-0.034615	0.129460	0.990980	-0.407946	0.903375	-0.132265	-0.912350	-0.408845	0.021542
06454	9.689532	-1.256988	0.287722	0.000780	-0.037429	0.084132	-0.035405	0.130075	0.990872	-0.408230	0.903118	-0.133142	-0.912192	-0.409218	0.021125
06455	9.702246	-1.086770	0.247251	0.005165	-0.042154	0.086191	-0.036198	0.130708	0.990760	-0.408292	0.902956	-0.134041	-0.912133	-0.409372	0.020682
06456	9.683044	-1.042432	0.264586	-0.014256	-0.045715	0.084515	-0.037015	0.131294	0.990652	-0.408153	0.902890	-0.134912	-0.912163	-0.409332	0.020168
06457	9.668821	-1.020508	0.174559	-0.035284	-0.050616	0.088226	-0.037892	0.131910	0.990537	-0.407844	0.902890	-0.135840	-0.912265	-0.409132	0.019586
06458	9.704643	-1.104432	0.108042	-0.057092	-0.058264	0.085298	-0.038846	0.132460	0.990427	-0.407185	0.903051	-0.136744	-0.912519	-0.408599	0.018855
06459	9.731323	-1.117185	0.025323	-0.072489	-0.065173	0.086427	-0.039849	0.133001	0.990315	-0.406535	0.903205	-0.137660	-0.912766	-0.408083	0.018078
06460	9.709867	-1.124916	-0.083965	-0.082643	-0.076341	0.093294	-0.040954	0.133537	0.990197	-0.405778	0.903399	-0.138614	-0.913054	-0.407477	0.017189
06461	9.658482	-1.117587	-0.065349	-0.102215	-0.094832	0.095671	-0.042264	0.134042	0.990074	-0.404850	0.903660	-0.139625	-0.913406	-0.406732	0.016075
06462	9.657054	-1.186527	-0.041847	-0.117225	-0.108325	0.095372	-0.043673	0.134467	0.989955	-0.404042	0.903871	-0.140599	-0.913697	-0.406124	0.014856
06463	9.635041	-1.281918	0.107518	-0.124041	-0.116566	0.098901	-0.045193	0.134916	0.989826	-0.402910	0.904213	-0.141642	-0.914123	-0.405212	0.013495
06464	9.672308	-1.405598	0.207975	-0.124289	-0.125692	0.098251	-0.046821	0.135301	0.989698	-0.401911	0.904496	-0.142667	-0.914481	-0.404451	0.012030
06465	9.682826	-1.466015	0.349498	-0.110207	-0.127507	0.106238	-0.048470	0.135774	0.989554	-0.400898	0.904770	-0.143777	-0.914839	-0.403679	0.010578
06466	9.659913	-1.462682	0.498483	-0.100515	-0.141136	0.107972	-0.050283	0.136192	0.989406	-0.399973	0.905000	-0.144901	-0.915146	-0.403022	0.008967
06467	9.643122	-1.389765	0.700221	-0.095715	-0.138232	0.109754	-0.052043	0.136656	0.989251	-0.399086	0.905208	-0.146042	-0.915435	-0.402397	0.007428
06468	9.646471	-1.350458	0.809331	-0.102335	-0.136720	0.108596	-0.053741	0.137121	0.989095	-0.397662	0.905654	-0.147160	-0.915957	-0.401234	0.005857
06469	9.672979	-1.384147	1.000734	-0.118041	-0.127285	0.106455	-0.055386	0.137602	0.988938	-0.396568	0.905953	-0.148265	-0.916333	-0.400393	0.004391
06470	9.676863	-1.375545	1.127796	-0.139324	-0.121042	0.106249	-0.056984	0.138089	0.988779	-0.395384	0.906292	-0.149355	-0.916747	-0.399458	0.002954
06471	9.689279	-1.438783	1.269745	-0.159745	-0.105472	0.102881	-0.058413	0.138628	0.988620	-0.393905	0.906759	-0.150423	-0.917293	-0.398209	0.001640
06472	9.655122	-1.476382	1.317587	-0.174914	-0.088301	0.100643	-0.059716	0.139196	0.988463	-0.392380	0.907247	-0.151463	-0.917863	-0.396897	0.000441
06473	9.622954	-1.434046	1.262404	-0.197222	-0.075011	0.100450	-0.060853	0.139837	0.988303	-0.390553	0.907861	-0.152503	-0.918567	-0.395265	-0.000632
06474	9.598724	-1.463523	1.221874	-0.225806	-0.065185	0.105953	-0.061941	0.140550	0.988134	-0.388591	0.908520	-0.153585	-0.919326	-0.393493	-0.001658
06475	9.461383	-1.498626	1.134714	-0.244706	-0.074955	0.117645	-0.063142	0.141353	0.987944	-0.386312	0.909287	-0.154789	-0.920204	-0.391428	-0.002808
06476	9.465629	-1.521952	0.892088	-0.265153	-0.081728	0.121905	-0.064455	0.142153	0.987744	-0.383982	0.910062	-0.156030	-0.921088	-0.389332	-0.004074
06477	9.497312	-1.395660	0.488511	-0.301110	-0.096857	0.119006	-0.065858	0.142888	0.987545	-0.381174	0.911034	-0.157238	-0.922154	-0.386782	-0.005534
06478	9.434530	-1.241514	-0.089641	-0.347996	-0.124252	0.113068	-0.067601	0.143418	0.987351	-0.378659	0.911884	-0.158382	-0.923064	-0.384576	-0.007338
06479	9.338587	-1.329160	-0.728888	-0.410315	-0.182287	0.114772	-0.069773	0.143796	0.987145	-0.374835	0.913263	-0.159527	-0.924462	-0.381147	-0.009821
06480	9.335893	-1.627097	-1.337236	-0.453256	-0.253473	0.120808	-0.072654	0.143940	0.986916	-0.370924	0.914652	-0.160706	-0.925817	-0.377747	-0.013062
06481	9.303717	-1.996207	-1.954289	-0.463189	-0.331038	0.110031	-0.076182	0.143731	0.986680	-0.366596	0.916208	-0.161770	-0.927256	-0.374037	-0.017107
06482	9.884455	-2.039720	-2.437953	-0.411796	-0.390818	0.116476	-0.080317	0.143338	0.986409	-0.363097	0.917405	-0.162876	-0.928283	-0.371244	-0.021638
06483	9.783990	-1.991637	-2.693872	-0.338027	-0.444338	0.098801	-0.084856	0.142630	0.986132	-0.359921	0.918488	-0.163817	-0.929116	-0.368830	-0.026604
06484	9.630331	-2.093819	-2.718936	-0.226288	-0.497530	0.069967	-0.089776	0.141460	0.985865	-0.357770	0.919211	-0.164476	-0.929484	-0.367478	-0.031913
06485	9.743996	-2.260233	-2.638134	-0.094574	-0.551181	0.057220	-0.095157	0.139990	0.985570	-0.356883	0.919452	-0.165056	-0.929290	-0.367439	-0.037533
06486	9.729619	-2.324657	-2.431218	0.056217	-0.591434	0.050965	-0.100961	0.138267	0.985236	-0.357687	0.919036	-0.165630	-0.928368	-0.369128	-0.043330
06487	9.884927	-2.089395	-2.085385	0.211926	-0.620996	0.063283	-0.107003	0.136576	0.984834	-0.359632	0.918137	-0.166401	-0.926939	-0.371983	-0.049127
06488	9.804674	-1.682657	-1.629928	0.317377	-0.622349	0.065409	-0.113102	0.134812	0.984395	-0.363006	0.916655	-0.167243	-0.924897	-0.376256	-0.054738
06489	9.773410	-1.362683	-1.083847	0.360343	-0.606622	0.051912	-0.118950	0.133021	0.983949	-0.366318	0.915196	-0.168010	-0.922855	-0.380423	-0.060135
06490	9.797979	-1.146249	-0.520832	0.369281	-0.566243	0.044796	-0.124348	0.131283	0.983515	-0.369668	0.913720	-0.168704	-0.920806	-0.384552	-0.065088
06491	9.730132	-1.131779	0.060732	0.345603	-0.520557	0.035688	-0.129323	0.129625	0.983094	-0.372845	0.912311	-0.169339	-0.918837	-0.388441	-0.069653
06492	9.746809	-1.485774	0.496508	0.284831	-0.458207	0.035949	-0.133790	0.128151	0.982689	-0.375609	0.911063	-0.169948	-0.917071	-0.391844	-0.073756
06493	9.629317	-1.653911	0.736991	0.227816	-0.401688	0.039816	-0.137676	0.126962	0.982307	-0.377685	0.910089	-0.170562	-0.915642	-0.394484	-0.077346
06494	9.731286	-1.764015	1.084082	0.176906	-0.342341	0.035909	-0.141055	0.125911	0.981962	-0.379508	0.909230	-0.171100	-0.914372	-0.396797	-0.080467
06495	9.757821	-1.820596	1.353994	0.121159	-0.267797	0.028505	-0.143666	0.125133	0.981683	-0.380617	0.908685	-0.171530	-0.913505	-0.398288	-0.082919
06496	9.905030	-1.894531	1.737806	0.076519	-0.184535	0.012783	-0.145499	0.124470	0.981497	-0.381711	0.908183	-0.171759	-0.912758	-0.399639	-0.084628
06497	9.900716	-1.853088	2.018492	0.033874	-0.086918	-0.003543	-0.146334	0.124118	0.981418	-0.382067	0.908024	-0.171804	-0.912475	-0.400108	-0.085453
06498	9.822404	-1.678898	2.010874	-0.023901	0.004027	-0.010791	-0.146359	0.123987	0.981431	-0.382343	0.907924	-0.171719	-0.912356	-0.400376	-0.085477
06499	9.731115	-1.635621	1.842980	-0.121319	0.040101	0.004078	-0.146064	0.124211	0.981446	-0.381272	0.908377	-0.171706	-0.912851	-0.399278	-0.085323
06500	9.448018	-1.534785	1.321774	-0.209468	0.053135	0.026459	-0.145770	0.124651	0.981434	-0.379558	0.909070	-0.171835	-0.913612	-0.397560	-0.085203
06501	9.341011	-1.247213	0.411081	-0.318782	0.015269	0.040373	-0.145838	0.125106	0.981366	-0.376627	0.910255	-0.172010	-0.914813	-0.394694	-0.085632
06502	9.489378	-1.297289	-0.382534	-0.434601	-0.013142	0.034685	-0.146203	0.125307	0.981286	-0.373198	0.911665	-0.172020	-0.916159	-0.391364	-0.086524
06503	9.430994	-1.548331	-1.311626	-0.528001	-0.048410	0.032848	-0.146824	0.125446	0.981176	-0.368350	0.913650	-0.171933	-0.918020	-0.386660	-0.087938
06504	9.474809	-1.799840	-2.008757	-0.558049	-0.087068	0.036667	-0.147768	0.125477	0.981030	-0.363173	0.915740	-0.171829	-0.919929	-0.381674	-0.089747
06505	9.580918	-2.134968	-2.702597	-0.545715	-0.121638	0.041987	-0.149093	0.125429	0.980836	-0.358128	0.917731	-0.171797	-0.921692	-0.376878	-0.091908
06506	9.674902	-2.381834	-3.049237	-0.491383	-0.153868	0.027301	-0.150714	0.125039	0.980638	-0.354144	0.919304	-0.171647	-0.922966	-0.373157	-0.094270
06507	9.519442	-2.488757	-3.348444	-0.423320	-0.191484	0.018524	-0.152601	0.124527	0.980411	-0.350249	0.920827	-0.171476	-0.924142	-0.369556	-0.096904
06508	9.494322	-2.488980	-3.519032	-0.322376	-0.241234	-0.003778	-0.154899	0.123617	0.980166	-0.347330	0.921988	-0.171170	-0.924861	-0.366955	-0.099879
06509	9.497150	-2.369241	-3.288933	-0.184153	-0.268341	-0.037372	-0.157305	0.122319	0.979945	-0.345728	0.922683	-0.170669	-0.925055	-0.365641	-0.102854
06510	9.402104	-2.209724	-2.967708	-0.063910	-0.290550	-0.068249	-0.159782	0.120667	0.979749	-0.345149	0.923029	-0.169970	-0.924847	-0.365318	-0.105836
06511	9.273058	-2.318836	-2.640039	0.031992	-0.314715	-0.088583	-0.162440	0.118728	0.979549	-0.345630	0.922992	-0.169189	-0.924204	-0.366045	-0.108895
06512	9.624838	-2.428613	-2.139362	0.143065	-0.334920	-0.098653	-0.165257	0.116576	0.979337	-0.347339	0.922491	-0.168421	-0.923063	-0.367994	-0.111956
06513	9.714962	-2.240003	-1.525396	0.251989	-0.335036	-0.091521	-0.168082	0.114524	0.979098	-0.349857	0.921641	-0.167863	-0.921601	-0.370759	-0.114844
06514	9.688108	-1.971361	-0.900027	0.327568	-0.326107	-0.093347	-0.170833	0.112432	0.978864	-0.353278	0.920424	-0.167374	-0.919788	-0.374405	-0.117519
06515	9.690825	-1.771880	-0.343940	0.360696	-0.323302	-0.086305	-0.173551	0.110450	0.978612	-0.356783	0.919137	-0.167011	-0.917925	-0.378137	-0.120111
06516	9.577680	-1.683588	0.261764	0.358115	-0.312811	-0.080133	-0.176276	0.108412	0.978353	-0.360951	0.917563	-0.166710	-0.915774	-0.382524	-0.122613
06517	9.417049	-1.984414	0.710810	0.341258	-0.304456	-0.062563	-0.178888	0.106696	0.978067	-0.364225	0.916293	-0.166574	-0.913969	-0.386034	-0.125053
06518	9.467574	-2.171619	1.024971	0.332467	-0.308433	-0.041102	-0.181606	0.105133	0.977735	-0.367442	0.914997	-0.166636	-0.912143	-0.389523	-0.127539
06519	9.606485	-2.017746	1.276974	0.323040	-0.305721	-0.025287	-0.184353	0.103733	0.977371	-0.370473	0.913733	-0.166858	-0.910365	-0.392850	-0.130019
06520	9.806137	-1.661488	1.610483	0.266437	-0.297594	-0.024259	-0.187027	0.102334	0.977010	-0.373152	0.912612	-0.167021	-0.908724	-0.395811	-0.132497
06521	9.902511	-1.490091	1.894257	0.165878	-0.268694	-0.028691	-0.189414	0.101034	0.976685	-0.374753	0.911957	-0.167016	-0.907570	-0.397651	-0.134875
06522	9.867091	-1.409745	2.018661	0.055583	-0.237481	-0.026256	-0.191577	0.099821	0.976388	-0.375578	0.911640	-0.166894	-0.906774	-0.398683	-0.137159
06523	9.922875	-1.284697	2.003415	-0.068311	-0.217168	-0.009428	-0.193565	0.098897	0.976090	-0.375016	0.911896	-0.166761	-0.906584	-0.398329	-0.139424
06524	9.798790	-1.145019	1.705123	-0.186137	-0.203052	0.002005	-0.195505	0.098006	0.975793	-0.373973	0.912360	-0.166562	-0.906599	-0.397484	-0.141720
06525	9.296281	-0.998824	1.048157	-0.321740	-0.218528	0.013254	-0.197591	0.097289	0.975445	-0.371069	0.913596	-0.166286	-0.907340	-0.394814	-0.144418
06526	9.541202	-1.160837	0.237651	-0.485197	-0.280553	0.016500	-0.200298	0.096294	0.974991	-0.366988	0.915332	-0.165794	-0.908405	-0.391019	-0.148000
06527	9.406138	-1.627633	-0.890865	-0.630839	-0.344780	0.021246	-0.203564	0.095178	0.974424	-0.361249	0.917735	-0.165108	-0.909978	-0.385620	-0.152435
06528	9.169961	-2.067874	-1.922169	-0.705195	-0.417344	-0.001063	-0.207454	0.093487	0.973767	-0.355376	0.920214	-0.164056	-0.911412	-0.380087	-0.157679
06529	9.244744	-2.348144	-2.591577	-0.689743	-0.465469	-0.040795	-0.211609	0.091384	0.973073	-0.349209	0.922828	-0.162606	-0.912839	-0.374215	-0.163367
06530	9.297774	-2.791682	-2.832315	-0.634521	-0.498824	-0.083124	-0.215958	0.088766	0.972359	-0.343754	0.925189	-0.160807	-0.913890	-0.368980	-0.169288
06531	9.706102	-3.363062	-2.878778	-0.530722	-0.501931	-0.104861	-0.220242	0.085983	0.971648	-0.339170	0.927203	-0.158929	-0.914580	-0.364557	-0.175046
06532	9.902996	-3.140518	-2.872822	-0.324034	-0.484533	-0.133404	-0.224320	0.083027	0.970972	-0.336470	0.928493	-0.157128	-0.914587	-0.361950	-0.180343
06533	10.358185	-1.988116	-2.452726	-0.162597	-0.449514	-0.168067	-0.227918	0.079871	0.970399	-0.335402	0.929194	-0.155256	-0.914089	-0.360860	-0.184992
06534	10.110803	-1.213626	-1.904376	-0.141572	-0.355583	-0.195586	-0.230621	0.076662	0.970019	-0.335142	0.929637	-0.153150	-0.913506	-0.360414	-0.188702
06535	9.804337	-1.505244	-1.622367	-0.186125	-0.312287	-0.216126	-0.232804	0.073558	0.969738	-0.333982	0.930445	-0.150756	-0.913377	-0.358972	-0.192044
06536	10.006896	-2.026949	-1.179392	-0.166369	-0.300846	-0.223135	-0.234913	0.070384	0.969465	-0.333210	0.931110	-0.148340	-0.913120	-0.357882	-0.195277
06537	10.108604	-2.124691	-0.700521	-0.136130	-0.250500	-0.199442	-0.236589	0.067661	0.969251	-0.332476	0.931712	-0.146196	-0.912954	-0.356841	-0.197937
06538	10.222606	-1.866561	-0.181301	-0.142170	-0.196754	-0.175318	-0.237882	0.065308	0.969096	-0.331816	0.932246	-0.144275	-0.912858	-0.355882	-0.200095
06539	10.265975	-1.637117	0.259557	-0.212472	-0.104598	-0.172082	-0.238320	0.063362	0.969117	-0.330324	0.933089	-0.142238	-0.913285	-0.354021	-0.201444
06540	10.350826	-1.443749	0.706990	-0.304367	-0.002293	-0.203448	-0.237708	0.061446	0.969391	-0.328271	0.934194	-0.139712	-0.914185	-0.351433	-0.201894
06541	10.343781	-1.208754	1.019552	-0.400038	0.097881	-0.250425	-0.236047	0.059478	0.969920	-0.325242	0.935722	-0.136534	-0.915696	-0.347687	-0.201530
06542	10.672944	-1.041248	1.284229	-0.496855	0.201787	-0.304810	-0.233253	0.057365	0.970723	-0.321404	0.937607	-0.132637	-0.917765	-0.342932	-0.200262
06543	10.241045	-0.972693	1.194069	-0.559175	0.325133	-0.339558	-0.229233	0.055314	0.971799	-0.317090	0.939680	-0.128283	-0.920275	-0.337554	-0.197866
06544	9.861844	-0.980791	0.966733	-0.602019	0.417664	-0.333508	-0.224397	0.053659	0.973019	-0.312173	0.941907	-0.123936	-0.923144	-0.331561	-0.194610
06545	9.674924	-1.106257	0.779876	-0.638843	0.478577	-0.307528	-0.219072	0.052362	0.974303	-0.306988	0.944147	-0.119768	-0.926156	-0.325337	-0.190762
06546	9.671464	-1.254145	0.593058	-0.646613	0.548905	-0.261302	-0.213231	0.051738	0.975631	-0.301414	0.946403	-0.116065	-0.929345	-0.318818	-0.186208
06547	9.752508	-1.249416	0.398913	-0.625786	0.609368	-0.237929	-0.206900	0.051440	0.977009	-0.296130	0.948482	-0.112649	-0.932470	-0.312628	-0.181008
06548	9.938262	-1.022575	0.316724	-0.586949	0.685625	-0.237452	-0.199841	0.051368	0.978481	-0.291148	0.950407	-0.109357	-0.935573	-0.306737	-0.174974
06549	10.084439	-0.735048	0.216939	-0.538912	0.783017	-0.245280	-0.191846	0.051449	0.980076	-0.286620	0.952152	-0.106088	-0.938639	-0.301262	-0.167920
06550	9.592018	-0.481784	0.053148	-0.504178	0.853897	-0.264482	-0.183066	0.051495	0.981751	-0.282703	0.953690	-0.102738	-0.941576	-0.296352	-0.160030
06551	10.066371	-0.120230	0.066254	-0.465079	0.891385	-0.277968	-0.173931	0.051495	0.983411	-0.278856	0.955181	-0.099337	-0.944451	-0.291508	-0.151776
06552	9.646447	0.228977	-0.155932	-0.470782	0.971010	-0.285226	-0.163954	0.051632	0.985116	-0.274937	0.956668	-0.095899	-0.947380	-0.286568	-0.142653
06553	9.943594	0.289399	-0.197090	-0.525512	0.989470	-0.281155	-0.153849	0.051783	0.986736	-0.270442	0.958286	-0.092457	-0.950364	-0.281080	-0.133428
06554	10.114941	0.148563	-0.145479	-0.580585	1.028833	-0.266636	-0.143345	0.052133	0.988299	-0.265509	0.959978	-0.089149	-0.953393	-0.275181	-0.123766
06555	10.662591	-0.155488	-0.020351	-0.637208	1.062115	-0.227996	-0.132654	0.052865	0.989752	-0.259784	0.961813	-0.086191	-0.956512	-0.268555	-0.113855
06556	10.867498	-0.577915	-0.015637	-0.682910	1.091207	-0.178283	-0.121748	0.054066	0.991087	-0.253693	0.963654	-0.083734	-0.959592	-0.261627	-0.103607
06557	10.781927	-0.912127	-0.195275	-0.695527	1.114009	-0.125993	-0.110777	0.055760	0.992280	-0.247202	0.965500	-0.081853	-0.962611	-0.254361	-0.093171
06558	10.728069	-1.144188	-0.349480	-0.697638	1.118723	-0.078505	-0.099805	0.057862	0.993323	-0.240598	0.967279	-0.080519	-0.965480	-0.247028	-0.082618
06559	10.879362	-1.249475	-0.228501	-0.693574	1.128500	-0.027898	-0.088878	0.060375	0.994211	-0.233967	0.968968	-0.079758	-0.968174	-0.239701	-0.071994
06560	11.271040	-1.671205	-0.216377	-0.706288	1.147531	0.023640	-0.077856	0.063389	0.994947	-0.227104	0.970611	-0.079609	-0.970753	-0.232155	-0.061172
06561	11.214181	-2.217012	-0.231705	-0.682511	1.195432	0.105758	-0.066523	0.067185	0.995520	-0.220444	0.972086	-0.080334	-0.973128	-0.224801	-0.049856
06562	11.505138	-2.515243	-0.264324	-0.610949	1.211508	0.183953	-0.055110	0.071755	0.995899	-0.213880	0.973415	-0.081971	-0.975304	-0.217521	-0.038297
06563	11.509875	-2.567071	-0.345756	-0.512950	1.234770	0.243535	-0.043620	0.076815	0.996091	-0.208804	0.974319	-0.084279	-0.976984	-0.211664	-0.026461
06564	11.587481	-2.406170	-0.315583	-0.380690	1.252584	0.288897	-0.031986	0.082333	0.996091	-0.204482	0.974983	-0.087154	-0.978348	-0.206471	-0.014351
06565	11.661489	-1.959536	-0.387700	-0.239888	1.295137	0.318295	-0.020006	0.088127	0.995908	-0.202104	0.975187	-0.090353	-0.979160	-0.203085	-0.001699
06566	11.810195	-1.256107	-0.491137	-0.136859	1.330215	0.351903	-0.007688	0.094310	0.995513	-0.200371	0.975207	-0.093934	-0.979690	-0.200194	0.011399
06567	11.768642	-0.919794	-0.685160	-0.084948	1.390985	0.372913	0.005146	0.100755	0.994898	-0.199588	0.974996	-0.097707	-0.979866	-0.198067	0.025126
06568	11.600981	-0.742426	-0.727463	-0.047796	1.410114	0.387917	0.018222	0.107381	0.994051	-0.198850	0.974744	-0.101651	-0.979860	-0.195815	0.039115
06569	11.491733	-0.854087	-0.829538	0.084541	1.429610	0.414197	0.031352	0.114251	0.992957	-0.199836	0.974104	-0.105772	-0.979328	-0.195113	0.053372
06570	11.632679	-0.345211	-0.962827	0.221529	1.409992	0.454217	0.044230	0.121467	0.991610	-0.201775	0.973211	-0.110213	-0.978433	-0.195208	0.067555
06571	10.360532	0.008841	-1.282960	0.252574	1.376922	0.512554	0.056604	0.129184	0.990004	-0.204560	0.972058	-0.115146	-0.977216	-0.195997	0.081448
06572	9.379137	-0.080964	-1.406550	0.229471	1.254365	0.496973	0.067880	0.136512	0.988310	-0.206763	0.971014	-0.119922	-0.976034	-0.196205	0.094138
06573	9.362663	-0.693828	-1.188335	0.250043	1.139372	0.487808	0.077928	0.143525	0.986574	-0.209614	0.969822	-0.124530	-0.974674	-0.197096	0.105661
06574	9.608609	-1.475594	-1.141406	0.352707	1.075658	0.510625	0.087261	0.150596	0.984737	-0.213071	0.968453	-0.129225	-0.973132	-0.198542	0.116595
06575	9.915030	-2.139706	-1.206435	0.526193	1.025605	0.505252	0.096090	0.157577	0.982820	-0.218707	0.966602	-0.133594	-0.971048	-0.202113	0.127344
06576	10.091990	-2.272900	-1.134470	0.766280	1.027541	0.484772	0.104988	0.164377	0.980794	-0.226210	0.964338	-0.137405	-0.968404	-0.207440	0.138427
06577	10.046280	-1.848203	-0.943067	0.990606	1.072801	0.433626	0.114305	0.170858	0.978643	-0.236320	0.961498	-0.140262	-0.964929	-0.215240	0.150282
06578	9.826316	-1.182051	-0.683771	1.150841	1.130019	0.401812	0.124176	0.177214	0.976307	-0.247758	0.958295	-0.142432	-0.960831	-0.224201	0.162904
06579	9.659704	-0.797565	-0.317449	1.212853	1.166743	0.358005	0.134400	0.183347	0.973817	-0.259906	0.954851	-0.143905	-0.956235	-0.233760	0.175985
06580	9.571410	-0.598085	0.022734	1.182530	1.210951	0.319929	0.145064	0.189331	0.971139	-0.271678	0.951417	-0.144904	-0.951392	-0.242817	0.189454
06581	9.301754	-0.617052	0.304457	1.137533	1.242077	0.288558	0.155998	0.195176	0.968282	-0.282966	0.948029	-0.145505	-0.946359	-0.251292	0.203119
06582	8.846823	-0.587227	0.496398	1.100809	1.253490	0.243963	0.167089	0.200732	0.965292	-0.293806	0.944711	-0.145596	-0.941148	-0.259281	0.216827
06583	8.109131	-0.647468	0.775375	1.056795	1.234049	0.181791	0.178075	0.205728	0.962271	-0.304098	0.941538	-0.145020	-0.935849	-0.266801	0.230225
06584	7.921773	-0.542843	0.955414	1.044620	1.182358	0.094489	0.188779	0.209858	0.959334	-0.314075	0.938491	-0.143495	-0.930441	-0.274214	0.243078
06585	7.799582	-0.371302	1.013787	1.044372	1.146233	0.021264	0.199291	0.213277	0.956450	-0.323865	0.935518	-0.141127	-0.924875	-0.281635	0.255514
06586	7.597693	-0.237593	1.157027	1.021533	1.093991	-0.049905	0.209505	0.215971	0.953658	-0.333236	0.932687	-0.138015	-0.919272	-0.288878	0.267372
06587	7.366852	-0.103085	1.269132	1.027595	1.037607	-0.105672	0.219318	0.218056	0.950974	-0.342487	0.929884	-0.134234	-0.913566	-0.296256	0.278621
06588	7.207372	-0.064969	1.419050	1.010284	0.958523	-0.149071	0.228527	0.219582	0.948451	-0.351404	0.927157	-0.129982	-0.907904	-0.303586	0.289042
06589	7.391336	0.037708	1.579818	0.972588	0.879837	-0.170139	0.237042	0.220741	0.946089	-0.359873	0.924517	-0.125541	-0.902387	-0.310713	0.298588
06590	7.587177	0.095742	1.560740	0.923030	0.801534	-0.188462	0.244902	0.221549	0.943896	-0.367770	0.922012	-0.120992	-0.897089	-0.317506	0.307281
06591	7.762727	0.217845	1.661333	0.853316	0.729727	-0.202309	0.252127	0.222057	0.941872	-0.374962	0.919696	-0.116456	-0.892096	-0.323805	0.315144
06592	7.827072	0.225460	1.651310	0.754451	0.648621	-0.215355	0.258675	0.222222	0.940055	-0.381168	0.917691	-0.112049	-0.887580	-0.329335	0.322088
06593	7.854055	0.220708	1.717583	0.659393	0.559530	-0.222004	0.264429	0.222074	0.938489	-0.386488	0.915967	-0.107848	-0.883575	-0.334197	0.328037
06594	7.843028	0.145995	1.821866	0.562195	0.455937	-0.222330	0.269276	0.221592	0.937223	-0.390891	0.914551	-0.103924	-0.880167	-0.338368	0.332885
06595	7.794929	-0.057988	1.927267	0.465823	0.345609	-0.204498	0.273062	0.220929	0.936284	-0.394491	0.913390	-0.100475	-0.877390	-0.341920	0.336567
06596	7.859004	-0.366539	1.899132	0.411092	0.246755	-0.190165	0.275940	0.220057	0.935645	-0.397606	0.912380	-0.097323	-0.875081	-0.345163	0.339258
06597	7.964494	-0.473985	1.997777	0.363719	0.145349	-0.173569	0.277849	0.219007	0.935327	-0.400366	0.911471	-0.094488	-0.873216	-0.348220	0.340934
06598	7.956952	-0.555630	2.109153	0.340550	0.055029	-0.167976	0.278966	0.217683	0.935303	-0.402903	0.910630	-0.091770	-0.871692	-0.351236	0.341740
06599	7.940371	-0.739709	2.350806	0.334736	-0.019809	-0.165582	0.279408	0.216135	0.935530	-0.405418	0.909779	-0.089103	-0.870384	-0.354384	0.341825
06600	7.952946	-0.896404	2.714593	0.363775	-0.080057	-0.160012	0.279325	0.214408	0.935953	-0.408167	0.908812	-0.086377	-0.869124	-0.357898	0.341368
06601	8.018392	-1.020979	3.031356	0.436529	-0.111499	-0.167201	0.278987	0.212517	0.936484	-0.411552	0.907567	-0.083349	-0.867635	-0.362159	0.340661
06602	8.147592	-0.944219	3.391865	0.509344	-0.134531	-0.167828	0.278476	0.210517	0.937088	-0.415533	0.906048	-0.080059	-0.865901	-0.367096	0.339789
06603	8.565439	-0.766380	3.980755	0.596213	-0.153797	-0.183737	0.277859	0.208313	0.937763	-0.420239	0.904197	-0.076340	-0.863825	-0.372873	0.338780
06604	8.995507	-0.586078	4.586418	0.666959	-0.127162	-0.198864	0.277564	0.206052	0.938350	-0.425474	0.902083	-0.072233	-0.861354	-0.379194	0.338056
06605	9.284612	-0.056578	5.081805	0.758621	-0.090364	-0.193645	0.277562	0.203989	0.938801	-0.431520	0.899546	-0.067879	-0.858342	-0.386271	0.337705
06606	9.203821	0.466398	5.437553	0.736775	-0.052371	-0.165499	0.277794	0.202312	0.939096	-0.437406	0.896994	-0.063853	-0.855282	-0.393028	0.337672
06607	9.331253	0.228920	7.074783	0.493195	-0.030440	-0.037380	0.277643	0.201883	0.939233	-0.441575	0.895089	-0.061863	-0.853186	-0.397566	0.337661
06608	10.349995	-0.312355	8.324614	0.259195	0.060877	0.118822	0.277600	0.203201	0.938961	-0.444145	0.893799	-0.062118	-0.851865	-0.399791	0.338369
06609	9.848381	-0.257880	7.661827	0.107085	0.201369	0.183415	0.278443	0.205672	0.938173	-0.445627	0.892964	-0.063502	-0.850815	-0.400393	0.340292
06610	8.657782	0.906687	6.873703	-0.135260	0.199977	0.189782	0.279267	0.208181	0.937374	-0.445035	0.893095	-0.065761	-0.850855	-0.398800	0.342060
06611	7.683606	1.990259	6.113643	-0.455200	0.104181	0.154529	0.279414	0.210003	0.936924	-0.441650	0.894546	-0.068793	-0.852569	-0.394571	0.342696
06612	6.859877	2.500168	5.286144	-0.777016	-0.070111	0.098811	0.278354	0.210627	0.937099	-0.435311	0.897365	-0.072393	-0.856168	-0.387779	0.341473
06613	6.469442	2.112736	4.566462	-1.033971	-0.325421	0.056450	0.275260	0.209915	0.938172	-0.426648	0.901180	-0.076459	-0.861512	-0.379223	0.337619
06614	6.299994	0.882487	3.476607	-1.224142	-0.643668	0.072369	0.269366	0.208167	0.940270	-0.416271	0.905604	-0.081241	-0.868424	-0.369524	0.330593
06615	6.454731	-0.217552	1.790657	-1.312991	-0.977330	0.111596	0.260326	0.205646	0.943366	-0.405173	0.910130	-0.086592	-0.876394	-0.359684	0.320253
06616	7.144743	-0.886537	-0.742346	-1.358356	-1.223685	0.114231	0.249072	0.202356	0.947109	-0.393512	0.914710	-0.091947	-0.884936	-0.349797	0.307458
06617	9.799721	-0.899749	-1.433641	-1.293965	-1.271665	0.044689	0.237539	0.198406	0.950900	-0.382178	0.919058	-0.096293	-0.893037	-0.340540	0.294139
06618	13.428349	-1.760643	0.978236	-0.980823	-0.941426	-0.053825	0.229283	0.194746	0.953679	-0.373275	0.922463	-0.098629	-0.898941	-0.333371	0.284200
06619	14.484321	-2.153584	3.529541	-0.437451	-0.540203	-0.057422	0.224579	0.192454	0.955262	-0.369267	0.923998	-0.099342	-0.901780	-0.330437	0.278577
06620	13.319729	-1.375884	4.831286	-0.001237	-0.439217	0.065488	0.220348	0.191615	0.956415	-0.369414	0.923870	-0.099985	-0.902762	-0.331282	0.274358
06621	12.383651	-0.969072	5.312769	0.074027	-0.537574	0.228897	0.214592	0.191974	0.957651	-0.370641	0.923158	-0.102006	-0.903646	-0.333055	0.269256
06622	12.054659	-1.548533	4.474536	-0.081432	-0.679449	0.356524	0.207100	0.193010	0.959092	-0.370668	0.922736	-0.105654	-0.905381	-0.333624	0.262641
06623	10.943924	-1.626956	2.567065	-0.195767	-0.826775	0.415866	0.198011	0.194120	0.960786	-0.369795	0.922557	-0.110184	-0.907768	-0.333477	0.254461
06624	9.731901	-0.695455	1.132077	-0.290776	-0.936322	0.371750	0.188101	0.194444	0.962709	-0.367882	0.922796	-0.114503	-0.910648	-0.332626	0.245112
06625	9.189225	0.076573	0.341207	-0.428190	-0.909008	0.279737	0.178730	0.194043	0.964574	-0.364548	0.923644	-0.118261	-0.913871	-0.330497	0.235821
06626	9.255540	0.333088	-0.254467	-0.593632	-0.832234	0.222029	0.170280	0.193372	0.966236	-0.359510	0.925159	-0.121794	-0.917473	-0.326632	0.227055
06627	9.464875	-0.441536	-0.620535	-0.702045	-0.791476	0.192840	0.162262	0.192623	0.967764	-0.353435	0.927035	-0.125257	-0.921279	-0.321717	0.218503
06628	9.684707	-1.471563	-0.777258	-0.695177	-0.805038	0.199347	0.154106	0.191909	0.969238	-0.347338	0.928868	-0.128690	-0.924991	-0.316821	0.209801
06629	9.964466	-2.064997	-0.741407	-0.592629	-0.841683	0.223332	0.145483	0.191366	0.970677	-0.342239	0.930280	-0.132108	-0.928282	-0.312984	0.200833
06630	9.899952	-2.195541	-0.883727	-0.466089	-0.896353	0.238196	0.136310	0.190797	0.972119	-0.338248	0.931272	-0.135351	-0.931133	-0.310368	0.191478
06631	9.801722	-1.930629	-0.834765	-0.373644	-0.954106	0.251463	0.126514	0.190218	0.973556	-0.335152	0.931924	-0.138531	-0.933631	-0.308764	0.181653
06632	9.761127	-1.479453	-0.489928	-0.327437	-0.987021	0.239650	0.116455	0.189418	0.974966	-0.332392	0.932472	-0.141460	-0.935924	-0.307597	0.171553
06633	9.658698	-1.273749	0.060022	-0.326304	-0.988869	0.215378	0.106423	0.188423	0.976305	-0.329631	0.933041	-0.144142	-0.938092	-0.306481	0.161407
06634	9.493159	-1.517103	0.533550	-0.346613	-0.992771	0.201555	0.096404	0.187277	0.977565	-0.326589	0.933717	-0.146669	-0.940237	-0.305123	0.151177
06635	9.479998	-1.813869	0.873846	-0.328599	-0.995700	0.195860	0.086342	0.186106	0.978729	-0.323732	0.934326	-0.149104	-0.942201	-0.303971	0.140920
06636	9.394809	-2.123265	0.920021	-0.296829	-1.005152	0.197269	0.076192	0.184908	0.979798	-0.321102	0.934855	-0.151457	-0.943975	-0.303075	0.130603
