// General information: 
//  MT Manager version: 2022.2.0 
//  XDA version: 2022.2.0 build 7381 rev 124627 built on 2023-07-19
// Device information: 
//  DeviceId: 00B4CB9F
//  ProductCode: MTW2-3A7G6
//  Firmware Version: 4.6.0
//  Hardware Version: 2.0.0
// Device settings: 
//  Filter Profile: human(46.1)
//  Option Flags: Orientation Smoother Disabled, Position/Velocity Smoother Disabled, Continuous Zero Rotation Update Disabled, AHS Disabled, ICC Disabled
// Coordinate system: ENU
PacketCounter	Acc_X	Acc_Y	Acc_Z	Gyr_X	Gyr_Y	Gyr_Z	Mat[1][1]	Mat[2][1]	Mat[3][1]	Mat[1][2]	Mat[2][2]	Mat[3][2]	Mat[1][3]	Mat[2][3]	Mat[3][3]
26266	9.667867	2.252412	-0.132878	0.154161	0.003161	-0.023291	-0.202712	0.015575	0.979114	0.949378	-0.241909	0.200404	0.239978	0.970174	0.034251
26267	9.691317	2.062416	-0.284049	0.083910	-0.004533	-0.028682	-0.202920	0.015734	0.979069	0.949542	-0.241039	0.200674	0.239151	0.970388	0.033972
26268	9.681586	2.022508	-0.345399	0.052939	-0.014070	-0.026224	-0.203073	0.015975	0.979033	0.949647	-0.240436	0.200901	0.238604	0.970534	0.033656
26269	9.634560	2.201133	-0.487295	0.007379	-0.027146	-0.034464	-0.203282	0.016367	0.978983	0.949616	-0.240308	0.201201	0.238550	0.970559	0.033308
26270	9.649263	2.419093	-0.403528	-0.059037	-0.028780	-0.034109	-0.203474	0.016767	0.978937	0.949441	-0.240777	0.201467	0.239083	0.970436	0.033073
26271	9.881261	2.162578	-0.606504	-0.151106	-0.036968	-0.046565	-0.203774	0.017283	0.978865	0.949005	-0.242184	0.201834	0.240554	0.970076	0.032949
26272	10.033208	1.920622	-0.491294	-0.186930	-0.006074	-0.071455	-0.204374	0.017554	0.978736	0.948445	-0.243878	0.202423	0.242245	0.969647	0.033194
26273	9.642102	1.577138	-0.106212	-0.231111	0.013283	-0.082179	-0.205131	0.017671	0.978575	0.947736	-0.246053	0.203110	0.244371	0.969095	0.033726
26274	9.549260	1.603613	0.401847	-0.230663	0.004486	-0.088503	-0.205919	0.017893	0.978406	0.947018	-0.248198	0.203851	0.246485	0.968544	0.034164
26275	9.603025	2.118283	0.953269	-0.227515	0.009678	-0.085026	-0.206693	0.018056	0.978239	0.946301	-0.250335	0.204565	0.248581	0.967991	0.034656
26276	9.480644	2.353033	1.418302	-0.282366	0.009117	-0.094576	-0.207549	0.018255	0.978054	0.945424	-0.252993	0.205347	0.251189	0.967296	0.035250
26277	9.385845	2.305917	1.625652	-0.302694	0.000703	-0.098269	-0.208425	0.018543	0.977862	0.944478	-0.255851	0.206161	0.254010	0.966538	0.035812
26278	9.249473	2.156670	1.478581	-0.283078	-0.013244	-0.085132	-0.209136	0.018943	0.977703	0.943597	-0.258530	0.206849	0.256683	0.965818	0.036194
26279	9.303524	1.741018	0.876341	-0.225655	-0.033212	-0.069364	-0.209650	0.019488	0.977582	0.942893	-0.260645	0.207406	0.258843	0.965238	0.036269
26280	9.462954	1.693279	0.380485	-0.086696	-0.039002	-0.049859	-0.209957	0.020036	0.977505	0.942595	-0.261393	0.207816	0.259677	0.965024	0.035996
26281	9.501529	2.011260	0.206020	0.021014	-0.028658	-0.027128	-0.210083	0.020427	0.977470	0.942616	-0.261135	0.208049	0.259501	0.965086	0.035605
26282	9.509090	2.249690	0.317957	0.036768	-0.024272	-0.016107	-0.210111	0.020750	0.977457	0.942704	-0.260715	0.208175	0.259157	0.965193	0.035218
26283	9.586705	2.499195	0.411523	0.006622	-0.029487	-0.014625	-0.210118	0.021117	0.977448	0.942713	-0.260598	0.208281	0.259119	0.965216	0.034849
26284	9.544585	2.512658	0.386673	-0.057592	-0.043775	-0.015867	-0.210093	0.021623	0.977442	0.942561	-0.261076	0.208371	0.259692	0.965076	0.034469
26285	9.471545	2.437530	0.317419	-0.123481	-0.071282	-0.017044	-0.210013	0.022399	0.977442	0.942226	-0.262213	0.208455	0.260967	0.964750	0.033963
26286	9.518680	2.297451	0.144624	-0.167388	-0.087069	-0.015090	-0.209867	0.023327	0.977452	0.941781	-0.263770	0.208503	0.262686	0.964303	0.033388
26287	9.605326	1.937373	0.044941	-0.215142	-0.106022	-0.003648	-0.209567	0.024402	0.977490	0.941229	-0.265793	0.208428	0.264896	0.963721	0.032733
26288	9.698456	1.257716	-0.139211	-0.215182	-0.111919	0.007160	-0.209142	0.025508	0.977553	0.940697	-0.267810	0.208245	0.267110	0.963134	0.032015
26289	9.815141	1.326427	-0.113380	-0.108464	-0.094767	0.028333	-0.208566	0.026389	0.977652	0.940489	-0.268812	0.207894	0.268291	0.962831	0.031247
26290	9.864257	1.932544	0.351164	-0.045826	-0.079632	0.041025	-0.207906	0.027094	0.977774	0.940475	-0.269215	0.207435	0.268851	0.962699	0.030490
26291	9.703311	2.497057	0.927834	-0.062529	-0.062869	0.007950	-0.207607	0.027721	0.977819	0.940347	-0.269769	0.207299	0.269532	0.962526	0.029938
26292	9.397597	2.724584	1.263645	-0.106273	-0.053730	-0.028434	-0.207668	0.028363	0.977788	0.940026	-0.270730	0.207501	0.270602	0.962237	0.029560
26293	9.269538	2.651871	1.469000	-0.141463	-0.067128	-0.028832	-0.207702	0.029130	0.977758	0.939605	-0.272033	0.207702	0.272033	0.961847	0.029131
26294	9.328796	2.375798	0.969859	-0.154376	-0.088381	-0.014394	-0.207536	0.030064	0.977765	0.939182	-0.273452	0.207754	0.273618	0.961416	0.028516
26295	9.435507	2.215119	0.275460	-0.116608	-0.085376	0.016175	-0.207094	0.030884	0.977833	0.938919	-0.274528	0.207523	0.274852	0.961083	0.027856
26296	9.544407	2.063443	-0.309193	-0.078648	-0.094284	0.035053	-0.206446	0.031738	0.977943	0.938801	-0.275239	0.207116	0.275741	0.960852	0.027026
26297	9.697193	2.043832	-0.458226	-0.052812	-0.084866	0.053611	-0.205653	0.032450	0.978087	0.938789	-0.275714	0.206537	0.276374	0.960692	0.026238
26298	9.742144	2.145169	-0.769744	-0.034994	-0.077418	0.062601	-0.204792	0.033069	0.978247	0.938843	-0.276025	0.205874	0.276829	0.960581	0.025481
26299	9.872166	2.352862	-0.513878	-0.072324	-0.066574	0.051414	-0.204069	0.033610	0.978379	0.938771	-0.276687	0.205312	0.277606	0.960372	0.024911
26300	9.661766	2.493275	-0.293728	-0.147856	-0.065336	0.040404	-0.203448	0.034176	0.978489	0.938463	-0.278078	0.204838	0.279097	0.959950	0.024502
26301	9.638320	2.749981	0.245069	-0.235328	-0.079255	0.029000	-0.202898	0.034898	0.978578	0.937886	-0.280297	0.204457	0.281428	0.959279	0.024141
26302	9.815904	2.593825	1.042865	-0.361580	-0.093545	0.015719	-0.202426	0.035798	0.978643	0.936920	-0.283715	0.204174	0.284964	0.958240	0.023891
26303	9.696921	1.888071	1.538590	-0.365090	-0.080639	-0.009685	-0.202230	0.036641	0.978652	0.935877	-0.287158	0.204142	0.288508	0.957182	0.023780
26304	9.246818	1.810242	1.717828	-0.235846	-0.058252	-0.009386	-0.202090	0.037273	0.978658	0.935199	-0.289363	0.204136	0.290796	0.956494	0.023620
26305	9.226224	2.091131	1.878388	-0.168375	-0.061467	0.015733	-0.201707	0.037857	0.978714	0.934764	-0.290930	0.203902	0.292456	0.955995	0.023295
26306	9.313796	2.478948	1.659817	-0.118792	-0.040662	0.030487	-0.201244	0.038202	0.978796	0.934501	-0.292029	0.203535	0.293612	0.955646	0.023069
26307	9.307947	2.619236	1.879712	-0.117697	-0.027928	0.042422	-0.200709	0.038387	0.978898	0.934264	-0.293120	0.203053	0.294730	0.955305	0.022968
26308	9.292616	2.487186	1.894357	-0.126198	-0.031104	0.062496	-0.199976	0.038544	0.979042	0.934042	-0.294299	0.202370	0.295931	0.954936	0.022851
26309	9.156122	2.012047	0.848186	-0.096908	-0.076705	0.093071	-0.198823	0.039044	0.979257	0.933964	-0.295211	0.201397	0.296951	0.954634	0.022229
26310	9.359829	2.451737	0.084842	-0.027871	-0.081805	0.124914	-0.197355	0.039497	0.979536	0.934155	-0.295471	0.200126	0.297329	0.954535	0.021417
26311	9.302748	2.700985	-0.380279	-0.094419	-0.104020	0.167075	-0.195428	0.040037	0.979900	0.934226	-0.296390	0.198429	0.298377	0.954228	0.020519
26312	9.639627	2.186256	-1.279139	-0.130933	-0.160760	0.170937	-0.193294	0.041106	0.980279	0.934191	-0.297658	0.196688	0.299873	0.953787	0.019135
26313	10.335692	1.771141	-1.589347	-0.101763	-0.166678	0.167055	-0.191176	0.042239	0.980647	0.934231	-0.298650	0.194991	0.301106	0.953428	0.017634
26314	10.253370	1.635029	-1.512766	-0.055486	-0.137116	0.144031	-0.189359	0.043162	0.980959	0.934359	-0.299200	0.193529	0.301856	0.953214	0.016327
26315	10.060954	1.812978	-0.824271	-0.044320	-0.141979	0.121842	-0.187735	0.044193	0.981225	0.934478	-0.299627	0.192286	0.302499	0.953032	0.014954
26316	10.086135	2.221680	0.333172	-0.105875	-0.149519	0.107742	-0.186217	0.045339	0.981462	0.934383	-0.300635	0.191173	0.303729	0.952661	0.013619
26317	9.886294	2.436991	1.782668	-0.212770	-0.130440	0.068456	-0.185123	0.046417	0.981619	0.933886	-0.302644	0.190432	0.305920	0.951973	0.012679
26318	9.414607	2.465096	2.743128	-0.261752	-0.092714	0.056144	-0.184256	0.047173	0.981746	0.933209	-0.305115	0.189808	0.308499	0.951147	0.012197
26319	9.031877	2.565608	3.100767	-0.235390	-0.082115	0.084246	-0.183159	0.047738	0.981924	0.932659	-0.307344	0.188911	0.310807	0.950400	0.011770
26320	9.125627	2.947997	3.486322	-0.166086	-0.059174	0.123053	-0.181770	0.047965	0.982171	0.932387	-0.308940	0.187644	0.312432	0.949871	0.011435
26321	9.459688	3.310905	4.072588	-0.127959	-0.001030	0.148894	-0.180322	0.047555	0.982457	0.932280	-0.310178	0.186126	0.313588	0.949488	0.011598
26322	9.716982	3.711810	5.150222	-0.082568	0.139548	0.140534	-0.179396	0.045832	0.982709	0.932296	-0.310985	0.184697	0.314073	0.949309	0.013060
26323	9.557894	4.065525	6.231352	-0.069174	0.288127	0.111196	-0.179207	0.042792	0.982880	0.932302	-0.311642	0.183553	0.314162	0.949235	0.015953
26324	9.315498	3.989763	7.107044	-0.098804	0.389183	0.083963	-0.179598	0.038873	0.982972	0.932160	-0.312583	0.182675	0.314361	0.949095	0.019903
26325	9.029139	4.057206	7.214498	-0.055683	0.454065	0.078205	-0.180238	0.034360	0.983023	0.932150	-0.313091	0.181854	0.314024	0.949101	0.024402
26326	8.955319	4.951185	7.276737	0.035755	0.486636	0.085661	-0.180921	0.029508	0.983055	0.932426	-0.312767	0.180991	0.312808	0.949371	0.029072
26327	9.428644	5.818964	8.001293	-0.002721	0.488026	0.125596	-0.181216	0.024522	0.983137	0.932670	-0.312778	0.179716	0.311910	0.949510	0.033809
26328	10.090832	5.549473	8.727291	-0.231469	0.419675	0.162710	-0.180975	0.020058	0.983283	0.932247	-0.315005	0.178007	0.313310	0.948878	0.038309
26329	10.148170	4.679711	7.595294	-0.351004	0.285622	0.148189	-0.180435	0.016921	0.983441	0.931435	-0.318312	0.176370	0.316026	0.947835	0.041674
26330	11.353161	4.815060	7.058644	-0.654288	0.287428	-0.027317	-0.181575	0.014312	0.983273	0.929303	-0.324503	0.176332	0.321599	0.945776	0.045622
26331	12.037001	3.718518	6.072336	-0.895239	0.500528	-0.132102	-0.184370	0.010059	0.982805	0.926175	-0.332892	0.177154	0.328950	0.942911	0.052059
26332	11.568416	2.992696	4.058686	-1.099852	0.572427	-0.155055	-0.187688	0.005218	0.982215	0.922215	-0.343247	0.178046	0.338071	0.939231	0.059611
26333	10.147505	2.213581	1.782156	-1.151822	0.267113	-0.054498	-0.189047	0.002944	0.981964	0.918187	-0.353991	0.177830	0.348129	0.935244	0.064218
26334	10.180773	2.052196	0.291582	-1.215717	-0.007317	0.038452	-0.188641	0.002885	0.982042	0.913969	-0.365320	0.176638	0.359269	0.930878	0.066278
26335	11.784650	0.384120	-0.152327	-1.462063	0.126659	-0.007599	-0.189114	0.001775	0.981953	0.908634	-0.378842	0.175678	0.372317	0.925460	0.070032
26336	12.034296	-1.361336	-3.291219	-1.258522	0.202255	-0.052346	-0.190323	0.000116	0.981722	0.903796	-0.390431	0.175262	0.383315	0.920632	0.074203
26337	11.997278	-1.733070	-4.477301	-0.759804	0.359888	-0.063178	-0.192223	-0.002907	0.981347	0.900768	-0.397367	0.175262	0.389446	0.917655	0.079002
26338	11.546302	-0.509888	-4.817699	-0.318693	0.423572	-0.070844	-0.194477	-0.006504	0.980885	0.899410	-0.400253	0.175670	0.391459	0.916382	0.083690
26339	11.767004	0.264014	-5.195058	-0.169822	0.509850	-0.097227	-0.197288	-0.010749	0.980287	0.898583	-0.401768	0.176440	0.391951	0.915679	0.088923
26340	11.385561	0.438966	-5.281078	-0.259379	0.717940	-0.170761	-0.201596	-0.016621	0.979328	0.897251	-0.404120	0.177842	0.392810	0.914555	0.096383
26341	10.224413	0.025943	-5.250079	-0.336433	0.822418	-0.179810	-0.206384	-0.023372	0.978192	0.895590	-0.407181	0.179227	0.394112	0.913048	0.104967
26342	9.212426	-0.052549	-5.099616	-0.245343	0.683292	-0.138833	-0.210275	-0.029026	0.977211	0.894361	-0.409408	0.180286	0.394846	0.911889	0.112048
26343	8.776164	0.047963	-5.546378	-0.180622	0.435171	-0.116320	-0.212974	-0.032480	0.976518	0.893431	-0.411041	0.181181	0.395504	0.911038	0.116560
26344	8.528417	0.016767	-6.089753	-0.152476	0.274528	-0.088636	-0.214800	-0.034596	0.976045	0.892667	-0.412409	0.181834	0.396239	0.910341	0.119468
26345	7.988964	-0.150923	-6.322713	-0.129504	0.224630	-0.118158	-0.216685	-0.036117	0.975573	0.891929	-0.413580	0.182795	0.396876	0.909751	0.121831
26346	7.479314	-0.011925	-6.548294	-0.130210	0.283341	-0.179719	-0.219356	-0.037924	0.974907	0.891051	-0.414780	0.184353	0.397380	0.909131	0.124777
26347	7.268641	0.214406	-6.487160	-0.193628	0.441298	-0.248333	-0.223262	-0.040867	0.973901	0.889762	-0.416587	0.186493	0.398093	0.908177	0.129370
26348	7.386343	0.274285	-6.419705	-0.293322	0.637704	-0.276227	-0.228199	-0.045467	0.972552	0.888000	-0.419316	0.188757	0.399225	0.906701	0.136062
26349	7.883835	0.362486	-6.593123	-0.209627	0.892830	-0.204151	-0.233514	-0.052664	0.970926	0.886723	-0.421266	0.190412	0.398990	0.905407	0.145070
26350	7.114673	1.521014	-6.198028	-0.321246	1.143210	-0.237883	-0.240118	-0.061959	0.968764	0.884910	-0.424256	0.192200	0.399095	0.903420	0.156699
26351	6.244634	2.281193	-5.615116	-0.682986	1.113937	-0.281279	-0.247006	-0.070766	0.966426	0.881520	-0.430550	0.193778	0.402382	0.899788	0.168730
26352	6.195780	2.042294	-5.421487	-1.117519	0.938067	-0.276169	-0.253177	-0.077930	0.964276	0.876321	-0.440733	0.194465	0.409834	0.894249	0.179875
26353	6.841569	1.635547	-5.118574	-1.376648	0.854992	-0.190705	-0.258328	-0.084662	0.962340	0.870156	-0.453101	0.193720	0.419637	0.887430	0.190718
26354	7.180387	1.676618	-4.161281	-1.641833	0.809818	-0.067274	-0.262291	-0.091451	0.960646	0.863020	-0.467622	0.191119	0.431741	0.879185	0.201577
26355	7.038836	1.578830	-2.828993	-2.051323	0.601229	0.020427	-0.264698	-0.096774	0.959463	0.854087	-0.485482	0.186659	0.447739	0.868874	0.211159
26356	7.511890	1.253542	-1.938134	-2.486181	0.354900	0.044635	-0.265874	-0.099999	0.958807	0.842851	-0.506845	0.180858	0.467881	0.856217	0.219041
26357	9.238573	-0.157962	0.810357	-2.774683	0.384392	-0.040231	-0.267988	-0.103027	0.957898	0.829490	-0.530391	0.175018	0.490029	0.841469	0.227598
26358	12.120884	-0.253145	7.002352	-2.631581	0.774857	-0.214935	-0.273556	-0.108270	0.955743	0.815787	-0.552525	0.170905	0.509568	0.826434	0.239472
26359	15.539691	1.431663	15.318071	-1.803448	0.989161	-0.392152	-0.281770	-0.114170	0.952665	0.805440	-0.567717	0.170188	0.521414	0.815268	0.251923
26360	18.514038	1.632836	25.591953	-0.597761	1.027384	-0.420493	-0.290441	-0.120083	0.949328	0.801153	-0.573023	0.172625	0.523257	0.810694	0.262634
26361	9.632300	-0.707558	20.688195	0.542821	-0.210953	-0.318441	-0.291832	-0.116528	0.949345	0.803096	-0.568942	0.177039	0.519492	0.814080	0.259619
26362	3.772098	-4.109246	6.622533	0.855116	-1.232763	-0.412411	-0.288700	-0.104101	0.951743	0.806371	-0.562355	0.183093	0.516158	0.820317	0.246297
26363	4.811912	-5.644838	1.302053	0.974881	-1.277203	-0.393734	-0.285254	-0.091358	0.954088	0.810291	-0.554662	0.189150	0.511916	0.827045	0.232247
26364	8.277940	-2.570992	3.327067	0.902774	-1.000240	0.030356	-0.279837	-0.083216	0.956434	0.815035	-0.547071	0.190867	0.507355	0.832939	0.220914
26365	9.622445	1.429409	2.533209	0.480962	-0.677055	0.272198	-0.274122	-0.079024	0.958443	0.818263	-0.542789	0.189277	0.505275	0.836143	0.213453
26366	8.163954	0.451757	-2.831985	0.304902	-0.523601	0.145811	-0.270209	-0.075426	0.959843	0.820261	-0.540044	0.188478	0.504141	0.838250	0.207794
26367	7.872072	-2.215306	-4.486374	0.896738	-0.581262	0.150466	-0.265994	-0.071320	0.961333	0.825197	-0.532346	0.188833	0.498294	0.843517	0.200454
26368	9.574651	1.401286	-1.176364	1.862452	-0.587020	0.374613	-0.259919	-0.068296	0.963212	0.835399	-0.516190	0.188829	0.484304	0.853747	0.191222
26369	10.799900	7.412077	1.579890	1.876857	-0.525831	0.448501	-0.253577	-0.066031	0.965059	0.845541	-0.499723	0.187981	0.469850	0.863665	0.182550
26370	11.875931	8.200071	2.447031	0.830351	-0.625277	0.338492	-0.247709	-0.062280	0.966831	0.850325	-0.492235	0.186151	0.464314	0.868232	0.174889
26371	12.233522	4.701452	2.785189	-0.158503	-0.526176	0.098226	-0.244361	-0.058168	0.967938	0.849864	-0.493503	0.184896	0.466925	0.867797	0.170028
26372	10.736091	1.217185	3.754464	-0.529739	-0.292662	-0.135987	-0.244069	-0.054935	0.968201	0.847092	-0.498104	0.185277	0.472086	0.865375	0.168107
26373	8.969338	-0.834639	3.585409	-0.324875	-0.352143	-0.192671	-0.243968	-0.050899	0.968447	0.845118	-0.500967	0.186569	0.475664	0.863968	0.165236
26374	8.869271	-1.245603	3.142214	0.158016	-0.419181	-0.163938	-0.243288	-0.046439	0.968842	0.845522	-0.499609	0.188373	0.475294	0.865006	0.160814
26375	8.928686	0.602858	2.666754	0.765807	-0.377692	-0.134180	-0.242577	-0.042470	0.969202	0.848849	-0.492981	0.190852	0.469693	0.869003	0.155636
26376	8.826933	3.192142	2.209688	1.076974	-0.334439	-0.074137	-0.241577	-0.039179	0.969590	0.853739	-0.483543	0.193173	0.461270	0.874443	0.150262
26377	8.550032	4.729608	1.648265	1.022597	-0.319190	0.004724	-0.240014	-0.036373	0.970088	0.858461	-0.474525	0.194604	0.453253	0.879490	0.145117
26378	8.610276	5.237438	1.087308	0.694660	-0.354056	0.059556	-0.237836	-0.033516	0.970727	0.861783	-0.468311	0.194974	0.448067	0.882928	0.140265
26379	9.154338	4.350754	0.324287	0.292235	-0.415705	0.090782	-0.235131	-0.030236	0.971493	0.863339	-0.465651	0.194462	0.446497	0.884452	0.135593
26380	9.788449	2.811230	-0.610591	0.120254	-0.423031	0.115271	-0.232181	-0.027005	0.972298	0.864187	-0.464493	0.193463	0.446401	0.885165	0.131184
26381	10.070994	1.926247	-0.980965	0.149091	-0.399507	0.174105	-0.228830	-0.024244	0.973164	0.865287	-0.463080	0.191928	0.446000	0.885985	0.126944
26382	10.355041	1.523555	-1.027472	0.079767	-0.411262	0.248541	-0.224777	-0.021722	0.974168	0.866247	-0.462256	0.189568	0.446198	0.886480	0.122721
26383	10.680139	0.710028	-1.087099	-0.065387	-0.452546	0.286972	-0.220205	-0.019006	0.975268	0.866626	-0.462730	0.186657	0.447738	0.886296	0.118367
26384	10.916871	0.263004	-1.088220	-0.000541	-0.458757	0.256128	-0.215860	-0.016097	0.976292	0.867223	-0.462628	0.184117	0.448696	0.886406	0.113822
26385	10.935733	0.480221	-0.866042	0.185195	-0.435452	0.166262	-0.212402	-0.012972	0.977096	0.868443	-0.460914	0.182664	0.447988	0.887350	0.109164
26386	10.573932	1.355704	-0.201265	0.307861	-0.360919	0.086794	-0.209962	-0.010137	0.977657	0.870046	-0.458103	0.182102	0.446022	0.888841	0.105003
26387	9.794492	2.147086	0.717460	0.295041	-0.301745	0.038765	-0.208219	-0.007598	0.978053	0.871473	-0.455427	0.181991	0.444049	0.890240	0.101450
26388	9.099053	2.528195	1.424056	0.188077	-0.286126	0.008255	-0.206806	-0.005057	0.978369	0.872368	-0.453685	0.182054	0.442950	0.891148	0.098236
26389	8.999784	2.525655	2.079370	0.036174	-0.292920	-0.015277	-0.205579	-0.002345	0.978638	0.872529	-0.453315	0.182203	0.443204	0.891347	0.095239
26390	9.065924	2.231097	2.396954	-0.135808	-0.296023	-0.010321	-0.204283	0.000369	0.978912	0.871947	-0.454462	0.182133	0.444945	0.890766	0.092517
26391	9.244125	1.521828	2.375049	-0.278240	-0.310412	-0.021890	-0.203026	0.003264	0.979168	0.870693	-0.456891	0.182057	0.447967	0.889517	0.089919
26392	9.288171	1.108439	2.281187	-0.245038	-0.310468	-0.032955	-0.201847	0.006203	0.979397	0.869568	-0.459004	0.182119	0.450677	0.888412	0.087255
26393	9.398748	1.215963	2.250931	-0.166091	-0.319807	-0.037710	-0.200668	0.009248	0.979616	0.868774	-0.460430	0.182309	0.452730	0.887648	0.084359
26394	9.415825	1.578579	2.024210	-0.076907	-0.318427	-0.049766	-0.199586	0.012329	0.979803	0.868370	-0.461041	0.182688	0.453982	0.887293	0.081311
26395	9.596586	1.916121	1.911088	-0.007821	-0.301980	-0.058013	-0.198655	0.015307	0.979950	0.868251	-0.461056	0.183213	0.454616	0.887239	0.078301
26396	9.264334	1.764153	1.663086	0.076086	-0.278306	-0.062009	-0.197859	0.018087	0.980064	0.868518	-0.460305	0.183835	0.454453	0.887577	0.075367
26397	9.455811	2.055556	1.602460	0.091574	-0.287645	-0.052603	-0.196946	0.020914	0.980191	0.868863	-0.459435	0.184380	0.454191	0.887965	0.072313
26398	9.520390	2.337459	1.498926	0.044945	-0.277465	-0.016113	-0.195757	0.023476	0.980371	0.869080	-0.458967	0.184525	0.454290	0.888143	0.069444
26399	9.544501	2.410945	1.555971	-0.021986	-0.267215	-0.013462	-0.194597	0.025942	0.980540	0.868986	-0.459113	0.184604	0.454968	0.887999	0.066799
26400	9.433344	2.338416	1.594768	-0.064102	-0.271294	-0.025043	-0.193511	0.028490	0.980684	0.868688	-0.459613	0.184763	0.455999	0.887662	0.064191
26401	9.321114	2.467291	1.367440	-0.025042	-0.284688	-0.037156	-0.192471	0.031219	0.980806	0.868534	-0.459778	0.185074	0.456731	0.887485	0.061380
26402	9.327997	2.563980	1.223545	-0.024139	-0.289581	-0.034853	-0.191384	0.033973	0.980927	0.868399	-0.459920	0.185357	0.457445	0.887310	0.058520
26403	9.340812	2.619979	0.961563	-0.051097	-0.300400	-0.023438	-0.190149	0.036777	0.981066	0.868152	-0.460320	0.185520	0.458427	0.886991	0.055601
26404	9.524295	2.326044	0.963356	-0.102281	-0.309055	-0.008174	-0.188735	0.039579	0.981230	0.867707	-0.461166	0.185501	0.459852	0.886431	0.052695
26405	9.708355	1.864996	1.207145	-0.123441	-0.303914	0.003897	-0.187238	0.042286	0.981404	0.867178	-0.462216	0.185361	0.461459	0.885759	0.049875
26406	9.792252	1.989316	1.445390	-0.031443	-0.271663	0.008807	-0.185842	0.044675	0.981563	0.867088	-0.462442	0.185216	0.462191	0.885523	0.047204
26407	9.626334	2.350436	1.497675	0.048002	-0.255152	0.003062	-0.184573	0.046952	0.981697	0.867348	-0.461974	0.185169	0.462212	0.885650	0.044545
26408	9.388139	2.489094	1.101616	0.029580	-0.268632	-0.000073	-0.183268	0.049355	0.981823	0.867523	-0.461656	0.185139	0.462403	0.885685	0.041790
26409	9.197941	2.184085	-0.120074	0.003498	-0.313750	0.014006	-0.181632	0.052100	0.981986	0.867597	-0.461588	0.184964	0.462909	0.885563	0.038637
26410	9.538738	1.856439	-1.303672	0.009921	-0.348539	0.062602	-0.179411	0.054922	0.982240	0.867793	-0.461481	0.184310	0.463408	0.885449	0.035134
26411	9.871921	1.575553	-1.952884	0.027874	-0.347810	0.110349	-0.176777	0.057524	0.982568	0.868151	-0.461252	0.183196	0.463749	0.885403	0.031599
26412	10.114633	1.286754	-1.760467	0.007396	-0.333878	0.131905	-0.174018	0.059898	0.982919	0.868454	-0.461211	0.181859	0.464226	0.885266	0.028240
26413	10.220002	1.060861	-1.648920	-0.010734	-0.327053	0.137191	-0.171244	0.062191	0.983264	0.868672	-0.461346	0.180467	0.464848	0.885038	0.024979
26414	10.176121	1.424620	-1.122067	0.029016	-0.307109	0.118390	-0.168721	0.064391	0.983558	0.869047	-0.461110	0.179265	0.465071	0.885004	0.021840
26415	10.074200	1.606563	-0.553369	-0.049559	-0.317980	0.102980	-0.166283	0.066761	0.983816	0.869020	-0.461572	0.178202	0.465998	0.884587	0.018735
26416	9.829474	1.695688	-0.210066	-0.089104	-0.299569	0.074308	-0.164172	0.069095	0.984009	0.868765	-0.462355	0.177410	0.467220	0.883999	0.015878
26417	9.561325	1.541210	0.016200	-0.127401	-0.303921	0.070614	-0.162073	0.071485	0.984186	0.868316	-0.463487	0.176656	0.468785	0.883216	0.013047
26418	9.410164	1.518251	0.079352	-0.099665	-0.299017	0.076156	-0.159940	0.073800	0.984364	0.868009	-0.464367	0.175850	0.470084	0.882563	0.010212
26419	9.454824	1.629527	0.290347	-0.081527	-0.302237	0.094766	-0.157632	0.076057	0.984565	0.867808	-0.465114	0.174868	0.471234	0.881978	0.007314
26420	9.746694	1.686532	0.683504	-0.060998	-0.320954	0.116753	-0.155037	0.078372	0.984795	0.867741	-0.465687	0.173669	0.472217	0.881473	0.004192
26421	9.964892	1.783547	1.404191	-0.016509	-0.299380	0.103042	-0.152665	0.080561	0.984989	0.867853	-0.465871	0.172612	0.472783	0.881178	0.001207
26422	9.700630	2.107510	1.953889	0.049067	-0.260472	0.059894	-0.150846	0.082604	0.985100	0.868215	-0.465432	0.171976	0.472703	0.881221	-0.001510
26423	9.155456	2.336671	2.330877	0.043615	-0.242449	0.034095	-0.149340	0.084613	0.985159	0.868504	-0.465033	0.171597	0.472651	0.881241	-0.004039
26424	8.866180	2.210295	2.447925	0.034178	-0.258419	0.039664	-0.147709	0.086732	0.985221	0.868762	-0.464713	0.171159	0.472689	0.881204	-0.006707
26425	8.880629	1.960674	1.964090	0.075992	-0.298956	0.055077	-0.145754	0.089141	0.985297	0.869233	-0.464048	0.170568	0.472430	0.881313	-0.009848
26426	9.161417	1.992777	1.438118	0.183052	-0.298231	0.082758	-0.143563	0.091412	0.985410	0.870253	-0.462458	0.169686	0.471222	0.881917	-0.013159
26427	9.499190	1.973801	0.761704	0.244695	-0.303550	0.095809	-0.141237	0.093679	0.985534	0.871571	-0.460344	0.168663	0.469485	0.882784	-0.016630
26428	9.877971	1.782389	0.313248	0.261613	-0.253697	0.080262	-0.139286	0.095575	0.985629	0.872944	-0.458059	0.167779	0.467512	0.883769	-0.019630
26429	9.096238	1.436423	0.150746	0.227388	-0.204673	0.085359	-0.137522	0.097026	0.985735	0.874154	-0.456088	0.166848	0.465771	0.884630	-0.022093
26430	8.448183	1.458893	-0.201803	0.294841	-0.308238	0.121648	-0.134963	0.099225	0.985870	0.875725	-0.453547	0.165532	0.463564	0.885691	-0.025681
26431	9.083680	1.843262	-0.483237	0.366315	-0.393988	0.146116	-0.131797	0.102088	0.986006	0.877643	-0.450405	0.163946	0.460839	0.886969	-0.030235
26432	9.598555	2.223364	-0.586728	0.367767	-0.436940	0.176188	-0.128180	0.105200	0.986156	0.879596	-0.447274	0.162043	0.458128	0.888189	-0.035202
26433	9.858057	2.154190	-0.727833	0.326358	-0.464264	0.167426	-0.124521	0.108611	0.986255	0.881328	-0.444510	0.160225	0.455802	0.889165	-0.040371
26434	9.712502	1.854562	-1.105957	0.292324	-0.498660	0.141992	-0.120939	0.112444	0.986271	0.882864	-0.442019	0.158653	0.453790	0.889930	-0.045815
26435	9.670333	1.573590	-1.036778	0.225107	-0.534657	0.131259	-0.117293	0.116656	0.986222	0.884069	-0.440124	0.157205	0.452399	0.890327	-0.051508
26436	9.605016	2.294840	-0.908807	0.242813	-0.535794	0.117332	-0.113774	0.120940	0.986118	0.885332	-0.438055	0.155870	0.450825	0.890776	-0.057233
26437	9.750989	3.254988	-0.184956	0.146685	-0.568734	0.115007	-0.110130	0.125535	0.985958	0.886150	-0.436848	0.154603	0.450122	0.890733	-0.063133
26438	9.824900	3.269211	0.874205	-0.125689	-0.605397	0.074216	-0.106682	0.130628	0.985675	0.885691	-0.438021	0.153909	0.451851	0.889423	-0.068967
26439	9.486716	1.845947	1.399358	-0.345685	-0.621763	0.041628	-0.103429	0.136000	0.985295	0.884195	-0.441106	0.153702	0.455523	0.887091	-0.074627
26440	9.333374	1.074509	1.945620	-0.258457	-0.586134	0.057326	-0.100185	0.140968	0.984932	0.883098	-0.443439	0.153293	0.458367	0.885150	-0.080063
26441	9.366421	1.697645	2.436142	-0.016327	-0.509030	0.121434	-0.096714	0.144965	0.984699	0.883172	-0.443716	0.152065	0.458971	0.884365	-0.085115
26442	9.336211	2.101636	2.288259	0.112598	-0.473076	0.192666	-0.092784	0.148318	0.984578	0.883897	-0.442966	0.150025	0.458386	0.884185	-0.089998
26443	9.352592	2.223518	1.951855	0.243570	-0.426589	0.206804	-0.088939	0.151209	0.984493	0.885227	-0.441081	0.147718	0.456577	0.884637	-0.094625
26444	9.057625	2.247173	0.913492	0.401112	-0.435111	0.230165	-0.084864	0.154071	0.984409	0.887277	-0.437847	0.145018	0.453363	0.885750	-0.099546
26445	8.941468	1.424836	-1.375652	0.474204	-0.536680	0.286112	-0.079836	0.157613	0.984268	0.889681	-0.434049	0.141669	0.449550	0.886995	-0.105573
26446	9.535458	0.617752	-3.199457	0.666864	-0.588955	0.398869	-0.073594	0.161145	0.984183	0.892989	-0.428730	0.136973	0.444021	0.888945	-0.112349
26447	10.393758	0.899144	-4.142188	0.897454	-0.627349	0.475160	-0.066516	0.164744	0.984091	0.897299	-0.421473	0.131207	0.436384	0.891751	-0.119790
26448	11.424840	1.634660	-3.894350	0.861356	-0.644397	0.489920	-0.059265	0.168476	0.983923	0.901356	-0.414563	0.125277	0.429004	0.894289	-0.127288
26449	11.224293	2.083078	-3.242853	0.652788	-0.504607	0.447909	-0.053008	0.171182	0.983813	0.904415	-0.409439	0.119971	0.423348	0.896134	-0.133116
26450	10.413459	2.690615	-2.067844	0.446245	-0.508194	0.398207	-0.047203	0.174143	0.983588	0.906515	-0.406094	0.115403	0.419526	0.897085	-0.138694
26451	10.220146	3.133911	-0.569367	0.174278	-0.565934	0.375782	-0.041362	0.177729	0.983210	0.907436	-0.405152	0.111412	0.418150	0.896808	-0.144520
26452	10.254171	3.300817	0.914498	-0.088671	-0.567331	0.342490	-0.035824	0.181453	0.982747	0.907213	-0.406537	0.108133	0.419144	0.895434	-0.150053
26453	9.965982	2.628088	1.959841	-0.245728	-0.488669	0.333241	-0.030686	0.184499	0.982354	0.906315	-0.409305	0.105183	0.421488	0.893549	-0.154654
26454	9.727246	1.835881	2.733278	-0.166121	-0.410654	0.385771	-0.025402	0.186610	0.982106	0.905734	-0.411486	0.101613	0.423084	0.892108	-0.158566
26455	9.904296	1.655956	3.266253	0.081279	-0.310736	0.476611	-0.019708	0.187453	0.982076	0.906209	-0.411613	0.096752	0.422371	0.891872	-0.161760
26456	10.396773	2.088879	3.753657	0.347784	-0.243224	0.475135	-0.014324	0.187697	0.982123	0.907765	-0.409383	0.091478	0.419234	0.892847	-0.164521
26457	10.657280	3.588947	4.260981	0.536236	-0.039889	0.459209	-0.009921	0.186216	0.982459	0.910078	-0.405408	0.086032	0.414318	0.894968	-0.165449
26458	10.706652	5.128981	4.920806	0.495366	0.209643	0.399307	-0.007100	0.182745	0.983135	0.912163	-0.401692	0.081254	0.409766	0.897356	-0.163842
26459	10.376714	5.345311	5.618893	0.330959	0.346007	0.365556	-0.005113	0.178208	0.983980	0.913558	-0.399339	0.077071	0.406676	0.899317	-0.160761
26460	10.239614	4.259241	6.613145	0.097789	0.413559	0.330674	-0.003731	0.173181	0.984883	0.913973	-0.399040	0.073629	0.405759	0.900431	-0.156794
26461	9.694757	2.628077	6.847728	-0.067692	0.457487	0.335789	-0.002458	0.167753	0.985826	0.913730	-0.400182	0.070375	0.406315	0.900951	-0.152298
26462	9.103880	0.714463	6.507468	-0.283225	0.386131	0.435111	-0.000024	0.162536	0.986703	0.912580	-0.403457	0.066482	0.408897	0.900447	-0.148317
26463	8.376754	-1.652711	6.040228	-0.414350	0.238778	0.623862	0.004746	0.157890	0.987445	0.910885	-0.408144	0.060883	0.412633	0.899160	-0.145756
26464	8.242447	-3.377419	4.863695	-0.264726	0.046723	0.823448	0.012080	0.154093	0.987982	0.909724	-0.411802	0.053105	0.415037	0.898150	-0.145157
26465	8.879686	-3.450692	3.523040	0.163180	-0.194816	0.973742	0.021810	0.151868	0.988160	0.910257	-0.411785	0.043196	0.413470	0.898537	-0.147219
26466	10.369336	-2.729290	1.712675	0.683757	-0.336798	1.059803	0.032883	0.150549	0.988055	0.912785	-0.407210	0.031668	0.407114	0.900841	-0.150809
26467	12.370695	-0.989924	0.221688	1.168771	-0.272186	0.998736	0.043176	0.149020	0.987891	0.917120	-0.398110	0.019971	0.396266	0.905153	-0.153858
26468	13.820911	0.882002	-1.103180	1.392955	-0.027173	0.797689	0.050648	0.146126	0.987969	0.922193	-0.386602	0.009904	0.383398	0.910596	-0.154337
26469	14.356700	2.464613	-1.642831	1.353199	0.256264	0.515097	0.054505	0.141860	0.988385	0.927044	-0.374942	0.002692	0.370969	0.916130	-0.151947
26470	14.097708	3.548561	-1.473713	1.102494	0.478339	0.223543	0.054859	0.136630	0.989102	0.930971	-0.365092	-0.001203	0.360949	0.920891	-0.147227
26471	13.355408	3.604142	-1.543105	0.748744	0.528959	0.041038	0.053410	0.131639	0.989858	0.933642	-0.358196	-0.002741	0.354202	0.924320	-0.142035
26472	12.563442	2.784951	-2.193915	0.426245	0.476879	-0.072014	0.051081	0.127475	0.990526	0.935189	-0.354138	-0.002652	0.350445	0.926464	-0.137303
26473	12.275736	1.940378	-2.937973	0.169111	0.424215	-0.163137	0.048131	0.124157	0.991095	0.935878	-0.352322	-0.001314	0.349021	0.927607	-0.133153
26474	11.979106	1.318404	-3.556250	-0.059075	0.415645	-0.275699	0.044122	0.121267	0.991639	0.935802	-0.352523	0.001472	0.349754	0.927913	-0.129036
26475	11.408828	1.000453	-4.088167	-0.336633	0.382279	-0.347706	0.039586	0.118990	0.992106	0.934782	-0.355183	0.005301	0.353010	0.927193	-0.125290
26476	11.042606	0.369996	-4.537167	-0.556650	0.393585	-0.395993	0.034511	0.116757	0.992561	0.932949	-0.359872	0.009894	0.358350	0.925667	-0.121348
26477	10.627298	-0.000872	-4.854107	-0.620234	0.403750	-0.398928	0.029395	0.114507	0.992987	0.930854	-0.365103	0.014546	0.364208	0.923898	-0.117321
26478	10.695277	-0.300445	-5.111703	-0.686294	0.477630	-0.405112	0.023899	0.111591	0.993467	0.928439	-0.370981	0.019336	0.370715	0.921911	-0.112472
26479	11.171487	-0.216281	-4.737221	-0.715757	0.702420	-0.406326	0.017565	0.106679	0.994138	0.925865	-0.377085	0.024106	0.377447	0.920014	-0.105393
26480	11.435035	0.270910	-4.755515	-0.666896	0.915241	-0.357901	0.010799	0.099630	0.994966	0.923377	-0.382850	0.028314	0.383743	0.918423	-0.096131
26481	11.699604	0.604854	-4.703449	-0.604015	1.005280	-0.252053	0.004650	0.091412	0.995802	0.921081	-0.388108	0.031326	0.389342	0.917069	-0.086003
26482	11.529046	0.454206	-4.437790	-0.639569	1.082046	-0.246882	-0.001837	0.082471	0.996592	0.918574	-0.393759	0.034278	0.395244	0.915506	-0.075033
26483	11.247221	0.441371	-4.386273	-0.743441	1.217411	-0.388955	-0.010195	0.072918	0.997286	0.915609	-0.400211	0.038622	0.401941	0.913517	-0.062684
26484	10.513378	0.570548	-4.482073	-0.785586	1.308709	-0.479652	-0.019856	0.062926	0.997821	0.912349	-0.407061	0.043826	0.408932	0.911231	-0.049328
26485	9.661398	0.167642	-4.314547	-0.860893	1.424252	-0.569131	-0.030853	0.052339	0.998153	0.908675	-0.414521	0.049823	0.416363	0.908534	-0.034770
26486	9.341708	0.035016	-3.882113	-0.867745	1.461849	-0.619222	-0.042577	0.041687	0.998223	0.904800	-0.422110	0.056220	0.423704	0.905586	-0.019746
26487	10.053523	-0.043843	-3.702132	-0.850909	1.473982	-0.585676	-0.054099	0.030889	0.998058	0.900906	-0.429544	0.062127	0.430629	0.902517	-0.004590
26488	10.616206	-0.253330	-3.585228	-0.857190	1.607756	-0.528001	-0.065791	0.018714	0.997658	0.896867	-0.437144	0.067344	0.437380	0.899197	0.011976
26489	9.984521	-0.627090	-3.184244	-0.933268	1.831246	-0.592525	-0.079103	0.004930	0.996854	0.892349	-0.445401	0.073013	0.444360	0.895318	0.030833
26490	9.235457	-1.119848	-2.739656	-0.990291	1.919877	-0.671657	-0.093645	-0.009171	0.995563	0.887333	-0.454263	0.079280	0.451521	0.890820	0.050677
26491	8.862774	-1.706894	-2.472463	-1.016585	1.964714	-0.698741	-0.108704	-0.023387	0.993799	0.882029	-0.463360	0.085574	0.458486	0.885861	0.070997
26492	8.469039	-2.648076	-2.306312	-0.982036	2.053511	-0.691174	-0.124224	-0.038267	0.991516	0.876695	-0.472242	0.091612	0.464730	0.880638	0.092212
26493	8.073340	-3.314686	-2.319735	-0.818604	2.137831	-0.655856	-0.139877	-0.053891	0.988701	0.872037	-0.479686	0.097225	0.469026	0.875784	0.114091
26494	7.638947	-3.318712	-2.150778	-0.613974	2.164868	-0.573410	-0.155000	-0.070014	0.985430	0.868320	-0.485384	0.102093	0.471164	0.871493	0.136029
26495	7.443855	-3.041953	-1.704740	-0.422861	2.144926	-0.489106	-0.169285	-0.086255	0.981785	0.865566	-0.489394	0.106250	0.471315	0.867787	0.157506
26496	7.979896	-2.529424	-1.241596	0.116060	2.370825	-0.453462	-0.184271	-0.104571	0.977297	0.865333	-0.488782	0.110860	0.466093	0.866116	0.180557
26497	6.634384	-2.447506	-1.691302	-0.028608	2.108834	-0.462002	-0.197993	-0.120522	0.972766	0.864350	-0.489499	0.115280	0.462275	0.863635	0.201090
26498	6.476887	-2.333234	-1.312419	0.079568	2.004277	-0.527211	-0.211708	-0.135212	0.967935	0.863670	-0.489435	0.120533	0.457443	0.861494	0.220396
26499	6.397492	-1.711312	-0.965642	0.157850	1.888894	-0.565476	-0.225117	-0.148673	0.962922	0.863186	-0.488828	0.126326	0.451922	0.859618	0.238375
26500	6.457852	-0.669544	-0.488575	0.252174	1.744860	-0.578625	-0.237878	-0.160820	0.957889	0.863019	-0.487493	0.132474	0.445660	0.858189	0.254754
26501	6.613551	0.344855	0.100742	0.278122	1.490955	-0.549055	-0.249155	-0.170906	0.953264	0.862946	-0.485966	0.138422	0.439597	0.857105	0.268563
26502	6.914294	0.667970	0.566841	0.240076	1.274875	-0.521165	-0.259155	-0.179282	0.949050	0.862714	-0.484754	0.144007	0.434238	0.856079	0.280295
26503	7.645372	0.689281	1.102584	0.205730	1.165777	-0.563377	-0.268987	-0.186498	0.944915	0.862149	-0.483971	0.149905	0.429354	0.854980	0.290971
26504	8.709994	0.555830	1.344079	0.196525	1.162749	-0.605780	-0.279104	-0.193487	0.940566	0.861373	-0.483373	0.156168	0.424427	0.853764	0.301576
26505	9.745243	0.404000	1.584135	0.268603	1.300906	-0.618994	-0.289856	-0.201569	0.935603	0.860778	-0.482250	0.162777	0.418384	0.852528	0.313289
26506	10.075676	0.400612	1.690311	0.404067	1.470024	-0.627313	-0.301278	-0.211061	0.929884	0.860646	-0.480027	0.169891	0.410512	0.851485	0.326271
26507	9.817747	0.378627	1.938567	0.502142	1.550241	-0.599493	-0.312673	-0.221357	0.923708	0.860878	-0.476996	0.177098	0.401403	0.850574	0.339705
26508	9.011751	0.399369	2.606044	0.548669	1.507438	-0.565229	-0.323446	-0.231474	0.917498	0.861307	-0.473531	0.184171	0.391832	0.849817	0.352532
26509	8.385819	0.606137	3.678968	0.646600	1.354907	-0.509798	-0.333022	-0.240556	0.911718	0.862169	-0.469184	0.191129	0.381786	0.849705	0.363649
26510	7.953426	1.200522	3.321307	0.833039	1.102039	-0.492818	-0.341347	-0.247620	0.906734	0.863695	-0.463218	0.198645	0.370827	0.850949	0.371986
26511	7.429935	2.898811	1.728876	1.125522	0.754321	-0.499260	-0.348359	-0.251730	0.902928	0.866112	-0.454812	0.207356	0.358465	0.854270	0.376464
26512	8.090531	5.076647	3.965913	1.369650	0.656274	-0.580128	-0.355624	-0.254731	0.899246	0.868933	-0.444465	0.217732	0.344220	0.858815	0.379406
26513	8.276487	6.752845	7.060502	1.411364	0.664939	-0.626281	-0.363258	-0.257675	0.895347	0.871469	-0.433860	0.228708	0.329522	0.863348	0.382159
26514	7.465927	7.203994	8.673977	1.292525	0.586428	-0.621368	-0.370510	-0.260064	0.891677	0.873402	-0.424212	0.239192	0.316055	0.867416	0.384315
26515	5.876344	6.349804	9.500777	0.911841	0.381946	-0.594007	-0.376835	-0.260850	0.888793	0.874054	-0.417780	0.247972	0.306636	0.870297	0.385431
26516	5.097036	5.774577	10.087559	0.265950	0.153864	-0.531346	-0.381896	-0.259947	0.886895	0.872880	-0.416793	0.253700	0.303703	0.871040	0.386075
26517	5.531421	5.574865	10.433876	-0.381658	-0.017846	-0.437869	-0.385603	-0.257925	0.885881	0.870067	-0.421191	0.256089	0.307073	0.869524	0.386825
26518	5.948100	4.586141	9.643244	-0.814796	-0.194202	-0.357390	-0.388062	-0.254696	0.885741	0.866175	-0.429137	0.256091	0.314879	0.866586	0.387143
26519	6.119387	2.471635	7.975111	-1.107813	-0.387010	-0.317548	-0.389510	-0.249939	0.886461	0.861424	-0.439461	0.254602	0.325930	0.862789	0.386478
26520	5.524728	-0.039151	6.534760	-1.190597	-0.430367	-0.102573	-0.388926	-0.245759	0.887884	0.857097	-0.449923	0.250905	0.337817	0.858587	0.385627
26521	2.970401	-2.659335	1.368578	-0.707506	-0.948154	0.153611	-0.384306	-0.238288	0.891924	0.855301	-0.455567	0.246816	0.347518	0.857716	0.378885
26522	4.420241	-2.768593	-2.647871	0.041281	-1.531188	0.328136	-0.376091	-0.226609	0.898445	0.856725	-0.454399	0.244016	0.352956	0.861493	0.365037
26523	9.352489	1.211238	-1.347260	0.738156	-1.685012	0.495061	-0.365835	-0.214233	0.905687	0.861201	-0.446867	0.242163	0.352842	0.868570	0.347977
26524	13.006599	5.235570	2.977265	0.541340	-1.339831	0.523779	-0.356535	-0.204875	0.911542	0.865039	-0.440994	0.239230	0.352973	0.873813	0.334455
26525	12.469645	4.966857	6.109533	-0.265616	-0.881164	0.340998	-0.350394	-0.198648	0.915294	0.865334	-0.442574	0.235215	0.358360	0.874453	0.326972
26526	9.177389	1.011943	5.129682	-0.738531	-0.808572	0.112259	-0.346442	-0.192070	0.918198	0.863076	-0.448755	0.231773	0.367529	0.872770	0.321238
26527	9.337487	-0.667143	4.702403	-0.521619	-0.997158	0.137462	-0.341495	-0.183958	0.921705	0.861645	-0.452994	0.228832	0.375432	0.872328	0.313202
26528	12.133462	1.494791	5.825109	-0.219007	-0.968367	0.291539	-0.335270	-0.176822	0.925380	0.861842	-0.454319	0.225438	0.380555	0.873114	0.304712
26529	13.125856	3.797993	7.775247	-0.462572	-0.828830	0.340593	-0.329095	-0.171111	0.928664	0.861232	-0.457710	0.220864	0.387267	0.872481	0.297996
26530	12.153691	3.114648	7.422473	-0.944004	-0.791772	0.206524	-0.324158	-0.165165	0.931473	0.858241	-0.465523	0.216128	0.397925	0.869488	0.292654
26531	11.341981	1.715999	6.141661	-1.029179	-0.876189	0.031984	-0.320288	-0.157682	0.934105	0.854224	-0.474350	0.212825	0.409534	0.866100	0.286624
26532	10.710808	-0.128438	3.090751	-0.886026	-1.075584	-0.086395	-0.316507	-0.147969	0.936978	0.850315	-0.482080	0.211101	0.420462	0.863542	0.278402
26533	10.345605	-2.488876	-0.661723	-0.510347	-1.141509	-0.128709	-0.312695	-0.137464	0.939854	0.847780	-0.486617	0.210888	0.428359	0.862733	0.268702
26534	9.640251	-1.692181	-1.822377	0.226497	-0.921055	-0.147661	-0.309936	-0.128798	0.941993	0.848345	-0.484779	0.212841	0.429245	0.865101	0.259516
