// General information: 
//  MT Manager version: 2022.2.0 
//  XDA version: 2022.2.0 build 7381 rev 124627 built on 2023-07-19
// Device information: 
//  DeviceId: 00B4CBA7
//  ProductCode: MTW2-3A7G6
//  Firmware Version: 4.6.0
//  Hardware Version: 2.0.0
// Device settings: 
//  Filter Profile: human(46.1)
//  Option Flags: Orientation Smoother Disabled, Position/Velocity Smoother Disabled, Continuous Zero Rotation Update Disabled, AHS Disabled, ICC Disabled
// Coordinate system: ENU
PacketCounter	Acc_X	Acc_Y	Acc_Z	Gyr_X	Gyr_Y	Gyr_Z	Mat[1][1]	Mat[2][1]	Mat[3][1]	Mat[1][2]	Mat[2][2]	Mat[3][2]	Mat[1][3]	Mat[2][3]	Mat[3][3]
06373	9.631214	0.757889	-1.329253	0.004158	0.013894	-0.002907	-0.069911	-0.136580	0.988159	-0.569518	0.818742	0.072871	-0.819000	-0.557680	-0.135024
06374	9.631407	0.758126	-1.327720	0.003700	0.018573	-0.003100	-0.069716	-0.136523	0.988181	-0.569550	0.818715	0.072929	-0.818995	-0.557734	-0.134835
06375	9.666053	0.760722	-1.326754	0.012081	0.016404	-0.001764	-0.069503	-0.136486	0.988201	-0.569667	0.818627	0.072999	-0.818931	-0.557872	-0.134649
06376	9.614764	0.759371	-1.307190	0.001241	0.015232	-0.000610	-0.069350	-0.136427	0.988220	-0.569677	0.818617	0.073035	-0.818938	-0.557901	-0.134491
06377	9.668513	0.741339	-1.286626	0.000927	0.009309	-0.001162	-0.069263	-0.136424	0.988226	-0.569685	0.818608	0.073081	-0.818940	-0.557916	-0.134418
06378	9.632430	0.763342	-1.287983	0.003915	0.017108	-0.006594	-0.069060	-0.136404	0.988243	-0.569720	0.818575	0.073172	-0.818932	-0.557969	-0.134243
06379	9.629595	0.821154	-1.224876	-0.000838	0.008285	0.000843	-0.068960	-0.136392	0.988252	-0.569769	0.818538	0.073210	-0.818907	-0.558027	-0.134158
06380	9.615904	0.769259	-1.234456	-0.012369	0.004798	0.002477	-0.068911	-0.136366	0.988259	-0.569665	0.818608	0.073234	-0.818983	-0.557930	-0.134093
06381	9.667486	0.770603	-1.251893	-0.001610	0.007042	0.000097	-0.068782	-0.136366	0.988268	-0.569658	0.818606	0.073308	-0.818998	-0.557933	-0.133987
06382	9.665474	0.790045	-1.288808	-0.008604	0.003629	0.002158	-0.068740	-0.136349	0.988273	-0.569585	0.818655	0.073330	-0.819053	-0.557865	-0.133937
06383	9.651444	0.733502	-1.332965	-0.015678	0.001288	0.002989	-0.068715	-0.136355	0.988274	-0.569454	0.818742	0.073370	-0.819146	-0.557735	-0.133908
06384	9.666463	0.751777	-1.387666	-0.015600	0.000215	0.004219	-0.068713	-0.136341	0.988276	-0.569323	0.818833	0.073381	-0.819238	-0.557606	-0.133886
06385	9.653072	0.704354	-1.363157	-0.013824	0.009693	0.005036	-0.068624	-0.136283	0.988290	-0.569143	0.818954	0.073412	-0.819370	-0.557441	-0.133765
06386	9.649346	0.747715	-1.403028	-0.007063	0.006113	0.003652	-0.068570	-0.136240	0.988300	-0.569082	0.818997	0.073417	-0.819417	-0.557389	-0.133691
06387	9.632667	0.753289	-1.350764	-0.006070	0.005895	0.000902	-0.068489	-0.136239	0.988306	-0.569018	0.819036	0.073472	-0.819468	-0.557332	-0.133618
06388	9.668996	0.731507	-1.347407	-0.006371	0.008428	0.003169	-0.068414	-0.136187	0.988318	-0.568962	0.819074	0.073481	-0.819513	-0.557289	-0.133521
06389	9.650538	0.761172	-1.298292	-0.001532	0.005969	0.001330	-0.068233	-0.136192	0.988330	-0.569117	0.818959	0.073561	-0.819420	-0.557456	-0.133389
06390	9.665928	0.784076	-1.318306	-0.000761	0.007211	0.002076	-0.068161	-0.136155	0.988340	-0.569108	0.818964	0.073573	-0.819433	-0.557458	-0.133309
06391	9.618352	0.738843	-1.259068	-0.008529	0.002555	0.003388	-0.068117	-0.136152	0.988343	-0.569040	0.819009	0.073607	-0.819484	-0.557393	-0.133264
06392	9.652571	0.736394	-1.293562	-0.014062	0.002698	0.005711	-0.068102	-0.136112	0.988350	-0.568919	0.819093	0.073601	-0.819569	-0.557279	-0.133219
06393	9.650854	0.760234	-1.296494	-0.000301	0.002533	0.002268	-0.068042	-0.136119	0.988353	-0.568929	0.819083	0.073639	-0.819567	-0.557292	-0.133174
06394	9.666484	0.787625	-1.282701	-0.008451	0.001482	0.004618	-0.068032	-0.136094	0.988357	-0.568855	0.819135	0.073636	-0.819619	-0.557222	-0.133145
06395	9.633811	0.760729	-1.279172	-0.019149	-0.010290	0.005400	-0.068121	-0.136146	0.988344	-0.568752	0.819205	0.073646	-0.819683	-0.557106	-0.133239
06396	9.673825	0.695065	-1.236330	-0.019990	-0.002008	0.006250	-0.068148	-0.136127	0.988345	-0.568583	0.819323	0.073643	-0.819798	-0.556937	-0.133235
06397	9.633488	0.755488	-1.314058	-0.002380	-0.004414	0.003714	-0.068239	-0.136156	0.988335	-0.568476	0.819398	0.073632	-0.819865	-0.556820	-0.133316
06398	9.634023	0.764519	-1.245996	-0.014157	-0.004683	0.001659	-0.068262	-0.136189	0.988328	-0.568357	0.819477	0.073667	-0.819945	-0.556695	-0.133343
06399	9.671063	0.704664	-1.343557	-0.012612	-0.012413	0.007511	-0.068394	-0.136238	0.988312	-0.568279	0.819533	0.073645	-0.819988	-0.556601	-0.133473
06400	9.665971	0.781317	-1.319632	0.008310	-0.001095	0.000106	-0.068379	-0.136264	0.988310	-0.568346	0.819485	0.073665	-0.819943	-0.556665	-0.133481
06401	9.599153	0.756649	-1.281203	-0.010611	-0.004393	0.004838	-0.068377	-0.136292	0.988306	-0.568305	0.819511	0.073696	-0.819972	-0.556620	-0.133491
06402	9.602603	0.707945	-1.275726	-0.010311	-0.017140	0.006926	-0.068532	-0.136352	0.988287	-0.568214	0.819576	0.073673	-0.820022	-0.556510	-0.133644
06403	9.639279	0.694913	-1.206000	0.006386	-0.010189	0.004008	-0.068582	-0.136415	0.988275	-0.568283	0.819527	0.073686	-0.819970	-0.556566	-0.133727
06404	9.653010	0.746153	-1.196742	0.012850	-0.011237	0.004888	-0.068677	-0.136459	0.988262	-0.568383	0.819461	0.073652	-0.819893	-0.556654	-0.133839
06405	9.615219	0.795963	-1.169740	0.015150	-0.015965	0.004303	-0.068774	-0.136552	0.988243	-0.568556	0.819341	0.073647	-0.819764	-0.556807	-0.133986
06406	9.666525	0.796695	-1.189778	0.006680	-0.022938	0.006101	-0.068971	-0.136651	0.988215	-0.568606	0.819310	0.073609	-0.819714	-0.556828	-0.134209
06407	9.647454	0.821143	-1.178106	0.005367	-0.028644	0.008298	-0.069231	-0.136778	0.988180	-0.568633	0.819296	0.073565	-0.819673	-0.556818	-0.134497
06408	9.646833	0.815733	-1.215200	-0.006257	-0.031059	0.008710	-0.069510	-0.136901	0.988143	-0.568574	0.819340	0.073519	-0.819690	-0.556722	-0.134791
06409	9.681363	0.774652	-1.352375	-0.012013	-0.029458	0.014538	-0.069772	-0.136989	0.988112	-0.568557	0.819358	0.073447	-0.819679	-0.556674	-0.135055
06410	9.665455	0.746143	-1.368386	-0.023337	-0.024188	0.008324	-0.069993	-0.137077	0.988084	-0.568359	0.819498	0.073428	-0.819798	-0.556447	-0.135268
06411	9.632803	0.723462	-1.333107	-0.018436	-0.037944	0.012071	-0.070406	-0.137224	0.988035	-0.568178	0.819630	0.073347	-0.819888	-0.556216	-0.135675
06412	9.650467	0.688267	-1.418852	-0.011193	-0.027535	0.009332	-0.070660	-0.137322	0.988003	-0.568079	0.819703	0.073302	-0.819935	-0.556084	-0.135930
06413	9.665817	0.715073	-1.407768	-0.009647	-0.025052	0.010825	-0.070895	-0.137410	0.987974	-0.567995	0.819765	0.073256	-0.819973	-0.555971	-0.136165
06414	9.611942	0.732418	-1.429267	-0.000722	-0.022761	0.009207	-0.071109	-0.137482	0.987948	-0.567982	0.819780	0.073198	-0.819963	-0.555932	-0.136381
06415	9.612859	0.745289	-1.329118	-0.003671	-0.029881	0.008685	-0.071387	-0.137611	0.987910	-0.567892	0.819845	0.073164	-0.820002	-0.555803	-0.136675
06416	9.647919	0.713586	-1.397678	0.015735	-0.022814	0.006933	-0.071589	-0.137703	0.987883	-0.568015	0.819765	0.073106	-0.819899	-0.555899	-0.136903
06417	9.680776	0.743847	-1.369571	0.033587	-0.018233	0.003689	-0.071735	-0.137814	0.987857	-0.568351	0.819536	0.073060	-0.819653	-0.556209	-0.137117
06418	9.677076	0.790865	-1.378058	0.038918	-0.018689	0.012042	-0.071932	-0.137841	0.987839	-0.568661	0.819334	0.072920	-0.819421	-0.556500	-0.137321
06419	9.638136	0.825854	-1.454027	0.030236	-0.013982	0.012992	-0.072049	-0.137850	0.987829	-0.568908	0.819171	0.072820	-0.819239	-0.556737	-0.137444
06420	9.657211	0.803479	-1.435805	0.035915	-0.016281	0.013120	-0.072232	-0.137855	0.987815	-0.569191	0.818987	0.072673	-0.819026	-0.557006	-0.137623
06421	9.688472	0.814291	-1.544023	0.034396	-0.010310	0.014452	-0.072372	-0.137832	0.987808	-0.569494	0.818790	0.072525	-0.818803	-0.557302	-0.137752
06422	9.651450	0.867359	-1.482486	0.025953	-0.008820	0.019091	-0.072528	-0.137746	0.987809	-0.569692	0.818669	0.072332	-0.818652	-0.557500	-0.137849
06423	9.650590	0.855876	-1.551836	0.005740	-0.007581	0.021697	-0.072789	-0.137637	0.987805	-0.569557	0.818782	0.072117	-0.818723	-0.557362	-0.137990
06424	9.654640	0.810049	-1.511548	0.002308	-0.000481	0.022572	-0.072897	-0.137476	0.987819	-0.569558	0.818798	0.071922	-0.818712	-0.557378	-0.137988
06425	9.640498	0.793926	-1.422400	-0.004211	-0.000111	0.027663	-0.072974	-0.137296	0.987838	-0.569647	0.818755	0.071715	-0.818643	-0.557486	-0.137958
06426	9.644620	0.747499	-1.381738	0.003096	-0.001004	0.030510	-0.073131	-0.137073	0.987858	-0.569649	0.818777	0.071441	-0.818628	-0.557508	-0.137962
06427	9.645316	0.749387	-1.347387	0.018092	0.005584	0.023598	-0.073214	-0.136889	0.987877	-0.569803	0.818690	0.071216	-0.818514	-0.557681	-0.137939
06428	9.627348	0.776348	-1.298725	0.018254	0.001672	0.033255	-0.073364	-0.136629	0.987902	-0.569927	0.818631	0.070894	-0.818414	-0.557831	-0.137927
06429	9.646300	0.747619	-1.313019	0.023851	0.000439	0.032154	-0.073549	-0.136402	0.987920	-0.570108	0.818533	0.070571	-0.818271	-0.558030	-0.137966
06430	9.646558	0.744113	-1.313112	0.029157	0.001740	0.033320	-0.073700	-0.136140	0.987944	-0.570321	0.818414	0.070233	-0.818109	-0.558269	-0.137961
06431	9.631040	0.712648	-1.326842	0.024987	-0.003696	0.039065	-0.073885	-0.135890	0.987965	-0.570629	0.818230	0.069869	-0.817878	-0.558599	-0.137997
06432	9.629596	0.732664	-1.330681	0.031355	-0.003693	0.038710	-0.074111	-0.135615	0.987986	-0.570856	0.818106	0.069475	-0.817699	-0.558849	-0.138047
06433	9.676762	0.806855	-1.324986	0.027365	0.000706	0.035341	-0.074295	-0.135358	0.988007	-0.571030	0.818014	0.069129	-0.817561	-0.559046	-0.138068
06434	9.625107	0.797131	-1.341514	0.019092	-0.009469	0.040871	-0.074581	-0.135098	0.988021	-0.571154	0.817960	0.068730	-0.817447	-0.559187	-0.138166
06435	9.675835	0.784382	-1.428897	0.014676	-0.002143	0.044496	-0.074858	-0.134784	0.988043	-0.571279	0.817910	0.068293	-0.817335	-0.559336	-0.138227
06436	9.674543	0.804084	-1.432324	0.007080	0.001296	0.043915	-0.075074	-0.134439	0.988074	-0.571303	0.817927	0.067881	-0.817298	-0.559394	-0.138210
06437	9.678185	0.751497	-1.425435	-0.004198	0.004847	0.044890	-0.075320	-0.134074	0.988105	-0.571107	0.818098	0.067473	-0.817413	-0.559231	-0.138190
06438	9.716335	0.701087	-1.418629	0.002083	0.015451	0.044876	-0.075425	-0.133642	0.988155	-0.571089	0.818144	0.067058	-0.817415	-0.559267	-0.138030
06439	9.824723	0.664159	-1.342013	0.073468	0.070542	0.039406	-0.075086	-0.132960	0.988273	-0.571626	0.817807	0.066596	-0.817071	-0.559923	-0.137409
06440	9.768653	0.754610	-1.327018	0.183059	0.153725	0.031865	-0.073988	-0.131859	0.988503	-0.573097	0.816821	0.066062	-0.816141	-0.561620	-0.136003
06441	9.563374	0.769560	-1.244678	0.180694	0.144925	0.040650	-0.073022	-0.130753	0.988722	-0.574603	0.815811	0.065449	-0.815168	-0.563343	-0.134703
06442	9.639805	0.661261	-1.289265	0.147369	0.118398	0.048748	-0.072313	-0.129709	0.988912	-0.575767	0.815042	0.064801	-0.814410	-0.564697	-0.133620
06443	9.587969	0.668094	-1.332668	0.187891	0.120459	0.045557	-0.071590	-0.128687	0.989098	-0.577113	0.814141	0.064153	-0.813521	-0.566228	-0.132551
06444	9.917743	0.736969	-1.106853	0.291713	0.177247	0.050955	-0.070419	-0.127287	0.989363	-0.579446	0.812549	0.063297	-0.811962	-0.568826	-0.130975
06445	9.716087	0.646904	-1.213633	0.414427	0.269484	0.048865	-0.068436	-0.125398	0.989743	-0.582868	0.810172	0.062344	-0.809680	-0.572623	-0.128535
06446	9.645001	0.735208	-1.168676	0.388430	0.296467	0.040939	-0.066253	-0.123384	0.990145	-0.585980	0.807990	0.061476	-0.807612	-0.576132	-0.125833
06447	9.498833	0.900055	-1.243383	0.321547	0.228247	0.055097	-0.064694	-0.121655	0.990462	-0.588428	0.806276	0.060598	-0.805957	-0.578895	-0.123747
06448	9.639511	0.909804	-1.160413	0.194340	0.153897	0.073843	-0.063865	-0.120189	0.990695	-0.589945	0.805237	0.059659	-0.804914	-0.580645	-0.122331
06449	9.630694	0.778310	-1.286227	0.144880	0.121591	0.078628	-0.063369	-0.118886	0.990884	-0.591010	0.804523	0.058730	-0.804171	-0.581901	-0.121244
06450	9.618369	0.717112	-1.285433	0.072800	0.100268	0.085898	-0.063045	-0.117632	0.991054	-0.591540	0.804199	0.057823	-0.803807	-0.582603	-0.120285
06451	9.556596	0.607851	-1.261592	0.042462	0.067931	0.089768	-0.063000	-0.116550	0.991185	-0.591767	0.804096	0.056939	-0.803644	-0.582963	-0.119628
06452	9.627773	0.589837	-1.184670	0.017892	0.042344	0.090610	-0.063170	-0.115596	0.991286	-0.591852	0.804095	0.056051	-0.803568	-0.583154	-0.119210
06453	9.560622	0.564453	-1.109834	0.007472	0.010660	0.089676	-0.063588	-0.114853	0.991345	-0.591878	0.804135	0.055198	-0.803515	-0.583246	-0.119112
06454	9.628867	0.577717	-1.149012	-0.001534	-0.028674	0.094725	-0.064353	-0.114279	0.991362	-0.591804	0.804251	0.054293	-0.803509	-0.583198	-0.119387
06455	9.655816	0.714862	-1.176353	-0.009268	-0.041666	0.093275	-0.065180	-0.113809	0.991362	-0.591629	0.804437	0.053451	-0.803571	-0.583034	-0.119766
06456	9.620168	0.727805	-1.185067	-0.053522	-0.064611	0.107875	-0.066312	-0.113338	0.991341	-0.591126	0.804870	0.052478	-0.803848	-0.582528	-0.120370
06457	9.636371	0.723379	-1.315528	-0.080637	-0.094490	0.112500	-0.067730	-0.113020	0.991282	-0.590392	0.805472	0.051496	-0.804269	-0.581757	-0.121281
06458	9.687631	0.713304	-1.341860	-0.119475	-0.106513	0.119179	-0.069265	-0.112700	0.991212	-0.589348	0.806300	0.050492	-0.804904	-0.580672	-0.122268
06459	9.689285	0.644084	-1.412807	-0.154541	-0.131424	0.126648	-0.070979	-0.112481	0.991116	-0.588018	0.807331	0.049512	-0.805727	-0.579280	-0.123444
06460	9.755828	0.645090	-1.531822	-0.166283	-0.143270	0.125570	-0.072846	-0.112316	0.990999	-0.586586	0.808433	0.048506	-0.806604	-0.577773	-0.124774
06461	9.754833	0.651379	-1.441796	-0.176877	-0.131069	0.131261	-0.074651	-0.112048	0.990895	-0.585029	0.809622	0.047476	-0.807570	-0.576158	-0.125991
06462	9.794002	0.521981	-1.433735	-0.194975	-0.105820	0.137796	-0.076286	-0.111562	0.990825	-0.583348	0.810897	0.046389	-0.808632	-0.574457	-0.126940
06463	9.800365	0.377458	-1.349987	-0.108354	-0.049617	0.120114	-0.077361	-0.110909	0.990815	-0.582315	0.811695	0.045393	-0.809274	-0.573455	-0.127377
06464	9.640962	0.510262	-1.181771	-0.072290	-0.015562	0.111464	-0.078110	-0.110114	0.990845	-0.581643	0.812231	0.044413	-0.809686	-0.572849	-0.127490
06465	9.714404	0.456438	-1.002614	-0.064544	-0.026618	0.120892	-0.078989	-0.109323	0.990863	-0.581009	0.812742	0.043355	-0.810055	-0.572275	-0.127715
06466	9.769971	0.382813	-0.941043	-0.052441	0.021257	0.119986	-0.079488	-0.108248	0.990941	-0.580488	0.813171	0.042265	-0.810380	-0.571870	-0.127474
06467	9.617378	0.365241	-0.778616	-0.021502	0.043488	0.109832	-0.079764	-0.107135	0.991040	-0.580080	0.813514	0.041256	-0.810645	-0.571591	-0.127036
06468	9.617429	0.433893	-0.577441	0.029738	0.033687	0.112631	-0.080119	-0.106048	0.991128	-0.580230	0.813463	0.040134	-0.810503	-0.571866	-0.126706
06469	9.565894	0.457921	-0.493177	0.044026	0.011517	0.116706	-0.080742	-0.105057	0.991183	-0.580311	0.813463	0.038948	-0.810382	-0.572050	-0.126647
06470	9.656702	0.411171	-0.260285	0.074506	0.014389	0.114249	-0.081264	-0.104067	0.991245	-0.580822	0.813155	0.037753	-0.809964	-0.572668	-0.126525
06471	9.536951	0.409457	-0.171252	0.121146	0.043340	0.104011	-0.081470	-0.103012	0.991338	-0.581743	0.812548	0.036625	-0.809282	-0.573720	-0.126125
06472	9.398101	0.454019	-0.108042	0.077520	-0.015344	0.096713	-0.082132	-0.102336	0.991353	-0.582290	0.812201	0.035601	-0.808822	-0.574332	-0.126297
06473	9.538381	0.405748	-0.071141	0.052406	-0.045672	0.108622	-0.083092	-0.101753	0.991334	-0.582624	0.812009	0.034512	-0.808483	-0.574707	-0.126755
06474	9.363498	0.371665	-0.351992	-0.010398	-0.083411	0.108808	-0.084375	-0.101370	0.991264	-0.582448	0.812178	0.033479	-0.808477	-0.574535	-0.127570
06475	9.328039	0.419053	-0.301970	-0.083217	-0.159011	0.117574	-0.086303	-0.101365	0.991099	-0.581709	0.812749	0.032470	-0.808806	-0.573729	-0.129107
06476	9.446707	0.313094	-0.638643	-0.159616	-0.240246	0.129510	-0.088974	-0.101709	0.990827	-0.580303	0.813794	0.031427	-0.809526	-0.572184	-0.131429
06477	9.577671	0.272961	-1.044032	-0.177717	-0.276089	0.121321	-0.091876	-0.102329	0.990499	-0.578715	0.814959	0.030514	-0.810338	-0.570413	-0.134094
06478	9.628146	0.488027	-1.560545	-0.224917	-0.317709	0.123579	-0.095141	-0.103151	0.990105	-0.576775	0.816366	0.029627	-0.811344	-0.568249	-0.137165
06479	9.834991	0.391778	-2.228857	-0.313906	-0.357539	0.141176	-0.098817	-0.104049	0.989651	-0.574002	0.818350	0.028724	-0.812870	-0.565223	-0.140591
06480	9.956924	0.111150	-2.819224	-0.366635	-0.351492	0.153892	-0.102534	-0.104790	0.989195	-0.570863	0.820576	0.027755	-0.814618	-0.561849	-0.143957
06481	9.922360	-0.098305	-3.258599	-0.368645	-0.317908	0.138094	-0.105841	-0.105469	0.988774	-0.567695	0.822796	0.026997	-0.816407	-0.558464	-0.146960
06482	10.058642	-0.136523	-3.584816	-0.344261	-0.287528	0.131217	-0.108909	-0.106011	0.988383	-0.564740	0.824851	0.026243	-0.818051	-0.555321	-0.149703
06483	10.068583	0.121627	-3.890573	-0.262247	-0.232337	0.103449	-0.111357	-0.106490	0.988058	-0.562545	0.826368	0.025663	-0.819233	-0.552970	-0.151928
06484	10.023646	0.376214	-3.839850	-0.233222	-0.205465	0.093643	-0.113543	-0.106871	0.987768	-0.560528	0.827754	0.025126	-0.820315	-0.550819	-0.153890
06485	9.980961	0.010277	-3.618057	-0.257221	-0.170849	0.131230	-0.115659	-0.106763	0.987535	-0.558258	0.829312	0.024275	-0.821566	-0.548492	-0.155519
06486	9.937251	-0.315975	-3.433997	-0.100338	-0.125064	0.116117	-0.117310	-0.106507	0.987368	-0.557299	0.829985	0.023317	-0.821983	-0.547523	-0.156722
06487	9.946536	-0.079516	-3.056287	0.098004	-0.048840	0.071263	-0.118084	-0.106222	0.987306	-0.557988	0.829543	0.022513	-0.821404	-0.548247	-0.157227
06488	9.954918	0.273114	-2.320108	0.229474	0.035083	0.072862	-0.118178	-0.105448	0.987378	-0.559786	0.828359	0.021465	-0.820167	-0.550183	-0.156922
06489	10.071072	0.452791	-1.591356	0.454451	0.175800	0.072020	-0.117084	-0.103932	0.987669	-0.563471	0.825891	0.020111	-0.817797	-0.554168	-0.155261
06490	9.933897	0.485015	-1.199796	0.654209	0.402118	0.052517	-0.114075	-0.101281	0.988296	-0.568750	0.822300	0.018621	-0.814562	-0.559969	-0.151407
06491	9.353025	0.386578	-0.656019	0.780162	0.495516	0.033373	-0.110243	-0.098248	0.989037	-0.574960	0.818001	0.017170	-0.810720	-0.566764	-0.146668
06492	9.164869	0.357107	-0.085483	0.668677	0.373718	0.045094	-0.107455	-0.095773	0.989586	-0.580321	0.814235	0.015788	-0.807268	-0.572581	-0.143072
06493	9.330000	0.069709	0.176311	0.602571	0.306064	0.061367	-0.105305	-0.093557	0.990029	-0.585118	0.810821	0.014385	-0.804082	-0.577769	-0.140126
06494	9.302786	0.097554	0.549199	0.588006	0.292191	0.042914	-0.103187	-0.091535	0.990441	-0.589791	0.807448	0.013177	-0.800936	-0.582794	-0.137305
06495	9.170253	0.290898	0.998453	0.459286	0.241689	0.037497	-0.101436	-0.089841	0.990777	-0.593280	0.804903	0.012246	-0.798580	-0.586566	-0.134947
06496	9.106062	0.169441	1.319168	0.325620	0.177530	0.043555	-0.100254	-0.088468	0.991021	-0.595833	0.803027	0.011410	-0.796826	-0.589339	-0.133218
06497	9.004430	0.289187	1.591311	0.215144	0.075478	0.024297	-0.099733	-0.087854	0.991128	-0.597454	0.801828	0.010955	-0.795677	-0.591061	-0.132457
06498	9.037084	0.294153	1.484284	-0.005009	-0.072657	0.040469	-0.100527	-0.087980	0.991037	-0.597374	0.801893	0.010593	-0.795637	-0.590954	-0.133169
06499	9.254951	-0.036546	0.877229	-0.112766	-0.200596	0.046012	-0.102328	-0.088829	0.990777	-0.596457	0.802578	0.010354	-0.796095	-0.589897	-0.135109
06500	9.328179	0.064111	0.184985	-0.192372	-0.304581	0.055120	-0.105057	-0.090202	0.990367	-0.594868	0.803760	0.010103	-0.796929	-0.588076	-0.138098
06501	9.581040	0.225506	-0.758883	-0.267133	-0.397075	0.065884	-0.108583	-0.092038	0.989817	-0.592728	0.805342	0.009863	-0.798050	-0.585621	-0.142000
06502	9.629963	0.273491	-1.369202	-0.341972	-0.439471	0.073519	-0.112503	-0.094033	0.989192	-0.589915	0.807408	0.009661	-0.799590	-0.582452	-0.146307
06503	9.740780	0.242298	-2.042027	-0.450940	-0.484777	0.093920	-0.116900	-0.096107	0.988483	-0.586141	0.810154	0.009451	-0.801731	-0.578285	-0.151040
06504	9.725069	-0.183048	-2.737352	-0.499987	-0.498026	0.099922	-0.121457	-0.098186	0.987728	-0.582007	0.813131	0.009263	-0.804062	-0.573740	-0.155906
06505	9.930339	-0.358561	-3.327021	-0.523091	-0.486359	0.089091	-0.125850	-0.100263	0.986970	-0.577641	0.816238	0.009263	-0.806531	-0.568949	-0.160639
06506	10.026166	-0.352692	-3.571415	-0.503786	-0.431836	0.065727	-0.129691	-0.102194	0.986274	-0.573488	0.819159	0.009467	-0.808883	-0.564389	-0.164845
06507	10.082816	-0.455678	-3.899106	-0.501701	-0.404309	0.067511	-0.133330	-0.103935	0.985607	-0.569278	0.822088	0.009681	-0.811262	-0.559794	-0.168776
06508	10.108208	-0.347812	-4.145619	-0.426199	-0.326867	0.030561	-0.136133	-0.105528	0.985054	-0.565776	0.824497	0.010138	-0.813244	-0.555940	-0.171947
06509	9.868264	-0.039199	-3.626913	-0.394275	-0.248721	0.015470	-0.138218	-0.106819	0.984625	-0.562568	0.826682	0.010713	-0.815116	-0.552437	-0.174355
06510	9.870867	-0.101526	-3.467542	-0.359483	-0.240023	0.022959	-0.140280	-0.107973	0.984207	-0.559603	0.828686	0.011150	-0.816802	-0.549201	-0.176670
06511	9.695058	-0.296747	-3.155021	-0.306046	-0.181993	0.010380	-0.141762	-0.108913	0.983891	-0.557051	0.830396	0.011660	-0.818289	-0.546425	-0.178389
06512	9.640261	-0.440625	-2.609667	-0.228189	-0.163662	0.013128	-0.143150	-0.109719	0.983600	-0.555165	0.831654	0.011972	-0.819329	-0.544347	-0.179963
06513	9.826298	-0.568483	-2.116084	-0.109457	-0.149204	0.004668	-0.144394	-0.110528	0.983328	-0.554251	0.832261	0.012160	-0.819730	-0.543254	-0.181434
06514	9.711782	-0.091055	-1.463940	0.074946	-0.075358	-0.056513	-0.144674	-0.111430	0.983185	-0.554947	0.831790	0.012612	-0.819209	-0.543791	-0.182176
06515	9.524664	0.228593	-0.887589	0.083080	-0.069240	-0.032105	-0.145078	-0.112105	0.983049	-0.555638	0.831326	0.012802	-0.818669	-0.544362	-0.182896
06516	9.410290	-0.346693	-0.570539	0.131339	-0.091878	0.002049	-0.145816	-0.112611	0.982882	-0.556710	0.830612	0.012574	-0.817809	-0.545347	-0.183808
06517	9.087994	-0.578380	-0.246584	0.266780	-0.085038	-0.044658	-0.146285	-0.113476	0.982713	-0.558927	0.829122	0.012540	-0.816212	-0.547430	-0.184713
06518	9.277128	-0.435644	0.220184	0.363018	-0.125581	-0.063231	-0.146929	-0.114711	0.982473	-0.561979	0.827057	0.012521	-0.813997	-0.550290	-0.185984
06519	9.455519	-0.117962	0.294886	0.445595	-0.128596	-0.090026	-0.147463	-0.116196	0.982219	-0.565729	0.824495	0.012603	-0.811299	-0.553811	-0.187318
06520	9.278123	0.369004	0.716524	0.365282	-0.175252	-0.097475	-0.148305	-0.117993	0.981877	-0.568833	0.822352	0.012905	-0.808971	-0.556611	-0.189077
06521	9.235792	0.474727	1.031945	0.155196	-0.317508	-0.057226	-0.150517	-0.120251	0.981267	-0.570132	0.821447	0.013212	-0.807647	-0.557463	-0.192201
06522	9.369926	0.244794	0.881703	0.052347	-0.407046	-0.056723	-0.153455	-0.123007	0.980470	-0.570642	0.821084	0.013699	-0.806734	-0.557395	-0.196192
06523	9.215570	0.343054	0.821933	-0.037604	-0.490838	-0.051644	-0.157100	-0.126180	0.979489	-0.570381	0.821256	0.014313	-0.806217	-0.556433	-0.200990
06524	9.338502	0.340127	0.359822	-0.128308	-0.595208	-0.045618	-0.161613	-0.129883	0.978270	-0.569421	0.821909	0.015053	-0.806003	-0.554614	-0.206790
06525	9.536496	0.478871	-0.349412	-0.173005	-0.663408	-0.046943	-0.166698	-0.133947	0.976867	-0.568041	0.822847	0.015894	-0.805941	-0.552251	-0.213255
06526	9.617594	0.390516	-1.286027	-0.259451	-0.722463	-0.044626	-0.172244	-0.138315	0.975295	-0.566027	0.824213	0.016924	-0.806192	-0.549128	-0.220256
06527	9.840455	0.185714	-2.247499	-0.327696	-0.781021	-0.039997	-0.178322	-0.142943	0.973534	-0.563470	0.825939	0.018061	-0.806661	-0.545337	-0.227827
06528	9.982306	-0.040556	-3.046599	-0.361021	-0.772955	-0.046036	-0.184276	-0.147545	0.971737	-0.560642	0.827831	0.019377	-0.807293	-0.541226	-0.235270
06529	9.832210	-0.285558	-3.597722	-0.325162	-0.726040	-0.064368	-0.189784	-0.152008	0.969987	-0.558118	0.829501	0.020793	-0.807767	-0.537421	-0.242265
06530	9.759178	-0.520552	-3.525056	-0.350272	-0.707681	-0.078541	-0.195041	-0.156472	0.968233	-0.555441	0.831253	0.022447	-0.808359	-0.533418	-0.249039
06531	9.652693	-1.182210	-3.499410	-0.275350	-0.704578	-0.065199	-0.200355	-0.160800	0.966437	-0.553410	0.832569	0.023797	-0.808452	-0.530068	-0.255798
06532	9.882056	-1.076248	-3.507850	-0.017505	-0.632653	-0.182139	-0.204434	-0.165688	0.964756	-0.553640	0.832362	0.025633	-0.807273	-0.528887	-0.261895
06533	9.753942	0.512315	-2.967761	0.202241	-0.504285	-0.304065	-0.206795	-0.170932	0.963337	-0.555986	0.830718	0.028050	-0.805056	-0.529801	-0.266825
06534	9.540755	1.191631	-2.192220	0.003020	-0.563498	-0.198812	-0.210198	-0.175589	0.961762	-0.556428	0.830355	0.029987	-0.803869	-0.528847	-0.272242
06535	9.712419	0.250014	-2.301209	-0.152278	-0.674530	-0.110429	-0.214988	-0.180090	0.959869	-0.555451	0.830953	0.031495	-0.803277	-0.526389	-0.278676
06536	9.710758	-0.335798	-2.060237	-0.059988	-0.601533	-0.203185	-0.218664	-0.184962	0.958110	-0.555413	0.830894	0.033644	-0.802310	-0.524790	-0.284417
06537	9.487952	-0.167072	-1.411829	0.012935	-0.609034	-0.234398	-0.222251	-0.190130	0.956271	-0.556067	0.830364	0.035859	-0.800871	-0.523781	-0.290275
06538	9.538871	0.032457	-1.027087	0.039775	-0.642668	-0.225290	-0.226115	-0.195386	0.954304	-0.556893	0.829718	0.037926	-0.799213	-0.522870	-0.296421
06539	9.560139	0.105059	-0.658100	0.012679	-0.650195	-0.212907	-0.230154	-0.200576	0.952260	-0.557512	0.829209	0.039911	-0.797627	-0.521711	-0.302669
06540	9.437172	0.420634	-0.470605	0.051695	-0.682501	-0.249625	-0.234174	-0.206225	0.950070	-0.558508	0.828427	0.042159	-0.795759	-0.520749	-0.309175
06541	9.896086	1.053759	0.016350	-0.101091	-0.782120	-0.253712	-0.239013	-0.212431	0.947495	-0.558391	0.828364	0.044863	-0.794401	-0.518349	-0.316609
06542	9.862415	1.430113	-0.224213	-0.069827	-0.807590	-0.305575	-0.243691	-0.219161	0.944766	-0.558578	0.828061	0.048010	-0.792846	-0.516026	-0.324210
06543	9.355438	1.649690	-0.289622	-0.212485	-0.834674	-0.291053	-0.248731	-0.225880	0.941866	-0.557633	0.828493	0.051429	-0.791946	-0.512424	-0.332030
06544	9.069296	0.969770	-0.789671	-0.403332	-1.011886	-0.236987	-0.255400	-0.233024	0.938334	-0.555042	0.829999	0.055047	-0.791643	-0.506755	-0.341320
06545	8.972204	0.599634	-1.311976	-0.409087	-1.080572	-0.262197	-0.262566	-0.240677	0.934416	-0.552546	0.831400	0.058881	-0.791045	-0.500848	-0.351282
06546	8.935399	0.727753	-1.397245	-0.424540	-1.129835	-0.283504	-0.269913	-0.248682	0.930217	-0.549949	0.832814	0.063068	-0.790382	-0.494549	-0.361550
06547	8.983399	0.907814	-1.550920	-0.470535	-1.210019	-0.286497	-0.277936	-0.257044	0.925570	-0.547080	0.834360	0.067432	-0.789592	-0.487619	-0.372522
06548	9.150427	1.175790	-1.698899	-0.484852	-1.250323	-0.301772	-0.286133	-0.265638	0.920633	-0.544110	0.835911	0.072083	-0.788715	-0.480300	-0.383718
06549	9.117512	1.509386	-2.073092	-0.465374	-1.266291	-0.312295	-0.294433	-0.274317	0.915456	-0.541414	0.837246	0.076750	-0.787515	-0.473043	-0.395032
06550	9.148862	1.838296	-2.321691	-0.493236	-1.281452	-0.311262	-0.302813	-0.282961	0.910075	-0.538468	0.838686	0.081598	-0.786356	-0.465338	-0.406330
06551	8.900329	1.941779	-2.622996	-0.549359	-1.275792	-0.284314	-0.311344	-0.291249	0.904566	-0.535054	0.840385	0.086423	-0.785355	-0.457085	-0.417483
06552	9.135672	1.866475	-2.641216	-0.529885	-1.291654	-0.266372	-0.320036	-0.299363	0.898865	-0.531744	0.841992	0.091097	-0.784108	-0.448812	-0.428652
06553	9.544238	1.728291	-2.716524	-0.321440	-1.170487	-0.242026	-0.327900	-0.306629	0.893566	-0.530032	0.842677	0.094667	-0.782015	-0.442577	-0.438837
06554	9.476573	1.629130	-3.348246	-0.297605	-1.118504	-0.228532	-0.335403	-0.313495	0.888384	-0.528473	0.843268	0.098054	-0.779885	-0.436599	-0.448508
06555	9.649083	1.514696	-3.406961	-0.403659	-1.196782	-0.189891	-0.343684	-0.320304	0.882772	-0.526018	0.844385	0.101585	-0.777937	-0.429441	-0.458687
06556	9.784667	1.187617	-3.764585	-0.495470	-1.344012	-0.144249	-0.353347	-0.327262	0.876382	-0.522679	0.846016	0.105184	-0.775856	-0.420900	-0.469990
06557	10.384457	0.939721	-4.148204	-0.445665	-1.417018	-0.116316	-0.363668	-0.334163	0.869529	-0.519669	0.847471	0.108342	-0.773104	-0.412466	-0.481852
06558	10.534043	0.913858	-4.520043	-0.383320	-1.369234	-0.138787	-0.373491	-0.340958	0.862701	-0.517231	0.848559	0.111443	-0.770050	-0.404593	-0.493283
06559	10.529735	0.653202	-4.855338	-0.470781	-1.430750	-0.097940	-0.383936	-0.347531	0.855462	-0.514016	0.850083	0.114653	-0.767060	-0.395702	-0.505014
06560	10.667212	0.150019	-4.756770	-0.576244	-1.479331	-0.038318	-0.395044	-0.353661	0.847859	-0.509763	0.852191	0.117953	-0.764253	-0.385610	-0.516936
06561	11.109019	-0.495366	-4.801253	-0.519996	-1.481543	-0.022692	-0.406175	-0.359510	0.840104	-0.505922	0.854067	0.120881	-0.760963	-0.375928	-0.528785
06562	11.093021	-0.486072	-5.491006	-0.372777	-1.468759	-0.118582	-0.416701	-0.366007	0.832105	-0.503591	0.855012	0.123895	-0.756807	-0.367414	-0.540602
06563	10.687274	-0.003923	-5.610572	-0.219728	-1.374550	-0.126654	-0.426380	-0.372108	0.824461	-0.502510	0.855318	0.126156	-0.752120	-0.360509	-0.551678
06564	10.067051	0.913498	-5.531117	-0.172430	-1.378148	-0.144108	-0.435965	-0.378287	0.816598	-0.501849	0.855383	0.128327	-0.747049	-0.353863	-0.562760
06565	9.840034	1.513851	-5.659639	-0.335556	-1.367381	-0.139074	-0.445397	-0.384276	0.808674	-0.500009	0.855998	0.131371	-0.742706	-0.345832	-0.573400
06566	9.625945	1.358652	-5.859195	-0.474427	-1.338971	-0.060007	-0.454997	-0.389383	0.800849	-0.496775	0.857374	0.134627	-0.739048	-0.336587	-0.583538
06567	9.280265	1.102800	-6.723429	-0.452252	-1.244615	-0.070285	-0.463767	-0.394138	0.793458	-0.493812	0.858572	0.137854	-0.735574	-0.327887	-0.592807
06568	8.904166	1.475917	-7.111362	-0.326580	-1.099336	-0.094951	-0.471345	-0.398543	0.786764	-0.491872	0.859243	0.140581	-0.732049	-0.320724	-0.601032
06569	8.488294	1.828355	-7.112816	-0.256204	-0.992991	-0.083955	-0.478127	-0.402436	0.780666	-0.490448	0.859692	0.142795	-0.728598	-0.314602	-0.608416
06570	8.405573	1.918326	-7.061922	-0.225568	-0.906070	-0.030225	-0.484544	-0.405546	0.775080	-0.488966	0.860262	0.144437	-0.725347	-0.309002	-0.615133
06571	8.098078	1.671610	-6.898891	-0.159504	-0.709651	0.001805	-0.489634	-0.407728	0.770725	-0.487850	0.860730	0.145415	-0.722676	-0.304798	-0.620353
06572	7.413376	0.999214	-6.756909	-0.058803	-0.470971	0.002312	-0.493023	-0.409162	0.767798	-0.487427	0.860906	0.145790	-0.720654	-0.302368	-0.623884
06573	7.198912	0.144844	-7.056301	0.149969	-0.234884	0.003586	-0.494675	-0.409862	0.766362	-0.488537	0.860439	0.144832	-0.718769	-0.302751	-0.625870
06574	7.815435	-0.296435	-6.252803	0.582530	0.051667	-0.042369	-0.494075	-0.410093	0.766625	-0.492939	0.858475	0.141537	-0.716171	-0.307969	-0.626302
06575	7.963487	0.084680	-5.830477	1.041631	0.378411	-0.127379	-0.490681	-0.410018	0.768842	-0.501059	0.854659	0.136003	-0.712861	-0.318501	-0.624808
06576	7.276238	1.170044	-5.926707	1.333747	0.688376	-0.237374	-0.484562	-0.409823	0.772816	-0.511715	0.849332	0.129550	-0.709470	-0.332687	-0.621266
06577	7.151811	2.319409	-6.062540	1.327290	0.899587	-0.284794	-0.476659	-0.409191	0.778048	-0.522536	0.843618	0.123552	-0.706931	-0.347666	-0.615935
06578	7.610814	2.864567	-5.634200	1.103231	1.051042	-0.176635	-0.468280	-0.406976	0.784273	-0.531177	0.838975	0.118202	-0.706091	-0.361237	-0.609052
06579	7.508373	2.703125	-5.464442	0.820193	1.274246	-0.099310	-0.458685	-0.403143	0.791886	-0.537483	0.835529	0.114035	-0.707616	-0.373319	-0.599927
06580	7.639625	2.311461	-5.315375	0.642001	1.447781	-0.095826	-0.447877	-0.398480	0.800387	-0.542482	0.832701	0.111008	-0.710718	-0.384478	-0.589116
06581	7.732343	2.192703	-5.204954	0.496783	1.662192	-0.110107	-0.435368	-0.392929	0.809976	-0.546553	0.830299	0.109012	-0.715356	-0.395235	-0.576243
06582	7.679306	1.932429	-5.170740	0.400975	1.844485	-0.114947	-0.421467	-0.386519	0.820347	-0.549936	0.828234	0.107695	-0.721065	-0.405748	-0.561634
06583	7.726984	1.810669	-5.146538	0.353229	2.006700	-0.128144	-0.406170	-0.379342	0.831339	-0.553064	0.826263	0.106813	-0.727424	-0.416400	-0.545404
06584	7.740952	1.889860	-4.996610	0.364819	2.190416	-0.165273	-0.389223	-0.371484	0.842915	-0.556397	0.824093	0.106268	-0.734117	-0.427634	-0.527448
06585	7.416766	2.055797	-4.730862	0.320092	2.350787	-0.182420	-0.370807	-0.362810	0.854910	-0.559488	0.822010	0.106177	-0.741267	-0.438940	-0.507795
06586	7.380983	1.932106	-4.613708	0.254512	2.431439	-0.152066	-0.351816	-0.353277	0.866845	-0.561942	0.820325	0.106249	-0.748630	-0.449736	-0.487125
06587	7.502081	1.538165	-4.739051	0.239390	2.557889	-0.154013	-0.331650	-0.342905	0.878877	-0.564300	0.818675	0.106474	-0.756025	-0.460638	-0.465015
06588	7.591230	1.327661	-4.634670	0.322800	2.694209	-0.174828	-0.310174	-0.331787	0.890904	-0.567320	0.816570	0.106588	-0.762850	-0.472367	-0.441509
06589	7.815547	1.368119	-4.652365	0.370944	2.791122	-0.187041	-0.287676	-0.319965	0.902699	-0.570748	0.814164	0.106696	-0.769084	-0.484519	-0.416835
06590	8.088485	1.522603	-4.553314	0.393236	2.911380	-0.213067	-0.263955	-0.307433	0.914228	-0.574377	0.811558	0.107074	-0.774867	-0.496849	-0.390797
06591	8.213061	1.679957	-4.465304	0.364218	3.024168	-0.218049	-0.239128	-0.293997	0.925410	-0.577781	0.809051	0.107731	-0.780376	-0.508922	-0.363333
06592	8.356251	1.708330	-4.439276	0.292942	3.099533	-0.202369	-0.213659	-0.279704	0.936010	-0.580537	0.806956	0.108623	-0.785701	-0.520181	-0.334792
06593	8.595342	1.654229	-4.369895	0.214899	3.173137	-0.180518	-0.187544	-0.264494	0.945976	-0.582611	0.805319	0.109662	-0.790817	-0.530569	-0.305130
06594	8.832104	1.715442	-4.172544	0.108689	3.254725	-0.171856	-0.160693	-0.248479	0.955215	-0.583775	0.804291	0.111012	-0.795855	-0.539792	-0.274300
06595	8.726593	1.484861	-3.987209	-0.035135	3.351773	-0.143872	-0.133041	-0.231419	0.963714	-0.583717	0.804123	0.112514	-0.800983	-0.547568	-0.242065
06596	8.759398	1.237198	-3.537050	-0.100842	3.358729	-0.153902	-0.105136	-0.214173	0.971121	-0.583091	0.804331	0.114262	-0.805575	-0.554239	-0.209446
06597	9.034641	1.139025	-3.318941	-0.203750	3.374378	-0.132852	-0.077058	-0.196458	0.977480	-0.581573	0.805184	0.115982	-0.809836	-0.559539	-0.176300
06598	9.166412	0.946591	-2.944037	-0.251258	3.386706	-0.119131	-0.048850	-0.178414	0.982742	-0.579608	0.806368	0.117582	-0.813430	-0.563861	-0.142802
06599	9.167946	1.015005	-2.550727	-0.271330	3.370001	-0.105788	-0.020732	-0.160216	0.986864	-0.577437	0.807716	0.119001	-0.816172	-0.567385	-0.109260
06600	9.281053	1.034719	-2.240294	-0.330159	3.289416	-0.082741	0.006654	-0.142203	0.989815	-0.574741	0.809466	0.120157	-0.818308	-0.569687	-0.076343
06601	9.357568	1.068066	-2.145332	-0.318707	3.222128	-0.061392	0.033437	-0.124327	0.991678	-0.572118	0.811198	0.120991	-0.819489	-0.571402	-0.044006
06602	9.452066	1.173156	-1.731089	-0.275054	3.123701	-0.047862	0.059338	-0.106865	0.992501	-0.569837	0.812715	0.121575	-0.819613	-0.572778	-0.012671
06603	9.338474	1.060373	-1.285351	-0.210848	3.012447	0.032548	0.083872	-0.089339	0.992464	-0.568128	0.813954	0.121282	-0.818655	-0.574018	0.017512
06604	9.093051	1.047652	-0.897930	-0.046169	2.794187	0.084866	0.106258	-0.072603	0.991684	-0.567825	0.814288	0.120457	-0.816262	-0.575903	0.045299
06605	9.482032	1.640555	-0.519045	-0.032699	2.605737	0.009956	0.127475	-0.057513	0.990173	-0.567563	0.814483	0.120376	-0.813402	-0.577331	0.071184
06606	8.941517	1.453735	0.625471	0.014579	2.500569	0.101473	0.147220	-0.042253	0.988201	-0.567813	0.814449	0.119416	-0.809885	-0.578694	0.095912
06607	8.728788	0.977830	1.779802	-0.108503	2.148555	0.125794	0.163918	-0.028813	0.986053	-0.567120	0.815124	0.118095	-0.807159	-0.578569	0.117273
06608	9.073096	-0.257727	1.904495	-0.278832	1.701765	0.215077	0.176450	-0.017249	0.984158	-0.565229	0.816786	0.115656	-0.805842	-0.576683	0.134372
06609	8.016357	0.030860	0.289196	-0.186449	1.335238	0.107697	0.186632	-0.008693	0.982391	-0.563914	0.817876	0.114368	-0.804468	-0.575329	0.147740
06610	7.615305	1.809877	1.578926	-0.284418	1.080214	0.003556	0.195324	-0.002483	0.980736	-0.561625	0.819511	0.113928	-0.804006	-0.573058	0.158676
06611	7.311410	2.647974	1.342808	-0.616630	0.476826	0.158628	0.198316	0.001524	0.980137	-0.556962	0.823031	0.111413	-0.806514	-0.567994	0.164069
06612	7.162130	2.429013	0.032566	-0.838393	-0.003719	0.218304	0.197101	0.003284	0.980378	-0.550603	0.827761	0.107924	-0.811164	-0.561071	0.164961
06613	7.090983	2.215031	-0.499889	-0.964326	-0.268997	0.217550	0.193760	0.003570	0.981043	-0.543165	0.833130	0.104246	-0.816963	-0.553066	0.163366
06614	6.759540	1.338260	-1.205714	-1.098686	-0.597358	0.251122	0.187529	0.002371	0.982256	-0.534620	0.839150	0.100042	-0.824023	-0.543894	0.158632
06615	6.922440	0.111227	-2.182171	-0.983748	-0.886172	0.267421	0.178813	-0.000190	0.983883	-0.526950	0.844465	0.095932	-0.830873	-0.535611	0.150901
06616	8.406834	-0.002063	-2.271060	-0.483065	-0.951833	0.142396	0.170160	-0.004086	0.985408	-0.523166	0.847047	0.093853	-0.835070	-0.531502	0.141996
06617	11.782550	1.395995	0.290197	-0.031839	-0.452428	0.004536	0.166390	-0.006484	0.986039	-0.522885	0.847226	0.093806	-0.836006	-0.531193	0.137580
06618	11.126180	1.587808	1.848376	0.201953	0.033865	-0.028669	0.166847	-0.006569	0.985961	-0.524516	0.846151	0.094397	-0.834892	-0.532902	0.137732
06619	9.380123	2.742743	3.256047	0.249497	-0.050933	-0.034549	0.166638	-0.007167	0.985992	-0.526516	0.844827	0.095125	-0.833674	-0.534992	0.137006
06620	10.478990	2.390013	3.142596	-0.298415	-0.632119	0.267455	0.159978	-0.008302	0.987086	-0.524453	0.846442	0.092117	-0.836275	-0.532417	0.131058
06621	12.469058	0.029364	1.695388	-0.511896	-0.951839	0.459322	0.149633	-0.009489	0.988696	-0.520848	0.849207	0.086977	-0.840433	-0.527975	0.122127
06622	13.306004	-1.192588	0.772417	-0.241795	-1.049495	0.430247	0.138583	-0.011385	0.990285	-0.519425	0.850527	0.082468	-0.843204	-0.525808	0.111956
06623	13.368179	0.182970	-0.762015	0.234203	-1.044856	0.299536	0.128247	-0.014373	0.991638	-0.521779	0.849341	0.079792	-0.843385	-0.527649	0.101426
06624	11.122593	1.995502	-0.978776	0.251236	-0.787386	0.320644	0.119954	-0.015837	0.992653	-0.524289	0.848062	0.076887	-0.843049	-0.529660	0.093426
06625	8.946736	2.302890	-0.305846	-0.035053	-0.907717	0.413875	0.110159	-0.017167	0.993766	-0.524447	0.848326	0.072789	-0.844287	-0.529196	0.084448
06626	9.016717	1.730796	-1.461496	-0.343186	-1.018002	0.423137	0.099359	-0.018967	0.994871	-0.521981	0.850215	0.068340	-0.847150	-0.526094	0.074576
06627	9.460659	1.024491	-1.896652	-0.415568	-0.919230	0.363608	0.089698	-0.020730	0.995753	-0.518771	0.852479	0.064478	-0.850195	-0.522351	0.065712
06628	9.584158	0.461254	-2.017547	-0.428781	-0.874453	0.342991	0.080500	-0.022376	0.996503	-0.515405	0.854785	0.060829	-0.853157	-0.518499	0.057278
06629	10.080819	-0.014794	-2.119229	-0.341821	-0.861877	0.325094	0.071495	-0.024092	0.997150	-0.512700	0.856643	0.057458	-0.855586	-0.515347	0.048894
06630	10.571542	-0.050478	-2.205906	-0.208447	-0.773003	0.279649	0.063467	-0.025694	0.997653	-0.511099	0.857786	0.054606	-0.857176	-0.513365	0.041309
06631	10.536327	0.012777	-2.062750	-0.091087	-0.654055	0.266153	0.056526	-0.026810	0.998041	-0.510445	0.858339	0.051967	-0.858051	-0.512382	0.034834
06632	10.499875	0.310888	-1.680505	0.022215	-0.568574	0.261842	0.050333	-0.027499	0.998354	-0.510771	0.858297	0.049392	-0.858242	-0.512416	0.029155
06633	10.167639	0.671963	-1.004410	0.043237	-0.475102	0.252323	0.044991	-0.027815	0.998600	-0.511228	0.858162	0.046936	-0.858267	-0.512624	0.024390
06634	9.789021	0.593217	-0.331530	-0.014244	-0.458381	0.251580	0.039794	-0.028028	0.998815	-0.511208	0.858307	0.044452	-0.858535	-0.512371	0.019827
06635	9.639595	0.290971	-0.115629	-0.090601	-0.472036	0.257391	0.034449	-0.028282	0.999006	-0.510491	0.858861	0.041918	-0.859193	-0.511427	0.015149
