// General information: 
//  MT Manager version: 2022.2.0 
//  XDA version: 2022.2.0 build 7381 rev 124627 built on 2023-07-19
// Device information: 
//  DeviceId: 00B4CAF0
//  ProductCode: MTW2-3A7G6
//  Firmware Version: 4.6.0
//  Hardware Version: 2.0.0
// Device settings: 
//  Filter Profile: human(46.1)
//  Option Flags: Orientation Smoother Disabled, Position/Velocity Smoother Disabled, Continuous Zero Rotation Update Disabled, AHS Disabled, ICC Disabled
// Coordinate system: ENU
PacketCounter	Acc_X	Acc_Y	Acc_Z	Gyr_X	Gyr_Y	Gyr_Z	Mat[1][1]	Mat[2][1]	Mat[3][1]	Mat[1][2]	Mat[2][2]	Mat[3][2]	Mat[1][3]	Mat[2][3]	Mat[3][3]
29268	4.719711	-0.791457	9.121902	0.007216	0.001086	0.004574	-0.366373	0.811871	0.454572	-0.923831	-0.375642	-0.073683	0.110935	-0.446943	0.887657
29269	4.698221	-0.785025	9.111427	0.002459	0.007975	0.002449	-0.366339	0.811910	0.454530	-0.923855	-0.375575	-0.073726	0.110851	-0.446929	0.887675
29270	4.753577	-0.764811	9.069061	0.001585	0.005222	0.004305	-0.366359	0.811921	0.454495	-0.923850	-0.375582	-0.073749	0.110821	-0.446904	0.887691
29271	4.705261	-0.793573	9.090840	0.005713	0.007284	0.001655	-0.366361	0.811931	0.454474	-0.923851	-0.375581	-0.073750	0.110812	-0.446885	0.887702
29272	4.705567	-0.762611	9.106955	0.002158	0.006455	0.002629	-0.366368	0.811954	0.454429	-0.923851	-0.375577	-0.073760	0.110783	-0.446848	0.887724
29273	4.733260	-0.808093	9.081052	0.003951	0.007773	0.002801	-0.366328	0.811982	0.454410	-0.923870	-0.375533	-0.073752	0.110761	-0.446833	0.887734
29274	4.703374	-0.792856	9.091878	0.006329	0.004329	0.003864	-0.366344	0.811990	0.454383	-0.923862	-0.375558	-0.073731	0.110779	-0.446798	0.887750
29275	4.681909	-0.786375	9.081388	0.003618	0.004445	0.001663	-0.366276	0.812006	0.454411	-0.923886	-0.375506	-0.073687	0.110799	-0.446814	0.887739
29276	4.711723	-0.770454	9.086891	0.001856	0.004935	0.002808	-0.366282	0.812020	0.454379	-0.923887	-0.375501	-0.073701	0.110773	-0.446790	0.887754
29277	4.706468	-0.780937	9.145857	0.003378	0.006541	0.004478	-0.366276	0.812017	0.454390	-0.923886	-0.375508	-0.073678	0.110799	-0.446791	0.887751
29278	4.714484	-0.789607	9.124765	0.002409	-0.001637	0.002382	-0.366271	0.812004	0.454417	-0.923888	-0.375503	-0.073685	0.110802	-0.446819	0.887736
29279	4.723743	-0.767595	9.119272	0.002440	0.000172	0.003699	-0.366212	0.811997	0.454478	-0.923909	-0.375455	-0.073664	0.110821	-0.446873	0.887707
29280	4.731984	-0.776275	9.098064	0.002711	-0.000116	0.002202	-0.366207	0.811991	0.454492	-0.923911	-0.375449	-0.073667	0.110821	-0.446887	0.887700
29281	4.740088	-0.784920	9.076930	0.003045	0.003212	0.003340	-0.366190	0.811997	0.454495	-0.923924	-0.375410	-0.073707	0.110772	-0.446909	0.887695
29282	4.731481	-0.775852	9.098361	0.005381	0.003955	0.000518	-0.366174	0.812016	0.454474	-0.923929	-0.375403	-0.073679	0.110782	-0.446881	0.887708
29283	4.714639	-0.758189	9.140987	-0.000511	0.002384	0.004312	-0.366167	0.812003	0.454503	-0.923936	-0.375377	-0.073722	0.110748	-0.446926	0.887689
29284	4.709830	-0.769697	9.087936	0.002774	0.003501	0.004837	-0.366190	0.812004	0.454483	-0.923928	-0.375394	-0.073737	0.110735	-0.446911	0.887698
29285	4.700375	-0.791759	9.093525	-0.000814	0.000864	0.004492	-0.366155	0.812007	0.454506	-0.923951	-0.375321	-0.073808	0.110653	-0.446967	0.887681
29286	4.730488	-0.776091	9.098857	0.002742	0.001692	0.003520	-0.366165	0.812004	0.454503	-0.923948	-0.375327	-0.073818	0.110647	-0.446966	0.887681
29287	4.701119	-0.761148	9.109374	0.001866	-0.001061	0.005377	-0.366141	0.811984	0.454558	-0.923959	-0.375295	-0.073842	0.110635	-0.447030	0.887651
29288	4.717632	-0.778835	9.066920	0.000678	0.000662	0.004844	-0.366161	0.811972	0.454563	-0.923954	-0.375302	-0.073876	0.110614	-0.447046	0.887646
29289	4.722066	-0.767497	9.120149	0.002440	0.000172	0.003700	-0.366077	0.811991	0.454596	-0.923993	-0.375202	-0.073894	0.110564	-0.447095	0.887627
29290	4.729427	-0.807075	9.083140	0.001292	-0.002293	0.007054	-0.366114	0.811958	0.454626	-0.923979	-0.375229	-0.073932	0.110559	-0.447132	0.887609
29291	4.709412	-0.770221	9.088108	0.003931	-0.000031	0.004052	-0.366087	0.811936	0.454686	-0.923986	-0.375217	-0.073912	0.110594	-0.447182	0.887580
29292	4.729469	-0.806946	9.083129	0.002711	-0.000116	0.002202	-0.366082	0.811931	0.454700	-0.923988	-0.375211	-0.073916	0.110594	-0.447197	0.887572
29293	4.709313	-0.770114	9.088169	0.001627	0.001036	0.008192	-0.366123	0.811902	0.454719	-0.923978	-0.375220	-0.073996	0.110542	-0.447242	0.887556
29294	4.711631	-0.820244	9.110002	0.002775	0.003501	0.004837	-0.366146	0.811903	0.454699	-0.923970	-0.375236	-0.074011	0.110530	-0.447227	0.887565
29295	4.717042	-0.778942	9.067217	0.003963	0.001778	0.005370	-0.366078	0.811920	0.454723	-0.924000	-0.375162	-0.074011	0.110503	-0.447258	0.887553
29296	4.716732	-0.778765	9.067394	0.003620	0.004444	0.001663	-0.366072	0.811937	0.454697	-0.924003	-0.375155	-0.074004	0.110495	-0.447232	0.887567
29297	4.728235	-0.806694	9.083794	0.002743	0.001692	0.003520	-0.365995	0.811946	0.454743	-0.924033	-0.375088	-0.073975	0.110505	-0.447272	0.887545
29298	4.698692	-0.791572	9.094411	0.004537	0.003010	0.003693	-0.366007	0.811949	0.454728	-0.924027	-0.375103	-0.073969	0.110511	-0.447254	0.887553
29299	4.736963	-0.784277	9.078617	0.005079	0.002433	0.000698	-0.365953	0.811957	0.454757	-0.924047	-0.375058	-0.073945	0.110521	-0.447277	0.887540
29300	4.736767	-0.783963	9.078746	0.004234	0.001490	0.003873	-0.365965	0.811953	0.454756	-0.924042	-0.375073	-0.073942	0.110529	-0.447274	0.887541
29301	4.707359	-0.768802	9.089292	0.005151	0.000056	0.005903	-0.365941	0.811937	0.454802	-0.924049	-0.375055	-0.073936	0.110544	-0.447316	0.887518
29302	4.698005	-0.790587	9.094851	0.002743	0.001692	0.003520	-0.365950	0.811935	0.454799	-0.924047	-0.375060	-0.073945	0.110538	-0.447316	0.887519
29303	4.706986	-0.768623	9.089500	0.001555	0.003415	0.002987	-0.366007	0.811904	0.454809	-0.924027	-0.375094	-0.074009	0.110508	-0.447344	0.887509
29304	4.710236	-0.787926	9.127103	0.002472	0.001981	0.005017	-0.366030	0.811897	0.454802	-0.924020	-0.375110	-0.074028	0.110498	-0.447343	0.887510
29305	4.727523	-0.774814	9.100507	0.002472	0.001981	0.005017	-0.365984	0.811908	0.454819	-0.924044	-0.375045	-0.074058	0.110449	-0.447376	0.887499
29306	4.718138	-0.796705	9.106073	0.003660	0.000258	0.005550	-0.366010	0.811892	0.454827	-0.924032	-0.375071	-0.074069	0.110457	-0.447385	0.887494
29307	4.735640	-0.783592	9.079366	0.001865	-0.001059	0.005378	-0.366051	0.811845	0.454879	-0.924017	-0.375098	-0.074121	0.110450	-0.447448	0.887463
29308	4.697044	-0.790475	9.095358	0.004234	0.001490	0.003873	-0.366063	0.811840	0.454878	-0.924011	-0.375113	-0.074119	0.110458	-0.447444	0.887464
29309	4.718182	-0.796521	9.106066	0.003021	-0.004591	0.004594	-0.366062	0.811797	0.454956	-0.924012	-0.375104	-0.074156	0.110456	-0.447530	0.887421
29310	4.726461	-0.805354	9.084836	0.000064	0.003618	0.002634	-0.366065	0.811806	0.454936	-0.924015	-0.375089	-0.074186	0.110418	-0.447525	0.887428
29311	4.727247	-0.774669	9.100663	0.002440	0.000172	0.003700	-0.366031	0.811811	0.454955	-0.924038	-0.375023	-0.074245	0.110345	-0.447572	0.887414
29312	4.696796	-0.790264	9.095504	0.004538	0.003010	0.003693	-0.366042	0.811814	0.454941	-0.924032	-0.375037	-0.074240	0.110351	-0.447555	0.887422
29313	4.730328	-0.793703	9.138376	0.002472	0.001982	0.005017	-0.366031	0.811813	0.454951	-0.924044	-0.374998	-0.074293	0.110294	-0.447588	0.887412
29314	4.705603	-0.768150	9.090257	0.003015	0.001404	0.002023	-0.366025	0.811815	0.454952	-0.924046	-0.374992	-0.074293	0.110291	-0.447590	0.887411
29315	4.708973	-0.787259	9.127813	0.003015	0.001404	0.002023	-0.365970	0.811822	0.454985	-0.924070	-0.374933	-0.074294	0.110275	-0.447628	0.887394
29316	4.734601	-0.782989	9.079960	0.001626	0.001040	0.008192	-0.366021	0.811799	0.454985	-0.924052	-0.374971	-0.074335	0.110261	-0.447638	0.887391
29317	4.713412	-0.776828	9.069286	0.004235	0.001490	0.003873	-0.365961	0.811819	0.454998	-0.924082	-0.374892	-0.074359	0.110209	-0.447667	0.887383
29318	4.747116	-0.780209	9.112075	0.002711	-0.000117	0.002203	-0.365955	0.811813	0.455012	-0.924084	-0.374886	-0.074363	0.110209	-0.447683	0.887375
29319	4.716817	-0.795786	9.106837	0.003931	-0.000030	0.004054	-0.365966	0.811785	0.455054	-0.924079	-0.374893	-0.074385	0.110213	-0.447729	0.887351
29320	4.708498	-0.786914	9.128088	0.002169	0.000462	0.005198	-0.365989	0.811770	0.455062	-0.924071	-0.374909	-0.074407	0.110205	-0.447741	0.887346
29321	4.716704	-0.795667	9.106906	0.003931	-0.000030	0.004054	-0.365972	0.811752	0.455107	-0.924077	-0.374894	-0.074413	0.110212	-0.447787	0.887322
29322	4.727064	-0.742899	9.117080	0.003323	-0.003071	0.004414	-0.365984	0.811725	0.455146	-0.924070	-0.374908	-0.074422	0.110228	-0.447824	0.887301
29323	4.725180	-0.804221	9.085603	0.003931	-0.000030	0.004054	-0.365956	0.811713	0.455191	-0.924081	-0.374880	-0.074426	0.110229	-0.447870	0.887278
29324	4.704136	-0.797883	9.074868	0.002711	-0.000117	0.002203	-0.365950	0.811707	0.455205	-0.924083	-0.374874	-0.074430	0.110229	-0.447885	0.887270
29325	4.721589	-0.784720	9.048194	0.004609	0.000635	0.008899	-0.365930	0.811699	0.455237	-0.924093	-0.374848	-0.074444	0.110218	-0.447922	0.887253
29326	4.716697	-0.795090	9.106960	0.003015	0.001404	0.002023	-0.365924	0.811701	0.455238	-0.924095	-0.374841	-0.074445	0.110215	-0.447924	0.887252
29327	4.733996	-0.781792	9.080378	0.004539	0.003010	0.003693	-0.365999	0.811655	0.455258	-0.924063	-0.374916	-0.074471	0.110239	-0.447943	0.887240
29328	4.706899	-0.816609	9.112774	0.003048	0.003213	0.003340	-0.366008	0.811660	0.455242	-0.924060	-0.374921	-0.074477	0.110230	-0.447931	0.887247
29329	4.712394	-0.775374	9.069940	0.002473	0.001983	0.005018	-0.366048	0.811626	0.455271	-0.924044	-0.374953	-0.074511	0.110230	-0.447965	0.887230
29330	4.723982	-0.803547	9.086285	0.001898	0.000752	0.006695	-0.366085	0.811607	0.455275	-0.924031	-0.374980	-0.074543	0.110219	-0.447977	0.887225
29331	4.715646	-0.794712	9.107538	0.003931	-0.000030	0.004054	-0.366047	0.811606	0.455307	-0.924049	-0.374930	-0.074565	0.110191	-0.448021	0.887206
29332	4.711917	-0.775221	9.070201	0.004843	0.004530	0.003512	-0.366059	0.811616	0.455280	-0.924045	-0.374944	-0.074556	0.110194	-0.447991	0.887221
29333	4.724513	-0.772382	9.102277	0.003627	-0.001550	0.004235	-0.366044	0.811594	0.455331	-0.924051	-0.374923	-0.074579	0.110186	-0.448049	0.887193
29334	4.703397	-0.766079	9.091572	0.001828	0.003127	0.001489	-0.366035	0.811606	0.455318	-0.924057	-0.374907	-0.074588	0.110166	-0.448041	0.887199
29335	4.714891	-0.794131	9.107979	0.002473	0.001983	0.005018	-0.366033	0.811594	0.455340	-0.924061	-0.374891	-0.074619	0.110142	-0.448075	0.887185
29336	4.720472	-0.752926	9.065099	0.002744	0.001693	0.003520	-0.366041	0.811592	0.455338	-0.924058	-0.374895	-0.074629	0.110136	-0.448076	0.887185
29337	4.714488	-0.794059	9.108194	0.002473	0.001983	0.005018	-0.366014	0.811598	0.455349	-0.924076	-0.374843	-0.074673	0.110080	-0.448109	0.887176
29338	4.702579	-0.765981	9.092004	0.003389	0.000550	0.007049	-0.366053	0.811577	0.455354	-0.924060	-0.374879	-0.074693	0.110084	-0.448116	0.887172
29339	4.718938	-0.783663	9.049669	0.002473	0.001983	0.005018	-0.366055	0.811562	0.455381	-0.924061	-0.374872	-0.074718	0.110071	-0.448150	0.887156
29340	4.701194	-0.796756	9.076492	0.001253	0.001897	0.003167	-0.366060	0.811562	0.455377	-0.924061	-0.374867	-0.074739	0.110050	-0.448155	0.887156
29341	4.701054	-0.796797	9.076561	0.002169	0.000463	0.005199	-0.366053	0.811555	0.455394	-0.924072	-0.374826	-0.074808	0.109983	-0.448200	0.887142
29342	4.747642	-0.797799	9.151241	0.001560	-0.002577	0.005560	-0.366075	0.811526	0.455428	-0.924064	-0.374841	-0.074837	0.109981	-0.448240	0.887122
29343	4.731476	-0.781214	9.081741	0.002440	0.000173	0.003701	-0.366051	0.811524	0.455451	-0.924080	-0.374790	-0.074892	0.109922	-0.448287	0.887105
29344	4.722193	-0.803191	9.087247	0.000373	-0.000853	0.005026	-0.366070	0.811505	0.455470	-0.924075	-0.374795	-0.074929	0.109902	-0.448318	0.887092
29345	4.710528	-0.775132	9.070929	0.003627	-0.001550	0.004235	-0.366064	0.811486	0.455509	-0.924081	-0.374769	-0.074977	0.109868	-0.448374	0.887068
29346	4.752777	-0.787322	9.092367	0.003864	-0.003650	0.001422	-0.366046	0.811467	0.455556	-0.924085	-0.374761	-0.074967	0.109891	-0.448414	0.887045
29347	4.701552	-0.796812	9.076301	0.000407	0.000957	0.006343	-0.366118	0.811416	0.455589	-0.924059	-0.374812	-0.075037	0.109874	-0.448463	0.887022
29348	4.714397	-0.794370	9.108214	0.002475	-0.004010	0.007592	-0.366158	0.811373	0.455634	-0.924042	-0.374848	-0.075068	0.109885	-0.448512	0.886996
29349	4.701825	-0.797129	9.076132	0.000645	-0.001143	0.003529	-0.366154	0.811348	0.455682	-0.924047	-0.374825	-0.075118	0.109854	-0.448576	0.886967
29350	4.724140	-0.772523	9.102458	0.003559	-0.005170	0.001603	-0.366137	0.811322	0.455742	-0.924051	-0.374817	-0.075112	0.109880	-0.448630	0.886937
29351	4.729305	-0.762064	9.043563	0.001255	-0.004096	0.005742	-0.366159	0.811272	0.455812	-0.924044	-0.374821	-0.075175	0.109861	-0.448716	0.886896
29352	4.715621	-0.794375	9.107580	0.003288	-0.004880	0.003100	-0.366156	0.811242	0.455868	-0.924043	-0.374824	-0.075178	0.109883	-0.448769	0.886867
29353	4.767372	-0.784673	9.123383	0.004779	-0.005084	0.003453	-0.366126	0.811208	0.455954	-0.924052	-0.374801	-0.075179	0.109906	-0.448850	0.886823
29354	4.732945	-0.811746	9.064762	0.001526	-0.004386	0.004244	-0.366134	0.811175	0.456005	-0.924049	-0.374805	-0.075203	0.109910	-0.448905	0.886794
29355	4.695889	-0.787753	9.096190	0.005695	-0.006517	0.005485	-0.366069	0.811155	0.456093	-0.924074	-0.374742	-0.075207	0.109912	-0.448995	0.886748
29356	4.738350	-0.799877	9.117515	0.005084	-0.003564	0.003272	-0.366069	0.811130	0.456138	-0.924070	-0.374754	-0.075195	0.109946	-0.449030	0.886727
29357	4.722429	-0.783090	9.047897	0.003018	-0.004589	0.004598	-0.366024	0.811103	0.456221	-0.924087	-0.374710	-0.075204	0.109953	-0.449114	0.886683
29358	4.718137	-0.793330	9.106368	0.005695	-0.006516	0.005485	-0.366041	0.811057	0.456290	-0.924074	-0.374743	-0.075196	0.110003	-0.449171	0.886648
29359	4.726756	-0.802052	9.084975	0.003052	-0.002779	0.005914	-0.366057	0.811000	0.456380	-0.924060	-0.374782	-0.075179	0.110073	-0.449242	0.886604
29360	4.749060	-0.777412	9.111301	0.004814	-0.003273	0.004770	-0.366071	0.810970	0.456421	-0.924051	-0.374805	-0.075176	0.110103	-0.449275	0.886583
29361	4.736505	-0.780013	9.079223	0.001561	-0.002575	0.005561	-0.366006	0.810974	0.456465	-0.924085	-0.374710	-0.075231	0.110032	-0.449348	0.886555
29362	4.719233	-0.793187	9.105813	0.001256	-0.004095	0.005743	-0.366028	0.810937	0.456513	-0.924076	-0.374725	-0.075264	0.110032	-0.449402	0.886528
29363	4.728772	-0.771205	9.100165	0.005389	-0.002044	0.003091	-0.366007	0.810912	0.456575	-0.924081	-0.374715	-0.075254	0.110061	-0.449456	0.886496
29364	4.728136	-0.801666	9.084291	0.005390	-0.008036	0.005667	-0.366024	0.810857	0.456658	-0.924068	-0.374748	-0.075251	0.110114	-0.449526	0.886454
29365	4.707515	-0.795500	9.073325	0.001021	-0.001993	0.008556	-0.366026	0.810823	0.456717	-0.924069	-0.374737	-0.075292	0.110100	-0.449597	0.886420
29366	4.717051	-0.773800	9.067653	0.001527	-0.004385	0.004245	-0.366034	0.810791	0.456768	-0.924065	-0.374741	-0.075316	0.110104	-0.449652	0.886392
29367	4.737288	-0.810790	9.062579	0.003053	-0.002779	0.005914	-0.366037	0.810758	0.456824	-0.924066	-0.374730	-0.075361	0.110087	-0.449720	0.886359
29368	4.724645	-0.813434	9.030541	0.002137	-0.001346	0.003882	-0.366045	0.810741	0.456849	-0.924063	-0.374734	-0.075378	0.110085	-0.449748	0.886345
29369	4.737419	-0.810854	9.062505	0.001902	0.000756	0.006696	-0.366030	0.810719	0.456900	-0.924066	-0.374727	-0.075372	0.110107	-0.449794	0.886319
29370	4.724510	-0.813717	9.030587	-0.000810	0.000873	0.004492	-0.366046	0.810709	0.456905	-0.924065	-0.374722	-0.075418	0.110070	-0.449816	0.886313
29371	4.741732	-0.799614	9.115780	0.003018	0.001402	0.002022	-0.365982	0.810723	0.456931	-0.924093	-0.374650	-0.075425	0.110040	-0.449851	0.886299
29372	4.725304	-0.783056	9.046399	0.001632	0.001047	0.008193	-0.366032	0.810700	0.456931	-0.924075	-0.374687	-0.075466	0.110026	-0.449862	0.886295
29373	4.749548	-0.808617	9.094774	0.002783	0.003504	0.004835	-0.366047	0.810690	0.456937	-0.924072	-0.374687	-0.075501	0.110001	-0.449880	0.886289
29374	4.744778	-0.820154	9.041713	0.000951	0.000378	0.003348	-0.366052	0.810682	0.456948	-0.924073	-0.374681	-0.075526	0.109982	-0.449899	0.886281
29375	4.728044	-0.802429	9.084271	0.003089	0.005023	0.004653	-0.365983	0.810720	0.456934	-0.924107	-0.374591	-0.075544	0.109918	-0.449904	0.886287
29376	4.727543	-0.802427	9.084532	0.001598	0.005228	0.004300	-0.366001	0.810731	0.456901	-0.924104	-0.374596	-0.075568	0.109888	-0.449882	0.886302
29377	4.765501	-0.795724	9.068851	0.001633	0.007038	0.005616	-0.366041	0.810732	0.456867	-0.924096	-0.374601	-0.075636	0.109822	-0.449875	0.886314
29378	4.748306	-0.778040	9.111641	0.002209	0.008267	0.003937	-0.366060	0.810758	0.456807	-0.924093	-0.374606	-0.075653	0.109786	-0.449825	0.886343
29379	4.746450	-0.808714	9.096383	0.003700	0.008063	0.004290	-0.366050	0.810781	0.456772	-0.924101	-0.374581	-0.075671	0.109745	-0.449803	0.886359
29380	4.733974	-0.780469	9.080504	0.004921	0.008150	0.006141	-0.366089	0.810798	0.456711	-0.924087	-0.374615	-0.075674	0.109735	-0.449744	0.886391
29381	4.743741	-0.839156	9.081594	0.004006	0.009583	0.004109	-0.366113	0.810819	0.456655	-0.924084	-0.374614	-0.075716	0.109677	-0.449708	0.886416
29382	4.722840	-0.801995	9.087016	0.004312	0.011102	0.003927	-0.366135	0.810857	0.456569	-0.924079	-0.374627	-0.075714	0.109650	-0.449627	0.886460
29383	4.717407	-0.813351	9.034332	0.003700	0.008063	0.004291	-0.366103	0.810888	0.456541	-0.924096	-0.374586	-0.075713	0.109619	-0.449606	0.886475
29384	4.722219	-0.770827	9.103599	0.004547	0.009000	0.001114	-0.366096	0.810927	0.456476	-0.924100	-0.374578	-0.075696	0.109602	-0.449542	0.886510
29385	4.719271	-0.832023	9.072713	0.005192	0.007859	0.004644	-0.366094	0.810950	0.456437	-0.924106	-0.374561	-0.075716	0.109562	-0.449515	0.886528
29386	4.719530	-0.801001	9.088823	0.005498	0.009379	0.004463	-0.366119	0.810979	0.456367	-0.924097	-0.374584	-0.075705	0.109552	-0.449444	0.886565
29387	4.726929	-0.809567	9.068095	0.003328	0.008913	-0.000737	-0.366072	0.811030	0.456313	-0.924125	-0.374508	-0.075736	0.109469	-0.449416	0.886590
29388	4.747079	-0.815539	9.079343	0.004007	0.009584	0.004109	-0.366094	0.811060	0.456241	-0.924120	-0.374522	-0.075738	0.109445	-0.449349	0.886627
29389	4.696021	-0.793950	9.079415	0.005462	0.007568	0.003148	-0.366059	0.811094	0.456209	-0.924137	-0.374478	-0.075737	0.109411	-0.449324	0.886644
29390	4.687051	-0.784778	9.101004	0.003971	0.007773	0.002794	-0.366067	0.811122	0.456154	-0.924137	-0.374481	-0.075733	0.109393	-0.449272	0.886672
29391	4.698080	-0.812615	9.117681	0.003936	0.005961	0.001478	-0.365991	0.811156	0.456154	-0.924167	-0.374413	-0.075697	0.109388	-0.449267	0.886675
29392	4.705825	-0.821276	9.096772	0.003359	0.004734	0.003157	-0.365998	0.811169	0.456126	-0.924166	-0.374416	-0.075700	0.109375	-0.449242	0.886690
29393	4.745007	-0.783651	9.096741	0.003088	0.005025	0.004655	-0.365985	0.811188	0.456102	-0.924180	-0.374370	-0.075755	0.109300	-0.449246	0.886697
29394	4.744525	-0.783603	9.096997	0.001868	0.004938	0.002803	-0.365989	0.811203	0.456072	-0.924181	-0.374363	-0.075769	0.109272	-0.449224	0.886711
29395	4.752271	-0.792198	9.076100	0.008138	0.005640	0.004039	-0.366000	0.811209	0.456054	-0.924177	-0.374375	-0.075764	0.109275	-0.449204	0.886721
29396	4.713123	-0.798653	9.092354	0.000955	0.006370	0.000770	-0.365986	0.811237	0.456013	-0.924187	-0.374347	-0.075777	0.109234	-0.449175	0.886741
29397	4.712379	-0.798542	9.092750	0.004007	0.009585	0.004109	-0.365938	0.811279	0.455978	-0.924209	-0.374299	-0.075755	0.109213	-0.449140	0.886761
29398	4.723303	-0.826336	9.109492	0.006647	0.005845	0.003685	-0.365951	0.811295	0.455939	-0.924202	-0.374320	-0.075731	0.109227	-0.449094	0.886783
29399	4.720474	-0.776080	9.087905	0.003359	0.004734	0.003158	-0.365955	0.811294	0.455938	-0.924202	-0.374316	-0.075748	0.109211	-0.449099	0.886782
29400	4.711691	-0.767012	9.109374	0.003666	0.006254	0.002976	-0.365962	0.811314	0.455897	-0.924201	-0.374318	-0.075748	0.109195	-0.449061	0.886804
29401	4.732276	-0.773148	9.120393	0.002475	0.001987	0.005019	-0.365957	0.811306	0.455915	-0.924207	-0.374299	-0.075780	0.109168	-0.449092	0.886791
29402	4.728688	-0.754135	9.082956	0.000135	0.001256	0.007841	-0.366004	0.811285	0.455914	-0.924192	-0.374325	-0.075833	0.109138	-0.449107	0.886787
29403	4.680777	-0.782990	9.104387	0.000335	-0.002660	0.003713	-0.365956	0.811277	0.455966	-0.924217	-0.374250	-0.075888	0.109079	-0.449184	0.886756
29404	4.731080	-0.804444	9.104765	0.002168	0.000467	0.005201	-0.365977	0.811263	0.455974	-0.924210	-0.374264	-0.075911	0.109070	-0.449198	0.886750
29405	4.732160	-0.773761	9.120401	0.000642	-0.001140	0.003531	-0.365913	0.811268	0.456018	-0.924242	-0.374177	-0.075949	0.109017	-0.449261	0.886724
29406	4.710180	-0.798500	9.093892	0.001012	-0.001988	0.008559	-0.365962	0.811230	0.456045	-0.924224	-0.374213	-0.075997	0.109007	-0.449300	0.886706
29407	4.727846	-0.785782	9.067114	0.001590	-0.000760	0.006880	-0.365950	0.811213	0.456085	-0.924233	-0.374182	-0.076042	0.108972	-0.449356	0.886681
29408	4.723162	-0.796130	9.125720	0.004229	-0.004501	0.006456	-0.365977	0.811172	0.456136	-0.924218	-0.374215	-0.076053	0.109001	-0.449403	0.886654
29409	4.710695	-0.798875	9.093593	0.000064	-0.002367	0.005210	-0.365928	0.811166	0.456188	-0.924245	-0.374138	-0.076106	0.108943	-0.449478	0.886623
29410	4.710876	-0.799055	9.093483	0.001555	-0.002572	0.005565	-0.365949	0.811137	0.456223	-0.924237	-0.374152	-0.076136	0.108940	-0.449520	0.886603
29411	4.749725	-0.792475	9.077408	0.001248	-0.004091	0.005747	-0.365955	0.811092	0.456297	-0.924235	-0.374147	-0.076180	0.108933	-0.449604	0.886561
29412	4.713677	-0.849292	9.115080	0.001555	-0.002572	0.005565	-0.365976	0.811063	0.456331	-0.924227	-0.374160	-0.076210	0.108930	-0.449645	0.886540
29413	4.698785	-0.802111	9.061133	0.000642	-0.001140	0.003531	-0.365944	0.811055	0.456371	-0.924246	-0.374104	-0.076263	0.108877	-0.449707	0.886515
29414	4.711850	-0.799605	9.092930	0.001854	-0.007043	0.007963	-0.365983	0.810996	0.456444	-0.924229	-0.374138	-0.076301	0.108893	-0.449784	0.886474
29415	4.755379	-0.781568	9.129906	-0.000243	-0.003886	0.005393	-0.365982	0.810957	0.456514	-0.924232	-0.374118	-0.076360	0.108865	-0.449872	0.886433
29416	4.690573	-0.824660	9.066026	-0.000550	-0.005405	0.005575	-0.366001	0.810915	0.456574	-0.924226	-0.374122	-0.076409	0.108853	-0.449944	0.886398
29417	4.721295	-0.809341	9.071051	-0.000243	-0.003886	0.005393	-0.365986	0.810882	0.456645	-0.924236	-0.374088	-0.076462	0.108824	-0.450032	0.886357
29418	4.739147	-0.796661	9.044163	-0.001156	-0.002454	0.003359	-0.365987	0.810861	0.456681	-0.924239	-0.374072	-0.076506	0.108796	-0.450082	0.886335
29419	4.734458	-0.807251	9.102760	-0.000206	-0.002074	0.006708	-0.366021	0.810820	0.456728	-0.924230	-0.374075	-0.076588	0.108751	-0.450154	0.886304
29420	4.713536	-0.801321	9.091905	0.000101	-0.000555	0.006526	-0.366053	0.810796	0.456744	-0.924221	-0.374090	-0.076636	0.108728	-0.450185	0.886291
29421	4.744058	-0.785955	9.097037	0.000028	-0.004178	0.003896	-0.366039	0.810765	0.456810	-0.924231	-0.374052	-0.076699	0.108686	-0.450273	0.886251
29422	4.726800	-0.799144	9.123572	-0.001463	-0.003973	0.003541	-0.366040	0.810737	0.456859	-0.924233	-0.374035	-0.076747	0.108660	-0.450337	0.886222
29423	4.744794	-0.786576	9.096600	-0.003262	-0.005287	0.003369	-0.365997	0.810704	0.456952	-0.924254	-0.373973	-0.076799	0.108626	-0.450448	0.886170
29424	4.709281	-0.843792	9.133963	-0.006019	-0.012971	0.002429	-0.365978	0.810639	0.457082	-0.924266	-0.373927	-0.076882	0.108591	-0.450602	0.886096
29425	4.726051	-0.781760	9.084519	-0.012671	-0.018811	-0.001254	-0.365897	0.810555	0.457296	-0.924307	-0.373801	-0.077006	0.108520	-0.450858	0.885974
29426	4.774383	-0.784941	9.046492	-0.010258	-0.014458	-0.001446	-0.365840	0.810499	0.457442	-0.924337	-0.373704	-0.077109	0.108452	-0.451040	0.885890
29427	4.730046	-0.864397	9.089091	-0.012969	-0.014339	-0.003651	-0.365694	0.810473	0.457603	-0.924411	-0.373494	-0.077239	0.108312	-0.451260	0.885795
29428	4.731611	-0.865702	9.088152	-0.018941	-0.019507	-0.002486	-0.365622	0.810398	0.457795	-0.924455	-0.373349	-0.077414	0.108181	-0.451515	0.885681
29429	4.731375	-0.817221	9.065090	-0.023359	-0.024059	-0.015515	-0.365398	0.810356	0.458047	-0.924567	-0.373032	-0.077603	0.107981	-0.451851	0.885534
29430	4.734940	-0.788233	9.079329	-0.029561	-0.027123	-0.011536	-0.365234	0.810280	0.458313	-0.924656	-0.372766	-0.077830	0.107779	-0.452208	0.885377
29431	4.737497	-0.790441	9.077803	-0.032273	-0.027002	-0.013738	-0.365033	0.810211	0.458596	-0.924765	-0.372440	-0.078096	0.107525	-0.452601	0.885207
29432	4.729466	-0.845461	9.066159	-0.033994	-0.024693	-0.011275	-0.364874	0.810144	0.458840	-0.924856	-0.372156	-0.078364	0.107274	-0.452954	0.885057
29433	4.771450	-0.810623	9.064403	-0.034531	-0.024109	-0.008278	-0.364717	0.810067	0.459101	-0.924949	-0.371862	-0.078656	0.107005	-0.453332	0.884895
29434	4.773504	-0.813595	9.063055	-0.038928	-0.019871	-0.006699	-0.364606	0.810005	0.459299	-0.925030	-0.371593	-0.078989	0.106691	-0.453665	0.884763
29435	4.750627	-0.791103	9.013731	-0.034073	-0.015347	-0.003189	-0.364501	0.809945	0.459486	-0.925103	-0.371347	-0.079284	0.106413	-0.453971	0.884639
29436	4.789525	-0.928810	9.083064	-0.034159	-0.017994	0.010043	-0.364547	0.809830	0.459654	-0.925117	-0.371234	-0.079651	0.106136	-0.454270	0.884519
29437	4.676498	-0.587768	9.063151	-0.022449	-0.018508	-0.000193	-0.364455	0.809753	0.459862	-0.925173	-0.371049	-0.079863	0.105962	-0.454559	0.884392
29438	4.729419	-0.915178	9.048846	-0.027346	-0.011883	0.005703	-0.364467	0.809680	0.459980	-0.925195	-0.370931	-0.080150	0.105725	-0.454783	0.884305
29439	4.691783	-0.812814	9.073961	-0.017518	-0.010370	0.005953	-0.364460	0.809616	0.460098	-0.925219	-0.370824	-0.080375	0.105542	-0.454985	0.884222
29440	4.759423	-0.853507	9.030923	-0.012166	-0.014233	0.007718	-0.364489	0.809526	0.460235	-0.925217	-0.370792	-0.080537	0.105454	-0.455172	0.884137
29441	4.761665	-0.824168	9.045984	-0.008839	-0.011317	0.009559	-0.364575	0.809410	0.460371	-0.925189	-0.370828	-0.080695	0.105403	-0.455349	0.884052
29442	4.784673	-0.800849	9.071910	-0.004021	-0.008608	0.011750	-0.364647	0.809330	0.460454	-0.925165	-0.370865	-0.080803	0.105370	-0.455460	0.883998
29443	4.792275	-0.841261	9.034498	-0.002491	-0.007006	0.013419	-0.364725	0.809245	0.460540	-0.925139	-0.370903	-0.080926	0.105327	-0.455580	0.883942
29444	4.755213	-0.818119	9.066081	0.000875	-0.002283	0.016577	-0.364849	0.809176	0.460564	-0.925091	-0.371002	-0.081013	0.105316	-0.455621	0.883922
29445	4.785576	-0.803222	9.071224	0.002405	-0.000681	0.018247	-0.364898	0.809135	0.460598	-0.925075	-0.371029	-0.081079	0.105292	-0.455674	0.883898
29446	4.767965	-0.817048	9.097950	-0.000577	-0.000267	0.017545	-0.365032	0.809071	0.460603	-0.925025	-0.371130	-0.081184	0.105260	-0.455704	0.883886
29447	4.777272	-0.795952	9.092414	0.003322	-0.002117	0.020277	-0.365138	0.809005	0.460636	-0.924987	-0.371203	-0.081285	0.105229	-0.455763	0.883859
29448	4.796051	-0.864419	9.071434	0.001217	-0.004947	0.020287	-0.365292	0.808910	0.460680	-0.924926	-0.371333	-0.081387	0.105231	-0.455825	0.883827
29449	4.805723	-0.843668	9.065672	-0.005054	-0.005637	0.019064	-0.365405	0.808815	0.460758	-0.924888	-0.371395	-0.081537	0.105175	-0.455943	0.883772
29450	4.747494	-0.814728	9.086614	-0.003176	-0.000708	0.021872	-0.365579	0.808733	0.460764	-0.924825	-0.371518	-0.081684	0.105122	-0.455988	0.883756
29451	4.787368	-0.778727	9.086135	-0.006545	-0.005428	0.018714	-0.365700	0.808635	0.460839	-0.924785	-0.371581	-0.081851	0.105052	-0.456110	0.883701
29452	4.779858	-0.771696	9.106901	-0.011599	-0.012026	0.021912	-0.365862	0.808502	0.460944	-0.924731	-0.371666	-0.082073	0.104961	-0.456277	0.883626
29453	4.767755	-0.776594	9.074351	-0.016565	-0.009014	0.025177	-0.366049	0.808353	0.461058	-0.924671	-0.371759	-0.082337	0.104845	-0.456466	0.883542
29454	4.777585	-0.869095	9.058349	-0.023793	-0.010071	0.020608	-0.366201	0.808233	0.461147	-0.924634	-0.371778	-0.082660	0.104635	-0.456662	0.883465
29455	4.809902	-0.826083	9.078675	-0.024975	-0.008343	0.020079	-0.366324	0.808127	0.461234	-0.924615	-0.371747	-0.083016	0.104375	-0.456875	0.883386
29456	4.736506	-0.862769	9.035886	-0.025233	-0.002059	0.019010	-0.366469	0.808050	0.461254	-0.924586	-0.371746	-0.083345	0.104122	-0.457012	0.883345
29457	4.773836	-0.889776	9.003703	-0.021984	-0.002765	0.018212	-0.366535	0.807994	0.461299	-0.924588	-0.371673	-0.083643	0.103870	-0.457170	0.883293
29458	4.727024	-0.890325	9.040848	-0.020216	0.002732	0.014497	-0.366644	0.807956	0.461280	-0.924570	-0.371658	-0.083906	0.103646	-0.457249	0.883278
29459	4.685583	-0.960613	9.025248	-0.014252	0.001896	0.015898	-0.366736	0.807903	0.461299	-0.924551	-0.371660	-0.084113	0.103491	-0.457341	0.883249
29460	4.735559	-0.984257	9.025180	-0.016093	-0.001220	0.014407	-0.366840	0.807847	0.461314	-0.924529	-0.371663	-0.084340	0.103320	-0.457438	0.883219
29461	4.718873	-0.969201	8.955800	-0.015241	0.005715	0.008665	-0.366899	0.807844	0.461273	-0.924533	-0.371596	-0.084589	0.103073	-0.457498	0.883217
29462	4.701862	-0.952934	8.998602	-0.008467	0.010005	0.003003	-0.366909	0.807882	0.461200	-0.924545	-0.371542	-0.084696	0.102931	-0.457475	0.883245
29463	4.682329	-0.997491	9.009781	-0.006412	0.005031	0.004239	-0.366892	0.807901	0.461180	-0.924568	-0.371457	-0.084816	0.102786	-0.457510	0.883244
29464	4.704348	-0.973714	9.036365	-0.001757	0.000498	0.001149	-0.366875	0.807902	0.461191	-0.924580	-0.371419	-0.084856	0.102740	-0.457540	0.883234
29465	4.713696	-0.951488	9.030990	0.008871	0.001122	-0.003105	-0.366766	0.807932	0.461225	-0.924619	-0.371340	-0.084778	0.102776	-0.457551	0.883224
29466	4.741582	-0.996243	9.004664	0.011810	-0.001104	-0.003725	-0.366703	0.807944	0.461255	-0.924634	-0.371324	-0.084675	0.102862	-0.457543	0.883218
29467	4.749211	-0.921898	9.089546	0.023961	-0.004876	-0.003743	-0.366635	0.807920	0.461351	-0.924635	-0.371371	-0.084460	0.103095	-0.457547	0.883188
29468	4.726495	-0.863082	9.057267	0.022737	-0.004955	-0.005592	-0.366550	0.807921	0.461417	-0.924646	-0.371390	-0.084252	0.103296	-0.457530	0.883174
29469	4.834648	-0.831729	9.030254	0.030532	-0.008669	-0.000133	-0.366432	0.807909	0.461531	-0.924664	-0.371404	-0.083996	0.103554	-0.457540	0.883138
29470	4.891521	-0.808792	9.099201	0.026102	-0.006232	0.000137	-0.366399	0.807883	0.461603	-0.924651	-0.371484	-0.083784	0.103791	-0.457521	0.883121
29471	4.931374	-0.769391	9.099087	0.023374	0.005035	0.007353	-0.366433	0.807881	0.461578	-0.924623	-0.371582	-0.083665	0.103922	-0.457444	0.883145
29472	4.854857	-0.750629	9.147504	0.019102	0.008711	0.015468	-0.366556	0.807867	0.461506	-0.924560	-0.371754	-0.083587	0.104040	-0.457329	0.883191
29473	4.847273	-0.710747	9.184966	0.006630	0.004972	0.018232	-0.366650	0.807832	0.461493	-0.924522	-0.371842	-0.083619	0.104052	-0.457319	0.883194
29474	4.850047	-0.732096	9.110726	-0.009580	0.004332	0.026112	-0.366867	0.807758	0.461450	-0.924451	-0.371970	-0.083843	0.103921	-0.457347	0.883196
29475	4.813301	-0.680649	9.046638	-0.015385	0.006412	0.032557	-0.367094	0.807679	0.461407	-0.924384	-0.372068	-0.084144	0.103713	-0.457406	0.883190
29476	4.733866	-0.727451	9.063284	-0.014455	0.010968	0.032019	-0.367373	0.807613	0.461300	-0.924296	-0.372220	-0.084438	0.103512	-0.457398	0.883217
29477	4.742456	-0.900423	9.054074	-0.010025	0.008531	0.031752	-0.367562	0.807562	0.461239	-0.924240	-0.372304	-0.084679	0.103338	-0.457420	0.883226
29478	4.717774	-0.957192	9.012167	0.002744	0.007788	0.031380	-0.367832	0.807484	0.461161	-0.924136	-0.372530	-0.084818	0.103307	-0.457374	0.883253
29479	4.724913	-0.966873	8.991331	0.009817	0.007594	0.028106	-0.368050	0.807426	0.461089	-0.924051	-0.372717	-0.084920	0.103289	-0.457325	0.883281
29480	4.734135	-1.026085	8.992182	0.010927	0.008242	0.023429	-0.368247	0.807379	0.461014	-0.923968	-0.372916	-0.084950	0.103332	-0.457245	0.883317
29481	4.694277	-1.032637	9.008898	0.011524	0.015463	0.019182	-0.368397	0.807379	0.460894	-0.923908	-0.373060	-0.084975	0.103334	-0.457128	0.883378
29482	4.680164	-1.034873	8.977623	0.009856	0.008440	0.013553	-0.368502	0.807370	0.460825	-0.923862	-0.373174	-0.084969	0.103367	-0.457050	0.883414
29483	4.678435	-1.145695	8.968347	0.013924	0.012847	0.005689	-0.368504	0.807428	0.460722	-0.923863	-0.373180	-0.084935	0.103353	-0.456943	0.883471
29484	4.706342	-1.159792	8.958574	0.015302	0.013202	-0.000488	-0.368484	0.807493	0.460623	-0.923864	-0.373205	-0.084816	0.103419	-0.456807	0.883534
29485	4.630980	-1.109729	9.022855	0.019261	0.007999	-0.008420	-0.368315	0.807591	0.460588	-0.923923	-0.373098	-0.084640	0.103490	-0.456722	0.883569
29486	4.742192	-0.986775	9.043824	0.021775	0.004815	-0.015384	-0.368149	0.807673	0.460576	-0.923972	-0.373033	-0.084396	0.103646	-0.456629	0.883599
29487	4.745275	-1.003556	9.081703	0.018795	0.005237	-0.016086	-0.367866	0.807792	0.460594	-0.924072	-0.372843	-0.084140	0.103761	-0.456574	0.883614
29488	4.755891	-0.948440	9.092338	0.019285	0.002845	-0.020403	-0.367651	0.807884	0.460603	-0.924141	-0.372726	-0.083895	0.103902	-0.456506	0.883633
29489	4.736284	-0.908479	9.097638	0.021000	0.000535	-0.022868	-0.367379	0.807986	0.460643	-0.924236	-0.372546	-0.083651	0.104021	-0.456474	0.883635
29490	4.825111	-0.920421	9.082047	0.023336	0.001261	-0.025693	-0.367114	0.808090	0.460670	-0.924321	-0.372404	-0.083345	0.104205	-0.456404	0.883650
29491	4.829676	-0.906232	9.023829	0.032343	0.007805	-0.024837	-0.366799	0.808248	0.460644	-0.924425	-0.372225	-0.082989	0.104387	-0.456271	0.883697
29492	4.862023	-0.825036	9.061265	0.038703	0.012108	-0.020973	-0.366589	0.808385	0.460572	-0.924476	-0.372191	-0.082569	0.104673	-0.456057	0.883774
29493	4.800229	-0.851069	9.051805	0.046737	0.012291	-0.020890	-0.366362	0.808522	0.460512	-0.924529	-0.372164	-0.082101	0.105006	-0.455835	0.883849
29494	4.769825	-0.830293	9.063478	0.053985	0.019343	-0.018887	-0.366178	0.808684	0.460374	-0.924556	-0.372217	-0.081556	0.105406	-0.455505	0.883971
29495	4.822452	-0.753528	9.112014	0.063495	0.013332	-0.015870	-0.365940	0.808831	0.460305	-0.924595	-0.372253	-0.080940	0.105883	-0.455215	0.884063
29496	4.851659	-0.731559	9.118380	0.064495	0.015526	-0.011201	-0.365824	0.808947	0.460194	-0.924583	-0.372415	-0.080337	0.106395	-0.454876	0.884176
29497	4.805737	-0.774031	9.066880	0.064540	0.017343	-0.009881	-0.365718	0.809058	0.460083	-0.924568	-0.372575	-0.079760	0.106884	-0.454548	0.884286
29498	4.829537	-0.762643	9.132273	0.059551	0.024546	-0.010525	-0.365617	0.809212	0.459891	-0.924558	-0.372720	-0.079204	0.107318	-0.454154	0.884436
29499	4.815758	-0.729401	9.117516	0.040814	0.026108	-0.011587	-0.365519	0.809366	0.459698	-0.924570	-0.372766	-0.078842	0.107547	-0.453841	0.884569
29500	4.717723	-0.783771	9.050293	0.032847	0.023562	-0.006459	-0.365456	0.809500	0.459512	-0.924573	-0.372823	-0.078541	0.107737	-0.453555	0.884692
29501	4.632308	-0.835953	9.015091	0.030731	0.030893	-0.012932	-0.365280	0.809709	0.459284	-0.924629	-0.372748	-0.078232	0.107852	-0.453244	0.884838
29502	4.756170	-1.062829	9.078744	0.026283	0.027343	-0.010092	-0.365187	0.809874	0.459067	-0.924652	-0.372744	-0.077972	0.107967	-0.452952	0.884973
29503	4.703586	-1.039214	8.968295	0.033527	0.037560	-0.027864	-0.364935	0.810144	0.458791	-0.924736	-0.372617	-0.077586	0.108098	-0.452575	0.885150
29504	4.665459	-0.949092	9.033026	0.029906	0.039111	-0.032105	-0.364652	0.810443	0.458487	-0.924836	-0.372452	-0.077193	0.108204	-0.452174	0.885342
29505	4.565498	-0.920849	9.071600	0.028571	0.033582	-0.037893	-0.364294	0.810744	0.458239	-0.924969	-0.372196	-0.076826	0.108268	-0.451844	0.885502
29506	4.672041	-0.857474	9.061999	0.016512	0.023802	-0.042083	-0.363902	0.811012	0.458078	-0.925119	-0.371889	-0.076506	0.108306	-0.451617	0.885614
29507	4.697842	-1.010505	9.140157	0.002168	0.021096	-0.044731	-0.363448	0.811282	0.457959	-0.925310	-0.371452	-0.076315	0.108197	-0.451491	0.885692
29508	4.797529	-0.909281	9.166951	-0.008756	0.030926	-0.045505	-0.363031	0.811594	0.457737	-0.925500	-0.371003	-0.076203	0.107976	-0.451300	0.885816
29509	4.682434	-0.948906	9.142080	-0.018756	0.045312	-0.046833	-0.362561	0.811989	0.457409	-0.925729	-0.370436	-0.076176	0.107587	-0.451056	0.885988
29510	4.667105	-0.808906	9.136612	-0.019025	0.045612	-0.045332	-0.362161	0.812366	0.457057	-0.925928	-0.369941	-0.076157	0.107217	-0.450783	0.886171
29511	4.659667	-0.899346	9.203697	-0.018454	0.040854	-0.044420	-0.361698	0.812737	0.456763	-0.926154	-0.369381	-0.076142	0.106836	-0.450573	0.886324
29512	4.718824	-0.838581	9.119621	-0.021775	0.037932	-0.046260	-0.361281	0.813082	0.456479	-0.926359	-0.368866	-0.076143	0.106469	-0.450372	0.886470
29513	4.635661	-0.942570	9.217571	-0.021695	0.016593	-0.049147	-0.360789	0.813339	0.456411	-0.926584	-0.368301	-0.076131	0.106176	-0.450371	0.886506
29514	4.759847	-0.900049	9.165105	-0.020291	0.016941	-0.055312	-0.360265	0.813622	0.456321	-0.926820	-0.367719	-0.076078	0.105899	-0.450335	0.886557
29515	4.596807	-0.918512	9.138241	-0.017155	0.014981	-0.063929	-0.359640	0.813928	0.456267	-0.927093	-0.367051	-0.075980	0.105631	-0.450327	0.886593
29516	4.632614	-0.995884	9.076527	0.113937	-0.000044	-0.103518	-0.358651	0.814311	0.456363	-0.927358	-0.366680	-0.074516	0.106660	-0.449937	0.886668
29517	4.722895	-0.709671	9.223129	0.096116	-0.005951	-0.099992	-0.357705	0.814635	0.456527	-0.927621	-0.366271	-0.073244	0.107545	-0.449684	0.886690
29518	4.678317	-0.726344	9.132465	0.099779	-0.034251	-0.102533	-0.356688	0.814859	0.456922	-0.927894	-0.365843	-0.071910	0.108565	-0.449625	0.886595
29519	4.668243	-0.774868	9.179946	0.100997	-0.058563	-0.112666	-0.355570	0.814988	0.457564	-0.928190	-0.365362	-0.070529	0.109696	-0.449784	0.886375
29520	4.719577	-0.679690	9.245800	0.093575	-0.068190	-0.130304	-0.354256	0.815160	0.458277	-0.928564	-0.364680	-0.069122	0.110779	-0.450026	0.886118
29521	4.759760	-0.730783	9.254661	0.065748	-0.088403	-0.136182	-0.352852	0.815254	0.459190	-0.928992	-0.363810	-0.067944	0.111667	-0.450558	0.885736
29522	4.450441	-0.432309	9.535991	-0.005863	-0.132553	-0.099480	-0.351750	0.815021	0.460449	-0.929364	-0.362932	-0.067557	0.112051	-0.451687	0.885112
29523	4.479151	-0.633301	9.505113	-0.075481	-0.218816	-0.082555	-0.350707	0.814326	0.462469	-0.929755	-0.361865	-0.067886	0.112070	-0.453791	0.884033
29524	4.522513	-0.910765	9.417750	-0.122073	-0.297620	-0.084259	-0.349560	0.813279	0.465173	-0.930202	-0.360582	-0.068593	0.111948	-0.456682	0.882559
29525	4.459136	-1.119003	9.421702	-0.133410	-0.341949	-0.103272	-0.348157	0.812090	0.468291	-0.930739	-0.359055	-0.069313	0.111854	-0.459989	0.880851
29526	4.487479	-1.086794	9.440624	-0.132493	-0.388058	-0.120957	-0.346567	0.810734	0.471807	-0.931322	-0.357420	-0.069929	0.111940	-0.463639	0.878924
29527	4.490059	-1.240747	9.412804	-0.093549	-0.430650	-0.156818	-0.344568	0.809289	0.475734	-0.931993	-0.355650	-0.070021	0.112527	-0.467508	0.876797
29528	4.407745	-1.383135	9.571206	-0.024375	-0.487581	-0.211262	-0.342017	0.807752	0.480168	-0.932760	-0.353786	-0.069243	0.113945	-0.471564	0.874439
29529	4.386688	-1.504575	9.743482	0.077355	-0.567550	-0.287246	-0.338637	0.806072	0.485358	-0.933667	-0.351783	-0.067191	0.116580	-0.475916	0.871730
29530	4.403918	-1.665961	9.946538	0.213902	-0.663614	-0.390271	-0.334174	0.804270	0.491405	-0.934740	-0.349622	-0.063441	0.120782	-0.480536	0.868618
29531	4.524747	-1.842480	9.942902	0.351323	-0.790132	-0.545452	-0.328043	0.802349	0.498622	-0.936132	-0.346884	-0.057698	0.126670	-0.485703	0.864897
29532	4.720291	-2.198198	10.065535	0.465972	-0.936081	-0.728643	-0.319965	0.800291	0.507106	-0.937900	-0.343280	-0.050031	0.134040	-0.491623	0.860430
29533	5.237438	-3.480245	10.240379	0.667922	-1.065595	-0.911571	-0.309907	0.798111	0.516697	-0.939848	-0.339285	-0.039634	0.143676	-0.497900	0.855250
