// General information: 
//  MT Manager version: 2022.2.0 
//  XDA version: 2022.2.0 build 7381 rev 124627 built on 2023-07-19
// Device information: 
//  DeviceId: 00B4CAF0
//  ProductCode: MTW2-3A7G6
//  Firmware Version: 4.6.0
//  Hardware Version: 2.0.0
// Device settings: 
//  Filter Profile: human(46.1)
//  Option Flags: Orientation Smoother Disabled, Position/Velocity Smoother Disabled, Continuous Zero Rotation Update Disabled, AHS Disabled, ICC Disabled
// Coordinate system: ENU
PacketCounter	Acc_X	Acc_Y	Acc_Z	Gyr_X	Gyr_Y	Gyr_Z	Mat[1][1]	Mat[2][1]	Mat[3][1]	Mat[1][2]	Mat[2][2]	Mat[3][2]	Mat[1][3]	Mat[2][3]	Mat[3][3]
09333	4.297249	0.648052	9.312133	0.003822	0.001287	0.004513	0.640108	0.646317	0.415375	-0.727735	0.683391	0.058121	-0.246299	-0.339487	0.907792
09334	4.317151	0.656860	9.323394	0.004898	-0.001069	0.002285	0.640089	0.646322	0.415396	-0.727747	0.683379	0.058116	-0.246312	-0.339503	0.907782
09335	4.317073	0.656959	9.323423	0.001219	0.003348	0.006352	0.640082	0.646330	0.415395	-0.727742	0.683388	0.058067	-0.246346	-0.339468	0.907786
09336	4.296846	0.648222	9.312307	0.000754	0.004784	0.006721	0.640046	0.646385	0.415366	-0.727772	0.683361	0.058005	-0.246351	-0.339418	0.907803
09337	4.281811	0.592325	9.327999	0.003530	0.000255	0.007490	0.639998	0.646404	0.415409	-0.727800	0.683335	0.057966	-0.246394	-0.339433	0.907786
09338	4.250220	0.605045	9.267953	-0.001092	0.006442	0.005213	0.639976	0.646454	0.415364	-0.727816	0.683325	0.057894	-0.246403	-0.339360	0.907811
09339	4.278448	0.650230	9.342161	0.004752	-0.001585	0.003774	0.640017	0.646384	0.415411	-0.727748	0.683401	0.057850	-0.246499	-0.339339	0.907792
09340	4.285660	0.607099	9.309384	-0.002283	0.000110	0.002958	0.639996	0.646397	0.415422	-0.727746	0.683409	0.057776	-0.246557	-0.339299	0.907792
09341	4.285602	0.606986	9.309418	0.002441	0.001508	0.002635	0.639846	0.646511	0.415477	-0.727898	0.683244	0.057809	-0.246498	-0.339414	0.907765
09342	4.286872	0.680067	9.304581	0.000769	0.000698	0.003735	0.639821	0.646531	0.415484	-0.727909	0.683236	0.057760	-0.246530	-0.339390	0.907765
09343	4.318989	0.597950	9.310004	-0.004870	-0.001915	0.001811	0.639869	0.646489	0.415475	-0.727861	0.683288	0.057760	-0.246547	-0.339367	0.907769
09344	4.332542	0.580227	9.299284	-0.001368	0.001324	0.005205	0.639836	0.646521	0.415476	-0.727876	0.683278	0.057686	-0.246591	-0.339325	0.907773
09345	4.309753	0.629813	9.301936	0.005043	-0.000554	0.000797	0.639873	0.646462	0.415512	-0.727833	0.683322	0.057710	-0.246621	-0.339350	0.907755
09346	4.272003	0.623795	9.320218	0.000596	0.003166	0.001127	0.639873	0.646472	0.415494	-0.727827	0.683332	0.057671	-0.246638	-0.339310	0.907766
09347	4.271851	0.623692	9.320294	-0.000757	0.000404	0.003346	0.639895	0.646438	0.415514	-0.727784	0.683381	0.057621	-0.246706	-0.339276	0.907760
09348	4.305243	0.614671	9.320877	-0.002283	0.000110	0.002958	0.639875	0.646451	0.415525	-0.727783	0.683389	0.057548	-0.246763	-0.339236	0.907759
09349	4.291735	0.631677	9.331623	-0.000757	0.000404	0.003346	0.639970	0.646359	0.415521	-0.727669	0.683515	0.057495	-0.246853	-0.339157	0.907765
09350	4.289580	0.620561	9.290826	-0.002283	0.000110	0.002958	0.639950	0.646372	0.415533	-0.727667	0.683523	0.057422	-0.246910	-0.339116	0.907764
09351	4.272018	0.622738	9.320281	0.002164	-0.003610	0.002627	0.640108	0.646225	0.415516	-0.727510	0.683688	0.057444	-0.246962	-0.339063	0.907770
09352	4.325596	0.622329	9.332010	-0.003490	-0.002136	0.003688	0.640078	0.646235	0.415548	-0.727510	0.683696	0.057357	-0.247043	-0.339028	0.907761
09353	4.325654	0.621737	9.332023	-0.007180	0.001180	0.000672	0.640071	0.646216	0.415590	-0.727474	0.683744	0.057241	-0.247167	-0.338969	0.907749
09354	4.345516	0.630032	9.343341	0.004286	-0.000150	0.004143	0.640041	0.646235	0.415604	-0.727496	0.683722	0.057222	-0.247179	-0.338975	0.907744
09355	4.278618	0.647670	9.342260	0.001976	0.002944	0.003005	0.640058	0.646224	0.415596	-0.727479	0.683740	0.057218	-0.247184	-0.338961	0.907748
09356	4.298994	0.587299	9.298898	0.001830	0.002428	0.004493	0.640033	0.646255	0.415587	-0.727497	0.683724	0.057176	-0.247197	-0.338933	0.907754
09357	4.356351	0.608920	9.392483	0.006408	0.003310	0.005659	0.640019	0.646269	0.415587	-0.727515	0.683704	0.057189	-0.247179	-0.338947	0.907754
09358	4.368387	0.654331	9.336362	0.008954	0.012404	0.005695	0.640010	0.646341	0.415488	-0.727558	0.683657	0.057206	-0.247077	-0.338904	0.907798
09359	4.284735	0.678523	9.305678	0.002688	0.014800	0.008613	0.640064	0.646368	0.415363	-0.727531	0.683688	0.057185	-0.247016	-0.338791	0.907856
09360	4.282185	0.605040	9.311117	-0.003244	0.011157	0.009665	0.640023	0.646463	0.415278	-0.727569	0.683656	0.057075	-0.247010	-0.338673	0.907902
09361	4.257136	0.580873	9.319082	-0.001400	0.009499	0.011173	0.639973	0.646539	0.415237	-0.727610	0.683619	0.056991	-0.247017	-0.338604	0.907926
09362	4.286898	0.629826	9.333971	0.001495	0.008468	0.006358	0.639949	0.646603	0.415175	-0.727639	0.683593	0.056938	-0.246994	-0.338535	0.907958
09363	4.215850	0.563135	9.297212	-0.003083	0.007587	0.005191	0.639908	0.646649	0.415165	-0.727661	0.683577	0.056849	-0.247036	-0.338477	0.907968
09364	4.272408	0.646466	9.345185	-0.000294	-0.001032	0.002977	0.639886	0.646658	0.415186	-0.727664	0.683579	0.056794	-0.247086	-0.338458	0.907962
09365	4.308591	0.579517	9.331871	0.001828	0.002428	0.004493	0.639960	0.646614	0.415140	-0.727608	0.683635	0.056827	-0.247060	-0.338426	0.907981
09366	4.312656	0.594470	9.313162	0.001828	0.002428	0.004493	0.639934	0.646645	0.415132	-0.727626	0.683620	0.056785	-0.247073	-0.338399	0.907987
09367	4.281155	0.614336	9.353488	0.005786	0.003126	0.000437	0.640151	0.646470	0.415071	-0.727419	0.683838	0.056803	-0.247120	-0.338293	0.908014
09368	4.316251	0.610046	9.294631	0.004097	0.006404	0.004521	0.640136	0.646514	0.415026	-0.727442	0.683815	0.056782	-0.247090	-0.338256	0.908036
09369	4.282395	0.619275	9.294226	0.007458	0.003935	-0.000662	0.640190	0.646469	0.415011	-0.727405	0.683851	0.056839	-0.247061	-0.338269	0.908039
09370	4.259976	0.607415	9.342669	0.008984	0.004229	-0.000273	0.640204	0.646473	0.414983	-0.727409	0.683842	0.056882	-0.247011	-0.338279	0.908049
09371	4.301566	0.629353	9.305756	0.008690	0.003198	0.002704	0.640332	0.646380	0.414931	-0.727308	0.683944	0.056953	-0.246976	-0.338251	0.908069
09372	4.355788	0.702979	9.312922	0.013251	0.008167	0.006855	0.640305	0.646446	0.414871	-0.727369	0.683875	0.057005	-0.246869	-0.338265	0.908093
09373	4.262500	0.624939	9.324491	0.012616	0.012071	0.004614	0.640421	0.646423	0.414727	-0.727330	0.683903	0.057164	-0.246681	-0.338252	0.908149
09374	4.338862	0.649175	9.329323	0.013993	0.011849	0.006492	0.640405	0.646498	0.414633	-0.727390	0.683834	0.057225	-0.246544	-0.338247	0.908188
09375	4.255827	0.611850	9.344271	0.008464	0.016825	0.001962	0.640398	0.646584	0.414511	-0.727461	0.683751	0.057326	-0.246356	-0.338252	0.908237
09376	4.312375	0.627180	9.337802	0.008989	0.005335	0.006807	0.640364	0.646640	0.414477	-0.727510	0.683696	0.057341	-0.246298	-0.338255	0.908251
09377	4.408691	0.659187	9.353991	0.002515	0.017273	0.005995	0.640317	0.646753	0.414373	-0.727587	0.683616	0.057329	-0.246194	-0.338201	0.908300
09378	4.298237	0.648710	9.290163	0.002032	0.022799	0.009344	0.640307	0.646886	0.414182	-0.727636	0.683568	0.057269	-0.246075	-0.338043	0.908391
09379	4.242914	0.648511	9.279192	-0.003158	0.022841	0.010030	0.640258	0.647025	0.414040	-0.727696	0.683515	0.057149	-0.246026	-0.337885	0.908463
09380	4.191264	0.527644	9.299992	-0.006488	0.017135	0.009246	0.640235	0.647137	0.413900	-0.727723	0.683497	0.057012	-0.246005	-0.337706	0.908535
09381	4.268910	0.623256	9.300161	-0.000817	0.011568	0.005210	0.640212	0.647207	0.413825	-0.727762	0.683458	0.056988	-0.245950	-0.337651	0.908571
09382	4.310438	0.581887	9.309447	-0.000817	0.011568	0.005210	0.640205	0.647273	0.413734	-0.727777	0.683448	0.056920	-0.245923	-0.337546	0.908617
09383	4.324542	0.637668	9.294245	0.006679	0.008430	0.005667	0.640252	0.647279	0.413651	-0.727771	0.683448	0.056994	-0.245817	-0.337534	0.908650
09384	4.358717	0.640506	9.336254	0.014100	0.019435	0.003891	0.640274	0.647362	0.413487	-0.727815	0.683395	0.057068	-0.245632	-0.337481	0.908720
09385	4.230337	0.633771	9.301759	0.017130	0.024112	0.007651	0.640360	0.647419	0.413265	-0.727821	0.683378	0.057192	-0.245389	-0.337406	0.908813
09386	4.316446	0.699192	9.310308	0.020198	0.020609	0.005451	0.640373	0.647517	0.413091	-0.727889	0.683295	0.057314	-0.245151	-0.337387	0.908884
09387	4.290635	0.614978	9.364452	0.015286	0.025773	0.006136	0.640347	0.647653	0.412919	-0.727987	0.683185	0.057391	-0.244931	-0.337349	0.908958
09388	4.208898	0.582106	9.320033	0.014839	0.023120	0.003522	0.640380	0.647746	0.412721	-0.728030	0.683132	0.057472	-0.244716	-0.337278	0.909042
09389	4.215710	0.613332	9.283158	0.016699	0.017371	0.002056	0.640480	0.647750	0.412559	-0.728015	0.683134	0.057636	-0.244499	-0.337264	0.909106
09390	4.220991	0.578264	9.351587	0.010599	0.016198	0.000492	0.640518	0.647799	0.412422	-0.728028	0.683116	0.057692	-0.244359	-0.337208	0.909164
09391	4.237898	0.576605	9.322518	0.006693	0.004342	0.002686	0.640571	0.647776	0.412378	-0.728010	0.683127	0.057782	-0.244276	-0.337229	0.909179
09392	4.393979	0.634809	9.372840	0.015953	0.013689	0.002420	0.640589	0.647830	0.412265	-0.728048	0.683078	0.057879	-0.244114	-0.337226	0.909224
09393	4.230549	0.626540	9.296480	0.023838	0.023258	0.000273	0.640666	0.647889	0.412051	-0.728103	0.682996	0.058162	-0.243746	-0.337278	0.909303
09394	4.302302	0.574501	9.366476	0.017010	0.015422	0.003175	0.640683	0.647954	0.411923	-0.728149	0.682938	0.058265	-0.243564	-0.337271	0.909354
09395	4.218543	0.600347	9.335384	0.022648	0.016921	-0.001974	0.640870	0.647888	0.411736	-0.728071	0.683000	0.058509	-0.243309	-0.337270	0.909423
09396	4.228746	0.574164	9.284453	0.020845	0.011507	-0.002364	0.640917	0.647902	0.411641	-0.728091	0.682965	0.058670	-0.243124	-0.337315	0.909456
09397	4.220659	0.619745	9.317276	0.026054	0.007371	-0.006021	0.640898	0.647918	0.411646	-0.728168	0.682865	0.058887	-0.242945	-0.337488	0.909439
09398	4.341426	0.677457	9.325959	0.023913	0.008003	-0.004559	0.640953	0.647905	0.411581	-0.728181	0.682834	0.059085	-0.242760	-0.337576	0.909456
09399	4.273977	0.635184	9.370719	0.017313	0.015336	-0.006887	0.641101	0.647838	0.411455	-0.728102	0.682903	0.059244	-0.242603	-0.337563	0.909503
09400	4.237312	0.634991	9.329633	0.019617	0.012242	-0.005737	0.641175	0.647831	0.411351	-0.728097	0.682894	0.059408	-0.242423	-0.337594	0.909539
09401	4.265357	0.613480	9.349545	0.022387	0.007711	-0.004950	0.641103	0.647887	0.411375	-0.728211	0.682759	0.059575	-0.242272	-0.337762	0.909517
09402	4.284212	0.624093	9.361220	0.017475	0.012874	-0.004277	0.641168	0.647892	0.411267	-0.728210	0.682748	0.059713	-0.242104	-0.337775	0.909557
09403	4.203804	0.591864	9.316121	0.021769	0.008637	-0.003098	0.641162	0.647908	0.411250	-0.728264	0.682675	0.059878	-0.241955	-0.337890	0.909554
09404	4.249122	0.637052	9.360932	0.021176	0.005467	-0.004217	0.641208	0.647888	0.411208	-0.728273	0.682651	0.060049	-0.241807	-0.337976	0.909561
09405	4.223895	0.677678	9.322554	0.019186	0.006611	-0.004245	0.641197	0.647901	0.411206	-0.728329	0.682577	0.060214	-0.241667	-0.338102	0.909552
09406	4.229774	0.705000	9.344561	0.009292	0.002281	0.000856	0.641199	0.647906	0.411197	-0.728341	0.682560	0.060257	-0.241625	-0.338128	0.909553
09407	4.217023	0.653500	9.300768	-0.000617	0.000926	0.001853	0.641310	0.647804	0.411182	-0.728221	0.682690	0.060232	-0.241691	-0.338059	0.909561
09408	4.175169	0.632135	9.337588	-0.002262	-0.005830	0.011162	0.641217	0.647852	0.411252	-0.728272	0.682646	0.060127	-0.241786	-0.338058	0.909536
09409	4.200135	0.654442	9.329831	-0.011705	-0.008622	0.011795	0.641138	0.647860	0.411363	-0.728276	0.682657	0.059947	-0.241983	-0.338020	0.909498
09410	4.216951	0.646291	9.359565	-0.013793	-0.018037	0.018496	0.640962	0.647916	0.411549	-0.728346	0.682604	0.059707	-0.242240	-0.338020	0.909430
09411	4.237025	0.641272	9.329334	-0.023516	-0.025947	0.019135	0.640808	0.647899	0.411815	-0.728353	0.682622	0.059405	-0.242626	-0.338014	0.909329
09412	4.221686	0.640574	9.357823	-0.025809	-0.025827	0.022085	0.640587	0.647953	0.412074	-0.728416	0.682587	0.059041	-0.243020	-0.337982	0.909236
09413	4.204795	0.628122	9.345404	-0.037211	-0.034540	0.023821	0.640451	0.647882	0.412398	-0.728341	0.682707	0.058568	-0.243602	-0.337876	0.909119
09414	4.181263	0.720250	9.319239	-0.038692	-0.044877	0.028657	0.640135	0.647916	0.412834	-0.728414	0.682673	0.058060	-0.244212	-0.337880	0.908954
09415	3.987076	0.636066	9.304573	-0.063829	-0.055104	0.033950	0.639746	0.647945	0.413391	-0.728465	0.682681	0.057314	-0.245078	-0.337807	0.908748
09416	4.228269	0.708938	9.356546	-0.059294	-0.083013	0.041093	0.639246	0.647935	0.414180	-0.728566	0.682636	0.056567	-0.246082	-0.337918	0.908436
09417	4.393130	0.484276	9.344982	-0.083447	-0.078465	0.037817	0.638822	0.647889	0.414905	-0.728569	0.682704	0.055699	-0.247170	-0.337869	0.908158
09418	4.133558	0.610083	9.290938	-0.041477	-0.083260	0.036033	0.638356	0.647844	0.415691	-0.728681	0.682631	0.055135	-0.248045	-0.338102	0.907833
09419	4.187684	0.777482	9.341025	-0.062499	-0.098217	0.043978	0.637773	0.647803	0.416651	-0.728805	0.682561	0.054355	-0.249178	-0.338323	0.907440
09420	4.081759	0.529107	9.246461	-0.075128	-0.115101	0.054609	0.637090	0.647776	0.417735	-0.728949	0.682482	0.053408	-0.250500	-0.338534	0.906998
09421	4.246073	0.762761	9.373476	-0.045920	-0.141418	0.061907	0.636363	0.647641	0.419051	-0.729139	0.682333	0.052715	-0.251791	-0.339092	0.906431
09422	4.081489	0.615859	9.312047	-0.086052	-0.162384	0.072628	0.635426	0.647576	0.420571	-0.729367	0.682175	0.051593	-0.253492	-0.339534	0.905792
09423	4.300967	0.632332	9.403161	-0.046513	-0.192901	0.075444	0.634422	0.647379	0.422385	-0.729668	0.681911	0.050812	-0.255134	-0.340437	0.904991
09424	4.267831	0.890686	9.342533	-0.064680	-0.206624	0.092695	0.633219	0.647297	0.424312	-0.730073	0.681552	0.049797	-0.256957	-0.341311	0.904146
09425	3.969169	0.892030	9.526296	-0.088833	-0.228025	0.108009	0.631921	0.647170	0.426435	-0.730432	0.681261	0.048505	-0.259122	-0.342133	0.903217
09426	4.020639	0.773480	9.440011	-0.133264	-0.290545	0.119654	0.630293	0.646980	0.429125	-0.730823	0.680964	0.046753	-0.261971	-0.343082	0.902034
09427	3.177363	0.238992	9.900761	-0.119884	-0.371910	0.206524	0.627899	0.647023	0.432556	-0.731714	0.680137	0.044800	-0.265211	-0.344637	0.900493
09428	4.741597	-0.580717	9.978308	0.039709	-0.630999	0.236138	0.624487	0.646428	0.438345	-0.733282	0.678494	0.044092	-0.268912	-0.348965	0.897725
09429	3.417853	1.311831	10.244453	0.189049	-0.646327	0.234578	0.621033	0.645721	0.444254	-0.735235	0.676334	0.044754	-0.271566	-0.354425	0.894782
09430	3.534233	0.498878	10.208246	0.075683	-0.819343	0.261282	0.616869	0.644548	0.451698	-0.737041	0.674399	0.044222	-0.276121	-0.360199	0.891074
09431	3.886891	1.462028	10.759356	0.194646	-1.093911	0.307809	0.611462	0.642669	0.461617	-0.739520	0.671663	0.044477	-0.281467	-0.368571	0.885964
09432	4.130145	2.364900	11.412394	-0.038251	-1.294798	0.379846	0.604954	0.640382	0.473225	-0.741703	0.669391	0.042328	-0.289667	-0.376599	0.879924
09433	4.889962	2.756644	11.578878	-0.290804	-1.521513	0.532107	0.596584	0.638080	0.486767	-0.743943	0.667208	0.037169	-0.301058	-0.384301	0.872741
09434	5.164964	3.213193	11.728547	-0.612095	-1.725007	0.757129	0.585623	0.636423	0.502008	-0.746512	0.664780	0.028074	-0.315858	-0.391195	0.864407
09435	5.481651	3.958288	11.926162	-0.851005	-1.876690	0.961453	0.572324	0.635396	0.518379	-0.749320	0.662019	0.015836	-0.333115	-0.397495	0.855004
09436	5.873681	3.554780	11.945232	-1.149627	-1.991702	1.185195	0.556595	0.635248	0.535409	-0.752045	0.659111	-0.000214	-0.353030	-0.402533	0.844593
09437	5.810162	3.740317	11.124463	-1.198939	-2.176119	1.319865	0.538636	0.635124	0.553614	-0.754974	0.655522	-0.017488	-0.374013	-0.408544	0.832590
09438	6.107779	4.203555	11.813419	-1.404468	-2.258594	1.461108	0.518886	0.635381	0.571882	-0.757266	0.652038	-0.037347	-0.396618	-0.413688	0.819485
09439	5.619906	2.495474	10.412093	-1.881858	-2.309520	1.619487	0.497168	0.636293	0.589877	-0.757763	0.649576	-0.062022	-0.422634	-0.416152	0.805108
09440	5.479387	1.815704	9.795738	-1.874804	-2.357512	1.731400	0.473778	0.637658	0.607394	-0.757980	0.646400	-0.087369	-0.448331	-0.418999	0.789582
09441	4.962254	1.579022	9.296691	-2.021103	-2.326917	1.806335	0.449290	0.639518	0.623823	-0.756967	0.643367	-0.114370	-0.474488	-0.420828	0.773152
09442	3.895130	2.360479	9.031538	-1.837422	-2.250033	1.683356	0.425615	0.640814	0.638912	-0.755368	0.640371	-0.139084	-0.498268	-0.423418	0.756602
09443	2.883555	6.598815	9.914326	-1.459293	-2.128206	0.847249	0.408192	0.637196	0.653728	-0.751537	0.641078	-0.155601	-0.518239	-0.427786	0.740559
09444	6.412259	8.421172	10.740465	-1.388701	-1.609946	-0.479172	0.403290	0.627195	0.666321	-0.742251	0.650081	-0.162662	-0.535183	-0.428978	0.727707
09445	4.822645	7.369849	11.839728	-1.057225	-0.691524	-1.526934	0.410817	0.614151	0.673831	-0.730187	0.664201	-0.160197	-0.545945	-0.426211	0.721310
09446	1.100921	6.744790	9.689154	-0.994234	-0.165317	-2.163767	0.425550	0.598879	0.678418	-0.715642	0.681559	-0.152753	-0.553862	-0.420501	0.718621
09447	-0.863681	4.586245	8.098457	-1.044974	-0.060820	-2.424138	0.442432	0.581755	0.682507	-0.699250	0.700299	-0.143635	-0.561519	-0.413694	0.716627
09448	-0.454605	2.347642	8.354257	-0.902226	-0.007459	-2.519889	0.459801	0.563836	0.686055	-0.682757	0.718461	-0.132878	-0.567825	-0.407312	0.715313
09449	0.290842	0.881941	9.270137	-0.634112	0.222272	-2.499431	0.477940	0.546476	0.687704	-0.667420	0.734924	-0.120156	-0.571073	-0.401560	0.715979
09450	0.435591	-0.025359	9.976665	-0.354771	0.552765	-2.354360	0.496649	0.531199	0.686417	-0.653891	0.749048	-0.106552	-0.570760	-0.395922	0.719360
09451	0.695532	-0.797150	10.308347	-0.062636	0.884579	-2.067183	0.515136	0.519006	0.682106	-0.643057	0.760179	-0.092765	-0.566668	-0.390846	0.725346
09452	1.304309	-1.336325	10.646793	0.218783	1.230311	-1.697855	0.532910	0.510800	0.674604	-0.635361	0.768094	-0.079679	-0.558859	-0.386155	0.733867
09453	1.700079	-1.626446	10.740606	0.503412	1.603499	-1.313548	0.550131	0.506804	0.663706	-0.631033	0.772849	-0.067096	-0.546949	-0.381909	0.744978
09454	1.733004	-1.606523	10.538505	0.798366	1.937561	-0.996761	0.566857	0.506443	0.649760	-0.629740	0.774886	-0.054578	-0.531131	-0.378243	0.758177
09455	1.657828	-1.040098	10.417060	1.062638	2.187913	-0.796542	0.583325	0.508530	0.633347	-0.630716	0.774914	-0.041297	-0.511790	-0.375373	0.772765
09456	1.868958	-0.442085	10.569299	1.212447	2.356845	-0.707586	0.599602	0.511854	0.615209	-0.632577	0.774011	-0.027448	-0.490228	-0.372710	0.787886
09457	2.129710	-0.086931	10.876879	1.242199	2.470124	-0.714353	0.615977	0.515568	0.595619	-0.634224	0.773036	-0.013237	-0.467259	-0.369602	0.803158
09458	3.217712	-0.082430	11.495779	1.218707	2.554929	-0.803344	0.632711	0.518742	0.574965	-0.634733	0.772730	0.001313	-0.443611	-0.365780	0.818177
09459	4.590591	-0.156914	12.338931	1.182260	2.702291	-0.945597	0.650367	0.521350	0.552464	-0.633824	0.773304	0.016392	-0.418676	-0.360825	0.833376
09460	5.515434	-0.198043	12.588436	1.088479	2.899474	-1.088352	0.669014	0.523278	0.527826	-0.631036	0.775118	0.031393	-0.392700	-0.354079	0.848772
09461	5.622705	-0.430513	12.298817	0.955640	3.066215	-1.194878	0.688155	0.524840	0.500985	-0.626624	0.777980	0.045709	-0.365767	-0.345384	0.864248
09462	5.821834	-0.812802	11.915662	0.840579	3.133900	-1.242584	0.706946	0.525807	0.473026	-0.620895	0.781666	0.059053	-0.338698	-0.335446	0.879067
09463	6.260303	-1.185747	11.794058	0.758598	3.165034	-1.226595	0.724789	0.526774	0.444061	-0.614660	0.785558	0.071358	-0.311246	-0.324667	0.893150
09464	6.810341	-1.363756	11.802952	0.706811	3.195439	-1.130191	0.741206	0.528058	0.414449	-0.608458	0.789282	0.082533	-0.283535	-0.313349	0.906322
09465	7.062857	-1.299074	11.751020	0.665119	3.211739	-0.968818	0.755694	0.530418	0.384165	-0.603094	0.792298	0.092422	-0.255350	-0.301530	0.918627
09466	6.769507	-1.217047	11.093291	0.600082	3.153450	-0.746149	0.767798	0.533808	0.354310	-0.598843	0.794513	0.100684	-0.227758	-0.289481	0.929692
09467	6.066697	-1.339289	10.231175	0.555425	2.968928	-0.518101	0.777216	0.538265	0.325893	-0.596137	0.795642	0.107582	-0.201387	-0.277892	0.939265
09468	6.149949	-1.942330	9.908011	0.512808	2.617500	-0.363431	0.784345	0.542505	0.300816	-0.594258	0.796223	0.113517	-0.177933	-0.267799	0.946902
09469	8.255250	-5.716373	8.658455	-0.159140	2.232092	-0.202601	0.789277	0.546864	0.279250	-0.592495	0.797677	0.112522	-0.161217	-0.254265	0.953603
09470	11.425267	-8.819244	6.853110	0.179247	1.791539	0.123663	0.791298	0.552321	0.262275	-0.593735	0.796564	0.113859	-0.146032	-0.245818	0.958253
09471	16.126090	-5.971243	8.538874	1.131094	1.438337	0.507997	0.790165	0.560053	0.248958	-0.599416	0.790881	0.123323	-0.127828	-0.246675	0.960631
09472	20.150862	-2.369368	9.145920	0.718938	1.496925	0.876441	0.786673	0.570618	0.235670	-0.607176	0.784177	0.128074	-0.111726	-0.243846	0.963357
09473	22.218222	-2.213828	5.072996	0.178046	1.890971	1.072200	0.782021	0.583620	0.218700	-0.615851	0.777513	0.127281	-0.095758	-0.234223	0.967455
09474	19.550874	-0.422607	-0.797061	0.277227	2.107496	1.076184	0.777177	0.596770	0.199651	-0.624473	0.770540	0.127675	-0.077646	-0.223903	0.971514
09475	8.826899	1.613024	-4.826950	-0.076314	1.308098	0.829225	0.772920	0.606026	0.187954	-0.630850	0.765723	0.125288	-0.067993	-0.215408	0.974154
09476	8.684850	2.125017	-11.238258	-0.875290	-0.880075	0.748636	0.767528	0.609851	0.197437	-0.635959	0.763065	0.115278	-0.080354	-0.214041	0.973514
09477	6.832826	-0.875936	-4.253356	-0.853407	-1.484162	-0.313844	0.768249	0.604186	0.211549	-0.632728	0.766860	0.107618	-0.097207	-0.216531	0.971424
09478	14.036998	-3.192043	6.367477	-0.225317	-2.176839	-0.856241	0.771326	0.592751	0.231738	-0.625887	0.772499	0.107290	-0.115422	-0.227797	0.966844
09479	8.122209	1.565374	8.241747	0.018025	-1.921154	-1.153535	0.776185	0.579226	0.249066	-0.616908	0.779276	0.110245	-0.130234	-0.239221	0.962191
09480	2.855614	2.416345	13.555802	-0.974613	-1.752438	-0.761058	0.778401	0.569048	0.265099	-0.609616	0.786003	0.102799	-0.149871	-0.241627	0.958726
09481	-3.371026	-0.200740	14.093950	-1.349232	-1.548907	-0.262610	0.777581	0.563128	0.279739	-0.605311	0.790814	0.090617	-0.170193	-0.239791	0.955790
09482	-7.530279	1.052526	19.645818	-0.718474	-1.421612	0.107537	0.774404	0.560545	0.293408	-0.604854	0.791956	0.083412	-0.185610	-0.242064	0.952341
09483	1.883396	2.879763	14.315787	-0.824800	-1.553174	0.373464	0.769157	0.559670	0.308492	-0.606083	0.791910	0.074443	-0.202634	-0.244230	0.948310
09484	1.150448	-0.795319	5.803951	-1.484454	-1.455656	0.505138	0.762998	0.560135	0.322618	-0.606780	0.792695	0.058757	-0.222826	-0.240590	0.944704
09485	5.220517	-4.832302	6.971627	-0.736970	-1.675550	0.178518	0.758067	0.557436	0.338527	-0.606380	0.793524	0.051214	-0.240080	-0.244100	0.939562
09486	8.252100	-2.645761	14.549368	0.469509	-1.426138	-0.000115	0.754588	0.553862	0.351901	-0.607509	0.792367	0.055574	-0.248054	-0.255718	0.934386
09487	7.757714	-3.845448	13.871158	-0.361458	-1.093664	0.061849	0.751455	0.551509	0.362150	-0.607027	0.792980	0.051961	-0.258521	-0.258882	0.930670
09488	9.952562	-2.295514	12.902629	0.650206	-0.811705	-0.028967	0.749525	0.549130	0.369687	-0.608481	0.791441	0.058068	-0.260698	-0.268471	0.927340
09489	5.177880	2.710698	11.084561	0.229991	-0.469954	-0.067213	0.748714	0.547294	0.374028	-0.608545	0.791216	0.060419	-0.262870	-0.272850	0.925447
09490	4.442385	2.382583	9.774809	0.180904	-0.506727	-0.080787	0.747867	0.545253	0.378674	-0.608401	0.791176	0.062356	-0.265598	-0.277020	0.923427
09491	5.053350	1.534211	10.142048	-0.054169	-0.396124	-0.055964	0.747168	0.543664	0.382321	-0.607793	0.791668	0.062049	-0.268938	-0.278733	0.921944
09492	3.975809	0.773352	9.235455	0.012006	-0.371122	-0.049597	0.746467	0.542223	0.385721	-0.607437	0.791920	0.062311	-0.271674	-0.280814	0.920509
09493	4.798934	1.175173	9.890188	0.048918	-0.374870	-0.045763	0.745745	0.540749	0.389172	-0.607177	0.792071	0.062920	-0.274228	-0.283219	0.919014
09494	5.032319	1.098013	9.790964	0.000526	-0.278036	-0.038589	0.745215	0.539645	0.391712	-0.606873	0.792295	0.063037	-0.276334	-0.284696	0.917926
09495	4.669930	0.709963	9.572780	-0.021372	-0.195528	-0.033172	0.744901	0.538763	0.393519	-0.606508	0.792581	0.062957	-0.277977	-0.285569	0.917158
09496	4.375360	0.425899	9.696773	0.009137	-0.169151	-0.041982	0.744685	0.537937	0.395055	-0.606202	0.792798	0.063167	-0.279218	-0.286523	0.916483
09497	4.315717	0.203849	9.607517	-0.006713	-0.147311	-0.045625	0.744576	0.537090	0.396410	-0.605785	0.793108	0.063273	-0.280413	-0.287250	0.915891
09498	4.276929	0.191594	9.547065	0.034656	-0.147047	-0.053412	0.744487	0.536234	0.397734	-0.605467	0.793312	0.063763	-0.281335	-0.288286	0.915282
09499	4.272593	0.196419	9.570108	0.055030	-0.143267	-0.067363	0.744517	0.535224	0.399036	-0.605061	0.793560	0.064520	-0.282127	-0.289478	0.914662
09500	4.345792	0.435549	9.515081	0.091756	-0.138411	-0.077875	0.744598	0.534195	0.400263	-0.604722	0.793728	0.065632	-0.282639	-0.290917	0.914047
09501	4.223703	0.659409	9.522784	0.079195	-0.119787	-0.083781	0.744788	0.533124	0.401334	-0.604268	0.793986	0.066674	-0.283109	-0.292172	0.913502
09502	4.186234	0.521619	9.376247	0.060468	-0.121609	-0.082757	0.744944	0.532101	0.402401	-0.603805	0.794268	0.067520	-0.283686	-0.293270	0.912970
09503	4.067261	0.785121	9.389928	0.074885	-0.124030	-0.081045	0.745104	0.531036	0.403511	-0.603358	0.794522	0.068513	-0.284215	-0.294511	0.912406
09504	4.191834	0.883435	9.378293	0.049367	-0.127204	-0.078258	0.745215	0.530028	0.404628	-0.602897	0.794809	0.069241	-0.284903	-0.295549	0.911856
09505	4.245393	1.125650	9.292655	0.050565	-0.129491	-0.061538	0.745238	0.529101	0.405798	-0.602530	0.795026	0.069934	-0.285618	-0.296623	0.911283
09506	4.156888	1.183091	9.291825	0.010573	-0.106394	-0.049819	0.745235	0.528379	0.406744	-0.602171	0.795276	0.070195	-0.286385	-0.297241	0.910841
09507	4.161618	0.961753	9.248826	-0.011745	-0.114302	-0.035958	0.745147	0.527694	0.407793	-0.601812	0.795545	0.070219	-0.287364	-0.297738	0.910370
09508	4.166763	0.912535	9.298056	-0.014373	-0.117973	-0.023912	0.744952	0.527142	0.408862	-0.601574	0.795731	0.070147	-0.288367	-0.298217	0.909896
09509	4.251882	0.790619	9.289338	-0.021309	-0.114183	-0.022034	0.744781	0.526563	0.409918	-0.601288	0.795957	0.070029	-0.289403	-0.298635	0.909430
09510	4.379292	0.750360	9.392015	-0.007875	-0.112653	-0.022557	0.744591	0.526037	0.410938	-0.601079	0.796117	0.070012	-0.290326	-0.299136	0.908971
09511	4.332331	0.701329	9.370151	-0.010554	-0.103979	-0.025039	0.744463	0.525466	0.411899	-0.600804	0.796325	0.070005	-0.291221	-0.299587	0.908536
09512	4.294084	0.743327	9.300035	-0.008990	-0.102994	-0.026152	0.744320	0.524939	0.412828	-0.600564	0.796507	0.069993	-0.292079	-0.300027	0.908116
09513	4.355336	0.744266	9.366701	0.004567	-0.100291	-0.029710	0.744231	0.524337	0.413753	-0.600296	0.796696	0.070143	-0.292857	-0.300577	0.907683
09514	4.156584	0.747943	9.279790	-0.011689	-0.100604	-0.025769	0.744091	0.523819	0.414660	-0.600051	0.796884	0.070106	-0.293713	-0.300982	0.907272
09515	4.352875	0.881359	9.314728	-0.008773	-0.107272	-0.019075	0.743916	0.523280	0.415653	-0.599823	0.797057	0.070091	-0.294621	-0.301460	0.906819
09516	4.424765	0.815632	9.323057	-0.023333	-0.087528	-0.016005	0.743754	0.522878	0.416447	-0.599616	0.797229	0.069908	-0.295450	-0.301703	0.906468
09517	4.404520	0.710596	9.255905	-0.030249	-0.077467	-0.016942	0.743652	0.522447	0.417171	-0.599341	0.797455	0.069691	-0.296265	-0.301853	0.906152
09518	4.387669	0.641393	9.354408	-0.017145	-0.072210	-0.023120	0.743577	0.522034	0.417820	-0.599099	0.797645	0.069595	-0.296942	-0.302064	0.905860
09519	4.156121	0.689094	9.275046	-0.007090	-0.080305	-0.024411	0.743508	0.521535	0.418565	-0.598838	0.797838	0.069619	-0.297639	-0.302415	0.905514
09520	4.229642	0.822088	9.298872	-0.006526	-0.100538	-0.016272	0.743307	0.521091	0.419476	-0.598678	0.797961	0.069590	-0.298463	-0.302858	0.905095
09521	4.430336	0.832620	9.287226	-0.008697	-0.093839	-0.017629	0.743156	0.520604	0.420346	-0.598462	0.798124	0.069572	-0.299270	-0.303264	0.904693
09522	4.420067	0.821416	9.271765	-0.010677	-0.086337	-0.011692	0.742968	0.520238	0.421131	-0.598324	0.798236	0.069487	-0.300012	-0.303599	0.904334
09523	4.262902	0.904500	9.298339	-0.015545	-0.084144	-0.008245	0.742791	0.519851	0.421920	-0.598153	0.798374	0.069367	-0.300789	-0.303898	0.903976
09524	4.351899	0.667911	9.284799	-0.019225	-0.090410	-0.004297	0.742545	0.519531	0.422746	-0.598043	0.798473	0.069174	-0.301613	-0.304185	0.903604
09525	4.352791	0.764226	9.303607	-0.015671	-0.091587	-0.002406	0.742307	0.519172	0.423604	-0.597920	0.798578	0.069028	-0.302443	-0.304521	0.903214
09526	4.541302	0.837520	9.249316	-0.007073	-0.087862	0.000458	0.742039	0.518897	0.424409	-0.597882	0.798616	0.068925	-0.303175	-0.304892	0.902843
09527	4.498282	0.854393	9.258190	-0.009610	-0.066419	0.001139	0.741856	0.518640	0.425045	-0.597801	0.798685	0.068821	-0.303784	-0.305147	0.902552
09528	4.226731	0.862878	9.176146	-0.008039	-0.065439	0.000030	0.741657	0.518429	0.425647	-0.597757	0.798728	0.068711	-0.304355	-0.305393	0.902277
09529	4.338662	0.688144	9.220831	-0.010985	-0.083894	0.004726	0.741398	0.518149	0.426440	-0.597698	0.798783	0.068578	-0.305099	-0.305726	0.901913
09530	4.422275	0.755789	9.185538	0.009765	-0.089250	0.006222	0.741089	0.517914	0.427260	-0.597754	0.798739	0.068602	-0.305739	-0.306237	0.901522
09531	4.349067	0.802555	9.217799	0.004749	-0.093558	0.003730	0.740804	0.517594	0.428142	-0.597738	0.798750	0.068618	-0.306462	-0.306749	0.901103
09532	4.331671	0.889616	9.225044	0.006531	-0.091773	0.009903	0.740464	0.517380	0.428987	-0.597811	0.798697	0.068597	-0.307140	-0.307247	0.900702
09533	4.165543	1.061033	9.133139	-0.002144	-0.108630	0.014220	0.740071	0.517096	0.430008	-0.597847	0.798678	0.068503	-0.308015	-0.307776	0.900222
09534	4.051900	1.032206	9.095634	-0.037254	-0.126350	0.032868	0.739486	0.516958	0.431179	-0.597955	0.798641	0.067989	-0.309210	-0.308103	0.899701
09535	4.330966	0.891463	9.151245	-0.060241	-0.163570	0.040958	0.738760	0.516715	0.432712	-0.598009	0.798663	0.067259	-0.310837	-0.308454	0.899020
09536	4.686505	0.611887	9.317877	-0.077681	-0.142861	0.038883	0.738083	0.516573	0.434034	-0.598033	0.798720	0.066355	-0.312394	-0.308543	0.898449
09537	4.481935	0.719908	9.138131	-0.063332	-0.140140	0.040519	0.737428	0.516398	0.435354	-0.598070	0.798755	0.065599	-0.313866	-0.308747	0.897866
09538	4.670595	0.704026	9.270399	-0.080437	-0.127883	0.033606	0.736826	0.516260	0.436536	-0.598044	0.798848	0.064694	-0.315327	-0.308736	0.897358
09539	4.722159	0.577953	9.259159	-0.066205	-0.114374	0.034114	0.736284	0.516115	0.437619	-0.598026	0.798922	0.063940	-0.316623	-0.308786	0.896884
09540	5.128685	0.510789	9.392293	-0.066926	-0.089619	0.027760	0.735835	0.516049	0.438452	-0.597997	0.799004	0.063182	-0.317720	-0.308685	0.896531
09541	4.448605	0.629763	9.194297	-0.061064	-0.053904	0.021482	0.735561	0.515986	0.438985	-0.597897	0.799131	0.062530	-0.318542	-0.308462	0.896316
09542	4.517236	0.731110	9.195472	-0.046961	-0.065157	0.022973	0.735217	0.515957	0.439596	-0.597895	0.799175	0.061971	-0.319340	-0.308394	0.896055
09543	4.604763	0.670807	9.214746	-0.059554	-0.053505	0.021864	0.734942	0.515902	0.440119	-0.597801	0.799295	0.061328	-0.320146	-0.308176	0.895843
09544	4.680504	0.690715	9.175029	-0.054997	-0.046652	0.021749	0.734664	0.515920	0.440563	-0.597763	0.799371	0.060703	-0.320855	-0.307948	0.895667
09545	4.568927	0.733825	9.212483	-0.066847	-0.030492	0.027711	0.734427	0.515982	0.440885	-0.597688	0.799483	0.059970	-0.321537	-0.307555	0.895558
09546	4.404913	0.637436	9.151824	-0.071244	-0.031452	0.035293	0.734116	0.516156	0.441200	-0.597697	0.799538	0.059140	-0.322231	-0.307119	0.895458
09547	4.374831	0.806424	9.144975	-0.046698	-0.053970	0.039368	0.733731	0.516243	0.441739	-0.597775	0.799524	0.058536	-0.322962	-0.307010	0.895232
09548	4.341931	0.908925	9.208956	-0.062625	-0.065476	0.054902	0.733192	0.516469	0.442369	-0.597954	0.799451	0.057696	-0.323854	-0.306818	0.894975
09549	4.297616	0.752179	9.167119	-0.102975	-0.070931	0.068735	0.732576	0.516733	0.443079	-0.598060	0.799460	0.056461	-0.325049	-0.306350	0.894703
09550	4.502531	0.609477	9.223048	-0.110864	-0.093457	0.079577	0.731796	0.517071	0.443972	-0.598260	0.799407	0.055080	-0.326434	-0.305918	0.894346
09551	4.657479	0.518306	9.155143	-0.085857	-0.093406	0.074971	0.731069	0.517316	0.444885	-0.598462	0.799331	0.053969	-0.327691	-0.305702	0.893960
09552	4.776043	0.522043	9.271913	-0.069310	-0.087769	0.057245	0.730439	0.517494	0.445712	-0.598631	0.799265	0.053059	-0.328785	-0.305573	0.893603
09553	4.725984	0.489863	9.175552	-0.062046	-0.076416	0.052373	0.729898	0.517616	0.446455	-0.598749	0.799230	0.052260	-0.329770	-0.305459	0.893279
09554	4.732580	0.483745	9.172476	-0.025876	-0.062712	0.035779	0.729478	0.517699	0.447046	-0.598903	0.799142	0.051833	-0.330420	-0.305548	0.893008
09555	4.696883	0.591493	9.135796	0.019858	-0.063675	0.034178	0.729091	0.517709	0.447665	-0.599150	0.798956	0.051844	-0.330825	-0.306018	0.892697
09556	4.662134	0.693346	9.158377	0.032529	-0.053011	0.040357	0.728674	0.517857	0.448172	-0.599530	0.798666	0.051917	-0.331054	-0.306523	0.892439
09557	4.611149	0.678230	9.104723	0.013981	-0.043852	0.049553	0.728259	0.518050	0.448624	-0.599872	0.798417	0.051808	-0.331350	-0.306846	0.892218
09558	4.631268	0.637683	9.167015	0.018318	-0.046869	0.061232	0.727737	0.518383	0.449086	-0.600356	0.798062	0.051661	-0.331619	-0.307207	0.891994
09559	4.611806	0.609267	9.070873	0.016592	-0.043919	0.065552	0.727224	0.518707	0.449542	-0.600825	0.797720	0.051501	-0.331894	-0.307549	0.891773
09560	4.515087	0.611473	9.131795	0.042692	-0.050680	0.079304	0.726580	0.519171	0.450047	-0.601521	0.797196	0.051489	-0.332044	-0.308124	0.891519
09561	4.481193	0.739198	9.077003	0.075393	-0.076170	0.102490	0.725737	0.519687	0.450813	-0.602452	0.796479	0.051689	-0.332201	-0.309106	0.891121
09562	4.496313	0.749385	9.214672	0.080916	-0.089214	0.127788	0.724671	0.520415	0.451686	-0.603626	0.795583	0.051797	-0.332398	-0.310185	0.890672
09563	4.171474	0.683353	9.258925	0.078363	-0.128233	0.150425	0.723361	0.521143	0.452945	-0.604911	0.794606	0.051807	-0.332914	-0.311466	0.890032
09564	4.326280	0.659744	9.304846	0.075456	-0.195846	0.170641	0.721676	0.521874	0.454788	-0.606373	0.793500	0.051668	-0.333910	-0.313058	0.889100
09565	4.017967	0.495471	9.321697	0.076189	-0.267375	0.186418	0.719675	0.522446	0.457294	-0.607908	0.792336	0.051484	-0.335433	-0.315045	0.887824
09566	3.811269	0.558460	9.615757	0.131881	-0.402492	0.163898	0.717324	0.522457	0.460960	-0.609507	0.791082	0.051866	-0.337560	-0.318163	0.885904
09567	3.396681	0.720963	10.005061	0.286745	-0.624319	0.175124	0.714164	0.521772	0.466609	-0.611669	0.789297	0.053576	-0.340338	-0.323673	0.882840
09568	4.630879	0.542832	9.688047	0.274531	-0.834276	0.173069	0.710247	0.520396	0.474064	-0.613820	0.787518	0.055145	-0.344636	-0.330156	0.878762
09569	4.364883	0.458916	9.266925	0.360881	-0.958389	0.145611	0.706047	0.518283	0.482578	-0.616049	0.785599	0.057600	-0.349259	-0.337960	0.873957
09570	4.507445	0.387497	9.526296	0.372747	-1.101757	0.109688	0.701492	0.515360	0.492253	-0.618110	0.783777	0.060278	-0.354751	-0.346551	0.868363
09571	4.404605	0.648215	9.475202	0.375534	-1.251344	0.083409	0.696514	0.511567	0.503158	-0.619987	0.782071	0.063099	-0.361226	-0.355901	0.861888
09572	4.263372	1.101233	9.819197	0.324355	-1.472565	0.084000	0.690613	0.506895	0.515859	-0.621731	0.780494	0.065420	-0.369464	-0.365906	0.854172
09573	3.998372	1.093717	10.050248	0.173642	-1.736574	0.098234	0.683504	0.501172	0.530706	-0.623011	0.779393	0.066367	-0.380367	-0.375998	0.844954
09574	3.658579	1.157604	10.253869	0.196153	-2.114584	0.127131	0.674529	0.494070	0.548548	-0.624609	0.778033	0.067295	-0.393541	-0.388020	0.833406
09575	3.571366	1.331859	10.483597	0.140855	-2.632645	0.186078	0.662794	0.485082	0.570438	-0.626380	0.776599	0.067397	-0.410308	-0.401981	0.818571
09576	3.944277	1.238744	10.411189	0.135721	-3.218608	0.262340	0.647614	0.473899	0.596670	-0.628644	0.774808	0.066934	-0.430585	-0.418440	0.799690
09577	4.048583	1.661733	10.952169	0.235252	-3.838771	0.405002	0.628085	0.460563	0.627208	-0.632239	0.771933	0.066288	-0.453633	-0.438180	0.776026
09578	5.245600	2.966999	12.468960	0.207482	-4.506621	0.668377	0.602798	0.445450	0.661973	-0.637295	0.767997	0.063531	-0.480094	-0.460168	0.746830
09579	6.110661	4.553338	14.472498	-0.230482	-5.012455	1.087524	0.570993	0.430188	0.699217	-0.642513	0.764339	0.054435	-0.511022	-0.480338	0.712834
09580	7.898585	4.520718	14.284939	-0.871044	-5.537956	1.499163	0.532019	0.414548	0.738313	-0.646144	0.762289	0.037593	-0.547224	-0.497056	0.673410
09581	9.333223	4.301541	14.978178	-1.256670	-5.579261	1.855178	0.488399	0.400585	0.775240	-0.648496	0.761065	0.015290	-0.583883	-0.510208	0.631481
09582	11.141376	2.760322	14.386096	-1.397322	-5.511541	1.955110	0.442559	0.387016	0.808925	-0.649163	0.760599	-0.008742	-0.618651	-0.521256	0.587846
09583	11.110125	1.867230	14.230663	-0.988121	-5.264830	1.896466	0.396894	0.373627	0.838378	-0.650857	0.758609	-0.029957	-0.647194	-0.533774	0.544265
09584	10.186754	1.864013	13.565617	-0.649493	-4.969494	1.828735	0.352224	0.360596	0.863660	-0.653396	0.755433	-0.048937	-0.670084	-0.547075	0.501693
09585	8.649203	2.403751	13.115141	-0.383813	-4.429031	1.789816	0.310424	0.349577	0.883987	-0.656722	0.751200	-0.066449	-0.687280	-0.559906	0.462765
09586	5.655320	2.395742	11.407550	-0.220707	-3.957689	1.770690	0.271296	0.340422	0.900284	-0.660307	0.746368	-0.083242	-0.700281	-0.571881	0.427270
09587	2.411297	3.153484	9.787866	-0.114198	-3.956261	1.882799	0.230922	0.331586	0.914727	-0.664246	0.740685	-0.100808	-0.710951	-0.584325	0.391295
09588	-2.356392	4.847375	9.305099	-0.362792	-4.545853	2.207265	0.183636	0.321022	0.929098	-0.666187	0.735654	-0.122512	-0.722823	-0.596455	0.348954
09589	0.368168	4.181299	11.866910	-0.996337	-5.084517	2.110287	0.132508	0.306041	0.942751	-0.662284	0.734988	-0.145509	-0.737442	-0.605088	0.300078
09590	25.515526	3.989971	17.166127	-0.227246	-2.326292	0.733023	0.110446	0.297271	0.948384	-0.661459	0.734188	-0.153100	-0.741804	-0.610408	0.277721
09591	4.433277	5.250714	18.804728	-0.317888	1.416875	-0.168355	0.122108	0.304699	0.944589	-0.658959	0.736575	-0.152415	-0.742201	-0.603835	0.290725
09592	-4.135707	3.369654	8.055252	-0.575680	2.242203	-0.615732	0.142797	0.313545	0.938775	-0.653833	0.741952	-0.148353	-0.743042	-0.592618	0.310954
09593	-9.430155	3.257067	4.554856	-0.163933	1.544474	-0.585760	0.158125	0.318398	0.934676	-0.651825	0.744688	-0.143405	-0.741701	-0.586569	0.325293
09594	-2.763594	1.405440	6.902359	-0.136601	1.230156	-0.508824	0.170550	0.321772	0.931330	-0.649941	0.747144	-0.139116	-0.740601	-0.581584	0.336558
09595	1.748502	0.867664	10.086506	-0.001229	1.745200	-0.450169	0.186406	0.328635	0.925879	-0.649242	0.748511	-0.134969	-0.737386	-0.575960	0.352890
09596	2.971953	0.258036	10.391769	0.109736	2.627924	-0.390654	0.208240	0.340726	0.916811	-0.649242	0.749220	-0.130977	-0.731520	-0.567957	0.377231
09597	2.631476	0.184612	9.143921	0.209574	3.345853	-0.276113	0.234387	0.357663	0.903958	-0.650297	0.748872	-0.127686	-0.722617	-0.557914	0.408113
09598	1.724880	0.017584	7.153974	0.314117	3.756662	-0.167222	0.262408	0.377143	0.888203	-0.652100	0.747780	-0.124862	-0.711272	-0.546432	0.442158
09599	1.231999	-0.309512	5.855779	0.506485	3.842800	-0.146402	0.290439	0.397041	0.870634	-0.655427	0.745453	-0.121307	-0.697180	-0.535405	0.476740
09600	2.168398	0.008764	6.311812	0.838597	3.782812	-0.282634	0.318350	0.415008	0.852304	-0.660309	0.742176	-0.114747	-0.680180	-0.526254	0.510305
09601	4.505106	0.790233	7.556234	1.024711	3.796882	-0.530230	0.347312	0.431135	0.832765	-0.665593	0.738899	-0.104947	-0.660575	-0.517833	0.543589
