// General information: 
//  MT Manager version: 2022.2.0 
//  XDA version: 2022.2.0 build 7381 rev 124627 built on 2023-07-19
// Device information: 
//  DeviceId: 00B4CB9F
//  ProductCode: MTW2-3A7G6
//  Firmware Version: 4.6.0
//  Hardware Version: 2.0.0
// Device settings: 
//  Filter Profile: human(46.1)
//  Option Flags: Orientation Smoother Disabled, Position/Velocity Smoother Disabled, Continuous Zero Rotation Update Disabled, AHS Disabled, ICC Disabled
// Coordinate system: ENU
PacketCounter	Acc_X	Acc_Y	Acc_Z	Gyr_X	Gyr_Y	Gyr_Z	Mat[1][1]	Mat[2][1]	Mat[3][1]	Mat[1][2]	Mat[2][2]	Mat[3][2]	Mat[1][3]	Mat[2][3]	Mat[3][3]
27307	9.745954	0.680484	-1.336335	0.199739	-0.064438	0.049558	-0.031403	-0.142946	0.989232	-0.688344	0.720702	0.082291	-0.724705	-0.678347	-0.121028
27308	9.753930	0.863589	-1.136183	0.190353	-0.052117	0.048642	-0.032173	-0.142956	0.989206	-0.689732	0.719459	0.081540	-0.723350	-0.679663	-0.121749
27309	9.802195	1.004794	-1.001156	0.151298	-0.044475	0.045244	-0.032865	-0.142924	0.989188	-0.690865	0.718449	0.080853	-0.722237	-0.680738	-0.122353
27310	9.895164	1.036119	-0.810829	0.110072	-0.037518	0.041223	-0.033478	-0.142891	0.989172	-0.691671	0.717738	0.080272	-0.721437	-0.681494	-0.122862
27311	9.857419	1.021023	-0.739694	0.069294	-0.019158	0.037756	-0.033915	-0.142718	0.989182	-0.692172	0.717311	0.079761	-0.720935	-0.681980	-0.123113
27312	9.819247	0.930181	-0.789016	0.034152	-0.007375	0.029508	-0.034229	-0.142563	0.989194	-0.692434	0.717100	0.079388	-0.720669	-0.682234	-0.123262
27313	9.761474	0.871864	-0.778832	0.030333	0.002894	0.023110	-0.034426	-0.142380	0.989213	-0.692846	0.716740	0.079050	-0.720264	-0.682651	-0.123322
27314	9.742799	0.807239	-0.812593	0.030573	0.008901	0.025627	-0.034597	-0.142143	0.989241	-0.693082	0.716547	0.078721	-0.720028	-0.682902	-0.123307
27315	9.741932	0.821640	-0.841783	0.031047	0.014845	0.020117	-0.034652	-0.141867	0.989279	-0.693463	0.716213	0.078418	-0.719659	-0.683311	-0.123198
27316	9.729610	0.792351	-0.994002	0.029127	0.014708	0.015961	-0.034714	-0.141660	0.989307	-0.693692	0.716016	0.078186	-0.719435	-0.683560	-0.123124
27317	9.739114	0.697388	-1.144493	0.031905	0.006948	0.022221	-0.034946	-0.141493	0.989322	-0.693952	0.715799	0.077861	-0.719173	-0.683821	-0.123204
27318	9.727861	0.650513	-1.267674	0.041269	0.000326	0.023561	-0.035165	-0.141330	0.989338	-0.694266	0.715530	0.077539	-0.718859	-0.684137	-0.123282
27319	9.728542	0.610596	-1.288943	0.060571	-0.006363	0.025186	-0.035417	-0.141180	0.989350	-0.694925	0.714932	0.077143	-0.718209	-0.684792	-0.123430
27320	9.678047	0.626590	-1.297213	0.077396	-0.009209	0.025623	-0.035719	-0.141067	0.989355	-0.695497	0.714417	0.076756	-0.717640	-0.685352	-0.123630
27321	9.656305	0.688573	-1.300990	0.090523	-0.011405	0.024434	-0.035933	-0.140914	0.989370	-0.696504	0.713482	0.076324	-0.716653	-0.686358	-0.123784
27322	9.645521	0.774509	-1.232842	0.092287	-0.016337	0.032796	-0.036335	-0.140799	0.989371	-0.697179	0.712874	0.075846	-0.715976	-0.687013	-0.124065
27323	9.655454	0.811387	-1.192596	0.080330	-0.010940	0.034442	-0.036778	-0.140653	0.989376	-0.697608	0.712505	0.075360	-0.715535	-0.687425	-0.124325
27324	9.737205	0.800304	-1.122079	0.071858	-0.011890	0.037446	-0.037181	-0.140475	0.989386	-0.698133	0.712043	0.074861	-0.715002	-0.687940	-0.124545
27325	9.737589	0.852954	-1.052289	0.054140	-0.005581	0.043544	-0.037548	-0.140167	0.989416	-0.698601	0.711642	0.074304	-0.714525	-0.688417	-0.124641
27326	9.718313	0.823032	-1.066177	0.035920	-0.001067	0.044292	-0.037922	-0.139867	0.989444	-0.698867	0.711436	0.073783	-0.714246	-0.688691	-0.124727
27327	9.759207	0.757825	-1.101806	0.025731	-0.007005	0.041517	-0.038329	-0.139618	0.989463	-0.699111	0.711248	0.073279	-0.713985	-0.688936	-0.124870
27328	9.818936	0.697971	-1.175179	0.017480	-0.008358	0.034248	-0.038686	-0.139439	0.989475	-0.699248	0.711155	0.072879	-0.713832	-0.689069	-0.125014
27329	9.790901	0.574586	-1.222118	0.025827	-0.018281	0.027159	-0.039096	-0.139383	0.989466	-0.699452	0.710991	0.072518	-0.713609	-0.689249	-0.125289
27330	9.741478	0.480232	-1.292876	0.055190	-0.025493	0.018843	-0.039467	-0.139432	0.989445	-0.699864	0.710616	0.072224	-0.713185	-0.689626	-0.125629
27331	9.721970	0.415620	-1.329052	0.092640	-0.022076	0.010756	-0.039791	-0.139520	0.989419	-0.700544	0.709974	0.071941	-0.712499	-0.690269	-0.125991
27332	9.671578	0.395364	-1.359460	0.121795	-0.028558	0.014960	-0.040157	-0.139619	0.989391	-0.701430	0.709133	0.071601	-0.711606	-0.691113	-0.126410
27333	9.642662	0.403502	-1.296418	0.146653	-0.030708	0.018262	-0.040557	-0.139707	0.989362	-0.702730	0.707890	0.071153	-0.710300	-0.692368	-0.126886
27334	9.622373	0.506150	-1.201718	0.166506	-0.029907	0.025580	-0.041007	-0.139741	0.989339	-0.703926	0.706751	0.070650	-0.709089	-0.693524	-0.127349
27335	9.701773	0.622789	-1.102897	0.171848	-0.025216	0.035265	-0.041498	-0.139670	0.989328	-0.705272	0.705472	0.070013	-0.707722	-0.694840	-0.127781
27336	9.709785	0.787024	-1.034169	0.157486	-0.015619	0.037909	-0.041933	-0.139519	0.989331	-0.706394	0.704408	0.069397	-0.706575	-0.695948	-0.128094
27337	9.818443	0.854088	-1.021533	0.127701	-0.019748	0.045746	-0.042479	-0.139341	0.989333	-0.707297	0.703568	0.068723	-0.705639	-0.696833	-0.128442
27338	9.868265	0.808244	-1.067271	0.094512	-0.013458	0.041240	-0.042923	-0.139152	0.989340	-0.707971	0.702945	0.068155	-0.704936	-0.697499	-0.128689
27339	9.889543	0.775300	-1.046178	0.073779	-0.016283	0.034444	-0.043340	-0.139033	0.989339	-0.708712	0.702248	0.067641	-0.704166	-0.698224	-0.128969
27340	9.871750	0.618226	-1.090291	0.070565	-0.010079	0.024999	-0.043645	-0.138936	0.989339	-0.709222	0.701769	0.067264	-0.703632	-0.698726	-0.129165
27341	9.782294	0.509918	-1.164241	0.086632	-0.005571	0.013045	-0.043849	-0.138893	0.989336	-0.709980	0.701032	0.066950	-0.702855	-0.699473	-0.129351
27342	9.691399	0.455633	-1.248627	0.117073	-0.009352	0.007467	-0.044025	-0.138915	0.989325	-0.710824	0.700201	0.066686	-0.701991	-0.700300	-0.129570
27343	9.573095	0.397490	-1.236601	0.151126	-0.013780	0.003561	-0.044156	-0.138965	0.989312	-0.712211	0.698821	0.066372	-0.700576	-0.701668	-0.129830
27344	9.623367	0.375055	-1.231537	0.171755	-0.020496	0.015340	-0.044467	-0.139010	0.989292	-0.713431	0.697614	0.065958	-0.699313	-0.702859	-0.130195
27345	9.673883	0.485045	-1.117559	0.169800	-0.024356	0.024392	-0.044803	-0.138980	0.989281	-0.714969	0.696090	0.065411	-0.697720	-0.704374	-0.130554
27346	9.803368	0.562327	-1.062875	0.156809	-0.021083	0.032270	-0.045239	-0.138913	0.989271	-0.716072	0.695007	0.064847	-0.696559	-0.705456	-0.130913
27347	9.801859	0.648056	-1.057126	0.148856	-0.020112	0.040631	-0.045752	-0.138781	0.989266	-0.717160	0.693947	0.064184	-0.695405	-0.706525	-0.131278
27348	9.872013	0.685974	-1.020268	0.137323	-0.014161	0.038613	-0.046185	-0.138622	0.989268	-0.718121	0.693007	0.063583	-0.694384	-0.707478	-0.131554
27349	9.780973	0.665799	-1.084973	0.128170	-0.002506	0.032903	-0.046458	-0.138396	0.989287	-0.719297	0.691840	0.063006	-0.693148	-0.708664	-0.131690
27350	9.731892	0.665020	-1.062635	0.114076	0.001922	0.031628	-0.046730	-0.138173	0.989305	-0.720097	0.691052	0.062503	-0.692298	-0.709475	-0.131791
27351	9.762680	0.615748	-1.068203	0.103024	-0.000824	0.033174	-0.046937	-0.137902	0.989333	-0.721207	0.689943	0.061955	-0.691127	-0.710606	-0.131840
27352	9.802918	0.549496	-1.102171	0.097978	0.001490	0.032689	-0.047219	-0.137675	0.989351	-0.721894	0.689269	0.061462	-0.690391	-0.711304	-0.131934
27353	9.855814	0.456203	-1.053174	0.098217	-0.002332	0.037858	-0.047532	-0.137411	0.989373	-0.722782	0.688389	0.060884	-0.689440	-0.712207	-0.132039
27354	9.825726	0.383622	-1.106645	0.108982	0.004933	0.035668	-0.047813	-0.137139	0.989397	-0.723541	0.687639	0.060347	-0.688624	-0.712984	-0.132104
27355	9.744101	0.346604	-1.198277	0.136527	-0.001161	0.026528	-0.048030	-0.136945	0.989414	-0.724742	0.686419	0.059825	-0.687345	-0.714196	-0.132219
27356	9.673841	0.374456	-1.199570	0.178453	-0.000642	0.016867	-0.048214	-0.136843	0.989419	-0.725984	0.685143	0.059383	-0.686019	-0.715439	-0.132380
27357	9.570875	0.478717	-1.258321	0.210025	-0.005492	0.014785	-0.048381	-0.136778	0.989420	-0.727821	0.683237	0.058861	-0.684059	-0.717272	-0.132606
27358	9.566364	0.612016	-1.345515	0.209521	-0.015819	0.021237	-0.048701	-0.136756	0.989407	-0.729268	0.681738	0.058333	-0.682493	-0.718701	-0.132933
27359	9.735114	0.679938	-1.336453	0.193881	-0.008730	0.033589	-0.049008	-0.136567	0.989418	-0.730918	0.680025	0.057658	-0.680703	-0.720358	-0.133146
27360	9.887406	0.713294	-1.227274	0.155450	-0.000320	0.039957	-0.049360	-0.136307	0.989436	-0.731981	0.678935	0.057015	-0.679535	-0.721434	-0.133286
27361	9.856135	0.692092	-1.293212	0.143412	-0.010390	0.044100	-0.049811	-0.136078	0.989445	-0.733058	0.677831	0.056317	-0.678340	-0.722515	-0.133516
27362	9.796431	0.647909	-1.312623	0.123348	-0.017691	0.032166	-0.050224	-0.135997	0.989435	-0.733903	0.676959	0.055794	-0.677395	-0.723348	-0.133809
27363	9.742195	0.642000	-1.120212	0.108225	0.003622	0.027021	-0.050461	-0.135792	0.989451	-0.734775	0.676052	0.055308	-0.676431	-0.724233	-0.133891
27364	9.735122	0.588081	-1.048591	0.117478	0.015310	0.008262	-0.050475	-0.135635	0.989472	-0.735590	0.675188	0.055029	-0.675543	-0.725069	-0.133852
27365	9.812642	0.415217	-1.212223	0.135555	0.000936	0.004806	-0.050556	-0.135595	0.989474	-0.736698	0.674004	0.054723	-0.674330	-0.726177	-0.133967
27366	9.777006	0.301377	-1.112772	0.134781	-0.006323	0.001631	-0.050668	-0.135640	0.989462	-0.737631	0.673002	0.054486	-0.673301	-0.727097	-0.134152
27367	9.580857	0.188247	-1.046039	0.138740	-0.005754	0.004210	-0.050775	-0.135646	0.989455	-0.738798	0.671746	0.054178	-0.672012	-0.728256	-0.134323
27368	9.662746	0.220162	-0.955916	0.154538	0.000658	0.011458	-0.050913	-0.135575	0.989458	-0.739855	0.670611	0.053817	-0.670837	-0.729315	-0.134448
27369	9.793140	0.414631	-0.844914	0.169092	0.023188	0.010420	-0.050844	-0.135312	0.989498	-0.741255	0.669095	0.053409	-0.669295	-0.730755	-0.134320
27370	9.861865	0.600163	-0.810667	0.173748	0.056737	0.018629	-0.050660	-0.134783	0.989579	-0.742433	0.667824	0.052952	-0.668002	-0.732014	-0.133899
27371	9.786237	0.794864	-0.956173	0.155023	0.084674	0.019816	-0.050297	-0.134033	0.989700	-0.743691	0.666462	0.052463	-0.666629	-0.733392	-0.133200
27372	9.730928	0.862456	-1.161917	0.126013	0.090719	0.018811	-0.049890	-0.133252	0.989826	-0.744546	0.665537	0.052069	-0.665704	-0.734373	-0.132416
27373	9.590738	0.823856	-1.242880	0.107126	0.097465	0.016797	-0.049419	-0.132409	0.989962	-0.745292	0.664731	0.051704	-0.664904	-0.735256	-0.131533
27374	9.528184	0.689209	-1.450729	0.066431	0.047003	0.010771	-0.049243	-0.132002	0.990026	-0.745754	0.664231	0.051470	-0.664399	-0.735781	-0.131150
27375	9.624333	0.339833	-1.770419	0.025445	-0.016740	0.026684	-0.049539	-0.131920	0.990022	-0.746291	0.663656	0.051089	-0.663774	-0.736313	-0.131328
27376	9.523332	-0.059738	-1.961649	0.015947	-0.109956	0.045062	-0.050662	-0.132441	0.989895	-0.746400	0.663573	0.050582	-0.663566	-0.736295	-0.132472
27377	9.571198	-0.253339	-1.644815	0.030031	-0.161958	0.064165	-0.052171	-0.133171	0.989719	-0.747014	0.662938	0.049824	-0.662758	-0.736735	-0.134067
27378	9.668371	0.035684	-1.196746	0.159054	-0.129062	0.040762	-0.053387	-0.133863	0.989561	-0.748072	0.661794	0.049166	-0.661467	-0.737637	-0.135470
27379	9.510530	0.369006	-1.330365	0.208266	-0.120101	0.020205	-0.054298	-0.134581	0.989414	-0.749805	0.659871	0.048608	-0.659427	-0.739228	-0.136739
27380	9.400962	0.583151	-1.542862	0.209601	-0.147464	0.011121	-0.055409	-0.135610	0.989212	-0.751205	0.658309	0.048169	-0.657739	-0.740432	-0.138347
27381	9.649567	0.915234	-1.717005	0.187434	-0.188747	0.012759	-0.056780	-0.136909	0.988955	-0.752560	0.656792	0.047717	-0.656071	-0.741539	-0.140325
27382	10.019658	1.121075	-1.558121	0.129188	-0.187623	0.012834	-0.058163	-0.138227	0.988691	-0.753425	0.655825	0.047367	-0.654956	-0.742150	-0.142289
27383	10.187969	1.169570	-1.253334	0.034936	-0.133115	0.020790	-0.059160	-0.139052	0.988516	-0.754026	0.655159	0.047033	-0.654175	-0.742584	-0.143608
27384	9.821008	0.908096	-1.237091	-0.024041	-0.102606	0.035237	-0.060154	-0.139594	0.988380	-0.753873	0.655360	0.046678	-0.654261	-0.742305	-0.144658
27385	9.648595	0.602199	-1.361388	-0.051093	-0.106456	0.039157	-0.061123	-0.140106	0.988248	-0.753883	0.655376	0.046287	-0.654159	-0.742194	-0.145682
27386	9.636477	0.302729	-1.202055	-0.100004	-0.078984	0.063720	-0.062176	-0.140285	0.988157	-0.753215	0.656180	0.045762	-0.654829	-0.741450	-0.146464
27387	9.547193	-0.060721	-1.239925	-0.099571	-0.092104	0.068365	-0.063348	-0.140523	0.988049	-0.752648	0.656872	0.045166	-0.655368	-0.740792	-0.147376
27388	9.573110	-0.211125	-1.338417	-0.062093	-0.117765	0.050393	-0.064556	-0.141074	0.987892	-0.752235	0.657376	0.044719	-0.655725	-0.740240	-0.148558
27389	9.674797	-0.252115	-1.505931	-0.014077	-0.126458	0.032884	-0.065538	-0.141741	0.987732	-0.752565	0.657023	0.044349	-0.655248	-0.740426	-0.149729
27390	9.749380	-0.237863	-1.590284	0.083861	-0.132617	0.011481	-0.066549	-0.142658	0.987532	-0.753133	0.656391	0.044069	-0.654494	-0.740810	-0.151123
27391	9.768372	0.022219	-1.767142	0.173472	-0.128596	0.002594	-0.067409	-0.143590	0.987339	-0.754593	0.654736	0.043701	-0.652722	-0.742093	-0.152487
27392	9.785192	0.409460	-1.751518	0.216884	-0.122422	-0.002878	-0.068241	-0.144528	0.987145	-0.756035	0.653094	0.043355	-0.650965	-0.743357	-0.153836
27393	9.941737	0.693215	-1.753048	0.202888	-0.107364	0.003090	-0.068976	-0.145312	0.986979	-0.757667	0.651228	0.042930	-0.648987	-0.744840	-0.155017
27394	9.968927	0.993802	-1.548104	0.139191	-0.060120	0.013382	-0.069523	-0.145684	0.986885	-0.758586	0.650183	0.042540	-0.647853	-0.745680	-0.155716
27395	9.686065	1.081056	-1.401349	0.057541	-0.004104	0.026875	-0.069677	-0.145512	0.986900	-0.759400	0.649260	0.042114	-0.646882	-0.746517	-0.155741
27396	9.597529	1.055334	-1.178528	-0.024799	0.019710	0.033821	-0.069863	-0.145156	0.986939	-0.759242	0.649466	0.041777	-0.647048	-0.746407	-0.155582
27397	9.372284	0.860080	-1.119152	-0.105509	0.033228	0.043520	-0.070071	-0.144653	0.986998	-0.758650	0.650179	0.041430	-0.647719	-0.745883	-0.155300
27398	9.329458	0.576766	-1.417075	-0.132081	-0.044893	0.033657	-0.070673	-0.144779	0.986937	-0.757797	0.651185	0.041261	-0.648652	-0.744981	-0.155735
27399	9.507018	0.241989	-1.680957	-0.133915	-0.085583	0.017394	-0.071339	-0.145293	0.986813	-0.757223	0.651853	0.041234	-0.649249	-0.744296	-0.156522
27400	9.742449	-0.053830	-1.763178	-0.119790	-0.104734	0.008780	-0.072142	-0.146025	0.986647	-0.756465	0.652729	0.041294	-0.650043	-0.743385	-0.157552
27401	9.968265	-0.203153	-1.625830	-0.061882	-0.091672	0.004596	-0.072673	-0.146661	0.986514	-0.756660	0.652506	0.041264	-0.649757	-0.743456	-0.158392
27402	10.073313	-0.065056	-1.498189	-0.002250	-0.045592	-0.006105	-0.072979	-0.147050	0.986433	-0.756676	0.652485	0.041286	-0.649704	-0.743397	-0.158887
27403	10.009502	0.092622	-1.365980	0.025921	0.019825	-0.012608	-0.072811	-0.146989	0.986455	-0.756966	0.652147	0.041302	-0.649385	-0.743706	-0.158749
27404	9.820970	0.180405	-1.540356	0.016324	0.063702	-0.019858	-0.072303	-0.146655	0.986542	-0.757113	0.651968	0.041430	-0.649270	-0.743928	-0.158174
27405	9.799163	0.224371	-1.588546	-0.002956	0.088113	-0.027238	-0.071588	-0.146171	0.986666	-0.757118	0.651948	0.041651	-0.649343	-0.744041	-0.157341
27406	9.629915	0.133230	-1.806688	0.011238	0.063675	-0.039547	-0.070931	-0.145966	0.986743	-0.757246	0.651779	0.041981	-0.649266	-0.744230	-0.156764
27407	9.599591	0.030649	-2.040695	0.050219	0.027643	-0.054906	-0.070458	-0.146123	0.986754	-0.757439	0.651528	0.042397	-0.649093	-0.744419	-0.156585
27408	9.532730	-0.075012	-2.201205	0.050492	0.002752	-0.064197	-0.070010	-0.146531	0.986725	-0.757838	0.651030	0.042910	-0.648676	-0.744774	-0.156626
27409	9.507880	-0.143969	-2.310395	0.051076	-0.009571	-0.055097	-0.069666	-0.146964	0.986685	-0.758482	0.650254	0.043300	-0.647960	-0.745366	-0.156770
27410	9.724711	-0.165934	-2.162908	0.059869	-0.010519	-0.041745	-0.069474	-0.147325	0.986645	-0.758925	0.649718	0.043576	-0.647461	-0.745762	-0.156947
27411	9.949563	-0.024628	-2.034576	0.039809	0.004425	-0.026471	-0.069266	-0.147461	0.986639	-0.759413	0.649140	0.043705	-0.646911	-0.746239	-0.156947
27412	10.045400	0.056517	-1.905649	0.024101	0.035066	-0.013889	-0.068990	-0.147300	0.986683	-0.759605	0.648911	0.043762	-0.646715	-0.746470	-0.156658
27413	10.148928	0.232013	-1.405478	-0.009032	0.090368	-0.004580	-0.068348	-0.146651	0.986824	-0.759885	0.648583	0.043756	-0.646455	-0.746882	-0.155767
27414	9.837346	0.498132	-1.219221	-0.039719	0.110468	-0.013460	-0.067587	-0.145924	0.986984	-0.759664	0.648832	0.043908	-0.646794	-0.746809	-0.154706
27415	9.658358	0.682388	-1.191395	-0.051742	0.116936	-0.038690	-0.066553	-0.145284	0.987149	-0.759480	0.649020	0.044316	-0.647117	-0.746771	-0.153534
27416	9.584750	0.763376	-1.274069	-0.074442	0.121922	-0.055654	-0.065397	-0.144746	0.987305	-0.759062	0.649466	0.044938	-0.647726	-0.746487	-0.152344
27417	9.536101	0.637563	-1.512038	-0.098798	0.104078	-0.061129	-0.064345	-0.144376	0.987429	-0.758478	0.650100	0.045628	-0.648514	-0.746007	-0.151337
27418	9.809859	0.443468	-1.473434	-0.116815	0.127539	-0.065166	-0.063080	-0.143859	0.987586	-0.757788	0.650848	0.046406	-0.649444	-0.745454	-0.150070
27419	9.521243	0.186005	-1.550768	-0.155323	0.149213	-0.063485	-0.061551	-0.143141	0.987787	-0.757322	0.651333	0.047195	-0.650134	-0.745168	-0.148494
27420	9.355061	-0.144074	-1.842211	-0.124271	0.102322	-0.080814	-0.060329	-0.142916	0.987894	-0.756591	0.652115	0.048135	-0.651100	-0.744528	-0.147470
27421	9.355954	-0.287701	-1.905187	-0.065161	0.088593	-0.085754	-0.059100	-0.142806	0.987985	-0.756483	0.652174	0.049015	-0.651337	-0.744497	-0.146574
27422	9.262634	-0.305642	-2.040706	0.016151	0.047135	-0.085569	-0.058202	-0.143023	0.988006	-0.756666	0.651902	0.049795	-0.651205	-0.744693	-0.146163
27423	9.405788	-0.101407	-2.161389	0.091053	0.014219	-0.085602	-0.057489	-0.143468	0.987984	-0.757482	0.650905	0.050443	-0.650320	-0.745480	-0.146094
27424	9.580604	0.156600	-2.201901	0.119081	0.022113	-0.078895	-0.056803	-0.143826	0.987971	-0.758328	0.649874	0.051007	-0.649393	-0.746309	-0.145982
27425	9.405586	0.390351	-2.257958	0.126817	0.002495	-0.074546	-0.056217	-0.144287	0.987938	-0.759498	0.648469	0.051490	-0.648076	-0.747442	-0.146041
27426	9.495606	0.542314	-2.176173	0.127134	-0.027304	-0.079474	-0.055846	-0.145017	0.987852	-0.760394	0.647374	0.052048	-0.647057	-0.748250	-0.146423
27427	9.693801	0.614580	-2.157459	0.099064	-0.029153	-0.078027	-0.055435	-0.145730	0.987770	-0.761372	0.646178	0.052605	-0.645941	-0.749144	-0.146776
27428	9.634467	0.681354	-2.091655	0.068406	-0.027226	-0.072157	-0.055117	-0.146411	0.987687	-0.761881	0.645530	0.053175	-0.645367	-0.749570	-0.147127
27429	9.714331	0.707878	-1.802298	0.029697	-0.005720	-0.064840	-0.054641	-0.146866	0.987646	-0.762414	0.644857	0.053712	-0.644779	-0.750060	-0.147209
27430	9.580343	0.665890	-1.666034	-0.025312	-0.000595	-0.050042	-0.054319	-0.147204	0.987614	-0.762306	0.644943	0.054201	-0.644933	-0.749919	-0.147247
27431	9.769656	0.458536	-1.507190	-0.068821	-0.012735	-0.050491	-0.053978	-0.147611	0.987571	-0.762237	0.644979	0.054742	-0.645043	-0.749809	-0.147330
27432	9.908502	0.309185	-1.339126	-0.093918	-0.012315	-0.051231	-0.053723	-0.148044	0.987520	-0.761687	0.645577	0.055345	-0.645714	-0.749208	-0.147446
27433	9.880615	0.293685	-1.291435	-0.085497	-0.001646	-0.062954	-0.053275	-0.148465	0.987482	-0.761380	0.645880	0.056029	-0.646113	-0.748864	-0.147447
27434	9.802115	0.298344	-1.251741	-0.051003	-0.015061	-0.082421	-0.052801	-0.149120	0.987408	-0.761123	0.646109	0.056876	-0.646455	-0.748536	-0.147614
27435	9.920849	0.356048	-0.986744	-0.039632	0.023652	-0.094149	-0.051921	-0.149539	0.987392	-0.761140	0.646006	0.057812	-0.646506	-0.748541	-0.147362
27436	9.747299	0.487831	-1.013316	-0.015956	0.044594	-0.098181	-0.050941	-0.149850	0.987396	-0.761116	0.645949	0.058763	-0.646613	-0.748529	-0.146958
27437	9.830039	0.565088	-1.152537	-0.014132	0.054709	-0.096945	-0.049817	-0.150052	0.987422	-0.761431	0.645494	0.059676	-0.646329	-0.748881	-0.146411
27438	9.630899	0.582638	-1.133543	0.004934	0.058731	-0.099215	-0.048738	-0.150263	0.987444	-0.761540	0.645278	0.060607	-0.646282	-0.749025	-0.145881
27439	9.584745	0.567673	-1.043123	0.029567	0.035611	-0.110255	-0.047559	-0.150686	0.987437	-0.762387	0.644184	0.061584	-0.645371	-0.749881	-0.145518
27440	9.669412	0.554584	-1.188842	0.031208	0.024523	-0.111974	-0.046603	-0.151233	0.987399	-0.762671	0.643750	0.062603	-0.645106	-0.750143	-0.145342
27441	9.769067	0.542438	-1.200903	-0.006645	0.047863	-0.110963	-0.045480	-0.151578	0.987398	-0.762809	0.643484	0.063648	-0.645022	-0.750302	-0.144891
27442	9.662793	0.533480	-1.391260	0.002207	0.035621	-0.109312	-0.044471	-0.152024	0.987376	-0.762902	0.643271	0.064682	-0.644983	-0.750394	-0.144587
27443	9.781006	0.524217	-1.441993	0.006025	0.019176	-0.118519	-0.043356	-0.152605	0.987336	-0.763460	0.642497	0.065781	-0.644399	-0.750939	-0.144364
27444	9.988673	0.487425	-1.529168	0.003405	0.038073	-0.119166	-0.042256	-0.153095	0.987308	-0.763562	0.642258	0.066911	-0.644350	-0.751043	-0.144037
27445	9.620374	0.349417	-1.920251	0.048135	0.017792	-0.119728	-0.041152	-0.153706	0.987259	-0.764399	0.641151	0.067958	-0.643428	-0.751864	-0.143877
27446	9.743319	0.296505	-1.879503	0.060376	-0.011307	-0.117913	-0.040378	-0.154557	0.987158	-0.764865	0.640485	0.068993	-0.642923	-0.752258	-0.144077
27447	9.489464	0.358912	-1.938296	0.064846	-0.007513	-0.097660	-0.039742	-0.155247	0.987076	-0.765460	0.639688	0.069791	-0.642255	-0.752793	-0.144258
27448	9.304081	0.565956	-1.877521	0.091686	-0.048274	-0.083921	-0.039465	-0.156158	0.986943	-0.766111	0.638836	0.070444	-0.641495	-0.753328	-0.144846
27449	9.672283	0.867030	-1.022422	0.037816	-0.010581	-0.081361	-0.038819	-0.156730	0.986878	-0.766885	0.637831	0.071131	-0.640610	-0.754061	-0.144954
27450	9.589460	1.124005	-0.827162	-0.004544	0.011902	-0.071382	-0.038251	-0.157106	0.986841	-0.766913	0.637722	0.071800	-0.640610	-0.754074	-0.144880
27451	9.771151	1.046976	-0.836810	-0.057738	-0.001462	-0.076686	-0.037564	-0.157572	0.986793	-0.767156	0.637342	0.072569	-0.640360	-0.754298	-0.144823
27452	9.907029	0.883305	-0.827900	-0.091289	-0.008297	-0.076770	-0.037083	-0.158135	0.986721	-0.766630	0.637878	0.073417	-0.641017	-0.753727	-0.144885
27453	9.961519	0.619829	-0.977175	-0.082347	-0.036782	-0.082417	-0.036648	-0.158918	0.986611	-0.766474	0.637965	0.074289	-0.641229	-0.753489	-0.145187
27454	10.077491	0.407600	-1.032599	-0.022731	-0.039410	-0.099512	-0.036194	-0.159860	0.986476	-0.766395	0.637946	0.075261	-0.641349	-0.753306	-0.145605
27455	9.969077	0.256559	-1.161509	0.049802	-0.017604	-0.116832	-0.035419	-0.160730	0.986363	-0.767019	0.637075	0.076270	-0.640646	-0.753857	-0.145848
27456	9.744114	0.202470	-1.370961	0.166312	-0.012138	-0.128363	-0.034567	-0.161649	0.986243	-0.768159	0.635582	0.077251	-0.639326	-0.754920	-0.146142
27457	9.766816	0.177638	-1.598897	0.254755	-0.008437	-0.136219	-0.033439	-0.162532	0.986136	-0.770413	0.632736	0.078162	-0.636668	-0.757118	-0.146375
27458	10.021398	0.222991	-1.423083	0.329780	0.075767	-0.135844	-0.031965	-0.162826	0.986137	-0.772583	0.629983	0.078977	-0.634109	-0.759348	-0.145934
27459	9.721688	0.650293	-1.470741	0.374002	0.168840	-0.109279	-0.030224	-0.162255	0.986286	-0.774767	0.627236	0.079445	-0.631525	-0.761740	-0.144667
27460	9.136015	1.014495	-1.477259	0.336721	0.057934	-0.104607	-0.029102	-0.162478	0.986283	-0.776950	0.624466	0.079948	-0.628889	-0.763966	-0.144411
27461	9.602408	1.119067	-0.832434	0.249031	0.063049	-0.084910	-0.028140	-0.162528	0.986303	-0.778547	0.622421	0.080353	-0.626955	-0.765622	-0.144051
27462	9.705707	1.279266	-0.786101	0.191748	0.054408	-0.081194	-0.027221	-0.162627	0.986312	-0.779800	0.620787	0.080836	-0.625436	-0.766926	-0.143715
27463	9.812428	1.209855	-0.671250	0.117868	0.051990	-0.083571	-0.026253	-0.162732	0.986321	-0.780791	0.619464	0.081422	-0.624241	-0.767973	-0.143323
27464	9.937073	1.004697	-0.522573	0.070740	0.042901	-0.093310	-0.025312	-0.162992	0.986303	-0.781287	0.618736	0.082199	-0.623659	-0.768505	-0.143005
27465	9.871680	0.825155	-0.655371	0.077647	0.028294	-0.112415	-0.024320	-0.163459	0.986250	-0.781858	0.617889	0.083128	-0.622982	-0.769086	-0.142828
27466	9.763968	0.684486	-0.808711	0.126009	0.011523	-0.133322	-0.023260	-0.164204	0.986152	-0.782705	0.616669	0.084220	-0.621958	-0.769907	-0.142867
27467	9.744804	0.645057	-1.150691	0.165775	0.003649	-0.148548	-0.021880	-0.165027	0.986046	-0.784497	0.614225	0.085390	-0.619746	-0.771682	-0.142903
27468	9.799497	0.612837	-1.361743	0.215302	0.013507	-0.155359	-0.020631	-0.165887	0.985929	-0.785893	0.612272	0.086572	-0.618018	-0.773049	-0.143001
27469	9.596739	0.702394	-1.599539	0.271063	0.004953	-0.149305	-0.019291	-0.166705	0.985818	-0.788165	0.609199	0.087594	-0.615161	-0.775298	-0.143143
27470	9.449853	0.895323	-1.760029	0.290749	-0.018369	-0.139057	-0.018361	-0.167705	0.985666	-0.790007	0.606676	0.088506	-0.612823	-0.777058	-0.143627
27471	9.676792	1.278080	-1.431530	0.276931	-0.006378	-0.123817	-0.017341	-0.168460	0.985556	-0.792164	0.603746	0.089259	-0.610062	-0.779174	-0.143918
27472	9.812846	1.509180	-1.403691	0.206809	0.041157	-0.100602	-0.016347	-0.168758	0.985522	-0.793471	0.601930	0.089911	-0.608388	-0.780513	-0.143744
27473	9.645081	1.473300	-1.391799	0.141059	0.039365	-0.094596	-0.015269	-0.168975	0.985502	-0.794766	0.600118	0.090583	-0.606723	-0.781861	-0.143459
27474	9.742878	1.366870	-1.031175	0.072965	0.035028	-0.098007	-0.014332	-0.169301	0.985460	-0.795254	0.599347	0.091402	-0.606107	-0.782381	-0.143227
27475	9.773396	1.311305	-0.795766	0.017735	0.023317	-0.105801	-0.013378	-0.169746	0.985397	-0.795566	0.598788	0.092347	-0.605720	-0.782713	-0.143055
27476	9.713401	1.004311	-0.772237	-0.022981	0.014857	-0.114723	-0.012429	-0.170329	0.985309	-0.795472	0.598739	0.093468	-0.605863	-0.782624	-0.142934
27477	9.754452	0.730539	-0.666170	-0.049337	0.025568	-0.125734	-0.011248	-0.170848	0.985233	-0.795489	0.598522	0.094707	-0.605864	-0.782677	-0.142640
27478	9.790971	0.621515	-0.694549	-0.028410	0.080555	-0.124967	-0.009820	-0.170978	0.985226	-0.795361	0.598496	0.095936	-0.606057	-0.782668	-0.141866
27479	9.694565	0.699762	-0.745545	0.012213	0.115456	-0.127159	-0.008053	-0.170795	0.985274	-0.795787	0.597739	0.097112	-0.605523	-0.783286	-0.140730
27480	9.672850	0.685299	-0.856485	0.069222	0.120570	-0.133100	-0.006318	-0.170657	0.985310	-0.796247	0.596935	0.098285	-0.604939	-0.783929	-0.139656
27481	9.540990	0.566246	-1.248292	0.154561	0.103476	-0.137356	-0.004639	-0.170648	0.985321	-0.797257	0.595405	0.099365	-0.603622	-0.785094	-0.138812
27482	9.672339	0.515741	-1.366744	0.229897	0.084044	-0.152925	-0.002966	-0.170909	0.985282	-0.798680	0.593302	0.100511	-0.601749	-0.786627	-0.138261
27483	9.519508	0.581719	-1.702771	0.300947	0.075942	-0.157332	-0.001217	-0.171197	0.985236	-0.800782	0.590280	0.101579	-0.598955	-0.788835	-0.137809
27484	9.374998	1.031067	-1.755352	0.343290	0.047169	-0.143976	0.000166	-0.171685	0.985152	-0.802865	0.587286	0.102483	-0.596161	-0.790961	-0.137742
27485	9.619135	1.496438	-1.379603	0.307016	0.056699	-0.110548	0.001398	-0.171849	0.985122	-0.804932	0.584346	0.103078	-0.593366	-0.793100	-0.137510
27486	9.505731	1.663542	-1.383012	0.248941	0.044820	-0.088150	0.002320	-0.172021	0.985091	-0.806436	0.582182	0.103562	-0.591317	-0.794652	-0.137373
27487	9.395593	1.667173	-1.358510	0.088497	0.024438	-0.075253	0.003051	-0.172242	0.985050	-0.807087	0.581179	0.104123	-0.590424	-0.795339	-0.137241
27488	9.568149	1.669013	-1.237680	-0.080525	0.028147	-0.066078	0.003697	-0.172416	0.985017	-0.806640	0.581669	0.104842	-0.591031	-0.794942	-0.136927
27489	9.925202	1.373025	-1.093313	-0.226991	0.042247	-0.064369	0.004396	-0.172443	0.985010	-0.805360	0.583284	0.105708	-0.592769	-0.793752	-0.136314
27490	10.020369	0.918434	-1.162558	-0.318927	0.072801	-0.066807	0.005312	-0.172269	0.985036	-0.803494	0.585662	0.106757	-0.595289	-0.792037	-0.135306
27491	9.841924	0.587683	-1.429147	-0.323291	0.074815	-0.093830	0.006392	-0.172228	0.985036	-0.801533	0.588110	0.108029	-0.597916	-0.790230	-0.134287
27492	9.799268	0.252344	-1.504570	-0.293314	0.060309	-0.124702	0.007698	-0.172499	0.984980	-0.799800	0.590175	0.109608	-0.600218	-0.788630	-0.133422
27493	9.480980	0.053811	-1.811993	-0.151840	0.044403	-0.158251	0.009051	-0.173114	0.984860	-0.798611	0.591465	0.111305	-0.601779	-0.787528	-0.132897
27494	9.527798	0.258445	-1.697647	-0.025047	0.019224	-0.181506	0.010562	-0.174048	0.984680	-0.798475	0.591312	0.113083	-0.601936	-0.787437	-0.132728
27495	9.619888	0.598136	-1.680797	0.073371	0.029893	-0.189935	0.012196	-0.174922	0.984507	-0.798826	0.590503	0.114813	-0.601438	-0.787850	-0.132530
27496	9.508292	0.683315	-1.905683	0.117460	0.022190	-0.174439	0.013670	-0.175788	0.984333	-0.799542	0.589236	0.116333	-0.600455	-0.788606	-0.132495
27497	9.621032	0.687328	-1.783961	0.090571	0.023724	-0.151602	0.014980	-0.176470	0.984192	-0.800142	0.588161	0.117639	-0.599623	-0.789256	-0.132390
27498	9.572232	0.936941	-1.590772	0.067192	0.002076	-0.121110	0.015908	-0.177178	0.984050	-0.800558	0.587381	0.118700	-0.599044	-0.789678	-0.132497
27499	9.526212	0.896530	-1.555321	0.033505	-0.051796	-0.096871	0.016466	-0.178088	0.983877	-0.801167	0.586378	0.119546	-0.598214	-0.790218	-0.133023
27500	9.745965	0.801357	-1.486694	0.008142	-0.087658	-0.087051	0.016585	-0.179304	0.983654	-0.801234	0.586123	0.120350	-0.598121	-0.790133	-0.133944
27501	9.707856	0.865054	-1.527185	0.042962	-0.096606	-0.087932	0.016775	-0.180524	0.983428	-0.801777	0.585225	0.121104	-0.597388	-0.790521	-0.134923
27502	9.519031	1.098229	-1.304698	0.066699	-0.106075	-0.102738	0.016912	-0.181976	0.983158	-0.802190	0.584475	0.121981	-0.596829	-0.790742	-0.136095
27503	9.635357	1.381749	-1.100267	0.029690	-0.098508	-0.110263	0.017149	-0.183379	0.982893	-0.802428	0.583946	0.122948	-0.596502	-0.790809	-0.137135
27504	9.742338	1.566650	-1.250939	-0.031851	-0.083980	-0.104555	0.017433	-0.184667	0.982647	-0.802253	0.583969	0.123977	-0.596730	-0.790492	-0.137969
27505	9.745594	1.433353	-1.578033	-0.051489	-0.085782	-0.100614	0.017727	-0.185898	0.982409	-0.802081	0.583991	0.124980	-0.596952	-0.790187	-0.138753
27506	9.648713	1.034336	-1.764101	-0.031753	-0.100204	-0.099945	0.017876	-0.187286	0.982143	-0.801907	0.584020	0.125963	-0.597182	-0.789839	-0.139746
27507	9.569259	0.970923	-1.910280	0.024762	-0.106409	-0.104248	0.018152	-0.188674	0.981872	-0.802440	0.583088	0.126880	-0.596457	-0.790197	-0.140815
27508	9.415034	1.226526	-2.109816	0.110922	-0.113982	-0.106782	0.018277	-0.190209	0.981573	-0.803115	0.581973	0.127729	-0.595544	-0.790650	-0.142123
27509	9.428268	1.485079	-2.023345	0.124774	-0.134389	-0.102607	0.018253	-0.191850	0.981254	-0.803949	0.580653	0.128482	-0.594418	-0.791224	-0.143639
27510	9.609911	1.427640	-1.761769	0.066614	-0.162204	-0.103168	0.018066	-0.193745	0.980886	-0.804359	0.579891	0.129355	-0.593869	-0.791321	-0.145364
27511	9.548906	1.175504	-1.598963	0.003141	-0.171656	-0.103225	0.017866	-0.195670	0.980507	-0.804554	0.579412	0.130288	-0.593611	-0.791199	-0.147075
27512	9.549236	0.687989	-1.293028	-0.051390	-0.182347	-0.100026	0.017535	-0.197704	0.980105	-0.804264	0.579585	0.131301	-0.594013	-0.790566	-0.148844
27513	9.467738	0.499129	-1.028983	-0.052290	-0.183708	-0.085787	0.017103	-0.199631	0.979722	-0.804058	0.579677	0.132154	-0.594304	-0.790014	-0.150601
27514	9.529404	0.875761	-0.698764	-0.054733	-0.190573	-0.082663	0.016581	-0.201628	0.979322	-0.803752	0.579908	0.133003	-0.594733	-0.789337	-0.152443
27515	9.692532	1.426980	-0.624311	-0.074007	-0.196941	-0.077652	0.015832	-0.203660	0.978914	-0.803036	0.580715	0.133803	-0.595720	-0.788221	-0.154352
27516	9.652058	1.812135	-0.561752	-0.148357	-0.205468	-0.088162	0.015260	-0.205803	0.978475	-0.802171	0.581667	0.134853	-0.596899	-0.786962	-0.156212
27517	9.625389	2.133720	-0.336549	-0.265452	-0.194285	-0.095895	0.014869	-0.207870	0.978043	-0.800666	0.583430	0.136173	-0.598926	-0.785111	-0.157759
27518	9.616409	2.080321	-0.636391	-0.355837	-0.193051	-0.107501	0.014516	-0.210024	0.977589	-0.798547	0.585960	0.137744	-0.601757	-0.782650	-0.159208
27519	9.817670	1.709278	-0.637763	-0.378756	-0.186582	-0.114615	0.014296	-0.212120	0.977139	-0.796410	0.588472	0.139399	-0.604589	-0.780196	-0.160522
27520	9.741060	1.322026	-1.241457	-0.296161	-0.169034	-0.107675	0.014075	-0.214084	0.976714	-0.794634	0.590515	0.140884	-0.606926	-0.778113	-0.161807
27521	9.482075	1.130635	-2.199954	-0.115154	-0.186524	-0.096482	0.013490	-0.216120	0.976274	-0.793623	0.591622	0.141935	-0.608260	-0.776708	-0.163536
27522	9.828940	1.220413	-2.220317	0.062290	-0.203974	-0.089395	0.012906	-0.218244	0.975809	-0.794024	0.590910	0.142661	-0.607750	-0.776657	-0.165665
27523	9.082775	1.449559	-2.788037	0.257898	-0.257598	-0.079495	0.011836	-0.220713	0.975267	-0.795425	0.588954	0.142940	-0.605937	-0.777443	-0.168590
27524	9.287700	1.865884	-2.271761	0.315142	-0.288196	-0.049735	0.010435	-0.223259	0.974703	-0.797359	0.586357	0.142844	-0.603416	-0.778679	-0.171899
27525	9.404706	2.469322	-1.897748	0.335786	-0.257455	-0.008675	0.008896	-0.225301	0.974249	-0.799434	0.583664	0.142275	-0.600688	-0.780113	-0.174921
27526	9.516025	2.707327	-1.241867	0.251184	-0.243532	0.030395	0.007138	-0.227037	0.973860	-0.800976	0.581737	0.141492	-0.598654	-0.781048	-0.177698
27527	9.610821	2.806871	-0.692482	0.127055	-0.196322	0.058658	0.005368	-0.228233	0.973592	-0.801637	0.581035	0.140628	-0.597787	-0.781222	-0.179841
27528	9.524215	2.685085	-0.711764	0.031736	-0.176717	0.065452	0.003734	-0.229245	0.973362	-0.801862	0.580902	0.139889	-0.597497	-0.781024	-0.181654
27529	9.638584	2.388867	-0.446583	-0.053505	-0.161071	0.052814	0.002239	-0.230218	0.973136	-0.801360	0.581699	0.139458	-0.598178	-0.780145	-0.183185
27530	9.613914	2.112922	-0.547877	-0.088678	-0.136344	0.044222	0.001015	-0.231036	0.972945	-0.800863	0.582458	0.139146	-0.598847	-0.779336	-0.184437
27531	9.507517	1.838296	-1.069315	-0.037898	-0.125012	0.038371	-0.000155	-0.231780	0.972768	-0.800541	0.582988	0.138780	-0.599279	-0.778719	-0.185640
27532	9.399207	1.807728	-1.623296	0.036497	-0.122023	0.021467	-0.001112	-0.232617	0.972568	-0.800792	0.582719	0.138458	-0.598942	-0.778670	-0.186925
27533	9.165600	1.823884	-2.539839	0.108456	-0.171322	0.025609	-0.002414	-0.233807	0.972280	-0.801395	0.582006	0.137967	-0.598131	-0.778847	-0.188777
27534	9.037717	1.748599	-3.080184	0.116024	-0.243822	0.031959	-0.004181	-0.235532	0.971858	-0.802120	0.581143	0.137391	-0.597148	-0.778972	-0.191355
27535	9.108889	1.612655	-3.186786	0.067235	-0.293319	0.070196	-0.006635	-0.237405	0.971388	-0.802442	0.580911	0.136492	-0.596693	-0.778577	-0.194358
27536	9.058007	1.578829	-3.389799	0.024056	-0.353910	0.125945	-0.009811	-0.239439	0.970862	-0.802607	0.580990	0.135176	-0.596427	-0.777895	-0.197876
27537	9.293409	1.641920	-2.823777	-0.079864	-0.376519	0.178161	-0.013631	-0.241351	0.970342	-0.801876	0.582365	0.133586	-0.597335	-0.776273	-0.201472
27538	9.419213	1.881741	-2.526277	-0.183773	-0.365351	0.222050	-0.017649	-0.242900	0.969891	-0.800774	0.584294	0.131759	-0.598706	-0.774338	-0.204821
27539	9.531841	1.877265	-1.834242	-0.326457	-0.372684	0.245288	-0.021958	-0.244355	0.969437	-0.798667	0.587562	0.130010	-0.601373	-0.771403	-0.208060
27540	9.726914	1.742646	-0.902061	-0.433909	-0.352420	0.233421	-0.025999	-0.245703	0.968997	-0.796026	0.591440	0.128610	-0.604703	-0.768003	-0.210962
27541	9.926126	1.408895	-0.483592	-0.477740	-0.305688	0.202209	-0.029599	-0.246862	0.968598	-0.792847	0.595902	0.127647	-0.608701	-0.764173	-0.213362
27542	9.962403	1.242276	-0.119522	-0.436595	-0.249215	0.168664	-0.032509	-0.247765	0.968275	-0.790162	0.599616	0.126903	-0.612035	-0.760968	-0.215268
27543	10.083921	1.348775	0.165665	-0.353954	-0.151799	0.134363	-0.034576	-0.248101	0.968117	-0.787941	0.602658	0.126303	-0.614779	-0.758452	-0.216326
27544	9.621510	1.414186	-1.015232	-0.198489	-0.134475	0.101680	-0.036258	-0.248516	0.967949	-0.786715	0.604382	0.125703	-0.616250	-0.756943	-0.217425
27545	9.603776	1.267331	-1.789888	-0.103803	-0.160701	0.075520	-0.038055	-0.249274	0.967685	-0.785716	0.605795	0.125153	-0.617416	-0.755563	-0.218912
27546	9.280908	1.197438	-2.773813	0.021638	-0.171959	0.085170	-0.039839	-0.250067	0.967408	-0.785848	0.605812	0.124235	-0.617135	-0.755287	-0.220650
27547	9.181099	1.111311	-3.535710	0.131778	-0.241478	0.093145	-0.042174	-0.251311	0.966987	-0.786553	0.605156	0.122970	-0.616081	-0.755400	-0.223191
27548	9.214137	0.754450	-3.582972	0.108736	-0.258275	0.117015	-0.044739	-0.252565	0.966545	-0.787203	0.604597	0.121548	-0.615069	-0.755429	-0.225868
27549	9.117121	0.858465	-3.922645	0.102835	-0.275194	0.146250	-0.047836	-0.253757	0.966084	-0.787390	0.604693	0.119844	-0.614596	-0.754953	-0.228732
27550	9.255467	0.872529	-3.693963	0.076769	-0.315225	0.160898	-0.051094	-0.255173	0.965544	-0.787813	0.604492	0.118066	-0.613791	-0.754636	-0.231915
27551	9.440117	0.861983	-2.952799	0.016721	-0.312051	0.166311	-0.054544	-0.256510	0.965001	-0.787521	0.605204	0.116359	-0.613869	-0.753612	-0.235017
27552	9.456129	1.025516	-2.583926	-0.022385	-0.309070	0.175018	-0.057874	-0.257788	0.964467	-0.787316	0.605791	0.114676	-0.613828	-0.752703	-0.238020
27553	9.697984	0.975117	-1.887106	-0.100051	-0.291683	0.180645	-0.061189	-0.258884	0.963968	-0.786514	0.607123	0.113124	-0.614533	-0.751253	-0.240766
27554	9.889118	1.128004	-1.165289	-0.120339	-0.242087	0.171607	-0.064081	-0.259668	0.963569	-0.785697	0.608440	0.111714	-0.615283	-0.749915	-0.243010
27555	9.951622	1.535423	-0.742526	-0.123022	-0.185854	0.151168	-0.066614	-0.260111	0.963278	-0.784652	0.610017	0.110460	-0.616347	-0.748480	-0.244732
27556	10.040865	1.824659	-0.734494	-0.147331	-0.145296	0.105758	-0.068394	-0.260561	0.963032	-0.783702	0.611363	0.109755	-0.617360	-0.747223	-0.246016
27557	10.105049	1.847063	-0.703658	-0.150583	-0.099724	0.061137	-0.069660	-0.260897	0.962850	-0.782618	0.612808	0.109428	-0.618592	-0.745921	-0.246871
27558	9.898688	1.803621	-1.284791	-0.102866	-0.067546	0.036982	-0.070422	-0.261184	0.962717	-0.781986	0.613641	0.109278	-0.619305	-0.745136	-0.247456
27559	9.661027	1.425996	-1.703137	-0.042198	-0.053082	0.029542	-0.071241	-0.261352	0.962611	-0.781410	0.614427	0.108988	-0.619939	-0.744429	-0.247995
27560	8.863290	1.046768	-2.734964	0.197334	-0.096764	0.025210	-0.072092	-0.261927	0.962391	-0.782644	0.612993	0.108207	-0.618281	-0.745408	-0.249188
27561	8.799039	0.308704	-3.753248	0.386342	-0.233081	0.030876	-0.073995	-0.263449	0.961831	-0.784679	0.610619	0.106884	-0.615470	-0.746820	-0.251906
27562	9.018057	-0.304735	-4.347497	0.492056	-0.327417	0.070404	-0.076612	-0.265479	0.961068	-0.787674	0.607095	0.104910	-0.611311	-0.748971	-0.255621
27563	8.925623	-0.040996	-4.463367	0.611397	-0.371467	0.148200	-0.080175	-0.267336	0.960262	-0.791231	0.602983	0.101808	-0.606239	-0.751627	-0.259869
27564	9.039069	0.621989	-3.744403	0.632955	-0.389663	0.211251	-0.084256	-0.269011	0.959444	-0.794907	0.598753	0.098073	-0.600853	-0.754405	-0.264288
27565	9.085124	1.411749	-2.816880	0.528234	-0.369444	0.260342	-0.088717	-0.270212	0.958705	-0.797710	0.595659	0.094069	-0.596480	-0.756423	-0.268396
27566	9.400479	1.976735	-2.097640	0.349443	-0.353595	0.277988	-0.093095	-0.271246	0.957997	-0.799564	0.593736	0.090411	-0.593321	-0.757564	-0.272153
27567	9.907353	2.195718	-1.521303	0.157577	-0.317203	0.268793	-0.097229	-0.272027	0.957365	-0.800285	0.593233	0.087286	-0.591685	-0.757678	-0.275378
27568	10.131563	2.178994	-1.060153	0.023777	-0.267612	0.239512	-0.100783	-0.272643	0.956822	-0.800216	0.593675	0.084878	-0.591183	-0.757110	-0.278005
27569	10.313714	2.061937	-0.893498	-0.039179	-0.220412	0.191418	-0.103722	-0.273145	0.956365	-0.799776	0.594525	0.083062	-0.591270	-0.756262	-0.280120
