// General information: 
//  MT Manager version: 2022.2.0 
//  XDA version: 2022.2.0 build 7381 rev 124627 built on 2023-07-19
// Device information: 
//  DeviceId: 00B4CB9F
//  ProductCode: MTW2-3A7G6
//  Firmware Version: 4.6.0
//  Hardware Version: 2.0.0
// Device settings: 
//  Filter Profile: human(46.1)
//  Option Flags: Orientation Smoother Disabled, Position/Velocity Smoother Disabled, Continuous Zero Rotation Update Disabled, AHS Disabled, ICC Disabled
// Coordinate system: ENU
PacketCounter	Acc_X	Acc_Y	Acc_Z	Gyr_X	Gyr_Y	Gyr_Z	Mat[1][1]	Mat[2][1]	Mat[3][1]	Mat[1][2]	Mat[2][2]	Mat[3][2]	Mat[1][3]	Mat[2][3]	Mat[3][3]
49767	9.445762	1.765438	0.457167	-0.576671	-0.364731	-0.127579	0.024024	0.112652	0.993344	0.595749	-0.799541	0.076265	0.802811	0.589952	-0.086321
49768	9.883721	2.004658	1.078568	-0.626628	-0.313227	-0.114238	0.025938	0.115417	0.992978	0.590775	-0.803066	0.077911	0.806419	0.584606	-0.089016
49769	9.932205	2.338234	1.843914	-0.706002	-0.276262	-0.123234	0.027514	0.118015	0.992631	0.585134	-0.807008	0.079727	0.810470	0.578629	-0.091259
49770	9.897564	2.432807	2.423856	-0.756247	-0.273897	-0.182261	0.028750	0.121074	0.992227	0.579080	-0.811117	0.082196	0.814764	0.572215	-0.093432
49771	9.951092	2.214340	2.898243	-0.744186	-0.292563	-0.268458	0.029659	0.124921	0.991723	0.573112	-0.815002	0.085521	0.818940	0.565832	-0.095766
49772	9.837228	1.734357	2.982873	-0.595334	-0.265596	-0.320550	0.030080	0.129042	0.991183	0.568363	-0.817925	0.089237	0.822228	0.560667	-0.097946
49773	9.808514	1.600684	2.851328	-0.307964	-0.213114	-0.291390	0.030241	0.132614	0.990706	0.565951	-0.819246	0.092387	0.823884	0.557897	-0.099828
49774	9.883473	1.715169	1.805415	-0.028261	-0.111748	-0.173367	0.030253	0.134664	0.990429	0.565811	-0.819149	0.094094	0.823980	0.557549	-0.100976
49775	9.663630	1.546215	0.252161	0.263525	-0.040665	-0.037085	0.030431	0.135189	0.990352	0.568025	-0.817608	0.094154	0.822449	0.559679	-0.101672
49776	9.711049	1.173242	-0.958070	0.321872	0.005816	0.056185	0.030775	0.134705	0.990408	0.570692	-0.815855	0.093231	0.820588	0.562348	-0.101983
49777	9.434421	1.270002	-2.044656	0.395797	-0.016847	0.129738	0.031711	0.133736	0.990509	0.573929	-0.813777	0.091500	0.818291	0.565581	-0.102561
49778	9.630534	1.430225	-2.302606	0.354664	-0.040670	0.147242	0.032962	0.132778	0.990598	0.576820	-0.811939	0.089637	0.816206	0.568441	-0.103352
49779	9.504891	1.516449	-2.248430	0.294110	-0.070207	0.134791	0.034368	0.132078	0.990643	0.579207	-0.810421	0.087955	0.814455	0.570765	-0.104353
49780	9.551869	1.298172	-2.072805	0.226358	-0.096249	0.118910	0.035912	0.131673	0.990642	0.581047	-0.809260	0.086501	0.813077	0.572503	-0.105571
49781	9.688613	1.190437	-1.751880	0.247427	-0.111140	0.103125	0.037471	0.131472	0.990611	0.583053	-0.807957	0.085176	0.811570	0.574387	-0.106930
49782	9.749085	1.394839	-1.529236	0.322477	-0.130951	0.076559	0.039051	0.131617	0.990531	0.585676	-0.806177	0.084031	0.809604	0.576849	-0.108567
49783	9.915282	1.494817	-1.642601	0.350385	-0.163127	0.060804	0.040782	0.132067	0.990402	0.588520	-0.804211	0.083005	0.807454	0.579486	-0.110521
49784	10.784889	1.699658	-0.877603	0.321050	-0.117692	0.029627	0.041978	0.132521	0.990291	0.591135	-0.802361	0.082315	0.805479	0.581940	-0.112019
49785	10.290088	1.799449	-1.696635	0.285359	0.003585	0.026886	0.042163	0.132282	0.990315	0.593455	-0.800711	0.081689	0.803762	0.584263	-0.112264
49786	9.502823	1.702778	-2.211351	0.240483	-0.031608	0.051021	0.042791	0.132068	0.990317	0.595403	-0.799346	0.080873	0.802287	0.586177	-0.112839
49787	9.558017	1.120021	-1.559824	0.014703	-0.045020	0.049901	0.043505	0.131932	0.990304	0.595534	-0.799304	0.080324	0.802151	0.586265	-0.113343
49788	9.222481	-0.078305	-1.967347	-0.106108	-0.110461	0.056907	0.044801	0.132133	0.990219	0.594696	-0.799976	0.079842	0.802702	0.585302	-0.114419
49789	9.390199	-0.581438	-1.853596	-0.059722	-0.154919	0.069741	0.046515	0.132480	0.990094	0.594219	-0.800396	0.079181	0.802957	0.584649	-0.115953
49790	9.703054	-0.156162	-1.171083	-0.013703	-0.143411	0.071763	0.048164	0.132754	0.989978	0.594113	-0.800547	0.078447	0.802938	0.584381	-0.117428
49791	9.853657	0.308975	-0.733739	-0.006743	-0.148978	0.074389	0.049859	0.133027	0.989857	0.594056	-0.800664	0.077679	0.802877	0.584158	-0.118946
49792	10.686010	1.265626	0.231893	0.051902	-0.065692	0.025511	0.050609	0.133216	0.989794	0.594498	-0.800370	0.077324	0.802503	0.584518	-0.119703
49793	10.260439	2.386510	0.921557	0.094174	0.058601	-0.097526	0.049616	0.133651	0.989786	0.595338	-0.799667	0.078137	0.801942	0.585380	-0.119244
49794	9.953210	2.761970	1.534361	0.057615	0.087121	-0.204083	0.047773	0.134782	0.989723	0.595937	-0.799031	0.080048	0.801609	0.585989	-0.118494
49795	9.794426	2.683367	2.251476	-0.081288	0.095127	-0.277472	0.045411	0.136440	0.989607	0.595449	-0.799110	0.082852	0.802109	0.585498	-0.117531
49796	10.249417	1.681778	1.868802	-0.130244	0.092634	-0.272885	0.043115	0.138089	0.989481	0.594563	-0.799473	0.085665	0.802892	0.584615	-0.116572
49797	10.384507	0.653214	1.124929	0.115868	0.173118	-0.131464	0.040995	0.138123	0.989566	0.595582	-0.798592	0.086794	0.802248	0.585810	-0.115002
49798	10.027968	-0.394824	0.551690	0.312515	0.250672	0.022111	0.039189	0.136484	0.989867	0.598116	-0.796763	0.086179	0.800451	0.588678	-0.112858
49799	9.742655	-1.591930	-0.764760	0.451000	0.239073	0.150622	0.038233	0.133871	0.990261	0.601693	-0.794282	0.084147	0.797812	0.592616	-0.110917
49800	9.880701	-1.847620	-1.397798	0.713761	0.144119	0.222618	0.038503	0.131260	0.990600	0.607325	-0.790302	0.081113	0.793520	0.598493	-0.110146
49801	10.169585	-0.801392	-1.185267	0.913249	0.061076	0.214779	0.039384	0.129197	0.990837	0.614495	-0.785061	0.077940	0.787937	0.605795	-0.110310
49802	9.304282	0.904181	-1.598281	0.999366	-0.040895	0.166249	0.040804	0.128158	0.990914	0.622310	-0.779156	0.075145	0.781707	0.613589	-0.111546
49803	9.124416	2.304923	-1.631816	0.991372	-0.129244	0.157078	0.042846	0.127734	0.990883	0.629995	-0.773214	0.072433	0.775416	0.621148	-0.113601
49804	9.527079	2.975137	-1.165044	0.816363	-0.093982	0.190495	0.044849	0.126865	0.990906	0.636257	-0.768333	0.069572	0.770172	0.627351	-0.115178
49805	10.072118	2.833497	-1.214724	0.701748	-0.084137	0.249159	0.047139	0.125485	0.990975	0.641564	-0.764203	0.066251	0.765620	0.632651	-0.116531
49806	9.885642	2.041644	-1.027723	0.594457	-0.042452	0.261118	0.049215	0.123778	0.991089	0.646014	-0.760727	0.062928	0.761737	0.637161	-0.117401
49807	9.275176	1.730995	-1.316893	0.335252	-0.026173	0.186466	0.050672	0.122531	0.991170	0.648501	-0.758793	0.060650	0.759525	0.639702	-0.117911
49808	9.294295	1.723852	-2.170005	0.171965	-0.036671	0.155915	0.052033	0.121598	0.991215	0.649762	-0.757855	0.058862	0.758354	0.640991	-0.118443
49809	9.667723	1.531178	-2.422360	0.018431	-0.062805	0.145672	0.053505	0.120900	0.991222	0.649856	-0.757889	0.057362	0.758171	0.641083	-0.119118
49810	9.698830	0.724772	-2.787268	-0.127431	-0.101184	0.139070	0.055246	0.120508	0.991174	0.648850	-0.758846	0.056096	0.758908	0.640024	-0.120114
49811	9.790174	-0.022737	-2.570295	-0.116466	-0.144399	0.141633	0.057311	0.120359	0.991075	0.647918	-0.759737	0.054797	0.759551	0.638994	-0.121524
49812	9.566279	-0.120945	-2.216444	-0.045566	-0.142935	0.139746	0.059372	0.120224	0.990970	0.647526	-0.760168	0.053428	0.759727	0.638506	-0.122981
49813	9.184368	0.092473	-2.039489	0.097611	-0.125225	0.145156	0.061317	0.119925	0.990888	0.648211	-0.759695	0.051833	0.758988	0.639126	-0.124319
49814	9.113829	0.474488	-1.662422	0.198282	-0.110306	0.167134	0.063308	0.119377	0.990829	0.649646	-0.758598	0.049889	0.757597	0.640529	-0.125578
49815	9.524210	1.052699	-1.029672	0.137336	-0.082435	0.186449	0.065197	0.118496	0.990812	0.650597	-0.757915	0.047832	0.756619	0.641501	-0.126507
49816	9.977114	1.486779	-0.347255	-0.046080	-0.006084	0.183264	0.066505	0.117160	0.990884	0.650163	-0.758399	0.046034	0.756878	0.641175	-0.126611
49817	10.074656	1.638916	-0.007831	-0.226894	0.105256	0.185829	0.066967	0.115080	0.991096	0.648351	-0.760043	0.044444	0.758391	0.639602	-0.125510
49818	9.436990	1.581681	-0.029211	-0.307790	0.157826	0.211071	0.067204	0.112480	0.991379	0.645907	-0.762221	0.042695	0.760452	0.637470	-0.123876
49819	9.134915	1.302453	-0.248652	-0.419156	0.129584	0.210289	0.067622	0.110055	0.991623	0.642604	-0.765096	0.041092	0.763209	0.634442	-0.122459
49820	9.344846	0.694432	-0.709710	-0.507743	0.080923	0.209371	0.068415	0.107951	0.991799	0.638614	-0.768508	0.039595	0.766480	0.630668	-0.121516
49821	9.575748	0.056987	-1.326023	-0.497664	0.022200	0.223504	0.069716	0.106093	0.991909	0.634670	-0.771851	0.037948	0.769632	0.626890	-0.121144
49822	9.760622	-0.371564	-1.913403	-0.434166	-0.069376	0.237546	0.071825	0.104702	0.991907	0.631191	-0.774788	0.036079	0.772295	0.623491	-0.121736
49823	9.971068	-0.574043	-2.224692	-0.359688	-0.149890	0.241887	0.074558	0.103761	0.991804	0.628264	-0.777253	0.034086	0.774419	0.620573	-0.123140
49824	9.934166	-0.503059	-2.371453	-0.302424	-0.229786	0.232055	0.077865	0.103391	0.991588	0.625779	-0.779339	0.032120	0.776105	0.618014	-0.125383
49825	9.892325	-0.180130	-2.172312	-0.288446	-0.280657	0.224593	0.081501	0.103371	0.991298	0.623390	-0.781326	0.030223	0.777652	0.615503	-0.128120
49826	9.819815	0.231168	-1.784540	-0.325378	-0.288058	0.212127	0.085134	0.103493	0.990980	0.620716	-0.783517	0.028501	0.779399	0.612691	-0.130943
49827	10.103988	0.499754	-1.318925	-0.407435	-0.226970	0.198551	0.088188	0.103323	0.990731	0.617397	-0.786187	0.027035	0.781693	0.609289	-0.133124
49828	10.274223	0.582409	-1.118584	-0.462754	-0.063819	0.200736	0.089994	0.102141	0.990691	0.613630	-0.789178	0.025623	0.784448	0.605612	-0.133698
49829	9.576328	0.429083	-1.701100	-0.489446	-0.019458	0.200937	0.091429	0.100671	0.990710	0.609634	-0.792312	0.024250	0.787393	0.601753	-0.133813
49830	9.559989	0.103381	-1.742043	-0.535657	-0.053460	0.176362	0.092993	0.099602	0.990672	0.605281	-0.795674	0.023180	0.790561	0.597480	-0.134279
49831	9.454248	-0.329090	-1.429394	-0.580155	-0.035704	0.161359	0.094301	0.098529	0.990656	0.600567	-0.799263	0.022325	0.793994	0.592850	-0.134545
49832	9.165453	-0.554940	-1.488144	-0.577527	-0.041482	0.133829	0.095503	0.097711	0.990622	0.595881	-0.802778	0.021736	0.797374	0.588217	-0.134892
49833	9.272273	-0.766120	-1.789753	-0.519142	-0.064244	0.113849	0.096746	0.097173	0.990554	0.591657	-0.805909	0.021273	0.800364	0.584011	-0.135461
49834	9.657827	-0.947056	-1.899138	-0.388086	-0.080949	0.122210	0.098186	0.096667	0.990462	0.588464	-0.808262	0.020549	0.802539	0.580834	-0.136245
49835	10.093322	-1.016576	-1.816362	-0.242274	-0.094293	0.136679	0.099802	0.096107	0.990355	0.586417	-0.809775	0.019487	0.803837	0.578816	-0.137176
49836	10.249071	-0.850004	-1.750371	-0.152080	-0.088261	0.144555	0.101430	0.095455	0.990253	0.585085	-0.810767	0.018224	0.804604	0.577534	-0.138085
49837	10.156489	-0.717924	-1.810623	-0.083400	-0.057294	0.131837	0.102717	0.094715	0.990191	0.584312	-0.811351	0.016995	0.805002	0.576835	-0.138682
49838	9.857242	-0.382257	-2.184164	-0.009789	-0.057466	0.130023	0.104010	0.094000	0.990124	0.584135	-0.811505	0.015680	0.804965	0.576736	-0.139313
49839	9.702538	-0.043668	-2.454966	0.008940	-0.087500	0.132403	0.105544	0.093428	0.990016	0.584103	-0.811553	0.014317	0.804788	0.576761	-0.140226
49840	9.660962	-0.048194	-2.573266	-0.044327	-0.135582	0.130174	0.107466	0.093162	0.989834	0.583644	-0.811905	0.013049	0.804867	0.576309	-0.141626
49841	9.778444	-0.174841	-2.513279	-0.098970	-0.174880	0.118302	0.109621	0.093207	0.989594	0.582753	-0.812561	0.011979	0.805222	0.575375	-0.143391
49842	9.946486	-0.253188	-2.076222	-0.184039	-0.162778	0.096464	0.111565	0.093366	0.989361	0.581200	-0.813683	0.011249	0.806077	0.573761	-0.145043
49843	9.987268	-0.404666	-1.672509	-0.260012	-0.093504	0.055061	0.112697	0.093452	0.989225	0.579074	-0.815200	0.011041	0.807448	0.571590	-0.145986
49844	9.683335	-0.366691	-1.565269	-0.254858	-0.020656	0.020997	0.113056	0.093407	0.989188	0.577027	-0.816649	0.011165	0.808862	0.569526	-0.146226
49845	9.404777	-0.243433	-1.483320	-0.237641	-0.007748	-0.009354	0.113124	0.093525	0.989169	0.575148	-0.817967	0.011563	0.810190	0.567611	-0.146322
49846	9.291430	-0.354082	-1.497011	-0.215924	-0.000326	-0.011462	0.113131	0.093629	0.989159	0.573447	-0.819155	0.011951	0.811394	0.565878	-0.146363
49847	9.048452	-0.380992	-1.584450	-0.169116	-0.015568	-0.011753	0.113250	0.093811	0.989128	0.572122	-0.820077	0.012273	0.812312	0.564512	-0.146545
49848	9.272657	-0.324864	-1.354000	-0.123822	-0.045411	-0.013222	0.113614	0.094183	0.989051	0.571167	-0.820738	0.012544	0.812933	0.563488	-0.147042
49849	9.576627	-0.271081	-0.979872	-0.143014	-0.005277	-0.011560	0.113651	0.094305	0.989035	0.570052	-0.821509	0.012826	0.813710	0.562343	-0.147124
49850	9.485706	-0.211765	-0.873023	-0.141188	0.041928	-0.013263	0.113305	0.094186	0.989086	0.568954	-0.822265	0.013124	0.814527	0.561257	-0.146754
49851	9.290818	-0.074104	-0.912196	-0.109543	0.060290	-0.011416	0.112808	0.093938	0.989166	0.568109	-0.822845	0.013354	0.815185	0.560448	-0.146191
49852	9.549240	0.007327	-0.748870	-0.081474	0.059503	-0.008191	0.112347	0.093680	0.989243	0.567490	-0.823269	0.013513	0.815679	0.559868	-0.145654
49853	10.029063	-0.071160	-0.644437	-0.065606	0.124265	0.007542	0.111436	0.092919	0.989418	0.566982	-0.823620	0.013491	0.816158	0.559479	-0.144464
49854	10.109674	-0.265431	-0.952606	-0.040435	0.217481	0.012501	0.109802	0.091606	0.989723	0.566675	-0.823833	0.013384	0.816593	0.559381	-0.142370
49855	9.648158	-0.293554	-1.364243	0.005913	0.252137	-0.001590	0.107793	0.090205	0.990073	0.566758	-0.823776	0.013349	0.816802	0.559693	-0.139921
49856	9.497311	-0.358649	-1.749073	-0.011060	0.193244	-0.015424	0.106198	0.089257	0.990331	0.566722	-0.823799	0.013476	0.817037	0.559811	-0.138070
49857	9.650794	-0.499799	-1.523798	-0.054231	0.130665	-0.040696	0.104959	0.088857	0.990499	0.566356	-0.824043	0.013910	0.817450	0.559515	-0.136816
49858	9.738999	-0.461854	-1.366851	-0.073201	0.135799	-0.077941	0.103478	0.088747	0.990665	0.565876	-0.824359	0.014741	0.817971	0.559068	-0.135523
49859	9.399804	-0.370704	-1.391855	-0.052576	0.132869	-0.114482	0.101803	0.088944	0.990820	0.565599	-0.824527	0.015903	0.818373	0.558788	-0.134246
49860	9.434061	-0.102831	-1.128754	0.007298	0.119379	-0.147456	0.100063	0.089500	0.990948	0.565844	-0.824330	0.017314	0.818418	0.558990	-0.133128
49861	9.341116	0.319572	-0.777689	0.003891	0.164388	-0.168816	0.097822	0.089968	0.991129	0.566078	-0.824134	0.018938	0.818527	0.559204	-0.131548
49862	9.105345	0.547586	-0.553849	-0.042925	0.180873	-0.188735	0.095344	0.090519	0.991320	0.565947	-0.824179	0.020825	0.818910	0.559049	-0.129810
49863	9.237124	0.442387	-0.278415	-0.080097	0.194301	-0.183815	0.092773	0.090944	0.991525	0.565499	-0.824436	0.022707	0.819515	0.558600	-0.127914
49864	9.615151	-0.007205	0.314353	-0.162938	0.252084	-0.184674	0.089733	0.091067	0.991794	0.564369	-0.825153	0.024704	0.820631	0.557521	-0.125439
49865	10.333484	-0.509391	0.501711	-0.129875	0.367454	-0.166239	0.085838	0.090387	0.992201	0.563484	-0.825703	0.026471	0.821655	0.556817	-0.121808
49866	10.510254	-0.804632	-0.087461	-0.013059	0.435140	-0.127760	0.081613	0.089025	0.992680	0.563522	-0.825636	0.027715	0.822060	0.557135	-0.117550
49867	11.631096	-0.856378	-0.434674	0.139238	0.554337	-0.092994	0.076591	0.086693	0.993287	0.564776	-0.824754	0.028435	0.821682	0.558807	-0.112131
49868	12.073463	-0.970206	-1.680855	0.261549	0.754835	-0.084028	0.069988	0.083164	0.994075	0.567024	-0.823192	0.028947	0.820722	0.561639	-0.104770
49869	9.720472	-1.248930	-3.949038	0.371374	0.627290	-0.112952	0.064262	0.080552	0.994677	0.570181	-0.820984	0.029649	0.819002	0.565241	-0.098687
49870	8.882773	-1.932386	-5.904917	0.263903	0.107514	-0.128821	0.062717	0.081007	0.994738	0.572461	-0.819360	0.030632	0.817530	0.567528	-0.097761
49871	10.531578	-2.741047	-4.614564	-0.073351	-0.006774	-0.188328	0.061758	0.082584	0.994669	0.572014	-0.819598	0.032533	0.817916	0.566955	-0.097856
49872	9.152467	-2.908478	-5.096811	0.049751	-0.035909	-0.235945	0.060773	0.084729	0.994549	0.572604	-0.819094	0.034792	0.817577	0.567368	-0.098294
49873	8.594348	-2.149296	-4.804274	0.513458	-0.094708	-0.261385	0.060110	0.087400	0.994358	0.576989	-0.815921	0.036837	0.814537	0.571520	-0.099474
49874	8.804763	-0.657091	-3.647282	0.786525	0.000487	-0.234413	0.058817	0.089313	0.994265	0.583556	-0.811167	0.038345	0.809940	0.577954	-0.099829
49875	8.866488	1.315302	-2.400300	0.758545	0.085751	-0.180132	0.057137	0.090268	0.994277	0.589825	-0.806573	0.039332	0.805507	0.584202	-0.099327
49876	10.064567	2.651228	-0.680818	0.434986	0.156589	-0.148371	0.055070	0.090554	0.994368	0.593445	-0.803863	0.040339	0.802989	0.587881	-0.098008
49877	11.113685	2.901699	0.461175	0.041055	0.166972	-0.152103	0.052895	0.090792	0.994464	0.593894	-0.803458	0.041765	0.802802	0.588397	-0.096420
49878	11.171585	2.360455	0.349049	-0.297868	0.123759	-0.194873	0.050816	0.091642	0.994495	0.591640	-0.805004	0.043949	0.804600	0.586149	-0.095127
49879	11.072511	1.963373	0.683710	-0.498554	0.048696	-0.244713	0.049047	0.093329	0.994426	0.587781	-0.807665	0.046811	0.807532	0.582209	-0.094471
49880	10.240668	1.448354	-0.251246	-0.591554	-0.040300	-0.263541	0.047902	0.095705	0.994257	0.583160	-0.810820	0.049952	0.810944	0.577418	-0.094651
49881	10.081248	0.912266	-0.590213	-0.576624	-0.116010	-0.278962	0.047290	0.098636	0.993999	0.578646	-0.813840	0.053229	0.814207	0.572657	-0.095562
49882	9.481367	0.396738	-1.052107	-0.627776	-0.130612	-0.292394	0.046743	0.101773	0.993709	0.573700	-0.817101	0.056699	0.817731	0.567441	-0.096580
49883	8.972997	0.165734	-1.620161	-0.468977	-0.161672	-0.271489	0.046580	0.104906	0.993391	0.570024	-0.819448	0.059809	0.820307	0.563470	-0.097969
49884	9.022418	0.228174	-0.297484	-0.445612	-0.080968	-0.273846	0.045760	0.107615	0.993139	0.566529	-0.821636	0.062928	0.822770	0.559762	-0.098565
49885	9.058885	0.656844	0.168669	-0.463019	-0.059598	-0.291746	0.044669	0.110345	0.992889	0.562884	-0.823877	0.066238	0.825328	0.555923	-0.098913
49886	9.813155	0.333406	0.803196	-0.510849	0.012138	-0.293777	0.042992	0.112708	0.992698	0.558829	-0.826355	0.069620	0.828167	0.551756	-0.098512
49887	9.767206	-0.067148	1.145563	-0.426441	0.073712	-0.290153	0.040830	0.114697	0.992561	0.555456	-0.828347	0.072872	0.830543	0.548349	-0.097531
49888	10.197082	0.045443	1.483512	-0.219553	0.042225	-0.303137	0.038869	0.116985	0.992373	0.553792	-0.829174	0.076055	0.831747	0.546612	-0.097015
49889	10.066601	0.615140	1.667307	-0.035967	0.025130	-0.306003	0.037029	0.119377	0.992158	0.553650	-0.828986	0.079081	0.831926	0.546380	-0.096789
49890	10.726155	1.443447	2.188301	0.059430	0.044005	-0.324670	0.034936	0.121833	0.991936	0.554301	-0.828247	0.082205	0.831583	0.546959	-0.096468
49891	9.918236	1.931656	0.719795	0.134053	0.098889	-0.281069	0.032618	0.123610	0.991795	0.555548	-0.827147	0.084819	0.830844	0.548223	-0.095651
49892	9.959664	2.209779	0.352206	0.188870	0.127505	-0.223379	0.030388	0.124762	0.991721	0.557227	-0.825809	0.086816	0.829804	0.549976	-0.094615
49893	9.358555	1.818563	-0.606147	0.143931	0.203387	-0.160263	0.027868	0.124959	0.991770	0.558504	-0.824796	0.088227	0.829033	0.551449	-0.092776
49894	9.221738	0.931591	-1.837192	0.301369	0.127087	-0.070863	0.026490	0.124847	0.991822	0.561060	-0.823019	0.088613	0.827351	0.554124	-0.091849
49895	9.753543	0.619501	-1.324185	0.382100	0.228653	-0.006456	0.024626	0.123624	0.992024	0.564256	-0.820866	0.088287	0.825233	0.557581	-0.089971
49896	9.304618	1.004347	-1.485737	0.459954	0.215584	0.021892	0.023046	0.122245	0.992232	0.568080	-0.818295	0.087622	0.822650	0.561648	-0.088303
49897	9.585252	1.158801	-1.412026	0.543116	0.222528	0.037349	0.021493	0.120680	0.992459	0.572572	-0.815254	0.086733	0.819573	0.566390	-0.086620
49898	9.444644	1.495565	-0.952930	0.467782	0.243561	0.018567	0.019678	0.119152	0.992681	0.576436	-0.812593	0.086110	0.816905	0.570522	-0.084674
49899	9.632027	1.882654	-1.089190	0.437710	0.205664	0.004614	0.018090	0.117934	0.992857	0.580044	-0.810069	0.085654	0.814384	0.574351	-0.083061
49900	9.762730	2.065591	-0.931135	0.399754	0.192494	0.002256	0.016609	0.116816	0.993015	0.583335	-0.807744	0.085264	0.812062	0.577844	-0.081558
49901	9.477450	2.351765	-0.811733	0.305658	0.123432	-0.006911	0.015629	0.116155	0.993108	0.585853	-0.805943	0.085044	0.810267	0.580486	-0.080646
49902	9.856782	2.255969	-0.741094	0.149345	0.040957	-0.020490	0.015249	0.116091	0.993121	0.587105	-0.805026	0.085089	0.809367	0.581769	-0.080433
49903	9.376380	1.967313	-0.893787	-0.004543	-0.048058	-0.029040	0.015529	0.116604	0.993057	0.587112	-0.804995	0.085341	0.809357	0.581711	-0.080960
49904	10.052001	2.178711	-0.774996	-0.104086	-0.126248	-0.048123	0.016340	0.117734	0.992911	0.586317	-0.805518	0.085865	0.809917	0.580757	-0.082191
49905	10.001542	2.145912	-2.253947	-0.117828	-0.074152	0.009657	0.017058	0.118087	0.992857	0.585399	-0.806190	0.085828	0.810566	0.579753	-0.082880
49906	9.721448	1.910250	-2.416648	-0.118747	-0.069880	0.067930	0.018094	0.117953	0.992854	0.584464	-0.806933	0.085214	0.811218	0.578745	-0.083539
49907	9.390252	1.469639	-2.234816	-0.279554	-0.027100	0.072356	0.018796	0.117525	0.992892	0.582219	-0.808609	0.084691	0.812815	0.576489	-0.083624
49908	9.283876	1.237976	-1.804386	-0.311643	-0.082918	0.038092	0.019764	0.117703	0.992852	0.579716	-0.810422	0.084536	0.814579	0.573901	-0.084251
49909	9.446595	1.285833	-0.617310	-0.379274	-0.056479	-0.006961	0.020245	0.118083	0.992797	0.576663	-0.812560	0.084886	0.816731	0.570791	-0.084544
49910	9.652960	1.555957	0.222080	-0.493060	-0.032122	-0.037492	0.020364	0.118579	0.992736	0.572676	-0.815296	0.085637	0.819529	0.566773	-0.084510
49911	9.652734	1.473322	0.822157	-0.597138	0.003405	-0.034166	0.020201	0.118840	0.992708	0.567817	-0.818604	0.086442	0.822907	0.561930	-0.084016
49912	9.548521	1.374976	1.095416	-0.653958	0.012840	-0.040675	0.019937	0.119109	0.992681	0.562472	-0.822189	0.087355	0.826576	0.556613	-0.083387
49913	10.002798	0.937424	0.970328	-0.647463	0.016538	-0.034388	0.019667	0.119299	0.992664	0.557155	-0.825712	0.088196	0.830176	0.551333	-0.082707
49914	9.967601	0.508570	0.813134	-0.564570	0.020258	0.001702	0.019579	0.119180	0.992680	0.552500	-0.828790	0.088607	0.833283	0.546720	-0.082074
49915	9.863853	0.501457	0.486567	-0.370738	-0.012965	0.012737	0.019818	0.119142	0.992679	0.549442	-0.830805	0.088745	0.835297	0.543661	-0.081926
49916	9.312695	0.703210	0.220820	-0.205715	-0.105579	0.038936	0.020985	0.119397	0.992625	0.547756	-0.831945	0.088490	0.836375	0.541859	-0.082859
49917	9.098332	1.033837	0.113665	-0.125300	-0.243191	0.082086	0.023527	0.120027	0.992492	0.546727	-0.832701	0.087742	0.836980	0.540558	-0.085213
49918	10.354941	1.276365	0.441840	-0.091099	-0.220020	0.145140	0.026234	0.120012	0.992426	0.545969	-0.833345	0.086342	0.837395	0.539568	-0.087385
49919	10.764867	1.456501	0.052473	0.067301	-0.009247	0.225866	0.027603	0.118176	0.992609	0.546510	-0.833229	0.084003	0.836998	0.540152	-0.087584
49920	10.431828	1.768714	-0.341734	0.206245	0.225089	0.280245	0.027326	0.114629	0.993032	0.548199	-0.832416	0.081004	0.835902	0.542166	-0.085586
49921	8.865075	1.670513	-0.352829	0.067353	0.155856	0.286439	0.027650	0.111397	0.993391	0.548720	-0.832353	0.078065	0.835549	0.542935	-0.084140
49922	9.079083	1.013607	-0.283892	-0.212975	0.085748	0.218750	0.028203	0.109115	0.993629	0.546919	-0.833726	0.076032	0.836710	0.541290	-0.083191
49923	9.357940	0.493394	-0.556607	-0.325656	0.111982	0.122006	0.027987	0.107489	0.993812	0.544195	-0.835595	0.075051	0.838492	0.538727	-0.081881
49924	9.459487	0.401411	-0.605449	-0.238293	0.119225	0.082117	0.027505	0.106166	0.993968	0.542214	-0.836941	0.074390	0.839790	0.536897	-0.080585
49925	9.319997	0.834059	-0.513899	-0.091505	0.108875	0.112567	0.027257	0.104636	0.994137	0.541452	-0.837529	0.073307	0.840289	0.536280	-0.079484
49926	9.439130	1.329053	-0.804658	-0.040779	0.073525	0.149066	0.027518	0.102998	0.994301	0.541110	-0.837880	0.071819	0.840502	0.536050	-0.078790
49927	9.502788	1.531740	-1.086760	-0.065796	0.038064	0.178238	0.028217	0.101297	0.994456	0.540545	-0.838393	0.070062	0.840842	0.535571	-0.078413
49928	9.303483	1.407590	-1.328296	-0.135489	-0.059521	0.208576	0.029916	0.099871	0.994551	0.539386	-0.839304	0.068057	0.841527	0.534410	-0.078977
49929	9.282618	1.003915	-1.312471	-0.224990	-0.230803	0.256292	0.033296	0.098945	0.994536	0.537449	-0.840737	0.065651	0.842639	0.532326	-0.081171
49930	9.404347	0.555482	-1.078919	-0.275432	-0.420574	0.276784	0.038398	0.098854	0.994361	0.535068	-0.842450	0.063090	0.843936	0.529628	-0.085242
49931	9.620506	0.363077	-0.794947	-0.286056	-0.553692	0.282364	0.044638	0.099394	0.994046	0.532571	-0.844221	0.060498	0.845208	0.526700	-0.090619
49932	9.898201	0.453506	-0.746033	-0.278630	-0.594026	0.282150	0.051233	0.100134	0.993654	0.530119	-0.845943	0.057916	0.846374	0.523788	-0.096423
49933	10.371400	0.758332	-0.560459	-0.198300	-0.522701	0.287189	0.057234	0.100430	0.993297	0.528323	-0.847246	0.055221	0.847112	0.521621	-0.101551
49934	10.733290	1.210683	-0.433114	-0.136459	-0.310943	0.279658	0.061416	0.099683	0.993122	0.527041	-0.848214	0.052545	0.847618	0.520189	-0.104631
49935	10.256448	1.386102	-0.482317	-0.138078	-0.140094	0.262318	0.064041	0.098181	0.993106	0.525742	-0.849170	0.050048	0.848230	0.518912	-0.106000
49936	9.929269	1.322845	-0.261811	-0.183166	-0.060980	0.239888	0.065890	0.096462	0.993153	0.524072	-0.850331	0.047821	0.849122	0.517333	-0.106581
49937	9.696156	1.100931	-0.022455	-0.236030	-0.032458	0.218305	0.067362	0.094768	0.993218	0.521958	-0.851737	0.045868	0.850307	0.515328	-0.106840
49938	9.495441	0.664430	0.174882	-0.205286	-0.041707	0.215141	0.068910	0.093152	0.993264	0.520105	-0.852973	0.043911	0.851318	0.513576	-0.107227
49939	9.600864	0.340758	0.351781	-0.142881	-0.071319	0.237993	0.070808	0.091482	0.993286	0.518760	-0.853904	0.041664	0.851983	0.512327	-0.107921
49940	9.844678	0.375989	0.931597	-0.054677	-0.107317	0.267428	0.073181	0.089750	0.993272	0.518142	-0.854404	0.039028	0.852158	0.511799	-0.109029
49941	9.945743	0.723580	1.492099	0.003477	-0.135768	0.284619	0.075866	0.088008	0.993227	0.517996	-0.854618	0.036160	0.852012	0.511744	-0.110424
49942	10.044162	1.274607	1.946129	0.010376	-0.129201	0.293399	0.078558	0.086165	0.993179	0.517898	-0.854798	0.033195	0.851828	0.511758	-0.111776
49943	10.127845	1.891983	2.270799	-0.045746	-0.067909	0.297892	0.080730	0.083958	0.993194	0.517310	-0.855263	0.030250	0.851982	0.511347	-0.112478
49944	10.046501	2.335320	2.568031	-0.117562	0.055883	0.284147	0.081793	0.081244	0.993332	0.516117	-0.856076	0.027520	0.852604	0.510425	-0.111953
49945	10.046721	2.582448	2.887769	-0.143234	0.177563	0.247928	0.081604	0.078209	0.993592	0.514730	-0.856983	0.025181	0.853460	0.509376	-0.110190
49946	10.093423	2.523993	2.935761	-0.177125	0.331513	0.217322	0.079962	0.074661	0.993998	0.513081	-0.858027	0.023174	0.854608	0.508148	-0.106917
49947	10.129810	2.241738	2.959155	-0.163869	0.493142	0.179881	0.076712	0.070606	0.994550	0.511576	-0.858968	0.021522	0.855807	0.507137	-0.102013
49948	10.431777	2.022964	3.198796	-0.151339	0.646748	0.162735	0.072076	0.065933	0.995218	0.510199	-0.859824	0.020013	0.857031	0.506316	-0.095611
49949	11.001445	1.421448	3.593176	-0.230800	0.822197	0.170723	0.065934	0.060300	0.996000	0.508136	-0.861078	0.018493	0.858749	0.504884	-0.087415
49950	11.519113	0.291268	3.771273	-0.356979	1.066354	0.202484	0.057861	0.053186	0.996907	0.504981	-0.862968	0.016730	0.861189	0.502451	-0.076790
49951	11.831950	-0.855842	4.146348	-0.255600	1.372982	0.258769	0.047367	0.044053	0.997906	0.502676	-0.864356	0.014297	0.863176	0.500946	-0.063086
49952	11.990697	-1.268306	5.597043	0.064096	1.653386	0.331851	0.034833	0.032894	0.998852	0.503135	-0.864139	0.010912	0.863506	0.502177	-0.046651
49953	11.782115	-1.201938	7.185129	0.268675	1.914168	0.401808	0.020376	0.019772	0.999597	0.505378	-0.862872	0.006766	0.862657	0.505036	-0.027575
49954	11.140702	-0.788430	6.808209	0.322842	1.900394	0.428527	0.006239	0.006453	0.999960	0.508146	-0.861268	0.002388	0.861248	0.508111	-0.008652
49955	10.184530	0.093821	5.747273	0.312712	1.595299	0.371685	-0.005564	-0.004884	0.999973	0.510869	-0.859658	-0.001356	0.859641	0.510847	0.007278
49956	10.321673	0.646450	5.463068	0.221203	1.308499	0.253450	-0.015435	-0.013755	0.999786	0.512839	-0.858476	-0.003894	0.858346	0.512669	0.020304
49957	10.619937	0.572960	5.922837	-0.009773	1.161181	0.152853	-0.024585	-0.021032	0.999476	0.512817	-0.858480	-0.005451	0.858146	0.512415	0.031891
49958	11.863110	0.411140	6.873341	-0.280190	1.258320	0.098596	-0.034814	-0.028307	0.998993	0.510484	-0.859862	-0.006575	0.859182	0.509741	0.044386
49959	12.473530	0.319926	7.452177	-0.635275	1.570458	0.072692	-0.047937	-0.036907	0.998168	0.505083	-0.863037	-0.007654	0.861739	0.503791	0.060012
49960	12.986787	0.032827	7.398609	-0.819354	1.926496	0.024784	-0.064372	-0.046749	0.996830	0.498068	-0.867096	-0.008502	0.864745	0.495942	0.079101
49961	13.682808	-0.243227	7.143047	-0.800260	2.342229	0.004889	-0.084618	-0.058334	0.994704	0.491180	-0.871008	-0.009296	0.866938	0.487792	0.102355
49962	13.446241	-1.253527	6.474658	-1.145169	2.647451	0.147884	-0.106820	-0.072386	0.991640	0.481422	-0.876405	-0.012115	0.869955	0.476103	0.128466
49963	11.613727	-3.657579	0.637556	-1.669162	2.111285	0.336342	-0.123630	-0.085246	0.988660	0.467277	-0.883932	-0.017784	0.875424	0.459780	0.149114
49964	12.179926	-4.777872	-3.091940	-1.480616	1.607506	0.414660	-0.135758	-0.096201	0.986061	0.454866	-0.890230	-0.024227	0.880152	0.445236	0.164614
49965	13.481962	-4.940079	-2.287391	-0.726400	1.648675	0.380720	-0.148533	-0.106897	0.983113	0.449053	-0.893026	-0.029257	0.881073	0.437124	0.180647
49966	14.013599	-4.947786	-3.007302	-0.043269	1.712797	0.252259	-0.162400	-0.116621	0.979809	0.449114	-0.892907	-0.031839	0.878592	0.434875	0.197384
49967	14.920482	-4.334802	-3.631059	0.471821	1.774210	0.108823	-0.177424	-0.125352	0.976119	0.453475	-0.890696	-0.031957	0.873431	0.436975	0.214875
49968	15.057564	-2.851429	-4.268996	1.041332	1.859958	-0.030297	-0.193661	-0.133278	0.971973	0.462521	-0.886122	-0.029351	0.865199	0.443874	0.233251
49969	14.172876	-1.454334	-3.954273	1.467946	1.949837	-0.142687	-0.211062	-0.140799	0.967279	0.474898	-0.879702	-0.024427	0.854356	0.454203	0.252537
49970	12.607458	-0.007149	-3.667030	1.844165	2.020624	-0.221774	-0.229192	-0.148170	0.962038	0.490093	-0.871495	-0.017468	0.840999	0.467484	0.272357
49971	11.194260	1.670018	-3.756829	1.944607	1.962723	-0.275944	-0.246895	-0.155111	0.956548	0.505696	-0.862661	-0.009361	0.826628	0.481411	0.291426
49972	10.476442	2.105319	-3.512027	1.776358	1.949208	-0.278821	-0.264231	-0.162219	0.950719	0.519592	-0.854413	-0.001377	0.812530	0.493622	0.310050
49973	10.268839	2.587370	-2.238572	1.429320	1.979988	-0.298286	-0.281718	-0.169557	0.944397	0.530344	-0.847761	0.005997	0.799606	0.502545	0.328753
49974	9.449998	3.465317	-3.264143	1.041199	1.834996	-0.351070	-0.298098	-0.175860	0.938196	0.537645	-0.843074	0.012799	0.788718	0.508231	0.345869
49975	8.393625	3.730349	-3.367118	0.673031	1.602718	-0.419057	-0.312890	-0.180511	0.932478	0.541689	-0.840362	0.019083	0.780175	0.511084	0.360722
49976	7.631467	3.291870	-2.715315	0.347245	1.444261	-0.429069	-0.326371	-0.184288	0.927103	0.543065	-0.839338	0.024335	0.773668	0.511419	0.374016
49977	6.818237	2.579358	-1.712426	0.038851	1.344690	-0.464388	-0.339218	-0.187257	0.921882	0.541864	-0.839973	0.028767	0.768969	0.509293	0.386402
49978	5.909732	1.944182	-1.133642	-0.257342	1.183845	-0.550800	-0.351213	-0.188624	0.917099	0.538038	-0.842282	0.032811	0.766267	0.504957	0.397307
49979	5.282742	0.851498	-1.229819	-0.405796	1.035902	-0.650421	-0.362580	-0.188342	0.912723	0.532655	-0.845518	0.037124	0.764731	0.499627	0.406890
49980	4.812739	0.219784	-1.076242	-0.453061	0.914487	-0.681595	-0.373113	-0.187109	0.908723	0.526736	-0.849017	0.041458	0.763764	0.494126	0.415337
49981	4.904424	-0.294104	-0.985490	-0.427134	0.756587	-0.657007	-0.382286	-0.185243	0.905286	0.521040	-0.852312	0.045623	0.763135	0.489131	0.422346
49982	5.306141	-0.306912	-0.973757	-0.296009	0.629041	-0.615354	-0.390209	-0.183054	0.902346	0.516457	-0.854857	0.049916	0.762239	0.485501	0.428113
49983	5.694551	0.124424	-0.957867	-0.129011	0.553685	-0.582591	-0.397377	-0.180754	0.899677	0.513228	-0.856514	0.054605	0.760716	0.483438	0.433127
49984	5.775912	0.633972	-0.970514	0.013242	0.526938	-0.582017	-0.404295	-0.178311	0.897079	0.511047	-0.857464	0.059882	0.758536	0.482659	0.437794
49985	5.835346	0.949635	-0.878815	0.136144	0.458825	-0.607748	-0.410822	-0.175316	0.894701	0.509649	-0.857853	0.065921	0.755965	0.483065	0.441775
49986	6.283719	1.327501	-0.483122	0.317761	0.329407	-0.598433	-0.416292	-0.171778	0.892857	0.509623	-0.857324	0.072669	0.752984	0.485272	0.444439
49987	6.477016	1.315883	-0.212577	0.388569	0.269994	-0.576755	-0.421211	-0.168150	0.891239	0.510176	-0.856384	0.079542	0.749868	0.488192	0.446505
49988	6.254927	1.071326	0.412332	0.278330	0.203672	-0.550419	-0.425479	-0.164433	0.889904	0.509981	-0.855908	0.085680	0.747587	0.490289	0.448029
49989	6.230014	0.175110	0.926500	0.119358	0.035734	-0.472594	-0.428102	-0.160562	0.889353	0.508904	-0.856061	0.090416	0.746823	0.491303	0.448192
49990	6.466125	-1.046278	1.020628	-0.008319	-0.143535	-0.359175	-0.428790	-0.156779	0.889696	0.507355	-0.856642	0.093566	0.747482	0.491512	0.446862
49991	6.842051	-2.085968	0.970621	0.058883	-0.284746	-0.227116	-0.427759	-0.153432	0.890776	0.506872	-0.856676	0.095847	0.748400	0.492508	0.444221
49992	7.539001	-2.183785	1.294011	0.212566	-0.357204	-0.109980	-0.425578	-0.150725	0.892281	0.508046	-0.855764	0.097759	0.748848	0.494924	0.440770
49993	8.018010	-1.805562	1.909051	0.387575	-0.271397	-0.048564	-0.423739	-0.148961	0.893452	0.510790	-0.853883	0.099890	0.748024	0.498693	0.437911
49994	8.167823	-1.154488	2.573519	0.805166	-0.161634	-0.038276	-0.422665	-0.147820	0.894150	0.516688	-0.849866	0.103739	0.744572	0.505844	0.435585
49995	7.554506	-0.117550	3.095749	1.445862	-0.168871	-0.098354	-0.421869	-0.146122	0.894804	0.527038	-0.842576	0.110887	0.737738	0.518376	0.432469
49996	6.915346	1.799006	3.598506	2.101127	-0.533190	-0.270584	-0.419340	-0.141039	0.896806	0.541358	-0.831848	0.122312	0.728756	0.536784	0.425180
49997	7.106619	4.287792	3.410371	2.551756	-1.076480	-0.447101	-0.413947	-0.131446	0.900761	0.558019	-0.818440	0.137006	0.719210	0.559355	0.412140
49998	8.189820	6.519150	2.804973	2.584499	-1.417877	-0.522184	-0.406704	-0.119107	0.905762	0.574401	-0.804310	0.152150	0.710391	0.582151	0.395531
49999	9.139837	7.796167	3.044206	1.949684	-1.523144	-0.431522	-0.398372	-0.106651	0.911003	0.586510	-0.793245	0.163610	0.705199	0.599490	0.378558
50000	10.185401	8.174229	4.422148	0.893464	-1.414451	-0.207850	-0.389555	-0.096456	0.915938	0.592042	-0.788028	0.168813	0.705502	0.608036	0.364086
50001	9.189807	6.586086	3.597229	-0.244555	-1.461099	0.065894	-0.378751	-0.088081	0.921297	0.590606	-0.789421	0.167329	0.712553	0.607500	0.351016
50002	9.954217	3.976179	3.994331	-1.037012	-1.466282	0.225203	-0.366830	-0.080998	0.926755	0.584045	-0.795462	0.161655	0.724104	0.600567	0.339106
50003	10.787589	2.741597	7.536503	-1.714766	-0.857711	0.170141	-0.359527	-0.077249	0.929932	0.572179	-0.805482	0.154302	0.737124	0.587563	0.333793
50004	9.929603	1.871786	9.658892	-2.070084	-0.515102	0.016937	-0.355533	-0.074394	0.931699	0.556889	-0.817432	0.147237	0.750647	0.571201	0.332053
50005	11.344475	1.793309	9.756882	-2.099857	-0.336686	0.005808	-0.352901	-0.072536	0.932845	0.541059	-0.829215	0.140208	0.763359	0.554203	0.331877
50006	11.073170	1.265736	7.801752	-1.642740	-0.537590	0.119451	-0.348062	-0.070582	0.934811	0.528900	-0.838095	0.133648	0.774027	0.540939	0.329040
50007	14.815214	0.727852	10.625068	-1.021975	-0.753572	0.054529	-0.341863	-0.066987	0.937359	0.521182	-0.843517	0.129799	0.781984	0.532908	0.323280
50008	15.867529	-0.355602	15.396604	-1.679703	-0.317900	0.100317	-0.338778	-0.066162	0.938537	0.508357	-0.852256	0.123419	0.791708	0.518924	0.322360
50009	11.489810	-1.669656	17.977341	-2.515897	-0.313008	0.200328	-0.335233	-0.066290	0.939800	0.488987	-0.864886	0.113419	0.805301	0.497572	0.322353
50010	6.493399	-2.755435	11.090171	-3.095529	-0.886266	0.231730	-0.326844	-0.064018	0.942908	0.464602	-0.879704	0.101320	0.822993	0.471193	0.317269
50011	6.763051	-3.840020	1.308943	-2.788261	-1.323137	0.279666	-0.314532	-0.060427	0.947322	0.442360	-0.892315	0.089955	0.839874	0.447351	0.307392
50012	8.804833	-4.846826	0.729434	-1.829658	-1.019732	0.367319	-0.304243	-0.059240	0.950751	0.428080	-0.900112	0.080902	0.850990	0.431611	0.299213
50013	7.483108	-6.591752	-0.033994	-0.780253	-0.906889	0.367583	-0.294890	-0.058683	0.953728	0.422564	-0.903218	0.075080	0.857018	0.425152	0.291147
50014	9.173241	-8.069852	-0.657149	-0.097013	-0.944005	0.291647	-0.285484	-0.057310	0.956669	0.422630	-0.903438	0.071998	0.860164	0.424871	0.282137
50015	11.012792	-6.388450	0.228986	0.547095	-0.652467	0.310310	-0.278504	-0.057338	0.958722	0.428257	-0.900900	0.070527	0.859669	0.430222	0.275459
50016	10.324267	-3.800104	1.225875	1.507918	-0.533223	0.303248	-0.272544	-0.057731	0.960410	0.442070	-0.894110	0.071704	0.854572	0.444111	0.269206
50017	10.085592	-1.194877	0.751050	2.308029	-0.582236	0.221759	-0.266539	-0.057075	0.962133	0.462337	-0.883469	0.075673	0.845696	0.465000	0.261867
50018	11.025621	0.479020	1.296392	2.443680	-0.505539	0.110223	-0.261699	-0.055636	0.963545	0.483221	-0.871752	0.080907	0.835470	0.486779	0.255021
50019	9.728490	1.752885	0.375642	2.352191	-0.521375	0.032238	-0.257157	-0.053339	0.964897	0.502883	-0.860017	0.086483	0.825214	0.507470	0.247982
50020	9.145726	3.569217	1.577124	2.235098	-0.652432	0.013989	-0.251663	-0.050080	0.966518	0.521304	-0.848421	0.091777	0.815419	0.526947	0.239624
50021	9.518650	4.739324	2.328353	1.915271	-0.628702	0.072873	-0.246124	-0.047341	0.968082	0.537066	-0.838110	0.095558	0.806835	0.543443	0.231704
50022	9.607569	5.492846	2.645456	1.140178	-0.649253	0.152222	-0.240006	-0.045046	0.969726	0.546658	-0.831758	0.096660	0.802224	0.553307	0.224251
50023	9.768688	4.871632	3.000987	0.100198	-0.674159	0.162243	-0.233653	-0.042667	0.971383	0.547890	-0.831107	0.095282	0.803258	0.554474	0.217568
50024	9.584002	2.864069	2.421228	-0.823208	-0.677917	0.143280	-0.227337	-0.040118	0.972989	0.541631	-0.835556	0.092099	0.809292	0.547939	0.211682
50025	9.420066	0.332339	1.420282	-1.277515	-0.686227	0.129775	-0.221007	-0.037489	0.974551	0.531573	-0.842414	0.088143	0.817671	0.537525	0.206108
50026	9.483896	-1.614991	1.069440	-1.302173	-0.682852	0.115996	-0.214714	-0.034832	0.976056	0.521172	-0.849274	0.084341	0.826001	0.526802	0.200505
50027	9.785409	-2.417844	0.255249	-0.921046	-0.697626	0.070372	-0.208513	-0.031791	0.977503	0.513728	-0.854044	0.081808	0.832229	0.519229	0.194411
50028	10.093226	-2.017595	-0.622205	-0.362919	-0.713312	0.021334	-0.202385	-0.028277	0.978898	0.510794	-0.855890	0.080882	0.835541	0.516385	0.187663
50029	10.074962	-1.165205	-0.982635	0.181252	-0.724503	-0.020967	-0.196381	-0.024360	0.980225	0.512312	-0.854934	0.081392	0.836045	0.518165	0.180373
50030	10.139546	-0.479693	-0.471762	0.511634	-0.707384	-0.077604	-0.190801	-0.020013	0.981425	0.516484	-0.852261	0.083032	0.834769	0.522733	0.172948
50031	10.126635	0.038448	0.258489	0.622685	-0.735970	-0.118832	-0.185223	-0.015145	0.982580	0.521498	-0.848986	0.085220	0.832906	0.528198	0.165149
50032	10.427104	0.069780	2.112246	0.493788	-0.722811	-0.120917	-0.179769	-0.010282	0.983655	0.525434	-0.846356	0.087180	0.831626	0.532519	0.157551
50033	10.043216	-1.043635	2.969206	0.155405	-0.733360	-0.040731	-0.173825	-0.006036	0.984758	0.526699	-0.845506	0.087788	0.832089	0.533931	0.150149
50034	9.499664	-1.632788	3.214156	0.158807	-0.720830	0.075266	-0.167358	-0.002814	0.985892	0.528197	-0.844627	0.087252	0.832466	0.535347	0.142841
50035	9.496405	-1.015837	2.544031	0.543310	-0.631618	0.139640	-0.161306	-0.000606	0.986904	0.532988	-0.841680	0.086598	0.830605	0.539977	0.136091
