// General information: 
//  MT Manager version: 2022.2.0 
//  XDA version: 2022.2.0 build 7381 rev 124627 built on 2023-07-19
// Device information: 
//  DeviceId: 00B4CBA7
//  ProductCode: MTW2-3A7G6
//  Firmware Version: 4.6.0
//  Hardware Version: 2.0.0
// Device settings: 
//  Filter Profile: human(46.1)
//  Option Flags: Orientation Smoother Disabled, Position/Velocity Smoother Disabled, Continuous Zero Rotation Update Disabled, AHS Disabled, ICC Disabled
// Coordinate system: ENU
PacketCounter	Acc_X	Acc_Y	Acc_Z	Gyr_X	Gyr_Y	Gyr_Z	Mat[1][1]	Mat[2][1]	Mat[3][1]	Mat[1][2]	Mat[2][2]	Mat[3][2]	Mat[1][3]	Mat[2][3]	Mat[3][3]
49015	9.433576	-0.078980	-2.952302	-0.116853	-0.130782	0.046247	0.245152	-0.077152	0.966410	-0.128282	-0.990645	-0.046545	0.960960	-0.112563	-0.252755
49016	9.601148	-0.526724	-3.016472	-0.121470	-0.109153	0.044879	0.246144	-0.077683	0.966115	-0.129560	-0.990474	-0.046633	0.960535	-0.113691	-0.253863
49017	9.729389	-0.892724	-3.081411	-0.071907	-0.097063	0.046331	0.247017	-0.078214	0.965849	-0.130347	-0.990360	-0.046862	0.960204	-0.114320	-0.254831
49018	9.806333	-0.887230	-3.159867	-0.030972	-0.072811	0.042809	0.247662	-0.078685	0.965646	-0.130751	-0.990293	-0.047159	0.959983	-0.114580	-0.255546
49019	9.762564	-0.967264	-3.162974	-0.051045	-0.044973	0.034584	0.248047	-0.079050	0.965517	-0.131354	-0.990205	-0.047326	0.959801	-0.115085	-0.256001
49020	9.680117	-1.045253	-3.268447	-0.000987	-0.027864	0.026181	0.248281	-0.079305	0.965436	-0.131428	-0.990185	-0.047539	0.959731	-0.115082	-0.256267
49021	9.695617	-0.843547	-3.124808	0.042706	-0.007760	0.018858	0.248339	-0.079454	0.965409	-0.131008	-0.990228	-0.047797	0.959773	-0.114606	-0.256321
49022	9.566335	-0.677113	-3.106970	0.078810	0.012041	0.016132	0.248203	-0.079564	0.965435	-0.130291	-0.990307	-0.048117	0.959906	-0.113845	-0.256164
49023	9.507421	-0.518772	-2.931971	0.095328	0.022937	0.003594	0.247983	-0.079534	0.965494	-0.129358	-0.990418	-0.048362	0.960089	-0.112902	-0.255895
49024	9.402022	-0.470461	-2.882040	0.077298	0.042244	0.007040	0.247569	-0.079519	0.965601	-0.128633	-0.990501	-0.048590	0.960293	-0.112179	-0.255446
49025	9.390698	-0.369197	-2.751768	0.093410	0.048737	0.006412	0.247094	-0.079498	0.965725	-0.127766	-0.990600	-0.048855	0.960531	-0.111315	-0.254928
49026	9.464441	-0.307828	-2.664830	0.084001	0.054561	0.010532	0.246557	-0.079505	0.965862	-0.126985	-0.990687	-0.049133	0.960773	-0.110536	-0.254357
49027	9.411544	-0.284325	-2.530427	0.099204	0.059075	0.014145	0.245970	-0.079552	0.966007	-0.126095	-0.990783	-0.049486	0.961041	-0.109636	-0.253734
49028	9.362816	-0.214445	-2.334563	0.080360	0.057382	0.020661	0.245393	-0.079658	0.966145	-0.125373	-0.990856	-0.049851	0.961282	-0.108896	-0.253136
49029	9.319315	-0.367836	-2.251991	0.057839	0.042532	0.027065	0.244952	-0.079846	0.966242	-0.124885	-0.990899	-0.050224	0.961458	-0.108367	-0.252695
49030	9.381237	-0.479340	-2.180416	0.105691	0.043615	0.033317	0.244492	-0.080092	0.966338	-0.123951	-0.990988	-0.050775	0.961696	-0.107364	-0.252217
49031	9.343156	-0.490658	-2.247304	0.128244	0.030036	0.036952	0.244159	-0.080393	0.966397	-0.122811	-0.991097	-0.051420	0.961927	-0.106130	-0.251858
49032	9.317039	-0.349933	-2.199196	0.154574	0.022611	0.037030	0.243897	-0.080700	0.966438	-0.121415	-0.991232	-0.052129	0.962171	-0.104625	-0.251556
49033	9.290824	-0.208720	-2.152314	0.075159	0.013875	0.041941	0.243715	-0.081067	0.966453	-0.120795	-0.991278	-0.052688	0.962295	-0.103901	-0.251382
49034	9.228855	-0.386184	-2.112243	0.004424	0.003683	0.044994	0.243626	-0.081473	0.966441	-0.120862	-0.991248	-0.053096	0.962309	-0.103870	-0.251341
49035	9.203210	-0.514198	-2.240107	0.023638	-0.009723	0.046693	0.243664	-0.081916	0.966394	-0.120768	-0.991234	-0.053571	0.962311	-0.103657	-0.251420
49036	9.232713	-0.607518	-2.292554	0.025145	-0.015159	0.052876	0.243746	-0.082419	0.966331	-0.120656	-0.991219	-0.054107	0.962304	-0.103405	-0.251550
49037	9.341785	-0.600004	-2.380218	0.034228	-0.019671	0.056615	0.243869	-0.082968	0.966253	-0.120475	-0.991208	-0.054705	0.962296	-0.103069	-0.251720
49038	9.404015	-0.622730	-2.490741	0.046178	-0.021997	0.054622	0.244015	-0.083496	0.966170	-0.120164	-0.991212	-0.055311	0.962298	-0.102602	-0.251904
49039	9.496052	-0.557223	-2.515423	0.037221	-0.021834	0.055748	0.244159	-0.084037	0.966087	-0.119946	-0.991205	-0.055908	0.962289	-0.102228	-0.252092
49040	9.562169	-0.520865	-2.632674	0.030123	-0.015092	0.056903	0.244237	-0.084580	0.966020	-0.119796	-0.991190	-0.056496	0.962288	-0.101927	-0.252217
49041	9.577919	-0.484533	-2.696372	-0.009873	-0.006167	0.054668	0.244236	-0.085090	0.965975	-0.120005	-0.991138	-0.056964	0.962262	-0.102009	-0.252283
49042	9.589489	-0.589351	-2.855074	0.004575	0.001369	0.056255	0.244156	-0.085609	0.965950	-0.120099	-0.991096	-0.057482	0.962270	-0.101975	-0.252264
49043	9.619622	-0.600901	-2.802801	0.000885	0.019282	0.054624	0.243910	-0.086091	0.965969	-0.120195	-0.991056	-0.057977	0.962321	-0.101964	-0.252076
49044	9.547287	-0.575924	-2.847253	-0.022882	0.028320	0.050232	0.243577	-0.086523	0.966014	-0.120538	-0.990991	-0.058367	0.962362	-0.102225	-0.251812
49045	9.510040	-0.604203	-2.812914	-0.011573	0.043040	0.049979	0.243106	-0.086939	0.966096	-0.120766	-0.990939	-0.058785	0.962453	-0.102380	-0.251402
49046	9.455847	-0.655944	-2.816727	-0.003810	0.050282	0.045525	0.242568	-0.087302	0.966198	-0.120913	-0.990898	-0.059178	0.962570	-0.102472	-0.250916
49047	9.410359	-0.595416	-2.799307	-0.002360	0.063223	0.050637	0.241893	-0.087715	0.966330	-0.121108	-0.990847	-0.059625	0.962715	-0.102608	-0.250302
49048	9.361240	-0.600611	-2.740073	-0.001551	0.072864	0.052195	0.241129	-0.088121	0.966484	-0.121250	-0.990802	-0.060087	0.962889	-0.102697	-0.249596
49049	9.328912	-0.665053	-2.743646	0.030890	0.074320	0.052196	0.240358	-0.088520	0.966640	-0.121043	-0.990794	-0.060634	0.963108	-0.102431	-0.248860
49050	9.301218	-0.582334	-2.684762	0.032313	0.085931	0.053061	0.239467	-0.088921	0.966824	-0.120860	-0.990782	-0.061190	0.963353	-0.102197	-0.248006
49051	9.294822	-0.605892	-2.661973	0.017925	0.092457	0.055234	0.238516	-0.089331	0.967021	-0.120776	-0.990758	-0.061734	0.963599	-0.102068	-0.247101
49052	9.339719	-0.546752	-2.588838	0.012167	0.097477	0.055590	0.237510	-0.089746	0.967230	-0.120791	-0.990723	-0.062264	0.963846	-0.102045	-0.246147
49053	9.367437	-0.623496	-2.487316	-0.028024	0.100862	0.057387	0.236474	-0.090171	0.967445	-0.121169	-0.990649	-0.062716	0.964053	-0.102394	-0.245188
49054	9.424729	-0.687705	-2.436038	-0.027128	0.103487	0.055298	0.235410	-0.090576	0.967666	-0.121562	-0.990573	-0.063147	0.964264	-0.102766	-0.244201
49055	9.439420	-0.734507	-2.346223	-0.021551	0.105494	0.058651	0.234326	-0.091015	0.967888	-0.121911	-0.990500	-0.063626	0.964484	-0.103087	-0.243195
49056	9.471073	-0.745735	-2.284942	-0.019918	0.103734	0.054333	0.233260	-0.091409	0.968109	-0.122231	-0.990432	-0.064066	0.964702	-0.103389	-0.242201
49057	9.486022	-0.679595	-2.262361	-0.007673	0.102666	0.053125	0.232210	-0.091789	0.968325	-0.122399	-0.990381	-0.064528	0.964934	-0.103538	-0.241211
49058	9.525746	-0.685468	-2.147537	-0.001670	0.098963	0.053535	0.231190	-0.092180	0.968532	-0.122540	-0.990332	-0.065005	0.965161	-0.103655	-0.240251
49059	9.608461	-0.602590	-2.104334	0.005368	0.093521	0.056696	0.230226	-0.092607	0.968721	-0.122604	-0.990290	-0.065531	0.965383	-0.103682	-0.239344
49060	9.568089	-0.572333	-2.159483	0.031659	0.086565	0.059073	0.229318	-0.093066	0.968892	-0.122435	-0.990270	-0.066142	0.965620	-0.103458	-0.238482
49061	9.554241	-0.394522	-2.223226	0.023715	0.084382	0.060766	0.228434	-0.093540	0.969055	-0.122311	-0.990244	-0.066753	0.965846	-0.103278	-0.237646
49062	9.509688	-0.416990	-2.306443	-0.040927	0.083032	0.061118	0.227557	-0.094022	0.969215	-0.122847	-0.990147	-0.067210	0.965985	-0.103771	-0.236866
49063	9.425787	-0.562391	-2.360403	-0.075080	0.081484	0.058872	0.226705	-0.094482	0.969370	-0.123686	-0.990018	-0.067568	0.966078	-0.104580	-0.236129
49064	9.464858	-0.737737	-2.419046	-0.078467	0.083034	0.061172	0.225828	-0.094964	0.969527	-0.124584	-0.989880	-0.067939	0.966168	-0.105445	-0.235374
49065	9.436019	-0.841988	-2.430255	-0.061321	0.086312	0.059207	0.224923	-0.095422	0.969693	-0.125297	-0.989763	-0.068334	0.966287	-0.106130	-0.234576
49066	9.407734	-0.851567	-2.406225	-0.076754	0.093984	0.056432	0.223945	-0.095843	0.969878	-0.126167	-0.989630	-0.068664	0.966401	-0.106989	-0.233715
49067	9.391781	-0.890482	-2.369960	-0.083028	0.090048	0.053774	0.223010	-0.096244	0.970053	-0.127088	-0.989492	-0.068956	0.966496	-0.107904	-0.232898
49068	9.345208	-0.941093	-2.283961	-0.089403	0.091807	0.050536	0.222059	-0.096608	0.970235	-0.128066	-0.989349	-0.069201	0.966586	-0.108887	-0.232066
49069	9.282867	-0.914084	-2.236415	-0.072874	0.093100	0.049288	0.221101	-0.096955	0.970420	-0.128856	-0.989227	-0.069476	0.966701	-0.109683	-0.231212
49070	9.331167	-0.976717	-2.273939	-0.012331	0.084881	0.045544	0.220222	-0.097276	0.970587	-0.129077	-0.989171	-0.069852	0.966872	-0.109897	-0.230394
49071	9.439526	-0.852776	-2.204866	0.022452	0.087659	0.045105	0.219323	-0.097586	0.970760	-0.128928	-0.989158	-0.070307	0.967096	-0.109739	-0.229527
49072	9.523590	-0.757335	-2.228972	0.016812	0.086360	0.043870	0.218433	-0.097889	0.970930	-0.128863	-0.989137	-0.070734	0.967306	-0.109666	-0.228674
49073	9.562986	-0.750388	-2.182638	-0.010133	0.090142	0.037828	0.217519	-0.098124	0.971111	-0.129011	-0.989095	-0.071044	0.967492	-0.109830	-0.227806
49074	9.570949	-0.848886	-2.121721	-0.037333	0.088245	0.035889	0.216620	-0.098345	0.971290	-0.129451	-0.989021	-0.071270	0.967635	-0.110296	-0.226973
49075	9.532608	-0.881363	-2.049932	-0.009649	0.082456	0.028475	0.215791	-0.098499	0.971459	-0.129589	-0.988987	-0.071490	0.967802	-0.110463	-0.226179
49076	9.515740	-0.831763	-1.945292	0.027063	0.072043	0.024898	0.215062	-0.098629	0.971607	-0.129382	-0.988995	-0.071755	0.967992	-0.110276	-0.225456
49077	9.485717	-0.758815	-1.819716	0.051465	0.062763	0.022471	0.214433	-0.098745	0.971734	-0.128915	-0.989034	-0.072055	0.968194	-0.109820	-0.224811
49078	9.502015	-0.657036	-1.671450	0.050135	0.044799	0.019968	0.213975	-0.098857	0.971824	-0.128474	-0.989072	-0.072324	0.968354	-0.109378	-0.224337
49079	9.463064	-0.594754	-1.568831	0.012249	0.030242	0.017299	0.213668	-0.098950	0.971882	-0.128335	-0.989078	-0.072487	0.968440	-0.109238	-0.224033
49080	9.530665	-0.762404	-1.648692	-0.020317	0.011966	0.022138	0.213525	-0.099120	0.971896	-0.128580	-0.989037	-0.072619	0.968439	-0.109461	-0.223929
49081	9.546089	-0.857603	-1.840787	0.049369	-0.006681	0.023015	0.213565	-0.099318	0.971867	-0.128137	-0.989072	-0.072918	0.968489	-0.108959	-0.223958
49082	9.604062	-0.635366	-2.026223	0.112832	-0.014563	0.027188	0.213673	-0.099566	0.971818	-0.127104	-0.989170	-0.073398	0.968601	-0.107838	-0.224014
49083	9.587961	-0.407124	-2.125377	0.026931	-0.015562	0.024943	0.213797	-0.099790	0.971768	-0.126865	-0.989181	-0.073667	0.968605	-0.107534	-0.224143
49084	9.590705	-0.632772	-2.238342	-0.067228	-0.015662	0.018737	0.213925	-0.099955	0.971723	-0.127558	-0.989092	-0.073660	0.968486	-0.108193	-0.224342
49085	9.585123	-0.868578	-2.371472	-0.044692	-0.013132	0.015256	0.214029	-0.100097	0.971685	-0.128082	-0.989024	-0.073671	0.968394	-0.108687	-0.224500
49086	9.537233	-0.904335	-2.362664	-0.001658	-0.006957	0.014028	0.214079	-0.100207	0.971663	-0.128129	-0.989010	-0.073766	0.968376	-0.108707	-0.224566
49087	9.524985	-0.875585	-2.375443	-0.023363	-0.000504	0.016997	0.214066	-0.100341	0.971652	-0.128390	-0.988971	-0.073844	0.968345	-0.108943	-0.224588
49088	9.442675	-0.969764	-2.377164	-0.019399	0.004274	0.009207	0.214013	-0.100391	0.971658	-0.128599	-0.988943	-0.073852	0.968329	-0.109149	-0.224557
49089	9.426679	-0.971809	-2.219180	0.005759	0.009632	0.005702	0.213921	-0.100399	0.971678	-0.128536	-0.988949	-0.073886	0.968358	-0.109090	-0.224461
49090	9.388292	-0.901691	-2.153497	0.032768	0.003156	0.003270	0.213887	-0.100392	0.971686	-0.128227	-0.988984	-0.073953	0.968406	-0.108779	-0.224403
49091	9.404879	-0.967796	-2.182182	0.035796	0.000950	0.002416	0.213879	-0.100378	0.971689	-0.127870	-0.989025	-0.074023	0.968455	-0.108418	-0.224367
49092	9.399008	-0.874262	-2.234314	0.113791	-0.001574	0.002002	0.213893	-0.100363	0.971688	-0.126774	-0.989148	-0.074260	0.968596	-0.107301	-0.224295
49093	9.416748	-0.686749	-2.320818	0.095035	0.007710	0.001411	0.213818	-0.100338	0.971707	-0.125871	-0.989249	-0.074452	0.968730	-0.106391	-0.224149
49094	9.461551	-0.606379	-2.356037	0.070117	0.008701	0.002936	0.213731	-0.100321	0.971728	-0.125199	-0.989323	-0.074600	0.968837	-0.105715	-0.224009
49095	9.422570	-0.630736	-2.324644	0.004992	0.017729	0.000943	0.213565	-0.100267	0.971770	-0.125092	-0.989337	-0.074588	0.968887	-0.105632	-0.223831
49096	9.406947	-0.808401	-2.302817	-0.012001	0.021535	0.002974	0.213354	-0.100237	0.971819	-0.125216	-0.989324	-0.074553	0.968917	-0.105782	-0.223628
49097	9.402120	-0.867809	-2.293905	0.009136	0.026483	0.002425	0.213101	-0.100195	0.971879	-0.125111	-0.989337	-0.074562	0.968987	-0.105704	-0.223364
49098	9.441882	-0.757035	-2.252596	0.038359	0.022860	0.003559	0.212876	-0.100170	0.971931	-0.124749	-0.989377	-0.074645	0.969083	-0.105357	-0.223110
49099	9.433194	-0.687314	-2.167377	-0.007496	0.026582	0.007888	0.212617	-0.100180	0.971987	-0.124802	-0.989368	-0.074671	0.969133	-0.105430	-0.222859
49100	9.407210	-0.734692	-2.156804	-0.026333	0.023156	0.007687	0.212384	-0.100195	0.972036	-0.125075	-0.989335	-0.074650	0.969149	-0.105723	-0.222651
49101	9.402127	-0.705280	-2.079771	-0.054076	0.018659	0.004200	0.212208	-0.100169	0.972077	-0.125533	-0.989285	-0.074538	0.969128	-0.106210	-0.222509
49102	9.351342	-0.764325	-1.932750	-0.042754	0.014891	0.005185	0.212058	-0.100168	0.972110	-0.125959	-0.989237	-0.074456	0.969106	-0.106657	-0.222393
49103	9.366932	-0.658316	-1.790001	-0.082255	0.000148	0.000410	0.212059	-0.100136	0.972113	-0.126744	-0.989153	-0.074243	0.969003	-0.107465	-0.222450
49104	9.492798	-0.912446	-1.904817	-0.119768	-0.003377	0.007153	0.212083	-0.100174	0.972104	-0.127921	-0.989019	-0.074008	0.968843	-0.108656	-0.222569
49105	9.631933	-1.029946	-2.135099	-0.021428	-0.010622	0.004653	0.212180	-0.100201	0.972080	-0.128159	-0.988991	-0.073971	0.968790	-0.108886	-0.222686
49106	9.778756	-0.806732	-2.266111	0.046461	-0.004136	0.006238	0.212213	-0.100231	0.972070	-0.127724	-0.989038	-0.074097	0.968841	-0.108432	-0.222689
49107	9.765337	-0.563353	-2.431862	0.045094	0.001327	0.000049	0.212209	-0.100189	0.972075	-0.127247	-0.989095	-0.074165	0.968904	-0.107955	-0.222643
49108	9.754309	-0.439485	-2.408537	-0.012825	0.011895	0.001383	0.212093	-0.100153	0.972104	-0.127375	-0.989082	-0.074112	0.968913	-0.108103	-0.222534
49109	9.539522	-0.524312	-2.358448	-0.067988	0.018275	-0.001002	0.211924	-0.100083	0.972148	-0.127997	-0.989016	-0.073917	0.968868	-0.108768	-0.222406
49110	9.403725	-0.627857	-2.239534	-0.096621	0.023883	-0.002802	0.211697	-0.099993	0.972207	-0.128929	-0.988916	-0.073637	0.968794	-0.109757	-0.222242
49111	9.437029	-1.004855	-2.272244	-0.063472	0.026355	-0.005170	0.211452	-0.099880	0.972271	-0.129540	-0.988853	-0.073411	0.968766	-0.110425	-0.222034
49112	9.461390	-0.975836	-2.176452	0.005230	0.024075	-0.000979	0.211222	-0.099807	0.972329	-0.129489	-0.988862	-0.073375	0.968823	-0.110407	-0.221793
49113	9.471812	-0.863806	-2.152867	0.018177	0.024887	-0.002770	0.210987	-0.099717	0.972389	-0.129295	-0.988889	-0.073355	0.968900	-0.110248	-0.221536
49114	9.473066	-0.769255	-2.115472	-0.016632	0.022201	-0.002477	0.210776	-0.099631	0.972444	-0.129452	-0.988876	-0.073256	0.968925	-0.110444	-0.221329
49115	9.397565	-0.796519	-2.156037	-0.029919	0.020737	0.000721	0.210585	-0.099572	0.972491	-0.129688	-0.988852	-0.073164	0.968935	-0.110713	-0.221150
49116	9.450046	-0.708496	-2.136427	-0.003357	0.019958	0.001309	0.210391	-0.099526	0.972538	-0.129725	-0.988849	-0.073132	0.968972	-0.110776	-0.220956
49117	9.493075	-0.550499	-2.033833	-0.027894	0.016574	0.004090	0.210237	-0.099504	0.972574	-0.129946	-0.988824	-0.073076	0.968976	-0.111019	-0.220818
49118	9.471269	-0.544036	-1.997260	-0.069259	0.009317	0.003043	0.210144	-0.099487	0.972595	-0.130625	-0.988747	-0.072915	0.968905	-0.111723	-0.220775
49119	9.451209	-0.591186	-1.901095	-0.082195	0.007847	0.002698	0.210068	-0.099470	0.972614	-0.131420	-0.988655	-0.072726	0.968814	-0.112544	-0.220757
49120	9.470384	-0.614976	-1.835398	-0.091978	-0.005900	0.006891	0.210117	-0.099508	0.972599	-0.132327	-0.988547	-0.072552	0.968680	-0.113457	-0.220878
49121	9.535058	-0.616829	-1.712587	-0.102829	-0.012856	0.005637	0.210234	-0.099549	0.972570	-0.133360	-0.988424	-0.072344	0.968513	-0.114492	-0.221076
49122	9.612017	-0.756890	-1.845437	-0.112294	-0.025948	0.008420	0.210475	-0.099625	0.972510	-0.134466	-0.988289	-0.072140	0.968307	-0.115586	-0.221406
49123	9.755566	-0.820503	-2.050339	-0.014838	-0.030162	0.007411	0.210761	-0.099701	0.972440	-0.134632	-0.988266	-0.072144	0.968222	-0.115717	-0.221710
49124	9.762713	-0.567306	-2.022164	0.006807	-0.034654	0.010856	0.211083	-0.099811	0.972359	-0.134591	-0.988265	-0.072227	0.968158	-0.115625	-0.222040
49125	9.683930	-0.453239	-2.058633	-0.055960	-0.036082	0.007133	0.211427	-0.099890	0.972276	-0.135152	-0.988196	-0.072136	0.968005	-0.116153	-0.222431
49126	9.540303	-0.556328	-2.034134	-0.126919	-0.042934	-0.002112	0.211846	-0.099883	0.972185	-0.136377	-0.988052	-0.071796	0.967741	-0.117374	-0.222937
49127	9.415077	-0.777870	-1.980466	-0.128916	-0.048177	0.002072	0.212320	-0.099914	0.972079	-0.137560	-0.987910	-0.071495	0.967470	-0.118540	-0.223497
49128	9.311658	-0.830547	-1.823805	-0.104460	-0.058151	-0.002523	0.212887	-0.099921	0.971954	-0.138567	-0.987790	-0.071199	0.967201	-0.119523	-0.224134
49129	9.264644	-0.850288	-1.888600	-0.103438	-0.064952	0.002922	0.213499	-0.100013	0.971810	-0.139674	-0.987652	-0.070958	0.966907	-0.120587	-0.224832
49130	9.206511	-0.934438	-2.300714	0.003141	-0.073208	0.007626	0.214198	-0.100140	0.971644	-0.139661	-0.987651	-0.071002	0.966754	-0.120492	-0.225538
49131	9.322245	-0.709777	-2.453298	0.055273	-0.070442	0.014448	0.214867	-0.100324	0.971477	-0.139108	-0.987712	-0.071234	0.966686	-0.119834	-0.226182
49132	9.490866	-0.478438	-2.690716	-0.018913	-0.053383	0.016059	0.215362	-0.100510	0.971348	-0.139326	-0.987676	-0.071309	0.966544	-0.119977	-0.226711
49133	9.590723	-0.429623	-2.824150	-0.114086	-0.034881	0.016336	0.215686	-0.100669	0.971260	-0.140408	-0.987532	-0.071176	0.966315	-0.121021	-0.227131
49134	9.617307	-0.616081	-2.881625	-0.160409	-0.014672	0.017152	0.215805	-0.100820	0.971218	-0.141996	-0.987322	-0.070940	0.966057	-0.122600	-0.227385
49135	9.594782	-0.769313	-2.756764	-0.189017	0.002404	0.010932	0.215774	-0.100882	0.971218	-0.143798	-0.987087	-0.070583	0.965797	-0.124430	-0.227494
49136	9.522823	-0.988470	-2.751215	-0.214404	0.024297	0.004080	0.215535	-0.100855	0.971274	-0.145879	-0.986816	-0.070097	0.965538	-0.126580	-0.227406
49137	9.482309	-1.195402	-2.794061	-0.116972	0.037087	0.001102	0.215186	-0.100778	0.971359	-0.146974	-0.986674	-0.069808	0.965450	-0.127743	-0.227130
49138	9.390627	-0.989066	-2.627635	-0.040169	0.052625	-0.002491	0.214683	-0.100650	0.971484	-0.147358	-0.986628	-0.069655	0.965503	-0.128202	-0.226644
49139	9.328344	-0.870810	-2.512251	-0.072634	0.062298	-0.009509	0.214109	-0.100433	0.971633	-0.147993	-0.986553	-0.069364	0.965534	-0.128944	-0.226093
49140	9.338740	-0.925675	-2.359952	-0.104116	0.070198	-0.013786	0.213453	-0.100170	0.971804	-0.148970	-0.986434	-0.068957	0.965529	-0.130051	-0.225480
49141	9.275885	-0.968756	-2.153966	-0.067318	0.069182	-0.024981	0.212828	-0.099790	0.971981	-0.149508	-0.986383	-0.068532	0.965584	-0.130734	-0.224849
49142	9.362056	-0.909766	-1.888000	-0.060449	0.059771	-0.031194	0.212299	-0.099367	0.972139	-0.150027	-0.986337	-0.068055	0.965619	-0.131399	-0.224307
49143	9.489895	-0.875047	-1.626775	-0.029776	0.045401	-0.037693	0.211923	-0.098899	0.972269	-0.150216	-0.986340	-0.067588	0.965673	-0.131727	-0.223884
49144	9.637006	-0.616973	-1.319758	-0.042770	0.024897	-0.039390	0.211744	-0.098441	0.972355	-0.150547	-0.986325	-0.067072	0.965660	-0.132183	-0.223668
49145	9.740000	-0.590481	-0.959204	-0.124674	-0.005251	-0.046165	0.211877	-0.097948	0.972376	-0.151592	-0.986216	-0.066311	0.965468	-0.133354	-0.223805
49146	9.797004	-0.567210	-0.463454	-0.205023	-0.046042	-0.063963	0.212421	-0.097343	0.972318	-0.153436	-0.986006	-0.065192	0.965057	-0.135341	-0.224384
49147	9.809162	-0.720650	0.023369	-0.310691	-0.099794	-0.084129	0.213515	-0.096619	0.972150	-0.156266	-0.985663	-0.063640	0.964361	-0.138326	-0.225552
49148	9.775416	-1.183862	0.099722	-0.152427	-0.169532	-0.086687	0.215288	-0.095963	0.971824	-0.157551	-0.985536	-0.062415	0.963758	-0.139675	-0.227293
49149	9.712044	-1.333542	-0.220336	0.257549	-0.238100	-0.096487	0.217733	-0.095309	0.971344	-0.154866	-0.985986	-0.062031	0.963644	-0.136922	-0.229442
49150	9.868556	-0.806335	-1.061838	0.727798	-0.285984	-0.083598	0.220618	-0.094829	0.970740	-0.147669	-0.987037	-0.062860	0.964117	-0.129480	-0.231761
49151	9.994126	0.273819	-1.445443	0.830290	-0.324412	-0.070165	0.223856	-0.094494	0.970031	-0.139426	-0.988157	-0.064084	0.964598	-0.120902	-0.234380
49152	10.012283	0.912714	-1.792729	0.336058	-0.322683	-0.067386	0.227062	-0.094175	0.969316	-0.136034	-0.988623	-0.064185	0.964333	-0.117286	-0.237290
49153	9.751811	-0.049428	-2.246546	0.009696	-0.330014	-0.071384	0.230338	-0.093820	0.968577	-0.135769	-0.988705	-0.063483	0.963593	-0.116880	-0.240475
49154	9.616451	-1.020150	-2.505499	0.068728	-0.339014	-0.083088	0.233718	-0.093357	0.967812	-0.134914	-0.988865	-0.062807	0.962899	-0.115893	-0.243710
49155	9.680478	-1.077762	-2.321045	0.095657	-0.340942	-0.094014	0.237127	-0.092774	0.967039	-0.133710	-0.989073	-0.062100	0.962233	-0.114577	-0.246941
49156	9.775131	-1.235439	-2.121043	0.111809	-0.337159	-0.106473	0.240513	-0.092068	0.966270	-0.132380	-0.989301	-0.061311	0.961576	-0.113169	-0.250128
49157	9.967244	-1.132958	-1.872229	0.171040	-0.350445	-0.117086	0.244029	-0.091273	0.965463	-0.130471	-0.989600	-0.060577	0.960951	-0.111183	-0.253400
49158	10.192619	-0.839157	-1.538503	-0.007493	-0.358994	-0.131187	0.247650	-0.090337	0.964629	-0.130221	-0.989713	-0.059254	0.960058	-0.110940	-0.256866
49159	10.295290	-0.811971	-1.207553	-0.233488	-0.384762	-0.150722	0.251536	-0.089241	0.963725	-0.132082	-0.989589	-0.057162	0.958793	-0.112913	-0.260705
49160	10.313244	-1.014359	-1.434750	-0.225913	-0.416126	-0.166339	0.255746	-0.088032	0.962728	-0.133825	-0.989482	-0.054929	0.957437	-0.114789	-0.264837
49161	10.157424	-0.993751	-1.776957	-0.139994	-0.451225	-0.170752	0.260281	-0.086832	0.961620	-0.134732	-0.989470	-0.052879	0.956086	-0.115798	-0.269240
49162	10.061695	-0.722775	-2.266866	-0.061526	-0.500325	-0.154780	0.265271	-0.085844	0.960345	-0.134912	-0.989535	-0.051187	0.954688	-0.115984	-0.274077
49163	9.909254	-0.234067	-2.590131	0.050551	-0.526265	-0.140425	0.270474	-0.085033	0.958965	-0.134068	-0.989713	-0.049945	0.953347	-0.115057	-0.279092
49164	9.676729	-0.005396	-2.451039	-0.098660	-0.532987	-0.139450	0.275740	-0.084230	0.957535	-0.134626	-0.989719	-0.048294	0.951758	-0.115592	-0.284244
49165	9.627635	-0.071798	-2.254374	-0.168862	-0.555981	-0.137811	0.281211	-0.083475	0.956008	-0.135829	-0.989642	-0.046457	0.949984	-0.116790	-0.289637
49166	9.754413	-0.000425	-1.794508	-0.259092	-0.583408	-0.153700	0.286960	-0.082605	0.954374	-0.137850	-0.989467	-0.044194	0.947972	-0.118878	-0.295324
49167	9.960107	-0.346216	-1.375507	-0.413700	-0.611226	-0.176632	0.292969	-0.081598	0.952634	-0.141396	-0.989094	-0.041237	0.945609	-0.122618	-0.301311
49168	10.146609	-0.693073	-1.104917	-0.405287	-0.640770	-0.192724	0.299297	-0.080453	0.950762	-0.144651	-0.988748	-0.038131	0.943132	-0.126116	-0.307567
49169	10.305977	-0.733400	-1.005527	-0.353198	-0.687604	-0.187251	0.306040	-0.079441	0.948698	-0.147394	-0.988450	-0.035222	0.940539	-0.129053	-0.314215
49170	10.378948	-0.809515	-1.125966	-0.386404	-0.723186	-0.161975	0.313075	-0.078749	0.946458	-0.150519	-0.988075	-0.032422	0.937725	-0.132309	-0.321195
49171	10.388714	-1.160807	-1.800104	-0.231787	-0.711638	-0.136034	0.319937	-0.078336	0.944195	-0.152318	-0.987866	-0.030347	0.935115	-0.134109	-0.327986
49172	10.304638	-1.367862	-2.449798	-0.014872	-0.694389	-0.139590	0.326636	-0.077850	0.941938	-0.152002	-0.987956	-0.028943	0.932847	-0.133723	-0.334536
49173	10.338559	-1.419737	-2.783656	0.221650	-0.619497	-0.152141	0.332621	-0.077156	0.939899	-0.149509	-0.988357	-0.028224	0.931134	-0.131136	-0.340284
49174	9.951485	-1.061736	-2.817264	0.205117	-0.605019	-0.149650	0.338473	-0.076426	0.937867	-0.147096	-0.988740	-0.027485	0.929408	-0.128653	-0.345904
49175	9.772926	-1.365047	-2.979721	0.195502	-0.645110	-0.156064	0.344673	-0.075702	0.935666	-0.144846	-0.989095	-0.026667	0.927481	-0.126336	-0.351879
49176	9.502745	-1.995245	-3.023272	0.257636	-0.684497	-0.178095	0.351271	-0.074757	0.933284	-0.141835	-0.989552	-0.025880	0.925468	-0.123281	-0.358204
49177	9.569128	-2.615235	-3.224953	0.403202	-0.705353	-0.188766	0.358036	-0.073731	0.930792	-0.137499	-0.990172	-0.025544	0.923528	-0.118837	-0.364656
49178	9.410757	-2.877865	-3.389641	0.422694	-0.727822	-0.170518	0.364983	-0.072853	0.928160	-0.132979	-0.990791	-0.025477	0.921469	-0.114127	-0.371309
49179	9.407083	-2.936439	-3.708617	0.486580	-0.743744	-0.139384	0.371999	-0.072284	0.925414	-0.128025	-0.991431	-0.025977	0.919362	-0.108813	-0.378065
49180	9.200844	-2.462165	-4.155438	0.621147	-0.730545	-0.092801	0.378825	-0.072098	0.922656	-0.121967	-0.992154	-0.027451	0.917396	-0.102135	-0.384646
49181	8.987151	-1.671997	-4.291022	0.557196	-0.694164	-0.048690	0.385217	-0.072316	0.919988	-0.116800	-0.992728	-0.029127	0.915405	-0.096234	-0.390862
49182	8.966813	-0.770944	-4.030410	0.524594	-0.610081	-0.030396	0.390832	-0.072547	0.917599	-0.111879	-0.993242	-0.030875	0.913638	-0.090593	-0.396307
49183	8.757718	-0.017546	-3.442684	0.234082	-0.442675	-0.019446	0.394870	-0.072748	0.915852	-0.109743	-0.993458	-0.031597	0.912159	-0.088031	-0.400270
49184	8.401737	-0.193631	-3.138810	0.133280	-0.191031	-0.000807	0.396613	-0.072871	0.915089	-0.108518	-0.993576	-0.032087	0.911549	-0.086578	-0.401973
49185	7.883800	-0.479491	-2.694373	0.064474	0.088251	0.023986	0.395764	-0.073024	0.915445	-0.108080	-0.993610	-0.032534	0.911970	-0.086066	-0.401127
49186	7.580978	-1.123033	-2.219998	0.122169	0.365979	0.072598	0.392345	-0.073396	0.916885	-0.107245	-0.993663	-0.033650	0.913544	-0.085129	-0.397730
49187	7.538045	-1.883551	-2.139353	0.428876	0.647289	0.107984	0.386289	-0.073944	0.919409	-0.103869	-0.993928	-0.036297	0.916511	-0.081477	-0.391624
49188	7.583028	-2.468573	-2.201825	0.863254	0.921365	0.121393	0.377703	-0.074400	0.922933	-0.096396	-0.994510	-0.040720	0.920896	-0.073587	-0.382801
49189	7.750014	-2.685845	-2.620453	1.397001	1.178320	0.122787	0.366686	-0.074829	0.927331	-0.084030	-0.995350	-0.047090	0.926542	-0.060656	-0.371269
49190	8.260968	-2.448097	-2.832226	1.865148	1.436844	0.098080	0.353250	-0.075023	0.932516	-0.067035	-0.996247	-0.054757	0.933124	-0.043169	-0.356954
49191	8.313466	-1.621111	-2.340100	2.200208	1.676683	0.057985	0.337492	-0.075032	0.938333	-0.046650	-0.996927	-0.062939	0.940172	-0.022532	-0.339955
49192	8.334816	-0.785484	-1.808871	2.190142	1.870052	0.006946	0.319839	-0.074834	0.944512	-0.026001	-0.997194	-0.070204	0.947115	-0.002104	-0.320888
49193	8.756766	-0.126783	-1.607374	2.043656	2.050560	-0.068787	0.300340	-0.074277	0.950936	-0.006376	-0.997097	-0.075869	0.953811	0.016724	-0.299942
49194	9.031844	0.058898	-1.541207	1.627085	2.218724	-0.156090	0.279099	-0.073218	0.957467	0.009650	-0.996825	-0.079040	0.960214	0.031300	-0.277506
49195	9.349079	-0.167038	-1.025233	1.113006	2.353134	-0.238730	0.256373	-0.071663	0.963918	0.020999	-0.996599	-0.079678	0.966350	0.040668	-0.253997
49196	9.766902	-0.736215	-1.080653	0.786361	2.435318	-0.284473	0.232692	-0.069857	0.970038	0.029316	-0.996460	-0.078792	0.972109	0.046772	-0.229820
49197	10.536827	-0.929364	-0.658364	0.525918	2.450151	-0.302076	0.208689	-0.068014	0.975614	0.035094	-0.996416	-0.076971	0.977352	0.050301	-0.205554
49198	11.333480	-2.584356	-0.375864	-0.297002	2.404611	-0.221548	0.185048	-0.066924	0.980448	0.032618	-0.996711	-0.074190	0.982188	0.045709	-0.182256
49199	11.361353	-3.049968	-1.795599	0.554605	2.269745	-0.104085	0.162650	-0.066947	0.984410	0.038239	-0.996518	-0.074089	0.985943	0.049693	-0.159524
49200	11.918257	0.888181	-0.845209	0.887460	2.158719	-0.118307	0.141278	-0.066885	0.987708	0.047178	-0.996127	-0.074203	0.988845	0.057081	-0.137576
49201	11.641424	2.142433	-0.729106	-0.146729	2.156244	-0.136282	0.119836	-0.066704	0.990550	0.045883	-0.996302	-0.072642	0.991733	0.054154	-0.116332
49202	11.090861	2.644617	-0.132597	-0.542973	2.194705	-0.145362	0.097973	-0.066332	0.992976	0.040643	-0.996677	-0.070590	0.994359	0.047274	-0.094951
49203	10.176436	2.243447	0.053059	-1.167327	2.145915	-0.082362	0.076555	-0.066360	0.994855	0.029072	-0.997210	-0.068754	0.996641	0.034186	-0.074412
49204	9.443316	0.791134	-0.096766	-1.562273	1.995248	0.064407	0.056661	-0.067479	0.996110	0.013438	-0.997571	-0.068342	0.998303	0.017258	-0.055617
49205	10.035626	-0.549846	0.966001	-1.569762	1.832664	0.178297	0.038341	-0.069391	0.996852	-0.002350	-0.997589	-0.069352	0.999262	0.000316	-0.038412
49206	9.319121	-0.770537	-0.646841	-0.565205	1.733549	0.206343	0.020999	-0.071359	0.997230	-0.008069	-0.997429	-0.071203	0.999747	-0.006552	-0.021521
49207	8.260565	0.667988	-0.004766	-0.363084	1.486215	0.186074	0.006096	-0.073054	0.997309	-0.011750	-0.997264	-0.072979	0.999912	-0.011273	-0.006938
49208	7.893089	0.756296	-0.740183	-0.361602	1.164045	0.202973	-0.005574	-0.074884	0.997177	-0.015375	-0.997068	-0.074962	0.999866	-0.015750	0.004406
49209	9.062162	1.370768	-0.405167	-0.410886	0.865032	0.170551	-0.014276	-0.076397	0.996975	-0.019492	-0.996866	-0.076668	0.999708	-0.020528	0.012742
49210	9.440781	1.785160	-0.539087	-0.406223	0.655751	0.085650	-0.020852	-0.077065	0.996808	-0.023548	-0.996710	-0.077550	0.999505	-0.025090	0.018969
49211	8.979411	0.644091	-0.431138	-0.732020	0.410357	0.025363	-0.024983	-0.077167	0.996705	-0.030883	-0.996481	-0.077924	0.999211	-0.032728	0.022512
49212	8.299804	-1.742059	-1.357508	-0.348710	0.207766	0.021901	-0.027069	-0.077277	0.996642	-0.034372	-0.996346	-0.078188	0.999042	-0.036373	0.024314
49213	7.993941	-1.523258	-1.867248	0.344142	-0.158741	0.026987	-0.025513	-0.077569	0.996660	-0.030951	-0.996446	-0.078345	0.999195	-0.032847	0.023022
49214	8.110017	-1.032484	-1.920817	0.443523	-0.545872	0.012314	-0.020065	-0.077821	0.996765	-0.026527	-0.996574	-0.078340	0.999447	-0.028013	0.017931
49215	8.188997	-1.326927	-2.365672	0.797567	-0.917692	-0.008303	-0.010910	-0.077925	0.996900	-0.018578	-0.996771	-0.078118	0.999768	-0.019373	0.009427
49216	8.371965	-0.823838	-2.547570	1.204769	-1.226886	-0.013769	0.001356	-0.077909	0.996960	-0.006542	-0.996940	-0.077899	0.999978	-0.006417	-0.001862
49217	8.601323	-0.189634	-2.940323	1.170517	-1.458498	0.006446	0.015921	-0.077943	0.996831	0.005141	-0.996937	-0.078034	0.999860	0.006367	-0.015472
49218	9.155943	0.533188	-2.778382	1.114070	-1.564494	0.056237	0.031562	-0.078272	0.996432	0.016255	-0.996757	-0.078812	0.999370	0.018685	-0.030188
49219	9.871546	2.149850	-2.148636	0.944323	-1.506634	0.113003	0.046619	-0.079006	0.995783	0.025627	-0.996445	-0.080258	0.998584	0.029260	-0.044429
49220	10.274418	3.711051	-1.443914	0.639448	-1.336768	0.131270	0.059995	-0.079837	0.995001	0.031932	-0.996133	-0.081853	0.997688	0.036683	-0.057214
49221	9.939538	2.434617	-0.627895	-0.470992	-1.121948	0.118760	0.071204	-0.080596	0.994200	0.027140	-0.996205	-0.082703	0.997093	0.032872	-0.068746
49222	9.622240	-1.273011	-1.219641	-1.085581	-0.936049	0.117137	0.080556	-0.081467	0.993415	0.016223	-0.996415	-0.083028	0.996618	0.022804	-0.078945
49223	9.720594	-4.330225	-2.844353	-0.718431	-0.821768	0.155784	0.088746	-0.082824	0.992605	0.008918	-0.996431	-0.083941	0.996014	0.016301	-0.087691
49224	10.011696	-4.446338	-3.517546	0.306351	-0.787430	0.205315	0.096603	-0.084691	0.991713	0.011772	-0.996206	-0.086221	0.995253	0.020003	-0.095240
49225	9.834696	-2.868479	-3.685717	0.729753	-0.765401	0.239041	0.104240	-0.086856	0.990752	0.018778	-0.995830	-0.089277	0.994375	0.027910	-0.102174
49226	10.004713	-1.167924	-3.953904	0.904497	-0.770223	0.228797	0.111943	-0.088846	0.989735	0.027515	-0.995336	-0.092461	0.993334	0.037582	-0.108976
49227	10.387181	0.481414	-4.351488	0.759578	-0.785109	0.176463	0.119779	-0.090244	0.988691	0.034840	-0.994865	-0.095028	0.992189	0.045828	-0.116020
49228	10.576050	1.114548	-4.244708	0.385606	-0.817532	0.109226	0.127921	-0.090901	0.987610	0.038523	-0.994584	-0.096532	0.991036	0.050394	-0.123727
49229	10.737670	0.581759	-3.881065	-0.239503	-0.748191	0.056918	0.135343	-0.091064	0.986605	0.036067	-0.994655	-0.096754	0.990142	0.048679	-0.131335
49230	10.521273	-1.655350	-4.495798	-0.122527	-0.633536	0.045588	0.141624	-0.091175	0.985713	0.034787	-0.994676	-0.097002	0.989309	0.048027	-0.137699
49231	9.527684	-2.559527	-4.813059	0.544624	-0.535306	0.121671	0.146955	-0.092079	0.984848	0.039990	-0.994291	-0.098929	0.988335	0.053922	-0.142433
49232	9.484182	-1.679920	-5.339464	1.022179	-0.486568	0.185399	0.151838	-0.093597	0.983964	0.049805	-0.993517	-0.102192	0.987150	0.064523	-0.146192
49233	9.933422	0.339449	-4.776799	0.964660	-0.379256	0.191361	0.155678	-0.095202	0.983210	0.059024	-0.992670	-0.105463	0.986043	0.074451	-0.148918
49234	10.225432	1.145794	-4.259406	0.526906	-0.272473	0.166791	0.158460	-0.096611	0.982627	0.063952	-0.992108	-0.107856	0.985292	0.079932	-0.151031
49235	10.190450	0.733312	-3.606880	0.042214	-0.178629	0.147676	0.160310	-0.097898	0.982200	0.064130	-0.991934	-0.109335	0.984981	0.080516	-0.152739
49236	10.239408	-0.563760	-3.044549	-0.257290	-0.093622	0.149676	0.161320	-0.099273	0.981897	0.061351	-0.991995	-0.110373	0.984993	0.078046	-0.153938
49237	10.196692	-1.436139	-2.838106	-0.177641	-0.039811	0.165573	0.161809	-0.100849	0.981655	0.059332	-0.991970	-0.111689	0.985037	0.076316	-0.154526
49238	10.015848	-1.501120	-2.421940	-0.040822	-0.000556	0.177177	0.161913	-0.102570	0.981460	0.058640	-0.991826	-0.113327	0.985061	0.075902	-0.154575
49239	9.680010	-1.429126	-2.222431	-0.038889	0.029621	0.169602	0.161718	-0.104239	0.981316	0.057981	-0.991684	-0.114896	0.985132	0.075479	-0.154329
49240	9.293627	-1.717888	-2.262290	0.088647	0.050361	0.144630	0.161300	-0.105676	0.981231	0.058618	-0.991469	-0.116414	0.985163	0.076295	-0.153730
49241	8.827396	-1.146590	-2.055198	0.264507	0.055205	0.135962	0.160836	-0.107031	0.981161	0.061004	-0.991124	-0.118118	0.985094	0.078852	-0.152879
49242	8.532842	-0.724671	-1.557551	0.227490	0.052794	0.148228	0.160402	-0.108506	0.981070	0.063003	-0.990787	-0.119882	0.985039	0.081040	-0.152088
49243	8.627379	-0.884110	-1.334322	0.213805	0.037925	0.155438	0.160126	-0.110042	0.980944	0.064859	-0.990446	-0.121696	0.984963	0.083110	-0.151459
49244	8.949860	-1.097485	-1.161601	0.256035	0.024968	0.148155	0.159972	-0.111495	0.980805	0.067140	-0.990071	-0.123499	0.984836	0.085608	-0.150898
49245	9.380671	-1.199220	-0.827134	0.298359	-0.004007	0.146329	0.160110	-0.112904	0.980621	0.069844	-0.989651	-0.125348	0.984625	0.088559	-0.150567
49246	9.803907	-1.356782	-0.476366	0.264838	-0.027375	0.145257	0.160476	-0.114281	0.980402	0.072215	-0.989253	-0.127133	0.984394	0.091201	-0.150499
49247	10.287955	-1.715514	0.055043	0.141813	-0.052537	0.155016	0.161103	-0.115731	0.980129	0.073360	-0.988949	-0.128831	0.984207	0.092658	-0.150833
49248	10.125755	-2.098289	-0.002431	0.199949	-0.081970	0.160765	0.162023	-0.117208	0.979801	0.075065	-0.988580	-0.130671	0.983928	0.094720	-0.151374
49249	9.746524	-1.063930	0.396863	0.350538	-0.145829	0.141475	0.163562	-0.118431	0.979399	0.078281	-0.988080	-0.132554	0.983422	0.098349	-0.152341
49250	9.504976	-0.611401	0.763845	-0.002542	-0.197343	0.133381	0.165600	-0.119519	0.978924	0.078033	-0.987929	-0.133819	0.983101	0.098549	-0.154274
49251	9.331825	-1.588188	0.606606	-0.056223	-0.253552	0.129589	0.168187	-0.120516	0.978360	0.077261	-0.987834	-0.134964	0.982723	0.098288	-0.156830
49252	9.267340	-1.702269	0.596423	0.113993	-0.326005	0.121753	0.171478	-0.121360	0.977685	0.078171	-0.987579	-0.136298	0.982082	0.099799	-0.159861
49253	9.591426	-1.446384	0.698090	0.116873	-0.391591	0.121525	0.175410	-0.122132	0.976890	0.079104	-0.987319	-0.137640	0.981312	0.101419	-0.163525
49254	9.747756	-1.370161	0.474436	-0.001574	-0.452127	0.116846	0.179931	-0.122790	0.975985	0.078878	-0.987182	-0.138741	0.980512	0.101948	-0.167939
49255	9.892233	-1.775606	-0.466621	-0.094846	-0.484370	0.119152	0.184763	-0.123440	0.975000	0.077727	-0.987138	-0.139706	0.979705	0.101596	-0.172792
49256	9.756752	-1.587113	-1.360614	-0.037951	-0.501605	0.115907	0.189758	-0.124039	0.973964	0.077136	-0.987038	-0.140732	0.978796	0.101832	-0.177731
49257	9.746206	-1.211260	-1.683616	-0.139263	-0.500493	0.105298	0.194726	-0.124537	0.972920	0.075566	-0.987054	-0.141471	0.977943	0.101068	-0.182794
49258	9.730948	-1.542179	-2.104078	-0.241837	-0.487779	0.101159	0.199563	-0.125012	0.971878	0.073001	-0.987176	-0.141969	0.977162	0.099280	-0.187877
49259	9.550551	-1.748955	-2.413463	-0.182533	-0.475138	0.089372	0.204259	-0.125392	0.970853	0.071033	-0.987249	-0.142455	0.976336	0.098061	-0.192747
49260	9.545955	-1.839066	-2.562571	-0.209284	-0.462706	0.068776	0.208816	-0.125585	0.969858	0.068847	-0.987372	-0.142676	0.975529	0.096565	-0.197533
49261	9.799184	-2.043387	-2.389533	-0.210370	-0.441072	0.041758	0.213137	-0.125542	0.968923	0.066704	-0.987526	-0.142626	0.974743	0.095030	-0.202104
49262	9.791185	-1.942149	-2.385888	-0.081058	-0.432256	0.011632	0.217350	-0.125211	0.968029	0.065888	-0.987594	-0.142536	0.973867	0.094762	-0.206404
49263	9.759374	-1.965127	-2.256570	-0.108090	-0.421201	-0.009462	0.221436	-0.124688	0.967171	0.064854	-0.987713	-0.142184	0.973016	0.094209	-0.210629
49264	9.667155	-2.093692	-2.244267	0.038397	-0.413261	-0.016093	0.225438	-0.124102	0.966321	0.065262	-0.987702	-0.142073	0.972069	0.095093	-0.214567
49265	9.589986	-1.313495	-1.991548	0.122229	-0.415103	-0.022988	0.229448	-0.123445	0.965461	0.066499	-0.987619	-0.142082	0.971047	0.096803	-0.218398
49266	9.351045	-1.306615	-1.842662	-0.058399	-0.417396	-0.022406	0.233478	-0.122784	0.964579	0.065983	-0.987708	-0.141699	0.970121	0.096730	-0.222507
49267	9.312630	-1.627365	-1.788995	-0.068255	-0.430187	-0.030196	0.237621	-0.122038	0.963661	0.065390	-0.987816	-0.141221	0.969154	0.096571	-0.226746
49268	9.431306	-1.558670	-1.780512	0.014807	-0.451539	-0.035245	0.241966	-0.121216	0.962683	0.065618	-0.987850	-0.140878	0.968063	0.097257	-0.231072
49269	9.418623	-1.283770	-1.674781	-0.028671	-0.463878	-0.033076	0.246424	-0.120406	0.961654	0.065419	-0.987923	-0.140459	0.966952	0.097523	-0.235571
49270	9.361965	-1.450863	-1.680934	-0.086171	-0.481666	-0.041407	0.251046	-0.119492	0.960572	0.064689	-0.988062	-0.139818	0.965811	0.097239	-0.240319
49271	9.191316	-1.384100	-1.692313	-0.027074	-0.510007	-0.050752	0.255926	-0.118462	0.959410	0.064554	-0.988154	-0.139231	0.964538	0.097567	-0.245247
49272	8.978961	-1.525550	-1.457493	-0.126627	-0.538257	-0.062382	0.261069	-0.117286	0.958169	0.063495	-0.988355	-0.138282	0.963230	0.096940	-0.250581
49273	8.851377	-2.124390	-1.786326	-0.042810	-0.575079	-0.072642	0.266548	-0.115979	0.956818	0.063273	-0.988487	-0.137444	0.961742	0.097176	-0.256141
49274	9.013270	-2.164160	-1.894751	0.067729	-0.604464	-0.090986	0.272293	-0.114452	0.955383	0.064169	-0.988530	-0.136712	0.960072	0.098532	-0.261825
49275	9.175888	-2.008887	-2.148133	0.124192	-0.622889	-0.102203	0.278191	-0.112791	0.953880	0.065640	-0.988528	-0.136032	0.958280	0.100455	-0.267596
49276	9.228973	-1.844277	-2.313776	0.097534	-0.631604	-0.107660	0.284160	-0.111052	0.952324	0.066877	-0.988554	-0.135232	0.956441	0.102117	-0.273481
