// General information: 
//  MT Manager version: 2022.2.0 
//  XDA version: 2022.2.0 build 7381 rev 124627 built on 2023-07-19
// Device information: 
//  DeviceId: 00B4CB9F
//  ProductCode: MTW2-3A7G6
//  Firmware Version: 4.6.0
//  Hardware Version: 2.0.0
// Device settings: 
//  Filter Profile: human(46.1)
//  Option Flags: Orientation Smoother Disabled, Position/Velocity Smoother Disabled, Continuous Zero Rotation Update Disabled, AHS Disabled, ICC Disabled
// Coordinate system: ENU
PacketCounter	Acc_X	Acc_Y	Acc_Z	Gyr_X	Gyr_Y	Gyr_Z	Mat[1][1]	Mat[2][1]	Mat[3][1]	Mat[1][2]	Mat[2][2]	Mat[3][2]	Mat[1][3]	Mat[2][3]	Mat[3][3]
37701	9.608637	-1.657801	-1.770137	-0.034161	0.002873	0.030395	-0.147498	0.154393	0.976938	-0.023941	0.986895	-0.159581	-0.988773	-0.046926	-0.141868
37702	9.574229	-1.700300	-1.688083	-0.000271	-0.004952	0.030043	-0.147594	0.154728	0.976870	-0.023930	0.986839	-0.159923	-0.988759	-0.046980	-0.141949
37703	9.513216	-1.705323	-1.483246	0.020186	-0.013358	0.028726	-0.147776	0.155048	0.976792	-0.024152	0.986775	-0.160286	-0.988726	-0.047278	-0.142077
37704	9.691049	-1.782683	-1.389380	0.037992	-0.024608	0.021676	-0.148064	0.155291	0.976710	-0.024532	0.986715	-0.160601	-0.988673	-0.047740	-0.142288
37705	9.872268	-1.701923	-1.246042	0.063617	-0.007124	0.023970	-0.148174	0.155567	0.976649	-0.025183	0.986637	-0.160978	-0.988641	-0.048448	-0.142276
37706	9.730489	-1.583665	-1.128489	0.076930	0.012066	0.028266	-0.148102	0.155893	0.976608	-0.025939	0.986546	-0.161413	-0.988632	-0.049237	-0.142066
37707	9.658649	-1.502069	-1.056001	0.069641	0.024849	0.038042	-0.147927	0.156318	0.976567	-0.026674	0.986440	-0.161938	-0.988638	-0.050004	-0.141752
37708	9.562376	-1.518418	-0.981621	0.042173	0.042256	0.041615	-0.147561	0.156791	0.976546	-0.027066	0.986345	-0.162454	-0.988683	-0.050403	-0.141302
37709	9.483019	-1.448692	-1.089751	0.012043	0.045685	0.039743	-0.147151	0.157262	0.976532	-0.027114	0.986267	-0.162915	-0.988742	-0.050451	-0.140866
37710	9.146783	-1.447851	-1.222839	-0.032168	0.035238	0.032059	-0.146851	0.157637	0.976517	-0.026786	0.986224	-0.163232	-0.988796	-0.050128	-0.140606
37711	9.590569	-1.378901	-1.263613	-0.058780	0.019166	0.022901	-0.146702	0.157916	0.976494	-0.026216	0.986207	-0.163426	-0.988833	-0.049575	-0.140538
37712	9.558547	-1.488833	-1.443468	-0.104117	0.038042	0.013317	-0.146369	0.158108	0.976513	-0.025204	0.986228	-0.163458	-0.988909	-0.048537	-0.140368
37713	9.603353	-1.640764	-1.525739	-0.121320	0.030740	0.014814	-0.146116	0.158312	0.976518	-0.024037	0.986253	-0.163487	-0.988975	-0.047361	-0.140302
37714	9.563653	-1.740816	-1.647822	-0.124241	0.031665	0.016571	-0.145846	0.158532	0.976523	-0.022821	0.986275	-0.163523	-0.989044	-0.046134	-0.140227
37715	9.750050	-1.757373	-1.751623	-0.108311	0.027362	0.016097	-0.145621	0.158756	0.976520	-0.021742	0.986289	-0.163587	-0.989102	-0.045053	-0.140172
37716	9.648018	-1.743611	-1.786897	-0.088695	0.022379	0.015229	-0.145442	0.158958	0.976514	-0.020879	0.986296	-0.163660	-0.989146	-0.044192	-0.140130
37717	9.593781	-1.790689	-1.715898	-0.075124	0.021025	0.012447	-0.145272	0.159130	0.976511	-0.020184	0.986299	-0.163728	-0.989186	-0.043495	-0.140069
37718	9.518328	-1.777954	-1.595222	-0.055373	0.018121	0.018895	-0.145136	0.159366	0.976493	-0.019646	0.986284	-0.163884	-0.989217	-0.042969	-0.140014
37719	9.506319	-1.843090	-1.485839	-0.017675	0.007693	0.014445	-0.145109	0.159556	0.976466	-0.019503	0.986259	-0.164054	-0.989223	-0.042850	-0.140003
37720	9.553895	-1.905408	-1.378836	0.006755	0.009898	0.016057	-0.145054	0.159760	0.976441	-0.019583	0.986221	-0.164269	-0.989230	-0.042950	-0.139927
37721	9.591312	-1.776197	-1.268805	0.041895	0.008009	0.014868	-0.145033	0.159941	0.976414	-0.020093	0.986168	-0.164524	-0.989223	-0.043481	-0.139814
37722	9.597786	-1.633090	-1.164745	0.046837	0.007686	0.013683	-0.145000	0.160121	0.976389	-0.020574	0.986117	-0.164772	-0.989218	-0.043980	-0.139693
37723	9.616166	-1.578529	-1.127687	0.034124	0.016695	0.015753	-0.144880	0.160324	0.976374	-0.020971	0.986066	-0.165027	-0.989227	-0.044385	-0.139499
37724	9.563451	-1.524159	-1.120072	0.026415	0.021658	0.014826	-0.144708	0.160521	0.976367	-0.021248	0.986021	-0.165258	-0.989246	-0.044660	-0.139275
37725	9.578445	-1.474710	-1.173420	0.003116	0.027310	0.016060	-0.144493	0.160736	0.976364	-0.021306	0.985984	-0.165473	-0.989276	-0.044712	-0.139043
37726	9.556267	-1.451731	-1.197504	-0.025530	0.031068	0.007632	-0.144227	0.160867	0.976381	-0.021079	0.985974	-0.165561	-0.989320	-0.044460	-0.138813
37727	9.525962	-1.524016	-1.300649	-0.060872	0.038592	0.014371	-0.143887	0.161063	0.976399	-0.020541	0.985968	-0.165668	-0.989381	-0.043894	-0.138560
37728	9.549610	-1.615624	-1.333161	-0.078550	0.032829	0.006800	-0.143604	0.161186	0.976421	-0.019791	0.985982	-0.165675	-0.989437	-0.043116	-0.138401
37729	9.562868	-1.771171	-1.460335	-0.089198	0.033168	0.007760	-0.143304	0.161325	0.976442	-0.018928	0.985998	-0.165682	-0.989498	-0.042225	-0.138244
37730	9.571202	-1.778739	-1.517854	-0.087627	0.024384	0.008812	-0.143104	0.161464	0.976448	-0.018085	0.986011	-0.165696	-0.989542	-0.041371	-0.138182
37731	9.573632	-1.809479	-1.502241	-0.078646	0.025349	0.008831	-0.142908	0.161595	0.976455	-0.017403	0.986019	-0.165725	-0.989583	-0.040677	-0.138097
37732	9.556000	-1.847355	-1.498368	-0.061798	0.025047	0.005908	-0.142700	0.161705	0.976467	-0.016820	0.986025	-0.165746	-0.989623	-0.040076	-0.137986
37733	9.594806	-1.783588	-1.449570	-0.045300	0.022759	0.001390	-0.142505	0.161781	0.976483	-0.016383	0.986031	-0.165754	-0.989659	-0.039618	-0.137864
37734	9.607104	-1.768201	-1.377138	-0.030183	0.027542	0.001299	-0.142272	0.161847	0.976506	-0.016119	0.986032	-0.165774	-0.989696	-0.039325	-0.137676
37735	9.558124	-1.706698	-1.278248	-0.022646	0.029839	-0.003366	-0.142010	0.161872	0.976540	-0.015953	0.986036	-0.165766	-0.989737	-0.039119	-0.137445
37736	9.514006	-1.657860	-1.329305	-0.025589	0.025229	-0.001479	-0.141800	0.161909	0.976564	-0.015739	0.986040	-0.165766	-0.989770	-0.038876	-0.137272
37737	9.547471	-1.702529	-1.306682	-0.021839	0.020812	-0.003696	-0.141635	0.161921	0.976586	-0.015615	0.986044	-0.165754	-0.989796	-0.038726	-0.137130
37738	9.536968	-1.680678	-1.299210	-0.027462	0.022693	-0.005850	-0.141449	0.161914	0.976615	-0.015389	0.986055	-0.165708	-0.989826	-0.038468	-0.136985
37739	9.560104	-1.685862	-1.232692	-0.038872	0.022767	-0.006285	-0.141257	0.161910	0.976643	-0.015058	0.986070	-0.165651	-0.989858	-0.038105	-0.136851
37740	9.535597	-1.782304	-1.231962	-0.038047	0.019308	-0.006730	-0.141104	0.161893	0.976668	-0.014727	0.986086	-0.165582	-0.989885	-0.037748	-0.136757
37741	9.623878	-1.779030	-1.279624	-0.027132	0.019109	-0.004138	-0.140973	0.161905	0.976685	-0.014530	0.986092	-0.165562	-0.989907	-0.037531	-0.136660
37742	9.615602	-1.787991	-1.257660	-0.015673	0.020698	-0.014882	-0.140805	0.161808	0.976725	-0.014433	0.986114	-0.165444	-0.989932	-0.037392	-0.136515
37743	9.583527	-1.723170	-1.238080	-0.000062	0.025615	-0.017103	-0.140577	0.161700	0.976776	-0.014485	0.986131	-0.165334	-0.989964	-0.037391	-0.136286
37744	9.548328	-1.662992	-1.309821	0.001160	0.014873	-0.017657	-0.140467	0.161573	0.976813	-0.014558	0.986151	-0.165212	-0.989978	-0.037427	-0.136170
37745	9.595397	-1.605899	-1.319425	-0.003371	0.013448	-0.016716	-0.140365	0.161465	0.976845	-0.014590	0.986168	-0.165103	-0.989992	-0.037426	-0.136068
37746	9.582766	-1.551940	-1.326920	-0.009489	0.015207	-0.016716	-0.140252	0.161348	0.976881	-0.014556	0.986190	-0.164975	-0.990009	-0.037358	-0.135967
37747	9.594979	-1.535312	-1.254933	-0.020899	0.015274	-0.017160	-0.140129	0.161229	0.976918	-0.014439	0.986216	-0.164835	-0.990028	-0.037204	-0.135869
37748	9.635209	-1.672372	-1.188704	-0.028741	0.027648	-0.014451	-0.139892	0.161139	0.976967	-0.014212	0.986241	-0.164703	-0.990065	-0.036925	-0.135677
37749	9.628367	-1.748198	-1.228397	-0.031918	0.023064	-0.006872	-0.139705	0.161132	0.976995	-0.013935	0.986253	-0.164651	-0.990095	-0.036617	-0.135539
37750	9.597425	-1.750982	-1.271482	-0.025731	0.017586	-0.008699	-0.139569	0.161094	0.977021	-0.013729	0.986268	-0.164580	-0.990117	-0.036384	-0.135441
37751	9.582449	-1.666393	-1.293764	-0.024986	0.012289	-0.007207	-0.139477	0.161074	0.977037	-0.013548	0.986279	-0.164532	-0.990133	-0.036185	-0.135381
37752	9.567060	-1.599318	-1.354950	-0.033246	0.005809	-0.015021	-0.139457	0.160970	0.977057	-0.013277	0.986306	-0.164389	-0.990139	-0.035897	-0.135410
37753	9.611881	-1.645547	-1.301580	-0.035855	0.008573	-0.020892	-0.139442	0.160807	0.977086	-0.013053	0.986342	-0.164193	-0.990144	-0.035649	-0.135438
37754	9.566121	-1.680834	-1.252436	-0.031835	0.004316	-0.019565	-0.139436	0.160658	0.977111	-0.012802	0.986376	-0.164008	-0.990148	-0.035378	-0.135479
37755	9.589095	-1.684999	-1.187491	-0.022857	0.005327	-0.019503	-0.139418	0.160518	0.977137	-0.012641	0.986405	-0.163844	-0.990153	-0.035194	-0.135493
37756	9.647670	-1.612813	-1.126961	-0.021326	0.011418	-0.016840	-0.139342	0.160398	0.977168	-0.012490	0.986431	-0.163699	-0.990166	-0.035015	-0.135448
37757	9.697156	-1.568742	-1.084141	-0.029047	0.010785	-0.017681	-0.139270	0.160279	0.977197	-0.012268	0.986459	-0.163547	-0.990178	-0.034765	-0.135418
37758	9.650685	-1.640264	-1.111131	-0.040266	0.014690	-0.012765	-0.139163	0.160200	0.977225	-0.011924	0.986485	-0.163416	-0.990198	-0.034394	-0.135372
37759	9.634468	-1.761511	-1.208942	-0.043551	0.008080	-0.012505	-0.139114	0.160128	0.977244	-0.011554	0.986510	-0.163291	-0.990209	-0.034007	-0.135387
37760	9.605689	-1.794849	-1.239388	-0.035769	-0.000566	-0.013396	-0.139157	0.160038	0.977253	-0.011256	0.986535	-0.163161	-0.990206	-0.033705	-0.135482
37761	9.552366	-1.772750	-1.311399	-0.028059	-0.005494	-0.012454	-0.139233	0.159975	0.977252	-0.010985	0.986554	-0.163063	-0.990199	-0.033439	-0.135604
37762	9.168820	-1.806238	-1.494249	-0.017836	0.001314	-0.022503	-0.139257	0.159796	0.977278	-0.010877	0.986588	-0.162868	-0.990197	-0.033310	-0.135651
37763	9.716525	-1.809878	-1.266527	0.010695	-0.073101	-0.033076	-0.140017	0.159495	0.977219	-0.011079	0.986627	-0.162618	-0.990087	-0.033596	-0.136378
37764	9.693729	-1.664525	-1.413034	0.002906	0.000240	-0.040695	-0.140050	0.159135	0.977273	-0.011202	0.986682	-0.162273	-0.990081	-0.033673	-0.136402
37765	9.543990	-1.653678	-1.415415	0.017492	-0.011721	-0.038268	-0.140212	0.158795	0.977305	-0.011523	0.986727	-0.161979	-0.990054	-0.033972	-0.136521
37766	9.528720	-1.737750	-1.437612	0.028485	-0.010038	-0.037592	-0.140346	0.158463	0.977339	-0.011894	0.986768	-0.161700	-0.990031	-0.034319	-0.136604
37767	9.555865	-1.668559	-1.422455	0.043766	-0.012454	-0.032048	-0.140494	0.158195	0.977362	-0.012404	0.986794	-0.161505	-0.990004	-0.034814	-0.136676
37768	9.543309	-1.595772	-1.393018	0.053475	-0.011338	-0.039854	-0.140640	0.157840	0.977398	-0.013027	0.986830	-0.161237	-0.989975	-0.035409	-0.136732
37769	9.572714	-1.557872	-1.363282	0.058108	-0.013453	-0.033380	-0.140803	0.157560	0.977420	-0.013672	0.986852	-0.161050	-0.989943	-0.036040	-0.136797
37770	9.573072	-1.555477	-1.363504	0.053583	-0.009343	-0.032554	-0.140930	0.157277	0.977447	-0.014286	0.986875	-0.160854	-0.989916	-0.036633	-0.136834
37771	9.575791	-1.584627	-1.348797	0.059474	-0.005502	-0.026961	-0.141013	0.157062	0.977470	-0.014936	0.986885	-0.160730	-0.989895	-0.037265	-0.136817
37772	9.620838	-1.631218	-1.295097	0.058063	-0.004026	-0.022425	-0.141089	0.156882	0.977488	-0.015580	0.986890	-0.160639	-0.989874	-0.037893	-0.136795
37773	9.590143	-1.616225	-1.300378	0.062357	0.002997	-0.017775	-0.141115	0.156747	0.977506	-0.016326	0.986883	-0.160608	-0.989859	-0.038623	-0.136704
37774	9.634658	-1.510432	-1.286363	0.067722	0.000970	-0.019167	-0.141141	0.156600	0.977525	-0.017061	0.986878	-0.160562	-0.989842	-0.039339	-0.136618
37775	9.634992	-1.509343	-1.285139	0.053040	0.005507	-0.019563	-0.141104	0.156465	0.977552	-0.017623	0.986878	-0.160501	-0.989838	-0.039874	-0.136495
37776	9.610920	-1.435065	-1.286576	0.048852	0.011622	-0.017133	-0.141025	0.156343	0.977583	-0.018167	0.986877	-0.160450	-0.989839	-0.040388	-0.136334
37777	9.611014	-1.452105	-1.322992	0.042231	0.013243	-0.014977	-0.140912	0.156254	0.977614	-0.018633	0.986873	-0.160420	-0.989847	-0.040821	-0.136151
37778	9.600353	-1.430352	-1.315266	0.028988	0.016497	-0.010661	-0.140786	0.156197	0.977641	-0.018972	0.986869	-0.160404	-0.989858	-0.041131	-0.135974
37779	9.594442	-1.471166	-1.278190	0.019855	0.017351	-0.006951	-0.140667	0.156174	0.977662	-0.019278	0.986861	-0.160417	-0.989869	-0.041413	-0.135808
37780	9.620097	-1.490156	-1.157712	0.019953	0.030515	0.000121	-0.140404	0.156230	0.977691	-0.019513	0.986844	-0.160495	-0.989902	-0.041612	-0.135509
37781	9.554536	-1.535294	-1.117088	0.024061	0.033667	-0.000607	-0.140122	0.156282	0.977723	-0.019822	0.986824	-0.160578	-0.989936	-0.041881	-0.135178
37782	9.588504	-1.562815	-1.054232	0.029031	0.033579	0.007481	-0.139831	0.156412	0.977744	-0.020136	0.986792	-0.160739	-0.989971	-0.042164	-0.134834
37783	9.591348	-1.577135	-0.997300	0.031303	0.039952	0.011510	-0.139475	0.156588	0.977766	-0.020498	0.986750	-0.160950	-0.990013	-0.042491	-0.134417
37784	9.558644	-1.497694	-0.937074	0.025354	0.051130	0.016741	-0.139012	0.156816	0.977796	-0.020763	0.986704	-0.161197	-0.990073	-0.042710	-0.133907
37785	9.612217	-1.537275	-0.898213	0.013442	0.062164	0.018196	-0.138441	0.157072	0.977836	-0.020916	0.986659	-0.161451	-0.990150	-0.042804	-0.133309
37786	9.566037	-1.613100	-0.918920	-0.001484	0.072314	0.023354	-0.137770	0.157375	0.977882	-0.020906	0.986614	-0.161726	-0.990244	-0.042725	-0.132636
37787	9.578841	-1.568810	-1.059088	-0.011635	0.067173	0.022237	-0.137148	0.157673	0.977921	-0.020801	0.986574	-0.161985	-0.990332	-0.042557	-0.132027
37788	9.731060	-1.510109	-1.191724	-0.043176	0.060840	0.024906	-0.136590	0.157986	0.977949	-0.020376	0.986544	-0.162221	-0.990418	-0.042085	-0.131533
37789	9.427472	-1.439787	-1.516006	-0.076826	0.051591	0.010389	-0.136133	0.158151	0.977986	-0.019685	0.986549	-0.162276	-0.990495	-0.041343	-0.131189
37790	9.614821	-1.373894	-1.810030	-0.097556	0.020834	0.008842	-0.135968	0.158289	0.977986	-0.018744	0.986566	-0.162283	-0.990536	-0.040397	-0.131175
37791	9.581091	-1.434885	-2.061426	-0.128856	-0.002436	-0.003131	-0.136040	0.158296	0.977975	-0.017563	0.986612	-0.162137	-0.990548	-0.039233	-0.131438
37792	9.549537	-1.489002	-2.224325	-0.150422	-0.024435	-0.013670	-0.136319	0.158194	0.977953	-0.016129	0.986683	-0.161854	-0.990534	-0.037838	-0.131952
37793	9.579940	-1.498021	-2.223659	-0.149001	-0.048203	-0.017794	-0.136841	0.158046	0.977904	-0.014736	0.986756	-0.161539	-0.990483	-0.036516	-0.132700
37794	9.663702	-1.491374	-2.076315	-0.129961	-0.055228	-0.023703	-0.137424	0.157834	0.977856	-0.013519	0.986832	-0.161183	-0.990420	-0.035370	-0.133481
37795	9.664240	-1.532932	-1.813310	-0.104380	-0.054571	-0.030025	-0.138000	0.157565	0.977819	-0.012580	0.986906	-0.160804	-0.990352	-0.034491	-0.134211
37796	9.573777	-1.635967	-1.708023	-0.070571	-0.058489	-0.028292	-0.138615	0.157308	0.977773	-0.011957	0.986966	-0.160482	-0.990274	-0.033937	-0.134927
37797	9.588993	-1.698393	-1.654059	-0.039353	-0.076127	-0.022886	-0.139416	0.157099	0.977693	-0.011665	0.987006	-0.160259	-0.990165	-0.033748	-0.135772
37798	9.599272	-1.699147	-1.629878	-0.004701	-0.089017	-0.021519	-0.140334	0.156899	0.977594	-0.011686	0.987033	-0.160092	-0.990035	-0.033890	-0.136681
37799	9.614064	-1.574486	-1.539974	0.021392	-0.093564	-0.020664	-0.141284	0.156713	0.977486	-0.011965	0.987048	-0.159975	-0.989897	-0.034298	-0.137579
37800	9.577813	-1.443921	-1.468535	0.038536	-0.098997	-0.010642	-0.142302	0.156616	0.977354	-0.012399	0.987043	-0.159974	-0.989746	-0.034883	-0.138517
37801	9.654362	-1.365974	-1.405171	0.043483	-0.099307	-0.011821	-0.143311	0.156519	0.977222	-0.012849	0.987037	-0.159976	-0.989594	-0.035483	-0.139442
37802	9.634281	-1.508054	-1.348185	0.032338	-0.099184	-0.008739	-0.144331	0.156440	0.977085	-0.013219	0.987031	-0.159985	-0.989441	-0.036007	-0.140391
37803	9.618301	-1.559804	-1.302267	0.029681	-0.103696	-0.003339	-0.145383	0.156419	0.976932	-0.013542	0.987016	-0.160049	-0.989283	-0.036499	-0.141377
37804	9.551190	-1.605126	-1.275138	0.028438	-0.115262	-0.002392	-0.146562	0.156396	0.976760	-0.013864	0.987001	-0.160116	-0.989104	-0.037009	-0.142489
37805	9.524660	-1.550174	-1.326678	0.027384	-0.117394	0.003843	-0.147780	0.156430	0.976571	-0.014207	0.986975	-0.160247	-0.988918	-0.037556	-0.143633
37806	9.527558	-1.442527	-1.310145	0.015484	-0.117547	0.005561	-0.148983	0.156483	0.976380	-0.014389	0.986952	-0.160373	-0.988735	-0.037942	-0.144787
37807	9.546032	-1.435414	-1.309728	-0.007736	-0.125320	-0.006060	-0.150247	0.156420	0.976196	-0.014378	0.986954	-0.160356	-0.988544	-0.038128	-0.146038
37808	9.621503	-1.479005	-1.224315	-0.020065	-0.112595	-0.004285	-0.151399	0.156376	0.976025	-0.014223	0.986960	-0.160335	-0.988370	-0.038156	-0.147201
37809	9.639607	-1.575223	-1.159286	-0.013464	-0.103090	-0.006680	-0.152462	0.156323	0.975868	-0.014125	0.986966	-0.160307	-0.988208	-0.038225	-0.148267
37810	9.645753	-1.497539	-1.127115	-0.008321	-0.093939	-0.002584	-0.153429	0.156303	0.975720	-0.014083	0.986965	-0.160319	-0.988059	-0.038339	-0.149228
37811	9.664267	-1.594453	-1.059926	-0.009792	-0.077584	0.003624	-0.154232	0.156360	0.975584	-0.014012	0.986953	-0.160397	-0.987935	-0.038408	-0.150029
37812	9.688711	-1.650548	-1.026196	-0.006871	-0.063467	0.012745	-0.154900	0.156503	0.975455	-0.013961	0.986927	-0.160561	-0.987831	-0.038489	-0.150690
37813	9.745735	-1.599088	-1.010463	0.005775	-0.046346	0.012077	-0.155389	0.156654	0.975353	-0.014029	0.986897	-0.160743	-0.987754	-0.038661	-0.151156
37814	9.686255	-1.586741	-0.972636	0.008215	-0.026753	0.023280	-0.155696	0.156916	0.975262	-0.014111	0.986848	-0.161032	-0.987704	-0.038834	-0.151434
37815	9.556158	-1.555958	-1.127402	0.001539	-0.021409	0.027329	-0.155967	0.157220	0.975170	-0.014146	0.986795	-0.161357	-0.987661	-0.038961	-0.151683
37816	9.556995	-1.521644	-1.255311	0.004963	-0.018324	0.034467	-0.156192	0.157595	0.975073	-0.014178	0.986730	-0.161750	-0.987625	-0.039089	-0.151885
37817	9.505638	-1.498795	-1.439194	-0.001639	-0.022297	0.036759	-0.156454	0.157996	0.974966	-0.014147	0.986663	-0.162161	-0.987584	-0.039163	-0.152133
37818	9.519799	-1.517183	-1.559063	-0.017638	-0.020002	0.039190	-0.156697	0.158416	0.974859	-0.013948	0.986599	-0.162566	-0.987548	-0.039071	-0.152387
37819	9.517999	-1.538430	-1.599736	-0.023408	-0.021852	0.040931	-0.156971	0.158852	0.974744	-0.013730	0.986533	-0.162984	-0.987508	-0.038967	-0.152676
37820	9.447188	-1.591348	-1.655803	-0.019786	-0.029976	0.042529	-0.157312	0.159302	0.974616	-0.013504	0.986464	-0.163418	-0.987457	-0.038869	-0.153032
37821	9.466862	-1.654800	-1.709841	-0.014914	-0.037709	0.043342	-0.157732	0.159756	0.974474	-0.013347	0.986392	-0.163871	-0.987392	-0.038854	-0.153453
37822	9.520897	-1.745747	-1.705966	-0.003793	-0.043480	0.040245	-0.158206	0.160178	0.974327	-0.013283	0.986320	-0.164307	-0.987317	-0.038936	-0.153914
37823	9.620436	-1.714207	-1.651192	0.023325	-0.045978	0.034616	-0.158696	0.160552	0.974186	-0.013477	0.986246	-0.164735	-0.987235	-0.039272	-0.154350
37824	9.644758	-1.689144	-1.513512	0.044905	-0.040858	0.036033	-0.159144	0.160933	0.974050	-0.013899	0.986161	-0.165205	-0.987158	-0.039830	-0.154705
37825	9.610898	-1.630578	-1.498280	0.065232	-0.041732	0.038306	-0.159591	0.161347	0.973908	-0.014492	0.986064	-0.165736	-0.987077	-0.040564	-0.155029
37826	9.636649	-1.569125	-1.486170	0.074082	-0.044436	0.042145	-0.160076	0.161787	0.973756	-0.015192	0.985956	-0.166311	-0.986988	-0.041416	-0.155370
37827	9.640726	-1.465973	-1.461985	0.070755	-0.041780	0.044162	-0.160532	0.162241	0.973605	-0.015898	0.985845	-0.166902	-0.986903	-0.042272	-0.155680
37828	9.618625	-1.325065	-1.516994	0.060233	-0.043368	0.041406	-0.161006	0.162673	0.973455	-0.016462	0.985743	-0.167449	-0.986816	-0.042986	-0.156033
37829	9.540560	-1.200566	-1.516376	0.038951	-0.042742	0.043464	-0.161483	0.163124	0.973300	-0.016839	0.985645	-0.167987	-0.986732	-0.043517	-0.156418
37830	9.467876	-1.205119	-1.548964	0.010841	-0.038753	0.042281	-0.161912	0.163565	0.973155	-0.016914	0.985563	-0.168465	-0.986660	-0.043737	-0.156808
37831	9.464636	-1.331275	-1.527274	-0.014741	-0.046845	0.050892	-0.162422	0.164093	0.972981	-0.016721	0.985476	-0.168992	-0.986580	-0.043717	-0.157319
37832	9.497102	-1.601927	-1.534146	-0.039070	-0.052500	0.071731	-0.162991	0.164819	0.972763	-0.016255	0.985366	-0.169678	-0.986494	-0.043469	-0.157926
37833	9.551553	-1.764150	-1.391257	-0.043406	-0.051941	0.080005	-0.163578	0.165616	0.972529	-0.015803	0.985242	-0.170439	-0.986404	-0.043249	-0.158547
37834	9.533998	-1.774141	-1.317275	-0.025621	-0.049931	0.085635	-0.164123	0.166480	0.972290	-0.015446	0.985101	-0.171281	-0.986319	-0.043129	-0.159107
37835	9.526663	-1.633441	-1.454253	-0.016335	-0.063749	0.087456	-0.164799	0.167363	0.972024	-0.015160	0.984952	-0.172160	-0.986211	-0.043108	-0.159782
37836	9.571139	-1.365709	-1.450381	-0.036083	-0.064607	0.079280	-0.165487	0.168158	0.971770	-0.014710	0.984826	-0.172922	-0.986102	-0.042911	-0.160503
37837	9.506097	-1.294590	-1.444648	-0.076188	-0.070120	0.068973	-0.166231	0.168853	0.971523	-0.013882	0.984732	-0.173524	-0.985989	-0.042331	-0.161349
37838	9.438994	-1.277572	-1.352001	-0.127376	-0.073405	0.074888	-0.167003	0.169601	0.971260	-0.012537	0.984649	-0.174095	-0.985877	-0.041251	-0.162313
37839	9.432894	-1.422331	-1.374393	-0.174844	-0.081172	0.078505	-0.167850	0.170379	0.970978	-0.010745	0.984577	-0.174622	-0.985754	-0.039743	-0.163431
37840	9.495749	-1.536035	-1.384453	-0.212519	-0.091476	0.081582	-0.168799	0.171188	0.970671	-0.008549	0.984511	-0.175116	-0.985613	-0.037857	-0.164721
37841	9.525167	-1.478525	-1.643883	-0.238087	-0.109250	0.073372	-0.169910	0.171917	0.970348	-0.006107	0.984463	-0.175487	-0.985441	-0.035743	-0.166220
37842	9.540573	-1.404232	-1.787789	-0.280388	-0.138061	0.062591	-0.171312	0.172528	0.969993	-0.003273	0.984443	-0.175676	-0.985211	-0.033270	-0.168082
37843	9.408115	-1.398846	-1.942660	-0.314566	-0.168097	0.052233	-0.172988	0.173039	0.969604	-0.000085	0.984443	-0.175702	-0.984924	-0.030477	-0.170282
37844	8.662950	-1.611714	-2.283140	-0.337663	-0.198412	0.038559	-0.174980	0.173403	0.969182	0.003271	0.984466	-0.175547	-0.984567	-0.027547	-0.172829
37845	9.796482	-1.843751	-2.180947	-0.319580	-0.260340	0.032550	-0.177574	0.173699	0.968657	0.006442	0.984484	-0.175356	-0.984086	-0.024898	-0.175938
37846	9.209608	-1.959679	-2.299203	-0.300957	-0.243585	0.026208	-0.180007	0.173942	0.968164	0.009415	0.984501	-0.175127	-0.983620	-0.022409	-0.178854
37847	9.314406	-1.855506	-2.114581	-0.251836	-0.241123	0.019338	-0.182420	0.174115	0.967681	0.011858	0.984513	-0.174908	-0.983149	-0.020432	-0.181660
37848	9.299977	-1.669049	-2.018849	-0.216006	-0.216639	0.011635	-0.184586	0.174230	0.967250	0.013968	0.984527	-0.174676	-0.982717	-0.018733	-0.184163
37849	9.384452	-1.540735	-1.854330	-0.190542	-0.202802	-0.012022	-0.186598	0.174129	0.966882	0.015824	0.984572	-0.174261	-0.982309	-0.017217	-0.186475
37850	9.597749	-1.491752	-1.768335	-0.188805	-0.179818	-0.029924	-0.188407	0.173847	0.966582	0.017587	0.984647	-0.173668	-0.981934	-0.015721	-0.188572
37851	9.353486	-1.616105	-2.008372	-0.186801	-0.154877	-0.040445	-0.189995	0.173450	0.966342	0.019239	0.984739	-0.172969	-0.981596	-0.014272	-0.190433
37852	9.254085	-1.994267	-2.208722	-0.109671	-0.150262	-0.040733	-0.191516	0.173071	0.966110	0.020203	0.984817	-0.172417	-0.981282	-0.013502	-0.192104
37853	9.181756	-2.077467	-2.150861	-0.022783	-0.133003	-0.033954	-0.192886	0.172744	0.965896	0.020264	0.984872	-0.172092	-0.981012	-0.013621	-0.193468
37854	9.096579	-2.207631	-2.148541	0.056259	-0.152300	-0.011357	-0.194419	0.172654	0.965604	0.019656	0.984876	-0.172142	-0.980722	-0.014488	-0.194873
37855	9.287351	-2.392011	-2.097322	0.133917	-0.183477	0.017548	-0.196249	0.172841	0.965201	0.018336	0.984817	-0.172625	-0.980383	-0.016180	-0.196438
37856	9.507862	-2.450347	-1.967051	0.198059	-0.215558	0.051225	-0.198390	0.173351	0.964671	0.016461	0.984685	-0.173562	-0.979985	-0.018554	-0.198206
37857	9.767223	-2.331425	-1.642354	0.257626	-0.243477	0.065181	-0.200817	0.173975	0.964057	0.013974	0.984513	-0.174756	-0.979529	-0.021622	-0.200138
37858	9.796013	-2.146590	-1.517231	0.271676	-0.263847	0.070761	-0.203430	0.174653	0.963386	0.011422	0.984318	-0.176035	-0.979023	-0.024807	-0.202234
37859	10.008480	-1.959660	-1.471211	0.262202	-0.274972	0.070886	-0.206154	0.175313	0.962687	0.008931	0.984116	-0.177303	-0.978479	-0.027954	-0.204445
37860	9.966320	-1.723230	-1.352089	0.195023	-0.268989	0.063394	-0.208818	0.175901	0.962005	0.007120	0.983939	-0.178366	-0.977928	-0.030396	-0.206717
37861	9.796614	-1.622040	-1.178700	0.086689	-0.262984	0.050771	-0.211413	0.176364	0.961353	0.006342	0.983812	-0.179090	-0.977376	-0.031765	-0.209110
37862	9.663535	-1.895542	-1.012435	-0.029410	-0.249995	0.047246	-0.213891	0.176791	0.960727	0.006696	0.983729	-0.179534	-0.976835	-0.031967	-0.211595
37863	9.648592	-2.390488	-0.774282	-0.109241	-0.238409	0.046580	-0.216258	0.177215	0.960118	0.007804	0.983671	-0.179805	-0.976305	-0.031391	-0.214109
37864	9.461325	-2.873355	-0.649835	-0.144916	-0.219897	0.036015	-0.218439	0.177544	0.959564	0.009263	0.983643	-0.179890	-0.975807	-0.030406	-0.216510
37865	9.259668	-3.067678	-0.555837	-0.136544	-0.207567	0.005935	-0.220516	0.177575	0.959083	0.010529	0.983664	-0.179705	-0.975326	-0.029530	-0.218784
37866	9.679037	-2.960441	-0.462513	-0.113327	-0.175115	-0.026088	-0.222265	0.177310	0.958728	0.011543	0.983734	-0.179258	-0.974918	-0.028776	-0.220696
37867	9.303635	-2.746537	-0.704893	-0.113266	-0.129305	-0.057803	-0.223570	0.176740	0.958530	0.012431	0.983859	-0.178511	-0.974609	-0.027994	-0.222158
37868	9.046193	-2.573344	-0.981732	-0.119998	-0.108589	-0.077773	-0.224676	0.175987	0.958410	0.013393	0.984021	-0.177550	-0.974342	-0.027055	-0.223443
37869	8.917658	-2.590884	-1.340966	-0.109917	-0.122244	-0.092285	-0.225923	0.175085	0.958282	0.014164	0.984202	-0.176481	-0.974042	-0.026298	-0.224834
37870	8.808625	-2.394441	-1.872981	-0.106675	-0.174291	-0.104775	-0.227673	0.174051	0.958056	0.014932	0.984404	-0.175289	-0.973623	-0.025602	-0.226721
37871	9.023039	-2.093500	-2.330998	-0.107104	-0.225503	-0.133892	-0.229922	0.172729	0.957758	0.015617	0.984652	-0.173830	-0.973084	-0.025010	-0.229091
37872	9.079742	-1.922856	-2.628652	-0.133991	-0.274510	-0.147384	-0.232654	0.171253	0.957363	0.016547	0.984930	-0.172163	-0.972419	-0.024213	-0.231981
37873	9.140487	-1.965922	-2.639535	-0.140873	-0.324695	-0.157176	-0.235856	0.169689	0.956858	0.017516	0.985219	-0.170401	-0.971630	-0.023430	-0.235342
37874	9.270798	-2.227480	-2.430717	-0.121504	-0.360652	-0.157684	-0.239424	0.168094	0.956253	0.018289	0.985505	-0.168657	-0.970743	-0.022892	-0.239028
37875	9.414577	-2.909798	-1.925692	-0.081547	-0.380408	-0.145076	-0.243191	0.166613	0.955562	0.018626	0.985758	-0.167138	-0.969800	-0.022848	-0.242831
37876	9.730941	-3.442641	-1.460922	0.017313	-0.411144	-0.113203	-0.247234	0.165444	0.954727	0.018148	0.985933	-0.166152	-0.968786	-0.023752	-0.246759
37877	9.787887	-2.871641	-0.928340	0.127382	-0.427988	-0.111850	-0.251451	0.164279	0.953826	0.016541	0.986076	-0.165472	-0.967729	-0.025831	-0.250667
37878	10.111773	-1.621593	-0.331130	0.145494	-0.406761	-0.133744	-0.255443	0.162893	0.953003	0.014763	0.986247	-0.164618	-0.966711	-0.027981	-0.254335
37879	9.941767	-0.754661	-0.033415	0.023307	-0.367613	-0.180360	-0.259081	0.161042	0.952335	0.013954	0.986523	-0.163027	-0.965755	-0.028948	-0.257837
37880	10.708334	-0.644904	0.152032	-0.167399	-0.296640	-0.198330	-0.262011	0.159043	0.951870	0.015022	0.986880	-0.160758	-0.964948	-0.027821	-0.260962
37881	10.516311	-1.176278	-0.111668	-0.331726	-0.234536	-0.195896	-0.264321	0.157111	0.951552	0.017674	0.987265	-0.158098	-0.964273	-0.024970	-0.263732
37882	10.552876	-1.746218	-0.355384	-0.402859	-0.177346	-0.180674	-0.266103	0.155328	0.951348	0.021048	0.987633	-0.155365	-0.963715	-0.021319	-0.266081
37883	10.891043	-1.734136	-0.372851	-0.406211	-0.142156	-0.201157	-0.267550	0.153369	0.951260	0.024362	0.988012	-0.152442	-0.963236	-0.017611	-0.268079
37884	12.956106	-1.167035	0.468753	-0.418445	-0.061136	-0.247250	-0.268240	0.150959	0.951451	0.027699	0.988446	-0.149020	-0.962954	-0.013619	-0.269322
37885	12.085825	-1.351507	0.991576	-0.619413	0.179591	-0.251616	-0.266624	0.148540	0.952285	0.032930	0.988879	-0.145028	-0.963238	-0.007309	-0.268551
37886	12.136295	-2.259269	0.995458	-0.720753	0.301569	-0.245142	-0.263843	0.146169	0.953426	0.039193	0.989260	-0.140817	-0.963769	0.000214	-0.266738
37887	11.999088	-2.446341	0.866834	-0.663911	0.478130	-0.237848	-0.259369	0.143848	0.955005	0.044907	0.989572	-0.136859	-0.964734	0.007390	-0.263125
37888	11.520573	-1.882635	0.854476	-0.585755	0.621570	-0.224520	-0.253511	0.141604	0.956912	0.049955	0.989824	-0.133240	-0.966042	0.014025	-0.258005
37889	11.231299	-1.127336	0.916551	-0.555548	0.744542	-0.192540	-0.246424	0.139637	0.959050	0.054810	0.989990	-0.130059	-0.967611	0.020516	-0.251611
37890	11.508115	-0.202230	1.164181	-0.583269	0.868613	-0.167938	-0.238143	0.137811	0.961403	0.060020	0.990078	-0.127054	-0.969374	0.027446	-0.244052
37891	10.593419	0.480248	1.061431	-0.714647	1.062377	-0.161255	-0.227939	0.135941	0.964139	0.066546	0.990065	-0.123864	-0.971399	0.035927	-0.234721
37892	10.012717	0.512380	0.884438	-0.801693	1.141221	-0.125905	-0.216965	0.134276	0.966900	0.074029	0.989905	-0.120860	-0.973368	0.045356	-0.224716
37893	9.354017	0.655904	0.682924	-0.868078	1.185753	-0.125342	-0.205529	0.132492	0.969641	0.082174	0.989631	-0.117805	-0.975195	0.055467	-0.214286
37894	9.227416	0.731331	0.559222	-0.915943	1.203876	-0.117432	-0.193915	0.130644	0.972280	0.090845	0.989226	-0.114803	-0.976803	0.066065	-0.203694
37895	9.313196	0.801191	0.388334	-0.993029	1.250718	-0.132534	-0.181809	0.128485	0.974904	0.100277	0.988681	-0.111600	-0.978207	0.077471	-0.192635
37896	8.858648	0.674900	-0.039234	-1.078453	1.281363	-0.134734	-0.169443	0.126129	0.977436	0.110561	0.987949	-0.108320	-0.979319	0.089712	-0.181346
37897	8.920190	0.929770	-0.225160	-1.113423	1.321157	-0.181438	-0.156712	0.123121	0.979940	0.121164	0.987101	-0.104644	-0.980184	0.102335	-0.169609
37898	8.826974	-0.801865	-1.167851	-1.281153	1.214807	-0.103583	-0.144968	0.120818	0.982032	0.133530	0.985826	-0.101573	-0.980385	0.116406	-0.159046
37899	10.668327	0.623226	-0.122514	-1.181167	1.226472	-0.137591	-0.133132	0.118008	0.984048	0.144931	0.984531	-0.098459	-0.980444	0.129511	-0.148176
37900	7.948190	-1.155284	-1.777243	-1.346691	1.335150	-0.125251	-0.120265	0.114997	0.986059	0.157935	0.982834	-0.095359	-0.980098	0.144265	-0.136363
37901	8.377471	-1.237071	-1.179176	-1.163442	1.213212	-0.148940	-0.108596	0.111782	0.987781	0.169212	0.981235	-0.092438	-0.979579	0.157106	-0.125473
37902	10.299304	-1.633168	-1.223441	-1.150569	1.149733	-0.150513	-0.097631	0.108478	0.989293	0.180284	0.979524	-0.089615	-0.978757	0.169604	-0.115189
37903	11.133476	-1.694674	-1.248915	-1.130420	1.199772	-0.108504	-0.086075	0.105376	0.990700	0.191271	0.977641	-0.087369	-0.977756	0.181972	-0.104306
37904	10.941969	-2.347122	-1.280775	-1.105295	1.217917	-0.056338	-0.074314	0.102587	0.991944	0.201987	0.975626	-0.085767	-0.976565	0.193986	-0.093224
37905	11.420110	-3.314513	-1.336880	-0.991276	1.203005	0.028191	-0.062448	0.100539	0.992971	0.211764	0.973595	-0.085260	-0.975324	0.204951	-0.082089
37906	11.532240	-3.988076	-1.292853	-0.817842	1.173000	0.146457	-0.050726	0.099558	0.993738	0.219778	0.971740	-0.086135	-0.974230	0.214033	-0.071173
37907	11.314555	-4.224241	-1.130289	-0.581709	1.110837	0.278068	-0.039254	0.099892	0.994224	0.225573	0.970192	-0.088572	-0.973435	0.220793	-0.060617
37908	11.730266	-4.398662	-1.120401	-0.331967	1.093655	0.382376	-0.027769	0.101214	0.994477	0.228890	0.969073	-0.092237	-0.973056	0.225065	-0.050077
37909	11.730047	-4.121102	-1.245748	-0.072971	1.105308	0.443918	-0.015990	0.103080	0.994545	0.229658	0.968457	-0.096684	-0.973140	0.226860	-0.039159
37910	11.543031	-3.819501	-1.308140	0.126437	1.087389	0.471949	-0.004353	0.105236	0.994438	0.228433	0.968258	-0.101465	-0.973550	0.226721	-0.028254
37911	11.121714	-3.306558	-1.823570	0.331916	1.065450	0.458149	0.007057	0.107341	0.994197	0.225130	0.968527	-0.106167	-0.974303	0.224573	-0.017330
37912	10.904169	-2.464269	-2.162385	0.511334	1.025087	0.420490	0.017958	0.109184	0.993859	0.220049	0.969216	-0.110453	-0.975324	0.220681	-0.006621
37913	10.816311	-2.001665	-2.068792	0.625231	1.017870	0.371428	0.028682	0.110642	0.993446	0.213778	0.970181	-0.114223	-0.976461	0.215653	0.004174
37914	11.338746	-1.752328	-2.042237	0.765887	1.048714	0.355465	0.039646	0.111916	0.992927	0.206128	0.971418	-0.117722	-0.977721	0.209337	0.015444
37915	11.368707	-1.962617	-2.267062	0.871239	1.092894	0.411207	0.051151	0.113745	0.992192	0.197332	0.972755	-0.121690	-0.979001	0.202015	0.027312
37916	11.013478	-1.737415	-2.324107	0.998567	1.137833	0.458285	0.063149	0.116007	0.991239	0.187241	0.974207	-0.125942	-0.980282	0.193554	0.039799
37917	10.521817	-1.048957	-2.411479	1.133990	1.199073	0.494686	0.075789	0.118650	0.990040	0.175683	0.975774	-0.130389	-0.981525	0.183815	0.053108
37918	8.979381	-0.745794	-2.342361	1.184264	1.214993	0.483497	0.088510	0.121250	0.988668	0.163608	0.977313	-0.134504	-0.982547	0.173659	0.066665
37919	8.570798	-0.937629	-2.267411	1.227791	1.179939	0.433674	0.100768	0.123588	0.987204	0.151036	0.978854	-0.137959	-0.983379	0.163006	0.079971
37920	8.306412	-1.048731	-2.320005	1.326504	1.153663	0.385559	0.112641	0.125601	0.985665	0.137527	0.980460	-0.140654	-0.984072	0.151399	0.093167
37921	7.902894	-0.883061	-2.300685	1.415883	1.136947	0.340214	0.124250	0.127372	0.984042	0.123092	0.982088	-0.142662	-0.984586	0.138853	0.106346
37922	7.747751	-0.520126	-2.305700	1.480201	1.101884	0.298720	0.135413	0.128900	0.982369	0.108078	0.983663	-0.143968	-0.984877	0.125668	0.119270
37923	7.685680	-0.289468	-2.395512	1.554658	1.085092	0.255144	0.146327	0.130207	0.980630	0.092311	0.985177	-0.144585	-0.984920	0.111680	0.132139
37924	7.326752	-0.099231	-2.262946	1.585797	1.049085	0.186793	0.156781	0.130999	0.978907	0.076360	0.986590	-0.144257	-0.984677	0.097366	0.144676
37925	7.072752	-0.073460	-2.112471	1.609531	0.983713	0.097052	0.166500	0.131153	0.977280	0.060263	0.987909	-0.142846	-0.984198	0.082678	0.156583
37926	7.089742	0.032151	-1.863686	1.613844	0.910317	0.025063	0.175433	0.130762	0.975769	0.044291	0.989088	-0.140510	-0.983495	0.067868	0.167728
37927	7.290517	-0.054256	-1.603364	1.609617	0.832979	-0.028513	0.183577	0.130054	0.974364	0.028426	0.990092	-0.137509	-0.982594	0.052941	0.178061
37928	7.651099	-0.286442	-1.120457	1.622777	0.748689	-0.056728	0.190881	0.129198	0.973074	0.012543	0.990898	-0.134026	-0.981533	0.037788	0.187523
37929	7.998707	-0.640089	-0.472602	1.637919	0.675200	-0.057997	0.197465	0.128495	0.971852	-0.003501	0.991458	-0.130376	-0.980304	0.022342	0.196228
37930	8.506957	-0.965150	0.343485	1.657551	0.602034	-0.051682	0.203330	0.127940	0.970715	-0.019689	0.991760	-0.126590	-0.978912	0.006627	0.204173
37931	8.986975	-1.368051	1.231994	1.698648	0.542736	-0.040541	0.208611	0.127619	0.969636	-0.036309	0.991777	-0.122722	-0.977325	-0.009606	0.211529
37932	9.349426	-1.639607	2.172735	1.760785	0.472699	-0.027698	0.213199	0.127473	0.968657	-0.053498	0.991488	-0.118703	-0.975543	-0.026513	0.218203
37933	9.624090	-1.547559	2.924620	1.795005	0.393979	-0.031516	0.217017	0.127372	0.967822	-0.071014	0.990884	-0.114484	-0.973581	-0.043884	0.224084
37934	9.775497	-1.244160	3.670684	1.803799	0.335947	-0.040503	0.220275	0.127190	0.967110	-0.088521	0.989978	-0.110035	-0.971413	-0.061372	0.229327
37935	9.903907	-0.752687	4.334062	1.762087	0.300725	-0.077711	0.223227	0.126703	0.966497	-0.105536	0.988829	-0.105256	-0.969037	-0.078505	0.234105
37936	10.037855	-0.347394	4.999239	1.692017	0.308670	-0.115382	0.226302	0.125871	0.965890	-0.121705	0.987499	-0.100172	-0.966424	-0.094884	0.238792
37937	10.290856	-0.047252	5.561397	1.612088	0.384770	-0.149645	0.230167	0.124859	0.965108	-0.137008	0.986015	-0.094889	-0.963458	-0.110388	0.244055
37938	10.408525	0.340014	5.775163	1.563665	0.540744	-0.181251	0.235585	0.123749	0.963943	-0.151678	0.984387	-0.089304	-0.959944	-0.125170	0.250677
37939	10.127356	1.006970	5.963269	1.575398	0.735087	-0.216942	0.242931	0.122656	0.962258	-0.166334	0.982549	-0.083249	-0.955676	-0.139833	0.259093
37940	8.685213	2.013540	5.166692	1.537715	0.768209	-0.216908	0.250586	0.121693	0.960415	-0.180514	0.980542	-0.077145	-0.951116	-0.154037	0.267678
37941	8.039943	2.827505	4.782225	1.327077	0.635934	-0.176139	0.256911	0.121046	0.958825	-0.192740	0.978612	-0.071900	-0.947020	-0.166332	0.274747
37942	8.054941	3.321485	4.652242	1.002595	0.554070	-0.151100	0.262401	0.120552	0.957399	-0.201880	0.977068	-0.067698	-0.943605	-0.175515	0.280721
37943	7.981889	3.529399	4.351049	0.645202	0.516441	-0.146208	0.267530	0.120095	0.956036	-0.207639	0.976076	-0.064508	-0.940911	-0.181252	0.286066
37944	7.406877	3.667615	3.672480	0.258669	0.446638	-0.140694	0.271976	0.119572	0.954846	-0.209745	0.975760	-0.062448	-0.939168	-0.183290	0.290463
37945	6.712826	3.577430	2.643164	-0.202570	0.307771	-0.115331	0.275072	0.119045	0.954025	-0.207582	0.976253	-0.061967	-0.938747	-0.180993	0.293252
37946	6.435804	2.937910	1.571190	-0.729674	0.139790	-0.073795	0.276490	0.118609	0.953669	-0.200579	0.977622	-0.063435	-0.939852	-0.173747	0.294093
37947	6.478674	1.743490	0.698616	-1.171499	-0.006189	-0.011572	0.276422	0.118513	0.953701	-0.189564	0.979594	-0.066787	-0.942155	-0.162326	0.293247
37948	6.635860	-0.928994	0.457607	-1.597039	-0.122968	0.164276	0.274917	0.119972	0.953954	-0.174999	0.981855	-0.073048	-0.945408	-0.146859	0.290924
37949	8.098930	-4.201235	1.582955	-1.741475	-0.126517	0.463205	0.272912	0.124375	0.953965	-0.159813	0.983691	-0.082531	-0.948672	-0.129932	0.288338
37950	8.163923	-5.890332	2.259007	-1.442967	-0.149301	0.594231	0.270536	0.130079	0.953882	-0.147774	0.984698	-0.092371	-0.951301	-0.115970	0.285618
37951	7.049234	-5.118439	2.182676	-1.049981	-0.309269	0.470794	0.266882	0.134413	0.954310	-0.139092	0.985231	-0.099870	-0.953639	-0.106083	0.281636
37952	6.862828	-3.296163	2.466259	-0.714906	-0.473499	0.206585	0.262037	0.136001	0.955427	-0.132867	0.985676	-0.103867	-0.955868	-0.099728	0.276353
37953	6.912531	-1.552602	2.709237	-0.419152	-0.618661	-0.064970	0.256167	0.134804	0.957187	-0.128753	0.986163	-0.104428	-0.958019	-0.096489	0.269979
37954	7.467543	-0.506166	3.148368	-0.263804	-0.766006	-0.214433	0.249050	0.131996	0.959454	-0.125735	0.986691	-0.103105	-0.960294	-0.094959	0.262332
37955	9.496709	-0.961746	4.332367	-0.214596	-0.829050	-0.218648	0.241318	0.129106	0.961820	-0.123202	0.987167	-0.101598	-0.962594	-0.093980	0.254127
37956	12.858004	-2.239593	4.019506	-0.103859	-0.825128	-0.138598	0.233493	0.127002	0.964029	-0.121926	0.987433	-0.100555	-0.964684	-0.094061	0.246044
37957	17.168577	-2.419931	5.463941	0.148015	-0.643466	-0.109583	0.227383	0.125360	0.965703	-0.123169	0.987417	-0.099178	-0.965985	-0.096393	0.239962
37958	16.337381	-2.592037	5.629655	0.474905	-0.445815	-0.053190	0.223099	0.124434	0.966821	-0.127691	0.987004	-0.097566	-0.966396	-0.101687	0.236088
37959	12.450834	-1.196100	3.592063	0.662337	-0.585962	0.158264	0.217194	0.125433	0.968036	-0.134511	0.986095	-0.097593	-0.966816	-0.109015	0.231046
37960	10.483453	2.541551	1.610375	0.568206	-0.759711	0.262903	0.209440	0.127210	0.969511	-0.140620	0.985114	-0.098879	-0.967657	-0.115624	0.224211
37961	9.344726	5.913740	-0.877223	0.021796	-0.903262	0.141714	0.200459	0.127604	0.971357	-0.141184	0.984895	-0.100246	-0.969476	-0.117045	0.215446
37962	9.016722	5.994972	-2.219862	-0.942267	-0.960573	0.131510	0.190907	0.127853	0.973246	-0.132344	0.985781	-0.103540	-0.972646	-0.109037	0.205113
37963	9.073995	1.680442	-2.896618	-1.684624	-0.942123	0.229301	0.181409	0.129190	0.974885	-0.116389	0.987186	-0.109163	-0.976496	-0.093663	0.194121
