// General information: 
//  MT Manager version: 2022.2.0 
//  XDA version: 2022.2.0 build 7381 rev 124627 built on 2023-07-19
// Device information: 
//  DeviceId: 00B4CBA7
//  ProductCode: MTW2-3A7G6
//  Firmware Version: 4.6.0
//  Hardware Version: 2.0.0
// Device settings: 
//  Filter Profile: human(46.1)
//  Option Flags: Orientation Smoother Disabled, Position/Velocity Smoother Disabled, Continuous Zero Rotation Update Disabled, AHS Disabled, ICC Disabled
// Coordinate system: ENU
PacketCounter	Acc_X	Acc_Y	Acc_Z	Gyr_X	Gyr_Y	Gyr_Z	Mat[1][1]	Mat[2][1]	Mat[3][1]	Mat[1][2]	Mat[2][2]	Mat[3][2]	Mat[1][3]	Mat[2][3]	Mat[3][3]
37701	9.457618	-0.832733	-2.933367	-0.001523	0.026276	0.027398	-0.274523	0.030559	0.961095	-0.187416	0.978626	-0.084649	-0.943140	-0.203363	-0.262928
37702	9.439272	-0.823486	-2.772318	0.009201	0.026503	0.028904	-0.274314	0.030861	0.961145	-0.187428	0.978601	-0.084914	-0.943198	-0.203439	-0.262660
37703	9.351028	-0.773042	-2.652556	0.028558	0.030385	0.028840	-0.274042	0.031206	0.961211	-0.187545	0.978551	-0.085239	-0.943254	-0.203630	-0.262311
37704	9.415805	-0.945948	-2.568742	0.038616	0.028516	0.027691	-0.273812	0.031500	0.961267	-0.187838	0.978466	-0.085568	-0.943262	-0.203992	-0.261998
37705	9.431319	-0.862427	-2.446550	0.063771	0.024885	0.024477	-0.273624	0.031727	0.961313	-0.188416	0.978324	-0.085919	-0.943202	-0.204636	-0.261715
37706	9.360562	-0.870918	-2.286895	0.060547	0.013704	0.029904	-0.273538	0.032012	0.961328	-0.188909	0.978193	-0.086327	-0.943128	-0.205218	-0.261525
37707	9.339761	-0.852429	-2.199484	0.060482	0.005369	0.032680	-0.273498	0.032341	0.961329	-0.189321	0.978074	-0.086766	-0.943057	-0.205730	-0.261379
37708	9.339541	-0.856658	-2.198773	0.051179	-0.000375	0.031596	-0.273548	0.032613	0.961305	-0.189722	0.977961	-0.087165	-0.942962	-0.206225	-0.261332
37709	9.365421	-0.790268	-2.328751	0.038178	0.000050	0.036050	-0.273601	0.032941	0.961279	-0.189963	0.977877	-0.087577	-0.942898	-0.206569	-0.261290
37710	9.374851	-0.709729	-2.431938	0.001423	0.000006	0.034430	-0.273653	0.033242	0.961254	-0.189887	0.977866	-0.087874	-0.942898	-0.206577	-0.261283
37711	9.301952	-0.763074	-2.560807	-0.028392	0.001496	0.032239	-0.273682	0.033545	0.961235	-0.189498	0.977922	-0.088081	-0.942968	-0.206258	-0.261283
37712	9.381539	-0.835232	-2.564852	-0.053222	-0.003158	0.031215	-0.273757	0.033808	0.961204	-0.188915	0.978024	-0.088204	-0.943063	-0.205732	-0.261354
37713	9.424436	-0.892629	-2.664600	-0.060079	0.007808	0.027621	-0.273714	0.034024	0.961209	-0.188320	0.978135	-0.088249	-0.943195	-0.205170	-0.261322
37714	9.471818	-0.958637	-2.822526	-0.059817	0.015443	0.026196	-0.273604	0.034277	0.961231	-0.187688	0.978251	-0.088307	-0.943352	-0.204573	-0.261220
37715	9.552078	-0.882697	-2.877838	-0.045923	0.020569	0.024365	-0.273442	0.034487	0.961270	-0.187238	0.978332	-0.088361	-0.943489	-0.204147	-0.261060
37716	9.481955	-0.909980	-2.927656	-0.059321	0.026549	0.024737	-0.273224	0.034748	0.961323	-0.186615	0.978447	-0.088406	-0.943676	-0.203552	-0.260851
37717	9.409351	-0.938971	-2.845494	-0.031338	0.031944	0.023817	-0.272924	0.034979	0.961399	-0.186290	0.978502	-0.088485	-0.943827	-0.203248	-0.260541
37718	9.355841	-0.924213	-2.707542	-0.034897	0.034652	0.022390	-0.272626	0.035232	0.961475	-0.185903	0.978568	-0.088572	-0.943989	-0.202888	-0.260233
37719	9.340677	-0.990759	-2.614914	-0.009262	0.035841	0.019815	-0.272320	0.035467	0.961553	-0.185758	0.978584	-0.088703	-0.944106	-0.202772	-0.259900
37720	9.348810	-1.022451	-2.525626	0.012148	0.035570	0.013847	-0.271997	0.035639	0.961638	-0.185839	0.978557	-0.088830	-0.944183	-0.202871	-0.259541
37721	9.381155	-0.951076	-2.429994	0.029763	0.031038	0.016883	-0.271727	0.035874	0.961706	-0.186005	0.978505	-0.089056	-0.944228	-0.203080	-0.259213
37722	9.417694	-0.889030	-2.393685	0.039580	0.025675	0.015784	-0.271501	0.036046	0.961763	-0.186340	0.978421	-0.089273	-0.944227	-0.203452	-0.258925
37723	9.356890	-0.811293	-2.337111	0.031569	0.022043	0.020694	-0.271301	0.036216	0.961813	-0.186637	0.978345	-0.089483	-0.944226	-0.203786	-0.258666
37724	9.379010	-0.881461	-2.353431	0.028167	0.017812	0.022687	-0.271161	0.036438	0.961844	-0.186845	0.978282	-0.089736	-0.944225	-0.204049	-0.258464
37725	9.352088	-0.763077	-2.341835	0.026034	0.014999	0.021679	-0.271059	0.036627	0.961866	-0.187063	0.978220	-0.089965	-0.944211	-0.204316	-0.258304
37726	9.373415	-0.867058	-2.364204	-0.020478	0.005118	0.027294	-0.271049	0.036869	0.961859	-0.186800	0.978254	-0.090137	-0.944266	-0.204107	-0.258268
37727	9.427919	-0.885187	-2.498480	-0.009074	0.012969	0.020394	-0.270925	0.037049	0.961887	-0.186663	0.978269	-0.090256	-0.944329	-0.204002	-0.258122
37728	9.375773	-0.824101	-2.561182	-0.028366	0.017479	0.017647	-0.270780	0.037222	0.961921	-0.186352	0.978323	-0.090314	-0.944432	-0.203711	-0.257974
37729	9.394731	-0.984162	-2.666020	-0.056386	0.010032	0.019222	-0.270688	0.037375	0.961941	-0.185789	0.978432	-0.090296	-0.944569	-0.203160	-0.257906
37730	9.434351	-0.997345	-2.700624	-0.042645	0.019998	0.014687	-0.270513	0.037524	0.961985	-0.185351	0.978516	-0.090290	-0.944705	-0.202729	-0.257747
37731	9.361604	-0.912324	-2.676729	-0.039005	0.027696	0.012665	-0.270245	0.037664	0.962055	-0.184945	0.978595	-0.090264	-0.944861	-0.202320	-0.257494
37732	9.373657	-0.951309	-2.647989	-0.058426	0.019712	0.014061	-0.270071	0.037806	0.962098	-0.184359	0.978710	-0.090211	-0.945026	-0.201735	-0.257351
37733	9.421368	-1.038802	-2.528635	-0.040758	0.022829	0.005340	-0.269828	0.037858	0.962164	-0.183967	0.978794	-0.090104	-0.945171	-0.201319	-0.257142
37734	9.399521	-0.926342	-2.575189	0.000725	0.030521	0.001366	-0.269529	0.037898	0.962246	-0.183974	0.978795	-0.090081	-0.945255	-0.201308	-0.256841
37735	9.355520	-0.859644	-2.545901	-0.029236	0.019574	0.003249	-0.269319	0.037977	0.962302	-0.183613	0.978868	-0.090019	-0.945385	-0.200935	-0.256655
37736	9.446445	-1.003384	-2.526102	-0.024627	0.017550	0.010041	-0.269159	0.038075	0.962343	-0.183358	0.978916	-0.090014	-0.945481	-0.200681	-0.256502
37737	9.431459	-0.921666	-2.487172	-0.002702	0.024206	0.004046	-0.268926	0.038117	0.962406	-0.183337	0.978921	-0.090001	-0.945551	-0.200649	-0.256269
37738	9.375355	-0.929401	-2.427898	-0.013714	0.016381	0.003913	-0.268765	0.038153	0.962450	-0.183201	0.978950	-0.089966	-0.945623	-0.200502	-0.256118
37739	9.385960	-0.878720	-2.534079	-0.001900	0.020766	0.000423	-0.268564	0.038196	0.962504	-0.183132	0.978965	-0.089948	-0.945693	-0.200422	-0.255920
37740	9.335030	-0.939644	-2.466588	-0.026534	0.017553	-0.000025	-0.268384	0.038195	0.962554	-0.182886	0.979021	-0.089842	-0.945792	-0.200149	-0.255769
37741	9.398954	-0.961830	-2.436815	-0.011434	0.013668	-0.001361	-0.268216	0.038235	0.962600	-0.182674	0.979065	-0.089789	-0.945881	-0.199925	-0.255616
37742	9.441651	-0.882370	-2.383424	0.002647	0.013261	-0.009433	-0.268060	0.038133	0.962647	-0.182729	0.979066	-0.089667	-0.945914	-0.199939	-0.255480
37743	9.365964	-0.888085	-2.447612	-0.003636	0.015910	-0.006910	-0.267869	0.038096	0.962702	-0.182650	0.979090	-0.089566	-0.945984	-0.199829	-0.255310
37744	9.445857	-0.878710	-2.512301	0.000293	0.009065	-0.011109	-0.267750	0.037970	0.962740	-0.182686	0.979096	-0.089422	-0.946010	-0.199822	-0.255216
37745	9.388379	-0.874777	-2.526469	0.001352	0.009755	-0.005749	-0.267611	0.037945	0.962780	-0.182627	0.979114	-0.089352	-0.946061	-0.199741	-0.255092
37746	9.389737	-0.805898	-2.515526	-0.008967	0.008177	-0.004602	-0.267512	0.037881	0.962810	-0.182558	0.979136	-0.089246	-0.946102	-0.199643	-0.255015
37747	9.350511	-0.871368	-2.417300	-0.024558	0.005115	-0.003212	-0.267428	0.037806	0.962836	-0.182350	0.979189	-0.089096	-0.946166	-0.199400	-0.254969
37748	9.396485	-0.947744	-2.371736	-0.023100	0.003758	-0.004172	-0.267372	0.037737	0.962854	-0.182146	0.979239	-0.088959	-0.946221	-0.199166	-0.254947
37749	9.452176	-1.007443	-2.439142	-0.013228	0.002561	-0.006636	-0.267349	0.037661	0.962864	-0.182022	0.979273	-0.088843	-0.946252	-0.199015	-0.254952
37750	9.475675	-0.892492	-2.504514	-0.007529	0.004738	-0.004872	-0.267282	0.037587	0.962885	-0.181968	0.979292	-0.088739	-0.946281	-0.198933	-0.254907
37751	9.458021	-0.867273	-2.549825	-0.013043	-0.000218	-0.004602	-0.267288	0.037493	0.962887	-0.181885	0.979318	-0.088622	-0.946295	-0.198822	-0.254941
37752	9.447790	-0.838007	-2.504216	-0.011955	0.003985	-0.009631	-0.267220	0.037371	0.962911	-0.181802	0.979348	-0.088461	-0.946331	-0.198697	-0.254907
37753	9.379263	-0.839398	-2.478812	-0.019357	-0.000308	-0.010407	-0.267177	0.037176	0.962930	-0.181729	0.979382	-0.088234	-0.946357	-0.198566	-0.254912
37754	9.361637	-0.892567	-2.462369	-0.016234	-0.003715	-0.010981	-0.267179	0.037025	0.962935	-0.181608	0.979421	-0.088049	-0.946379	-0.198402	-0.254957
37755	9.407452	-0.968505	-2.417813	-0.011446	-0.009173	-0.011170	-0.267212	0.036841	0.962933	-0.181554	0.979449	-0.087854	-0.946380	-0.198300	-0.255032
37756	9.450549	-0.820313	-2.356291	-0.002417	-0.011097	-0.008634	-0.267288	0.036699	0.962917	-0.181558	0.979459	-0.087727	-0.946358	-0.198274	-0.255135
37757	9.427980	-0.786182	-2.343839	-0.014199	-0.011327	-0.006527	-0.267400	0.036619	0.962890	-0.181385	0.979501	-0.087622	-0.946360	-0.198084	-0.255276
37758	9.482217	-0.913657	-2.423450	-0.027973	-0.021963	-0.011047	-0.267574	0.036431	0.962848	-0.181154	0.979563	-0.087406	-0.946355	-0.197812	-0.255506
37759	9.486363	-0.920823	-2.484659	-0.017020	-0.020383	-0.008841	-0.267729	0.036282	0.962811	-0.180986	0.979609	-0.087241	-0.946343	-0.197612	-0.255703
37760	9.473334	-0.948497	-2.524123	-0.011612	-0.026493	-0.014695	-0.267940	0.036050	0.962761	-0.180920	0.979639	-0.087032	-0.946296	-0.197502	-0.255962
37761	9.386313	-0.925194	-2.546775	-0.004694	-0.029141	-0.013869	-0.268171	0.035843	0.962704	-0.180876	0.979663	-0.086859	-0.946239	-0.197424	-0.256234
37762	9.397791	-0.928849	-2.517459	0.007309	-0.027520	-0.015322	-0.268390	0.035603	0.962652	-0.180991	0.979656	-0.086693	-0.946155	-0.197498	-0.256487
37763	9.327436	-0.919318	-2.566674	0.015122	-0.023180	-0.021557	-0.268540	0.035293	0.962622	-0.181213	0.979635	-0.086469	-0.946070	-0.197660	-0.256675
37764	9.408133	-0.885713	-2.557392	0.021367	-0.029991	-0.022714	-0.268769	0.034975	0.962570	-0.181481	0.979603	-0.086267	-0.945954	-0.197874	-0.256939
37765	9.397275	-0.855681	-2.514535	0.015453	-0.031478	-0.025818	-0.268996	0.034585	0.962520	-0.181753	0.979577	-0.085993	-0.945837	-0.198072	-0.257217
37766	9.377940	-0.897377	-2.572581	0.020772	-0.023738	-0.028127	-0.269156	0.034227	0.962488	-0.182029	0.979548	-0.085738	-0.945738	-0.198277	-0.257421
37767	9.361427	-0.847680	-2.542596	0.026212	-0.027113	-0.025655	-0.269365	0.033905	0.962441	-0.182323	0.979511	-0.085535	-0.945622	-0.198516	-0.257664
37768	9.361487	-0.811763	-2.539559	0.024782	-0.021592	-0.026066	-0.269508	0.033571	0.962413	-0.182632	0.979473	-0.085310	-0.945521	-0.198759	-0.257845
37769	9.412245	-0.861789	-2.550077	0.023527	-0.020935	-0.023756	-0.269652	0.033252	0.962384	-0.182935	0.979435	-0.085098	-0.945422	-0.199000	-0.258023
37770	9.344285	-0.794778	-2.515934	0.031949	-0.018680	-0.025961	-0.269768	0.032925	0.962362	-0.183311	0.979383	-0.084893	-0.945316	-0.199313	-0.258170
37771	9.361044	-0.885825	-2.482588	0.018010	-0.025904	-0.023472	-0.269962	0.032664	0.962317	-0.183454	0.979372	-0.084708	-0.945233	-0.199409	-0.258401
37772	9.389801	-0.868713	-2.474619	0.039066	-0.022016	-0.023796	-0.270113	0.032351	0.962285	-0.183892	0.979304	-0.084542	-0.945105	-0.199792	-0.258574
37773	9.367406	-0.800371	-2.457837	0.036532	-0.024866	-0.017800	-0.270298	0.032075	0.962242	-0.184310	0.979237	-0.084415	-0.944970	-0.200168	-0.258774
37774	9.384267	-0.744606	-2.477172	0.021538	-0.030706	-0.021348	-0.270536	0.031769	0.962186	-0.184575	0.979203	-0.084227	-0.944850	-0.200382	-0.259046
37775	9.440686	-0.814703	-2.475097	0.032905	-0.030495	-0.016471	-0.270783	0.031516	0.962124	-0.184922	0.979147	-0.084118	-0.944712	-0.200696	-0.259308
37776	9.394108	-0.702767	-2.517812	0.026415	-0.027164	-0.015284	-0.270998	0.031276	0.962072	-0.185217	0.979101	-0.084002	-0.944592	-0.200957	-0.259541
37777	9.363503	-0.785879	-2.540387	0.014182	-0.032274	-0.013772	-0.271284	0.031029	0.961999	-0.185416	0.979075	-0.083867	-0.944471	-0.201122	-0.259854
37778	9.358859	-0.742035	-2.479385	-0.003664	-0.032658	-0.007062	-0.271566	0.030859	0.961925	-0.185404	0.979087	-0.083752	-0.944392	-0.201089	-0.260165
37779	9.392732	-0.779347	-2.464207	0.004722	-0.034567	-0.007900	-0.271866	0.030734	0.961844	-0.185383	0.979097	-0.083684	-0.944310	-0.201061	-0.260485
37780	9.286179	-0.745482	-2.328500	-0.011862	-0.033531	-0.004184	-0.272161	0.030591	0.961765	-0.185287	0.979124	-0.083575	-0.944244	-0.200948	-0.260812
37781	9.359717	-0.761273	-2.344522	-0.009434	-0.043190	-0.006043	-0.272549	0.030419	0.961661	-0.185201	0.979150	-0.083461	-0.944149	-0.200848	-0.261233
37782	9.296199	-0.782918	-2.309431	-0.016387	-0.044724	-0.005474	-0.272948	0.030240	0.961553	-0.185066	0.979187	-0.083328	-0.944060	-0.200695	-0.261670
37783	9.348361	-0.810302	-2.245727	-0.018598	-0.057962	-0.003030	-0.273507	0.030055	0.961400	-0.184916	0.979225	-0.083218	-0.943928	-0.200539	-0.262268
37784	9.297623	-0.768800	-2.170300	-0.020121	-0.064948	0.000695	-0.274108	0.029896	0.961234	-0.184728	0.979267	-0.083134	-0.943790	-0.200355	-0.262903
37785	9.288930	-0.851268	-2.205432	-0.027777	-0.072741	-0.000011	-0.274803	0.029662	0.961043	-0.184554	0.979312	-0.082998	-0.943623	-0.200172	-0.263643
37786	9.314132	-0.858571	-2.280306	-0.020888	-0.077468	0.001483	-0.275523	0.029486	0.960842	-0.184357	0.979355	-0.082919	-0.943451	-0.199984	-0.264399
37787	9.474344	-0.814960	-2.475119	-0.028082	-0.080399	0.001408	-0.276263	0.029332	0.960634	-0.184039	0.979423	-0.082833	-0.943297	-0.199678	-0.265180
37788	9.547882	-0.715654	-2.684459	-0.039653	-0.081352	0.004926	-0.277026	0.029183	0.960419	-0.183656	0.979503	-0.082737	-0.943148	-0.199307	-0.265988
37789	9.566300	-0.690143	-2.977087	-0.064365	-0.070778	0.008148	-0.277684	0.029097	0.960232	-0.183002	0.979636	-0.082606	-0.943081	-0.198663	-0.266705
37790	9.602078	-0.756376	-3.234233	-0.080585	-0.067635	0.004224	-0.278317	0.028969	0.960052	-0.182235	0.979797	-0.082394	-0.943043	-0.197887	-0.267415
37791	9.578442	-0.639321	-3.419633	-0.081199	-0.039172	-0.000387	-0.278697	0.028859	0.959945	-0.181470	0.979959	-0.082146	-0.943078	-0.197096	-0.267874
37792	9.490826	-0.715109	-3.589197	-0.098091	-0.027769	0.006974	-0.278958	0.028837	0.959870	-0.180530	0.980153	-0.081912	-0.943181	-0.196136	-0.268216
37793	9.497977	-0.777015	-3.510889	-0.086745	-0.003913	0.002916	-0.278962	0.028826	0.959869	-0.179689	0.980328	-0.081663	-0.943341	-0.195259	-0.268294
37794	9.434392	-0.665987	-3.187567	-0.061749	0.015373	-0.000921	-0.278802	0.028812	0.959916	-0.179113	0.980451	-0.081451	-0.943498	-0.194642	-0.268191
37795	9.445460	-0.705939	-3.027847	-0.060330	0.029966	0.000990	-0.278528	0.028817	0.959996	-0.178584	0.980564	-0.081248	-0.943679	-0.194070	-0.267968
37796	9.470078	-0.817091	-2.977097	-0.030354	0.038933	-0.000351	-0.278146	0.028854	0.960105	-0.178303	0.980626	-0.081126	-0.943845	-0.193755	-0.267613
37797	9.461993	-0.754751	-2.921746	0.004570	0.053523	0.003683	-0.277647	0.029014	0.960245	-0.178248	0.980632	-0.081169	-0.944002	-0.193698	-0.267098
37798	9.422941	-0.845487	-2.896824	0.008523	0.045237	0.009142	-0.277224	0.029156	0.960363	-0.178307	0.980615	-0.081242	-0.944115	-0.193761	-0.266651
37799	9.433145	-0.809637	-2.795968	0.035546	0.050642	0.011815	-0.276782	0.029330	0.960485	-0.178616	0.980545	-0.081414	-0.944186	-0.194092	-0.266159
37800	9.403191	-0.682920	-2.720104	0.063032	0.060907	0.015134	-0.276221	0.029562	0.960639	-0.179173	0.980420	-0.081690	-0.944245	-0.194686	-0.265516
37801	9.367450	-0.684692	-2.605895	0.054568	0.056542	0.018054	-0.275737	0.029829	0.960770	-0.179622	0.980313	-0.081986	-0.944302	-0.195182	-0.264950
37802	9.424881	-0.827459	-2.606708	0.054960	0.053054	0.021431	-0.275261	0.030107	0.960898	-0.180086	0.980202	-0.082300	-0.944352	-0.195698	-0.264390
37803	9.461261	-0.835235	-2.577805	0.079601	0.056325	0.021776	-0.274736	0.030402	0.961039	-0.180754	0.980047	-0.082676	-0.944377	-0.196426	-0.263759
37804	9.371720	-0.809396	-2.532135	0.078528	0.054189	0.026124	-0.274258	0.030729	0.961165	-0.181428	0.979887	-0.083096	-0.944387	-0.197172	-0.263167
37805	9.382818	-0.842077	-2.572448	0.074864	0.046464	0.028144	-0.273860	0.031058	0.961268	-0.182061	0.979733	-0.083523	-0.944381	-0.197883	-0.262655
37806	9.397079	-0.783166	-2.525128	0.076346	0.051356	0.025119	-0.273407	0.031370	0.961387	-0.182718	0.979577	-0.083927	-0.944385	-0.198608	-0.262092
37807	9.390281	-0.735797	-2.396635	0.069599	0.051210	0.026351	-0.272953	0.031664	0.961506	-0.183348	0.979427	-0.084303	-0.944394	-0.199301	-0.261532
37808	9.370103	-0.751188	-2.310621	0.042602	0.045832	0.023626	-0.272550	0.031951	0.961611	-0.183690	0.979337	-0.084604	-0.944444	-0.199698	-0.261049
37809	9.333292	-0.752382	-2.197997	0.039211	0.043677	0.024929	-0.272138	0.032233	0.961718	-0.184000	0.979254	-0.084887	-0.944502	-0.200058	-0.260561
37810	9.339842	-0.774978	-2.180555	0.034917	0.035965	0.023602	-0.271829	0.032500	0.961797	-0.184270	0.979179	-0.085167	-0.944539	-0.200381	-0.260180
37811	9.335051	-0.837435	-2.128428	0.016140	0.027958	0.028377	-0.271602	0.032786	0.961851	-0.184362	0.979138	-0.085435	-0.944586	-0.200533	-0.259892
37812	9.340634	-0.894320	-2.117593	0.029718	0.019188	0.030042	-0.271463	0.033083	0.961880	-0.184565	0.979071	-0.085763	-0.944586	-0.200811	-0.259676
37813	9.372377	-0.824624	-2.023959	0.030605	0.002549	0.031907	-0.271462	0.033363	0.961871	-0.184757	0.979005	-0.086100	-0.944549	-0.201086	-0.259599
37814	9.359809	-0.823413	-2.056148	0.018061	-0.012264	0.035527	-0.271630	0.033650	0.961813	-0.184836	0.978960	-0.086450	-0.944485	-0.201260	-0.259695
37815	9.343950	-0.801176	-2.234017	0.025194	-0.013527	0.037001	-0.271808	0.033998	0.961751	-0.184887	0.978914	-0.086857	-0.944424	-0.201424	-0.259790
37816	9.334234	-0.764538	-2.394190	0.016005	-0.028272	0.040015	-0.272135	0.034297	0.961648	-0.184934	0.978871	-0.087245	-0.944321	-0.201584	-0.260042
37817	9.345308	-0.829612	-2.578877	0.004192	-0.032658	0.043538	-0.272548	0.034633	0.961519	-0.184850	0.978850	-0.087654	-0.944218	-0.201627	-0.260381
37818	9.384551	-0.778397	-2.607609	0.002504	-0.032692	0.043845	-0.272924	0.034961	0.961400	-0.184758	0.978832	-0.088044	-0.944128	-0.201656	-0.260687
37819	9.334892	-0.841957	-2.675728	-0.007337	-0.029403	0.045649	-0.273263	0.035291	0.961292	-0.184594	0.978830	-0.088409	-0.944061	-0.201608	-0.260964
37820	9.372939	-0.858874	-2.714272	-0.011141	-0.030161	0.044259	-0.273616	0.035628	0.961179	-0.184372	0.978840	-0.088767	-0.944003	-0.201503	-0.261258
37821	9.377650	-0.882406	-2.703276	-0.004939	-0.021044	0.045930	-0.273900	0.036018	0.961083	-0.184169	0.978841	-0.089170	-0.943960	-0.201425	-0.261471
37822	9.386879	-0.993848	-2.688537	-0.005633	-0.025214	0.043962	-0.274206	0.036362	0.960983	-0.183999	0.978840	-0.089540	-0.943904	-0.201372	-0.261713
37823	9.417177	-0.880085	-2.665807	0.023416	-0.019863	0.039363	-0.274462	0.036731	0.960896	-0.184021	0.978795	-0.089977	-0.943825	-0.201521	-0.261883
37824	9.438124	-0.817331	-2.534460	0.030219	-0.014919	0.045766	-0.274674	0.037113	0.960821	-0.184185	0.978720	-0.090458	-0.943732	-0.201815	-0.261993
37825	9.407221	-0.872190	-2.550823	0.038487	-0.025202	0.047690	-0.275005	0.037502	0.960711	-0.184411	0.978628	-0.090989	-0.943591	-0.202188	-0.262212
37826	9.477774	-0.817677	-2.496400	0.042272	-0.024457	0.049080	-0.275314	0.037897	0.960607	-0.184679	0.978527	-0.091534	-0.943449	-0.202605	-0.262403
37827	9.458725	-0.799165	-2.543751	0.044581	-0.024434	0.052126	-0.275624	0.038310	0.960502	-0.184964	0.978420	-0.092102	-0.943303	-0.203043	-0.262590
37828	9.441956	-0.678722	-2.576276	0.047760	-0.023022	0.059178	-0.275938	0.038807	0.960392	-0.185255	0.978303	-0.092758	-0.943154	-0.203513	-0.262761
37829	9.338062	-0.570437	-2.633187	0.024024	-0.022694	0.062147	-0.276264	0.039324	0.960277	-0.185317	0.978233	-0.093374	-0.943046	-0.203751	-0.262963
37830	9.322279	-0.674778	-2.682093	0.004844	-0.028556	0.073287	-0.276656	0.039947	0.960138	-0.185164	0.978196	-0.094052	-0.942961	-0.203803	-0.263227
37831	9.286954	-0.800624	-2.577654	-0.024106	-0.025509	0.075144	-0.276998	0.040628	0.960011	-0.184662	0.978231	-0.094681	-0.942959	-0.203504	-0.263466
37832	9.300152	-1.125702	-2.429673	-0.042728	-0.034117	0.081321	-0.277457	0.041319	0.959849	-0.184038	0.978287	-0.095311	-0.942946	-0.203094	-0.263828
37833	9.371838	-1.026921	-2.575099	0.036412	-0.021929	0.072341	-0.277790	0.041941	0.959726	-0.184189	0.978185	-0.096061	-0.942819	-0.203455	-0.264006
37834	9.247701	-0.974483	-2.483656	-0.024253	-0.031764	0.077240	-0.278219	0.042597	0.959573	-0.183750	0.978205	-0.096700	-0.942778	-0.203225	-0.264328
37835	9.460742	-0.858744	-2.532273	-0.008410	-0.038522	0.081238	-0.278740	0.043289	0.959391	-0.183431	0.978192	-0.097431	-0.942686	-0.203140	-0.264721
37836	9.434685	-0.710494	-2.520519	-0.008021	-0.026717	0.078427	-0.279122	0.043966	0.959249	-0.183141	0.978177	-0.098124	-0.942629	-0.203066	-0.264979
37837	9.316500	-0.744015	-2.557402	-0.045990	-0.034828	0.083330	-0.279593	0.044727	0.959076	-0.182383	0.978252	-0.098790	-0.942637	-0.202540	-0.265355
37838	9.354578	-0.808586	-2.529871	-0.077056	-0.043545	0.088347	-0.280151	0.045468	0.958879	-0.181413	0.978371	-0.099395	-0.942658	-0.201799	-0.265843
37839	9.381519	-1.024151	-2.541073	-0.065691	-0.039939	0.082787	-0.280655	0.046152	0.958699	-0.180554	0.978472	-0.099961	-0.942673	-0.201151	-0.266280
37840	9.422100	-0.862492	-2.628864	-0.063402	-0.039939	0.085833	-0.281173	0.046877	0.958512	-0.179720	0.978563	-0.100577	-0.942678	-0.200543	-0.266721
37841	9.567059	-0.736362	-2.855899	-0.074248	-0.034536	0.090646	-0.281629	0.047644	0.958340	-0.178771	0.978673	-0.101191	-0.942723	-0.199822	-0.267105
37842	9.559622	-0.599068	-3.002336	-0.103876	-0.021682	0.094131	-0.281988	0.048487	0.958192	-0.177531	0.978838	-0.101778	-0.942850	-0.198809	-0.267412
37843	9.503006	-0.754364	-3.157737	-0.128722	-0.019844	0.091120	-0.282331	0.049322	0.958048	-0.176029	0.979057	-0.102278	-0.943029	-0.197521	-0.267736
37844	9.390476	-0.804224	-3.180082	-0.127556	-0.001799	0.089633	-0.282492	0.050161	0.957957	-0.174577	0.979267	-0.102758	-0.943250	-0.196266	-0.267879
37845	9.228766	-1.192232	-3.144916	-0.131778	0.000951	0.084884	-0.282598	0.051009	0.957881	-0.172998	0.979501	-0.103198	-0.943510	-0.194875	-0.267980
37846	9.273385	-1.053084	-2.951744	-0.064882	0.010621	0.075307	-0.282615	0.051732	0.957838	-0.172177	0.979592	-0.103708	-0.943655	-0.194227	-0.267940
37847	9.212940	-1.024631	-2.697454	-0.058956	0.013495	0.068677	-0.282590	0.052408	0.957808	-0.171398	0.979679	-0.104174	-0.943804	-0.193605	-0.267865
37848	9.332328	-0.905175	-2.514371	0.004988	0.038344	0.063964	-0.282325	0.053074	0.957850	-0.171268	0.979639	-0.104762	-0.943907	-0.193626	-0.267486
37849	9.414727	-0.538142	-2.345506	0.053076	0.087278	0.065889	-0.281632	0.053818	0.958012	-0.171638	0.979497	-0.105482	-0.944047	-0.194138	-0.266620
37850	9.209252	-0.648512	-2.405042	0.007060	0.102200	0.064815	-0.280765	0.054616	0.958221	-0.171526	0.979451	-0.106084	-0.944325	-0.194145	-0.265628
37851	9.186430	-0.753892	-2.534214	-0.028196	0.099943	0.054645	-0.279865	0.055280	0.958447	-0.171136	0.979478	-0.106464	-0.944663	-0.193820	-0.264661
37852	9.041359	-0.908644	-2.644562	-0.060405	0.093392	0.062594	-0.279076	0.056038	0.958632	-0.170395	0.979564	-0.106867	-0.945030	-0.193170	-0.263824
37853	8.974812	-1.212739	-2.830523	-0.051062	0.080866	0.071865	-0.278426	0.056848	0.958774	-0.169724	0.979625	-0.107372	-0.945342	-0.192622	-0.263105
37854	9.033847	-1.521726	-3.029359	-0.009260	0.060214	0.081359	-0.277982	0.057725	0.958850	-0.169415	0.979600	-0.108090	-0.945529	-0.192490	-0.262532
37855	9.180153	-1.647037	-2.987954	0.051657	0.037572	0.091514	-0.277734	0.058635	0.958867	-0.169670	0.979450	-0.109039	-0.945556	-0.192975	-0.262078
37856	9.496906	-1.636021	-2.764371	0.103972	0.017630	0.101198	-0.277727	0.059625	0.958808	-0.170376	0.979193	-0.110244	-0.945431	-0.193975	-0.261789
37857	9.597312	-1.499892	-2.624760	0.152510	0.008094	0.104742	-0.277783	0.060683	0.958725	-0.171422	0.978854	-0.111625	-0.945226	-0.195354	-0.261506
37858	9.692199	-1.389684	-2.432350	0.165961	-0.006411	0.100085	-0.278003	0.061615	0.958602	-0.172716	0.978470	-0.112981	-0.944925	-0.196975	-0.261376
37859	9.755963	-1.282610	-2.324145	0.160565	-0.024490	0.098850	-0.278379	0.062487	0.958437	-0.173961	0.978097	-0.114296	-0.944586	-0.198549	-0.261411
37860	9.747403	-1.165925	-2.132828	0.105326	-0.027412	0.093653	-0.278788	0.063313	0.958263	-0.174699	0.977832	-0.115431	-0.944329	-0.199589	-0.261547
37861	9.499263	-1.242434	-1.959879	0.030914	-0.049062	0.087684	-0.279362	0.064062	0.958047	-0.174693	0.977728	-0.116318	-0.944161	-0.199859	-0.261949
37862	9.554332	-1.466601	-1.818172	-0.036102	-0.078907	0.069229	-0.280214	0.064546	0.957765	-0.174163	0.977760	-0.116848	-0.944006	-0.199550	-0.262741
37863	9.352632	-1.714508	-1.530721	-0.070856	-0.105175	0.044900	-0.281310	0.064749	0.957430	-0.173356	0.977877	-0.117067	-0.943829	-0.198908	-0.263861
37864	9.340830	-1.944330	-1.297273	-0.080893	-0.134137	0.014625	-0.282588	0.064591	0.957064	-0.172556	0.978032	-0.116955	-0.943594	-0.198197	-0.265234
37865	9.189638	-1.951572	-1.088152	-0.075140	-0.160992	-0.015784	-0.284103	0.064041	0.956653	-0.171968	0.978183	-0.116553	-0.943246	-0.197627	-0.266892
37866	9.095376	-1.783679	-1.004660	-0.064394	-0.194800	-0.043721	-0.285852	0.063194	0.956188	-0.171490	0.978342	-0.115925	-0.942804	-0.197114	-0.268824
37867	9.212873	-1.585146	-1.187400	-0.096725	-0.202457	-0.053722	-0.287652	0.062223	0.955712	-0.170758	0.978566	-0.115106	-0.942390	-0.196306	-0.270862
37868	9.027189	-1.706858	-1.682888	-0.079371	-0.201617	-0.072244	-0.289416	0.061085	0.955252	-0.170223	0.978770	-0.114162	-0.941946	-0.195646	-0.272873
37869	9.077123	-1.619535	-2.237870	-0.117638	-0.242612	-0.087617	-0.291517	0.059704	0.954701	-0.169391	0.979055	-0.112951	-0.941448	-0.194645	-0.275298
37870	9.295033	-1.535556	-2.695072	-0.111198	-0.250857	-0.103505	-0.293690	0.058168	0.954129	-0.168652	0.979335	-0.111618	-0.940905	-0.193697	-0.277811
37871	9.455862	-1.375851	-3.156936	-0.120479	-0.256456	-0.111515	-0.295926	0.056550	0.953536	-0.167856	0.979634	-0.110191	-0.940347	-0.192665	-0.280407
37872	9.380064	-1.313930	-3.353744	-0.132069	-0.248960	-0.110599	-0.298068	0.054952	0.952961	-0.166948	0.979952	-0.108727	-0.939832	-0.191503	-0.282919
37873	9.330332	-1.307783	-3.420107	-0.136204	-0.257338	-0.117538	-0.300275	0.053254	0.952365	-0.166055	0.980275	-0.107171	-0.939287	-0.190326	-0.285509
37874	9.157566	-1.429284	-3.081046	-0.124426	-0.261448	-0.125448	-0.302509	0.051492	0.951755	-0.165270	0.980581	-0.105582	-0.938709	-0.189236	-0.288124
37875	9.160673	-2.155975	-2.732936	-0.109355	-0.292590	-0.139219	-0.304982	0.049546	0.951068	-0.164654	0.980864	-0.103898	-0.938016	-0.188284	-0.290988
37876	9.318265	-2.223264	-2.181020	0.039650	-0.324710	-0.164946	-0.307742	0.047280	0.950295	-0.165536	0.980872	-0.102408	-0.936959	-0.188823	-0.294029
37877	9.380215	-1.674179	-1.519301	0.083718	-0.378020	-0.171612	-0.311022	0.044852	0.949344	-0.166860	0.980793	-0.101005	-0.935640	-0.189823	-0.297564
37878	9.606607	-0.790590	-1.025652	0.104059	-0.421225	-0.169955	-0.314662	0.042348	0.948259	-0.168370	0.980672	-0.099666	-0.934151	-0.191020	-0.301451
37879	9.599659	-0.445916	-0.932818	0.004161	-0.466959	-0.172386	-0.318706	0.039735	0.947020	-0.168957	0.980738	-0.098010	-0.932674	-0.191242	-0.305853
37880	9.745788	-0.552176	-1.010233	-0.062111	-0.516549	-0.187132	-0.323191	0.036878	0.945615	-0.168985	0.980931	-0.096010	-0.931124	-0.190824	-0.310796
37881	9.756792	-0.849741	-1.050210	-0.132379	-0.582372	-0.203857	-0.328250	0.033698	0.943989	-0.168485	0.981249	-0.093615	-0.929443	-0.189777	-0.316418
37882	9.926715	-1.262270	-1.170701	-0.150525	-0.641529	-0.216055	-0.333831	0.030329	0.942145	-0.167808	0.981605	-0.091059	-0.927576	-0.188498	-0.322601
37883	10.594978	-0.706296	-0.897267	-0.126054	-0.695470	-0.219211	-0.339912	0.026846	0.940074	-0.167380	0.981907	-0.088562	-0.925442	-0.187453	-0.329269
37884	10.828723	-0.185331	-0.417607	-0.162824	-0.720515	-0.209411	-0.346210	0.023408	0.937865	-0.166600	0.982266	-0.086016	-0.923246	-0.186028	-0.336170
37885	10.737668	-1.081512	-0.193069	-0.175326	-0.745500	-0.238467	-0.352711	0.019643	0.935526	-0.165852	0.982638	-0.083162	-0.920917	-0.184491	-0.343329
37886	10.303819	-0.790940	0.138260	-0.095805	-0.810659	-0.292446	-0.359668	0.015241	0.932956	-0.166020	0.982867	-0.080060	-0.918192	-0.183685	-0.350975
37887	10.180618	-0.263012	0.338194	-0.244148	-0.924710	-0.274552	-0.367666	0.010793	0.929895	-0.164831	0.983344	-0.076585	-0.915234	-0.181433	-0.359763
37888	10.118025	-0.272390	-0.166135	-0.347275	-1.005661	-0.248034	-0.376436	0.006509	0.926420	-0.162589	0.983991	-0.072979	-0.912064	-0.178097	-0.369351
37889	10.024332	0.233108	-0.608855	-0.498846	-1.079247	-0.217042	-0.385956	0.002426	0.922514	-0.158928	0.984870	-0.069081	-0.908724	-0.173276	-0.379731
37890	9.860704	0.811087	-0.945331	-0.685539	-1.143870	-0.190637	-0.396022	-0.001432	0.918240	-0.153464	0.986037	-0.064648	-0.905326	-0.166519	-0.390712
37891	10.012625	0.548295	-1.043397	-0.875639	-1.179339	-0.162605	-0.406452	-0.004961	0.913659	-0.146191	0.987455	-0.059673	-0.901901	-0.157823	-0.402078
37892	9.796016	0.366442	-0.594523	-0.745919	-1.130401	-0.164164	-0.416380	-0.008361	0.909152	-0.140162	0.988594	-0.055100	-0.898322	-0.150371	-0.412803
37893	9.533761	0.872779	-0.976276	-0.636397	-1.126666	-0.167210	-0.426271	-0.011756	0.904519	-0.135242	0.989506	-0.050875	-0.894429	-0.144016	-0.423387
37894	9.240315	0.881715	-1.650717	-0.683598	-1.115728	-0.162799	-0.436002	-0.014972	0.899821	-0.129853	0.990445	-0.046439	-0.890528	-0.137092	-0.433780
37895	9.016688	0.802020	-2.289655	-0.761138	-1.128432	-0.165463	-0.445848	-0.018220	0.894923	-0.123929	0.991421	-0.041556	-0.886488	-0.129434	-0.444280
37896	8.926462	0.734610	-2.642077	-0.832004	-1.141335	-0.149801	-0.455751	-0.021171	0.889856	-0.117256	0.992433	-0.036443	-0.882350	-0.120950	-0.454785
37897	8.778169	0.561310	-2.820552	-0.837665	-1.176725	-0.113838	-0.466028	-0.023750	0.884451	-0.110481	0.993378	-0.031539	-0.877845	-0.112413	-0.465566
37898	8.820239	0.367150	-3.697573	-0.858159	-1.245546	-0.071661	-0.476845	-0.025844	0.878607	-0.103319	0.994286	-0.026827	-0.872894	-0.103569	-0.476791
37899	8.669304	0.238495	-4.122906	-0.855378	-1.251368	-0.052544	-0.487734	-0.027718	0.872552	-0.096237	0.995111	-0.022183	-0.867671	-0.094791	-0.488018
37900	8.849074	-0.023822	-4.688274	-0.990341	-1.371316	-0.022640	-0.499563	-0.029210	0.865785	-0.087797	0.995992	-0.017057	-0.861817	-0.084535	-0.500126
37901	8.922271	-0.341276	-5.070302	-1.007374	-1.416269	-0.020721	-0.511764	-0.030592	0.858581	-0.079290	0.996782	-0.011745	-0.855459	-0.074087	-0.512543
37902	9.346335	-0.798134	-5.458502	-1.058526	-1.506991	-0.001744	-0.524594	-0.031680	0.850763	-0.070294	0.997507	-0.006200	-0.848446	-0.063056	-0.525513
37903	9.828838	-1.339251	-5.759199	-1.045212	-1.549798	-0.009419	-0.537700	-0.032756	0.842500	-0.061590	0.998101	-0.000503	-0.840884	-0.052160	-0.538696
37904	10.183268	-1.730552	-6.011704	-0.994481	-1.585217	-0.019519	-0.550947	-0.033732	0.833858	-0.053389	0.998561	0.005119	-0.832830	-0.041698	-0.551955
37905	10.418678	-1.970006	-5.641160	-0.880776	-1.636160	-0.018767	-0.564475	-0.034584	0.824725	-0.046235	0.998878	0.010242	-0.824154	-0.032349	-0.565441
37906	10.690204	-1.956136	-5.780980	-0.848477	-1.605220	-0.056019	-0.577604	-0.035628	0.815539	-0.039615	0.999093	0.015590	-0.815355	-0.023303	-0.578491
37907	10.632443	-1.726207	-5.998967	-0.829546	-1.515292	-0.091642	-0.589844	-0.036887	0.806674	-0.033459	0.999215	0.021225	-0.806824	-0.014471	-0.590615
37908	10.251062	-1.839679	-6.285863	-0.881935	-1.453180	-0.105243	-0.601470	-0.038118	0.797986	-0.027025	0.999260	0.027363	-0.798438	-0.005107	-0.602055
37909	10.300616	-1.965843	-6.562066	-0.792826	-1.397366	-0.131413	-0.612513	-0.039471	0.789474	-0.021536	0.999215	0.033249	-0.790167	0.003363	-0.612882
37910	10.279256	-1.615872	-6.496117	-0.631149	-1.231730	-0.176568	-0.622160	-0.041190	0.781806	-0.017681	0.999100	0.038567	-0.782691	0.010172	-0.622328
37911	9.823734	-1.296343	-6.490844	-0.463972	-0.991091	-0.202493	-0.629822	-0.043111	0.775542	-0.015343	0.998954	0.043070	-0.776588	0.015227	-0.629824
37912	9.151454	-0.982708	-6.511153	-0.225465	-0.716601	-0.236578	-0.635329	-0.045394	0.770906	-0.015113	0.998811	0.046359	-0.772094	0.017803	-0.635259
37913	8.194744	-1.059191	-7.585736	-0.030664	-0.448749	-0.277841	-0.638707	-0.048111	0.767944	-0.016659	0.998674	0.048710	-0.769269	0.018318	-0.638662
37914	8.715923	-1.032399	-6.015671	0.259760	-0.254796	-0.273345	-0.640609	-0.050834	0.766183	-0.020423	0.998581	0.049178	-0.767595	0.015856	-0.640738
37915	9.129026	-1.544216	-5.441683	0.567522	0.120156	-0.266390	-0.639588	-0.053533	0.766851	-0.026501	0.998515	0.047602	-0.768261	0.010123	-0.640057
37916	8.010695	-1.154901	-5.899247	1.031968	0.539597	-0.299230	-0.635334	-0.056584	0.770162	-0.036372	0.998398	0.043348	-0.771380	-0.000472	-0.636374
37917	7.101824	0.072936	-6.109756	1.299940	0.788566	-0.306560	-0.629065	-0.059609	0.775063	-0.048384	0.998125	0.037495	-0.775845	-0.013914	-0.630770
37918	7.083202	0.823553	-5.891650	1.298966	1.009941	-0.283714	-0.621040	-0.062269	0.781301	-0.060290	0.997681	0.031591	-0.781456	-0.027486	-0.623354
37919	6.828061	0.639534	-6.049347	1.265303	1.290795	-0.258944	-0.610697	-0.064431	0.789239	-0.071835	0.997082	0.025815	-0.788600	-0.040930	-0.613543
37920	6.234825	0.966316	-5.735999	1.331697	1.587962	-0.271870	-0.597886	-0.066415	0.798825	-0.084054	0.996262	0.019919	-0.797162	-0.055236	-0.601233
37921	6.003618	1.123448	-5.777465	1.247179	1.823773	-0.261033	-0.582984	-0.067903	0.809641	-0.095614	0.995311	0.014628	-0.806838	-0.068885	-0.586742
37922	6.140851	0.998747	-5.959219	1.209887	2.036891	-0.237745	-0.566192	-0.068765	0.821400	-0.106822	0.994232	0.009602	-0.817322	-0.082307	-0.570272
37923	6.038389	1.055163	-6.053403	1.209559	2.250955	-0.203815	-0.547398	-0.068806	0.834039	-0.117925	0.993012	0.004525	-0.828523	-0.095877	-0.551686
37924	5.987466	1.383019	-5.964963	1.133607	2.409949	-0.156003	-0.527088	-0.067925	0.847092	-0.128236	0.991744	-0.000269	-0.840080	-0.108769	-0.531447
37925	6.115794	1.438504	-6.076715	1.033692	2.613004	-0.159553	-0.504724	-0.066530	0.860714	-0.137818	0.990448	-0.004259	-0.852209	-0.120772	-0.509072
37926	6.303574	1.392229	-6.182535	0.935826	2.786406	-0.161890	-0.480562	-0.064649	0.874575	-0.146662	0.989158	-0.007469	-0.864610	-0.131857	-0.484833
37927	6.664821	0.956115	-6.074430	0.843229	2.944044	-0.174613	-0.454617	-0.062366	0.888501	-0.154832	0.987891	-0.009880	-0.877126	-0.142060	-0.458769
37928	7.200844	0.392948	-5.878511	0.852676	3.077881	-0.209600	-0.427085	-0.059940	0.902223	-0.163298	0.986507	-0.011761	-0.889344	-0.152354	-0.431110
37929	7.910945	-0.147242	-5.532800	0.939200	3.191862	-0.276994	-0.398004	-0.057655	0.915570	-0.172856	0.984860	-0.013124	-0.900951	-0.163485	-0.401944
37930	8.747748	-0.547870	-5.162129	1.081066	3.287929	-0.354160	-0.367559	-0.055594	0.928337	-0.184019	0.982823	-0.014002	-0.911613	-0.175978	-0.371476
37931	9.690656	-0.879655	-4.424338	1.241394	3.357872	-0.424566	-0.335937	-0.053642	0.940356	-0.196894	0.980319	-0.014418	-0.921075	-0.189994	-0.339887
37932	10.415303	-0.988480	-3.848176	1.396233	3.403773	-0.480491	-0.303451	-0.051650	0.951446	-0.211354	0.977304	-0.014355	-0.929111	-0.205448	-0.307480
37933	10.776629	-0.881022	-3.149067	1.551581	3.402906	-0.531312	-0.270515	-0.049579	0.961438	-0.227350	0.973716	-0.013757	-0.935486	-0.222304	-0.274677
37934	11.050904	-0.487825	-2.354817	1.645535	3.350774	-0.567031	-0.237736	-0.047379	0.970174	-0.244228	0.969637	-0.012494	-0.940125	-0.239914	-0.242089
37935	10.979319	0.072492	-1.488387	1.631042	3.246352	-0.563060	-0.205698	-0.044779	0.977591	-0.260839	0.965323	-0.010666	-0.943214	-0.257187	-0.210245
37936	11.086205	0.349069	-0.768313	1.491534	3.099826	-0.533458	-0.174979	-0.041736	0.983687	-0.275939	0.961139	-0.008305	-0.945114	-0.272891	-0.179696
37937	10.869208	0.361109	-0.193649	1.354487	2.940965	-0.479354	-0.145767	-0.038121	0.988584	-0.289515	0.957156	-0.005780	-0.946009	-0.287053	-0.150558
37938	10.599158	0.458701	-0.033173	1.222063	2.754597	-0.392446	-0.118528	-0.033822	0.992374	-0.301595	0.953430	-0.003527	-0.946040	-0.299713	-0.123209
37939	10.091602	0.817454	0.059339	1.092830	2.568219	-0.300562	-0.093267	-0.028863	0.995223	-0.312244	0.950000	-0.001711	-0.945412	-0.310912	-0.097616
37940	9.503712	1.503887	-0.131313	0.924239	2.340609	-0.170495	-0.070591	-0.023126	0.997237	-0.321115	0.947040	-0.000769	-0.944406	-0.320282	-0.074279
37941	9.267804	1.650239	-0.468841	0.628572	2.128099	-0.032472	-0.050345	-0.016572	0.998594	-0.327061	0.945003	-0.000807	-0.943661	-0.326642	-0.052996
37942	8.950347	1.353434	-0.808557	0.335822	1.968147	0.084342	-0.032033	-0.009346	0.999443	-0.330190	0.943913	-0.001756	-0.943371	-0.330063	-0.033322
37943	8.576021	1.107675	-1.299169	0.192919	1.832219	0.182466	-0.015302	-0.001583	0.999882	-0.331957	0.943288	-0.003586	-0.943171	-0.331972	-0.014960
37944	8.109687	0.897316	-1.885480	0.017706	1.731530	0.233540	0.000273	0.006336	0.999980	-0.332100	0.943226	-0.005885	-0.943244	-0.332092	0.002362
37945	7.682616	0.744853	-2.027730	-0.143441	1.661887	0.278062	0.015081	0.014438	0.999782	-0.330756	0.943677	-0.008639	-0.943596	-0.330553	0.019007
37946	7.391196	0.538055	-2.165422	-0.321531	1.578993	0.333325	0.028907	0.022746	0.999323	-0.327787	0.944675	-0.012020	-0.944309	-0.327218	0.034764
37947	7.147559	0.200380	-2.216274	-0.459168	1.525458	0.363572	0.042183	0.031108	0.998625	-0.323564	0.946074	-0.015804	-0.945266	-0.322452	0.049974
37948	6.806539	-0.366902	-1.740338	-0.561131	1.443709	0.364293	0.054687	0.039138	0.997736	-0.318425	0.947743	-0.019723	-0.946369	-0.316626	0.064292
37949	7.860296	-2.463948	-1.022712	-0.755782	1.336591	0.339095	0.066324	0.046504	0.996714	-0.311457	0.949967	-0.023598	-0.947943	-0.308868	0.077490
37950	7.799431	-2.180177	-3.287270	-0.631525	1.121998	0.259526	0.076184	0.052367	0.995718	-0.305643	0.951773	-0.026671	-0.949094	-0.302302	0.088515
37951	7.058416	-0.262968	-2.294462	-0.597873	0.933717	0.216928	0.084433	0.057198	0.994786	-0.300127	0.953448	-0.029348	-0.950155	-0.296084	0.097669
37952	7.516405	0.109799	-1.823708	-0.812667	0.605693	0.146623	0.089777	0.060333	0.994133	-0.292516	0.955739	-0.031586	-0.952037	-0.287964	0.103452
37953	7.415111	-0.418840	-2.665853	-0.747550	0.364645	0.063079	0.093106	0.061941	0.993728	-0.285436	0.957831	-0.032960	-0.953864	-0.280577	0.106860
37954	6.167645	-0.667496	-2.260674	-0.520374	0.048953	-0.026514	0.093665	0.061789	0.993685	-0.280435	0.959298	-0.033217	-0.955292	-0.275552	0.107181
37955	6.416828	-1.692411	-0.678073	-0.408981	-0.400583	-0.006910	0.089886	0.060594	0.994107	-0.276506	0.960427	-0.033540	-0.956799	-0.271862	0.103084
37956	12.264635	-2.213059	3.617347	-0.021052	-0.713927	0.012948	0.083034	0.058743	0.994814	-0.276306	0.960480	-0.033653	-0.957476	-0.272079	0.095984
37957	16.758018	-1.532681	4.563906	0.298382	-0.551844	-0.106354	0.078078	0.056182	0.995363	-0.279067	0.959729	-0.032280	-0.957092	-0.275252	0.090612
37958	12.601439	-1.783961	2.358040	0.421007	-0.713619	-0.043815	0.071391	0.053748	0.995999	-0.283053	0.958589	-0.031440	-0.956444	-0.279676	0.083648
37959	10.307787	0.847119	-0.460743	0.442157	-1.318693	0.221034	0.058184	0.052118	0.996945	-0.287416	0.957228	-0.033268	-0.956037	-0.284602	0.070675
37960	11.139361	3.802233	-2.255889	0.267560	-1.609298	0.425282	0.041587	0.051546	0.997804	-0.290178	0.956245	-0.037304	-0.956069	-0.287990	0.054725
37961	10.932423	5.482398	-3.174284	-0.241988	-1.464650	0.435934	0.026347	0.051477	0.998327	-0.288001	0.956720	-0.041731	-0.957268	-0.286420	0.040032
