// General information: 
//  MT Manager version: 2022.2.0 
//  XDA version: 2022.2.0 build 7381 rev 124627 built on 2023-07-19
// Device information: 
//  DeviceId: 00B4CB9F
//  ProductCode: MTW2-3A7G6
//  Firmware Version: 4.6.0
//  Hardware Version: 2.0.0
// Device settings: 
//  Filter Profile: human(46.1)
//  Option Flags: Orientation Smoother Disabled, Position/Velocity Smoother Disabled, Continuous Zero Rotation Update Disabled, AHS Disabled, ICC Disabled
// Coordinate system: ENU
PacketCounter	Acc_X	Acc_Y	Acc_Z	Gyr_X	Gyr_Y	Gyr_Z	Mat[1][1]	Mat[2][1]	Mat[3][1]	Mat[1][2]	Mat[2][2]	Mat[3][2]	Mat[1][3]	Mat[2][3]	Mat[3][3]
56656	9.891807	-0.577792	-0.475585	-0.579552	-0.033127	-0.031190	0.086090	0.064675	0.994186	-0.165082	0.985023	-0.049784	-0.982515	-0.159836	0.095477
56657	9.882679	-1.394943	-0.361116	-0.542014	-0.035914	-0.031921	0.085741	0.064338	0.994238	-0.159781	0.985885	-0.050018	-0.983422	-0.154571	0.094811
56658	9.775396	-1.983591	-0.338698	-0.439886	-0.045266	-0.027569	0.085273	0.064044	0.994297	-0.155409	0.986573	-0.050218	-0.984163	-0.150241	0.094081
56659	9.751977	-2.188403	-0.268707	-0.291258	-0.049250	-0.018627	0.084769	0.063821	0.994355	-0.152580	0.987008	-0.050342	-0.984649	-0.147451	0.093405
56660	9.738435	-2.014952	-0.167588	-0.126324	-0.063802	-0.024444	0.084107	0.063538	0.994429	-0.151358	0.987200	-0.050274	-0.984894	-0.146286	0.092648
56661	9.824420	-1.634706	0.092312	0.041366	-0.065475	-0.030635	0.083461	0.063174	0.994507	-0.151793	0.987148	-0.049968	-0.984882	-0.146789	0.091978
56662	9.856332	-1.153865	0.236945	0.155740	-0.053986	-0.027656	0.082918	0.062877	0.994571	-0.153329	0.986929	-0.049610	-0.984690	-0.148383	0.091475
56663	9.848501	-0.781998	0.465043	0.233876	-0.041595	-0.016975	0.082487	0.062681	0.994619	-0.155671	0.986580	-0.049264	-0.984359	-0.150770	0.091138
56664	9.821201	-0.436941	0.684208	0.296054	-0.031396	-0.006346	0.082132	0.062625	0.994652	-0.158527	0.986138	-0.048999	-0.983933	-0.153655	0.090921
56665	9.770810	-0.221517	0.879494	0.331830	-0.032646	0.013099	0.081742	0.062738	0.994677	-0.161855	0.985604	-0.048864	-0.983423	-0.157000	0.090720
56666	9.829122	-0.024639	1.093074	0.324525	-0.048971	0.028461	0.081160	0.062997	0.994708	-0.165166	0.985052	-0.048909	-0.982921	-0.160323	0.090352
56667	9.863561	0.089601	1.272642	0.268552	-0.051411	0.043202	0.080535	0.063373	0.994735	-0.167894	0.984580	-0.049133	-0.982510	-0.163053	0.089933
56668	9.781349	0.217258	1.181285	0.170014	-0.071891	0.057652	0.079675	0.063877	0.994772	-0.169678	0.984250	-0.049612	-0.982274	-0.164838	0.089258
56669	9.718637	0.177531	1.012267	0.052775	-0.104994	0.051491	0.078508	0.064244	0.994841	-0.170290	0.984119	-0.050114	-0.982262	-0.165478	0.088201
56670	9.718849	0.004386	0.912859	-0.054621	-0.117635	0.036748	0.077223	0.064462	0.994928	-0.169675	0.984200	-0.050597	-0.982470	-0.164908	0.086940
56671	9.656087	-0.275010	0.667428	-0.139793	-0.128107	0.017553	0.075886	0.064458	0.995031	-0.168369	0.984408	-0.050929	-0.982799	-0.163667	0.085556
56672	9.679474	-0.556002	0.513230	-0.181322	-0.128278	0.001359	0.074548	0.064313	0.995141	-0.166613	0.984694	-0.051156	-0.983200	-0.161990	0.084122
56673	9.720511	-0.736338	0.351485	-0.182055	-0.126358	-0.011931	0.073277	0.064025	0.995254	-0.164867	0.984985	-0.051226	-0.983590	-0.160331	0.082733
56674	9.771998	-0.829642	0.240880	-0.145170	-0.124696	-0.011869	0.071994	0.063760	0.995365	-0.163403	0.985225	-0.051292	-0.983929	-0.158953	0.081349
56675	9.848158	-0.894374	0.263118	-0.092785	-0.127488	-0.014600	0.070715	0.063448	0.995477	-0.162532	0.985371	-0.051259	-0.984166	-0.158173	0.079993
56676	9.801332	-0.913246	0.281118	-0.038252	-0.124116	-0.004456	0.069440	0.063259	0.995578	-0.162132	0.985434	-0.051306	-0.984323	-0.157852	0.078685
56677	9.774675	-0.899812	0.216920	0.018886	-0.131540	0.009126	0.068083	0.063175	0.995677	-0.162377	0.985388	-0.051419	-0.984377	-0.158174	0.077346
56678	9.745037	-0.797898	0.223556	0.084272	-0.148676	0.018140	0.066503	0.063171	0.995785	-0.163312	0.985224	-0.051594	-0.984330	-0.159192	0.075837
56679	9.798714	-0.773228	0.211239	0.138479	-0.163100	0.026609	0.064806	0.063206	0.995894	-0.164745	0.984975	-0.051792	-0.984205	-0.160713	0.074245
56680	9.923587	-0.629625	0.284681	0.180363	-0.163930	0.031508	0.063081	0.063303	0.995999	-0.166565	0.984657	-0.052033	-0.984011	-0.162617	0.072657
56681	9.906199	-0.461255	0.254440	0.191050	-0.158448	0.032610	0.061419	0.063399	0.996097	-0.168518	0.984312	-0.052258	-0.983783	-0.164651	0.071139
56682	9.863239	-0.362456	0.371084	0.188025	-0.137459	0.034362	0.059917	0.063560	0.996178	-0.170630	0.983935	-0.052516	-0.983512	-0.166831	0.069800
56683	9.795623	-0.350426	0.549465	0.181877	-0.122450	0.026135	0.058620	0.063646	0.996249	-0.172487	0.983602	-0.052688	-0.983266	-0.168751	0.068637
56684	9.750637	-0.423985	0.672245	0.155375	-0.103243	0.020913	0.057478	0.063728	0.996311	-0.173994	0.983327	-0.052859	-0.983068	-0.170314	0.067608
56685	9.739445	-0.478773	0.876239	0.125517	-0.087323	0.016622	0.056542	0.063775	0.996361	-0.175290	0.983090	-0.052978	-0.982892	-0.171657	0.066765
56686	9.782770	-0.549065	1.002144	0.106409	-0.073956	0.014253	0.055728	0.063841	0.996403	-0.176290	0.982904	-0.053116	-0.982760	-0.172695	0.066030
56687	9.754973	-0.455426	1.197504	0.098296	-0.057433	0.006857	0.055103	0.063842	0.996438	-0.177312	0.982718	-0.053158	-0.982611	-0.173751	0.065471
56688	9.750995	-0.244952	1.236804	0.062413	-0.042521	-0.003941	0.054645	0.063781	0.996467	-0.177863	0.982619	-0.053141	-0.982537	-0.174331	0.065040
56689	9.768991	-0.140107	1.133543	0.014054	-0.042507	-0.013713	0.054203	0.063605	0.996502	-0.178046	0.982592	-0.053033	-0.982528	-0.174549	0.064584
56690	9.728278	-0.121832	1.097963	-0.024782	-0.040937	-0.012754	0.053768	0.063457	0.996535	-0.177909	0.982620	-0.052972	-0.982577	-0.174444	0.064123
56691	9.708403	-0.124462	1.081014	-0.051000	-0.037160	-0.011427	0.053374	0.063314	0.996565	-0.177454	0.982705	-0.052929	-0.982681	-0.174019	0.063686
56692	9.737603	-0.203978	1.053239	-0.069234	-0.037197	-0.004086	0.052924	0.063260	0.996593	-0.176774	0.982824	-0.052998	-0.982828	-0.173366	0.063198
56693	9.766727	-0.284542	1.025696	-0.088892	-0.028914	0.006764	0.052579	0.063309	0.996608	-0.175956	0.982962	-0.053159	-0.982993	-0.172564	0.062823
56694	9.763061	-0.413209	1.015915	-0.092048	-0.023222	0.016437	0.052251	0.063480	0.996614	-0.175081	0.983103	-0.053440	-0.983166	-0.171696	0.062483
56695	9.751866	-0.525859	0.968165	-0.081359	-0.019403	0.017646	0.051981	0.063653	0.996617	-0.174343	0.983219	-0.053704	-0.983312	-0.170962	0.062206
56696	9.835955	-0.652782	0.958762	-0.060645	-0.005824	0.016046	0.051835	0.063851	0.996612	-0.173816	0.983299	-0.053957	-0.983413	-0.170430	0.062068
56697	9.863792	-0.729026	0.843049	-0.042907	0.010697	0.013252	0.051869	0.064033	0.996599	-0.173453	0.983352	-0.054154	-0.983475	-0.170054	0.062112
56698	9.850440	-0.768987	0.783763	-0.020763	0.027542	0.011753	0.052078	0.064242	0.996575	-0.173402	0.983352	-0.054328	-0.983473	-0.169978	0.062351
56699	9.871024	-0.790439	0.805078	0.003248	0.035941	0.005280	0.052374	0.064388	0.996550	-0.173488	0.983331	-0.054417	-0.983442	-0.170040	0.062671
56700	9.910706	-0.760501	0.830567	0.022614	0.051485	0.007895	0.052783	0.064606	0.996514	-0.173671	0.983292	-0.054550	-0.983388	-0.170186	0.063122
56701	9.758368	-0.672321	0.685495	0.005023	0.060193	0.006509	0.053315	0.064806	0.996473	-0.173776	0.983268	-0.054649	-0.983341	-0.170250	0.063685
56702	9.645220	-0.505787	0.550222	-0.024546	0.037554	0.001545	0.053604	0.064934	0.996449	-0.173713	0.983274	-0.054730	-0.983336	-0.170162	0.063988
56703	9.616869	-0.450464	0.582307	-0.065199	0.019674	0.000755	0.053748	0.065008	0.996436	-0.173124	0.983373	-0.054818	-0.983432	-0.169561	0.064109
56704	9.507379	-0.427229	0.474085	-0.104283	0.005582	0.004845	0.053722	0.065115	0.996431	-0.172223	0.983522	-0.054986	-0.983592	-0.168654	0.064051
56705	9.513068	-0.409942	0.323748	-0.136200	-0.016874	0.002326	0.053503	0.065143	0.996441	-0.170937	0.983738	-0.055134	-0.983828	-0.167379	0.063768
56706	9.603369	-0.485560	0.427133	-0.147994	-0.024534	-0.005262	0.053170	0.065100	0.996461	-0.169603	0.983963	-0.055234	-0.984077	-0.166066	0.063358
56707	9.723638	-0.687963	0.514918	-0.147194	-0.028417	-0.012646	0.052863	0.064963	0.996487	-0.168200	0.984204	-0.055239	-0.984334	-0.164689	0.062955
56708	9.804570	-0.926083	0.672354	-0.128059	-0.017013	-0.019245	0.052636	0.064794	0.996510	-0.167004	0.984411	-0.055186	-0.984550	-0.163517	0.062636
56709	9.891688	-1.151325	0.773046	-0.076581	0.003529	-0.012199	0.052642	0.064713	0.996514	-0.166296	0.984532	-0.055150	-0.984670	-0.162813	0.062590
56710	9.963385	-1.265685	1.054212	-0.006742	0.036163	-0.004014	0.052939	0.064784	0.996494	-0.166300	0.984531	-0.055172	-0.984653	-0.162796	0.062894
56711	9.876546	-1.081458	0.875682	0.047334	0.059091	0.010010	0.053456	0.065013	0.996452	-0.166823	0.984436	-0.055280	-0.984537	-0.163276	0.063469
56712	9.704763	-0.761251	0.523554	0.061576	0.035536	0.008635	0.053715	0.065209	0.996425	-0.167514	0.984313	-0.055386	-0.984405	-0.163940	0.063796
56713	9.772891	-0.474566	0.576703	0.047430	0.003267	-0.003635	0.053704	0.065213	0.996425	-0.168032	0.984226	-0.055358	-0.984318	-0.164458	0.063815
56714	9.775731	-0.299228	0.575386	0.008777	0.005395	-0.013915	0.053708	0.065138	0.996430	-0.168142	0.984212	-0.055276	-0.984299	-0.164573	0.063812
56715	9.604970	-0.258532	0.422101	-0.041096	0.000203	-0.028454	0.053709	0.064892	0.996446	-0.167774	0.984287	-0.055057	-0.984361	-0.164221	0.063752
56716	9.594948	-0.395492	0.471166	-0.059443	-0.013496	-0.029423	0.053572	0.064635	0.996470	-0.167146	0.984404	-0.054866	-0.984476	-0.163616	0.063540
56717	9.662334	-0.627966	0.650134	-0.058144	-0.010695	-0.034118	0.053475	0.064315	0.996496	-0.166607	0.984510	-0.054601	-0.984572	-0.163104	0.063362
56718	9.723788	-0.909443	0.714859	-0.045864	-0.006314	-0.027641	0.053411	0.064084	0.996514	-0.166221	0.984586	-0.054408	-0.984641	-0.162736	0.063239
56719	9.787890	-1.017067	0.778615	-0.019086	0.001815	-0.021964	0.053416	0.063905	0.996525	-0.166074	0.984621	-0.054239	-0.984666	-0.162600	0.063208
56720	9.741898	-1.076710	0.729380	0.014641	0.005841	-0.012180	0.053392	0.063849	0.996530	-0.166296	0.984587	-0.054174	-0.984629	-0.162827	0.063187
56721	9.691116	-0.963728	0.554559	0.041149	-0.000172	-0.003584	0.053347	0.063847	0.996533	-0.166752	0.984511	-0.054150	-0.984555	-0.163285	0.063168
56722	9.751143	-0.671863	0.389753	0.049320	-0.019891	0.004037	0.053053	0.063911	0.996544	-0.167324	0.984410	-0.054225	-0.984474	-0.163869	0.062919
56723	9.823329	-0.588083	0.301346	0.034554	-0.024606	-0.004759	0.052770	0.063857	0.996563	-0.167714	0.984345	-0.054194	-0.984422	-0.164277	0.062653
56724	9.866528	-0.675389	0.345468	0.041629	-0.023435	-0.028379	0.052550	0.063594	0.996591	-0.168118	0.984290	-0.053945	-0.984365	-0.164710	0.062416
56725	9.793000	-0.701545	0.329359	0.050803	-0.014975	-0.044081	0.052428	0.063170	0.996625	-0.168647	0.984223	-0.053512	-0.984281	-0.165273	0.062254
56726	10.057909	-0.641497	0.676894	0.066464	-0.008893	-0.054388	0.052389	0.062671	0.996658	-0.169479	0.984109	-0.052973	-0.984140	-0.166137	0.062178
56727	10.045181	-0.619679	0.875558	0.066256	0.028545	-0.048578	0.052703	0.062274	0.996667	-0.170157	0.984018	-0.052486	-0.984007	-0.166824	0.062457
56728	9.705032	-0.310384	0.828537	0.039806	0.038175	-0.036689	0.053048	0.062032	0.996663	-0.170635	0.983953	-0.052159	-0.983905	-0.167299	0.062782
56729	9.563300	-0.053278	0.986079	-0.000993	0.034507	-0.039021	0.053405	0.061740	0.996662	-0.170657	0.983968	-0.051809	-0.983882	-0.167320	0.063085
56730	9.587324	0.056708	1.015416	-0.050768	0.032858	-0.049084	0.053743	0.061366	0.996667	-0.170154	0.984075	-0.051416	-0.983951	-0.166824	0.063329
56731	9.481621	-0.058559	0.939281	-0.112947	0.024730	-0.054247	0.054030	0.060907	0.996680	-0.169066	0.984285	-0.050985	-0.984123	-0.165750	0.063478
56732	9.593140	-0.168321	0.979169	-0.165336	0.020681	-0.055270	0.054231	0.060452	0.996697	-0.167448	0.984581	-0.050606	-0.984388	-0.164151	0.063517
56733	9.859760	-0.480912	1.103368	-0.183556	0.042223	-0.056500	0.054692	0.059999	0.996699	-0.165663	0.984904	-0.050198	-0.984665	-0.162371	0.063806
56734	10.037656	-0.771792	1.224742	-0.164767	0.075932	-0.065321	0.055476	0.059533	0.996684	-0.163914	0.985221	-0.049725	-0.984914	-0.160612	0.064415
56735	10.132883	-1.027339	1.286949	-0.132384	0.122085	-0.067974	0.056741	0.059093	0.996639	-0.162624	0.985462	-0.049172	-0.985055	-0.159288	0.065526
56736	10.113862	-1.103092	1.393119	-0.081698	0.172027	-0.073386	0.058514	0.058695	0.996560	-0.161903	0.985612	-0.048544	-0.985070	-0.158506	0.067175
56737	9.985797	-1.196084	1.674096	0.006939	0.230806	-0.088841	0.060882	0.058219	0.996446	-0.161971	0.985642	-0.047692	-0.984916	-0.158492	0.069438
56738	9.788102	-1.322600	2.162400	0.133955	0.303547	-0.095380	0.063971	0.057818	0.996275	-0.163370	0.985459	-0.046700	-0.984489	-0.159774	0.072487
56739	9.922272	-1.255729	3.040468	0.269410	0.387389	-0.109886	0.067916	0.057393	0.996039	-0.166001	0.985078	-0.045442	-0.983784	-0.162258	0.076430
56740	10.124042	-1.208352	4.264350	0.338446	0.530837	-0.110535	0.073282	0.057233	0.995668	-0.169543	0.984535	-0.044114	-0.982794	-0.165576	0.081852
56741	9.938807	-1.059470	4.706885	0.298723	0.672974	-0.092152	0.080001	0.057483	0.995136	-0.172460	0.984078	-0.042979	-0.981762	-0.168183	0.088641
56742	9.795112	-0.771788	4.523780	0.229190	0.714988	-0.081530	0.087114	0.057956	0.994511	-0.174851	0.983698	-0.042009	-0.980733	-0.170232	0.095827
56743	9.702085	-0.215680	4.198585	0.234920	0.696992	-0.095725	0.094065	0.058241	0.993861	-0.177121	0.983340	-0.040861	-0.979683	-0.172191	0.102814
56744	9.822990	0.446043	3.972198	0.256790	0.661329	-0.131873	0.100730	0.058158	0.993213	-0.179588	0.982955	-0.039344	-0.978571	-0.174406	0.109457
56745	9.861642	1.064026	3.998661	0.194696	0.666433	-0.169093	0.107504	0.057697	0.992529	-0.181370	0.982700	-0.037481	-0.977521	-0.175986	0.116109
56746	10.049182	1.337436	4.371309	0.025601	0.725555	-0.209013	0.114960	0.056990	0.991734	-0.181570	0.982740	-0.035426	-0.976635	-0.175997	0.123324
56747	9.952176	1.073891	4.522875	-0.117168	0.825513	-0.275894	0.123469	0.055758	0.990781	-0.180153	0.983089	-0.032875	-0.975859	-0.174433	0.131426
56748	10.014989	0.864093	4.901730	-0.215309	0.943945	-0.333426	0.133300	0.054180	0.989594	-0.177737	0.983623	-0.029911	-0.975008	-0.171900	0.140747
56749	10.166876	0.541812	5.557484	-0.268604	1.068930	-0.389588	0.144355	0.052201	0.988148	-0.174634	0.984277	-0.026485	-0.973994	-0.168741	0.151201
56750	10.089299	0.346405	5.348873	-0.265710	1.155947	-0.409272	0.156325	0.050188	0.986430	-0.171763	0.984872	-0.022889	-0.972656	-0.165854	0.162581
56751	9.548940	0.305128	4.187290	-0.259256	1.051055	-0.395153	0.167166	0.048057	0.984757	-0.168660	0.985482	-0.019461	-0.971396	-0.162836	0.172844
56752	9.130456	0.687443	2.275787	-0.409743	0.706879	-0.370599	0.174658	0.045600	0.983573	-0.164079	0.986308	-0.016590	-0.970862	-0.158486	0.179748
56753	9.503291	1.148028	0.523491	-0.792373	0.255972	-0.334642	0.177631	0.042727	0.983169	-0.155851	0.987670	-0.014765	-0.971678	-0.150605	0.182100
56754	11.100581	1.454546	-0.148447	-1.188817	0.040728	-0.293996	0.178467	0.039968	0.983134	-0.144092	0.989464	-0.014069	-0.973338	-0.139151	0.182346
56755	12.091730	1.063953	0.029969	-1.401352	0.101973	-0.257878	0.179767	0.037585	0.982991	-0.130036	0.991409	-0.014126	-0.975077	-0.125285	0.183110
56756	11.747000	0.115229	0.838201	-1.468272	0.282659	-0.230586	0.182901	0.035711	0.982482	-0.115579	0.993191	-0.014584	-0.976314	-0.110887	0.185784
56757	10.787773	-1.346854	1.240819	-1.450048	0.402875	-0.224695	0.187034	0.033933	0.981767	-0.101059	0.994765	-0.015130	-0.977141	-0.096386	0.189484
56758	10.213634	-2.474132	1.322654	-1.328763	0.451188	-0.195566	0.191697	0.032470	0.980917	-0.087938	0.996001	-0.015784	-0.977507	-0.083234	0.193786
56759	9.675770	-3.088523	1.170883	-1.074283	0.498702	-0.163977	0.196663	0.031263	0.979973	-0.077177	0.996884	-0.016314	-0.977429	-0.072423	0.198463
56760	9.553924	-3.381825	0.608044	-0.702542	0.525415	-0.140848	0.201959	0.030314	0.978925	-0.070309	0.997391	-0.016381	-0.976867	-0.065519	0.203564
56761	9.756216	-3.565237	-0.055170	-0.237992	0.557626	-0.103703	0.207431	0.029677	0.977799	-0.067833	0.997570	-0.015887	-0.975895	-0.063031	0.208941
56762	10.315845	-3.253511	-0.403283	0.273572	0.555907	-0.059955	0.212962	0.029552	0.976614	-0.070718	0.997387	-0.014760	-0.974498	-0.065920	0.214495
56763	10.789074	-2.561605	-0.739832	0.712023	0.581211	-0.012007	0.218585	0.029875	0.975360	-0.077684	0.996892	-0.013125	-0.972721	-0.072901	0.220227
56764	10.903882	-1.617108	-0.589252	0.993606	0.602857	0.022643	0.224476	0.030699	0.973996	-0.087770	0.996078	-0.011167	-0.970519	-0.082981	0.226290
56765	10.347237	-0.657152	-0.249426	1.104746	0.608282	0.049937	0.230281	0.031772	0.972605	-0.098652	0.995080	-0.009149	-0.968111	-0.093843	0.232282
56766	9.644260	0.465850	0.178422	1.105884	0.561663	0.071022	0.235650	0.033133	0.971273	-0.109660	0.993942	-0.007301	-0.965631	-0.104790	0.237856
56767	9.128628	1.458501	0.118663	1.035288	0.519415	0.072891	0.240531	0.034465	0.970029	-0.119879	0.992773	-0.005547	-0.963210	-0.114951	0.242924
56768	8.645344	2.077141	-0.412379	0.855539	0.471157	0.067079	0.244952	0.035784	0.968875	-0.128438	0.991709	-0.004155	-0.960990	-0.123422	0.247517
56769	8.284445	2.393619	-0.975421	0.581023	0.395250	0.049208	0.248636	0.036807	0.967897	-0.134198	0.990949	-0.003210	-0.959255	-0.129092	0.251325
56770	7.899604	2.563887	-1.377268	0.250295	0.313411	0.034928	0.251572	0.037636	0.967107	-0.136795	0.990595	-0.002966	-0.958123	-0.131549	0.254354
56771	7.515044	2.374627	-1.729580	-0.114211	0.244110	0.023497	0.253832	0.038225	0.966493	-0.135821	0.990727	-0.003512	-0.957665	-0.130379	0.256670
56772	7.393320	1.718510	-1.745230	-0.426777	0.204878	0.034080	0.255715	0.038894	0.965969	-0.131948	0.991244	-0.004982	-0.957705	-0.126184	0.258608
56773	7.359778	0.619545	-1.789078	-0.697262	0.182554	0.048790	0.257356	0.039638	0.965503	-0.125455	0.992073	-0.007289	-0.958138	-0.119251	0.260289
56774	7.612641	-0.747510	-1.763183	-0.875353	0.165150	0.088165	0.258789	0.040770	0.965073	-0.117435	0.993026	-0.010460	-0.958769	-0.110626	0.261772
56775	7.895206	-2.112534	-1.586368	-0.928543	0.168681	0.151679	0.260190	0.042493	0.964622	-0.108984	0.993939	-0.014388	-0.959387	-0.101385	0.263244
56776	8.226186	-3.196701	-1.161381	-0.867955	0.172096	0.224953	0.261553	0.044956	0.964142	-0.101335	0.994673	-0.018890	-0.959855	-0.092760	0.264716
56777	8.607120	-4.038132	-0.680749	-0.704692	0.178141	0.298400	0.262926	0.048122	0.963615	-0.095413	0.995156	-0.023663	-0.960087	-0.085720	0.266244
56778	9.088938	-4.628449	-0.079345	-0.481870	0.186211	0.352347	0.264331	0.051852	0.963037	-0.091811	0.995372	-0.028394	-0.960052	-0.080912	0.267868
56779	9.546325	-5.082782	0.179764	-0.213984	0.204518	0.396845	0.265888	0.056004	0.962376	-0.090870	0.995322	-0.032816	-0.959712	-0.078726	0.269733
56780	10.003833	-5.067944	1.263397	0.057557	0.244547	0.426914	0.267785	0.060526	0.961576	-0.092657	0.995017	-0.036827	-0.959013	-0.079235	0.272059
56781	10.096912	-4.891429	2.721992	0.356934	0.320897	0.466869	0.270373	0.065468	0.960527	-0.097396	0.994427	-0.040363	-0.957817	-0.082638	0.275242
56782	9.494053	-4.115851	4.224482	0.700312	0.404035	0.528752	0.273639	0.071164	0.959196	-0.105640	0.993450	-0.043568	-0.956014	-0.089408	0.279364
56783	8.773703	-2.620993	6.307443	1.176855	0.402230	0.549123	0.276819	0.077035	0.957829	-0.118450	0.991915	-0.045544	-0.953594	-0.100847	0.283706
56784	8.442597	-1.132358	8.685922	1.703210	0.352471	0.518616	0.279453	0.082663	0.956595	-0.136232	0.989621	-0.045720	-0.950446	-0.117542	0.287814
56785	8.723500	0.593352	10.857405	2.017228	0.335070	0.473961	0.281891	0.087810	0.955420	-0.156758	0.986637	-0.044429	-0.946554	-0.137245	0.291889
56786	8.806667	1.881689	11.460823	1.887257	0.334931	0.431469	0.284279	0.092659	0.954254	-0.175934	0.983459	-0.043082	-0.942461	-0.155639	0.295879
56787	8.170808	3.208689	10.054957	1.437901	0.305533	0.419603	0.286337	0.097311	0.953175	-0.190720	0.980710	-0.042829	-0.938955	-0.169526	0.299373
56788	7.987963	4.268946	9.377050	0.877274	0.240194	0.386505	0.287787	0.101620	0.952288	-0.200191	0.978771	-0.043947	-0.936537	-0.177992	0.302021
56789	8.156891	5.085624	8.796050	0.353746	0.222808	0.327055	0.289163	0.105254	0.951476	-0.204507	0.977783	-0.046012	-0.935180	-0.181278	0.304263
56790	8.372488	4.908275	8.469186	-0.144565	0.255605	0.235181	0.291037	0.108109	0.950584	-0.203966	0.977763	-0.048752	-0.934717	-0.179698	0.306615
56791	8.662586	3.956767	8.013750	-0.578206	0.321633	0.138658	0.293716	0.110067	0.949535	-0.199028	0.978620	-0.051874	-0.934943	-0.173747	0.309343
56792	8.918169	2.869449	7.383588	-0.907386	0.388780	0.057630	0.297212	0.111373	0.948294	-0.190832	0.980064	-0.055294	-0.935547	-0.164531	0.312540
56793	8.967540	1.533453	6.614911	-1.065681	0.425094	0.004134	0.301136	0.112125	0.946966	-0.180933	0.981742	-0.058706	-0.936259	-0.153659	0.315924
56794	8.765979	0.211246	6.020474	-1.051126	0.442993	-0.001632	0.305267	0.112846	0.945557	-0.171205	0.983278	-0.062076	-0.936750	-0.142934	0.319482
56795	8.414389	-0.961843	5.416156	-0.891715	0.463934	0.047934	0.309487	0.113995	0.944046	-0.163061	0.984445	-0.065418	-0.936819	-0.133691	0.323261
56796	8.030173	-1.875292	4.883586	-0.650080	0.462510	0.117612	0.313615	0.115841	0.942458	-0.157466	0.985133	-0.068687	-0.936403	-0.126864	0.327193
56797	7.870509	-2.353505	4.507097	-0.349867	0.432145	0.185667	0.317324	0.118246	0.940916	-0.154840	0.985341	-0.071609	-0.935591	-0.122968	0.330982
56798	7.856085	-2.637596	4.338412	-0.002615	0.410876	0.227925	0.320797	0.121087	0.939376	-0.155676	0.985047	-0.073811	-0.934267	-0.122560	0.334850
56799	7.660198	-2.563387	3.990532	0.307955	0.370018	0.255886	0.323802	0.124101	0.937951	-0.159438	0.984340	-0.075198	-0.932594	-0.125196	0.338518
56800	7.937092	-2.428951	4.432541	0.605383	0.304738	0.277477	0.326173	0.127318	0.936697	-0.166115	0.983189	-0.075793	-0.930600	-0.130878	0.341840
56801	7.745947	-2.408327	4.098697	0.841473	0.177624	0.296223	0.327273	0.130504	0.935874	-0.174968	0.981659	-0.075703	-0.928589	-0.138973	0.344105
56802	7.072016	-2.301319	1.243950	0.776636	-0.190967	0.357533	0.324844	0.133843	0.936249	-0.183494	0.980045	-0.076439	-0.927797	-0.146965	0.342921
56803	7.026196	-2.393255	-1.256114	0.563591	-0.656246	0.425320	0.317910	0.137058	0.938162	-0.190155	0.978608	-0.078530	-0.928856	-0.153431	0.337172
56804	8.538193	-2.107297	-2.502626	0.420201	-0.943360	0.445575	0.308256	0.140051	0.940938	-0.195618	0.977298	-0.081377	-0.930974	-0.158980	0.328654
56805	10.206413	-1.905545	-2.227709	0.386198	-1.006448	0.380237	0.298074	0.142173	0.943895	-0.200433	0.976123	-0.083732	-0.933262	-0.164229	0.319453
56806	11.903364	-1.402770	-0.648013	0.524559	-0.844707	0.243738	0.289660	0.143237	0.946351	-0.206188	0.974862	-0.084442	-0.934657	-0.170666	0.311913
56807	12.532885	-0.574274	1.054130	0.748822	-0.593577	0.104624	0.283845	0.143253	0.948109	-0.213549	0.973388	-0.083140	-0.934788	-0.178869	0.306883
56808	11.880712	0.100329	1.317448	0.998625	-0.467220	0.036964	0.279365	0.142847	0.949500	-0.223114	0.971462	-0.080506	-0.933903	-0.189356	0.303263
56809	10.824426	0.736222	0.984998	1.220663	-0.589666	0.087144	0.273613	0.142571	0.951215	-0.234809	0.968932	-0.077685	-0.932738	-0.202098	0.298590
56810	10.584321	1.467065	1.124909	1.167411	-0.804342	0.186607	0.265628	0.142785	0.953443	-0.246313	0.966200	-0.076073	-0.932079	-0.214639	0.291820
56811	11.228785	2.286073	1.044332	0.816425	-0.955411	0.258768	0.256023	0.143219	0.956002	-0.254660	0.964022	-0.076221	-0.932524	-0.223941	0.283284
56812	11.435283	3.262253	-0.519876	0.522130	-1.030019	0.265358	0.245687	0.143506	0.958668	-0.260305	0.962423	-0.077357	-0.933745	-0.230540	0.273810
56813	10.851134	4.214283	-1.949346	0.317344	-1.135812	0.217487	0.234451	0.142984	0.961555	-0.263853	0.961353	-0.078620	-0.935636	-0.235277	0.263117
56814	10.574195	4.743426	-2.080717	0.069240	-1.204241	0.139043	0.222759	0.141523	0.964546	-0.264904	0.960966	-0.079819	-0.938192	-0.237731	0.251554
56815	10.311772	4.313848	-1.515668	-0.277813	-1.237076	0.093199	0.210836	0.139514	0.967514	-0.262553	0.961475	-0.081429	-0.941602	-0.236856	0.239344
56816	10.244671	2.755451	-1.207755	-0.698251	-1.275932	0.092647	0.198507	0.137445	0.970414	-0.256221	0.962964	-0.083978	-0.946016	-0.231970	0.226371
56817	10.136383	0.821914	-1.075107	-1.000508	-1.312905	0.115583	0.185712	0.135597	0.973203	-0.247011	0.965070	-0.087327	-0.951050	-0.224174	0.212719
56818	10.142142	-1.071428	-0.514177	-1.094612	-1.336243	0.161757	0.172532	0.134241	0.975814	-0.236904	0.967245	-0.091176	-0.956091	-0.215443	0.198683
56819	10.054967	-2.819394	0.133487	-1.044202	-1.305811	0.236837	0.159418	0.133807	0.978101	-0.227347	0.969117	-0.095524	-0.960677	-0.207140	0.184915
56820	9.798898	-4.171380	0.578586	-0.911524	-1.257833	0.314807	0.146553	0.134321	0.980041	-0.219093	0.970540	-0.100256	-0.964635	-0.200027	0.171665
56821	9.290488	-5.188624	0.642012	-0.704438	-1.200190	0.366813	0.134115	0.135546	0.981652	-0.212858	0.971419	-0.105052	-0.967835	-0.194864	0.159134
56822	9.071811	-5.599868	0.797011	-0.351811	-1.130269	0.392417	0.122277	0.137198	0.982968	-0.210004	0.971552	-0.109481	-0.970024	-0.193040	0.147610
56823	8.812777	-4.940873	0.812322	0.056292	-1.055930	0.367992	0.111204	0.138756	0.984063	-0.211036	0.970918	-0.113054	-0.971132	-0.195101	0.137253
56824	8.916206	-3.460213	1.064622	0.441289	-0.983333	0.275263	0.101010	0.139522	0.985054	-0.215676	0.969643	-0.115224	-0.971227	-0.200813	0.128035
56825	9.152852	-1.683184	1.360614	0.767211	-0.912419	0.152875	0.091767	0.139164	0.986008	-0.223327	0.967839	-0.115815	-0.970414	-0.209574	0.119894
56826	9.818785	-0.174988	1.782053	0.950499	-0.862938	0.068873	0.083185	0.138021	0.986930	-0.232672	0.965680	-0.115438	-0.968991	-0.220028	0.112443
56827	10.769184	0.971829	2.237520	0.948070	-0.802235	0.056395	0.075233	0.136790	0.987739	-0.241950	0.963450	-0.114998	-0.967368	-0.230332	0.105580
56828	10.544491	1.276773	2.437447	0.761963	-0.750587	0.112291	0.067647	0.136151	0.988376	-0.249459	0.961488	-0.115374	-0.966020	-0.238754	0.099006
56829	10.011771	0.937332	2.496154	0.494776	-0.740250	0.166882	0.060028	0.135996	0.988889	-0.254397	0.960047	-0.116587	-0.965235	-0.244572	0.092227
56830	9.820394	0.090460	2.476960	0.222621	-0.733905	0.176298	0.052443	0.135917	0.989331	-0.256703	0.959238	-0.118175	-0.965067	-0.247766	0.085195
56831	9.502804	-1.187837	2.208061	-0.014458	-0.736240	0.177865	0.044829	0.135826	0.989718	-0.256703	0.959014	-0.119985	-0.965450	-0.248685	0.077858
56832	9.446275	-2.205956	2.011599	-0.131436	-0.737878	0.166725	0.037227	0.135625	0.990061	-0.255562	0.959093	-0.121774	-0.966076	-0.248488	0.070365
56833	9.806418	-2.441625	1.849596	-0.099228	-0.720208	0.123801	0.029900	0.135053	0.990387	-0.254697	0.959153	-0.123104	-0.966559	-0.248568	0.063077
56834	9.727156	-2.339467	1.806038	-0.027906	-0.665672	0.075669	0.023225	0.134160	0.990688	-0.254512	0.959098	-0.123915	-0.966791	-0.249264	0.056420
56835	9.881901	-2.013441	1.764799	0.036258	-0.600145	0.017229	0.017328	0.132856	0.990984	-0.254919	0.958965	-0.124106	-0.966807	-0.250470	0.050484
56836	9.814842	-1.928079	1.723515	0.077805	-0.540847	-0.035729	0.012143	0.131196	0.991282	-0.255735	0.958792	-0.123763	-0.966671	-0.252002	0.045193
56837	9.832124	-1.861559	1.359513	0.090962	-0.505409	-0.050066	0.007335	0.129468	0.991556	-0.256661	0.958609	-0.123268	-0.966474	-0.253589	0.040260
56838	9.591554	-1.790465	0.895053	0.081406	-0.494854	-0.044746	0.002621	0.127824	0.991793	-0.257518	0.958433	-0.122844	-0.966270	-0.255083	0.035429
56839	9.488963	-1.478314	0.324877	0.036933	-0.526191	-0.014162	-0.002477	0.126374	0.991980	-0.257926	0.958338	-0.122732	-0.966162	-0.256161	0.030221
56840	9.457906	-1.229028	-0.272649	-0.085072	-0.597642	0.005764	-0.008313	0.124942	0.992129	-0.257177	0.958522	-0.122865	-0.966328	-0.256175	0.024164
56841	9.486148	-1.289565	-0.622660	-0.222544	-0.666273	0.024531	-0.014867	0.123505	0.992233	-0.255074	0.959041	-0.123195	-0.966807	-0.254925	0.017245
56842	9.335998	-1.567514	-0.870987	-0.328395	-0.723305	0.050493	-0.022037	0.122197	0.992261	-0.251961	0.959787	-0.123793	-0.967486	-0.252739	0.009638
56843	9.576911	-2.127537	-1.012503	-0.348657	-0.786832	0.038240	-0.029799	0.120615	0.992252	-0.248627	0.960599	-0.124234	-0.968141	-0.250403	0.001363
56844	9.831413	-2.546386	-0.759798	-0.275758	-0.789588	0.011470	-0.037521	0.118798	0.992209	-0.246024	0.961248	-0.124395	-0.968537	-0.248775	-0.006840
56845	9.921612	-2.720923	-0.561425	-0.172273	-0.759169	-0.033013	-0.044844	0.116626	0.992163	-0.244419	0.961697	-0.124092	-0.968632	-0.248068	-0.014621
56846	10.319390	-2.636759	-0.148940	-0.023014	-0.724768	-0.090568	-0.051692	0.114001	0.992135	-0.244313	0.961832	-0.123248	-0.968318	-0.248763	-0.021867
56847	10.497128	-2.274199	0.320119	0.090943	-0.680077	-0.136619	-0.057991	0.111020	0.992125	-0.245318	0.961741	-0.121959	-0.967707	-0.250458	-0.028537
56848	10.030239	-1.850924	0.597255	0.176008	-0.634106	-0.157010	-0.063787	0.107962	0.992106	-0.247192	0.961442	-0.120519	-0.966865	-0.252929	-0.034640
56849	9.772581	-1.492267	0.927235	0.259380	-0.614465	-0.161727	-0.069374	0.104874	0.992063	-0.249855	0.960936	-0.119056	-0.965795	-0.256131	-0.040461
56850	9.791295	-1.147806	1.210875	0.306442	-0.590553	-0.174455	-0.074684	0.101725	0.992005	-0.253017	0.960297	-0.117522	-0.964575	-0.259772	-0.045980
56851	9.658786	-0.922521	1.338181	0.296620	-0.543001	-0.164597	-0.079550	0.098755	0.991927	-0.256052	0.959668	-0.116078	-0.963384	-0.263219	-0.051055
56852	9.450532	-0.905223	1.632271	0.217590	-0.515755	-0.147509	-0.084183	0.096024	0.991813	-0.258349	0.959207	-0.114796	-0.962377	-0.265898	-0.055941
56853	9.407739	-1.311533	1.882064	0.137120	-0.487873	-0.124339	-0.088605	0.093560	0.991663	-0.259823	0.958941	-0.113688	-0.961583	-0.267730	-0.060657
56854	9.186894	-1.995256	1.729116	0.042307	-0.453972	-0.087752	-0.092783	0.091552	0.991468	-0.260395	0.958877	-0.112910	-0.961034	-0.268649	-0.065128
56855	9.266841	-2.528262	0.807468	-0.080530	-0.481109	-0.050114	-0.097327	0.089809	0.991192	-0.259715	0.959121	-0.112405	-0.960768	-0.268368	-0.070023
56856	9.715613	-2.476415	-0.304175	-0.170869	-0.545892	-0.051674	-0.102478	0.087905	0.990844	-0.258217	0.959592	-0.111838	-0.960636	-0.267314	-0.075639
56857	10.322894	-1.732812	-1.178844	-0.230827	-0.614023	-0.096390	-0.108180	0.085373	0.990459	-0.256148	0.960272	-0.110748	-0.960565	-0.265685	-0.082014
56858	11.199526	-0.458809	-1.517029	-0.257341	-0.626837	-0.195129	-0.113744	0.081894	0.990129	-0.253987	0.961084	-0.108669	-0.960496	-0.263840	-0.088517
56859	10.633163	0.509545	-1.469096	-0.314149	-0.599630	-0.271162	-0.118869	0.077742	0.989862	-0.251331	0.962108	-0.105744	-0.960574	-0.261352	-0.094826
56860	9.960111	0.823809	-0.942284	-0.366488	-0.586041	-0.322066	-0.123735	0.073170	0.989614	-0.248289	0.963273	-0.102267	-0.960751	-0.258364	-0.101023
56861	9.611789	0.461826	-0.302990	-0.355974	-0.621551	-0.348252	-0.128897	0.068248	0.989307	-0.245355	0.964417	-0.098498	-0.960826	-0.255427	-0.107566
56862	9.573511	-0.098765	0.713659	-0.307113	-0.589912	-0.307863	-0.133852	0.063826	0.988944	-0.242892	0.965373	-0.095180	-0.960774	-0.252947	-0.113715
56863	9.113863	-0.946805	1.332468	-0.278299	-0.577005	-0.234636	-0.138879	0.060138	0.988482	-0.240584	0.966203	-0.092584	-0.960642	-0.250670	-0.119717
56864	9.080961	-1.520067	1.734347	-0.286839	-0.561475	-0.163076	-0.143917	0.057210	0.987935	-0.238145	0.966986	-0.090688	-0.960508	-0.248323	-0.125542
56865	9.588047	-1.782835	2.204682	-0.328220	-0.513513	-0.106841	-0.148647	0.054939	0.987363	-0.235194	0.967841	-0.089261	-0.960515	-0.245490	-0.130945
56866	9.816372	-1.630509	2.696714	-0.422423	-0.425622	-0.086156	-0.152565	0.053120	0.986865	-0.231359	0.968888	-0.087919	-0.960831	-0.241733	-0.135529
56867	9.880741	-1.142307	3.290257	-0.578153	-0.305200	-0.095107	-0.155331	0.051500	0.986519	-0.225992	0.970304	-0.086237	-0.961665	-0.236341	-0.139080
56868	10.304758	-0.696516	4.002881	-0.767636	-0.170597	-0.143013	-0.156680	0.049769	0.986395	-0.218931	0.972133	-0.083824	-0.963079	-0.229086	-0.141418
56869	10.785772	-0.516538	4.600236	-0.941354	-0.008715	-0.221721	-0.156337	0.047624	0.986555	-0.210247	0.974341	-0.080351	-0.965067	-0.219982	-0.142313
56870	11.355715	-0.436410	5.549225	-1.009892	0.194790	-0.327926	-0.153796	0.044901	0.987082	-0.201111	0.976634	-0.075761	-0.967420	-0.210164	-0.141172
56871	11.503905	-0.274846	5.773822	-1.061056	0.404523	-0.419531	-0.149102	0.041661	0.987944	-0.191512	0.978978	-0.070187	-0.970099	-0.199668	-0.137989
56872	11.463362	0.628520	4.468560	-1.197978	0.514844	-0.454540	-0.143259	0.038265	0.988945	-0.180661	0.981451	-0.064145	-0.973056	-0.187854	-0.133688
56873	11.859480	2.422685	3.261000	-1.412799	0.479990	-0.485155	-0.137783	0.034399	0.989865	-0.167619	0.984172	-0.057533	-0.976176	-0.173848	-0.129836
56874	12.218073	3.631199	2.271291	-1.776372	0.452953	-0.530362	-0.132504	0.029980	0.990729	-0.151092	0.987250	-0.050083	-0.979599	-0.156327	-0.126284
56875	12.609658	3.727821	1.880191	-2.086680	0.520215	-0.604769	-0.126590	0.024796	0.991645	-0.131443	0.990453	-0.041545	-0.983208	-0.135604	-0.122122
56876	13.018621	2.810686	2.547134	-2.200476	0.684301	-0.721848	-0.118963	0.018545	0.992726	-0.110774	0.993336	-0.031831	-0.986700	-0.113755	-0.116116
56877	12.640104	1.201306	3.605030	-2.154206	0.986488	-0.823688	-0.108429	0.011408	0.994039	-0.090466	0.995672	-0.021295	-0.989979	-0.092236	-0.106927
56878	11.187008	-0.490812	3.554341	-1.879728	1.266391	-0.861848	-0.095148	0.003925	0.995455	-0.072825	0.997285	-0.010893	-0.992796	-0.073531	-0.094603
56879	9.990141	-1.502036	2.812227	-1.361327	1.338330	-0.791087	-0.081365	-0.003034	0.996680	-0.060043	0.998194	-0.001863	-0.994874	-0.059995	-0.081400
56880	9.722655	-1.513900	1.112111	-0.890971	1.283162	-0.698467	-0.068168	-0.009231	0.997631	-0.051821	0.998640	0.005700	-0.996327	-0.051310	-0.068554
56881	10.477616	-1.352868	-0.006072	-0.769703	1.257008	-0.658668	-0.055363	-0.015171	0.998351	-0.044605	0.998924	0.012707	-0.997469	-0.043828	-0.055980
56882	11.274382	-2.164077	-0.489497	-0.838950	1.309987	-0.627088	-0.042001	-0.020846	0.998900	-0.036670	0.999141	0.019309	-0.998444	-0.035819	-0.042729
56883	11.638238	-3.493382	-1.104389	-0.682241	1.420861	-0.564166	-0.027663	-0.025978	0.999280	-0.030105	0.999230	0.025144	-0.999164	-0.029387	-0.028424
56884	11.767631	-4.947191	-1.999976	-0.328352	1.533499	-0.405162	-0.012187	-0.029519	0.999490	-0.027046	0.999208	0.029181	-0.999560	-0.026676	-0.012976
56885	11.940172	-5.642675	-2.557666	0.102394	1.653907	-0.212625	0.004362	-0.031147	0.999505	-0.028131	0.999115	0.031258	-0.999595	-0.028253	0.003482
56886	12.317989	-5.382459	-2.556865	0.530703	1.761221	-0.050269	0.022012	-0.031004	0.999277	-0.033586	0.998932	0.031734	-0.999193	-0.034261	0.020947
56887	12.634067	-4.528378	-1.903408	0.878574	1.816987	0.088115	0.040083	-0.029375	0.998764	-0.042444	0.998616	0.031074	-0.998294	-0.043637	0.038781
56888	11.897546	-3.154671	-1.659065	1.080282	1.775529	0.177742	0.057740	-0.026614	0.997977	-0.053481	0.998127	0.029712	-0.996898	-0.055088	0.056208
56889	11.353901	-1.933436	-2.024435	1.117609	1.629913	0.202072	0.073812	-0.023565	0.996994	-0.064802	0.997495	0.028374	-0.995165	-0.066702	0.072100
56890	11.132568	-1.015583	-2.288364	1.088930	1.496972	0.193782	0.088581	-0.020430	0.995859	-0.075966	0.996739	0.027205	-0.993168	-0.078061	0.086740
56891	11.842670	-0.102059	-2.005567	0.993741	1.411867	0.161452	0.102414	-0.017608	0.994586	-0.086036	0.995940	0.026491	-0.991014	-0.088284	0.100483
56892	11.474199	0.513094	-1.606202	0.847981	1.505846	0.163009	0.117188	-0.014467	0.993004	-0.094788	0.995166	0.025685	-0.988576	-0.097134	0.115250
56893	9.252464	0.684497	-2.558829	0.698408	1.442319	0.157715	0.131229	-0.011407	0.991286	-0.101938	0.994478	0.024938	-0.986097	-0.104322	0.129342
56894	7.609069	1.230339	-2.914700	0.521409	1.194631	0.135402	0.142864	-0.008661	0.989704	-0.107432	0.993918	0.024206	-0.983894	-0.109784	0.141065
56895	8.180859	1.885842	-2.307277	0.390126	1.043485	0.122476	0.152942	-0.006239	0.988215	-0.111507	0.993485	0.023530	-0.981924	-0.113792	0.151250
56896	9.063301	1.953332	-1.576742	0.278830	1.031998	0.118453	0.162934	-0.003758	0.986630	-0.114593	0.993153	0.022707	-0.979960	-0.116761	0.161388
56897	10.428970	1.575031	-1.138363	0.124426	1.087023	0.164399	0.173341	-0.000811	0.984861	-0.116148	0.993004	0.021260	-0.977989	-0.118075	0.172035
56898	10.238879	0.472990	-0.991221	-0.052093	1.164677	0.224443	0.184457	0.002901	0.982836	-0.116195	0.993047	0.018876	-0.975948	-0.117682	0.183511
56899	9.475887	-0.484250	-0.839608	-0.149599	1.172405	0.291403	0.195505	0.007204	0.980676	-0.115351	0.993201	0.015700	-0.973895	-0.116191	0.195006
56900	9.044603	-1.085211	-0.657377	-0.144827	1.146208	0.374719	0.206216	0.012359	0.978428	-0.114846	0.993315	0.011658	-0.971743	-0.114773	0.206257
56901	8.684897	-1.400992	-0.571163	-0.048967	1.128819	0.470312	0.216587	0.018362	0.976091	-0.115427	0.993292	0.006927	-0.969416	-0.114168	0.217253
56902	8.430439	-1.332793	-0.591417	0.067081	1.118066	0.546248	0.226763	0.025180	0.973625	-0.117440	0.993079	0.001670	-0.966844	-0.114721	0.228150
56903	8.201344	-1.045974	-0.478405	0.129893	1.090282	0.592708	0.236541	0.032360	0.971083	-0.120129	0.992751	-0.003820	-0.964167	-0.115752	0.238713
56904	8.029757	-0.836951	-0.413377	0.153701	1.050017	0.614614	0.245885	0.039797	0.968482	-0.123245	0.992331	-0.009487	-0.961432	-0.117027	0.248904
56905	8.139670	-0.686078	-0.343097	0.151490	1.012035	0.622535	0.254780	0.047202	0.965846	-0.126320	0.991874	-0.015152	-0.958713	-0.118146	0.258672
56906	8.271495	-0.610865	-0.278932	0.124116	0.981546	0.617797	0.263364	0.054608	0.963150	-0.129261	0.991391	-0.020864	-0.955997	-0.119003	0.268156
56907	8.450230	-0.523090	0.011662	0.082869	0.957790	0.624921	0.271648	0.061982	0.960399	-0.131787	0.990919	-0.026676	-0.953331	-0.119322	0.277350
56908	8.260811	-0.416883	0.339449	0.033933	0.952503	0.658901	0.279812	0.069761	0.957517	-0.134077	0.990422	-0.032978	-0.950646	-0.119153	0.286485
56909	7.980681	-0.309752	0.675255	-0.033329	0.920830	0.683474	0.287587	0.077660	0.954601	-0.135763	0.989948	-0.039635	-0.948083	-0.118201	0.295240
56910	7.837059	-0.204638	0.974415	-0.121128	0.842366	0.697526	0.294582	0.085667	0.951779	-0.136792	0.989497	-0.046723	-0.945785	-0.116432	0.303207
56911	7.576047	-0.259129	1.195762	-0.212052	0.735776	0.697188	0.300535	0.093449	0.949182	-0.136928	0.989107	-0.054025	-0.943891	-0.113733	0.310057
56912	7.346215	-0.472986	1.169059	-0.263044	0.590760	0.684239	0.305137	0.100992	0.946938	-0.136664	0.988712	-0.061410	-0.942451	-0.110674	0.315494
56913	7.224438	-0.693897	1.066474	-0.244577	0.423161	0.662630	0.308173	0.108043	0.945175	-0.136456	0.988276	-0.068479	-0.941493	-0.107872	0.319304
56914	7.182655	-1.024163	1.026272	-0.194696	0.253725	0.637124	0.309653	0.114722	0.943903	-0.136734	0.987750	-0.075194	-0.940967	-0.105780	0.321546
56915	7.327182	-1.273626	1.027709	-0.107596	0.094537	0.590927	0.309688	0.120695	0.943147	-0.137616	0.987157	-0.081140	-0.940827	-0.104664	0.322320
56916	7.499954	-1.379706	1.140394	-0.008823	-0.015495	0.552832	0.308736	0.126247	0.942732	-0.139384	0.986457	-0.086455	-0.940879	-0.104710	0.322152
56917	7.918233	-1.462968	1.453403	0.036070	-0.095058	0.531346	0.307051	0.131425	0.942575	-0.141424	0.985723	-0.091372	-0.941126	-0.105247	0.321254
56918	8.252689	-1.615450	1.941118	0.054818	-0.143094	0.510408	0.304933	0.136416	0.942553	-0.143642	0.984954	-0.096082	-0.941479	-0.106092	0.319940
56919	8.681179	-2.018060	2.437825	0.170304	-0.156418	0.490192	0.302704	0.141113	0.942580	-0.146800	0.984080	-0.100182	-0.941711	-0.108045	0.318600
56920	8.971433	-2.250598	3.007792	0.357155	-0.125113	0.474773	0.300771	0.145759	0.942492	-0.151737	0.982977	-0.103597	-0.941548	-0.111852	0.317768
