// General information: 
//  MT Manager version: 2022.2.0 
//  XDA version: 2022.2.0 build 7381 rev 124627 built on 2023-07-19
// Device information: 
//  DeviceId: 00B4CBA7
//  ProductCode: MTW2-3A7G6
//  Firmware Version: 4.6.0
//  Hardware Version: 2.0.0
// Device settings: 
//  Filter Profile: human(46.1)
//  Option Flags: Orientation Smoother Disabled, Position/Velocity Smoother Disabled, Continuous Zero Rotation Update Disabled, AHS Disabled, ICC Disabled
// Coordinate system: ENU
PacketCounter	Acc_X	Acc_Y	Acc_Z	Gyr_X	Gyr_Y	Gyr_Z	Mat[1][1]	Mat[2][1]	Mat[3][1]	Mat[1][2]	Mat[2][2]	Mat[3][2]	Mat[1][3]	Mat[2][3]	Mat[3][3]
09333	9.574650	-0.394537	-1.658996	-0.004788	-0.012586	0.001326	-0.186843	-0.009643	0.982343	-0.305390	0.950979	-0.048750	-0.933717	-0.309107	-0.180628
09334	9.598002	-0.432176	-1.592946	-0.033768	-0.009275	-0.015219	-0.186841	-0.009807	0.982341	-0.304987	0.951120	-0.048513	-0.933849	-0.308666	-0.180699
09335	9.573091	-0.338555	-1.674714	-0.069685	-0.009696	-0.010983	-0.186880	-0.009971	0.982332	-0.304366	0.951332	-0.048246	-0.934043	-0.308005	-0.180820
09336	9.578379	-0.360598	-1.815806	-0.073014	-0.004395	-0.009773	-0.186843	-0.010148	0.982337	-0.303723	0.951554	-0.047939	-0.934260	-0.307315	-0.180873
09337	9.607563	-0.495799	-1.825847	-0.038935	-0.006529	-0.003331	-0.186875	-0.010230	0.982330	-0.303375	0.951672	-0.047802	-0.934367	-0.306947	-0.180947
09338	9.630640	-0.478488	-1.807715	-0.009623	-0.014630	0.000335	-0.186949	-0.010290	0.982316	-0.303230	0.951721	-0.047740	-0.934399	-0.306793	-0.181044
09339	9.627633	-0.354412	-1.851936	0.001662	-0.015711	0.005872	-0.187095	-0.010313	0.982288	-0.303245	0.951715	-0.047767	-0.934365	-0.306810	-0.181189
09340	9.628555	-0.389564	-1.855851	0.004839	-0.013165	0.008254	-0.187299	-0.010334	0.982249	-0.303309	0.951691	-0.047824	-0.934303	-0.306882	-0.181385
09341	9.604073	-0.428524	-1.825981	0.017787	-0.013320	0.011855	-0.187441	-0.010292	0.982222	-0.303463	0.951637	-0.047939	-0.934225	-0.307053	-0.181499
09342	9.602533	-0.395768	-1.824824	0.022643	-0.017001	0.014958	-0.187673	-0.010328	0.982177	-0.303775	0.951532	-0.048039	-0.934077	-0.307377	-0.181714
09343	9.627622	-0.394238	-1.859702	0.016049	-0.010323	0.015587	-0.187799	-0.010242	0.982154	-0.303906	0.951483	-0.048188	-0.934009	-0.307532	-0.181800
09344	9.605489	-0.484133	-1.850333	0.027473	-0.007808	0.013274	-0.187936	-0.010218	0.982128	-0.304139	0.951402	-0.048301	-0.933905	-0.307781	-0.181911
09345	9.577574	-0.439097	-1.796426	0.043758	-0.010406	0.014595	-0.188060	-0.010142	0.982105	-0.304530	0.951268	-0.048490	-0.933753	-0.308200	-0.181983
09346	9.599677	-0.445964	-1.727703	0.051765	-0.012438	0.022039	-0.188282	-0.010002	0.982064	-0.304896	0.951136	-0.048768	-0.933589	-0.308609	-0.182131
09347	9.623665	-0.429814	-1.743856	0.059912	-0.012308	0.022167	-0.188447	-0.009860	0.982034	-0.305423	0.950952	-0.049061	-0.933384	-0.309181	-0.182215
09348	9.599914	-0.431327	-1.780187	0.063221	-0.017078	0.022387	-0.188649	-0.009670	0.981997	-0.305776	0.950822	-0.049379	-0.933227	-0.309587	-0.182328
09349	9.598439	-0.418597	-1.763140	0.068151	-0.017534	0.021033	-0.188859	-0.009554	0.981958	-0.306382	0.950612	-0.049677	-0.932986	-0.310236	-0.182459
09350	9.573612	-0.422742	-1.765461	0.069763	-0.021263	0.024090	-0.189172	-0.009464	0.981898	-0.307013	0.950391	-0.049989	-0.932715	-0.310912	-0.182693
09351	9.646251	-0.405513	-1.780862	0.059960	-0.018022	0.024300	-0.189397	-0.009320	0.981856	-0.307536	0.950206	-0.050303	-0.932497	-0.311484	-0.182832
09352	9.596984	-0.392102	-1.799760	0.056637	-0.015574	0.026573	-0.189590	-0.009099	0.981821	-0.307822	0.950095	-0.050635	-0.932363	-0.311827	-0.182929
09353	9.574290	-0.428181	-1.838633	0.040422	-0.016893	0.023469	-0.189802	-0.008959	0.981782	-0.308164	0.949970	-0.050906	-0.932207	-0.312212	-0.183067
09354	9.597766	-0.524300	-1.724424	0.027483	-0.011552	0.016309	-0.189998	-0.008867	0.981744	-0.308292	0.949919	-0.051085	-0.932125	-0.312370	-0.183217
09355	9.619421	-0.382705	-1.783934	0.001435	-0.003908	0.011275	-0.190052	-0.008802	0.981735	-0.308293	0.949914	-0.051165	-0.932113	-0.312386	-0.183247
09356	9.573633	-0.433214	-1.840873	-0.014860	-0.002725	0.010496	-0.190031	-0.008800	0.981739	-0.308212	0.949942	-0.051144	-0.932145	-0.312303	-0.183230
09357	9.521345	-0.536059	-1.624651	-0.037437	-0.001099	-0.001987	-0.190017	-0.008853	0.981741	-0.307876	0.950057	-0.051023	-0.932258	-0.311950	-0.183253
09358	9.609436	-0.313151	-1.520262	-0.138348	0.011497	-0.013672	-0.189871	-0.008967	0.981768	-0.306521	0.950518	-0.050599	-0.932735	-0.310540	-0.183225
09359	9.565432	-0.225252	-1.756888	-0.195617	0.019735	-0.003270	-0.189659	-0.008968	0.981809	-0.304711	0.951122	-0.050175	-0.933370	-0.308684	-0.183122
09360	9.550169	-0.498200	-1.776658	-0.151541	0.005568	0.001296	-0.189575	-0.009008	0.981825	-0.303295	0.951593	-0.049831	-0.933849	-0.307230	-0.183130
09361	9.628732	-0.629578	-1.819505	-0.075028	-0.005621	0.008674	-0.189636	-0.008973	0.981814	-0.302587	0.951823	-0.049745	-0.934066	-0.306518	-0.183215
09362	9.601628	-0.487494	-1.880046	-0.032699	-0.010709	0.011442	-0.189815	-0.008925	0.981779	-0.302218	0.951938	-0.049776	-0.934149	-0.306160	-0.183389
09363	9.627689	-0.501257	-1.933561	-0.000242	-0.015784	0.018881	-0.190001	-0.008825	0.981744	-0.302189	0.951940	-0.049927	-0.934121	-0.306159	-0.183537
09364	9.674958	-0.448877	-1.946729	0.015991	-0.010719	0.018961	-0.190174	-0.008709	0.981712	-0.302267	0.951905	-0.050110	-0.934060	-0.306268	-0.183660
09365	9.602225	-0.395351	-2.032133	0.027353	-0.011451	0.021094	-0.190328	-0.008574	0.981683	-0.302491	0.951822	-0.050334	-0.933956	-0.306530	-0.183752
09366	9.602045	-0.416662	-2.016791	0.040265	-0.003944	0.023451	-0.190407	-0.008432	0.981669	-0.302795	0.951714	-0.050556	-0.933842	-0.306870	-0.183766
09367	9.625554	-0.477012	-1.933679	0.051655	0.001944	0.021493	-0.190436	-0.008252	0.981665	-0.303245	0.951556	-0.050829	-0.933690	-0.307365	-0.183713
09368	9.600240	-0.483472	-1.899016	0.049853	0.013162	0.025424	-0.190357	-0.007937	0.981683	-0.303427	0.951481	-0.051145	-0.933647	-0.307605	-0.183529
09369	9.549632	-0.475086	-1.845923	0.061153	0.016352	0.029351	-0.190276	-0.007638	0.981701	-0.303951	0.951294	-0.051511	-0.933493	-0.308190	-0.183330
09370	9.596564	-0.464171	-1.789965	0.062829	0.011553	0.029545	-0.190221	-0.007438	0.981713	-0.304596	0.951071	-0.051814	-0.933294	-0.308882	-0.183179
09371	9.564336	-0.395408	-1.593950	0.020696	0.012050	0.018730	-0.190148	-0.007253	0.981729	-0.304763	0.951008	-0.052002	-0.933254	-0.309082	-0.183042
09372	9.587869	-0.324218	-1.621161	-0.076908	0.023386	0.007627	-0.189862	-0.007176	0.981784	-0.303992	0.951263	-0.051834	-0.933564	-0.308296	-0.182791
09373	9.561793	-0.273817	-1.599012	-0.120948	0.024374	0.011245	-0.189651	-0.007025	0.981826	-0.302850	0.951635	-0.051690	-0.933978	-0.307150	-0.182606
09374	9.616074	-0.425089	-1.624005	-0.156822	0.026906	0.014450	-0.189459	-0.006945	0.981864	-0.301516	0.952072	-0.051446	-0.934448	-0.305795	-0.182473
09375	9.543235	-0.370674	-1.672101	-0.151995	0.027137	0.019347	-0.189246	-0.006709	0.981907	-0.300068	0.952536	-0.051325	-0.934957	-0.304352	-0.182277
09376	9.569881	-0.456744	-1.659591	-0.140396	0.007472	0.018733	-0.189196	-0.006616	0.981917	-0.298844	0.952930	-0.051161	-0.935359	-0.303120	-0.182268
09377	9.589339	-0.375322	-1.565749	-0.182430	0.015185	0.005247	-0.189052	-0.006551	0.981945	-0.297136	0.953480	-0.050846	-0.935932	-0.301384	-0.182204
09378	9.522364	-0.358520	-1.774394	-0.175834	0.000428	0.009195	-0.189069	-0.006509	0.981942	-0.295446	0.954021	-0.050563	-0.936464	-0.299670	-0.182298
09379	9.602458	-0.577208	-1.808457	-0.130316	-0.009895	0.015561	-0.189190	-0.006422	0.981920	-0.294205	0.954410	-0.050444	-0.936830	-0.298429	-0.182454
09380	9.628553	-0.589739	-1.862293	-0.067124	-0.011634	0.027261	-0.189354	-0.006263	0.981889	-0.293558	0.954605	-0.050522	-0.937000	-0.297808	-0.182597
09381	9.605806	-0.512020	-1.996475	-0.031441	-0.014414	0.032266	-0.189567	-0.006030	0.981849	-0.293211	0.954700	-0.050748	-0.937066	-0.297509	-0.182747
09382	9.652191	-0.463391	-1.974848	0.005963	-0.013021	0.030897	-0.189740	-0.005874	0.981817	-0.293269	0.954671	-0.050964	-0.937012	-0.297606	-0.182862
09383	9.619627	-0.340663	-1.827404	-0.036370	-0.001957	0.030858	-0.189832	-0.005617	0.981801	-0.292879	0.954780	-0.051166	-0.937116	-0.297261	-0.182892
09384	9.642167	-0.273147	-1.820237	-0.101592	0.020048	0.034481	-0.189647	-0.005321	0.981838	-0.291909	0.955074	-0.051208	-0.937456	-0.296318	-0.182681
09385	9.615979	-0.281119	-1.750752	-0.145582	0.017821	0.042525	-0.189587	-0.004894	0.981852	-0.290472	0.955506	-0.051325	-0.937914	-0.294931	-0.182573
09386	9.564450	-0.254853	-1.679118	-0.186053	0.022018	0.036921	-0.189433	-0.004579	0.981883	-0.288745	0.956034	-0.051248	-0.938478	-0.293222	-0.182426
09387	9.492527	-0.253400	-1.714561	-0.236231	0.016074	0.034810	-0.189364	-0.004231	0.981898	-0.286470	0.956724	-0.051125	-0.939189	-0.290966	-0.182382
09388	9.528135	-0.589619	-1.813424	-0.232866	0.005554	0.037066	-0.189355	-0.003904	0.981901	-0.284166	0.957418	-0.050993	-0.939891	-0.288679	-0.182401
09389	9.571547	-0.344863	-1.824668	-0.194026	0.001420	0.047460	-0.189459	-0.003478	0.981883	-0.282261	0.957977	-0.051071	-0.940444	-0.286823	-0.182479
09390	9.623194	-0.353576	-1.911390	-0.213411	-0.003103	0.048694	-0.189610	-0.003117	0.981855	-0.280179	0.958589	-0.051063	-0.941035	-0.284778	-0.182631
09391	9.705317	-0.582999	-2.036319	-0.187330	0.000467	0.044695	-0.189713	-0.002720	0.981836	-0.278341	0.959121	-0.051125	-0.941560	-0.282984	-0.182715
09392	9.655608	-0.550157	-2.034721	-0.154772	0.015599	0.036695	-0.189705	-0.002398	0.981838	-0.276811	0.959563	-0.051141	-0.942013	-0.281485	-0.182698
09393	9.634834	-0.503441	-2.168024	-0.101354	0.027765	0.038288	-0.189532	-0.001985	0.981872	-0.275793	0.959847	-0.051297	-0.942346	-0.280515	-0.182469
09394	9.700654	-0.270502	-2.069894	-0.109693	0.038040	0.049041	-0.189269	-0.001464	0.981924	-0.274607	0.960176	-0.051500	-0.942745	-0.279390	-0.182133
09395	9.659672	-0.602429	-2.083962	-0.106657	0.047915	0.058549	-0.188960	-0.000800	0.981984	-0.273500	0.960474	-0.051846	-0.943129	-0.278369	-0.181710
09396	9.710177	-0.731225	-2.039081	-0.040267	0.047127	0.060183	-0.188673	-0.000157	0.982040	-0.272980	0.960598	-0.052293	-0.943337	-0.277943	-0.181282
09397	9.656018	-0.444110	-2.023065	-0.001486	0.051902	0.064143	-0.188341	0.000571	0.982103	-0.272854	0.960601	-0.052885	-0.943440	-0.277931	-0.180765
09398	9.698132	-0.014854	-2.022778	-0.043801	0.064739	0.073288	-0.187884	0.001426	0.982190	-0.272253	0.960739	-0.053475	-0.943704	-0.277451	-0.180120
09399	9.632092	-0.296203	-2.047363	-0.100376	0.074313	0.068712	-0.187353	0.002260	0.982290	-0.271186	0.961015	-0.053934	-0.944117	-0.276488	-0.179436
09400	9.656644	-0.650350	-1.850898	-0.076037	0.074010	0.067715	-0.186842	0.003064	0.982385	-0.270279	0.961244	-0.054403	-0.944478	-0.275683	-0.178773
09401	9.627401	-0.655288	-1.688435	-0.050069	0.082854	0.065142	-0.186218	0.003885	0.982501	-0.269694	0.961379	-0.054918	-0.944769	-0.275201	-0.177979
09402	9.522140	-0.524393	-1.513810	-0.032236	0.079606	0.065057	-0.185657	0.004713	0.982603	-0.269191	0.961488	-0.055474	-0.945023	-0.274807	-0.177238
09403	9.568457	-0.574928	-1.405884	-0.048519	0.067043	0.070755	-0.185197	0.005545	0.982686	-0.268609	0.961617	-0.056048	-0.945278	-0.274339	-0.176599
09404	9.565334	-0.573459	-1.312493	-0.048661	0.059932	0.078117	-0.184820	0.006360	0.982752	-0.268104	0.961723	-0.056644	-0.945496	-0.273948	-0.176041
09405	9.484092	-0.424683	-1.155158	-0.042250	0.041688	0.081456	-0.184627	0.007224	0.982782	-0.267562	0.961833	-0.057335	-0.945687	-0.273541	-0.175648
09406	9.455843	-0.496609	-1.039016	-0.042188	0.017986	0.078483	-0.184733	0.008007	0.982756	-0.266874	0.961984	-0.058004	-0.945861	-0.272987	-0.175574
09407	9.481757	-0.713023	-1.025870	0.004804	-0.012721	0.074166	-0.185035	0.008653	0.982694	-0.266791	0.961965	-0.058706	-0.945825	-0.273036	-0.175688
09408	9.456237	-0.793180	-1.002146	0.079176	-0.039830	0.075651	-0.185594	0.009231	0.982583	-0.267312	0.961770	-0.059526	-0.945568	-0.273704	-0.176031
09409	9.577777	-0.655551	-1.055525	0.147150	-0.069450	0.074633	-0.186434	0.009725	0.982419	-0.268573	0.961359	-0.060483	-0.945046	-0.275127	-0.176618
09410	9.629097	-0.653727	-1.163075	0.190643	-0.089807	0.085995	-0.187516	0.010275	0.982208	-0.270150	0.960844	-0.061626	-0.944382	-0.276899	-0.177398
09411	9.584488	-0.826225	-1.293530	0.255440	-0.106871	0.088532	-0.188748	0.010795	0.981966	-0.272403	0.960124	-0.062915	-0.943489	-0.279365	-0.178281
09412	9.507263	-0.968186	-1.231252	0.364094	-0.132506	0.090120	-0.190246	0.011274	0.981672	-0.275530	0.959132	-0.064412	-0.942279	-0.282734	-0.179364
09413	9.523908	-0.907680	-1.111945	0.464730	-0.162408	0.097905	-0.192030	0.011717	0.981319	-0.279727	0.957796	-0.066175	-0.940679	-0.287209	-0.180648
09414	9.543883	-0.944384	-1.073471	0.538155	-0.193051	0.098950	-0.194056	0.012053	0.980916	-0.284589	0.956231	-0.068051	-0.938803	-0.292363	-0.182132
09415	9.638853	-0.835851	-1.126242	0.604933	-0.223604	0.122584	-0.196488	0.012532	0.980426	-0.290031	0.954430	-0.070325	-0.936629	-0.298172	-0.183899
09416	9.710890	-0.375481	-1.293974	0.595635	-0.238007	0.140738	-0.199101	0.013128	0.979891	-0.295284	0.952635	-0.072761	-0.934434	-0.303832	-0.185794
09417	9.781873	-0.146851	-1.400168	0.467768	-0.268348	0.132240	-0.201981	0.013534	0.979296	-0.299394	0.951186	-0.074896	-0.932506	-0.308322	-0.188070
09418	9.701756	-0.469266	-1.293876	0.370477	-0.291113	0.131346	-0.205102	0.013790	0.978643	-0.302623	0.950010	-0.076809	-0.930781	-0.311914	-0.190676
09419	9.643612	-0.415310	-1.093177	0.365955	-0.319142	0.130412	-0.208449	0.013995	0.977933	-0.305765	0.948844	-0.078753	-0.929008	-0.315434	-0.193507
09420	9.831663	-0.163628	-0.931908	0.223212	-0.361372	0.073256	-0.211924	0.013522	0.977193	-0.307655	0.948142	-0.079841	-0.927597	-0.317558	-0.196775
09421	10.140966	-0.602322	-0.681000	0.152021	-0.425105	0.012021	-0.215884	0.012250	0.976342	-0.309048	0.947657	-0.080225	-0.926220	-0.319056	-0.200798
09422	9.545606	-1.108989	-0.085520	0.186608	-0.465117	0.014339	-0.220102	0.010876	0.975416	-0.310685	0.947084	-0.080666	-0.924678	-0.320802	-0.205076
09423	9.223576	-1.137774	0.972092	0.139716	-0.541805	-0.007215	-0.225067	0.009034	0.974301	-0.312002	0.946635	-0.080851	-0.923038	-0.322180	-0.210238
09424	9.254798	-0.698905	1.150566	0.008047	-0.638830	-0.030656	-0.230846	0.006683	0.972967	-0.312064	0.946641	-0.080543	-0.921589	-0.322221	-0.216443
09425	9.239318	-0.493280	1.166716	0.018877	-0.760246	-0.023560	-0.237754	0.003978	0.971317	-0.312303	0.946581	-0.080320	-0.919750	-0.322442	-0.223811
09426	9.561739	-0.467467	2.208994	-0.040004	-0.917185	-0.044943	-0.245930	0.000587	0.969287	-0.311974	0.946740	-0.079728	-0.917710	-0.322000	-0.232648
09427	10.018067	-1.178060	2.803637	-0.057053	-1.093052	-0.056088	-0.255754	-0.003492	0.966736	-0.311602	0.946922	-0.079015	-0.915147	-0.321445	-0.243267
09428	10.808853	-1.574892	3.306396	-0.054623	-1.268853	-0.041437	-0.267175	-0.008085	0.963614	-0.311402	0.947039	-0.078394	-0.911946	-0.321017	-0.255543
09429	10.490980	-1.410677	2.769449	-0.025884	-1.490891	-0.032757	-0.280621	-0.013211	0.959728	-0.311268	0.947118	-0.077976	-0.907945	-0.320615	-0.269893
09430	10.919369	-1.090689	2.158975	-0.137602	-1.704520	-0.031532	-0.296025	-0.018975	0.954992	-0.310131	0.947546	-0.077306	-0.903431	-0.319057	-0.286382
09431	11.555522	-1.601616	1.514034	-0.171491	-1.868194	-0.033643	-0.312733	-0.025268	0.949505	-0.308701	0.948082	-0.076445	-0.898277	-0.317020	-0.304297
09432	11.737245	-1.215960	0.668366	-0.222941	-1.999927	-0.048614	-0.330549	-0.032065	0.943244	-0.306937	0.948746	-0.075310	-0.892484	-0.314410	-0.323449
09433	12.001551	-1.065371	-0.487326	-0.257359	-2.094694	-0.086496	-0.348896	-0.039471	0.936330	-0.304956	0.949518	-0.073606	-0.886157	-0.311220	-0.343320
09434	12.370816	-0.468087	-1.479822	-0.244346	-2.155536	-0.119063	-0.367581	-0.047308	0.928787	-0.303301	0.950198	-0.071637	-0.879143	-0.308035	-0.363624
09435	12.451586	-0.000125	-1.926828	-0.281530	-2.121470	-0.190151	-0.385565	-0.055643	0.921001	-0.301568	0.950960	-0.068794	-0.872007	-0.304269	-0.383437
09436	12.141442	0.071947	-2.925423	-0.280291	-2.057366	-0.280447	-0.402683	-0.064627	0.913055	-0.300398	0.951588	-0.065129	-0.864643	-0.300506	-0.402602
09437	11.929263	0.348260	-3.741291	-0.146634	-2.005540	-0.326899	-0.418948	-0.073770	0.905009	-0.300495	0.951797	-0.061522	-0.856846	-0.297725	-0.420921
09438	11.484524	1.230124	-4.305852	-0.015412	-1.935075	-0.346908	-0.434612	-0.082992	0.896786	-0.302073	0.951498	-0.058339	-0.848448	-0.296250	-0.438602
09439	10.927825	1.930453	-4.529415	-0.107621	-1.828537	-0.345467	-0.448995	-0.091705	0.888816	-0.302709	0.951510	-0.054743	-0.840697	-0.293631	-0.454983
09440	10.045423	1.633962	-5.244453	-0.241582	-1.710991	-0.360015	-0.462317	-0.100196	0.881035	-0.302413	0.951842	-0.050441	-0.833552	-0.289756	-0.470353
09441	9.455231	0.767388	-5.890424	-0.260783	-1.586061	-0.373325	-0.474342	-0.108346	0.873648	-0.302015	0.952198	-0.045890	-0.826914	-0.285622	-0.484389
09442	8.999272	0.217338	-6.363412	-0.204533	-1.412100	-0.375461	-0.485063	-0.116031	0.866747	-0.302216	0.952330	-0.041643	-0.820597	-0.282144	-0.497006
09443	8.357133	0.026435	-6.645085	-0.125583	-1.192181	-0.366543	-0.493689	-0.122902	0.860910	-0.303002	0.952239	-0.037816	-0.815144	-0.279527	-0.507350
09444	7.778336	0.933956	-6.056938	-0.121819	-1.004883	-0.316136	-0.501180	-0.128637	0.855728	-0.303521	0.952195	-0.034627	-0.810366	-0.277086	-0.516266
09445	7.400120	3.522541	-5.817375	-0.449222	-0.770976	-0.213946	-0.506757	-0.132824	0.851795	-0.300985	0.953143	-0.030437	-0.807840	-0.271802	-0.522990
09446	7.817310	5.000890	-5.353636	-1.164578	-0.463215	-0.140706	-0.510223	-0.135475	0.849305	-0.292332	0.956038	-0.023119	-0.808836	-0.260074	-0.527396
09447	8.386582	3.935241	-4.617142	-1.978191	-0.079174	-0.145747	-0.510437	-0.137103	0.848915	-0.277043	0.960790	-0.011409	-0.814065	-0.241010	-0.528406
09448	8.212800	1.631186	-4.436325	-2.447192	0.278752	-0.186741	-0.507696	-0.138539	0.850324	-0.258125	0.966106	0.003286	-0.821959	-0.217822	-0.526249
09449	7.845717	-0.379790	-4.748519	-2.375050	0.642374	-0.173332	-0.501943	-0.138923	0.853671	-0.239389	0.970771	0.017223	-0.831111	-0.195715	-0.520529
09450	7.781782	-1.187951	-4.850436	-1.951926	1.023439	-0.102013	-0.493222	-0.138071	0.858876	-0.223575	0.974278	0.028232	-0.840682	-0.178098	-0.511405
09451	7.934780	-1.099800	-4.399997	-1.541737	1.410524	-0.045495	-0.481182	-0.136130	0.865986	-0.210776	0.976855	0.036441	-0.850904	-0.164994	-0.498738
09452	7.694387	-1.160105	-4.251637	-1.228464	1.767629	-0.031864	-0.465975	-0.133643	0.874647	-0.200376	0.978784	0.042802	-0.861810	-0.155314	-0.482867
09453	7.484824	-1.396682	-4.162014	-0.884237	2.085347	-0.029984	-0.447816	-0.130794	0.884508	-0.192862	0.980086	0.047283	-0.873078	-0.149413	-0.464123
09454	7.451286	-1.560922	-4.176864	-0.549027	2.384009	-0.029749	-0.426787	-0.127619	0.895302	-0.188178	0.980856	0.050110	-0.884557	-0.147090	-0.442632
09455	7.654058	-1.353533	-4.249942	-0.277058	2.652611	-0.014838	-0.403131	-0.123889	0.906717	-0.185791	0.981240	0.051468	-0.896084	-0.147711	-0.418586
09456	7.968218	-1.160009	-4.330193	-0.107690	2.893440	0.020619	-0.377010	-0.119414	0.918479	-0.184734	0.981424	0.051769	-0.907599	-0.150157	-0.392067
09457	8.160032	-0.929870	-4.303095	-0.016767	3.097192	0.073021	-0.348848	-0.114027	0.930216	-0.184331	0.981530	0.051190	-0.918873	-0.153611	-0.363424
09458	8.301561	-0.476983	-4.190032	-0.017596	3.295626	0.152485	-0.318579	-0.107468	0.941784	-0.183666	0.981722	0.049897	-0.929932	-0.157078	-0.332494
09459	8.187505	-0.068122	-4.283119	-0.101297	3.452366	0.242451	-0.286721	-0.099654	0.952817	-0.181998	0.982129	0.047953	-0.940568	-0.159662	-0.299734
09460	8.248468	0.376325	-4.256896	-0.215614	3.553875	0.341365	-0.253634	-0.090639	0.963044	-0.179039	0.982796	0.045345	-0.950587	-0.160921	-0.265499
09461	8.590520	0.621570	-4.118035	-0.363916	3.640703	0.444607	-0.219630	-0.080451	0.972260	-0.174521	0.983758	0.041979	-0.959846	-0.160460	-0.230103
09462	8.928750	0.406586	-3.982959	-0.516788	3.724934	0.543091	-0.184567	-0.069206	0.980380	-0.168453	0.984984	0.037818	-0.968276	-0.158168	-0.193454
09463	9.092153	0.017683	-3.938602	-0.565666	3.793992	0.633749	-0.148726	-0.057053	0.987231	-0.161907	0.986267	0.032606	-0.975534	-0.154990	-0.155921
09464	9.237035	-0.297237	-3.939054	-0.491104	3.848186	0.698996	-0.112099	-0.044268	0.992710	-0.156200	0.987373	0.026392	-0.981344	-0.152103	-0.117598
09465	9.745963	-0.588866	-4.008931	-0.290092	3.894066	0.746506	-0.074944	-0.031032	0.996705	-0.152655	0.988091	0.019286	-0.985434	-0.150707	-0.078789
09466	10.341146	-0.627210	-4.106857	-0.023246	3.925018	0.768343	-0.037307	-0.017553	0.999150	-0.152020	0.988308	0.011687	-0.987673	-0.151455	-0.039539
09467	11.499020	-0.636148	-5.091585	0.304616	3.922319	0.758955	0.000288	-0.004079	0.999992	-0.154893	0.987923	0.004074	-0.987931	-0.154893	-0.000348
09468	11.720286	-1.226091	-2.975750	0.575903	3.885997	0.708115	0.037603	0.009004	0.999252	-0.160745	0.986992	-0.002844	-0.986279	-0.160517	0.038561
09469	9.192486	-2.877257	-2.466677	1.219058	3.802142	0.747201	0.073791	0.022658	0.997016	-0.173161	0.984847	-0.009565	-0.982125	-0.171939	0.076596
09470	10.174660	1.521824	-1.557721	1.890335	3.405646	0.812764	0.105703	0.036795	0.993717	-0.192412	0.981186	-0.015864	-0.975605	-0.189526	0.110795
09471	10.734290	2.907237	-1.987134	1.446045	3.105622	0.721967	0.134470	0.049920	0.989659	-0.207339	0.978040	-0.021162	-0.968983	-0.202349	0.141867
09472	7.956390	1.056933	-2.052651	0.867267	2.811620	0.707864	0.160171	0.062588	0.985103	-0.216749	0.975861	-0.026759	-0.962998	-0.209234	0.169871
09473	5.231503	-0.211527	-0.547654	1.051092	2.239070	0.578828	0.180391	0.072978	0.980884	-0.227821	0.973225	-0.030510	-0.956847	-0.217962	0.192186
09474	4.530509	-1.120364	-0.297848	0.631938	1.532420	0.182784	0.194631	0.078090	0.977763	-0.234183	0.971698	-0.030989	-0.952511	-0.222944	0.207410
09475	5.759813	-1.099233	0.308861	0.726333	0.816843	-0.072401	0.202582	0.079200	0.976057	-0.240942	0.970115	-0.028710	-0.949162	-0.229357	0.215610
09476	7.730969	1.057320	1.266624	0.205153	0.231074	-0.174754	0.205226	0.077997	0.975602	-0.242519	0.969784	-0.026516	-0.948191	-0.231161	0.217940
09477	4.905074	0.438218	-0.028088	-0.494551	-0.391985	-0.258069	0.202136	0.074561	0.976515	-0.237295	0.971115	-0.025029	-0.950175	-0.226663	0.213991
09478	6.328599	0.725382	0.212757	-0.869175	-0.947480	-0.225988	0.193669	0.070207	0.978552	-0.228557	0.973220	-0.024590	-0.954072	-0.218892	0.204529
09479	8.114462	1.918443	0.556912	-1.181623	-1.207435	-0.190917	0.182556	0.065734	0.980996	-0.216891	0.975875	-0.025029	-0.958974	-0.208200	0.192409
09480	9.522056	1.366809	1.392465	-1.414781	-1.295570	-0.269155	0.170687	0.060429	0.983470	-0.202777	0.978907	-0.024955	-0.964234	-0.195165	0.179341
09481	11.631755	-0.621117	2.994129	-1.445371	-1.059090	-0.265831	0.160981	0.055793	0.985379	-0.188362	0.981786	-0.024817	-0.968816	-0.181613	0.168558
09482	12.779502	-3.256209	4.493002	-1.083167	-0.654685	-0.250865	0.155113	0.052107	0.986522	-0.177415	0.983842	-0.024070	-0.971835	-0.171291	0.161851
09483	12.910961	-4.752452	5.735191	-0.439481	-0.151381	-0.184663	0.153974	0.049998	0.986809	-0.172854	0.984681	-0.022919	-0.972838	-0.167045	0.160258
09484	10.094334	-2.154500	4.153397	-0.000066	-0.061916	-0.153509	0.153666	0.048351	0.986939	-0.172618	0.984757	-0.021367	-0.972928	-0.167080	0.159670
09485	8.478616	-0.280272	3.151897	-0.214515	-0.459560	-0.291629	0.149702	0.044680	0.987721	-0.170085	0.985250	-0.018790	-0.973992	-0.165184	0.155093
09486	10.931361	-1.714401	3.286419	-0.622565	-0.697107	-0.258878	0.143366	0.040974	0.988821	-0.163649	0.986370	-0.017145	-0.976046	-0.159362	0.148118
09487	11.929710	-1.930194	3.203670	-0.818272	-0.800076	-0.222452	0.135912	0.037499	0.990011	-0.155339	0.987730	-0.016087	-0.978467	-0.151601	0.140069
09488	11.104481	-1.765201	1.745149	-0.825606	-0.982820	-0.296885	0.126762	0.033099	0.991381	-0.146881	0.989052	-0.014241	-0.980998	-0.143810	0.130236
09489	10.404985	-0.761654	1.103132	-0.666047	-1.127827	-0.366516	0.116219	0.027850	0.992833	-0.139892	0.990101	-0.011398	-0.983323	-0.137565	0.118964
09490	10.302625	0.390083	0.561335	-0.607546	-1.166536	-0.417377	0.105335	0.022140	0.994190	-0.133487	0.991019	-0.007926	-0.985437	-0.131876	0.107344
09491	9.856161	0.743446	-0.838361	-0.577711	-1.106061	-0.462302	0.095036	0.016093	0.995344	-0.127324	0.991854	-0.003879	-0.987298	-0.126363	0.096311
09492	9.411015	0.356956	-1.538443	-0.450585	-1.029643	-0.496917	0.085513	0.009877	0.996288	-0.122467	0.992472	0.000672	-0.988782	-0.122070	0.086079
09493	9.514342	0.917594	-1.746070	-0.319648	-0.941566	-0.470462	0.076774	0.004037	0.997040	-0.118923	0.992890	0.005137	-0.989931	-0.118965	0.076708
09494	9.928187	1.795498	-1.850064	-0.412183	-0.844199	-0.427748	0.068935	-0.001219	0.997620	-0.114545	0.993376	0.009129	-0.991023	-0.114902	0.068339
09495	10.314577	1.487670	-1.872001	-0.617719	-0.748720	-0.398177	0.061961	-0.006048	0.998060	-0.108160	0.994052	0.012739	-0.992201	-0.108739	0.060939
09496	10.300073	0.193491	-1.746792	-0.751539	-0.656125	-0.378480	0.055861	-0.010530	0.998383	-0.100488	0.994808	0.016115	-0.993369	-0.101225	0.054512
09497	10.107901	-1.002244	-1.688716	-0.662529	-0.576206	-0.393735	0.050524	-0.015048	0.998609	-0.093695	0.995405	0.019740	-0.994318	-0.094562	0.048881
09498	9.996710	-1.330392	-1.486758	-0.437433	-0.506315	-0.410622	0.045879	-0.019638	0.998754	-0.089140	0.995738	0.023673	-0.994962	-0.090115	0.043933
09499	10.056341	-0.964147	-1.176455	-0.222656	-0.453619	-0.428159	0.041748	-0.024340	0.998832	-0.086739	0.995841	0.027893	-0.995356	-0.087802	0.039463
09500	10.039852	-0.274800	-0.827122	-0.062359	-0.403538	-0.433946	0.038118	-0.029038	0.998851	-0.085962	0.995777	0.032229	-0.995569	-0.087092	0.035461
09501	9.946729	0.026094	-0.486981	0.012955	-0.373899	-0.435576	0.034777	-0.033736	0.998826	-0.085934	0.995628	0.036620	-0.995694	-0.087106	0.031726
09502	9.830898	0.098893	-0.000700	0.086390	-0.362841	-0.436150	0.031554	-0.038415	0.998764	-0.086676	0.995392	0.041023	-0.995737	-0.087863	0.028079
09503	9.709223	0.453906	0.446592	0.161413	-0.372507	-0.425155	0.028224	-0.043011	0.998676	-0.088158	0.995074	0.045348	-0.995707	-0.089321	0.024293
09504	9.565279	0.812112	0.684268	0.199608	-0.373188	-0.423023	0.024894	-0.047582	0.998557	-0.090044	0.994700	0.049643	-0.995627	-0.091149	0.020478
09505	9.557650	1.285989	0.840869	0.204555	-0.391467	-0.408333	0.021376	-0.052038	0.998416	-0.091988	0.994306	0.053793	-0.995531	-0.092992	0.016467
09506	9.531988	1.324410	0.794440	0.165039	-0.408113	-0.404663	0.017703	-0.056460	0.998248	-0.093596	0.993927	0.057875	-0.995453	-0.094457	0.012311
09507	9.593591	1.128658	0.468860	0.151251	-0.414455	-0.392218	0.013955	-0.060787	0.998053	-0.095042	0.993551	0.061841	-0.995375	-0.095720	0.008087
09508	9.590972	1.140432	0.012466	0.163950	-0.411838	-0.376996	0.010232	-0.064956	0.997836	-0.096642	0.993152	0.065642	-0.995267	-0.097105	0.003884
09509	9.636447	1.125062	-0.330017	0.165430	-0.403000	-0.361612	0.006581	-0.068976	0.997597	-0.098261	0.992746	0.069289	-0.995139	-0.098481	-0.000245
09510	9.788086	1.205790	-0.636750	0.138163	-0.380618	-0.334218	0.003133	-0.072706	0.997348	-0.099611	0.992370	0.072656	-0.995021	-0.099575	-0.004133
09511	9.804346	1.122453	-0.834810	0.123599	-0.349104	-0.309096	-0.000023	-0.076157	0.997096	-0.100840	0.992013	0.075767	-0.994903	-0.100545	-0.007702
09512	9.796896	1.064965	-0.823282	0.121731	-0.328183	-0.295595	-0.002981	-0.079458	0.996834	-0.102048	0.991658	0.078741	-0.994775	-0.101490	-0.011064
09513	9.845538	1.143091	-0.554978	0.150748	-0.323174	-0.285440	-0.005894	-0.082653	0.996561	-0.103563	0.991270	0.081602	-0.994605	-0.102726	-0.014403
09514	9.834825	1.180980	-0.566131	0.129511	-0.294741	-0.271420	-0.008538	-0.085687	0.996286	-0.104863	0.990905	0.084325	-0.994450	-0.103754	-0.017446
09515	9.646754	1.156655	-0.533275	0.144892	-0.273265	-0.257613	-0.010976	-0.088559	0.996010	-0.106333	0.990526	0.086900	-0.994270	-0.104955	-0.020288
09516	9.654382	0.965313	-0.498130	0.156962	-0.269910	-0.264992	-0.013371	-0.091509	0.995714	-0.107916	0.990119	0.089546	-0.994070	-0.106256	-0.023114
09517	9.885882	0.778916	-0.204993	0.188309	-0.284458	-0.283028	-0.015883	-0.094651	0.995384	-0.109833	0.989650	0.092353	-0.993823	-0.107859	-0.026114
09518	9.747437	0.543670	0.099994	0.204904	-0.299818	-0.296255	-0.018520	-0.097946	0.995019	-0.111917	0.989139	0.095284	-0.993545	-0.109595	-0.029281
09519	9.538559	0.830599	0.443364	0.248799	-0.318555	-0.283307	-0.021356	-0.101135	0.994643	-0.114449	0.988578	0.098061	-0.993200	-0.111741	-0.032687
09520	9.605114	1.038439	0.328924	0.231970	-0.345902	-0.276654	-0.024461	-0.104286	0.994246	-0.116852	0.988025	0.100759	-0.992848	-0.113715	-0.036354
09521	9.509607	1.078188	0.117592	0.271922	-0.367833	-0.282447	-0.027770	-0.107534	0.993814	-0.119629	0.987409	0.103498	-0.992430	-0.116015	-0.040285
09522	9.577503	1.407991	0.014967	0.315748	-0.397530	-0.276333	-0.031375	-0.110766	0.993351	-0.122838	0.986734	0.106148	-0.991931	-0.118691	-0.044565
09523	9.760458	1.500900	-0.417339	0.312739	-0.397789	-0.259210	-0.034989	-0.113835	0.992883	-0.126030	0.986063	0.108612	-0.991409	-0.121333	-0.048848
09524	9.790322	1.394919	-0.838125	0.323597	-0.392224	-0.240531	-0.038552	-0.116723	0.992416	-0.129335	0.985383	0.110871	-0.990851	-0.124080	-0.053085
09525	9.666444	1.675653	-0.857296	0.368067	-0.387819	-0.208505	-0.042111	-0.119299	0.991965	-0.133069	0.984670	0.112772	-0.990212	-0.127251	-0.057341
09526	9.831343	1.912784	-0.922329	0.267891	-0.352890	-0.190090	-0.045338	-0.121658	0.991536	-0.135821	0.984091	0.114534	-0.989696	-0.129478	-0.061141
09527	9.635672	1.784880	-0.898466	0.237336	-0.340626	-0.174288	-0.048461	-0.123852	0.991117	-0.138256	0.983562	0.116148	-0.989210	-0.131399	-0.064788
09528	9.751989	1.609050	-0.738914	0.205420	-0.331854	-0.159235	-0.051509	-0.125902	0.990705	-0.140350	0.983089	0.117637	-0.988761	-0.132986	-0.068308
09529	9.720298	1.134416	-0.444822	0.191145	-0.336122	-0.154786	-0.054604	-0.127908	0.990282	-0.142327	0.982632	0.119072	-0.988312	-0.134442	-0.071860
09530	9.624318	1.023286	0.085728	0.253708	-0.368863	-0.171723	-0.057989	-0.130125	0.989800	-0.144977	0.982056	0.120613	-0.987734	-0.136504	-0.075813
09531	9.407417	1.268914	0.408831	0.254108	-0.413545	-0.178767	-0.061802	-0.132483	0.989257	-0.147598	0.981467	0.122219	-0.987115	-0.138459	-0.080211
09532	9.311845	1.428164	0.519261	0.230923	-0.458624	-0.170397	-0.066065	-0.134829	0.988664	-0.150007	0.980910	0.123748	-0.986475	-0.140131	-0.085029
09533	9.497543	1.778255	0.005315	0.189682	-0.485510	-0.149466	-0.070618	-0.137013	0.988049	-0.151986	0.980435	0.125094	-0.985857	-0.141335	-0.090060
09534	9.699654	1.711792	-0.727389	0.172612	-0.470235	-0.125033	-0.075056	-0.138949	0.987451	-0.153760	0.980014	0.126215	-0.985253	-0.142357	-0.094921
09535	9.740928	1.807378	-1.822093	0.210291	-0.425477	-0.075215	-0.079121	-0.140329	0.986938	-0.155895	0.979603	0.126789	-0.984600	-0.143828	-0.099384
09536	9.842627	1.973613	-2.369063	0.173763	-0.405078	-0.050594	-0.083016	-0.141457	0.986457	-0.157630	0.979277	0.127162	-0.984003	-0.144939	-0.103594
09537	9.857097	1.558686	-2.248056	0.190702	-0.360556	-0.037633	-0.086494	-0.142385	0.986025	-0.159544	0.978940	0.127367	-0.983394	-0.146298	-0.107389
09538	9.702022	1.780982	-1.987755	0.240779	-0.321352	-0.017382	-0.089624	-0.143074	0.985646	-0.161912	0.978557	0.127323	-0.982727	-0.148176	-0.110867
09539	9.831812	1.752930	-1.429576	0.153614	-0.309713	-0.029207	-0.092610	-0.143855	0.985256	-0.163454	0.978281	0.127473	-0.982195	-0.149239	-0.114112
09540	9.609273	1.310105	-1.071960	0.127724	-0.304275	-0.026418	-0.095545	-0.144612	0.984865	-0.164750	0.978043	0.127627	-0.981697	-0.150062	-0.117271
09541	9.377628	1.281036	-0.787424	0.143587	-0.330336	-0.021167	-0.098742	-0.145351	0.984441	-0.166186	0.977791	0.127700	-0.981138	-0.150991	-0.120704
09542	9.545639	1.316773	-0.605700	0.132961	-0.350864	-0.006733	-0.102160	-0.145997	0.983996	-0.167489	0.977574	0.127656	-0.980567	-0.151767	-0.124322
09543	9.445739	1.263515	-0.572619	0.153997	-0.387334	-0.017334	-0.105918	-0.146791	0.983480	-0.169023	0.977309	0.127666	-0.979904	-0.152709	-0.128325
09544	9.421892	1.338111	-0.257743	0.165400	-0.431389	-0.018568	-0.110107	-0.147683	0.982887	-0.170633	0.977026	0.127688	-0.979163	-0.153654	-0.132777
09545	9.330619	1.237267	0.058906	0.167175	-0.482918	-0.032710	-0.114768	-0.148782	0.982188	-0.172314	0.976714	0.127818	-0.978333	-0.154575	-0.137732
09546	9.314810	0.623552	0.550492	0.223216	-0.551333	-0.052803	-0.120049	-0.150199	0.981340	-0.174569	0.976281	0.128069	-0.977299	-0.155937	-0.143422
09547	9.175926	0.863010	0.847067	0.357648	-0.621396	-0.048447	-0.126022	-0.151683	0.980362	-0.178129	0.975639	0.128055	-0.975904	-0.158493	-0.149972
09548	9.364249	1.487752	0.208838	0.331669	-0.676338	-0.039393	-0.132528	-0.153190	0.979270	-0.181423	0.975042	0.127976	-0.974434	-0.160702	-0.157013
09549	9.608028	1.465707	-1.278168	0.285131	-0.679351	-0.015917	-0.139104	-0.154477	0.978155	-0.184229	0.974551	0.127709	-0.972990	-0.162440	-0.164023
09550	9.849186	1.506211	-2.837776	0.286555	-0.644400	0.010591	-0.145369	-0.155467	0.977087	-0.187024	0.974090	0.127165	-0.971540	-0.164253	-0.170678
09551	9.870795	1.657220	-3.750975	0.345192	-0.586061	0.036417	-0.151116	-0.156116	0.976110	-0.190329	0.973569	0.126244	-0.970020	-0.166705	-0.176836
09552	9.914975	1.757637	-4.050184	0.367160	-0.526408	0.059872	-0.156316	-0.156456	0.975237	-0.193844	0.973032	0.125032	-0.968499	-0.169500	-0.182428
09553	9.956578	1.783997	-3.953010	0.382894	-0.452503	0.089928	-0.160860	-0.156389	0.974508	-0.197416	0.972512	0.123482	-0.967032	-0.172520	-0.187312
09554	9.860569	1.624533	-3.112906	0.382591	-0.404707	0.094910	-0.164949	-0.156221	0.973852	-0.200939	0.971991	0.121888	-0.965616	-0.175580	-0.191720
09555	9.740381	1.761169	-1.956714	0.177407	-0.362874	0.080669	-0.168603	-0.156110	0.973243	-0.202526	0.971798	0.120793	-0.964653	-0.176741	-0.195465
09556	9.373261	1.578889	-1.232732	0.103874	-0.363018	0.089044	-0.172280	-0.155940	0.972626	-0.203323	0.971757	0.119786	-0.963836	-0.177121	-0.199121
09557	9.209603	1.239896	-0.438126	0.102376	-0.416043	0.077496	-0.176435	-0.155959	0.971878	-0.204183	0.971690	0.118861	-0.962902	-0.177470	-0.203284
09558	9.157478	0.889748	0.082450	0.141837	-0.499994	0.063726	-0.181368	-0.156279	0.970918	-0.205406	0.971536	0.118009	-0.961724	-0.178030	-0.208306
09559	9.020193	0.923648	0.834807	0.247581	-0.613566	0.055915	-0.187368	-0.156867	0.969683	-0.207692	0.971175	0.116977	-0.960082	-0.179477	-0.214547
09560	9.007003	0.869644	1.941628	0.267147	-0.757980	0.032243	-0.194690	-0.157966	0.968061	-0.210190	0.970739	0.116131	-0.958079	-0.180867	-0.222196
09561	8.893812	0.640976	2.791986	0.276071	-0.903741	0.007093	-0.203341	-0.159572	0.966017	-0.212827	0.970243	0.115471	-0.955697	-0.182115	-0.231252
09562	8.637701	0.621089	3.220319	0.301007	-1.100597	-0.016818	-0.213788	-0.161785	0.963390	-0.215729	0.969662	0.114965	-0.952762	-0.183253	-0.242204
09563	8.789124	0.090412	3.070802	0.346305	-1.316870	-0.052342	-0.226186	-0.164748	0.960051	-0.219148	0.968933	0.114641	-0.949112	-0.184463	-0.255263
09564	9.035023	0.012013	2.700101	0.429893	-1.517997	-0.090943	-0.240329	-0.168471	0.955960	-0.223488	0.967970	0.114403	-0.944614	-0.186151	-0.270282
09565	9.224029	0.256176	1.912335	0.436344	-1.701763	-0.117847	-0.256082	-0.172825	0.951080	-0.227903	0.966947	0.114344	-0.939405	-0.187472	-0.287005
09566	9.701774	0.588732	0.519932	0.388795	-1.842569	-0.133495	-0.272991	-0.177607	0.945480	-0.231933	0.965971	0.114489	-0.933640	-0.188034	-0.304894
09567	10.384470	0.912718	-1.607161	0.315640	-1.936501	-0.122675	-0.290713	-0.182463	0.939252	-0.235229	0.965150	0.114687	-0.927444	-0.187599	-0.323502
09568	10.606309	1.032289	-2.010226	0.323780	-2.004324	-0.124849	-0.308898	-0.187442	0.932442	-0.238637	0.964301	0.114791	-0.920671	-0.187056	-0.342601
09569	9.748995	0.643343	-2.266344	0.336709	-2.087615	-0.105023	-0.327777	-0.192386	0.924960	-0.242073	0.963465	0.114612	-0.913216	-0.186340	-0.362373
09570	9.226150	1.468588	-2.493729	0.337944	-2.187030	-0.054246	-0.347487	-0.197010	0.916755	-0.245430	0.962705	0.113857	-0.904995	-0.185435	-0.382880
09571	9.679401	1.636527	-2.501152	0.251243	-2.323305	-0.036907	-0.368307	-0.201682	0.907565	-0.247841	0.962160	0.113236	-0.896061	-0.183226	-0.404355
09572	10.246686	1.412980	-2.095047	0.151239	-2.424134	-0.032246	-0.389787	-0.206425	0.897472	-0.249356	0.961806	0.112922	-0.886503	-0.179775	-0.426372
09573	10.903778	0.591230	-1.248984	0.047399	-2.546727	-0.040728	-0.412119	-0.211367	0.886274	-0.249955	0.961628	0.113109	-0.876174	-0.174914	-0.449137
09574	11.792123	-0.741242	-0.683181	-0.053136	-2.676885	-0.070792	-0.435201	-0.216671	0.873873	-0.249861	0.961550	0.113976	-0.864968	-0.168744	-0.472605
09575	12.459620	-2.108103	-0.472189	0.044753	-2.808973	-0.132980	-0.458976	-0.222643	0.860099	-0.250859	0.961176	0.114941	-0.852297	-0.163008	-0.497009
09576	13.063354	-2.157771	-0.411953	0.288236	-2.961072	-0.215995	-0.483396	-0.229524	0.844777	-0.254405	0.960199	0.115308	-0.837620	-0.159176	-0.522548
09577	14.374388	-0.978981	-0.342400	0.487714	-3.110873	-0.275664	-0.508474	-0.237115	0.827786	-0.259838	0.958777	0.115028	-0.820937	-0.156601	-0.549125
09578	15.382657	-0.313569	-0.807201	0.589341	-3.195509	-0.318406	-0.533505	-0.245171	0.809483	-0.266408	0.957061	0.114287	-0.802745	-0.154680	-0.575912
09579	15.236708	0.303420	-1.981803	0.680746	-3.185505	-0.369936	-0.557761	-0.253647	0.790295	-0.273849	0.955080	0.113263	-0.783524	-0.153248	-0.602167
09580	15.049430	0.525106	-3.435621	0.880903	-3.154077	-0.391613	-0.580966	-0.262265	0.770517	-0.283032	0.952681	0.110866	-0.763133	-0.153671	-0.627705
09581	14.513328	1.492565	-4.463274	1.268019	-3.108734	-0.405531	-0.603163	-0.270993	0.750171	-0.294994	0.949617	0.105855	-0.741062	-0.157448	-0.652716
09582	13.888044	2.310080	-5.430157	1.332126	-3.023378	-0.394074	-0.623935	-0.279611	0.729742	-0.307297	0.946359	0.099869	-0.718522	-0.161935	-0.676390
09583	12.563582	3.256519	-5.341972	0.749376	-2.901669	-0.476052	-0.642988	-0.288825	0.709328	-0.315645	0.943786	0.098168	-0.697807	-0.160775	-0.698009
09584	12.487727	3.318816	-7.376080	0.204805	-2.737545	-0.472145	-0.660225	-0.297661	0.689566	-0.320294	0.942028	0.099975	-0.679349	-0.154857	-0.717289
09585	12.180025	3.909692	-7.235710	-0.007468	-2.461396	-0.402781	-0.675436	-0.305206	0.671294	-0.322960	0.940814	0.102791	-0.662935	-0.147372	-0.734029
09586	10.460743	3.682333	-7.900662	-0.375316	-2.068547	-0.335683	-0.687818	-0.311380	0.655705	-0.322939	0.940265	0.107756	-0.650090	-0.137636	-0.747288
09587	8.405852	2.331474	-8.436300	-0.502131	-1.701738	-0.269599	-0.697911	-0.316204	0.642600	-0.321596	0.940073	0.113305	-0.639919	-0.127581	-0.757778
09588	6.504243	1.015910	-8.826968	-0.268207	-1.328445	-0.168882	-0.705702	-0.319514	0.632373	-0.321222	0.939825	0.116388	-0.631508	-0.120997	-0.765871
09589	5.163194	0.602372	-8.156219	0.015775	-0.890569	-0.079751	-0.711027	-0.321362	0.625434	-0.321914	0.939538	0.116787	-0.625150	-0.118297	-0.771488
09590	3.951714	0.258243	-9.614873	0.374477	-0.507676	-0.054004	-0.713904	-0.322548	0.621533	-0.324775	0.938873	0.114190	-0.620372	-0.120337	-0.775021
09591	3.567021	0.774222	-10.048330	0.836908	-0.279329	-0.003283	-0.715606	-0.322957	0.619360	-0.329999	0.937814	0.107731	-0.615637	-0.127295	-0.777680
09592	4.349132	2.223304	-5.735293	0.820741	0.174433	0.098694	-0.714756	-0.321874	0.620903	-0.334480	0.937007	0.100703	-0.614204	-0.135701	-0.777392
09593	6.814664	2.384599	-3.318668	0.258500	0.771794	0.238731	-0.710782	-0.318603	0.627121	-0.334400	0.937403	0.097228	-0.618842	-0.140602	-0.772830
