// General information: 
//  MT Manager version: 2022.2.0 
//  XDA version: 2022.2.0 build 7381 rev 124627 built on 2023-07-19
// Device information: 
//  DeviceId: 00B4CAF0
//  ProductCode: MTW2-3A7G6
//  Firmware Version: 4.6.0
//  Hardware Version: 2.0.0
// Device settings: 
//  Filter Profile: human(46.1)
//  Option Flags: Orientation Smoother Disabled, Position/Velocity Smoother Disabled, Continuous Zero Rotation Update Disabled, AHS Disabled, ICC Disabled
// Coordinate system: ENU
PacketCounter	Acc_X	Acc_Y	Acc_Z	Gyr_X	Gyr_Y	Gyr_Z	Mat[1][1]	Mat[2][1]	Mat[3][1]	Mat[1][2]	Mat[2][2]	Mat[3][2]	Mat[1][3]	Mat[2][3]	Mat[3][3]
64408	4.412635	0.223129	9.283669	0.004600	-0.002019	0.004141	0.897146	0.116029	0.426224	-0.138117	0.990190	0.021165	-0.419586	-0.077857	0.904370
64409	4.405739	0.189420	9.282750	0.001905	-0.001971	0.006301	0.897140	0.115910	0.426269	-0.137976	0.990210	0.021134	-0.419647	-0.077775	0.904349
64410	4.405608	0.189607	9.282808	0.006150	0.004969	0.002190	0.897154	0.115901	0.426241	-0.137979	0.990209	0.021166	-0.419614	-0.077802	0.904362
64411	4.392102	0.210819	9.279729	0.010514	0.007534	-0.002119	0.897193	0.115858	0.426170	-0.137969	0.990208	0.021263	-0.419534	-0.077875	0.904393
64412	4.353189	0.219182	9.296347	0.005710	0.006704	0.003459	0.897214	0.115863	0.426126	-0.137981	0.990206	0.021286	-0.419487	-0.077895	0.904413
64413	4.334179	0.240705	9.317176	0.008872	0.010102	0.002757	0.897259	0.115821	0.426041	-0.137954	0.990209	0.021343	-0.419398	-0.077924	0.904452
64414	4.379226	0.213793	9.328396	0.006471	0.007606	0.001122	0.897287	0.115804	0.425989	-0.137948	0.990209	0.021382	-0.419341	-0.077950	0.904476
64415	4.403898	0.227143	9.309033	0.007056	0.006679	0.002380	0.897312	0.115844	0.425923	-0.138008	0.990199	0.021431	-0.419266	-0.078011	0.904506
64416	4.363004	0.201132	9.301096	0.009778	0.011812	0.002947	0.897355	0.115848	0.425833	-0.138033	0.990194	0.021492	-0.419167	-0.078065	0.904547
64417	4.318066	0.263669	9.315239	0.007056	0.006678	0.002381	0.897365	0.115894	0.425799	-0.138099	0.990184	0.021534	-0.419123	-0.078127	0.904562
64418	4.294130	0.285475	9.359692	0.001638	0.001594	0.003974	0.897363	0.115900	0.425801	-0.138098	0.990185	0.021518	-0.419128	-0.078112	0.904561
64419	4.317676	0.263965	9.315412	0.002664	-0.001068	0.003965	0.897347	0.115917	0.425831	-0.138118	0.990182	0.021514	-0.419156	-0.078120	0.904547
64420	4.387405	0.214790	9.281859	0.000087	-0.005392	0.005926	0.897313	0.115937	0.425896	-0.138129	0.990181	0.021475	-0.419225	-0.078098	0.904517
64421	4.375214	0.181511	9.304767	0.003571	0.000642	0.004153	0.897297	0.115967	0.425921	-0.138165	0.990176	0.021476	-0.419247	-0.078118	0.904505
64422	4.387586	0.214887	9.281771	0.003571	0.000642	0.004153	0.897291	0.115974	0.425932	-0.138174	0.990175	0.021476	-0.419257	-0.078123	0.904500
64423	4.389690	0.195651	9.332852	0.002546	0.003305	0.004163	0.897304	0.116011	0.425896	-0.138211	0.990170	0.021476	-0.419218	-0.078134	0.904517
64424	4.381670	0.215721	9.305867	0.004215	0.005917	0.002013	0.897323	0.116001	0.425859	-0.138203	0.990171	0.021491	-0.419180	-0.078139	0.904534
64425	4.406883	0.175212	9.312872	0.007201	0.007485	0.004908	0.897360	0.116027	0.425772	-0.138242	0.990164	0.021530	-0.419086	-0.078180	0.904574
64426	4.372487	0.236606	9.279410	0.008607	0.013660	0.000430	0.897414	0.116008	0.425664	-0.138239	0.990164	0.021592	-0.418973	-0.078220	0.904623
64427	4.360724	0.238602	9.327548	0.009487	0.010187	-0.002106	0.897463	0.115923	0.425584	-0.138176	0.990171	0.021674	-0.418888	-0.078257	0.904659
64428	4.345200	0.225386	9.299935	0.005121	0.007626	0.002203	0.897489	0.115916	0.425531	-0.138174	0.990170	0.021696	-0.418833	-0.078269	0.904684
64429	4.333522	0.280473	9.321422	0.003307	0.004205	0.001825	0.897499	0.115894	0.425516	-0.138152	0.990173	0.021705	-0.418819	-0.078266	0.904690
64430	4.346092	0.260172	9.324950	0.002544	0.003304	0.004164	0.897504	0.115904	0.425503	-0.138157	0.990173	0.021696	-0.418807	-0.078258	0.904697
64431	4.364117	0.239182	9.304607	0.001637	0.001593	0.003975	0.897508	0.115914	0.425492	-0.138162	0.990172	0.021684	-0.418797	-0.078248	0.904702
64432	4.377012	0.218591	9.307992	-0.000033	-0.001018	0.006125	0.897492	0.115939	0.425518	-0.138173	0.990172	0.021644	-0.418827	-0.078220	0.904691
64433	4.320730	0.246848	9.344620	-0.003781	-0.003486	0.005567	0.897455	0.115954	0.425593	-0.138162	0.990175	0.021569	-0.418910	-0.078158	0.904658
64434	4.339104	0.225406	9.324124	-0.001203	0.000835	0.003606	0.897450	0.115956	0.425602	-0.138146	0.990178	0.021528	-0.418925	-0.078116	0.904654
64435	4.339441	0.224985	9.323977	-0.003663	-0.007859	0.005370	0.897404	0.116022	0.425682	-0.138197	0.990172	0.021464	-0.419008	-0.078090	0.904618
64436	4.329073	0.279196	9.344887	-0.003664	-0.007860	0.005370	0.897360	0.116034	0.425770	-0.138187	0.990175	0.021394	-0.419105	-0.078034	0.904578
64437	4.341020	0.223749	9.323272	-0.003842	-0.009688	0.008968	0.897309	0.116047	0.425875	-0.138170	0.990179	0.021308	-0.419219	-0.077963	0.904531
64438	4.336814	0.223621	9.346588	-0.004455	-0.013944	0.004984	0.897241	0.116051	0.426018	-0.138153	0.990183	0.021232	-0.419372	-0.077906	0.904466
64439	4.363728	0.235587	9.326220	-0.006450	-0.019195	0.008205	0.897139	0.116031	0.426237	-0.138100	0.990193	0.021119	-0.419606	-0.077810	0.904365
64440	4.398428	0.227495	9.332934	-0.007036	-0.018269	0.006947	0.897050	0.116051	0.426419	-0.138090	0.990197	0.021012	-0.419801	-0.077733	0.904282
64441	4.392206	0.246877	9.305122	0.002132	-0.010721	0.005909	0.897000	0.115989	0.426541	-0.138022	0.990207	0.020989	-0.419929	-0.077699	0.904225
64442	4.391470	0.212273	9.279994	-0.001472	-0.012381	0.007881	0.896934	0.116023	0.426671	-0.138043	0.990205	0.020927	-0.420063	-0.077670	0.904165
64443	4.420267	0.205212	9.310780	-0.001473	-0.012382	0.007882	0.896863	0.116068	0.426808	-0.138078	0.990201	0.020868	-0.420204	-0.077649	0.904102
64444	4.378784	0.197462	9.251073	-0.000679	-0.006298	0.008268	0.896822	0.116111	0.426882	-0.138107	0.990199	0.020812	-0.420282	-0.077620	0.904068
64445	4.414039	0.224261	9.282975	-0.000356	-0.003660	0.007197	0.896789	0.116165	0.426937	-0.138151	0.990193	0.020767	-0.420338	-0.077605	0.904043
64446	4.372466	0.163043	9.249900	0.000992	-0.003685	0.006117	0.896762	0.116188	0.426988	-0.138167	0.990192	0.020736	-0.420391	-0.077591	0.904020
64447	4.412700	0.189565	9.258122	0.002224	0.000664	0.005234	0.896756	0.116224	0.426991	-0.138201	0.990187	0.020724	-0.420392	-0.077594	0.904018
64448	4.394321	0.210563	9.278684	0.000470	0.003447	0.001456	0.896765	0.116206	0.426976	-0.138172	0.990192	0.020707	-0.420382	-0.077566	0.904026
64449	4.388712	0.211315	9.302649	0.005243	0.003251	0.002002	0.896789	0.116200	0.426928	-0.138177	0.990190	0.020741	-0.420330	-0.077592	0.904048
64450	4.388459	0.211628	9.302762	0.004480	0.002348	0.004341	0.896789	0.116211	0.426924	-0.138191	0.990188	0.020749	-0.420324	-0.077605	0.904050
64451	4.331638	0.240597	9.339732	0.002142	0.006059	-0.000695	0.896800	0.116158	0.426915	-0.138134	0.990196	0.020753	-0.420319	-0.077583	0.904054
64452	4.323937	0.260396	9.312608	-0.002435	-0.003515	0.004491	0.896776	0.116165	0.426963	-0.138121	0.990199	0.020698	-0.420374	-0.077534	0.904032
64453	4.357599	0.199245	9.346368	-0.001672	-0.002613	0.002152	0.896757	0.116211	0.426992	-0.138160	0.990194	0.020667	-0.420403	-0.077527	0.904019
64454	4.352326	0.253271	9.343595	0.000520	-0.007132	0.004661	0.896717	0.116217	0.427074	-0.138161	0.990195	0.020637	-0.420487	-0.077511	0.903981
64455	4.391239	0.245310	9.326957	-0.000828	-0.007107	0.005741	0.896671	0.116176	0.427182	-0.138102	0.990204	0.020586	-0.420606	-0.077453	0.903931
64456	4.364800	0.197994	9.321670	0.001689	-0.008989	0.007180	0.896620	0.116206	0.427280	-0.138130	0.990201	0.020556	-0.420705	-0.077452	0.903885
64457	4.365247	0.251254	9.294881	-0.004578	-0.009575	0.005188	0.896572	0.116199	0.427383	-0.138096	0.990207	0.020480	-0.420818	-0.077382	0.903839
64458	4.361150	0.251003	9.318168	-0.005992	-0.015756	0.009671	0.896489	0.116248	0.427543	-0.138115	0.990207	0.020370	-0.420988	-0.077312	0.903765
64459	4.394254	0.155081	9.326675	-0.002276	-0.018474	0.007501	0.896395	0.116326	0.427719	-0.138190	0.990197	0.020310	-0.421164	-0.077312	0.903683
64460	4.357000	0.215758	9.316003	-0.006837	-0.011263	0.006083	0.896336	0.116343	0.427838	-0.138173	0.990202	0.020208	-0.421295	-0.077229	0.903629
64461	4.391248	0.207694	9.322881	-0.006141	-0.016568	0.007146	0.896252	0.116412	0.427996	-0.138220	0.990197	0.020114	-0.421459	-0.077185	0.903557
64462	4.410334	0.239526	9.275394	-0.004906	-0.012219	0.006262	0.896189	0.116430	0.428123	-0.138212	0.990200	0.020029	-0.421596	-0.077121	0.903498
64463	4.391514	0.225586	9.270695	-0.002391	-0.014103	0.007699	0.896112	0.116537	0.428255	-0.138314	0.990187	0.019968	-0.421726	-0.077128	0.903437
64464	4.434686	0.128805	9.231691	-0.000571	-0.010682	0.008074	0.896053	0.116575	0.428369	-0.138341	0.990184	0.019914	-0.421843	-0.077105	0.903384
64465	4.395850	0.205347	9.320764	-0.002909	-0.006966	0.003038	0.896011	0.116641	0.428438	-0.138399	0.990177	0.019869	-0.421912	-0.077098	0.903353
64466	4.406770	0.203887	9.272927	-0.000030	-0.001025	0.006128	0.895995	0.116666	0.428465	-0.138411	0.990176	0.019828	-0.421942	-0.077070	0.903341
64467	4.376686	0.191466	9.316232	0.000191	-0.009779	0.005734	0.895947	0.116703	0.428554	-0.138446	0.990172	0.019797	-0.422032	-0.077068	0.903299
64468	4.407787	0.203515	9.272452	0.000584	-0.000929	0.001259	0.895938	0.116681	0.428579	-0.138417	0.990176	0.019782	-0.422061	-0.077046	0.903288
64469	4.402857	0.204084	9.296125	0.001279	-0.006236	0.002322	0.895900	0.116659	0.428666	-0.138395	0.990180	0.019770	-0.422150	-0.077037	0.903247
64470	4.403362	0.204052	9.295886	0.000843	-0.004499	0.003590	0.895873	0.116657	0.428723	-0.138387	0.990181	0.019748	-0.422210	-0.077021	0.903220
64471	4.423772	0.217470	9.299837	0.004447	-0.002839	0.001614	0.895866	0.116575	0.428758	-0.138309	0.990192	0.019767	-0.422249	-0.077010	0.903203
64472	4.391021	0.224779	9.292300	0.001317	-0.001051	0.005046	0.895852	0.116590	0.428785	-0.138317	0.990191	0.019743	-0.422277	-0.076995	0.903191
64473	4.403925	0.204330	9.295614	0.003575	0.000634	0.004151	0.895839	0.116577	0.428814	-0.138306	0.990193	0.019742	-0.422307	-0.076993	0.903177
64474	4.416862	0.184014	9.298908	0.002516	-0.001884	0.001437	0.895826	0.116556	0.428847	-0.138286	0.990196	0.019744	-0.422341	-0.076991	0.903161
64475	4.404097	0.204563	9.295527	0.002812	-0.000270	0.006492	0.895807	0.116610	0.428873	-0.138342	0.990188	0.019730	-0.422365	-0.077005	0.903149
64476	4.409309	0.204145	9.271714	0.004337	0.001538	0.001810	0.895808	0.116595	0.428876	-0.138333	0.990189	0.019747	-0.422366	-0.077018	0.903148
64477	4.389024	0.191222	9.267695	0.005248	0.003249	0.001997	0.895825	0.116561	0.428848	-0.138307	0.990192	0.019775	-0.422337	-0.077028	0.903160
64478	4.408794	0.204904	9.271942	0.005248	0.003248	0.001997	0.895833	0.116549	0.428835	-0.138304	0.990192	0.019800	-0.422321	-0.077047	0.903166
64479	4.350139	0.199871	9.284385	0.005426	0.005081	-0.001603	0.895847	0.116494	0.428821	-0.138261	0.990197	0.019841	-0.422306	-0.077063	0.903172
64480	4.402960	0.206372	9.296026	0.004010	-0.001103	0.002883	0.895835	0.116488	0.428847	-0.138261	0.990197	0.019851	-0.422331	-0.077075	0.903159
64481	4.339613	0.201723	9.332033	0.004446	-0.002840	0.001615	0.895814	0.116423	0.428910	-0.138202	0.990205	0.019866	-0.422396	-0.077073	0.903129
64482	4.359904	0.215437	9.336032	0.005209	-0.001937	-0.000726	0.895803	0.116380	0.428943	-0.138175	0.990208	0.019902	-0.422427	-0.077098	0.903112
64483	4.380025	0.282696	9.313524	0.001714	-0.007973	0.001055	0.895760	0.116282	0.429060	-0.138073	0.990222	0.019893	-0.422551	-0.077061	0.903057
64484	4.348742	0.235843	9.331902	-0.004981	-0.018431	0.009675	0.895666	0.116329	0.429244	-0.138096	0.990221	0.019792	-0.422744	-0.077004	0.902972
64485	4.370635	0.248459	9.335174	-0.001853	-0.020222	0.006244	0.895564	0.116368	0.429445	-0.138132	0.990217	0.019738	-0.422947	-0.076996	0.902877
64486	4.383332	0.246613	9.286491	-0.004618	-0.026384	0.011815	0.895433	0.116430	0.429702	-0.138175	0.990213	0.019631	-0.423211	-0.076952	0.902757
64487	4.400932	0.205978	9.339723	-0.002946	-0.023772	0.009661	0.895313	0.116484	0.429937	-0.138220	0.990209	0.019552	-0.423450	-0.076931	0.902647
64488	4.426389	0.183686	9.294384	-0.002620	-0.021132	0.008589	0.895209	0.116519	0.430145	-0.138242	0.990207	0.019477	-0.423663	-0.076900	0.902550
64489	4.420782	0.202971	9.266275	-0.002037	-0.022065	0.009850	0.895102	0.116561	0.430356	-0.138275	0.990204	0.019405	-0.423878	-0.076877	0.902451
64490	4.430472	0.182399	9.292463	-0.004119	-0.021918	0.007146	0.894996	0.116581	0.430571	-0.138279	0.990205	0.019323	-0.424100	-0.076833	0.902350
64491	4.475508	0.173491	9.251398	-0.001640	-0.013212	0.005370	0.894919	0.116615	0.430721	-0.138307	0.990202	0.019272	-0.424254	-0.076819	0.902279
64492	4.446100	0.161053	9.294469	0.000768	-0.010719	0.007001	0.894861	0.116642	0.430835	-0.138330	0.990199	0.019235	-0.424369	-0.076810	0.902226
64493	4.437248	0.146612	9.242327	0.002620	-0.006268	0.001242	0.894815	0.116670	0.430922	-0.138372	0.990193	0.019242	-0.424451	-0.076845	0.902184
64494	4.441946	0.162031	9.317797	0.007616	0.000553	0.000899	0.894813	0.116645	0.430933	-0.138369	0.990193	0.019293	-0.424456	-0.076891	0.902178
64495	4.396080	0.190283	9.307120	0.004189	0.000729	-0.000722	0.894809	0.116621	0.430949	-0.138358	0.990194	0.019321	-0.424470	-0.076914	0.902169
64496	4.421472	0.203317	9.287302	0.002364	-0.002695	-0.001092	0.894796	0.116573	0.430989	-0.138315	0.990200	0.019333	-0.424511	-0.076911	0.902150
64497	4.408587	0.224310	9.283991	0.007944	0.003195	-0.000175	0.894810	0.116487	0.430983	-0.138245	0.990208	0.019390	-0.424504	-0.076932	0.902152
64498	4.403593	0.225492	9.307713	0.004400	-0.008033	-0.001109	0.894774	0.116436	0.431071	-0.138211	0.990212	0.019420	-0.424591	-0.076956	0.902109
64499	4.404020	0.225930	9.307500	0.005357	-0.001133	0.001797	0.894763	0.116417	0.431098	-0.138206	0.990213	0.019448	-0.424615	-0.076982	0.902095
64500	4.414809	0.225107	9.259636	0.004701	-0.006418	0.003947	0.894727	0.116416	0.431173	-0.138218	0.990211	0.019460	-0.424687	-0.077007	0.902059
64501	4.441132	0.184395	9.265970	0.004701	-0.006418	0.003947	0.894688	0.116478	0.431237	-0.138300	0.990199	0.019478	-0.424742	-0.077067	0.902028
64502	4.430935	0.239393	9.286938	0.003939	-0.007323	0.006290	0.894645	0.116500	0.431321	-0.138330	0.990195	0.019472	-0.424823	-0.077085	0.901989
64503	4.429531	0.205179	9.262047	0.004851	-0.005611	0.006475	0.894609	0.116529	0.431389	-0.138370	0.990189	0.019476	-0.424887	-0.077115	0.901956
64504	4.417533	0.172179	9.284928	0.003682	-0.003750	0.003956	0.894584	0.116531	0.431439	-0.138378	0.990188	0.019478	-0.424936	-0.077126	0.901932
64505	4.404795	0.193294	9.281545	0.011804	0.001278	0.000176	0.894592	0.116507	0.431430	-0.138396	0.990184	0.019574	-0.424914	-0.077219	0.901934
64506	4.381709	0.215518	9.325816	0.000689	-0.005312	0.001068	0.894564	0.116479	0.431494	-0.138365	0.990188	0.019562	-0.424982	-0.077203	0.901904
64507	4.433308	0.187404	9.312382	0.004548	-0.007228	0.001421	0.894532	0.116434	0.431574	-0.138334	0.990192	0.019584	-0.425060	-0.077219	0.901865
64508	4.413599	0.228021	9.281519	0.002874	-0.009844	0.003580	0.894482	0.116428	0.431679	-0.138335	0.990192	0.019580	-0.425165	-0.077230	0.901815
64509	4.402083	0.195059	9.304184	0.004219	-0.009871	0.002497	0.894428	0.116460	0.431783	-0.138389	0.990184	0.019598	-0.425262	-0.077283	0.901765
64510	4.430415	0.242145	9.308495	0.000614	-0.011530	0.004480	0.894369	0.116461	0.431904	-0.138388	0.990185	0.019570	-0.425385	-0.077274	0.901707
64511	4.436786	0.241579	9.284088	0.004473	-0.013447	0.004833	0.894304	0.116442	0.432044	-0.138383	0.990185	0.019576	-0.425524	-0.077295	0.901640
64512	4.441193	0.206662	9.235057	0.001782	-0.013393	0.007001	0.894234	0.116466	0.432182	-0.138410	0.990182	0.019548	-0.425662	-0.077299	0.901574
64513	4.439058	0.241454	9.283005	0.001094	-0.008080	0.005933	0.894196	0.116504	0.432251	-0.138448	0.990177	0.019524	-0.425731	-0.077303	0.901542
64514	4.445475	0.186963	9.285205	0.000332	-0.008985	0.008277	0.894143	0.116545	0.432350	-0.138480	0.990174	0.019477	-0.425831	-0.077287	0.901496
64515	4.400612	0.214698	9.274097	0.006882	-0.010957	0.006461	0.894091	0.116535	0.432459	-0.138489	0.990172	0.019499	-0.425937	-0.077324	0.901443
64516	4.419464	0.193653	9.253168	0.000661	-0.006342	0.007201	0.894051	0.116567	0.432534	-0.138513	0.990169	0.019459	-0.426014	-0.077309	0.901408
64517	4.458278	0.185776	9.236337	0.003783	-0.008137	0.003766	0.893994	0.116590	0.432644	-0.138552	0.990164	0.019464	-0.426119	-0.077344	0.901355
64518	4.415476	0.194394	9.276445	0.003097	-0.002822	0.002696	0.893975	0.116580	0.432686	-0.138546	0.990165	0.019466	-0.426161	-0.077349	0.901335
64519	4.408155	0.214588	9.249114	0.004874	-0.004589	0.000345	0.893946	0.116469	0.432776	-0.138441	0.990179	0.019488	-0.426256	-0.077335	0.901291
64520	4.359823	0.277427	9.286612	-0.001726	-0.007808	-0.000557	0.893910	0.116423	0.432863	-0.138385	0.990187	0.019461	-0.426349	-0.077298	0.901250
64521	4.376935	0.221651	9.240957	-0.005711	-0.017302	-0.000212	0.893824	0.116443	0.433036	-0.138397	0.990187	0.019402	-0.426528	-0.077273	0.901168
64522	4.260859	0.332712	9.311697	-0.017999	-0.022030	-0.001829	0.893729	0.116374	0.433251	-0.138261	0.990209	0.019234	-0.426770	-0.077091	0.901068
64523	4.261366	0.258319	9.411800	-0.028159	-0.036490	-0.003648	0.893580	0.116283	0.433583	-0.138074	0.990240	0.018986	-0.427143	-0.076832	0.900914
64524	4.357997	0.183735	9.331566	-0.050362	-0.059270	-0.004737	0.893329	0.116157	0.434132	-0.137774	0.990290	0.018539	-0.427763	-0.076373	0.900659
64525	4.505072	0.204140	9.284106	-0.022727	-0.056810	-0.007664	0.893106	0.115928	0.434652	-0.137480	0.990334	0.018352	-0.428323	-0.076147	0.900412
64526	4.412047	0.169757	9.286137	-0.036806	-0.059796	-0.006905	0.892856	0.115780	0.435205	-0.137218	0.990377	0.018037	-0.428928	-0.075822	0.900151
64527	4.482883	0.206303	9.271743	-0.027524	-0.056639	-0.008177	0.892618	0.115580	0.435746	-0.136937	0.990420	0.017809	-0.429514	-0.075566	0.899893
64528	4.491461	0.115140	9.247153	-0.036013	-0.053729	-0.006510	0.892392	0.115441	0.436245	-0.136681	0.990460	0.017499	-0.430063	-0.075243	0.899658
64529	4.548951	0.172060	9.229656	-0.029745	-0.053165	-0.004537	0.892173	0.115313	0.436727	-0.136461	0.990495	0.017241	-0.430588	-0.074978	0.899429
64530	4.576478	0.148660	9.182916	-0.017110	-0.044745	-0.010149	0.891990	0.115145	0.437144	-0.136254	0.990526	0.017117	-0.431032	-0.074831	0.899229
64531	4.536697	0.155599	9.221866	-0.018856	-0.028199	-0.002158	0.891874	0.114993	0.437421	-0.136026	0.990560	0.016940	-0.431344	-0.074609	0.899097
64532	4.569905	0.112514	9.203200	-0.017612	-0.023836	-0.003052	0.891772	0.114911	0.437651	-0.135879	0.990583	0.016782	-0.431601	-0.074433	0.898988
64533	4.563835	0.131456	9.175285	-0.009587	-0.014391	-0.006669	0.891720	0.114718	0.437808	-0.135643	0.990617	0.016706	-0.431783	-0.074282	0.898913
64534	4.518977	0.173954	9.263914	-0.009684	-0.010000	-0.006476	0.891682	0.114612	0.437912	-0.135500	0.990638	0.016634	-0.431906	-0.074169	0.898864
64535	4.461660	0.167841	9.276294	-0.008019	-0.008411	-0.002511	0.891645	0.114534	0.438007	-0.135386	0.990654	0.016559	-0.432017	-0.074065	0.898819
64536	4.447021	0.222289	9.321169	-0.010940	-0.015409	0.000551	0.891575	0.114494	0.438162	-0.135301	0.990668	0.016445	-0.432190	-0.073945	0.898746
64537	4.416262	0.174811	9.339536	-0.011593	-0.019676	-0.003425	0.891490	0.114471	0.438340	-0.135246	0.990677	0.016349	-0.432382	-0.073859	0.898660
64538	4.438824	0.186988	9.342357	-0.013994	-0.032812	-0.001823	0.891347	0.114394	0.438651	-0.135126	0.990696	0.016218	-0.432714	-0.073729	0.898511
64539	4.404606	0.193623	9.357353	-0.010606	-0.048828	0.000285	0.891133	0.114280	0.439116	-0.134986	0.990717	0.016105	-0.433199	-0.073627	0.898286
64540	4.399639	0.193610	9.402767	-0.011342	-0.059348	-0.000273	0.890872	0.114199	0.439665	-0.134892	0.990731	0.015991	-0.433764	-0.073553	0.898020
64541	4.416779	0.137711	9.378188	-0.013238	-0.078647	-0.000121	0.890540	0.114072	0.440370	-0.134751	0.990752	0.015862	-0.434488	-0.073466	0.897676
64542	4.463355	0.075146	9.383825	-0.013566	-0.089890	-0.008067	0.890157	0.113891	0.441192	-0.134577	0.990778	0.015762	-0.435328	-0.073405	0.897274
64543	4.408583	0.123335	9.390245	-0.008537	-0.102280	-0.014241	0.889724	0.113635	0.442130	-0.134364	0.990807	0.015734	-0.436278	-0.073406	0.896813
64544	4.464129	0.148918	9.369226	-0.014916	-0.118776	-0.015645	0.889222	0.113359	0.443209	-0.134117	0.990842	0.015657	-0.437375	-0.073364	0.896282
64545	4.505621	0.160778	9.319742	-0.010167	-0.128649	-0.018011	0.888673	0.113105	0.444373	-0.133931	0.990867	0.015636	-0.438546	-0.073411	0.895705
64546	4.508573	0.162062	9.361433	0.000792	-0.144205	-0.015021	0.888056	0.112816	0.445678	-0.133757	0.990890	0.015697	-0.439847	-0.073553	0.895056
64547	4.522820	0.163345	9.354536	0.013667	-0.160748	-0.011862	0.887362	0.112574	0.447119	-0.133701	0.990895	0.015863	-0.441263	-0.073857	0.894334
64548	4.551240	0.145335	9.350001	0.025825	-0.170928	-0.015897	0.886624	0.112255	0.448661	-0.133631	0.990900	0.016152	-0.442765	-0.074276	0.893556
64549	4.543166	0.208644	9.261082	0.032466	-0.182896	-0.011933	0.885829	0.111992	0.450294	-0.133656	0.990891	0.016487	-0.444345	-0.074789	0.892728
64550	4.579153	0.137867	9.257748	0.039391	-0.191181	-0.015176	0.884995	0.111664	0.452013	-0.133653	0.990884	0.016894	-0.446006	-0.075364	0.891851
64551	4.638133	0.188117	9.181346	0.048256	-0.190793	-0.015380	0.884144	0.111384	0.453744	-0.133750	0.990863	0.017383	-0.447661	-0.076057	0.890963
64552	4.627726	0.127627	9.242840	0.053228	-0.198148	-0.018771	0.883276	0.111012	0.455521	-0.133779	0.990849	0.017930	-0.449362	-0.076776	0.890045
64553	4.606098	0.107214	9.226287	0.060704	-0.207432	-0.020740	0.882365	0.110638	0.457375	-0.133856	0.990827	0.018554	-0.451127	-0.077594	0.889080
64554	4.693178	0.047211	9.255602	0.082925	-0.215173	-0.038429	0.881440	0.110055	0.459295	-0.133848	0.990811	0.019455	-0.452934	-0.078624	0.888071
64555	4.763757	0.048909	9.155954	0.110596	-0.208116	-0.054999	0.880564	0.109290	0.461154	-0.133799	0.990793	0.020675	-0.454648	-0.079908	0.887079
64556	4.634370	0.058121	9.168199	0.114214	-0.216089	-0.073273	0.879674	0.108355	0.463070	-0.133630	0.990787	0.022014	-0.456418	-0.081245	0.886048
64557	4.502232	0.279457	9.248951	0.103050	-0.225162	-0.097930	0.878763	0.107149	0.465075	-0.133178	0.990817	0.023365	-0.458301	-0.082470	0.884963
64558	4.603982	0.258100	9.252874	0.077471	-0.261504	-0.113794	0.877709	0.105770	0.467376	-0.132491	0.990880	0.024569	-0.460515	-0.083487	0.883717
64559	4.760052	0.191355	9.116641	0.067002	-0.281613	-0.131241	0.876574	0.104236	0.469843	-0.131648	0.990962	0.025766	-0.462911	-0.084440	0.882374
64560	4.770720	0.170965	9.150570	0.050414	-0.295286	-0.151435	0.875398	0.102450	0.472422	-0.130512	0.991081	0.026912	-0.465452	-0.085215	0.880961
64561	4.907810	0.019515	9.134381	0.039187	-0.311804	-0.179750	0.874165	0.100380	0.475142	-0.129094	0.991234	0.028096	-0.468156	-0.085899	0.879461
64562	5.115301	-0.214027	9.031935	0.044360	-0.313667	-0.220769	0.872971	0.097886	0.477850	-0.127330	0.991421	0.029526	-0.470860	-0.086620	0.877945
64563	5.187627	-0.346025	9.002546	0.062205	-0.312353	-0.275217	0.871838	0.094789	0.480534	-0.125105	0.991647	0.031371	-0.473547	-0.087468	0.876415
64564	5.264481	-0.703213	9.004089	0.050995	-0.331295	-0.360908	0.870706	0.090883	0.483333	-0.122159	0.991943	0.033545	-0.476390	-0.088252	0.874794
64565	5.513293	-0.643998	8.574651	0.107944	-0.350052	-0.483243	0.869603	0.085705	0.486256	-0.118380	0.992286	0.036811	-0.479350	-0.089574	0.873041
64566	5.761585	-0.157174	8.403776	0.017672	-0.335140	-0.597144	0.868678	0.079443	0.488965	-0.113231	0.992769	0.039866	-0.482262	-0.089997	0.871392
64567	5.856770	-0.117817	8.296981	-0.110489	-0.290439	-0.715202	0.868044	0.072061	0.491229	-0.106459	0.993413	0.042392	-0.484939	-0.089094	0.869998
64568	5.823426	-0.148040	8.348362	-0.250069	-0.240663	-0.827052	0.867715	0.063596	0.492978	-0.098021	0.994199	0.044277	-0.487302	-0.086742	0.868914
64569	5.758752	-0.143365	8.397763	-0.355877	-0.184459	-0.941037	0.867675	0.054072	0.494183	-0.088104	0.995057	0.045814	-0.489263	-0.083291	0.868150
64570	5.831194	-0.760461	8.527733	-0.498716	-0.147900	-1.054698	0.867812	0.043418	0.494993	-0.076463	0.995979	0.046692	-0.490975	-0.078368	0.867642
64571	6.278936	-1.917507	8.759558	-0.485451	-0.086117	-1.176386	0.868195	0.031703	0.495210	-0.063945	0.996784	0.048295	-0.492087	-0.073596	0.867430
64572	6.069427	-1.904763	8.643850	-0.177573	0.034183	-1.339052	0.869128	0.018342	0.494247	-0.051395	0.997251	0.053368	-0.491910	-0.071786	0.867682
64573	5.720583	-1.231549	8.766749	-0.017470	0.112361	-1.466862	0.870307	0.003768	0.492495	-0.038514	0.997429	0.060429	-0.491002	-0.071559	0.868215
64574	5.554004	-0.711430	8.824337	0.026108	0.141063	-1.571104	0.871489	-0.011836	0.490272	-0.024915	0.997349	0.068365	-0.489782	-0.071794	0.868884
64575	5.292498	-0.006556	8.799172	0.053176	0.188111	-1.680684	0.872690	-0.028375	0.487449	-0.010608	0.996973	0.077027	-0.488159	-0.072392	0.869747
64576	5.291732	0.502557	8.665384	-0.015068	0.146767	-1.748183	0.873448	-0.045727	0.484766	0.004773	0.996337	0.085383	-0.486894	-0.072264	0.870467
64577	5.689530	0.194293	8.087781	-0.189954	0.072269	-1.669263	0.873563	-0.062274	0.482710	0.020253	0.995573	0.091785	-0.486289	-0.070403	0.870957
64578	5.341686	-0.121942	7.834513	-0.392399	-0.029530	-1.419981	0.873020	-0.076460	0.481653	0.034607	0.994856	0.095202	-0.486455	-0.066445	0.871176
64579	4.745050	0.159654	8.312282	-0.745095	-0.185898	-1.119428	0.871629	-0.087645	0.482266	0.047928	0.994409	0.094095	-0.487817	-0.058902	0.870957
64580	5.058562	-0.734185	8.708876	-1.091934	-0.331994	-0.857292	0.869529	-0.096380	0.484386	0.060775	0.994201	0.088720	-0.490128	-0.047706	0.870344
64581	5.376025	-1.667012	8.853656	-1.174498	-0.371915	-0.677236	0.867229	-0.103215	0.487094	0.072374	0.994019	0.081776	-0.492621	-0.035666	0.869513
64582	5.670740	-2.450103	8.854873	-1.179758	-0.375402	-0.500374	0.864976	-0.108333	0.489980	0.082578	0.993837	0.073957	-0.494972	-0.023509	0.868591
64583	5.512962	-2.606632	8.996882	-0.977901	-0.351949	-0.292983	0.862957	-0.111239	0.492881	0.089888	0.993703	0.066890	-0.497218	-0.013419	0.867522
64584	5.417335	-2.694307	9.158171	-0.820730	-0.327367	-0.079015	0.861240	-0.112087	0.495683	0.094703	0.993687	0.060154	-0.499296	-0.004864	0.866418
64585	5.266439	-2.657053	9.305120	-0.604836	-0.318030	0.139018	0.859777	-0.110636	0.498542	0.096471	0.993860	0.054184	-0.501475	0.001509	0.865171
64586	5.166191	-2.903919	9.415229	-0.389106	-0.324674	0.387824	0.858504	-0.106801	0.501563	0.095139	0.994264	0.048870	-0.503905	0.005763	0.863740
64587	4.906876	-3.019708	9.499005	-0.193474	-0.320140	0.629341	0.857464	-0.100442	0.504645	0.090656	0.994910	0.043984	-0.506494	0.008035	0.862206
64588	5.140293	-3.938372	9.326069	0.026096	-0.338751	0.954097	0.856557	-0.090950	0.507975	0.082391	0.995822	0.039368	-0.509433	0.008132	0.860472
64589	5.004166	-4.301137	9.393670	0.249614	-0.356310	1.323299	0.855736	-0.077678	0.511549	0.069758	0.996960	0.034694	-0.512690	0.005996	0.858553
64590	5.011401	-5.106395	9.353106	0.444403	-0.398330	1.745085	0.854742	-0.060286	0.515540	0.052590	0.998179	0.029533	-0.516382	0.001870	0.856356
64591	5.070677	-5.564150	9.440959	0.677953	-0.427415	2.169949	0.853426	-0.038521	0.519789	0.030479	0.999247	0.024010	-0.520323	-0.004648	0.853957
64592	5.249752	-5.824460	9.528168	0.958537	-0.460298	2.597896	0.851450	-0.012628	0.524283	0.003369	0.999821	0.018611	-0.524424	-0.014080	0.851341
64593	6.321860	-4.829905	10.364987	1.224894	-0.429368	3.007390	0.848802	0.017466	0.528422	-0.028716	0.999502	0.013090	-0.527930	-0.026285	0.848881
64594	6.180630	-4.036174	11.024965	1.330516	-0.260639	3.381570	0.845842	0.051122	0.530979	-0.064363	0.997906	0.006452	-0.529537	-0.039633	0.847360
64595	5.300458	-2.346637	10.169479	1.522474	-0.095908	3.681572	0.842228	0.087895	0.531908	-0.103590	0.994620	-0.000331	-0.529076	-0.054821	0.846802
64596	3.919064	-0.752880	10.242942	1.462382	0.020044	3.920598	0.837470	0.126775	0.531575	-0.144202	0.989509	-0.008804	-0.527115	-0.069281	0.846965
64597	2.435465	0.060676	10.214731	1.383804	0.059136	3.999067	0.831177	0.166398	0.530524	-0.184940	0.982577	-0.018436	-0.524349	-0.082791	0.847469
64598	2.061461	1.153796	10.532895	1.323766	0.052229	3.946823	0.823366	0.205030	0.529179	-0.224474	0.974074	-0.028137	-0.521228	-0.095620	0.848044
64599	1.471649	2.506174	10.732301	1.242214	0.100422	3.769666	0.814692	0.241811	0.527071	-0.261896	0.964363	-0.037620	-0.517385	-0.107389	0.848988
64600	0.826548	3.762041	10.724669	1.080105	0.196843	3.479339	0.806006	0.275379	0.523948	-0.295616	0.954163	-0.046737	-0.512802	-0.117217	0.850467
64601	0.200117	5.166988	10.978429	0.821710	0.274503	3.047152	0.797929	0.304763	0.520027	-0.324332	0.944299	-0.055753	-0.508052	-0.124175	0.852328
64602	0.056144	6.120293	11.309749	0.393597	0.305749	2.575376	0.790837	0.329323	0.515872	-0.346743	0.935653	-0.065744	-0.504328	-0.126882	0.854139
64603	0.682712	5.930920	11.520247	-0.032479	0.385480	2.016660	0.785593	0.348718	0.511116	-0.362545	0.928824	-0.076469	-0.501403	-0.125229	0.856103
64604	1.213643	5.503675	11.671236	-0.319797	0.535312	1.403223	0.783118	0.362345	0.505403	-0.371912	0.924243	-0.086354	-0.498405	-0.120340	0.858552
64605	2.115204	4.794991	11.861591	-0.494296	0.726735	0.784383	0.783768	0.370525	0.498417	-0.375661	0.921914	-0.094621	-0.494557	-0.113075	0.861759
64606	2.866136	4.261394	11.746566	-0.556625	0.973654	0.208437	0.787777	0.373473	0.489821	-0.374521	0.921759	-0.100471	-0.489020	-0.104299	0.866014
64607	3.123547	4.046732	11.493242	-0.566320	1.215453	-0.318020	0.794837	0.371823	0.479564	-0.369303	0.923480	-0.103918	-0.481507	-0.094507	0.871332
64608	3.098665	4.056078	11.029082	-0.600582	1.395545	-0.764630	0.804287	0.365962	0.468183	-0.360284	0.926851	-0.105558	-0.472566	-0.083780	0.877304
64609	3.320855	3.747790	10.564196	-0.706410	1.509643	-1.113075	0.815274	0.356854	0.456052	-0.348003	0.931403	-0.106693	-0.462842	-0.071723	0.883534
64610	3.750895	3.173399	10.238353	-0.806841	1.566404	-1.375705	0.827132	0.344994	0.443658	-0.332970	0.936770	-0.107672	-0.452752	-0.058666	0.889705
64611	4.272645	2.452779	9.823486	-0.879430	1.616326	-1.564736	0.839432	0.331174	0.430904	-0.316021	0.942501	-0.108733	-0.442137	-0.044901	0.895823
64612	4.690621	1.481081	9.425384	-0.871420	1.625527	-1.673452	0.851669	0.315942	0.418139	-0.298025	0.948259	-0.109476	-0.431093	-0.031379	0.901762
64613	4.759324	0.604440	8.760631	-0.737425	1.608398	-1.740291	0.863533	0.299834	0.405476	-0.279980	0.953795	-0.109027	-0.419431	-0.019376	0.907580
64614	4.694614	0.180109	8.260179	-0.516307	1.521485	-1.761108	0.874603	0.283182	0.393545	-0.262498	0.959014	-0.106708	-0.407633	-0.009978	0.913091
64615	4.755318	0.135305	7.771064	-0.307504	1.381056	-1.730656	0.884551	0.266662	0.382703	-0.246050	0.963785	-0.102850	-0.396269	-0.003188	0.918129
64616	5.000143	0.037201	7.445313	-0.101327	1.181404	-1.656468	0.893123	0.250644	0.373510	-0.230889	0.968079	-0.097537	-0.386034	0.000873	0.922484
64617	3.427566	-2.918749	6.408528	0.103814	0.778648	-1.558165	0.899590	0.235541	0.367775	-0.217325	0.971863	-0.090844	-0.378824	0.001796	0.925467
64618	6.454183	0.920818	4.287689	1.240295	0.155259	-1.844075	0.904072	0.217556	0.367863	-0.205328	0.975998	-0.072590	-0.374826	-0.009906	0.927042
64619	7.451798	0.556177	6.232608	0.720875	0.061036	-1.493710	0.907284	0.202982	0.368285	-0.194497	0.979039	-0.060449	-0.372835	-0.016786	0.927746
64620	10.157973	0.655755	7.883392	0.862559	-0.017316	-1.362526	0.909806	0.189590	0.369199	-0.185287	0.981539	-0.047438	-0.371377	-0.025248	0.928139
64621	10.791456	0.677291	7.175591	0.697141	0.017457	-1.088932	0.911848	0.178904	0.369495	-0.177946	0.983345	-0.036981	-0.369957	-0.032029	0.928496
64622	9.953679	-0.495497	5.441351	0.662879	-0.043221	-0.797457	0.913087	0.171010	0.370173	-0.173079	0.984513	-0.027894	-0.369211	-0.038599	0.928544
64623	10.079948	-0.847264	4.095236	0.591381	-0.284465	-0.478208	0.912856	0.166178	0.372933	-0.170885	0.985074	-0.020660	-0.370800	-0.044869	0.927628
64624	11.745572	0.887196	4.736648	0.660938	-0.696437	-0.149573	0.910510	0.164334	0.379428	-0.171949	0.985007	-0.013992	-0.376038	-0.052502	0.925116
64625	14.566043	-3.823195	4.429157	0.165031	-0.949045	0.488107	0.906049	0.168612	0.388129	-0.176984	0.984109	-0.014367	-0.384384	-0.055675	0.921493
64626	13.163022	0.337634	7.298509	1.581757	-0.489440	-0.106593	0.904354	0.167219	0.392660	-0.182072	0.983285	0.000594	-0.385997	-0.072029	0.919684
64627	9.422203	10.461644	13.932900	1.236592	0.009109	-0.501491	0.905300	0.162276	0.392553	-0.182263	0.983151	0.013911	-0.383682	-0.084141	0.919624
64628	5.081778	8.657402	12.727604	-0.267798	0.382093	-0.102774	0.906946	0.161548	0.389039	-0.180267	0.983547	0.011831	-0.380727	-0.080861	0.921145
64629	1.010039	1.243099	8.920625	-0.281917	0.130872	0.123744	0.907223	0.162809	0.387865	-0.180255	0.983581	0.008754	-0.380071	-0.077857	0.921675
64630	3.102388	-3.133871	9.353920	-0.497724	-0.263636	0.237738	0.905787	0.164916	0.390325	-0.180469	0.983575	0.003227	-0.383381	-0.073365	0.920672
64631	5.136337	-3.317959	9.583497	0.128091	-0.162040	0.032248	0.905108	0.165059	0.391834	-0.181196	0.983438	0.004278	-0.384639	-0.074871	0.920026
64632	2.544776	-0.249465	8.524807	0.259265	-0.095206	-0.026885	0.904789	0.164690	0.392726	-0.181909	0.983292	0.006752	-0.385052	-0.077549	0.919631
64633	0.768317	-0.993382	8.588761	0.126331	-0.370123	-0.012144	0.903382	0.164234	0.396142	-0.182237	0.983223	0.007953	-0.388190	-0.079376	0.918155
64634	3.399022	-0.952933	10.035096	0.242055	-0.609386	-0.011895	0.901021	0.163591	0.401745	-0.183034	0.983054	0.010204	-0.393268	-0.082727	0.915695
64635	3.906172	-0.410084	9.750128	0.390339	-0.589513	-0.003993	0.898697	0.163010	0.407150	-0.184496	0.982737	0.013779	-0.397875	-0.087501	0.913257
64636	3.899135	1.028350	9.205260	0.480959	-0.598362	-0.016682	0.896332	0.162273	0.412621	-0.186230	0.982337	0.018218	-0.402376	-0.093172	0.910721
64637	4.519059	1.216653	9.932234	0.263467	-0.598249	-0.030988	0.893969	0.161361	0.418069	-0.186973	0.982146	0.020733	-0.407260	-0.096702	0.908178
64638	4.395498	1.898205	9.414854	0.236429	-0.654380	-0.070407	0.891416	0.159993	0.424004	-0.187272	0.982035	0.023158	-0.412681	-0.100048	0.905364
64639	5.741873	1.635887	10.345110	0.078272	-0.593699	-0.012748	0.888976	0.159223	0.429383	-0.187433	0.981986	0.023915	-0.417840	-0.101740	0.902806
64640	9.149398	3.745514	10.203681	-0.177889	-0.272607	0.071506	0.887698	0.159617	0.431875	-0.187281	0.982060	0.021987	-0.420617	-0.100399	0.901666
64641	3.660250	-0.571723	9.648674	-0.333673	-0.172900	0.181783	0.886630	0.161173	0.433487	-0.187425	0.982110	0.018195	-0.422799	-0.097379	0.900976
64642	5.383267	-0.568989	8.687675	-0.033563	-0.062270	0.132847	0.886115	0.162384	0.434087	-0.188419	0.981936	0.017302	-0.423436	-0.097122	0.900705
64643	4.929899	0.471452	9.346377	-0.100904	-0.107310	0.103068	0.885467	0.163238	0.435087	-0.188846	0.981877	0.015945	-0.424599	-0.096283	0.900247
64644	5.120145	-0.482874	8.887754	-0.051611	-0.035369	0.070188	0.885183	0.163860	0.435433	-0.189207	0.981820	0.015160	-0.425033	-0.095806	0.900094
64645	5.398382	-0.312796	8.837210	-0.019949	0.033200	0.022438	0.885283	0.164058	0.435154	-0.189262	0.981814	0.014883	-0.424799	-0.095534	0.900233
64646	4.968957	0.139772	8.898127	0.023223	0.108948	-0.003588	0.885750	0.164094	0.434189	-0.189288	0.981806	0.015093	-0.423813	-0.095555	0.900695
64647	4.907889	0.191234	9.015990	0.024835	0.150100	-0.006998	0.886400	0.164114	0.432853	-0.189272	0.981805	0.015347	-0.422458	-0.095530	0.901334
64648	4.895637	0.033196	9.059750	0.044910	0.196103	-0.015412	0.887254	0.164118	0.431098	-0.189284	0.981795	0.015803	-0.420657	-0.095621	0.902167
64649	4.490385	0.178007	9.151825	0.063430	0.236901	-0.025357	0.888297	0.164041	0.428974	-0.189266	0.981787	0.016484	-0.418457	-0.095833	0.903167
64650	3.718049	0.384406	9.759078	0.037738	0.243913	-0.028210	0.889367	0.163965	0.426781	-0.189132	0.981806	0.016931	-0.416240	-0.095776	0.904197
64651	3.224275	1.676362	10.205773	0.008524	0.072881	-0.002654	0.889677	0.163954	0.426139	-0.189085	0.981813	0.017019	-0.415598	-0.095718	0.904498
64652	4.181031	-0.503091	9.377198	-0.206283	0.026726	0.075969	0.889643	0.164693	0.425925	-0.188863	0.981892	0.014814	-0.415773	-0.093620	0.904637
64653	4.168615	0.074877	9.391238	-0.044338	0.031383	0.046853	0.889686	0.165127	0.425666	-0.189037	0.981867	0.014213	-0.415600	-0.093111	0.904769
64654	4.370437	-0.148954	9.299903	-0.103863	-0.004145	0.037948	0.889596	0.165463	0.425725	-0.188901	0.981909	0.013097	-0.415856	-0.092071	0.904758
64655	4.362747	0.093989	9.308809	-0.067463	0.005857	0.024188	0.889576	0.165653	0.425692	-0.188778	0.981942	0.012382	-0.415953	-0.091376	0.904783
64656	4.515939	0.205754	9.186958	-0.086037	0.009629	0.029495	0.889559	0.165918	0.425625	-0.188641	0.981979	0.011463	-0.416053	-0.090488	0.904827
64657	4.399899	0.225929	9.236140	-0.104377	0.045784	0.032293	0.889690	0.166223	0.425231	-0.188437	0.982030	0.010380	-0.415864	-0.089364	0.905025
64658	4.500324	0.041742	9.221387	-0.144637	0.046718	0.037276	0.889812	0.166598	0.424828	-0.188126	0.982105	0.008898	-0.415744	-0.087838	0.905230
64659	4.350764	0.136441	9.335753	-0.139997	0.068066	0.038769	0.890024	0.166984	0.424233	-0.187831	0.982173	0.007465	-0.415423	-0.086328	0.905522
64660	4.371427	0.112925	9.370562	-0.166711	0.068356	0.032945	0.890244	0.167334	0.423632	-0.187391	0.982268	0.005800	-0.415150	-0.084548	0.905816
64661	4.332940	0.105193	9.365691	-0.154772	0.061933	0.038064	0.890432	0.167706	0.423091	-0.187029	0.982345	0.004235	-0.414911	-0.082902	0.906077
64662	4.337372	0.103292	9.420049	-0.158933	0.053262	0.041027	0.890574	0.168120	0.422626	-0.186694	0.982415	0.002607	-0.414756	-0.081223	0.906300
64663	4.258597	-0.144078	9.466099	-0.151945	0.041340	0.040235	0.890673	0.168495	0.422270	-0.186365	0.982480	0.001058	-0.414693	-0.079639	0.906470
64664	4.154911	-0.292351	9.500479	-0.110301	0.027259	0.033669	0.890721	0.168815	0.422040	-0.186166	0.982518	-0.000099	-0.414678	-0.078481	0.906577
64665	4.322873	-0.059577	9.379261	-0.061795	0.021704	0.022017	0.890772	0.168996	0.421860	-0.186049	0.982540	-0.000754	-0.414622	-0.077815	0.906661
64666	4.339622	-0.000900	9.381121	-0.085177	0.008305	0.026015	0.890756	0.169225	0.421801	-0.185886	0.982570	-0.001651	-0.414729	-0.076936	0.906687
64667	4.212963	0.060958	9.374326	-0.073086	0.006717	0.022469	0.890744	0.169400	0.421758	-0.185727	0.982598	-0.002411	-0.414827	-0.076184	0.906705
64668	4.156404	-0.094074	9.367093	-0.109428	-0.019134	0.031814	0.890603	0.169665	0.421947	-0.185515	0.982635	-0.003552	-0.415223	-0.075114	0.906614
64669	4.232700	-0.089815	9.382335	-0.097226	-0.033050	0.030240	0.890412	0.169886	0.422263	-0.185324	0.982667	-0.004564	-0.415719	-0.074192	0.906462
64670	4.274414	-0.110132	9.364556	-0.096418	-0.049596	0.027101	0.890153	0.170084	0.422728	-0.185123	0.982700	-0.005567	-0.416361	-0.073301	0.906240
64671	4.288411	-0.086172	9.362991	-0.080111	-0.054923	0.022642	0.889884	0.170215	0.423242	-0.184935	0.982730	-0.006392	-0.417020	-0.072584	0.905994
64672	4.302038	-0.149258	9.339237	-0.066232	-0.066972	0.016296	0.889572	0.170294	0.423864	-0.184762	0.982758	-0.007076	-0.417761	-0.072020	0.905698
64673	4.359247	-0.098264	9.345485	-0.060372	-0.073250	0.010471	0.889248	0.170294	0.424544	-0.184547	0.982794	-0.007669	-0.418545	-0.071528	0.905375
64674	4.398079	-0.112429	9.350155	-0.041839	-0.064587	0.003131	0.888970	0.170246	0.425145	-0.184358	0.982826	-0.008077	-0.419219	-0.071199	0.905089
64675	4.353583	-0.173133	9.337851	-0.025930	-0.068165	-0.000089	0.888685	0.170147	0.425780	-0.184193	0.982855	-0.008314	-0.419894	-0.071038	0.904789
64676	4.421240	-0.120206	9.296653	-0.033547	-0.064134	-0.000821	0.888416	0.170061	0.426377	-0.184004	0.982888	-0.008629	-0.420548	-0.070789	0.904505
