// General information: 
//  MT Manager version: 2022.2.0 
//  XDA version: 2022.2.0 build 7381 rev 124627 built on 2023-07-19
// Device information: 
//  DeviceId: 00B4CBA7
//  ProductCode: MTW2-3A7G6
//  Firmware Version: 4.6.0
//  Hardware Version: 2.0.0
// Device settings: 
//  Filter Profile: human(46.1)
//  Option Flags: Orientation Smoother Disabled, Position/Velocity Smoother Disabled, Continuous Zero Rotation Update Disabled, AHS Disabled, ICC Disabled
// Coordinate system: ENU
PacketCounter	Acc_X	Acc_Y	Acc_Z	Gyr_X	Gyr_Y	Gyr_Z	Mat[1][1]	Mat[2][1]	Mat[3][1]	Mat[1][2]	Mat[2][2]	Mat[3][2]	Mat[1][3]	Mat[2][3]	Mat[3][3]
25224	9.622632	0.308659	-1.100656	0.002438	-0.100725	-0.018626	-0.086925	-0.111918	0.989908	-0.601859	0.797729	0.037340	-0.793857	-0.592540	-0.136702
25225	9.645955	0.333969	-1.159915	0.037375	-0.109046	-0.018933	-0.087549	-0.112785	0.989755	-0.602296	0.797387	0.037588	-0.793457	-0.592835	-0.137741
25226	9.623193	0.434062	-1.218523	0.055681	-0.109406	-0.019091	-0.088279	-0.113609	0.989596	-0.602754	0.797035	0.037733	-0.793029	-0.593151	-0.138840
25227	9.694544	0.481435	-1.352690	0.058728	-0.112534	-0.013020	-0.089084	-0.114408	0.989432	-0.603197	0.796695	0.037812	-0.792602	-0.593454	-0.139983
25228	9.695768	0.555083	-1.363910	0.035726	-0.119724	-0.009757	-0.089951	-0.115219	0.989259	-0.603488	0.796471	0.037892	-0.792282	-0.593597	-0.141177
25229	9.644220	0.557962	-1.423607	0.008146	-0.123761	-0.012530	-0.090830	-0.116085	0.989077	-0.603539	0.796425	0.038049	-0.792143	-0.593491	-0.142401
25230	9.641541	0.510137	-1.387217	-0.014869	-0.130950	-0.010763	-0.091780	-0.116971	0.988885	-0.603430	0.796500	0.038209	-0.792117	-0.593216	-0.143686
25231	9.687526	0.485304	-1.400734	-0.011753	-0.124898	-0.015364	-0.092596	-0.117893	0.988700	-0.603421	0.796495	0.038462	-0.792029	-0.593040	-0.144891
25232	9.706645	0.413039	-1.438075	-0.004163	-0.125039	-0.018509	-0.093451	-0.118806	0.988510	-0.603404	0.796497	0.038684	-0.791941	-0.592856	-0.146121
25233	9.677932	0.366851	-1.473737	0.017409	-0.116301	-0.015715	-0.094201	-0.119633	0.988339	-0.603472	0.796435	0.038885	-0.791800	-0.592772	-0.147220
25234	9.627419	0.369931	-1.483463	0.034285	-0.110516	-0.017457	-0.094947	-0.120450	0.988168	-0.603759	0.796210	0.039040	-0.791492	-0.592909	-0.148321
25235	9.651292	0.419112	-1.518949	0.048088	-0.104669	-0.020692	-0.095509	-0.121264	0.988015	-0.604131	0.795916	0.039287	-0.791141	-0.593138	-0.149277
25236	9.673108	0.395006	-1.529826	0.055801	-0.100237	-0.020796	-0.096153	-0.122048	0.987856	-0.604592	0.795558	0.039442	-0.790711	-0.593457	-0.150284
25237	9.646531	0.421469	-1.587789	0.063451	-0.100383	-0.019384	-0.096759	-0.122814	0.987702	-0.605042	0.795208	0.039606	-0.790292	-0.593769	-0.151251
25238	9.645659	0.422218	-1.573113	0.062035	-0.095780	-0.017830	-0.097384	-0.123548	0.987549	-0.605549	0.794816	0.039721	-0.789827	-0.594141	-0.152217
25239	9.695607	0.494516	-1.583882	0.057524	-0.089590	-0.020806	-0.097925	-0.124285	0.987403	-0.606021	0.794448	0.039896	-0.789398	-0.594479	-0.153115
25240	9.719384	0.519072	-1.593588	0.053001	-0.087981	-0.019204	-0.098479	-0.124984	0.987259	-0.606457	0.794108	0.040038	-0.788994	-0.594787	-0.154000
25241	9.693616	0.545440	-1.625649	0.036360	-0.081570	-0.017397	-0.098989	-0.125687	0.987119	-0.606881	0.793775	0.040210	-0.788604	-0.595083	-0.154852
25242	9.643379	0.499492	-1.582986	0.021215	-0.078238	-0.014083	-0.099497	-0.126288	0.986991	-0.607062	0.793630	0.040350	-0.788401	-0.595150	-0.155628
25243	9.666467	0.499801	-1.591344	0.016641	-0.075104	-0.017055	-0.099903	-0.126929	0.986868	-0.607265	0.793463	0.040579	-0.788193	-0.595236	-0.156349
25244	9.664288	0.428031	-1.549863	0.024212	-0.076769	-0.018717	-0.100371	-0.127558	0.986739	-0.607474	0.793293	0.040759	-0.787973	-0.595327	-0.157111
25245	9.663074	0.429441	-1.557027	0.027401	-0.069196	-0.018780	-0.100738	-0.128151	0.986625	-0.607683	0.793122	0.040971	-0.787765	-0.595428	-0.157773
25246	9.663697	0.455231	-1.539608	0.041073	-0.070971	-0.020561	-0.101148	-0.128760	0.986504	-0.608026	0.792850	0.041142	-0.787447	-0.595659	-0.158485
25247	9.686991	0.431270	-1.522949	0.030509	-0.067726	-0.017308	-0.101519	-0.129390	0.986383	-0.608422	0.792536	0.041343	-0.787094	-0.595940	-0.159181
25248	9.638953	0.458608	-1.503399	0.027488	-0.067671	-0.015723	-0.101932	-0.129941	0.986268	-0.608654	0.792350	0.041487	-0.786861	-0.596067	-0.159855
25249	9.637777	0.484151	-1.534333	0.013814	-0.064375	-0.015456	-0.102288	-0.130494	0.986159	-0.608794	0.792233	0.041686	-0.786707	-0.596103	-0.160480
25250	9.684618	0.459408	-1.542406	0.009234	-0.062770	-0.016892	-0.102655	-0.131025	0.986050	-0.608883	0.792154	0.041871	-0.786590	-0.596091	-0.161098
25251	9.681414	0.485060	-1.621800	0.010791	-0.062796	-0.015397	-0.102972	-0.131542	0.985948	-0.608927	0.792109	0.042084	-0.786514	-0.596037	-0.161665
25252	9.655487	0.560241	-1.700080	-0.005844	-0.057920	-0.012006	-0.103330	-0.132006	0.985849	-0.608893	0.792126	0.042246	-0.786493	-0.595911	-0.162228
25253	9.582159	0.588509	-1.702568	-0.022590	-0.057625	-0.010127	-0.103726	-0.132477	0.985744	-0.608738	0.792237	0.042416	-0.786562	-0.595660	-0.162819
25254	9.581138	0.590172	-1.707730	-0.043957	-0.054204	-0.012729	-0.104051	-0.132925	0.985649	-0.608405	0.792480	0.042647	-0.786776	-0.595236	-0.163330
25255	9.576363	0.543207	-1.761132	-0.052990	-0.050991	-0.009484	-0.104220	-0.133391	0.985568	-0.608133	0.792671	0.042976	-0.786964	-0.594878	-0.163732
25256	9.600056	0.519955	-1.742108	-0.060570	-0.046282	-0.010848	-0.104494	-0.133776	0.985487	-0.607667	0.793015	0.043216	-0.787287	-0.594333	-0.164157
25257	9.672432	0.519324	-1.748921	-0.052666	-0.034206	-0.007976	-0.104713	-0.134086	0.985422	-0.607249	0.793325	0.043420	-0.787581	-0.593849	-0.164495
25258	9.764480	0.468573	-1.828801	-0.040126	-0.020682	-0.003680	-0.104829	-0.134262	0.985386	-0.606936	0.793556	0.043556	-0.787807	-0.593500	-0.164676
25259	9.836555	0.540017	-1.906653	-0.029129	-0.010185	0.002179	-0.104874	-0.134354	0.985368	-0.606714	0.793721	0.043649	-0.787972	-0.593259	-0.164755
25260	9.815745	0.614369	-1.881343	-0.038011	0.003706	0.003906	-0.104844	-0.134325	0.985375	-0.606410	0.793950	0.043708	-0.788210	-0.592959	-0.164697
25261	9.648070	0.669363	-1.848252	-0.059165	0.011701	0.007435	-0.104734	-0.134250	0.985397	-0.605952	0.794294	0.043810	-0.788577	-0.592515	-0.164538
25262	9.575708	0.623734	-1.794555	-0.079070	0.013572	0.003302	-0.104622	-0.134167	0.985420	-0.605324	0.794765	0.043942	-0.789073	-0.591902	-0.164365
25263	9.502520	0.553729	-1.740753	-0.080433	0.015115	0.009440	-0.104544	-0.134014	0.985450	-0.604569	0.795336	0.044023	-0.789663	-0.591169	-0.164168
25264	9.554222	0.503203	-1.643638	-0.066671	0.014875	0.010661	-0.104467	-0.133865	0.985478	-0.604031	0.795742	0.044061	-0.790085	-0.590656	-0.163987
25265	9.650765	0.401963	-1.597865	-0.037751	0.012851	0.008490	-0.104409	-0.133701	0.985506	-0.603523	0.796127	0.044068	-0.790480	-0.590175	-0.163815
25266	9.699561	0.424173	-1.622868	-0.013193	0.015470	0.012532	-0.104339	-0.133534	0.985536	-0.603405	0.796220	0.044000	-0.790579	-0.590087	-0.163652
25267	9.654951	0.473452	-1.570291	0.006569	0.015133	0.009043	-0.104102	-0.133448	0.985573	-0.603511	0.796137	0.044052	-0.790530	-0.590218	-0.163417
25268	9.585753	0.547832	-1.541035	0.005177	0.015146	0.015180	-0.104050	-0.133262	0.985604	-0.603536	0.796125	0.043928	-0.790518	-0.590276	-0.163265
25269	9.585221	0.521857	-1.539632	0.011305	0.016565	0.015049	-0.104023	-0.133074	0.985632	-0.603550	0.796122	0.043789	-0.790510	-0.590323	-0.163132
25270	9.559217	0.496913	-1.561704	0.006615	0.012070	0.013616	-0.103986	-0.132918	0.985657	-0.603588	0.796099	0.043678	-0.790487	-0.590388	-0.163011
25271	9.631556	0.493015	-1.588085	0.008167	0.013569	0.013585	-0.103905	-0.132763	0.985686	-0.603588	0.796104	0.043601	-0.790497	-0.590418	-0.162853
25272	9.681631	0.489731	-1.564618	0.009666	0.012016	0.013550	-0.103867	-0.132608	0.985711	-0.603649	0.796063	0.043486	-0.790455	-0.590507	-0.162734
25273	9.656437	0.489134	-1.587003	0.014220	0.008880	0.014973	-0.103798	-0.132470	0.985737	-0.603695	0.796033	0.043407	-0.790429	-0.590579	-0.162598
25274	9.634796	0.586057	-1.608932	0.009781	0.016591	0.015081	-0.103734	-0.132276	0.985770	-0.603756	0.795993	0.043277	-0.790391	-0.590675	-0.162434
25275	9.588463	0.586228	-1.556579	-0.011661	0.013926	0.014011	-0.103668	-0.132147	0.985794	-0.603681	0.796053	0.043227	-0.790457	-0.590624	-0.162300
25276	9.636470	0.583217	-1.581745	-0.026838	0.011136	0.020437	-0.103679	-0.131942	0.985820	-0.603447	0.796238	0.043104	-0.790634	-0.590421	-0.162173
25277	9.636802	0.581965	-1.580180	-0.037502	0.017443	0.016096	-0.103603	-0.131744	0.985855	-0.603080	0.796517	0.043065	-0.790924	-0.590088	-0.161974
25278	9.609936	0.533117	-1.602073	-0.043650	0.011442	0.019268	-0.103604	-0.131547	0.985881	-0.602714	0.796799	0.042980	-0.791203	-0.589752	-0.161837
25279	9.634771	0.506677	-1.577189	-0.042077	0.017526	0.016196	-0.103512	-0.131366	0.985915	-0.602355	0.797071	0.042962	-0.791488	-0.589424	-0.161636
25280	9.659393	0.529191	-1.600613	-0.040456	0.017485	0.020741	-0.103474	-0.131121	0.985951	-0.602013	0.797336	0.042857	-0.791754	-0.589121	-0.161441
25281	9.638223	0.577325	-1.573198	-0.043531	0.014484	0.022325	-0.103408	-0.130915	0.985986	-0.601652	0.797611	0.042804	-0.792037	-0.588794	-0.161244
25282	9.588957	0.553242	-1.569387	-0.049515	0.019170	0.023990	-0.103375	-0.130635	0.986026	-0.601234	0.797932	0.042682	-0.792358	-0.588420	-0.161029
25283	9.639061	0.574311	-1.569164	-0.052565	0.019226	0.024054	-0.103312	-0.130367	0.986069	-0.600744	0.798306	0.042602	-0.792738	-0.587973	-0.160791
25284	9.612381	0.500555	-1.566262	-0.064678	0.022501	0.025844	-0.103264	-0.130053	0.986115	-0.600203	0.798718	0.042486	-0.793154	-0.587482	-0.160537
25285	9.681152	0.423498	-1.616337	-0.058664	0.017808	0.025703	-0.103190	-0.129798	0.986156	-0.599708	0.799094	0.042424	-0.793538	-0.587028	-0.160299
25286	9.705035	0.396566	-1.615285	-0.049396	0.023737	0.025536	-0.103130	-0.129479	0.986205	-0.599288	0.799416	0.042286	-0.793862	-0.586660	-0.160039
25287	9.684160	0.370247	-1.514525	-0.034110	0.021905	0.028268	-0.102999	-0.129163	0.986260	-0.598939	0.799683	0.042179	-0.794144	-0.586365	-0.159727
25288	9.613407	0.370288	-1.460764	-0.020471	0.017063	0.027969	-0.103006	-0.128864	0.986298	-0.598746	0.799838	0.041971	-0.794288	-0.586219	-0.159545
25289	9.640145	0.341717	-1.386966	-0.002108	0.019760	0.027609	-0.103018	-0.128577	0.986334	-0.598691	0.799891	0.041742	-0.794327	-0.586210	-0.159381
25290	9.633808	0.359338	-0.968776	0.064026	0.030612	0.041589	-0.102999	-0.128089	0.986400	-0.599156	0.799568	0.041264	-0.793979	-0.586757	-0.159100
25291	9.691776	0.275134	-0.675594	0.153344	0.037865	0.073415	-0.103119	-0.127329	0.986486	-0.600293	0.798762	0.040349	-0.793105	-0.588019	-0.158803
25292	9.610194	-0.223625	0.233866	0.351424	0.082659	0.086445	-0.102960	-0.126177	0.986650	-0.602986	0.796799	0.038974	-0.791079	-0.590924	-0.158121
25293	8.880012	-0.102208	-0.436339	0.559404	0.110413	0.076382	-0.102503	-0.124948	0.986854	-0.607300	0.793592	0.037399	-0.787833	-0.595483	-0.157226
25294	8.452318	-0.239600	-0.609109	0.494356	0.015564	0.051782	-0.102671	-0.124469	0.986897	-0.611133	0.790702	0.036146	-0.784841	-0.599414	-0.157249
25295	9.136555	-0.396171	-0.441573	0.521685	-0.120958	0.036516	-0.103933	-0.124901	0.986710	-0.615085	0.787687	0.034919	-0.781581	-0.603282	-0.158692
25296	9.808915	0.031020	-0.609267	0.533621	-0.203687	0.035301	-0.105714	-0.125881	0.986397	-0.619209	0.784501	0.033753	-0.778078	-0.607217	-0.160879
25297	9.717816	0.438553	-0.880667	0.457671	-0.260038	0.038887	-0.107933	-0.127158	0.985993	-0.622651	0.781817	0.032668	-0.775020	-0.610404	-0.163559
25298	9.604073	0.919134	-1.160309	0.302435	-0.304004	0.035090	-0.110479	-0.128767	0.985502	-0.624953	0.780012	0.031857	-0.772806	-0.612372	-0.166648
25299	9.677749	1.078965	-1.273886	0.120096	-0.330535	0.031983	-0.113165	-0.130601	0.984955	-0.625920	0.779254	0.031412	-0.771633	-0.612949	-0.169930
25300	9.727094	0.847105	-1.499698	0.016089	-0.341922	0.034699	-0.115994	-0.132450	0.984379	-0.626004	0.779200	0.031078	-0.771145	-0.612621	-0.173297
25301	9.822411	0.588435	-1.727903	-0.023240	-0.348424	0.054155	-0.118958	-0.134201	0.983788	-0.625788	0.779391	0.030650	-0.770868	-0.611997	-0.176696
25302	9.899883	0.344729	-1.395071	-0.000481	-0.371688	0.067587	-0.122219	-0.135972	0.983145	-0.625703	0.779484	0.030021	-0.770427	-0.611487	-0.180346
25303	9.817298	0.422143	-1.162056	0.047599	-0.410953	0.071276	-0.125742	-0.137958	0.982424	-0.625977	0.779291	0.029314	-0.769638	-0.611288	-0.184348
25304	9.673255	0.567556	-1.199602	0.084812	-0.456114	0.073783	-0.129686	-0.140196	0.981594	-0.626535	0.778874	0.028466	-0.768528	-0.611311	-0.188846
25305	9.535784	0.704918	-1.484740	0.076705	-0.481873	0.077506	-0.133834	-0.142610	0.980689	-0.627125	0.778429	0.027614	-0.767335	-0.611319	-0.193614
25306	9.380110	1.071768	-1.480492	0.040611	-0.470244	0.084796	-0.137947	-0.144847	0.979791	-0.627322	0.778301	0.026738	-0.766445	-0.610956	-0.198230
25307	9.354517	1.402495	-1.677978	-0.061140	-0.444882	0.083829	-0.141887	-0.146952	0.978914	-0.626773	0.778766	0.026060	-0.766174	-0.609860	-0.202602
25308	9.484994	1.448801	-2.169994	-0.199733	-0.402950	0.105762	-0.145612	-0.148605	0.978117	-0.625091	0.780136	0.025469	-0.766849	-0.607704	-0.206489
25309	9.533589	0.890493	-2.636694	-0.302124	-0.377214	0.125150	-0.149247	-0.149940	0.977365	-0.622571	0.782166	0.024925	-0.768200	-0.604759	-0.210084
25310	9.391605	0.322603	-2.988880	-0.287837	-0.363840	0.128959	-0.152820	-0.151149	0.976627	-0.620164	0.784095	0.024310	-0.769443	-0.601954	-0.213563
25311	9.472204	0.021375	-2.927530	-0.171647	-0.360868	0.128072	-0.156281	-0.152394	0.975885	-0.618719	0.785259	0.023543	-0.769911	-0.600120	-0.217010
25312	9.637174	-0.117597	-2.853876	0.001380	-0.350310	0.128700	-0.159748	-0.153509	0.975149	-0.618528	0.785446	0.022319	-0.769353	-0.599591	-0.220422
25313	9.797784	-0.185031	-2.633124	0.158299	-0.327118	0.135829	-0.163025	-0.154535	0.974444	-0.619691	0.784571	0.020749	-0.767728	-0.600472	-0.223668
25314	9.624725	-0.212381	-2.352412	0.283177	-0.328967	0.156861	-0.166494	-0.155308	0.973735	-0.621605	0.783109	0.018618	-0.765432	-0.602179	-0.226923
25315	9.571620	-0.249671	-2.109333	0.353501	-0.359944	0.173356	-0.170352	-0.156166	0.972930	-0.624025	0.781238	0.016136	-0.762609	-0.604384	-0.230537
25316	9.684066	-0.156055	-2.013057	0.435074	-0.377535	0.192044	-0.174401	-0.156979	0.972081	-0.627007	0.778900	0.013292	-0.759241	-0.607183	-0.234268
25317	9.644813	0.277915	-2.157300	0.530821	-0.366732	0.201723	-0.178435	-0.157658	0.971239	-0.630631	0.776017	0.010109	-0.755292	-0.610690	-0.237892
25318	9.365154	0.772854	-2.301769	0.552291	-0.341336	0.213818	-0.182333	-0.158116	0.970440	-0.634408	0.772969	0.006745	-0.751187	-0.614425	-0.241248
25319	9.245592	1.131736	-2.486665	0.511043	-0.324441	0.229813	-0.186202	-0.158353	0.969666	-0.637769	0.770220	0.003313	-0.747382	-0.617807	-0.244409
25320	9.144827	1.214056	-2.760971	0.420520	-0.317947	0.246093	-0.190120	-0.158452	0.968890	-0.640445	0.768004	-0.000072	-0.744100	-0.620534	-0.247493
25321	9.354068	0.961587	-2.910987	0.365371	-0.317010	0.268027	-0.194163	-0.158492	0.968081	-0.642772	0.766049	-0.003501	-0.741043	-0.622936	-0.250612
25322	9.289331	0.677425	-3.046092	0.394163	-0.305628	0.279657	-0.198197	-0.158284	0.967297	-0.645142	0.764029	-0.007166	-0.737909	-0.625464	-0.253544
25323	9.154447	0.386423	-2.946751	0.453033	-0.309241	0.291194	-0.202337	-0.158087	0.966472	-0.647945	0.761606	-0.011074	-0.734320	-0.628462	-0.256533
25324	9.042957	0.363034	-2.839960	0.517751	-0.314827	0.299267	-0.206560	-0.157819	0.965622	-0.651129	0.758814	-0.015266	-0.730318	-0.631898	-0.259501
25325	8.958543	0.505122	-2.475582	0.527458	-0.313678	0.304772	-0.210809	-0.157544	0.964748	-0.654320	0.755965	-0.019527	-0.726240	-0.635371	-0.262449
25326	9.030574	0.697311	-2.286890	0.526644	-0.311990	0.312533	-0.215092	-0.157197	0.963859	-0.657472	0.753100	-0.023896	-0.722126	-0.638851	-0.265339
25327	9.084779	0.658006	-2.252613	0.472530	-0.298745	0.317603	-0.219278	-0.156752	0.962988	-0.660141	0.750615	-0.028135	-0.718423	-0.641877	-0.268071
25328	9.352930	0.525791	-2.218186	0.470578	-0.286294	0.323455	-0.223442	-0.156193	0.962121	-0.662801	0.748091	-0.032481	-0.714681	-0.644952	-0.270680
25329	9.479964	0.645639	-2.479402	0.511292	-0.264745	0.339440	-0.227581	-0.155478	0.961267	-0.665745	0.745257	-0.037076	-0.710627	-0.648396	-0.273115
25330	9.505829	0.799835	-2.455876	0.518452	-0.264731	0.351274	-0.231774	-0.154609	0.960405	-0.668617	0.742429	-0.041838	-0.706564	-0.651840	-0.275450
25331	9.406804	1.087581	-2.226875	0.453923	-0.265223	0.368771	-0.236033	-0.153777	0.959501	-0.671075	0.739931	-0.046494	-0.702814	-0.654871	-0.277843
25332	9.175648	0.907484	-1.707253	0.299793	-0.275946	0.386367	-0.240537	-0.152753	0.958545	-0.672262	0.738555	-0.051001	-0.700147	-0.656661	-0.280339
25333	9.303811	0.223980	-1.197304	0.187501	-0.302645	0.401625	-0.245295	-0.151966	0.957464	-0.672733	0.737820	-0.055244	-0.698041	-0.657668	-0.283216
25334	9.717853	-0.500134	-1.182081	0.114496	-0.318921	0.420941	-0.250323	-0.150982	0.956317	-0.672493	0.737702	-0.059563	-0.696485	-0.658027	-0.286198
25335	9.831534	-1.435447	-1.120507	0.094974	-0.326004	0.412314	-0.255341	-0.150148	0.955121	-0.672097	0.737717	-0.063706	-0.695044	-0.658201	-0.289284
25336	9.470200	-2.412495	-1.870337	0.043049	-0.397513	0.396239	-0.260736	-0.149864	0.953707	-0.671380	0.738026	-0.067578	-0.693733	-0.657920	-0.293045
25337	9.657264	-3.227109	-2.396740	0.002058	-0.476277	0.372038	-0.266534	-0.150368	0.952024	-0.670493	0.738504	-0.071072	-0.692386	-0.657268	-0.297657
25338	9.747972	-2.466695	-2.318718	0.007734	-0.491640	0.326351	-0.272095	-0.151210	0.950316	-0.669674	0.738943	-0.074164	-0.691015	-0.656581	-0.302325
25339	9.458071	-1.717062	-2.563968	-0.116204	-0.469412	0.299928	-0.277340	-0.152169	0.948645	-0.668120	0.740099	-0.076611	-0.690433	-0.655056	-0.306926
25340	9.143494	-1.559293	-2.867984	-0.245951	-0.462677	0.289075	-0.282437	-0.153075	0.946994	-0.665620	0.742145	-0.078556	-0.690782	-0.652525	-0.311499
25341	9.006349	-1.024345	-3.191969	-0.303694	-0.485390	0.280731	-0.287561	-0.154164	0.945274	-0.662727	0.744556	-0.080179	-0.691448	-0.649515	-0.316274
25342	9.501403	-0.882666	-3.438765	-0.324076	-0.502271	0.257649	-0.292713	-0.155520	0.943468	-0.659745	0.747052	-0.081544	-0.692138	-0.646318	-0.321276
25343	10.095782	-0.925347	-3.670597	-0.265732	-0.482142	0.226064	-0.297546	-0.156982	0.941713	-0.657254	0.749108	-0.082793	-0.692448	-0.643579	-0.326071
25344	10.085397	-1.079835	-4.287312	-0.143062	-0.448953	0.211465	-0.302016	-0.158306	0.940067	-0.655637	0.750358	-0.084278	-0.692045	-0.641796	-0.330412
25345	9.905530	-0.667122	-4.456113	-0.031097	-0.420978	0.201073	-0.306068	-0.159771	0.938507	-0.655017	0.750725	-0.085813	-0.690850	-0.641003	-0.334426
25346	9.515588	-0.103149	-4.430982	-0.092697	-0.383094	0.189211	-0.309926	-0.160827	0.937060	-0.653803	0.751619	-0.087241	-0.690281	-0.639690	-0.338095
25347	9.051859	-0.381747	-4.112276	-0.278774	-0.352189	0.185753	-0.313542	-0.161752	0.935697	-0.651335	0.753674	-0.087969	-0.690981	-0.637034	-0.341663
25348	9.062436	-1.053368	-3.874159	-0.392795	-0.326735	0.182379	-0.316961	-0.162475	0.934418	-0.648051	0.756462	-0.088291	-0.692507	-0.633536	-0.345061
25349	9.346053	-1.499204	-3.722445	-0.412570	-0.310352	0.173279	-0.320202	-0.163183	0.933189	-0.644631	0.759366	-0.088403	-0.694206	-0.629869	-0.348343
25350	9.508984	-1.584285	-3.593952	-0.370948	-0.306215	0.169809	-0.323396	-0.163840	0.931972	-0.641515	0.761970	-0.088654	-0.695610	-0.626544	-0.351524
25351	9.711443	-1.434364	-3.263452	-0.328763	-0.302440	0.158494	-0.326626	-0.164473	0.930733	-0.638626	0.764348	-0.089045	-0.696759	-0.623474	-0.354693
25352	9.590097	-1.068757	-2.963351	-0.251353	-0.315482	0.143453	-0.329715	-0.165364	0.929485	-0.636412	0.766145	-0.089449	-0.697329	-0.621028	-0.357849
25353	9.286918	-0.769559	-2.332710	-0.238398	-0.338913	0.125835	-0.332828	-0.166716	0.928133	-0.634457	0.767747	-0.089610	-0.697632	-0.618685	-0.361302
25354	8.797345	-1.101015	-2.123466	-0.271006	-0.374067	0.109704	-0.336108	-0.168207	0.926681	-0.632208	0.769600	-0.089608	-0.698101	-0.615973	-0.365011
25355	8.688049	-1.533629	-1.860296	-0.210481	-0.425911	0.096189	-0.339667	-0.170266	0.925006	-0.630526	0.770977	-0.089619	-0.697899	-0.613681	-0.369233
25356	8.779419	-1.897033	-1.862023	-0.137879	-0.483347	0.084205	-0.343544	-0.172603	0.923139	-0.629287	0.771962	-0.089850	-0.697120	-0.611787	-0.373820
25357	8.729495	-2.041417	-1.866263	-0.034680	-0.547890	0.074385	-0.347785	-0.175443	0.921013	-0.628806	0.772297	-0.090330	-0.695448	-0.610554	-0.378914
25358	8.700822	-1.783023	-1.492837	0.037308	-0.613518	0.051563	-0.352344	-0.178815	0.918629	-0.628895	0.772157	-0.090912	-0.693069	-0.609754	-0.384520
25359	8.790610	-1.303082	-1.498046	0.107185	-0.673913	0.044145	-0.357376	-0.182578	0.915941	-0.629467	0.771585	-0.091799	-0.689966	-0.609362	-0.390673
25360	8.638283	-0.986408	-1.532395	0.100008	-0.739148	0.030666	-0.362632	-0.186869	0.913005	-0.630056	0.771028	-0.092439	-0.686678	-0.608766	-0.397338
25361	8.728675	-0.927190	-1.812441	0.081880	-0.820339	0.025666	-0.368506	-0.191657	0.909654	-0.630550	0.770545	-0.093092	-0.683088	-0.607888	-0.404800
25362	9.231521	-0.637014	-2.142482	0.068045	-0.899082	0.017017	-0.374713	-0.197011	0.905967	-0.630962	0.770160	-0.093490	-0.679321	-0.606663	-0.412896
25363	9.738501	-0.696422	-2.499450	0.008853	-0.948989	0.020643	-0.381367	-0.202652	0.901937	-0.630987	0.770106	-0.093769	-0.675585	-0.604871	-0.421564
25364	10.114625	-0.477897	-2.766338	-0.030418	-0.996128	0.021331	-0.388189	-0.208528	0.897678	-0.630712	0.770328	-0.093798	-0.671947	-0.602587	-0.430553
25365	10.199324	-0.241660	-2.817014	-0.107395	-1.032487	0.023392	-0.395272	-0.214635	0.893136	-0.629983	0.770956	-0.093537	-0.668492	-0.599633	-0.439953
25366	10.071889	-0.439722	-3.320885	-0.165159	-1.064645	0.017800	-0.402460	-0.220888	0.888389	-0.628823	0.771976	-0.092927	-0.665288	-0.596039	-0.449589
25367	9.962986	-0.912049	-3.823188	-0.164676	-1.082786	0.018888	-0.409875	-0.227240	0.883382	-0.627738	0.772917	-0.092436	-0.661776	-0.592420	-0.459446
25368	10.103560	-0.883189	-4.162034	-0.141708	-1.104850	0.008275	-0.417194	-0.233727	0.878249	-0.626781	0.773767	-0.091819	-0.658099	-0.588776	-0.469307
25369	10.426506	-0.524684	-4.175724	-0.115405	-1.125683	-0.001578	-0.424825	-0.240488	0.872748	-0.626106	0.774364	-0.091389	-0.653847	-0.585257	-0.479540
25370	10.692261	-0.339970	-4.061027	-0.184886	-1.137514	-0.018420	-0.432103	-0.247291	0.867257	-0.624993	0.775390	-0.090301	-0.650132	-0.581049	-0.489603
25371	10.800893	-0.337846	-4.063250	-0.246850	-1.143934	-0.038123	-0.439479	-0.254246	0.861520	-0.623603	0.776669	-0.088907	-0.646512	-0.576319	-0.499878
25372	10.746515	-0.529133	-3.802620	-0.289300	-1.144410	-0.063255	-0.446442	-0.261330	0.855802	-0.622032	0.778158	-0.086872	-0.643247	-0.571119	-0.509958
25373	10.724011	-0.620340	-3.772470	-0.282101	-1.160503	-0.105896	-0.453389	-0.268881	0.849789	-0.620817	0.779374	-0.084624	-0.639550	-0.565931	-0.520286
25374	10.854029	-0.542882	-3.363646	-0.266032	-1.195740	-0.135786	-0.460149	-0.276702	0.843622	-0.619756	0.780494	-0.082046	-0.635740	-0.560594	-0.530631
25375	11.149893	-0.558579	-2.194266	-0.279357	-1.241444	-0.166733	-0.467256	-0.285038	0.836914	-0.618831	0.781508	-0.079330	-0.631443	-0.554975	-0.541555
25376	11.354055	-0.883255	-1.569307	-0.248925	-1.313173	-0.209954	-0.474196	-0.293957	0.829896	-0.618268	0.782266	-0.076188	-0.626803	-0.549227	-0.552692
25377	11.358910	-1.625919	-0.972202	-0.170750	-1.392903	-0.234568	-0.481605	-0.303494	0.822160	-0.618434	0.782397	-0.073450	-0.620964	-0.543826	-0.564497
25378	11.231175	-1.877959	-0.099621	-0.085226	-1.496801	-0.248100	-0.489292	-0.313562	0.813801	-0.619128	0.782082	-0.070906	-0.614226	-0.538541	-0.576802
25379	11.351503	-1.955140	1.056382	-0.098606	-1.618030	-0.268215	-0.497572	-0.324358	0.804496	-0.619995	0.781625	-0.068324	-0.606653	-0.532780	-0.590015
25380	12.008696	-2.493819	2.597446	-0.266023	-1.778825	-0.298770	-0.506425	-0.336127	0.794073	-0.619908	0.782034	-0.064319	-0.599373	-0.524825	-0.604410
25381	13.390238	-2.540985	4.333913	-0.385927	-1.951448	-0.343350	-0.516114	-0.349068	0.782162	-0.619507	0.782736	-0.059460	-0.591471	-0.515243	-0.620231
25382	14.653444	-1.959248	5.692329	-0.466463	-2.131062	-0.364243	-0.526355	-0.362809	0.768973	-0.618683	0.783805	-0.053676	-0.583251	-0.504004	-0.637023
25383	14.821172	-1.474434	5.844569	-0.530611	-2.304881	-0.352659	-0.537645	-0.377037	0.754175	-0.617622	0.785019	-0.047841	-0.574004	-0.491517	-0.654928
25384	14.084112	-1.016045	5.361622	-0.547766	-2.527891	-0.309993	-0.550092	-0.391748	0.737518	-0.616211	0.786468	-0.041864	-0.563634	-0.477495	-0.674029
25385	13.616597	0.331668	3.577582	-0.498466	-2.834701	-0.248837	-0.564471	-0.407049	0.718111	-0.615031	0.787635	-0.036988	-0.550554	-0.462539	-0.694945
25386	13.769479	1.223009	2.836232	-0.492594	-3.110210	-0.203513	-0.580095	-0.422806	0.696222	-0.613540	0.789013	-0.032047	-0.535779	-0.445750	-0.717111
25387	13.616782	2.005008	1.949836	-0.432110	-3.241259	-0.181249	-0.595988	-0.438433	0.672737	-0.612573	0.789922	-0.027884	-0.519185	-0.428719	-0.739356
25388	13.669105	3.470514	-1.867375	-0.300661	-3.225731	-0.131411	-0.611628	-0.453058	0.648576	-0.611852	0.790585	-0.024739	-0.501546	-0.411964	-0.760748
25389	13.599097	4.862793	-4.307207	-0.888568	-3.110520	-0.034306	-0.626605	-0.465805	0.624814	-0.607923	0.793794	-0.017885	-0.487643	-0.391046	-0.780569
25390	14.210876	2.901423	-4.368450	-1.611314	-2.882892	0.028094	-0.640691	-0.476500	0.602048	-0.599978	0.799999	-0.005316	-0.479105	-0.364622	-0.798442
25391	14.454551	1.631977	-5.113581	-1.880952	-2.510612	0.054699	-0.652731	-0.484928	0.582054	-0.590939	0.806662	0.009361	-0.474060	-0.337849	-0.813096
25392	13.998533	0.867623	-5.111564	-1.824860	-2.091475	0.122831	-0.663315	-0.490764	0.564946	-0.581530	0.813182	0.023619	-0.470995	-0.312866	-0.824790
25393	11.407083	0.645612	-12.008943	-1.498989	-1.926954	0.169974	-0.673053	-0.495275	0.549275	-0.573665	0.818344	0.034952	-0.466806	-0.291575	-0.834910
25394	9.236061	-2.338295	-10.274729	-2.234497	-1.762541	0.078509	-0.681715	-0.499557	0.534517	-0.562717	0.824930	0.053295	-0.467563	-0.264450	-0.843476
25395	9.084872	-4.947217	-9.164879	-1.754438	-1.334882	-0.080263	-0.687226	-0.503700	0.523457	-0.555367	0.828789	0.068389	-0.468283	-0.243711	-0.849303
25396	11.610684	-6.669674	-8.243919	-0.441993	-0.917592	0.014972	-0.691569	-0.505801	0.515653	-0.553226	0.829906	0.072089	-0.464406	-0.235418	-0.853760
25397	12.334198	-7.923409	-7.130925	1.215138	-0.424566	0.185122	-0.694244	-0.505387	0.512454	-0.557871	0.827717	0.060531	-0.454759	-0.243860	-0.856578
25398	11.308697	-5.351190	-8.479382	2.822691	0.053445	0.328097	-0.695833	-0.502570	0.513069	-0.568233	0.822137	0.034667	-0.439236	-0.267420	-0.857647
25399	9.922602	-0.395827	-8.498443	3.594130	0.560244	0.439542	-0.695615	-0.497495	0.518284	-0.581050	0.813867	0.001366	-0.422494	-0.300198	-0.855208
25400	9.049046	3.765275	-8.205876	3.428057	1.103819	0.520252	-0.694051	-0.489810	0.527617	-0.591730	0.805557	-0.030554	-0.410059	-0.333413	-0.848933
25401	8.839540	6.571199	-7.444869	2.544358	1.691573	0.541343	-0.690036	-0.479680	0.541995	-0.598765	0.799023	-0.055155	-0.406610	-0.362586	-0.838570
25402	8.195565	7.630728	-6.640889	1.200622	2.302358	0.475001	-0.683403	-0.467329	0.560860	-0.600460	0.796779	-0.067749	-0.415221	-0.383074	-0.825134
25403	7.720860	7.696942	-6.739789	-0.112093	2.817551	0.394800	-0.673469	-0.453282	0.583930	-0.597678	0.798736	-0.069298	-0.434994	-0.395672	-0.808841
25404	6.823119	6.965427	-7.086369	-1.390925	3.197139	0.235057	-0.660463	-0.438719	0.609355	-0.589877	0.805294	-0.059561	-0.464579	-0.398782	-0.790657
25405	7.051116	4.319520	-8.065867	-2.277088	3.558565	0.011981	-0.643041	-0.424517	0.637404	-0.579150	0.814136	-0.042050	-0.501082	-0.396192	-0.769382
25406	6.991399	1.659279	-8.521157	-2.599062	3.878311	-0.064661	-0.622449	-0.409801	0.666798	-0.566044	0.824084	-0.021930	-0.540510	-0.391087	-0.744916
25407	5.562222	-1.610035	-8.284523	-2.367603	4.192661	-0.195663	-0.597571	-0.395074	0.697729	-0.554308	0.832304	-0.003464	-0.579354	-0.388827	-0.716354
25408	5.447697	-4.031217	-8.746998	-1.591512	4.439649	-0.273539	-0.569550	-0.380029	0.728828	-0.546429	0.837450	0.009655	-0.614026	-0.392754	-0.684629
25409	5.449387	-5.279647	-8.706677	-0.435418	4.680531	-0.297307	-0.538221	-0.363761	0.760261	-0.545670	0.837873	0.014593	-0.642310	-0.406997	-0.649454
25410	4.869903	-4.599758	-8.684932	0.741612	4.924164	-0.264573	-0.504582	-0.345368	0.791276	-0.551915	0.833814	0.011989	-0.663918	-0.430668	-0.611341
25411	5.051150	-3.166672	-8.478218	1.696906	5.128993	-0.194698	-0.468747	-0.323984	0.821773	-0.564595	0.825361	0.003348	-0.679344	-0.462399	-0.569806
25412	5.424135	-1.261356	-8.459005	2.430330	5.360913	-0.123542	-0.431315	-0.299241	0.851130	-0.581809	0.813277	-0.008903	-0.689540	-0.499035	-0.524879
25413	5.968492	1.015063	-8.521012	2.823864	5.551244	-0.157721	-0.391649	-0.271576	0.879123	-0.602341	0.797940	-0.021845	-0.695555	-0.538088	-0.476094
25414	6.241025	3.072439	-8.734799	2.844819	5.769291	-0.292576	-0.349577	-0.241777	0.905174	-0.623293	0.781333	-0.032016	-0.699501	-0.575381	-0.423834
25415	6.392533	5.616325	-7.963303	2.370703	5.933201	-0.536568	-0.304285	-0.210651	0.928998	-0.641972	0.765853	-0.036615	-0.703763	-0.607532	-0.368269
25416	6.558407	6.225235	-7.417120	1.240251	6.013194	-0.746901	-0.256826	-0.179177	0.949703	-0.652869	0.756717	-0.033787	-0.712603	-0.628709	-0.311324
25417	7.349112	4.166396	-6.919854	-0.010669	6.050985	-0.849790	-0.207483	-0.147057	0.967122	-0.655005	0.755188	-0.025692	-0.726581	-0.638800	-0.253012
25418	7.758682	0.843707	-6.039549	-0.835645	6.022936	-0.863234	-0.157552	-0.115081	0.980782	-0.650450	0.759393	-0.015384	-0.743029	-0.640374	-0.194498
25419	7.589022	-3.318735	-7.096521	-0.976751	5.832824	-0.791100	-0.108461	-0.083593	0.990580	-0.644387	0.764676	-0.006026	-0.756969	-0.638971	-0.136804
25420	7.431609	-6.087022	-7.904842	-0.367248	5.598488	-0.674895	-0.061505	-0.052969	0.996700	-0.642177	0.766556	0.001111	-0.764085	-0.639989	-0.081163
25421	7.410614	-7.039249	-8.312949	0.937767	5.352105	-0.542267	-0.017029	-0.022381	0.999604	-0.649739	0.760134	0.005950	-0.759967	-0.649380	-0.027486
25422	7.165057	-5.385639	-8.597797	2.368609	5.106506	-0.447527	0.024359	0.007868	0.999672	-0.667548	0.744494	0.010406	-0.744169	-0.667582	0.023387
25423	5.982488	-1.751800	-8.240253	3.144269	4.738212	-0.421742	0.062082	0.037169	0.997379	-0.690583	0.723075	0.016039	-0.720583	-0.689769	0.070558
25424	7.333484	2.035009	-7.740141	2.994767	4.324062	-0.423929	0.095718	0.064378	0.993324	-0.711473	0.702336	0.023039	-0.696164	-0.708928	0.113029
25425	8.595827	4.258916	-6.448685	1.938018	4.024538	-0.418168	0.126494	0.090423	0.987838	-0.724466	0.688669	0.029731	-0.677605	-0.719416	0.152620
25426	8.995681	3.916073	-5.499182	0.675592	3.767273	-0.322175	0.154199	0.115316	0.981287	-0.728560	0.684133	0.034089	-0.667400	-0.720184	0.189507
25427	8.654868	1.777196	-4.360796	-0.210989	3.468047	-0.143466	0.178428	0.139372	0.974032	-0.727026	0.685714	0.035063	-0.663021	-0.714403	0.223678
25428	8.047278	0.085165	-3.420908	-0.442682	3.043239	0.062355	0.198142	0.161413	0.966791	-0.724215	0.688764	0.033433	-0.660494	-0.706789	0.253371
25429	7.547077	-1.251911	-2.642305	-0.448318	2.497867	0.261373	0.212831	0.180912	0.960195	-0.721883	0.691376	0.029745	-0.658474	-0.699479	0.277743
25430	6.946571	-2.926048	-2.000226	-0.581762	1.840618	0.403068	0.222075	0.196497	0.955025	-0.718929	0.694661	0.024248	-0.658654	-0.691979	0.295534
25431	6.544394	-4.450787	-1.388864	-0.616468	1.113203	0.461103	0.226201	0.207493	0.951724	-0.715978	0.697891	0.018017	-0.660461	-0.685489	0.306424
25432	6.378647	-4.384458	-1.366485	-0.395940	0.375727	0.453019	0.225473	0.213213	0.950633	-0.714382	0.699644	0.012518	-0.662435	-0.681938	0.310066
25433	6.307626	-3.314316	-1.591020	-0.183421	-0.321819	0.428817	0.220355	0.214142	0.951623	-0.714207	0.699890	0.007885	-0.664343	-0.681393	0.307166
25434	6.236318	-2.138374	-2.540688	-0.225265	-0.996597	0.418678	0.210753	0.210265	0.954658	-0.713610	0.700536	0.003244	-0.668090	-0.681937	0.297687
25435	7.204480	-1.484904	-2.687739	-0.525983	-1.556446	0.452553	0.197153	0.202942	0.959138	-0.711083	0.703104	-0.002604	-0.674902	-0.681513	0.282927
25436	10.542501	-1.774339	0.599153	-0.653278	-1.857516	0.483794	0.181134	0.193686	0.964197	-0.707564	0.706592	-0.009016	-0.683040	-0.680598	0.265034
25437	16.690468	-1.060900	5.466269	-0.440883	-1.985211	0.432421	0.164529	0.183326	0.969186	-0.705363	0.708702	-0.014312	-0.689488	-0.681273	0.245913
25438	22.824979	1.332843	10.818158	0.465402	-1.688611	0.123556	0.152043	0.172627	0.973182	-0.708769	0.705294	-0.014375	-0.688861	-0.687575	0.229588
25439	24.914976	-2.675741	-2.733186	1.584429	-1.879937	0.146318	0.138208	0.160698	0.977279	-0.719912	0.693956	-0.012299	-0.680165	-0.701855	0.211599
25440	15.253102	-5.365976	-4.146853	2.282372	-2.217210	0.371894	0.120598	0.147459	0.981688	-0.735766	0.677142	-0.011326	-0.666412	-0.720926	0.190158
25441	8.847793	-3.329447	-5.571817	3.086257	-2.428915	0.395642	0.101777	0.132374	0.985961	-0.756528	0.653889	-0.009697	-0.645993	-0.744920	0.166695
25442	6.397043	-1.235315	-8.631042	3.805472	-2.493816	0.648983	0.081038	0.117587	0.989751	-0.781200	0.624198	-0.010196	-0.618999	-0.772366	0.142443
25443	5.923638	2.676018	-10.244496	4.092720	-2.520635	0.698838	0.060336	0.102066	0.992946	-0.806447	0.591189	-0.011765	-0.588220	-0.800048	0.117981
25444	6.955708	4.896126	-5.962632	3.383032	-2.248767	0.722725	0.041532	0.087990	0.995255	-0.826275	0.563060	-0.015300	-0.561734	-0.821719	0.096089
25445	7.160294	4.249056	-2.412519	1.444129	-1.895491	0.780301	0.024581	0.076664	0.996754	-0.834574	0.550466	-0.021757	-0.550347	-0.831330	0.077513
25446	9.076088	2.002331	-2.667783	-0.374747	-1.729370	0.890408	0.007639	0.067198	0.997710	-0.832655	0.552932	-0.030866	-0.553740	-0.830512	0.060177
25447	10.706949	-0.203595	-4.809318	-1.384742	-1.612318	0.995910	-0.009563	0.059393	0.998189	-0.824896	0.563762	-0.041448	-0.565203	-0.823799	0.043602
25448	10.944170	-2.280835	-5.008891	-1.915857	-1.594936	0.903005	-0.026072	0.051484	0.998333	-0.813766	0.578941	-0.051108	-0.580608	-0.813742	0.026802
25449	12.077404	-3.453300	-4.157080	-1.863180	-1.575666	0.689208	-0.040842	0.042731	0.998251	-0.802568	0.593710	-0.058250	-0.595161	-0.803544	0.010046
25450	11.955335	-4.954310	-3.316006	-1.181133	-1.506450	0.519437	-0.053996	0.033772	0.997970	-0.795249	0.602956	-0.063432	-0.603874	-0.797059	-0.005700
25451	9.630182	-5.259147	-2.959894	0.008846	-1.420388	0.475152	-0.066290	0.025255	0.997481	-0.794999	0.602777	-0.068095	-0.602978	-0.797510	-0.019880
25452	8.082536	-2.937396	-2.320087	1.055266	-1.400152	0.519426	-0.078783	0.017140	0.996744	-0.800944	0.594207	-0.073525	-0.593533	-0.804129	-0.033085
25453	8.360757	0.235388	-2.439771	1.562066	-1.366522	0.564922	-0.091306	0.009354	0.995779	-0.809612	0.581529	-0.079698	-0.579820	-0.813472	-0.045524
25454	9.918744	2.130155	-2.638417	1.251355	-1.299677	0.554983	-0.103251	0.001923	0.994653	-0.816266	0.571263	-0.085837	-0.568374	-0.820765	-0.057414
25455	11.240176	2.119002	-2.816177	0.632577	-1.205786	0.519377	-0.114265	-0.005109	0.993437	-0.819252	0.566116	-0.091319	-0.561934	-0.824310	-0.068873
25456	11.188247	1.431021	-2.648107	-0.063476	-1.114922	0.484123	-0.124462	-0.011564	0.992157	-0.818327	0.566670	-0.096051	-0.561115	-0.823864	-0.079992
25457	10.334186	0.336794	-2.403073	-0.640144	-1.015398	0.464353	-0.133923	-0.017346	0.990840	-0.814090	0.572062	-0.100019	-0.565086	-0.820027	-0.090733
25458	9.001083	-0.452475	-2.127054	-1.013527	-0.958247	0.443024	-0.142936	-0.022632	0.989473	-0.807724	0.580421	-0.103405	-0.571971	-0.814002	-0.101243
25459	8.749844	-1.148575	-2.111374	-1.199904	-0.928677	0.452478	-0.151877	-0.027596	0.988014	-0.800105	0.590330	-0.106503	-0.580315	-0.806690	-0.111737
25460	9.316234	-2.123509	-2.176186	-1.185604	-0.906900	0.461115	-0.160820	-0.032145	0.986460	-0.792467	0.599979	-0.109643	-0.588331	-0.799370	-0.121962
25461	9.562176	-2.278094	-2.433223	-1.024736	-0.882728	0.426810	-0.169370	-0.036680	0.984870	-0.785658	0.608354	-0.112454	-0.595025	-0.792817	-0.131855
25462	9.730893	-1.995611	-2.071206	-0.895510	-0.865836	0.423896	-0.177836	-0.040937	0.983208	-0.779581	0.615583	-0.115374	-0.600524	-0.787008	-0.141386
25463	10.061739	-1.418828	-1.612793	-0.746278	-0.845409	0.414901	-0.186116	-0.045087	0.981493	-0.774285	0.621688	-0.118266	-0.604850	-0.781966	-0.150616
25464	9.862469	-1.274948	-1.157812	-0.750045	-0.819736	0.384551	-0.194031	-0.049086	0.979766	-0.769014	0.627705	-0.120847	-0.609073	-0.776902	-0.159542
25465	9.758399	-1.288387	-1.041808	-0.570891	-0.803390	0.366192	-0.201706	-0.053088	0.978006	-0.764762	0.632386	-0.123399	-0.611926	-0.772833	-0.168155
25466	9.214783	-0.892008	-0.804177	-0.563242	-0.803865	0.343346	-0.209227	-0.057117	0.976197	-0.760615	0.636907	-0.125756	-0.614564	-0.768822	-0.176703
25467	8.790931	-1.673298	-0.925634	-0.492790	-0.849636	0.335974	-0.216969	-0.061567	0.974235	-0.756827	0.640950	-0.128046	-0.616553	-0.765109	-0.185662
25468	8.745349	-1.810258	-1.181781	-0.393678	-0.879245	0.317475	-0.224766	-0.066253	0.972158	-0.753709	0.644149	-0.130361	-0.617578	-0.762025	-0.194718
25469	8.812158	-1.327616	-1.437748	-0.347342	-0.926287	0.295029	-0.232671	-0.071466	0.969926	-0.750853	0.647054	-0.132442	-0.618129	-0.759087	-0.204211
25470	8.777665	-1.694396	-1.826572	-0.415191	-0.965861	0.261605	-0.240579	-0.077097	0.967563	-0.747679	0.650383	-0.134082	-0.618949	-0.755684	-0.214112
25471	8.786057	-2.270437	-2.559941	-0.402765	-0.990334	0.234852	-0.248428	-0.083103	0.965079	-0.744577	0.653664	-0.135380	-0.619587	-0.752208	-0.224265
25472	8.793854	-2.034153	-2.989309	-0.381064	-0.993221	0.229797	-0.256264	-0.089065	0.962495	-0.741649	0.656712	-0.136695	-0.619907	-0.748864	-0.234347
25473	8.946794	-1.685755	-3.159740	-0.434889	-0.970668	0.239105	-0.264021	-0.094809	0.959846	-0.738296	0.660237	-0.137865	-0.620655	-0.745050	-0.244313
25474	9.213693	-1.318090	-3.048845	-0.525271	-0.935722	0.260792	-0.271729	-0.100046	0.957160	-0.734348	0.664382	-0.139030	-0.622010	-0.740666	-0.254000
25475	9.317934	-0.841217	-2.677959	-0.545572	-0.922125	0.273829	-0.279446	-0.105098	0.954392	-0.730160	0.668748	-0.140148	-0.623519	-0.736023	-0.263617
25476	9.496366	-0.295581	-1.799545	-0.615672	-0.930497	0.268494	-0.287184	-0.110135	0.951523	-0.725570	0.673542	-0.141029	-0.625359	-0.730897	-0.273341
25477	9.424031	-0.587772	-0.745859	-0.626526	-0.978857	0.259359	-0.295159	-0.115576	0.948432	-0.720856	0.678453	-0.141660	-0.627094	-0.725495	-0.283565
25478	9.587982	-0.910837	0.257135	-0.637027	-1.085128	0.195433	-0.303350	-0.122102	0.945024	-0.716287	0.683279	-0.141643	-0.628420	-0.719876	-0.294732
25479	9.186051	-1.730918	0.944744	-0.580266	-1.204737	0.140051	-0.311889	-0.129841	0.941205	-0.712180	0.687664	-0.141132	-0.628907	-0.714325	-0.306945
25480	8.987759	-2.387525	0.968901	-0.460687	-1.358605	0.097788	-0.321096	-0.138853	0.936812	-0.708991	0.691063	-0.140581	-0.627877	-0.709332	-0.320343
25481	9.251145	-2.643983	0.705511	-0.314799	-1.499922	0.087672	-0.331075	-0.148900	0.931782	-0.706719	0.693445	-0.140294	-0.625250	-0.704956	-0.334812
25482	9.574340	-2.209455	0.401993	-0.223478	-1.616132	0.131743	-0.342053	-0.159361	0.926069	-0.704898	0.695208	-0.140728	-0.621384	-0.700921	-0.350131
25483	9.873323	-1.407766	0.413466	-0.280984	-1.711097	0.192043	-0.353959	-0.170010	0.919679	-0.702491	0.697498	-0.141431	-0.617430	-0.696127	-0.366316
25484	10.091940	-0.835010	-0.020943	-0.477104	-1.791452	0.222296	-0.366524	-0.180884	0.912656	-0.698769	0.701182	-0.141656	-0.614315	-0.689656	-0.383396
