// General information: 
//  MT Manager version: 2022.2.0 
//  XDA version: 2022.2.0 build 7381 rev 124627 built on 2023-07-19
// Device information: 
//  DeviceId: 00B4CAF0
//  ProductCode: MTW2-3A7G6
//  Firmware Version: 4.6.0
//  Hardware Version: 2.0.0
// Device settings: 
//  Filter Profile: human(46.1)
//  Option Flags: Orientation Smoother Disabled, Position/Velocity Smoother Disabled, Continuous Zero Rotation Update Disabled, AHS Disabled, ICC Disabled
// Coordinate system: ENU
PacketCounter	Acc_X	Acc_Y	Acc_Z	Gyr_X	Gyr_Y	Gyr_Z	Mat[1][1]	Mat[2][1]	Mat[3][1]	Mat[1][2]	Mat[2][2]	Mat[3][2]	Mat[1][3]	Mat[2][3]	Mat[3][3]
10621	4.381821	3.552478	8.461934	0.002344	-0.001639	0.004701	0.605434	0.672908	0.425023	-0.795521	0.495242	0.349116	0.024433	-0.549481	0.835149
10622	4.357955	3.586507	8.469586	0.010216	-0.000980	0.007439	0.605389	0.672929	0.425054	-0.795553	0.495162	0.349156	0.024487	-0.549528	0.835116
10623	4.365457	3.606266	8.481779	-0.004492	-0.003396	0.006025	0.605320	0.672925	0.425159	-0.795609	0.495139	0.349062	0.024380	-0.549555	0.835102
10624	4.411025	3.572379	8.461346	0.000243	-0.001112	0.005454	0.605291	0.672935	0.425184	-0.795631	0.495127	0.349028	0.024353	-0.549553	0.835104
10625	4.369430	3.571752	8.486115	0.004178	-0.003833	0.003481	0.605327	0.672869	0.425237	-0.795605	0.495140	0.349069	0.024326	-0.549622	0.835059
10626	4.401332	3.586691	8.444084	0.001569	0.002238	0.004997	0.605302	0.672895	0.425233	-0.795624	0.495124	0.349048	0.024330	-0.549605	0.835070
10627	4.380342	3.586319	8.456594	0.000785	0.001119	0.002499	0.605403	0.672813	0.425217	-0.795548	0.495230	0.349070	0.024279	-0.549609	0.835069
10628	4.331263	3.565877	8.469188	0.003145	0.003368	0.006104	0.605369	0.672851	0.425206	-0.795574	0.495198	0.349057	0.024302	-0.549591	0.835080
10629	4.397542	3.591883	8.485994	0.001843	0.002799	0.001574	0.605360	0.672847	0.425224	-0.795580	0.495175	0.349076	0.024315	-0.549616	0.835063
10630	4.383317	3.552243	8.461258	-0.000792	-0.000011	0.001392	0.605364	0.672843	0.425225	-0.795578	0.495196	0.349050	0.024286	-0.549603	0.835073
10631	4.373054	3.566698	8.444233	0.005778	0.000077	-0.000399	0.605483	0.672746	0.425210	-0.795488	0.495282	0.349134	0.024280	-0.549644	0.835046
10632	4.348745	3.600810	8.452082	0.003420	0.003930	0.002681	0.605476	0.672769	0.425183	-0.795492	0.495272	0.349139	0.024309	-0.549625	0.835058
10633	4.358927	3.586546	8.469070	-0.000007	0.001108	0.003891	0.605548	0.672706	0.425181	-0.795439	0.495345	0.349156	0.024268	-0.549636	0.835052
10634	4.365878	3.606316	8.481541	0.002111	0.004468	0.002042	0.605546	0.672729	0.425147	-0.795440	0.495346	0.349152	0.024290	-0.549607	0.835070
10635	4.393511	3.567467	8.431834	0.004461	0.001723	0.002853	0.605608	0.672672	0.425150	-0.795394	0.495409	0.349168	0.024252	-0.549620	0.835062
10636	4.365543	3.607209	8.481334	0.014975	0.004083	0.001883	0.605607	0.672692	0.425119	-0.795391	0.495341	0.349273	0.024374	-0.549657	0.835035
10637	4.386214	3.607110	8.469192	-0.019949	0.006951	0.006602	0.605554	0.672728	0.425137	-0.795437	0.495441	0.349025	0.024169	-0.549524	0.835129
10638	4.360503	3.493590	8.424583	0.018153	0.009123	-0.000889	0.605574	0.672762	0.425055	-0.795416	0.495373	0.349168	0.024346	-0.549542	0.835111
10639	4.361041	3.641666	8.477287	0.008130	0.003435	0.007098	0.605559	0.672767	0.425068	-0.795426	0.495313	0.349232	0.024410	-0.549591	0.835077
10640	4.360216	3.553410	8.474208	-0.011805	0.002066	-0.000768	0.605580	0.672763	0.425045	-0.795413	0.495409	0.349124	0.024307	-0.549509	0.835134
10641	4.367456	3.602259	8.440293	0.017343	0.005225	0.001601	0.605532	0.672792	0.425068	-0.795447	0.495294	0.349212	0.024413	-0.549577	0.835086
10642	4.346275	3.602284	8.452725	-0.007095	0.001571	0.003649	0.605517	0.672807	0.425064	-0.795460	0.495335	0.349124	0.024344	-0.549522	0.835124
10643	4.359686	3.553482	8.474451	0.000259	0.002778	0.004358	0.605608	0.672735	0.425049	-0.795393	0.495454	0.349105	0.024263	-0.549502	0.835140
10644	4.395192	3.622492	8.440328	0.008146	0.001218	-0.000682	0.605628	0.672727	0.425033	-0.795376	0.495441	0.349163	0.024313	-0.549524	0.835124
10645	4.359320	3.553636	8.474575	-0.008394	0.007106	0.005803	0.605638	0.672730	0.425014	-0.795371	0.495521	0.349061	0.024220	-0.549449	0.835176
10646	4.379873	3.553934	8.462331	0.010265	0.004578	-0.002531	0.605673	0.672730	0.424964	-0.795342	0.495508	0.349145	0.024307	-0.549459	0.835167
10647	4.386663	3.574765	8.474438	0.013915	0.002404	0.002812	0.605675	0.672722	0.424974	-0.795336	0.495403	0.349308	0.024453	-0.549565	0.835093
10648	4.414470	3.596202	8.473928	0.016567	0.002997	-0.004786	0.605728	0.672702	0.424930	-0.795292	0.495371	0.349454	0.024581	-0.549617	0.835055
10649	4.368540	3.572173	8.444255	0.019194	0.006919	-0.000713	0.605725	0.672720	0.424907	-0.795288	0.495246	0.349639	0.024776	-0.549708	0.834989
10650	4.357688	3.588287	8.426813	0.023395	0.005866	-0.002215	0.605756	0.672729	0.424847	-0.795258	0.495159	0.349831	0.024975	-0.549775	0.834939
10651	4.349708	3.600565	8.510025	0.013691	0.007403	-0.003739	0.605850	0.672681	0.424790	-0.795185	0.495194	0.349950	0.025051	-0.549803	0.834918
10652	4.394556	3.597472	8.443027	0.020261	0.007492	-0.005526	0.605907	0.672683	0.424705	-0.795135	0.495146	0.350130	0.025235	-0.549844	0.834886
10653	4.292442	3.591943	8.463438	0.003712	0.008380	-0.001841	0.605947	0.672682	0.424650	-0.795103	0.495145	0.350205	0.025313	-0.549846	0.834882
10654	4.383039	3.614136	8.425677	0.024684	0.001446	-0.000472	0.605965	0.672676	0.424633	-0.795082	0.495039	0.350400	0.025496	-0.549949	0.834809
10655	4.347674	3.634049	8.462906	-0.009944	0.008750	-0.000302	0.606034	0.672659	0.424562	-0.795031	0.495138	0.350378	0.025468	-0.549881	0.834855
10656	4.388294	3.546356	8.435326	0.002652	0.006700	-0.000916	0.606055	0.672679	0.424500	-0.795014	0.495156	0.350391	0.025507	-0.549840	0.834881
10657	4.353568	3.653964	8.475836	0.007360	0.006210	0.003504	0.606093	0.672662	0.424472	-0.794983	0.495160	0.350454	0.025556	-0.549856	0.834869
10658	4.387265	3.546331	8.435871	-0.014412	0.008135	0.000732	0.606101	0.672699	0.424404	-0.794980	0.495261	0.350318	0.025468	-0.549721	0.834960
10659	4.361819	3.551487	8.490457	0.016841	0.009670	-0.001521	0.606317	0.672584	0.424277	-0.794813	0.495397	0.350506	0.025559	-0.549738	0.834946
10660	4.378820	3.586883	8.473374	0.005813	0.007854	-0.002591	0.606351	0.672602	0.424199	-0.794784	0.495410	0.350553	0.025631	-0.549705	0.834966
10661	4.353377	3.562108	8.431941	0.005581	0.013960	-0.005255	0.606444	0.672598	0.424073	-0.794709	0.495437	0.350684	0.025768	-0.549685	0.834974
10662	4.327986	3.597079	8.439883	0.017118	0.010232	-0.004941	0.606496	0.672617	0.423967	-0.794663	0.495403	0.350836	0.025944	-0.549692	0.834964
10663	4.330395	3.564119	8.444436	0.006061	0.005638	-0.001025	0.606517	0.672601	0.423964	-0.794648	0.495440	0.350819	0.025912	-0.549679	0.834974
10664	4.323403	3.633020	8.435169	0.010796	0.007925	-0.001592	0.606543	0.672624	0.423889	-0.794624	0.495418	0.350903	0.026024	-0.549671	0.834976
10665	4.343487	3.604906	8.469207	-0.003409	0.001064	0.000108	0.606587	0.672566	0.423918	-0.794595	0.495521	0.350825	0.025893	-0.549649	0.834994
10666	4.322758	3.633473	8.435305	0.006576	0.005091	0.001008	0.606594	0.672586	0.423876	-0.794588	0.495505	0.350863	0.025953	-0.549638	0.835000
10667	4.346272	3.570531	8.474175	-0.014448	0.000357	0.002924	0.606551	0.672589	0.423933	-0.794625	0.495540	0.350730	0.025821	-0.549604	0.835026
10668	4.335990	3.584319	8.457392	0.006825	0.002873	0.002574	0.606546	0.672605	0.423916	-0.794628	0.495512	0.350763	0.025870	-0.549609	0.835021
10669	4.367890	3.658605	8.464947	0.001308	-0.000537	0.000641	0.606648	0.672505	0.423927	-0.794552	0.495635	0.350759	0.025774	-0.549620	0.835017
10670	4.367101	3.570216	8.462078	-0.009447	0.004315	0.002824	0.606641	0.672530	0.423898	-0.794560	0.495696	0.350656	0.025702	-0.549535	0.835075
10671	4.370762	3.623784	8.470062	0.004724	0.003399	0.003324	0.606693	0.672492	0.423885	-0.794520	0.495712	0.350724	0.025735	-0.549567	0.835053
10672	4.359584	3.549777	8.450209	-0.008654	0.004326	0.001433	0.606696	0.672510	0.423851	-0.794519	0.495777	0.350634	0.025669	-0.549486	0.835109
10673	4.359874	3.637711	8.453538	0.008944	0.006234	0.000726	0.606814	0.672439	0.423795	-0.794428	0.495852	0.350734	0.025708	-0.549505	0.835095
10674	4.341784	3.603250	8.470785	-0.009198	0.002098	0.004389	0.606795	0.672460	0.423790	-0.794445	0.495900	0.350627	0.025625	-0.549437	0.835142
10675	4.351912	3.588471	8.488063	-0.000260	0.003331	0.002324	0.606836	0.672422	0.423791	-0.794415	0.495945	0.350633	0.025597	-0.549442	0.835139
10676	4.352275	3.617000	8.441830	-0.000272	0.004443	0.006215	0.606802	0.672465	0.423773	-0.794441	0.495932	0.350593	0.025599	-0.549402	0.835166
10677	4.344600	3.567923	8.476131	-0.007879	0.000449	0.001140	0.606961	0.672338	0.423745	-0.794323	0.496135	0.350572	0.025468	-0.549374	0.835188
10678	4.341342	3.601761	8.471645	0.004724	0.003399	0.003325	0.606951	0.672360	0.423726	-0.794330	0.496114	0.350586	0.025503	-0.549366	0.835192
10679	4.355319	3.581796	8.447008	-0.008169	0.001004	0.008454	0.606943	0.672336	0.423774	-0.794341	0.496195	0.350446	0.025343	-0.549322	0.835226
10680	4.362583	3.601117	8.459486	0.001823	-0.001085	0.002674	0.606939	0.672330	0.423789	-0.794345	0.496195	0.350438	0.025328	-0.549329	0.835222
10681	4.372880	3.586560	8.476577	-0.005523	0.002705	0.004748	0.606975	0.672290	0.423802	-0.794320	0.496277	0.350377	0.025232	-0.549305	0.835241
10682	4.345481	3.594509	8.430464	-0.005541	-0.001183	0.005847	0.606945	0.672299	0.423830	-0.794345	0.496296	0.350294	0.025157	-0.549277	0.835262
10683	4.334939	3.579556	8.459948	-0.000279	-0.000558	0.003423	0.607071	0.672192	0.423820	-0.794249	0.496378	0.350395	0.025158	-0.549333	0.835225
10684	4.356153	3.579312	8.447631	-0.006068	0.000477	0.007705	0.607026	0.672219	0.423840	-0.794286	0.496387	0.350300	0.025090	-0.549291	0.835254
10685	4.373701	3.584258	8.477127	-0.001865	-0.000578	0.006206	0.606962	0.672237	0.423905	-0.794335	0.496325	0.350276	0.025074	-0.549327	0.835231
10686	4.391158	3.589562	8.506518	-0.000793	-0.000010	0.001391	0.606968	0.672230	0.423907	-0.794332	0.496347	0.350251	0.025044	-0.549314	0.835240
10687	4.394958	3.584514	8.464574	0.008393	-0.000999	0.000892	0.606941	0.672216	0.423968	-0.794350	0.496251	0.350347	0.025114	-0.549419	0.835170
10688	4.332333	3.613739	8.454992	0.023898	0.006433	0.003728	0.606926	0.672256	0.423925	-0.794355	0.496122	0.350519	0.025320	-0.549486	0.835119
10689	4.349327	3.619860	8.484275	-0.008920	0.002659	0.000965	0.606996	0.672200	0.423915	-0.794304	0.496223	0.350491	0.025243	-0.549464	0.835136
10690	4.348939	3.560887	8.434747	0.015497	0.002430	0.000045	0.607011	0.672200	0.423892	-0.794288	0.496165	0.350608	0.025359	-0.549516	0.835098
10691	4.366772	3.655650	8.466800	0.013396	0.002958	0.000795	0.607058	0.672156	0.423894	-0.794250	0.496138	0.350733	0.025438	-0.549593	0.835045
10692	4.317464	3.576172	8.429750	-0.008157	-0.000106	0.004563	0.607039	0.672165	0.423908	-0.794268	0.496180	0.350635	0.025350	-0.549545	0.835079
10693	4.362933	3.601915	8.458965	0.014425	0.001864	0.004860	0.607164	0.672053	0.423907	-0.794174	0.496291	0.350690	0.025301	-0.549582	0.835057
10694	4.339012	3.635723	8.466632	-0.009485	-0.003457	0.005021	0.607142	0.672045	0.423951	-0.794194	0.496337	0.350578	0.025181	-0.549550	0.835081
10695	4.345451	3.566992	8.476086	0.000522	0.004455	0.004824	0.607107	0.672053	0.423987	-0.794222	0.496324	0.350534	0.025143	-0.549551	0.835081
10696	4.353153	3.615570	8.441990	0.004438	-0.002160	0.003958	0.607093	0.672047	0.424016	-0.794233	0.496301	0.350543	0.025142	-0.549580	0.835063
10697	4.348966	3.532577	8.480679	-0.007643	-0.000652	0.006596	0.607203	0.671943	0.424026	-0.794153	0.496461	0.350495	0.025001	-0.549563	0.835078
10698	4.381617	3.635744	8.441688	0.023364	0.003091	0.002797	0.607197	0.671959	0.424007	-0.794152	0.496342	0.350667	0.025182	-0.549650	0.835015
10699	4.349954	3.620519	8.483672	-0.030226	-0.002619	0.006299	0.607224	0.671900	0.424063	-0.794142	0.496561	0.350380	0.024847	-0.549525	0.835107
10700	4.342298	3.511873	8.468473	0.015218	0.001871	0.003469	0.607213	0.671913	0.424057	-0.794147	0.496482	0.350481	0.024956	-0.549580	0.835068
10701	4.386044	3.688869	8.449488	0.002336	-0.001632	0.004707	0.607151	0.671919	0.424137	-0.794195	0.496416	0.350465	0.024936	-0.549633	0.835034
10702	4.339745	3.545340	8.463789	-0.021845	-0.002501	0.011084	0.607081	0.671946	0.424194	-0.794255	0.496489	0.350224	0.024724	-0.549533	0.835106
10703	4.361008	3.544947	8.451501	0.013911	0.002407	0.002827	0.607113	0.671910	0.424205	-0.794229	0.496464	0.350319	0.024780	-0.549599	0.835061
10704	4.358282	3.638250	8.496289	-0.008704	-0.002330	0.007521	0.607071	0.671921	0.424249	-0.794264	0.496490	0.350203	0.024674	-0.549564	0.835087
10705	4.330241	3.557905	8.447136	-0.008684	0.001559	0.006422	0.607065	0.671899	0.424292	-0.794273	0.496560	0.350084	0.024535	-0.549528	0.835115
10706	4.365743	3.597264	8.459495	0.002582	-0.003850	0.006273	0.607034	0.671894	0.424344	-0.794298	0.496532	0.350068	0.024508	-0.549559	0.835096
10707	4.372994	3.616514	8.472017	-0.009456	0.005439	0.006714	0.607067	0.671873	0.424330	-0.794276	0.496633	0.349974	0.024402	-0.549493	0.835142
10708	4.351704	3.555928	8.435413	-0.009478	0.001551	0.007814	0.607022	0.671906	0.424342	-0.794313	0.496661	0.349850	0.024312	-0.549427	0.835188
10709	4.348198	3.560494	8.477410	-0.002648	-0.001698	0.003707	0.606877	0.671965	0.424457	-0.794425	0.496543	0.349762	0.024267	-0.549462	0.835166
10710	4.383582	3.599779	8.489871	-0.006583	0.001031	0.005673	0.606849	0.671984	0.424466	-0.794449	0.496569	0.349672	0.024197	-0.549415	0.835199
10711	4.345581	3.593248	8.473086	-0.004503	-0.003386	0.006022	0.606929	0.671879	0.424518	-0.794392	0.496701	0.349612	0.024038	-0.549424	0.835198
10712	4.363784	3.626816	8.456201	-0.005801	0.002155	0.008173	0.606881	0.671917	0.424527	-0.794431	0.496707	0.349517	0.023981	-0.549373	0.835233
10713	4.352923	3.552239	8.436338	-0.008426	-0.001770	0.004098	0.606856	0.671900	0.424589	-0.794452	0.496698	0.349482	0.023925	-0.549401	0.835216
10714	4.373813	3.582547	8.519907	0.003397	0.000046	0.003783	0.606843	0.671905	0.424600	-0.794461	0.496682	0.349483	0.023928	-0.549410	0.835210
10715	4.377507	3.577776	8.477901	0.012605	0.002939	0.002186	0.606907	0.671846	0.424602	-0.794412	0.496694	0.349579	0.023966	-0.549471	0.835169
10716	4.374562	3.612395	8.472965	0.002593	-0.004965	0.002382	0.606907	0.671816	0.424650	-0.794413	0.496692	0.349579	0.023932	-0.549509	0.835145
10717	4.373712	3.524321	8.469870	-0.001823	0.007203	0.004010	0.606839	0.671873	0.424657	-0.794464	0.496621	0.349564	0.023969	-0.549504	0.835147
10718	4.371202	3.647630	8.467973	0.034653	0.001552	0.001549	0.606844	0.671874	0.424648	-0.794452	0.496448	0.349836	0.024230	-0.549658	0.835038
10719	4.332202	3.613646	8.497256	-0.018384	0.003105	0.004887	0.606820	0.671876	0.424679	-0.794476	0.496555	0.349629	0.024031	-0.549559	0.835109
10720	4.438621	3.463764	8.483311	0.016817	0.006884	0.003480	0.606808	0.671917	0.424632	-0.794481	0.496468	0.349743	0.024182	-0.549589	0.835085
10721	4.301192	3.717725	8.495222	0.040964	0.004969	0.002097	0.606829	0.671900	0.424629	-0.794455	0.496274	0.350076	0.024484	-0.549785	0.834947
10722	4.407025	3.508891	8.431865	-0.036978	0.011200	0.003212	0.606818	0.671962	0.424545	-0.794471	0.496484	0.349742	0.024234	-0.549519	0.835130
10723	4.315275	3.488606	8.469310	0.048061	0.003389	-0.001538	0.606774	0.671979	0.424582	-0.794494	0.496201	0.350091	0.024576	-0.549754	0.834965
10724	4.393784	3.707480	8.462037	0.011331	0.006253	-0.003445	0.606818	0.671981	0.424516	-0.794458	0.496190	0.350189	0.024680	-0.549761	0.834957
10725	4.390427	3.444326	8.452945	0.003721	0.008380	-0.001840	0.606938	0.671911	0.424454	-0.794367	0.496329	0.350199	0.024634	-0.549721	0.834985
10726	4.377512	3.642908	8.482888	0.063055	0.005253	-0.007402	0.607014	0.671888	0.424383	-0.794294	0.496060	0.350745	0.025142	-0.549991	0.834792
10727	4.405008	3.666118	8.481771	0.004505	0.003383	-0.006022	0.607153	0.671793	0.424333	-0.794186	0.496154	0.350856	0.025168	-0.550023	0.834770
10728	4.367826	3.540094	8.466328	0.032914	0.018206	-0.005516	0.607211	0.671851	0.424160	-0.794131	0.496039	0.351143	0.025516	-0.550057	0.834737
10729	4.329851	3.713604	8.454549	0.041540	0.009990	-0.005834	0.607288	0.671833	0.424079	-0.794060	0.495858	0.351559	0.025906	-0.550241	0.834604
10730	4.421329	3.616347	8.560932	0.002145	0.007247	-0.002953	0.607327	0.671843	0.424006	-0.794028	0.495895	0.351578	0.025943	-0.550196	0.834632
10731	4.444361	3.555385	8.456659	0.074953	0.022664	-0.012092	0.607438	0.671866	0.423810	-0.793920	0.495583	0.352262	0.026640	-0.550448	0.834444
10732	4.567879	3.652930	8.526072	0.056328	0.021860	-0.015464	0.607573	0.671895	0.423571	-0.793798	0.495405	0.352786	0.027196	-0.550573	0.834344
10733	4.423596	3.559349	8.525684	0.081147	0.050549	-0.023613	0.607710	0.672053	0.423123	-0.793662	0.495094	0.353529	0.028105	-0.550660	0.834256
10734	4.544933	3.629502	8.499222	0.112652	0.042665	-0.034769	0.607991	0.672101	0.422643	-0.793405	0.494736	0.354605	0.029234	-0.550924	0.834044
10735	4.270470	3.569902	8.425516	0.094640	0.065777	-0.038867	0.608415	0.672157	0.421944	-0.793039	0.494602	0.355609	0.030331	-0.550976	0.833970
10736	4.251436	3.689519	8.450462	0.146225	0.035468	-0.042693	0.608760	0.672126	0.421495	-0.792721	0.494111	0.356997	0.031682	-0.551454	0.833604
10737	4.417065	3.700086	8.449658	0.093790	0.051931	-0.041896	0.609182	0.672109	0.420912	-0.792356	0.493975	0.357995	0.032692	-0.551597	0.833470
10738	4.348037	3.650338	8.436230	0.107955	0.049964	-0.045206	0.609542	0.672146	0.420332	-0.792032	0.493712	0.359074	0.033827	-0.551787	0.833299
10739	4.530042	3.666866	8.465541	0.120586	0.049625	-0.054612	0.609926	0.672146	0.419773	-0.791682	0.493385	0.360292	0.035059	-0.552078	0.833055
10740	4.536283	3.691582	8.534714	0.121186	0.062435	-0.064778	0.610434	0.672156	0.419018	-0.791231	0.493180	0.361562	0.036375	-0.552250	0.832885
10741	4.356511	3.586239	8.434233	0.122307	0.101464	-0.067968	0.610927	0.672360	0.417972	-0.790778	0.492955	0.362857	0.037930	-0.552202	0.832847
10742	4.043478	3.636698	8.398968	0.147708	0.081416	-0.071795	0.611481	0.672441	0.417031	-0.790269	0.492651	0.364376	0.039571	-0.552376	0.832656
10743	4.188862	3.792814	8.419880	0.142631	0.058061	-0.066040	0.612116	0.672311	0.416308	-0.789707	0.492463	0.365845	0.040945	-0.552701	0.832373
10744	4.071214	3.719564	8.276857	0.078816	0.075304	-0.051561	0.612510	0.672457	0.415491	-0.789346	0.492403	0.366704	0.042004	-0.552576	0.832403
10745	3.982943	3.754285	8.378613	0.096556	0.039010	-0.044297	0.612846	0.672426	0.415044	-0.789034	0.492180	0.367675	0.042957	-0.552812	0.832198
10746	4.014184	3.831660	8.341542	0.087504	0.033408	-0.028383	0.613074	0.672456	0.414660	-0.788809	0.491916	0.368509	0.043828	-0.553011	0.832020
10747	3.983124	3.877304	8.388655	0.032815	0.009571	-0.007031	0.613159	0.672423	0.414588	-0.788728	0.491822	0.368808	0.044092	-0.553135	0.831924
10748	4.143507	3.891782	8.373742	-0.005584	-0.000038	0.009685	0.613101	0.672455	0.414623	-0.788777	0.491816	0.368711	0.044023	-0.553102	0.831950
10749	4.195597	3.759907	8.412911	-0.038424	-0.004569	0.019465	0.612970	0.672493	0.414754	-0.788897	0.491895	0.368349	0.043697	-0.552985	0.832045
10750	4.248617	3.714956	8.453572	-0.024040	-0.011467	0.022797	0.612814	0.672526	0.414932	-0.789034	0.491904	0.368043	0.043412	-0.552937	0.832091
10751	4.302981	3.786575	8.448305	-0.018553	-0.007987	0.024746	0.612737	0.672505	0.415079	-0.789106	0.491926	0.367860	0.043200	-0.552942	0.832099
10752	4.227760	3.681662	8.413667	-0.055248	-0.000401	0.025307	0.612555	0.672612	0.415173	-0.789271	0.492090	0.367284	0.042737	-0.552666	0.832306
10753	4.156078	3.778911	8.435671	-0.017295	-0.011252	0.030409	0.612308	0.672684	0.415422	-0.789476	0.491966	0.367011	0.042509	-0.552690	0.832302
10754	4.096558	3.830005	8.379483	-0.050151	-0.006820	0.041829	0.611999	0.672836	0.415631	-0.789740	0.491991	0.366409	0.042047	-0.552482	0.832463
10755	4.106789	3.842125	8.393562	-0.091188	-0.028125	0.056762	0.611590	0.672913	0.416107	-0.790106	0.492150	0.365404	0.041099	-0.552246	0.832667
10756	4.499039	3.798022	8.624683	-0.104866	-0.044493	0.058835	0.611162	0.672941	0.416691	-0.790496	0.492362	0.364275	0.039973	-0.552023	0.832870
10757	4.892502	3.483118	8.565641	-0.063422	-0.000438	0.029877	0.610970	0.673034	0.416822	-0.790670	0.492538	0.363658	0.039453	-0.551753	0.833074
10758	4.342034	3.506130	8.494913	0.040366	0.028662	0.006325	0.610927	0.673207	0.416605	-0.790680	0.492302	0.363957	0.039923	-0.551752	0.833052
10759	4.389614	3.884459	8.388151	0.055095	0.011057	-0.003190	0.611083	0.673131	0.416500	-0.790537	0.492149	0.364472	0.040357	-0.551981	0.832879
10760	4.189589	3.688277	8.483310	-0.034008	0.034979	-0.002080	0.611103	0.673298	0.416200	-0.790525	0.492379	0.364187	0.040278	-0.551572	0.833154
10761	4.191503	3.534252	8.392378	0.028898	0.012214	-0.005120	0.611193	0.673280	0.416096	-0.790442	0.492302	0.364473	0.040547	-0.551663	0.833081
10762	4.160451	3.875711	8.439940	0.054018	0.005493	-0.001121	0.611218	0.673289	0.416045	-0.790400	0.492040	0.364917	0.040983	-0.551886	0.832912
10763	4.152434	3.768344	8.426113	-0.034132	0.012776	0.008528	0.611144	0.673375	0.416015	-0.790470	0.492174	0.364585	0.040751	-0.551661	0.833072
10764	4.122998	3.749095	8.325863	0.020560	-0.012855	0.015013	0.611049	0.673362	0.416176	-0.790540	0.491988	0.364683	0.040810	-0.551843	0.832949
10765	4.384274	3.891101	8.530828	-0.036147	-0.018888	0.023714	0.610809	0.673386	0.416491	-0.790749	0.491985	0.364236	0.040364	-0.551818	0.832987
10766	4.703446	3.384428	8.492675	-0.053988	0.011234	0.000519	0.610818	0.673434	0.416398	-0.790761	0.492308	0.363773	0.039981	-0.551471	0.833236
10767	4.775559	3.404595	8.668885	0.120693	0.017600	-0.039873	0.611175	0.673266	0.416147	-0.790436	0.491982	0.364919	0.040950	-0.551967	0.832860
10768	4.424796	3.601315	8.462707	0.166909	0.084621	-0.071078	0.611719	0.673367	0.415182	-0.789918	0.491568	0.366593	0.042762	-0.552212	0.832606
10769	4.239910	3.714583	8.399555	0.150369	0.053705	-0.075123	0.612436	0.673153	0.414474	-0.789287	0.491422	0.368143	0.044135	-0.552603	0.832275
10770	4.064607	3.785199	8.400191	0.154750	0.073455	-0.068952	0.612965	0.673203	0.413607	-0.788782	0.491060	0.369706	0.045781	-0.552863	0.832014
10771	4.052333	3.716435	8.438440	0.096416	0.055672	-0.054152	0.613432	0.673162	0.412983	-0.788362	0.490988	0.370697	0.046770	-0.552977	0.831883
10772	4.144728	3.856570	8.412756	0.127736	0.045943	-0.043337	0.613770	0.673187	0.412439	-0.788022	0.490602	0.371928	0.048034	-0.553289	0.831603
10773	4.209395	4.035935	8.435030	0.083635	0.037809	-0.035218	0.614138	0.673116	0.412007	-0.787687	0.490499	0.372773	0.048831	-0.553466	0.831439
10774	4.073530	3.839449	8.351414	0.016973	0.041414	-0.023290	0.614320	0.673214	0.411575	-0.787522	0.490592	0.372999	0.049194	-0.553265	0.831551
10775	4.112797	3.930713	8.328256	0.039902	0.020914	-0.010039	0.614303	0.673321	0.411425	-0.787506	0.490345	0.373357	0.049649	-0.553354	0.831465
10776	4.238480	3.903302	8.403682	-0.027781	0.017749	0.000046	0.614313	0.673403	0.411277	-0.787508	0.490527	0.373115	0.049514	-0.553093	0.831647
10777	4.152754	3.664285	8.404019	-0.024622	0.018924	-0.001602	0.614382	0.673433	0.411123	-0.787460	0.490727	0.372953	0.049410	-0.552879	0.831796
10778	4.179131	3.744394	8.452517	0.010220	-0.003107	-0.000183	0.614404	0.673398	0.411148	-0.787441	0.490701	0.373028	0.049446	-0.552944	0.831750
10779	4.234732	3.786315	8.451723	0.020978	0.008833	-0.002869	0.614461	0.673379	0.411094	-0.787385	0.490646	0.373217	0.049615	-0.553017	0.831692
10780	4.066753	3.665559	8.452472	-0.000553	-0.002212	0.002970	0.614458	0.673365	0.411122	-0.787391	0.490658	0.373190	0.049572	-0.553023	0.831690
10781	3.989992	3.892809	8.365317	0.072964	-0.020993	0.012608	0.614417	0.673259	0.411356	-0.787395	0.490201	0.373780	0.050004	-0.553557	0.831309
10782	4.077401	4.131189	8.364314	-0.013428	-0.033393	0.034177	0.614183	0.673225	0.411760	-0.787599	0.490074	0.373517	0.049668	-0.553710	0.831227
10783	3.978093	3.766750	8.280093	-0.103243	-0.031892	0.056290	0.613725	0.673328	0.412275	-0.788019	0.490227	0.372429	0.048658	-0.553450	0.831460
10784	4.245965	4.019104	8.540007	-0.029734	-0.080241	0.066112	0.613261	0.673191	0.413188	-0.788426	0.489976	0.371898	0.047907	-0.553839	0.831245
10785	4.777131	3.812796	8.423985	-0.129460	-0.012854	0.057552	0.612946	0.673283	0.413505	-0.788741	0.490433	0.370625	0.046739	-0.553322	0.831655
10786	4.070750	3.635463	8.465476	-0.061508	-0.017017	0.046263	0.612608	0.673399	0.413817	-0.789040	0.490491	0.369912	0.046125	-0.553129	0.831818
10787	4.295262	3.913292	8.460798	-0.026160	-0.019011	0.047877	0.612275	0.673481	0.414178	-0.789320	0.490349	0.369502	0.045761	-0.553155	0.831820
10788	4.169956	3.817405	8.434243	-0.133651	-0.021760	0.053588	0.611880	0.673607	0.414556	-0.789695	0.490757	0.368158	0.044548	-0.552641	0.832228
10789	4.212009	3.663634	8.405170	-0.093844	-0.023114	0.054206	0.611526	0.673670	0.414975	-0.790022	0.490983	0.367151	0.043593	-0.552362	0.832464
10790	4.234370	3.836426	8.439453	-0.076042	-0.032206	0.053619	0.611135	0.673739	0.415439	-0.790370	0.491071	0.366285	0.042770	-0.552200	0.832614
10791	4.252362	3.776832	8.464983	-0.144766	-0.030110	0.058670	0.610800	0.673750	0.415914	-0.790704	0.491598	0.364854	0.041358	-0.551718	0.833005
10792	4.260688	3.668829	8.425467	-0.125670	-0.030783	0.060367	0.610355	0.673860	0.416390	-0.791110	0.491914	0.363546	0.040151	-0.551302	0.833339
10793	4.270129	3.798159	8.437227	-0.113905	-0.032735	0.061285	0.610075	0.673817	0.416869	-0.791385	0.492313	0.362404	0.038964	-0.550997	0.833597
10794	4.324682	3.804111	8.428620	-0.159318	-0.037342	0.063849	0.609603	0.673909	0.417410	-0.791822	0.492790	0.360799	0.037450	-0.550459	0.834022
10795	4.314952	3.659229	8.407242	-0.174294	-0.022417	0.069098	0.609170	0.674020	0.417862	-0.792229	0.493397	0.359073	0.035850	-0.549779	0.834541
10796	4.301947	3.667723	8.478144	-0.164141	-0.043348	0.065597	0.608685	0.674088	0.418459	-0.792672	0.493886	0.357418	0.034261	-0.549256	0.834952
10797	4.305552	3.653882	8.381878	-0.154475	-0.025789	0.074458	0.608202	0.674211	0.418963	-0.793105	0.494355	0.355806	0.032772	-0.548683	0.835388
10798	4.138210	3.641590	8.526133	-0.176380	-0.043254	0.077147	0.607623	0.674338	0.419598	-0.793617	0.494831	0.353998	0.031084	-0.548097	0.835837
10799	4.314506	3.625370	8.431711	-0.146372	-0.062774	0.081581	0.607058	0.674327	0.420433	-0.794111	0.495147	0.352446	0.029487	-0.547825	0.836073
10800	4.085795	3.705030	8.513164	-0.140706	-0.059220	0.092943	0.606356	0.674446	0.421255	-0.794701	0.495320	0.350868	0.027985	-0.547523	0.836323
10801	4.214234	3.639587	8.476394	-0.176989	-0.088972	0.107277	0.605626	0.674398	0.422379	-0.795325	0.495648	0.348987	0.026005	-0.547285	0.836542
10802	4.239297	3.783695	8.500856	-0.126020	-0.106636	0.114789	0.604759	0.674366	0.423671	-0.796037	0.495593	0.347438	0.024332	-0.547374	0.836534
10803	4.472929	3.812090	8.587924	-0.202353	-0.115529	0.126778	0.603805	0.674316	0.425109	-0.796830	0.495894	0.345183	0.021953	-0.547163	0.836738
10804	4.290200	3.708683	8.639934	-0.215283	-0.108739	0.133715	0.602781	0.674367	0.426480	-0.797667	0.496199	0.342802	0.019555	-0.546823	0.837020
10805	4.438587	3.857929	8.675023	-0.183439	-0.149425	0.138818	0.601714	0.674207	0.428235	-0.798527	0.496288	0.340665	0.017151	-0.546940	0.836996
10806	4.195164	4.150118	8.714009	-0.206503	-0.150970	0.158779	0.600489	0.674151	0.430038	-0.799500	0.496377	0.338245	0.014568	-0.546928	0.837053
10807	4.022800	4.433750	8.818680	-0.267134	-0.214198	0.199375	0.599058	0.673860	0.432484	-0.800628	0.496604	0.335230	0.011124	-0.547081	0.837006
10808	3.288409	4.898092	9.255360	-0.352263	-0.290455	0.245964	0.597132	0.673474	0.435735	-0.802116	0.496904	0.331204	0.006539	-0.547283	0.836922
10809	1.628819	5.871687	10.025176	-0.593384	-0.551593	0.269443	0.595021	0.671756	0.441241	-0.803709	0.498353	0.325110	-0.001499	-0.548076	0.836427
10810	2.352924	4.985529	9.904825	-1.178100	-1.038451	0.476506	0.591107	0.668424	0.451444	-0.806410	0.501652	0.313125	-0.017168	-0.549139	0.835554
10811	2.179403	2.218604	10.927098	-1.405906	-1.145340	0.994184	0.582780	0.667098	0.464056	-0.811863	0.502761	0.296832	-0.035293	-0.549738	0.834591
10812	1.705939	3.420434	10.033602	0.163640	-1.743525	1.048741	0.573561	0.662618	0.481628	-0.817977	0.494908	0.293224	-0.044066	-0.562142	0.825866
10813	4.977729	7.125513	10.431230	0.010926	-2.334077	1.251304	0.562134	0.655440	0.504384	-0.825065	0.486613	0.287184	-0.057208	-0.577586	0.814323
10814	3.970706	5.455779	10.219659	-1.277560	-2.024237	1.651080	0.547082	0.651666	0.525387	-0.833338	0.483276	0.268315	-0.079055	-0.584615	0.807450
10815	4.611529	4.374010	10.215668	-0.672473	-2.704083	1.891002	0.528788	0.644747	0.551983	-0.842933	0.474971	0.252719	-0.099236	-0.598919	0.794637
10816	6.192154	6.104185	10.162198	-0.199078	-2.522043	2.129725	0.508049	0.639415	0.577092	-0.853747	0.462533	0.239121	-0.114026	-0.614176	0.780888
10817	5.700071	5.176345	9.921256	-0.818150	-2.427227	2.414959	0.484189	0.635476	0.601441	-0.864789	0.452093	0.218520	-0.133043	-0.625925	0.768451
10818	7.094422	3.024501	8.942444	-0.780910	-2.708671	2.561128	0.458048	0.629754	0.627377	-0.875727	0.440861	0.196836	-0.152628	-0.639571	0.753428
10819	9.000649	2.792945	8.033525	0.014140	-2.582818	2.608255	0.430923	0.624333	0.651547	-0.887383	0.424309	0.180316	-0.163880	-0.655874	0.736867
10820	9.137202	4.624852	8.906259	0.152194	-2.327311	2.714774	0.402782	0.620152	0.673186	-0.898942	0.406436	0.163440	-0.172249	-0.670986	0.721185
10821	6.401079	6.561449	8.704528	0.392393	-2.010710	2.759369	0.374274	0.617476	0.691840	-0.910386	0.386589	0.147468	-0.176400	-0.685035	0.706831
10822	7.887634	9.612121	11.243865	-0.094574	-2.156746	2.799340	0.344770	0.613136	0.710773	-0.920267	0.370048	0.127173	-0.185046	-0.697946	0.691830
10823	4.319060	8.778621	11.987077	-0.484891	-0.808051	2.692805	0.318344	0.617258	0.719479	-0.928309	0.356778	0.104655	-0.192095	-0.701215	0.686584
10824	-0.982597	7.825169	11.305856	-0.479907	-0.399418	2.319338	0.295982	0.622588	0.724417	-0.934486	0.345798	0.084622	-0.197817	-0.702003	0.684149
10825	2.652451	6.395513	11.925601	-1.114771	-1.363796	1.422842	0.279905	0.617902	0.734745	-0.936312	0.344767	0.066753	-0.212069	-0.706635	0.675051
10826	8.492835	4.869487	13.292542	-0.870908	-0.388249	0.326936	0.276025	0.616278	0.737572	-0.935322	0.348932	0.058479	-0.221323	-0.706008	0.672732
10827	-1.260162	5.514061	11.092923	2.249351	2.253905	-0.617859	0.286378	0.630048	0.721822	-0.938323	0.336772	0.078319	-0.193745	-0.699732	0.687633
10828	-3.746643	11.898066	8.514817	2.962220	1.627057	-1.210805	0.300659	0.637415	0.709441	-0.940015	0.323756	0.107489	-0.161171	-0.699202	0.696520
10829	-4.993600	9.976392	7.697629	-0.446619	1.178505	-1.067224	0.312627	0.642164	0.699922	-0.936025	0.333645	0.111973	-0.161621	-0.690150	0.705388
10830	-3.907397	3.775100	7.454234	-0.449562	0.276878	-1.185099	0.324166	0.640037	0.696612	-0.931506	0.344370	0.117071	-0.164962	-0.686849	0.707832
10831	-0.720207	3.568875	8.852854	0.703751	0.670424	-1.500856	0.339110	0.639551	0.689912	-0.927722	0.348958	0.132515	-0.156000	-0.684984	0.711661
10832	-1.223003	4.138697	9.596364	0.945771	1.474251	-1.750521	0.357528	0.643438	0.676876	-0.923022	0.353769	0.151251	-0.142137	-0.678848	0.720391
10833	-1.159038	4.772990	10.028634	1.038764	1.229378	-1.954736	0.377145	0.644944	0.664688	-0.917285	0.359202	0.171937	-0.127868	-0.674553	0.727068
10834	0.654223	5.373754	10.664210	0.841410	1.422467	-2.123330	0.398292	0.646767	0.650427	-0.910060	0.367297	0.192049	-0.114689	-0.668420	0.734889
10835	0.822913	4.598339	10.817636	0.725487	1.826023	-2.282132	0.420817	0.650613	0.632152	-0.901570	0.377103	0.212050	-0.100425	-0.659164	0.745264
10836	1.467936	4.108530	11.034003	0.701422	1.830906	-2.420865	0.444254	0.653317	0.613038	-0.891740	0.388327	0.232382	-0.086240	-0.649907	0.755105
10837	2.495321	3.325507	11.236663	0.561594	2.024125	-2.527253	0.468188	0.656616	0.591317	-0.880710	0.401105	0.251922	-0.071764	-0.638725	0.766081
10838	3.007956	2.682461	11.341768	0.723117	2.162727	-2.610256	0.492412	0.659659	0.567786	-0.868618	0.413737	0.272625	-0.055074	-0.627433	0.776721
10839	4.246645	3.105717	12.141508	0.895315	2.206532	-2.692785	0.516501	0.662356	0.542689	-0.855531	0.425790	0.294568	-0.035963	-0.616431	0.786587
10840	5.911897	3.410815	12.922989	0.849928	2.388566	-2.767832	0.540626	0.664952	0.515328	-0.841108	0.439002	0.315934	-0.016149	-0.604248	0.796632
10841	6.654241	3.727942	13.065433	0.981045	2.749587	-2.840101	0.564268	0.669018	0.483753	-0.825558	0.451910	0.337983	0.007504	-0.590079	0.807311
10842	6.819517	4.120928	12.858531	0.921857	2.925752	-2.856124	0.587055	0.672938	0.450023	-0.808920	0.465736	0.358803	0.031860	-0.574670	0.817765
10843	7.090656	3.771674	12.299835	0.666838	3.057982	-2.806092	0.608009	0.677269	0.414284	-0.791971	0.480758	0.376369	0.055733	-0.556937	0.828683
10844	7.095258	3.480731	11.817527	0.633622	3.136672	-2.714228	0.627163	0.681186	0.377693	-0.774764	0.495752	0.392391	0.080049	-0.538716	0.838676
10845	7.299794	3.646867	11.393139	0.541569	3.122844	-2.587143	0.643932	0.684999	0.340775	-0.757940	0.510427	0.406191	0.104300	-0.519847	0.847869
10846	7.568099	3.541644	10.801906	0.402081	3.110044	-2.431034	0.658574	0.688265	0.304256	-0.741628	0.525097	0.417446	0.127550	-0.500564	0.856252
10847	7.488154	3.747825	10.332339	0.434690	3.059637	-2.293926	0.670963	0.691357	0.268018	-0.725894	0.538692	0.427655	0.151283	-0.481493	0.863295
10848	7.744641	4.066993	10.024751	0.380841	2.932847	-2.184035	0.681898	0.693286	0.233171	-0.710489	0.552041	0.436413	0.173839	-0.463255	0.869008
10849	8.253748	4.062805	9.679471	0.367291	2.852967	-2.102771	0.691249	0.694721	0.198842	-0.695485	0.564919	0.444036	0.196151	-0.445231	0.873667
10850	8.607053	4.291478	9.027054	0.525645	2.797092	-2.043818	0.699515	0.695262	0.165198	-0.680170	0.576852	0.452339	0.219199	-0.428781	0.876412
10851	8.549758	4.201965	8.265735	0.489903	2.691203	-1.978659	0.706490	0.695229	0.132397	-0.665236	0.588511	0.459473	0.241522	-0.412688	0.878268
10852	8.284731	3.228449	7.212177	0.481175	2.512647	-1.903655	0.712697	0.694089	0.101504	-0.650505	0.599809	0.465910	0.262500	-0.398081	0.878991
10853	7.489282	2.175982	6.373451	0.641780	2.287725	-1.819215	0.718045	0.692187	0.072723	-0.635829	0.609883	0.473037	0.283078	-0.385901	0.878036
10854	7.798859	0.794970	6.205022	0.625354	1.814103	-1.750702	0.723775	0.688332	0.048466	-0.621376	0.619605	0.479563	0.300069	-0.377211	0.876168
10855	9.333793	0.268139	6.224630	0.945805	1.608022	-1.706311	0.729163	0.683845	0.026049	-0.606164	0.627730	0.488386	0.317628	-0.371903	0.872239
10856	10.026063	0.739919	5.951836	1.245399	1.623324	-1.586979	0.733359	0.679829	0.004092	-0.590475	0.633962	0.499431	0.336934	-0.368679	0.866344
10857	10.152850	0.267075	4.937173	0.891093	1.520050	-1.302892	0.735674	0.677155	-0.015645	-0.577894	0.639547	0.506969	0.353303	-0.363923	0.861822
10858	10.346472	-1.508111	3.597410	0.614698	1.331853	-0.892872	0.736014	0.676226	-0.031656	-0.569104	0.643390	0.512024	0.366612	-0.358841	0.858387
10859	10.633732	-2.356937	2.494742	0.691000	1.115821	-0.448646	0.734320	0.677405	-0.043551	-0.563318	0.643932	0.517711	0.378744	-0.355633	0.854446
10860	10.874667	-1.677601	1.638711	0.754262	0.870116	0.016381	0.730899	0.680585	-0.050888	-0.560536	0.641164	0.524126	0.389340	-0.354559	0.850119
10861	10.974657	-0.685128	0.996915	0.545212	0.567489	0.442670	0.726194	0.685414	-0.053376	-0.561631	0.636237	0.528936	0.396500	-0.354133	0.846982
10862	11.009219	0.209347	0.202475	0.375471	0.229222	0.752823	0.721051	0.690978	-0.051326	-0.565578	0.629747	0.532485	0.400258	-0.354920	0.844882
10863	11.035199	1.749525	-0.299918	0.306728	-0.138283	0.973270	0.716085	0.696564	-0.044958	-0.571340	0.621916	0.535529	0.400990	-0.357798	0.843319
10864	10.698174	2.970239	-0.249448	-0.048123	-0.571473	1.106057	0.712013	0.701332	-0.034221	-0.579425	0.614381	0.535540	0.396616	-0.361483	0.843816
10865	-8.281588	12.987338	10.681733	0.084599	1.051942	0.606059	0.704375	0.708713	-0.039771	-0.583316	0.609853	0.536491	0.404473	-0.354691	0.842969
10866	-11.900050	13.722710	12.821248	-0.540986	-0.979387	0.887091	0.703089	0.710598	-0.026766	-0.591715	0.605509	0.532196	0.394385	-0.358343	0.846198
10867	-8.766370	11.625781	12.131412	-1.907379	-2.416448	0.532445	0.709208	0.704991	-0.003353	-0.602640	0.608700	0.516052	0.365853	-0.363968	0.856551
10868	-6.831175	7.202845	2.431983	0.091965	-1.136680	0.565075	0.709922	0.704219	0.009292	-0.606311	0.604402	0.516802	0.358325	-0.372523	0.856054
10869	-7.759968	2.868597	0.182195	-1.412873	-2.447350	0.738747	0.713881	0.699437	0.034095	-0.616424	0.604560	0.504509	0.332260	-0.381176	0.862733
10870	1.170775	2.835622	8.708620	-2.570859	-6.588485	0.797751	0.728726	0.678161	0.095167	-0.629900	0.609273	0.481676	0.268671	-0.410955	0.871167
10871	15.858430	-1.927050	10.277436	-1.979968	-3.258553	0.555573	0.733409	0.667960	0.126257	-0.638873	0.613813	0.463762	0.232276	-0.420789	0.876917
10872	-2.248159	-5.529960	11.577724	0.141376	-1.417099	0.427360	0.733911	0.664525	0.140644	-0.641677	0.610387	0.464412	0.222766	-0.431085	0.874380
10873	2.260524	-2.767300	12.322500	0.222371	-3.955073	0.873969	0.736542	0.652245	0.179118	-0.647633	0.603651	0.464948	0.195135	-0.458457	0.867029
10874	9.733764	-3.879998	13.145766	0.002639	-2.905924	1.273785	0.733607	0.646270	0.210135	-0.656982	0.595392	0.462475	0.173771	-0.477330	0.861371
10875	7.197237	1.511853	11.539870	2.125323	-2.422665	1.172620	0.730004	0.641290	0.236308	-0.661941	0.577382	0.477979	0.170083	-0.505348	0.845987
10876	6.232966	9.052559	10.997957	1.580183	-2.318875	1.072084	0.726763	0.635391	0.260947	-0.667103	0.562389	0.488562	0.163674	-0.529147	0.832595
10877	7.446833	13.566227	10.515678	0.981879	-2.368588	1.005399	0.723800	0.628189	0.285468	-0.672825	0.550782	0.493909	0.153038	-0.549562	0.821317
10878	7.925441	16.294262	9.320103	0.519878	-1.935527	0.921919	0.720445	0.622432	0.305840	-0.678703	0.542147	0.495418	0.142554	-0.564496	0.813033
10879	10.204358	15.561433	10.225427	-0.828004	-1.798002	1.343941	0.713700	0.619416	0.327041	-0.689398	0.538553	0.484449	0.123946	-0.571213	0.811390
10880	7.566413	7.663916	8.167992	-1.996207	-0.951084	1.480361	0.704495	0.621982	0.341798	-0.702152	0.540745	0.463225	0.103292	-0.566334	0.817678
10881	6.413701	3.781084	9.926673	-1.962931	-1.152452	1.433217	0.695480	0.623137	0.357782	-0.713937	0.542960	0.442141	0.081253	-0.562933	0.822499
10882	6.996374	2.276516	8.947858	-1.107893	-0.845430	1.218172	0.687370	0.624974	0.370042	-0.723171	0.541617	0.428573	0.067426	-0.562192	0.824254
10883	5.491400	3.399969	9.573674	-0.941341	-0.677530	1.072234	0.680062	0.626862	0.380210	-0.731022	0.540252	0.416814	0.055876	-0.561402	0.825655
10884	5.916957	3.202955	9.253928	-1.018324	-0.635405	0.945893	0.673447	0.628395	0.389344	-0.737920	0.540051	0.404746	0.044075	-0.559879	0.827401
10885	6.092149	2.557341	9.672681	-0.963413	-0.565988	0.798409	0.667825	0.629437	0.397265	-0.743584	0.540480	0.393656	0.033068	-0.558293	0.828984
10886	6.323256	1.800792	9.620536	-0.697966	-0.419597	0.605523	0.663447	0.630355	0.403101	-0.747804	0.540584	0.385432	0.025049	-0.557154	0.830031
10887	5.079963	1.952937	9.631824	-0.365655	-0.336271	0.446348	0.660255	0.630782	0.407649	-0.750775	0.539880	0.380614	0.020003	-0.557355	0.830033
10888	5.098463	2.391100	9.314885	-0.167104	-0.326280	0.321513	0.657913	0.630681	0.411572	-0.752911	0.538810	0.377899	0.016575	-0.558502	0.829338
10889	4.817187	2.749876	8.971480	-0.012450	-0.271454	0.230167	0.656288	0.630300	0.414739	-0.754369	0.537495	0.376864	0.014617	-0.560197	0.828230
10890	4.502839	3.280543	8.875741	0.131497	-0.291633	0.172359	0.655043	0.629574	0.417798	-0.755468	0.535697	0.377223	0.013676	-0.562730	0.826527
10891	4.578176	3.776710	8.655342	0.176574	-0.305023	0.149089	0.654021	0.628553	0.420925	-0.756366	0.533828	0.378072	0.012937	-0.565641	0.824550
10892	4.521056	4.245409	8.354151	0.214594	-0.305566	0.135390	0.653051	0.627527	0.423951	-0.757210	0.531787	0.379257	0.012542	-0.568694	0.822454
