// General information: 
//  MT Manager version: 2022.2.0 
//  XDA version: 2022.2.0 build 7381 rev 124627 built on 2023-07-19
// Device information: 
//  DeviceId: 00B4CAF0
//  ProductCode: MTW2-3A7G6
//  Firmware Version: 4.6.0
//  Hardware Version: 2.0.0
// Device settings: 
//  Filter Profile: human(46.1)
//  Option Flags: Orientation Smoother Disabled, Position/Velocity Smoother Disabled, Continuous Zero Rotation Update Disabled, AHS Disabled, ICC Disabled
// Coordinate system: ENU
PacketCounter	Acc_X	Acc_Y	Acc_Z	Gyr_X	Gyr_Y	Gyr_Z	Mat[1][1]	Mat[2][1]	Mat[3][1]	Mat[1][2]	Mat[2][2]	Mat[3][2]	Mat[1][3]	Mat[2][3]	Mat[3][3]
59682	4.969074	-0.947358	8.833218	0.013689	-0.002403	0.001255	0.789955	0.372895	0.486744	-0.375336	0.921795	-0.097040	-0.484864	-0.106036	0.868138
59683	4.969084	-0.946436	8.833311	0.008553	0.001904	0.001197	0.789940	0.372900	0.486765	-0.375393	0.921781	-0.096954	-0.484845	-0.106140	0.868136
59684	5.010045	-0.936217	8.831810	0.007358	0.002683	-0.000876	0.789949	0.372884	0.486763	-0.375401	0.921783	-0.096907	-0.484825	-0.106179	0.868142
59685	4.966872	-0.931253	8.865194	0.007290	-0.000442	0.001254	0.789965	0.372813	0.486791	-0.375349	0.921809	-0.096858	-0.484838	-0.106203	0.868132
59686	4.983695	-0.943314	8.852956	0.005426	0.001805	-0.000330	0.789968	0.372801	0.486796	-0.375351	0.921811	-0.096830	-0.484833	-0.106227	0.868132
59687	4.968449	-0.944152	8.833913	0.005280	0.003964	0.002721	0.790027	0.372737	0.486748	-0.375292	0.921839	-0.096792	-0.484781	-0.106204	0.868164
59688	5.009080	-0.934383	8.832552	0.002746	0.007679	0.001627	0.790051	0.372750	0.486700	-0.375296	0.921837	-0.096797	-0.484739	-0.106182	0.868190
59689	4.967258	-0.943464	8.834656	0.006755	0.007276	-0.002517	0.790146	0.372677	0.486602	-0.375261	0.921863	-0.096683	-0.484612	-0.106209	0.868257
59690	4.983682	-0.955400	8.822665	0.007881	0.003374	0.001686	0.790149	0.372685	0.486591	-0.375291	0.921855	-0.096644	-0.484584	-0.106250	0.868268
59691	4.962676	-0.982615	8.871780	0.005561	0.008055	-0.004591	0.790261	0.372533	0.486525	-0.375140	0.921923	-0.096580	-0.484518	-0.106191	0.868312
59692	4.956497	-0.962247	8.844302	0.006532	0.004290	-0.004259	0.790291	0.372488	0.486512	-0.375116	0.921939	-0.096524	-0.484488	-0.106216	0.868326
59693	4.978794	-0.993631	8.860070	0.007202	0.002821	-0.004748	0.790339	0.372373	0.486522	-0.375025	0.921983	-0.096449	-0.484480	-0.106231	0.868329
59694	4.995192	-0.936949	8.874697	0.011065	0.004578	-0.005841	0.790376	0.372313	0.486507	-0.375011	0.922000	-0.096345	-0.484430	-0.106297	0.868348
59695	4.964934	-0.938307	8.836512	0.009133	0.003700	-0.005295	0.790377	0.372279	0.486532	-0.375043	0.922000	-0.096223	-0.484404	-0.106418	0.868348
59696	4.946212	-0.978804	8.853933	0.010319	0.000900	-0.010144	0.790412	0.372175	0.486554	-0.374991	0.922033	-0.096105	-0.484386	-0.106491	0.868349
59697	4.955563	-0.956239	8.845477	0.014327	0.000498	-0.014288	0.790480	0.371999	0.486577	-0.374906	0.922090	-0.095896	-0.484341	-0.106617	0.868359
59698	4.970583	-0.953026	8.864902	0.014849	0.001190	-0.011727	0.790523	0.371881	0.486598	-0.374864	0.922124	-0.095731	-0.484304	-0.106731	0.868365
59699	4.972433	-0.896989	8.860062	0.011289	-0.002863	-0.009812	0.790569	0.371743	0.486628	-0.374804	0.922166	-0.095557	-0.484275	-0.106845	0.868367
59700	4.972719	-0.895643	8.860037	0.007493	-0.001496	-0.010850	0.790596	0.371631	0.486671	-0.374732	0.922205	-0.095460	-0.484287	-0.106901	0.868354
59701	4.989665	-0.907066	8.847826	0.009800	0.002235	-0.005785	0.790688	0.371476	0.486640	-0.374613	0.922266	-0.095342	-0.484229	-0.106915	0.868384
59702	4.987590	-0.892066	8.879566	0.008237	0.002184	-0.006549	0.790716	0.371406	0.486647	-0.374579	0.922288	-0.095260	-0.484209	-0.106964	0.868389
59703	4.996943	-0.938369	8.844563	0.009129	0.003704	-0.005298	0.790705	0.371375	0.486689	-0.374609	0.922288	-0.095150	-0.484203	-0.107082	0.868378
59704	4.986995	-0.890058	8.880102	0.007419	0.005813	-0.003011	0.790738	0.371342	0.486661	-0.374600	0.922298	-0.095092	-0.484158	-0.107110	0.868400
59705	4.988680	-0.902884	8.848809	0.012031	0.000819	-0.005511	0.790788	0.371241	0.486657	-0.374569	0.922326	-0.094935	-0.484100	-0.107213	0.868419
59706	4.956835	-0.958515	8.815560	0.011949	0.006104	-0.004595	0.790827	0.371194	0.486628	-0.374569	0.922337	-0.094829	-0.484036	-0.107282	0.868447
59707	4.962228	-0.976861	8.843733	0.010992	0.001460	-0.003712	0.790830	0.371116	0.486685	-0.374537	0.922359	-0.094738	-0.484057	-0.107360	0.868426
59708	4.937893	-0.997501	8.833341	0.016929	0.001939	-0.008404	0.790863	0.371029	0.486696	-0.374530	0.922379	-0.094571	-0.484006	-0.107490	0.868438
59709	4.928806	-1.016151	8.842123	0.021017	-0.003747	-0.013465	0.790966	0.370789	0.486712	-0.374399	0.922459	-0.094307	-0.483940	-0.107631	0.868457
59710	4.922226	-1.048116	8.819142	0.025105	-0.009431	-0.018525	0.790983	0.370596	0.486831	-0.374352	0.922508	-0.094020	-0.483949	-0.107878	0.868421
59711	4.949949	-1.036211	8.797774	0.032241	-0.020158	-0.026847	0.791010	0.370230	0.487066	-0.374171	0.922620	-0.093640	-0.484046	-0.108176	0.868331
59712	4.924097	-1.026336	8.849466	0.031123	-0.024663	-0.029839	0.790995	0.369916	0.487328	-0.374063	0.922704	-0.093245	-0.484153	-0.108535	0.868226
59713	4.963626	-0.870630	8.840126	0.027803	-0.034131	-0.024960	0.790940	0.369588	0.487666	-0.373936	0.922793	-0.092876	-0.484340	-0.108897	0.868076
59714	5.040791	-0.746481	8.865396	0.016793	-0.027190	-0.022466	0.790886	0.369340	0.487943	-0.373817	0.922864	-0.092641	-0.484521	-0.109133	0.867946
59715	5.028507	-0.813688	8.818599	0.015303	-0.022090	-0.018444	0.790836	0.369120	0.488189	-0.373726	0.922924	-0.092409	-0.484672	-0.109368	0.867832
59716	4.970319	-0.794634	8.863349	0.014706	-0.015470	-0.013172	0.790804	0.368969	0.488356	-0.373671	0.922964	-0.092238	-0.484768	-0.109542	0.867756
59717	5.028103	-0.850285	8.853798	0.009729	-0.011309	-0.009361	0.790787	0.368829	0.488489	-0.373608	0.923004	-0.092093	-0.484844	-0.109677	0.867697
59718	5.006200	-0.816981	8.837859	0.007413	-0.004613	-0.008724	0.790790	0.368731	0.488557	-0.373552	0.923035	-0.092007	-0.484881	-0.109744	0.867667
59719	5.030848	-0.862296	8.822005	0.002354	0.004830	-0.004000	0.790801	0.368706	0.488559	-0.373556	0.923039	-0.091947	-0.484860	-0.109792	0.867673
59720	4.991117	-0.885832	8.792566	-0.003513	0.007468	-0.001437	0.790836	0.368689	0.488515	-0.373505	0.923056	-0.091991	-0.484842	-0.109713	0.867693
59721	5.012627	-0.850074	8.835006	-0.006256	0.010215	0.002650	0.790899	0.368657	0.488437	-0.373422	0.923083	-0.092052	-0.484803	-0.109589	0.867730
59722	4.976259	-0.879698	8.865196	-0.002401	0.011979	0.001549	0.790945	0.368673	0.488351	-0.373401	0.923087	-0.092101	-0.484746	-0.109504	0.867773
59723	5.008961	-0.905466	8.841194	-0.007598	0.013151	0.003623	0.791003	0.368643	0.488280	-0.373298	0.923118	-0.092203	-0.484730	-0.109341	0.867803
59724	4.975750	-0.894986	8.834921	-0.004780	0.015555	0.004322	0.791055	0.368688	0.488161	-0.373287	0.923114	-0.092286	-0.484653	-0.109221	0.867861
59725	4.983709	-0.874912	8.826877	-0.007966	0.012325	0.004934	0.791092	0.368699	0.488092	-0.373237	0.923125	-0.092381	-0.484631	-0.109092	0.867889
59726	5.031300	-0.899631	8.822141	-0.006709	0.014674	0.004871	0.791139	0.368748	0.487980	-0.373221	0.923121	-0.092484	-0.484568	-0.108957	0.867941
59727	4.998030	-0.889377	8.815875	-0.009309	0.015261	0.005908	0.791245	0.368698	0.487846	-0.373078	0.923168	-0.092599	-0.484504	-0.108736	0.868005
59728	4.972218	-0.912660	8.806113	-0.008358	0.019906	0.005020	0.791316	0.368754	0.487688	-0.373054	0.923165	-0.092716	-0.484406	-0.108567	0.868081
59729	4.902145	-0.985786	8.834425	-0.005126	0.006323	0.006858	0.791385	0.368682	0.487630	-0.372907	0.923215	-0.092815	-0.484406	-0.108388	0.868103
59730	4.968506	-0.900203	8.838467	-0.003051	0.005043	0.003260	0.791391	0.368705	0.487603	-0.372895	0.923213	-0.092878	-0.484406	-0.108322	0.868111
59731	4.975842	-0.933968	8.835018	-0.000147	0.002162	0.003049	0.791340	0.368722	0.487674	-0.372897	0.923207	-0.092927	-0.484489	-0.108316	0.868066
59732	4.988478	-0.872845	8.789837	0.001719	-0.000080	0.004636	0.791315	0.368752	0.487691	-0.372920	0.923196	-0.092955	-0.484511	-0.108313	0.868054
59733	4.814331	-0.864485	8.831728	-0.008227	-0.002191	0.006556	0.791339	0.368687	0.487701	-0.372787	0.923239	-0.093061	-0.484575	-0.108166	0.868036
59734	4.905506	-0.880266	8.823862	-0.016850	-0.027173	0.012086	0.791156	0.368757	0.487946	-0.372778	0.923220	-0.093286	-0.484881	-0.108091	0.867875
59735	4.682179	-0.958530	8.879546	-0.020228	-0.039766	0.019102	0.790892	0.368838	0.488312	-0.372773	0.923194	-0.093559	-0.485315	-0.108035	0.867639
59736	4.951172	-0.984442	8.827372	-0.019647	-0.074713	0.019621	0.790449	0.368926	0.488962	-0.372810	0.923150	-0.093845	-0.486007	-0.108110	0.867242
59737	5.024406	-0.900755	8.827339	-0.013351	-0.071365	0.020525	0.789995	0.369032	0.489616	-0.372909	0.923088	-0.094060	-0.486670	-0.108275	0.866850
59738	4.957555	-0.901579	8.818491	-0.020350	-0.073217	0.020094	0.789556	0.369125	0.490252	-0.372945	0.923043	-0.094355	-0.487353	-0.108338	0.866458
59739	5.097597	-1.036508	8.843390	-0.005447	-0.075261	0.014336	0.789151	0.369125	0.490904	-0.372982	0.923018	-0.094457	-0.487980	-0.108558	0.866078
59740	5.077072	-0.931817	8.791206	-0.009559	-0.071592	0.012475	0.788749	0.369149	0.491532	-0.373011	0.922990	-0.094621	-0.488609	-0.108715	0.865704
59741	5.049232	-0.976252	8.785974	-0.009518	-0.060062	0.009121	0.788447	0.369098	0.492055	-0.372963	0.922997	-0.094736	-0.489132	-0.108824	0.865394
59742	4.892823	-1.143478	8.828212	0.000931	-0.067682	0.004026	0.788094	0.369049	0.492657	-0.372976	0.922989	-0.094768	-0.489691	-0.109064	0.865048
59743	4.980314	-1.109802	8.852083	0.015244	-0.090332	0.000242	0.787678	0.368881	0.493447	-0.372974	0.923004	-0.094628	-0.490360	-0.109506	0.864613
59744	5.126099	-0.963885	8.791401	0.015318	-0.094493	-0.009746	0.787245	0.368674	0.494293	-0.372949	0.923030	-0.094468	-0.491075	-0.109977	0.864147
59745	5.135655	-0.907474	8.781958	0.019149	-0.084325	-0.012079	0.786856	0.368443	0.495084	-0.372920	0.923064	-0.094250	-0.491720	-0.110465	0.863718
59746	5.151969	-0.816244	8.795734	0.017004	-0.077755	-0.007561	0.786495	0.368274	0.495782	-0.372921	0.923081	-0.094086	-0.492296	-0.110890	0.863335
59747	5.141331	-0.802166	8.804706	0.006738	-0.060774	-0.008849	0.786225	0.368096	0.496343	-0.372864	0.923116	-0.093967	-0.492771	-0.111189	0.863026
59748	5.193385	-0.811204	8.827624	0.006775	-0.050355	-0.003140	0.785982	0.367998	0.496800	-0.372849	0.923127	-0.093913	-0.493170	-0.111418	0.862769
59749	5.127264	-0.836730	8.757915	0.005377	-0.033762	-0.002445	0.785832	0.367878	0.497126	-0.372790	0.923157	-0.093858	-0.493453	-0.111567	0.862587
59750	4.972939	-1.280000	8.756517	0.027927	-0.025938	-0.018620	0.785766	0.367665	0.497387	-0.372758	0.923201	-0.093544	-0.493581	-0.111901	0.862471
59751	4.931124	-1.310728	8.825311	0.061261	-0.058438	-0.036400	0.785601	0.367238	0.497964	-0.372755	0.923275	-0.092828	-0.493848	-0.112693	0.862215
59752	4.461742	-1.635481	8.757363	0.072395	-0.087349	-0.058647	0.785381	0.366584	0.498791	-0.372628	0.923416	-0.091931	-0.494292	-0.113663	0.861833
59753	4.282266	-1.799230	8.951182	0.075048	-0.236535	-0.077185	0.784480	0.365583	0.500939	-0.372381	0.923618	-0.090895	-0.495906	-0.115235	0.860696
59754	4.125464	-1.909527	9.003655	0.076613	-0.368225	-0.092575	0.782987	0.364286	0.504209	-0.372013	0.923874	-0.089791	-0.498535	-0.117267	0.858901
59755	4.992601	-1.045296	8.943757	0.080739	-0.512963	-0.089057	0.780765	0.362839	0.508678	-0.371720	0.924106	-0.088614	-0.502225	-0.119899	0.856385
59756	5.805459	-0.354631	8.742329	0.110687	-0.413545	-0.081231	0.778978	0.361574	0.512306	-0.371620	0.924274	-0.087272	-0.505067	-0.122400	0.854357
59757	5.379280	-0.165927	8.737520	0.075935	-0.400952	-0.051848	0.777162	0.360553	0.515773	-0.371551	0.924388	-0.086349	-0.507908	-0.124529	0.852363
59758	5.545547	-0.340527	8.557591	0.072732	-0.353879	-0.033612	0.775478	0.359785	0.518834	-0.371636	0.924426	-0.085575	-0.510412	-0.126456	0.850581
59759	5.062636	-0.368288	8.748010	0.045835	-0.345189	-0.014191	0.773797	0.359151	0.521774	-0.371694	0.924447	-0.085095	-0.512915	-0.128094	0.848829
59760	5.439202	-0.861864	8.640397	0.065956	-0.390040	-0.004971	0.771803	0.358588	0.525105	-0.371971	0.924388	-0.084529	-0.515711	-0.130084	0.846829
59761	5.573310	-0.534290	8.667310	0.083248	-0.355873	0.001889	0.769924	0.358154	0.528151	-0.372454	0.924259	-0.083812	-0.518166	-0.132183	0.845004
59762	5.649551	-0.825593	8.537492	0.065821	-0.332389	-0.000819	0.768193	0.357690	0.530977	-0.372765	0.924182	-0.083271	-0.520505	-0.133962	0.843285
59763	5.576948	-0.796353	8.604323	0.105561	-0.287466	-0.012726	0.766634	0.357265	0.533511	-0.373337	0.924037	-0.082312	-0.522391	-0.136076	0.841779
59764	5.681644	-0.820696	8.587451	0.114696	-0.264014	-0.019069	0.765317	0.356714	0.535767	-0.373767	0.923956	-0.081263	-0.524012	-0.138060	0.840447
59765	5.571558	-0.363469	8.616441	0.120275	-0.235100	-0.016351	0.764080	0.356267	0.537825	-0.374321	0.923827	-0.080171	-0.525419	-0.140061	0.839236
59766	5.622417	-0.545622	8.463979	0.080310	-0.218176	-0.001616	0.762931	0.355931	0.539675	-0.374707	0.923728	-0.079507	-0.526812	-0.141562	0.838111
59767	5.733518	-0.282031	8.411645	0.067907	-0.180030	0.006014	0.761927	0.355702	0.541242	-0.375077	0.923622	-0.078990	-0.528001	-0.142823	0.837148
59768	5.686082	-0.506246	8.412292	0.039532	-0.139416	0.000552	0.761180	0.355494	0.542428	-0.375266	0.923572	-0.078681	-0.528942	-0.143665	0.836410
59769	5.678652	-0.613997	8.398824	0.016832	-0.112779	-0.004290	0.760604	0.355233	0.543407	-0.375260	0.923588	-0.078513	-0.529774	-0.144202	0.835790
59770	5.699391	-0.828185	8.435112	0.008669	-0.085676	0.001154	0.760138	0.355106	0.544141	-0.375291	0.923580	-0.078465	-0.530421	-0.144567	0.835317
59771	5.733683	-0.616323	8.353514	0.017770	-0.052852	-0.001970	0.759801	0.355020	0.544668	-0.375389	0.923553	-0.078321	-0.530835	-0.144954	0.834987
59772	5.747898	-0.418371	8.355647	-0.015378	-0.015286	0.006118	0.759689	0.355040	0.544810	-0.375329	0.923561	-0.078500	-0.531037	-0.144848	0.834877
59773	5.683320	-0.385000	8.376788	-0.038801	0.012145	0.020482	0.759667	0.355216	0.544728	-0.375258	0.923555	-0.078921	-0.531120	-0.144459	0.834891
59774	5.688467	-0.410016	8.405927	-0.068821	0.044642	0.029065	0.759787	0.355535	0.544352	-0.375089	0.923559	-0.079672	-0.531067	-0.143646	0.835065
59775	5.682561	-0.458827	8.446054	-0.092319	0.069037	0.045547	0.759979	0.356010	0.543773	-0.374911	0.923544	-0.080670	-0.530917	-0.142559	0.835346
59776	5.701108	-0.408268	8.421826	-0.120845	0.096444	0.053882	0.760281	0.356631	0.542943	-0.374656	0.923532	-0.081991	-0.530665	-0.141080	0.835758
59777	5.596760	-0.693861	8.437270	-0.130338	0.128642	0.063416	0.760721	0.357330	0.541865	-0.374377	0.923516	-0.083423	-0.530231	-0.139401	0.836315
59778	5.377296	-1.305038	8.580452	-0.136769	0.128476	0.060511	0.761168	0.358053	0.540760	-0.374089	0.923498	-0.084912	-0.529793	-0.137659	0.836880
59779	5.568095	-0.950546	8.572174	-0.098289	0.132392	0.052467	0.761706	0.358613	0.539631	-0.373839	0.923496	-0.086026	-0.529197	-0.136209	0.837495
59780	5.624163	-0.849115	8.509730	-0.090599	0.142097	0.045762	0.762278	0.359214	0.538421	-0.373684	0.923462	-0.087049	-0.528481	-0.134843	0.838168
59781	5.603450	-0.838932	8.489990	-0.068831	0.163828	0.038341	0.762975	0.359766	0.537063	-0.373612	0.923420	-0.087808	-0.527525	-0.133658	0.838959
59782	5.723229	-0.634153	8.461824	-0.066531	0.194777	0.038952	0.763849	0.360371	0.535414	-0.373534	0.923376	-0.088593	-0.526315	-0.132324	0.839930
59783	5.663090	-0.720631	8.451262	-0.078912	0.228723	0.040517	0.764894	0.360972	0.533513	-0.373328	0.923371	-0.089511	-0.524942	-0.130709	0.841042
59784	5.732812	-0.607376	8.505793	-0.085573	0.275801	0.042136	0.766174	0.361706	0.531174	-0.373178	0.923338	-0.090474	-0.523178	-0.128904	0.842418
59785	5.538419	-0.887044	8.526538	-0.088887	0.315579	0.045022	0.767702	0.362409	0.528481	-0.372930	0.923342	-0.091448	-0.521111	-0.126881	0.844005
59786	5.448657	-1.056864	8.576019	-0.086522	0.337121	0.042340	0.769290	0.363210	0.525615	-0.372781	0.923305	-0.092420	-0.518871	-0.124841	0.845688
59787	5.368089	-1.081350	8.638009	-0.052891	0.351460	0.034250	0.770978	0.363896	0.522660	-0.372693	0.923277	-0.093060	-0.516424	-0.123045	0.847447
59788	5.296021	-1.096544	8.659748	-0.035377	0.357194	0.033499	0.772685	0.364628	0.519619	-0.372745	0.923206	-0.093553	-0.513827	-0.121398	0.849261
59789	4.985426	-1.132174	8.722580	-0.014075	0.355268	0.020695	0.774487	0.365131	0.516575	-0.372717	0.923198	-0.093741	-0.511128	-0.119935	0.851095
59790	4.651270	-1.547548	8.799086	-0.005036	0.292046	0.015049	0.775913	0.365605	0.514093	-0.372784	0.923157	-0.093880	-0.508912	-0.118803	0.852581
59791	4.639579	-1.527446	8.800944	-0.000211	0.174935	0.007006	0.776827	0.365749	0.512609	-0.372674	0.923195	-0.093940	-0.507596	-0.118061	0.853468
59792	5.026992	-1.201218	8.772095	0.021395	0.123595	-0.003582	0.777460	0.365848	0.511577	-0.372731	0.923191	-0.093757	-0.506584	-0.117788	0.854107
59793	4.928646	-1.099159	8.653902	0.004974	0.075367	-0.008532	0.777894	0.365776	0.510968	-0.372591	0.923255	-0.093680	-0.506020	-0.117509	0.854480
59794	4.868445	-1.363592	8.847749	0.006564	0.025164	-0.017910	0.778082	0.365626	0.510790	-0.372461	0.923321	-0.093551	-0.505828	-0.117459	0.854600
59795	5.100646	-1.014368	8.759313	0.018539	-0.014858	-0.022776	0.778124	0.365306	0.510955	-0.372262	0.923427	-0.093291	-0.505909	-0.117617	0.854530
59796	5.150724	-0.867042	8.677057	0.016412	-0.029212	-0.025809	0.778065	0.365019	0.511249	-0.372120	0.923510	-0.093037	-0.506104	-0.117857	0.854382
59797	5.178186	-0.910409	8.658896	0.015199	-0.042050	-0.027600	0.777969	0.364648	0.511661	-0.371900	0.923625	-0.092777	-0.506413	-0.118109	0.854164
59798	4.530168	-1.426201	8.787385	0.006820	-0.075474	-0.034267	0.777707	0.364227	0.512358	-0.371644	0.923749	-0.092562	-0.507004	-0.118428	0.853769
59799	4.624870	-1.558506	8.882039	0.019580	-0.197574	-0.043256	0.776905	0.363505	0.514085	-0.371309	0.923924	-0.092162	-0.508477	-0.119283	0.852774
59800	4.560283	-1.653137	8.950675	0.044170	-0.288397	-0.060687	0.775654	0.362583	0.516618	-0.371038	0.924100	-0.091491	-0.510580	-0.120719	0.851314
59801	5.185196	-1.496473	8.811969	0.065778	-0.368908	-0.070122	0.774024	0.361444	0.519851	-0.370765	0.924297	-0.090604	-0.513245	-0.122613	0.849439
59802	5.525308	-0.615300	8.661070	0.135615	-0.348048	-0.077612	0.772515	0.360281	0.522894	-0.370837	0.924417	-0.089067	-0.515462	-0.125103	0.847731
59803	5.529812	-0.841895	8.523560	0.112375	-0.332320	-0.079569	0.771050	0.359123	0.525844	-0.370768	0.924569	-0.087770	-0.517699	-0.127291	0.846041
59804	5.571935	-0.713849	8.646161	0.152451	-0.302081	-0.078115	0.769766	0.357998	0.528486	-0.370932	0.924661	-0.086088	-0.519489	-0.129765	0.844566
59805	5.727430	-0.453128	8.466950	0.135935	-0.259257	-0.073711	0.768643	0.356994	0.530794	-0.371090	0.924738	-0.084572	-0.521037	-0.131967	0.843270
59806	5.634425	-0.295387	8.539113	0.125145	-0.217911	-0.063720	0.767736	0.356100	0.532705	-0.371228	0.924807	-0.083196	-0.522275	-0.133882	0.842202
59807	5.618973	-0.270812	8.523010	0.113845	-0.172105	-0.055319	0.767041	0.355321	0.534224	-0.371373	0.924863	-0.081922	-0.523192	-0.135559	0.841364
59808	5.629487	-0.505044	8.474361	0.088895	-0.145923	-0.046285	0.766442	0.354679	0.535509	-0.371459	0.924914	-0.080945	-0.524009	-0.136880	0.840642
59809	5.589669	-0.551351	8.549372	0.088190	-0.118287	-0.041191	0.765998	0.354052	0.536557	-0.371494	0.924982	-0.080007	-0.524632	-0.138042	0.840063
59810	5.582707	-0.543834	8.525680	0.072371	-0.087557	-0.042860	0.765691	0.353520	0.537347	-0.371520	0.925042	-0.079187	-0.525062	-0.139003	0.839636
59811	5.578844	-0.733488	8.517143	0.067910	-0.074318	-0.041451	0.765522	0.352907	0.537990	-0.371422	0.925151	-0.078367	-0.525378	-0.139830	0.839301
59812	5.648494	-0.815661	8.499331	0.073975	-0.049951	-0.040922	0.765404	0.352443	0.538461	-0.371472	0.925200	-0.077543	-0.525514	-0.140671	0.839075
59813	5.653366	-0.698157	8.486209	0.078563	-0.016440	-0.047528	0.765482	0.351951	0.538672	-0.371501	0.925266	-0.076615	-0.525379	-0.141470	0.839025
59814	5.505357	-0.850006	8.501980	0.071571	0.002570	-0.044084	0.765652	0.351532	0.538704	-0.371515	0.925328	-0.075795	-0.525122	-0.142104	0.839079
59815	5.351268	-0.820522	8.472810	0.069734	0.010915	-0.049906	0.765786	0.351179	0.538744	-0.371643	0.925348	-0.074922	-0.524837	-0.142846	0.839131
59816	5.166567	-1.175481	8.638842	0.066129	-0.035795	-0.050000	0.765777	0.350650	0.539102	-0.371582	0.925437	-0.074116	-0.524894	-0.143564	0.838973
59817	5.618912	-0.632222	8.452313	0.097252	-0.034460	-0.056902	0.765756	0.350087	0.539497	-0.371674	0.925488	-0.073012	-0.524858	-0.144608	0.838816
59818	5.519999	-0.241723	8.501535	0.064170	-0.036644	-0.049411	0.765740	0.349562	0.539860	-0.371608	0.925576	-0.072225	-0.524929	-0.145311	0.838650
59819	5.629350	-0.054256	8.550737	0.050422	-0.015358	-0.036216	0.765714	0.349243	0.540104	-0.371631	0.925611	-0.071654	-0.524950	-0.145853	0.838543
59820	5.588906	-0.212592	8.472914	0.006779	-0.004451	-0.012828	0.765731	0.349102	0.540170	-0.371543	0.925655	-0.071545	-0.524988	-0.145912	0.838509
59821	5.553783	-0.418786	8.492384	-0.016773	0.007277	-0.001348	0.765788	0.349032	0.540134	-0.371375	0.925713	-0.071665	-0.525023	-0.145712	0.838522
59822	5.522300	-0.331029	8.412680	-0.033989	0.017145	0.009934	0.765834	0.349134	0.540004	-0.371248	0.925737	-0.072021	-0.525046	-0.145319	0.838575
59823	5.481965	-0.183350	8.399283	-0.065491	0.017155	0.021215	0.765873	0.349266	0.539863	-0.370966	0.925798	-0.072680	-0.525188	-0.144608	0.838609
59824	5.445212	-0.369038	8.481472	-0.098365	0.005643	0.039018	0.765750	0.349620	0.539807	-0.370723	0.925812	-0.073733	-0.525539	-0.143658	0.838553
59825	5.436483	-0.317688	8.547365	-0.106124	-0.001849	0.048779	0.765645	0.349907	0.539771	-0.370348	0.925871	-0.074872	-0.525956	-0.142577	0.838476
59826	5.622344	-0.362798	8.582443	-0.138027	0.007848	0.063176	0.765445	0.350488	0.539677	-0.370079	0.925854	-0.076388	-0.526436	-0.141253	0.838399
59827	5.672522	-0.789057	8.544523	-0.126912	0.036334	0.062359	0.765374	0.351104	0.539378	-0.369909	0.925809	-0.077749	-0.526659	-0.140014	0.838467
59828	5.793944	-0.501670	8.505175	-0.113200	0.077766	0.060155	0.765554	0.351754	0.538699	-0.369748	0.925764	-0.079040	-0.526511	-0.138674	0.838782
59829	5.867154	-0.607630	8.382403	-0.137622	0.127423	0.061245	0.765964	0.352469	0.537647	-0.369446	0.925753	-0.080566	-0.526125	-0.136921	0.839312
59830	5.691446	-1.061107	8.474154	-0.134979	0.176751	0.052833	0.766691	0.353183	0.536141	-0.369116	0.925759	-0.082000	-0.525298	-0.135029	0.840136
59831	5.588197	-1.282510	8.577043	-0.114434	0.209545	0.031738	0.767729	0.353631	0.534357	-0.368627	0.925855	-0.083101	-0.524124	-0.133180	0.841164
59832	5.522314	-1.228771	8.558207	-0.090402	0.219316	0.009208	0.768836	0.353991	0.532524	-0.368199	0.925951	-0.083928	-0.522801	-0.131548	0.842243
59833	5.404312	-1.146348	8.678739	-0.078834	0.224449	-0.007889	0.770009	0.354182	0.530699	-0.367677	0.926098	-0.084591	-0.521440	-0.129990	0.843328
59834	5.444061	-1.031635	8.693756	-0.054806	0.214652	-0.008513	0.771150	0.354365	0.528916	-0.367301	0.926208	-0.085026	-0.520016	-0.128703	0.844404
59835	5.362639	-0.754118	8.766390	-0.050817	0.219487	-0.008025	0.772378	0.354446	0.527068	-0.366832	0.926359	-0.085399	-0.518524	-0.127385	0.845521
59836	5.377172	-0.797589	8.720476	-0.050467	0.219348	-0.000354	0.773508	0.354705	0.525234	-0.366542	0.926433	-0.085842	-0.517042	-0.126121	0.846617
59837	5.260932	-0.755190	8.745765	-0.052054	0.209992	0.009106	0.774572	0.354974	0.523480	-0.366228	0.926507	-0.086376	-0.515670	-0.124809	0.847648
59838	5.243432	-0.842898	8.698622	-0.052909	0.205359	0.013803	0.775572	0.355342	0.521748	-0.366037	0.926533	-0.086914	-0.514300	-0.123571	0.848661
59839	5.137143	-0.917084	8.660957	-0.054575	0.191813	0.013276	0.776600	0.355531	0.520087	-0.365679	0.926628	-0.087405	-0.513002	-0.122306	0.849629
59840	5.054848	-0.940733	8.694698	-0.049122	0.170709	0.023332	0.777382	0.355939	0.518636	-0.365583	0.926613	-0.087962	-0.511884	-0.121225	0.850458
59841	5.073423	-1.025022	8.681779	-0.040011	0.136812	0.016524	0.778034	0.356185	0.517489	-0.365405	0.926640	-0.088422	-0.511020	-0.120297	0.851109
59842	5.104628	-1.032955	8.653197	-0.027836	0.110395	0.015204	0.778536	0.356443	0.516557	-0.365355	0.926627	-0.088756	-0.510292	-0.119627	0.851641
59843	5.008376	-0.981548	8.630844	-0.017165	0.086999	0.011032	0.778975	0.356552	0.515819	-0.365252	0.926650	-0.088940	-0.509695	-0.119122	0.852069
59844	4.957954	-1.155998	8.652759	-0.010231	0.051323	0.006164	0.779207	0.356654	0.515397	-0.365222	0.926649	-0.089077	-0.509361	-0.118825	0.852310
59845	4.931712	-1.056368	8.665604	-0.000135	0.015751	0.002788	0.779319	0.356599	0.515265	-0.365159	0.926678	-0.089037	-0.509235	-0.118766	0.852393
59846	4.650428	-1.113294	8.585263	-0.001526	-0.047073	0.004332	0.779057	0.356568	0.515683	-0.365159	0.926673	-0.089090	-0.509636	-0.118900	0.852135
59847	4.776211	-1.096433	8.672342	-0.001984	-0.121960	0.007374	0.778349	0.356524	0.516781	-0.365251	0.926630	-0.089155	-0.510651	-0.119361	0.851463
59848	4.799407	-1.021751	8.650760	-0.003690	-0.184575	0.004996	0.777380	0.356334	0.518368	-0.365245	0.926625	-0.089230	-0.512129	-0.119966	0.850489
59849	5.144112	-0.710643	8.757884	-0.002588	-0.240562	0.013227	0.776016	0.356225	0.520484	-0.365368	0.926560	-0.089402	-0.514107	-0.120791	0.849178
59850	5.288382	-0.751602	8.709237	-0.023372	-0.252519	0.024193	0.774619	0.356128	0.522626	-0.365409	0.926511	-0.089744	-0.516179	-0.121455	0.847825
59851	5.438010	-0.853897	8.723828	-0.027211	-0.257359	0.031256	0.773172	0.356058	0.524812	-0.365440	0.926457	-0.090173	-0.518323	-0.122068	0.846428
59852	5.269800	-1.096630	8.697159	-0.027452	-0.273864	0.033520	0.771620	0.356017	0.527119	-0.365530	0.926380	-0.090599	-0.520567	-0.122770	0.844948
59853	5.331264	-1.239041	8.725513	-0.011266	-0.296552	0.024306	0.770008	0.355805	0.529613	-0.365597	0.926335	-0.090787	-0.522902	-0.123718	0.843367
59854	5.642390	-1.293972	8.662972	0.017619	-0.304250	0.015453	0.768350	0.355554	0.532184	-0.365782	0.926267	-0.090738	-0.525206	-0.124945	0.841752
59855	5.721419	-1.016130	8.675696	0.038569	-0.296547	0.005763	0.766776	0.355179	0.534698	-0.365949	0.926227	-0.090472	-0.527385	-0.126300	0.840186
59856	5.742000	-0.733347	8.705947	0.059154	-0.271877	0.003280	0.765321	0.354848	0.536998	-0.366260	0.926149	-0.090011	-0.529280	-0.127794	0.838768
59857	5.207613	-0.820809	8.859589	0.070578	-0.272865	-0.009606	0.763867	0.354424	0.539343	-0.366622	0.926073	-0.089316	-0.531126	-0.129509	0.837336
59858	5.301402	-0.631110	8.933405	0.060092	-0.325880	-0.026089	0.762221	0.353742	0.542113	-0.366716	0.926096	-0.088690	-0.533421	-0.131200	0.835612
59859	5.256437	-0.307508	8.923261	-0.044052	-0.361145	-0.067615	0.760556	0.352577	0.545201	-0.365919	0.926415	-0.088647	-0.536337	-0.132078	0.833605
59860	4.625026	-0.832962	8.981104	-0.238664	-0.458059	-0.147341	0.758619	0.350592	0.549165	-0.363488	0.927256	-0.089844	-0.540716	-0.131458	0.830870
59861	5.037139	-2.974944	9.268081	0.237290	-0.546559	-0.101779	0.756089	0.348789	0.553783	-0.363799	0.927370	-0.087384	-0.544039	-0.135396	0.828063
59862	4.229806	0.770942	9.513448	0.084090	-0.829922	-0.113177	0.751953	0.346584	0.560755	-0.363379	0.927657	-0.086075	-0.550020	-0.139042	0.823496
59863	6.969974	-1.788468	8.312668	0.346093	-0.858362	-0.098323	0.747610	0.344363	0.567886	-0.364444	0.927548	-0.082677	-0.555212	-0.145153	0.818945
59864	5.570068	0.060990	9.134758	0.525372	-0.682665	-0.058565	0.744015	0.342788	0.573532	-0.366906	0.926977	-0.078065	-0.558410	-0.152351	0.815455
59865	5.599451	-0.336100	9.378526	0.629370	-0.795151	0.002690	0.739512	0.341577	0.580041	-0.370443	0.925982	-0.073008	-0.562045	-0.160882	0.811309
59866	4.748837	0.420994	10.264012	0.630692	-0.975119	0.072273	0.733730	0.340616	0.587896	-0.374508	0.924701	-0.068345	-0.566907	-0.170025	0.806045
59867	4.393008	-0.393939	10.297640	0.438074	-1.442916	0.132306	0.724962	0.339316	0.599412	-0.377945	0.923496	-0.065666	-0.575837	-0.178940	0.797742
59868	3.369388	0.220254	10.260993	0.231737	-1.920436	0.118148	0.713322	0.336870	0.614565	-0.380117	0.922682	-0.064563	-0.588797	-0.187552	0.786220
59869	3.174465	-1.484921	9.086619	-0.026581	-2.648990	0.102347	0.697095	0.332694	0.635116	-0.380602	0.922420	-0.065450	-0.607619	-0.196102	0.769639
59870	3.871891	-0.464749	9.034524	-0.076770	-3.225290	0.111301	0.676701	0.327218	0.659549	-0.380863	0.922218	-0.066766	-0.630095	-0.206017	0.748691
59871	3.623013	-1.181824	8.201204	-0.128934	-3.836332	0.067529	0.651758	0.319708	0.687748	-0.380491	0.922270	-0.068149	-0.656077	-0.217266	0.722743
59872	4.020076	-0.736028	8.021401	-0.164362	-4.415210	0.041830	0.621982	0.310208	0.718964	-0.379626	0.922517	-0.069616	-0.684852	-0.229638	0.691552
59873	3.691068	-0.776800	7.421747	-0.256564	-5.024962	-0.035123	0.586734	0.298191	0.752878	-0.377725	0.923171	-0.071270	-0.716287	-0.242564	0.654290
59874	5.220282	-1.213097	6.944079	-0.345411	-5.480848	-0.136050	0.547077	0.283269	0.787697	-0.374393	0.924438	-0.072417	-0.748690	-0.255290	0.611792
59875	8.123822	-1.589400	7.423880	-0.364660	-5.587579	-0.165976	0.504724	0.267274	0.820864	-0.371038	0.925722	-0.073276	-0.779477	-0.267587	0.566403
59876	11.255544	-1.812012	8.022423	-0.348926	-5.197857	-0.143398	0.464026	0.251748	0.849295	-0.367546	0.927058	-0.073984	-0.805971	-0.277825	0.522708
59877	10.260580	-1.267498	7.502640	-0.232839	-5.000476	-0.286046	0.423791	0.235148	0.874704	-0.364629	0.928295	-0.072894	-0.829124	-0.288051	0.479145
59878	11.835842	-1.064928	8.387311	-0.199804	-4.996159	-0.470117	0.383526	0.216131	0.897884	-0.361023	0.929953	-0.069641	-0.850041	-0.297447	0.434689
59879	10.766225	-1.663314	7.535822	-0.121910	-4.924632	-0.639551	0.343069	0.195433	0.918754	-0.357915	0.931524	-0.064501	-0.868447	-0.306707	0.389526
59880	10.849766	-2.069520	7.548782	-0.108851	-5.043375	-0.788686	0.301633	0.172378	0.937712	-0.354387	0.933325	-0.057576	-0.885114	-0.314945	0.342610
59881	10.898285	-2.116334	7.274467	-0.097183	-5.132897	-0.969024	0.258911	0.146978	0.954653	-0.351052	0.935086	-0.048757	-0.899849	-0.322509	0.293701
59882	11.510763	-2.064045	8.016124	-0.040253	-5.223586	-1.122933	0.215476	0.119424	0.969179	-0.347993	0.936724	-0.038057	-0.912399	-0.329067	0.243400
59883	11.789448	-1.704267	8.614446	-0.107243	-5.247736	-1.252883	0.171629	0.090349	0.981010	-0.344607	0.938383	-0.026134	-0.922924	-0.333578	0.192189
59884	11.845828	-1.569846	9.299147	-0.143129	-5.322488	-1.342379	0.126855	0.059890	0.990112	-0.341246	0.939882	-0.013130	-0.931375	-0.336206	0.139666
59885	12.271416	-1.373486	9.831249	-0.224485	-5.346858	-1.443367	0.081783	0.028391	0.996246	-0.337708	0.941250	0.000899	-0.937691	-0.336514	0.086566
59886	11.957307	0.084475	10.962068	-0.333827	-5.347884	-1.451087	0.036363	-0.003235	0.999333	-0.333684	0.942563	0.015193	-0.941984	-0.334014	0.033195
59887	12.961853	-1.305502	12.466172	-0.384564	-4.940112	-1.527807	-0.005132	-0.033957	0.999410	-0.329912	0.943523	0.030365	-0.943998	-0.329561	-0.016045
59888	11.902961	0.901581	13.435787	-0.574095	-3.754977	-1.279339	-0.036435	-0.058300	0.997634	-0.324726	0.944814	0.043353	-0.945106	-0.322378	-0.053356
59889	1.203237	3.388895	11.231734	-1.823256	-2.005990	-0.957821	-0.052356	-0.073550	0.995916	-0.308004	0.949854	0.053956	-0.949943	-0.303922	-0.072384
59890	-11.445948	0.536462	0.542927	-2.498571	-3.348794	-1.203997	-0.080709	-0.094777	0.992221	-0.284974	0.956110	0.068148	-0.955131	-0.277257	-0.104176
59891	26.510436	-1.989481	15.782268	-1.859871	-3.489462	-1.816925	-0.108972	-0.121385	0.986606	-0.269040	0.959074	0.088282	-0.956944	-0.255816	-0.137170
59892	26.872167	1.582533	22.857022	-3.076866	-0.126488	-1.698044	-0.105875	-0.138039	0.984752	-0.241271	0.964291	0.109231	-0.964665	-0.226027	-0.135399
59893	21.317203	-6.685292	19.307666	-3.043763	1.985381	-1.487019	-0.083142	-0.148042	0.985480	-0.213363	0.968617	0.127508	-0.973429	-0.199664	-0.112120
59894	8.695856	-8.297359	13.006987	-2.016315	3.135568	-1.295319	-0.049898	-0.154590	0.986718	-0.194503	0.970537	0.142219	-0.979632	-0.184824	-0.078496
59895	4.502306	-7.277520	9.373748	-1.144920	3.834190	-1.131584	-0.009979	-0.158346	0.987333	-0.183880	0.970835	0.153841	-0.982898	-0.180016	-0.038805
59896	-0.428460	-6.213720	7.991805	-0.365331	4.174317	-1.004720	0.032868	-0.160532	0.986483	-0.180144	0.969900	0.163835	-0.983091	-0.183094	0.002960
59897	2.566047	-4.588902	7.957754	0.418336	4.232053	-0.950312	0.076313	-0.161437	0.983928	-0.184059	0.967566	0.173028	-0.979948	-0.194306	0.044124
59898	3.546650	-2.335425	8.754530	0.716443	4.470712	-0.836027	0.121546	-0.160527	0.979519	-0.190203	0.964781	0.181713	-0.974192	-0.208394	0.086733
59899	4.105843	-0.605770	9.203948	0.659027	4.750218	-0.621824	0.169018	-0.155896	0.973206	-0.196052	0.962363	0.188208	-0.965918	-0.222609	0.132093
59900	4.603036	0.888324	9.199861	0.505745	5.174687	-0.440227	0.219578	-0.148294	0.964259	-0.200023	0.960540	0.193270	-0.954870	-0.235312	0.181251
59901	3.862471	2.574243	9.351330	0.011118	5.563087	-0.333611	0.273179	-0.137731	0.952052	-0.199675	0.960023	0.196178	-0.941012	-0.243693	0.234756
59902	3.614667	3.148678	9.028421	-0.598990	5.796220	-0.275385	0.327788	-0.126208	0.936284	-0.193227	0.961131	0.197205	-0.924780	-0.245557	0.290660
59903	3.306875	2.652070	8.565003	-1.117853	5.927645	-0.275335	0.382752	-0.113922	0.916800	-0.182380	0.963521	0.195869	-0.905670	-0.242175	0.348012
59904	3.743087	2.108237	8.043650	-1.474426	5.915921	-0.322627	0.436253	-0.102951	0.893915	-0.167830	0.966691	0.193238	-0.884034	-0.234326	0.404443
59905	3.977319	1.171974	7.666216	-1.680539	5.861889	-0.358463	0.488112	-0.092481	0.867868	-0.151884	0.970197	0.188809	-0.859464	-0.223975	0.459518
59906	3.966424	0.280889	7.622610	-1.709977	5.694700	-0.336773	0.536775	-0.083340	0.839599	-0.135655	0.973639	0.183373	-0.832749	-0.212326	0.511319
59907	4.996713	-0.141036	8.149492	-1.651245	5.446049	-0.199482	0.581776	-0.073499	0.810022	-0.121398	0.976906	0.175833	-0.804238	-0.200631	0.559417
59908	6.409898	-0.441610	9.169892	-1.593335	5.257836	0.041421	0.623222	-0.062870	0.779514	-0.109040	0.980041	0.166221	-0.774406	-0.188591	0.603928
59909	6.443575	-0.399302	9.513376	-1.349072	5.183079	0.202754	0.662468	-0.050794	0.747366	-0.100509	0.982650	0.155876	-0.742317	-0.178380	0.645868
59910	7.224749	-0.255708	10.489986	-1.394517	5.051947	0.385212	0.698755	-0.038289	0.714336	-0.092981	0.985234	0.143763	-0.709293	-0.166875	0.684877
59911	7.947807	0.156840	11.180827	-1.391943	4.977893	0.449575	0.732928	-0.025246	0.679838	-0.086986	0.987631	0.130454	-0.674722	-0.154750	0.721666
59912	8.401140	-0.520252	11.023928	-1.423324	4.912178	0.466318	0.764798	-0.013362	0.644131	-0.081102	0.989835	0.116829	-0.639145	-0.141591	0.755941
59913	7.475546	-0.964230	10.817081	-1.344402	4.705335	0.421535	0.793805	-0.002208	0.608168	-0.076474	0.991694	0.103417	-0.603345	-0.128602	0.787043
59914	7.680842	-0.015430	11.208629	-1.442920	4.338564	0.442866	0.818910	0.007449	0.573873	-0.071562	0.993438	0.089223	-0.569443	-0.114133	0.814069
59915	7.788321	0.242440	11.000698	-1.632991	3.913645	0.509384	0.840310	0.017282	0.541830	-0.067203	0.995103	0.072484	-0.537924	-0.097322	0.837357
59916	7.506176	-0.825180	10.063811	-1.793691	3.404708	0.555308	0.857784	0.025805	0.513362	-0.062499	0.996565	0.054337	-0.510197	-0.078693	0.856450
59917	7.473482	-1.471330	9.546549	-1.778192	2.744322	0.652459	0.871138	0.034844	0.489801	-0.059741	0.997590	0.035285	-0.487391	-0.059999	0.871120
59918	10.297256	-1.456821	11.511323	-1.750032	1.999972	0.927641	0.880158	0.045114	0.472532	-0.059461	0.998111	0.015461	-0.470942	-0.041705	0.881178
59919	18.975626	2.131055	16.496236	-2.139109	1.681366	1.568427	0.887038	0.061916	0.457525	-0.063880	0.997895	-0.011194	-0.457255	-0.019298	0.889126
59920	25.594847	2.662699	18.817821	-2.685941	2.145482	2.299967	0.895089	0.084961	0.437719	-0.072311	0.996343	-0.045521	-0.439986	0.009094	0.897959
59921	26.979597	2.360223	16.576526	-2.914998	2.972584	2.959854	0.905459	0.114238	0.408771	-0.086957	0.992598	-0.084783	-0.415430	0.041222	0.908690
59922	24.627969	1.063710	11.865913	-2.609639	3.650454	3.299360	0.916865	0.144838	0.371995	-0.106571	0.986846	-0.121565	-0.384709	0.071815	0.920240
59923	22.763792	-1.125062	7.401407	-1.609014	3.963799	3.247327	0.927544	0.174005	0.330735	-0.131034	0.980233	-0.148232	-0.349990	0.094154	0.932010
59924	21.613632	-0.158669	3.188813	-0.385086	3.946995	2.958016	0.936373	0.198984	0.289156	-0.157319	0.974328	-0.161044	-0.313778	0.105308	0.943639
59925	20.205605	2.178930	-0.893777	0.561928	3.711955	2.618506	0.942830	0.220926	0.249525	-0.183972	0.969309	-0.163076	-0.277895	0.107848	0.954538
59926	19.348274	6.332666	-3.804846	0.892520	3.283278	2.293217	0.946918	0.239587	0.214349	-0.207970	0.964983	-0.159865	-0.245144	0.106801	0.963586
59927	20.388619	13.854185	-5.658919	0.411224	2.744706	2.093330	0.948637	0.257117	0.184335	-0.229075	0.960116	-0.160320	-0.218204	0.109858	0.969700
59928	22.956976	17.271994	-9.497660	-1.142686	2.254332	1.912147	0.948810	0.272752	0.159268	-0.244825	0.953693	-0.174729	-0.199550	0.126791	0.971650
59929	20.927248	11.374376	-12.411839	-2.330103	1.541210	1.701345	0.947511	0.286931	0.141045	-0.256574	0.945597	-0.200042	-0.190770	0.153353	0.969582
59930	15.021338	1.487766	-15.612663	-1.297936	-0.115514	1.177941	0.944210	0.298227	0.139743	-0.265206	0.940077	-0.214293	-0.195277	0.165277	0.966721
59931	18.375002	2.251355	-13.338966	-0.941793	-2.154612	1.222955	0.936429	0.313373	0.157793	-0.274842	0.934725	-0.225282	-0.218090	0.167592	0.961431
59932	13.737452	-3.961922	-14.233864	1.637061	-2.720481	0.404990	0.929078	0.321401	0.183073	-0.282355	0.935982	-0.210271	-0.238935	0.143666	0.960349
59933	-9.913851	7.374882	16.926824	1.558771	-2.824826	-0.549248	0.923543	0.320052	0.211271	-0.281222	0.939764	-0.194314	-0.260735	0.120044	0.957918
59934	-1.654881	-1.665973	28.101711	0.485251	-4.869009	-0.473288	0.911107	0.320958	0.258591	-0.278243	0.941811	-0.188609	-0.304079	0.099892	0.947395
59935	29.001733	-3.845866	9.986170	1.577101	-3.879245	-0.282854	0.899489	0.321693	0.295690	-0.280762	0.944057	-0.173001	-0.334802	0.072594	0.939488
59936	10.040188	12.296715	10.172458	0.828329	-3.554156	0.385202	0.885964	0.327569	0.328278	-0.287087	0.943325	-0.166490	-0.364210	0.053260	0.929793
59937	6.733484	2.559664	11.262427	0.008571	-3.485248	0.495047	0.871311	0.333849	0.359671	-0.291425	0.941706	-0.168112	-0.394828	0.041661	0.917810
59938	11.028548	2.732347	14.000445	0.839897	-3.277519	-0.185230	0.858476	0.333163	0.389898	-0.293237	0.942593	-0.159784	-0.420750	0.022838	0.906889
59939	14.540724	4.198876	12.647805	0.540026	-2.804198	-0.541886	0.847965	0.328395	0.416068	-0.290859	0.944503	-0.152697	-0.443122	0.008465	0.896421
59940	11.103346	-1.667092	9.621074	0.416245	-1.929935	-0.576516	0.840925	0.323011	0.434176	-0.287853	0.946394	-0.146559	-0.458242	-0.001734	0.888826
59941	7.762327	-6.050950	8.986336	0.646489	-1.568514	-0.659237	0.835564	0.316506	0.449061	-0.285197	0.948503	-0.137858	-0.469569	-0.012882	0.882802
59942	8.587580	-4.489742	9.777575	1.324584	-1.175009	-0.682174	0.831948	0.309783	0.460322	-0.285755	0.950361	-0.123115	-0.475611	-0.029114	0.879174
59943	5.095328	-0.589347	12.110327	1.150381	-0.981505	-0.462380	0.828599	0.304908	0.469526	-0.287302	0.951407	-0.110821	-0.480501	-0.043070	0.875936
59944	5.376245	3.654899	11.933907	0.668361	-1.111442	-0.271041	0.823987	0.301796	0.479546	-0.288284	0.951910	-0.103724	-0.487788	-0.052778	0.871365
59945	3.074788	-1.186428	10.388009	0.247895	-1.185157	-0.138313	0.818574	0.299673	0.490034	-0.288239	0.952234	-0.100838	-0.496845	-0.058704	0.865851
59946	14.784254	-1.674042	12.636567	-0.240063	-1.515654	0.094387	0.810661	0.299665	0.503020	-0.287785	0.952096	-0.103404	-0.509910	-0.060936	0.858067
59947	2.967642	-0.157649	7.263131	0.348295	-0.331680	-0.045500	0.809120	0.298871	0.505965	-0.289061	0.952061	-0.100123	-0.511633	-0.065243	0.856723
