// General information: 
//  MT Manager version: 2022.2.0 
//  XDA version: 2022.2.0 build 7381 rev 124627 built on 2023-07-19
// Device information: 
//  DeviceId: 00B4CBA7
//  ProductCode: MTW2-3A7G6
//  Firmware Version: 4.6.0
//  Hardware Version: 2.0.0
// Device settings: 
//  Filter Profile: human(46.1)
//  Option Flags: Orientation Smoother Disabled, Position/Velocity Smoother Disabled, Continuous Zero Rotation Update Disabled, AHS Disabled, ICC Disabled
// Coordinate system: ENU
PacketCounter	Acc_X	Acc_Y	Acc_Z	Gyr_X	Gyr_Y	Gyr_Z	Mat[1][1]	Mat[2][1]	Mat[3][1]	Mat[1][2]	Mat[2][2]	Mat[3][2]	Mat[1][3]	Mat[2][3]	Mat[3][3]
21159	9.598298	-0.819539	-1.623887	0.015659	-0.009457	-0.000646	-0.184346	-0.011408	0.982795	-0.519351	0.850064	-0.087549	-0.834440	-0.526555	-0.162631
21160	9.598149	-0.819781	-1.624647	0.017784	-0.009247	0.000021	-0.184395	-0.011484	0.982785	-0.519511	0.849968	-0.087541	-0.834330	-0.526710	-0.162696
21161	9.607908	-0.807542	-1.656071	0.012923	-0.010558	0.001111	-0.184468	-0.011614	0.982770	-0.519621	0.849906	-0.087490	-0.834246	-0.526807	-0.162816
21162	9.643097	-0.782064	-1.634954	0.014148	-0.008784	-0.003734	-0.184494	-0.011720	0.982764	-0.519757	0.849828	-0.087439	-0.834155	-0.526930	-0.162880
21163	9.591850	-0.800567	-1.640349	0.013321	-0.008057	-0.001802	-0.184671	-0.011754	0.982730	-0.519728	0.849839	-0.087501	-0.834134	-0.526911	-0.163049
21164	9.585837	-0.852557	-1.625066	0.013539	-0.004358	-0.001485	-0.184672	-0.011817	0.982729	-0.519855	0.849764	-0.087471	-0.834055	-0.527030	-0.163070
21165	9.631022	-0.814460	-1.634166	0.014582	-0.006701	-0.002926	-0.184790	-0.011982	0.982705	-0.520063	0.849641	-0.087435	-0.833899	-0.527225	-0.163236
21166	9.630951	-0.814422	-1.634603	0.017969	-0.005134	-0.003384	-0.184788	-0.012065	0.982704	-0.520230	0.849543	-0.087394	-0.833795	-0.527382	-0.163262
21167	9.597421	-0.820170	-1.628742	0.018185	-0.006750	-0.002893	-0.184682	-0.012210	0.982722	-0.520469	0.849410	-0.087258	-0.833669	-0.527592	-0.163226
21168	9.601410	-0.788043	-1.673006	0.017538	-0.001907	-0.004367	-0.184648	-0.012285	0.982728	-0.520634	0.849314	-0.087207	-0.833574	-0.527745	-0.163220
21169	9.601397	-0.787965	-1.673120	0.009723	-0.002698	-0.002008	-0.184642	-0.012342	0.982728	-0.520743	0.849251	-0.087175	-0.833507	-0.527845	-0.163234
21170	9.642621	-0.781811	-1.637880	0.010768	0.000273	-0.003624	-0.184593	-0.012399	0.982737	-0.520851	0.849191	-0.087120	-0.833451	-0.527941	-0.163212
21171	9.597408	-0.819691	-1.629063	0.003564	0.000368	-0.003689	-0.184523	-0.012341	0.982751	-0.520648	0.849318	-0.087093	-0.833593	-0.527738	-0.163144
21172	9.585656	-0.851737	-1.626565	0.005041	0.000109	-0.004323	-0.184472	-0.012404	0.982759	-0.520709	0.849288	-0.087022	-0.833566	-0.527784	-0.163129
21173	9.609254	-0.786709	-1.631472	0.005257	-0.001506	-0.003831	-0.184478	-0.012441	0.982758	-0.520714	0.849287	-0.086994	-0.833561	-0.527785	-0.163153
21174	9.603404	-0.838188	-1.615540	0.010515	0.002302	-0.007838	-0.184390	-0.012523	0.982773	-0.520827	0.849228	-0.086898	-0.833511	-0.527878	-0.163112
21175	9.597602	-0.818316	-1.628609	0.016281	0.002051	-0.003418	-0.184306	-0.012617	0.982788	-0.521000	0.849131	-0.086804	-0.833421	-0.528031	-0.163074
21176	9.615330	-0.805487	-1.617320	0.018407	0.002262	-0.002752	-0.184246	-0.012656	0.982799	-0.521169	0.849031	-0.086771	-0.833329	-0.528191	-0.163026
21177	9.621290	-0.753308	-1.632925	0.018765	-0.000141	-0.009212	-0.184182	-0.012786	0.982809	-0.521377	0.848914	-0.086664	-0.833212	-0.528376	-0.163021
21178	9.605520	-0.745911	-1.615735	0.006123	-0.002652	-0.002040	-0.184166	-0.012845	0.982811	-0.521442	0.848879	-0.086617	-0.833175	-0.528431	-0.163032
21179	9.595637	-0.758053	-1.585144	0.000574	0.001298	-0.006146	-0.184033	-0.012877	0.982836	-0.521284	0.848990	-0.086486	-0.833304	-0.528253	-0.162954
21180	9.621397	-0.823558	-1.603585	0.001223	0.001768	-0.004847	-0.183965	-0.012935	0.982848	-0.521313	0.848980	-0.086404	-0.833301	-0.528266	-0.162926
21181	9.592070	-0.868382	-1.611580	0.012031	0.006940	-0.004928	-0.183828	-0.013044	0.982872	-0.521407	0.848937	-0.086253	-0.833272	-0.528332	-0.162860
21182	9.576383	-0.789610	-1.623118	0.018588	0.001059	-0.005982	-0.183760	-0.013117	0.982884	-0.521583	0.848836	-0.086187	-0.833177	-0.528493	-0.162823
21183	9.627563	-0.770747	-1.618230	0.012032	0.001625	-0.004749	-0.183746	-0.013163	0.982886	-0.521587	0.848839	-0.086141	-0.833177	-0.528488	-0.162836
21184	9.611861	-0.763395	-1.600593	0.003566	0.005679	-0.003869	-0.183650	-0.013193	0.982903	-0.521633	0.848817	-0.086072	-0.833169	-0.528522	-0.162767
21185	9.539154	-0.755005	-1.601051	0.002701	0.001508	-0.005480	-0.183694	-0.013285	0.982894	-0.521698	0.848782	-0.086028	-0.833119	-0.528576	-0.162847
21186	9.600237	-0.794959	-1.597636	-0.001514	0.000671	-0.003090	-0.183645	-0.013334	0.982902	-0.521701	0.848787	-0.085959	-0.833129	-0.528567	-0.162832
21187	9.594380	-0.775131	-1.610985	0.008646	0.000058	-0.004289	-0.183643	-0.013398	0.982902	-0.521768	0.848750	-0.085917	-0.833087	-0.528625	-0.162858
21188	9.621946	-0.749521	-1.630804	0.009908	-0.003902	-0.005235	-0.183621	-0.013490	0.982904	-0.521870	0.848695	-0.085845	-0.833028	-0.528711	-0.162878
21189	9.617901	-0.781233	-1.587114	0.007170	-0.004998	-0.003476	-0.183541	-0.013761	0.982916	-0.522168	0.848533	-0.085626	-0.832859	-0.528963	-0.162926
21190	9.607948	-0.793563	-1.556863	0.017980	-0.005140	-0.003378	-0.183539	-0.013844	0.982915	-0.522334	0.848435	-0.085585	-0.832755	-0.529118	-0.162952
21191	9.576635	-0.787271	-1.622762	0.023492	0.001952	-0.003353	-0.183486	-0.013887	0.982924	-0.522403	0.848398	-0.085533	-0.832723	-0.529176	-0.162924
21192	9.606067	-0.742061	-1.614256	0.022845	-0.003836	-0.004470	-0.183468	-0.013973	0.982926	-0.522611	0.848275	-0.085489	-0.832597	-0.529372	-0.162933
21193	9.641322	-0.716390	-1.592761	0.020325	-0.006545	-0.002218	-0.183489	-0.014105	0.982921	-0.522748	0.848198	-0.085414	-0.832506	-0.529492	-0.163008
21194	9.607828	-0.722088	-1.586749	0.010342	-0.001820	-0.004429	-0.183453	-0.014179	0.982926	-0.522852	0.848140	-0.085350	-0.832449	-0.529582	-0.163008
21195	9.596061	-0.754292	-1.584376	0.004649	-0.002394	-0.001405	-0.183434	-0.014270	0.982928	-0.522910	0.848112	-0.085273	-0.832416	-0.529625	-0.163035
21196	9.584293	-0.786572	-1.581971	0.004432	-0.000780	-0.001898	-0.183404	-0.014318	0.982933	-0.522960	0.848086	-0.085225	-0.832391	-0.529666	-0.163030
21197	9.564732	-0.819251	-1.621306	0.010993	-0.006663	-0.002948	-0.183404	-0.014460	0.982931	-0.523051	0.848040	-0.085120	-0.832335	-0.529734	-0.163098
21198	9.607732	-0.793065	-1.558451	0.018201	-0.006760	-0.002883	-0.183418	-0.014548	0.982927	-0.523217	0.847941	-0.085084	-0.832227	-0.529890	-0.163140
21199	9.670533	-0.742291	-1.556651	0.020363	-0.001642	0.001321	-0.183352	-0.014645	0.982938	-0.523505	0.847770	-0.085021	-0.832060	-0.530162	-0.163107
21200	9.670821	-0.813894	-1.525655	0.018837	0.030912	-0.002875	-0.183052	-0.014533	0.982996	-0.523677	0.847667	-0.084986	-0.832018	-0.530329	-0.162778
21201	9.527648	-0.849453	-1.466356	0.037689	0.035247	-0.004825	-0.182603	-0.014490	0.983080	-0.524089	0.847426	-0.084857	-0.831857	-0.530717	-0.162337
21202	9.467016	-0.880887	-1.437607	0.053632	0.013122	-0.000857	-0.182462	-0.014456	0.983107	-0.524546	0.847138	-0.084898	-0.831600	-0.531175	-0.162153
21203	9.535860	-0.778668	-1.450352	0.079671	0.001812	-0.005898	-0.182278	-0.014652	0.983138	-0.525360	0.846645	-0.084786	-0.831127	-0.531956	-0.162023
21204	9.710601	-0.670178	-1.368584	0.077735	0.005690	-0.009980	-0.182150	-0.014735	0.983160	-0.526033	0.846228	-0.084776	-0.830729	-0.532617	-0.161891
21205	9.700861	-0.745668	-1.204314	0.063991	0.059077	-0.007009	-0.181607	-0.014548	0.983264	-0.526612	0.845871	-0.084749	-0.830481	-0.533190	-0.161277
21206	9.408613	-0.805400	-1.200381	0.094737	0.055562	-0.010087	-0.181064	-0.014365	0.983366	-0.527427	0.845361	-0.084765	-0.830082	-0.534002	-0.160641
21207	9.409626	-0.885331	-1.266647	0.121681	0.016514	-0.012321	-0.180798	-0.014396	0.983415	-0.528415	0.844742	-0.084782	-0.829511	-0.534980	-0.160335
21208	9.494297	-0.790058	-1.296743	0.156472	-0.011166	-0.017278	-0.180771	-0.014630	0.983416	-0.529753	0.843899	-0.084825	-0.828664	-0.536302	-0.160302
21209	9.606129	-0.669788	-1.349642	0.168624	-0.041914	-0.017079	-0.181027	-0.015060	0.983363	-0.531144	0.843021	-0.084867	-0.827717	-0.537670	-0.160608
21210	9.585969	-0.561701	-1.452072	0.149220	-0.052852	-0.008761	-0.181389	-0.015446	0.983290	-0.532404	0.842214	-0.084983	-0.826828	-0.538922	-0.160992
21211	9.506409	-0.535699	-1.471704	0.119552	-0.067655	-0.006478	-0.181831	-0.016038	0.983199	-0.533613	0.841450	-0.084960	-0.825951	-0.540096	-0.161560
21212	9.468437	-0.725220	-1.467224	0.082901	-0.084322	-0.000017	-0.182499	-0.016522	0.983067	-0.534307	0.841000	-0.085056	-0.825354	-0.540783	-0.162309
21213	9.520781	-0.847673	-1.582580	0.080983	-0.091110	-0.003683	-0.183210	-0.017131	0.982925	-0.535008	0.840553	-0.085072	-0.824743	-0.541459	-0.163163
21214	9.641927	-1.000196	-1.551452	0.114987	-0.070679	-0.004913	-0.183738	-0.017584	0.982818	-0.535975	0.839926	-0.085173	-0.823997	-0.542415	-0.163750
21215	9.641856	-1.134106	-1.391834	0.178670	0.006981	-0.010299	-0.183556	-0.017682	0.982850	-0.537420	0.838992	-0.085274	-0.823096	-0.543856	-0.163505
21216	9.252189	-1.040113	-1.476187	0.271001	-0.008021	-0.016165	-0.183506	-0.017889	0.982856	-0.539688	0.837510	-0.085520	-0.821622	-0.546129	-0.163343
21217	9.328433	-0.938263	-1.450175	0.326767	-0.044798	-0.033332	-0.183647	-0.018434	0.982819	-0.542409	0.835734	-0.085678	-0.819796	-0.548825	-0.163479
21218	9.493255	-0.911451	-1.311743	0.377840	-0.057529	-0.039366	-0.183875	-0.019108	0.982764	-0.545585	0.833645	-0.085871	-0.817635	-0.551970	-0.163711
21219	9.446852	-0.810120	-1.368056	0.439832	-0.096317	-0.037093	-0.184441	-0.020038	0.982639	-0.549297	0.831174	-0.086154	-0.815018	-0.555652	-0.164309
21220	9.625943	-0.742313	-1.485229	0.446474	-0.141757	-0.040688	-0.185341	-0.021194	0.982446	-0.553015	0.828674	-0.086451	-0.812295	-0.559330	-0.165308
21221	9.718102	-0.709122	-1.530864	0.434374	-0.161463	-0.039521	-0.186388	-0.022530	0.982218	-0.556734	0.826154	-0.086697	-0.809510	-0.562993	-0.166529
21222	9.790668	-0.780692	-1.584064	0.393878	-0.175026	-0.033754	-0.187585	-0.023825	0.981959	-0.559990	0.823920	-0.086985	-0.806984	-0.566205	-0.167896
21223	9.890296	-0.827568	-1.658850	0.342652	-0.169505	-0.035589	-0.188669	-0.025168	0.981718	-0.562927	0.821903	-0.087114	-0.804685	-0.569071	-0.169235
21224	9.959775	-0.932550	-1.838665	0.272776	-0.150525	-0.027965	-0.189691	-0.026284	0.981492	-0.565182	0.820338	-0.087264	-0.802861	-0.571275	-0.170466
21225	9.771353	-0.919061	-1.957567	0.215725	-0.120462	-0.023994	-0.190468	-0.027214	0.981316	-0.566986	0.819084	-0.087333	-0.801404	-0.573027	-0.171439
21226	9.560544	-0.730818	-2.211394	0.147545	-0.120062	-0.022402	-0.191272	-0.028114	0.981134	-0.568221	0.818229	-0.087328	-0.800338	-0.574204	-0.172480
21227	9.557397	-0.583191	-2.360710	0.071398	-0.110256	-0.029652	-0.192022	-0.028997	0.980962	-0.568894	0.817776	-0.087187	-0.799679	-0.574805	-0.173527
21228	9.671021	-0.489236	-2.342150	-0.000029	-0.092863	-0.031429	-0.192556	-0.029816	0.980833	-0.568964	0.817764	-0.086840	-0.799501	-0.574780	-0.174429
21229	9.728711	-0.463524	-2.306433	-0.053094	-0.077202	-0.036337	-0.192871	-0.030658	0.980745	-0.568641	0.818051	-0.086255	-0.799655	-0.574328	-0.175212
21230	9.810714	-0.602627	-2.205906	-0.094072	-0.059504	-0.035450	-0.193115	-0.031317	0.980676	-0.567966	0.818577	-0.085704	-0.800075	-0.573542	-0.175867
21231	9.828131	-0.736229	-2.235705	-0.108384	-0.050460	-0.031845	-0.193221	-0.032072	0.980631	-0.567323	0.819097	-0.084995	-0.800506	-0.572757	-0.176462
21232	9.629160	-0.751947	-2.097737	-0.124743	-0.036925	-0.021730	-0.193364	-0.032489	0.980589	-0.566376	0.819801	-0.084522	-0.801142	-0.571726	-0.176921
21233	9.615216	-0.717669	-2.058403	-0.153609	-0.042967	-0.024625	-0.193486	-0.033026	0.980547	-0.565315	0.820596	-0.083912	-0.801861	-0.570554	-0.177444
21234	9.614429	-0.798757	-1.885364	-0.183786	-0.039698	-0.026972	-0.193622	-0.033502	0.980504	-0.563903	0.821631	-0.083282	-0.802822	-0.569034	-0.177978
21235	9.598587	-0.946180	-1.835073	-0.192680	-0.032722	-0.023436	-0.193716	-0.033983	0.980469	-0.562396	0.822732	-0.082600	-0.803856	-0.567413	-0.178488
21236	9.579820	-0.962751	-1.777454	-0.167188	-0.038345	-0.026863	-0.193843	-0.034450	0.980427	-0.561114	0.823667	-0.081998	-0.804721	-0.566026	-0.178993
21237	9.626778	-0.815915	-1.699281	-0.148961	-0.038776	-0.026867	-0.193908	-0.034965	0.980396	-0.559938	0.824532	-0.081342	-0.805524	-0.564734	-0.179462
21238	9.599471	-0.762329	-1.541805	-0.147570	-0.023111	-0.028390	-0.193905	-0.035358	0.980383	-0.558814	0.825351	-0.080758	-0.806305	-0.563511	-0.179799
21239	9.592097	-0.927011	-1.302189	-0.151380	0.018311	-0.033915	-0.193568	-0.035602	0.980441	-0.557682	0.826181	-0.080102	-0.807170	-0.562279	-0.179776
21240	9.145987	-0.971825	-1.334901	-0.078682	0.036673	-0.034585	-0.193048	-0.035711	0.980539	-0.557123	0.826608	-0.079582	-0.807679	-0.561644	-0.179471
21241	9.220763	-1.215367	-1.192992	-0.004554	-0.010966	-0.055076	-0.192793	-0.036357	0.980566	-0.557424	0.826465	-0.078954	-0.807533	-0.561813	-0.179603
21242	9.440777	-1.563761	-1.047522	0.102863	0.001811	-0.072945	-0.192341	-0.036978	0.980631	-0.558405	0.825857	-0.078384	-0.806963	-0.562666	-0.179495
21243	9.259627	-1.744033	-1.128593	0.292522	-0.047204	-0.091548	-0.192166	-0.038073	0.980624	-0.560942	0.824179	-0.077925	-0.805243	-0.565048	-0.179736
21244	9.475828	-1.546619	-1.055191	0.443507	-0.102300	-0.107980	-0.192350	-0.039570	0.980528	-0.564726	0.821620	-0.077625	-0.802550	-0.568660	-0.180385
21245	9.594642	-1.253067	-0.942525	0.508185	-0.125572	-0.120555	-0.192687	-0.041356	0.980388	-0.569146	0.818592	-0.077330	-0.799340	-0.572884	-0.181270
21246	9.481077	-1.057810	-1.067800	0.503074	-0.146504	-0.116679	-0.193158	-0.043181	0.980217	-0.573394	0.815647	-0.077060	-0.796184	-0.576936	-0.182309
21247	9.367972	-1.024682	-1.157662	0.466852	-0.188110	-0.115711	-0.193884	-0.045261	0.979980	-0.577396	0.812854	-0.076693	-0.793109	-0.580706	-0.183733
21248	9.431084	-0.945049	-1.148269	0.413357	-0.216989	-0.120166	-0.194875	-0.047528	0.979676	-0.580913	0.810388	-0.076239	-0.790294	-0.583963	-0.185534
21249	9.385537	-0.884901	-1.160290	0.354048	-0.227490	-0.129198	-0.195973	-0.049986	0.979334	-0.584123	0.808133	-0.075640	-0.787652	-0.586875	-0.187570
21250	9.413396	-0.935268	-1.022842	0.316114	-0.268324	-0.130959	-0.197285	-0.052649	0.978931	-0.586877	0.806203	-0.074915	-0.785273	-0.589292	-0.189951
21251	9.426513	-0.975928	-0.871504	0.303271	-0.297171	-0.137803	-0.198849	-0.055540	0.978455	-0.589623	0.804265	-0.074175	-0.782818	-0.591669	-0.192675
21252	9.372775	-1.055877	-0.660372	0.316240	-0.331155	-0.133753	-0.200616	-0.058606	0.977915	-0.592372	0.802310	-0.073441	-0.780287	-0.594024	-0.195673
21253	9.335748	-1.142830	-0.469061	0.347684	-0.375887	-0.136524	-0.202639	-0.062108	0.977282	-0.595631	0.799965	-0.072665	-0.777278	-0.596824	-0.199098
21254	9.336741	-1.137872	-0.429868	0.390148	-0.437947	-0.135719	-0.205195	-0.065840	0.976504	-0.598945	0.797539	-0.072084	-0.774054	-0.599664	-0.203086
21255	9.315711	-1.106367	-0.393533	0.460833	-0.505846	-0.137935	-0.208336	-0.070084	0.975543	-0.603057	0.794468	-0.071713	-0.770012	-0.603249	-0.207781
21256	9.421046	-0.536026	-0.132220	0.490672	-0.582512	-0.147960	-0.211883	-0.074809	0.974428	-0.607148	0.791387	-0.071263	-0.765818	-0.606721	-0.213102
21257	9.556098	0.004534	0.462380	0.402184	-0.671420	-0.146809	-0.216067	-0.080094	0.973088	-0.610722	0.788684	-0.070690	-0.761797	-0.609560	-0.219324
21258	9.504003	0.257044	1.391586	0.212102	-0.754331	-0.130355	-0.220974	-0.085751	0.971503	-0.612631	0.787276	-0.069856	-0.758850	-0.610609	-0.226501
21259	9.356525	0.196029	2.231603	0.088834	-0.877263	-0.099749	-0.227041	-0.091884	0.969541	-0.613623	0.786566	-0.069151	-0.756254	-0.610632	-0.234965
21260	9.043641	0.304753	3.165460	0.017869	-1.030784	-0.083416	-0.234281	-0.098858	0.967130	-0.613962	0.786371	-0.068347	-0.753766	-0.609794	-0.244927
21261	8.829397	0.747595	4.057296	-0.096423	-1.230992	-0.055269	-0.243135	-0.106896	0.964084	-0.613724	0.786625	-0.067557	-0.751151	-0.608108	-0.256861
21262	8.969790	1.113884	4.758344	-0.282700	-1.461216	-0.017458	-0.253959	-0.115919	0.960243	-0.611661	0.788312	-0.066604	-0.749250	-0.604258	-0.271102
21263	9.347015	1.346922	4.507719	-0.436033	-1.704744	0.053986	-0.267018	-0.125808	0.955444	-0.608414	0.790879	-0.065894	-0.747351	-0.598901	-0.287722
21264	10.093966	1.909899	3.255383	-0.537970	-1.927131	0.139934	-0.282219	-0.136204	0.949632	-0.604030	0.794258	-0.065592	-0.745319	-0.592117	-0.306426
21265	11.007057	2.831530	1.792679	-0.720493	-2.112301	0.257688	-0.299355	-0.146717	0.942794	-0.598261	0.798605	-0.065681	-0.743284	-0.583698	-0.326841
21266	12.086352	3.012276	0.925713	-1.193653	-2.260167	0.372917	-0.318339	-0.156800	0.934919	-0.588252	0.806052	-0.065112	-0.743384	-0.570696	-0.348836
21267	13.284692	2.024834	0.921873	-1.927488	-2.390254	0.447821	-0.338669	-0.166644	0.926031	-0.572795	0.817320	-0.062402	-0.746464	-0.551560	-0.372253
21268	15.209823	-0.161495	1.076644	-2.520131	-2.470092	0.429468	-0.359566	-0.176449	0.916285	-0.552431	0.831632	-0.056636	-0.752019	-0.526548	-0.396503
21269	16.258277	-2.039832	-0.061343	-2.617369	-2.406821	0.297464	-0.379303	-0.186455	0.906291	-0.532048	0.845309	-0.048765	-0.757003	-0.500687	-0.419832
21270	15.903600	-3.107174	-1.652243	-2.322724	-2.218967	0.141502	-0.396855	-0.196127	0.896683	-0.513895	0.856920	-0.040011	-0.760538	-0.476679	-0.440862
21271	14.512845	-4.060222	-3.181525	-1.898158	-2.084177	0.060905	-0.413087	-0.205374	0.887232	-0.499471	0.865734	-0.032152	-0.761503	-0.456428	-0.460202
21272	13.599556	-4.509811	-4.941363	-1.271548	-1.951829	0.049449	-0.428153	-0.213738	0.878067	-0.489615	0.871533	-0.026593	-0.759580	-0.441301	-0.477799
21273	13.136535	-3.707831	-5.734793	-0.586306	-1.708054	0.122548	-0.441915	-0.220023	0.869656	-0.484776	0.874277	-0.025146	-0.754787	-0.432700	-0.493018
21274	13.116555	-1.516792	-5.737913	-0.094380	-1.364850	0.186572	-0.453058	-0.224303	0.862801	-0.483256	0.875085	-0.026262	-0.749134	-0.428852	-0.504860
21275	13.029418	1.014160	-4.000989	0.115477	-0.852351	0.205835	-0.460576	-0.225946	0.858381	-0.483244	0.875006	-0.028969	-0.744544	-0.428150	-0.512194
21276	12.378644	2.133003	-2.605954	-0.082018	-0.255106	0.212173	-0.463475	-0.225211	0.857013	-0.481679	0.875822	-0.030340	-0.743758	-0.426866	-0.514402
21277	11.425697	1.627289	-2.475210	-0.424756	0.319894	0.223876	-0.462358	-0.221654	0.858542	-0.477428	0.878145	-0.030399	-0.747186	-0.423947	-0.511841
21278	10.955714	0.519775	-2.279849	-0.645476	0.909439	0.274236	-0.456810	-0.215433	0.863084	-0.471347	0.881456	-0.029454	-0.754425	-0.420267	-0.504201
21279	10.659219	-0.399581	-2.474131	-0.518569	1.495083	0.336578	-0.447133	-0.206150	0.870387	-0.466048	0.884251	-0.029983	-0.763460	-0.419048	-0.491454
21280	10.024916	-1.478320	-3.040318	-0.206394	1.972723	0.399606	-0.433812	-0.194357	0.879791	-0.462728	0.885906	-0.032456	-0.773104	-0.421184	-0.474251
21281	9.459855	-1.534658	-3.289415	0.256206	2.335903	0.430177	-0.417718	-0.180410	0.890485	-0.462872	0.885623	-0.037704	-0.781832	-0.427930	-0.453448
21282	9.496986	-0.691156	-3.278683	0.652886	2.669763	0.437218	-0.398750	-0.165009	0.902092	-0.466243	0.883538	-0.044477	-0.789693	-0.438330	-0.429245
21283	9.717780	0.332512	-3.183758	0.867349	2.985941	0.404975	-0.377018	-0.147940	0.914315	-0.471542	0.880309	-0.052002	-0.797186	-0.450744	-0.401652
21284	9.764149	1.285462	-3.153538	0.864408	3.289185	0.320382	-0.352165	-0.130128	0.926848	-0.477324	0.876793	-0.058264	-0.805072	-0.462925	-0.370889
21285	9.751354	2.007090	-3.059304	0.659389	3.562855	0.199143	-0.324130	-0.111418	0.939428	-0.481996	0.873930	-0.062653	-0.814014	-0.473109	-0.336971
21286	9.692950	2.225769	-3.099972	0.329672	3.826719	0.086354	-0.293178	-0.092456	0.951577	-0.484454	0.872437	-0.064492	-0.824228	-0.479902	-0.300570
21287	9.390424	1.791588	-3.345816	-0.014880	4.063142	-0.024365	-0.259062	-0.072967	0.963101	-0.484487	0.872438	-0.064222	-0.835559	-0.483247	-0.261367
21288	9.163834	0.950491	-3.433164	-0.245580	4.251096	-0.098523	-0.222796	-0.053299	0.973407	-0.482679	0.873554	-0.062646	-0.846984	-0.483801	-0.220350
21289	8.987581	-0.178990	-3.549691	-0.292800	4.392688	-0.154899	-0.184367	-0.033255	0.982295	-0.480571	0.874861	-0.060581	-0.857357	-0.483232	-0.177277
21290	8.895472	-1.171623	-3.339585	-0.093774	4.489420	-0.201438	-0.144705	-0.013343	0.989385	-0.480114	0.875259	-0.058416	-0.865188	-0.483471	-0.133061
21291	8.741390	-2.112234	-2.867096	0.360108	4.532995	-0.239037	-0.103912	0.006699	0.994564	-0.483651	0.873441	-0.056415	-0.869071	-0.486884	-0.087521
21292	8.556485	-2.341848	-2.977114	0.944578	4.486134	-0.286589	-0.063517	0.026188	0.997637	-0.492114	0.868846	-0.054139	-0.868211	-0.494390	-0.042299
21293	8.645715	-2.020890	-2.865947	1.488193	4.396171	-0.341416	-0.023438	0.045372	0.998695	-0.505240	0.861471	-0.050995	-0.862661	-0.505776	0.002733
21294	8.563658	-1.295059	-2.288708	1.979093	4.364466	-0.388495	0.016020	0.064413	0.997795	-0.522245	0.851522	-0.046585	-0.852645	-0.520347	0.047281
21295	7.856954	-0.477696	-2.081902	2.204379	4.189893	-0.419790	0.053944	0.083170	0.995074	-0.540832	0.840135	-0.040900	-0.839399	-0.535962	0.090302
21296	8.062149	0.272380	-1.609416	2.250785	3.938008	-0.443277	0.089169	0.100853	0.990897	-0.559251	0.828301	-0.033979	-0.824189	-0.551131	0.130261
21297	8.538274	0.779835	-1.151174	2.187343	3.748579	-0.478248	0.122727	0.117985	0.985402	-0.576734	0.816521	-0.025935	-0.807661	-0.565132	0.168255
21298	8.745291	1.037205	-0.827289	2.043585	3.630108	-0.525764	0.154841	0.134431	0.978751	-0.592346	0.805506	-0.016925	-0.790664	-0.577139	0.204355
21299	8.509612	0.801620	-0.663024	1.878041	3.488757	-0.547851	0.185572	0.150495	0.971038	-0.606191	0.795284	-0.007409	-0.773366	-0.587260	0.238811
21300	8.171207	0.288788	-0.555135	1.838990	3.323135	-0.555484	0.214407	0.165752	0.962578	-0.619145	0.785272	0.002689	-0.755440	-0.596552	0.270992
21301	7.647320	-0.013948	-0.208701	1.889654	3.099520	-0.546407	0.241083	0.180241	0.953620	-0.632080	0.774788	0.013355	-0.736447	-0.605984	0.300715
21302	6.685713	0.828018	0.222334	2.068320	2.802938	-0.505080	0.264697	0.193471	0.944725	-0.645830	0.763082	0.024679	-0.716128	-0.616664	0.326935
21303	5.460212	1.747788	1.879670	1.981397	2.375868	-0.417640	0.284328	0.205180	0.936514	-0.658741	0.751539	0.035342	-0.696576	-0.626969	0.348844
21304	4.605878	2.059452	4.529732	1.600585	1.820536	-0.266992	0.298665	0.214653	0.929905	-0.668987	0.741995	0.043587	-0.680629	-0.635112	0.365208
21305	4.430745	1.705954	5.846120	1.153874	1.121328	-0.126368	0.307205	0.220970	0.925634	-0.676449	0.734853	0.049078	-0.669360	-0.641220	0.375225
21306	4.954709	1.309595	5.538352	0.698048	0.448609	0.010407	0.310151	0.223911	0.923943	-0.681133	0.730335	0.051653	-0.663223	-0.645348	0.379027
21307	5.136947	1.020531	4.322848	0.281436	-0.124537	0.124433	0.308599	0.224120	0.924412	-0.683443	0.728177	0.051612	-0.661568	-0.647710	0.377888
21308	5.123219	0.288248	2.691093	-0.101368	-0.635360	0.203422	0.303025	0.221463	0.926893	-0.683394	0.728377	0.049388	-0.664190	-0.648399	0.372063
21309	5.567790	-0.371228	0.902172	-0.434524	-1.069294	0.236533	0.294403	0.216370	0.930866	-0.681265	0.730613	0.045640	-0.670227	-0.647603	0.362500
21310	6.033568	-0.816491	-0.196907	-0.588846	-1.429502	0.254475	0.283062	0.208963	0.936061	-0.678032	0.733877	0.041207	-0.678343	-0.646343	0.349417
21311	6.873545	-1.251280	-1.194186	-0.635666	-1.736774	0.288448	0.269374	0.199972	0.942045	-0.674552	0.737331	0.036369	-0.687327	-0.645255	0.333509
21312	7.749100	-1.988886	-2.187045	-0.493837	-1.976235	0.327387	0.253530	0.189614	0.948562	-0.671996	0.739875	0.031711	-0.695805	-0.645469	0.315001
21313	8.541868	-2.470165	-2.935202	-0.228605	-2.125352	0.362715	0.236349	0.178645	0.955105	-0.671348	0.740628	0.027602	-0.702447	-0.647731	0.294979
21314	8.723790	-2.770672	-3.698577	0.034020	-2.249778	0.403416	0.217807	0.166990	0.961600	-0.672509	0.739704	0.023871	-0.707313	-0.651884	0.273415
21315	8.577755	-2.903557	-3.708388	0.253644	-2.303004	0.456993	0.198504	0.155355	0.967709	-0.675312	0.737256	0.020167	-0.710317	-0.657509	0.251261
21316	8.084519	-3.062695	-3.667227	0.502336	-2.330134	0.490734	0.178643	0.143537	0.973388	-0.679816	0.733194	0.016647	-0.711293	-0.664698	0.228559
21317	7.888940	-3.778429	-3.744901	0.772942	-2.308519	0.510691	0.158837	0.131871	0.978458	-0.686218	0.727273	0.013378	-0.709842	-0.673561	0.206010
21318	10.615294	-3.270800	-2.673164	1.050023	-2.067115	0.464336	0.141029	0.121181	0.982561	-0.694354	0.719550	0.010919	-0.705679	-0.683785	0.185619
21319	20.170045	2.140391	5.336098	1.579360	-0.958934	0.112589	0.133593	0.115413	0.984293	-0.705626	0.708471	0.012699	-0.695877	-0.696239	0.176085
21320	33.566854	8.269122	20.029249	3.150385	0.887144	-0.425887	0.142740	0.118693	0.982617	-0.726596	0.686693	0.022601	-0.672074	-0.717192	0.184261
21321	24.507758	-2.081052	-0.765494	3.352638	0.222286	-0.141779	0.145347	0.119420	0.982147	-0.748555	0.662383	0.030239	-0.646946	-0.739586	0.185668
21322	6.829841	-0.636448	-2.285425	4.598201	-1.501648	0.561304	0.131623	0.111679	0.984989	-0.778334	0.626987	0.032919	-0.613899	-0.770983	0.169449
21323	9.433227	12.613777	-2.453823	3.848458	-2.604590	0.837883	0.109450	0.096422	0.989305	-0.802485	0.595882	0.030704	-0.586548	-0.797262	0.142596
21324	6.956062	12.409154	-1.141405	2.084550	-2.156008	1.301122	0.086464	0.086701	0.992475	-0.815841	0.577909	0.020591	-0.571775	-0.811483	0.120702
21325	5.577751	8.439910	0.460883	-0.804173	-1.369163	1.133210	0.069473	0.082160	0.994195	-0.812081	0.583482	0.008528	-0.579395	-0.807959	0.107257
21326	2.705552	0.519632	-0.541057	-2.490582	-1.303510	1.017503	0.053623	0.077737	0.995531	-0.798026	0.602610	-0.004071	-0.600233	-0.794241	0.094350
21327	6.880421	-7.800520	-4.990275	-2.980247	-1.855122	0.895661	0.035322	0.068599	0.997019	-0.780141	0.625415	-0.015393	-0.624606	-0.777271	0.075608
21328	10.953037	-13.498981	-8.300541	-1.091871	-1.493813	0.738363	0.020220	0.061663	0.997892	-0.773489	0.633376	-0.023466	-0.633488	-0.771384	0.060503
21329	12.849182	-11.338705	-6.058804	1.158841	-1.301351	0.610603	0.007377	0.055360	0.998439	-0.780845	0.624060	-0.028833	-0.624682	-0.779413	0.047832
21330	12.839711	-5.602312	-3.203690	2.663243	-1.280352	0.594203	-0.005145	0.048901	0.998790	-0.797221	0.602751	-0.033617	-0.603665	-0.796430	0.035884
21331	11.712544	0.585943	-2.723392	2.842151	-1.186597	0.581758	-0.016798	0.042745	0.998945	-0.813982	0.579614	-0.038490	-0.580647	-0.813769	0.025058
21332	10.172991	5.597622	-1.143299	1.828859	-0.941750	0.660227	-0.027571	0.038793	0.998867	-0.824328	0.564348	-0.044671	-0.565441	-0.824625	0.016418
21333	8.077236	7.766437	0.352290	0.018760	-0.780617	0.791900	-0.038444	0.036755	0.998585	-0.824146	0.563940	-0.052486	-0.565071	-0.824998	0.008611
21334	7.566683	4.515341	-0.914530	-1.573091	-0.809436	0.859852	-0.050084	0.035002	0.998131	-0.814790	0.576527	-0.061101	-0.577588	-0.816328	-0.000356
21335	8.539687	-0.288244	-2.218548	-2.118433	-0.853967	0.827735	-0.061695	0.032830	0.997555	-0.801868	0.593489	-0.069124	-0.594307	-0.804172	-0.010290
21336	9.541260	-3.298656	-2.687911	-1.745677	-0.893340	0.758759	-0.073075	0.030231	0.996868	-0.790880	0.607185	-0.076389	-0.607593	-0.793985	-0.020461
21337	9.925308	-4.793350	-2.896095	-1.029174	-0.916689	0.760491	-0.084594	0.027529	0.996035	-0.783936	0.615190	-0.083583	-0.615052	-0.787898	-0.030460
21338	9.860574	-4.790036	-2.978995	-0.291100	-0.920856	0.706709	-0.095765	0.024620	0.995099	-0.781520	0.617283	-0.090483	-0.616486	-0.786356	-0.039873
21339	9.837077	-3.514997	-2.809666	0.194950	-0.861035	0.637527	-0.105988	0.021680	0.994131	-0.782030	0.615677	-0.096803	-0.614162	-0.787700	-0.048300
21340	9.929643	-1.820515	-2.382252	0.329953	-0.745255	0.594265	-0.115173	0.019437	0.993155	-0.783409	0.612938	-0.102845	-0.610742	-0.789892	-0.055367
21341	9.945172	-0.260961	-1.964583	0.060862	-0.636629	0.564194	-0.123425	0.017768	0.992195	-0.783058	0.612434	-0.108376	-0.609579	-0.790322	-0.061676
21342	10.082943	0.259116	-2.088548	-0.491468	-0.555510	0.555091	-0.131125	0.016780	0.991224	-0.779363	0.616201	-0.113530	-0.612698	-0.787410	-0.067722
21343	9.974321	-0.511220	-2.361547	-1.025135	-0.488608	0.550109	-0.138351	0.016254	0.990250	-0.772243	0.624247	-0.118139	-0.620081	-0.781058	-0.073813
21344	9.744664	-1.854752	-2.740180	-1.290321	-0.447703	0.519846	-0.145109	0.016030	0.989286	-0.763461	0.634176	-0.122261	-0.629341	-0.773022	-0.079787
21345	9.677108	-2.895166	-2.788942	-1.205839	-0.422428	0.488175	-0.151445	0.015788	0.988340	-0.755031	0.643474	-0.125974	-0.637960	-0.765305	-0.085530
21346	9.679953	-3.380020	-2.504388	-0.918004	-0.392709	0.453935	-0.157345	0.015714	0.987419	-0.748461	0.650388	-0.129617	-0.644242	-0.759439	-0.090574
21347	9.714624	-3.056432	-1.892924	-0.531763	-0.387496	0.436056	-0.163062	0.015513	0.986494	-0.744259	0.654451	-0.133313	-0.647680	-0.755945	-0.095170
21348	9.766687	-2.357075	-1.119487	-0.248297	-0.393988	0.423181	-0.168730	0.015293	0.985544	-0.741965	0.656248	-0.137211	-0.648859	-0.754390	-0.099382
21349	9.693404	-1.818330	-0.745398	-0.132784	-0.399417	0.409819	-0.174323	0.014868	0.984576	-0.740334	0.657285	-0.141004	-0.649244	-0.753496	-0.103573
21350	9.453503	-1.439401	-0.513021	-0.109227	-0.399393	0.405625	-0.179886	0.014509	0.983580	-0.738924	0.658036	-0.144848	-0.649332	-0.752847	-0.107651
21351	9.270753	-1.308591	-0.302530	-0.146413	-0.405028	0.406916	-0.185484	0.014042	0.982547	-0.737168	0.659171	-0.148582	-0.649753	-0.751862	-0.111914
21352	9.234903	-1.327666	-0.224130	-0.206233	-0.435854	0.402963	-0.191254	0.013409	0.981449	-0.735086	0.660653	-0.152271	-0.650439	-0.750572	-0.116496
21353	9.308832	-1.464519	-0.179763	-0.273630	-0.454003	0.396347	-0.197080	0.012534	0.980307	-0.732475	0.662743	-0.155730	-0.651644	-0.748742	-0.121432
21354	9.306667	-1.654342	-0.257919	-0.308572	-0.461678	0.405606	-0.203027	0.011756	0.979103	-0.729669	0.664989	-0.159289	-0.652966	-0.746760	-0.126433
21355	9.343390	-1.762726	-0.445682	-0.298931	-0.494154	0.406529	-0.209177	0.010689	0.977819	-0.726823	0.667257	-0.162777	-0.654196	-0.744751	-0.131806
21356	9.394437	-1.471368	-0.828788	-0.280522	-0.537013	0.404353	-0.215596	0.009377	0.976438	-0.724146	0.669291	-0.166318	-0.655080	-0.742941	-0.137506
21357	9.530886	-0.903097	-1.071108	-0.351161	-0.573814	0.402525	-0.222227	0.007736	0.974964	-0.720910	0.671943	-0.169651	-0.656433	-0.740563	-0.143747
21358	9.711746	-0.789506	-1.258581	-0.522498	-0.586493	0.400573	-0.228934	0.006083	0.973423	-0.716589	0.675764	-0.172753	-0.658855	-0.737093	-0.150346
21359	9.527733	-1.210180	-1.610023	-0.679861	-0.587448	0.410616	-0.235706	0.004469	0.971814	-0.711094	0.680816	-0.175601	-0.662411	-0.732441	-0.157294
21360	9.478557	-1.861512	-1.953815	-0.733346	-0.595343	0.404357	-0.242495	0.002867	0.970148	-0.705274	0.686142	-0.178316	-0.666171	-0.727462	-0.164364
21361	9.563203	-2.199309	-2.104143	-0.674727	-0.583378	0.385462	-0.249059	0.001209	0.968487	-0.699768	0.691108	-0.180817	-0.669548	-0.722750	-0.171281
21362	9.603457	-2.300441	-2.095210	-0.580396	-0.581363	0.361005	-0.255448	-0.000499	0.966823	-0.694983	0.695279	-0.183265	-0.672119	-0.718740	-0.177955
21363	9.570513	-2.216352	-1.991354	-0.512072	-0.582581	0.342764	-0.261707	-0.002368	0.965144	-0.690598	0.699033	-0.185546	-0.674229	-0.715085	-0.184577
21364	9.590148	-2.180458	-1.843312	-0.468575	-0.596735	0.327488	-0.267962	-0.004351	0.963420	-0.686587	0.702376	-0.187792	-0.675866	-0.711793	-0.191197
21365	9.589990	-2.154812	-1.523329	-0.460123	-0.611544	0.315029	-0.274219	-0.006554	0.961645	-0.682567	0.705739	-0.189829	-0.677426	-0.708442	-0.198001
21366	9.503949	-2.257218	-1.226416	-0.469910	-0.627664	0.307874	-0.280543	-0.008833	0.959801	-0.678547	0.709073	-0.191808	-0.678874	-0.705080	-0.204919
21367	9.445211	-2.057008	-1.168045	-0.434203	-0.650332	0.300629	-0.286961	-0.011345	0.957875	-0.674698	0.712226	-0.193691	-0.680026	-0.701859	-0.212035
21368	9.486523	-1.954191	-0.743240	-0.474789	-0.678625	0.302072	-0.293584	-0.013961	0.955831	-0.670611	0.715577	-0.195526	-0.681241	-0.698394	-0.219444
21369	9.379648	-1.710176	-0.334588	-0.542071	-0.709560	0.297559	-0.300375	-0.016837	0.953673	-0.665990	0.719461	-0.197063	-0.682812	-0.694329	-0.227321
21370	9.351932	-1.629294	-0.007267	-0.629032	-0.747922	0.302848	-0.307471	-0.019849	0.951351	-0.660789	0.723858	-0.198460	-0.684704	-0.689663	-0.235681
21371	9.326472	-1.864831	0.210576	-0.690053	-0.809091	0.315530	-0.315055	-0.023176	0.948790	-0.655043	0.728720	-0.199713	-0.686774	-0.684419	-0.244768
21372	9.313438	-1.951288	0.356901	-0.716559	-0.891910	0.323626	-0.323272	-0.026913	0.945923	-0.649104	0.733675	-0.200959	-0.688592	-0.678967	-0.254645
21373	9.458209	-2.049224	0.201779	-0.703413	-0.976236	0.329311	-0.332085	-0.031139	0.942735	-0.643157	0.738566	-0.202161	-0.689978	-0.673461	-0.265294
21374	9.680077	-1.865893	-0.328410	-0.729651	-1.075964	0.325608	-0.341572	-0.035964	0.939167	-0.637044	0.743557	-0.203217	-0.691016	-0.667704	-0.276889
21375	9.882709	-1.558088	-0.885281	-0.821705	-1.157971	0.321659	-0.351572	-0.041300	0.935250	-0.630236	0.749170	-0.203830	-0.692243	-0.661089	-0.289416
21376	10.061310	-1.338066	-1.399955	-0.911544	-1.218017	0.314181	-0.361954	-0.046968	0.931012	-0.622822	0.755290	-0.204034	-0.693601	-0.653706	-0.302633
21377	10.158473	-1.291936	-1.791540	-0.999348	-1.261428	0.303943	-0.372547	-0.052892	0.926505	-0.614768	0.761949	-0.203699	-0.695176	-0.645473	-0.316378
21378	10.125004	-1.443405	-2.143982	-1.085459	-1.289422	0.287924	-0.383254	-0.058978	0.921758	-0.606149	0.769056	-0.202821	-0.696922	-0.636454	-0.330493
21379	10.187397	-1.818385	-2.149955	-1.120639	-1.310690	0.253256	-0.393870	-0.065338	0.916841	-0.597342	0.776315	-0.201291	-0.698605	-0.626950	-0.344796
21380	10.328672	-2.043883	-2.018468	-1.102229	-1.350666	0.206766	-0.404514	-0.072155	0.911681	-0.588835	0.783303	-0.199273	-0.699744	-0.617438	-0.359345
21381	10.636479	-1.941806	-1.802448	-1.029365	-1.408763	0.152398	-0.415216	-0.079624	0.906232	-0.581014	0.789737	-0.196819	-0.700013	-0.608256	-0.374174
21382	11.026464	-2.107961	-1.391687	-0.921459	-1.463314	0.108699	-0.426056	-0.087627	0.900443	-0.574136	0.795382	-0.194257	-0.699174	-0.599741	-0.389187
21383	10.987848	-2.227834	-1.069424	-0.747184	-1.513076	0.080485	-0.437025	-0.096030	0.894309	-0.568595	0.799906	-0.191964	-0.696928	-0.592393	-0.404181
21384	10.687609	-1.643355	-0.787289	-0.601352	-1.582941	0.037691	-0.448217	-0.105081	0.887727	-0.564275	0.803475	-0.189797	-0.693322	-0.585992	-0.419426
21385	10.718663	-1.334003	-0.774049	-0.541066	-1.660530	0.030264	-0.459798	-0.114540	0.880606	-0.560426	0.806655	-0.187698	-0.688846	-0.579817	-0.435090
21386	10.778912	-1.269199	-1.105332	-0.521307	-1.744464	0.026395	-0.471893	-0.124413	0.872834	-0.556752	0.809680	-0.185593	-0.683626	-0.573532	-0.451350
21387	10.942438	-1.030484	-1.161658	-0.545864	-1.804123	0.028485	-0.484263	-0.134485	0.864525	-0.552949	0.812804	-0.183295	-0.678039	-0.566801	-0.467974
21388	10.958120	-0.721901	-0.861827	-0.562046	-1.835602	0.024231	-0.496765	-0.144653	0.855745	-0.549063	0.815990	-0.180802	-0.672126	-0.559674	-0.484779
21389	10.557801	-0.589198	-0.621231	-0.596157	-1.889189	0.022901	-0.509452	-0.154984	0.846427	-0.545012	0.819312	-0.178015	-0.665898	-0.552003	-0.501868
21390	10.328334	-0.256027	-0.516736	-0.613667	-1.992752	0.005476	-0.522659	-0.165884	0.836248	-0.540947	0.822669	-0.174904	-0.658941	-0.543781	-0.519710
21391	10.212942	0.315492	0.022262	-0.590345	-2.083680	-0.000995	-0.536214	-0.177148	0.825284	-0.537157	0.825812	-0.171748	-0.651104	-0.535401	-0.537968
21392	10.051418	0.803166	0.598699	-0.599352	-2.194148	0.001683	-0.550392	-0.188811	0.813277	-0.533301	0.828983	-0.168459	-0.642386	-0.526439	-0.556958
21393	10.194847	1.257912	0.988970	-0.645861	-2.338256	0.014080	-0.565274	-0.200897	0.800066	-0.529190	0.832327	-0.164893	-0.632790	-0.516597	-0.576805
21394	10.618872	1.338563	1.921079	-0.867624	-2.506013	0.000232	-0.580988	-0.213714	0.785353	-0.523771	0.836741	-0.159777	-0.622990	-0.504174	-0.598074
21395	13.103575	-0.429597	3.819177	-1.434492	-2.637977	-0.071341	-0.596832	-0.227392	0.769471	-0.515401	0.843638	-0.150456	-0.614942	-0.486383	-0.620708
21396	15.083027	0.530213	2.390709	-1.013515	-2.717244	-0.151644	-0.612590	-0.241717	0.752534	-0.510173	0.848121	-0.142880	-0.603703	-0.471449	-0.642867
21397	16.243041	1.065430	1.950372	-1.132622	-2.828357	-0.219322	-0.628247	-0.256695	0.734448	-0.504889	0.852745	-0.133842	-0.591940	-0.454900	-0.665336
21398	15.162757	1.255973	4.070662	-1.209862	-2.764189	-0.247470	-0.643187	-0.271171	0.716084	-0.499401	0.857473	-0.123850	-0.580438	-0.437272	-0.686938
21399	13.303325	1.700337	4.329965	-1.584035	-2.887488	-0.249861	-0.658390	-0.285655	0.696365	-0.492071	0.863444	-0.111044	-0.569552	-0.415771	-0.709045
21400	12.180574	0.613997	3.629815	-2.134166	-3.112188	-0.182384	-0.675047	-0.299778	0.674125	-0.481274	0.871473	-0.094396	-0.559184	-0.388160	-0.732561
21401	12.561673	-1.678173	0.874978	-2.626476	-3.234670	-0.119736	-0.692228	-0.312883	0.650327	-0.467709	0.880772	-0.074090	-0.549608	-0.355451	-0.756033
21402	13.445657	-3.950488	-3.621679	-2.895883	-3.231445	-0.170999	-0.709033	-0.325334	0.625643	-0.453157	0.889984	-0.050766	-0.540297	-0.319510	-0.778456
21403	14.255683	-5.473945	-6.602394	-3.174148	-3.085323	-0.382133	-0.723675	-0.338067	0.601669	-0.439086	0.898138	-0.023477	-0.532445	-0.281174	-0.798401
21404	14.878857	-6.017872	-9.512129	-3.018979	-2.839084	-0.579633	-0.736155	-0.350780	0.578817	-0.427391	0.904057	0.004317	-0.524798	-0.244203	-0.815446
21405	15.794813	-5.649252	-10.823698	-2.358118	-2.310778	-0.613882	-0.745376	-0.361722	0.559975	-0.419911	0.907162	0.027052	-0.517774	-0.214976	-0.828067
21406	14.492101	-4.640104	-12.512709	-1.548497	-1.948362	-0.635678	-0.752708	-0.371504	0.543521	-0.416753	0.907980	0.043468	-0.509655	-0.193796	-0.838269
21407	12.722198	-4.384567	-15.344269	-0.981703	-1.877907	-0.734418	-0.758873	-0.381767	0.527603	-0.417663	0.906906	0.055485	-0.499669	-0.178254	-0.847677
21408	10.046894	-3.634786	-14.380668	-0.396302	-1.607127	-0.846122	-0.763248	-0.392247	0.513415	-0.422178	0.904302	0.063268	-0.489099	-0.168464	-0.855805
21409	7.812258	-2.439142	-11.585294	0.047864	-1.300187	-0.878990	-0.765536	-0.402470	0.501968	-0.429474	0.900583	0.067095	-0.479068	-0.164219	-0.862280
21410	7.570531	-0.939327	-8.225910	-0.034504	-0.778424	-0.806246	-0.765737	-0.411013	0.494686	-0.435518	0.897343	0.071413	-0.473255	-0.160761	-0.866133
21411	7.093764	0.360175	-7.160081	-0.105815	-0.120743	-0.664859	-0.763123	-0.417302	0.493460	-0.440459	0.894603	0.075377	-0.472905	-0.159827	-0.866496
21412	6.672085	1.086547	-8.952041	-0.096049	0.276461	-0.486698	-0.759642	-0.421239	0.495482	-0.443744	0.892698	0.078615	-0.475432	-0.160148	-0.865053
21413	6.450828	0.287670	-10.006548	-0.305432	0.643142	-0.262660	-0.755117	-0.422684	0.501135	-0.444630	0.891923	0.082323	-0.481770	-0.160656	-0.861445
21414	5.985753	-0.944486	-9.470231	-0.325570	1.023878	-0.108000	-0.749639	-0.422025	0.509840	-0.443894	0.891975	0.085665	-0.490917	-0.162097	-0.855993
21415	5.940166	-1.560968	-8.668810	-0.107459	1.444372	-0.026510	-0.742064	-0.420003	0.522436	-0.443921	0.891884	0.086472	-0.502270	-0.167752	-0.848283
21416	5.142491	-2.143569	-7.690116	0.198970	1.919097	-0.001041	-0.732273	-0.416727	0.538622	-0.444976	0.891518	0.084800	-0.515530	-0.177577	-0.838269
21417	3.961077	-2.404519	-7.036616	0.584656	2.289665	-0.030957	-0.719876	-0.412869	0.557958	-0.448635	0.890141	0.079846	-0.529628	-0.192840	-0.826019
21418	3.694082	-1.985216	-6.846973	1.019743	2.592213	0.000173	-0.705947	-0.407641	0.579195	-0.454141	0.888057	0.071494	-0.543502	-0.212565	-0.812048
