// General information: 
//  MT Manager version: 2022.2.0 
//  XDA version: 2022.2.0 build 7381 rev 124627 built on 2023-07-19
// Device information: 
//  DeviceId: 00B4CBA7
//  ProductCode: MTW2-3A7G6
//  Firmware Version: 4.6.0
//  Hardware Version: 2.0.0
// Device settings: 
//  Filter Profile: human(46.1)
//  Option Flags: Orientation Smoother Disabled, Position/Velocity Smoother Disabled, Continuous Zero Rotation Update Disabled, AHS Disabled, ICC Disabled
// Coordinate system: ENU
PacketCounter	Acc_X	Acc_Y	Acc_Z	Gyr_X	Gyr_Y	Gyr_Z	Mat[1][1]	Mat[2][1]	Mat[3][1]	Mat[1][2]	Mat[2][2]	Mat[3][2]	Mat[1][3]	Mat[2][3]	Mat[3][3]
11800	9.416329	-2.149360	-1.405532	0.031626	0.034165	0.006424	-0.251135	0.087178	0.964018	-0.559579	0.799570	-0.218082	-0.789812	-0.594213	-0.152017
11801	9.392480	-2.152480	-1.404484	0.024538	0.027582	0.002931	-0.250826	0.087298	0.964088	-0.559516	0.799642	-0.217977	-0.789955	-0.594097	-0.151726
11802	9.422402	-2.128937	-1.472763	0.026669	0.025716	0.005238	-0.250617	0.087462	0.964127	-0.559716	0.799490	-0.218020	-0.789879	-0.594277	-0.151412
11803	9.396302	-2.107715	-1.473349	0.026879	0.023529	0.003125	-0.250356	0.087642	0.964179	-0.559888	0.799365	-0.218040	-0.789840	-0.594420	-0.151056
11804	9.423329	-2.106935	-1.492275	0.025651	0.025608	0.004105	-0.250142	0.087796	0.964220	-0.560083	0.799220	-0.218071	-0.789770	-0.594592	-0.150745
11805	9.446319	-2.034270	-1.538496	0.026644	0.023775	0.007435	-0.249860	0.087931	0.964281	-0.560024	0.799281	-0.217996	-0.789901	-0.594489	-0.150464
11806	9.466014	-2.007816	-1.509851	0.012420	0.029450	0.005507	-0.249623	0.088120	0.964325	-0.560111	0.799214	-0.218021	-0.789914	-0.594552	-0.150145
11807	9.427141	-2.086825	-1.532851	-0.001021	0.035480	0.009020	-0.249302	0.088353	0.964387	-0.559922	0.799358	-0.217978	-0.790149	-0.594324	-0.149811
11808	9.405392	-2.114489	-1.531330	0.003419	0.027656	0.013725	-0.249125	0.088596	0.964410	-0.559917	0.799337	-0.218068	-0.790209	-0.594316	-0.149528
11809	9.439382	-2.163530	-1.572116	0.014183	0.035777	0.007647	-0.248761	0.088827	0.964483	-0.559827	0.799414	-0.218015	-0.790387	-0.594178	-0.149135
11810	9.408197	-2.141050	-1.523292	0.028130	0.036238	0.009455	-0.248491	0.089087	0.964529	-0.560028	0.799250	-0.218101	-0.790329	-0.594359	-0.148716
11811	9.454758	-2.113510	-1.515070	0.036778	0.038395	0.007707	-0.248099	0.089332	0.964607	-0.560058	0.799239	-0.218065	-0.790431	-0.594338	-0.148260
11812	9.428810	-2.092819	-1.514298	0.041180	0.036455	0.007977	-0.247820	0.089581	0.964656	-0.560366	0.798999	-0.218155	-0.790301	-0.594623	-0.147810
11813	9.421731	-2.068188	-1.462815	0.034899	0.032161	0.007725	-0.247525	0.089816	0.964709	-0.560527	0.798874	-0.218196	-0.790279	-0.594755	-0.147397
11814	9.419836	-2.045349	-1.460065	0.031274	0.034435	0.012896	-0.247289	0.090092	0.964744	-0.560744	0.798688	-0.218319	-0.790199	-0.594963	-0.146989
11815	9.421764	-2.094605	-1.429942	0.025023	0.032066	0.010444	-0.247068	0.090337	0.964778	-0.560870	0.798576	-0.218407	-0.790178	-0.595077	-0.146636
11816	9.417149	-2.070908	-1.403319	0.024993	0.030141	0.012644	-0.246865	0.090586	0.964807	-0.561038	0.798427	-0.218517	-0.790123	-0.595238	-0.146282
11817	9.417282	-2.072487	-1.400094	0.012959	0.030004	0.015244	-0.246699	0.090823	0.964827	-0.561058	0.798387	-0.218613	-0.790160	-0.595256	-0.146004
11818	9.392649	-2.099866	-1.374470	0.008709	0.025916	0.017260	-0.246555	0.091083	0.964839	-0.561086	0.798331	-0.218744	-0.790185	-0.595290	-0.145727
11819	9.443654	-2.097893	-1.391069	-0.003204	0.025653	0.017702	-0.246438	0.091348	0.964844	-0.561022	0.798340	-0.218878	-0.790268	-0.595239	-0.145493
11820	9.395271	-2.103925	-1.394217	-0.013797	0.021261	0.017216	-0.246330	0.091580	0.964849	-0.560872	0.798418	-0.218976	-0.790407	-0.595098	-0.145310
11821	9.397334	-2.129546	-1.391642	-0.024481	0.018916	0.016682	-0.246258	0.091809	0.964846	-0.560685	0.798520	-0.219086	-0.790563	-0.594926	-0.145166
11822	9.450398	-2.151547	-1.408250	-0.033525	0.023028	0.020435	-0.246154	0.092078	0.964847	-0.560371	0.798713	-0.219187	-0.790818	-0.594626	-0.145009
11823	9.430947	-2.180215	-1.432759	-0.039776	0.020666	0.017976	-0.246071	0.092290	0.964848	-0.559957	0.798989	-0.219234	-0.791136	-0.594221	-0.144930
11824	9.424401	-2.108611	-1.435108	-0.044153	0.016701	0.022142	-0.246027	0.092534	0.964836	-0.559555	0.799243	-0.219336	-0.791435	-0.593841	-0.144857
11825	9.402742	-2.112858	-1.461458	-0.053662	0.016229	0.018384	-0.245855	0.092756	0.964858	-0.558781	0.799802	-0.219271	-0.792035	-0.593054	-0.144805
11826	9.421330	-2.109976	-1.410064	-0.064558	0.016042	0.019952	-0.245804	0.092979	0.964850	-0.558222	0.800179	-0.219322	-0.792445	-0.592511	-0.144784
11827	9.451313	-2.086889	-1.481022	-0.070218	0.018105	0.022847	-0.245750	0.093285	0.964834	-0.557672	0.800529	-0.219442	-0.792849	-0.591989	-0.144708
11828	9.451238	-2.087825	-1.480188	-0.077175	0.032093	0.020041	-0.245572	0.093604	0.964849	-0.557012	0.800979	-0.219476	-0.793368	-0.591329	-0.144559
11829	9.404471	-2.140860	-1.457500	-0.073128	0.038318	0.020150	-0.245303	0.093961	0.964882	-0.556189	0.801556	-0.219456	-0.794028	-0.590490	-0.144364
11830	9.428107	-2.163200	-1.427521	-0.060112	0.036610	0.020900	-0.245093	0.094313	0.964901	-0.555661	0.801904	-0.219523	-0.794462	-0.589962	-0.144135
11831	9.423338	-2.139257	-1.402170	-0.042362	0.030700	0.017663	-0.244856	0.094605	0.964933	-0.555148	0.802259	-0.219527	-0.794894	-0.589433	-0.143918
11832	9.419161	-2.091981	-1.402098	-0.036062	0.029070	0.022369	-0.244713	0.094924	0.964938	-0.554808	0.802462	-0.219642	-0.795176	-0.589104	-0.143708
11833	9.430841	-2.040581	-1.326737	-0.041296	0.026799	0.021032	-0.244536	0.095193	0.964956	-0.554290	0.802814	-0.219664	-0.795590	-0.588582	-0.143553
11834	9.430009	-2.065678	-1.300290	-0.053072	0.020493	0.023723	-0.244469	0.095472	0.964946	-0.553811	0.803116	-0.219769	-0.795945	-0.588124	-0.143463
11835	9.402809	-2.068727	-1.278157	-0.067175	0.018206	0.026213	-0.244384	0.095747	0.964940	-0.553037	0.803639	-0.219806	-0.796509	-0.587365	-0.143445
11836	9.404489	-2.094733	-1.277302	-0.074643	0.012008	0.029138	-0.244413	0.096020	0.964905	-0.552372	0.804062	-0.219931	-0.796961	-0.586741	-0.143485
11837	9.405356	-2.144383	-1.251975	-0.087480	0.009556	0.028452	-0.244498	0.096268	0.964859	-0.551635	0.804533	-0.220058	-0.797446	-0.586054	-0.143602
11838	9.411660	-2.195381	-1.275715	-0.091867	0.005535	0.032592	-0.244597	0.096531	0.964808	-0.550823	0.805052	-0.220192	-0.797976	-0.585297	-0.143742
11839	9.423467	-2.247477	-1.348308	-0.084937	0.003298	0.026525	-0.244531	0.096705	0.964807	-0.549676	0.805864	-0.220089	-0.798787	-0.584150	-0.143902
11840	9.393187	-2.249735	-1.304239	-0.078176	-0.000745	0.024801	-0.244637	0.096868	0.964764	-0.548991	0.806309	-0.220167	-0.799226	-0.583508	-0.144073
11841	9.414748	-2.224783	-1.304003	-0.066390	-0.000362	0.026542	-0.244733	0.097053	0.964721	-0.548412	0.806674	-0.220275	-0.799593	-0.582974	-0.144195
11842	9.414876	-2.202539	-1.330962	-0.068077	-0.008736	0.024399	-0.244900	0.097166	0.964667	-0.547809	0.807060	-0.220364	-0.799956	-0.582420	-0.144421
11843	9.392071	-2.230257	-1.335305	-0.065711	-0.010848	0.022397	-0.245012	0.097289	0.964626	-0.547093	0.807534	-0.220405	-0.800411	-0.581742	-0.144630
11844	9.437762	-2.202964	-1.333198	-0.064485	-0.012936	0.021411	-0.245197	0.097354	0.964573	-0.546525	0.807901	-0.220469	-0.800743	-0.581221	-0.144888
11845	9.388780	-2.208230	-1.341255	-0.063344	-0.012979	0.020393	-0.245319	0.097411	0.964536	-0.545796	0.808396	-0.220459	-0.801203	-0.580522	-0.145148
11846	9.441223	-2.230080	-1.362104	-0.057853	-0.016868	0.021832	-0.245537	0.097457	0.964476	-0.545279	0.808724	-0.220536	-0.801488	-0.580058	-0.145430
11847	9.400361	-2.236983	-1.443461	-0.051056	-0.024864	0.022313	-0.245809	0.097464	0.964406	-0.544675	0.809114	-0.220598	-0.801815	-0.579513	-0.145802
11848	9.418919	-2.211445	-1.420917	-0.046372	-0.030987	0.020486	-0.246133	0.097417	0.964328	-0.544253	0.809376	-0.220678	-0.802002	-0.579155	-0.146195
11849	9.421579	-2.189110	-1.473999	-0.040673	-0.031099	0.015398	-0.246343	0.097336	0.964283	-0.543606	0.809827	-0.220619	-0.802376	-0.578538	-0.146582
11850	9.423453	-2.190511	-1.502329	-0.046078	-0.035213	0.018388	-0.246689	0.097249	0.964203	-0.543192	0.810089	-0.220680	-0.802550	-0.578186	-0.147015
11851	9.440048	-2.140281	-1.481100	-0.050260	-0.035468	0.015994	-0.247016	0.097168	0.964127	-0.542817	0.810323	-0.220741	-0.802703	-0.577872	-0.147418
11852	9.416939	-2.167478	-1.487636	-0.057984	-0.035569	0.018810	-0.247368	0.097083	0.964046	-0.542306	0.810653	-0.220787	-0.802941	-0.577423	-0.147881
11853	9.424143	-2.169393	-1.565217	-0.065253	-0.038030	0.015189	-0.247697	0.096926	0.963977	-0.541657	0.811100	-0.220735	-0.803277	-0.576820	-0.148407
11854	9.421793	-2.217714	-1.520134	-0.070012	-0.029905	0.017002	-0.247994	0.096858	0.963907	-0.541053	0.811501	-0.220746	-0.803593	-0.576268	-0.148841
11855	9.423772	-2.218254	-1.548573	-0.076351	-0.024302	0.010105	-0.248141	0.096785	0.963877	-0.540194	0.812108	-0.220614	-0.804125	-0.575424	-0.149234
11856	9.423870	-2.194185	-1.577377	-0.083138	-0.022294	0.014038	-0.248360	0.096738	0.963825	-0.539491	0.812586	-0.220575	-0.804529	-0.574757	-0.149624
11857	9.413936	-2.144711	-1.534103	-0.092685	-0.024742	0.012454	-0.248524	0.096678	0.963789	-0.538441	0.813322	-0.220428	-0.805181	-0.573725	-0.150075
11858	9.381074	-2.145505	-1.468300	-0.103655	-0.022995	0.013999	-0.248748	0.096627	0.963736	-0.537571	0.813916	-0.220357	-0.805693	-0.572891	-0.150517
11859	9.442332	-2.138038	-1.367867	-0.116574	-0.023480	0.013294	-0.248889	0.096580	0.963705	-0.536379	0.814751	-0.220179	-0.806444	-0.571711	-0.150979
11860	9.417559	-2.139660	-1.375079	-0.113362	-0.021434	0.012369	-0.249092	0.096525	0.963658	-0.535434	0.815400	-0.220077	-0.807009	-0.570794	-0.151427
11861	9.425513	-2.212695	-1.401961	-0.097512	-0.014749	0.014263	-0.249153	0.096573	0.963637	-0.534284	0.816191	-0.219938	-0.807752	-0.569654	-0.151759
11862	9.468111	-2.208374	-1.351251	-0.083696	-0.008211	0.013887	-0.249257	0.096606	0.963607	-0.533573	0.816668	-0.219894	-0.808190	-0.568965	-0.152014
11863	9.445725	-2.234736	-1.354303	-0.063099	0.024998	0.008305	-0.248983	0.096860	0.963652	-0.532760	0.817225	-0.219794	-0.808810	-0.568121	-0.151872
11864	9.346298	-2.242681	-1.340155	-0.027829	0.005705	0.010344	-0.248956	0.096944	0.963651	-0.532509	0.817387	-0.219801	-0.808984	-0.567874	-0.151870
11865	9.375645	-2.241696	-1.386195	-0.009099	0.000061	0.008155	-0.249040	0.096985	0.963625	-0.532623	0.817284	-0.219908	-0.808883	-0.568015	-0.151880
11866	9.413378	-2.140903	-1.358984	-0.008612	-0.012226	0.008254	-0.249147	0.096950	0.963601	-0.532533	0.817338	-0.219925	-0.808909	-0.567943	-0.152008
11867	9.390704	-2.167902	-1.362959	-0.009425	-0.020412	0.009339	-0.249350	0.096901	0.963553	-0.532559	0.817298	-0.220009	-0.808830	-0.568008	-0.152188
11868	9.395487	-2.169043	-1.413821	-0.010400	-0.024504	0.010391	-0.249567	0.096813	0.963506	-0.532449	0.817361	-0.220043	-0.808835	-0.567933	-0.152438
11869	9.501691	-2.186634	-1.477789	-0.017105	-0.012621	0.005633	-0.249648	0.096754	0.963491	-0.532204	0.817534	-0.219995	-0.808972	-0.567695	-0.152603
11870	9.623488	-2.246336	-1.193500	0.010895	0.022987	0.001542	-0.249434	0.096864	0.963535	-0.532288	0.817484	-0.219977	-0.808982	-0.567748	-0.152349
11871	9.787797	-2.426233	-0.969699	0.098435	0.117704	-0.007223	-0.248391	0.097431	0.963747	-0.533041	0.816993	-0.219978	-0.808807	-0.568357	-0.150999
11872	9.318472	-2.655756	-0.756402	0.236201	0.165965	-0.030254	-0.246852	0.098096	0.964075	-0.535025	0.815692	-0.219991	-0.807968	-0.570109	-0.148871
11873	8.947419	-2.659935	-0.702758	0.373563	0.131009	-0.024534	-0.245561	0.098615	0.964352	-0.537970	0.813696	-0.220197	-0.806404	-0.572864	-0.146760
11874	9.110718	-2.452941	-0.743222	0.415176	0.041274	-0.026798	-0.245047	0.098602	0.964484	-0.541379	0.811351	-0.220495	-0.804276	-0.576183	-0.145438
11875	9.335151	-2.070548	-0.812011	0.403880	-0.002700	-0.024805	-0.244982	0.098393	0.964522	-0.544851	0.808911	-0.220907	-0.801949	-0.579639	-0.144559
11876	9.354169	-1.901187	-0.882093	0.344403	-0.043273	-0.014658	-0.245211	0.097991	0.964505	-0.547645	0.806938	-0.221213	-0.799973	-0.582450	-0.144206
11877	9.336726	-1.962447	-1.128155	0.247464	-0.075914	0.002020	-0.245852	0.097530	0.964388	-0.549769	0.805386	-0.221603	-0.798318	-0.584672	-0.144386
11878	9.348429	-2.096070	-1.372538	0.195163	-0.099668	0.007062	-0.246649	0.096971	0.964241	-0.551308	0.804250	-0.221903	-0.797009	-0.586326	-0.144906
11879	9.354639	-2.205244	-1.596070	0.167985	-0.121053	0.005926	-0.247597	0.096279	0.964067	-0.552559	0.803327	-0.222137	-0.795848	-0.587704	-0.145702
11880	9.418860	-2.233215	-1.743488	0.155436	-0.127823	0.003195	-0.248595	0.095520	0.963886	-0.553787	0.802423	-0.222345	-0.794683	-0.589061	-0.146581
11881	9.445463	-2.164350	-1.849670	0.155689	-0.128245	-0.001119	-0.249572	0.094744	0.963710	-0.555006	0.801529	-0.222529	-0.793526	-0.590402	-0.147456
11882	9.462141	-2.068521	-1.884386	0.145898	-0.124609	-0.002799	-0.250507	0.093953	0.963545	-0.556170	0.800684	-0.222668	-0.792415	-0.591675	-0.148323
11883	9.408145	-2.002926	-1.925924	0.118708	-0.123141	-0.001016	-0.251499	0.093183	0.963361	-0.557225	0.799901	-0.222843	-0.791359	-0.592854	-0.149250
11884	9.511681	-2.046786	-1.971734	0.078651	-0.118055	-0.004282	-0.252372	0.092417	0.963207	-0.557858	0.799452	-0.222870	-0.790634	-0.593579	-0.150203
11885	9.506664	-2.222884	-2.047895	0.052753	-0.097829	-0.000632	-0.253095	0.091790	0.963077	-0.558240	0.799184	-0.222874	-0.790134	-0.594036	-0.151029
11886	9.447479	-2.177234	-2.014305	0.046188	-0.090059	-0.005460	-0.253739	0.091179	0.962966	-0.558619	0.798929	-0.222841	-0.789659	-0.594474	-0.151785
11887	9.441948	-2.128805	-2.023921	0.004313	-0.076221	-0.001374	-0.254296	0.090709	0.962863	-0.558651	0.798916	-0.222806	-0.789457	-0.594563	-0.152486
11888	9.457442	-2.241417	-1.852321	-0.013790	-0.057988	-0.000510	-0.254714	0.090328	0.962788	-0.558544	0.799012	-0.222731	-0.789398	-0.594492	-0.153067
11889	9.412297	-2.141269	-1.742483	0.017002	-0.039128	-0.004801	-0.254930	0.090041	0.962758	-0.558578	0.799015	-0.222634	-0.789304	-0.594532	-0.153398
11890	9.288697	-1.845065	-1.499621	-0.012711	-0.031224	-0.001031	-0.255133	0.089815	0.962725	-0.558481	0.799105	-0.222555	-0.789307	-0.594445	-0.153718
11891	9.378491	-1.657574	-1.329513	-0.073794	-0.027811	0.006706	-0.255280	0.089713	0.962696	-0.557652	0.799727	-0.222400	-0.789846	-0.593624	-0.154126
11892	9.466820	-1.822079	-1.342875	-0.127437	-0.020236	0.013645	-0.255479	0.089670	0.962647	-0.556611	0.800484	-0.222285	-0.790516	-0.592609	-0.154596
11893	9.459531	-1.924841	-1.442275	-0.172783	-0.012176	0.027475	-0.255769	0.089817	0.962557	-0.555411	0.801298	-0.222352	-0.791265	-0.591486	-0.155062
11894	9.509795	-1.779761	-1.595710	-0.250096	-0.034160	0.034930	-0.256196	0.089863	0.962439	-0.553342	0.802756	-0.222250	-0.792576	-0.589497	-0.155938
11895	9.670847	-1.770869	-1.760408	-0.379639	-0.031590	0.028539	-0.256622	0.089866	0.962325	-0.550390	0.804870	-0.221934	-0.794491	-0.586607	-0.157086
11896	9.723060	-2.009514	-1.857377	-0.524996	-0.021385	0.029894	-0.256920	0.089950	0.962238	-0.546135	0.807925	-0.221344	-0.797326	-0.582379	-0.158447
11897	9.528385	-2.263858	-1.932735	-0.604249	-0.006557	0.024680	-0.257064	0.090066	0.962188	-0.541235	0.811431	-0.220554	-0.800614	-0.577467	-0.159842
11898	9.440973	-2.359039	-1.979468	-0.646456	-0.016322	0.011837	-0.257222	0.090036	0.962149	-0.536019	0.815149	-0.219580	-0.804065	-0.572211	-0.161414
11899	9.429782	-2.519259	-1.995510	-0.657401	-0.006446	0.006816	-0.257204	0.090015	0.962156	-0.530386	0.819137	-0.218418	-0.807798	-0.566491	-0.162942
11900	9.418475	-2.702982	-1.988309	-0.638728	0.000056	-0.004275	-0.257145	0.089947	0.962178	-0.525226	0.822755	-0.217281	-0.811181	-0.561234	-0.164325
11901	9.504640	-2.878825	-1.971710	-0.561651	0.012945	-0.021122	-0.256867	0.089829	0.962263	-0.520577	0.826021	-0.216074	-0.814259	-0.556435	-0.165415
11902	9.531190	-2.717334	-1.855414	-0.460990	0.081138	-0.034491	-0.255991	0.089960	0.962484	-0.516906	0.828622	-0.214929	-0.816870	-0.552534	-0.165619
11903	9.334508	-2.649201	-1.631609	-0.374627	0.105941	-0.051759	-0.254781	0.090101	0.962792	-0.514030	0.830709	-0.213766	-0.819061	-0.549367	-0.165334
11904	9.255354	-2.645760	-1.540723	-0.300706	0.110245	-0.063175	-0.253518	0.090145	0.963121	-0.511724	0.832427	-0.212611	-0.820894	-0.546753	-0.164905
11905	9.245795	-2.539192	-1.488729	-0.227154	0.090343	-0.069319	-0.252457	0.090025	0.963411	-0.510295	0.833559	-0.211611	-0.822110	-0.545046	-0.164499
11906	9.350406	-2.374970	-1.399608	-0.184113	0.058783	-0.082517	-0.251518	0.089622	0.963694	-0.508988	0.834648	-0.210464	-0.823207	-0.543444	-0.164312
11907	9.431335	-2.286633	-1.266540	-0.181164	0.042215	-0.084689	-0.250724	0.089125	0.963947	-0.507707	0.835714	-0.209324	-0.824240	-0.541885	-0.164284
11908	9.417932	-2.056593	-1.288026	-0.180247	0.025495	-0.089146	-0.250026	0.088483	0.964187	-0.506443	0.836781	-0.208118	-0.825229	-0.540341	-0.164406
11909	9.452344	-1.971492	-1.185033	-0.210417	0.046437	-0.087254	-0.249221	0.087954	0.964444	-0.505140	0.837859	-0.206942	-0.826270	-0.538754	-0.164384
11910	9.104655	-1.917640	-1.170131	-0.211336	0.062710	-0.082789	-0.248251	0.087562	0.964730	-0.503598	0.839081	-0.205747	-0.827503	-0.536913	-0.164206
11911	9.344489	-2.069353	-0.729109	-0.154688	0.094464	-0.075060	-0.247036	0.087414	0.965055	-0.502407	0.840051	-0.204698	-0.828589	-0.535419	-0.163605
11912	9.055541	-2.011828	-0.797345	-0.010575	0.161671	-0.072929	-0.245295	0.087632	0.965480	-0.502498	0.840184	-0.203927	-0.829051	-0.535174	-0.162058
11913	8.958531	-1.795270	-0.713767	0.095963	0.124199	-0.073103	-0.243898	0.087647	0.965832	-0.503613	0.839651	-0.203372	-0.828787	-0.536008	-0.160649
11914	9.024407	-1.715921	-0.447270	0.185664	0.077565	-0.074243	-0.242846	0.087406	0.966119	-0.505331	0.838732	-0.202903	-0.828050	-0.537484	-0.159514
11915	9.144083	-1.762111	-1.019910	0.225897	-0.031117	-0.070168	-0.242692	0.086648	0.966226	-0.507543	0.837472	-0.202584	-0.826741	-0.539567	-0.159270
11916	9.352009	-1.875395	-1.691217	0.210493	-0.113851	-0.057920	-0.243303	0.085514	0.966173	-0.509422	0.836397	-0.202311	-0.825405	-0.541413	-0.159935
11917	9.363316	-1.843025	-2.065630	0.219867	-0.146066	-0.044785	-0.244201	0.084347	0.966050	-0.511184	0.835359	-0.202155	-0.824049	-0.543196	-0.160878
11918	9.359314	-1.769311	-2.124165	0.179235	-0.166659	-0.036351	-0.245351	0.083103	0.965866	-0.512748	0.834427	-0.202043	-0.822734	-0.544818	-0.162117
11919	9.313233	-1.970488	-2.023032	0.151711	-0.170654	-0.044336	-0.246457	0.081774	0.965698	-0.514075	0.833671	-0.201792	-0.821575	-0.546174	-0.163426
11920	9.375474	-2.283690	-1.913258	0.176259	-0.186177	-0.045366	-0.247716	0.080344	0.965495	-0.515633	0.832756	-0.201594	-0.820219	-0.547779	-0.164859
11921	9.386167	-2.431286	-1.682673	0.260872	-0.209313	-0.050993	-0.249135	0.078741	0.965262	-0.517917	0.831362	-0.201493	-0.818348	-0.550125	-0.166340
11922	9.437694	-2.453621	-1.225075	0.338821	-0.232971	-0.052705	-0.250729	0.076985	0.964991	-0.520817	0.829546	-0.201501	-0.816017	-0.553107	-0.167897
11923	9.382913	-2.410049	-0.729253	0.374842	-0.263078	-0.053297	-0.252558	0.075083	0.964664	-0.524040	0.827489	-0.201604	-0.813386	-0.556440	-0.169642
11924	9.341905	-2.533712	-0.187277	0.389423	-0.302480	-0.048436	-0.254723	0.072961	0.964258	-0.527325	0.825363	-0.201752	-0.810583	-0.559868	-0.171765
11925	9.254284	-2.854415	0.297490	0.399880	-0.361285	-0.051301	-0.257415	0.070480	0.963727	-0.530928	0.822989	-0.202000	-0.807374	-0.563668	-0.174430
11926	9.112971	-3.349983	0.506012	0.454717	-0.435609	-0.062956	-0.260552	0.067466	0.963100	-0.534755	0.820472	-0.202145	-0.803835	-0.567691	-0.177699
11927	9.025003	-3.745080	0.279890	0.605700	-0.506983	-0.076075	-0.264222	0.063928	0.962341	-0.539860	0.817034	-0.202500	-0.799211	-0.573034	-0.181366
11928	9.031528	-3.694884	-0.158794	0.841205	-0.581276	-0.090524	-0.268322	0.059807	0.961471	-0.546799	0.812252	-0.203122	-0.793104	-0.580233	-0.185242
11929	9.142975	-3.201162	-0.696678	1.039247	-0.637329	-0.109189	-0.272726	0.055230	0.960505	-0.555336	0.806207	-0.204040	-0.785635	-0.589050	-0.189202
11930	9.361442	-2.609772	-1.291071	1.135961	-0.680314	-0.122056	-0.277323	0.050179	0.959466	-0.564551	0.799538	-0.204992	-0.777415	-0.598516	-0.193401
11931	9.472739	-1.973696	-2.033288	1.154538	-0.701036	-0.123714	-0.282039	0.044954	0.958349	-0.573894	0.792578	-0.206073	-0.768830	-0.608111	-0.197739
11932	9.438485	-1.266763	-2.755269	1.067855	-0.699749	-0.109018	-0.286723	0.039777	0.957187	-0.582373	0.786095	-0.207115	-0.760679	-0.616824	-0.202226
11933	9.412715	-0.827123	-3.278492	0.940914	-0.673918	-0.089070	-0.291242	0.034843	0.956015	-0.589612	0.780428	-0.208064	-0.753350	-0.624274	-0.206749
11934	9.281490	-0.401111	-3.762108	0.775526	-0.639360	-0.059943	-0.295645	0.030336	0.954816	-0.595608	0.775593	-0.209063	-0.746891	-0.630504	-0.211232
11935	9.298543	-0.102449	-3.865544	0.586494	-0.587578	-0.028063	-0.299843	0.026413	0.953623	-0.600167	0.771793	-0.210085	-0.741548	-0.635325	-0.215564
11936	9.305943	-0.193695	-3.664371	0.396644	-0.520627	0.005844	-0.303690	0.023113	0.952490	-0.603086	0.769276	-0.210954	-0.737604	-0.638499	-0.219682
11937	9.369620	-0.311886	-3.330377	0.249021	-0.452564	0.030751	-0.307135	0.020458	0.951446	-0.604696	0.767803	-0.211710	-0.734854	-0.640360	-0.223448
11938	9.409637	-0.617909	-2.900349	0.116008	-0.394179	0.055404	-0.310325	0.018328	0.950454	-0.605381	0.767059	-0.212449	-0.732948	-0.641315	-0.226942
11939	9.407218	-0.708794	-2.780104	-0.007582	-0.348869	0.072300	-0.313268	0.016639	0.949519	-0.604995	0.767198	-0.213046	-0.732014	-0.641195	-0.230272
11940	9.572899	-0.980501	-2.982129	-0.235069	-0.301128	0.076140	-0.315895	0.015266	0.948671	-0.603038	0.768701	-0.213174	-0.732499	-0.639426	-0.233623
11941	9.926413	-1.634059	-3.343684	-0.432856	-0.220889	0.075670	-0.317967	0.014453	0.947992	-0.599509	0.771548	-0.212844	-0.734497	-0.636007	-0.236662
11942	9.553133	-2.351796	-3.334813	-0.484330	-0.145563	0.083247	-0.319497	0.014144	0.947482	-0.595685	0.774618	-0.212432	-0.736941	-0.632272	-0.239063
11943	9.506058	-2.440186	-3.621731	-0.532629	-0.131072	0.063191	-0.320780	0.013807	0.947053	-0.591361	0.778137	-0.211647	-0.739860	-0.627942	-0.241446
11944	9.817159	-2.389433	-3.622691	-0.647038	-0.050650	0.042998	-0.321371	0.013796	0.946853	-0.586428	0.782188	-0.210436	-0.743520	-0.622890	-0.243282
11945	9.200739	-3.079843	-3.739977	-0.635447	0.019347	0.040482	-0.321474	0.014241	0.946811	-0.581499	0.786173	-0.209263	-0.747338	-0.617842	-0.244453
11946	9.022439	-2.993488	-3.515125	-0.406941	-0.009798	0.025805	-0.321659	0.014353	0.946747	-0.578374	0.788687	-0.208461	-0.749679	-0.614627	-0.245387
11947	8.883853	-2.119849	-3.671553	-0.261109	0.011972	-0.013993	-0.321502	0.014312	0.946801	-0.576558	0.790210	-0.207725	-0.751144	-0.612669	-0.245803
11948	9.265907	-1.945630	-2.755420	-0.228671	0.011130	-0.039972	-0.321151	0.014034	0.946924	-0.574971	0.791624	-0.206735	-0.752509	-0.610847	-0.246162
11949	9.457274	-2.801610	-2.297138	-0.177363	0.022045	-0.048986	-0.320743	0.013735	0.947067	-0.574016	0.792536	-0.205896	-0.753412	-0.609671	-0.246316
11950	9.085996	-3.701936	-2.473557	-0.008523	-0.024790	-0.067445	-0.320505	0.013019	0.947157	-0.574172	0.792606	-0.205187	-0.753394	-0.609595	-0.246559
11951	9.189263	-3.462911	-1.972874	0.154757	-0.047884	-0.099493	-0.320288	0.011938	0.947245	-0.575537	0.791772	-0.204583	-0.752445	-0.610700	-0.246724
11952	9.166514	-3.196218	-1.668610	0.157728	-0.063987	-0.127186	-0.319999	0.010510	0.947360	-0.577134	0.790832	-0.203718	-0.751343	-0.611943	-0.247000
11953	9.073686	-2.962283	-1.438365	0.115180	-0.077474	-0.146208	-0.319753	0.008865	0.947460	-0.578591	0.790040	-0.202657	-0.750327	-0.612992	-0.247488
11954	9.169809	-2.653364	-1.167137	0.058034	-0.100844	-0.164900	-0.319517	0.006913	0.947555	-0.579558	0.789706	-0.201190	-0.749681	-0.613446	-0.248318
11955	9.146352	-2.390415	-1.092743	-0.004443	-0.124945	-0.173795	-0.319436	0.004768	0.947596	-0.580029	0.789788	-0.199503	-0.749351	-0.613362	-0.249521
11956	9.054000	-2.192683	-1.188971	-0.014517	-0.157727	-0.178268	-0.319546	0.002363	0.947568	-0.580495	0.789892	-0.197729	-0.748943	-0.613241	-0.251036
11957	8.990086	-2.040779	-1.285981	0.002131	-0.203381	-0.178171	-0.320045	-0.000251	0.947402	-0.581246	0.789735	-0.196143	-0.748148	-0.613448	-0.252897
11958	9.093058	-1.879787	-1.558768	0.061525	-0.238996	-0.172109	-0.320793	-0.003107	0.947144	-0.582262	0.789363	-0.194620	-0.747036	-0.613919	-0.255032
11959	9.133057	-1.631861	-1.887801	0.100413	-0.274124	-0.162754	-0.321873	-0.006072	0.946763	-0.583484	0.788783	-0.193310	-0.745617	-0.614642	-0.257431
11960	9.323970	-1.440997	-2.218765	0.121598	-0.301949	-0.155676	-0.323176	-0.009187	0.946294	-0.584896	0.788031	-0.192102	-0.743945	-0.615567	-0.260046
11961	9.350426	-1.150907	-2.630367	0.036225	-0.319735	-0.150088	-0.324620	-0.012333	0.945764	-0.585507	0.787920	-0.190692	-0.742835	-0.615654	-0.262995
11962	9.538071	-1.176856	-2.931436	-0.085413	-0.327919	-0.145330	-0.326167	-0.015526	0.945185	-0.585351	0.788434	-0.189043	-0.742280	-0.614924	-0.266249
11963	9.609578	-1.292153	-3.325289	-0.187121	-0.325748	-0.139849	-0.327748	-0.018635	0.944581	-0.584459	0.789530	-0.187218	-0.742286	-0.613429	-0.269658
11964	9.775205	-1.330913	-3.530969	-0.298977	-0.302509	-0.147633	-0.329096	-0.021684	0.944047	-0.582729	0.791338	-0.184963	-0.743050	-0.610994	-0.273063
11965	9.899205	-1.356691	-3.492252	-0.401618	-0.290595	-0.163745	-0.330336	-0.024715	0.943540	-0.580243	0.793767	-0.182353	-0.744444	-0.607720	-0.276550
11966	10.197790	-1.489870	-3.138683	-0.477035	-0.312476	-0.167477	-0.331659	-0.027970	0.942985	-0.577247	0.796620	-0.179396	-0.746183	-0.603833	-0.280352
11967	10.325728	-1.595133	-2.101984	-0.547439	-0.328980	-0.174636	-0.333134	-0.031306	0.942360	-0.573623	0.799942	-0.176207	-0.748317	-0.599260	-0.284445
11968	9.915033	-1.718652	-0.608140	-0.676089	-0.315539	-0.183361	-0.334416	-0.034689	0.941787	-0.569172	0.803921	-0.172494	-0.751139	-0.593724	-0.288588
11969	9.190769	-1.911746	0.651975	-0.842201	-0.375360	-0.199803	-0.336148	-0.038492	0.941022	-0.563700	0.808655	-0.168285	-0.754484	-0.587023	-0.293525
11970	8.927411	-1.751320	1.557267	-0.980909	-0.497435	-0.197917	-0.338766	-0.043029	0.939886	-0.556954	0.814298	-0.163465	-0.758314	-0.578850	-0.299821
11971	8.979082	-1.496866	1.971841	-1.159557	-0.652845	-0.202921	-0.342611	-0.048390	0.938230	-0.548777	0.820891	-0.158057	-0.762537	-0.569031	-0.307801
11972	9.200292	-1.398666	1.826630	-1.318992	-0.817725	-0.205853	-0.347709	-0.054726	0.936004	-0.539406	0.828221	-0.151956	-0.766902	-0.557723	-0.317500
11973	9.374889	-1.273665	1.373620	-1.417586	-0.981501	-0.200625	-0.354233	-0.061775	0.933115	-0.529186	0.835929	-0.145551	-0.771026	-0.545350	-0.328804
11974	9.649535	-0.942439	0.731381	-1.486414	-1.135963	-0.192978	-0.361968	-0.069549	0.929592	-0.518396	0.843814	-0.138723	-0.774755	-0.532110	-0.341488
11975	9.987892	-0.646205	0.314498	-1.567530	-1.270860	-0.185462	-0.370915	-0.077703	0.925410	-0.507209	0.851688	-0.131783	-0.777921	-0.518256	-0.355316
11976	10.266363	-0.301604	-0.057880	-1.582135	-1.390599	-0.166236	-0.380886	-0.086264	0.920589	-0.495512	0.859638	-0.124461	-0.780637	-0.503568	-0.370169
11977	10.585152	0.125630	-0.094584	-1.623090	-1.513942	-0.157683	-0.392037	-0.095099	0.915021	-0.483534	0.867469	-0.117011	-0.782625	-0.488317	-0.386064
11978	11.414868	-0.844675	0.349554	-1.738057	-1.651992	-0.149705	-0.404236	-0.104368	0.908681	-0.470521	0.875663	-0.108741	-0.784349	-0.471511	-0.403081
11979	12.966117	-1.356540	0.761133	-1.568067	-1.806403	-0.167934	-0.417727	-0.114208	0.901366	-0.458990	0.882696	-0.100871	-0.784112	-0.455855	-0.421147
11980	14.379767	-0.905336	1.136539	-1.203211	-1.925067	-0.204599	-0.431836	-0.124706	0.893289	-0.450451	0.887859	-0.093810	-0.781416	-0.442894	-0.439584
11981	13.948623	0.294770	1.926858	-0.757404	-1.929067	-0.196977	-0.446063	-0.134951	0.884769	-0.446038	0.890574	-0.089037	-0.775937	-0.434356	-0.457446
11982	12.137075	1.660272	2.241170	-0.499742	-2.054300	-0.121660	-0.461361	-0.144920	0.875297	-0.442742	0.892555	-0.085589	-0.768847	-0.427018	-0.475952
11983	11.544553	2.252571	2.478884	-0.574832	-2.309996	-0.016280	-0.479057	-0.154785	0.864029	-0.438730	0.894782	-0.082958	-0.760277	-0.418817	-0.496560
11984	12.271784	1.786451	3.191618	-0.877336	-2.564554	0.032112	-0.498556	-0.165120	0.850986	-0.431955	0.898452	-0.078733	-0.751570	-0.406840	-0.519253
11985	13.364282	0.201500	3.872142	-1.151085	-2.708565	-0.027506	-0.518786	-0.176187	0.836552	-0.423797	0.902837	-0.072670	-0.742467	-0.392229	-0.543047
11986	13.868904	-2.084179	3.559403	-1.308115	-2.829243	-0.201685	-0.538787	-0.188906	0.820989	-0.415230	0.907484	-0.063692	-0.733003	-0.375216	-0.567380
11987	14.079235	-3.876012	2.239258	-1.159751	-2.956614	-0.446150	-0.558551	-0.203788	0.804047	-0.409543	0.910710	-0.053678	-0.721314	-0.359274	-0.592138
11988	14.287645	-5.126619	1.109332	-0.795068	-3.052898	-0.689709	-0.577514	-0.220870	0.785935	-0.407801	0.912041	-0.043348	-0.707231	-0.345539	-0.616788
11989	14.377763	-5.686982	0.387326	-0.211495	-3.047565	-0.848652	-0.595366	-0.239043	0.767071	-0.411598	0.910667	-0.035672	-0.690019	-0.336962	-0.640570
11990	13.450087	-6.264715	-1.298323	0.290814	-3.016294	-0.901936	-0.612116	-0.257370	0.747713	-0.419043	0.907447	-0.030698	-0.670609	-0.332115	-0.663313
11991	12.753771	-6.211153	-3.597313	0.912633	-2.959956	-0.887607	-0.627836	-0.275300	0.728033	-0.430990	0.901836	-0.030652	-0.648127	-0.333020	-0.684857
11992	11.977593	-5.035147	-7.183320	1.451150	-2.855818	-0.818005	-0.642386	-0.292266	0.708463	-0.445438	0.894635	-0.034825	-0.623638	-0.337947	-0.704888
11993	12.038362	-4.253815	-10.065697	1.550637	-2.756043	-0.711638	-0.655882	-0.308056	0.689145	-0.459886	0.887022	-0.041179	-0.598601	-0.343937	-0.723453
11994	11.978845	-3.364610	-10.812214	1.655492	-2.395604	-0.613440	-0.667050	-0.321833	0.671913	-0.473685	0.879326	-0.049076	-0.575036	-0.351012	-0.739002
11995	10.925887	-2.053276	-9.709026	1.627138	-2.109147	-0.561131	-0.676083	-0.334320	0.656614	-0.486935	0.871535	-0.057625	-0.552997	-0.358688	-0.752022
11996	10.393754	-0.353043	-8.695275	1.604889	-1.756632	-0.587727	-0.682696	-0.345824	0.643686	-0.499671	0.863703	-0.065924	-0.533156	-0.366638	-0.762445
11997	10.059678	0.862518	-6.370214	1.265173	-1.315365	-0.609884	-0.686337	-0.356027	0.634181	-0.510814	0.856680	-0.071887	-0.517697	-0.373288	-0.769835
11998	9.957467	1.428609	-4.728976	0.957361	-0.751218	-0.550890	-0.687322	-0.363588	0.628802	-0.519533	0.851085	-0.075767	-0.507615	-0.378759	-0.773866
11999	9.697018	2.106067	-4.780908	0.791399	-0.125730	-0.496369	-0.685162	-0.368380	0.628371	-0.527248	0.846039	-0.078912	-0.502557	-0.385375	-0.773901
12000	9.485796	2.134542	-5.202663	0.522224	0.405534	-0.435275	-0.680788	-0.370511	0.631862	-0.532872	0.842389	-0.080173	-0.502569	-0.391282	-0.770924
12001	8.956234	2.283478	-5.548246	0.235834	1.036076	-0.341530	-0.673520	-0.369391	0.640251	-0.536689	0.839984	-0.079950	-0.508268	-0.397463	-0.763994
12002	7.878989	2.920769	-5.681534	-0.121838	1.594406	-0.272764	-0.663831	-0.365337	0.652578	-0.537913	0.839455	-0.077231	-0.519594	-0.402298	-0.753776
12003	7.324371	2.861592	-5.420742	-0.559147	2.118052	-0.174617	-0.651506	-0.358323	0.668688	-0.536413	0.840876	-0.072038	-0.536471	-0.405626	-0.740045
12004	6.817169	2.310528	-5.266938	-0.892676	2.656064	-0.066391	-0.636582	-0.348115	0.688171	-0.531979	0.844257	-0.065027	-0.558357	-0.407487	-0.722629
12005	6.203701	1.485932	-5.677778	-1.081037	3.112234	0.010940	-0.618673	-0.335368	0.710473	-0.526027	0.848520	-0.057527	-0.583558	-0.409318	-0.701369
12006	6.096460	0.604185	-5.840582	-1.098324	3.498060	0.066491	-0.598103	-0.320477	0.734553	-0.519087	0.853234	-0.050406	-0.610591	-0.411445	-0.676677
12007	5.939545	0.178316	-6.121659	-0.976022	3.836102	0.124961	-0.574602	-0.303583	0.760046	-0.512541	0.857484	-0.044983	-0.638071	-0.415402	-0.648311
12008	5.869638	-0.100276	-6.359924	-0.839957	4.162191	0.143471	-0.548166	-0.284984	0.786319	-0.506281	0.861406	-0.040746	-0.665728	-0.420434	-0.616475
12009	5.671273	-0.390949	-6.871033	-0.734945	4.511248	0.115061	-0.517905	-0.264888	0.813393	-0.500942	0.864674	-0.037372	-0.693420	-0.426818	-0.580512
12010	5.539433	-0.635776	-7.074380	-0.625118	4.836863	0.088643	-0.484109	-0.243336	0.840492	-0.496096	0.867580	-0.034564	-0.720783	-0.433697	-0.540721
12011	5.652569	-1.718933	-7.077753	-0.380381	5.148512	0.087326	-0.446587	-0.219989	0.867275	-0.493160	0.869295	-0.033442	-0.746561	-0.442640	-0.496706
12012	5.536449	-3.317128	-7.692582	0.148544	5.431879	0.113658	-0.405946	-0.194641	0.892929	-0.493818	0.868856	-0.035107	-0.768994	-0.455196	-0.448826
12013	5.811122	-4.650280	-8.335487	1.066638	5.612754	0.138031	-0.362850	-0.167276	0.916711	-0.501832	0.863994	-0.040977	-0.785178	-0.474903	-0.397444
12014	6.376667	-4.481721	-8.373602	2.105805	5.732197	0.084713	-0.317977	-0.138577	0.937916	-0.518188	0.853832	-0.049525	-0.793960	-0.501765	-0.343308
12015	6.995310	-3.214091	-8.335327	3.060133	5.737630	-0.043979	-0.272009	-0.109094	0.956091	-0.542876	0.837748	-0.058858	-0.794542	-0.535048	-0.287099
12016	7.923900	-1.416536	-7.532931	3.734960	5.774643	-0.230422	-0.224977	-0.079069	0.971151	-0.573024	0.816857	-0.066240	-0.788054	-0.571395	-0.229083
12017	8.615265	1.082553	-6.164652	3.912050	5.812068	-0.429481	-0.176829	-0.048152	0.983063	-0.604722	0.793362	-0.069914	-0.776558	-0.606843	-0.169408
12018	9.349142	2.744462	-4.456440	3.440485	5.768460	-0.680946	-0.128128	-0.017657	0.991600	-0.632279	0.771755	-0.067957	-0.764072	-0.635675	-0.110048
12019	10.489148	2.459013	-4.094457	2.547687	5.618134	-0.979395	-0.079090	0.011272	0.996804	-0.652810	0.755115	-0.060335	-0.753382	-0.655495	-0.052363
12020	10.995031	1.832486	-4.702847	1.812749	5.535314	-1.235611	-0.029430	0.038621	0.998820	-0.667062	0.743428	-0.048401	-0.744421	-0.667699	0.003884
12021	11.026702	1.306582	-5.442404	1.264395	5.374136	-1.394368	0.019826	0.064505	0.997720	-0.676635	0.735528	-0.034108	-0.736052	-0.674416	0.058229
12022	11.163634	1.207742	-5.558875	0.770594	5.228994	-1.455375	0.068050	0.089123	0.993693	-0.681637	0.731445	-0.018922	-0.728519	-0.676051	0.110525
12023	10.520751	1.136826	-5.038102	0.383133	5.075282	-1.414054	0.114577	0.113156	0.986949	-0.683230	0.730190	-0.004400	-0.721157	-0.673809	0.160975
12024	10.071164	0.385968	-3.885900	0.178329	4.740644	-1.302099	0.157522	0.135463	0.978180	-0.682732	0.730616	0.008765	-0.713487	-0.669216	0.207573
12025	9.824323	-0.974406	-2.074492	0.279593	4.304102	-1.121239	0.195759	0.156074	0.968153	-0.682811	0.730312	0.020331	-0.703880	-0.665046	0.249534
12026	8.688128	-2.211398	-0.546564	0.653581	3.750606	-0.872332	0.227935	0.174613	0.957891	-0.685515	0.727419	0.030521	-0.691459	-0.663606	0.285504
12027	6.368588	-2.530067	0.363196	1.038373	3.120538	-0.653447	0.253845	0.190697	0.948260	-0.691111	0.721648	0.039882	-0.676704	-0.665477	0.314979
12028	3.882329	-1.779480	2.878652	1.237870	2.355392	-0.440903	0.272710	0.203236	0.940385	-0.698225	0.714260	0.048118	-0.661900	-0.669722	0.336691
12029	2.871310	-1.149147	5.578155	1.268173	1.376419	-0.224983	0.283368	0.210992	0.935513	-0.705981	0.706124	0.054586	-0.649071	-0.675923	0.349050
12030	3.884333	-1.146270	5.385755	0.989559	0.291768	-0.067123	0.285764	0.212482	0.934447	-0.712163	0.699554	0.058716	-0.641220	-0.682257	0.351229
12031	4.508838	-0.689284	2.845530	0.511232	-0.587940	0.057085	0.281644	0.208975	0.936486	-0.715683	0.695847	0.059962	-0.639121	-0.687115	0.345541
12032	4.875523	-0.818333	0.139089	-0.156417	-1.341008	0.171770	0.271849	0.200926	0.941131	-0.715143	0.696579	0.057856	-0.643947	-0.688772	0.333055
12033	5.397919	-1.719760	-1.792286	-0.624724	-1.876785	0.299591	0.257591	0.190217	0.947346	-0.711972	0.700205	0.052997	-0.653255	-0.688135	0.315796
12034	5.459248	-2.645033	-3.520603	-0.803605	-2.307515	0.420823	0.239435	0.177291	0.954588	-0.707712	0.704963	0.046583	-0.664691	-0.686727	0.294264
12035	5.905866	-3.478944	-5.089034	-0.769405	-2.718417	0.507522	0.217680	0.162325	0.962427	-0.703796	0.709301	0.039551	-0.676230	-0.685962	0.268644
12036	6.854598	-4.931106	-7.487617	-0.539179	-2.976759	0.572930	0.193413	0.145945	0.970202	-0.701293	0.712124	0.032682	-0.686134	-0.686716	0.240084
12037	7.193523	-5.544436	-10.035027	-0.153890	-3.058662	0.610380	0.168097	0.129318	0.977251	-0.701405	0.712274	0.026395	-0.692657	-0.689886	0.210435
12038	7.259055	-4.779603	-10.849794	0.227623	-3.000503	0.672856	0.142575	0.113303	0.983278	-0.704025	0.709886	0.020284	-0.695716	-0.695144	0.180980
12039	7.454607	-3.459052	-9.943079	0.557702	-2.705580	0.759858	0.118436	0.099820	0.987932	-0.708941	0.705133	0.013744	-0.695252	-0.702013	0.154280
12040	13.393304	0.401235	-3.465994	0.932946	-1.678988	0.578345	0.102720	0.092003	0.990446	-0.716041	0.697994	0.009424	-0.690459	-0.710169	0.137576
12041	27.666981	12.130003	16.626856	2.584931	1.077862	-0.372985	0.112804	0.097191	0.988852	-0.733252	0.679749	0.016836	-0.670535	-0.726977	0.147944
12042	41.206964	15.349000	17.527366	3.242670	0.555708	-0.317284	0.118860	0.099153	0.987948	-0.754224	0.656145	0.024888	-0.645770	-0.748092	0.152774
12043	14.885289	-12.240261	-13.930440	2.871038	-0.212282	0.156009	0.116385	0.098570	0.988301	-0.772661	0.634212	0.027737	-0.624058	-0.766850	0.149974
12044	9.246996	9.981370	-7.088591	4.483793	-2.916518	0.259751	0.096646	0.077346	0.992309	-0.800201	0.598917	0.031253	-0.591893	-0.797067	0.119775
12045	6.336314	16.946557	1.342692	3.123307	-2.240567	1.528170	0.071328	0.068182	0.995120	-0.819596	0.572610	0.019513	-0.568485	-0.816988	0.096725
12046	6.366740	12.726354	1.448073	-0.564380	-2.429854	1.818553	0.042595	0.058783	0.997362	-0.817404	0.576064	0.000957	-0.574488	-0.815288	0.072587
12047	1.850861	3.044738	0.204090	-3.302340	-0.774753	1.337426	0.027309	0.060346	0.997804	-0.798415	0.601932	-0.014552	-0.601488	-0.796264	0.064619
12048	-0.037790	-7.532734	-2.664389	-4.064684	-1.382218	1.173252	0.009588	0.056738	0.998343	-0.773524	0.633124	-0.028553	-0.633695	-0.771968	0.049958
12049	6.187393	-15.746899	-8.024895	-2.735369	-1.797581	0.768384	-0.007798	0.047883	0.998823	-0.755872	0.653659	-0.037237	-0.654673	-0.755273	0.031096
12050	11.706772	-18.284576	-8.870251	0.117476	-1.486101	0.447478	-0.020864	0.039554	0.999000	-0.756578	0.652577	-0.041639	-0.653571	-0.756690	0.016311
12051	14.611943	-12.098079	-4.404043	2.871674	-1.327127	0.250402	-0.031257	0.030942	0.999032	-0.774937	0.630520	-0.043774	-0.631265	-0.775556	0.004270
12052	15.637179	-5.532733	-2.770525	3.879484	-1.166848	0.398381	-0.041538	0.024187	0.998844	-0.798687	0.599850	-0.047739	-0.600311	-0.799747	-0.005599
12053	12.702510	-0.099655	-1.004880	3.549459	-0.945120	0.551857	-0.051498	0.019723	0.998478	-0.819208	0.570993	-0.053530	-0.571180	-0.820718	-0.013248
12054	10.844143	6.275162	-0.436741	2.110461	-0.796324	0.765704	-0.062251	0.017432	0.997908	-0.830641	0.553403	-0.061484	-0.553317	-0.832731	-0.019970
12055	7.651559	9.957586	0.357900	-0.018631	-0.627009	0.961707	-0.073660	0.017488	0.997130	-0.829862	0.553431	-0.071010	-0.553085	-0.832711	-0.026253
12056	6.639315	6.222159	-1.305002	-2.149656	-0.734105	0.890270	-0.085074	0.016412	0.996239	-0.817085	0.571053	-0.079183	-0.570205	-0.820749	-0.035172
12057	7.662746	1.188637	-3.777648	-2.671811	-0.832625	0.797373	-0.096306	0.014214	0.995250	-0.800807	0.592723	-0.085956	-0.591129	-0.805281	-0.045701
12058	8.639057	-2.680235	-3.216571	-2.472181	-0.920041	0.801689	-0.108149	0.011689	0.994066	-0.785146	0.612346	-0.092620	-0.609795	-0.790504	-0.057047
12059	9.442864	-6.905582	-4.720907	-1.778233	-1.062810	0.773869	-0.120678	0.008059	0.992659	-0.773252	0.626308	-0.099089	-0.622509	-0.779534	-0.069350
12060	10.390116	-8.319398	-5.396388	-0.576448	-1.089284	0.669305	-0.132597	0.003778	0.991163	-0.768813	0.630752	-0.105255	-0.625576	-0.775975	-0.080731
