// General information: 
//  MT Manager version: 2022.2.0 
//  XDA version: 2022.2.0 build 7381 rev 124627 built on 2023-07-19
// Device information: 
//  DeviceId: 00B4CAF0
//  ProductCode: MTW2-3A7G6
//  Firmware Version: 4.6.0
//  Hardware Version: 2.0.0
// Device settings: 
//  Filter Profile: human(46.1)
//  Option Flags: Orientation Smoother Disabled, Position/Velocity Smoother Disabled, Continuous Zero Rotation Update Disabled, AHS Disabled, ICC Disabled
// Coordinate system: ENU
PacketCounter	Acc_X	Acc_Y	Acc_Z	Gyr_X	Gyr_Y	Gyr_Z	Mat[1][1]	Mat[2][1]	Mat[3][1]	Mat[1][2]	Mat[2][2]	Mat[3][2]	Mat[1][3]	Mat[2][3]	Mat[3][3]
25224	6.064564	-0.535499	8.182758	0.035770	-0.061497	-0.002986	0.716382	0.371079	0.590844	-0.417248	0.906574	-0.063472	-0.559197	-0.201059	0.804285
25225	6.053614	-0.538202	8.218545	0.034006	-0.048526	-0.002617	0.716143	0.370928	0.591229	-0.417410	0.906522	-0.063138	-0.559382	-0.201569	0.804029
25226	6.031007	-0.564156	8.170624	0.030502	-0.043700	-0.002223	0.715899	0.370802	0.591603	-0.417542	0.906479	-0.062890	-0.559595	-0.201997	0.803773
25227	6.100584	-0.591584	8.175134	0.030260	-0.032212	-0.002455	0.715739	0.370591	0.591929	-0.417561	0.906488	-0.062628	-0.559786	-0.202341	0.803553
25228	6.017470	-0.529327	8.132951	0.031907	-0.029087	-0.003887	0.715584	0.370478	0.592187	-0.417688	0.906448	-0.062359	-0.559890	-0.202727	0.803384
25229	6.039037	-0.556265	8.165232	0.024680	-0.029064	-0.003665	0.715428	0.370291	0.592493	-0.417713	0.906453	-0.062124	-0.560071	-0.203046	0.803177
25230	6.035717	-0.519155	8.197369	0.023220	-0.022142	0.000564	0.715293	0.370233	0.592692	-0.417823	0.906414	-0.061951	-0.560161	-0.203328	0.803043
25231	6.043124	-0.552686	8.162451	0.015871	-0.026708	0.001610	0.715179	0.370149	0.592882	-0.417890	0.906394	-0.061790	-0.560256	-0.203568	0.802916
25232	6.057526	-0.583741	8.161152	0.015413	-0.024832	0.000797	0.715028	0.370087	0.593102	-0.417959	0.906370	-0.061681	-0.560397	-0.203789	0.802761
25233	6.088912	-0.515948	8.165915	0.011905	-0.020024	0.001203	0.714917	0.370030	0.593272	-0.418034	0.906344	-0.061549	-0.560484	-0.204006	0.802645
25234	6.013991	-0.526073	8.163710	0.006725	-0.017900	0.005260	0.714786	0.370023	0.593435	-0.418086	0.906321	-0.061535	-0.560612	-0.204122	0.802526
25235	6.043192	-0.552478	8.123767	0.006147	-0.020607	0.005267	0.714706	0.369986	0.593553	-0.418126	0.906307	-0.061467	-0.560683	-0.204249	0.802444
25236	6.044861	-0.552229	8.122542	0.006174	-0.021039	0.003044	0.714567	0.369952	0.593741	-0.418159	0.906293	-0.061445	-0.560836	-0.204371	0.802306
25237	6.068733	-0.543539	8.116076	0.003151	-0.018539	0.002042	0.714436	0.369999	0.593870	-0.418313	0.906227	-0.061368	-0.560888	-0.204580	0.802217
25238	6.037874	-0.592600	8.125811	0.007741	-0.016620	0.008277	0.714300	0.370021	0.594020	-0.418393	0.906191	-0.061364	-0.561002	-0.204701	0.802106
25239	6.039223	-0.592335	8.124827	0.007792	-0.017486	0.003833	0.714085	0.370067	0.594250	-0.418578	0.906110	-0.061291	-0.561137	-0.204973	0.801942
25240	6.018639	-0.544765	8.106766	0.010961	-0.015837	0.001792	0.713980	0.370033	0.594397	-0.418629	0.906091	-0.061223	-0.561233	-0.205120	0.801838
25241	6.081165	-0.538965	8.145797	0.010382	-0.018543	0.001799	0.713876	0.369957	0.594569	-0.418663	0.906083	-0.061118	-0.561340	-0.205293	0.801718
25242	6.057666	-0.529218	8.166845	0.008858	-0.017076	0.002409	0.713762	0.369925	0.594726	-0.418706	0.906066	-0.061070	-0.561453	-0.205426	0.801605
25243	6.032325	-0.557537	8.120822	0.009413	-0.013933	0.004621	0.713633	0.369947	0.594868	-0.418845	0.906008	-0.060978	-0.561514	-0.205642	0.801507
25244	6.030969	-0.539373	8.136656	0.010383	-0.018538	0.001796	0.713512	0.369906	0.595037	-0.418893	0.905990	-0.060914	-0.561631	-0.205794	0.801386
25245	6.061972	-0.527855	8.163738	-0.000133	-0.024748	0.004895	0.713314	0.369950	0.595249	-0.419032	0.905927	-0.060893	-0.561779	-0.205993	0.801231
25246	6.044195	-0.553829	8.150948	0.008717	-0.021210	0.005442	0.713163	0.369937	0.595437	-0.419097	0.905899	-0.060864	-0.561922	-0.206140	0.801093
25247	6.039026	-0.556253	8.115928	0.008162	-0.024348	0.003227	0.713058	0.369829	0.595629	-0.419078	0.905913	-0.060786	-0.562069	-0.206272	0.800956
25248	6.025687	-0.561367	8.153568	0.009203	-0.023507	0.004025	0.712901	0.369798	0.595837	-0.419136	0.905889	-0.060745	-0.562226	-0.206432	0.800805
25249	6.030386	-0.578363	8.135326	0.010148	-0.027674	0.003418	0.712671	0.369857	0.596076	-0.419371	0.905788	-0.060627	-0.562342	-0.206770	0.800636
25250	6.074272	-0.598467	8.162172	0.012760	-0.029165	-0.000841	0.712502	0.369770	0.596332	-0.419414	0.905775	-0.060529	-0.562524	-0.206983	0.800453
25251	6.086725	-0.556479	8.154877	0.016849	-0.031249	-0.001272	0.712316	0.369714	0.596588	-0.419560	0.905720	-0.060340	-0.562650	-0.207323	0.800276
25252	6.084687	-0.519941	8.080519	0.020205	-0.019585	-0.000510	0.712200	0.369650	0.596767	-0.419647	0.905690	-0.060184	-0.562733	-0.207569	0.800154
25253	6.125331	-0.521712	8.124594	0.015584	-0.021069	-0.004517	0.712045	0.369607	0.596977	-0.419802	0.905631	-0.059985	-0.562812	-0.207901	0.800012
25254	6.119886	-0.523154	8.089794	0.017621	-0.018518	0.001521	0.711926	0.369564	0.597146	-0.419890	0.905599	-0.059861	-0.562898	-0.208119	0.799896
25255	6.071203	-0.503581	8.133348	0.016331	-0.007912	0.000501	0.711901	0.369516	0.597206	-0.419968	0.905574	-0.059692	-0.562871	-0.208313	0.799864
25256	6.055009	-0.546119	8.104700	0.011548	-0.013098	0.001756	0.711811	0.369486	0.597331	-0.420023	0.905553	-0.059618	-0.562943	-0.208456	0.799776
25257	5.961693	-0.599328	8.181449	0.011431	-0.017667	0.002572	0.711728	0.369391	0.597489	-0.420026	0.905558	-0.059517	-0.563046	-0.208602	0.799665
25258	6.042912	-0.605546	8.163896	0.009484	-0.035350	0.002010	0.711512	0.369317	0.597793	-0.420071	0.905541	-0.059461	-0.563286	-0.208808	0.799443
25259	6.090351	-0.587570	8.150974	0.016759	-0.036221	-0.002696	0.711271	0.369215	0.598142	-0.420183	0.905501	-0.059285	-0.563507	-0.209161	0.799194
25260	6.110716	-0.598239	8.093290	0.012326	-0.027697	-0.003891	0.711122	0.369103	0.598388	-0.420202	0.905499	-0.059172	-0.563680	-0.209365	0.799019
25261	6.152336	-0.489306	8.091907	0.018150	-0.021669	-0.004355	0.711078	0.368894	0.598569	-0.420131	0.905545	-0.058980	-0.563789	-0.209538	0.798897
25262	6.112403	-0.467076	8.062255	0.013423	-0.020975	0.002750	0.710940	0.368856	0.598757	-0.420204	0.905516	-0.058898	-0.563909	-0.209727	0.798762
25263	6.123679	-0.481109	8.078031	0.006770	-0.018267	0.003003	0.710752	0.368969	0.598911	-0.420475	0.905397	-0.058791	-0.563944	-0.210041	0.798655
25264	6.117678	-0.539070	8.065923	0.003763	-0.016216	-0.000208	0.710653	0.368914	0.599062	-0.420472	0.905400	-0.058767	-0.564071	-0.210125	0.798543
25265	6.098692	-0.509027	8.137542	0.007349	-0.015562	0.002991	0.710476	0.368929	0.599263	-0.420614	0.905340	-0.058690	-0.564188	-0.210360	0.798398
25266	6.127176	-0.535541	8.097829	0.002798	-0.011615	0.002620	0.710391	0.368909	0.599375	-0.420625	0.905334	-0.058691	-0.564287	-0.210419	0.798313
25267	6.137802	-0.494861	8.091668	0.003916	-0.005337	0.007043	0.710393	0.368830	0.599422	-0.420556	0.905368	-0.058668	-0.564335	-0.210413	0.798281
25268	6.061790	-0.505624	8.090774	-0.002198	-0.006242	-0.000778	0.710353	0.368791	0.599494	-0.420516	0.905385	-0.058689	-0.564416	-0.210407	0.798225
25269	6.121676	-0.538832	8.062905	0.003319	-0.007602	0.009273	0.710249	0.368811	0.599604	-0.420573	0.905358	-0.058697	-0.564504	-0.210488	0.798142
25270	6.097327	-0.529817	8.084732	0.002431	-0.004749	0.003217	0.710200	0.368811	0.599661	-0.420587	0.905351	-0.058704	-0.564555	-0.210518	0.798098
25271	6.117030	-0.559218	8.118373	0.001949	-0.002450	0.004631	0.710136	0.368795	0.599747	-0.420598	0.905346	-0.058701	-0.564627	-0.210566	0.798034
25272	6.087761	-0.570687	8.090079	0.002990	-0.001611	0.005428	0.710096	0.368822	0.599778	-0.420630	0.905330	-0.058718	-0.564654	-0.210590	0.798009
25273	6.097641	-0.529960	8.084486	0.004166	0.003355	0.003188	0.710185	0.368642	0.599783	-0.420413	0.905432	-0.058703	-0.564703	-0.210467	0.798006
25274	6.104593	-0.526977	8.118292	0.003569	0.001091	0.005419	0.710160	0.368674	0.599793	-0.420449	0.905415	-0.058715	-0.564708	-0.210486	0.797998
25275	6.106985	-0.544546	8.101696	0.003125	0.002517	0.002391	0.710059	0.368786	0.599844	-0.420641	0.905328	-0.058670	-0.564692	-0.210660	0.797963
25276	6.106939	-0.489134	8.079339	0.002643	0.004817	0.003805	0.710062	0.368812	0.599825	-0.420660	0.905319	-0.058680	-0.564675	-0.210656	0.797976
25277	6.074223	-0.538272	8.090835	0.002180	0.006679	0.002998	0.710166	0.368731	0.599752	-0.420551	0.905371	-0.058653	-0.564625	-0.210572	0.798034
25278	6.105654	-0.544693	8.102689	0.000059	0.005877	0.005846	0.710166	0.368777	0.599723	-0.420570	0.905360	-0.058696	-0.564611	-0.210542	0.798052
25279	6.124878	-0.519006	8.114281	0.001563	0.004853	0.007449	0.710197	0.368723	0.599720	-0.420482	0.905399	-0.058722	-0.564637	-0.210467	0.798053
25280	6.114580	-0.504567	8.097783	0.001699	0.008981	0.004411	0.710221	0.368762	0.599667	-0.420500	0.905389	-0.058742	-0.564594	-0.210440	0.798090
25281	6.084493	-0.516245	8.070088	-0.001464	0.007339	0.006462	0.710257	0.368802	0.599599	-0.420524	0.905378	-0.058748	-0.564530	-0.210419	0.798141
25282	6.091057	-0.513928	8.104137	-0.003566	0.006099	0.007088	0.710254	0.368860	0.599568	-0.420531	0.905369	-0.058827	-0.564530	-0.210355	0.798159
25283	6.105645	-0.509161	8.065382	-0.003566	0.006100	0.007088	0.710174	0.369077	0.599529	-0.420785	0.905250	-0.058840	-0.564440	-0.210487	0.798187
25284	6.102338	-0.547738	8.104983	-0.004165	0.003836	0.009318	0.710148	0.369150	0.599515	-0.420805	0.905235	-0.058936	-0.564458	-0.210425	0.798191
25285	6.092018	-0.589442	8.110811	-0.006267	0.002597	0.009944	0.710122	0.369217	0.599505	-0.420836	0.905216	-0.059009	-0.564468	-0.210390	0.798193
25286	6.123971	-0.541376	8.099866	-0.006710	0.004022	0.006916	0.710107	0.369268	0.599490	-0.420824	0.905214	-0.059111	-0.564495	-0.210305	0.798196
25287	6.079219	-0.559063	8.110880	-0.002180	0.000512	0.009508	0.710075	0.369346	0.599481	-0.420898	0.905178	-0.059142	-0.564481	-0.210325	0.798201
25288	6.113351	-0.583752	8.105862	-0.005088	0.007564	0.007703	0.710077	0.369412	0.599438	-0.420901	0.905170	-0.059237	-0.564476	-0.210241	0.798226
25289	6.090344	-0.592952	8.111812	-0.004489	0.009829	0.005473	0.710061	0.369503	0.599401	-0.420985	0.905129	-0.059264	-0.564434	-0.210258	0.798252
25290	6.220277	-0.415228	8.157717	-0.023019	0.011495	0.004214	0.710100	0.369546	0.599328	-0.420862	0.905172	-0.059481	-0.564476	-0.209997	0.798290
25291	6.520029	-0.636990	8.185195	-0.089839	0.057560	-0.013690	0.710490	0.369482	0.598905	-0.420216	0.905433	-0.060080	-0.564467	-0.208983	0.798563
25292	6.648233	-0.410247	8.354965	-0.191146	0.162495	-0.010537	0.711443	0.369704	0.597635	-0.419039	0.905879	-0.061551	-0.564141	-0.206642	0.799402
25293	6.771680	0.174473	8.465632	-0.346733	0.257984	0.025097	0.712765	0.370513	0.595556	-0.417373	0.906449	-0.064415	-0.563708	-0.202656	0.800727
25294	5.975251	-1.054939	8.048365	-0.359116	0.326874	0.043229	0.714418	0.371541	0.592929	-0.415636	0.907019	-0.067558	-0.562898	-0.198178	0.802416
25295	5.830588	-0.796010	8.136908	-0.281985	0.306932	0.039628	0.715912	0.372616	0.590447	-0.414519	0.907344	-0.070001	-0.561822	-0.194637	0.804035
25296	5.952844	-1.112710	7.949977	-0.210686	0.272972	0.022046	0.717344	0.373324	0.588257	-0.413472	0.907679	-0.071834	-0.560766	-0.191698	0.805477
25297	5.875650	-0.908316	8.082769	-0.120971	0.252111	0.000802	0.718787	0.373690	0.586260	-0.412672	0.907967	-0.072793	-0.559506	-0.189610	0.806846
25298	5.947686	-0.973154	8.170613	-0.061722	0.233212	-0.016706	0.720151	0.373960	0.584411	-0.412184	0.908155	-0.073201	-0.558110	-0.188169	0.808149
25299	6.120050	-0.775301	8.433019	-0.038361	0.230524	-0.024617	0.721586	0.374109	0.582543	-0.411737	0.908348	-0.073329	-0.556584	-0.186941	0.809486
25300	6.429503	-0.764611	8.525745	-0.073934	0.278027	-0.014409	0.723183	0.374476	0.580323	-0.411199	0.908549	-0.073852	-0.554907	-0.185220	0.811031
25301	6.168104	-0.803394	8.502599	-0.073770	0.330419	-0.025250	0.725167	0.374701	0.577696	-0.410438	0.908858	-0.074285	-0.552878	-0.183239	0.812865
25302	6.341427	-0.824941	8.575527	-0.090753	0.366177	-0.006920	0.727208	0.375286	0.574743	-0.409864	0.909059	-0.074991	-0.550618	-0.181032	0.814891
25303	6.288517	-0.617792	8.377748	-0.064671	0.403792	0.021721	0.729365	0.376234	0.571379	-0.409717	0.909075	-0.075592	-0.547867	-0.178969	0.817197
25304	7.328249	-1.197585	8.588654	-0.111129	0.452358	0.020443	0.731746	0.377204	0.567684	-0.409236	0.909205	-0.076626	-0.545045	-0.176246	0.819673
25305	4.095023	0.301104	7.957829	-0.037975	0.532847	-0.030230	0.734802	0.377780	0.563336	-0.408731	0.909424	-0.076732	-0.541299	-0.173870	0.822657
25306	4.850298	-0.731657	7.981978	-0.067059	0.312418	-0.046038	0.736671	0.377883	0.560821	-0.408007	0.909723	-0.077034	-0.539302	-0.172070	0.824345
25307	4.494279	-0.878568	7.900601	-0.034531	0.263353	-0.053978	0.738442	0.377720	0.558597	-0.407276	0.910056	-0.076972	-0.537428	-0.170664	0.825860
25308	4.777056	-0.950291	7.936181	-0.023596	0.110930	-0.044355	0.739212	0.377486	0.557737	-0.406798	0.910273	-0.076927	-0.536732	-0.170021	0.826445
25309	5.525693	-0.771256	8.090037	0.025155	0.053301	-0.038947	0.739614	0.377251	0.557362	-0.406713	0.910350	-0.076468	-0.536242	-0.170129	0.826741
25310	5.532893	-0.135106	8.155446	0.037179	0.010298	-0.020367	0.739745	0.377064	0.557315	-0.406738	0.910373	-0.076055	-0.536042	-0.170420	0.826811
25311	5.756215	-0.175894	8.560409	0.002836	-0.029231	-0.000522	0.739584	0.376935	0.557616	-0.406689	0.910400	-0.076003	-0.536301	-0.170565	0.826613
25312	6.464330	-0.719793	8.693219	-0.021703	0.017258	0.013076	0.739616	0.377064	0.557486	-0.406646	0.910397	-0.076264	-0.536289	-0.170294	0.826676
25313	6.412225	-1.037056	8.653722	-0.030047	0.088327	0.025467	0.740018	0.377447	0.556693	-0.406697	0.910346	-0.076602	-0.535696	-0.169719	0.827179
25314	6.728582	-1.156612	8.775890	-0.040444	0.190689	0.033858	0.740894	0.378059	0.555111	-0.406709	0.910296	-0.077133	-0.534476	-0.168621	0.828192
25315	5.837836	-1.032304	8.338928	-0.019816	0.272072	0.027114	0.742241	0.378741	0.552841	-0.406810	0.910228	-0.077400	-0.532526	-0.167452	0.829684
25316	5.285590	-1.217581	8.253057	0.000692	0.255336	0.007806	0.743560	0.379220	0.550737	-0.406849	0.910207	-0.077445	-0.530653	-0.166482	0.831078
25317	5.002647	-1.316062	8.206349	0.045832	0.224734	-0.005526	0.744796	0.379515	0.548860	-0.407032	0.910162	-0.077003	-0.528776	-0.166052	0.832360
25318	4.976674	-0.816154	8.169556	0.076429	0.161618	-0.014185	0.745701	0.379635	0.547547	-0.407307	0.910099	-0.076297	-0.527287	-0.166125	0.833289
25319	5.566163	-0.301242	8.494737	0.067517	0.125606	-0.010499	0.746461	0.379558	0.546564	-0.407368	0.910124	-0.075673	-0.526163	-0.166165	0.833991
25320	5.896667	-0.185401	8.428823	0.046290	0.146305	0.004482	0.747205	0.379822	0.545363	-0.407621	0.910039	-0.075320	-0.524909	-0.166022	0.834809
25321	5.767740	-0.134081	8.642799	0.004705	0.139095	0.029251	0.747788	0.380315	0.544218	-0.407891	0.909912	-0.075405	-0.523868	-0.165595	0.835548
25322	6.545460	-0.204836	8.825472	-0.045097	0.208766	0.057595	0.748639	0.381164	0.542452	-0.408063	0.909776	-0.076103	-0.522517	-0.164381	0.836633
25323	6.006945	-0.008641	8.410605	-0.061662	0.286238	0.083664	0.749780	0.382430	0.539978	-0.408437	0.909530	-0.077028	-0.520585	-0.162794	0.838147
25324	5.169782	-0.052561	8.207615	-0.075214	0.277577	0.088522	0.750855	0.383665	0.537604	-0.408688	0.909323	-0.078144	-0.518836	-0.161038	0.839569
25325	4.626652	-0.243831	8.143038	-0.088508	0.183090	0.093674	0.751519	0.384690	0.535942	-0.408801	0.909167	-0.079348	-0.517785	-0.159462	0.840518
25326	4.959311	-0.458036	8.186319	-0.092831	0.101966	0.107421	0.751601	0.385809	0.535021	-0.409105	0.908911	-0.080711	-0.517425	-0.158217	0.840975
25327	4.574978	-0.447183	8.010793	-0.065061	0.044732	0.102492	0.751493	0.386521	0.534659	-0.409211	0.908765	-0.081804	-0.517499	-0.157313	0.841099
25328	4.054363	-0.358656	7.932168	-0.078441	-0.096460	0.115942	0.750512	0.387403	0.535397	-0.409652	0.908450	-0.083092	-0.518572	-0.156965	0.840503
25329	4.657196	-0.405518	8.094036	-0.068458	-0.194609	0.111881	0.749168	0.387846	0.536957	-0.409829	0.908264	-0.084246	-0.520373	-0.156946	0.839392
25330	4.614122	-0.089674	7.950057	-0.049067	-0.286015	0.110810	0.747215	0.388383	0.539285	-0.410378	0.907921	-0.085262	-0.522742	-0.157602	0.837796
25331	4.677645	-0.286468	8.062274	-0.047129	-0.384973	0.103273	0.744827	0.388570	0.542445	-0.410753	0.907664	-0.086186	-0.525847	-0.158617	0.835659
25332	4.400685	-0.945058	7.895564	-0.080377	-0.486551	0.096755	0.741855	0.388654	0.546443	-0.411025	0.907426	-0.087391	-0.529821	-0.159770	0.832924
25333	3.878460	-1.751572	7.473977	-0.076320	-0.615866	0.097164	0.738167	0.388464	0.551549	-0.411270	0.907204	-0.088533	-0.534759	-0.161483	0.829431
25334	3.333557	-1.535669	7.945844	0.015011	-0.862182	0.039248	0.733361	0.387393	0.558667	-0.411616	0.907037	-0.088634	-0.541068	-0.164955	0.824642
25335	5.476813	-1.703400	9.473904	0.046542	-1.021415	-0.033656	0.728008	0.385233	0.567097	-0.411461	0.907166	-0.088033	-0.548364	-0.169250	0.818933
25336	12.864236	-2.180277	9.192152	0.045513	-0.788946	-0.064840	0.723920	0.383276	0.573620	-0.411217	0.907347	-0.087298	-0.553932	-0.172685	0.814457
25337	3.863464	1.190947	9.475913	0.007229	-0.512587	0.027765	0.721019	0.382515	0.577766	-0.411326	0.907292	-0.087369	-0.557622	-0.174655	0.811513
25338	6.647263	-2.191041	8.838133	0.074378	-0.471011	0.040509	0.718212	0.382033	0.581569	-0.412009	0.907016	-0.087008	-0.560732	-0.177122	0.808831
25339	6.568135	-1.889272	8.003770	0.081989	-0.500933	0.013331	0.715404	0.381042	0.585666	-0.412310	0.906936	-0.086420	-0.564091	-0.179650	0.805933
25340	6.133457	-0.990849	8.298533	0.130912	-0.392979	-0.014091	0.713234	0.380183	0.588863	-0.412924	0.906763	-0.085290	-0.566384	-0.182324	0.803720
25341	6.396292	-0.894166	8.260182	0.136304	-0.372424	-0.013651	0.711182	0.379360	0.591867	-0.413605	0.906565	-0.084083	-0.568463	-0.185001	0.801638
25342	6.057844	-0.503601	8.290382	0.116784	-0.336304	-0.007091	0.709289	0.378648	0.594587	-0.414195	0.906385	-0.083112	-0.570395	-0.187325	0.799724
25343	5.961562	-0.635909	8.428198	0.069109	-0.354604	0.014215	0.707240	0.377849	0.597530	-0.414385	0.906340	-0.082658	-0.572798	-0.189148	0.797575
25344	6.397486	-0.520841	8.385140	0.034514	-0.351042	0.034165	0.705076	0.377471	0.600320	-0.414799	0.906157	-0.082594	-0.575161	-0.190777	0.795484
25345	6.464161	-0.399322	8.382860	-0.030175	-0.320443	0.053324	0.702998	0.377266	0.602879	-0.414936	0.906045	-0.083135	-0.577600	-0.191712	0.793489
25346	6.489495	-0.898316	8.057286	-0.072909	-0.281627	0.068249	0.701078	0.377322	0.605076	-0.414968	0.905938	-0.084131	-0.579906	-0.192105	0.791710
25347	6.282436	-0.824487	7.996030	-0.056497	-0.253810	0.061595	0.699357	0.377271	0.607096	-0.414946	0.905873	-0.084936	-0.581996	-0.192512	0.790076
25348	6.281401	-0.984874	7.887615	-0.045651	-0.237128	0.063536	0.697704	0.377368	0.608936	-0.415098	0.905732	-0.085688	-0.583869	-0.192983	0.788578
25349	6.119459	-0.915016	8.121280	-0.024863	-0.234379	0.056601	0.696206	0.377260	0.610714	-0.415152	0.905660	-0.086192	-0.585617	-0.193531	0.787146
25350	6.220035	-1.086736	7.867149	-0.010215	-0.247441	0.047058	0.694552	0.377185	0.612641	-0.415394	0.905513	-0.086566	-0.587406	-0.194363	0.785606
25351	6.154495	-0.759224	8.099569	0.007922	-0.262727	0.050257	0.692871	0.376906	0.614713	-0.415518	0.905433	-0.086810	-0.589300	-0.195276	0.783959
25352	6.364192	-0.856143	7.956089	-0.003741	-0.258264	0.050029	0.691131	0.376832	0.616714	-0.415817	0.905263	-0.087152	-0.591130	-0.196206	0.782348
25353	6.503472	-0.945576	7.970117	-0.001776	-0.246303	0.044776	0.689514	0.376673	0.618617	-0.416038	0.905136	-0.087415	-0.592860	-0.197095	0.780815
25354	6.443804	-0.884471	7.952025	-0.002897	-0.216483	0.035703	0.688073	0.376547	0.620297	-0.416241	0.905019	-0.087663	-0.594389	-0.197874	0.779453
25355	6.331505	-0.987204	7.922488	-0.002096	-0.190503	0.024588	0.686900	0.376268	0.621764	-0.416258	0.904997	-0.087805	-0.595733	-0.198501	0.778267
25356	6.781613	-1.155969	7.708440	0.006511	-0.160131	-0.000767	0.685941	0.375921	0.623032	-0.416266	0.904998	-0.087754	-0.596831	-0.199153	0.777258
25357	6.230978	-1.106159	7.976844	0.020497	-0.088052	-0.015306	0.685576	0.375433	0.623727	-0.416074	0.905114	-0.087473	-0.597384	-0.199547	0.776732
25358	6.476026	-0.815953	7.948913	0.005609	-0.100966	-0.035425	0.685113	0.374888	0.624563	-0.415838	0.905247	-0.087213	-0.598080	-0.199966	0.776089
25359	6.251117	-0.738112	8.084799	-0.071237	-0.066492	-0.047120	0.684938	0.374034	0.625267	-0.414714	0.905733	-0.087517	-0.599059	-0.199363	0.775488
25360	5.965404	-0.669969	8.181608	-0.156923	-0.142076	-0.046485	0.684271	0.373307	0.626431	-0.413428	0.906231	-0.088447	-0.600709	-0.198463	0.774443
25361	6.111611	-0.560298	8.130268	-0.211527	-0.198536	-0.035319	0.683367	0.372202	0.628073	-0.411391	0.907015	-0.089897	-0.603131	-0.196951	0.772944
25362	6.076935	-1.404003	8.174598	-0.209301	-0.246662	-0.047640	0.682064	0.371262	0.630042	-0.409773	0.907615	-0.091218	-0.605702	-0.195958	0.771185
25363	6.037103	-0.748464	8.529073	-0.020111	-0.292873	-0.072480	0.680648	0.369729	0.632471	-0.408761	0.908098	-0.090957	-0.607974	-0.196620	0.769225
25364	6.376614	-1.226745	8.115251	-0.092483	-0.358745	-0.080394	0.678782	0.368269	0.635321	-0.407624	0.908588	-0.091162	-0.610817	-0.197093	0.766849
25365	6.072409	-0.850870	8.442859	-0.085160	-0.445911	-0.104465	0.676555	0.366194	0.638886	-0.406070	0.909283	-0.091167	-0.614313	-0.197753	0.763881
25366	6.229040	-0.923825	8.529192	-0.059127	-0.516495	-0.115206	0.673832	0.364098	0.642949	-0.404900	0.909833	-0.090883	-0.618067	-0.199090	0.760498
25367	6.221335	-0.962790	8.529392	-0.085420	-0.582654	-0.125908	0.670807	0.361596	0.647507	-0.403273	0.910572	-0.090719	-0.622405	-0.200267	0.756640
25368	6.458548	-0.958403	8.295325	-0.086385	-0.631869	-0.131022	0.667379	0.359109	0.652415	-0.401828	0.911230	-0.090523	-0.627008	-0.201746	0.752436
25369	6.709839	-1.019718	8.020079	-0.106123	-0.640038	-0.145989	0.664088	0.356127	0.657389	-0.399683	0.912185	-0.090401	-0.631855	-0.202713	0.748109
25370	6.944298	-0.895032	7.935034	-0.170989	-0.590609	-0.159934	0.660972	0.353444	0.661962	-0.397510	0.913112	-0.090625	-0.636476	-0.203236	0.744038
25371	7.459115	-0.851412	7.463181	-0.392974	-0.488381	-0.192248	0.658579	0.350476	0.665913	-0.393402	0.914716	-0.092354	-0.641489	-0.201149	0.740291
25372	7.091592	-0.484823	8.452391	-0.657176	-0.347813	-0.246198	0.657291	0.347506	0.668736	-0.387522	0.916893	-0.095570	-0.646371	-0.196332	0.737332
25373	5.973969	-0.216754	11.022001	-0.738240	-0.437840	-0.271543	0.655565	0.343908	0.672281	-0.380567	0.919415	-0.099226	-0.652229	-0.190799	0.733616
25374	3.539075	-0.633079	10.496169	-0.320043	-0.981075	-0.208818	0.649911	0.340088	0.679674	-0.377074	0.920752	-0.100154	-0.659872	-0.191196	0.726645
25375	4.508803	-1.722024	9.132956	-0.243041	-1.842996	-0.216974	0.638532	0.334194	0.693246	-0.373521	0.922161	-0.100507	-0.672873	-0.194765	0.713658
25376	5.770795	-1.148397	9.263881	0.039996	-2.214589	-0.311545	0.624628	0.326896	0.709210	-0.371794	0.923123	-0.098042	-0.686738	-0.202441	0.698147
25377	4.267374	-1.716723	8.967024	-0.095253	-2.616626	-0.452713	0.608107	0.317150	0.727751	-0.368016	0.924897	-0.095551	-0.703399	-0.209719	0.679153
25378	2.942954	-1.563280	8.651713	0.020193	-3.343749	-0.586440	0.586390	0.304504	0.750616	-0.364626	0.926689	-0.091082	-0.723322	-0.220285	0.654431
25379	2.602019	-1.734523	8.281648	-0.089587	-4.222175	-0.813003	0.558077	0.287447	0.778411	-0.359288	0.929295	-0.085575	-0.747972	-0.231917	0.621894
25380	2.238613	-2.093613	8.172942	-0.085196	-5.192369	-1.203372	0.522762	0.263817	0.810630	-0.352102	0.932828	-0.076521	-0.776366	-0.245422	0.580538
25381	4.547280	-2.403315	9.141752	-0.014363	-5.966840	-1.625724	0.480976	0.233619	0.845035	-0.343899	0.936873	-0.063268	-0.806471	-0.260176	0.530955
25382	10.119630	-3.561127	9.301800	-0.089158	-6.165336	-1.782918	0.436394	0.200412	0.877152	-0.334955	0.940993	-0.048354	-0.835084	-0.272705	0.477773
25383	12.719350	-3.616043	9.859579	0.233661	-5.809167	-2.201709	0.394135	0.163589	0.904376	-0.327965	0.944278	-0.027877	-0.858543	-0.285617	0.425825
25384	11.334035	-3.272454	9.811288	0.489186	-5.979407	-2.384815	0.349915	0.123530	0.928601	-0.323311	0.946284	-0.004053	-0.879221	-0.298809	0.371057
25385	12.967916	-1.594120	10.768186	0.462194	-6.379385	-2.283727	0.300417	0.082567	0.950228	-0.320097	0.947196	0.018896	-0.898492	-0.309842	0.310983
25386	12.076673	-0.894365	9.916757	0.309580	-6.759517	-2.224446	0.246134	0.040262	0.968399	-0.316796	0.947602	0.041121	-0.916001	-0.316906	0.245992
25387	13.253082	0.428144	11.476079	-0.009333	-7.101295	-2.076716	0.187065	-0.001923	0.982346	-0.312260	0.948016	0.061318	-0.931397	-0.318218	0.176740
25388	15.452084	-1.453221	13.078978	-0.638900	-7.174989	-1.795462	0.125244	-0.041564	0.991255	-0.303431	0.949642	0.078157	-0.944586	-0.310567	0.106325
25389	21.797702	-3.090707	16.057359	-1.387340	-6.854263	-1.485799	0.064549	-0.076325	0.994991	-0.288913	0.952940	0.091842	-0.955177	-0.293394	0.039460
25390	18.212346	-3.187125	19.541240	-1.892058	-5.770135	-1.579203	0.013594	-0.107698	0.994091	-0.270120	0.956823	0.107354	-0.962731	-0.269983	-0.016085
25391	2.556930	-1.240455	17.784503	-1.257453	-3.315911	-2.087073	-0.012792	-0.136233	0.990594	-0.258111	0.957551	0.128356	-0.966031	-0.254041	-0.047412
25392	-24.471000	-6.247548	0.995559	-2.703423	-1.911721	-2.377894	-0.025512	-0.163649	0.986189	-0.232337	0.960467	0.153371	-0.972301	-0.225215	-0.062525
25393	18.181189	-31.286297	8.447510	-5.000756	-7.578609	-2.307945	-0.094546	-0.200484	0.975124	-0.185066	0.965977	0.180660	-0.978167	-0.163382	-0.128433
25394	60.860868	-35.634808	19.825251	3.449594	-1.221753	0.977183	-0.108439	-0.193275	0.975134	-0.217657	0.961734	0.166415	-0.969983	-0.194199	-0.146357
25395	21.588645	-18.246219	17.886373	5.186655	0.681411	1.782639	-0.105999	-0.174355	0.978961	-0.266156	0.953560	0.141012	-0.958084	-0.245610	-0.147482
25396	1.907235	-0.075766	16.398580	6.945078	2.187004	1.746563	-0.090470	-0.151733	0.984272	-0.330343	0.936942	0.114073	-0.939515	-0.314827	-0.134889
25397	-4.811876	12.426524	18.001044	4.351372	2.473315	1.407776	-0.072121	-0.129854	0.988907	-0.370269	0.924121	0.094343	-0.926121	-0.359357	-0.114730
25398	4.335902	13.633677	18.911598	1.316474	2.964492	0.339859	-0.046007	-0.115861	0.992199	-0.382217	0.919711	0.089673	-0.922926	-0.375110	-0.086598
25399	5.716216	11.669449	18.018715	-0.736340	3.925743	-0.458234	-0.007747	-0.104953	0.994447	-0.375954	0.921821	0.094359	-0.926606	-0.373136	-0.046598
25400	3.284658	6.332425	14.835195	-2.063307	4.751697	-1.132141	0.040584	-0.098060	0.994353	-0.356551	0.928233	0.106092	-0.933394	-0.358843	0.002708
25401	2.326679	2.797072	12.710984	-2.543484	5.339410	-1.629257	0.096411	-0.094089	0.990885	-0.332027	0.935460	0.121132	-0.938330	-0.340679	0.058948
25402	1.526205	-0.031921	10.023806	-2.672664	5.692190	-1.784007	0.155542	-0.092039	0.983532	-0.304647	0.942649	0.136392	-0.939679	-0.320845	0.118582
25403	1.180599	-3.183250	8.465931	-2.748857	5.527345	-1.424254	0.211814	-0.087809	0.973357	-0.276634	0.949837	0.145887	-0.937341	-0.300165	0.176898
25404	4.560174	-7.786135	6.953022	-2.323287	5.280155	-0.506069	0.262477	-0.077274	0.961839	-0.253696	0.956194	0.146052	-0.930991	-0.282350	0.231374
25405	5.846985	-8.936262	6.812824	-1.073949	5.182472	0.607014	0.309133	-0.056356	0.949347	-0.245952	0.959544	0.137050	-0.918664	-0.275860	0.282766
25406	5.662512	-6.452139	7.501612	-0.221891	5.115309	1.533667	0.351904	-0.027535	0.935631	-0.248972	0.960807	0.121917	-0.902317	-0.275849	0.331256
25407	5.548311	-3.518437	8.027530	0.225182	5.039093	2.147419	0.391634	0.007810	0.920088	-0.259481	0.960315	0.102296	-0.882775	-0.278808	0.378118
25408	5.983012	-0.718193	8.968051	0.309954	5.011472	2.424766	0.428885	0.045079	0.902234	-0.272106	0.958815	0.081442	-0.861403	-0.280433	0.423488
25409	7.406851	1.850146	10.248782	0.058046	5.093572	2.454378	0.465511	0.083606	0.881084	-0.284119	0.956953	0.059306	-0.838198	-0.277941	0.469226
25410	8.828644	2.487753	10.722444	-0.360257	5.294019	2.266978	0.502698	0.119755	0.856127	-0.292092	0.955642	0.037835	-0.813620	-0.269088	0.515378
25411	8.843439	1.687320	10.462184	-0.589418	5.495757	1.915323	0.541134	0.153283	0.826848	-0.297918	0.954421	0.018040	-0.786396	-0.256095	0.562136
25412	8.498233	0.859624	9.811741	-0.630015	5.585868	1.551735	0.579584	0.181950	0.794340	-0.301725	0.953393	0.001768	-0.756997	-0.240697	0.607470
25413	8.429955	1.091596	9.032956	-0.614974	5.459181	1.354465	0.616022	0.208350	0.759676	-0.305808	0.952003	-0.013118	-0.725947	-0.224234	0.650169
25414	7.525236	0.714305	8.129711	-0.773993	5.065080	1.360303	0.647855	0.232168	0.725522	-0.308874	0.950678	-0.028409	-0.696334	-0.205690	0.687613
25415	8.243446	-1.327127	8.043635	-0.942697	4.427069	1.578383	0.673210	0.256612	0.693497	-0.313404	0.948470	-0.046723	-0.669751	-0.185891	0.718943
25416	10.072839	-3.653930	7.473696	-0.862711	3.763208	2.040088	0.691496	0.282562	0.664824	-0.321622	0.944501	-0.066903	-0.646832	-0.167559	0.743998
25417	12.239419	-6.517486	7.594974	-0.477423	3.021789	2.505313	0.702476	0.311777	0.639784	-0.336596	0.937591	-0.087324	-0.627081	-0.154005	0.763578
25418	16.904189	-4.551079	8.251891	0.230768	2.639413	2.942426	0.708531	0.343188	0.616608	-0.358759	0.927613	-0.104043	-0.607681	-0.147496	0.780365
25419	21.057729	-1.445754	8.697072	0.346940	2.480803	3.181555	0.711473	0.376861	0.593112	-0.383980	0.915376	-0.121019	-0.588528	-0.141641	0.795973
25420	21.501062	-0.267427	8.081504	0.498568	2.618182	3.006202	0.714694	0.407818	0.568240	-0.408282	0.902895	-0.134485	-0.567907	-0.135886	0.811798
25421	22.196653	0.308122	7.533676	0.475142	2.867639	2.573618	0.719748	0.435373	0.540752	-0.429892	0.891117	-0.145269	-0.545120	-0.127908	0.828543
25422	23.776946	0.770953	7.268558	0.410285	3.244218	2.159068	0.727542	0.458470	0.510380	-0.447683	0.880971	-0.153200	-0.519867	-0.117029	0.846193
25423	25.423754	1.286264	6.743233	0.207993	3.752464	1.945708	0.737512	0.480195	0.474857	-0.463429	0.871320	-0.161352	-0.491233	-0.101063	0.865145
25424	24.710824	0.112238	4.639674	0.016532	4.205004	1.877923	0.748671	0.500285	0.434979	-0.477447	0.862103	-0.169772	-0.459931	-0.080576	0.884291
25425	21.930354	-1.613195	1.993222	0.064354	4.359659	1.805660	0.759104	0.519271	0.392579	-0.491709	0.852591	-0.176950	-0.426594	-0.058712	0.902535
25426	19.017604	-1.513015	-0.762456	0.365123	4.181120	1.631723	0.768095	0.535166	0.351608	-0.505652	0.843811	-0.179718	-0.392870	-0.039751	0.918734
25427	18.568349	0.901935	-2.853389	0.421264	3.732177	1.445322	0.774632	0.548846	0.314189	-0.518693	0.835611	-0.180864	-0.361806	-0.022865	0.931973
25428	19.629355	3.487199	-4.230727	0.060829	3.164359	1.292884	0.778911	0.560052	0.282205	-0.528936	0.828437	-0.184173	-0.336935	-0.005814	0.941510
25429	20.754782	5.835146	-5.376473	-0.491207	2.632518	1.083792	0.781651	0.569171	0.255081	-0.536010	0.822112	-0.191900	-0.318929	0.013273	0.947686
25430	20.299079	6.942148	-6.932570	-1.101088	2.122576	0.690292	0.784596	0.574322	0.233587	-0.537951	0.817905	-0.204062	-0.308249	0.034448	0.950682
25431	19.335549	5.920015	-8.810322	-1.372966	1.530752	0.162103	0.788335	0.575121	0.218547	-0.535162	0.816246	-0.217589	-0.303528	0.054575	0.951258
25432	19.473768	3.618516	-9.958741	-1.160488	0.860625	-0.343794	0.792770	0.571778	0.211150	-0.528913	0.817501	-0.227910	-0.302929	0.069000	0.950512
25433	20.006063	2.439563	-8.966373	-0.703172	0.248909	-0.695881	0.797153	0.565962	0.210322	-0.521301	0.820900	-0.233171	-0.304619	0.076232	0.949419
25434	20.729705	1.503205	-6.793668	-0.419050	-0.230263	-0.843427	0.800806	0.559195	0.214503	-0.513266	0.825321	-0.235379	-0.308657	0.078395	0.947937
25435	17.549480	-9.393536	-9.408933	0.012758	-1.222760	-1.485527	0.804518	0.547775	0.229549	-0.501366	0.833562	-0.231961	-0.318405	0.071529	0.945252
25436	3.099724	-0.656535	-5.707711	2.096126	-1.641314	-1.463912	0.806567	0.536459	0.248316	-0.496265	0.842722	-0.208664	-0.321201	0.045071	0.945938
25437	-3.432772	-0.647728	19.951474	0.465581	-4.539735	-0.782690	0.795084	0.531229	0.292638	-0.491544	0.847060	-0.202173	-0.355282	0.016900	0.934606
25438	22.743657	-16.214715	15.182792	-1.082564	-4.708008	0.637810	0.774214	0.537037	0.334939	-0.492460	0.843558	-0.214225	-0.397587	0.000912	0.917564
25439	23.931488	-3.302361	10.881223	2.198595	-3.384733	1.357355	0.753687	0.547830	0.363095	-0.511716	0.835819	-0.198881	-0.412435	-0.035907	0.910279
25440	11.369102	11.683667	13.238194	2.061014	-3.438926	1.012606	0.733975	0.554399	0.392328	-0.527889	0.829129	-0.184058	-0.427333	-0.072012	0.901222
25441	15.499537	11.701386	16.514629	1.289157	-3.610025	-0.615195	0.721483	0.546036	0.425801	-0.528958	0.831455	-0.169961	-0.446840	-0.102607	0.888710
25442	12.405855	12.612218	17.893095	0.716601	-2.067102	-1.165075	0.718257	0.534012	0.446025	-0.523797	0.836956	-0.158563	-0.457978	-0.119738	0.880863
25443	0.373134	1.071455	6.227692	-0.176416	-2.679989	-0.541561	0.708625	0.525872	0.470436	-0.518934	0.840178	-0.157506	-0.478078	-0.132513	0.868264
25444	8.787458	-9.857324	7.783587	-0.840722	-3.119714	-0.246526	0.694564	0.519512	0.497684	-0.513058	0.842626	-0.163563	-0.504334	-0.141735	0.851797
25445	10.137793	-11.379239	7.585167	0.662656	-2.177690	-0.266105	0.684895	0.513794	0.516657	-0.514441	0.843125	-0.156495	-0.516013	-0.158607	0.841769
25446	6.710651	-1.775232	9.234083	0.994706	-1.739114	-0.395202	0.677892	0.507544	0.531847	-0.516898	0.843487	-0.146107	-0.522762	-0.175866	0.834141
25447	15.326831	-5.332190	9.502678	0.279783	-1.505230	-0.585159	0.673033	0.499691	0.545285	-0.514271	0.846034	-0.140541	-0.531557	-0.185836	0.826385
25448	3.910620	0.682291	9.299996	1.414585	-0.327631	-0.482697	0.673784	0.494968	0.548655	-0.518486	0.845718	-0.126228	-0.526486	-0.199420	0.826465
25449	9.389282	0.962914	10.619490	0.126603	-0.781013	-0.252192	0.671017	0.491061	0.555514	-0.517306	0.846814	-0.123698	-0.531160	-0.204367	0.822255
25450	6.266105	0.139175	9.194851	0.533561	-0.612950	-0.145473	0.668503	0.488544	0.560740	-0.519151	0.846424	-0.118524	-0.532528	-0.211875	0.819465
25451	6.550655	-0.605935	8.443897	0.270904	-0.421469	-0.085944	0.666764	0.486702	0.564400	-0.519858	0.846379	-0.115719	-0.534016	-0.216250	0.817351
25452	5.785086	-0.154315	8.959553	0.128189	-0.464306	-0.025581	0.664404	0.485464	0.568236	-0.520355	0.846233	-0.114546	-0.536468	-0.219580	0.814854
25453	5.820259	-0.073045	8.857155	0.202306	-0.473322	0.019752	0.661820	0.484365	0.572175	-0.521407	0.845806	-0.112905	-0.538636	-0.223613	0.812323
25454	6.373999	-0.991796	8.313618	0.056131	-0.493276	0.039517	0.658941	0.483579	0.576149	-0.521952	0.845497	-0.112694	-0.541629	-0.226463	0.809538
25455	6.227219	-0.479624	8.329213	0.112785	-0.452778	0.046286	0.656306	0.482718	0.579867	-0.522700	0.845135	-0.111941	-0.544102	-0.229629	0.806984
25456	6.389545	-0.987380	8.109641	0.032973	-0.446597	0.045954	0.653621	0.482065	0.583432	-0.523162	0.844847	-0.111960	-0.546882	-0.232050	0.804408
25457	6.303283	-1.227620	8.096957	0.072142	-0.405233	0.028030	0.651318	0.481135	0.586766	-0.523571	0.844663	-0.111434	-0.549235	-0.234635	0.802052
25458	6.066644	-1.328376	7.930535	0.106351	-0.384550	0.011363	0.649134	0.480312	0.589852	-0.524211	0.844367	-0.110666	-0.551206	-0.237370	0.799893
25459	6.195496	-1.178455	8.121936	0.155844	-0.379373	-0.012617	0.647169	0.479079	0.593006	-0.524821	0.844174	-0.109237	-0.552933	-0.240527	0.797754
25460	6.333032	-1.157496	8.022296	0.203171	-0.350387	-0.026967	0.645363	0.477991	0.595845	-0.525752	0.843821	-0.107474	-0.554158	-0.243907	0.795876
25461	6.150809	-1.086706	7.940525	0.196050	-0.325440	-0.037965	0.643819	0.476652	0.598581	-0.526427	0.843639	-0.105581	-0.555312	-0.247135	0.794074
25462	6.066718	-0.806174	8.028893	0.207896	-0.334888	-0.034667	0.642132	0.475515	0.601292	-0.527340	0.843297	-0.103740	-0.556398	-0.250471	0.792266
25463	6.196421	-0.814884	8.076479	0.169260	-0.358345	-0.015028	0.640275	0.474266	0.604251	-0.528021	0.843059	-0.102202	-0.557890	-0.253619	0.790213
25464	6.277986	-0.477864	8.240203	0.148361	-0.356947	0.008753	0.638227	0.473417	0.607077	-0.528886	0.842650	-0.101100	-0.559416	-0.256549	0.788186
25465	6.550506	-0.322510	8.195350	0.068593	-0.325948	0.039449	0.636253	0.472691	0.609710	-0.529355	0.842404	-0.100692	-0.561218	-0.258687	0.786203
25466	6.745807	-0.661409	8.043680	-0.020191	-0.263931	0.056801	0.634460	0.472472	0.611744	-0.529582	0.842199	-0.101213	-0.563030	-0.259753	0.784554
25467	6.530682	-0.313881	8.138723	-0.105325	-0.201926	0.075227	0.632984	0.472359	0.613358	-0.529297	0.842236	-0.102390	-0.564956	-0.259837	0.783140
25468	6.560264	-0.529193	8.017597	-0.222018	-0.168737	0.088013	0.631556	0.472650	0.614605	-0.528576	0.842407	-0.104682	-0.567225	-0.258753	0.781858
25469	6.434711	-1.181777	7.838059	-0.279805	-0.126555	0.088090	0.630434	0.472841	0.615609	-0.527371	0.842833	-0.107298	-0.569590	-0.257010	0.780713
25470	6.375208	-1.563579	7.755504	-0.242372	-0.109157	0.052740	0.629525	0.472993	0.616422	-0.526300	0.843215	-0.109529	-0.571583	-0.255471	0.779761
25471	6.323940	-1.440945	7.657254	-0.211534	-0.090940	0.027271	0.628922	0.472770	0.617208	-0.525092	0.843745	-0.111236	-0.573355	-0.254132	0.778897
25472	6.272783	-1.698761	7.705792	-0.162442	-0.074955	-0.013185	0.628553	0.472455	0.617824	-0.524056	0.844230	-0.112433	-0.574706	-0.253104	0.778236
25473	6.363584	-1.740581	7.697730	-0.131649	-0.052789	-0.057201	0.628607	0.471622	0.618406	-0.522773	0.844950	-0.112996	-0.575813	-0.252255	0.777693
25474	6.414628	-1.380114	7.610943	-0.092354	-0.018049	-0.088364	0.628957	0.470816	0.618664	-0.521664	0.845610	-0.113182	-0.576437	-0.251548	0.777460
25475	6.282076	-1.068603	7.848724	-0.073562	-0.008286	-0.101639	0.629495	0.469721	0.618949	-0.520437	0.846387	-0.113020	-0.576958	-0.250978	0.777257
25476	6.066330	-1.025905	8.026565	-0.036160	-0.032581	-0.108413	0.629863	0.468708	0.619343	-0.519525	0.846998	-0.112644	-0.577379	-0.250813	0.776998
25477	5.944569	-0.480303	8.113621	0.018839	-0.106246	-0.096916	0.629808	0.467408	0.620380	-0.518860	0.847518	-0.111792	-0.578036	-0.251483	0.776293
25478	6.007580	-0.425594	8.229694	-0.054857	-0.202375	-0.064054	0.628961	0.466341	0.622040	-0.518118	0.847966	-0.111834	-0.579622	-0.251951	0.774958
25479	5.839980	-0.526654	8.292178	-0.080858	-0.303625	-0.021099	0.627363	0.465183	0.624516	-0.517353	0.848382	-0.112222	-0.582032	-0.252692	0.772907
25480	5.928332	-1.159704	8.311874	-0.132503	-0.421946	-0.006753	0.624927	0.464044	0.627798	-0.516516	0.848760	-0.113216	-0.585386	-0.253516	0.770099
25481	6.008917	-1.743856	8.305619	-0.089415	-0.514237	-0.039321	0.622165	0.462191	0.631894	-0.515585	0.849281	-0.113550	-0.589137	-0.255148	0.766692
25482	6.176505	-2.018230	8.279499	-0.067611	-0.577486	-0.103568	0.619277	0.459817	0.636446	-0.514520	0.849943	-0.113424	-0.593098	-0.257224	0.762936
25483	6.223016	-1.993660	8.403721	-0.013803	-0.631493	-0.181252	0.616501	0.456440	0.641552	-0.513163	0.850917	-0.112270	-0.597151	-0.260006	0.758820
25484	6.126363	-1.803721	8.501135	0.013995	-0.706045	-0.258329	0.613585	0.452378	0.647199	-0.511636	0.852065	-0.110512	-0.601449	-0.263322	0.754268
25485	6.204143	-1.279590	8.623086	0.063494	-0.818414	-0.303048	0.610238	0.447427	0.653772	-0.510016	0.853362	-0.107968	-0.606212	-0.267548	0.748949
25486	6.377303	-0.760342	8.748064	0.145517	-0.920656	-0.324861	0.606281	0.442150	0.661004	-0.508903	0.854426	-0.104759	-0.611098	-0.272873	0.743034
25487	6.467979	-0.259717	8.968029	0.122066	-1.013259	-0.308517	0.601673	0.436529	0.668903	-0.507643	0.855543	-0.101710	-0.616675	-0.278368	0.736358
25488	6.506109	-0.439142	9.469350	0.067397	-1.144041	-0.259572	0.595888	0.431075	0.677563	-0.506484	0.856492	-0.099481	-0.623210	-0.283895	0.728706
25489	6.557053	-0.348723	10.047181	-0.076033	-1.332161	-0.193811	0.588554	0.425409	0.687482	-0.504714	0.857636	-0.098614	-0.631560	-0.288942	0.719475
