// General information: 
//  MT Manager version: 2022.2.0 
//  XDA version: 2022.2.0 build 7381 rev 124627 built on 2023-07-19
// Device information: 
//  DeviceId: 00B4CB9F
//  ProductCode: MTW2-3A7G6
//  Firmware Version: 4.6.0
//  Hardware Version: 2.0.0
// Device settings: 
//  Filter Profile: human(46.1)
//  Option Flags: Orientation Smoother Disabled, Position/Velocity Smoother Disabled, Continuous Zero Rotation Update Disabled, AHS Disabled, ICC Disabled
// Coordinate system: ENU
PacketCounter	Acc_X	Acc_Y	Acc_Z	Gyr_X	Gyr_Y	Gyr_Z	Mat[1][1]	Mat[2][1]	Mat[3][1]	Mat[1][2]	Mat[2][2]	Mat[3][2]	Mat[1][3]	Mat[2][3]	Mat[3][3]
29738	9.736704	0.915646	0.412642	-0.005835	-0.010633	-0.005657	-0.099195	0.038135	0.994337	0.664792	-0.740997	0.094738	0.740413	0.670425	0.048151
29739	9.736674	0.916443	0.411564	-0.012871	-0.013258	-0.011505	-0.099070	0.038070	0.994352	0.664858	-0.740954	0.094610	0.740371	0.670476	0.048095
29740	9.736720	0.892841	0.412402	-0.015294	-0.010747	-0.004875	-0.098973	0.038146	0.994359	0.664764	-0.741041	0.094595	0.740469	0.670376	0.047985
29741	9.702286	0.917829	0.412459	-0.006640	-0.018699	-0.006265	-0.098831	0.038331	0.994366	0.664700	-0.741093	0.094634	0.740545	0.670307	0.047764
29742	9.739957	0.920939	0.441527	-0.005245	-0.022139	-0.006806	-0.098663	0.038499	0.994376	0.664678	-0.741112	0.094643	0.740587	0.670277	0.047531
29743	9.739916	0.945888	0.437601	-0.004375	-0.020950	-0.006086	-0.098454	0.038781	0.994386	0.664605	-0.741168	0.094708	0.740680	0.670198	0.047197
29744	9.736565	0.968231	0.399691	-0.006185	-0.016446	-0.007626	-0.098334	0.038917	0.994392	0.664575	-0.741193	0.094726	0.740723	0.670163	0.047021
29745	9.736647	0.944470	0.400114	-0.000433	-0.013947	-0.004584	-0.097987	0.039015	0.994423	0.664659	-0.741137	0.094570	0.740693	0.670219	0.046690
29746	9.720990	0.971088	0.415860	-0.009698	-0.011005	-0.014052	-0.097948	0.039161	0.994421	0.664597	-0.741183	0.094650	0.740755	0.670160	0.046571
29747	9.702170	0.946620	0.401281	-0.011136	-0.010876	-0.010053	-0.097712	0.039178	0.994443	0.664657	-0.741147	0.094507	0.740732	0.670198	0.046380
29748	9.736461	0.947782	0.396779	-0.008456	-0.015696	-0.017307	-0.097659	0.039379	0.994441	0.664601	-0.741183	0.094618	0.740789	0.670147	0.046212
29749	9.717634	0.923630	0.381703	-0.003159	-0.015447	-0.012899	-0.097626	0.039654	0.994433	0.664513	-0.741240	0.094794	0.740872	0.670068	0.046014
29750	9.755171	0.951690	0.409132	0.002247	-0.018763	-0.011836	-0.097514	0.039836	0.994437	0.664542	-0.741206	0.094856	0.740861	0.670094	0.045806
29751	9.733087	0.924417	0.359419	0.000810	-0.018635	-0.007836	-0.097218	0.040086	0.994455	0.664565	-0.741186	0.094845	0.740879	0.670101	0.045417
29752	9.751929	0.926407	0.373154	0.007283	-0.016199	-0.006799	-0.097091	0.040215	0.994463	0.664636	-0.741121	0.094859	0.740832	0.670166	0.045228
29753	9.732971	0.950182	0.354203	0.000547	-0.016320	-0.007203	-0.096993	0.040455	0.994463	0.664620	-0.741121	0.094972	0.740859	0.670152	0.044996
29754	9.717352	0.976507	0.369520	-0.005772	-0.017504	-0.005522	-0.096848	0.040583	0.994471	0.664595	-0.741144	0.094968	0.740901	0.670118	0.044807
29755	9.736214	0.978226	0.383562	-0.006297	-0.012876	-0.004263	-0.096427	0.040773	0.994505	0.664607	-0.741152	0.094826	0.740945	0.670098	0.044369
29756	9.739445	1.005890	0.414445	-0.010812	-0.020064	-0.010549	-0.096294	0.040956	0.994510	0.664539	-0.741207	0.094869	0.741023	0.670026	0.044157
29757	9.739528	0.982529	0.414611	-0.007480	-0.016564	-0.010401	-0.096260	0.041128	0.994506	0.664483	-0.741244	0.094971	0.741078	0.669974	0.044023
29758	9.701994	0.932361	0.385898	-0.011493	-0.016687	-0.011999	-0.096162	0.041299	0.994508	0.664409	-0.741303	0.095028	0.741157	0.669898	0.043846
29759	9.736303	0.933497	0.380881	-0.020846	-0.020370	-0.014539	-0.095899	0.041524	0.994525	0.664312	-0.741392	0.095013	0.741278	0.669786	0.043514
29760	9.736479	0.886209	0.382929	-0.014792	-0.016870	-0.015591	-0.095823	0.041723	0.994524	0.664210	-0.741472	0.095104	0.741379	0.669685	0.043338
29761	9.748414	0.907816	0.326473	-0.007482	-0.016559	-0.010393	-0.095513	0.041976	0.994543	0.664178	-0.741503	0.095082	0.741448	0.669635	0.042944
29762	9.751632	0.935712	0.357348	0.006862	-0.015124	-0.008881	-0.095405	0.042114	0.994547	0.664242	-0.741441	0.095115	0.741404	0.669695	0.042763
29763	9.717100	0.961221	0.357155	-0.000642	-0.019996	-0.013330	-0.095394	0.042596	0.994528	0.664088	-0.741535	0.095459	0.741544	0.669560	0.042450
29764	9.735940	0.963467	0.370961	-0.006455	-0.014122	-0.006961	-0.095281	0.042715	0.994534	0.664055	-0.741564	0.095469	0.741588	0.669521	0.042292
29765	9.747858	0.984613	0.314708	-0.005740	-0.014183	-0.008958	-0.095193	0.043024	0.994529	0.663933	-0.741652	0.095634	0.741708	0.669404	0.042035
29766	9.739133	0.992062	0.400956	-0.005549	-0.009620	-0.009699	-0.095131	0.043134	0.994530	0.663903	-0.741673	0.095672	0.741743	0.669373	0.041920
29767	9.701604	0.941679	0.372860	-0.007137	-0.010745	-0.008412	-0.094842	0.043360	0.994548	0.663856	-0.741720	0.095644	0.741823	0.669307	0.041562
29768	9.720439	0.943880	0.387212	-0.012897	-0.013243	-0.011431	-0.094764	0.043507	0.994549	0.663769	-0.741790	0.095696	0.741910	0.669219	0.041416
29769	9.708326	0.948897	0.439065	-0.007034	-0.014304	-0.011748	-0.094541	0.043856	0.994554	0.663655	-0.741879	0.095800	0.742041	0.669098	0.041033
29770	9.739368	0.922917	0.402054	-0.004416	-0.010742	-0.009610	-0.094469	0.043974	0.994556	0.663633	-0.741894	0.095838	0.742070	0.669074	0.040903
29771	9.716859	0.944225	0.349719	0.008532	-0.005867	-0.007569	-0.094427	0.043938	0.994562	0.663784	-0.741765	0.095791	0.741940	0.669219	0.040877
29772	9.735836	0.922123	0.366246	0.011096	-0.007114	-0.011480	-0.094393	0.044045	0.994560	0.663875	-0.741675	0.095854	0.741862	0.669312	0.040769
29773	9.732350	0.920397	0.331384	0.022615	-0.002114	-0.005443	-0.094255	0.044088	0.994571	0.664082	-0.741497	0.095804	0.741695	0.669507	0.040612
29774	9.732438	0.896916	0.332947	0.030096	0.001266	-0.010499	-0.094277	0.044131	0.994567	0.664315	-0.741280	0.095864	0.741483	0.669744	0.040569
29775	9.747642	0.921082	0.312049	0.029222	0.000081	-0.011206	-0.094132	0.044045	0.994585	0.664676	-0.740974	0.095722	0.741178	0.670088	0.040473
29776	9.675276	0.943804	0.281986	0.015341	-0.012611	-0.007045	-0.094027	0.044155	0.994590	0.664804	-0.740857	0.095740	0.741076	0.670210	0.040306
29777	9.725047	0.943439	0.257898	0.025426	-0.020662	-0.012432	-0.093911	0.044491	0.994586	0.664934	-0.740718	0.095919	0.740975	0.670342	0.039979
29778	9.743578	0.994404	0.267028	0.028957	-0.026093	-0.006002	-0.093700	0.044684	0.994597	0.665163	-0.740510	0.095933	0.740796	0.670558	0.039664
29779	9.771057	0.989565	0.192334	0.034714	-0.023586	-0.002978	-0.093306	0.044976	0.994621	0.665407	-0.740295	0.095898	0.740626	0.670776	0.039146
29780	9.764153	0.984622	0.121343	0.023700	-0.021532	-0.004338	-0.093116	0.045127	0.994632	0.665599	-0.740123	0.095893	0.740478	0.670955	0.038881
29781	9.752501	0.940534	0.175460	0.020019	-0.030842	-0.006422	-0.092814	0.045396	0.994648	0.665765	-0.739973	0.095897	0.740367	0.671102	0.038456
29782	9.717986	0.965382	0.173785	0.024454	-0.031770	-0.002736	-0.092538	0.045605	0.994664	0.665964	-0.739797	0.095876	0.740222	0.671282	0.038088
29783	9.686804	1.017101	0.203937	0.014459	-0.042272	-0.003122	-0.091972	0.045969	0.994700	0.666095	-0.739692	0.095772	0.740175	0.671373	0.037411
29784	9.712624	1.048438	0.281371	0.000349	-0.049341	-0.001768	-0.091558	0.046288	0.994723	0.666116	-0.739679	0.095732	0.740207	0.671366	0.036890
29785	9.719094	1.150969	0.337925	-0.015168	-0.041294	0.006022	-0.091267	0.046566	0.994737	0.665981	-0.739800	0.095736	0.740365	0.671213	0.036507
29786	9.725789	1.228806	0.397718	-0.038662	-0.026892	0.003707	-0.090984	0.046694	0.994757	0.665717	-0.740051	0.095627	0.740636	0.670928	0.036247
29787	9.726078	1.204239	0.397603	-0.068203	-0.027666	-0.003412	-0.090670	0.046906	0.994776	0.665247	-0.740484	0.095550	0.741097	0.670435	0.035936
29788	9.725888	1.229072	0.394473	-0.101394	-0.019438	-0.013594	-0.090556	0.047112	0.994776	0.664503	-0.741147	0.095591	0.741779	0.669688	0.035810
29789	9.695909	1.111068	0.440951	-0.131672	-0.020118	-0.018632	-0.090552	0.047275	0.994769	0.663595	-0.741950	0.095666	0.742591	0.668787	0.035814
29790	9.677577	1.013854	0.432351	-0.139030	-0.020392	-0.023704	-0.090498	0.047561	0.994760	0.662561	-0.742857	0.095794	0.743521	0.667758	0.035715
29791	9.750278	0.944911	0.464215	-0.132156	-0.018984	-0.020534	-0.090180	0.048036	0.994766	0.661517	-0.743775	0.095885	0.744488	0.666702	0.035297
29792	9.712452	0.919505	0.434773	-0.112644	-0.015201	-0.020813	-0.090144	0.048267	0.994758	0.660679	-0.744505	0.095995	0.745236	0.665869	0.035224
29793	9.728358	0.846535	0.420418	-0.090706	-0.015757	-0.014809	-0.089889	0.048669	0.994762	0.659936	-0.745151	0.096091	0.745925	0.665117	0.034862
29794	9.744122	0.797455	0.404069	-0.057542	-0.013831	-0.008281	-0.089779	0.048799	0.994765	0.659519	-0.745521	0.096095	0.746308	0.664694	0.034748
29795	9.736738	0.817691	0.332427	-0.022779	-0.022437	-0.009010	-0.089620	0.049052	0.994767	0.659342	-0.745667	0.096170	0.746483	0.664511	0.034485
29796	9.748777	0.790102	0.278656	0.013525	-0.024914	0.001785	-0.089361	0.049180	0.994784	0.659463	-0.745569	0.096099	0.746406	0.664611	0.034192
29797	9.744635	0.860389	0.236825	0.043554	-0.021936	0.007407	-0.088975	0.049252	0.994815	0.659846	-0.745254	0.095912	0.746114	0.664959	0.033810
29798	9.740514	0.930315	0.194898	0.061060	-0.021562	0.009702	-0.088688	0.049300	0.994839	0.660329	-0.744844	0.095778	0.745721	0.665415	0.033505
29799	9.709321	1.004803	0.224811	0.071370	-0.023560	0.013025	-0.088353	0.049347	0.994866	0.660905	-0.744353	0.095615	0.745250	0.665960	0.033152
29800	9.743653	1.027919	0.216253	0.088419	-0.025426	0.016720	-0.087991	0.049368	0.994897	0.661598	-0.743763	0.095420	0.744678	0.666618	0.032782
29801	9.724527	1.073623	0.193778	0.102293	-0.029538	0.023025	-0.087551	0.049481	0.994930	0.662352	-0.743114	0.095242	0.744059	0.667333	0.032287
29802	9.747486	1.075235	0.239420	0.097714	-0.028339	0.026211	-0.087104	0.049452	0.994971	0.663120	-0.742465	0.094955	0.743427	0.668057	0.031879
29803	9.735964	1.101193	0.286823	0.084736	-0.033190	0.024288	-0.086623	0.049461	0.995013	0.663821	-0.741876	0.094668	0.742858	0.668711	0.031431
29804	9.701996	1.098972	0.286735	0.072482	-0.026444	0.026245	-0.086190	0.049420	0.995052	0.664401	-0.741395	0.094372	0.742390	0.669247	0.031066
29805	9.740351	1.099377	0.313948	0.052089	-0.028064	0.022466	-0.085657	0.049513	0.995094	0.664802	-0.741069	0.094099	0.742093	0.669600	0.030561
29806	9.690847	1.123254	0.331315	0.020751	-0.034498	0.017490	-0.085221	0.049592	0.995127	0.664989	-0.740930	0.093873	0.741975	0.669749	0.030165
29807	9.710148	1.122959	0.343578	-0.008535	-0.025898	0.015713	-0.084813	0.049692	0.995157	0.664946	-0.740995	0.093671	0.742061	0.669670	0.029803
29808	9.737454	1.091922	0.271234	-0.023381	-0.019412	0.012051	-0.084525	0.049711	0.995181	0.664801	-0.741148	0.093486	0.742223	0.669499	0.029598
29809	9.749181	1.087205	0.216020	-0.030122	-0.027892	0.002343	-0.084067	0.049936	0.995208	0.664592	-0.741354	0.093338	0.742462	0.669254	0.029136
29810	9.749918	0.989726	0.220872	-0.050257	-0.031818	-0.002055	-0.083780	0.050142	0.995222	0.664235	-0.741680	0.093285	0.742814	0.668877	0.028832
29811	9.715617	0.990185	0.221789	-0.052362	-0.036671	-0.008850	-0.083371	0.050477	0.995239	0.663869	-0.742013	0.093246	0.743188	0.668482	0.028352
29812	9.727499	0.938285	0.168885	-0.043810	-0.041031	-0.006925	-0.083047	0.050781	0.995251	0.663555	-0.742294	0.093243	0.743504	0.668148	0.027949
29813	9.727327	0.963272	0.163289	-0.030957	-0.044267	-0.007522	-0.082732	0.051065	0.995263	0.663396	-0.742437	0.093238	0.743681	0.667967	0.027547
29814	9.731322	0.941856	0.194970	-0.015935	-0.049510	-0.001170	-0.082307	0.051382	0.995282	0.663295	-0.742533	0.093186	0.743818	0.667835	0.027034
29815	9.720173	0.920998	0.245124	-0.001871	-0.052388	0.007799	-0.081554	0.051741	0.995325	0.663305	-0.742555	0.092950	0.743892	0.667784	0.026239
29816	9.754717	0.919940	0.235938	0.016747	-0.056445	0.013628	-0.080978	0.051994	0.995359	0.663458	-0.742441	0.092759	0.743818	0.667891	0.025625
29817	9.713115	0.924890	0.321914	0.022017	-0.049339	0.017846	-0.080370	0.052287	0.995393	0.663610	-0.742328	0.092575	0.743749	0.667993	0.024963
29818	9.721121	0.892363	0.231625	0.026858	-0.041170	0.019974	-0.079865	0.052392	0.995428	0.663844	-0.742151	0.092323	0.743595	0.668182	0.024492
29819	9.687245	0.866185	0.233259	0.035802	-0.036430	0.020345	-0.079506	0.052438	0.995454	0.664186	-0.741869	0.092128	0.743328	0.668491	0.024155
29820	9.710504	0.867925	0.278662	0.043400	-0.038424	0.024880	-0.078990	0.052489	0.995493	0.664546	-0.741583	0.091831	0.743061	0.668804	0.023696
29821	9.726035	0.864298	0.255318	0.063864	-0.040353	0.025325	-0.078209	0.052748	0.995541	0.664962	-0.741250	0.091513	0.742771	0.669153	0.022898
29822	9.741430	0.884768	0.229685	0.073720	-0.044581	0.030052	-0.077611	0.052803	0.995584	0.665550	-0.740764	0.091171	0.742307	0.669687	0.022349
29823	9.752919	0.902248	0.169709	0.064006	-0.042382	0.031576	-0.077213	0.052933	0.995608	0.666006	-0.740374	0.091014	0.741940	0.670108	0.021913
29824	9.733736	0.971154	0.144244	0.045614	-0.043924	0.028645	-0.076630	0.052995	0.995650	0.666383	-0.740075	0.090680	0.741661	0.670433	0.021397
29825	9.695817	0.965950	0.108881	0.037156	-0.053257	0.027102	-0.076072	0.053205	0.995682	0.666666	-0.739846	0.090468	0.741465	0.670669	0.020812
29826	9.711409	0.937666	0.086477	0.029482	-0.047702	0.025903	-0.075480	0.053313	0.995721	0.666921	-0.739654	0.090158	0.741296	0.670872	0.020273
29827	9.718916	0.904594	-0.004497	0.008576	-0.059907	0.014261	-0.074789	0.053644	0.995755	0.667003	-0.739606	0.089942	0.741292	0.670898	0.019534
29828	9.680850	0.876300	-0.038814	-0.009830	-0.064745	0.014822	-0.074144	0.053949	0.995787	0.666958	-0.739672	0.089734	0.741397	0.670801	0.018861
29829	9.726287	0.870991	-0.102651	-0.018465	-0.072026	0.007107	-0.073188	0.054359	0.995836	0.666892	-0.739773	0.089394	0.741551	0.670658	0.017891
29830	9.737305	0.866310	-0.162945	-0.025849	-0.075622	0.005497	-0.072523	0.054805	0.995860	0.666721	-0.739941	0.089275	0.741770	0.670436	0.017123
29831	9.682931	0.755365	-0.329349	-0.025163	-0.075675	0.003522	-0.071857	0.055357	0.995878	0.666512	-0.740134	0.089233	0.742023	0.670177	0.016287
29832	9.706340	0.686235	-0.282296	-0.032452	-0.089665	-0.001188	-0.071131	0.055947	0.995897	0.666287	-0.740343	0.089180	0.742295	0.669897	0.015385
29833	9.570034	0.796419	-0.126400	-0.045864	-0.103573	-0.001408	-0.070256	0.056701	0.995916	0.665941	-0.740659	0.089146	0.742689	0.669485	0.014276
29834	9.537640	0.884121	-0.261804	-0.038267	-0.122275	0.013853	-0.069187	0.057397	0.995951	0.665683	-0.740915	0.088943	0.743020	0.669141	0.013054
29835	9.574933	1.080327	-0.259003	-0.034086	-0.142901	0.009282	-0.067961	0.058390	0.995978	0.665396	-0.741183	0.088856	0.743391	0.668758	0.011519
29836	9.629790	1.213747	-0.115838	-0.041050	-0.160943	0.017091	-0.066583	0.059320	0.996016	0.665118	-0.741461	0.088622	0.743764	0.668369	0.009914
29837	9.695397	1.439591	-0.034882	-0.040875	-0.173072	0.027140	-0.064888	0.060357	0.996066	0.664811	-0.741780	0.088257	0.744188	0.667922	0.008007
29838	9.783056	1.535340	-0.051785	-0.075559	-0.167917	0.024924	-0.063404	0.061274	0.996105	0.664280	-0.742292	0.087944	0.744790	0.667269	0.006361
29839	9.747898	1.469382	0.064725	-0.139188	-0.173616	0.017781	-0.061955	0.062436	0.996124	0.663203	-0.743267	0.087836	0.745871	0.666075	0.004641
29840	9.671214	1.341829	-0.000250	-0.182619	-0.172343	0.004628	-0.060569	0.063530	0.996140	0.661858	-0.744479	0.087724	0.747178	0.664617	0.003044
29841	9.677519	1.189780	-0.091761	-0.215960	-0.174275	-0.007877	-0.059136	0.064872	0.996140	0.660185	-0.745957	0.087771	0.748772	0.662827	0.001285
29842	9.721616	1.024594	-0.031018	-0.222826	-0.177534	-0.004241	-0.057764	0.066061	0.996142	0.658527	-0.747424	0.087753	0.750337	0.661055	-0.000329
29843	9.658238	0.953874	0.003051	-0.177555	-0.158131	0.009407	-0.056230	0.067110	0.996160	0.657181	-0.748633	0.087530	0.751632	0.659579	-0.002008
29844	9.599486	0.957233	0.066734	-0.130339	-0.163969	0.018268	-0.054807	0.068036	0.996176	0.656225	-0.749499	0.087292	0.752572	0.658500	-0.003569
29845	9.678179	0.885786	0.115186	-0.130848	-0.169223	0.030214	-0.053400	0.068969	0.996189	0.655268	-0.750361	0.087075	0.753507	0.657420	-0.005124
29846	9.771347	0.909069	0.138126	-0.096033	-0.152241	0.048020	-0.051869	0.069591	0.996226	0.654584	-0.751020	0.086543	0.754208	0.656602	-0.006599
29847	9.737333	1.025867	0.122323	-0.044518	-0.133097	0.056624	-0.050295	0.070211	0.996263	0.654168	-0.751447	0.085982	0.754676	0.656048	-0.008136
29848	9.645289	0.993263	0.072002	-0.006917	-0.140567	0.056710	-0.048793	0.070689	0.996304	0.654157	-0.751527	0.085358	0.754783	0.655904	-0.009573
29849	9.674805	1.082750	0.013321	0.019870	-0.141203	0.061702	-0.047098	0.071307	0.996342	0.654248	-0.751520	0.084712	0.754812	0.655845	-0.011257
29850	9.675463	1.100747	-0.002877	0.025268	-0.157901	0.070035	-0.045377	0.071799	0.996386	0.654485	-0.751400	0.083952	0.754712	0.655929	-0.012895
29851	9.711235	1.149129	0.094334	0.047349	-0.175289	0.086404	-0.043336	0.072628	0.996417	0.654654	-0.751332	0.083236	0.754686	0.655915	-0.014987
29852	9.708217	1.267594	0.156218	0.053618	-0.190779	0.095519	-0.041200	0.073147	0.996470	0.655110	-0.751046	0.082218	0.754409	0.656185	-0.016976
29853	9.662543	1.413271	0.274127	0.050644	-0.201794	0.104969	-0.038747	0.073908	0.996512	0.655344	-0.750955	0.081177	0.754336	0.656204	-0.019338
29854	9.583703	1.485561	0.400600	0.044705	-0.220801	0.113337	-0.036267	0.074491	0.996562	0.655735	-0.750743	0.079980	0.754120	0.656381	-0.021620
29855	9.561574	1.565827	0.656067	0.008915	-0.250570	0.112601	-0.033614	0.075509	0.996578	0.655719	-0.750860	0.079009	0.754257	0.656131	-0.024273
29856	9.673919	1.576425	0.981341	-0.031240	-0.248388	0.117437	-0.030899	0.076243	0.996610	0.655530	-0.751152	0.077789	0.754536	0.655712	-0.026770
29857	9.700103	1.634491	1.301932	-0.074189	-0.223491	0.123376	-0.028278	0.076928	0.996636	0.654905	-0.751817	0.076613	0.755182	0.654868	-0.029120
29858	9.642261	1.636964	1.538516	-0.131260	-0.188552	0.127271	-0.025949	0.077191	0.996679	0.653957	-0.752772	0.075327	0.756087	0.653740	-0.030946
29859	9.641459	1.633052	1.700349	-0.192921	-0.152795	0.120869	-0.024015	0.077245	0.996723	0.652638	-0.754032	0.074161	0.757289	0.652280	-0.032305
29860	9.663222	1.586389	2.005788	-0.250776	-0.108624	0.127364	-0.022289	0.076978	0.996784	0.650775	-0.755761	0.072916	0.758943	0.650307	-0.033250
29861	9.652834	1.507793	2.236313	-0.310318	-0.046316	0.131954	-0.021022	0.076342	0.996860	0.648364	-0.757945	0.071718	0.761040	0.647836	-0.033564
29862	9.689999	1.434569	2.657982	-0.388956	0.025189	0.139751	-0.020238	0.075104	0.996970	0.645437	-0.760563	0.070397	0.763546	0.644906	-0.033083
29863	9.773566	1.387170	3.271987	-0.515154	0.126072	0.140480	-0.020481	0.073188	0.997108	0.641613	-0.763896	0.069249	0.766755	0.641176	-0.031313
29864	9.749985	1.379622	3.914343	-0.669594	0.260110	0.134239	-0.021552	0.070483	0.997280	0.636502	-0.768267	0.068053	0.770974	0.636238	-0.028305
29865	9.755085	1.576884	4.558778	-0.809541	0.392887	0.140011	-0.023833	0.066786	0.997483	0.630379	-0.773404	0.066845	0.775922	0.630385	-0.023668
29866	9.705889	1.657037	5.075079	-0.915284	0.561648	0.149635	-0.027198	0.062087	0.997700	0.623299	-0.779237	0.065483	0.781510	0.623647	-0.017505
29867	9.458445	1.698689	5.325517	-0.945980	0.754722	0.156525	-0.032416	0.055946	0.997907	0.616149	-0.785023	0.064026	0.786962	0.616935	-0.009024
29868	9.127857	1.640713	5.479252	-0.889503	0.928445	0.151312	-0.038750	0.049038	0.998045	0.609191	-0.790557	0.062496	0.792076	0.610422	0.000761
29869	9.007000	1.536203	5.469303	-0.735130	1.047970	0.122074	-0.046719	0.041384	0.998050	0.603634	-0.794908	0.061217	0.795892	0.605317	0.012156
29870	9.156683	1.367641	5.305042	-0.558469	1.103338	0.073909	-0.055004	0.034118	0.997903	0.599232	-0.798300	0.060323	0.798684	0.601293	0.023465
29871	9.672805	1.207951	5.001462	-0.435719	1.171944	0.022193	-0.064885	0.026645	0.997537	0.595915	-0.800792	0.060151	0.800422	0.598350	0.036081
29872	10.274574	1.034166	4.997524	-0.171391	1.187187	-0.025707	-0.074477	0.019732	0.997028	0.594540	-0.801804	0.060280	0.800610	0.597262	0.047984
29873	11.304974	1.301127	5.006928	-0.192027	1.064924	-0.046499	-0.083843	0.013473	0.996388	0.593109	-0.802826	0.060764	0.800745	0.596061	0.059320
29874	13.071596	0.886026	5.193640	-0.360300	0.900149	-0.023347	-0.091132	0.008286	0.995804	0.590217	-0.804958	0.060712	0.802084	0.593273	0.068467
29875	14.538249	0.195004	5.927119	-0.210959	1.047448	-0.047851	-0.100559	0.002255	0.994929	0.588463	-0.806197	0.061304	0.802247	0.591643	0.079743
29876	15.501637	0.525476	6.649627	-0.307533	1.470611	-0.148495	-0.113170	-0.005251	0.993562	0.585853	-0.808007	0.062460	0.802477	0.589150	0.094519
29877	14.749095	-0.025782	5.017781	-0.458143	1.912580	-0.344552	-0.131195	-0.013894	0.991259	0.581668	-0.810775	0.065621	0.802776	0.585193	0.114451
29878	12.209912	-0.567440	1.954258	-0.339445	1.854966	-0.508958	-0.148975	-0.020612	0.988626	0.578249	-0.812836	0.070189	0.802144	0.582128	0.133011
29879	10.767248	-1.097501	-0.095443	-0.264678	1.385310	-0.535021	-0.163695	-0.024481	0.986207	0.575149	-0.814580	0.075245	0.801503	0.579534	0.147423
29880	11.020989	-1.772205	-0.705172	-0.092149	1.329461	-0.412005	-0.176650	-0.028845	0.983851	0.573729	-0.815215	0.079112	0.799769	0.578439	0.160557
29881	10.880321	-2.243005	-1.196609	0.433791	1.423860	-0.360508	-0.190395	-0.034312	0.981108	0.576359	-0.812928	0.083418	0.794708	0.581352	0.174554
29882	11.753800	-1.654778	-1.243646	0.726571	1.326472	-0.411417	-0.203218	-0.038747	0.978367	0.581318	-0.808826	0.088714	0.787891	0.586770	0.186892
29883	12.042482	-0.467758	-0.100169	0.699756	1.567316	-0.355827	-0.217812	-0.045298	0.974939	0.585965	-0.804922	0.093512	0.780514	0.591648	0.201865
29884	11.621492	-0.708290	0.273772	0.560423	1.713919	-0.291822	-0.232788	-0.053149	0.971074	0.589682	-0.801731	0.097480	0.773359	0.595317	0.217974
29885	11.054911	0.593102	1.518835	0.837149	1.628345	-0.213869	-0.246721	-0.061345	0.967143	0.595507	-0.796929	0.101367	0.764526	0.600950	0.233151
29886	10.935691	1.424484	1.907275	-0.526993	1.934717	-0.281705	-0.263112	-0.070692	0.962172	0.590786	-0.800258	0.102758	0.762721	0.595475	0.252321
29887	9.631319	1.221774	1.530551	-0.369521	1.872211	-0.170281	-0.278488	-0.080612	0.957051	0.587442	-0.802642	0.103331	0.759840	0.590988	0.270881
29888	8.774265	1.812823	1.782780	-0.525446	1.740666	-0.061778	-0.292005	-0.090377	0.952137	0.583301	-0.805775	0.102405	0.757953	0.585285	0.288007
29889	8.341552	2.689635	2.355294	-0.627435	1.562542	-0.051191	-0.304253	-0.099215	0.947411	0.578328	-0.809534	0.100949	0.756946	0.578628	0.303682
29890	8.255813	2.485905	2.293662	-0.960835	1.441113	-0.088251	-0.315622	-0.106795	0.942856	0.570801	-0.815129	0.098748	0.758003	0.569350	0.318232
29891	8.120208	2.219209	1.874592	-1.198019	1.282178	-0.085574	-0.325959	-0.113462	0.938551	0.561369	-0.822027	0.095588	0.760668	0.558031	0.331640
29892	8.003960	2.515883	1.984824	-1.266437	1.173261	-0.026090	-0.334994	-0.119751	0.934579	0.551654	-0.829038	0.091510	0.763843	0.546220	0.343784
29893	7.862937	2.452532	1.836677	-1.565881	1.112565	0.034696	-0.343442	-0.126159	0.930662	0.539723	-0.837474	0.085648	0.768600	0.531715	0.355715
29894	7.544768	1.767905	1.677562	-1.822091	1.062932	0.096276	-0.351080	-0.132561	0.926915	0.526023	-0.846874	0.078123	0.774624	0.515006	0.367051
29895	7.277483	1.377764	1.511265	-1.860927	0.982305	0.176258	-0.357912	-0.139146	0.923330	0.512136	-0.856087	0.069507	0.780779	0.497748	0.377665
29896	7.270440	1.257349	1.222636	-1.991578	0.942303	0.224442	-0.364117	-0.145712	0.919884	0.497356	-0.865485	0.059773	0.787436	0.479274	0.387609
29897	7.021703	0.476198	0.909106	-2.188401	0.913593	0.218504	-0.370374	-0.151998	0.916362	0.480817	-0.875444	0.049126	0.794756	0.458798	0.397325
29898	6.729294	-0.002383	1.225743	-1.975286	0.826879	0.179975	-0.376071	-0.157330	0.913136	0.465755	-0.884032	0.039503	0.801026	0.440153	0.405736
29899	6.662699	-0.971503	0.956246	-1.814297	0.762905	0.106171	-0.381802	-0.161657	0.909997	0.451553	-0.891704	0.031048	0.806428	0.422766	0.413451
29900	7.081858	-3.034361	0.953569	-0.709464	0.781850	0.065828	-0.387764	-0.165556	0.906769	0.446112	-0.894556	0.027447	0.806612	0.415164	0.420733
29901	6.440906	0.343279	2.627108	-0.211309	0.882252	0.164437	-0.394206	-0.170773	0.903016	0.445030	-0.895167	0.024986	0.804084	0.411719	0.428879
29902	5.882560	-0.891768	1.333029	-1.077368	0.689207	0.109387	-0.399225	-0.174590	0.900077	0.436818	-0.899343	0.019300	0.806108	0.400875	0.435304
29903	6.282408	-1.051614	1.841334	-0.774145	0.455834	0.075626	-0.402636	-0.177178	0.898049	0.430852	-0.902295	0.015155	0.807620	0.393028	0.439634
29904	6.695554	-0.879794	2.628739	-0.787938	0.324614	0.053184	-0.404986	-0.178958	0.896638	0.424724	-0.905254	0.011158	0.809689	0.385342	0.442623
29905	7.166913	-1.189926	3.392680	-0.757973	0.208963	0.068423	-0.406446	-0.180477	0.895673	0.418831	-0.908036	0.007093	0.812024	0.378018	0.444657
29906	7.118613	-1.456890	3.960441	-0.643091	0.197739	0.109978	-0.407549	-0.182255	0.894811	0.414079	-0.910235	0.003199	0.813906	0.371826	0.446434
29907	6.444992	-1.530221	4.056816	-0.513333	0.200172	0.101437	-0.408813	-0.184027	0.893871	0.410282	-0.911959	-0.000108	0.815194	0.366695	0.448323
29908	5.689191	-1.770282	3.927601	-0.372613	0.124432	0.086445	-0.409428	-0.185307	0.893325	0.407624	-0.913146	-0.002597	0.816217	0.363078	0.449404
29909	5.528397	-1.685685	3.807281	-0.204681	-0.006386	0.094512	-0.409045	-0.186267	0.893301	0.406300	-0.913729	-0.004481	0.817070	0.361116	0.449436
29910	5.847033	-1.268126	4.130194	-0.065750	-0.169480	0.125761	-0.407102	-0.186842	0.894068	0.406304	-0.913719	-0.005944	0.818037	0.360844	0.447892
29911	6.292261	-1.329881	4.858378	0.041706	-0.405986	0.150487	-0.403222	-0.186880	0.895817	0.407207	-0.913307	-0.007239	0.819509	0.361864	0.444364
29912	7.193669	-1.414695	5.723130	0.155300	-0.597900	0.110465	-0.397820	-0.185756	0.898462	0.408951	-0.912525	-0.007588	0.821279	0.364408	0.438985
29913	8.349643	-1.540835	6.797052	0.267212	-0.691030	0.040792	-0.392034	-0.183740	0.901415	0.411250	-0.911496	-0.006938	0.822911	0.367987	0.432901
29914	9.610703	-1.354161	7.792050	0.297578	-0.622517	-0.089958	-0.387232	-0.180656	0.904110	0.413377	-0.910547	-0.004892	0.824118	0.371844	0.427272
29915	10.851930	-0.754484	8.431020	0.372267	-0.426237	-0.208036	-0.384656	-0.177327	0.905867	0.415569	-0.909560	-0.001588	0.824222	0.375840	0.423559
29916	10.916554	-0.259934	8.476620	0.378538	-0.270622	-0.335340	-0.383776	-0.173294	0.907020	0.417427	-0.908706	0.003004	0.823693	0.379767	0.421077
29917	10.691271	-0.340397	8.471601	0.564425	-0.179934	-0.411157	-0.384106	-0.169041	0.907683	0.420409	-0.907291	0.008937	0.822021	0.385031	0.419562
29918	10.028192	-0.851396	8.289452	0.659144	-0.022661	-0.397474	-0.385552	-0.165389	0.907742	0.424315	-0.905386	0.015263	0.819333	0.391054	0.419251
29919	8.611933	-1.549669	7.633855	0.827577	0.112457	-0.371005	-0.388157	-0.162658	0.907125	0.429549	-0.902777	0.021925	0.815366	0.398165	0.420289
29920	7.091367	-1.779485	6.522466	1.174287	0.099421	-0.367720	-0.390513	-0.159784	0.906625	0.437686	-0.898622	0.030152	0.809895	0.408592	0.420859
29921	6.383344	-1.339791	5.277043	1.571874	-0.044343	-0.377622	-0.391941	-0.156413	0.906596	0.448773	-0.892751	0.039990	0.803110	0.422529	0.420100
29922	6.036108	-0.610733	4.031108	2.038718	-0.202053	-0.403854	-0.392122	-0.151988	0.907271	0.463503	-0.884560	0.052142	0.794610	0.440968	0.417302
29923	5.618236	0.378998	3.055269	2.378381	-0.423116	-0.466936	-0.391098	-0.146174	0.908667	0.480336	-0.874594	0.066048	0.785060	0.462296	0.412265
29924	5.576226	1.646587	2.230087	2.566866	-0.668655	-0.637728	-0.388953	-0.137497	0.910939	0.497899	-0.863323	0.082283	0.775121	0.485560	0.404251
29925	6.970134	2.011595	1.308392	2.488435	-1.080810	-0.843131	-0.384995	-0.125093	0.914402	0.513698	-0.852158	0.099707	0.766742	0.508113	0.392336
29926	10.942129	1.153368	0.953417	1.906129	-1.791323	-0.960006	-0.376222	-0.107720	0.920247	0.524655	-0.843407	0.115768	0.763671	0.526367	0.373823
29927	16.582607	0.171332	0.986643	1.188429	-2.368772	-0.980002	-0.363361	-0.087053	0.927572	0.530008	-0.838129	0.128963	0.766198	0.538481	0.350682
29928	20.019763	2.964606	3.083138	0.748093	-1.671251	-0.915246	-0.355351	-0.070366	0.932081	0.532482	-0.834786	0.139985	0.768237	0.546060	0.334110
29929	20.813106	9.056075	8.248177	0.155507	-0.583141	-0.791751	-0.355138	-0.060743	0.932838	0.530763	-0.834547	0.147722	0.769524	0.547577	0.328620
29930	21.285514	15.911632	14.749658	-0.948931	0.743212	-0.629006	-0.364125	-0.059547	0.929445	0.521210	-0.840076	0.150371	0.771850	0.539190	0.336929
29931	12.407816	14.104174	15.181495	-1.274331	1.861278	-0.716941	-0.382279	-0.063555	0.921859	0.508619	-0.847380	0.152495	0.771472	0.527170	0.356261
29932	1.745240	7.072874	11.816489	-0.891679	1.275017	-0.557156	-0.394873	-0.065521	0.916396	0.499601	-0.852397	0.154331	0.771022	0.518774	0.369323
29933	0.051272	-4.230275	-3.554710	-2.726799	0.015153	-0.481073	-0.397503	-0.061580	0.915532	0.476407	-0.866583	0.148557	0.784237	0.495218	0.373806
29934	2.943088	-12.629700	-13.783770	-4.485738	-1.400925	0.088027	-0.385881	-0.055720	0.920865	0.441007	-0.887881	0.131076	0.810314	0.456687	0.367189
29935	7.089573	-12.536558	-11.714507	-4.234607	-1.364990	0.688151	-0.371842	-0.056055	0.926602	0.408718	-0.906104	0.109202	0.833476	0.419325	0.359839
29936	5.141632	-10.049602	-4.672144	-1.692221	-0.677266	0.998176	-0.362094	-0.062382	0.930052	0.398220	-0.912478	0.093834	0.842798	0.404343	0.355244
29937	3.513435	-7.858896	0.673978	1.983166	-0.945718	0.277408	-0.353054	-0.061178	0.933601	0.415769	-0.904177	0.097979	0.838146	0.422754	0.344659
29938	7.885402	-4.565800	1.077531	4.085911	-1.657457	-0.502329	-0.341382	-0.049399	0.938625	0.448055	-0.886408	0.116309	0.826259	0.460262	0.324738
29939	10.547680	0.349463	-0.419442	5.019412	-1.928284	-0.868836	-0.329683	-0.032719	0.943525	0.486060	-0.862652	0.139923	0.809355	0.504739	0.300305
29940	13.206838	2.193548	-3.639704	5.693018	-1.777945	-0.584203	-0.318413	-0.018390	0.947774	0.529617	-0.832667	0.161774	0.786205	0.553468	0.274872
29941	13.642291	5.560915	-3.388500	5.595950	-1.428487	0.018593	-0.307246	-0.010512	0.951572	0.572834	-0.800528	0.176114	0.759909	0.599203	0.251980
29942	11.519233	10.300144	-0.861776	4.270353	-1.283164	0.245244	-0.296132	-0.004566	0.955136	0.605594	-0.774196	0.184059	0.738622	0.632930	0.232029
29943	10.166411	12.253239	0.544011	2.493582	-1.325949	0.190365	-0.285207	0.002346	0.958463	0.624357	-0.758266	0.187644	0.727210	0.651941	0.214798
29944	8.699460	12.536456	0.274468	1.007930	-1.378804	0.236363	-0.273657	0.009576	0.961780	0.632352	-0.751670	0.187409	0.724736	0.659469	0.199645
29945	7.116777	10.678224	-0.043199	-0.301791	-1.253423	0.185801	-0.263356	0.016352	0.964560	0.630627	-0.753723	0.184960	0.730036	0.656988	0.188186
29946	6.612564	8.363553	-0.301054	-1.276940	-1.302770	0.218896	-0.252346	0.023161	0.967360	0.621813	-0.762093	0.180453	0.741398	0.647053	0.177910
29947	7.770672	6.250378	-0.848098	-2.071834	-1.397324	0.345944	-0.239760	0.029406	0.970387	0.607139	-0.775420	0.173508	0.757560	0.630760	0.168061
29948	9.016559	4.166867	-1.043887	-2.531181	-1.460946	0.423961	-0.225967	0.035124	0.973501	0.588730	-0.791268	0.165204	0.776103	0.610460	0.158122
29949	10.033090	2.040483	-1.068146	-2.812882	-1.687938	0.399632	-0.210403	0.042046	0.976710	0.567516	-0.808246	0.157048	0.796025	0.587342	0.146195
29950	10.674216	-0.117437	-0.649987	-2.617601	-1.845080	0.340727	-0.193594	0.049868	0.979814	0.547139	-0.823489	0.150017	0.814347	0.565136	0.132138
29951	10.004305	-1.209829	-0.168363	-2.141580	-1.779921	0.223964	-0.177765	0.057916	0.982367	0.529989	-0.835488	0.145162	0.829163	0.546449	0.117825
29952	8.903989	-1.435621	0.001338	-1.472416	-1.725860	0.110813	-0.162731	0.066268	0.984443	0.517901	-0.843506	0.142391	0.839820	0.533016	0.102944
29953	8.482305	-0.856108	0.278031	-1.031680	-1.771317	0.097547	-0.147275	0.074795	0.986264	0.509373	-0.849007	0.140448	0.847850	0.523061	0.086939
29954	8.610670	-0.312421	0.513579	-0.681054	-1.843169	0.143743	-0.130813	0.083111	0.987917	0.503788	-0.852662	0.138440	0.853865	0.515810	0.069669
29955	9.228270	0.335664	0.901971	-0.449315	-1.903326	0.194634	-0.113525	0.091203	0.989340	0.500198	-0.855128	0.136227	0.858437	0.510331	0.051459
29956	9.849498	0.854573	1.051263	-0.318922	-1.829522	0.202455	-0.096727	0.098730	0.990402	0.497675	-0.856945	0.134031	0.861953	0.505863	0.033754
29957	10.057603	0.990594	1.083901	-0.282606	-1.672336	0.179061	-0.081384	0.105599	0.991073	0.495406	-0.858549	0.132160	0.864840	0.501740	0.017558
29958	9.874082	1.184440	1.086915	-0.193527	-1.565639	0.176795	-0.066903	0.111874	0.991468	0.493868	-0.859714	0.130332	0.866960	0.498373	0.002266
29959	9.635550	1.450449	1.105201	-0.204469	-1.519047	0.168449	-0.052875	0.117943	0.991612	0.492201	-0.860924	0.128644	0.868874	0.494874	-0.012530
29960	9.577124	1.599894	0.999039	-0.310195	-1.493406	0.083406	-0.039424	0.124545	0.991430	0.489545	-0.862559	0.127822	0.871087	0.490389	-0.026965
29961	9.523508	0.850224	0.688896	-0.220468	-1.462086	-0.012776	-0.026733	0.131766	0.990920	0.487619	-0.863623	0.127994	0.872647	0.486613	-0.041165
29962	9.143936	0.261068	0.434718	-0.044260	-1.410175	-0.072397	-0.014726	0.139201	0.990155	0.487221	-0.863747	0.128676	0.873155	0.484319	-0.055102
29963	8.818739	-0.126879	0.203683	0.216812	-1.450328	-0.066052	-0.002389	0.146751	0.989171	0.489102	-0.862611	0.129156	0.872224	0.484113	-0.069715
29964	9.008998	-0.132028	0.183166	0.508904	-1.592798	0.007280	0.011569	0.154379	0.987944	0.493535	-0.860161	0.128631	0.869649	0.486097	-0.086143
29965	9.540381	0.216132	0.317262	0.811169	-1.656799	0.099425	0.026448	0.161568	0.986507	0.500549	-0.856366	0.126835	0.865304	0.490441	-0.103522
29966	9.837489	0.812375	0.524849	1.053332	-1.603141	0.122364	0.040942	0.168401	0.984868	0.509591	-0.851377	0.124392	0.859442	0.496788	-0.120673
29967	9.689617	1.564130	0.796075	1.184911	-1.514567	0.087629	0.054368	0.175179	0.983034	0.519678	-0.845614	0.121949	0.852630	0.504232	-0.137011
29968	9.492689	2.190196	0.956675	1.170371	-1.477192	0.038762	0.067165	0.182319	0.980943	0.529591	-0.839748	0.119816	0.845590	0.511451	-0.152957
29969	9.308440	2.599134	0.928451	1.052542	-1.442745	-0.038759	0.079106	0.189993	0.978593	0.538447	-0.834292	0.118451	0.838938	0.517551	-0.168299
29970	9.260253	2.778079	0.839970	0.778643	-1.427071	-0.108615	0.090503	0.198276	0.975959	0.545047	-0.830047	0.118089	0.833506	0.521256	-0.183191
29971	9.425306	2.440576	0.921660	0.502045	-1.424287	-0.190206	0.101293	0.207226	0.973035	0.549394	-0.827054	0.118944	0.829401	0.522532	-0.197623
29972	9.536577	1.821729	1.252410	0.352995	-1.426559	-0.258751	0.111726	0.216783	0.969805	0.552587	-0.824672	0.120680	0.825933	0.522419	-0.211929
29973	9.189399	1.115883	1.693122	0.372675	-1.444462	-0.301210	0.121933	0.226736	0.966294	0.555984	-0.822081	0.122739	0.822201	0.522277	-0.226300
29974	9.184026	0.808922	2.255467	0.527289	-1.532098	-0.268971	0.133044	0.236917	0.962377	0.560643	-0.818714	0.124044	0.817300	0.523047	-0.241750
29975	10.190340	0.664356	2.766918	0.714988	-1.629757	-0.168512	0.145326	0.246729	0.958126	0.566637	-0.814610	0.123826	0.811051	0.524915	-0.258189
29976	10.877980	0.736793	3.236463	0.966628	-1.559843	-0.070510	0.157566	0.255487	0.953886	0.574538	-0.809353	0.121872	0.803168	0.528842	-0.274314
29977	11.193797	1.359646	3.297612	1.183542	-1.424812	0.016809	0.168990	0.262795	0.949937	0.583896	-0.803161	0.118317	0.794045	0.534670	-0.289171
29978	11.929267	1.544327	2.987791	1.285855	-1.247175	0.049348	0.179177	0.269081	0.946304	0.593949	-0.796386	0.113991	0.784296	0.541632	-0.302514
29979	12.859186	1.550988	2.927594	1.304513	-0.956435	0.095973	0.187141	0.273360	0.943532	0.603836	-0.789620	0.109003	0.774829	0.549340	-0.312835
29980	13.613436	1.814017	3.065927	1.307048	-0.688153	0.137198	0.193330	0.276059	0.941496	0.613632	-0.782777	0.103515	0.765558	0.557719	-0.320733
29981	14.610194	2.717901	3.352776	1.315724	-0.426529	0.182588	0.197627	0.276823	0.940379	0.623164	-0.775994	0.097471	0.756710	0.566747	-0.325863
29982	15.505064	3.735491	3.466517	1.227308	-0.096613	0.214567	0.199755	0.275687	0.940263	0.631966	-0.769589	0.091387	0.748811	0.575959	-0.327954
29983	16.088690	4.127848	3.506087	1.080384	0.256655	0.177808	0.198866	0.272585	0.941355	0.639519	-0.763938	0.086110	0.742609	0.584890	-0.326244
29984	16.811272	3.578156	3.717840	0.859610	0.662325	0.091296	0.194602	0.267959	0.943572	0.645693	-0.759136	0.082415	0.738383	0.593220	-0.320749
29985	16.742918	1.298036	3.522036	0.244576	1.154356	0.030844	0.186133	0.260565	0.947344	0.647273	-0.757912	0.081286	0.739183	0.598060	-0.309729
29986	15.785617	-1.885125	4.257329	-0.289365	1.465414	0.092128	0.175918	0.251061	0.951852	0.644950	-0.759895	0.081233	0.743702	0.599607	-0.295601
29987	14.667873	-4.075836	5.217754	-0.823522	1.799321	0.257613	0.163955	0.237975	0.957333	0.638141	-0.765643	0.081035	0.752260	0.597627	-0.277392
29988	14.270680	-4.916409	6.191500	-0.633899	2.321340	0.311479	0.148437	0.221673	0.963757	0.632852	-0.770163	0.079674	0.759911	0.598089	-0.254607
29989	14.027724	-5.130761	5.649506	0.763588	2.959159	0.210656	0.127123	0.201732	0.971156	0.638093	-0.766235	0.075639	0.759392	0.610073	-0.226129
29990	12.474251	-0.368056	3.098925	2.229688	3.513121	0.039090	0.100931	0.179554	0.978557	0.654859	-0.752453	0.070523	0.748981	0.633699	-0.193528
29991	12.226146	2.011930	-0.369319	2.992789	3.390304	-0.164358	0.074529	0.158314	0.984572	0.676875	-0.733076	0.066638	0.732316	0.661465	-0.161794
29992	14.509093	4.031405	-4.176542	3.148799	3.545554	-0.140763	0.047992	0.135351	0.989635	0.699712	-0.711607	0.063393	0.712811	0.689417	-0.128858
29993	13.679408	4.872996	-7.414591	3.631055	3.738118	-0.211112	0.020076	0.110029	0.993726	0.724962	-0.686054	0.061316	0.688496	0.719183	-0.093540
29994	12.198377	3.865973	-7.464510	3.344217	3.509034	-0.665107	-0.008500	0.088788	0.996014	0.747619	-0.660910	0.065296	0.664073	0.745194	-0.060762
29995	14.308679	3.761859	-4.873565	2.356613	2.781439	-1.124471	-0.035430	0.074769	0.996571	0.762595	-0.642477	0.075315	0.645905	0.762649	-0.034255
29996	15.905300	4.353173	-1.704923	0.511949	2.375214	-1.317185	-0.060717	0.065004	0.996036	0.765256	-0.637647	0.088264	0.640857	0.767581	-0.011029
29997	14.303535	3.611390	-1.357055	-0.757159	2.431168	-1.111335	-0.085045	0.053180	0.994957	0.759382	-0.643026	0.099278	0.645063	0.763996	0.014302
29998	12.931343	3.371947	-0.907265	-1.248452	2.357210	-0.805151	-0.106356	0.040444	0.993505	0.750516	-0.652150	0.106892	0.652238	0.757010	0.039007
29999	12.514918	3.064258	-0.712018	-1.519459	2.216119	-0.666625	-0.126106	0.027868	0.991625	0.739574	-0.663573	0.112701	0.661157	0.747592	0.063070
30000	12.265673	2.941745	-0.699248	-1.768559	2.215565	-0.643413	-0.145526	0.015716	0.989230	0.726922	-0.676560	0.117686	0.671123	0.736219	0.087033
30001	11.326081	2.624456	-1.024514	-1.931402	2.223651	-0.658425	-0.165538	0.003732	0.986196	0.712650	-0.690788	0.122236	0.681709	0.723047	0.111693
30002	11.268846	2.033018	-1.345352	-1.995670	2.331641	-0.726012	-0.186615	-0.007926	0.982401	0.697673	-0.705099	0.126840	0.691685	0.709065	0.137112
30003	10.843464	1.246336	-2.283790	-1.747115	2.504327	-0.715695	-0.209199	-0.020661	0.977655	0.683934	-0.717653	0.131182	0.698907	0.696094	0.164263
30004	9.961184	0.573761	-2.725917	-1.597609	2.438187	-0.645857	-0.230630	-0.032844	0.972487	0.671312	-0.728853	0.134589	0.704380	0.683882	0.190144
30005	9.446923	-0.070107	-3.313974	-1.448199	2.307736	-0.576672	-0.250980	-0.044460	0.966971	0.659532	-0.739048	0.137203	0.708538	0.672184	0.214809
30006	8.604601	-1.074264	-3.739322	-1.327472	2.079708	-0.538522	-0.269220	-0.054355	0.961544	0.648715	-0.748167	0.139339	0.711822	0.661280	0.236682
