// General information: 
//  MT Manager version: 2022.2.0 
//  XDA version: 2022.2.0 build 7381 rev 124627 built on 2023-07-19
// Device information: 
//  DeviceId: 00B4CAF0
//  ProductCode: MTW2-3A7G6
//  Firmware Version: 4.6.0
//  Hardware Version: 2.0.0
// Device settings: 
//  Filter Profile: human(46.1)
//  Option Flags: Orientation Smoother Disabled, Position/Velocity Smoother Disabled, Continuous Zero Rotation Update Disabled, AHS Disabled, ICC Disabled
// Coordinate system: ENU
PacketCounter	Acc_X	Acc_Y	Acc_Z	Gyr_X	Gyr_Y	Gyr_Z	Mat[1][1]	Mat[2][1]	Mat[3][1]	Mat[1][2]	Mat[2][2]	Mat[3][2]	Mat[1][3]	Mat[2][3]	Mat[3][3]
07657	5.155217	-0.583736	8.759674	0.005417	-0.000188	0.003087	-0.786742	-0.350316	0.508248	0.376394	-0.924837	-0.054817	0.489250	0.148174	0.859464
07658	5.176471	-0.606646	8.745708	0.004625	0.002322	0.002732	-0.786734	-0.350327	0.508252	0.376423	-0.924826	-0.054789	0.489239	0.148214	0.859464
07659	5.154943	-0.583148	8.759874	0.004642	0.001128	0.001452	-0.786780	-0.350119	0.508325	0.376254	-0.924901	-0.054683	0.489296	0.148236	0.859428
07660	5.175749	-0.581690	8.747660	0.003851	0.003639	0.001097	-0.786785	-0.350116	0.508318	0.376267	-0.924898	-0.054652	0.489277	0.148264	0.859433
07661	5.154960	-0.607063	8.758410	0.000775	-0.001316	0.001635	-0.786761	-0.350111	0.508360	0.376254	-0.924902	-0.054679	0.489327	0.148254	0.859407
07662	5.175818	-0.605667	8.746162	0.006687	0.004830	0.001520	-0.786770	-0.350114	0.508343	0.376284	-0.924893	-0.054626	0.489288	0.148303	0.859420
07663	5.154131	-0.581931	8.760433	0.007479	0.002320	0.001875	-0.786783	-0.350021	0.508387	0.376222	-0.924922	-0.054559	0.489315	0.148340	0.859399
07664	5.154309	-0.605986	8.758868	0.001789	0.001132	0.002309	-0.786772	-0.350026	0.508401	0.376234	-0.924917	-0.054553	0.489324	0.148357	0.859390
07665	5.174828	-0.580292	8.748298	0.003868	0.002445	-0.000183	-0.786732	-0.350119	0.508398	0.376315	-0.924882	-0.054603	0.489325	0.148360	0.859389
07666	5.186911	-0.581339	8.769493	0.002029	0.004896	0.001347	-0.786743	-0.350121	0.508381	0.376320	-0.924880	-0.054590	0.489304	0.148366	0.859400
07667	5.153152	-0.581077	8.761066	0.002820	0.002386	0.001703	-0.786739	-0.350065	0.508426	0.376264	-0.924903	-0.054590	0.489355	0.148354	0.859374
07668	5.186364	-0.581046	8.769836	0.002820	0.002386	0.001703	-0.786735	-0.350066	0.508430	0.376276	-0.924899	-0.054572	0.489351	0.148377	0.859372
07669	5.174132	-0.603976	8.747277	0.003595	0.001070	0.003339	-0.786748	-0.349904	0.508522	0.376136	-0.924959	-0.054517	0.489438	0.148382	0.859321
07670	5.173733	-0.579646	8.748989	-0.001048	-0.000059	0.001886	-0.786732	-0.349903	0.508548	0.376130	-0.924961	-0.054534	0.489469	0.148377	0.859305
07671	5.177524	-0.607598	8.801848	0.006656	0.007220	0.004080	-0.786772	-0.349986	0.508428	0.376232	-0.924922	-0.054483	0.489325	0.148421	0.859379
07672	5.151881	-0.580665	8.761841	-0.001856	0.003646	0.002810	-0.786771	-0.349998	0.508421	0.376229	-0.924922	-0.054511	0.489329	0.148395	0.859381
07673	5.176353	-0.583372	8.804007	0.000998	0.003643	0.001954	-0.786820	-0.349826	0.508464	0.376066	-0.924991	-0.054458	0.489376	0.148367	0.859359
07674	5.175911	-0.583358	8.804268	0.002013	0.006091	0.002627	-0.786832	-0.349840	0.508436	0.376080	-0.924986	-0.054452	0.489346	0.148369	0.859376
07675	5.171531	-0.579717	8.750286	0.000191	0.007348	0.002878	-0.786860	-0.349883	0.508364	0.376100	-0.924976	-0.054479	0.489286	0.148328	0.859417
07676	5.196005	-0.606856	8.790969	-0.003420	0.007474	0.000818	-0.786885	-0.349882	0.508326	0.376074	-0.924985	-0.054510	0.489265	0.148275	0.859438
07677	5.140613	-0.607982	8.795216	0.003254	0.013499	0.003621	-0.786976	-0.349850	0.508207	0.376042	-0.925001	-0.054458	0.489144	0.148250	0.859512
07678	5.168789	-0.580081	8.751882	0.002981	0.012125	0.007143	-0.787000	-0.349915	0.508125	0.376097	-0.924978	-0.054466	0.489063	0.148240	0.859560
07679	5.226006	-0.582914	8.803105	-0.000597	0.009860	0.002523	-0.787067	-0.349855	0.508062	0.376024	-0.925009	-0.054449	0.489011	0.148188	0.859598
07680	5.187626	-0.579391	8.740809	-0.002209	0.017273	0.004372	-0.787127	-0.349902	0.507937	0.376031	-0.925004	-0.054487	0.488909	0.148112	0.859669
07681	5.198364	-0.581208	8.762751	-0.004046	0.019727	0.005903	-0.787240	-0.349833	0.507809	0.375916	-0.925050	-0.054503	0.488816	0.147987	0.859744
07682	5.163240	-0.606017	8.753570	-0.002784	0.025942	0.005619	-0.787337	-0.349904	0.507609	0.375930	-0.925041	-0.054552	0.488647	0.147875	0.859859
07683	5.119070	-0.608726	8.779422	-0.001960	0.021042	0.003415	-0.787396	-0.349981	0.507465	0.375937	-0.925032	-0.054649	0.488548	0.147744	0.859937
07684	5.126098	-0.606514	8.747036	0.000668	0.016078	0.002242	-0.787458	-0.350005	0.507352	0.375941	-0.925030	-0.054652	0.488444	0.147699	0.860004
07685	5.116436	-0.633259	8.779460	0.003263	0.013504	0.003629	-0.787535	-0.349850	0.507340	0.375781	-0.925098	-0.054607	0.488444	0.147644	0.860014
07686	5.115061	-0.608839	8.781750	0.003019	0.009738	0.004589	-0.787557	-0.349886	0.507280	0.375815	-0.925085	-0.054601	0.488382	0.147642	0.860050
07687	5.135452	-0.607439	8.769836	0.006694	0.004831	0.001530	-0.787537	-0.349874	0.507320	0.375798	-0.925091	-0.054621	0.488428	0.147634	0.860025
07688	5.122764	-0.605880	8.749033	0.001017	0.002449	0.000676	-0.787538	-0.349863	0.507325	0.375791	-0.925094	-0.054613	0.488430	0.147639	0.860022
07689	5.134963	-0.606912	8.770159	0.006449	0.001066	0.002490	-0.787496	-0.350003	0.507294	0.375928	-0.925036	-0.054649	0.488393	0.147670	0.860038
07690	5.134910	-0.606440	8.770223	0.006465	-0.000130	0.001210	-0.787483	-0.349994	0.507321	0.375953	-0.925029	-0.054597	0.488396	0.147735	0.860026
07691	5.168437	-0.606111	8.778888	0.005448	-0.002579	0.000534	-0.787476	-0.350041	0.507299	0.376022	-0.925003	-0.054566	0.488353	0.147786	0.860041
07692	5.168660	-0.605713	8.778784	0.003643	-0.002516	-0.000498	-0.787458	-0.350013	0.507347	0.376019	-0.925006	-0.054529	0.488385	0.147833	0.860015
07693	5.156458	-0.604317	8.757684	0.001528	-0.001437	0.004553	-0.787437	-0.349995	0.507391	0.375996	-0.925014	-0.054548	0.488436	0.147824	0.859988
07694	5.144039	-0.578489	8.738193	0.006237	-0.005091	0.000890	-0.787401	-0.349976	0.507461	0.376017	-0.925009	-0.054496	0.488478	0.147904	0.859950
07695	5.157162	-0.603806	8.757305	0.004138	-0.005207	0.004660	-0.787308	-0.350098	0.507520	0.376126	-0.924960	-0.054577	0.488543	0.147923	0.859910
07696	5.202937	-0.580778	8.788494	0.003350	-0.002695	0.004304	-0.787271	-0.350114	0.507567	0.376160	-0.924946	-0.054567	0.488577	0.147968	0.859882
07697	5.137025	-0.629038	8.767630	0.002610	-0.003770	0.000107	-0.787235	-0.350227	0.507544	0.376271	-0.924900	-0.054599	0.488550	0.147991	0.859894
07698	5.161710	-0.606984	8.811174	0.004400	-0.002637	0.002419	-0.787205	-0.350227	0.507592	0.376295	-0.924891	-0.054571	0.488579	0.148045	0.859868
07699	5.149401	-0.581183	8.791615	0.002349	-0.006340	0.002349	-0.787123	-0.350359	0.507628	0.376414	-0.924838	-0.054649	0.488620	0.148063	0.859842
07700	5.170882	-0.579899	8.779049	0.005173	-0.003952	0.004056	-0.787080	-0.350372	0.507685	0.376456	-0.924823	-0.054623	0.488657	0.148128	0.859809
07701	5.179994	-0.577305	8.745472	0.001593	-0.006219	-0.000567	-0.787049	-0.350319	0.507771	0.376410	-0.924842	-0.054624	0.488743	0.148138	0.859759
07702	5.171912	-0.603911	8.776993	0.001806	-0.000062	0.001032	-0.787036	-0.350309	0.507797	0.376411	-0.924842	-0.054611	0.488763	0.148159	0.859744
07703	5.192524	-0.578297	8.766405	0.005387	0.002205	0.005655	-0.787012	-0.350302	0.507839	0.376406	-0.924843	-0.054620	0.488805	0.148167	0.859719
07704	5.146996	-0.601147	8.735092	0.000773	-0.001316	0.001637	-0.786991	-0.350296	0.507875	0.376407	-0.924843	-0.054620	0.488838	0.148182	0.859697
07705	5.159310	-0.602346	8.756140	0.002824	0.002387	0.001707	-0.787009	-0.350281	0.507858	0.376397	-0.924848	-0.054599	0.488817	0.148187	0.859709
07706	5.171140	-0.579194	8.778944	0.001775	0.002330	0.003592	-0.786999	-0.350298	0.507862	0.376418	-0.924840	-0.054600	0.488817	0.148199	0.859706
07707	5.129138	-0.605857	8.802059	-0.000031	0.002392	0.002560	-0.786949	-0.350368	0.507891	0.376450	-0.924821	-0.054698	0.488872	0.148151	0.859683
07708	5.158746	-0.602525	8.756460	-0.001049	-0.000057	0.001885	-0.786934	-0.350366	0.507916	0.376444	-0.924822	-0.054714	0.488902	0.148145	0.859667
07709	5.149895	-0.604997	8.789888	0.003566	0.003463	0.005904	-0.786926	-0.350425	0.507888	0.376497	-0.924800	-0.054732	0.488874	0.148148	0.859683
07710	5.158407	-0.602413	8.756667	0.004661	-0.000067	0.000178	-0.786916	-0.350407	0.507915	0.376505	-0.924799	-0.054691	0.488883	0.148195	0.859669
07711	5.166870	-0.599729	8.723483	0.003843	0.004837	0.002382	-0.786993	-0.350260	0.507897	0.376383	-0.924854	-0.054596	0.488853	0.148197	0.859686
07712	5.149234	-0.604357	8.790320	0.001791	0.001134	0.002312	-0.786982	-0.350264	0.507912	0.376394	-0.924850	-0.054590	0.488863	0.148213	0.859677
07713	5.211844	-0.576466	8.755156	0.005665	0.003578	0.002134	-0.787019	-0.350140	0.507940	0.376290	-0.924896	-0.054525	0.488883	0.148221	0.859665
07714	5.148943	-0.628251	8.789052	0.002037	0.004899	0.001350	-0.787030	-0.350140	0.507923	0.376294	-0.924895	-0.054512	0.488863	0.148226	0.859676
07715	5.169187	-0.602566	8.778690	0.004877	0.006090	0.001777	-0.787033	-0.350210	0.507870	0.376360	-0.924868	-0.054522	0.488807	0.148231	0.859706
07716	5.201377	-0.553723	8.791062	0.002299	0.007468	-0.000892	-0.787064	-0.350194	0.507833	0.376348	-0.924874	-0.054496	0.488766	0.148230	0.859730
07717	5.188712	-0.600996	8.767306	0.003272	0.013507	0.003625	-0.787144	-0.350157	0.507734	0.376304	-0.924894	-0.054463	0.488671	0.148192	0.859791
07718	5.199807	-0.602249	8.789071	0.001451	0.014766	0.003873	-0.787194	-0.350195	0.507631	0.376325	-0.924885	-0.054468	0.488575	0.148157	0.859851
07719	5.152510	-0.600650	8.760260	0.005590	0.019781	0.001455	-0.787260	-0.350142	0.507565	0.376248	-0.924916	-0.054471	0.488528	0.148088	0.859890
07720	5.138839	-0.623355	8.738576	0.004572	0.017332	0.000781	-0.787333	-0.350155	0.507442	0.376260	-0.924914	-0.054433	0.488400	0.148073	0.859965
07721	5.099052	-0.628827	8.818320	0.004341	0.012370	0.000462	-0.787427	-0.350090	0.507342	0.376200	-0.924942	-0.054368	0.488295	0.148051	0.860028
07722	5.181635	-0.575267	8.773045	0.006163	0.011112	0.000215	-0.787472	-0.350089	0.507272	0.376215	-0.924939	-0.054314	0.488211	0.148072	0.860073
07723	5.226125	-0.576488	8.803559	0.000669	0.017282	0.003519	-0.787560	-0.350058	0.507158	0.376149	-0.924965	-0.054325	0.488121	0.147983	0.860139
07724	5.112771	-0.623454	8.753881	0.002507	0.014827	0.001992	-0.787616	-0.350078	0.507056	0.376160	-0.924962	-0.054311	0.488021	0.147958	0.860200
07725	5.252502	-0.524196	8.762904	0.001737	0.016144	0.000355	-0.787642	-0.350140	0.506973	0.376174	-0.924951	-0.054386	0.487968	0.147874	0.860244
07726	5.121825	-0.624474	8.776844	0.004754	0.027088	0.006228	-0.787743	-0.350218	0.506763	0.376230	-0.924930	-0.054374	0.487763	0.147826	0.860369
07727	5.119851	-0.624443	8.777998	-0.000080	0.017405	0.000604	-0.787902	-0.350142	0.506568	0.376146	-0.924968	-0.054297	0.487571	0.147763	0.860488
07728	5.084976	-0.624324	8.770095	0.000692	0.016090	0.002242	-0.787964	-0.350167	0.506455	0.376149	-0.924967	-0.054300	0.487468	0.147716	0.860555
07729	5.083150	-0.575613	8.774078	0.002262	0.011064	0.002956	-0.788058	-0.350162	0.506312	0.376145	-0.924971	-0.054246	0.487319	0.147697	0.860643
07730	5.070791	-0.622994	8.750142	0.002811	0.003587	0.002993	-0.788056	-0.350174	0.506305	0.376165	-0.924964	-0.054235	0.487306	0.147714	0.860647
07731	5.103401	-0.574295	8.762299	0.003611	-0.000124	0.002069	-0.788047	-0.350213	0.506293	0.376208	-0.924946	-0.054234	0.487287	0.147732	0.860655
07732	5.091605	-0.597277	8.739501	0.002324	-0.005145	0.003632	-0.788001	-0.350219	0.506361	0.376231	-0.924937	-0.054230	0.487345	0.147775	0.860615
07733	5.018009	-0.672395	8.749768	-0.000959	-0.018660	-0.000000	-0.787944	-0.350193	0.506467	0.376234	-0.924937	-0.054210	0.487434	0.147836	0.860554
07734	5.152585	-0.599947	8.788624	0.002434	-0.024944	0.000468	-0.787813	-0.350140	0.506707	0.376232	-0.924939	-0.054189	0.487647	0.147949	0.860414
07735	5.129800	-0.573216	8.746907	-0.002522	-0.025050	0.005089	-0.787667	-0.350137	0.506937	0.376231	-0.924935	-0.054265	0.487884	0.147983	0.860274
07736	5.156693	-0.575945	8.787651	0.001403	-0.026194	0.001075	-0.787528	-0.350087	0.507187	0.376229	-0.924937	-0.054256	0.488110	0.148090	0.860127
07737	5.179884	-0.574994	8.774097	-0.002251	-0.022477	0.002851	-0.787372	-0.350080	0.507434	0.376214	-0.924937	-0.054355	0.488373	0.148106	0.859975
07738	5.115299	-0.575056	8.755308	-0.003517	-0.028692	0.003139	-0.787212	-0.350047	0.507705	0.376204	-0.924938	-0.054399	0.488638	0.148177	0.859812
07739	5.121492	-0.579096	8.808141	-0.000935	-0.030067	0.005812	-0.787072	-0.350003	0.507952	0.376191	-0.924942	-0.054421	0.488874	0.148254	0.859665
07740	5.153719	-0.551767	8.762491	-0.002984	-0.033767	0.005745	-0.786878	-0.349986	0.508264	0.376204	-0.924934	-0.054473	0.489176	0.148347	0.859477
07741	5.057102	-0.600675	8.731301	-0.006854	-0.036207	0.005926	-0.786716	-0.349889	0.508583	0.376118	-0.924965	-0.054537	0.489503	0.148382	0.859284
07742	5.130849	-0.581336	8.802547	-0.008372	-0.044984	0.008463	-0.786456	-0.349880	0.508990	0.376126	-0.924955	-0.054649	0.489914	0.148465	0.859036
07743	5.198674	-0.627912	8.759753	-0.006785	-0.050000	0.009185	-0.786205	-0.349853	0.509396	0.376126	-0.924950	-0.054742	0.490318	0.148559	0.858789
07744	5.193798	-0.606976	8.792265	-0.007318	-0.043720	0.007870	-0.785953	-0.349841	0.509793	0.376134	-0.924941	-0.054842	0.490714	0.148647	0.858547
07745	5.239538	-0.605885	8.765295	-0.008098	-0.041203	0.007518	-0.785753	-0.349683	0.510210	0.375979	-0.924998	-0.054937	0.491154	0.148662	0.858293
07746	5.209679	-0.631181	8.752977	-0.007876	-0.035045	0.009117	-0.785539	-0.349694	0.510532	0.375994	-0.924986	-0.055048	0.491485	0.148714	0.858095
07747	5.246019	-0.632423	8.759781	-0.005806	-0.032538	0.007906	-0.785287	-0.349826	0.510829	0.376101	-0.924931	-0.055240	0.491805	0.148744	0.857906
07748	5.193925	-0.609833	8.763574	-0.005560	-0.028773	0.006944	-0.785112	-0.349827	0.511097	0.376110	-0.924922	-0.055321	0.492078	0.148796	0.857741
07749	5.238268	-0.632872	8.735878	-0.005102	-0.018857	0.007574	-0.784983	-0.349831	0.511293	0.376089	-0.924924	-0.055435	0.492300	0.148776	0.857616
07750	5.218751	-0.610179	8.748823	0.000366	-0.022631	0.006824	-0.784838	-0.349839	0.511509	0.376126	-0.924907	-0.055465	0.492502	0.148861	0.857486
07751	5.220748	-0.634867	8.746113	-0.001978	-0.017491	0.003193	-0.784689	-0.349776	0.511782	0.376040	-0.924935	-0.055581	0.492806	0.148837	0.857316
07752	5.201031	-0.612190	8.759194	-0.007669	-0.018671	0.003632	-0.784575	-0.349761	0.511966	0.376013	-0.924941	-0.055663	0.493007	0.148833	0.857201
07753	5.177810	-0.610329	8.716224	-0.004036	-0.019992	0.004412	-0.784457	-0.349763	0.512146	0.376005	-0.924939	-0.055744	0.493201	0.148841	0.857088
07754	5.192352	-0.636585	8.734397	-0.005051	-0.022436	0.003742	-0.784324	-0.349743	0.512362	0.375992	-0.924941	-0.055805	0.493422	0.148875	0.856955
07755	5.218660	-0.590992	8.778452	-0.001431	-0.022562	0.005801	-0.784176	-0.349779	0.512564	0.376028	-0.924921	-0.055889	0.493631	0.148912	0.856828
07756	5.250031	-0.587954	8.731544	-0.002986	-0.019932	0.002527	-0.784060	-0.349753	0.512760	0.376015	-0.924924	-0.055926	0.493824	0.148956	0.856709
07757	5.231130	-0.638195	8.739665	-0.003790	-0.016227	0.003450	-0.783924	-0.349687	0.513012	0.375918	-0.924956	-0.056050	0.494114	0.148911	0.856550
07758	5.211222	-0.615220	8.752923	0.000093	-0.014983	0.001980	-0.783835	-0.349663	0.513165	0.375916	-0.924957	-0.056058	0.494257	0.148967	0.856457
07759	5.241655	-0.587578	8.708071	0.000068	-0.012593	0.004540	-0.783674	-0.349795	0.513321	0.376017	-0.924906	-0.056208	0.494435	0.148969	0.856354
07760	5.234106	-0.590070	8.740855	-0.000448	-0.009909	-0.000624	-0.783619	-0.349755	0.513432	0.375993	-0.924916	-0.056207	0.494541	0.149001	0.856287
07761	5.222600	-0.613038	8.717827	0.004175	-0.006396	0.003381	-0.783553	-0.349756	0.513532	0.376000	-0.924912	-0.056235	0.494640	0.149025	0.856226
07762	5.247876	-0.591254	8.761033	-0.000473	-0.007519	0.001936	-0.783500	-0.349743	0.513621	0.375995	-0.924913	-0.056247	0.494727	0.149049	0.856171
07763	5.236094	-0.614254	8.738168	0.004412	-0.002636	0.002413	-0.783523	-0.349720	0.513602	0.375997	-0.924916	-0.056191	0.494690	0.149086	0.856186
07764	5.232712	-0.634712	8.682004	0.003396	-0.005081	0.001744	-0.783483	-0.349709	0.513671	0.376009	-0.924912	-0.056169	0.494743	0.149137	0.856147
07765	5.203231	-0.613556	8.729331	0.003632	-0.001322	0.000776	-0.783470	-0.349745	0.513665	0.376052	-0.924894	-0.056168	0.494731	0.149159	0.856150
07766	5.245259	-0.610826	8.704471	0.011134	-0.000207	0.001360	-0.783456	-0.349738	0.513692	0.376100	-0.924880	-0.056079	0.494717	0.149265	0.856140
07767	5.190455	-0.586694	8.710153	0.003869	0.002437	-0.000192	-0.783455	-0.349680	0.513733	0.376039	-0.924905	-0.056081	0.494765	0.149246	0.856115
07768	5.128353	-0.638245	8.743967	0.004215	-0.009980	-0.000455	-0.783400	-0.349641	0.513845	0.376039	-0.924908	-0.056042	0.494853	0.149322	0.856051
07769	5.216979	-0.612995	8.749648	0.002157	-0.012480	0.000766	-0.783349	-0.349653	0.513913	0.376072	-0.924895	-0.056035	0.494908	0.149373	0.856011
07770	5.229975	-0.565511	8.773292	0.000334	-0.011221	0.001017	-0.783282	-0.349626	0.514034	0.376064	-0.924898	-0.056036	0.495021	0.149417	0.855938
07771	5.218983	-0.612999	8.748453	0.001103	-0.011339	0.003935	-0.783228	-0.349609	0.514128	0.376055	-0.924901	-0.056049	0.495112	0.149442	0.855880
07772	5.240823	-0.611919	8.735497	0.003162	-0.008839	0.002714	-0.783166	-0.349600	0.514228	0.376074	-0.924894	-0.056034	0.495196	0.149504	0.855821
07773	5.241425	-0.587698	8.736628	-0.001748	-0.011330	0.004798	-0.783075	-0.349676	0.514315	0.376136	-0.924864	-0.056114	0.495293	0.149511	0.855764
07774	5.263608	-0.635445	8.720446	0.003398	-0.005080	0.001745	-0.783036	-0.349665	0.514383	0.376148	-0.924860	-0.056093	0.495346	0.149562	0.855724
07775	5.209093	-0.587217	8.727475	0.006251	-0.005088	0.000883	-0.783014	-0.349665	0.514415	0.376175	-0.924851	-0.056059	0.495359	0.149615	0.855707
07776	5.342187	-0.442454	8.770873	-0.013911	-0.012372	0.004053	-0.782930	-0.349664	0.514544	0.376120	-0.924865	-0.056198	0.495534	0.149531	0.855620
07777	5.320002	-0.660035	8.713718	-0.003893	-0.000047	0.002752	-0.782871	-0.349690	0.514616	0.376096	-0.924868	-0.056318	0.495645	0.149455	0.855569
07778	5.562474	-0.298775	8.819178	-0.016677	0.011152	0.007075	-0.782892	-0.349752	0.514542	0.376051	-0.924875	-0.056496	0.495647	0.149263	0.855602
07779	5.317824	-0.833844	8.704213	-0.021726	0.065724	0.011190	-0.783128	-0.349920	0.514068	0.375971	-0.924888	-0.056810	0.495335	0.148785	0.855866
07780	5.284915	-0.648620	8.820739	-0.024733	0.056011	0.006635	-0.783372	-0.350045	0.513611	0.375882	-0.924909	-0.057055	0.495015	0.148362	0.856124
07781	5.242453	-0.744620	8.754627	-0.023579	0.080798	0.008215	-0.783735	-0.350182	0.512964	0.375755	-0.924944	-0.057327	0.494538	0.147820	0.856494
07782	5.201903	-0.722076	8.751665	-0.014444	0.074517	0.006974	-0.784069	-0.350337	0.512348	0.375721	-0.924948	-0.057486	0.494035	0.147427	0.856852
07783	5.306524	-0.603560	8.810823	-0.009758	0.082278	-0.002491	-0.784502	-0.350355	0.511672	0.375563	-0.925008	-0.057559	0.493467	0.147011	0.857251
07784	5.470452	-0.599589	8.771060	-0.010869	0.100825	0.001299	-0.784986	-0.350495	0.510833	0.375502	-0.925026	-0.057658	0.492743	0.146558	0.857744
07785	5.319014	-0.698972	8.769251	-0.002644	0.129456	-0.001629	-0.785692	-0.350556	0.509705	0.375368	-0.925083	-0.057623	0.491719	0.146053	0.858418
07786	5.186175	-0.698784	8.762476	0.010890	0.134360	-0.003648	-0.786357	-0.350698	0.508579	0.375374	-0.925087	-0.057510	0.490649	0.145684	0.859093
07787	5.175303	-0.794632	8.762912	0.017983	0.138213	-0.008146	-0.787050	-0.350798	0.507438	0.375353	-0.925106	-0.057355	0.489554	0.145327	0.859777
07788	5.040988	-0.646242	8.765833	0.027221	0.125967	-0.015748	-0.787717	-0.350815	0.506390	0.375344	-0.925129	-0.057040	0.488487	0.145139	0.860416
07789	5.246567	-1.011743	8.821383	0.019190	0.125743	-0.005429	-0.788395	-0.350654	0.505446	0.375091	-0.925245	-0.056822	0.487586	0.144790	0.860986
07790	4.807862	-0.735449	8.697718	0.038997	0.121956	-0.010358	-0.789020	-0.350714	0.504428	0.375181	-0.925232	-0.056433	0.486505	0.144724	0.861608
07791	5.144041	-0.686930	8.816549	0.032795	0.086807	-0.000286	-0.789463	-0.350876	0.503621	0.375372	-0.925172	-0.056150	0.485638	0.144717	0.862098
07792	5.197314	-0.510982	8.796561	0.024436	0.099024	0.010300	-0.789897	-0.351094	0.502788	0.375553	-0.925108	-0.055990	0.484791	0.144597	0.862595
07793	5.577347	-0.393516	8.951564	0.002507	0.119479	0.005863	-0.790524	-0.351230	0.501706	0.375526	-0.925122	-0.055946	0.483789	0.144177	0.863227
07794	4.896362	-0.434734	8.720731	-0.006833	0.145513	0.015140	-0.791163	-0.351559	0.500467	0.375594	-0.925086	-0.056080	0.482690	0.143604	0.863938
07795	5.277092	-0.397160	8.927395	-0.024439	0.138072	0.022130	-0.791766	-0.351888	0.499281	0.375566	-0.925077	-0.056408	0.481723	0.142851	0.864602
07796	5.159443	-0.490746	8.792056	-0.038424	0.147961	0.031854	-0.792351	-0.352373	0.498010	0.375615	-0.925028	-0.056899	0.480722	0.141976	0.865303
07797	5.114719	-0.475252	8.846867	-0.045805	0.167985	0.035800	-0.793059	-0.352881	0.496520	0.375617	-0.924993	-0.057452	0.479551	0.140938	0.866122
07798	4.910908	-0.574996	8.759605	-0.054333	0.154236	0.041565	-0.793635	-0.353461	0.495186	0.375667	-0.924930	-0.058128	0.478558	0.139892	0.866840
07799	4.952134	-0.605501	8.762374	-0.055542	0.149275	0.043176	-0.794195	-0.354030	0.493880	0.375698	-0.924873	-0.058832	0.477604	0.138825	0.867538
07800	4.796641	-0.588867	8.766778	-0.047419	0.140538	0.041346	-0.794703	-0.354586	0.492662	0.375781	-0.924800	-0.059447	0.476693	0.137890	0.868188
07801	4.807579	-0.715689	8.752222	-0.047693	0.116916	0.039043	-0.795121	-0.355170	0.491567	0.375923	-0.924703	-0.060058	0.475884	0.137038	0.868767
07802	4.872777	-0.646843	8.748050	-0.043851	0.104316	0.040820	-0.795456	-0.355669	0.490662	0.376020	-0.924625	-0.060639	0.475245	0.136263	0.869238
07803	4.688186	-0.628386	8.740260	-0.036518	0.093247	0.033438	-0.795764	-0.356106	0.489844	0.376099	-0.924559	-0.061152	0.474667	0.135567	0.869663
07804	4.736113	-0.656700	8.739481	-0.036406	0.058439	0.027165	-0.795933	-0.356416	0.489345	0.376123	-0.924520	-0.061602	0.474365	0.135023	0.869912
07805	4.667906	-0.687900	8.775272	-0.023283	0.038401	0.021594	-0.796057	-0.356647	0.488975	0.376158	-0.924485	-0.061908	0.474129	0.134649	0.870098
07806	4.576937	-0.544656	8.779488	-0.017520	0.004736	0.014925	-0.796017	-0.356770	0.488950	0.376174	-0.924463	-0.062133	0.474184	0.134472	0.870096
07807	4.985840	-0.861597	8.782405	-0.010731	-0.025267	0.010253	-0.795878	-0.356894	0.489086	0.376269	-0.924416	-0.062268	0.474342	0.134470	0.870010
07808	4.869526	-0.890434	8.817201	0.001016	-0.022749	0.004735	-0.795746	-0.356887	0.489306	0.376293	-0.924405	-0.062282	0.474545	0.134562	0.869885
07809	4.695773	-0.817253	8.807023	0.014690	-0.030410	0.002466	-0.795685	-0.356638	0.489586	0.376155	-0.924473	-0.062096	0.474755	0.134752	0.869741
07810	4.849050	-0.520372	8.797669	0.017889	-0.057855	-0.001714	-0.795411	-0.356523	0.490116	0.376207	-0.924463	-0.061931	0.475174	0.135124	0.869455
07811	4.857022	-0.258729	8.922902	0.018322	-0.060553	0.003447	-0.795147	-0.356358	0.490663	0.376197	-0.924478	-0.061780	0.475623	0.135462	0.869156
07812	4.829568	-0.496911	8.838240	0.008611	-0.081649	0.003200	-0.794740	-0.356255	0.491396	0.376244	-0.924463	-0.061720	0.476266	0.135833	0.868746
07813	5.357967	-0.672972	8.950792	-0.006589	-0.086885	0.016614	-0.794374	-0.356064	0.492125	0.376132	-0.924506	-0.061761	0.476964	0.136043	0.868331
07814	5.346458	-0.634541	9.071835	-0.004130	-0.028279	0.021535	-0.794152	-0.356203	0.492383	0.376263	-0.924443	-0.061902	0.477230	0.136106	0.868175
07815	4.890789	-0.648321	8.849955	-0.008330	-0.033297	0.023888	-0.793941	-0.356199	0.492727	0.376217	-0.924449	-0.062092	0.477618	0.136075	0.867966
07816	5.096333	-0.705502	8.954975	-0.011441	-0.041867	0.020490	-0.793657	-0.356310	0.493104	0.376304	-0.924400	-0.062291	0.478020	0.136119	0.867738
07817	4.952561	-0.724740	8.838088	-0.009635	-0.041932	0.021545	-0.793412	-0.356453	0.493395	0.376437	-0.924335	-0.062448	0.478322	0.136185	0.867561
07818	5.013992	-0.778463	8.884008	-0.004502	-0.050732	0.020464	-0.793086	-0.356551	0.493848	0.376558	-0.924277	-0.062587	0.478767	0.136325	0.867293
07819	4.961415	-0.800404	8.827903	0.004829	-0.053310	0.018320	-0.792794	-0.356533	0.494330	0.376599	-0.924256	-0.062636	0.479219	0.136507	0.867015
07820	4.866730	-0.799095	8.797222	0.008506	-0.064261	0.008801	-0.792447	-0.356504	0.494907	0.376689	-0.924222	-0.062605	0.479722	0.136815	0.866688
07821	5.249689	-0.898871	8.854760	0.007281	-0.101650	0.006678	-0.791917	-0.356398	0.495830	0.376719	-0.924208	-0.062632	0.480572	0.137189	0.866158
07822	4.775234	-0.611839	8.918324	0.020932	-0.033100	0.005970	-0.791730	-0.356385	0.496138	0.376847	-0.924166	-0.062479	0.480781	0.137501	0.865992
07823	5.053627	-0.785784	8.636042	-0.008491	-0.119932	0.003054	-0.791200	-0.356146	0.497154	0.376729	-0.924211	-0.062529	0.481745	0.137819	0.865406
07824	5.007777	-0.776886	8.831441	-0.009559	-0.096008	-0.000419	-0.790733	-0.355988	0.498010	0.376658	-0.924234	-0.062608	0.482566	0.138073	0.864908
07825	4.872467	-0.895891	8.759709	-0.008229	-0.113211	-0.007784	-0.790274	-0.355665	0.498968	0.376469	-0.924312	-0.062592	0.483464	0.138381	0.864357
07826	4.765620	-0.899293	8.792631	-0.002018	-0.141763	-0.013986	-0.789635	-0.355316	0.500227	0.376327	-0.924374	-0.062538	0.484617	0.138866	0.863633
07827	5.155571	-0.613836	8.927144	-0.012381	-0.150622	-0.004102	-0.788983	-0.354902	0.501547	0.376060	-0.924479	-0.062595	0.485885	0.139225	0.862863
07828	4.939592	-0.723392	8.705296	-0.017283	-0.164481	0.003769	-0.788163	-0.354685	0.502989	0.375984	-0.924498	-0.062762	0.487273	0.139649	0.862011
07829	5.136853	-0.660481	8.821680	-0.037824	-0.189955	-0.002826	-0.787281	-0.354212	0.504700	0.375569	-0.924645	-0.063091	0.489016	0.139879	0.860986
07830	5.207023	-0.493268	8.820799	-0.042901	-0.186523	0.010583	-0.786322	-0.354026	0.506324	0.375421	-0.924676	-0.063512	0.490670	0.140144	0.860001
07831	5.046880	-0.474489	8.802280	-0.062171	-0.171568	0.022486	-0.785426	-0.353976	0.507747	0.375278	-0.924691	-0.064136	0.492212	0.140172	0.859115
07832	4.886008	-0.844163	8.700356	-0.100994	-0.213273	0.028481	-0.784262	-0.353917	0.509585	0.374982	-0.924740	-0.065146	0.494290	0.139993	0.857951
07833	5.075789	-0.715250	8.796912	-0.104565	-0.243148	0.035244	-0.782957	-0.353866	0.511623	0.374702	-0.924778	-0.066206	0.496565	0.139870	0.856656
07834	5.318454	-0.534963	8.837318	-0.126911	-0.256566	0.045590	-0.781503	-0.353906	0.513813	0.374405	-0.924803	-0.067524	0.499073	0.139605	0.855241
07835	5.248820	-0.593477	8.760492	-0.136601	-0.250052	0.049033	-0.780105	-0.353894	0.515942	0.373971	-0.924874	-0.068943	0.501580	0.139165	0.853845
07836	5.292265	-0.679956	8.727804	-0.133549	-0.267394	0.052568	-0.778558	-0.353984	0.518211	0.373687	-0.924883	-0.070352	0.504188	0.138876	0.852354
07837	5.381144	-0.816918	8.720338	-0.124279	-0.238825	0.052774	-0.777210	-0.353944	0.520258	0.373248	-0.924958	-0.071678	0.506587	0.138477	0.850996
07838	5.159651	-1.119757	8.657950	-0.113612	-0.256602	0.032040	-0.775782	-0.353861	0.522442	0.372898	-0.925011	-0.072809	0.509028	0.138334	0.849561
07839	5.517356	-0.868940	8.746862	-0.083075	-0.266968	0.031467	-0.774309	-0.353681	0.524743	0.372584	-0.925066	-0.073719	0.511494	0.138430	0.848063
07840	5.325134	-1.016888	8.650919	-0.062446	-0.240795	0.020609	-0.772992	-0.353514	0.526793	0.372401	-0.925089	-0.074354	0.513615	0.138703	0.846735
07841	5.443602	-0.860982	8.763350	-0.033153	-0.244622	0.010866	-0.771731	-0.353167	0.528870	0.372191	-0.925146	-0.074688	0.515659	0.139202	0.845410
07842	5.513407	-0.932427	8.685082	-0.034446	-0.223160	0.004862	-0.770554	-0.352877	0.530777	0.372028	-0.925186	-0.075002	0.517534	0.139671	0.844187
07843	5.458089	-0.936166	8.690108	-0.015897	-0.233140	-0.000055	-0.769400	-0.352418	0.532752	0.371800	-0.925269	-0.075115	0.519411	0.140283	0.842931
07844	5.596481	-0.677719	8.798695	-0.006617	-0.204414	-0.009752	-0.768367	-0.352015	0.534506	0.371668	-0.925322	-0.075116	0.521032	0.140942	0.841820
07845	5.320314	-0.669865	8.683863	-0.029921	-0.227476	-0.002632	-0.767224	-0.351568	0.536439	0.371370	-0.925422	-0.075357	0.522925	0.141402	0.840568
07846	5.410630	-0.685922	8.828497	-0.040378	-0.227809	-0.014584	-0.766079	-0.351086	0.538388	0.371024	-0.925540	-0.075615	0.524847	0.141828	0.839298
07847	5.742908	-0.860163	8.515430	-0.054930	-0.251881	-0.016209	-0.764889	-0.350337	0.540564	0.370335	-0.925786	-0.075979	0.527064	0.142075	0.837865
07848	5.011598	-0.440941	8.990147	-0.098255	-0.264900	-0.028226	-0.763588	-0.349674	0.542827	0.369577	-0.926034	-0.076645	0.529477	0.142091	0.836340
07849	5.128127	-0.686371	8.866897	-0.167934	-0.338941	-0.063380	-0.762006	-0.348536	0.545774	0.368089	-0.926533	-0.077768	0.532783	0.141634	0.834316
07850	5.477708	-1.108277	8.487358	-0.218310	-0.417432	-0.112716	-0.760181	-0.346876	0.549365	0.366040	-0.927243	-0.078966	0.536786	0.141061	0.831843
07851	5.351660	-1.671021	8.928711	-0.057026	-0.370855	-0.105419	-0.758620	-0.345274	0.552522	0.364820	-0.927734	-0.078843	0.539816	0.141759	0.829761
07852	4.317093	-0.327924	9.298583	0.091343	-0.578564	-0.083832	-0.755785	-0.343643	0.557404	0.364657	-0.927901	-0.077618	0.543889	0.144598	0.826605
07853	6.257648	-1.811472	8.168169	0.008677	-0.675122	-0.103074	-0.752564	-0.341413	0.563103	0.363590	-0.928375	-0.076957	0.549045	0.146823	0.822796
07854	5.991842	-0.789426	8.673699	0.235673	-0.513885	-0.110762	-0.750131	-0.339594	0.567433	0.364031	-0.928411	-0.074392	0.552074	0.150760	0.820053
07855	5.317014	-0.682692	8.849968	0.263860	-0.560441	-0.100326	-0.747495	-0.337437	0.572178	0.364297	-0.928521	-0.071669	0.555463	0.154871	0.816992
07856	5.374128	-0.595248	9.001098	0.285299	-0.645847	-0.082948	-0.744191	-0.335625	0.577526	0.365245	-0.928361	-0.068862	0.559264	0.159692	0.813463
07857	5.779845	-0.609671	8.898928	0.248519	-0.719469	-0.075904	-0.740508	-0.333518	0.583449	0.365792	-0.928325	-0.066400	0.563776	0.164251	0.809431
07858	5.673190	-0.430980	9.384812	0.218159	-0.765126	-0.065421	-0.736409	-0.331610	0.589693	0.366519	-0.928189	-0.064251	0.568653	0.168819	0.805068
07859	4.933845	-0.438751	9.328185	0.093794	-0.957456	-0.061358	-0.731192	-0.329173	0.597497	0.366288	-0.928353	-0.063201	0.575492	0.172644	0.799376
07860	4.597610	-0.483487	9.292766	-0.011102	-1.255069	-0.055697	-0.724108	-0.326437	0.607542	0.365793	-0.928565	-0.062948	0.584691	0.176653	0.791789
07861	4.806166	-0.424202	9.048526	-0.114780	-1.605566	-0.041149	-0.714876	-0.322837	0.620266	0.364375	-0.929077	-0.063614	0.596811	0.180533	0.781808
07862	5.097509	-0.474551	8.852531	-0.148429	-1.892203	-0.028902	-0.703547	-0.319079	0.634988	0.363249	-0.929452	-0.064578	0.610796	0.185225	0.769818
07863	4.877346	-0.716101	8.551259	-0.165645	-2.193129	-0.019968	-0.690184	-0.314313	0.651808	0.361488	-0.930058	-0.065720	0.626876	0.190262	0.755531
07864	4.318943	-0.803814	8.181378	-0.138388	-2.607529	-0.015143	-0.673644	-0.309093	0.671316	0.360479	-0.930384	-0.066646	0.645181	0.197099	0.738169
07865	4.384884	-0.752255	7.913129	-0.119335	-3.123018	-0.011283	-0.653303	-0.302104	0.694210	0.358754	-0.930986	-0.067529	0.666701	0.204934	0.716597
07866	3.965245	-0.513673	7.532369	-0.055578	-3.710464	-0.031220	-0.628219	-0.293982	0.720358	0.358151	-0.931207	-0.067690	0.690702	0.215472	0.690292
07867	3.797515	-0.319804	7.710546	-0.076145	-4.393335	-0.092031	-0.597662	-0.282749	0.750236	0.356003	-0.932032	-0.067662	0.718375	0.226647	0.657699
07868	3.819421	-0.925501	7.446360	-0.170872	-5.064797	-0.185964	-0.561158	-0.269188	0.782713	0.353646	-0.932954	-0.067316	0.748356	0.239029	0.618732
07869	4.406357	-1.584127	7.110378	-0.211550	-5.665872	-0.296821	-0.518938	-0.251839	0.816873	0.349204	-0.934697	-0.066323	0.780231	0.250838	0.572993
07870	9.251054	-2.326046	8.570368	-0.296282	-5.788486	-0.371890	-0.474176	-0.233475	0.848909	0.344975	-0.936370	-0.064837	0.810031	0.262109	0.524547
07871	10.215924	-2.560368	8.566093	-0.211042	-5.352890	-0.444907	-0.431604	-0.214291	0.876240	0.339694	-0.938478	-0.062191	0.835659	0.270812	0.477844
07872	8.373221	-1.945751	7.788575	-0.255353	-5.642135	-0.769195	-0.386343	-0.191488	0.902259	0.334358	-0.940752	-0.056487	0.859619	0.279854	0.427478
07873	12.189577	-2.477543	8.616768	-0.398813	-5.933243	-1.006961	-0.337909	-0.164842	0.926631	0.326223	-0.944023	-0.048974	0.882834	0.285739	0.372769
07874	13.602263	-2.543395	8.380528	-0.326079	-5.894788	-1.270050	-0.289357	-0.135776	0.947543	0.319303	-0.946883	-0.038174	0.902396	0.291508	0.317341
07875	14.023285	-1.589740	8.546019	-0.098252	-5.768476	-1.380591	-0.241205	-0.105642	0.964707	0.314323	-0.948978	-0.025330	0.918162	0.297120	0.262104
07876	12.650889	-1.108524	8.766015	-0.328876	-5.893308	-1.486503	-0.191279	-0.073899	0.978750	0.308042	-0.951302	-0.011625	0.931945	0.299273	0.204728
07877	13.308189	-0.365525	8.814984	-0.388615	-5.912674	-1.503965	-0.140462	-0.041940	0.989197	0.301704	-0.953399	0.002419	0.942998	0.298784	0.146569
07878	14.039162	1.274476	9.352147	-0.511879	-5.863664	-1.420006	-0.089127	-0.010921	0.995960	0.295204	-0.955301	0.015943	0.951268	0.295432	0.088367
07879	14.055975	-0.669477	9.992288	-0.788306	-5.804916	-1.371428	-0.037759	0.019037	0.999106	0.286601	-0.957609	0.029077	0.957306	0.287442	0.030702
07880	16.605523	-3.161079	12.031374	-0.650406	-5.444543	-1.458657	0.010333	0.048488	0.998770	0.280147	-0.958964	0.043658	0.959902	0.279351	-0.023493
07881	17.468674	-1.535172	14.619033	-0.408472	-4.367462	-1.712981	0.047435	0.076831	0.995915	0.276465	-0.959097	0.060823	0.959853	0.272450	-0.066736
07882	11.359282	-0.420656	15.766564	-0.669342	-1.798960	-1.549987	0.060490	0.096567	0.993487	0.270858	-0.959553	0.076777	0.960717	0.264449	-0.084199
07883	-20.590303	3.010572	4.157234	-1.350414	0.094793	-1.207591	0.056305	0.107735	0.992584	0.258246	-0.961901	0.089755	0.964437	0.251278	-0.081982
07884	2.315785	-4.713438	1.451839	-2.479716	-5.939940	-1.662585	0.109563	0.137803	0.984381	0.235671	-0.965705	0.108958	0.965637	0.220053	-0.138282
07885	30.282334	-2.311974	19.945088	0.117382	-1.004470	-2.254070	0.113842	0.161534	0.980279	0.238996	-0.962171	0.130795	0.964324	0.219393	-0.148142
07886	23.742037	0.368178	18.251934	-2.408164	0.821815	-1.212471	0.103148	0.171540	0.979762	0.216996	-0.965171	0.146140	0.970708	0.197530	-0.136779
07887	14.797899	-5.450637	16.768938	-2.005928	3.038170	-0.889685	0.071613	0.174093	0.982122	0.197804	-0.967572	0.157090	0.977622	0.183018	-0.103727
07888	3.899095	-8.089267	9.064408	-0.971356	3.613439	-0.662636	0.034957	0.173984	0.984128	0.188624	-0.968180	0.164464	0.981427	0.179881	-0.066662
07889	1.212455	-6.470119	6.712671	-0.011125	4.204552	-0.774647	-0.007889	0.173474	0.984807	0.188088	-0.967002	0.171845	0.982121	0.186586	-0.025000
07890	2.117387	-5.182178	7.088442	0.643255	4.294243	-0.983575	-0.051874	0.174700	0.983254	0.194083	-0.964044	0.181526	0.979613	0.200250	0.016102
07891	5.143979	-3.076050	7.337980	1.213913	4.529375	-1.136426	-0.098492	0.175840	0.979479	0.204488	-0.959684	0.192849	0.973901	0.219286	0.058564
07892	4.274038	-0.479353	8.114248	1.196908	4.828109	-1.058729	-0.147518	0.174944	0.973464	0.214769	-0.955082	0.204186	0.965460	0.239191	0.103319
07893	5.198520	0.439281	8.246286	0.938422	5.006997	-0.908555	-0.197700	0.170957	0.965240	0.221572	-0.951398	0.213888	0.954893	0.256156	0.150212
07894	4.763113	1.617769	8.119442	0.548888	5.334146	-0.792877	-0.250047	0.164484	0.954160	0.224974	-0.948623	0.222487	0.941734	0.270294	0.200196
07895	4.157068	3.103295	8.187246	-0.102915	5.435647	-0.645086	-0.302419	0.155539	0.940399	0.221567	-0.948100	0.228065	0.927066	0.277332	0.252262
07896	4.479845	3.028342	8.018885	-0.803934	5.475959	-0.447529	-0.353707	0.144618	0.924109	0.212676	-0.949663	0.230020	0.910857	0.277896	0.305146
07897	5.080463	2.583448	7.784039	-1.335656	5.440583	-0.277270	-0.403511	0.132194	0.905375	0.198906	-0.953170	0.227821	0.893093	0.272013	0.358320
07898	5.847292	1.608455	7.410496	-1.659061	5.408971	-0.148252	-0.451557	0.119177	0.884247	0.183581	-0.957425	0.222789	0.873152	0.262933	0.410453
07899	5.614206	0.622403	6.999889	-1.697758	5.374725	-0.084454	-0.498202	0.106123	0.860542	0.167862	-0.961900	0.215805	0.850657	0.251967	0.461406
07900	5.706581	0.238227	7.152009	-1.567220	5.217213	-0.044238	-0.542006	0.093698	0.835135	0.154451	-0.965730	0.208589	0.826060	0.242044	0.508960
07901	5.966060	0.763977	7.818527	-1.352661	5.046621	-0.002877	-0.583208	0.081796	0.808194	0.142739	-0.969118	0.201086	0.799684	0.232635	0.553522
07902	7.115602	1.395901	8.448296	-1.261331	4.844555	0.038779	-0.621223	0.070393	0.780466	0.133015	-0.972032	0.193547	0.772262	0.224050	0.594485
07903	8.228830	0.677914	9.159721	-1.243781	4.785712	0.020265	-0.657636	0.059828	0.750956	0.123010	-0.974934	0.185396	0.743225	0.214298	0.633793
07904	9.779394	2.884424	10.385670	-1.158934	4.744360	-0.107948	-0.692290	0.050958	0.719817	0.113800	-0.977312	0.178635	0.712589	0.205583	0.670785
07905	9.079217	2.404672	10.595547	-1.403315	4.762386	-0.079042	-0.725714	0.042426	0.686687	0.102752	-0.980219	0.169153	0.680280	0.193315	0.707000
07906	9.888899	1.567883	10.028769	-1.537765	4.640595	-0.073173	-0.756584	0.034520	0.652984	0.091954	-0.983066	0.158513	0.647398	0.179973	0.740598
07907	9.414471	0.484619	9.434059	-1.708760	4.458591	0.004517	-0.784871	0.027071	0.619068	0.080497	-0.986125	0.145178	0.614409	0.163779	0.771802
07908	10.221352	-0.057453	9.412077	-1.652926	4.177672	0.115019	-0.809774	0.019452	0.586419	0.071476	-0.988737	0.131496	0.582372	0.148397	0.799263
07909	10.542116	-0.340081	9.664799	-1.758053	3.875365	0.422656	-0.831609	0.010178	0.555268	0.064263	-0.991352	0.114415	0.551631	0.130832	0.823764
07910	11.258608	-0.341839	9.840408	-1.748475	3.563061	0.767967	-0.850259	-0.001762	0.526361	0.061281	-0.993526	0.095665	0.522784	0.113596	0.844862
07911	11.048045	-0.061955	9.784122	-1.807867	3.246676	1.115389	-0.866257	-0.015860	0.499347	0.060933	-0.995388	0.074089	0.495869	0.094607	0.863228
07912	11.868105	0.053616	9.736619	-1.846253	2.921961	1.415570	-0.879496	-0.032409	0.474802	0.064312	-0.996621	0.051102	0.471541	0.075479	0.878608
07913	12.629807	0.020580	9.781939	-1.828488	2.663215	1.667399	-0.890780	-0.050364	0.451636	0.069955	-0.997191	0.026774	0.449019	0.055444	0.891801
07914	13.875348	-0.213962	10.180970	-1.695748	2.492557	1.829581	-0.900342	-0.069722	0.429563	0.078858	-0.996880	0.003479	0.427980	0.037007	0.903030
07915	15.575535	1.043881	11.149859	-1.557666	2.440609	1.974417	-0.909020	-0.089640	0.406998	0.089539	-0.995796	-0.019337	0.407020	0.018865	0.913224
07916	16.615498	3.670369	11.337473	-1.560654	2.558648	2.106807	-0.917126	-0.110815	0.382883	0.102548	-0.993841	-0.042004	0.385179	0.000741	0.922841
07917	16.025320	5.863295	10.060001	-1.714985	2.754031	2.157736	-0.925210	-0.131524	0.355932	0.115399	-0.991106	-0.066265	0.361482	-0.020234	0.932159
07918	13.979545	5.486096	7.881231	-1.843278	2.807412	1.979931	-0.932619	-0.150200	0.328119	0.127302	-0.987743	-0.090318	0.337663	-0.042462	0.940309
07919	13.397673	4.073171	6.314762	-1.651299	2.701683	1.631402	-0.939416	-0.164446	0.300757	0.136657	-0.984339	-0.111361	0.314360	-0.063514	0.947177
07920	13.650532	3.084013	5.325493	-1.262395	2.561069	1.247317	-0.945426	-0.174829	0.274962	0.144539	-0.981319	-0.126971	0.292023	-0.080299	0.953034
07921	13.587755	2.922504	4.289461	-0.887097	2.433985	0.949508	-0.950992	-0.181633	0.250248	0.150586	-0.978885	-0.138231	0.270071	-0.093773	0.958263
07922	12.975802	3.083502	3.331145	-0.649195	2.245521	0.783376	-0.955626	-0.187034	0.227591	0.156321	-0.976801	-0.146365	0.249686	-0.104293	0.962694
07923	12.554417	3.428346	2.384111	-0.597851	1.967059	0.756132	-0.959264	-0.191912	0.207321	0.161719	-0.974742	-0.154029	0.231645	-0.114227	0.966071
