// General information: 
//  MT Manager version: 2022.2.0 
//  XDA version: 2022.2.0 build 7381 rev 124627 built on 2023-07-19
// Device information: 
//  DeviceId: 00B4CBA7
//  ProductCode: MTW2-3A7G6
//  Firmware Version: 4.6.0
//  Hardware Version: 2.0.0
// Device settings: 
//  Filter Profile: human(46.1)
//  Option Flags: Orientation Smoother Disabled, Position/Velocity Smoother Disabled, Continuous Zero Rotation Update Disabled, AHS Disabled, ICC Disabled
// Coordinate system: ENU
PacketCounter	Acc_X	Acc_Y	Acc_Z	Gyr_X	Gyr_Y	Gyr_Z	Mat[1][1]	Mat[2][1]	Mat[3][1]	Mat[1][2]	Mat[2][2]	Mat[3][2]	Mat[1][3]	Mat[2][3]	Mat[3][3]
65107	9.592600	-0.546706	-1.629718	0.034967	0.009947	-0.016866	-0.179480	0.001400	0.983761	-0.365198	0.928447	-0.067949	-0.913464	-0.371463	-0.166127
65108	9.627509	-0.512430	-1.654807	0.013979	0.009531	-0.016230	-0.179384	0.001196	0.983778	-0.365426	0.928371	-0.067762	-0.913392	-0.371653	-0.166098
65109	9.625386	-0.515462	-1.594519	-0.000199	0.004309	-0.016724	-0.179258	0.001032	0.983802	-0.365461	0.928371	-0.067565	-0.913403	-0.371653	-0.166041
65110	9.625260	-0.549469	-1.616849	-0.006707	0.004054	-0.016624	-0.179193	0.000792	0.983814	-0.365491	0.928377	-0.067318	-0.913404	-0.371638	-0.166069
65111	9.558738	-0.573756	-1.600965	-0.000361	0.005729	-0.018490	-0.179047	0.000617	0.983840	-0.365528	0.928378	-0.067104	-0.913417	-0.371636	-0.165998
65112	9.615502	-0.607982	-1.571109	0.005401	0.001385	-0.017787	-0.178896	0.000358	0.983868	-0.365684	0.928336	-0.066830	-0.913384	-0.371741	-0.165945
65113	9.620529	-0.624746	-1.542219	0.006615	-0.000496	-0.017852	-0.178810	0.000165	0.983884	-0.365784	0.928311	-0.066633	-0.913361	-0.371804	-0.165931
65114	9.647488	-0.647818	-1.583078	0.018909	-0.002362	-0.012687	-0.178738	0.000069	0.983897	-0.365861	0.928289	-0.066529	-0.913345	-0.371860	-0.165895
65115	9.642652	-0.628312	-1.611862	0.027605	-0.000074	-0.018483	-0.178645	-0.000127	0.983914	-0.366153	0.928186	-0.066361	-0.913246	-0.372118	-0.165863
65116	9.650252	-0.605609	-1.619607	0.033497	0.002979	-0.010691	-0.178597	-0.000170	0.983922	-0.366257	0.928147	-0.066321	-0.913213	-0.372214	-0.165827
65117	9.628122	-0.571909	-1.697477	0.038545	0.003582	-0.010456	-0.178500	-0.000279	0.983940	-0.366635	0.928003	-0.066250	-0.913081	-0.372572	-0.165751
65118	9.653038	-0.564678	-1.655486	0.036835	0.002394	-0.009854	-0.178343	-0.000394	0.983968	-0.367013	0.927861	-0.066149	-0.912959	-0.372927	-0.165622
65119	9.660373	-0.578277	-1.685859	0.035125	0.001207	-0.009252	-0.178272	-0.000500	0.983981	-0.367357	0.927729	-0.066084	-0.912835	-0.373253	-0.165572
65120	9.692748	-0.549060	-1.652120	0.026579	0.002599	-0.012086	-0.178168	-0.000698	0.984000	-0.367639	0.927630	-0.065908	-0.912742	-0.373499	-0.165531
65121	9.601591	-0.545832	-1.655137	0.016669	0.002194	-0.006226	-0.178099	-0.000773	0.984012	-0.367809	0.927567	-0.065842	-0.912687	-0.373655	-0.165483
65122	9.591655	-0.607078	-1.609763	0.013560	0.002081	-0.011888	-0.178040	-0.000955	0.984023	-0.367942	0.927527	-0.065672	-0.912645	-0.373755	-0.165488
65123	9.611340	-0.617070	-1.619783	0.029912	-0.005302	-0.005407	-0.178043	-0.001050	0.984022	-0.368231	0.927415	-0.065635	-0.912528	-0.374034	-0.165506
65124	9.631264	-0.591518	-1.606963	0.036923	0.005339	-0.011886	-0.177971	-0.001150	0.984035	-0.368391	0.927357	-0.065543	-0.912477	-0.374175	-0.165466
65125	9.646515	-0.511938	-1.600097	0.035953	0.001433	-0.006248	-0.177909	-0.001228	0.984046	-0.368737	0.927222	-0.065508	-0.912349	-0.374509	-0.165414
65126	9.621994	-0.483162	-1.618568	0.033276	0.003660	-0.005854	-0.177839	-0.001274	0.984059	-0.368926	0.927150	-0.065472	-0.912287	-0.374688	-0.165353
65127	9.641924	-0.457765	-1.605623	0.022933	0.000914	-0.006051	-0.177782	-0.001352	0.984069	-0.369152	0.927064	-0.065418	-0.912206	-0.374901	-0.165315
65128	9.641775	-0.493330	-1.627940	0.017082	0.002305	-0.004725	-0.177655	-0.001488	0.984092	-0.369428	0.926963	-0.065290	-0.912119	-0.375150	-0.165229
65129	9.634393	-0.514845	-1.619371	0.012530	0.004764	-0.005501	-0.177565	-0.001546	0.984108	-0.369558	0.926916	-0.065224	-0.912084	-0.375267	-0.165160
65130	9.594754	-0.565196	-1.644135	0.010983	0.002163	-0.003130	-0.177512	-0.001648	0.984117	-0.369715	0.926859	-0.065135	-0.912031	-0.375405	-0.165138
65131	9.606834	-0.632972	-1.668173	0.021308	0.002676	-0.007487	-0.177434	-0.001733	0.984131	-0.369929	0.926779	-0.065064	-0.911959	-0.375603	-0.165083
65132	9.574999	-0.590172	-1.656225	0.034162	-0.002705	-0.003598	-0.177459	-0.001913	0.984126	-0.370357	0.926614	-0.064982	-0.911781	-0.376009	-0.165145
65133	9.607287	-0.561653	-1.622592	0.034761	0.005539	-0.001625	-0.177377	-0.001933	0.984141	-0.370683	0.926483	-0.064991	-0.911664	-0.376332	-0.165053
65134	9.597694	-0.489645	-1.657322	0.030106	0.002816	-0.004915	-0.177264	-0.002032	0.984161	-0.370950	0.926382	-0.064902	-0.911577	-0.376580	-0.164968
65135	9.627289	-0.536384	-1.609141	0.022525	0.000789	-0.007543	-0.177203	-0.002124	0.984172	-0.371176	0.926297	-0.064832	-0.911497	-0.376789	-0.164931
65136	9.627175	-0.571897	-1.631335	0.020258	0.003136	-0.005655	-0.176986	-0.002255	0.984211	-0.371500	0.926177	-0.064683	-0.911407	-0.377083	-0.164758
65137	9.646919	-0.582239	-1.640902	0.025059	0.002208	-0.005148	-0.176920	-0.002320	0.984222	-0.371745	0.926082	-0.064640	-0.911321	-0.377316	-0.164705
65138	9.622452	-0.553473	-1.659109	0.031346	0.010475	-0.006272	-0.176820	-0.002357	0.984240	-0.371893	0.926026	-0.064593	-0.911279	-0.377454	-0.164617
65139	9.607845	-0.561477	-1.619346	0.036802	0.003892	0.001320	-0.176763	-0.002356	0.984251	-0.372233	0.925886	-0.064634	-0.911152	-0.377795	-0.164540
65140	9.630173	-0.532459	-1.665545	0.030295	0.010938	-0.004442	-0.176613	-0.002377	0.984277	-0.372366	0.925837	-0.064580	-0.911127	-0.377917	-0.164400
65141	9.622722	-0.590083	-1.678760	0.026216	0.006918	-0.004462	-0.176507	-0.002417	0.984296	-0.372619	0.925737	-0.064546	-0.911044	-0.378160	-0.164300
65142	9.635243	-0.586699	-1.657163	0.033551	0.007413	-0.001557	-0.176462	-0.002423	0.984305	-0.372750	0.925684	-0.064547	-0.910999	-0.378289	-0.164251
65143	9.662534	-0.575974	-1.674223	0.040970	0.010851	-0.000696	-0.176334	-0.002414	0.984327	-0.373130	0.925529	-0.064574	-0.910868	-0.378669	-0.164103
65144	9.638295	-0.512088	-1.669498	0.039755	0.012729	-0.000639	-0.176318	-0.002421	0.984330	-0.373351	0.925438	-0.064601	-0.910781	-0.378891	-0.164075
65145	9.608961	-0.527860	-1.590463	0.032748	0.009408	0.000002	-0.176207	-0.002411	0.984350	-0.373655	0.925314	-0.064621	-0.910677	-0.379194	-0.163947
65146	9.564506	-0.560946	-1.643465	0.030380	0.006572	-0.000619	-0.176094	-0.002444	0.984370	-0.373910	0.925213	-0.064592	-0.910594	-0.379440	-0.163838
65147	9.596674	-0.568405	-1.631776	0.034377	0.007645	0.001448	-0.176004	-0.002427	0.984386	-0.374227	0.925082	-0.064629	-0.910482	-0.379759	-0.163727
65148	9.623987	-0.557700	-1.648754	0.037474	0.012829	-0.003303	-0.175901	-0.002471	0.984405	-0.374511	0.924969	-0.064599	-0.910385	-0.380034	-0.163629
65149	9.636737	-0.518749	-1.604107	0.036438	0.015542	0.003075	-0.175746	-0.002409	0.984433	-0.374843	0.924831	-0.064656	-0.910278	-0.380371	-0.163438
65150	9.644289	-0.533610	-1.633104	0.032032	0.014344	-0.000488	-0.175520	-0.002414	0.984473	-0.375177	0.924698	-0.064622	-0.910184	-0.380694	-0.163209
65151	9.651993	-0.512410	-1.639807	0.020074	0.015608	0.002412	-0.175361	-0.002358	0.984501	-0.375361	0.924622	-0.064645	-0.910139	-0.380880	-0.163028
65152	9.629984	-0.542096	-1.590998	0.007295	0.016631	0.002313	-0.175199	-0.002307	0.984530	-0.375334	0.924634	-0.064625	-0.910181	-0.380850	-0.162861
65153	9.590742	-0.557275	-1.591835	0.004615	0.018861	0.002693	-0.175012	-0.002236	0.984564	-0.375377	0.924617	-0.064626	-0.910200	-0.380893	-0.162658
65154	9.571171	-0.583077	-1.602617	0.007458	0.015221	0.004088	-0.174864	-0.002235	0.984590	-0.375476	0.924579	-0.064586	-0.910187	-0.380984	-0.162515
65155	9.608557	-0.536677	-1.516662	0.007210	0.013689	0.004363	-0.174730	-0.002169	0.984614	-0.375540	0.924552	-0.064607	-0.910186	-0.381051	-0.162361
65156	9.603890	-0.519129	-1.544215	0.010634	0.016051	0.003159	-0.174644	-0.002145	0.984629	-0.375549	0.924549	-0.064597	-0.910199	-0.381058	-0.162272
65157	9.631375	-0.472646	-1.538681	0.002731	0.011798	0.007394	-0.174539	-0.002058	0.984648	-0.375567	0.924538	-0.064640	-0.910212	-0.381084	-0.162140
65158	9.631411	-0.509200	-1.559772	-0.006872	0.013654	0.006359	-0.174421	-0.001995	0.984669	-0.375423	0.924598	-0.064628	-0.910294	-0.380940	-0.162018
65159	9.643794	-0.541819	-1.560157	-0.006475	0.011529	0.003309	-0.174302	-0.001947	0.984690	-0.375364	0.924622	-0.064616	-0.910341	-0.380880	-0.161895
65160	9.616763	-0.553207	-1.541048	-0.003795	0.009298	0.002931	-0.174239	-0.001993	0.984701	-0.375413	0.924607	-0.064556	-0.910333	-0.380918	-0.161850
65161	9.592258	-0.560928	-1.581379	0.001355	0.015087	0.005674	-0.174097	-0.001909	0.984727	-0.375421	0.924602	-0.064581	-0.910357	-0.380930	-0.161687
65162	9.612399	-0.500017	-1.545248	-0.007690	0.013410	0.003361	-0.173891	-0.001806	0.984763	-0.375178	0.924702	-0.064554	-0.910496	-0.380686	-0.161475
65163	9.572920	-0.551008	-1.569141	-0.011364	0.009517	0.004839	-0.173797	-0.001751	0.984780	-0.375071	0.924746	-0.064549	-0.910558	-0.380581	-0.161374
65164	9.590170	-0.565647	-1.518753	-0.011054	0.004452	0.003838	-0.173716	-0.001724	0.984794	-0.374899	0.924818	-0.064512	-0.910645	-0.380405	-0.161302
65165	9.622355	-0.537141	-1.485086	-0.013810	0.005987	0.010814	-0.173676	-0.001628	0.984802	-0.374760	0.924871	-0.064563	-0.910710	-0.380277	-0.161238
65166	9.602677	-0.527232	-1.474898	-0.016998	0.002912	0.007193	-0.173650	-0.001497	0.984806	-0.374280	0.925063	-0.064590	-0.910912	-0.379810	-0.161197
65167	9.617532	-0.520193	-1.513657	-0.024815	0.001599	0.009376	-0.173644	-0.001431	0.984807	-0.374043	0.925158	-0.064609	-0.911010	-0.379579	-0.161184
65168	9.573152	-0.517347	-1.545384	-0.034914	0.000394	0.008887	-0.173570	-0.001424	0.984820	-0.373735	0.925288	-0.064531	-0.911151	-0.379263	-0.161135
65169	9.666717	-0.552113	-1.624074	-0.041527	-0.005044	0.006468	-0.173614	-0.001410	0.984813	-0.373350	0.925446	-0.064494	-0.911300	-0.378877	-0.161197
65170	9.703331	-0.613064	-1.607100	-0.031178	-0.002311	0.006684	-0.173615	-0.001465	0.984813	-0.373117	0.925546	-0.064401	-0.911395	-0.378632	-0.161235
65171	9.678583	-0.620538	-1.649072	-0.015473	-0.004038	0.006138	-0.173649	-0.001450	0.984807	-0.372971	0.925605	-0.064402	-0.911449	-0.378488	-0.161271
65172	9.678715	-0.549432	-1.604980	-0.005552	-0.008720	0.010718	-0.173747	-0.001397	0.984789	-0.372778	0.925679	-0.064456	-0.911509	-0.378307	-0.161355
65173	9.651377	-0.561442	-1.587464	-0.004965	-0.002715	0.008126	-0.173776	-0.001358	0.984784	-0.372724	0.925698	-0.064494	-0.911525	-0.378260	-0.161370
65174	9.646622	-0.508255	-1.594284	-0.011874	-0.000846	0.011262	-0.173801	-0.001371	0.984780	-0.372684	0.925715	-0.064485	-0.911537	-0.378219	-0.161401
65175	9.641743	-0.490977	-1.623343	-0.021064	0.001133	0.011728	-0.173808	-0.001285	0.984779	-0.372476	0.925795	-0.064532	-0.911621	-0.378023	-0.161389
65176	9.634365	-0.477450	-1.592681	-0.035713	0.002391	0.010452	-0.173766	-0.001211	0.984786	-0.372083	0.925954	-0.064516	-0.911789	-0.377633	-0.161350
65177	9.634003	-0.549499	-1.637623	-0.046060	-0.000344	0.010239	-0.173782	-0.001144	0.984784	-0.371650	0.926129	-0.064508	-0.911963	-0.377206	-0.161369
65178	9.618726	-0.629303	-1.643912	-0.035391	-0.000439	0.013999	-0.173829	-0.001120	0.984775	-0.371407	0.926227	-0.064506	-0.912053	-0.376965	-0.161421
65179	9.650488	-0.672745	-1.655709	-0.022130	-0.000643	0.009006	-0.173842	-0.001066	0.984773	-0.371194	0.926311	-0.064524	-0.912137	-0.376759	-0.161427
65180	9.633508	-0.622868	-1.682803	-0.011033	0.006683	0.008405	-0.173784	-0.001023	0.984783	-0.371053	0.926368	-0.064517	-0.912206	-0.376618	-0.161368
65181	9.594233	-0.602436	-1.662308	-0.001095	0.009297	0.007121	-0.173700	-0.000949	0.984798	-0.371035	0.926373	-0.064551	-0.912229	-0.376607	-0.161263
65182	9.641407	-0.566741	-1.666893	0.007290	0.009315	0.008209	-0.173728	-0.000913	0.984793	-0.371071	0.926355	-0.064602	-0.912209	-0.376651	-0.161273
65183	9.626669	-0.575192	-1.626947	0.004454	0.012959	0.006821	-0.173610	-0.000828	0.984814	-0.371104	0.926338	-0.064642	-0.912218	-0.376692	-0.161129
65184	9.654053	-0.564816	-1.643721	0.003400	0.013427	0.008649	-0.173400	-0.000750	0.984851	-0.371113	0.926335	-0.064635	-0.912254	-0.376699	-0.160905
65185	9.626999	-0.576828	-1.624411	0.001278	0.012127	0.007749	-0.173292	-0.000660	0.984870	-0.371116	0.926331	-0.064679	-0.912273	-0.376709	-0.160771
65186	9.659177	-0.584719	-1.612154	0.001133	0.015776	0.010532	-0.173171	-0.000568	0.984892	-0.371050	0.926356	-0.064706	-0.912323	-0.376649	-0.160629
65187	9.659145	-0.621819	-1.633264	0.009176	0.011317	0.013938	-0.173094	-0.000423	0.984905	-0.371114	0.926322	-0.064824	-0.912312	-0.376733	-0.160498
65188	9.577616	-0.656622	-1.577691	0.012286	0.016504	0.009197	-0.172924	-0.000328	0.984935	-0.371222	0.926276	-0.064867	-0.912300	-0.376847	-0.160297
65189	9.612573	-0.624923	-1.602372	0.026275	0.013586	0.009253	-0.172809	-0.000218	0.984955	-0.371450	0.926177	-0.064966	-0.912229	-0.377089	-0.160133
65190	9.600768	-0.558156	-1.576881	0.034001	0.011951	0.009119	-0.172702	-0.000121	0.984974	-0.371705	0.926068	-0.065060	-0.912145	-0.377356	-0.159979
65191	9.652806	-0.541130	-1.551826	0.024905	0.016878	0.007537	-0.172551	-0.000014	0.985001	-0.371923	0.925975	-0.065140	-0.912085	-0.377585	-0.159783
65192	9.692546	-0.527498	-1.547522	0.019355	0.013218	0.007835	-0.172410	0.000047	0.985025	-0.372067	0.925916	-0.065167	-0.912053	-0.377731	-0.159619
65193	9.665459	-0.539517	-1.528183	0.008848	0.011906	0.005840	-0.172297	0.000119	0.985045	-0.372142	0.925883	-0.065204	-0.912044	-0.377811	-0.159482
65194	9.645784	-0.565641	-1.539264	0.004563	0.018139	0.009327	-0.172219	0.000143	0.985059	-0.372245	0.925841	-0.065214	-0.912017	-0.377914	-0.159394
65195	9.621420	-0.573650	-1.579071	-0.005285	0.018476	0.008558	-0.172056	0.000265	0.985087	-0.372186	0.925861	-0.065255	-0.912071	-0.377864	-0.159202
65196	9.594038	-0.657428	-1.604108	0.009362	0.017203	0.009851	-0.171903	0.000340	0.985114	-0.372276	0.925823	-0.065282	-0.912064	-0.377956	-0.159025
65197	9.582148	-0.626100	-1.600758	0.022629	0.016984	0.004873	-0.171740	0.000422	0.985142	-0.372479	0.925738	-0.065331	-0.912012	-0.378164	-0.158829
65198	9.649362	-0.565445	-1.591902	0.029707	0.015934	0.008071	-0.171532	0.000529	0.985178	-0.372652	0.925665	-0.065380	-0.911980	-0.378343	-0.158585
65199	9.693837	-0.570173	-1.558352	0.031831	0.017230	0.008975	-0.171383	0.000650	0.985204	-0.372931	0.925545	-0.065484	-0.911894	-0.378636	-0.158380
65200	9.654665	-0.550285	-1.536970	0.029709	0.015931	0.008074	-0.171223	0.000717	0.985232	-0.373155	0.925452	-0.065524	-0.911832	-0.378864	-0.158191
65201	9.662290	-0.565789	-1.565760	0.028905	0.017930	0.009628	-0.171070	0.000847	0.985259	-0.373406	0.925343	-0.065630	-0.911758	-0.379129	-0.157982
65202	9.622941	-0.581817	-1.566763	0.025068	0.015453	0.009325	-0.170882	0.000966	0.985291	-0.373535	0.925287	-0.065690	-0.911741	-0.379266	-0.157754
65203	9.571279	-0.601396	-1.588820	0.030672	0.012513	0.008301	-0.170772	0.001063	0.985310	-0.373804	0.925172	-0.065785	-0.911651	-0.379547	-0.157596
65204	9.583530	-0.635032	-1.588920	0.035723	0.013105	0.008555	-0.170636	0.001147	0.985333	-0.374048	0.925068	-0.065853	-0.911576	-0.379799	-0.157421
65205	9.638472	-0.578325	-1.600994	0.040872	0.016635	0.006762	-0.170484	0.001245	0.985360	-0.374413	0.924914	-0.065949	-0.911455	-0.380175	-0.157217
65206	9.643346	-0.597769	-1.570161	0.041028	0.015223	0.008539	-0.170287	0.001342	0.985394	-0.374695	0.924795	-0.066011	-0.911376	-0.380463	-0.156978
65207	9.621064	-0.592383	-1.499063	0.039566	0.015574	0.008865	-0.170152	0.001456	0.985417	-0.375045	0.924645	-0.066125	-0.911257	-0.380827	-0.156784
65208	9.655961	-0.596889	-1.546119	0.034661	0.011326	0.005836	-0.170017	0.001428	0.985440	-0.375491	0.924464	-0.066123	-0.911099	-0.381266	-0.156638
65209	9.668386	-0.594116	-1.523929	0.029302	0.013551	0.002031	-0.169875	0.001472	0.985465	-0.375758	0.924353	-0.066154	-0.911015	-0.381534	-0.156471
65210	9.680872	-0.591160	-1.501378	0.026075	0.019318	0.003677	-0.169712	0.001460	0.985493	-0.376040	0.924241	-0.066127	-0.910929	-0.381807	-0.156305
65211	9.624653	-0.592472	-1.552189	0.031182	0.015562	0.007762	-0.169573	0.001564	0.985516	-0.376315	0.924122	-0.066217	-0.910841	-0.382094	-0.156118
65212	9.649225	-0.622085	-1.530939	0.032186	0.019430	0.002112	-0.169361	0.001599	0.985553	-0.376586	0.924012	-0.066214	-0.910769	-0.382359	-0.155890
65213	9.686280	-0.611758	-1.466172	0.025625	0.025784	0.002900	-0.169111	0.001697	0.985596	-0.376819	0.923915	-0.066247	-0.910719	-0.382594	-0.155605
65214	9.703554	-0.626478	-1.413279	0.001079	0.034012	0.001503	-0.168783	0.001774	0.985652	-0.376811	0.923923	-0.066188	-0.910783	-0.382576	-0.155274
65215	9.691939	-0.630240	-1.429851	-0.027798	0.055075	0.004288	-0.168271	0.001997	0.985739	-0.376554	0.924030	-0.066152	-0.910984	-0.382316	-0.154736
65216	9.633598	-0.598246	-1.395358	-0.040873	0.061187	0.005137	-0.167722	0.002193	0.985832	-0.376208	0.924177	-0.066061	-0.911228	-0.381958	-0.154180
65217	9.649987	-0.518731	-1.382870	-0.058480	0.085880	0.004573	-0.166930	0.002535	0.985965	-0.375672	0.924401	-0.065980	-0.911595	-0.381413	-0.153358
65218	9.621254	-0.389265	-1.207588	-0.104063	0.102562	0.008943	-0.165899	0.003004	0.986138	-0.374622	0.924837	-0.065840	-0.912215	-0.380352	-0.152304
65219	9.532957	-0.323972	-1.328980	-0.117840	0.095231	0.005341	-0.165023	0.003387	0.986284	-0.373542	0.925285	-0.065678	-0.912816	-0.379257	-0.151428
65220	9.579476	-0.312473	-1.178412	-0.127747	0.069914	0.006442	-0.164431	0.003680	0.986382	-0.372217	0.925832	-0.065503	-0.913464	-0.377918	-0.150866
65221	9.723293	-0.224206	-1.098312	-0.181793	0.079134	0.002618	-0.163691	0.003975	0.986504	-0.370555	0.926518	-0.065219	-0.914273	-0.376229	-0.150190
65222	9.700074	-0.157401	-1.087235	-0.244091	0.093482	0.000200	-0.162745	0.004255	0.986659	-0.368322	0.927441	-0.064753	-0.915343	-0.373946	-0.149369
65223	9.570279	-0.273238	-1.154924	-0.281452	0.081358	-0.003303	-0.161961	0.004499	0.986787	-0.365753	0.928491	-0.064265	-0.916511	-0.371329	-0.148734
65224	9.508498	-0.420601	-1.173862	-0.285092	0.056816	-0.010402	-0.161416	0.004572	0.986876	-0.363074	0.929581	-0.063692	-0.917672	-0.368590	-0.148389
65225	9.541012	-0.494513	-1.204777	-0.303265	0.040924	-0.011779	-0.160972	0.004584	0.986948	-0.360312	0.930696	-0.063090	-0.918838	-0.365765	-0.148164
65226	9.597663	-0.668045	-1.264054	-0.314711	0.033376	-0.012693	-0.160571	0.004553	0.987014	-0.357329	0.931890	-0.062430	-0.920072	-0.362713	-0.148007
65227	9.606175	-0.889229	-1.432042	-0.310357	0.027061	-0.016114	-0.160238	0.004472	0.987068	-0.354501	0.933013	-0.061776	-0.921224	-0.359815	-0.147919
65228	9.718709	-1.027417	-1.418470	-0.259495	0.016971	-0.011359	-0.160003	0.004369	0.987107	-0.352082	0.933966	-0.061204	-0.922191	-0.357336	-0.147899
65229	9.745524	-0.881285	-1.454424	-0.215625	0.033632	-0.011441	-0.159627	0.004353	0.987168	-0.350115	0.934736	-0.060736	-0.923005	-0.355317	-0.147685
65230	9.661341	-0.651461	-1.437094	-0.179899	0.035733	-0.012542	-0.159168	0.004273	0.987242	-0.348563	0.935347	-0.060246	-0.923671	-0.353706	-0.147388
65231	9.553918	-0.487762	-1.396915	-0.165681	0.018240	-0.012332	-0.158931	0.004193	0.987281	-0.347055	0.935933	-0.059844	-0.924280	-0.352152	-0.147294
65232	9.529913	-0.419189	-1.391983	-0.200878	0.005206	-0.019657	-0.158811	0.003979	0.987301	-0.345160	0.936669	-0.059295	-0.925010	-0.350193	-0.147380
65233	9.581996	-0.537396	-1.461806	-0.224028	-0.001737	-0.022655	-0.158723	0.003732	0.987316	-0.343126	0.937453	-0.058705	-0.925782	-0.348092	-0.147515
65234	9.633927	-0.619503	-1.509436	-0.224330	-0.010630	-0.029544	-0.158651	0.003377	0.987329	-0.341010	0.938268	-0.058005	-0.926575	-0.345892	-0.147706
65235	9.602545	-0.746432	-1.617681	-0.199570	-0.017264	-0.028484	-0.158689	0.003021	0.987324	-0.339209	0.938959	-0.057392	-0.927230	-0.344017	-0.147977
65236	9.633569	-0.793266	-1.744919	-0.157054	-0.022089	-0.022447	-0.158825	0.002677	0.987303	-0.337684	0.939540	-0.056870	-0.927763	-0.342429	-0.148319
65237	9.638144	-0.912589	-1.791031	-0.112584	-0.024042	-0.030175	-0.158921	0.002282	0.987289	-0.336690	0.939927	-0.056368	-0.928108	-0.341369	-0.148606
65238	9.693214	-0.989379	-1.900490	-0.054241	-0.036207	-0.032173	-0.159163	0.001789	0.987251	-0.336196	0.940132	-0.055904	-0.928246	-0.340807	-0.149033
65239	9.696088	-0.944502	-1.939774	0.010090	-0.035029	-0.034013	-0.159348	0.001320	0.987222	-0.336346	0.940099	-0.055547	-0.928159	-0.340900	-0.149359
65240	9.707396	-0.833846	-1.850459	0.051460	-0.032664	-0.038271	-0.159409	0.000793	0.987212	-0.336915	0.939918	-0.055158	-0.927942	-0.341400	-0.149564
65241	9.678367	-0.747744	-1.875511	0.084003	-0.021715	-0.039681	-0.159451	0.000316	0.987206	-0.337761	0.939632	-0.054855	-0.927628	-0.342187	-0.149718
65242	9.639254	-0.645208	-1.698441	0.087907	-0.027956	-0.044774	-0.159478	-0.000247	0.987201	-0.338630	0.939342	-0.054469	-0.927306	-0.342982	-0.149889
65243	9.723350	-0.516478	-1.480375	0.047444	0.014696	-0.054049	-0.159133	-0.000734	0.987257	-0.339159	0.939180	-0.053970	-0.927172	-0.343425	-0.149704
65244	9.525588	-0.410037	-1.378650	0.017920	0.022135	-0.055531	-0.158678	-0.001228	0.987330	-0.339414	0.939121	-0.053380	-0.927157	-0.343584	-0.149434
65245	9.485910	-0.314761	-1.309794	-0.000669	0.010477	-0.049472	-0.158387	-0.001687	0.987376	-0.339489	0.939124	-0.052854	-0.927179	-0.343575	-0.149317
65246	9.487318	-0.334831	-1.221567	-0.041039	0.000352	-0.054239	-0.158184	-0.002249	0.987407	-0.339194	0.939267	-0.052200	-0.927322	-0.343180	-0.149340
65247	9.537844	-0.482672	-1.145129	-0.061342	-0.012416	-0.060528	-0.158068	-0.002890	0.987424	-0.338724	0.939477	-0.051474	-0.927513	-0.342600	-0.149480
65248	9.614622	-0.592688	-1.175043	-0.054603	-0.022295	-0.064293	-0.157999	-0.003586	0.987433	-0.338246	0.939690	-0.050710	-0.927699	-0.342007	-0.149683
65249	9.645637	-0.602682	-1.278239	-0.034220	-0.029949	-0.066923	-0.158025	-0.004347	0.987426	-0.338037	0.939806	-0.049961	-0.927771	-0.341682	-0.149982
65250	9.656678	-0.602714	-1.371891	-0.013606	-0.033905	-0.065207	-0.158031	-0.005160	0.987421	-0.338121	0.939815	-0.049203	-0.927739	-0.341644	-0.150265
65251	9.658428	-0.564653	-1.522594	0.007427	-0.039912	-0.066588	-0.158150	-0.005952	0.987397	-0.338298	0.939787	-0.048520	-0.927654	-0.341708	-0.150641
65252	9.624493	-0.490529	-1.601591	0.016229	-0.044067	-0.073160	-0.158270	-0.006872	0.987372	-0.338638	0.939705	-0.047741	-0.927510	-0.341918	-0.151054
65253	9.674784	-0.510233	-1.716650	0.022432	-0.052593	-0.080176	-0.158460	-0.007835	0.987334	-0.338976	0.939623	-0.046947	-0.927354	-0.342122	-0.151548
65254	9.694223	-0.512821	-1.731325	0.028054	-0.045920	-0.082372	-0.158571	-0.008766	0.987309	-0.339189	0.939586	-0.046134	-0.927257	-0.342199	-0.151965
65255	9.654966	-0.555203	-1.762447	0.030837	-0.035609	-0.085892	-0.158584	-0.009725	0.987298	-0.339614	0.939474	-0.045296	-0.927100	-0.342483	-0.152288
65256	9.675631	-0.512256	-1.640125	0.030554	-0.025356	-0.095085	-0.158432	-0.010691	0.987312	-0.339863	0.939428	-0.044365	-0.927034	-0.342580	-0.152469
65257	9.593198	-0.469672	-1.542172	0.013902	-0.010856	-0.095794	-0.158181	-0.011657	0.987341	-0.340146	0.939370	-0.043404	-0.926973	-0.342706	-0.152556
65258	9.557038	-0.354652	-1.423566	0.010423	-0.008870	-0.098364	-0.157865	-0.012659	0.987380	-0.340399	0.939326	-0.042381	-0.926934	-0.342793	-0.152595
65259	9.487720	-0.378870	-1.350964	-0.019889	-0.004047	-0.094473	-0.157554	-0.013589	0.987417	-0.340366	0.939382	-0.041381	-0.926999	-0.342603	-0.152629
65260	9.537988	-0.462193	-1.338747	-0.035755	-0.008377	-0.102833	-0.157245	-0.014691	0.987450	-0.340350	0.939438	-0.040222	-0.927058	-0.342403	-0.152722
65261	9.571473	-0.528796	-1.376447	-0.041500	-0.013657	-0.102353	-0.156997	-0.015729	0.987474	-0.340129	0.939565	-0.039111	-0.927181	-0.342009	-0.152858
65262	9.616484	-0.557161	-1.370222	-0.023814	-0.024158	-0.107189	-0.156857	-0.016831	0.987478	-0.339902	0.939694	-0.037975	-0.927287	-0.341603	-0.153119
65263	9.678236	-0.579547	-1.573955	0.005216	-0.030055	-0.108996	-0.156739	-0.017988	0.987476	-0.340124	0.939657	-0.036870	-0.927226	-0.341644	-0.153399
65264	9.698619	-0.432644	-1.551418	0.040660	-0.031189	-0.114605	-0.156629	-0.019210	0.987471	-0.340609	0.939525	-0.035749	-0.927067	-0.341941	-0.153700
65265	9.681687	-0.259559	-1.568335	0.041765	-0.033798	-0.121007	-0.156503	-0.020492	0.987465	-0.341188	0.939359	-0.034581	-0.926875	-0.342323	-0.154004
65266	9.655823	-0.184325	-1.565888	0.016337	-0.029156	-0.123159	-0.156376	-0.021841	0.987456	-0.341591	0.939258	-0.033320	-0.926748	-0.342516	-0.154338
65267	9.586355	-0.139752	-1.619198	-0.021996	-0.036942	-0.128611	-0.156253	-0.023205	0.987444	-0.341590	0.939305	-0.031979	-0.926769	-0.342298	-0.154696
65268	9.564311	-0.304518	-1.612457	-0.048763	-0.038589	-0.131276	-0.156077	-0.024606	0.987438	-0.341331	0.939447	-0.030542	-0.926894	-0.341811	-0.155025
65269	9.576179	-0.656621	-1.654806	-0.034992	-0.050139	-0.138202	-0.156044	-0.026105	0.987405	-0.341225	0.939532	-0.029086	-0.926939	-0.341466	-0.155516
65270	9.678560	-0.828078	-1.634068	0.050545	-0.048032	-0.145650	-0.155971	-0.027694	0.987373	-0.341913	0.939324	-0.027664	-0.926698	-0.341911	-0.155976
65271	9.736220	-0.739305	-1.597421	0.131969	-0.050768	-0.146638	-0.155912	-0.029274	0.987337	-0.343367	0.938831	-0.026386	-0.926170	-0.343133	-0.156427
65272	9.784529	-0.380585	-1.482229	0.153333	-0.032259	-0.146209	-0.155603	-0.030805	0.987339	-0.345037	0.938253	-0.025104	-0.925601	-0.344575	-0.156624
65273	9.748483	0.045995	-1.241688	0.107654	0.009147	-0.141234	-0.155004	-0.032128	0.987391	-0.346255	0.937838	-0.023841	-0.925247	-0.345584	-0.156493
65274	9.527182	0.418222	-1.253109	0.000121	0.037368	-0.141554	-0.154195	-0.033388	0.987476	-0.346467	0.937795	-0.022393	-0.925302	-0.345581	-0.156171
65275	9.420107	0.503474	-1.056986	-0.134118	0.023285	-0.146046	-0.153448	-0.034707	0.987547	-0.345453	0.938208	-0.020704	-0.925806	-0.344328	-0.155956
65276	9.435472	0.431497	-0.820422	-0.284927	0.045524	-0.153983	-0.152475	-0.036034	0.987650	-0.342982	0.939156	-0.018686	-0.926884	-0.341595	-0.155556
65277	9.440342	0.354001	-0.773265	-0.406723	0.071433	-0.164783	-0.151223	-0.037370	0.987793	-0.339462	0.940477	-0.016389	-0.928384	-0.337796	-0.154908
65278	9.346018	0.377824	-0.426264	-0.528392	0.094897	-0.180009	-0.149717	-0.038787	0.987968	-0.334748	0.942207	-0.013737	-0.930338	-0.332777	-0.154048
65279	9.174204	0.314105	-0.503548	-0.598213	0.093981	-0.182837	-0.148208	-0.040232	0.988138	-0.329451	0.944109	-0.010974	-0.932468	-0.327169	-0.153179
65280	9.173420	0.563181	-0.527540	-0.637240	0.030313	-0.178230	-0.147366	-0.041884	0.988195	-0.323781	0.946097	-0.008185	-0.934585	-0.321165	-0.152983
65281	9.425323	0.511662	-0.599802	-0.720215	0.007392	-0.179989	-0.146694	-0.043596	0.988221	-0.317308	0.948308	-0.005267	-0.936908	-0.314343	-0.152944
65282	9.564175	0.346088	-0.736145	-0.803708	-0.004023	-0.192410	-0.146087	-0.045476	0.988226	-0.309990	0.950738	-0.002075	-0.939449	-0.306643	-0.152988
65283	9.548484	0.353340	-1.090691	-0.855588	-0.019562	-0.204291	-0.145621	-0.047511	0.988199	-0.302240	0.953231	0.001291	-0.942043	-0.298485	-0.153170
65284	9.416247	0.280116	-1.314316	-0.934424	-0.034779	-0.209278	-0.145273	-0.049658	0.988145	-0.293723	0.955878	0.004854	-0.944787	-0.289535	-0.153448
65285	9.218465	0.221263	-1.673581	-0.979855	-0.049163	-0.209941	-0.145106	-0.051839	0.988057	-0.284758	0.958562	0.008472	-0.947553	-0.280128	-0.153855
65286	9.210327	0.197276	-1.920439	-0.981194	-0.063396	-0.213875	-0.145125	-0.054145	0.987931	-0.275769	0.961147	0.012167	-0.950205	-0.270675	-0.154418
65287	9.374379	0.147644	-2.207176	-1.003185	-0.055145	-0.219287	-0.145031	-0.056434	0.987816	-0.266543	0.963691	0.015922	-0.952849	-0.260987	-0.154808
65288	9.463593	-0.125936	-2.462874	-1.016156	-0.055105	-0.227877	-0.144898	-0.058873	0.987694	-0.257311	0.966125	0.019838	-0.955403	-0.251270	-0.155138
65289	9.732209	-0.580240	-2.531370	-0.951688	-0.048338	-0.237824	-0.144736	-0.061325	0.987568	-0.248554	0.968328	0.023703	-0.957744	-0.242033	-0.155394
65290	10.050444	-0.697542	-2.541987	-0.807807	-0.030549	-0.237355	-0.144398	-0.063748	0.987464	-0.241121	0.970109	0.027368	-0.959693	-0.234146	-0.155453
65291	10.181019	-0.382790	-2.554654	-0.612370	-0.036559	-0.220160	-0.144202	-0.066003	0.987345	-0.235559	0.971380	0.030532	-0.961102	-0.228175	-0.155622
65292	10.116684	0.080536	-2.432600	-0.501495	-0.025591	-0.199936	-0.143952	-0.068066	0.987241	-0.231046	0.972371	0.033352	-0.962235	-0.223297	-0.155701
65293	9.982236	0.406060	-2.288271	-0.480181	-0.025134	-0.186146	-0.143746	-0.069966	0.987138	-0.226692	0.973302	0.035975	-0.963301	-0.218605	-0.155769
65294	9.894704	0.527835	-2.187623	-0.484577	-0.025945	-0.178365	-0.143657	-0.071850	0.987016	-0.222326	0.974210	0.038559	-0.964331	-0.213900	-0.155926
65295	9.941796	0.467570	-2.042989	-0.467114	-0.022298	-0.174970	-0.143464	-0.073636	0.986912	-0.218072	0.975069	0.041052	-0.965330	-0.209328	-0.155945
65296	9.948202	0.464844	-1.906166	-0.391654	-0.025187	-0.165674	-0.143420	-0.075385	0.986787	-0.214490	0.975763	0.043368	-0.966139	-0.205436	-0.156114
65297	10.028319	0.392044	-1.753647	-0.305577	-0.029519	-0.157569	-0.143348	-0.077016	0.986671	-0.211765	0.976264	0.045438	-0.966751	-0.202429	-0.156255
65298	10.085865	0.243836	-1.756223	-0.195375	-0.041675	-0.144289	-0.143476	-0.078554	0.986531	-0.209977	0.976565	0.047222	-0.967122	-0.200374	-0.156608
65299	9.988033	0.296603	-1.538391	-0.039585	-0.057064	-0.131725	-0.143730	-0.079988	0.986379	-0.209785	0.976538	0.048621	-0.967126	-0.199939	-0.157138
65300	10.073382	0.590908	-1.406880	0.119182	-0.073709	-0.107174	-0.144282	-0.081227	0.986197	-0.210907	0.976249	0.049551	-0.966799	-0.200847	-0.157986
65301	10.147417	0.789025	-1.240659	0.203742	-0.084842	-0.088925	-0.144892	-0.082300	0.986019	-0.213006	0.975763	0.050143	-0.966248	-0.202763	-0.158911
65302	10.034083	0.797591	-1.243918	0.260457	-0.090725	-0.076377	-0.145592	-0.083248	0.985836	-0.215468	0.975203	0.050529	-0.965597	-0.205059	-0.159919
65303	9.806275	0.732625	-1.095302	0.325177	-0.103365	-0.078303	-0.146398	-0.084259	0.985631	-0.218722	0.974463	0.050817	-0.964743	-0.208139	-0.161089
65304	9.537933	0.681719	-0.924955	0.389974	-0.122257	-0.076659	-0.147420	-0.085358	0.985384	-0.222705	0.973550	0.051015	-0.963675	-0.211929	-0.162530
65305	9.348876	0.634327	-0.773820	0.442949	-0.152459	-0.077538	-0.148692	-0.086473	0.985096	-0.227087	0.972533	0.051093	-0.962456	-0.216105	-0.164245
65306	9.278723	0.431250	-0.628676	0.470149	-0.187691	-0.088753	-0.150348	-0.087793	0.984727	-0.231616	0.971456	0.051246	-0.961119	-0.220374	-0.166391
65307	9.312482	0.426229	-0.528371	0.507162	-0.221648	-0.081794	-0.152263	-0.089114	0.984314	-0.236612	0.970252	0.051239	-0.959599	-0.225099	-0.168819
65308	9.348435	0.522324	-0.439356	0.495068	-0.261888	-0.082006	-0.154634	-0.090595	0.983809	-0.241552	0.969033	0.051267	-0.957988	-0.229713	-0.171729
65309	9.397422	0.530473	-0.639839	0.468199	-0.291688	-0.077285	-0.157216	-0.092053	0.983265	-0.246155	0.967874	0.051254	-0.956395	-0.233978	-0.174825
65310	9.365750	0.666340	-0.805314	0.452766	-0.306066	-0.079859	-0.159938	-0.093677	0.982672	-0.250872	0.966659	0.051319	-0.954716	-0.238318	-0.178107
65311	9.325771	0.678009	-0.958838	0.403890	-0.323894	-0.085902	-0.162788	-0.095318	0.982046	-0.254866	0.965605	0.051474	-0.953175	-0.241911	-0.181483
65312	9.404068	0.533167	-1.114632	0.350320	-0.336408	-0.094208	-0.165804	-0.097106	0.981366	-0.258315	0.964670	0.051811	-0.951726	-0.244911	-0.185030
65313	9.419954	0.322856	-1.284645	0.317286	-0.345676	-0.105096	-0.168796	-0.099003	0.980666	-0.261511	0.963783	0.052287	-0.950326	-0.247629	-0.188574
65314	9.426704	0.254718	-1.404897	0.307739	-0.353280	-0.112898	-0.171925	-0.101068	0.979912	-0.264703	0.962880	0.052869	-0.948880	-0.250296	-0.192296
65315	9.448556	0.256385	-1.542333	0.302053	-0.366326	-0.121278	-0.175053	-0.103190	0.979136	-0.267780	0.961993	0.053508	-0.947444	-0.252826	-0.196032
65316	9.536294	0.237528	-1.807968	0.295604	-0.389326	-0.115715	-0.178474	-0.105341	0.978289	-0.270728	0.961134	0.054104	-0.945967	-0.255194	-0.200056
65317	9.672387	0.247175	-1.907948	0.282821	-0.398683	-0.111131	-0.181917	-0.107464	0.977424	-0.273604	0.960288	0.054657	-0.944482	-0.257484	-0.204096
65318	9.722873	0.152194	-1.886560	0.276602	-0.406814	-0.118100	-0.185432	-0.109752	0.976509	-0.276602	0.959392	0.055304	-0.942924	-0.259849	-0.208260
65319	9.814175	0.021191	-1.975682	0.291212	-0.428588	-0.118434	-0.189118	-0.112039	0.975542	-0.279570	0.958498	0.055885	-0.941316	-0.262163	-0.212592
65320	9.699681	-0.215703	-2.243542	0.386939	-0.453049	-0.109470	-0.193134	-0.114403	0.974480	-0.283622	0.957290	0.056173	-0.939286	-0.265535	-0.217332
65321	9.640053	-0.102312	-2.092930	0.543322	-0.465592	-0.103057	-0.197184	-0.116669	0.973400	-0.288923	0.955712	0.056021	-0.936826	-0.270191	-0.222159
65322	9.720398	0.279195	-1.982826	0.639592	-0.477584	-0.093919	-0.201380	-0.118924	0.972267	-0.295151	0.953835	0.055537	-0.933987	-0.275782	-0.227184
65323	9.713699	0.792444	-1.661741	0.629764	-0.483995	-0.097986	-0.205578	-0.121239	0.971102	-0.301228	0.951960	0.055080	-0.931128	-0.281199	-0.232223
65324	9.675181	1.133488	-1.536507	0.532498	-0.504521	-0.079640	-0.210077	-0.123584	0.969843	-0.306686	0.950240	0.054655	-0.928338	-0.285956	-0.237525
65325	9.527007	0.997343	-1.534806	0.415322	-0.512151	-0.074370	-0.214572	-0.125795	0.968573	-0.310699	0.948949	0.054416	-0.925972	-0.289259	-0.242703
65326	9.445184	0.628795	-1.570875	0.388112	-0.547059	-0.068414	-0.219494	-0.128117	0.967165	-0.314512	0.947707	0.054162	-0.923528	-0.292297	-0.248310
65327	9.644816	0.488326	-1.690860	0.477048	-0.589383	-0.065705	-0.224697	-0.130505	0.965650	-0.319062	0.946215	0.053636	-0.920712	-0.296051	-0.254251
65328	9.890547	0.602014	-1.711584	0.585874	-0.617415	-0.052942	-0.230180	-0.132917	0.964028	-0.324662	0.944362	0.052687	-0.917394	-0.300855	-0.260527
65329	9.826091	0.901556	-1.671525	0.652242	-0.642237	-0.048673	-0.235878	-0.135358	0.962310	-0.330752	0.942313	0.051472	-0.913764	-0.306145	-0.267041
65330	9.706858	1.052494	-1.722904	0.708555	-0.665462	-0.041478	-0.241893	-0.137894	0.960455	-0.337427	0.940024	0.049979	-0.909742	-0.311994	-0.273914
65331	9.557951	1.272033	-1.584628	0.704411	-0.683400	-0.022492	-0.247996	-0.140288	0.958549	-0.343882	0.937771	0.048278	-0.905673	-0.317655	-0.280806
65332	9.430056	1.519862	-1.437394	0.651609	-0.699556	-0.019149	-0.254205	-0.142839	0.956544	-0.350072	0.935559	0.046672	-0.901571	-0.322995	-0.287827
65333	9.522990	1.650865	-1.216880	0.527913	-0.732841	-0.014963	-0.260722	-0.145391	0.954403	-0.354867	0.933818	0.045314	-0.897827	-0.326872	-0.295061
65334	9.656936	1.825275	-1.383243	0.446933	-0.756208	-0.023968	-0.267402	-0.148203	0.952120	-0.359085	0.932255	0.044262	-0.894178	-0.330056	-0.302505
65335	9.419473	1.956426	-1.284226	0.359776	-0.787051	-0.022999	-0.274319	-0.151055	0.949701	-0.362366	0.931024	0.043416	-0.890752	-0.332229	-0.310135
65336	9.166562	1.674381	-1.171961	0.217600	-0.833733	-0.017372	-0.281725	-0.154055	0.947047	-0.364383	0.930259	0.042928	-0.887613	-0.332994	-0.318212
65337	9.249932	0.934041	-1.419043	0.146196	-0.904645	-0.014877	-0.289662	-0.157237	0.944125	-0.365729	0.929745	0.042634	-0.884499	-0.332944	-0.326818
65338	9.564253	0.501646	-1.584960	0.187897	-0.979515	-0.002302	-0.298292	-0.160706	0.940848	-0.367698	0.928992	0.042104	-0.880806	-0.333389	-0.336202
65339	9.697120	0.415536	-1.692637	0.234050	-1.039520	0.006491	-0.307428	-0.164146	0.937307	-0.369744	0.928216	0.041281	-0.876800	-0.333873	-0.346051
65340	9.722328	0.354798	-1.920518	0.217207	-1.092418	0.024880	-0.317176	-0.167547	0.933449	-0.371451	0.927578	0.040278	-0.872596	-0.333956	-0.356441
65341	9.795268	0.121675	-2.026104	0.208905	-1.148813	0.031131	-0.327268	-0.171126	0.929307	-0.373179	0.926928	0.039268	-0.868121	-0.333947	-0.367214
65342	10.056441	-0.057779	-2.056317	0.235093	-1.190439	0.039216	-0.337773	-0.174853	0.924844	-0.375230	0.926150	0.038058	-0.863199	-0.334174	-0.378438
65343	10.231811	-0.111862	-1.945581	0.245367	-1.218319	0.047685	-0.348414	-0.178515	0.920185	-0.377189	0.925409	0.036711	-0.858100	-0.334293	-0.389759
65344	10.182940	-0.022361	-1.834447	0.314718	-1.273718	0.055044	-0.359503	-0.182400	0.915144	-0.379884	0.924372	0.035007	-0.852318	-0.335063	-0.401605
65345	10.275821	0.731340	-1.553240	0.355330	-1.322085	0.062158	-0.370944	-0.186293	0.909778	-0.382686	0.923288	0.033026	-0.846139	-0.335908	-0.413780
65346	10.392894	0.568870	-1.685895	0.286037	-1.350192	0.075589	-0.382620	-0.190240	0.904108	-0.384972	0.922402	0.031168	-0.839880	-0.336130	-0.426166
65347	10.253618	0.638759	-1.734182	0.327585	-1.422112	0.088020	-0.394833	-0.194242	0.897985	-0.387382	0.921463	0.028993	-0.833092	-0.336416	-0.439070
65348	10.528943	0.365854	-1.952832	0.354104	-1.475009	0.113450	-0.407593	-0.198218	0.891391	-0.389931	0.920466	0.026385	-0.825725	-0.336827	-0.452467
65349	10.673360	0.078944	-1.930315	0.465815	-1.525582	0.150333	-0.420694	-0.202014	0.884425	-0.393150	0.919188	0.022945	-0.817588	-0.338058	-0.466119
65350	10.773862	-0.298203	-1.876340	0.547273	-1.582695	0.195949	-0.434339	-0.205757	0.876934	-0.396996	0.917630	0.018676	-0.808544	-0.340028	-0.480248
65351	10.858994	-0.570086	-1.648653	0.654257	-1.644474	0.232981	-0.448462	-0.209265	0.868959	-0.401240	0.915874	0.013487	-0.798679	-0.342613	-0.494700
65352	11.049891	-1.034362	-1.406914	0.717147	-1.702601	0.259733	-0.463040	-0.212880	0.860393	-0.405931	0.913872	0.007651	-0.787918	-0.345718	-0.509573
65353	11.308432	-1.700255	-1.181252	0.842611	-1.773368	0.286334	-0.478055	-0.216463	0.851239	-0.411190	0.911549	0.000876	-0.776136	-0.349602	-0.524778
65354	11.591249	-2.373142	-0.691032	0.969200	-1.858112	0.313381	-0.493691	-0.220281	0.841276	-0.417321	0.908732	-0.006955	-0.762963	-0.354516	-0.540561
65355	11.699391	-3.641039	-0.620087	1.109463	-1.954548	0.322437	-0.509796	-0.224372	0.830521	-0.424106	0.905476	-0.015706	-0.748493	-0.360235	-0.556766
65356	11.642059	-4.560829	0.421299	1.405967	-2.086739	0.308099	-0.526579	-0.229352	0.818604	-0.433153	0.900939	-0.026211	-0.731500	-0.368383	-0.573761
65357	11.486277	-4.965770	1.323739	1.707453	-2.208724	0.297037	-0.543803	-0.234965	0.805649	-0.443908	0.895243	-0.038538	-0.712196	-0.378591	-0.591139
65358	11.360870	-4.582431	2.077613	2.005187	-2.312871	0.302697	-0.561445	-0.241175	0.791589	-0.456414	0.888181	-0.053114	-0.690265	-0.391113	-0.608741
65359	11.262470	-3.632534	2.845670	2.216750	-2.400434	0.317569	-0.579176	-0.247951	0.776580	-0.469661	0.880126	-0.069263	-0.666314	-0.404845	-0.626200
65360	11.352342	-2.513252	2.969688	2.300485	-2.471946	0.364263	-0.597148	-0.255118	0.760480	-0.482813	0.871413	-0.086784	-0.640552	-0.418992	-0.643536
65361	12.164005	-0.723475	3.330321	2.228309	-2.497706	0.410542	-0.614805	-0.262212	0.743814	-0.494332	0.862985	-0.104371	-0.614533	-0.431859	-0.660188
65362	13.074959	1.464668	3.120001	1.974974	-2.514341	0.492814	-0.632389	-0.269258	0.726350	-0.503514	0.855434	-0.121270	-0.588692	-0.442418	-0.676542
65363	13.310919	3.856941	2.641315	1.403317	-2.618483	0.612120	-0.650563	-0.275712	0.707638	-0.507706	0.850849	-0.135246	-0.564803	-0.447258	-0.693511
65364	14.072109	4.701416	1.665572	0.610313	-2.749403	0.674335	-0.669204	-0.282383	0.687333	-0.506923	0.849807	-0.144419	-0.543319	-0.445071	-0.711841
65365	14.581621	2.535276	-1.030882	-0.299942	-2.636008	0.644777	-0.686537	-0.288521	0.667400	-0.500973	0.852957	-0.146599	-0.526966	-0.434995	-0.730127
65366	14.941865	0.414736	-3.767260	-0.621738	-2.462890	0.522236	-0.701753	-0.295028	0.648461	-0.494581	0.856888	-0.145371	-0.512770	-0.422731	-0.747239
65367	14.368815	-0.733307	-5.780368	-0.637951	-2.242404	0.421243	-0.715157	-0.300781	0.630937	-0.488392	0.860790	-0.143227	-0.500024	-0.410575	-0.762499
