// General information: 
//  MT Manager version: 2022.2.0 
//  XDA version: 2022.2.0 build 7381 rev 124627 built on 2023-07-19
// Device information: 
//  DeviceId: 00B4CB9F
//  ProductCode: MTW2-3A7G6
//  Firmware Version: 4.6.0
//  Hardware Version: 2.0.0
// Device settings: 
//  Filter Profile: human(46.1)
//  Option Flags: Orientation Smoother Disabled, Position/Velocity Smoother Disabled, Continuous Zero Rotation Update Disabled, AHS Disabled, ICC Disabled
// Coordinate system: ENU
PacketCounter	Acc_X	Acc_Y	Acc_Z	Gyr_X	Gyr_Y	Gyr_Z	Mat[1][1]	Mat[2][1]	Mat[3][1]	Mat[1][2]	Mat[2][2]	Mat[3][2]	Mat[1][3]	Mat[2][3]	Mat[3][3]
24646	9.683931	0.337968	-1.615784	-0.001706	0.008356	-0.006223	0.115329	0.124014	0.985556	0.586093	-0.809560	0.033284	0.801994	0.573789	-0.166049
24647	9.669222	0.347086	-1.597252	-0.004878	0.015069	-0.005302	0.115241	0.123954	0.985573	0.586076	-0.809572	0.033290	0.802019	0.573785	-0.165942
24648	9.669479	0.348066	-1.595482	-0.019702	0.020661	-0.010913	0.115103	0.123956	0.985589	0.585919	-0.809681	0.033406	0.802153	0.573631	-0.165825
24649	9.677555	0.308635	-1.601130	-0.021548	0.018934	-0.011689	0.114947	0.123926	0.985611	0.585776	-0.809781	0.033502	0.802281	0.573496	-0.165674
24650	9.641697	0.324905	-1.637564	-0.022506	0.015549	-0.010716	0.114836	0.123954	0.985621	0.585573	-0.809922	0.033632	0.802444	0.573291	-0.165593
24651	9.658609	0.342686	-1.630172	-0.010506	0.007345	-0.007589	0.114797	0.123957	0.985625	0.585513	-0.809963	0.033669	0.802494	0.573231	-0.165560
24652	9.690335	0.351753	-1.640658	-0.007140	0.005706	-0.008593	0.114775	0.123969	0.985626	0.585539	-0.809944	0.033687	0.802478	0.573256	-0.165550
24653	9.642047	0.327675	-1.634946	0.014011	0.011177	-0.006939	0.114709	0.123945	0.985637	0.585676	-0.809846	0.033677	0.802388	0.573400	-0.165488
24654	9.664164	0.351805	-1.661191	0.015785	0.007863	-0.003440	0.114579	0.123896	0.985658	0.585846	-0.809723	0.033679	0.802282	0.573585	-0.165360
24655	9.679168	0.343573	-1.677910	0.019884	0.007050	-0.008014	0.114539	0.123903	0.985662	0.586030	-0.809589	0.033670	0.802153	0.573771	-0.165341
24656	9.668804	0.329741	-1.610495	0.003371	0.008429	-0.009087	0.114457	0.123926	0.985668	0.586086	-0.809547	0.033725	0.802124	0.573826	-0.165289
24657	9.663633	0.323225	-1.576614	-0.007967	0.002342	-0.004983	0.114473	0.123936	0.985665	0.586044	-0.809577	0.033733	0.802153	0.573781	-0.165306
24658	9.652151	0.314713	-1.615864	-0.019398	0.003786	-0.008922	0.114497	0.123952	0.985660	0.585954	-0.809641	0.033750	0.802214	0.573688	-0.165332
24659	9.667085	0.307139	-1.632898	-0.010573	0.002296	-0.004870	0.114515	0.123961	0.985657	0.585891	-0.809686	0.033761	0.802258	0.573621	-0.165349
24660	9.659294	0.348832	-1.624797	-0.008889	0.006513	-0.009413	0.114452	0.124010	0.985658	0.585860	-0.809705	0.033844	0.802289	0.573585	-0.165325
24661	9.687582	0.375676	-1.578502	-0.005365	0.002391	-0.005095	0.114467	0.124021	0.985655	0.585839	-0.809720	0.033849	0.802303	0.573561	-0.165342
24662	9.700699	0.342811	-1.619124	-0.008001	0.004856	-0.007664	0.114449	0.124038	0.985655	0.585792	-0.809753	0.033883	0.802340	0.573511	-0.165336
24663	9.676196	0.367794	-1.617059	-0.006926	0.008274	-0.005995	0.114411	0.124022	0.985661	0.585759	-0.809776	0.033899	0.802369	0.573481	-0.165295
24664	9.664768	0.359262	-1.656072	-0.012448	0.003078	-0.008330	0.114342	0.124111	0.985658	0.585641	-0.809856	0.034037	0.802466	0.573350	-0.165285
24665	9.692937	0.386357	-1.610321	-0.017174	-0.006314	-0.008875	0.114404	0.124203	0.985640	0.585529	-0.809934	0.034099	0.802538	0.573219	-0.165384
24666	9.683979	0.329746	-1.624547	-0.014134	-0.001138	-0.003787	0.114467	0.124201	0.985632	0.585453	-0.809990	0.034076	0.802584	0.573141	-0.165431
24667	9.679504	0.353414	-1.673927	-0.003839	-0.000976	-0.006877	0.114499	0.124246	0.985623	0.585446	-0.809994	0.034095	0.802585	0.573126	-0.165483
24668	9.657480	0.330129	-1.647041	-0.009018	-0.003582	-0.003972	0.114505	0.124280	0.985618	0.585406	-0.810022	0.034128	0.802613	0.573079	-0.165506
24669	9.689100	0.338856	-1.658197	-0.002763	0.002441	-0.005207	0.114519	0.124292	0.985615	0.585406	-0.810022	0.034130	0.802612	0.573076	-0.165524
24670	9.652232	0.323863	-1.613569	-0.004479	0.000735	-0.003346	0.114658	0.124321	0.985595	0.585368	-0.810051	0.034080	0.802619	0.573028	-0.165653
24671	9.667123	0.315781	-1.631025	-0.008035	-0.002703	-0.002263	0.114730	0.124339	0.985585	0.585322	-0.810085	0.034062	0.802643	0.572976	-0.165720
24672	9.652198	0.324720	-1.613599	-0.001906	0.003295	-0.006137	0.114764	0.124358	0.985578	0.585360	-0.810058	0.034050	0.802610	0.573011	-0.165759
24673	9.679407	0.356572	-1.673814	-0.004605	0.000710	-0.005986	0.114787	0.124385	0.985572	0.585346	-0.810068	0.034062	0.802617	0.572991	-0.165794
24674	9.720682	0.349671	-1.669137	-0.002185	-0.004319	-0.006019	0.114827	0.124431	0.985562	0.585374	-0.810047	0.034070	0.802591	0.573011	-0.165854
24675	9.715451	0.343054	-1.635640	0.005111	0.007634	-0.008263	0.114781	0.124437	0.985566	0.585441	-0.809998	0.034088	0.802549	0.573078	-0.165823
24676	9.676047	0.376686	-1.615902	-0.006236	0.011622	-0.012241	0.114599	0.124445	0.985586	0.585441	-0.809994	0.034202	0.802575	0.573083	-0.165679
24677	9.622571	0.345757	-1.576684	-0.016627	0.008922	-0.009114	0.114538	0.124451	0.985593	0.585334	-0.810068	0.034265	0.802662	0.572976	-0.165629
24678	9.649008	0.347858	-1.553984	-0.018745	-0.000424	-0.009775	0.114486	0.124544	0.985587	0.585213	-0.810150	0.034396	0.802757	0.572840	-0.165635
24679	9.637485	0.339496	-1.593656	-0.012517	-0.001966	-0.005611	0.114533	0.124584	0.985577	0.585134	-0.810206	0.034418	0.802808	0.572753	-0.165693
24680	9.625957	0.330831	-1.633423	-0.002093	-0.001778	-0.006059	0.114651	0.124623	0.985558	0.585164	-0.810186	0.034375	0.802769	0.572772	-0.165814
24681	9.698812	0.332260	-1.640222	0.000111	-0.009370	-0.008695	0.114739	0.124731	0.985534	0.585191	-0.810166	0.034406	0.802737	0.572778	-0.165949
24682	9.704020	0.340293	-1.673570	0.006949	0.009371	-0.007481	0.114650	0.124687	0.985550	0.585343	-0.810056	0.034391	0.802639	0.572942	-0.165857
24683	9.672516	0.332549	-1.661577	0.007074	0.009395	-0.004841	0.114610	0.124655	0.985559	0.585422	-0.810000	0.034372	0.802587	0.573028	-0.165810
24684	9.642750	0.349873	-1.626180	0.009370	0.004342	-0.007515	0.114597	0.124698	0.985555	0.585519	-0.809929	0.034394	0.802518	0.573119	-0.165829
24685	9.648007	0.357555	-1.659330	0.005085	0.000072	-0.002864	0.114644	0.124704	0.985548	0.585579	-0.809887	0.034360	0.802467	0.573178	-0.165872
24686	9.681400	0.391300	-1.646834	0.001370	-0.000877	-0.007101	0.114646	0.124763	0.985541	0.585594	-0.809874	0.034404	0.802456	0.573183	-0.165910
24687	9.684836	0.374336	-1.703786	-0.003878	0.001543	-0.009556	0.114642	0.124815	0.985535	0.585591	-0.809875	0.034450	0.802459	0.573170	-0.165936
24688	9.679609	0.368093	-1.670153	-0.014211	0.003892	-0.009148	0.114572	0.124869	0.985536	0.585507	-0.809931	0.034552	0.802531	0.573079	-0.165907
24689	9.672653	0.336958	-1.659889	-0.008180	0.007359	-0.012980	0.114500	0.124915	0.985538	0.585472	-0.809952	0.034640	0.802566	0.573039	-0.165874
24690	9.679699	0.370629	-1.669066	-0.010841	0.002257	-0.010151	0.114458	0.124998	0.985533	0.585376	-0.810017	0.034752	0.802642	0.572930	-0.165884
24691	9.629624	0.389939	-1.583409	-0.018023	0.000409	-0.013347	0.114440	0.125087	0.985523	0.585263	-0.810094	0.034860	0.802727	0.572801	-0.165916
24692	9.637549	0.350459	-1.590891	-0.020287	0.002946	-0.007994	0.114441	0.125137	0.985517	0.585110	-0.810201	0.034931	0.802838	0.572638	-0.165939
24693	9.667454	0.334563	-1.625307	-0.012341	0.003113	-0.005689	0.114446	0.125148	0.985515	0.585033	-0.810256	0.034954	0.802893	0.572559	-0.165947
24694	9.672737	0.342524	-1.658258	-0.006145	0.004085	-0.004203	0.114535	0.125138	0.985506	0.585020	-0.810268	0.034895	0.802890	0.572544	-0.166012
24695	9.682496	0.327086	-1.641905	0.007017	0.004345	-0.002121	0.114552	0.125113	0.985507	0.585095	-0.810216	0.034850	0.802834	0.572623	-0.166015
24696	9.680825	0.302067	-1.665097	0.006250	0.006029	-0.001229	0.114572	0.125088	0.985508	0.585170	-0.810164	0.034802	0.802776	0.572702	-0.166020
24697	9.636069	0.327481	-1.612475	0.004282	0.004276	-0.004649	0.114574	0.125085	0.985508	0.585225	-0.810124	0.034787	0.802735	0.572759	-0.166022
24698	9.662523	0.328948	-1.589744	-0.007039	0.005747	-0.005952	0.114597	0.125093	0.985505	0.585183	-0.810155	0.034789	0.802763	0.572714	-0.166043
24699	9.652810	0.345494	-1.605606	-0.007524	-0.004430	-0.008439	0.114647	0.125170	0.985489	0.585148	-0.810178	0.034830	0.802781	0.572664	-0.166128
24700	9.686103	0.379550	-1.593376	-0.006414	-0.003532	-0.004089	0.114734	0.125197	0.985475	0.585160	-0.810171	0.034799	0.802760	0.572668	-0.166214
24701	9.689522	0.362527	-1.650708	0.001152	-0.003430	-0.009703	0.114769	0.125279	0.985461	0.585197	-0.810143	0.034838	0.802729	0.572690	-0.166292
24702	9.717644	0.389644	-1.604592	-0.000370	0.007514	-0.013313	0.114714	0.125326	0.985461	0.585231	-0.810115	0.034902	0.802711	0.572718	-0.166277
24703	9.669405	0.366112	-1.598987	-0.006480	0.009081	-0.014838	0.114619	0.125378	0.985466	0.585212	-0.810125	0.035004	0.802739	0.572694	-0.166228
24704	9.641417	0.341404	-1.643850	-0.002674	0.012567	-0.010637	0.114508	0.125359	0.985481	0.585266	-0.810084	0.035042	0.802715	0.572756	-0.166129
24705	9.662716	0.336176	-1.587057	0.002411	0.012645	-0.013499	0.114391	0.125379	0.985492	0.585317	-0.810043	0.035117	0.802694	0.572809	-0.166049
24706	9.638204	0.361273	-1.584490	-0.006868	0.010828	-0.006027	0.114331	0.125358	0.985502	0.585285	-0.810066	0.035142	0.802727	0.572781	-0.165986
24707	9.650493	0.401844	-1.626878	-0.007348	0.000650	-0.008517	0.114340	0.125407	0.985495	0.585252	-0.810088	0.035184	0.802750	0.572740	-0.166020
24708	9.691861	0.395463	-1.621575	-0.010676	0.007346	-0.010229	0.114277	0.125437	0.985498	0.585202	-0.810120	0.035255	0.802794	0.572687	-0.165984
24709	9.706925	0.388098	-1.638109	-0.013925	0.009001	-0.006587	0.114230	0.125422	0.985505	0.585115	-0.810182	0.035289	0.802865	0.572603	-0.165933
24710	9.680667	0.388329	-1.659402	-0.015934	0.009772	-0.012685	0.114143	0.125451	0.985512	0.585040	-0.810232	0.035379	0.802932	0.572526	-0.165876
24711	9.722137	0.382394	-1.653415	-0.021921	0.011361	-0.011572	0.114048	0.125464	0.985521	0.584894	-0.810334	0.035475	0.803052	0.572379	-0.165799
24712	9.710128	0.344242	-1.608835	-0.032994	0.020458	-0.012988	0.113823	0.125464	0.985547	0.584589	-0.810545	0.035670	0.803306	0.572080	-0.165603
24713	9.647177	0.329032	-1.584495	-0.031677	0.023916	-0.006034	0.113659	0.125359	0.985579	0.584357	-0.810709	0.035728	0.803497	0.571870	-0.165399
24714	9.610536	0.314395	-1.538234	-0.034637	0.013712	-0.005780	0.113622	0.125330	0.985587	0.584108	-0.810887	0.035776	0.803684	0.571624	-0.165341
24715	9.595648	0.324002	-1.519999	-0.036954	0.001807	-0.009062	0.113619	0.125376	0.985582	0.583837	-0.811078	0.035872	0.803881	0.571344	-0.165353
24716	9.684381	0.348708	-1.626263	-0.035678	-0.009176	-0.010743	0.113741	0.125516	0.985550	0.583574	-0.811263	0.035970	0.804055	0.571050	-0.165522
24717	9.689534	0.357286	-1.660059	-0.013392	-0.002808	-0.004697	0.113800	0.125554	0.985538	0.583488	-0.811324	0.035984	0.804109	0.570955	-0.165588
24718	9.672846	0.341256	-1.666493	-0.002010	0.000780	-0.006098	0.113804	0.125594	0.985533	0.583474	-0.811333	0.036018	0.804118	0.570934	-0.165614
24719	9.704469	0.350398	-1.677426	-0.007358	0.000670	-0.008519	0.113813	0.125643	0.985526	0.583441	-0.811355	0.036060	0.804141	0.570892	-0.165648
24720	9.689502	0.359985	-1.659664	-0.009198	0.006533	-0.014685	0.113704	0.125723	0.985528	0.583397	-0.811380	0.036199	0.804189	0.570838	-0.165604
24721	9.664842	0.385560	-1.657644	-0.016988	0.003866	-0.011683	0.113669	0.125779	0.985525	0.583290	-0.811453	0.036288	0.804271	0.570722	-0.165603
24722	9.700934	0.372380	-1.618920	-0.023239	0.005429	-0.015849	0.113610	0.125886	0.985518	0.583087	-0.811592	0.036451	0.804427	0.570501	-0.165608
24723	9.651132	0.323948	-1.636953	-0.017425	0.015718	-0.010923	0.113484	0.125869	0.985535	0.582975	-0.811668	0.036534	0.804525	0.570396	-0.165490
24724	9.651278	0.325670	-1.635748	-0.018067	0.008057	-0.018742	0.113355	0.125962	0.985538	0.582894	-0.811719	0.036703	0.804603	0.570303	-0.165435
24725	9.679342	0.353407	-1.588846	-0.015202	0.008134	-0.013572	0.113274	0.126009	0.985541	0.582803	-0.811779	0.036807	0.804680	0.570207	-0.165392
24726	9.654812	0.379067	-1.585872	-0.013929	0.021702	-0.014663	0.113059	0.126012	0.985565	0.582724	-0.811830	0.036951	0.804768	0.570134	-0.165215
24727	9.708205	0.480822	-1.517041	-0.020997	0.019882	-0.015231	0.112874	0.126006	0.985587	0.582588	-0.811921	0.037082	0.804892	0.570006	-0.165054
24728	9.732332	0.594221	-1.306024	-0.052247	0.042144	-0.027421	0.112450	0.126000	0.985636	0.582138	-0.812228	0.037417	0.805276	0.569569	-0.164684
24729	9.714399	0.722192	-1.204022	-0.107179	0.056412	-0.035904	0.111850	0.125954	0.985710	0.581331	-0.812784	0.037893	0.805942	0.568786	-0.164131
24730	9.807597	0.795628	-1.148419	-0.162306	0.075840	-0.049732	0.110977	0.125900	0.985816	0.580164	-0.813585	0.038592	0.806904	0.567652	-0.163332
24731	9.823993	0.727575	-1.260951	-0.167462	0.096251	-0.057662	0.109930	0.125807	0.985945	0.578892	-0.814453	0.039380	0.807960	0.566427	-0.162361
24732	9.820284	0.661118	-1.322119	-0.158416	0.095736	-0.065074	0.108826	0.125805	0.986068	0.577664	-0.815281	0.040263	0.808988	0.565234	-0.161397
24733	9.822168	0.602985	-1.416826	-0.154340	0.095131	-0.066995	0.107733	0.125798	0.986189	0.576503	-0.816060	0.041118	0.809962	0.564111	-0.160439
24734	9.854930	0.522522	-1.439239	-0.141858	0.117583	-0.072060	0.106424	0.125670	0.986347	0.575540	-0.816697	0.041956	0.810819	0.563217	-0.159245
24735	9.784791	0.457281	-1.419712	-0.147985	0.132127	-0.076334	0.104977	0.125534	0.986520	0.574437	-0.817425	0.042890	0.811790	0.562191	-0.157922
24736	9.711913	0.433861	-1.318460	-0.155354	0.133091	-0.079591	0.103533	0.125413	0.986688	0.573314	-0.818162	0.043834	0.812768	0.561144	-0.156608
24737	9.634417	0.427502	-1.160875	-0.166998	0.117889	-0.089661	0.102125	0.125469	0.986827	0.572066	-0.818977	0.044926	0.813825	0.559942	-0.155414
24738	9.634102	0.413391	-1.173666	-0.185911	0.102512	-0.086261	0.100920	0.125566	0.986939	0.570700	-0.819872	0.045953	0.814934	0.558608	-0.154402
24739	9.737330	0.385575	-1.227144	-0.176006	0.102958	-0.094556	0.099605	0.125750	0.987049	0.569377	-0.820726	0.047103	0.816020	0.557311	-0.153347
24740	9.727552	0.388346	-1.255639	-0.159231	0.119619	-0.096079	0.098131	0.125832	0.987186	0.568238	-0.821450	0.048221	0.816992	0.556225	-0.152112
24741	9.562296	0.403543	-1.288440	-0.154900	0.131859	-0.098020	0.096560	0.125887	0.987334	0.567085	-0.822178	0.049369	0.817980	0.555135	-0.150779
24742	9.535760	0.381523	-1.216647	-0.164009	0.120845	-0.094173	0.095121	0.125977	0.987462	0.565849	-0.822962	0.050483	0.819004	0.553952	-0.149565
24743	9.647388	0.427830	-1.122482	-0.182652	0.113087	-0.088260	0.093759	0.126060	0.987582	0.564453	-0.823853	0.051573	0.820123	0.552608	-0.148399
24744	9.694571	0.415247	-1.162062	-0.194801	0.126785	-0.083450	0.092253	0.126011	0.987730	0.562954	-0.824810	0.052647	0.821323	0.551190	-0.147030
24745	9.676460	0.457358	-1.180115	-0.194687	0.129512	-0.075521	0.090828	0.125904	0.987876	0.561441	-0.825777	0.053624	0.822517	0.549764	-0.145691
24746	9.656796	0.451208	-1.246726	-0.192868	0.135172	-0.088792	0.089276	0.125890	0.988019	0.559921	-0.826735	0.054746	0.823722	0.548325	-0.144296
24747	9.648316	0.439202	-1.403824	-0.177715	0.130654	-0.097213	0.087719	0.125961	0.988149	0.558561	-0.827577	0.055908	0.824812	0.547037	-0.142951
24748	9.619587	0.344633	-1.405954	-0.179142	0.127576	-0.101595	0.086194	0.126068	0.988270	0.557219	-0.828401	0.057076	0.825880	0.545764	-0.141651
24749	9.577930	0.354128	-1.293468	-0.201502	0.111208	-0.094851	0.084811	0.126230	0.988369	0.555654	-0.829371	0.058243	0.827077	0.544251	-0.140480
24750	9.569352	0.381777	-1.298162	-0.220423	0.099667	-0.087842	0.083641	0.126421	0.988444	0.553897	-0.830468	0.059345	0.828373	0.542532	-0.139485
24751	9.622522	0.356059	-1.397408	-0.210952	0.096611	-0.092410	0.082393	0.126646	0.988520	0.552243	-0.831485	0.060498	0.829601	0.540919	-0.138448
24752	9.572040	0.366948	-1.433720	-0.185105	0.090932	-0.097271	0.081182	0.126944	0.988582	0.550765	-0.832380	0.061657	0.830703	0.539471	-0.137491
24753	9.530214	0.313374	-1.505228	-0.166840	0.079748	-0.091437	0.080080	0.127256	0.988632	0.549471	-0.833154	0.062736	0.831666	0.538200	-0.136643
24754	9.524917	0.314876	-1.465453	-0.138508	0.057268	-0.082394	0.079232	0.127600	0.988656	0.548417	-0.833778	0.063660	0.832443	0.537152	-0.136040
24755	9.593087	0.366073	-1.382142	-0.135356	0.029957	-0.078482	0.078616	0.128075	0.988644	0.547371	-0.834396	0.064566	0.833189	0.536079	-0.135702
24756	9.725391	0.375257	-1.500507	-0.132119	0.019408	-0.075731	0.078093	0.128563	0.988622	0.546382	-0.834977	0.065423	0.833888	0.535056	-0.135451
24757	9.683670	0.367693	-1.529032	-0.113670	0.017229	-0.084067	0.077554	0.129154	0.988587	0.545518	-0.835468	0.066354	0.834503	0.534146	-0.135250
24758	9.598032	0.332503	-1.483263	-0.113951	0.005843	-0.090711	0.077099	0.129827	0.988535	0.544689	-0.835933	0.067303	0.835087	0.533255	-0.135165
24759	9.510400	0.310213	-1.308032	-0.139179	-0.010539	-0.091993	0.076750	0.130633	0.988456	0.543616	-0.836547	0.068347	0.835817	0.532095	-0.135219
24760	9.571145	0.329041	-1.222810	-0.168579	-0.028849	-0.088726	0.076570	0.131487	0.988356	0.542341	-0.837290	0.069374	0.836662	0.530714	-0.135422
24761	9.631529	0.323676	-1.163747	-0.162082	-0.033219	-0.081864	0.076468	0.132329	0.988252	0.541066	-0.838033	0.070348	0.837496	0.529330	-0.135682
24762	9.656625	0.333794	-1.142743	-0.163376	-0.020924	-0.080924	0.076388	0.133057	0.988160	0.539856	-0.838740	0.071205	0.838284	0.528025	-0.135901
24763	9.596308	0.274330	-1.102378	-0.147650	-0.020480	-0.086610	0.076156	0.133872	0.988068	0.538703	-0.839395	0.072208	0.839046	0.526777	-0.136042
24764	9.609396	0.241611	-1.040802	-0.128494	-0.019218	-0.083006	0.075971	0.134636	0.987979	0.537716	-0.839950	0.073116	0.839696	0.525697	-0.136207
24765	9.593264	0.257501	-1.025056	-0.104885	-0.021337	-0.081329	0.075777	0.135411	0.987888	0.536916	-0.840383	0.074008	0.840225	0.524805	-0.136386
24766	9.606684	0.321218	-1.173327	-0.064133	-0.037996	-0.081182	0.075724	0.136234	0.987778	0.536447	-0.840612	0.074813	0.840530	0.524225	-0.136736
24767	9.572702	0.428310	-1.245953	-0.012757	-0.059660	-0.081504	0.075852	0.137211	0.987633	0.536421	-0.840559	0.075581	0.840535	0.524054	-0.137361
24768	9.536449	0.523115	-1.214933	0.009931	-0.079205	-0.090889	0.076150	0.138366	0.987449	0.536625	-0.840358	0.076371	0.840378	0.524074	-0.138244
24769	9.537396	0.493819	-1.068690	-0.001641	-0.072282	-0.099820	0.076286	0.139563	0.987270	0.536707	-0.840220	0.077305	0.840313	0.523978	-0.139001
24770	9.532357	0.384696	-0.964943	-0.009765	-0.064612	-0.096879	0.076419	0.140642	0.987107	0.536754	-0.840112	0.078144	0.840271	0.523862	-0.139691
24771	9.558263	0.358628	-1.104838	0.054820	-0.072030	-0.080797	0.076654	0.141677	0.986941	0.537297	-0.839703	0.078810	0.839903	0.524239	-0.140490
24772	9.482891	0.458945	-1.317945	0.108548	-0.102308	-0.082837	0.077097	0.142844	0.986738	0.538253	-0.839034	0.079407	0.839250	0.524993	-0.141573
24773	9.445145	0.481603	-1.367638	0.099094	-0.132401	-0.091339	0.077779	0.144285	0.986475	0.539175	-0.838375	0.080112	0.838595	0.525651	-0.143003
24774	9.573091	0.503774	-1.372848	0.065759	-0.152815	-0.085937	0.078680	0.145762	0.986186	0.539776	-0.837924	0.080784	0.838124	0.525963	-0.144607
24775	9.615713	0.467097	-1.228148	0.033030	-0.138866	-0.078458	0.079484	0.147130	0.985918	0.540134	-0.837628	0.081455	0.837817	0.526054	-0.146048
24776	9.513271	0.362781	-1.253353	0.013110	-0.107823	-0.070160	0.080074	0.148191	0.985712	0.540310	-0.837460	0.082011	0.837647	0.526023	-0.147127
24777	9.355042	0.305996	-1.344122	0.001703	-0.089722	-0.064685	0.080540	0.149184	0.985524	0.540396	-0.837348	0.082591	0.837547	0.525921	-0.148058
24778	9.261151	0.374976	-1.459293	0.008808	-0.104751	-0.050155	0.081236	0.150075	0.985332	0.540574	-0.837198	0.082946	0.837365	0.525906	-0.149137
24779	9.411459	0.456332	-1.568504	0.004250	-0.141259	-0.037255	0.082281	0.151109	0.985087	0.540660	-0.837112	0.083251	0.837208	0.525747	-0.150577
24780	9.895001	0.595713	-1.644856	-0.007757	-0.154987	-0.028610	0.083454	0.152063	0.984841	0.540585	-0.837140	0.083449	0.837140	0.525426	-0.152066
24781	10.264523	0.783243	-1.671839	-0.015728	-0.136022	-0.016452	0.084567	0.152895	0.984617	0.540487	-0.837191	0.083580	0.837092	0.525105	-0.153437
24782	10.090521	1.191104	-1.684837	-0.003796	-0.131267	-0.016201	0.085682	0.153631	0.984406	0.540458	-0.837205	0.083617	0.836997	0.524866	-0.154765
24783	9.734457	1.700920	-1.862339	0.032478	-0.169487	-0.040351	0.086946	0.154837	0.984107	0.540784	-0.836966	0.083908	0.836656	0.524894	-0.156505
24784	9.697141	2.040503	-1.934704	0.032617	-0.225302	-0.079292	0.088483	0.156600	0.983691	0.541169	-0.836656	0.084514	0.836246	0.524865	-0.158777
24785	9.628750	2.052073	-1.911153	0.000670	-0.226703	-0.107256	0.089862	0.158666	0.983234	0.541290	-0.836477	0.085512	0.836020	0.524530	-0.161052
24786	9.538473	1.873851	-1.799337	-0.069414	-0.200623	-0.108048	0.090967	0.160499	0.982835	0.540828	-0.836666	0.086572	0.836200	0.523669	-0.162912
24787	9.585367	1.744311	-1.686441	-0.131351	-0.200415	-0.078678	0.092283	0.162184	0.982436	0.539821	-0.837220	0.087505	0.836706	0.522264	-0.164811
24788	9.631053	1.780060	-1.469772	-0.178683	-0.209429	-0.053205	0.093773	0.163665	0.982049	0.538396	-0.838057	0.088258	0.837458	0.520455	-0.166703
24789	9.730161	1.875320	-1.263598	-0.224736	-0.213577	-0.052550	0.095344	0.165193	0.981642	0.536582	-0.839132	0.089095	0.838445	0.518237	-0.168645
24790	9.767799	1.949257	-1.035550	-0.251585	-0.207311	-0.057411	0.096838	0.166658	0.981248	0.534606	-0.840300	0.089959	0.839535	0.515870	-0.170469
24791	9.759909	1.864651	-0.988693	-0.240961	-0.204283	-0.060215	0.098297	0.168193	0.980841	0.532660	-0.841433	0.090906	0.840602	0.513519	-0.172300
24792	9.740592	1.582863	-0.949900	-0.186732	-0.206228	-0.052170	0.099818	0.169633	0.980439	0.531207	-0.842271	0.091646	0.841341	0.511669	-0.174184
24793	9.685667	1.254647	-0.895843	-0.116080	-0.218594	-0.027251	0.101576	0.170957	0.980029	0.530277	-0.842811	0.092060	0.841717	0.510336	-0.176264
24794	9.561827	1.011844	-0.735565	-0.058362	-0.233761	-0.014355	0.103551	0.172200	0.979604	0.529910	-0.843030	0.092177	0.841708	0.509557	-0.178547
24795	9.467810	1.110309	-0.540881	-0.044587	-0.270643	-0.003874	0.105872	0.173588	0.979111	0.529558	-0.843244	0.092238	0.841641	0.508731	-0.181201
24796	9.747039	1.360617	-0.455207	-0.064097	-0.324833	-0.017771	0.108572	0.175365	0.978499	0.529026	-0.843551	0.092480	0.841631	0.507611	-0.184358
24797	9.866200	1.525747	-0.474618	-0.069685	-0.316742	-0.032444	0.111129	0.177222	0.977877	0.528495	-0.843842	0.092870	0.841632	0.506482	-0.187436
24798	9.751793	1.624632	-0.725404	-0.037020	-0.304572	-0.052711	0.113427	0.179142	0.977263	0.528230	-0.843949	0.093395	0.841491	0.505626	-0.190354
24799	9.734627	1.517548	-0.955443	0.002439	-0.308436	-0.057754	0.115780	0.181165	0.976614	0.528335	-0.843828	0.093897	0.841105	0.505108	-0.193414
24800	9.729311	1.227588	-1.113065	0.038896	-0.286916	-0.057423	0.117971	0.183073	0.975995	0.528827	-0.843475	0.094295	0.840491	0.505008	-0.196320
24801	9.602231	1.022850	-1.201043	0.072779	-0.263141	-0.044279	0.120011	0.184753	0.975430	0.529509	-0.843021	0.094526	0.839772	0.505155	-0.199000
24802	9.535779	0.980731	-1.230276	0.066999	-0.276961	-0.030174	0.122180	0.186273	0.974871	0.530158	-0.842610	0.094557	0.839050	0.505283	-0.201705
24803	9.674989	1.016707	-1.413708	0.046314	-0.290173	-0.025914	0.124540	0.187935	0.974254	0.530597	-0.842322	0.094658	0.838425	0.505147	-0.204620
24804	9.471232	0.980466	-1.745999	0.032910	-0.271288	-0.023402	0.126705	0.189419	0.973687	0.530879	-0.842135	0.094744	0.837922	0.504905	-0.207261
24805	9.093420	0.826193	-2.076432	0.033037	-0.295195	-0.022123	0.129124	0.191072	0.973046	0.531202	-0.841921	0.094833	0.837348	0.504639	-0.210210
24806	9.033331	0.705910	-2.203126	0.031402	-0.357479	-0.007916	0.132089	0.192859	0.972295	0.531517	-0.841731	0.094753	0.836685	0.504276	-0.213692
24807	9.184604	0.639797	-2.187879	0.011061	-0.392254	0.010476	0.135489	0.194724	0.971455	0.531614	-0.841691	0.094569	0.836080	0.503626	-0.217558
24808	9.251955	0.583668	-2.179959	-0.004721	-0.403770	0.023375	0.139003	0.196497	0.970601	0.531445	-0.841826	0.094317	0.835610	0.502711	-0.221444
24809	9.300150	0.605595	-2.151642	-0.012654	-0.430153	0.040632	0.142875	0.198292	0.969674	0.531299	-0.841965	0.093893	0.835050	0.501772	-0.225649
24810	9.419860	0.644756	-2.078822	-0.037713	-0.465028	0.054972	0.147093	0.200095	0.968672	0.530977	-0.842229	0.093347	0.834522	0.500612	-0.230132
24811	9.607804	0.641459	-2.071555	-0.037243	-0.487465	0.065662	0.151571	0.201955	0.967595	0.530585	-0.842543	0.092740	0.833970	0.499335	-0.234860
24812	9.507039	0.615867	-2.022561	0.000972	-0.498061	0.077275	0.156138	0.203703	0.966502	0.530410	-0.842742	0.091931	0.833238	0.498288	-0.239630
24813	9.339232	0.617079	-1.970371	0.049530	-0.522085	0.081513	0.160981	0.205592	0.965307	0.530709	-0.842658	0.090966	0.832125	0.497654	-0.244761
24814	9.241372	0.705580	-1.960553	0.073340	-0.557397	0.086307	0.166101	0.207552	0.964019	0.531250	-0.842438	0.089841	0.830773	0.497212	-0.250192
24815	9.238247	0.752444	-1.995550	0.093028	-0.570699	0.089555	0.171377	0.209610	0.962649	0.531887	-0.842159	0.088685	0.829293	0.496822	-0.255815
24816	9.371787	0.768199	-1.926928	0.082039	-0.608827	0.100168	0.176920	0.211646	0.961200	0.532358	-0.841994	0.087412	0.827825	0.496238	-0.261637
24817	9.551512	0.907122	-1.841468	0.078972	-0.634184	0.105092	0.182787	0.213882	0.959606	0.532837	-0.841823	0.086135	0.826241	0.495570	-0.267838
24818	9.502180	1.024690	-1.756641	0.076260	-0.625948	0.103710	0.188512	0.215996	0.958024	0.533305	-0.841660	0.084821	0.824651	0.494929	-0.273855
24819	9.425035	1.245407	-1.786264	0.073512	-0.641523	0.093808	0.194360	0.218354	0.956319	0.533746	-0.841496	0.083660	0.823006	0.494171	-0.280099
24820	9.530512	1.264026	-1.962626	0.079226	-0.649693	0.083232	0.200137	0.220746	0.954577	0.534180	-0.841329	0.082561	0.821338	0.493393	-0.286299
24821	9.532250	1.160471	-2.106704	0.150668	-0.632563	0.088523	0.205861	0.223097	0.952811	0.535250	-0.840779	0.081221	0.819224	0.493272	-0.292497
24822	9.487385	1.046645	-2.306863	0.234192	-0.617125	0.096676	0.211405	0.225183	0.951105	0.536841	-0.839926	0.079535	0.816768	0.493778	-0.298452
24823	9.380569	0.812458	-2.505976	0.283261	-0.639472	0.109332	0.217268	0.227401	0.949254	0.538929	-0.838771	0.077582	0.813849	0.494724	-0.304791
24824	9.384883	0.690455	-2.402001	0.271891	-0.668071	0.117082	0.223334	0.229619	0.947310	0.540798	-0.837751	0.075566	0.810962	0.495427	-0.311276
24825	9.408592	0.672998	-2.233880	0.197329	-0.690187	0.135102	0.229715	0.231883	0.945231	0.542102	-0.837083	0.073608	0.808305	0.495502	-0.317995
24826	9.585913	0.721288	-2.086867	0.113029	-0.714285	0.143894	0.236258	0.234063	0.943078	0.542508	-0.836975	0.071821	0.806143	0.494659	-0.324723
24827	9.704193	0.681533	-2.037524	0.068493	-0.678139	0.153562	0.242613	0.236105	0.940954	0.542703	-0.836995	0.070091	0.804122	0.493653	-0.331200
24828	9.732426	0.542879	-2.066592	0.115052	-0.653863	0.149756	0.248609	0.237918	0.938930	0.543240	-0.836803	0.068201	0.801925	0.493109	-0.337283
24829	9.751428	0.551883	-1.945255	0.198962	-0.660126	0.145701	0.254746	0.239929	0.936770	0.544477	-0.836168	0.066097	0.799155	0.493211	-0.343647
24830	9.912960	0.621329	-1.795843	0.249729	-0.678370	0.148301	0.260925	0.241849	0.934573	0.545934	-0.835398	0.063765	0.796162	0.493578	-0.350010
24831	10.035160	0.642479	-1.715636	0.250148	-0.680177	0.147270	0.267195	0.243953	0.932252	0.547542	-0.834519	0.061446	0.792972	0.494029	-0.356554
24832	10.215380	0.513243	-1.698460	0.274140	-0.655940	0.137936	0.273095	0.245848	0.930042	0.549197	-0.833601	0.059090	0.789811	0.494640	-0.362671
24833	10.200154	0.524803	-1.720132	0.368185	-0.609908	0.136437	0.278712	0.247708	0.927879	0.551730	-0.832112	0.056416	0.786075	0.496215	-0.368588
24834	9.876134	0.625384	-1.820897	0.483080	-0.575993	0.129569	0.283906	0.249336	0.925867	0.555098	-0.830074	0.053324	0.781833	0.498808	-0.374069
24835	9.634692	0.840032	-1.858584	0.567763	-0.600883	0.127204	0.289358	0.251263	0.923655	0.559166	-0.827550	0.049947	0.776920	0.502024	-0.379956
24836	9.639655	1.203762	-1.594191	0.565012	-0.667666	0.124475	0.295199	0.253397	0.921221	0.563034	-0.825122	0.046543	0.771913	0.504939	-0.386247
24837	9.772800	1.818934	-1.249868	0.444438	-0.696786	0.114764	0.301270	0.255951	0.918545	0.566118	-0.823165	0.043695	0.767298	0.506841	-0.392894
24838	9.888916	2.125008	-1.236526	0.305876	-0.664724	0.074624	0.306746	0.258552	0.916001	0.568183	-0.821845	0.041705	0.763594	0.507663	-0.399003
24839	10.063908	1.966537	-1.590105	0.308347	-0.594204	0.032228	0.311516	0.261282	0.913613	0.570437	-0.820361	0.040111	0.759973	0.508664	-0.404601
24840	10.023291	1.720971	-2.009672	0.449174	-0.500449	0.012936	0.315381	0.263581	0.911625	0.573714	-0.818170	0.038081	0.755901	0.511002	-0.409255
24841	9.873534	1.477499	-2.160538	0.601184	-0.457571	0.002966	0.318905	0.265879	0.909729	0.578238	-0.815094	0.035519	0.750959	0.514713	-0.413679
24842	9.826995	1.294060	-1.965241	0.682835	-0.461749	0.008535	0.322377	0.268098	0.907853	0.583358	-0.811564	0.032513	0.745498	0.519121	-0.418027
24843	10.191229	1.369215	-1.562337	0.691846	-0.506326	0.038667	0.326424	0.270400	0.905721	0.588374	-0.808062	0.029193	0.739773	0.523373	-0.422867
24844	10.608851	1.406190	-1.269141	0.562882	-0.505815	0.055276	0.330439	0.272315	0.903690	0.592074	-0.805457	0.026219	0.735023	0.526388	-0.427385
24845	10.929676	1.090718	-1.394283	0.507202	-0.449200	0.035730	0.334002	0.274375	0.901754	0.595675	-0.802877	0.023657	0.730489	0.529251	-0.431601
24846	11.195132	0.815772	-1.266553	0.519024	-0.384609	0.027872	0.336865	0.275967	0.900202	0.599281	-0.800261	0.021071	0.726212	0.532376	-0.434962
24847	11.410433	0.592745	-1.060764	0.577242	-0.311343	0.028995	0.339353	0.277375	0.898834	0.603364	-0.797257	0.018230	0.721659	0.536138	-0.437910
24848	11.654845	0.472077	-0.616789	0.622226	-0.231456	0.037503	0.341212	0.278025	0.897929	0.607462	-0.794206	0.015075	0.717331	0.540314	-0.439882
24849	11.733724	0.355389	-0.124484	0.684795	-0.158121	0.021075	0.342531	0.278693	0.897219	0.612287	-0.790547	0.011807	0.712585	0.545312	-0.441427
24850	11.980638	-0.070991	0.335298	0.739476	-0.068385	0.032236	0.343079	0.278619	0.897033	0.617444	-0.786573	0.008162	0.707856	0.551067	-0.441888
24851	12.292168	-0.442238	0.445876	0.809641	0.102396	0.047225	0.342709	0.277658	0.897472	0.622994	-0.782216	0.004103	0.703156	0.557714	-0.441052
24852	12.260420	-0.872717	0.425563	0.943935	0.280512	0.043822	0.340980	0.275517	0.898790	0.629357	-0.777116	-0.000544	0.698314	0.565845	-0.438379
24853	12.127714	-1.133803	0.896091	1.140271	0.446505	0.043038	0.338207	0.272613	0.900721	0.637141	-0.770724	-0.005968	0.692580	0.575905	-0.434357
24854	12.111186	-1.773611	2.152228	1.227458	0.662448	0.072051	0.333968	0.267869	0.903721	0.645221	-0.763901	-0.012014	0.687136	0.587112	-0.427953
24855	11.952287	-2.481658	3.686153	1.141759	1.008483	0.144037	0.328054	0.260774	0.907952	0.652567	-0.757512	-0.018214	0.683036	0.598474	-0.418677
24856	11.832102	-3.189222	4.926962	0.907039	1.339855	0.255141	0.320488	0.250299	0.913585	0.657611	-0.752962	-0.024400	0.681788	0.608603	-0.405915
24857	12.100546	-3.240790	5.164214	0.856551	1.628131	0.392060	0.312039	0.237341	0.919946	0.662209	-0.748658	-0.031467	0.681257	0.619016	-0.390780
24858	11.804245	-1.805157	5.110064	0.970535	1.930293	0.426577	0.301599	0.221613	0.927322	0.667232	-0.743816	-0.039250	0.681058	0.630576	-0.372202
24859	11.297527	-0.055229	4.235004	1.276350	2.094396	0.387391	0.290020	0.205373	0.934725	0.674764	-0.736501	-0.047541	0.678662	0.644507	-0.352178
24860	11.357805	2.141591	2.567771	1.696058	2.143588	0.309684	0.277401	0.188554	0.942070	0.685078	-0.726286	-0.056362	0.673585	0.661027	-0.330647
24861	11.361412	4.069572	0.670905	1.979862	2.322029	0.056533	0.262298	0.172565	0.949432	0.698191	-0.713110	-0.063276	0.666130	0.679482	-0.307530
24862	11.321922	5.346056	-1.611201	2.066209	2.325820	-0.191942	0.245370	0.157315	0.956580	0.711932	-0.698981	-0.067665	0.657986	0.697623	-0.283507
24863	12.705532	5.974103	-3.909719	1.781206	2.190910	-0.388693	0.228308	0.144534	0.962801	0.724508	-0.685820	-0.068848	0.650357	0.713275	-0.261293
24864	14.168365	5.468434	-5.038688	1.063802	2.199011	-0.656563	0.209089	0.132773	0.968841	0.732579	-0.677548	-0.065248	0.647773	0.723395	-0.238935
24865	14.716498	4.139218	-4.213797	0.297628	2.387983	-0.856935	0.187359	0.121214	0.974784	0.736213	-0.674289	-0.057657	0.650297	0.728451	-0.215574
24866	14.695404	3.271800	-2.927254	-0.553564	2.579967	-0.954589	0.163300	0.108520	0.980590	0.734014	-0.677488	-0.047261	0.659209	0.727485	-0.190289
24867	14.670672	2.132201	-2.417691	-1.425470	2.737174	-0.976811	0.137988	0.095348	0.985834	0.725991	-0.686803	-0.035192	0.673718	0.720563	-0.163993
24868	14.280168	1.123026	-2.209816	-2.074151	2.917438	-0.953228	0.111007	0.080689	0.990539	0.712415	-0.701391	-0.022703	0.692923	0.708195	-0.135343
24869	14.488826	0.249182	-2.630076	-2.339437	2.958617	-0.853739	0.084263	0.065983	0.994256	0.696820	-0.717155	-0.011462	0.712279	0.693783	-0.106408
24870	15.067204	-0.308739	-2.871549	-2.208443	3.018399	-0.744573	0.057172	0.050369	0.997093	0.681205	-0.732089	-0.002077	0.729856	0.679344	-0.076167
24871	15.073055	-0.631028	-2.962833	-2.032671	3.175566	-0.766917	0.028647	0.034654	0.998989	0.666557	-0.745423	0.006744	0.744903	0.665690	-0.044453
24872	14.642625	-0.363387	-3.104054	-1.669185	3.244464	-0.765599	-0.001035	0.018728	0.999824	0.654029	-0.756324	0.014844	0.756469	0.653929	-0.011466
24873	13.808813	-0.408658	-3.124373	-1.312066	3.152670	-0.732059	-0.029703	0.003805	0.999552	0.643954	-0.764746	0.022047	0.764487	0.644320	0.020265
24874	12.790378	-0.931757	-3.125196	-0.912718	2.943021	-0.737784	-0.057101	-0.009568	0.998323	0.636339	-0.770864	0.029009	0.769293	0.636928	0.050106
24875	12.030525	-0.703719	-3.331287	-0.436709	2.763496	-0.714273	-0.082845	-0.021628	0.996328	0.632498	-0.773735	0.035796	0.770119	0.633141	0.077780
24876	11.275388	-0.530296	-3.589710	-0.094431	2.575046	-0.718934	-0.107306	-0.032542	0.993693	0.631074	-0.774542	0.042783	0.768265	0.631685	0.103649
24877	11.196807	0.061627	-4.058551	0.200228	2.489720	-0.695087	-0.130710	-0.042924	0.990491	0.631803	-0.773524	0.049855	0.764028	0.632312	0.128227
24878	10.323592	0.286413	-4.110583	0.266911	2.436779	-0.715297	-0.153924	-0.052983	0.986661	0.632775	-0.772217	0.057249	0.758883	0.633146	0.152389
24879	9.570121	0.019498	-4.167829	0.156850	2.322245	-0.773664	-0.176327	-0.061740	0.982393	0.632708	-0.771652	0.065068	0.754048	0.633042	0.175127
24880	8.973103	0.559466	-4.073854	0.046642	2.257532	-0.792773	-0.198465	-0.069995	0.977605	0.631416	-0.772009	0.072910	0.749617	0.631746	0.197413
24881	7.858436	0.146008	-4.150315	-0.255132	2.267321	-0.812271	-0.220481	-0.078025	0.972265	0.627833	-0.774201	0.080244	0.746468	0.628112	0.219684
24882	7.065597	0.208399	-4.020268	-0.426264	2.008015	-0.777293	-0.240349	-0.084632	0.966990	0.622760	-0.777591	0.086734	0.744582	0.623049	0.239599
24883	7.068157	-0.278451	-4.795895	-0.545443	1.963523	-0.700419	-0.259238	-0.091376	0.961481	0.616982	-0.781572	0.092075	0.743054	0.617086	0.258990
24884	6.359334	-0.347020	-4.923487	-0.597688	1.943045	-0.709410	-0.278056	-0.097792	0.955574	0.610556	-0.785982	0.097225	0.741556	0.610466	0.278255
24885	6.086857	-0.303114	-4.722578	-0.758605	1.719996	-0.651145	-0.294702	-0.103121	0.950009	0.603098	-0.791221	0.101202	0.741231	0.602773	0.295366
24886	5.856190	-0.823362	-4.548400	-0.868851	1.482275	-0.589377	-0.309283	-0.107414	0.944884	0.594934	-0.797000	0.104134	0.741887	0.594351	0.310403
24887	5.555721	-1.006981	-4.134910	-0.934470	1.285330	-0.522983	-0.321861	-0.110843	0.940276	0.586378	-0.803066	0.106052	0.743349	0.585491	0.323471
24888	5.093002	-0.927382	-3.639693	-1.063432	1.130299	-0.474689	-0.333048	-0.113568	0.936046	0.576825	-0.809832	0.106981	0.745890	0.575564	0.335222
24889	4.820068	-0.804550	-3.392180	-1.268828	0.985235	-0.414598	-0.342729	-0.115841	0.932265	0.565970	-0.817520	0.106485	0.749810	0.564129	0.345750
24890	4.719880	-0.756453	-3.106805	-1.546583	0.866097	-0.378249	-0.351389	-0.117564	0.928819	0.553001	-0.826591	0.104585	0.755458	0.550388	0.355468
24891	4.445814	-0.908444	-2.598519	-1.848432	0.744594	-0.325182	-0.358760	-0.118931	0.925822	0.537849	-0.836981	0.100901	0.762896	0.534151	0.364243
24892	4.405599	-0.945043	-1.561075	-2.126308	0.502940	-0.300170	-0.364199	-0.119128	0.923671	0.520523	-0.848455	0.095812	0.772279	0.515687	0.371015
24893	5.040831	-1.243182	-0.606607	-2.367967	0.242279	-0.220605	-0.367157	-0.118504	0.922579	0.501332	-0.860669	0.088963	0.783493	0.495182	0.375410
24894	5.756882	-0.556696	0.363377	-2.647555	0.172319	-0.132254	-0.369150	-0.118267	0.921814	0.479999	-0.873601	0.080139	0.795820	0.472053	0.379258
24895	6.943782	0.256385	1.164161	-3.153327	0.231144	-0.036277	-0.371124	-0.119046	0.920921	0.454586	-0.888073	0.068395	0.809703	0.444021	0.383702
24896	8.686495	0.967304	2.151759	-3.400325	0.412201	0.089330	-0.374071	-0.121692	0.919381	0.427206	-0.902519	0.054358	0.823144	0.413099	0.389593
24897	10.364741	1.895862	3.870197	-2.939580	0.696962	0.200091	-0.378961	-0.126335	0.916749	0.403658	-0.913995	0.040907	0.832735	0.385555	0.397365
24898	10.439840	1.577583	6.491221	-1.983562	0.869382	0.088283	-0.385864	-0.130467	0.913284	0.387487	-0.921316	0.032099	0.837235	0.366271	0.406057
24899	8.839114	0.178588	8.414819	-0.861462	0.776825	-0.089702	-0.392666	-0.132495	0.910087	0.379963	-0.924536	0.029341	0.837521	0.357321	0.413377
24900	6.414717	-0.503186	9.429471	-0.185297	0.306707	-0.229876	-0.396088	-0.131504	0.908747	0.377543	-0.925485	0.030631	0.837004	0.355224	0.416222
24901	5.825858	-0.926111	8.921676	-0.101979	-0.381259	-0.326350	-0.394075	-0.127173	0.910237	0.375439	-0.926255	0.033130	0.838898	0.354794	0.412760
24902	7.446301	-1.413670	8.142161	-0.005780	-0.832185	-0.337390	-0.388333	-0.121142	0.913522	0.374082	-0.926691	0.036132	0.842175	0.355764	0.405182
24903	9.868611	-0.916858	7.931264	0.218501	-0.821451	-0.247717	-0.382286	-0.115958	0.916739	0.375010	-0.926190	0.039229	0.844526	0.358783	0.397555
24904	11.998763	-0.204080	7.881720	0.208206	-0.363915	-0.154417	-0.379787	-0.113281	0.918112	0.376167	-0.925627	0.041398	0.845139	0.361086	0.394154
24905	12.324696	0.299541	7.421435	0.041005	0.322898	-0.124935	-0.382937	-0.113335	0.916796	0.376076	-0.925606	0.042659	0.843757	0.361120	0.397071
24906	10.524387	0.495479	6.873442	-0.107316	0.821419	-0.187260	-0.390560	-0.114622	0.913414	0.374428	-0.926218	0.043870	0.840992	0.359141	0.404661
24907	8.382330	0.471922	6.399979	-0.131455	0.845566	-0.343967	-0.398896	-0.114507	0.909819	0.372006	-0.927069	0.046422	0.838149	0.356976	0.412401
24908	7.252806	0.386549	5.863212	-0.006925	0.630995	-0.495034	-0.406016	-0.112230	0.906948	0.369930	-0.927669	0.050814	0.835645	0.356139	0.418166
24909	6.809644	0.434837	5.115210	0.110884	0.418691	-0.604948	-0.411697	-0.108155	0.904880	0.368422	-0.927927	0.056713	0.833529	0.356727	0.421872
24910	6.875953	0.402156	3.992471	0.177908	0.264654	-0.669569	-0.416367	-0.102949	0.903349	0.367103	-0.928014	0.063443	0.831790	0.358038	0.424188
24911	7.152684	0.423732	3.300827	0.248287	0.201439	-0.693977	-0.420540	-0.097278	0.902044	0.366303	-0.927805	0.070717	0.830041	0.360160	0.425812
24912	7.731264	0.019306	2.701530	0.456958	0.227557	-0.660742	-0.424852	-0.092037	0.900572	0.367266	-0.926794	0.078544	0.827415	0.364119	0.427552
24913	8.905256	-0.212364	2.241526	0.877379	0.048854	-0.526287	-0.427155	-0.087392	0.899945	0.372310	-0.924023	0.086986	0.823968	0.372215	0.427238
24914	11.129096	-0.347025	2.467989	1.160373	-0.549531	-0.370674	-0.424027	-0.081961	0.901933	0.380248	-0.919976	0.095165	0.821957	0.383311	0.421260
