// General information: 
//  MT Manager version: 2022.2.0 
//  XDA version: 2022.2.0 build 7381 rev 124627 built on 2023-07-19
// Device information: 
//  DeviceId: 00B4CAF0
//  ProductCode: MTW2-3A7G6
//  Firmware Version: 4.6.0
//  Hardware Version: 2.0.0
// Device settings: 
//  Filter Profile: human(46.1)
//  Option Flags: Orientation Smoother Disabled, Position/Velocity Smoother Disabled, Continuous Zero Rotation Update Disabled, AHS Disabled, ICC Disabled
// Coordinate system: ENU
PacketCounter	Acc_X	Acc_Y	Acc_Z	Gyr_X	Gyr_Y	Gyr_Z	Mat[1][1]	Mat[2][1]	Mat[3][1]	Mat[1][2]	Mat[2][2]	Mat[3][2]	Mat[1][3]	Mat[2][3]	Mat[3][3]
40008	5.979082	1.207652	8.137526	-0.008032	-0.059510	-0.006325	0.680035	0.441461	0.585376	-0.605328	0.788542	0.108534	-0.413680	-0.428151	0.803465
40009	6.226551	1.070335	8.142806	0.000136	-0.048385	-0.007578	0.679880	0.441187	0.585761	-0.605261	0.788591	0.108557	-0.414032	-0.428344	0.803181
40010	6.025674	1.133840	8.107828	0.005477	-0.025684	-0.016960	0.679884	0.440849	0.586012	-0.605102	0.788691	0.108710	-0.414258	-0.428507	0.802977
40011	5.944328	1.212060	8.151918	0.009138	-0.025837	-0.014673	0.679865	0.440616	0.586209	-0.605024	0.788732	0.108847	-0.414402	-0.428671	0.802815
40012	5.973110	1.113810	8.157617	0.004192	-0.029442	-0.019036	0.679918	0.440172	0.586481	-0.604725	0.788949	0.108938	-0.414752	-0.428728	0.802604
40013	5.947842	1.192501	8.092800	-0.002195	-0.034262	-0.017936	0.679885	0.439877	0.586741	-0.604577	0.789053	0.109003	-0.415022	-0.428840	0.802404
40014	5.908420	1.219230	8.112993	-0.007281	-0.042954	-0.014751	0.679822	0.439467	0.587121	-0.604347	0.789227	0.109021	-0.415460	-0.428940	0.802124
40015	5.915308	1.267638	8.112016	-0.018137	-0.059036	-0.010081	0.679637	0.439127	0.587589	-0.604186	0.789365	0.108913	-0.415996	-0.429034	0.801796
40016	6.133929	1.180516	8.107067	-0.018405	-0.066649	-0.005164	0.679331	0.438765	0.588213	-0.604106	0.789440	0.108819	-0.416613	-0.429267	0.801351
40017	6.138913	1.010024	8.064865	-0.005582	-0.032831	-0.006050	0.679230	0.438569	0.588475	-0.604025	0.789506	0.108788	-0.416894	-0.429345	0.801163
40018	6.118158	1.180976	8.113291	-0.003016	-0.022755	-0.012074	0.679147	0.438421	0.588682	-0.604049	0.789469	0.108918	-0.416995	-0.429564	0.800993
40019	6.052619	1.161907	8.089239	0.003207	-0.007759	-0.005642	0.679148	0.438336	0.588744	-0.604007	0.789496	0.108955	-0.417052	-0.429602	0.800943
40020	6.107367	1.159264	8.089253	0.003191	-0.000128	-0.005644	0.679164	0.438193	0.588833	-0.603931	0.789545	0.109022	-0.417137	-0.429658	0.800869
40021	6.028993	1.139962	8.099094	0.011387	0.012249	-0.005617	0.679249	0.438193	0.588734	-0.603924	0.789536	0.109124	-0.417010	-0.429673	0.800927
40022	5.996331	1.165670	8.144137	0.006667	0.012446	-0.006012	0.679373	0.438057	0.588692	-0.603777	0.789639	0.109195	-0.417020	-0.429623	0.800948
40023	5.984767	1.167797	8.122780	0.000208	0.006356	-0.006224	0.679437	0.438027	0.588640	-0.603719	0.789681	0.109212	-0.417001	-0.429576	0.800984
40024	5.962660	1.171431	8.079402	0.009802	0.008499	-0.002791	0.679562	0.437875	0.588609	-0.603554	0.789799	0.109273	-0.417035	-0.429515	0.800998
40025	5.996512	1.194016	8.091498	-0.002128	-0.004993	-0.006417	0.679580	0.437795	0.588649	-0.603484	0.789852	0.109272	-0.417107	-0.429499	0.800970
40026	5.983348	1.147290	8.067341	0.004274	-0.007801	-0.007521	0.679582	0.437650	0.588754	-0.603431	0.789880	0.109367	-0.417180	-0.429596	0.800879
40027	5.996214	1.171471	8.089451	0.015325	-0.012071	-0.009546	0.679589	0.437514	0.588847	-0.603413	0.789871	0.109524	-0.417195	-0.429749	0.800790
40028	5.973852	1.149596	8.098372	0.009391	-0.014367	-0.010699	0.679544	0.437327	0.589038	-0.603401	0.789858	0.109690	-0.417286	-0.429965	0.800626
40029	5.987697	1.175913	8.065497	0.011390	-0.019538	-0.006915	0.679504	0.437180	0.589193	-0.603385	0.789855	0.109800	-0.417375	-0.430120	0.800497
40030	5.959610	1.228335	8.054831	0.010032	-0.024564	-0.010308	0.679480	0.436990	0.589361	-0.603363	0.789847	0.109981	-0.417444	-0.430328	0.800349
40031	6.014170	1.200095	8.107127	0.010801	-0.024596	-0.007286	0.679421	0.436818	0.589556	-0.603341	0.789848	0.110089	-0.417571	-0.430500	0.800190
40032	6.036815	1.176245	8.093560	0.010063	-0.032189	-0.010293	0.679391	0.436565	0.589779	-0.603269	0.789881	0.110248	-0.417725	-0.430697	0.800004
40033	5.999950	1.254299	8.061542	0.008608	-0.025774	-0.004837	0.679312	0.436407	0.589986	-0.603256	0.789881	0.110324	-0.417872	-0.430857	0.799841
40034	5.989550	1.230080	8.091620	0.003442	-0.028104	-0.002965	0.679147	0.436293	0.590261	-0.603344	0.789800	0.110418	-0.418013	-0.431121	0.799625
40035	5.989166	1.181474	8.087950	-0.002167	-0.032959	0.001173	0.679002	0.436152	0.590532	-0.603326	0.789820	0.110373	-0.418275	-0.431227	0.799431
40036	5.999996	1.131791	8.105764	0.013549	-0.038678	-0.001778	0.678864	0.435817	0.590937	-0.603239	0.789874	0.110464	-0.418624	-0.431466	0.799119
40037	6.045573	1.106769	8.080573	0.007474	-0.043506	-0.005552	0.678715	0.435577	0.591285	-0.603215	0.789882	0.110535	-0.418899	-0.431694	0.798851
40038	6.096925	1.179202	8.058897	0.009683	-0.042318	-0.007992	0.678548	0.435302	0.591679	-0.603220	0.789858	0.110681	-0.419163	-0.432015	0.798539
40039	6.160487	1.101083	8.130387	0.015339	-0.028566	-0.010827	0.678494	0.435084	0.591902	-0.603194	0.789855	0.110846	-0.419289	-0.432240	0.798351
40040	6.132513	1.156475	8.065103	0.023885	-0.014933	-0.014413	0.678444	0.434863	0.592122	-0.603231	0.789784	0.111144	-0.419317	-0.432591	0.798147
40041	6.017531	1.237894	8.099313	0.022425	-0.008523	-0.008964	0.678462	0.434746	0.592187	-0.603247	0.789742	0.111355	-0.419264	-0.432785	0.798069
40042	6.048245	1.191019	8.053123	0.016491	-0.010822	-0.010103	0.678487	0.434533	0.592315	-0.603186	0.789760	0.111557	-0.419312	-0.432966	0.797946
40043	6.008139	1.243307	8.075802	0.015430	-0.010778	-0.008220	0.678491	0.434412	0.592399	-0.603178	0.789745	0.111708	-0.419317	-0.433115	0.797863
40044	6.041987	1.244101	8.031299	0.004034	-0.015403	-0.002584	0.678500	0.434300	0.592471	-0.603131	0.789771	0.111780	-0.419370	-0.433180	0.797799
40045	6.007547	1.196124	8.072149	0.004806	-0.015433	0.000435	0.678432	0.434227	0.592601	-0.603137	0.789765	0.111795	-0.419471	-0.433265	0.797700
40046	6.085221	1.192542	8.060269	0.004661	-0.017966	-0.002196	0.678325	0.434061	0.592846	-0.603136	0.789755	0.111868	-0.419646	-0.433449	0.797508
40047	6.096007	1.167444	8.080098	0.006861	-0.016783	-0.004642	0.678282	0.433942	0.592982	-0.603116	0.789762	0.111929	-0.419744	-0.433556	0.797399
40048	6.067162	1.219353	8.070014	0.010488	-0.009308	-0.002394	0.678260	0.433793	0.593116	-0.603092	0.789762	0.112053	-0.419813	-0.433704	0.797281
40049	6.035479	1.222168	8.058254	0.001916	-0.015315	0.001185	0.678189	0.433726	0.593247	-0.603090	0.789765	0.112040	-0.419931	-0.433766	0.797186
40050	6.036708	1.222171	8.057333	-0.001750	-0.015167	-0.001085	0.678150	0.433555	0.593416	-0.602998	0.789836	0.112037	-0.420127	-0.433807	0.797060
40051	6.099128	1.144383	8.075619	-0.000279	-0.016496	0.003635	0.678058	0.433503	0.593559	-0.603004	0.789838	0.111993	-0.420267	-0.433856	0.796960
40052	6.196678	1.113655	8.106745	0.010927	-0.006784	-0.004664	0.678082	0.433362	0.593635	-0.602954	0.789858	0.112118	-0.420300	-0.433960	0.796886
40053	6.175799	1.141054	8.118565	0.028118	0.015387	-0.014337	0.678232	0.433306	0.593504	-0.602957	0.789815	0.112406	-0.420052	-0.434095	0.796943
40054	6.089528	1.198186	8.110340	0.022978	0.027023	-0.016249	0.678499	0.433166	0.593301	-0.602803	0.789896	0.112666	-0.419843	-0.434087	0.797057
40055	6.065213	1.203748	8.068246	0.021542	0.033434	-0.015869	0.678735	0.433176	0.593024	-0.602768	0.789887	0.112911	-0.419512	-0.434093	0.797229
40056	6.010984	1.257742	8.071448	0.012487	0.024906	-0.010047	0.678950	0.432991	0.592913	-0.602543	0.790042	0.113026	-0.419487	-0.433995	0.797295
40057	6.007702	1.234738	8.071794	0.005999	0.018813	-0.010256	0.679090	0.432982	0.592759	-0.602481	0.790077	0.113114	-0.419349	-0.433941	0.797397
40058	6.071950	1.232944	8.039992	0.006189	0.011188	0.000024	0.679096	0.432914	0.592802	-0.602451	0.790094	0.113156	-0.419383	-0.433978	0.797359
40059	6.077590	1.158921	8.059987	0.003291	0.013842	-0.001773	0.679164	0.432950	0.592698	-0.602435	0.790104	0.113172	-0.419296	-0.433924	0.797434
40060	6.046608	1.210421	8.051459	0.005635	0.012480	-0.004130	0.679198	0.432994	0.592626	-0.602511	0.790027	0.113306	-0.419130	-0.434021	0.797468
40061	6.056317	1.209686	8.074038	0.004497	0.013796	-0.003566	0.679277	0.433015	0.592521	-0.602488	0.790039	0.113342	-0.419036	-0.433977	0.797542
40062	6.065902	1.208892	8.096717	0.002736	0.015136	-0.005929	0.679366	0.432928	0.592482	-0.602387	0.790109	0.113389	-0.419036	-0.433936	0.797564
40063	6.128316	1.180740	8.118881	0.003646	0.020182	-0.007906	0.679498	0.432942	0.592320	-0.602331	0.790145	0.113444	-0.418904	-0.433858	0.797676
40064	6.071460	1.185167	8.120317	0.014912	0.034990	-0.011083	0.679783	0.432914	0.592014	-0.602203	0.790214	0.113635	-0.418624	-0.433760	0.797876
40065	6.024067	1.168118	8.033906	0.011611	0.031310	-0.014401	0.680000	0.432925	0.591756	-0.602136	0.790243	0.113792	-0.418368	-0.433696	0.798045
40066	5.987231	1.148059	8.023856	0.014164	0.033756	-0.020441	0.680373	0.432748	0.591458	-0.601846	0.790435	0.113991	-0.418179	-0.433523	0.798238
40067	5.944144	1.202720	7.994084	0.018280	0.020893	-0.015339	0.680552	0.432706	0.591282	-0.601800	0.790439	0.114207	-0.417954	-0.433557	0.798337
40068	5.943852	1.227607	8.050120	0.018115	0.008193	-0.015437	0.680704	0.432639	0.591156	-0.601795	0.790400	0.114499	-0.417713	-0.433694	0.798389
40069	5.959711	1.131728	8.036032	0.022006	0.001692	-0.011746	0.680782	0.432542	0.591137	-0.601789	0.790373	0.114723	-0.417596	-0.433841	0.798371
40070	6.003265	1.130784	8.068470	0.023817	-0.008543	-0.013159	0.680896	0.432273	0.591203	-0.601647	0.790444	0.114971	-0.417614	-0.433979	0.798286
40071	5.999973	1.256812	8.049738	0.024700	-0.013660	-0.017691	0.680945	0.432062	0.591300	-0.601611	0.790431	0.115253	-0.417585	-0.434213	0.798174
40072	6.036440	1.306151	8.061112	0.023206	-0.018679	-0.010991	0.680928	0.431870	0.591460	-0.601643	0.790364	0.115546	-0.417568	-0.434526	0.798013
40073	6.037891	1.308764	8.059602	0.028623	-0.020149	-0.006355	0.680882	0.431721	0.591621	-0.601700	0.790284	0.115791	-0.417559	-0.434819	0.797858
40074	6.040833	1.336973	8.004508	0.014334	-0.014523	-0.005066	0.680854	0.431558	0.591773	-0.601693	0.790265	0.115957	-0.417616	-0.435016	0.797721
40075	6.028460	1.289006	8.034382	0.012151	-0.020788	-0.000063	0.680768	0.431456	0.591947	-0.601725	0.790230	0.116034	-0.417711	-0.435182	0.797580
40076	6.055943	1.166123	8.040090	0.014119	-0.018320	-0.001384	0.680760	0.431275	0.592088	-0.601672	0.790252	0.116162	-0.417801	-0.435321	0.797457
40077	6.047992	1.193354	8.017658	0.021325	-0.019861	-0.003263	0.680696	0.431151	0.592251	-0.601720	0.790190	0.116331	-0.417834	-0.435555	0.797312
40078	6.000478	1.295693	8.019149	0.021251	-0.021125	-0.002037	0.680588	0.430992	0.592491	-0.601797	0.790100	0.116540	-0.417899	-0.435876	0.797103
40079	5.943847	1.227750	8.014929	0.026922	-0.027689	-0.004863	0.680502	0.430822	0.592714	-0.601858	0.790021	0.116764	-0.417952	-0.436188	0.796904
40080	6.033261	1.223380	8.078382	0.030805	-0.034174	-0.001177	0.680240	0.430655	0.593136	-0.602085	0.789805	0.117054	-0.418052	-0.436744	0.796547
40081	6.028015	1.276134	8.055475	0.034197	-0.038106	-0.002878	0.680097	0.430454	0.593445	-0.602190	0.789685	0.117324	-0.418132	-0.437158	0.796278
40082	6.061050	1.227986	8.062215	0.031776	-0.038002	0.000702	0.679868	0.430252	0.593854	-0.602363	0.789511	0.117602	-0.418256	-0.437670	0.795932
40083	6.055698	1.278745	8.093845	0.027041	-0.035286	-0.002235	0.679733	0.430068	0.594141	-0.602443	0.789420	0.117811	-0.418360	-0.438016	0.795687
40084	6.133382	1.254105	8.025440	0.019537	-0.028652	-0.000545	0.679622	0.429892	0.594396	-0.602493	0.789355	0.117986	-0.418468	-0.438306	0.795470
40085	6.093280	1.281882	8.046038	0.022129	-0.026202	0.001054	0.679506	0.429773	0.594615	-0.602574	0.789271	0.118136	-0.418540	-0.438574	0.795284
40086	6.063864	1.309559	8.034202	0.011531	-0.020724	0.004640	0.679365	0.429659	0.594858	-0.602641	0.789208	0.118217	-0.418674	-0.438799	0.795090
40087	6.043858	1.310880	8.043677	0.010884	-0.021954	0.010590	0.679209	0.429634	0.595054	-0.602739	0.789132	0.118221	-0.418784	-0.438960	0.794943
40088	6.098940	1.283817	8.041441	0.009554	-0.023183	0.005962	0.679069	0.429554	0.595272	-0.602823	0.789057	0.118293	-0.418890	-0.439173	0.794769
40089	6.088444	1.259167	8.072097	0.003125	-0.019132	0.008324	0.678939	0.429523	0.595443	-0.602874	0.789025	0.118249	-0.419028	-0.439261	0.794648
40090	6.080467	1.284684	8.049839	0.006924	-0.016733	0.008128	0.678805	0.429483	0.595624	-0.602955	0.788960	0.118270	-0.419128	-0.439416	0.794509
40091	6.116156	1.306607	8.060250	0.002478	-0.020359	0.014273	0.678634	0.429494	0.595811	-0.603044	0.788905	0.118185	-0.419279	-0.439505	0.794381
40092	6.062048	1.284467	8.058393	-0.002316	-0.018916	0.012576	0.678472	0.429482	0.596004	-0.603119	0.788857	0.118119	-0.419432	-0.439602	0.794246
40093	6.070529	1.209275	8.076935	-0.001117	-0.018963	0.010779	0.678327	0.429472	0.596177	-0.603169	0.788833	0.118027	-0.419594	-0.439656	0.794130
40094	6.062650	1.234107	8.054714	-0.002950	-0.018897	0.009647	0.678218	0.429296	0.596428	-0.603085	0.788908	0.117949	-0.419891	-0.439692	0.793954
40095	6.131094	1.253315	8.076021	-0.000492	-0.018976	0.013702	0.678055	0.429308	0.596604	-0.603157	0.788869	0.117844	-0.420051	-0.439751	0.793837
40096	6.112242	1.279399	8.032039	-0.005343	-0.017551	0.004360	0.677964	0.429304	0.596711	-0.603207	0.788835	0.117817	-0.420127	-0.439816	0.793760
40097	6.087685	1.206766	8.039887	0.004650	-0.014102	0.009251	0.677849	0.429302	0.596843	-0.603270	0.788792	0.117780	-0.420221	-0.439895	0.793667
40098	6.102553	1.253894	8.062258	-0.002673	-0.013841	0.004731	0.677730	0.429221	0.597035	-0.603279	0.788792	0.117738	-0.420401	-0.439973	0.793528
40099	6.114618	1.253777	8.028668	-0.000843	-0.013906	0.005860	0.677636	0.429193	0.597162	-0.603296	0.788788	0.117677	-0.420528	-0.440008	0.793442
40100	6.085802	1.304327	8.018449	0.001057	-0.012708	0.005761	0.677527	0.429175	0.597299	-0.603372	0.788727	0.117694	-0.420595	-0.440134	0.793336
40101	6.126334	1.227439	8.048208	-0.001903	-0.011330	0.005199	0.677448	0.429153	0.597404	-0.603380	0.788731	0.117629	-0.420710	-0.440149	0.793266
40102	6.075535	1.278653	8.049155	-0.002403	-0.010033	0.008693	0.677321	0.429180	0.597529	-0.603475	0.788662	0.117598	-0.420778	-0.440246	0.793177
40103	6.099528	1.300972	8.038460	-0.010724	-0.007177	0.011163	0.677223	0.429224	0.597609	-0.603487	0.788679	0.117427	-0.420919	-0.440173	0.793142
40104	6.109610	1.275212	8.004793	-0.016645	-0.004421	0.010040	0.677237	0.429153	0.597643	-0.603317	0.788840	0.117220	-0.421139	-0.439954	0.793147
40105	6.120988	1.271869	8.026573	-0.017145	-0.003123	0.013533	0.677142	0.429233	0.597693	-0.603318	0.788874	0.116984	-0.421291	-0.439814	0.793144
40106	6.132310	1.269611	7.993865	-0.021952	-0.002921	0.020714	0.677013	0.429282	0.597804	-0.603295	0.788933	0.116701	-0.421530	-0.439661	0.793102
40107	6.062871	1.196227	8.024984	-0.025054	0.006069	0.017510	0.676933	0.429433	0.597786	-0.603289	0.788986	0.116379	-0.421668	-0.439419	0.793163
40108	6.117300	1.190172	8.025318	-0.021744	0.000871	0.017028	0.676845	0.429424	0.597893	-0.603195	0.789100	0.116093	-0.421945	-0.439223	0.793124
40109	6.072179	1.166919	7.992374	-0.014761	0.005672	0.013712	0.676786	0.429544	0.597874	-0.603206	0.789123	0.115875	-0.422023	-0.439064	0.793171
40110	6.054476	1.237360	8.060583	-0.012505	0.003047	0.012574	0.676766	0.429515	0.597917	-0.603104	0.789228	0.115692	-0.422202	-0.438902	0.793165
40111	6.095123	1.185083	8.037476	-0.013135	0.003065	0.009648	0.676720	0.429591	0.597914	-0.603094	0.789262	0.115511	-0.422288	-0.438767	0.793194
40112	6.087024	1.233714	8.017398	-0.005384	0.000236	0.011899	0.676585	0.429683	0.598001	-0.603218	0.789178	0.115438	-0.422328	-0.438829	0.793138
40113	6.084234	1.184042	8.016002	-0.004737	0.001465	0.005953	0.676555	0.429722	0.598006	-0.603219	0.789191	0.115346	-0.422374	-0.438767	0.793148
40114	6.106074	1.182356	8.005102	-0.005513	-0.001042	0.005481	0.676576	0.429629	0.598050	-0.603094	0.789299	0.115263	-0.422519	-0.438664	0.793127
40115	6.149663	1.178354	8.037819	-0.002887	0.002644	-0.001787	0.676598	0.429613	0.598037	-0.603050	0.789337	0.115232	-0.422547	-0.438612	0.793142
40116	6.139997	1.202427	8.071495	0.003810	0.002389	-0.000193	0.676649	0.429498	0.598062	-0.602951	0.789407	0.115268	-0.422607	-0.438598	0.793117
40117	6.131512	1.254535	7.996857	0.004658	0.006160	-0.000947	0.676680	0.429504	0.598022	-0.602945	0.789408	0.115292	-0.422565	-0.438590	0.793144
40118	6.107652	1.231344	8.007533	0.001270	0.010100	0.000759	0.676660	0.429572	0.597995	-0.603039	0.789328	0.115351	-0.422463	-0.438668	0.793156
40119	6.083692	1.207886	8.018321	-0.000635	0.008906	0.000855	0.676693	0.429604	0.597936	-0.603023	0.789344	0.115323	-0.422434	-0.438607	0.793205
40120	6.024422	1.136644	8.071120	0.008821	0.004728	-0.002180	0.676686	0.429555	0.597979	-0.603053	0.789305	0.115435	-0.422402	-0.438726	0.793156
40121	6.081562	1.185046	8.017882	0.014468	-0.001839	-0.005022	0.676709	0.429493	0.597998	-0.603060	0.789281	0.115561	-0.422355	-0.438830	0.793123
40122	6.115655	1.208722	8.029257	0.014613	0.000687	-0.007476	0.676794	0.429402	0.597966	-0.603034	0.789273	0.115749	-0.422256	-0.438933	0.793119
40123	6.093799	1.213153	7.985402	0.020532	-0.002073	-0.006354	0.676823	0.429329	0.597986	-0.603058	0.789228	0.115932	-0.422174	-0.439086	0.793078
40124	6.109037	1.287114	8.009021	0.023562	-0.002189	-0.007021	0.676995	0.429045	0.597995	-0.602830	0.789375	0.116115	-0.422224	-0.439098	0.793044
40125	6.085820	1.265590	8.018956	0.015236	0.000674	-0.004555	0.677026	0.428998	0.597994	-0.602844	0.789346	0.116244	-0.422156	-0.439198	0.793026
40126	6.084211	1.242640	8.018155	0.014807	0.003234	-0.002290	0.677126	0.428820	0.598008	-0.602698	0.789442	0.116344	-0.422203	-0.439198	0.793001
40127	6.054018	1.293213	8.063399	0.013677	0.004548	-0.001722	0.677156	0.428812	0.597981	-0.602724	0.789407	0.116444	-0.422118	-0.439268	0.793007
40128	6.074495	1.269000	8.051467	0.007976	-0.007929	-0.005203	0.677245	0.428645	0.597998	-0.602606	0.789480	0.116565	-0.422143	-0.439301	0.792976
40129	6.104758	1.220520	8.005851	0.003960	-0.003975	-0.006424	0.677267	0.428562	0.598033	-0.602559	0.789508	0.116616	-0.422174	-0.439331	0.792942
40130	6.074006	1.246034	8.049834	0.007957	-0.009170	0.003668	0.677256	0.428568	0.598042	-0.602625	0.789443	0.116717	-0.422099	-0.439443	0.792921
40131	6.139804	1.243853	8.016512	0.006563	-0.001532	-0.004825	0.677279	0.428509	0.598058	-0.602600	0.789452	0.116780	-0.422097	-0.439483	0.792899
40132	6.131758	1.294520	7.995998	0.008522	-0.000315	0.002721	0.677187	0.428537	0.598142	-0.602744	0.789327	0.116888	-0.422039	-0.439682	0.792820
40133	6.126358	1.391671	8.031744	0.002305	0.006287	0.010281	0.677152	0.428631	0.598115	-0.602804	0.789290	0.116826	-0.422011	-0.439655	0.792850
40134	6.259129	1.233506	8.147631	0.006884	0.011188	0.010554	0.677222	0.428599	0.598058	-0.602722	0.789355	0.116810	-0.422015	-0.439570	0.792894
40135	6.212627	1.016014	8.185651	0.028539	0.017941	-0.001476	0.677306	0.428652	0.597924	-0.602812	0.789254	0.117028	-0.421750	-0.439700	0.792963
40136	6.140075	1.321578	8.020931	0.036796	0.034087	-0.012925	0.677500	0.428629	0.597721	-0.602853	0.789167	0.117403	-0.421380	-0.439879	0.793061
40137	6.146752	1.300773	7.989095	0.030076	0.033104	-0.005652	0.677674	0.428715	0.597462	-0.602922	0.789077	0.117657	-0.421003	-0.439956	0.793218
40138	6.342588	1.337255	8.112295	0.023436	0.043514	-0.004714	0.677936	0.428730	0.597154	-0.602839	0.789112	0.117843	-0.420698	-0.439877	0.793423
40139	6.722340	1.014377	8.479405	0.032264	0.107864	-0.021068	0.678517	0.429024	0.596283	-0.602812	0.789079	0.118206	-0.419801	-0.439651	0.794024
40140	6.781747	1.166021	8.352719	0.027390	0.229870	-0.060080	0.679883	0.429457	0.594413	-0.602425	0.789286	0.118796	-0.418144	-0.438856	0.795337
40141	6.330561	1.694149	8.011327	-0.011841	0.300151	-0.059252	0.681492	0.430290	0.591963	-0.601952	0.789611	0.119035	-0.416200	-0.437454	0.797127
40142	5.954723	1.709917	8.203377	-0.037502	0.315455	-0.038382	0.682979	0.431315	0.589497	-0.601548	0.789927	0.118979	-0.414342	-0.435870	0.798960
40143	5.520327	1.999699	8.138799	-0.096551	0.290056	0.003743	0.684157	0.432591	0.587192	-0.601154	0.790349	0.118166	-0.412969	-0.433837	0.800776
40144	5.536403	1.820274	7.965498	-0.152521	0.232678	0.061828	0.684749	0.434034	0.585434	-0.600928	0.790750	0.116617	-0.412316	-0.431657	0.802289
40145	6.150023	1.262738	8.432997	-0.184083	0.209994	0.101979	0.685002	0.435730	0.583877	-0.600847	0.791117	0.114525	-0.412013	-0.429270	0.803724
40146	6.488190	0.392757	8.308964	-0.174247	0.289083	0.131055	0.685433	0.437906	0.581739	-0.600937	0.791360	0.112355	-0.411164	-0.426600	0.805578
40147	6.040253	0.466860	8.400334	-0.127815	0.338753	0.150156	0.685921	0.440520	0.579185	-0.601422	0.791262	0.110434	-0.409639	-0.424083	0.807682
40148	6.442377	1.128047	8.535392	-0.107947	0.404937	0.129518	0.686900	0.443175	0.575989	-0.601749	0.791236	0.108830	-0.407513	-0.421356	0.810181
40149	7.288377	1.931986	8.131384	-0.101802	0.511646	0.078412	0.688507	0.445928	0.571932	-0.601854	0.791333	0.107535	-0.404635	-0.418258	0.813222
40150	5.535682	0.722549	7.660485	-0.102134	0.544656	0.061599	0.690419	0.448586	0.567532	-0.601745	0.791573	0.106368	-0.401527	-0.414948	0.816452
40151	5.890227	0.590233	8.335345	-0.042773	0.495445	0.024099	0.692256	0.450811	0.563516	-0.601721	0.791660	0.105864	-0.398388	-0.412364	0.819294
40152	5.460658	0.281642	8.060435	-0.002861	0.464861	-0.002764	0.694264	0.452516	0.559667	-0.601459	0.791860	0.105851	-0.395279	-0.410105	0.821930
40153	5.596307	0.887749	8.050574	0.055620	0.415267	-0.035553	0.696113	0.453920	0.556222	-0.601410	0.791812	0.106488	-0.392086	-0.408646	0.824183
40154	5.337005	1.130314	8.079658	0.087064	0.380920	-0.074324	0.698136	0.454782	0.552973	-0.601101	0.791893	0.107621	-0.388952	-0.407527	0.826219
40155	5.829522	1.135742	8.138769	0.128474	0.348657	-0.114286	0.700175	0.455281	0.549976	-0.600780	0.791908	0.109295	-0.385771	-0.406940	0.827998
40156	5.704228	1.060833	8.192077	0.154381	0.350674	-0.135967	0.702324	0.455551	0.547005	-0.600375	0.791933	0.111320	-0.382479	-0.406591	0.829695
40157	5.626102	1.408380	8.064680	0.169622	0.338939	-0.142681	0.704473	0.455783	0.544040	-0.599997	0.791911	0.113488	-0.379106	-0.406372	0.831349
40158	4.816800	1.380739	7.926751	0.169011	0.291507	-0.141759	0.706532	0.455730	0.541408	-0.599484	0.791985	0.115667	-0.376074	-0.406288	0.832766
40159	4.423653	1.296605	8.004935	0.178320	0.183843	-0.144577	0.708089	0.455317	0.539718	-0.599110	0.791937	0.117915	-0.373734	-0.406844	0.833547
40160	4.713041	1.008312	7.999044	0.182854	0.078786	-0.134970	0.709259	0.454455	0.538909	-0.598713	0.791898	0.120170	-0.372149	-0.407883	0.833748
40161	4.315388	1.005948	7.816345	0.190627	-0.018665	-0.117967	0.709897	0.453429	0.538932	-0.598564	0.791673	0.122375	-0.371170	-0.409459	0.833412
40162	3.441887	1.342613	7.635223	0.172391	-0.202104	-0.093471	0.709759	0.451758	0.540516	-0.598436	0.791467	0.124314	-0.371641	-0.411697	0.832099
40163	3.399939	1.703405	7.560298	0.123370	-0.447586	-0.036044	0.708307	0.449607	0.544200	-0.598620	0.791138	0.125515	-0.374105	-0.414673	0.829513
40164	4.062481	1.529071	7.639463	0.033393	-0.675072	0.051348	0.705478	0.447168	0.549856	-0.599086	0.790782	0.125541	-0.378678	-0.417978	0.825771
40165	4.826294	1.895182	7.907167	-0.084303	-0.845884	0.151571	0.701340	0.444802	0.557021	-0.599810	0.790478	0.123989	-0.385162	-0.421066	0.821190
40166	5.837733	1.990583	8.044947	-0.219068	-0.879559	0.234024	0.696681	0.442786	0.564425	-0.600369	0.790535	0.120881	-0.392673	-0.423079	0.816586
40167	6.896813	1.627299	9.655801	-0.364213	-0.849330	0.293229	0.691552	0.441492	0.571700	-0.600938	0.790799	0.116230	-0.400785	-0.423936	0.812188
40168	8.867034	0.725769	8.070400	-0.460083	-0.306534	0.254902	0.688902	0.442080	0.574438	-0.600667	0.791752	0.111035	-0.405726	-0.421538	0.810982
40169	7.708755	0.776284	9.409936	-0.195455	-0.417788	0.163967	0.686215	0.441601	0.578012	-0.600976	0.791870	0.108489	-0.409801	-0.421818	0.808785
40170	5.877849	0.411853	8.401444	-0.185358	-0.164518	0.119043	0.684870	0.441745	0.579495	-0.600927	0.792203	0.106308	-0.412117	-0.421041	0.808012
40171	6.181098	1.268334	8.696280	-0.124132	-0.124855	0.079873	0.683876	0.441836	0.580598	-0.600939	0.792391	0.104824	-0.413746	-0.420591	0.807414
40172	6.386875	1.149064	8.483315	-0.154309	-0.111876	0.090172	0.682872	0.442004	0.581652	-0.600865	0.792678	0.103065	-0.415507	-0.419874	0.806882
40173	6.118033	1.622779	8.755950	-0.216236	-0.092278	0.118749	0.681776	0.442542	0.582527	-0.600753	0.793078	0.100611	-0.417465	-0.418550	0.806560
40174	6.303521	1.526849	8.341457	-0.269477	-0.030809	0.146518	0.680856	0.443466	0.582900	-0.600491	0.793653	0.097599	-0.419339	-0.416478	0.806661
40175	6.119971	1.583686	8.224275	-0.330056	-0.030124	0.182375	0.679636	0.444772	0.583328	-0.600322	0.794232	0.093855	-0.421554	-0.413973	0.806796
40176	5.867562	1.907085	8.164902	-0.372674	-0.018628	0.218131	0.678315	0.446315	0.583688	-0.600107	0.794887	0.089588	-0.423982	-0.411044	0.807020
40177	5.935363	1.093946	8.261765	-0.370999	-0.014343	0.230749	0.676871	0.448075	0.584016	-0.600071	0.795394	0.085229	-0.426334	-0.408140	0.807255
40178	6.040828	0.780172	8.163258	-0.336513	-0.025801	0.211621	0.675574	0.449463	0.584450	-0.599853	0.795975	0.081245	-0.428691	-0.405471	0.807352
40179	6.048966	0.266223	8.331724	-0.272102	-0.037868	0.192170	0.674260	0.450824	0.584920	-0.599958	0.796229	0.077907	-0.430608	-0.403457	0.807341
40180	6.160050	0.346958	8.371566	-0.212331	-0.052357	0.159528	0.673180	0.451733	0.585462	-0.599938	0.796499	0.075258	-0.432324	-0.401903	0.807199
40181	5.995980	0.494775	8.168951	-0.192552	-0.059631	0.147690	0.672037	0.452654	0.586064	-0.600074	0.796623	0.072821	-0.433909	-0.400620	0.806986
40182	5.797691	0.782823	8.161177	-0.178647	-0.067868	0.135966	0.670981	0.453330	0.586751	-0.600069	0.796829	0.070572	-0.435548	-0.399443	0.806686
40183	5.893217	0.760236	8.061527	-0.171978	-0.071887	0.128654	0.669897	0.454052	0.587431	-0.600158	0.796950	0.068412	-0.437091	-0.398380	0.806377
40184	5.616924	0.748607	7.923181	-0.158670	-0.061055	0.123090	0.669011	0.454664	0.587967	-0.600124	0.797144	0.066427	-0.438493	-0.397293	0.806153
40185	5.483682	1.044267	8.159417	-0.139694	-0.081140	0.105481	0.668023	0.455166	0.588701	-0.600192	0.797238	0.064663	-0.439902	-0.396530	0.805761
40186	5.416209	1.008289	7.836263	-0.142561	-0.083366	0.103673	0.667114	0.455535	0.589446	-0.600109	0.797441	0.062904	-0.441393	-0.395696	0.805355
40187	4.835019	1.302273	8.316958	-0.133082	-0.127167	0.096429	0.665975	0.455785	0.590540	-0.600140	0.797547	0.061246	-0.443068	-0.395195	0.804681
40188	6.076303	0.787108	8.257396	-0.149688	-0.180698	0.096971	0.664650	0.455768	0.592043	-0.600043	0.797751	0.059504	-0.445183	-0.394801	0.803706
40189	6.127208	0.311777	8.092510	-0.125333	-0.164303	0.091989	0.663367	0.455837	0.593428	-0.600072	0.797846	0.057935	-0.447055	-0.394532	0.802799
40190	6.292666	0.049205	8.251201	-0.094636	-0.159738	0.074254	0.662251	0.455704	0.594774	-0.600048	0.797948	0.056752	-0.448737	-0.394477	0.801887
40191	6.480900	0.746377	8.080415	-0.097826	-0.148014	0.081327	0.661100	0.455753	0.596017	-0.600123	0.797982	0.055466	-0.450332	-0.394352	0.801054
40192	6.191932	0.212272	8.181136	-0.070255	-0.132078	0.083378	0.660117	0.455746	0.597111	-0.600160	0.798028	0.054392	-0.451723	-0.394267	0.800312
40193	6.292239	0.678515	8.244902	-0.083833	-0.142487	0.086296	0.658956	0.455856	0.598308	-0.600326	0.797984	0.053188	-0.453194	-0.394229	0.799499
40194	6.360478	0.569192	8.141756	-0.097358	-0.128852	0.100980	0.657850	0.456014	0.599403	-0.600376	0.798039	0.051785	-0.454732	-0.393934	0.798771
40195	6.149027	0.874731	8.094643	-0.096512	-0.108538	0.106838	0.656717	0.456423	0.600335	-0.600615	0.797951	0.050357	-0.456054	-0.393640	0.798162
40196	6.069876	0.502914	8.057815	-0.082661	-0.131084	0.108785	0.655560	0.456637	0.601435	-0.600775	0.797913	0.049028	-0.457505	-0.393468	0.797416
40197	6.033445	0.451343	8.013136	-0.008861	-0.147881	0.104574	0.654256	0.456871	0.602675	-0.601395	0.797490	0.048311	-0.458556	-0.394054	0.796523
40198	6.351008	0.207817	7.873419	0.104643	-0.175316	0.101788	0.652972	0.456870	0.604067	-0.602375	0.796736	0.048553	-0.459099	-0.395578	0.795453
40199	5.995896	0.229444	8.159498	0.269119	-0.169579	0.088748	0.651661	0.456886	0.605469	-0.604164	0.795281	0.050139	-0.458610	-0.398476	0.794288
40200	5.523478	0.429624	8.610733	0.191944	-0.295005	0.050469	0.650049	0.456003	0.607864	-0.605258	0.794371	0.051346	-0.459456	-0.401292	0.792380
40201	6.685354	0.407431	7.594764	0.268022	-0.362063	0.021770	0.648254	0.454699	0.610750	-0.606608	0.793211	0.053317	-0.460211	-0.405049	0.790026
40202	5.815461	0.193268	8.359840	0.303474	-0.391484	-0.037750	0.646814	0.452646	0.613794	-0.607523	0.792333	0.055896	-0.461027	-0.409049	0.787485
40203	3.117718	-2.277474	9.837718	0.410892	-0.659311	-0.126653	0.644541	0.448908	0.618909	-0.608579	0.791230	0.059887	-0.462815	-0.415255	0.783177
40204	7.118422	2.015255	8.404559	0.559725	-1.083094	-0.113489	0.640272	0.443386	0.627264	-0.610355	0.789458	0.064978	-0.466388	-0.424457	0.776091
40205	6.131708	-0.667064	8.232965	0.577848	-1.088627	-0.103444	0.635811	0.437881	0.635613	-0.612376	0.787455	0.070079	-0.469830	-0.433791	0.768820
40206	6.202740	0.771154	8.044436	0.560201	-1.229281	-0.134139	0.630841	0.431372	0.644948	-0.614115	0.785624	0.075219	-0.474239	-0.443524	0.760516
40207	6.283850	0.550798	8.114435	0.580311	-1.245201	-0.151771	0.625844	0.424579	0.654256	-0.615902	0.783692	0.080579	-0.478523	-0.453387	0.751968
40208	6.581488	0.970580	7.691454	0.667981	-1.302907	-0.119200	0.620423	0.417568	0.663861	-0.618204	0.781262	0.086340	-0.482596	-0.463969	0.742855
40209	7.203271	1.674706	7.249432	0.715017	-1.228451	-0.069438	0.614908	0.411243	0.672880	-0.621212	0.778215	0.092070	-0.485782	-0.474616	0.734000
40210	7.423733	1.860805	7.308493	0.758806	-1.068747	0.007261	0.609678	0.406127	0.680701	-0.624884	0.774601	0.097534	-0.487660	-0.484824	0.726039
40211	7.555796	1.977615	7.709141	0.816695	-0.904453	0.084255	0.604739	0.402329	0.687329	-0.629355	0.770282	0.102846	-0.488059	-0.494769	0.719028
40212	6.781204	2.503928	8.325537	0.743238	-0.812583	0.169096	0.599735	0.399499	0.693339	-0.633905	0.765978	0.106972	-0.488347	-0.503665	0.712628
40213	6.065056	2.092959	9.246780	0.609997	-0.959056	0.271211	0.593320	0.396681	0.700440	-0.638482	0.761822	0.109394	-0.490216	-0.512124	0.705278
40214	5.610711	2.188189	9.672796	0.451829	-1.324918	0.382958	0.584402	0.392662	0.710134	-0.642868	0.758054	0.109886	-0.495172	-0.520740	0.695438
40215	4.971431	2.020950	9.829120	0.278980	-1.882798	0.493790	0.571811	0.386484	0.723645	-0.647091	0.754688	0.108256	-0.504287	-0.530166	0.681629
40216	4.644536	1.481009	9.389692	0.156484	-2.562283	0.583997	0.554921	0.377135	0.741506	-0.651162	0.751637	0.105022	-0.517736	-0.541120	0.662676
40217	5.027819	0.706918	8.806703	0.225861	-3.209850	0.617518	0.534011	0.364159	0.763034	-0.655686	0.748134	0.101836	-0.533767	-0.554692	0.638286
40218	6.074671	0.620959	8.254438	0.394773	-3.770391	0.621090	0.509455	0.347607	0.787163	-0.661018	0.743761	0.099373	-0.550918	-0.570955	0.608687
40219	6.649928	0.885425	8.261452	0.331548	-4.148665	0.658074	0.481849	0.328437	0.812373	-0.666111	0.739640	0.096064	-0.569313	-0.587420	0.575171
40220	7.011141	0.366956	7.885259	0.308628	-4.529405	0.704275	0.450769	0.306709	0.838294	-0.671330	0.735437	0.091912	-0.588322	-0.604204	0.537415
40221	8.219212	-0.321037	8.269647	0.415949	-4.861145	0.737568	0.416747	0.282298	0.864078	-0.676990	0.730739	0.087778	-0.606636	-0.621553	0.495646
40222	9.137596	1.490770	8.590767	0.565548	-5.107439	0.790447	0.379827	0.255880	0.888964	-0.683767	0.724908	0.083495	-0.623052	-0.639558	0.450302
40223	11.474797	1.981599	9.384493	0.411792	-5.250811	0.863731	0.340750	0.228101	0.912063	-0.689453	0.720176	0.077471	-0.639174	-0.655223	0.402665
40224	13.332732	1.625537	9.368783	0.437569	-5.152248	0.818735	0.301477	0.199929	0.932277	-0.695195	0.715264	0.071420	-0.652545	-0.669646	0.354625
40225	12.264651	1.888748	8.995321	0.552252	-5.037408	0.739655	0.263173	0.171107	0.949454	-0.700891	0.710181	0.066290	-0.662941	-0.682909	0.306828
40226	12.113707	1.704552	9.759096	0.739144	-4.954320	0.686643	0.225036	0.141757	0.963983	-0.707799	0.703710	0.061749	-0.669611	-0.696202	0.258695
40227	12.390008	2.194328	10.671109	0.819452	-4.785093	0.663017	0.188174	0.112777	0.975639	-0.714649	0.697137	0.057252	-0.673697	-0.708013	0.211779
40228	11.721017	3.203810	11.875924	0.659700	-4.760465	0.794303	0.149859	0.084319	0.985105	-0.720816	0.691285	0.050484	-0.676732	-0.717645	0.164374
40229	9.185475	2.587560	12.105141	0.330163	-4.883963	0.935074	0.109946	0.055554	0.992384	-0.724248	0.688277	0.041709	-0.680718	-0.723318	0.115908
40230	4.392526	2.409553	12.129471	0.000240	-5.033545	1.004656	0.067834	0.025761	0.997364	-0.725605	0.687386	0.031597	-0.684760	-0.725836	0.065320
40231	-3.823930	0.060123	8.655173	-0.119146	-5.779262	0.837997	0.022068	-0.010444	0.999702	-0.725140	0.688210	0.023196	-0.688247	-0.725436	0.007614
40232	-0.953387	3.435117	6.417873	0.496545	-7.420256	0.774092	-0.034893	-0.059114	0.997641	-0.728824	0.684535	0.015070	-0.683811	-0.726579	-0.066969
40233	32.597828	9.392158	4.817843	1.148813	-4.858652	0.811098	-0.073799	-0.089024	0.993292	-0.736156	0.676786	0.005963	-0.672777	-0.730777	-0.115482
40234	20.602886	7.192650	25.760738	0.698567	-0.601604	0.416079	-0.080901	-0.090529	0.992602	-0.740664	0.671874	0.000910	-0.666987	-0.735112	-0.121407
40235	13.547538	8.533838	20.194196	-0.152509	0.176286	0.036221	-0.079992	-0.089011	0.992813	-0.739596	0.673050	0.000752	-0.668280	-0.734221	-0.119671
40236	12.291858	11.264188	15.800310	-1.132258	1.240654	0.213722	-0.073069	-0.078272	0.994251	-0.732021	0.681282	-0.000164	-0.677352	-0.727824	-0.107077
40237	5.592771	6.637377	12.051530	-2.380510	2.360172	0.633036	-0.061441	-0.056919	0.996486	-0.715223	0.698884	-0.004179	-0.696190	-0.712967	-0.083650
40238	4.896363	0.464995	10.983272	-2.527872	2.820460	0.836522	-0.047275	-0.030853	0.998405	-0.697171	0.716823	-0.010860	-0.715345	-0.696572	-0.055397
40239	5.142962	-2.502821	10.229452	-2.089807	3.098335	0.685025	-0.029592	-0.004553	0.999552	-0.681770	0.731373	-0.016853	-0.730968	-0.681963	-0.024747
40240	5.684970	-4.080225	9.197469	-1.247697	3.601726	0.494246	-0.006295	0.023811	0.999697	-0.672807	0.739495	-0.021850	-0.739791	-0.672741	0.011365
40241	5.739245	-4.112016	9.109675	-0.215972	4.180621	0.267734	0.022858	0.053835	0.998288	-0.671206	0.740863	-0.024584	-0.740918	-0.669495	0.053070
40242	6.275812	-2.668634	8.463310	0.567329	4.749648	0.026686	0.057863	0.086281	0.994589	-0.675760	0.736711	-0.024595	-0.734847	-0.670680	0.100934
40243	5.244866	0.255877	7.234894	0.892174	5.204748	-0.113761	0.096627	0.120374	0.988015	-0.682160	0.730862	-0.022329	-0.724790	-0.671826	0.152735
40244	3.045438	3.534060	5.219718	0.733837	5.291147	-0.080105	0.135325	0.155792	0.978476	-0.687725	0.725684	-0.020429	-0.713247	-0.670158	0.205345
40245	3.214376	6.163345	5.006731	0.080177	5.120709	-0.039341	0.171909	0.189602	0.966694	-0.688208	0.725242	-0.019859	-0.704852	-0.661873	0.255162
40246	5.275354	5.028927	5.627041	-0.684874	5.004921	-0.176615	0.208339	0.221584	0.952625	-0.683434	0.729731	-0.020271	-0.699652	-0.646833	0.303470
40247	6.113585	1.768730	5.368236	-1.066470	5.000002	-0.416412	0.246053	0.250371	0.936361	-0.675021	0.737532	-0.019827	-0.695560	-0.627185	0.350478
40248	5.471201	-0.428528	5.022668	-0.987455	4.928997	-0.579817	0.284101	0.277034	0.917899	-0.667024	0.744810	-0.018341	-0.688742	-0.607050	0.396390
40249	4.311718	-2.001409	4.486273	-0.678782	4.722422	-0.602780	0.320402	0.300743	0.898274	-0.660534	0.750632	-0.015709	-0.678997	-0.588308	0.439155
40250	4.157593	-2.431144	4.618647	-0.194801	4.391530	-0.530281	0.353411	0.322837	0.877996	-0.657828	0.753071	-0.012114	-0.665104	-0.573289	0.478515
40251	6.268254	-2.022636	6.390600	0.381132	4.175247	-0.502569	0.384117	0.342750	0.857308	-0.658451	0.752600	-0.005869	-0.647222	-0.562241	0.514771
40252	8.216127	-0.367662	8.055075	0.843513	4.140387	-0.547366	0.414025	0.362363	0.835030	-0.662035	0.749467	0.003018	-0.624734	-0.554069	0.550196
40253	8.543394	2.355052	8.709447	0.959909	4.175302	-0.580011	0.443455	0.380977	0.811298	-0.665407	0.746364	0.013227	-0.600484	-0.545708	0.584484
40254	8.451073	4.113220	8.738119	0.710301	4.137645	-0.541190	0.471344	0.399925	0.786063	-0.667510	0.744288	0.021585	-0.576425	-0.534879	0.617770
40255	9.108723	3.472162	8.489260	0.412626	4.040300	-0.461022	0.497262	0.417826	0.760363	-0.667589	0.744013	0.027747	-0.554126	-0.521407	0.648905
40256	9.570134	2.098315	7.835258	0.355861	3.916308	-0.456861	0.521481	0.435186	0.733942	-0.667577	0.743796	0.033299	-0.531412	-0.507328	0.678395
40257	9.197142	1.357056	7.660957	0.566614	3.720237	-0.524694	0.544316	0.449923	0.708018	-0.667706	0.743296	0.040982	-0.507828	-0.495055	0.705004
40258	8.968546	1.678345	7.612645	0.756315	3.420397	-0.601109	0.565176	0.462817	0.682918	-0.668491	0.742013	0.050371	-0.483421	-0.484992	0.728757
40259	7.603566	2.691971	7.190425	0.740605	3.018812	-0.577483	0.583294	0.473038	0.660305	-0.668655	0.741172	0.059699	-0.461160	-0.476338	0.748621
40260	8.007358	3.463105	8.223660	0.527219	2.533249	-0.482526	0.597843	0.481998	0.640516	-0.668538	0.740688	0.066620	-0.442312	-0.468038	0.765050
40261	9.688761	1.299486	9.676017	0.476523	2.238301	-0.539686	0.611160	0.488388	0.622864	-0.667328	0.741110	0.073685	-0.425624	-0.460688	0.778852
40262	11.944415	1.276458	10.772273	0.663380	2.048763	-0.686654	0.624154	0.493233	0.605931	-0.666190	0.741159	0.082915	-0.408195	-0.455417	0.791184
40263	15.416242	0.811380	12.215119	0.955540	2.180996	-0.934118	0.639050	0.496196	0.587712	-0.664080	0.741462	0.096084	-0.388090	-0.451690	0.803345
40264	18.366893	0.763000	13.027984	1.268144	2.554999	-1.211198	0.656544	0.499228	0.565439	-0.661305	0.741534	0.113154	-0.362803	-0.448218	0.816991
40265	18.649089	2.562804	12.625406	1.196284	3.026727	-1.266519	0.675450	0.503297	0.538944	-0.657030	0.742573	0.129988	-0.334783	-0.441902	0.832252
40266	18.487566	2.451287	12.238620	0.880195	3.463690	-1.141707	0.693879	0.510391	0.507969	-0.652311	0.744302	0.143197	-0.304996	-0.430715	0.849389
40267	17.805936	0.933889	11.626971	0.618095	3.831552	-0.982850	0.711360	0.519275	0.473626	-0.647184	0.746761	0.153300	-0.274080	-0.415574	0.867282
40268	16.673705	-1.726768	10.328137	0.556239	4.051287	-0.888027	0.727399	0.529532	0.436448	-0.642476	0.748974	0.162059	-0.241073	-0.398289	0.885014
40269	15.576405	-2.995290	8.360875	0.789222	4.194702	-0.813784	0.741971	0.539791	0.397623	-0.638250	0.750260	0.172474	-0.205221	-0.381754	0.901193
40270	13.781616	-2.068338	6.596772	0.939745	4.137104	-0.601324	0.753393	0.551108	0.358719	-0.635729	0.749874	0.183131	-0.168069	-0.366018	0.915305
40271	14.084805	-1.021649	5.129209	0.876688	3.914760	-0.257191	0.760918	0.563211	0.322177	-0.635097	0.748176	0.192054	-0.132878	-0.350750	0.926994
40272	15.911986	-1.051931	3.659068	0.826476	3.704180	0.065090	0.764669	0.576708	0.287558	-0.636746	0.744840	0.199419	-0.099178	-0.335591	0.936772
40273	17.195451	-2.102489	1.068376	0.944717	3.551681	0.205085	0.766292	0.589907	0.254569	-0.639095	0.740547	0.207720	-0.065985	-0.321868	0.944482
40274	16.400028	-2.702818	-2.115232	1.140886	3.277424	0.175227	0.766693	0.601778	0.223709	-0.641144	0.735807	0.217997	-0.033421	-0.310566	0.949964
40275	14.952145	-2.730683	-4.948242	1.219942	2.753167	0.077400	0.766717	0.610789	0.197690	-0.641969	0.731605	0.229411	-0.004509	-0.302804	0.953042
40276	14.724621	-2.465979	-6.887159	1.027364	2.015601	0.004353	0.766487	0.617001	0.178346	-0.642018	0.728447	0.239119	0.017621	-0.297783	0.954471
