// General information: 
//  MT Manager version: 2022.2.0 
//  XDA version: 2022.2.0 build 7381 rev 124627 built on 2023-07-19
// Device information: 
//  DeviceId: 00B4CB9F
//  ProductCode: MTW2-3A7G6
//  Firmware Version: 4.6.0
//  Hardware Version: 2.0.0
// Device settings: 
//  Filter Profile: human(46.1)
//  Option Flags: Orientation Smoother Disabled, Position/Velocity Smoother Disabled, Continuous Zero Rotation Update Disabled, AHS Disabled, ICC Disabled
// Coordinate system: ENU
PacketCounter	Acc_X	Acc_Y	Acc_Z	Gyr_X	Gyr_Y	Gyr_Z	Mat[1][1]	Mat[2][1]	Mat[3][1]	Mat[1][2]	Mat[2][2]	Mat[3][2]	Mat[1][3]	Mat[2][3]	Mat[3][3]
18848	9.587984	-0.785348	-1.853096	0.025369	-0.015710	-0.007553	0.197628	0.042435	0.979358	0.568274	-0.819020	-0.079186	0.798754	0.572194	-0.185976
18849	9.632259	-0.809780	-1.834331	0.031189	-0.008945	-0.012079	0.197705	0.042563	0.979337	0.568549	-0.818829	-0.079190	0.798539	0.572457	-0.186086
18850	9.600397	-0.821748	-1.839740	0.029974	-0.010362	-0.013161	0.197774	0.042716	0.979317	0.568831	-0.818635	-0.079169	0.798321	0.572723	-0.186203
18851	9.609528	-0.839467	-1.853830	0.031162	-0.008587	-0.008256	0.197833	0.042829	0.979300	0.569146	-0.818415	-0.079183	0.798082	0.573030	-0.186285
18852	9.603666	-0.840120	-1.812559	0.037852	-0.010018	-0.013762	0.197895	0.042985	0.979280	0.569493	-0.818175	-0.079171	0.797819	0.573360	-0.186393
18853	9.626982	-0.841670	-1.838572	0.036638	-0.011435	-0.014846	0.197964	0.043152	0.979259	0.569812	-0.817954	-0.079148	0.797574	0.573662	-0.186514
18854	9.582454	-0.816190	-1.859036	0.037863	-0.010018	-0.013773	0.198027	0.043308	0.979239	0.570158	-0.817714	-0.079136	0.797311	0.573993	-0.186622
18855	9.590771	-0.800569	-1.829759	0.034314	-0.010948	-0.015050	0.198084	0.043484	0.979220	0.570503	-0.817477	-0.079104	0.797050	0.574317	-0.186737
18856	9.587248	-0.780516	-1.858932	0.026932	-0.008726	-0.014067	0.198134	0.043635	0.979203	0.570762	-0.817300	-0.079069	0.796852	0.574558	-0.186840
18857	9.636595	-0.770205	-1.838341	0.027319	-0.009483	-0.015641	0.198167	0.043812	0.979189	0.571059	-0.817098	-0.079011	0.796631	0.574832	-0.186941
18858	9.618929	-0.766139	-1.855476	0.017180	-0.005655	-0.009446	0.198219	0.043907	0.979174	0.571231	-0.816978	-0.079003	0.796495	0.574995	-0.187022
18859	9.613987	-0.799529	-1.857365	0.021154	-0.005844	-0.013580	0.198240	0.044044	0.979163	0.571471	-0.816815	-0.078958	0.796318	0.575216	-0.187095
18860	9.613996	-0.798604	-1.857719	0.012164	-0.004286	-0.012097	0.198266	0.044153	0.979153	0.571608	-0.816723	-0.078914	0.796213	0.575338	-0.187167
18861	9.582244	-0.810318	-1.862679	0.009829	-0.003798	-0.012291	0.198288	0.044259	0.979144	0.571727	-0.816645	-0.078867	0.796122	0.575441	-0.187235
18862	9.573046	-0.791155	-1.849526	0.007111	-0.002554	-0.010914	0.198307	0.044349	0.979136	0.571822	-0.816582	-0.078826	0.796049	0.575523	-0.187294
18863	9.601377	-0.758092	-1.873630	0.003592	-0.003850	-0.016016	0.198300	0.044490	0.979131	0.571909	-0.816531	-0.078725	0.795988	0.575585	-0.187362
18864	9.628272	-0.778120	-1.870876	0.002723	-0.005662	-0.014832	0.198321	0.044630	0.979121	0.571977	-0.816492	-0.078637	0.795934	0.575630	-0.187454
18865	9.624811	-0.757730	-1.899701	0.002441	-0.001579	-0.011303	0.198326	0.044712	0.979116	0.572013	-0.816472	-0.078580	0.795907	0.575652	-0.187503
18866	9.596637	-0.788308	-1.875902	0.001011	0.000356	-0.016514	0.198289	0.044831	0.979118	0.572071	-0.816442	-0.078472	0.795875	0.575685	-0.187538
18867	9.617872	-0.809583	-1.830782	0.005612	0.000111	-0.008463	0.198302	0.044881	0.979113	0.572136	-0.816398	-0.078454	0.795824	0.575744	-0.187571
18868	9.605202	-0.771143	-1.845950	0.002479	-0.001944	-0.015137	0.198291	0.045002	0.979110	0.572203	-0.816360	-0.078362	0.795779	0.575788	-0.187627
18869	9.614541	-0.788072	-1.859395	0.003313	0.000233	-0.012490	0.198280	0.045087	0.979108	0.572271	-0.816318	-0.078301	0.795733	0.575841	-0.187661
18870	9.642939	-0.755013	-1.882979	0.004668	0.004615	-0.013289	0.198227	0.045155	0.979115	0.572352	-0.816268	-0.078231	0.795688	0.575906	-0.187651
18871	9.619767	-0.751495	-1.857124	0.001599	0.006250	-0.014172	0.198163	0.045220	0.979125	0.572418	-0.816229	-0.078154	0.795656	0.575956	-0.187631
18872	9.578995	-0.744621	-1.847715	-0.001469	0.007885	-0.015056	0.198075	0.045283	0.979140	0.572453	-0.816214	-0.078056	0.795653	0.575972	-0.187594
18873	9.620226	-0.748857	-1.855807	-0.003977	0.005774	-0.009542	0.198032	0.045310	0.979148	0.572445	-0.816224	-0.078006	0.795670	0.575956	-0.187576
18874	9.616920	-0.728343	-1.883789	-0.010562	0.006110	-0.015529	0.197955	0.045388	0.979160	0.572408	-0.816261	-0.077886	0.795715	0.575897	-0.187564
18875	9.617108	-0.726892	-1.883388	-0.013070	0.003997	-0.010016	0.197931	0.045433	0.979163	0.572351	-0.816308	-0.077820	0.795762	0.575828	-0.187576
18876	9.603158	-0.741448	-1.871161	-0.022027	0.005182	-0.012365	0.197879	0.045490	0.979170	0.572217	-0.816412	-0.077710	0.795871	0.575675	-0.187581
18877	9.612658	-0.758040	-1.884016	-0.018336	0.009079	-0.012970	0.197789	0.045533	0.979187	0.572128	-0.816485	-0.077599	0.795958	0.575568	-0.187542
18878	9.616455	-0.775743	-1.854674	-0.019839	0.011741	-0.010517	0.197696	0.045538	0.979205	0.572008	-0.816578	-0.077511	0.796067	0.575437	-0.187482
18879	9.616741	-0.774403	-1.853751	-0.019104	0.010592	-0.009830	0.197617	0.045537	0.979221	0.571872	-0.816680	-0.077431	0.796184	0.575291	-0.187431
18880	9.634621	-0.776273	-1.836408	-0.021920	0.008507	-0.010414	0.197550	0.045559	0.979233	0.571735	-0.816785	-0.077340	0.796299	0.575141	-0.187404
18881	9.593890	-0.769315	-1.826816	-0.020912	0.013284	-0.013474	0.197419	0.045583	0.979259	0.571626	-0.816873	-0.077216	0.796410	0.575014	-0.187323
18882	9.617612	-0.770026	-1.851053	-0.013559	0.011436	-0.010628	0.197328	0.045590	0.979277	0.571556	-0.816929	-0.077138	0.796483	0.574933	-0.187260
18883	9.603808	-0.784722	-1.838098	-0.020948	0.013645	-0.009644	0.197221	0.045578	0.979299	0.571432	-0.817024	-0.077055	0.796599	0.574799	-0.187179
18884	9.640671	-0.736408	-1.830806	-0.015504	0.011165	-0.012399	0.197122	0.045601	0.979318	0.571349	-0.817091	-0.076957	0.796682	0.574703	-0.187121
18885	9.599951	-0.729643	-1.821030	-0.017008	0.013825	-0.009946	0.197007	0.045593	0.979341	0.571269	-0.817155	-0.076875	0.796769	0.574612	-0.187031
18886	9.623699	-0.730575	-1.845057	-0.019727	0.015063	-0.008571	0.196899	0.045563	0.979365	0.571145	-0.817248	-0.076806	0.796884	0.574482	-0.186938
18887	9.605127	-0.779464	-1.833436	-0.017736	0.014974	-0.010639	0.196768	0.045553	0.979391	0.571049	-0.817324	-0.076714	0.796985	0.574375	-0.186836
18888	9.615123	-0.709789	-1.828843	-0.017984	0.018692	-0.010942	0.196617	0.045521	0.979423	0.570944	-0.817405	-0.076625	0.797098	0.574261	-0.186706
18889	9.575483	-0.736297	-1.862099	-0.017774	0.015333	-0.006808	0.196506	0.045476	0.979448	0.570836	-0.817486	-0.076570	0.797203	0.574150	-0.186600
18890	9.602755	-0.756508	-1.857595	-0.017730	0.014974	-0.010646	0.196386	0.045463	0.979472	0.570732	-0.817566	-0.076485	0.797306	0.574037	-0.186506
18891	9.634838	-0.742416	-1.851479	-0.020448	0.016211	-0.009273	0.196262	0.045433	0.979498	0.570613	-0.817657	-0.076407	0.797422	0.573911	-0.186400
18892	9.611758	-0.739062	-1.824825	-0.018113	0.015728	-0.009077	0.196146	0.045403	0.979523	0.570504	-0.817740	-0.076337	0.797529	0.573795	-0.186299
18893	9.591030	-0.715283	-1.868530	-0.017723	0.014974	-0.010652	0.196035	0.045384	0.979546	0.570383	-0.817831	-0.076259	0.797642	0.573666	-0.186210
18894	9.594872	-0.733365	-1.838691	-0.014562	0.016664	-0.007801	0.195919	0.045338	0.979571	0.570299	-0.817894	-0.076207	0.797731	0.573580	-0.186097
18895	9.577640	-0.729035	-1.853847	-0.014173	0.015910	-0.009375	0.195804	0.045309	0.979596	0.570228	-0.817950	-0.076146	0.797810	0.573503	-0.185994
18896	9.600379	-0.696973	-1.834140	-0.008635	0.016760	-0.010160	0.195673	0.045282	0.979623	0.570196	-0.817978	-0.076082	0.797865	0.573465	-0.185876
18897	9.578361	-0.726503	-1.851112	-0.013486	0.011080	-0.014489	0.195568	0.045319	0.979642	0.570125	-0.818038	-0.075972	0.797941	0.573376	-0.185820
18898	9.578689	-0.725117	-1.849961	-0.005181	0.014374	-0.010845	0.195452	0.045311	0.979666	0.570122	-0.818046	-0.075908	0.797972	0.573365	-0.185722
18899	9.552060	-0.702666	-1.851970	-0.000996	0.010839	-0.010837	0.195361	0.045321	0.979684	0.570140	-0.818039	-0.075850	0.797982	0.573374	-0.185652
18900	9.584041	-0.688654	-1.846157	0.001384	0.010000	-0.014474	0.195259	0.045368	0.979702	0.570196	-0.818008	-0.075762	0.797966	0.573415	-0.185592
18901	9.574985	-0.669201	-1.831638	0.001866	0.012569	-0.014084	0.195145	0.045392	0.979723	0.570240	-0.817984	-0.075684	0.797963	0.573447	-0.185510
18902	9.548398	-0.646597	-1.833415	0.001229	0.017041	-0.012812	0.194997	0.045385	0.979753	0.570292	-0.817955	-0.075613	0.797962	0.573489	-0.185381
18903	9.545291	-0.712374	-1.876558	0.013704	0.022774	-0.019005	0.194777	0.045393	0.979797	0.570450	-0.817854	-0.075512	0.797902	0.573633	-0.185193
18904	9.555307	-0.729329	-1.887175	0.049304	0.031087	-0.017693	0.194489	0.045345	0.979856	0.570895	-0.817546	-0.075482	0.797655	0.574075	-0.184891
18905	9.583149	-0.749718	-1.879804	0.082971	0.045098	-0.028022	0.194017	0.045305	0.979951	0.571634	-0.817037	-0.075403	0.797240	0.574803	-0.184417
18906	9.760408	-0.861059	-1.865085	0.126648	0.080448	-0.023860	0.193300	0.045023	0.980106	0.572707	-0.816280	-0.075454	0.796644	0.575899	-0.183572
18907	10.060838	-1.128883	-1.858076	0.137595	0.172923	-0.019920	0.191875	0.044170	0.980425	0.573844	-0.815471	-0.075566	0.796170	0.577110	-0.181816
18908	10.354890	-1.285751	-1.950076	0.088398	0.320841	-0.018255	0.189277	0.042452	0.981006	0.574600	-0.814936	-0.075599	0.796247	0.577994	-0.178641
18909	10.482875	-1.187743	-1.731778	0.062139	0.455436	-0.011646	0.185638	0.039899	0.981808	0.575131	-0.814557	-0.075642	0.796720	0.578710	-0.174160
18910	10.274682	-0.962387	-1.378918	0.042767	0.550039	0.005356	0.181345	0.036657	0.982736	0.575479	-0.814294	-0.075820	0.797457	0.579294	-0.168764
18911	10.080710	-0.903047	-1.280525	-0.019800	0.578501	0.017002	0.176884	0.033152	0.983673	0.575311	-0.814395	-0.076005	0.798579	0.579363	-0.163127
18912	9.944561	-1.053942	-1.348051	-0.035496	0.613667	0.026474	0.172193	0.029368	0.984625	0.575000	-0.814592	-0.076261	0.799828	0.579291	-0.157154
18913	9.346321	-1.272797	-1.212198	-0.035486	0.598126	0.015013	0.167561	0.025759	0.985525	0.574690	-0.814796	-0.076413	0.801034	0.579175	-0.151331
18914	9.621521	-1.158366	-1.022587	-0.063045	0.546146	-0.014759	0.163159	0.022703	0.986339	0.574227	-0.815140	-0.076225	0.802273	0.578819	-0.146034
18915	9.644225	-1.084863	-1.010191	-0.118660	0.527015	-0.052716	0.158679	0.020067	0.987126	0.573375	-0.815799	-0.075585	0.803780	0.577987	-0.140956
18916	9.478817	-1.012865	-1.094885	-0.105526	0.464622	-0.076491	0.154564	0.017994	0.987819	0.572665	-0.816376	-0.074734	0.805087	0.577240	-0.136487
18917	9.452253	-0.858585	-1.101678	-0.084857	0.369551	-0.072889	0.151244	0.016429	0.988360	0.572081	-0.816855	-0.073964	0.806132	0.576608	-0.132943
18918	9.359528	-0.790582	-1.002699	-0.077608	0.283513	-0.046144	0.148755	0.015158	0.988758	0.571543	-0.817277	-0.073457	0.806976	0.576045	-0.130237
18919	9.526158	-0.645008	-0.769616	-0.079031	0.235341	-0.031415	0.146720	0.014043	0.989078	0.570969	-0.817712	-0.073088	0.807754	0.575457	-0.127993
18920	9.579609	-0.448911	-0.561130	-0.076379	0.189727	-0.044713	0.144993	0.013304	0.989343	0.570437	-0.818127	-0.072599	0.808442	0.574884	-0.126212
18921	9.539931	-0.310174	-0.346739	-0.126394	0.178330	-0.051074	0.143331	0.012669	0.989594	0.569476	-0.818849	-0.071999	0.809416	0.573869	-0.124581
18922	9.538881	-0.284940	-0.360874	-0.160356	0.132885	-0.062031	0.141963	0.012401	0.989794	0.568285	-0.819742	-0.071237	0.810493	0.572599	-0.123421
18923	9.642482	-0.232845	-0.470742	-0.186752	0.112839	-0.046937	0.140844	0.012117	0.989958	0.566855	-0.820786	-0.070602	0.811688	0.571107	-0.122472
18924	9.469691	-0.196940	-0.597613	-0.219809	0.083453	-0.033936	0.140035	0.011906	0.990075	0.565137	-0.822018	-0.070048	0.813025	0.569338	-0.121840
18925	9.275077	-0.198934	-0.648315	-0.284977	0.026188	-0.019078	0.139783	0.011886	0.990111	0.562844	-0.823630	-0.069574	0.814658	0.567003	-0.121819
18926	9.193258	-0.338295	-0.701117	-0.353557	-0.031975	-0.011982	0.140038	0.012151	0.990072	0.559997	-0.825610	-0.069075	0.816574	0.564110	-0.122421
18927	9.247763	-0.529437	-0.763548	-0.423066	-0.098513	-0.014016	0.140836	0.012790	0.989950	0.556545	-0.827991	-0.068480	0.818794	0.560596	-0.123730
18928	9.469807	-0.758674	-0.829336	-0.464147	-0.147698	-0.021535	0.141989	0.013779	0.989772	0.552789	-0.830563	-0.067739	0.821135	0.556754	-0.125548
18929	9.625316	-0.913952	-0.824409	-0.464560	-0.166333	-0.034650	0.143220	0.014967	0.989578	0.549049	-0.833111	-0.066862	0.823428	0.552903	-0.127536
18930	9.880919	-1.072846	-0.917973	-0.443232	-0.177400	-0.046571	0.144489	0.016318	0.989372	0.545482	-0.835529	-0.065882	0.825574	0.549204	-0.129625
18931	9.966463	-1.171274	-1.043454	-0.401704	-0.154539	-0.039456	0.145617	0.017463	0.989187	0.542214	-0.837720	-0.065029	0.827526	0.545821	-0.131455
18932	9.972876	-1.300869	-1.097992	-0.338067	-0.118431	-0.038401	0.146451	0.018413	0.989047	0.539490	-0.839537	-0.064254	0.829158	0.542991	-0.132885
18933	9.846664	-1.410453	-1.188512	-0.272291	-0.082951	-0.030676	0.147024	0.019095	0.988949	0.537291	-0.840993	-0.063639	0.830483	0.540710	-0.133905
18934	9.823179	-1.414806	-1.247095	-0.222925	-0.050576	-0.018819	0.147404	0.019509	0.988884	0.535486	-0.842176	-0.063205	0.831581	0.538850	-0.134587
18935	9.792401	-1.283217	-1.265012	-0.199327	-0.032516	-0.012050	0.147671	0.019752	0.988839	0.533843	-0.843242	-0.062879	0.832589	0.537170	-0.135067
18936	9.783256	-1.057384	-1.211130	-0.176958	-0.015859	-0.006365	0.147830	0.019874	0.988813	0.532398	-0.844174	-0.062628	0.833486	0.535701	-0.135375
18937	9.724226	-0.820578	-1.207204	-0.168448	-0.006342	-0.002274	0.147942	0.019887	0.988796	0.530986	-0.845077	-0.062449	0.834366	0.534275	-0.135582
18938	9.689881	-0.659493	-1.174328	-0.179716	-0.004017	-0.013809	0.147963	0.020008	0.988791	0.529526	-0.846016	-0.062120	0.835290	0.532782	-0.135773
18939	9.632207	-0.582305	-1.138618	-0.184480	-0.016137	-0.022512	0.148028	0.020253	0.988776	0.528044	-0.846972	-0.061704	0.836216	0.531251	-0.136070
18940	9.576564	-0.525339	-1.075650	-0.189456	-0.014268	-0.027768	0.148061	0.020547	0.988765	0.526521	-0.847955	-0.061222	0.837170	0.529670	-0.136368
18941	9.509980	-0.591197	-0.996786	-0.192002	-0.023336	-0.030360	0.148163	0.020889	0.988742	0.524961	-0.848957	-0.060730	0.838131	0.528049	-0.136750
18942	9.455801	-0.619404	-0.957325	-0.189987	-0.050353	-0.034035	0.148467	0.021426	0.988685	0.523439	-0.849935	-0.060184	0.839029	0.526452	-0.137403
18943	9.449362	-0.638787	-0.896342	-0.177217	-0.088840	-0.040733	0.149059	0.022203	0.988579	0.522011	-0.850854	-0.059600	0.839813	0.524933	-0.138418
18944	9.479938	-0.696624	-0.849711	-0.157761	-0.128514	-0.042739	0.149976	0.023223	0.988417	0.520770	-0.851655	-0.059009	0.840420	0.523588	-0.139822
18945	9.510371	-0.754542	-0.807036	-0.133311	-0.169841	-0.045783	0.151221	0.024465	0.988197	0.519729	-0.852331	-0.058431	0.840841	0.522431	-0.141605
18946	9.538737	-0.867690	-0.744622	-0.109568	-0.199754	-0.045796	0.152723	0.025880	0.987930	0.518897	-0.852875	-0.057874	0.841083	0.521473	-0.143683
18947	9.537176	-1.002785	-0.765557	-0.079313	-0.240632	-0.047255	0.154578	0.027489	0.987598	0.518289	-0.853279	-0.057372	0.841119	0.520730	-0.146145
18948	9.672195	-1.116224	-0.675524	-0.053670	-0.266817	-0.049658	0.156625	0.029283	0.987224	0.517935	-0.853528	-0.056854	0.840959	0.520223	-0.148850
18949	9.932223	-1.242796	-0.606984	-0.008457	-0.231660	-0.048904	0.158378	0.030863	0.986896	0.517951	-0.853547	-0.056428	0.840621	0.520101	-0.151168
18950	10.094261	-1.292643	-0.485680	0.008159	-0.134935	-0.047003	0.159328	0.031948	0.986709	0.518114	-0.853474	-0.056028	0.840340	0.520155	-0.152535
18951	9.980887	-1.301146	-0.560040	0.010944	-0.052110	-0.044669	0.159595	0.032553	0.986646	0.518279	-0.853397	-0.055678	0.840189	0.520243	-0.153069
18952	9.940121	-1.220099	-0.432967	0.012371	-0.000704	-0.033500	0.159487	0.032824	0.986654	0.518456	-0.853307	-0.055418	0.840100	0.520375	-0.153109
18953	10.005186	-1.203525	-0.316115	0.022929	0.058823	-0.031179	0.158892	0.032733	0.986753	0.518690	-0.853177	-0.055220	0.840068	0.520593	-0.152541
18954	10.024692	-1.144310	-0.066628	0.045615	0.138309	-0.020886	0.157681	0.032172	0.986966	0.519126	-0.852918	-0.055135	0.840027	0.521053	-0.151191
18955	9.949563	-1.124519	0.169956	0.050941	0.216931	-0.008188	0.155869	0.031060	0.987289	0.519567	-0.852645	-0.055203	0.840092	0.521567	-0.149039
18956	9.890085	-1.109775	0.430214	0.046002	0.276047	0.002072	0.153621	0.029583	0.987687	0.519970	-0.852390	-0.055343	0.840257	0.522070	-0.146327
18957	9.878297	-1.236669	0.648707	0.042905	0.335625	0.017887	0.150958	0.027616	0.988154	0.520280	-0.852180	-0.055666	0.840548	0.522520	-0.143011
18958	10.022472	-1.386031	0.888408	0.058145	0.415153	0.035521	0.147712	0.025125	0.988711	0.520736	-0.851869	-0.056150	0.840842	0.523152	-0.138915
18959	10.030705	-1.528396	1.199576	0.093384	0.508577	0.066528	0.143841	0.021831	0.989360	0.521395	-0.851408	-0.057018	0.841105	0.524049	-0.133850
18960	10.102816	-1.698281	1.518180	0.140593	0.599404	0.094794	0.139354	0.017861	0.990082	0.522464	-0.850673	-0.058191	0.841197	0.525391	-0.127876
18961	10.079248	-1.745502	1.927684	0.182846	0.699583	0.126810	0.134186	0.013031	0.990871	0.523805	-0.849739	-0.059760	0.841203	0.527042	-0.120848
18962	9.928617	-1.766884	2.396548	0.208243	0.802655	0.150201	0.128282	0.007499	0.991709	0.525381	-0.848638	-0.061543	0.841141	0.528920	-0.112805
18963	9.740644	-1.650419	2.761904	0.115441	0.893892	0.168307	0.121696	0.001260	0.992567	0.526113	-0.848046	-0.063428	0.841662	0.529921	-0.103867
18964	9.770464	-1.254803	2.592829	0.026904	0.880008	0.124855	0.115003	-0.004480	0.993355	0.526214	-0.847884	-0.064745	0.842540	0.530163	-0.095151
18965	10.147837	-0.782473	2.468661	-0.036151	0.856667	0.077734	0.108233	-0.009763	0.994078	0.525780	-0.848089	-0.065574	0.843707	0.529763	-0.086658
18966	10.583772	-0.392810	2.285734	-0.026029	0.898211	0.025963	0.100847	-0.014758	0.994793	0.525555	-0.848206	-0.065861	0.844761	0.529460	-0.077783
18967	10.980126	-0.112929	2.092592	0.046382	0.913995	-0.001894	0.093155	-0.019674	0.995457	0.525920	-0.847971	-0.065975	0.845417	0.529677	-0.068646
18968	11.561893	-0.011429	1.944122	0.134175	0.953849	-0.046199	0.084908	-0.024357	0.996091	0.527119	-0.847252	-0.065650	0.845539	0.530633	-0.059099
18969	11.936364	0.041666	1.748098	0.213516	1.020187	-0.081713	0.075881	-0.029170	0.996690	0.528958	-0.846153	-0.065036	0.845249	0.532142	-0.048777
18970	12.453503	-0.208958	1.834485	0.283522	1.092624	-0.139970	0.065969	-0.033830	0.997248	0.531476	-0.844666	-0.063812	0.844500	0.534223	-0.037741
18971	13.286311	-0.736840	1.551354	0.406998	1.262319	-0.192803	0.054335	-0.039064	0.997758	0.534980	-0.842578	-0.062122	0.843116	0.537156	-0.024883
18972	12.069072	-0.798656	1.872628	0.482979	1.437979	-0.161537	0.041419	-0.045472	0.998107	0.539150	-0.840024	-0.060643	0.841191	0.540641	-0.010277
18973	12.355016	-0.878413	1.918402	0.538759	1.335743	-0.129174	0.029537	-0.051733	0.998224	0.543687	-0.837178	-0.059474	0.838768	0.544479	0.003399
18974	12.787106	-0.775774	1.752378	0.582082	1.429261	-0.138014	0.016876	-0.058408	0.998150	0.548620	-0.834052	-0.058082	0.835902	0.548585	0.017968
18975	13.082323	-0.436398	1.147657	0.578342	1.485607	-0.172960	0.003549	-0.065243	0.997863	0.553455	-0.830974	-0.056300	0.832871	0.552472	0.033160
18976	13.337339	-0.305878	0.389794	0.632071	1.616768	-0.174354	-0.010796	-0.072779	0.997290	0.558729	-0.827568	-0.054345	0.829280	0.556628	0.049598
18977	12.408104	0.034183	-0.002035	0.698486	1.766023	-0.101483	-0.025921	-0.081893	0.996304	0.564394	-0.823800	-0.053030	0.825098	0.560934	0.067574
18978	11.687827	0.099984	-0.259840	0.801173	1.736054	-0.059835	-0.040479	-0.091199	0.995010	0.570993	-0.819315	-0.051867	0.819957	0.566044	0.085239
18979	11.275910	0.149640	-0.150206	0.904848	1.729170	-0.043893	-0.054825	-0.100752	0.993400	0.578315	-0.814239	-0.050664	0.813969	0.571720	0.102907
18980	10.734787	0.044564	-0.202478	1.057574	1.666212	-0.024472	-0.068409	-0.110151	0.991558	0.586899	-0.808159	-0.049286	0.806765	0.578573	0.119933
18981	10.544016	0.103880	-0.424630	1.109088	1.497851	-0.025890	-0.080523	-0.118712	0.989658	0.595663	-0.801816	-0.047714	0.799188	0.585660	0.135277
18982	10.330920	0.149850	-0.427584	1.023813	1.462283	-0.076678	-0.092553	-0.126724	0.987611	0.603771	-0.795856	-0.045538	0.791767	0.592076	0.150172
18983	9.924074	0.697024	-0.354849	0.986694	1.424646	-0.111021	-0.104386	-0.134372	0.985418	0.611325	-0.790211	-0.042996	0.784465	0.597922	0.164632
18984	9.605952	1.087901	-0.966341	0.876727	1.310249	-0.142772	-0.115435	-0.141128	0.983238	0.618046	-0.785117	-0.040130	0.777621	0.603054	0.177854
18985	9.505557	1.234049	-1.225353	0.814869	1.224824	-0.144989	-0.125754	-0.147411	0.981048	0.624059	-0.780488	-0.037281	0.771192	0.607543	0.190142
18986	9.448617	1.088183	-1.123055	0.718767	1.199123	-0.137339	-0.135764	-0.153662	0.978752	0.629431	-0.776287	-0.034566	0.765104	0.611364	0.202111
18987	8.988349	1.075282	-0.753627	0.593817	1.228339	-0.135696	-0.145939	-0.160145	0.976245	0.633713	-0.772904	-0.032055	0.759677	0.613981	0.214283
18988	8.390148	1.002963	-0.073843	0.492138	1.225454	-0.126024	-0.155957	-0.166719	0.973592	0.637281	-0.770056	-0.029781	0.754686	0.615807	0.226343
18989	8.366379	0.632795	0.122407	0.439745	1.150716	-0.104738	-0.165211	-0.173030	0.970961	0.640347	-0.767581	-0.027830	0.750107	0.617154	0.237613
18990	8.389359	0.364859	-0.228298	0.409117	1.058025	-0.115702	-0.173805	-0.178691	0.968432	0.643243	-0.765229	-0.025754	0.745674	0.618461	0.247942
18991	8.141792	0.392542	-0.307184	0.436891	1.020730	-0.134606	-0.182192	-0.183968	0.965900	0.646173	-0.762832	-0.023407	0.741125	0.619874	0.257857
18992	7.789875	0.480193	-0.248007	0.428469	0.989789	-0.151907	-0.190426	-0.188964	0.963343	0.649088	-0.760427	-0.020854	0.736493	0.621324	0.267460
18993	7.378632	0.537425	-0.152184	0.416181	0.950048	-0.149065	-0.198291	-0.193725	0.960808	0.651780	-0.758186	-0.018357	0.732027	0.622595	0.276608
18994	7.033068	0.502012	-0.119139	0.387403	0.890316	-0.146856	-0.205686	-0.198172	0.958343	0.654344	-0.756030	-0.015896	0.727686	0.623816	0.285178
18995	6.772966	0.409378	0.002734	0.385228	0.821062	-0.148282	-0.212528	-0.202155	0.956015	0.656760	-0.753980	-0.013431	0.723531	0.625018	0.293009
18996	6.626465	0.447395	0.102649	0.372292	0.715253	-0.149804	-0.218613	-0.205512	0.953925	0.659157	-0.751926	-0.010933	0.719528	0.626396	0.299846
18997	6.655904	0.494561	0.340961	0.328479	0.624852	-0.150571	-0.224028	-0.208267	0.952069	0.661146	-0.750209	-0.008537	0.716029	0.627544	0.305763
18998	6.689732	0.609665	0.468556	0.237361	0.535027	-0.163131	-0.228870	-0.210413	0.950445	0.662506	-0.749030	-0.006290	0.713235	0.628236	0.310830
18999	6.667270	0.553077	0.454141	0.223897	0.414001	-0.180124	-0.232934	-0.211646	0.949183	0.663648	-0.748035	-0.003932	0.710854	0.629007	0.314701
19000	6.574081	0.645840	0.631274	0.266896	0.264215	-0.198943	-0.236069	-0.211832	0.948366	0.665109	-0.746745	-0.001237	0.708450	0.630475	0.317175
19001	6.656847	0.721337	1.074542	0.311151	0.102666	-0.206483	-0.238110	-0.210927	0.948058	0.666840	-0.745199	0.001686	0.706136	0.632604	0.318094
19002	6.956255	0.700361	1.466883	0.333148	-0.032916	-0.201908	-0.239164	-0.209225	0.948169	0.668741	-0.743481	0.004624	0.703979	0.635186	0.317732
19003	7.210237	0.692288	2.045314	0.322550	-0.121888	-0.186223	-0.239462	-0.207030	0.948576	0.670517	-0.741857	0.007355	0.702185	0.637798	0.316464
19004	7.505780	0.440320	2.560620	0.263647	-0.182619	-0.168401	-0.239250	-0.204624	0.949151	0.671998	-0.740489	0.009750	0.700841	0.640160	0.314669
19005	7.828835	0.318795	3.292365	0.197462	-0.225899	-0.158927	-0.238671	-0.201986	0.949862	0.673023	-0.739527	0.011851	0.700055	0.642107	0.312445
19006	8.021122	0.275357	4.036597	0.134398	-0.244044	-0.162670	-0.237997	-0.199224	0.950614	0.673609	-0.738959	0.013779	0.699720	0.643622	0.310069
19007	8.158299	0.467593	4.945386	0.082051	-0.246715	-0.160315	-0.237276	-0.196421	0.951377	0.673796	-0.738754	0.015524	0.699785	0.644718	0.307637
19008	8.174653	0.710721	5.738083	0.023538	-0.253259	-0.151182	-0.236461	-0.193679	0.952142	0.673637	-0.738867	0.016999	0.700214	0.645418	0.305182
19009	8.487544	0.917767	6.486958	-0.014500	-0.248341	-0.119062	-0.235485	-0.191167	0.952892	0.673300	-0.739148	0.018104	0.700867	0.645845	0.302770
19010	9.082544	1.062531	6.991096	-0.036530	-0.213008	-0.079915	-0.234467	-0.189208	0.953533	0.672890	-0.739506	0.018720	0.701601	0.646012	0.300706
19011	9.535019	1.133685	7.033497	-0.075755	-0.111486	-0.019449	-0.233759	-0.188357	0.953875	0.672314	-0.740031	0.018629	0.702389	0.645659	0.299624
19012	10.224906	0.997240	7.138304	-0.118571	-0.019289	0.060047	-0.233159	-0.188685	0.953957	0.671655	-0.740654	0.017665	0.703219	0.644849	0.299421
19013	10.507431	0.775274	7.107260	-0.088120	0.127881	0.142768	-0.233050	-0.190578	0.953608	0.671377	-0.740943	0.016000	0.703520	0.643959	0.300626
19014	10.514108	0.490028	7.181897	-0.100184	0.289169	0.246079	-0.233371	-0.194270	0.952784	0.671280	-0.741084	0.013315	0.703507	0.642692	0.303357
19015	10.053630	0.122760	7.163679	-0.156665	0.377319	0.343543	-0.233684	-0.199260	0.951676	0.671001	-0.741395	0.009532	0.703669	0.640803	0.306956
19016	9.400348	-0.184191	6.999237	-0.286982	0.375463	0.435369	-0.233347	-0.204900	0.950561	0.670030	-0.742320	0.004469	0.704704	0.637947	0.310507
19017	8.956173	-0.575756	6.530507	-0.416655	0.346776	0.508727	-0.232350	-0.210920	0.949487	0.668277	-0.743911	-0.001718	0.706696	0.634121	0.313801
19018	8.651289	-0.897140	5.957631	-0.520625	0.336123	0.557221	-0.230951	-0.217205	0.948411	0.665915	-0.745977	-0.008684	0.709379	0.629556	0.316924
19019	8.374811	-1.069690	5.139099	-0.583216	0.326781	0.588311	-0.229337	-0.223669	0.947300	0.663127	-0.748333	-0.016150	0.712508	0.624476	0.319942
19020	8.207393	-1.133886	4.514911	-0.576257	0.335373	0.615343	-0.227598	-0.230376	0.946111	0.660452	-0.750489	-0.023863	0.715544	0.619429	0.322963
19021	8.562029	-0.964021	4.530237	-0.519276	0.452862	0.643654	-0.226571	-0.238041	0.944459	0.658184	-0.752190	-0.031687	0.717955	0.614449	0.327099
19022	9.456159	-0.724746	4.477109	-0.564180	0.567003	0.605502	-0.226609	-0.246080	0.942387	0.655533	-0.754144	-0.039294	0.720365	0.608861	0.332210
19023	11.416157	-0.308231	5.181143	-0.508564	0.608044	0.484966	-0.227803	-0.253461	0.940140	0.652964	-0.756014	-0.045603	0.722318	0.603490	0.337723
19024	11.903831	0.985271	5.858364	-0.561061	0.661414	0.344634	-0.230281	-0.260054	0.937733	0.649729	-0.758468	-0.050784	0.724446	0.597578	0.343625
19025	10.661391	1.255402	5.049624	-0.744202	0.121193	0.184303	-0.229949	-0.262217	0.937212	0.644744	-0.762408	-0.055119	0.728991	0.591587	0.344378
19026	10.119059	0.509210	3.919230	-0.474225	-0.437034	-0.000943	-0.226699	-0.259642	0.938719	0.641310	-0.765179	-0.056767	0.733028	0.589141	0.339976
19027	9.896077	0.870695	4.161961	0.122276	-0.523334	-0.049110	-0.223149	-0.256227	0.940506	0.642090	-0.764585	-0.055954	0.733434	0.591404	0.335137
19028	8.240125	1.819505	3.875273	0.367171	-0.616513	-0.017762	-0.218684	-0.252443	0.942576	0.644776	-0.762419	-0.054601	0.732422	0.595810	0.329498
19029	6.561418	1.711676	0.683985	0.296203	-1.181927	-0.008396	-0.210055	-0.245345	0.946405	0.646930	-0.760662	-0.053607	0.733047	0.600998	0.318502
19030	5.991501	2.106931	-2.110508	0.023806	-1.692531	-0.007297	-0.197605	-0.235093	0.951674	0.647124	-0.760506	-0.053500	0.736331	0.605279	0.302414
19031	6.678476	2.671840	-2.817296	-0.788852	-1.883010	0.060135	-0.183240	-0.224200	0.957161	0.641402	-0.765127	-0.056428	0.745001	0.603585	0.284004
19032	7.870426	2.349355	-3.004158	-1.762277	-1.687215	0.206005	-0.169181	-0.215697	0.961693	0.628543	-0.775195	-0.063295	0.759152	0.593757	0.266723
19033	8.299345	0.493331	-2.956862	-2.227868	-1.296122	0.333365	-0.157129	-0.210731	0.964833	0.612015	-0.787531	-0.072335	0.775080	0.579126	0.252715
19034	9.279238	-1.237170	-1.623224	-2.182823	-1.103386	0.448641	-0.145724	-0.207996	0.967213	0.595645	-0.799042	-0.082090	0.789919	0.564153	0.240332
19035	10.501002	-2.778352	0.065151	-1.960266	-1.178047	0.559085	-0.133023	-0.205952	0.969479	0.580852	-0.808781	-0.092115	0.803067	0.550870	0.227214
19036	11.221748	-2.987142	1.177770	-1.538879	-1.432768	0.629244	-0.117760	-0.203255	0.972018	0.569232	-0.815870	-0.101641	0.813700	0.541334	0.211776
19037	11.035032	-1.419774	1.646766	-1.251440	-1.553389	0.560587	-0.101856	-0.199529	0.974584	0.559650	-0.821439	-0.109685	0.822446	0.534253	0.195334
19038	10.311399	-0.571271	0.902400	-1.198372	-1.561180	0.450823	-0.086389	-0.194974	0.976997	0.550200	-0.826885	-0.116366	0.830552	0.527490	0.178708
19039	9.795593	-0.822259	0.286792	-1.040930	-1.551165	0.353837	-0.071485	-0.189819	0.979213	0.541841	-0.831630	-0.121654	0.837436	0.521881	0.162300
19040	9.727001	-1.822991	0.073569	-0.853415	-1.445397	0.272586	-0.057812	-0.184598	0.981112	0.534876	-0.835530	-0.125688	0.842950	0.517507	0.147040
19041	9.546771	-2.860944	-0.068226	-0.595520	-1.321691	0.213222	-0.045478	-0.179580	0.982692	0.529991	-0.838189	-0.128646	0.846783	0.514967	0.133294
19042	9.284349	-3.436438	-0.334356	-0.243094	-1.218533	0.158040	-0.034252	-0.174648	0.984035	0.528022	-0.839136	-0.130552	0.848540	0.515120	0.120960
19043	9.134042	-3.265115	-0.583300	0.075554	-1.148564	0.110967	-0.023895	-0.169674	0.985211	0.528734	-0.838525	-0.131588	0.848451	0.517770	0.109749
19044	8.962605	-2.678832	-0.597136	0.273351	-1.137015	0.106865	-0.013628	-0.164677	0.986253	0.531099	-0.836901	-0.132401	0.847200	0.521994	0.098865
19045	9.294713	-1.938270	-0.430111	0.314273	-1.200124	0.165788	-0.002549	-0.159802	0.987146	0.533803	-0.834958	-0.133787	0.845605	0.526600	0.087431
19046	9.605004	-1.431153	-0.257825	0.150530	-1.208837	0.238297	0.009003	-0.155423	0.987807	0.535094	-0.833763	-0.136063	0.844745	0.529795	0.075660
19047	9.699867	-1.257562	-0.273358	-0.139503	-1.217261	0.287245	0.020864	-0.151395	0.988253	0.533902	-0.834036	-0.139042	0.845289	0.530531	0.063429
19048	9.930953	-1.457026	-0.349863	-0.488917	-1.207741	0.291537	0.032698	-0.147454	0.988528	0.529711	-0.836165	-0.142248	0.847548	0.528285	0.050768
19049	9.614915	-1.659855	-0.445789	-0.699114	-1.208389	0.260659	0.044368	-0.143300	0.988684	0.523704	-0.839440	-0.145170	0.850744	0.524219	0.037802
19050	9.218609	-1.979963	-0.672147	-0.849056	-1.251837	0.155913	0.055913	-0.138102	0.988839	0.516411	-0.843626	-0.147021	0.854514	0.518867	0.024147
19051	9.176433	-2.293473	-1.202521	-0.872390	-1.286130	0.066912	0.067317	-0.132054	0.988954	0.508921	-0.848016	-0.147876	0.858177	0.513255	0.010119
19052	9.354858	-2.081419	-1.420315	-0.790611	-1.351142	0.005046	0.079018	-0.125215	0.988978	0.502145	-0.852026	-0.147996	0.861166	0.508304	-0.004450
19053	9.328138	-2.027452	-1.576740	-0.744048	-1.354848	-0.076034	0.090374	-0.117737	0.988924	0.495814	-0.855862	-0.147205	0.863714	0.503625	-0.018973
19054	9.664746	-2.042500	-1.930803	-0.646360	-1.375297	-0.134732	0.101661	-0.109702	0.988752	0.490377	-0.859236	-0.145752	0.865561	0.499678	-0.033556
19055	9.821865	-1.531271	-1.772951	-0.603944	-1.302067	-0.142095	0.112298	-0.102023	0.988423	0.485318	-0.862373	-0.144151	0.867096	0.495888	-0.047329
19056	9.625137	-1.450818	-1.497357	-0.670239	-1.277105	-0.139497	0.122769	-0.094534	0.987923	0.479687	-0.865798	-0.142459	0.868809	0.491383	-0.060946
19057	9.627235	-1.659988	-1.237235	-0.704971	-1.273610	-0.120949	0.133321	-0.087282	0.987222	0.473731	-0.869335	-0.140835	0.870519	0.486454	-0.074553
19058	9.236608	-1.849035	-0.866841	-0.669931	-1.261806	-0.128302	0.143769	-0.080078	0.986366	0.468093	-0.872667	-0.139075	0.871905	0.481706	-0.087979
19059	9.511034	-2.342778	-0.855550	-0.585880	-1.304749	-0.147302	0.154515	-0.072556	0.985323	0.463222	-0.875571	-0.137115	0.872668	0.477610	-0.101680
19060	9.753615	-2.537949	-0.983643	-0.393196	-1.254424	-0.134887	0.164897	-0.065421	0.984139	0.460027	-0.877519	-0.135413	0.872459	0.475059	-0.114605
19061	9.840302	-2.471087	-0.905334	-0.203994	-1.184289	-0.143211	0.174617	-0.058572	0.982893	0.458507	-0.878559	-0.133811	0.871367	0.474029	-0.126555
19062	9.510229	-2.454350	-0.862775	-0.068679	-1.159885	-0.153566	0.184067	-0.051746	0.981551	0.458203	-0.878952	-0.132263	0.869580	0.474095	-0.138076
19063	9.662810	-2.199866	-0.791841	0.064796	-1.187100	-0.180070	0.193600	-0.044561	0.980068	0.459117	-0.878717	-0.130646	0.867024	0.475259	-0.149661
19064	9.617364	-1.806905	-0.758999	0.103719	-1.169711	-0.185849	0.202929	-0.037384	0.978480	0.460401	-0.878282	-0.129039	0.864205	0.476679	-0.161017
19065	9.251471	-1.329667	-0.731114	0.133699	-1.207400	-0.175001	0.212588	-0.030118	0.976678	0.461925	-0.877691	-0.127610	0.861064	0.478280	-0.172675
19066	9.130470	-0.867390	-0.704052	0.074071	-1.289059	-0.191486	0.222840	-0.022288	0.974600	0.462995	-0.877370	-0.125927	0.857892	0.479296	-0.185194
19067	9.249599	-0.635123	-0.876494	-0.032119	-1.357904	-0.201019	0.233589	-0.014052	0.972234	0.463183	-0.877550	-0.123968	0.854926	0.479280	-0.198477
19068	9.329911	-0.383626	-0.902174	-0.158378	-1.392125	-0.199964	0.244605	-0.005655	0.969606	0.462325	-0.878312	-0.121755	0.852305	0.478055	-0.212225
19069	9.460799	-0.329513	-0.652888	-0.304953	-1.431246	-0.210915	0.255864	0.002985	0.966708	0.460261	-0.879758	-0.119103	0.850114	0.475412	-0.226473
19070	9.664168	-0.669368	-0.260276	-0.496229	-1.486649	-0.236722	0.267463	0.012082	0.963492	0.456680	-0.882074	-0.115712	0.848474	0.470956	-0.241440
19071	9.942012	-1.151809	0.144197	-0.639479	-1.539822	-0.260294	0.279384	0.021550	0.959938	0.451972	-0.885014	-0.111675	0.847152	0.465065	-0.256998
19072	10.409736	-1.782390	0.536038	-0.700703	-1.550074	-0.248733	0.291444	0.030890	0.956089	0.446763	-0.888172	-0.107491	0.845851	0.458473	-0.272653
19073	10.440510	-2.219133	1.122364	-0.649662	-1.506989	-0.227671	0.303214	0.039731	0.952094	0.441945	-0.891044	-0.103563	0.844243	0.452175	-0.287736
19074	10.730726	-2.403711	1.762173	-0.628112	-1.490488	-0.206540	0.314932	0.048243	0.947887	0.437298	-0.893762	-0.099802	0.842371	0.445940	-0.302571
19075	10.615056	-2.056355	2.163159	-0.596537	-1.359273	-0.143950	0.325789	0.055494	0.943812	0.432724	-0.896329	-0.096667	0.840602	0.439903	-0.316028
19076	10.374569	-2.016460	2.497802	-0.676727	-1.268329	-0.135278	0.335916	0.062220	0.939835	0.427497	-0.899192	-0.093267	0.839289	0.433107	-0.328652
19077	10.393035	-2.249518	2.083022	-0.770551	-1.175407	-0.184859	0.345035	0.068858	0.936061	0.421635	-0.902384	-0.089035	0.838555	0.425396	-0.340387
19078	10.286559	-2.858332	1.467557	-0.837292	-1.090142	-0.231680	0.353260	0.075518	0.932472	0.415433	-0.905734	-0.084031	0.838226	0.417065	-0.351333
19079	10.371182	-3.722260	0.448515	-0.835539	-1.044048	-0.256947	0.360992	0.082072	0.928950	0.409308	-0.908992	-0.078749	0.837945	0.408654	-0.361731
19080	10.693010	-4.286340	-0.207151	-0.704403	-1.005237	-0.242329	0.368480	0.088323	0.925431	0.404300	-0.911630	-0.073975	0.837116	0.401410	-0.371626
19081	11.465253	-4.357645	-0.474395	-0.581329	-0.996688	-0.212823	0.376002	0.094129	0.921826	0.400174	-0.913768	-0.069920	0.835753	0.395180	-0.381246
19082	12.120871	-3.688996	-0.382160	-0.471294	-0.813677	-0.161333	0.382208	0.098771	0.918782	0.396857	-0.915455	-0.066677	0.834519	0.390110	-0.389093
19083	12.132389	-2.605636	0.162896	-0.408059	-0.641195	-0.112762	0.387152	0.102167	0.916338	0.393815	-0.916948	-0.064151	0.833680	0.385704	-0.395233
19084	12.208898	-1.715226	0.776802	-0.368109	-0.512412	-0.101117	0.391079	0.105033	0.914344	0.391148	-0.918249	-0.061819	0.833103	0.381820	-0.400192
19085	12.680887	-1.206389	1.835750	-0.333378	-0.397843	-0.110711	0.394002	0.107425	0.912810	0.388723	-0.919426	-0.059583	0.832861	0.378306	-0.404014
19086	13.551006	-1.440460	3.013180	-0.309418	-0.252646	-0.131796	0.395648	0.109560	0.911844	0.386673	-0.920442	-0.057184	0.833034	0.375210	-0.406535
19087	15.029348	-2.081198	4.393596	-0.294588	-0.000291	-0.153139	0.395098	0.110820	0.911930	0.384728	-0.921407	-0.054713	0.834195	0.372463	-0.406682
19088	16.047109	-2.739581	6.346075	-0.341453	0.472762	-0.109648	0.390779	0.110047	0.913882	0.382313	-0.922547	-0.052388	0.837334	0.369861	-0.402585
19089	15.898760	-2.985982	8.743765	-0.341152	1.173712	-0.010500	0.380911	0.105641	0.918557	0.379374	-0.923833	-0.051072	0.843198	0.367931	-0.391975
19090	13.989574	-1.693952	8.836633	0.102312	1.585631	-0.043513	0.367385	0.100159	0.924660	0.380411	-0.923404	-0.051122	0.848714	0.370532	-0.377346
19091	12.862139	1.275386	7.989017	0.830297	1.503263	-0.147987	0.354068	0.095688	0.930312	0.387869	-0.920191	-0.052972	0.850996	0.379595	-0.362924
19092	13.003215	3.575686	7.331618	0.847279	1.548013	-0.306250	0.339732	0.092524	0.935960	0.396160	-0.916640	-0.053182	0.853018	0.388858	-0.348066
19093	12.188944	4.611987	6.181050	0.298975	1.818096	-0.516664	0.322140	0.089948	0.942409	0.400293	-0.915049	-0.049494	0.857899	0.393184	-0.330780
19094	12.441007	3.912672	4.494100	-0.379931	2.228420	-0.607564	0.300555	0.086737	0.949812	0.398921	-0.915996	-0.042585	0.866331	0.391699	-0.309908
19095	12.124076	1.906604	2.204119	-0.974562	2.385563	-0.537136	0.277646	0.082213	0.957159	0.391849	-0.919375	-0.034697	0.877136	0.384696	-0.287476
19096	13.832324	-0.299321	-2.224914	-1.771910	2.225854	-0.357855	0.256658	0.077084	0.963423	0.377164	-0.925770	-0.026406	0.889873	0.370146	-0.266680
19097	14.278255	-0.898046	-6.500248	-2.109348	2.288916	-0.144934	0.235608	0.069977	0.969326	0.358478	-0.933329	-0.019755	0.903317	0.352137	-0.244985
19098	15.171838	-1.313313	-7.859006	-2.120752	2.008122	0.108346	0.217779	0.062044	0.974024	0.338965	-0.940665	-0.015869	0.915246	0.333616	-0.225888
19099	18.021816	-1.130475	-5.848893	-1.899843	2.064845	0.342137	0.199903	0.051917	0.978439	0.320635	-0.947080	-0.015256	0.925868	0.316771	-0.205971
19100	19.035326	-1.476818	-5.339058	-1.446448	2.424646	0.500408	0.178964	0.039603	0.983058	0.306247	-0.951793	-0.017408	0.934978	0.304174	-0.182465
19101	16.095146	-2.014846	-7.617428	-0.589681	2.498954	0.543086	0.157170	0.026709	0.987210	0.299679	-0.953789	-0.021905	0.941005	0.299289	-0.157911
19102	15.116223	-1.076927	-7.910806	0.068958	2.383324	0.471335	0.136168	0.015032	0.990572	0.299659	-0.953672	-0.026720	0.944279	0.300472	-0.134364
19103	15.682802	-2.058003	-7.628177	0.657977	2.834050	0.345999	0.110430	0.002959	0.993879	0.305333	-0.951738	-0.031092	0.945821	0.306898	-0.106004
19104	13.950552	-2.354824	-5.664334	1.271801	3.160410	0.347989	0.081687	-0.010270	0.996605	0.317047	-0.947736	-0.035753	0.944885	0.318891	-0.074162
19105	14.433832	-2.215072	-4.778414	1.349837	3.062576	0.327593	0.053841	-0.023480	0.998273	0.329452	-0.943326	-0.039956	0.942636	0.331035	-0.043054
19106	12.287078	-2.726771	-5.644538	1.415761	3.089031	0.358332	0.026034	-0.037302	0.998965	0.342658	-0.938431	-0.043972	0.939100	0.343448	-0.011649
19107	11.142701	-2.190495	-5.411581	1.548332	2.817511	0.406940	0.001067	-0.051122	0.998692	0.356997	-0.932865	-0.048133	0.934105	0.356581	0.017255
19108	10.528394	-1.524835	-5.296534	1.474083	2.801775	0.428054	-0.023413	-0.065295	0.997591	0.370802	-0.927256	-0.051989	0.928417	0.368692	0.045922
19109	10.201359	-1.101407	-5.401052	1.508750	2.651839	0.410267	-0.046396	-0.079160	0.995782	0.384803	-0.921340	-0.055313	0.921832	0.380614	0.073208
19110	9.605342	-0.441013	-5.443947	1.569861	2.616015	0.368408	-0.068911	-0.092690	0.993308	0.399459	-0.914936	-0.057664	0.914157	0.392812	0.100075
19111	8.610457	-0.453352	-5.612844	1.599873	2.555955	0.333151	-0.090811	-0.106042	0.990206	0.414194	-0.908256	-0.059281	0.905647	0.404754	0.126401
19112	7.738251	-0.164817	-5.472281	1.718950	2.386944	0.315219	-0.110926	-0.118737	0.986710	0.430030	-0.900815	-0.060057	0.895974	0.417653	0.150985
19113	6.986079	0.099724	-5.615446	1.777573	2.192319	0.301085	-0.129130	-0.130845	0.982957	0.446150	-0.892928	-0.060251	0.885593	0.430767	0.173681
