// General information: 
//  MT Manager version: 2022.2.0 
//  XDA version: 2022.2.0 build 7381 rev 124627 built on 2023-07-19
// Device information: 
//  DeviceId: 00B4CAF0
//  ProductCode: MTW2-3A7G6
//  Firmware Version: 4.6.0
//  Hardware Version: 2.0.0
// Device settings: 
//  Filter Profile: human(46.1)
//  Option Flags: Orientation Smoother Disabled, Position/Velocity Smoother Disabled, Continuous Zero Rotation Update Disabled, AHS Disabled, ICC Disabled
// Coordinate system: ENU
PacketCounter	Acc_X	Acc_Y	Acc_Z	Gyr_X	Gyr_Y	Gyr_Z	Mat[1][1]	Mat[2][1]	Mat[3][1]	Mat[1][2]	Mat[2][2]	Mat[3][2]	Mat[1][3]	Mat[2][3]	Mat[3][3]
20487	4.202848	4.789350	7.918082	0.036043	0.000277	-0.002765	0.583162	0.703493	0.406227	-0.792852	0.383971	0.473236	0.176939	-0.598051	0.781683
20488	4.141542	4.868784	7.903621	-0.020818	0.006891	0.001456	0.583141	0.703517	0.406214	-0.792903	0.384090	0.473053	0.176778	-0.597945	0.781800
20489	4.159477	4.671018	7.905261	0.014541	-0.001755	-0.000879	0.583170	0.703494	0.406214	-0.792863	0.384039	0.473161	0.176864	-0.598006	0.781734
20490	4.200993	4.858022	7.956180	0.028263	0.000322	-0.001804	0.583245	0.703437	0.406205	-0.792764	0.383933	0.473414	0.177062	-0.598141	0.781586
20491	4.163923	4.782885	7.901173	-0.004434	0.001579	-0.004185	0.583294	0.703420	0.406163	-0.792738	0.384018	0.473388	0.177017	-0.598105	0.781623
20492	4.159562	4.816704	7.890462	0.027252	-0.002738	-0.004532	0.583294	0.703388	0.406218	-0.792700	0.383857	0.473582	0.177183	-0.598247	0.781478
20493	4.140746	4.873752	7.900976	0.003580	0.004644	-0.001047	0.583313	0.703402	0.406167	-0.792679	0.383872	0.473606	0.177219	-0.598220	0.781489
20494	4.173441	4.795605	7.868231	0.008797	0.001627	-0.001998	0.583319	0.703387	0.406183	-0.792661	0.383821	0.473677	0.177277	-0.598270	0.781438
20495	4.171871	4.863125	7.906840	0.013722	0.002079	-0.000924	0.583341	0.703386	0.406154	-0.792622	0.383775	0.473779	0.177378	-0.598301	0.781391
20496	4.120392	4.810264	7.873642	-0.004441	0.002973	-0.000417	0.583401	0.703348	0.406135	-0.792595	0.383872	0.473747	0.177305	-0.598285	0.781421
20497	4.158416	4.820302	7.888868	0.014248	0.001719	0.001149	0.583407	0.703352	0.406118	-0.792567	0.383808	0.473845	0.177408	-0.598321	0.781370
20498	4.154141	4.853343	7.878563	-0.005459	0.001304	0.000622	0.583487	0.703295	0.406103	-0.792524	0.383909	0.473835	0.177339	-0.598323	0.781384
20499	4.168431	4.830265	7.857328	0.003864	0.002570	0.000697	0.583495	0.703303	0.406077	-0.792512	0.383911	0.473854	0.177365	-0.598312	0.781386
20500	4.175236	4.831585	7.916704	0.001260	0.003381	-0.000712	0.583533	0.703271	0.406078	-0.792503	0.383995	0.473800	0.177278	-0.598296	0.781418
20501	4.161970	4.787965	7.899125	-0.001836	0.002162	0.000992	0.583540	0.703277	0.406057	-0.792503	0.384029	0.473773	0.177256	-0.598267	0.781445
20502	4.164063	4.842694	7.897822	0.006961	0.003789	-0.001006	0.583576	0.703252	0.406048	-0.792476	0.384048	0.473803	0.177261	-0.598283	0.781432
20503	4.157027	4.821190	7.889058	-0.000861	0.007617	-0.001465	0.583593	0.703282	0.405973	-0.792459	0.384094	0.473793	0.177278	-0.598219	0.781477
20504	4.124791	4.833631	7.882648	0.006434	0.004151	-0.003078	0.583672	0.703234	0.405942	-0.792405	0.384164	0.473828	0.177264	-0.598230	0.781472
20505	4.187701	4.809800	7.895651	0.002804	0.004689	0.000321	0.583679	0.703253	0.405898	-0.792392	0.384175	0.473840	0.177293	-0.598201	0.781488
20506	4.117411	4.812715	7.873704	0.007978	0.005459	-0.002045	0.583918	0.703122	0.405781	-0.792219	0.384380	0.473963	0.177280	-0.598223	0.781474
20507	4.161766	4.844700	7.897803	0.003096	0.001219	-0.001703	0.583949	0.703112	0.405755	-0.792194	0.384404	0.473985	0.177291	-0.598220	0.781474
20508	4.151372	4.835454	7.929103	0.008021	0.001673	-0.000628	0.584053	0.703039	0.405731	-0.792113	0.384457	0.474078	0.177309	-0.598271	0.781430
20509	4.171963	4.834660	7.916553	0.001743	0.006807	-0.000056	0.584061	0.703069	0.405668	-0.792100	0.384477	0.474083	0.177343	-0.598223	0.781459
20510	4.154394	4.823957	7.888754	0.002320	0.001264	-0.000335	0.584157	0.702995	0.405657	-0.792046	0.384589	0.474083	0.177267	-0.598238	0.781465
20511	4.171547	4.834871	7.916643	-0.000535	0.001757	0.001696	0.584160	0.703001	0.405643	-0.792047	0.384611	0.474064	0.177253	-0.598217	0.781484
20512	4.143937	4.814409	7.920273	0.004640	0.002527	-0.000670	0.584184	0.702980	0.405646	-0.792028	0.384617	0.474089	0.177257	-0.598239	0.781467
20513	4.164436	4.813579	7.907795	0.004063	0.008071	-0.000391	0.584192	0.703015	0.405572	-0.792009	0.384626	0.474114	0.177316	-0.598191	0.781490
20514	4.163962	4.814100	7.907728	0.007495	0.002034	-0.002700	0.584288	0.702947	0.405553	-0.791946	0.384711	0.474151	0.177282	-0.598216	0.781478
20515	4.159415	4.847532	7.897303	0.007737	0.003747	-0.002372	0.584320	0.702949	0.405503	-0.791909	0.384713	0.474212	0.177345	-0.598213	0.781467
20516	4.173235	4.825022	7.875994	-0.000076	0.006176	-0.006603	0.584501	0.702855	0.405406	-0.791785	0.384899	0.474268	0.177301	-0.598204	0.781483
20517	4.141330	4.817085	7.920009	0.010298	0.006724	-0.002378	0.584527	0.702875	0.405333	-0.791743	0.384885	0.474349	0.177401	-0.598190	0.781472
20518	4.156914	4.870051	7.846677	0.006150	0.006226	-0.004822	0.584645	0.702821	0.405256	-0.791647	0.384965	0.474444	0.177440	-0.598201	0.781454
20519	4.165584	4.763262	7.968518	-0.011486	0.006753	-0.002252	0.584671	0.702842	0.405184	-0.791644	0.385080	0.474355	0.177368	-0.598103	0.781546
20520	4.142926	4.806081	7.880115	0.017016	0.008805	-0.003708	0.584754	0.702816	0.405109	-0.791555	0.385078	0.474505	0.177491	-0.598135	0.781493
20521	4.168206	4.894525	7.915137	0.009531	0.005373	-0.004778	0.584802	0.702818	0.405035	-0.791500	0.385086	0.474590	0.177577	-0.598127	0.781480
20522	4.149704	4.742229	7.900382	-0.007362	0.008243	-0.008763	0.584787	0.702857	0.404988	-0.791510	0.385106	0.474558	0.177583	-0.598068	0.781524
20523	4.191402	4.862204	7.912906	0.029970	0.009542	-0.007022	0.584845	0.702876	0.404872	-0.791406	0.385007	0.474812	0.177856	-0.598110	0.781430
20524	4.148289	4.865708	7.937800	-0.008192	0.013471	-0.005047	0.584962	0.702851	0.404745	-0.791340	0.385218	0.474751	0.177764	-0.598002	0.781533
20525	4.154684	4.842160	7.857288	0.018328	0.007008	-0.006766	0.585023	0.702856	0.404650	-0.791258	0.385187	0.474913	0.177929	-0.598017	0.781484
20526	4.149918	4.855340	7.897503	0.003492	0.012222	-0.003882	0.585074	0.702872	0.404550	-0.791202	0.385216	0.474982	0.178012	-0.597980	0.781493
20527	4.140185	4.779372	7.890305	0.001993	0.007126	-0.003497	0.585108	0.702889	0.404469	-0.791168	0.385260	0.475003	0.178049	-0.597931	0.781522
20528	4.131290	4.824924	7.920481	0.012573	0.011783	-0.004125	0.585140	0.702909	0.404390	-0.791128	0.385271	0.475061	0.178125	-0.597901	0.781528
20529	4.129853	4.846380	7.869929	0.003547	0.007038	-0.006231	0.585196	0.702915	0.404296	-0.791075	0.385325	0.475105	0.178173	-0.597859	0.781549
20530	4.140168	4.815357	7.939667	0.002769	0.007082	-0.004864	0.585297	0.702871	0.404227	-0.791002	0.385426	0.475145	0.178166	-0.597846	0.781561
20531	4.153484	4.813501	7.867863	0.008983	0.008535	0.000689	0.585297	0.702913	0.404155	-0.790980	0.385399	0.475204	0.178266	-0.597814	0.781562
20532	4.130193	4.881986	7.919311	0.005330	0.010062	-0.004870	0.585336	0.702931	0.404067	-0.790925	0.385388	0.475304	0.178383	-0.597799	0.781547
20533	4.065050	4.785233	7.868946	-0.002986	0.011855	-0.002227	0.585352	0.702981	0.403956	-0.790907	0.385453	0.475282	0.178408	-0.597698	0.781618
20534	4.117862	4.893645	7.900639	0.015022	0.001690	-0.000201	0.585448	0.702910	0.403941	-0.790818	0.385449	0.475432	0.178487	-0.597785	0.781534
20535	4.104687	4.850041	7.883063	-0.011993	0.006117	0.004617	0.585421	0.702952	0.403907	-0.790856	0.385520	0.475312	0.178407	-0.597690	0.781625
20536	4.123252	4.793809	7.872377	0.003609	0.002261	0.004141	0.585392	0.702963	0.403929	-0.790866	0.385452	0.475350	0.178459	-0.597720	0.781590
20537	4.115364	4.838421	7.902570	-0.004411	0.000581	0.004761	0.585373	0.702973	0.403939	-0.790892	0.385476	0.475288	0.178406	-0.597693	0.781623
20538	4.136597	4.837308	7.889930	0.011431	-0.001562	0.004612	0.585525	0.702849	0.403936	-0.790781	0.385556	0.475407	0.178399	-0.597788	0.781552
20539	4.143488	4.859450	7.898351	0.002874	-0.001482	0.006926	0.585493	0.702854	0.403972	-0.790806	0.385522	0.475393	0.178392	-0.597803	0.781542
20540	4.137386	4.837692	7.889281	0.004429	-0.001571	0.004193	0.585483	0.702836	0.404018	-0.790801	0.385444	0.475465	0.178448	-0.597875	0.781474
20541	4.144231	4.859242	7.898089	-0.004664	0.000267	0.008201	0.585438	0.702857	0.404047	-0.790847	0.385445	0.475387	0.178392	-0.597849	0.781507
20542	4.148867	4.826108	7.908343	0.001332	-0.002792	0.005893	0.585456	0.702808	0.404106	-0.790842	0.385442	0.475398	0.178354	-0.597909	0.781470
20543	4.149345	4.826008	7.908153	0.002874	-0.001482	0.006927	0.585424	0.702814	0.404142	-0.790867	0.385407	0.475384	0.178347	-0.597924	0.781459
20544	4.115360	4.804019	7.852275	0.001036	0.000681	0.007914	0.585443	0.702777	0.404179	-0.790867	0.385438	0.475360	0.178286	-0.597948	0.781455
20545	4.118778	4.837966	7.901070	0.006592	-0.009595	0.006370	0.585430	0.702732	0.404276	-0.790882	0.385385	0.475378	0.178262	-0.598035	0.781394
20546	4.116021	4.850222	7.940797	0.006285	-0.004721	0.012159	0.585289	0.702765	0.404423	-0.790985	0.385212	0.475347	0.178269	-0.598107	0.781337
20547	4.173300	4.824804	7.894122	0.004995	-0.005717	0.007686	0.585259	0.702749	0.404496	-0.791011	0.385159	0.475347	0.178254	-0.598161	0.781300
20548	4.121884	4.838324	7.899231	0.010001	-0.012833	0.011604	0.585165	0.702717	0.404687	-0.791076	0.384972	0.475389	0.178270	-0.598319	0.781175
20549	4.140504	4.849235	7.926369	0.002946	-0.007653	0.013534	0.585092	0.702711	0.404803	-0.791140	0.384891	0.475349	0.178228	-0.598379	0.781139
20550	4.181157	4.792081	7.902417	0.004218	-0.005670	0.009053	0.585124	0.702635	0.404887	-0.791132	0.384904	0.475352	0.178156	-0.598459	0.781094
20551	4.184368	4.847077	7.900250	0.016154	-0.006607	0.006783	0.585103	0.702609	0.404962	-0.791132	0.384791	0.475443	0.178225	-0.598562	0.780999
20552	4.174895	4.837640	7.931205	-0.003309	-0.005318	0.006562	0.585068	0.702575	0.405072	-0.791186	0.384793	0.475352	0.178102	-0.598601	0.780997
20553	4.172748	4.803723	7.881702	0.009646	-0.004587	0.003251	0.585071	0.702548	0.405115	-0.791177	0.384743	0.475406	0.178130	-0.598664	0.780942
20554	4.171732	4.871164	7.919932	0.013751	-0.000298	0.004277	0.585057	0.702529	0.405168	-0.791172	0.384648	0.475492	0.178200	-0.598747	0.780863
20555	4.169470	4.817118	7.921029	0.002310	0.002666	0.003433	0.585045	0.702546	0.405155	-0.791178	0.384642	0.475488	0.178213	-0.598732	0.780872
20556	4.133620	4.862163	7.904076	0.007233	0.003123	0.004512	0.585032	0.702552	0.405165	-0.791164	0.384551	0.475584	0.178316	-0.598783	0.780808
20557	4.171877	4.872154	7.919247	0.003904	-0.001211	0.002120	0.585038	0.702540	0.405176	-0.791159	0.384544	0.475598	0.178319	-0.598802	0.780794
20558	4.154840	4.861469	7.891142	0.006214	0.001455	0.005553	0.585000	0.702542	0.405227	-0.791183	0.384476	0.475614	0.178339	-0.598843	0.780758
20559	4.159138	4.828584	7.901433	-0.005711	0.000991	0.004056	0.584987	0.702552	0.405230	-0.791206	0.384513	0.475545	0.178279	-0.598808	0.780798
20560	4.148644	4.839196	7.882444	0.003894	0.000191	0.005887	0.585013	0.702506	0.405272	-0.791200	0.384539	0.475534	0.178223	-0.598844	0.780783
20561	4.148842	4.839109	7.882393	-0.001554	0.000092	0.002734	0.585011	0.702505	0.405276	-0.791208	0.384561	0.475503	0.178190	-0.598832	0.780800
20562	4.170435	4.817008	7.920588	-0.001807	-0.000220	0.006175	0.584955	0.702511	0.405347	-0.791264	0.384534	0.475431	0.178126	-0.598842	0.780807
20563	4.136269	4.795131	7.864740	0.007515	0.001051	0.006260	0.584924	0.702529	0.405360	-0.791277	0.384476	0.475456	0.178170	-0.598858	0.780784
20564	4.138852	4.849831	7.863072	0.001826	-0.000761	0.002780	0.585103	0.702385	0.405350	-0.791172	0.384662	0.475481	0.178048	-0.598907	0.780775
20565	4.128783	4.840387	7.894363	0.006749	-0.000305	0.003860	0.585094	0.702386	0.405363	-0.791172	0.384626	0.475510	0.178078	-0.598930	0.780750
20566	4.157017	4.840576	7.941015	0.002874	-0.001476	0.006928	0.585140	0.702322	0.405408	-0.791151	0.384661	0.475516	0.178021	-0.598982	0.780723
20567	4.125418	4.873190	7.883634	0.002874	-0.001476	0.006928	0.585108	0.702327	0.405445	-0.791176	0.384627	0.475503	0.178013	-0.598999	0.780712
20568	4.157483	4.860931	7.890081	0.002340	0.000284	0.008622	0.585111	0.702293	0.405498	-0.791190	0.384645	0.475465	0.177942	-0.599026	0.780708
20569	4.137033	4.861738	7.902552	-0.005147	-0.003149	0.007551	0.585078	0.702291	0.405551	-0.791233	0.384655	0.475386	0.177862	-0.599023	0.780728
20570	4.162544	4.827297	7.900426	0.001281	0.002402	0.008242	0.585112	0.702256	0.405562	-0.791207	0.384664	0.475421	0.177862	-0.599058	0.780701
20571	4.173418	4.815911	7.919683	-0.006488	0.001041	0.005423	0.585088	0.702270	0.405572	-0.791240	0.384696	0.475340	0.177796	-0.599021	0.780745
20572	4.124757	4.816945	7.885242	0.007516	0.001051	0.006260	0.585240	0.702148	0.405564	-0.791143	0.384825	0.475397	0.177728	-0.599080	0.780715
20573	4.138088	4.860673	7.902655	0.001815	0.000642	0.006548	0.585208	0.702164	0.405582	-0.791167	0.384800	0.475377	0.177725	-0.599078	0.780718
20574	4.142579	4.827776	7.912843	0.000795	-0.001025	0.007589	0.585210	0.702128	0.405643	-0.791183	0.384816	0.475339	0.177651	-0.599110	0.780709
20575	4.132596	4.838582	7.893474	0.004748	-0.007426	0.007364	0.585186	0.702099	0.405728	-0.791206	0.384767	0.475339	0.177624	-0.599176	0.780665
20576	4.192463	4.846912	7.896058	0.002097	-0.001428	0.008296	0.585190	0.702059	0.405790	-0.791220	0.384784	0.475302	0.177549	-0.599211	0.780655
20577	4.116708	4.827547	7.864987	0.006000	-0.002640	0.010417	0.585134	0.702070	0.405852	-0.791259	0.384707	0.475299	0.177559	-0.599248	0.780625
20578	4.173011	4.847851	7.907929	-0.000963	-0.006428	0.011420	0.585106	0.702024	0.405973	-0.791301	0.384684	0.475248	0.177464	-0.599317	0.780593
20579	4.152434	4.869873	7.869257	0.016877	-0.001468	0.007766	0.585068	0.702032	0.406013	-0.791306	0.384560	0.475341	0.177568	-0.599387	0.780516
20580	4.206223	4.835020	7.914090	-0.027678	-0.005439	0.014223	0.585109	0.701940	0.406112	-0.791353	0.384775	0.475088	0.177221	-0.599357	0.780618
20581	4.145067	4.791822	7.862124	0.018178	-0.001874	0.008472	0.585067	0.701948	0.406159	-0.791359	0.384639	0.475188	0.177332	-0.599435	0.780533
20582	4.214185	4.856193	7.922530	-0.003604	-0.001833	0.008586	0.585155	0.701855	0.406192	-0.791318	0.384739	0.475176	0.177227	-0.599479	0.780523
20583	4.133008	4.747656	7.844300	-0.006983	-0.000977	0.008540	0.585111	0.701869	0.406233	-0.791369	0.384753	0.475079	0.177144	-0.599454	0.780561
20584	4.187225	4.855577	7.875483	0.018431	-0.001566	0.005030	0.584908	0.701972	0.406347	-0.791478	0.384440	0.475150	0.177326	-0.599534	0.780458
20585	4.191599	4.823140	7.885439	-0.007254	-0.000311	0.003024	0.584907	0.701968	0.406356	-0.791498	0.384495	0.475074	0.177245	-0.599504	0.780499
20586	4.174555	4.812337	7.857416	0.013750	-0.000306	0.004278	0.584985	0.701890	0.406377	-0.791432	0.384493	0.475184	0.177277	-0.599596	0.780422
20587	4.184022	4.868524	7.915071	0.000478	0.004833	0.004420	0.584963	0.701922	0.406353	-0.791446	0.384492	0.475162	0.177287	-0.599559	0.780447
20588	4.166789	4.857366	7.887367	-0.002331	0.000143	0.004103	0.585079	0.701826	0.406352	-0.791377	0.384604	0.475186	0.177214	-0.599600	0.780433
20589	4.145975	4.858571	7.899813	0.004915	0.001859	0.004847	0.585059	0.701843	0.406353	-0.791386	0.384573	0.475198	0.177242	-0.599601	0.780426
20590	4.174810	4.812296	7.857306	-0.002087	0.001857	0.004429	0.585137	0.701778	0.406353	-0.791339	0.384645	0.475217	0.177195	-0.599630	0.780414
20591	4.171204	4.824274	7.897704	0.001292	0.001001	0.004475	0.585121	0.701787	0.406358	-0.791351	0.384638	0.475202	0.177189	-0.599623	0.780421
20592	4.164619	4.802640	7.888813	0.006712	0.003477	0.002438	0.585164	0.701753	0.406357	-0.791317	0.384652	0.475248	0.177200	-0.599655	0.780394
20593	4.160399	4.835621	7.878441	0.003857	0.003977	0.004466	0.585144	0.701780	0.406339	-0.791325	0.384630	0.475252	0.177232	-0.599637	0.780400
20594	4.166840	4.857529	7.887240	0.001789	0.003024	0.001359	0.585125	0.701788	0.406352	-0.791344	0.384631	0.475219	0.177208	-0.599627	0.780413
20595	4.170759	4.825002	7.897495	0.003866	0.002572	0.000698	0.585137	0.701792	0.406328	-0.791330	0.384635	0.475239	0.177231	-0.599620	0.780414
20596	4.177223	4.846986	7.906234	0.001545	0.001310	0.001033	0.585135	0.701781	0.406350	-0.791328	0.384607	0.475265	0.177247	-0.599651	0.780386
20597	4.180611	4.834836	7.866057	0.001219	0.008570	0.001630	0.585129	0.701825	0.406284	-0.791324	0.384620	0.475261	0.177285	-0.599591	0.780423
20598	4.208096	4.834864	7.913189	0.000488	0.003428	0.000652	0.585171	0.701793	0.406278	-0.791298	0.384660	0.475273	0.177265	-0.599603	0.780419
20599	4.268492	4.756359	7.927839	0.009287	0.005047	-0.001338	0.585194	0.701804	0.406225	-0.791262	0.384646	0.475344	0.177346	-0.599599	0.780404
20600	4.177016	4.946029	7.802369	0.067790	0.015610	-0.000832	0.585205	0.701850	0.406130	-0.791134	0.384307	0.475831	0.177884	-0.599762	0.780156
20601	4.286369	5.015518	8.027754	-0.002927	0.008069	-0.000821	0.585219	0.701881	0.406056	-0.791123	0.384363	0.475805	0.177885	-0.599690	0.780211
20602	4.209230	4.553512	7.807200	-0.002935	0.036274	-0.010462	0.585416	0.701914	0.405715	-0.790967	0.384654	0.475828	0.177930	-0.599464	0.780374
20603	4.093759	5.101475	7.897394	0.104761	0.053359	-0.017031	0.585478	0.702154	0.405210	-0.790669	0.384179	0.476707	0.179048	-0.599488	0.780100
20604	4.073903	4.701057	7.959391	-0.075499	0.005038	-0.005064	0.585587	0.702091	0.405162	-0.790731	0.384742	0.476149	0.178417	-0.599201	0.780465
20605	4.013468	4.688959	7.765608	0.110200	0.026245	-0.013159	0.585666	0.702183	0.404887	-0.790445	0.384207	0.477055	0.179420	-0.599436	0.780054
20606	4.310264	5.126615	8.029052	0.028781	-0.000463	-0.012386	0.585857	0.702052	0.404839	-0.790274	0.384230	0.477320	0.179552	-0.599575	0.779917
20607	4.290723	4.599887	7.863026	0.007767	0.027722	-0.023325	0.586014	0.702114	0.404504	-0.790111	0.384380	0.477468	0.179754	-0.599406	0.780000
20608	4.139135	4.865433	7.871285	0.140513	0.026736	-0.037192	0.586218	0.702140	0.404163	-0.789674	0.383757	0.478692	0.181008	-0.599775	0.779427
20609	4.410725	4.877952	7.996095	0.064901	0.017242	-0.042100	0.586541	0.702068	0.403820	-0.789298	0.383696	0.479361	0.181599	-0.599899	0.779194
20610	4.498543	4.772156	7.874306	0.158391	0.051576	-0.073045	0.587151	0.701992	0.403064	-0.788497	0.383362	0.480942	0.183099	-0.600200	0.778610
20611	4.290572	4.810816	7.961671	0.153882	0.060326	-0.092797	0.587794	0.701984	0.402139	-0.787658	0.383122	0.482507	0.184644	-0.600363	0.778120
20612	4.372652	4.758600	7.927811	0.191349	0.070220	-0.118875	0.588645	0.701898	0.401045	-0.786590	0.382876	0.484440	0.186477	-0.600621	0.777484
20613	4.436634	4.943946	7.936428	0.259923	0.078766	-0.152347	0.589717	0.701773	0.399685	-0.785193	0.382416	0.487063	0.188961	-0.601059	0.776545
20614	4.401830	5.027137	7.938321	0.243671	0.113258	-0.181603	0.591041	0.701660	0.397925	-0.783595	0.382352	0.489679	0.191441	-0.601232	0.775803
20615	3.901026	5.066038	7.835023	0.187745	0.145841	-0.187085	0.592247	0.701806	0.395868	-0.782115	0.382570	0.491871	0.193751	-0.600923	0.775469
20616	3.958576	4.844376	7.842386	0.165036	0.101022	-0.188555	0.593515	0.701672	0.394203	-0.780698	0.382912	0.493851	0.195576	-0.600862	0.775058
20617	3.727154	5.063335	7.691763	0.206683	0.116462	-0.169825	0.594633	0.701707	0.392453	-0.779272	0.382895	0.496112	0.197857	-0.600832	0.774502
20618	3.972583	5.312923	7.817075	0.205086	0.050238	-0.153945	0.595726	0.701395	0.391350	-0.777973	0.382769	0.498243	0.199669	-0.601276	0.773692
20619	4.434264	5.140093	7.970293	0.135328	0.100811	-0.165897	0.596837	0.701351	0.389734	-0.776701	0.383152	0.499930	0.201299	-0.601083	0.773420
20620	3.785635	5.055207	7.769974	0.094715	0.168759	-0.168128	0.597827	0.701683	0.387613	-0.775496	0.383789	0.501310	0.202999	-0.600289	0.773592
20621	4.034238	5.044497	7.791382	0.179223	0.055646	-0.175441	0.599095	0.701329	0.386294	-0.774070	0.383977	0.503367	0.204698	-0.600583	0.772916
20622	4.102045	5.160518	7.973767	0.163571	0.139988	-0.183144	0.600213	0.701454	0.384325	-0.772646	0.384257	0.505336	0.206790	-0.600257	0.772612
20623	3.777652	5.000547	7.802181	0.084484	0.128876	-0.176284	0.601329	0.701534	0.382430	-0.771400	0.385020	0.506657	0.208194	-0.599674	0.772688
20624	3.767820	4.916636	7.775037	0.162000	0.110556	-0.170578	0.602493	0.701457	0.380737	-0.770000	0.385341	0.508540	0.210005	-0.599559	0.772286
20625	3.802844	5.061905	7.899541	0.154074	0.102763	-0.163284	0.603555	0.701428	0.379104	-0.768679	0.385595	0.510342	0.211787	-0.599429	0.771901
20626	3.879294	4.901749	7.877019	0.135531	0.087766	-0.168424	0.604690	0.701266	0.377591	-0.767362	0.385989	0.512023	0.213319	-0.599365	0.771529
20627	3.645635	5.003093	7.728589	0.183517	0.112168	-0.157504	0.605680	0.701315	0.375910	-0.766004	0.386027	0.514024	0.215382	-0.599283	0.771019
20628	3.465127	5.286147	7.702446	0.175598	0.067900	-0.130378	0.606628	0.701124	0.374737	-0.764788	0.385999	0.515853	0.217029	-0.599525	0.770369
20629	3.509064	5.381544	7.585738	0.132278	0.039780	-0.095362	0.607293	0.700979	0.373930	-0.763910	0.385907	0.517220	0.218258	-0.599753	0.769844
20630	3.461197	5.467400	7.550022	0.080986	0.018104	-0.053567	0.607831	0.700731	0.373519	-0.763314	0.385975	0.518050	0.218845	-0.599999	0.769485
20631	3.512436	5.496504	7.591047	0.025585	0.004156	-0.008008	0.607906	0.700710	0.373438	-0.763198	0.385911	0.518269	0.219043	-0.600065	0.769378
20632	3.849858	5.510288	7.687705	0.003102	-0.032794	0.013025	0.608054	0.700407	0.373765	-0.763176	0.385994	0.518238	0.218707	-0.600365	0.769240
20633	4.165142	5.357792	7.959121	-0.042564	-0.007297	0.004909	0.608055	0.700367	0.373838	-0.763287	0.386249	0.517884	0.218314	-0.600248	0.769442
20634	3.920150	5.109425	7.850460	-0.047804	0.045105	-0.000150	0.608046	0.700548	0.373513	-0.763347	0.386631	0.517510	0.218129	-0.599790	0.769851
20635	3.721279	5.169628	7.746565	0.010536	0.005851	-0.009485	0.608129	0.700531	0.373411	-0.763255	0.386668	0.517619	0.218222	-0.599787	0.769828
20636	3.845027	5.303791	7.806567	0.002050	0.010366	0.000447	0.608128	0.700559	0.373360	-0.763244	0.386672	0.517633	0.218264	-0.599752	0.769843
20637	3.656354	5.244307	7.729537	-0.052394	0.028450	0.013569	0.607985	0.700766	0.373204	-0.763429	0.386925	0.517170	0.218014	-0.599346	0.770230
20638	3.572154	5.300283	7.625812	-0.027318	-0.006749	0.037518	0.607671	0.700879	0.373503	-0.763766	0.386810	0.516759	0.217711	-0.599288	0.770361
20639	3.508915	5.493314	7.642199	-0.074638	0.000743	0.068284	0.607170	0.701132	0.373842	-0.764331	0.386812	0.515920	0.217121	-0.598991	0.770758
20640	3.453236	5.325218	7.604100	-0.181174	-0.011145	0.118274	0.606392	0.701420	0.374565	-0.765393	0.387181	0.514066	0.215552	-0.598415	0.771646
20641	3.493831	5.314164	7.569735	-0.185481	-0.019914	0.162017	0.605216	0.701913	0.375542	-0.766761	0.387188	0.512019	0.213987	-0.597833	0.772532
20642	3.466400	5.472173	7.695194	-0.283756	-0.013845	0.217047	0.603765	0.702513	0.376753	-0.768564	0.387535	0.509044	0.211605	-0.596902	0.773907
20643	3.600892	5.281503	7.689206	-0.379861	-0.051420	0.254484	0.601937	0.703178	0.378434	-0.770884	0.388046	0.505132	0.208347	-0.595787	0.775648
20644	3.899342	5.099742	7.817445	-0.379105	-0.083224	0.268188	0.599988	0.703741	0.380477	-0.773326	0.388382	0.501125	0.204892	-0.594902	0.777246
20645	3.972916	5.043548	7.979299	-0.378031	-0.085190	0.256169	0.598201	0.704214	0.382411	-0.775617	0.388859	0.497199	0.201430	-0.594029	0.778816
20646	3.902347	4.829300	7.950307	-0.373556	-0.102530	0.244507	0.596574	0.704486	0.384446	-0.777792	0.389431	0.493338	0.197835	-0.593331	0.780269
20647	4.034083	4.933028	7.944603	-0.257008	-0.138768	0.225938	0.595110	0.704527	0.386634	-0.779632	0.389398	0.490452	0.194983	-0.593305	0.781006
20648	3.984261	5.087170	8.153685	-0.288261	-0.134681	0.228147	0.593543	0.704618	0.388870	-0.781603	0.389499	0.487224	0.191843	-0.593130	0.781916
20649	3.855951	4.931234	7.962541	-0.314854	-0.118132	0.239945	0.591913	0.704837	0.390953	-0.783613	0.389709	0.483816	0.188654	-0.592733	0.782993
20650	3.839339	4.977943	7.941775	-0.212099	-0.169138	0.247594	0.590374	0.704711	0.393499	-0.785434	0.389326	0.481164	0.185882	-0.593134	0.783352
20651	4.084554	5.055167	8.070763	-0.223136	-0.167126	0.257866	0.588678	0.704706	0.396040	-0.787354	0.388867	0.478389	0.183117	-0.593441	0.783771
20652	3.866448	4.977028	7.902080	-0.227241	-0.162227	0.276160	0.586879	0.704738	0.398645	-0.789346	0.388357	0.475512	0.180294	-0.593737	0.784201
20653	3.671556	4.980605	7.858587	-0.183180	-0.200439	0.296052	0.584921	0.704679	0.401615	-0.791396	0.387393	0.472883	0.177647	-0.594436	0.784275
20654	3.628096	5.170926	7.993008	-0.147799	-0.265405	0.331547	0.582865	0.704292	0.405267	-0.793534	0.386042	0.470399	0.174849	-0.595772	0.783890
20655	3.542989	5.261142	8.003184	-0.176460	-0.316318	0.389515	0.580341	0.703889	0.409566	-0.796093	0.384386	0.467422	0.171582	-0.597317	0.783436
20656	3.061775	5.396965	8.139790	-0.167986	-0.392070	0.441070	0.577526	0.703183	0.414726	-0.798923	0.382350	0.464252	0.167884	-0.599452	0.782606
20657	1.994297	5.906504	8.987126	-0.114870	-0.546433	0.495648	0.574489	0.701770	0.421285	-0.801957	0.379593	0.461275	0.163792	-0.602850	0.780861
20658	4.621776	5.786105	8.446774	-0.299061	-0.867120	0.567425	0.571306	0.698672	0.430658	-0.805693	0.377419	0.456524	0.156422	-0.607793	0.778537
20659	3.882750	6.474086	8.404059	-0.242891	-0.804409	0.668930	0.567159	0.696262	0.439944	-0.809861	0.374269	0.451717	0.149856	-0.612488	0.776145
20660	4.527202	4.764028	9.483726	-0.735431	-1.005723	0.902504	0.561321	0.693413	0.451771	-0.815981	0.372565	0.442008	0.138180	-0.616745	0.774940
20661	3.404510	4.486949	8.627733	-0.187392	-1.034314	0.968093	0.554810	0.690564	0.464012	-0.821623	0.367062	0.436120	0.130848	-0.623207	0.771033
20662	2.942355	6.798051	9.928430	0.182756	-1.515111	1.072932	0.547871	0.684949	0.480295	-0.827318	0.358499	0.432463	0.124030	-0.634290	0.763081
20663	4.410317	6.364646	9.316194	-0.628383	-1.671827	1.384149	0.538340	0.679176	0.498909	-0.835557	0.353107	0.420903	0.109699	-0.643456	0.757582
20664	4.492825	5.985953	8.585200	-0.275037	-1.694205	1.558727	0.527005	0.673630	0.518158	-0.844150	0.344345	0.410898	0.098368	-0.653948	0.750117
20665	5.148728	7.409800	9.108604	-0.221436	-1.949501	1.875902	0.512900	0.667101	0.540286	-0.854097	0.333266	0.399315	0.086324	-0.666266	0.740701
20666	6.245427	8.268588	8.991312	-0.558633	-2.042120	2.190936	0.495626	0.660599	0.563883	-0.865606	0.322414	0.383113	0.071280	-0.677981	0.731615
20667	6.539744	7.890874	8.418854	-0.843284	-1.799756	2.419435	0.475696	0.655977	0.586010	-0.877878	0.312277	0.363060	0.055161	-0.687152	0.724417
20668	7.095657	6.581897	8.108935	-1.032890	-1.870658	2.667866	0.452992	0.651229	0.608851	-0.890732	0.301995	0.339700	0.037352	-0.696204	0.716871
20669	8.127711	6.428044	7.938624	-0.847311	-1.790273	2.794191	0.428481	0.646936	0.630776	-0.903287	0.289830	0.316340	0.021834	-0.705317	0.708556
20670	9.931862	6.035657	7.850745	-0.601154	-1.721725	2.823811	0.403215	0.642643	0.651481	-0.915058	0.275909	0.294182	0.009304	-0.714762	0.699306
20671	8.642944	8.011111	7.202499	-0.308778	-1.019300	2.876586	0.376815	0.643017	0.666738	-0.926285	0.259668	0.273072	0.002459	-0.720487	0.693464
20672	7.146202	11.423523	7.930730	-0.509892	-0.901464	2.794740	0.350712	0.643553	0.680323	-0.936468	0.245198	0.250811	-0.005403	-0.725063	0.688661
20673	3.827085	10.535153	9.896423	-1.727836	-0.323465	2.653568	0.325725	0.647644	0.688811	-0.945190	0.240611	0.220731	-0.022781	-0.722955	0.690520
20674	-1.518345	8.217826	8.307898	-1.856898	0.844080	1.976217	0.307406	0.658386	0.687044	-0.950834	0.241069	0.194421	-0.037621	-0.713031	0.700122
20675	0.610579	4.885995	5.642413	-1.224557	-0.650204	0.756670	0.299942	0.655570	0.693010	-0.952578	0.244873	0.180642	-0.051275	-0.714328	0.697930
20676	2.473021	7.418491	9.064777	0.905930	-1.697485	-0.356729	0.302636	0.642415	0.704070	-0.951916	0.240636	0.189606	-0.047619	-0.727597	0.684350
20677	2.764224	11.299938	9.469010	1.076378	1.189041	-1.101375	0.313614	0.648376	0.693725	-0.948950	0.239975	0.204707	-0.033750	-0.722510	0.690536
20678	-3.584254	9.441061	5.926205	0.190200	2.221468	-1.408516	0.327545	0.660873	0.675249	-0.944514	0.247670	0.215761	-0.024649	-0.708454	0.705327
20679	-5.495549	6.896413	4.484847	0.005045	0.066580	-1.231836	0.339197	0.658230	0.672071	-0.940399	0.255794	0.224097	-0.024405	-0.708028	0.705763
20680	-0.589331	5.896845	8.158802	0.184997	-1.056619	-1.241378	0.350644	0.647478	0.676625	-0.936145	0.262468	0.233972	-0.026101	-0.715460	0.698166
20681	1.589724	5.205875	9.650329	0.289301	0.437401	-1.509724	0.364868	0.646568	0.669942	-0.930803	0.270205	0.246162	-0.021861	-0.713400	0.700416
20682	-0.779998	5.074853	8.826171	0.830701	1.490309	-1.745164	0.381275	0.652467	0.654917	-0.924423	0.275548	0.263658	-0.008433	-0.705946	0.708215
20683	-1.817455	6.242634	9.087238	1.008058	0.968320	-1.827101	0.398146	0.654192	0.643049	-0.917311	0.280421	0.282675	0.004599	-0.702422	0.711746
20684	-0.121245	6.351556	9.898158	0.811057	0.844220	-1.898907	0.415389	0.654832	0.631385	-0.909509	0.287050	0.300657	0.015641	-0.699140	0.714814
20685	0.186122	6.010684	9.900578	0.836134	1.555415	-2.045283	0.433573	0.659683	0.613867	-0.900626	0.294715	0.319400	0.029787	-0.691348	0.721908
20686	-0.687202	5.555280	9.390617	0.778523	1.649506	-2.135642	0.452057	0.664813	0.594700	-0.890890	0.303422	0.338009	0.044267	-0.682612	0.729439
20687	0.163163	5.103244	9.592263	0.904976	1.317544	-2.212097	0.470996	0.666945	0.577362	-0.880204	0.312036	0.357595	0.058338	-0.676622	0.734016
20688	1.674656	5.533114	10.424584	1.085811	1.447137	-2.345462	0.490448	0.669503	0.557877	-0.868236	0.320279	0.378931	0.075019	-0.670214	0.738366
20689	2.366810	6.038285	10.658775	1.105095	1.680172	-2.476587	0.510401	0.672638	0.535770	-0.854901	0.329569	0.400660	0.092925	-0.662527	0.743251
20690	3.181331	6.593621	10.934693	1.135145	1.646391	-2.600868	0.530657	0.675035	0.512572	-0.840238	0.339499	0.422778	0.111372	-0.655032	0.747348
20691	4.422766	6.952183	11.303938	0.997240	1.675451	-2.690678	0.551067	0.676637	0.488351	-0.824474	0.351226	0.443715	0.128712	-0.647150	0.751419
20692	5.197033	6.460924	11.221610	0.844316	1.872622	-2.750590	0.570819	0.679090	0.461523	-0.807923	0.364339	0.463160	0.146376	-0.637255	0.756624
20693	5.390426	5.792621	10.947579	0.859786	2.016924	-2.777376	0.589900	0.681515	0.433075	-0.790452	0.377835	0.482106	0.164932	-0.626720	0.761590
20694	5.769374	5.548783	10.969238	0.947207	1.927542	-2.779148	0.608114	0.683101	0.404440	-0.772196	0.390821	0.500971	0.184150	-0.616954	0.765151
20695	6.657812	5.746758	11.403192	1.033918	1.823087	-2.792786	0.625903	0.683164	0.376208	-0.752947	0.403598	0.519787	0.203263	-0.608601	0.767000
20696	7.529275	6.251292	11.674604	1.090710	1.916160	-2.833732	0.642717	0.683396	0.346244	-0.732693	0.416313	0.538372	0.223775	-0.599711	0.768291
20697	7.683206	6.566890	11.494977	0.996748	2.219765	-2.866816	0.658236	0.684440	0.313475	-0.711693	0.430031	0.555488	0.245394	-0.588741	0.770173
20698	7.033846	6.056504	10.596415	0.787507	2.328022	-2.831111	0.671986	0.685862	0.279335	-0.690899	0.444809	0.569915	0.266633	-0.575967	0.772767
20699	6.909900	5.686122	10.044182	0.711368	2.073488	-2.755273	0.685034	0.685215	0.247405	-0.670227	0.459672	0.582664	0.285525	-0.564961	0.774141
20700	7.497757	5.424254	9.891102	0.537735	1.936690	-2.632432	0.696584	0.683972	0.216687	-0.650513	0.474678	0.592885	0.302660	-0.553952	0.775586
20701	7.637972	4.799641	9.257924	0.384910	1.951592	-2.475171	0.706410	0.682723	0.186747	-0.631941	0.489514	0.600854	0.318802	-0.542463	0.777239
20702	7.632772	4.448825	8.643759	0.335902	1.837734	-2.293783	0.714576	0.681392	0.158386	-0.614606	0.503360	0.607361	0.334126	-0.531351	0.778477
20703	7.976485	3.876368	8.202443	0.255767	1.695839	-2.096385	0.721529	0.679612	0.132377	-0.598669	0.516311	0.612387	0.347838	-0.521105	0.779396
20704	7.902307	2.924020	7.623331	0.260099	1.711968	-1.905911	0.726599	0.678660	0.107119	-0.584000	0.527923	0.616637	0.361936	-0.510605	0.779926
20705	7.459326	1.803367	6.723360	0.365655	1.698032	-1.713201	0.730234	0.678104	0.083264	-0.570160	0.537726	0.621103	0.376399	-0.501024	0.779293
20706	7.280083	1.260982	5.818981	0.622001	1.475402	-1.493472	0.732876	0.677505	0.062292	-0.556901	0.544769	0.626967	0.390838	-0.494180	0.776551
20707	7.760331	1.781518	5.590608	0.773793	1.221635	-1.237876	0.734854	0.676729	0.045015	-0.544731	0.549372	0.633607	0.404050	-0.490130	0.772344
20708	8.181097	1.748593	5.437560	0.632494	1.121995	-0.961870	0.735349	0.677020	0.030097	-0.535113	0.552818	0.638785	0.415832	-0.485836	0.768796
20709	8.623249	1.340735	5.388650	0.685737	0.985229	-0.756966	0.735232	0.677585	0.017674	-0.526649	0.554652	0.644206	0.426702	-0.482949	0.764647
20710	9.283038	1.508087	5.562104	0.756159	0.930380	-0.605919	0.734312	0.678781	0.006540	-0.518955	0.555149	0.649996	0.437574	-0.480694	0.759909
20711	9.029007	1.407910	4.804623	0.679667	1.197664	-0.432430	0.731243	0.682096	-0.005371	-0.512762	0.554868	0.655131	0.449842	-0.476306	0.755497
20712	8.146769	1.324286	3.574318	0.611094	1.171218	-0.192928	0.726849	0.686621	-0.015551	-0.508585	0.553324	0.659677	0.461553	-0.471577	0.751388
20713	7.968370	1.299085	2.821524	0.425478	0.768383	0.091643	0.722822	0.690723	-0.020722	-0.507262	0.550721	0.662867	0.469269	-0.468623	0.748451
20714	8.413233	1.239215	2.423090	0.282027	0.435370	0.328438	0.719089	0.694575	-0.021850	-0.508297	0.547158	0.665021	0.473862	-0.467102	0.746505
20715	8.591079	1.478390	2.184665	0.227404	0.278697	0.480054	0.715332	0.698476	-0.020746	-0.510652	0.542781	0.666800	0.477005	-0.466390	0.744947
20716	7.309701	2.413488	1.894424	0.162344	0.014221	0.588763	0.712265	0.701706	-0.016943	-0.514061	0.537929	0.668111	0.477932	-0.467163	0.743868
20717	4.367937	8.302203	1.703372	0.594201	-0.359579	0.849803	0.709617	0.704535	-0.008593	-0.517255	0.529190	0.672610	0.478425	-0.472851	0.739947
20718	-6.248049	5.129361	8.227515	-3.222729	-0.581390	1.612250	0.703841	0.710329	0.006436	-0.543685	0.532844	0.648447	0.457182	-0.459903	0.761232
20719	-2.252861	5.043496	7.093034	0.530219	-2.999644	0.920826	0.712270	0.701023	0.035186	-0.547822	0.523873	0.652264	0.438819	-0.483864	0.757175
20720	1.807457	14.991306	12.952045	0.940867	-1.465824	0.866170	0.713941	0.698280	0.051901	-0.549866	0.513218	0.658980	0.433516	-0.499012	0.750367
20721	-3.236167	4.740688	3.320099	-3.891803	0.468229	1.521313	0.703396	0.708419	0.058108	-0.577152	0.521513	0.628427	0.414885	-0.475570	0.775695
20722	-8.426749	-0.584324	-0.364638	-0.491476	-2.163616	1.579123	0.702997	0.706121	0.084786	-0.590219	0.512744	0.623487	0.396784	-0.488351	0.777223
20723	1.262435	7.246027	9.035859	0.428188	-5.391972	1.656630	0.713588	0.687079	0.136802	-0.600323	0.499054	0.624946	0.361116	-0.528079	0.768588
20724	9.232242	5.820675	10.523227	-1.221537	-3.543780	1.456311	0.716971	0.675278	0.173068	-0.614932	0.495719	0.613287	0.328346	-0.546134	0.770667
20725	2.026519	2.294170	8.968039	-0.406552	-0.888513	1.284413	0.711900	0.676719	0.187748	-0.625415	0.489295	0.607821	0.319460	-0.550128	0.771560
20726	2.172528	1.765295	9.658326	-0.021656	-3.271606	1.479528	0.712663	0.665507	0.221838	-0.635997	0.479519	0.604623	0.296005	-0.571981	0.764996
20727	11.282222	2.357385	13.776958	0.371037	-3.831357	1.629953	0.713091	0.650770	0.260767	-0.646555	0.466649	0.603495	0.271050	-0.598947	0.753522
20728	8.734653	7.513277	12.425906	0.789553	-1.078625	1.525951	0.706085	0.651250	0.278061	-0.655241	0.451972	0.605294	0.268522	-0.609586	0.745856
20729	5.814012	12.391177	8.636533	0.342786	-1.701472	1.424485	0.701190	0.647115	0.299291	-0.664349	0.440644	0.603717	0.258794	-0.622153	0.738885
20730	11.023784	17.752367	8.897179	0.397384	-2.403338	1.607486	0.696508	0.638904	0.326616	-0.674562	0.427834	0.601602	0.244628	-0.639344	0.728970
20731	13.616922	14.799899	11.759654	-1.759470	-0.599230	1.402636	0.688385	0.641088	0.339313	-0.688425	0.430105	0.584022	0.228469	-0.635623	0.737418
20732	4.668656	4.319062	8.353795	-4.255711	0.361496	1.682171	0.675929	0.650617	0.346146	-0.708993	0.445903	0.546351	0.201118	-0.614710	0.762681
20733	4.711335	-0.373100	6.931143	-1.197059	-0.845021	1.185230	0.669123	0.650691	0.358992	-0.719274	0.445581	0.533013	0.186866	-0.614865	0.766174
20734	5.664872	6.117026	9.550738	0.345940	-0.317915	0.988190	0.662654	0.652997	0.366721	-0.725159	0.437064	0.532089	0.187172	-0.618523	0.763149
20735	5.251177	7.428006	9.024795	-1.425281	-0.279071	0.965536	0.656134	0.655496	0.373917	-0.734094	0.439562	0.517582	0.174913	-0.614093	0.769607
20736	5.463871	3.359125	7.915260	-1.423154	-0.130757	0.836333	0.650259	0.658287	0.379239	-0.741916	0.442831	0.503449	0.163475	-0.608736	0.776348
20737	5.140477	3.501669	8.845255	-0.526411	-0.206877	0.640571	0.645843	0.659848	0.384041	-0.746901	0.441842	0.496904	0.158196	-0.607763	0.778202
20738	5.050909	4.470747	9.003626	-0.585230	-0.118688	0.512856	0.642261	0.661296	0.387542	-0.751067	0.442070	0.490380	0.152966	-0.606022	0.780602
20739	4.326220	3.599672	8.766860	-0.638747	-0.099374	0.413120	0.639320	0.662509	0.390321	-0.754661	0.443231	0.483770	0.147500	-0.603844	0.783336
20740	4.281432	3.344056	8.386010	-0.264420	-0.159742	0.335385	0.637090	0.662936	0.393233	-0.757143	0.442668	0.480396	0.144400	-0.603789	0.783956
20741	4.362853	4.227208	8.581634	-0.021448	-0.175351	0.254803	0.635431	0.662989	0.395821	-0.758782	0.441139	0.479214	0.143102	-0.604849	0.783377
20742	4.343809	4.516660	8.329878	-0.088768	-0.143710	0.214786	0.634072	0.662976	0.398015	-0.760230	0.440314	0.477676	0.141436	-0.605463	0.783205
20743	4.190400	4.644434	7.775273	0.034116	-0.150300	0.186887	0.632882	0.662873	0.400075	-0.761352	0.438900	0.477189	0.140723	-0.606602	0.782452
20744	4.358315	5.058884	8.043949	0.094997	-0.193957	0.168276	0.631940	0.662343	0.402435	-0.762242	0.437270	0.477265	0.140141	-0.608356	0.781194
20745	4.185003	4.922219	7.953021	-0.020121	-0.161948	0.170048	0.630889	0.662086	0.404502	-0.763331	0.436298	0.476414	0.138944	-0.609333	0.780646
20746	4.008925	4.991934	7.630120	0.087897	-0.226156	0.183575	0.629867	0.661416	0.407181	-0.764325	0.434609	0.476364	0.138110	-0.611264	0.779283
20747	4.262816	5.265657	7.923401	0.078751	-0.240342	0.187597	0.628784	0.660744	0.409937	-0.765384	0.432918	0.476203	0.137179	-0.613188	0.777935
20748	4.274222	5.204544	7.793365	-0.011857	-0.244967	0.210877	0.627570	0.660062	0.412885	-0.766684	0.431661	0.475252	0.135469	-0.614807	0.776956
20749	5.324701	5.437487	7.779729	0.104485	-0.271775	0.165711	0.626686	0.659088	0.415774	-0.767569	0.429956	0.475369	0.134546	-0.617042	0.775343
20750	4.071322	5.008070	8.319904	-0.191700	-0.128881	0.168922	0.625631	0.658924	0.417618	-0.768839	0.430091	0.473190	0.132183	-0.617123	0.775685
20751	4.522049	4.514849	7.464639	-0.063639	-0.213497	0.161969	0.624686	0.658288	0.420030	-0.769922	0.429449	0.472010	0.130337	-0.618248	0.775101
20752	4.549321	5.123921	8.209538	0.091682	-0.176145	0.138374	0.623919	0.657696	0.422090	-0.770624	0.428036	0.472149	0.129861	-0.619855	0.773896
20753	4.493138	5.040955	8.043379	-0.083408	-0.133408	0.161386	0.622868	0.657545	0.423875	-0.771724	0.427524	0.470813	0.128365	-0.620369	0.773734
20754	4.622522	4.809073	7.769582	-0.017420	-0.128940	0.156594	0.621893	0.657320	0.425652	-0.772678	0.426668	0.470024	0.127345	-0.621197	0.773239
20755	4.651855	4.834608	8.005261	-0.008672	-0.094034	0.146004	0.620905	0.657343	0.427056	-0.773583	0.425794	0.469328	0.126672	-0.621771	0.772887
20756	4.810089	4.691964	7.695791	-0.048509	-0.063509	0.121174	0.620117	0.657370	0.428158	-0.774354	0.425364	0.468446	0.125819	-0.622037	0.772813
20757	4.402756	4.757230	7.814472	0.012315	-0.054463	0.101568	0.619420	0.657448	0.429046	-0.774955	0.424652	0.468098	0.125555	-0.622441	0.772530
20758	4.568903	4.837997	7.825866	-0.009300	-0.050051	0.094056	0.618825	0.657440	0.429917	-0.775506	0.424158	0.467634	0.125088	-0.622786	0.772328
