// General information: 
//  MT Manager version: 2022.2.0 
//  XDA version: 2022.2.0 build 7381 rev 124627 built on 2023-07-19
// Device information: 
//  DeviceId: 00B4CAF0
//  ProductCode: MTW2-3A7G6
//  Firmware Version: 4.6.0
//  Hardware Version: 2.0.0
// Device settings: 
//  Filter Profile: human(46.1)
//  Option Flags: Orientation Smoother Disabled, Position/Velocity Smoother Disabled, Continuous Zero Rotation Update Disabled, AHS Disabled, ICC Disabled
// Coordinate system: ENU
PacketCounter	Acc_X	Acc_Y	Acc_Z	Gyr_X	Gyr_Y	Gyr_Z	Mat[1][1]	Mat[2][1]	Mat[3][1]	Mat[1][2]	Mat[2][2]	Mat[3][2]	Mat[1][3]	Mat[2][3]	Mat[3][3]
24646	4.874048	1.618733	8.809362	0.005805	0.009533	0.000413	-0.803837	-0.350777	0.480418	0.473858	-0.865817	0.160685	0.359589	0.356814	0.862194
24647	4.830506	1.636878	8.838503	0.002138	0.006820	-0.000461	-0.803862	-0.350771	0.480380	0.473844	-0.865820	0.160708	0.359551	0.356812	0.862211
24648	4.875523	1.600516	8.825560	0.000918	0.006314	0.004503	-0.803923	-0.350695	0.480335	0.473755	-0.865863	0.160739	0.359534	0.356783	0.862230
24649	4.920429	1.564135	8.812690	0.002467	0.009603	0.000787	-0.803952	-0.350709	0.480275	0.473752	-0.865861	0.160759	0.359472	0.356774	0.862260
24650	4.835202	1.607371	8.764601	0.002631	0.010994	0.001411	-0.803971	-0.350721	0.480234	0.473734	-0.865877	0.160729	0.359453	0.356725	0.862288
24651	4.891646	1.637040	8.790182	0.002162	0.004140	0.001685	-0.803977	-0.350724	0.480223	0.473737	-0.865872	0.160742	0.359436	0.356732	0.862292
24652	4.910673	1.567267	8.780317	-0.000638	0.013100	0.001023	-0.803987	-0.350711	0.480214	0.473682	-0.865920	0.160650	0.359486	0.356629	0.862314
24653	4.849978	1.636182	8.835420	0.000563	0.006210	0.001111	-0.804003	-0.350717	0.480185	0.473675	-0.865923	0.160651	0.359460	0.356616	0.862330
24654	4.847415	1.601760	8.833284	0.000822	0.006958	0.003119	-0.804043	-0.350632	0.480179	0.473580	-0.865976	0.160648	0.359495	0.356571	0.862334
24655	4.867873	1.619301	8.812671	0.000727	0.007602	0.001734	-0.804060	-0.350648	0.480139	0.473579	-0.865976	0.160648	0.359458	0.356554	0.862357
24656	4.889047	1.583779	8.805204	-0.000848	0.006993	0.003305	-0.804123	-0.350587	0.480079	0.473492	-0.866022	0.160661	0.359433	0.356505	0.862388
24657	4.847812	1.635950	8.836651	0.003925	0.003460	0.002883	-0.804120	-0.350597	0.480076	0.473511	-0.866007	0.160683	0.359414	0.356530	0.862385
24658	4.888146	1.583963	8.805671	0.002302	0.008211	0.000164	-0.804134	-0.350584	0.480062	0.473476	-0.866033	0.160646	0.359430	0.356479	0.862400
24659	4.871161	1.582173	8.844999	0.001080	0.007705	0.005127	-0.804136	-0.350629	0.480026	0.473503	-0.866021	0.160633	0.359390	0.356464	0.862422
24660	4.860407	1.603677	8.796130	0.003901	0.006140	0.000739	-0.804170	-0.350669	0.479940	0.473522	-0.866003	0.160670	0.359288	0.356468	0.862463
24661	4.867229	1.600989	8.830052	0.000891	0.008993	0.002358	-0.804189	-0.350695	0.479888	0.473526	-0.866001	0.160668	0.359238	0.356448	0.862492
24662	4.840015	1.620580	8.820235	0.000726	0.007602	0.001734	-0.804228	-0.350682	0.479833	0.473486	-0.866025	0.160663	0.359206	0.356404	0.862524
24663	4.853785	1.587886	8.779156	-0.001013	0.005601	0.002681	-0.804234	-0.350698	0.479812	0.473486	-0.866028	0.160643	0.359193	0.356379	0.862540
24664	4.862909	1.619280	8.815415	0.000586	0.003531	0.003256	-0.804206	-0.350771	0.479805	0.473526	-0.866021	0.160561	0.359201	0.356324	0.862559
24665	4.889178	1.599668	8.825758	0.001997	0.002748	0.001062	-0.804209	-0.350763	0.479805	0.473524	-0.866020	0.160575	0.359197	0.356335	0.862556
24666	4.865005	1.600747	8.831321	0.000562	0.006210	0.001111	-0.804221	-0.350738	0.479804	0.473478	-0.866053	0.160531	0.359232	0.356279	0.862565
24667	4.864745	1.600640	8.831483	0.000610	0.000851	0.005401	-0.804197	-0.350761	0.479828	0.473506	-0.866042	0.160512	0.359249	0.356285	0.862555
24668	4.859957	1.585061	8.813458	0.006840	0.001250	-0.000119	-0.804230	-0.350733	0.479792	0.473485	-0.866041	0.160574	0.359201	0.356313	0.862564
24669	4.857131	1.604115	8.797860	0.003502	0.001321	0.000252	-0.804232	-0.350713	0.479803	0.473482	-0.866038	0.160605	0.359201	0.356341	0.862552
24670	4.864548	1.601532	8.831430	0.003690	0.000033	0.003022	-0.804257	-0.350592	0.479850	0.473388	-0.866082	0.160643	0.359269	0.356353	0.862518
24671	4.864594	1.601711	8.831373	0.003690	0.000033	0.003022	-0.804241	-0.350591	0.479877	0.473407	-0.866068	0.160662	0.359279	0.356388	0.862500
24672	4.864696	1.601820	8.831297	0.001857	-0.001323	0.002584	-0.804233	-0.350666	0.479836	0.473464	-0.866039	0.160650	0.359222	0.356385	0.862525
24673	4.864871	1.601974	8.831172	0.003268	-0.002106	0.000390	-0.804222	-0.350635	0.479877	0.473461	-0.866036	0.160678	0.359251	0.356424	0.862497
24674	4.857826	1.604949	8.797324	0.003479	-0.006073	0.005304	-0.804203	-0.350640	0.479904	0.473487	-0.866017	0.160698	0.359258	0.356462	0.862478
24675	4.913089	1.600101	8.820065	0.002349	0.002852	0.004454	-0.804191	-0.350662	0.479909	0.473513	-0.866003	0.160698	0.359252	0.356475	0.862475
24676	4.856172	1.570781	8.794647	0.004702	-0.005569	0.000341	-0.804189	-0.350542	0.480000	0.473429	-0.866047	0.160710	0.359367	0.356487	0.862422
24677	4.863386	1.621335	8.814774	0.004866	-0.004177	0.000965	-0.804169	-0.350508	0.480059	0.473436	-0.866036	0.160749	0.359405	0.356547	0.862382
24678	4.887508	1.620603	8.809172	0.003361	-0.002750	0.001774	-0.804151	-0.350445	0.480136	0.473393	-0.866063	0.160729	0.359501	0.356543	0.862343
24679	4.859240	1.606134	8.796327	0.005030	-0.002786	0.001588	-0.804132	-0.350422	0.480184	0.473405	-0.866049	0.160767	0.359527	0.356599	0.862309
24680	4.886034	1.586912	8.806312	0.004772	-0.003534	-0.000420	-0.804130	-0.350446	0.480168	0.473439	-0.866024	0.160802	0.359485	0.356636	0.862311
24681	4.862341	1.588206	8.811577	0.004112	0.002173	0.005653	-0.804110	-0.350476	0.480181	0.473481	-0.866000	0.160812	0.359475	0.356667	0.862303
24682	4.869883	1.585627	8.845084	0.005030	-0.002786	0.001589	-0.804121	-0.350448	0.480183	0.473473	-0.865994	0.160863	0.359462	0.356708	0.862292
24683	4.859794	1.607279	8.795812	0.001833	0.001356	0.000437	-0.804122	-0.350430	0.480194	0.473465	-0.865996	0.160879	0.359470	0.356721	0.862283
24684	4.869889	1.586149	8.844987	0.005265	0.000641	0.001451	-0.804140	-0.350345	0.480226	0.473404	-0.866022	0.160918	0.359509	0.356741	0.862258
24685	4.869086	1.639617	8.831795	0.007004	0.002640	0.000503	-0.804146	-0.350332	0.480225	0.473415	-0.866005	0.160978	0.359482	0.356795	0.862247
24686	4.859407	1.608443	8.795812	0.003760	0.002068	0.002260	-0.804127	-0.350412	0.480199	0.473472	-0.865981	0.160937	0.359449	0.356775	0.862269
24687	4.880443	1.626199	8.774845	0.003689	0.000033	0.003021	-0.804112	-0.350411	0.480225	0.473491	-0.865967	0.160956	0.359458	0.356809	0.862251
24688	4.883141	1.607778	8.790412	0.003854	0.001425	0.003644	-0.804097	-0.350479	0.480200	0.473549	-0.865937	0.160947	0.359414	0.356815	0.862267
24689	4.866752	1.606215	8.829365	0.003595	0.000677	0.001636	-0.804091	-0.350469	0.480218	0.473556	-0.865929	0.160972	0.359419	0.356847	0.862252
24690	4.880788	1.573825	8.788099	0.001974	0.005426	-0.001086	-0.804143	-0.350392	0.480187	0.473468	-0.865973	0.160991	0.359419	0.356813	0.862266
24691	4.863539	1.625357	8.813949	0.007284	0.000710	0.004658	-0.804122	-0.350408	0.480210	0.473513	-0.865941	0.161033	0.359406	0.356876	0.862245
24692	4.882385	1.608895	8.790627	0.003737	0.004747	0.000113	-0.804165	-0.350410	0.480137	0.473498	-0.865942	0.161071	0.359330	0.356871	0.862279
24693	4.886738	1.624790	8.808828	0.000751	0.004924	0.003877	-0.804163	-0.350434	0.480122	0.473513	-0.865936	0.161060	0.359314	0.356863	0.862289
24694	4.855140	1.628691	8.780775	0.003830	0.004103	0.001498	-0.804184	-0.350406	0.480109	0.473483	-0.865950	0.161074	0.359309	0.356857	0.862294
24695	4.883948	1.590734	8.806780	0.003994	0.005495	0.002121	-0.804192	-0.350417	0.480086	0.473495	-0.865938	0.161100	0.359273	0.356874	0.862301
24696	4.857018	1.610490	8.796758	0.000399	0.004819	0.000484	-0.804245	-0.350348	0.480049	0.473410	-0.865983	0.161113	0.359269	0.356834	0.862320
24697	4.854542	1.576471	8.794529	0.009000	0.005387	0.001565	-0.804256	-0.350353	0.480026	0.473435	-0.865955	0.161185	0.359210	0.356895	0.862319
24698	4.882766	1.591425	8.807310	-0.000989	0.002925	0.004824	-0.804261	-0.350387	0.479993	0.473439	-0.865961	0.161142	0.359193	0.356848	0.862346
24699	4.875066	1.594260	8.773845	0.005498	0.004067	0.001313	-0.804268	-0.350386	0.479982	0.473451	-0.865947	0.161184	0.359162	0.356883	0.862344
24700	4.855716	1.611491	8.797293	0.005592	0.003424	0.002698	-0.804263	-0.350468	0.479931	0.473514	-0.865913	0.161179	0.359090	0.356884	0.862373
24701	4.879176	1.610789	8.792062	0.003736	0.004746	0.000113	-0.804279	-0.350459	0.479911	0.473509	-0.865910	0.161213	0.359061	0.356902	0.862378
24702	4.886180	1.608214	8.825865	0.002325	0.005531	0.002306	-0.804293	-0.350434	0.479905	0.473470	-0.865936	0.161188	0.359081	0.356863	0.862386
24703	4.854610	1.612149	8.797783	0.001997	0.002747	0.001061	-0.804297	-0.350426	0.479904	0.473467	-0.865935	0.161202	0.359077	0.356873	0.862384
24704	4.880876	1.592724	8.808123	0.003665	0.002711	0.000875	-0.804311	-0.350433	0.479876	0.473463	-0.865936	0.161206	0.359050	0.356863	0.862399
24705	4.877958	1.611664	8.792577	0.005334	0.002675	0.000690	-0.804316	-0.350421	0.479875	0.473468	-0.865925	0.161250	0.359031	0.356902	0.862391
24706	4.858587	1.628708	8.816061	0.002675	0.005637	0.005699	-0.804303	-0.350482	0.479853	0.473504	-0.865915	0.161201	0.359014	0.356867	0.862412
24707	4.879947	1.593352	8.808524	0.004086	0.004852	0.003506	-0.804303	-0.350503	0.479839	0.473528	-0.865898	0.161221	0.358983	0.356887	0.862417
24708	4.860669	1.610223	8.831986	0.000514	0.001498	0.004016	-0.804311	-0.350529	0.479805	0.473534	-0.865898	0.161205	0.358955	0.356862	0.862439
24709	4.860737	1.609944	8.831999	-0.001132	-0.001144	0.006348	-0.804276	-0.350553	0.479846	0.473562	-0.865890	0.161166	0.358997	0.356859	0.862423
24710	4.838250	1.557854	8.850228	0.002910	-0.012282	0.004204	-0.804199	-0.350620	0.479926	0.473657	-0.865844	0.161133	0.359045	0.356904	0.862384
24711	4.849411	1.590030	8.885202	0.013719	-0.024209	0.002703	-0.804098	-0.350530	0.480161	0.473709	-0.865795	0.161240	0.359201	0.357109	0.862234
24712	4.889307	1.610635	8.823692	0.020083	-0.029817	0.002865	-0.804013	-0.350365	0.480425	0.473715	-0.865763	0.161398	0.359386	0.357350	0.862057
24713	4.882429	1.580520	8.785985	0.016651	-0.029102	0.001851	-0.803898	-0.350250	0.480700	0.473771	-0.865707	0.161534	0.359568	0.357598	0.861879
24714	4.903174	1.618284	8.747767	0.021702	-0.024500	-0.001617	-0.803839	-0.350109	0.480901	0.473788	-0.865662	0.161723	0.359677	0.357844	0.861731
24715	4.897913	1.622758	8.712612	0.016624	-0.026425	-0.000296	-0.803745	-0.349986	0.481149	0.473826	-0.865614	0.161869	0.359837	0.358082	0.861565
24716	4.896161	1.582326	8.815282	0.011413	-0.011072	0.003899	-0.803692	-0.349956	0.481258	0.473865	-0.865583	0.161921	0.359903	0.358186	0.861494
24717	4.903899	1.633321	8.834958	0.009722	-0.008358	0.001936	-0.803652	-0.349916	0.481354	0.473897	-0.865551	0.161997	0.359951	0.358301	0.861426
24718	4.896976	1.636675	8.800939	0.006788	-0.003466	0.002789	-0.803690	-0.349831	0.481352	0.473840	-0.865566	0.162082	0.359941	0.358348	0.861411
24719	4.865845	1.640864	8.772580	0.005522	0.001390	0.003455	-0.803678	-0.349839	0.481367	0.473869	-0.865544	0.162115	0.359930	0.358393	0.861397
24720	4.916139	1.620228	8.777420	-0.001574	-0.000606	0.001572	-0.803669	-0.349776	0.481429	0.473801	-0.865594	0.162049	0.360041	0.358335	0.861375
24721	4.883405	1.616640	8.855493	0.001107	0.005035	0.007265	-0.803652	-0.349830	0.481418	0.473844	-0.865575	0.162025	0.360022	0.358328	0.861385
24722	4.871231	1.603781	8.803842	0.008031	-0.005646	-0.000026	-0.803634	-0.349763	0.481496	0.473819	-0.865583	0.162054	0.360094	0.358374	0.861337
24723	4.890739	1.587755	8.780057	0.011367	-0.005719	-0.000399	-0.803615	-0.349712	0.481565	0.473838	-0.865554	0.162155	0.360113	0.358494	0.861279
24724	4.880131	1.603236	8.836257	0.017233	-0.015505	-0.002103	-0.803595	-0.349596	0.481682	0.473831	-0.865528	0.162314	0.360165	0.358671	0.861183
24725	4.946649	1.518940	9.026387	0.023119	-0.027968	-0.001656	-0.803502	-0.349454	0.481941	0.473882	-0.865461	0.162522	0.360307	0.358970	0.860999
24726	5.103421	1.361416	8.958974	0.044495	-0.047873	-0.009575	-0.803398	-0.349133	0.482347	0.473895	-0.865374	0.162944	0.360522	0.359491	0.860692
24727	4.908636	1.850589	8.648616	0.084440	-0.039508	-0.004751	-0.803277	-0.348922	0.482700	0.474142	-0.865097	0.163695	0.360466	0.360361	0.860352
24728	4.950324	1.716930	8.626065	0.054958	-0.015990	0.003956	-0.803245	-0.348799	0.482843	0.474266	-0.864942	0.164156	0.360373	0.360854	0.860183
24729	4.837140	1.741995	8.669801	0.041351	-0.002478	0.009837	-0.803189	-0.348847	0.482901	0.474475	-0.864769	0.164466	0.360224	0.361221	0.860092
24730	4.909011	1.821358	8.747938	0.023963	0.001583	0.018537	-0.803127	-0.348933	0.482942	0.474627	-0.864666	0.164566	0.360161	0.361385	0.860049
24731	4.966982	1.605222	8.824258	0.012047	0.002334	0.033605	-0.802975	-0.349204	0.482998	0.474921	-0.864515	0.164509	0.360112	0.361482	0.860029
24732	5.009651	1.587147	8.795558	0.028467	0.012500	0.038261	-0.802859	-0.349472	0.482998	0.475226	-0.864340	0.164549	0.359969	0.361643	0.860022
24733	4.913616	1.592367	8.817589	0.030325	0.021234	0.033618	-0.802775	-0.349812	0.482891	0.475585	-0.864124	0.164649	0.359682	0.361832	0.860062
24734	4.911444	1.646347	8.804787	0.028352	0.025864	0.027491	-0.802803	-0.350056	0.482668	0.475812	-0.863969	0.164804	0.359319	0.361964	0.860158
24735	4.896892	1.634134	8.754333	0.023289	0.033997	0.021588	-0.802822	-0.350338	0.482431	0.476049	-0.863820	0.164902	0.358962	0.362048	0.860272
24736	4.879916	1.667612	8.796987	0.013433	0.038296	0.021171	-0.802853	-0.350616	0.482178	0.476222	-0.863730	0.164874	0.358664	0.361993	0.860419
24737	4.868823	1.722728	8.751641	-0.000345	0.039133	0.017882	-0.802908	-0.350884	0.481891	0.476344	-0.863679	0.164787	0.358378	0.361854	0.860597
24738	4.859094	1.752032	8.828299	-0.006288	0.035595	0.011804	-0.803006	-0.351048	0.481608	0.476343	-0.863702	0.164670	0.358159	0.361642	0.860777
24739	4.973359	1.657275	8.814821	-0.019291	0.038696	0.014527	-0.803076	-0.351285	0.481319	0.476371	-0.863731	0.164435	0.357967	0.361340	0.860984
24740	4.955669	1.607094	8.763434	-0.022647	0.041447	0.012744	-0.803136	-0.351641	0.480959	0.476465	-0.863737	0.164132	0.357707	0.360980	0.861243
24741	4.860566	1.730568	8.778378	-0.025249	0.049130	0.014824	-0.803241	-0.351918	0.480581	0.476474	-0.863787	0.163844	0.357460	0.360590	0.861509
24742	4.848072	1.589882	8.772240	-0.028739	0.045141	0.016729	-0.803328	-0.352172	0.480249	0.476446	-0.863871	0.163480	0.357300	0.360141	0.861763
24743	4.906046	1.684948	8.804420	-0.023894	0.040955	0.017712	-0.803390	-0.352445	0.479945	0.476483	-0.863906	0.163190	0.357112	0.359791	0.861987
24744	4.977081	1.606853	8.820127	-0.022369	0.045468	0.029753	-0.803410	-0.352862	0.479605	0.476626	-0.863896	0.162822	0.356875	0.359405	0.862246
24745	4.939958	1.520108	8.805949	-0.015652	0.061304	0.034639	-0.803463	-0.353354	0.479153	0.476829	-0.863841	0.162522	0.356484	0.359054	0.862554
24746	4.817389	1.663157	8.811075	-0.018107	0.061761	0.026650	-0.803563	-0.353806	0.478651	0.476967	-0.863821	0.162224	0.356073	0.358658	0.862888
24747	4.796288	1.578146	8.758070	-0.019835	0.054418	0.031906	-0.803605	-0.354249	0.478254	0.477133	-0.863790	0.161901	0.355758	0.358295	0.863169
24748	4.779223	1.748030	8.777620	-0.020186	0.054305	0.028513	-0.803677	-0.354633	0.477847	0.477228	-0.863800	0.161568	0.355467	0.357890	0.863457
24749	4.764025	1.625859	8.755518	-0.025095	0.042498	0.021902	-0.803724	-0.354947	0.477536	0.477294	-0.863823	0.161247	0.355272	0.357524	0.863689
24750	4.821247	1.527949	8.825590	-0.017746	0.033940	0.017269	-0.803800	-0.355164	0.477247	0.477308	-0.863856	0.161027	0.355082	0.357227	0.863890
24751	4.837150	1.561547	8.790983	-0.015841	0.037323	0.016945	-0.803851	-0.355416	0.476973	0.477368	-0.863863	0.160810	0.354885	0.356959	0.864082
24752	4.771787	1.700308	8.817837	-0.017668	0.033297	0.018656	-0.803900	-0.355601	0.476753	0.477360	-0.863917	0.160544	0.354785	0.356644	0.864253
24753	4.779251	1.596128	8.773843	-0.023668	0.027745	0.013316	-0.803935	-0.355787	0.476555	0.477363	-0.863965	0.160277	0.354703	0.356342	0.864411
24754	4.760390	1.644387	8.801026	-0.030163	0.023951	0.018961	-0.803927	-0.356043	0.476377	0.477402	-0.864015	0.159893	0.354668	0.355966	0.864580
24755	4.734627	1.694718	8.794537	-0.035251	0.022042	0.020266	-0.803908	-0.356269	0.476240	0.477419	-0.864079	0.159493	0.354687	0.355583	0.864730
24756	4.780973	1.688165	8.785630	-0.039660	0.014419	0.015506	-0.803899	-0.356307	0.476226	0.477261	-0.864253	0.159021	0.354919	0.355121	0.864824
24757	4.758712	1.718999	8.794481	-0.047909	0.008631	0.022091	-0.803825	-0.356501	0.476207	0.477248	-0.864356	0.158502	0.355106	0.354677	0.864930
24758	4.823114	1.554213	8.786263	-0.044499	0.010580	0.020969	-0.803795	-0.356645	0.476149	0.477178	-0.864483	0.158017	0.355267	0.354222	0.865051
24759	4.796619	1.516311	8.790124	-0.043824	0.004869	0.014902	-0.803741	-0.356764	0.476151	0.477122	-0.864596	0.157568	0.355464	0.353826	0.865131
24760	4.860726	1.458398	8.755009	-0.037492	0.007275	0.008641	-0.803738	-0.356806	0.476125	0.476995	-0.864738	0.157175	0.355642	0.353437	0.865217
24761	4.897977	1.501257	8.804882	-0.029160	0.012421	0.003448	-0.803765	-0.356852	0.476044	0.476899	-0.864840	0.156907	0.355709	0.353141	0.865311
24762	4.822986	1.521145	8.805836	-0.022817	0.012150	-0.000665	-0.803816	-0.356818	0.475984	0.476738	-0.864971	0.156671	0.355809	0.352854	0.865386
24763	4.813004	1.329519	8.810060	-0.012544	0.009414	-0.014742	-0.803920	-0.356696	0.475900	0.476554	-0.865079	0.156633	0.355821	0.352713	0.865439
24764	4.618921	1.411014	8.823193	0.002326	0.004969	-0.014836	-0.804004	-0.356567	0.475854	0.476416	-0.865146	0.156682	0.355816	0.352678	0.865456
24765	4.763907	1.572184	8.876468	0.005961	-0.013671	-0.015318	-0.804028	-0.356359	0.475969	0.476294	-0.865191	0.156807	0.355925	0.352779	0.865370
24766	5.029086	1.541519	8.834444	0.005272	-0.005288	-0.011392	-0.804057	-0.356139	0.476085	0.476120	-0.865281	0.156837	0.356092	0.352779	0.865301
24767	4.894865	1.607398	8.779988	0.008063	0.012440	-0.013639	-0.804166	-0.356037	0.475977	0.476019	-0.865313	0.156972	0.355982	0.352805	0.865336
24768	4.759928	1.567131	8.752525	0.000111	0.020140	-0.014399	-0.804273	-0.356017	0.475812	0.475921	-0.865369	0.156961	0.355872	0.352688	0.865429
24769	4.768439	1.440641	8.828846	0.004311	0.010385	-0.015913	-0.804385	-0.355889	0.475718	0.475788	-0.865421	0.157074	0.355795	0.352688	0.865460
24770	4.773745	1.545274	8.836637	0.013224	0.016385	-0.015697	-0.804534	-0.355710	0.475600	0.475605	-0.865495	0.157223	0.355704	0.352689	0.865497
24771	4.838121	1.633728	8.777422	0.007949	0.021118	-0.021462	-0.804711	-0.355571	0.475405	0.475440	-0.865554	0.157394	0.355524	0.352683	0.865574
24772	4.683069	1.664038	8.760159	0.008016	0.025830	-0.024369	-0.804940	-0.355406	0.475139	0.475220	-0.865643	0.157572	0.355299	0.352632	0.865687
24773	4.817342	1.529828	8.844497	0.009051	0.014870	-0.022751	-0.805101	-0.355234	0.474996	0.475048	-0.865703	0.157758	0.355164	0.352657	0.865732
24774	4.924621	1.547550	8.770294	0.011091	0.027678	-0.028882	-0.805335	-0.354920	0.474835	0.474699	-0.865869	0.157901	0.355102	0.352567	0.865794
24775	4.741724	1.299343	8.806363	0.017413	0.032768	-0.037283	-0.805628	-0.354685	0.474513	0.474439	-0.865951	0.158229	0.354784	0.352601	0.865910
24776	4.916284	1.414084	8.796922	0.029082	0.035164	-0.040675	-0.805950	-0.354418	0.474165	0.474168	-0.866025	0.158638	0.354414	0.352687	0.866027
24777	4.837601	1.493875	8.785102	0.031181	0.050002	-0.047568	-0.806352	-0.354155	0.473677	0.473874	-0.866095	0.159133	0.353892	0.352780	0.866202
24778	4.772615	1.488987	8.745704	0.044314	0.058999	-0.058198	-0.806841	-0.353824	0.473091	0.473518	-0.866174	0.159759	0.353253	0.352917	0.866407
24779	4.385612	1.488114	8.950913	0.049721	0.042358	-0.059594	-0.807273	-0.353430	0.472650	0.473192	-0.866221	0.160471	0.352704	0.353198	0.866517
24780	4.716217	1.401946	9.015088	0.065704	0.015710	-0.066582	-0.807683	-0.352807	0.472414	0.472782	-0.866279	0.161360	0.352314	0.353677	0.866480
24781	4.832429	1.784815	9.019955	0.067467	0.009678	-0.061070	-0.808006	-0.352284	0.472253	0.472506	-0.866267	0.162233	0.351945	0.354227	0.866405
24782	4.893980	1.950888	8.930125	0.045719	0.002785	-0.053714	-0.808285	-0.351831	0.472112	0.472221	-0.866301	0.162881	0.351685	0.354595	0.866360
24783	4.880957	1.697378	8.929199	0.029933	0.004130	-0.043155	-0.808504	-0.351444	0.472027	0.471956	-0.866358	0.163344	0.351538	0.354840	0.866320
24784	4.941474	1.772885	8.850757	0.030520	0.002319	-0.035600	-0.808678	-0.351065	0.472010	0.471693	-0.866432	0.163712	0.351491	0.355034	0.866259
24785	4.894520	1.812865	8.863218	0.013756	0.013974	-0.025298	-0.808846	-0.350868	0.471868	0.471516	-0.866483	0.163950	0.351341	0.355104	0.866291
24786	4.892997	1.814548	8.863715	0.003003	0.012535	-0.013118	-0.808971	-0.350786	0.471714	0.471398	-0.866530	0.164042	0.351211	0.355070	0.866358
24787	4.798119	2.098066	8.835882	-0.029658	0.018794	0.011417	-0.808983	-0.350924	0.471591	0.471365	-0.866607	0.163730	0.351227	0.354747	0.866484
24788	4.746541	2.086445	8.954438	-0.089598	0.022693	0.052657	-0.808841	-0.351502	0.471405	0.471501	-0.866720	0.162738	0.351374	0.353897	0.866772
24789	4.794833	1.745662	8.903234	-0.116871	0.014982	0.073666	-0.808546	-0.352165	0.471416	0.471665	-0.866885	0.161377	0.351832	0.352831	0.867020
24790	4.771990	1.626542	8.937564	-0.125892	0.009593	0.072057	-0.808250	-0.352776	0.471466	0.471751	-0.867108	0.159923	0.352395	0.351672	0.867263
24791	4.792458	1.542389	8.929824	-0.118521	-0.001627	0.069590	-0.807916	-0.353346	0.471612	0.471874	-0.867290	0.158566	0.352996	0.350650	0.867432
24792	4.694636	1.763054	8.883591	-0.121152	-0.004674	0.080269	-0.807541	-0.354029	0.471743	0.472088	-0.867431	0.157150	0.353569	0.349609	0.867619
24793	4.753650	1.828620	8.898556	-0.158938	-0.014316	0.099686	-0.807019	-0.354816	0.472044	0.472309	-0.867644	0.155300	0.354463	0.348280	0.867788
24794	4.673958	1.693751	8.890364	-0.163921	-0.009615	0.115866	-0.806462	-0.355654	0.472365	0.472533	-0.867877	0.153306	0.355431	0.346844	0.867968
24795	4.648448	1.632576	9.000982	-0.164641	-0.020555	0.117648	-0.805833	-0.356576	0.472744	0.472874	-0.868039	0.151320	0.356403	0.345487	0.868110
24796	4.703312	1.618253	8.886029	-0.156919	-0.035032	0.122061	-0.805127	-0.357537	0.473221	0.473307	-0.868143	0.149358	0.357423	0.344231	0.868190
24797	4.773205	1.597602	8.837844	-0.163296	-0.040820	0.131835	-0.804356	-0.358513	0.473792	0.473762	-0.868244	0.147316	0.358553	0.342959	0.868227
24798	4.647996	1.649577	8.908241	-0.161566	-0.047562	0.138707	-0.803534	-0.359517	0.474427	0.474253	-0.868328	0.145227	0.359747	0.341693	0.868233
24799	4.755116	1.506782	8.822460	-0.166303	-0.056097	0.150433	-0.802618	-0.360604	0.475152	0.474840	-0.868365	0.143069	0.361014	0.340451	0.868195
24800	4.672022	1.558483	8.848647	-0.167618	-0.057306	0.156792	-0.801656	-0.361770	0.475888	0.475480	-0.868382	0.140826	0.362306	0.339170	0.868158
24801	4.727831	1.533412	8.837927	-0.167543	-0.070074	0.169468	-0.800595	-0.362977	0.476754	0.476209	-0.868346	0.138564	0.363692	0.337968	0.868047
24802	4.829112	1.311881	8.849808	-0.155314	-0.086866	0.170615	-0.799511	-0.364053	0.477753	0.476897	-0.868308	0.136419	0.365174	0.336908	0.867837
24803	4.933819	1.178861	8.850913	-0.137776	-0.094989	0.166847	-0.798367	-0.365154	0.478825	0.477705	-0.868175	0.134425	0.366618	0.336057	0.867558
24804	4.946903	1.246891	8.838892	-0.123163	-0.086756	0.154089	-0.797334	-0.366130	0.479798	0.478410	-0.868066	0.132612	0.367943	0.335276	0.867299
24805	4.969550	1.143616	8.806309	-0.115094	-0.082344	0.146935	-0.796327	-0.367102	0.480727	0.479135	-0.867925	0.130908	0.369178	0.334579	0.867043
24806	4.966872	1.140299	8.860605	-0.097710	-0.083102	0.134742	-0.795371	-0.367864	0.481727	0.479711	-0.867844	0.129325	0.370490	0.333951	0.866726
24807	4.928123	1.128321	8.868164	-0.093487	-0.082729	0.126030	-0.794459	-0.368654	0.482628	0.480344	-0.867704	0.127907	0.371625	0.333444	0.866435
24808	4.950779	1.082983	8.822737	-0.075204	-0.091112	0.111809	-0.793567	-0.369376	0.483542	0.480994	-0.867522	0.126688	0.372688	0.333116	0.866105
24809	4.873753	1.002122	8.900775	-0.055033	-0.095462	0.095912	-0.792749	-0.369862	0.484511	0.481528	-0.867363	0.125747	0.373738	0.332991	0.865700
24810	4.856412	0.908117	8.910090	-0.029270	-0.113730	0.079641	-0.791984	-0.370074	0.485599	0.481949	-0.867219	0.125125	0.374815	0.333131	0.865180
24811	5.012943	0.927957	8.875473	-0.008008	-0.118912	0.058114	-0.791257	-0.370154	0.486722	0.482358	-0.867042	0.124773	0.375823	0.333502	0.864600
24812	4.994992	0.912194	8.856517	0.013714	-0.119293	0.037116	-0.790657	-0.369955	0.487847	0.482575	-0.866935	0.124680	0.376806	0.334002	0.863979
24813	4.973225	0.991136	8.795228	0.039792	-0.119951	0.008742	-0.790162	-0.369601	0.488916	0.482773	-0.866782	0.124980	0.377590	0.334790	0.863331
24814	5.017253	1.192944	8.874921	0.053190	-0.126808	-0.004338	-0.789771	-0.368983	0.490014	0.482787	-0.866700	0.125492	0.378390	0.335682	0.862635
24815	4.912886	1.418434	8.847809	0.045202	-0.124441	-0.000715	-0.789303	-0.368531	0.491107	0.482930	-0.866563	0.125885	0.379183	0.336532	0.861955
24816	4.945761	1.260441	8.871232	0.034903	-0.134283	0.007544	-0.788779	-0.368034	0.492320	0.483002	-0.866491	0.126105	0.380180	0.337261	0.861231
24817	5.010128	1.400364	8.832050	0.033890	-0.140200	0.020156	-0.788148	-0.367707	0.493574	0.483268	-0.866314	0.126297	0.381150	0.338070	0.860485
24818	4.932136	1.495586	8.838030	0.026169	-0.145894	0.033550	-0.787478	-0.367344	0.494910	0.483469	-0.866196	0.126345	0.382277	0.338768	0.859710
24819	4.979568	1.248568	8.830491	0.011178	-0.155509	0.045823	-0.786661	-0.367185	0.496326	0.483850	-0.866002	0.126214	0.383476	0.339435	0.858912
24820	4.965728	1.108850	8.848984	0.023692	-0.160841	0.040328	-0.785863	-0.366918	0.497786	0.484177	-0.865824	0.126179	0.384698	0.340176	0.858072
24821	4.996810	1.112329	8.801116	0.044757	-0.174873	0.026417	-0.785061	-0.366522	0.499340	0.484535	-0.865587	0.126431	0.385883	0.341203	0.857132
24822	5.068099	1.109015	8.813384	0.060787	-0.186036	0.010972	-0.784328	-0.365878	0.500961	0.484746	-0.865401	0.126894	0.387105	0.342365	0.856117
24823	5.037914	1.118435	8.814351	0.081311	-0.202193	-0.005612	-0.783571	-0.365107	0.502705	0.484995	-0.865155	0.127617	0.388324	0.343807	0.854986
24824	4.998782	1.143077	8.872028	0.089053	-0.214414	-0.017295	-0.782847	-0.364196	0.504492	0.485177	-0.864925	0.128481	0.389556	0.345349	0.853804
24825	5.020831	0.965019	8.820590	0.112495	-0.236847	-0.032066	-0.782078	-0.363069	0.506492	0.485343	-0.864665	0.129602	0.390891	0.347182	0.852449
24826	4.912094	0.787166	8.943194	0.137792	-0.263037	-0.057318	-0.781387	-0.361471	0.508697	0.485239	-0.864505	0.131052	0.392399	0.349242	0.850913
24827	5.146432	1.209224	8.847639	0.169957	-0.300232	-0.071489	-0.780554	-0.359772	0.511175	0.485326	-0.864180	0.132862	0.393947	0.351793	0.849145
24828	4.925261	1.276958	8.932577	0.175944	-0.325256	-0.070248	-0.779672	-0.357874	0.513846	0.485323	-0.863893	0.134726	0.395693	0.354423	0.847237
24829	5.092647	0.924994	8.857428	0.215339	-0.381841	-0.077311	-0.778532	-0.355817	0.516993	0.485552	-0.863415	0.136946	0.397651	0.357644	0.844964
24830	4.627569	0.303780	9.024891	0.281831	-0.434931	-0.101089	-0.777347	-0.353220	0.520544	0.485716	-0.862860	0.139835	0.399764	0.361537	0.842306
24831	4.628399	1.824627	9.120661	0.306464	-0.534602	-0.107730	-0.775726	-0.350316	0.524907	0.486085	-0.862137	0.142975	0.402455	0.366059	0.839066
24832	5.035436	1.021918	8.931178	0.337671	-0.628072	-0.103609	-0.773778	-0.346962	0.529986	0.486494	-0.861331	0.146398	0.405700	0.371114	0.835274
24833	4.836490	1.509374	8.952176	0.324018	-0.709266	-0.098392	-0.771365	-0.343433	0.535770	0.487031	-0.860473	0.149623	0.409631	0.376350	0.831001
24834	4.686158	2.027172	8.924725	0.285145	-0.812822	-0.057590	-0.768359	-0.339649	0.542460	0.487527	-0.859731	0.152248	0.414659	0.381445	0.826170
24835	4.930274	1.886690	8.796821	0.256393	-0.907529	-0.008547	-0.764611	-0.336059	0.549941	0.488508	-0.858789	0.154408	0.420393	0.386712	0.820807
24836	5.023321	1.874890	8.703150	0.247558	-0.976960	0.032749	-0.760402	-0.332284	0.558011	0.489529	-0.857877	0.156233	0.426791	0.391963	0.814994
24837	4.878210	2.121338	8.666861	0.242042	-1.053275	0.080892	-0.755473	-0.328788	0.566709	0.491159	-0.856667	0.157746	0.433616	0.397517	0.808676
24838	5.065865	1.989234	8.603101	0.220268	-1.139539	0.132243	-0.749924	-0.325092	0.576133	0.492819	-0.855532	0.158730	0.441298	0.402965	0.801795
24839	5.147523	2.191141	8.578958	0.213408	-1.228885	0.175303	-0.743584	-0.321571	0.586238	0.495054	-0.854112	0.159417	0.449449	0.408759	0.794299
24840	5.269160	2.158177	8.612456	0.194111	-1.316338	0.228300	-0.736546	-0.317894	0.597029	0.497383	-0.852730	0.159569	0.458378	0.414482	0.786190
24841	5.380518	2.262343	8.621321	0.174063	-1.419361	0.281729	-0.728565	-0.314336	0.608593	0.500228	-0.851126	0.159235	0.467936	0.420449	0.777341
24842	5.491872	1.926911	8.687780	0.144522	-1.544459	0.310456	-0.719766	-0.310290	0.621013	0.502984	-0.849650	0.158440	0.478481	0.426399	0.767620
24843	5.571749	1.703553	8.549686	0.127435	-1.678109	0.327124	-0.709990	-0.305825	0.634339	0.505914	-0.848108	0.157362	0.489863	0.432646	0.756870
24844	5.583462	1.547371	8.705051	0.128574	-1.837769	0.341596	-0.699219	-0.300461	0.648703	0.508657	-0.846700	0.156099	0.502355	0.439115	0.744861
24845	5.388648	1.522533	8.738948	0.088066	-2.009890	0.364411	-0.687126	-0.294617	0.664123	0.511606	-0.845240	0.154363	0.515866	0.445836	0.731514
24846	5.555778	1.127435	8.717031	0.095579	-2.216892	0.401179	-0.673539	-0.287653	0.680882	0.514343	-0.843962	0.152246	0.530845	0.452751	0.716394
24847	5.429700	0.824089	8.592102	0.124551	-2.437165	0.409951	-0.658293	-0.279943	0.698772	0.517718	-0.842244	0.150306	0.546460	0.460713	0.699375
24848	5.629905	0.881543	8.701811	0.154998	-2.690555	0.429194	-0.641182	-0.270750	0.718039	0.520961	-0.840611	0.148231	0.563459	0.469113	0.680035
24849	5.371430	0.675970	8.591187	0.181206	-2.949199	0.447215	-0.621960	-0.260495	0.738450	0.524798	-0.838579	0.146194	0.581166	0.478464	0.658270
24850	5.471139	0.308310	8.368528	0.234114	-3.255226	0.462647	-0.600382	-0.248175	0.760231	0.528353	-0.836703	0.144120	0.600321	0.488197	0.633466
24851	5.542855	-0.184826	8.189553	0.391359	-3.547607	0.460783	-0.576298	-0.234456	0.782886	0.533425	-0.833672	0.142999	0.619143	0.500021	0.605508
24852	6.123611	-0.619901	8.461502	0.612985	-3.895098	0.369661	-0.549867	-0.217399	0.806464	0.538732	-0.830160	0.143534	0.638290	0.513392	0.573597
24853	6.226109	-0.673840	8.296467	0.973272	-4.196844	0.180590	-0.521728	-0.196955	0.830065	0.545971	-0.824722	0.147478	0.655526	0.530135	0.537812
24854	7.083331	0.311368	8.326432	1.200998	-4.624360	-0.008162	-0.491075	-0.171510	0.854067	0.553133	-0.818808	0.153613	0.672971	0.547848	0.496964
24855	8.007682	1.708821	8.863551	1.168958	-4.994279	-0.201979	-0.458147	-0.142023	0.877457	0.560118	-0.812632	0.160924	0.690195	0.565207	0.451854
24856	7.641263	1.299541	8.677998	1.127335	-5.406786	-0.356085	-0.422235	-0.107744	0.900061	0.565605	-0.807236	0.168703	0.708385	0.580311	0.401784
24857	9.965022	1.050778	9.041468	1.145154	-5.800452	-0.492217	-0.383438	-0.069659	0.920936	0.571808	-0.800957	0.177492	0.725266	0.594656	0.346948
24858	11.686155	0.297594	10.254439	1.232378	-5.987758	-0.606878	-0.342767	-0.028369	0.938992	0.577617	-0.794637	0.186844	0.740857	0.606422	0.288762
24859	13.050776	-0.238588	9.736074	1.486506	-5.952471	-0.719542	-0.302522	0.013830	0.953042	0.586366	-0.785593	0.197529	0.751435	0.618589	0.229550
24860	13.769835	1.153864	9.222165	1.722792	-6.028691	-0.831229	-0.261662	0.058210	0.963402	0.596226	-0.775195	0.208775	0.758978	0.629034	0.168133
24861	17.656736	5.604552	12.861688	1.775381	-5.876310	-0.684498	-0.221062	0.100758	0.970041	0.608061	-0.763411	0.217867	0.762491	0.638006	0.107494
24862	10.743341	5.024856	9.152721	1.847620	-5.768710	-0.456589	-0.179713	0.141327	0.973514	0.620655	-0.751504	0.223672	0.763210	0.644414	0.047340
24863	16.942215	7.569570	12.448958	1.965684	-5.850502	0.004058	-0.135109	0.179206	0.974490	0.635618	-0.738796	0.223988	0.760089	0.649666	-0.014088
24864	10.930836	4.577444	11.300114	2.146930	-5.313939	0.313750	-0.092805	0.211514	0.972959	0.651813	-0.725782	0.219952	0.752680	0.654600	-0.070512
24865	7.457289	5.034361	10.061274	2.907842	-4.903211	0.316132	-0.054175	0.241633	0.968854	0.673693	-0.707325	0.214078	0.737023	0.664308	-0.124467
24866	11.939378	12.931058	16.820476	2.700752	-3.586552	0.976883	-0.021349	0.258637	0.965739	0.693406	-0.692042	0.200666	0.720231	0.673933	-0.164566
24867	31.924457	16.932522	28.096988	1.007303	-1.039494	1.259198	-0.005119	0.257014	0.966394	0.700777	-0.688485	0.186816	0.713362	0.678183	-0.176585
24868	8.278385	11.350552	18.941272	-0.479606	1.496663	1.295467	-0.006771	0.237649	0.971327	0.697068	-0.695326	0.174981	0.716973	0.678266	-0.160949
24869	2.632265	7.912240	15.353325	-0.995875	2.222308	1.368154	-0.013291	0.213058	0.976949	0.690014	-0.705163	0.163173	0.723674	0.676277	-0.137641
24870	1.223175	5.271842	12.616576	-1.018133	2.527238	1.439193	-0.021838	0.185486	0.982404	0.682485	-0.715295	0.150224	0.730573	0.673757	-0.110970
24871	1.327224	4.814851	11.386981	-0.883588	2.795430	1.431967	-0.032605	0.156410	0.987154	0.676378	-0.723700	0.137008	0.735833	0.672156	-0.082196
24872	1.957836	4.993936	10.826290	-0.830434	3.215471	1.301736	-0.047667	0.125049	0.991005	0.670355	-0.731513	0.124549	0.740508	0.670262	-0.048958
24873	2.530899	5.540095	10.676467	-0.885503	3.718451	1.119245	-0.067805	0.091983	0.993449	0.664407	-0.738666	0.113740	0.744289	0.667767	-0.011029
24874	2.479597	6.061528	10.405948	-1.114328	4.226230	0.942671	-0.093269	0.056571	0.994033	0.656403	-0.747192	0.104113	0.748623	0.662196	0.032557
24875	2.956970	5.648777	10.063032	-1.387668	4.714758	0.791809	-0.123504	0.019636	0.992150	0.646821	-0.756640	0.095491	0.752575	0.653537	0.080747
24876	3.021804	4.474907	9.518816	-1.560619	5.207603	0.661828	-0.158731	-0.019402	0.987131	0.635518	-0.767156	0.087113	0.755594	0.641167	0.134102
24877	2.941259	2.916471	8.718567	-1.515860	5.623585	0.539535	-0.197819	-0.059199	0.978449	0.625001	-0.776578	0.079375	0.755144	0.627233	0.190622
24878	2.853100	2.064995	7.728627	-1.234696	5.940170	0.457100	-0.239950	-0.099826	0.965639	0.616213	-0.784277	0.072045	0.750137	0.612326	0.249702
24879	2.556623	1.860774	7.022357	-0.877121	6.087911	0.404021	-0.282832	-0.139819	0.948924	0.610705	-0.789124	0.065750	0.739625	0.598109	0.308578
24880	2.791132	2.112228	6.636379	-0.505663	6.079521	0.353952	-0.325492	-0.178732	0.928499	0.607566	-0.791958	0.060539	0.724512	0.583829	0.366368
24881	3.781987	2.922985	6.793063	-0.196397	6.002624	0.271490	-0.366758	-0.215493	0.905014	0.607071	-0.792580	0.057295	0.704949	0.570421	0.421505
24882	5.001911	3.805102	7.643590	-0.019024	5.922564	0.101839	-0.407574	-0.249769	0.878350	0.606814	-0.792861	0.056116	0.682393	0.555866	0.474713
24883	6.710311	4.055487	8.777468	0.068925	5.880973	-0.149721	-0.447876	-0.280796	0.848859	0.606601	-0.792905	0.057769	0.656843	0.540792	0.525454
24884	8.685439	3.997044	9.724766	0.188607	5.920741	-0.475024	-0.489175	-0.308595	0.815767	0.605068	-0.793711	0.062578	0.628172	0.524207	0.574985
24885	10.408901	4.410048	10.369130	0.309991	6.004922	-0.833976	-0.530974	-0.332910	0.779254	0.602675	-0.794813	0.071098	0.595693	0.507388	0.622662
24886	11.485897	4.833569	10.633108	0.340418	6.077164	-1.185293	-0.573605	-0.353696	0.738834	0.597580	-0.797594	0.082115	0.560246	0.488614	0.668865
24887	12.134168	4.923692	10.842381	0.301665	6.093525	-1.502173	-0.615527	-0.370823	0.695425	0.590241	-0.801620	0.094979	0.522246	0.468931	0.712294
24888	13.014060	4.932177	11.152035	0.242369	6.025555	-1.766215	-0.656518	-0.384102	0.649192	0.579718	-0.807567	0.108455	0.482608	0.447551	0.752853
24889	14.016998	5.440678	11.486016	0.130867	5.913551	-1.984196	-0.695249	-0.393786	0.601299	0.566870	-0.814743	0.121872	0.441913	0.425590	0.789675
24890	15.032193	5.536320	11.983184	-0.036792	5.749219	-2.148365	-0.731845	-0.399782	0.551885	0.550895	-0.823780	0.133791	0.401144	0.401945	0.823118
24891	16.774030	4.358295	12.010378	-0.146100	5.580039	-2.302991	-0.765587	-0.402428	0.501925	0.533052	-0.833618	0.144697	0.360183	0.378330	0.852722
24892	17.959224	2.601198	11.136988	-0.025692	5.393647	-2.446755	-0.796991	-0.401468	0.451252	0.513387	-0.843865	0.155967	0.318180	0.355971	0.878661
24893	18.974525	2.358711	10.432844	0.201794	5.138231	-2.481006	-0.824756	-0.398182	0.401532	0.493824	-0.853114	0.168330	0.275526	0.337117	0.900243
24894	19.851623	2.241047	9.697952	0.358150	4.904750	-2.375682	-0.848976	-0.393668	0.352512	0.474426	-0.861617	0.180377	0.232722	0.320377	0.918259
24895	19.890609	1.019828	8.985799	0.444361	4.732829	-2.196052	-0.869217	-0.389441	0.304626	0.456456	-0.868851	0.191689	0.190023	0.305668	0.932984
24896	19.061568	-1.281627	8.003876	0.604370	4.564938	-2.018381	-0.886157	-0.385228	0.257535	0.439379	-0.875092	0.202878	0.147212	0.292937	0.944731
24897	18.376687	-1.728463	7.115967	0.908393	4.339519	-1.799975	-0.899410	-0.381921	0.212600	0.424413	-0.879400	0.215708	0.104577	0.284240	0.953033
24898	18.240056	1.231872	6.239672	0.892797	4.060010	-1.445002	-0.909040	-0.380291	0.170370	0.411750	-0.882610	0.226851	0.064101	0.276367	0.958912
24899	17.957818	3.276937	4.967119	0.381007	3.705635	-1.042396	-0.915018	-0.381077	0.132369	0.402384	-0.885570	0.232065	0.028787	0.265606	0.963652
24900	18.036273	2.721021	3.241393	-0.205550	3.274485	-0.691595	-0.918368	-0.383153	0.098963	0.395727	-0.888908	0.230742	-0.000440	0.251068	0.967969
24901	18.345829	0.041635	0.928757	-0.399742	2.807616	-0.410648	-0.919648	-0.386306	0.070815	0.391970	-0.891486	0.227183	-0.024632	0.236686	0.971274
24902	18.152324	-2.349456	-1.388231	0.036418	2.310238	-0.170428	-0.919592	-0.389953	0.047835	0.390168	-0.892188	0.227529	-0.046047	0.227897	0.972596
24903	17.580422	-1.834520	-2.685204	0.648108	1.755155	-0.015370	-0.918696	-0.393767	0.030753	0.389636	-0.890798	0.233803	-0.064669	0.226776	0.971798
24904	16.653638	0.044771	-3.269002	0.960119	1.157188	0.048263	-0.917748	-0.396682	0.019532	0.389217	-0.888510	0.243022	-0.079048	0.230635	0.969824
24905	15.643270	1.977422	-2.745472	0.789578	0.513768	0.008718	-0.917305	-0.397918	0.014592	0.388611	-0.886658	0.250637	-0.086795	0.235581	0.967971
24906	15.478094	2.994359	-1.568823	0.281732	-0.077504	-0.120925	-0.917886	-0.396561	0.014975	0.387148	-0.886534	0.253324	-0.087183	0.238321	0.967265
24907	14.893575	2.582313	-0.212069	-0.287961	-0.502441	-0.286501	-0.919432	-0.392783	0.019131	0.384728	-0.888374	0.250553	-0.081418	0.237727	0.967914
24908	13.432445	1.020007	0.637212	-0.620105	-0.844865	-0.430906	-0.921744	-0.386911	0.026223	0.381194	-0.891544	0.244625	-0.071269	0.235478	0.969263
24909	11.677937	-0.254606	1.267773	-0.613421	-1.208444	-0.502532	-0.924444	-0.379543	0.036745	0.376918	-0.894934	0.238801	-0.057751	0.234608	0.970373
24910	4.154990	-0.196393	4.773142	-0.424633	-1.404599	-0.475885	-0.926937	-0.371970	0.049254	0.372727	-0.897722	0.234884	-0.043153	0.236081	0.970775
24911	1.225143	2.339519	8.880557	-0.267527	-3.038035	-0.610474	-0.930077	-0.359135	0.077319	0.367100	-0.900619	0.232643	-0.013915	0.244760	0.969484
24912	-11.347225	4.257498	10.840756	-1.512563	-2.840147	0.313600	-0.928862	-0.355060	0.105581	0.369985	-0.903174	0.217688	0.018065	0.241266	0.970291
24913	-1.661835	3.478827	10.381092	-1.942761	-3.164169	1.151071	-0.923407	-0.357886	0.138696	0.379904	-0.903719	0.197398	0.054697	0.234970	0.970463
24914	2.811232	-6.556345	10.670144	-1.981676	-3.894998	1.532853	-0.914515	-0.362643	0.179310	0.392464	-0.902820	0.175752	0.098149	0.231100	0.967967
24915	7.520553	-7.257674	12.098224	-0.669871	-3.771992	1.122683	-0.905666	-0.363864	0.217650	0.401863	-0.900337	0.167032	0.135181	0.238741	0.961628
