// General information: 
//  MT Manager version: 2022.2.0 
//  XDA version: 2022.2.0 build 7381 rev 124627 built on 2023-07-19
// Device information: 
//  DeviceId: 00B4CB9F
//  ProductCode: MTW2-3A7G6
//  Firmware Version: 4.6.0
//  Hardware Version: 2.0.0
// Device settings: 
//  Filter Profile: human(46.1)
//  Option Flags: Orientation Smoother Disabled, Position/Velocity Smoother Disabled, Continuous Zero Rotation Update Disabled, AHS Disabled, ICC Disabled
// Coordinate system: ENU
PacketCounter	Acc_X	Acc_Y	Acc_Z	Gyr_X	Gyr_Y	Gyr_Z	Mat[1][1]	Mat[2][1]	Mat[3][1]	Mat[1][2]	Mat[2][2]	Mat[3][2]	Mat[1][3]	Mat[2][3]	Mat[3][3]
64254	9.636925	1.031764	1.074070	0.011041	-0.035604	-0.014687	-0.137331	-0.028565	0.990113	0.683083	-0.726604	0.073783	0.717313	0.686462	0.119297
64255	9.652527	1.018858	1.120908	-0.012768	-0.037089	-0.018614	-0.137174	-0.028045	0.990150	0.682850	-0.726799	0.074015	0.717564	0.686277	0.118848
64256	9.613715	0.994726	1.145382	-0.041898	-0.048652	-0.014705	-0.136849	-0.027621	0.990207	0.682557	-0.727071	0.074050	0.717905	0.686006	0.118352
64257	9.625109	0.952631	1.243866	-0.060046	-0.048593	-0.018618	-0.136575	-0.027025	0.990261	0.682043	-0.727537	0.074211	0.718446	0.685536	0.117795
64258	9.633120	0.995255	1.308971	-0.080729	-0.046277	-0.019044	-0.136296	-0.026586	0.990311	0.681464	-0.728076	0.074244	0.719048	0.684981	0.117352
64259	9.666180	0.985123	1.257225	-0.085190	-0.031380	-0.019984	-0.136297	-0.025985	0.990327	0.680497	-0.728951	0.074529	0.719963	0.684072	0.117037
64260	9.637757	0.914565	1.362001	-0.098762	-0.024779	-0.022975	-0.136200	-0.025665	0.990349	0.679781	-0.729614	0.074580	0.720658	0.683378	0.116820
64261	9.582570	0.902229	1.314833	-0.094137	-0.013560	-0.027200	-0.136286	-0.025169	0.990350	0.678864	-0.730438	0.074857	0.721505	0.682515	0.116635
64262	9.621717	0.832044	1.198366	-0.071194	-0.004580	-0.033483	-0.136405	-0.024910	0.990340	0.678331	-0.730914	0.075045	0.721984	0.682015	0.116597
64263	9.622444	0.739343	1.134733	-0.052768	-0.001777	-0.030963	-0.136577	-0.024587	0.990324	0.677852	-0.731330	0.075327	0.722402	0.681581	0.116549
64264	9.682076	0.686132	1.041020	-0.039196	0.003552	-0.022586	-0.136681	-0.024462	0.990313	0.677564	-0.731584	0.075445	0.722652	0.681312	0.116568
64265	9.654489	0.632155	0.974280	-0.014424	0.002325	-0.013687	-0.136862	-0.024104	0.990297	0.676964	-0.732109	0.075739	0.723179	0.680761	0.116515
64266	9.667056	0.705536	1.015008	0.008464	-0.014259	-0.000276	-0.136686	-0.024020	0.990323	0.677051	-0.732034	0.075692	0.723132	0.680845	0.116322
64267	9.665679	0.797965	1.052074	0.028857	-0.035870	0.006107	-0.136296	-0.023757	0.990383	0.677338	-0.731771	0.075661	0.722936	0.681136	0.115829
64268	9.602754	0.937861	1.108560	0.029298	-0.051496	0.008249	-0.135793	-0.023483	0.990459	0.677586	-0.731552	0.075553	0.722798	0.681381	0.115251
64269	9.621752	1.044000	1.139931	0.013348	-0.073084	0.006901	-0.135335	-0.022880	0.990536	0.677599	-0.731527	0.075681	0.722872	0.681428	0.114505
64270	9.621820	1.138604	1.196414	-0.026199	-0.081603	0.000864	-0.134664	-0.022346	0.990639	0.677436	-0.731688	0.075584	0.723150	0.681273	0.113670
64271	9.629851	1.177443	1.233616	-0.072886	-0.089994	-0.012526	-0.134302	-0.021604	0.990705	0.677201	-0.731879	0.075843	0.723438	0.681092	0.112923
64272	9.616574	1.197855	1.224007	-0.114199	-0.099714	-0.024512	-0.133672	-0.020761	0.990808	0.676366	-0.732645	0.075899	0.724334	0.680295	0.111976
64273	9.614221	1.172454	1.292212	-0.169875	-0.106631	-0.035528	-0.133127	-0.019633	0.990905	0.674996	-0.733881	0.076144	0.725712	0.678994	0.110951
64274	9.584153	1.091993	1.293402	-0.212478	-0.104648	-0.045630	-0.132600	-0.018603	0.990995	0.673417	-0.735315	0.076303	0.727274	0.677470	0.110031
64275	9.623744	1.005334	1.342711	-0.253106	-0.094096	-0.056113	-0.132172	-0.017531	0.991072	0.671592	-0.736958	0.076529	0.729037	0.675711	0.109179
64276	9.642755	0.902168	1.370099	-0.275702	-0.093232	-0.057327	-0.131802	-0.016494	0.991139	0.669528	-0.738812	0.076739	0.731000	0.673710	0.108421
64277	9.651656	0.733272	1.428724	-0.291734	-0.077261	-0.062924	-0.131789	-0.015589	0.991155	0.667956	-0.740189	0.077173	0.732439	0.672219	0.107961
64278	9.698365	0.588691	1.435445	-0.296730	-0.061088	-0.072069	-0.131748	-0.014661	0.991175	0.665710	-0.742175	0.077509	0.734488	0.670046	0.107540
64279	9.659078	0.467040	1.345509	-0.271204	-0.053899	-0.067267	-0.131773	-0.013740	0.991185	0.663719	-0.743912	0.077926	0.736283	0.668136	0.107147
64280	9.634251	0.422066	1.346771	-0.235781	-0.046354	-0.069794	-0.131821	-0.012927	0.991189	0.661914	-0.745478	0.078307	0.737898	0.666404	0.106826
64281	9.682099	0.398686	1.318950	-0.196191	-0.049599	-0.069412	-0.131893	-0.012052	0.991191	0.660511	-0.746668	0.078812	0.739141	0.665088	0.106440
64282	9.700248	0.317878	1.173799	-0.164963	-0.050188	-0.064390	-0.131873	-0.011253	0.991203	0.659231	-0.747756	0.079217	0.740286	0.663878	0.106028
64283	9.682504	0.334520	1.071273	-0.124672	-0.047259	-0.062010	-0.132079	-0.010594	0.991183	0.658918	-0.747969	0.079809	0.740528	0.663649	0.105772
64284	9.678185	0.425247	1.035808	-0.082578	-0.055046	-0.061585	-0.132005	-0.009784	0.991201	0.658250	-0.748507	0.080275	0.741135	0.663055	0.105247
64285	9.705499	0.482437	1.074126	-0.055640	-0.068789	-0.060906	-0.131863	-0.008769	0.991229	0.657530	-0.749079	0.080844	0.741800	0.662423	0.104542
64286	9.704487	0.604014	0.985383	-0.027489	-0.070622	-0.058392	-0.131651	-0.007880	0.991265	0.657274	-0.749250	0.081337	0.742064	0.662241	0.103819
64287	9.684253	0.688462	1.046987	-0.020399	-0.073354	-0.061880	-0.131315	-0.006947	0.991316	0.657153	-0.749306	0.081798	0.742231	0.662187	0.102960
64288	9.675436	0.747989	1.036091	-0.028759	-0.080274	-0.063932	-0.131066	-0.005953	0.991356	0.656880	-0.749485	0.082345	0.742516	0.661995	0.102143
64289	9.716061	0.784343	1.049765	-0.032472	-0.066119	-0.063364	-0.131032	-0.005093	0.991365	0.656848	-0.749445	0.082968	0.742551	0.662047	0.101547
64290	9.706952	0.844091	1.040243	-0.052813	-0.063220	-0.070690	-0.130955	-0.004161	0.991380	0.656388	-0.749782	0.083557	0.742971	0.661672	0.100919
64291	9.672877	0.855688	1.035886	-0.073029	-0.060104	-0.073168	-0.130825	-0.003192	0.991400	0.655668	-0.750351	0.084106	0.743629	0.661032	0.100258
64292	9.702885	0.824796	1.056581	-0.103693	-0.063241	-0.082553	-0.130823	-0.002171	0.991403	0.654814	-0.751022	0.084763	0.744382	0.660273	0.099673
64293	9.702805	0.737523	0.959729	-0.120084	-0.071649	-0.094130	-0.130765	-0.000999	0.991413	0.653779	-0.751842	0.085474	0.745301	0.659342	0.098968
64294	9.682125	0.729724	0.930644	-0.122805	-0.084170	-0.101924	-0.130731	0.000305	0.991418	0.652756	-0.752636	0.086306	0.746203	0.658437	0.098194
64295	9.667647	0.758304	0.922168	-0.124965	-0.095608	-0.107343	-0.130716	0.001633	0.991418	0.652085	-0.753112	0.087217	0.746792	0.657890	0.097379
64296	9.658139	0.821584	0.910310	-0.122785	-0.103204	-0.115376	-0.130625	0.003164	0.991427	0.651043	-0.753901	0.088184	0.747716	0.656981	0.096418
64297	9.659278	0.833424	0.925638	-0.119567	-0.103985	-0.118890	-0.130443	0.004693	0.991445	0.650140	-0.754571	0.089110	0.748533	0.656202	0.095377
64298	9.732388	0.868008	0.911609	-0.115150	-0.099979	-0.121425	-0.130411	0.006249	0.991440	0.649146	-0.755303	0.090147	0.749401	0.655346	0.094443
64299	9.799255	0.867013	0.876521	-0.124919	-0.085820	-0.117053	-0.130473	0.007818	0.991421	0.647584	-0.756518	0.091189	0.750741	0.653926	0.093643
64300	9.725699	0.881506	0.775110	-0.126862	-0.077497	-0.125764	-0.130632	0.009258	0.991388	0.646493	-0.757321	0.092259	0.751653	0.652978	0.092945
64301	9.736127	0.868856	0.695964	-0.107390	-0.079588	-0.126980	-0.130608	0.010805	0.991375	0.645111	-0.758377	0.093255	0.752844	0.651727	0.092080
64302	9.729243	0.873075	0.567396	-0.109505	-0.081402	-0.127999	-0.130747	0.012288	0.991340	0.644145	-0.759060	0.094365	0.753646	0.650905	0.091329
64303	9.740775	0.862315	0.511960	-0.115367	-0.086011	-0.124027	-0.130924	0.013841	0.991296	0.643027	-0.759861	0.095536	0.754569	0.649938	0.090584
64304	9.689940	0.896330	0.481262	-0.112148	-0.089372	-0.119009	-0.130941	0.015308	0.991272	0.642052	-0.760557	0.096557	0.755397	0.649091	0.089759
64305	9.685073	0.996215	0.492903	-0.109875	-0.094651	-0.113906	-0.130855	0.016866	0.991258	0.640820	-0.761468	0.097551	0.756457	0.647983	0.088834
64306	9.751079	1.089547	0.549546	-0.119105	-0.103388	-0.120555	-0.130772	0.018436	0.991241	0.639788	-0.762203	0.098582	0.757344	0.647076	0.087879
64307	9.707562	1.190467	0.489688	-0.136899	-0.095404	-0.125358	-0.130932	0.020030	0.991189	0.638767	-0.762901	0.099795	0.758178	0.646205	0.087094
64308	9.694410	1.224423	0.530318	-0.158682	-0.102649	-0.135455	-0.130946	0.021708	0.991152	0.637412	-0.763882	0.100942	0.759315	0.644990	0.086190
64309	9.736453	1.177919	0.498360	-0.200813	-0.109565	-0.148804	-0.130905	0.023568	0.991115	0.635586	-0.765243	0.102144	0.760851	0.643310	0.085195
64310	9.696640	1.161906	0.494101	-0.222568	-0.107152	-0.154360	-0.130996	0.025420	0.991057	0.633716	-0.766620	0.103427	0.762393	0.641597	0.084315
64311	9.708903	1.124739	0.537072	-0.237835	-0.106318	-0.157515	-0.131207	0.027415	0.990976	0.631445	-0.768298	0.104859	0.764239	0.639505	0.083495
64312	9.681224	1.087291	0.484799	-0.262095	-0.101899	-0.156989	-0.131345	0.029255	0.990905	0.629261	-0.769912	0.106139	0.766015	0.637479	0.082715
64313	9.658122	1.052846	0.506011	-0.280591	-0.098146	-0.152893	-0.131406	0.031281	0.990835	0.626148	-0.772269	0.107422	0.768551	0.634525	0.081895
64314	9.726965	1.058495	0.519966	-0.305049	-0.099209	-0.149649	-0.131506	0.033048	0.990764	0.623631	-0.774139	0.108598	0.770578	0.632152	0.081194
64315	9.782966	0.993025	0.464441	-0.307087	-0.088423	-0.154478	-0.131861	0.034976	0.990651	0.620725	-0.776269	0.110029	0.772860	0.629431	0.080649
64316	9.769706	0.903929	0.463500	-0.308873	-0.082268	-0.154337	-0.132109	0.036673	0.990557	0.618158	-0.778141	0.111252	0.774873	0.627018	0.080129
64317	9.716904	0.784086	0.441555	-0.306125	-0.078821	-0.160210	-0.132458	0.038502	0.990441	0.615420	-0.780111	0.112630	0.776990	0.624456	0.079637
64318	9.694604	0.749979	0.462657	-0.297420	-0.097645	-0.167942	-0.132659	0.040403	0.990338	0.612910	-0.781886	0.114000	0.778937	0.622111	0.078961
64319	9.715427	0.690450	0.381282	-0.297274	-0.122271	-0.166905	-0.132825	0.042514	0.990227	0.610501	-0.783544	0.115530	0.780799	0.619880	0.078119
64320	9.702147	0.791529	0.296230	-0.275860	-0.135147	-0.165636	-0.132707	0.044630	0.990150	0.608151	-0.785167	0.116899	0.782650	0.617674	0.077055
64321	9.673916	1.002001	0.331735	-0.274387	-0.144830	-0.161527	-0.132429	0.046820	0.990086	0.605747	-0.786824	0.118229	0.784559	0.615398	0.075837
64322	9.660242	1.159743	0.415817	-0.284654	-0.165889	-0.167529	-0.132067	0.049139	0.990022	0.603316	-0.788481	0.119617	0.786491	0.613093	0.074486
64323	9.647332	1.262198	0.352925	-0.293188	-0.183031	-0.178444	-0.132127	0.051655	0.989886	0.601389	-0.789667	0.121479	0.787955	0.611357	0.073272
64324	9.632077	1.331711	0.314456	-0.297948	-0.192589	-0.184857	-0.131647	0.054272	0.989810	0.598821	-0.791376	0.123037	0.789989	0.608916	0.071683
64325	9.602141	1.298670	0.228661	-0.315326	-0.203220	-0.195549	-0.131284	0.057282	0.989688	0.595460	-0.793613	0.124922	0.792586	0.605720	0.070080
64326	9.635932	1.157179	0.211523	-0.355029	-0.205920	-0.200728	-0.130772	0.060101	0.989589	0.592405	-0.795630	0.126607	0.794956	0.602794	0.068442
64327	9.689068	1.031472	0.192058	-0.389348	-0.202901	-0.198933	-0.130365	0.063070	0.989458	0.588660	-0.798113	0.128432	0.797799	0.599198	0.066919
64328	9.665577	0.896474	0.300321	-0.423913	-0.210997	-0.192004	-0.129737	0.065846	0.989360	0.585048	-0.800512	0.129996	0.800554	0.595688	0.065333
64329	9.679809	0.825145	0.355002	-0.443065	-0.222539	-0.178404	-0.129065	0.068667	0.989256	0.581262	-0.803008	0.131574	0.803415	0.591999	0.063727
64330	9.742756	0.851221	0.454739	-0.434611	-0.211501	-0.159244	-0.128217	0.071175	0.989189	0.577585	-0.805453	0.132821	0.806199	0.588370	0.062163
64331	9.693205	0.937159	0.590409	-0.418799	-0.209520	-0.147504	-0.127447	0.073766	0.989098	0.573602	-0.808071	0.134175	0.809159	0.584449	0.060674
64332	9.735183	1.099241	0.696018	-0.386337	-0.195672	-0.128487	-0.126528	0.075926	0.989053	0.570332	-0.810218	0.135159	0.811611	0.581190	0.059212
64333	9.653105	1.338491	0.891404	-0.373816	-0.167167	-0.120663	-0.125633	0.078259	0.988985	0.565670	-0.813304	0.136215	0.815006	0.576552	0.057909
64334	9.609557	1.677045	1.041143	-0.374075	-0.142452	-0.118104	-0.125068	0.080019	0.988916	0.562492	-0.815354	0.137113	0.817288	0.573406	0.056965
64335	9.663457	2.007209	1.136761	-0.389428	-0.128668	-0.124126	-0.124878	0.081851	0.988790	0.559299	-0.817349	0.138295	0.819506	0.570300	0.056290
64336	9.851012	2.326600	1.199320	-0.409279	-0.096480	-0.128768	-0.124737	0.083432	0.988676	0.555803	-0.819563	0.139284	0.821903	0.566883	0.055858
64337	9.852904	2.475397	1.133315	-0.421658	-0.041448	-0.145761	-0.125422	0.084843	0.988469	0.552642	-0.821468	0.140631	0.823927	0.563908	0.056142
64338	9.693554	2.445584	1.178132	-0.422056	-0.039378	-0.169079	-0.125962	0.086434	0.988262	0.548970	-0.823690	0.142011	0.826296	0.560414	0.056304
64339	9.644839	2.358276	1.159568	-0.396416	-0.044041	-0.182032	-0.126588	0.088272	0.988020	0.545293	-0.825846	0.143647	0.828632	0.556944	0.056408
64340	9.669989	2.146546	1.102189	-0.357004	-0.025329	-0.184000	-0.127312	0.089912	0.987779	0.542120	-0.827659	0.145210	0.830601	0.553982	0.056628
64341	9.635888	1.925401	0.975470	-0.290535	-0.012380	-0.166340	-0.128004	0.091616	0.987533	0.538569	-0.829698	0.146782	0.832801	0.550644	0.056863
64342	9.636919	1.665285	0.866629	-0.186948	0.009842	-0.135664	-0.128749	0.092666	0.987338	0.536859	-0.830596	0.147962	0.833790	0.549112	0.057189
64343	9.644164	1.471856	0.760276	-0.060496	0.031209	-0.093493	-0.129630	0.093353	0.987158	0.536273	-0.830791	0.148987	0.834031	0.548700	0.057633
64344	9.636592	1.365629	0.610526	0.074803	0.039108	-0.057927	-0.130201	0.093598	0.987060	0.536843	-0.830322	0.149549	0.833575	0.549368	0.057862
64345	9.631130	1.408154	0.540992	0.214201	0.036412	-0.011893	-0.130623	0.093629	0.987001	0.538324	-0.829297	0.149912	0.832553	0.550909	0.057923
64346	9.608134	1.538231	0.402143	0.356669	0.042443	0.019961	-0.130803	0.093208	0.987017	0.541337	-0.827341	0.149869	0.830569	0.553913	0.057761
64347	9.563704	1.732765	0.339008	0.452501	0.024936	0.047783	-0.130684	0.092805	0.987071	0.544770	-0.825115	0.149703	0.828340	0.557290	0.057272
64348	9.549279	1.889170	0.241678	0.517240	-0.001816	0.063513	-0.130255	0.092272	0.987178	0.549151	-0.822276	0.149317	0.825510	0.561558	0.056435
64349	9.574242	2.004023	0.208452	0.530483	-0.015635	0.072927	-0.129714	0.091790	0.987294	0.553656	-0.819323	0.148914	0.822581	0.565937	0.055457
64350	9.522163	2.103958	0.278010	0.499446	-0.034305	0.074233	-0.128953	0.091359	0.987433	0.557874	-0.816550	0.148403	0.819846	0.570000	0.054330
64351	9.522719	2.147610	0.387996	0.437158	-0.056658	0.078427	-0.127952	0.091104	0.987587	0.561402	-0.814229	0.147847	0.817592	0.573351	0.053036
64352	9.552870	2.155020	0.469055	0.369146	-0.068549	0.086278	-0.126840	0.090778	0.987761	0.564547	-0.812181	0.147136	0.815597	0.576300	0.051769
64353	9.553900	2.164153	0.602449	0.283653	-0.083329	0.081914	-0.125673	0.090599	0.987926	0.567140	-0.810492	0.146473	0.813977	0.578701	0.050475
64354	9.507969	2.074067	0.690264	0.193713	-0.097672	0.080059	-0.124358	0.090499	0.988102	0.568836	-0.809438	0.145726	0.812995	0.580190	0.049181
64355	9.559857	1.976838	0.719806	0.119752	-0.108135	0.077221	-0.122962	0.090543	0.988272	0.569912	-0.808809	0.145010	0.812454	0.581059	0.047851
64356	9.637902	1.929006	0.797480	0.051580	-0.108374	0.072700	-0.121600	0.090567	0.988439	0.570440	-0.808571	0.144263	0.812288	0.581387	0.046659
64357	9.631544	1.870545	0.909301	-0.011742	-0.112945	0.063234	-0.120280	0.090729	0.988585	0.570526	-0.808623	0.143628	0.812424	0.581289	0.045498
64358	9.661908	1.809628	1.043095	-0.083455	-0.106332	0.045755	-0.119088	0.090959	0.988709	0.569922	-0.809145	0.143086	0.813023	0.580527	0.044520
64359	9.713653	1.834335	1.153248	-0.141696	-0.096771	0.032293	-0.118075	0.091275	0.988801	0.568909	-0.809926	0.142698	0.813880	0.579387	0.043704
64360	9.786064	1.824349	1.164907	-0.186894	-0.070990	0.011940	-0.117362	0.091571	0.988858	0.567421	-0.811013	0.142446	0.815021	0.577817	0.043223
64361	9.799476	1.733997	1.184366	-0.227788	-0.045841	-0.010953	-0.116959	0.091983	0.988868	0.565489	-0.812361	0.142448	0.816420	0.575855	0.042998
64362	9.751449	1.598805	1.163100	-0.245497	-0.014861	-0.029264	-0.116937	0.092288	0.988842	0.563469	-0.813741	0.142580	0.817819	0.573855	0.043155
64363	9.755667	1.478270	1.138294	-0.224851	0.005462	-0.040155	-0.117129	0.092623	0.988788	0.561604	-0.814978	0.142867	0.819074	0.572041	0.043440
64364	9.704462	1.381408	1.071814	-0.183611	0.022935	-0.042745	-0.117490	0.092822	0.988727	0.560069	-0.815983	0.143158	0.820073	0.570575	0.043883
64365	9.730348	1.502693	1.077382	-0.113687	0.039366	-0.035194	-0.117950	0.092910	0.988663	0.559149	-0.816563	0.143445	0.820634	0.569730	0.044363
64366	9.785246	1.643670	0.859984	-0.019397	0.056938	-0.026782	-0.118501	0.092786	0.988609	0.558978	-0.816644	0.143649	0.820671	0.569634	0.044908
64367	9.845736	1.853670	0.644718	0.080705	0.084774	-0.019990	-0.119252	0.092485	0.988547	0.559688	-0.816119	0.143871	0.820078	0.570435	0.045561
64368	9.779754	1.986989	0.441379	0.165172	0.108356	-0.022834	-0.120202	0.092034	0.988474	0.561035	-0.815150	0.144120	0.819019	0.571892	0.046348
64369	9.718883	1.964170	0.232107	0.240269	0.099021	-0.028208	-0.121127	0.091708	0.988391	0.563053	-0.813690	0.144501	0.817496	0.574020	0.046924
64370	9.747492	1.880966	0.083882	0.289695	0.093002	-0.030802	-0.121994	0.091406	0.988313	0.565402	-0.811990	0.144890	0.815744	0.576469	0.047377
64371	9.779005	1.796131	-0.040745	0.335030	0.092097	-0.021211	-0.122810	0.091068	0.988243	0.568187	-0.809979	0.145250	0.813684	0.579345	0.047730
64372	9.737966	1.629818	-0.306408	0.376982	0.096903	-0.012583	-0.123602	0.090590	0.988188	0.571255	-0.807772	0.145503	0.811412	0.582492	0.048093
64373	9.609284	1.396584	-0.366752	0.429555	0.099780	0.011100	-0.124302	0.089929	0.988161	0.574872	-0.805186	0.145591	0.808747	0.586163	0.048388
64374	9.503801	1.261791	-0.280843	0.471522	0.085560	0.051280	-0.124630	0.088997	0.988204	0.578763	-0.802454	0.145261	0.805916	0.590040	0.048502
64375	9.486146	1.359046	-0.204504	0.501761	0.055436	0.099701	-0.124440	0.087900	0.988326	0.582995	-0.799521	0.144513	0.802890	0.594172	0.048247
64376	9.532293	1.534634	-0.089110	0.509768	0.037124	0.143191	-0.123833	0.086520	0.988524	0.587278	-0.796600	0.143291	0.799856	0.598282	0.047834
64377	9.507570	1.767604	0.127692	0.494951	0.020749	0.165197	-0.122967	0.085118	0.988754	0.591487	-0.793732	0.141890	0.796883	0.602283	0.047256
64378	9.423314	1.953683	0.298663	0.450550	0.006568	0.170644	-0.121939	0.083711	0.989001	0.595301	-0.791148	0.140362	0.794197	0.605869	0.046639
64379	9.371819	1.960548	0.245797	0.375997	-0.024040	0.154000	-0.120755	0.082695	0.989232	0.598496	-0.788973	0.139013	0.791973	0.608838	0.045780
64380	9.525956	1.849604	0.272508	0.261198	-0.039525	0.120645	-0.119652	0.081971	0.989426	0.600728	-0.787473	0.137886	0.790449	0.610874	0.044980
64381	9.634800	1.573107	0.359111	0.137730	-0.018131	0.095802	-0.118876	0.081374	0.989569	0.601940	-0.786701	0.137002	0.789644	0.611947	0.044538
64382	9.659983	1.391102	0.407281	0.048222	0.001319	0.077720	-0.118351	0.080740	0.989684	0.602433	-0.786463	0.136203	0.789347	0.612338	0.044438
64383	9.710093	1.328428	0.428329	-0.004764	0.008947	0.066717	-0.117974	0.080195	0.989773	0.602509	-0.786518	0.135542	0.789344	0.612338	0.044470
64384	9.719130	1.302371	0.355652	-0.056238	0.010296	0.048695	-0.117695	0.079735	0.989844	0.602143	-0.786895	0.134983	0.789666	0.611914	0.044602
64385	9.690598	1.246650	0.288503	-0.099566	0.021117	0.033582	-0.117609	0.079378	0.989883	0.601446	-0.787492	0.134607	0.790209	0.611192	0.044874
64386	9.706503	1.224076	0.291559	-0.140389	0.035478	0.037362	-0.117597	0.078852	0.989926	0.600400	-0.788372	0.134122	0.791006	0.610124	0.045367
64387	9.699937	1.308182	0.321206	-0.188107	0.046180	0.032073	-0.117739	0.078333	0.989950	0.599032	-0.789481	0.133716	0.792021	0.608756	0.046029
64388	9.693343	1.392135	0.353194	-0.212428	0.067685	0.036185	-0.117992	0.077622	0.989976	0.597411	-0.790794	0.133208	0.793207	0.607140	0.046936
64389	9.635251	1.442255	0.245081	-0.224110	0.067450	0.044010	-0.118203	0.076913	0.990006	0.595693	-0.792180	0.132668	0.794467	0.605422	0.047822
64390	9.670010	1.433865	0.250711	-0.219507	0.051095	0.051561	-0.118236	0.076180	0.990059	0.594029	-0.793540	0.132000	0.795707	0.603731	0.048571
64391	9.676192	1.462680	0.282379	-0.215252	0.049511	0.056307	-0.118244	0.075467	0.990113	0.592455	-0.794826	0.131336	0.796879	0.602126	0.049272
64392	9.678353	1.422485	0.338421	-0.183521	0.032947	0.058968	-0.118090	0.074785	0.990183	0.591081	-0.795967	0.130610	0.797921	0.600702	0.049792
64393	9.578452	1.322936	0.475441	-0.134454	0.009110	0.071694	-0.117678	0.074204	0.990276	0.590137	-0.796794	0.129834	0.798680	0.599677	0.049974
64394	9.699391	1.339668	0.612302	-0.079039	-0.012064	0.091166	-0.116976	0.073535	0.990409	0.589633	-0.797329	0.128840	0.799155	0.599049	0.049910
64395	9.744735	1.258054	0.779142	-0.027157	-0.020466	0.110465	-0.116111	0.072808	0.990564	0.589615	-0.797520	0.127732	0.799295	0.598883	0.049673
64396	9.691970	1.253470	0.929804	0.029423	-0.014067	0.131574	-0.115156	0.071828	0.990747	0.590023	-0.797432	0.126392	0.799132	0.599118	0.049449
64397	9.637169	1.247714	1.055394	0.092574	-0.021263	0.149143	-0.114048	0.070797	0.990949	0.591036	-0.796908	0.124956	0.798542	0.599938	0.049042
64398	9.601275	1.310991	1.300068	0.160767	-0.027213	0.159328	-0.112821	0.069677	0.991169	0.592520	-0.796047	0.123404	0.797616	0.601211	0.048526
64399	9.608291	1.352495	1.466078	0.212527	-0.024007	0.159358	-0.111627	0.068585	0.991381	0.594481	-0.794813	0.121923	0.796324	0.602967	0.047950
64400	9.610746	1.462943	1.509369	0.244274	-0.010071	0.158891	-0.110533	0.067369	0.991586	0.596621	-0.793438	0.120413	0.794875	0.604911	0.047508
64401	9.505894	1.517224	1.588538	0.257274	0.000929	0.145025	-0.109624	0.066232	0.991764	0.598958	-0.791876	0.119088	0.793241	0.607080	0.047139
64402	9.583712	1.623630	1.699655	0.207081	0.016852	0.137442	-0.108866	0.065027	0.991927	0.600770	-0.790699	0.117771	0.791974	0.608741	0.047014
64403	9.549556	1.739611	1.725407	0.148773	0.035159	0.137238	-0.108251	0.063763	0.992077	0.602206	-0.789799	0.116472	0.790967	0.610043	0.047098
64404	9.558881	1.852770	1.847368	0.064604	0.045526	0.126357	-0.107783	0.062474	0.992210	0.602874	-0.789476	0.115198	0.790523	0.610594	0.047428
64405	9.635553	2.046173	2.038760	-0.035200	0.077600	0.122623	-0.107625	0.061027	0.992317	0.602920	-0.789622	0.113953	0.790509	0.610551	0.048188
64406	9.667076	2.172553	2.218217	-0.179771	0.142204	0.107899	-0.108032	0.059293	0.992378	0.601634	-0.790775	0.112743	0.791432	0.609228	0.049756
64407	9.580558	2.171984	2.445222	-0.326236	0.224063	0.078573	-0.109301	0.057305	0.992356	0.599345	-0.792647	0.111786	0.792994	0.606981	0.052292
64408	9.579226	2.191102	2.478268	-0.488485	0.294811	0.029090	-0.111401	0.055276	0.992237	0.595518	-0.795611	0.111182	0.795581	0.603281	0.055715
64409	9.672953	1.847975	2.122507	-0.590292	0.386361	-0.020505	-0.114581	0.053097	0.991994	0.591037	-0.798966	0.111033	0.798465	0.599027	0.060165
64410	9.645041	1.386540	1.733383	-0.655972	0.452701	-0.063242	-0.118509	0.050888	0.991648	0.585736	-0.802838	0.111198	0.801791	0.594022	0.065337
64411	9.595266	0.934510	1.468680	-0.696563	0.498316	-0.070198	-0.122906	0.048476	0.991234	0.580282	-0.806760	0.111405	0.805088	0.588887	0.071025
64412	9.449535	0.531973	1.209576	-0.678323	0.538078	-0.063599	-0.127547	0.045820	0.990774	0.574752	-0.810698	0.111483	0.808327	0.583668	0.077067
64413	9.259340	0.203615	1.146355	-0.593264	0.545697	-0.035400	-0.132152	0.042883	0.990301	0.570227	-0.813907	0.111340	0.810788	0.579411	0.083106
64414	9.252322	0.078164	1.120385	-0.476365	0.530183	0.021404	-0.136268	0.039630	0.989879	0.566412	-0.816658	0.110668	0.812778	0.575760	0.088837
64415	9.332212	-0.042668	1.062565	-0.335833	0.513196	0.091500	-0.139901	0.035883	0.989515	0.564125	-0.818405	0.109436	0.813751	0.573521	0.094253
64416	9.565539	-0.045342	0.998327	-0.202748	0.464821	0.143683	-0.142809	0.032027	0.989232	0.562701	-0.819606	0.107768	0.814232	0.572032	0.099025
64417	9.951212	0.033935	0.976945	-0.060757	0.420560	0.190759	-0.145128	0.028033	0.989016	0.562589	-0.819940	0.105795	0.813899	0.571763	0.103225
64418	10.473747	0.213238	1.003669	0.010658	0.417326	0.224975	-0.147191	0.023785	0.988822	0.563028	-0.819927	0.103532	0.813225	0.571974	0.107295
64419	10.872299	0.230826	0.983469	0.100780	0.399371	0.241903	-0.149043	0.019477	0.988639	0.564350	-0.819306	0.101220	0.811970	0.573025	0.111120
64420	11.070623	0.342810	0.879885	0.134570	0.434551	0.239518	-0.151149	0.015006	0.988397	0.565825	-0.818566	0.098955	0.810553	0.574217	0.115234
64421	10.749809	0.646014	1.170457	0.163947	0.476161	0.220691	-0.153736	0.010433	0.988057	0.567531	-0.817626	0.096938	0.808872	0.575655	0.119778
64422	10.162527	0.699389	1.212798	0.148543	0.471231	0.176048	-0.156477	0.006261	0.987662	0.569028	-0.816774	0.095330	0.807293	0.576924	0.124244
64423	9.854625	1.273807	1.502881	0.060455	0.433474	0.116647	-0.159290	0.002784	0.987228	0.569718	-0.816421	0.094227	0.806256	0.577451	0.128462
64424	9.597396	1.352465	1.426797	0.010229	0.371578	0.076354	-0.161784	-0.000002	0.986826	0.569947	-0.816352	0.093437	0.805597	0.577555	0.132074
64425	9.596196	1.500658	1.515181	-0.039746	0.346319	0.054282	-0.164240	-0.002480	0.986417	0.569812	-0.816516	0.092822	0.805195	0.577318	0.135518
64426	9.462373	1.584641	1.430866	-0.103491	0.334230	0.045656	-0.166605	-0.004798	0.986012	0.569079	-0.817100	0.092181	0.805228	0.576476	0.138863
64427	9.274183	1.496832	1.486166	-0.135082	0.313898	0.048434	-0.168850	-0.007049	0.985617	0.568189	-0.817796	0.091489	0.805388	0.575465	0.142090
64428	9.210822	1.562914	1.618592	-0.248626	0.312689	0.054773	-0.170993	-0.009311	0.985228	0.566304	-0.819208	0.090544	0.806264	0.573421	0.145351
64429	9.083757	1.273824	1.638876	-0.319595	0.266345	0.045411	-0.172880	-0.011253	0.984879	0.563893	-0.820972	0.089602	0.807550	0.570857	0.148275
64430	9.206044	1.289485	1.935103	-0.334601	0.216514	0.032916	-0.174379	-0.012774	0.984596	0.561271	-0.822862	0.088729	0.809053	0.568097	0.150660
64431	9.528042	1.372096	2.084501	-0.333852	0.159650	0.017555	-0.175556	-0.013894	0.984371	0.558847	-0.824585	0.088028	0.810475	0.565567	0.152526
64432	9.538822	1.467781	2.105444	-0.328161	0.078965	-0.017855	-0.176231	-0.014210	0.984246	0.556179	-0.826427	0.087653	0.812163	0.562864	0.153546
64433	9.919034	1.591070	2.418035	-0.330744	0.035394	-0.059600	-0.176836	-0.013977	0.984141	0.553574	-0.828169	0.087707	0.813809	0.560304	0.154187
64434	10.224693	1.700040	2.612183	-0.386558	0.148878	-0.151667	-0.178820	-0.013569	0.983788	0.550180	-0.830338	0.088552	0.815675	0.557095	0.155947
64435	10.117114	1.746725	2.785501	-0.428172	0.207666	-0.218603	-0.181705	-0.012955	0.983268	0.546451	-0.832640	0.090012	0.817541	0.553664	0.158375
64436	10.045065	1.826601	2.965661	-0.444746	0.228950	-0.267468	-0.184971	-0.012007	0.982671	0.542346	-0.835116	0.091883	0.819540	0.549943	0.160984
64437	10.137049	1.854188	3.126527	-0.518174	0.315696	-0.301085	-0.189166	-0.011264	0.981881	0.537701	-0.837881	0.093980	0.821641	0.545736	0.164555
64438	10.290264	1.997935	3.262030	-0.623446	0.450528	-0.319758	-0.194519	-0.011045	0.980837	0.531984	-0.841292	0.096029	0.824109	0.540468	0.169523
64439	10.475797	2.173235	3.351159	-0.857901	0.638490	-0.327480	-0.201497	-0.011741	0.979419	0.524355	-0.845872	0.097736	0.827316	0.533257	0.176597
64440	10.434666	2.073666	3.410908	-1.068579	0.754158	-0.311599	-0.209306	-0.013104	0.977762	0.514880	-0.851549	0.098806	0.831318	0.524111	0.184982
64441	10.423075	1.770416	3.462556	-1.219601	0.821909	-0.257560	-0.217445	-0.015184	0.975954	0.504244	-0.857868	0.099000	0.835737	0.513646	0.194196
64442	10.099697	1.271674	3.430809	-1.364933	0.869706	-0.204671	-0.225692	-0.017859	0.974035	0.492378	-0.864821	0.098231	0.840611	0.501763	0.203976
64443	9.682464	0.737037	3.150679	-1.394083	0.815007	-0.151934	-0.233278	-0.020603	0.972192	0.480358	-0.871716	0.096789	0.845481	0.489579	0.213249
64444	9.514520	0.212753	2.539583	-1.378542	0.781857	-0.149786	-0.240555	-0.023096	0.970361	0.468344	-0.878403	0.095196	0.850169	0.477363	0.222121
64445	9.519966	-0.253624	1.902153	-1.219812	0.759993	-0.146869	-0.247690	-0.025425	0.968506	0.457687	-0.884147	0.093840	0.853916	0.466516	0.230631
64446	9.628317	-0.524310	1.788771	-1.073166	0.788031	-0.103975	-0.254840	-0.028167	0.966573	0.448276	-0.889119	0.092280	0.856799	0.456808	0.239209
64447	9.829084	-0.563143	1.722798	-0.942750	0.789268	-0.072561	-0.261909	-0.031131	0.964590	0.440089	-0.893366	0.090662	0.858910	0.448251	0.247681
64448	9.937139	-0.572197	1.558496	-0.813080	0.814213	-0.033987	-0.268995	-0.034472	0.962524	0.433040	-0.896981	0.088896	0.860301	0.440724	0.256211
64449	9.815428	-0.534375	1.533950	-0.649326	0.819779	0.007104	-0.275994	-0.038167	0.960401	0.427551	-0.899785	0.087108	0.860830	0.434661	0.264653
64450	9.411850	-1.421934	1.642135	-0.167335	0.810737	0.096894	-0.282492	-0.042583	0.958324	0.426413	-0.900461	0.085685	0.859284	0.432847	0.272531
64451	9.558429	1.229753	2.606616	-0.369340	0.800632	0.083593	-0.288986	-0.046835	0.956187	0.423552	-0.901985	0.083829	0.858540	0.429220	0.280498
64452	9.177152	-0.524529	2.353683	0.127664	0.786772	0.123013	-0.295147	-0.051352	0.954071	0.425038	-0.901365	0.082972	0.855705	0.430005	0.287862
64453	9.030454	0.726790	2.134888	-0.093147	0.649261	0.088178	-0.300293	-0.054983	0.952261	0.424573	-0.901689	0.081825	0.854144	0.428876	0.294115
64454	8.987410	1.297492	3.286434	0.165415	0.577327	0.113342	-0.304675	-0.058512	0.950657	0.426359	-0.900903	0.081194	0.851699	0.430059	0.299430
64455	9.239935	0.554179	2.619518	-0.053538	0.536569	0.110915	-0.308738	-0.061864	0.949133	0.426316	-0.901035	0.079944	0.850256	0.429312	0.304558
64456	9.100664	1.841228	3.419823	0.023370	0.498829	0.161324	-0.312227	-0.065487	0.947748	0.427048	-0.900820	0.078443	0.848613	0.429226	0.309227
64457	9.312524	1.728843	3.004290	-0.516379	0.456224	0.061881	-0.315807	-0.068039	0.946381	0.422932	-0.902951	0.076215	0.849350	0.424324	0.313934
64458	9.198329	0.987882	3.062219	-0.515556	0.461512	0.025264	-0.319562	-0.070242	0.944958	0.418665	-0.905096	0.074303	0.850059	0.419365	0.318643
64459	9.158908	0.886131	3.469669	-0.624444	0.497289	0.030876	-0.323633	-0.072639	0.943390	0.413530	-0.907641	0.071976	0.851032	0.413414	0.323781
64460	9.052413	0.798605	3.723186	-0.770619	0.543166	0.063873	-0.327938	-0.075474	0.941679	0.407208	-0.910739	0.068815	0.852431	0.406026	0.329400
64461	8.861425	0.560048	3.703844	-1.014980	0.590063	0.075575	-0.332640	-0.078580	0.939774	0.398873	-0.914721	0.064699	0.854547	0.396373	0.335616
64462	8.585610	0.203113	3.792934	-1.152771	0.628370	0.080902	-0.337640	-0.081808	0.937714	0.389313	-0.919150	0.059991	0.856991	0.385320	0.342190
64463	8.467272	-0.260092	4.005812	-1.087776	0.639336	0.094918	-0.342731	-0.085164	0.935565	0.380382	-0.923174	0.055311	0.858979	0.374829	0.348796
64464	8.467909	-0.512151	4.372305	-1.050501	0.721692	0.109644	-0.348466	-0.088878	0.933098	0.371764	-0.926950	0.050543	0.860443	0.364505	0.356052
64465	8.210652	-0.163863	4.599100	-0.908458	0.750387	0.107767	-0.354502	-0.092639	0.930455	0.364400	-0.930094	0.046233	0.861128	0.355447	0.363478
64466	8.171990	0.130939	4.732842	-0.715963	0.777898	0.081862	-0.360847	-0.096170	0.927653	0.358563	-0.932524	0.042802	0.860942	0.348067	0.370982
64467	8.063663	-0.294988	4.325833	-0.655581	0.798558	0.005848	-0.367675	-0.099042	0.924665	0.353018	-0.934750	0.040248	0.860345	0.341222	0.378648
64468	7.812429	-0.146660	4.704800	-0.278073	0.834236	-0.001842	-0.374794	-0.101890	0.921492	0.350657	-0.935685	0.039161	0.858236	0.337806	0.386418
64469	7.744172	0.055597	4.618581	-0.295679	0.827927	-0.019110	-0.381936	-0.104564	0.918255	0.348125	-0.936672	0.038137	0.856116	0.334233	0.394150
64470	7.627434	-0.392051	4.262038	-0.100836	0.816638	0.001957	-0.388853	-0.107338	0.915026	0.347308	-0.936994	0.037678	0.853329	0.332447	0.401632
64471	7.215937	0.360096	4.485116	0.034731	0.755852	0.010014	-0.395237	-0.110018	0.911967	0.347716	-0.936843	0.037678	0.850224	0.331997	0.408529
64472	7.054396	0.012675	4.342083	-0.086631	0.717945	-0.002341	-0.401284	-0.112407	0.909030	0.347008	-0.937120	0.037303	0.847677	0.330410	0.415058
64473	7.095100	0.325154	4.352476	-0.239771	0.669667	-0.032787	-0.407050	-0.114380	0.906216	0.344920	-0.937920	0.036547	0.845778	0.327448	0.421232
64474	7.110887	0.350817	4.900388	-0.108415	0.656671	-0.057906	-0.412740	-0.116016	0.903430	0.343804	-0.938329	0.036573	0.843471	0.325698	0.427173
64475	7.029788	0.725649	4.920418	-0.179411	0.636372	-0.095197	-0.418412	-0.117268	0.900655	0.341973	-0.938997	0.036608	0.841419	0.323316	0.432990
64476	6.759221	0.900325	5.082070	-0.074979	0.582801	-0.126974	-0.423688	-0.117990	0.898091	0.340846	-0.939376	0.037385	0.839233	0.321950	0.438218
64477	6.683501	1.114597	5.202463	-0.253838	0.516475	-0.198675	-0.428679	-0.117862	0.895736	0.337950	-0.940397	0.037997	0.837869	0.319003	0.442960
64478	6.798899	0.728734	5.179150	-0.237468	0.429971	-0.266145	-0.433120	-0.116758	0.893742	0.334853	-0.941451	0.039284	0.836827	0.316287	0.446858
64479	7.057087	0.452796	5.362182	-0.184028	0.380860	-0.298278	-0.437289	-0.115235	0.891908	0.332100	-0.942350	0.041071	0.835756	0.314163	0.450349
64480	7.272071	0.701292	5.893563	-0.185169	0.369167	-0.327210	-0.441400	-0.113341	0.890123	0.329155	-0.943291	0.043112	0.834759	0.312018	0.453676
64481	7.263550	0.443709	5.805965	-0.221205	0.340898	-0.382077	-0.445487	-0.110885	0.888395	0.325701	-0.944380	0.045451	0.833942	0.309599	0.456825
64482	7.173869	0.333809	5.952247	-0.028581	0.332070	-0.444076	-0.449643	-0.107752	0.886685	0.323515	-0.944942	0.049224	0.832562	0.308989	0.459746
64483	6.957513	0.639822	6.143474	-0.048667	0.332120	-0.503222	-0.454022	-0.104116	0.884886	0.320924	-0.945598	0.053402	0.831187	0.308227	0.462736
64484	6.816528	0.231964	5.647384	-0.171029	0.244054	-0.558192	-0.457778	-0.099620	0.883468	0.316998	-0.946681	0.057508	0.830634	0.306383	0.464949
64485	6.876251	-0.390136	5.536525	-0.096738	0.180205	-0.547176	-0.460999	-0.095089	0.882291	0.313770	-0.947484	0.061831	0.830077	0.305340	0.466625
64486	6.961863	-0.542726	5.538274	-0.172843	0.107743	-0.489653	-0.463369	-0.090811	0.881500	0.310112	-0.948455	0.065305	0.830133	0.303624	0.467646
64487	7.143430	-1.397270	5.287593	-0.006196	0.071018	-0.369813	-0.465105	-0.087625	0.880908	0.308429	-0.948780	0.068470	0.829788	0.303543	0.468308
64488	7.219668	-0.972388	5.353411	0.070779	0.070300	-0.260846	-0.466440	-0.085399	0.880421	0.307841	-0.948780	0.071062	0.829257	0.304176	0.468838
64489	7.071933	-0.445959	5.221173	0.079573	0.033025	-0.197534	-0.467328	-0.083738	0.880109	0.307656	-0.948686	0.073099	0.828826	0.304932	0.469110
64490	6.874907	-0.650565	4.589683	-0.131787	-0.054364	-0.181575	-0.467382	-0.081886	0.880255	0.305754	-0.949227	0.074042	0.829499	0.303748	0.468689
64491	6.663582	-0.342964	5.241941	0.351952	-0.176985	-0.069122	-0.466135	-0.080806	0.881015	0.308423	-0.948191	0.076215	0.829213	0.307252	0.466908
64492	6.560483	-0.157411	5.115401	0.270623	-0.274892	-0.011223	-0.463838	-0.079887	0.882311	0.310655	-0.947355	0.077537	0.829667	0.310059	0.464236
64493	6.599894	0.082176	5.020674	0.212796	-0.357253	0.018551	-0.460826	-0.079072	0.883961	0.312575	-0.946663	0.078271	0.830624	0.312374	0.460962
64494	6.583069	-0.358853	4.661684	0.287469	-0.469534	0.037239	-0.456753	-0.077986	0.886168	0.315175	-0.945721	0.079223	0.831890	0.315483	0.456541
64495	6.855000	0.122740	4.596218	0.353020	-0.593439	0.025321	-0.451745	-0.076466	0.888864	0.318294	-0.944567	0.080508	0.833435	0.319289	0.451043
64496	7.054884	-0.541300	4.634527	0.622516	-0.756936	0.030786	-0.445280	-0.074351	0.892299	0.323664	-0.942526	0.082981	0.834846	0.325755	0.443753
64497	7.790037	-0.358257	4.562669	0.834901	-0.904971	0.023774	-0.437657	-0.071715	0.896278	0.330804	-0.939741	0.086340	0.836077	0.334280	0.435008
64498	9.386493	0.574598	4.794871	1.052807	-1.213771	0.029229	-0.427346	-0.067901	0.901534	0.339780	-0.936135	0.090556	0.837809	0.345022	0.423125
64499	14.783884	-0.272421	4.517615	1.309379	-1.628132	-0.013600	-0.413750	-0.062177	0.908265	0.350763	-0.931529	0.096017	0.840105	0.358313	0.407229
64500	19.548107	-1.484747	4.657278	1.611082	-1.451212	-0.189186	-0.402177	-0.055137	0.913900	0.363565	-0.925730	0.104142	0.840282	0.374145	0.392354
64501	18.273340	-1.587879	7.277047	1.716525	-0.588874	-0.318231	-0.398429	-0.050077	0.915831	0.376718	-0.919333	0.113622	0.836264	0.390280	0.385154
64502	14.933373	0.264240	11.024320	1.575420	0.078672	-0.380614	-0.400485	-0.046933	0.915100	0.388359	-0.913246	0.123124	0.829933	0.404696	0.383968
64503	11.202622	4.154135	12.370442	1.148488	0.090843	-0.562493	-0.403456	-0.042316	0.914020	0.395625	-0.908796	0.132558	0.825048	0.415090	0.383400
64504	9.648626	6.326044	10.733433	0.173170	-0.127325	-0.682441	-0.405045	-0.035615	0.913603	0.394330	-0.908332	0.139416	0.824889	0.416731	0.381959
64505	8.103526	4.788944	5.333348	-0.615635	-0.197286	-0.637098	-0.405929	-0.029146	0.913440	0.386700	-0.911086	0.142777	0.828061	0.411184	0.381107
64506	6.705283	2.040733	-1.672075	-0.366998	-0.499300	-0.545097	-0.403824	-0.022160	0.914568	0.381483	-0.912721	0.146327	0.831503	0.407983	0.377032
64507	7.376979	-0.390601	-6.121278	0.006263	-0.600813	-0.441656	-0.400527	-0.015811	0.916149	0.379810	-0.912774	0.150294	0.833860	0.408159	0.371595
64508	7.677643	-3.583460	-7.170676	0.196293	-0.570292	-0.298768	-0.396847	-0.010783	0.917821	0.380293	-0.912003	0.153717	0.835398	0.410043	0.366026
64509	5.237479	-4.274532	-3.914837	0.810796	-0.802325	-0.038940	-0.390300	-0.007225	0.920659	0.386948	-0.908653	0.156911	0.835426	0.417489	0.357443
64510	4.506828	-1.399231	0.815777	1.289678	-1.322237	0.017714	-0.379128	-0.001816	0.925342	0.397825	-0.903185	0.161223	0.835462	0.429249	0.343145
64511	7.585000	0.698362	2.640748	1.636076	-1.849969	-0.151723	-0.364281	0.007511	0.931259	0.410948	-0.896050	0.167978	0.835716	0.443890	0.323328
64512	11.778442	2.495724	1.301902	1.906014	-1.907313	-0.195330	-0.349112	0.017852	0.936911	0.426203	-0.887397	0.175720	0.834549	0.460660	0.302193
64513	14.205449	3.613372	-1.086752	2.013133	-1.544058	-0.087052	-0.336625	0.025757	0.941286	0.442684	-0.877943	0.182337	0.831092	0.478072	0.284136
64514	12.646198	3.675923	-1.375454	1.695408	-1.126437	-0.002262	-0.327237	0.031219	0.944426	0.456766	-0.869707	0.187015	0.827213	0.492580	0.270341
64515	9.341757	3.926671	-0.187823	1.269358	-0.943993	0.024359	-0.319313	0.035618	0.946980	0.467345	-0.863404	0.190059	0.824396	0.503254	0.259050
64516	7.590897	4.453900	0.484098	0.861722	-0.948196	0.004029	-0.311423	0.040366	0.949414	0.474487	-0.859032	0.192162	0.823333	0.510328	0.248369
64517	8.084003	4.202849	0.761980	0.377577	-0.961358	0.023660	-0.303371	0.045005	0.951809	0.477701	-0.857109	0.192785	0.824480	0.513166	0.238523
64518	8.701470	3.669551	0.602956	0.053971	-1.003761	0.119359	-0.294451	0.049110	0.954404	0.478533	-0.856882	0.191728	0.827227	0.513168	0.228809
64519	8.806577	3.188788	0.630881	0.121040	-1.093237	0.216423	-0.284335	0.052805	0.957270	0.480202	-0.856361	0.189872	0.829795	0.513670	0.218136
64520	8.595231	3.590454	0.636648	0.270843	-1.181938	0.279089	-0.273111	0.056475	0.960323	0.483259	-0.855115	0.187724	0.831788	0.515354	0.206249
64521	8.454625	4.283488	0.351353	0.360225	-1.224752	0.291131	-0.261480	0.060261	0.963326	0.487083	-0.853408	0.185596	0.833294	0.517749	0.193797
64522	8.511843	4.718748	0.183797	0.302206	-1.287541	0.228089	-0.249564	0.064971	0.966176	0.490214	-0.851978	0.183914	0.835110	0.519531	0.180773
64523	9.089936	4.751208	0.341459	0.096005	-1.398728	0.129985	-0.237202	0.071089	0.968856	0.491394	-0.851540	0.182788	0.838014	0.519448	0.167054
