// General information: 
//  MT Manager version: 2022.2.0 
//  XDA version: 2022.2.0 build 7381 rev 124627 built on 2023-07-19
// Device information: 
//  DeviceId: 00B4CBA7
//  ProductCode: MTW2-3A7G6
//  Firmware Version: 4.6.0
//  Hardware Version: 2.0.0
// Device settings: 
//  Filter Profile: human(46.1)
//  Option Flags: Orientation Smoother Disabled, Position/Velocity Smoother Disabled, Continuous Zero Rotation Update Disabled, AHS Disabled, ICC Disabled
// Coordinate system: ENU
PacketCounter	Acc_X	Acc_Y	Acc_Z	Gyr_X	Gyr_Y	Gyr_Z	Mat[1][1]	Mat[2][1]	Mat[3][1]	Mat[1][2]	Mat[2][2]	Mat[3][2]	Mat[1][3]	Mat[2][3]	Mat[3][3]
40008	9.771025	-0.127658	0.406099	0.142910	0.164034	0.012839	0.024216	0.031250	0.999218	-0.408638	0.912506	-0.018635	-0.912375	-0.407867	0.034867
40009	9.813141	-0.073424	0.476044	0.124931	0.162759	0.013368	0.025672	0.032015	0.999158	-0.409776	0.911994	-0.018693	-0.911825	-0.408951	0.036531
40010	9.765610	-0.044818	0.654264	0.093313	0.172932	0.021690	0.027313	0.032942	0.999084	-0.410599	0.911621	-0.018833	-0.911407	-0.409709	0.038425
40011	9.751977	-0.047900	0.803849	0.047164	0.163484	0.021428	0.028741	0.033785	0.999016	-0.411030	0.911424	-0.018998	-0.911168	-0.410080	0.040082
40012	9.698490	-0.162925	0.754795	0.019534	0.150639	0.022930	0.030184	0.034640	0.998944	-0.411250	0.911321	-0.019175	-0.911022	-0.410237	0.041753
40013	9.679212	-0.189993	0.753491	0.027931	0.140283	0.023604	0.031392	0.035409	0.998880	-0.411508	0.911200	-0.019369	-0.910866	-0.410439	0.043175
40014	9.657226	-0.168968	0.715308	0.039558	0.125369	0.021392	0.032534	0.036105	0.998818	-0.411999	0.910975	-0.019510	-0.910603	-0.410878	0.044514
40015	9.747038	-0.155453	0.673465	0.057388	0.115165	0.019493	0.033530	0.036735	0.998762	-0.412524	0.910735	-0.019648	-0.910329	-0.411355	0.045691
40016	9.722004	-0.186726	0.645799	0.088007	0.105700	0.014620	0.034578	0.037327	0.998705	-0.413466	0.910306	-0.019708	-0.909863	-0.412249	0.046910
40017	9.762097	-0.213756	0.650961	0.107019	0.099872	0.012002	0.035464	0.037828	0.998655	-0.414440	0.909863	-0.019747	-0.909386	-0.413182	0.047945
40018	9.741034	-0.200654	0.663344	0.126811	0.098083	0.005522	0.036426	0.038269	0.998603	-0.415550	0.909357	-0.019691	-0.908841	-0.414252	0.049027
40019	9.681560	-0.199026	0.662043	0.144660	0.086745	0.007079	0.037213	0.038672	0.998559	-0.416863	0.908757	-0.019659	-0.908207	-0.415530	0.049938
40020	9.707651	-0.215839	0.745285	0.155998	0.089011	0.000863	0.038221	0.039110	0.998504	-0.418288	0.908104	-0.019558	-0.907510	-0.416915	0.051068
40021	9.666196	-0.188147	0.758847	0.145171	0.086539	-0.004127	0.039052	0.039414	0.998460	-0.419600	0.907502	-0.019412	-0.906869	-0.418195	0.051977
40022	9.648806	-0.129834	0.810372	0.129520	0.082801	-0.005261	0.039994	0.039743	0.998409	-0.420619	0.907033	-0.019257	-0.906355	-0.419180	0.052992
40023	9.654128	-0.113853	0.787309	0.088139	0.073575	-0.006376	0.040716	0.039973	0.998371	-0.421411	0.906668	-0.019116	-0.905955	-0.419946	0.053761
40024	9.742280	-0.059526	0.759238	0.052667	0.074979	-0.011265	0.041563	0.040199	0.998327	-0.421978	0.906409	-0.018930	-0.905653	-0.420485	0.054636
40025	9.770592	-0.095515	0.715504	0.020047	0.065918	-0.005230	0.042211	0.040409	0.998291	-0.422153	0.906329	-0.018836	-0.905541	-0.420637	0.055316
40026	9.746206	-0.125436	0.683286	-0.015137	0.061402	-0.006085	0.043022	0.040682	0.998246	-0.421897	0.906450	-0.018758	-0.905622	-0.420350	0.056160
40027	9.738820	-0.212473	0.607609	-0.029330	0.056130	-0.003971	0.043576	0.040862	0.998214	-0.421626	0.906577	-0.018705	-0.905722	-0.420058	0.056733
40028	9.740994	-0.250334	0.595002	-0.014448	0.047896	-0.008964	0.044125	0.040965	0.998186	-0.421531	0.906624	-0.018573	-0.905740	-0.419947	0.057273
40029	9.740624	-0.258687	0.653233	0.008315	0.043002	-0.008743	0.044581	0.041046	0.998162	-0.421599	0.906595	-0.018451	-0.905686	-0.420002	0.057722
40030	9.713871	-0.259043	0.690444	0.034334	0.043684	-0.008033	0.045148	0.041185	0.998131	-0.422035	0.906395	-0.018310	-0.905455	-0.420419	0.058304
40031	9.700152	-0.148060	0.724420	0.051192	0.041638	-0.010893	0.045601	0.041242	0.998108	-0.422490	0.906186	-0.018141	-0.905220	-0.420863	0.058747
40032	9.711698	-0.135824	0.774447	0.068934	0.036415	-0.011747	0.046120	0.041320	0.998081	-0.423229	0.905845	-0.017945	-0.904848	-0.421589	0.059265
40033	9.682377	-0.097051	0.828437	0.076525	0.034414	-0.010527	0.046506	0.041350	0.998062	-0.423913	0.905529	-0.017764	-0.904508	-0.422265	0.059641
40034	9.700243	-0.061090	0.792988	0.070811	0.026176	-0.011988	0.046884	0.041329	0.998045	-0.424359	0.905324	-0.017555	-0.904279	-0.422706	0.059984
40035	9.750383	-0.027740	0.800753	0.041530	0.018807	-0.009818	0.047127	0.041300	0.998035	-0.424726	0.905155	-0.017401	-0.904094	-0.423071	0.060198
40036	9.735168	-0.081108	0.715714	0.014523	0.015023	-0.011617	0.047426	0.041274	0.998022	-0.424966	0.905045	-0.017235	-0.903966	-0.423308	0.060463
40037	9.748675	-0.189801	0.687284	0.014712	0.003944	-0.009978	0.047535	0.041181	0.998020	-0.425090	0.904989	-0.017096	-0.903902	-0.423436	0.060524
40038	9.742798	-0.194051	0.664554	0.038273	0.001975	-0.010217	0.047752	0.041140	0.998012	-0.425534	0.904784	-0.016936	-0.903682	-0.423879	0.060712
40039	9.736679	-0.207269	0.695700	0.056703	0.003561	-0.007298	0.047846	0.041070	0.998010	-0.426039	0.904549	-0.016798	-0.903439	-0.424388	0.060777
40040	9.702368	-0.091758	0.781617	0.074068	0.009239	-0.011331	0.048168	0.041049	0.997995	-0.426542	0.904315	-0.016609	-0.903184	-0.424887	0.061069
40041	9.652774	-0.039663	0.834337	0.049521	-0.003148	-0.012066	0.048223	0.040907	0.997999	-0.426980	0.904112	-0.016428	-0.902974	-0.425333	0.061066
40042	9.682658	0.006911	0.841502	0.023100	-0.005301	-0.012565	0.048320	0.040749	0.998000	-0.427035	0.904089	-0.016239	-0.902943	-0.425396	0.061087
40043	9.673597	-0.040909	0.776870	0.009306	-0.018176	-0.017422	0.048262	0.040496	0.998013	-0.427106	0.904059	-0.016029	-0.902912	-0.425484	0.060927
40044	9.720767	-0.051067	0.739770	0.000439	-0.025729	-0.020308	0.048284	0.040252	0.998022	-0.427185	0.904026	-0.015794	-0.902874	-0.425577	0.060845
40045	9.729658	-0.073261	0.688974	-0.003308	-0.027777	-0.019657	0.048149	0.039937	0.998041	-0.427142	0.904051	-0.015569	-0.902902	-0.425556	0.060588
40046	9.747033	-0.128641	0.643574	-0.000749	-0.031201	-0.016151	0.048034	0.039652	0.998058	-0.427109	0.904069	-0.015362	-0.902923	-0.425542	0.060362
40047	9.761985	-0.136784	0.561454	0.021338	-0.032724	-0.016321	0.047840	0.039346	0.998080	-0.427291	0.903987	-0.015156	-0.902848	-0.425745	0.060059
40048	9.733092	-0.097703	0.608517	0.032089	-0.034306	-0.017059	0.047599	0.038976	0.998106	-0.427574	0.903857	-0.014904	-0.902726	-0.426055	0.059688
40049	9.736756	-0.043238	0.591724	0.029127	-0.034535	-0.013531	0.047378	0.038687	0.998128	-0.427827	0.903741	-0.014721	-0.902618	-0.426329	0.059369
40050	9.739682	-0.071265	0.517012	0.019966	-0.037285	-0.017103	0.047205	0.038367	0.998148	-0.428007	0.903659	-0.014493	-0.902542	-0.426531	0.059079
40051	9.754424	-0.087960	0.488186	0.016029	-0.038421	-0.021397	0.046982	0.037991	0.998173	-0.428139	0.903601	-0.014239	-0.902491	-0.426687	0.058718
40052	9.836493	-0.129811	0.422945	0.037506	-0.021252	-0.016311	0.047094	0.037857	0.998173	-0.428644	0.903364	-0.014037	-0.902245	-0.427200	0.058770
40053	9.833850	-0.098568	0.493930	0.100183	0.015179	-0.008275	0.047299	0.037828	0.998164	-0.429541	0.902941	-0.013865	-0.901808	-0.428097	0.058957
40054	9.705541	0.032226	0.704649	0.107770	0.022260	-0.000373	0.047625	0.037955	0.998144	-0.430704	0.902388	-0.013763	-0.901236	-0.429249	0.059323
40055	9.658422	0.036590	0.794974	0.051188	0.006782	-0.007319	0.047751	0.037900	0.998140	-0.431159	0.902173	-0.013629	-0.901011	-0.429707	0.059420
40056	9.693533	0.014282	0.713563	-0.007866	-0.013542	-0.008478	0.047792	0.037763	0.998143	-0.430958	0.902271	-0.013501	-0.901106	-0.429512	0.059395
40057	9.719423	-0.066155	0.621486	-0.047594	-0.019804	-0.018382	0.047726	0.037494	0.998157	-0.430517	0.902484	-0.013315	-0.901320	-0.429088	0.059214
40058	9.736810	-0.113164	0.522671	-0.051127	-0.031838	-0.019432	0.047609	0.037175	0.998174	-0.430094	0.902689	-0.013105	-0.901528	-0.428685	0.058965
40059	9.777950	-0.129179	0.461861	-0.037035	-0.022657	-0.017292	0.047513	0.036904	0.998189	-0.429750	0.902856	-0.012923	-0.901697	-0.428357	0.058756
40060	9.745730	-0.125566	0.415622	-0.003601	-0.024096	-0.016918	0.047428	0.036629	0.998203	-0.429807	0.902831	-0.012708	-0.901674	-0.428432	0.058563
40061	9.757749	-0.112969	0.459062	0.004886	-0.029245	-0.013690	0.047257	0.036362	0.998221	-0.429842	0.902817	-0.012538	-0.901667	-0.428485	0.058295
40062	9.751939	-0.117017	0.433423	0.022040	-0.024824	-0.015942	0.047188	0.036121	0.998233	-0.430197	0.902651	-0.012326	-0.901501	-0.428855	0.058134
40063	9.773244	-0.054576	0.540566	0.011877	-0.020520	-0.017273	0.047112	0.035859	0.998246	-0.430293	0.902608	-0.012116	-0.901459	-0.428968	0.057953
40064	9.764758	-0.028651	0.587474	-0.014285	-0.005006	-0.017236	0.047218	0.035670	0.998247	-0.430223	0.902644	-0.011904	-0.901487	-0.428907	0.057967
40065	9.679533	-0.009758	0.501206	-0.042779	-0.007320	-0.022303	0.047282	0.035420	0.998253	-0.429825	0.902837	-0.011676	-0.901673	-0.428522	0.057912
40066	9.705377	-0.098375	0.463151	-0.051827	-0.019446	-0.013172	0.047195	0.035171	0.998266	-0.429370	0.903055	-0.011517	-0.901895	-0.428082	0.057721
40067	9.745923	-0.223219	0.506472	-0.020244	-0.030963	-0.019158	0.047032	0.034848	0.998285	-0.429176	0.903150	-0.011307	-0.901995	-0.427909	0.057433
40068	9.742894	-0.274249	0.516641	0.030953	-0.038658	-0.016283	0.046783	0.034478	0.998310	-0.429393	0.903050	-0.011066	-0.901905	-0.428150	0.057052
40069	9.717366	-0.182405	0.549514	0.048915	-0.043661	-0.015569	0.046490	0.034133	0.998335	-0.429825	0.902847	-0.010852	-0.901715	-0.428605	0.056645
40070	9.784857	-0.196918	0.453562	0.065119	-0.054682	-0.015378	0.046123	0.033736	0.998366	-0.430436	0.902559	-0.010613	-0.901442	-0.429243	0.056150
40071	9.732480	-0.197541	0.514322	0.085355	-0.058291	-0.011864	0.045682	0.033361	0.998399	-0.431198	0.902197	-0.010416	-0.901100	-0.430031	0.055600
40072	9.741813	-0.128613	0.464234	0.115441	-0.058121	-0.017895	0.045293	0.032915	0.998431	-0.432211	0.901715	-0.010119	-0.900634	-0.431075	0.055067
40073	9.719741	0.008488	0.535381	0.122646	-0.058298	-0.026564	0.044917	0.032406	0.998465	-0.433302	0.901196	-0.009756	-0.900129	-0.432198	0.054520
40074	9.711403	0.044653	0.523324	0.116182	-0.069485	-0.027415	0.044546	0.031878	0.998499	-0.434335	0.900703	-0.009379	-0.899649	-0.433265	0.053969
40075	9.718123	0.045399	0.593180	0.096570	-0.074430	-0.032834	0.044054	0.031242	0.998541	-0.435187	0.900295	-0.008968	-0.899262	-0.434157	0.053258
40076	9.724189	-0.036389	0.605289	0.058323	-0.083382	-0.035876	0.043471	0.030497	0.998589	-0.435688	0.900057	-0.008521	-0.899047	-0.434703	0.052414
40077	9.739145	-0.051385	0.571571	0.044063	-0.093870	-0.036090	0.042819	0.029746	0.998640	-0.436067	0.899878	-0.008107	-0.898895	-0.435127	0.051503
40078	9.704883	-0.115399	0.640324	0.046965	-0.101005	-0.035222	0.042184	0.029004	0.998689	-0.436516	0.899664	-0.007690	-0.898707	-0.435619	0.050612
40079	9.700839	-0.042795	0.718370	0.044331	-0.104956	-0.034328	0.041425	0.028220	0.998743	-0.436898	0.899481	-0.007294	-0.898557	-0.436047	0.049591
40080	9.710410	-0.071967	0.713662	0.030264	-0.114186	-0.036336	0.040704	0.027459	0.998794	-0.437404	0.899239	-0.006896	-0.898344	-0.436596	0.048614
40081	9.729176	-0.042349	0.716854	0.028422	-0.124328	-0.042580	0.039809	0.026515	0.998855	-0.437641	0.899127	-0.006426	-0.898268	-0.436884	0.047397
40082	9.754191	-0.006836	0.742276	-0.002629	-0.126561	-0.040817	0.038984	0.025619	0.998911	-0.437631	0.899135	-0.005981	-0.898309	-0.436922	0.046264
40083	9.772277	0.030947	0.690259	-0.017965	-0.135182	-0.041152	0.037985	0.024641	0.998974	-0.437453	0.899224	-0.005547	-0.898439	-0.436794	0.044936
40084	9.723314	0.094009	0.675550	-0.028314	-0.141292	-0.047191	0.036992	0.023566	0.999038	-0.437094	0.899402	-0.005031	-0.898655	-0.436487	0.043571
40085	9.708107	0.133880	0.578850	-0.028763	-0.147952	-0.049272	0.035913	0.022459	0.999103	-0.436816	0.899540	-0.004520	-0.898834	-0.436262	0.042115
40086	9.657275	0.136266	0.631285	-0.036206	-0.152087	-0.047839	0.034836	0.021345	0.999165	-0.436440	0.899724	-0.004004	-0.899059	-0.435936	0.040659
40087	9.653272	0.104461	0.522555	-0.063171	-0.157111	-0.045914	0.033659	0.020230	0.999229	-0.435855	0.900010	-0.003540	-0.899387	-0.435400	0.039111
40088	9.691277	0.039065	0.462226	-0.042421	-0.163800	-0.061389	0.032569	0.018995	0.999289	-0.435633	0.900120	-0.002911	-0.899535	-0.435228	0.037591
40089	9.734388	0.010246	0.494840	-0.024903	-0.172576	-0.055279	0.031293	0.017729	0.999353	-0.435390	0.900239	-0.002337	-0.899698	-0.435035	0.035890
40090	9.754358	0.011316	0.421320	-0.010900	-0.177627	-0.062301	0.030113	0.016427	0.999412	-0.435337	0.900266	-0.001680	-0.899764	-0.435030	0.034261
40091	9.814151	0.016803	0.413268	0.016753	-0.179386	-0.055162	0.028775	0.015133	0.999471	-0.435471	0.900202	-0.001092	-0.899743	-0.435209	0.032493
40092	9.793401	0.065487	0.469224	0.017671	-0.181483	-0.056483	0.027437	0.013797	0.999528	-0.435617	0.900132	-0.000468	-0.899714	-0.435398	0.030707
40093	9.785093	0.103789	0.445789	0.000256	-0.181196	-0.054651	0.026080	0.012500	0.999582	-0.435604	0.900139	0.000109	-0.899761	-0.435424	0.028921
40094	9.734033	0.084835	0.370658	-0.021313	-0.183365	-0.055191	0.024770	0.011199	0.999630	-0.435403	0.900235	0.000704	-0.899895	-0.435259	0.027175
40095	9.739087	0.043053	0.389359	-0.032061	-0.188141	-0.053222	0.023345	0.009884	0.999679	-0.435101	0.900381	0.001258	-0.900079	-0.434991	0.025320
40096	9.678143	0.086926	0.379129	-0.037155	-0.193732	-0.056548	0.021828	0.008458	0.999726	-0.434760	0.900544	0.001873	-0.900282	-0.434682	0.023334
40097	9.731251	0.086468	0.346048	-0.037355	-0.200221	-0.057030	0.020309	0.007058	0.999769	-0.434412	0.900711	0.002466	-0.900485	-0.434361	0.021358
40098	9.724876	0.116031	0.375025	-0.057498	-0.198927	-0.053358	0.018821	0.005698	0.999807	-0.433939	0.900937	0.003035	-0.900746	-0.433912	0.019429
40099	9.761828	0.142386	0.313063	-0.066814	-0.203064	-0.054815	0.017266	0.004306	0.999842	-0.433327	0.901230	0.003601	-0.901071	-0.433320	0.017426
40100	9.737436	0.145892	0.327277	-0.062391	-0.206723	-0.049819	0.015630	0.002901	0.999874	-0.432731	0.901514	0.004149	-0.901388	-0.432741	0.015346
40101	9.694496	0.214642	0.330306	-0.063832	-0.212607	-0.048638	0.013959	0.001526	0.999901	-0.432148	0.901791	0.004657	-0.901695	-0.432171	0.013247
40102	9.743141	0.199159	0.326113	-0.078101	-0.218230	-0.047642	0.012145	0.000070	0.999926	-0.431509	0.902094	0.005178	-0.902027	-0.431540	0.010987
40103	9.704562	0.160847	0.222831	-0.064486	-0.215594	-0.047948	0.010443	-0.001310	0.999945	-0.430922	0.902371	0.005682	-0.902329	-0.430957	0.008859
40104	9.699618	0.212613	0.165286	-0.050210	-0.221497	-0.050192	0.008670	-0.002767	0.999959	-0.430575	0.902533	0.006231	-0.902513	-0.430611	0.006633
40105	9.702204	0.178826	0.126494	-0.043401	-0.221375	-0.047716	0.006912	-0.004169	0.999967	-0.430180	0.902718	0.006737	-0.902717	-0.430213	0.004447
40106	9.703103	0.206548	0.019887	-0.048256	-0.226802	-0.049411	0.005052	-0.005669	0.999971	-0.429758	0.902915	0.007290	-0.902930	-0.429782	0.002125
40107	9.705855	0.195729	-0.104605	-0.048596	-0.230675	-0.043835	0.003192	-0.007074	0.999970	-0.429318	0.903120	0.007759	-0.903148	-0.429330	-0.000154
40108	9.741638	0.130461	-0.173619	-0.055602	-0.227140	-0.043483	0.001381	-0.008462	0.999963	-0.428950	0.903291	0.008236	-0.903327	-0.428945	-0.002382
40109	9.761197	0.001024	-0.274183	-0.019426	-0.225405	-0.041659	-0.000442	-0.009822	0.999952	-0.428775	0.903370	0.008684	-0.903411	-0.428750	-0.004610
40110	9.749588	-0.014940	-0.287586	0.025770	-0.224900	-0.042401	-0.002274	-0.011251	0.999934	-0.428751	0.903376	0.009190	-0.903420	-0.428701	-0.006878
40111	9.780419	-0.003745	-0.321020	0.045834	-0.212055	-0.038856	-0.003987	-0.012529	0.999914	-0.429166	0.903174	0.009606	-0.903217	-0.429091	-0.008979
40112	9.754336	0.112797	-0.387894	0.064471	-0.206614	-0.043622	-0.005604	-0.013831	0.999889	-0.429866	0.902837	0.010079	-0.902875	-0.429761	-0.011005
40113	9.773082	0.195216	-0.407558	0.051244	-0.197671	-0.040134	-0.007180	-0.015061	0.999861	-0.430332	0.902610	0.010506	-0.902642	-0.430196	-0.012962
40114	9.739957	0.214691	-0.499561	0.020553	-0.197636	-0.041020	-0.008671	-0.016275	0.999830	-0.430612	0.902470	0.010956	-0.902495	-0.430444	-0.014834
40115	9.792936	0.243017	-0.463097	0.019496	-0.184282	-0.039809	-0.010127	-0.017445	0.999797	-0.430793	0.902379	0.011382	-0.902394	-0.430590	-0.016654
40116	9.825486	0.215657	-0.510061	0.014175	-0.163186	-0.037728	-0.011438	-0.018562	0.999762	-0.430856	0.902343	0.011824	-0.902348	-0.430619	-0.018319
40117	9.801979	0.269979	-0.504074	0.024938	-0.145326	-0.029147	-0.012588	-0.019469	0.999731	-0.431086	0.902229	0.012142	-0.902223	-0.430817	-0.019750
40118	9.736475	0.296420	-0.475528	0.003929	-0.139671	-0.028932	-0.013687	-0.020375	0.999699	-0.431162	0.902188	0.012485	-0.902171	-0.430862	-0.021133
40119	9.715196	0.311861	-0.485251	-0.022956	-0.138638	-0.027168	-0.014785	-0.021235	0.999665	-0.430960	0.902280	0.012793	-0.902250	-0.430627	-0.022492
40120	9.781095	0.252448	-0.558755	-0.049584	-0.137421	-0.023836	-0.015850	-0.022053	0.999631	-0.430748	0.902377	0.013077	-0.902333	-0.430382	-0.023802
40121	9.822718	0.122991	-0.685490	-0.053220	-0.128039	-0.021661	-0.016876	-0.022817	0.999597	-0.430273	0.902600	0.013338	-0.902541	-0.429875	-0.025050
40122	9.842350	0.112474	-0.701574	-0.010425	-0.121008	-0.017213	-0.017819	-0.023514	0.999565	-0.430275	0.902596	0.013563	-0.902522	-0.429846	-0.026201
40123	9.870669	0.159844	-0.708667	0.022669	-0.119609	-0.013787	-0.018803	-0.024171	0.999531	-0.430484	0.902494	0.013726	-0.902402	-0.430024	-0.027375
40124	9.831741	0.216047	-0.641259	0.041637	-0.115016	-0.013852	-0.019739	-0.024838	0.999497	-0.430881	0.902302	0.013913	-0.902193	-0.430389	-0.028513
40125	9.824186	0.279685	-0.585986	0.044024	-0.106017	-0.014043	-0.020599	-0.025439	0.999464	-0.431283	0.902107	0.014072	-0.901982	-0.430762	-0.029554
40126	9.762320	0.334434	-0.481928	0.028768	-0.100948	-0.017650	-0.021545	-0.026167	0.999425	-0.431478	0.902010	0.014315	-0.901866	-0.430922	-0.030725
40127	9.774798	0.333224	-0.415747	0.006426	-0.099900	-0.018005	-0.022333	-0.026778	0.999392	-0.431542	0.901976	0.014524	-0.901816	-0.430955	-0.031700
40128	9.763691	0.314767	-0.416584	-0.015746	-0.099945	-0.014964	-0.023290	-0.027491	0.999351	-0.431199	0.902136	0.014768	-0.901956	-0.430576	-0.032865
40129	9.783008	0.250803	-0.416018	-0.027428	-0.090125	-0.013388	-0.024010	-0.028018	0.999319	-0.430957	0.902249	0.014942	-0.902053	-0.430305	-0.033738
40130	9.767386	0.256235	-0.367157	-0.021484	-0.091800	-0.013911	-0.024763	-0.028593	0.999284	-0.430927	0.902260	0.015138	-0.902047	-0.430244	-0.034664
40131	9.772377	0.249109	-0.321636	-0.017361	-0.075439	-0.015600	-0.025341	-0.029076	0.999256	-0.430776	0.902328	0.015332	-0.902103	-0.430067	-0.035391
40132	9.726584	0.300066	-0.271522	-0.018224	-0.065785	-0.017093	-0.025929	-0.029629	0.999225	-0.430535	0.902439	0.015587	-0.902201	-0.429797	-0.036156
40133	9.641442	0.444706	-0.123422	-0.027037	-0.054424	-0.021001	-0.026295	-0.030071	0.999202	-0.430299	0.902548	0.015838	-0.902303	-0.429539	-0.036672
40134	9.741198	0.370000	-0.116437	-0.120282	-0.028535	-0.033372	-0.026481	-0.030615	0.999180	-0.428973	0.903170	0.016304	-0.902929	-0.428189	-0.037050
40135	9.996075	0.242425	-0.041726	-0.102775	0.011283	-0.018249	-0.026266	-0.030751	0.999182	-0.428051	0.903603	0.016557	-0.903373	-0.427266	-0.036897
40136	9.991929	0.032895	0.147994	-0.139058	0.014645	-0.007295	-0.026151	-0.030855	0.999182	-0.426754	0.904213	0.016753	-0.903990	-0.425966	-0.036813
40137	9.804288	-0.117907	0.252858	-0.035530	-0.023260	-0.002486	-0.026316	-0.030995	0.999173	-0.426435	0.904362	0.016823	-0.904135	-0.425639	-0.037017
40138	9.700929	0.203950	1.058613	0.016651	-0.041534	-0.009944	-0.026654	-0.031339	0.999153	-0.426456	0.904349	0.016989	-0.904115	-0.425642	-0.037470
40139	9.670595	0.401200	1.735760	-0.107967	-0.041162	-0.002299	-0.026982	-0.031555	0.999138	-0.425482	0.904806	0.017085	-0.904565	-0.424654	-0.037840
40140	9.317094	0.878197	2.538599	-0.147544	-0.046059	0.012129	-0.027453	-0.031709	0.999120	-0.424168	0.905423	0.017080	-0.905167	-0.423325	-0.038307
40141	8.555393	1.534730	3.332580	-0.198461	-0.196871	0.013544	-0.029260	-0.032437	0.999045	-0.422368	0.906264	0.017054	-0.905952	-0.421466	-0.040217
40142	8.456340	2.201333	3.584943	-0.377611	-0.389524	0.006226	-0.032867	-0.034109	0.998878	-0.418845	0.907894	0.017221	-0.907463	-0.417809	-0.044126
40143	8.901430	2.305486	2.649983	-0.642515	-0.525424	0.002591	-0.037619	-0.036285	0.998633	-0.413007	0.910559	0.017527	-0.909951	-0.411783	-0.049240
40144	9.100265	2.111256	1.602187	-0.885426	-0.598193	-0.000360	-0.043010	-0.038769	0.998322	-0.405034	0.914123	0.018050	-0.913289	-0.403578	-0.055019
40145	9.173733	1.207543	0.699236	-1.106880	-0.672242	-0.043658	-0.048955	-0.041868	0.997923	-0.394924	0.918514	0.019163	-0.917408	-0.393166	-0.061501
40146	9.267185	-0.147315	-0.353261	-1.176455	-0.735619	-0.093335	-0.055315	-0.045637	0.997425	-0.383961	0.923112	0.020943	-0.921691	-0.381814	-0.068585
40147	9.642800	-1.480728	-1.743197	-1.066406	-0.750660	-0.124232	-0.061744	-0.049635	0.996857	-0.374187	0.927068	0.022984	-0.925295	-0.371592	-0.075814
40148	9.905097	-2.553575	-3.273897	-0.723897	-0.706667	-0.142190	-0.067724	-0.053610	0.996263	-0.367574	0.929657	0.025039	-0.927525	-0.364505	-0.082665
40149	9.747547	-2.815686	-3.828840	-0.120365	-0.647355	-0.149429	-0.073147	-0.057376	0.995669	-0.366566	0.930010	0.026662	-0.927512	-0.363028	-0.089060
40150	9.542573	-2.003892	-4.045073	0.400998	-0.624586	-0.158886	-0.078439	-0.061234	0.995037	-0.370348	0.928473	0.027943	-0.925575	-0.366318	-0.095506
40151	9.700798	-0.909040	-3.929698	0.641909	-0.586004	-0.148072	-0.083270	-0.064792	0.994419	-0.376403	0.926008	0.028816	-0.922706	-0.371903	-0.101496
40152	10.069923	-0.067984	-3.700575	0.605947	-0.542892	-0.142251	-0.087802	-0.068214	0.993800	-0.381907	0.923724	0.029662	-0.920020	-0.376935	-0.107156
40153	10.265604	0.579399	-3.467438	0.386244	-0.457610	-0.121274	-0.091510	-0.071087	0.993264	-0.385569	0.922176	0.030477	-0.918130	-0.380182	-0.111798
40154	10.134294	0.785799	-3.231956	0.080180	-0.377779	-0.130687	-0.094503	-0.073796	0.992786	-0.386387	0.921790	0.031739	-0.917482	-0.380600	-0.115626
40155	9.864581	0.527898	-2.628866	-0.141065	-0.302177	-0.154780	-0.096646	-0.076393	0.992383	-0.385244	0.922208	0.033473	-0.917740	-0.379074	-0.118558
40156	9.538556	0.395256	-2.071767	-0.288245	-0.278465	-0.153531	-0.098709	-0.078956	0.991979	-0.382612	0.923230	0.035411	-0.918621	-0.376048	-0.121340
40157	9.481568	0.440622	-1.478621	-0.371109	-0.270584	-0.150267	-0.100592	-0.081379	0.991594	-0.379353	0.924496	0.037389	-0.919768	-0.372404	-0.123868
40158	9.426610	0.490079	-1.349464	-0.458542	-0.274717	-0.147310	-0.102644	-0.083870	0.991176	-0.375358	0.926039	0.039487	-0.921179	-0.367992	-0.126533
40159	9.579773	0.657392	-0.982984	-0.566939	-0.266956	-0.151571	-0.104509	-0.086273	0.990775	-0.370290	0.927978	0.041746	-0.923019	-0.362511	-0.128928
40160	9.696372	0.321697	-0.905874	-0.681757	-0.256067	-0.143392	-0.106468	-0.088641	0.990357	-0.364081	0.930321	0.044127	-0.925262	-0.355872	-0.131322
40161	9.659274	-0.115205	-0.687417	-0.681098	-0.252391	-0.146616	-0.108246	-0.090920	0.989958	-0.357932	0.932588	0.046513	-0.927452	-0.349303	-0.133493
40162	9.610222	-0.494932	-0.696503	-0.590857	-0.231758	-0.140900	-0.110025	-0.093169	0.989552	-0.352635	0.934489	0.048776	-0.929270	-0.343584	-0.135672
40163	9.525514	-0.690430	-0.778798	-0.397249	-0.212402	-0.131620	-0.111508	-0.095149	0.989198	-0.349090	0.935719	0.050653	-0.930431	-0.339670	-0.137556
40164	9.499129	-0.114289	-0.615963	-0.114506	-0.175393	-0.147857	-0.112803	-0.097221	0.988850	-0.347895	0.936071	0.052346	-0.930723	-0.338111	-0.139414
40165	9.265249	1.191742	-0.539061	-0.069924	-0.160308	-0.160409	-0.113708	-0.099288	0.988541	-0.347428	0.936147	0.054062	-0.930787	-0.337300	-0.140943
40166	9.119188	2.191421	-0.937785	-0.130033	-0.165263	-0.181386	-0.114845	-0.101685	0.988165	-0.346294	0.936446	0.056116	-0.931070	-0.335751	-0.142759
40167	9.064368	2.630542	-1.082622	-0.364238	-0.180334	-0.207543	-0.115781	-0.104256	0.987788	-0.343142	0.937446	0.058722	-0.932120	-0.332153	-0.144313
40168	8.983976	2.737348	-1.478191	-0.669653	-0.237730	-0.259624	-0.117196	-0.107547	0.987268	-0.337045	0.939423	0.062326	-0.934166	-0.325449	-0.146345
40169	9.360279	1.700108	-2.222599	-0.906607	-0.326572	-0.290091	-0.119257	-0.111349	0.986600	-0.328909	0.942013	0.066560	-0.936801	-0.316564	-0.148965
40170	10.025813	0.171455	-2.062621	-0.826778	-0.362632	-0.271935	-0.121889	-0.115172	0.985839	-0.321462	0.944289	0.070572	-0.939045	-0.308308	-0.152122
40171	10.568044	-0.625012	-1.794242	-0.470380	-0.369607	-0.222855	-0.124622	-0.118433	0.985111	-0.317320	0.945464	0.073524	-0.940094	-0.303432	-0.155407
40172	10.814554	-0.267102	-0.993610	-0.125141	-0.346739	-0.181158	-0.127473	-0.121301	0.984397	-0.316183	0.945682	0.075587	-0.940095	-0.301614	-0.158902
40173	10.524660	0.988896	-1.053447	0.027746	-0.298150	-0.163416	-0.129731	-0.123771	0.983794	-0.316656	0.945395	0.077183	-0.939627	-0.301512	-0.161840
40174	10.039784	2.219085	-0.680415	0.023196	-0.273395	-0.165403	-0.131958	-0.126318	0.983174	-0.317132	0.945097	0.078862	-0.939156	-0.301390	-0.164773
40175	9.410480	2.943822	-0.560764	-0.338474	-0.273844	-0.172180	-0.133961	-0.128793	0.982582	-0.314184	0.945888	0.081149	-0.939863	-0.297840	-0.167177
40176	9.084969	2.684256	-1.338150	-0.516703	-0.317380	-0.172633	-0.136526	-0.131506	0.981869	-0.309616	0.947161	0.083806	-0.941009	-0.292561	-0.170028
40177	9.106489	2.010893	-1.593969	-0.710007	-0.334961	-0.180470	-0.139102	-0.134211	0.981141	-0.303180	0.948969	0.086827	-0.942726	-0.285384	-0.172693
40178	9.423032	0.779733	-2.066622	-0.713262	-0.372226	-0.182638	-0.142261	-0.137128	0.980285	-0.296556	0.950769	0.089962	-0.944360	-0.277911	-0.175923
40179	9.897462	-0.501549	-2.137193	-0.583389	-0.388607	-0.177134	-0.145387	-0.139908	0.979433	-0.291301	0.952123	0.092766	-0.945519	-0.271822	-0.179182
40180	10.236559	-0.925121	-2.074156	-0.258457	-0.373810	-0.147761	-0.148641	-0.142477	0.978573	-0.289092	0.952597	0.094783	-0.945691	-0.268809	-0.182784
40181	10.095086	-0.319600	-1.705661	0.030079	-0.357842	-0.123891	-0.151641	-0.144646	0.977795	-0.289565	0.952335	0.095973	-0.945070	-0.268582	-0.186297
40182	9.666585	0.809404	-1.200005	0.250289	-0.356047	-0.112072	-0.154812	-0.146831	0.976972	-0.292211	0.951453	0.096691	-0.943740	-0.270513	-0.190202
40183	9.217461	1.774887	-0.885030	0.168628	-0.374954	-0.114828	-0.157988	-0.148966	0.976140	-0.293984	0.950822	0.097522	-0.942663	-0.271562	-0.194012
40184	8.915821	1.904568	-0.475449	0.025048	-0.412467	-0.124892	-0.161644	-0.151374	0.975170	-0.294329	0.950587	0.098770	-0.941935	-0.271055	-0.198210
40185	8.980660	1.743664	-0.302273	-0.100061	-0.440844	-0.119149	-0.165421	-0.153725	0.974169	-0.293584	0.950671	0.100165	-0.941512	-0.269431	-0.202392
40186	9.260978	1.449359	0.023922	-0.133125	-0.461658	-0.105354	-0.169586	-0.156037	0.973084	-0.292359	0.950904	0.101529	-0.941152	-0.267272	-0.206878
40187	9.490604	1.384521	-0.078211	-0.102263	-0.475666	-0.099619	-0.173747	-0.158279	0.971988	-0.291570	0.951015	0.102745	-0.940638	-0.265551	-0.211385
40188	9.669901	1.558418	-0.414294	-0.280722	-0.499822	-0.091677	-0.178305	-0.160601	0.970780	-0.289120	0.951591	0.104324	-0.940541	-0.262071	-0.216106
40189	9.685874	0.600384	-1.239900	-0.382668	-0.533542	-0.112180	-0.182977	-0.163083	0.969496	-0.285726	0.952399	0.106281	-0.940680	-0.257564	-0.220865
40190	9.414081	-0.043286	-1.928615	-0.342232	-0.567013	-0.130831	-0.188092	-0.165910	0.968037	-0.282740	0.953051	0.108405	-0.940574	-0.253312	-0.226171
40191	9.223027	-0.163857	-2.259241	-0.087379	-0.608868	-0.143203	-0.193389	-0.168840	0.966485	-0.282195	0.953027	0.110023	-0.939663	-0.251460	-0.231951
40192	9.151995	0.128304	-2.349035	0.091991	-0.631436	-0.163480	-0.199045	-0.172136	0.964754	-0.283414	0.952497	0.111476	-0.938114	-0.251236	-0.238375
40193	9.260413	0.621310	-2.462134	0.196424	-0.655398	-0.185649	-0.204637	-0.175581	0.962962	-0.285633	0.951675	0.112824	-0.936236	-0.251965	-0.244899
40194	9.408007	0.718803	-2.750964	0.272512	-0.662241	-0.205878	-0.210423	-0.179326	0.961023	-0.288565	0.950625	0.114202	-0.934052	-0.253286	-0.251781
40195	9.662282	1.181675	-2.732570	0.415953	-0.657435	-0.206719	-0.215932	-0.182992	0.959107	-0.292889	0.949186	0.115158	-0.931445	-0.256045	-0.258556
40196	10.052856	1.439782	-2.949410	0.380479	-0.662328	-0.204064	-0.221631	-0.186716	0.957088	-0.296844	0.947833	0.116171	-0.928850	-0.258359	-0.265495
40197	10.491419	1.213037	-3.127051	0.306329	-0.646887	-0.203156	-0.227004	-0.190346	0.955111	-0.300146	0.946651	0.117323	-0.926489	-0.260040	-0.272025
40198	10.606227	0.601923	-3.532919	0.243203	-0.615731	-0.202349	-0.232232	-0.193914	0.953135	-0.302777	0.945651	0.118619	-0.924335	-0.261040	-0.278323
40199	10.516785	-0.132404	-3.694562	0.359206	-0.596720	-0.202454	-0.237101	-0.197419	0.951214	-0.306572	0.944308	0.119569	-0.921844	-0.263266	-0.284420
40200	10.203907	-0.267441	-3.275729	0.571762	-0.590071	-0.203793	-0.242059	-0.200966	0.949221	-0.312257	0.942402	0.119894	-0.918642	-0.267379	-0.290870
40201	9.949713	-0.037127	-2.983529	0.702259	-0.593380	-0.190655	-0.246876	-0.204391	0.947247	-0.319165	0.940113	0.119669	-0.914979	-0.272785	-0.297326
40202	9.890018	0.171606	-2.878285	0.837865	-0.623822	-0.188174	-0.252049	-0.208062	0.945083	-0.327486	0.937330	0.119016	-0.910617	-0.279503	-0.304391
40203	10.254630	0.195615	-2.252403	0.894344	-0.667178	-0.175637	-0.257505	-0.211622	0.942819	-0.336061	0.934425	0.117952	-0.905955	-0.286472	-0.311737
40204	10.983469	-0.143730	-2.286802	0.880375	-0.713186	-0.140393	-0.263636	-0.215084	0.940338	-0.344417	0.931558	0.116514	-0.901040	-0.293151	-0.319671
40205	11.398467	0.939498	-1.396140	0.889344	-0.712179	-0.141920	-0.269519	-0.218544	0.937869	-0.352792	0.928608	0.115003	-0.896046	-0.299877	-0.327378
40206	11.411002	1.507901	-0.693114	0.743395	-0.802879	-0.136493	-0.276288	-0.222420	0.934983	-0.360041	0.925960	0.113881	-0.891087	-0.305168	-0.335912
40207	11.231424	1.637639	0.223999	0.593811	-0.852084	-0.103425	-0.283465	-0.226020	0.931967	-0.365614	0.923899	0.112859	-0.886552	-0.308749	-0.344529
40208	10.661498	1.694316	0.902305	0.460770	-0.936968	-0.068443	-0.291558	-0.229637	0.928580	-0.369978	0.922276	0.111911	-0.882106	-0.310925	-0.353857
40209	10.123290	1.536374	1.187541	0.346962	-1.044760	-0.047546	-0.300552	-0.233355	0.924778	-0.373178	0.921079	0.111139	-0.877728	-0.311703	-0.363915
40210	9.942193	1.635334	1.038733	0.351007	-1.154135	-0.034320	-0.310629	-0.237267	0.920442	-0.376343	0.919912	0.110123	-0.872855	-0.312195	-0.375045
40211	10.103786	1.317665	0.432546	0.337274	-1.285521	-0.038852	-0.321647	-0.241665	0.915501	-0.379408	0.918760	0.109226	-0.867521	-0.312216	-0.387206
40212	10.398430	1.173191	0.419575	0.404575	-1.384479	-0.038792	-0.333487	-0.246421	0.909980	-0.383176	0.917341	0.107989	-0.861373	-0.312669	-0.400344
40213	10.746529	0.945383	-0.090632	0.531847	-1.483295	-0.025370	-0.346092	-0.251327	0.903911	-0.387832	0.915605	0.106085	-0.854287	-0.313851	-0.414356
40214	11.150518	0.589432	-0.276977	0.648900	-1.575371	0.000188	-0.359518	-0.256368	0.897231	-0.393496	0.913499	0.103344	-0.846114	-0.315902	-0.429299
40215	11.607797	0.162496	-0.207330	0.774513	-1.653499	0.025020	-0.373510	-0.261413	0.890030	-0.399931	0.911099	0.099766	-0.836986	-0.318686	-0.444852
40216	11.860613	-0.127634	-0.141100	0.880445	-1.722997	0.061827	-0.388043	-0.266447	0.882286	-0.407193	0.908364	0.095233	-0.826811	-0.322306	-0.460980
40217	11.884975	-0.147922	-0.301843	0.883402	-1.774433	0.085624	-0.402950	-0.271446	0.874041	-0.414122	0.905725	0.090367	-0.816170	-0.325546	-0.477373
40218	11.527749	-0.334573	-0.239830	0.852089	-1.822348	0.105245	-0.418098	-0.276418	0.865325	-0.420710	0.903182	0.085237	-0.805107	-0.328413	-0.493911
40219	10.809125	-0.415345	0.034653	0.750869	-1.893123	0.130844	-0.433766	-0.281495	0.855925	-0.426167	0.901067	0.080369	-0.793869	-0.329906	-0.510817
40220	10.392400	-0.765831	0.681162	0.659310	-1.981167	0.137694	-0.449853	-0.286778	0.845808	-0.430894	0.899221	0.075711	-0.782280	-0.330395	-0.528088
40221	10.364238	-0.609382	1.265642	0.582525	-2.022919	0.145939	-0.466169	-0.292170	0.835059	-0.434761	0.897712	0.071387	-0.770499	-0.329773	-0.545510
40222	10.544734	-0.291001	1.956436	0.462923	-2.102044	0.160216	-0.482816	-0.297640	0.823589	-0.437720	0.896581	0.067412	-0.758479	-0.327954	-0.563166
40223	10.556301	-0.253336	1.704329	0.245984	-2.205718	0.129535	-0.499961	-0.303690	0.811056	-0.438948	0.896160	0.064974	-0.746568	-0.323527	-0.581349
40224	10.549634	-0.113854	0.952770	-0.073719	-2.309767	0.046775	-0.517125	-0.310656	0.797543	-0.438362	0.896449	0.064949	-0.735133	-0.316025	-0.599756
40225	10.262073	-0.563173	-0.529116	-0.171098	-2.445306	-0.065451	-0.534645	-0.318884	0.782603	-0.437473	0.896767	0.066536	-0.723029	-0.306795	-0.618955
40226	10.103356	-0.671914	-1.504748	-0.139251	-2.520831	-0.158838	-0.551834	-0.327931	0.766773	-0.437566	0.896571	0.068534	-0.709940	-0.297695	-0.638249
40227	9.939588	-0.200878	-2.118487	0.181770	-2.560822	-0.240088	-0.568746	-0.337643	0.750017	-0.440204	0.895227	0.069202	-0.694801	-0.290802	-0.657788
40228	10.305953	1.450384	-2.404320	0.258833	-2.483916	-0.263894	-0.584455	-0.347171	0.733406	-0.443754	0.893465	0.069308	-0.679334	-0.284944	-0.676248
40229	10.636252	1.585741	-3.664519	0.181214	-2.426921	-0.246034	-0.599642	-0.356225	0.716613	-0.446445	0.892079	0.069875	-0.664166	-0.278029	-0.693962
40230	11.596353	1.354790	-4.061293	0.111339	-2.275607	-0.226409	-0.613383	-0.364523	0.700631	-0.448806	0.890839	0.070566	-0.649872	-0.271163	-0.710026
40231	12.096961	0.751541	-4.800530	0.010643	-2.014732	-0.165561	-0.625585	-0.371412	0.686073	-0.449919	0.890190	0.071661	-0.637351	-0.263847	-0.723995
40232	11.768408	-0.058131	-5.800984	0.047150	-1.723580	-0.083718	-0.635892	-0.376700	0.673601	-0.451013	0.889629	0.071746	-0.626282	-0.258181	-0.735604
40233	10.889477	-0.815824	-4.952315	0.322173	-1.412262	-0.082685	-0.644267	-0.381089	0.663092	-0.453563	0.888476	0.069935	-0.615793	-0.255697	-0.745264
40234	9.599347	-0.916455	-8.564098	-0.038905	-1.195685	-0.067347	-0.651057	-0.384775	0.654273	-0.454047	0.888182	0.070521	-0.608248	-0.251158	-0.752964
40235	8.321826	-0.231999	-9.196250	0.885241	-1.032992	-0.199901	-0.656349	-0.389187	0.646328	-0.460711	0.885156	0.065143	-0.597454	-0.255013	-0.760274
40236	7.279083	0.852745	-6.996762	1.021544	-0.802396	-0.275561	-0.659592	-0.393757	0.640229	-0.468878	0.881293	0.058958	-0.587445	-0.261301	-0.765918
40237	7.479099	1.164072	-6.801441	0.911635	-0.491407	-0.265442	-0.661185	-0.397414	0.636315	-0.475972	0.877821	0.053673	-0.579901	-0.267380	-0.769560
40238	8.221009	2.149945	-7.167703	0.703277	-0.133832	-0.259420	-0.660487	-0.400116	0.635346	-0.482043	0.874734	0.049756	-0.575667	-0.273400	-0.770623
40239	8.934133	3.043926	-7.239152	0.422437	0.248850	-0.221359	-0.657962	-0.401387	0.637162	-0.485953	0.872670	0.047931	-0.575271	-0.278094	-0.769238
40240	9.109136	2.972509	-8.032767	-0.079831	0.618744	-0.096729	-0.653690	-0.400565	0.642057	-0.486411	0.872354	0.049019	-0.579736	-0.280260	-0.765088
40241	8.638190	2.887890	-7.788106	-0.532050	0.952139	0.001065	-0.648111	-0.397914	0.649320	-0.483316	0.873835	0.053084	-0.588521	-0.279422	-0.758661
40242	7.127080	2.117388	-8.357132	-0.964613	1.244660	0.135642	-0.641135	-0.393322	0.658972	-0.476973	0.876913	0.059342	-0.601201	-0.276265	-0.749823
40243	6.069122	1.440694	-8.439529	-1.125301	1.461676	0.250956	-0.633405	-0.387131	0.670021	-0.468545	0.880965	0.066072	-0.615844	-0.272085	-0.739396
40244	5.834436	0.997988	-8.138083	-1.204849	1.721905	0.334503	-0.623991	-0.379563	0.683057	-0.459191	0.885374	0.072504	-0.632281	-0.268411	-0.726757
40245	6.170483	0.107089	-7.931501	-1.202171	2.023808	0.395764	-0.612788	-0.370671	0.697921	-0.449053	0.890056	0.078438	-0.650263	-0.265338	-0.711866
40246	6.510031	-0.280235	-8.581016	-0.999257	2.393763	0.485946	-0.598938	-0.360008	0.715309	-0.439779	0.894365	0.081892	-0.669229	-0.265530	-0.693993
40247	6.466141	-0.188545	-8.760455	-0.591474	2.646489	0.559090	-0.583402	-0.347938	0.733881	-0.432479	0.897916	0.081907	-0.687462	-0.269604	-0.674322
40248	6.663054	0.405219	-7.841657	-0.219644	2.911412	0.651361	-0.565723	-0.334120	0.753871	-0.427461	0.900629	0.078388	-0.705149	-0.277904	-0.652330
40249	6.963979	1.077922	-7.596491	-0.145160	3.148937	0.740197	-0.546354	-0.318572	0.774602	-0.422325	0.903445	0.073680	-0.723283	-0.286879	-0.628142
40250	7.498381	1.379820	-7.728134	-0.188625	3.448524	0.830784	-0.524364	-0.300988	0.796523	-0.416746	0.906462	0.068180	-0.742539	-0.296196	-0.600752
40251	7.573529	1.235451	-8.050215	-0.258776	3.740019	0.916204	-0.499978	-0.281449	0.819029	-0.410122	0.909899	0.062315	-0.762773	-0.304746	-0.570358
40252	7.190112	0.883351	-8.488052	-0.265675	3.954715	0.968042	-0.473156	-0.260369	0.841624	-0.403601	0.913243	0.055623	-0.783090	-0.313362	-0.537191
40253	6.751253	0.714830	-8.435800	-0.051670	4.133400	0.968093	-0.444248	-0.238378	0.863608	-0.398765	0.915814	0.047659	-0.802265	-0.323205	-0.501906
40254	6.337744	0.675961	-7.430161	0.106472	4.239365	0.926659	-0.413362	-0.215891	0.884603	-0.395892	0.917472	0.038919	-0.820001	-0.334120	-0.464718
40255	6.874121	0.763081	-7.576862	0.321601	4.365083	0.855167	-0.380572	-0.193216	0.904341	-0.395174	0.918121	0.029859	-0.836064	-0.346008	-0.425765
40256	6.931957	1.473729	-6.939978	0.361390	4.468168	0.789466	-0.345831	-0.170158	0.922739	-0.395585	0.918188	0.021059	-0.850831	-0.357739	-0.384850
40257	7.015341	1.302696	-6.413619	0.308235	4.551415	0.789161	-0.309887	-0.146417	0.939432	-0.395654	0.918313	0.012613	-0.864539	-0.367781	-0.342504
40258	7.735800	1.010507	-6.347962	0.310072	4.604210	0.771937	-0.272701	-0.122081	0.954322	-0.396312	0.918106	0.004201	-0.876682	-0.377064	-0.298750
40259	8.138368	1.111778	-5.948672	0.195129	4.681794	0.773845	-0.234432	-0.097175	0.967264	-0.396082	0.918207	-0.003750	-0.887784	-0.383995	-0.253746
40260	8.690032	0.377066	-5.981932	0.150786	4.764219	0.746278	-0.194704	-0.071799	0.978231	-0.396015	0.918173	-0.011430	-0.897364	-0.389619	-0.207206
40261	8.655160	-0.051757	-5.989471	0.351117	4.875697	0.735001	-0.153664	-0.045923	0.987055	-0.397907	0.917223	-0.019272	-0.904465	-0.395718	-0.159217
40262	8.539971	-0.238768	-4.883322	0.408910	4.806141	0.672641	-0.112623	-0.020490	0.993426	-0.400891	0.915740	-0.026561	-0.909177	-0.401248	-0.111348
40263	8.805439	-0.597017	-4.587439	0.246908	4.805689	0.612387	-0.071277	0.004447	0.997447	-0.402585	0.914793	-0.032847	-0.912603	-0.403898	-0.063413
40264	8.323027	-0.690515	-4.830017	0.383447	4.687243	0.545660	-0.030553	0.028541	0.999126	-0.405969	0.913076	-0.038498	-0.913376	-0.406790	-0.016310
40265	8.211508	0.055374	-3.820916	0.440250	4.510000	0.469178	0.008728	0.051202	0.998650	-0.409942	0.911091	-0.043130	-0.912070	-0.409012	0.028942
40266	8.629465	0.429816	-3.504477	0.243963	4.391197	0.438346	0.047060	0.073260	0.996202	-0.412437	0.909751	-0.047420	-0.909770	-0.408639	0.073028
40267	9.443781	0.529177	-5.039832	-0.123072	4.329906	0.406461	0.084757	0.094534	0.991907	-0.411589	0.909910	-0.051550	-0.907420	-0.403889	0.116030
40268	9.493144	-0.160569	-4.048076	0.180786	4.143957	0.380239	0.120779	0.114775	0.986022	-0.413727	0.908732	-0.055100	-0.902354	-0.401289	0.157241
40269	10.353287	-0.611643	-2.047004	0.093897	3.956824	0.322183	0.155061	0.133484	0.978845	-0.415018	0.907958	-0.058073	-0.896502	-0.397233	0.196187
40270	10.562569	-1.740440	-2.915978	0.310183	3.835225	0.302493	0.188110	0.151494	0.970394	-0.418404	0.906252	-0.060373	-0.888568	-0.394660	0.233861
