// General information: 
//  MT Manager version: 2022.2.0 
//  XDA version: 2022.2.0 build 7381 rev 124627 built on 2023-07-19
// Device information: 
//  DeviceId: 00B4CB9F
//  ProductCode: MTW2-3A7G6
//  Firmware Version: 4.6.0
//  Hardware Version: 2.0.0
// Device settings: 
//  Filter Profile: human(46.1)
//  Option Flags: Orientation Smoother Disabled, Position/Velocity Smoother Disabled, Continuous Zero Rotation Update Disabled, AHS Disabled, ICC Disabled
// Coordinate system: ENU
PacketCounter	Acc_X	Acc_Y	Acc_Z	Gyr_X	Gyr_Y	Gyr_Z	Mat[1][1]	Mat[2][1]	Mat[3][1]	Mat[1][2]	Mat[2][2]	Mat[3][2]	Mat[1][3]	Mat[2][3]	Mat[3][3]
41397	9.732077	0.513913	0.151109	-0.031079	-0.006514	-0.010029	0.037500	-0.053837	0.997845	-0.547018	0.834548	0.065584	-0.836280	-0.548299	0.001846
41398	9.730037	0.509882	0.090905	-0.028524	-0.009821	-0.009967	0.037412	-0.053980	0.997841	-0.546788	0.834693	0.065655	-0.836435	-0.548064	0.001712
41399	9.730411	0.496241	0.121212	-0.022084	-0.011770	-0.012704	0.037245	-0.054117	0.997840	-0.546613	0.834806	0.065678	-0.836557	-0.547878	0.001512
41400	9.772605	0.495921	0.118604	-0.021049	-0.017285	-0.012691	0.037110	-0.054322	0.997834	-0.546444	0.834909	0.065775	-0.836673	-0.547701	0.001299
41401	9.817104	0.564319	0.110294	-0.015905	-0.009979	-0.011281	0.037101	-0.054515	0.997823	-0.546481	0.834872	0.065932	-0.836649	-0.547738	0.001183
41402	9.790945	0.618937	0.115907	-0.005889	-0.009117	-0.013496	0.037038	-0.054683	0.997817	-0.546439	0.834891	0.066038	-0.836679	-0.547692	0.001042
41403	9.776160	0.666228	0.041824	-0.011507	-0.006653	-0.005744	0.036965	-0.054713	0.997818	-0.546287	0.834992	0.066023	-0.836782	-0.547535	0.000977
41404	9.735915	0.673324	0.101970	-0.014194	-0.010227	-0.008324	0.036865	-0.054844	0.997814	-0.546177	0.835059	0.066077	-0.836858	-0.547419	0.000830
41405	9.763787	0.704494	0.057452	-0.022121	-0.014074	-0.013546	0.036768	-0.054988	0.997810	-0.545939	0.835210	0.066144	-0.837018	-0.547175	0.000689
41406	9.722371	0.677919	0.119993	-0.027360	-0.014349	-0.016187	0.036676	-0.055206	0.997801	-0.545716	0.835345	0.066277	-0.837167	-0.546947	0.000510
41407	9.707309	0.661752	0.110533	-0.028100	-0.018334	-0.012063	0.036640	-0.055403	0.997792	-0.545505	0.835472	0.066422	-0.837307	-0.546734	0.000389
41408	9.762231	0.610105	0.121348	-0.026039	-0.017738	-0.011590	0.036495	-0.055602	0.997786	-0.545295	0.835602	0.066509	-0.837450	-0.546515	0.000175
41409	9.774927	0.559944	0.133781	-0.023543	-0.011710	-0.011916	0.036400	-0.055720	0.997783	-0.545052	0.835756	0.066556	-0.837612	-0.546266	0.000052
41410	9.773777	0.526422	0.135596	-0.026253	-0.011711	-0.006585	0.036278	-0.055844	0.997780	-0.544842	0.835890	0.066593	-0.837753	-0.546049	-0.000101
41411	9.785046	0.520197	0.054505	-0.024280	-0.015698	-0.007795	0.036068	-0.055828	0.997789	-0.544369	0.836209	0.066465	-0.838070	-0.545562	-0.000231
41412	9.781807	0.481709	-0.003208	-0.014097	-0.005653	-0.006646	0.035996	-0.055919	0.997786	-0.544260	0.836276	0.066502	-0.838144	-0.545449	-0.000331
41413	9.763572	0.425892	-0.068871	-0.007748	-0.012175	-0.011075	0.035788	-0.056019	0.997788	-0.544192	0.836323	0.066473	-0.838197	-0.545367	-0.000555
41414	9.763006	0.441900	-0.101234	-0.003328	-0.012419	-0.013451	0.035697	-0.056203	0.997781	-0.544171	0.836328	0.066577	-0.838214	-0.545340	-0.000730
41415	9.790771	0.473527	-0.145992	0.011294	-0.014242	-0.015142	0.035531	-0.056305	0.997781	-0.544130	0.836355	0.066572	-0.838248	-0.545288	-0.000921
41416	9.804620	0.522269	-0.201391	0.021194	-0.006323	-0.018584	0.035518	-0.056499	0.997771	-0.544313	0.836224	0.066728	-0.838130	-0.545469	-0.001052
41417	9.817875	0.522009	-0.222603	0.028757	-0.009188	-0.019641	0.035433	-0.056664	0.997764	-0.544532	0.836074	0.066820	-0.837991	-0.545682	-0.001231
41418	9.749860	0.563739	-0.184286	0.044636	-0.005061	-0.017119	0.035423	-0.056839	0.997755	-0.544912	0.835816	0.066959	-0.837745	-0.546060	-0.001365
41419	9.794121	0.568793	-0.127088	0.056279	-0.009022	-0.018072	0.035449	-0.057079	0.997740	-0.545497	0.835416	0.067173	-0.837363	-0.546646	-0.001522
41420	9.795627	0.589781	-0.100061	0.071972	-0.010494	-0.011008	0.035361	-0.057232	0.997735	-0.546108	0.835011	0.067252	-0.836968	-0.547249	-0.001728
41421	9.826019	0.611330	-0.053943	0.076295	-0.003716	-0.014620	0.035327	-0.057336	0.997730	-0.546729	0.834599	0.067320	-0.836564	-0.547866	-0.001863
41422	9.759125	0.623047	0.046647	0.082875	-0.006833	-0.007390	0.035250	-0.057439	0.997726	-0.547432	0.834135	0.067362	-0.836108	-0.548562	-0.002041
41423	9.746771	0.660367	0.062707	0.079316	-0.009665	-0.007913	0.035099	-0.057577	0.997724	-0.548246	0.833598	0.067392	-0.835581	-0.549363	-0.002308
41424	9.802891	0.642795	0.070507	0.084148	-0.014836	-0.004476	0.034939	-0.057700	0.997722	-0.548959	0.833127	0.067405	-0.835119	-0.550064	-0.002567
41425	9.733374	0.663465	0.079325	0.088521	-0.013807	0.000207	0.034729	-0.057741	0.997727	-0.549731	0.832625	0.067321	-0.834620	-0.550819	-0.002825
41426	9.733956	0.648866	0.108300	0.083058	-0.021985	0.001296	0.034478	-0.057855	0.997729	-0.550436	0.832162	0.067275	-0.834165	-0.551506	-0.003154
41427	9.747337	0.646671	0.084996	0.083537	-0.028210	0.000048	0.034112	-0.058000	0.997734	-0.551180	0.831677	0.067191	-0.833689	-0.552223	-0.003598
41428	9.789596	0.645277	0.080857	0.085582	-0.015997	0.000929	0.033912	-0.058085	0.997736	-0.551906	0.831199	0.067148	-0.833217	-0.552933	-0.003869
41429	9.801906	0.608668	0.061738	0.090110	-0.011687	0.000205	0.033702	-0.058169	0.997738	-0.552733	0.830653	0.067098	-0.832677	-0.553744	-0.004157
41430	9.801316	0.623357	0.028974	0.085303	-0.006557	-0.003254	0.033604	-0.058237	0.997737	-0.553454	0.830172	0.067097	-0.832201	-0.554457	-0.004334
41431	9.772858	0.671637	-0.025620	0.081781	-0.007088	-0.002933	0.033413	-0.058230	0.997744	-0.554117	0.829740	0.066982	-0.831768	-0.555105	-0.004542
41432	9.715634	0.655581	-0.033114	0.078883	-0.004628	-0.000520	0.033315	-0.058264	0.997745	-0.554785	0.829296	0.066952	-0.831327	-0.555764	-0.004696
41433	9.730012	0.687604	-0.057899	0.078469	-0.010074	0.000305	0.032986	-0.058197	0.997760	-0.555315	0.828960	0.066710	-0.830986	-0.556272	-0.004974
41434	9.760120	0.659426	0.021686	0.081409	-0.020580	0.005383	0.032722	-0.058271	0.997764	-0.556005	0.828505	0.066620	-0.830535	-0.556942	-0.005288
41435	9.830082	0.687402	-0.026095	0.081572	-0.017335	-0.000034	0.032354	-0.058332	0.997773	-0.556722	0.828036	0.066461	-0.830069	-0.557632	-0.005684
41436	9.844018	0.670568	-0.017177	0.073067	-0.015971	0.002243	0.032146	-0.058406	0.997775	-0.557341	0.827624	0.066402	-0.829661	-0.558236	-0.005947
41437	9.830110	0.686834	-0.030184	0.067209	-0.013312	0.006247	0.032026	-0.058320	0.997784	-0.557712	0.827386	0.066262	-0.829417	-0.558598	-0.006028
41438	9.775640	0.724392	-0.013217	0.056472	-0.007798	0.005964	0.031865	-0.058318	0.997789	-0.558193	0.827068	0.066166	-0.829099	-0.559068	-0.006198
41439	9.774015	0.703771	-0.042148	0.043666	-0.002876	0.005219	0.031851	-0.058328	0.997789	-0.558609	0.826788	0.066164	-0.828819	-0.559481	-0.006249
41440	9.757835	0.714128	-0.113397	0.032452	-0.005080	0.004957	0.031719	-0.058320	0.997794	-0.558891	0.826604	0.066080	-0.828634	-0.559754	-0.006376
41441	9.714996	0.729477	-0.144292	0.025630	-0.009868	0.001486	0.031508	-0.058385	0.997797	-0.559201	0.826399	0.066014	-0.828433	-0.560049	-0.006611
41442	9.741595	0.724702	-0.186439	0.014634	-0.018151	-0.003732	0.031316	-0.058522	0.997795	-0.559334	0.826310	0.066019	-0.828351	-0.560168	-0.006857
41443	9.724878	0.687110	-0.224186	0.007749	-0.021589	-0.000139	0.031000	-0.058624	0.997799	-0.559406	0.826268	0.065926	-0.828314	-0.560218	-0.007181
41444	9.836552	0.664998	-0.238594	0.007405	-0.022414	0.002352	0.030738	-0.058734	0.997800	-0.559480	0.826222	0.065870	-0.828274	-0.560274	-0.007464
41445	9.864397	0.631437	-0.218570	0.018039	-0.020910	0.001347	0.030520	-0.058812	0.997802	-0.559632	0.826124	0.065811	-0.828179	-0.560411	-0.007700
41446	9.808849	0.634884	-0.198730	0.026001	-0.017045	0.006506	0.030279	-0.058858	0.997807	-0.559861	0.825976	0.065712	-0.828033	-0.560623	-0.007943
41447	9.736638	0.600136	-0.214494	0.028272	-0.018884	0.009893	0.030052	-0.058910	0.997811	-0.560243	0.825724	0.065624	-0.827783	-0.560989	-0.008190
41448	9.737309	0.584904	-0.185200	0.034392	-0.021704	0.009631	0.029755	-0.058957	0.997817	-0.560543	0.825531	0.065493	-0.827590	-0.561268	-0.008484
41449	9.766286	0.584770	-0.168521	0.042703	-0.017021	0.012293	0.029348	-0.058891	0.997833	-0.560895	0.825315	0.065206	-0.827366	-0.561593	-0.008810
41450	9.781326	0.601220	-0.163154	0.047265	-0.024358	0.011184	0.029021	-0.058939	0.997840	-0.561302	0.825050	0.065058	-0.827102	-0.561977	-0.009139
41451	9.839945	0.587778	-0.097018	0.062754	-0.028028	0.013630	0.028670	-0.058955	0.997849	-0.561820	0.824712	0.064868	-0.826762	-0.562472	-0.009477
41452	9.812403	0.556906	-0.055592	0.078212	-0.020058	0.016424	0.028349	-0.058937	0.997859	-0.562484	0.824276	0.064664	-0.826322	-0.563113	-0.009783
41453	9.784603	0.588334	-0.080294	0.080543	-0.019608	0.020625	0.027935	-0.058835	0.997877	-0.563112	0.823872	0.064340	-0.825908	-0.563714	-0.010116
41454	9.773887	0.595098	-0.002798	0.081833	-0.017298	0.016889	0.027634	-0.058798	0.997887	-0.563805	0.823415	0.064130	-0.825446	-0.564386	-0.010396
41455	9.731065	0.609108	-0.034687	0.078138	-0.013078	0.015109	0.027361	-0.058717	0.997900	-0.564432	0.823003	0.063902	-0.825026	-0.564995	-0.010623
41456	9.745104	0.590835	-0.025142	0.068140	-0.011573	0.018201	0.027100	-0.058636	0.997912	-0.565011	0.822622	0.063680	-0.824638	-0.565557	-0.010837
41457	9.716226	0.588046	-0.045518	0.056323	-0.014451	0.016714	0.026922	-0.058692	0.997913	-0.565691	0.822159	0.063616	-0.824177	-0.566224	-0.011068
41458	9.758535	0.585027	-0.048915	0.043362	-0.016405	0.013535	0.026647	-0.058678	0.997921	-0.566065	0.821916	0.063444	-0.823930	-0.566579	-0.011314
41459	9.813389	0.593439	-0.104131	0.044002	-0.013410	0.015602	0.026382	-0.058740	0.997925	-0.566678	0.821502	0.063337	-0.823517	-0.567173	-0.011613
41460	9.770129	0.559193	-0.099934	0.033621	-0.004723	0.013646	0.026203	-0.058660	0.997934	-0.566971	0.821312	0.063165	-0.823321	-0.567455	-0.011737
41461	9.727971	0.559341	-0.099386	0.039321	-0.012994	0.014249	0.025999	-0.058613	0.997942	-0.567334	0.821074	0.063005	-0.823077	-0.567805	-0.011907
41462	9.770276	0.556127	-0.102622	0.046295	-0.015262	0.018988	0.025702	-0.058549	0.997954	-0.567733	0.820816	0.062779	-0.822812	-0.568184	-0.012143
41463	9.728122	0.556077	-0.102829	0.054588	-0.016591	0.012934	0.025375	-0.058582	0.997960	-0.568337	0.820410	0.062611	-0.822405	-0.568766	-0.012477
41464	9.757878	0.541921	-0.054793	0.059747	-0.023260	0.013097	0.025046	-0.058613	0.997967	-0.568844	0.820071	0.062441	-0.822064	-0.569252	-0.012802
41465	9.784380	0.535260	-0.098170	0.061785	-0.024991	0.012735	0.024699	-0.058730	0.997968	-0.569564	0.819580	0.062329	-0.821576	-0.569946	-0.013208
41466	9.839871	0.529574	-0.122909	0.060909	-0.024202	0.014784	0.024353	-0.058753	0.997975	-0.570081	0.819235	0.062142	-0.821227	-0.570441	-0.013543
41467	9.809045	0.506610	-0.171674	0.058178	-0.016151	0.012567	0.023962	-0.058786	0.997983	-0.570697	0.818822	0.061935	-0.820811	-0.571030	-0.013929
41468	9.826759	0.529478	-0.106870	0.063430	-0.018209	0.014353	0.023667	-0.058779	0.997990	-0.571234	0.818461	0.061752	-0.820446	-0.571548	-0.014206
41469	9.824222	0.521209	-0.168038	0.058542	-0.011666	0.017925	0.023286	-0.058722	0.998003	-0.571846	0.818054	0.061476	-0.820031	-0.572135	-0.014531
41470	9.782188	0.631047	-0.270423	0.059483	-0.010172	0.016677	0.023043	-0.058650	0.998013	-0.572351	0.817717	0.061270	-0.819685	-0.572625	-0.014726
41471	9.769796	0.618281	-0.219676	0.052765	-0.008025	0.015685	0.022804	-0.058536	0.998025	-0.572765	0.817445	0.061031	-0.819403	-0.573025	-0.014886
41472	9.785699	0.620568	-0.181770	0.052773	-0.008034	0.015682	0.022584	-0.058460	0.998034	-0.573214	0.817144	0.060835	-0.819094	-0.573461	-0.015056
41473	9.848231	0.538411	0.044712	0.058211	-0.000852	0.020693	0.022312	-0.058315	0.998049	-0.573823	0.816738	0.060549	-0.818675	-0.574054	-0.015240
41474	9.888407	0.441046	0.436080	0.080863	0.021984	0.023775	0.022291	-0.058001	0.998068	-0.574504	0.816280	0.060268	-0.818198	-0.574737	-0.015127
41475	9.927002	0.284399	1.219632	0.119986	0.073292	0.044277	0.022661	-0.057167	0.998107	-0.575482	0.815626	0.059781	-0.817500	-0.575748	-0.014416
41476	9.848916	0.072664	1.648490	0.147525	0.125838	0.051605	0.023328	-0.056028	0.998157	-0.576713	0.814798	0.059214	-0.816614	-0.577031	-0.013304
41477	9.945907	0.012294	1.353334	0.155067	0.150761	0.048880	0.024146	-0.054769	0.998207	-0.578089	0.813864	0.058638	-0.815616	-0.578469	-0.012009
41478	10.080717	0.266987	0.951823	0.148004	0.182311	0.049466	0.025282	-0.053317	0.998258	-0.579322	0.813026	0.058096	-0.814707	-0.579781	-0.010333
41479	9.828398	0.477852	0.803222	0.114585	0.193451	0.061399	0.026445	-0.051670	0.998314	-0.580333	0.812353	0.057418	-0.813950	-0.580873	-0.008503
41480	9.615730	0.569129	0.695986	0.050355	0.170165	0.072754	0.027343	-0.050097	0.998370	-0.580777	0.812089	0.056656	-0.813604	-0.581379	-0.006890
41481	9.684272	0.716640	0.438151	0.015649	0.139513	0.089881	0.027926	-0.048523	0.998432	-0.580988	0.812003	0.055713	-0.813433	-0.581633	-0.005516
41482	9.739416	1.000072	0.443330	0.009460	0.124196	0.104512	0.028264	-0.046959	0.998497	-0.581109	0.811990	0.054637	-0.813335	-0.581780	-0.004338
41483	9.841920	1.267693	0.629142	-0.013370	0.125216	0.115126	0.028551	-0.045305	0.998565	-0.581163	0.812029	0.053458	-0.813286	-0.581856	-0.003145
41484	9.723291	1.432905	0.624592	-0.069320	0.133266	0.120191	0.028873	-0.043560	0.998633	-0.580649	0.812477	0.052228	-0.813642	-0.581363	-0.001835
41485	9.590832	1.682090	0.450444	-0.131236	0.126465	0.120318	0.029189	-0.041833	0.998698	-0.579717	0.813220	0.051007	-0.814295	-0.580451	-0.000514
41486	9.474619	1.936248	0.316248	-0.209620	0.115964	0.110445	0.029431	-0.040269	0.998755	-0.578056	0.814472	0.049872	-0.815466	-0.578804	0.000693
41487	9.413960	1.861897	0.209766	-0.312570	0.091407	0.100013	0.029629	-0.038911	0.998803	-0.575639	0.816242	0.048875	-0.817167	-0.576398	0.001786
41488	9.360579	1.427073	-0.018692	-0.420841	0.044617	0.093314	0.029395	-0.037899	0.998849	-0.572237	0.818688	0.047903	-0.819561	-0.572986	0.002378
41489	9.424766	0.802807	-0.207225	-0.458153	-0.018296	0.091969	0.028644	-0.037161	0.998899	-0.568424	0.821400	0.046857	-0.822237	-0.569140	0.002405
41490	9.654864	0.343789	-0.257856	-0.413483	-0.069417	0.093994	0.027475	-0.036787	0.998945	-0.565061	0.823773	0.045878	-0.824592	-0.565725	0.001846
41491	9.788162	0.145325	-0.179845	-0.293655	-0.103814	0.116305	0.025986	-0.036334	0.999002	-0.562612	0.825514	0.044659	-0.826313	-0.563211	0.001010
41492	9.734297	0.115158	-0.047107	-0.179010	-0.125517	0.147076	0.024058	-0.035830	0.999068	-0.561183	0.826566	0.043157	-0.827342	-0.561699	-0.000222
41493	9.626858	0.149431	0.038054	-0.064844	-0.157376	0.180735	0.021694	-0.035217	0.999144	-0.560765	0.826943	0.041322	-0.827691	-0.561182	-0.001809
41494	9.736710	0.242639	0.168087	0.048798	-0.170109	0.219163	0.018992	-0.034364	0.999229	-0.561228	0.826737	0.039099	-0.827443	-0.561538	-0.003585
41495	9.740380	0.412280	0.333055	0.147401	-0.169189	0.235001	0.016218	-0.033324	0.999313	-0.562486	0.825993	0.036673	-0.826647	-0.562695	-0.005348
41496	9.696819	0.537839	0.383315	0.209822	-0.164229	0.248510	0.013397	-0.032203	0.999392	-0.564271	0.824883	0.034144	-0.825481	-0.564385	-0.007120
41497	9.647552	0.588355	0.381356	0.246162	-0.152135	0.258332	0.010612	-0.030936	0.999465	-0.566423	0.823512	0.031504	-0.824046	-0.566454	-0.008784
41498	9.658069	0.534495	0.258163	0.269929	-0.139736	0.269445	0.007869	-0.029518	0.999533	-0.568684	0.822053	0.028753	-0.822518	-0.568645	-0.010318
41499	9.504061	0.559561	0.133620	0.284576	-0.151287	0.277600	0.005076	-0.028069	0.999593	-0.571080	0.820484	0.025940	-0.820879	-0.570979	-0.011865
41500	9.372861	0.703538	0.003712	0.295656	-0.171387	0.293618	0.001927	-0.026649	0.999643	-0.573529	0.818864	0.022935	-0.819183	-0.573368	-0.013706
41501	9.345744	0.689143	-0.065796	0.288087	-0.194166	0.306377	-0.001541	-0.025225	0.999681	-0.575928	0.817262	0.019735	-0.817499	-0.575714	-0.015788
41502	9.433800	0.742087	-0.220810	0.297749	-0.208547	0.314834	-0.005125	-0.023864	0.999702	-0.578363	0.815613	0.016504	-0.815764	-0.578106	-0.017982
41503	9.409438	0.731479	-0.234469	0.333215	-0.222996	0.331195	-0.008918	-0.022472	0.999708	-0.581159	0.813684	0.013107	-0.813741	-0.580872	-0.020316
41504	9.469356	0.711870	-0.253630	0.356729	-0.243446	0.351523	-0.013008	-0.021040	0.999694	-0.584033	0.811674	0.009483	-0.811626	-0.583731	-0.022847
41505	9.406702	0.621985	-0.341205	0.379886	-0.287456	0.371372	-0.017531	-0.019688	0.999652	-0.587083	0.809507	0.005647	-0.809337	-0.586780	-0.025750
41506	9.411200	0.605819	-0.345838	0.407141	-0.341420	0.385647	-0.022624	-0.018586	0.999571	-0.590309	0.807176	0.001648	-0.806860	-0.590019	-0.029233
41507	9.518694	0.644585	-0.389458	0.427633	-0.382789	0.388411	-0.028250	-0.017798	0.999442	-0.593784	0.804621	-0.002455	-0.804128	-0.593522	-0.033298
41508	9.537245	0.708947	-0.555798	0.465901	-0.401282	0.381308	-0.033807	-0.017131	0.999282	-0.597418	0.801904	-0.006464	-0.801217	-0.597208	-0.037344
41509	9.475875	0.735007	-0.794402	0.492432	-0.416811	0.368191	-0.039436	-0.016644	0.999083	-0.601191	0.799037	-0.010419	-0.798131	-0.601051	-0.041517
41510	9.631432	0.959498	-0.626234	0.494250	-0.430711	0.349936	-0.045042	-0.016458	0.998850	-0.604993	0.796105	-0.014164	-0.794956	-0.604935	-0.045815
41511	9.578725	0.973627	-0.281347	0.469538	-0.440468	0.340244	-0.050847	-0.016330	0.998573	-0.608425	0.793407	-0.018006	-0.791981	-0.608472	-0.050278
41512	9.466775	0.693827	-0.513097	0.405865	-0.461006	0.319071	-0.056503	-0.016623	0.998264	-0.611474	0.790974	-0.021439	-0.789244	-0.611624	-0.054857
41513	9.607759	0.123447	-0.639909	0.336114	-0.477842	0.286492	-0.062211	-0.017295	0.997913	-0.613943	0.788967	-0.024600	-0.786895	-0.614192	-0.059701
41514	9.900897	-0.639150	-1.176128	0.232178	-0.488038	0.260788	-0.067716	-0.018250	0.997538	-0.615610	0.787575	-0.027381	-0.785136	-0.615948	-0.064566
41515	10.107409	-1.145118	-1.504772	0.166859	-0.528978	0.237332	-0.073391	-0.019723	0.997108	-0.616823	0.786536	-0.029842	-0.783673	-0.617229	-0.069890
41516	10.127063	-1.558732	-1.131106	0.178104	-0.550096	0.245895	-0.079281	-0.021199	0.996627	-0.618041	0.785476	-0.032458	-0.782138	-0.618529	-0.075375
41517	9.948084	-1.771284	-0.746951	0.225363	-0.559607	0.272859	-0.085445	-0.022508	0.996089	-0.619561	0.784149	-0.035427	-0.780285	-0.620164	-0.080947
41518	9.711258	-1.757464	-0.420062	0.289350	-0.548511	0.280874	-0.091528	-0.023725	0.995520	-0.621577	0.782406	-0.038502	-0.777987	-0.622316	-0.086359
41519	9.614182	-1.330600	0.109173	0.347854	-0.525321	0.270599	-0.097449	-0.024884	0.994929	-0.624036	0.780287	-0.041606	-0.775295	-0.624926	-0.091566
41520	9.516390	-0.847157	0.621947	0.352464	-0.485558	0.248009	-0.102823	-0.026002	0.994360	-0.626526	0.778133	-0.044439	-0.772588	-0.627562	-0.096301
41521	9.468168	-0.478430	0.905920	0.297662	-0.452786	0.218602	-0.107746	-0.027186	0.993807	-0.628688	0.776241	-0.046926	-0.770158	-0.629850	-0.100728
41522	9.508565	-0.188707	0.916105	0.199570	-0.444731	0.194510	-0.112457	-0.028492	0.993248	-0.630019	0.775026	-0.049099	-0.768394	-0.631286	-0.105108
41523	9.481118	-0.086700	0.825983	0.051757	-0.453934	0.176687	-0.117214	-0.030027	0.992653	-0.630286	0.774687	-0.050991	-0.767464	-0.631632	-0.109730
41524	9.446731	-0.129291	0.627312	-0.116221	-0.502317	0.166043	-0.122181	-0.031921	0.991994	-0.629205	0.775461	-0.052544	-0.767576	-0.630588	-0.114832
41525	9.512811	-0.302490	0.369375	-0.260779	-0.554190	0.171496	-0.127581	-0.034129	0.991241	-0.627098	0.777069	-0.053958	-0.768421	-0.628489	-0.120541
41526	9.462279	-0.682289	0.243122	-0.355028	-0.587470	0.177785	-0.133278	-0.036439	0.990409	-0.624145	0.779348	-0.055317	-0.769857	-0.625532	-0.126613
41527	9.425803	-1.106313	0.076074	-0.408490	-0.598733	0.177576	-0.139118	-0.038771	0.989517	-0.620805	0.781916	-0.056644	-0.771523	-0.622177	-0.132848
41528	9.490603	-1.507223	-0.189616	-0.403017	-0.612613	0.172041	-0.144982	-0.041234	0.988575	-0.617457	0.784476	-0.057833	-0.773128	-0.618787	-0.139195
41529	9.443610	-1.623499	0.028447	-0.326673	-0.605923	0.171556	-0.150819	-0.043643	0.987598	-0.614771	0.786486	-0.059128	-0.774151	-0.616064	-0.145448
41530	9.420530	-1.824249	0.196178	-0.247079	-0.592961	0.165620	-0.156495	-0.045995	0.986607	-0.612612	0.788070	-0.060433	-0.774736	-0.613865	-0.151506
41531	9.363359	-1.980406	0.201909	-0.189011	-0.562437	0.164309	-0.161881	-0.048190	0.985633	-0.611022	0.789200	-0.061769	-0.774885	-0.612243	-0.157202
41532	9.179248	-2.222618	0.230271	-0.123034	-0.543777	0.168976	-0.167193	-0.050191	0.984646	-0.609800	0.790026	-0.063273	-0.774720	-0.611016	-0.162693
41533	9.282346	-2.414876	-0.032933	-0.071697	-0.540390	0.166906	-0.172513	-0.052195	0.983623	-0.609107	0.790429	-0.064885	-0.774098	-0.610325	-0.168151
41534	9.613489	-2.034729	-0.198056	-0.003507	-0.548588	0.151998	-0.177749	-0.054350	0.982574	-0.608822	0.790522	-0.066410	-0.773137	-0.610017	-0.173604
41535	9.801994	-1.240571	-0.336925	0.054455	-0.560157	0.141753	-0.182992	-0.056707	0.981478	-0.609153	0.790139	-0.067922	-0.771652	-0.610299	-0.179133
41536	9.625093	-0.324941	-0.662397	0.047196	-0.575309	0.127510	-0.188271	-0.059221	0.980330	-0.609289	0.789915	-0.069296	-0.770273	-0.610350	-0.184801
41537	9.257021	0.212837	-1.164844	-0.039784	-0.616393	0.118593	-0.193725	-0.061949	0.979098	-0.608846	0.790152	-0.070472	-0.769271	-0.609772	-0.190789
41538	8.940829	0.123229	-1.302350	-0.146827	-0.663475	0.117244	-0.199607	-0.065072	0.977713	-0.607495	0.791111	-0.071372	-0.768835	-0.608202	-0.197442
41539	8.825671	-0.263477	-1.476241	-0.231425	-0.707436	0.116420	-0.205739	-0.068702	0.976192	-0.605750	0.792400	-0.071899	-0.768595	-0.606121	-0.204644
41540	8.964477	-0.419458	-1.286945	-0.236079	-0.751314	0.099100	-0.212179	-0.072470	0.974540	-0.603737	0.793888	-0.072411	-0.768428	-0.603730	-0.212199
41541	9.242603	-0.351707	-0.943868	-0.232029	-0.774601	0.083894	-0.218691	-0.076427	0.972797	-0.601863	0.795272	-0.072822	-0.768073	-0.601415	-0.219918
41542	9.469005	-0.431600	-0.675430	-0.231529	-0.821981	0.080449	-0.225552	-0.080729	0.970881	-0.599914	0.796716	-0.073123	-0.767613	-0.598938	-0.228132
41543	9.721912	-0.536556	-0.429324	-0.254712	-0.873526	0.090637	-0.232812	-0.085227	0.968780	-0.597867	0.798223	-0.073454	-0.767042	-0.596302	-0.236790
41544	9.991688	-0.669889	-0.129035	-0.261645	-0.897282	0.098055	-0.240343	-0.089789	0.966526	-0.595636	0.799856	-0.073809	-0.766454	-0.593438	-0.245722
41545	10.305560	-0.639527	0.037004	-0.248697	-0.863918	0.100803	-0.247611	-0.093969	0.964292	-0.593563	0.801348	-0.074325	-0.765749	-0.590771	-0.254199
41546	10.590634	-0.203967	-0.421029	-0.263477	-0.792021	0.092906	-0.254291	-0.097899	0.962160	-0.591320	0.802981	-0.074578	-0.765295	-0.587909	-0.262080
41547	10.268721	0.621008	-0.521733	-0.311949	-0.739531	0.072875	-0.260432	-0.101524	0.960140	-0.588835	0.804801	-0.074619	-0.765146	-0.584797	-0.269377
41548	9.788340	0.774482	-0.438901	-0.443970	-0.764401	0.067290	-0.266744	-0.105442	0.957982	-0.585267	0.807449	-0.074091	-0.765709	-0.580438	-0.277094
41549	10.013136	0.195131	-0.508522	-0.584054	-0.837651	0.071697	-0.273616	-0.109582	0.955576	-0.580689	0.810820	-0.073290	-0.766769	-0.574946	-0.285486
41550	10.491081	-0.471343	-0.502637	-0.681444	-0.883535	0.067074	-0.280851	-0.114093	0.952946	-0.575279	0.814783	-0.071994	-0.768229	-0.568430	-0.294468
41551	10.599186	-0.802022	-0.583641	-0.736509	-0.923627	0.050760	-0.288281	-0.118861	0.950140	-0.569587	0.818913	-0.070373	-0.769717	-0.561475	-0.303778
41552	10.781976	-1.184692	-0.388545	-0.748551	-0.959637	0.031085	-0.295917	-0.123963	0.947136	-0.563736	0.823118	-0.068398	-0.771126	-0.554175	-0.313457
41553	11.379515	-1.485568	-0.497774	-0.780718	-0.976527	0.017038	-0.303463	-0.129181	0.944046	-0.557816	0.827328	-0.066100	-0.772497	-0.546663	-0.323123
41554	11.591673	-1.611219	-0.466059	-0.722593	-0.942006	0.005090	-0.310839	-0.134258	0.940932	-0.552220	0.831252	-0.063820	-0.773584	-0.539440	-0.332525
41555	11.476244	-1.487771	0.107192	-0.630165	-0.901858	0.010922	-0.317761	-0.139106	0.937911	-0.547478	0.834542	-0.061709	-0.774142	-0.533095	-0.341342
41556	11.846154	-1.383641	0.496034	-0.552988	-0.865274	0.018332	-0.324625	-0.143543	0.934887	-0.543144	0.837492	-0.060010	-0.774347	-0.527259	-0.349836
41557	12.224748	-1.129922	0.864644	-0.474901	-0.794215	0.018675	-0.330813	-0.147500	0.932098	-0.539585	0.839889	-0.058598	-0.774216	-0.522331	-0.357435
41558	12.135102	-0.959267	1.578422	-0.406332	-0.719678	0.019374	-0.336554	-0.151081	0.929465	-0.536381	0.842025	-0.057352	-0.773968	-0.517850	-0.364424
41559	12.189336	-1.188290	2.663513	-0.350772	-0.641143	0.018968	-0.341548	-0.153986	0.927164	-0.533821	0.843706	-0.056523	-0.773550	-0.514245	-0.370367
41560	12.989871	-1.671285	3.862929	-0.284043	-0.530009	0.006053	-0.345744	-0.156652	0.925160	-0.531609	0.845165	-0.055562	-0.773209	-0.511034	-0.375489
41561	14.217503	-2.248912	5.140361	-0.155830	-0.358474	-0.007940	-0.348363	-0.158231	0.923908	-0.530707	0.845752	-0.055260	-0.772653	-0.509575	-0.378603
41562	15.482123	-2.157891	6.638575	0.000088	-0.085257	-0.013480	-0.349015	-0.158778	0.923568	-0.530761	0.845724	-0.055178	-0.772322	-0.509452	-0.379443
41563	16.060170	-1.140240	8.982273	0.169381	0.460609	-0.027749	-0.345095	-0.156501	0.925428	-0.532479	0.844607	-0.055730	-0.772901	-0.512003	-0.374803
41564	14.204393	0.215651	9.434874	0.301937	0.927275	-0.033570	-0.337806	-0.152017	0.928858	-0.534936	0.842996	-0.056580	-0.774423	-0.515993	-0.366089
41565	13.128162	2.225823	10.041106	0.439964	1.269915	-0.084970	-0.327182	-0.145788	0.933648	-0.539129	0.840242	-0.057726	-0.776075	-0.522244	-0.353511
41566	12.339097	4.453289	9.443168	0.323434	1.721752	-0.207839	-0.312728	-0.138494	0.939692	-0.542318	0.838241	-0.056940	-0.779803	-0.527419	-0.337249
41567	10.584016	6.280741	7.278165	0.000346	1.828719	-0.331587	-0.296258	-0.131214	0.946052	-0.543884	0.837410	-0.054172	-0.785125	-0.530592	-0.319455
41568	10.234293	7.893918	4.907373	-0.507137	1.710462	-0.496819	-0.280132	-0.126319	0.951614	-0.541325	0.839447	-0.047923	-0.792776	-0.528557	-0.303536
41569	11.265963	8.057038	2.004240	-1.111601	1.747263	-0.611334	-0.262423	-0.121874	0.957226	-0.534736	0.844113	-0.039126	-0.803238	-0.522131	-0.286685
41570	12.613695	7.730108	0.214734	-1.909283	1.838616	-0.624410	-0.244288	-0.117696	0.962534	-0.520854	0.853191	-0.027865	-0.817945	-0.508146	-0.269727
41571	13.172666	6.597734	0.527980	-2.716781	1.915213	-0.563584	-0.225063	-0.112581	0.967818	-0.500358	0.865677	-0.015657	-0.836055	-0.487780	-0.251163
41572	13.514679	4.011948	-0.618089	-3.173162	1.938425	-0.468887	-0.206444	-0.107456	0.972540	-0.474542	0.880226	-0.003476	-0.855682	-0.462228	-0.232710
41573	13.438030	1.564714	-3.126009	-3.390220	1.890146	-0.422495	-0.187571	-0.102251	0.976915	-0.446780	0.894610	0.007853	-0.874760	-0.434992	-0.213486
41574	14.682339	-0.013658	-3.682165	-3.463263	1.782645	-0.355447	-0.170342	-0.097948	0.980505	-0.416822	0.908803	0.018371	-0.892885	-0.405566	-0.195634
41575	16.622192	-2.455168	-4.772905	-3.341448	1.742093	-0.221356	-0.153097	-0.092690	0.983855	-0.387908	0.921319	0.026436	-0.908894	-0.377598	-0.177007
41576	17.151737	-3.837825	-5.962657	-2.866685	1.920705	-0.046132	-0.135398	-0.086083	0.987045	-0.361746	0.931740	0.031637	-0.922392	-0.352776	-0.157296
41577	16.577147	-3.812262	-6.768446	-2.043845	2.057651	0.089529	-0.115682	-0.077328	0.990272	-0.344141	0.938335	0.033071	-0.931764	-0.336968	-0.135160
41578	16.898182	-2.982570	-5.868336	-1.254557	2.083563	0.236634	-0.097060	-0.068164	0.992942	-0.332185	0.942663	0.032241	-0.938207	-0.326711	-0.114138
41579	17.624529	-2.142438	-4.992645	-0.450313	2.269396	0.418033	-0.076430	-0.055829	0.995511	-0.328994	0.943926	0.027678	-0.941234	-0.325402	-0.090512
41580	16.412139	-3.037976	-4.718171	0.023077	2.605867	0.558373	-0.053776	-0.042031	0.997668	-0.328877	0.944115	0.022048	-0.942840	-0.326924	-0.064594
41581	14.518538	-3.438479	-4.842133	0.535807	2.672988	0.643944	-0.030003	-0.026340	0.999203	-0.335128	0.942057	0.014771	-0.941695	-0.334418	-0.037092
41582	13.317809	-2.714897	-4.640297	0.812420	2.750299	0.581564	-0.006162	-0.011530	0.999915	-0.342697	0.939405	0.008721	-0.939426	-0.342614	-0.009740
41583	11.967239	-1.466722	-4.643867	1.040333	2.872214	0.454391	0.019650	0.003514	0.999801	-0.353702	0.935351	0.003664	-0.935152	-0.353704	0.019622
41584	10.863793	1.331452	-4.086694	1.083244	2.947240	0.283585	0.046067	0.016759	0.998798	-0.363936	0.931423	0.001157	-0.930284	-0.363551	0.049007
41585	10.282123	3.439897	-4.024547	0.748127	2.854829	0.210784	0.072055	0.029676	0.996959	-0.371674	0.928363	-0.000771	-0.925563	-0.370488	0.077923
41586	9.895178	4.229042	-4.299844	0.361936	2.779277	0.199818	0.096926	0.041888	0.994410	-0.375225	0.926930	-0.002472	-0.921852	-0.372888	0.105561
41587	9.180276	4.306626	-4.526480	-0.174799	2.742547	0.122094	0.121903	0.053543	0.991097	-0.374159	0.927356	-0.004079	-0.919318	-0.370331	0.133081
41588	8.434618	2.504828	-4.981025	-0.641523	2.615066	0.123360	0.145416	0.064304	0.987279	-0.368471	0.929618	-0.006277	-0.918196	-0.362871	0.158876
41589	7.238173	0.943771	-5.351524	-0.771770	2.398922	0.174413	0.166931	0.074847	0.983124	-0.361988	0.932134	-0.009501	-0.917114	-0.354293	0.182696
41590	6.195780	-0.163642	-5.157703	-0.816364	2.182244	0.247524	0.185993	0.084817	0.978883	-0.354985	0.934774	-0.013547	-0.916184	-0.344969	0.203970
41591	5.076986	-0.827956	-5.052115	-0.720719	1.977868	0.311582	0.203112	0.094755	0.974560	-0.349281	0.936839	-0.018292	-0.914740	-0.336680	0.223379
41592	4.415869	-0.864508	-4.976304	-0.577022	1.735449	0.350319	0.217703	0.103852	0.970474	-0.344790	0.938396	-0.023074	-0.913086	-0.329587	0.240098
41593	3.891113	-1.409480	-5.300787	-0.408871	1.514901	0.354146	0.230386	0.112397	0.966586	-0.342128	0.939246	-0.027672	-0.910973	-0.324321	0.254844
41594	3.724555	-1.868800	-5.529438	-0.057356	1.340528	0.340926	0.241357	0.119965	0.962993	-0.342457	0.939017	-0.031147	-0.908003	-0.322266	0.267722
41595	3.607074	-2.105879	-5.673640	0.468252	1.263324	0.301343	0.251816	0.127142	0.959387	-0.347704	0.937027	-0.032914	-0.903156	-0.325294	0.280166
41596	3.390410	-1.985141	-5.395997	1.041200	1.195431	0.238251	0.261678	0.133339	0.955900	-0.357732	0.933267	-0.032253	-0.896411	-0.333517	0.291915
41597	3.334705	-1.719640	-5.244665	1.652570	1.130689	0.166543	0.271186	0.138992	0.952439	-0.373167	0.927309	-0.029073	-0.887246	-0.347534	0.303341
41598	3.378146	-0.871416	-4.737226	2.056923	1.108998	0.089865	0.280568	0.143803	0.949001	-0.391602	0.919832	-0.023608	-0.876316	-0.365007	0.314389
41599	3.951270	-0.333015	-4.150357	2.373057	1.091878	0.060167	0.289836	0.148692	0.945455	-0.412658	0.910733	-0.016728	-0.863544	-0.385301	0.325322
41600	4.581940	-0.210571	-2.863288	2.648920	1.069875	0.075514	0.298623	0.153646	0.941922	-0.435614	0.900091	-0.008718	-0.849155	-0.407712	0.335719
41601	5.115453	0.064193	-0.940566	2.689611	1.073749	0.063879	0.307370	0.158937	0.938223	-0.458656	0.888614	-0.000273	-0.833761	-0.430238	0.346031
41602	5.800117	0.759430	0.606344	2.481531	1.012084	0.028674	0.315543	0.163673	0.934689	-0.479302	0.877612	0.008130	-0.818964	-0.450564	0.355374
41603	6.464758	1.673422	1.510108	2.249808	0.863457	-0.097165	0.323019	0.166997	0.931542	-0.497456	0.867322	0.017012	-0.805106	-0.468897	0.363235
41604	7.193895	3.442660	2.596303	2.102021	0.679918	-0.320259	0.330011	0.167504	0.928997	-0.513248	0.857794	0.027657	-0.792255	-0.485933	0.369053
41605	7.831771	4.592994	4.180135	2.014515	0.532119	-0.581492	0.337212	0.165348	0.926794	-0.527315	0.848707	0.040446	-0.779889	-0.502351	0.373385
41606	8.952152	5.018381	6.677796	2.035061	0.509944	-0.746092	0.345084	0.161675	0.924542	-0.540562	0.839507	0.054959	-0.767274	-0.518738	0.377096
41607	9.830186	4.938324	8.737899	2.102694	0.637741	-0.752415	0.354059	0.158907	0.921624	-0.554066	0.829539	0.069825	-0.753428	-0.535363	0.381750
41608	9.692397	3.951784	10.370482	1.994459	0.739887	-0.632297	0.363068	0.157730	0.918315	-0.566737	0.819679	0.083279	-0.739588	-0.550679	0.386991
41609	8.963666	2.795234	10.879655	1.514054	0.606642	-0.438594	0.370049	0.157675	0.915534	-0.576384	0.811853	0.093150	-0.728591	-0.562169	0.391307
41610	9.869099	2.000122	11.795429	1.058765	0.399611	-0.196528	0.374028	0.158365	0.913796	-0.583375	0.806137	0.099076	-0.720955	-0.570143	0.393904
41611	12.242972	2.245989	14.108929	0.671762	0.490741	0.085354	0.377086	0.162046	0.911892	-0.588687	0.802038	0.100909	-0.715021	-0.574870	0.397832
41612	13.277169	1.988075	14.654702	0.063622	0.770546	0.401284	0.380159	0.169707	0.909219	-0.590708	0.800975	0.097482	-0.711718	-0.574142	0.404745
41613	11.319015	1.418099	11.715581	-0.598995	0.850840	0.548557	0.383023	0.179196	0.906191	-0.588736	0.803300	0.089993	-0.711817	-0.567976	0.413181
41614	8.954032	1.326294	7.647946	-1.171349	0.745432	0.477171	0.385493	0.187254	0.903510	-0.582257	0.808983	0.080763	-0.715802	-0.557209	0.420887
41615	7.762472	2.267408	4.536907	-1.588621	0.640413	0.396208	0.387854	0.194255	0.901018	-0.572586	0.816819	0.070374	-0.722298	-0.543206	0.428034
41616	7.012808	3.196226	2.482831	-1.911536	0.491609	0.389909	0.389162	0.200108	0.899172	-0.560259	0.826242	0.058602	-0.731207	-0.526575	0.433654
41617	5.720966	3.185221	0.552305	-2.143217	0.317417	0.392928	0.389372	0.205260	0.897919	-0.546225	0.836393	0.045669	-0.741639	-0.508248	0.437786
41618	5.313188	1.304642	-1.542614	-2.207876	-0.191123	0.392160	0.385773	0.207629	0.898927	-0.531282	0.846573	0.032463	-0.754267	-0.490107	0.436895
41619	11.041391	-1.442747	-2.684819	-1.644551	-0.979589	0.305614	0.376763	0.205687	0.903185	-0.520137	0.853785	0.022539	-0.766490	-0.478272	0.428660
41620	20.714751	-2.074598	2.428168	-0.555821	-1.497077	0.331704	0.363449	0.201399	0.909584	-0.517133	0.855733	0.017160	-0.774905	-0.476613	0.415165
41621	23.730248	-5.848400	10.245773	0.565387	-0.735503	0.767851	0.353784	0.204607	0.912674	-0.524454	0.851348	0.012438	-0.774458	-0.483055	0.408500
41622	13.041515	-9.770582	8.006522	1.459923	-0.475092	1.050246	0.344475	0.211196	0.914731	-0.539434	0.841982	0.008744	-0.768341	-0.496449	0.403968
41623	9.213546	-5.183273	0.211846	2.041000	-1.107796	0.962137	0.330732	0.213871	0.919171	-0.558516	0.829456	0.007966	-0.760708	-0.516006	0.393777
41624	7.795389	1.187023	-4.764178	2.284727	-0.882878	0.867492	0.319069	0.216380	0.922699	-0.578649	0.815528	0.008849	-0.750573	-0.536743	0.385418
41625	5.169973	5.253916	-8.006583	1.808164	-0.759686	0.774180	0.308849	0.218726	0.925619	-0.594784	0.803841	0.008511	-0.742189	-0.553172	0.378360
41626	3.476186	5.934969	-7.300329	0.839409	-0.941009	0.566334	0.298426	0.218034	0.929195	-0.602772	0.797888	0.006367	-0.740005	-0.561993	0.369535
41627	5.404741	3.435977	-3.741536	0.198670	-1.183358	0.475215	0.286782	0.215264	0.933498	-0.605767	0.795638	0.002625	-0.742161	-0.566235	0.358574
41628	8.876776	-0.750315	-0.940924	-0.016314	-1.417748	0.522381	0.273003	0.211388	0.938501	-0.607155	0.794580	-0.002354	-0.746211	-0.569173	0.345268
41629	11.554145	-2.733205	-1.922045	-0.184244	-1.769850	0.605870	0.256061	0.206183	0.944416	-0.607478	0.794289	-0.008702	-0.751933	-0.571483	0.328638
41630	12.834842	-2.592773	-3.333188	-0.113467	-1.801372	0.696296	0.238176	0.201410	0.950108	-0.608389	0.793484	-0.015695	-0.757057	-0.574297	0.311525
41631	11.648602	-1.134398	-2.943098	-0.079113	-1.708478	0.732943	0.220723	0.197438	0.955144	-0.609546	0.792418	-0.022942	-0.761403	-0.577141	0.295252
41632	9.866654	1.384829	-1.964722	-0.285888	-1.710288	0.620063	0.203817	0.192491	0.959899	-0.608723	0.792825	-0.029736	-0.766756	-0.578252	0.278765
41633	8.656512	2.906539	-0.283398	-0.445972	-1.636575	0.399401	0.188768	0.186220	0.964204	-0.606126	0.794607	-0.034800	-0.772643	-0.577860	0.262869
41634	8.663199	2.408435	1.080798	-0.583884	-1.575080	0.190236	0.175338	0.178665	0.968161	-0.601986	0.797594	-0.038166	-0.779018	-0.576128	0.247403
41635	9.679554	0.164746	1.454965	-0.759294	-1.549808	0.051493	0.162882	0.170166	0.971861	-0.596162	0.801843	-0.040482	-0.786168	-0.572792	0.232052
41636	9.894689	-2.326812	0.712410	-0.722162	-1.512009	0.001663	0.150874	0.161563	0.975261	-0.590506	0.805931	-0.042159	-0.792805	-0.569537	0.216998
41637	9.273278	-2.739181	-0.024728	-0.617700	-1.551586	0.013775	0.138417	0.152838	0.978510	-0.585621	0.809412	-0.043585	-0.798679	-0.567003	0.201542
41638	9.226865	-2.007915	-0.292064	-0.655491	-1.713038	0.056699	0.124293	0.143628	0.981795	-0.580483	0.813003	-0.045448	-0.804730	-0.564267	0.184424
41639	9.302059	-2.396552	-0.511730	-0.720545	-1.771801	0.126448	0.109216	0.134685	0.984851	-0.574836	0.816862	-0.047964	-0.810947	-0.560890	0.166637
41640	8.985079	-1.700914	-0.480049	-0.744717	-1.884596	0.192219	0.092716	0.125743	0.987721	-0.569009	0.820743	-0.051074	-0.817088	-0.557287	0.147645
41641	9.385777	-2.450208	-0.558923	-0.796918	-1.902656	0.190315	0.075994	0.116741	0.990251	-0.562649	0.824926	-0.054072	-0.823196	-0.553054	0.128373
41642	8.889700	-2.852406	-0.624271	-0.519077	-1.741063	0.078600	0.061125	0.107802	0.992291	-0.558459	0.827672	-0.055517	-0.827277	-0.550761	0.110795
41643	9.110084	-2.637249	0.240282	-0.390385	-1.688941	0.003055	0.047061	0.098539	0.994020	-0.555253	0.829796	-0.055971	-0.830349	-0.549298	0.093766
41644	9.673519	-2.954604	0.226881	-0.286477	-1.533548	-0.041924	0.034483	0.089795	0.995363	-0.552893	0.831379	-0.055847	-0.832539	-0.548403	0.078316
41645	9.547023	-2.352112	0.132653	0.012649	-1.381154	-0.052771	0.023220	0.081787	0.996379	-0.553014	0.831332	-0.055351	-0.832849	-0.549726	0.064532
41646	9.111254	-1.908999	0.744428	0.182267	-1.283102	-0.055227	0.012784	0.074279	0.997156	-0.554559	0.830342	-0.054743	-0.832046	-0.552282	0.051807
41647	8.990584	-1.765488	1.423374	0.236749	-1.245939	-0.037994	0.002573	0.067080	0.997744	-0.556561	0.829030	-0.054301	-0.830803	-0.555166	0.039467
41648	8.949408	-1.776883	1.455610	0.234357	-1.278373	-0.018865	-0.007994	0.059829	0.998177	-0.558544	0.827710	-0.054085	-0.829437	-0.557957	0.026801
41649	9.245363	-1.702220	1.162044	0.255525	-1.318216	0.003182	-0.018989	0.052516	0.998440	-0.560716	0.826237	-0.054122	-0.827790	-0.560869	0.013757
41650	9.562884	-1.295939	1.173155	0.270431	-1.347378	0.022397	-0.030316	0.045145	0.998520	-0.562982	0.824678	-0.054377	-0.825913	-0.563798	0.000415
41651	9.518786	-1.009140	1.047550	0.233639	-1.390470	0.062253	-0.042195	0.037837	0.998393	-0.564949	0.823286	-0.055077	-0.824047	-0.566364	-0.013363
41652	9.276548	-0.524347	0.704628	0.188472	-1.445238	0.087643	-0.054648	0.030378	0.998043	-0.566492	0.822160	-0.056043	-0.822254	-0.568446	-0.027720
41653	9.059018	-0.027325	0.579647	0.099245	-1.479826	0.091427	-0.067380	0.022756	0.997468	-0.567313	0.821523	-0.057064	-0.820741	-0.569722	-0.042444
41654	8.946742	0.165213	0.540391	-0.005111	-1.518999	0.082108	-0.080364	0.014794	0.996656	-0.567243	0.821510	-0.057933	-0.819620	-0.570002	-0.057628
41655	8.880095	0.172444	0.641407	-0.068812	-1.554962	0.077489	-0.093594	0.006613	0.995588	-0.566674	0.821846	-0.058732	-0.818609	-0.569671	-0.073172
41656	9.014654	0.152130	1.101539	-0.102750	-1.589087	0.059345	-0.106990	-0.001925	0.994258	-0.565806	0.822404	-0.059293	-0.817568	-0.568901	-0.089078
41657	9.284718	0.320956	1.695976	-0.140002	-1.596653	0.051571	-0.120368	-0.010528	0.992674	-0.564673	0.823150	-0.059740	-0.816490	-0.567726	-0.105026
41658	9.334903	0.478140	2.221577	-0.248663	-1.572260	0.050041	-0.133542	-0.019004	0.990861	-0.562609	0.824542	-0.060011	-0.815866	-0.565482	-0.120803
41659	9.367230	0.454238	2.515266	-0.441976	-1.532988	0.052503	-0.146382	-0.027164	0.988855	-0.559001	0.826991	-0.060032	-0.816144	-0.561559	-0.136241
41660	9.307655	0.417016	2.415876	-0.661910	-1.492054	0.058016	-0.158951	-0.034996	0.986666	-0.553534	0.830683	-0.059710	-0.817517	-0.555645	-0.151410
