// General information: 
//  MT Manager version: 2022.2.0 
//  XDA version: 2022.2.0 build 7381 rev 124627 built on 2023-07-19
// Device information: 
//  DeviceId: 00B4CB9F
//  ProductCode: MTW2-3A7G6
//  Firmware Version: 4.6.0
//  Hardware Version: 2.0.0
// Device settings: 
//  Filter Profile: human(46.1)
//  Option Flags: Orientation Smoother Disabled, Position/Velocity Smoother Disabled, Continuous Zero Rotation Update Disabled, AHS Disabled, ICC Disabled
// Coordinate system: ENU
PacketCounter	Acc_X	Acc_Y	Acc_Z	Gyr_X	Gyr_Y	Gyr_Z	Mat[1][1]	Mat[2][1]	Mat[3][1]	Mat[1][2]	Mat[2][2]	Mat[3][2]	Mat[1][3]	Mat[2][3]	Mat[3][3]
13147	9.640200	-0.447058	-1.849393	-0.005867	-0.008596	-0.009294	-0.192032	-0.019949	0.981186	-0.279835	0.959400	-0.035262	-0.940647	-0.281342	-0.189818
13148	9.635022	-0.423835	-1.841699	-0.002411	-0.010436	-0.008795	-0.192053	-0.020083	0.981179	-0.279927	0.959377	-0.035156	-0.940615	-0.281411	-0.189873
13149	9.659576	-0.446335	-1.836891	-0.000713	-0.009993	-0.009587	-0.192170	-0.020182	0.981154	-0.279932	0.959378	-0.035093	-0.940590	-0.281400	-0.190013
13150	9.632328	-0.465176	-1.802350	0.001803	-0.007963	-0.011815	-0.192254	-0.020331	0.981135	-0.280068	0.959342	-0.035000	-0.940532	-0.281514	-0.190132
13151	9.656977	-0.487648	-1.797118	0.000249	-0.003835	-0.008029	-0.192318	-0.020399	0.981121	-0.280079	0.959340	-0.034954	-0.940516	-0.281514	-0.190211
13152	9.685113	-0.455843	-1.792187	0.001128	-0.004977	-0.007385	-0.192471	-0.020477	0.981089	-0.280155	0.959319	-0.034938	-0.940462	-0.281581	-0.190378
13153	9.651867	-0.464011	-1.789183	-0.001081	-0.000703	-0.005720	-0.192512	-0.020514	0.981080	-0.280149	0.959322	-0.034913	-0.940455	-0.281569	-0.190428
13154	9.651927	-0.463362	-1.789026	0.002028	0.003909	-0.007907	-0.192619	-0.020561	0.981058	-0.280207	0.959305	-0.034910	-0.940416	-0.281623	-0.190542
13155	9.641912	-0.418153	-1.771457	0.001210	0.002323	-0.006471	-0.192630	-0.020597	0.981055	-0.280224	0.959301	-0.034882	-0.940409	-0.281634	-0.190562
13156	9.660612	-0.429830	-1.797480	-0.002245	0.004162	-0.006970	-0.192633	-0.020722	0.981052	-0.280449	0.959238	-0.034806	-0.940341	-0.281840	-0.190592
13157	9.665754	-0.451535	-1.805778	-0.000713	0.002874	-0.004203	-0.192645	-0.020735	0.981049	-0.280445	0.959239	-0.034796	-0.940340	-0.281833	-0.190607
13158	9.622541	-0.415123	-1.784749	-0.004881	0.007587	-0.008905	-0.192590	-0.020770	0.981059	-0.280459	0.959237	-0.034749	-0.940347	-0.281840	-0.190565
13159	9.602014	-0.424448	-1.839181	-0.017275	0.009194	-0.002494	-0.192547	-0.020748	0.981068	-0.280296	0.959285	-0.034724	-0.940404	-0.281675	-0.190523
13160	9.640453	-0.436888	-1.850505	-0.016795	0.004364	-0.012003	-0.192627	-0.020847	0.981051	-0.280227	0.959309	-0.034637	-0.940408	-0.281589	-0.190630
13161	9.614806	-0.423481	-1.896772	-0.027429	0.003685	-0.004305	-0.192631	-0.020859	0.981050	-0.279971	0.959386	-0.034575	-0.940484	-0.281326	-0.190647
13162	9.623359	-0.390246	-1.905754	-0.023519	-0.000144	-0.006763	-0.192787	-0.020944	0.981017	-0.279880	0.959414	-0.034518	-0.940479	-0.281221	-0.190824
13163	9.608790	-0.410185	-1.928963	-0.025866	-0.000443	-0.008097	-0.192820	-0.021004	0.981009	-0.279646	0.959486	-0.034422	-0.940542	-0.280973	-0.190881
13164	9.584068	-0.385575	-1.934962	-0.026681	-0.002031	-0.006664	-0.192835	-0.021100	0.981004	-0.279584	0.959508	-0.034320	-0.940557	-0.280891	-0.190926
13165	9.597626	-0.374410	-1.952886	-0.031828	-0.000640	-0.006376	-0.192875	-0.021144	0.980996	-0.279292	0.959596	-0.034229	-0.940636	-0.280586	-0.190987
13166	9.592553	-0.350874	-1.944471	-0.029023	-0.002331	-0.008002	-0.192886	-0.021251	0.980991	-0.279191	0.959630	-0.034108	-0.940663	-0.280463	-0.191032
13167	9.603699	-0.382785	-1.921461	-0.028566	-0.004320	-0.010961	-0.192947	-0.021349	0.980977	-0.278938	0.959708	-0.033978	-0.940726	-0.280188	-0.191128
13168	9.578934	-0.357751	-1.927675	-0.029440	-0.003180	-0.011609	-0.192922	-0.021497	0.980979	-0.278888	0.959728	-0.033816	-0.940746	-0.280107	-0.191148
13169	9.592392	-0.346048	-1.946133	-0.031209	-0.010927	-0.011746	-0.193043	-0.021621	0.980952	-0.278612	0.959813	-0.033673	-0.940803	-0.279805	-0.191309
13170	9.597316	-0.366575	-1.955897	-0.023771	-0.009289	-0.012784	-0.193194	-0.021708	0.980920	-0.278381	0.959883	-0.033586	-0.940840	-0.279558	-0.191487
13171	9.603270	-0.376062	-1.924931	-0.026053	-0.012320	-0.012043	-0.193327	-0.021839	0.980891	-0.278155	0.959954	-0.033450	-0.940880	-0.279306	-0.191660
13172	9.572163	-0.339698	-1.964228	-0.026185	-0.016889	-0.015051	-0.193495	-0.021943	0.980856	-0.277910	0.960028	-0.033347	-0.940917	-0.279043	-0.191858
13173	9.611211	-0.340091	-1.937158	-0.025302	-0.018032	-0.014411	-0.193675	-0.022112	0.980816	-0.277696	0.960096	-0.033189	-0.940944	-0.278796	-0.192087
13174	9.597360	-0.348308	-1.921383	-0.026114	-0.019623	-0.012982	-0.193907	-0.022326	0.980766	-0.277606	0.960127	-0.033029	-0.940922	-0.278671	-0.192374
13175	9.621796	-0.369915	-1.917662	-0.020148	-0.019422	-0.014709	-0.194100	-0.022502	0.980724	-0.277440	0.960180	-0.032879	-0.940931	-0.278474	-0.192614
13176	9.629889	-0.335930	-1.928643	-0.022654	-0.021462	-0.012491	-0.194428	-0.022600	0.980656	-0.277148	0.960267	-0.032818	-0.940950	-0.278168	-0.192966
13177	9.623261	-0.344358	-1.840151	-0.018219	-0.019968	-0.016985	-0.194620	-0.022800	0.980614	-0.277005	0.960314	-0.032649	-0.940952	-0.277989	-0.193212
13178	9.597089	-0.330221	-1.888579	-0.019485	-0.019576	-0.012595	-0.194791	-0.022953	0.980576	-0.276957	0.960331	-0.032539	-0.940931	-0.277916	-0.193420
13179	9.608033	-0.361989	-1.867229	-0.021826	-0.019877	-0.013932	-0.194991	-0.023122	0.980533	-0.276775	0.960389	-0.032392	-0.940943	-0.277703	-0.193666
13180	9.615039	-0.338914	-1.918899	-0.022701	-0.018736	-0.014578	-0.195330	-0.023234	0.980462	-0.276479	0.960476	-0.032320	-0.940960	-0.277391	-0.194034
13181	9.601225	-0.347257	-1.903109	-0.022046	-0.018888	-0.012458	-0.195526	-0.023387	0.980420	-0.276292	0.960535	-0.032188	-0.940974	-0.277175	-0.194271
13182	9.620634	-0.346608	-1.890512	-0.020188	-0.016697	-0.016805	-0.195703	-0.023526	0.980381	-0.276117	0.960589	-0.032067	-0.940988	-0.276976	-0.194487
13183	9.614125	-0.333599	-1.924400	-0.021158	-0.020033	-0.011822	-0.195911	-0.023676	0.980336	-0.275937	0.960645	-0.031943	-0.940998	-0.276769	-0.194734
13184	9.605404	-0.364211	-1.917475	-0.015850	-0.019674	-0.015674	-0.196079	-0.023862	0.980298	-0.275887	0.960664	-0.031799	-0.940978	-0.276686	-0.194949
13185	9.601084	-0.329330	-1.869915	-0.014087	-0.021959	-0.014394	-0.196298	-0.024042	0.980250	-0.275778	0.960700	-0.031663	-0.940964	-0.276547	-0.195213
13186	9.607964	-0.306229	-1.921777	-0.018999	-0.021569	-0.015584	-0.196582	-0.024239	0.980188	-0.275686	0.960731	-0.031533	-0.940932	-0.276422	-0.195544
13187	9.627305	-0.305631	-1.909557	-0.018343	-0.021721	-0.013463	-0.196801	-0.024409	0.980140	-0.275535	0.960778	-0.031398	-0.940930	-0.276242	-0.195808
13188	9.593747	-0.313044	-1.908382	-0.017687	-0.021873	-0.011342	-0.196992	-0.024538	0.980098	-0.275457	0.960803	-0.031310	-0.940913	-0.276143	-0.196030
13189	9.607975	-0.290402	-1.887429	-0.013845	-0.022953	-0.015890	-0.197216	-0.024735	0.980048	-0.275354	0.960838	-0.031160	-0.940896	-0.276005	-0.196303
13190	9.596208	-0.255066	-1.912909	-0.016185	-0.023256	-0.017228	-0.197419	-0.024901	0.980003	-0.275227	0.960878	-0.031029	-0.940891	-0.275849	-0.196549
13191	9.551226	-0.228666	-1.935127	-0.012728	-0.025089	-0.016740	-0.197661	-0.025111	0.979949	-0.275137	0.960909	-0.030873	-0.940867	-0.275722	-0.196843
13192	9.524819	-0.214281	-1.983621	-0.014786	-0.019080	-0.018610	-0.197876	-0.025267	0.979901	-0.274986	0.960956	-0.030751	-0.940865	-0.275544	-0.197098
13193	9.509070	-0.145121	-1.959378	-0.012954	-0.027007	-0.030487	-0.198098	-0.025615	0.979847	-0.274920	0.960984	-0.030460	-0.940838	-0.275414	-0.197411
13194	9.497965	-0.196013	-2.034443	-0.005027	-0.020029	-0.033543	-0.198216	-0.025879	0.979817	-0.274864	0.961008	-0.030222	-0.940829	-0.275307	-0.197601
13195	9.467231	-0.245582	-2.123351	0.005119	-0.017313	-0.038290	-0.198326	-0.026275	0.979784	-0.274984	0.960984	-0.029891	-0.940771	-0.275353	-0.197813
13196	9.435354	-0.305828	-2.252904	0.020640	-0.016964	-0.044826	-0.198321	-0.026673	0.979774	-0.275263	0.960914	-0.029558	-0.940691	-0.275558	-0.197912
13197	9.422106	-0.377912	-2.408698	0.052916	-0.013825	-0.055726	-0.198349	-0.027226	0.979753	-0.275867	0.960754	-0.029151	-0.940508	-0.276064	-0.198076
13198	9.501636	-0.444581	-2.523507	0.098634	0.008626	-0.060942	-0.198159	-0.027677	0.979779	-0.276804	0.960493	-0.028851	-0.940273	-0.276924	-0.197992
13199	9.501397	-0.451815	-2.561454	0.126192	0.041249	-0.077944	-0.197607	-0.028290	0.979873	-0.278140	0.960122	-0.028371	-0.939995	-0.278148	-0.197596
13200	9.457452	-0.335164	-2.526287	0.126225	0.068488	-0.088000	-0.196612	-0.028858	0.980057	-0.279506	0.959741	-0.027813	-0.939798	-0.279400	-0.196763
13201	9.338614	-0.399231	-2.482201	0.108842	0.075728	-0.095634	-0.195684	-0.029544	0.980222	-0.280712	0.959409	-0.027123	-0.939632	-0.280468	-0.196034
13202	9.209770	-0.537788	-2.388549	0.099554	0.057003	-0.109492	-0.194844	-0.030336	0.980365	-0.281807	0.959110	-0.026330	-0.939479	-0.281404	-0.195426
13203	9.257458	-0.641457	-2.413296	0.111199	0.021771	-0.124879	-0.194338	-0.031452	0.980430	-0.283090	0.958758	-0.025357	-0.939198	-0.282478	-0.195227
13204	9.391726	-0.715275	-2.392085	0.138682	-0.003959	-0.140816	-0.194150	-0.032752	0.980425	-0.284597	0.958338	-0.024344	-0.938781	-0.283752	-0.195382
13205	9.427569	-0.672988	-2.314169	0.148492	-0.021347	-0.154196	-0.193962	-0.034269	0.980410	-0.286285	0.957865	-0.023156	-0.938307	-0.285168	-0.195600
13206	9.545982	-0.586575	-2.017391	0.153521	-0.033948	-0.174448	-0.193895	-0.036040	0.980360	-0.288146	0.957338	-0.021795	-0.937751	-0.286713	-0.196008
13207	9.672174	-0.464942	-1.730800	0.132953	-0.033330	-0.185071	-0.193724	-0.037887	0.980324	-0.289747	0.956889	-0.020276	-0.937293	-0.287974	-0.196350
13208	9.826542	-0.440775	-1.445745	0.120045	-0.017271	-0.187745	-0.193439	-0.039581	0.980314	-0.291058	0.956521	-0.018812	-0.936946	-0.288967	-0.196548
13209	9.997610	-0.339651	-1.137944	0.116066	-0.015070	-0.173140	-0.193127	-0.041260	0.980306	-0.292475	0.956115	-0.017378	-0.936568	-0.290071	-0.196719
13210	10.125509	-0.335636	-0.815972	0.118398	-0.004250	-0.147059	-0.192817	-0.042686	0.980306	-0.293986	0.955672	-0.016211	-0.936159	-0.291322	-0.196819
13211	10.186008	-0.426733	-0.362053	0.113613	0.005782	-0.116232	-0.192473	-0.043759	0.980326	-0.295269	0.955291	-0.015330	-0.935826	-0.292410	-0.196789
13212	10.123728	-0.451705	-0.027148	0.087177	0.000406	-0.087423	-0.192299	-0.044526	0.980326	-0.296245	0.954998	-0.014736	-0.935553	-0.293250	-0.196836
13213	9.980403	-0.531642	0.249667	0.005549	-0.024611	-0.063918	-0.192392	-0.045188	0.980277	-0.296416	0.954954	-0.014154	-0.935480	-0.293293	-0.197120
13214	9.833770	-0.629182	0.277384	-0.099584	-0.076669	-0.052747	-0.192985	-0.045959	0.980125	-0.295823	0.955148	-0.013459	-0.935545	-0.292541	-0.197925
13215	9.973372	-0.770896	0.320297	-0.199346	-0.111108	-0.045918	-0.193942	-0.046702	0.979901	-0.294043	0.955709	-0.012648	-0.935909	-0.290586	-0.199084
13216	10.145146	-0.947473	0.398287	-0.276774	-0.103757	-0.029311	-0.194755	-0.047284	0.979711	-0.291739	0.956425	-0.011835	-0.936461	-0.288125	-0.200063
13217	10.157786	-1.164712	0.403202	-0.308131	-0.079266	-0.022866	-0.195483	-0.047710	0.979546	-0.288893	0.957298	-0.011027	-0.937191	-0.285139	-0.200919
13218	10.190198	-1.383027	0.423637	-0.299375	-0.050545	-0.021385	-0.196015	-0.047941	0.979428	-0.286114	0.958139	-0.010361	-0.937932	-0.282259	-0.201526
13219	10.321088	-1.540183	0.354724	-0.236538	-0.001865	-0.016325	-0.196038	-0.048082	0.979417	-0.283923	0.958797	-0.009759	-0.938593	-0.279992	-0.201612
13220	10.426586	-1.740047	0.451471	-0.131672	0.082751	0.003025	-0.195235	-0.047882	0.979587	-0.283084	0.959048	-0.009542	-0.939014	-0.279169	-0.200794
13221	10.469466	-1.731244	0.736876	-0.021175	0.168650	0.022276	-0.193765	-0.047177	0.979913	-0.282839	0.959118	-0.009752	-0.939392	-0.279047	-0.199187
13222	10.620385	-1.739539	1.005970	0.052113	0.265982	0.053226	-0.191393	-0.045827	0.980443	-0.283347	0.958960	-0.010490	-0.939725	-0.279814	-0.196523
13223	10.734205	-1.704594	1.625141	0.100968	0.348743	0.097124	-0.188443	-0.043897	0.981103	-0.284109	0.958721	-0.011673	-0.940091	-0.280940	-0.193135
13224	10.853996	-1.696235	2.319615	0.101909	0.450374	0.162445	-0.184725	-0.041061	0.981932	-0.285058	0.958415	-0.013549	-0.940542	-0.282410	-0.188748
13225	10.808554	-1.656260	3.033227	0.069018	0.580878	0.241835	-0.180001	-0.037080	0.982967	-0.285264	0.958314	-0.016087	-0.941395	-0.283301	-0.183075
13226	10.687438	-1.415362	3.731248	-0.000140	0.705276	0.323183	-0.174373	-0.031809	0.984166	-0.284733	0.958409	-0.019472	-0.942614	-0.283620	-0.176177
13227	10.128111	-1.251300	4.267231	-0.112100	0.810911	0.338908	-0.167736	-0.026243	0.985483	-0.283094	0.958825	-0.022651	-0.944310	-0.282784	-0.168259
13228	11.630186	-1.205505	5.558103	-0.255192	1.004537	0.397122	-0.159297	-0.019409	0.987040	-0.280110	0.959606	-0.026337	-0.946659	-0.280675	-0.158299
13229	11.280187	-2.169472	5.746499	-0.428720	1.562040	0.497831	-0.145916	-0.010254	0.989244	-0.275284	0.960874	-0.030645	-0.950225	-0.276795	-0.143030
13230	10.537898	-2.373507	6.337283	-0.163656	1.861462	0.538608	-0.129694	0.000205	0.991554	-0.273276	0.961264	-0.035943	-0.953152	-0.275630	-0.124614
13231	10.905849	-1.738249	7.730605	-0.203096	2.179235	0.503543	-0.110310	0.011053	0.993836	-0.270734	0.961791	-0.040747	-0.956313	-0.273560	-0.103102
13232	9.715680	-1.346159	7.005629	-0.648068	2.305728	0.439127	-0.089229	0.021684	0.995775	-0.264501	0.963350	-0.044679	-0.960249	-0.267371	-0.080223
13233	8.391230	-0.900434	2.991122	-0.748893	1.486016	0.241856	-0.075618	0.027956	0.996745	-0.257102	0.965261	-0.046578	-0.963421	-0.259787	-0.065804
13234	12.073557	-0.205039	0.251719	-0.221199	0.898153	-0.063972	-0.066801	0.029857	0.997320	-0.255381	0.965745	-0.046017	-0.964530	-0.257771	-0.056888
13235	15.700425	-0.917309	-1.328984	0.154293	1.171155	-0.137292	-0.055203	0.031579	0.997976	-0.256958	0.965385	-0.044762	-0.964845	-0.258909	-0.045178
13236	16.241614	-0.977646	-1.156623	0.699940	1.526025	-0.166200	-0.039903	0.034236	0.998617	-0.264104	0.963509	-0.043585	-0.963668	-0.265478	-0.029405
13237	17.491894	-1.886129	-1.520374	0.916351	2.200246	-0.251752	-0.018095	0.037765	0.999123	-0.273006	0.961127	-0.041273	-0.961842	-0.273513	-0.007081
13238	15.073864	-1.774142	-1.552303	1.604517	2.583981	-0.107072	0.006998	0.044206	0.998998	-0.288812	0.956537	-0.040304	-0.957360	-0.288241	0.019461
13239	13.843004	-0.915916	-2.113584	1.776514	2.356061	-0.003303	0.029445	0.051174	0.998256	-0.305779	0.951273	-0.039746	-0.951647	-0.304075	0.043658
13240	11.959034	0.510326	-2.050804	1.907577	2.174465	0.038180	0.049964	0.058539	0.997034	-0.324434	0.945094	-0.039231	-0.944588	-0.321512	0.066213
13241	11.938371	0.416662	-1.791741	1.881699	2.023761	0.081385	0.068681	0.065999	0.995453	-0.342199	0.938833	-0.038635	-0.937114	-0.337990	0.087064
13242	11.377168	0.828337	-1.049877	2.002614	2.025502	0.097699	0.087118	0.074170	0.993433	-0.361014	0.931790	-0.037909	-0.928482	-0.355341	0.107952
13243	10.439958	1.396015	-0.132067	1.831497	1.928420	0.059956	0.104665	0.081747	0.991142	-0.378011	0.925086	-0.036381	-0.919866	-0.370855	0.127725
13244	10.172661	2.002775	-0.936594	1.633445	1.736629	-0.025085	0.120501	0.088278	0.988780	-0.393262	0.918794	-0.034103	-0.911496	-0.384741	0.145432
13245	9.559011	2.577395	-1.647832	1.508692	1.611074	-0.117709	0.135537	0.093514	0.986349	-0.406817	0.912995	-0.030658	-0.903399	-0.397109	0.161788
13246	8.938005	2.103390	-1.753619	1.193818	1.470321	-0.129088	0.149095	0.098420	0.983913	-0.417721	0.908158	-0.027544	-0.896259	-0.406894	0.176514
13247	8.948925	1.886940	-1.657349	0.872252	1.280197	-0.113882	0.160957	0.102654	0.981608	-0.425354	0.904686	-0.024863	-0.890599	-0.413529	0.189280
13248	8.647274	1.756787	-1.608399	0.621013	1.242249	-0.070971	0.172041	0.107300	0.979229	-0.430751	0.902173	-0.023178	-0.885921	-0.417816	0.201430
13249	8.365726	1.406447	-1.383796	0.408360	1.210889	-0.013901	0.182749	0.112262	0.976729	-0.434353	0.900468	-0.022229	-0.882009	-0.420184	0.213321
13250	8.038508	0.698859	-1.359206	0.305793	1.182595	0.021441	0.192843	0.117593	0.974158	-0.437496	0.898954	-0.021909	-0.878299	-0.421965	0.224803
13251	7.679977	-0.202890	-1.615671	0.319572	1.082092	0.037960	0.202105	0.122523	0.971670	-0.440391	0.897547	-0.021576	-0.874763	-0.423553	0.235356
13252	7.480604	-0.508173	-1.635433	0.440275	1.025482	0.035038	0.210759	0.127354	0.969207	-0.444653	0.895457	-0.020971	-0.870554	-0.426541	0.245354
13253	6.942028	-0.256435	-1.675183	0.555661	0.996118	0.010362	0.219304	0.131728	0.966723	-0.449520	0.893053	-0.019714	-0.865932	-0.430238	0.255065
13254	6.372764	0.090235	-1.363271	0.568578	0.962410	-0.032219	0.227475	0.135618	0.964294	-0.454187	0.890722	-0.018129	-0.861377	-0.433846	0.264213
13255	6.115384	0.186322	-1.038063	0.565412	0.900094	-0.066651	0.235454	0.138960	0.961900	-0.458910	0.888339	-0.016001	-0.856716	-0.437658	0.272933
13256	5.860723	0.249006	-0.944531	0.591799	0.782223	-0.091437	0.242280	0.141703	0.959802	-0.463994	0.885733	-0.013643	-0.852062	-0.442038	0.280345
13257	5.813358	0.409692	-0.843172	0.632607	0.652191	-0.124501	0.248345	0.143512	0.957982	-0.469086	0.883088	-0.010688	-0.847516	-0.446722	0.286630
13258	5.971414	0.743673	-0.631657	0.657183	0.516062	-0.160597	0.253269	0.144633	0.956523	-0.474830	0.880047	-0.007343	-0.842847	-0.452325	0.291565
13259	6.379748	1.086504	-0.169673	0.582137	0.446849	-0.180467	0.257830	0.145090	0.955234	-0.479286	0.877650	-0.003940	-0.838933	-0.456814	0.295824
13260	6.445603	1.272666	0.037987	0.476162	0.371821	-0.186849	0.261689	0.145261	0.954158	-0.483010	0.875614	-0.000832	-0.835596	-0.460650	0.299301
13261	6.411932	1.375709	0.215445	0.469576	0.211783	-0.183510	0.264287	0.144647	0.953535	-0.486468	0.873696	0.002297	-0.832767	-0.464471	0.301272
13262	6.663614	1.526299	0.838833	0.510857	0.052067	-0.180971	0.265546	0.143407	0.953373	-0.490441	0.871457	0.005519	-0.830032	-0.469038	0.301745
13263	7.015191	1.434396	1.527126	0.508209	-0.090355	-0.177211	0.265611	0.141450	0.953647	-0.494206	0.869301	0.008708	-0.827775	-0.473611	0.300802
13264	7.492483	1.133664	2.187362	0.449666	-0.170930	-0.161174	0.264926	0.139282	0.954157	-0.497584	0.867339	0.011548	-0.825969	-0.477832	0.299085
13265	8.021172	0.907236	2.973909	0.343233	-0.241177	-0.159680	0.263674	0.136751	0.954869	-0.500018	0.865901	0.014063	-0.824899	-0.481160	0.296693
13266	8.295734	0.929121	3.865631	0.170485	-0.267088	-0.170899	0.262262	0.134069	0.955638	-0.501174	0.865195	0.016160	-0.824647	-0.483180	0.294100
13267	8.610886	1.145964	4.840655	0.067593	-0.255922	-0.175773	0.260974	0.131321	0.956372	-0.501296	0.865089	0.018007	-0.824982	-0.484124	0.291596
13268	8.752469	1.609633	6.132703	-0.007803	-0.217210	-0.127638	0.259798	0.129192	0.956982	-0.500942	0.865268	0.019183	-0.825567	-0.484376	0.289513
13269	9.063303	1.991592	7.470569	-0.124461	-0.189284	-0.036000	0.258356	0.127974	0.957536	-0.499844	0.865904	0.019137	-0.826685	-0.483563	0.287679
13270	9.625148	2.276903	8.430827	-0.384359	-0.114322	0.104709	0.256884	0.128403	0.957875	-0.497071	0.867543	0.017011	-0.828813	-0.480501	0.286683
13271	9.979275	2.288563	8.942495	-0.663692	-0.014729	0.228845	0.255571	0.130331	0.957965	-0.492169	0.870404	0.012885	-0.832138	-0.474773	0.286595
13272	10.655201	1.810594	9.191516	-0.828741	0.121121	0.329987	0.254984	0.133840	0.957638	-0.486195	0.873820	0.007330	-0.835822	-0.467467	0.287882
13273	11.146665	1.044910	9.027722	-0.877603	0.288100	0.411747	0.255350	0.138792	0.956835	-0.479918	0.877313	0.000818	-0.839330	-0.459412	0.290630
13274	10.725324	0.189410	8.713183	-0.868957	0.330019	0.520020	0.255659	0.144953	0.955838	-0.474070	0.880462	-0.006722	-0.842553	-0.451416	0.293816
13275	10.527480	-0.728691	8.605501	-0.953167	0.251648	0.622341	0.254796	0.151580	0.955041	-0.467633	0.883787	-0.015511	-0.846403	-0.442656	0.296069
13276	10.468553	-1.299547	8.443413	-1.058731	0.232138	0.677001	0.253646	0.158680	0.954193	-0.460473	0.887317	-0.025155	-0.850663	-0.433000	0.298133
13277	11.100943	-1.844385	8.100134	-1.123295	0.388216	0.704019	0.253684	0.166614	0.952829	-0.452704	0.890963	-0.035267	-0.854812	-0.422403	0.301450
13278	12.114069	-2.426697	7.892560	-1.130084	0.817908	0.735538	0.257417	0.176742	0.949999	-0.445112	0.894304	-0.045770	-0.857678	-0.411074	0.308879
13279	10.981975	-2.983873	8.151467	-1.051758	1.528188	0.775083	0.267049	0.189889	0.944790	-0.438145	0.897129	-0.056466	-0.858320	-0.398876	0.322776
13280	6.109487	-2.101020	5.228374	-1.036402	0.510773	0.556066	0.269055	0.197050	0.942752	-0.430891	0.900049	-0.065151	-0.861361	-0.388694	0.327070
13281	7.207480	-1.156561	1.004621	-1.112416	-1.145971	0.084491	0.258722	0.193419	0.946389	-0.421514	0.904150	-0.069554	-0.869131	-0.380921	0.315452
13282	10.994764	-0.352115	-1.937212	-0.793528	-1.053927	-0.227653	0.250519	0.187515	0.949778	-0.414161	0.907513	-0.069929	-0.875049	-0.375843	0.305010
13283	9.601707	0.564537	-0.510779	-0.088410	-0.360770	-0.215993	0.248195	0.184216	0.951033	-0.412874	0.908233	-0.068176	-0.876319	-0.375735	0.301477
13284	6.367414	1.397011	-0.380192	0.346186	-0.632875	-0.160783	0.243339	0.180491	0.953000	-0.415648	0.907151	-0.065677	-0.876369	-0.380130	0.295766
13285	5.355344	1.531620	-1.155871	0.268214	-1.261248	-0.147457	0.232830	0.174347	0.956762	-0.417675	0.906373	-0.063523	-0.878259	-0.384825	0.283852
13286	6.406920	1.710751	-1.942577	-0.121076	-1.492711	-0.077188	0.220034	0.168008	0.960915	-0.416578	0.906902	-0.063175	-0.882070	-0.386396	0.269538
13287	7.708770	1.476293	-3.511833	-0.614959	-1.359743	0.051287	0.207733	0.163260	0.964465	-0.411271	0.909170	-0.065317	-0.887526	-0.383088	0.256009
13288	8.733909	0.732967	-4.144111	-1.057182	-1.126241	0.212233	0.196853	0.161015	0.967121	-0.402420	0.912771	-0.070056	-0.894040	-0.375398	0.244477
13289	9.618153	-0.594861	-2.062927	-1.203956	-1.010865	0.431749	0.186008	0.161235	0.969229	-0.392466	0.916525	-0.077148	-0.900762	-0.366039	0.233760
13290	10.655679	-1.780612	0.423167	-1.082959	-1.275206	0.651368	0.171952	0.162673	0.971581	-0.383972	0.919334	-0.085969	-0.907192	-0.358278	0.220543
13291	11.715108	-2.034041	0.327960	-1.022474	-1.659276	0.720651	0.154049	0.163437	0.974452	-0.375860	0.921775	-0.095183	-0.913782	-0.351595	0.203428
13292	11.800081	-1.570631	-0.876204	-0.854866	-1.669609	0.644690	0.136340	0.163604	0.977059	-0.369025	0.923676	-0.103171	-0.919365	-0.346493	0.186308
13293	10.605547	-1.032792	-0.836691	-0.705718	-1.497228	0.476831	0.120738	0.162875	0.979231	-0.363156	0.925315	-0.109131	-0.923873	-0.342437	0.170869
13294	9.788686	-1.462458	-0.580436	-0.620296	-1.395672	0.295894	0.106758	0.160926	0.981176	-0.357883	0.926894	-0.113083	-0.927643	-0.339074	0.156547
13295	9.639656	-2.426574	-0.322891	-0.484702	-1.292343	0.176521	0.094065	0.158218	0.982914	-0.353578	0.928237	-0.115579	-0.930663	-0.336665	0.143257
13296	9.533673	-3.051125	-0.359594	-0.180139	-1.225145	0.127388	0.082202	0.155327	0.984437	-0.352112	0.928602	-0.117115	-0.932341	-0.337005	0.131025
13297	9.416784	-3.104247	-0.520296	0.197702	-1.196001	0.114057	0.070590	0.152353	0.985802	-0.354063	0.927744	-0.118027	-0.932554	-0.340705	0.119432
13298	9.444357	-2.514750	-0.404622	0.469222	-1.170068	0.119266	0.059244	0.149493	0.986986	-0.358614	0.925906	-0.118716	-0.931604	-0.346914	0.108465
13299	9.384110	-1.855236	-0.245440	0.565629	-1.140301	0.157899	0.048001	0.146978	0.987974	-0.363984	0.923678	-0.119729	-0.930167	-0.353860	0.097835
13300	9.430525	-1.317915	-0.018418	0.567330	-1.137482	0.196567	0.036691	0.144784	0.988783	-0.369442	0.921316	-0.121196	-0.928529	-0.360851	0.087294
13301	9.676049	-0.871671	0.110806	0.463058	-1.123943	0.223419	0.025375	0.142770	0.989431	-0.373827	0.919298	-0.123063	-0.927151	-0.366753	0.076698
13302	9.842398	-0.723588	0.096898	0.167431	-1.129618	0.234657	0.014011	0.140805	0.989938	-0.375476	0.918322	-0.125305	-0.926726	-0.369943	0.065735
13303	9.588798	-1.095817	-0.298019	-0.178557	-1.147557	0.227428	0.002462	0.138668	0.990336	-0.373858	0.918653	-0.127701	-0.927483	-0.369930	0.054103
13304	9.667361	-1.334712	-0.496199	-0.503240	-1.194285	0.212297	-0.009446	0.136253	0.990629	-0.369222	0.920192	-0.130085	-0.929293	-0.366991	0.041616
13305	9.478622	-1.841402	-0.753644	-0.667115	-1.224537	0.168249	-0.021513	0.133356	0.990835	-0.363006	0.922386	-0.132025	-0.931538	-0.362519	0.028566
13306	9.355057	-1.830797	-1.047192	-0.698852	-1.292752	0.088082	-0.033907	0.129541	0.990994	-0.356474	0.924778	-0.133082	-0.933690	-0.357777	0.014821
13307	9.548355	-1.647799	-1.323454	-0.704123	-1.314492	0.011994	-0.046294	0.125000	0.991076	-0.349905	0.927254	-0.133295	-0.935641	-0.352953	0.000812
13308	9.563883	-1.672693	-1.591946	-0.661887	-1.273640	-0.030121	-0.058151	0.120300	0.991033	-0.343829	0.929564	-0.133013	-0.937230	-0.348480	-0.012693
13309	9.627024	-1.556562	-1.660176	-0.632370	-1.283953	-0.054644	-0.070064	0.115366	0.990849	-0.337948	0.931807	-0.132388	-0.938553	-0.344131	-0.026299
13310	9.771815	-1.542676	-1.577856	-0.590718	-1.260291	-0.082070	-0.081655	0.110325	0.990536	-0.332524	0.933892	-0.131427	-0.939553	-0.340108	-0.039571
13311	9.482254	-1.419720	-1.530394	-0.552665	-1.226281	-0.108325	-0.092880	0.105186	0.990106	-0.327438	0.935867	-0.130140	-0.940296	-0.336286	-0.052482
13312	9.509011	-1.204767	-1.327660	-0.465992	-1.229796	-0.132622	-0.104043	0.099853	0.989548	-0.323161	0.937568	-0.128585	-0.940607	-0.333161	-0.065279
13313	9.226421	-1.286147	-1.109069	-0.424490	-1.231184	-0.160916	-0.115163	0.094279	0.988862	-0.319358	0.939122	-0.126730	-0.940610	-0.330396	-0.078043
13314	9.519703	-1.597376	-1.236049	-0.337612	-1.242028	-0.180131	-0.126299	0.088521	0.988035	-0.316354	0.940411	-0.124694	-0.940196	-0.328317	-0.090769
13315	9.792399	-1.788197	-1.185975	-0.187861	-1.194307	-0.165411	-0.137056	0.083070	0.987074	-0.314819	0.941159	-0.122919	-0.939204	-0.327596	-0.102840
13316	9.718504	-1.987831	-1.148174	-0.017461	-1.172559	-0.163472	-0.147561	0.077727	0.985994	-0.314976	0.941311	-0.121343	-0.937558	-0.328470	-0.114419
13317	9.884353	-2.017289	-0.945957	0.139762	-1.170615	-0.162550	-0.158066	0.072361	0.984774	-0.316545	0.940963	-0.119950	-0.935315	-0.330686	-0.125829
13318	9.752985	-1.813568	-0.660318	0.277666	-1.158480	-0.182713	-0.168340	0.066827	0.983461	-0.319416	0.940169	-0.118560	-0.932542	-0.334092	-0.136922
13319	9.457682	-1.794855	-0.606580	0.339986	-1.154193	-0.196411	-0.178510	0.061124	0.982038	-0.322933	0.939143	-0.117156	-0.929434	-0.338046	-0.147908
13320	9.365033	-1.337078	-0.513005	0.358433	-1.167552	-0.201736	-0.188721	0.055299	0.980473	-0.326712	0.938005	-0.115789	-0.926091	-0.342183	-0.158954
13321	9.312572	-0.971678	-0.598931	0.309889	-1.163444	-0.186597	-0.198919	0.049568	0.978761	-0.329948	0.937028	-0.114512	-0.922803	-0.345719	-0.170038
13322	9.181691	-0.561238	-0.462903	0.246777	-1.195147	-0.186421	-0.209335	0.043722	0.976866	-0.332595	0.936254	-0.113177	-0.919543	-0.348592	-0.181449
13323	9.471563	-0.223994	-0.203802	0.071144	-1.277235	-0.221770	-0.220378	0.037206	0.974705	-0.333734	0.936087	-0.111188	-0.916545	-0.349795	-0.193876
13324	9.657730	-0.246773	-0.008331	-0.186876	-1.306726	-0.246956	-0.231540	0.030370	0.972351	-0.332643	0.936794	-0.108469	-0.914187	-0.348561	-0.206803
13325	9.724631	-0.591421	0.070166	-0.393178	-1.359320	-0.243189	-0.243203	0.023395	0.969693	-0.329638	0.938216	-0.105310	-0.912245	-0.345260	-0.220465
13326	9.720314	-1.020842	0.586924	-0.567843	-1.436280	-0.252752	-0.255455	0.016143	0.966686	-0.325190	0.940171	-0.101634	-0.910491	-0.340320	-0.234921
13327	9.948505	-1.790403	0.866600	-0.667707	-1.493045	-0.250229	-0.268284	0.008773	0.963300	-0.319779	0.942447	-0.097643	-0.908716	-0.334240	-0.250038
13328	10.206962	-2.414186	1.297063	-0.729049	-1.525402	-0.242530	-0.281364	0.001476	0.959600	-0.313930	0.944831	-0.093501	-0.906798	-0.327555	-0.265378
13329	10.492379	-2.830883	1.628436	-0.728344	-1.480759	-0.221882	-0.294141	-0.005400	0.955747	-0.307977	0.947181	-0.089432	-0.904782	-0.320654	-0.280268
13330	10.708840	-2.911290	1.846208	-0.648474	-1.388044	-0.172711	-0.306148	-0.011389	0.951916	-0.302743	0.949183	-0.086010	-0.902563	-0.314517	-0.294038
13331	10.731489	-2.726051	2.108817	-0.581649	-1.256914	-0.115370	-0.317186	-0.016379	0.948222	-0.297864	0.950975	-0.083211	-0.900372	-0.308835	-0.306514
13332	10.674541	-2.650929	2.073515	-0.609123	-1.138325	-0.067421	-0.327174	-0.020450	0.944743	-0.292805	0.952754	-0.080778	-0.898456	-0.303054	-0.317704
13333	10.450466	-2.696860	1.622638	-0.657658	-1.035210	-0.054436	-0.336362	-0.024049	0.941426	-0.287087	0.954708	-0.078185	-0.896907	-0.296569	-0.328032
13334	10.525804	-3.077021	0.557324	-0.731930	-0.901752	-0.073172	-0.344177	-0.027345	0.938506	-0.281023	0.956752	-0.075182	-0.895862	-0.289618	-0.336977
13335	10.401064	-3.404125	0.113625	-0.754117	-0.807338	-0.096047	-0.351192	-0.030548	0.935805	-0.274608	0.958875	-0.071754	-0.895128	-0.282179	-0.345138
13336	10.603108	-3.557578	-0.303557	-0.725023	-0.822043	-0.097693	-0.358210	-0.033681	0.933033	-0.268705	0.960785	-0.068479	-0.894138	-0.275240	-0.353213
13337	11.127154	-3.286918	-0.483542	-0.638970	-0.820882	-0.075656	-0.365395	-0.036615	0.930132	-0.263273	0.962493	-0.065536	-0.892846	-0.268825	-0.361330
13338	11.548234	-2.723008	-0.625171	-0.544349	-0.753537	-0.049995	-0.371919	-0.039006	0.927445	-0.258867	0.963838	-0.063273	-0.891439	-0.263617	-0.368568
13339	11.756344	-1.924663	-0.439815	-0.474878	-0.642210	-0.038519	-0.377593	-0.041028	0.925062	-0.254785	0.965059	-0.061196	-0.890230	-0.258799	-0.374853
13340	11.880615	-1.386847	0.008245	-0.439538	-0.547506	-0.052842	-0.382173	-0.042916	0.923094	-0.251524	0.966037	-0.059222	-0.889202	-0.254814	-0.379988
13341	12.344923	-1.224397	0.661614	-0.427078	-0.440657	-0.068712	-0.385969	-0.044666	0.921430	-0.247996	0.967083	-0.057002	-0.888553	-0.250512	-0.384340
13342	13.281375	-1.625035	1.541056	-0.425168	-0.322740	-0.103041	-0.388462	-0.046359	0.920298	-0.244994	0.967983	-0.054652	-0.888299	-0.246698	-0.387382
13343	14.455061	-2.233286	2.409518	-0.423178	-0.134323	-0.134281	-0.389379	-0.047960	0.919828	-0.241761	0.968951	-0.051820	-0.888783	-0.242556	-0.388884
13344	15.152200	-2.867120	3.569784	-0.361509	0.164433	-0.096489	-0.387513	-0.048478	0.920589	-0.239413	0.969644	-0.049718	-0.890233	-0.239667	-0.387356
13345	15.531640	-2.816640	5.816830	-0.233604	0.680623	-0.041042	-0.381395	-0.047222	0.923205	-0.237492	0.970178	-0.048488	-0.893384	-0.237747	-0.381236
13346	14.476878	-2.121821	7.979753	-0.015425	1.314379	-0.029757	-0.369343	-0.044281	0.928238	-0.238069	0.970039	-0.048452	-0.898281	-0.238880	-0.368819
13347	13.357951	0.024944	8.382728	0.498878	1.546496	-0.114089	-0.355193	-0.041621	0.933866	-0.242981	0.968780	-0.049240	-0.902662	-0.244402	-0.354217
13348	11.906631	2.695207	7.719471	0.862756	1.624843	-0.301006	-0.339601	-0.040356	0.939703	-0.252288	0.966376	-0.049673	-0.906103	-0.253945	-0.338364
13349	10.921189	3.763510	7.146227	0.554040	1.607564	-0.457990	-0.323884	-0.040619	0.945225	-0.258847	0.964763	-0.047236	-0.909999	-0.259967	-0.322985
13350	12.129685	3.514054	5.910205	-0.259979	1.809256	-0.618158	-0.305499	-0.041824	0.951273	-0.259077	0.964996	-0.040775	-0.916269	-0.258910	-0.305641
13351	12.087731	2.576629	3.289600	-0.790373	2.138883	-0.581466	-0.284372	-0.041945	0.957796	-0.253528	0.966767	-0.032935	-0.924584	-0.252194	-0.285556
13352	12.293694	0.860353	0.982856	-1.316618	2.136602	-0.466607	-0.263095	-0.041067	0.963895	-0.243176	0.969658	-0.025062	-0.933620	-0.240990	-0.265099
13353	13.543223	-0.571533	-2.807038	-1.768323	2.117063	-0.305892	-0.242560	-0.039079	0.969349	-0.227369	0.973649	-0.017642	-0.943116	-0.224679	-0.245053
13354	13.971718	-1.232174	-6.061526	-1.968688	2.141304	-0.091721	-0.221801	-0.035220	0.974456	-0.209543	0.977721	-0.012357	-0.952311	-0.206931	-0.224240
13355	14.446332	-1.496942	-6.703566	-1.801922	2.004505	0.193843	-0.203072	-0.029310	0.978725	-0.191916	0.981356	-0.010431	-0.960172	-0.189951	-0.204911
13356	16.290050	-1.665504	-5.127758	-1.583614	1.978599	0.411591	-0.184501	-0.021433	0.982599	-0.176539	0.984224	-0.011681	-0.966847	-0.175622	-0.185374
13357	17.287208	-2.211274	-4.961600	-1.195446	2.245143	0.573930	-0.163753	-0.011927	0.986429	-0.163964	0.986348	-0.015293	-0.972780	-0.164244	-0.163473
13358	15.083608	-2.872831	-7.114446	-0.514770	2.376965	0.595471	-0.141244	-0.002007	0.989973	-0.158838	0.987088	-0.020661	-0.977149	-0.160163	-0.139739
13359	14.992679	-2.418747	-7.951548	0.230800	2.264147	0.464302	-0.119880	0.006263	0.992769	-0.160512	0.986702	-0.025607	-0.979727	-0.162421	-0.117281
13360	14.545827	-1.981409	-7.838082	0.813350	2.859051	0.364026	-0.092215	0.014820	0.995629	-0.168730	0.985197	-0.030293	-0.981339	-0.170786	-0.088349
13361	13.261802	-2.471559	-5.747744	1.413836	2.889810	0.461467	-0.064716	0.024525	0.997602	-0.182267	0.982590	-0.035980	-0.981117	-0.184159	-0.059119
13362	13.131031	-2.845895	-4.981710	1.761332	2.814030	0.519889	-0.037940	0.035389	0.998653	-0.199825	0.978919	-0.042281	-0.979097	-0.201160	-0.030068
13363	12.056270	-2.980574	-4.675775	1.789442	2.806105	0.530678	-0.011663	0.046483	0.998851	-0.217216	0.974947	-0.047907	-0.976054	-0.217525	-0.001274
13364	11.393223	-2.751987	-4.769021	1.770750	2.652540	0.558605	0.013022	0.058228	0.998218	-0.234872	0.970550	-0.053550	-0.971939	-0.233757	0.026315
13365	10.958301	-1.763111	-4.533648	1.659834	2.536983	0.527262	0.036290	0.069481	0.996923	-0.251128	0.966203	-0.058199	-0.967273	-0.248243	0.052512
13366	10.384941	-1.185754	-4.896472	1.680618	2.488529	0.509910	0.059030	0.081041	0.994961	-0.267881	0.961428	-0.062416	-0.961642	-0.262847	0.078463
13367	9.751407	-0.421184	-5.195465	1.770940	2.465350	0.493002	0.081242	0.092463	0.992396	-0.285233	0.956201	-0.065741	-0.955009	-0.277723	0.104058
13368	8.794952	0.194909	-5.047051	1.952144	2.386559	0.436477	0.102674	0.103694	0.989295	-0.304416	0.950109	-0.067993	-0.946989	-0.294176	0.129118
13369	8.325970	1.073434	-4.771300	2.057410	2.217316	0.358135	0.122395	0.113828	0.985932	-0.324247	0.943477	-0.068674	-0.938021	-0.311280	0.152385
13370	7.410463	1.426133	-4.976083	2.112865	2.098802	0.264789	0.141084	0.123255	0.982295	-0.344464	0.936333	-0.068014	-0.928138	-0.328769	0.174558
13371	6.974439	2.111299	-5.134570	2.091331	1.957501	0.199758	0.158390	0.131749	0.978547	-0.364103	0.929007	-0.066145	-0.917792	-0.345815	0.195116
13372	6.284837	2.308346	-5.423712	2.099889	1.866403	0.124576	0.174908	0.139702	0.974623	-0.383573	0.921344	-0.063228	-0.906796	-0.362780	0.214736
13373	5.811769	2.049634	-5.304803	2.048770	1.747989	0.101663	0.190206	0.147145	0.970654	-0.402260	0.913579	-0.059667	-0.895549	-0.379107	0.232959
13374	4.775150	2.739422	-5.045900	2.013872	1.632174	0.018487	0.204633	0.153823	0.966677	-0.420418	0.905655	-0.055116	-0.883953	-0.395130	0.249997
13375	4.435545	2.437165	-5.066491	1.777741	1.398046	-0.006026	0.216888	0.159414	0.963092	-0.436065	0.898496	-0.050521	-0.873388	-0.409014	0.264388
13376	4.247963	1.965851	-5.079883	1.528451	1.213728	-0.001767	0.227399	0.164582	0.959793	-0.449493	0.892074	-0.046473	-0.863855	-0.420852	0.276835
13377	3.662578	1.463570	-5.190881	1.340935	1.022885	0.010011	0.236090	0.169051	0.956913	-0.461082	0.886323	-0.042822	-0.855374	-0.431106	0.287199
13378	3.340950	1.260698	-4.870134	1.188091	0.783269	0.010631	0.242675	0.172684	0.954615	-0.471376	0.881045	-0.039546	-0.847888	-0.440385	0.295207
13379	3.350701	0.811476	-4.232618	1.011275	0.550243	0.020918	0.247167	0.175334	0.952978	-0.480010	0.876492	-0.036765	-0.841724	-0.448351	0.300802
13380	3.401888	0.800332	-3.263685	0.829690	0.293321	0.052190	0.249349	0.177221	0.952060	-0.487237	0.872575	-0.034815	-0.836914	-0.455198	0.303925
13381	3.947137	0.868485	-2.227961	0.707840	-0.013587	0.087476	0.248750	0.177941	0.952082	-0.493406	0.869152	-0.033530	-0.833471	-0.461423	0.303999
13382	4.573881	1.538427	-0.941360	0.645130	-0.205277	0.115957	0.246438	0.178073	0.952658	-0.499167	0.865887	-0.032727	-0.830723	-0.467471	0.302276
13383	5.200851	1.840344	0.082665	0.514058	-0.374110	0.138344	0.242582	0.177531	0.953749	-0.503811	0.863201	-0.032534	-0.829053	-0.472617	0.298839
13384	6.652658	1.839252	1.668827	0.369946	-0.535283	0.142975	0.237397	0.176281	0.955284	-0.507306	0.861140	-0.032838	-0.828422	-0.476826	0.293860
13385	8.407298	2.190908	3.708706	0.356240	-0.375734	0.082413	0.233809	0.175210	0.956365	-0.510489	0.859265	-0.032619	-0.827487	-0.480587	0.290347
13386	10.496978	2.634664	6.462947	0.345893	0.043988	0.013233	0.234083	0.175580	0.956230	-0.513453	0.857530	-0.031765	-0.825573	-0.483544	0.290885
13387	11.931074	2.570132	9.708938	0.399823	0.466253	0.025163	0.237738	0.178075	0.954866	-0.516846	0.855522	-0.030867	-0.822406	-0.486180	0.295427
13388	12.149560	1.885646	11.285796	0.556370	0.688656	0.056663	0.243080	0.181963	0.952786	-0.521620	0.852659	-0.029762	-0.817817	-0.489758	0.302179
13389	13.230776	1.388237	11.253487	0.557675	0.886865	0.038483	0.250051	0.186667	0.950069	-0.526300	0.849823	-0.028453	-0.812701	-0.492907	0.310741
13390	13.746360	0.988932	11.188277	0.356714	1.185159	0.049406	0.259391	0.192996	0.946292	-0.529415	0.847907	-0.027811	-0.807735	-0.493767	0.322115
13391	11.841722	-0.109973	10.554024	0.085570	1.217442	0.116136	0.268530	0.200001	0.942280	-0.530451	0.847231	-0.028659	-0.804061	-0.492137	0.333597
13392	10.452141	-1.569944	9.838005	-0.035410	0.836406	0.155291	0.274426	0.205513	0.939391	-0.530712	0.847012	-0.030265	-0.801895	-0.490240	0.341510
13393	9.040377	-1.767172	8.663723	-0.115606	0.573113	0.192025	0.277943	0.209962	0.937371	-0.530356	0.847152	-0.032496	-0.800919	-0.488108	0.346814
13394	7.060479	-1.143553	6.522828	-0.490193	0.347230	0.272823	0.279288	0.214085	0.936037	-0.527344	0.848855	-0.036800	-0.802438	-0.483336	0.349971
13395	7.956667	-0.405703	5.969008	-0.723722	0.312215	0.390060	0.279693	0.218919	0.934798	-0.522657	0.851457	-0.043022	-0.805358	-0.476545	0.352566
13396	5.483116	1.354849	6.322132	-1.102894	1.172871	0.681093	0.285619	0.230392	0.930237	-0.515866	0.855005	-0.053369	-0.807653	-0.464635	0.363057
13397	2.222328	2.133918	-1.819738	-1.791208	-0.249010	0.692846	0.280008	0.235221	0.930735	-0.503312	0.861556	-0.066319	-0.817480	-0.449880	0.359632
13398	8.450077	6.757746	-7.285444	-1.719805	-1.904273	0.218692	0.263231	0.228776	0.937214	-0.489904	0.868593	-0.074428	-0.831086	-0.439553	0.340719
13399	18.935678	9.437975	-4.928119	-1.893729	-1.228985	-0.340744	0.254525	0.220506	0.941591	-0.473207	0.877528	-0.077588	-0.843381	-0.425820	0.327698
13400	23.030798	6.449533	5.764596	-1.286987	1.168931	-0.522371	0.266861	0.220828	0.938094	-0.461044	0.884035	-0.076949	-0.846300	-0.411968	0.337725
13401	13.368867	0.390044	13.971684	-1.287870	2.114334	0.006000	0.284673	0.229445	0.930761	-0.450202	0.889199	-0.081506	-0.846333	-0.395828	0.356427
13402	3.276961	-5.925252	6.371574	-1.702333	-0.662889	0.075685	0.278728	0.227550	0.933023	-0.435985	0.895623	-0.088184	-0.855703	-0.382205	0.348844
13403	8.594962	-6.001266	-6.643736	-1.482051	-3.417515	-0.312254	0.250503	0.211805	0.944662	-0.422403	0.901908	-0.090207	-0.871105	-0.376431	0.315397
13404	11.914427	-1.095295	-11.302076	-1.827212	-3.252098	-0.196569	0.222757	0.197978	0.954560	-0.405962	0.909063	-0.093806	-0.886326	-0.366619	0.282872
13405	9.140375	0.177164	-10.442012	-2.703826	-1.944866	-0.089013	0.205669	0.190264	0.959948	-0.381646	0.918845	-0.100350	-0.901136	-0.345721	0.261592
13406	4.864870	-1.970867	-10.086996	-2.623503	-0.769612	0.126212	0.198229	0.188844	0.961792	-0.358129	0.927373	-0.108274	-0.912386	-0.322983	0.251463
13407	3.489841	-3.897383	-3.909876	-1.715303	-1.097152	0.357584	0.186866	0.188731	0.964086	-0.343138	0.932100	-0.115960	-0.920509	-0.309146	0.238939
13408	9.088108	-6.414006	1.478833	-1.079414	-1.942092	0.465830	0.167333	0.187120	0.967980	-0.333991	0.934527	-0.122917	-0.927604	-0.302729	0.218874
