// General information: 
//  MT Manager version: 2022.2.0 
//  XDA version: 2022.2.0 build 7381 rev 124627 built on 2023-07-19
// Device information: 
//  DeviceId: 00B4CAF0
//  ProductCode: MTW2-3A7G6
//  Firmware Version: 4.6.0
//  Hardware Version: 2.0.0
// Device settings: 
//  Filter Profile: human(46.1)
//  Option Flags: Orientation Smoother Disabled, Position/Velocity Smoother Disabled, Continuous Zero Rotation Update Disabled, AHS Disabled, ICC Disabled
// Coordinate system: ENU
PacketCounter	Acc_X	Acc_Y	Acc_Z	Gyr_X	Gyr_Y	Gyr_Z	Mat[1][1]	Mat[2][1]	Mat[3][1]	Mat[1][2]	Mat[2][2]	Mat[3][2]	Mat[1][3]	Mat[2][3]	Mat[3][3]
19062	4.869472	1.666279	8.787845	0.002777	0.000731	0.002452	0.833512	0.283681	0.474112	-0.398577	0.902997	0.160417	-0.382614	-0.322679	0.865728
19063	4.857126	1.687382	8.812660	0.006353	0.003694	-0.001097	0.833496	0.283699	0.474130	-0.398633	0.902960	0.160482	-0.382592	-0.322765	0.865706
19064	4.867344	1.634191	8.814509	0.002777	0.000731	0.002452	0.833487	0.283706	0.474141	-0.398643	0.902957	0.160478	-0.382600	-0.322769	0.865701
19065	4.834726	1.671959	8.791503	0.004997	0.007319	-0.001044	0.833523	0.283638	0.474119	-0.398574	0.902981	0.160510	-0.382594	-0.322760	0.865707
19066	4.820176	1.660266	8.843151	0.004219	0.006865	0.001646	0.833541	0.283657	0.474075	-0.398583	0.902975	0.160522	-0.382545	-0.322760	0.865728
19067	4.855509	1.688724	8.813293	0.002039	0.003834	-0.001483	0.833580	0.283551	0.474071	-0.398471	0.903022	0.160535	-0.382577	-0.322722	0.865728
19068	4.839143	1.686557	8.831719	0.004817	0.004565	0.000969	0.833592	0.283557	0.474046	-0.398477	0.903016	0.160555	-0.382545	-0.322734	0.865738
19069	4.886902	1.651830	8.836819	0.001603	0.007110	0.000492	0.833660	0.283449	0.473991	-0.398343	0.903073	0.160566	-0.382536	-0.322668	0.865766
19070	4.854035	1.689490	8.813959	0.004219	0.006865	0.001645	0.833679	0.283469	0.473947	-0.398351	0.903067	0.160578	-0.382487	-0.322668	0.865788
19071	4.851441	1.699372	8.781101	0.005139	0.006516	0.003567	0.833674	0.283501	0.473936	-0.398395	0.903043	0.160608	-0.382452	-0.322709	0.865788
19072	4.836905	1.687379	8.832788	0.000066	0.007981	0.002558	0.833692	0.283532	0.473885	-0.398395	0.903048	0.160580	-0.382411	-0.322668	0.865822
19073	4.834505	1.654651	8.859721	0.004220	0.006865	0.001645	0.833761	0.283456	0.473808	-0.398308	0.903076	0.160636	-0.382352	-0.322654	0.865853
19074	4.855635	1.713408	8.821542	0.003120	0.004460	0.001737	0.833770	0.283469	0.473786	-0.398313	0.903074	0.160639	-0.382327	-0.322651	0.865865
19075	4.865421	1.659840	8.823723	-0.000531	0.010281	0.003232	0.833750	0.283622	0.473729	-0.398467	0.903002	0.160663	-0.382210	-0.322718	0.865892
19076	4.850501	1.690130	8.815781	0.002523	0.006760	0.002412	0.833765	0.283648	0.473687	-0.398475	0.902999	0.160657	-0.382169	-0.322703	0.865916
19077	4.831910	1.697353	8.801231	0.002523	0.006760	0.002412	0.833803	0.283627	0.473633	-0.398446	0.903006	0.160690	-0.382118	-0.322701	0.865939
19078	4.849263	1.690274	8.816434	0.002087	0.010036	0.004386	0.833822	0.283681	0.473567	-0.398469	0.902999	0.160671	-0.382051	-0.322672	0.865979
19079	4.844745	1.667153	8.810304	0.005301	0.007490	0.004865	0.833831	0.283697	0.473543	-0.398487	0.902987	0.160695	-0.382014	-0.322692	0.865988
19080	4.847843	1.690483	8.817176	0.001170	0.010384	0.002463	0.833859	0.283735	0.473470	-0.398491	0.902989	0.160677	-0.381948	-0.322655	0.866031
19081	4.850877	1.713794	8.824084	0.004544	0.008814	0.004241	0.833905	0.283684	0.473420	-0.398422	0.903017	0.160690	-0.381920	-0.322621	0.866056
19082	4.785897	1.746092	8.837857	-0.001927	0.010350	0.009907	0.833903	0.283789	0.473359	-0.398475	0.903007	0.160610	-0.381867	-0.322556	0.866104
19083	4.854290	1.603505	8.846928	0.000046	0.006202	0.005868	0.833871	0.283895	0.473353	-0.398584	0.902961	0.160601	-0.381826	-0.322592	0.866108
19084	4.865371	1.673002	8.866656	0.002502	0.004981	0.005724	0.833865	0.283945	0.473333	-0.398620	0.902949	0.160580	-0.381799	-0.322581	0.866124
19085	4.830746	1.719857	8.810601	0.001126	0.006828	0.009088	0.833826	0.284033	0.473348	-0.398702	0.902921	0.160535	-0.381799	-0.322583	0.866124
19086	4.836778	1.642617	8.806334	-0.001329	0.008049	0.009231	0.833819	0.284124	0.473307	-0.398752	0.902911	0.160463	-0.381762	-0.322529	0.866159
19087	4.868039	1.647202	8.770311	0.001496	0.012334	0.005058	0.833874	0.284160	0.473189	-0.398757	0.902904	0.160493	-0.381639	-0.322518	0.866218
19088	4.846470	1.711741	8.826904	-0.001120	0.012579	0.003903	0.833905	0.284218	0.473100	-0.398764	0.902909	0.160449	-0.381563	-0.322454	0.866275
19089	4.843649	1.678663	8.854110	-0.000363	0.011254	0.004527	0.833907	0.284273	0.473062	-0.398795	0.902900	0.160418	-0.381526	-0.322428	0.866301
19090	4.840869	1.688036	8.821475	0.001151	0.008604	0.005774	0.833915	0.284335	0.473010	-0.398826	0.902892	0.160384	-0.381475	-0.322396	0.866336
19091	4.838442	1.655462	8.848364	0.009459	0.006368	0.003956	0.833923	0.284377	0.472973	-0.398896	0.902846	0.160474	-0.381386	-0.322490	0.866340
19092	4.832064	1.642421	8.808958	0.009781	0.008318	0.006552	0.833927	0.284445	0.472924	-0.398966	0.902808	0.160512	-0.381303	-0.322536	0.866359
19093	4.853133	1.659180	8.830612	0.012745	0.011799	0.006990	0.833968	0.284467	0.472838	-0.398996	0.902778	0.160603	-0.381182	-0.322599	0.866389
19094	4.870234	1.652927	8.845812	0.015363	0.011551	0.008145	0.833978	0.284560	0.472764	-0.399101	0.902718	0.160682	-0.381049	-0.322686	0.866415
19095	4.833232	1.668193	8.816429	0.016469	0.013953	0.008051	0.834004	0.284608	0.472690	-0.399169	0.902670	0.160784	-0.380923	-0.322778	0.866437
19096	4.810191	1.652934	8.795575	0.011560	0.016396	0.008333	0.834031	0.284718	0.472575	-0.399261	0.902621	0.160829	-0.380765	-0.322817	0.866491
19097	4.846808	1.672290	8.799225	0.015716	0.015276	0.007425	0.834046	0.284813	0.472491	-0.399377	0.902551	0.160935	-0.380611	-0.322929	0.866517
19098	4.809809	1.645134	8.829640	0.011674	0.011168	0.003767	0.834073	0.284865	0.472414	-0.399431	0.902515	0.161002	-0.380497	-0.322985	0.866547
19099	4.826569	1.638921	8.845028	0.013290	0.018272	0.004250	0.834177	0.284880	0.472220	-0.399433	0.902489	0.161146	-0.380266	-0.323045	0.866626
19100	4.824951	1.682220	8.785931	0.012375	0.018620	0.002327	0.834237	0.284943	0.472076	-0.399478	0.902454	0.161227	-0.380086	-0.323085	0.866689
19101	4.827274	1.663943	8.852872	0.008816	0.017440	0.002561	0.834280	0.285027	0.471950	-0.399556	0.902404	0.161313	-0.379911	-0.323151	0.866742
19102	4.838003	1.643977	8.828831	0.013134	0.017294	0.002951	0.834333	0.285092	0.471818	-0.399609	0.902365	0.161397	-0.379739	-0.323202	0.866798
19103	4.840044	1.668161	8.836102	0.008282	0.023288	-0.003399	0.834460	0.285091	0.471593	-0.399572	0.902359	0.161522	-0.379497	-0.323219	0.866897
19104	4.832331	1.655213	8.797444	0.006394	0.020435	-0.000617	0.834539	0.285133	0.471428	-0.399570	0.902353	0.161565	-0.379326	-0.323201	0.866979
19105	4.812272	1.621132	8.843258	0.014332	0.025016	-0.007088	0.834634	0.285134	0.471258	-0.399567	0.902328	0.161712	-0.379120	-0.323270	0.867044
19106	4.808281	1.631979	8.811022	0.008721	0.020009	-0.005370	0.834730	0.285132	0.471089	-0.399534	0.902327	0.161798	-0.378943	-0.323274	0.867119
19107	4.859998	1.612022	8.856726	0.015445	0.027414	-0.007186	0.834859	0.285153	0.470849	-0.399546	0.902287	0.161993	-0.378648	-0.323367	0.867214
19108	4.791445	1.656025	8.837585	0.018498	0.023890	-0.007996	0.834980	0.285140	0.470642	-0.399528	0.902262	0.162176	-0.378399	-0.323448	0.867292
19109	4.808968	1.683716	8.826740	0.019769	0.027264	-0.006797	0.835145	0.285062	0.470396	-0.399437	0.902264	0.162388	-0.378131	-0.323511	0.867386
19110	4.807255	1.595167	8.783747	0.017157	0.027508	-0.007958	0.835279	0.285061	0.470158	-0.399415	0.902243	0.162559	-0.377857	-0.323570	0.867483
19111	4.767941	1.701874	8.798877	0.018863	0.027607	-0.008725	0.835402	0.285050	0.469947	-0.399406	0.902210	0.162762	-0.377595	-0.323671	0.867559
19112	4.795589	1.675972	8.790208	0.015177	0.027222	-0.013107	0.835556	0.285002	0.469702	-0.399333	0.902211	0.162940	-0.377332	-0.323713	0.867658
19113	4.757046	1.649716	8.821183	0.012530	0.025695	-0.010952	0.835728	0.284902	0.469456	-0.399204	0.902235	0.163120	-0.377087	-0.323733	0.867757
19114	4.816122	1.676724	8.879890	0.014830	0.023494	-0.012386	0.835865	0.284848	0.469245	-0.399135	0.902234	0.163292	-0.376856	-0.323782	0.867839
19115	4.799784	1.709149	8.872146	0.020819	0.021679	-0.009438	0.836006	0.284748	0.469055	-0.399051	0.902230	0.163521	-0.376633	-0.323881	0.867899
19116	4.805417	1.799913	8.825868	0.017576	0.022451	-0.006616	0.836116	0.284743	0.468863	-0.399040	0.902205	0.163689	-0.376401	-0.323958	0.867971
19117	4.787347	1.798957	8.844811	0.009658	0.019647	-0.003465	0.836212	0.284723	0.468703	-0.399002	0.902201	0.163799	-0.376228	-0.323984	0.868036
19118	4.795974	1.746134	8.847724	0.005464	0.018997	0.000750	0.836279	0.284773	0.468553	-0.399008	0.902194	0.163827	-0.376072	-0.323962	0.868112
19119	4.844242	1.743903	8.827403	-0.001427	0.025591	0.005038	0.836318	0.284882	0.468418	-0.399044	0.902189	0.163764	-0.375948	-0.323878	0.868197
19120	4.820218	1.727442	8.807305	-0.002299	0.027705	-0.000207	0.836421	0.284951	0.468190	-0.399012	0.902209	0.163730	-0.375751	-0.323761	0.868326
19121	4.729578	1.710458	8.826916	-0.009226	0.032528	0.007396	0.836538	0.285050	0.467921	-0.398969	0.902246	0.163633	-0.375536	-0.323571	0.868490
19122	4.773428	1.683773	8.800773	-0.010650	0.028174	0.004900	0.836624	0.285167	0.467697	-0.398948	0.902279	0.163502	-0.375368	-0.323377	0.868635
19123	4.741531	1.577568	8.827866	-0.014053	0.027971	0.006423	0.836697	0.285240	0.467522	-0.398881	0.902341	0.163326	-0.375277	-0.323140	0.868762
19124	4.760973	1.592623	8.850724	-0.005891	0.024752	0.003337	0.836775	0.285331	0.467326	-0.398865	0.902363	0.163244	-0.375119	-0.322998	0.868883
19125	4.759948	1.715179	8.869165	-0.006999	0.022351	0.003432	0.836907	0.285262	0.467133	-0.398681	0.902457	0.163170	-0.375021	-0.322794	0.869001
19126	4.736501	1.698293	8.848788	-0.005653	0.018730	0.003397	0.836962	0.285334	0.466989	-0.398666	0.902478	0.163089	-0.374912	-0.322672	0.869094
19127	4.760491	1.737099	8.877608	-0.005218	0.015456	0.001435	0.837022	0.285320	0.466889	-0.398587	0.902524	0.163031	-0.374863	-0.322556	0.869158
19128	4.789857	1.708660	8.868636	-0.001502	0.007075	0.007905	0.837017	0.285396	0.466854	-0.398625	0.902519	0.162965	-0.374835	-0.322504	0.869189
19129	4.769593	1.724836	8.820884	0.001472	0.010550	0.008343	0.836982	0.285536	0.466830	-0.398755	0.902466	0.162938	-0.374773	-0.322527	0.869207
19130	4.742416	1.775681	8.837326	0.000361	0.008151	0.008439	0.836978	0.285619	0.466786	-0.398805	0.902453	0.162886	-0.374729	-0.322489	0.869240
19131	4.756230	1.744628	8.846199	-0.007132	0.002076	0.009618	0.836900	0.285757	0.466842	-0.398929	0.902419	0.162778	-0.374772	-0.322465	0.869230
19132	4.784389	1.682890	8.863576	-0.008041	0.002423	0.007692	0.836877	0.285815	0.466847	-0.398941	0.902435	0.162656	-0.374810	-0.322368	0.869250
19133	4.776716	1.635457	8.850897	-0.007406	0.001895	0.003709	0.836873	0.285786	0.466873	-0.398883	0.902476	0.162569	-0.374882	-0.322278	0.869253
19134	4.770056	1.711405	8.855482	-0.007247	0.002870	0.005004	0.836862	0.285822	0.466870	-0.398876	0.902498	0.162467	-0.374912	-0.322186	0.869274
19135	4.793721	1.759049	8.850563	-0.014219	0.001491	0.006752	0.836818	0.285896	0.466904	-0.398906	0.902511	0.162320	-0.374979	-0.322082	0.869283
19136	4.798030	1.647946	8.873254	-0.012038	0.004517	0.009878	0.836795	0.285980	0.466894	-0.398922	0.902534	0.162153	-0.375015	-0.321943	0.869319
19137	4.781734	1.686419	8.832071	-0.007950	0.010389	0.010222	0.836795	0.286069	0.466838	-0.398951	0.902540	0.162050	-0.374983	-0.321848	0.869369
19138	4.785950	1.618200	8.795029	-0.003361	0.005995	0.007370	0.836787	0.286136	0.466812	-0.398978	0.902542	0.161971	-0.374971	-0.321783	0.869398
19139	4.744615	1.656902	8.862651	-0.000747	0.005748	0.008535	0.836781	0.286140	0.466820	-0.398960	0.902561	0.161910	-0.375004	-0.321726	0.869405
19140	4.760450	1.658948	8.844780	0.000797	0.004874	0.006479	0.836773	0.286195	0.466802	-0.398995	0.902552	0.161872	-0.374986	-0.321701	0.869422
19141	4.795953	1.644540	8.875008	0.000478	0.002924	0.003887	0.836801	0.286115	0.466800	-0.398902	0.902596	0.161857	-0.375022	-0.321650	0.869425
19142	4.745853	1.689213	8.836514	0.005748	0.004201	0.002902	0.836804	0.286136	0.466782	-0.398926	0.902582	0.161878	-0.374990	-0.321672	0.869431
19143	4.747660	1.722164	8.809953	0.001272	0.003373	0.001201	0.836839	0.286079	0.466754	-0.398864	0.902605	0.161901	-0.374978	-0.321657	0.869441
19144	4.763389	1.682357	8.851679	0.001660	-0.001670	0.002557	0.836821	0.286078	0.466787	-0.398870	0.902605	0.161889	-0.375011	-0.321659	0.869426
19145	4.756039	1.635935	8.838600	0.002410	-0.002993	0.003187	0.836806	0.286035	0.466840	-0.398849	0.902612	0.161900	-0.375066	-0.321678	0.869396
19146	4.780019	1.685154	8.833241	0.004791	-0.001648	-0.004872	0.836818	0.285966	0.466860	-0.398805	0.902623	0.161949	-0.375086	-0.321708	0.869376
19147	4.767710	1.706497	8.857692	0.005226	-0.000495	0.002332	0.836845	0.285889	0.466860	-0.398745	0.902639	0.162004	-0.375091	-0.321730	0.869366
19148	4.746240	1.690787	8.836006	0.005658	-0.003767	0.000371	0.836828	0.285861	0.466907	-0.398748	0.902632	0.162036	-0.375125	-0.321774	0.869334
19149	4.766661	1.716634	8.824069	0.001298	-0.005391	0.003283	0.836809	0.285816	0.466968	-0.398728	0.902639	0.162046	-0.375188	-0.321795	0.869300
19150	4.771083	1.739657	8.830238	-0.001359	-0.006914	0.005434	0.836761	0.285824	0.467051	-0.398746	0.902640	0.161994	-0.375277	-0.321785	0.869265
19151	4.741683	1.766805	8.839498	-0.009284	-0.009714	0.008571	0.836676	0.285822	0.467203	-0.398747	0.902664	0.161859	-0.375465	-0.321720	0.869208
19152	4.752766	1.711917	8.841413	-0.010465	-0.005119	0.009901	0.836616	0.285875	0.467277	-0.398769	0.902682	0.161707	-0.375575	-0.321622	0.869197
19153	4.757415	1.733345	8.847780	-0.017638	-0.009242	0.013668	0.836567	0.285803	0.467411	-0.398644	0.902778	0.161476	-0.375818	-0.321415	0.869168
19154	4.758407	1.730812	8.847743	-0.023335	-0.007247	0.016614	0.836472	0.285910	0.467515	-0.398672	0.902819	0.161180	-0.375998	-0.321208	0.869167
19155	4.775597	1.687859	8.889258	-0.025961	-0.017539	0.020842	0.836357	0.285907	0.467722	-0.398612	0.902903	0.160854	-0.376318	-0.320971	0.869116
19156	4.757519	1.659147	8.900461	-0.022712	-0.018315	0.018023	0.836216	0.285991	0.467924	-0.398654	0.902937	0.160558	-0.376588	-0.320801	0.869062
19157	4.769818	1.602835	8.901887	-0.019666	-0.021838	0.017223	0.836095	0.286020	0.468121	-0.398670	0.902969	0.160342	-0.376838	-0.320687	0.868995
19158	4.776104	1.623897	8.907453	-0.013699	-0.028081	0.011012	0.835944	0.286009	0.468397	-0.398688	0.902994	0.160156	-0.377153	-0.320626	0.868881
19159	4.759352	1.638938	8.858089	-0.012516	-0.032679	0.009676	0.835789	0.285977	0.468694	-0.398718	0.903003	0.160030	-0.377467	-0.320628	0.868744
19160	4.752371	1.690928	8.854654	-0.012873	-0.036404	0.010395	0.835609	0.285935	0.469040	-0.398733	0.903027	0.159855	-0.377848	-0.320598	0.868589
19161	4.811659	1.700423	8.871422	-0.015519	-0.037933	0.012543	0.835423	0.285924	0.469378	-0.398788	0.903031	0.159697	-0.378202	-0.320597	0.868436
19162	4.829676	1.710123	8.818592	-0.019702	-0.038590	0.016748	0.835209	0.285932	0.469753	-0.398831	0.903059	0.159433	-0.378628	-0.320512	0.868282
19163	4.832876	1.707460	8.817355	-0.020941	-0.027002	0.019327	0.835082	0.285879	0.470011	-0.398765	0.903133	0.159176	-0.378978	-0.320349	0.868189
19164	4.845440	1.783371	8.802890	-0.028199	-0.025914	0.027650	0.834873	0.286026	0.470294	-0.398866	0.903157	0.158786	-0.379332	-0.320151	0.868107
19165	4.804208	1.704687	8.819092	-0.036330	-0.022699	0.030735	0.834684	0.286157	0.470550	-0.398915	0.903214	0.158339	-0.379697	-0.319873	0.868050
19166	4.808830	1.599952	8.807633	-0.035472	-0.016061	0.033903	0.834487	0.286392	0.470756	-0.399040	0.903243	0.157857	-0.379998	-0.319580	0.868026
19167	4.822854	1.574374	8.782816	-0.037879	-0.013063	0.030722	0.834321	0.286556	0.470950	-0.399087	0.903305	0.157382	-0.380313	-0.319257	0.868007
19168	4.840363	1.530018	8.824155	-0.027874	-0.015214	0.028161	0.834150	0.286742	0.471140	-0.399193	0.903326	0.156993	-0.380577	-0.319031	0.867975
19169	4.830037	1.589859	8.788937	-0.020713	-0.011088	0.024395	0.834002	0.286878	0.471319	-0.399279	0.903341	0.156690	-0.380810	-0.318867	0.867933
19170	4.845013	1.647114	8.841373	-0.015028	-0.013086	0.021436	0.833866	0.287010	0.471479	-0.399378	0.903340	0.156444	-0.381005	-0.318751	0.867890
19171	4.800299	1.580247	8.824794	-0.011657	-0.004108	0.017856	0.833767	0.287156	0.471566	-0.399494	0.903318	0.156271	-0.381100	-0.318682	0.867874
19172	4.809063	1.624748	8.837733	-0.011430	-0.010133	0.017897	0.833656	0.287265	0.471696	-0.399577	0.903316	0.156073	-0.381256	-0.318590	0.867839
19173	4.761896	1.748412	8.876715	-0.012211	-0.010590	0.020580	0.833542	0.287326	0.471859	-0.399615	0.903336	0.155860	-0.381465	-0.318478	0.867788
19174	4.781574	1.738573	8.891190	-0.020669	-0.019874	0.026441	0.833360	0.287481	0.472087	-0.399734	0.903338	0.155541	-0.381739	-0.318331	0.867722
19175	4.825947	1.644106	8.915521	-0.020275	-0.024931	0.027776	0.833140	0.287653	0.472370	-0.399902	0.903315	0.155246	-0.382042	-0.318243	0.867620
19176	4.842503	1.610365	8.923061	-0.022551	-0.022737	0.029207	0.832935	0.287824	0.472627	-0.400036	0.903315	0.154898	-0.382348	-0.318088	0.867543
19177	4.857806	1.628890	8.837728	-0.016177	-0.029634	0.033483	0.832679	0.287965	0.472992	-0.400195	0.903298	0.154582	-0.382738	-0.318006	0.867400
19178	4.826909	1.630493	8.839929	-0.019230	-0.027899	0.037598	0.832421	0.288196	0.473306	-0.400412	0.903264	0.154223	-0.383073	-0.317895	0.867293
19179	4.842086	1.606325	8.814102	-0.018609	-0.028416	0.033613	0.832168	0.288381	0.473637	-0.400605	0.903233	0.153905	-0.383421	-0.317816	0.867169
19180	4.798949	1.628796	8.841170	-0.016571	-0.026380	0.035441	0.831924	0.288597	0.473934	-0.400813	0.903196	0.153579	-0.383733	-0.317725	0.867064
19181	4.874157	1.638551	8.839990	-0.022956	-0.031842	0.039820	0.831659	0.288716	0.474327	-0.400916	0.903220	0.153166	-0.384200	-0.317548	0.866922
19182	4.939159	1.478681	8.807596	-0.014212	-0.024199	0.043165	0.831392	0.289009	0.474617	-0.401197	0.903153	0.152824	-0.384485	-0.317472	0.866824
19183	4.896022	1.544073	8.775228	-0.007229	-0.021046	0.038103	0.831207	0.289113	0.474877	-0.401304	0.903148	0.152577	-0.384772	-0.317393	0.866725
19184	4.971638	1.502593	8.866995	-0.004634	-0.012524	0.037217	0.831009	0.289389	0.475056	-0.401572	0.903067	0.152346	-0.384921	-0.317370	0.866667
19185	4.996706	1.459289	8.817109	0.004353	0.001455	0.031950	0.830907	0.289566	0.475126	-0.401739	0.903014	0.152224	-0.384967	-0.317361	0.866650
19186	4.871443	1.599967	8.757820	0.004745	0.006971	0.027935	0.830821	0.289820	0.475123	-0.401966	0.902930	0.152117	-0.384916	-0.317366	0.866671
19187	4.845228	1.650098	8.774751	-0.000892	0.010762	0.027594	0.830797	0.289963	0.475077	-0.402046	0.902917	0.151988	-0.384884	-0.317274	0.866719
19188	4.812622	1.643623	8.811764	-0.008758	0.009756	0.027425	0.830723	0.290221	0.475048	-0.402217	0.902878	0.151768	-0.384864	-0.317149	0.866773
19189	4.818272	1.654437	8.852051	-0.018343	0.006863	0.031322	0.830613	0.290485	0.475079	-0.402377	0.902859	0.151454	-0.384935	-0.316960	0.866811
19190	4.834043	1.610990	8.893922	-0.017784	0.002770	0.033947	0.830486	0.290780	0.475121	-0.402567	0.902830	0.151124	-0.385009	-0.316774	0.866846
19191	4.846124	1.544352	8.928955	-0.013520	-0.000981	0.040944	0.830334	0.291077	0.475205	-0.402791	0.902780	0.150824	-0.385105	-0.316642	0.866852
19192	4.815332	1.536615	8.965167	-0.009899	-0.015603	0.041485	0.830106	0.291381	0.475417	-0.403074	0.902703	0.150526	-0.385300	-0.316581	0.866787
19193	4.806047	1.597515	8.929682	-0.001642	-0.019669	0.042978	0.829860	0.291628	0.475696	-0.403350	0.902618	0.150296	-0.385541	-0.316597	0.866674
19194	4.881470	1.650109	8.868987	-0.015919	-0.027915	0.050484	0.829547	0.291974	0.476027	-0.403684	0.902534	0.149904	-0.385863	-0.316517	0.866560
19195	4.831054	1.668046	8.823462	-0.025122	-0.027079	0.053667	0.829255	0.292282	0.476347	-0.403942	0.902494	0.149447	-0.386220	-0.316346	0.866464
19196	4.808384	1.624336	8.794403	-0.027514	-0.032849	0.052533	0.828915	0.292631	0.476724	-0.404248	0.902441	0.148943	-0.386630	-0.316176	0.866343
19197	4.939311	1.509775	8.825869	-0.026423	-0.034052	0.059038	0.828571	0.292962	0.477119	-0.404542	0.902391	0.148445	-0.387059	-0.316012	0.866211
19198	4.948740	1.470634	8.760194	-0.021359	-0.026775	0.058012	0.828232	0.293380	0.477451	-0.404916	0.902302	0.147969	-0.387394	-0.315880	0.866109
19199	4.917647	1.471313	8.762757	-0.016298	-0.019497	0.056988	0.827928	0.293809	0.477714	-0.405313	0.902188	0.147575	-0.387629	-0.315806	0.866031
19200	4.967278	1.431050	8.767142	-0.020821	-0.006303	0.057836	0.827669	0.294290	0.477868	-0.405687	0.902097	0.147105	-0.387792	-0.315619	0.866027
19201	4.933886	1.384683	8.666547	-0.015131	0.004070	0.046246	0.827489	0.294687	0.477935	-0.405990	0.902018	0.146754	-0.387860	-0.315474	0.866049
19202	4.903748	1.410262	8.677286	-0.003075	0.018097	0.033586	0.827422	0.295026	0.477842	-0.406232	0.901941	0.146552	-0.387749	-0.315375	0.866135
19203	4.841319	1.475027	8.665297	-0.005430	0.017734	0.022564	0.827459	0.295095	0.477735	-0.406193	0.901984	0.146395	-0.387709	-0.315188	0.866221
19204	4.915728	1.466543	8.732202	-0.007256	0.020270	0.015434	0.827475	0.295276	0.477596	-0.406269	0.901975	0.146244	-0.387597	-0.315046	0.866323
19205	4.963630	1.462497	8.711937	-0.004596	0.032388	0.007970	0.827578	0.295385	0.477350	-0.406257	0.901992	0.146170	-0.387389	-0.314894	0.866471
19206	4.821330	1.549801	8.765577	-0.005689	0.040583	0.002730	0.827723	0.295516	0.477017	-0.406234	0.902015	0.146093	-0.387103	-0.314705	0.866667
19207	4.768243	1.551731	8.789040	-0.012631	0.030439	0.006499	0.827789	0.295677	0.476801	-0.406261	0.902025	0.145952	-0.386932	-0.314524	0.866809
19208	4.821809	1.560519	8.808762	-0.017463	0.027720	0.002211	0.827887	0.295763	0.476579	-0.406188	0.902087	0.145776	-0.386800	-0.314267	0.866961
19209	4.842638	1.474611	8.819944	-0.012609	0.023441	0.005224	0.827959	0.295783	0.476441	-0.406085	0.902159	0.145616	-0.386755	-0.314040	0.867064
19210	4.824524	1.470861	8.839497	-0.015220	0.023714	0.004066	0.828034	0.295873	0.476256	-0.406035	0.902208	0.145451	-0.386647	-0.313815	0.867193
19211	4.807343	1.509627	8.799550	-0.019154	0.018827	0.004989	0.828149	0.295817	0.476091	-0.405832	0.902327	0.145278	-0.386614	-0.313525	0.867313
19212	4.835586	1.479389	8.790662	-0.018583	0.016527	0.004310	0.828195	0.295886	0.475968	-0.405772	0.902386	0.145082	-0.386579	-0.313290	0.867413
19213	4.924185	1.482679	8.806545	-0.016890	0.016622	0.003550	0.828223	0.296001	0.475847	-0.405785	0.902403	0.144938	-0.386504	-0.313133	0.867504
19214	4.985945	1.447576	8.794514	-0.012963	0.028496	0.003900	0.828317	0.296104	0.475620	-0.405743	0.902445	0.144793	-0.386347	-0.312914	0.867653
19215	4.909062	1.443909	8.763320	-0.007668	0.040338	-0.002400	0.828451	0.296176	0.475340	-0.405675	0.902489	0.144709	-0.386130	-0.312718	0.867820
19216	4.909460	1.466322	8.772260	-0.008444	0.046857	0.001547	0.828625	0.296315	0.474950	-0.405631	0.902524	0.144614	-0.385803	-0.312486	0.868049
19217	4.857467	1.548694	8.874243	-0.009895	0.051321	-0.002994	0.828860	0.296388	0.474495	-0.405511	0.902585	0.144568	-0.385424	-0.312240	0.868305
19218	4.969819	1.491773	8.908363	-0.007636	0.056103	-0.003161	0.829088	0.296512	0.474018	-0.405432	0.902632	0.144503	-0.385017	-0.311988	0.868577
19219	4.855217	1.503419	8.848397	-0.012318	0.059533	-0.001597	0.829342	0.296579	0.473532	-0.405267	0.902723	0.144396	-0.384643	-0.311660	0.868860
19220	4.760744	1.587359	8.881271	-0.012337	0.057725	0.001693	0.829557	0.296752	0.473047	-0.405209	0.902770	0.144266	-0.384241	-0.311360	0.869145
19221	4.793307	1.560845	8.946869	-0.017605	0.047680	0.004682	0.829687	0.296931	0.472706	-0.405183	0.902813	0.144069	-0.383986	-0.311065	0.869364
19222	4.791691	1.501963	8.877802	-0.014309	0.035482	0.011784	0.829775	0.297126	0.472429	-0.405202	0.902835	0.143875	-0.383777	-0.310813	0.869546
19223	4.719068	1.567813	8.957263	-0.012607	0.028591	0.009754	0.829903	0.297179	0.472172	-0.405104	0.902899	0.143749	-0.383605	-0.310576	0.869707
19224	4.798004	1.482304	9.019471	-0.004841	0.010198	0.017293	0.829871	0.297344	0.472123	-0.405204	0.902876	0.143611	-0.383567	-0.310485	0.869756
19225	4.825374	1.420253	9.035854	0.010432	-0.009143	0.022434	0.829777	0.297396	0.472257	-0.405304	0.902834	0.143594	-0.383665	-0.310559	0.869686
19226	4.755920	1.308703	9.022493	0.033640	-0.023908	0.021177	0.829599	0.297490	0.472509	-0.405585	0.902680	0.143773	-0.383754	-0.310916	0.869520
19227	4.571796	1.392834	9.125526	0.052352	-0.055236	0.018962	0.829347	0.297385	0.473018	-0.405836	0.902506	0.144153	-0.384033	-0.311521	0.869180
19228	4.580895	1.624197	9.315104	0.058199	-0.108057	0.030751	0.828806	0.297303	0.474016	-0.406290	0.902246	0.144499	-0.384719	-0.312350	0.868579
19229	4.875654	1.526544	9.480002	0.071434	-0.158698	0.062423	0.828000	0.297241	0.475461	-0.406946	0.901894	0.144852	-0.385759	-0.313425	0.867730
19230	4.349413	1.478375	9.374432	0.091933	-0.198301	0.091577	0.826861	0.297422	0.477328	-0.408034	0.901346	0.145199	-0.387052	-0.314826	0.866646
19231	4.389887	1.569215	9.226038	0.075104	-0.255730	0.117811	0.825386	0.297652	0.479730	-0.409283	0.900764	0.145295	-0.388876	-0.316270	0.865303
19232	3.935588	2.328480	9.138132	0.086574	-0.341199	0.147653	0.823449	0.297877	0.482908	-0.410814	0.900064	0.145319	-0.391361	-0.318049	0.863529
19233	4.208619	3.133385	9.579083	0.030560	-0.465442	0.181246	0.820916	0.297868	0.487207	-0.412256	0.899505	0.144690	-0.395147	-0.319632	0.861216
19234	3.294650	2.227461	9.751125	-0.025242	-0.576330	0.225760	0.817692	0.298029	0.492502	-0.413981	0.898927	0.143353	-0.400000	-0.321105	0.858424
19235	2.544608	-1.572414	10.376743	0.492433	-0.828678	0.449524	0.812503	0.299307	0.500254	-0.419560	0.896015	0.145347	-0.404732	-0.327981	0.853593
19236	3.317195	2.465303	11.063935	0.521828	-1.041938	0.825705	0.804752	0.303208	0.510332	-0.428340	0.891810	0.145600	-0.410972	-0.335768	0.847562
19237	3.887793	4.473445	10.797123	0.577327	-1.208250	0.910306	0.795765	0.307219	0.521895	-0.438054	0.887054	0.145753	-0.418171	-0.344603	0.840465
19238	5.689646	5.227616	12.381219	0.271114	-1.345734	0.925272	0.785981	0.310705	0.534506	-0.446493	0.883267	0.143122	-0.427642	-0.351144	0.832958
19239	8.350803	3.773939	14.735190	0.144797	-1.151936	0.785335	0.777539	0.313423	0.545159	-0.453108	0.880378	0.140102	-0.436035	-0.355951	0.826543
19240	5.431922	3.608250	13.867162	0.161258	-0.715622	0.595375	0.771688	0.316074	0.551902	-0.458401	0.877942	0.138154	-0.440870	-0.359604	0.822386
19241	1.364589	2.936086	11.631663	0.221499	-0.695634	0.553107	0.766143	0.318254	0.558337	-0.463462	0.875473	0.136934	-0.445229	-0.363679	0.818235
19242	0.948825	2.084036	11.311483	0.326906	-0.891240	0.613965	0.759286	0.320330	0.566457	-0.469583	0.872329	0.136136	-0.450529	-0.369365	0.812769
19243	2.513168	2.064751	12.673757	0.429351	-0.876749	0.708737	0.752000	0.323157	0.574513	-0.476791	0.868500	0.135567	-0.455155	-0.375869	0.807190
19244	2.708254	2.289945	13.189616	0.443780	-0.616181	0.802658	0.745328	0.327754	0.580571	-0.484800	0.864222	0.134494	-0.457662	-0.381704	0.803024
19245	1.316873	2.156437	12.393200	0.402290	-0.363856	0.898119	0.739278	0.334107	0.584672	-0.493323	0.859694	0.132507	-0.458368	-0.386392	0.800375
19246	0.306573	1.749508	11.513676	0.414618	-0.219334	0.950906	0.733540	0.341383	0.587688	-0.502200	0.854888	0.130238	-0.457946	-0.390671	0.798537
19247	0.147919	2.044088	11.129084	0.451901	-0.106592	0.947851	0.728241	0.349087	0.589749	-0.511236	0.849815	0.128264	-0.456403	-0.394908	0.797336
19248	-0.073964	2.563635	10.879549	0.414418	0.032752	0.903240	0.723734	0.356848	0.590651	-0.519655	0.845000	0.126227	-0.454056	-0.398289	0.796994
19249	-0.617651	2.598376	10.422116	0.344843	0.152939	0.797427	0.720250	0.364251	0.590391	-0.527034	0.840709	0.124270	-0.451082	-0.400661	0.797493
19250	-0.906197	2.512499	10.095993	0.312365	0.223875	0.652047	0.717801	0.370597	0.589423	-0.533102	0.837076	0.122906	-0.447844	-0.402445	0.798420
19251	-0.530901	2.572323	10.329057	0.297675	0.325036	0.462222	0.716807	0.375795	0.587338	-0.537717	0.834176	0.122519	-0.443901	-0.403644	0.800015
19252	-0.058653	2.534168	10.562273	0.300462	0.490859	0.239629	0.717683	0.379751	0.583713	-0.540737	0.832074	0.123513	-0.438788	-0.404278	0.802511
19253	0.001211	2.518207	10.582246	0.306910	0.687610	-0.002308	0.720706	0.382574	0.578118	-0.542072	0.830839	0.125955	-0.432136	-0.404158	0.806173
19254	-0.010417	2.489945	10.480594	0.296536	0.873865	-0.243385	0.725768	0.384057	0.570755	-0.541557	0.830592	0.129740	-0.424237	-0.403257	0.810806
19255	0.298389	2.357222	10.428821	0.280698	1.045541	-0.458045	0.732737	0.384446	0.561514	-0.539330	0.831258	0.134659	-0.414994	-0.401511	0.816437
19256	0.627632	2.192788	10.481713	0.257437	1.231699	-0.645094	0.741253	0.383986	0.550544	-0.535606	0.832724	0.140345	-0.404560	-0.398906	0.822925
19257	0.809597	2.007383	10.480193	0.213931	1.402225	-0.779474	0.751034	0.383150	0.537720	-0.530712	0.834811	0.146405	-0.392800	-0.395330	0.830315
19258	0.992693	1.775106	10.441420	0.177960	1.533155	-0.893735	0.761679	0.381682	0.523606	-0.524617	0.837546	0.152621	-0.380292	-0.390941	0.838179
19259	1.289179	1.702014	10.477894	0.140304	1.662856	-0.977010	0.772992	0.380073	0.507964	-0.517730	0.840670	0.158841	-0.366659	-0.385771	0.846606
19260	1.524681	1.726596	10.516805	0.079744	1.768548	-1.052639	0.784762	0.377951	0.491224	-0.509794	0.844371	0.164765	-0.352502	-0.379725	0.855308
19261	1.626507	1.737493	10.427867	-0.005383	1.845474	-1.104280	0.796702	0.375708	0.473402	-0.501153	0.848494	0.170010	-0.337805	-0.372695	0.864284
19262	1.855703	1.721778	10.537650	-0.086770	1.869258	-1.133358	0.808510	0.372938	0.455224	-0.491747	0.853073	0.174505	-0.323260	-0.364944	0.873109
19263	2.963951	1.801358	11.012426	-0.139643	1.911408	-1.162850	0.820183	0.370089	0.436273	-0.481999	0.857802	0.178476	-0.308184	-0.356666	0.881937
19264	3.525308	2.072629	11.188414	-0.198458	2.031881	-1.199235	0.832005	0.366903	0.416113	-0.471473	0.862935	0.181812	-0.292371	-0.347455	0.890951
19265	3.686891	2.328816	11.179066	-0.264678	2.117321	-1.231560	0.843736	0.363690	0.394764	-0.460546	0.868268	0.184412	-0.275692	-0.337402	0.900085
19266	4.335220	2.256730	11.109343	-0.320666	2.191663	-1.273825	0.855386	0.359849	0.372589	-0.448846	0.873956	0.186383	-0.258556	-0.326664	0.909087
19267	4.513674	2.396184	10.922666	-0.353587	2.256926	-1.317550	0.866806	0.355781	0.349382	-0.436809	0.879715	0.187883	-0.240511	-0.315471	0.917950
19268	4.497906	2.462926	10.588557	-0.383703	2.277538	-1.356775	0.877920	0.350838	0.325835	-0.424063	0.885711	0.188907	-0.222320	-0.304020	0.926361
19269	4.698569	2.355546	10.260249	-0.414793	2.249519	-1.366453	0.888359	0.345681	0.302197	-0.411345	0.891601	0.189324	-0.203993	-0.292495	0.934256
19270	4.798043	2.061266	9.876954	-0.431786	2.204533	-1.346132	0.898113	0.339941	0.278986	-0.398458	0.897467	0.189167	-0.186075	-0.281057	0.941479
19271	4.466092	1.727084	9.265449	-0.456583	2.109321	-1.260027	0.906708	0.334741	0.256570	-0.386576	0.902847	0.188220	-0.168638	-0.269844	0.948022
19272	4.666770	1.071195	9.274057	-0.422875	1.946911	-1.117905	0.914100	0.329755	0.235974	-0.375700	0.907693	0.186932	-0.152550	-0.259530	0.953610
19273	6.129979	0.359393	9.873902	-0.290130	1.814444	-0.952554	0.920165	0.326068	0.216740	-0.366856	0.911432	0.186302	-0.136796	-0.250941	0.958288
19274	7.089923	0.254426	10.104275	-0.159162	1.886522	-0.790755	0.925462	0.323492	0.197162	-0.359336	0.914405	0.186389	-0.119990	-0.243343	0.962490
19275	7.042491	0.451423	9.765793	-0.063988	1.920104	-0.606412	0.929669	0.322881	0.177378	-0.353934	0.916407	0.186892	-0.102206	-0.236527	0.966234
19276	6.856829	0.103119	9.030887	0.007307	1.891712	-0.414997	0.932901	0.323474	0.158306	-0.350058	0.917743	0.187637	-0.084588	-0.230463	0.969398
19277	6.813635	0.043233	8.403226	0.075102	1.802487	-0.225686	0.934963	0.325818	0.140309	-0.348289	0.918210	0.188638	-0.067372	-0.225238	0.971972
19278	6.846093	0.254152	7.770030	0.125054	1.669682	-0.034272	0.936078	0.329210	0.124013	-0.348027	0.918055	0.189877	-0.051341	-0.220900	0.973944
19279	7.257585	0.520690	7.331527	0.125104	1.526989	0.151917	0.936191	0.334046	0.109363	-0.349585	0.917268	0.190812	-0.036575	-0.216868	0.975516
19280	7.190196	0.434980	6.559284	0.078821	1.363844	0.335349	0.935428	0.340034	0.096704	-0.352731	0.915979	0.191213	-0.023560	-0.212976	0.976773
19281	6.907192	0.240564	5.736866	0.026093	1.127148	0.512715	0.933785	0.347198	0.086591	-0.357602	0.914152	0.190909	-0.012874	-0.209233	0.977781
19282	7.148242	0.243783	5.295785	-0.047735	0.838295	0.688211	0.931384	0.355204	0.079715	-0.364001	0.911845	0.189846	-0.005254	-0.205836	0.978572
19283	7.783879	0.369348	5.034225	-0.167265	0.568311	0.867307	0.928147	0.364428	0.075734	-0.372213	0.909022	0.187447	-0.000533	-0.202168	0.979351
19284	8.126352	0.248162	4.907744	-0.326166	0.328393	1.034148	0.924253	0.374452	0.074448	-0.381779	0.905864	0.183451	0.001254	-0.197978	0.980206
19285	8.811137	-0.262879	5.109795	-0.380871	0.134844	1.153047	0.919767	0.385194	0.075192	-0.392463	0.902226	0.178774	0.001022	-0.193941	0.981013
19286	8.861483	-0.192293	5.403207	-0.327142	0.022392	1.182067	0.915070	0.395862	0.077075	-0.403296	0.898250	0.174640	-0.000100	-0.190892	0.981611
19287	8.200790	0.345034	5.199576	-0.249370	-0.102920	1.163273	0.910285	0.406166	0.080070	-0.413978	0.894041	0.171210	-0.002046	-0.188997	0.981975
19288	7.370480	0.859687	5.092824	-0.183297	-0.277404	1.098900	0.905676	0.415428	0.084675	-0.423936	0.889884	0.168481	-0.005359	-0.188486	0.982061
19289	6.657457	1.399783	5.129755	-0.139254	-0.477084	0.973530	0.901473	0.423165	0.090984	-0.432713	0.886077	0.166213	-0.010283	-0.189206	0.981884
19290	6.056609	1.884568	5.229877	-0.112474	-0.711176	0.804632	0.897871	0.428912	0.099309	-0.439923	0.882874	0.164319	-0.017199	-0.191226	0.981395
19291	0.290839	-0.488189	5.435052	-0.069742	-0.910559	0.620359	0.894932	0.432618	0.109262	-0.445462	0.880346	0.162953	-0.025692	-0.194504	0.980565
19292	-0.269359	3.469234	3.089021	0.678973	-2.056917	0.441226	0.892277	0.432325	0.130142	-0.449618	0.877079	0.169047	-0.041061	-0.209351	0.976978
19293	-1.368898	5.696038	10.640012	0.277524	-2.745251	0.552558	0.888334	0.431216	0.157847	-0.454678	0.874101	0.170925	-0.064268	-0.223608	0.972558
19294	1.117131	6.053764	12.975996	-0.118150	-2.410030	0.713166	0.883261	0.431921	0.182464	-0.460892	0.871305	0.168542	-0.086185	-0.232963	0.968659
19295	0.965994	3.752781	10.445654	-0.184527	-2.462095	0.768817	0.877310	0.432726	0.207548	-0.467444	0.868442	0.165244	-0.108738	-0.241987	0.964167
19296	3.633132	2.619980	9.391843	-0.140771	-2.645502	0.557299	0.871504	0.431006	0.233910	-0.472131	0.866395	0.162639	-0.132560	-0.252177	0.958559
19297	7.229362	1.898642	11.198088	0.166702	-2.759203	0.160476	0.866771	0.425243	0.260531	-0.473755	0.865286	0.163821	-0.155770	-0.265423	0.951465
19298	10.016620	1.632153	12.427757	0.196934	-2.429588	-0.049499	0.862981	0.418203	0.283497	-0.473636	0.864973	0.165802	-0.175878	-0.277358	0.944531
19299	8.936068	-0.750161	11.571116	0.169725	-2.097412	0.032226	0.858972	0.412515	0.303314	-0.474189	0.864382	0.167301	-0.193165	-0.287534	0.938089
19300	7.574534	-0.754236	11.767135	0.365305	-1.893508	0.139180	0.854519	0.408151	0.321263	-0.476096	0.862754	0.170262	-0.207679	-0.298444	0.931558
19301	7.214671	1.704628	11.694719	0.298250	-1.687275	0.235902	0.849789	0.405030	0.337355	-0.478711	0.860911	0.172247	-0.220667	-0.307869	0.925485
19302	5.437459	2.774554	9.843676	0.315247	-1.533149	0.142894	0.845636	0.401453	0.351760	-0.480617	0.859364	0.174645	-0.232179	-0.316748	0.919654
19303	5.149141	2.504444	9.458691	0.322853	-1.518254	-0.010253	0.842088	0.396439	0.365683	-0.481256	0.858392	0.177639	-0.243477	-0.325575	0.913630
19304	5.672907	1.566949	9.850684	0.269159	-1.437896	-0.031721	0.838665	0.391410	0.378735	-0.481640	0.857644	0.180191	-0.254291	-0.333534	0.907795
19305	5.556671	0.603676	9.636117	0.319372	-1.319355	0.055937	0.834990	0.387380	0.390803	-0.482889	0.856375	0.182867	-0.263835	-0.341407	0.902127
19306	5.838580	1.756373	9.655434	0.399063	-1.220702	0.076002	0.831354	0.383795	0.401935	-0.484572	0.854718	0.186137	-0.272102	-0.349513	0.896550
19307	12.318997	5.815208	12.762189	0.116240	-1.046579	0.158193	0.827709	0.381405	0.411616	-0.486159	0.853730	0.186535	-0.280264	-0.354507	0.892063
19308	8.387650	4.889843	9.542057	-0.213169	-0.362661	0.140509	0.826004	0.381302	0.415122	-0.486699	0.853964	0.184037	-0.284326	-0.354055	0.890957
19309	4.293094	2.461561	9.198954	-0.266674	-0.404607	0.127398	0.824248	0.380864	0.418997	-0.486911	0.854460	0.181152	-0.289022	-0.353328	0.889733
19310	5.640564	0.933275	9.603318	-0.243682	-0.354751	0.142420	0.822524	0.380810	0.422420	-0.487354	0.854792	0.178370	-0.293157	-0.352582	0.888676
19311	5.284817	1.642814	9.116673	-0.160275	-0.259903	0.138779	0.821105	0.380984	0.425015	-0.487946	0.854868	0.176379	-0.296134	-0.352210	0.887836
19312	4.641475	2.417170	9.118842	-0.176583	-0.210222	0.099042	0.819999	0.381072	0.427067	-0.488213	0.855127	0.174374	-0.298748	-0.351486	0.887247
19313	4.712875	1.924539	9.098388	-0.194063	-0.205605	0.098699	0.818924	0.381097	0.429103	-0.488362	0.855472	0.172252	-0.301441	-0.350619	0.886679
19314	4.831980	1.800764	9.091778	-0.199567	-0.154622	0.120986	0.817867	0.381571	0.430694	-0.488728	0.855724	0.169947	-0.303708	-0.349486	0.886353
19315	4.523717	1.839184	9.040100	-0.209890	-0.127107	0.129714	0.816870	0.382137	0.432081	-0.489068	0.856002	0.167550	-0.305835	-0.348184	0.886134
19316	4.558781	1.459267	8.992771	-0.208018	-0.117297	0.125837	0.815897	0.382788	0.433342	-0.489437	0.856258	0.165146	-0.307837	-0.346836	0.885969
19317	4.252078	1.215395	8.947022	-0.172708	-0.136724	0.098606	0.815016	0.383061	0.434757	-0.489630	0.856519	0.163211	-0.309858	-0.345889	0.885635
19318	4.404805	1.173952	9.011310	-0.129244	-0.167261	0.063731	0.814186	0.383009	0.436354	-0.489726	0.856736	0.161773	-0.311880	-0.345408	0.885113
19319	4.504371	1.206779	9.053203	-0.095912	-0.179888	0.046624	0.813417	0.382694	0.438062	-0.489731	0.856928	0.160741	-0.313873	-0.345281	0.884457
19320	4.609220	1.181982	9.132527	-0.051761	-0.192320	0.016706	0.812732	0.382153	0.439802	-0.489683	0.857058	0.160194	-0.315717	-0.345558	0.883693
19321	4.779415	0.907592	9.240270	0.003333	-0.201103	-0.018415	0.812206	0.381210	0.441588	-0.489472	0.857155	0.160323	-0.317393	-0.346360	0.882778
19322	4.796412	0.828447	9.263381	0.089141	-0.201666	-0.052041	0.811822	0.380044	0.443296	-0.489312	0.857058	0.161324	-0.318620	-0.347876	0.881739
19323	4.619709	0.999846	9.232599	0.174352	-0.196699	-0.083400	0.811621	0.378558	0.444933	-0.489123	0.856802	0.163245	-0.319421	-0.350120	0.880560
19324	4.453485	1.685678	9.106894	0.181365	-0.218054	-0.087484	0.811354	0.377023	0.446720	-0.488972	0.856510	0.165216	-0.320330	-0.352482	0.879286
19325	4.764438	1.896726	9.071108	0.170269	-0.215315	-0.078759	0.811065	0.375505	0.448519	-0.488813	0.856240	0.167078	-0.321301	-0.354753	0.878018
19326	4.234424	1.785725	8.969403	0.142748	-0.228117	-0.062049	0.810637	0.374142	0.450429	-0.488749	0.855979	0.168594	-0.322480	-0.356815	0.876750
19327	5.596559	2.003398	9.332647	0.132017	-0.227594	-0.039566	0.810112	0.372908	0.452392	-0.488789	0.855690	0.169942	-0.323735	-0.358797	0.875477
19328	4.556856	1.796668	9.050362	0.118600	-0.185248	-0.031736	0.809668	0.371950	0.453972	-0.488896	0.855396	0.171109	-0.324682	-0.360486	0.874432
19329	5.187465	1.861763	9.054546	0.139944	-0.146257	-0.040495	0.809408	0.370993	0.455217	-0.488957	0.855076	0.172529	-0.325238	-0.362228	0.873505
19330	4.775216	2.024525	9.076156	0.128736	-0.158729	-0.047194	0.809124	0.369993	0.456534	-0.488973	0.854799	0.173854	-0.325920	-0.363902	0.872555
19331	4.715398	1.891416	8.997998	0.131493	-0.156650	-0.039705	0.808825	0.368998	0.457868	-0.489013	0.854501	0.175197	-0.326602	-0.365607	0.871586
