// General information: 
//  MT Manager version: 2022.2.0 
//  XDA version: 2022.2.0 build 7381 rev 124627 built on 2023-07-19
// Device information: 
//  DeviceId: 00B4CB9F
//  ProductCode: MTW2-3A7G6
//  Firmware Version: 4.6.0
//  Hardware Version: 2.0.0
// Device settings: 
//  Filter Profile: human(46.1)
//  Option Flags: Orientation Smoother Disabled, Position/Velocity Smoother Disabled, Continuous Zero Rotation Update Disabled, AHS Disabled, ICC Disabled
// Coordinate system: ENU
PacketCounter	Acc_X	Acc_Y	Acc_Z	Gyr_X	Gyr_Y	Gyr_Z	Mat[1][1]	Mat[2][1]	Mat[3][1]	Mat[1][2]	Mat[2][2]	Mat[3][2]	Mat[1][3]	Mat[2][3]	Mat[3][3]
40008	9.692556	0.513079	-1.305114	0.062018	0.027031	-0.020064	-0.117051	-0.097592	0.988319	-0.285406	0.956486	0.060647	-0.951232	-0.274973	-0.139811
40009	9.808381	0.510430	-1.240031	0.052133	0.029828	-0.015604	-0.116777	-0.097639	0.988347	-0.285922	0.956329	0.060693	-0.951111	-0.275503	-0.139594
40010	9.858806	0.581377	-1.153943	0.032958	0.038956	-0.011472	-0.116469	-0.097586	0.988389	-0.286210	0.956243	0.060686	-0.951062	-0.275818	-0.139303
40011	9.870714	0.588358	-1.047292	0.023370	0.043520	-0.009412	-0.116083	-0.097536	0.988439	-0.286445	0.956171	0.060711	-0.951038	-0.276086	-0.138933
40012	9.911367	0.614015	-0.944033	0.018079	0.057187	-0.009686	-0.115564	-0.097444	0.988509	-0.286739	0.956082	0.060725	-0.951013	-0.276426	-0.138430
40013	9.919174	0.551002	-0.888210	0.016031	0.072225	-0.006570	-0.114913	-0.097287	0.988600	-0.286901	0.956033	0.060733	-0.951043	-0.276651	-0.137773
40014	9.912999	0.537231	-0.850015	0.021544	0.082257	-0.009249	-0.114243	-0.097213	0.988685	-0.287547	0.955838	0.060757	-0.950929	-0.277352	-0.137151
40015	9.875116	0.474189	-0.821726	0.032648	0.092744	-0.012611	-0.113380	-0.097057	0.988800	-0.287874	0.955736	0.060802	-0.950933	-0.277756	-0.136301
40016	9.830068	0.475173	-0.842744	0.050417	0.089816	-0.019910	-0.112652	-0.096968	0.988892	-0.288356	0.955588	0.060854	-0.950874	-0.278297	-0.135610
40017	9.788966	0.460056	-0.909946	0.071509	0.087921	-0.025757	-0.111797	-0.096950	0.988991	-0.289067	0.955365	0.060977	-0.950758	-0.279068	-0.134832
40018	9.699336	0.413752	-1.022940	0.090411	0.077028	-0.027484	-0.111092	-0.096929	0.989072	-0.289855	0.955122	0.061045	-0.950601	-0.279905	-0.134202
40019	9.689953	0.448318	-1.081355	0.102768	0.063721	-0.034062	-0.110443	-0.097056	0.989132	-0.290872	0.954802	0.061209	-0.950366	-0.280950	-0.133682
40020	9.688412	0.458972	-1.053120	0.115644	0.057400	-0.038144	-0.109857	-0.097183	0.989185	-0.291926	0.954471	0.061352	-0.950111	-0.282029	-0.133225
40021	9.674807	0.510447	-1.067526	0.117317	0.053297	-0.035506	-0.109302	-0.097351	0.989230	-0.293082	0.954106	0.061512	-0.949819	-0.283202	-0.132818
40022	9.718715	0.521434	-1.010248	0.110223	0.050143	-0.032158	-0.108795	-0.097487	0.989272	-0.294295	0.953726	0.061619	-0.949502	-0.284434	-0.132450
40023	9.763296	0.571826	-0.915360	0.097844	0.048289	-0.030541	-0.108302	-0.097621	0.989313	-0.295260	0.953419	0.061757	-0.949259	-0.285416	-0.132081
40024	9.759413	0.590946	-0.865104	0.076700	0.056602	-0.032200	-0.107818	-0.097749	0.989354	-0.296116	0.953144	0.061901	-0.949047	-0.286290	-0.131711
40025	9.795443	0.626248	-0.894852	0.051383	0.058267	-0.029973	-0.107232	-0.097848	0.989407	-0.296639	0.952969	0.062095	-0.948950	-0.286838	-0.131214
40026	9.764291	0.578762	-0.900254	0.035188	0.054317	-0.023440	-0.106677	-0.097908	0.989462	-0.297293	0.952756	0.062224	-0.948808	-0.287522	-0.130744
40027	9.726129	0.594388	-0.956164	0.016253	0.050027	-0.026618	-0.106179	-0.097999	0.989506	-0.297479	0.952685	0.062431	-0.948806	-0.287728	-0.130307
40028	9.720937	0.534784	-0.981482	0.007878	0.043154	-0.026293	-0.105701	-0.098083	0.989549	-0.297736	0.952593	0.062617	-0.948779	-0.288005	-0.129892
40029	9.720588	0.497724	-1.015684	0.005403	0.029277	-0.025052	-0.105404	-0.098218	0.989567	-0.297817	0.952554	0.062822	-0.948786	-0.288088	-0.129654
40030	9.722908	0.491495	-1.035917	0.013635	0.024486	-0.022847	-0.105052	-0.098384	0.989588	-0.298514	0.952324	0.062990	-0.948606	-0.288789	-0.129413
40031	9.701913	0.528426	-1.022601	0.016587	0.020984	-0.022394	-0.104842	-0.098518	0.989597	-0.298699	0.952255	0.063155	-0.948571	-0.288971	-0.129263
40032	9.704676	0.561521	-1.006007	0.024016	0.016663	-0.024238	-0.104701	-0.098618	0.989602	-0.298798	0.952216	0.063279	-0.948555	-0.289066	-0.129165
40033	9.700837	0.620107	-0.921220	0.023033	0.017829	-0.024397	-0.104515	-0.098779	0.989606	-0.299046	0.952127	0.063455	-0.948498	-0.289306	-0.129051
40034	9.774491	0.602462	-0.931391	0.020797	0.015264	-0.027648	-0.104300	-0.098978	0.989609	-0.299544	0.951957	0.063642	-0.948364	-0.289794	-0.128937
40035	9.791719	0.703631	-0.938971	0.011709	0.014451	-0.024526	-0.104144	-0.099150	0.989608	-0.299685	0.951900	0.063834	-0.948337	-0.289923	-0.128849
40036	9.786372	0.643902	-0.967319	-0.005973	0.013873	-0.024607	-0.103989	-0.099310	0.989608	-0.299805	0.951850	0.064017	-0.948316	-0.290033	-0.128756
40037	9.779302	0.632192	-0.935092	-0.011434	0.015856	-0.022467	-0.103827	-0.099459	0.989610	-0.299725	0.951862	0.064219	-0.948359	-0.289943	-0.128639
40038	9.728180	0.531891	-1.031186	-0.011750	0.014107	-0.020039	-0.103688	-0.099565	0.989614	-0.299730	0.951851	0.064361	-0.948373	-0.289943	-0.128538
40039	9.730005	0.485913	-1.090451	-0.005617	0.009209	-0.019598	-0.103597	-0.099706	0.989609	-0.299702	0.951848	0.064527	-0.948391	-0.289903	-0.128491
40040	9.706155	0.491836	-1.093449	0.000923	0.005711	-0.023539	-0.103484	-0.099887	0.989603	-0.299995	0.951745	0.064695	-0.948311	-0.290181	-0.128456
40041	9.737376	0.543730	-1.082325	-0.000694	0.003379	-0.018830	-0.103451	-0.100037	0.989591	-0.300013	0.951728	0.064846	-0.948309	-0.290182	-0.128470
40042	9.763736	0.573265	-1.063217	-0.004264	0.006641	-0.027254	-0.103413	-0.100257	0.989573	-0.300148	0.951672	0.065051	-0.948270	-0.290291	-0.128507
40043	9.766671	0.646354	-1.009517	-0.008031	0.016551	-0.022986	-0.103243	-0.100408	0.989575	-0.300101	0.951673	0.065253	-0.948304	-0.290236	-0.128386
40044	9.809528	0.618781	-0.992241	-0.011785	0.020513	-0.027511	-0.103126	-0.100595	0.989569	-0.300102	0.951658	0.065466	-0.948316	-0.290220	-0.128329
40045	9.759675	0.637643	-0.974658	-0.011337	0.024710	-0.028481	-0.102862	-0.100775	0.989578	-0.300029	0.951663	0.065727	-0.948368	-0.290141	-0.128125
40046	9.716577	0.631122	-1.025365	-0.011559	0.022610	-0.028005	-0.102635	-0.100936	0.989585	-0.300050	0.951641	0.065946	-0.948386	-0.290156	-0.127958
40047	9.697021	0.581265	-1.110310	-0.006407	0.018884	-0.027717	-0.102429	-0.101126	0.989587	-0.300023	0.951633	0.066193	-0.948417	-0.290119	-0.127815
40048	9.682544	0.593495	-1.165979	0.002017	0.013413	-0.029394	-0.102235	-0.101323	0.989587	-0.300244	0.951548	0.066410	-0.948368	-0.290328	-0.127703
40049	9.710866	0.575707	-1.206770	0.000458	0.007930	-0.030058	-0.102125	-0.101567	0.989573	-0.300285	0.951517	0.066671	-0.948367	-0.290345	-0.127673
40050	9.710769	0.578693	-1.206121	0.000330	0.005481	-0.031532	-0.101996	-0.101768	0.989566	-0.300270	0.951505	0.066905	-0.948385	-0.290313	-0.127607
40051	9.662999	0.589120	-1.213091	-0.001957	0.006059	-0.029413	-0.101906	-0.102012	0.989550	-0.300287	0.951481	0.067163	-0.948390	-0.290305	-0.127594
40052	9.698341	0.585472	-1.285183	-0.004594	0.002090	-0.028279	-0.101933	-0.102188	0.989529	-0.299992	0.951560	0.067364	-0.948480	-0.289984	-0.127651
40053	9.624407	0.607847	-1.273540	0.004183	0.001174	-0.028967	-0.101891	-0.102441	0.989507	-0.300067	0.951519	0.067609	-0.948461	-0.290029	-0.127690
40054	9.702994	0.653118	-1.255140	0.001990	0.001402	-0.028799	-0.101956	-0.102657	0.989478	-0.299986	0.951531	0.067810	-0.948479	-0.289916	-0.127811
40055	9.743643	0.673777	-1.178938	-0.010061	0.004056	-0.026150	-0.101896	-0.102875	0.989461	-0.299923	0.951534	0.068045	-0.948506	-0.289828	-0.127812
40056	9.808142	0.690931	-1.098591	-0.025007	0.007052	-0.029349	-0.101825	-0.103136	0.989442	-0.300077	0.951467	0.068297	-0.948465	-0.289955	-0.127832
40057	9.798595	0.648804	-1.081295	-0.042852	0.019132	-0.026172	-0.101621	-0.103311	0.989444	-0.299704	0.951565	0.068574	-0.948605	-0.289571	-0.127662
40058	9.750971	0.659461	-1.086414	-0.055381	0.023994	-0.030041	-0.101323	-0.103466	0.989459	-0.299285	0.951675	0.068868	-0.948769	-0.289152	-0.127392
40059	9.703155	0.591377	-1.166709	-0.052071	0.025050	-0.028600	-0.101056	-0.103647	0.989467	-0.298826	0.951797	0.069181	-0.948942	-0.288687	-0.127157
40060	9.636375	0.589022	-1.221227	-0.049230	0.019111	-0.029619	-0.100822	-0.103824	0.989472	-0.298503	0.951877	0.069463	-0.949068	-0.288357	-0.126962
40061	9.598064	0.605726	-1.280745	-0.039164	0.006785	-0.031976	-0.100718	-0.104089	0.989455	-0.298170	0.951958	0.069793	-0.949184	-0.287997	-0.126916
40062	9.602547	0.592506	-1.326051	-0.033581	-0.004740	-0.032039	-0.100652	-0.104313	0.989438	-0.297792	0.952055	0.070078	-0.949310	-0.287594	-0.126890
40063	9.606938	0.618535	-1.334702	-0.025900	-0.016143	-0.030314	-0.100771	-0.104628	0.989393	-0.297583	0.952099	0.070375	-0.949363	-0.287335	-0.127080
40064	9.668674	0.604785	-1.271521	-0.029832	-0.020711	-0.026913	-0.100848	-0.104928	0.989353	-0.297818	0.952008	0.070610	-0.949281	-0.287526	-0.127258
40065	9.706552	0.594814	-1.212443	-0.030746	-0.022689	-0.032468	-0.101023	-0.105283	0.989298	-0.297566	0.952063	0.070934	-0.949341	-0.287215	-0.127508
40066	9.694380	0.521997	-1.213574	-0.025798	-0.016490	-0.032295	-0.101101	-0.105574	0.989259	-0.297417	0.952088	0.071212	-0.949380	-0.287023	-0.127657
40067	9.706191	0.484548	-1.172818	-0.016106	-0.015410	-0.027424	-0.101221	-0.105860	0.989216	-0.297299	0.952106	0.071467	-0.949404	-0.286859	-0.127846
40068	9.696518	0.442053	-1.158742	-0.000750	-0.016973	-0.028603	-0.101436	-0.106160	0.989162	-0.297456	0.952042	0.071673	-0.949332	-0.286961	-0.128149
40069	9.689183	0.390954	-1.167703	0.011015	-0.018559	-0.025376	-0.101592	-0.106435	0.989116	-0.297593	0.951983	0.071874	-0.949272	-0.287052	-0.128389
40070	9.686527	0.401584	-1.146896	0.021769	-0.021774	-0.025744	-0.101804	-0.106708	0.989065	-0.297984	0.951850	0.072021	-0.949127	-0.287393	-0.128700
40071	9.638432	0.411077	-1.156826	0.033608	-0.026496	-0.027921	-0.102029	-0.107030	0.989007	-0.298339	0.951724	0.072218	-0.948991	-0.287691	-0.129034
40072	9.623364	0.462559	-1.179402	0.050899	-0.035963	-0.035687	-0.102258	-0.107413	0.988942	-0.299021	0.951494	0.072427	-0.948752	-0.288309	-0.129416
40073	9.636627	0.572408	-1.169427	0.072783	-0.047056	-0.031427	-0.102666	-0.107828	0.988854	-0.299752	0.951250	0.072607	-0.948477	-0.288956	-0.129983
40074	9.649705	0.682248	-1.160632	0.079114	-0.055419	-0.038377	-0.103166	-0.108315	0.988749	-0.300674	0.950944	0.072801	-0.948131	-0.289780	-0.130672
40075	9.684148	0.797438	-1.126450	0.068359	-0.067025	-0.040879	-0.103734	-0.108878	0.988628	-0.301372	0.950702	0.073079	-0.947847	-0.290364	-0.131433
40076	9.683091	0.840183	-1.095844	0.044888	-0.070308	-0.039849	-0.104442	-0.109429	0.988492	-0.301881	0.950521	0.073329	-0.947607	-0.290749	-0.132309
40077	9.659130	0.770108	-1.025858	0.019409	-0.074072	-0.042545	-0.105072	-0.110029	0.988359	-0.302118	0.950418	0.073688	-0.947462	-0.290858	-0.133104
40078	9.683045	0.693291	-0.948748	-0.004275	-0.079463	-0.041003	-0.105793	-0.110617	0.988216	-0.302289	0.950338	0.074016	-0.947327	-0.290897	-0.133977
40079	9.684304	0.728193	-0.941766	-0.028353	-0.086260	-0.035056	-0.106561	-0.111181	0.988071	-0.302066	0.950382	0.074364	-0.947312	-0.290538	-0.134857
40080	9.730983	0.724748	-0.942995	-0.040156	-0.093571	-0.032293	-0.107376	-0.111704	0.987923	-0.301846	0.950429	0.074657	-0.947291	-0.290184	-0.135771
40081	9.834443	0.759491	-0.953489	-0.043959	-0.098501	-0.030879	-0.108272	-0.112263	0.987762	-0.301471	0.950522	0.074985	-0.947308	-0.289663	-0.136760
40082	9.879229	0.842689	-0.857414	-0.055788	-0.099873	-0.019269	-0.109185	-0.112679	0.987614	-0.301088	0.950629	0.075172	-0.947325	-0.289151	-0.137720
40083	9.856647	0.879869	-0.855075	-0.067141	-0.094121	-0.023449	-0.110062	-0.113154	0.987463	-0.300486	0.950796	0.075460	-0.947415	-0.288414	-0.138648
40084	9.803386	0.867041	-0.862486	-0.088739	-0.087397	-0.020685	-0.110879	-0.113566	0.987324	-0.299890	0.950965	0.075705	-0.947508	-0.287695	-0.139500
40085	9.750163	0.854235	-0.869362	-0.106388	-0.088114	-0.020800	-0.111708	-0.113997	0.987181	-0.298914	0.951247	0.076022	-0.947719	-0.286590	-0.140338
40086	9.703190	0.816936	-0.944809	-0.114996	-0.090742	-0.027548	-0.112412	-0.114464	0.987047	-0.298174	0.951451	0.076378	-0.947869	-0.285726	-0.141085
40087	9.653960	0.788360	-0.997820	-0.111202	-0.097496	-0.026600	-0.113313	-0.114975	0.986884	-0.297159	0.951738	0.076761	-0.948081	-0.284563	-0.142010
40088	9.680770	0.771953	-1.049152	-0.107611	-0.106354	-0.025195	-0.114187	-0.115472	0.986726	-0.296525	0.951909	0.077083	-0.948174	-0.283787	-0.142936
40089	9.685527	0.750548	-1.127758	-0.092027	-0.114661	-0.021101	-0.115268	-0.115977	0.986541	-0.295685	0.952146	0.077386	-0.948306	-0.282786	-0.144045
40090	9.737925	0.721964	-1.200498	-0.079257	-0.120172	-0.021365	-0.116600	-0.116455	0.986328	-0.294583	0.952467	0.077632	-0.948486	-0.281504	-0.145364
40091	9.749520	0.683824	-1.170038	-0.066617	-0.122213	-0.014226	-0.117774	-0.116913	0.986134	-0.293977	0.952638	0.077832	-0.948529	-0.280734	-0.146566
40092	9.756718	0.731340	-1.197140	-0.058113	-0.124846	-0.012620	-0.118843	-0.117351	0.985954	-0.293912	0.952648	0.077960	-0.948416	-0.280519	-0.147706
40093	9.801624	0.773285	-1.141209	-0.055943	-0.121945	-0.007439	-0.120034	-0.117743	0.985763	-0.293399	0.952796	0.078079	-0.948424	-0.279850	-0.148913
40094	9.800201	0.774493	-1.152558	-0.065845	-0.119260	-0.002967	-0.121106	-0.118050	0.985595	-0.293037	0.952904	0.078127	-0.948400	-0.279354	-0.149996
40095	9.785407	0.816654	-1.205038	-0.081802	-0.115184	-0.006260	-0.122236	-0.118410	0.985412	-0.292278	0.953125	0.078274	-0.948489	-0.278447	-0.151115
40096	9.755733	0.798982	-1.210647	-0.102174	-0.107561	-0.003722	-0.123294	-0.118711	0.985244	-0.291553	0.953338	0.078382	-0.948575	-0.277587	-0.152152
40097	9.756245	0.792664	-1.242986	-0.120397	-0.102936	-0.004862	-0.124312	-0.119022	0.985079	-0.290427	0.953666	0.078576	-0.948788	-0.276325	-0.153120
40098	9.758542	0.778560	-1.297869	-0.137892	-0.101244	-0.003464	-0.125306	-0.119297	0.984920	-0.289339	0.953983	0.078739	-0.948990	-0.275109	-0.154057
40099	9.755442	0.788776	-1.283467	-0.145230	-0.097354	-0.003598	-0.126275	-0.119577	0.984762	-0.287975	0.954377	0.078961	-0.949276	-0.273616	-0.154949
40100	9.772122	0.772669	-1.257839	-0.158014	-0.091547	-0.001516	-0.127135	-0.119756	0.984629	-0.286436	0.954825	0.079147	-0.949627	-0.271971	-0.155694
40101	9.820658	0.760008	-1.282269	-0.160700	-0.086307	-0.004447	-0.127998	-0.120012	0.984487	-0.284925	0.955255	0.079404	-0.949966	-0.270341	-0.156465
40102	9.817885	0.770365	-1.265843	-0.159634	-0.073013	-0.003272	-0.128775	-0.120182	0.984364	-0.283405	0.955691	0.079606	-0.950315	-0.268722	-0.157130
40103	9.769066	0.779769	-1.277047	-0.146172	-0.058046	-0.005724	-0.129366	-0.120371	0.984264	-0.282033	0.956076	0.079855	-0.950643	-0.267264	-0.157633
40104	9.741749	0.755162	-1.299841	-0.132169	-0.051214	-0.010653	-0.129881	-0.120541	0.984175	-0.280765	0.956429	0.080090	-0.950948	-0.265920	-0.158066
40105	9.716193	0.723139	-1.344852	-0.114209	-0.037307	-0.017345	-0.130243	-0.120784	0.984098	-0.279711	0.956711	0.080404	-0.951209	-0.264791	-0.158389
40106	9.644375	0.691037	-1.418177	-0.104777	-0.035234	-0.026902	-0.130561	-0.121050	0.984023	-0.278615	0.957001	0.080759	-0.951487	-0.263619	-0.158673
40107	9.577542	0.635805	-1.560695	-0.087283	-0.033838	-0.022949	-0.130874	-0.121336	0.983946	-0.277824	0.957204	0.081085	-0.951675	-0.262752	-0.158984
40108	9.507282	0.596003	-1.657362	-0.078845	-0.039224	-0.024848	-0.131155	-0.121646	0.983870	-0.277472	0.957282	0.081370	-0.951739	-0.262325	-0.159306
40109	9.483176	0.556945	-1.725824	-0.060733	-0.046281	-0.025391	-0.131581	-0.121988	0.983771	-0.276938	0.957410	0.081679	-0.951836	-0.261696	-0.159760
40110	9.490427	0.521338	-1.845747	-0.038456	-0.052789	-0.020379	-0.132101	-0.122234	0.983671	-0.276430	0.957541	0.081864	-0.951912	-0.261102	-0.160281
40111	9.496794	0.531022	-1.904409	-0.019362	-0.057926	-0.015300	-0.132665	-0.122509	0.983561	-0.276275	0.957573	0.082007	-0.951878	-0.260854	-0.160883
40112	9.508174	0.601229	-1.932183	-0.005761	-0.063918	-0.011521	-0.133336	-0.122716	0.983444	-0.276160	0.957603	0.082049	-0.951818	-0.260648	-0.161573
40113	9.491192	0.651832	-1.956090	-0.000636	-0.070360	-0.014900	-0.134020	-0.123019	0.983313	-0.276184	0.957587	0.082158	-0.951715	-0.260564	-0.162312
40114	9.468376	0.687103	-1.949603	0.001739	-0.065385	-0.010029	-0.134685	-0.123248	0.983194	-0.276401	0.957524	0.082167	-0.951558	-0.260689	-0.163030
40115	9.472716	0.703421	-1.986554	0.005932	-0.070989	-0.015509	-0.135373	-0.123559	0.983060	-0.276488	0.957489	0.082271	-0.951435	-0.260667	-0.163781
40116	9.515042	0.674933	-1.980326	0.004939	-0.069832	-0.015647	-0.136127	-0.123840	0.982921	-0.276552	0.957465	0.082332	-0.951309	-0.260622	-0.164585
40117	9.496261	0.733672	-1.981562	0.005013	-0.073230	-0.023153	-0.136815	-0.124230	0.982776	-0.276642	0.957424	0.082513	-0.951184	-0.260588	-0.165357
40118	9.478928	0.785063	-2.006054	-0.000543	-0.073771	-0.022488	-0.137440	-0.124582	0.982644	-0.276854	0.957351	0.082653	-0.951032	-0.260689	-0.166069
40119	9.479900	0.817756	-1.997292	-0.006161	-0.073991	-0.019844	-0.138144	-0.124943	0.982500	-0.276833	0.957342	0.082820	-0.950936	-0.260547	-0.166839
40120	9.504882	0.846905	-1.985903	-0.006344	-0.076107	-0.019450	-0.138796	-0.125240	0.982370	-0.276769	0.957350	0.082947	-0.950860	-0.260377	-0.167539
40121	9.531340	0.867906	-1.997962	-0.005964	-0.080210	-0.010617	-0.139584	-0.125528	0.982221	-0.276737	0.957352	0.083023	-0.950754	-0.260229	-0.168370
40122	9.560701	0.872651	-2.056712	-0.008952	-0.085060	-0.001286	-0.140406	-0.125658	0.982088	-0.276456	0.957437	0.082980	-0.950714	-0.259854	-0.169169
40123	9.611031	0.888796	-2.067185	-0.008568	-0.092240	0.002023	-0.141344	-0.125855	0.981928	-0.276382	0.957463	0.082936	-0.950597	-0.259665	-0.170116
40124	9.631730	0.892725	-2.050396	-0.012486	-0.096255	0.009256	-0.142353	-0.125965	0.981768	-0.276312	0.957496	0.082786	-0.950467	-0.259490	-0.171108
40125	9.663330	0.973003	-2.032842	-0.022289	-0.097028	0.006359	-0.143348	-0.126133	0.981602	-0.276101	0.957562	0.082723	-0.950379	-0.259163	-0.172090
40126	9.654654	0.965475	-1.987876	-0.035836	-0.088296	0.006160	-0.144172	-0.126283	0.981462	-0.276139	0.957558	0.082644	-0.950243	-0.259104	-0.172925
40127	9.594033	0.942719	-1.939696	-0.055655	-0.080544	-0.003320	-0.144984	-0.126500	0.981314	-0.275625	0.957698	0.082734	-0.950269	-0.258479	-0.173717
40128	9.628351	0.914492	-1.857476	-0.077500	-0.078486	-0.001362	-0.145837	-0.126697	0.981162	-0.275075	0.957851	0.082800	-0.950297	-0.257818	-0.174542
40129	9.633332	0.828937	-1.808917	-0.082137	-0.071537	-0.008286	-0.146550	-0.126937	0.981025	-0.274317	0.958052	0.082986	-0.950407	-0.256950	-0.175223
40130	9.637055	0.751889	-1.737140	-0.088537	-0.074948	-0.019202	-0.147336	-0.127239	0.980868	-0.273326	0.958312	0.083257	-0.950571	-0.255830	-0.175971
40131	9.665006	0.767376	-1.771519	-0.088047	-0.071361	-0.024035	-0.148004	-0.127629	0.980717	-0.272534	0.958506	0.083609	-0.950694	-0.254905	-0.176646
40132	9.815727	0.801115	-2.008986	-0.077272	-0.040896	-0.040989	-0.148277	-0.128066	0.980619	-0.271943	0.958634	0.084075	-0.950821	-0.254206	-0.176970
40133	10.029902	1.025246	-2.351430	-0.044573	0.023899	-0.072660	-0.147908	-0.128679	0.980594	-0.271637	0.958654	0.084828	-0.950966	-0.253819	-0.176746
40134	10.274459	0.985381	-2.855208	0.072525	0.112677	-0.111820	-0.146501	-0.129387	0.980712	-0.272492	0.958331	0.085729	-0.950939	-0.254676	-0.175653
40135	10.137285	0.707836	-2.599745	0.105312	0.188250	-0.151807	-0.144351	-0.130338	0.980905	-0.273724	0.957866	0.086995	-0.950914	-0.255939	-0.173946
40136	10.089492	0.121861	-1.719017	0.081935	0.167817	-0.153922	-0.142445	-0.131332	0.981051	-0.274705	0.957467	0.088289	-0.950919	-0.256923	-0.172464
40137	10.078787	0.224887	-0.780484	0.096909	0.148004	-0.154121	-0.140669	-0.132403	0.981163	-0.275855	0.957015	0.089595	-0.950850	-0.258055	-0.171146
40138	10.412019	1.060639	-0.293655	0.182319	0.174374	-0.154241	-0.138624	-0.133380	0.981322	-0.277926	0.956309	0.090720	-0.950547	-0.260159	-0.169637
40139	11.421776	1.424930	-0.028612	0.301090	0.407262	-0.205728	-0.134234	-0.134257	0.981813	-0.281079	0.955246	0.092195	-0.950250	-0.263591	-0.165963
40140	12.111114	1.881251	0.514551	0.347419	0.839948	-0.304874	-0.125490	-0.134883	0.982883	-0.284797	0.953914	0.094546	-0.950338	-0.268058	-0.158121
40141	11.795031	2.236600	0.785116	0.273093	1.204687	-0.426407	-0.112872	-0.135671	0.984303	-0.287913	0.952600	0.098285	-0.950982	-0.272300	-0.146584
40142	10.922512	2.228943	2.117080	0.070816	1.411210	-0.607272	-0.097615	-0.137527	0.985676	-0.289413	0.951527	0.104101	-0.952214	-0.275105	-0.132685
40143	9.517081	2.100943	3.950913	-0.382494	1.518306	-0.746185	-0.081046	-0.140440	0.986767	-0.286445	0.951540	0.111900	-0.954663	-0.273586	-0.117346
40144	9.177695	1.406793	3.584995	-0.797858	1.385287	-0.698788	-0.065768	-0.143277	0.987495	-0.279517	0.952662	0.119607	-0.957886	-0.268155	-0.102703
40145	10.070174	0.275492	1.308687	-0.832996	1.278414	-0.582280	-0.051952	-0.145416	0.988006	-0.271882	0.954030	0.126119	-0.960927	-0.262069	-0.089100
40146	9.156756	-0.261930	-0.782193	-0.446706	1.249501	-0.483218	-0.038621	-0.146688	0.988429	-0.267780	0.954507	0.131190	-0.962706	-0.259615	-0.076144
40147	7.369508	-0.794646	-1.338563	-0.018093	1.022155	-0.408817	-0.027739	-0.147905	0.988613	-0.267757	0.953952	0.135207	-0.963087	-0.260958	-0.066064
40148	6.995811	-1.056667	-1.232160	0.245931	0.661750	-0.301957	-0.020609	-0.148965	0.988628	-0.270016	0.952922	0.137956	-0.962635	-0.264102	-0.059862
40149	7.853459	-0.802870	-1.861265	0.443636	0.327369	-0.187929	-0.017003	-0.149859	0.988561	-0.274335	0.951460	0.139516	-0.961484	-0.268825	-0.057290
40150	8.844626	-0.331879	-2.786141	0.583541	0.197314	-0.106250	-0.014833	-0.150242	0.988538	-0.279912	0.949741	0.140145	-0.959911	-0.274625	-0.056142
40151	9.137387	0.182587	-3.276043	0.636250	0.187742	-0.056216	-0.012928	-0.150231	0.988566	-0.286037	0.947890	0.140309	-0.958131	-0.280953	-0.055226
40152	9.042957	0.754895	-3.167639	0.549107	0.102119	-0.047158	-0.011913	-0.150307	0.988568	-0.291196	0.946309	0.140373	-0.956589	-0.286194	-0.055042
40153	9.104907	1.085231	-2.876626	0.384030	-0.005574	-0.073452	-0.011807	-0.150996	0.988464	-0.294891	0.945093	0.140848	-0.955458	-0.289827	-0.055686
40154	9.215067	1.103935	-2.605059	0.217214	-0.098012	-0.106692	-0.012451	-0.152201	0.988271	-0.297063	0.944288	0.141685	-0.954777	-0.291815	-0.056971
40155	9.348949	1.134053	-2.230745	0.096438	-0.165530	-0.104413	-0.013777	-0.153649	0.988030	-0.298013	0.943847	0.142622	-0.954462	-0.292481	-0.058792
40156	9.358037	1.283713	-1.717069	0.009689	-0.228979	-0.098557	-0.015801	-0.155177	0.987760	-0.298051	0.943704	0.143487	-0.954419	-0.292136	-0.061162
40157	9.355703	1.379983	-1.060131	-0.047273	-0.284079	-0.098556	-0.018275	-0.156913	0.987443	-0.297632	0.943689	0.144452	-0.954506	-0.291255	-0.063948
40158	9.354774	1.323434	-0.564280	-0.104558	-0.325369	-0.108451	-0.021115	-0.158806	0.987084	-0.296569	0.943861	0.145508	-0.954778	-0.289666	-0.067027
40159	9.489577	1.366887	-0.184700	-0.148968	-0.348213	-0.115509	-0.024155	-0.160879	0.986678	-0.295188	0.944108	0.146712	-0.955134	-0.287711	-0.070294
40160	9.513170	1.164601	-0.060909	-0.163707	-0.383817	-0.096156	-0.027682	-0.162815	0.986268	-0.293692	0.944426	0.147664	-0.955499	-0.285571	-0.073961
40161	9.695668	0.994787	0.156425	-0.147953	-0.386688	-0.088816	-0.031173	-0.164732	0.985846	-0.292319	0.944703	0.148614	-0.955813	-0.283549	-0.077604
40162	9.703474	1.001626	0.202878	-0.180732	-0.350283	-0.092368	-0.034249	-0.166507	0.985445	-0.290788	0.945024	0.149571	-0.956174	-0.281433	-0.080784
40163	9.411386	1.157820	-0.060986	-0.177584	-0.335052	-0.092766	-0.037240	-0.168301	0.985032	-0.289138	0.945368	0.150593	-0.956563	-0.279203	-0.083867
40164	9.116873	1.416428	-0.408799	-0.138590	-0.347946	-0.092709	-0.040244	-0.170056	0.984612	-0.287981	0.945570	0.151542	-0.956790	-0.277451	-0.087026
40165	9.114657	1.727845	-0.461523	-0.122533	-0.368172	-0.097960	-0.043541	-0.171977	0.984138	-0.286865	0.945743	0.152576	-0.956981	-0.275671	-0.090513
40166	9.099722	2.063035	-0.445483	-0.144889	-0.365214	-0.114734	-0.046766	-0.173983	0.983638	-0.285569	0.945947	0.153739	-0.957216	-0.273706	-0.093923
40167	9.136793	2.213108	-0.513898	-0.235349	-0.387279	-0.144512	-0.050119	-0.176381	0.983045	-0.283400	0.946336	0.155346	-0.957691	-0.270810	-0.097416
40168	9.134150	2.251579	-0.551858	-0.305751	-0.421056	-0.158540	-0.053792	-0.178936	0.982389	-0.280571	0.946888	0.157107	-0.958325	-0.267179	-0.101140
40169	9.617109	2.140839	-0.726491	-0.330264	-0.460552	-0.159941	-0.057817	-0.181649	0.981662	-0.277509	0.947478	0.158979	-0.958982	-0.263229	-0.105189
40170	9.689520	1.974540	-1.006702	-0.273482	-0.503384	-0.151506	-0.062274	-0.184324	0.980891	-0.275089	0.947900	0.160660	-0.959400	-0.259827	-0.109735
40171	9.990680	1.832044	-1.035729	-0.168038	-0.552097	-0.124269	-0.067286	-0.186906	0.980071	-0.273572	0.948106	0.162028	-0.959495	-0.257218	-0.114926
40172	10.337907	1.660754	-1.057187	-0.105279	-0.538515	-0.103641	-0.072227	-0.189194	0.979280	-0.272712	0.948175	0.163071	-0.959381	-0.255283	-0.120079
40173	10.344698	1.571877	-0.920440	-0.048354	-0.468808	-0.090191	-0.076534	-0.191218	0.978559	-0.272329	0.948130	0.163973	-0.959156	-0.253941	-0.124638
40174	9.975582	1.895333	-0.724464	0.008589	-0.399350	-0.078400	-0.080209	-0.192900	0.977934	-0.272230	0.948036	0.164675	-0.958883	-0.253015	-0.128555
40175	9.640666	2.225634	-0.569490	-0.000132	-0.347550	-0.093484	-0.083342	-0.194640	0.977328	-0.272319	0.947858	0.165549	-0.958591	-0.252348	-0.132001
40176	9.231753	2.568111	-0.573589	-0.062606	-0.306801	-0.146127	-0.085944	-0.196725	0.976685	-0.271778	0.947762	0.166984	-0.958515	-0.251091	-0.134920
40177	9.111404	2.662401	-0.458211	-0.125202	-0.314469	-0.178182	-0.088530	-0.199175	0.975957	-0.270747	0.947726	0.168854	-0.958571	-0.249289	-0.137828
40178	9.295378	2.384055	-0.731009	-0.127965	-0.338947	-0.182098	-0.091281	-0.201678	0.975189	-0.269627	0.947705	0.170756	-0.958629	-0.247350	-0.140885
40179	9.475207	1.740909	-0.949117	-0.125847	-0.371292	-0.163863	-0.094455	-0.204120	0.974378	-0.268586	0.947686	0.172492	-0.958614	-0.245411	-0.144337
40180	9.508632	1.142584	-0.974525	-0.094798	-0.426586	-0.130862	-0.098228	-0.206339	0.973538	-0.267917	0.947633	0.173816	-0.958422	-0.243753	-0.148366
40181	9.450771	1.056774	-0.839890	-0.037129	-0.486643	-0.086749	-0.102714	-0.208318	0.972653	-0.267661	0.947547	0.174676	-0.958023	-0.242400	-0.153085
40182	9.253924	1.485674	-0.548846	0.022733	-0.543280	-0.056622	-0.107823	-0.210097	0.971717	-0.267850	0.947412	0.175121	-0.957408	-0.241393	-0.158427
40183	9.239754	1.990246	-0.291559	0.045599	-0.573600	-0.049991	-0.113233	-0.211928	0.970703	-0.268355	0.947200	0.175493	-0.956642	-0.240621	-0.164126
40184	9.296790	2.238894	-0.105252	0.029031	-0.558103	-0.052980	-0.118439	-0.213708	0.969691	-0.268959	0.946963	0.175848	-0.955842	-0.239980	-0.169636
40185	9.253127	2.423183	0.094347	-0.020052	-0.513335	-0.064583	-0.123225	-0.215522	0.968693	-0.268858	0.946876	0.176468	-0.955265	-0.238696	-0.174624
40186	9.271763	2.563244	0.163691	-0.054158	-0.487631	-0.060974	-0.127748	-0.217191	0.967734	-0.268400	0.946891	0.177082	-0.954799	-0.237118	-0.179257
40187	9.405724	2.512210	0.226051	-0.095998	-0.457793	-0.052887	-0.132031	-0.218747	0.966808	-0.267565	0.947007	0.177727	-0.954451	-0.235218	-0.183563
40188	9.682906	2.315865	0.266659	-0.112169	-0.453691	-0.050944	-0.136273	-0.220216	0.965885	-0.266374	0.947220	0.178379	-0.954188	-0.232978	-0.187740
40189	9.972154	1.858515	0.026191	-0.114061	-0.441876	-0.045408	-0.140422	-0.221645	0.964964	-0.265360	0.947389	0.178993	-0.953869	-0.230928	-0.191850
40190	9.872045	1.261699	-0.354068	-0.083899	-0.424296	-0.046200	-0.144377	-0.222984	0.964071	-0.264486	0.947528	0.179549	-0.953521	-0.229060	-0.195778
40191	9.489568	0.684131	-0.910873	-0.023207	-0.438593	-0.042489	-0.148500	-0.224363	0.963125	-0.264338	0.947491	0.179963	-0.952929	-0.227866	-0.200010
40192	9.331683	0.137257	-1.565772	0.082389	-0.477056	-0.031194	-0.153038	-0.225653	0.962112	-0.264988	0.947297	0.180028	-0.952030	-0.227397	-0.204768
40193	9.233871	-0.185656	-1.953369	0.203451	-0.493496	-0.038652	-0.157685	-0.227117	0.961017	-0.266994	0.946751	0.179937	-0.950710	-0.228213	-0.209927
40194	9.243299	0.017946	-2.162632	0.313798	-0.525518	-0.028166	-0.162543	-0.228529	0.959872	-0.270202	0.945932	0.179455	-0.948984	-0.230190	-0.215504
40195	9.379290	0.660906	-2.148671	0.423940	-0.573110	-0.020284	-0.167975	-0.230022	0.958579	-0.274265	0.944908	0.178681	-0.946870	-0.232890	-0.221808
40196	9.589324	1.352513	-2.134450	0.502645	-0.629048	-0.023252	-0.173882	-0.231623	0.957140	-0.278981	0.943714	0.177692	-0.944423	-0.236126	-0.228713
40197	9.834792	1.611729	-2.280223	0.568869	-0.667216	-0.026559	-0.180154	-0.233436	0.955538	-0.284402	0.942303	0.176582	-0.941626	-0.239945	-0.236149
40198	9.986564	1.462698	-2.437850	0.633844	-0.714404	-0.024967	-0.186811	-0.235295	0.953802	-0.290185	0.940787	0.175249	-0.938560	-0.244040	-0.244029
40199	10.145417	1.077071	-2.447227	0.672833	-0.752517	-0.011602	-0.193882	-0.237233	0.951909	-0.296519	0.939107	0.173648	-0.935140	-0.248592	-0.252420
40200	10.109353	0.759307	-2.354063	0.695798	-0.775560	0.018019	-0.201110	-0.238969	0.949973	-0.303308	0.937319	0.171575	-0.931428	-0.253629	-0.260985
40201	10.135993	0.739191	-2.206343	0.708087	-0.795949	0.048430	-0.208712	-0.240529	0.947937	-0.309799	0.935627	0.169195	-0.927612	-0.258357	-0.269792
40202	10.292735	0.880036	-1.807026	0.695842	-0.796970	0.066597	-0.216270	-0.241908	0.945890	-0.316187	0.933960	0.166564	-0.923717	-0.263055	-0.278476
40203	10.410895	1.088152	-1.459311	0.673083	-0.780707	0.081795	-0.223782	-0.243192	0.943811	-0.322219	0.932378	0.163846	-0.919835	-0.267448	-0.287011
40204	10.995419	1.225141	-1.333612	0.690651	-0.780891	0.114257	-0.231281	-0.244152	0.941753	-0.328326	0.930798	0.160679	-0.915812	-0.272040	-0.295438
40205	11.564336	0.888743	-1.013963	0.694890	-0.743389	0.140697	-0.238595	-0.244859	0.939743	-0.334353	0.929240	0.157232	-0.911746	-0.276691	-0.303581
40206	11.378067	0.769279	-0.145944	0.740286	-0.725281	0.149571	-0.245711	-0.245394	0.937768	-0.340776	0.927540	0.153429	-0.907468	-0.281870	-0.311531
40207	10.994959	1.368110	0.695571	0.794822	-0.747999	0.158416	-0.253081	-0.246032	0.935638	-0.347582	0.925672	0.149394	-0.902849	-0.287402	-0.319787
40208	10.910732	1.940678	1.321493	0.849469	-0.745876	0.136412	-0.260298	-0.246806	0.933451	-0.354840	0.923576	0.145246	-0.897961	-0.293418	-0.327982
40209	10.902494	2.442075	1.867712	0.890291	-0.667730	0.108426	-0.266722	-0.247764	0.931382	-0.362532	0.921207	0.141238	-0.892989	-0.299985	-0.335528
40210	10.977064	2.936918	1.993205	0.958869	-0.553356	0.061391	-0.271756	-0.248837	0.929639	-0.371103	0.918379	0.137340	-0.887936	-0.307669	-0.341919
40211	11.320584	3.035033	1.636147	1.037599	-0.413744	0.004745	-0.275492	-0.250062	0.928210	-0.380283	0.915158	0.133678	-0.882887	-0.316155	-0.347213
40212	11.206677	2.883122	1.355433	1.066816	-0.284839	-0.039273	-0.277800	-0.251266	0.927196	-0.390012	0.911562	0.130176	-0.877905	-0.325455	-0.351228
40213	11.145334	2.880614	1.069998	1.063430	-0.207569	-0.064492	-0.279418	-0.252516	0.926370	-0.399508	0.907893	0.126978	-0.873109	-0.334612	-0.354564
40214	11.313204	2.912448	0.945272	0.991552	-0.154948	-0.067788	-0.280520	-0.253479	0.925774	-0.408232	0.904426	0.123936	-0.868709	-0.343164	-0.357188
40215	11.605622	2.767865	1.035805	0.870612	-0.132729	-0.053767	-0.281504	-0.254405	0.925221	-0.415934	0.901273	0.121270	-0.864728	-0.350693	-0.359528
40216	11.903071	2.479089	1.341951	0.696465	-0.105174	-0.031554	-0.282267	-0.254947	0.924839	-0.422180	0.898683	0.118884	-0.861446	-0.356891	-0.361302
40217	11.868218	2.131159	1.474234	0.487178	-0.037053	-0.010332	-0.282598	-0.255153	0.924681	-0.426406	0.896911	0.117173	-0.859253	-0.361176	-0.362264
40218	11.447518	1.700175	1.394432	0.359358	0.042806	0.024841	-0.282231	-0.254732	0.924909	-0.429715	0.895545	0.115519	-0.857724	-0.364844	-0.362212
40219	11.146319	1.620942	1.765429	0.212368	0.086280	0.077309	-0.281880	-0.253704	0.925299	-0.431323	0.894967	0.113991	-0.857032	-0.366971	-0.361702
40220	11.051644	1.688072	2.184788	0.069728	0.131713	0.128447	-0.281295	-0.251937	0.925959	-0.431778	0.894958	0.112333	-0.856995	-0.368210	-0.360528
40221	11.142997	1.713305	2.505473	-0.082002	0.229902	0.171236	-0.280118	-0.249538	0.926965	-0.430600	0.895692	0.110997	-0.857973	-0.368059	-0.358350
40222	10.993749	1.569065	2.725341	-0.245901	0.372351	0.179388	-0.277580	-0.246471	0.928548	-0.428210	0.896950	0.110075	-0.859992	-0.367059	-0.354516
40223	10.858662	0.926045	3.019454	-0.461191	0.552633	0.168142	-0.273590	-0.242920	0.930666	-0.423778	0.899051	0.110089	-0.863459	-0.364277	-0.348915
40224	10.687784	-0.128763	2.795964	-0.655359	0.798074	0.180580	-0.267383	-0.238254	0.933671	-0.417860	0.901773	0.110448	-0.868274	-0.360611	-0.340676
40225	10.129110	-0.839945	2.191630	-0.624331	0.979348	0.225220	-0.259845	-0.232684	0.937197	-0.411836	0.904547	0.110392	-0.873425	-0.357287	-0.330869
40226	10.080521	-1.338295	1.620568	-0.446739	1.111372	0.283661	-0.251095	-0.226082	0.941190	-0.407539	0.906652	0.109061	-0.877988	-0.356187	-0.319793
40227	10.411788	-1.384333	0.803599	-0.182291	1.262817	0.326137	-0.241364	-0.218596	0.945494	-0.405141	0.908029	0.106511	-0.881819	-0.357351	-0.307728
40228	10.681644	-1.213455	-0.056202	0.277391	1.427248	0.314074	-0.229993	-0.210375	0.950182	-0.407108	0.907621	0.102411	-0.883949	-0.363272	-0.294392
40229	11.053930	-0.493936	-1.292760	0.810910	1.590227	0.358128	-0.217460	-0.201246	0.955097	-0.413486	0.905369	0.096624	-0.884161	-0.373907	-0.280094
40230	11.454923	0.264760	-2.488183	1.119487	1.726049	0.316815	-0.203460	-0.191583	0.960156	-0.422993	0.901625	0.090271	-0.882996	-0.387772	-0.264483
40231	11.562957	0.519872	-3.492721	1.290250	1.775391	0.238830	-0.188881	-0.182398	0.964912	-0.433916	0.896971	0.084616	-0.880932	-0.402708	-0.248566
40232	11.730585	1.339344	-4.061149	1.326754	1.795799	0.159069	-0.173721	-0.173383	0.969412	-0.445648	0.891661	0.079616	-0.878191	-0.418185	-0.232168
40233	11.915412	1.909370	-3.954858	1.113004	1.809067	0.115319	-0.158429	-0.164656	0.973544	-0.455233	0.887126	0.075958	-0.876164	-0.431156	-0.215503
40234	13.138440	2.991454	-4.358721	0.635143	1.905295	0.053124	-0.141952	-0.155655	0.977559	-0.461113	0.884264	0.073841	-0.875913	-0.440284	-0.197298
40235	11.932623	2.252040	-4.504536	-0.088981	2.163109	0.062218	-0.123314	-0.145535	0.981638	-0.460265	0.884746	0.073351	-0.879176	-0.442768	-0.176086
40236	11.511460	1.931982	-3.341426	-0.239496	1.986251	0.098742	-0.106298	-0.135623	0.985042	-0.458539	0.885715	0.072466	-0.882294	-0.443977	-0.156338
40237	12.587222	3.080998	-3.024879	-0.646246	2.006614	0.109557	-0.089102	-0.125755	0.988052	-0.452732	0.888712	0.072284	-0.887184	-0.440882	-0.136119
40238	12.325629	4.169169	-3.258031	-1.281311	2.065052	0.140379	-0.071327	-0.115270	0.990770	-0.441629	0.894284	0.072251	-0.894358	-0.432399	-0.114694
40239	12.860007	3.986171	-5.085003	-1.917959	2.126570	0.156345	-0.052940	-0.104807	0.993082	-0.424305	0.902601	0.072639	-0.903970	-0.417524	-0.092254
40240	13.377295	3.262257	-4.554892	-1.874934	2.226438	0.088242	-0.033054	-0.094675	0.994959	-0.407551	0.910254	0.073076	-0.912584	-0.403081	-0.068673
40241	13.355810	2.487655	-4.267928	-1.798496	2.368727	-0.042066	-0.011234	-0.085658	0.996261	-0.391100	0.917331	0.074461	-0.920280	-0.388801	-0.043806
40242	12.101836	0.835390	-4.069339	-1.572459	2.396914	-0.065418	0.011113	-0.076888	0.996978	-0.377009	0.923136	0.075396	-0.926143	-0.376707	-0.018729
40243	11.200529	-0.266787	-3.579188	-1.259711	2.290346	-0.064911	0.032558	-0.068951	0.997089	-0.365327	0.927765	0.076086	-0.930310	-0.366740	0.005016
40244	10.822734	-1.285542	-3.757265	-0.938019	2.189593	-0.057680	0.053173	-0.061331	0.996700	-0.356762	0.931072	0.076326	-0.932681	-0.359643	0.027627
40245	10.592536	-2.542993	-3.916615	-0.555773	2.222303	0.005797	0.073830	-0.053302	0.995845	-0.351608	0.933057	0.076009	-0.933231	-0.355759	0.050146
40246	9.352157	-1.738108	-3.458370	-0.114091	2.237831	0.061368	0.094378	-0.044501	0.994541	-0.350811	0.933433	0.075057	-0.931678	-0.355980	0.072484
40247	9.200945	-2.096991	-3.204131	0.272838	2.129555	0.073010	0.113872	-0.036177	0.992837	-0.353455	0.932479	0.074517	-0.928495	-0.359408	0.093397
40248	8.677256	-0.893555	-2.635340	0.581388	2.028775	0.035185	0.132397	-0.028211	0.990795	-0.358923	0.930393	0.074453	-0.923929	-0.365476	0.113056
40249	8.623068	-0.541554	-2.724687	0.634237	1.868812	-0.072240	0.149823	-0.021967	0.988469	-0.364697	0.928028	0.075901	-0.918994	-0.371863	0.131029
40250	8.529981	0.342890	-2.664497	0.696154	1.745572	-0.207520	0.166412	-0.017053	0.985909	-0.370858	0.925357	0.078603	-0.913658	-0.378712	0.147666
40251	8.253601	1.593110	-2.294631	0.526054	1.651864	-0.285554	0.182473	-0.013370	0.983120	-0.375187	0.923298	0.082193	-0.908812	-0.383852	0.163461
40252	7.887678	1.880244	-2.571086	0.313737	1.539018	-0.306350	0.197489	-0.010047	0.980254	-0.377435	0.922081	0.085492	-0.904733	-0.386865	0.178309
40253	7.882573	2.785462	-2.256756	0.073212	1.410996	-0.322782	0.211395	-0.007534	0.977372	-0.377471	0.921759	0.088748	-0.901570	-0.387690	0.192011
40254	7.767058	2.489991	-2.264821	-0.214372	1.365205	-0.295551	0.224652	-0.004743	0.974428	-0.375063	0.922526	0.090960	-0.899366	-0.385906	0.205468
40255	7.469510	2.306817	-2.272090	-0.457316	1.364720	-0.257822	0.237821	-0.001860	0.971307	-0.370393	0.924262	0.092460	-0.897914	-0.381754	0.219120
40256	7.310048	1.978430	-2.201206	-0.656020	1.390090	-0.241486	0.251064	0.001278	0.967970	-0.363620	0.926885	0.093089	-0.897077	-0.375344	0.233172
40257	7.195947	1.438236	-2.009000	-0.738204	1.427010	-0.247752	0.264695	0.004311	0.964323	-0.356400	0.929626	0.093671	-0.896056	-0.368479	0.247604
40258	7.084216	0.811283	-1.753785	-0.689630	1.449524	-0.266004	0.278539	0.007250	0.960398	-0.349476	0.932186	0.094319	-0.894585	-0.361907	0.262184
40259	6.939608	0.385981	-1.381414	-0.577166	1.404924	-0.276512	0.291997	0.009742	0.956370	-0.343568	0.934272	0.095380	-0.892580	-0.356429	0.276151
40260	6.632506	0.050369	-1.040006	-0.491553	1.274895	-0.265731	0.304106	0.011839	0.952565	-0.338147	0.936152	0.096318	-0.890604	-0.351397	0.288693
40261	6.392371	-0.254157	-0.692076	-0.433998	1.082453	-0.230695	0.314457	0.013487	0.949176	-0.333612	0.937686	0.097200	-0.888718	-0.347222	0.299361
40262	6.263048	-0.421680	-0.077787	-0.376981	0.853723	-0.167039	0.322386	0.015146	0.946487	-0.330169	0.938880	0.097435	-0.887162	-0.343912	0.307682
40263	6.059533	-0.487814	0.460972	-0.317744	0.683611	-0.129799	0.328819	0.016295	0.944252	-0.326970	0.939977	0.097640	-0.885985	-0.340848	0.314410
40264	6.089965	-0.378284	1.062862	-0.286402	0.542917	-0.082268	0.333840	0.017406	0.942469	-0.324023	0.941022	0.097396	-0.885189	-0.337896	0.319791
40265	6.496316	-0.325751	1.496982	-0.231565	0.470519	-0.020606	0.338016	0.018825	0.940952	-0.321946	0.941795	0.096810	-0.884362	-0.335659	0.324402
40266	7.053746	0.046786	1.736129	-0.184391	0.474984	0.022121	0.342065	0.020677	0.939449	-0.320288	0.942456	0.095877	-0.883407	-0.333690	0.329004
40267	7.989528	0.147418	2.329408	-0.085095	0.539286	0.029890	0.346676	0.022785	0.937708	-0.319681	0.942722	0.095281	-0.881828	-0.332800	0.334103
40268	8.781334	0.916151	2.582139	0.107427	0.637783	-0.007578	0.352133	0.025017	0.935616	-0.320779	0.942324	0.095533	-0.879263	-0.333766	0.339848
40269	8.511415	1.591874	2.479541	0.204199	0.680383	-0.045108	0.358196	0.026898	0.933259	-0.322453	0.941641	0.096622	-0.876196	-0.335541	0.345966
