// General information: 
//  MT Manager version: 2022.2.0 
//  XDA version: 2022.2.0 build 7381 rev 124627 built on 2023-07-19
// Device information: 
//  DeviceId: 00B4CB9F
//  ProductCode: MTW2-3A7G6
//  Firmware Version: 4.6.0
//  Hardware Version: 2.0.0
// Device settings: 
//  Filter Profile: human(46.1)
//  Option Flags: Orientation Smoother Disabled, Position/Velocity Smoother Disabled, Continuous Zero Rotation Update Disabled, AHS Disabled, ICC Disabled
// Coordinate system: ENU
PacketCounter	Acc_X	Acc_Y	Acc_Z	Gyr_X	Gyr_Y	Gyr_Z	Mat[1][1]	Mat[2][1]	Mat[3][1]	Mat[1][2]	Mat[2][2]	Mat[3][2]	Mat[1][3]	Mat[2][3]	Mat[3][3]
51034	9.359087	-1.639383	-2.962985	0.359984	0.041204	0.019584	-0.343791	0.054418	0.937468	-0.310780	0.935468	-0.168272	-0.886128	-0.349197	-0.304693
51035	9.351624	-1.811559	-2.943752	0.251641	0.079863	0.015851	-0.343183	0.054870	0.937665	-0.312971	0.934563	-0.169235	-0.885593	-0.351540	-0.303553
51036	9.273595	-1.736481	-2.840414	0.271815	0.116926	-0.004689	-0.342139	0.055275	0.938022	-0.315344	0.933620	-0.170035	-0.885155	-0.353975	-0.301997
51037	9.182692	-1.521062	-2.626053	0.298467	0.077527	0.008312	-0.341529	0.055652	0.938222	-0.317972	0.932540	-0.171062	-0.884450	-0.356751	-0.300794
51038	9.324181	-1.717516	-2.673454	0.276610	0.031669	-0.000426	-0.341268	0.055798	0.938308	-0.320390	0.931554	-0.171924	-0.883678	-0.359297	-0.300032
51039	9.395299	-1.899688	-3.027362	0.314758	0.043641	-0.012284	-0.340893	0.055865	0.938441	-0.323228	0.930410	-0.172801	-0.882788	-0.362237	-0.299113
51040	9.397671	-1.724348	-3.027986	0.342331	0.101064	-0.018644	-0.340049	0.056050	0.938736	-0.326512	0.929086	-0.173750	-0.881905	-0.365592	-0.297634
51041	9.202709	-1.690004	-2.882959	0.273293	0.138982	-0.010767	-0.338839	0.056483	0.939147	-0.328974	0.928075	-0.174509	-0.881456	-0.368086	-0.295886
51042	9.161184	-1.800417	-2.916746	0.229404	0.118461	-0.019733	-0.337853	0.056809	0.939483	-0.331101	0.927200	-0.175136	-0.881038	-0.370234	-0.294448
51043	9.232911	-1.832665	-2.907838	0.283710	0.115257	-0.016277	-0.336834	0.057109	0.939830	-0.333671	0.926140	-0.175865	-0.880458	-0.372831	-0.292900
51044	9.227364	-1.733886	-2.867262	0.292340	0.114029	-0.009051	-0.335879	0.057441	0.940152	-0.336447	0.924973	-0.176713	-0.879766	-0.375666	-0.291353
51045	9.125831	-1.641909	-2.788779	0.267300	0.077657	0.004890	-0.335264	0.057802	0.940350	-0.338798	0.923948	-0.177585	-0.879099	-0.378126	-0.290183
51046	9.281590	-1.714957	-2.927498	0.243009	0.042364	0.008223	-0.334979	0.058104	0.940433	-0.340869	0.923020	-0.178444	-0.878406	-0.380339	-0.289386
51047	9.369665	-1.759029	-2.867446	0.210076	0.090245	-0.009528	-0.334204	0.058382	0.940691	-0.342762	0.922209	-0.179010	-0.877965	-0.382259	-0.288195
51048	9.377625	-1.866170	-2.843440	0.165154	0.129547	-0.015677	-0.333085	0.058724	0.941066	-0.344430	0.921509	-0.179413	-0.877737	-0.383891	-0.286715
51049	9.314105	-1.976462	-2.825770	0.185260	0.153956	-0.023270	-0.331705	0.059124	0.941529	-0.346150	0.920794	-0.179772	-0.877583	-0.385541	-0.284966
51050	9.119434	-2.087042	-2.807420	0.186441	0.148805	-0.019125	-0.330420	0.059544	0.941954	-0.347949	0.920030	-0.180213	-0.877356	-0.387297	-0.283278
51051	9.033298	-2.134028	-2.834313	0.210481	0.119288	-0.024770	-0.329338	0.059802	0.942316	-0.349893	0.919212	-0.180623	-0.876990	-0.389196	-0.281807
51052	9.058542	-2.067927	-2.773165	0.246275	0.053146	-0.031038	-0.328804	0.059778	0.942505	-0.352114	0.918273	-0.181080	-0.876301	-0.391409	-0.280883
51053	9.177921	-1.945169	-2.779822	0.216006	0.006741	-0.050071	-0.328619	0.059366	0.942595	-0.354188	0.917439	-0.181263	-0.875534	-0.393422	-0.280461
51054	9.196981	-1.842353	-2.837623	0.218540	-0.025122	-0.054892	-0.328710	0.058799	0.942599	-0.356321	0.916579	-0.181434	-0.874634	-0.395507	-0.280337
51055	9.307300	-1.947950	-2.931195	0.200449	-0.009189	-0.052361	-0.328654	0.058304	0.942649	-0.358263	0.915799	-0.181551	-0.873862	-0.397384	-0.280093
51056	9.377544	-2.094741	-3.005929	0.224674	0.018465	-0.050043	-0.328405	0.057974	0.942756	-0.360418	0.914901	-0.181811	-0.873069	-0.399494	-0.279563
51057	9.343061	-2.071808	-2.916903	0.232958	0.079699	-0.047262	-0.327590	0.057882	0.943045	-0.362623	0.913979	-0.182064	-0.872461	-0.401613	-0.278421
51058	9.213749	-1.969424	-2.758646	0.217706	0.115749	-0.053827	-0.326481	0.057872	0.943431	-0.364833	0.913059	-0.182262	-0.871956	-0.403700	-0.276983
51059	9.176580	-2.025418	-2.655437	0.219018	0.113945	-0.051047	-0.325352	0.057888	0.943819	-0.366926	0.912186	-0.182434	-0.871499	-0.405667	-0.275541
51060	9.171191	-2.003835	-2.645855	0.239192	0.081032	-0.066094	-0.324466	0.057640	0.944139	-0.369289	0.911210	-0.182541	-0.870831	-0.407889	-0.274371
51061	9.272449	-1.946172	-2.540333	0.259379	0.037727	-0.072607	-0.323921	0.057153	0.944356	-0.371799	0.910174	-0.182614	-0.869966	-0.410264	-0.273575
51062	9.328239	-1.910575	-2.457485	0.275492	0.048600	-0.071616	-0.323260	0.056731	0.944608	-0.374423	0.909075	-0.182731	-0.869086	-0.412752	-0.272626
51063	9.326893	-1.891683	-2.485416	0.253493	0.060751	-0.089046	-0.322449	0.056194	0.944917	-0.376930	0.908059	-0.182628	-0.868303	-0.415055	-0.271622
51064	9.294173	-1.884987	-2.516828	0.242616	0.044534	-0.098059	-0.321761	0.055501	0.945193	-0.379462	0.907042	-0.182437	-0.867455	-0.417365	-0.270790
51065	9.310143	-1.824350	-2.513853	0.251225	0.043514	-0.090711	-0.321090	0.054881	0.945457	-0.381949	0.906024	-0.182307	-0.866612	-0.419653	-0.269954
51066	9.371005	-1.789624	-2.465859	0.223844	0.045179	-0.094899	-0.320445	0.054222	0.945714	-0.384369	0.905036	-0.182129	-0.865780	-0.421865	-0.269173
51067	9.378842	-1.742024	-2.514983	0.221101	0.063434	-0.094195	-0.319585	0.053658	0.946037	-0.386602	0.904134	-0.181881	-0.865104	-0.423866	-0.268204
51068	9.287608	-1.780252	-2.513238	0.218201	0.072636	-0.091535	-0.318645	0.053154	0.946383	-0.388841	0.903220	-0.181651	-0.864447	-0.425875	-0.267138
51069	9.279358	-1.870832	-2.544605	0.177368	0.066444	-0.094385	-0.317755	0.052604	0.946712	-0.390692	0.902495	-0.181280	-0.863939	-0.427475	-0.266221
51070	9.189273	-1.896606	-2.615231	0.198055	0.073011	-0.082207	-0.316913	0.052220	0.947016	-0.392757	0.901624	-0.181151	-0.863312	-0.429357	-0.265227
51071	9.165950	-1.773312	-2.485446	0.217953	0.066878	-0.068294	-0.316120	0.051911	0.947298	-0.394873	0.900704	-0.181129	-0.862638	-0.431321	-0.264232
51072	9.289448	-1.760082	-2.407427	0.192246	0.033396	-0.067553	-0.315641	0.051461	0.947482	-0.396862	0.899839	-0.181083	-0.861900	-0.433177	-0.263603
51073	9.319972	-1.763429	-2.485177	0.171363	0.011115	-0.074517	-0.315302	0.050858	0.947628	-0.398592	0.899115	-0.180877	-0.861225	-0.434748	-0.263221
51074	9.399237	-1.760193	-2.503668	0.179335	0.029588	-0.069703	-0.314840	0.050343	0.947809	-0.400546	0.898269	-0.180764	-0.860487	-0.436553	-0.262647
51075	9.364897	-1.767135	-2.465278	0.161025	0.064064	-0.062104	-0.314093	0.050084	0.948070	-0.402145	0.897578	-0.180646	-0.860014	-0.438002	-0.261782
51076	9.330970	-1.774184	-2.425095	0.162413	0.071377	-0.061419	-0.313273	0.049869	0.948353	-0.403771	0.896869	-0.180541	-0.859551	-0.439476	-0.260829
51077	9.299037	-1.712997	-2.324199	0.173416	0.069089	-0.057855	-0.312498	0.049673	0.948619	-0.405461	0.896116	-0.180493	-0.859038	-0.441032	-0.259894
51078	9.331627	-1.708752	-2.240726	0.163251	0.049476	-0.059567	-0.311866	0.049370	0.948843	-0.407111	0.895386	-0.180398	-0.858487	-0.442545	-0.259141
51079	9.308877	-1.609111	-2.235814	0.178179	0.029563	-0.066744	-0.311393	0.048922	0.949021	-0.408867	0.894611	-0.180274	-0.857824	-0.444160	-0.258573
51080	9.288578	-1.642968	-2.228288	0.157424	0.024643	-0.061472	-0.310984	0.048475	0.949178	-0.410552	0.893862	-0.180161	-0.857167	-0.445715	-0.258075
51081	9.302402	-1.688071	-2.339053	0.142729	-0.004727	-0.074244	-0.310772	0.047808	0.949281	-0.412025	0.893242	-0.179873	-0.856537	-0.447027	-0.257896
51082	9.276851	-1.656100	-2.399282	0.154157	-0.011179	-0.074868	-0.310647	0.047088	0.949358	-0.413755	0.892486	-0.179655	-0.855748	-0.448611	-0.257765
51083	9.303101	-1.585546	-2.387135	0.139270	-0.007223	-0.058404	-0.310520	0.046552	0.949426	-0.415147	0.891869	-0.179508	-0.855120	-0.449893	-0.257617
51084	9.340646	-1.574418	-2.416496	0.105380	0.001316	-0.057451	-0.310373	0.046092	0.949497	-0.416294	0.891366	-0.179349	-0.854616	-0.450935	-0.257468
51085	9.356519	-1.599473	-2.442708	0.079932	0.016170	-0.042496	-0.310111	0.045803	0.949596	-0.417128	0.891006	-0.179200	-0.854304	-0.451675	-0.257205
51086	9.339275	-1.601915	-2.424184	0.065865	0.023252	-0.035683	-0.309866	0.045656	0.949683	-0.417820	0.890692	-0.179148	-0.854055	-0.452309	-0.256919
51087	9.377472	-1.532871	-2.319734	0.054160	0.031389	-0.031696	-0.309519	0.045533	0.949803	-0.418400	0.890443	-0.179035	-0.853897	-0.452812	-0.256557
51088	9.325455	-1.581438	-2.316579	0.016313	0.024997	-0.025588	-0.309266	0.045408	0.949891	-0.418783	0.890288	-0.178906	-0.853800	-0.453128	-0.256320
51089	9.274653	-1.619240	-2.386324	-0.005939	0.032495	-0.021893	-0.308950	0.045377	0.949995	-0.418820	0.890306	-0.178731	-0.853897	-0.453096	-0.256055
51090	9.280861	-1.622911	-2.418179	-0.020591	0.010405	-0.013916	-0.308885	0.045360	0.950017	-0.418687	0.890386	-0.178643	-0.853986	-0.452940	-0.256036
51091	9.375713	-1.626313	-2.384863	-0.019746	-0.013914	-0.013088	-0.309003	0.045198	0.949987	-0.418578	0.890463	-0.178517	-0.853996	-0.452806	-0.256237
51092	9.431981	-1.542907	-2.373465	-0.026771	-0.012461	0.001276	-0.309224	0.045137	0.949917	-0.418593	0.890444	-0.178575	-0.853909	-0.452848	-0.256452
51093	9.421060	-1.589406	-2.438628	-0.075338	0.019983	0.005374	-0.309129	0.045293	0.949941	-0.417953	0.890764	-0.178481	-0.854257	-0.452204	-0.256431
51094	9.381050	-1.745273	-2.452651	-0.119777	0.050860	0.003641	-0.308786	0.045582	0.950039	-0.416996	0.891249	-0.178295	-0.854848	-0.451218	-0.256198
51095	9.309004	-1.761056	-2.386418	-0.106013	0.084053	0.018977	-0.308200	0.046147	0.950202	-0.416052	0.891699	-0.178253	-0.855520	-0.450270	-0.255622
51096	9.267484	-1.657495	-2.210057	-0.102892	0.070369	0.024751	-0.307805	0.046709	0.950302	-0.415224	0.892068	-0.178339	-0.856064	-0.449482	-0.255188
51097	9.326034	-1.671290	-2.142336	-0.121142	0.031414	0.020711	-0.307675	0.047052	0.950327	-0.414143	0.892582	-0.178275	-0.856634	-0.448422	-0.255139
51098	9.302374	-1.727287	-2.225867	-0.144212	0.010084	0.021474	-0.307755	0.047315	0.950288	-0.412943	0.893152	-0.178203	-0.857184	-0.447258	-0.255334
51099	9.321159	-1.827581	-2.350625	-0.138933	-0.010412	0.019939	-0.307980	0.047464	0.950208	-0.411712	0.893744	-0.178087	-0.857696	-0.446059	-0.255714
51100	9.356883	-1.768657	-2.410103	-0.138958	-0.003510	0.012930	-0.308129	0.047564	0.950155	-0.410622	0.894277	-0.177928	-0.858165	-0.444979	-0.256022
51101	9.322716	-1.695491	-2.393600	-0.136215	0.008672	0.013208	-0.308161	0.047738	0.950136	-0.409433	0.894857	-0.177753	-0.858721	-0.443793	-0.256215
51102	9.293337	-1.687693	-2.312135	-0.151843	0.015812	0.022320	-0.308209	0.048053	0.950104	-0.408125	0.895468	-0.177683	-0.859326	-0.442525	-0.256380
51103	9.285180	-1.817049	-2.400869	-0.201468	0.015223	0.013656	-0.308187	0.048260	0.950101	-0.406372	0.896332	-0.177345	-0.860164	-0.440750	-0.256627
51104	9.321616	-1.970488	-2.444609	-0.176392	0.000301	0.024840	-0.308385	0.048517	0.950024	-0.404879	0.897029	-0.177238	-0.860797	-0.439302	-0.256987
51105	9.347969	-1.832603	-2.375021	-0.129171	0.006596	0.015453	-0.308444	0.048703	0.949995	-0.403740	0.897569	-0.177101	-0.861311	-0.438177	-0.257187
51106	9.334142	-1.736004	-2.287418	-0.118780	-0.001804	0.017724	-0.308580	0.048875	0.949942	-0.402720	0.898042	-0.177024	-0.861740	-0.437186	-0.257435
51107	9.314634	-1.690469	-2.300428	-0.130434	-0.025076	0.009663	-0.308888	0.048870	0.949842	-0.401587	0.898587	-0.176829	-0.862158	-0.436064	-0.257937
51108	9.302431	-1.685294	-2.395926	-0.157232	-0.028129	0.004921	-0.309235	0.048841	0.949731	-0.400252	0.899234	-0.176568	-0.862654	-0.434733	-0.258525
51109	9.247319	-1.635017	-2.452262	-0.147017	-0.032853	0.001605	-0.309578	0.048731	0.949625	-0.399000	0.899852	-0.176251	-0.863111	-0.433464	-0.259130
51110	9.266229	-1.558916	-2.412497	-0.160246	-0.043232	0.002147	-0.310058	0.048630	0.949473	-0.397627	0.900515	-0.175970	-0.863572	-0.432097	-0.259875
51111	9.260994	-1.538242	-2.457674	-0.190783	-0.043956	0.015012	-0.310550	0.048593	0.949314	-0.395954	0.901311	-0.175665	-0.864164	-0.430438	-0.260662
51112	9.321428	-1.622596	-2.495649	-0.210555	-0.045763	0.010852	-0.311060	0.048520	0.949151	-0.394189	0.902155	-0.175303	-0.864787	-0.428674	-0.261498
51113	9.320752	-1.667533	-2.478406	-0.208425	-0.036021	0.018450	-0.311497	0.048551	0.949006	-0.392350	0.903019	-0.174981	-0.865466	-0.426848	-0.262239
51114	9.266483	-1.714452	-2.486220	-0.205740	-0.021381	0.019853	-0.311789	0.048629	0.948906	-0.390617	0.903831	-0.174667	-0.866144	-0.425118	-0.262809
51115	9.304314	-1.683817	-2.436942	-0.193112	-0.036525	0.028649	-0.312270	0.048752	0.948742	-0.388876	0.904617	-0.174479	-0.866754	-0.423428	-0.263526
51116	9.292997	-1.556735	-2.339484	-0.181248	-0.066844	0.024117	-0.312993	0.048676	0.948507	-0.387372	0.905300	-0.174285	-0.867167	-0.421975	-0.264497
51117	9.368123	-1.552908	-2.373748	-0.202775	-0.106420	0.026601	-0.314072	0.048487	0.948160	-0.385551	0.906122	-0.174049	-0.867588	-0.420228	-0.265893
51118	9.343841	-1.523714	-2.481771	-0.226621	-0.105514	0.022070	-0.315142	0.048265	0.947816	-0.383602	0.907010	-0.173732	-0.868064	-0.418335	-0.267323
51119	9.325308	-1.547077	-2.599555	-0.228288	-0.100539	0.026396	-0.316169	0.048104	0.947483	-0.381558	0.907931	-0.173419	-0.868591	-0.416350	-0.268705
51120	9.320303	-1.459294	-2.586953	-0.225881	-0.078504	0.030762	-0.317012	0.048078	0.947202	-0.379538	0.908828	-0.173155	-0.869169	-0.414392	-0.269862
51121	9.251557	-1.515499	-2.617588	-0.279415	-0.056294	0.045819	-0.317728	0.048281	0.946952	-0.376985	0.909942	-0.172883	-0.870018	-0.411916	-0.270912
51122	9.224414	-1.716049	-2.801177	-0.301794	-0.072427	0.050545	-0.318592	0.048457	0.946652	-0.374272	0.911115	-0.172598	-0.870873	-0.409294	-0.272138
51123	9.159213	-1.790170	-2.795848	-0.275022	-0.072816	0.056733	-0.319491	0.048697	0.946337	-0.371717	0.912191	-0.172434	-0.871638	-0.406861	-0.273335
51124	9.185216	-1.754347	-2.683782	-0.247333	-0.075784	0.067752	-0.320443	0.048974	0.946001	-0.369529	0.913078	-0.172441	-0.872218	-0.404832	-0.274492
51125	9.247790	-1.759583	-2.581217	-0.236031	-0.122627	0.070005	-0.321822	0.049138	0.945524	-0.367267	0.913979	-0.172503	-0.872666	-0.402775	-0.276092
51126	9.295433	-1.675075	-2.546317	-0.211684	-0.147357	0.056801	-0.323364	0.049063	0.945002	-0.365344	0.914749	-0.172507	-0.872903	-0.401033	-0.277872
51127	9.318731	-1.676378	-2.647999	-0.227308	-0.167816	0.048343	-0.325057	0.048854	0.944432	-0.363225	0.915616	-0.172379	-0.873158	-0.399074	-0.279883
51128	9.193727	-1.768091	-2.762188	-0.222979	-0.153273	0.047770	-0.326625	0.048687	0.943899	-0.361229	0.916426	-0.172269	-0.873401	-0.397231	-0.281740
51129	9.094347	-1.792992	-2.861334	-0.227602	-0.155387	0.063617	-0.328263	0.048675	0.943331	-0.359054	0.917279	-0.172275	-0.873684	-0.395259	-0.283632
51130	9.156385	-1.834054	-2.814560	-0.210166	-0.187129	0.074205	-0.330221	0.048651	0.942649	-0.357017	0.918042	-0.172448	-0.873781	-0.393487	-0.285787
51131	9.301768	-1.744276	-2.665528	-0.218053	-0.186685	0.071700	-0.332159	0.048597	0.941971	-0.354895	0.918845	-0.172548	-0.873911	-0.391614	-0.287956
51132	9.304970	-1.767326	-2.683053	-0.236862	-0.177903	0.075593	-0.334017	0.048606	0.941313	-0.352635	0.919702	-0.172620	-0.874117	-0.389598	-0.290056
51133	9.191462	-1.867013	-2.708976	-0.221240	-0.175745	0.064321	-0.335831	0.048536	0.940671	-0.350507	0.920512	-0.172631	-0.874278	-0.387687	-0.292125
51134	9.080997	-1.869402	-2.813611	-0.213196	-0.192307	0.062129	-0.337797	0.048440	0.939972	-0.348375	0.921314	-0.172673	-0.874373	-0.385791	-0.294341
51135	9.010459	-1.863975	-2.983765	-0.173908	-0.200308	0.056719	-0.339796	0.048212	0.939262	-0.346684	0.921938	-0.172743	-0.874270	-0.384325	-0.296557
51136	9.054422	-1.597803	-2.970301	-0.134393	-0.235312	0.058407	-0.342096	0.047840	0.938446	-0.345439	0.922368	-0.172944	-0.873866	-0.383339	-0.299013
51137	9.229175	-1.331244	-2.960089	-0.154906	-0.267878	0.070007	-0.344729	0.047481	0.937501	-0.343866	0.922910	-0.173186	-0.873452	-0.382077	-0.301826
51138	9.433845	-1.382352	-3.025201	-0.228863	-0.238337	0.083685	-0.347098	0.047304	0.936635	-0.341716	0.923690	-0.173283	-0.873358	-0.380209	-0.304446
51139	9.500338	-1.595231	-3.074867	-0.298783	-0.183466	0.098258	-0.349086	0.047538	0.935884	-0.338785	0.924758	-0.173340	-0.873707	-0.377574	-0.306715
51140	9.459946	-1.906513	-3.126010	-0.313153	-0.112721	0.105932	-0.350483	0.048126	0.935332	-0.335713	0.925860	-0.173436	-0.874333	-0.374790	-0.308342
51141	9.339231	-2.050347	-3.056936	-0.291031	-0.084528	0.096443	-0.351596	0.048726	0.934883	-0.332850	0.926883	-0.173489	-0.874981	-0.372174	-0.309670
51142	9.268762	-2.092092	-2.969991	-0.249135	-0.071303	0.079289	-0.352525	0.049196	0.934508	-0.330491	0.927723	-0.173510	-0.875501	-0.370013	-0.310787
51143	9.189499	-2.027717	-2.856286	-0.230856	-0.087423	0.056778	-0.353529	0.049422	0.934117	-0.328290	0.928530	-0.173372	-0.875924	-0.367953	-0.312037
51144	9.179861	-1.872369	-2.898392	-0.192175	-0.114754	0.036789	-0.354723	0.049369	0.933667	-0.326555	0.929174	-0.173197	-0.876090	-0.366331	-0.313478
51145	9.223420	-1.699727	-2.988477	-0.176308	-0.129497	0.027958	-0.355999	0.049177	0.933191	-0.324932	0.929788	-0.172955	-0.876176	-0.364796	-0.315025
51146	9.230790	-1.620458	-3.077151	-0.177186	-0.140875	0.023018	-0.357327	0.048816	0.932703	-0.323518	0.930340	-0.172636	-0.876158	-0.363434	-0.316642
51147	9.241492	-1.625858	-3.229770	-0.188566	-0.133884	0.030558	-0.358649	0.048638	0.932205	-0.321778	0.930992	-0.172373	-0.876259	-0.361784	-0.318249
51148	9.206874	-1.654477	-3.175891	-0.198073	-0.107651	0.039841	-0.359815	0.048760	0.931749	-0.319736	0.931722	-0.172232	-0.876528	-0.359885	-0.319657
51149	9.162193	-1.776249	-3.203275	-0.213761	-0.096397	0.050530	-0.360872	0.048907	0.931332	-0.317701	0.932448	-0.172068	-0.876834	-0.357980	-0.320956
51150	9.114661	-1.864239	-3.146305	-0.185003	-0.109865	0.042406	-0.361972	0.048829	0.930909	-0.316168	0.933004	-0.171877	-0.876935	-0.356538	-0.322283
51151	9.124253	-1.854390	-3.142031	-0.175962	-0.128241	0.032291	-0.363248	0.048697	0.930419	-0.314528	0.933598	-0.171660	-0.876996	-0.354998	-0.323811
51152	9.214445	-1.894400	-3.179410	-0.180307	-0.127381	0.027055	-0.364508	0.048573	0.929932	-0.312789	0.934229	-0.171403	-0.877095	-0.353351	-0.325341
51153	9.274962	-1.928857	-3.324010	-0.215025	-0.102420	0.014421	-0.365502	0.048370	0.929553	-0.310871	0.934963	-0.170887	-0.877364	-0.351431	-0.326694
51154	9.261522	-1.799172	-3.377209	-0.167977	-0.060196	0.003665	-0.366138	0.048310	0.929306	-0.309286	0.935561	-0.170491	-0.877659	-0.349845	-0.327603
51155	9.201703	-1.694081	-3.186964	-0.181493	-0.033688	0.011806	-0.366520	0.048326	0.929154	-0.307670	0.936173	-0.170057	-0.878067	-0.348203	-0.328257
51156	9.281951	-1.656885	-3.202967	-0.178271	-0.021158	0.004240	-0.366767	0.048322	0.929057	-0.306130	0.936765	-0.169575	-0.878502	-0.346606	-0.328782
51157	9.142996	-1.383408	-3.111148	-0.132971	-0.000640	0.010381	-0.366854	0.048441	0.929016	-0.304944	0.937204	-0.169285	-0.878878	-0.345401	-0.329046
51158	9.038132	-1.249752	-2.956437	-0.203113	-0.007546	0.010175	-0.367015	0.048610	0.928944	-0.303000	0.937923	-0.168792	-0.879483	-0.343419	-0.329503
51159	9.126154	-1.399161	-3.033023	-0.259622	-0.042056	0.024157	-0.367508	0.048717	0.928744	-0.300648	0.938784	-0.168211	-0.880084	-0.341044	-0.330364
51160	9.277621	-1.572817	-3.087787	-0.246305	-0.050626	0.021004	-0.368118	0.048862	0.928494	-0.298293	0.939625	-0.167711	-0.880631	-0.338701	-0.331317
51161	9.293110	-1.509919	-3.130224	-0.237672	-0.027681	0.014254	-0.368454	0.048927	0.928358	-0.296167	0.940404	-0.167107	-0.881208	-0.336520	-0.332005
51162	9.209144	-1.381649	-3.182788	-0.266831	-0.006311	0.002407	-0.368590	0.048981	0.928301	-0.293836	0.941272	-0.166335	-0.881931	-0.334077	-0.332551
51163	9.086893	-1.262982	-3.167874	-0.290072	0.001436	0.006607	-0.368646	0.049072	0.928274	-0.291272	0.942219	-0.165482	-0.882757	-0.331385	-0.333052
51164	9.158964	-1.066465	-3.169550	-0.316197	-0.004970	0.015072	-0.368759	0.049219	0.928221	-0.288445	0.943241	-0.164607	-0.883638	-0.328441	-0.333632
51165	9.306452	-0.806167	-3.060837	-0.319420	-0.019640	0.027757	-0.369062	0.049441	0.928089	-0.285539	0.944257	-0.163850	-0.884455	-0.325476	-0.334372
51166	9.359155	-0.903485	-2.969147	-0.423596	0.028243	0.058072	-0.369030	0.050086	0.928067	-0.281683	0.945555	-0.163036	-0.885704	-0.321586	-0.334830
51167	9.232219	-1.592152	-3.162291	-0.490219	0.058363	0.089454	-0.368812	0.051144	0.928096	-0.277028	0.947060	-0.162275	-0.887262	-0.316958	-0.335118
51168	9.046480	-2.136372	-3.176739	-0.428755	0.069159	0.100128	-0.368485	0.052277	0.928163	-0.272993	0.948313	-0.161792	-0.888647	-0.313000	-0.335167
51169	8.907690	-2.323546	-3.262558	-0.357688	0.039672	0.084293	-0.368409	0.053226	0.928139	-0.269523	0.949368	-0.161426	-0.889737	-0.309626	-0.335410
51170	8.752973	-2.229620	-3.406338	-0.260448	-0.013804	0.057525	-0.368716	0.053741	0.927987	-0.267054	0.950115	-0.161131	-0.890354	-0.307234	-0.335971
51171	8.830312	-1.802290	-3.495222	-0.204729	-0.085147	0.032680	-0.369610	0.053817	0.927627	-0.265131	0.950710	-0.160797	-0.890558	-0.305375	-0.337124
51172	8.974604	-1.451796	-3.579079	-0.211583	-0.107031	0.024898	-0.370669	0.053782	0.927207	-0.263124	0.951340	-0.160371	-0.890713	-0.303415	-0.338480
51173	9.171984	-1.311497	-3.536290	-0.231906	-0.101474	0.039440	-0.371725	0.053877	0.926778	-0.260933	0.952005	-0.160002	-0.890918	-0.301303	-0.339826
51174	9.298768	-1.388701	-3.585613	-0.244552	-0.047201	0.061644	-0.372347	0.054363	0.926500	-0.258524	0.952696	-0.159798	-0.891360	-0.299023	-0.340679
51175	9.247992	-1.400026	-3.422571	-0.250391	0.003778	0.071788	-0.372546	0.055085	0.926377	-0.256045	0.953388	-0.159661	-0.891992	-0.296675	-0.341077
51176	9.243670	-1.180786	-3.145358	-0.263814	0.029288	0.073536	-0.372512	0.055931	0.926341	-0.253372	0.954129	-0.159498	-0.892770	-0.294124	-0.341253
51177	9.135417	-1.034728	-3.015118	-0.339680	0.059955	0.095808	-0.372266	0.057048	0.926371	-0.250002	0.955055	-0.159278	-0.893822	-0.290888	-0.341272
51178	9.063556	-1.139964	-2.988425	-0.397769	0.045749	0.114996	-0.372191	0.058305	0.926323	-0.246068	0.956114	-0.159049	-0.894944	-0.287135	-0.341510
51179	9.058048	-1.433686	-3.239943	-0.436745	0.012837	0.119035	-0.372415	0.059507	0.926157	-0.241735	0.957275	-0.158710	-0.896031	-0.282990	-0.342118
51180	9.037135	-1.783090	-3.498770	-0.411950	0.004004	0.115118	-0.372672	0.060609	0.925982	-0.237712	0.958334	-0.158397	-0.897000	-0.279147	-0.342736
51181	8.995660	-1.901353	-3.722114	-0.371875	-0.017553	0.088452	-0.373086	0.061436	0.925761	-0.234066	0.959298	-0.157991	-0.897786	-0.275633	-0.343520
51182	8.962877	-1.828991	-3.853713	-0.346701	-0.032391	0.062731	-0.373533	0.061958	0.925545	-0.230758	0.960195	-0.157407	-0.898456	-0.272374	-0.344367
51183	9.066772	-1.831571	-3.784218	-0.312063	-0.064621	0.044732	-0.374264	0.062240	0.925231	-0.227807	0.960999	-0.156796	-0.898905	-0.269457	-0.345488
51184	9.237926	-1.913250	-3.711591	-0.298904	-0.053217	0.041792	-0.374852	0.062502	0.924975	-0.225018	0.961756	-0.156178	-0.899362	-0.266680	-0.346452
51185	9.248314	-2.189629	-3.677660	-0.263671	-0.000917	0.030803	-0.374976	0.062824	0.924903	-0.222552	0.962424	-0.155600	-0.899924	-0.264185	-0.346905
51186	9.037615	-2.396900	-3.553779	-0.198905	0.066264	0.019144	-0.374480	0.063253	0.925075	-0.220655	0.962931	-0.155165	-0.900598	-0.262229	-0.346641
51187	8.692290	-2.370868	-3.359728	-0.156988	0.083122	0.014958	-0.373812	0.063642	0.925319	-0.219206	0.963318	-0.154811	-0.901229	-0.260705	-0.346149
51188	8.602984	-1.931871	-3.380454	-0.062009	0.054760	0.001852	-0.373337	0.063843	0.925496	-0.218617	0.963478	-0.154651	-0.901569	-0.260066	-0.345745
51189	8.416664	-1.166940	-3.363757	0.007233	-0.030235	0.034227	-0.373732	0.064123	0.925318	-0.218575	0.963424	-0.155045	-0.901415	-0.260197	-0.346047
51190	8.573543	-0.740670	-3.613253	-0.039265	-0.147007	0.074484	-0.375217	0.064416	0.924696	-0.218091	0.963443	-0.155611	-0.900916	-0.260056	-0.347451
51191	8.746411	-0.937742	-3.895977	-0.100633	-0.163698	0.142441	-0.377048	0.065392	0.923882	-0.216670	0.963598	-0.156629	-0.900494	-0.259234	-0.349154
51192	8.981676	-1.401064	-4.185931	-0.122871	-0.140802	0.187180	-0.378808	0.066937	0.923051	-0.214779	0.963792	-0.158034	-0.900208	-0.258117	-0.350715
51193	9.036966	-1.729050	-4.190925	-0.084344	-0.121066	0.184727	-0.380340	0.068434	0.922311	-0.213339	0.963871	-0.159494	-0.899904	-0.257427	-0.351999
51194	8.973887	-1.766461	-3.965758	-0.052324	-0.106308	0.177690	-0.381647	0.069823	0.921667	-0.212315	0.963858	-0.160935	-0.899593	-0.257104	-0.353029
51195	8.977040	-1.700130	-3.850365	0.005026	-0.132597	0.164833	-0.383236	0.071099	0.920910	-0.211750	0.963716	-0.162523	-0.899051	-0.257288	-0.354275
51196	9.039078	-1.662631	-3.836437	0.061324	-0.159088	0.132604	-0.384971	0.072014	0.920115	-0.211759	0.963463	-0.164005	-0.898307	-0.257980	-0.355656
51197	9.182469	-1.644961	-3.817943	0.050803	-0.176945	0.100357	-0.386819	0.072552	0.919297	-0.211848	0.963246	-0.165161	-0.897492	-0.258639	-0.357232
51198	9.215593	-1.743663	-3.900756	0.061029	-0.123848	0.081222	-0.388129	0.073028	0.918707	-0.212123	0.963012	-0.166166	-0.896861	-0.259372	-0.358282
51199	9.242863	-1.611365	-3.849084	0.115976	-0.124871	0.051996	-0.389406	0.073232	0.918150	-0.212980	0.962659	-0.167112	-0.896104	-0.260622	-0.359268
51200	9.241498	-1.492103	-3.642895	0.156729	-0.098044	0.046085	-0.390416	0.073462	0.917703	-0.214192	0.962210	-0.168148	-0.895375	-0.262212	-0.359928
51201	9.191860	-1.442186	-3.596859	0.170984	-0.054346	0.052734	-0.391063	0.073855	0.917396	-0.215536	0.961708	-0.169300	-0.894770	-0.263938	-0.360170
51202	9.123752	-1.608059	-3.661894	0.193050	-0.023072	0.061787	-0.391476	0.074482	0.917169	-0.216941	0.961153	-0.170651	-0.894250	-0.265778	-0.360110
51203	9.098117	-1.657911	-3.663322	0.293141	-0.019575	0.072867	-0.391857	0.075158	0.916951	-0.219296	0.960301	-0.172426	-0.893509	-0.268650	-0.359819
51204	9.121172	-1.485680	-3.513553	0.376005	-0.057270	0.073712	-0.392553	0.075760	0.916604	-0.222321	0.959231	-0.174496	-0.892455	-0.272279	-0.359706
51205	9.247290	-1.225212	-3.440879	0.416528	-0.056316	0.089419	-0.393303	0.076490	0.916222	-0.225703	0.958007	-0.176865	-0.891275	-0.276356	-0.359522
51206	9.287666	-0.867283	-3.427251	0.424667	-0.064055	0.078959	-0.394058	0.077097	0.915846	-0.229154	0.956764	-0.179138	-0.890060	-0.280460	-0.359353
51207	9.372151	-0.727656	-3.417651	0.402887	-0.045944	0.098257	-0.394740	0.077933	0.915482	-0.232369	0.955536	-0.181537	-0.888923	-0.284389	-0.359079
51208	9.413542	-0.811060	-3.241055	0.370116	0.002799	0.114867	-0.394996	0.079039	0.915276	-0.235247	0.954372	-0.183938	-0.888052	-0.287971	-0.358380
51209	9.433965	-1.134705	-3.066778	0.334333	0.017171	0.112999	-0.395158	0.080193	0.915106	-0.237788	0.953299	-0.186221	-0.887303	-0.291188	-0.357635
51210	9.384049	-1.456603	-2.929756	0.297470	0.037967	0.120795	-0.395137	0.081472	0.915002	-0.239974	0.952318	-0.188425	-0.886724	-0.294030	-0.356745
51211	9.371691	-1.476415	-2.784919	0.268886	0.027722	0.098216	-0.395175	0.082515	0.914892	-0.241988	0.951428	-0.190333	-0.886159	-0.296608	-0.356013
51212	9.409719	-1.159364	-2.497137	0.214680	0.003368	0.085153	-0.395368	0.083365	0.914732	-0.243536	0.950717	-0.191906	-0.885649	-0.298644	-0.355580
51213	9.588444	-0.814703	-2.236208	0.136431	-0.018488	0.080949	-0.395776	0.084105	0.914488	-0.244443	0.950225	-0.193183	-0.885217	-0.299998	-0.355518
51214	9.835939	-0.548964	-2.006278	0.077138	-0.002509	0.101587	-0.396060	0.085077	0.914275	-0.244741	0.949898	-0.194412	-0.885008	-0.300759	-0.355395
51215	10.016842	-0.411449	-1.747652	0.014017	0.000496	0.128058	-0.396416	0.086321	0.914004	-0.244376	0.949731	-0.195684	-0.884949	-0.300933	-0.355394
51216	10.233413	-0.155374	-1.327803	-0.013904	0.040563	0.149830	-0.396429	0.087875	0.913850	-0.243678	0.949633	-0.197023	-0.885135	-0.300791	-0.355049
51217	10.440239	0.259157	-0.593053	-0.044019	0.063810	0.154586	-0.396288	0.089560	0.913748	-0.242695	0.949613	-0.198331	-0.885469	-0.300358	-0.354584
51218	10.646969	0.642628	0.060635	-0.099676	0.134291	0.177899	-0.395560	0.091693	0.913851	-0.241093	0.949744	-0.199652	-0.886231	-0.299298	-0.353574
51219	10.751615	0.724879	0.570769	-0.180760	0.135272	0.169885	-0.394816	0.093737	0.913966	-0.238838	0.950110	-0.200617	-0.887174	-0.297497	-0.352730
51220	10.863196	0.359055	0.697617	-0.243426	0.121067	0.167088	-0.394150	0.095690	0.914051	-0.236057	0.950658	-0.201313	-0.888213	-0.295116	-0.352113
51221	10.966833	0.150367	0.903356	-0.226818	0.001554	0.103873	-0.394427	0.096709	0.913824	-0.233651	0.951209	-0.201514	-0.888726	-0.292999	-0.352586
51222	11.228999	0.207461	0.992666	-0.341395	-0.087392	0.019950	-0.395245	0.096619	0.913480	-0.230640	0.952157	-0.200504	-0.889149	-0.289933	-0.354051
51223	11.468820	0.106493	0.953036	-0.442536	-0.057797	-0.046908	-0.395699	0.096032	0.913346	-0.226908	0.953461	-0.198556	-0.889907	-0.285814	-0.355493
51224	11.703626	0.326863	1.363945	-0.582194	-0.175208	-0.143029	-0.396948	0.094187	0.912996	-0.222342	0.955226	-0.195212	-0.890503	-0.280486	-0.358233
51225	12.153689	0.389975	1.075064	-0.924275	-0.157768	-0.209288	-0.397943	0.091777	0.912808	-0.214956	0.957958	-0.190027	-0.891872	-0.271833	-0.361485
51226	12.477265	0.088765	0.801094	-1.124446	-0.094828	-0.341248	-0.398099	0.088243	0.913088	-0.206393	0.961226	-0.182881	-0.893823	-0.261260	-0.364450
51227	12.722226	0.212141	-0.274354	-1.335862	-0.046692	-0.433964	-0.397689	0.083973	0.913669	-0.196182	0.964991	-0.174081	-0.896301	-0.248476	-0.367293
51228	12.766118	0.273625	-1.499686	-1.394681	0.592471	-0.352181	-0.391708	0.082028	0.916426	-0.185093	0.968631	-0.165816	-0.901280	-0.234575	-0.364237
51229	12.384636	-0.161042	-1.093520	-1.249132	1.188005	-0.288958	-0.380485	0.081964	0.921148	-0.174928	0.971704	-0.158718	-0.908092	-0.221524	-0.355381
51230	11.378921	-0.531235	-0.646407	-1.150369	1.422828	-0.278298	-0.367004	0.082309	0.926571	-0.165583	0.974389	-0.152143	-0.915363	-0.209262	-0.343976
51231	10.932700	-0.758249	-0.461709	-0.695529	1.172346	-0.026714	-0.356243	0.084488	0.930566	-0.159316	0.975829	-0.149588	-0.920711	-0.201544	-0.334172
51232	11.074095	-1.000938	-0.656621	-1.362105	0.700734	0.086636	-0.349866	0.086682	0.932781	-0.146571	0.978382	-0.145895	-0.925263	-0.187762	-0.329598
51233	11.212948	-1.786836	-3.024474	-1.401278	0.748346	0.050062	-0.343040	0.088556	0.935137	-0.133422	0.980858	-0.141829	-0.929797	-0.173421	-0.324658
51234	12.006082	-1.464955	-3.616637	-0.710609	0.743815	-0.059373	-0.335984	0.089211	0.937633	-0.127159	0.982094	-0.139007	-0.933244	-0.165933	-0.318624
51235	11.492551	-1.730909	-4.929127	-0.672027	0.819185	0.046699	-0.328427	0.091033	0.940132	-0.120744	0.983132	-0.137377	-0.936780	-0.158633	-0.311895
51236	10.802276	-3.444304	-6.495151	-0.538246	0.962922	-0.198727	-0.319088	0.090543	0.943390	-0.116525	0.984125	-0.133866	-0.940534	-0.152643	-0.303472
51237	11.981801	-3.897648	-9.929835	-1.515779	1.240311	-0.498081	-0.306883	0.087463	0.947720	-0.103809	0.986752	-0.124680	-0.946069	-0.136644	-0.293738
51238	11.771434	-4.886653	-11.265123	-0.382633	2.138439	-0.380921	-0.286133	0.086541	0.954274	-0.101480	0.987575	-0.119989	-0.952801	-0.131172	-0.273796
51239	10.278400	-6.052989	-8.089053	0.667169	2.641456	-0.320183	-0.260585	0.086937	0.961529	-0.108760	0.986954	-0.118711	-0.959305	-0.135510	-0.247731
51240	8.467855	-6.600598	-5.926860	0.718625	2.629295	-0.305242	-0.234917	0.087562	0.968064	-0.116566	0.986209	-0.117490	-0.965001	-0.140443	-0.221470
51241	6.928894	-6.700783	-5.239906	0.829274	2.653074	-0.358160	-0.208860	0.087870	0.973990	-0.125412	0.985325	-0.115786	-0.969871	-0.146333	-0.194775
51242	5.917289	-4.986236	-4.897724	1.168698	2.178507	-0.471211	-0.187013	0.086523	0.978540	-0.137874	0.983942	-0.113350	-0.972634	-0.156113	-0.172081
51243	6.321404	-2.547841	-5.731889	2.109758	1.293368	-0.515274	-0.173719	0.083640	0.981237	-0.159347	0.980869	-0.111819	-0.971818	-0.175782	-0.157068
51244	7.296302	0.234405	-3.493319	1.720181	0.282602	-0.549731	-0.170041	0.078812	0.982280	-0.177078	0.978127	-0.109133	-0.969396	-0.192498	-0.152366
51245	7.773223	0.145066	-2.788769	0.294957	-0.277705	-0.606622	-0.171693	0.072372	0.982489	-0.181004	0.978003	-0.103673	-0.968380	-0.195634	-0.154817
51246	9.733667	-0.766536	-3.576297	0.384149	0.009956	-0.539220	-0.170580	0.067148	0.983053	-0.185747	0.977597	-0.099006	-0.967678	-0.199487	-0.154286
51247	10.720359	-0.185470	-2.464858	0.540434	0.546836	-0.499151	-0.164394	0.063406	0.984355	-0.191843	0.976821	-0.094960	-0.967559	-0.204452	-0.148420
51248	9.733960	-0.293314	-2.158375	0.290312	1.452083	-0.509792	-0.149340	0.061432	0.986876	-0.195532	0.976524	-0.090377	-0.969260	-0.206463	-0.133822
51249	7.911525	-1.232822	-3.187680	-0.020738	1.913876	-0.504562	-0.129823	0.060474	0.989691	-0.196067	0.976864	-0.085409	-0.971959	-0.205134	-0.114963
51250	6.046459	-1.940330	-3.349554	0.208617	1.812023	-0.500609	-0.111242	0.059366	0.992019	-0.198718	0.976726	-0.080735	-0.973723	-0.206114	-0.096856
51251	6.038884	-1.783654	-2.777994	0.336328	1.284189	-0.465368	-0.097848	0.057516	0.993538	-0.202515	0.976290	-0.076462	-0.974378	-0.208688	-0.083880
51252	6.749618	-1.119978	-1.955093	0.236790	1.025516	-0.437935	-0.086988	0.055450	0.994665	-0.205254	0.976030	-0.072361	-0.974835	-0.210454	-0.073521
51253	7.049202	-0.778162	-1.925900	0.062691	0.972257	-0.380371	-0.076773	0.053815	0.995595	-0.206212	0.976095	-0.068662	-0.975491	-0.210575	-0.063840
51254	7.152643	-0.584639	-2.220270	0.045566	0.882461	-0.307706	-0.067542	0.052722	0.996322	-0.206907	0.976153	-0.065681	-0.976026	-0.210582	-0.055023
51255	7.366162	-0.750254	-2.233233	0.127149	0.676748	-0.281572	-0.060401	0.051432	0.996848	-0.208364	0.976021	-0.062983	-0.976185	-0.211511	-0.048236
51256	7.669119	-0.730818	-1.641842	0.149126	0.653409	-0.289335	-0.053491	0.050072	0.997312	-0.209967	0.975850	-0.060256	-0.976244	-0.212626	-0.041686
51257	7.986038	-0.766800	-0.640578	-0.010528	0.796525	-0.225798	-0.045288	0.049591	0.997742	-0.210012	0.975974	-0.058042	-0.976649	-0.212166	-0.033786
51258	8.095091	-0.767359	0.076091	-0.255039	0.783497	-0.161956	-0.037334	0.049709	0.998066	-0.207623	0.976581	-0.056406	-0.977496	-0.209327	-0.026139
51259	8.838360	-0.600530	0.248469	-0.159866	0.711862	-0.099535	-0.030217	0.050252	0.998279	-0.206130	0.976954	-0.055418	-0.978058	-0.207450	-0.019162
51260	9.439719	-0.790333	0.117067	-0.221060	0.846429	0.043940	-0.022024	0.052458	0.998380	-0.204014	0.977373	-0.055855	-0.978720	-0.204913	-0.010823
51261	9.819045	-1.155979	0.191106	-0.284276	1.073353	0.023151	-0.011610	0.054898	0.998424	-0.201264	0.977929	-0.056111	-0.979468	-0.201598	-0.000305
51262	9.996502	-1.265277	0.976295	-0.595289	1.219013	-0.037550	0.000410	0.056974	0.998376	-0.195505	0.979114	-0.055795	-0.980703	-0.195165	0.011541
51263	9.869012	-1.880388	1.412992	-0.775015	1.199783	-0.198717	0.012518	0.057351	0.998276	-0.187925	0.980699	-0.053985	-0.982104	-0.186925	0.023054
51264	9.590670	-1.905185	1.328100	-0.532679	1.103095	-0.321621	0.023927	0.056269	0.998129	-0.182694	0.981848	-0.050971	-0.982879	-0.181132	0.033773
51265	8.966774	-1.730903	1.264736	-0.106699	0.899522	-0.364833	0.033384	0.054341	0.997964	-0.181580	0.982233	-0.047410	-0.982809	-0.179628	0.042658
51266	9.114478	-1.371999	1.875962	-0.363461	0.906377	-0.388181	0.042993	0.052174	0.997712	-0.177937	0.983069	-0.043740	-0.983102	-0.175649	0.051549
51267	8.945750	-1.551610	0.808528	-0.198783	0.862065	-0.433847	0.052187	0.049444	0.997413	-0.175817	0.983628	-0.039562	-0.983039	-0.173297	0.060026
51268	8.423372	-1.450682	1.291931	-0.108399	0.727574	-0.451708	0.060089	0.046318	0.997118	-0.174557	0.984018	-0.035191	-0.982812	-0.171939	0.067213
51269	8.162546	-1.422551	1.901248	-0.146257	0.605020	-0.445339	0.066760	0.043003	0.996842	-0.172878	0.984459	-0.030891	-0.982678	-0.170270	0.073157
51270	7.572038	-1.615185	1.839338	0.102719	0.390659	-0.475195	0.071389	0.039054	0.996684	-0.173628	0.984464	-0.026138	-0.982220	-0.171187	0.077061
51271	7.942149	-0.313514	2.463102	0.209508	0.104609	-0.501844	0.073244	0.034327	0.996723	-0.175364	0.984279	-0.021012	-0.981775	-0.173251	0.078113
51272	8.106843	-0.059194	1.713688	0.146221	0.081023	-0.508777	0.074906	0.029524	0.996753	-0.176496	0.984173	-0.015888	-0.981447	-0.174733	0.078931
51273	8.053280	0.301969	1.580546	0.346457	0.012642	-0.518216	0.075904	0.024480	0.996815	-0.179546	0.983694	-0.010486	-0.980817	-0.178178	0.079062
51274	8.111800	0.335420	1.671468	0.220196	-0.065658	-0.474013	0.076096	0.019763	0.996905	-0.181419	0.983390	-0.005647	-0.980457	-0.180428	0.078417
51275	8.536952	0.312819	1.964913	0.288502	-0.052545	-0.425778	0.076310	0.015514	0.996963	-0.183964	0.982932	-0.001214	-0.979966	-0.183313	0.077862
51276	8.565303	0.339178	2.546932	0.297410	0.076678	-0.361495	0.077704	0.012167	0.996902	-0.186675	0.982418	0.002560	-0.979344	-0.186296	0.078609
51277	8.434316	0.312588	2.998861	0.275113	0.193199	-0.280722	0.080075	0.009805	0.996741	-0.189189	0.981925	0.005540	-0.978670	-0.189016	0.080483
51278	8.197910	0.531299	3.231436	0.375917	0.105849	-0.246946	0.081561	0.007648	0.996639	-0.192745	0.981214	0.008244	-0.977853	-0.192769	0.081503
51279	7.944583	0.961888	3.276042	0.379552	-0.030654	-0.135792	0.081477	0.006288	0.996655	-0.196386	0.980477	0.009869	-0.977136	-0.196533	0.081121
51280	7.560225	0.912548	2.781429	0.291730	-0.229798	-0.029596	0.079273	0.005610	0.996837	-0.199295	0.979885	0.010334	-0.976728	-0.199484	0.078797
51281	7.296411	0.879555	2.043993	0.189928	-0.443075	0.038334	0.074820	0.005129	0.997184	-0.201221	0.979494	0.010060	-0.976684	-0.201407	0.074318
51282	7.029857	0.894627	1.485527	0.062999	-0.623479	0.094698	0.068520	0.004865	0.997638	-0.201987	0.979346	0.009097	-0.976988	-0.202133	0.068088
51283	6.938598	0.796151	1.038011	-0.246988	-0.938946	0.129963	0.059032	0.004283	0.998247	-0.199697	0.979828	0.007605	-0.978078	-0.199795	0.058697
51284	7.906805	-0.047507	0.288936	-0.506154	-1.464142	0.210115	0.044267	0.003518	0.999014	-0.194933	0.980803	0.005184	-0.979817	-0.194970	0.044103
51285	9.091810	-1.822080	-0.894474	-0.683509	-1.792751	0.357963	0.025949	0.003627	0.999657	-0.188394	0.982093	0.001327	-0.981751	-0.188364	0.026167
51286	10.709801	-3.145749	-1.731334	-0.300450	-1.875051	0.418512	0.006731	0.004297	0.999968	-0.185592	0.982622	-0.002973	-0.982604	-0.185566	0.007412
51287	12.942130	-2.997812	-1.032806	0.443201	-1.658113	0.439969	-0.010429	0.005537	0.999930	-0.189975	0.981761	-0.007418	-0.981733	-0.190039	-0.009187
51288	14.896833	-1.601573	0.824054	1.084309	-0.950121	0.296842	-0.020346	0.006659	0.999771	-0.200642	0.979607	-0.010608	-0.979453	-0.200811	-0.018595
51289	14.515272	0.223453	2.921738	0.998549	-0.106397	0.021844	-0.021480	0.006685	0.999747	-0.210445	0.977543	-0.011058	-0.977370	-0.210629	-0.019591
51290	11.981665	1.531758	2.784446	0.349867	0.319439	-0.088120	-0.018184	0.006572	0.999813	-0.213966	0.976787	-0.010312	-0.976672	-0.214113	-0.016355
51291	10.190952	2.332379	1.495779	-0.084698	-0.164231	0.141714	-0.020140	0.007637	0.999768	-0.213149	0.976949	-0.011756	-0.976812	-0.213337	-0.018048
51292	11.045571	2.808331	1.011903	-0.180866	-0.676459	0.611262	-0.028059	0.012239	0.999531	-0.211321	0.977253	-0.017898	-0.977014	-0.211725	-0.024834
51293	12.925312	2.714138	1.353565	-0.450671	-0.813739	1.041248	-0.038236	0.020744	0.999053	-0.206609	0.978017	-0.028215	-0.977676	-0.207492	-0.033110
51294	14.411585	1.063389	1.727709	-1.342966	-0.539118	1.128237	-0.045781	0.030771	0.998477	-0.193074	0.980406	-0.039067	-0.980116	-0.194568	-0.038943
51295	14.675165	-3.421479	1.559342	-2.319814	0.177213	1.047056	-0.045988	0.041415	0.998083	-0.169843	0.984269	-0.048667	-0.984398	-0.171755	-0.038231
