// General information: 
//  MT Manager version: 2022.2.0 
//  XDA version: 2022.2.0 build 7381 rev 124627 built on 2023-07-19
// Device information: 
//  DeviceId: 00B4CB9F
//  ProductCode: MTW2-3A7G6
//  Firmware Version: 4.6.0
//  Hardware Version: 2.0.0
// Device settings: 
//  Filter Profile: human(46.1)
//  Option Flags: Orientation Smoother Disabled, Position/Velocity Smoother Disabled, Continuous Zero Rotation Update Disabled, AHS Disabled, ICC Disabled
// Coordinate system: ENU
PacketCounter	Acc_X	Acc_Y	Acc_Z	Gyr_X	Gyr_Y	Gyr_Z	Mat[1][1]	Mat[2][1]	Mat[3][1]	Mat[1][2]	Mat[2][2]	Mat[3][2]	Mat[1][3]	Mat[2][3]	Mat[3][3]
02269	9.737488	0.780380	-0.059468	-0.037006	0.049453	0.019492	0.052935	-0.087002	0.994801	-0.091040	0.991628	0.091569	-0.994439	-0.095414	0.044571
02270	9.727633	0.809525	-0.004626	-0.015158	0.043315	0.019708	0.053351	-0.086600	0.994814	-0.091149	0.991651	0.091213	-0.994407	-0.095543	0.045012
02271	9.741678	0.792471	0.106689	-0.007862	0.038463	0.021282	0.053661	-0.086339	0.994820	-0.091089	0.991678	0.090980	-0.994396	-0.095499	0.045350
02272	9.702006	0.766724	0.212262	-0.010614	0.036734	0.020124	0.054010	-0.085948	0.994835	-0.091330	0.991688	0.090635	-0.994355	-0.095753	0.045712
02273	9.739266	0.757532	0.298801	0.010853	0.033042	0.025270	0.054263	-0.085654	0.994846	-0.091458	0.991700	0.090371	-0.994329	-0.095891	0.045979
02274	9.756213	0.729912	0.285157	0.006351	0.032908	0.028444	0.054221	-0.085414	0.994869	-0.091089	0.991757	0.090111	-0.994366	-0.095508	0.045994
02275	9.773365	0.674940	0.312649	0.013574	0.043427	0.030451	0.054572	-0.085058	0.994880	-0.091247	0.991771	0.089797	-0.994332	-0.095680	0.046362
02276	9.750374	0.609872	0.422399	0.037441	0.050474	0.029519	0.055005	-0.084586	0.994897	-0.091835	0.991753	0.089396	-0.994254	-0.096284	0.046783
02277	9.780830	0.553455	0.538485	0.046059	0.061878	0.032094	0.055538	-0.084195	0.994900	-0.092317	0.991737	0.089081	-0.994180	-0.096794	0.047306
02278	9.750456	0.550200	0.514901	0.057151	0.066961	0.029061	0.055911	-0.083872	0.994907	-0.092732	0.991722	0.088815	-0.994120	-0.097225	0.047671
02279	9.713401	0.541552	0.457836	0.065194	0.060550	0.019023	0.056442	-0.083612	0.994899	-0.093397	0.991675	0.088639	-0.994028	-0.097923	0.048163
02280	9.753492	0.549896	0.382146	0.057936	0.063761	0.018311	0.056907	-0.083328	0.994896	-0.094186	0.991618	0.088441	-0.993927	-0.098739	0.048582
02281	9.729818	0.567559	0.371668	0.075276	0.070977	0.014508	0.057545	-0.083101	0.994878	-0.094949	0.991557	0.088316	-0.993817	-0.099545	0.049169
02282	9.773011	0.646673	0.372908	0.084305	0.076575	0.013965	0.058261	-0.082752	0.994866	-0.096119	0.991463	0.088098	-0.993663	-0.100758	0.049810
02283	9.779400	0.651621	0.413563	0.089160	0.084857	0.017504	0.059034	-0.082480	0.994843	-0.097022	0.991389	0.087951	-0.993530	-0.101714	0.050523
02284	9.732162	0.661321	0.428400	0.082961	0.082786	0.018240	0.059536	-0.082265	0.994831	-0.097544	0.991349	0.087815	-0.993449	-0.102268	0.050996
02285	9.684987	0.684486	0.422432	0.083705	0.078097	0.016958	0.060241	-0.082004	0.994810	-0.098393	0.991278	0.087671	-0.993323	-0.103164	0.051647
02286	9.674649	0.754668	0.417699	0.061192	0.070245	0.019329	0.061042	-0.081492	0.994803	-0.099599	0.991190	0.087307	-0.993153	-0.104411	0.052388
02287	9.728673	0.842230	0.307343	0.037678	0.067434	0.011685	0.061647	-0.081293	0.994782	-0.099988	0.991161	0.087193	-0.993077	-0.104841	0.052973
02288	9.735157	0.860713	0.326563	-0.001858	0.065274	0.013290	0.062260	-0.080942	0.994772	-0.100194	0.991164	0.086919	-0.993018	-0.105082	0.053600
02289	9.735289	0.886463	0.292084	-0.026428	0.062696	0.006886	0.062822	-0.080795	0.994749	-0.099943	0.991198	0.086819	-0.993008	-0.104873	0.054194
02290	9.729016	0.906429	0.223673	-0.044074	0.049070	0.003021	0.063089	-0.080706	0.994739	-0.099395	0.991261	0.086728	-0.993046	-0.104344	0.054516
02291	9.735079	0.885209	0.302699	-0.051378	0.042140	0.007748	0.063446	-0.080573	0.994727	-0.098897	0.991322	0.086605	-0.993073	-0.103870	0.054927
02292	9.692316	0.871126	0.210059	-0.060747	0.028709	0.010068	0.063611	-0.080356	0.994734	-0.098346	0.991397	0.086375	-0.993117	-0.103323	0.055161
02293	9.726761	0.859808	0.118788	-0.064918	0.017657	0.012873	0.063720	-0.080197	0.994740	-0.097717	0.991475	0.086193	-0.993172	-0.102695	0.055340
02294	9.754340	0.802171	0.054566	-0.070767	0.013052	0.008723	0.063892	-0.079893	0.994754	-0.097361	0.991536	0.085888	-0.993196	-0.102338	0.055573
02295	9.710998	0.734935	0.040959	-0.084564	0.006021	0.002003	0.063897	-0.079854	0.994757	-0.096529	0.991625	0.085803	-0.993277	-0.101506	0.055653
02296	9.791039	0.606691	0.102459	-0.066766	-0.023758	-0.014075	0.063645	-0.079888	0.994770	-0.096298	0.991648	0.085799	-0.993316	-0.101255	0.055420
02297	9.502139	0.170976	0.216151	-0.123388	-0.062889	-0.036097	0.063001	-0.080296	0.994778	-0.095057	0.991744	0.086071	-0.993476	-0.099983	0.054848
02298	9.088581	-0.225112	-0.406560	-0.060768	-0.066199	0.072109	0.062174	-0.079551	0.994890	-0.094570	0.991864	0.085219	-0.993575	-0.099385	0.054145
02299	10.063307	0.125083	0.111130	0.120107	-0.260876	-0.033527	0.059560	-0.080130	0.995003	-0.095750	0.991718	0.085597	-0.993622	-0.100370	0.051394
02300	10.685803	0.950879	-0.590039	0.152433	-0.086224	-0.048804	0.058487	-0.080701	0.995021	-0.096815	0.991570	0.086111	-0.993582	-0.101369	0.050181
02301	9.992616	0.508515	-0.618941	0.072230	0.179292	0.003776	0.060211	-0.080467	0.994937	-0.097541	0.991501	0.086092	-0.993408	-0.102231	0.051850
02302	9.371633	-0.120555	0.292477	0.243964	0.087908	0.007239	0.061020	-0.080178	0.994911	-0.100252	0.991236	0.086030	-0.993089	-0.104991	0.052448
02303	9.626004	0.097827	0.296357	0.438797	0.014897	0.022625	0.061091	-0.079924	0.994927	-0.104629	0.990785	0.086016	-0.992633	-0.109353	0.052166
02304	9.741830	0.622075	0.407450	0.484059	0.053414	0.037792	0.061603	-0.079299	0.994946	-0.109807	0.990249	0.085723	-0.992042	-0.114533	0.052295
02305	9.742572	0.977835	0.697551	0.398728	0.063442	0.039036	0.062134	-0.078825	0.994950	-0.113793	0.989817	0.085525	-0.991560	-0.118532	0.052532
02306	9.708758	1.243207	0.722166	0.338911	0.015237	0.035111	0.061894	-0.078529	0.994989	-0.116752	0.989486	0.085357	-0.991231	-0.121450	0.052075
02307	9.774877	1.349004	0.468704	0.270953	-0.011889	0.024483	0.061693	-0.078288	0.995020	-0.119459	0.989174	0.085235	-0.990921	-0.124123	0.051673
02308	9.754592	1.223397	0.530002	0.209439	-0.013429	0.020025	0.061446	-0.078000	0.995058	-0.121689	0.988919	0.085033	-0.990665	-0.126313	0.051273
02309	9.677755	1.220200	0.523301	0.123798	-0.033129	0.005233	0.061057	-0.077978	0.995084	-0.122926	0.988767	0.085025	-0.990536	-0.127513	0.050785
02310	9.644424	1.082311	0.518247	0.036657	-0.045115	-0.006148	0.060419	-0.078061	0.995116	-0.123133	0.988740	0.085037	-0.990549	-0.127670	0.050126
02311	9.651323	0.900575	0.514350	-0.022291	-0.058926	-0.010384	0.059793	-0.078227	0.995141	-0.122913	0.988761	0.085110	-0.990615	-0.127405	0.049506
02312	9.685775	0.686978	0.403419	-0.041416	-0.065240	-0.019214	0.059029	-0.078419	0.995171	-0.122333	0.988827	0.085175	-0.990732	-0.126770	0.048776
02313	9.753652	0.611944	0.291766	-0.030269	-0.076849	-0.013063	0.058229	-0.078633	0.995202	-0.122032	0.988856	0.085271	-0.990817	-0.126412	0.047984
02314	9.747165	0.593038	0.272186	-0.024343	-0.072107	-0.009028	0.057207	-0.078846	0.995244	-0.121218	0.988953	0.085315	-0.990976	-0.125523	0.047018
02315	9.656531	0.485896	0.341565	-0.018101	-0.074598	0.001454	0.056411	-0.078913	0.995284	-0.121046	0.988977	0.085273	-0.991043	-0.125285	0.046237
02316	9.593095	0.306787	0.365917	-0.000326	-0.086237	0.010428	0.055263	-0.078938	0.995347	-0.120796	0.989019	0.085143	-0.991138	-0.124939	0.045121
02317	9.633386	0.170932	0.503229	0.037727	-0.095841	0.011726	0.054243	-0.078929	0.995403	-0.121182	0.988982	0.085024	-0.991147	-0.125237	0.044081
02318	9.741008	0.122690	0.608582	0.100220	-0.088661	0.009036	0.053107	-0.078934	0.995464	-0.121821	0.988913	0.084913	-0.991130	-0.125778	0.042903
02319	9.838694	0.147295	0.701378	0.188632	-0.081177	-0.004935	0.052253	-0.079073	0.995498	-0.123694	0.988671	0.085023	-0.990944	-0.127580	0.041880
02320	9.839114	0.365065	0.683707	0.251283	-0.065432	-0.012453	0.051288	-0.079316	0.995529	-0.125692	0.988402	0.085223	-0.990743	-0.129501	0.040724
02321	9.862878	0.552469	0.703904	0.288541	-0.059401	-0.018510	0.050667	-0.079564	0.995541	-0.128547	0.988011	0.085504	-0.990408	-0.132306	0.039832
02322	9.735588	0.681996	0.658919	0.294050	-0.057010	-0.026830	0.049942	-0.079857	0.995554	-0.131321	0.987619	0.085808	-0.990081	-0.135022	0.038837
02323	9.685209	0.675858	0.501462	0.246728	-0.068190	-0.038859	0.049262	-0.080321	0.995551	-0.133749	0.987253	0.086270	-0.989790	-0.137404	0.037891
02324	9.745494	0.582726	0.376873	0.205906	-0.065376	-0.038425	0.048531	-0.080708	0.995556	-0.135760	0.986947	0.086628	-0.989552	-0.139361	0.036940
02325	9.748824	0.521404	0.330225	0.211609	-0.049938	-0.042924	0.048038	-0.081189	0.995540	-0.137839	0.986616	0.087113	-0.989289	-0.141409	0.036204
02326	9.738409	0.457401	0.197678	0.214550	-0.049604	-0.041005	0.047452	-0.081589	0.995536	-0.139886	0.986294	0.087499	-0.989030	-0.143413	0.035389
02327	9.764913	0.415138	0.106956	0.236807	-0.046864	-0.045683	0.046996	-0.082096	0.995516	-0.142211	0.985915	0.088017	-0.988720	-0.145710	0.034659
02328	9.771353	0.452192	0.091972	0.252456	-0.053657	-0.038990	0.046319	-0.082513	0.995513	-0.144576	0.985536	0.088413	-0.988409	-0.148023	0.033719
02329	9.765288	0.373761	0.178849	0.262135	-0.053161	-0.034344	0.045786	-0.082919	0.995504	-0.147156	0.985117	0.088822	-0.988053	-0.150561	0.032902
02330	9.746436	0.371279	0.395105	0.301086	-0.060806	-0.031688	0.044952	-0.083344	0.995506	-0.150150	0.984630	0.089213	-0.987641	-0.153486	0.031747
02331	9.857156	0.480792	0.448086	0.324253	-0.059237	-0.039609	0.044370	-0.083814	0.995493	-0.153340	0.984095	0.089689	-0.987177	-0.156628	0.030812
02332	9.851212	0.571445	0.602656	0.344994	-0.053293	-0.049716	0.043633	-0.084395	0.995477	-0.156541	0.983540	0.090244	-0.986707	-0.159771	0.029703
02333	9.884022	0.717158	0.589982	0.339355	-0.052736	-0.056744	0.043144	-0.085027	0.995444	-0.159870	0.982945	0.090888	-0.986195	-0.163063	0.028815
02334	9.811614	0.838326	0.422457	0.303065	-0.067072	-0.058318	0.042329	-0.085699	0.995421	-0.162825	0.982403	0.091502	-0.985746	-0.165953	0.027631
02335	9.796319	1.030896	0.350135	0.232355	-0.074901	-0.056249	0.041625	-0.086366	0.995394	-0.165097	0.981967	0.092105	-0.985399	-0.168171	0.026615
02336	9.797938	0.953315	0.490538	0.170861	-0.057342	-0.055204	0.041011	-0.086919	0.995371	-0.166752	0.981642	0.092591	-0.985146	-0.169778	0.025764
02337	9.698545	0.758815	0.484305	0.104847	-0.062526	-0.055346	0.040429	-0.087558	0.995339	-0.167768	0.981416	0.093148	-0.984997	-0.170752	0.024988
02338	9.684114	0.615990	0.281773	0.052727	-0.085416	-0.054650	0.039451	-0.088209	0.995320	-0.168182	0.981299	0.093632	-0.984966	-0.171089	0.023878
02339	9.803886	0.561209	0.153259	0.023525	-0.099369	-0.048573	0.038495	-0.088845	0.995301	-0.168400	0.981217	0.094101	-0.984967	-0.171231	0.022811
02340	9.816365	0.630721	0.123639	0.025656	-0.096020	-0.044525	0.037421	-0.089398	0.995293	-0.168541	0.981158	0.094465	-0.984984	-0.171283	0.021649
02341	9.796739	0.704811	0.209188	0.032072	-0.096982	-0.043615	0.036480	-0.089982	0.995275	-0.168846	0.981065	0.094886	-0.984967	-0.171510	0.020596
02342	9.780219	0.723739	0.236268	0.046129	-0.084873	-0.048979	0.035560	-0.090525	0.995259	-0.169131	0.980978	0.095269	-0.984952	-0.171717	0.019572
02343	9.746446	0.781211	0.257151	0.060391	-0.091348	-0.052281	0.034689	-0.091185	0.995230	-0.169712	0.980828	0.095781	-0.984883	-0.172225	0.018549
02344	9.771174	0.745409	0.307793	0.069707	-0.097517	-0.055048	0.033821	-0.091739	0.995209	-0.170709	0.980615	0.096195	-0.984741	-0.173144	0.017505
02345	9.813348	0.671955	0.364479	0.061618	-0.098576	-0.058301	0.032891	-0.092471	0.995172	-0.171301	0.980455	0.096765	-0.984670	-0.173657	0.016408
02346	9.839457	0.613033	0.457436	0.058136	-0.098940	-0.056307	0.031835	-0.093146	0.995143	-0.172003	0.980284	0.097257	-0.984582	-0.174264	0.015186
02347	9.838514	0.646209	0.239331	0.055271	-0.094188	-0.061224	0.030953	-0.093900	0.995100	-0.172533	0.980131	0.097854	-0.984517	-0.174717	0.014138
02348	9.714815	0.651054	0.092975	0.027691	-0.094615	-0.059461	0.029937	-0.094614	0.995064	-0.173032	0.979990	0.098387	-0.984461	-0.175124	0.012967
02349	9.655733	0.447215	0.026176	0.009458	-0.079360	-0.053154	0.029188	-0.095264	0.995024	-0.173116	0.979924	0.098896	-0.984469	-0.175141	0.012110
02350	9.587918	0.265970	0.029384	0.021846	-0.075388	-0.048460	0.028421	-0.095770	0.994998	-0.173438	0.979830	0.099264	-0.984435	-0.175392	0.011238
02351	9.659537	0.230870	0.054640	0.098347	-0.049843	-0.057121	0.027970	-0.096406	0.994949	-0.174396	0.979603	0.099822	-0.984278	-0.176307	0.010586
02352	9.698037	0.246464	0.277455	0.181304	-0.027335	-0.072546	0.027848	-0.097021	0.994893	-0.176741	0.979120	0.100430	-0.983863	-0.178635	0.010119
02353	9.776224	0.244138	0.461614	0.280570	-0.014947	-0.076759	0.027778	-0.097789	0.994819	-0.179486	0.978541	0.101200	-0.983368	-0.181367	0.009630
02354	9.893631	0.370096	0.547121	0.357478	-0.009635	-0.075981	0.027781	-0.098409	0.994758	-0.183217	0.977783	0.101846	-0.982680	-0.185086	0.009133
02355	9.914079	0.565218	0.560734	0.404138	-0.009820	-0.072516	0.027758	-0.099126	0.994688	-0.187173	0.976956	0.102582	-0.981935	-0.189026	0.008565
02356	9.849153	0.758128	0.519029	0.401085	-0.009643	-0.070846	0.027689	-0.099729	0.994629	-0.191194	0.976113	0.103195	-0.981162	-0.193024	0.007960
02357	9.726117	0.874144	0.382129	0.373567	-0.017514	-0.067090	0.027586	-0.100408	0.994564	-0.194846	0.975319	0.103870	-0.980446	-0.196652	0.007341
02358	9.633176	0.869324	0.291723	0.323201	-0.010083	-0.060353	0.027319	-0.101002	0.994511	-0.197864	0.974652	0.104420	-0.979849	-0.199630	0.006642
02359	9.554837	0.883048	0.266686	0.271406	-0.013153	-0.066168	0.027262	-0.101664	0.994445	-0.200511	0.974040	0.105074	-0.979312	-0.202262	0.006169
02360	9.553106	0.778468	0.259922	0.223955	-0.025523	-0.072062	0.026989	-0.102381	0.994379	-0.203084	0.973436	0.105736	-0.978789	-0.204796	0.005480
02361	9.565417	0.692118	0.151498	0.196203	-0.042671	-0.071526	0.026656	-0.103156	0.994308	-0.204992	0.972959	0.106436	-0.978401	-0.206662	0.004789
02362	9.511184	0.553180	0.017695	0.180929	-0.059567	-0.072957	0.025997	-0.103920	0.994246	-0.206503	0.972572	0.107054	-0.978101	-0.208097	0.003825
02363	9.545487	0.372899	0.023262	0.186835	-0.078495	-0.068549	0.025311	-0.104741	0.994177	-0.208319	0.972111	0.107720	-0.977733	-0.209832	0.002786
02364	9.622274	0.138098	0.053881	0.238780	-0.086701	-0.060847	0.024290	-0.105504	0.994122	-0.210508	0.971580	0.108255	-0.977290	-0.211900	0.001390
02365	9.720337	-0.069622	0.015871	0.296089	-0.088852	-0.055102	0.023477	-0.106220	0.994065	-0.213395	0.970891	0.108783	-0.976684	-0.214682	0.000127
02366	9.787720	-0.242763	0.216071	0.372509	-0.088003	-0.052739	0.022598	-0.106828	0.994021	-0.217204	0.970001	0.109184	-0.975865	-0.218372	-0.001283
02367	9.981977	-0.207777	0.433055	0.475026	-0.082907	-0.042746	0.021822	-0.107417	0.993975	-0.221834	0.968908	0.109578	-0.974840	-0.222889	-0.002686
02368	10.235221	0.352350	0.577760	0.597007	-0.034316	-0.062876	0.021562	-0.107985	0.993919	-0.228005	0.967420	0.110053	-0.973421	-0.228992	-0.003762
02369	10.209030	1.270351	0.684984	0.665991	0.021832	-0.091649	0.021925	-0.108813	0.993820	-0.234470	0.965775	0.110915	-0.971876	-0.235453	-0.004339
02370	9.840219	1.924723	0.618204	0.587529	0.016672	-0.105039	0.022132	-0.109689	0.993720	-0.239948	0.964328	0.111788	-0.970533	-0.240915	-0.004977
02371	9.640976	2.102902	0.559004	0.435771	-0.012959	-0.101117	0.022189	-0.110688	0.993608	-0.244159	0.963158	0.112748	-0.969481	-0.245100	-0.005654
02372	9.527568	1.910844	0.461087	0.261308	-0.017060	-0.109017	0.021947	-0.111784	0.993490	-0.246537	0.962436	0.113736	-0.968885	-0.247429	-0.006437
02373	9.393575	1.644856	0.172562	0.136882	-0.024110	-0.125045	0.021960	-0.113041	0.993348	-0.247843	0.961957	0.114947	-0.968551	-0.248719	-0.006892
02374	9.460702	1.296416	0.000045	0.061791	-0.035881	-0.137529	0.021630	-0.114438	0.993195	-0.248246	0.961700	0.116215	-0.968455	-0.249071	-0.007607
02375	9.530425	1.039965	-0.130908	0.037971	-0.050728	-0.134806	0.021411	-0.115854	0.993036	-0.248592	0.961451	0.117529	-0.968372	-0.249377	-0.008215
02376	9.567336	0.826950	-0.214645	0.037762	-0.065939	-0.130111	0.020786	-0.117243	0.992886	-0.248752	0.961264	0.118717	-0.968344	-0.249450	-0.009184
02377	9.638940	0.589083	-0.205869	0.064573	-0.097851	-0.119841	0.020074	-0.118633	0.992735	-0.249359	0.960963	0.119878	-0.968203	-0.249954	-0.010292
02378	9.717901	0.474021	-0.170985	0.110429	-0.121809	-0.116197	0.018851	-0.120044	0.992590	-0.250287	0.960590	0.120927	-0.967988	-0.250712	-0.011937
02379	9.794829	0.408735	-0.061671	0.161139	-0.135364	-0.110919	0.017756	-0.121443	0.992440	-0.251834	0.960052	0.121985	-0.967608	-0.252096	-0.013537
02380	9.836421	0.407438	0.050589	0.219882	-0.136021	-0.110007	0.016252	-0.122869	0.992290	-0.253628	0.959455	0.122958	-0.967165	-0.253671	-0.015570
02381	9.817655	0.414092	0.250037	0.267890	-0.127254	-0.107171	0.015230	-0.124215	0.992138	-0.256209	0.958641	0.123955	-0.966502	-0.256082	-0.017225
02382	9.810488	0.373045	0.427860	0.306630	-0.121295	-0.105047	0.014076	-0.125479	0.991996	-0.259150	0.957737	0.124823	-0.965735	-0.258833	-0.019037
02383	9.800196	0.291734	0.642885	0.350574	-0.094425	-0.103106	0.013369	-0.126706	0.991850	-0.262527	0.956695	0.125754	-0.964832	-0.262068	-0.020474
02384	9.881881	0.313515	0.818870	0.405135	-0.077056	-0.114765	0.012754	-0.127932	0.991701	-0.266598	0.955446	0.126683	-0.963724	-0.266001	-0.021921
02385	10.018699	0.502678	0.958677	0.465200	-0.024195	-0.122058	0.012784	-0.129157	0.991542	-0.271070	0.954042	0.127767	-0.962475	-0.270410	-0.022814
02386	9.998861	0.896100	1.116099	0.526838	0.012373	-0.131911	0.012899	-0.130364	0.991382	-0.276026	0.952476	0.128839	-0.961064	-0.275309	-0.023698
02387	9.923374	1.187263	1.231952	0.529540	0.034996	-0.129036	0.013529	-0.131490	0.991225	-0.281101	0.950836	0.129969	-0.959583	-0.280393	-0.024098
02388	9.878081	1.324416	1.440643	0.485290	0.055948	-0.114257	0.013915	-0.132441	0.991093	-0.285508	0.949398	0.130878	-0.958275	-0.284787	-0.024602
02389	9.928229	1.305135	1.845755	0.409976	0.083269	-0.105888	0.014951	-0.133203	0.990976	-0.289427	0.948082	0.131804	-0.957083	-0.288786	-0.024378
02390	10.033475	1.084984	2.249909	0.330511	0.123582	-0.101931	0.016317	-0.133700	0.990887	-0.292790	0.946939	0.132592	-0.956038	-0.292285	-0.023695
02391	10.134188	0.825683	2.696878	0.264219	0.150925	-0.100412	0.017988	-0.134204	0.990790	-0.295305	0.946030	0.133502	-0.955234	-0.294987	-0.022614
02392	10.261361	0.592746	3.132244	0.235700	0.200246	-0.082577	0.019944	-0.134334	0.990735	-0.297879	0.945131	0.134147	-0.954395	-0.297794	-0.021166
02393	10.228537	0.305391	3.615051	0.224651	0.255869	-0.055812	0.022485	-0.134093	0.990714	-0.300018	0.944385	0.134632	-0.953668	-0.300259	-0.018996
02394	10.025107	0.101083	3.856212	0.228455	0.282250	-0.033537	0.025109	-0.133468	0.990735	-0.302348	0.943620	0.134784	-0.952867	-0.302931	-0.016661
02395	10.050162	0.076724	4.027045	0.244215	0.306742	-0.010312	0.027995	-0.132629	0.990770	-0.304680	0.942864	0.134825	-0.952043	-0.305642	-0.014014
02396	10.040264	0.155750	4.163195	0.266147	0.329525	-0.009199	0.031067	-0.131589	0.990817	-0.307575	0.941935	0.134741	-0.951017	-0.308937	-0.011211
02397	10.077514	0.376717	4.247762	0.245171	0.344472	-0.019270	0.034334	-0.130699	0.990827	-0.309908	0.941150	0.134885	-0.950146	-0.311697	-0.008191
02398	10.298086	0.536562	4.512831	0.170187	0.376111	-0.025774	0.037812	-0.129673	0.990836	-0.311803	0.940509	0.134986	-0.949394	-0.314049	-0.004870
02399	10.752387	0.367050	4.628740	0.014057	0.467490	-0.015540	0.042232	-0.128347	0.990830	-0.311939	0.940445	0.135117	-0.949163	-0.314785	-0.000320
02400	11.186565	-0.070179	4.662933	-0.220640	0.550334	0.042259	0.047164	-0.126120	0.990893	-0.310231	0.941092	0.134548	-0.949491	-0.313751	0.005260
02401	11.343120	-0.659203	4.534352	-0.464248	0.629914	0.117513	0.052720	-0.123046	0.991000	-0.305889	0.942687	0.133320	-0.950606	-0.310164	0.012060
02402	10.837883	-0.610830	3.408280	-0.768286	0.498576	0.197275	0.056682	-0.119544	0.991210	-0.298898	0.945238	0.131092	-0.952600	-0.303701	0.017847
02403	10.967270	-0.225426	1.701665	-0.920649	0.335871	0.236566	0.059122	-0.116294	0.991454	-0.290263	0.948275	0.128538	-0.955119	-0.295382	0.022308
02404	11.282799	0.413659	0.193410	-0.754544	0.370885	0.252010	0.061815	-0.112663	0.991709	-0.283419	0.950726	0.125674	-0.957002	-0.288838	0.026839
02405	11.281619	1.114428	-0.669064	-0.329067	0.471273	0.274855	0.065485	-0.108689	0.991917	-0.280455	0.951976	0.122828	-0.957631	-0.286231	0.031858
02406	11.347964	1.489654	-1.230934	0.086785	0.594316	0.318377	0.070069	-0.103837	0.992123	-0.281866	0.951978	0.119542	-0.956892	-0.288022	0.037436
02407	11.336882	1.706291	-1.240190	0.420634	0.698527	0.335351	0.075727	-0.098613	0.992240	-0.286144	0.951095	0.116362	-0.955190	-0.292735	0.043806
02408	11.432632	1.982211	-0.739115	0.551955	0.830199	0.350261	0.082550	-0.092664	0.992270	-0.292119	0.949684	0.112989	-0.952813	-0.299188	0.051327
02409	11.495387	2.407767	-0.032405	0.458782	1.007608	0.353328	0.091031	-0.086265	0.992105	-0.296804	0.948615	0.109717	-0.950590	-0.304448	0.060750
02410	10.723855	2.205202	-0.624095	0.307205	1.056204	0.369037	0.099694	-0.079434	0.991842	-0.300321	0.947918	0.106103	-0.948614	-0.308449	0.070646
02411	10.183279	2.225295	-0.919104	0.129846	0.963321	0.418056	0.107499	-0.072487	0.991559	-0.301998	0.947833	0.102031	-0.947228	-0.310417	0.080000
02412	9.853820	1.840728	-1.165708	0.025841	0.908489	0.450386	0.114374	-0.065336	0.991287	-0.302715	0.948090	0.097416	-0.946194	-0.311219	0.088659
02413	9.520560	1.614482	-1.202185	-0.059709	0.872196	0.441802	0.121218	-0.058429	0.990905	-0.302684	0.948547	0.092959	-0.945351	-0.311199	0.097296
02414	9.088506	1.025485	-1.478297	-0.046639	0.875159	0.431270	0.128051	-0.051454	0.990432	-0.303014	0.948870	0.088471	-0.944344	-0.311444	0.105912
02415	9.001197	0.586824	-1.356188	0.007630	0.860117	0.437001	0.134775	-0.044623	0.989871	-0.303674	0.949054	0.084130	-0.943195	-0.311937	0.114357
02416	8.966729	0.080214	-1.176394	0.141357	0.897787	0.434533	0.141646	-0.037584	0.989204	-0.305827	0.948734	0.079838	-0.941492	-0.313834	0.122891
02417	8.789599	-0.167135	-0.617375	0.285178	0.925244	0.421526	0.148983	-0.030665	0.988364	-0.309135	0.947976	0.076010	-0.939276	-0.316862	0.131752
02418	8.859819	-0.516074	-0.488458	0.461716	0.932012	0.417704	0.156111	-0.023667	0.987456	-0.314050	0.946647	0.072338	-0.936484	-0.321403	0.140349
02419	8.942023	-0.696559	-0.179624	0.669869	0.983052	0.419097	0.163900	-0.016510	0.986339	-0.320996	0.944553	0.069150	-0.932791	-0.327945	0.149512
02420	9.030182	-0.741106	0.139792	0.898231	1.078486	0.412281	0.172241	-0.008976	0.985014	-0.330044	0.941635	0.066292	-0.928119	-0.336516	0.159225
02421	9.009963	-0.630754	0.774789	1.183286	1.237575	0.412065	0.182236	-0.000869	0.983254	-0.341736	0.937603	0.064166	-0.921958	-0.347706	0.170568
02422	8.793345	-0.123719	0.918785	1.488584	1.399317	0.398622	0.193513	0.008064	0.981065	-0.356858	0.932050	0.062728	-0.913896	-0.362240	0.183241
02423	8.309298	0.334468	0.744856	1.757046	1.427144	0.378183	0.205040	0.016861	0.978608	-0.373605	0.925491	0.062333	-0.904642	-0.378394	0.196062
02424	8.155042	0.769397	1.042929	2.023590	1.414694	0.354415	0.215942	0.025584	0.976071	-0.392287	0.917701	0.062734	-0.894137	-0.396447	0.208206
02425	8.321519	1.170170	1.843826	2.174147	1.452064	0.336280	0.227418	0.034549	0.973184	-0.412360	0.908763	0.064100	-0.882179	-0.415880	0.220916
02426	8.108937	1.499343	2.258430	2.265755	1.418612	0.291328	0.238407	0.043374	0.970196	-0.433040	0.898939	0.066223	-0.869275	-0.435922	0.233096
02427	7.922745	1.866400	2.916775	2.341949	1.330765	0.274187	0.248601	0.051755	0.967222	-0.453925	0.888354	0.069136	-0.855658	-0.456233	0.244338
02428	7.881397	2.021494	3.821122	2.387325	1.294621	0.278318	0.257918	0.060235	0.964287	-0.474639	0.877218	0.072155	-0.841544	-0.476299	0.254840
02429	7.897518	1.868045	4.595331	2.358112	1.288064	0.268903	0.267291	0.068831	0.961154	-0.495034	0.865572	0.075680	-0.826739	-0.496032	0.265434
02430	8.045004	1.718857	5.575263	2.307827	1.337678	0.247814	0.276598	0.077729	0.957837	-0.514531	0.853797	0.079296	-0.811635	-0.514770	0.276153
02431	8.413025	1.214004	5.978894	2.164546	1.425498	0.228857	0.286793	0.087118	0.954023	-0.532596	0.842271	0.083193	-0.796298	-0.531968	0.287956
02432	7.676917	0.965511	5.687567	2.104855	1.352070	0.212324	0.296032	0.096369	0.950304	-0.550133	0.830517	0.087152	-0.780845	-0.548594	0.298875
02433	7.258199	1.357893	5.282043	1.935286	1.036483	0.235969	0.302670	0.104064	0.947397	-0.565836	0.819508	0.090754	-0.766956	-0.563540	0.306924
02434	7.292991	2.032248	5.938597	1.790524	0.789213	0.283353	0.306912	0.111064	0.945235	-0.580568	0.808829	0.093471	-0.754152	-0.577461	0.312719
02435	7.590093	2.816106	6.681086	1.594463	0.577927	0.288557	0.309479	0.116738	0.943713	-0.593412	0.799185	0.095742	-0.743024	-0.589641	0.316605
02436	7.819050	3.347910	7.001620	1.349183	0.553881	0.234536	0.312091	0.122105	0.942173	-0.604351	0.790703	0.097714	-0.733048	-0.599899	0.320565
02437	7.479627	3.325567	7.121306	1.076610	0.511882	0.170157	0.314722	0.126516	0.940715	-0.612751	0.783979	0.099563	-0.724904	-0.607759	0.324258
02438	7.483713	2.876499	6.791765	0.690156	0.469897	0.110332	0.317391	0.130453	0.939279	-0.618320	0.779451	0.100681	-0.718988	-0.612730	0.328053
02439	7.506603	2.234991	6.090004	0.301149	0.445561	0.090503	0.319962	0.133871	0.937925	-0.620787	0.777472	0.100805	-0.715715	-0.614505	0.331867
02440	7.571474	1.665275	5.594472	0.013871	0.386788	0.107481	0.322017	0.137290	0.936726	-0.621466	0.777065	0.099751	-0.714203	-0.614265	0.335549
02441	7.666804	1.205232	5.057947	-0.171025	0.320597	0.129400	0.323439	0.140242	0.935799	-0.620680	0.777922	0.097943	-0.714243	-0.612511	0.338656
02442	7.634864	0.846908	4.521448	-0.226869	0.283450	0.141190	0.324547	0.143287	0.934953	-0.619760	0.778927	0.095760	-0.714540	-0.610525	0.341602
02443	7.668389	0.646780	3.797248	-0.232918	0.229901	0.137027	0.325278	0.145737	0.934321	-0.618559	0.780137	0.093661	-0.715248	-0.608398	0.343908
02444	7.857295	0.585589	3.341530	-0.165391	0.227368	0.112733	0.326165	0.148213	0.933622	-0.617988	0.780793	0.091945	-0.715337	-0.606956	0.346261
02445	7.837338	0.510566	3.065067	-0.083575	0.226287	0.080222	0.327224	0.150193	0.932935	-0.617671	0.781167	0.090886	-0.715128	-0.605987	0.348386
02446	7.761717	0.461164	2.948765	0.044361	0.206636	0.069233	0.328228	0.152202	0.932256	-0.618461	0.780610	0.090303	-0.713984	-0.606204	0.350349
02447	7.813888	0.300793	3.113328	0.188376	0.154442	0.064627	0.328865	0.153624	0.931798	-0.620036	0.779355	0.090342	-0.712323	-0.607458	0.351555
02448	8.030969	0.286815	3.447133	0.332575	0.103457	0.077811	0.329072	0.155077	0.931484	-0.622903	0.777024	0.090696	-0.709720	-0.610070	0.352294
02449	8.238750	0.176350	3.797240	0.449314	0.038465	0.110750	0.328588	0.156151	0.931475	-0.626469	0.774089	0.091227	-0.706800	-0.613517	0.352181
02450	8.456004	0.194100	4.147229	0.569377	-0.016861	0.153580	0.327457	0.157452	0.931655	-0.631232	0.770153	0.091707	-0.703078	-0.618120	0.351580
02451	8.750642	0.300228	4.708078	0.641242	-0.033515	0.219566	0.325766	0.158909	0.932000	-0.636464	0.765813	0.091892	-0.699135	-0.623120	0.350616
02452	8.768077	0.307226	5.208259	0.642159	-0.042237	0.292487	0.323553	0.161100	0.932395	-0.642138	0.761130	0.091321	-0.694962	-0.628273	0.349715
02453	8.677007	0.282838	5.214925	0.570879	-0.100328	0.364840	0.320442	0.163216	0.933101	-0.647289	0.756926	0.089890	-0.691617	-0.632791	0.348198
02454	8.494438	0.417207	5.306129	0.462592	-0.182506	0.452419	0.316193	0.165700	0.934112	-0.652174	0.753040	0.087178	-0.688978	-0.636769	0.346171
02455	7.973192	0.567988	5.251136	0.343299	-0.311397	0.546972	0.310407	0.167801	0.935676	-0.656270	0.749922	0.083227	-0.687719	-0.639890	0.342904
02456	7.393166	1.222497	3.696280	0.247088	-0.610820	0.604740	0.302175	0.168639	0.938217	-0.660077	0.747105	0.078305	-0.687742	-0.642958	0.337071
02457	7.246690	2.192893	1.203144	-0.095342	-1.040097	0.600199	0.290973	0.166407	0.942148	-0.661218	0.746699	0.072325	-0.691466	-0.644010	0.327300
02458	8.728541	3.809553	-0.558248	-0.691452	-1.346781	0.494681	0.278294	0.161671	0.946792	-0.658068	0.750118	0.065341	-0.699642	-0.641238	0.315144
02459	13.782494	6.256785	1.643918	-1.174831	-1.144739	0.241365	0.268579	0.156168	0.950514	-0.650463	0.757212	0.059387	-0.710467	-0.634225	0.304953
02460	18.891163	6.302328	6.272950	-1.007768	-0.272820	0.045689	0.266300	0.154976	0.951350	-0.643620	0.763307	0.055818	-0.717522	-0.627172	0.303014
02461	16.501296	2.890748	9.682402	-0.541731	0.279154	0.245190	0.266667	0.158575	0.950654	-0.640398	0.766294	0.051815	-0.720263	-0.622614	0.305897
02462	11.824042	-0.759756	8.497262	0.070016	-0.252238	0.519984	0.261487	0.161154	0.951659	-0.642504	0.764838	0.047023	-0.720287	-0.623741	0.303537
02463	8.711492	-0.976391	3.680008	0.600075	-1.072990	0.589949	0.249891	0.158906	0.955146	-0.648350	0.760118	0.043166	-0.719164	-0.630056	0.292973
02464	7.116394	0.142245	-1.362236	0.552245	-1.561276	0.661087	0.234328	0.154202	0.959850	-0.654162	0.755382	0.038346	-0.719140	-0.636883	0.277880
02465	6.839560	1.046152	-3.646250	0.389506	-1.632850	0.719377	0.217788	0.149159	0.964531	-0.658609	0.751785	0.032453	-0.720279	-0.642317	0.261967
02466	7.735760	1.838655	-2.948970	-0.114168	-1.468441	0.618223	0.203082	0.144513	0.968439	-0.659305	0.751422	0.026127	-0.723930	-0.643802	0.247879
02467	8.771410	1.650019	-3.030772	-0.667453	-1.227537	0.482499	0.190915	0.140244	0.971536	-0.655417	0.755007	0.019808	-0.730739	-0.640544	0.236061
02468	9.029356	1.151394	-3.533662	-0.875378	-0.936971	0.398609	0.181409	0.137409	0.973761	-0.649930	0.759867	0.013855	-0.738025	-0.635390	0.227153
02469	8.052273	-0.266754	-2.466737	-0.797902	-0.926601	0.412720	0.171800	0.134669	0.975884	-0.644760	0.764343	0.008031	-0.744828	-0.630590	0.218143
02470	8.642487	-1.502857	-1.054375	-0.743548	-1.455333	0.364276	0.158544	0.128412	0.978966	-0.639979	0.768387	0.002855	-0.751858	-0.626971	0.204004
02471	10.644327	-1.828407	-1.609360	-0.852075	-1.742880	0.190419	0.144089	0.118972	0.982387	-0.633843	0.773462	-0.000703	-0.759922	-0.622578	0.186856
02472	11.067549	-1.673025	-2.027187	-0.362458	-1.570827	0.182059	0.130936	0.110703	0.985191	-0.631505	0.775365	-0.003196	-0.764236	-0.621735	0.171433
02473	10.539640	-0.789655	-1.084936	0.261047	-1.371842	0.276011	0.118637	0.104268	0.987448	-0.633861	0.773428	-0.005514	-0.764294	-0.625250	0.157849
02474	9.981681	0.144869	-0.222694	0.373570	-1.273800	0.336894	0.106737	0.098964	0.989350	-0.637258	0.770606	-0.008332	-0.763223	-0.629582	0.145318
02475	9.433504	0.785571	0.553281	0.243620	-1.217593	0.343087	0.095188	0.093901	0.991021	-0.639478	0.768724	-0.011415	-0.762894	-0.632649	0.133221
02476	9.059545	0.711294	0.577950	-0.046806	-1.226825	0.302787	0.083854	0.088535	0.992537	-0.639549	0.768613	-0.014528	-0.764163	-0.633558	0.121074
02477	8.962057	0.058237	0.205976	-0.374258	-1.270723	0.248723	0.072466	0.082390	0.993962	-0.636891	0.770756	-0.017455	-0.767540	-0.631781	0.108327
02478	9.001466	-1.023909	0.017944	-0.533939	-1.304331	0.220206	0.061003	0.075937	0.995245	-0.633080	0.773821	-0.020238	-0.771679	-0.628835	0.095279
02479	9.148891	-2.179591	-0.074347	-0.522068	-1.321776	0.184537	0.049543	0.069057	0.996382	-0.629157	0.776951	-0.022565	-0.775698	-0.625763	0.081940
02480	9.412400	-3.100826	-0.484751	-0.376140	-1.312503	0.133377	0.038474	0.061961	0.997337	-0.626442	0.779091	-0.024236	-0.778518	-0.623841	0.068790
02481	9.715326	-3.638823	-0.940047	-0.153374	-1.280041	0.069827	0.027994	0.054504	0.998121	-0.625284	0.779995	-0.025056	-0.779895	-0.623407	0.055916
02482	10.000403	-3.724818	-1.312973	0.045855	-1.222713	0.018689	0.018309	0.047094	0.998723	-0.625800	0.779573	-0.025288	-0.779768	-0.624538	0.043744
02483	10.143283	-3.209793	-1.508788	0.227676	-1.176555	0.002931	0.009055	0.039737	0.999169	-0.627587	0.778136	-0.025259	-0.778493	-0.626837	0.031984
02484	10.092152	-2.177819	-1.584484	0.315715	-1.181638	0.029399	-0.000357	0.032616	0.999468	-0.630199	0.776013	-0.025549	-0.776433	-0.629873	0.020278
02485	9.939552	-0.984895	-1.375581	0.307774	-1.222895	0.076452	-0.010391	0.025470	0.999622	-0.632594	0.774037	-0.026298	-0.774414	-0.632628	0.008069
02486	9.825987	-0.098095	-1.004837	0.206515	-1.263661	0.104704	-0.020873	0.018344	0.999614	-0.634326	0.772579	-0.027423	-0.772783	-0.634654	-0.004490
02487	9.548791	0.285677	-0.935597	0.068845	-1.294079	0.082229	-0.031459	0.010742	0.999447	-0.634849	0.772119	-0.028281	-0.771996	-0.635387	-0.017471
02488	9.441014	0.239026	-0.914618	-0.093308	-1.340879	0.036788	-0.042084	0.002573	0.999111	-0.634259	0.772587	-0.028706	-0.771974	-0.634903	-0.030881
02489	9.379157	-0.083830	-0.896615	-0.180532	-1.366937	-0.001841	-0.052696	-0.006129	0.998592	-0.632877	0.773722	-0.028648	-0.772457	-0.633496	-0.044651
02490	9.358821	-0.366038	-0.929695	-0.170575	-1.377974	-0.050164	-0.063063	-0.015177	0.997894	-0.631727	0.774680	-0.028141	-0.772621	-0.632171	-0.058441
02491	9.358816	-0.389213	-1.060518	-0.088108	-1.390540	-0.106416	-0.073200	-0.024804	0.997009	-0.631130	0.775205	-0.027052	-0.772216	-0.631222	-0.072400
02492	9.496905	0.008578	-1.220869	0.054260	-1.396409	-0.156796	-0.083015	-0.034783	0.995941	-0.631811	0.774700	-0.025607	-0.770665	-0.631372	-0.086288
02493	9.654271	0.274575	-1.069235	0.129322	-1.372849	-0.174150	-0.092548	-0.044821	0.994699	-0.632969	0.773804	-0.024024	-0.768625	-0.631837	-0.099984
02494	9.811276	0.302375	-1.095063	0.116750	-1.386042	-0.161113	-0.102193	-0.054782	0.993255	-0.634158	0.772872	-0.022619	-0.766420	-0.632193	-0.113723
02495	9.895392	0.317353	-0.774830	0.076676	-1.379673	-0.125225	-0.112027	-0.064489	0.991610	-0.634889	0.772304	-0.021500	-0.764438	-0.631971	-0.127462
02496	9.839794	-0.133752	-0.392098	-0.016589	-1.366945	-0.079309	-0.121995	-0.073690	0.989791	-0.634982	0.772248	-0.020770	-0.762834	-0.631034	-0.141002
02497	9.855751	-0.601340	-0.333756	-0.027810	-1.339823	-0.019651	-0.132149	-0.082306	0.987807	-0.634804	0.772399	-0.020566	-0.761289	-0.629782	-0.154320
02498	9.750478	-0.874538	-0.403509	-0.061804	-1.326801	0.032077	-0.142463	-0.090362	0.985667	-0.634424	0.772704	-0.020858	-0.759744	-0.628302	-0.167410
02499	9.626488	-0.864550	-0.639020	-0.096812	-1.333015	0.058309	-0.153019	-0.098291	0.983323	-0.633611	0.773359	-0.021296	-0.758368	-0.626303	-0.180617
02500	9.555127	-0.449817	-1.176756	-0.106877	-1.361087	0.073487	-0.163815	-0.106196	0.980758	-0.632823	0.773987	-0.021894	-0.756769	-0.624233	-0.193994
02501	9.617882	0.096672	-1.640927	-0.143140	-1.390357	0.072124	-0.174851	-0.114316	0.977936	-0.631627	0.774950	-0.022345	-0.755298	-0.621598	-0.207705
02502	9.681210	0.521337	-1.935764	-0.172311	-1.382301	0.054315	-0.185635	-0.122431	0.974962	-0.630368	0.775968	-0.022581	-0.753774	-0.618776	-0.221224
02503	9.756781	0.692854	-2.039410	-0.229916	-1.409228	0.036751	-0.196548	-0.130858	0.971723	-0.628573	0.777426	-0.022447	-0.752506	-0.615211	-0.235055
02504	10.036027	0.575838	-2.148084	-0.216925	-1.429744	0.029364	-0.207494	-0.139360	0.968259	-0.627017	0.778686	-0.022292	-0.750863	-0.611740	-0.248954
02505	10.211391	0.253993	-2.017892	-0.152376	-1.400095	0.042841	-0.218328	-0.147586	0.964651	-0.625790	0.779671	-0.022349	-0.748812	-0.608548	-0.262582
02506	10.452814	-0.207634	-1.659754	-0.149280	-1.417757	0.073428	-0.229391	-0.155592	0.960818	-0.624647	0.780577	-0.022727	-0.746456	-0.605385	-0.276247
02507	10.767080	-0.672166	-0.997680	-0.084598	-1.398417	0.109166	-0.240558	-0.163201	0.956816	-0.623766	0.781256	-0.023568	-0.743672	-0.602499	-0.289736
02508	10.950471	-0.685901	-0.289436	-0.034576	-1.367634	0.151884	-0.251647	-0.170220	0.952732	-0.623278	0.781601	-0.024983	-0.740404	-0.600104	-0.302782
02509	11.026599	-0.526797	0.383124	-0.086012	-1.337344	0.183542	-0.262738	-0.176806	0.948530	-0.622176	0.782429	-0.026495	-0.737473	-0.597113	-0.315578
02510	11.115850	-0.255576	0.881530	-0.220239	-1.326337	0.205714	-0.273786	-0.183063	0.944208	-0.620148	0.783991	-0.027820	-0.735158	-0.593166	-0.328172
02511	11.313180	0.197762	1.252104	-0.376231	-1.308731	0.215546	-0.284798	-0.189113	0.939748	-0.616787	0.786609	-0.028626	-0.733801	-0.587777	-0.340667
02512	11.310420	0.859488	1.625737	-0.661786	-1.325247	0.213708	-0.295836	-0.195129	0.935097	-0.611471	0.790756	-0.028441	-0.733883	-0.580198	-0.353250
02513	11.257905	1.333058	1.815787	-0.983140	-1.365342	0.208598	-0.307201	-0.201337	0.930103	-0.603621	0.796818	-0.026883	-0.735710	-0.569688	-0.366315
02514	10.865056	1.359428	1.760038	-1.284111	-1.364581	0.168953	-0.318227	-0.207650	0.924993	-0.593817	0.804250	-0.023747	-0.738995	-0.556834	-0.379240
02515	10.610989	1.061101	1.299403	-1.547436	-1.394217	0.104715	-0.329243	-0.214471	0.919566	-0.582010	0.812965	-0.018776	-0.743548	-0.541378	-0.392487
02516	10.782189	0.503570	0.478225	-1.686455	-1.355447	0.021285	-0.339427	-0.221506	0.914180	-0.569561	0.821857	-0.012337	-0.748592	-0.524868	-0.405122
02517	10.981425	-0.363012	-0.066518	-1.698256	-1.229617	-0.071436	-0.348327	-0.228456	0.909107	-0.557051	0.830465	-0.004743	-0.753898	-0.508071	-0.416535
02518	11.139424	-1.627927	-0.452664	-1.590438	-1.070600	-0.169694	-0.355384	-0.235214	0.904641	-0.545861	0.837869	0.003414	-0.758774	-0.492596	-0.426160
02519	11.499845	-2.805905	-0.459750	-1.393241	-0.936797	-0.241554	-0.361271	-0.241801	0.900564	-0.536129	0.844057	0.011555	-0.762922	-0.478644	-0.434569
02520	12.018807	-3.280328	-0.454133	-1.245076	-0.848212	-0.219002	-0.366501	-0.247646	0.896855	-0.527658	0.849247	0.018873	-0.766325	-0.466316	-0.441922
02521	12.091636	-3.096594	-0.568889	-1.140728	-0.727417	-0.136086	-0.371439	-0.252159	0.893559	-0.519402	0.854160	0.025133	-0.769581	-0.454781	-0.448241
02522	11.470418	-2.555827	-0.731356	-1.074706	-0.600337	-0.060059	-0.375641	-0.255344	0.890895	-0.511639	0.858663	0.030376	-0.772735	-0.444406	-0.453193
02523	10.779404	-1.864410	-0.770168	-0.977676	-0.498785	-0.029745	-0.379416	-0.257795	0.888586	-0.504184	0.862884	0.035057	-0.775785	-0.434710	-0.457368
02524	10.375379	-1.182503	-0.478574	-0.867792	-0.425421	-0.023083	-0.382431	-0.259820	0.886702	-0.497876	0.866365	0.039129	-0.778374	-0.426503	-0.460683
02525	9.956429	-0.353876	0.626159	-0.801704	-0.383224	-0.027878	-0.385345	-0.261682	0.884891	-0.491735	0.869680	0.043047	-0.780836	-0.418544	-0.463805
02526	9.480499	0.025646	2.361202	-0.886212	-0.386318	-0.051226	-0.387952	-0.263703	0.883150	-0.485367	0.873021	0.047466	-0.783526	-0.410237	-0.466683
02527	9.535772	-0.865715	4.179030	-0.974433	-0.377086	-0.120230	-0.390398	-0.266283	0.881296	-0.478186	0.876655	0.053053	-0.786720	-0.400712	-0.469577
02528	11.310081	-1.803831	4.721759	-0.781715	-0.334712	-0.174159	-0.392023	-0.269149	0.879703	-0.473093	0.879092	0.058137	-0.788988	-0.393390	-0.471957
02529	14.636142	-0.706410	6.388658	-0.869625	-0.143967	-0.186461	-0.392350	-0.271349	0.878881	-0.466950	0.881976	0.063849	-0.792477	-0.385342	-0.472749
02530	15.853055	0.664787	9.170153	-1.158812	0.649529	-0.255545	-0.385806	-0.271131	0.881840	-0.459121	0.885501	0.071391	-0.800226	-0.377328	-0.466114
02531	12.967506	2.646781	9.604343	-0.855763	1.431688	-0.421438	-0.372424	-0.269488	0.888074	-0.453833	0.887576	0.079017	-0.809528	-0.373610	-0.452858
02532	10.920953	2.857802	7.699933	-1.404665	1.607017	-0.505413	-0.356869	-0.267993	0.894888	-0.444655	0.891212	0.089570	-0.821539	-0.365952	-0.437210
02533	10.381750	1.343878	5.931423	-1.630017	1.805462	-0.440574	-0.340047	-0.265405	0.902179	-0.432694	0.895924	0.100475	-0.834951	-0.356201	-0.419496
02534	10.807895	1.575209	1.561033	-2.398401	1.821827	-0.354691	-0.322898	-0.262215	0.909384	-0.414182	0.903110	0.113341	-0.850993	-0.340053	-0.400218
