// General information: 
//  MT Manager version: 2022.2.0 
//  XDA version: 2022.2.0 build 7381 rev 124627 built on 2023-07-19
// Device information: 
//  DeviceId: 00B4CB9F
//  ProductCode: MTW2-3A7G6
//  Firmware Version: 4.6.0
//  Hardware Version: 2.0.0
// Device settings: 
//  Filter Profile: human(46.1)
//  Option Flags: Orientation Smoother Disabled, Position/Velocity Smoother Disabled, Continuous Zero Rotation Update Disabled, AHS Disabled, ICC Disabled
// Coordinate system: ENU
PacketCounter	Acc_X	Acc_Y	Acc_Z	Gyr_X	Gyr_Y	Gyr_Z	Mat[1][1]	Mat[2][1]	Mat[3][1]	Mat[1][2]	Mat[2][2]	Mat[3][2]	Mat[1][3]	Mat[2][3]	Mat[3][3]
03504	9.681520	0.992846	0.810926	0.016818	-0.017287	0.004913	0.105083	-0.084064	0.990904	-0.224342	0.968731	0.105974	-0.968828	-0.233438	0.082938
03505	9.680734	1.016870	0.808548	0.015830	-0.018403	0.005361	0.104833	-0.084047	0.990932	-0.224511	0.968699	0.105913	-0.968816	-0.233578	0.082683
03506	9.680920	1.016859	0.806333	0.003004	-0.025385	-0.003555	0.104469	-0.084106	0.990965	-0.224523	0.968699	0.105885	-0.968853	-0.233556	0.082316
03507	9.723386	1.019450	0.838113	0.001613	-0.029777	-0.000121	0.104121	-0.084168	0.990997	-0.224548	0.968695	0.105866	-0.968884	-0.233549	0.081962
03508	9.722643	1.043814	0.834867	0.002907	-0.026426	0.001042	0.103722	-0.084203	0.991036	-0.224695	0.968667	0.105819	-0.968893	-0.233656	0.081552
03509	9.688400	1.043299	0.874602	0.002462	-0.026464	-0.001027	0.103408	-0.084266	0.991063	-0.224727	0.968660	0.105809	-0.968919	-0.233660	0.081230
03510	9.744334	1.069119	0.818961	0.003287	-0.029785	-0.002606	0.102901	-0.084350	0.991109	-0.224877	0.968628	0.105784	-0.968938	-0.233763	0.080704
03511	9.677833	1.067373	0.846233	0.006391	-0.028639	-0.003473	0.102570	-0.084442	0.991135	-0.224946	0.968610	0.105802	-0.968957	-0.233804	0.080356
03512	9.689072	1.044130	0.866125	0.006838	-0.028601	-0.001396	0.102177	-0.084480	0.991172	-0.225014	0.968599	0.105753	-0.968983	-0.233834	0.079959
03513	9.698338	1.069581	0.885305	0.003313	-0.023153	-0.001928	0.101896	-0.084545	0.991196	-0.225055	0.968590	0.105752	-0.969003	-0.233849	0.079669
03514	9.689449	1.044669	0.861248	0.011777	-0.023026	-0.003626	0.101485	-0.084647	0.991229	-0.225485	0.968486	0.105791	-0.968947	-0.234243	0.079200
03515	9.680576	1.019503	0.837209	0.014551	-0.021759	0.004218	0.101204	-0.084649	0.991258	-0.225641	0.968455	0.105738	-0.968940	-0.234369	0.078911
03516	9.680772	1.019186	0.835327	0.028023	-0.012658	0.006004	0.100887	-0.084597	0.991295	-0.225929	0.968399	0.105636	-0.968905	-0.234620	0.078586
03517	9.670894	1.017891	0.811492	0.038510	-0.013539	0.008476	0.100675	-0.084538	0.991321	-0.226322	0.968316	0.105561	-0.968836	-0.234985	0.078352
03518	9.714539	1.043059	0.789334	0.044343	-0.007888	0.010389	0.100234	-0.084450	0.991373	-0.226873	0.968203	0.105414	-0.968753	-0.235482	0.077888
03519	9.714709	1.042184	0.788397	0.039598	-0.002393	0.014426	0.100116	-0.084307	0.991398	-0.227282	0.968121	0.105280	-0.968669	-0.235867	0.077762
03520	9.716908	1.040180	0.733692	0.039577	0.007475	0.010024	0.100102	-0.084213	0.991407	-0.227994	0.967958	0.105242	-0.968503	-0.236570	0.077694
03521	9.701014	1.035288	0.580810	0.049951	0.015425	0.012691	0.100160	-0.084045	0.991415	-0.228503	0.967850	0.105133	-0.968377	-0.237071	0.077735
03522	9.660655	0.982894	0.548827	0.061904	0.022329	0.017465	0.100265	-0.083852	0.991421	-0.229558	0.967609	0.105054	-0.968117	-0.238121	0.077768
03523	9.629336	0.955857	0.539266	0.066123	0.032250	0.012227	0.100486	-0.083649	0.991416	-0.230222	0.967461	0.104962	-0.967936	-0.238793	0.077958
03524	9.700052	0.906485	0.458609	0.084505	0.042644	0.021484	0.100793	-0.083356	0.991409	-0.231428	0.967186	0.104848	-0.967617	-0.240008	0.078194
03525	9.715404	0.878154	0.376362	0.102518	0.056402	0.034421	0.101196	-0.082880	0.991408	-0.232467	0.966967	0.104565	-0.967325	-0.241052	0.078586
03526	9.681054	0.874562	0.423575	0.096561	0.061956	0.043071	0.101641	-0.082345	0.991407	-0.233900	0.966653	0.104269	-0.966933	-0.242488	0.078991
03527	9.732001	0.970076	0.427827	0.087433	0.053106	0.051281	0.101972	-0.081713	0.991426	-0.234811	0.966482	0.103808	-0.966678	-0.243383	0.079367
03528	9.774041	1.039607	0.409870	0.072450	0.048472	0.053127	0.102321	-0.081082	0.991441	-0.235891	0.966266	0.103369	-0.966378	-0.244449	0.079743
03529	9.704023	1.130697	0.440332	0.055818	0.031617	0.051549	0.102443	-0.080500	0.991476	-0.236497	0.966170	0.102881	-0.966217	-0.245020	0.079939
03530	9.713069	1.104477	0.519013	0.025604	0.002282	0.042382	0.102409	-0.080114	0.991511	-0.237320	0.966002	0.102564	-0.966019	-0.245809	0.079914
03531	9.698102	1.127180	0.604134	-0.003145	-0.019253	0.035477	0.102076	-0.079812	0.991570	-0.237340	0.966037	0.102189	-0.966049	-0.245770	0.079667
03532	9.709988	1.148122	0.568577	-0.029814	-0.037543	0.023080	0.101640	-0.079663	0.991627	-0.237200	0.966099	0.101925	-0.966129	-0.245574	0.079298
03533	9.719118	1.124136	0.641865	-0.046539	-0.057799	0.015757	0.100982	-0.079646	0.991695	-0.236781	0.966224	0.101711	-0.966301	-0.245086	0.078713
03534	9.696113	1.099041	0.701317	-0.053723	-0.073434	0.012073	0.100312	-0.079740	0.991756	-0.236876	0.966208	0.101645	-0.966347	-0.245119	0.078033
03535	9.671952	1.051461	0.814463	-0.066344	-0.091449	0.003488	0.099358	-0.079924	0.991837	-0.236253	0.966372	0.101539	-0.966598	-0.244413	0.077134
03536	9.694278	0.956180	0.907427	-0.069883	-0.102499	0.006789	0.098325	-0.080093	0.991926	-0.235672	0.966528	0.101404	-0.966846	-0.243740	0.076158
03537	9.704672	0.861009	1.032437	-0.082434	-0.094997	0.005424	0.097332	-0.080266	0.992010	-0.234895	0.966731	0.101267	-0.967135	-0.242875	0.075240
03538	9.660639	0.763973	1.156382	-0.084137	-0.081904	-0.001533	0.096516	-0.080432	0.992076	-0.234085	0.966938	0.101168	-0.967414	-0.241994	0.074497
03539	9.693610	0.716762	1.217566	-0.068105	-0.067176	0.007194	0.095788	-0.080518	0.992140	-0.233448	0.967107	0.101026	-0.967640	-0.241290	0.073840
03540	9.702562	0.717219	1.289276	-0.040471	-0.044568	0.013946	0.095350	-0.080425	0.992190	-0.233031	0.967231	0.100796	-0.967784	-0.240822	0.073484
03541	9.705647	0.642325	1.288203	-0.016586	-0.017703	0.013904	0.095085	-0.080326	0.992223	-0.232898	0.967281	0.100626	-0.967842	-0.240655	0.073266
03542	9.663345	0.638663	1.253383	0.007120	0.004725	0.012729	0.095037	-0.080086	0.992247	-0.232699	0.967356	0.100364	-0.967894	-0.240433	0.073299
03543	9.705058	0.711778	1.232732	0.031733	0.027229	0.015714	0.095202	-0.079861	0.992249	-0.233035	0.967291	0.100211	-0.967797	-0.240769	0.073478
03544	9.688326	0.706665	1.082537	0.066165	0.047572	0.012912	0.095540	-0.079556	0.992241	-0.233538	0.967188	0.100034	-0.967642	-0.241284	0.073826
03545	9.694047	0.749726	0.867587	0.091837	0.055699	0.014701	0.095983	-0.079272	0.992221	-0.234455	0.966977	0.099936	-0.967377	-0.242224	0.074228
03546	9.690400	0.720030	0.686927	0.119502	0.053794	0.009742	0.096474	-0.079001	0.992195	-0.235659	0.966689	0.099884	-0.967035	-0.243456	0.074643
03547	9.692568	0.765455	0.579781	0.142725	0.033279	0.018710	0.096690	-0.078732	0.992196	-0.237071	0.966354	0.099784	-0.966669	-0.244869	0.074771
03548	9.714741	0.883416	0.457848	0.158432	0.007143	0.028328	0.096674	-0.078411	0.992223	-0.238785	0.965951	0.099600	-0.966248	-0.246557	0.074659
03549	9.715790	0.975378	0.344144	0.165807	-0.011420	0.035688	0.096417	-0.078087	0.992273	-0.240436	0.965568	0.099348	-0.965865	-0.248157	0.074322
03550	9.721040	1.072554	0.414049	0.148216	-0.032587	0.039820	0.095995	-0.077766	0.992339	-0.242147	0.965169	0.099061	-0.965479	-0.249801	0.073821
03551	9.697027	1.141824	0.416184	0.119437	-0.051688	0.043448	0.095330	-0.077469	0.992427	-0.243356	0.964902	0.098697	-0.965241	-0.250922	0.073131
03552	9.677350	1.217794	0.602706	0.094791	-0.064322	0.036013	0.094598	-0.077260	0.992513	-0.244453	0.964656	0.098391	-0.965036	-0.251931	0.072368
03553	9.622111	1.261651	0.591295	0.067707	-0.076787	0.037727	0.093704	-0.077084	0.992612	-0.245157	0.964513	0.098045	-0.964944	-0.252532	0.071481
03554	9.677587	1.260095	0.584864	0.050453	-0.079181	0.039516	0.092798	-0.076870	0.992713	-0.245754	0.964401	0.097650	-0.964880	-0.253025	0.070604
03555	9.643225	1.234949	0.674810	0.019609	-0.077558	0.029889	0.091915	-0.076771	0.992803	-0.245986	0.964373	0.097346	-0.964906	-0.253163	0.069756
03556	9.632182	1.232751	0.699192	-0.008292	-0.086663	0.033162	0.091063	-0.076686	0.992888	-0.246333	0.964312	0.097071	-0.964898	-0.253421	0.068922
03557	9.717563	1.259061	0.758579	-0.040028	-0.082698	0.029726	0.090130	-0.076602	0.992980	-0.245989	0.964434	0.096728	-0.965073	-0.252980	0.068082
03558	9.708076	1.208048	0.785735	-0.073481	-0.075489	0.023695	0.089393	-0.076546	0.993051	-0.245499	0.964587	0.096451	-0.965266	-0.252415	0.067435
03559	9.654181	1.156902	0.834182	-0.114708	-0.075119	0.012133	0.088577	-0.076611	0.993119	-0.244418	0.964883	0.096233	-0.965616	-0.251260	0.066741
03560	9.703002	1.080905	0.756153	-0.153753	-0.068093	0.000819	0.087941	-0.076808	0.993160	-0.243396	0.965145	0.096193	-0.965932	-0.250190	0.066181
03561	9.715975	1.007793	0.776208	-0.172037	-0.058536	-0.006405	0.087330	-0.077010	0.993198	-0.241743	0.965567	0.096123	-0.966402	-0.248494	0.065707
03562	9.707483	0.910352	0.807926	-0.175440	-0.052077	-0.011462	0.086731	-0.077295	0.993229	-0.240251	0.965937	0.096150	-0.966828	-0.246964	0.065206
03563	9.667371	0.834291	0.772667	-0.160546	-0.049584	-0.003976	0.086200	-0.077449	0.993263	-0.238711	0.966327	0.096065	-0.967257	-0.245384	0.064810
03564	9.692884	0.783386	0.705517	-0.125571	-0.049034	0.004226	0.085608	-0.077544	0.993307	-0.237577	0.966620	0.095936	-0.967589	-0.244200	0.064328
03565	9.706590	0.732500	0.670579	-0.082493	-0.045025	0.014259	0.085078	-0.077509	0.993355	-0.236807	0.966830	0.095721	-0.967825	-0.243377	0.063901
03566	9.690091	0.653766	0.569675	-0.027196	-0.045200	0.029277	0.084539	-0.077352	0.993413	-0.236805	0.966858	0.095436	-0.967872	-0.243314	0.063420
03567	9.735541	0.626606	0.545130	0.027112	-0.046492	0.044731	0.083923	-0.077026	0.993491	-0.237122	0.966825	0.094989	-0.967848	-0.243550	0.062874
03568	9.756012	0.695820	0.527912	0.076013	-0.049123	0.050696	0.083278	-0.076682	0.993572	-0.238134	0.966618	0.094561	-0.967655	-0.244478	0.062237
03569	9.701422	0.713537	0.520034	0.113117	-0.058451	0.062882	0.082501	-0.076211	0.993673	-0.239297	0.966387	0.093987	-0.967435	-0.245537	0.061491
03570	9.700081	0.781227	0.511302	0.151079	-0.060229	0.064425	0.081740	-0.075714	0.993774	-0.240978	0.966024	0.093421	-0.967082	-0.247114	0.060718
03571	9.720976	0.848776	0.491364	0.179031	-0.065300	0.075426	0.080866	-0.075141	0.993889	-0.242787	0.965635	0.092759	-0.966703	-0.248804	0.059843
03572	9.677117	0.866227	0.503443	0.187676	-0.067489	0.074405	0.079995	-0.074575	0.994002	-0.244826	0.965181	0.092115	-0.966261	-0.250726	0.058951
03573	9.684713	0.960150	0.568737	0.182843	-0.066421	0.077539	0.079102	-0.073988	0.994117	-0.246671	0.964777	0.091432	-0.965866	-0.252452	0.058065
03574	9.716466	1.027768	0.569747	0.173121	-0.064226	0.083571	0.078273	-0.073327	0.994232	-0.248642	0.964340	0.090697	-0.965428	-0.254307	0.057249
03575	9.682722	1.117033	0.546815	0.160394	-0.061110	0.081192	0.077420	-0.072694	0.994345	-0.250270	0.963987	0.089961	-0.965076	-0.255820	0.056438
03576	9.639317	1.134160	0.558347	0.129193	-0.081350	0.079452	0.076312	-0.072210	0.994466	-0.251848	0.963638	0.089297	-0.964753	-0.257269	0.055351
03577	9.672629	1.152782	0.559545	0.090174	-0.087238	0.077938	0.075213	-0.071679	0.994588	-0.252795	0.963459	0.088552	-0.964592	-0.258087	0.054345
03578	9.682447	1.197466	0.624478	0.049112	-0.096312	0.082000	0.073942	-0.071161	0.994720	-0.253392	0.963375	0.087755	-0.964534	-0.258543	0.053202
03579	9.649996	1.215351	0.656191	0.001367	-0.112278	0.075946	0.072605	-0.070715	0.994851	-0.253478	0.963423	0.086980	-0.964612	-0.258488	0.052025
03580	9.693322	1.236929	0.732649	-0.039669	-0.110458	0.070746	0.071331	-0.070364	0.994968	-0.253409	0.963502	0.086306	-0.964726	-0.258290	0.050896
03581	9.639255	1.208553	0.831742	-0.077201	-0.114126	0.066238	0.070001	-0.070015	0.995087	-0.252728	0.963744	0.085588	-0.965002	-0.257478	0.049768
03582	9.639939	1.181325	0.931804	-0.115849	-0.116689	0.061752	0.068645	-0.069744	0.995200	-0.251800	0.964046	0.084929	-0.965342	-0.256422	0.048615
03583	9.672674	1.156995	1.098220	-0.138779	-0.110280	0.058460	0.067373	-0.069458	0.995307	-0.250518	0.964438	0.084261	-0.965765	-0.255019	0.047576
03584	9.705758	1.154398	1.210882	-0.148961	-0.083708	0.062952	0.066335	-0.069113	0.995401	-0.249355	0.964797	0.083606	-0.966138	-0.253754	0.046766
03585	9.707195	1.124003	1.260892	-0.152856	-0.062764	0.060930	0.065516	-0.068679	0.995485	-0.247936	0.965222	0.082909	-0.966559	-0.252248	0.046210
03586	9.709011	1.022350	1.370280	-0.152060	-0.031887	0.055456	0.065019	-0.068358	0.995540	-0.247101	0.965477	0.082432	-0.966806	-0.251359	0.045883
03587	9.667722	0.916934	1.393836	-0.152001	-0.017425	0.060818	0.064640	-0.067810	0.995602	-0.245690	0.965896	0.081738	-0.967191	-0.249893	0.045775
03588	9.636525	0.766233	1.551085	-0.149957	-0.000759	0.065224	0.064461	-0.067258	0.995651	-0.244765	0.966183	0.081114	-0.967437	-0.248930	0.045818
03589	9.657398	0.714618	1.761873	-0.162525	0.014707	0.068661	0.064374	-0.066554	0.995704	-0.243256	0.966629	0.080337	-0.967824	-0.247383	0.046037
03590	9.685812	0.762600	2.103431	-0.202769	0.044433	0.072418	0.064620	-0.065764	0.995741	-0.241648	0.967097	0.079554	-0.968210	-0.245760	0.046602
03591	9.688613	0.955689	2.510651	-0.261160	0.081707	0.069620	0.065183	-0.064886	0.995761	-0.239183	0.967778	0.078720	-0.968784	-0.243301	0.047563
03592	9.719998	1.294015	2.985848	-0.306821	0.118972	0.064352	0.066208	-0.063996	0.995751	-0.236646	0.968462	0.077977	-0.969338	-0.240803	0.048975
03593	9.803312	1.653135	3.469363	-0.343780	0.190712	0.073512	0.067824	-0.062823	0.995717	-0.233381	0.969327	0.077055	-0.970017	-0.237608	0.051082
03594	9.783321	1.982000	3.987069	-0.405129	0.320662	0.059405	0.070881	-0.061430	0.995591	-0.229821	0.970243	0.076228	-0.970648	-0.234211	0.054654
03595	9.618511	1.987319	4.402243	-0.459682	0.469029	0.012078	0.075347	-0.060219	0.995337	-0.225386	0.971314	0.075827	-0.971352	-0.230049	0.059613
03596	9.515537	1.651839	4.692389	-0.463944	0.617364	-0.057870	0.081504	-0.059319	0.994906	-0.221111	0.972276	0.076084	-0.971837	-0.226186	0.066128
03597	9.454105	1.222867	4.754434	-0.466433	0.776616	-0.119957	0.089255	-0.058740	0.994275	-0.216495	0.973248	0.076932	-0.972195	-0.222122	0.074151
03598	9.547567	0.826079	4.592643	-0.445585	0.923656	-0.151475	0.098649	-0.058121	0.993424	-0.212611	0.974011	0.078098	-0.972144	-0.218917	0.083728
03599	9.788165	0.462549	4.298019	-0.390343	1.069537	-0.150556	0.109303	-0.057257	0.992358	-0.208681	0.974769	0.079227	-0.971857	-0.215746	0.094596
03600	10.176737	0.203163	4.116887	-0.327288	1.190891	-0.133035	0.121220	-0.055895	0.991051	-0.206038	0.975252	0.080205	-0.971007	-0.213916	0.106704
03601	10.922228	0.077251	3.862531	-0.207228	1.279476	-0.094731	0.133772	-0.054084	0.989535	-0.203927	0.975638	0.080892	-0.969804	-0.212614	0.119483
03602	11.388329	0.093915	3.723481	-0.101863	1.360044	-0.056557	0.147048	-0.051620	0.987781	-0.203211	0.975758	0.081244	-0.968030	-0.212675	0.132994
03603	11.291283	0.146797	3.767917	-0.033327	1.417128	-0.044278	0.160783	-0.049029	0.985771	-0.202843	0.975804	0.081618	-0.965921	-0.213079	0.146947
03604	10.617776	0.456617	3.814927	-0.093473	1.375320	-0.064224	0.174294	-0.046542	0.983593	-0.202622	0.975811	0.082078	-0.963621	-0.213603	0.160648
03605	10.315046	0.670946	3.833178	-0.347375	1.146301	-0.060336	0.185395	-0.044692	0.981647	-0.199191	0.976517	0.082078	-0.962264	-0.210752	0.172140
03606	11.606451	0.227260	4.303003	-0.240209	1.259353	-0.097536	0.197716	-0.042784	0.979325	-0.197603	0.976799	0.082567	-0.960136	-0.209842	0.184675
03607	11.382667	0.501531	4.056950	-0.502540	1.465842	-0.182484	0.212074	-0.041515	0.976371	-0.192432	0.977762	0.083372	-0.958120	-0.205566	0.199369
03608	11.732537	0.087728	3.871953	-0.293888	1.644978	-0.191623	0.228226	-0.039757	0.972796	-0.190327	0.978067	0.084624	-0.954824	-0.204463	0.215653
03609	11.330672	0.142962	3.072931	-0.425520	1.705474	-0.227001	0.244852	-0.038513	0.968795	-0.185758	0.978837	0.085860	-0.951600	-0.200984	0.232516
03610	10.714322	-0.368581	1.624592	-0.377293	1.532372	-0.229752	0.259845	-0.037487	0.964922	-0.182554	0.979321	0.087206	-0.948238	-0.198811	0.247628
03611	10.369492	-1.018093	0.375167	-0.339165	1.282586	-0.231447	0.272350	-0.037214	0.961478	-0.178752	0.979900	0.088561	-0.945449	-0.195986	0.260224
03612	10.337798	-0.874790	0.515794	0.066678	1.258081	-0.213751	0.284593	-0.036695	0.957946	-0.179195	0.979618	0.090762	-0.941751	-0.197489	0.272217
03613	10.151233	-0.777361	0.414694	0.298255	1.254522	-0.211705	0.296707	-0.036262	0.954280	-0.181408	0.978943	0.093603	-0.937580	-0.200887	0.283881
03614	10.001308	-0.854164	0.423028	0.382465	1.244724	-0.216935	0.308750	-0.035714	0.950473	-0.184507	0.978064	0.096686	-0.933076	-0.205221	0.295387
03615	9.738811	-0.655830	0.811392	0.564164	1.369902	-0.160293	0.321738	-0.034421	0.946203	-0.189277	0.976829	0.099895	-0.927717	-0.211235	0.307768
03616	9.193442	-0.280622	1.248495	0.776664	1.328190	-0.021505	0.334065	-0.031622	0.942019	-0.196539	0.975131	0.102431	-0.921831	-0.219362	0.319542
03617	9.094211	0.159910	1.729333	0.653708	1.203700	0.037480	0.344998	-0.028569	0.938168	-0.202702	0.973682	0.104191	-0.916454	-0.226114	0.330128
03618	8.735917	0.638435	2.184360	0.659810	1.146716	0.069156	0.355333	-0.025106	0.934403	-0.209131	0.972164	0.105649	-0.911045	-0.232953	0.340191
03619	8.458142	1.293482	2.257272	0.482291	0.998098	0.066862	0.364206	-0.022101	0.931056	-0.213782	0.971039	0.106676	-0.906450	-0.237895	0.348933
03620	8.508055	1.788802	2.293520	0.276095	0.937847	0.054284	0.372566	-0.019175	0.927808	-0.216633	0.970367	0.107044	-0.902366	-0.240874	0.357372
03621	8.259733	1.924084	2.172312	0.054795	0.838445	0.027895	0.380002	-0.016875	0.924832	-0.217259	0.970235	0.106973	-0.899109	-0.241578	0.365025
03622	8.261251	2.460079	2.376517	-0.221471	0.718576	0.012133	0.386420	-0.014887	0.922203	-0.215460	0.970748	0.105952	-0.896804	-0.239640	0.371909
03623	8.442889	2.410216	2.221750	-0.470212	0.633980	-0.002399	0.392051	-0.013399	0.919846	-0.211265	0.971859	0.104200	-0.895356	-0.235183	0.378188
03624	8.395503	2.419639	2.438338	-0.719706	0.582900	0.000253	0.397256	-0.011922	0.917631	-0.204952	0.973508	0.101375	-0.894529	-0.228342	0.384288
03625	8.156209	2.364698	2.457468	-0.954129	0.597949	0.008558	0.402531	-0.010493	0.915346	-0.196482	0.975639	0.097589	-0.894071	-0.219132	0.390663
03626	8.516146	1.982721	2.687468	-1.202207	0.637233	0.036336	0.408144	-0.008673	0.912876	-0.185995	0.978192	0.092452	-0.893770	-0.207524	0.397630
03627	7.745235	1.541801	2.091293	-1.248926	0.744271	0.085023	0.414586	-0.006332	0.909988	-0.175216	0.980709	0.086652	-0.892983	-0.195369	0.405479
03628	7.405200	1.746106	2.494364	-1.495840	0.561117	0.081497	0.419442	-0.004383	0.907771	-0.162298	0.983515	0.079740	-0.893156	-0.180776	0.411816
03629	7.689738	0.961917	2.443005	-1.596232	0.429994	0.072806	0.423118	-0.002911	0.906070	-0.148371	0.986274	0.072456	-0.893844	-0.165092	0.416878
03630	7.764166	0.676769	2.463788	-1.719779	0.329284	0.044908	0.425980	-0.001867	0.904731	-0.133274	0.988959	0.064791	-0.894862	-0.148177	0.421028
03631	7.971856	0.007548	2.696875	-1.674714	0.285011	0.055446	0.428409	-0.000906	0.903584	-0.118546	0.991300	0.057200	-0.895775	-0.131622	0.424574
03632	7.924107	-0.233589	3.094849	-1.671499	0.274192	0.068777	0.430768	0.000201	0.902463	-0.103957	0.993354	0.049400	-0.896455	-0.115097	0.427926
03633	7.865428	-0.540488	3.307210	-1.677517	0.297090	0.092186	0.433290	0.001449	0.901253	-0.089343	0.995142	0.041353	-0.896815	-0.098439	0.431315
03634	7.767449	-0.903598	3.679755	-1.552844	0.305462	0.099869	0.435925	0.002817	0.899979	-0.075952	0.996543	0.033670	-0.896773	-0.083033	0.434631
03635	7.900165	-1.279203	3.830148	-1.370223	0.306820	0.117544	0.438541	0.004239	0.898701	-0.064210	0.997581	0.026627	-0.896414	-0.069383	0.437753
03636	7.886243	-1.579759	4.094892	-1.116663	0.311746	0.149638	0.441223	0.006043	0.897377	-0.054976	0.998281	0.020308	-0.895712	-0.058295	0.440797
03637	7.644281	-1.822803	4.278334	-0.877346	0.261566	0.161551	0.443431	0.007815	0.896275	-0.047865	0.998742	0.014973	-0.895030	-0.049540	0.443247
03638	7.625487	-1.917651	4.671159	-0.654979	0.208248	0.178526	0.445191	0.009827	0.895382	-0.042930	0.999024	0.010380	-0.894406	-0.043060	0.445178
03639	7.822009	-1.884859	5.102971	-0.479029	0.201674	0.193670	0.446863	0.011863	0.894524	-0.039541	0.999197	0.006501	-0.893728	-0.038276	0.446973
03640	7.906227	-1.808266	5.201659	-0.217655	0.143644	0.195946	0.448050	0.014030	0.893899	-0.038624	0.999247	0.003677	-0.893174	-0.036173	0.448254
03641	7.842586	-1.319548	5.637142	-0.080292	0.118592	0.156989	0.448997	0.015660	0.893396	-0.038642	0.999251	0.001905	-0.892697	-0.035378	0.449266
03642	7.766518	-1.266054	5.808630	0.010227	0.048911	0.066533	0.449390	0.016515	0.893183	-0.039199	0.999231	0.001247	-0.892475	-0.035572	0.449692
03643	7.871480	-1.113149	6.183855	0.048876	-0.040410	-0.032285	0.448992	0.016198	0.893389	-0.039521	0.999217	0.001746	-0.892662	-0.036091	0.449280
03644	8.317108	-0.918143	6.447742	0.078623	-0.035263	-0.112027	0.448708	0.015251	0.893548	-0.039899	0.999199	0.002981	-0.892787	-0.036990	0.448957
03645	8.421197	-0.776812	6.717214	0.090452	0.027736	-0.165962	0.448971	0.013623	0.893442	-0.039993	0.999188	0.004862	-0.892651	-0.037914	0.449151
03646	7.893337	-0.214748	7.026698	-0.006881	0.075972	-0.212514	0.449725	0.011725	0.893090	-0.039166	0.999211	0.006604	-0.892308	-0.037949	0.449829
03647	7.723571	-0.504256	6.779042	-0.069702	0.034831	-0.248497	0.450080	0.009275	0.892940	-0.037458	0.999262	0.008501	-0.892202	-0.037274	0.450095
03648	7.627416	-0.506288	6.832160	-0.173249	0.028003	-0.279084	0.450429	0.006699	0.892787	-0.034851	0.999342	0.010084	-0.892132	-0.035657	0.450366
03649	7.735776	-0.990784	6.456652	-0.198366	0.050382	-0.259067	0.450914	0.004148	0.892558	-0.031946	0.999424	0.011494	-0.891995	-0.033697	0.450787
03650	7.640032	-1.354063	6.041984	-0.234028	0.123185	-0.214770	0.452082	0.002255	0.891973	-0.029095	0.999502	0.012220	-0.891501	-0.031477	0.451923
03651	7.617351	-1.782215	5.590069	-0.151628	0.186363	-0.132195	0.453730	0.001012	0.891138	-0.027177	0.999550	0.012703	-0.890725	-0.029982	0.453554
03652	7.114733	-2.166309	4.694192	-0.059284	0.140381	-0.072500	0.455008	0.000561	0.890487	-0.026543	0.999564	0.012933	-0.890092	-0.029521	0.454825
03653	7.003220	-2.184229	4.301855	0.148961	0.026149	-0.004628	0.455192	0.000544	0.890393	-0.027880	0.999518	0.013643	-0.889957	-0.031034	0.454988
03654	6.906720	-1.977413	3.927772	0.401345	-0.029349	0.074052	0.454919	0.001529	0.890531	-0.032032	0.999380	0.014648	-0.889956	-0.035189	0.454686
03655	6.892633	-1.376416	3.726380	0.591363	-0.081539	0.136168	0.454096	0.002879	0.890948	-0.037947	0.999150	0.016112	-0.890144	-0.041125	0.453819
03656	6.955317	-0.741879	3.620568	0.710535	-0.100658	0.174335	0.453137	0.004847	0.891427	-0.045321	0.998817	0.017607	-0.890288	-0.048379	0.452821
03657	6.845479	-1.744573	3.065188	1.134902	-0.187286	0.225881	0.451305	0.007022	0.892342	-0.056482	0.998189	0.020711	-0.890581	-0.059748	0.450884
03658	6.574970	0.745606	4.112417	1.604421	-0.362674	0.247166	0.447923	0.009522	0.894021	-0.072155	0.997067	0.025531	-0.891156	-0.075944	0.447296
03659	6.676434	0.523851	3.384053	0.924143	-0.596410	0.138929	0.442445	0.010446	0.896735	-0.081052	0.996306	0.028385	-0.893125	-0.085241	0.441657
03660	7.044215	0.274450	3.620382	1.006601	-0.755962	0.034386	0.435662	0.010376	0.900050	-0.090467	0.995375	0.032315	-0.895552	-0.095503	0.434586
03661	7.353370	0.296260	3.738212	0.995181	-0.853339	-0.034779	0.427990	0.009191	0.903737	-0.099277	0.994375	0.036902	-0.898314	-0.105514	0.426495
03662	8.110434	0.918416	3.914703	0.691765	-0.865690	-0.107258	0.420318	0.007446	0.907346	-0.105306	0.993610	0.040627	-0.901245	-0.112625	0.418416
03663	8.226380	0.109674	3.777569	0.933538	-0.917005	-0.167117	0.412171	0.004729	0.911094	-0.113071	0.992522	0.046000	-0.904063	-0.121978	0.409624
03664	9.686696	0.773334	3.724734	1.018968	-1.129231	-0.179241	0.402162	0.001774	0.915567	-0.121825	0.991210	0.051592	-0.907427	-0.132287	0.398843
03665	13.373100	0.489490	3.712451	1.455327	-1.494513	-0.175233	0.388742	-0.002030	0.921345	-0.134402	0.989176	0.058887	-0.911491	-0.146723	0.384261
03666	17.619755	-1.253759	4.323739	0.836089	-1.567719	-0.155014	0.374635	-0.005680	0.927155	-0.141700	0.987883	0.063309	-0.916280	-0.155096	0.369291
03667	20.210390	-2.975357	6.521551	1.268911	-0.832520	-0.041305	0.367009	-0.007415	0.930188	-0.153216	0.985829	0.068310	-0.917513	-0.167590	0.360672
03668	17.066276	-0.426598	9.987386	0.736994	0.530720	-0.142042	0.372096	-0.007634	0.928163	-0.159713	0.984525	0.072125	-0.914350	-0.175077	0.365118
03669	10.139329	1.120307	11.440813	0.580846	1.009284	-0.487539	0.382034	-0.010619	0.924087	-0.163206	0.983442	0.078773	-0.909623	-0.180911	0.373975
03670	7.172525	3.059966	11.426858	0.745818	0.657756	-0.719627	0.389210	-0.016185	0.921007	-0.167488	0.981936	0.088035	-0.905794	-0.188522	0.379468
03671	6.553038	3.175877	9.461349	0.617741	0.342344	-0.666018	0.393379	-0.022050	0.919112	-0.170505	0.980620	0.096501	-0.903427	-0.194675	0.381996
03672	6.193355	0.715109	5.418767	0.355271	-0.162355	-0.544172	0.392876	-0.027418	0.919183	-0.171856	0.979756	0.102680	-0.903390	-0.198308	0.380211
03673	6.936589	-1.746967	0.554304	0.450039	-0.740479	-0.406886	0.386830	-0.032872	0.921565	-0.174376	0.978727	0.108106	-0.905514	-0.202517	0.372869
03674	7.830696	-3.296095	-2.792143	0.828580	-0.934457	-0.194659	0.378740	-0.036413	0.924786	-0.181431	0.976916	0.112770	-0.907545	-0.210495	0.363391
03675	8.728591	-3.255575	-3.531324	0.969039	-0.495311	-0.074946	0.374330	-0.038196	0.926508	-0.189979	0.974799	0.116943	-0.907626	-0.219793	0.357640
03676	6.624992	-2.170008	-2.891680	1.246833	-0.270754	-0.057733	0.372011	-0.039060	0.927406	-0.201376	0.971923	0.121713	-0.906121	-0.232036	0.353700
03677	5.109448	-0.005023	-0.578622	1.594026	-0.565496	-0.210033	0.367274	-0.042439	0.929144	-0.215070	0.968011	0.129228	-0.904906	-0.247293	0.346398
03678	6.308264	2.621762	2.654297	1.859322	-1.049097	-0.389206	0.358666	-0.048576	0.932201	-0.230783	0.963029	0.138977	-0.904488	-0.264983	0.334195
03679	9.580404	3.850477	3.468576	2.149329	-1.467722	-0.472682	0.346468	-0.057138	0.936320	-0.248594	0.956863	0.150379	-0.904522	-0.284865	0.317318
03680	12.153483	5.099226	2.203938	2.264200	-1.537212	-0.364719	0.333530	-0.064875	0.940505	-0.268107	0.949908	0.160602	-0.903812	-0.305722	0.299429
03681	12.005510	6.034415	0.799352	2.011951	-1.263278	-0.209237	0.322644	-0.070824	0.943867	-0.285627	0.943424	0.168427	-0.902396	-0.323936	0.284161
03682	10.297926	6.263467	0.138636	1.301121	-1.001572	-0.095433	0.313902	-0.074794	0.946505	-0.297299	0.939017	0.172800	-0.901709	-0.335637	0.272523
03683	8.098445	6.127561	0.324792	0.472104	-0.896565	-0.032810	0.305853	-0.078120	0.948868	-0.301493	0.937391	0.174356	-0.903082	-0.339404	0.263151
03684	7.578653	5.063495	0.391267	-0.316248	-0.994608	-0.075903	0.297086	-0.082013	0.951322	-0.298591	0.938359	0.174142	-0.906964	-0.335791	0.254285
03685	8.492102	3.756106	0.915550	-0.789509	-0.977549	-0.088954	0.288400	-0.086083	0.953633	-0.291185	0.940896	0.172994	-0.912161	-0.327575	0.246288
03686	9.257655	2.358959	0.962045	-1.086713	-0.931305	-0.066364	0.280071	-0.089566	0.955792	-0.281214	0.944307	0.170892	-0.917867	-0.316644	0.239286
03687	9.469655	1.162673	0.839805	-1.010054	-0.925229	-0.003641	0.271507	-0.092471	0.957984	-0.271941	0.947442	0.168526	-0.923218	-0.306271	0.232091
03688	9.131470	0.562893	0.523499	-0.631189	-0.989259	0.069571	0.262166	-0.094674	0.960368	-0.266442	0.949392	0.166326	-0.927512	-0.299487	0.223673
03689	8.861091	0.791253	0.333828	-0.243662	-1.095439	0.084068	0.251707	-0.097126	0.962918	-0.264429	0.950192	0.164964	-0.930978	-0.296146	0.213487
03690	8.912606	1.413380	0.396655	0.000864	-1.167548	0.044342	0.240699	-0.100024	0.965432	-0.264702	0.950206	0.164441	-0.933808	-0.295133	0.202238
03691	9.036266	2.195395	0.467522	0.127036	-1.217128	-0.006139	0.229277	-0.103662	0.967825	-0.265910	0.949819	0.164728	-0.936335	-0.295123	0.190207
03692	9.375405	2.859572	0.599709	0.190304	-1.255829	-0.034692	0.217589	-0.107579	0.970094	-0.267765	0.949195	0.165320	-0.938593	-0.295729	0.177729
03693	9.574610	3.255611	0.531582	0.147426	-1.284660	-0.046108	0.205583	-0.111804	0.972232	-0.269087	0.948703	0.165997	-0.940919	-0.295742	0.164952
03694	9.467494	3.370752	0.407049	0.014202	-1.309790	-0.019276	0.193282	-0.115748	0.974292	-0.269313	0.948617	0.166124	-0.943458	-0.294498	0.152178
03695	9.121510	3.312035	0.310131	-0.132732	-1.343403	0.008187	0.180509	-0.119595	0.976275	-0.268108	0.949010	0.165827	-0.946327	-0.291681	0.139240
03696	8.922426	3.001783	0.348298	-0.280801	-1.385144	0.033089	0.167274	-0.123207	0.978182	-0.265615	0.949844	0.165060	-0.949457	-0.287430	0.126159
03697	8.999604	2.821012	0.509739	-0.433698	-1.430225	0.042864	0.153500	-0.126856	0.979972	-0.261593	0.951127	0.164097	-0.952894	-0.281542	0.112813
03698	9.321667	2.487877	0.636965	-0.588044	-1.452573	0.056926	0.139465	-0.130280	0.981619	-0.256158	0.952818	0.162852	-0.956521	-0.274162	0.099512
03699	9.615001	1.949375	0.757367	-0.709151	-1.432470	0.088060	0.125456	-0.133292	0.983104	-0.249512	0.954843	0.161301	-0.960211	-0.265532	0.086533
03700	9.603897	1.595414	0.938029	-0.775213	-1.350513	0.111771	0.112169	-0.135685	0.984382	-0.242277	0.957004	0.159518	-0.963701	-0.256386	0.074473
03701	9.523242	1.030866	1.033461	-0.777725	-1.285613	0.118927	0.099417	-0.137767	0.985462	-0.234928	0.959121	0.157785	-0.966915	-0.247199	0.062988
03702	9.667297	0.539230	1.153410	-0.633512	-1.253035	0.057100	0.087133	-0.140204	0.986281	-0.228939	0.960730	0.156797	-0.969533	-0.239461	0.051613
03703	9.560010	0.175040	1.330530	-0.456132	-1.197222	-0.013407	0.075486	-0.143148	0.986818	-0.224534	0.961786	0.156692	-0.971538	-0.233402	0.040460
03704	9.223996	-0.476316	1.476798	-0.141877	-1.173381	-0.045323	0.064166	-0.146232	0.987167	-0.223225	0.962037	0.157019	-0.972653	-0.230436	0.029087
03705	8.982291	-0.622031	1.426131	0.223328	-1.170571	-0.018519	0.052763	-0.149094	0.987414	-0.225419	0.961492	0.157225	-0.972832	-0.230877	0.017122
03706	9.007976	-0.370364	1.389444	0.648368	-1.161460	0.028355	0.041394	-0.151443	0.987599	-0.231858	0.960008	0.156930	-0.971869	-0.235478	0.004625
03707	9.188983	0.265342	1.244894	0.912456	-1.146713	0.074971	0.030024	-0.153449	0.987700	-0.240776	0.957938	0.156144	-0.970116	-0.242502	-0.008185
03708	9.243162	1.231660	1.217767	1.133042	-1.118522	0.095354	0.018947	-0.155205	0.987701	-0.251911	0.955266	0.154941	-0.967565	-0.251749	-0.020999
03709	9.299385	2.301111	1.330445	1.176905	-1.096487	0.090815	0.008061	-0.157137	0.987544	-0.263325	0.952386	0.153692	-0.964674	-0.261284	-0.033701
03710	9.345134	3.057818	1.544536	1.038403	-1.068307	0.078959	-0.002445	-0.159130	0.987255	-0.273464	0.949732	0.152404	-0.961879	-0.269606	-0.045838
03711	9.144388	3.475088	1.767906	0.734161	-1.028021	0.050498	-0.012520	-0.161435	0.986804	-0.280544	0.947810	0.151497	-0.959759	-0.274946	-0.057157
03712	9.223022	3.291574	1.637655	0.391364	-1.017595	-0.009299	-0.022253	-0.164251	0.986168	-0.284424	0.946691	0.151258	-0.958440	-0.277124	-0.067784
03713	9.379601	2.633359	1.141806	0.181946	-0.989749	-0.096273	-0.031520	-0.167891	0.985301	-0.286222	0.946023	0.152042	-0.957645	-0.277223	-0.077872
03714	9.292827	1.622947	0.345985	0.105758	-0.987055	-0.194725	-0.040406	-0.172393	0.984199	-0.287421	0.945377	0.153793	-0.956952	-0.276666	-0.087748
03715	9.122120	0.720585	-0.148239	0.134333	-1.057927	-0.208390	-0.049983	-0.177272	0.982892	-0.288829	0.944637	0.155684	-0.956075	-0.276106	-0.098417
03716	9.166448	0.548326	-0.200922	0.253547	-1.155834	-0.170071	-0.060525	-0.181997	0.981435	-0.291466	0.943608	0.157008	-0.954665	-0.276551	-0.110158
03717	9.186768	0.618876	-0.187820	0.426980	-1.251271	-0.119125	-0.072166	-0.186577	0.979786	-0.295645	0.942201	0.157644	-0.952568	-0.278292	-0.123156
03718	9.239051	1.026558	0.140065	0.596417	-1.336828	-0.081791	-0.084627	-0.191012	0.977933	-0.301509	0.940352	0.157580	-0.949700	-0.281520	-0.137170
03719	9.319124	1.539315	0.487012	0.720870	-1.391263	-0.072143	-0.097654	-0.195620	0.975805	-0.308436	0.938165	0.157208	-0.946219	-0.285621	-0.151952
03720	9.334656	2.021259	0.759624	0.798596	-1.390033	-0.080052	-0.110514	-0.200297	0.973482	-0.316191	0.935677	0.156624	-0.942237	-0.290498	-0.166737
03721	9.426780	2.449393	1.105214	0.788374	-1.391938	-0.088821	-0.123374	-0.205189	0.970915	-0.323734	0.933186	0.156079	-0.938070	-0.295062	-0.181558
03722	10.011779	2.667726	1.440624	0.670931	-1.384120	-0.065271	-0.136096	-0.209833	0.968219	-0.330231	0.931028	0.155354	-0.934037	-0.298593	-0.196002
03723	10.473238	2.743709	1.711642	0.521950	-1.282380	-0.034129	-0.147996	-0.213980	0.965562	-0.335171	0.929388	0.154590	-0.930461	-0.300749	-0.209265
03724	10.521440	2.590394	1.933311	0.378408	-1.161320	-0.010312	-0.158718	-0.217504	0.963068	-0.338835	0.928192	0.153786	-0.927362	-0.301912	-0.221019
03725	10.985274	2.236697	2.144936	0.302391	-1.074642	-0.006985	-0.168704	-0.220803	0.960617	-0.341671	0.927260	0.153131	-0.924554	-0.302381	-0.231874
03726	11.441438	1.548507	2.734633	0.316234	-0.966135	-0.056618	-0.177387	-0.224182	0.958267	-0.344829	0.926140	0.152834	-0.921752	-0.303328	-0.241589
03727	11.819452	0.575729	3.437356	0.360300	-0.893916	-0.136679	-0.185198	-0.228151	0.955850	-0.348417	0.924732	0.153217	-0.918862	-0.304659	-0.250750
03728	12.074306	-0.628773	4.023841	0.508163	-0.867304	-0.220092	-0.192320	-0.232758	0.953329	-0.353656	0.922625	0.153917	-0.915391	-0.307550	-0.259756
03729	12.714770	-1.575551	4.530416	0.762147	-0.794236	-0.220892	-0.198842	-0.237243	0.950882	-0.361072	0.919739	0.153968	-0.911092	-0.312722	-0.268545
03730	13.817143	-1.882169	4.996913	1.053142	-0.563970	-0.121564	-0.203436	-0.240045	0.949206	-0.371093	0.916050	0.152127	-0.906037	-0.321296	-0.275437
03731	14.756962	-1.160028	5.056190	1.439500	-0.157551	0.042028	-0.205076	-0.240165	0.948823	-0.384032	0.911430	0.147697	-0.900257	-0.334089	-0.279144
03732	15.310969	0.349256	4.747314	1.852057	0.270936	0.211957	-0.203363	-0.237181	0.949941	-0.400471	0.905497	0.140352	-0.893457	-0.351882	-0.279129
03733	15.691840	1.867449	4.461391	2.051783	0.705920	0.331757	-0.198497	-0.231623	0.952339	-0.418089	0.898843	0.131469	-0.886454	-0.372066	-0.275256
03734	15.199631	2.533256	4.227139	1.973894	1.115690	0.388314	-0.190161	-0.223729	0.955921	-0.435067	0.892062	0.122235	-0.880088	-0.392646	-0.266973
03735	15.009671	1.966699	4.692188	1.482300	1.428710	0.399004	-0.179434	-0.214444	0.960113	-0.447370	0.886989	0.114503	-0.876164	-0.408980	-0.255092
03736	13.792381	0.623452	5.363426	0.861463	1.900053	0.410223	-0.164490	-0.202754	0.965315	-0.454535	0.884127	0.108248	-0.875409	-0.420964	-0.237589
03737	12.366303	-0.800326	6.165274	0.403946	2.264086	0.404682	-0.146555	-0.189548	0.970872	-0.457470	0.883196	0.103374	-0.877065	-0.428995	-0.216150
03738	11.747096	-1.251057	6.330050	0.313231	2.592764	0.355286	-0.125251	-0.174970	0.976574	-0.460108	0.882318	0.099071	-0.878984	-0.436921	-0.191016
03739	11.699009	-0.276235	4.215977	0.928668	3.018919	0.201062	-0.099720	-0.159801	0.982100	-0.468067	0.878526	0.095422	-0.878048	-0.450173	-0.162404
03740	11.506460	1.780034	0.366017	1.883861	3.288781	-0.036244	-0.070596	-0.144684	0.986956	-0.484991	0.869583	0.092787	-0.871665	-0.472115	-0.131560
03741	12.802611	3.310845	-2.779504	2.859895	3.300043	-0.295595	-0.040621	-0.131164	0.990528	-0.509939	0.855240	0.092337	-0.859251	-0.501358	-0.101626
03742	14.655528	4.802491	-4.467332	3.061556	3.670569	-0.471063	-0.006731	-0.115898	0.993238	-0.536515	0.838614	0.094219	-0.843864	-0.532253	-0.067826
03743	15.393877	5.910669	-5.633349	2.566800	3.561830	-0.659979	0.026626	-0.101973	0.994431	-0.557958	0.823892	0.099424	-0.829442	-0.557498	-0.034960
03744	15.071513	5.821123	-4.553448	1.814133	3.257411	-0.770682	0.057950	-0.089551	0.994295	-0.572906	0.812662	0.106582	-0.817570	-0.575814	-0.004210
03745	13.907537	6.618538	-2.470256	0.746976	2.829461	-0.751585	0.085261	-0.079227	0.993204	-0.578483	0.807676	0.114088	-0.811226	-0.584279	0.023032
03746	12.790034	6.096009	-1.500256	-0.765477	2.359268	-0.745664	0.108835	-0.071285	0.991501	-0.571827	0.811387	0.121104	-0.813123	-0.580147	0.047545
03747	12.390594	4.356064	-0.526998	-1.451959	2.294202	-0.775572	0.131879	-0.064415	0.989171	-0.559080	0.819191	0.127884	-0.818558	-0.569891	0.072021
03748	12.806782	4.305412	-0.076621	-1.890568	2.220554	-0.788116	0.154590	-0.058185	0.986264	-0.542668	0.829193	0.133978	-0.825599	-0.555925	0.096610
03749	13.679742	4.562696	-0.018632	-2.552471	2.298726	-0.778268	0.177759	-0.052139	0.982692	-0.520211	0.842681	0.138811	-0.835334	-0.535882	0.122671
03750	12.960454	3.756987	-0.650349	-2.949147	2.538511	-0.786973	0.203191	-0.045310	0.978090	-0.494171	0.857625	0.142390	-0.845286	-0.512276	0.151871
03751	11.403956	2.872276	-0.991818	-2.907918	2.561606	-0.754404	0.228526	-0.039012	0.972756	-0.467875	0.871839	0.144880	-0.853738	-0.488237	0.180985
03752	10.590998	2.568564	-1.305174	-2.519363	2.467998	-0.706823	0.252987	-0.033220	0.966899	-0.444824	0.883515	0.146743	-0.859144	-0.467224	0.208741
03753	10.056722	2.521245	-2.210592	-2.580639	2.224710	-0.715551	0.275201	-0.029426	0.960936	-0.420733	0.895047	0.147902	-0.864435	-0.445001	0.233937
03754	10.293379	1.279270	-2.732008	-2.903037	2.078604	-0.773986	0.296468	-0.027227	0.954655	-0.393552	0.907296	0.148094	-0.870186	-0.419611	0.258269
03755	10.143263	-2.051556	-2.067807	-1.372272	2.131894	-0.663893	0.317517	-0.024437	0.947938	-0.379624	0.912786	0.150688	-0.868947	-0.407706	0.280549
03756	8.415368	0.960058	-2.957445	-1.116492	1.860204	-0.538690	0.335751	-0.021683	0.941701	-0.368381	0.917089	0.152458	-0.866930	-0.398092	0.299926
03757	8.880959	0.056764	-3.666367	-2.003128	1.419928	-0.655696	0.350374	-0.022183	0.936347	-0.348786	0.924725	0.152421	-0.869245	-0.379989	0.316262
03758	8.738382	-0.109331	-2.641230	-1.510367	1.475257	-0.600633	0.365306	-0.022074	0.930626	-0.333702	0.930171	0.153053	-0.869019	-0.366463	0.332431
03759	7.899289	-0.716356	-2.666675	-1.099178	1.668727	-0.565902	0.381587	-0.021299	0.924087	-0.322097	0.934009	0.154532	-0.866398	-0.356613	0.349546
03760	7.039429	0.663305	-2.348489	-0.647853	1.657267	-0.446876	0.397380	-0.019444	0.917448	-0.314942	0.936160	0.156254	-0.861917	-0.351035	0.365888
03761	6.742825	0.776395	-2.525190	-0.639990	1.590050	-0.417877	0.412298	-0.017807	0.910875	-0.307795	0.938299	0.157663	-0.857480	-0.345367	0.381378
03762	6.065447	1.345446	-2.336124	-0.825714	1.558131	-0.403125	0.426889	-0.016115	0.904161	-0.299211	0.941008	0.158041	-0.853369	-0.338001	0.396884
03763	5.356736	0.828770	-2.419407	-1.176388	1.436564	-0.396980	0.440241	-0.015062	0.897753	-0.287515	0.944847	0.156844	-0.850602	-0.327167	0.411630
03764	4.763155	0.948264	-2.406733	-1.351450	1.238914	-0.336559	0.451742	-0.014135	0.892037	-0.274685	0.949099	0.154144	-0.848810	-0.314662	0.424865
03765	4.374276	0.667719	-2.739585	-1.499432	0.948252	-0.319247	0.460593	-0.014235	0.887497	-0.260552	0.953655	0.150517	-0.848509	-0.300567	0.435538
03766	4.338157	0.682921	-3.521621	-2.030165	0.554931	-0.368103	0.466253	-0.016021	0.884507	-0.241732	0.959478	0.144804	-0.850984	-0.281328	0.443486
03767	4.814413	-0.369639	-4.147357	-1.832067	0.289491	-0.313644	0.469402	-0.018226	0.882796	-0.224696	0.964408	0.139387	-0.853916	-0.263790	0.448600
03768	4.743054	0.252023	-3.685884	-1.547736	0.160538	-0.179028	0.471175	-0.019441	0.881826	-0.210740	0.968321	0.133950	-0.856495	-0.248950	0.452151
03769	4.654814	-0.249269	-4.261713	-1.843961	-0.093324	-0.147785	0.470624	-0.021074	0.882082	-0.194262	0.972709	0.126886	-0.860683	-0.231071	0.453686
03770	5.014640	-0.695974	-4.151651	-1.912787	-0.431629	-0.118233	0.467118	-0.023091	0.883893	-0.177304	0.976908	0.119223	-0.866235	-0.212409	0.452237
