// General information: 
//  MT Manager version: 2022.2.0 
//  XDA version: 2022.2.0 build 7381 rev 124627 built on 2023-07-19
// Device information: 
//  DeviceId: 00B4CAF0
//  ProductCode: MTW2-3A7G6
//  Firmware Version: 4.6.0
//  Hardware Version: 2.0.0
// Device settings: 
//  Filter Profile: human(46.1)
//  Option Flags: Orientation Smoother Disabled, Position/Velocity Smoother Disabled, Continuous Zero Rotation Update Disabled, AHS Disabled, ICC Disabled
// Coordinate system: ENU
PacketCounter	Acc_X	Acc_Y	Acc_Z	Gyr_X	Gyr_Y	Gyr_Z	Mat[1][1]	Mat[2][1]	Mat[3][1]	Mat[1][2]	Mat[2][2]	Mat[3][2]	Mat[1][3]	Mat[2][3]	Mat[3][3]
13147	5.816613	-0.451780	8.326850	0.002672	-0.003357	0.001647	0.788093	0.227598	0.571933	-0.244393	0.968456	-0.048633	-0.564961	-0.101449	0.818857
13148	5.821186	-0.420076	8.313493	0.000949	-0.003553	0.000947	0.788050	0.227583	0.572000	-0.244404	0.968455	-0.048604	-0.565017	-0.101497	0.818812
13149	5.800065	-0.456482	8.309666	0.000116	-0.001734	0.003312	0.788022	0.227607	0.572028	-0.244410	0.968451	-0.048644	-0.565053	-0.101477	0.818790
13150	5.827392	-0.473747	8.322279	0.002077	-0.004777	0.002362	0.787990	0.227623	0.572067	-0.244514	0.968431	-0.048531	-0.565053	-0.101636	0.818770
13151	5.848959	-0.437353	8.325793	0.000417	-0.000910	-0.001182	0.787978	0.227604	0.572090	-0.244486	0.968437	-0.048543	-0.565082	-0.101618	0.818753
13152	5.832124	-0.441832	8.308820	0.004811	-0.004072	0.001164	0.787866	0.227598	0.572247	-0.244476	0.968438	-0.048581	-0.565242	-0.101626	0.818641
13153	5.820855	-0.456231	8.359870	0.004100	-0.003757	-0.001433	0.787838	0.227574	0.572294	-0.244467	0.968441	-0.048561	-0.565284	-0.101649	0.818609
13154	5.832736	-0.441128	8.308428	0.004395	-0.003162	0.002347	0.787800	0.227582	0.572344	-0.244529	0.968428	-0.048497	-0.565311	-0.101749	0.818578
13155	5.808831	-0.428688	8.329387	0.003327	-0.007505	-0.001185	0.787751	0.227556	0.572422	-0.244518	0.968432	-0.048484	-0.565384	-0.101774	0.818525
13156	5.806594	-0.423364	8.295011	0.003089	-0.004266	0.000465	0.787677	0.227542	0.572530	-0.244540	0.968428	-0.048450	-0.565478	-0.101843	0.818451
13157	5.822727	-0.498340	8.299870	0.006240	-0.004471	-0.001916	0.787646	0.227512	0.572583	-0.244540	0.968430	-0.048410	-0.565521	-0.101889	0.818416
13158	5.824337	-0.417609	8.311410	0.005112	-0.003247	-0.003330	0.787585	0.227444	0.572695	-0.244497	0.968443	-0.048376	-0.565625	-0.101922	0.818340
13159	5.823644	-0.496828	8.299317	0.009452	-0.010242	-0.006412	0.787532	0.227365	0.572798	-0.244479	0.968452	-0.048283	-0.565705	-0.102012	0.818273
13160	5.821403	-0.447391	8.323739	0.006480	-0.007708	-0.003564	0.787528	0.227293	0.572832	-0.244506	0.968453	-0.048124	-0.565699	-0.102162	0.818259
13161	5.846381	-0.458698	8.302081	0.009926	-0.007317	-0.002166	0.787483	0.227258	0.572909	-0.244525	0.968452	-0.048052	-0.565755	-0.102250	0.818209
13162	5.827078	-0.413915	8.309673	0.007731	-0.010437	-0.007111	0.787420	0.227152	0.573038	-0.244493	0.968465	-0.047939	-0.565857	-0.102356	0.818126
13163	5.836362	-0.471288	8.352390	0.011356	-0.007716	-0.005246	0.787379	0.227086	0.573120	-0.244495	0.968470	-0.047837	-0.565912	-0.102459	0.818074
13164	5.838603	-0.433401	8.304713	0.010050	-0.008821	-0.007127	0.787317	0.226987	0.573244	-0.244498	0.968477	-0.047683	-0.565997	-0.102616	0.817996
13165	5.863660	-0.444362	8.283006	0.009634	-0.007911	-0.005945	0.787277	0.226914	0.573328	-0.244485	0.968484	-0.047591	-0.566058	-0.102703	0.817943
13166	5.840041	-0.430957	8.303829	0.009340	-0.008507	-0.009723	0.787265	0.226773	0.573401	-0.244457	0.968501	-0.047398	-0.566088	-0.102857	0.817903
13167	5.857715	-0.424993	8.320276	0.009813	-0.005581	-0.005478	0.787237	0.226708	0.573465	-0.244448	0.968508	-0.047308	-0.566130	-0.102940	0.817863
13168	5.831131	-0.406546	8.307193	0.011242	-0.005981	-0.008558	0.787239	0.226598	0.573505	-0.244455	0.968515	-0.047111	-0.566124	-0.103109	0.817846
13169	5.862922	-0.390704	8.306528	0.014567	-0.004081	-0.002200	0.787212	0.226565	0.573556	-0.244500	0.968510	-0.047000	-0.566143	-0.103235	0.817817
13170	5.832024	-0.404124	8.306685	0.005356	-0.006483	-0.004977	0.787186	0.226493	0.573619	-0.244503	0.968515	-0.046882	-0.566177	-0.103347	0.817779
13171	5.842516	-0.425231	8.302383	0.007257	-0.003958	-0.003813	0.787163	0.226445	0.573670	-0.244493	0.968520	-0.046821	-0.566213	-0.103402	0.817747
13172	5.864072	-0.388064	8.305841	0.007434	-0.001629	-0.003348	0.787233	0.226355	0.573609	-0.244468	0.968533	-0.046685	-0.566126	-0.103477	0.817798
13173	5.843010	-0.423593	8.302119	0.007257	-0.003957	-0.003813	0.787211	0.226306	0.573659	-0.244458	0.968538	-0.046624	-0.566162	-0.103533	0.817766
13174	5.874603	-0.408307	8.301553	0.009870	-0.001744	-0.000052	0.787162	0.226262	0.573744	-0.244455	0.968542	-0.046568	-0.566232	-0.103598	0.817710
13175	5.850554	-0.395515	8.322648	0.002799	-0.004860	-0.003311	0.787133	0.226218	0.573801	-0.244425	0.968550	-0.046547	-0.566285	-0.103612	0.817671
13176	5.843777	-0.421573	8.301682	0.009453	-0.000834	0.001129	0.787173	0.226140	0.573776	-0.244364	0.968568	-0.046490	-0.566255	-0.103614	0.817692
13177	5.860914	-0.416165	8.318469	0.005294	-0.000916	-0.002864	0.787166	0.226104	0.573801	-0.244351	0.968574	-0.046451	-0.566271	-0.103644	0.817677
13178	5.829662	-0.430067	8.318871	0.006006	-0.001228	-0.000268	0.787151	0.226081	0.573829	-0.244401	0.968566	-0.046346	-0.566269	-0.103763	0.817663
13179	5.858241	-0.410125	8.284397	0.006183	0.001101	0.000197	0.787148	0.226077	0.573836	-0.244417	0.968563	-0.046316	-0.566268	-0.103797	0.817660
13180	5.843919	-0.419385	8.301693	0.005589	-0.000318	0.000914	0.787098	0.226045	0.573917	-0.244404	0.968568	-0.046297	-0.566342	-0.103827	0.817604
13181	5.858132	-0.409267	8.284516	0.005766	0.002011	0.001379	0.787097	0.226053	0.573915	-0.244427	0.968563	-0.046278	-0.566334	-0.103855	0.817606
13182	5.833542	-0.396751	8.305975	0.004218	0.004142	0.001145	0.787180	0.225968	0.573834	-0.244330	0.968589	-0.046248	-0.566259	-0.103799	0.817665
13183	5.843457	-0.418493	8.302063	0.001130	-0.001221	0.001416	0.787161	0.225973	0.573859	-0.244327	0.968589	-0.046267	-0.566288	-0.103789	0.817646
13184	5.840697	-0.413326	8.268010	0.004459	0.000904	-0.000501	0.787109	0.225935	0.573945	-0.244311	0.968594	-0.046241	-0.566367	-0.103824	0.817587
13185	5.860375	-0.413241	8.318994	0.003625	0.002723	0.001862	0.787110	0.225949	0.573938	-0.244325	0.968590	-0.046243	-0.566359	-0.103830	0.817592
13186	5.818777	-0.405769	8.323591	0.000889	0.002017	0.003061	0.787114	0.225939	0.573937	-0.244322	0.968591	-0.046230	-0.566355	-0.103837	0.817594
13187	5.864129	-0.381658	8.306097	0.002790	0.004543	0.004224	0.787120	0.225977	0.573913	-0.244351	0.968583	-0.046252	-0.566335	-0.103830	0.817609
13188	5.853950	-0.403356	8.251507	0.002790	0.004544	0.004224	0.787094	0.226030	0.573928	-0.244445	0.968561	-0.046213	-0.566330	-0.103920	0.817601
13189	5.846351	-0.386536	8.289791	0.000472	0.002928	0.004243	0.787091	0.226067	0.573918	-0.244461	0.968555	-0.046253	-0.566328	-0.103895	0.817606
13190	5.839042	-0.413489	8.269170	-0.001669	0.003640	0.004725	0.787093	0.226064	0.573917	-0.244435	0.968560	-0.046284	-0.566336	-0.103856	0.817605
13191	5.876894	-0.373068	8.289879	-0.003755	0.008191	0.010632	0.787103	0.226168	0.573861	-0.244477	0.968545	-0.046396	-0.566303	-0.103778	0.817637
13192	5.853299	-0.325256	8.264328	-0.002448	0.009299	0.012512	0.787141	0.226236	0.573782	-0.244490	0.968537	-0.046482	-0.566245	-0.103696	0.817688
13193	5.879317	-0.300280	8.336535	-0.012200	0.009315	0.015876	0.787146	0.226392	0.573714	-0.244525	0.968518	-0.046692	-0.566224	-0.103534	0.817723
13194	5.875333	-0.254722	8.361949	-0.030218	0.012787	0.024949	0.787109	0.226617	0.573676	-0.244514	0.968501	-0.047099	-0.566279	-0.103200	0.817727
13195	5.882597	-0.318378	8.405903	-0.054706	0.014569	0.030045	0.787109	0.226915	0.573559	-0.244420	0.968494	-0.047738	-0.566320	-0.102614	0.817772
13196	5.913720	-0.275110	8.359227	-0.084049	0.026002	0.036091	0.787152	0.227245	0.573368	-0.244179	0.968510	-0.048631	-0.566364	-0.101724	0.817853
13197	5.949548	-0.287457	8.322434	-0.094706	0.039006	0.046058	0.787251	0.227723	0.573043	-0.243984	0.968506	-0.049689	-0.566310	-0.100695	0.818018
13198	5.860185	-0.235584	8.358420	-0.110752	0.045049	0.056313	0.787391	0.228209	0.572657	-0.243650	0.968524	-0.050952	-0.566260	-0.099408	0.818210
13199	5.913265	-0.375185	8.302414	-0.118759	0.050654	0.070788	0.787496	0.228936	0.572222	-0.243513	0.968484	-0.052349	-0.566173	-0.098119	0.818426
13200	5.961938	-0.381361	8.390020	-0.132895	0.065055	0.076076	0.787712	0.229632	0.571646	-0.243206	0.968475	-0.053909	-0.566004	-0.096564	0.818727
13201	5.901750	-0.363085	8.368140	-0.146054	0.075922	0.082318	0.787932	0.230494	0.570996	-0.243007	0.968430	-0.055595	-0.565784	-0.094951	0.819068
13202	5.939255	-0.271233	8.333475	-0.149798	0.091502	0.091844	0.788198	0.231390	0.570265	-0.242760	0.968387	-0.057398	-0.565518	-0.093196	0.819453
13203	5.987799	-0.373562	8.338872	-0.170549	0.097679	0.103809	0.788489	0.232478	0.569420	-0.242593	0.968308	-0.059408	-0.565185	-0.091294	0.819897
13204	5.968322	-0.329913	8.408140	-0.177757	0.114427	0.116942	0.788906	0.233603	0.568382	-0.242362	0.968232	-0.061546	-0.564702	-0.089200	0.820460
13205	5.936516	-0.431493	8.351005	-0.188728	0.126179	0.127728	0.789299	0.234943	0.567282	-0.242282	0.968103	-0.063841	-0.564187	-0.087053	0.821045
13206	5.929442	-0.423705	8.345365	-0.194307	0.140832	0.141132	0.789802	0.236302	0.566015	-0.242125	0.967980	-0.066261	-0.563549	-0.084714	0.821728
13207	5.895044	-0.484941	8.348652	-0.205258	0.148834	0.146488	0.790277	0.237836	0.564709	-0.242104	0.967808	-0.068797	-0.562893	-0.082350	0.822417
13208	5.823537	-0.593014	8.364394	-0.208809	0.154902	0.156795	0.790724	0.239421	0.563411	-0.242096	0.967620	-0.071418	-0.562267	-0.079928	0.823084
13209	5.809545	-0.619161	8.372226	-0.205143	0.157506	0.146719	0.791245	0.240957	0.562024	-0.242081	0.967433	-0.073954	-0.561541	-0.077540	0.823808
13210	5.768106	-0.585288	8.427304	-0.214796	0.162845	0.148520	0.791808	0.242452	0.560586	-0.242002	0.967254	-0.076515	-0.560781	-0.075078	0.824553
13211	5.702832	-0.709381	8.403954	-0.210049	0.158346	0.145953	0.792333	0.243972	0.559183	-0.241958	0.967058	-0.079086	-0.560058	-0.072637	0.825263
13212	5.516526	-0.983561	8.325359	-0.201401	0.151776	0.138620	0.792868	0.245292	0.557846	-0.241743	0.966906	-0.081571	-0.559394	-0.070180	0.825926
13213	5.628276	-0.995471	8.414056	-0.185832	0.144660	0.120854	0.793375	0.246552	0.556568	-0.241639	0.966741	-0.083801	-0.558718	-0.068004	0.826565
13214	5.521138	-1.099248	8.357917	-0.156994	0.132654	0.102788	0.793893	0.247554	0.555384	-0.241505	0.966614	-0.085635	-0.558041	-0.066143	0.827173
13215	5.439064	-1.169333	8.340084	-0.119310	0.120470	0.087092	0.794345	0.248466	0.554329	-0.241508	0.966480	-0.087126	-0.557395	-0.064666	0.827725
13216	5.485165	-1.180204	8.324569	-0.085037	0.100874	0.062737	0.794797	0.249016	0.553434	-0.241381	0.966415	-0.088185	-0.556806	-0.063500	0.828212
13217	5.349298	-1.329442	8.345032	-0.052927	0.081984	0.038851	0.795151	0.249435	0.552737	-0.241372	0.966356	-0.088859	-0.556305	-0.062759	0.828605
13218	5.360420	-1.370847	8.305533	-0.001894	0.061850	0.012873	0.795520	0.249513	0.552170	-0.241392	0.966348	-0.088893	-0.555768	-0.062573	0.828979
13219	5.376821	-1.200328	8.320701	0.037004	0.036178	-0.007074	0.795729	0.249458	0.551893	-0.241518	0.966346	-0.088568	-0.555413	-0.062816	0.829199
13220	5.457689	-1.084294	8.356185	0.065332	0.016060	-0.027904	0.796019	0.249039	0.551665	-0.241470	0.966424	-0.087848	-0.555019	-0.063282	0.829427
13221	5.475040	-0.986365	8.355256	0.087880	0.001101	-0.042974	0.796120	0.248615	0.551709	-0.241592	0.966479	-0.086902	-0.554820	-0.064104	0.829497
13222	5.499799	-0.945727	8.395140	0.109373	-0.012575	-0.059435	0.796231	0.247916	0.551864	-0.241559	0.966594	-0.085704	-0.554676	-0.065068	0.829519
13223	5.415226	-0.989639	8.354186	0.120185	-0.032161	-0.072937	0.796221	0.247181	0.552209	-0.241622	0.966700	-0.084325	-0.554663	-0.066284	0.829430
13224	4.985131	-1.182988	8.303624	0.144353	-0.067430	-0.099383	0.796223	0.246019	0.552724	-0.241463	0.966894	-0.082529	-0.554729	-0.067751	0.829268
13225	4.911158	-1.318930	8.347782	0.183117	-0.141954	-0.125793	0.795731	0.244695	0.554018	-0.241455	0.967081	-0.080335	-0.555438	-0.069845	0.828619
13226	5.070892	-1.157325	8.515791	0.224474	-0.201513	-0.159245	0.795031	0.242915	0.555804	-0.241298	0.967342	-0.077622	-0.556508	-0.072403	0.827681
13227	5.030576	-1.198470	8.445497	0.248098	-0.272475	-0.185200	0.793951	0.240912	0.558214	-0.241185	0.967611	-0.074559	-0.558096	-0.075437	0.826340
13228	5.157294	-1.350402	8.623743	0.271456	-0.350220	-0.212503	0.792464	0.238611	0.561307	-0.241080	0.967898	-0.071092	-0.560251	-0.078982	0.824549
13229	5.205094	-1.591320	8.665531	0.319566	-0.444628	-0.254429	0.790572	0.235778	0.565159	-0.240837	0.968247	-0.067047	-0.563022	-0.083105	0.822253
13230	5.358450	-1.447416	8.934030	0.350880	-0.544983	-0.304175	0.788218	0.232320	0.569860	-0.240331	0.968678	-0.062490	-0.566528	-0.087700	0.819362
13231	5.646309	-0.976225	9.375928	0.372068	-0.660739	-0.361900	0.785320	0.228207	0.575494	-0.239575	0.969180	-0.057395	-0.570855	-0.092801	0.815789
13232	3.129595	-1.011833	10.703668	0.246225	-0.967757	-0.416181	0.780699	0.223254	0.583667	-0.237703	0.969889	-0.053039	-0.577933	-0.097332	0.810259
13233	5.045411	-0.163705	10.438272	0.214657	-1.347387	-0.443707	0.773886	0.217593	0.594772	-0.235481	0.970657	-0.048713	-0.587920	-0.102359	0.802417
13234	4.190529	0.277090	10.643442	0.042038	-1.747065	-0.493968	0.764651	0.210955	0.608939	-0.231889	0.971681	-0.045435	-0.601279	-0.106464	0.791915
13235	4.515760	-0.830618	10.848418	-0.031430	-2.201350	-0.565812	0.752519	0.203053	0.626485	-0.227380	0.972891	-0.042205	-0.618072	-0.110690	0.778290
13236	4.908841	-2.260866	11.063249	0.198956	-2.617707	-0.773953	0.737822	0.192539	0.646953	-0.222864	0.974193	-0.035762	-0.637143	-0.117797	0.761691
13237	4.802859	-1.548608	11.565024	0.337552	-3.005583	-0.984146	0.720510	0.179259	0.669874	-0.217848	0.975616	-0.026761	-0.658337	-0.126649	0.741993
13238	5.882951	-2.935029	12.260448	0.413526	-3.342515	-1.241293	0.700689	0.162827	0.694638	-0.211876	0.977176	-0.015334	-0.681281	-0.136433	0.719196
13239	8.719849	-3.633305	13.538933	0.627764	-3.427403	-1.539627	0.680155	0.142887	0.719008	-0.205565	0.978643	-0.000027	-0.703656	-0.147785	0.695002
13240	8.504091	-1.772833	12.374766	0.655318	-3.130273	-1.717596	0.661271	0.121352	0.740266	-0.198721	0.979911	0.016878	-0.723347	-0.158268	0.672102
13241	7.527223	-1.191193	9.871468	0.560122	-3.197667	-1.832846	0.641381	0.098164	0.760917	-0.190862	0.981017	0.034320	-0.743103	-0.167242	0.647941
13242	7.680209	-1.944647	8.514097	0.509503	-2.995293	-1.912033	0.622233	0.074466	0.779282	-0.182878	0.981748	0.052210	-0.761171	-0.175000	0.624495
13243	6.311620	-0.942209	10.638887	0.542638	-2.722139	-1.895749	0.604680	0.050979	0.794835	-0.175392	0.981975	0.070449	-0.776917	-0.182007	0.602722
13244	5.712479	-2.001293	13.800085	0.321927	-2.093478	-1.634631	0.590854	0.031289	0.806172	-0.168580	0.981978	0.085442	-0.788969	-0.186388	0.585480
13245	-0.511512	-5.762474	13.329436	0.437022	-1.313781	-1.197720	0.582425	0.017040	0.812706	-0.164988	0.981449	0.097661	-0.795965	-0.190966	0.574432
13246	6.648842	-4.052415	13.210597	0.469809	-1.236692	-0.517790	0.573137	0.009825	0.819401	-0.166015	0.980585	0.104363	-0.802467	-0.195847	0.563640
13247	3.322449	-3.867190	14.561504	0.116740	-0.225970	0.199010	0.570974	0.011321	0.820890	-0.168062	0.980341	0.103376	-0.803582	-0.196986	0.561652
13248	-2.168066	-4.998919	12.313856	0.037720	0.293965	0.690488	0.571998	0.018956	0.820036	-0.172641	0.980121	0.097765	-0.801881	-0.197493	0.563900
13249	-3.796881	-3.434605	11.588014	0.189234	0.551680	0.896905	0.574819	0.028828	0.817773	-0.179270	0.979538	0.091479	-0.798402	-0.199186	0.568224
13250	-2.992178	-1.225800	11.789770	0.124058	0.780115	1.010966	0.579115	0.040635	0.814233	-0.186432	0.978892	0.083746	-0.793643	-0.200298	0.574467
13251	-1.843794	-0.077998	12.279934	-0.125054	1.124965	1.086434	0.585938	0.053502	0.808588	-0.191745	0.978636	0.074193	-0.787344	-0.198515	0.583679
13252	-1.269559	-0.240608	12.333761	-0.354643	1.489637	1.127327	0.595453	0.067842	0.800521	-0.195817	0.978633	0.062718	-0.779161	-0.194101	0.596014
13253	-0.529511	-0.469709	12.119337	-0.437028	1.822769	1.138096	0.607300	0.082458	0.790182	-0.199251	0.978620	0.051014	-0.769081	-0.188426	0.610746
13254	0.319366	-0.329340	12.002875	-0.432620	2.123145	1.138236	0.621339	0.097949	0.777395	-0.203215	0.978351	0.039153	-0.756730	-0.182306	0.627793
13255	1.355574	-0.045495	11.922228	-0.425608	2.371249	1.156461	0.636729	0.113497	0.762689	-0.207273	0.977896	0.027519	-0.742707	-0.175607	0.646180
13256	2.407279	0.050191	11.837216	-0.422612	2.582714	1.176035	0.653391	0.129898	0.745792	-0.212042	0.977136	0.015579	-0.726717	-0.168318	0.665996
13257	3.457108	-0.080734	11.755863	-0.410214	2.748144	1.187267	0.670565	0.146006	0.727341	-0.216931	0.976179	0.004041	-0.709424	-0.160492	0.686265
13258	4.432618	-0.143168	11.700711	-0.385761	2.882671	1.171172	0.688278	0.162428	0.707030	-0.222499	0.974905	-0.007370	-0.690484	-0.152241	0.707145
13259	5.209523	-0.158878	11.520805	-0.370924	2.982547	1.129528	0.706019	0.177839	0.685500	-0.227827	0.973537	-0.017917	-0.670546	-0.143525	0.727852
13260	5.837372	-0.379571	11.427398	-0.383045	3.021397	1.065102	0.723612	0.192891	0.662706	-0.233254	0.972006	-0.028227	-0.649599	-0.134153	0.748348
13261	6.673168	-0.708173	11.243242	-0.397532	3.013420	0.977332	0.740555	0.206275	0.639553	-0.237848	0.970573	-0.037628	-0.628495	-0.124251	0.767825
13262	7.655131	-1.083401	11.162269	-0.437396	2.977042	0.906246	0.756860	0.219100	0.615758	-0.242296	0.969064	-0.046995	-0.607006	-0.113627	0.786532
13263	8.965416	-1.374433	10.909933	-0.521848	2.910481	0.915915	0.771974	0.231105	0.592154	-0.246165	0.967568	-0.056702	-0.586053	-0.101995	0.803827
13264	10.549047	-1.228349	10.382818	-0.637518	2.844546	1.043186	0.785813	0.244394	0.568128	-0.250977	0.965586	-0.068229	-0.565251	-0.088972	0.820107
13265	11.944059	-1.764606	9.704241	-0.740455	2.767607	1.247440	0.798003	0.258690	0.544308	-0.256728	0.963056	-0.081322	-0.545236	-0.074844	0.834935
13266	13.777770	-2.103891	8.670646	-0.696638	2.683186	1.403866	0.808734	0.274492	0.520195	-0.264646	0.959660	-0.094948	-0.525273	-0.060880	0.848753
13267	15.489905	-1.696300	7.347733	-0.563013	2.622557	1.500224	0.818200	0.290290	0.496266	-0.273934	0.955731	-0.107415	-0.505478	-0.048057	0.861500
13268	16.551055	-0.771254	5.305425	-0.456323	2.555418	1.533614	0.826578	0.306424	0.472094	-0.284623	0.951216	-0.119071	-0.485550	-0.035948	0.873470
13269	16.298487	0.376392	2.784290	-0.404895	2.396491	1.481708	0.833687	0.321213	0.449210	-0.294983	0.946689	-0.129484	-0.466853	-0.024560	0.883994
13270	15.915423	1.664679	0.541390	-0.458400	2.090276	1.371248	0.839140	0.334930	0.428563	-0.304644	0.942150	-0.139805	-0.450595	-0.013244	0.892630
13271	15.860291	2.315266	-1.267261	-0.609354	1.712297	1.218341	0.842981	0.346514	0.411473	-0.312173	0.938043	-0.150410	-0.438099	-0.001657	0.898925
13272	16.144461	2.213868	-2.723713	-0.770981	1.318607	1.005503	0.845505	0.356148	0.397844	-0.317539	0.934373	-0.161606	-0.429290	0.010307	0.903108
13273	15.178962	0.708901	-4.881920	-0.612586	0.778227	0.658974	0.846716	0.362187	0.389733	-0.320489	0.931915	-0.169769	-0.424686	0.018841	0.905145
13274	15.615425	-0.112312	-8.332668	-0.297524	0.157267	0.265965	0.846501	0.364830	0.387731	-0.321635	0.930808	-0.173631	-0.424249	0.022271	0.905272
13275	16.472468	-2.035814	-10.094600	0.641369	-0.720002	-0.147540	0.843898	0.363590	0.394511	-0.323112	0.931459	-0.167284	-0.428293	0.013699	0.903536
13276	15.910351	-1.789471	-14.504301	1.747261	-1.806528	-0.443162	0.837484	0.359638	0.411439	-0.327053	0.933048	-0.149860	-0.437787	-0.009057	0.899033
13277	5.164429	7.710985	-3.458723	2.389031	-2.857028	-0.450253	0.826225	0.354715	0.437640	-0.333946	0.934051	-0.126603	-0.453686	-0.041546	0.890192
13278	15.422874	1.792779	22.416018	1.381807	-3.025817	0.462124	0.810601	0.357474	0.463830	-0.344172	0.931646	-0.116536	-0.473784	-0.065173	0.878226
13279	12.855653	0.883966	15.062804	0.866945	-2.170893	0.605081	0.798038	0.361519	0.482120	-0.353198	0.928838	-0.111854	-0.488249	-0.081020	0.868935
13280	5.743869	6.469840	8.433841	0.992011	-2.031256	0.010787	0.787941	0.359810	0.499685	-0.358179	0.927914	-0.103363	-0.500855	-0.097533	0.860018
13281	14.818599	7.740064	14.021544	0.760613	-2.044771	-0.552264	0.779529	0.352544	0.517733	-0.357699	0.929086	-0.094078	-0.514185	-0.111856	0.850354
13282	14.858662	2.185329	11.779056	0.056007	-0.912530	-0.477982	0.776521	0.346967	0.525956	-0.354185	0.930730	-0.091072	-0.521122	-0.115566	0.845622
13283	5.841331	-3.094817	7.482810	-0.012900	-0.568857	-0.297291	0.774581	0.343537	0.531042	-0.351799	0.931774	-0.089639	-0.525606	-0.117387	0.842591
13284	5.292971	-2.985034	8.396604	0.187711	-0.762116	-0.094415	0.770903	0.341627	0.537587	-0.351958	0.931916	-0.087508	-0.530881	-0.121748	0.838655
13285	7.617846	1.562715	9.356289	0.110975	-0.674932	-0.026161	0.767384	0.340552	0.543274	-0.352334	0.931871	-0.086467	-0.535708	-0.125061	0.835091
13286	7.483310	1.626685	8.964304	-0.157325	-0.426241	-0.061236	0.765322	0.339325	0.546938	-0.350912	0.932321	-0.087394	-0.539577	-0.125043	0.832599
13287	5.914051	-1.960369	8.251291	-0.206442	-0.321768	-0.014457	0.763619	0.338790	0.549642	-0.349670	0.932630	-0.089060	-0.542786	-0.124186	0.830639
13288	8.783972	-3.409169	8.755260	-0.014634	-0.267689	0.013515	0.762133	0.338448	0.551912	-0.349578	0.932652	-0.089198	-0.544930	-0.124956	0.829118
13289	4.822877	-0.924461	8.109150	0.048382	-0.055237	-0.032773	0.761934	0.338074	0.552414	-0.349578	0.932705	-0.088644	-0.545208	-0.125571	0.828843
13290	6.226938	-0.012945	8.824003	0.014266	-0.086778	-0.024494	0.761559	0.337611	0.553215	-0.349359	0.932815	-0.088340	-0.545872	-0.125995	0.828341
13291	6.505004	-1.385180	8.534942	0.026369	-0.063226	-0.011929	0.761243	0.337421	0.553765	-0.349398	0.932825	-0.088084	-0.546287	-0.126431	0.828001
13292	5.641446	-0.351963	8.578726	0.062046	-0.054787	-0.003789	0.760970	0.337187	0.554284	-0.349596	0.932806	-0.087497	-0.546542	-0.127193	0.827716
13293	6.263441	-0.123621	8.604812	0.019025	-0.068210	0.028095	0.760487	0.337362	0.554840	-0.349899	0.932690	-0.087523	-0.547020	-0.127577	0.827341
13294	5.879267	-0.271405	8.534685	-0.014412	-0.052456	0.062849	0.759994	0.337746	0.555281	-0.350180	0.932546	-0.087934	-0.547524	-0.127619	0.827001
13295	5.916956	-0.491571	8.469251	-0.033932	-0.052281	0.086948	0.759391	0.338490	0.555653	-0.350640	0.932298	-0.088726	-0.548066	-0.127456	0.826667
13296	5.852051	-0.678812	8.465762	-0.056735	-0.046221	0.098743	0.758807	0.339211	0.556011	-0.350957	0.932087	-0.089683	-0.548672	-0.127084	0.826323
13297	5.802412	-0.806202	8.433957	-0.058278	-0.045714	0.093484	0.758216	0.340024	0.556320	-0.351331	0.931846	-0.090712	-0.549249	-0.126673	0.826002
13298	5.818243	-0.858549	8.390421	-0.062207	-0.036739	0.093094	0.757704	0.340703	0.556603	-0.351573	0.931660	-0.091684	-0.549801	-0.126217	0.825704
13299	5.785022	-0.928725	8.365139	-0.060288	-0.028822	0.079576	0.757254	0.341407	0.556783	-0.351828	0.931468	-0.092652	-0.550258	-0.125731	0.825474
13300	5.720286	-1.012681	8.374935	-0.055165	-0.022975	0.067053	0.756908	0.341862	0.556975	-0.351910	0.931360	-0.093420	-0.550681	-0.125295	0.825259
13301	5.625228	-1.056685	8.408624	-0.049010	-0.028321	0.051129	0.756560	0.342302	0.557177	-0.352011	0.931250	-0.094136	-0.551094	-0.124913	0.825041
13302	5.621370	-1.267647	8.381151	-0.025434	-0.039069	0.030768	0.756253	0.342400	0.557534	-0.351983	0.931228	-0.094459	-0.551534	-0.124808	0.824763
13303	5.701009	-1.168968	8.386824	-0.005897	-0.047518	0.006765	0.755956	0.342403	0.557935	-0.351986	0.931215	-0.094572	-0.551940	-0.124893	0.824478
13304	5.632432	-1.113800	8.377695	0.004813	-0.045584	-0.006417	0.755741	0.342151	0.558380	-0.351846	0.931281	-0.094441	-0.552322	-0.125091	0.824192
13305	5.695199	-1.067821	8.377069	0.016374	-0.058765	-0.020064	0.755476	0.341889	0.558899	-0.351769	0.931333	-0.094220	-0.552734	-0.125422	0.823865
13306	5.756966	-0.845688	8.415240	0.021709	-0.061665	-0.019528	0.755218	0.341496	0.559487	-0.351625	0.931422	-0.093878	-0.553178	-0.125832	0.823505
13307	5.808213	-0.703546	8.443916	0.014610	-0.061097	-0.012834	0.754914	0.341298	0.560019	-0.351592	0.931451	-0.093712	-0.553614	-0.126154	0.823163
13308	5.808180	-0.800968	8.393745	-0.003155	-0.058035	-0.008814	0.754638	0.341009	0.560566	-0.351392	0.931534	-0.093634	-0.554117	-0.126319	0.822799
13309	5.729579	-0.878748	8.385585	-0.001700	-0.060228	-0.008533	0.754323	0.340852	0.561086	-0.351302	0.931569	-0.093626	-0.554603	-0.126486	0.822446
13310	5.790843	-0.829838	8.349938	-0.004594	-0.059137	-0.010700	0.754047	0.340542	0.561644	-0.351078	0.931662	-0.093549	-0.555119	-0.126641	0.822074
13311	5.758146	-0.768339	8.373832	-0.008936	-0.058059	-0.005207	0.753732	0.340418	0.562142	-0.350972	0.931694	-0.093619	-0.555614	-0.126732	0.821725
13312	5.742976	-0.821671	8.330244	-0.016526	-0.058236	-0.002319	0.753431	0.340187	0.562684	-0.350745	0.931773	-0.093686	-0.556165	-0.126773	0.821346
13313	5.745315	-0.872078	8.303321	-0.015879	-0.060187	-0.004675	0.753102	0.340065	0.563199	-0.350604	0.931813	-0.093816	-0.556700	-0.126807	0.820978
13314	5.702806	-0.838022	8.306987	-0.019921	-0.063405	-0.001974	0.752770	0.339832	0.563783	-0.350361	0.931895	-0.093912	-0.557301	-0.126833	0.820566
13315	5.730401	-0.908708	8.293147	-0.019742	-0.064991	0.001409	0.752392	0.339760	0.564331	-0.350244	0.931919	-0.094108	-0.557885	-0.126847	0.820167
13316	5.710834	-0.890415	8.275909	-0.015192	-0.064331	0.000913	0.752045	0.339551	0.564919	-0.350047	0.931985	-0.094182	-0.558476	-0.126919	0.819754
13317	5.758822	-0.908723	8.301951	-0.022310	-0.070394	0.004394	0.751625	0.339500	0.565508	-0.349938	0.932003	-0.094416	-0.559109	-0.126928	0.819321
13318	5.724894	-0.844824	8.291091	-0.018409	-0.071088	0.004639	0.751226	0.339319	0.566146	-0.349753	0.932060	-0.094537	-0.559761	-0.126992	0.818866
13319	5.702751	-0.929407	8.260797	-0.017443	-0.074009	0.001103	0.750797	0.339232	0.566768	-0.349646	0.932082	-0.094712	-0.560404	-0.127058	0.818416
13320	5.723969	-0.976686	8.249462	-0.010977	-0.081430	0.001453	0.750351	0.339008	0.567493	-0.349477	0.932141	-0.094755	-0.561106	-0.127227	0.817908
13321	5.671012	-0.900395	8.293012	-0.008088	-0.092429	-0.001232	0.749825	0.338875	0.568266	-0.349405	0.932160	-0.094839	-0.561853	-0.127442	0.817361
13322	5.722357	-0.864003	8.306380	-0.006816	-0.108462	-0.002862	0.749240	0.338577	0.569215	-0.349228	0.932227	-0.094824	-0.562743	-0.127740	0.816703
13323	5.699306	-0.874777	8.300576	0.001278	-0.126272	-0.002099	0.748525	0.338393	0.570264	-0.349202	0.932237	-0.094827	-0.563710	-0.128157	0.815970
13324	5.763423	-0.865174	8.342620	-0.004362	-0.144417	-0.003160	0.747736	0.338045	0.571504	-0.349037	0.932302	-0.094790	-0.564858	-0.128598	0.815106
13325	5.700218	-0.966130	8.326402	-0.001776	-0.167617	-0.011111	0.746816	0.337722	0.572896	-0.348926	0.932347	-0.094766	-0.566142	-0.129126	0.814131
13326	5.762629	-1.053791	8.318871	0.002875	-0.192720	-0.029083	0.745839	0.337070	0.574550	-0.348609	0.932490	-0.094522	-0.567623	-0.129795	0.812993
13327	5.736401	-1.141422	8.299225	0.008989	-0.211161	-0.051483	0.744807	0.336311	0.576331	-0.348258	0.932656	-0.094178	-0.569191	-0.130568	0.811772
13328	5.740193	-1.197095	8.315174	0.030802	-0.231756	-0.077569	0.743770	0.335155	0.578340	-0.347743	0.932923	-0.093428	-0.570860	-0.131625	0.810428
13329	5.753225	-1.152070	8.376103	0.021303	-0.277622	-0.110725	0.742556	0.333751	0.580707	-0.347023	0.933270	-0.092638	-0.572875	-0.132730	0.808824
13330	5.652789	-1.180919	8.504772	0.008288	-0.320989	-0.139030	0.741208	0.331899	0.583484	-0.345927	0.933768	-0.091712	-0.575278	-0.133865	0.806930
13331	5.670694	-1.179821	8.501943	-0.008260	-0.408109	-0.166314	0.739417	0.329792	0.586941	-0.344629	0.934334	-0.090830	-0.578354	-0.135116	0.804519
13332	5.644627	-1.338788	8.583898	-0.019226	-0.483104	-0.189940	0.737278	0.327242	0.591045	-0.343009	0.935028	-0.089818	-0.582036	-0.136513	0.801622
13333	5.318673	-1.202756	8.798473	0.021304	-0.587604	-0.203183	0.734530	0.324528	0.595943	-0.341619	0.935666	-0.088466	-0.586313	-0.138605	0.798139
13334	5.775504	-1.129873	8.711349	0.010153	-0.735845	-0.215918	0.730941	0.321366	0.602038	-0.339995	0.936390	-0.087049	-0.591717	-0.141062	0.793708
13335	5.331338	-0.939863	8.920262	-0.026098	-0.897746	-0.216522	0.726321	0.318054	0.609343	-0.338242	0.937124	-0.085968	-0.598372	-0.143665	0.788233
13336	5.332620	-0.581444	9.236383	-0.073683	-1.114511	-0.220764	0.720358	0.314261	0.618324	-0.336104	0.937968	-0.085151	-0.606727	-0.146482	0.781297
13337	5.347161	-0.750488	9.213729	-0.138122	-1.376544	-0.231767	0.712700	0.310044	0.629232	-0.333578	0.938901	-0.084801	-0.617078	-0.149460	0.772578
13338	5.108358	-0.721684	9.280427	-0.172812	-1.668067	-0.247651	0.703134	0.305091	0.642279	-0.330653	0.939961	-0.084512	-0.629501	-0.152948	0.761797
13339	4.856239	-0.420744	9.455264	-0.210578	-2.013572	-0.259391	0.691151	0.299525	0.657720	-0.327482	0.941077	-0.084438	-0.644257	-0.157032	0.748515
13340	4.734010	-0.604389	9.421594	-0.220501	-2.434205	-0.284864	0.676190	0.292866	0.676015	-0.324008	0.942305	-0.084137	-0.661654	-0.162142	0.732069
13341	4.325625	-0.796662	9.680973	-0.093129	-2.939721	-0.330985	0.657500	0.284861	0.697530	-0.321153	0.943422	-0.082557	-0.681583	-0.169732	0.711784
13342	3.568330	-0.967015	10.005171	0.107683	-3.521186	-0.376545	0.634317	0.275055	0.722486	-0.319387	0.944318	-0.079097	-0.704013	-0.180580	0.686846
13343	3.495419	-1.221607	9.799395	0.275243	-4.127063	-0.441090	0.606141	0.263145	0.750565	-0.318599	0.944995	-0.074018	-0.728758	-0.194264	0.656638
13344	4.027281	-1.725380	9.239610	0.445298	-4.735981	-0.549177	0.572755	0.248299	0.781217	-0.318601	0.945523	-0.066937	-0.755279	-0.210558	0.620661
13345	4.062841	-2.095795	9.551910	0.671045	-5.392285	-0.713038	0.533532	0.229673	0.813999	-0.319793	0.945757	-0.057242	-0.782992	-0.229770	0.578039
13346	4.630485	-2.336504	9.659265	0.886040	-6.096285	-0.851023	0.487665	0.206927	0.848153	-0.322473	0.945496	-0.045263	-0.811292	-0.251433	0.527814
13347	5.331108	-2.384805	9.366808	1.145615	-6.817745	-1.060849	0.434815	0.178923	0.882566	-0.327008	0.944533	-0.030378	-0.839048	-0.275397	0.469206
13348	6.785663	-1.628457	9.506246	1.262770	-7.429444	-1.298686	0.375782	0.145306	0.915245	-0.332497	0.943012	-0.013197	-0.865005	-0.299357	0.402681
13349	10.959982	-2.317037	9.833251	1.327496	-7.923070	-1.562578	0.311536	0.105949	0.944309	-0.338736	0.940861	0.006190	-0.887808	-0.321800	0.329000
13350	20.633242	-0.607793	11.294437	1.242908	-7.998026	-1.737036	0.245733	0.063176	0.967277	-0.345065	0.938208	0.026385	-0.905839	-0.340257	0.252349
13351	19.186525	0.950196	8.834413	0.759577	-7.772354	-1.740868	0.180768	0.019980	0.983323	-0.348259	0.936318	0.044997	-0.919803	-0.350585	0.176214
13352	19.390938	1.843317	11.635620	0.124098	-7.734286	-1.592780	0.114748	-0.022052	0.993150	-0.347086	0.935855	0.060882	-0.930787	-0.351694	0.099734
13353	16.831685	-0.565315	11.836000	-0.479797	-7.590432	-1.425347	0.048654	-0.061831	0.996900	-0.341404	0.936937	0.074775	-0.938656	-0.343984	0.024477
13354	17.041714	-2.827840	12.744740	-0.644369	-7.318454	-1.357548	-0.015529	-0.099234	0.994943	-0.335180	0.938005	0.088324	-0.942026	-0.332114	-0.047827
13355	14.692486	-4.952372	13.029310	-0.888570	-6.380787	-1.450643	-0.070876	-0.133558	0.988503	-0.327403	0.939207	0.103423	-0.942223	-0.316309	-0.110295
13356	4.428949	-4.519708	10.778277	0.037203	-3.758842	-1.907265	-0.099851	-0.163104	0.981543	-0.329519	0.936227	0.122053	-0.938854	-0.311250	-0.147229
13357	-7.903347	11.298527	7.312281	-1.172568	-2.806556	-1.515295	-0.121309	-0.185820	0.975067	-0.320152	0.937149	0.138764	-0.939567	-0.295336	-0.173175
13358	43.876803	0.391069	28.101240	-3.955241	-4.196194	-0.317972	-0.159768	-0.200143	0.966652	-0.283434	0.947300	0.149290	-0.945589	-0.250130	-0.208076
13359	16.045830	-15.717392	18.208052	-3.086659	0.137710	0.117115	-0.158793	-0.198711	0.967108	-0.253897	0.954813	0.154496	-0.954107	-0.221013	-0.202070
13360	11.363800	-14.357700	16.526963	-1.399965	1.711741	0.331180	-0.142993	-0.191599	0.971001	-0.240280	0.958452	0.153739	-0.960114	-0.211328	-0.183089
13361	5.600555	-9.796706	12.798279	0.009499	2.953250	0.612859	-0.116070	-0.179403	0.976904	-0.239547	0.959575	0.147759	-0.963922	-0.216864	-0.154353
13362	1.826647	-6.454997	9.527572	0.826079	3.295532	0.805536	-0.085958	-0.163921	0.982721	-0.247117	0.959057	0.138359	-0.965166	-0.230954	-0.122947
13363	0.188319	-2.152304	8.097081	1.151971	3.389123	0.906327	-0.055559	-0.147134	0.987555	-0.257562	0.957720	0.128199	-0.964663	-0.247234	-0.091106
13364	1.664807	0.170089	8.527483	0.846373	3.472535	1.050528	-0.024532	-0.127804	0.991496	-0.265766	0.956939	0.116774	-0.963725	-0.260641	-0.057442
13365	2.306016	-0.050209	8.427542	0.524089	3.669373	1.155062	0.007697	-0.107018	0.994227	-0.270687	0.956913	0.105097	-0.962637	-0.269934	-0.021603
13366	3.181024	-0.956934	8.753668	0.417773	3.970956	1.120176	0.043111	-0.084904	0.995456	-0.275472	0.956748	0.093532	-0.960342	-0.278253	0.017858
13367	4.164445	-1.825632	8.799360	0.580836	4.353220	0.991900	0.082047	-0.063114	0.994628	-0.281629	0.955849	0.083885	-0.956009	-0.286999	0.060650
13368	4.983921	-1.701317	8.820566	0.857662	4.778502	0.811001	0.125515	-0.040801	0.991252	-0.291154	0.953643	0.076119	-0.948407	-0.298162	0.107817
13369	5.416295	-0.638006	8.816175	1.012917	5.191333	0.656596	0.172517	-0.018777	0.984828	-0.301658	0.950771	0.070970	-0.937678	-0.309325	0.158360
13370	5.548090	0.772269	8.564112	0.923296	5.546033	0.574656	0.222647	0.004773	0.974887	-0.311931	0.947768	0.066599	-0.923649	-0.318926	0.212507
13371	5.256889	1.586309	8.168701	0.634203	5.767529	0.595492	0.273566	0.028955	0.961417	-0.319189	0.945638	0.062343	-0.907348	-0.323929	0.267936
13372	5.210989	1.825789	7.809861	0.298034	5.840473	0.672197	0.324104	0.054982	0.944422	-0.324427	0.944230	0.056365	-0.888653	-0.324664	0.323867
13373	5.400977	1.770382	7.845986	-0.002395	5.796797	0.773193	0.372510	0.080993	0.924487	-0.327074	0.943722	0.049112	-0.868481	-0.320670	0.378036
13374	6.144429	1.710630	8.418912	-0.222647	5.722203	0.896853	0.418845	0.108372	0.901568	-0.329270	0.943406	0.039569	-0.846256	-0.313432	0.430825
13375	7.398218	1.488512	9.399431	-0.380520	5.675204	1.032665	0.462785	0.135613	0.876036	-0.330624	0.943328	0.028630	-0.822507	-0.302888	0.481395
13376	8.733921	1.165638	10.444285	-0.440114	5.693824	1.140520	0.505255	0.164062	0.847231	-0.333148	0.942737	0.016121	-0.796071	-0.290399	0.530979
13377	10.268074	1.058070	11.667715	-0.441568	5.758955	1.187580	0.546293	0.191573	0.815392	-0.335921	0.941882	0.003768	-0.767281	-0.275966	0.578898
13378	11.446596	1.480870	12.559385	-0.437647	5.866205	1.183748	0.586489	0.219252	0.779718	-0.339914	0.940416	-0.008763	-0.735180	-0.259898	0.626070
13379	12.295461	2.211475	13.110830	-0.533252	5.919255	1.103231	0.625228	0.244463	0.741166	-0.342753	0.939199	-0.020643	-0.701149	-0.241130	0.671004
13380	13.901123	2.963031	13.356499	-0.795672	5.888566	0.974555	0.662199	0.267955	0.699780	-0.344161	0.938309	-0.033612	-0.665617	-0.218579	0.713567
13381	17.339191	3.536228	13.061802	-1.214543	5.805720	0.920914	0.696652	0.288500	0.656844	-0.342535	0.938237	-0.048798	-0.630353	-0.190997	0.752446
13382	21.663714	2.434140	11.727769	-1.680322	5.753651	1.002122	0.728508	0.308689	0.611545	-0.339928	0.937953	-0.068507	-0.594748	-0.157974	0.788238
13383	24.358030	-0.797912	8.710885	-1.664803	5.669759	1.039172	0.757666	0.326449	0.565130	-0.338044	0.937003	-0.088050	-0.558272	-0.124326	0.820289
13384	25.706565	-2.229801	5.080052	-1.084024	5.435897	0.971828	0.783656	0.342186	0.518452	-0.340190	0.934729	-0.102726	-0.519763	-0.095870	0.848914
13385	25.898115	-1.618920	1.224257	-0.447956	4.987404	0.898025	0.805544	0.354826	0.474550	-0.345080	0.931977	-0.111079	-0.481684	-0.074279	0.873191
13386	26.172079	0.772696	-1.772776	-0.060408	4.364491	0.901247	0.822593	0.366646	0.434640	-0.352575	0.928563	-0.116024	-0.446130	-0.057802	0.893100
13387	26.318437	2.700313	-4.252462	-0.135848	3.724108	0.942145	0.835275	0.377264	0.399984	-0.359799	0.925122	-0.121216	-0.415765	-0.042665	0.908471
13388	26.598340	3.248556	-7.155350	-0.299671	3.139928	0.842101	0.844812	0.386555	0.369956	-0.365999	0.921849	-0.127435	-0.390305	-0.027745	0.920268
13389	25.880816	4.016282	-10.573298	-0.373018	2.605148	0.579354	0.852568	0.392450	0.345124	-0.369500	0.919664	-0.132992	-0.369591	-0.014138	0.929087
13390	23.781375	5.656150	-13.026882	-0.362561	1.938576	0.231059	0.858684	0.394993	0.326562	-0.370375	0.918679	-0.137298	-0.354237	-0.003055	0.935151
13391	21.616957	7.226942	-14.184783	-0.372110	1.098681	-0.091460	0.862858	0.394159	0.316411	-0.368288	0.919030	-0.140525	-0.346180	0.004723	0.938156
13392	20.267731	7.006957	-13.822066	-0.285978	0.217235	-0.419603	0.865134	0.390378	0.314879	-0.363753	0.920617	-0.141942	-0.345294	0.008261	0.938458
13393	20.236664	5.900993	-11.874046	-0.002894	-0.518771	-0.809771	0.866236	0.382965	0.320895	-0.356736	0.923742	-0.139431	-0.349821	0.006305	0.936795
13394	20.182744	5.243084	-9.244477	0.285729	-0.998113	-1.206900	0.866977	0.371770	0.331871	-0.347245	0.928325	-0.132792	-0.357452	-0.000113	0.933931
13395	13.216393	2.871535	-8.377695	0.905465	-1.988743	-1.655399	0.865372	0.356210	0.352484	-0.336209	0.934273	-0.118733	-0.371610	-0.015760	0.928255
13396	-10.567314	6.886265	10.223326	0.019724	-3.421500	-1.632110	0.857565	0.340008	0.385976	-0.322090	0.940009	-0.112436	-0.401050	-0.027898	0.915631
13397	0.563570	-6.226604	19.003934	-0.845852	-4.321999	-0.740011	0.841712	0.331709	0.426018	-0.312242	0.942753	-0.117135	-0.440484	-0.034427	0.897100
13398	15.297608	-11.127323	6.046162	-0.386625	-5.120553	0.472721	0.816592	0.333917	0.470826	-0.314260	0.941387	-0.122600	-0.484168	-0.047848	0.873666
13399	24.269992	-16.535742	13.029555	2.004920	-5.415136	0.476136	0.787820	0.334816	0.516951	-0.328159	0.938461	-0.107712	-0.521202	-0.084784	0.849211
13400	43.727484	20.263312	23.277063	0.732975	-2.340039	-0.241788	0.776237	0.330316	0.536980	-0.330075	0.938618	-0.100235	-0.537128	-0.099438	0.837619
13401	12.401570	5.927227	7.204089	-0.538190	-0.016140	-0.595907	0.778081	0.324714	0.537728	-0.322543	0.941089	-0.101575	-0.539033	-0.094407	0.836977
13402	3.258250	-10.339122	7.246591	-0.048749	-0.381385	-0.275035	0.776948	0.321469	0.541303	-0.319904	0.942122	-0.100340	-0.542229	-0.095206	0.834819
13403	7.724627	0.124147	8.876730	0.240687	-0.506874	-0.030827	0.774277	0.320699	0.545570	-0.320968	0.941985	-0.098201	-0.545412	-0.099076	0.832292
13404	5.955116	3.103511	9.178389	-0.016089	-0.350025	-0.001027	0.772399	0.320090	0.548582	-0.320666	0.942088	-0.098200	-0.548245	-0.100062	0.830310
13405	6.912149	-4.353469	7.807116	-0.040559	-0.243463	0.031987	0.770946	0.320160	0.550582	-0.320684	0.942025	-0.098748	-0.550277	-0.100434	0.828920
13406	5.625286	-1.954124	8.274674	0.208268	-0.179441	-0.032159	0.770094	0.319418	0.552202	-0.321373	0.942001	-0.096712	-0.551067	-0.102985	0.828082
13407	6.684766	-0.203566	8.645912	0.131912	-0.145049	-0.050394	0.769442	0.318805	0.553463	-0.321706	0.942024	-0.095377	-0.551782	-0.104665	0.827394
13408	5.775948	-0.800246	8.395782	0.083515	-0.103241	-0.019780	0.768968	0.318255	0.554438	-0.321806	0.942083	-0.094446	-0.552385	-0.105796	0.826848
13409	5.992482	-1.007485	8.400545	0.085341	-0.125166	-0.029346	0.768357	0.317858	0.555513	-0.322045	0.942085	-0.093612	-0.553095	-0.106973	0.826222
13410	6.060804	-0.291494	8.539694	0.101754	-0.125680	-0.033591	0.767801	0.317151	0.556684	-0.322142	0.942166	-0.092455	-0.553810	-0.108344	0.825564
13411	6.070310	0.126898	8.588207	0.058744	-0.128402	-0.000179	0.767076	0.317021	0.557756	-0.322459	0.942102	-0.092004	-0.554630	-0.109280	0.824890
13412	5.998341	-0.659451	8.408469	0.039048	-0.127120	0.020573	0.766337	0.316814	0.558888	-0.322620	0.942080	-0.091661	-0.555557	-0.110065	0.824162
