// General information: 
//  MT Manager version: 2022.2.0 
//  XDA version: 2022.2.0 build 7381 rev 124627 built on 2023-07-19
// Device information: 
//  DeviceId: 00B4CB9F
//  ProductCode: MTW2-3A7G6
//  Firmware Version: 4.6.0
//  Hardware Version: 2.0.0
// Device settings: 
//  Filter Profile: human(46.1)
//  Option Flags: Orientation Smoother Disabled, Position/Velocity Smoother Disabled, Continuous Zero Rotation Update Disabled, AHS Disabled, ICC Disabled
// Coordinate system: ENU
PacketCounter	Acc_X	Acc_Y	Acc_Z	Gyr_X	Gyr_Y	Gyr_Z	Mat[1][1]	Mat[2][1]	Mat[3][1]	Mat[1][2]	Mat[2][2]	Mat[3][2]	Mat[1][3]	Mat[2][3]	Mat[3][3]
64144	9.664470	-1.254078	-1.305843	0.002350	0.000402	-0.003820	0.187356	-0.003116	0.982287	0.671555	-0.729390	-0.130403	0.716876	0.684092	-0.134563
64145	9.662808	-1.287791	-1.299929	-0.001253	0.000283	-0.001852	0.187403	-0.003117	0.982278	0.671559	-0.729380	-0.130437	0.716860	0.684102	-0.134595
64146	9.615405	-1.265129	-1.284991	-0.001273	-0.001656	-0.000904	0.187534	-0.003072	0.982253	0.671631	-0.729301	-0.130510	0.716759	0.684186	-0.134705
64147	9.638429	-1.286267	-1.299701	-0.003668	-0.001089	0.000092	0.187604	-0.003077	0.982240	0.671613	-0.729308	-0.130560	0.716757	0.684179	-0.134754
64148	9.612408	-1.282575	-1.387608	-0.000124	-0.006788	0.000971	0.187692	-0.003025	0.982223	0.671748	-0.729175	-0.130610	0.716608	0.684321	-0.134828
64149	9.638030	-1.263967	-1.374661	-0.001377	-0.006505	-0.000882	0.187795	-0.002986	0.982204	0.671749	-0.729166	-0.130653	0.716580	0.684330	-0.134927
64150	9.662342	-1.265036	-1.375791	-0.000235	-0.006789	-0.003730	0.187910	-0.002896	0.982182	0.671810	-0.729105	-0.130680	0.716492	0.684396	-0.135060
64151	9.636562	-1.283580	-1.389888	-0.002434	-0.003311	0.002893	0.188014	-0.002907	0.982162	0.671797	-0.729103	-0.130760	0.716477	0.684398	-0.135129
64152	9.613465	-1.262457	-1.375703	0.001103	-0.004163	-0.000951	0.188125	-0.002851	0.982141	0.671856	-0.729039	-0.130808	0.716392	0.684466	-0.135235
64153	9.639152	-1.243648	-1.362506	0.002245	-0.004447	-0.003799	0.188193	-0.002805	0.982128	0.671889	-0.729006	-0.130828	0.716344	0.684502	-0.135309
64154	9.613798	-1.247796	-1.396347	0.002265	-0.002508	-0.004747	0.188318	-0.002715	0.982104	0.672048	-0.728850	-0.130880	0.716162	0.684669	-0.135431
64155	9.614795	-1.241611	-1.362571	-0.001338	-0.002627	-0.002780	0.188380	-0.002689	0.982093	0.672053	-0.728840	-0.130906	0.716140	0.684679	-0.135492
64156	9.612805	-1.252940	-1.431014	-0.001423	-0.005536	-0.003707	0.188480	-0.002611	0.982074	0.672028	-0.728862	-0.130914	0.716138	0.684655	-0.135621
64157	9.636770	-1.268074	-1.412152	-0.001376	-0.006506	-0.000883	0.188583	-0.002572	0.982054	0.672029	-0.728853	-0.130958	0.716110	0.684665	-0.135721
64158	9.638388	-1.234041	-1.418581	-0.000103	-0.004849	0.000021	0.188673	-0.002524	0.982037	0.672079	-0.728800	-0.130996	0.716039	0.684722	-0.135809
64159	9.588867	-1.259655	-1.378148	0.002357	-0.004446	0.000901	0.188773	-0.002512	0.982017	0.672104	-0.728765	-0.131063	0.715990	0.684759	-0.135883
64160	9.636551	-1.267999	-1.413711	-0.001441	-0.007476	-0.002759	0.188886	-0.002426	0.981996	0.672128	-0.728739	-0.131084	0.715937	0.684787	-0.136018
64161	9.612085	-1.266635	-1.413904	-0.002517	-0.006222	0.001965	0.189006	-0.002410	0.981973	0.672116	-0.728738	-0.131154	0.715917	0.684788	-0.136116
64162	9.613336	-1.246694	-1.400503	-0.003837	-0.006909	-0.001764	0.189157	-0.002329	0.981944	0.672041	-0.728801	-0.131187	0.715948	0.684721	-0.136293
64163	9.611927	-1.266309	-1.415270	-0.007485	-0.006059	-0.002620	0.189245	-0.002280	0.981927	0.672001	-0.728834	-0.131206	0.715961	0.684687	-0.136396
64164	9.612867	-1.260165	-1.381971	-0.008692	-0.006746	-0.001648	0.189414	-0.002199	0.981895	0.671906	-0.728915	-0.131247	0.716006	0.684601	-0.136589
64165	9.636811	-1.275251	-1.363415	-0.011171	-0.009089	-0.001581	0.189530	-0.002137	0.981873	0.671838	-0.728973	-0.131271	0.716039	0.684539	-0.136727
64166	9.635717	-1.280574	-1.398493	-0.012490	-0.009777	-0.005311	0.189611	-0.002018	0.981857	0.671838	-0.728979	-0.131240	0.716018	0.684533	-0.136867
64167	9.636341	-1.288435	-1.345263	-0.012190	-0.002017	0.000300	0.189690	-0.002018	0.981842	0.671759	-0.729044	-0.131281	0.716071	0.684464	-0.136937
64168	9.611255	-1.278642	-1.399177	-0.018317	-0.003511	-0.000490	0.189674	-0.001997	0.981845	0.671659	-0.729144	-0.131235	0.716169	0.684357	-0.136958
64169	9.612211	-1.272493	-1.365868	-0.018400	-0.006422	-0.001421	0.189772	-0.001955	0.981826	0.671539	-0.729252	-0.131250	0.716255	0.684243	-0.137079
64170	9.611459	-1.300396	-1.326865	-0.017145	-0.006707	0.000429	0.189828	-0.001929	0.981815	0.671277	-0.729499	-0.131220	0.716486	0.683980	-0.137184
64171	9.636751	-1.259106	-1.388019	-0.018399	-0.006424	-0.001425	0.189926	-0.001886	0.981797	0.671157	-0.729606	-0.131235	0.716572	0.683865	-0.137305
64172	9.637377	-1.267028	-1.334868	-0.019586	-0.005172	-0.001402	0.190101	-0.001801	0.981763	0.671166	-0.729587	-0.131298	0.716517	0.683886	-0.137487
64173	9.612278	-1.256845	-1.389069	-0.016050	-0.006020	-0.005248	0.190171	-0.001733	0.981749	0.671071	-0.729678	-0.131279	0.716588	0.683789	-0.137601
64174	9.635620	-1.300112	-1.330465	-0.014598	-0.003397	0.002235	0.190297	-0.001706	0.981725	0.671024	-0.729710	-0.131339	0.716599	0.683754	-0.137716
64175	9.634883	-1.291526	-1.384940	-0.012317	-0.003960	-0.003462	0.190364	-0.001666	0.981712	0.670952	-0.729776	-0.131343	0.716649	0.683684	-0.137805
64176	9.610459	-1.289849	-1.385128	-0.007499	-0.008004	-0.001686	0.190459	-0.001589	0.981694	0.670933	-0.729792	-0.131350	0.716641	0.683667	-0.137929
64177	9.634051	-1.282480	-1.440415	-0.006293	-0.007316	-0.002657	0.190556	-0.001532	0.981675	0.670902	-0.729817	-0.131369	0.716644	0.683641	-0.138043
64178	9.609997	-1.303373	-1.366734	-0.005021	-0.005659	-0.001751	0.190652	-0.001465	0.981657	0.670919	-0.729797	-0.131391	0.716602	0.683662	-0.138154
64179	9.634986	-1.276021	-1.407660	-0.002675	-0.005252	-0.005570	0.190714	-0.001400	0.981645	0.670920	-0.729797	-0.131387	0.716585	0.683663	-0.138243
64180	9.611933	-1.254509	-1.393564	-0.002561	-0.005255	-0.000869	0.190844	-0.001338	0.981620	0.670934	-0.729776	-0.131436	0.716538	0.683685	-0.138375
64181	9.634934	-1.275229	-1.408733	-0.003929	-0.004968	-0.007423	0.190892	-0.001261	0.981610	0.670929	-0.729784	-0.131412	0.716529	0.683676	-0.138463
64182	9.634619	-1.288830	-1.389283	-0.007397	-0.003154	-0.001700	0.191019	-0.001212	0.981586	0.670838	-0.729861	-0.131448	0.716581	0.683594	-0.138604
64183	9.613264	-1.233391	-1.380721	-0.002526	-0.001373	-0.002760	0.191072	-0.001194	0.981575	0.670835	-0.729860	-0.131472	0.716570	0.683596	-0.138655
64184	9.611638	-1.266863	-1.375100	-0.009887	-0.000645	-0.006351	0.191130	-0.001116	0.981564	0.670878	-0.729822	-0.131463	0.716514	0.683636	-0.138743
64185	9.613042	-1.246290	-1.361262	-0.009904	-0.002587	-0.005407	0.191175	-0.001070	0.981555	0.670827	-0.729872	-0.131451	0.716550	0.683583	-0.138815
64186	9.586278	-1.270081	-1.409379	-0.013520	-0.004653	-0.002496	0.191282	-0.001001	0.981535	0.670767	-0.729924	-0.131464	0.716577	0.683528	-0.138950
64187	9.611648	-1.265233	-1.376536	-0.014725	-0.005343	-0.001527	0.191372	-0.000965	0.981517	0.670674	-0.730006	-0.131483	0.716640	0.683440	-0.139056
64188	9.610249	-1.284628	-1.391421	-0.012397	-0.006876	-0.004403	0.191510	-0.000849	0.981490	0.670740	-0.729941	-0.131507	0.716542	0.683509	-0.139222
64189	9.610877	-1.255603	-1.431843	-0.016010	-0.002145	-0.007150	0.191540	-0.000794	0.981485	0.670648	-0.730032	-0.131469	0.716620	0.683412	-0.139298
64190	9.613350	-1.229200	-1.383857	-0.014655	0.002421	-0.005307	0.191493	-0.000779	0.981494	0.670542	-0.730142	-0.131404	0.716732	0.683295	-0.139295
64191	9.563961	-1.217570	-1.436639	-0.012196	0.002826	-0.004425	0.191505	-0.000777	0.981491	0.670472	-0.730206	-0.131398	0.716793	0.683226	-0.139317
64192	9.563501	-1.244779	-1.396747	-0.017276	0.002994	-0.013719	0.191461	-0.000679	0.981500	0.670420	-0.730275	-0.131284	0.716854	0.683153	-0.139363
64193	9.610055	-1.271529	-1.445925	-0.014768	0.002424	-0.010014	0.191438	-0.000634	0.981504	0.670343	-0.730357	-0.131219	0.716932	0.683065	-0.139393
64194	9.637605	-1.217770	-1.437833	-0.013480	0.006023	-0.010050	0.191416	-0.000571	0.981509	0.670398	-0.730317	-0.131167	0.716887	0.683109	-0.139412
64195	9.688688	-1.207489	-1.370229	-0.009912	0.009066	-0.015784	0.191308	-0.000529	0.981530	0.670367	-0.730366	-0.131053	0.716945	0.683056	-0.139370
64196	9.640562	-1.188966	-1.388411	-0.017286	0.007846	-0.018441	0.191215	-0.000423	0.981548	0.670362	-0.730396	-0.130908	0.716974	0.683024	-0.139379
64197	9.585844	-1.306515	-1.384085	-0.028177	0.002606	-0.012543	0.191175	-0.000361	0.981556	0.670193	-0.730570	-0.130800	0.717142	0.682838	-0.139425
64198	9.633175	-1.341438	-1.379492	-0.036607	0.004570	-0.011419	0.191123	-0.000302	0.981566	0.669950	-0.730816	-0.130672	0.717384	0.682575	-0.139473
64199	9.608707	-1.352591	-1.359356	-0.041599	0.000843	-0.014136	0.191084	-0.000216	0.981574	0.669688	-0.731081	-0.130530	0.717638	0.682291	-0.139554
64200	9.584849	-1.335079	-1.379213	-0.045304	0.000714	-0.016888	0.191001	-0.000104	0.981590	0.669293	-0.731482	-0.130311	0.718029	0.681860	-0.139645
64201	9.585103	-1.332449	-1.379989	-0.064887	-0.001588	-0.022123	0.190927	0.000058	0.981604	0.668879	-0.731906	-0.130057	0.718435	0.681405	-0.139779
64202	9.656914	-1.367185	-1.376834	-0.076885	0.002165	-0.020005	0.190895	0.000219	0.981610	0.668427	-0.732360	-0.129826	0.718864	0.680918	-0.139950
64203	9.632871	-1.362593	-1.377300	-0.085551	0.000241	-0.026448	0.190779	0.000400	0.981633	0.667872	-0.732923	-0.129501	0.719410	0.680311	-0.140093
64204	9.631978	-1.378504	-1.392510	-0.080717	0.002995	-0.030351	0.190594	0.000601	0.981669	0.667331	-0.733484	-0.129116	0.719961	0.679706	-0.140199
64205	9.630829	-1.408834	-1.387641	-0.076868	0.005029	-0.023867	0.190461	0.000730	0.981694	0.666832	-0.733988	-0.128828	0.720458	0.679162	-0.140283
64206	9.609744	-1.350477	-1.378764	-0.063491	0.007776	-0.025101	0.190338	0.000893	0.981718	0.666539	-0.734301	-0.128562	0.720762	0.678823	-0.140361
64207	9.491918	-1.295951	-1.313476	-0.053886	0.009442	-0.030963	0.190126	0.001045	0.981759	0.666219	-0.734648	-0.128237	0.721113	0.678448	-0.140372
64208	9.570936	-1.202842	-1.277397	-0.045268	0.010381	-0.026433	0.189934	0.001187	0.981796	0.666033	-0.734865	-0.127960	0.721336	0.678212	-0.140366
64209	9.645319	-1.211845	-1.224375	-0.034450	0.014699	-0.034185	0.189663	0.001327	0.981848	0.665859	-0.735080	-0.127630	0.721567	0.677979	-0.140301
64210	9.694424	-1.224934	-1.204300	-0.024605	0.020229	-0.032485	0.189293	0.001417	0.981920	0.665720	-0.735267	-0.127276	0.721793	0.677776	-0.140124
64211	9.667124	-1.317036	-1.151414	-0.008854	0.022454	-0.034671	0.188962	0.001508	0.981983	0.665732	-0.735308	-0.126977	0.721868	0.677732	-0.139949
64212	9.664788	-1.381960	-1.138345	0.008177	0.021472	-0.031227	0.188632	0.001601	0.982046	0.665918	-0.735186	-0.126712	0.721784	0.677864	-0.139746
64213	9.589846	-1.415211	-1.163173	0.010692	0.022844	-0.028448	0.188340	0.001644	0.982102	0.666059	-0.735094	-0.126501	0.721730	0.677963	-0.139543
64214	9.562176	-1.484813	-1.183859	0.006832	0.014955	-0.032171	0.188020	0.001765	0.982164	0.666157	-0.735056	-0.126205	0.721722	0.678004	-0.139381
64215	9.586219	-1.488567	-1.217093	-0.005214	0.012845	-0.027241	0.187808	0.001867	0.982204	0.666181	-0.735072	-0.125984	0.721755	0.677987	-0.139296
64216	9.561012	-1.518352	-1.209841	-0.016219	0.017296	-0.035529	0.187466	0.001996	0.982269	0.666110	-0.735197	-0.125633	0.721910	0.677851	-0.139154
64217	9.589112	-1.447262	-1.220121	-0.034616	0.014665	-0.043703	0.187131	0.002207	0.982332	0.665952	-0.735412	-0.125210	0.722142	0.677617	-0.139088
64218	9.590917	-1.436667	-1.185224	-0.046945	0.014536	-0.053884	0.186701	0.002500	0.982414	0.665732	-0.735707	-0.124646	0.722457	0.677295	-0.139022
64219	9.644231	-1.373414	-1.142385	-0.060383	0.018546	-0.063111	0.186209	0.002827	0.982506	0.665424	-0.736095	-0.123996	0.722867	0.676872	-0.138949
64220	9.672528	-1.299220	-1.152932	-0.067823	0.015345	-0.069642	0.185689	0.003233	0.982603	0.665072	-0.736537	-0.123260	0.723325	0.676389	-0.138917
64221	9.677717	-1.241269	-1.055370	-0.079956	0.018071	-0.074206	0.185127	0.003646	0.982708	0.664641	-0.737056	-0.122474	0.723865	0.675821	-0.138872
64222	9.680132	-1.199223	-1.060366	-0.086063	0.010667	-0.072295	0.184649	0.004115	0.982796	0.664216	-0.737567	-0.121706	0.724377	0.675261	-0.138924
64223	9.732316	-1.139261	-1.052664	-0.095949	0.003136	-0.077900	0.184171	0.004657	0.982883	0.663675	-0.738193	-0.120861	0.724994	0.674574	-0.139044
64224	9.710099	-1.095728	-1.058575	-0.110407	-0.001431	-0.073042	0.183702	0.005190	0.982968	0.663037	-0.738904	-0.120010	0.725696	0.673791	-0.139179
64225	9.609581	-1.171613	-1.062624	-0.126142	-0.013513	-0.066325	0.183422	0.005759	0.983017	0.662254	-0.739731	-0.119237	0.726482	0.672878	-0.139497
64226	9.584449	-1.197268	-1.060474	-0.132256	-0.028736	-0.060734	0.183282	0.006398	0.983040	0.661456	-0.740562	-0.118505	0.727244	0.671957	-0.139964
64227	9.556176	-1.267643	-1.122698	-0.137127	-0.037429	-0.058931	0.183227	0.007074	0.983045	0.660578	-0.741460	-0.117787	0.728056	0.670959	-0.140529
64228	9.553056	-1.334053	-1.152602	-0.139577	-0.051541	-0.053425	0.183293	0.007821	0.983027	0.659776	-0.742281	-0.117115	0.728766	0.670044	-0.141215
64229	9.599738	-1.368399	-1.190316	-0.131320	-0.069969	-0.053790	0.183510	0.008677	0.982979	0.658928	-0.743137	-0.116454	0.729478	0.669083	-0.142091
64230	9.645536	-1.392728	-1.282755	-0.132597	-0.069717	-0.060527	0.183654	0.009588	0.982944	0.658171	-0.743922	-0.115717	0.730125	0.668197	-0.142935
64231	9.645164	-1.443331	-1.212845	-0.108543	-0.069214	-0.068520	0.183771	0.010548	0.982913	0.657516	-0.744622	-0.114942	0.730686	0.667403	-0.143775
64232	9.648401	-1.405871	-1.137601	-0.093991	-0.059791	-0.073437	0.183779	0.011478	0.982901	0.656974	-0.745223	-0.114136	0.731171	0.666716	-0.144497
64233	9.701666	-1.365098	-1.027871	-0.075764	-0.044345	-0.078308	0.183650	0.012345	0.982914	0.656576	-0.745701	-0.113311	0.731561	0.666167	-0.145053
64234	9.731790	-1.347706	-0.842031	-0.058636	-0.017933	-0.083010	0.183264	0.013048	0.982977	0.656244	-0.746123	-0.112445	0.731955	0.665680	-0.145300
64235	9.759220	-1.344994	-0.755969	-0.034221	0.005905	-0.083060	0.182737	0.013616	0.983068	0.656158	-0.746321	-0.111633	0.732164	0.665447	-0.145315
64236	9.814222	-1.299368	-0.603990	-0.010959	0.037795	-0.083935	0.181989	0.014007	0.983201	0.656433	-0.746192	-0.110874	0.732104	0.665583	-0.144993
64237	9.822343	-1.198872	-0.437898	0.012385	0.063799	-0.077287	0.181076	0.014147	0.983367	0.656676	-0.746080	-0.110186	0.732112	0.665706	-0.144387
64238	9.802934	-1.156596	-0.312477	0.011515	0.090221	-0.075127	0.180014	0.014101	0.983563	0.656969	-0.745916	-0.109546	0.732111	0.665890	-0.143539
64239	9.781463	-1.139133	-0.233628	0.011882	0.110505	-0.068326	0.178817	0.013863	0.983785	0.657191	-0.745809	-0.108945	0.732205	0.666016	-0.142474
64240	9.785060	-1.103561	-0.138865	0.015832	0.127085	-0.061626	0.177517	0.013432	0.984026	0.657388	-0.745713	-0.108413	0.732345	0.666132	-0.141206
64241	9.785781	-1.127130	-0.086156	0.017402	0.148059	-0.055838	0.176127	0.012850	0.984284	0.657626	-0.745571	-0.107942	0.732466	0.666302	-0.139765
64242	9.864303	-1.065650	0.094555	0.021506	0.175255	-0.047209	0.174559	0.011980	0.984574	0.657838	-0.745440	-0.107560	0.732652	0.666466	-0.138005
64243	9.865966	-1.051106	0.182039	0.021909	0.208115	-0.049043	0.172773	0.010946	0.984901	0.658096	-0.745269	-0.107162	0.732843	0.666674	-0.135966
64244	9.866650	-1.041283	0.238553	0.021155	0.240206	-0.050024	0.170691	0.009660	0.985277	0.658356	-0.745099	-0.106749	0.733098	0.666884	-0.133541
64245	9.891185	-1.021715	0.244065	0.017851	0.268962	-0.062549	0.168369	0.008320	0.985689	0.658605	-0.744955	-0.106211	0.733410	0.667063	-0.130906
64246	9.865657	-1.039094	0.223806	0.002701	0.302113	-0.066556	0.165749	0.006751	0.986145	0.658797	-0.744869	-0.105629	0.733835	0.667177	-0.127909
64247	9.865300	-1.017730	0.113427	-0.001581	0.330939	-0.071735	0.162908	0.005065	0.986628	0.658916	-0.744856	-0.104974	0.734364	0.667206	-0.124681
64248	9.819359	-0.901756	0.044315	-0.009579	0.347928	-0.078958	0.159894	0.003267	0.987129	0.658913	-0.744958	-0.104265	0.735029	0.667104	-0.121266
64249	9.921237	-0.749484	0.005924	-0.044098	0.363766	-0.089149	0.156693	0.001492	0.987646	0.658744	-0.745230	-0.103386	0.735870	0.666805	-0.117755
64250	10.021220	-0.678907	-0.000184	-0.073498	0.395854	-0.100525	0.153164	-0.000467	0.988201	0.658294	-0.745766	-0.102383	0.737014	0.666208	-0.113917
64251	10.143247	-0.631848	0.194307	-0.091598	0.450570	-0.117033	0.149132	-0.002607	0.988814	0.657809	-0.746358	-0.101178	0.738273	0.665539	-0.109591
64252	10.288748	-0.549365	0.392362	-0.093406	0.531592	-0.135967	0.144350	-0.005208	0.989513	0.657261	-0.747025	-0.099813	0.739710	0.664776	-0.104410
64253	10.500794	-0.413830	0.857830	-0.101567	0.648276	-0.146424	0.138649	-0.008433	0.990306	0.656730	-0.747690	-0.098314	0.741271	0.663995	-0.098128
64254	10.505948	-0.211491	1.534894	-0.091909	0.791510	-0.151415	0.131848	-0.012615	0.991190	0.656325	-0.748239	-0.096827	0.742869	0.663309	-0.090374
64255	10.199435	-0.054948	2.361916	-0.075991	0.916379	-0.142203	0.124161	-0.017639	0.992105	0.655957	-0.748745	-0.095405	0.744516	0.662624	-0.081395
64256	9.794741	0.088552	2.841033	-0.056152	0.951896	-0.147748	0.116194	-0.022904	0.992962	0.655689	-0.749156	-0.094007	0.746037	0.661998	-0.072029
64257	9.860997	0.363474	3.076585	-0.036208	0.925160	-0.154894	0.108332	-0.027879	0.993724	0.655609	-0.749414	-0.092497	0.747289	0.661514	-0.062908
64258	10.108697	0.496539	3.064769	-0.016149	0.937396	-0.136879	0.100447	-0.033152	0.994390	0.655589	-0.749589	-0.091214	0.748407	0.661073	-0.053560
64259	10.773929	0.635030	3.039175	0.010281	1.004546	-0.124465	0.092171	-0.038872	0.994984	0.655803	-0.749544	-0.090033	0.749285	0.660812	-0.043594
64260	11.378134	0.663434	2.856238	0.006261	1.141971	-0.105586	0.082985	-0.045717	0.995502	0.655930	-0.749545	-0.089100	0.750247	0.660373	-0.032214
64261	11.584128	0.533573	2.511057	-0.023782	1.277941	-0.076761	0.072949	-0.053589	0.995895	0.655829	-0.749718	-0.088381	0.751377	0.659584	-0.019546
64262	11.994544	0.245555	2.614548	-0.079621	1.389343	-0.082518	0.062029	-0.062229	0.996132	0.655332	-0.750235	-0.087676	0.752789	0.658236	-0.005756
64263	12.683302	0.528773	2.881293	-0.101566	1.572258	-0.129913	0.049393	-0.071604	0.996209	0.654658	-0.750967	-0.086435	0.754310	0.656446	0.009783
64264	12.011272	0.795345	2.103675	-0.237450	1.670600	-0.164788	0.035804	-0.081391	0.996039	0.652882	-0.752678	-0.084974	0.756613	0.653339	0.026190
64265	10.939866	1.176697	0.886756	-0.475050	1.499740	-0.150831	0.023511	-0.090031	0.995661	0.649345	-0.755876	-0.083682	0.760131	0.648495	0.040690
64266	11.015112	1.418465	-0.043364	-0.742954	1.290004	-0.126963	0.012962	-0.097494	0.995152	0.643746	-0.760734	-0.082914	0.765129	0.641700	0.052901
64267	11.180895	1.340465	-0.663073	-0.943352	1.245789	-0.092617	0.002861	-0.104745	0.994495	0.636528	-0.766818	-0.082596	0.771248	0.633260	0.064479
64268	11.066841	1.136727	-1.167369	-1.124345	1.206671	-0.064664	-0.006857	-0.111939	0.993691	0.627850	-0.773913	-0.082848	0.778304	0.623321	0.075587
64269	10.959174	0.792527	-1.651299	-1.348634	1.158996	-0.043317	-0.016133	-0.118775	0.992790	0.617315	-0.782266	-0.083557	0.786550	0.611517	0.085942
64270	11.258379	0.229204	-2.131521	-1.410137	1.153200	-0.038337	-0.025392	-0.125559	0.991761	0.606235	-0.790774	-0.084593	0.794880	0.599092	0.096197
64271	11.265941	0.071349	-2.036892	-1.294004	1.260374	-0.080496	-0.035879	-0.132415	0.990545	0.595901	-0.798529	-0.085162	0.802256	0.587211	0.107557
64272	10.727661	-0.027474	-1.753435	-1.142724	1.364521	-0.118767	-0.047502	-0.139495	0.989083	0.586713	-0.805280	-0.085395	0.808401	0.576251	0.120096
64273	10.006901	-0.191769	-1.380723	-0.999743	1.414269	-0.156772	-0.059823	-0.146327	0.987426	0.578548	-0.811191	-0.085160	0.813452	0.566179	0.133185
64274	9.471656	-0.745982	-0.927895	-0.881396	1.407476	-0.164101	-0.071979	-0.152947	0.985610	0.571419	-0.816251	-0.084935	0.817496	0.557083	0.146150
64275	9.155373	-1.563003	-0.860130	-0.718339	1.373834	-0.162336	-0.084093	-0.159239	0.983652	0.565437	-0.820454	-0.084480	0.820493	0.549089	0.159034
64276	8.778826	-1.998804	-0.588170	-0.539506	1.303801	-0.164085	-0.095540	-0.165092	0.981640	0.561040	-0.823526	-0.083896	0.822257	0.542724	0.171303
64277	8.568875	-2.443159	-0.388472	-0.380736	1.213547	-0.159665	-0.106357	-0.170353	0.979627	0.557776	-0.825826	-0.083051	0.823149	0.537579	0.182851
64278	8.478858	-2.547177	-0.161669	-0.193797	1.157531	-0.157634	-0.116616	-0.175340	0.977577	0.556116	-0.827049	-0.082002	0.822883	0.534083	0.193957
64279	8.251689	-2.702133	0.071431	-0.015668	1.103439	-0.154332	-0.126486	-0.179969	0.975506	0.555830	-0.827382	-0.080572	0.821617	0.532024	0.204685
64280	8.076786	-2.634354	0.226089	0.166290	1.042486	-0.157279	-0.135672	-0.184305	0.973460	0.557151	-0.826658	-0.078861	0.819253	0.531665	0.214840
64281	7.952756	-2.480448	0.376594	0.338519	0.970971	-0.163859	-0.144465	-0.188143	0.971459	0.559721	-0.825136	-0.076569	0.815992	0.532684	0.224511
64282	7.880937	-2.274460	0.449479	0.485411	0.896835	-0.175317	-0.152628	-0.191601	0.969533	0.563458	-0.822832	-0.073908	0.811924	0.535010	0.233547
64283	7.949269	-2.134750	0.758236	0.621640	0.820604	-0.173574	-0.160192	-0.194604	0.967713	0.568251	-0.819804	-0.070793	0.807112	0.538563	0.241910
64284	8.064704	-2.008691	1.066271	0.756290	0.756719	-0.162486	-0.166981	-0.197524	0.965972	0.574241	-0.815893	-0.067571	0.801477	0.543417	0.249664
64285	8.197143	-1.723451	1.319512	0.886705	0.695457	-0.162840	-0.173412	-0.200021	0.964324	0.581075	-0.811346	-0.063797	0.795160	0.549281	0.256924
64286	8.354198	-1.262050	1.497427	0.997653	0.655300	-0.173643	-0.179339	-0.202363	0.962750	0.588833	-0.806044	-0.059738	0.788108	0.556185	0.263713
64287	8.423875	-0.651708	1.736527	1.113571	0.628564	-0.205173	-0.185423	-0.204257	0.961196	0.597225	-0.800197	-0.054834	0.780347	0.563882	0.270363
64288	8.382951	0.026614	2.081716	1.166140	0.603383	-0.228843	-0.191248	-0.205973	0.959687	0.605949	-0.793953	-0.049648	0.772172	0.572026	0.276651
64289	8.249353	0.547827	2.495744	1.175074	0.561911	-0.250781	-0.197031	-0.207247	0.958242	0.614521	-0.787673	-0.044000	0.763900	0.580190	0.282554
64290	8.114809	0.959203	3.133173	1.125087	0.523582	-0.251863	-0.202349	-0.208420	0.956878	0.622692	-0.781517	-0.038545	0.755850	0.588041	0.287921
64291	8.068556	1.274915	3.735374	1.032351	0.488323	-0.237220	-0.207445	-0.209481	0.955554	0.630004	-0.775877	-0.033321	0.748373	0.595091	0.292926
64292	7.714308	1.388288	4.192600	0.856415	0.448905	-0.190019	-0.211827	-0.210688	0.954327	0.635976	-0.771160	-0.029086	0.742067	0.600768	0.297345
64293	7.351688	1.260596	4.396082	0.680850	0.338042	-0.132391	-0.215109	-0.211726	0.953363	0.640762	-0.767305	-0.025830	0.736988	0.605323	0.300720
64294	7.082397	1.172863	4.570268	0.522277	0.199531	-0.067215	-0.216898	-0.212386	0.952810	0.644465	-0.764268	-0.023652	0.733226	0.608923	0.302644
64295	7.083657	1.015995	4.523668	0.377675	0.086733	-0.009348	-0.217530	-0.212862	0.952560	0.647243	-0.761953	-0.022461	0.730587	0.611651	0.303521
64296	7.104461	0.831448	4.327969	0.250982	-0.002123	0.020153	-0.217244	-0.213036	0.952586	0.649168	-0.760327	-0.021992	0.728962	0.613611	0.303473
64297	7.186046	0.912250	4.083103	0.110843	-0.076796	0.016410	-0.216514	-0.212707	0.952826	0.650044	-0.759582	-0.021855	0.728398	0.614647	0.302729
64298	7.336558	1.142972	3.960031	-0.018793	-0.165753	0.015450	-0.215133	-0.211848	0.953330	0.649941	-0.759662	-0.022142	0.728899	0.614845	0.301117
64299	7.719426	1.270915	3.873729	-0.128343	-0.258229	0.027985	-0.213004	-0.210491	0.954108	0.649098	-0.760362	-0.022837	0.730275	0.614446	0.298589
64300	8.232893	1.203812	3.940280	-0.248522	-0.317078	0.077256	-0.210152	-0.209164	0.955032	0.647439	-0.761728	-0.024361	0.732570	0.613205	0.295500
64301	8.726517	1.032512	3.945014	-0.358261	-0.339168	0.137831	-0.206708	-0.208157	0.956003	0.645129	-0.763604	-0.026774	0.735582	0.611211	0.292131
64302	9.285856	0.544466	3.839364	-0.382137	-0.330554	0.189095	-0.203020	-0.207688	0.956895	0.642688	-0.765549	-0.029802	0.738739	0.608934	0.288900
64303	9.764894	0.190772	3.885538	-0.320821	-0.326640	0.236687	-0.199020	-0.207534	0.957769	0.640822	-0.766979	-0.033033	0.741443	0.607185	0.285636
64304	10.230655	-0.116706	4.069583	-0.197824	-0.292977	0.297791	-0.194897	-0.208073	0.958499	0.639933	-0.767563	-0.036503	0.743304	0.606261	0.282749
64305	10.313036	-0.298403	4.319053	-0.047644	-0.220921	0.354582	-0.190921	-0.209473	0.958994	0.640296	-0.767082	-0.040081	0.744023	0.606388	0.280576
64306	9.962966	-0.603616	4.533010	0.072476	-0.158208	0.395051	-0.187188	-0.211541	0.959276	0.641584	-0.765808	-0.043682	0.743862	0.607280	0.279071
64307	9.454422	-0.626253	4.594661	0.118941	-0.158003	0.425685	-0.183214	-0.213855	0.959530	0.643289	-0.764150	-0.047479	0.743379	0.608557	0.277574
64308	9.128962	-0.479672	4.467599	0.123711	-0.230974	0.475016	-0.178429	-0.216168	0.959914	0.645043	-0.762389	-0.051786	0.743022	0.609946	0.275470
64309	8.891486	-0.290028	4.135868	0.090045	-0.354097	0.525038	-0.172343	-0.218022	0.960606	0.646665	-0.760670	-0.056625	0.743049	0.611431	0.272083
64310	8.704461	-0.202797	3.692388	0.022780	-0.510059	0.536299	-0.165080	-0.219022	0.961654	0.647719	-0.759372	-0.061762	0.743780	0.612686	0.267221
64311	8.594971	-0.325486	3.257050	-0.083758	-0.669653	0.529894	-0.156597	-0.218956	0.963087	0.647978	-0.758695	-0.067127	0.745387	0.613547	0.260688
64312	8.537174	-0.621762	2.684279	-0.212534	-0.816279	0.520090	-0.147139	-0.217980	0.964798	0.647148	-0.758884	-0.072763	0.748030	0.613661	0.252727
64313	8.614605	-1.009744	1.474119	-0.322009	-0.974866	0.515782	-0.136432	-0.215934	0.966829	0.645495	-0.759710	-0.078588	0.751480	0.613362	0.243033
64314	9.366056	-0.896670	0.262463	-0.401952	-1.224365	0.499079	-0.123971	-0.212244	0.969321	0.643119	-0.761101	-0.084400	0.755665	0.612925	0.230852
64315	11.844254	0.001429	-0.443182	-0.445764	-1.536218	0.423253	-0.109546	-0.206072	0.972386	0.640263	-0.762918	-0.089551	0.760305	0.612772	0.215515
64316	14.623599	-0.045682	-0.470244	-0.384471	-1.681625	0.273241	-0.094987	-0.197900	0.975609	0.637613	-0.764717	-0.093042	0.764478	0.613223	0.198822
64317	15.895116	-1.892691	0.478258	0.038409	-1.508288	0.143909	-0.082466	-0.189745	0.978364	0.638062	-0.764174	-0.094422	0.765556	0.616470	0.184087
64318	15.122511	-3.877589	2.722412	1.025599	-1.013574	0.126945	-0.073915	-0.184402	0.980068	0.646027	-0.757528	-0.093808	0.759727	0.626217	0.175121
64319	12.400623	-3.049476	5.656143	1.738542	-0.549050	0.292532	-0.067800	-0.183141	0.980746	0.659374	-0.745952	-0.093713	0.748752	0.640325	0.171333
64320	9.866279	-1.213129	6.368209	1.800905	-0.449655	0.477890	-0.061285	-0.183794	0.981052	0.673072	-0.733405	-0.095353	0.737034	0.654475	0.168653
64321	8.638878	0.905024	4.890746	1.365262	-0.685277	0.565154	-0.052366	-0.183401	0.981642	0.683420	-0.723325	-0.098683	0.728145	0.665706	0.163218
64322	8.507604	2.609473	2.330641	0.837210	-0.930139	0.583792	-0.041598	-0.181404	0.982529	0.689770	-0.716649	-0.103111	0.722833	0.673429	0.154938
64323	8.488838	3.494850	0.034586	0.258679	-1.105601	0.583200	-0.029520	-0.178121	0.983566	0.691868	-0.713824	-0.108506	0.721420	0.677295	0.144309
64324	7.917844	2.763545	-1.887044	-0.068967	-1.188189	0.570846	-0.016991	-0.174180	0.984567	0.691508	-0.713276	-0.114253	0.722169	0.678895	0.132566
64325	7.133476	1.126884	-2.772327	-0.047706	-1.272727	0.542007	-0.003984	-0.169405	0.985538	0.691242	-0.712640	-0.119702	0.722612	0.680769	0.119939
64326	6.952053	-0.627609	-2.893231	0.019848	-1.363551	0.547679	0.009688	-0.164015	0.986410	0.691394	-0.711564	-0.125105	0.722413	0.683210	0.106505
64327	7.881444	-1.574866	-2.136060	-0.138244	-1.463990	0.587668	0.024394	-0.158196	0.987106	0.690315	-0.711534	-0.131092	0.723098	0.684612	0.091848
64328	9.149253	-2.049654	-1.213153	-0.598506	-1.473383	0.632910	0.039441	-0.152497	0.987517	0.685891	-0.714550	-0.137738	0.726635	0.682761	0.076414
64329	9.934627	-2.729036	-0.739173	-1.095751	-1.400408	0.615256	0.053924	-0.147405	0.987605	0.677623	-0.721050	-0.144619	0.733430	0.677022	0.061003
64330	9.594688	-3.565201	-1.091230	-1.342001	-1.302011	0.516388	0.067007	-0.142395	0.987539	0.667463	-0.729287	-0.150446	0.741622	0.669226	0.046176
64331	8.991047	-4.241052	-2.113274	-1.205317	-1.287277	0.372019	0.079130	-0.136567	0.987465	0.658227	-0.736765	-0.154641	0.748649	0.662213	0.031592
64332	9.395623	-4.452028	-2.710651	-0.837652	-1.354349	0.261870	0.091019	-0.129551	0.987386	0.651771	-0.741898	-0.157423	0.752934	0.657879	0.016911
64333	10.238089	-4.175114	-2.352252	-0.435674	-1.318847	0.198308	0.102313	-0.122374	0.987196	0.648313	-0.744484	-0.159478	0.754468	0.656329	0.003166
64334	10.565763	-3.469692	-1.410054	-0.148095	-1.185085	0.144992	0.112171	-0.115659	0.986935	0.647115	-0.745224	-0.160881	0.754095	0.656707	-0.008748
64335	10.333112	-2.863950	-0.533745	-0.002342	-1.048275	0.128845	0.120967	-0.109744	0.986571	0.646963	-0.745069	-0.162206	0.752865	0.657897	-0.019129
64336	9.853960	-2.364765	0.019177	0.087913	-0.976944	0.135973	0.129193	-0.104285	0.986121	0.647518	-0.744294	-0.163543	0.751019	0.659659	-0.028631
64337	9.437611	-2.028546	0.438196	0.099304	-0.960777	0.152778	0.137453	-0.099090	0.985539	0.648074	-0.743458	-0.165137	0.749071	0.661401	-0.037972
64338	9.569364	-1.605121	0.979345	0.061950	-0.949519	0.177863	0.145703	-0.094127	0.984840	0.648338	-0.742830	-0.166915	0.747280	0.662830	-0.047207
64339	9.719860	-1.560609	1.328527	-0.019506	-0.890059	0.199983	0.153709	-0.089724	0.984034	0.647907	-0.742751	-0.168929	0.746049	0.663529	-0.056034
64340	9.928641	-1.192935	1.688855	-0.207995	-0.819316	0.234632	0.161351	-0.086059	0.983138	0.646019	-0.743889	-0.171140	0.746073	0.662739	-0.064431
64341	9.692673	-1.193785	1.660461	-0.496172	-0.764352	0.289351	0.168987	-0.083177	0.982102	0.641848	-0.746901	-0.173698	0.747981	0.659713	-0.072830
64342	9.490664	-1.286798	1.265565	-0.717794	-0.744364	0.320737	0.176624	-0.080704	0.980964	0.635936	-0.751331	-0.176313	0.751258	0.654972	-0.081380
64343	9.533139	-1.095162	0.810194	-0.894138	-0.729684	0.310149	0.184145	-0.078302	0.979775	0.628653	-0.756890	-0.178643	0.755570	0.648835	-0.090153
64344	9.452200	-1.194521	0.075624	-1.070414	-0.709671	0.298321	0.191381	-0.076013	0.978568	0.620008	-0.763535	-0.180566	0.760896	0.641277	-0.098997
64345	9.343128	-1.419622	-0.524054	-1.161217	-0.697467	0.288089	0.198543	-0.073797	0.977310	0.610589	-0.770694	-0.182238	0.766656	0.632917	-0.107957
64346	9.206503	-1.798089	-1.078274	-1.209435	-0.702033	0.283000	0.205648	-0.071566	0.976006	0.600741	-0.778068	-0.183631	0.772541	0.624090	-0.117016
64347	9.303486	-2.175987	-1.465737	-1.210590	-0.697600	0.274843	0.212757	-0.069411	0.974637	0.590790	-0.785353	-0.184896	0.778268	0.615144	-0.126082
64348	9.344827	-2.547452	-1.705015	-1.140837	-0.669818	0.261464	0.219526	-0.067418	0.973275	0.581335	-0.792122	-0.185992	0.783491	0.606628	-0.134699
64349	9.228243	-2.778603	-1.710985	-1.072637	-0.622902	0.224507	0.225777	-0.065470	0.971976	0.572417	-0.798415	-0.186744	0.788266	0.598538	-0.142788
64350	9.118161	-2.957782	-1.734823	-1.010595	-0.595339	0.201545	0.231642	-0.063565	0.970722	0.563966	-0.804290	-0.187244	0.792644	0.590828	-0.150459
64351	9.126683	-2.989579	-1.644302	-0.941621	-0.585146	0.185387	0.237390	-0.061646	0.969456	0.556060	-0.809682	-0.187648	0.796519	0.583622	-0.157932
64352	9.084566	-2.812857	-1.692719	-0.880507	-0.564514	0.178581	0.242887	-0.059878	0.968205	0.548621	-0.814657	-0.188011	0.800013	0.576843	-0.165019
64353	9.023937	-2.533376	-1.942545	-0.813626	-0.554169	0.164837	0.248288	-0.058067	0.966944	0.541706	-0.819208	-0.188292	0.803062	0.570550	-0.171944
64354	8.953701	-2.302169	-2.236643	-0.742471	-0.566231	0.151166	0.253674	-0.056154	0.965658	0.535357	-0.823320	-0.188513	0.805632	0.564792	-0.178792
64355	8.975777	-2.130892	-2.444787	-0.672036	-0.590185	0.142327	0.259252	-0.054034	0.964297	0.529581	-0.827000	-0.188719	0.807671	0.559599	-0.185786
64356	9.019775	-1.995667	-2.583689	-0.617830	-0.602844	0.130237	0.264837	-0.051813	0.962900	0.524242	-0.830361	-0.188869	0.809340	0.554812	-0.192748
64357	9.009616	-1.748404	-2.613215	-0.586200	-0.611270	0.111239	0.270428	-0.049385	0.961473	0.519205	-0.833524	-0.188847	0.810737	0.550271	-0.199767
64358	9.025747	-1.557169	-2.522158	-0.586821	-0.624186	0.105792	0.276073	-0.046900	0.959992	0.514139	-0.836685	-0.188731	0.812062	0.545673	-0.206873
64359	9.042411	-1.437435	-2.328428	-0.603216	-0.640587	0.092708	0.281812	-0.044221	0.958450	0.508987	-0.839901	-0.188409	0.813335	0.540935	-0.214186
64360	9.071834	-1.232500	-2.150334	-0.613831	-0.647639	0.071604	0.287482	-0.041386	0.956891	0.503785	-0.843163	-0.187821	0.814589	0.536062	-0.221545
64361	9.121752	-1.118567	-1.924445	-0.631958	-0.665952	0.050516	0.293222	-0.038285	0.955277	0.498495	-0.846497	-0.186938	0.815796	0.531015	-0.229127
64362	9.194740	-1.043439	-1.703050	-0.652552	-0.678914	0.039698	0.298999	-0.035080	0.953608	0.493046	-0.849919	-0.185858	0.817010	0.525744	-0.236829
64363	9.148242	-1.145995	-1.497501	-0.672448	-0.700721	0.042059	0.304992	-0.031800	0.951824	0.487429	-0.853405	-0.184698	0.818164	0.520278	-0.244782
64364	9.103278	-1.387570	-1.372274	-0.692228	-0.722740	0.044020	0.311163	-0.028481	0.949930	0.481618	-0.856965	-0.183454	0.819281	0.514588	-0.252938
64365	9.128092	-1.638896	-1.295638	-0.696096	-0.755414	0.059341	0.317696	-0.025152	0.947859	0.475733	-0.860494	-0.182286	0.820212	0.508839	-0.261410
64366	9.362252	-1.697886	-1.149845	-0.700361	-0.772438	0.061076	0.324360	-0.021820	0.945682	0.469780	-0.864015	-0.181066	0.821034	0.502993	-0.270001
64367	9.694493	-1.506193	-1.089179	-0.743565	-0.763895	0.068540	0.331012	-0.018623	0.943443	0.463454	-0.867702	-0.179733	0.821974	0.496736	-0.278589
64368	9.755408	-1.344679	-0.836500	-0.795251	-0.726592	0.072047	0.337354	-0.015722	0.941247	0.456654	-0.871609	-0.178229	0.823201	0.489950	-0.286861
64369	9.663562	-1.290618	-0.548748	-0.866704	-0.688501	0.073158	0.343414	-0.013043	0.939094	0.449269	-0.875797	-0.176456	0.824757	0.482503	-0.294901
64370	9.513491	-1.417909	-0.353021	-0.938294	-0.657158	0.084847	0.349249	-0.010707	0.936969	0.441208	-0.880273	-0.174516	0.826657	0.474347	-0.302710
64371	9.653051	-1.604754	-0.190509	-0.995459	-0.636105	0.092315	0.354972	-0.008562	0.934838	0.432648	-0.884928	-0.172388	0.828740	0.465649	-0.310420
64372	9.888971	-1.660081	-0.294940	-1.048282	-0.606190	0.093226	0.360431	-0.006667	0.932762	0.423589	-0.889752	-0.170039	0.831061	0.456395	-0.317871
64373	10.090554	-1.532317	-0.565283	-1.097458	-0.579666	0.075225	0.365625	-0.004752	0.930750	0.414186	-0.894690	-0.167272	0.833527	0.446663	-0.325153
64374	10.026014	-1.479189	-0.851601	-1.120099	-0.558712	0.039855	0.370477	-0.002727	0.928838	0.404650	-0.899638	-0.164041	0.836065	0.436627	-0.332192
64375	9.995840	-1.429164	-0.947871	-1.108400	-0.550738	-0.001104	0.375137	-0.000373	0.926969	0.395378	-0.904410	-0.160370	0.838420	0.426664	-0.339131
64376	10.227255	-1.537643	-0.780797	-1.071450	-0.541835	-0.048500	0.379517	0.002257	0.925182	0.386520	-0.908934	-0.156336	0.840576	0.416934	-0.345828
64377	10.419076	-1.722113	-0.424614	-1.017058	-0.506820	-0.085593	0.383508	0.005093	0.923524	0.378292	-0.913112	-0.152056	0.842507	0.407676	-0.352112
64378	10.573059	-2.063670	-0.073031	-0.947876	-0.485280	-0.107658	0.387215	0.007929	0.921955	0.370658	-0.916936	-0.147788	0.844202	0.398956	-0.357990
64379	10.908702	-2.190000	0.282245	-0.882516	-0.456323	-0.121726	0.390676	0.010814	0.920465	0.363678	-0.920398	-0.143544	0.845642	0.390832	-0.363510
64380	11.218888	-2.140339	0.645954	-0.858797	-0.398790	-0.142132	0.393554	0.013542	0.919202	0.356896	-0.923715	-0.139195	0.847196	0.382840	-0.368365
64381	11.491840	-1.906158	1.083777	-0.835611	-0.327015	-0.157216	0.395822	0.016200	0.918184	0.350433	-0.926848	-0.134716	0.848835	0.375086	-0.372544
64382	11.727144	-1.741505	1.707560	-0.817435	-0.254072	-0.165069	0.397417	0.018529	0.917451	0.344052	-0.929872	-0.130255	0.850698	0.367417	-0.375922
64383	12.288668	-1.932106	2.768193	-0.774177	-0.181801	-0.178160	0.398408	0.020813	0.916972	0.338171	-0.932644	-0.125761	0.852591	0.360198	-0.378611
64384	13.565240	-2.271306	3.918193	-0.675032	-0.022678	-0.175493	0.398016	0.022361	0.917106	0.332997	-0.935039	-0.121719	0.854808	0.353839	-0.379606
64385	13.794308	-2.089806	4.987000	-0.534991	0.237545	-0.174493	0.395455	0.023122	0.918194	0.329112	-0.936870	-0.118152	0.857497	0.348912	-0.378099
64386	13.538726	-1.214001	5.591857	-0.388777	0.465177	-0.223992	0.390718	0.023402	0.920213	0.326512	-0.938199	-0.114776	0.860657	0.345306	-0.374211
64387	13.504949	0.162924	5.506177	-0.339782	0.712553	-0.353776	0.383469	0.024234	0.923236	0.324954	-0.939274	-0.110315	0.864498	0.342312	-0.368057
64388	13.386795	2.027977	5.492883	-0.320601	1.048829	-0.508282	0.372709	0.025207	0.927606	0.323934	-0.940279	-0.104604	0.869572	0.339470	-0.358616
64389	12.762457	3.746790	5.173832	-0.429025	1.460983	-0.616948	0.358012	0.026040	0.933354	0.322448	-0.941561	-0.097414	0.876273	0.335834	-0.345486
64390	12.312616	3.701307	5.483057	-0.914733	1.828838	-0.617426	0.339899	0.025573	0.940114	0.316383	-0.944476	-0.088697	0.885647	0.327585	-0.329117
64391	12.648319	2.270318	4.098072	-1.439125	2.144108	-0.600950	0.318966	0.024338	0.947453	0.305541	-0.948939	-0.078486	0.897165	0.314521	-0.310116
64392	13.787707	-0.373088	2.873302	-1.741102	2.437469	-0.496399	0.295420	0.021377	0.955128	0.291176	-0.954199	-0.068704	0.909914	0.298407	-0.288114
64393	14.571635	-3.144097	0.602309	-2.044726	2.709168	-0.266538	0.269882	0.016059	0.962759	0.273196	-0.960050	-0.060568	0.923324	0.279368	-0.263487
64394	14.023556	-5.151868	-2.600681	-2.204377	2.879692	0.027112	0.243120	0.007828	0.969965	0.252448	-0.966019	-0.055480	0.936570	0.258354	-0.236834
64395	13.315274	-6.431069	-5.796084	-1.962742	2.743836	0.230406	0.217875	-0.001279	0.975976	0.233438	-0.970905	-0.053384	0.947648	0.239461	-0.211238
64396	13.456330	-6.989398	-7.293064	-1.256294	2.425809	0.396502	0.195633	-0.011042	0.980615	0.220457	-0.973848	-0.054947	0.955576	0.226933	-0.188083
64397	13.111870	-7.157735	-7.316976	-0.318576	2.163786	0.481198	0.176003	-0.020649	0.984173	0.216527	-0.974482	-0.059168	0.960281	0.223514	-0.167041
64398	13.202773	-6.235556	-5.955530	0.568454	1.959586	0.478247	0.158154	-0.030006	0.986959	0.220959	-0.973115	-0.064992	0.962374	0.228356	-0.147272
64399	13.365459	-5.095365	-4.836477	1.253216	2.036172	0.365305	0.139431	-0.038368	0.989488	0.232496	-0.970048	-0.070376	0.962551	0.239865	-0.126334
64400	12.341187	-3.370454	-5.178649	1.514545	2.128907	0.251397	0.119490	-0.046336	0.991754	0.246491	-0.966251	-0.074842	0.961751	0.253401	-0.104036
64401	11.584530	-0.932672	-4.730050	1.474738	2.061791	0.119695	0.100028	-0.052896	0.993578	0.260553	-0.962347	-0.077464	0.960264	0.266628	-0.082479
64402	12.104256	0.182415	-3.794811	1.127404	2.099336	0.023131	0.079883	-0.059084	0.995052	0.271108	-0.959324	-0.078727	0.959228	0.276055	-0.060616
64403	12.526918	0.140835	-3.037101	0.790059	2.246561	0.066073	0.058571	-0.066032	0.996097	0.278660	-0.957066	-0.079830	0.958602	0.282249	-0.037656
64404	11.707141	-0.362127	-2.944810	0.438888	2.377686	0.188288	0.036251	-0.074815	0.996538	0.282554	-0.955738	-0.082031	0.958566	0.284549	-0.013507
64405	10.476175	-0.743633	-3.392237	0.167534	2.287324	0.299848	0.015223	-0.084231	0.996330	0.284107	-0.955010	-0.085078	0.958672	0.284359	0.009393
64406	10.163309	-1.731670	-4.296029	-0.015050	2.080161	0.380333	-0.003697	-0.093977	0.995567	0.283731	-0.954758	-0.089071	0.958897	0.282144	0.030194
64407	10.709731	-2.354016	-5.160052	0.106754	1.975748	0.499833	-0.021167	-0.104357	0.994315	0.284843	-0.953949	-0.094057	0.958340	0.281233	0.049917
64408	10.418072	-2.081626	-5.167134	0.290283	1.997707	0.581758	-0.038686	-0.115733	0.992527	0.287598	-0.952531	-0.099860	0.956970	0.281586	0.070134
