// General information: 
//  MT Manager version: 2022.2.0 
//  XDA version: 2022.2.0 build 7381 rev 124627 built on 2023-07-19
// Device information: 
//  DeviceId: 00B4CB9F
//  ProductCode: MTW2-3A7G6
//  Firmware Version: 4.6.0
//  Hardware Version: 2.0.0
// Device settings: 
//  Filter Profile: human(46.1)
//  Option Flags: Orientation Smoother Disabled, Position/Velocity Smoother Disabled, Continuous Zero Rotation Update Disabled, AHS Disabled, ICC Disabled
// Coordinate system: ENU
PacketCounter	Acc_X	Acc_Y	Acc_Z	Gyr_X	Gyr_Y	Gyr_Z	Mat[1][1]	Mat[2][1]	Mat[3][1]	Mat[1][2]	Mat[2][2]	Mat[3][2]	Mat[1][3]	Mat[2][3]	Mat[3][3]
07297	9.658841	1.005647	1.126553	0.007162	0.031999	-0.000198	-0.145729	0.012046	0.989251	0.576576	-0.811523	0.094819	0.803942	0.584196	0.111317
07298	9.667237	1.061954	1.110690	0.006378	0.033841	-0.004027	-0.145972	0.011898	0.989217	0.576626	-0.811484	0.094849	0.803863	0.584253	0.111593
07299	9.661615	1.039260	1.168820	-0.007064	0.033025	-0.005495	-0.146202	0.011737	0.989185	0.576583	-0.811514	0.094848	0.803851	0.584215	0.111878
07300	9.636375	1.018499	1.160854	-0.018135	0.033379	-0.006880	-0.146495	0.011606	0.989143	0.576500	-0.811567	0.094903	0.803857	0.584144	0.112200
07301	9.682921	0.971440	1.202825	-0.023907	0.029153	-0.006503	-0.146700	0.011476	0.989114	0.576321	-0.811695	0.094894	0.803948	0.583969	0.112462
07302	9.670985	0.956208	1.154747	-0.031903	0.027146	-0.004721	-0.146879	0.011348	0.989089	0.576109	-0.811849	0.094866	0.804068	0.583757	0.112706
07303	9.647636	0.951492	1.164223	-0.036649	0.024813	-0.004888	-0.147040	0.011231	0.989067	0.575830	-0.812052	0.094826	0.804238	0.583477	0.112937
07304	9.676550	0.922257	1.157416	-0.038171	0.023502	-0.000394	-0.147154	0.011069	0.989052	0.575600	-0.812226	0.094730	0.804382	0.583238	0.113150
07305	9.686032	0.894779	1.084227	-0.047587	0.020527	0.000013	-0.147252	0.010937	0.989039	0.575240	-0.812493	0.094629	0.804621	0.582869	0.113350
07306	9.701789	0.859200	1.116765	-0.046814	0.018692	0.003846	-0.147270	0.010797	0.989037	0.574846	-0.812790	0.094469	0.804900	0.582457	0.113493
07307	9.685620	0.893538	1.088923	-0.047032	0.021668	-0.003179	-0.147396	0.010684	0.989020	0.574486	-0.813053	0.094400	0.805134	0.582092	0.113702
07308	9.669440	0.928237	1.061014	-0.037063	0.017729	-0.001990	-0.147525	0.010611	0.989001	0.574238	-0.813230	0.094382	0.805287	0.581846	0.113878
07309	9.640016	0.956978	1.072553	-0.036677	0.016811	-0.000074	-0.147594	0.010502	0.988992	0.573965	-0.813433	0.094294	0.805469	0.581564	0.114030
07310	9.684096	0.949782	1.043522	-0.037880	0.020928	0.000799	-0.147714	0.010375	0.988976	0.573707	-0.813623	0.094224	0.805631	0.581300	0.114231
07311	9.693569	0.948418	1.079012	-0.025285	0.021890	-0.002292	-0.147836	0.010253	0.988959	0.573523	-0.813759	0.094171	0.805740	0.581112	0.114423
07312	9.664065	0.977592	1.090805	-0.017432	0.020515	-0.005559	-0.148010	0.010182	0.988933	0.573430	-0.813820	0.094202	0.805773	0.581027	0.114615
07313	9.679720	0.942844	1.123084	-0.002179	0.021359	-0.000786	-0.148120	0.010052	0.988918	0.573434	-0.813822	0.094161	0.805750	0.581027	0.114780
07314	9.635187	0.949579	1.156218	-0.001863	0.018741	0.000378	-0.148178	0.009923	0.988911	0.573456	-0.813815	0.094092	0.805724	0.581039	0.114899
07315	9.619064	0.984568	1.127848	0.005108	0.018858	-0.000853	-0.148268	0.009808	0.988899	0.573519	-0.813775	0.094060	0.805663	0.581098	0.115032
07316	9.659501	0.970948	1.171094	0.000292	0.014831	-0.001780	-0.148370	0.009757	0.988884	0.573531	-0.813763	0.094081	0.805635	0.581115	0.115142
07317	9.637980	0.982781	1.197256	0.004647	0.018093	-0.003514	-0.148470	0.009668	0.988870	0.573587	-0.813725	0.094074	0.805577	0.581170	0.115268
07318	9.629782	1.000626	1.183896	-0.005086	0.017736	-0.004286	-0.148594	0.009601	0.988852	0.573592	-0.813719	0.094094	0.805551	0.581179	0.115407
07319	9.660493	0.988435	1.194118	-0.007917	0.015801	-0.007038	-0.148695	0.009554	0.988837	0.573541	-0.813753	0.094108	0.805569	0.581132	0.115522
07320	9.675303	1.011146	1.174329	-0.012377	0.020242	-0.004220	-0.148802	0.009468	0.988822	0.573459	-0.813813	0.094089	0.805607	0.581050	0.115667
07321	9.655810	1.013228	1.109906	-0.017872	0.014730	0.003911	-0.148831	0.009338	0.988819	0.573344	-0.813906	0.093983	0.805683	0.580921	0.115781
07322	9.713461	1.011858	1.040392	-0.012637	0.008439	0.004919	-0.148771	0.009220	0.988829	0.573321	-0.813938	0.093847	0.805711	0.580878	0.115804
07323	9.718025	0.960788	1.019918	-0.017317	-0.000263	0.010262	-0.148643	0.009126	0.988849	0.573220	-0.814029	0.093678	0.805806	0.580753	0.115769
07324	9.744905	0.971412	0.940834	-0.027938	0.000878	0.011523	-0.148539	0.009030	0.988865	0.573048	-0.814169	0.093513	0.805948	0.580558	0.115761
07325	9.759144	0.919082	0.953125	-0.031686	-0.002586	0.003444	-0.148432	0.009004	0.988882	0.572821	-0.814342	0.093396	0.806129	0.580315	0.115716
07326	9.728224	0.931179	0.944755	-0.032005	0.000038	0.002285	-0.148337	0.008978	0.988896	0.572593	-0.814515	0.093285	0.806308	0.580073	0.115682
07327	9.726526	0.914401	0.927036	-0.028677	0.001408	0.001091	-0.148275	0.008948	0.988906	0.572387	-0.814670	0.093195	0.806466	0.579855	0.115674
07328	9.711350	0.892129	0.949404	-0.012346	0.010863	-0.006043	-0.148330	0.008911	0.988898	0.572362	-0.814688	0.093193	0.806474	0.579831	0.115742
07329	9.691574	0.920310	0.993298	0.000220	0.013145	-0.002514	-0.148383	0.008843	0.988890	0.572383	-0.814676	0.093171	0.806449	0.579849	0.115823
07330	9.698599	0.960516	0.957746	0.014488	0.010748	-0.003809	-0.148431	0.008805	0.988884	0.572548	-0.814557	0.093192	0.806323	0.580016	0.115864
07331	9.709755	0.976111	1.010161	0.025462	0.018075	-0.001313	-0.148517	0.008698	0.988872	0.572775	-0.814398	0.093188	0.806146	0.580241	0.115970
07332	9.637680	1.028271	1.070078	0.027895	0.012874	0.004301	-0.148526	0.008576	0.988871	0.573066	-0.814200	0.093134	0.805937	0.580522	0.116015
07333	9.640086	0.987025	1.140361	0.057085	0.005875	0.011410	-0.148441	0.008436	0.988885	0.573567	-0.813858	0.093041	0.805597	0.581003	0.115971
07334	9.631548	1.061369	1.072915	0.069533	-0.004608	0.011610	-0.148333	0.008393	0.988902	0.574196	-0.813415	0.093031	0.805169	0.581623	0.115837
07335	9.669842	1.088285	1.043600	0.068679	-0.004434	0.007043	-0.148190	0.008349	0.988924	0.574782	-0.813005	0.092994	0.804776	0.582197	0.115680
07336	9.666510	1.056094	1.006349	0.058139	-0.005962	-0.004919	-0.148165	0.008465	0.988926	0.575249	-0.812658	0.093143	0.804448	0.582679	0.115538
07337	9.699222	1.060735	1.031416	0.041924	-0.015059	-0.003641	-0.147999	0.008570	0.988950	0.575604	-0.812402	0.093181	0.804224	0.583035	0.115301
07338	9.776292	1.058814	1.025218	0.040373	-0.011356	-0.011293	-0.147921	0.008725	0.988961	0.575976	-0.812123	0.093315	0.803972	0.583421	0.115105
07339	9.746054	1.015753	1.067445	0.041679	-0.002675	-0.008835	-0.147884	0.008800	0.988966	0.576322	-0.811868	0.093404	0.803731	0.583775	0.114991
07340	9.716563	0.915558	1.161989	0.055044	-0.003550	-0.008077	-0.147897	0.008904	0.988963	0.576826	-0.811491	0.093568	0.803367	0.584297	0.114881
07341	9.691816	0.895905	1.149493	0.053483	-0.007902	-0.010943	-0.147830	0.009026	0.988972	0.577263	-0.811166	0.093692	0.803065	0.584747	0.114704
07342	9.716533	0.918855	1.159637	0.052063	-0.008864	-0.012314	-0.147796	0.009184	0.988975	0.577726	-0.810815	0.093867	0.802738	0.585230	0.114530
07343	9.662515	0.928331	1.156520	0.049970	-0.003243	-0.009414	-0.147758	0.009267	0.988980	0.578137	-0.810510	0.093971	0.802449	0.585651	0.114402
07344	9.641157	0.941402	1.180165	0.040559	-0.006229	-0.009025	-0.147689	0.009373	0.988990	0.578493	-0.810245	0.094067	0.802206	0.586016	0.114242
07345	9.677581	0.952886	1.133000	0.022416	-0.006351	-0.003354	-0.147591	0.009425	0.989004	0.578691	-0.810102	0.094079	0.802081	0.586213	0.114109
07346	9.673955	0.946584	1.204595	-0.000815	-0.017303	-0.001590	-0.147444	0.009551	0.989024	0.578744	-0.810062	0.094102	0.802070	0.586266	0.113911
07347	9.649439	0.924978	1.191821	-0.017401	-0.013063	0.006946	-0.147233	0.009559	0.989056	0.578638	-0.810153	0.093967	0.802185	0.586141	0.113750
07348	9.675226	0.887983	1.254314	-0.016028	-0.010735	0.014930	-0.147042	0.009519	0.989084	0.578580	-0.810212	0.093812	0.802261	0.586059	0.113628
07349	9.616399	0.844625	1.197433	-0.021264	-0.012500	0.018699	-0.146767	0.009428	0.989126	0.578462	-0.810327	0.093557	0.802397	0.585902	0.113475
07350	9.610473	0.876473	1.199223	-0.016598	-0.011850	0.018134	-0.146516	0.009355	0.989164	0.578411	-0.810388	0.093339	0.802480	0.585819	0.113324
07351	9.609652	0.958056	1.255174	-0.015780	-0.006993	0.010562	-0.146333	0.009298	0.989192	0.578324	-0.810470	0.093170	0.802576	0.585707	0.113221
07352	9.624876	0.979300	1.233057	-0.016943	-0.004230	0.004816	-0.146192	0.009300	0.989213	0.578161	-0.810597	0.093065	0.802719	0.585530	0.113126
07353	9.668204	1.055043	1.258653	-0.015277	0.000479	0.001821	-0.146119	0.009271	0.989224	0.578066	-0.810675	0.092984	0.802801	0.585423	0.113096
07354	9.624805	1.134863	1.256164	-0.027157	0.004025	0.003193	-0.146059	0.009208	0.989233	0.577899	-0.810807	0.092873	0.802932	0.585242	0.113104
07355	9.567356	1.109223	1.218922	-0.040598	0.003212	0.001698	-0.146009	0.009164	0.989241	0.577600	-0.811032	0.092765	0.803156	0.584930	0.113125
07356	9.624013	1.190399	1.205540	-0.061722	-0.002225	0.003140	-0.145929	0.009176	0.989252	0.577112	-0.811392	0.092659	0.803521	0.584431	0.113110
07357	9.635659	1.178723	1.148857	-0.086346	0.005043	0.001324	-0.145896	0.009124	0.989258	0.576444	-0.811884	0.092502	0.804007	0.583747	0.113191
07358	9.640918	1.070150	1.181235	-0.095776	0.002091	0.001728	-0.145870	0.009094	0.989262	0.575758	-0.812386	0.092365	0.804503	0.583049	0.113267
07359	9.635780	1.019643	1.128132	-0.108611	-0.003912	0.002584	-0.145757	0.009084	0.989279	0.574912	-0.813007	0.092171	0.805128	0.582183	0.113279
07360	9.717322	0.965180	1.103228	-0.107182	-0.004241	-0.002631	-0.145700	0.009142	0.989287	0.574093	-0.813597	0.092070	0.805722	0.581357	0.113292
07361	9.685407	0.903429	1.129256	-0.095728	0.002552	-0.004076	-0.145678	0.009149	0.989290	0.573340	-0.814141	0.091956	0.806262	0.580596	0.113357
07362	9.712836	0.857689	1.102672	-0.094292	0.002219	-0.009296	-0.145699	0.009230	0.989286	0.572587	-0.814674	0.091929	0.806794	0.579846	0.113412
07363	9.681774	0.870481	1.094981	-0.088892	-0.001992	-0.013396	-0.145693	0.009338	0.989286	0.571875	-0.815175	0.091915	0.807300	0.579139	0.113425
07364	9.696733	0.893128	1.074280	-0.084017	0.003747	-0.011696	-0.145703	0.009412	0.989284	0.571194	-0.815655	0.091886	0.807779	0.578461	0.113467
07365	9.704514	0.875770	1.090589	-0.088956	0.007452	-0.011513	-0.145763	0.009450	0.989274	0.570483	-0.816157	0.091853	0.808271	0.577753	0.113574
07366	9.687568	0.837216	1.095261	-0.098473	0.002832	-0.011861	-0.145791	0.009520	0.989270	0.569745	-0.816676	0.091824	0.808786	0.577019	0.113640
07367	9.666114	0.848589	1.121194	-0.102073	0.005818	-0.011047	-0.145835	0.009564	0.989263	0.568928	-0.817251	0.091771	0.809354	0.576202	0.113743
07368	9.683593	0.829248	1.170617	-0.108303	0.003885	-0.005972	-0.145773	0.009546	0.989272	0.568135	-0.817821	0.091609	0.809922	0.575394	0.113793
07369	9.672962	0.756147	1.171803	-0.113469	0.002542	-0.008042	-0.145773	0.009585	0.989272	0.567228	-0.818460	0.091513	0.810557	0.574483	0.113873
07370	9.667739	0.707118	1.118408	-0.106366	0.006063	-0.007745	-0.145786	0.009594	0.989270	0.566442	-0.819016	0.091418	0.811104	0.573691	0.113967
07371	9.644621	0.701714	1.126062	-0.108449	0.002317	-0.006668	-0.145777	0.009623	0.989271	0.565577	-0.819625	0.091315	0.811710	0.572820	0.114040
07372	9.683458	0.670685	1.150434	-0.102299	0.005625	-0.005085	-0.145799	0.009622	0.989268	0.564819	-0.820158	0.091221	0.812233	0.572057	0.114143
07373	9.650709	0.666701	1.124817	-0.087626	0.002276	-0.004505	-0.145776	0.009633	0.989271	0.564125	-0.820646	0.091119	0.812719	0.571356	0.114197
07374	9.634763	0.701504	1.095845	-0.078910	0.000716	-0.003213	-0.145697	0.009625	0.989282	0.563546	-0.821059	0.090985	0.813135	0.570762	0.114202
07375	9.634720	0.700848	1.096645	-0.071326	0.004948	-0.000258	-0.145673	0.009586	0.989286	0.562990	-0.821454	0.090861	0.813524	0.570194	0.114267
07376	9.649377	0.746888	1.185685	-0.052586	0.007454	-0.002557	-0.145732	0.009559	0.989278	0.562648	-0.821692	0.090824	0.813750	0.569852	0.114368
07377	9.624556	0.725675	1.174835	-0.053123	0.005033	-0.005982	-0.145741	0.009566	0.989277	0.562232	-0.821982	0.090777	0.814036	0.569433	0.114418
07378	9.656313	0.786883	1.151367	-0.040274	0.002918	-0.002090	-0.145789	0.009575	0.989269	0.561992	-0.822146	0.090778	0.814193	0.569196	0.114479
07379	9.656218	0.786899	1.152154	-0.039066	0.006912	-0.007705	-0.145823	0.009586	0.989264	0.561688	-0.822355	0.090764	0.814397	0.568894	0.114534
07380	9.672824	0.825796	1.150402	-0.027740	0.011535	-0.004044	-0.145906	0.009557	0.989252	0.561498	-0.822485	0.090762	0.814513	0.568706	0.114640
07381	9.636245	0.814434	1.197686	-0.022163	0.010678	-0.006671	-0.145965	0.009538	0.989244	0.561333	-0.822598	0.090757	0.814616	0.568543	0.114717
07382	9.613964	0.884015	1.172364	-0.016657	0.000029	-0.005360	-0.145917	0.009559	0.989251	0.561257	-0.822653	0.090736	0.814677	0.568464	0.114674
07383	9.636978	0.889058	1.165919	-0.026678	-0.004050	-0.001781	-0.145828	0.009584	0.989263	0.561063	-0.822792	0.090678	0.814827	0.568262	0.114609
07384	9.673369	0.900974	1.119824	-0.041879	-0.004340	-0.012378	-0.145805	0.009711	0.989266	0.560717	-0.823023	0.090722	0.815069	0.567926	0.114555
07385	9.669982	0.869312	1.083011	-0.045334	-0.006108	-0.005325	-0.145719	0.009777	0.989278	0.560365	-0.823267	0.090677	0.815326	0.567570	0.114487
07386	9.685072	0.891929	1.061658	-0.044878	-0.005362	-0.002653	-0.145605	0.009791	0.989294	0.560089	-0.823465	0.090584	0.815536	0.567282	0.114416
07387	9.660395	0.870868	1.049580	-0.045343	-0.006093	-0.005317	-0.145519	0.009856	0.989306	0.559737	-0.823709	0.090539	0.815793	0.566927	0.114348
07388	9.684301	0.817676	1.093473	-0.039376	-0.007894	-0.006044	-0.145446	0.009945	0.989316	0.559464	-0.823895	0.090532	0.815993	0.566655	0.114269
07389	9.703992	0.791028	1.049645	-0.036248	-0.011585	-0.009534	-0.145339	0.010075	0.989331	0.559180	-0.824087	0.090540	0.816207	0.566373	0.114138
07390	9.702359	0.775721	1.030274	-0.031700	-0.014333	-0.011644	-0.145211	0.010226	0.989348	0.558990	-0.824214	0.090565	0.816360	0.566186	0.113969
07391	9.679427	0.771565	1.035309	-0.015633	-0.018487	-0.010499	-0.145054	0.010404	0.989369	0.558873	-0.824289	0.090606	0.816468	0.566074	0.113751
07392	9.689179	0.770912	1.066734	-0.005751	-0.017776	-0.015614	-0.144899	0.010597	0.989390	0.558895	-0.824265	0.090680	0.816480	0.566105	0.113512
07393	9.681256	0.790172	1.050416	0.008787	-0.015185	-0.014687	-0.144791	0.010791	0.989403	0.558972	-0.824201	0.090790	0.816447	0.566194	0.113305
07394	9.644970	0.780029	1.094661	0.020731	-0.018797	-0.016154	-0.144696	0.011041	0.989415	0.559129	-0.824075	0.090966	0.816356	0.566373	0.113067
07395	9.663438	0.836640	1.108249	0.027732	-0.018706	-0.017407	-0.144575	0.011277	0.989430	0.559356	-0.823904	0.091124	0.816222	0.566618	0.112808
07396	9.642198	0.849731	1.130854	0.029898	-0.022602	-0.019611	-0.144452	0.011558	0.989444	0.559635	-0.823692	0.091324	0.816053	0.566920	0.112516
07397	9.684914	0.829754	1.078841	0.029469	-0.020385	-0.014887	-0.144303	0.011783	0.989463	0.559880	-0.823511	0.091459	0.815911	0.567179	0.112239
07398	9.680387	0.881290	1.098597	0.035507	-0.020498	-0.014853	-0.144162	0.012015	0.989481	0.560178	-0.823291	0.091611	0.815732	0.567492	0.111957
07399	9.650551	0.837579	1.138480	0.037106	-0.025547	-0.013865	-0.143965	0.012261	0.989507	0.560487	-0.823066	0.091745	0.815554	0.567813	0.111621
07400	9.681777	0.826407	1.143805	0.039239	-0.028174	-0.009444	-0.143820	0.012545	0.989524	0.560767	-0.822854	0.091936	0.815387	0.568115	0.111308
07401	9.682020	0.827932	1.140638	0.038698	-0.030586	-0.012870	-0.143578	0.012812	0.989556	0.561090	-0.822619	0.092061	0.815208	0.568448	0.110921
07402	9.649556	0.826338	1.110545	0.041253	-0.035421	-0.013165	-0.143388	0.013152	0.989579	0.561424	-0.822367	0.092279	0.815011	0.568805	0.110534
07403	9.677487	0.783059	1.078189	0.031236	-0.039501	-0.009564	-0.143055	0.013442	0.989623	0.561691	-0.822175	0.092363	0.814886	0.569075	0.110066
07404	9.679579	0.800329	1.092243	0.035213	-0.043387	-0.008480	-0.142678	0.013739	0.989674	0.562019	-0.821943	0.092435	0.814725	0.569404	0.109551
07405	9.656496	0.722187	1.126743	0.038375	-0.044112	-0.004581	-0.142279	0.014015	0.989727	0.562351	-0.821711	0.092477	0.814566	0.569732	0.109031
07406	9.617873	0.753601	1.098934	0.038080	-0.050834	-0.007623	-0.141856	0.014364	0.989783	0.562663	-0.821488	0.092562	0.814425	0.570045	0.108451
07407	9.664335	0.764764	1.080479	0.056578	-0.052086	-0.005635	-0.141398	0.014694	0.989844	0.563142	-0.821152	0.092634	0.814173	0.570521	0.107834
07408	9.661773	0.808077	1.006147	0.059254	-0.045449	-0.009112	-0.141046	0.015027	0.989889	0.563651	-0.820787	0.092773	0.813882	0.571037	0.107298
07409	9.662636	0.883386	0.968502	0.060430	-0.048257	-0.003392	-0.140607	0.015318	0.989947	0.564164	-0.820428	0.092826	0.813603	0.571544	0.106716
07410	9.660402	1.000432	0.861169	0.064882	-0.052655	-0.006251	-0.140175	0.015649	0.990003	0.564784	-0.819990	0.092929	0.813246	0.572165	0.106104
07411	9.680644	1.048142	0.779489	0.062402	-0.054195	-0.000466	-0.139672	0.015950	0.990069	0.565317	-0.819619	0.092955	0.812963	0.572686	0.105461
07412	9.702682	1.111369	0.715406	0.075821	-0.063181	0.004933	-0.139083	0.016262	0.990147	0.565998	-0.819149	0.092957	0.812590	0.573350	0.104726
07413	9.737907	1.130760	0.752809	0.072238	-0.068281	0.010500	-0.138403	0.016555	0.990238	0.566625	-0.818724	0.092883	0.812269	0.573949	0.103934
07414	9.833374	1.158071	0.646051	0.043012	-0.067552	0.009129	-0.137676	0.016822	0.990334	0.567090	-0.818419	0.092738	0.812068	0.574376	0.103137
07415	9.808768	1.186123	0.486331	0.032879	-0.047823	0.004414	-0.137197	0.017048	0.990397	0.567389	-0.818217	0.092683	0.811940	0.574656	0.102585
07416	9.737163	1.286915	0.399468	0.036109	-0.040065	-0.002288	-0.136893	0.017308	0.990435	0.567752	-0.817956	0.092765	0.811737	0.575020	0.102146
07417	9.739204	1.197005	0.245019	0.038288	-0.062642	-0.008209	-0.136366	0.017722	0.990500	0.568078	-0.817721	0.092840	0.811598	0.575342	0.101442
07418	9.761641	1.252664	0.087747	0.038339	-0.100007	-0.015663	-0.135560	0.018398	0.990598	0.568486	-0.817422	0.092977	0.811448	0.575745	0.100350
07419	9.928210	1.256081	0.025367	0.030090	-0.128268	-0.033031	-0.134641	0.019394	0.990705	0.568712	-0.817229	0.093289	0.811442	0.575986	0.099003
07420	10.003315	0.969897	0.229505	-0.007877	-0.136611	-0.044035	-0.133784	0.020557	0.990797	0.568663	-0.817212	0.093740	0.811618	0.575970	0.097640
07421	10.005560	0.761397	0.240046	0.000327	-0.178728	-0.066067	-0.132644	0.022114	0.990917	0.568604	-0.817183	0.094350	0.811847	0.575954	0.095820
07422	9.961698	0.700805	0.285405	0.058638	-0.209162	-0.075591	-0.131315	0.023949	0.991051	0.568996	-0.816819	0.095131	0.811788	0.576397	0.093634
07423	9.933931	0.631233	0.630531	0.148566	-0.226662	-0.074579	-0.129835	0.025854	0.991198	0.570131	-0.815930	0.095962	0.811230	0.577572	0.091197
07424	9.847332	0.669535	0.851852	0.225156	-0.249038	-0.074495	-0.128147	0.027878	0.991363	0.571985	-0.814527	0.096842	0.810192	0.579455	0.088433
07425	9.743087	0.728086	1.023478	0.304855	-0.262158	-0.074525	-0.126386	0.029994	0.991528	0.574384	-0.812723	0.097800	0.808770	0.581878	0.085489
07426	9.667691	0.760994	1.347771	0.359715	-0.259331	-0.062505	-0.124535	0.032009	0.991699	0.577236	-0.810597	0.098651	0.807025	0.584729	0.082471
07427	9.484597	0.874783	1.546105	0.393660	-0.265312	-0.060000	-0.122678	0.034038	0.991863	0.580360	-0.808256	0.099519	0.805066	0.587847	0.079401
07428	9.456227	0.985372	1.730280	0.419342	-0.259631	-0.054250	-0.120858	0.036009	0.992016	0.583726	-0.805724	0.100363	0.802906	0.591195	0.076358
07429	9.404939	1.165608	1.887224	0.412874	-0.249505	-0.052070	-0.119096	0.037896	0.992159	0.587000	-0.803244	0.101142	0.800779	0.594443	0.073418
07430	9.426448	1.311041	2.001888	0.391866	-0.227037	-0.048659	-0.117474	0.039639	0.992284	0.590080	-0.800894	0.101852	0.798752	0.597492	0.070694
07431	9.391520	1.363079	2.044348	0.349822	-0.211979	-0.044212	-0.115979	0.041251	0.992395	0.592845	-0.798768	0.102487	0.796921	0.600223	0.068185
07432	9.395141	1.373647	2.020495	0.277058	-0.204566	-0.045149	-0.114557	0.042832	0.992493	0.595065	-0.797039	0.103082	0.795471	0.602407	0.065819
07433	9.476314	1.302608	2.098766	0.221268	-0.200931	-0.046386	-0.113171	0.044403	0.992583	0.596797	-0.795671	0.103639	0.794372	0.604099	0.063547
07434	9.519096	1.186982	2.191232	0.139681	-0.199536	-0.045550	-0.111753	0.045956	0.992673	0.597869	-0.794805	0.104102	0.793765	0.605122	0.061346
07435	9.627311	0.978044	2.262009	0.061441	-0.206449	-0.041750	-0.110298	0.047527	0.992762	0.598336	-0.794401	0.104507	0.793618	0.605532	0.059184
07436	9.717614	0.711296	2.321466	-0.009825	-0.196668	-0.030855	-0.108865	0.048966	0.992850	0.598187	-0.794478	0.104773	0.793928	0.605316	0.057200
07437	9.935138	0.478321	2.465383	-0.076589	-0.197138	-0.022906	-0.107370	0.050330	0.992944	0.597578	-0.794918	0.104911	0.794589	0.604626	0.055274
07438	10.124937	0.250948	2.912327	-0.126600	-0.169139	-0.010832	-0.105985	0.051405	0.993038	0.596580	-0.795674	0.104861	0.795525	0.603540	0.053662
07439	10.124225	0.064844	3.447453	-0.113007	-0.128048	0.019826	-0.104781	0.052010	0.993134	0.595726	-0.796353	0.104557	0.796323	0.602592	0.052460
07440	9.772638	-0.033635	3.266495	-0.120544	-0.135168	0.039939	-0.103352	0.052457	0.993261	0.594818	-0.797106	0.103990	0.797189	0.601556	0.051180
07441	9.688893	0.059752	3.063702	-0.221978	-0.177346	0.043271	-0.101613	0.053166	0.993402	0.593115	-0.798450	0.103401	0.798680	0.599709	0.049600
07442	9.928058	0.197936	3.276443	-0.326733	-0.178809	0.026800	-0.099941	0.053960	0.993529	0.590589	-0.800387	0.102879	0.800760	0.597050	0.048123
07443	10.185538	0.355138	3.705947	-0.381628	-0.123414	-0.000562	-0.098888	0.054689	0.993595	0.587553	-0.802648	0.102655	0.803121	0.593941	0.047240
07444	10.407762	0.535713	3.991248	-0.362550	-0.025029	-0.024823	-0.098799	0.055001	0.993586	0.584514	-0.804861	0.102676	0.805346	0.590909	0.047371
07445	10.732027	0.620055	4.231252	-0.295361	0.117657	-0.032400	-0.099871	0.054556	0.993504	0.582125	-0.806574	0.102809	0.806943	0.588611	0.048795
07446	11.068139	0.610828	4.405983	-0.249289	0.275122	-0.023682	-0.102230	0.053080	0.993344	0.580046	-0.808061	0.102875	0.808143	0.586702	0.051819
07447	11.454866	0.743819	4.325403	-0.209924	0.410601	0.002174	-0.105471	0.050645	0.993132	0.578376	-0.809281	0.102693	0.808924	0.585235	0.056064
07448	11.666465	1.108230	4.073675	-0.185841	0.544681	0.026052	-0.109683	0.047182	0.992846	0.576780	-0.810477	0.102234	0.809503	0.583867	0.061682
07449	11.582157	1.669211	3.560775	-0.223009	0.603561	0.058040	-0.114170	0.043179	0.992522	0.575064	-0.811792	0.101467	0.810103	0.582348	0.067852
07450	11.395408	2.238822	2.891760	-0.306910	0.623424	0.103741	-0.118616	0.038632	0.992188	0.572658	-0.813655	0.100142	0.811167	0.580063	0.074390
07451	11.183641	2.702030	2.128099	-0.422607	0.655313	0.157531	-0.122972	0.033545	0.991843	0.569442	-0.816144	0.098204	0.812781	0.576874	0.081261
07452	10.826996	3.046563	1.198119	-0.507040	0.656704	0.201586	-0.127113	0.028033	0.991492	0.565501	-0.819181	0.095660	0.814893	0.572849	0.088276
07453	10.449516	3.139236	0.303016	-0.587166	0.622346	0.231669	-0.130822	0.022567	0.991149	0.561033	-0.822577	0.092779	0.817391	0.568205	0.094950
07454	10.255858	3.380354	-0.442114	-0.675963	0.588150	0.249821	-0.134152	0.017086	0.990814	0.555811	-0.826476	0.089506	0.820413	0.562713	0.101377
07455	10.312977	3.725404	-0.544570	-0.794881	0.619414	0.240925	-0.137848	0.011609	0.990385	0.549630	-0.830945	0.086241	0.823957	0.556233	0.108163
07456	10.295521	3.910253	-0.292587	-0.964412	0.725251	0.242329	-0.142471	0.005511	0.989784	0.542026	-0.836285	0.082676	0.828197	0.548267	0.116159
07457	10.052195	3.600247	-0.105991	-1.156883	0.805390	0.266849	-0.147662	-0.001121	0.989037	0.532829	-0.842565	0.078595	0.833240	0.538593	0.125013
07458	9.835532	2.975967	-0.173728	-1.352006	0.803693	0.266270	-0.152934	-0.007709	0.988206	0.521924	-0.849764	0.074143	0.839170	0.527107	0.133981
07459	9.836509	1.906506	-0.295296	-1.434407	0.784637	0.237698	-0.158252	-0.013843	0.987302	0.510239	-0.857198	0.069766	0.845347	0.514801	0.142716
07460	9.655599	1.029707	-0.267899	-1.359945	0.816543	0.235503	-0.164054	-0.020039	0.986248	0.499087	-0.864076	0.065463	0.850881	0.502963	0.151756
07461	9.343853	0.022194	-0.162434	-1.220000	0.829655	0.256448	-0.169802	-0.026410	0.985124	0.489134	-0.870074	0.060985	0.855520	0.492213	0.160659
07462	9.195362	-0.811536	-0.191490	-0.999504	0.786925	0.278382	-0.175201	-0.032710	0.983989	0.481080	-0.874849	0.056575	0.858991	0.483290	0.169011
07463	9.086312	-1.260907	-0.242568	-0.797792	0.767357	0.280683	-0.180398	-0.038872	0.982825	0.474746	-0.878562	0.052391	0.861437	0.476043	0.176945
07464	8.875366	-1.571678	-0.271477	-0.519378	0.781616	0.281593	-0.185844	-0.045094	0.981544	0.470890	-0.880847	0.048690	0.862394	0.471248	0.184935
07465	8.682334	-1.671037	-0.089132	-0.243514	0.812778	0.257522	-0.191579	-0.051205	0.980141	0.469307	-0.881854	0.045661	0.862003	0.468734	0.192975
07466	8.917281	-1.591644	0.470164	-0.028322	0.910802	0.232041	-0.198304	-0.057585	0.978448	0.469632	-0.881801	0.043284	0.860303	0.468094	0.201908
07467	8.818522	-1.206260	0.523600	0.179823	1.096057	0.180925	-0.206803	-0.064337	0.976265	0.471574	-0.880833	0.041846	0.857235	0.469035	0.212498
07468	8.231349	-0.803254	0.018557	0.374865	1.113362	0.107713	-0.215832	-0.070565	0.973877	0.475050	-0.878975	0.041593	0.853079	0.471617	0.223233
07469	8.058543	-0.630933	0.048191	0.614077	1.091619	0.056314	-0.224784	-0.076254	0.971420	0.480428	-0.876009	0.042406	0.847739	0.476229	0.233548
07470	8.160530	-0.497088	0.377570	0.968518	1.135268	0.000936	-0.234304	-0.081789	0.968717	0.488706	-0.871306	0.044639	0.840398	0.483876	0.244121
07471	7.960970	-0.275596	0.677835	1.341501	1.153234	-0.042531	-0.244090	-0.087082	0.965835	0.499847	-0.864763	0.048355	0.831007	0.494573	0.254607
07472	7.893604	-0.077086	1.242993	1.643715	1.113752	-0.082669	-0.253741	-0.091978	0.962889	0.513224	-0.856591	0.053421	0.819888	0.507733	0.264558
07473	7.883290	0.203169	1.848693	1.868522	1.096330	-0.113294	-0.263189	-0.096679	0.959888	0.528167	-0.847053	0.059502	0.807324	0.522641	0.273998
07474	7.832262	0.485840	2.617750	2.036252	1.077340	-0.162219	-0.272712	-0.101043	0.956775	0.544014	-0.836419	0.066729	0.793522	0.538697	0.283070
07475	7.680031	0.947652	3.563728	2.124999	1.003998	-0.214013	-0.281725	-0.104773	0.953758	0.560162	-0.824996	0.074835	0.779005	0.555342	0.291112
07476	7.916284	1.313892	4.542884	2.119441	0.963995	-0.224350	-0.290352	-0.108427	0.950757	0.575913	-0.813273	0.083130	0.764212	0.571690	0.298580
07477	8.143550	1.493433	5.091244	2.070647	1.025757	-0.193981	-0.299183	-0.112818	0.947503	0.591042	-0.801469	0.091197	0.749105	0.587299	0.306466
07478	8.294764	1.802296	5.424186	1.921741	1.032907	-0.141016	-0.307613	-0.117834	0.944187	0.604797	-0.790275	0.098415	0.734571	0.601315	0.314364
07479	8.926876	2.010715	5.674595	1.670012	1.059908	-0.071524	-0.315701	-0.123719	0.940758	0.616762	-0.780200	0.104369	0.721067	0.613173	0.322615
07480	9.143836	2.369285	5.891046	1.410018	1.120532	0.037807	-0.323318	-0.130983	0.937181	0.626938	-0.771482	0.108462	0.708812	0.622622	0.331552
07481	9.048045	2.620792	6.042703	1.027678	1.084082	0.187098	-0.329704	-0.139214	0.933764	0.634815	-0.764776	0.110128	0.698789	0.629076	0.340525
07482	8.704026	1.919282	5.984522	0.643341	0.992591	0.306178	-0.334605	-0.147806	0.930695	0.640234	-0.760347	0.109425	0.691477	0.632477	0.349046
07483	8.470645	2.194190	5.766518	0.500327	0.842358	0.321542	-0.338275	-0.155591	0.928096	0.644793	-0.756665	0.108164	0.685428	0.635019	0.356285
07484	8.030896	2.486675	5.900286	0.251137	0.731274	0.330408	-0.341097	-0.162706	0.925840	0.647533	-0.754637	0.105944	0.681436	0.635649	0.362762
07485	7.397433	1.974103	5.945402	0.156430	0.536199	0.345845	-0.342437	-0.168730	0.924266	0.649811	-0.753046	0.103279	0.678589	0.635965	0.367513
07486	6.776665	1.739952	6.143596	0.203616	0.280208	0.295009	-0.342404	-0.172681	0.923548	0.652085	-0.751352	0.101275	0.676421	0.636908	0.369868
07487	7.034304	1.634413	6.089204	0.116768	0.082986	0.229464	-0.341404	-0.174940	0.923493	0.653691	-0.750185	0.099552	0.675375	0.637666	0.370473
07488	7.557548	1.301080	5.957599	-0.063396	0.081516	0.182724	-0.340726	-0.176819	0.923386	0.653791	-0.750359	0.097561	0.675620	0.636943	0.371269
07489	7.669807	0.877106	5.626784	-0.174250	0.090645	0.153390	-0.340274	-0.178555	0.923218	0.653168	-0.751172	0.095460	0.676450	0.635499	0.372230
07490	7.833278	0.584281	5.339202	-0.240015	0.071860	0.153350	-0.339731	-0.180083	0.923121	0.651886	-0.752581	0.093096	0.677958	0.633398	0.373068
07491	7.925892	0.413660	4.973578	-0.263465	0.061213	0.158237	-0.339053	-0.181670	0.923060	0.650667	-0.753937	0.090615	0.679467	0.631328	0.373831
07492	8.231813	0.312131	4.898330	-0.257037	0.088605	0.178873	-0.338479	-0.183560	0.922896	0.649422	-0.755325	0.087950	0.680942	0.629119	0.374870
07493	8.078290	0.133075	4.794697	-0.160300	0.133320	0.201843	-0.338014	-0.185932	0.922592	0.649045	-0.755936	0.085448	0.681533	0.627686	0.376195
07494	7.892963	0.144813	4.664730	-0.047858	0.123761	0.215140	-0.337410	-0.188264	0.922340	0.649233	-0.756027	0.083185	0.681653	0.626881	0.377318
07495	7.933084	0.304169	4.561472	0.023911	0.107432	0.209911	-0.336715	-0.190533	0.922128	0.650135	-0.755456	0.081302	0.681137	0.626884	0.378245
07496	7.823185	0.490685	4.367101	0.074722	0.057708	0.192583	-0.335779	-0.192367	0.922088	0.651111	-0.754793	0.079637	0.680666	0.627122	0.378696
07497	7.726731	0.769670	3.850942	0.074535	-0.035292	0.180010	-0.334303	-0.193512	0.922385	0.652253	-0.753955	0.078221	0.680300	0.627778	0.378268
07498	7.899938	1.086739	3.292162	-0.015979	-0.126372	0.178024	-0.332309	-0.193971	0.923009	0.652610	-0.753818	0.076543	0.680934	0.627801	0.377088
07499	8.026936	1.239687	2.821623	-0.101892	-0.210057	0.197282	-0.329527	-0.194148	0.923969	0.652599	-0.754051	0.074300	0.682295	0.627465	0.375181
07500	8.014857	1.176100	2.373083	-0.155993	-0.290996	0.245529	-0.325968	-0.194047	0.925252	0.652168	-0.754697	0.071482	0.684413	0.626721	0.372558
07501	8.108955	0.910508	2.187003	-0.172331	-0.366681	0.297975	-0.321447	-0.194008	0.926840	0.651982	-0.755175	0.068046	0.686725	0.626156	0.369239
07502	7.950275	0.671071	1.924727	-0.132113	-0.443964	0.346608	-0.316176	-0.193879	0.928679	0.652233	-0.755280	0.064379	0.688931	0.626070	0.365255
07503	7.828889	0.507388	1.686590	-0.087502	-0.543336	0.387523	-0.309834	-0.193411	0.930911	0.652872	-0.755055	0.060421	0.691203	0.626486	0.360214
07504	7.766923	0.460592	1.573318	-0.051975	-0.643867	0.444393	-0.302464	-0.192656	0.933488	0.653735	-0.754643	0.056074	0.693647	0.627214	0.354198
07505	7.779707	0.402729	1.434088	-0.050111	-0.744141	0.486302	-0.294047	-0.191661	0.936377	0.654867	-0.754001	0.051313	0.696194	0.628291	0.347224
07506	7.803964	0.509435	1.504601	-0.027450	-0.827936	0.508110	-0.285011	-0.190217	0.939461	0.656214	-0.753135	0.046589	0.698679	0.629765	0.339475
07507	8.165995	0.574668	1.746370	-0.118619	-0.900421	0.529039	-0.275167	-0.188535	0.942729	0.656893	-0.752859	0.041174	0.701979	0.630602	0.331009
07508	9.412385	1.059831	2.258899	-0.289606	-0.971746	0.523281	-0.264889	-0.186345	0.946102	0.656237	-0.753730	0.035277	0.706532	0.630212	0.321941
07509	13.695794	2.457242	4.609297	-0.334512	-0.836174	0.404500	-0.256246	-0.184139	0.948910	0.654948	-0.755065	0.030341	0.710902	0.629261	0.314084
07510	18.186992	2.833376	8.307796	-0.029619	-0.239750	0.226565	-0.253057	-0.184282	0.949738	0.655282	-0.754860	0.028130	0.711735	0.629465	0.311780
07511	16.258379	1.578479	10.232652	0.421915	0.074211	0.191082	-0.252264	-0.186198	0.949575	0.658789	-0.751822	0.027592	0.708774	0.632530	0.312323
07512	11.830577	1.791231	8.889231	0.807685	-0.443744	0.286864	-0.247253	-0.185450	0.951039	0.665151	-0.746206	0.027419	0.704585	0.639363	0.307854
07513	9.214348	2.834471	5.547682	1.024111	-0.984267	0.411500	-0.237521	-0.182173	0.954147	0.673367	-0.738831	0.026562	0.700114	0.648801	0.298157
07514	6.824235	2.871163	1.028071	0.854365	-1.473936	0.567392	-0.223424	-0.176583	0.958593	0.680599	-0.732271	0.023739	0.697758	0.657721	0.283789
07515	6.571461	1.969878	-2.284312	0.252254	-1.829793	0.673763	-0.205974	-0.169431	0.963778	0.683834	-0.729418	0.017915	0.699962	0.662754	0.266104
07516	7.436103	1.207100	-2.803878	-0.498773	-1.912353	0.646892	-0.188159	-0.161380	0.968789	0.681654	-0.731599	0.010522	0.707068	0.662358	0.247663
07517	8.926610	0.735287	-3.481765	-0.877820	-1.777784	0.475582	-0.172213	-0.153133	0.973084	0.676287	-0.736629	0.003764	0.716226	0.658732	0.230419
07518	10.241428	0.181980	-3.702430	-0.940568	-1.286442	0.296689	-0.160931	-0.146816	0.975985	0.669928	-0.742425	-0.001217	0.724774	0.653644	0.217836
07519	9.249381	-1.378778	-2.394575	-0.691201	-0.888819	0.245462	-0.152758	-0.142857	0.977884	0.665305	-0.746554	-0.005133	0.730776	0.649807	0.209086
07520	8.354485	-2.661318	-0.430684	-0.406665	-1.081652	0.212611	-0.143500	-0.137299	0.980080	0.662859	-0.748703	-0.007832	0.734864	0.648531	0.198448
07521	9.511255	-2.905535	0.094608	-0.261511	-1.438451	0.105216	-0.132140	-0.128765	0.982832	0.661099	-0.750239	-0.009408	0.738571	0.648506	0.184263
07522	10.830666	-1.814403	-0.287962	-0.008782	-1.478438	0.064469	-0.120760	-0.119574	0.985454	0.661058	-0.750267	-0.010029	0.740553	0.650231	0.169648
07523	11.424308	0.051710	-0.415252	0.388178	-1.329574	0.163290	-0.109773	-0.112128	0.987612	0.664140	-0.747527	-0.011051	0.739505	0.654700	0.156527
07524	10.919906	1.774620	0.677112	0.492483	-1.145665	0.272800	-0.099515	-0.106534	0.989316	0.668135	-0.743928	-0.012902	0.737355	0.659713	0.145212
07525	9.674584	2.380819	2.019050	0.294269	-1.054552	0.289187	-0.089743	-0.101713	0.990758	0.670597	-0.741662	-0.015398	0.736374	0.663017	0.134768
07526	9.140197	1.812158	2.439784	-0.025134	-1.037517	0.238846	-0.080534	-0.096435	0.992076	0.670639	-0.741574	-0.017645	0.737399	0.663904	0.124395
07527	8.926532	0.692586	1.881087	-0.264606	-1.000441	0.188743	-0.071814	-0.091205	0.993239	0.668847	-0.743134	-0.019879	0.739923	0.662898	0.114369
07528	8.950405	-0.253804	1.264899	-0.444514	-1.007628	0.171842	-0.063241	-0.085705	0.994311	0.665824	-0.745786	-0.021935	0.743423	0.660650	0.104229
07529	9.165303	-1.028330	0.592025	-0.549452	-1.020916	0.166434	-0.054459	-0.080226	0.995288	0.661844	-0.749251	-0.024180	0.747661	0.657409	0.093901
07530	9.355840	-1.623507	0.157480	-0.561849	-1.031149	0.152699	-0.045735	-0.074508	0.996171	0.657740	-0.752792	-0.026107	0.751855	0.654028	0.083436
07531	9.548314	-2.056172	-0.383801	-0.562110	-1.018457	0.122774	-0.037186	-0.068797	0.996937	0.653571	-0.756354	-0.027816	0.755951	0.650535	0.073090
07532	9.717627	-2.188894	-0.839437	-0.511606	-1.009500	0.093292	-0.029002	-0.062798	0.997605	0.649855	-0.759508	-0.028917	0.759505	0.647460	0.062837
07533	9.882752	-2.045341	-0.935091	-0.452298	-0.999547	0.086087	-0.020771	-0.057001	0.998158	0.646451	-0.762362	-0.030083	0.762673	0.644636	0.052684
07534	10.002346	-1.822149	-0.848970	-0.381795	-0.971865	0.095878	-0.012796	-0.051334	0.998600	0.643691	-0.764655	-0.031059	0.765179	0.642392	0.042828
07535	9.873781	-1.558076	-0.944252	-0.330794	-0.954381	0.090444	-0.004837	-0.045912	0.998934	0.641181	-0.766717	-0.032134	0.767375	0.640342	0.033146
07536	9.728259	-1.429865	-1.102224	-0.291827	-0.951137	0.067944	0.002816	-0.040191	0.999188	0.639078	-0.768446	-0.032711	0.769136	0.638652	0.023521
07537	9.667053	-1.278314	-1.233937	-0.254868	-0.963070	0.051091	0.010622	-0.034448	0.999350	0.637129	-0.770037	-0.033316	0.770684	0.637069	0.013768
07538	9.541683	-1.232747	-1.341605	-0.209688	-0.985106	0.030452	0.018350	-0.028306	0.999431	0.635697	-0.771211	-0.033513	0.771721	0.635950	0.003842
07539	9.512263	-1.251362	-1.414904	-0.176530	-1.016977	0.018583	0.026385	-0.021994	0.999410	0.634345	-0.772313	-0.033743	0.772599	0.634861	-0.006426
07540	9.538931	-1.285965	-1.420026	-0.115512	-1.034120	-0.006198	0.034188	-0.015140	0.999301	0.633598	-0.772941	-0.033387	0.772906	0.634297	-0.016833
07541	9.586901	-1.256351	-1.245379	-0.065564	-1.030729	-0.026063	0.042054	-0.008409	0.999080	0.633117	-0.773346	-0.033159	0.772913	0.633929	-0.027198
07542	9.646611	-1.170369	-1.167907	-0.019454	-1.037331	-0.028047	0.049820	-0.001458	0.998757	0.632995	-0.773465	-0.032704	0.772551	0.633837	-0.037611
07543	9.865795	-1.013496	-0.971962	0.022295	-1.035165	-0.014653	0.057785	0.005211	0.998315	0.633189	-0.773309	-0.032614	0.771837	0.634007	-0.047985
07544	9.841333	-0.751878	-0.717842	0.029293	-1.010734	0.003031	0.065481	0.011785	0.997784	0.633517	-0.773048	-0.032445	0.770953	0.634238	-0.058086
07545	9.803744	-0.532095	-0.338112	0.020387	-0.996841	0.011490	0.073299	0.018012	0.997147	0.633681	-0.772907	-0.032619	0.770114	0.634264	-0.068067
07546	9.676780	-0.296224	-0.042986	-0.020055	-0.988985	0.010598	0.080822	0.024402	0.996430	0.633774	-0.772836	-0.032480	0.769284	0.634136	-0.077927
07547	9.566183	-0.191085	0.093109	-0.047181	-0.983380	0.005619	0.088484	0.030586	0.995608	0.633420	-0.773124	-0.032544	0.768733	0.633517	-0.087782
07548	9.642964	-0.167388	0.310106	-0.073545	-0.978516	0.008728	0.096009	0.036817	0.994699	0.632771	-0.773659	-0.032440	0.768364	0.632531	-0.097575
07549	9.675408	-0.297526	0.413067	-0.088659	-0.956795	0.017577	0.103534	0.042722	0.993708	0.632085	-0.774214	-0.032571	0.767951	0.631480	-0.107161
07550	9.597811	-0.409699	0.362317	-0.041853	-0.947007	0.034051	0.110855	0.048633	0.992646	0.631810	-0.774437	-0.032616	0.767155	0.630779	-0.116577
07551	9.688985	-0.476896	0.221213	-0.006091	-0.939796	0.054619	0.118469	0.054130	0.991481	0.631713	-0.774491	-0.033198	0.766096	0.630265	-0.125948
07552	9.672734	-0.565743	0.038986	0.021110	-0.940516	0.067872	0.126062	0.059583	0.990231	0.631760	-0.774426	-0.033829	0.764845	0.629853	-0.135268
07553	9.726411	-0.669118	-0.164448	0.087679	-0.927089	0.082269	0.133728	0.064780	0.988899	0.632334	-0.773913	-0.034813	0.763066	0.629970	-0.144456
07554	9.654127	-0.603946	-0.411329	0.162952	-0.924146	0.086911	0.141215	0.070033	0.987499	0.633595	-0.772837	-0.035797	0.760668	0.630729	-0.153509
07555	9.559788	-0.291676	-0.801636	0.224450	-0.924662	0.082736	0.148824	0.075225	0.985998	0.635190	-0.771468	-0.037016	0.757882	0.631805	-0.162595
07556	9.401665	-0.077302	-1.017255	0.221193	-0.958335	0.089071	0.156480	0.080740	0.984376	0.636946	-0.769966	-0.038098	0.754860	0.632956	-0.171911
07557	9.308790	0.084676	-1.177127	0.168803	-1.012815	0.093845	0.164773	0.086425	0.982538	0.638078	-0.768965	-0.039367	0.752135	0.633422	-0.181850
07558	9.300882	0.051316	-1.132901	0.122346	-1.053242	0.094692	0.173124	0.092503	0.980546	0.638983	-0.768162	-0.040351	0.749485	0.633539	-0.192095
07559	9.205479	0.034932	-1.136987	0.063659	-1.098257	0.090308	0.181982	0.098759	0.978330	0.639309	-0.767834	-0.041410	0.747105	0.632991	-0.202870
07560	9.217756	0.073901	-1.111156	-0.010409	-1.154134	0.088941	0.191111	0.105402	0.975893	0.639066	-0.767993	-0.042202	0.745031	0.631726	-0.214130
07561	9.172250	0.115458	-1.175266	-0.123250	-1.196228	0.090491	0.200653	0.112245	0.973211	0.637981	-0.768858	-0.042861	0.743450	0.629490	-0.225884
07562	9.167308	0.121083	-1.145463	-0.265879	-1.246991	0.088938	0.210346	0.119474	0.970299	0.635863	-0.770606	-0.042960	0.742585	0.626014	-0.238063
07563	9.187952	-0.041178	-1.184390	-0.398235	-1.286247	0.087443	0.220512	0.126816	0.967105	0.632726	-0.773188	-0.042882	0.742315	0.621368	-0.250737
07564	9.363885	-0.290387	-1.110280	-0.522964	-1.309654	0.087479	0.230717	0.134282	0.963711	0.628754	-0.776451	-0.042337	0.742589	0.615705	-0.263571
07565	9.612450	-0.722391	-1.170788	-0.555224	-1.303102	0.105341	0.241118	0.141439	0.960134	0.624389	-0.779989	-0.041900	0.742968	0.609600	-0.276383
07566	9.778984	-0.994728	-1.368123	-0.532931	-1.280768	0.123495	0.251314	0.148271	0.956481	0.620163	-0.783374	-0.041510	0.743128	0.603606	-0.288826
