// General information: 
//  MT Manager version: 2022.2.0 
//  XDA version: 2022.2.0 build 7381 rev 124627 built on 2023-07-19
// Device information: 
//  DeviceId: 00B4CAF0
//  ProductCode: MTW2-3A7G6
//  Firmware Version: 4.6.0
//  Hardware Version: 2.0.0
// Device settings: 
//  Filter Profile: human(46.1)
//  Option Flags: Orientation Smoother Disabled, Position/Velocity Smoother Disabled, Continuous Zero Rotation Update Disabled, AHS Disabled, ICC Disabled
// Coordinate system: ENU
PacketCounter	Acc_X	Acc_Y	Acc_Z	Gyr_X	Gyr_Y	Gyr_Z	Mat[1][1]	Mat[2][1]	Mat[3][1]	Mat[1][2]	Mat[2][2]	Mat[3][2]	Mat[1][3]	Mat[2][3]	Mat[3][3]
58735	5.239137	-0.072054	8.729086	-0.003355	0.003423	0.007569	0.795216	0.322970	0.513149	-0.371391	0.928435	-0.008809	-0.479271	-0.183574	0.858254
58736	5.229051	-0.081998	8.761276	-0.005546	0.008542	0.006463	0.795235	0.323004	0.513098	-0.371375	0.928441	-0.008886	-0.479252	-0.183485	0.858284
58737	5.210137	-0.028960	8.715716	-0.008330	0.007610	0.008284	0.795239	0.323060	0.513057	-0.371369	0.928442	-0.008994	-0.479249	-0.183381	0.858308
58738	5.259012	-0.101558	8.728927	-0.002915	0.005542	0.008263	0.795237	0.323105	0.513031	-0.371380	0.928437	-0.009058	-0.479244	-0.183326	0.858322
58739	5.211611	-0.076026	8.778880	-0.008101	0.006013	0.008861	0.795238	0.323150	0.513002	-0.371363	0.928442	-0.009169	-0.479255	-0.183219	0.858339
58740	5.259868	-0.080830	8.755560	-0.006611	0.010992	0.007779	0.795264	0.323200	0.512929	-0.371352	0.928446	-0.009262	-0.479221	-0.183112	0.858381
58741	5.252788	-0.063714	8.740843	-0.005332	0.012256	0.006580	0.795304	0.323232	0.512847	-0.371327	0.928455	-0.009338	-0.479174	-0.183007	0.858429
58742	5.212286	-0.051696	8.733354	-0.005275	0.012038	0.010319	0.795326	0.323308	0.512766	-0.371342	0.928448	-0.009433	-0.479126	-0.182909	0.858477
58743	5.217302	-0.070710	8.749287	-0.005942	0.011514	0.009049	0.795349	0.323372	0.512689	-0.371347	0.928445	-0.009525	-0.479084	-0.182810	0.858521
58744	5.227894	-0.039948	8.743975	-0.006951	0.013746	0.014103	0.795365	0.323486	0.512593	-0.371384	0.928429	-0.009654	-0.479029	-0.182691	0.858577
58745	5.214999	-0.073201	8.750639	-0.009847	0.013249	0.008447	0.795402	0.323541	0.512501	-0.371356	0.928439	-0.009777	-0.478989	-0.182544	0.858631
58746	5.235630	-0.101205	8.750029	-0.005045	0.010439	0.010895	0.795413	0.323619	0.512434	-0.371377	0.928429	-0.009873	-0.478954	-0.182453	0.858670
58747	5.212874	-0.075598	8.751885	-0.010684	0.014102	0.010339	0.795453	0.323680	0.512333	-0.371343	0.928442	-0.010015	-0.478913	-0.182285	0.858728
58748	5.251221	-0.089872	8.760660	-0.007218	0.010246	0.010247	0.795467	0.323752	0.512267	-0.371349	0.928438	-0.010127	-0.478887	-0.182175	0.858766
58749	5.232522	-0.104769	8.751846	-0.004432	0.011178	0.008428	0.795492	0.323805	0.512194	-0.371350	0.928437	-0.010203	-0.478843	-0.182087	0.858809
58750	5.225413	-0.087726	8.737165	-0.007670	0.013436	0.009095	0.795525	0.323872	0.512101	-0.371344	0.928438	-0.010312	-0.478793	-0.181962	0.858864
58751	5.232397	-0.084101	8.779071	-0.006831	0.012582	0.007203	0.795564	0.323910	0.512015	-0.371317	0.928448	-0.010405	-0.478750	-0.181842	0.858913
58752	5.213387	-0.098879	8.770431	-0.005109	0.015963	0.006700	0.795618	0.323960	0.511901	-0.371305	0.928452	-0.010480	-0.478670	-0.181733	0.858981
58753	5.227820	-0.108617	8.754609	-0.003708	0.011477	0.013437	0.795625	0.324065	0.511824	-0.371356	0.928430	-0.010574	-0.478619	-0.181656	0.859026
58754	5.242264	-0.118434	8.738783	-0.007280	0.015771	0.006051	0.795680	0.324108	0.511710	-0.371328	0.928441	-0.010664	-0.478549	-0.181527	0.859092
58755	5.225237	-0.110656	8.756125	-0.007225	0.015550	0.009790	0.795717	0.324191	0.511601	-0.371338	0.928435	-0.010771	-0.478481	-0.181406	0.859156
58756	5.199980	-0.107471	8.732299	-0.003997	0.018599	0.008667	0.795776	0.324263	0.511463	-0.371346	0.928431	-0.010847	-0.478376	-0.181298	0.859237
58757	5.231820	-0.103224	8.726094	-0.003770	0.017002	0.009243	0.795827	0.324333	0.511340	-0.371355	0.928427	-0.010922	-0.478284	-0.181196	0.859309
58758	5.198976	-0.086210	8.760050	-0.000983	0.017933	0.007425	0.795887	0.324392	0.511208	-0.371368	0.928421	-0.010965	-0.478173	-0.181119	0.859387
58759	5.219038	-0.113714	8.759782	-0.004661	0.018075	0.007396	0.795951	0.324446	0.511075	-0.371357	0.928425	-0.011039	-0.478076	-0.181005	0.859465
58760	5.217382	-0.114343	8.760760	-0.001206	0.019527	0.006850	0.796021	0.324503	0.510929	-0.371364	0.928421	-0.011081	-0.477954	-0.180920	0.859551
58761	5.249018	-0.109694	8.754711	0.002302	0.020758	0.010043	0.796088	0.324585	0.510772	-0.371406	0.928404	-0.011108	-0.477809	-0.180861	0.859644
58762	5.213564	-0.115186	8.763022	-0.004275	0.025717	0.003896	0.796199	0.324626	0.510574	-0.371376	0.928416	-0.011162	-0.477648	-0.180728	0.859761
58763	5.191895	-0.066126	8.791381	-0.000094	0.022161	0.008817	0.796272	0.324708	0.510407	-0.371408	0.928402	-0.011203	-0.477501	-0.180649	0.859860
58764	5.197611	-0.148076	8.771388	-0.001207	0.024829	0.006394	0.796369	0.324771	0.510216	-0.371412	0.928400	-0.011242	-0.477336	-0.180547	0.859973
58765	5.219105	-0.084701	8.760819	-0.000092	0.022158	0.008817	0.796442	0.324852	0.510050	-0.371442	0.928387	-0.011285	-0.477190	-0.180467	0.860071
58766	5.199314	-0.098939	8.752601	0.000302	0.024494	0.005774	0.796540	0.324908	0.509862	-0.371448	0.928385	-0.011308	-0.477022	-0.180380	0.860182
58767	5.187478	-0.108431	8.785668	0.001193	0.023418	0.007622	0.796621	0.324987	0.509684	-0.371485	0.928370	-0.011331	-0.476858	-0.180314	0.860287
58768	5.155738	-0.086482	8.746809	0.000305	0.024491	0.005775	0.796719	0.325043	0.509496	-0.371491	0.928367	-0.011355	-0.476690	-0.180227	0.860398
58769	5.210764	-0.085919	8.765771	0.000529	0.022894	0.006351	0.796808	0.325099	0.509322	-0.371501	0.928363	-0.011378	-0.476534	-0.180148	0.860501
58770	5.147938	-0.114213	8.796295	0.001593	0.020445	0.005036	0.796889	0.325140	0.509168	-0.371507	0.928360	-0.011386	-0.476394	-0.180086	0.860592
58771	5.189375	-0.100371	8.758482	-0.001147	0.019292	0.010588	0.796946	0.325227	0.509023	-0.371541	0.928346	-0.011445	-0.476272	-0.180002	0.860677
58772	5.205402	-0.087067	8.768945	-0.001194	0.019512	0.006850	0.797015	0.325284	0.508878	-0.371548	0.928343	-0.011487	-0.476149	-0.179917	0.860762
58773	5.191780	-0.119434	8.775889	-0.000750	0.021626	0.007546	0.797099	0.325336	0.508714	-0.371545	0.928344	-0.011530	-0.476012	-0.179820	0.860859
58774	5.184055	-0.101682	8.761617	0.002487	0.019366	0.006885	0.797168	0.325392	0.508569	-0.371570	0.928333	-0.011540	-0.475877	-0.179770	0.860944
58775	5.176417	-0.084013	8.747294	-0.002698	0.019841	0.007468	0.797239	0.325448	0.508422	-0.371566	0.928334	-0.011599	-0.475761	-0.179665	0.861030
58776	5.186551	-0.120426	8.778967	0.005549	0.018478	0.009388	0.797295	0.325526	0.508285	-0.371626	0.928310	-0.011596	-0.475621	-0.179647	0.861111
58777	5.218184	-0.115720	8.773047	-0.003805	0.022508	0.005043	0.797384	0.325572	0.508116	-0.371608	0.928317	-0.011651	-0.475486	-0.179530	0.861210
58778	5.194695	-0.089113	8.775271	0.005328	0.020069	0.008813	0.797449	0.325648	0.507965	-0.371662	0.928295	-0.011646	-0.475334	-0.179504	0.861299
58779	5.159428	-0.094268	8.783318	0.002982	0.021253	0.011321	0.797512	0.325745	0.507804	-0.371721	0.928271	-0.011673	-0.475182	-0.179452	0.861394
58780	5.214552	-0.093617	8.802326	0.004223	0.022735	0.006389	0.797598	0.325804	0.507630	-0.371751	0.928259	-0.011666	-0.475014	-0.179407	0.861496
58781	5.186905	-0.112084	8.752757	0.004890	0.023253	0.007662	0.797683	0.325872	0.507453	-0.371792	0.928243	-0.011659	-0.474839	-0.179367	0.861600
58782	5.192648	-0.107396	8.795308	0.005336	0.025365	0.008358	0.797775	0.325953	0.507257	-0.371842	0.928223	-0.011653	-0.474646	-0.179324	0.861716
58783	5.148938	-0.116915	8.762372	0.007068	0.028738	0.007862	0.797883	0.326036	0.507034	-0.371898	0.928201	-0.011628	-0.474420	-0.179287	0.861848
58784	5.187927	-0.107234	8.798096	0.004052	0.024100	0.009552	0.797964	0.326126	0.506848	-0.371952	0.928179	-0.011638	-0.474241	-0.179236	0.861957
58785	5.185585	-0.107102	8.799477	0.007029	0.028956	0.004123	0.798084	0.326179	0.506625	-0.371983	0.928167	-0.011595	-0.474014	-0.179202	0.862089
58786	5.147609	-0.134320	8.781962	0.010753	0.028586	0.007903	0.798193	0.326262	0.506400	-0.372056	0.928139	-0.011540	-0.473775	-0.179198	0.862221
58787	5.180408	-0.106335	8.802536	0.006014	0.031175	0.009175	0.798310	0.326358	0.506154	-0.372114	0.928115	-0.011529	-0.473532	-0.179143	0.862366
58788	5.154186	-0.102079	8.779216	0.005571	0.029060	0.008479	0.798418	0.326447	0.505925	-0.372167	0.928094	-0.011521	-0.473307	-0.179090	0.862500
58789	5.133827	-0.115945	8.771246	0.003847	0.030983	0.008518	0.798531	0.326550	0.505681	-0.372225	0.928071	-0.011524	-0.473071	-0.179025	0.862644
58790	5.182381	-0.097082	8.775438	0.007083	0.028722	0.007864	0.798640	0.326632	0.505455	-0.372280	0.928049	-0.011500	-0.472844	-0.178987	0.862776
58791	5.174063	-0.078736	8.761534	0.007927	0.027867	0.005975	0.798750	0.326700	0.505238	-0.372331	0.928029	-0.011456	-0.472618	-0.178966	0.862904
58792	5.116478	-0.124617	8.807353	0.004063	0.024086	0.009551	0.798831	0.326790	0.505052	-0.372385	0.928007	-0.011466	-0.472439	-0.178915	0.863013
58793	5.159672	-0.087741	8.795924	0.006860	0.025010	0.007745	0.798928	0.326853	0.504858	-0.372424	0.927992	-0.011443	-0.472244	-0.178879	0.863127
58794	5.145586	-0.119321	8.803055	0.006158	0.024711	0.002732	0.799037	0.326881	0.504668	-0.372434	0.927989	-0.011401	-0.472052	-0.178846	0.863238
58795	5.159330	-0.127912	8.787869	0.006634	0.021303	0.007626	0.799110	0.326950	0.504507	-0.372488	0.927967	-0.011377	-0.471886	-0.178832	0.863333
58796	5.141724	-0.118665	8.805320	0.008987	0.020115	0.005124	0.799188	0.326992	0.504356	-0.372530	0.927951	-0.011322	-0.471720	-0.178839	0.863422
58797	5.130255	-0.059406	8.801507	0.007480	0.020448	0.005738	0.799261	0.327047	0.504204	-0.372581	0.927931	-0.011281	-0.471556	-0.178840	0.863511
58798	5.138024	-0.118014	8.807489	0.004248	0.022706	0.006388	0.799347	0.327105	0.504030	-0.372611	0.927919	-0.011274	-0.471387	-0.178795	0.863612
58799	5.130474	-0.099857	8.793120	0.005745	0.017075	0.006233	0.799406	0.327150	0.503907	-0.372644	0.927906	-0.011253	-0.471260	-0.178783	0.863685
58800	5.134551	-0.117790	8.809517	0.005132	0.021630	0.008240	0.799480	0.327223	0.503743	-0.372693	0.927887	-0.011247	-0.471096	-0.178750	0.863781
58801	5.160322	-0.094775	8.788453	0.003588	0.022183	0.005114	0.799567	0.327268	0.503575	-0.372709	0.927880	-0.011238	-0.470935	-0.178702	0.863878
58802	5.158599	-0.094752	8.789464	0.005784	0.016851	0.009973	0.799612	0.327349	0.503451	-0.372775	0.927854	-0.011235	-0.470807	-0.178690	0.863950
58803	5.121474	-0.122316	8.771348	0.005763	0.022365	0.005775	0.799700	0.327397	0.503280	-0.372804	0.927842	-0.011210	-0.470635	-0.178661	0.864051
58804	5.099839	-0.072263	8.799346	0.009444	0.022215	0.005824	0.799785	0.327449	0.503111	-0.372854	0.927823	-0.011155	-0.470450	-0.178666	0.864150
58805	5.148772	-0.120998	8.839890	0.006826	0.019918	0.004466	0.799865	0.327482	0.502962	-0.372879	0.927813	-0.011113	-0.470294	-0.178655	0.864237
58806	5.139558	-0.125012	8.799489	0.013291	0.015397	0.003171	0.799929	0.327498	0.502851	-0.372926	0.927796	-0.011012	-0.470150	-0.178718	0.864303
58807	5.118462	-0.074224	8.827151	0.014584	0.016654	0.001981	0.800002	0.327504	0.502731	-0.372970	0.927779	-0.010891	-0.469990	-0.178791	0.864374
58808	5.175896	-0.136175	8.809888	0.007889	0.017471	0.003156	0.800074	0.327523	0.502603	-0.372991	0.927772	-0.010836	-0.469850	-0.178797	0.864450
58809	5.150915	-0.130792	8.785811	0.021067	0.017424	0.000230	0.800157	0.327517	0.502476	-0.373055	0.927748	-0.010649	-0.469659	-0.178930	0.864526
58810	5.116276	-0.066179	8.756795	0.014338	0.018461	-0.002336	0.800255	0.327486	0.502339	-0.373062	0.927747	-0.010511	-0.469486	-0.178992	0.864607
58811	5.114184	-0.132643	8.794482	0.017174	0.019162	-0.000399	0.800352	0.327470	0.502196	-0.373092	0.927737	-0.010356	-0.469297	-0.179077	0.864692
58812	5.137983	-0.112610	8.846275	0.014109	0.014756	-0.002453	0.800433	0.327431	0.502092	-0.373097	0.927736	-0.010219	-0.469155	-0.179150	0.864754
58813	5.136687	-0.111074	8.847047	0.017790	0.014605	-0.002402	0.800511	0.327397	0.501989	-0.373125	0.927727	-0.010047	-0.468998	-0.179262	0.864815
58814	5.100481	-0.069252	8.791917	0.016282	0.014938	-0.001790	0.800591	0.327365	0.501883	-0.373146	0.927720	-0.009894	-0.468846	-0.179354	0.864879
58815	5.138338	-0.080746	8.801464	0.018240	0.016712	-0.001706	0.800679	0.327335	0.501761	-0.373175	0.927710	-0.009723	-0.468671	-0.179460	0.864952
58816	5.103600	-0.084057	8.808910	0.016052	0.011235	-0.001906	0.800742	0.327296	0.501687	-0.373194	0.927704	-0.009572	-0.468550	-0.179562	0.864996
58817	5.115993	-0.095781	8.866237	0.016268	0.009644	-0.001327	0.800791	0.327265	0.501629	-0.373226	0.927693	-0.009420	-0.468441	-0.179678	0.865031
58818	5.134988	-0.076288	8.803459	0.013716	0.017714	0.000126	0.800876	0.327256	0.501499	-0.373250	0.927684	-0.009299	-0.468276	-0.179737	0.865108
58819	5.123530	-0.084150	8.836002	0.012159	0.012974	-0.002538	0.800943	0.327223	0.501413	-0.373257	0.927682	-0.009176	-0.468155	-0.179807	0.865159
58820	5.075725	-0.074915	8.786501	0.008938	0.009727	0.002307	0.800983	0.327220	0.501352	-0.373276	0.927675	-0.009108	-0.468072	-0.179848	0.865195
58821	5.110398	-0.046795	8.806057	0.004393	0.005443	0.004603	0.800994	0.327231	0.501328	-0.373293	0.927669	-0.009088	-0.468040	-0.179863	0.865210
58822	5.097988	-0.078672	8.812208	0.002251	0.005042	0.007679	0.800991	0.327269	0.501306	-0.373324	0.927656	-0.009104	-0.468020	-0.179858	0.865222
58823	5.124734	-0.123816	8.827176	0.002699	0.007152	0.008373	0.800996	0.327315	0.501268	-0.373360	0.927642	-0.009119	-0.467982	-0.179849	0.865244
58824	5.102700	-0.097141	8.828255	0.000294	0.003268	0.007594	0.800986	0.327350	0.501263	-0.373381	0.927633	-0.009152	-0.467984	-0.179831	0.865247
58825	5.104086	-0.074611	8.854370	0.002037	0.006632	0.007099	0.800993	0.327386	0.501227	-0.373408	0.927622	-0.009165	-0.467950	-0.179822	0.865267
58826	5.156710	-0.119819	8.821369	-0.000981	0.007303	0.008319	0.800998	0.327435	0.501187	-0.373429	0.927613	-0.009212	-0.467924	-0.179779	0.865290
58827	5.111187	-0.089050	8.797451	0.000713	0.005593	0.004549	0.801008	0.327448	0.501162	-0.373431	0.927612	-0.009224	-0.467905	-0.179761	0.865304
58828	5.094855	-0.080359	8.814005	0.000743	0.005376	0.008289	0.801005	0.327492	0.501138	-0.373460	0.927600	-0.009257	-0.467887	-0.179740	0.865318
58829	5.072822	-0.054010	8.815080	-0.002908	0.005312	0.011974	0.800989	0.327569	0.501115	-0.373499	0.927584	-0.009338	-0.467885	-0.179686	0.865330
58830	5.092321	-0.104646	8.788533	-0.003591	-0.000497	0.011164	0.800947	0.327630	0.501141	-0.373530	0.927570	-0.009422	-0.467931	-0.179645	0.865314
58831	5.150944	-0.081927	8.832833	-0.001847	0.002866	0.010669	0.800927	0.327682	0.501139	-0.373554	0.927560	-0.009489	-0.467946	-0.179602	0.865315
58832	5.144206	-0.132571	8.854439	-0.002458	0.007420	0.012669	0.800917	0.327771	0.501097	-0.373603	0.927540	-0.009571	-0.467924	-0.179545	0.865338
58833	5.190219	-0.141265	8.904991	0.004631	0.009138	0.004720	0.800944	0.327788	0.501042	-0.373620	0.927533	-0.009551	-0.467864	-0.179549	0.865370
58834	5.208668	-0.190418	8.879076	0.011345	0.019108	-0.001114	0.801040	0.327770	0.500900	-0.373623	0.927533	-0.009445	-0.467697	-0.179582	0.865454
58835	5.325527	-0.273180	8.969420	0.021294	0.026813	-0.007587	0.801199	0.327701	0.500692	-0.373614	0.927538	-0.009219	-0.467432	-0.179679	0.865576
58836	5.425962	-0.209597	9.003507	0.037611	0.058022	-0.018245	0.801541	0.327594	0.500215	-0.373602	0.927547	-0.008800	-0.466856	-0.179828	0.865857
58837	5.640343	-0.183898	9.066501	0.044138	0.107729	-0.021024	0.802125	0.327548	0.499307	-0.373595	0.927555	-0.008308	-0.465856	-0.179874	0.866385
58838	5.257989	-0.092383	8.885770	0.065344	0.179289	-0.022280	0.803045	0.327622	0.497778	-0.373679	0.927527	-0.007628	-0.464201	-0.179883	0.867271
58839	4.921086	0.168385	8.806946	0.059407	0.185825	-0.020313	0.803984	0.327725	0.496191	-0.373749	0.927503	-0.007008	-0.462516	-0.179817	0.868185
58840	4.716372	0.176486	8.848313	0.050950	0.161663	-0.009307	0.804768	0.327888	0.494811	-0.373868	0.927459	-0.006517	-0.461054	-0.179749	0.868976
58841	4.525926	0.300724	8.943409	0.016939	0.114752	-0.003217	0.805312	0.328020	0.493837	-0.373878	0.927456	-0.006350	-0.460095	-0.179521	0.869531
58842	4.295338	0.451342	9.011051	-0.044697	0.054842	0.007528	0.805539	0.328147	0.493383	-0.373692	0.927528	-0.006774	-0.459849	-0.178917	0.869786
58843	4.534309	0.344191	9.270543	-0.115517	-0.007061	-0.000111	0.805514	0.328083	0.493467	-0.373109	0.927755	-0.007774	-0.460367	-0.177854	0.869730
58844	3.434520	-0.343041	9.957117	-0.117357	-0.043395	0.025625	0.805221	0.328202	0.493865	-0.372733	0.927896	-0.008919	-0.461183	-0.176898	0.869493
58845	1.705016	-1.133344	10.016881	0.066991	-0.478211	0.123704	0.802544	0.328463	0.498031	-0.374006	0.927383	-0.008946	-0.464804	-0.179087	0.867113
58846	3.114389	-0.966752	10.275684	0.122816	-0.814040	0.164200	0.798123	0.328470	0.505081	-0.375853	0.926638	-0.008704	-0.470887	-0.182889	0.863028
58847	3.806063	-3.027656	10.267402	0.416346	-1.020233	0.311273	0.792111	0.329408	0.513859	-0.380262	0.924854	-0.006703	-0.477453	-0.190091	0.857848
58848	4.926277	-3.399226	10.953607	0.634359	-1.188163	0.365505	0.784998	0.330425	0.524020	-0.386154	0.922429	-0.003174	-0.484420	-0.199861	0.851700
58849	3.685229	0.258902	11.776518	1.259930	-1.197889	0.438798	0.777457	0.331933	0.534211	-0.395671	0.918378	0.005199	-0.488882	-0.215414	0.845335
58850	3.066326	2.416621	11.886003	1.054517	-1.290166	0.608532	0.768677	0.334597	0.545143	-0.405521	0.914022	0.010797	-0.494660	-0.229366	0.838274
58851	5.065134	4.859332	14.463975	0.486214	-1.302640	0.826887	0.758799	0.339050	0.556119	-0.414220	0.910118	0.010311	-0.502639	-0.238180	0.831038
58852	3.881007	3.186507	14.273189	-0.128427	-0.965027	0.934713	0.750012	0.345193	0.564202	-0.420581	0.907246	0.004017	-0.510483	-0.240305	0.825627
58853	1.660524	1.318991	12.911643	-0.163109	-0.709435	0.871801	0.742677	0.351349	0.570075	-0.426225	0.904614	-0.002260	-0.516492	-0.241302	0.821590
58854	0.235672	1.130266	11.975101	0.030717	-0.587419	0.725715	0.736520	0.356438	0.574882	-0.431712	0.901991	-0.006156	-0.520733	-0.243649	0.818213
58855	-0.304232	1.776532	11.789148	0.177932	-0.508105	0.564063	0.731413	0.360242	0.579017	-0.436761	0.899542	-0.007945	-0.523712	-0.247081	0.815277
58856	-0.242825	2.251660	11.958894	0.171653	-0.402830	0.413853	0.727487	0.362917	0.582283	-0.440641	0.897639	-0.008944	-0.525926	-0.250071	0.812937
58857	-0.336593	1.650437	11.880549	0.115166	-0.253941	0.274601	0.724942	0.364703	0.584337	-0.443207	0.896368	-0.009599	-0.527282	-0.252024	0.811454
58858	-0.341548	0.606145	11.716561	0.153962	-0.099790	0.122886	0.723874	0.365510	0.585157	-0.444870	0.895549	-0.009061	-0.527349	-0.253759	0.810869
58859	-0.232033	0.041608	11.577928	0.277981	0.067698	-0.027882	0.724371	0.365384	0.584621	-0.446081	0.894968	-0.006635	-0.525642	-0.255982	0.811279
58860	0.000007	0.107817	11.513680	0.367635	0.239999	-0.147648	0.726291	0.364637	0.582701	-0.446897	0.894581	-0.002781	-0.522288	-0.258387	0.812682
58861	0.443329	0.080455	11.591152	0.366655	0.404921	-0.230404	0.729433	0.363593	0.579421	-0.447101	0.894482	0.001559	-0.517715	-0.260197	0.815027
58862	1.252972	-0.310670	11.798818	0.348386	0.616933	-0.294713	0.733929	0.362522	0.574392	-0.446698	0.894664	0.006111	-0.511672	-0.261065	0.818558
58863	1.658404	-0.574332	11.811363	0.346564	0.867116	-0.340943	0.739861	0.361696	0.567259	-0.445909	0.895012	0.010910	-0.503757	-0.261017	0.823468
58864	1.731096	-0.687126	11.554321	0.328225	1.093548	-0.355683	0.746906	0.361318	0.558194	-0.444863	0.895462	0.015630	-0.494194	-0.259994	0.829563
58865	1.705248	-0.923790	11.095206	0.302026	1.261058	-0.348410	0.754622	0.361432	0.547643	-0.443697	0.895952	0.020082	-0.483403	-0.258142	0.836471
58866	1.944813	-1.098319	10.873879	0.307435	1.388255	-0.338272	0.762755	0.361926	0.535924	-0.442559	0.896405	0.024503	-0.471537	-0.255868	0.843910
58867	2.351668	-1.057997	10.866252	0.312796	1.504447	-0.324915	0.771209	0.362795	0.523083	-0.441471	0.896810	0.028884	-0.458628	-0.253201	0.851792
58868	2.738596	-0.849381	10.905345	0.296266	1.620329	-0.301664	0.779865	0.364123	0.509142	-0.440430	0.897181	0.032980	-0.444784	-0.249961	0.860050
58869	2.978976	-0.746802	10.787092	0.259094	1.716672	-0.269956	0.788575	0.365926	0.494215	-0.439419	0.897537	0.036590	-0.430187	-0.246021	0.868569
58870	2.963805	-0.801865	10.491776	0.217086	1.773795	-0.242099	0.797142	0.368033	0.478661	-0.438377	0.897915	0.039664	-0.415200	-0.241452	0.877103
58871	2.874078	-0.841895	10.136607	0.197633	1.775180	-0.229654	0.805400	0.370179	0.462924	-0.437308	0.898307	0.042500	-0.400116	-0.236670	0.885378
58872	2.984149	-0.679071	10.078711	0.179018	1.732531	-0.221376	0.813178	0.372206	0.447442	-0.436180	0.898729	0.045100	-0.385342	-0.231839	0.893175
58873	3.406517	-0.520254	10.336396	0.107880	1.663460	-0.223874	0.820455	0.373975	0.432431	-0.434730	0.899331	0.047057	-0.371301	-0.226599	0.900438
58874	4.803651	-0.822099	10.989640	0.058749	1.664828	-0.253285	0.827627	0.375379	0.417282	-0.432816	0.900168	0.048663	-0.357357	-0.220881	0.907473
58875	5.759308	-0.747702	11.586710	0.034220	1.806854	-0.307654	0.835289	0.376502	0.400672	-0.430338	0.901269	0.050234	-0.342200	-0.214384	0.914844
58876	5.911237	-0.531852	11.575964	-0.004458	1.997485	-0.370358	0.843554	0.377327	0.382153	-0.427174	0.902694	0.051640	-0.325482	-0.206807	0.922655
58877	5.472431	-0.315451	11.032835	-0.083169	2.132146	-0.426149	0.852125	0.377762	0.362185	-0.423270	0.904484	0.052458	-0.307774	-0.198002	0.930629
58878	5.151865	-0.472683	10.319819	-0.167724	2.165673	-0.469978	0.860586	0.377648	0.341722	-0.418704	0.906602	0.052540	-0.289964	-0.188295	0.938331
58879	4.946871	-0.569728	9.614155	-0.208901	2.115653	-0.514108	0.868692	0.376820	0.321529	-0.413628	0.908944	0.052272	-0.272555	-0.178402	0.945456
58880	5.063217	-0.409490	9.318549	-0.247855	2.011059	-0.554800	0.876296	0.375218	0.302185	-0.408092	0.911479	0.051644	-0.256057	-0.168575	0.951849
58881	5.432927	-0.412477	8.981725	-0.307624	1.891377	-0.574468	0.883336	0.373029	0.283842	-0.402231	0.914151	0.050380	-0.240682	-0.158672	0.957547
58882	5.530771	-0.362155	8.526129	-0.369169	1.760000	-0.564601	0.889712	0.370525	0.266689	-0.396323	0.916836	0.048381	-0.226584	-0.148741	0.962567
58883	5.208400	-0.290015	7.954928	-0.454190	1.580468	-0.517887	0.895247	0.368003	0.251209	-0.390659	0.919419	0.045330	-0.214284	-0.138719	0.966871
58884	5.073921	-0.654848	7.310781	-0.548125	1.341432	-0.437165	0.899762	0.365732	0.238050	-0.385548	0.921773	0.041081	-0.204404	-0.128743	0.970384
58885	5.121724	-1.446034	6.733801	-0.537813	1.050678	-0.339858	0.903187	0.363864	0.227718	-0.381364	0.923699	0.036634	-0.197013	-0.119931	0.973038
58886	6.610834	-2.290467	7.108904	-0.366382	0.768736	-0.256999	0.905667	0.362347	0.220165	-0.378288	0.925077	0.033631	-0.191483	-0.113744	0.974883
58887	9.134951	-2.537210	7.754775	-0.029167	0.715993	-0.181827	0.907714	0.361429	0.213129	-0.376544	0.925785	0.033726	-0.185122	-0.110866	0.976442
58888	10.643211	-1.324555	8.202214	0.282416	0.904323	-0.042342	0.909516	0.361997	0.204300	-0.376629	0.925642	0.036564	-0.175873	-0.110201	0.978225
58889	10.307735	-0.477362	7.319896	0.390283	1.146142	0.188407	0.910765	0.364961	0.193160	-0.378966	0.924546	0.039997	-0.163988	-0.109629	0.980352
58890	8.511170	0.099860	5.741995	0.422570	1.235715	0.449781	0.911008	0.370426	0.181244	-0.383689	0.922447	0.043290	-0.151152	-0.108979	0.982485
58891	7.024999	0.440399	4.212269	0.393646	1.060087	0.728904	0.909741	0.378253	0.171160	-0.390859	0.919307	0.045862	-0.140001	-0.108621	0.984175
58892	6.997418	0.712853	3.490571	0.396152	0.727275	0.959207	0.906949	0.387805	0.164473	-0.400071	0.915219	0.048140	-0.131860	-0.109461	0.985206
58893	8.188419	1.452506	3.627995	0.437721	0.425206	1.135756	0.902906	0.398603	0.160860	-0.410875	0.910287	0.050590	-0.126264	-0.111771	0.985680
58894	9.213677	2.349294	3.822329	0.496966	0.249095	1.257836	0.897986	0.410261	0.159083	-0.422779	0.904654	0.053463	-0.121981	-0.115266	0.985817
58895	9.233516	3.371248	3.673242	0.560892	0.116255	1.334672	0.892413	0.422392	0.158692	-0.435363	0.898458	0.056856	-0.118562	-0.119828	0.985690
58896	8.678804	4.332061	3.396883	0.593718	-0.070639	1.372910	0.886279	0.434557	0.160217	-0.448234	0.891866	0.060505	-0.116600	-0.125439	0.985226
58897	8.673589	4.741035	3.216806	0.622910	-0.291238	1.369522	0.879729	0.446311	0.163962	-0.461015	0.885052	0.064405	-0.116370	-0.132248	0.984362
58898	8.787063	5.193815	3.121389	0.695778	-0.494720	1.275756	0.873208	0.456845	0.169703	-0.472973	0.878363	0.069109	-0.117489	-0.140611	0.983069
58899	5.378899	6.874306	3.854509	0.800959	-0.636320	1.102799	0.867197	0.465533	0.176771	-0.483480	0.872132	0.075053	-0.119228	-0.150551	0.981386
58900	-9.042830	23.800512	13.688782	-1.407289	-1.248702	0.603440	0.862687	0.468915	0.189449	-0.486861	0.871407	0.060134	-0.136889	-0.144112	0.980047
58901	-4.201235	-3.980153	12.622313	-1.941707	-2.051252	0.403413	0.857651	0.469512	0.209746	-0.487372	0.872263	0.040322	-0.164022	-0.136807	0.976924
58902	-4.611099	1.287263	5.112411	-1.115440	-1.770165	-0.739980	0.858155	0.460592	0.226770	-0.479041	0.877243	0.031048	-0.184632	-0.135276	0.973453
58903	-0.197461	2.088110	6.541515	-0.512253	-2.904445	-1.532893	0.859644	0.442991	0.254502	-0.464820	0.884905	0.029763	-0.212025	-0.143883	0.966614
58904	7.208242	1.319223	12.804197	-0.833392	-3.050264	-1.469138	0.859452	0.425416	0.283484	-0.450259	0.892528	0.025683	-0.242091	-0.149715	0.958633
58905	11.593609	-8.013897	13.025356	-0.796279	-2.660290	-1.128237	0.857686	0.411235	0.308642	-0.438500	0.898476	0.021418	-0.268500	-0.153709	0.950937
58906	11.107275	-9.020744	12.978897	-0.418095	-2.195713	-0.565916	0.854038	0.402670	0.329356	-0.432451	0.901452	0.019255	-0.289145	-0.158875	0.944010
58907	11.557271	-10.833775	13.249795	-0.090724	-1.895843	0.118393	0.847897	0.400620	0.347238	-0.433149	0.901143	0.017998	-0.305700	-0.165666	0.937604
58908	9.287080	-3.336121	12.355900	0.307354	-1.391943	0.307632	0.842240	0.400985	0.360336	-0.436664	0.899407	0.019780	-0.316157	-0.174005	0.932613
58909	5.685551	3.239061	10.717591	0.314065	-1.206618	0.163050	0.837667	0.400264	0.371620	-0.439001	0.898215	0.022101	-0.324949	-0.181655	0.928122
58910	3.524553	4.357297	9.533419	0.135240	-1.255803	-0.093918	0.833945	0.397060	0.383248	-0.438622	0.898359	0.023704	-0.334882	-0.187869	0.923341
58911	2.959206	0.883226	8.563272	0.021929	-1.370234	-0.150196	0.829945	0.393056	0.395851	-0.437407	0.898930	0.024489	-0.346217	-0.193473	0.917988
58912	2.644118	-1.196263	8.311432	0.084936	-1.462996	-0.063681	0.825081	0.389564	0.409245	-0.437139	0.899032	0.025520	-0.357983	-0.199953	0.912067
58913	4.191098	1.289933	9.130753	0.114718	-1.677264	0.086588	0.818593	0.386884	0.424530	-0.438229	0.898482	0.026201	-0.371296	-0.207489	0.905035
58914	12.176176	5.476126	12.899697	-0.329895	-1.716796	0.427883	0.810214	0.387091	0.440130	-0.440423	0.897536	0.021377	-0.386757	-0.211163	0.897680
58915	7.397979	1.029736	9.599032	-0.500817	-0.897587	0.379299	0.805034	0.388562	0.448263	-0.441486	0.897139	0.015208	-0.396245	-0.210145	0.893772
58916	4.816016	-2.475101	9.312358	-0.459445	-1.025342	0.330957	0.799463	0.389335	0.457468	-0.442257	0.896837	0.009613	-0.406531	-0.210004	0.889174
58917	7.203212	-0.664170	10.168499	-0.319038	-0.984308	0.239631	0.794362	0.389370	0.466241	-0.442815	0.896595	0.005679	-0.415818	-0.210970	0.884640
58918	6.085475	-0.673405	9.533097	-0.323873	-0.696082	0.151720	0.790778	0.389221	0.472416	-0.442619	0.896707	0.002109	-0.422798	-0.210768	0.881373
58919	5.552860	-1.693352	9.490253	-0.236750	-0.670457	0.082657	0.787562	0.388505	0.478340	-0.442223	0.896905	-0.000364	-0.429168	-0.211246	0.878174
58920	6.114916	-0.396264	9.357355	-0.139774	-0.562883	0.029168	0.785010	0.387534	0.483299	-0.441809	0.897108	-0.001729	-0.434241	-0.212169	0.875454
58921	5.585180	-0.395637	9.162805	-0.125067	-0.431322	0.006297	0.783106	0.386632	0.487095	-0.441273	0.897369	-0.002850	-0.438206	-0.212710	0.873344
58922	6.138165	-0.292484	9.307302	-0.073097	-0.374623	-0.011784	0.781516	0.385686	0.490387	-0.440819	0.897590	-0.003428	-0.441488	-0.213493	0.871498
58923	5.075426	-0.036528	8.837378	-0.023595	-0.220896	-0.016129	0.780615	0.385027	0.492337	-0.440549	0.897722	-0.003551	-0.443348	-0.214126	0.870398
58924	5.495828	0.055032	8.927902	-0.020559	-0.228493	-0.019848	0.779693	0.384317	0.494348	-0.440262	0.897862	-0.003629	-0.445251	-0.214813	0.869257
58925	5.367884	0.015794	8.877003	0.007141	-0.173898	-0.015622	0.778991	0.383760	0.495884	-0.440132	0.897926	-0.003487	-0.446606	-0.215539	0.868382
58926	5.319128	0.101227	8.940110	0.008847	-0.139046	-0.011542	0.778426	0.383315	0.497115	-0.440042	0.897971	-0.003350	-0.447679	-0.216144	0.867678
58927	5.322491	0.096708	8.892395	0.016775	-0.107560	-0.005487	0.777973	0.382990	0.498073	-0.440035	0.897975	-0.003174	-0.448473	-0.216700	0.867129
58928	5.247325	-0.002348	8.874534	0.019110	-0.079015	0.001042	0.777619	0.382786	0.498781	-0.440088	0.897949	-0.003011	-0.449033	-0.217167	0.866723
58929	5.254794	-0.041686	8.862318	0.027469	-0.060140	-0.000517	0.777356	0.382608	0.499327	-0.440168	0.897911	-0.002766	-0.449410	-0.217637	0.866409
58930	5.130312	-0.107711	8.894085	0.032898	-0.048719	-0.002822	0.777155	0.382435	0.499772	-0.440254	0.897870	-0.002465	-0.449673	-0.218111	0.866153
58931	5.178692	-0.095379	8.853091	0.031845	-0.037962	0.000364	0.776988	0.382313	0.500126	-0.440360	0.897819	-0.002187	-0.449859	-0.218536	0.865950
58932	5.100597	-0.128177	8.871873	0.029745	-0.039460	-0.003440	0.776831	0.382154	0.500491	-0.440427	0.897786	-0.001910	-0.450064	-0.218946	0.865740
58933	5.185213	-0.089629	8.849334	0.030223	-0.030309	-0.007744	0.776734	0.381976	0.500779	-0.440463	0.897769	-0.001605	-0.450197	-0.219327	0.865574
58934	5.057504	-0.030283	8.835129	0.031918	-0.025440	-0.008929	0.776664	0.381798	0.501022	-0.440497	0.897753	-0.001282	-0.450283	-0.219703	0.865434
58935	5.113702	0.030490	8.771348	0.028382	-0.026725	-0.008380	0.776585	0.381622	0.501278	-0.440520	0.897742	-0.000990	-0.450397	-0.220054	0.865285
58936	5.020949	-0.033107	8.797973	0.022555	-0.034784	-0.011045	0.776483	0.381404	0.501602	-0.440496	0.897754	-0.000737	-0.450597	-0.220381	0.865098
58937	5.049507	0.114333	8.798427	0.036177	-0.038631	-0.012683	0.776370	0.381162	0.501962	-0.440520	0.897743	-0.000357	-0.450768	-0.220847	0.864890
58938	5.069904	0.065685	8.771913	0.026988	-0.049571	-0.014174	0.776214	0.380884	0.502413	-0.440492	0.897757	-0.000050	-0.451063	-0.221271	0.864628
58939	5.040777	0.066462	8.776054	0.029122	-0.056172	-0.016048	0.776036	0.380573	0.502924	-0.440459	0.897773	0.000287	-0.451402	-0.221740	0.864331
58940	5.032273	0.038731	8.780284	0.021519	-0.067714	-0.014377	0.775799	0.380252	0.503532	-0.440405	0.897799	0.000548	-0.451862	-0.222183	0.863977
58941	5.003755	0.080173	8.791848	0.017733	-0.080981	-0.015769	0.775507	0.379887	0.504256	-0.440322	0.897839	0.000784	-0.452443	-0.222644	0.863554
58942	5.063929	0.097906	8.789316	0.012274	-0.099133	-0.015963	0.775134	0.379481	0.505134	-0.440214	0.897892	0.000974	-0.453187	-0.223122	0.863040
58943	5.084801	-0.018520	8.799893	0.004166	-0.105915	-0.016135	0.774730	0.379057	0.506073	-0.440068	0.897964	0.001095	-0.454020	-0.223555	0.862490
58944	5.049995	0.056553	8.777174	0.000305	-0.110919	-0.015596	0.774300	0.378627	0.507052	-0.439909	0.898042	0.001180	-0.454907	-0.223970	0.861915
58945	5.027993	0.012923	8.769772	-0.012732	-0.126883	-0.016510	0.773799	0.378152	0.508170	-0.439683	0.898152	0.001158	-0.455976	-0.224330	0.861256
58946	5.136603	-0.045744	8.781747	-0.014516	-0.145210	-0.020380	0.773231	0.377601	0.509442	-0.439419	0.898281	0.001140	-0.457192	-0.224740	0.860504
58947	5.149694	-0.046158	8.774075	-0.019579	-0.152848	-0.021736	0.772631	0.377019	0.510781	-0.439122	0.898427	0.001087	-0.458490	-0.225135	0.859710
58948	5.133314	-0.025686	8.797855	-0.025956	-0.161688	-0.021862	0.771990	0.376416	0.512193	-0.438793	0.898587	0.000979	-0.459882	-0.225503	0.858870
58949	5.211555	-0.045751	8.750223	-0.029863	-0.166559	-0.025054	0.771338	0.375772	0.513647	-0.438423	0.898769	0.000855	-0.461329	-0.225854	0.858001
58950	5.180888	-0.099969	8.918439	-0.045093	-0.188197	-0.022221	0.770570	0.375106	0.515283	-0.438003	0.898973	0.000586	-0.463006	-0.226147	0.857020
58951	5.292408	-0.289696	8.714143	-0.039907	-0.169522	-0.033296	0.769934	0.374380	0.516760	-0.437521	0.899208	0.000421	-0.464517	-0.226418	0.856130
58952	5.192343	0.089745	8.714160	-0.083660	-0.184716	-0.025701	0.769192	0.373689	0.518363	-0.436894	0.899513	-0.000158	-0.466333	-0.226348	0.855161
58953	5.196047	0.010226	8.703544	-0.111888	-0.186868	-0.019088	0.768406	0.373051	0.519985	-0.436185	0.899857	-0.001011	-0.468289	-0.226033	0.854175
58954	5.135078	-0.011828	8.741221	-0.138475	-0.185363	-0.020535	0.767631	0.372406	0.521590	-0.435337	0.900265	-0.002082	-0.470345	-0.225469	0.853194
58955	5.104465	-0.099071	8.811097	-0.149358	-0.192923	-0.022524	0.766824	0.371726	0.523260	-0.434420	0.900705	-0.003233	-0.472505	-0.224835	0.852167
58956	5.119254	-0.407892	8.918096	-0.108077	-0.214469	-0.029274	0.765940	0.370938	0.525110	-0.433644	0.901076	-0.003996	-0.474647	-0.224650	0.851025
58957	5.200058	-0.306791	8.891700	-0.033464	-0.259103	-0.039840	0.764884	0.369954	0.527340	-0.433140	0.901318	-0.004066	-0.476805	-0.225302	0.849645
58958	5.093886	-0.335922	9.071453	0.012545	-0.277972	-0.052280	0.763786	0.368813	0.529724	-0.432760	0.901502	-0.003679	-0.478904	-0.226433	0.848162
58959	4.727693	-0.416747	9.084621	0.132338	-0.358623	-0.043183	0.762256	0.367564	0.532788	-0.433026	0.901379	-0.002324	-0.481098	-0.228940	0.846246
58960	4.523014	-0.701477	9.371361	0.186350	-0.434776	-0.060491	0.760425	0.365974	0.536485	-0.433424	0.901190	-0.000421	-0.483629	-0.232205	0.843910
58961	4.657893	-0.699662	9.332961	0.251365	-0.578370	-0.120718	0.758145	0.363488	0.541380	-0.433687	0.901060	0.002352	-0.486961	-0.236573	0.840775
58962	4.801828	-0.307001	9.258811	0.371040	-0.681740	-0.142711	0.755437	0.360527	0.547115	-0.434381	0.900708	0.006247	-0.490538	-0.242375	0.837034
58963	4.726698	-0.533613	9.200783	0.469728	-0.818918	-0.162207	0.752112	0.357009	0.553960	-0.435432	0.900154	0.011067	-0.494698	-0.249535	0.832470
58964	4.808010	-0.565473	9.323607	0.608124	-0.981042	-0.177004	0.748013	0.352882	0.562096	-0.437087	0.899257	0.017106	-0.499432	-0.258480	0.826895
58965	4.780205	-0.266503	9.448265	0.857043	-1.210676	-0.195616	0.742795	0.347880	0.572044	-0.439892	0.897695	0.025278	-0.504727	-0.270414	0.819833
58966	4.419129	-0.208233	9.859617	1.052006	-1.460316	-0.192846	0.736236	0.342053	0.583915	-0.443769	0.895458	0.034978	-0.510907	-0.284876	0.811061
58967	3.920124	-0.227931	10.015853	1.244337	-1.827676	-0.224570	0.727832	0.334637	0.598565	-0.448492	0.892585	0.046335	-0.518764	-0.302176	0.799733
58968	3.203440	-0.686167	10.623093	1.407775	-2.321606	-0.321526	0.717120	0.324478	0.616809	-0.453506	0.889268	0.059452	-0.529217	-0.322361	0.784865
58969	2.718150	-0.619232	10.900525	1.471126	-2.911956	-0.469633	0.703649	0.310553	0.639089	-0.458020	0.885872	0.073817	-0.543227	-0.344657	0.765582
58970	3.193622	0.066258	10.964503	1.485440	-3.663954	-0.568618	0.686022	0.292407	0.666237	-0.462239	0.882305	0.088727	-0.561880	-0.368829	0.740443
58971	3.620644	0.713085	11.541179	1.372250	-4.403224	-0.541469	0.663280	0.270813	0.697653	-0.466421	0.878618	0.102381	-0.585245	-0.393308	0.709082
58972	3.819647	0.921174	11.372744	1.174288	-5.100667	-0.368630	0.634448	0.246869	0.732483	-0.471027	0.874833	0.113140	-0.612870	-0.416800	0.671318
58973	3.744267	1.309091	10.824084	1.013968	-5.859998	-0.248030	0.598778	0.219568	0.770230	-0.475837	0.871087	0.121597	-0.644239	-0.439314	0.626067
58974	5.452657	1.539222	10.865634	0.828865	-6.670832	-0.135993	0.555285	0.188328	0.810057	-0.480501	0.867653	0.127660	-0.678806	-0.460120	0.572286
58975	8.776252	1.548296	12.150835	0.609683	-7.391791	-0.117005	0.504311	0.152582	0.849935	-0.484097	0.865008	0.131952	-0.715067	-0.477996	0.510098
58976	11.601911	2.521868	11.978022	0.385372	-7.577825	-0.110477	0.449335	0.114831	0.885953	-0.486359	0.863302	0.134775	-0.749368	-0.491451	0.443760
58977	12.405414	4.552182	11.463733	-0.194891	-8.026864	0.078677	0.387385	0.075758	0.918800	-0.485161	0.864205	0.133298	-0.783933	-0.497404	0.371535
58978	19.880549	2.837060	15.146538	-0.819854	-8.083965	-0.018998	0.322745	0.035420	0.945823	-0.478499	0.868297	0.130763	-0.816624	-0.494778	0.297187
58979	19.695412	1.333600	17.747340	-0.794889	-6.845867	-0.389135	0.267848	-0.001699	0.963460	-0.470731	0.872285	0.132404	-0.840637	-0.488994	0.232841
58980	11.322185	0.200785	15.228140	-0.474680	-6.009962	-0.712370	0.220133	-0.037207	0.974760	-0.464933	0.874465	0.138376	-0.857542	-0.483660	0.175200
58981	7.101498	-1.994214	17.223352	0.245242	-5.757258	-0.858449	0.174454	-0.072573	0.981987	-0.465329	0.872817	0.147172	-0.867776	-0.482622	0.118496
58982	-0.168112	-2.094045	15.474691	1.276773	-5.117693	-0.725180	0.133393	-0.103800	0.985613	-0.475283	0.865978	0.155525	-0.869662	-0.489191	0.066181
58983	11.117952	-5.310204	9.340601	2.980200	-5.852553	0.279832	0.081364	-0.130621	0.988088	-0.501363	0.851450	0.153843	-0.861403	-0.507908	0.003789
58984	34.340287	11.211674	32.962489	2.069201	-1.506896	1.258834	0.062023	-0.127778	0.989862	-0.519973	0.842411	0.141324	-0.851928	-0.523467	-0.014192
58985	11.249998	11.921400	23.597530	0.236774	1.292137	1.899227	0.063132	-0.105015	0.992465	-0.523153	0.843386	0.122519	-0.849897	-0.526946	-0.001694
58986	-3.962210	7.734882	12.972327	-1.450797	1.972929	2.324771	0.067925	-0.075048	0.994864	-0.512281	0.853055	0.099327	-0.856128	-0.516396	0.019498
58987	-3.551104	2.152767	9.410049	-2.293291	1.617317	2.563701	0.068980	-0.044839	0.996610	-0.494258	0.866230	0.073182	-0.866574	-0.497630	0.037591
58988	-1.373733	-2.501118	7.539625	-1.929061	1.558913	2.455261	0.070601	-0.015860	0.997379	-0.479152	0.876426	0.047854	-0.874888	-0.481275	0.054277
58989	0.186874	-3.367902	7.655240	-0.964577	1.905206	2.144395	0.077127	0.012044	0.996949	-0.472260	0.881079	0.025891	-0.878079	-0.472815	0.073643
58990	0.261777	-0.825731	7.828341	-0.098319	2.356124	1.785818	0.089355	0.038856	0.995242	-0.472863	0.881099	0.008055	-0.876594	-0.471332	0.097104
58991	-0.209039	2.944980	7.906621	0.168816	2.750888	1.514790	0.106268	0.065130	0.992202	-0.475800	0.879528	-0.006775	-0.873110	-0.471370	0.124454
58992	-0.253339	4.983260	8.010945	-0.124867	3.061023	1.312566	0.126699	0.091002	0.987758	-0.476218	0.879102	-0.019907	-0.870151	-0.467866	0.154718
58993	0.488601	4.448050	8.200295	-0.563861	3.321719	1.091357	0.150428	0.115980	0.981794	-0.472807	0.880600	-0.031583	-0.868231	-0.459448	0.187303
58994	1.914485	2.713652	8.460756	-0.732813	3.659434	0.813075	0.178329	0.139714	0.974001	-0.467766	0.882901	-0.041003	-0.865675	-0.448293	0.222800
58995	3.075247	1.654343	8.500271	-0.627049	4.075823	0.476984	0.211330	0.161938	0.963906	-0.463259	0.884970	-0.047110	-0.860657	-0.436582	0.262040
58996	3.823264	1.455203	8.523617	-0.419227	4.452756	0.135942	0.248843	0.182285	0.951236	-0.459954	0.886558	-0.049567	-0.852361	-0.425190	0.304457
58997	5.265063	1.912000	8.726904	-0.292481	4.757503	-0.136043	0.289790	0.201004	0.935745	-0.457085	0.888061	-0.049206	-0.840889	-0.413456	0.349227
58998	7.098416	2.129116	8.965895	-0.271428	5.049281	-0.304010	0.333274	0.218807	0.917089	-0.453846	0.889820	-0.047371	-0.826409	-0.400429	0.395858
58999	8.468256	3.026999	9.046828	-0.433356	5.305384	-0.337748	0.378244	0.236595	0.894961	-0.449070	0.892307	-0.046100	-0.809486	-0.384463	0.443757
59000	8.665138	1.100193	8.510024	-0.451500	5.484020	-0.418936	0.423967	0.253414	0.869502	-0.443746	0.895047	-0.044490	-0.789519	-0.366976	0.491922
59001	8.974919	0.480634	8.738314	-0.443019	5.719049	-0.428738	0.470387	0.269994	0.840142	-0.438351	0.897771	-0.043085	-0.765888	-0.348011	0.540652
