// General information: 
//  MT Manager version: 2022.2.0 
//  XDA version: 2022.2.0 build 7381 rev 124627 built on 2023-07-19
// Device information: 
//  DeviceId: 00B4CAF0
//  ProductCode: MTW2-3A7G6
//  Firmware Version: 4.6.0
//  Hardware Version: 2.0.0
// Device settings: 
//  Filter Profile: human(46.1)
//  Option Flags: Orientation Smoother Disabled, Position/Velocity Smoother Disabled, Continuous Zero Rotation Update Disabled, AHS Disabled, ICC Disabled
// Coordinate system: ENU
PacketCounter	Acc_X	Acc_Y	Acc_Z	Gyr_X	Gyr_Y	Gyr_Z	Mat[1][1]	Mat[2][1]	Mat[3][1]	Mat[1][2]	Mat[2][2]	Mat[3][2]	Mat[1][3]	Mat[2][3]	Mat[3][3]
64144	5.255546	-0.704886	8.720690	0.007040	-0.006501	0.001968	-0.740789	-0.429871	0.516181	0.465104	-0.882671	-0.067594	0.484675	0.190005	0.853808
64145	5.209489	-0.750499	8.698012	-0.000915	-0.007844	0.003195	-0.740683	-0.429934	0.516281	0.465145	-0.882642	-0.067700	0.484798	0.190001	0.853739
64146	5.219775	-0.729805	8.688701	0.004265	-0.012120	0.003476	-0.740603	-0.429916	0.516411	0.465168	-0.882631	-0.067684	0.484898	0.190091	0.853662
64147	5.238358	-0.742570	8.677217	0.000237	-0.008584	0.005318	-0.740552	-0.429936	0.516467	0.465190	-0.882617	-0.067713	0.484955	0.190111	0.853626
64148	5.239279	-0.742648	8.676655	0.000761	-0.013033	-0.000678	-0.740487	-0.429880	0.516607	0.465165	-0.882631	-0.067705	0.485078	0.190173	0.853542
64149	5.187334	-0.704599	8.708815	-0.001455	-0.014858	0.005063	-0.740387	-0.429891	0.516740	0.465176	-0.882620	-0.067772	0.485219	0.190198	0.853456
64150	5.249842	-0.776571	8.673070	-0.002561	-0.010979	0.000726	-0.740325	-0.429852	0.516861	0.465145	-0.882634	-0.067800	0.485343	0.190222	0.853380
64151	5.239936	-0.674194	8.698889	0.001205	-0.012290	0.001881	-0.740232	-0.429836	0.517009	0.465133	-0.882636	-0.067859	0.485499	0.190246	0.853286
64152	5.235314	-0.709835	8.676161	0.001650	-0.011548	0.004441	-0.740149	-0.429829	0.517132	0.465150	-0.882626	-0.067870	0.485607	0.190310	0.853210
64153	5.258538	-0.741279	8.693305	-0.000703	-0.013202	0.002410	-0.740075	-0.429805	0.517258	0.465130	-0.882634	-0.067914	0.485740	0.190331	0.853130
64154	5.265234	-0.705818	8.714768	0.001649	-0.011548	0.004440	-0.739993	-0.429797	0.517382	0.465147	-0.882624	-0.067926	0.485848	0.190394	0.853054
64155	5.238317	-0.710244	8.674315	0.000942	-0.010065	0.004878	-0.739917	-0.429812	0.517480	0.465163	-0.882611	-0.067974	0.485949	0.190417	0.852991
64156	5.271317	-0.724868	8.742518	-0.004683	-0.006529	0.002040	-0.739870	-0.429793	0.517562	0.465132	-0.882624	-0.068027	0.486050	0.190404	0.852937
64157	5.235924	-0.696050	8.704344	0.000942	-0.010064	0.004878	-0.739790	-0.429736	0.517723	0.465065	-0.882653	-0.068102	0.486236	0.190393	0.852833
64158	5.244934	-0.729715	8.701709	-0.000918	-0.007840	0.003194	-0.739732	-0.429725	0.517816	0.465060	-0.882654	-0.068129	0.486329	0.190418	0.852775
64159	5.231638	-0.732199	8.681362	-0.002001	-0.007184	0.004958	-0.739689	-0.429661	0.517931	0.464972	-0.882694	-0.068203	0.486479	0.190374	0.852699
64160	5.265023	-0.688864	8.683298	0.000988	-0.006928	0.002663	-0.739637	-0.429646	0.518017	0.464973	-0.882693	-0.068211	0.486556	0.190412	0.852647
64161	5.232679	-0.732626	8.680699	-0.001954	-0.004048	0.002744	-0.739640	-0.429560	0.518084	0.464866	-0.882747	-0.068249	0.486654	0.190360	0.852602
64162	5.265838	-0.689368	8.682763	-0.000801	-0.004789	0.004866	-0.739589	-0.429568	0.518150	0.464875	-0.882739	-0.068283	0.486724	0.190373	0.852560
64163	5.256680	-0.710212	8.691400	0.001859	-0.002224	0.001683	-0.739535	-0.429571	0.518224	0.464861	-0.882742	-0.068348	0.486819	0.190357	0.852509
64164	5.270578	-0.708223	8.711343	-0.000188	0.002139	0.006885	-0.739508	-0.429611	0.518230	0.464887	-0.882725	-0.068388	0.486835	0.190345	0.852503
64165	5.247202	-0.731192	8.700217	0.004542	-0.002880	0.004600	-0.739515	-0.429592	0.518236	0.464885	-0.882729	-0.068355	0.486826	0.190371	0.852502
64166	5.274400	-0.723000	8.680391	0.003436	0.000997	0.000265	-0.739513	-0.429571	0.518255	0.464879	-0.882733	-0.068329	0.486834	0.190396	0.852492
64167	5.256589	-0.710257	8.691451	-0.000636	0.001398	0.004324	-0.739491	-0.429594	0.518269	0.464871	-0.882733	-0.068399	0.486877	0.190347	0.852478
64168	5.246245	-0.727323	8.640696	0.002730	0.002480	0.000704	-0.739494	-0.429580	0.518276	0.464865	-0.882737	-0.068383	0.486877	0.190360	0.852475
64169	5.259873	-0.725124	8.660820	0.002095	0.003878	0.005028	-0.739524	-0.429574	0.518238	0.464848	-0.882746	-0.068383	0.486848	0.190331	0.852498
64170	5.255847	-0.710277	8.691898	0.000824	0.001568	0.001234	-0.739521	-0.429563	0.518252	0.464837	-0.882751	-0.068385	0.486863	0.190331	0.852490
64171	5.246262	-0.731029	8.700798	-0.000706	0.001483	0.000438	-0.739530	-0.429516	0.518278	0.464764	-0.882787	-0.068428	0.486920	0.190273	0.852470
64172	5.246078	-0.731260	8.700890	-0.000189	0.002139	0.006884	-0.739503	-0.429556	0.518284	0.464790	-0.882770	-0.068468	0.486936	0.190261	0.852464
64173	5.241518	-0.712606	8.672188	0.008354	-0.001056	0.003540	-0.739500	-0.429581	0.518267	0.464848	-0.882744	-0.068409	0.486884	0.190327	0.852479
64174	5.263572	-0.743838	8.690039	-0.001342	0.002881	0.004762	-0.739487	-0.429603	0.518267	0.464853	-0.882738	-0.068448	0.486900	0.190302	0.852475
64175	5.241157	-0.712603	8.672406	0.002730	0.002480	0.000703	-0.739472	-0.429661	0.518240	0.464907	-0.882709	-0.068463	0.486871	0.190307	0.852490
64176	5.245411	-0.731163	8.701300	-0.000259	0.002225	0.002998	-0.739463	-0.429667	0.518248	0.464904	-0.882709	-0.068484	0.486887	0.190294	0.852484
64177	5.245123	-0.731340	8.701458	0.000565	0.003793	0.004232	-0.739486	-0.429644	0.518234	0.464856	-0.882731	-0.068512	0.486897	0.190240	0.852490
64178	5.263799	-0.690008	8.683949	0.001976	0.000827	0.003355	-0.739469	-0.429650	0.518253	0.464867	-0.882726	-0.068516	0.486913	0.190253	0.852478
64179	5.267995	-0.708525	8.712880	0.004001	0.004790	0.004497	-0.739456	-0.429605	0.518309	0.464791	-0.882761	-0.068580	0.487006	0.190194	0.852439
64180	5.257703	-0.725419	8.662112	0.003388	-0.002138	0.002479	-0.739429	-0.429597	0.518355	0.464802	-0.882756	-0.068567	0.487037	0.190232	0.852413
64181	5.257673	-0.725382	8.662134	0.001270	0.002310	0.003793	-0.739430	-0.429615	0.518338	0.464804	-0.882753	-0.068592	0.487032	0.190206	0.852421
64182	5.275738	-0.741937	8.711023	-0.000588	0.004534	0.002110	-0.739437	-0.429617	0.518326	0.464792	-0.882757	-0.068611	0.487033	0.190181	0.852426
64183	5.239312	-0.712782	8.673506	0.003177	0.003222	0.003263	-0.739408	-0.429693	0.518305	0.464858	-0.882720	-0.068644	0.487014	0.190182	0.852436
64184	5.261164	-0.744046	8.691479	0.001647	0.003137	0.002467	-0.739406	-0.429695	0.518305	0.464860	-0.882719	-0.068646	0.487014	0.190182	0.852436
64185	5.252577	-0.710612	8.693847	0.000942	0.004620	0.002905	-0.739416	-0.429695	0.518291	0.464835	-0.882729	-0.068683	0.487024	0.190135	0.852442
64186	5.242727	-0.731441	8.702894	0.000564	0.003794	0.004231	-0.739410	-0.429714	0.518285	0.464845	-0.882723	-0.068703	0.487024	0.190122	0.852444
64187	5.237831	-0.712997	8.674383	0.002917	0.005447	0.006260	-0.739402	-0.429832	0.518197	0.464955	-0.882664	-0.068717	0.486931	0.190129	0.852496
64188	5.282849	-0.721500	8.703603	0.001319	0.005446	0.001579	-0.739416	-0.429832	0.518178	0.464949	-0.882667	-0.068717	0.486915	0.190116	0.852508
64189	5.263996	-0.705185	8.655176	-0.000142	0.005277	0.004669	-0.739460	-0.429763	0.518172	0.464844	-0.882719	-0.068754	0.486948	0.190028	0.852508
64190	5.241992	-0.677776	8.697372	-0.002445	0.006759	0.000425	-0.739486	-0.429755	0.518142	0.464811	-0.882734	-0.068780	0.486941	0.189977	0.852524
64191	5.272256	-0.685247	8.647029	-0.004545	0.007990	0.007838	-0.739452	-0.429873	0.518093	0.464863	-0.882697	-0.068913	0.486943	0.189884	0.852544
64192	5.258267	-0.692053	8.687137	-0.007536	0.007736	0.010131	-0.739437	-0.429952	0.518048	0.464877	-0.882680	-0.069033	0.486952	0.189783	0.852561
64193	5.251334	-0.609578	8.742583	-0.013257	0.005003	0.011720	-0.739404	-0.430078	0.517991	0.464904	-0.882651	-0.069223	0.486976	0.189632	0.852581
64194	5.279377	-0.550105	8.716201	-0.027954	0.001510	0.020187	-0.739312	-0.430234	0.517992	0.464893	-0.882629	-0.069569	0.487126	0.189377	0.852552
64195	5.255476	-0.754132	8.694051	-0.034217	0.006452	0.021670	-0.739252	-0.430464	0.517888	0.464911	-0.882588	-0.069969	0.487201	0.189047	0.852582
64196	5.260320	-0.722521	8.716367	-0.031112	0.009761	0.021047	-0.739196	-0.430643	0.517818	0.464891	-0.882569	-0.070347	0.487304	0.188729	0.852594
64197	5.253711	-0.761494	8.694476	-0.022123	0.007301	0.020266	-0.739163	-0.430720	0.517801	0.464795	-0.882594	-0.070668	0.487446	0.188436	0.852577
64198	5.256578	-0.779511	8.663808	-0.026596	0.010104	0.019547	-0.739116	-0.430887	0.517729	0.464785	-0.882572	-0.070999	0.487526	0.188157	0.852593
64199	5.237929	-0.769801	8.675103	-0.021370	0.008958	0.017613	-0.739093	-0.430970	0.517694	0.464701	-0.882592	-0.071305	0.487643	0.187872	0.852589
64200	5.246932	-0.755361	8.726468	-0.015973	0.013999	0.015141	-0.739085	-0.431105	0.517592	0.464710	-0.882569	-0.071523	0.487645	0.187669	0.852633
64201	5.259085	-0.751934	8.687223	-0.019846	0.009045	0.018406	-0.739031	-0.431269	0.517533	0.464717	-0.882541	-0.071826	0.487720	0.187425	0.852644
64202	5.188502	-0.826319	8.713675	-0.013479	0.010376	0.012500	-0.739018	-0.431374	0.517463	0.464720	-0.882525	-0.072009	0.487737	0.187259	0.852670
64203	5.265274	-0.789406	8.685844	-0.010421	0.010542	0.014093	-0.739041	-0.431439	0.517377	0.464681	-0.882532	-0.072171	0.487739	0.187078	0.852709
64204	5.246715	-0.777910	8.697247	-0.006079	0.007911	0.007042	-0.739042	-0.431491	0.517332	0.464680	-0.882525	-0.072263	0.487740	0.186988	0.852728
64205	5.263551	-0.791759	8.686674	-0.009401	0.009972	0.008445	-0.739037	-0.431580	0.517265	0.464677	-0.882514	-0.072424	0.487750	0.186837	0.852756
64206	5.245021	-0.780122	8.698070	-0.004488	0.007907	0.011723	-0.739016	-0.431674	0.517217	0.464717	-0.882484	-0.072526	0.487743	0.186762	0.852776
64207	5.284204	-0.648224	8.716652	-0.012017	0.010550	0.009409	-0.739029	-0.431766	0.517121	0.464707	-0.882476	-0.072692	0.487732	0.186588	0.852820
64208	5.311705	-0.588545	8.690901	-0.026943	0.012438	0.018643	-0.738998	-0.431929	0.517029	0.464689	-0.882458	-0.073022	0.487797	0.186295	0.852847
64209	5.252303	-0.712599	8.684384	-0.032268	0.022009	0.023034	-0.738996	-0.432138	0.516857	0.464650	-0.882443	-0.073449	0.487837	0.185879	0.852915
64210	5.272152	-0.748164	8.703079	-0.031389	0.023493	0.028150	-0.738975	-0.432405	0.516664	0.464680	-0.882392	-0.073866	0.487841	0.185499	0.852996
64211	5.232309	-0.777323	8.672980	-0.036896	0.030106	0.026981	-0.738995	-0.432692	0.516396	0.464681	-0.882352	-0.074341	0.487809	0.185022	0.853117
64212	5.227955	-0.835888	8.680773	-0.031552	0.032008	0.026725	-0.739021	-0.432962	0.516131	0.464701	-0.882307	-0.074752	0.487751	0.184603	0.853241
64213	5.266195	-0.829870	8.682440	-0.028677	0.029212	0.022759	-0.739110	-0.433172	0.515827	0.464685	-0.882287	-0.075081	0.487631	0.184204	0.853396
64214	5.227905	-0.807803	8.705845	-0.023213	0.034161	0.024183	-0.739159	-0.433424	0.515546	0.464726	-0.882238	-0.075408	0.487517	0.183850	0.853537
64215	5.236596	-0.859131	8.674221	-0.022511	0.035911	0.017651	-0.739256	-0.433586	0.515270	0.464667	-0.882241	-0.075726	0.487426	0.183449	0.853676
64216	5.221406	-0.813533	8.709211	-0.017986	0.036243	0.016164	-0.739353	-0.433770	0.514977	0.464675	-0.882217	-0.075966	0.487273	0.183131	0.853831
64217	5.249565	-0.826801	8.720045	-0.018697	0.037734	0.016599	-0.739488	-0.433923	0.514653	0.464631	-0.882218	-0.076216	0.487108	0.182763	0.854004
64218	5.208907	-0.853647	8.690490	-0.014609	0.037327	0.012554	-0.739607	-0.434077	0.514353	0.464629	-0.882203	-0.076409	0.486931	0.182471	0.854168
64219	5.156454	-0.831677	8.694169	-0.012486	0.036103	0.005148	-0.739734	-0.434173	0.514089	0.464569	-0.882218	-0.076597	0.486795	0.182168	0.854310
64220	5.190655	-0.808387	8.727266	-0.008350	0.032370	0.011076	-0.739835	-0.434305	0.513832	0.464586	-0.882197	-0.076729	0.486626	0.181952	0.854452
64221	5.201449	-0.803359	8.689155	-0.000554	0.027486	0.010405	-0.739927	-0.434445	0.513581	0.464652	-0.882157	-0.076796	0.486423	0.181813	0.854598
64222	5.148253	-0.834617	8.698746	-0.003613	0.027332	0.008801	-0.740014	-0.434548	0.513369	0.464675	-0.882138	-0.076876	0.486268	0.181661	0.854718
64223	5.147830	-0.781080	8.693517	-0.001668	0.016675	0.008017	-0.740081	-0.434626	0.513205	0.464698	-0.882121	-0.076926	0.486143	0.181553	0.854812
64224	5.176305	-0.846448	8.709796	0.002044	0.015434	0.005300	-0.740127	-0.434676	0.513097	0.464722	-0.882107	-0.076940	0.486051	0.181503	0.854875
64225	5.116390	-0.843408	8.720917	0.007544	0.008811	0.006476	-0.740096	-0.434817	0.513023	0.464865	-0.882031	-0.076952	0.485962	0.181535	0.854919
64226	5.217343	-0.782022	8.704949	0.005840	0.002537	0.006205	-0.740074	-0.434852	0.513025	0.464915	-0.882006	-0.076938	0.485947	0.181573	0.854919
64227	5.146992	-0.853701	8.730609	0.006610	0.004193	0.003561	-0.740099	-0.434882	0.512963	0.464960	-0.881986	-0.076893	0.485865	0.181599	0.854960
64228	5.124926	-0.821495	8.713038	0.013315	-0.000037	0.004655	-0.740073	-0.434898	0.512987	0.465035	-0.881954	-0.076806	0.485834	0.181715	0.854953
64229	5.214010	-0.888161	8.717981	0.019037	-0.008795	-0.001047	-0.740076	-0.434788	0.513075	0.465021	-0.881976	-0.076639	0.485842	0.181872	0.854915
64230	5.198662	-0.819361	8.722260	0.022091	-0.008638	0.000555	-0.740027	-0.434752	0.513177	0.465108	-0.881946	-0.076457	0.485834	0.182103	0.854871
64231	5.222983	-0.794768	8.733302	0.021976	-0.011690	-0.001121	-0.739996	-0.434656	0.513303	0.465124	-0.881953	-0.076282	0.485865	0.182301	0.854811
64232	5.258640	-0.695666	8.729164	0.013295	-0.011510	0.000513	-0.739933	-0.434615	0.513429	0.465168	-0.881939	-0.076175	0.485920	0.182467	0.854744
64233	5.257973	-0.749289	8.735061	0.003958	-0.009930	0.006466	-0.739844	-0.434639	0.513536	0.465204	-0.881917	-0.076211	0.486021	0.182515	0.854677
64234	5.188316	-0.817289	8.700536	0.002929	-0.006127	0.006017	-0.739781	-0.434656	0.513612	0.465238	-0.881898	-0.076221	0.486083	0.182565	0.854630
64235	5.225929	-0.788683	8.671884	0.002379	-0.009920	0.001783	-0.739731	-0.434570	0.513758	0.465152	-0.881940	-0.076256	0.486242	0.182567	0.854539
64236	5.189807	-0.817343	8.699642	0.002480	-0.010095	0.009547	-0.739632	-0.434611	0.513865	0.465210	-0.881907	-0.076287	0.486337	0.182631	0.854472
64237	5.204511	-0.815098	8.719171	0.011814	-0.011675	0.003591	-0.739552	-0.434634	0.513962	0.465299	-0.881866	-0.076224	0.486375	0.182774	0.854420
64238	5.203745	-0.868287	8.725190	0.013790	-0.007628	0.000861	-0.739506	-0.434603	0.514054	0.465348	-0.881849	-0.076115	0.486398	0.182927	0.854374
64239	5.209954	-0.827398	8.687497	0.018591	-0.009531	-0.003616	-0.739500	-0.434486	0.514161	0.465328	-0.881874	-0.075953	0.486426	0.183086	0.854324
64240	5.183564	-0.832999	8.706774	0.026830	-0.010449	-0.007816	-0.739480	-0.434374	0.514284	0.465376	-0.881871	-0.075688	0.486409	0.183366	0.854273
64241	5.221527	-0.801427	8.678142	0.032064	-0.011610	-0.009735	-0.739503	-0.434208	0.514391	0.465392	-0.881891	-0.075362	0.486360	0.183663	0.854238
64242	5.201155	-0.770513	8.719622	0.031240	-0.013174	-0.010974	-0.739485	-0.434062	0.514540	0.465438	-0.881894	-0.075042	0.486343	0.183993	0.854176
64243	5.059464	-0.834302	8.675708	0.032379	-0.013917	-0.008853	-0.739494	-0.433881	0.514679	0.465438	-0.881920	-0.074726	0.486329	0.184292	0.854120
64244	5.013358	-0.810755	8.735997	0.042338	-0.046380	-0.011330	-0.739317	-0.433671	0.515112	0.465535	-0.881904	-0.074310	0.486506	0.184864	0.853896
64245	5.216182	-0.846591	8.719895	0.047703	-0.056037	-0.011833	-0.739115	-0.433474	0.515567	0.465691	-0.881862	-0.073832	0.486663	0.185524	0.853663
64246	5.000025	-0.824089	8.719791	0.049946	-0.068986	-0.011726	-0.738829	-0.433218	0.516192	0.465823	-0.881833	-0.073349	0.486971	0.186261	0.853326
64247	4.976019	-0.989305	8.755270	0.053634	-0.108010	-0.012984	-0.738409	-0.432746	0.517187	0.465801	-0.881885	-0.072855	0.487628	0.187109	0.852766
64248	5.271966	-0.845251	8.775910	0.060512	-0.125883	-0.019051	-0.737879	-0.432316	0.518302	0.465931	-0.881867	-0.072245	0.488306	0.188185	0.852141
64249	5.255383	-0.723355	8.807086	0.066068	-0.129381	-0.016246	-0.737353	-0.431851	0.519438	0.466037	-0.881862	-0.071615	0.489000	0.189272	0.851502
64250	5.421219	-0.694831	8.750201	0.053917	-0.133362	-0.008779	-0.736736	-0.431495	0.520607	0.466211	-0.881811	-0.071114	0.489762	0.190320	0.850830
64251	5.272151	-0.805429	8.838410	0.058127	-0.130753	-0.007319	-0.736125	-0.431221	0.521698	0.466480	-0.881711	-0.070586	0.490425	0.191401	0.850205
64252	5.466156	-0.772609	8.820749	0.071449	-0.139101	-0.005230	-0.735462	-0.430882	0.522911	0.466767	-0.881609	-0.069955	0.491146	0.192628	0.849512
64253	5.432761	-0.761044	8.845290	0.067174	-0.115408	-0.008492	-0.734943	-0.430516	0.523941	0.466941	-0.881562	-0.069381	0.491756	0.193659	0.848924
64254	5.395933	-0.979441	8.867377	0.105502	-0.108992	-0.007838	-0.734439	-0.430209	0.524899	0.467377	-0.881404	-0.068448	0.492095	0.195055	0.848408
64255	4.913709	-0.603289	9.111766	0.145695	-0.123514	-0.028970	-0.734030	-0.429543	0.526016	0.467682	-0.881348	-0.067079	0.492416	0.196770	0.847825
64256	5.403796	-1.372803	8.943184	0.086237	-0.135439	-0.050547	-0.733594	-0.428804	0.527225	0.467711	-0.881408	-0.066085	0.493037	0.198109	0.847152
64257	4.721110	-0.865856	9.407550	0.049457	-0.161445	-0.101433	-0.733295	-0.427529	0.528675	0.467129	-0.881785	-0.065154	0.494033	0.199183	0.846320
64258	2.884527	-2.475553	9.890712	0.078318	-0.367681	-0.166686	-0.732247	-0.425296	0.531918	0.466270	-0.882352	-0.063611	0.496393	0.201438	0.844403
64259	3.971119	0.065391	10.110008	-0.021279	-0.853581	-0.216242	-0.729009	-0.421596	0.539261	0.464496	-0.883355	-0.062674	0.502782	0.204794	0.839803
64260	5.623754	-1.428140	9.765523	-0.080067	-0.772632	-0.278211	-0.726385	-0.417519	0.545934	0.462040	-0.884700	-0.061838	0.508807	0.207325	0.835543
64261	4.047242	-0.710053	10.204235	-0.143811	-0.876781	-0.350804	-0.723521	-0.412500	0.553500	0.458632	-0.886518	-0.061172	0.515921	0.209594	0.830600
64262	4.404339	0.233076	10.932907	-0.398923	-1.100423	-0.442887	-0.719803	-0.406229	0.562904	0.453333	-0.889182	-0.062003	0.525712	0.210553	0.824193
64263	4.701624	0.080868	11.292429	-0.668303	-1.279524	-0.502876	-0.715324	-0.398919	0.573737	0.445983	-0.892703	-0.064653	0.537968	0.209629	0.816484
64264	4.105900	-0.123537	11.721133	-1.028747	-1.477743	-0.624833	-0.710011	-0.390227	0.586180	0.435892	-0.897321	-0.069383	0.553067	0.206248	0.807205
64265	4.982764	-2.030122	12.113231	-1.001811	-1.497018	-0.878319	-0.705453	-0.379032	0.598891	0.423748	-0.902891	-0.072283	0.568131	0.202786	0.797562
64266	2.058236	-1.114652	11.660291	-0.897720	-1.307467	-1.061174	-0.702362	-0.366762	0.610060	0.411093	-0.908667	-0.072991	0.581112	0.199525	0.788986
64267	1.840728	-0.513270	12.424617	-0.982352	-1.271138	-1.099942	-0.699408	-0.354057	0.620864	0.397359	-0.914676	-0.073981	0.594083	0.194963	0.780419
64268	0.488597	-1.097668	12.901641	-0.910358	-1.011012	-1.176289	-0.697932	-0.341289	0.629613	0.383656	-0.920531	-0.073699	0.604731	0.190118	0.773405
64269	-2.308368	-1.047512	12.802426	-0.897222	-0.835941	-1.218212	-0.697499	-0.328174	0.637022	0.369247	-0.926461	-0.072982	0.614127	0.184313	0.767383
64270	-0.657985	-2.542358	12.864588	-0.947492	-0.705097	-1.161063	-0.697335	-0.316081	0.643286	0.355262	-0.931928	-0.072796	0.622505	0.177772	0.762157
64271	3.672740	-4.115289	13.861139	-0.708999	-0.272719	-1.160184	-0.699743	-0.304490	0.646255	0.342288	-0.936922	-0.070823	0.627056	0.171647	0.759828
64272	-0.308201	-3.975181	13.502081	-0.511304	0.466804	-1.104848	-0.706376	-0.294874	0.643492	0.331288	-0.941106	-0.067590	0.625525	0.165437	0.762463
64273	-2.896533	-2.643004	12.812435	-0.313157	0.874074	-0.989861	-0.715104	-0.286536	0.637592	0.321634	-0.944711	-0.063821	0.620627	0.159433	0.767726
64274	-3.507029	-0.930468	12.131820	-0.434590	1.020773	-0.893023	-0.724229	-0.279649	0.630309	0.312493	-0.947927	-0.061510	0.614688	0.152420	0.773904
64275	-2.719955	-0.892026	11.963688	-0.642182	1.172700	-0.810715	-0.734033	-0.273194	0.621740	0.301920	-0.951343	-0.061572	0.608309	0.142520	0.780800
64276	-1.356265	-1.612592	12.341094	-0.783379	1.385699	-0.720320	-0.744535	-0.268200	0.611340	0.291829	-0.954375	-0.063281	0.600420	0.131292	0.788834
64277	-0.893522	-1.816576	12.306356	-0.785909	1.658741	-0.641125	-0.756367	-0.263681	0.598650	0.281628	-0.957264	-0.065811	0.590419	0.118820	0.798303
64278	-0.351012	-2.030189	12.047885	-0.740601	1.856343	-0.519484	-0.768646	-0.260769	0.584109	0.273307	-0.959471	-0.068693	0.578349	0.106841	0.808763
64279	-0.257436	-2.007241	11.499177	-0.662167	1.988026	-0.395158	-0.781230	-0.258596	0.568162	0.265868	-0.961319	-0.071968	0.564796	0.094833	0.819764
64280	0.157857	-1.949449	11.186829	-0.575883	2.024523	-0.259338	-0.793191	-0.257885	0.551673	0.260582	-0.962513	-0.075273	0.550404	0.084051	0.830657
64281	0.719809	-1.887132	11.072791	-0.489379	1.987128	-0.135736	-0.804472	-0.257854	0.535104	0.256360	-0.963363	-0.078811	0.535821	0.073778	0.841102
64282	1.480295	-1.839253	11.069345	-0.420153	1.930368	-0.018917	-0.814714	-0.258981	0.518816	0.253953	-0.963711	-0.082272	0.521296	0.064727	0.850918
64283	2.109364	-1.586884	11.137914	-0.376095	1.834725	0.086216	-0.824071	-0.260647	0.502962	0.252275	-0.963814	-0.086135	0.507212	0.055903	0.860006
64284	3.027430	-1.405156	11.355838	-0.410629	1.717876	0.199359	-0.832160	-0.263429	0.487970	0.251837	-0.963512	-0.090679	0.494053	0.047430	0.868137
64285	4.043770	-1.366931	11.279374	-0.473658	1.613614	0.323979	-0.839357	-0.267023	0.473475	0.251858	-0.962933	-0.096577	0.481713	0.038186	0.875497
64286	4.598325	-1.921346	10.985958	-0.502202	1.520034	0.407032	-0.845557	-0.271427	0.459740	0.252863	-0.962015	-0.102899	0.470206	0.029245	0.882072
64287	4.957897	-2.386558	10.504580	-0.443166	1.392443	0.441625	-0.851054	-0.275781	0.446824	0.254160	-0.960996	-0.109038	0.459467	0.020767	0.887952
64288	5.761154	-2.444487	10.500136	-0.290183	1.269961	0.427471	-0.855727	-0.280084	0.435068	0.256455	-0.959867	-0.113518	0.449402	0.014435	0.893213
64289	6.657556	-2.118834	10.561752	-0.155441	1.207418	0.394125	-0.860224	-0.283756	0.423672	0.258754	-0.958853	-0.116822	0.439388	0.009134	0.898251
64290	7.418685	-1.266655	10.579637	-0.086186	1.180765	0.365473	-0.864396	-0.287316	0.412636	0.261497	-0.957823	-0.119138	0.429463	0.004921	0.903071
64291	8.016948	-0.539271	10.789343	-0.104555	1.206371	0.363956	-0.868704	-0.290574	0.401148	0.263823	-0.956852	-0.121781	0.419226	0.000040	0.907882
64292	9.392276	0.562061	11.337923	-0.279929	1.272222	0.409264	-0.872882	-0.294422	0.389092	0.266194	-0.955654	-0.125959	0.408922	-0.006374	0.912547
64293	10.281541	0.974937	11.324837	-0.516347	1.473192	0.510266	-0.877593	-0.298882	0.374833	0.268221	-0.954155	-0.132834	0.397350	-0.016036	0.917527
64294	10.406653	0.998954	10.852030	-0.761597	1.705238	0.624271	-0.882573	-0.304427	0.358315	0.270704	-0.952110	-0.142144	0.384428	-0.028455	0.922716
64295	9.602896	0.271432	9.462644	-0.871825	1.927838	0.707644	-0.888038	-0.310238	0.339323	0.273367	-0.949687	-0.152859	0.369673	-0.042985	0.928167
64296	8.155666	-0.544897	7.790596	-0.802298	2.005538	0.726143	-0.893295	-0.316099	0.319540	0.276898	-0.947019	-0.162735	0.354051	-0.056891	0.933494
64297	7.021225	-0.789090	6.481805	-0.598588	1.912941	0.696551	-0.898088	-0.321265	0.300378	0.280781	-0.944478	-0.170658	0.338527	-0.068925	0.938429
64298	6.954763	-0.567644	6.017475	-0.406163	1.709370	0.644115	-0.901928	-0.326059	0.283215	0.285198	-0.942101	-0.176375	0.324326	-0.078305	0.942699
64299	7.175891	-0.017103	5.668218	-0.304338	1.495934	0.595124	-0.905078	-0.330219	0.267936	0.289348	-0.939948	-0.181039	0.311628	-0.086328	0.946275
64300	7.539065	0.299245	5.456736	-0.303068	1.293460	0.593027	-0.907309	-0.334600	0.254623	0.293760	-0.937711	-0.185479	0.300825	-0.093488	0.949086
64301	8.151942	0.155590	5.268186	-0.353908	1.129091	0.591488	-0.908995	-0.338852	0.242709	0.297853	-0.935422	-0.190445	0.291568	-0.100822	0.951222
64302	8.830062	0.110904	5.017935	-0.418232	0.987788	0.527056	-0.910258	-0.342721	0.232321	0.301410	-0.933196	-0.195698	0.283871	-0.108112	0.952748
64303	9.573846	0.564811	4.697806	-0.497960	0.915527	0.433312	-0.911592	-0.345567	0.222673	0.303764	-0.931186	-0.201546	0.276998	-0.116087	0.953832
64304	9.434186	0.749531	3.962106	-0.621367	0.857218	0.330669	-0.912935	-0.347588	0.213850	0.305044	-0.929298	-0.208216	0.271104	-0.124854	0.954418
64305	8.690258	0.348531	2.996921	-0.679897	0.701148	0.208613	-0.914245	-0.348483	0.206676	0.304964	-0.927723	-0.215237	0.266745	-0.133750	0.954441
64306	8.505396	-0.068483	2.440440	-0.626899	0.447681	0.077589	-0.915199	-0.348565	0.202268	0.303975	-0.926597	-0.221398	0.264593	-0.141139	0.953976
64307	6.210846	-2.346529	1.538027	-0.352348	0.007575	-0.100958	-0.915572	-0.347510	0.202398	0.301989	-0.926469	-0.224629	0.265577	-0.144542	0.953193
64308	7.489772	0.613042	2.346857	-0.026055	-0.803778	-0.277227	-0.914242	-0.346069	0.210709	0.299349	-0.927399	-0.224326	0.273043	-0.142013	0.951462
64309	10.179267	-1.195318	1.178180	-0.041111	-1.189488	-0.297135	-0.911851	-0.344887	0.222666	0.296409	-0.928387	-0.224139	0.284023	-0.138381	0.948779
64310	9.139381	-3.646498	1.102024	0.608117	-1.455350	-0.516913	-0.909159	-0.341996	0.237633	0.293431	-0.930978	-0.217206	0.295515	-0.127745	0.946759
64311	8.949625	-1.204650	0.960090	1.037395	-1.707175	-0.709503	-0.906106	-0.337347	0.255283	0.290020	-0.934651	-0.205706	0.307995	-0.112354	0.944731
64312	-0.939989	0.115893	9.261733	0.850582	-1.497561	-0.763191	-0.903606	-0.331763	0.270979	0.285747	-0.938112	-0.195690	0.319131	-0.099396	0.942484
64313	3.840459	-2.773208	15.692749	0.668322	-1.965554	-0.583669	-0.898859	-0.328040	0.290590	0.282582	-0.940676	-0.187819	0.334963	-0.086707	0.938233
64314	4.318097	-3.768410	15.606804	0.374843	-2.309139	-0.387475	-0.891986	-0.326242	0.312934	0.280369	-0.942255	-0.183162	0.354619	-0.075641	0.931946
64315	5.380549	-4.325524	9.261214	0.692732	-2.289016	-0.330950	-0.884607	-0.324625	0.334798	0.279856	-0.943826	-0.175708	0.373030	-0.061738	0.925763
64316	5.732452	1.745156	7.627817	0.845657	-2.327269	-0.224358	-0.876340	-0.323737	0.356683	0.281076	-0.945017	-0.167148	0.391183	-0.046223	0.919151
64317	7.386133	2.091483	9.788529	0.381921	-2.458182	-0.062339	-0.866666	-0.324083	0.379289	0.281981	-0.945391	-0.163469	0.411554	-0.034721	0.910724
64318	10.479480	0.331764	12.917153	0.276357	-2.127926	-0.090129	-0.857972	-0.323842	0.398762	0.282329	-0.945775	-0.160627	0.429157	-0.025231	0.902878
64319	11.529376	-0.880845	13.882781	0.624631	-1.780253	-0.307639	-0.851082	-0.321242	0.415286	0.282373	-0.946899	-0.153776	0.442633	-0.013610	0.896599
64320	11.887525	1.510511	11.539040	0.478480	-1.101510	-0.318759	-0.847057	-0.318301	0.425652	0.281767	-0.947973	-0.148168	0.450669	-0.005572	0.892674
64321	5.754323	-1.561298	8.609621	0.357176	-0.633628	-0.243292	-0.844859	-0.315998	0.431692	0.281312	-0.948760	-0.143940	0.455056	-0.000169	0.890463
64322	4.458682	-2.727691	8.667420	0.339739	-0.741180	-0.267419	-0.842213	-0.313413	0.438690	0.280574	-0.949602	-0.139768	0.460386	0.005370	0.887703
64323	5.312238	-3.118804	9.266224	0.482902	-0.733485	-0.188486	-0.839336	-0.311542	0.445486	0.281206	-0.950153	-0.134655	0.465230	0.012252	0.885105
64324	5.852733	0.311642	9.706659	0.432295	-0.621458	-0.161167	-0.836880	-0.309888	0.451221	0.281838	-0.950597	-0.130123	0.469254	0.018273	0.882874
64325	4.128044	-0.658709	9.615951	0.365979	-0.517542	-0.158433	-0.834876	-0.308259	0.456025	0.282221	-0.951016	-0.126176	0.472582	0.023358	0.880977
64326	4.754587	-0.106144	9.527777	0.363680	-0.563420	-0.152999	-0.832630	-0.306629	0.461201	0.282633	-0.951401	-0.122286	0.476284	0.028532	0.878829
64327	5.697960	-1.645940	9.673741	0.243308	-0.539937	-0.106161	-0.830332	-0.305442	0.466105	0.282904	-0.951656	-0.119653	0.480118	0.032511	0.876601
64328	4.961132	-1.087768	9.308542	0.217698	-0.495684	-0.053599	-0.828090	-0.304734	0.470536	0.283471	-0.951754	-0.117508	0.483643	0.036077	0.874521
64329	5.676963	-0.953573	9.426688	0.136263	-0.510684	-0.026758	-0.825670	-0.304274	0.475064	0.283902	-0.951788	-0.116185	0.487513	0.038941	0.872247
64330	5.794488	-0.977643	9.558829	0.097888	-0.440982	-0.014836	-0.823549	-0.303928	0.478951	0.284221	-0.951804	-0.115273	0.490902	0.041195	0.870240
64331	8.338090	-2.030082	9.399553	0.166656	-0.220091	-0.069483	-0.822648	-0.303162	0.480982	0.284461	-0.951947	-0.113482	0.492273	0.043465	0.869355
64332	3.881487	-0.456425	8.561266	0.136416	-0.018757	-0.039261	-0.822661	-0.302752	0.481218	0.284773	-0.952016	-0.112118	0.492071	0.044803	0.869402
64333	5.934671	-0.475303	9.590319	0.034010	-0.145405	-0.010211	-0.821955	-0.302578	0.482531	0.284852	-0.952034	-0.111764	0.493203	0.045585	0.868719
64334	5.423025	-0.422044	8.952264	-0.004278	0.035965	0.019313	-0.822071	-0.302750	0.482225	0.284952	-0.951987	-0.111905	0.492951	0.045417	0.868871
64335	4.823368	-0.590375	9.035752	-0.054135	-0.007998	0.051588	-0.821864	-0.303231	0.482277	0.285111	-0.951856	-0.112611	0.493205	0.044952	0.868751
64336	5.087928	-1.020070	8.933648	-0.062114	0.020524	0.063968	-0.821777	-0.303820	0.482054	0.285293	-0.951700	-0.113469	0.493245	0.044280	0.868763
64337	4.661544	-0.932523	9.009590	-0.073027	-0.010946	0.073002	-0.821493	-0.304505	0.482107	0.285537	-0.951510	-0.114441	0.493577	0.043647	0.868606
64338	4.948671	-1.153170	8.936236	-0.067946	-0.019520	0.070079	-0.821190	-0.305135	0.482224	0.285740	-0.951336	-0.115380	0.493963	0.043042	0.868417
64339	4.650160	-1.237937	8.890202	-0.058168	-0.034756	0.067414	-0.820804	-0.305755	0.482488	0.286010	-0.951156	-0.116195	0.494448	0.042623	0.868161
64340	4.633800	-1.313307	8.903508	-0.042740	-0.087340	0.051550	-0.820218	-0.306180	0.483214	0.286185	-0.951026	-0.116825	0.495319	0.042466	0.867673
64341	4.596737	-1.421994	8.846462	-0.025304	-0.125220	0.040165	-0.819461	-0.306502	0.484293	0.286391	-0.950915	-0.117225	0.496451	0.042636	0.867017
64342	4.876756	-1.210807	8.979417	-0.008724	-0.168924	0.030742	-0.818527	-0.306694	0.485749	0.286562	-0.950834	-0.117460	0.497891	0.043053	0.866170
64343	4.987064	-0.983401	8.956677	-0.004245	-0.172577	0.032795	-0.817552	-0.306923	0.487244	0.286810	-0.950737	-0.117644	0.499348	0.043567	0.865305
64344	4.791764	-1.215998	8.917991	-0.002705	-0.208367	0.037200	-0.816397	-0.307157	0.489030	0.287063	-0.950633	-0.117859	0.501090	0.044163	0.864268
64345	5.052166	-1.214715	8.903429	0.006025	-0.223955	0.044106	-0.815125	-0.307469	0.490952	0.287454	-0.950497	-0.118010	0.502932	0.044933	0.863157
64346	4.975571	-1.062041	8.970317	0.007950	-0.237789	0.050573	-0.813775	-0.307814	0.492971	0.287869	-0.950347	-0.118200	0.504878	0.045723	0.861979
64347	5.141004	-1.038521	8.925321	-0.000825	-0.241743	0.057800	-0.812365	-0.308243	0.495024	0.288336	-0.950171	-0.118479	0.506878	0.046485	0.860763
64348	5.082890	-1.071205	8.906104	0.007777	-0.235482	0.060137	-0.810989	-0.308676	0.497006	0.288826	-0.949992	-0.118721	0.508798	0.047267	0.859587
64349	5.100308	-1.260462	8.878323	0.007363	-0.246461	0.060916	-0.809536	-0.309129	0.499090	0.289359	-0.949802	-0.118947	0.510807	0.048125	0.858348
64350	5.134047	-1.315319	8.774687	0.025079	-0.245759	0.058140	-0.808103	-0.309534	0.501157	0.289920	-0.949620	-0.119032	0.512753	0.049105	0.857131
64351	5.056940	-1.336423	8.767534	0.033722	-0.255019	0.052312	-0.806620	-0.309895	0.503318	0.290517	-0.949442	-0.118992	0.514746	0.050241	0.855869
64352	4.992458	-1.431802	8.786555	0.049680	-0.271294	0.045713	-0.805081	-0.310163	0.505612	0.291104	-0.949286	-0.118807	0.516819	0.051536	0.854542
64353	5.074945	-1.455321	8.737846	0.074693	-0.295990	0.032046	-0.803435	-0.310302	0.508139	0.291748	-0.949149	-0.118319	0.519014	0.053186	0.853109
64354	5.195322	-1.297418	8.711991	0.090350	-0.304499	0.019900	-0.801786	-0.310298	0.510739	0.292340	-0.949049	-0.117660	0.521226	0.054971	0.851647
64355	5.184154	-1.238708	8.747539	0.106093	-0.310536	0.013561	-0.800105	-0.310242	0.513403	0.293000	-0.948950	-0.116815	0.523434	0.056963	0.850160
64356	5.299303	-1.111296	8.784667	0.114751	-0.315795	0.008168	-0.798417	-0.310107	0.516104	0.293630	-0.948868	-0.115891	0.525653	0.059014	0.848650
64357	5.534692	-1.026679	8.599032	0.112262	-0.306328	0.021176	-0.796722	-0.310113	0.518714	0.294387	-0.948738	-0.115037	0.527798	0.061050	0.847173
64358	5.331333	-1.018136	8.617297	0.121282	-0.270235	0.016116	-0.795239	-0.310070	0.521011	0.295119	-0.948623	-0.114103	0.529622	0.063022	0.845889
64359	5.278215	-0.786834	8.757024	0.098063	-0.290790	0.027829	-0.793593	-0.310136	0.523475	0.295859	-0.948476	-0.113406	0.531674	0.064876	0.844460
64360	5.442975	-1.095273	8.611776	0.103693	-0.274959	0.032608	-0.792025	-0.310236	0.525785	0.296633	-0.948317	-0.112711	0.533578	0.066695	0.843117
64361	5.309299	-0.916969	8.662133	0.104814	-0.293326	0.039610	-0.790318	-0.310402	0.528249	0.297505	-0.948125	-0.112023	0.535619	0.068623	0.841667
64362	5.336290	-1.074375	8.628006	0.105075	-0.288273	0.038723	-0.788649	-0.310540	0.530658	0.298338	-0.947943	-0.111352	0.537613	0.070497	0.840240
64363	5.363301	-1.231906	8.593937	0.100662	-0.299690	0.035054	-0.786909	-0.310647	0.533172	0.299156	-0.947764	-0.110679	0.539704	0.072407	0.838736
64364	5.379027	-1.356734	8.565608	0.117578	-0.311006	0.021597	-0.785155	-0.310594	0.535782	0.299925	-0.947621	-0.109818	0.541827	0.074470	0.837184
64365	5.314952	-1.344687	8.553360	0.129794	-0.328683	0.005733	-0.783333	-0.310388	0.538562	0.300672	-0.947507	-0.108749	0.544046	0.076744	0.835539
64366	5.483659	-1.351459	8.620203	0.151354	-0.342633	-0.007191	-0.781479	-0.310024	0.541457	0.301404	-0.947422	-0.107455	0.546302	0.079224	0.833833
64367	5.409250	-1.379533	8.619969	0.169605	-0.358185	-0.029005	-0.779586	-0.309446	0.544507	0.302102	-0.947378	-0.105872	0.548616	0.081960	0.832047
64368	5.367886	-1.291921	8.678669	0.176810	-0.367420	-0.054266	-0.777723	-0.308597	0.547645	0.302614	-0.947410	-0.104114	0.550973	0.084753	0.830208
64369	5.122740	-1.531520	8.669349	0.146314	-0.412440	-0.096587	-0.775718	-0.307311	0.551200	0.302665	-0.947585	-0.102359	0.553764	0.087427	0.828071
64370	4.778888	-1.934652	8.718366	0.131241	-0.483996	-0.142361	-0.773453	-0.305503	0.555372	0.302254	-0.947915	-0.100494	0.557147	0.090137	0.825508
64371	4.709683	-1.153890	8.898856	0.200460	-0.667107	-0.180810	-0.770251	-0.303155	0.561079	0.301966	-0.948286	-0.097826	0.561720	0.094076	0.821961
64372	5.445869	-1.108184	8.796032	0.093945	-0.788811	-0.187005	-0.766353	-0.300597	0.567754	0.301022	-0.948772	-0.096007	0.567528	0.097331	0.817581
64373	5.831089	-0.835421	8.831956	0.133510	-0.849075	-0.159694	-0.761974	-0.298217	0.574858	0.300546	-0.949124	-0.094001	0.573644	0.101145	0.812836
64374	5.087430	-0.351096	8.934276	0.131952	-0.957470	-0.146658	-0.756881	-0.295808	0.582777	0.300156	-0.949434	-0.092089	0.580549	0.105224	0.807397
64375	5.196479	-0.366350	8.965271	0.055545	-1.160020	-0.110018	-0.750412	-0.293498	0.592234	0.299635	-0.949705	-0.090989	0.589153	0.109175	0.800612
64376	5.219632	-0.267054	9.024899	0.040672	-1.368512	-0.052244	-0.742427	-0.291448	0.603208	0.299449	-0.949824	-0.090358	0.599276	0.113546	0.792449
64377	5.015640	-0.484236	8.962137	0.071649	-1.579620	0.012591	-0.732818	-0.289710	0.615668	0.299960	-0.949710	-0.089861	0.610739	0.118824	0.782866
64378	4.663262	0.059067	9.154609	0.038314	-1.877410	0.093444	-0.720934	-0.288282	0.630197	0.300839	-0.949405	-0.090149	0.624300	0.124596	0.771184
64379	4.924778	-0.181730	9.211794	-0.082370	-2.229552	0.181182	-0.706274	-0.287137	0.647093	0.301595	-0.948994	-0.091924	0.640482	0.130237	0.756849
64380	4.814833	-0.326855	9.110302	-0.167454	-2.596020	0.259348	-0.688610	-0.286111	0.666301	0.302278	-0.948486	-0.094882	0.659123	0.136071	0.739622
64381	4.599300	-0.368583	9.090616	-0.333642	-3.017140	0.342862	-0.667349	-0.285149	0.687994	0.302351	-0.947976	-0.099624	0.680610	0.141532	0.718846
64382	4.026970	-0.497498	8.895201	-0.493430	-3.531529	0.393039	-0.641677	-0.283750	0.712557	0.301467	-0.947582	-0.105861	0.705244	0.146884	0.693582
64383	3.433920	-0.840557	8.779349	-0.668744	-4.190985	0.410255	-0.610281	-0.281337	0.740545	0.299203	-0.947432	-0.113363	0.733508	0.152390	0.662377
64384	3.090350	-1.783093	8.622944	-0.758031	-4.924410	0.350520	-0.572323	-0.276961	0.771841	0.295559	-0.947645	-0.120888	0.764913	0.158938	0.624218
64385	4.442672	-2.544360	8.859031	-0.801646	-5.648799	0.154859	-0.527702	-0.269198	0.805645	0.290108	-0.948540	-0.126922	0.798353	0.166747	0.578643
64386	8.872157	-3.610906	9.563844	-0.821755	-5.906720	-0.093052	-0.479833	-0.258201	0.838506	0.282909	-0.950200	-0.130701	0.830496	0.174506	0.528985
64387	6.279067	-3.254539	8.771227	-0.761940	-6.262362	-0.431443	-0.428058	-0.242870	0.870506	0.274447	-0.952660	-0.130836	0.861072	0.182903	0.474448
64388	6.645534	-3.212255	8.879393	-0.824757	-6.810381	-0.815172	-0.370566	-0.222323	0.901806	0.263930	-0.956110	-0.127258	0.890518	0.190856	0.412980
64389	12.991589	-4.089788	9.918400	-0.794999	-7.299713	-1.180947	-0.307617	-0.196766	0.930943	0.252653	-0.960155	-0.119455	0.917354	0.198460	0.345074
64390	17.499671	-1.389355	10.130761	-0.738860	-7.170508	-1.433109	-0.244557	-0.168487	0.954884	0.241801	-0.964273	-0.108215	0.939002	0.204427	0.276560
64391	16.100818	-1.533979	10.850535	-0.973748	-7.036759	-1.608490	-0.181649	-0.138489	0.973563	0.229047	-0.968762	-0.095070	0.956316	0.205722	0.207695
64392	13.760200	0.612754	10.561742	-0.804387	-6.959516	-1.720740	-0.118471	-0.107398	0.987132	0.218688	-0.972546	-0.079565	0.968576	0.206448	0.138705
64393	13.660063	-2.956794	11.998345	-1.387712	-7.187282	-1.800678	-0.052322	-0.075251	0.995791	0.203541	-0.977028	-0.063139	0.977667	0.199381	0.066437
64394	15.312144	-6.397637	12.726663	-0.668704	-6.879386	-2.030759	0.011018	-0.041708	0.999069	0.196544	-0.979549	-0.043061	0.980433	0.196836	-0.002595
64395	17.834999	-3.112518	15.792100	-0.217851	-6.353948	-2.434995	0.068469	-0.005398	0.997639	0.195229	-0.980579	-0.018705	0.978365	0.196049	-0.066085
64396	19.677081	1.410848	20.993590	-0.474944	-4.753032	-2.576553	0.109925	0.029110	0.993514	0.192863	-0.981198	0.007410	0.975049	0.190798	-0.113472
64397	-1.114917	2.171659	18.898594	-1.742627	-0.095567	-1.962704	0.107175	0.048478	0.993058	0.177782	-0.983647	0.028832	0.978216	0.173458	-0.114041
64398	-27.652905	-2.351976	-9.636426	-2.864991	-4.732081	-1.592653	0.150843	0.071683	0.985955	0.151800	-0.987218	0.048551	0.976833	0.142345	-0.159797
64399	41.171466	-10.313658	20.966524	-1.460580	-4.317991	-1.628604	0.190501	0.093425	0.977231	0.140153	-0.987852	0.067119	0.971631	0.124176	-0.201281
64400	27.589528	-1.738848	21.130647	-1.670458	-0.333984	-0.984298	0.192465	0.103571	0.975823	0.125772	-0.988817	0.080144	0.973211	0.107306	-0.203338
64401	20.761479	-9.904185	18.773254	-1.455713	1.945489	-0.470864	0.172861	0.106080	0.979217	0.112120	-0.989840	0.087438	0.978544	0.094676	-0.182998
64402	3.873041	-11.355313	11.129885	-0.047841	3.271023	-0.146773	0.140625	0.104419	0.984541	0.111858	-0.989731	0.088992	0.983724	0.097614	-0.150861
64403	1.095483	-8.199221	7.481487	1.144929	3.766071	-0.027867	0.103408	0.100487	0.989550	0.122752	-0.988567	0.087560	0.987035	0.112415	-0.114561
64404	-0.828304	-5.183313	6.641548	1.922224	4.110419	-0.185913	0.062590	0.097261	0.993289	0.141865	-0.986002	0.087608	0.987905	0.135429	-0.075511
64405	2.743230	-3.845646	6.736241	2.502089	4.257135	-0.447682	0.019799	0.095040	0.995277	0.166263	-0.981924	0.090457	0.985883	0.163686	-0.035243
64406	3.246156	-0.461153	7.455863	2.671733	4.682641	-0.574775	-0.027270	0.092321	0.995356	0.192492	-0.976606	0.095856	0.980919	0.194212	0.008861
64407	3.816083	1.179030	8.255830	2.250253	5.012853	-0.529985	-0.077444	0.086868	0.993205	0.213701	-0.971597	0.101641	0.973825	0.220121	0.056681
64408	4.830029	1.753219	8.521067	1.701692	5.509142	-0.508163	-0.131952	0.079121	0.988093	0.229632	-0.967254	0.108117	0.964291	0.241164	0.109463
64409	3.947249	2.365535	8.625424	0.984668	5.942157	-0.532717	-0.190272	0.069361	0.979278	0.237694	-0.964568	0.114502	0.952522	0.254555	0.167044
