// General information: 
//  MT Manager version: 2022.2.0 
//  XDA version: 2022.2.0 build 7381 rev 124627 built on 2023-07-19
// Device information: 
//  DeviceId: 00B4CB9F
//  ProductCode: MTW2-3A7G6
//  Firmware Version: 4.6.0
//  Hardware Version: 2.0.0
// Device settings: 
//  Filter Profile: human(46.1)
//  Option Flags: Orientation Smoother Disabled, Position/Velocity Smoother Disabled, Continuous Zero Rotation Update Disabled, AHS Disabled, ICC Disabled
// Coordinate system: ENU
PacketCounter	Acc_X	Acc_Y	Acc_Z	Gyr_X	Gyr_Y	Gyr_Z	Mat[1][1]	Mat[2][1]	Mat[3][1]	Mat[1][2]	Mat[2][2]	Mat[3][2]	Mat[1][3]	Mat[2][3]	Mat[3][3]
21159	9.707501	0.338010	-1.363535	0.002466	0.003237	-0.007251	-0.131095	-0.057423	0.989705	-0.135444	0.989997	0.039499	-0.982074	-0.128872	-0.137561
21160	9.726755	0.299255	-1.384711	0.012950	0.007218	-0.006608	-0.131198	-0.057389	0.989694	-0.135576	0.989982	0.039433	-0.982042	-0.129005	-0.137664
21161	9.707659	0.339203	-1.362111	0.011544	0.013054	-0.009715	-0.131109	-0.057454	0.989702	-0.135691	0.989964	0.039494	-0.982038	-0.129115	-0.137589
21162	9.727023	0.300677	-1.382523	0.009272	0.013056	-0.009648	-0.131129	-0.057379	0.989703	-0.135626	0.989975	0.039425	-0.982044	-0.129060	-0.137597
21163	9.704266	0.351036	-1.381617	0.006435	0.010603	-0.009016	-0.131066	-0.057439	0.989708	-0.135689	0.989964	0.039485	-0.982044	-0.129118	-0.137544
21164	9.695527	0.311838	-1.370580	0.007167	0.011992	-0.012114	-0.131048	-0.057559	0.989704	-0.135995	0.989919	0.039564	-0.982004	-0.129410	-0.137555
21165	9.689693	0.322150	-1.336844	0.015515	0.010606	-0.009282	-0.130985	-0.057623	0.989708	-0.136148	0.989896	0.039615	-0.981991	-0.129558	-0.137507
21166	9.695741	0.313618	-1.368661	0.012575	0.008010	-0.013225	-0.130869	-0.057726	0.989718	-0.136219	0.989882	0.039724	-0.981997	-0.129620	-0.137408
21167	9.692129	0.324910	-1.389921	0.006468	0.005092	-0.011471	-0.130856	-0.057819	0.989714	-0.136286	0.989869	0.039809	-0.981989	-0.129675	-0.137410
21168	9.708345	0.345570	-1.355605	0.010573	0.007087	-0.011115	-0.130839	-0.057881	0.989713	-0.136400	0.989852	0.039858	-0.981976	-0.129781	-0.137406
21169	9.704729	0.356848	-1.376873	0.010738	0.006022	-0.013647	-0.130814	-0.057994	0.989709	-0.136511	0.989832	0.039958	-0.981963	-0.129879	-0.137401
21170	9.714398	0.338388	-1.387119	0.006198	0.006020	-0.013515	-0.130799	-0.057977	0.989712	-0.136300	0.989861	0.039973	-0.981995	-0.129669	-0.137375
21171	9.682652	0.349023	-1.376950	0.001092	0.003562	-0.012816	-0.130800	-0.058084	0.989706	-0.136316	0.989854	0.040077	-0.981993	-0.129670	-0.137390
21172	9.686319	0.340033	-1.354740	0.001092	0.003563	-0.012816	-0.130747	-0.058086	0.989713	-0.136067	0.989887	0.040121	-0.982034	-0.129422	-0.137328
21173	9.664196	0.330976	-1.355491	0.005632	0.003567	-0.012948	-0.130747	-0.058194	0.989706	-0.136128	0.989874	0.040221	-0.982026	-0.129468	-0.137345
21174	9.699622	0.312475	-1.343145	0.004066	0.000648	-0.011326	-0.130820	-0.058267	0.989692	-0.136186	0.989864	0.040276	-0.982008	-0.129514	-0.137429
21175	9.699611	0.313542	-1.342976	0.004630	0.003105	-0.011893	-0.130826	-0.058366	0.989686	-0.136235	0.989854	0.040367	-0.982000	-0.129549	-0.137451
21176	9.721699	0.325052	-1.341856	0.007939	-0.001943	-0.015467	-0.130850	-0.058502	0.989675	-0.136319	0.989837	0.040488	-0.981985	-0.129614	-0.137495
21177	9.737798	0.345982	-1.308083	0.011438	0.003115	-0.012091	-0.130856	-0.058603	0.989668	-0.136436	0.989818	0.040572	-0.981968	-0.129717	-0.137519
21178	9.702354	0.366754	-1.319916	0.009899	0.004504	-0.015124	-0.130811	-0.058618	0.989673	-0.136272	0.989838	0.040616	-0.981997	-0.129552	-0.137469
21179	9.676554	0.368040	-1.342574	0.000256	0.002035	-0.014293	-0.130824	-0.058741	0.989664	-0.136282	0.989832	0.040736	-0.981994	-0.129544	-0.137499
21180	9.689853	0.339729	-1.331323	0.001422	0.001435	-0.017879	-0.130821	-0.058897	0.989655	-0.136346	0.989817	0.040883	-0.981986	-0.129587	-0.137519
21181	9.699477	0.321734	-1.342001	0.002691	0.000975	-0.016890	-0.130841	-0.059047	0.989643	-0.136383	0.989806	0.041026	-0.981978	-0.129602	-0.137560
21182	9.743703	0.343713	-1.339511	0.008458	0.006039	-0.013581	-0.130872	-0.059146	0.989633	-0.136591	0.989775	0.041091	-0.981945	-0.129797	-0.137612
21183	9.743740	0.345036	-1.338903	0.005918	0.006962	-0.015559	-0.130835	-0.059275	0.989631	-0.136657	0.989761	0.041216	-0.981940	-0.129848	-0.137596
21184	9.667764	0.335073	-1.330798	-0.000351	0.005098	-0.011274	-0.130856	-0.059289	0.989627	-0.136585	0.989770	0.041237	-0.981948	-0.129772	-0.137615
21185	9.683852	0.355880	-1.296895	0.001232	-0.001805	-0.010693	-0.130912	-0.059381	0.989614	-0.136599	0.989764	0.041320	-0.981938	-0.129771	-0.137684
21186	9.734057	0.367958	-1.327278	0.004457	0.004181	-0.009362	-0.130896	-0.059373	0.989617	-0.136463	0.989782	0.041333	-0.981959	-0.129636	-0.137661
21187	9.696266	0.387822	-1.284545	0.006624	0.004048	-0.014003	-0.130890	-0.059491	0.989610	-0.136535	0.989768	0.041441	-0.981950	-0.129692	-0.137674
21188	9.745094	0.339589	-1.260955	0.003624	0.002651	-0.010838	-0.130954	-0.059664	0.989591	-0.136872	0.989717	0.041559	-0.981895	-0.130005	-0.137774
21189	9.728034	0.380624	-1.293795	0.008601	0.000671	-0.011457	-0.130985	-0.059760	0.989582	-0.136959	0.989701	0.041639	-0.981878	-0.130078	-0.137821
21190	9.703189	0.321638	-1.317412	0.009433	0.002203	-0.009980	-0.130950	-0.059937	0.989575	-0.137312	0.989647	0.041771	-0.981834	-0.130411	-0.137824
21191	9.709245	0.312934	-1.349598	0.012656	0.008192	-0.008650	-0.130911	-0.059997	0.989577	-0.137436	0.989627	0.041819	-0.981822	-0.130529	-0.137798
21192	9.741467	0.353418	-1.281465	0.010721	0.006056	-0.013646	-0.130875	-0.060050	0.989579	-0.137494	0.989617	0.041868	-0.981818	-0.130582	-0.137773
21193	9.708362	0.374626	-1.347743	0.011262	0.004204	-0.009558	-0.130874	-0.060123	0.989574	-0.137606	0.989599	0.041926	-0.981803	-0.130684	-0.137786
21194	9.698667	0.395139	-1.336680	0.008161	0.002667	-0.010969	-0.130847	-0.060253	0.989570	-0.137800	0.989568	0.042032	-0.981779	-0.130864	-0.137785
21195	9.712044	0.366350	-1.325293	0.012428	0.003608	-0.013144	-0.130846	-0.060363	0.989563	-0.137928	0.989546	0.042124	-0.981761	-0.130977	-0.137804
21196	9.712072	0.367420	-1.324793	0.011550	0.007594	-0.012171	-0.130811	-0.060466	0.989562	-0.138120	0.989516	0.042205	-0.981739	-0.131158	-0.137791
21197	9.747626	0.348954	-1.311778	0.008841	0.009580	-0.011619	-0.130754	-0.060553	0.989564	-0.138211	0.989500	0.042287	-0.981734	-0.131239	-0.137750
21198	9.757495	0.330186	-1.321158	0.003376	0.019069	-0.008068	-0.130615	-0.060587	0.989580	-0.138305	0.989485	0.042326	-0.981739	-0.131336	-0.137621
21199	9.793258	0.311378	-1.306680	-0.000652	0.027033	-0.006058	-0.130394	-0.060596	0.989609	-0.138296	0.989484	0.042366	-0.981770	-0.131334	-0.137403
21200	9.733722	0.320384	-1.262112	-0.001734	0.041922	-0.004764	-0.130010	-0.060584	0.989660	-0.138299	0.989482	0.042404	-0.981820	-0.131356	-0.137022
21201	9.725619	0.280546	-1.247312	0.001988	0.055906	-0.001553	-0.129512	-0.060510	0.989730	-0.138310	0.989481	0.042396	-0.981884	-0.131398	-0.136519
21202	9.794840	0.240940	-1.162392	0.002487	0.063905	0.000328	-0.128896	-0.060512	0.989810	-0.138608	0.989438	0.042439	-0.981923	-0.131726	-0.135922
21203	9.884071	0.282277	-1.150460	0.004064	0.086678	-0.001136	-0.128096	-0.060394	0.989921	-0.138639	0.989434	0.042424	-0.982024	-0.131807	-0.135115
21204	9.950010	0.252501	-1.082809	-0.033137	0.121613	0.010452	-0.126838	-0.060164	0.990097	-0.138333	0.989478	0.042405	-0.982230	-0.131585	-0.133826
21205	9.859626	0.171513	-1.173305	-0.060915	0.144661	0.018928	-0.125495	-0.059772	0.990292	-0.137700	0.989571	0.042278	-0.982492	-0.131058	-0.132417
21206	9.851626	0.190266	-1.147671	-0.074897	0.155539	0.015032	-0.123965	-0.059351	0.990510	-0.136804	0.989700	0.042181	-0.982811	-0.130277	-0.130807
21207	9.769335	0.126697	-1.038534	-0.047589	0.165884	0.021302	-0.122415	-0.058910	0.990729	-0.136299	0.989777	0.042012	-0.983075	-0.129893	-0.129193
21208	9.812978	0.133949	-0.888190	-0.000283	0.176935	0.015905	-0.120830	-0.058412	0.990953	-0.136208	0.989801	0.041736	-0.983284	-0.129933	-0.127553
21209	9.692331	0.220086	-0.865391	-0.006719	0.175068	0.015580	-0.119182	-0.058015	0.991176	-0.136113	0.989821	0.041569	-0.983498	-0.129958	-0.125865
21210	9.452819	0.192561	-0.689107	-0.014471	0.139358	0.016345	-0.117877	-0.057725	0.991349	-0.136183	0.989817	0.041443	-0.983646	-0.130119	-0.124538
21211	9.268412	0.003863	-1.067508	-0.051508	0.004145	0.025986	-0.117924	-0.057447	0.991360	-0.135635	0.989901	0.041229	-0.983716	-0.129601	-0.124525
21212	9.769757	0.041928	-1.181912	-0.066721	-0.034440	0.018290	-0.118349	-0.057345	0.991315	-0.135190	0.989966	0.041127	-0.983726	-0.129148	-0.124914
21213	9.879686	0.141725	-1.096174	-0.018448	0.060700	-0.001065	-0.117803	-0.057262	0.991385	-0.135000	0.989991	0.041140	-0.983818	-0.128990	-0.124354
21214	9.610571	0.329109	-1.177394	0.014117	0.100689	-0.016136	-0.116844	-0.057146	0.991505	-0.134951	0.989997	0.041156	-0.983939	-0.128995	-0.123387
21215	9.537893	0.368299	-1.139316	0.006083	0.087075	-0.005574	-0.116032	-0.057074	0.991604	-0.135007	0.989988	0.041183	-0.984027	-0.129095	-0.122576
21216	9.716358	0.177461	-0.838116	0.040175	0.107244	-0.001508	-0.115035	-0.056911	0.991730	-0.135457	0.989931	0.041096	-0.984082	-0.129609	-0.121586
21217	9.819934	0.117137	-0.731399	0.162035	0.180574	0.001993	-0.113314	-0.056641	0.991943	-0.137039	0.989723	0.040859	-0.984063	-0.131305	-0.119911
21218	9.621478	0.071231	-0.648737	0.263945	0.216941	0.009608	-0.111257	-0.056208	0.992201	-0.139645	0.989378	0.040389	-0.983932	-0.134062	-0.117924
21219	9.630833	0.010328	-0.739005	0.282016	0.186264	-0.000332	-0.109476	-0.055944	0.992414	-0.142410	0.988998	0.040041	-0.983735	-0.136946	-0.116239
21220	9.861610	-0.017096	-0.739253	0.323864	0.174969	-0.018630	-0.107841	-0.055845	0.992598	-0.145719	0.988526	0.039784	-0.983431	-0.140350	-0.114741
21221	9.880567	0.132723	-0.818468	0.358783	0.179626	-0.027427	-0.106087	-0.055846	0.992787	-0.149266	0.988003	0.039627	-0.983090	-0.143986	-0.113151
21222	9.843516	0.231779	-0.913944	0.363376	0.168149	-0.034856	-0.104466	-0.055953	0.992953	-0.153101	0.987419	0.039534	-0.982673	-0.147893	-0.111718
21223	9.738306	0.249155	-1.039193	0.333631	0.129700	-0.027359	-0.103202	-0.056015	0.993082	-0.156398	0.986907	0.039414	-0.982288	-0.151249	-0.110612
21224	9.612812	0.274309	-1.323989	0.275496	0.076115	-0.031754	-0.102422	-0.056146	0.993155	-0.159102	0.986477	0.039361	-0.981935	-0.153981	-0.109970
21225	9.634400	0.413624	-1.395675	0.221253	0.035178	-0.040066	-0.102066	-0.056473	0.993173	-0.161306	0.986114	0.039495	-0.981612	-0.156173	-0.109758
21226	9.615536	0.463996	-1.450352	0.174960	0.023733	-0.049810	-0.101858	-0.056838	0.993174	-0.163025	0.985823	0.039698	-0.981350	-0.157869	-0.109681
21227	9.511931	0.643087	-1.547402	0.130504	-0.000255	-0.056659	-0.101822	-0.057383	0.993146	-0.164354	0.985586	0.040096	-0.981132	-0.159145	-0.109786
21228	9.513762	0.876183	-1.585346	0.078658	-0.031660	-0.067243	-0.102075	-0.058043	0.993082	-0.165230	0.985419	0.040612	-0.980959	-0.159942	-0.110177
21229	9.576346	0.964559	-1.509783	0.025210	-0.056150	-0.078508	-0.102550	-0.058893	0.992983	-0.165549	0.985335	0.041342	-0.980855	-0.160147	-0.110796
21230	9.548446	0.962991	-1.463739	-0.029658	-0.089240	-0.090489	-0.103310	-0.059970	0.992840	-0.165632	0.985281	0.042279	-0.980762	-0.160078	-0.111722
21231	9.608838	0.835421	-1.434305	-0.089152	-0.126862	-0.102246	-0.104439	-0.061166	0.992649	-0.164855	0.985364	0.043373	-0.980773	-0.159113	-0.112994
21232	9.672898	0.631120	-1.307883	-0.120995	-0.146571	-0.108309	-0.105778	-0.062528	0.992422	-0.164114	0.985433	0.044596	-0.980754	-0.158153	-0.114499
21233	9.670297	0.354486	-1.286714	-0.123391	-0.175421	-0.107920	-0.107376	-0.063854	0.992166	-0.163010	0.985561	0.045788	-0.980764	-0.156817	-0.116234
21234	9.692472	0.257403	-1.301524	-0.125388	-0.196113	-0.105754	-0.109185	-0.065187	0.991882	-0.162007	0.985672	0.046946	-0.980731	-0.155566	-0.118182
21235	9.716429	0.210236	-1.296225	-0.109004	-0.198453	-0.104437	-0.111017	-0.066511	0.991590	-0.161044	0.985775	0.048090	-0.980683	-0.154351	-0.120149
21236	9.752352	0.183658	-1.202780	-0.078090	-0.190020	-0.102175	-0.112773	-0.067752	0.991308	-0.160392	0.985830	0.049131	-0.980590	-0.153458	-0.122041
21237	9.653728	0.212472	-1.117446	-0.044697	-0.182675	-0.102500	-0.114453	-0.069028	0.991028	-0.160062	0.985831	0.050181	-0.980449	-0.152883	-0.123880
21238	9.602533	0.261284	-1.083912	-0.029796	-0.192383	-0.094894	-0.116227	-0.070214	0.990738	-0.159889	0.985811	0.051107	-0.980269	-0.152468	-0.125804
21239	9.519422	0.208671	-1.062751	-0.026836	-0.190559	-0.093477	-0.117999	-0.071411	0.990443	-0.159727	0.985788	0.052046	-0.980083	-0.152059	-0.127729
21240	9.550698	-0.029927	-0.978325	-0.012981	-0.172027	-0.089701	-0.119701	-0.072529	0.990157	-0.159840	0.985725	0.052881	-0.979859	-0.151937	-0.129586
21241	9.635961	-0.326506	-0.844248	0.043035	-0.131119	-0.095640	-0.120887	-0.073657	0.989930	-0.160368	0.985593	0.053751	-0.979627	-0.152256	-0.130958
21242	9.701046	-0.532505	-0.609581	0.120828	-0.097002	-0.110598	-0.121736	-0.074880	0.989734	-0.161831	0.985305	0.054640	-0.979281	-0.153518	-0.132065
21243	9.852522	-0.734994	-0.464882	0.176067	-0.063092	-0.120492	-0.122212	-0.076150	0.989578	-0.163694	0.984944	0.055578	-0.978912	-0.155195	-0.132837
21244	9.854298	-0.943615	-0.509981	0.262874	-0.042612	-0.128766	-0.122509	-0.077401	0.989445	-0.166420	0.984440	0.056404	-0.978415	-0.157753	-0.133484
21245	9.837386	-0.825578	-0.678090	0.340818	-0.051724	-0.134447	-0.122844	-0.078793	0.989293	-0.169910	0.983795	0.057257	-0.977773	-0.161057	-0.134241
21246	9.880108	-0.674271	-0.734809	0.392740	-0.047284	-0.140946	-0.123176	-0.080247	0.989135	-0.174195	0.982998	0.058057	-0.976977	-0.165151	-0.135061
21247	9.833346	-0.573624	-0.663767	0.438180	-0.034713	-0.145544	-0.123313	-0.081722	0.988997	-0.178646	0.982150	0.058882	-0.976156	-0.169419	-0.135711
21248	9.733040	-0.357728	-0.696674	0.485829	-0.036067	-0.147692	-0.123432	-0.083138	0.988864	-0.183568	0.981200	0.059580	-0.975227	-0.174170	-0.136373
21249	9.775417	-0.111954	-0.583368	0.489285	-0.041454	-0.142476	-0.123626	-0.084596	0.988716	-0.188506	0.980219	0.060298	-0.974260	-0.178924	-0.137127
21250	9.746418	0.105608	-0.365444	0.491815	-0.034100	-0.141313	-0.123856	-0.085967	0.988569	-0.193639	0.979181	0.060890	-0.973223	-0.183884	-0.137924
21251	9.740357	0.225750	-0.166378	0.466207	-0.041979	-0.142360	-0.124041	-0.087426	0.988418	-0.198343	0.978193	0.061631	-0.972252	-0.188401	-0.138676
21252	9.766402	0.281453	0.079783	0.431022	-0.037352	-0.138112	-0.124234	-0.088721	0.988279	-0.202702	0.977260	0.062251	-0.971328	-0.192592	-0.139393
21253	9.783246	0.140228	0.357230	0.395986	-0.028501	-0.134076	-0.124292	-0.090074	0.988149	-0.206706	0.976373	0.063001	-0.970476	-0.196426	-0.139974
21254	9.835693	-0.067962	0.631501	0.375918	-0.010428	-0.125297	-0.124248	-0.091281	0.988044	-0.210815	0.975454	0.063608	-0.969598	-0.200391	-0.140442
21255	10.050640	-0.324920	0.941845	0.385840	0.010899	-0.111378	-0.123962	-0.092333	0.987982	-0.214686	0.974575	0.064144	-0.968784	-0.204155	-0.140633
21256	10.273615	-0.332508	1.375181	0.427805	0.063523	-0.095934	-0.123224	-0.093069	0.988005	-0.219154	0.973564	0.064375	-0.967878	-0.208593	-0.140363
21257	10.348462	-0.164074	1.981240	0.461280	0.096597	-0.070613	-0.122190	-0.093541	0.988089	-0.223697	0.972528	0.064405	-0.966969	-0.213163	-0.139758
21258	10.478479	-0.060225	2.872119	0.433996	0.153110	-0.035017	-0.120665	-0.093450	0.988285	-0.228058	0.971540	0.064022	-0.966142	-0.217661	-0.138543
21259	10.611254	0.021518	4.100695	0.370794	0.231734	0.000474	-0.118485	-0.092925	0.988598	-0.231633	0.970730	0.063484	-0.965561	-0.221470	-0.136541
21260	10.578060	0.079631	5.618491	0.301172	0.354700	0.033126	-0.115201	-0.091655	0.989105	-0.234539	0.970090	0.062577	-0.965256	-0.224775	-0.133252
21261	10.510640	0.272587	7.225531	0.147483	0.486813	0.054431	-0.110687	-0.090018	0.989770	-0.235896	0.969810	0.061822	-0.965454	-0.226640	-0.128580
21262	10.307064	0.584450	8.412629	-0.052253	0.643495	0.064345	-0.104702	-0.087870	0.990614	-0.235774	0.969885	0.061111	-0.966151	-0.227163	-0.122267
21263	9.828170	1.201173	8.822360	-0.276054	0.743702	0.062381	-0.097716	-0.085572	0.991529	-0.233037	0.970566	0.060797	-0.967546	-0.225122	-0.114781
21264	9.059154	2.076772	7.963359	-0.499644	0.736721	0.025711	-0.090628	-0.083556	0.992373	-0.228450	0.971646	0.060948	-0.969328	-0.221184	-0.107146
21265	9.397622	3.187894	7.491108	-0.748887	0.674381	-0.042372	-0.084045	-0.082488	0.993042	-0.221215	0.973245	0.062121	-0.971597	-0.214455	-0.100044
21266	11.280389	3.281964	8.144126	-1.150731	0.902876	-0.116105	-0.074843	-0.081674	0.993845	-0.210515	0.975473	0.064311	-0.974721	-0.204406	-0.090201
21267	13.263992	1.860649	8.847568	-2.093757	1.458770	-0.141251	-0.060360	-0.080200	0.994950	-0.190144	0.979439	0.067415	-0.979899	-0.185114	-0.074369
21268	12.472275	-0.518735	5.741938	-3.209649	1.351350	-0.111080	-0.046780	-0.078850	0.995788	-0.158831	0.984784	0.070517	-0.986197	-0.154863	-0.058592
21269	12.678195	-1.690641	0.300406	-3.601840	0.677425	-0.033021	-0.040090	-0.078229	0.996129	-0.123221	0.989708	0.072765	-0.991569	-0.119827	-0.049317
21270	14.740108	-1.403463	-4.089497	-2.649182	0.520759	0.049697	-0.034873	-0.077028	0.996419	-0.097188	0.992561	0.073329	-0.994655	-0.094282	-0.042099
21271	15.474264	-0.604951	-4.347967	-0.960659	0.818640	0.227391	-0.026991	-0.074015	0.996892	-0.087555	0.993598	0.071400	-0.995794	-0.085356	-0.033299
21272	15.579892	1.333712	-1.276200	0.010127	1.271173	0.452280	-0.014513	-0.068258	0.997562	-0.087758	0.993904	0.066731	-0.996036	-0.086575	-0.020415
21273	14.974825	2.108134	-1.405604	-0.043193	1.485750	0.591777	-0.000286	-0.061065	0.998134	-0.087283	0.994326	0.060808	-0.996183	-0.087103	-0.005614
21274	14.165163	1.814157	-3.186744	-0.122607	1.525237	0.686758	0.014425	-0.052651	0.998509	-0.085913	0.994854	0.053699	-0.996198	-0.086560	0.009827
21275	12.776393	1.640236	-3.807530	-0.184202	1.632751	0.723988	0.030018	-0.044021	0.998580	-0.084240	0.995364	0.046412	-0.995993	-0.085514	0.026171
21276	11.822109	1.776617	-3.347034	-0.387301	1.587408	0.697614	0.045389	-0.035548	0.998337	-0.080690	0.995971	0.039132	-0.995705	-0.082332	0.042338
21277	11.715870	1.511368	-3.207190	-0.397112	1.597022	0.632343	0.060733	-0.027940	0.997763	-0.077074	0.996492	0.032596	-0.995174	-0.078881	0.058367
21278	11.563105	0.948101	-2.344757	-0.406110	1.706522	0.596341	0.077410	-0.020533	0.996788	-0.073824	0.996925	0.026269	-0.994262	-0.075621	0.075656
21279	10.842904	-0.358013	-2.093922	-0.231123	1.679505	0.644533	0.093574	-0.012832	0.995530	-0.072082	0.997206	0.019629	-0.993000	-0.073596	0.092387
21280	10.540671	-1.679508	-2.435049	0.157346	1.580162	0.686238	0.108833	-0.004634	0.994049	-0.074455	0.997142	0.012800	-0.991268	-0.075405	0.108177
21281	10.121454	-2.085682	-2.342351	0.715146	1.587907	0.695328	0.123956	0.003573	0.992281	-0.082349	0.996581	0.006699	-0.988865	-0.082544	0.123826
21282	9.899153	-2.288127	-2.440607	1.337050	1.620209	0.679546	0.139316	0.011989	0.990175	-0.096521	0.995330	0.001529	-0.985533	-0.095786	0.139823
21283	9.032449	-1.474527	-2.366452	1.902545	1.728039	0.616829	0.155598	0.019959	0.987619	-0.116143	0.993231	-0.001774	-0.980969	-0.114429	0.156863
21284	8.352261	-0.679598	-1.938726	2.214600	1.831096	0.525728	0.172812	0.027668	0.984566	-0.138561	0.990348	-0.003510	-0.975160	-0.135815	0.174978
21285	7.608694	-0.228396	-1.635276	2.390163	1.891223	0.452535	0.190453	0.034947	0.981074	-0.162615	0.986683	-0.003579	-0.968134	-0.158855	0.193599
21286	6.664301	0.236732	-1.451372	2.447904	1.869942	0.388104	0.207703	0.042156	0.977283	-0.186949	0.982366	-0.002643	-0.960161	-0.182153	0.211921
21287	5.993618	0.415265	-1.446404	2.376951	1.768788	0.335113	0.223890	0.048877	0.973388	-0.210402	0.977615	-0.000695	-0.951632	-0.204647	0.229162
21288	5.498556	0.783302	-1.345935	2.231851	1.620894	0.260934	0.238666	0.055094	0.969538	-0.232172	0.972673	0.001880	-0.942939	-0.225548	0.244935
21289	5.434493	1.053588	-0.949315	2.108153	1.494896	0.202659	0.252150	0.060592	0.965789	-0.252465	0.967592	0.005209	-0.934174	-0.245141	0.259276
21290	5.468333	1.290688	-0.560049	2.057563	1.446209	0.116189	0.264997	0.065614	0.962014	-0.272078	0.962230	0.009318	-0.925068	-0.264212	0.272840
21291	5.888374	1.787923	0.111060	2.076872	1.510977	0.030582	0.278757	0.070054	0.957803	-0.291281	0.956523	0.014814	-0.915123	-0.283119	0.287043
21292	6.171808	2.363664	0.784962	2.000564	1.621897	-0.084729	0.293514	0.074203	0.953070	-0.309527	0.950652	0.021309	-0.904457	-0.301255	0.301998
21293	5.783551	2.398357	0.856623	1.912280	1.590311	-0.184569	0.308342	0.077389	0.948122	-0.326175	0.944866	0.028953	-0.893608	-0.318181	0.316585
21294	5.364527	2.298253	1.528196	1.864037	1.458068	-0.236267	0.321836	0.080124	0.943399	-0.342259	0.938876	0.037020	-0.882768	-0.334801	0.329588
21295	5.531232	2.332736	2.574291	1.852487	1.343467	-0.254115	0.334456	0.082361	0.938806	-0.357691	0.932726	0.045602	-0.871893	-0.351054	0.341415
21296	5.402530	2.216413	3.774982	1.788324	1.266312	-0.200810	0.345920	0.085203	0.934387	-0.372705	0.926406	0.053505	-0.861063	-0.366759	0.352218
21297	5.036198	1.810889	4.801157	1.778458	1.044326	-0.152167	0.355380	0.087715	0.930597	-0.387406	0.919873	0.061240	-0.850660	-0.382283	0.360886
21298	4.852754	1.756566	5.287661	1.834947	0.698706	-0.130119	0.361683	0.089445	0.928001	-0.402773	0.912695	0.069008	-0.840809	-0.398732	0.366132
21299	5.309544	1.974077	5.668521	1.899503	0.440645	-0.092980	0.365692	0.090398	0.926336	-0.418331	0.905040	0.076826	-0.831426	-0.415609	0.368782
21300	5.702046	2.384186	6.011943	1.759485	0.350456	-0.011770	0.368595	0.091897	0.925037	-0.432964	0.897549	0.083355	-0.822605	-0.431232	0.370620
21301	6.553680	3.225736	6.575809	1.514235	0.295237	0.051734	0.370728	0.093654	0.924007	-0.445568	0.890866	0.088475	-0.814880	-0.444508	0.371998
21302	8.209256	4.171437	8.079325	1.357597	0.314320	0.048106	0.373079	0.095603	0.922861	-0.456861	0.884658	0.093046	-0.807521	-0.456333	0.373725
21303	10.143757	4.363006	10.466598	1.321439	0.555372	-0.010574	0.377533	0.098075	0.920788	-0.467453	0.878560	0.098083	-0.799348	-0.467454	0.377531
21304	10.755882	3.510633	12.062320	1.198423	0.786794	-0.079489	0.384196	0.101182	0.917690	-0.476740	0.872949	0.103341	-0.790640	-0.477203	0.383621
21305	10.563994	2.536036	12.218142	0.808986	0.690879	-0.031530	0.389731	0.104224	0.915012	-0.483003	0.869090	0.106731	-0.784104	-0.483550	0.389052
21306	10.882665	1.927877	11.358972	0.292138	0.642258	0.160430	0.394024	0.108842	0.912633	-0.486003	0.867459	0.106374	-0.780094	-0.485456	0.394697
21307	10.111884	1.634325	9.756546	-0.008555	0.633819	0.366122	0.397122	0.115090	0.910521	-0.487399	0.867085	0.102979	-0.777648	-0.484683	0.400433
21308	8.726625	1.313378	8.215610	-0.261270	0.515265	0.512859	0.398682	0.122162	0.908916	-0.487510	0.867688	0.097217	-0.776780	-0.481865	0.405487
21309	7.622805	1.013217	6.471110	-0.526442	0.371255	0.561581	0.398779	0.128819	0.907954	-0.485673	0.869501	0.089947	-0.777880	-0.476838	0.409302
21310	7.003339	0.682610	4.908095	-0.749869	0.237374	0.540169	0.398073	0.134792	0.907397	-0.482090	0.872284	0.081916	-0.780466	-0.470056	0.412215
21311	6.695647	0.485020	3.659896	-0.845806	0.138249	0.482116	0.396786	0.139650	0.907226	-0.477406	0.875559	0.074024	-0.783993	-0.462487	0.414079
21312	6.795404	0.393574	3.313542	-0.888279	0.119156	0.460251	0.395593	0.144386	0.907005	-0.472368	0.878919	0.066110	-0.787639	-0.454593	0.415898
21313	6.481072	-0.209294	2.926095	-1.146124	0.249776	0.556772	0.394899	0.150415	0.906328	-0.465532	0.883242	0.056255	-0.792045	-0.444139	0.418814
21314	4.432296	-1.107893	1.522831	-0.782620	-0.133279	0.489956	0.391623	0.154317	0.907093	-0.461369	0.885883	0.048480	-0.796097	-0.437490	0.418129
21315	5.083142	-0.808784	1.172745	-0.606105	-0.811680	0.393162	0.383273	0.154272	0.910660	-0.458065	0.887908	0.042370	-0.802046	-0.433381	0.410977
21316	6.055998	-0.877588	0.460105	-0.651411	-1.165567	0.393218	0.372135	0.152898	0.915499	-0.454433	0.890050	0.036072	-0.809324	-0.429457	0.400701
21317	5.701323	-1.047494	-0.295870	-0.685563	-1.452986	0.422002	0.358348	0.150450	0.921386	-0.450413	0.892334	0.029470	-0.817750	-0.425564	0.387531
21318	5.821176	-1.055224	-1.667788	-0.762538	-1.903229	0.441305	0.340752	0.146487	0.928671	-0.445815	0.894844	0.022430	-0.827730	-0.421658	0.370226
21319	8.720374	0.951006	-3.747962	-1.035433	-2.249585	0.202093	0.321045	0.138885	0.936825	-0.437866	0.898883	0.016794	-0.839764	-0.415595	0.349395
21320	22.050113	6.889721	1.464987	-1.147450	-1.639430	-0.590819	0.309780	0.126944	0.942296	-0.426429	0.904335	0.018358	-0.849820	-0.407509	0.334278
21321	32.623216	4.749365	10.837609	-0.221128	1.102650	-0.973704	0.323207	0.122608	0.938352	-0.421486	0.906441	0.026738	-0.847282	-0.404144	0.344646
21322	20.265482	-3.732977	15.968016	1.076348	2.034901	-0.017471	0.340445	0.130820	0.931119	-0.430552	0.902044	0.030687	-0.835896	-0.411343	0.363421
21323	10.372011	-4.191344	10.363071	2.686273	-0.157315	0.269356	0.337890	0.132572	0.931802	-0.453786	0.890305	0.037884	-0.824566	-0.435639	0.360984
21324	7.054693	0.536705	1.759354	2.889688	-1.902104	0.387935	0.320501	0.127582	0.938617	-0.478906	0.876745	0.044356	-0.817268	-0.463726	0.342098
21325	5.817765	1.292467	-2.016656	2.617172	-2.241082	0.942654	0.297562	0.125103	0.946470	-0.503149	0.863073	0.044106	-0.811355	-0.489340	0.319764
21326	4.153276	1.936410	-3.145546	2.153281	-2.041813	1.075934	0.275560	0.124228	0.953223	-0.523748	0.850909	0.040512	-0.806074	-0.510412	0.299541
21327	4.505890	5.358549	-3.534971	0.254163	-1.993757	0.733216	0.255534	0.120235	0.959294	-0.527763	0.848703	0.034211	-0.810042	-0.515022	0.280328
21328	8.278228	5.609883	-4.646495	-1.532383	-1.430085	0.310568	0.242284	0.115657	0.963287	-0.516094	0.856106	0.027019	-0.821551	-0.503693	0.267110
21329	9.153134	3.345922	-3.183159	-1.877772	-0.636293	0.240145	0.235740	0.114567	0.965039	-0.501150	0.865136	0.019714	-0.832632	-0.488277	0.261362
21330	7.523072	-0.251752	-0.981485	-1.927739	-0.953201	0.442140	0.225598	0.113832	0.967547	-0.486014	0.873888	0.010508	-0.844332	-0.472612	0.252472
21331	8.554351	-3.213857	0.108307	-2.035151	-1.840341	0.405162	0.207937	0.108840	0.972068	-0.469581	0.882888	0.001594	-0.858054	-0.456796	0.234694
21332	11.227322	-4.979223	-1.178981	-1.966540	-1.996611	0.025898	0.190580	0.100109	0.976554	-0.452643	0.891687	-0.003073	-0.871088	-0.441444	0.215251
21333	12.396343	-4.954841	-3.384787	-0.671086	-1.653824	0.013074	0.176004	0.092964	0.979990	-0.446813	0.894616	-0.004619	-0.877144	-0.437059	0.198994
21334	12.476536	-2.561281	-2.717027	0.550732	-1.233844	0.249923	0.164066	0.089792	0.982354	-0.452098	0.891948	-0.006022	-0.876749	-0.443133	0.186933
21335	11.549323	0.419686	-1.401997	0.755819	-0.957933	0.379711	0.153885	0.088893	0.984082	-0.459333	0.888224	-0.008406	-0.874833	-0.450728	0.177516
21336	9.524555	2.275858	-0.045827	0.637671	-0.827950	0.399462	0.144797	0.088692	0.985478	-0.465526	0.884963	-0.011245	-0.873109	-0.457138	0.169428
21337	8.321535	2.601501	0.668506	0.163370	-0.920743	0.347114	0.135075	0.087544	0.986960	-0.467450	0.883902	-0.014428	-0.873639	-0.459405	0.160316
21338	8.090012	1.747228	0.026716	-0.393226	-1.080746	0.251217	0.124441	0.084807	0.988596	-0.464331	0.885489	-0.017513	-0.876876	-0.456856	0.149570
21339	8.738667	0.550703	-0.924058	-0.788586	-1.196830	0.188447	0.112986	0.081049	0.990285	-0.457630	0.888906	-0.020539	-0.881935	-0.450864	0.137525
21340	9.555023	-0.439932	-1.199292	-0.983844	-1.248759	0.188754	0.101076	0.077129	0.991885	-0.449112	0.893161	-0.023686	-0.887740	-0.443074	0.124916
21341	9.889745	-1.583264	-1.195376	-1.042591	-1.284143	0.180084	0.088776	0.073109	0.993365	-0.440007	0.897596	-0.026737	-0.893595	-0.434714	0.111854
21342	9.833681	-2.562507	-1.443718	-0.959309	-1.323161	0.126588	0.076353	0.068524	0.994723	-0.431495	0.901649	-0.028992	-0.898878	-0.427005	0.098412
21343	9.712335	-2.943937	-1.955018	-0.797251	-1.329642	0.022842	0.064213	0.063100	0.995939	-0.424336	0.905008	-0.029979	-0.903225	-0.420688	0.084889
21344	9.829297	-2.610970	-2.193655	-0.533625	-1.287242	-0.075003	0.052861	0.057018	0.996973	-0.419454	0.907292	-0.029649	-0.906236	-0.416617	0.071877
21345	9.935188	-1.664954	-1.910086	-0.266648	-1.209701	-0.133691	0.042386	0.050780	0.997810	-0.416980	0.908468	-0.028521	-0.907927	-0.414858	0.059680
21346	9.865132	-0.625896	-1.313941	-0.144588	-1.178165	-0.154294	0.032293	0.044486	0.998488	-0.415599	0.909145	-0.027064	-0.908975	-0.414096	0.047847
21347	9.784116	-0.074010	-1.008487	-0.162892	-1.205573	-0.144084	0.021865	0.038194	0.999031	-0.414086	0.909874	-0.025723	-0.909975	-0.413122	0.035710
21348	9.792693	-0.091411	-0.637008	-0.217244	-1.212481	-0.111453	0.011248	0.032169	0.999419	-0.412077	0.910815	-0.024679	-0.911080	-0.411560	0.023501
21349	9.660585	-0.533195	-0.086029	-0.217556	-1.202281	-0.078019	0.000548	0.026525	0.999648	-0.410096	0.911727	-0.023967	-0.912042	-0.409939	0.011377
21350	9.586098	-0.742857	0.283294	-0.122299	-1.170899	-0.058565	-0.009933	0.021183	0.999726	-0.408967	0.912249	-0.023393	-0.912495	-0.409088	-0.000398
21351	9.491646	-0.785455	0.363271	-0.035606	-1.134119	-0.051367	-0.020133	0.016081	0.999668	-0.408656	0.912401	-0.022908	-0.912466	-0.408982	-0.011798
21352	9.572810	-0.612556	0.430411	-0.014997	-1.098391	-0.045225	-0.030009	0.011169	0.999487	-0.408518	0.912474	-0.022462	-0.912257	-0.408983	-0.022819
21353	9.626968	-0.309925	0.447222	-0.043038	-1.052495	-0.018510	-0.039595	0.006702	0.999193	-0.408138	0.912648	-0.022295	-0.912061	-0.408692	-0.033400
21354	9.730560	0.059229	0.500028	-0.114907	-1.033854	0.016250	-0.049128	0.002626	0.998789	-0.407072	0.913121	-0.022424	-0.912074	-0.407680	-0.043790
21355	9.768827	0.100927	0.381610	-0.244631	-1.007808	0.046874	-0.058573	-0.001037	0.998283	-0.404820	0.914112	-0.022803	-0.912519	-0.405460	-0.053962
21356	9.831948	0.081881	0.203481	-0.385891	-1.005761	0.066233	-0.068058	-0.004495	0.997671	-0.401252	0.915673	-0.023246	-0.913436	-0.401899	-0.064122
21357	9.712171	0.109818	-0.204154	-0.494728	-1.027346	0.071343	-0.077794	-0.007941	0.996938	-0.396682	0.917651	-0.023645	-0.914654	-0.397307	-0.074537
21358	9.512849	0.063007	-0.643863	-0.616380	-1.053218	0.061068	-0.087709	-0.011537	0.996079	-0.390976	0.920094	-0.023770	-0.916212	-0.391528	-0.085211
21359	9.355252	-0.029075	-0.998195	-0.733141	-1.112837	0.063105	-0.098220	-0.015267	0.995048	-0.384197	0.922945	-0.023763	-0.918012	-0.384628	-0.096517
21360	9.387380	-0.439049	-1.238580	-0.768351	-1.183298	0.057209	-0.109344	-0.019250	0.993818	-0.377065	0.925887	-0.023552	-0.919710	-0.377310	-0.108498
21361	9.455602	-0.821643	-1.517836	-0.741299	-1.254745	0.057564	-0.121168	-0.023398	0.992356	-0.370180	0.928668	-0.023303	-0.921024	-0.370174	-0.121186
21362	9.543389	-1.059582	-1.582444	-0.627268	-1.300002	0.069021	-0.133436	-0.027524	0.990675	-0.364301	0.930992	-0.023202	-0.921672	-0.364000	-0.134255
21363	9.712425	-1.168476	-1.513584	-0.505033	-1.349402	0.094329	-0.146274	-0.031514	0.988742	-0.359517	0.932844	-0.023454	-0.921603	-0.358900	-0.147781
21364	9.797764	-1.100737	-1.552014	-0.354389	-1.393552	0.128973	-0.159607	-0.035283	0.986550	-0.356049	0.934154	-0.024194	-0.920736	-0.355121	-0.161660
21365	9.842304	-0.953082	-1.289662	-0.246968	-1.415856	0.162211	-0.173269	-0.038766	0.984111	-0.353508	0.935086	-0.025406	-0.919244	-0.352294	-0.175725
21366	9.854880	-1.058374	-0.897507	-0.212490	-1.398728	0.184492	-0.186801	-0.041940	0.981502	-0.351228	0.935905	-0.026855	-0.917466	-0.349747	-0.189559
21367	9.831784	-1.052963	-0.493926	-0.184380	-1.372470	0.187198	-0.200095	-0.044962	0.978744	-0.349177	0.936628	-0.028358	-0.915444	-0.347429	-0.203114
21368	9.714227	-0.996994	-0.128237	-0.186613	-1.332583	0.190743	-0.212979	-0.047774	0.975888	-0.347091	0.937356	-0.029862	-0.913328	-0.345082	-0.216220
21369	9.597079	-0.845253	0.267444	-0.250822	-1.333660	0.180874	-0.225831	-0.050651	0.972849	-0.344406	0.938306	-0.031096	-0.911255	-0.342077	-0.229343
21370	9.684969	-0.523889	0.453519	-0.342609	-1.350599	0.166140	-0.238721	-0.053674	0.969604	-0.340919	0.939550	-0.031925	-0.909278	-0.338178	-0.242589
21371	9.833525	-0.323575	0.647859	-0.473268	-1.337093	0.147673	-0.251426	-0.056763	0.966211	-0.336257	0.941219	-0.032206	-0.907588	-0.332993	-0.255734
21372	9.912897	-0.334515	0.809210	-0.608866	-1.327514	0.131031	-0.263925	-0.059878	0.962683	-0.330430	0.943291	-0.031918	-0.906178	-0.326523	-0.268744
21373	10.095614	-0.346110	0.757995	-0.736878	-1.333784	0.118601	-0.276450	-0.063050	0.958958	-0.323435	0.945740	-0.031059	-0.904967	-0.318747	-0.281843
21374	10.349293	-0.376700	0.306473	-0.860246	-1.339404	0.102907	-0.288899	-0.066255	0.955064	-0.315394	0.948499	-0.029604	-0.903916	-0.309774	-0.294917
21375	10.387761	-0.348814	-0.259780	-0.960759	-1.348485	0.098902	-0.301447	-0.069413	0.950953	-0.306420	0.951494	-0.027681	-0.902904	-0.299735	-0.308095
21376	10.280586	-0.324144	-0.840566	-0.999431	-1.349014	0.094398	-0.313903	-0.072445	0.946687	-0.297155	0.954489	-0.025489	-0.901756	-0.289314	-0.321144
21377	10.044042	-0.151362	-1.174140	-1.045017	-1.323748	0.059514	-0.326063	-0.075620	0.942319	-0.287545	0.957499	-0.022659	-0.900556	-0.278347	-0.333949
21378	10.045162	-0.231453	-1.530635	-1.100227	-1.271026	-0.004729	-0.337488	-0.079093	0.938001	-0.277712	0.960478	-0.018931	-0.899432	-0.266883	-0.346115
21379	10.210440	-0.317532	-1.654337	-1.118128	-1.221375	-0.076648	-0.348314	-0.083003	0.933696	-0.267921	0.963335	-0.014309	-0.898274	-0.255141	-0.357781
21380	10.625314	-0.500950	-1.503094	-1.155476	-1.214377	-0.125377	-0.358867	-0.087213	0.929305	-0.258025	0.966096	-0.008975	-0.897016	-0.243005	-0.369203
21381	11.081914	-0.642717	-1.254152	-1.108849	-1.204155	-0.144549	-0.369348	-0.091450	0.924780	-0.248610	0.968597	-0.003509	-0.895419	-0.231206	-0.380485
21382	11.583349	-0.677696	-1.102932	-1.042554	-1.174965	-0.125577	-0.379541	-0.095269	0.920257	-0.239833	0.970813	0.001589	-0.893548	-0.220105	-0.391312
21383	12.000968	-0.830555	-1.075225	-1.008209	-1.103630	-0.095528	-0.389221	-0.098549	0.915857	-0.231197	0.972886	0.006431	-0.891658	-0.209240	-0.401452
21384	12.113531	-0.931648	-0.857715	-0.999568	-0.988594	-0.075888	-0.397824	-0.101256	0.911857	-0.222671	0.974830	0.011102	-0.890030	-0.198628	-0.410357
21385	11.902667	-0.966108	-0.588571	-0.992143	-0.857735	-0.060639	-0.405374	-0.103487	0.908275	-0.214086	0.976688	0.015732	-0.888729	-0.188071	-0.418079
21386	11.513465	-0.683313	-0.309177	-1.032222	-0.769579	-0.069914	-0.412024	-0.105531	0.905041	-0.205291	0.978483	0.020635	-0.887745	-0.177295	-0.424823
21387	11.488019	-0.460189	-0.122440	-1.099429	-0.706551	-0.102548	-0.418142	-0.107727	0.901971	-0.195955	0.980262	0.026235	-0.886994	-0.165776	-0.430998
21388	11.331113	-0.181618	0.494264	-1.147696	-0.645042	-0.131757	-0.423552	-0.109997	0.899169	-0.186446	0.981934	0.032296	-0.886477	-0.153967	-0.436408
21389	10.943748	-0.000163	1.324527	-1.282333	-0.654628	-0.158933	-0.429118	-0.112501	0.896215	-0.175753	0.983649	0.039324	-0.885985	-0.140638	-0.441874
21390	11.104050	-0.172420	1.781039	-1.271609	-0.614805	-0.180338	-0.434197	-0.115043	0.893442	-0.165396	0.985132	0.046470	-0.885504	-0.127595	-0.446769
21391	10.782353	0.036649	2.514619	-1.206991	-0.522802	-0.210609	-0.438539	-0.117730	0.890968	-0.155624	0.986354	0.053735	-0.885136	-0.115091	-0.450876
21392	10.550014	0.209480	3.421077	-1.177477	-0.483985	-0.244572	-0.442382	-0.120611	0.888680	-0.146423	0.987333	0.061111	-0.884793	-0.103089	-0.454438
21393	10.669188	0.236181	4.727257	-1.024789	-0.339972	-0.277622	-0.445045	-0.123660	0.886929	-0.138583	0.987999	0.068214	-0.884720	-0.092555	-0.456841
21394	10.337058	-0.725691	6.152591	-0.952670	-0.167320	-0.336719	-0.445967	-0.127063	0.885985	-0.131837	0.988400	0.075390	-0.885287	-0.083184	-0.457545
21395	11.877102	-2.402374	6.679182	-0.691506	-0.117286	-0.326367	-0.446633	-0.130356	0.885170	-0.127165	0.988535	0.081414	-0.885634	-0.076200	-0.458089
21396	15.252178	-1.461538	8.488521	-0.627222	0.412370	-0.259972	-0.442539	-0.132562	0.886897	-0.122903	0.988647	0.086445	-0.888287	-0.070747	-0.453807
21397	15.904437	-0.163180	8.178703	-1.212422	1.052979	-0.424732	-0.432701	-0.136045	0.891213	-0.113950	0.988873	0.095628	-0.894307	-0.060176	-0.443389
21398	13.182182	0.262477	6.976748	-1.376749	1.490505	-0.544797	-0.418556	-0.140539	0.897251	-0.104113	0.988866	0.106322	-0.902204	-0.048913	-0.428527
21399	11.459228	-0.396931	5.512924	-1.617272	1.717849	-0.542307	-0.402502	-0.145149	0.903838	-0.091674	0.988777	0.117965	-0.910817	-0.035377	-0.411291
21400	10.720485	-0.540896	2.445998	-1.636884	1.806863	-0.402634	-0.385453	-0.148521	0.910696	-0.078467	0.988662	0.128025	-0.919385	-0.022112	-0.392736
21401	11.486047	-1.132724	-0.274948	-1.926907	1.963721	-0.312182	-0.367143	-0.151301	0.917777	-0.061838	0.988470	0.138217	-0.928107	-0.006008	-0.372266
21402	12.074975	-1.927919	-0.796045	-1.487828	2.344527	-0.153555	-0.344994	-0.152693	0.926102	-0.048723	0.988262	0.144791	-0.937340	0.004830	-0.348384
21403	12.661836	-3.645139	-4.238233	-1.310582	2.407283	0.024933	-0.322386	-0.152642	0.934220	-0.036298	0.988181	0.148933	-0.945912	0.014104	-0.324116
21404	14.347395	-4.033872	-6.278972	-1.031477	2.293345	0.214412	-0.300468	-0.150774	0.941800	-0.026091	0.988356	0.149903	-0.953435	0.020468	-0.300903
21405	16.829133	-2.927052	-7.602228	-0.992077	2.163632	0.404527	-0.279902	-0.147256	0.948668	-0.015427	0.988729	0.148922	-0.959904	0.027048	-0.279019
21406	19.069519	-1.341530	-7.149071	-1.018549	2.061251	0.613686	-0.259914	-0.141632	0.955189	-0.004269	0.989344	0.145535	-0.965622	0.033749	-0.257749
21407	19.299721	-1.159810	-5.915532	-0.769564	2.064228	0.795172	-0.239974	-0.134473	0.961421	0.005167	0.990169	0.139784	-0.970766	0.038512	-0.236920
21408	17.409895	-1.628532	-6.011202	-0.114828	2.186723	0.895646	-0.218431	-0.126203	0.967657	0.007994	0.991337	0.131096	-0.975820	0.036371	-0.215530
21409	15.911458	-1.264932	-7.078544	0.498879	2.277540	0.858671	-0.196146	-0.118391	0.973401	0.004889	0.992554	0.121706	-0.980563	0.028631	-0.194107
21410	15.758884	-0.168847	-7.983613	1.045860	2.372262	0.825350	-0.172637	-0.110463	0.978772	-0.004248	0.993766	0.111406	-0.984976	0.015075	-0.172030
21411	15.374442	1.030861	-7.594104	1.075034	2.537971	0.908119	-0.147718	-0.101612	0.983796	-0.013412	0.994823	0.100737	-0.988939	0.001686	-0.148316
21412	14.429720	1.596776	-6.782008	0.998463	2.623524	1.047527	-0.121742	-0.090784	0.988401	-0.022286	0.995807	0.088720	-0.992311	-0.011227	-0.123255
21413	12.934846	1.554064	-5.840317	0.927298	2.579573	1.130468	-0.096459	-0.079052	0.992193	-0.030277	0.996613	0.076460	-0.994876	-0.022666	-0.098526
21414	11.653214	1.792870	-5.059137	0.750110	2.424575	1.149837	-0.072552	-0.066629	0.995137	-0.037171	0.997253	0.064061	-0.996672	-0.032342	-0.074830
21415	11.120699	1.594262	-4.657365	0.502397	2.244766	1.156559	-0.050672	-0.054262	0.997240	-0.041481	0.997776	0.052183	-0.997854	-0.038723	-0.052810
21416	11.423316	1.041297	-4.845654	0.571614	2.082134	1.205303	-0.030291	-0.041050	0.998698	-0.047090	0.998105	0.039598	-0.998431	-0.045829	-0.032167
21417	11.790390	0.518145	-4.947105	0.745893	2.039014	1.277225	-0.010632	-0.027252	0.999572	-0.054291	0.998170	0.026636	-0.998469	-0.053984	-0.012092
21418	11.650080	0.118448	-5.743851	1.252688	2.088158	1.314478	0.009516	-0.012560	0.999876	-0.067166	0.997655	0.013171	-0.997696	-0.067283	0.008650
21419	10.877741	-0.187443	-6.065535	1.838077	2.210667	1.257074	0.030538	0.001696	0.999532	-0.085757	0.996316	0.000929	-0.995848	-0.085745	0.030571
21420	9.768369	0.082334	-6.102181	2.357732	2.329607	1.123399	0.052686	0.015469	0.998491	-0.110067	0.993878	-0.009590	-0.992527	-0.109395	0.054066
21421	8.720849	0.537766	-6.028932	2.778592	2.391938	0.953062	0.075131	0.027894	0.996783	-0.138207	0.990252	-0.017294	-0.987550	-0.136463	0.078254
