// General information: 
//  MT Manager version: 2022.2.0 
//  XDA version: 2022.2.0 build 7381 rev 124627 built on 2023-07-19
// Device information: 
//  DeviceId: 00B4CB9F
//  ProductCode: MTW2-3A7G6
//  Firmware Version: 4.6.0
//  Hardware Version: 2.0.0
// Device settings: 
//  Filter Profile: human(46.1)
//  Option Flags: Orientation Smoother Disabled, Position/Velocity Smoother Disabled, Continuous Zero Rotation Update Disabled, AHS Disabled, ICC Disabled
// Coordinate system: ENU
PacketCounter	Acc_X	Acc_Y	Acc_Z	Gyr_X	Gyr_Y	Gyr_Z	Mat[1][1]	Mat[2][1]	Mat[3][1]	Mat[1][2]	Mat[2][2]	Mat[3][2]	Mat[1][3]	Mat[2][3]	Mat[3][3]
54997	7.382421	-2.492695	-5.749570	-0.125237	0.123198	0.065467	0.551804	0.340305	0.761384	0.743514	-0.614273	-0.264300	0.377755	0.711941	-0.591980
54998	7.416718	-2.897205	-5.691249	-0.085785	0.059900	0.079738	0.552211	0.339384	0.761500	0.742738	-0.615148	-0.264448	0.378686	0.711626	-0.591765
54999	7.447035	-3.010183	-5.565667	-0.016888	0.013292	0.063787	0.552579	0.338902	0.761447	0.742340	-0.615489	-0.264774	0.378930	0.711561	-0.591687
55000	7.385609	-2.856425	-5.702090	-0.025756	-0.040892	0.016906	0.552900	0.339084	0.761133	0.742137	-0.615723	-0.264797	0.378858	0.711272	-0.592080
55001	7.402420	-2.607660	-6.008813	-0.018972	-0.071794	0.002895	0.553232	0.339553	0.760683	0.742054	-0.615825	-0.264792	0.378537	0.710959	-0.592661
55002	7.400696	-2.561236	-6.165455	-0.011868	-0.062654	0.019518	0.553654	0.339873	0.760233	0.741890	-0.615969	-0.264918	0.378241	0.710682	-0.593182
55003	7.507013	-2.641492	-6.132466	-0.009432	-0.026581	0.015598	0.554076	0.339958	0.759887	0.741698	-0.616083	-0.265190	0.378000	0.710542	-0.593503
55004	7.627532	-2.536715	-5.951346	0.042266	0.033588	0.002026	0.554005	0.339702	0.760053	0.741835	-0.615782	-0.265505	0.377834	0.710925	-0.593150
55005	7.604375	-2.341116	-5.764454	-0.001296	0.080528	0.008036	0.553809	0.339078	0.760474	0.741756	-0.615841	-0.265589	0.378276	0.711172	-0.592572
55006	7.504571	-2.208213	-5.805476	-0.036474	0.113157	0.020195	0.553572	0.338144	0.761063	0.741495	-0.616162	-0.265575	0.379135	0.711339	-0.591822
55007	7.452846	-2.478123	-5.775980	-0.089641	0.115311	0.065164	0.553634	0.336941	0.761551	0.740765	-0.617067	-0.265508	0.380468	0.711125	-0.591223
55008	7.485963	-2.734583	-5.698641	-0.084925	0.096732	0.080577	0.553904	0.335750	0.761881	0.739984	-0.617935	-0.265668	0.381595	0.710934	-0.590726
55009	7.421443	-2.890559	-5.606195	-0.066741	0.058077	0.062844	0.554286	0.334940	0.761960	0.739327	-0.618628	-0.265887	0.382313	0.710714	-0.590527
55010	7.357749	-2.849794	-5.649244	-0.051266	0.012062	0.036388	0.554550	0.334624	0.761906	0.738917	-0.619107	-0.265910	0.382721	0.710446	-0.590586
55011	7.301997	-2.795457	-5.955210	-0.047982	-0.024069	0.023482	0.554809	0.334648	0.761707	0.738609	-0.619520	-0.265805	0.382941	0.710075	-0.590890
55012	7.327468	-2.773674	-6.062458	-0.026429	-0.055214	0.016059	0.555181	0.334936	0.761310	0.738407	-0.619754	-0.265820	0.382792	0.709734	-0.591395
55013	7.482164	-2.838865	-6.048801	-0.026041	-0.058680	0.013048	0.555423	0.335275	0.760984	0.738276	-0.619958	-0.265708	0.382693	0.709396	-0.591864
55014	7.567960	-2.756459	-5.942440	0.003183	-0.037537	0.000045	0.555608	0.335536	0.760734	0.738276	-0.619929	-0.265775	0.382424	0.709298	-0.592155
55015	7.513874	-2.761355	-5.994581	-0.016771	-0.007006	-0.013606	0.555605	0.335650	0.760685	0.738283	-0.619958	-0.265688	0.382414	0.709219	-0.592257
55016	7.415733	-2.798788	-6.064669	-0.026309	0.009268	-0.005446	0.555571	0.335613	0.760727	0.738201	-0.620119	-0.265539	0.382623	0.709095	-0.592270
55017	7.375110	-2.767781	-5.988495	0.011530	0.011245	-0.002438	0.555493	0.335510	0.760829	0.738325	-0.619904	-0.265698	0.382496	0.709332	-0.592068
55018	7.373605	-2.670533	-5.783562	0.017908	0.001446	0.000702	0.555533	0.335490	0.760808	0.738379	-0.619772	-0.265858	0.382335	0.709457	-0.592023
55019	7.375030	-2.535602	-5.837024	-0.021031	-0.015964	-0.012794	0.555526	0.335654	0.760741	0.738416	-0.619765	-0.265770	0.382274	0.709386	-0.592147
55020	7.500368	-2.545852	-5.898965	-0.004088	-0.020575	-0.013639	0.555544	0.335879	0.760629	0.738465	-0.619740	-0.265691	0.382152	0.709301	-0.592328
55021	7.589104	-2.545283	-5.921576	-0.021447	0.015925	-0.005651	0.555357	0.335800	0.760800	0.738453	-0.619856	-0.265454	0.382447	0.709237	-0.592214
55022	7.543206	-2.644524	-6.000228	-0.048153	0.045264	-0.007910	0.555165	0.335523	0.761062	0.738302	-0.620163	-0.265157	0.383017	0.709099	-0.592010
55023	7.500214	-2.737835	-5.936786	-0.025937	0.073250	0.006261	0.554894	0.334955	0.761510	0.738210	-0.620310	-0.265068	0.383587	0.709239	-0.591473
55024	7.453015	-2.802819	-5.728990	-0.016622	0.062809	0.002282	0.554709	0.334490	0.761849	0.738123	-0.620428	-0.265036	0.384020	0.709356	-0.591052
55025	7.426528	-2.674113	-5.603807	-0.000085	0.022649	-0.006139	0.554764	0.334383	0.761856	0.738054	-0.620482	-0.265100	0.384073	0.709359	-0.591014
55026	7.466986	-2.543735	-5.554739	-0.007978	-0.025981	-0.008094	0.554845	0.334612	0.761697	0.738058	-0.620504	-0.265039	0.383950	0.709232	-0.591246
55027	7.554546	-2.481243	-5.659613	-0.024879	-0.059435	-0.003747	0.555068	0.335034	0.761349	0.738003	-0.620608	-0.264947	0.383733	0.708941	-0.591736
55028	7.695159	-2.489888	-5.707766	-0.020247	-0.051763	0.004061	0.555336	0.335370	0.761005	0.737892	-0.620757	-0.264906	0.383557	0.708652	-0.592196
55029	7.736979	-2.451422	-5.725395	-0.006280	-0.012860	0.003019	0.555489	0.335436	0.760865	0.737831	-0.620795	-0.264988	0.383455	0.708588	-0.592340
55030	7.668882	-2.462518	-5.757712	-0.033309	0.040144	0.002643	0.555395	0.335129	0.761068	0.737678	-0.621032	-0.264860	0.383886	0.708525	-0.592135
55031	7.539079	-2.498653	-5.717880	-0.020973	0.057240	0.012262	0.555223	0.334649	0.761405	0.737529	-0.621250	-0.264764	0.384420	0.708561	-0.591745
55032	7.424349	-2.519177	-5.589547	-0.024339	0.041101	0.023600	0.555279	0.334205	0.761559	0.737294	-0.621493	-0.264848	0.384790	0.708557	-0.591509
55033	7.427365	-2.600459	-5.547518	-0.043179	-0.009278	0.028634	0.555511	0.334086	0.761442	0.736970	-0.621898	-0.264797	0.385075	0.708258	-0.591682
55034	7.444663	-2.695247	-5.738762	-0.049946	-0.056471	0.021553	0.555927	0.334346	0.761025	0.736648	-0.622316	-0.264713	0.385092	0.707768	-0.592257
55035	7.553532	-2.654912	-5.832288	-0.025657	-0.071811	0.017565	0.556397	0.334736	0.760509	0.736410	-0.622588	-0.264735	0.384868	0.707344	-0.592909
55036	7.605581	-2.601192	-5.938473	-0.038238	-0.054663	0.016328	0.556767	0.335016	0.760115	0.736161	-0.622905	-0.264680	0.384808	0.706932	-0.593439
55037	7.578812	-2.650742	-5.982739	-0.053009	-0.020186	0.024150	0.557056	0.334993	0.759913	0.735842	-0.623299	-0.264641	0.385000	0.706596	-0.593715
55038	7.529246	-2.740583	-5.959417	-0.047322	-0.000206	0.016733	0.557220	0.334885	0.759841	0.735556	-0.623682	-0.264535	0.385310	0.706310	-0.593854
55039	7.454082	-2.717635	-5.883906	-0.028303	0.002695	0.012297	0.557266	0.334763	0.759860	0.735463	-0.623780	-0.264562	0.385420	0.706281	-0.593818
55040	7.404984	-2.658981	-5.839779	-0.025452	-0.006348	0.010310	0.557406	0.334738	0.759769	0.735297	-0.623986	-0.264537	0.385534	0.706111	-0.593945
55041	7.344874	-2.639818	-5.889067	-0.035917	-0.036380	0.008788	0.557797	0.334945	0.759391	0.735025	-0.624307	-0.264536	0.385488	0.705728	-0.594430
55042	7.385102	-2.682688	-6.041149	-0.032382	-0.060752	0.005881	0.558114	0.335332	0.758987	0.734857	-0.624547	-0.264437	0.385349	0.705333	-0.594989
55043	7.485133	-2.738545	-6.006537	-0.013745	-0.049575	0.000657	0.558360	0.335668	0.758657	0.734786	-0.624637	-0.264421	0.385128	0.705093	-0.595417
55044	7.512972	-2.710970	-5.972233	0.001878	-0.015096	-0.003553	0.558432	0.335791	0.758550	0.734803	-0.624603	-0.264453	0.384992	0.705064	-0.595539
55045	7.455254	-2.687003	-5.879975	-0.005384	-0.012566	-0.005722	0.558529	0.335908	0.758427	0.734787	-0.624611	-0.264479	0.384882	0.705001	-0.595684
55046	7.389552	-2.855086	-5.865843	-0.032479	-0.018771	-0.015465	0.558527	0.336131	0.758329	0.734738	-0.624780	-0.264217	0.384978	0.704745	-0.595925
55047	7.346382	-2.905255	-5.925664	0.003092	-0.045443	-0.022002	0.558636	0.336576	0.758052	0.734872	-0.624620	-0.264223	0.384563	0.704675	-0.596275
55048	7.304257	-2.739941	-5.905418	0.042859	-0.073727	-0.035818	0.558696	0.337313	0.757680	0.735226	-0.624189	-0.264256	0.383798	0.704705	-0.596733
55049	7.324666	-2.476922	-5.930002	0.028765	-0.105412	-0.043493	0.558885	0.338326	0.757088	0.735536	-0.623852	-0.264189	0.382929	0.704516	-0.597513
55050	7.507526	-2.384410	-6.075137	0.014480	-0.099233	-0.044143	0.558981	0.339295	0.756584	0.735827	-0.623593	-0.263990	0.382230	0.704281	-0.598238
55051	7.814147	-2.398923	-5.976402	0.006903	-0.001928	-0.031023	0.558737	0.339487	0.756678	0.736079	-0.623353	-0.263856	0.382101	0.704400	-0.598179
55052	7.730416	-2.386829	-5.842343	-0.012961	0.146674	0.001416	0.558227	0.338439	0.757524	0.736010	-0.623440	-0.263839	0.382978	0.704827	-0.597116
55053	7.340877	-2.483625	-5.647059	-0.045204	0.180492	0.028940	0.557824	0.336981	0.758470	0.735636	-0.623878	-0.263848	0.384281	0.705138	-0.595909
55054	7.201618	-2.680170	-5.569897	-0.060580	0.083029	0.031182	0.557774	0.336195	0.758855	0.735218	-0.624402	-0.263773	0.385152	0.705050	-0.595452
55055	7.342475	-2.818473	-5.595952	-0.063114	-0.035910	0.017369	0.558175	0.336345	0.758494	0.734785	-0.624992	-0.263582	0.385398	0.704455	-0.595996
55056	7.465715	-2.775214	-5.847386	-0.030565	-0.090070	-0.002823	0.558542	0.336991	0.757937	0.734672	-0.625190	-0.263428	0.385081	0.703971	-0.596773
55057	7.523189	-2.689688	-6.143684	-0.019417	-0.091442	-0.029476	0.558745	0.337790	0.757431	0.734795	-0.625114	-0.263265	0.384553	0.703655	-0.597486
55058	7.670408	-2.585429	-6.248443	0.013516	-0.049564	-0.034988	0.558719	0.338352	0.757200	0.735032	-0.624893	-0.263131	0.384138	0.703582	-0.597839
55059	7.678919	-2.459111	-6.058292	0.055928	0.008810	-0.021334	0.558529	0.338415	0.757312	0.735344	-0.624463	-0.263278	0.383816	0.703933	-0.597632
55060	7.653371	-2.399270	-5.819833	0.019302	0.023639	-0.026601	0.558283	0.338408	0.757495	0.735555	-0.624229	-0.263241	0.383768	0.704143	-0.597415
55061	7.565680	-2.541716	-5.849164	-0.010868	0.034408	-0.018500	0.558054	0.338272	0.757726	0.735583	-0.624278	-0.263049	0.384049	0.704166	-0.597208
55062	7.355063	-2.615273	-5.861986	0.018464	0.038735	-0.015184	0.557834	0.338088	0.757970	0.735728	-0.624088	-0.263094	0.384091	0.704422	-0.596878
55063	7.209996	-2.736015	-5.797978	0.020103	0.009224	-0.013398	0.557687	0.338092	0.758075	0.735950	-0.623776	-0.263214	0.383878	0.704697	-0.596691
55064	7.358811	-2.687958	-5.713262	0.052515	-0.058419	-0.014125	0.557848	0.338586	0.757737	0.736219	-0.623349	-0.263470	0.383127	0.704837	-0.597008
55065	7.525966	-2.657729	-5.653422	0.047028	-0.103290	-0.012150	0.558163	0.339378	0.757151	0.736445	-0.623007	-0.263648	0.382234	0.704759	-0.597672
55066	7.674717	-2.585504	-5.903550	0.017534	-0.100370	-0.024189	0.558408	0.340230	0.756587	0.736637	-0.622793	-0.263620	0.381506	0.704537	-0.598398
55067	7.752316	-2.433084	-6.120565	0.026494	-0.059878	-0.019737	0.558527	0.340764	0.756259	0.736829	-0.622546	-0.263664	0.380959	0.704497	-0.598794
55068	7.627374	-2.446161	-6.238139	0.009559	0.024239	-0.010585	0.558397	0.340653	0.756405	0.736914	-0.622435	-0.263690	0.380986	0.704649	-0.598598
55069	7.421636	-2.539056	-6.286704	-0.007772	0.082410	-0.016626	0.557992	0.340162	0.756924	0.736973	-0.622416	-0.263571	0.381465	0.704903	-0.597994
55070	7.166124	-2.694618	-6.164226	0.012464	0.082896	-0.008279	0.557655	0.339624	0.757414	0.737056	-0.622291	-0.263632	0.381797	0.705272	-0.597346
55071	7.118783	-2.758050	-5.989502	0.052315	0.049815	-0.018232	0.557292	0.339373	0.757794	0.737392	-0.621816	-0.263812	0.381678	0.705812	-0.596784
55072	7.103360	-2.679076	-5.870616	0.057447	-0.013447	-0.028212	0.557175	0.339638	0.757761	0.737758	-0.621307	-0.263990	0.381141	0.706133	-0.596747
55073	7.243122	-2.685010	-5.950817	0.042008	-0.076425	-0.028043	0.557276	0.340344	0.757370	0.738029	-0.620986	-0.263988	0.380469	0.706075	-0.597244
55074	7.493491	-2.641225	-6.015627	0.066951	-0.071634	-0.021042	0.557432	0.340975	0.756971	0.738390	-0.620433	-0.264277	0.379538	0.706257	-0.597622
55075	7.623542	-2.523863	-5.922744	0.091486	-0.040496	-0.027659	0.557435	0.341438	0.756761	0.738944	-0.619560	-0.264776	0.378455	0.706799	-0.597668
55076	7.641511	-2.379426	-5.852841	0.064050	-0.012490	-0.029088	0.557307	0.341700	0.756736	0.739338	-0.619000	-0.264988	0.377873	0.707164	-0.597605
55077	7.611119	-2.393545	-5.815688	0.039547	0.034687	-0.011861	0.557203	0.341540	0.756885	0.739525	-0.618661	-0.265256	0.377659	0.707537	-0.597298
55078	7.497014	-2.488359	-5.712263	0.036371	0.045975	-0.004395	0.557037	0.341237	0.757144	0.739677	-0.618380	-0.265489	0.377608	0.707929	-0.596865
55079	7.410159	-2.551703	-5.606821	0.049135	0.020592	-0.008384	0.556924	0.341147	0.757268	0.739913	-0.617980	-0.265763	0.377312	0.708322	-0.596587
55080	7.394345	-2.549801	-5.482501	0.054675	-0.032151	-0.005657	0.557044	0.341404	0.757064	0.740140	-0.617565	-0.266096	0.376690	0.708560	-0.596697
55081	7.515179	-2.559099	-5.580705	0.040877	-0.082960	-0.008377	0.557351	0.342047	0.756547	0.740350	-0.617191	-0.266377	0.375821	0.708575	-0.597227
55082	7.588937	-2.540196	-5.779901	0.050310	-0.094632	-0.009841	0.557673	0.342773	0.755981	0.740583	-0.616792	-0.266652	0.374882	0.708572	-0.597820
55083	7.574441	-2.521152	-5.955658	0.042622	-0.061408	-0.002475	0.557875	0.343219	0.755630	0.740791	-0.616422	-0.266931	0.374171	0.708678	-0.598140
55084	7.524119	-2.624989	-6.037275	0.019178	-0.014948	-0.002072	0.557955	0.343332	0.755519	0.740864	-0.616270	-0.267080	0.373906	0.708756	-0.598214
55085	7.403864	-2.639391	-5.978671	0.060408	0.004230	0.003484	0.557938	0.343267	0.755561	0.741112	-0.615788	-0.267503	0.373441	0.709206	-0.597971
55086	7.323794	-2.597465	-5.896951	0.050983	0.000448	0.002418	0.557994	0.343243	0.755531	0.741279	-0.615426	-0.267875	0.373027	0.709532	-0.597843
55087	7.285002	-2.661265	-5.885158	0.016209	-0.033339	0.003868	0.558305	0.343469	0.755198	0.741287	-0.615279	-0.268188	0.372543	0.709550	-0.598123
55088	7.360321	-2.704256	-6.002057	0.037530	-0.057451	-0.001839	0.558545	0.343883	0.754832	0.741427	-0.614997	-0.268448	0.371905	0.709594	-0.598468
55089	7.429726	-2.713557	-6.010307	0.045026	-0.053989	0.000136	0.558771	0.344265	0.754491	0.741597	-0.614654	-0.268763	0.371226	0.709705	-0.598757
55090	7.448657	-2.733081	-6.033223	0.031263	-0.029840	-0.001300	0.558912	0.344479	0.754289	0.741710	-0.614419	-0.268990	0.370788	0.709805	-0.598909
55091	7.449694	-2.739240	-5.999416	0.033031	-0.004640	0.003132	0.559067	0.344489	0.754169	0.741777	-0.614189	-0.269332	0.370420	0.710000	-0.598907
55092	7.441585	-2.775289	-5.950088	0.036835	-0.002826	-0.001120	0.559110	0.344511	0.754128	0.741909	-0.613914	-0.269594	0.370091	0.710227	-0.598841
55093	7.469344	-2.735007	-5.841611	0.060537	-0.019494	-0.004297	0.559210	0.344667	0.753982	0.742084	-0.613564	-0.269908	0.369588	0.710453	-0.598883
55094	7.500572	-2.641833	-5.745272	0.053704	-0.030080	-0.001772	0.559348	0.344886	0.753779	0.742281	-0.613168	-0.270266	0.368982	0.710689	-0.598977
55095	7.516047	-2.653551	-5.835548	0.046130	-0.032348	-0.006201	0.559514	0.345147	0.753537	0.742453	-0.612815	-0.270592	0.368385	0.710866	-0.599134
55096	7.540676	-2.609312	-5.762699	0.077634	-0.032380	-0.010366	0.559596	0.345436	0.753343	0.742786	-0.612219	-0.271030	0.367588	0.711240	-0.599180
55097	7.520447	-2.527320	-5.681961	0.082005	-0.029434	-0.004880	0.559685	0.345663	0.753173	0.743119	-0.611594	-0.271527	0.366779	0.711667	-0.599169
55098	7.467842	-2.541389	-5.697475	0.061625	-0.021718	-0.007971	0.559745	0.345862	0.753037	0.743379	-0.611119	-0.271886	0.366160	0.711979	-0.599177
55099	7.448499	-2.547106	-5.714411	0.072249	-0.034551	0.000954	0.559954	0.346075	0.752784	0.743546	-0.610724	-0.272316	0.365501	0.712214	-0.599300
55100	7.400648	-2.512564	-5.708948	0.069361	-0.064799	0.003128	0.560254	0.346512	0.752359	0.743770	-0.610232	-0.272805	0.364583	0.712423	-0.599610
55101	7.474919	-2.547054	-5.721133	0.050483	-0.073694	0.013993	0.560644	0.346939	0.751872	0.743872	-0.609912	-0.273244	0.363777	0.712489	-0.600022
55102	7.455699	-2.645283	-5.804484	0.042903	-0.060512	0.012051	0.560994	0.347292	0.751448	0.743949	-0.609640	-0.273642	0.363079	0.712550	-0.600371
55103	7.389070	-2.684997	-5.841705	0.046376	-0.036175	0.011876	0.561288	0.347462	0.751150	0.743998	-0.609395	-0.274053	0.362524	0.712677	-0.600557
55104	7.333508	-2.622387	-5.867204	0.045530	-0.043470	0.012909	0.561581	0.347688	0.750826	0.744079	-0.609107	-0.274473	0.361902	0.712813	-0.600770
55105	7.309934	-2.623690	-5.920836	0.018767	-0.059390	0.017120	0.561888	0.348022	0.750441	0.744164	-0.608840	-0.274834	0.361251	0.712877	-0.601086
55106	7.335358	-2.759203	-6.011920	0.001643	-0.065553	0.022126	0.562330	0.348350	0.749959	0.744034	-0.608897	-0.275060	0.360830	0.712669	-0.601585
55107	7.354808	-2.871299	-6.100044	0.014470	-0.060110	0.023285	0.562720	0.348626	0.749537	0.743947	-0.608887	-0.275317	0.360401	0.712542	-0.601992
55108	7.353447	-2.878248	-6.068822	0.040384	-0.043100	0.014832	0.563026	0.348837	0.749209	0.743998	-0.608642	-0.275721	0.359819	0.712648	-0.602215
55109	7.325146	-2.856089	-6.117837	0.042070	-0.027200	-0.000187	0.563093	0.349027	0.749070	0.744169	-0.608323	-0.275963	0.359358	0.712828	-0.602278
55110	7.281743	-2.750901	-6.051476	0.052130	-0.032820	-0.006206	0.563204	0.349294	0.748862	0.744380	-0.607920	-0.276280	0.358746	0.713040	-0.602391
55111	7.316663	-2.764661	-6.091354	0.035712	-0.034075	-0.003331	0.563428	0.349527	0.748585	0.744400	-0.607804	-0.276484	0.358355	0.713025	-0.602642
55112	7.294826	-2.764336	-6.143255	0.012491	-0.018419	-0.002116	0.563518	0.349666	0.748452	0.744445	-0.607699	-0.276593	0.358119	0.713047	-0.602757
55113	7.251925	-2.906555	-6.296292	-0.010563	-0.003848	-0.008879	0.563375	0.349748	0.748522	0.744506	-0.607713	-0.276398	0.358217	0.712995	-0.602759
55114	7.182321	-2.991331	-6.352872	0.002778	0.015984	-0.007203	0.563303	0.349672	0.748611	0.744545	-0.607659	-0.276410	0.358248	0.713078	-0.602643
55115	7.187964	-2.983965	-6.210389	0.043756	0.035126	-0.007955	0.563151	0.349480	0.748816	0.744770	-0.607252	-0.276699	0.358019	0.713519	-0.602257
55116	7.196688	-2.847502	-6.087503	0.039757	0.028650	-0.016359	0.562966	0.349369	0.749006	0.744994	-0.606902	-0.276864	0.357846	0.713870	-0.601944
55117	7.257382	-2.715096	-6.022131	0.014774	0.019045	-0.019382	0.562839	0.349375	0.749099	0.745182	-0.606623	-0.276970	0.357655	0.714105	-0.601779
55118	7.303391	-2.692846	-6.107971	0.012554	0.021042	-0.013020	0.562706	0.349299	0.749235	0.745289	-0.606479	-0.276997	0.357640	0.714264	-0.601598
55119	7.347108	-2.711345	-6.075719	-0.009384	0.042776	-0.004269	0.562606	0.349039	0.749431	0.745294	-0.606446	-0.277056	0.357786	0.714420	-0.601327
55120	7.373375	-2.716124	-5.986515	-0.007670	0.079904	0.003779	0.562388	0.348440	0.749873	0.745235	-0.606504	-0.277088	0.358253	0.714662	-0.600760
55121	7.329596	-2.996515	-5.850843	-0.026814	0.118893	-0.007592	0.561932	0.347628	0.750591	0.745137	-0.606735	-0.276846	0.359170	0.714861	-0.599975
55122	7.553918	-2.982536	-5.714988	0.031802	0.137601	-0.073181	0.560932	0.347083	0.751591	0.745651	-0.606245	-0.276536	0.359667	0.715542	-0.598865
55123	8.061722	-2.124291	-5.306101	0.160626	0.208016	-0.111160	0.559340	0.346272	0.753149	0.746879	-0.604665	-0.276680	0.359597	0.717270	-0.596837
55124	7.881118	-1.088999	-5.035269	0.034997	0.351714	-0.016339	0.557990	0.343840	0.755262	0.747086	-0.604348	-0.276814	0.361261	0.718705	-0.594099
55125	7.437878	-1.562078	-5.347091	-0.324080	0.379537	0.120422	0.557538	0.340365	0.757167	0.745168	-0.607195	-0.275754	0.365891	0.717960	-0.592163
55126	7.442454	-2.962456	-5.450185	-0.331281	0.317552	0.224130	0.558077	0.336717	0.758401	0.742688	-0.610321	-0.275542	0.370088	0.717028	-0.590682
55127	7.615115	-3.864605	-4.818481	-0.159300	0.241856	0.181746	0.558541	0.333892	0.759308	0.741146	-0.611945	-0.276090	0.372470	0.716966	-0.589259
55128	7.484981	-3.601332	-4.770148	-0.079030	0.156467	0.045564	0.558335	0.332486	0.760076	0.740587	-0.612654	-0.276020	0.373890	0.717014	-0.588300
55129	7.148816	-2.891314	-5.203509	-0.061818	0.082241	0.008289	0.558090	0.331819	0.760547	0.740267	-0.613193	-0.275679	0.374887	0.716861	-0.587852
55130	6.555844	-2.830940	-5.967149	-0.155963	0.073679	0.064691	0.558332	0.330888	0.760775	0.739310	-0.614516	-0.275303	0.376413	0.716159	-0.587732
55131	6.462909	-3.205129	-6.357271	-0.091745	0.003076	0.098780	0.559121	0.330223	0.760484	0.738330	-0.615593	-0.275525	0.377164	0.715540	-0.588005
55132	6.719981	-3.042567	-6.197096	0.104080	-0.145865	0.062537	0.560171	0.330877	0.759427	0.738361	-0.615045	-0.276662	0.375541	0.715709	-0.588838
55133	6.944488	-2.276110	-6.267318	0.042647	-0.273924	0.001101	0.561247	0.332807	0.757787	0.738473	-0.614786	-0.276940	0.373709	0.715037	-0.590816
55134	7.360350	-2.011456	-7.097653	-0.159898	-0.296527	0.008295	0.562455	0.334868	0.755981	0.737819	-0.615946	-0.276104	0.373185	0.713073	-0.593514
55135	7.850890	-2.539887	-7.664508	-0.223332	-0.164161	0.059512	0.563512	0.335687	0.754830	0.736683	-0.617676	-0.275272	0.373835	0.711190	-0.595363
55136	8.038546	-3.179650	-7.590479	-0.161267	0.057127	0.082293	0.563943	0.334767	0.754917	0.735604	-0.619089	-0.274982	0.375306	0.710394	-0.595387
55137	7.729346	-3.501890	-7.064235	-0.031799	0.266330	0.062277	0.563422	0.332499	0.756307	0.735132	-0.619514	-0.275287	0.377010	0.711088	-0.593478
55138	7.030300	-3.265415	-6.347240	0.078906	0.337493	0.023992	0.562363	0.329942	0.758213	0.735285	-0.619023	-0.275984	0.378292	0.712706	-0.590717
55139	6.673363	-2.874974	-5.981126	0.090735	0.174594	-0.005959	0.561672	0.328769	0.759234	0.735724	-0.618242	-0.276564	0.378464	0.713925	-0.589132
55140	6.990928	-2.780773	-5.960746	0.042995	-0.068368	-0.008505	0.561907	0.329305	0.758827	0.735924	-0.617897	-0.276801	0.377725	0.713976	-0.589544
55141	7.729676	-2.712860	-5.942522	0.096085	-0.195054	0.008707	0.562774	0.330639	0.757604	0.736167	-0.617324	-0.277433	0.375958	0.713855	-0.590819
55142	8.285016	-2.786335	-5.971345	0.115725	-0.144942	0.015974	0.563474	0.331570	0.756676	0.736501	-0.616542	-0.278286	0.374251	0.714099	-0.591607
55143	8.511385	-2.636287	-5.810164	0.201901	-0.034756	-0.016770	0.563561	0.331920	0.756458	0.737276	-0.615126	-0.279364	0.372590	0.715157	-0.591377
55144	8.460892	-2.313714	-5.359107	0.297911	0.086010	-0.034420	0.563026	0.331510	0.757035	0.738566	-0.612869	-0.280912	0.370839	0.717281	-0.589904
55145	8.205113	-1.768275	-4.673840	0.379109	0.127931	-0.008568	0.562533	0.330640	0.757782	0.739970	-0.610175	-0.283074	0.368784	0.719974	-0.587908
55146	8.092490	-1.379686	-3.879467	0.369647	0.038953	0.057831	0.562857	0.330003	0.757819	0.740992	-0.607692	-0.285731	0.366229	0.722364	-0.586573
55147	8.269950	-1.290002	-3.373234	0.296191	-0.170203	0.096396	0.564229	0.330650	0.756516	0.741517	-0.605864	-0.288238	0.363039	0.723602	-0.587029
55148	8.626587	-0.963943	-3.218359	0.236335	-0.362958	0.101168	0.566329	0.332660	0.754061	0.741788	-0.604480	-0.290440	0.359197	0.723838	-0.589098
55149	8.799537	-0.830699	-3.508709	0.088763	-0.475737	0.137748	0.569087	0.335253	0.750830	0.741291	-0.604330	-0.292017	0.355849	0.722766	-0.592436
55150	8.954093	-1.232724	-4.225484	-0.006838	-0.466166	0.193540	0.572212	0.337444	0.747466	0.740150	-0.605021	-0.293474	0.353202	0.721166	-0.595959
55151	9.026702	-1.507423	-4.292915	0.140196	-0.352750	0.241060	0.575228	0.338489	0.744673	0.739208	-0.604923	-0.296041	0.350263	0.720759	-0.598182
55152	8.726436	-1.391884	-3.520731	0.213238	-0.293565	0.284145	0.578389	0.338883	0.742041	0.738300	-0.604339	-0.299478	0.346957	0.721063	-0.599741
55153	8.403673	-1.356814	-2.964285	0.128774	-0.404538	0.309552	0.582094	0.339878	0.738681	0.736900	-0.604522	-0.302542	0.343721	0.720442	-0.602345
55154	8.403972	-1.415919	-2.732090	0.148917	-0.640408	0.361481	0.586979	0.342297	0.733682	0.735283	-0.604675	-0.306150	0.338844	0.719167	-0.606616
55155	8.685370	-1.382206	-2.413030	0.206536	-0.915757	0.432735	0.593275	0.346179	0.726764	0.733345	-0.604769	-0.310578	0.332008	0.717227	-0.612663
55156	9.140001	-1.382365	-2.243533	0.237958	-1.141332	0.498024	0.600700	0.351334	0.718140	0.731138	-0.604795	-0.315690	0.323415	0.714694	-0.620173
55157	9.339506	-1.616308	-2.112476	0.255284	-1.274393	0.543178	0.608699	0.357080	0.708505	0.728681	-0.604866	-0.321186	0.313862	0.711780	-0.628379
55158	9.423374	-1.899734	-1.811135	0.296434	-1.351884	0.600014	0.617273	0.363047	0.697977	0.725903	-0.604915	-0.327328	0.303381	0.708714	-0.636934
55159	9.466081	-2.350587	-1.720712	0.355457	-1.485765	0.692065	0.626615	0.369275	0.686287	0.722677	-0.604944	-0.334336	0.291703	0.705464	-0.645933
55160	9.265700	-3.012026	-1.989604	0.396113	-1.588699	0.775610	0.636774	0.375757	0.673295	0.718891	-0.605040	-0.342232	0.278774	0.701950	-0.655401
55161	9.096581	-3.706390	-2.565919	0.443850	-1.714823	0.698315	0.646515	0.383293	0.659625	0.715444	-0.604805	-0.349787	0.264873	0.698067	-0.665240
55162	8.972333	-4.353526	-3.419594	0.405220	-1.909954	0.578189	0.655591	0.393077	0.644740	0.712703	-0.604226	-0.356321	0.249507	0.693110	-0.676273
55163	8.900074	-4.862719	-4.707477	0.368856	-2.302302	0.498017	0.664568	0.405788	0.627444	0.710325	-0.603698	-0.361922	0.231923	0.686210	-0.689440
55164	9.429295	-5.024342	-6.014234	0.339693	-3.078150	0.265110	0.673268	0.425141	0.604950	0.709280	-0.602484	-0.365972	0.208883	0.675476	-0.707177
55165	10.600423	-5.196983	-6.894209	0.164287	-4.026759	-0.033154	0.680726	0.452072	0.576405	0.709903	-0.601208	-0.366861	0.180692	0.658924	-0.730185
55166	11.409861	-4.771575	-8.707814	0.159103	-4.378151	-0.179915	0.686711	0.481571	0.544535	0.711374	-0.599335	-0.367077	0.149585	0.639443	-0.754146
55167	11.295416	-4.462079	-10.475601	0.766849	-3.786412	-0.166738	0.690479	0.506376	0.516548	0.713622	-0.593598	-0.372002	0.118249	0.625479	-0.771228
55168	10.587670	-3.670512	-10.953465	1.430098	-2.570306	0.244901	0.694936	0.520940	0.495667	0.713391	-0.585948	-0.384367	0.090202	0.620715	-0.778830
55169	9.062997	-2.367394	-10.993573	1.339147	-1.440430	0.958611	0.702725	0.524218	0.481013	0.707932	-0.582477	-0.399441	0.070785	0.621221	-0.780432
55170	7.412261	-1.835984	-10.361252	0.350214	-0.798932	1.088834	0.710954	0.522803	0.470342	0.700444	-0.586008	-0.407398	0.062636	0.619089	-0.782819
55171	7.527272	-2.524067	-12.000119	-0.635945	-0.777876	1.020318	0.718295	0.521601	0.460418	0.693007	-0.594982	-0.407110	0.061591	0.611498	-0.788845
55172	7.337464	-4.205727	-13.582633	0.074825	-0.456665	1.111368	0.726253	0.517737	0.452222	0.684998	-0.600303	-0.412813	0.057741	0.609577	-0.790621
55173	6.702689	-4.343585	-11.403337	0.642962	0.322981	0.908959	0.732116	0.510174	0.451363	0.678872	-0.600973	-0.421859	0.056036	0.615267	-0.786325
55174	5.223790	-4.194594	-10.010091	0.290716	0.828795	0.723898	0.736557	0.500683	0.454752	0.673698	-0.602836	-0.427457	0.060121	0.621212	-0.781333
55175	4.396117	-4.193288	-8.144606	-0.242265	1.195195	0.729813	0.740343	0.488858	0.461422	0.668487	-0.607719	-0.428721	0.070831	0.625855	-0.776717
55176	3.604704	-4.672043	-8.050869	-0.990513	1.021454	1.015616	0.746321	0.476233	0.464982	0.660141	-0.618814	-0.425774	0.084970	0.624717	-0.776215
55177	3.144910	-5.565533	-9.985101	-0.927954	0.571773	0.947063	0.751757	0.466777	0.465812	0.652480	-0.628867	-0.422843	0.095561	0.621809	-0.777317
55178	2.425378	-4.107617	-9.735218	-0.866534	0.337672	0.786313	0.756550	0.459692	0.465097	0.645661	-0.637880	-0.419798	0.103698	0.617893	-0.779394
55179	1.371321	-2.527414	-9.188416	-1.599654	0.062372	0.506943	0.759633	0.455706	0.463993	0.640085	-0.650146	-0.409390	0.115102	0.607981	-0.785564
55180	1.538597	-2.314459	-9.558708	-0.974747	-0.136287	0.068086	0.760254	0.456073	0.462613	0.638396	-0.656349	-0.402065	0.120265	0.601002	-0.790147
55181	1.997908	-3.008007	-9.175888	1.250655	-0.201303	0.006910	0.760291	0.457249	0.461390	0.640028	-0.648683	-0.411794	0.111003	0.608386	-0.785840
55182	2.505094	-3.430901	-6.879722	2.888395	-0.011949	-0.158921	0.759308	0.458328	0.461939	0.644148	-0.630115	-0.433623	0.092333	0.626810	-0.773682
55183	3.279654	-3.567485	-4.313760	2.317517	0.039496	-0.541709	0.755774	0.461046	0.465019	0.650141	-0.613157	-0.448726	0.078247	0.641463	-0.763153
55184	4.759523	-4.009783	-3.493585	0.983700	-0.015136	-0.824264	0.750423	0.466145	0.468588	0.657061	-0.602996	-0.452401	0.071672	0.647383	-0.758787
55185	6.169207	-3.605886	-3.424603	0.115740	0.406196	-1.157569	0.742444	0.470218	0.477149	0.665775	-0.596917	-0.447699	0.074303	0.650065	-0.756237
55186	6.882928	-1.741543	-3.502257	0.067038	0.965187	-1.531174	0.731439	0.472991	0.491199	0.677087	-0.589258	-0.440828	0.080935	0.655023	-0.751262
55187	7.201095	-0.460702	-4.279475	-0.211272	1.160316	-1.480156	0.720147	0.474145	0.506533	0.687859	-0.583413	-0.431832	0.090767	0.659406	-0.746288
55188	7.036996	-0.695714	-5.921862	-0.704367	1.736055	-1.158111	0.710437	0.469404	0.524347	0.695420	-0.582607	-0.420665	0.108026	0.663498	-0.740338
55189	6.808221	-1.738148	-6.818311	-1.575791	2.478854	-1.106407	0.699676	0.459081	0.547447	0.701213	-0.588115	-0.403015	0.136945	0.665857	-0.733403
55190	6.637097	-3.139454	-7.206821	-1.953772	3.033355	-1.131436	0.687060	0.445537	0.573974	0.706023	-0.596027	-0.382471	0.171699	0.668019	-0.724065
55191	5.952270	-4.174808	-6.804979	-1.568536	3.658686	-1.076236	0.672386	0.427302	0.604410	0.710416	-0.601837	-0.364831	0.207863	0.674689	-0.708228
55192	4.892001	-4.434937	-6.139191	-1.361378	3.928131	-1.131385	0.655482	0.407459	0.635862	0.714837	-0.606353	-0.348344	0.243621	0.682871	-0.688720
55193	4.420505	-4.714782	-6.196694	-1.362239	3.781897	-1.271289	0.636483	0.388990	0.666015	0.719409	-0.610761	-0.330791	0.278101	0.689680	-0.668582
55194	4.259841	-4.879802	-6.682442	-1.187103	3.496222	-1.424048	0.615972	0.373475	0.693610	0.724830	-0.613551	-0.313331	0.308543	0.695753	-0.648637
55195	4.581683	-4.593423	-6.522960	-0.999799	3.181594	-1.573560	0.594343	0.360580	0.718845	0.730922	-0.615008	-0.295834	0.335424	0.701247	-0.629082
55196	5.527399	-4.796295	-6.940620	-1.440612	2.977334	-1.763852	0.571032	0.350544	0.742322	0.736155	-0.618846	-0.274053	0.363315	0.702957	-0.611436
55197	6.903100	-4.750715	-8.440256	-1.390278	3.240178	-1.994418	0.543990	0.339976	0.767132	0.742041	-0.621726	-0.250662	0.391727	0.705601	-0.590489
55198	7.676015	-4.474399	-9.479679	-0.444454	3.252039	-1.801716	0.517507	0.328059	0.790293	0.749809	-0.618856	-0.234103	0.412278	0.713719	-0.566244
55199	8.017671	-3.970463	-9.353643	0.295323	3.162859	-1.477884	0.493124	0.314240	0.811222	0.758461	-0.612024	-0.223974	0.426106	0.725727	-0.540142
55200	8.115185	-3.787260	-9.059170	0.905804	3.644264	-1.371883	0.466957	0.295797	0.833340	0.768949	-0.601181	-0.217484	0.436657	0.742351	-0.508179
55201	7.884629	-3.655748	-8.211368	1.669649	3.971138	-1.357125	0.438998	0.273802	0.855753	0.782376	-0.584795	-0.214249	0.441778	0.763576	-0.470940
55202	7.477458	-2.640641	-6.031445	2.046985	3.896388	-1.251975	0.411923	0.250809	0.876022	0.796748	-0.565641	-0.212701	0.442167	0.785586	-0.432832
55203	6.261968	-1.929817	-3.808779	1.239129	3.668661	-1.156919	0.386312	0.228056	0.893730	0.806854	-0.553059	-0.207634	0.446933	0.801322	-0.397661
55204	6.165690	-2.036994	-3.339489	0.410625	3.532427	-1.217290	0.360523	0.206258	0.909660	0.813254	-0.547091	-0.198266	0.456772	0.811264	-0.364979
55205	6.481669	-2.635388	-2.965784	0.244106	3.098660	-1.165524	0.336757	0.187240	0.922787	0.818350	-0.542936	-0.188479	0.465723	0.818634	-0.336065
55206	6.803270	-3.462715	-3.239833	0.032231	2.820086	-1.080684	0.314669	0.169925	0.933868	0.822022	-0.540727	-0.178593	0.474620	0.823857	-0.309832
55207	6.459433	-4.092439	-5.166512	0.154968	2.682872	-0.996756	0.293666	0.153027	0.943580	0.825700	-0.537969	-0.169732	0.481643	0.828958	-0.284337
55208	5.711051	-3.372468	-4.170797	-0.398004	2.258195	-1.138006	0.273312	0.140415	0.951622	0.826992	-0.539585	-0.157900	0.491310	0.830139	-0.263598
55209	5.821141	-3.332452	-4.286860	-0.509582	2.143091	-1.114850	0.253439	0.128585	0.958767	0.827362	-0.542371	-0.145964	0.501239	0.830241	-0.243844
55210	5.899059	-3.588075	-3.408705	-0.130519	1.740784	-1.022972	0.236231	0.119657	0.964301	0.829213	-0.542169	-0.135862	0.506558	0.831706	-0.227298
55211	6.181468	-3.339272	-1.895814	0.407358	1.455350	-0.986025	0.220723	0.112786	0.968793	0.833452	-0.537732	-0.127286	0.506595	0.835538	-0.212691
55212	6.719406	-1.777898	-0.477106	0.637101	1.244979	-0.978030	0.206293	0.107572	0.972559	0.838764	-0.531298	-0.119148	0.503902	0.840328	-0.199831
55213	6.303509	-0.347111	-0.318139	0.777445	0.950756	-0.844473	0.194467	0.103921	0.975389	0.844299	-0.523927	-0.112510	0.499341	0.845400	-0.189627
55214	5.471567	0.517494	-0.799454	0.574248	0.696865	-0.591892	0.186029	0.101093	0.977330	0.848288	-0.518437	-0.107840	0.495782	0.849119	-0.182200
55215	4.436610	0.606270	-1.465037	0.303292	0.497302	-0.261973	0.181404	0.098150	0.978498	0.850205	-0.515692	-0.105892	0.494210	0.851134	-0.176996
55216	3.486850	0.454551	-1.451645	0.274391	0.143097	0.110894	0.181680	0.096351	0.978626	0.851363	-0.513444	-0.107503	0.492112	0.852697	-0.175313
55217	2.968099	0.203471	-0.993660	0.164668	-0.381484	0.413399	0.187089	0.097413	0.977501	0.851379	-0.512481	-0.111878	0.490053	0.853155	-0.178815
55218	2.900971	-0.033997	-0.741368	-0.094004	-0.935191	0.611567	0.196907	0.102238	0.975077	0.849750	-0.513875	-0.117718	0.489033	0.851751	-0.188063
55219	4.637640	-1.426443	-0.741633	-0.659266	-1.878506	0.588133	0.211122	0.115098	0.970660	0.845289	-0.520154	-0.122175	0.490830	0.846282	-0.207107
55220	9.651250	-4.582781	-0.620981	-0.860311	-3.210844	0.360395	0.229961	0.140237	0.963043	0.840274	-0.527842	-0.123782	0.490975	0.837685	-0.239221
55221	14.122289	-6.787757	-1.391625	-0.579474	-3.665245	0.225821	0.249807	0.169448	0.953354	0.836852	-0.533077	-0.124531	0.487109	0.828925	-0.274969
55222	17.252663	-6.890316	-2.725197	0.070669	-3.471642	-0.215802	0.264784	0.199264	0.943495	0.837750	-0.532081	-0.122734	0.477560	0.822912	-0.307820
55223	19.421034	-4.730889	-1.872581	1.145833	-2.027736	-0.497430	0.270165	0.218483	0.937697	0.844423	-0.521658	-0.121745	0.462558	0.824705	-0.325426
55224	16.260096	-0.376065	-0.420047	2.338177	0.216860	-0.587836	0.264222	0.219678	0.939111	0.856585	-0.500928	-0.123825	0.443226	0.837145	-0.320529
55225	10.620769	1.936849	0.050459	1.512244	1.116325	-0.297611	0.256774	0.211596	0.943024	0.863946	-0.487611	-0.125832	0.433203	0.847032	-0.308013
55226	8.794600	1.421760	-1.596924	-0.552591	0.282243	0.003675	0.255614	0.209182	0.943877	0.861528	-0.492280	-0.124214	0.438669	0.844928	-0.306049
55227	10.014348	0.341111	-4.318665	-1.369191	-1.469387	-0.126366	0.261052	0.221940	0.939465	0.855726	-0.503603	-0.118811	0.446749	0.834941	-0.321386
55228	12.959989	-0.500153	-5.451853	-0.562967	-2.096313	0.106322	0.271356	0.238815	0.932380	0.852931	-0.508515	-0.117985	0.445953	0.827272	-0.341682
55229	14.261601	-0.508523	-4.281394	-0.099798	-1.805699	0.652894	0.284931	0.250265	0.925301	0.850638	-0.510984	-0.123734	0.441848	0.822352	-0.358480
55230	13.862456	-0.330200	-3.756207	-0.603746	-1.421270	1.017200	0.299880	0.256659	0.918803	0.844993	-0.518497	-0.130952	0.442786	0.815652	-0.372362
55231	12.185055	-0.370643	-4.907803	-1.028489	-1.209958	1.069746	0.314271	0.260694	0.912838	0.837074	-0.529680	-0.136917	0.447818	0.807142	-0.384683
55232	10.566633	-0.165534	-6.051290	-0.999088	-1.319334	0.858990	0.327403	0.266679	0.906471	0.829822	-0.539956	-0.140867	0.451888	0.798330	-0.398079
55233	9.389241	0.029144	-6.591914	-0.485033	-1.056042	0.831810	0.339053	0.270451	0.901054	0.824823	-0.546092	-0.146459	0.452449	0.792868	-0.408229
55234	7.617966	0.239200	-6.405204	-0.131604	-0.709373	0.900700	0.349708	0.271119	0.896771	0.821124	-0.549564	-0.154060	0.451065	0.790236	-0.414810
55235	5.066399	-0.153772	-5.425694	-0.331772	-0.264474	0.809725	0.357552	0.268589	0.894437	0.816708	-0.554429	-0.159991	0.452930	0.787698	-0.417595
55236	3.796758	-1.721365	-5.357884	-1.132698	-0.285629	0.478799	0.362788	0.268136	0.892462	0.809804	-0.564587	-0.159560	0.461089	0.780605	-0.421963
55237	3.307953	-2.876371	-6.260852	-0.893860	-0.682389	0.323801	0.368576	0.271491	0.889069	0.804440	-0.572446	-0.158687	0.465862	0.773691	-0.429389
55238	2.789866	-2.626027	-6.788122	-0.403382	-0.977875	0.143452	0.374319	0.278194	0.884586	0.802026	-0.575943	-0.158254	0.465446	0.768698	-0.438706
55239	3.246643	-2.122946	-7.055300	-0.939801	-1.578510	-0.039977	0.381388	0.290367	0.877628	0.797754	-0.583046	-0.153774	0.467046	0.758778	-0.454008
55240	4.938553	-3.195000	-8.243645	-1.705933	-2.153334	0.035862	0.391823	0.306303	0.867556	0.789599	-0.595951	-0.146205	0.472237	0.742308	-0.475363
55241	7.017899	-4.216314	-8.744252	-1.438055	-2.377869	0.176646	0.404505	0.322626	0.855738	0.782059	-0.607092	-0.140794	0.474088	0.726190	-0.497885
55242	8.520951	-4.564013	-7.656997	-1.040191	-2.026744	0.251493	0.416107	0.335659	0.845096	0.776092	-0.615402	-0.137703	0.473852	0.713172	-0.516575
55243	9.161123	-4.083994	-7.376997	-0.931211	-1.718214	0.167582	0.425570	0.346730	0.835864	0.770966	-0.622559	-0.134280	0.473816	0.701568	-0.532260
55244	9.065700	-2.673425	-8.073477	-0.541086	-1.325264	-0.003688	0.431846	0.355980	0.828726	0.768417	-0.626318	-0.131384	0.472276	0.693545	-0.544014
55245	8.516104	-0.906088	-7.823110	0.101603	-0.997502	0.039517	0.436882	0.362570	0.823211	0.768699	-0.625769	-0.132343	0.467156	0.690621	-0.552094
55246	7.845144	0.191450	-7.199132	0.074179	-0.806726	0.317906	0.443112	0.366123	0.818294	0.767639	-0.626413	-0.135411	0.463013	0.688157	-0.558622
55247	7.776864	-0.719975	-6.974490	-0.252319	-0.718752	0.427040	0.449745	0.368328	0.813673	0.764554	-0.629714	-0.137541	0.461721	0.683956	-0.564817
55248	8.187145	-2.009970	-6.723453	-0.143544	-0.530893	0.400056	0.455281	0.369409	0.810096	0.762075	-0.632167	-0.140021	0.460391	0.681104	-0.569331
55249	7.900063	-2.535902	-5.882182	0.354687	-0.455242	0.375902	0.460264	0.370138	0.806942	0.761981	-0.631129	-0.145124	0.455568	0.681670	-0.572524
55250	7.196613	-2.286199	-5.213376	0.497259	-0.490037	0.261286	0.464509	0.371818	0.803731	0.763016	-0.628703	-0.150130	0.449487	0.682996	-0.575741
55251	6.669271	-2.212492	-5.220327	0.178884	-0.497804	0.101863	0.467556	0.374561	0.800685	0.763335	-0.627859	-0.152033	0.445771	0.682274	-0.579474
55252	6.504708	-2.035013	-5.750140	0.007451	-0.848894	-0.030285	0.471127	0.380511	0.795771	0.763502	-0.627692	-0.151881	0.441706	0.679128	-0.586243
55253	6.731356	-1.436872	-6.157924	0.081415	-1.177474	-0.054494	0.475921	0.388811	0.788876	0.764108	-0.626928	-0.151987	0.435475	0.675120	-0.595461
55254	7.097056	-0.637169	-6.403257	0.078142	-1.365456	0.010568	0.481934	0.397912	0.780645	0.764387	-0.626443	-0.152585	0.428314	0.670250	-0.606062
55255	7.552084	-0.315766	-6.620849	-0.082622	-1.302920	0.127652	0.488492	0.405794	0.772468	0.763410	-0.627502	-0.153124	0.422589	0.664509	-0.616317
55256	7.808225	-0.508730	-6.869770	-0.273036	-1.170270	0.276470	0.495558	0.411775	0.764764	0.760891	-0.630438	-0.153599	0.418888	0.658019	-0.625735
55257	7.944046	-1.279064	-7.284621	-0.525723	-0.930906	0.271020	0.501546	0.416155	0.758463	0.757339	-0.634990	-0.152395	0.418197	0.650847	-0.633648
55258	7.565220	-2.104665	-7.713872	-0.526813	-0.560502	0.235783	0.505710	0.418266	0.754527	0.753936	-0.639388	-0.150873	0.419331	0.645163	-0.638691
55259	6.925512	-2.548712	-8.012457	-0.250373	-0.357179	0.142920	0.508319	0.419665	0.751992	0.752167	-0.641582	-0.150389	0.419352	0.642069	-0.641787
55260	6.234477	-2.319695	-7.610707	0.032806	-0.259728	0.030282	0.509669	0.421119	0.750265	0.752140	-0.641500	-0.150873	0.417759	0.641199	-0.643693
55261	6.022484	-2.122051	-7.304207	0.000067	-0.494692	0.045985	0.512112	0.424004	0.746969	0.751912	-0.641676	-0.151264	0.415175	0.639119	-0.647423
55262	6.040350	-1.909580	-7.408124	0.160678	-0.729401	0.135545	0.516175	0.427770	0.742008	0.751868	-0.641229	-0.153364	0.410193	0.637054	-0.652613
