// General information: 
//  MT Manager version: 2022.2.0 
//  XDA version: 2022.2.0 build 7381 rev 124627 built on 2023-07-19
// Device information: 
//  DeviceId: 00B4CBA7
//  ProductCode: MTW2-3A7G6
//  Firmware Version: 4.6.0
//  Hardware Version: 2.0.0
// Device settings: 
//  Filter Profile: human(46.1)
//  Option Flags: Orientation Smoother Disabled, Position/Velocity Smoother Disabled, Continuous Zero Rotation Update Disabled, AHS Disabled, ICC Disabled
// Coordinate system: ENU
PacketCounter	Acc_X	Acc_Y	Acc_Z	Gyr_X	Gyr_Y	Gyr_Z	Mat[1][1]	Mat[2][1]	Mat[3][1]	Mat[1][2]	Mat[2][2]	Mat[3][2]	Mat[1][3]	Mat[2][3]	Mat[3][3]
56163	9.629021	-0.772610	-1.524940	0.003582	0.001377	0.006939	-0.168748	0.040112	0.984843	-0.226030	0.970970	-0.078276	-0.959393	-0.235813	-0.154783
56164	9.626815	-0.797724	-1.524569	0.003921	-0.000234	0.008419	-0.168750	0.040146	0.984841	-0.226037	0.970966	-0.078311	-0.959391	-0.235826	-0.154776
56165	9.624605	-0.822985	-1.524119	0.004470	0.002903	0.009872	-0.168687	0.040220	0.984849	-0.225925	0.970989	-0.078351	-0.959428	-0.235719	-0.154706
56166	9.637173	-0.824799	-1.502825	0.004131	0.004513	0.008391	-0.168642	0.040265	0.984855	-0.225934	0.970984	-0.078386	-0.959434	-0.235731	-0.154652
56167	9.626748	-0.800484	-1.523548	0.004131	0.004513	0.008391	-0.168617	0.040324	0.984856	-0.225936	0.970979	-0.078439	-0.959438	-0.235741	-0.154613
56168	9.620660	-0.775822	-1.490085	0.004980	-0.000271	0.006539	-0.168615	0.040340	0.984856	-0.225957	0.970973	-0.078457	-0.959434	-0.235764	-0.154605
56169	9.643542	-0.754527	-1.503057	0.003608	-0.001837	0.013253	-0.168655	0.040402	0.984847	-0.226024	0.970950	-0.078539	-0.959411	-0.235845	-0.154624
56170	9.620477	-0.777807	-1.490229	0.000166	-0.000048	0.006296	-0.168650	0.040416	0.984847	-0.225999	0.970956	-0.078547	-0.959417	-0.235821	-0.154617
56171	9.605677	-0.801973	-1.510754	0.006928	0.001217	0.007591	-0.168659	0.040440	0.984845	-0.226096	0.970930	-0.078588	-0.959393	-0.235924	-0.154613
56172	9.636852	-0.829912	-1.502065	0.009386	-0.000468	0.005310	-0.168655	0.040443	0.984845	-0.226160	0.970914	-0.078601	-0.959378	-0.235989	-0.154603
56173	9.590833	-0.826871	-1.531145	0.012802	0.000955	0.005953	-0.168634	0.040447	0.984849	-0.226281	0.970884	-0.078619	-0.959354	-0.236110	-0.154572
56174	9.613794	-0.853698	-1.488817	0.023490	0.000468	0.004558	-0.168620	0.040445	0.984851	-0.226482	0.970835	-0.078646	-0.959309	-0.236312	-0.154542
56175	9.595114	-0.780041	-1.531227	0.024786	0.001966	0.008963	-0.168624	0.040476	0.984849	-0.226768	0.970762	-0.078724	-0.959240	-0.236607	-0.154515
56176	9.615856	-0.783168	-1.543685	0.022288	-0.002661	0.006460	-0.168644	0.040485	0.984845	-0.226955	0.970715	-0.078768	-0.959193	-0.236799	-0.154517
56177	9.632751	-0.736244	-1.523283	0.015810	0.002405	0.005124	-0.168651	0.040516	0.984843	-0.227083	0.970681	-0.078820	-0.959161	-0.236934	-0.154506
56178	9.643151	-0.761982	-1.501802	0.004234	0.001367	0.003586	-0.168626	0.040506	0.984847	-0.227101	0.970677	-0.078808	-0.959161	-0.236949	-0.154482
56179	9.628360	-0.785914	-1.522314	-0.006117	0.000247	0.006462	-0.168638	0.040553	0.984844	-0.226957	0.970709	-0.078833	-0.959193	-0.236811	-0.154494
56180	9.628286	-0.786491	-1.522483	-0.001444	-0.003144	0.006726	-0.168663	0.040563	0.984839	-0.226915	0.970718	-0.078843	-0.959199	-0.236773	-0.154520
56181	9.603041	-0.833766	-1.509313	0.002114	0.001443	0.007348	-0.168662	0.040613	0.984837	-0.226872	0.970725	-0.078885	-0.959209	-0.236737	-0.154510
56182	9.625986	-0.812210	-1.522157	0.004980	-0.000271	0.006539	-0.168659	0.040628	0.984837	-0.226893	0.970718	-0.078903	-0.959205	-0.236760	-0.154502
56183	9.653316	-0.790360	-1.480419	0.010007	0.004249	0.006751	-0.168615	0.040670	0.984843	-0.226926	0.970708	-0.078939	-0.959205	-0.236797	-0.154447
56184	9.619891	-0.788364	-1.488465	0.005797	-0.000327	0.009483	-0.168620	0.040714	0.984840	-0.226950	0.970698	-0.078987	-0.959198	-0.236828	-0.154439
56185	9.619826	-0.789167	-1.488459	0.000166	-0.000045	0.006296	-0.168656	0.040733	0.984833	-0.226986	0.970687	-0.079020	-0.959183	-0.236870	-0.154466
56186	9.601167	-0.763381	-1.476171	0.006040	-0.000310	0.004658	-0.168649	0.040730	0.984834	-0.227020	0.970679	-0.079021	-0.959176	-0.236903	-0.154458
56187	9.619695	-0.790487	-1.488604	-0.003565	-0.003065	0.010489	-0.168670	0.040774	0.984829	-0.226944	0.970694	-0.079057	-0.959191	-0.236835	-0.154473
56188	9.632181	-0.792069	-1.467945	-0.003251	-0.001466	0.005654	-0.168677	0.040778	0.984828	-0.226887	0.970707	-0.079053	-0.959203	-0.236779	-0.154484
56189	9.658957	-0.820112	-1.513828	-0.001711	0.000050	0.005234	-0.168676	0.040785	0.984827	-0.226850	0.970716	-0.079054	-0.959212	-0.236743	-0.154484
56190	9.646323	-0.819855	-1.534732	0.003512	-0.000206	0.006949	-0.168674	0.040805	0.984827	-0.226856	0.970713	-0.079074	-0.959211	-0.236752	-0.154477
56191	9.623241	-0.842887	-1.521856	0.008254	-0.002016	0.007203	-0.168699	0.040850	0.984821	-0.226848	0.970711	-0.079123	-0.959208	-0.236753	-0.154492
56192	9.627533	-0.795073	-1.522788	0.009579	-0.005248	0.006815	-0.168745	0.040856	0.984813	-0.226912	0.970693	-0.079151	-0.959185	-0.236823	-0.154529
56193	9.604429	-0.818111	-1.510042	0.012731	-0.000635	0.005963	-0.168759	0.040863	0.984810	-0.227045	0.970660	-0.079183	-0.959151	-0.236959	-0.154530
56194	9.619140	-0.795636	-1.489451	0.001801	-0.000155	0.012183	-0.168769	0.040934	0.984805	-0.227026	0.970659	-0.079252	-0.959154	-0.236952	-0.154524
56195	9.585659	-0.793545	-1.497899	-0.000386	-0.003181	0.004846	-0.168778	0.040927	0.984804	-0.226977	0.970671	-0.079240	-0.959164	-0.236902	-0.154539
56196	9.587789	-0.769766	-1.498465	0.000095	-0.001627	0.006307	-0.168788	0.040937	0.984802	-0.226951	0.970677	-0.079248	-0.959168	-0.236878	-0.154548
56197	9.585487	-0.794727	-1.498375	-0.007319	-0.002874	0.008365	-0.168833	0.040967	0.984793	-0.226878	0.970691	-0.079276	-0.959178	-0.236812	-0.154591
56198	9.606176	-0.797364	-1.511405	-0.012614	-0.004199	0.006661	-0.168869	0.040974	0.984786	-0.226730	0.970727	-0.079269	-0.959206	-0.236666	-0.154635
56199	9.618625	-0.798808	-1.491078	-0.008931	-0.005972	0.008796	-0.168908	0.041016	0.984778	-0.226531	0.970772	-0.079287	-0.959246	-0.236475	-0.154680
56200	9.637079	-0.825816	-1.503856	-0.007728	-0.002847	0.006894	-0.168932	0.041029	0.984773	-0.226429	0.970795	-0.079289	-0.959267	-0.236375	-0.154708
56201	9.645215	-0.827594	-1.537541	0.000167	-0.000046	0.006296	-0.168954	0.041042	0.984769	-0.226463	0.970785	-0.079313	-0.959254	-0.236414	-0.154724
56202	9.639166	-0.802611	-1.504430	0.001154	-0.001667	0.004425	-0.168961	0.041034	0.984768	-0.226450	0.970789	-0.079304	-0.959256	-0.236400	-0.154733
56203	9.607909	-0.776025	-1.513268	0.002309	-0.003334	0.008851	-0.168998	0.041077	0.984760	-0.226417	0.970793	-0.079351	-0.959257	-0.236377	-0.154761
56204	9.653770	-0.780687	-1.484397	-0.003974	-0.003037	0.009018	-0.169028	0.041110	0.984754	-0.226348	0.970807	-0.079379	-0.959269	-0.236314	-0.154788
56205	9.641063	-0.780485	-1.505700	-0.006332	-0.004496	0.006495	-0.169088	0.041121	0.984743	-0.226287	0.970820	-0.079395	-0.959272	-0.236259	-0.154849
56206	9.651286	-0.806333	-1.485032	-0.002650	-0.006270	0.008629	-0.169148	0.041143	0.984732	-0.226231	0.970830	-0.079422	-0.959275	-0.236211	-0.154906
56207	9.628120	-0.829360	-1.472563	-0.002505	-0.003105	0.008608	-0.169213	0.041204	0.984718	-0.226144	0.970846	-0.079484	-0.959284	-0.236138	-0.154961
56208	9.650396	-0.858181	-1.572946	0.002863	-0.000200	0.010301	-0.169218	0.041256	0.984715	-0.226138	0.970843	-0.079536	-0.959285	-0.236140	-0.154955
56209	9.621324	-0.855887	-1.526711	0.011745	0.000977	0.007832	-0.169210	0.041313	0.984714	-0.226152	0.970835	-0.079592	-0.959283	-0.236163	-0.154932
56210	9.598299	-0.830939	-1.568701	0.020241	-0.001029	0.010208	-0.169223	0.041362	0.984709	-0.226313	0.970791	-0.079670	-0.959242	-0.236335	-0.154919
56211	9.623485	-0.785708	-1.581841	0.020313	0.000553	0.010197	-0.169213	0.041433	0.984708	-0.226413	0.970761	-0.079753	-0.959221	-0.236446	-0.154885
56212	9.615204	-0.785712	-1.548189	0.019832	-0.001002	0.008737	-0.169223	0.041468	0.984705	-0.226572	0.970719	-0.079816	-0.959181	-0.236613	-0.154872
56213	9.594324	-0.784761	-1.535512	0.019832	-0.001003	0.008737	-0.169213	0.041533	0.984704	-0.226608	0.970705	-0.079883	-0.959175	-0.236659	-0.154844
56214	9.621677	-0.763228	-1.494020	0.010204	-0.000538	0.008252	-0.169217	0.041565	0.984702	-0.226676	0.970685	-0.079926	-0.959158	-0.236733	-0.154835
56215	9.598547	-0.786266	-1.481189	0.003367	-0.003373	0.006971	-0.169245	0.041586	0.984696	-0.226659	0.970687	-0.079951	-0.959157	-0.236721	-0.154858
56216	9.598469	-0.787076	-1.481263	0.001059	0.001482	0.009228	-0.169232	0.041632	0.984697	-0.226637	0.970689	-0.079990	-0.959164	-0.236705	-0.154836
56217	9.621319	-0.814118	-1.439127	-0.003083	-0.001505	0.011952	-0.169260	0.041669	0.984690	-0.226674	0.970676	-0.080039	-0.959151	-0.236751	-0.154852
56218	9.644282	-0.792897	-1.452116	-0.006691	0.001852	0.009806	-0.169245	0.041721	0.984691	-0.226577	0.970696	-0.080071	-0.959176	-0.236660	-0.154832
56219	9.637546	-0.818429	-1.506290	-0.008379	-0.002826	0.010249	-0.169256	0.041785	0.984686	-0.226379	0.970740	-0.080105	-0.959221	-0.236470	-0.154845
56220	9.624839	-0.818407	-1.527449	-0.006838	-0.001313	0.009828	-0.169271	0.041830	0.984681	-0.226280	0.970760	-0.080137	-0.959242	-0.236379	-0.154857
56221	9.624742	-0.819223	-1.527623	-0.002433	-0.001519	0.008599	-0.169247	0.041874	0.984684	-0.226125	0.970795	-0.080150	-0.959282	-0.236227	-0.154835
56222	9.601580	-0.842344	-1.514823	-0.000147	-0.001645	0.011132	-0.169268	0.041931	0.984678	-0.226089	0.970799	-0.080205	-0.959287	-0.236201	-0.154845
56223	9.611919	-0.820457	-1.548830	0.006544	-0.001977	0.012436	-0.169305	0.041993	0.984669	-0.226159	0.970776	-0.080286	-0.959264	-0.236284	-0.154860
56224	9.639226	-0.799141	-1.507675	0.004519	-0.005044	0.011397	-0.169359	0.042044	0.984657	-0.226167	0.970769	-0.080351	-0.959253	-0.236305	-0.154900
56225	9.595270	-0.820153	-1.482235	0.002119	0.001439	0.007347	-0.169351	0.042072	0.984657	-0.226181	0.970763	-0.080379	-0.959251	-0.236323	-0.154884
56226	9.595171	-0.821036	-1.482384	0.002642	-0.004947	0.010335	-0.169403	0.042113	0.984647	-0.226172	0.970761	-0.080431	-0.959244	-0.236325	-0.154925
56227	9.613537	-0.848501	-1.495034	0.002716	-0.003365	0.010324	-0.169507	0.042168	0.984626	-0.226269	0.970731	-0.080526	-0.959203	-0.236440	-0.155005
56228	9.621594	-0.850766	-1.528846	0.005652	-0.003504	0.009504	-0.169543	0.042204	0.984619	-0.226291	0.970721	-0.080574	-0.959191	-0.236471	-0.155028
56229	9.660813	-0.880248	-1.553718	0.008476	0.002716	0.007167	-0.169505	0.042239	0.984624	-0.226317	0.970713	-0.080603	-0.959192	-0.236499	-0.154981
56230	9.667623	-0.808413	-1.554425	0.017453	0.002254	0.011004	-0.169488	0.042304	0.984624	-0.226449	0.970675	-0.080684	-0.959163	-0.236642	-0.154938
56231	9.634171	-0.806738	-1.562420	0.015911	0.000741	0.011425	-0.169519	0.042376	0.984616	-0.226608	0.970630	-0.080789	-0.959120	-0.236817	-0.154937
56232	9.648964	-0.784619	-1.541773	0.009554	-0.000535	0.011605	-0.169530	0.042441	0.984611	-0.226664	0.970610	-0.080864	-0.959105	-0.236885	-0.154928
56233	9.642984	-0.760195	-1.508528	0.002938	0.001383	0.010290	-0.169504	0.042528	0.984611	-0.226537	0.970635	-0.080924	-0.959140	-0.236768	-0.154892
56234	9.604959	-0.806893	-1.515849	0.001953	0.003007	0.012160	-0.169483	0.042606	0.984612	-0.226519	0.970633	-0.080993	-0.959148	-0.236760	-0.154855
56235	9.615231	-0.833098	-1.494200	0.005614	0.004436	0.007975	-0.169448	0.042652	0.984616	-0.226551	0.970623	-0.081034	-0.959147	-0.236796	-0.154807
56236	9.636001	-0.836179	-1.506421	0.005949	0.002825	0.009458	-0.169422	0.042703	0.984618	-0.226576	0.970613	-0.081082	-0.959145	-0.236827	-0.154768
56237	9.615179	-0.834994	-1.493474	0.010353	0.002615	0.008229	-0.169390	0.042757	0.984621	-0.226593	0.970605	-0.081131	-0.959147	-0.236851	-0.154723
56238	9.581753	-0.832959	-1.501487	0.013624	0.000863	0.008893	-0.169383	0.042798	0.984621	-0.226693	0.970577	-0.081186	-0.959125	-0.236958	-0.154697
56239	9.607104	-0.787725	-1.514501	0.014591	0.003970	0.011813	-0.169374	0.042893	0.984618	-0.226790	0.970545	-0.081292	-0.959103	-0.237071	-0.154658
56240	9.633717	-0.816918	-1.559930	0.002696	0.001369	0.015115	-0.169376	0.042996	0.984613	-0.226774	0.970541	-0.081391	-0.959107	-0.237071	-0.154636
56241	9.628768	-0.915080	-1.503844	0.009628	0.001044	0.011595	-0.169393	0.043030	0.984609	-0.226982	0.970486	-0.081463	-0.959054	-0.237287	-0.154627
56242	9.625275	-0.818326	-1.526503	0.024677	-0.009213	0.010515	-0.169486	0.043063	0.984591	-0.227184	0.970431	-0.081551	-0.958990	-0.237505	-0.154691
56243	9.636491	-0.746392	-1.473331	0.020874	0.003656	0.011644	-0.169457	0.043138	0.984593	-0.227350	0.970385	-0.081645	-0.958956	-0.237682	-0.154630
56244	9.582293	-0.742511	-1.468512	0.006843	0.004351	0.012388	-0.169423	0.043222	0.984595	-0.227378	0.970371	-0.081723	-0.958955	-0.237721	-0.154576
56245	9.572957	-0.840870	-1.466637	0.002938	0.001385	0.010290	-0.169423	0.043283	0.984592	-0.227380	0.970366	-0.081784	-0.958955	-0.237733	-0.154561
56246	9.637578	-0.824226	-1.504703	0.007751	0.001143	0.010532	-0.169416	0.043341	0.984591	-0.227420	0.970351	-0.081846	-0.958946	-0.237782	-0.154537
56247	9.622582	-0.848764	-1.525103	0.012080	-0.000653	0.009316	-0.169427	0.043376	0.984588	-0.227536	0.970319	-0.081902	-0.958917	-0.237905	-0.154529
56248	9.609886	-0.849184	-1.545956	0.016243	-0.000881	0.012912	-0.169445	0.043452	0.984581	-0.227653	0.970283	-0.082000	-0.958886	-0.238038	-0.154518
56249	9.634974	-0.852321	-1.503947	0.017454	0.002239	0.011005	-0.169397	0.043532	0.984586	-0.227689	0.970269	-0.082072	-0.958886	-0.238082	-0.154449
56250	9.612091	-0.827557	-1.545717	0.015653	0.003921	0.009930	-0.169362	0.043590	0.984589	-0.227806	0.970236	-0.082140	-0.958864	-0.238207	-0.154391
56251	9.634861	-0.854853	-1.503230	0.014366	-0.000783	0.011851	-0.169400	0.043628	0.984581	-0.228042	0.970173	-0.082225	-0.958802	-0.238454	-0.154398
56252	9.603737	-0.828737	-1.511803	0.018437	0.000611	0.009137	-0.169395	0.043671	0.984580	-0.228187	0.970134	-0.082289	-0.958768	-0.238608	-0.154371
56253	9.606025	-0.805604	-1.511935	0.017045	0.002265	0.009533	-0.169401	0.043714	0.984577	-0.228395	0.970078	-0.082367	-0.958718	-0.238825	-0.154348
56254	9.590718	-0.878305	-1.476959	0.015425	-0.000828	0.009970	-0.169412	0.043762	0.984573	-0.228509	0.970045	-0.082435	-0.958688	-0.238950	-0.154337
56255	9.601199	-0.856628	-1.510604	0.018998	0.003746	0.010582	-0.169455	0.043819	0.984563	-0.228817	0.969963	-0.082551	-0.958607	-0.239274	-0.154339
56256	9.657681	-0.838748	-1.514907	0.014759	0.002391	0.006999	-0.169428	0.043845	0.984567	-0.228931	0.969933	-0.082589	-0.958585	-0.239391	-0.154297
56257	9.636881	-0.837426	-1.501875	0.011899	0.004118	0.007804	-0.169382	0.043887	0.984573	-0.229003	0.969912	-0.082631	-0.958576	-0.239466	-0.154236
56258	9.624279	-0.837498	-1.522377	0.001137	0.003072	0.009213	-0.169354	0.043937	0.984575	-0.228982	0.969914	-0.082669	-0.958585	-0.239451	-0.154198
56259	9.596741	-0.860939	-1.563372	-0.000663	0.004754	0.008136	-0.169306	0.043997	0.984581	-0.228896	0.969931	-0.082703	-0.958615	-0.239369	-0.154144
56260	9.609350	-0.862606	-1.541855	0.004303	0.007672	0.008352	-0.169232	0.044049	0.984591	-0.228907	0.969926	-0.082738	-0.958625	-0.239382	-0.154059
56261	9.616090	-0.838824	-1.487247	0.009780	0.004207	0.011568	-0.169194	0.044136	0.984594	-0.228928	0.969914	-0.082818	-0.958627	-0.239413	-0.154000
56262	9.641599	-0.793563	-1.500175	0.001290	0.006236	0.009184	-0.169136	0.044193	0.984601	-0.228909	0.969915	-0.082856	-0.958642	-0.239398	-0.153931
56263	9.618424	-0.816676	-1.486683	-0.000982	0.003163	0.012975	-0.169138	0.044293	0.984597	-0.228867	0.969917	-0.082948	-0.958651	-0.239371	-0.153913
56264	9.628592	-0.843001	-1.464950	0.007904	0.004306	0.010506	-0.169101	0.044358	0.984600	-0.228909	0.969902	-0.083010	-0.958648	-0.239421	-0.153858
56265	9.653691	-0.845790	-1.422872	0.013545	-0.000734	0.008912	-0.169152	0.044376	0.984590	-0.229151	0.969839	-0.083079	-0.958581	-0.239673	-0.153882
56266	9.632792	-0.844857	-1.410223	0.018116	-0.000992	0.013982	-0.169174	0.044462	0.984583	-0.229285	0.969798	-0.083191	-0.958545	-0.239823	-0.153870
56267	9.616638	-0.795466	-1.398469	0.015830	-0.000864	0.011447	-0.169161	0.044531	0.984582	-0.229338	0.969779	-0.083264	-0.958535	-0.239887	-0.153836
56268	9.585519	-0.769454	-1.407358	0.003931	-0.003438	0.014749	-0.169208	0.044619	0.984570	-0.229335	0.969771	-0.083361	-0.958527	-0.239902	-0.153860
56269	9.555417	-0.817690	-1.448724	0.000022	-0.006400	0.012653	-0.169249	0.044677	0.984560	-0.229260	0.969784	-0.083417	-0.958538	-0.239839	-0.153892
56270	9.565405	-0.843994	-1.428061	-0.004868	-0.007733	0.012424	-0.169332	0.044732	0.984543	-0.229176	0.969799	-0.083478	-0.958543	-0.239769	-0.153966
56271	9.575367	-0.870164	-1.407633	-0.002496	-0.011018	0.010162	-0.169385	0.044754	0.984533	-0.229043	0.969829	-0.083491	-0.958566	-0.239643	-0.154024
56272	9.549970	-0.869509	-1.450353	0.004349	-0.008205	0.011440	-0.169471	0.044798	0.984517	-0.229049	0.969822	-0.083557	-0.958549	-0.239663	-0.154095
56273	9.596096	-0.826650	-1.477293	0.004272	-0.009788	0.011454	-0.169527	0.044857	0.984504	-0.228928	0.969846	-0.083610	-0.958568	-0.239555	-0.154146
56274	9.585643	-0.802668	-1.499705	0.004116	-0.012952	0.011484	-0.169658	0.044891	0.984480	-0.228932	0.969839	-0.083676	-0.958544	-0.239575	-0.154264
56275	9.616315	-0.831226	-1.492256	-0.002243	-0.014210	0.011665	-0.169832	0.044889	0.984450	-0.229042	0.969808	-0.083734	-0.958487	-0.239702	-0.154423
56276	9.638798	-0.858177	-1.451417	-0.016682	-0.013457	0.010937	-0.169967	0.044915	0.984426	-0.228848	0.969852	-0.083762	-0.958509	-0.239520	-0.154564
56277	9.777177	-0.868309	-1.222242	-0.067129	0.006594	0.013998	-0.169946	0.044987	0.984426	-0.228327	0.969976	-0.083744	-0.958637	-0.239003	-0.154571
56278	9.777947	-0.991048	-1.197077	-0.137536	0.056202	0.019607	-0.169432	0.045264	0.984502	-0.226959	0.970304	-0.083671	-0.959053	-0.237618	-0.154127
56279	9.882913	-0.923274	-0.934613	-0.289694	0.157581	0.018186	-0.167927	0.045755	0.984737	-0.224154	0.970984	-0.083341	-0.959977	-0.234728	-0.152799
56280	9.477548	-0.363126	-0.646089	-0.408106	0.271239	0.021819	-0.165351	0.046550	0.985136	-0.220181	0.971932	-0.082883	-0.961343	-0.230613	-0.150460
56281	8.787369	-0.639524	-0.965762	-0.528092	0.249851	0.039026	-0.163028	0.047477	0.985478	-0.214978	0.973133	-0.082446	-0.962916	-0.225297	-0.148442
56282	8.757187	-0.880247	-1.202847	-0.498394	0.141816	0.034383	-0.161716	0.048080	0.985665	-0.210103	0.974235	-0.081994	-0.964212	-0.220351	-0.147447
56283	9.215155	-1.095036	-0.969111	-0.490607	0.100191	0.012688	-0.160737	0.048386	0.985810	-0.205275	0.975318	-0.081341	-0.965415	-0.215437	-0.146837
56284	9.495333	-1.166775	-1.106038	-0.508636	0.115160	0.002111	-0.159611	0.048604	0.985983	-0.200342	0.976408	-0.080563	-0.966637	-0.210392	-0.146108
56285	9.353205	-0.876143	-1.195282	-0.453414	0.091482	0.005593	-0.158690	0.048784	0.986122	-0.195953	0.977354	-0.079883	-0.967688	-0.205910	-0.145537
56286	9.458503	-0.587458	-1.203131	-0.480376	0.058955	0.017058	-0.158134	0.049023	0.986200	-0.191258	0.978331	-0.079299	-0.968718	-0.201158	-0.145332
56287	9.479602	-0.262785	-1.357849	-0.491650	0.024184	0.022515	-0.157944	0.049228	0.986220	-0.186536	0.979286	-0.078756	-0.969669	-0.196405	-0.145489
56288	9.562222	-0.022495	-1.300347	-0.512451	0.002712	0.019762	-0.157936	0.049379	0.986214	-0.181516	0.980278	-0.078151	-0.970622	-0.191357	-0.145858
56289	9.574157	-0.280871	-1.532881	-0.570808	-0.037826	0.021917	-0.158346	0.049496	0.986142	-0.175902	0.981352	-0.077500	-0.971589	-0.185736	-0.146687
56290	9.698804	-0.654379	-1.565871	-0.548952	-0.066123	0.019844	-0.159006	0.049521	0.986035	-0.170518	0.982354	-0.076834	-0.972441	-0.180353	-0.147756
56291	9.763901	-0.947599	-1.618162	-0.458516	-0.076561	0.010579	-0.159765	0.049471	0.985915	-0.165955	0.983183	-0.076227	-0.973105	-0.175796	-0.148868
56292	9.889543	-1.057952	-1.545990	-0.299077	-0.077657	0.014308	-0.160528	0.049428	0.985793	-0.163005	0.983704	-0.075867	-0.973478	-0.172868	-0.149855
56293	9.860368	-0.914978	-1.382333	-0.160287	-0.095425	0.026149	-0.161472	0.049489	0.985636	-0.161327	0.983983	-0.075836	-0.973602	-0.171255	-0.150902
56294	9.790875	-0.676181	-1.156126	-0.071350	-0.131572	0.038237	-0.162798	0.049592	0.985412	-0.160554	0.984093	-0.076051	-0.973509	-0.170593	-0.152246
56295	9.780271	-0.441089	-1.024034	-0.046918	-0.155597	0.055895	-0.164413	0.049833	0.985132	-0.160031	0.984144	-0.076492	-0.973323	-0.170228	-0.153831
56296	9.734902	-0.423674	-0.925821	-0.049900	-0.170373	0.070407	-0.166167	0.050188	0.984820	-0.159412	0.984200	-0.077054	-0.973127	-0.169796	-0.155541
56297	9.677196	-0.405137	-0.850018	-0.047732	-0.191610	0.081641	-0.168105	0.050648	0.984467	-0.158648	0.984271	-0.077728	-0.972919	-0.169251	-0.157426
56298	9.660357	-0.442513	-0.749860	-0.032098	-0.216558	0.090544	-0.170339	0.051125	0.984058	-0.158166	0.984286	-0.078515	-0.972609	-0.169019	-0.159576
56299	9.728618	-0.650835	-0.866880	-0.004876	-0.240544	0.100981	-0.172866	0.051668	0.983589	-0.158001	0.984236	-0.079471	-0.972190	-0.169146	-0.161977
56300	9.664473	-0.676332	-0.941776	0.063069	-0.261350	0.103222	-0.175553	0.052193	0.983085	-0.158418	0.984082	-0.080535	-0.971640	-0.169876	-0.164491
56301	9.707847	-0.785821	-1.065798	0.118244	-0.292824	0.106976	-0.178564	0.052702	0.982516	-0.159382	0.983827	-0.081738	-0.970934	-0.171191	-0.167277
56302	9.783113	-0.880720	-1.094888	0.201608	-0.311520	0.112709	-0.181752	0.053225	0.981903	-0.161120	0.983427	-0.083132	-0.970055	-0.173313	-0.170164
56303	9.634306	-0.882848	-1.033388	0.288042	-0.335301	0.118858	-0.185121	0.053782	0.981243	-0.163534	0.982893	-0.084725	-0.969013	-0.176151	-0.173159
56304	9.522960	-0.721518	-0.891239	0.344162	-0.375573	0.133019	-0.188961	0.054373	0.980478	-0.166603	0.982216	-0.086578	-0.967749	-0.179710	-0.176542
56305	9.541058	-0.625687	-0.725243	0.369103	-0.417694	0.149778	-0.193259	0.055028	0.979603	-0.169947	0.981457	-0.088660	-0.966317	-0.183615	-0.180324
56306	9.561785	-0.559679	-0.421780	0.363505	-0.439031	0.161900	-0.197759	0.055754	0.978664	-0.173126	0.980700	-0.090853	-0.964841	-0.187399	-0.184290
56307	9.535961	-0.440324	-0.026141	0.363021	-0.473355	0.172147	-0.202595	0.056544	0.977629	-0.176137	0.979946	-0.093179	-0.963292	-0.191074	-0.188573
56308	9.476782	-0.290426	0.392668	0.334718	-0.512526	0.181004	-0.207833	0.057281	0.976486	-0.178973	0.979205	-0.095532	-0.961652	-0.194619	-0.193259
56309	9.287163	-0.244428	0.796128	0.296063	-0.579797	0.187473	-0.213713	0.057948	0.975176	-0.181362	0.978532	-0.097893	-0.959914	-0.197781	-0.198615
56310	9.155204	-0.280271	1.415574	0.264927	-0.676199	0.187859	-0.220522	0.058390	0.973633	-0.183481	0.977903	-0.100204	-0.957969	-0.200740	-0.204936
56311	9.110831	-0.539521	1.745277	0.212295	-0.784220	0.183572	-0.228361	0.058582	0.971812	-0.185054	0.977378	-0.102402	-0.955827	-0.203223	-0.212354
56312	9.215455	-0.838403	1.935314	0.201459	-0.887115	0.179615	-0.237146	0.058475	0.969713	-0.186547	0.976870	-0.104527	-0.953395	-0.205685	-0.220752
56313	9.251264	-1.175733	2.103252	0.225744	-0.991061	0.175994	-0.246891	0.058096	0.967300	-0.188278	0.976303	-0.106692	-0.950577	-0.208462	-0.230102
56314	9.228209	-1.478655	2.250310	0.256095	-1.131656	0.184063	-0.257960	0.057468	0.964445	-0.190231	0.975668	-0.109017	-0.947243	-0.211590	-0.240751
56315	9.371817	-1.579424	2.319957	0.342674	-1.276775	0.188302	-0.270354	0.056482	0.961103	-0.193081	0.974815	-0.111601	-0.943201	-0.215742	-0.252640
56316	9.682304	-1.949591	1.828948	0.372952	-1.380412	0.189513	-0.283694	0.055273	0.957320	-0.196055	0.973905	-0.114330	-0.938659	-0.220122	-0.265455
56317	10.055534	-2.138804	1.067877	0.477424	-1.465780	0.186912	-0.297787	0.053754	0.953118	-0.200084	0.972723	-0.117373	-0.933429	-0.225656	-0.278909
56318	10.382427	-2.303992	0.409579	0.564125	-1.547627	0.178844	-0.312532	0.051904	0.948488	-0.204779	0.971346	-0.120631	-0.927571	-0.231932	-0.292948
56319	10.498245	-2.216086	-0.807873	0.590375	-1.565797	0.170226	-0.327345	0.049890	0.943587	-0.209605	0.969892	-0.123996	-0.921364	-0.238370	-0.307032
56320	10.719630	-2.276923	-1.841757	0.619833	-1.589225	0.135835	-0.342205	0.047318	0.938433	-0.214834	0.968336	-0.127166	-0.914736	-0.245124	-0.321204
56321	11.208184	-2.449533	-2.012522	0.545209	-1.572104	0.094801	-0.356743	0.044245	0.933154	-0.219609	0.966915	-0.129801	-0.908023	-0.251234	-0.335223
56322	11.710782	-2.072842	-2.037822	0.653009	-1.605890	0.083932	-0.371434	0.040918	0.927557	-0.225204	0.965224	-0.132761	-0.900733	-0.258202	-0.349302
56323	12.302381	-0.923737	-0.904967	0.661347	-1.629029	0.101624	-0.386251	0.037530	0.921630	-0.230887	0.963430	-0.135996	-0.893029	-0.265320	-0.363461
56324	12.357116	-0.899024	-2.832726	0.411854	-1.620462	0.160255	-0.401017	0.034690	0.915414	-0.233916	0.962278	-0.138938	-0.885703	-0.269846	-0.377775
56325	11.666560	-1.284048	-4.070924	0.288802	-1.607281	0.163979	-0.415565	0.031854	0.909006	-0.235842	0.961433	-0.141510	-0.878456	-0.273188	-0.392025
56326	11.095522	-1.617263	-4.633046	0.351915	-1.585593	0.111861	-0.429680	0.028520	0.902531	-0.238447	0.960440	-0.143871	-0.870929	-0.277024	-0.405881
56327	10.831571	-1.761586	-4.745104	0.477259	-1.494696	0.031561	-0.442717	0.024573	0.896324	-0.242536	0.959080	-0.146088	-0.863237	-0.282067	-0.418641
56328	10.466560	-1.807670	-4.786866	0.549878	-1.387111	-0.054108	-0.454487	0.020057	0.890528	-0.247506	0.957534	-0.147883	-0.855677	-0.287622	-0.430222
56329	10.332687	-2.430122	-5.897493	0.553893	-1.258388	-0.184516	-0.464741	0.014497	0.885328	-0.253257	0.955918	-0.148597	-0.848455	-0.293275	-0.440583
56330	10.561335	-2.605247	-5.744891	0.734432	-1.010291	-0.285778	-0.472525	0.008723	0.881274	-0.260806	0.953780	-0.149281	-0.841844	-0.300380	-0.448410
56331	10.413764	-2.871599	-5.357356	0.856787	-0.652853	-0.370488	-0.477054	0.003080	0.878868	-0.269931	0.951147	-0.149853	-0.836395	-0.308722	-0.452917
56332	9.983437	-3.083993	-5.651966	1.011483	-0.336463	-0.442715	-0.478622	-0.002224	0.878018	-0.280487	0.947986	-0.150497	-0.832014	-0.318304	-0.454351
56333	9.590997	-2.998984	-4.370321	1.209677	-0.016600	-0.520490	-0.477256	-0.007354	0.878733	-0.293209	0.943993	-0.151347	-0.828405	-0.329884	-0.452683
56334	9.551922	-2.603847	-3.719500	1.252508	0.350763	-0.582676	-0.472586	-0.011709	0.881207	-0.306343	0.939739	-0.151803	-0.826328	-0.341691	-0.447694
56335	9.491158	-2.191168	-3.988373	1.257357	0.692860	-0.616644	-0.464904	-0.015206	0.885231	-0.319763	0.935247	-0.151867	-0.825600	-0.353668	-0.439662
56336	9.382194	-1.890010	-4.163856	1.221375	0.987051	-0.612892	-0.454729	-0.017421	0.890460	-0.332671	0.930766	-0.151675	-0.826167	-0.365201	-0.429041
56337	9.080670	-1.737192	-3.863551	1.128053	1.257559	-0.593999	-0.442297	-0.018481	0.896678	-0.344933	0.926394	-0.151048	-0.827886	-0.376102	-0.416116
56338	8.823158	-1.467930	-3.717516	1.009924	1.505567	-0.551377	-0.427853	-0.017887	0.903671	-0.355710	0.922455	-0.150155	-0.830911	-0.385689	-0.401038
56339	8.742359	-1.041261	-3.444368	0.820709	1.746317	-0.498193	-0.411405	-0.015825	0.911315	-0.364804	0.919129	-0.148727	-0.835263	-0.393638	-0.383908
56340	8.795693	-0.652819	-3.544961	0.571082	1.962236	-0.433711	-0.393336	-0.012071	0.919315	-0.371335	0.916814	-0.146840	-0.841069	-0.399132	-0.365099
56341	8.810947	-0.551799	-3.484114	0.249263	2.149102	-0.362080	-0.373753	-0.006906	0.927503	-0.374961	0.915745	-0.144278	-0.848359	-0.401701	-0.344851
56342	8.850349	-0.577597	-3.311540	-0.064894	2.318383	-0.294147	-0.352853	-0.000336	0.935679	-0.375473	0.916004	-0.141265	-0.857038	-0.401168	-0.323341
56343	8.968410	-0.806245	-3.238426	-0.325994	2.453512	-0.219287	-0.330734	0.007329	0.943696	-0.373521	0.917295	-0.138030	-0.866659	-0.398141	-0.300643
56344	9.194672	-1.091572	-3.009805	-0.511816	2.557692	-0.138283	-0.307898	0.016135	0.951283	-0.369495	0.919347	-0.135186	-0.876740	-0.393118	-0.277103
56345	9.463095	-1.459468	-2.763456	-0.634102	2.665661	-0.062650	-0.283992	0.025882	0.958477	-0.364092	0.921851	-0.132772	-0.887009	-0.386680	-0.252375
56346	9.495375	-1.742475	-2.425559	-0.720828	2.780778	-0.002445	-0.259149	0.036464	0.965149	-0.357659	0.924623	-0.130967	-0.897174	-0.379134	-0.226573
56347	9.333779	-2.072718	-2.159985	-0.791466	2.871616	0.050304	-0.233298	0.047610	0.971239	-0.350434	0.927571	-0.129646	-0.907065	-0.370602	-0.199716
56348	9.378617	-2.398113	-1.990047	-0.822958	2.931676	0.089094	-0.206851	0.059125	0.976584	-0.342723	0.930547	-0.128930	-0.916381	-0.361367	-0.172221
56349	9.564571	-2.401533	-1.842684	-0.771773	2.990237	0.117953	-0.179612	0.070841	0.981184	-0.335394	0.933235	-0.128775	-0.924797	-0.352213	-0.143860
56350	9.382932	-2.205035	-1.645265	-0.737402	3.041113	0.125872	-0.151764	0.082545	0.984964	-0.328323	0.935714	-0.129006	-0.932294	-0.342965	-0.114907
56351	9.217319	-1.930350	-1.606375	-0.726512	3.061184	0.104122	-0.123401	0.093843	0.987910	-0.321371	0.938091	-0.129253	-0.938879	-0.333435	-0.085603
56352	8.682601	-1.651047	-1.385423	-0.753443	3.017308	0.078737	-0.095210	0.104447	0.989963	-0.314171	0.940501	-0.129444	-0.944580	-0.323341	-0.056731
56353	8.417159	-1.941963	-1.314139	-0.845709	2.927513	0.072422	-0.067649	0.114403	0.991128	-0.306085	0.943121	-0.129753	-0.949598	-0.312147	-0.028784
56354	8.029020	-2.134655	-1.540936	-0.815602	2.800688	0.059217	-0.041152	0.123505	0.991490	-0.298270	0.945565	-0.130164	-0.953594	-0.301088	-0.002074
56355	7.762432	-2.592640	-1.552772	-0.650070	2.630454	0.055161	-0.016141	0.131792	0.991146	-0.292029	0.947432	-0.130735	-0.956273	-0.291554	0.023195
56356	7.740068	-3.150070	-1.397469	-0.463882	2.450924	0.035866	0.007234	0.139138	0.990247	-0.287564	0.948732	-0.131204	-0.957734	-0.283810	0.046875
56357	7.968680	-3.228393	-1.214907	-0.169822	2.290749	0.022007	0.029162	0.145764	0.988889	-0.285925	0.949189	-0.131481	-0.957808	-0.278914	0.069357
56358	8.152200	-3.389287	-0.780711	0.121172	2.175362	-0.001590	0.050012	0.151748	0.987153	-0.287058	0.948869	-0.131320	-0.956607	-0.276803	0.091016
56359	8.408865	-2.551047	-0.366632	0.465206	2.081219	-0.011891	0.069975	0.157383	0.985055	-0.291479	0.947607	-0.130694	-0.954014	-0.277978	0.112183
56360	8.430163	-1.941812	0.137319	0.633079	1.968012	-0.028954	0.088826	0.162562	0.982692	-0.297457	0.945900	-0.129588	-0.950594	-0.280798	0.132375
56361	8.028511	-1.060522	0.652198	0.746742	1.856647	-0.047898	0.106626	0.167336	0.980117	-0.304477	0.943877	-0.128025	-0.946533	-0.284773	0.151592
56362	7.790608	-0.534008	0.967720	0.609635	1.656139	-0.050518	0.122450	0.171555	0.977535	-0.310149	0.942233	-0.126509	-0.942769	-0.287691	0.168584
56363	7.910409	-0.603643	0.964584	0.458629	1.477281	-0.070039	0.136615	0.175134	0.975020	-0.314356	0.941041	-0.124985	-0.939424	-0.289429	0.183615
56364	7.956038	-0.404115	1.457978	0.370710	1.312177	-0.088330	0.149225	0.178063	0.972638	-0.317676	0.940139	-0.123375	-0.936383	-0.290573	0.196859
56365	7.973006	-0.173691	1.939157	0.222023	1.112695	-0.101938	0.160000	0.180314	0.970509	-0.319574	0.939687	-0.121902	-0.933955	-0.290645	0.207974
56366	8.173643	-0.190093	2.154013	0.028424	0.905498	-0.096748	0.168783	0.181985	0.968707	-0.319649	0.939797	-0.120860	-0.932382	-0.289247	0.216793
56367	8.055093	-0.257284	1.990939	-0.134017	0.676577	-0.067143	0.175348	0.183277	0.967297	-0.318262	0.940317	-0.120471	-0.931645	-0.286729	0.223213
56368	7.685707	-0.528632	1.509355	-0.256887	0.395144	-0.045057	0.179196	0.183934	0.966466	-0.315756	0.941149	-0.120570	-0.931765	-0.283562	0.226729
56369	7.496797	-1.139447	1.181118	-0.319120	0.102213	-0.040691	0.180322	0.183812	0.966280	-0.312685	0.942135	-0.120868	-0.932584	-0.280346	0.227363
56370	7.585719	-1.610693	0.976596	-0.272919	-0.150702	-0.048125	0.179089	0.182893	0.966684	-0.310019	0.943002	-0.120977	-0.933710	-0.278025	0.225581
56371	7.913062	-1.822748	0.707123	-0.172833	-0.328120	-0.055776	0.176239	0.181429	0.967483	-0.308283	0.943595	-0.120792	-0.934827	-0.276970	0.222230
56372	8.091773	-1.789736	0.345593	-0.053206	-0.448858	-0.069547	0.172279	0.179483	0.968559	-0.307632	0.943884	-0.120192	-0.935779	-0.277253	0.217826
56373	8.454187	-1.663789	0.808538	0.095869	-0.552291	-0.097212	0.167450	0.177003	0.969861	-0.308342	0.943802	-0.119011	-0.936422	-0.279121	0.212617
56374	9.269969	-0.313896	2.186354	0.034058	-0.663619	-0.138436	0.161682	0.173794	0.971419	-0.308402	0.943965	-0.117552	-0.937415	-0.280581	0.206221
56375	9.656971	0.227589	1.086514	-0.034853	-0.812872	-0.173271	0.154632	0.169847	0.973263	-0.307779	0.944372	-0.115905	-0.938808	-0.281628	0.198305
56376	10.231026	-0.245629	0.825950	0.028934	-0.946881	-0.216260	0.146425	0.165083	0.975350	-0.307695	0.944668	-0.113697	-0.940151	-0.283462	0.189118
56377	11.573915	-0.375207	3.528340	0.037011	-0.815224	-0.268873	0.139624	0.160197	0.977160	-0.307636	0.945011	-0.110969	-0.941204	-0.285116	0.181229
56378	11.834658	-1.744639	3.808839	-0.383041	-0.581139	-0.306519	0.135109	0.155603	0.978536	-0.303575	0.946597	-0.108609	-0.943179	-0.282386	0.175131
56379	11.479425	-2.487219	2.758238	-0.404637	-0.642078	-0.336524	0.130103	0.150582	0.979999	-0.299286	0.948260	-0.105972	-0.945252	-0.279513	0.168439
56380	11.182836	-1.973115	3.033826	-0.358717	-0.765051	-0.369790	0.123986	0.144897	0.981648	-0.295392	0.949820	-0.102890	-0.947297	-0.277214	0.160566
56381	10.926739	-2.053711	2.853576	-0.400829	-0.911405	-0.418887	0.116613	0.138372	0.983491	-0.291066	0.951529	-0.099364	-0.949569	-0.274674	0.151236
56382	11.232721	-1.868805	2.918738	-0.297208	-1.087845	-0.457260	0.107618	0.130992	0.985525	-0.287698	0.952973	-0.095249	-0.951655	-0.273284	0.140243
56383	10.866775	-2.418793	2.219349	-0.209487	-1.205039	-0.422790	0.097393	0.123644	0.987536	-0.285250	0.954092	-0.091324	-0.953492	-0.272801	0.128191
56384	9.706851	-2.645378	1.756955	-0.013624	-1.304092	-0.364865	0.086013	0.116549	0.989453	-0.284757	0.954581	-0.087687	-0.954733	-0.274212	0.115294
56385	8.741105	-2.295301	1.227675	0.080185	-1.350672	-0.325628	0.074082	0.109697	0.991201	-0.285246	0.954736	-0.084342	-0.955587	-0.276488	0.102019
56386	8.341107	-1.475038	0.738457	0.179092	-1.441639	-0.331680	0.061273	0.102475	0.992847	-0.286707	0.954602	-0.080834	-0.956057	-0.279703	0.087872
56387	9.067228	-0.457987	-0.609206	0.100816	-1.530575	-0.356017	0.047700	0.094754	0.994357	-0.287463	0.954677	-0.077183	-0.956603	-0.282159	0.072777
56388	9.724234	-0.579376	-1.410692	-0.096503	-1.560657	-0.380264	0.033877	0.086669	0.995661	-0.286358	0.955306	-0.073413	-0.957523	-0.282629	0.057182
56389	9.528381	-1.080975	-1.435349	-0.221639	-1.532742	-0.379166	0.020315	0.078696	0.996692	-0.284119	0.956251	-0.069712	-0.958574	-0.281763	0.041785
56390	9.179871	-1.193708	-2.210342	-0.214454	-1.477934	-0.382435	0.007247	0.070834	0.997462	-0.281986	0.957151	-0.065922	-0.959391	-0.280792	0.026910
56391	9.061168	-1.313958	-3.142223	-0.083204	-1.364168	-0.402079	-0.004673	0.063128	0.997994	-0.281171	0.957660	-0.061893	-0.959646	-0.280897	0.013275
56392	8.751862	-1.121851	-3.124632	0.072141	-1.201873	-0.461025	-0.014885	0.055283	0.998360	-0.281885	0.957739	-0.057236	-0.959333	-0.282275	0.001328
56393	8.557339	-0.957055	-2.944539	0.270597	-1.058040	-0.523115	-0.023514	0.047246	0.998607	-0.284572	0.957244	-0.051989	-0.958366	-0.285397	-0.009064
56394	8.963791	-0.414718	-3.069531	0.408646	-0.941581	-0.559735	-0.030904	0.039137	0.998756	-0.288615	0.956320	-0.046404	-0.956946	-0.289690	-0.018259
56395	9.520888	0.211758	-2.921751	0.521964	-0.858587	-0.557052	-0.037459	0.031277	0.998809	-0.293788	0.954994	-0.040923	-0.955136	-0.294971	-0.026585
56396	9.916290	0.777599	-2.468213	0.514900	-0.828774	-0.515589	-0.043817	0.023845	0.998755	-0.298889	0.953613	-0.035880	-0.953281	-0.300089	-0.034657
56397	10.260810	1.517718	-2.413574	0.341399	-0.848308	-0.455393	-0.050499	0.016917	0.998581	-0.302348	0.952679	-0.031429	-0.951859	-0.303506	-0.042994
56398	10.588188	1.748905	-2.355791	-0.022209	-0.828902	-0.405534	-0.057138	0.010492	0.998311	-0.302334	0.952811	-0.027318	-0.951488	-0.303384	-0.051269
56399	10.338183	1.198622	-2.350136	-0.388132	-0.801127	-0.366481	-0.063633	0.004551	0.997963	-0.298851	0.954013	-0.023406	-0.952176	-0.299732	-0.059347
56400	10.072955	0.348649	-2.446917	-0.595858	-0.767275	-0.348180	-0.069889	-0.001098	0.997554	-0.293386	0.955795	-0.019503	-0.953436	-0.294031	-0.067122
56401	9.818931	-0.068320	-2.651004	-0.642788	-0.706792	-0.321788	-0.075672	-0.006266	0.997113	-0.287477	0.957657	-0.015798	-0.954794	-0.287842	-0.074269
56402	9.832881	-0.374224	-2.880920	-0.589231	-0.635488	-0.322286	-0.080803	-0.011212	0.996667	-0.282079	0.959315	-0.012077	-0.955982	-0.282115	-0.080678
56403	10.083352	-0.122129	-3.087405	-0.460418	-0.559723	-0.342549	-0.085173	-0.016102	0.996236	-0.277951	0.960560	-0.008238	-0.956812	-0.277607	-0.086289
56404	10.216075	0.346206	-3.427444	-0.354080	-0.476186	-0.345241	-0.088754	-0.020780	0.995837	-0.274843	0.961479	-0.004433	-0.957384	-0.274092	-0.091046
56405	9.943836	0.553747	-3.290216	-0.276609	-0.440390	-0.346184	-0.092002	-0.025346	0.995436	-0.272497	0.962156	-0.000687	-0.957748	-0.271317	-0.095427
56406	9.786318	0.481238	-2.752855	-0.281372	-0.401532	-0.348996	-0.094880	-0.029835	0.995042	-0.270109	0.962825	0.003114	-0.958144	-0.268474	-0.099411
56407	10.004886	0.493043	-2.303538	-0.255733	-0.394423	-0.347661	-0.097705	-0.034275	0.994625	-0.267983	0.963399	0.006874	-0.958456	-0.265871	-0.103314
56408	10.547441	0.415969	-2.079084	-0.223248	-0.358552	-0.326663	-0.100248	-0.038418	0.994221	-0.266148	0.963876	0.010410	-0.958705	-0.263566	-0.106851
56409	10.809932	0.206237	-2.114383	-0.161192	-0.339783	-0.287658	-0.102724	-0.042123	0.993818	-0.264888	0.964185	0.013487	-0.958792	-0.261865	-0.110203
56410	10.603145	0.004352	-1.892611	-0.062468	-0.327402	-0.246951	-0.105188	-0.045407	0.993415	-0.264527	0.964244	0.016064	-0.958625	-0.261095	-0.113438
56411	10.219357	-0.184931	-1.792988	0.034403	-0.313395	-0.213824	-0.107607	-0.048326	0.993018	-0.265075	0.964056	0.018192	-0.958204	-0.261267	-0.116550
56412	9.920240	-0.032098	-1.554258	0.159225	-0.303092	-0.206918	-0.109939	-0.051161	0.992621	-0.266807	0.963540	0.020111	-0.957459	-0.262627	-0.119580
56413	9.920288	0.160235	-1.482029	0.251494	-0.289355	-0.198111	-0.112161	-0.053871	0.992229	-0.269428	0.962774	0.021816	-0.956467	-0.264887	-0.122500
56414	9.941715	0.326168	-1.420325	0.315258	-0.275474	-0.189879	-0.114258	-0.056478	0.991844	-0.272638	0.961833	0.023362	-0.955308	-0.267745	-0.125295
56415	9.909961	0.650089	-1.111184	0.322277	-0.250459	-0.187606	-0.116118	-0.058995	0.991482	-0.275925	0.960858	0.024857	-0.954139	-0.270688	-0.127851
56416	9.898911	0.767324	-1.055467	0.298217	-0.250691	-0.189124	-0.117962	-0.061539	0.991109	-0.278973	0.959936	0.026400	-0.953026	-0.273378	-0.130403
56417	9.961778	0.795234	-0.868014	0.245447	-0.253700	-0.179739	-0.119856	-0.064000	0.990726	-0.281517	0.959151	0.027903	-0.952041	-0.275562	-0.132977
56418	9.794238	0.586655	-0.927009	0.197487	-0.253532	-0.170082	-0.121766	-0.066378	0.990337	-0.283584	0.958497	0.029376	-0.951185	-0.277267	-0.135536
56419	9.545151	0.207067	-0.926815	0.220321	-0.291054	-0.149763	-0.124088	-0.068662	0.989893	-0.285854	0.957784	0.030601	-0.950205	-0.279168	-0.138477
56420	9.442114	-0.120391	-0.874165	0.310332	-0.327549	-0.144441	-0.126761	-0.071009	0.989388	-0.288965	0.956816	0.031649	-0.948910	-0.281886	-0.141806
56421	9.334235	-0.171720	-0.697089	0.429498	-0.353191	-0.142752	-0.129674	-0.073416	0.988835	-0.293212	0.955495	0.032489	-0.947212	-0.285725	-0.145429
56422	9.281579	-0.144258	-0.815361	0.522634	-0.367992	-0.143974	-0.132707	-0.075896	0.988245	-0.298329	0.953886	0.033196	-0.945192	-0.290417	-0.149230
56423	9.169057	0.096796	-0.662225	0.612645	-0.400389	-0.145355	-0.136029	-0.078493	0.987590	-0.304300	0.951978	0.033749	-0.942813	-0.295933	-0.153382
56424	9.231147	0.416781	-0.512317	0.649756	-0.426485	-0.143466	-0.139580	-0.081177	0.986878	-0.310599	0.949925	0.034208	-0.940237	-0.301749	-0.157804
