// General information: 
//  MT Manager version: 2022.2.0 
//  XDA version: 2022.2.0 build 7381 rev 124627 built on 2023-07-19
// Device information: 
//  DeviceId: 00B4CBA7
//  ProductCode: MTW2-3A7G6
//  Firmware Version: 4.6.0
//  Hardware Version: 2.0.0
// Device settings: 
//  Filter Profile: human(46.1)
//  Option Flags: Orientation Smoother Disabled, Position/Velocity Smoother Disabled, Continuous Zero Rotation Update Disabled, AHS Disabled, ICC Disabled
// Coordinate system: ENU
PacketCounter	Acc_X	Acc_Y	Acc_Z	Gyr_X	Gyr_Y	Gyr_Z	Mat[1][1]	Mat[2][1]	Mat[3][1]	Mat[1][2]	Mat[2][2]	Mat[3][2]	Mat[1][3]	Mat[2][3]	Mat[3][3]
16808	9.552377	-0.579084	-2.043912	0.125335	0.001126	0.033514	0.225173	-0.004444	0.974309	0.294670	-0.952849	-0.072447	0.928691	0.303413	-0.213246
16809	9.559705	-0.543003	-2.043907	0.110768	0.005465	0.031795	0.225217	-0.004874	0.974296	0.295563	-0.952524	-0.073087	0.928397	0.304426	-0.213084
16810	9.524306	-0.555529	-2.020931	0.089353	0.002492	0.031798	0.225246	-0.005156	0.974288	0.296310	-0.952256	-0.073544	0.928151	0.305257	-0.212964
16811	9.530318	-0.532101	-2.000858	0.068747	0.006865	0.031713	0.225212	-0.005322	0.974295	0.296974	-0.952026	-0.073847	0.927947	0.305972	-0.212828
16812	9.530297	-0.536359	-1.999818	0.048027	0.008401	0.033142	0.225191	-0.005635	0.974298	0.297335	-0.951884	-0.074229	0.927837	0.306408	-0.212680
16813	9.522485	-0.495244	-1.969164	0.022891	0.008980	0.037283	0.225367	-0.005990	0.974255	0.297722	-0.951724	-0.074721	0.927670	0.306897	-0.212704
16814	9.503862	-0.496503	-1.997170	-0.005512	0.010161	0.040019	0.225351	-0.006374	0.974257	0.297569	-0.951745	-0.075056	0.927723	0.306823	-0.212580
16815	9.523853	-0.489086	-1.987758	-0.038995	0.007291	0.043293	0.225158	-0.006640	0.974300	0.297043	-0.951903	-0.075133	0.927938	0.306326	-0.212356
16816	9.537686	-0.509498	-1.997696	-0.066245	0.009538	0.047651	0.225169	-0.007095	0.974294	0.296310	-0.952110	-0.075414	0.928170	0.305674	-0.212283
16817	9.516150	-0.537108	-1.985718	-0.090891	0.008095	0.051235	0.225412	-0.007546	0.974234	0.293968	-0.952837	-0.075397	0.928855	0.303389	-0.212562
16818	9.504157	-0.622175	-1.923706	-0.106139	0.009349	0.047337	0.225423	-0.007997	0.974228	0.292863	-0.953162	-0.075589	0.929202	0.302355	-0.212523
16819	9.510228	-0.683812	-1.933176	-0.097459	0.005993	0.055659	0.225513	-0.008677	0.974202	0.292227	-0.953313	-0.076137	0.929380	0.301858	-0.212449
16820	9.537714	-0.721255	-1.954236	-0.086448	0.007679	0.049259	0.225545	-0.009141	0.974190	0.291300	-0.953577	-0.076390	0.929663	0.301011	-0.212411
16821	9.565263	-0.758877	-1.974811	-0.060994	0.014531	0.052091	0.225072	-0.009278	0.974298	0.290429	-0.953860	-0.076175	0.930050	0.300109	-0.211992
16822	9.565205	-0.762813	-1.973576	-0.033486	0.018817	0.049717	0.224999	-0.009779	0.974310	0.289993	-0.953963	-0.076543	0.930204	0.299765	-0.211805
16823	9.552512	-0.796327	-2.110397	0.001160	0.024065	0.047353	0.224829	-0.010287	0.974344	0.289292	-0.954153	-0.076828	0.930463	0.299143	-0.211545
16824	9.550973	-0.788172	-2.187504	0.033175	0.031597	0.046519	0.224628	-0.010796	0.974385	0.289483	-0.954056	-0.077306	0.930452	0.299433	-0.211182
16825	9.486492	-0.753510	-2.221188	0.054348	0.027943	0.044555	0.224630	-0.011537	0.974376	0.288323	-0.954370	-0.077769	0.930812	0.298404	-0.211054
16826	9.525197	-0.724551	-2.280540	0.071752	0.025541	0.042488	0.224474	-0.011988	0.974406	0.288881	-0.954159	-0.078289	0.930677	0.299061	-0.210721
16827	9.567090	-0.695173	-2.280419	0.081442	0.021393	0.042472	0.223614	-0.011571	0.974609	0.291895	-0.953241	-0.078289	0.929943	0.301990	-0.209780
16828	9.564233	-0.701905	-2.336953	0.089591	0.032564	0.040878	0.223387	-0.012028	0.974656	0.292623	-0.952973	-0.078829	0.929769	0.302816	-0.209362
16829	9.571031	-0.679979	-2.313702	0.108396	0.036876	0.037424	0.222996	-0.012384	0.974741	0.293979	-0.952512	-0.079357	0.929435	0.304249	-0.208765
16830	9.577949	-0.658212	-2.289959	0.112503	0.042226	0.039486	0.222676	-0.012859	0.974808	0.294923	-0.952172	-0.079929	0.929213	0.305292	-0.208233
16831	9.564910	-0.647550	-2.274434	0.119940	0.048386	0.042197	0.222148	-0.013167	0.974924	0.296221	-0.951734	-0.080351	0.928926	0.306642	-0.207525
16832	9.551917	-0.662910	-2.157975	0.115418	0.056622	0.041646	0.221701	-0.013706	0.975018	0.297187	-0.951382	-0.080949	0.928724	0.307709	-0.206849
16833	9.542139	-0.650911	-2.081585	0.115588	0.059483	0.040117	0.221599	-0.014309	0.975033	0.297827	-0.951122	-0.081646	0.928544	0.308484	-0.206506
16834	9.556628	-0.700106	-1.985332	0.114370	0.055634	0.039997	0.221158	-0.014830	0.975125	0.298787	-0.950771	-0.082225	0.928340	0.309539	-0.205840
16835	9.546656	-0.687832	-1.908984	0.116261	0.059826	0.043774	0.220353	-0.015102	0.975303	0.299446	-0.950551	-0.082374	0.928319	0.310202	-0.204934
16836	9.544541	-0.695401	-1.962287	0.111836	0.057997	0.041482	0.219895	-0.015646	0.975398	0.300378	-0.950206	-0.082959	0.928127	0.311231	-0.204246
16837	9.556218	-0.658575	-1.897811	0.095289	0.054919	0.043178	0.219802	-0.016342	0.975408	0.300480	-0.950115	-0.083629	0.928116	0.311472	-0.203927
16838	9.524791	-0.644597	-1.910899	0.077759	0.054549	0.046706	0.219393	-0.016924	0.975490	0.301084	-0.949873	-0.084195	0.928017	0.312176	-0.203300
16839	9.565643	-0.628956	-1.887832	0.062335	0.052519	0.050026	0.219076	-0.017537	0.975550	0.301469	-0.949700	-0.084773	0.927967	0.312670	-0.202769
16840	9.546902	-0.620331	-1.991695	0.040432	0.053113	0.049743	0.218690	-0.018145	0.975626	0.301720	-0.949574	-0.085292	0.927976	0.313019	-0.202188
16841	9.543091	-0.640611	-2.025838	0.023906	0.051442	0.050671	0.218340	-0.018588	0.975696	0.301674	-0.949561	-0.085599	0.928073	0.313032	-0.201720
16842	9.569642	-0.693992	-2.020551	0.009875	0.056124	0.052554	0.217936	-0.019231	0.975774	0.301635	-0.949529	-0.086083	0.928181	0.313088	-0.201135
16843	9.552143	-0.696464	-2.044250	0.003359	0.057347	0.049707	0.217872	-0.020197	0.975768	0.300927	-0.949684	-0.086848	0.928426	0.312557	-0.200832
16844	9.562264	-0.733554	-2.088162	-0.000922	0.059269	0.050871	0.217434	-0.020834	0.975853	0.300791	-0.949686	-0.087296	0.928573	0.312509	-0.200228
16845	9.580576	-0.729099	-2.133318	-0.008468	0.061800	0.050609	0.217131	-0.021595	0.975904	0.299270	-0.950138	-0.087610	0.929135	0.311082	-0.199842
16846	9.595383	-0.751116	-2.137219	-0.012986	0.070033	0.050010	0.216590	-0.022257	0.976009	0.299024	-0.950177	-0.088026	0.929340	0.310915	-0.199143
16847	9.580221	-0.739922	-2.179853	0.000510	0.076088	0.051126	0.216001	-0.022900	0.976124	0.298363	-0.950358	-0.088319	0.929690	0.310316	-0.198446
16848	9.551506	-0.711536	-2.211722	0.009080	0.082351	0.050488	0.215347	-0.023604	0.976252	0.298320	-0.950328	-0.088782	0.929855	0.310355	-0.197608
16849	9.588853	-0.710343	-2.224696	0.028441	0.095559	0.053237	0.214682	-0.024651	0.976373	0.298689	-0.950129	-0.089663	0.929891	0.310881	-0.196612
16850	9.562660	-0.669488	-2.274926	0.040883	0.101976	0.051974	0.213850	-0.025431	0.976536	0.298941	-0.949999	-0.090205	0.930001	0.311217	-0.195554
16851	9.595809	-0.782383	-2.272895	0.048996	0.109365	0.046892	0.212760	-0.026006	0.976758	0.298981	-0.949966	-0.090417	0.930238	0.311270	-0.194339
16852	9.581496	-0.870965	-2.258533	0.060653	0.121339	0.045925	0.211729	-0.026789	0.976961	0.299431	-0.949775	-0.090937	0.930329	0.311786	-0.193073
16853	9.538957	-1.011903	-2.250520	0.098371	0.126972	0.040748	0.210836	-0.027576	0.977133	0.299552	-0.949688	-0.091436	0.930493	0.311980	-0.191968
16854	9.571199	-1.051538	-2.197055	0.145512	0.133308	0.034680	0.209660	-0.028291	0.977365	0.300815	-0.949234	-0.092006	0.930351	0.313296	-0.190507
16855	9.575972	-1.044847	-2.202639	0.182336	0.140744	0.026363	0.208736	-0.029148	0.977538	0.301801	-0.948850	-0.092737	0.930239	0.314379	-0.189262
16856	9.591853	-0.919195	-2.042045	0.211225	0.143228	0.027328	0.207448	-0.029828	0.977791	0.303690	-0.948186	-0.093356	0.929913	0.316312	-0.187641
16857	9.605642	-0.795206	-1.940803	0.206638	0.156478	0.025605	0.205952	-0.030055	0.978100	0.307457	-0.946924	-0.093836	0.929007	0.320050	-0.185780
16858	9.600429	-0.766206	-1.815436	0.172246	0.158534	0.023778	0.204514	-0.030758	0.978380	0.308990	-0.946375	-0.094341	0.928816	0.321604	-0.184043
16859	9.618706	-0.786893	-1.748500	0.142067	0.168325	0.028173	0.203147	-0.031446	0.978643	0.311027	-0.945646	-0.094949	0.928436	0.323673	-0.182325
16860	9.564664	-0.819414	-1.638815	0.108149	0.170665	0.029987	0.201618	-0.032253	0.978933	0.311952	-0.945297	-0.095393	0.928459	0.324613	-0.180528
16861	9.563368	-0.934911	-1.547462	0.092584	0.166338	0.028953	0.200080	-0.033262	0.979215	0.313014	-0.944879	-0.096053	0.928434	0.325727	-0.178640
16862	9.543368	-0.962758	-1.519176	0.077372	0.168644	0.029778	0.198569	-0.034064	0.979495	0.313656	-0.944627	-0.096438	0.928542	0.326374	-0.176890
16863	9.554714	-1.010070	-1.471106	0.078759	0.161470	0.023269	0.197019	-0.034680	0.979786	0.314940	-0.944168	-0.096749	0.928438	0.327635	-0.175096
16864	9.575508	-1.013141	-1.365670	0.082980	0.156767	0.023702	0.195599	-0.035389	0.980045	0.315646	-0.943898	-0.097081	0.928498	0.328336	-0.173455
16865	9.589401	-0.959617	-1.312809	0.091599	0.151538	0.022270	0.194162	-0.035881	0.980313	0.316386	-0.943638	-0.097203	0.928548	0.329030	-0.171867
16866	9.596097	-0.937105	-1.338903	0.079144	0.145176	0.023442	0.192850	-0.036551	0.980547	0.317057	-0.943379	-0.097523	0.928592	0.329697	-0.170342
16867	9.561464	-0.946292	-1.303515	0.071990	0.144265	0.023317	0.191281	-0.036898	0.980842	0.319002	-0.942707	-0.097674	0.928251	0.331574	-0.168551
16868	9.554229	-0.905982	-1.321292	0.069282	0.135093	0.023942	0.190063	-0.037542	0.981054	0.319582	-0.942479	-0.097980	0.928301	0.332150	-0.167133
16869	9.541023	-0.894027	-1.358699	0.056591	0.124879	0.021700	0.189016	-0.038188	0.981231	0.321290	-0.941840	-0.098546	0.927926	0.333886	-0.165754
16870	9.623855	-0.843720	-1.389997	0.044077	0.118492	0.022858	0.187951	-0.038771	0.981413	0.321639	-0.941694	-0.098799	0.928021	0.334230	-0.164522
16871	9.568982	-0.863269	-1.366848	0.035299	0.119579	0.026556	0.186583	-0.039276	0.981654	0.322412	-0.941414	-0.098947	0.928029	0.334959	-0.162988
16872	9.547297	-0.892748	-1.403562	0.041337	0.118073	0.025827	0.185530	-0.039886	0.981829	0.322732	-0.941275	-0.099223	0.928129	0.335276	-0.161762
16873	9.596408	-0.835805	-1.435637	0.040680	0.107198	0.026322	0.185128	-0.040408	0.981883	0.322752	-0.941230	-0.099588	0.928202	0.335341	-0.161206
16874	9.633828	-0.835796	-1.505307	0.034638	0.106327	0.022845	0.184176	-0.040951	0.982040	0.323014	-0.941115	-0.099824	0.928300	0.335598	-0.160103
16875	9.694703	-0.806378	-1.466800	0.015858	0.107397	0.028582	0.183294	-0.041481	0.982183	0.323300	-0.940990	-0.100075	0.928375	0.335883	-0.159067
16876	9.710544	-0.739535	-1.439451	-0.009027	0.116333	0.033161	0.182282	-0.042155	0.982342	0.323138	-0.941017	-0.100343	0.928631	0.335723	-0.157909
16877	9.632944	-0.782621	-1.406000	-0.032098	0.118341	0.034971	0.181316	-0.042795	0.982493	0.323139	-0.940987	-0.100621	0.928820	0.335726	-0.156787
16878	9.626172	-0.739176	-1.367039	-0.059471	0.122308	0.037819	0.180264	-0.043532	0.982655	0.322500	-0.941181	-0.100856	0.929246	0.335087	-0.155621
16879	9.582203	-0.789304	-1.333584	-0.072351	0.120451	0.043593	0.179111	-0.044167	0.982837	0.321379	-0.941562	-0.100880	0.929858	0.333931	-0.154450
16880	9.614323	-0.815407	-1.361504	-0.063588	0.119017	0.045662	0.178112	-0.044965	0.982982	0.320687	-0.941765	-0.101187	0.930288	0.333253	-0.153320
16881	9.607336	-0.772947	-1.322751	-0.038251	0.117789	0.047937	0.177227	-0.045729	0.983107	0.320532	-0.941774	-0.101589	0.930511	0.333121	-0.152250
16882	9.583246	-0.726008	-1.254917	-0.043595	0.104609	0.051808	0.176381	-0.046536	0.983221	0.320016	-0.941907	-0.101989	0.930849	0.332635	-0.151242
16883	9.595823	-0.676430	-1.268137	-0.051581	0.093786	0.057081	0.175636	-0.047314	0.983318	0.319849	-0.941913	-0.102452	0.931047	0.332507	-0.150300
16884	9.579769	-0.679212	-1.290075	-0.065554	0.084517	0.063025	0.175012	-0.048160	0.983388	0.319110	-0.942112	-0.102930	0.931418	0.331822	-0.149513
16885	9.583403	-0.672006	-1.303061	-0.076921	0.082675	0.074858	0.174549	-0.049071	0.983425	0.318607	-0.942212	-0.103565	0.931677	0.331404	-0.148828
16886	9.636829	-0.762188	-1.311995	-0.088836	0.077057	0.073850	0.174029	-0.049993	0.983471	0.317632	-0.942481	-0.104116	0.932107	0.330501	-0.148139
16887	9.591869	-0.817938	-1.343564	-0.094189	0.072650	0.080036	0.173658	-0.050955	0.983487	0.317318	-0.942504	-0.104862	0.932283	0.330289	-0.147504
16888	9.603039	-0.855200	-1.326081	-0.094777	0.071946	0.082073	0.173209	-0.051938	0.983515	0.316274	-0.942785	-0.105487	0.932721	0.329332	-0.146873
16889	9.607798	-0.918731	-1.268071	-0.089751	0.065419	0.085771	0.173344	-0.053023	0.983433	0.316655	-0.942528	-0.106633	0.932567	0.329893	-0.146592
16890	9.570897	-0.931663	-1.242957	-0.084615	0.060304	0.088693	0.173026	-0.054030	0.983434	0.315694	-0.942770	-0.107340	0.932952	0.329037	-0.146067
16891	9.570278	-0.936799	-1.178410	-0.074431	0.055366	0.087760	0.172687	-0.055073	0.983436	0.315336	-0.942795	-0.108169	0.933136	0.328792	-0.145442
16892	9.552354	-0.937408	-1.084954	-0.070823	0.044910	0.091363	0.172520	-0.056055	0.983410	0.314500	-0.942987	-0.108924	0.933449	0.328074	-0.145055
16893	9.537958	-0.927663	-1.072955	-0.069886	0.028050	0.093999	0.172395	-0.057063	0.983374	0.313201	-0.943336	-0.109647	0.933908	0.326897	-0.144754
16894	9.576961	-0.915002	-1.051733	-0.078061	0.021173	0.093185	0.172452	-0.057985	0.983310	0.312295	-0.943547	-0.110410	0.934201	0.326123	-0.144609
16895	9.626520	-0.933367	-1.020188	-0.089330	0.011006	0.096859	0.172647	-0.059091	0.983210	0.311084	-0.943837	-0.111350	0.934569	0.325085	-0.144569
16896	9.582750	-0.975604	-1.019702	-0.104346	0.002161	0.100286	0.172903	-0.060018	0.983109	0.309919	-0.944126	-0.112145	0.934909	0.324074	-0.144641
16897	9.620019	-1.051000	-1.028131	-0.109178	-0.002905	0.105162	0.173074	-0.061063	0.983014	0.308490	-0.944494	-0.112984	0.935350	0.322805	-0.144630
16898	9.647138	-1.097605	-1.107769	-0.106790	-0.001733	0.103478	0.173373	-0.062008	0.982902	0.307296	-0.944784	-0.113807	0.935687	0.321773	-0.144745
16899	9.628869	-1.101853	-1.079188	-0.091534	0.003219	0.106046	0.173809	-0.062989	0.982763	0.307647	-0.944532	-0.114948	0.935491	0.322323	-0.144789
16900	9.561476	-1.167949	-1.068951	-0.075329	-0.001966	0.103674	0.174110	-0.063936	0.982648	0.306747	-0.944718	-0.115819	0.935731	0.321589	-0.144873
16901	9.543636	-1.174149	-1.100669	-0.060795	-0.013906	0.102728	0.174596	-0.064894	0.982499	0.306393	-0.944706	-0.116846	0.935756	0.321432	-0.145059
16902	9.555568	-1.130659	-1.184612	-0.041096	-0.030631	0.098961	0.175150	-0.065705	0.982347	0.305821	-0.944783	-0.117720	0.935840	0.321041	-0.145385
16903	9.987424	-1.018748	-1.035615	-0.003796	0.016271	0.100069	0.175626	-0.066728	0.982193	0.305645	-0.944701	-0.118833	0.935808	0.321072	-0.145519
16904	10.072470	-1.260297	-0.837446	0.023763	0.200597	0.094732	0.174004	-0.068241	0.982378	0.305686	-0.944571	-0.119760	0.936097	0.321138	-0.143499
16905	9.442238	-1.639221	-0.129880	0.194957	0.288005	0.072005	0.171518	-0.069878	0.982700	0.307230	-0.943944	-0.120745	0.936051	0.322625	-0.140434
16906	9.230472	-1.782277	-0.013993	0.448135	0.336422	0.060178	0.168522	-0.071512	0.983100	0.311306	-0.942457	-0.121919	0.935248	0.326591	-0.136562
16907	8.182603	-1.432860	-0.172217	0.749002	0.184531	0.051701	0.166842	-0.072736	0.983297	0.316477	-0.940556	-0.123273	0.933813	0.331758	-0.133906
16908	9.109511	-1.096554	-0.624346	0.756298	-0.065120	0.043828	0.167556	-0.072904	0.983163	0.323440	-0.937999	-0.124677	0.931296	0.338885	-0.133587
16909	9.839931	-0.832880	-0.996529	0.741967	-0.133875	0.050972	0.169136	-0.072931	0.982891	0.330459	-0.935336	-0.126268	0.928542	0.346162	-0.134098
16910	9.923786	-0.758299	-1.399025	0.663666	-0.167970	0.065251	0.170878	-0.072929	0.982590	0.336487	-0.932981	-0.127764	0.926055	0.352460	-0.134886
16911	9.745112	-0.884229	-1.736625	0.556268	-0.185381	0.081854	0.172575	-0.073022	0.982286	0.340603	-0.931306	-0.129071	0.924233	0.356844	-0.135849
16912	9.616308	-1.170613	-2.071810	0.473249	-0.187262	0.092478	0.174587	-0.073185	0.981918	0.344796	-0.929550	-0.130588	0.922299	0.361360	-0.137053
16913	9.776307	-1.419420	-2.304080	0.430356	-0.174562	0.095620	0.176334	-0.073420	0.981588	0.348685	-0.927892	-0.132042	0.920502	0.365549	-0.138019
16914	9.795193	-1.486839	-2.309004	0.387710	-0.132535	0.088586	0.177829	-0.073730	0.981295	0.352079	-0.926414	-0.133410	0.918922	0.369217	-0.138784
16915	9.727766	-1.547225	-2.321763	0.351677	-0.102739	0.081957	0.178624	-0.074147	0.981120	0.353630	-0.925688	-0.134340	0.918172	0.370950	-0.139129
16916	9.710878	-1.544030	-2.317180	0.343833	-0.083990	0.067637	0.179599	-0.074435	0.980920	0.356649	-0.924368	-0.135444	0.916813	0.374169	-0.139468
16917	9.726766	-1.322112	-2.241471	0.323703	-0.077211	0.054435	0.180043	-0.074418	0.980840	0.360324	-0.922837	-0.136158	0.915288	0.377934	-0.139336
16918	9.765637	-1.052661	-1.940501	0.273397	-0.061085	0.043647	0.180723	-0.074565	0.980704	0.362731	-0.921779	-0.136928	0.914202	0.380478	-0.139539
16919	9.755411	-0.978371	-1.561472	0.179657	-0.057293	0.042168	0.181074	-0.074572	0.980638	0.364465	-0.921034	-0.137338	0.913443	0.382276	-0.139597
16920	9.683052	-1.033284	-1.350755	0.073374	-0.054320	0.038737	0.181673	-0.074697	0.980518	0.365051	-0.920736	-0.137780	0.913090	0.382970	-0.140005
16921	9.618148	-1.211392	-1.208445	-0.020992	-0.054795	0.039796	0.182079	-0.074729	0.980440	0.364916	-0.920764	-0.137949	0.913063	0.382896	-0.140382
16922	9.590540	-1.462127	-1.129164	-0.084395	-0.041426	0.039390	0.182562	-0.074908	0.980337	0.364060	-0.921069	-0.138176	0.913308	0.382127	-0.140881
16923	9.523023	-1.673761	-1.203926	-0.096092	-0.035194	0.033311	0.182379	-0.074918	0.980370	0.361160	-0.922286	-0.137667	0.914495	0.379177	-0.141149
16924	9.566125	-1.731227	-1.373509	-0.089133	-0.034505	0.024033	0.182742	-0.074983	0.980297	0.360286	-0.922618	-0.137734	0.914767	0.378357	-0.141586
16925	9.551720	-1.636276	-1.327272	-0.058661	-0.034657	0.012215	0.182846	-0.074782	0.980293	0.358657	-0.923312	-0.137332	0.915386	0.376700	-0.142003
16926	9.651507	-1.512419	-1.303568	-0.028628	-0.046435	-0.000089	0.183231	-0.074579	0.980237	0.358380	-0.923432	-0.137247	0.915418	0.376445	-0.142474
16927	9.573609	-1.388157	-1.280565	-0.016178	-0.052928	-0.006767	0.183676	-0.074355	0.980171	0.357040	-0.923988	-0.137000	0.915852	0.375124	-0.143167
16928	9.566072	-1.262299	-1.218475	-0.018585	-0.068887	-0.010902	0.184229	-0.073969	0.980096	0.356874	-0.924078	-0.136823	0.915806	0.374977	-0.143844
16929	9.598866	-1.268925	-1.225162	-0.045147	-0.078394	-0.012406	0.184794	-0.073391	0.980033	0.356814	-0.924151	-0.136487	0.915715	0.374912	-0.144591
16930	9.604998	-1.385617	-1.242249	-0.081459	-0.078479	-0.021227	0.185398	-0.072874	0.979958	0.356091	-0.924484	-0.136117	0.915875	0.374190	-0.145448
16931	9.678533	-1.588952	-1.241586	-0.113873	-0.071248	-0.021931	0.185751	-0.072000	0.979955	0.356655	-0.924355	-0.135519	0.915584	0.374679	-0.146021
16932	9.557811	-1.708446	-1.168384	-0.147844	-0.063015	-0.023781	0.186203	-0.071516	0.979905	0.355330	-0.924937	-0.135025	0.916007	0.373331	-0.146814
16933	9.477072	-1.899548	-1.299216	-0.160154	-0.064836	-0.030694	0.186766	-0.070952	0.979839	0.354867	-0.925172	-0.134634	0.916072	0.372858	-0.147612
16934	9.492780	-1.763402	-1.430401	-0.156453	-0.069774	-0.039519	0.187225	-0.070300	0.979798	0.353492	-0.925794	-0.133972	0.916510	0.371434	-0.148482
16935	9.589102	-1.501842	-1.422920	-0.185048	-0.073514	-0.052758	0.187623	-0.069454	0.979783	0.352091	-0.926454	-0.133097	0.916968	0.369945	-0.149370
16936	9.618174	-1.222639	-1.416287	-0.235551	-0.071331	-0.058466	0.188032	-0.068621	0.979763	0.350025	-0.927375	-0.132128	0.917675	0.367786	-0.150357
16937	9.610023	-1.027328	-1.491558	-0.300364	-0.068087	-0.066024	0.188405	-0.067758	0.979751	0.347039	-0.928662	-0.130960	0.918732	0.364685	-0.151450
16938	9.572794	-0.943883	-1.437454	-0.378870	-0.076159	-0.062123	0.188851	-0.066877	0.979726	0.343657	-0.930091	-0.129732	0.919910	0.361190	-0.152666
16939	9.542833	-1.055086	-1.439304	-0.435601	-0.080471	-0.062369	0.189408	-0.066085	0.979672	0.338530	-0.932163	-0.128331	0.921695	0.355956	-0.154187
16940	9.627279	-1.283785	-1.495690	-0.464601	-0.088945	-0.065517	0.189969	-0.065131	0.979627	0.334353	-0.933862	-0.126926	0.923103	0.351653	-0.155628
16941	9.608476	-1.420070	-1.430425	-0.458758	-0.094452	-0.073371	0.190398	-0.063891	0.979626	0.331052	-0.935251	-0.125339	0.924204	0.348171	-0.156918
16942	9.663999	-1.543417	-1.348147	-0.467822	-0.091896	-0.083694	0.190933	-0.062761	0.979595	0.326869	-0.936934	-0.123738	0.925582	0.343824	-0.158377
16943	9.547691	-1.646564	-1.366325	-0.453529	-0.095405	-0.089838	0.191403	-0.061450	0.979586	0.323436	-0.938345	-0.122060	0.926690	0.340196	-0.159727
16944	9.517852	-1.607976	-1.344374	-0.430779	-0.110645	-0.095463	0.192082	-0.060151	0.979534	0.319608	-0.939871	-0.120389	0.927877	0.336192	-0.161308
16945	9.672928	-1.461121	-1.200625	-0.434251	-0.113872	-0.104128	0.192718	-0.058709	0.979496	0.316023	-0.941310	-0.118599	0.928972	0.332399	-0.162854
16946	9.811132	-1.391672	-0.928399	-0.409427	-0.026393	-0.111414	0.192574	-0.057543	0.979594	0.312416	-0.942738	-0.116795	0.930221	0.328532	-0.163569
16947	9.372383	-1.208108	-1.067171	-0.369692	-0.034219	-0.126643	0.192345	-0.056141	0.979720	0.309368	-0.943984	-0.114831	0.931287	0.325181	-0.164202
16948	9.610327	-1.097799	-0.604188	-0.318955	-0.069607	-0.127789	0.192561	-0.054679	0.979760	0.306626	-0.945098	-0.113009	0.932148	0.322181	-0.165222
16949	9.475665	-1.061816	-0.472034	-0.243262	-0.048350	-0.134447	0.192578	-0.053229	0.979837	0.304828	-0.945882	-0.111295	0.932734	0.320115	-0.165930
16950	9.288327	-1.177431	-0.445553	-0.188974	-0.123980	-0.139094	0.193272	-0.051487	0.979793	0.303318	-0.946569	-0.109573	0.933083	0.318366	-0.167329
16951	9.340849	-1.248231	-0.479894	-0.126829	-0.181923	-0.140183	0.194468	-0.049562	0.979656	0.302298	-0.947084	-0.107923	0.933166	0.317136	-0.169194
16952	9.410065	-1.397649	-0.596874	-0.080679	-0.233220	-0.139541	0.196183	-0.047472	0.979417	0.301802	-0.947418	-0.106374	0.932967	0.316459	-0.171540
16953	9.390946	-1.458701	-0.818224	-0.025223	-0.270228	-0.138404	0.198372	-0.045400	0.979075	0.301463	-0.947676	-0.105024	0.932614	0.315988	-0.174306
16954	9.417974	-1.385578	-1.037607	-0.011078	-0.310207	-0.144124	0.200791	-0.043024	0.978689	0.301631	-0.947785	-0.103549	0.932042	0.315995	-0.177329
16955	9.465460	-1.214413	-1.223269	-0.029941	-0.326552	-0.146823	0.203233	-0.040547	0.978291	0.301700	-0.947935	-0.101965	0.931490	0.315873	-0.180418
16956	9.435983	-1.164191	-1.235673	-0.067892	-0.341588	-0.152986	0.205914	-0.037989	0.977832	0.301365	-0.948219	-0.100300	0.931010	0.315338	-0.183803
16957	9.455860	-1.124439	-1.281301	-0.100699	-0.363687	-0.166259	0.208733	-0.035324	0.977335	0.300014	-0.948849	-0.098369	0.930818	0.313747	-0.187458
16958	9.421447	-1.109939	-1.177369	-0.112478	-0.394341	-0.173226	0.211845	-0.032415	0.976766	0.299316	-0.949270	-0.096419	0.930340	0.312787	-0.191396
16959	9.523073	-0.999790	-0.825226	-0.132277	-0.433187	-0.180125	0.215184	-0.029330	0.976133	0.298430	-0.949759	-0.094324	0.929858	0.311604	-0.195620
16960	9.560318	-0.924221	-0.214311	-0.169514	-0.473126	-0.188528	0.218982	-0.026038	0.975381	0.297247	-0.950348	-0.092104	0.929350	0.310099	-0.200369
16961	9.479496	-1.099113	0.363103	-0.168310	-0.538863	-0.186501	0.223291	-0.022621	0.974489	0.295477	-0.951121	-0.089784	0.928889	0.307988	-0.205693
16962	9.210553	-1.059454	1.060281	-0.157395	-0.625300	-0.188262	0.228503	-0.018879	0.973360	0.294426	-0.951653	-0.087576	0.927955	0.306594	-0.211897
16963	9.104034	-0.755633	1.617499	-0.133795	-0.732283	-0.191249	0.234435	-0.014772	0.972020	0.293030	-0.952304	-0.085147	0.926916	0.304792	-0.218925
16964	9.157456	-0.545732	2.057488	-0.184455	-0.854068	-0.180951	0.241777	-0.010422	0.970276	0.291737	-0.952897	-0.082931	0.925437	0.303116	-0.227348
16965	9.198121	-0.443716	2.239656	-0.252343	-0.968786	-0.167416	0.250193	-0.006011	0.968177	0.289531	-0.953757	-0.080741	0.923891	0.300519	-0.236883
16966	9.242635	-0.119505	2.266317	-0.298360	-1.122066	-0.144516	0.260093	-0.001245	0.965583	0.287131	-0.954663	-0.078574	0.921904	0.297686	-0.247944
16967	9.380420	0.424621	2.198219	-0.385640	-1.279126	-0.109082	0.271560	0.003162	0.962416	0.282259	-0.956283	-0.076502	0.920101	0.292425	-0.260581
16968	9.624706	1.056840	2.093931	-0.512424	-1.440222	-0.058407	0.284592	0.007927	0.958616	0.277698	-0.957774	-0.074522	0.917546	0.287414	-0.274776
16969	9.940299	1.703560	1.664522	-0.648589	-1.601384	0.003567	0.298966	0.012296	0.954185	0.270968	-0.959852	-0.072531	0.914984	0.280237	-0.290295
16970	10.493928	2.352685	1.072997	-0.810794	-1.760031	0.079681	0.315217	0.016423	0.948877	0.263304	-0.962110	-0.070817	0.911762	0.272166	-0.307598
16971	11.224262	2.708136	0.759306	-1.055271	-1.895112	0.165407	0.332953	0.018895	0.942754	0.249828	-0.965838	-0.068874	0.909246	0.258458	-0.326299
16972	12.088013	2.641576	0.623669	-1.399691	-2.035932	0.243930	0.351986	0.021687	0.935754	0.236277	-0.969414	-0.066409	0.905692	0.244472	-0.346345
16973	13.408825	1.883474	0.266452	-1.834844	-2.161866	0.296396	0.371942	0.023367	0.927962	0.216542	-0.974286	-0.062260	0.902645	0.224100	-0.367438
16974	14.404722	0.636756	0.059110	-2.116534	-2.165826	0.263380	0.391960	0.025454	0.919630	0.196459	-0.978875	-0.056640	0.898761	0.202870	-0.388681
16975	14.914483	-0.955200	-0.126224	-2.160090	-2.117942	0.172172	0.411110	0.026092	0.911212	0.171443	-0.983966	-0.049174	0.895319	0.176437	-0.408991
16976	14.632808	-2.218413	-0.758154	-2.009099	-2.020043	0.048813	0.429190	0.029007	0.902748	0.153289	-0.987324	-0.041153	0.890111	0.156044	-0.428196
16977	13.837542	-3.370730	-2.919277	-1.692002	-1.955223	-0.052127	0.446195	0.030470	0.894417	0.133513	-0.990502	-0.032862	0.884921	0.134079	-0.446025
16978	13.107498	-4.444822	-3.987288	-1.079953	-1.813127	-0.107985	0.462007	0.033908	0.886228	0.124472	-0.991857	-0.026940	0.878098	0.122757	-0.462465
16979	12.171877	-4.904540	-4.886444	-0.347356	-1.636502	-0.090178	0.475956	0.033344	0.878837	0.114305	-0.993150	-0.024224	0.872010	0.111984	-0.476507
16980	11.615145	-3.722102	-5.892744	0.404845	-1.430804	-0.015773	0.488330	0.035168	0.871950	0.117887	-0.992687	-0.025984	0.864660	0.115480	-0.488905
16981	11.561955	-0.919456	-5.891739	0.925971	-1.122834	0.068096	0.497885	0.032193	0.866645	0.118057	-0.992524	-0.030955	0.859170	0.117725	-0.497963
16982	11.701068	1.931332	-4.272364	1.063883	-0.631225	0.108681	0.503395	0.031931	0.863466	0.126622	-0.991255	-0.037163	0.854728	0.128041	-0.503036
16983	11.090140	3.845693	-3.304932	0.800779	-0.078642	0.143680	0.504221	0.025989	0.863184	0.123856	-0.991390	-0.042501	0.854647	0.128341	-0.503098
16984	10.630091	4.352213	-2.772347	0.154449	0.464665	0.188410	0.500446	0.023562	0.865447	0.124224	-0.991240	-0.044846	0.856809	0.129953	-0.498989
16985	10.426439	4.287142	-2.441480	-0.388991	1.100621	0.209724	0.490753	0.021218	0.871040	0.121872	-0.991547	-0.044510	0.862733	0.127999	-0.489191
16986	9.494315	3.438263	-3.099417	-0.830092	1.687077	0.261883	0.476395	0.016569	0.879075	0.113397	-0.992630	-0.042743	0.871888	0.120047	-0.474763
16987	8.457808	2.260406	-3.634661	-1.133097	2.170700	0.324822	0.457287	0.011714	0.889242	0.103659	-0.993800	-0.040214	0.883257	0.110567	-0.455666
16988	8.168316	1.377839	-3.309578	-1.217354	2.609442	0.375951	0.434402	0.005287	0.900704	0.091139	-0.995109	-0.038114	0.896096	0.098646	-0.432759
16989	8.222768	0.679168	-3.054500	-1.115476	3.000657	0.415186	0.407374	-0.001409	0.913260	0.079889	-0.996110	-0.037172	0.909761	0.088102	-0.405677
16990	8.474583	0.052884	-3.102541	-0.964725	3.318305	0.415683	0.377230	-0.008270	0.926083	0.069398	-0.996896	-0.037171	0.923516	0.078290	-0.375486
16991	8.789888	-0.405361	-3.061426	-0.760255	3.574530	0.369905	0.343922	-0.013529	0.938901	0.064073	-0.997228	-0.037840	0.936809	0.073173	-0.342102
16992	9.145866	-0.747058	-3.040199	-0.505621	3.799905	0.293318	0.308223	-0.019085	0.951123	0.058327	-0.997539	-0.038918	0.949524	0.067471	-0.306351
16993	9.236055	-0.846480	-3.017084	-0.204991	3.974401	0.206703	0.270042	-0.023293	0.962567	0.057576	-0.997528	-0.040291	0.961126	0.066301	-0.268033
16994	9.398067	-0.872804	-2.792503	0.076194	4.094508	0.111595	0.230503	-0.027072	0.972695	0.058008	-0.997453	-0.041507	0.971341	0.065991	-0.228345
16995	9.661765	-0.821939	-2.355181	0.343864	4.169430	0.000156	0.189624	-0.029862	0.981403	0.061889	-0.997186	-0.042300	0.979904	0.068759	-0.187242
16996	9.715902	-0.962335	-2.191838	0.642653	4.229832	-0.133346	0.147903	-0.031506	0.988500	0.068404	-0.996773	-0.042005	0.986633	0.073830	-0.145270
16997	9.475785	-0.827300	-2.225157	0.971469	4.232143	-0.262402	0.105575	-0.032169	0.993891	0.079577	-0.995998	-0.040690	0.991222	0.083387	-0.102593
16998	9.363443	-0.583632	-1.873643	1.242658	4.153936	-0.387439	0.063971	-0.031963	0.997440	0.092207	-0.995022	-0.037799	0.993683	0.094389	-0.060706
16999	9.355966	-0.027643	-1.079127	1.464510	4.086445	-0.483768	0.022629	-0.031338	0.999253	0.106676	-0.993727	-0.033580	0.994036	0.107356	-0.019144
17000	9.177306	0.726743	-0.662001	1.508961	3.999707	-0.525779	-0.017744	-0.030645	0.999373	0.121642	-0.992172	-0.028264	0.992415	0.121064	0.021333
17001	8.885360	0.891971	-0.367130	1.367916	3.844931	-0.525018	-0.056836	-0.030389	0.997921	0.135077	-0.990580	-0.022473	0.989204	0.133519	0.060406
17002	8.518935	0.613053	-0.067406	1.207120	3.658001	-0.511439	-0.093706	-0.030370	0.995137	0.146567	-0.989065	-0.016383	0.984752	0.144319	0.097133
17003	8.355192	0.262246	0.111683	1.106911	3.468585	-0.496749	-0.128889	-0.030699	0.991184	0.156997	-0.987547	-0.010171	0.979153	0.154301	0.132104
17004	8.344659	-0.077990	0.382317	1.105930	3.264008	-0.512409	-0.161618	-0.030802	0.986373	0.167002	-0.985951	-0.003426	0.972620	0.164173	0.164492
17005	8.303688	-0.394566	0.510174	1.189806	3.076176	-0.524680	-0.192635	-0.030869	0.980785	0.177524	-0.984109	0.003894	0.965079	0.174863	0.195053
17006	8.115819	-0.607046	0.473141	1.377837	2.868761	-0.535086	-0.221227	-0.030770	0.974737	0.189611	-0.981785	0.012042	0.956612	0.187485	0.223032
17007	7.685260	-0.211177	0.590857	1.545849	2.613493	-0.514866	-0.247384	-0.030815	0.968427	0.203035	-0.978952	0.020715	0.947406	0.201749	0.248434
17008	7.067401	0.484546	1.037193	1.610842	2.321470	-0.469835	-0.270301	-0.031046	0.962275	0.216958	-0.975736	0.029463	0.938012	0.216737	0.270479
17009	6.373483	1.156249	2.162567	1.463692	1.950501	-0.389100	-0.289634	-0.031620	0.956615	0.229452	-0.972604	0.037323	0.929228	0.230308	0.288954
17010	5.956950	1.542321	3.592303	1.121597	1.506323	-0.275724	-0.304268	-0.032455	0.952033	0.238968	-0.970061	0.043304	0.922125	0.240681	0.302915
17011	5.929209	1.477358	4.372703	0.733170	1.023861	-0.148987	-0.314297	-0.033512	0.948733	0.245175	-0.968338	0.047017	0.917119	0.247383	0.312563
17012	6.054862	1.091841	4.327881	0.407538	0.545325	-0.022137	-0.319391	-0.034625	0.946990	0.248787	-0.967341	0.048540	0.914382	0.251102	0.317575
17013	6.056380	0.651702	3.628841	0.085965	0.088622	0.115644	-0.320173	-0.035971	0.946676	0.249871	-0.967100	0.047761	0.913813	0.251839	0.318628
17014	6.261198	0.022990	2.662607	-0.167981	-0.329565	0.206174	-0.316691	-0.037106	0.947803	0.248942	-0.967458	0.045304	0.915279	0.250295	0.315622
17015	6.607262	-0.239020	1.612265	-0.362617	-0.666052	0.279210	-0.310157	-0.038159	0.949919	0.246418	-0.968272	0.041561	0.918194	0.246968	0.309719
17016	6.917984	-0.394015	0.646428	-0.518490	-0.960500	0.344755	-0.300520	-0.039117	0.952973	0.242650	-0.969418	0.036728	0.922393	0.242276	0.300822
17017	7.271989	-0.686433	-0.223740	-0.673227	-1.290793	0.422501	-0.287824	-0.040135	0.956842	0.237591	-0.970879	0.030746	0.927743	0.236187	0.288978
17018	7.940016	-1.391939	-1.467098	-0.713911	-1.549236	0.499604	-0.272276	-0.041346	0.961330	0.232297	-0.972349	0.023973	0.933758	0.229841	0.274352
17019	7.990348	-2.378956	-2.441624	-0.643096	-1.768651	0.557824	-0.254670	-0.042763	0.966082	0.227672	-0.973591	0.016921	0.939845	0.224259	0.257680
17020	7.644125	-3.376330	-3.015473	-0.453714	-1.935800	0.600234	-0.235109	-0.044270	0.970960	0.224816	-0.974350	0.010013	0.945612	0.220642	0.239031
17021	7.251044	-3.936831	-2.986671	-0.121559	-2.077334	0.615130	-0.214257	-0.045690	0.975708	0.224962	-0.974360	0.003773	0.950519	0.220305	0.219042
17022	6.747190	-4.543658	-3.224828	0.259871	-2.203424	0.612694	-0.191927	-0.046731	0.980296	0.228635	-0.973511	-0.001644	0.954406	0.223814	0.197528
17023	7.381986	-4.598253	-3.352007	0.658610	-2.268010	0.581804	-0.169111	-0.047244	0.984464	0.235861	-0.971768	-0.006119	0.956959	0.231161	0.175479
17024	11.586214	-2.951052	-1.194655	1.086402	-1.965027	0.464547	-0.149227	-0.047065	0.987682	0.246955	-0.968987	-0.008862	0.957468	0.242590	0.156222
17025	21.096791	2.397277	7.687332	1.657674	-0.718251	0.110396	-0.142276	-0.046356	0.988741	0.262814	-0.964818	-0.007417	0.954299	0.258799	0.149454
17026	29.888399	6.703738	16.622093	3.601951	0.374420	-0.197300	-0.146432	-0.045466	0.988175	0.296671	-0.954980	0.000023	0.943687	0.293166	0.153328
17027	20.049831	0.149639	-5.104230	3.444738	-0.915189	0.080530	-0.137819	-0.043425	0.989505	0.329008	-0.944317	0.004382	0.934216	0.326160	0.144432
17028	8.084843	4.850731	-2.011381	4.008140	-2.108441	0.725712	-0.115763	-0.042919	0.992349	0.367111	-0.930173	0.002596	0.922945	0.364603	0.123435
17029	8.217852	13.029386	-3.295644	2.442018	-2.796576	1.046694	-0.086277	-0.042085	0.995382	0.390581	-0.920555	-0.005067	0.916517	0.388340	0.095860
17030	5.516208	12.847397	-2.624496	0.489701	-2.192397	1.241225	-0.061358	-0.044899	0.997105	0.395944	-0.918118	-0.016978	0.916222	0.393757	0.074111
17031	4.527468	5.619957	-2.175319	-2.406763	-1.371728	1.105143	-0.044643	-0.049770	0.997762	0.374502	-0.926758	-0.029472	0.926151	0.372348	0.060013
17032	3.336581	-4.279902	-3.508617	-3.271006	-1.341096	1.131778	-0.028124	-0.055504	0.998062	0.344376	-0.937871	-0.042453	0.938410	0.342515	0.045491
17033	6.603230	-13.418811	-9.034211	-2.676334	-1.818049	0.983987	-0.007872	-0.058670	0.998246	0.319492	-0.946101	-0.053086	0.947556	0.318514	0.026192
17034	11.502712	-16.529791	-12.514208	0.103253	-1.513397	0.667697	0.008551	-0.060123	0.998154	0.320430	-0.945390	-0.059690	0.947234	0.320349	0.011182
17035	13.101080	-10.909245	-8.108044	2.820411	-1.051484	0.421752	0.019753	-0.060525	0.997971	0.347006	-0.935703	-0.063617	0.937655	0.347559	0.002519
17036	12.413742	-3.689098	-5.242210	4.251419	-1.027036	0.331245	0.030465	-0.059799	0.997745	0.386420	-0.919891	-0.066931	0.921820	0.387588	-0.004917
17037	12.721261	3.083599	-3.359073	3.935214	-0.970352	0.316669	0.040526	-0.058711	0.997452	0.422277	-0.903733	-0.070351	0.905560	0.424052	-0.011832
17038	11.879487	8.297717	-1.472816	2.333304	-0.742980	0.570229	0.049628	-0.060584	0.996929	0.442995	-0.893268	-0.076337	0.895150	0.445422	-0.017492
17039	9.283765	8.674624	-1.414573	0.121568	-0.622265	0.852648	0.058902	-0.065332	0.996124	0.443721	-0.892149	-0.084751	0.894227	0.446993	-0.023560
17040	8.209032	5.126686	-2.239924	-1.628318	-0.587785	0.973936	0.068370	-0.071447	0.995098	0.428451	-0.898666	-0.093961	0.900975	0.432775	-0.030830
17041	8.454433	1.232259	-2.689903	-2.475107	-0.593670	0.971985	0.077742	-0.077577	0.993951	0.405518	-0.908310	-0.102611	0.910775	0.411042	-0.039155
17042	9.052124	-1.939101	-2.915858	-2.609898	-0.659437	0.944902	0.087442	-0.083550	0.992660	0.380805	-0.917992	-0.110810	0.920512	0.387699	-0.048455
17043	9.263651	-5.308020	-2.699187	-2.179761	-0.703427	0.858445	0.097082	-0.088635	0.991322	0.360093	-0.925423	-0.118007	0.927851	0.368424	-0.057925
17044	9.254957	-7.503302	-2.731192	-1.292307	-0.752535	0.695901	0.106487	-0.092334	0.990018	0.347336	-0.929500	-0.124049	0.931675	0.357078	-0.066909
17045	9.524340	-7.582638	-2.751398	-0.235193	-0.731444	0.537987	0.115130	-0.094583	0.988837	0.344718	-0.929790	-0.129071	0.931619	0.355730	-0.074442
17046	9.757262	-5.983718	-2.508742	0.635123	-0.682699	0.462017	0.123032	-0.096396	0.987710	0.350043	-0.927088	-0.134082	0.928619	0.362238	-0.080318
17047	10.321980	-3.755030	-2.099835	1.014552	-0.643374	0.433608	0.130499	-0.097929	0.986600	0.359000	-0.922915	-0.139093	0.924169	0.372341	-0.085282
17048	10.534801	-1.190567	-1.495200	0.870535	-0.555241	0.408204	0.137047	-0.099573	0.985547	0.366452	-0.919253	-0.143833	0.920289	0.380867	-0.089492
17049	9.911132	0.775725	-0.737887	0.219178	-0.450531	0.402444	0.142641	-0.101437	0.984563	0.368007	-0.917986	-0.147894	0.918817	0.383422	-0.093613
17050	9.452973	1.414329	-0.361552	-0.661627	-0.394119	0.423909	0.147759	-0.103809	0.983560	0.361276	-0.920088	-0.151384	0.920678	0.377705	-0.098448
17051	9.062613	0.192418	-0.844058	-1.308598	-0.368663	0.450793	0.152736	-0.106465	0.982516	0.348651	-0.924452	-0.154372	0.924724	0.366133	-0.104078
17052	9.101674	-1.234473	-1.047126	-1.491812	-0.410991	0.459307	0.158061	-0.109219	0.981370	0.334078	-0.929338	-0.157236	0.929198	0.352707	-0.110404
17053	9.473807	-1.417583	-1.004157	-1.350142	-0.482338	0.462262	0.164042	-0.111714	0.980107	0.320901	-0.933481	-0.160109	0.932798	0.340782	-0.117281
17054	9.649119	-1.252800	-0.726940	-1.235240	-0.551910	0.487924	0.170683	-0.114399	0.978662	0.308513	-0.937090	-0.163346	0.935781	0.329811	-0.124651
17055	9.734796	-1.387087	-0.720396	-1.154369	-0.602738	0.500890	0.177824	-0.117002	0.977082	0.296961	-0.940238	-0.166636	0.938186	0.319787	-0.132452
17056	9.584380	-1.896805	-0.723736	-1.043476	-0.600223	0.491009	0.184842	-0.119705	0.975451	0.286241	-0.942963	-0.169959	0.940159	0.310629	-0.140035
17057	9.310035	-2.506429	-0.816274	-0.915268	-0.601334	0.464648	0.191784	-0.122107	0.973812	0.276888	-0.945192	-0.173049	0.941569	0.302825	-0.147462
17058	9.299280	-2.938522	-0.845531	-0.753010	-0.609251	0.432740	0.198654	-0.124346	0.972150	0.268921	-0.946932	-0.176073	0.942453	0.296409	-0.154673
17059	9.357396	-3.190755	-1.015920	-0.600310	-0.628088	0.400058	0.205611	-0.126159	0.970468	0.262577	-0.948183	-0.178894	0.942750	0.291605	-0.161830
17060	9.414993	-3.195114	-1.295273	-0.455809	-0.650220	0.379057	0.212677	-0.127840	0.968724	0.257460	-0.949039	-0.181766	0.942594	0.288065	-0.168925
17061	9.405910	-2.726745	-1.405637	-0.376454	-0.668229	0.364294	0.219869	-0.129266	0.966927	0.253216	-0.949647	-0.184534	0.942093	0.285414	-0.176066
17062	9.492451	-2.042811	-1.333153	-0.414384	-0.688666	0.357006	0.227202	-0.130671	0.965041	0.248487	-0.950376	-0.187188	0.941612	0.282330	-0.183457
17063	9.469574	-1.427638	-1.322066	-0.579272	-0.699774	0.359406	0.234636	-0.132019	0.963077	0.242285	-0.951526	-0.189464	0.941405	0.277794	-0.191276
17064	9.366252	-1.171360	-1.377612	-0.812883	-0.713280	0.378103	0.242203	-0.133632	0.960979	0.233703	-0.953271	-0.191462	0.941658	0.270956	-0.199655
17065	9.306685	-1.269538	-1.482668	-1.007367	-0.728704	0.393630	0.249929	-0.135330	0.958760	0.223334	-0.955428	-0.193078	0.942156	0.262380	-0.208566
17066	9.327405	-1.496114	-1.609148	-1.158666	-0.743831	0.396554	0.257754	-0.137178	0.956423	0.211381	-0.957885	-0.194354	0.942805	0.252266	-0.217902
17067	9.446319	-1.828472	-1.834335	-1.234926	-0.760523	0.392876	0.265698	-0.138947	0.953991	0.198809	-0.960392	-0.195250	0.943334	0.241540	-0.227550
17068	9.621507	-2.133502	-1.895260	-1.204065	-0.768461	0.388727	0.273651	-0.140836	0.951462	0.186376	-0.962708	-0.196104	0.943599	0.230994	-0.237198
17069	9.737644	-2.362533	-1.887938	-1.089571	-0.807787	0.389563	0.281936	-0.142643	0.948770	0.175100	-0.964628	-0.197059	0.943320	0.221688	-0.246986
17070	9.679813	-2.403829	-1.740038	-0.967855	-0.850655	0.393455	0.290580	-0.144556	0.945868	0.164823	-0.966184	-0.198296	0.942548	0.213521	-0.256928
17071	9.680112	-2.488250	-1.491901	-0.880112	-0.896239	0.396435	0.299629	-0.146387	0.942758	0.155476	-0.967457	-0.199636	0.941302	0.206393	-0.267118
17072	9.675163	-2.363862	-1.331530	-0.777627	-0.951194	0.396683	0.309130	-0.148257	0.939393	0.146932	-0.968468	-0.201198	0.939601	0.200223	-0.277599
