// General information: 
//  MT Manager version: 2022.2.0 
//  XDA version: 2022.2.0 build 7381 rev 124627 built on 2023-07-19
// Device information: 
//  DeviceId: 00B4CAF0
//  ProductCode: MTW2-3A7G6
//  Firmware Version: 4.6.0
//  Hardware Version: 2.0.0
// Device settings: 
//  Filter Profile: human(46.1)
//  Option Flags: Orientation Smoother Disabled, Position/Velocity Smoother Disabled, Continuous Zero Rotation Update Disabled, AHS Disabled, ICC Disabled
// Coordinate system: ENU
PacketCounter	Acc_X	Acc_Y	Acc_Z	Gyr_X	Gyr_Y	Gyr_Z	Mat[1][1]	Mat[2][1]	Mat[3][1]	Mat[1][2]	Mat[2][2]	Mat[3][2]	Mat[1][3]	Mat[2][3]	Mat[3][3]
09522	4.822949	1.573833	8.824634	0.000924	0.006848	0.006586	0.822341	0.321370	0.469549	-0.428805	0.892457	0.140166	-0.374008	-0.316609	0.871709
09523	4.807611	1.589784	8.798020	0.004329	0.001949	-0.002427	0.822468	0.321182	0.469456	-0.428622	0.892524	0.140301	-0.373939	-0.316613	0.871737
09524	4.821893	1.628156	8.834566	0.007845	-0.000031	0.004297	0.822443	0.321230	0.469466	-0.428677	0.892498	0.140298	-0.373930	-0.316637	0.871733
09525	4.826161	1.608778	8.820560	0.000832	-0.000275	0.002111	0.822465	0.321020	0.469571	-0.428463	0.892611	0.140234	-0.374126	-0.316531	0.871686
09526	4.857420	1.568445	8.801353	0.005759	-0.001285	0.001276	0.822449	0.321036	0.469588	-0.428484	0.892602	0.140227	-0.374137	-0.316541	0.871679
09527	4.857068	1.622577	8.810928	0.006356	-0.004242	0.002869	0.822446	0.321014	0.469609	-0.428519	0.892566	0.140346	-0.374104	-0.316663	0.871648
09528	4.838922	1.604468	8.788007	0.002261	-0.003508	0.005814	0.822403	0.321063	0.469651	-0.428564	0.892554	0.140288	-0.374148	-0.316649	0.871635
09529	4.831404	1.590299	8.805859	0.007391	-0.001515	-0.001253	0.822440	0.320847	0.469734	-0.428379	0.892636	0.140328	-0.374278	-0.316635	0.871584
09530	4.827486	1.610658	8.819492	0.008177	-0.005352	-0.001379	0.822420	0.320826	0.469782	-0.428387	0.892628	0.140354	-0.374312	-0.316679	0.871553
09531	4.866156	1.638741	8.791841	0.002873	-0.002583	0.002894	0.822415	0.320630	0.469926	-0.428205	0.892725	0.140294	-0.374532	-0.316604	0.871486
09532	4.850936	1.609928	8.827739	0.003894	-0.003738	0.003285	0.822381	0.320656	0.469967	-0.428236	0.892715	0.140261	-0.374571	-0.316605	0.871469
09533	4.858950	1.624604	8.809517	0.003296	-0.000780	0.001693	0.822347	0.320781	0.469941	-0.428423	0.892603	0.140405	-0.374431	-0.316795	0.871460
09534	4.851271	1.610334	8.827481	0.003296	-0.000780	0.001692	0.822331	0.320803	0.469954	-0.428438	0.892601	0.140375	-0.374449	-0.316781	0.871458
09535	4.832829	1.592309	8.804713	0.003484	-0.001659	-0.000026	0.822345	0.320753	0.469964	-0.428430	0.892589	0.140472	-0.374428	-0.316864	0.871436
09536	4.840763	1.606897	8.786550	0.002497	-0.000825	0.006331	0.822309	0.320816	0.469984	-0.428481	0.892574	0.140414	-0.374448	-0.316843	0.871435
09537	4.856038	1.591001	8.813196	-0.000657	-0.004486	0.000684	0.822146	0.320977	0.470159	-0.428722	0.892459	0.140406	-0.374531	-0.317002	0.871342
09538	4.848445	1.576364	8.831181	0.000456	0.001484	0.005548	0.822122	0.321040	0.470158	-0.428758	0.892453	0.140333	-0.374541	-0.316955	0.871354
09539	4.847880	1.630178	8.840917	0.005760	-0.001286	0.001274	0.822205	0.320859	0.470137	-0.428597	0.892515	0.140434	-0.374545	-0.316965	0.871349
09540	4.874839	1.609488	8.835681	0.001255	0.001528	0.000909	0.822201	0.320881	0.470129	-0.428599	0.892521	0.140390	-0.374552	-0.316925	0.871361
09541	4.841162	1.607146	8.786284	0.003531	0.001903	0.002210	0.822248	0.320697	0.470171	-0.428416	0.892609	0.140390	-0.374656	-0.316864	0.871338
09542	4.855959	1.591509	8.813147	0.002511	0.003057	0.001818	0.822246	0.320731	0.470151	-0.428429	0.892608	0.140353	-0.374645	-0.316831	0.871355
09543	4.851574	1.611362	8.827127	0.005807	0.002277	0.003510	0.822177	0.320925	0.470140	-0.428689	0.892464	0.140479	-0.374500	-0.317042	0.871340
09544	4.821102	1.598452	8.836374	0.002873	-0.002584	0.002893	0.822150	0.320951	0.470171	-0.428713	0.892458	0.140440	-0.374534	-0.317031	0.871330
09545	4.855974	1.592285	8.812998	0.007016	0.000242	0.002183	0.822210	0.320634	0.470280	-0.428400	0.892613	0.140411	-0.374758	-0.316915	0.871276
09546	4.845307	1.589047	8.772118	0.006136	-0.003045	-0.002163	0.822203	0.320613	0.470308	-0.428394	0.892614	0.140424	-0.374782	-0.316934	0.871258
09547	4.874757	1.611429	8.835372	0.002733	0.001859	0.006847	0.822086	0.320869	0.470338	-0.428710	0.892452	0.140486	-0.374677	-0.317130	0.871232
09548	4.821242	1.599815	8.836051	0.005398	0.004354	0.000197	0.822096	0.320893	0.470305	-0.428721	0.892448	0.140482	-0.374643	-0.317119	0.871251
09549	4.836992	1.575521	8.790305	0.004566	0.004629	-0.001913	0.822205	0.320742	0.470217	-0.428575	0.892499	0.140604	-0.374570	-0.317128	0.871279
09550	4.873797	1.612666	8.835676	0.006607	0.002320	-0.001130	0.822213	0.320747	0.470199	-0.428579	0.892495	0.140617	-0.374548	-0.317135	0.871286
09551	4.828039	1.615848	8.818240	0.004143	0.002826	-0.000712	0.822561	0.320166	0.469986	-0.427924	0.892787	0.140755	-0.374533	-0.316898	0.871379
09552	4.858902	1.575552	8.799266	0.001679	0.003331	-0.000293	0.822570	0.320181	0.469961	-0.427916	0.892796	0.140721	-0.374523	-0.316857	0.871398
09553	4.831701	1.596772	8.804524	0.004975	0.002551	0.001398	0.822537	0.320281	0.469950	-0.428071	0.892703	0.140841	-0.374418	-0.317019	0.871384
09554	4.842112	1.600936	8.845376	0.004190	0.006388	0.001523	0.822549	0.320322	0.469901	-0.428088	0.892698	0.140821	-0.374372	-0.316991	0.871414
09555	4.831015	1.597473	8.804773	0.005996	0.001397	0.001790	0.822639	0.320207	0.469821	-0.427994	0.892721	0.140966	-0.374281	-0.317045	0.871434
09556	4.853870	1.596672	8.813364	0.006969	-0.003321	-0.000052	0.822622	0.320204	0.469854	-0.428008	0.892712	0.140978	-0.374302	-0.317072	0.871414
09557	4.849855	1.616913	8.827056	0.007205	-0.000638	0.000464	0.822643	0.320178	0.469835	-0.428036	0.892675	0.141126	-0.374225	-0.317203	0.871400
09558	4.861968	1.612510	8.794872	0.010690	-0.002298	0.000437	0.822627	0.320182	0.469859	-0.428068	0.892653	0.141168	-0.374222	-0.317261	0.871380
09559	4.850094	1.618533	8.826628	0.008649	0.000010	-0.000347	0.822865	0.319578	0.469855	-0.427423	0.892957	0.141197	-0.374437	-0.317013	0.871378
09560	4.850434	1.619255	8.826309	0.008588	-0.007432	0.001933	0.822824	0.319578	0.469926	-0.427459	0.892938	0.141214	-0.374486	-0.317068	0.871337
09561	4.832553	1.601614	8.803176	0.008588	-0.007433	0.001932	0.822903	0.319303	0.469975	-0.427224	0.893034	0.141316	-0.374581	-0.317074	0.871294
09562	4.840857	1.616621	8.784713	0.005527	-0.003970	0.000757	0.822880	0.319304	0.470014	-0.427239	0.893028	0.141312	-0.374614	-0.317091	0.871274
09563	4.856262	1.601196	8.811225	0.004916	-0.004892	0.003677	0.822812	0.319223	0.470188	-0.427207	0.893047	0.141284	-0.374799	-0.317118	0.871184
09564	4.856770	1.601569	8.810877	0.007381	-0.005398	0.003258	0.822773	0.319241	0.470243	-0.427249	0.893027	0.141284	-0.374836	-0.317156	0.871154
09565	4.846288	1.598058	8.769939	0.003298	-0.000780	0.001691	0.822870	0.319100	0.470171	-0.427124	0.893065	0.141418	-0.374766	-0.317190	0.871172
09566	4.864952	1.616643	8.792463	0.005575	-0.000406	0.002989	0.822851	0.319132	0.470182	-0.427157	0.893052	0.141404	-0.374770	-0.317196	0.871168
09567	4.854069	1.613150	8.751741	0.004144	0.002824	-0.000715	0.822805	0.319230	0.470195	-0.427313	0.892961	0.141507	-0.374693	-0.317353	0.871144
09568	4.856966	1.602957	8.810517	0.004742	-0.000133	0.000880	0.822797	0.319243	0.470202	-0.427325	0.892957	0.141496	-0.374698	-0.317351	0.871143
09569	4.852406	1.622993	8.824538	0.003782	0.008464	-0.001794	0.822945	0.318976	0.470122	-0.427034	0.893086	0.141564	-0.374704	-0.317257	0.871174
09570	4.802820	1.591757	8.811482	0.001068	0.002409	0.002625	0.822939	0.319013	0.470109	-0.427046	0.893088	0.141512	-0.374704	-0.317214	0.871190
09571	4.802802	1.591965	8.811455	0.005763	-0.001287	0.001272	0.823072	0.318748	0.470057	-0.426790	0.893190	0.141636	-0.374704	-0.317192	0.871198
09572	4.836995	1.639523	8.797820	0.004554	0.000748	0.002597	0.823059	0.318779	0.470057	-0.426816	0.893182	0.141615	-0.374703	-0.317185	0.871201
09573	4.875432	1.569035	8.823564	0.004506	-0.002816	0.000365	0.823035	0.318664	0.470177	-0.426740	0.893217	0.141619	-0.374841	-0.317201	0.871136
09574	4.860659	1.585465	8.796514	0.009860	-0.002027	-0.001677	0.823031	0.318648	0.470195	-0.426750	0.893205	0.141665	-0.374840	-0.317251	0.871118
09575	4.829453	1.627021	8.815411	0.010331	0.003339	-0.000648	0.823251	0.318247	0.470082	-0.426338	0.893376	0.141825	-0.374825	-0.317172	0.871153
09576	4.864059	1.621266	8.792106	0.007207	-0.000640	0.000460	0.823242	0.318254	0.470092	-0.426355	0.893366	0.141837	-0.374824	-0.317193	0.871146
09577	4.829263	1.628291	8.815280	0.004978	0.002550	0.001393	0.823159	0.318345	0.470176	-0.426514	0.893281	0.141898	-0.374827	-0.317341	0.871091
09578	4.863886	1.622331	8.792005	0.008652	0.000008	-0.000352	0.823156	0.318347	0.470179	-0.426530	0.893269	0.141927	-0.374814	-0.317374	0.871084
09579	4.833301	1.609761	8.801280	0.003722	0.001022	0.000487	0.823135	0.318350	0.470215	-0.426575	0.893236	0.141993	-0.374810	-0.317462	0.871054
09580	4.825549	1.595636	8.819295	0.003486	-0.001662	-0.000027	0.823125	0.318350	0.470233	-0.426575	0.893240	0.141976	-0.374833	-0.317453	0.871048
09581	4.833567	1.610328	8.801030	0.003063	-0.003463	0.001176	0.823102	0.318299	0.470307	-0.426575	0.893230	0.142035	-0.374882	-0.317530	0.870998
09582	4.833891	1.610540	8.800813	0.003063	-0.003463	0.001176	0.823080	0.318304	0.470342	-0.426583	0.893231	0.142008	-0.374922	-0.317524	0.870983
09583	4.780412	1.652717	8.810821	0.004917	-0.004891	0.003677	0.822886	0.318426	0.470599	-0.426793	0.893139	0.141953	-0.375109	-0.317659	0.870854
09584	4.833975	1.620023	8.872724	0.002579	-0.012707	0.004663	0.822814	0.318433	0.470720	-0.426827	0.893130	0.141906	-0.375227	-0.317678	0.870796
09585	4.873783	1.593924	8.835105	0.003661	-0.006420	0.002770	0.822959	0.318158	0.470653	-0.426564	0.893233	0.142049	-0.375209	-0.317665	0.870809
09586	4.882449	1.608647	8.816466	0.006489	-0.012567	0.003430	0.822893	0.318153	0.470771	-0.426603	0.893215	0.142042	-0.375309	-0.317718	0.870746
09587	4.871623	1.614041	8.847780	0.001559	-0.011553	0.004270	0.822965	0.318008	0.470744	-0.426504	0.893237	0.142203	-0.375265	-0.317802	0.870734
09588	4.869736	1.624780	8.788314	0.006677	-0.013450	0.001711	0.822903	0.317985	0.470867	-0.426529	0.893225	0.142206	-0.375371	-0.317860	0.870667
09589	4.908515	1.608055	8.823225	0.003427	-0.009104	0.002254	0.822887	0.317750	0.471054	-0.426333	0.893324	0.142169	-0.375630	-0.317815	0.870572
09590	4.859566	1.630598	8.819195	0.003850	-0.007302	0.001050	0.822851	0.317741	0.471123	-0.426342	0.893323	0.142151	-0.375698	-0.317828	0.870538
09591	4.875172	1.615040	8.845643	0.003476	-0.005539	0.004485	0.822827	0.317714	0.471183	-0.426370	0.893297	0.142230	-0.375718	-0.317929	0.870492
09592	4.845803	1.646587	8.791651	0.002219	-0.007068	0.003580	0.822781	0.317728	0.471254	-0.426394	0.893292	0.142185	-0.375791	-0.317927	0.870462
09593	4.926818	1.637214	8.785423	0.000166	-0.008635	0.007312	0.822726	0.317655	0.471399	-0.426361	0.893313	0.142158	-0.375949	-0.317943	0.870387
09594	4.893313	1.589830	8.798729	0.002268	-0.003503	0.005811	0.822684	0.317701	0.471442	-0.426404	0.893301	0.142103	-0.375993	-0.317930	0.870373
09595	4.897210	1.623818	8.794350	0.002504	-0.000819	0.006325	0.822512	0.317857	0.471636	-0.426627	0.893203	0.142048	-0.376116	-0.318049	0.870277
09596	4.866792	1.610606	8.803697	0.001483	0.000336	0.005934	0.822484	0.317916	0.471646	-0.426668	0.893193	0.141986	-0.376131	-0.318017	0.870282
09597	4.848154	1.592238	8.781139	0.004184	0.002511	0.006027	0.822437	0.317944	0.471708	-0.426730	0.893161	0.142002	-0.376163	-0.318079	0.870245
09598	4.877560	1.614567	8.844412	0.003114	0.000101	0.003404	0.822419	0.317979	0.471716	-0.426756	0.893155	0.141966	-0.376174	-0.318063	0.870247
09599	4.827477	1.592425	8.903775	0.002878	-0.002583	0.002890	0.822284	0.318138	0.471844	-0.426995	0.893035	0.142001	-0.376197	-0.318240	0.870172
09600	4.801789	1.515806	8.961545	0.012295	-0.025440	-0.003723	0.822200	0.318028	0.472064	-0.426996	0.893022	0.142079	-0.376378	-0.318387	0.870040
09601	4.921808	1.510557	9.133841	0.045928	-0.066817	0.000178	0.822049	0.317608	0.472611	-0.426957	0.892967	0.142540	-0.376754	-0.318959	0.869667
09602	5.236874	1.522354	8.870121	0.118952	-0.077731	0.017974	0.821675	0.317525	0.473317	-0.427539	0.892544	0.143443	-0.376909	-0.320225	0.869135
09603	5.294479	1.482267	8.650981	0.134330	-0.029640	0.019590	0.821654	0.317195	0.473575	-0.427758	0.892263	0.144535	-0.376707	-0.321333	0.868813
09604	4.853398	1.826499	8.690016	0.161936	0.028086	0.013934	0.821696	0.317413	0.473355	-0.428468	0.891711	0.145829	-0.375808	-0.322645	0.868717
09605	4.632445	2.068734	8.680282	0.090899	0.028937	0.027916	0.821818	0.317522	0.473069	-0.428794	0.891432	0.146577	-0.375168	-0.323308	0.868747
09606	4.818581	1.686151	8.815759	0.053907	0.021147	0.030437	0.821763	0.317865	0.472934	-0.429231	0.891176	0.146855	-0.374787	-0.323678	0.868773
09607	4.964457	1.836571	8.864094	0.030748	0.018884	0.027723	0.821657	0.318218	0.472883	-0.429663	0.890941	0.147018	-0.374527	-0.323978	0.868774
09608	5.027027	1.798889	8.895775	0.008281	0.040152	0.030382	0.821673	0.318622	0.472583	-0.429929	0.890832	0.146900	-0.374186	-0.323881	0.868957
09609	5.016459	1.675782	8.897743	-0.003147	0.053749	0.027780	0.821850	0.318906	0.472082	-0.430016	0.890797	0.146856	-0.373696	-0.323697	0.869236
09610	5.027335	1.747423	8.801268	0.004897	0.076301	0.018358	0.822053	0.319319	0.471450	-0.430171	0.890737	0.146766	-0.373072	-0.323453	0.869595
09611	5.077020	1.640210	8.845383	-0.013235	0.099778	0.011766	0.822292	0.319900	0.470637	-0.430436	0.890623	0.146681	-0.372237	-0.323193	0.870049
09612	4.959008	1.464102	8.765823	-0.005197	0.126187	0.019715	0.822673	0.320487	0.469572	-0.430564	0.890591	0.146497	-0.371246	-0.322700	0.870655
09613	4.835834	1.825864	8.779355	-0.013689	0.121723	0.016095	0.823148	0.320731	0.468572	-0.430344	0.890731	0.146299	-0.370448	-0.322073	0.871227
09614	4.757612	1.773592	8.749862	-0.023705	0.124645	0.019423	0.823522	0.321308	0.467518	-0.430402	0.890759	0.145956	-0.369549	-0.321418	0.871851
09615	4.864527	1.645791	8.840613	-0.027018	0.117682	0.026729	0.823904	0.321792	0.466511	-0.430403	0.890805	0.145670	-0.368695	-0.320806	0.872438
09616	5.107731	1.661513	8.940199	-0.015262	0.125762	0.035848	0.824209	0.322518	0.465470	-0.430628	0.890753	0.145324	-0.367749	-0.320221	0.873052
09617	5.045224	1.628348	8.802898	-0.005793	0.165531	0.024297	0.824822	0.323105	0.463975	-0.430653	0.890748	0.145282	-0.366343	-0.319644	0.873854
09618	4.564152	1.614887	8.727314	-0.010880	0.163544	0.031252	0.825282	0.323908	0.462594	-0.430857	0.890695	0.144997	-0.365065	-0.318975	0.874633
09619	4.561566	1.670418	8.784411	-0.007713	0.136000	0.035945	0.825677	0.324448	0.461508	-0.430916	0.890704	0.144765	-0.364099	-0.318400	0.875245
09620	4.753836	1.656219	8.740411	-0.011831	0.133466	0.029855	0.826031	0.325142	0.460387	-0.431105	0.890659	0.144478	-0.363072	-0.317819	0.875882
09621	4.559939	1.674365	8.746935	-0.015251	0.123242	0.028219	0.826129	0.326070	0.459553	-0.431662	0.890436	0.144193	-0.362186	-0.317494	0.876367
09622	4.766497	1.600116	8.793078	-0.012101	0.111749	0.023278	0.826429	0.326635	0.458611	-0.431797	0.890412	0.143935	-0.361339	-0.316979	0.876903
09623	4.568451	1.541441	8.734415	-0.010662	0.109107	0.013491	0.826572	0.327418	0.457795	-0.432278	0.890197	0.143824	-0.360437	-0.316776	0.877347
09624	4.719455	1.573942	8.871295	-0.006135	0.094703	0.005577	0.826885	0.327771	0.456976	-0.432288	0.890212	0.143700	-0.359705	-0.316369	0.877795
09625	4.757911	1.614794	8.831092	-0.002234	0.103113	0.003691	0.827270	0.328078	0.456057	-0.432283	0.890206	0.143749	-0.358824	-0.316065	0.878264
09626	4.539181	1.656136	8.839655	-0.009171	0.094581	0.002082	0.827597	0.328399	0.455234	-0.432254	0.890242	0.143613	-0.358106	-0.315631	0.878713
09627	4.498062	1.500906	8.837957	-0.006904	0.071223	0.000280	0.828005	0.328260	0.454591	-0.431843	0.890447	0.143580	-0.357658	-0.315197	0.879052
09628	4.586837	1.475016	8.864125	-0.003367	0.061248	0.000932	0.828216	0.328464	0.454059	-0.431825	0.890469	0.143501	-0.357190	-0.314924	0.879340
09629	4.647048	1.534464	8.845043	-0.000719	0.059544	0.005557	0.828358	0.328654	0.453662	-0.431857	0.890461	0.143452	-0.356822	-0.314747	0.879552
09630	4.467548	1.569831	8.828202	0.004815	0.044308	-0.008612	0.828550	0.328720	0.453264	-0.431789	0.890488	0.143488	-0.356459	-0.314602	0.879751
09631	4.730313	1.368499	8.858084	0.003854	0.037163	-0.008374	0.828830	0.328501	0.452910	-0.431466	0.890626	0.143606	-0.356198	-0.314440	0.879915
09632	4.633986	1.493071	8.782645	0.012785	0.039810	-0.008170	0.829004	0.328556	0.452552	-0.431430	0.890627	0.143711	-0.355838	-0.314381	0.880082
09633	4.522685	1.632754	8.811113	0.005754	0.027737	-0.011934	0.829239	0.328320	0.452293	-0.431135	0.890746	0.143856	-0.355648	-0.314290	0.880191
09634	4.623865	1.568546	8.808110	-0.000242	0.017771	-0.006358	0.829326	0.328321	0.452132	-0.431068	0.890781	0.143837	-0.355526	-0.314188	0.880277
09635	4.615922	1.598824	8.763852	-0.001349	0.023661	-0.009622	0.829524	0.328195	0.451860	-0.430880	0.890851	0.143966	-0.355291	-0.314121	0.880396
09636	4.511120	1.664241	8.768464	-0.002722	0.003474	-0.023154	0.829633	0.328002	0.451800	-0.430665	0.890950	0.144002	-0.355298	-0.314043	0.880420
09637	4.559067	1.598451	8.705239	-0.013561	-0.001609	-0.021349	0.829817	0.327581	0.451769	-0.430211	0.891165	0.144028	-0.355420	-0.313873	0.880432
09638	4.507298	1.738237	8.660135	-0.023314	-0.015842	-0.025208	0.829866	0.327308	0.451877	-0.429904	0.891335	0.143892	-0.355676	-0.313675	0.880399
09639	4.571277	1.805864	8.710658	-0.043683	-0.024194	-0.027445	0.829922	0.326764	0.452168	-0.429308	0.891671	0.143588	-0.356266	-0.313286	0.880299
09640	4.274432	1.742473	8.657249	-0.056594	-0.042390	-0.030205	0.829897	0.326363	0.452502	-0.428840	0.891961	0.143182	-0.356885	-0.312877	0.880194
09641	4.393772	1.667629	8.751496	-0.062235	-0.069546	-0.031798	0.829706	0.325969	0.453136	-0.428515	0.892175	0.142826	-0.357720	-0.312679	0.879925
09642	4.434130	1.613570	8.658231	-0.062323	-0.088527	-0.037771	0.829547	0.325357	0.453866	-0.427964	0.892507	0.142404	-0.358746	-0.312369	0.879618
09643	4.394866	1.773629	8.796058	-0.047590	-0.122438	-0.047676	0.829200	0.324689	0.454978	-0.427597	0.892710	0.142228	-0.359984	-0.312483	0.879071
09644	4.397569	1.660704	8.599684	-0.063179	-0.146401	-0.052845	0.828894	0.323761	0.456194	-0.426917	0.893093	0.141869	-0.361492	-0.312352	0.878499
09645	5.443426	1.311016	9.246681	-0.032690	-0.155774	-0.071267	0.828514	0.322781	0.457578	-0.426414	0.893324	0.141926	-0.362955	-0.312705	0.877770
09646	4.823099	1.138104	8.815784	0.008134	-0.083226	-0.083141	0.828562	0.321780	0.458195	-0.425741	0.893580	0.142333	-0.363634	-0.313004	0.877381
09647	5.009134	1.434683	9.060095	0.026384	-0.052061	-0.087566	0.828879	0.320520	0.458505	-0.424782	0.893929	0.143009	-0.364034	-0.313302	0.877110
09648	5.283062	1.575739	9.254213	0.012928	-0.028524	-0.078300	0.829104	0.319732	0.458648	-0.424165	0.894153	0.143437	-0.364240	-0.313467	0.876965
09649	4.925328	1.270748	8.979505	0.027179	0.057706	-0.084255	0.829784	0.318957	0.457957	-0.423359	0.894420	0.144152	-0.363628	-0.313496	0.877209
09650	4.744946	1.656167	9.206857	0.034660	0.047265	-0.071358	0.830255	0.318468	0.457444	-0.422878	0.894553	0.144739	-0.363113	-0.313613	0.877380
09651	4.668699	1.784540	9.009725	0.017142	0.032387	-0.066120	0.830811	0.317693	0.456973	-0.422088	0.894837	0.145287	-0.362760	-0.313589	0.877535
09652	4.436372	1.462158	9.143231	0.019888	0.009929	-0.048921	0.831050	0.317287	0.456820	-0.421739	0.894944	0.145641	-0.362618	-0.313694	0.877556
09653	4.757511	1.432112	8.993548	0.036902	-0.012301	-0.042486	0.831172	0.316763	0.456962	-0.421438	0.895003	0.146148	-0.362688	-0.314055	0.877398
09654	4.609395	1.352994	9.023004	0.058971	-0.015659	-0.051148	0.831328	0.316257	0.457029	-0.421212	0.894994	0.146855	-0.362594	-0.314591	0.877245
09655	4.683341	1.241443	9.087829	0.101360	-0.045279	-0.060641	0.831597	0.315265	0.457225	-0.420748	0.895002	0.148131	-0.362517	-0.315562	0.876928
09656	4.683023	1.372776	9.043812	0.133687	-0.056588	-0.063098	0.831654	0.314522	0.457632	-0.420692	0.894792	0.149549	-0.362449	-0.316895	0.876475
09657	4.642642	1.195315	9.128448	0.151899	-0.082695	-0.078864	0.831642	0.313551	0.458321	-0.420620	0.894540	0.151251	-0.362562	-0.318566	0.875822
09658	4.666933	1.093618	8.999168	0.225781	-0.103505	-0.085462	0.831623	0.312457	0.459102	-0.420713	0.894100	0.153576	-0.362497	-0.320868	0.875009
09659	4.743143	2.004808	8.995068	0.231143	-0.147659	-0.088866	0.831381	0.311251	0.460357	-0.420923	0.893580	0.156007	-0.362809	-0.323476	0.873918
09660	4.704201	1.572988	9.061164	0.236137	-0.171031	-0.082926	0.831106	0.309956	0.461725	-0.421076	0.893086	0.158409	-0.363261	-0.326076	0.872764
09661	4.795818	1.795791	8.875187	0.266573	-0.182853	-0.087190	0.830806	0.308556	0.463200	-0.421324	0.892471	0.161186	-0.363658	-0.329072	0.871473
09662	4.789134	2.303340	8.899029	0.256777	-0.180097	-0.084218	0.830503	0.307210	0.464636	-0.421543	0.891897	0.163770	-0.364096	-0.331876	0.870225
09663	4.716421	1.931147	8.866745	0.217008	-0.189421	-0.080268	0.830217	0.305655	0.466171	-0.421460	0.891515	0.166050	-0.364844	-0.334330	0.868972
09664	4.868117	1.611663	8.874293	0.225779	-0.192450	-0.074742	0.829826	0.304343	0.467722	-0.421649	0.891000	0.168317	-0.365514	-0.336888	0.867701
09665	4.709288	1.993779	8.803917	0.228998	-0.187718	-0.074589	0.829415	0.303006	0.469316	-0.421865	0.890455	0.170647	-0.366197	-0.339525	0.866384
09666	4.746310	2.112440	8.743154	0.206391	-0.199675	-0.071744	0.828983	0.301688	0.470926	-0.422011	0.889984	0.172729	-0.367007	-0.341925	0.865097
09667	4.847201	2.245784	8.721828	0.169055	-0.191268	-0.063669	0.828553	0.300467	0.472461	-0.422133	0.889568	0.174563	-0.367836	-0.344076	0.863891
09668	4.780354	2.224600	8.647796	0.134983	-0.194780	-0.046814	0.828030	0.299379	0.474066	-0.422227	0.889258	0.175908	-0.368904	-0.345820	0.862739
09669	4.725329	2.530342	8.572181	0.083431	-0.198502	-0.022095	0.827506	0.298221	0.475709	-0.422066	0.889162	0.176779	-0.370263	-0.347067	0.861655
09670	4.800997	2.626233	8.621721	0.006756	-0.203791	0.018197	0.826670	0.297675	0.477501	-0.422226	0.889100	0.176709	-0.371944	-0.347693	0.860678
09671	4.799048	2.515890	8.587999	-0.041224	-0.201919	0.047403	0.825736	0.297159	0.479433	-0.422241	0.889217	0.176085	-0.373995	-0.347836	0.859731
09672	4.883216	2.330327	8.599599	-0.067768	-0.210720	0.067670	0.824657	0.297028	0.481368	-0.422529	0.889267	0.175136	-0.376045	-0.347819	0.858844
09673	5.031244	2.202478	8.585345	-0.086695	-0.206956	0.073272	0.823535	0.296745	0.483460	-0.422616	0.889460	0.173946	-0.378400	-0.347569	0.857910
09674	5.077117	1.985868	8.625798	-0.086116	-0.186999	0.076099	0.822500	0.296772	0.485200	-0.422899	0.889549	0.172797	-0.380328	-0.347316	0.857159
09675	5.081597	2.023744	8.586003	-0.077058	-0.173321	0.075738	0.821498	0.296776	0.486892	-0.423192	0.889607	0.171778	-0.382163	-0.347165	0.856404
09676	5.137098	1.943269	8.606253	-0.090548	-0.162045	0.068422	0.820585	0.296822	0.488402	-0.423390	0.889734	0.170628	-0.383902	-0.346799	0.855774
09677	5.021984	2.158026	8.623456	-0.088550	-0.152455	0.070636	0.819845	0.296598	0.489780	-0.423287	0.889981	0.169592	-0.385595	-0.346356	0.855192
09678	5.012965	2.200547	8.617888	-0.107798	-0.154269	0.082142	0.818898	0.296794	0.491243	-0.423526	0.890127	0.168226	-0.387340	-0.345814	0.854623
09679	5.062094	2.243598	8.669660	-0.130990	-0.151922	0.105667	0.817705	0.297349	0.492891	-0.424096	0.890169	0.166557	-0.389231	-0.345227	0.854001
09680	5.034910	2.022788	8.687929	-0.150443	-0.137979	0.114226	0.816679	0.297889	0.494264	-0.424425	0.890364	0.164667	-0.391023	-0.344258	0.853574
09681	5.054168	1.930668	8.661649	-0.137598	-0.145378	0.114433	0.815701	0.298120	0.495739	-0.424529	0.890633	0.162935	-0.392947	-0.343361	0.853051
09682	4.989415	1.921347	8.664619	-0.143684	-0.156367	0.122816	0.814560	0.298676	0.497277	-0.424946	0.890776	0.161058	-0.394858	-0.342507	0.852512
09683	5.136529	1.579768	8.687605	-0.128981	-0.176676	0.110222	0.813354	0.298921	0.499100	-0.425227	0.890946	0.159364	-0.397034	-0.341850	0.851764
09684	5.076982	1.661079	8.691935	-0.103613	-0.191192	0.104000	0.812148	0.299193	0.500899	-0.425642	0.891005	0.157920	-0.399055	-0.341458	0.850977
09685	5.114943	2.066440	8.688776	-0.093528	-0.214184	0.118789	0.810734	0.299540	0.502977	-0.426299	0.890931	0.156559	-0.401222	-0.341347	0.850002
09686	5.046387	2.358114	8.687288	-0.122080	-0.224948	0.154025	0.809168	0.300144	0.505134	-0.427037	0.890902	0.154704	-0.403591	-0.340893	0.849062
09687	4.838930	2.325265	8.677190	-0.157359	-0.257790	0.202275	0.807239	0.300947	0.507737	-0.427941	0.890877	0.152331	-0.406487	-0.340249	0.847938
09688	5.174522	2.042707	8.555920	-0.165110	-0.275205	0.243307	0.805070	0.302177	0.510442	-0.429210	0.890720	0.149652	-0.409440	-0.339567	0.846790
09689	4.928154	1.759997	8.628877	-0.111906	-0.274620	0.284731	0.802794	0.303608	0.513170	-0.430879	0.890302	0.147328	-0.412147	-0.339388	0.845548
09690	4.943656	1.836100	8.684277	-0.066879	-0.348444	0.334878	0.799903	0.305403	0.516609	-0.433266	0.889526	0.144998	-0.415254	-0.339813	0.843855
09691	5.047231	2.263062	8.555197	-0.049883	-0.354091	0.404343	0.796601	0.307806	0.520272	-0.436350	0.888422	0.142494	-0.418361	-0.340531	0.842029
09692	4.655622	2.718460	8.868582	-0.056101	-0.387562	0.462065	0.792946	0.310585	0.524189	-0.439767	0.887201	0.139568	-0.421713	-0.341191	0.840087
09693	4.931520	0.978042	8.632737	-0.207580	-0.497126	0.481841	0.788876	0.312829	0.528973	-0.442343	0.886570	0.135373	-0.426624	-0.340780	0.837772
09694	5.162374	0.924363	8.758103	-0.057151	-0.517568	0.439097	0.784704	0.314951	0.533897	-0.445532	0.885403	0.132521	-0.430976	-0.341858	0.835100
09695	5.357182	0.194347	8.822352	0.020772	-0.590660	0.358370	0.780507	0.316062	0.539364	-0.448435	0.884193	0.130797	-0.435562	-0.343958	0.831852
09696	5.123049	0.706577	8.885889	0.068280	-0.676621	0.281560	0.776274	0.316211	0.545353	-0.450905	0.883084	0.129797	-0.440549	-0.346660	0.828096
09697	5.077317	0.721312	8.886409	0.104811	-0.767393	0.219241	0.771967	0.315255	0.551980	-0.452844	0.882135	0.129503	-0.446094	-0.349932	0.823740
09698	5.190725	0.479500	8.897495	0.149432	-0.878064	0.153284	0.767324	0.313513	0.559395	-0.454673	0.881144	0.129839	-0.452201	-0.353970	0.818669
09699	5.038511	0.673450	8.934812	0.207495	-0.990679	0.088771	0.762402	0.310692	0.567638	-0.456248	0.880149	0.131052	-0.458890	-0.358898	0.812780
09700	5.126135	0.664274	8.702393	0.242425	-1.112952	0.040696	0.757065	0.307022	0.576707	-0.457657	0.879164	0.132742	-0.466265	-0.364428	0.806095
09701	5.323856	0.355396	8.742007	0.285574	-1.221704	-0.017632	0.751407	0.302249	0.586543	-0.458742	0.878236	0.135124	-0.474282	-0.370605	0.798566
09702	5.312237	1.093040	8.709878	0.339313	-1.330742	-0.050904	0.745270	0.296821	0.597051	-0.459961	0.877137	0.138083	-0.482710	-0.377529	0.790230
09703	5.386051	1.280715	8.789049	0.339283	-1.464735	-0.060658	0.738462	0.290591	0.608466	-0.461052	0.876074	0.141158	-0.492042	-0.384775	0.780924
09704	5.345540	1.563179	8.798449	0.356372	-1.604385	-0.042956	0.730680	0.283977	0.620857	-0.462484	0.874831	0.144150	-0.502210	-0.392464	0.770557
09705	5.406806	2.196955	8.764834	0.314653	-1.765162	0.007769	0.721576	0.277179	0.634429	-0.464356	0.873442	0.146538	-0.513519	-0.400339	0.758964
09706	5.431650	2.156744	8.701664	0.290879	-1.937371	0.072447	0.711164	0.269977	0.649121	-0.466362	0.872087	0.148226	-0.526072	-0.408139	0.746104
09707	5.574970	2.290713	8.715392	0.252219	-2.124614	0.154936	0.699098	0.262507	0.665096	-0.468737	0.870671	0.149056	-0.539951	-0.415960	0.731731
09708	5.489092	2.432174	8.561742	0.209057	-2.308753	0.240461	0.685323	0.254902	0.682171	-0.471520	0.869191	0.148915	-0.554978	-0.423712	0.715868
09709	5.381728	1.822463	8.377947	0.183184	-2.542533	0.316228	0.669581	0.246727	0.700562	-0.474687	0.867599	0.148140	-0.571256	-0.431739	0.698045
09710	5.761774	1.534468	8.472158	0.222111	-2.795310	0.381486	0.651545	0.237840	0.720362	-0.478467	0.865726	0.146925	-0.588691	-0.440398	0.677858
09711	5.581020	1.659386	8.362983	0.233442	-3.065747	0.436338	0.630961	0.228124	0.741517	-0.482967	0.863498	0.145308	-0.607150	-0.449812	0.655010
09712	5.167750	1.163346	8.124817	0.272827	-3.339298	0.492231	0.607967	0.217181	0.763681	-0.487670	0.861183	0.143325	-0.626541	-0.459561	0.629483
09713	6.066160	-0.058478	8.049909	0.470112	-3.672774	0.488769	0.581881	0.204478	0.787149	-0.493932	0.857777	0.142303	-0.646100	-0.471601	0.600123
09714	6.401563	-0.317344	8.068549	0.817091	-3.958206	0.400086	0.553942	0.188936	0.810834	-0.501529	0.853098	0.143848	-0.664543	-0.486340	0.567324
09715	6.279971	-0.430728	7.967528	1.098850	-4.273186	0.222436	0.523712	0.169869	0.834788	-0.510567	0.847013	0.147953	-0.681943	-0.503700	0.530320
09716	7.272998	0.475538	7.875859	1.250525	-4.651481	0.016313	0.491495	0.146153	0.858529	-0.519255	0.840599	0.154165	-0.699147	-0.521567	0.489041
09717	7.634165	0.630372	8.336046	1.241063	-5.058319	-0.207679	0.456450	0.117766	0.881921	-0.527708	0.833879	0.161772	-0.716364	-0.539238	0.442770
09718	8.200347	0.339244	7.568261	1.218080	-5.387042	-0.424967	0.419638	0.084755	0.903726	-0.534645	0.827670	0.170636	-0.733525	-0.554778	0.392636
09719	10.172436	-0.013000	8.572157	1.285510	-5.734125	-0.601798	0.379930	0.047644	0.923787	-0.542203	0.820593	0.180673	-0.749446	-0.569523	0.337601
09720	11.520917	2.614886	9.246420	1.127370	-5.937754	-0.607328	0.338270	0.008525	0.941010	-0.548524	0.814307	0.189804	-0.764653	-0.580372	0.280132
09721	10.853388	0.222949	7.860927	1.004155	-5.966272	-0.663838	0.295468	-0.031677	0.954827	-0.554553	0.808148	0.198415	-0.777927	-0.588127	0.221216
09722	12.850554	2.130885	8.896785	1.201880	-6.167885	-0.688204	0.250992	-0.073703	0.965179	-0.562050	0.800703	0.207302	-0.788101	-0.594510	0.159546
09723	15.242590	6.983834	9.945211	1.129261	-6.152991	-0.521987	0.205155	-0.114521	0.972006	-0.569977	0.793364	0.213775	-0.795637	-0.597878	0.097488
09724	9.792075	7.894144	7.514448	0.597827	-6.096576	-0.183323	0.157440	-0.152333	0.975709	-0.574388	0.789583	0.215957	-0.803300	-0.594436	0.036813
09725	14.834698	7.732721	10.227619	0.490624	-6.566594	0.274553	0.102934	-0.188895	0.976587	-0.578755	0.787125	0.213251	-0.808979	-0.587156	-0.028302
09726	15.426863	3.445728	11.573791	0.722273	-5.850246	0.336742	0.053613	-0.220428	0.973929	-0.584827	0.783623	0.209550	-0.809384	-0.580815	-0.086900
09727	11.328163	-0.115715	10.523750	1.966895	-5.557992	0.223332	0.007674	-0.250950	0.967970	-0.600806	0.772643	0.205074	-0.799358	-0.583136	-0.144843
09728	11.779752	0.639063	8.682694	3.576356	-4.614142	-0.044554	-0.028436	-0.278554	0.959999	-0.628968	0.751424	0.199403	-0.776911	-0.598139	-0.196569
09729	17.871339	8.260662	18.302356	4.528868	-2.857400	0.524269	-0.053446	-0.292016	0.954919	-0.663383	0.725146	0.184622	-0.746368	-0.623610	-0.232475
09730	35.855277	19.276595	28.917232	2.556007	0.604135	1.067289	-0.056174	-0.280521	0.958203	-0.681627	0.712035	0.168494	-0.729540	-0.643672	-0.231209
09731	8.384236	15.499577	17.886944	0.518071	3.084248	1.438414	-0.043310	-0.250038	0.967267	-0.684899	0.712295	0.153461	-0.727350	-0.655834	-0.202100
09732	4.126612	9.754225	13.961134	-0.735386	3.807305	1.766583	-0.027548	-0.212337	0.976808	-0.678865	0.721247	0.137638	-0.733746	-0.659329	-0.164017
09733	3.004812	3.753399	10.809133	-0.944527	4.091059	1.906893	-0.010023	-0.171249	0.985177	-0.671798	0.730914	0.120217	-0.740666	-0.660635	-0.122371
09734	3.314903	1.408355	9.294623	-0.506548	4.349991	1.787599	0.010290	-0.129326	0.991549	-0.668005	0.736987	0.103056	-0.744086	-0.663420	-0.078806
09735	4.084965	2.559759	8.854969	-0.079064	4.804128	1.522648	0.036076	-0.085801	0.995659	-0.668069	0.738891	0.087880	-0.743224	-0.668340	-0.030665
09736	3.872602	4.679326	8.615164	-0.036428	5.318443	1.259152	0.067123	-0.040856	0.996908	-0.668414	0.739965	0.075331	-0.740754	-0.671404	0.022360
09737	2.770546	5.715164	8.013421	-0.415538	5.728880	1.058159	0.102635	0.005759	0.994702	-0.666569	0.742650	0.064478	-0.738344	-0.669656	0.080060
09738	0.926048	4.697847	6.855917	-0.927975	5.933480	0.907952	0.140391	0.052018	0.988729	-0.660789	0.748594	0.054442	-0.737325	-0.660985	0.139469
09739	-0.380803	2.190801	5.709403	-1.207339	5.893491	0.787389	0.178788	0.096909	0.979103	-0.653505	0.755610	0.044544	-0.735504	-0.647813	0.198425
09740	-0.835893	-0.416845	5.435327	-1.071485	5.682402	0.653302	0.216216	0.138265	0.966506	-0.646902	0.761735	0.035747	-0.731279	-0.632963	0.254144
09741	1.009021	-2.024690	6.160935	-0.553080	5.465841	0.453078	0.253121	0.176427	0.951212	-0.644326	0.764173	0.029721	-0.721647	-0.620413	0.307105
09742	3.785087	-1.359606	7.535746	0.024904	5.501710	0.184695	0.291219	0.211690	0.932941	-0.644974	0.763690	0.028043	-0.706541	-0.609890	0.358935
09743	5.331450	0.502380	8.412612	0.317769	5.719009	-0.058732	0.331499	0.246341	0.910727	-0.647413	0.761562	0.029661	-0.686269	-0.599449	0.411941
09744	5.644733	1.962020	8.660133	0.261062	5.894349	-0.243363	0.372870	0.279433	0.884808	-0.648288	0.760681	0.032965	-0.663845	-0.585902	0.464788
09745	6.105123	1.867270	8.758333	0.064175	5.921307	-0.400117	0.414080	0.311152	0.855408	-0.647556	0.761138	0.036603	-0.639695	-0.569081	0.516660
09746	7.060475	0.769741	8.984885	-0.017898	5.851046	-0.570666	0.454461	0.339547	0.823513	-0.644938	0.763120	0.041267	-0.614427	-0.549868	0.565795
09747	9.112074	-0.265191	9.668586	0.107231	5.780298	-0.763094	0.494037	0.365545	0.788862	-0.642398	0.764874	0.047882	-0.585877	-0.530419	0.612702
09748	11.518889	0.296270	10.227930	0.339792	5.775768	-0.939144	0.532980	0.388443	0.751694	-0.639488	0.766668	0.057240	-0.554065	-0.511207	0.657023
09749	12.840230	2.129695	10.376935	0.362034	5.790848	-1.067418	0.570793	0.409896	0.711464	-0.635981	0.768762	0.067328	-0.519349	-0.490907	0.699490
09750	13.032958	2.867682	10.095371	0.157191	5.719415	-1.169523	0.606911	0.428314	0.669482	-0.629862	0.772931	0.076497	-0.484699	-0.468108	0.738879
09751	12.949541	2.452364	9.581198	-0.025859	5.538347	-1.275911	0.640669	0.444287	0.626221	-0.622210	0.778289	0.084390	-0.449888	-0.443707	0.775065
09752	12.473981	1.720539	9.361885	-0.088283	5.272351	-1.392891	0.672092	0.456155	0.583280	-0.612667	0.784960	0.092074	-0.415851	-0.419239	0.807036
09753	12.968863	1.617416	9.559052	0.018272	4.940939	-1.473184	0.700607	0.465287	0.540979	-0.603040	0.791377	0.100331	-0.381435	-0.396524	0.835031
09754	14.436074	2.757550	10.013502	0.129670	4.668017	-1.519514	0.726700	0.471240	0.499839	-0.592655	0.798007	0.109293	-0.347372	-0.375656	0.859195
09755	15.883972	3.998790	10.336316	0.091785	4.486922	-1.557665	0.750523	0.475695	0.458727	-0.581839	0.804787	0.117391	-0.313335	-0.355010	0.880789
09756	17.109231	4.033235	10.159209	-0.000335	4.415986	-1.630594	0.773001	0.477726	0.417429	-0.569407	0.812575	0.124486	-0.279723	-0.333915	0.900142
09757	17.413025	3.344862	9.289363	0.007503	4.375124	-1.712423	0.793979	0.478362	0.375189	-0.556350	0.820526	0.131193	-0.245094	-0.312901	0.917617
09758	17.041592	2.274796	8.215070	0.130955	4.307744	-1.803634	0.813680	0.476553	0.332898	-0.542144	0.828752	0.138744	-0.209771	-0.293372	0.932700
09759	16.773906	0.978588	7.626601	0.328122	4.204338	-1.911492	0.831825	0.472987	0.290431	-0.527330	0.836732	0.147653	-0.173175	-0.275975	0.945436
09760	16.176688	-1.183394	7.059193	0.527373	4.069032	-1.962609	0.848314	0.467424	0.248754	-0.511657	0.844554	0.157910	-0.136275	-0.261234	0.955608
09761	16.022733	-1.986263	6.842881	0.903504	3.873272	-1.862829	0.862137	0.461875	0.208306	-0.497035	0.850769	0.170727	-0.098366	-0.250726	0.963048
09762	16.002451	0.235386	6.743125	0.978050	3.650128	-1.550088	0.872665	0.457654	0.170317	-0.484376	0.855493	0.183060	-0.061927	-0.242247	0.968236
09763	15.787473	2.145931	6.171017	0.576459	3.410298	-1.109103	0.879432	0.456486	0.134979	-0.475133	0.859100	0.190252	-0.029113	-0.231447	0.972412
09764	15.417542	1.759271	4.963893	0.032695	3.111757	-0.671698	0.883076	0.457698	0.103384	-0.469226	0.862103	0.191323	-0.001560	-0.217463	0.976067
09765	15.177850	0.083638	3.198870	-0.203887	2.732818	-0.305122	0.884137	0.461013	0.075955	-0.466720	0.863855	0.189545	0.021769	-0.203034	0.978930
09766	15.903800	-1.393152	1.222171	-0.055547	2.304707	-0.008501	0.883439	0.465498	0.053363	-0.466673	0.864008	0.188959	0.041854	-0.191837	0.980534
09767	16.571589	-1.702918	-0.864199	0.334629	1.858583	0.263690	0.881205	0.471396	0.035543	-0.468924	0.862100	0.192079	0.059904	-0.185928	0.980736
09768	16.036500	-0.383386	-2.616945	0.607124	1.331295	0.480914	0.878042	0.478010	0.023435	-0.472758	0.858696	0.197842	0.074447	-0.184792	0.979954
09769	14.995425	0.949945	-3.265539	0.532527	0.635646	0.611414	0.874617	0.484464	0.018403	-0.477730	0.854752	0.202909	0.082572	-0.186259	0.979025
09770	15.175346	1.402972	-2.501432	0.242707	-0.115391	0.626619	0.871698	0.489601	0.020816	-0.483014	0.851249	0.205114	0.082704	-0.188852	0.978517
09771	15.630366	1.479400	-1.233869	-0.018283	-0.690963	0.506763	0.869811	0.492554	0.028634	-0.487406	0.848813	0.204823	0.076582	-0.192114	0.978380
09772	10.347288	1.734854	1.056499	-0.266854	-1.030715	0.339682	0.868881	0.493449	0.039416	-0.490562	0.847659	0.202049	0.066290	-0.194893	0.978582
09773	11.020993	2.239420	-2.669405	-0.222422	-2.905915	0.168373	0.869632	0.488963	0.068227	-0.492085	0.847301	0.199835	0.039903	-0.207357	0.977451
09774	-7.984302	4.433414	6.323903	-0.546416	-3.263356	0.301032	0.868937	0.484571	0.100699	-0.494845	0.847004	0.194196	0.008809	-0.218574	0.975781
09775	7.283598	7.864497	17.647098	-1.263563	-2.961645	0.432999	0.866629	0.481594	0.130464	-0.498412	0.847743	0.181430	-0.023224	-0.222257	0.974711
09776	-0.464395	6.414212	13.222320	-1.594091	-2.866165	0.626589	0.862350	0.480541	0.159474	-0.503204	0.848280	0.164945	-0.056015	-0.222489	0.973325
09777	2.721203	-5.734395	8.712861	-1.179924	-3.188024	0.497240	0.857581	0.477453	0.191296	-0.506516	0.848602	0.152699	-0.089428	-0.227847	0.969582
09778	7.748898	-6.655230	11.909721	-0.348035	-3.486301	0.248167	0.852647	0.471385	0.225364	-0.508275	0.848248	0.148771	-0.121036	-0.241396	0.962849
09779	15.294561	-6.354342	14.533914	0.031551	-2.903039	0.327062	0.847162	0.466822	0.253760	-0.510995	0.846686	0.148345	-0.145604	-0.255342	0.955824
09780	11.218925	-7.812400	12.358629	0.473253	-2.206977	0.547648	0.840951	0.465663	0.275609	-0.516346	0.842899	0.151355	-0.161830	-0.269592	0.949279
09781	6.380408	-0.777608	11.984881	0.858167	-2.097016	0.586246	0.834428	0.464620	0.296410	-0.522588	0.837850	0.157824	-0.175018	-0.286593	0.941930
09782	6.029222	4.493493	10.765182	0.893557	-2.023157	0.375322	0.828788	0.461794	0.316001	-0.527327	0.833485	0.165010	-0.187181	-0.303394	0.934299
09783	5.110084	6.678372	9.314704	0.828572	-2.008232	-0.044379	0.825192	0.455028	0.334675	-0.528449	0.831172	0.172901	-0.199498	-0.319536	0.926336
09784	5.831553	4.028821	9.595078	0.620041	-2.011568	-0.145264	0.821807	0.447257	0.352979	-0.528529	0.829813	0.179072	-0.212815	-0.333723	0.918335
09785	6.520947	1.824114	10.157239	0.702885	-1.881730	-0.181137	0.818711	0.439168	0.369926	-0.528445	0.828294	0.186210	-0.224630	-0.347937	0.910209
09786	15.845739	6.686675	14.620115	0.041165	-1.660481	0.119201	0.814233	0.434320	0.385214	-0.529510	0.827642	0.186086	-0.237999	-0.355492	0.903871
09787	9.829944	6.708989	9.301760	-0.153047	-0.583681	0.010711	0.812843	0.432115	0.390593	-0.529064	0.828230	0.184732	-0.243675	-0.356807	0.901838
09788	4.796125	2.721916	9.370278	-0.279529	-0.711252	-0.060410	0.811398	0.429080	0.396893	-0.527877	0.829502	0.182406	-0.250957	-0.357515	0.899558
09789	6.572038	-0.820943	10.098610	-0.225218	-0.492317	-0.009196	0.810278	0.426999	0.401400	-0.527046	0.830446	0.180504	-0.256266	-0.357814	0.897940
09790	6.223316	1.333732	9.343133	0.037805	-0.358730	0.014732	0.809271	0.425840	0.404650	-0.527257	0.830261	0.180737	-0.259000	-0.359620	0.896433
09791	4.727223	3.686055	9.140627	-0.017734	-0.218373	-0.028337	0.808929	0.424577	0.406655	-0.526798	0.830545	0.180774	-0.260993	-0.360458	0.895518
