// General information: 
//  MT Manager version: 2022.2.0 
//  XDA version: 2022.2.0 build 7381 rev 124627 built on 2023-07-19
// Device information: 
//  DeviceId: 00B4CBA7
//  ProductCode: MTW2-3A7G6
//  Firmware Version: 4.6.0
//  Hardware Version: 2.0.0
// Device settings: 
//  Filter Profile: human(46.1)
//  Option Flags: Orientation Smoother Disabled, Position/Velocity Smoother Disabled, Continuous Zero Rotation Update Disabled, AHS Disabled, ICC Disabled
// Coordinate system: ENU
PacketCounter	Acc_X	Acc_Y	Acc_Z	Gyr_X	Gyr_Y	Gyr_Z	Mat[1][1]	Mat[2][1]	Mat[3][1]	Mat[1][2]	Mat[2][2]	Mat[3][2]	Mat[1][3]	Mat[2][3]	Mat[3][3]
50796	9.684052	-0.392128	-1.484620	0.005374	-0.012816	0.004818	-0.132173	-0.072937	0.988540	-0.710217	0.702661	-0.043115	-0.691464	-0.707776	-0.144674
50797	9.654494	-0.418290	-1.523929	0.010079	-0.009434	0.005162	-0.132193	-0.073041	0.988529	-0.710333	0.702546	-0.043081	-0.691341	-0.707880	-0.144755
50798	9.657652	-0.372707	-1.495738	0.006796	-0.006506	0.004555	-0.132228	-0.073067	0.988523	-0.710378	0.702499	-0.043097	-0.691287	-0.707924	-0.144795
50799	9.658695	-0.427807	-1.491985	0.008545	-0.005675	0.007387	-0.132323	-0.073086	0.988509	-0.710385	0.702489	-0.043154	-0.691262	-0.707932	-0.144874
50800	9.661169	-0.415923	-1.471799	0.008461	-0.006086	0.005919	-0.132364	-0.073100	0.988502	-0.710440	0.702431	-0.043186	-0.691198	-0.707988	-0.144910
50801	9.680807	-0.408113	-1.508706	0.006819	-0.004622	0.005616	-0.132479	-0.073167	0.988482	-0.710456	0.702412	-0.043225	-0.691159	-0.707999	-0.145037
50802	9.658416	-0.429818	-1.493213	0.003475	-0.000221	0.004602	-0.132471	-0.073149	0.988484	-0.710479	0.702389	-0.043237	-0.691138	-0.708025	-0.145017
50803	9.638643	-0.438913	-1.456827	0.011525	-0.001241	0.005958	-0.132508	-0.073189	0.988476	-0.710563	0.702303	-0.043253	-0.691044	-0.708106	-0.145066
50804	9.639313	-0.405986	-1.448825	0.008255	-0.003553	0.003638	-0.132516	-0.073201	0.988474	-0.710620	0.702245	-0.043262	-0.690984	-0.708162	-0.145077
50805	9.660866	-0.418929	-1.472937	0.011441	-0.001652	0.004491	-0.132530	-0.073215	0.988471	-0.710662	0.702201	-0.043272	-0.690938	-0.708204	-0.145094
50806	9.639947	-0.373662	-1.440942	0.013106	-0.001232	0.005854	-0.132538	-0.073195	0.988472	-0.710750	0.702111	-0.043310	-0.690846	-0.708296	-0.145080
50807	9.663366	-0.407702	-1.452462	0.008424	-0.002729	0.006573	-0.132700	-0.073305	0.988442	-0.710872	0.701982	-0.043375	-0.690689	-0.708412	-0.145263
50808	9.664023	-0.374943	-1.444586	0.008485	-0.004202	0.006980	-0.132736	-0.073299	0.988437	-0.710927	0.701925	-0.043418	-0.690626	-0.708469	-0.145281
50809	9.665052	-0.430010	-1.440718	0.005215	-0.006514	0.004661	-0.132926	-0.073213	0.988418	-0.710838	0.702003	-0.043598	-0.690681	-0.708400	-0.145357
50810	9.658628	-0.401495	-1.486942	0.003598	-0.003166	0.005417	-0.132945	-0.073211	0.988416	-0.710860	0.701980	-0.043618	-0.690654	-0.708424	-0.145367
50811	9.638072	-0.444160	-1.459009	0.008486	-0.004202	0.006980	-0.133099	-0.073269	0.988391	-0.710979	0.701854	-0.043713	-0.690503	-0.708543	-0.145509
50812	9.633522	-0.436594	-1.492590	0.006675	-0.003562	0.003742	-0.133109	-0.073281	0.988389	-0.711025	0.701807	-0.043722	-0.690454	-0.708588	-0.145522
50813	9.636828	-0.390859	-1.463881	0.003477	-0.000220	0.004601	-0.133219	-0.073380	0.988366	-0.711119	0.701709	-0.043752	-0.690335	-0.708675	-0.145663
50814	9.658390	-0.403730	-1.487882	0.001872	-0.002113	0.003646	-0.133219	-0.073383	0.988366	-0.711132	0.701695	-0.043753	-0.690321	-0.708688	-0.145664
50815	9.682582	-0.403955	-1.491021	0.001860	0.003129	0.005357	-0.133194	-0.073311	0.988375	-0.711072	0.701755	-0.043773	-0.690388	-0.708636	-0.145599
50816	9.660263	-0.425453	-1.475020	0.000109	0.002297	0.002527	-0.133155	-0.073290	0.988382	-0.711074	0.701754	-0.043760	-0.690393	-0.708640	-0.145557
50817	9.638657	-0.413549	-1.451046	0.003707	-0.000869	0.007943	-0.133211	-0.073193	0.988381	-0.710987	0.701836	-0.043851	-0.690472	-0.708568	-0.145532
50818	9.613679	-0.447881	-1.456004	0.001751	0.000832	0.002830	-0.133185	-0.073181	0.988386	-0.711000	0.701824	-0.043844	-0.690464	-0.708582	-0.145504
50819	9.659464	-0.460512	-1.483038	0.009801	-0.000190	0.004186	-0.133157	-0.073152	0.988392	-0.711004	0.701819	-0.043844	-0.690465	-0.708589	-0.145464
50820	9.640473	-0.435872	-1.438350	0.015980	0.000900	0.001895	-0.133123	-0.073146	0.988397	-0.711117	0.701705	-0.043848	-0.690356	-0.708703	-0.145429
50821	9.669891	-0.410711	-1.400063	0.016041	-0.000572	0.002303	-0.133287	-0.073243	0.988367	-0.711274	0.701540	-0.043932	-0.690162	-0.708856	-0.145602
50822	9.668018	-0.390495	-1.412553	0.011552	0.000642	0.007016	-0.133293	-0.073203	0.988370	-0.711349	0.701461	-0.043980	-0.690083	-0.708938	-0.145573
50823	9.641932	-0.370500	-1.421941	0.008196	-0.002082	0.003231	-0.133299	-0.073235	0.988366	-0.711454	0.701355	-0.043984	-0.689974	-0.709040	-0.145593
50824	9.641845	-0.371133	-1.422365	0.003864	-0.007169	0.008110	-0.133366	-0.073242	0.988357	-0.711475	0.701331	-0.044033	-0.689940	-0.709063	-0.145644
50825	9.687546	-0.383757	-1.449953	0.000035	-0.003357	-0.000650	-0.133287	-0.073302	0.988363	-0.711454	0.701358	-0.043928	-0.689977	-0.709030	-0.145633
50826	9.639073	-0.384406	-1.443960	0.001992	-0.005057	0.004463	-0.133314	-0.073320	0.988358	-0.711467	0.701345	-0.043937	-0.689959	-0.709041	-0.145664
50827	9.689239	-0.405392	-1.438259	-0.004162	-0.004261	0.007813	-0.133448	-0.073438	0.988331	-0.711526	0.701284	-0.043964	-0.689872	-0.709090	-0.145838
50828	9.640719	-0.406437	-1.432466	-0.002630	-0.008023	0.005592	-0.133503	-0.073470	0.988321	-0.711505	0.701304	-0.043977	-0.689882	-0.709067	-0.145901
50829	9.665554	-0.373239	-1.428294	-0.004126	-0.007618	0.007163	-0.133683	-0.073563	0.988290	-0.711543	0.701260	-0.044050	-0.689808	-0.709100	-0.146090
50830	9.664632	-0.407501	-1.437244	-0.005561	-0.008685	0.009142	-0.133768	-0.073574	0.988278	-0.711498	0.701304	-0.044095	-0.689838	-0.709056	-0.146160
50831	9.657387	-0.412706	-1.491919	-0.004186	-0.006146	0.006754	-0.133759	-0.073574	0.988279	-0.711390	0.701415	-0.044065	-0.689952	-0.708946	-0.146161
50832	9.659864	-0.400823	-1.472004	-0.002253	-0.009731	0.010808	-0.133864	-0.073582	0.988264	-0.711365	0.701436	-0.044131	-0.689957	-0.708924	-0.146240
50833	9.661584	-0.422542	-1.460059	0.002104	-0.002761	0.006988	-0.133911	-0.073698	0.988249	-0.711496	0.701304	-0.044111	-0.689813	-0.709042	-0.146348
50834	9.634619	-0.436242	-1.478155	0.002404	-0.010122	0.009028	-0.134005	-0.073720	0.988235	-0.711506	0.701291	-0.044166	-0.689784	-0.709053	-0.146429
50835	9.659436	-0.403324	-1.474128	0.007002	-0.009042	0.006840	-0.134051	-0.073770	0.988225	-0.711550	0.701246	-0.044173	-0.689730	-0.709093	-0.146494
50836	9.639573	-0.412444	-1.438446	0.005361	-0.007577	0.006536	-0.134110	-0.073793	0.988215	-0.711583	0.701210	-0.044208	-0.689684	-0.709126	-0.146549
50837	9.633103	-0.384203	-1.484923	0.008609	-0.007151	0.007794	-0.134225	-0.073818	0.988198	-0.711571	0.701218	-0.044270	-0.689674	-0.709115	-0.146648
50838	9.666125	-0.401320	-1.422439	0.005653	-0.009696	0.010287	-0.134325	-0.073829	0.988183	-0.711602	0.701183	-0.044342	-0.689623	-0.709149	-0.146724
50839	9.635408	-0.373534	-1.465946	-0.002252	-0.009729	0.010810	-0.134516	-0.073769	0.988162	-0.711487	0.701289	-0.044500	-0.689704	-0.709050	-0.146820
50840	9.661267	-0.395139	-1.457580	-0.000756	-0.010135	0.009239	-0.134613	-0.073790	0.988147	-0.711474	0.701299	-0.044553	-0.689699	-0.709038	-0.146904
50841	9.634238	-0.408868	-1.475961	-0.003978	-0.008676	0.009040	-0.134725	-0.073780	0.988132	-0.711388	0.701381	-0.044624	-0.689765	-0.708958	-0.146980
50842	9.682459	-0.409301	-1.483349	-0.007080	-0.010161	0.009658	-0.134825	-0.073798	0.988117	-0.711331	0.701436	-0.044672	-0.689804	-0.708902	-0.147066
50843	9.633871	-0.410513	-1.477899	-0.007080	-0.010161	0.009658	-0.134993	-0.073804	0.988094	-0.711177	0.701587	-0.044757	-0.689931	-0.708752	-0.147197
50844	9.657892	-0.411071	-1.482083	-0.004064	-0.009088	0.007573	-0.135070	-0.073830	0.988082	-0.711144	0.701619	-0.044788	-0.689950	-0.708717	-0.147271
50845	9.659565	-0.432676	-1.470410	-0.003977	-0.008676	0.009040	-0.135089	-0.073928	0.988072	-0.711203	0.701562	-0.044744	-0.689885	-0.708764	-0.147351
50846	9.663898	-0.441714	-1.438087	0.000826	-0.010131	0.009132	-0.135185	-0.073950	0.988057	-0.711201	0.701560	-0.044798	-0.689868	-0.708763	-0.147433
50847	9.639515	-0.442714	-1.435846	-0.000842	-0.010549	0.007770	-0.135294	-0.073943	0.988042	-0.711099	0.701659	-0.044861	-0.689952	-0.708666	-0.147511
50848	9.632122	-0.448030	-1.490849	-0.002276	-0.011615	0.009751	-0.135405	-0.073971	0.988025	-0.711075	0.701680	-0.044917	-0.689955	-0.708642	-0.147610
50849	9.639142	-0.444169	-1.437898	-0.002716	-0.008435	0.004126	-0.135476	-0.074022	0.988012	-0.711019	0.701737	-0.044921	-0.689999	-0.708581	-0.147699
50850	9.662317	-0.478106	-1.450283	0.000800	-0.012016	0.008073	-0.135577	-0.074064	0.987995	-0.711018	0.701735	-0.044964	-0.689980	-0.708578	-0.147800
50851	9.663816	-0.411717	-1.435101	-0.000928	-0.010962	0.006303	-0.135722	-0.074040	0.987977	-0.710942	0.701805	-0.045071	-0.690030	-0.708511	-0.147888
50852	9.635870	-0.458668	-1.461913	-0.002477	-0.014325	0.005758	-0.135823	-0.074115	0.987957	-0.710921	0.701825	-0.045087	-0.690031	-0.708484	-0.148013
50853	9.662559	-0.446128	-1.445702	-0.004412	-0.010737	0.001706	-0.135880	-0.074174	0.987945	-0.710789	0.701961	-0.045057	-0.690156	-0.708343	-0.148105
50854	9.636326	-0.425734	-1.456218	-0.005638	-0.014336	0.005970	-0.135982	-0.074248	0.987925	-0.710746	0.702003	-0.045071	-0.690180	-0.708293	-0.148232
50855	9.636104	-0.426148	-1.457565	-0.002623	-0.013265	0.003883	-0.135977	-0.074412	0.987913	-0.710793	0.701962	-0.044961	-0.690132	-0.708316	-0.148342
50856	9.635871	-0.426453	-1.459016	-0.002591	-0.016622	0.003232	-0.136076	-0.074521	0.987892	-0.710776	0.701981	-0.044951	-0.690131	-0.708286	-0.148491
50857	9.635616	-0.426675	-1.460638	0.002064	-0.017018	0.001446	-0.136147	-0.074719	0.987867	-0.710853	0.701908	-0.044879	-0.690038	-0.708338	-0.148677
50858	9.629937	-0.452412	-1.503585	0.003910	-0.015776	0.005740	-0.136257	-0.074805	0.987845	-0.710877	0.701882	-0.044903	-0.689992	-0.708355	-0.148814
50859	9.635106	-0.427532	-1.463749	0.003733	-0.016600	0.002806	-0.136450	-0.074944	0.987808	-0.710925	0.701829	-0.044956	-0.689903	-0.708392	-0.149044
50860	9.657160	-0.406819	-1.481385	0.005407	-0.021425	0.002456	-0.136576	-0.075093	0.987779	-0.710964	0.701790	-0.044951	-0.689838	-0.708415	-0.149237
50861	9.630804	-0.386406	-1.492621	0.002185	-0.019963	0.002262	-0.136736	-0.075178	0.987751	-0.710867	0.701886	-0.044986	-0.689907	-0.708311	-0.149415
50862	9.659279	-0.394664	-1.464527	0.003707	-0.018485	0.001747	-0.136838	-0.075311	0.987727	-0.710895	0.701859	-0.044971	-0.689858	-0.708323	-0.149579
50863	9.653523	-0.420319	-1.507726	0.000695	-0.019557	0.003836	-0.136877	-0.075483	0.987708	-0.710892	0.701868	-0.044877	-0.689853	-0.708296	-0.149730
50864	9.677414	-0.420457	-1.512855	0.003707	-0.018486	0.001747	-0.136978	-0.075616	0.987684	-0.710920	0.701841	-0.044862	-0.689804	-0.708309	-0.149894
50865	9.674349	-0.433571	-1.535481	0.005648	-0.022074	0.005796	-0.137123	-0.075757	0.987653	-0.710921	0.701839	-0.044869	-0.689774	-0.708296	-0.150095
50866	9.650735	-0.400837	-1.525834	0.007077	-0.015766	0.005524	-0.137232	-0.075844	0.987631	-0.710967	0.701791	-0.044896	-0.689705	-0.708334	-0.150231
50867	9.674671	-0.401088	-1.530628	0.008330	-0.015525	0.000608	-0.137360	-0.075969	0.987604	-0.711005	0.701751	-0.044909	-0.689640	-0.708360	-0.150407
50868	9.671676	-0.414137	-1.552733	0.000695	-0.014314	0.005547	-0.137460	-0.076046	0.987584	-0.711007	0.701748	-0.044928	-0.689619	-0.708354	-0.150531
50869	9.647245	-0.414708	-1.550828	0.002097	-0.015134	0.002506	-0.137475	-0.076287	0.987563	-0.711118	0.701644	-0.044792	-0.689501	-0.708432	-0.150708
50870	9.647011	-0.415012	-1.552199	-0.002616	-0.013264	0.003889	-0.137556	-0.076368	0.987546	-0.711100	0.701663	-0.044789	-0.689504	-0.708404	-0.150823
50871	9.677466	-0.444258	-1.511037	0.003707	-0.013244	0.003456	-0.137637	-0.076438	0.987529	-0.711064	0.701700	-0.044791	-0.689525	-0.708361	-0.150932
50872	9.625176	-0.403329	-1.530553	0.000604	-0.009484	0.005790	-0.137705	-0.076479	0.987516	-0.711065	0.701697	-0.044811	-0.689510	-0.708359	-0.151009
50873	9.631470	-0.432809	-1.485954	0.006840	-0.015119	0.002180	-0.137869	-0.076618	0.987483	-0.711170	0.701588	-0.044855	-0.689369	-0.708452	-0.151215
50874	9.653578	-0.412143	-1.503101	0.008390	-0.011756	0.002722	-0.137930	-0.076697	0.987468	-0.711229	0.701528	-0.044857	-0.689296	-0.708503	-0.151311
50875	9.653390	-0.412649	-1.504175	0.002247	-0.010951	0.006090	-0.138001	-0.076735	0.987455	-0.711162	0.701595	-0.044867	-0.689350	-0.708433	-0.151392
50876	9.628105	-0.446844	-1.510033	0.006809	-0.011761	0.002830	-0.138064	-0.076813	0.987440	-0.711210	0.701546	-0.044868	-0.689288	-0.708472	-0.151488
50877	9.645581	-0.417975	-1.560271	0.008300	-0.012169	0.001255	-0.138032	-0.076835	0.987443	-0.711143	0.701617	-0.044815	-0.689364	-0.708399	-0.151487
50878	9.671438	-0.439003	-1.552188	0.008391	-0.011757	0.002722	-0.138094	-0.076914	0.987428	-0.711202	0.701558	-0.044816	-0.689291	-0.708449	-0.151582
50879	9.647061	-0.439625	-1.549912	0.010062	-0.011339	0.004079	-0.138171	-0.077078	0.987405	-0.711338	0.701422	-0.044787	-0.689135	-0.708567	-0.151745
50880	9.671086	-0.439887	-1.554127	0.008208	-0.007339	0.001496	-0.138193	-0.077134	0.987397	-0.711397	0.701363	-0.044776	-0.689070	-0.708619	-0.151797
50881	9.625381	-0.428002	-1.527428	0.010123	-0.007568	0.006195	-0.138293	-0.077074	0.987388	-0.711359	0.701394	-0.044883	-0.689089	-0.708594	-0.151825
50882	9.676395	-0.415557	-1.514222	0.011431	-0.008802	0.001687	-0.138327	-0.077139	0.987378	-0.711440	0.701312	-0.044879	-0.688998	-0.708668	-0.151890
50883	9.629776	-0.436937	-1.495696	0.009699	-0.007748	-0.000079	-0.138236	-0.077206	0.987386	-0.711491	0.701267	-0.044776	-0.688964	-0.708706	-0.151871
50884	9.651957	-0.416164	-1.512380	0.008270	-0.008812	0.001905	-0.138271	-0.077269	0.987376	-0.711550	0.701208	-0.044770	-0.688896	-0.708757	-0.151938
50885	9.627646	-0.416513	-1.509787	0.004956	-0.007762	0.000249	-0.138266	-0.077360	0.987369	-0.711568	0.701194	-0.044706	-0.688879	-0.708761	-0.151998
50886	9.627540	-0.416656	-1.510427	0.003406	-0.005881	0.001416	-0.138277	-0.077406	0.987364	-0.711593	0.701169	-0.044687	-0.688850	-0.708781	-0.152037
50887	9.651612	-0.416693	-1.514432	-0.002857	-0.007372	0.002263	-0.138387	-0.077474	0.987343	-0.711585	0.701175	-0.044718	-0.688836	-0.708767	-0.152163
50888	9.652432	-0.383284	-1.506994	-0.006080	-0.005909	0.002073	-0.138404	-0.077516	0.987338	-0.711545	0.701218	-0.044691	-0.688875	-0.708720	-0.152207
50889	9.646713	-0.408834	-1.548970	-0.001276	-0.007368	0.002153	-0.138496	-0.077604	0.987318	-0.711561	0.701201	-0.044699	-0.688840	-0.708727	-0.152333
50890	9.648465	-0.429651	-1.537188	-0.003131	-0.008612	-0.002136	-0.138501	-0.077695	0.987310	-0.711546	0.701220	-0.044635	-0.688854	-0.708699	-0.152403
50891	9.625130	-0.396137	-1.526288	-0.004621	-0.002959	0.001147	-0.138418	-0.077700	0.987321	-0.711449	0.701324	-0.044549	-0.688971	-0.708595	-0.152356
50892	9.629719	-0.404274	-1.493690	-0.002978	-0.009671	-0.000261	-0.138444	-0.077785	0.987311	-0.711433	0.701344	-0.044504	-0.688982	-0.708567	-0.152436
50893	9.652846	-0.437648	-1.505948	-0.001428	-0.006308	0.000278	-0.138390	-0.077861	0.987312	-0.711456	0.701326	-0.044416	-0.688970	-0.708576	-0.152451
50894	9.658374	-0.412316	-1.465227	-0.004498	-0.005905	0.001964	-0.138406	-0.077904	0.987307	-0.711426	0.701358	-0.044390	-0.688997	-0.708540	-0.152495
50895	9.654519	-0.370644	-1.490961	-0.009332	-0.006332	0.000828	-0.138457	-0.077986	0.987293	-0.711364	0.701423	-0.044356	-0.689051	-0.708466	-0.152594
50896	9.675785	-0.383149	-1.515646	-0.006170	-0.006322	0.000608	-0.138466	-0.078041	0.987288	-0.711324	0.701466	-0.044314	-0.689090	-0.708418	-0.152642
50897	9.680384	-0.391263	-1.483070	-0.009332	-0.006332	0.000828	-0.138479	-0.078138	0.987278	-0.711273	0.701522	-0.044244	-0.689141	-0.708351	-0.152723
50898	9.650474	-0.416822	-1.521634	-0.004498	-0.005905	0.001964	-0.138494	-0.078180	0.987273	-0.711243	0.701554	-0.044218	-0.689168	-0.708315	-0.152766
50899	9.621521	-0.408880	-1.551910	-0.004620	-0.002959	0.001147	-0.138517	-0.078156	0.987271	-0.711131	0.701668	-0.044227	-0.689280	-0.708205	-0.152772
50900	9.644698	-0.442278	-1.563804	-0.003070	-0.004840	-0.000021	-0.138511	-0.078205	0.987268	-0.711113	0.701688	-0.044184	-0.689299	-0.708180	-0.152804
50901	9.650252	-0.417006	-1.522987	-0.004406	-0.005492	0.003430	-0.138526	-0.078212	0.987266	-0.711050	0.701752	-0.044176	-0.689361	-0.708115	-0.152823
50902	9.651095	-0.383659	-1.515434	-0.002917	-0.005900	0.001853	-0.138541	-0.078255	0.987260	-0.711031	0.701773	-0.044152	-0.689377	-0.708090	-0.152866
50903	9.649128	-0.362974	-1.528478	-0.006047	-0.004024	0.003132	-0.138641	-0.078255	0.987246	-0.710935	0.701867	-0.044203	-0.689456	-0.707996	-0.152942
50904	9.652807	-0.404960	-1.503864	-0.013798	-0.005107	0.005559	-0.138676	-0.078267	0.987240	-0.710836	0.701968	-0.044199	-0.689551	-0.707895	-0.152981
50905	9.628543	-0.405280	-1.500981	-0.010881	-0.004450	0.001997	-0.138688	-0.078372	0.987230	-0.710780	0.702029	-0.044121	-0.689606	-0.707823	-0.153068
50906	9.649803	-0.417842	-1.525604	-0.017142	-0.005942	0.002846	-0.138710	-0.078408	0.987224	-0.710662	0.702151	-0.044085	-0.689724	-0.707698	-0.153117
50907	9.625513	-0.417978	-1.522926	-0.009269	-0.007804	0.001235	-0.138726	-0.078468	0.987217	-0.710582	0.702235	-0.044036	-0.689803	-0.707607	-0.153176
50908	9.648616	-0.451512	-1.535205	-0.005924	-0.006970	0.003948	-0.138763	-0.078504	0.987209	-0.710539	0.702279	-0.044028	-0.689840	-0.707560	-0.153231
50909	9.626205	-0.384725	-1.516342	-0.009208	-0.009277	0.001643	-0.138746	-0.078689	0.987197	-0.710567	0.702259	-0.043890	-0.689814	-0.707559	-0.153349
50910	9.626070	-0.384860	-1.517163	-0.010665	-0.006984	0.004279	-0.138785	-0.078723	0.987189	-0.710492	0.702336	-0.043878	-0.689884	-0.707479	-0.153406
50911	9.603655	-0.406020	-1.501977	-0.017079	-0.007415	0.003255	-0.138828	-0.078793	0.987177	-0.710341	0.702492	-0.043826	-0.690030	-0.707317	-0.153495
50912	9.629566	-0.426856	-1.493778	-0.015376	-0.010356	0.003960	-0.138888	-0.078853	0.987164	-0.710234	0.702602	-0.043803	-0.690129	-0.707201	-0.153587
50913	9.674024	-0.384937	-1.526399	-0.007718	-0.004442	0.001776	-0.138949	-0.078873	0.987154	-0.710156	0.702680	-0.043816	-0.690197	-0.707121	-0.153649
50914	9.650784	-0.351774	-1.514925	0.003377	0.002718	0.003771	-0.138918	-0.078842	0.987160	-0.710178	0.702658	-0.043821	-0.690181	-0.707147	-0.153604
50915	9.648967	-0.331566	-1.526880	-0.007407	0.009165	0.010659	-0.138848	-0.078822	0.987172	-0.710171	0.702666	-0.043782	-0.690201	-0.707140	-0.153541
50916	9.627740	-0.408021	-1.505384	0.006757	0.015920	0.010966	-0.138777	-0.078648	0.987196	-0.710207	0.702626	-0.043862	-0.690179	-0.707200	-0.153364
50917	9.558343	-0.396697	-1.472375	0.028212	0.026940	0.003226	-0.138633	-0.078512	0.987227	-0.710424	0.702404	-0.043902	-0.689985	-0.707436	-0.153153
50918	9.534540	-0.397626	-1.466337	0.042500	0.025505	0.002639	-0.138437	-0.078328	0.987269	-0.710717	0.702103	-0.043955	-0.689722	-0.707754	-0.152866
50919	9.557301	-0.377481	-1.479118	0.068951	0.035884	-0.002090	-0.138120	-0.078117	0.987330	-0.711152	0.701662	-0.043970	-0.689338	-0.708215	-0.152466
50920	9.485289	-0.378491	-1.465426	0.070326	0.033175	-0.006192	-0.137808	-0.077940	0.987388	-0.711649	0.701158	-0.043977	-0.688887	-0.708734	-0.152091
50921	9.505206	-0.458636	-1.502550	0.081521	0.025012	-0.007849	-0.137471	-0.077873	0.987440	-0.712227	0.700575	-0.043906	-0.688356	-0.709317	-0.151772
50922	9.468417	-0.401468	-1.587909	0.095734	0.028404	-0.008189	-0.137178	-0.077744	0.987491	-0.712901	0.699887	-0.043932	-0.687717	-0.710009	-0.151433
50923	9.480119	-0.263124	-1.498944	0.067280	0.028329	-0.006222	-0.136875	-0.077605	0.987544	-0.713337	0.699445	-0.043904	-0.687325	-0.710461	-0.151095
50924	9.541034	-0.347514	-1.596494	0.033801	0.032245	-0.006629	-0.136567	-0.077438	0.987600	-0.713582	0.699198	-0.043851	-0.687132	-0.710722	-0.150745
50925	9.561955	-0.393277	-1.625833	0.006823	0.021268	-0.009641	-0.136354	-0.077369	0.987634	-0.713612	0.699174	-0.043751	-0.687143	-0.710753	-0.150547
50926	9.593829	-0.475501	-1.577226	0.000707	0.008230	-0.010315	-0.136185	-0.077398	0.987655	-0.713634	0.699160	-0.043612	-0.687153	-0.710764	-0.150449
50927	9.702713	-0.477157	-1.503176	0.044785	-0.004865	-0.020741	-0.136091	-0.077587	0.987654	-0.713928	0.698868	-0.043473	-0.686866	-0.711030	-0.150501
50928	9.661754	-0.471401	-1.443057	0.067027	-0.009638	-0.022494	-0.135958	-0.077827	0.987653	-0.714423	0.698372	-0.043314	-0.686378	-0.711491	-0.150551
50929	9.588185	-0.504450	-1.442002	0.097519	-0.019859	-0.021679	-0.135967	-0.078109	0.987629	-0.715073	0.697709	-0.043265	-0.685699	-0.712110	-0.150719
50930	9.631748	-0.583510	-1.486769	0.127572	-0.026916	-0.026496	-0.135923	-0.078500	0.987604	-0.715987	0.696778	-0.043157	-0.684753	-0.712978	-0.150913
50931	9.556256	-0.684264	-1.502112	0.145159	-0.027927	-0.025821	-0.135938	-0.078940	0.987567	-0.717038	0.695701	-0.043090	-0.683650	-0.713981	-0.151175
50932	9.634067	-0.657298	-1.473365	0.151078	-0.040514	-0.036957	-0.135910	-0.079501	0.987526	-0.718124	0.694591	-0.042915	-0.682515	-0.714998	-0.151494
50933	9.759269	-0.662817	-1.460185	0.133611	-0.046246	-0.038898	-0.135814	-0.080158	0.987486	-0.719072	0.693629	-0.042593	-0.681535	-0.715859	-0.151844
50934	9.760894	-0.769560	-1.454102	0.117937	-0.054495	-0.038644	-0.135868	-0.080831	0.987424	-0.719931	0.692752	-0.042352	-0.680616	-0.716632	-0.152316
50935	9.786538	-0.787671	-1.449109	0.122196	-0.055128	-0.046715	-0.135880	-0.081566	0.987362	-0.720804	0.691863	-0.042042	-0.679690	-0.717407	-0.152803
50936	9.770361	-0.745720	-1.388774	0.128106	-0.057230	-0.054480	-0.135837	-0.082368	0.987301	-0.721751	0.690897	-0.041662	-0.678692	-0.718245	-0.153299
50937	9.710606	-0.710887	-1.289087	0.120027	-0.070521	-0.061234	-0.135938	-0.083290	0.987210	-0.722630	0.690001	-0.041290	-0.677737	-0.719000	-0.153985
50938	9.701218	-0.695106	-1.184501	0.119339	-0.079188	-0.074607	-0.135896	-0.084389	0.987122	-0.723543	0.689078	-0.040700	-0.676770	-0.719756	-0.154702
50939	9.680722	-0.768493	-0.992360	0.125744	-0.089691	-0.078387	-0.135991	-0.085595	0.987006	-0.724505	0.688100	-0.040150	-0.675722	-0.720550	-0.155589
50940	9.605359	-0.813105	-0.840536	0.146075	-0.107104	-0.090697	-0.136018	-0.087005	0.986879	-0.725618	0.686967	-0.039445	-0.674521	-0.721462	-0.156572
50941	9.558090	-0.809450	-0.665936	0.162041	-0.129992	-0.099510	-0.136113	-0.088594	0.986724	-0.726754	0.685808	-0.038676	-0.673277	-0.722370	-0.157734
50942	9.579367	-0.762600	-0.530652	0.165537	-0.166413	-0.109849	-0.136395	-0.090564	0.986506	-0.728020	0.684512	-0.037816	-0.671850	-0.723354	-0.159297
50943	9.566312	-0.682864	-0.297170	0.166255	-0.195877	-0.112436	-0.136911	-0.092761	0.986231	-0.729287	0.683208	-0.036981	-0.670370	-0.724308	-0.161188
50944	9.492970	-0.446146	-0.130957	0.158024	-0.233780	-0.110274	-0.137633	-0.095223	0.985895	-0.730500	0.681957	-0.036112	-0.668900	-0.725167	-0.163420
50945	9.448580	-0.249715	0.053381	0.136998	-0.277910	-0.111672	-0.138650	-0.098006	0.985480	-0.731567	0.680859	-0.035214	-0.667522	-0.725827	-0.166099
50946	9.460804	-0.080354	0.271645	0.095015	-0.331344	-0.099113	-0.140096	-0.101101	0.984963	-0.732343	0.680069	-0.034359	-0.666369	-0.726144	-0.169315
50947	9.438694	0.068360	0.414264	0.053175	-0.390081	-0.088100	-0.142050	-0.104560	0.984322	-0.732907	0.679499	-0.033588	-0.665334	-0.726187	-0.173155
50948	9.419699	0.161667	0.556712	-0.005553	-0.463505	-0.076107	-0.144536	-0.108456	0.983538	-0.732983	0.679456	-0.032792	-0.664714	-0.725656	-0.177702
50949	9.455517	0.218238	0.854745	-0.035053	-0.538394	-0.061139	-0.147653	-0.112768	0.982589	-0.732859	0.679621	-0.032129	-0.664165	-0.724844	-0.182991
50950	9.438780	0.299625	1.106663	-0.047329	-0.632301	-0.041930	-0.151505	-0.117647	0.981430	-0.732612	0.679913	-0.031592	-0.663570	-0.723794	-0.189200
50951	9.517463	0.514086	1.451508	-0.055553	-0.735082	-0.020457	-0.156218	-0.123117	0.980019	-0.732348	0.680211	-0.031286	-0.662768	-0.722603	-0.196426
50952	9.484174	0.757479	1.815358	-0.065867	-0.848293	0.004252	-0.161830	-0.129226	0.978321	-0.731910	0.680688	-0.031158	-0.661905	-0.721085	-0.204738
50953	9.462357	0.942527	2.174364	-0.113433	-0.984664	0.042470	-0.168660	-0.136023	0.976244	-0.731257	0.681379	-0.031397	-0.660922	-0.719180	-0.214389
50954	9.482053	0.957110	2.299061	-0.185500	-1.110419	0.072087	-0.176485	-0.143516	0.973784	-0.729912	0.682808	-0.031655	-0.660364	-0.716364	-0.225259
50955	9.534276	0.978075	2.190901	-0.228434	-1.249643	0.107584	-0.185506	-0.151686	0.970865	-0.728351	0.684445	-0.032232	-0.659615	-0.713110	-0.237449
50956	9.905006	1.014946	1.924932	-0.286792	-1.376715	0.144448	-0.195597	-0.160499	0.967462	-0.726191	0.686705	-0.032895	-0.659081	-0.708996	-0.250871
50957	10.438806	1.132078	1.304297	-0.312923	-1.490418	0.180109	-0.206738	-0.169784	0.963552	-0.723965	0.689002	-0.033926	-0.658129	-0.704592	-0.265360
50958	11.073036	1.271688	0.523585	-0.336112	-1.573463	0.217660	-0.218622	-0.179342	0.959188	-0.721299	0.691736	-0.035065	-0.657215	-0.699527	-0.280588
50959	11.568036	1.283954	-0.259889	-0.377280	-1.635026	0.289868	-0.231415	-0.188772	0.954365	-0.718411	0.694645	-0.036801	-0.655998	-0.694142	-0.296368
50960	11.993016	1.359054	-0.885008	-0.449298	-1.691314	0.353926	-0.245003	-0.198008	0.949087	-0.714630	0.698427	-0.038766	-0.655192	-0.687744	-0.312620
50961	12.398761	1.023990	-1.386036	-0.565449	-1.699222	0.411512	-0.259027	-0.206763	0.943480	-0.710071	0.702941	-0.040897	-0.654755	-0.680531	-0.328898
50962	12.717494	0.507739	-1.738299	-0.594403	-1.700932	0.460740	-0.273386	-0.215038	0.937560	-0.704963	0.707927	-0.043192	-0.654436	-0.672754	-0.345131
50963	12.711240	0.313942	-2.320306	-0.504146	-1.680446	0.488690	-0.287846	-0.222725	0.931417	-0.700442	0.712215	-0.046157	-0.653089	-0.665690	-0.361014
50964	11.990451	-0.161314	-3.156706	-0.442329	-1.674088	0.487926	-0.302136	-0.230342	0.925017	-0.696129	0.716241	-0.049021	-0.651244	-0.658742	-0.376750
50965	11.183314	-0.174870	-3.527925	-0.418859	-1.637061	0.488856	-0.316240	-0.237525	0.918463	-0.692069	0.719949	-0.052102	-0.648870	-0.652116	-0.392061
50966	10.871261	0.064111	-3.557029	-0.408597	-1.553598	0.460705	-0.329449	-0.244296	0.912021	-0.687947	0.723700	-0.054655	-0.646678	-0.645428	-0.406485
50967	11.298602	0.392342	-3.597848	-0.431936	-1.379468	0.420685	-0.341296	-0.250003	0.906099	-0.683868	0.727384	-0.056896	-0.644858	-0.639070	-0.419222
50968	11.592794	0.751932	-3.887474	-0.397643	-1.179925	0.389960	-0.351522	-0.254682	0.900872	-0.679969	0.730888	-0.058699	-0.643486	-0.633199	-0.430099
50969	11.105134	1.044463	-4.170014	-0.409121	-0.895311	0.351039	-0.359725	-0.257649	0.896781	-0.676184	0.734262	-0.060281	-0.642941	-0.628073	-0.438350
50970	10.114264	1.295811	-4.007496	-0.526343	-0.608871	0.312106	-0.365714	-0.259174	0.893914	-0.671679	0.738350	-0.060723	-0.644283	-0.622630	-0.444107
50971	9.641343	1.002854	-3.807447	-0.706320	-0.317976	0.276390	-0.369764	-0.259019	0.892291	-0.666237	0.743297	-0.060319	-0.647614	-0.616781	-0.447412
50972	9.586039	0.618014	-3.687073	-0.815671	-0.007396	0.208181	-0.371161	-0.257527	0.892143	-0.660176	0.748830	-0.058496	-0.652999	-0.610683	-0.447949
50973	9.558767	0.129440	-3.670857	-0.814060	0.318646	0.134734	-0.369939	-0.254677	0.893468	-0.654558	0.753926	-0.056117	-0.659317	-0.605587	-0.445607
50974	9.098746	-0.155400	-3.772368	-0.723361	0.641058	0.069069	-0.366108	-0.250302	0.896278	-0.649524	0.758456	-0.053503	-0.666395	-0.601742	-0.440254
50975	8.681454	-0.130933	-3.794444	-0.612816	0.952361	0.015906	-0.359915	-0.244378	0.900411	-0.645479	0.762061	-0.051184	-0.673660	-0.599619	-0.432018
50976	8.411494	0.003690	-3.737082	-0.555162	1.257414	-0.042092	-0.351092	-0.237184	0.905803	-0.641881	0.765274	-0.048408	-0.681706	-0.598414	-0.420925
50977	8.351434	0.085669	-3.569173	-0.577458	1.550521	-0.116195	-0.339803	-0.228602	0.912291	-0.638344	0.768422	-0.045214	-0.690689	-0.597719	-0.407039
50978	8.388788	-0.043441	-3.481347	-0.607351	1.818680	-0.187430	-0.325927	-0.219197	0.919633	-0.634757	0.771621	-0.041046	-0.700610	-0.597122	-0.390629
50979	8.550036	-0.139698	-3.547427	-0.606827	2.048430	-0.260422	-0.309724	-0.208925	0.927589	-0.631352	0.774645	-0.036332	-0.710961	-0.596888	-0.371831
50980	8.660515	-0.251050	-3.556172	-0.598520	2.254120	-0.324253	-0.291505	-0.198004	0.935852	-0.628053	0.777548	-0.031119	-0.721508	-0.596836	-0.351017
50981	8.734666	-0.327330	-3.459578	-0.571099	2.432183	-0.376884	-0.271500	-0.186277	0.944240	-0.625009	0.780191	-0.025797	-0.731882	-0.597162	-0.328247
50982	8.871613	-0.519834	-3.587999	-0.547307	2.583223	-0.419322	-0.249817	-0.174139	0.952506	-0.622081	0.782696	-0.020061	-0.742029	-0.597547	-0.303859
50983	9.140748	-0.744131	-3.574907	-0.465150	2.727077	-0.461714	-0.226566	-0.161304	0.960546	-0.619756	0.784662	-0.014415	-0.751379	-0.598570	-0.277747
50984	9.292136	-0.777990	-3.429129	-0.321804	2.849869	-0.496749	-0.201929	-0.148135	0.968133	-0.618400	0.785814	-0.008746	-0.759477	-0.600460	-0.250285
50985	9.222730	-0.663100	-3.344316	-0.152570	2.930675	-0.520602	-0.176273	-0.134415	0.975121	-0.618206	0.786008	-0.003406	-0.765995	-0.603426	-0.221648
50986	9.167274	-0.318308	-3.149712	0.042801	2.978317	-0.537525	-0.150031	-0.120619	0.981296	-0.619422	0.785056	0.001794	-0.770588	-0.607568	-0.192497
50987	8.954262	0.099509	-3.106847	0.123323	2.999178	-0.541127	-0.123344	-0.106497	0.986633	-0.621150	0.783661	0.006935	-0.773924	-0.611992	-0.162811
50988	8.852997	0.344669	-2.880184	0.151263	3.008865	-0.545466	-0.096596	-0.092306	0.991034	-0.622931	0.782183	0.012136	-0.776290	-0.616174	-0.133056
50989	8.675588	0.240259	-2.581960	0.191631	3.002147	-0.537124	-0.069757	-0.077907	0.994517	-0.624918	0.780498	0.017309	-0.777568	-0.620284	-0.103131
50990	8.632272	0.155473	-2.339973	0.167952	2.983828	-0.537417	-0.043150	-0.063553	0.997045	-0.626535	0.779067	0.022543	-0.778198	-0.623711	-0.073435
50991	8.502675	-0.198071	-2.144131	0.217741	2.933160	-0.516827	-0.016878	-0.049183	0.998647	-0.628409	0.777391	0.027665	-0.777700	-0.627092	-0.044028
50992	8.687602	-0.548364	-2.118945	0.307355	2.847091	-0.497142	0.008401	-0.035152	0.999347	-0.630823	0.775243	0.032572	-0.775881	-0.630685	-0.015661
50993	8.895542	-0.815908	-1.965355	0.516267	2.780000	-0.500722	0.033368	-0.021285	0.999216	-0.634627	0.771902	0.037636	-0.772098	-0.635386	0.012249
50994	8.776033	-0.981685	-1.826483	0.707748	2.686874	-0.514425	0.057348	-0.008107	0.998321	-0.639842	0.767303	0.042987	-0.766364	-0.641233	0.038816
50995	8.807607	-0.895382	-1.751313	0.909082	2.584692	-0.522619	0.080835	0.004676	0.996717	-0.646331	0.761492	0.048845	-0.758763	-0.648158	0.064578
50996	8.769645	-0.291012	-1.239585	1.094046	2.461443	-0.525094	0.102844	0.016736	0.994557	-0.654101	0.754409	0.054944	-0.749383	-0.656192	0.088534
50997	8.704937	0.448760	-0.876808	1.170993	2.316981	-0.520040	0.123791	0.028199	0.991908	-0.662199	0.746807	0.061412	-0.739032	-0.664443	0.111122
50998	8.499932	0.765650	-0.403015	1.068121	2.150925	-0.489972	0.142876	0.038914	0.988975	-0.669387	0.739832	0.067595	-0.729045	-0.671665	0.131753
50999	8.159038	0.729404	0.263014	0.947753	1.946804	-0.424934	0.160118	0.049020	0.985880	-0.675484	0.733730	0.073223	-0.719781	-0.677670	0.150595
51000	8.044541	1.440931	0.519546	0.922856	1.747467	-0.354775	0.175056	0.058308	0.982830	-0.681489	0.727637	0.078215	-0.710583	-0.683480	0.167114
51001	7.937538	1.918034	1.079364	0.787275	1.510217	-0.247391	0.187841	0.066935	0.979916	-0.686507	0.722457	0.082249	-0.702441	-0.688169	0.181659
51002	7.887882	2.158596	1.795248	0.538492	1.243116	-0.108167	0.197314	0.074717	0.977489	-0.690063	0.718817	0.084350	-0.696333	-0.691172	0.193393
51003	7.742926	1.536203	2.147625	0.239148	0.938363	0.029928	0.204035	0.081483	0.975567	-0.691676	0.717217	0.084756	-0.692787	-0.692069	0.202697
51004	7.533015	0.960265	1.955831	0.042590	0.598154	0.129435	0.207313	0.086538	0.974440	-0.692235	0.716812	0.083615	-0.691254	-0.691875	0.208509
51005	7.295826	0.815552	1.525171	-0.104236	0.242899	0.220059	0.207668	0.089843	0.974065	-0.691931	0.717366	0.081351	-0.691452	-0.690879	0.211139
51006	7.328437	0.512175	1.003145	-0.233510	-0.122075	0.307409	0.204731	0.091197	0.974561	-0.690945	0.718698	0.077897	-0.693311	-0.689316	0.210152
51007	7.625170	0.473110	0.141590	-0.306964	-0.483991	0.380129	0.198896	0.090642	0.975820	-0.689543	0.720493	0.073621	-0.696398	-0.687513	0.205805
51008	8.445884	0.197354	-0.516529	-0.398199	-0.809186	0.435509	0.190280	0.088218	0.977758	-0.687607	0.722836	0.068596	-0.700707	-0.685366	0.198200
51009	10.971003	-0.220768	-0.946127	-0.337349	-0.998830	0.466450	0.180191	0.084783	0.979971	-0.686146	0.724690	0.063467	-0.704794	-0.683839	0.188756
51010	16.101321	1.976601	-0.447130	0.075506	-0.801453	0.336175	0.172265	0.081721	0.981655	-0.687270	0.723892	0.060343	-0.705681	-0.685056	0.180866
51011	18.885874	4.472750	1.345363	0.415734	-0.249734	0.198604	0.169248	0.081448	0.982202	-0.690554	0.720853	0.059217	-0.703200	-0.688286	0.178247
51012	14.205390	2.096941	2.309125	0.167733	-0.217815	0.396359	0.165011	0.082790	0.982811	-0.692394	0.719370	0.055653	-0.702397	-0.689676	0.176028
51013	9.063285	0.317681	1.817573	0.034053	-0.721178	0.646174	0.155543	0.082436	0.984383	-0.693649	0.718616	0.049424	-0.703319	-0.690504	0.168957
51014	8.471864	0.409574	1.159341	0.050186	-1.096943	0.656910	0.143295	0.079561	0.986477	-0.694983	0.717735	0.043066	-0.704603	-0.691756	0.158141
51015	9.252737	-1.355431	0.361011	0.242775	-1.189092	0.566975	0.131046	0.075362	0.988508	-0.697461	0.715619	0.037904	-0.704539	-0.694413	0.146341
51016	9.727302	-2.882897	-2.051590	0.898123	-1.213695	0.467719	0.119281	0.070210	0.990375	-0.704353	0.709008	0.034569	-0.699756	-0.701697	0.134024
51017	10.375425	-2.349188	-3.149888	1.732182	-1.166529	0.436918	0.108141	0.064997	0.992008	-0.716864	0.696455	0.032515	-0.688775	-0.714651	0.121910
51018	10.401907	-1.047782	-2.139886	2.199408	-1.035203	0.425494	0.098040	0.060436	0.993346	-0.732289	0.680293	0.030885	-0.673899	-0.730445	0.110953
51019	9.955764	0.628263	-0.623242	2.070625	-0.932828	0.439496	0.088628	0.056480	0.994462	-0.746491	0.664773	0.028773	-0.659466	-0.744907	0.101080
51020	9.415709	1.766374	0.488863	1.583800	-0.880773	0.481948	0.079281	0.053038	0.995440	-0.757254	0.652621	0.025539	-0.648291	-0.755826	0.091903
51021	9.241634	2.025200	0.050431	1.112254	-0.861537	0.551013	0.069597	0.050026	0.996320	-0.764808	0.643912	0.021094	-0.640488	-0.763462	0.083075
51022	9.409760	1.578809	-0.710181	0.723723	-0.805655	0.612265	0.059796	0.047772	0.997067	-0.769823	0.638066	0.015596	-0.635450	-0.768498	0.074930
51023	9.583731	1.018485	-1.013651	0.328470	-0.729852	0.654090	0.050183	0.046271	0.997668	-0.772245	0.635255	0.009381	-0.633340	-0.770915	0.067611
51024	9.773213	0.537931	-1.028863	-0.028828	-0.666603	0.673038	0.040798	0.045400	0.998135	-0.772371	0.635166	0.002680	-0.633860	-0.771040	0.060979
51025	9.884711	-0.123224	-0.913359	-0.257909	-0.605601	0.667503	0.031854	0.044910	0.998483	-0.770925	0.636913	-0.004053	-0.636129	-0.769627	0.054911
51026	9.794746	-1.151659	-0.969251	-0.275409	-0.560820	0.642492	0.023369	0.044689	0.998728	-0.769350	0.638739	-0.010579	-0.638399	-0.768124	0.049308
51027	9.713237	-1.876314	-1.151210	-0.040057	-0.554112	0.601606	0.015260	0.044206	0.998906	-0.769160	0.638843	-0.016521	-0.638874	-0.768066	0.043750
51028	9.864900	-1.934552	-1.160224	0.289835	-0.548077	0.558079	0.007503	0.043541	0.999023	-0.771075	0.636366	-0.021944	-0.636700	-0.770158	0.038348
51029	9.943699	-1.274429	-0.971540	0.553826	-0.554062	0.525169	-0.000021	0.042527	0.999095	-0.774566	0.631920	-0.026914	-0.632493	-0.773866	0.032926
51030	9.995553	-0.422750	-0.535984	0.665209	-0.559042	0.503589	-0.007417	0.041350	0.999117	-0.778741	0.626543	-0.031712	-0.627301	-0.778289	0.027553
51031	9.819988	0.110536	-0.059573	0.630168	-0.563112	0.486573	-0.014687	0.039920	0.999095	-0.782574	0.621496	-0.036337	-0.622384	-0.782400	0.022113
51032	9.609417	0.465941	0.367990	0.475398	-0.578856	0.487907	-0.022067	0.038398	0.999019	-0.785438	0.617575	-0.041087	-0.618546	-0.785574	0.016531
51033	9.726430	0.496003	0.808189	0.209053	-0.616325	0.486291	-0.029646	0.036482	0.998894	-0.786558	0.615812	-0.045835	-0.616804	-0.787048	0.010439
51034	9.702893	0.207109	1.272096	-0.054453	-0.646748	0.504339	-0.037565	0.034492	0.998699	-0.786057	0.616059	-0.050843	-0.617011	-0.786944	0.003971
51035	9.828846	-0.397619	1.572486	-0.306463	-0.674145	0.520859	-0.045772	0.032344	0.998428	-0.783912	0.618344	-0.055968	-0.619183	-0.785241	-0.002948
51036	9.636180	-0.973532	1.625805	-0.442051	-0.697209	0.517524	-0.054112	0.030079	0.998082	-0.780914	0.621646	-0.061073	-0.622290	-0.782721	-0.010149
51037	9.275136	-1.072968	1.532138	-0.503394	-0.714229	0.499447	-0.062409	0.027562	0.997670	-0.777457	0.625473	-0.065913	-0.625832	-0.779759	-0.017607
51038	9.211876	-0.871252	1.390419	-0.606703	-0.766389	0.480900	-0.070914	0.024611	0.997179	-0.773332	0.630064	-0.070546	-0.630023	-0.776153	-0.025648
51039	9.498370	-0.374078	1.197313	-0.757644	-0.802782	0.474237	-0.079600	0.021357	0.996598	-0.768165	0.635847	-0.074980	-0.635285	-0.771520	-0.034208
51040	9.501092	-0.256881	0.811696	-0.953139	-0.826061	0.451902	-0.088295	0.017889	0.995934	-0.761704	0.643080	-0.079081	-0.641880	-0.765590	-0.043155
51041	9.679852	-0.374595	0.256249	-1.081851	-0.841909	0.444128	-0.097046	0.014307	0.995177	-0.754289	0.651286	-0.082919	-0.649331	-0.758698	-0.052413
51042	9.670568	-0.665165	-0.313310	-1.205227	-0.839153	0.429313	-0.105714	0.010780	0.994338	-0.745985	0.660326	-0.086469	-0.657519	-0.750902	-0.061764
51043	9.402694	-1.281852	-0.696630	-1.234353	-0.837357	0.404304	-0.114201	0.007177	0.993432	-0.737352	0.669540	-0.089600	-0.665785	-0.742741	-0.071170
51044	9.428518	-1.634954	-1.109022	-1.144697	-0.858603	0.370730	-0.122632	0.003321	0.992447	-0.729257	0.677975	-0.092379	-0.673161	-0.735077	-0.080720
51045	9.476957	-1.773750	-1.255200	-0.997994	-0.853796	0.340781	-0.130828	-0.000641	0.991405	-0.722065	0.685293	-0.094842	-0.679342	-0.728267	-0.090118
51046	9.472349	-1.790073	-1.210929	-0.847230	-0.858554	0.315935	-0.138917	-0.004704	0.990293	-0.715870	0.691443	-0.097137	-0.684275	-0.722415	-0.099421
51047	9.467989	-1.504410	-1.092512	-0.750684	-0.861797	0.299144	-0.146922	-0.008867	0.989108	-0.710275	0.696892	-0.099257	-0.688421	-0.717121	-0.108687
51048	9.430889	-1.105124	-0.918968	-0.750594	-0.857509	0.293253	-0.154882	-0.012953	0.987848	-0.704658	0.702283	-0.101273	-0.692437	-0.711780	-0.117898
51049	9.256906	-1.174344	-0.897689	-0.815470	-0.859610	0.290034	-0.162843	-0.017035	0.986505	-0.698520	0.708128	-0.103077	-0.696816	-0.705878	-0.127213
51050	9.253115	-1.523739	-1.166072	-0.852037	-0.872560	0.283442	-0.170878	-0.021163	0.985065	-0.692099	0.714166	-0.104714	-0.701284	-0.699656	-0.136683
51051	9.380901	-1.752139	-1.388621	-0.832971	-0.870384	0.276835	-0.178865	-0.025274	0.983549	-0.685746	0.720051	-0.106204	-0.705521	-0.693461	-0.146124
51052	9.444247	-1.789168	-1.428462	-0.765671	-0.867906	0.261631	-0.186756	-0.029389	0.981967	-0.679861	0.725406	-0.107589	-0.709163	-0.687693	-0.155455
51053	9.497388	-1.671131	-1.439986	-0.699982	-0.867570	0.249974	-0.194578	-0.033540	0.980313	-0.674391	0.730304	-0.108871	-0.712276	-0.682298	-0.164720
51054	9.662936	-1.542026	-1.535016	-0.636030	-0.876096	0.240437	-0.202411	-0.037748	0.978573	-0.669385	0.734710	-0.110117	-0.714810	-0.677331	-0.173981
51055	9.614435	-1.328286	-1.463010	-0.601962	-0.868071	0.232230	-0.210137	-0.041918	0.976773	-0.664582	0.738885	-0.111265	-0.717058	-0.672527	-0.183125
51056	9.506306	-1.302040	-1.527684	-0.571111	-0.876673	0.226783	-0.217900	-0.046127	0.974880	-0.660007	0.742808	-0.112374	-0.718965	-0.667914	-0.192302
