// General information: 
//  MT Manager version: 2022.2.0 
//  XDA version: 2022.2.0 build 7381 rev 124627 built on 2023-07-19
// Device information: 
//  DeviceId: 00B4CBA7
//  ProductCode: MTW2-3A7G6
//  Firmware Version: 4.6.0
//  Hardware Version: 2.0.0
// Device settings: 
//  Filter Profile: human(46.1)
//  Option Flags: Orientation Smoother Disabled, Position/Velocity Smoother Disabled, Continuous Zero Rotation Update Disabled, AHS Disabled, ICC Disabled
// Coordinate system: ENU
PacketCounter	Acc_X	Acc_Y	Acc_Z	Gyr_X	Gyr_Y	Gyr_Z	Mat[1][1]	Mat[2][1]	Mat[3][1]	Mat[1][2]	Mat[2][2]	Mat[3][2]	Mat[1][3]	Mat[2][3]	Mat[3][3]
09522	9.631933	-0.415818	-1.464789	0.024357	-0.004818	0.004820	-0.163579	0.002239	0.986528	-0.300371	0.952406	-0.051967	-0.939691	-0.304825	-0.155121
09523	9.679862	-0.434902	-1.495772	0.021398	-0.005570	0.004419	-0.163631	0.002231	0.986519	-0.300548	0.952348	-0.052005	-0.939625	-0.305006	-0.155164
09524	9.707517	-0.482148	-1.502687	0.013086	-0.004320	0.004431	-0.163733	0.002308	0.986502	-0.300449	0.952374	-0.052095	-0.939639	-0.304923	-0.155242
09525	9.677785	-0.489897	-1.486804	0.017822	-0.003333	0.003499	-0.163762	0.002298	0.986497	-0.300593	0.952327	-0.052118	-0.939588	-0.305069	-0.155265
09526	9.677336	-0.473687	-1.517118	0.025813	-0.001735	0.001434	-0.163785	0.002210	0.986494	-0.300857	0.952246	-0.052083	-0.939500	-0.305324	-0.155299
09527	9.647254	-0.464589	-1.531124	0.022250	-0.000850	0.002306	-0.163787	0.002196	0.986493	-0.301044	0.952186	-0.052102	-0.939439	-0.305512	-0.155295
09528	9.629250	-0.456728	-1.486563	0.029678	-0.001671	0.006891	-0.163741	0.002129	0.986501	-0.301337	0.952095	-0.052071	-0.939354	-0.305795	-0.155255
09529	9.619808	-0.436571	-1.494590	0.024052	-0.003319	0.004557	-0.163773	0.002129	0.986496	-0.301538	0.952029	-0.052114	-0.939284	-0.306001	-0.155274
09530	9.629532	-0.475243	-1.456582	0.026705	-0.001071	0.004696	-0.163761	0.002083	0.986498	-0.301752	0.951962	-0.052101	-0.939217	-0.306210	-0.155265
09531	9.620140	-0.454950	-1.464336	0.026090	0.001918	0.004176	-0.163742	0.002095	0.986501	-0.301973	0.951889	-0.052144	-0.939149	-0.306435	-0.155232
09532	9.640792	-0.444144	-1.458199	0.026123	-0.003228	0.001690	-0.163707	0.002059	0.986507	-0.302070	0.951860	-0.052114	-0.939124	-0.306525	-0.155205
09533	9.650149	-0.465652	-1.450278	0.024015	0.000735	-0.000825	-0.163685	0.002020	0.986511	-0.302279	0.951794	-0.052104	-0.939060	-0.306730	-0.155184
09534	9.629455	-0.477643	-1.456306	0.028790	-0.002329	0.003620	-0.163793	0.001977	0.986493	-0.302603	0.951689	-0.052150	-0.938937	-0.307057	-0.155282
09535	9.631731	-0.441302	-1.436002	0.029381	-0.002617	0.000553	-0.163807	0.001941	0.986491	-0.302860	0.951606	-0.052162	-0.938852	-0.307313	-0.155292
09536	9.610613	-0.436607	-1.472413	0.022562	-0.002340	0.002561	-0.163953	0.001851	0.986466	-0.303234	0.951486	-0.052184	-0.938706	-0.307686	-0.155438
09537	9.628911	-0.462601	-1.486947	0.016640	-0.003847	0.001764	-0.163982	0.001823	0.986462	-0.303370	0.951442	-0.052188	-0.938657	-0.307821	-0.155467
09538	9.640554	-0.447077	-1.458878	0.013371	-0.003107	0.001104	-0.164217	0.001909	0.986422	-0.303333	0.951446	-0.052339	-0.938628	-0.307809	-0.155665
09539	9.679144	-0.444616	-1.497558	0.011877	-0.002134	-0.000889	-0.164223	0.001861	0.986422	-0.303428	0.951417	-0.052310	-0.938596	-0.307899	-0.155680
09540	9.649027	-0.435234	-1.511915	0.013987	-0.006094	0.001626	-0.164359	0.001799	0.986399	-0.303584	0.951367	-0.052320	-0.938522	-0.308054	-0.155820
09541	9.649347	-0.452182	-1.482131	0.008929	-0.004237	0.000507	-0.164388	0.001758	0.986394	-0.303649	0.951347	-0.052300	-0.938495	-0.308115	-0.155857
09542	9.649280	-0.452343	-1.482521	0.007449	-0.004614	0.000308	-0.164512	0.001661	0.986374	-0.303810	0.951297	-0.052273	-0.938422	-0.308270	-0.155995
09543	9.637521	-0.468313	-1.511156	0.003872	-0.002379	-0.000613	-0.164521	0.001615	0.986372	-0.303830	0.951293	-0.052234	-0.938414	-0.308283	-0.156017
09544	9.679227	-0.462120	-1.469168	0.004193	-0.005222	0.001443	-0.164444	0.001560	0.986385	-0.303699	0.951341	-0.052135	-0.938470	-0.308137	-0.155968
09545	9.619467	-0.459619	-1.467292	0.005647	-0.002148	-0.001947	-0.164446	0.001502	0.986385	-0.303737	0.951331	-0.052086	-0.938457	-0.308167	-0.155987
09546	9.608095	-0.492418	-1.465756	0.010437	-0.006557	0.004294	-0.164338	0.001476	0.986403	-0.303600	0.951379	-0.052004	-0.938520	-0.308018	-0.155899
09547	9.658321	-0.474522	-1.476405	0.006271	-0.004032	0.006439	-0.164383	0.001491	0.986396	-0.303630	0.951368	-0.052038	-0.938503	-0.308054	-0.155936
09548	9.678948	-0.463392	-1.470601	0.013653	-0.001903	-0.002226	-0.164254	0.001414	0.986417	-0.303578	0.951391	-0.051914	-0.938542	-0.307981	-0.155840
09549	9.648844	-0.453947	-1.484864	0.013680	-0.004599	0.001363	-0.164289	0.001380	0.986411	-0.303686	0.951357	-0.051910	-0.938501	-0.308087	-0.155878
09550	9.667107	-0.479786	-1.499578	0.017244	-0.005485	0.000488	-0.164190	0.001212	0.986428	-0.303873	0.951306	-0.051749	-0.938458	-0.308246	-0.155827
09551	9.669776	-0.459641	-1.449489	0.021102	-0.006516	-0.001920	-0.164233	0.001140	0.986421	-0.304057	0.951249	-0.051723	-0.938391	-0.308423	-0.155879
09552	9.649000	-0.471370	-1.456063	0.019033	-0.006601	0.000947	-0.164301	0.001139	0.986410	-0.304056	0.951248	-0.051743	-0.938379	-0.308425	-0.155945
09553	9.660622	-0.455713	-1.428340	0.017847	-0.007124	-0.000784	-0.164353	0.001076	0.986401	-0.304207	0.951201	-0.051724	-0.938321	-0.308571	-0.156005
09554	9.667142	-0.497444	-1.471472	0.008944	-0.005583	0.002300	-0.164179	0.001010	0.986430	-0.304054	0.951257	-0.051580	-0.938401	-0.308396	-0.155869
09555	9.627998	-0.483747	-1.463905	0.011643	-0.009834	0.001752	-0.164263	0.000963	0.986416	-0.304142	0.951229	-0.051576	-0.938358	-0.308483	-0.155959
09556	9.669254	-0.460991	-1.452537	0.005969	-0.004990	0.000109	-0.164232	0.000933	0.986421	-0.304009	0.951275	-0.051515	-0.938406	-0.308341	-0.155947
09557	9.638678	-0.434895	-1.497331	0.006277	-0.006484	0.000372	-0.164281	0.000883	0.986413	-0.304049	0.951264	-0.051489	-0.938385	-0.308377	-0.156006
09558	9.659681	-0.440077	-1.461751	0.005398	-0.008501	-0.001097	-0.164516	0.000839	0.986374	-0.304109	0.951242	-0.051531	-0.938324	-0.308443	-0.156240
09559	9.680241	-0.428593	-1.456571	0.002142	-0.009109	0.000041	-0.164589	0.000778	0.986362	-0.304111	0.951244	-0.051495	-0.938311	-0.308439	-0.156328
09560	9.691864	-0.412680	-1.429038	-0.006774	-0.006221	0.001333	-0.164593	0.000634	0.986361	-0.304126	0.951246	-0.051360	-0.938305	-0.308431	-0.156376
09561	9.671048	-0.424128	-1.435931	-0.013563	-0.011094	0.000870	-0.164687	0.000574	0.986346	-0.303979	0.951296	-0.051308	-0.938336	-0.308278	-0.156491
09562	9.620140	-0.426076	-1.456924	-0.016541	-0.008045	0.004747	-0.164797	0.000520	0.986327	-0.303844	0.951341	-0.051268	-0.938361	-0.308139	-0.156620
09563	9.608232	-0.442071	-1.486254	-0.018299	-0.012078	0.001810	-0.164903	0.000466	0.986310	-0.303652	0.951406	-0.051217	-0.938404	-0.307940	-0.156748
09564	9.635792	-0.488553	-1.493583	-0.022786	-0.006711	0.001900	-0.164930	0.000391	0.986305	-0.303390	0.951495	-0.051110	-0.938484	-0.307665	-0.156811
09565	9.644147	-0.476301	-1.547018	-0.017419	-0.010061	0.003277	-0.165021	0.000357	0.986290	-0.303204	0.951556	-0.051075	-0.938528	-0.307475	-0.156918
09566	9.652926	-0.480698	-1.570288	-0.017433	-0.008713	0.001482	-0.165047	0.000311	0.986286	-0.302897	0.951658	-0.050988	-0.938623	-0.307159	-0.156974
09567	9.623139	-0.487704	-1.555019	-0.012374	-0.010569	0.002596	-0.165141	0.000270	0.986270	-0.302759	0.951704	-0.050954	-0.938651	-0.307016	-0.157084
09568	9.654973	-0.443619	-1.551999	-0.008826	-0.010107	-0.000076	-0.165198	0.000250	0.986260	-0.302450	0.951805	-0.050901	-0.938741	-0.306703	-0.157160
09569	9.634579	-0.471702	-1.528756	-0.007638	-0.009584	0.001655	-0.165280	0.000203	0.986247	-0.302357	0.951837	-0.050866	-0.938756	-0.306606	-0.157258
09570	9.654682	-0.443493	-1.553843	-0.004398	-0.007628	-0.001278	-0.165228	0.000112	0.986255	-0.302160	0.951907	-0.050729	-0.938829	-0.306388	-0.157248
09571	9.702968	-0.478660	-1.554883	0.000940	-0.005830	0.002577	-0.165277	0.000085	0.986247	-0.302146	0.951912	-0.050716	-0.938825	-0.306372	-0.157304
09572	9.771946	-0.502693	-1.549830	0.017259	-0.006835	0.002265	-0.165288	0.000019	0.986245	-0.302227	0.951888	-0.050670	-0.938796	-0.306445	-0.157330
09573	9.682523	-0.507725	-1.531682	0.013095	-0.004309	0.004415	-0.165329	0.000014	0.986238	-0.302324	0.951856	-0.050694	-0.938758	-0.306545	-0.157365
09574	9.646251	-0.474110	-1.473289	0.016689	-0.007891	0.007125	-0.165517	-0.000076	0.986207	-0.302700	0.951735	-0.050729	-0.938604	-0.306921	-0.157552
09575	9.594868	-0.460269	-1.524075	0.017862	-0.006021	0.007061	-0.165582	-0.000062	0.986196	-0.302837	0.951688	-0.050787	-0.938548	-0.307066	-0.157601
09576	9.595215	-0.477739	-1.494324	0.024973	-0.006445	0.003509	-0.165713	-0.000063	0.986174	-0.302984	0.951638	-0.050851	-0.938477	-0.307222	-0.157718
09577	9.638916	-0.418490	-1.462447	0.026146	-0.004574	0.003443	-0.165754	-0.000079	0.986167	-0.303205	0.951566	-0.050887	-0.938399	-0.307446	-0.157749
09578	9.668423	-0.412084	-1.479294	0.022612	-0.008837	0.001843	-0.165863	-0.000119	0.986149	-0.303339	0.951522	-0.050905	-0.938336	-0.307580	-0.157859
09579	9.656538	-0.428623	-1.508022	0.020795	-0.002569	0.003862	-0.165886	-0.000124	0.986145	-0.303509	0.951466	-0.050936	-0.938277	-0.307754	-0.157873
09580	9.674267	-0.438187	-1.553029	0.024094	-0.008460	0.002039	-0.165898	-0.000194	0.986143	-0.303657	0.951421	-0.050897	-0.938227	-0.307893	-0.157898
09581	9.653909	-0.466916	-1.529345	0.024975	-0.006442	0.003505	-0.165956	-0.000214	0.986133	-0.303867	0.951352	-0.050931	-0.938149	-0.308106	-0.157948
09582	9.660299	-0.509033	-1.572388	0.027042	-0.006359	0.000634	-0.165959	-0.000266	0.986133	-0.303981	0.951317	-0.050902	-0.938111	-0.308213	-0.157961
09583	9.701623	-0.486697	-1.560772	0.032367	-0.003209	0.002687	-0.165985	-0.000284	0.986128	-0.304262	0.951225	-0.050939	-0.938016	-0.308496	-0.157975
09584	9.683272	-0.462037	-1.546587	0.041564	-0.002440	0.004122	-0.165881	-0.000311	0.986146	-0.304482	0.951156	-0.050917	-0.937963	-0.308710	-0.157873
09585	9.695064	-0.446810	-1.518161	0.026384	0.003128	0.000783	-0.165841	-0.000328	0.986153	-0.304710	0.951083	-0.050926	-0.937896	-0.308936	-0.157828
09586	9.697513	-0.410374	-1.497555	0.016019	0.002951	0.005479	-0.165820	-0.000245	0.986156	-0.304651	0.951098	-0.050990	-0.937919	-0.308888	-0.157786
09587	9.644333	-0.449912	-1.537352	-0.001493	0.003431	0.004073	-0.165787	-0.000230	0.986162	-0.304611	0.951111	-0.050987	-0.937938	-0.308849	-0.157752
09588	9.633026	-0.483012	-1.535001	-0.000289	0.002611	0.007598	-0.165773	-0.000236	0.986164	-0.304574	0.951124	-0.050971	-0.937952	-0.308809	-0.157742
09589	9.594488	-0.486108	-1.496294	0.007438	-0.000805	0.004570	-0.165781	-0.000229	0.986163	-0.304617	0.951109	-0.050988	-0.937937	-0.308855	-0.157745
09590	9.606255	-0.470613	-1.468102	0.014257	-0.001087	0.002549	-0.165888	-0.000198	0.986144	-0.304660	0.951092	-0.051058	-0.937904	-0.308909	-0.157836
09591	9.587944	-0.445414	-1.453905	0.019594	-0.001745	0.000332	-0.165893	-0.000234	0.986144	-0.304824	0.951039	-0.051053	-0.937849	-0.309070	-0.157842
09592	9.650046	-0.411247	-1.436108	0.022850	-0.001139	-0.000811	-0.165878	-0.000346	0.986146	-0.305073	0.950963	-0.050982	-0.937771	-0.309303	-0.157850
09593	9.641157	-0.406879	-1.413663	0.013919	0.003097	-0.001309	-0.165832	-0.000383	0.986154	-0.305186	0.950929	-0.050951	-0.937743	-0.309410	-0.157811
09594	9.631768	-0.386064	-1.421713	0.006865	-0.004315	0.003369	-0.165786	-0.000396	0.986162	-0.305063	0.950971	-0.050904	-0.937791	-0.309281	-0.157779
09595	9.617950	-0.455820	-1.440191	-0.002055	-0.003889	-0.001396	-0.165805	-0.000455	0.986158	-0.305027	0.950985	-0.050846	-0.937799	-0.309236	-0.157817
09596	9.606063	-0.471878	-1.468958	-0.005279	-0.007184	0.003341	-0.166022	-0.000457	0.986122	-0.304986	0.950995	-0.050906	-0.937774	-0.309205	-0.158025
09597	9.626641	-0.460512	-1.463829	0.000658	-0.009485	-0.000146	-0.166097	-0.000521	0.986109	-0.304973	0.951002	-0.050866	-0.937765	-0.309185	-0.158118
09598	9.624054	-0.497656	-1.485023	0.004237	-0.011717	0.000771	-0.166262	-0.000544	0.986081	-0.304897	0.951025	-0.050883	-0.937761	-0.309113	-0.158285
09599	9.728455	-0.473199	-1.395451	-0.011853	-0.003017	-0.001559	-0.166273	-0.000602	0.986080	-0.304769	0.951070	-0.050809	-0.937800	-0.308974	-0.158320
09600	9.857195	-0.432735	-1.217576	-0.069589	0.023586	-0.000593	-0.166124	-0.000621	0.986105	-0.304247	0.951245	-0.050656	-0.937996	-0.308435	-0.158214
09601	10.096318	-0.495512	-0.916569	-0.218414	0.097506	-0.000816	-0.165194	-0.000363	0.986261	-0.302180	0.951925	-0.050264	-0.938828	-0.306331	-0.157362
09602	10.186389	-0.020108	-0.424128	-0.363154	0.242799	0.008700	-0.162955	0.000392	0.986633	-0.298765	0.953031	-0.049723	-0.940311	-0.302874	-0.155184
09603	9.641518	0.328112	-0.173445	-0.580479	0.366856	0.032597	-0.159585	0.001770	0.987183	-0.293228	0.954780	-0.049114	-0.942629	-0.297307	-0.151850
09604	8.731598	0.300724	-0.803624	-0.565784	0.243142	0.061155	-0.157454	0.003029	0.987522	-0.287713	0.956472	-0.048808	-0.944685	-0.291808	-0.149729
09605	8.893225	-0.040786	-0.604532	-0.565104	0.119084	0.040640	-0.156432	0.003728	0.987682	-0.282286	0.958112	-0.048326	-0.946490	-0.286368	-0.148827
09606	9.749447	-0.425738	-0.445231	-0.575432	0.051388	0.016899	-0.155920	0.003947	0.987762	-0.276804	0.959750	-0.047529	-0.948192	-0.280828	-0.148552
09607	10.024858	-0.547333	-0.737334	-0.514075	0.024323	0.005243	-0.155692	0.004031	0.987797	-0.271898	0.961188	-0.046777	-0.949648	-0.275863	-0.148553
09608	10.015857	-0.426583	-0.548126	-0.472383	0.007893	0.000013	-0.155612	0.004066	0.987810	-0.267203	0.962539	-0.046055	-0.950993	-0.271112	-0.148696
09609	9.666625	-0.524597	-0.730738	-0.467669	-0.018153	-0.000986	-0.155771	0.003974	0.987785	-0.262733	0.963804	-0.045309	-0.952211	-0.266582	-0.149088
09610	9.376897	-0.641646	-0.889551	-0.409639	-0.060719	-0.001712	-0.156394	0.003668	0.987688	-0.259066	0.964829	-0.044605	-0.953114	-0.262853	-0.149943
09611	9.260982	-0.653839	-1.050276	-0.332452	-0.095370	-0.012785	-0.157260	0.003261	0.987552	-0.255897	0.965705	-0.043938	-0.953827	-0.259621	-0.151032
09612	9.260818	-0.468367	-1.275616	-0.281054	-0.127226	-0.017608	-0.158379	0.002785	0.987374	-0.252993	0.966498	-0.043307	-0.954416	-0.256658	-0.152369
09613	9.411779	-0.297502	-1.412290	-0.270458	-0.160704	-0.024752	-0.159841	0.002101	0.987141	-0.250430	0.967197	-0.042609	-0.954848	-0.254021	-0.154071
09614	9.564928	-0.308857	-1.523658	-0.276442	-0.188778	-0.035517	-0.161663	0.001253	0.986845	-0.247856	0.967893	-0.041832	-0.955213	-0.251358	-0.156162
09615	9.687380	-0.307985	-1.651261	-0.277176	-0.204489	-0.046796	-0.163491	0.000254	0.986545	-0.245263	0.968594	-0.040895	-0.955571	-0.248649	-0.158294
09616	9.771444	-0.493452	-1.531449	-0.294174	-0.216806	-0.051763	-0.165517	-0.000927	0.986207	-0.242818	0.969253	-0.039841	-0.955847	-0.246063	-0.160653
09617	9.593967	-0.623387	-1.762649	-0.295327	-0.212941	-0.058929	-0.167401	-0.002055	0.985887	-0.240073	0.969982	-0.038742	-0.956212	-0.243170	-0.162869
09618	9.466691	-0.697924	-1.796287	-0.239631	-0.225634	-0.059176	-0.169521	-0.003195	0.985521	-0.237856	0.970566	-0.037767	-0.956393	-0.240814	-0.165292
09619	9.434172	-0.532363	-1.717914	-0.203097	-0.211630	-0.067200	-0.171377	-0.004390	0.985196	-0.236008	0.971057	-0.036727	-0.956520	-0.238809	-0.167453
09620	9.466558	-0.370456	-1.743955	-0.205477	-0.202348	-0.065490	-0.173221	-0.005532	0.984868	-0.234127	0.971550	-0.035722	-0.956650	-0.236772	-0.169588
09621	9.468567	-0.197188	-1.781857	-0.254533	-0.198342	-0.072851	-0.174940	-0.006742	0.984556	-0.231799	0.972151	-0.034530	-0.956904	-0.234260	-0.171630
09622	9.594096	-0.210779	-1.800996	-0.323396	-0.190947	-0.080749	-0.176553	-0.007981	0.984259	-0.228695	0.972934	-0.033133	-0.957354	-0.230945	-0.173600
09623	9.595399	-0.380729	-1.796922	-0.373845	-0.193697	-0.089273	-0.178197	-0.009329	0.983951	-0.225253	0.973789	-0.031562	-0.957866	-0.227262	-0.175627
09624	9.592046	-0.530661	-1.719751	-0.397715	-0.194960	-0.096622	-0.179902	-0.010762	0.983626	-0.221647	0.974669	-0.029875	-0.958388	-0.223392	-0.177731
09625	9.517818	-0.618729	-1.704259	-0.374773	-0.208911	-0.099609	-0.181677	-0.012231	0.983282	-0.218215	0.975494	-0.028185	-0.958841	-0.219687	-0.179894
09626	9.543472	-0.741031	-1.675444	-0.357032	-0.215233	-0.110585	-0.183554	-0.013764	0.982913	-0.214845	0.976290	-0.026450	-0.959244	-0.216029	-0.182159
09627	9.608711	-0.802180	-1.691273	-0.303787	-0.208703	-0.123120	-0.185285	-0.015449	0.982563	-0.212138	0.976929	-0.024643	-0.959514	-0.213005	-0.184288
09628	9.558928	-0.770470	-1.679705	-0.254614	-0.199008	-0.125450	-0.186961	-0.017155	0.982218	-0.209964	0.977441	-0.022895	-0.959667	-0.210511	-0.186345
09629	9.481781	-0.726670	-1.782395	-0.216978	-0.192264	-0.131030	-0.188524	-0.018873	0.981887	-0.208108	0.977877	-0.021161	-0.959765	-0.208328	-0.188281
09630	9.443233	-0.728051	-2.022475	-0.179756	-0.198253	-0.135586	-0.190246	-0.020649	0.981519	-0.206688	0.978213	-0.019482	-0.959733	-0.206574	-0.190369
09631	9.440051	-0.744238	-2.170024	-0.118087	-0.205087	-0.142412	-0.191912	-0.022500	0.981154	-0.205807	0.978430	-0.017818	-0.959590	-0.205348	-0.192403
09632	9.457367	-0.717420	-2.183680	-0.065615	-0.207555	-0.147979	-0.193664	-0.024384	0.980765	-0.205416	0.978540	-0.016233	-0.959322	-0.204609	-0.194517
09633	9.451261	-0.608171	-2.264835	-0.022975	-0.211219	-0.159879	-0.195354	-0.026415	0.980377	-0.205488	0.978551	-0.014580	-0.958964	-0.204304	-0.196592
09634	9.535009	-0.510714	-2.338159	-0.000481	-0.197966	-0.160569	-0.196913	-0.028464	0.980008	-0.205865	0.978495	-0.012944	-0.958564	-0.204298	-0.198538
09635	9.529438	-0.475289	-2.384701	0.017905	-0.185167	-0.174638	-0.198320	-0.030586	0.979660	-0.206362	0.978411	-0.011228	-0.958167	-0.204392	-0.200350
09636	9.510981	-0.506696	-2.454034	0.014847	-0.154508	-0.180887	-0.199619	-0.032679	0.979329	-0.206888	0.978318	-0.009525	-0.957784	-0.204513	-0.202052
09637	9.480899	-0.496935	-2.554585	0.051004	-0.136595	-0.184575	-0.200537	-0.034799	0.979068	-0.207727	0.978156	-0.007781	-0.957410	-0.204939	-0.203385
09638	9.480564	-0.340174	-2.447800	0.086093	-0.118398	-0.182108	-0.201256	-0.036964	0.978841	-0.209157	0.977863	-0.006077	-0.956948	-0.205954	-0.204532
09639	9.469598	-0.270667	-2.336150	0.071280	-0.106394	-0.187099	-0.201874	-0.039047	0.978633	-0.210197	0.977649	-0.004352	-0.956590	-0.206585	-0.205570
09640	9.496782	-0.135712	-2.370974	0.035344	-0.086696	-0.191276	-0.202348	-0.041186	0.978447	-0.211072	0.977467	-0.002506	-0.956297	-0.207029	-0.206481
09641	9.552407	-0.152912	-2.407267	-0.013649	-0.065468	-0.196030	-0.202553	-0.043273	0.978315	-0.211320	0.977417	-0.000519	-0.956199	-0.206842	-0.207123
09642	9.615785	-0.118544	-2.365114	-0.038677	-0.033429	-0.197855	-0.202507	-0.045267	0.978234	-0.211246	0.977432	0.001499	-0.956225	-0.206344	-0.207499
09643	9.472003	-0.202707	-2.175303	-0.101621	-0.012681	-0.204752	-0.202189	-0.047329	0.978202	-0.210670	0.977550	0.003753	-0.956419	-0.205319	-0.207621
09644	9.448376	-0.478877	-2.212957	-0.170335	-0.007709	-0.211315	-0.201808	-0.049475	0.978175	-0.209523	0.977784	0.006228	-0.956752	-0.203694	-0.207691
09645	9.347679	-0.675532	-2.232608	-0.187824	-0.005110	-0.225552	-0.201379	-0.051726	0.978147	-0.208162	0.978054	0.008865	-0.957139	-0.201828	-0.207727
09646	9.240104	-0.643289	-2.557744	-0.157916	-0.016000	-0.236007	-0.201120	-0.054096	0.978072	-0.207143	0.978243	0.011510	-0.957414	-0.200286	-0.207950
09647	9.290890	-0.593232	-2.674167	-0.089224	-0.018505	-0.242530	-0.200789	-0.056540	0.978002	-0.206758	0.978290	0.014108	-0.957567	-0.199377	-0.208120
09648	9.499071	-0.356181	-2.800974	-0.017854	-0.023651	-0.251602	-0.200515	-0.059153	0.977903	-0.207294	0.978137	0.016663	-0.957509	-0.199373	-0.208393
09649	9.691544	0.205456	-2.826610	0.070985	-0.036827	-0.257289	-0.200326	-0.061778	0.977780	-0.208471	0.977843	0.019071	-0.957293	-0.200019	-0.208766
09650	10.045778	0.689564	-2.480594	0.077569	-0.033939	-0.262943	-0.200126	-0.064421	0.977650	-0.209665	0.977537	0.021495	-0.957074	-0.200678	-0.209137
09651	10.360265	1.046874	-2.241842	-0.006078	-0.020625	-0.250195	-0.199792	-0.066943	0.977549	-0.210089	0.977388	0.023993	-0.957051	-0.200579	-0.209338
09652	10.381609	1.097983	-2.080408	-0.138631	-0.006006	-0.243721	-0.199395	-0.069447	0.977455	-0.209472	0.977450	0.026716	-0.957269	-0.199422	-0.209446
09653	10.133671	0.709557	-2.007161	-0.226251	-0.006140	-0.245008	-0.198936	-0.071890	0.977372	-0.207776	0.977728	0.029625	-0.957734	-0.197181	-0.209443
09654	9.660089	0.201158	-1.825960	-0.201572	-0.019115	-0.248237	-0.198709	-0.074439	0.977227	-0.206501	0.977906	0.032501	-0.958056	-0.195341	-0.209691
09655	9.609219	-0.317283	-1.761242	-0.082929	-0.033830	-0.236286	-0.198540	-0.076850	0.977075	-0.206158	0.977892	0.035024	-0.958165	-0.194478	-0.209994
09656	9.769526	-0.357804	-1.783130	0.120165	-0.033231	-0.207098	-0.198481	-0.079004	0.976915	-0.207809	0.977476	0.036829	-0.957821	-0.195702	-0.210428
09657	9.851776	0.173096	-1.813933	0.280778	-0.024120	-0.175794	-0.198337	-0.080805	0.976797	-0.210829	0.976784	0.037995	-0.957190	-0.198401	-0.210769
09658	10.010711	0.554910	-1.914544	0.341273	-0.024099	-0.153510	-0.198359	-0.082391	0.976660	-0.214462	0.975962	0.038775	-0.956378	-0.201765	-0.211261
09659	9.925368	0.535352	-2.077336	0.420447	-0.061056	-0.136758	-0.198640	-0.083884	0.976476	-0.218735	0.974994	0.039261	-0.955352	-0.205790	-0.212022
09660	10.039422	0.716503	-1.852119	0.536454	-0.070818	-0.124384	-0.198963	-0.085320	0.976286	-0.224179	0.973751	0.039412	-0.954022	-0.211021	-0.212867
09661	9.986301	0.998820	-1.877419	0.654925	-0.088587	-0.103232	-0.199566	-0.086549	0.976055	-0.230610	0.972262	0.039062	-0.952362	-0.217292	-0.213989
09662	9.907787	1.120121	-1.593810	0.735802	-0.105412	-0.088285	-0.200473	-0.087731	0.975763	-0.237977	0.970513	0.038366	-0.950357	-0.224518	-0.215440
09663	9.830931	1.153576	-1.228091	0.741996	-0.129394	-0.074796	-0.201514	-0.088787	0.975453	-0.245154	0.968757	0.037532	-0.948310	-0.231573	-0.216985
09664	9.727986	1.089623	-1.070916	0.703264	-0.144137	-0.056085	-0.202827	-0.089679	0.975099	-0.251885	0.967067	0.036547	-0.946264	-0.238200	-0.218737
09665	9.441496	0.840289	-1.113255	0.694013	-0.183246	-0.040108	-0.204450	-0.090544	0.974680	-0.258510	0.965358	0.035453	-0.944126	-0.244716	-0.220774
09666	9.498789	0.648212	-0.812429	0.725079	-0.219908	-0.029454	-0.206339	-0.091393	0.974203	-0.265302	0.963559	0.034202	-0.941828	-0.251401	-0.223066
09667	9.533413	0.847247	-0.903149	0.749233	-0.253683	-0.020126	-0.208663	-0.092268	0.973625	-0.272374	0.961634	0.032757	-0.939294	-0.258355	-0.225788
09668	9.529171	1.058949	-0.885033	0.717496	-0.285531	-0.015871	-0.211385	-0.093215	0.972948	-0.279202	0.959722	0.031288	-0.936676	-0.265035	-0.228897
09669	9.646606	1.062767	-0.828805	0.601661	-0.281882	-0.019092	-0.213960	-0.094188	0.972291	-0.284855	0.958097	0.030128	-0.934387	-0.270516	-0.231825
09670	9.431021	1.183494	-1.285332	0.553398	-0.285433	-0.021255	-0.216507	-0.095230	0.971625	-0.290082	0.956559	0.029114	-0.932189	-0.275547	-0.234727
09671	9.246111	1.453574	-1.417280	0.531938	-0.309011	-0.038190	-0.219264	-0.096488	0.970883	-0.295102	0.955048	0.028269	-0.929967	-0.280311	-0.237882
09672	9.250863	1.138981	-1.534181	0.432603	-0.332645	-0.049529	-0.222301	-0.097961	0.970044	-0.299313	0.953752	0.027723	-0.927898	-0.284184	-0.241341
09673	9.371964	0.604407	-1.812536	0.419611	-0.363910	-0.054516	-0.225501	-0.099555	0.969143	-0.303309	0.952502	0.027272	-0.925826	-0.287800	-0.244986
09674	9.444099	0.361251	-1.917021	0.437820	-0.377691	-0.052561	-0.228794	-0.101230	0.968197	-0.307548	0.951156	0.026772	-0.923616	-0.291642	-0.248752
09675	9.389328	0.250304	-2.107550	0.434157	-0.395450	-0.046588	-0.232289	-0.102868	0.967192	-0.311646	0.949838	0.026175	-0.921368	-0.295341	-0.252695
09676	9.357852	0.541531	-2.098928	0.445131	-0.417629	-0.044642	-0.235967	-0.104661	0.966109	-0.316045	0.948400	0.025550	-0.918931	-0.299305	-0.256869
09677	9.369622	0.636973	-1.970549	0.356036	-0.433664	-0.052634	-0.239771	-0.106498	0.964970	-0.319424	0.947278	0.025177	-0.916776	-0.302198	-0.261148
09678	9.488922	0.760400	-1.867278	0.251647	-0.432456	-0.067480	-0.243577	-0.108546	0.963788	-0.322043	0.946390	0.025197	-0.914854	-0.304244	-0.265475
09679	9.494412	0.933773	-1.779899	0.125702	-0.425559	-0.077226	-0.247209	-0.110607	0.962629	-0.323368	0.945926	0.025645	-0.913412	-0.304943	-0.269608
09680	9.392428	0.780215	-1.871816	-0.003688	-0.430619	-0.083964	-0.250843	-0.112849	0.961428	-0.323749	0.945771	0.026543	-0.912285	-0.304603	-0.273775
09681	9.355589	0.524210	-1.952397	-0.079988	-0.450445	-0.096999	-0.254627	-0.115170	0.960157	-0.323252	0.945906	0.027737	-0.911413	-0.303310	-0.278083
09682	9.400040	0.218364	-1.978078	-0.059873	-0.477704	-0.091743	-0.258711	-0.117575	0.958773	-0.323060	0.945939	0.028828	-0.910330	-0.302283	-0.282709
09683	9.432277	0.163540	-2.026983	-0.026577	-0.496100	-0.097443	-0.262900	-0.120028	0.957328	-0.323059	0.945907	0.029878	-0.909129	-0.301419	-0.287456
09684	9.530548	0.015460	-2.121956	0.014532	-0.523702	-0.091692	-0.267376	-0.122622	0.955758	-0.323673	0.945668	0.030779	-0.907605	-0.301123	-0.292538
09685	9.689350	-0.003378	-2.020619	0.078104	-0.521324	-0.090499	-0.271801	-0.125082	0.954190	-0.324613	0.945324	0.031454	-0.905953	-0.301193	-0.297543
09686	9.670356	0.469954	-2.075251	0.122639	-0.517166	-0.096462	-0.276135	-0.127669	0.952602	-0.326141	0.944777	0.032080	-0.904091	-0.301824	-0.302524
09687	9.481397	1.037164	-1.984564	0.080383	-0.519940	-0.113615	-0.280451	-0.130347	0.950977	-0.327172	0.944390	0.032958	-0.902389	-0.301890	-0.307501
09688	9.400569	1.449523	-1.942092	0.029169	-0.538878	-0.123214	-0.284904	-0.133240	0.949251	-0.327934	0.944085	0.034091	-0.900716	-0.301579	-0.312668
09689	9.306321	1.553397	-1.824616	-0.094791	-0.555994	-0.115747	-0.289520	-0.136040	0.947455	-0.327402	0.944217	0.035529	-0.899436	-0.299912	-0.317910
09690	9.342562	1.329523	-1.494346	-0.203206	-0.586725	-0.111463	-0.294492	-0.138959	0.945497	-0.326065	0.944612	0.037270	-0.898307	-0.297318	-0.323491
09691	9.363921	1.097492	-1.448679	-0.257839	-0.608828	-0.125679	-0.299541	-0.141982	0.943460	-0.324113	0.945200	0.039340	-0.897344	-0.294003	-0.329145
09692	9.412469	1.345263	-1.047882	-0.269763	-0.647975	-0.131062	-0.304884	-0.145368	0.941230	-0.322494	0.945658	0.041590	-0.896127	-0.290861	-0.335196
09693	9.359732	1.219023	-1.194123	-0.371615	-0.678511	-0.125881	-0.310549	-0.148553	0.938878	-0.319543	0.946546	0.044072	-0.895238	-0.286325	-0.341418
09694	9.327631	0.296168	-1.595876	-0.426219	-0.735892	-0.110775	-0.316807	-0.151739	0.936274	-0.316105	0.947579	0.046610	-0.894266	-0.281194	-0.348165
09695	9.519703	-0.846487	-2.258754	-0.318300	-0.792600	-0.084750	-0.323614	-0.154789	0.933442	-0.313523	0.948338	0.048564	-0.892736	-0.276940	-0.355425
09696	9.886978	-1.508636	-2.668894	-0.057737	-0.845824	-0.056208	-0.331045	-0.157747	0.930336	-0.313335	0.948362	0.049308	-0.890073	-0.275183	-0.363379
09697	10.142411	-0.848423	-2.497975	0.171249	-0.879124	-0.025067	-0.338768	-0.160440	0.927090	-0.314932	0.947851	0.048954	-0.886597	-0.275386	-0.371630
09698	10.233113	0.098625	-2.283165	0.196734	-0.927540	0.005732	-0.347012	-0.163068	0.923575	-0.316851	0.947250	0.048199	-0.882716	-0.275911	-0.380376
09699	10.087420	0.281088	-2.378531	0.109432	-0.972565	0.035453	-0.355683	-0.165448	0.919846	-0.317684	0.947007	0.047493	-0.878958	-0.275328	-0.389395
09700	9.879978	0.194313	-2.445200	0.056664	-1.020139	0.066033	-0.364866	-0.167834	0.915808	-0.318270	0.946848	0.046721	-0.874972	-0.274428	-0.398889
09701	9.717972	-0.047687	-2.659298	0.101182	-1.109254	0.097512	-0.374850	-0.169985	0.911369	-0.318787	0.946735	0.045463	-0.870553	-0.273491	-0.409073
09702	9.938617	-0.281607	-2.504815	0.196306	-1.171886	0.115324	-0.385555	-0.172175	0.906478	-0.320169	0.946358	0.043571	-0.865355	-0.273427	-0.419999
09703	10.214542	0.333756	-2.137485	0.388352	-1.211432	0.141792	-0.396451	-0.174191	0.901379	-0.322959	0.945538	0.040679	-0.859374	-0.274981	-0.431116
09704	10.460857	0.830113	-1.920863	0.381026	-1.252082	0.171646	-0.407808	-0.176112	0.895922	-0.325689	0.944735	0.037459	-0.853006	-0.276516	-0.442628
09705	10.572691	1.189888	-1.511672	0.387185	-1.299041	0.194315	-0.419474	-0.177913	0.890162	-0.328172	0.944005	0.034029	-0.846372	-0.277852	-0.454371
09706	10.675407	1.533835	-1.261471	0.354858	-1.349908	0.211639	-0.431662	-0.179883	0.883918	-0.330587	0.943282	0.030522	-0.839274	-0.279036	-0.466646
09707	10.513626	1.199807	-1.296947	0.276275	-1.421734	0.219286	-0.444262	-0.181818	0.877253	-0.331934	0.942907	0.027326	-0.832136	-0.279050	-0.479249
09708	10.494697	0.611228	-1.158538	0.340279	-1.494717	0.227713	-0.457645	-0.183861	0.869917	-0.333833	0.942338	0.023545	-0.824085	-0.279631	-0.492636
09709	10.551735	0.386836	-1.209401	0.435867	-1.555123	0.238674	-0.471186	-0.186006	0.862198	-0.336297	0.941557	0.019342	-0.815407	-0.280841	-0.506202
09710	10.664515	-0.169777	-1.331550	0.539063	-1.634900	0.259623	-0.485467	-0.188292	0.853737	-0.339629	0.940451	0.014291	-0.805589	-0.283016	-0.520508
09711	10.888870	-0.945414	-1.121725	0.710466	-1.718025	0.273004	-0.500140	-0.190654	0.844696	-0.343970	0.938944	0.008263	-0.794698	-0.286418	-0.535183
09712	11.111054	-1.614683	-1.111575	0.887753	-1.798461	0.283584	-0.515431	-0.193403	0.834821	-0.349810	0.936820	0.001055	-0.782281	-0.291485	-0.550520
09713	11.122124	-2.755071	-1.150981	1.058076	-1.909118	0.288315	-0.531246	-0.196365	0.824147	-0.356510	0.934264	-0.007205	-0.768556	-0.297645	-0.566330
09714	10.775086	-4.062205	-0.817662	1.321352	-2.046273	0.292389	-0.548034	-0.199914	0.812215	-0.365188	0.930773	-0.017311	-0.752527	-0.306098	-0.583101
09715	10.720440	-5.075397	-0.226261	1.675268	-2.186864	0.282814	-0.565331	-0.204139	0.799205	-0.376073	0.926122	-0.029464	-0.734146	-0.317216	-0.600336
09716	10.864249	-6.193893	0.216864	2.024706	-2.273477	0.296603	-0.583105	-0.208861	0.785090	-0.389237	0.920071	-0.044325	-0.713080	-0.331432	-0.617794
09717	11.100278	-6.362769	0.674297	2.402699	-2.297624	0.324140	-0.600501	-0.213739	0.770528	-0.404184	0.912584	-0.061852	-0.689952	-0.348577	-0.634398
09718	11.162861	-5.387237	0.885429	2.651917	-2.241884	0.390419	-0.617385	-0.218216	0.755789	-0.419940	0.903832	-0.082079	-0.665196	-0.368061	-0.649650
09719	11.259539	-2.788023	1.317069	2.748744	-2.213305	0.467844	-0.633816	-0.222410	0.740818	-0.434958	0.894472	-0.103594	-0.639600	-0.387884	-0.663669
09720	11.960837	0.392632	2.450531	2.489228	-2.117527	0.536987	-0.649630	-0.226087	0.725855	-0.447348	0.885650	-0.124511	-0.614703	-0.405596	-0.676485
09721	12.056384	2.721328	1.390243	1.883067	-2.113519	0.651390	-0.665313	-0.229070	0.710553	-0.454443	0.879383	-0.142011	-0.592318	-0.417388	-0.689164
09722	12.367484	4.463375	0.291943	1.367431	-2.326644	0.773051	-0.682466	-0.232183	0.693059	-0.457442	0.875227	-0.157239	-0.570076	-0.424345	-0.703523
09723	12.690243	3.888557	-0.224584	0.534344	-2.402757	0.786093	-0.699511	-0.235523	0.674695	-0.455020	0.874799	-0.166381	-0.551036	-0.423385	-0.719099
09724	13.014162	1.665634	-1.830448	-0.114009	-2.412631	0.698824	-0.715865	-0.239543	0.655864	-0.449608	0.876801	-0.170504	-0.534219	-0.416940	-0.735371
09725	12.997647	0.658878	-3.279135	-0.273808	-2.296032	0.627689	-0.730747	-0.243546	0.637726	-0.443643	0.879446	-0.172496	-0.518835	-0.408973	-0.750700
09726	12.279451	-0.064796	-5.222521	-0.496521	-2.029559	0.561170	-0.743517	-0.247095	0.621390	-0.437349	0.882626	-0.172329	-0.505874	-0.399894	-0.764315
09727	11.380088	-0.145928	-6.366359	-0.467632	-1.853009	0.506410	-0.754970	-0.249981	0.606242	-0.431235	0.885732	-0.171802	-0.494021	-0.391138	-0.776501
09728	11.292370	-0.344635	-6.528981	-0.679092	-1.637607	0.440528	-0.764747	-0.252603	0.592751	-0.424885	0.889295	-0.169197	-0.484391	-0.381244	-0.787413
09729	10.565185	-1.185844	-8.893718	-0.939773	-1.328573	0.356682	-0.772633	-0.254443	0.581633	-0.417640	0.893724	-0.163815	-0.478137	-0.369482	-0.796786
09730	8.695460	-1.864014	-12.417684	-0.588801	-1.406745	0.240422	-0.780177	-0.257572	0.570070	-0.413263	0.896340	-0.160588	-0.469614	-0.360876	-0.805749
09731	8.989352	-2.506653	-10.432988	-0.265747	-1.340536	0.014680	-0.786460	-0.262272	0.559190	-0.411932	0.897326	-0.158488	-0.460209	-0.354993	-0.813749
09732	10.071171	-2.221444	-9.839480	-0.006650	-0.902310	-0.135864	-0.789881	-0.266798	0.552184	-0.413249	0.896839	-0.157815	-0.453115	-0.352844	-0.818650
09733	10.771665	-1.689348	-9.991357	0.297705	-0.357324	-0.219017	-0.790574	-0.270057	0.549602	-0.416343	0.895194	-0.159017	-0.449056	-0.354538	-0.820153
09734	10.063928	-1.856855	-10.309920	0.457709	0.171796	-0.259715	-0.788548	-0.271894	0.551603	-0.420741	0.892699	-0.161448	-0.448519	-0.359391	-0.818333
09735	8.502543	-1.923808	-10.591572	0.605280	0.584979	-0.301048	-0.784634	-0.272487	0.556867	-0.425850	0.889679	-0.164690	-0.450557	-0.366363	-0.814111
09736	7.015248	-1.487612	-10.716774	0.818811	0.894751	-0.371071	-0.778815	-0.272566	0.564938	-0.432756	0.885456	-0.169385	-0.454059	-0.376399	-0.807560
09737	5.924495	-1.166082	-10.228880	0.807302	1.213424	-0.485802	-0.771138	-0.272258	0.575519	-0.440230	0.881047	-0.173071	-0.459939	-0.386822	-0.799265
09738	5.454368	-1.040518	-9.618330	0.706935	1.545461	-0.608427	-0.761087	-0.271648	0.589028	-0.448452	0.876459	-0.175243	-0.468654	-0.397526	-0.788883
09739	4.985163	-1.108590	-8.964546	0.617061	1.950519	-0.719209	-0.748562	-0.270110	0.605554	-0.456829	0.872021	-0.175746	-0.480585	-0.408191	-0.776156
09740	4.976966	-1.298306	-9.226157	0.468438	2.365307	-0.778158	-0.733230	-0.267191	0.625285	-0.465169	0.867823	-0.174642	-0.495974	-0.418917	-0.760604
09741	4.879426	-1.718502	-9.562953	0.376120	2.813494	-0.769236	-0.715394	-0.261948	0.647761	-0.472660	0.864189	-0.172542	-0.514591	-0.429606	-0.742048
09742	4.498043	-2.334605	-9.822448	0.295053	3.242931	-0.696824	-0.694848	-0.253927	0.672835	-0.479380	0.860957	-0.170139	-0.536080	-0.440765	-0.719962
09743	4.396687	-3.138446	-10.046891	0.354158	3.608416	-0.586094	-0.672248	-0.242873	0.699353	-0.485342	0.857916	-0.168592	-0.559040	-0.452761	-0.694609
09744	4.195443	-3.178175	-9.675953	0.568558	3.970505	-0.484722	-0.647025	-0.228802	0.727330	-0.492039	0.854000	-0.169063	-0.582457	-0.467263	-0.665139
09745	3.941898	-2.830079	-8.972774	0.649790	4.301410	-0.431770	-0.619299	-0.212087	0.755968	-0.498650	0.849960	-0.170044	-0.606478	-0.482272	-0.632137
09746	3.934139	-2.427523	-9.157911	0.606660	4.594809	-0.408879	-0.588610	-0.193096	0.785017	-0.505109	0.846020	-0.170632	-0.631192	-0.496955	-0.595510
09747	4.227890	-2.037191	-8.890666	0.513146	4.795380	-0.411049	-0.555640	-0.172449	0.813342	-0.510776	0.842684	-0.170270	-0.656028	-0.510044	-0.556312
09748	4.839528	-1.781634	-8.371287	0.316841	4.965657	-0.441457	-0.519970	-0.150551	0.840812	-0.515499	0.840190	-0.168352	-0.681096	-0.520976	-0.514483
09749	5.429520	-1.785600	-8.027311	0.084623	5.115443	-0.453074	-0.482122	-0.127531	0.866772	-0.518365	0.839117	-0.164867	-0.706297	-0.528790	-0.470664
09750	5.943241	-1.869731	-7.949707	-0.107925	5.196375	-0.452399	-0.442229	-0.103683	0.890889	-0.519885	0.839039	-0.160417	-0.730858	-0.534101	-0.424951
09751	6.383808	-1.719199	-7.462054	-0.340145	5.278114	-0.436363	-0.400731	-0.079130	0.912772	-0.519203	0.840463	-0.155082	-0.754880	-0.536060	-0.377884
09752	6.807763	-2.302989	-8.121516	-0.552713	5.332477	-0.386891	-0.357651	-0.053757	0.932307	-0.516619	0.843049	-0.149575	-0.777940	-0.535143	-0.329289
09753	7.144677	-3.335005	-8.112624	-0.563880	5.373865	-0.359312	-0.313411	-0.028127	0.949201	-0.513381	0.845917	-0.144444	-0.798883	-0.532572	-0.279559
09754	7.113553	-3.638807	-7.548837	-0.534628	5.430441	-0.380284	-0.267302	-0.002440	0.963610	-0.510343	0.848595	-0.139419	-0.817374	-0.529038	-0.228076
09755	6.841346	-4.148990	-7.526358	-0.555580	5.414189	-0.439870	-0.220354	0.022297	0.975165	-0.506828	0.851569	-0.133996	-0.833409	-0.523768	-0.176346
09756	6.684471	-3.661871	-7.508354	-0.261897	5.322401	-0.482184	-0.173020	0.046041	0.983842	-0.505732	0.853013	-0.128858	-0.845162	-0.519855	-0.124304
09757	6.557322	-1.781073	-6.427516	-0.266970	5.151279	-0.572975	-0.126335	0.067768	0.989670	-0.504317	0.854727	-0.122906	-0.854227	-0.514635	-0.073806
09758	6.904264	-0.051741	-5.805995	-0.469923	4.978216	-0.598556	-0.080493	0.088130	0.992851	-0.501026	0.857523	-0.116737	-0.861681	-0.506841	-0.024869
09759	6.666411	1.304147	-4.878255	-0.874170	4.808900	-0.541909	-0.036168	0.107522	0.993545	-0.493770	0.862439	-0.111309	-0.868840	-0.494608	0.021898
09760	6.505583	1.333906	-4.580701	-1.226000	4.512863	-0.431287	0.005395	0.125811	0.992040	-0.483230	0.868861	-0.107561	-0.875477	-0.478803	0.065483
09761	7.092699	0.601796	-4.211080	-1.366804	4.171834	-0.331513	0.043631	0.142500	0.988833	-0.471133	0.875740	-0.105414	-0.880982	-0.461272	0.105346
09762	8.063597	-0.740470	-3.865587	-1.317162	3.889629	-0.230159	0.079121	0.158117	0.984245	-0.459423	0.882018	-0.104763	-0.884687	-0.443896	0.142429
09763	9.103156	-2.119694	-3.353711	-1.005568	3.598464	-0.199433	0.111897	0.172031	0.978716	-0.450317	0.886746	-0.104380	-0.885829	-0.429053	0.176693
09764	9.464557	-2.459870	-2.194746	-0.493847	3.338214	-0.238489	0.142572	0.184089	0.972515	-0.445687	0.889245	-0.102988	-0.883762	-0.418754	0.208827
09765	8.930112	-2.335379	-0.697832	-0.004829	3.022197	-0.280564	0.170470	0.194132	0.966050	-0.445192	0.889806	-0.100251	-0.879059	-0.412988	0.238111
09766	7.657609	-1.454389	1.500879	0.407502	2.558638	-0.285236	0.194214	0.202166	0.959901	-0.448279	0.888673	-0.096466	-0.872540	-0.411569	0.263220
09767	6.520034	-0.420264	2.746028	0.566785	1.931772	-0.277350	0.212266	0.207634	0.954899	-0.452628	0.886916	-0.092237	-0.866066	-0.412635	0.282243
09768	6.069545	0.651550	3.131361	0.565446	1.291664	-0.281309	0.224755	0.210511	0.951404	-0.456933	0.885147	-0.087907	-0.860638	-0.414970	0.295131
09769	5.933226	1.291188	2.706792	0.349496	0.679876	-0.294319	0.231954	0.210704	0.949632	-0.459248	0.884324	-0.084039	-0.857490	-0.416623	0.301887
09770	6.014609	1.019434	2.089513	0.020897	0.087238	-0.306138	0.234168	0.208379	0.949602	-0.458745	0.884864	-0.081048	-0.857157	-0.416646	0.302799
09771	6.327838	0.398743	1.713314	-0.170686	-0.481485	-0.303766	0.231436	0.203653	0.951295	-0.456558	0.886211	-0.078646	-0.859065	-0.416120	0.298080
09772	6.675834	-0.191018	1.000320	-0.272959	-0.969081	-0.249515	0.224293	0.197421	0.954315	-0.453664	0.887836	-0.077044	-0.862486	-0.415659	0.288698
09773	7.566525	-0.851652	0.429320	-0.267729	-1.327183	-0.201074	0.213737	0.190086	0.958219	-0.450894	0.889349	-0.075849	-0.866609	-0.415844	0.275796
09774	9.497296	-0.649130	1.414508	-0.364175	-1.483654	-0.211273	0.201856	0.182044	0.962348	-0.447311	0.891248	-0.074769	-0.871302	-0.415376	0.261334
09775	10.959756	-0.806193	1.099295	-0.114033	-1.608934	-0.213640	0.188771	0.173410	0.966589	-0.445884	0.892112	-0.072970	-0.874959	-0.417212	0.245726
09776	13.106984	-0.933793	2.419576	-0.087827	-1.356604	-0.245301	0.178036	0.165550	0.969998	-0.444679	0.892889	-0.070772	-0.877817	-0.418738	0.232583
09777	14.529292	-0.938133	3.830157	-0.070483	-1.005530	-0.307521	0.170574	0.158556	0.972504	-0.443510	0.893692	-0.067917	-0.879888	-0.419731	0.222762
09778	15.002463	-2.008985	4.046248	-0.746130	-0.744458	-0.363323	0.165668	0.152196	0.974367	-0.436332	0.897363	-0.065980	-0.884403	-0.414217	0.215072
09779	12.293304	-3.610956	2.340568	-1.125342	-1.014882	-0.333360	0.158104	0.145005	0.976717	-0.425790	0.902480	-0.065059	-0.890902	-0.405590	0.204428
09780	10.309957	-4.449441	1.467553	-1.130649	-1.454842	-0.352578	0.146635	0.135979	0.979800	-0.415165	0.907505	-0.063813	-0.897851	-0.397422	0.189526
09781	10.615007	-5.672262	0.107298	-0.955398	-1.727881	-0.394949	0.132695	0.125544	0.983174	-0.405992	0.911796	-0.061634	-0.904191	-0.390982	0.171961
