// General information: 
//  MT Manager version: 2022.2.0 
//  XDA version: 2022.2.0 build 7381 rev 124627 built on 2023-07-19
// Device information: 
//  DeviceId: 00B4CBA7
//  ProductCode: MTW2-3A7G6
//  Firmware Version: 4.6.0
//  Hardware Version: 2.0.0
// Device settings: 
//  Filter Profile: human(46.1)
//  Option Flags: Orientation Smoother Disabled, Position/Velocity Smoother Disabled, Continuous Zero Rotation Update Disabled, AHS Disabled, ICC Disabled
// Coordinate system: ENU
PacketCounter	Acc_X	Acc_Y	Acc_Z	Gyr_X	Gyr_Y	Gyr_Z	Mat[1][1]	Mat[2][1]	Mat[3][1]	Mat[1][2]	Mat[2][2]	Mat[3][2]	Mat[1][3]	Mat[2][3]	Mat[3][3]
07657	9.657302	-0.361452	-1.418468	0.016467	-0.014044	0.002618	0.133751	0.063405	0.988985	0.628086	-0.777351	-0.035106	0.766563	0.625863	-0.143796
07658	9.680163	-0.312604	-1.416061	0.017492	-0.009366	0.003220	0.133813	0.063463	0.988972	0.628203	-0.777256	-0.035122	0.766456	0.625975	-0.143875
07659	9.657922	-0.303099	-1.414462	0.013366	-0.014615	0.004628	0.133852	0.063545	0.988962	0.628338	-0.777148	-0.035107	0.766338	0.626102	-0.143951
07660	9.665138	-0.342299	-1.431349	0.010610	-0.012479	0.004498	0.133945	0.063613	0.988945	0.628401	-0.777096	-0.035126	0.766271	0.626159	-0.144063
07661	9.678638	-0.373899	-1.425484	0.011909	-0.006324	0.004791	0.134010	0.063654	0.988934	0.628458	-0.777049	-0.035146	0.766212	0.626214	-0.144136
07662	9.642840	-0.333354	-1.429985	0.016800	-0.004607	0.002384	0.134030	0.063689	0.988929	0.628571	-0.776957	-0.035153	0.766116	0.626324	-0.144168
07663	9.640581	-0.347188	-1.398645	0.018245	-0.006165	0.004129	0.133993	0.063722	0.988931	0.628748	-0.776815	-0.035136	0.765978	0.626497	-0.144153
07664	9.670937	-0.336856	-1.411445	0.015846	-0.008057	-0.000048	0.134024	0.063798	0.988922	0.628857	-0.776728	-0.035117	0.765883	0.626597	-0.144219
07665	9.679255	-0.316236	-1.421452	0.013567	-0.004196	0.001037	0.134065	0.063816	0.988916	0.628992	-0.776616	-0.035155	0.765764	0.626733	-0.144257
07666	9.648700	-0.327325	-1.409837	0.011230	-0.008297	0.002052	0.134111	0.063877	0.988905	0.629063	-0.776559	-0.035150	0.765698	0.626798	-0.144328
07667	9.656984	-0.306801	-1.420058	0.009715	-0.007967	0.002141	0.134204	0.063944	0.988888	0.629059	-0.776562	-0.035156	0.765685	0.626787	-0.144443
07668	9.670546	-0.338167	-1.413811	0.010741	-0.003288	0.002739	0.134216	0.063968	0.988885	0.629125	-0.776509	-0.035158	0.765629	0.626851	-0.144464
07669	9.672684	-0.325299	-1.445689	0.011563	0.001142	0.001812	0.134121	0.063984	0.988897	0.629132	-0.776507	-0.035085	0.765640	0.626852	-0.144400
07670	9.670520	-0.339047	-1.413774	0.011696	0.000163	0.005170	0.134121	0.063967	0.988898	0.629201	-0.776449	-0.035112	0.765583	0.626925	-0.144386
07671	9.676742	-0.332014	-1.391455	0.009703	-0.001233	0.004043	0.134023	0.063971	0.988911	0.629300	-0.776371	-0.035065	0.765519	0.627021	-0.144309
07672	9.654673	-0.322253	-1.388772	0.008055	0.000076	0.000773	0.133997	0.063989	0.988914	0.629348	-0.776333	-0.035043	0.765484	0.627066	-0.144297
07673	9.670434	-0.340393	-1.414044	0.007366	-0.005333	0.005060	0.134078	0.064082	0.988897	0.629160	-0.776488	-0.034986	0.765624	0.626866	-0.144428
07674	9.648311	-0.330767	-1.411693	0.007710	-0.002629	0.002917	0.134086	0.064100	0.988894	0.629202	-0.776454	-0.034985	0.765588	0.626906	-0.144444
07675	9.668178	-0.354640	-1.382624	0.015002	0.000979	0.004684	0.134080	0.064065	0.988897	0.629308	-0.776367	-0.035028	0.765503	0.627017	-0.144412
07676	9.646149	-0.345302	-1.379556	0.019264	0.005247	0.006628	0.134051	0.064006	0.988905	0.629433	-0.776262	-0.035080	0.765405	0.627152	-0.144346
07677	9.644068	-0.359175	-1.346976	0.027328	0.008755	0.000376	0.133980	0.063997	0.988915	0.629484	-0.776223	-0.035051	0.765375	0.627202	-0.144284
07678	9.654700	-0.325527	-1.387818	0.026994	-0.000685	0.000623	0.133959	0.064021	0.988917	0.629676	-0.776066	-0.035055	0.765221	0.627393	-0.144274
07679	9.689212	-0.321028	-1.345919	0.031878	-0.002403	0.005243	0.134024	0.063976	0.988911	0.630059	-0.775749	-0.035204	0.764895	0.627790	-0.144278
07680	9.642949	-0.314764	-1.308463	0.039385	0.004884	0.001507	0.133966	0.063958	0.988920	0.630345	-0.775515	-0.035235	0.764669	0.628081	-0.144209
07681	9.636719	-0.323233	-1.330474	0.040008	-0.001103	0.004188	0.133987	0.063994	0.988915	0.630536	-0.775359	-0.035256	0.764508	0.628270	-0.144238
07682	9.635666	-0.383693	-1.336362	0.054200	-0.001125	0.002780	0.133983	0.064004	0.988915	0.630933	-0.775033	-0.035321	0.764181	0.628671	-0.144223
07683	9.613540	-0.374629	-1.333922	0.059168	-0.008354	0.003678	0.134032	0.064025	0.988907	0.631449	-0.774607	-0.035433	0.763746	0.629193	-0.144251
07684	9.669086	-0.302399	-1.375738	0.049607	-0.014837	0.001103	0.134122	0.064134	0.988887	0.631813	-0.774308	-0.035475	0.763428	0.629550	-0.144373
07685	9.677263	-0.282598	-1.386744	0.038512	-0.017672	0.007537	0.134316	0.064235	0.988854	0.631970	-0.774177	-0.035551	0.763265	0.629701	-0.144579
07686	9.670733	-0.291250	-1.410742	0.018682	-0.019139	0.003426	0.134453	0.064354	0.988828	0.632095	-0.774074	-0.035570	0.763137	0.629816	-0.144754
07687	9.697856	-0.322529	-1.516903	0.002693	-0.023678	0.012272	0.134756	0.064413	0.988783	0.632068	-0.774089	-0.035715	0.763106	0.629791	-0.145027
07688	9.669177	-0.321037	-1.538644	-0.011288	-0.019981	0.008175	0.134930	0.064500	0.988754	0.631958	-0.774178	-0.035738	0.763166	0.629673	-0.145221
07689	9.682495	-0.352501	-1.533610	-0.017281	-0.017433	0.006690	0.134933	0.064566	0.988749	0.631850	-0.774270	-0.035668	0.763255	0.629554	-0.145271
07690	9.690623	-0.332190	-1.544870	-0.021419	-0.015936	0.010003	0.135088	0.064613	0.988725	0.631660	-0.774423	-0.035694	0.763385	0.629360	-0.145428
07691	9.687188	-0.299486	-1.476684	-0.028448	-0.011329	0.009819	0.135246	0.064611	0.988703	0.631450	-0.774591	-0.035758	0.763531	0.629153	-0.145559
07692	9.656528	-0.310700	-1.465651	-0.030237	-0.012475	0.010221	0.135375	0.064635	0.988684	0.631193	-0.774801	-0.035773	0.763721	0.628893	-0.145685
07693	9.676237	-0.334581	-1.437703	-0.031272	-0.010417	0.011522	0.135569	0.064644	0.988657	0.630913	-0.775025	-0.035838	0.763917	0.628615	-0.145854
07694	9.637179	-0.366535	-1.417036	-0.030371	-0.011502	0.006862	0.135670	0.064687	0.988640	0.630659	-0.775233	-0.035820	0.764109	0.628355	-0.145971
07695	9.652772	-0.384793	-1.442951	-0.020803	-0.005025	0.009433	0.135575	0.064658	0.988655	0.630561	-0.775315	-0.035763	0.764207	0.628256	-0.145884
07696	9.645281	-0.346850	-1.428441	-0.008262	-0.013912	0.009880	0.135712	0.064693	0.988634	0.630472	-0.775386	-0.035808	0.764256	0.628165	-0.146017
07697	9.667104	-0.357904	-1.432367	-0.001170	-0.010558	0.010114	0.135768	0.064708	0.988625	0.630407	-0.775438	-0.035819	0.764300	0.628099	-0.146072
07698	9.666897	-0.358904	-1.433517	0.004618	-0.013360	0.010069	0.135902	0.064738	0.988605	0.630416	-0.775428	-0.035884	0.764269	0.628109	-0.146194
07699	9.668795	-0.346771	-1.466560	0.003377	-0.011552	0.009847	0.136082	0.064802	0.988576	0.630304	-0.775517	-0.035928	0.764329	0.627993	-0.146379
07700	9.661273	-0.309137	-1.452341	0.004343	-0.014837	0.010382	0.136230	0.064839	0.988553	0.630310	-0.775508	-0.035996	0.764297	0.627999	-0.146516
07701	9.654747	-0.317881	-1.475808	-0.005509	-0.009312	0.011908	0.136362	0.064838	0.988535	0.630276	-0.775533	-0.036076	0.764302	0.627969	-0.146619
07702	9.668216	-0.349824	-1.469650	-0.003100	-0.003989	0.009047	0.136419	0.064817	0.988528	0.630227	-0.775570	-0.036119	0.764332	0.627925	-0.146652
07703	9.633461	-0.355830	-1.511901	-0.003100	-0.003989	0.009048	0.136474	0.064814	0.988521	0.630191	-0.775598	-0.036150	0.764352	0.627891	-0.146694
07704	9.696372	-0.353914	-1.450959	-0.005096	-0.005384	0.007925	0.136535	0.064811	0.988513	0.630129	-0.775648	-0.036179	0.764393	0.627830	-0.146742
07705	9.652247	-0.334441	-1.445787	-0.008473	-0.000685	0.012143	0.136628	0.064725	0.988506	0.630136	-0.775635	-0.036308	0.764370	0.627854	-0.146759
07706	9.695328	-0.309330	-1.413417	-0.005029	0.002579	0.007980	0.136628	0.064672	0.988509	0.630074	-0.775684	-0.036339	0.764421	0.627799	-0.146728
07707	9.634394	-0.331524	-1.388793	-0.003927	-0.001681	0.011874	0.136698	0.064600	0.988504	0.630006	-0.775736	-0.036427	0.764465	0.627743	-0.146740
07708	9.650005	-0.350334	-1.414183	-0.004890	-0.005134	0.009449	0.136766	0.064583	0.988496	0.629943	-0.775785	-0.036472	0.764505	0.627684	-0.146785
07709	9.620366	-0.408157	-1.440210	-0.003375	-0.005466	0.009360	0.136869	0.064572	0.988482	0.629943	-0.775781	-0.036547	0.764486	0.627690	-0.146857
07710	9.647660	-0.365376	-1.383473	-0.000206	-0.007107	0.012541	0.136972	0.064543	0.988470	0.629911	-0.775803	-0.036630	0.764493	0.627666	-0.146920
07711	9.656867	-0.392092	-1.431510	-0.000206	-0.007107	0.012541	0.137093	0.064512	0.988455	0.629910	-0.775799	-0.036732	0.764473	0.627673	-0.146993
07712	9.663055	-0.385646	-1.409866	0.004615	-0.006629	0.011960	0.137188	0.064485	0.988444	0.629916	-0.775790	-0.036816	0.764451	0.627687	-0.147050
07713	9.693360	-0.376115	-1.422920	0.006956	-0.009270	0.009043	0.137337	0.064475	0.988424	0.630046	-0.775679	-0.036945	0.764317	0.627826	-0.147151
07714	9.662786	-0.387880	-1.411097	0.010470	-0.001472	0.011968	0.137393	0.064415	0.988420	0.630097	-0.775632	-0.037037	0.764265	0.627889	-0.147155
07715	9.651271	-0.345039	-1.449807	0.021628	-0.000849	0.010715	0.137408	0.064355	0.988422	0.630298	-0.775465	-0.037133	0.764096	0.628103	-0.147118
07716	9.685939	-0.341159	-1.407829	0.028310	0.001997	0.007896	0.137413	0.064306	0.988424	0.630491	-0.775304	-0.037212	0.763936	0.628306	-0.147081
07717	9.657571	-0.339978	-1.427170	0.032994	0.000022	0.010989	0.137444	0.064205	0.988427	0.630841	-0.775011	-0.037378	0.763642	0.628677	-0.147024
07718	9.649083	-0.362177	-1.417484	0.038918	-0.000336	0.007271	0.137462	0.064174	0.988426	0.631116	-0.774783	-0.037467	0.763411	0.628962	-0.147005
07719	9.654127	-0.415441	-1.401022	0.051456	-0.002501	0.009606	0.137493	0.064162	0.988422	0.631391	-0.774555	-0.037549	0.763178	0.629244	-0.147007
07720	9.626956	-0.355075	-1.414776	0.051459	-0.002502	0.009609	0.137542	0.064128	0.988418	0.631758	-0.774249	-0.037679	0.762865	0.629624	-0.147005
07721	9.641629	-0.328298	-1.402583	0.048289	-0.011024	0.011582	0.137667	0.064140	0.988400	0.632096	-0.773967	-0.037815	0.762563	0.629969	-0.147093
07722	9.695178	-0.270297	-1.412749	0.043953	-0.009773	0.013376	0.137796	0.064122	0.988383	0.632401	-0.773710	-0.037971	0.762287	0.630286	-0.147165
07723	9.671748	-0.321545	-1.416417	0.043199	-0.006237	0.014363	0.137915	0.064081	0.988369	0.632708	-0.773451	-0.038140	0.762011	0.630609	-0.147215
07724	9.610662	-0.344621	-1.392307	0.026940	-0.008800	0.016512	0.138056	0.064033	0.988352	0.632878	-0.773304	-0.038302	0.761844	0.630794	-0.147284
07725	9.676456	-0.377180	-1.401394	0.033828	-0.012452	0.013335	0.138161	0.064009	0.988339	0.633242	-0.772997	-0.038459	0.761522	0.631172	-0.147332
07726	9.594588	-0.330521	-1.369405	0.048092	-0.014702	0.017110	0.138351	0.063993	0.988314	0.633573	-0.772716	-0.038659	0.761212	0.631517	-0.147451
07727	9.629035	-0.327635	-1.329031	0.042926	-0.017873	0.019850	0.138453	0.063977	0.988300	0.633886	-0.772452	-0.038798	0.760933	0.631842	-0.147503
07728	9.666334	-0.358169	-1.358398	0.040512	-0.019775	0.015685	0.138672	0.064005	0.988268	0.634161	-0.772218	-0.038972	0.760664	0.632125	-0.147675
07729	9.675770	-0.280021	-1.364628	0.032791	-0.027288	0.017940	0.139018	0.064091	0.988214	0.634185	-0.772190	-0.039134	0.760581	0.632151	-0.147994
07730	9.642643	-0.274714	-1.441030	0.021494	-0.030336	0.022878	0.139363	0.064130	0.988163	0.634305	-0.772081	-0.039351	0.760418	0.632280	-0.148278
07731	9.644201	-0.264337	-1.475965	0.005441	-0.032630	0.026562	0.139650	0.064162	0.988120	0.634216	-0.772146	-0.039495	0.760439	0.632197	-0.148523
07732	9.696768	-0.313150	-1.531843	-0.015509	-0.033205	0.025629	0.140034	0.064198	0.988063	0.634050	-0.772273	-0.039684	0.760507	0.632039	-0.148849
07733	9.762807	-0.392775	-1.580610	-0.026868	-0.027317	0.027238	0.140299	0.064193	0.988026	0.633783	-0.772486	-0.039807	0.760681	0.631779	-0.149063
07734	9.760711	-0.423456	-1.706389	-0.017890	-0.014878	0.027077	0.140552	0.064102	0.987996	0.633597	-0.772628	-0.040007	0.760789	0.631614	-0.149210
07735	9.688062	-0.402602	-1.721592	-0.009136	-0.009437	0.023520	0.140671	0.064021	0.987984	0.633429	-0.772760	-0.040115	0.760907	0.631461	-0.149258
07736	9.641798	-0.397322	-1.685099	0.003685	-0.010144	0.025531	0.140879	0.063912	0.987962	0.633409	-0.772765	-0.040331	0.760885	0.631466	-0.149349
07737	9.643055	-0.340399	-1.680102	0.000670	-0.002728	0.027584	0.140985	0.063747	0.987957	0.633321	-0.772828	-0.040511	0.760939	0.631406	-0.149329
07738	9.690047	-0.275818	-1.556636	-0.014826	-0.002060	0.030645	0.141163	0.063547	0.987945	0.633153	-0.772953	-0.040750	0.761046	0.631272	-0.149347
07739	9.682389	-0.193052	-1.503862	-0.039554	0.001598	0.030885	0.141281	0.063347	0.987941	0.632726	-0.773295	-0.040899	0.761379	0.630874	-0.149333
07740	9.637458	-0.280880	-1.541544	-0.061663	0.000666	0.034945	0.141465	0.063096	0.987930	0.632194	-0.773718	-0.041111	0.761786	0.630380	-0.149343
07741	9.620837	-0.371208	-1.560029	-0.060632	-0.001401	0.033651	0.141605	0.062880	0.987924	0.631651	-0.774154	-0.041264	0.762211	0.629866	-0.149342
07742	9.728859	-0.285880	-1.461456	-0.060485	-0.002375	0.037021	0.141825	0.062632	0.987908	0.631125	-0.774571	-0.041498	0.762606	0.629379	-0.149382
07743	9.694066	-0.325145	-1.385571	-0.074178	-0.000564	0.039687	0.141978	0.062353	0.987904	0.630626	-0.774965	-0.041718	0.762990	0.628921	-0.149349
07744	9.633420	-0.395196	-1.398812	-0.080786	-0.002168	0.040690	0.142219	0.062075	0.987887	0.629939	-0.775510	-0.041957	0.763512	0.628276	-0.149396
07745	9.594142	-0.429189	-1.377560	-0.078588	-0.007274	0.041457	0.142518	0.061832	0.987859	0.629354	-0.775971	-0.042227	0.763939	0.627731	-0.149504
07746	9.627052	-0.486461	-1.342889	-0.079494	-0.009502	0.037204	0.142793	0.061627	0.987832	0.628681	-0.776505	-0.042434	0.764441	0.627091	-0.149623
07747	9.611710	-0.517438	-1.356804	-0.061785	-0.008551	0.036782	0.143025	0.061423	0.987811	0.628237	-0.776851	-0.042657	0.764763	0.626681	-0.149697
07748	9.626469	-0.491657	-1.345177	-0.044713	-0.008346	0.031780	0.143257	0.061252	0.987788	0.627838	-0.777163	-0.042862	0.765047	0.626311	-0.149790
07749	9.595278	-0.458497	-1.296141	-0.034042	-0.012926	0.036334	0.143514	0.061080	0.987762	0.627591	-0.777348	-0.043116	0.765201	0.626098	-0.149894
07750	9.647344	-0.461346	-1.312984	-0.033722	-0.016960	0.032292	0.143815	0.060960	0.987725	0.627275	-0.777591	-0.043342	0.765404	0.625808	-0.150068
07751	9.594176	-0.417951	-1.261918	-0.031392	-0.023048	0.036408	0.144093	0.060844	0.987692	0.626970	-0.777825	-0.043552	0.765601	0.625529	-0.150227
07752	9.639632	-0.428416	-1.301979	-0.035614	-0.026063	0.032645	0.144465	0.060777	0.987642	0.626639	-0.778079	-0.043779	0.765803	0.625219	-0.150491
07753	9.663406	-0.474648	-1.377399	-0.026601	-0.029331	0.033922	0.144924	0.060738	0.987577	0.626346	-0.778300	-0.044048	0.765955	0.624948	-0.150837
07754	9.680313	-0.482357	-1.437312	-0.021566	-0.028630	0.034857	0.145329	0.060670	0.987521	0.626118	-0.778468	-0.044317	0.766065	0.624746	-0.151121
07755	9.688331	-0.464681	-1.449808	-0.020332	-0.030447	0.035077	0.145793	0.060625	0.987456	0.625862	-0.778657	-0.044599	0.766186	0.624514	-0.151466
07756	9.613470	-0.457255	-1.434457	-0.021279	-0.027156	0.034551	0.146185	0.060550	0.987402	0.625637	-0.778823	-0.044866	0.766295	0.624314	-0.151735
07757	9.613070	-0.506401	-1.475315	-0.009885	-0.031849	0.031054	0.146662	0.060543	0.987332	0.625452	-0.778956	-0.045141	0.766355	0.624149	-0.152110
07758	9.621156	-0.534890	-1.526207	0.009432	-0.038986	0.031968	0.147129	0.060562	0.987262	0.625465	-0.778929	-0.045429	0.766255	0.624182	-0.152482
07759	9.618252	-0.505180	-1.459856	0.021646	-0.033749	0.031270	0.147581	0.060555	0.987195	0.625592	-0.778808	-0.045751	0.766065	0.624333	-0.152820
07760	9.634849	-0.467046	-1.482156	0.029211	-0.035457	0.030795	0.148013	0.060561	0.987129	0.625758	-0.778656	-0.046057	0.765845	0.624521	-0.153148
07761	9.614264	-0.400592	-1.476626	0.036212	-0.040118	0.030944	0.148522	0.060600	0.987051	0.625996	-0.778444	-0.046401	0.765552	0.624782	-0.153551
07762	9.648606	-0.399565	-1.438704	0.033407	-0.039190	0.032666	0.148995	0.060615	0.986978	0.626192	-0.778267	-0.046733	0.765300	0.625001	-0.153915
07763	9.610780	-0.421023	-1.452244	0.034358	-0.042486	0.033200	0.149533	0.060656	0.986894	0.626340	-0.778127	-0.047077	0.765074	0.625171	-0.154347
07764	9.638448	-0.473892	-1.474867	0.038401	-0.045237	0.031703	0.150046	0.060717	0.986813	0.626574	-0.777918	-0.047407	0.764782	0.625425	-0.154767
07765	9.622380	-0.459818	-1.453959	0.041732	-0.047889	0.038245	0.150573	0.060751	0.986730	0.626743	-0.777761	-0.047755	0.764540	0.625617	-0.155185
07766	9.630162	-0.443305	-1.467965	0.036983	-0.047110	0.037016	0.151134	0.060782	0.986643	0.626958	-0.777565	-0.048135	0.764253	0.625858	-0.155624
07767	9.637932	-0.426740	-1.482110	0.036422	-0.050063	0.037650	0.151740	0.060838	0.986546	0.627134	-0.777399	-0.048519	0.763988	0.626059	-0.156116
07768	9.728499	-0.400164	-1.524577	0.019071	-0.048254	0.035989	0.152303	0.060885	0.986457	0.627213	-0.777314	-0.048861	0.763812	0.626160	-0.156575
07769	9.707810	-0.380062	-1.557827	0.004080	-0.042361	0.033286	0.152835	0.060912	0.986373	0.627216	-0.777290	-0.049185	0.763702	0.626186	-0.157003
07770	9.676544	-0.393650	-1.549227	0.001496	-0.041179	0.036535	0.153348	0.060911	0.986293	0.627160	-0.777316	-0.049505	0.763646	0.626155	-0.157400
07771	9.620976	-0.502649	-1.581249	0.009344	-0.041428	0.035732	0.153801	0.060921	0.986222	0.627188	-0.777275	-0.049796	0.763532	0.626205	-0.157755
07772	9.598292	-0.495652	-1.582404	0.008277	-0.046103	0.035158	0.154342	0.060961	0.986135	0.627185	-0.777256	-0.050113	0.763425	0.626224	-0.158197
07773	9.647732	-0.512879	-1.570580	0.016565	-0.045861	0.037404	0.154930	0.060979	0.986042	0.627337	-0.777108	-0.050511	0.763181	0.626406	-0.158651
07774	9.616395	-0.526915	-1.561888	0.032099	-0.039874	0.036144	0.155429	0.060972	0.985964	0.627514	-0.776941	-0.050877	0.762933	0.626614	-0.159020
07775	9.759737	-0.454848	-1.581229	0.049936	-0.031040	0.035675	0.155902	0.060921	0.985892	0.627761	-0.776716	-0.051274	0.762634	0.626898	-0.159336
07776	9.692458	-0.394458	-1.503698	0.059409	0.001815	0.042648	0.156125	0.060603	0.985876	0.628136	-0.776381	-0.051747	0.762280	0.627343	-0.159279
07777	9.736632	-0.623332	-1.385974	0.092158	0.012441	0.043384	0.156187	0.060200	0.985891	0.628943	-0.775692	-0.052274	0.761601	0.628234	-0.159016
07778	9.649106	-0.584171	-1.182963	0.176894	0.042263	0.028296	0.156012	0.059739	0.985947	0.630234	-0.774609	-0.052792	0.760569	0.629613	-0.158498
07779	9.369477	-0.671264	-0.930529	0.237581	0.021848	0.024093	0.156001	0.059440	0.985967	0.631971	-0.773151	-0.053381	0.759129	0.631430	-0.158177
07780	9.347961	-0.618734	-0.888709	0.284528	-0.028059	0.025663	0.156344	0.059444	0.985912	0.634077	-0.771379	-0.054042	0.757300	0.633594	-0.158293
07781	9.630999	-0.417573	-0.754269	0.330872	-0.062166	0.033872	0.156988	0.059588	0.985801	0.636549	-0.769282	-0.054869	0.755090	0.636124	-0.158699
07782	9.744605	-0.187183	-0.771756	0.296595	-0.092753	0.043845	0.157935	0.059866	0.985633	0.638705	-0.767430	-0.055731	0.753068	0.638331	-0.159441
07783	9.675349	-0.268992	-0.814166	0.255545	-0.107269	0.062561	0.159092	0.060092	0.985433	0.640384	-0.765961	-0.056677	0.751397	0.640073	-0.160340
07784	9.452874	-0.319039	-0.686807	0.233615	-0.124656	0.071785	0.160456	0.060365	0.985195	0.642012	-0.764519	-0.057718	0.749716	0.641768	-0.161427
07785	9.290163	-0.525633	-0.766687	0.189826	-0.161268	0.080968	0.162157	0.060797	0.984890	0.643337	-0.763322	-0.058803	0.748213	0.643151	-0.162891
07786	9.381257	-0.617294	-0.808932	0.177571	-0.201172	0.092214	0.164223	0.061412	0.984510	0.644503	-0.762247	-0.059960	0.746758	0.644366	-0.164759
07787	9.477890	-0.626195	-0.914407	0.176680	-0.227076	0.105779	0.166617	0.062077	0.984066	0.645605	-0.761208	-0.061292	0.745274	0.645530	-0.166908
07788	9.531128	-0.527033	-1.131198	0.166207	-0.252587	0.118790	0.169234	0.062829	0.983571	0.646632	-0.760221	-0.062698	0.743792	0.646620	-0.169282
07789	9.550287	-0.375363	-1.387125	0.154547	-0.266152	0.126285	0.172045	0.063603	0.983034	0.647587	-0.759281	-0.064211	0.742315	0.647647	-0.171819
07790	9.536883	-0.194638	-1.782428	0.132091	-0.277653	0.147474	0.175028	0.064306	0.982461	0.648301	-0.758532	-0.065847	0.740993	0.648455	-0.174454
07791	9.577379	-0.227001	-2.200205	0.095135	-0.280035	0.150820	0.178082	0.064987	0.981867	0.648745	-0.758007	-0.067493	0.739876	0.649001	-0.177147
07792	9.555110	-0.278702	-2.590148	0.091265	-0.262799	0.152564	0.180983	0.065561	0.981299	0.649136	-0.757526	-0.069111	0.738828	0.649505	-0.179657
07793	9.566343	-0.484584	-2.960312	0.091806	-0.250235	0.159582	0.183834	0.065991	0.980740	0.649451	-0.757101	-0.070793	0.737847	0.649957	-0.182039
07794	9.613079	-0.651273	-3.219425	0.133249	-0.224054	0.160333	0.186496	0.066259	0.980219	0.650127	-0.756352	-0.072567	0.736583	0.650800	-0.184133
07795	9.683814	-0.724509	-3.273216	0.192033	-0.193389	0.162760	0.189013	0.066318	0.979733	0.651255	-0.755191	-0.074523	0.734943	0.652142	-0.185931
07796	9.707212	-0.714618	-3.201658	0.249524	-0.154434	0.165095	0.191191	0.066104	0.979324	0.652763	-0.753683	-0.076564	0.733039	0.653905	-0.187248
07797	9.604783	-0.713963	-3.023892	0.284764	-0.127179	0.164604	0.193262	0.065731	0.978943	0.654457	-0.751991	-0.078710	0.730983	0.655887	-0.188349
07798	9.559550	-0.630788	-2.756839	0.309082	-0.103253	0.159711	0.195031	0.065233	0.978625	0.656393	-0.750078	-0.080815	0.728773	0.658125	-0.189107
07799	9.582824	-0.532022	-2.462454	0.315715	-0.085637	0.166441	0.196641	0.064588	0.978346	0.658455	-0.748033	-0.082962	0.726477	0.660511	-0.189622
07800	9.564555	-0.409432	-2.160700	0.311935	-0.069552	0.169953	0.198235	0.063801	0.978076	0.660374	-0.746091	-0.085175	0.724299	0.662780	-0.190034
07801	9.526688	-0.373026	-1.871832	0.272877	-0.061998	0.178158	0.199826	0.062929	0.977808	0.661965	-0.744425	-0.087371	0.722407	0.664734	-0.190413
07802	9.499046	-0.429064	-1.742873	0.247688	-0.057480	0.186898	0.201448	0.061945	0.977539	0.663368	-0.742906	-0.089628	0.720667	0.666524	-0.190749
07803	9.531900	-0.468184	-1.642356	0.233983	-0.060047	0.197404	0.203130	0.060933	0.977254	0.664647	-0.741481	-0.091920	0.719015	0.668201	-0.191116
07804	9.508574	-0.464167	-1.511269	0.206967	-0.066313	0.199125	0.204899	0.059924	0.976947	0.665719	-0.740230	-0.094220	0.717519	0.669678	-0.191565
07805	9.453828	-0.494358	-1.466861	0.188176	-0.077120	0.210555	0.206890	0.058919	0.976588	0.666553	-0.739170	-0.096614	0.716173	0.670936	-0.192200
07806	9.342665	-0.580825	-1.407468	0.165502	-0.081473	0.217780	0.208894	0.057880	0.976224	0.667276	-0.738199	-0.099017	0.714917	0.672095	-0.192827
07807	9.277378	-0.745894	-1.501136	0.133539	-0.097980	0.225772	0.211073	0.056910	0.975812	0.667694	-0.737496	-0.101414	0.713886	0.672950	-0.193664
07808	9.394641	-0.925748	-1.630591	0.129253	-0.107793	0.235171	0.213381	0.055925	0.975367	0.668109	-0.736771	-0.103918	0.712811	0.673825	-0.194577
07809	9.458535	-1.030986	-1.827359	0.160281	-0.104065	0.241746	0.215751	0.054894	0.974904	0.668758	-0.735803	-0.106569	0.711487	0.674967	-0.195461
07810	9.396146	-0.968139	-1.989357	0.210988	-0.098943	0.247060	0.218076	0.053769	0.974449	0.669714	-0.734525	-0.109348	0.709878	0.676448	-0.196192
07811	9.365218	-0.882658	-2.032914	0.233335	-0.098012	0.253808	0.220454	0.052576	0.973979	0.670585	-0.733299	-0.112199	0.708319	0.677870	-0.196915
07812	9.562805	-0.888642	-2.098794	0.214403	-0.097726	0.256378	0.222834	0.051383	0.973501	0.671525	-0.731991	-0.115076	0.706681	0.679374	-0.197618
07813	9.699997	-0.982445	-2.049918	0.201823	-0.097540	0.258139	0.225307	0.050179	0.972995	0.672251	-0.730863	-0.117975	0.705206	0.680677	-0.198402
07814	9.648398	-1.336626	-2.072894	0.169743	-0.105878	0.251500	0.227713	0.049086	0.972490	0.672869	-0.729846	-0.120717	0.703842	0.681848	-0.199224
07815	9.697758	-1.771010	-2.045414	0.186365	-0.112535	0.241243	0.230170	0.048123	0.971960	0.673551	-0.728763	-0.123422	0.702389	0.683072	-0.200153
07816	9.823224	-1.953791	-1.898931	0.231584	-0.122556	0.219825	0.232481	0.047383	0.971446	0.674659	-0.727299	-0.125981	0.700562	0.684683	-0.201050
07817	9.791808	-1.939612	-1.659122	0.273682	-0.123443	0.206387	0.234829	0.046717	0.970913	0.675873	-0.725721	-0.128550	0.698606	0.686402	-0.201995
07818	9.634388	-1.658847	-1.395845	0.274348	-0.132393	0.190704	0.237012	0.046267	0.970404	0.677329	-0.723938	-0.130915	0.696456	0.688312	-0.202920
07819	9.473264	-1.424063	-1.168669	0.223955	-0.148699	0.185367	0.239252	0.045943	0.969870	0.678271	-0.722660	-0.133086	0.694772	0.689675	-0.204059
07820	9.436651	-1.280472	-0.898198	0.146513	-0.179873	0.177603	0.241674	0.045924	0.969270	0.678853	-0.721745	-0.135066	0.693363	0.690634	-0.205603
07821	9.485043	-1.304557	-0.735619	0.066776	-0.216919	0.176580	0.244454	0.046118	0.968564	0.678692	-0.721544	-0.136938	0.692546	0.690831	-0.207684
07822	9.534733	-1.367203	-0.787889	0.001716	-0.247516	0.163874	0.247248	0.046667	0.967828	0.678293	-0.721623	-0.138486	0.691944	0.690712	-0.210074
07823	9.498595	-1.409216	-0.732336	-0.032386	-0.291256	0.163264	0.250328	0.047501	0.966995	0.677577	-0.722016	-0.139939	0.691539	0.690244	-0.212926
07824	9.446375	-1.338465	-0.664915	-0.049411	-0.323922	0.159211	0.253615	0.048608	0.966083	0.676826	-0.722449	-0.141330	0.691076	0.689714	-0.216123
07825	9.353237	-1.422824	-0.630808	-0.102812	-0.360768	0.159866	0.257082	0.049944	0.965098	0.675658	-0.723302	-0.142550	0.690937	0.688724	-0.219693
07826	9.425704	-1.506097	-0.814604	-0.145899	-0.400852	0.158334	0.260890	0.051579	0.963990	0.674233	-0.724401	-0.143712	0.690903	0.687447	-0.223765
07827	9.521100	-1.430926	-1.080398	-0.161891	-0.426149	0.159069	0.264860	0.053299	0.962813	0.672512	-0.725778	-0.144824	0.691069	0.685861	-0.228074
07828	9.440198	-1.283453	-1.274122	-0.194755	-0.447123	0.159720	0.268993	0.055224	0.961558	0.670732	-0.727214	-0.145870	0.691203	0.684186	-0.232656
07829	9.398985	-1.159829	-1.477199	-0.236736	-0.477494	0.159305	0.273377	0.057264	0.960201	0.668497	-0.729073	-0.146847	0.691647	0.682036	-0.237593
07830	9.352042	-1.184812	-1.675085	-0.280984	-0.497587	0.158514	0.277848	0.059517	0.958780	0.666109	-0.731093	-0.147651	0.692170	0.679677	-0.242777
07831	9.354918	-1.265245	-1.875709	-0.311909	-0.526485	0.162841	0.282500	0.061881	0.957269	0.663445	-0.733364	-0.148383	0.692845	0.677013	-0.248230
07832	9.650150	-1.225083	-1.862683	-0.342607	-0.532268	0.161608	0.287230	0.064312	0.955700	0.660603	-0.735796	-0.149026	0.693616	0.674143	-0.253827
07833	9.799254	-1.284315	-1.973661	-0.348899	-0.532156	0.150069	0.291847	0.066747	0.954133	0.657646	-0.738342	-0.149508	0.694498	0.671115	-0.259379
07834	9.520299	-1.405367	-2.116539	-0.327365	-0.537309	0.146564	0.296512	0.069284	0.952513	0.654934	-0.740649	-0.150004	0.695084	0.668311	-0.264987
07835	9.276147	-1.342685	-2.089237	-0.308606	-0.556817	0.148562	0.301442	0.071734	0.950782	0.651989	-0.743113	-0.150645	0.695732	0.665310	-0.270775
07836	9.093250	-1.230732	-1.937215	-0.346880	-0.582512	0.152240	0.306457	0.074490	0.948965	0.649105	-0.745541	-0.151099	0.696237	0.662284	-0.276828
07837	9.143016	-1.268839	-1.899562	-0.397544	-0.609294	0.152035	0.311652	0.077280	0.947048	0.645648	-0.748478	-0.151392	0.697146	0.658641	-0.283161
07838	9.317119	-1.514605	-1.906339	-0.450054	-0.634479	0.156963	0.317060	0.080292	0.945001	0.642008	-0.751572	-0.151544	0.698068	0.654746	-0.289841
07839	9.411621	-1.672998	-2.087032	-0.458753	-0.653973	0.150903	0.322673	0.083240	0.942843	0.637949	-0.754994	-0.151672	0.699216	0.650427	-0.296719
07840	9.487946	-1.695509	-2.315265	-0.441486	-0.676109	0.155285	0.328361	0.086472	0.940586	0.634349	-0.758003	-0.151766	0.699843	0.646494	-0.303752
07841	9.493821	-1.590081	-2.441339	-0.435707	-0.689743	0.148352	0.334180	0.089664	0.938235	0.630568	-0.761134	-0.151856	0.700506	0.642368	-0.310895
07842	9.434316	-1.567762	-2.502573	-0.429204	-0.710688	0.146232	0.340051	0.093123	0.935785	0.627061	-0.764030	-0.151834	0.700828	0.638425	-0.318203
07843	9.506211	-1.439988	-2.646485	-0.403761	-0.736304	0.137982	0.346017	0.096585	0.933244	0.623437	-0.767002	-0.151771	0.701141	0.634334	-0.325610
07844	9.555983	-1.315249	-2.662754	-0.379723	-0.761329	0.137988	0.352184	0.100363	0.930534	0.620287	-0.769553	-0.151762	0.700864	0.630647	-0.333278
07845	9.408300	-1.102516	-2.629722	-0.387658	-0.780508	0.135169	0.358563	0.103922	0.927703	0.616543	-0.772558	-0.151755	0.700934	0.626382	-0.341083
07846	9.361547	-0.948542	-2.721086	-0.406835	-0.818274	0.132533	0.365083	0.108029	0.924686	0.613206	-0.775252	-0.151534	0.700495	0.622345	-0.349276
07847	9.509028	-0.921518	-2.884590	-0.427820	-0.850702	0.137469	0.371821	0.112093	0.921512	0.609447	-0.778268	-0.151237	0.700231	0.617846	-0.357691
07848	9.614500	-0.873362	-2.947662	-0.475346	-0.871516	0.142717	0.378761	0.116367	0.918150	0.605577	-0.781370	-0.150785	0.699869	0.613122	-0.366422
07849	9.701821	-0.857949	-3.082000	-0.497998	-0.889541	0.145120	0.385884	0.120482	0.914646	0.601229	-0.784819	-0.150274	0.699727	0.607900	-0.375286
07850	9.838064	-0.906021	-3.140190	-0.539535	-0.904597	0.154852	0.393112	0.124762	0.910987	0.596845	-0.788288	-0.149594	0.699456	0.602525	-0.384350
07851	9.960259	-1.092838	-3.089364	-0.560162	-0.920805	0.176524	0.400613	0.128553	0.907184	0.591665	-0.792294	-0.149007	0.699601	0.596443	-0.393463
07852	10.009576	-0.754998	-3.018123	-0.587482	-0.927990	0.194749	0.408224	0.132538	0.903209	0.586762	-0.796048	-0.148387	0.699331	0.590544	-0.402734
07853	10.062987	-0.374931	-2.869487	-0.657547	-0.942587	0.214219	0.416031	0.136204	0.899092	0.581025	-0.800390	-0.147603	0.699520	0.583802	-0.412125
07854	9.856604	-0.540967	-2.705052	-0.753329	-0.956989	0.229362	0.424027	0.139938	0.894773	0.574784	-0.805089	-0.146475	0.699875	0.576411	-0.421813
07855	9.612338	-0.836337	-2.842704	-0.750183	-1.005962	0.230974	0.432418	0.143519	0.890178	0.568046	-0.810063	-0.145335	0.700242	0.568508	-0.431811
07856	9.578294	-1.057506	-2.971516	-0.753936	-1.035052	0.225259	0.440911	0.147558	0.885338	0.561778	-0.814660	-0.143995	0.700002	0.560853	-0.442087
07857	9.626925	-1.205580	-2.972617	-0.710492	-1.069124	0.220544	0.449702	0.151296	0.880271	0.555182	-0.819380	-0.142794	0.699672	0.552926	-0.452474
07858	9.574731	-1.165613	-2.867023	-0.653278	-1.100605	0.220917	0.458590	0.155552	0.874928	0.549606	-0.823319	-0.141698	0.698304	0.545847	-0.463059
07859	9.534156	-0.926213	-2.763388	-0.605700	-1.142846	0.214236	0.467862	0.159570	0.869277	0.543738	-0.827364	-0.140774	0.696746	0.538522	-0.473856
07860	9.497492	-0.633027	-2.612682	-0.620664	-1.187377	0.211600	0.477242	0.164192	0.863297	0.538415	-0.831039	-0.139586	0.694514	0.531428	-0.485010
07861	9.443400	-0.621898	-2.560894	-0.663273	-1.238499	0.210684	0.487195	0.168285	0.856926	0.531779	-0.835521	-0.138255	0.692714	0.523053	-0.496552
07862	9.490570	-0.542938	-2.483633	-0.702362	-1.297498	0.210632	0.497255	0.173279	0.850125	0.525881	-0.839538	-0.136477	0.690063	0.514928	-0.508588
07863	9.413302	-0.559974	-2.348727	-0.725881	-1.361889	0.205290	0.507955	0.177696	0.842856	0.518684	-0.844306	-0.134588	0.687712	0.505540	-0.521038
07864	9.490282	-0.690133	-2.384235	-0.788350	-1.429384	0.190378	0.518720	0.183268	0.835070	0.512292	-0.848610	-0.131980	0.684461	0.496260	-0.534078
07865	9.612938	-0.681758	-2.307439	-0.802624	-1.502163	0.177364	0.530034	0.188515	0.826756	0.504992	-0.853405	-0.129160	0.681210	0.485965	-0.547532
07866	9.758603	-0.592668	-1.912790	-0.844314	-1.581350	0.161962	0.541563	0.194757	0.817789	0.498385	-0.857785	-0.125763	0.676995	0.475683	-0.561609
07867	10.074559	-1.061844	-1.451915	-0.974498	-1.690826	0.130920	0.553823	0.200731	0.808076	0.489947	-0.863265	-0.121350	0.673225	0.463121	-0.576444
07868	11.118860	-1.495131	-1.338769	-0.986915	-1.794336	0.071484	0.566182	0.208337	0.797517	0.482923	-0.867931	-0.116111	0.667999	0.450879	-0.592018
07869	12.295182	-0.722156	-0.789640	-0.894577	-1.859939	0.032612	0.578943	0.215606	0.786345	0.475778	-0.872527	-0.111054	0.662163	0.438419	-0.607724
07870	12.683189	-0.546924	0.218299	-0.917171	-1.916377	0.050007	0.591782	0.223477	0.774501	0.469439	-0.876610	-0.105750	0.655302	0.426161	-0.623671
07871	12.902310	-0.029071	0.638143	-0.872566	-1.988828	0.097841	0.605422	0.230246	0.761873	0.462218	-0.880989	-0.101057	0.647934	0.413334	-0.639795
07872	13.000640	0.960371	0.600130	-0.895802	-2.054983	0.177903	0.619446	0.237063	0.748390	0.455358	-0.885058	-0.096549	0.639480	0.400592	-0.656194
07873	12.620229	1.527475	-0.072582	-0.987216	-2.142130	0.286835	0.634480	0.242243	0.733998	0.446457	-0.890045	-0.092181	0.630961	0.386185	-0.672867
07874	11.817868	1.284207	-0.484188	-1.142974	-2.255918	0.415631	0.650424	0.247092	0.718258	0.436625	-0.895392	-0.087361	0.621536	0.370431	-0.690270
07875	11.125354	0.916168	-1.015147	-1.068865	-2.399731	0.534729	0.667561	0.250472	0.701160	0.425925	-0.900879	-0.083698	0.610696	0.354515	-0.708074
07876	11.591784	-0.028187	-2.415439	-1.170112	-2.581610	0.560912	0.685506	0.254360	0.682190	0.415056	-0.906348	-0.079134	0.598173	0.337394	-0.726880
07877	12.067815	-1.173891	-3.242160	-1.103019	-2.558915	0.527713	0.702867	0.257408	0.663113	0.404254	-0.911598	-0.074623	0.585284	0.320516	-0.744790
07878	11.709246	-2.298547	-3.946465	-1.094186	-2.446779	0.471355	0.718893	0.260768	0.644354	0.394570	-0.916240	-0.069415	0.572282	0.304145	-0.761570
07879	11.424538	-2.770594	-5.871084	-1.130374	-2.313250	0.408090	0.733621	0.263389	0.626439	0.384729	-0.920851	-0.063378	0.560164	0.287505	-0.776889
07880	10.941947	-1.088075	-7.997696	-1.226403	-2.096330	0.346676	0.746551	0.266065	0.609812	0.375361	-0.925194	-0.055861	0.549332	0.270603	-0.790575
07881	10.201211	-0.185789	-9.098476	-1.484777	-1.904454	0.316795	0.758050	0.267772	0.594692	0.364616	-0.930020	-0.046013	0.540755	0.251715	-0.802635
07882	9.378403	-0.480492	-9.478343	-1.579521	-1.633077	0.258792	0.767739	0.269339	0.581407	0.354156	-0.934541	-0.034727	0.533995	0.232570	-0.812872
07883	8.340809	-0.850983	-9.226269	-1.486577	-1.263862	0.179890	0.775024	0.270201	0.571253	0.344640	-0.938436	-0.023699	0.529680	0.215244	-0.820432
07884	6.971153	-1.169017	-9.012709	-1.287688	-0.921242	0.128381	0.780312	0.270936	0.563655	0.336842	-0.941460	-0.013779	0.526926	0.200615	-0.825895
07885	6.168837	-0.697101	-9.429730	-0.948919	-0.684943	0.076080	0.784140	0.271213	0.558182	0.330957	-0.943624	-0.006438	0.524968	0.189782	-0.829694
07886	4.819137	-1.701402	-10.316372	-1.009202	-0.439865	0.078873	0.786692	0.271305	0.554535	0.325043	-0.945698	0.001558	0.524845	0.179022	-0.832159
07887	3.729931	-2.088100	-10.166891	-0.835176	-0.213540	0.147258	0.788255	0.269970	0.552965	0.319224	-0.947649	0.007607	0.526070	0.170524	-0.833170
07888	4.412656	-1.224035	-8.838047	-0.437205	0.024121	0.215367	0.788795	0.267913	0.553195	0.315225	-0.948963	0.010107	0.527670	0.166409	-0.832990
07889	5.897116	-1.320453	-7.575346	-0.146844	0.415125	0.256632	0.787359	0.264509	0.556867	0.312195	-0.949967	0.009815	0.531602	0.166123	-0.830544
07890	6.845364	-2.302457	-7.094391	0.092147	0.790771	0.263286	0.783936	0.260708	0.563450	0.310621	-0.950503	0.007626	0.537550	0.169041	-0.826115
07891	7.272755	-3.103259	-7.586566	0.452587	1.100556	0.226821	0.778657	0.256286	0.572722	0.310979	-0.950414	0.002501	0.544964	0.176157	-0.819746
07892	7.055112	-2.530463	-8.170102	0.925769	1.361986	0.145363	0.771621	0.252448	0.583841	0.314933	-0.949096	-0.005843	0.552647	0.188379	-0.811847
07893	6.417670	-1.477121	-8.308327	1.271969	1.631290	0.034304	0.762624	0.248521	0.597195	0.321406	-0.946799	-0.016431	0.561340	0.204472	-0.801928
07894	6.080349	-0.697449	-8.067385	1.435192	1.894074	-0.082965	0.751613	0.245284	0.612302	0.330159	-0.943530	-0.027305	0.571029	0.222680	-0.790152
07895	6.218186	-0.028185	-7.660344	1.450077	2.203529	-0.196426	0.738215	0.241643	0.629800	0.339665	-0.939797	-0.037553	0.582809	0.241643	-0.775849
07896	6.321643	0.705066	-7.367502	1.387777	2.549422	-0.315679	0.722072	0.238221	0.649509	0.350151	-0.935556	-0.046134	0.596662	0.260739	-0.758953
07897	6.392682	1.240204	-7.174432	1.239611	2.910515	-0.424861	0.702919	0.233959	0.671691	0.360356	-0.931324	-0.052716	0.613228	0.279103	-0.738954
07898	6.277486	1.646751	-7.271047	0.993025	3.234954	-0.501235	0.680926	0.229340	0.695516	0.370001	-0.927314	-0.056466	0.632012	0.295791	-0.716288
07899	6.160038	1.783738	-7.425395	0.741770	3.519347	-0.572857	0.656101	0.223627	0.720779	0.378305	-0.923880	-0.057719	0.653006	0.310544	-0.690757
07900	6.057484	1.547568	-7.486877	0.407433	3.717423	-0.630027	0.628983	0.217693	0.746318	0.385050	-0.921207	-0.055807	0.675365	0.322472	-0.663246
07901	7.096983	1.404938	-7.680695	0.062870	3.895024	-0.641782	0.599667	0.210528	0.772060	0.389099	-0.919760	-0.051413	0.699286	0.331239	-0.633466
07902	7.102019	0.999200	-7.890127	-0.266267	4.132525	-0.595932	0.567900	0.202214	0.797872	0.390668	-0.919429	-0.045043	0.724478	0.337283	-0.601142
07903	6.912859	0.965212	-7.764960	-0.477532	4.322619	-0.548228	0.533775	0.192366	0.823456	0.389983	-0.920043	-0.037863	0.750331	0.341345	-0.566116
07904	6.705527	0.875002	-7.651606	-0.745173	4.487305	-0.502243	0.497542	0.181657	0.848205	0.386866	-0.921663	-0.029539	0.776394	0.342838	-0.528843
07905	6.709267	0.226196	-7.820363	-0.936860	4.632071	-0.472318	0.459028	0.169925	0.872020	0.381527	-0.924125	-0.020756	0.802328	0.342227	-0.489030
07906	7.137869	-0.180520	-7.807377	-1.010200	4.751195	-0.447116	0.418599	0.157858	0.894347	0.375235	-0.926852	-0.012033	0.827027	0.340627	-0.447213
07907	8.010329	-0.716142	-7.739146	-0.920939	4.811954	-0.374029	0.376753	0.144846	0.914919	0.368927	-0.929446	-0.004774	0.849676	0.339337	-0.403609
07908	8.192560	-1.447336	-7.707815	-0.628796	4.864380	-0.277064	0.333897	0.130914	0.933474	0.364479	-0.931212	0.000225	0.869292	0.340157	-0.358644
07909	8.287055	-1.562660	-7.541401	-0.191603	4.908932	-0.221047	0.289901	0.116000	0.950001	0.363288	-0.931673	0.002901	0.885426	0.344282	-0.312234
07910	8.094947	-1.244759	-7.268557	0.193610	4.931708	-0.195718	0.245180	0.100684	0.964235	0.365506	-0.930799	0.004254	0.897937	0.351391	-0.265014
07911	8.314129	-0.638456	-6.786193	0.473808	4.895543	-0.181438	0.200223	0.084805	0.976073	0.370001	-0.929019	0.004818	0.907199	0.360183	-0.217389
07912	8.586884	0.190121	-5.988130	0.618391	4.853013	-0.176932	0.155350	0.068754	0.985464	0.375911	-0.926640	0.005391	0.913541	0.369609	-0.169799
07913	8.589908	0.582382	-5.290578	0.583025	4.776612	-0.159386	0.110882	0.052242	0.992460	0.381262	-0.924447	0.006065	0.917793	0.377715	-0.122422
07914	8.457345	0.596541	-4.926741	0.508014	4.670492	-0.117123	0.067483	0.035540	0.997087	0.385998	-0.922475	0.006757	0.920028	0.384418	-0.075969
07915	8.429028	0.307479	-4.350376	0.416622	4.505199	-0.079810	0.025582	0.018738	0.999497	0.389672	-0.920925	0.007292	0.920598	0.389290	-0.030861
07916	8.443905	-0.123128	-3.428906	0.270191	4.332553	-0.029871	-0.014434	0.002099	0.999894	0.392120	-0.919883	0.007592	0.919801	0.392188	0.012455
07917	8.158081	-0.635839	-2.725270	0.109639	4.099335	0.005682	-0.052207	-0.014126	0.998536	0.392944	-0.919531	0.007536	0.918079	0.392763	0.053557
07918	8.175882	-0.896153	-2.718703	0.011114	3.843624	-0.038540	-0.087623	-0.028838	0.995736	0.392977	-0.919514	0.007951	0.915364	0.391998	0.091903
07919	8.366418	-0.730363	-2.571338	0.018384	3.620122	-0.095525	-0.121186	-0.042194	0.991733	0.392865	-0.919553	0.008884	0.911576	0.390694	0.128014
07920	8.232847	-0.565497	-2.419002	0.106443	3.317766	-0.087374	-0.151720	-0.054326	0.986929	0.393670	-0.919198	0.009921	0.906645	0.390029	0.160847
07921	8.518329	-0.623169	-2.138133	0.242511	3.046842	-0.042747	-0.179533	-0.065872	0.981544	0.395618	-0.918352	0.010731	0.900696	0.390243	0.190935
07922	7.991774	-0.614287	-1.595467	0.426425	2.757827	0.013980	-0.204248	-0.076773	0.975904	0.399427	-0.916693	0.011481	0.893723	0.392147	0.217898
07923	7.726776	-0.357290	-1.122437	0.597575	2.390563	0.035944	-0.225482	-0.086557	0.970395	0.404659	-0.914383	0.012466	0.886233	0.395490	0.241203
