// General information: 
//  MT Manager version: 2022.2.0 
//  XDA version: 2022.2.0 build 7381 rev 124627 built on 2023-07-19
// Device information: 
//  DeviceId: 00B4CB9F
//  ProductCode: MTW2-3A7G6
//  Firmware Version: 4.6.0
//  Hardware Version: 2.0.0
// Device settings: 
//  Filter Profile: human(46.1)
//  Option Flags: Orientation Smoother Disabled, Position/Velocity Smoother Disabled, Continuous Zero Rotation Update Disabled, AHS Disabled, ICC Disabled
// Coordinate system: ENU
PacketCounter	Acc_X	Acc_Y	Acc_Z	Gyr_X	Gyr_Y	Gyr_Z	Mat[1][1]	Mat[2][1]	Mat[3][1]	Mat[1][2]	Mat[2][2]	Mat[3][2]	Mat[1][3]	Mat[2][3]	Mat[3][3]
24717	9.679567	-0.377021	-1.444364	0.003989	-0.006945	0.005398	0.125540	0.053763	0.990631	0.598693	-0.800322	-0.032436	0.791079	0.597156	-0.132660
24718	9.670389	-0.338355	-1.534088	0.005984	-0.010417	0.008097	0.125701	0.053764	0.990610	0.598470	-0.800486	-0.032496	0.791222	0.596936	-0.132798
24719	9.690850	-0.326760	-1.531624	0.009540	-0.010769	0.009219	0.125875	0.053723	0.990590	0.598584	-0.800394	-0.032654	0.791109	0.597062	-0.132907
24720	9.675616	-0.299504	-1.545107	0.006066	-0.005163	0.010434	0.126063	0.053695	0.990568	0.598188	-0.800688	-0.032725	0.791378	0.596671	-0.133057
24721	9.687819	-0.289089	-1.488492	-0.007228	-0.011055	0.008919	0.126237	0.053659	0.990548	0.598168	-0.800697	-0.032857	0.791366	0.596662	-0.133174
24722	9.679815	-0.320611	-1.502410	-0.016246	-0.008196	0.004833	0.126364	0.053716	0.990529	0.598627	-0.800349	-0.032966	0.790998	0.597123	-0.133291
24723	9.684658	-0.370303	-1.525646	-0.016332	-0.006877	0.003977	0.126476	0.053694	0.990515	0.598542	-0.800410	-0.033037	0.791044	0.597044	-0.133370
24724	9.637169	-0.406396	-1.457392	-0.021701	-0.012258	0.000385	0.126543	0.053738	0.990504	0.598103	-0.800741	-0.032969	0.791366	0.596596	-0.133469
24725	9.703858	-0.418144	-1.471185	-0.018456	-0.021108	0.003037	0.126762	0.053808	0.990473	0.598002	-0.800814	-0.033028	0.791407	0.596492	-0.133690
24726	9.721980	-0.395751	-1.491695	-0.016321	-0.013446	0.002493	0.127345	0.054108	0.990382	0.598147	-0.800700	-0.033166	0.791203	0.596618	-0.134330
24727	9.660845	-0.372787	-1.556933	-0.009473	-0.010198	0.002170	0.127473	0.054121	0.990364	0.598119	-0.800718	-0.033229	0.791204	0.596592	-0.134440
24728	9.673455	-0.391453	-1.567618	-0.003516	-0.013417	0.003826	0.127744	0.054244	0.990323	0.598157	-0.800687	-0.033300	0.791132	0.596622	-0.134729
24729	9.645272	-0.344799	-1.572570	0.005572	-0.023538	-0.000640	0.127960	0.054359	0.990288	0.598251	-0.800614	-0.033356	0.791026	0.596709	-0.134967
24730	9.660396	-0.403149	-1.628783	0.010944	-0.018157	0.002951	0.128388	0.054554	0.990222	0.597923	-0.800857	-0.033402	0.791205	0.596365	-0.135440
24731	9.665727	-0.362825	-1.639355	0.018365	-0.010368	0.003660	0.128526	0.054557	0.990204	0.598113	-0.800711	-0.033517	0.791039	0.596562	-0.135544
24732	9.590718	-0.382493	-1.641302	0.010278	-0.014809	0.002547	0.128748	0.054666	0.990170	0.598133	-0.800694	-0.033567	0.790988	0.596574	-0.135785
24733	9.551082	-0.387950	-1.560480	-0.000705	-0.015673	0.002205	0.128919	0.054712	0.990145	0.598173	-0.800661	-0.033642	0.790929	0.596615	-0.135948
24734	9.624398	-0.399795	-1.440035	0.006451	-0.003930	0.000349	0.129093	0.054815	0.990116	0.598527	-0.800393	-0.033725	0.790633	0.596965	-0.136133
24735	9.674353	-0.354953	-1.209533	-0.007368	0.023743	0.007569	0.128985	0.054583	0.990143	0.598508	-0.800402	-0.033844	0.790665	0.596974	-0.135908
24736	9.726822	-0.320690	-0.953848	-0.017628	0.057636	0.017389	0.128610	0.054091	0.990219	0.598364	-0.800503	-0.033988	0.790835	0.596882	-0.135319
24737	9.825239	-0.432158	-0.791208	-0.004390	0.077359	0.028926	0.128206	0.053367	0.990311	0.598341	-0.800506	-0.034323	0.790918	0.596944	-0.134562
24738	9.847594	-0.632550	-1.059551	0.053442	0.104385	0.035829	0.127756	0.052522	0.990414	0.598530	-0.800346	-0.034764	0.790848	0.597233	-0.133685
24739	9.614209	-0.572870	-1.426619	0.093606	0.099640	0.022658	0.127139	0.051715	0.990536	0.599290	-0.799759	-0.035166	0.790372	0.598089	-0.132673
24740	9.476019	-0.290804	-1.787605	0.119920	0.064117	0.010436	0.126690	0.051237	0.990618	0.600105	-0.799137	-0.035414	0.789825	0.598961	-0.131990
24741	9.428425	-0.098991	-1.851636	0.165193	0.056259	0.002419	0.126295	0.050851	0.990689	0.601454	-0.798109	-0.035708	0.788861	0.600364	-0.131382
24742	9.191024	-0.190273	-1.997162	0.154985	0.025679	-0.018404	0.126016	0.050860	0.990724	0.602754	-0.797126	-0.035746	0.787914	0.601667	-0.131107
24743	9.017493	-0.403523	-2.260455	0.148500	-0.042010	-0.027829	0.126214	0.051306	0.990675	0.604007	-0.796178	-0.035719	0.786922	0.602883	-0.131478
24744	9.113777	-0.372942	-2.449883	0.142466	-0.109700	-0.031452	0.126993	0.052280	0.990525	0.605395	-0.795126	-0.035649	0.785728	0.604186	-0.132625
24745	9.417130	-0.236774	-2.378923	0.165111	-0.155729	-0.011470	0.128181	0.053284	0.990318	0.606755	-0.794082	-0.035809	0.784486	0.605471	-0.134117
24746	9.661203	-0.210594	-2.431992	0.164070	-0.151465	0.004329	0.129760	0.054322	0.990056	0.607786	-0.793278	-0.036133	0.783427	0.606431	-0.135952
24747	9.693259	-0.079442	-2.285155	0.166444	-0.158062	0.016628	0.131134	0.055121	0.989831	0.609116	-0.792237	-0.036579	0.782165	0.607718	-0.137464
24748	9.628982	-0.008977	-2.022553	0.146081	-0.175650	0.017078	0.132635	0.056095	0.989576	0.610519	-0.791137	-0.036983	0.780816	0.609061	-0.139180
24749	9.559873	-0.070330	-1.951262	0.126040	-0.197910	0.013090	0.134295	0.057169	0.989291	0.611533	-0.790337	-0.037343	0.779738	0.609999	-0.141099
24750	9.509717	-0.269279	-1.835952	0.115035	-0.228057	0.025865	0.136234	0.058353	0.988957	0.612138	-0.789851	-0.037721	0.778927	0.610517	-0.143324
24751	9.538073	-0.306835	-1.556711	0.091690	-0.264781	0.041714	0.138586	0.059612	0.988555	0.612842	-0.789276	-0.038320	0.777958	0.611138	-0.145916
24752	9.644323	-0.338774	-1.445735	0.100446	-0.282159	0.070013	0.141472	0.060913	0.988066	0.613487	-0.788730	-0.039216	0.776929	0.611714	-0.148953
24753	9.721253	-0.285613	-1.296231	0.119184	-0.289504	0.086723	0.144289	0.061973	0.987593	0.614335	-0.788015	-0.040306	0.775740	0.612529	-0.151774
24754	9.819276	-0.090298	-1.090081	0.140333	-0.298371	0.103059	0.147526	0.063180	0.987038	0.615842	-0.786766	-0.041685	0.773934	0.614009	-0.154978
24755	9.860617	0.148008	-0.859893	0.130614	-0.293212	0.108588	0.150500	0.064101	0.986530	0.616738	-0.785993	-0.043016	0.772648	0.614904	-0.157825
24756	9.988572	0.395414	-0.663644	0.119780	-0.296358	0.119216	0.153559	0.064974	0.986001	0.617005	-0.785710	-0.044316	0.771832	0.615173	-0.160743
24757	10.070757	0.445847	-0.517830	0.085214	-0.288245	0.115144	0.156530	0.065816	0.985478	0.617530	-0.785222	-0.045644	0.770815	0.615707	-0.163554
24758	10.071665	0.406434	-0.425358	0.039407	-0.279691	0.110126	0.159285	0.066666	0.984979	0.617799	-0.784943	-0.046780	0.770034	0.615971	-0.166216
24759	10.135758	0.404641	-0.323952	0.017376	-0.260296	0.113160	0.162024	0.067353	0.984485	0.617797	-0.784873	-0.047979	0.769464	0.615986	-0.168779
24760	10.177436	0.358510	-0.288586	-0.004846	-0.226480	0.118226	0.164474	0.067819	0.984047	0.617527	-0.785015	-0.049112	0.769161	0.615753	-0.170995
24761	10.105855	0.277353	-0.328600	-0.011652	-0.188161	0.133387	0.166781	0.067903	0.983653	0.617261	-0.785138	-0.050459	0.768877	0.615587	-0.172860
24762	10.024624	0.263710	-0.388308	0.004870	-0.158810	0.146449	0.168945	0.067681	0.983299	0.616411	-0.785717	-0.051827	0.769087	0.614872	-0.174462
24763	9.993658	0.327562	-0.287459	0.025540	-0.163357	0.152093	0.171175	0.067463	0.982928	0.616393	-0.785624	-0.053422	0.768608	0.615015	-0.176063
24764	9.999714	0.316101	-0.116723	0.019413	-0.168524	0.152097	0.173374	0.067232	0.982558	0.615676	-0.786088	-0.054849	0.768690	0.614447	-0.177681
24765	10.132764	0.237281	0.035185	-0.006541	-0.163737	0.154463	0.175619	0.066997	0.982176	0.615400	-0.786194	-0.056409	0.768402	0.614337	-0.179301
24766	10.320677	0.003922	0.250435	-0.046385	-0.126747	0.159437	0.177636	0.066533	0.981845	0.614516	-0.786780	-0.057864	0.768645	0.613638	-0.180646
24767	10.523592	-0.318590	0.538670	-0.084347	-0.053313	0.167810	0.179112	0.065512	0.981645	0.613611	-0.787370	-0.059413	0.769026	0.612990	-0.181226
24768	10.747391	-0.368727	1.001379	-0.147930	0.051746	0.182259	0.179824	0.063768	0.981630	0.612215	-0.788339	-0.060940	0.769971	0.611927	-0.180802
24769	11.006178	-0.257847	1.568250	-0.214372	0.185161	0.189201	0.179589	0.061117	0.981841	0.610266	-0.789730	-0.062466	0.771572	0.610403	-0.179124
24770	11.376200	0.020829	2.263716	-0.309152	0.337269	0.179792	0.178002	0.057573	0.982344	0.607233	-0.791973	-0.063616	0.774327	0.607836	-0.175933
24771	11.640038	0.374375	2.950290	-0.442328	0.530247	0.145021	0.174800	0.053180	0.983167	0.603588	-0.794697	-0.064328	0.777899	0.604672	-0.171012
24772	11.866215	0.618058	3.654588	-0.615403	0.781700	0.112395	0.169245	0.047537	0.984427	0.598700	-0.798382	-0.064376	0.782889	0.600271	-0.163582
24773	11.767081	0.524833	3.858063	-0.757842	1.069257	0.079877	0.161350	0.040481	0.986067	0.592655	-0.802909	-0.064014	0.789130	0.594726	-0.153541
24774	11.574954	0.249590	4.153057	-0.849685	1.327590	0.067331	0.151270	0.032076	0.987972	0.585798	-0.807969	-0.063461	0.796215	0.588351	-0.141011
24775	11.167154	-0.115435	4.257226	-0.874534	1.568953	0.071454	0.139170	0.022289	0.990018	0.578745	-0.813068	-0.063051	0.803546	0.581742	-0.126054
24776	10.796149	-0.611165	4.061356	-0.866696	1.780605	0.111273	0.125182	0.010957	0.992073	0.571359	-0.818274	-0.063058	0.811097	0.574724	-0.108693
24777	10.578725	-1.088492	3.782731	-0.818892	1.902921	0.155430	0.110597	-0.001222	0.993865	0.564553	-0.822924	-0.063835	0.817953	0.568150	-0.090324
24778	10.324452	-1.665323	3.452222	-0.704356	1.973407	0.242616	0.095730	-0.014435	0.995303	0.558233	-0.827080	-0.065687	0.824143	0.561899	-0.071118
24779	10.903136	-1.735540	3.493410	-0.597516	1.968820	0.332508	0.081335	-0.028231	0.996287	0.553049	-0.830314	-0.068678	0.829169	0.556581	-0.051920
24780	12.222184	-1.969885	3.877702	-0.503515	2.007965	0.437745	0.066959	-0.043093	0.996825	0.548836	-0.832748	-0.072866	0.833244	0.551973	-0.032109
24781	13.517574	-1.190557	3.369640	-0.482136	2.041314	0.520484	0.052787	-0.058680	0.996880	0.544549	-0.835095	-0.077992	0.837066	0.546967	-0.012128
24782	14.317477	-0.267709	2.008003	-0.520474	1.968378	0.552092	0.039074	-0.074153	0.996481	0.539980	-0.837526	-0.083498	0.840771	0.541342	0.007316
24783	14.850171	0.593383	1.066664	-0.605716	1.980278	0.540806	0.025323	-0.089375	0.995676	0.534754	-0.840305	-0.089029	0.844628	0.534696	0.026514
24784	15.187191	0.417408	0.805807	-0.781201	2.098927	0.495400	0.010072	-0.104757	0.994447	0.527935	-0.844038	-0.094260	0.849225	0.525953	0.046804
24785	15.217230	0.768819	0.341348	-0.850634	2.220691	0.421813	-0.006594	-0.119930	0.992760	0.520739	-0.847959	-0.098978	0.853690	0.516317	0.068044
24786	14.393973	0.834897	-1.200279	-1.000282	2.321330	0.316182	-0.025108	-0.134598	0.990582	0.512249	-0.852654	-0.102872	0.858470	0.504842	0.090356
24787	12.947727	-0.551501	-3.166489	-0.827367	2.286280	0.247483	-0.043486	-0.148170	0.988005	0.505273	-0.856400	-0.106194	0.861863	0.494595	0.112108
24788	11.704669	-0.838319	-4.351880	-0.491547	2.159524	0.225500	-0.061281	-0.160825	0.985079	0.501250	-0.858415	-0.108963	0.863130	0.487093	0.133218
24789	10.232046	-1.321589	-4.544868	-0.321015	2.139170	0.241851	-0.078509	-0.173288	0.981737	0.498706	-0.859526	-0.111835	0.863209	0.480818	0.153900
24790	9.647939	-1.548549	-3.874405	-0.327218	2.112582	0.295389	-0.095455	-0.185871	0.977927	0.495845	-0.860737	-0.115198	0.863149	0.473903	0.174325
24791	9.516408	-1.872248	-2.802419	-0.297288	2.125652	0.282495	-0.112370	-0.198339	0.973671	0.493632	-0.861555	-0.118532	0.862381	0.467315	0.194719
24792	9.619128	-1.891971	-1.734996	-0.326954	2.071843	0.235418	-0.128950	-0.210007	0.969159	0.491305	-0.862469	-0.121519	0.861389	0.460483	0.214393
24793	9.301346	-1.942615	-1.475795	-0.463580	1.994910	0.176280	-0.145239	-0.220666	0.964475	0.487615	-0.864167	-0.124287	0.860893	0.452241	0.233111
24794	8.712249	-1.480301	-1.437810	-0.448346	1.814706	0.126827	-0.160153	-0.230052	0.959910	0.484498	-0.865582	-0.126611	0.860008	0.444797	0.250085
24795	8.192571	-1.043844	-1.094704	-0.494988	1.610416	0.061000	-0.173679	-0.237712	0.955682	0.480405	-0.867583	-0.128493	0.859678	0.436798	0.264879
24796	7.961636	-0.567208	-0.763146	-0.644876	1.414288	0.000391	-0.185728	-0.243841	0.951865	0.475049	-0.870267	-0.130246	0.860136	0.427992	0.277470
24797	7.947180	-0.404725	-0.693750	-0.997498	1.230618	-0.087689	-0.196713	-0.248304	0.948498	0.466352	-0.874657	-0.132254	0.862450	0.416318	0.287854
24798	7.622740	-0.433941	-0.495589	-1.191521	1.126055	-0.160894	-0.207012	-0.251211	0.945536	0.455231	-0.880204	-0.134187	0.865974	0.402659	0.296572
24799	6.974955	-0.563659	-0.399293	-1.200236	1.048666	-0.187789	-0.216928	-0.253740	0.942634	0.444484	-0.885396	-0.136044	0.869124	0.389474	0.304850
24800	6.318850	-0.501139	-0.154801	-1.119498	0.899626	-0.181561	-0.225706	-0.255307	0.940146	0.433863	-0.890403	-0.137639	0.872250	0.376829	0.311738
24801	6.273101	-0.349881	-0.057379	-1.052911	0.746863	-0.130519	-0.232765	-0.256948	0.937975	0.424430	-0.894612	-0.139744	0.875031	0.365577	0.317291
24802	6.418450	-0.127511	0.086897	-1.049424	0.615600	-0.060034	-0.238454	-0.258427	0.936138	0.414794	-0.898698	-0.142435	0.878115	0.354340	0.321492
24803	6.417275	-0.146257	0.173161	-1.102513	0.528495	-0.005138	-0.243099	-0.260258	0.934435	0.405147	-0.902524	-0.145969	0.881339	0.343098	0.324845
24804	6.295470	-0.269442	0.246870	-1.150362	0.451577	0.030557	-0.246928	-0.262051	0.932929	0.395230	-0.906260	-0.149950	0.884771	0.331695	0.327352
24805	6.033095	-0.566191	0.439530	-1.149950	0.389128	0.045025	-0.250177	-0.263763	0.931580	0.385213	-0.909860	-0.154163	0.888269	0.320288	0.329231
24806	5.837663	-0.953231	0.477565	-1.097644	0.312338	0.048905	-0.252730	-0.265184	0.930487	0.375829	-0.913094	-0.158148	0.891561	0.309735	0.330430
24807	5.958883	-1.356912	0.551861	-0.970236	0.231310	0.051882	-0.254578	-0.266399	0.929635	0.367362	-0.915886	-0.161858	0.894559	0.300307	0.331030
24808	6.027925	-1.804216	0.691915	-0.803927	0.174877	0.054658	-0.255961	-0.267419	0.928962	0.360508	-0.918056	-0.164947	0.896949	0.292678	0.331393
24809	6.032856	-2.103304	0.746005	-0.610758	0.099361	0.014667	-0.256777	-0.267877	0.928605	0.355127	-0.919758	-0.167125	0.898860	0.286859	0.331303
24810	6.389813	-2.278540	0.599418	-0.308187	0.016668	-0.035783	-0.257158	-0.267743	0.928538	0.352704	-0.920573	-0.167765	0.899705	0.284357	0.331167
24811	6.798245	-2.420560	0.648809	-0.012797	-0.048589	-0.095352	-0.257034	-0.266762	0.928855	0.352410	-0.920836	-0.166939	0.899856	0.284428	0.330696
24812	7.307530	-2.369025	1.175396	0.160998	-0.083208	-0.166856	-0.256713	-0.265236	0.929381	0.354112	-0.920550	-0.164903	0.899279	0.286772	0.330240
24813	7.707826	-2.502738	2.391819	0.101597	-0.050687	-0.235959	-0.257070	-0.262952	0.929931	0.354486	-0.920852	-0.162391	0.899030	0.287901	0.329936
24814	8.132029	-2.533330	3.355251	-0.028707	0.037635	-0.277309	-0.258493	-0.260415	0.930250	0.353509	-0.921683	-0.159786	0.899006	0.287549	0.330308
24815	8.297879	-2.805146	3.892815	-0.034449	0.164117	-0.305958	-0.261025	-0.258100	0.930188	0.352471	-0.922547	-0.157071	0.898682	0.286865	0.331781
24816	8.001195	-3.190228	4.012821	0.206497	0.248326	-0.327792	-0.264366	-0.255885	0.929857	0.353753	-0.922685	-0.153336	0.897201	0.288402	0.334446
24817	7.574829	-3.475385	3.903050	0.560344	0.169064	-0.353300	-0.267115	-0.253153	0.929819	0.357901	-0.921926	-0.148188	0.894738	0.293200	0.336864
24818	7.737946	-3.606462	4.059311	0.961593	0.012265	-0.380947	-0.268499	-0.249693	0.930356	0.365644	-0.919955	-0.141377	0.891186	0.302219	0.338306
24819	8.429751	-3.251446	5.081045	1.253629	-0.087998	-0.409529	-0.269211	-0.245695	0.931214	0.375754	-0.917077	-0.133335	0.886755	0.314012	0.339208
24820	9.262446	-2.504861	6.399893	1.355152	-0.101038	-0.427230	-0.269970	-0.241652	0.932052	0.386964	-0.913612	-0.124786	0.881689	0.326982	0.340159
24821	9.776927	-2.111641	7.003050	1.293845	-0.060563	-0.438771	-0.271134	-0.237483	0.932785	0.397219	-0.910324	-0.116304	0.876757	0.338986	0.341153
24822	9.104598	-2.054340	6.831543	1.246766	-0.008450	-0.442308	-0.272692	-0.233685	0.933290	0.407386	-0.906844	-0.108031	0.871594	0.350750	0.342489
24823	8.017799	-1.951644	6.675723	1.271790	-0.067803	-0.386197	-0.273671	-0.229981	0.933923	0.417449	-0.903172	-0.100082	0.866510	0.362476	0.343178
24824	7.536876	-2.109318	6.339006	1.247316	-0.239517	-0.323086	-0.272890	-0.226188	0.935078	0.427372	-0.899300	-0.092811	0.861908	0.374298	0.342076
24825	8.059615	-2.301879	6.238868	1.283497	-0.469888	-0.346210	-0.270322	-0.221326	0.936985	0.437531	-0.895156	-0.085217	0.857609	0.386924	0.338817
24826	9.003403	-2.237719	6.626848	1.325286	-0.552924	-0.429151	-0.267572	-0.214950	0.939256	0.447143	-0.891179	-0.076567	0.853504	0.399494	0.334568
24827	9.378059	-1.498431	6.937964	1.277164	-0.506105	-0.503735	-0.265514	-0.208450	0.941303	0.456736	-0.887030	-0.067600	0.849055	0.411978	0.330726
24828	9.068701	-0.622194	6.876625	1.144368	-0.501832	-0.514771	-0.263370	-0.201967	0.943316	0.465385	-0.883130	-0.059148	0.845016	0.423428	0.326583
24829	8.596431	0.153169	6.707576	0.979743	-0.545066	-0.450567	-0.260859	-0.195693	0.945334	0.472531	-0.879794	-0.051734	0.841824	0.433204	0.321973
24830	8.244222	0.607650	6.191638	0.721915	-0.561184	-0.377970	-0.257902	-0.189973	0.947310	0.477680	-0.877334	-0.045893	0.839826	0.440675	0.317013
24831	7.973615	0.824490	5.606634	0.356548	-0.517605	-0.304653	-0.254987	-0.185042	0.949074	0.479955	-0.876292	-0.041902	0.839419	0.444829	0.312255
24832	7.246308	1.063499	4.276110	0.072966	-0.513087	-0.299842	-0.251872	-0.180190	0.950838	0.479965	-0.876423	-0.038947	0.840354	0.446559	0.307231
24833	6.814220	0.688508	2.601150	-0.045140	-0.667024	-0.347372	-0.247898	-0.174194	0.952997	0.478780	-0.877205	-0.035798	0.842209	0.447401	0.300858
24834	7.237415	-0.452258	1.023432	-0.098375	-0.952739	-0.376791	-0.241391	-0.166755	0.955993	0.477259	-0.878155	-0.032669	0.844958	0.448371	0.291564
24835	8.995876	-2.294966	0.507164	-0.195372	-1.157605	-0.357201	-0.233260	-0.158456	0.959417	0.474820	-0.879577	-0.029828	0.848608	0.448593	0.280409
24836	11.714214	-3.108742	1.557062	-0.276395	-0.949535	-0.267745	-0.226435	-0.151678	0.962144	0.471644	-0.881346	-0.027942	0.852220	0.447462	0.271106
24837	13.375951	-2.132053	4.384671	-0.223227	-0.349518	-0.165960	-0.224206	-0.148685	0.963133	0.469427	-0.882559	-0.026969	0.854031	0.446074	0.267672
24838	13.634349	-0.066191	7.611631	-0.037432	0.217333	-0.164188	-0.226585	-0.148236	0.962645	0.468797	-0.882935	-0.025617	0.853750	0.445480	0.269552
24839	12.132025	1.774023	9.505448	-0.136800	0.269002	-0.218755	-0.229878	-0.147531	0.961972	0.467192	-0.883833	-0.023905	0.853749	0.443930	0.272099
24840	12.133761	0.446398	9.575015	-0.654487	-0.086466	-0.194845	-0.230064	-0.145605	0.962221	0.461330	-0.886906	-0.023906	0.856881	0.438402	0.271217
24841	13.961043	-2.606793	8.383689	-0.952639	-0.298775	-0.072648	-0.227801	-0.143694	0.963047	0.453040	-0.891117	-0.025799	0.861894	0.430421	0.268096
24842	14.891195	-4.214006	7.673962	-1.001498	-0.290826	0.071561	-0.225003	-0.143338	0.963757	0.444834	-0.895134	-0.029279	0.866889	0.422124	0.265170
24843	14.048625	-3.894602	6.871016	-0.926023	-0.241330	0.197988	-0.222005	-0.144138	0.964333	0.437291	-0.898690	-0.033655	0.871488	0.414222	0.262544
24844	12.712942	-3.406392	3.891120	-0.731919	-0.207792	0.325644	-0.218639	-0.146494	0.964747	0.431951	-0.901057	-0.038930	0.874995	0.408212	0.260284
24845	11.312967	-2.062811	0.353095	-0.610706	-0.210176	0.339181	-0.215312	-0.148734	0.965152	0.427397	-0.903002	-0.043810	0.878050	0.403071	0.257996
24846	10.032566	-0.466707	-1.680494	-0.421411	-0.225111	0.158245	-0.212710	-0.149364	0.965632	0.424064	-0.904439	-0.046485	0.880298	0.399601	0.255722
24847	8.247699	1.155122	-2.097372	-0.174697	-0.253727	-0.128087	-0.210990	-0.147226	0.966337	0.422317	-0.905295	-0.045717	0.881551	0.398454	0.253184
24848	5.970403	1.980008	-1.916653	0.199265	-0.372746	-0.377400	-0.209407	-0.142619	0.967372	0.423601	-0.904888	-0.041710	0.881312	0.401045	0.249903
24849	4.532407	1.255462	-3.918505	0.827714	-0.470396	-0.547438	-0.207577	-0.135801	0.968747	0.429807	-0.902266	-0.034385	0.878737	0.409236	0.245657
24850	3.880741	0.225721	-4.853193	1.303345	-0.586935	-0.694700	-0.205263	-0.127479	0.970369	0.440321	-0.897499	-0.024764	0.874062	0.422191	0.240355
24851	4.521486	0.136202	-2.794755	1.315032	-0.824025	-0.753228	-0.201405	-0.117238	0.972467	0.450319	-0.892752	-0.014364	0.869855	0.435027	0.232600
24852	6.875465	0.961029	-1.154565	1.146595	-1.075912	-0.679304	-0.195213	-0.106700	0.974939	0.459213	-0.888311	-0.005271	0.866612	0.446676	0.222408
24853	9.855054	1.746565	-1.205540	0.839485	-1.237372	-0.550904	-0.187019	-0.096268	0.977628	0.465490	-0.885051	0.001896	0.865068	0.455431	0.210333
24854	12.002316	1.805113	-1.527838	0.424516	-1.317910	-0.406588	-0.177416	-0.086633	0.980316	0.468388	-0.883498	0.006691	0.865527	0.460355	0.197324
24855	12.421088	1.762399	-1.407128	-0.086351	-1.271655	-0.240038	-0.167488	-0.078688	0.982729	0.467286	-0.884062	0.008853	0.868096	0.460698	0.184840
24856	12.003536	1.513435	-1.128993	-0.410715	-1.169203	-0.061659	-0.157649	-0.072750	0.984812	0.463530	-0.886038	0.008748	0.871944	0.457869	0.173405
24857	10.965695	0.794292	-0.977808	-0.568373	-1.023157	0.085277	-0.148285	-0.068877	0.986543	0.458753	-0.888537	0.006919	0.876103	0.453606	0.163355
24858	9.491958	0.033577	-0.599068	-0.566274	-0.940418	0.159098	-0.139281	-0.066056	0.988047	0.454026	-0.890978	0.004436	0.880035	0.449217	0.154087
24859	8.749486	-0.480661	-0.351199	-0.483684	-0.944519	0.137689	-0.130303	-0.063092	0.989465	0.450006	-0.893022	0.002319	0.883468	0.445568	0.144755
24860	8.382602	-1.337141	-0.273096	-0.216375	-0.953555	0.059948	-0.121717	-0.059463	0.990782	0.448270	-0.893897	0.001421	0.885573	0.444310	0.135458
24861	8.342550	-1.544247	0.093772	0.118247	-0.995494	-0.064146	-0.113159	-0.054493	0.992081	0.449302	-0.893378	0.002177	0.886185	0.445990	0.125578
24862	8.616765	-1.606697	0.626027	0.448021	-1.065214	-0.172717	-0.104505	-0.048385	0.993347	0.453441	-0.891276	0.004291	0.885139	0.450872	0.115082
24863	9.336742	-1.474270	0.528101	0.726070	-1.122152	-0.225447	-0.095587	-0.041314	0.994563	0.459693	-0.888048	0.007292	0.882919	0.457891	0.103877
24864	9.484567	-1.075533	0.729504	0.961047	-1.109461	-0.225932	-0.086932	-0.034355	0.995622	0.468187	-0.883568	0.010391	0.879343	0.467041	0.092895
24865	10.030579	-0.153878	0.740668	1.061806	-1.127823	-0.244902	-0.078168	-0.026908	0.996577	0.477358	-0.878602	0.013720	0.875225	0.476797	0.081524
24866	9.935001	0.931261	0.389785	1.041572	-1.103995	-0.281241	-0.069764	-0.019175	0.997379	0.486319	-0.873612	0.017221	0.870992	0.486245	0.070272
24867	9.950451	1.712359	-0.272222	0.954224	-1.115896	-0.313629	-0.061577	-0.011001	0.998042	0.494462	-0.868947	0.020929	0.867016	0.494782	0.058947
24868	9.612087	2.102027	-0.828235	0.881638	-1.120117	-0.325616	-0.053554	-0.002710	0.998561	0.502046	-0.864492	0.024579	0.863181	0.502640	0.047658
24869	9.307751	2.575235	-1.210608	0.807678	-1.128081	-0.313069	-0.045391	0.005667	0.998953	0.508904	-0.860368	0.028004	0.859626	0.509642	0.036169
24870	9.103451	2.840617	-1.307900	0.695188	-1.108818	-0.271871	-0.037244	0.013507	0.999215	0.515110	-0.856571	0.030778	0.856315	0.515852	0.024945
24871	9.269123	2.672911	-1.498503	0.515547	-1.102251	-0.205651	-0.028853	0.020943	0.999364	0.519505	-0.853834	0.032892	0.853980	0.520124	0.013756
24872	9.491872	2.392084	-1.719841	0.366378	-1.103902	-0.126412	-0.020089	0.027581	0.999418	0.523043	-0.851627	0.034016	0.852069	0.523422	0.002682
24873	9.901477	2.125476	-1.733027	0.166291	-1.080758	-0.065477	-0.011198	0.033769	0.999367	0.524503	-0.850704	0.034623	0.851335	0.524559	-0.008186
24874	9.601100	1.850166	-1.740290	-0.010089	-1.048360	-0.008087	-0.002290	0.039236	0.999227	0.524676	-0.850599	0.034603	0.851299	0.524350	-0.018639
24875	9.360096	1.682021	-1.592955	-0.154138	-1.072027	0.045059	0.007106	0.044433	0.998987	0.523415	-0.851393	0.034145	0.852048	0.522642	-0.029307
24876	9.113699	1.382315	-1.599792	-0.267577	-1.111896	0.075404	0.016743	0.049418	0.998638	0.521338	-0.852694	0.033455	0.853186	0.520068	-0.040040
24877	9.385085	0.970986	-1.553979	-0.331804	-1.174770	0.092551	0.027285	0.054685	0.998131	0.518537	-0.854432	0.032637	0.854620	0.516677	-0.051669
24878	9.469316	0.774270	-1.667343	-0.399950	-1.195295	0.084411	0.038058	0.060150	0.997464	0.515144	-0.856506	0.031994	0.856258	0.512620	-0.063583
24879	9.537526	0.528330	-1.447169	-0.421461	-1.226365	0.065686	0.048935	0.065814	0.996631	0.511556	-0.858669	0.031586	0.857856	0.508287	-0.075687
24880	9.592401	0.167963	-1.412108	-0.432000	-1.219290	0.038291	0.059530	0.071627	0.995653	0.507818	-0.860886	0.031569	0.859405	0.503732	-0.087622
24881	9.297528	-0.153212	-1.296116	-0.381995	-1.208409	0.006973	0.069986	0.077596	0.994525	0.504580	-0.862779	0.031809	0.860524	0.499591	-0.099536
24882	9.179061	-0.259539	-1.323359	-0.323572	-1.235065	-0.019777	0.080451	0.083875	0.993223	0.501911	-0.864314	0.032334	0.861169	0.495909	-0.111633
24883	9.188005	-0.324688	-1.255551	-0.222754	-1.263497	-0.041091	0.091154	0.090445	0.991721	0.500079	-0.865353	0.032955	0.861169	0.492935	-0.124110
24884	9.290248	-0.306173	-0.949255	-0.116932	-1.280756	-0.051320	0.101899	0.097119	0.990043	0.499452	-0.865693	0.033515	0.860328	0.491064	-0.136720
24885	9.404829	-0.404719	-0.833089	-0.022749	-1.277957	-0.043487	0.112696	0.103728	0.988200	0.499353	-0.865734	0.033926	0.859038	0.489637	-0.149362
24886	9.551474	-0.489373	-1.003856	0.113602	-1.286359	-0.028130	0.123439	0.110177	0.986217	0.500441	-0.865102	0.034009	0.856925	0.489346	-0.161924
24887	9.483830	-0.648914	-1.213646	0.253365	-1.270373	-0.020381	0.134232	0.116541	0.984073	0.502684	-0.863812	0.033731	0.853985	0.490150	-0.174535
24888	9.281390	-0.703692	-1.125729	0.373539	-1.264873	-0.003989	0.144655	0.122611	0.981856	0.506058	-0.861865	0.033070	0.850283	0.492092	-0.186722
24889	9.228325	-0.475983	-1.063561	0.477280	-1.299681	0.017892	0.155796	0.128836	0.979351	0.510126	-0.859507	0.031919	0.845872	0.494619	-0.199630
24890	9.528173	-0.387649	-0.989105	0.562422	-1.342701	0.038697	0.167237	0.135079	0.976619	0.514970	-0.856672	0.030305	0.840736	0.497862	-0.212829
24891	9.636436	0.110790	-0.810471	0.639382	-1.335002	0.042457	0.178670	0.141354	0.973702	0.520300	-0.853510	0.028433	0.835084	0.501537	-0.226043
24892	9.413968	0.505980	-0.881081	0.657066	-1.318394	0.067254	0.189990	0.147389	0.970660	0.526039	-0.850059	0.026114	0.828967	0.505644	-0.239035
24893	9.744176	0.947172	-1.177061	0.594333	-1.304842	0.058125	0.201104	0.153482	0.967471	0.530879	-0.847106	0.024035	0.823240	0.508777	-0.251837
24894	9.437851	0.914732	-1.183913	0.542836	-1.247799	0.041260	0.211487	0.159413	0.964293	0.535296	-0.844373	0.022189	0.817760	0.511489	-0.263907
24895	9.147255	0.783449	-1.587368	0.512623	-1.230260	0.048588	0.221803	0.165279	0.960982	0.539411	-0.841798	0.020280	0.812305	0.513866	-0.275866
24896	9.150779	0.736931	-1.730810	0.460739	-1.256934	0.052236	0.232082	0.171177	0.957516	0.543176	-0.839417	0.018409	0.806906	0.515827	-0.287793
24897	9.447401	0.672814	-1.770872	0.417565	-1.246014	0.041232	0.242356	0.177235	0.953861	0.546477	-0.837307	0.016729	0.801639	0.517209	-0.299781
24898	9.492239	0.529617	-2.157478	0.397870	-1.191048	0.040014	0.252027	0.182985	0.950262	0.549511	-0.835350	0.015117	0.796567	0.518370	-0.311083
24899	9.119040	0.334347	-2.288303	0.489022	-1.164761	0.048474	0.261568	0.188598	0.946580	0.553308	-0.832875	0.013048	0.790843	0.520337	-0.322206
24900	8.918404	0.397824	-1.973574	0.601299	-1.178332	0.065006	0.271224	0.194113	0.942739	0.557633	-0.830022	0.010475	0.784527	0.522861	-0.333366
24901	8.983699	0.467873	-1.540977	0.697651	-1.202669	0.069332	0.281033	0.199816	0.938666	0.562927	-0.826474	0.007396	0.777261	0.526322	-0.344748
24902	9.563359	0.712066	-0.970319	0.809141	-1.196067	0.061809	0.290467	0.205449	0.934569	0.568770	-0.822487	0.004034	0.769500	0.530383	-0.355759
24903	10.152726	1.094611	-0.725130	0.862513	-1.167719	0.025598	0.299578	0.211428	0.930350	0.575331	-0.817920	0.000618	0.761083	0.535074	-0.366673
24904	10.606393	1.559559	-0.662072	0.894741	-1.062816	-0.001778	0.307599	0.217093	0.926420	0.582044	-0.813152	-0.002706	0.752733	0.540050	-0.376482
24905	10.645356	1.400588	-0.675359	0.880319	-0.944219	-0.005053	0.314667	0.222226	0.922822	0.588685	-0.808340	-0.006075	0.744604	0.545163	-0.385179
24906	10.990118	0.926919	-0.464764	0.923529	-0.890114	0.004043	0.321047	0.227097	0.919432	0.596094	-0.802854	-0.009841	0.735935	0.551228	-0.393125
24907	11.778506	0.531896	-0.013397	1.072396	-0.867970	0.039732	0.327662	0.231562	0.915979	0.603840	-0.796973	-0.014528	0.726646	0.557865	-0.400964
24908	12.480209	0.348013	0.491102	1.214083	-0.767289	0.090809	0.333716	0.235068	0.912895	0.612311	-0.790356	-0.020320	0.716735	0.565757	-0.407689
24909	12.922732	0.943208	0.900070	1.256619	-0.629795	0.141510	0.339101	0.237514	0.910274	0.620810	-0.783502	-0.026832	0.706828	0.574206	-0.413137
24910	13.559654	1.437616	1.754175	1.118757	-0.483485	0.142021	0.343209	0.238960	0.908353	0.627992	-0.777531	-0.032734	0.698451	0.581673	-0.416921
24911	14.055695	1.068209	2.437116	0.923493	-0.225903	0.112575	0.345520	0.239379	0.907366	0.634053	-0.772371	-0.037679	0.691804	0.588337	-0.418649
24912	14.319146	0.802374	2.649493	0.641980	0.106317	0.106401	0.345313	0.237706	0.907885	0.637933	-0.768984	-0.041298	0.688332	0.593430	-0.417181
24913	14.803483	0.871882	2.219923	0.375066	0.371471	0.143302	0.343703	0.234364	0.909363	0.640047	-0.767062	-0.044223	0.687173	0.597235	-0.413646
24914	15.757836	0.974042	2.283419	0.180757	0.615950	0.210047	0.340839	0.228865	0.911838	0.640269	-0.766718	-0.046888	0.688392	0.599803	-0.407863
24915	16.516186	0.959794	2.903517	0.007223	1.039539	0.345241	0.335904	0.219939	0.915858	0.639180	-0.767422	-0.050136	0.691822	0.602238	-0.398360
24916	16.251751	1.332762	3.615817	-0.230730	1.475075	0.500499	0.328592	0.207100	0.921486	0.636225	-0.769618	-0.053903	0.698029	0.603985	-0.384652
24917	16.143200	1.644436	4.339307	-0.511109	1.837946	0.614876	0.319602	0.191225	0.928056	0.630672	-0.773899	-0.057728	0.707183	0.603749	-0.367940
24918	15.887645	1.280296	4.686187	-0.795622	2.137449	0.691976	0.308482	0.172804	0.935402	0.622992	-0.779816	-0.061392	0.718832	0.601686	-0.348215
24919	15.444948	0.755114	3.358198	-0.976509	2.392949	0.726488	0.295643	0.152727	0.943011	0.613746	-0.786825	-0.064983	0.732060	0.597981	-0.326355
24920	14.740345	-0.180115	0.819356	-0.936409	2.553260	0.693054	0.280833	0.131832	0.950659	0.604862	-0.793365	-0.068662	0.745168	0.594300	-0.302543
24921	13.948175	-0.863056	-1.410919	-0.741048	2.690159	0.598144	0.264252	0.111085	0.958035	0.597701	-0.798454	-0.072280	0.756918	0.591719	-0.277389
24922	13.227540	-0.624454	-3.854379	-0.295463	2.813640	0.497790	0.245826	0.090251	0.965103	0.593816	-0.800970	-0.076351	0.766128	0.591863	-0.250492
24923	12.383619	-1.234521	-6.349830	-0.006924	2.816333	0.417385	0.226658	0.070174	0.971443	0.592815	-0.801312	-0.080432	0.772785	0.594117	-0.223224
24924	11.613269	-2.471431	-6.168095	0.059018	2.575514	0.366935	0.208766	0.051747	0.976596	0.592532	-0.801133	-0.084215	0.778025	0.596245	-0.197912
24925	11.822982	-3.559975	-4.237231	0.115958	2.235068	0.275923	0.192997	0.036156	0.980533	0.592922	-0.800526	-0.087185	0.781790	0.598206	-0.175937
24926	13.135546	-3.031599	-2.265965	0.258879	2.051219	0.127790	0.177551	0.022625	0.983851	0.594372	-0.799263	-0.088884	0.784345	0.600555	-0.155358
24927	14.386287	-2.623482	-1.475663	0.352317	2.094155	-0.053834	0.160817	0.010411	0.986929	0.597270	-0.797096	-0.088915	0.785752	0.603762	-0.134405
24928	13.766748	-2.422692	-2.549948	0.500289	2.221458	-0.166100	0.142329	-0.001873	0.989818	0.601338	-0.794137	-0.087971	0.786216	0.607736	-0.111903
24929	12.519586	-2.194303	-3.248623	0.574280	2.178644	-0.266273	0.123626	-0.013084	0.992243	0.606248	-0.790616	-0.085960	0.785608	0.612172	-0.089808
24930	12.639605	-1.923155	-3.177903	0.475191	2.132734	-0.302826	0.105060	-0.023890	0.994179	0.609983	-0.788014	-0.083396	0.785419	0.615194	-0.068217
24931	13.247991	-1.728378	-3.042591	0.415074	2.156814	-0.290302	0.086377	-0.034936	0.995650	0.613564	-0.785501	-0.080791	0.784906	0.617874	-0.046414
24932	13.508875	-1.126728	-3.425604	0.371034	2.263125	-0.326393	0.066609	-0.046450	0.996697	0.616039	-0.783874	-0.077701	0.784894	0.619180	-0.023598
24933	13.316546	-0.050791	-3.976905	0.202975	2.397246	-0.409635	0.045292	-0.058122	0.997282	0.617907	-0.782791	-0.073684	0.784946	0.619564	0.000460
24934	12.551749	0.448034	-4.673164	-0.027954	2.543862	-0.447477	0.022768	-0.070414	0.997258	0.617883	-0.783201	-0.069407	0.785940	0.617769	0.025676
24935	11.451979	1.132468	-4.421413	-0.088845	2.529334	-0.432430	0.000235	-0.082651	0.996579	0.617281	-0.784039	-0.065170	0.786742	0.615185	0.050834
24936	11.154791	1.095996	-4.667550	-0.682445	2.484661	-0.457930	-0.022179	-0.094322	0.995295	0.611809	-0.788641	-0.061105	0.790694	0.607575	0.075198
24937	10.178521	-0.250987	-4.903467	-0.979740	2.550029	-0.416622	-0.044912	-0.106419	0.993307	0.603947	-0.794921	-0.057858	0.795758	0.597306	0.099973
24938	9.325222	-0.948319	-4.930923	-1.203623	2.629522	-0.317248	-0.067592	-0.119476	0.990534	0.594287	-0.802286	-0.056217	0.801407	0.584862	0.125231
24939	8.242330	-1.303063	-4.900334	-1.334959	2.645860	-0.200669	-0.090028	-0.133181	0.986994	0.583444	-0.810213	-0.056108	0.807148	0.570805	0.150646
24940	7.379537	-1.260461	-4.755049	-1.428411	2.606850	-0.095511	-0.111582	-0.146973	0.982827	0.571431	-0.818630	-0.057543	0.813029	0.555197	0.175329
24941	6.672577	-0.819771	-4.501367	-1.455738	2.487963	0.011532	-0.131784	-0.160720	0.978163	0.559626	-0.826541	-0.060411	0.818200	0.539444	0.198868
24942	6.519560	-0.501549	-4.195281	-1.441914	2.304985	0.108214	-0.150048	-0.173860	0.973272	0.547867	-0.834073	-0.064530	0.822999	0.523541	0.220403
24943	6.411322	-0.554689	-4.054913	-1.385472	2.143199	0.186608	-0.166694	-0.186513	0.968208	0.536788	-0.840845	-0.069561	0.827086	0.508127	0.240282
24944	5.828899	-0.995949	-3.976268	-1.244483	1.991165	0.248907	-0.181754	-0.198577	0.963085	0.526883	-0.846611	-0.075127	0.830277	0.493778	0.258502
24945	5.243694	-1.539992	-3.821051	-1.094205	1.769458	0.277775	-0.194990	-0.209594	0.958149	0.518366	-0.851339	-0.080738	0.832632	0.480929	0.274649
24946	4.652455	-2.162626	-3.660833	-0.911897	1.536637	0.277170	-0.206247	-0.219264	0.953617	0.511335	-0.855066	-0.086014	0.834265	0.469878	0.288472
24947	4.258240	-2.549569	-3.517936	-0.668841	1.274520	0.231624	-0.215681	-0.227217	0.949660	0.506301	-0.857625	-0.090209	0.834949	0.461358	0.300014
24948	4.049966	-2.723984	-3.117173	-0.382151	0.999816	0.132348	-0.223257	-0.232877	0.946533	0.503305	-0.859126	-0.092658	0.834769	0.455708	0.309014
24949	4.121395	-2.597485	-2.806779	-0.072745	0.753425	-0.001946	-0.229527	-0.236320	0.944177	0.502754	-0.859424	-0.092889	0.833400	0.453369	0.316072
24950	4.237139	-2.573384	-2.570332	0.235005	0.515726	-0.159203	-0.234640	-0.237294	0.942675	0.504341	-0.858736	-0.090629	0.831014	0.454164	0.321170
24951	4.369249	-2.295622	-2.471066	0.561703	0.273059	-0.308874	-0.238444	-0.235925	0.942064	0.508328	-0.856866	-0.085927	0.827494	0.458389	0.324242
24952	4.432406	-1.818679	-2.585117	0.819580	0.035364	-0.446408	-0.240918	-0.232288	0.942338	0.514059	-0.854099	-0.079112	0.823226	0.465358	0.325177
24953	4.292152	-1.301776	-2.767198	0.989499	-0.190027	-0.568771	-0.242276	-0.226582	0.943378	0.520868	-0.850716	-0.070558	0.818535	0.474281	0.324127
24954	4.312577	-0.935920	-2.836407	1.061200	-0.394194	-0.657507	-0.242461	-0.219140	0.945087	0.528003	-0.847052	-0.060950	0.813895	0.484231	0.321084
24955	4.390064	-0.593934	-2.849978	1.073235	-0.559625	-0.718351	-0.241711	-0.210364	0.947271	0.535035	-0.843304	-0.050753	0.809514	0.494556	0.316388
24956	4.614747	-0.105812	-2.617868	1.088234	-0.682659	-0.751684	-0.240178	-0.200637	0.949768	0.542068	-0.839371	-0.040237	0.805281	0.505175	0.310357
24957	5.027792	0.555455	-2.211071	1.082658	-0.733319	-0.733744	-0.238265	-0.190784	0.952277	0.549067	-0.835241	-0.029957	0.801096	0.515727	0.303762
24958	5.485564	1.102705	-1.530207	1.073402	-0.740840	-0.668464	-0.235957	-0.181348	0.954692	0.556123	-0.830850	-0.020375	0.796901	0.526119	0.296897
24959	6.716753	1.311251	-0.201517	1.101984	-0.754815	-0.597497	-0.233277	-0.172421	0.957002	0.563537	-0.826011	-0.011454	0.792469	0.536634	0.289855
24960	8.070352	1.253569	1.976196	1.330206	-0.716676	-0.556978	-0.230704	-0.163952	0.959112	0.572846	-0.819660	-0.002322	0.786526	0.548887	0.283018
24961	10.804764	2.473878	5.218186	1.642140	-0.558142	-0.545586	-0.229466	-0.156432	0.960663	0.584496	-0.811362	0.007494	0.778273	0.563224	0.277614
24962	13.773386	4.176669	8.612187	1.510241	-0.088474	-0.514214	-0.231752	-0.151780	0.960861	0.595111	-0.803472	0.016618	0.769503	0.575670	0.276532
24963	15.428029	3.563177	10.860871	0.757065	0.401144	-0.525316	-0.237938	-0.149921	0.959640	0.599738	-0.799844	0.023745	0.764002	0.581183	0.280227
24964	13.942365	1.588909	10.597298	-0.097199	0.509608	-0.543356	-0.245023	-0.148528	0.958073	0.597786	-0.801142	0.028682	0.763292	0.579751	0.285086
24965	12.960741	-0.068513	11.098944	-0.261926	0.299582	-0.564159	-0.250646	-0.145767	0.957042	0.594445	-0.803446	0.033310	0.764076	0.577258	0.288031
24966	12.991119	0.978857	12.392175	0.260318	0.390979	-0.551451	-0.256864	-0.143613	0.955718	0.595117	-0.802676	0.039331	0.761483	0.578866	0.291645
24967	11.885568	2.706520	13.809835	0.134522	0.667501	-0.384315	-0.264198	-0.144426	0.953594	0.595196	-0.802409	0.043373	0.758908	0.579034	0.297956
24968	9.073927	2.494908	12.394945	-0.494560	0.735424	-0.209179	-0.270999	-0.147010	0.951287	0.590945	-0.805518	0.043863	0.759831	0.574045	0.305169
24969	6.760972	1.743265	9.674078	-0.971043	0.462713	-0.095176	-0.275056	-0.148909	0.949826	0.583344	-0.811151	0.041759	0.764235	0.565561	0.309978
24970	6.452076	0.359394	6.982396	-1.441905	0.249758	-0.048310	-0.277245	-0.149951	0.949026	0.572181	-0.819260	0.037708	0.771844	0.553469	0.312935
24971	6.748343	-0.155499	3.851671	-1.711207	0.615454	-0.028941	-0.282157	-0.153106	0.947072	0.558883	-0.828607	0.032551	0.779767	0.538487	0.319365
24972	2.053037	-1.528150	-0.369187	-2.015643	0.348410	-0.043513	-0.285131	-0.154635	0.945932	0.542978	-0.839330	0.026461	0.789858	0.521165	0.323282
24973	0.343756	-4.743184	-4.840870	-2.052424	-0.933760	-0.034879	-0.277853	-0.149582	0.948906	0.526589	-0.849879	0.020220	0.803431	0.505302	0.314910
24974	5.328447	-6.425170	-7.611681	-1.210233	-2.098131	0.039729	-0.260657	-0.139442	0.955308	0.516934	-0.855874	0.016118	0.815376	0.498032	0.295171
24975	15.391270	-3.243231	-3.781814	0.398990	-2.366127	0.127551	-0.240631	-0.128704	0.962046	0.520575	-0.853666	0.016004	0.819206	0.504668	0.272418
24976	26.207406	1.192825	7.117504	1.555817	-1.143031	0.116959	-0.230660	-0.123897	0.965114	0.533591	-0.845530	0.018981	0.813681	0.519354	0.261140
24977	28.482728	1.836916	16.515517	-0.054636	0.921684	0.201916	-0.237047	-0.130419	0.962704	0.533678	-0.845520	0.016864	0.811786	0.517772	0.270030
24978	19.753234	-7.101338	9.194887	-2.478243	0.926664	0.238370	-0.243356	-0.137200	0.960184	0.514027	-0.857739	0.007717	0.822529	0.495439	0.279261
24979	15.998981	-13.275698	0.391910	-2.211158	0.152695	0.145504	-0.243861	-0.139233	0.959763	0.496136	-0.868245	0.000104	0.833295	0.476198	0.280810
24980	12.712165	-10.023697	-1.751101	-0.985796	0.114850	-0.070534	-0.245154	-0.139250	0.959431	0.487714	-0.873001	-0.002085	0.837875	0.467417	0.281934
24981	10.079610	-1.811563	0.751802	-0.309020	-0.315660	-0.026391	-0.242611	-0.137584	0.960318	0.485118	-0.874444	-0.002723	0.840119	0.465207	0.278894
24982	9.876406	3.840679	-3.111196	0.242235	-0.721804	0.107734	-0.235999	-0.135260	0.962294	0.487385	-0.873181	-0.003205	0.840690	0.468251	0.271994
24983	7.334491	4.625345	-9.530153	1.023448	-0.488898	-0.018285	-0.231965	-0.132824	0.963613	0.495987	-0.868330	-0.000294	0.836773	0.477871	0.267301
