// General information: 
//  MT Manager version: 2022.2.0 
//  XDA version: 2022.2.0 build 7381 rev 124627 built on 2023-07-19
// Device information: 
//  DeviceId: 00B4CAF0
//  ProductCode: MTW2-3A7G6
//  Firmware Version: 4.6.0
//  Hardware Version: 2.0.0
// Device settings: 
//  Filter Profile: human(46.1)
//  Option Flags: Orientation Smoother Disabled, Position/Velocity Smoother Disabled, Continuous Zero Rotation Update Disabled, AHS Disabled, ICC Disabled
// Coordinate system: ENU
PacketCounter	Acc_X	Acc_Y	Acc_Z	Gyr_X	Gyr_Y	Gyr_Z	Mat[1][1]	Mat[2][1]	Mat[3][1]	Mat[1][2]	Mat[2][2]	Mat[3][2]	Mat[1][3]	Mat[2][3]	Mat[3][3]
01123	6.044686	2.118413	7.846148	0.004581	0.000751	0.002146	0.742587	0.310586	0.593381	-0.514765	0.831467	0.208998	-0.428465	-0.460651	0.777315
01124	6.057960	2.146624	7.861046	0.001245	0.003021	0.003865	0.742535	0.310662	0.593406	-0.514845	0.831426	0.208961	-0.428457	-0.460673	0.777306
01125	6.024065	2.145135	7.854135	0.002913	0.001886	0.003006	0.742526	0.310692	0.593402	-0.514873	0.831411	0.208954	-0.428441	-0.460680	0.777311
01126	6.039619	2.131092	7.866683	0.000274	0.002392	0.002863	0.742517	0.310758	0.593379	-0.514935	0.831371	0.208960	-0.428382	-0.460708	0.777327
01127	6.046618	2.147798	7.828675	0.002063	0.003917	-0.000086	0.742531	0.310772	0.593353	-0.514936	0.831369	0.208965	-0.428355	-0.460702	0.777345
01128	6.041523	2.160710	7.849167	0.004005	0.005175	0.001918	0.742534	0.310755	0.593359	-0.514938	0.831360	0.208996	-0.428348	-0.460729	0.777333
01129	6.018573	2.157882	7.874975	-0.000743	-0.001030	0.006427	0.742494	0.310800	0.593385	-0.514975	0.831351	0.208940	-0.428373	-0.460715	0.777328
01130	6.056959	2.146342	7.861895	-0.001349	0.006320	-0.000844	0.742532	0.310772	0.593352	-0.514947	0.831357	0.208986	-0.428340	-0.460724	0.777340
01131	6.043228	2.117992	7.847384	-0.000424	0.004156	0.004724	0.742523	0.310827	0.593335	-0.514973	0.831351	0.208944	-0.428325	-0.460697	0.777365
01132	6.032077	2.119008	7.814911	-0.000500	0.004290	0.002247	0.742589	0.310907	0.593210	-0.514992	0.831335	0.208963	-0.428188	-0.460672	0.777455
01133	6.055947	2.145728	7.862842	-0.000302	0.006816	0.002634	0.742603	0.310957	0.593167	-0.515002	0.831336	0.208934	-0.428152	-0.460637	0.777496
01134	6.031446	2.118690	7.815484	0.002988	0.001753	0.005482	0.742576	0.311040	0.593157	-0.515084	0.831288	0.208924	-0.428100	-0.460667	0.777506
01135	6.055518	2.145631	7.863199	0.003035	0.004546	0.000916	0.742589	0.311065	0.593128	-0.515096	0.831279	0.208931	-0.428064	-0.460667	0.777526
01136	6.005862	2.158206	7.843884	0.000273	0.002393	0.002863	0.742576	0.311064	0.593145	-0.515092	0.831287	0.208907	-0.428090	-0.460653	0.777520
01137	6.036841	2.130113	7.869080	-0.001348	0.006321	-0.000845	0.742605	0.311082	0.593098	-0.515072	0.831304	0.208890	-0.428063	-0.460611	0.777560
01138	6.054817	2.145292	7.863831	-0.000744	-0.001029	0.006427	0.742544	0.311159	0.593135	-0.515167	0.831252	0.208861	-0.428056	-0.460652	0.777540
01139	6.025792	2.130915	7.836588	0.002139	0.003784	0.002390	0.742545	0.311192	0.593115	-0.515187	0.831242	0.208852	-0.428029	-0.460647	0.777557
01140	6.054662	2.144936	7.864047	-0.000622	0.001631	0.004337	0.742540	0.311224	0.593106	-0.515209	0.831231	0.208840	-0.428012	-0.460646	0.777567
01141	6.036441	2.129285	7.869611	0.001244	0.003022	0.003864	0.742531	0.311266	0.593095	-0.515236	0.831221	0.208816	-0.427996	-0.460636	0.777582
01142	6.051906	2.115331	7.882201	0.004779	0.003278	0.002533	0.742550	0.311290	0.593058	-0.515272	0.831183	0.208878	-0.427917	-0.460689	0.777594
01143	6.036127	2.129293	7.869850	0.000348	0.002261	0.005338	0.742531	0.311341	0.593056	-0.515306	0.831172	0.208838	-0.427911	-0.460674	0.777606
01144	6.035918	2.129130	7.870054	-0.000575	0.004424	-0.000230	0.742549	0.311281	0.593064	-0.515244	0.831210	0.208838	-0.427954	-0.460645	0.777600
01145	6.035780	2.129150	7.870154	0.003685	-0.000010	0.003621	0.742529	0.311307	0.593076	-0.515279	0.831190	0.208834	-0.427947	-0.460665	0.777592
01146	6.027331	2.159868	7.819551	0.000198	0.002527	0.000386	0.742593	0.311300	0.592999	-0.515262	0.831180	0.208910	-0.427855	-0.460685	0.777630
01147	6.037897	2.158609	7.852533	0.002337	0.006312	0.002775	0.742604	0.311348	0.592960	-0.515285	0.831169	0.208901	-0.427808	-0.460674	0.777663
01148	6.042353	2.145821	7.832509	0.002215	0.003652	0.004865	0.742611	0.311424	0.592911	-0.515345	0.831129	0.208912	-0.427726	-0.460694	0.777696
01149	6.042252	2.145712	7.832616	0.002987	0.001755	0.005481	0.742589	0.311474	0.592913	-0.515390	0.831106	0.208892	-0.427709	-0.460703	0.777700
01150	6.034827	2.128900	7.870953	0.000471	0.004921	0.003247	0.742642	0.311497	0.592834	-0.515392	0.831092	0.208942	-0.427615	-0.460711	0.777747
01151	6.029811	2.141499	7.891458	0.002214	0.003653	0.004865	0.742631	0.311550	0.592820	-0.515429	0.831075	0.208920	-0.427589	-0.460708	0.777764
01152	6.034300	2.128801	7.871383	0.004006	0.005177	0.001916	0.742604	0.311649	0.592802	-0.515510	0.831032	0.208889	-0.427537	-0.460717	0.777786
01153	6.056872	2.131494	7.845932	-0.000499	0.004293	0.002245	0.742610	0.311683	0.592777	-0.515516	0.831035	0.208861	-0.427520	-0.460688	0.777813
01154	6.007038	2.143977	7.826768	0.000595	0.007582	0.001156	0.742727	0.311683	0.592630	-0.515490	0.831019	0.208991	-0.427348	-0.460718	0.777889
01155	6.053839	2.173736	7.848876	0.005476	0.001514	0.000673	0.742729	0.311691	0.592624	-0.515510	0.830999	0.209019	-0.427321	-0.460748	0.777887
01156	6.010086	2.126337	7.898026	0.000471	0.004922	0.003246	0.742776	0.311700	0.592559	-0.515496	0.831000	0.209053	-0.427255	-0.460741	0.777927
01157	6.035257	2.158286	7.854651	0.001243	0.003025	0.003863	0.742769	0.311741	0.592547	-0.515522	0.830990	0.209029	-0.427238	-0.460732	0.777942
01158	6.055458	2.131488	7.847025	0.002139	0.003786	0.002388	0.742774	0.311676	0.592575	-0.515476	0.831014	0.209046	-0.427283	-0.460732	0.777917
01159	6.032446	2.128760	7.872816	0.001045	0.000497	0.003477	0.742757	0.311703	0.592582	-0.515499	0.831006	0.209023	-0.427286	-0.460729	0.777918
01160	6.055229	2.131227	7.847273	0.001516	0.005420	0.006723	0.742708	0.311726	0.592631	-0.515527	0.831002	0.208967	-0.427337	-0.460719	0.777896
01161	6.016497	2.142166	7.860743	-0.002292	0.002770	0.005192	0.742692	0.311778	0.592624	-0.515547	0.831004	0.208909	-0.427340	-0.460681	0.777916
01162	6.036765	2.114829	7.853210	-0.004931	0.003278	0.005048	0.742660	0.311866	0.592618	-0.515611	0.830979	0.208851	-0.427319	-0.460666	0.777937
01163	6.034263	2.156571	7.855886	0.001442	0.005553	0.004247	0.742660	0.311923	0.592587	-0.515640	0.830967	0.208827	-0.427283	-0.460650	0.777966
01164	6.034038	2.156252	7.856147	-0.002292	0.002771	0.005192	0.742655	0.311999	0.592554	-0.515690	0.830942	0.208803	-0.427232	-0.460643	0.777998
01165	6.020530	2.127622	7.841526	-0.000351	0.004030	0.007195	0.742634	0.312072	0.592542	-0.515734	0.830929	0.208748	-0.427215	-0.460617	0.778022
01166	6.031351	2.125991	7.874403	0.001119	0.000366	0.005952	0.742566	0.312101	0.592612	-0.515800	0.830894	0.208724	-0.427255	-0.460661	0.777975
01167	6.046939	2.111616	7.887008	-0.000351	0.004031	0.007194	0.742545	0.312174	0.592600	-0.515843	0.830881	0.208669	-0.427239	-0.460635	0.777999
01168	6.054157	2.127724	7.849050	-0.004159	0.001381	0.005663	0.742523	0.312236	0.592595	-0.515886	0.830864	0.208628	-0.427225	-0.460623	0.778014
01169	6.033722	2.153896	7.857036	-0.002292	0.002772	0.005191	0.742507	0.312287	0.592588	-0.515907	0.830866	0.208570	-0.427228	-0.460585	0.778035
01170	6.033820	2.153183	7.857155	-0.003240	-0.000779	0.011230	0.742449	0.312406	0.592598	-0.516007	0.830823	0.208496	-0.427209	-0.460582	0.778047
01171	6.038761	2.139137	7.837106	-0.010883	0.003142	0.013656	0.742391	0.312529	0.592606	-0.516053	0.830838	0.208321	-0.427253	-0.460472	0.778088
01172	6.052386	2.165608	7.852242	-0.011282	-0.001913	0.012884	0.742270	0.312690	0.592672	-0.516170	0.830814	0.208127	-0.427321	-0.460406	0.778089
01173	6.052818	2.163664	7.852445	-0.017456	-0.001654	0.014067	0.742190	0.312794	0.592718	-0.516192	0.830858	0.207898	-0.427435	-0.460256	0.778116
01174	6.050852	2.131605	7.870602	-0.022712	-0.003555	0.020814	0.742081	0.312949	0.592773	-0.516254	0.830886	0.207631	-0.427549	-0.460100	0.778145
01175	6.031112	2.155156	7.878805	-0.024106	-0.000015	0.024527	0.741953	0.313147	0.592827	-0.516325	0.830928	0.207288	-0.427685	-0.459889	0.778195
01176	6.093193	2.142784	7.840410	-0.031452	-0.002905	0.024317	0.741804	0.313340	0.592912	-0.516373	0.830998	0.206882	-0.427884	-0.459630	0.778239
01177	5.964213	2.191971	7.776880	-0.034968	-0.006067	0.032672	0.741609	0.313579	0.593030	-0.516458	0.831064	0.206407	-0.428121	-0.459348	0.778275
01178	6.120606	2.112252	7.977766	-0.045227	-0.004532	0.041975	0.741423	0.313805	0.593143	-0.516494	0.831173	0.205878	-0.428399	-0.458997	0.778329
01179	6.049981	1.913570	7.848511	-0.022605	0.008355	0.024197	0.741333	0.314039	0.593131	-0.516568	0.831208	0.205549	-0.428465	-0.458773	0.778425
01180	6.008802	1.963914	7.865413	-0.026729	0.015466	0.018259	0.741261	0.314331	0.593067	-0.516702	0.831193	0.205273	-0.428430	-0.458599	0.778546
01181	6.014807	2.044942	7.904038	-0.001043	0.005801	0.009051	0.741238	0.314428	0.593044	-0.516756	0.831177	0.205202	-0.428404	-0.458562	0.778583
01182	6.051327	2.147210	7.878221	0.008595	0.005908	0.004075	0.741220	0.314565	0.592994	-0.516883	0.831095	0.205213	-0.428282	-0.458616	0.778618
01183	6.052354	2.033667	7.891510	0.004693	0.012620	0.005559	0.741244	0.314664	0.592911	-0.516936	0.831064	0.205207	-0.428176	-0.458605	0.778683
01184	6.022750	2.020428	7.864378	0.017059	0.002861	-0.002290	0.741302	0.314568	0.592890	-0.516915	0.831032	0.205390	-0.428102	-0.458729	0.778650
01185	6.020075	2.064049	7.866884	0.016694	0.009819	-0.002132	0.741354	0.314590	0.592813	-0.516962	0.830970	0.205523	-0.427954	-0.458827	0.778674
01186	6.009969	2.091252	7.907478	0.019478	0.002745	-0.009565	0.741445	0.314522	0.592735	-0.516976	0.830897	0.205783	-0.427779	-0.459007	0.778664
01187	6.048558	2.153655	7.878589	0.022116	0.002234	-0.009420	0.741503	0.314448	0.592702	-0.516992	0.830832	0.206002	-0.427659	-0.459173	0.778632
01188	6.034182	2.056267	7.878827	0.022318	0.004765	-0.009036	0.741562	0.314439	0.592633	-0.517077	0.830716	0.206258	-0.427454	-0.459390	0.778616
01189	6.070101	2.089313	7.867801	0.021145	0.001611	-0.010426	0.741622	0.314354	0.592603	-0.517081	0.830659	0.206476	-0.427344	-0.459551	0.778582
01190	6.046820	2.088966	7.893129	0.021145	0.001614	-0.010428	0.741736	0.314183	0.592552	-0.517019	0.830624	0.206772	-0.427223	-0.459731	0.778542
01191	6.064353	2.106693	7.887613	0.020705	0.008704	-0.012749	0.741838	0.314112	0.592461	-0.517004	0.830577	0.207000	-0.427063	-0.459865	0.778551
01192	6.004028	2.194689	7.819626	0.022885	0.000349	-0.008814	0.741878	0.314114	0.592410	-0.517108	0.830451	0.207246	-0.426869	-0.460091	0.778524
01193	5.991163	2.121373	7.893172	0.019477	0.002762	-0.009578	0.741939	0.314042	0.592372	-0.517111	0.830399	0.207446	-0.426759	-0.460235	0.778499
01194	6.068350	2.172286	7.850943	0.022958	0.000225	-0.006344	0.741956	0.313989	0.592378	-0.517211	0.830266	0.207728	-0.426607	-0.460509	0.778420
01195	6.054030	2.075058	7.851287	0.024038	0.006435	-0.014471	0.742058	0.313893	0.592301	-0.517197	0.830209	0.207992	-0.426446	-0.460679	0.778408
01196	6.041787	2.145293	7.893918	0.024826	0.001621	-0.006819	0.742049	0.313847	0.592337	-0.517284	0.830103	0.208201	-0.426357	-0.460901	0.778325
01197	6.030485	2.149153	7.860819	0.025778	0.005173	-0.012859	0.742137	0.313758	0.592273	-0.517290	0.830031	0.208469	-0.426197	-0.461089	0.778301
01198	6.071225	2.169562	7.829363	0.022060	-0.000521	-0.004878	0.742108	0.313842	0.592265	-0.517479	0.829867	0.208655	-0.426017	-0.461329	0.778258
01199	6.034980	2.140574	7.839625	0.017425	-0.004059	-0.002460	0.742104	0.313797	0.592295	-0.517527	0.829801	0.208796	-0.425968	-0.461477	0.778197
01200	6.035094	2.141895	7.839177	0.013319	0.000118	-0.001368	0.742090	0.313718	0.592354	-0.517558	0.829744	0.208945	-0.425952	-0.461633	0.778113
01201	6.011915	2.140581	7.864680	0.016285	0.004799	-0.002933	0.742126	0.313710	0.592314	-0.517597	0.829686	0.209080	-0.425844	-0.461744	0.778107
01202	6.024740	2.098498	7.894911	0.016030	-0.000516	0.001250	0.742081	0.313742	0.592353	-0.517701	0.829601	0.209159	-0.425794	-0.461875	0.778056
01203	6.092139	2.102466	7.908862	0.014417	0.003410	-0.002462	0.742108	0.313731	0.592325	-0.517736	0.829549	0.209278	-0.425706	-0.461974	0.778045
01204	6.016000	2.132048	7.843801	0.019475	0.002782	-0.009597	0.742205	0.313596	0.592274	-0.517699	0.829504	0.209548	-0.425581	-0.462148	0.778011
01205	6.049338	2.135084	7.850767	0.011706	0.004048	-0.005082	0.742249	0.313567	0.592236	-0.517703	0.829473	0.209661	-0.425501	-0.462223	0.778010
01206	6.070702	2.134075	7.916122	0.015812	-0.000126	-0.006176	0.742163	0.313726	0.592258	-0.517921	0.829326	0.209707	-0.425384	-0.462380	0.777980
01207	6.031120	2.194303	7.840020	0.017752	0.001140	-0.004177	0.742189	0.313691	0.592244	-0.517957	0.829264	0.209861	-0.425295	-0.462513	0.777949
01208	6.061992	2.167471	7.864993	0.006501	0.004935	-0.002899	0.742203	0.313698	0.592224	-0.517991	0.829224	0.209935	-0.425230	-0.462580	0.777945
01209	6.014441	2.138634	7.843203	0.009212	0.004302	-0.000280	0.742222	0.313710	0.592193	-0.518019	0.829190	0.209999	-0.425162	-0.462634	0.777951
01210	6.067029	2.109370	7.933672	0.017825	0.001015	-0.001704	0.742235	0.313834	0.592111	-0.518201	0.829031	0.210178	-0.424917	-0.462834	0.777965
01211	5.980479	2.211526	7.820084	0.016139	0.005067	-0.007893	0.742297	0.313786	0.592058	-0.518202	0.828989	0.210342	-0.424807	-0.462942	0.777961
01212	6.089010	2.115092	7.907905	0.013845	0.007849	-0.002709	0.742332	0.313911	0.591948	-0.518367	0.828840	0.210522	-0.424545	-0.463123	0.777996
01213	6.038380	2.175899	7.799314	0.011650	0.001270	-0.000519	0.742340	0.313907	0.591940	-0.518403	0.828796	0.210607	-0.424486	-0.463206	0.777979
01214	6.014915	2.102488	7.840643	0.008386	0.003419	0.003666	0.742391	0.313922	0.591868	-0.518435	0.828747	0.210721	-0.424359	-0.463283	0.778003
01215	6.067604	2.144901	7.915571	0.020917	0.008362	-0.005374	0.742455	0.313911	0.591795	-0.518475	0.828675	0.210908	-0.424199	-0.463420	0.778008
01216	6.022811	2.218079	7.859877	0.016909	0.003174	-0.007278	0.742481	0.313896	0.591769	-0.518537	0.828591	0.211084	-0.424076	-0.463580	0.777980
01217	6.031482	2.122595	7.835154	0.015440	0.006844	-0.006044	0.742542	0.313872	0.591706	-0.518549	0.828546	0.211232	-0.423956	-0.463677	0.777988
01218	6.042184	2.194314	7.852130	0.014488	0.003302	0.000001	0.742524	0.314017	0.591651	-0.518747	0.828388	0.211365	-0.423744	-0.463861	0.777994
01219	6.023822	2.179712	7.857513	0.006446	0.002157	0.001665	0.742525	0.314035	0.591640	-0.518777	0.828360	0.211398	-0.423705	-0.463898	0.777993
01220	6.021592	2.221950	7.859717	0.001114	0.000382	0.005949	0.742433	0.314184	0.591677	-0.518956	0.828254	0.211376	-0.423648	-0.463987	0.777971
01221	6.055556	2.222745	7.866839	-0.003248	-0.000759	0.011231	0.742372	0.314267	0.591709	-0.519016	0.828242	0.211276	-0.423681	-0.463952	0.777973
01222	5.985781	2.188788	7.870888	-0.019759	0.001129	0.019266	0.742300	0.314325	0.591769	-0.518987	0.828323	0.211032	-0.423843	-0.463769	0.777994
01223	6.010518	2.331872	7.813616	-0.009989	-0.013916	0.025369	0.742110	0.314464	0.591934	-0.519124	0.828297	0.210796	-0.424009	-0.463720	0.777933
01224	5.946710	2.420817	7.856592	-0.045134	-0.016823	0.046096	0.741803	0.314883	0.592096	-0.519394	0.828270	0.210236	-0.424215	-0.463485	0.777961
01225	6.035010	2.359575	7.881140	-0.063611	-0.024751	0.070757	0.741331	0.315348	0.592439	-0.519639	0.828349	0.209315	-0.424740	-0.463026	0.777948
01226	6.078686	2.342149	7.777099	-0.094398	-0.026430	0.086151	0.740785	0.315908	0.592824	-0.519827	0.828552	0.208043	-0.425463	-0.462281	0.777996
01227	6.043875	2.386719	7.702181	-0.115042	-0.028812	0.113822	0.740071	0.316712	0.593287	-0.520170	0.828731	0.206466	-0.426285	-0.461409	0.778064
01228	6.071669	2.390650	7.842732	-0.146408	-0.016670	0.134360	0.739283	0.317814	0.593679	-0.520597	0.828946	0.204518	-0.427129	-0.460264	0.778279
01229	6.081358	2.171321	7.853636	-0.173188	-0.012915	0.151500	0.738440	0.319004	0.594090	-0.520966	0.829268	0.202262	-0.428138	-0.458859	0.778554
01230	6.120405	1.969493	7.800856	-0.177649	-0.001497	0.152565	0.737695	0.320214	0.594365	-0.521301	0.829588	0.200072	-0.429012	-0.457435	0.778910
01231	6.085930	1.982167	7.891370	-0.175107	0.013412	0.141525	0.737015	0.321443	0.594545	-0.521583	0.829941	0.197859	-0.429837	-0.455930	0.779338
01232	6.084377	1.931119	7.913426	-0.163474	0.020624	0.126867	0.736435	0.322521	0.594680	-0.521777	0.830297	0.195847	-0.430596	-0.454519	0.779743
01233	6.081979	1.815855	7.859407	-0.155085	0.029975	0.116423	0.735957	0.323617	0.594676	-0.521956	0.830633	0.193937	-0.431196	-0.453124	0.780224
01234	5.992340	1.882430	8.025326	-0.137472	0.034249	0.100297	0.735513	0.324780	0.594591	-0.522302	0.830798	0.192289	-0.431533	-0.451987	0.780696
01235	6.095592	1.994159	7.857023	-0.144664	0.024880	0.094830	0.735126	0.325674	0.594580	-0.522365	0.831151	0.190588	-0.432116	-0.450694	0.781121
01236	6.118687	1.801343	7.770732	-0.125311	0.024877	0.087367	0.734745	0.326647	0.594518	-0.522624	0.831318	0.189141	-0.432451	-0.449680	0.781521
01237	6.152135	1.625523	7.881215	-0.112479	0.025823	0.068779	0.734498	0.327329	0.594448	-0.522633	0.831606	0.187846	-0.432859	-0.448651	0.781886
01238	6.135662	1.743044	7.860557	-0.071254	0.025258	0.049286	0.734359	0.327866	0.594323	-0.522711	0.831740	0.187034	-0.433000	-0.448010	0.782175
01239	6.109642	1.774028	7.892217	-0.078384	0.030882	0.035433	0.734309	0.328292	0.594150	-0.522622	0.831982	0.186203	-0.433193	-0.447247	0.782505
01240	6.161333	1.740929	7.894294	-0.048171	0.033832	0.024606	0.734326	0.328671	0.593920	-0.522626	0.832092	0.185704	-0.433160	-0.446765	0.782798
01241	6.173740	1.769798	7.822130	-0.057600	0.051634	0.018990	0.734451	0.329053	0.593553	-0.522506	0.832294	0.185133	-0.433092	-0.446106	0.783212
01242	6.044147	1.802886	7.833137	-0.028440	0.051152	0.011702	0.734603	0.329376	0.593186	-0.522454	0.832399	0.184806	-0.432897	-0.445672	0.783567
01243	6.040077	2.026496	7.815231	-0.058235	0.065638	0.019345	0.734787	0.329822	0.592710	-0.522334	0.832602	0.184228	-0.432729	-0.444961	0.784063
01244	5.901910	1.619038	7.656249	-0.033609	0.061413	0.019331	0.734911	0.330396	0.592237	-0.522475	0.832597	0.183854	-0.432350	-0.444545	0.784508
01245	5.883686	1.607292	7.808716	0.039115	0.045057	-0.008479	0.735151	0.330519	0.591870	-0.522571	0.832459	0.184204	-0.431825	-0.444712	0.784703
01246	6.212911	1.501100	7.750228	0.056795	0.049103	-0.024364	0.735493	0.330484	0.591465	-0.522607	0.832302	0.184814	-0.431199	-0.445033	0.784865
01247	6.164938	1.241117	7.731724	0.107942	0.063263	-0.052107	0.736039	0.330325	0.590874	-0.522678	0.832001	0.185962	-0.430180	-0.445712	0.785039
01248	6.259301	1.663865	7.799411	0.143146	0.087433	-0.073334	0.736797	0.330080	0.590066	-0.522740	0.831610	0.187531	-0.428804	-0.446623	0.785274
01249	6.195195	1.862129	7.795117	0.146194	0.104445	-0.076446	0.737645	0.329905	0.589104	-0.522792	0.831217	0.189123	-0.427280	-0.447484	0.785614
01250	6.055139	2.178442	7.876291	0.133174	0.119302	-0.073983	0.738546	0.329897	0.587978	-0.522880	0.830817	0.190630	-0.425614	-0.448231	0.786093
01251	6.018305	2.274267	7.911411	0.118781	0.103780	-0.065364	0.739330	0.329813	0.587039	-0.522891	0.830508	0.191941	-0.424236	-0.448865	0.786476
01252	5.871009	1.977548	8.014769	0.103212	0.094317	-0.052622	0.740006	0.329842	0.586170	-0.522991	0.830177	0.193099	-0.422933	-0.449456	0.786840
01253	5.940441	2.216447	8.041465	0.104852	0.077989	-0.042533	0.740559	0.329833	0.585476	-0.523108	0.829854	0.194167	-0.421817	-0.450059	0.787094
01254	5.877172	2.108789	8.073704	0.083856	0.066860	-0.027994	0.740908	0.330091	0.584889	-0.523458	0.829442	0.194982	-0.420770	-0.450628	0.787329
01255	5.935169	2.065326	8.034889	0.078227	0.059726	-0.017201	0.741250	0.330211	0.584387	-0.523649	0.829154	0.195691	-0.419928	-0.451070	0.787525
01256	5.973412	2.023034	8.165830	0.063178	0.058025	-0.008150	0.741547	0.330462	0.583869	-0.523913	0.828848	0.196283	-0.419074	-0.451449	0.787763
01257	5.876481	1.929316	8.119256	0.071696	0.042563	-0.010405	0.741782	0.330561	0.583515	-0.524125	0.828567	0.196901	-0.418393	-0.451893	0.787871
01258	5.878976	2.059190	8.160654	0.044371	0.019690	0.001962	0.741813	0.330832	0.583321	-0.524493	0.828249	0.197257	-0.417876	-0.452276	0.787925
01259	5.751975	2.322367	8.141445	-0.042421	0.000227	0.047273	0.741568	0.331218	0.583414	-0.524656	0.828293	0.196641	-0.418107	-0.451914	0.788010
01260	5.896668	2.560019	8.110292	-0.114923	-0.018529	0.092295	0.741000	0.331873	0.583763	-0.524860	0.828498	0.195226	-0.418857	-0.451056	0.788104
01261	5.840861	2.369476	8.087141	-0.213473	-0.029375	0.140755	0.740140	0.332900	0.584270	-0.524997	0.828999	0.192714	-0.420205	-0.449375	0.788347
01262	5.823043	2.811768	7.997204	-0.276020	-0.057617	0.189820	0.738864	0.334297	0.585086	-0.525324	0.829551	0.189421	-0.422035	-0.447316	0.788540
01263	5.992743	2.444212	7.951428	-0.358161	-0.047841	0.226447	0.737474	0.335956	0.585889	-0.525469	0.830397	0.185263	-0.424280	-0.444493	0.788931
01264	6.003482	2.181657	7.888266	-0.341501	-0.049560	0.225418	0.736133	0.337577	0.586643	-0.525667	0.831135	0.181352	-0.426359	-0.441878	0.789279
01265	5.916757	1.993880	7.931439	-0.337534	-0.034173	0.229837	0.734780	0.339330	0.587327	-0.525904	0.831852	0.177332	-0.428395	-0.439178	0.789684
01266	5.955116	2.038103	7.950461	-0.341027	-0.030704	0.226007	0.733478	0.341019	0.587976	-0.526064	0.832589	0.173354	-0.430426	-0.436465	0.790084
01267	6.049067	1.814176	7.968812	-0.350712	-0.029853	0.232650	0.732127	0.342819	0.588612	-0.526245	0.833328	0.169207	-0.432499	-0.433636	0.790509
01268	5.941873	1.725891	8.005520	-0.322396	-0.015197	0.213274	0.730974	0.344529	0.589047	-0.526405	0.833980	0.165451	-0.434251	-0.431018	0.790980
01269	5.971972	1.471685	8.056843	-0.324382	-0.012580	0.201357	0.729862	0.346147	0.589478	-0.526454	0.834687	0.161692	-0.436060	-0.428345	0.791437
01270	5.957897	1.513040	7.982132	-0.293782	-0.013555	0.183355	0.728841	0.347637	0.589863	-0.526518	0.835299	0.158286	-0.437686	-0.425939	0.791838
01271	5.804396	1.435574	7.976804	-0.264904	-0.016456	0.173212	0.727859	0.349007	0.590267	-0.526607	0.835829	0.155159	-0.439210	-0.423773	0.792156
01272	6.033029	1.626158	7.928664	-0.253295	-0.024555	0.169497	0.726840	0.350435	0.590677	-0.526840	0.836232	0.152170	-0.440617	-0.421796	0.792430
01273	5.983053	1.216753	7.765974	-0.219500	-0.031191	0.154558	0.725890	0.351589	0.591159	-0.526983	0.836622	0.149511	-0.442010	-0.420059	0.792576
01274	6.052756	1.653883	7.972872	-0.169456	-0.049302	0.150313	0.724856	0.352773	0.591722	-0.527458	0.836715	0.147300	-0.443139	-0.418879	0.792571
01275	6.086868	1.256364	7.907607	-0.155205	-0.048785	0.147659	0.723863	0.353797	0.592326	-0.527827	0.836850	0.145189	-0.444320	-0.417743	0.792509
01276	6.040678	1.138874	7.894516	-0.112685	-0.047147	0.127912	0.722999	0.354661	0.592864	-0.528247	0.836864	0.143572	-0.445228	-0.416981	0.792401
01277	5.930882	1.027270	8.009676	-0.036357	-0.065661	0.104630	0.722156	0.355255	0.593536	-0.528830	0.836653	0.142657	-0.445904	-0.416900	0.792063
01278	5.947569	0.872314	7.950006	0.042362	-0.084340	0.071809	0.721290	0.355743	0.594296	-0.529788	0.836068	0.142530	-0.446168	-0.417656	0.791516
01279	5.920822	1.012785	8.114718	0.117524	-0.112761	0.041855	0.720567	0.355613	0.595249	-0.530602	0.835436	0.143204	-0.446368	-0.419029	0.790677
01280	6.107150	0.974506	8.026003	0.142846	-0.148614	0.016576	0.719831	0.355054	0.596472	-0.531276	0.834835	0.144210	-0.446754	-0.420698	0.789572
01281	5.933571	1.811001	7.958184	0.136917	-0.183755	0.022269	0.718894	0.354457	0.597956	-0.532036	0.834188	0.145151	-0.447357	-0.422482	0.788277
01282	6.092951	2.165745	7.714341	0.048707	-0.215721	0.077686	0.717440	0.354465	0.599695	-0.533082	0.833534	0.145067	-0.448445	-0.423764	0.786970
01283	6.192596	2.315740	7.999858	0.005498	-0.214360	0.122908	0.715824	0.354572	0.601560	-0.533976	0.833084	0.144366	-0.449962	-0.424559	0.785674
01284	6.274458	1.655109	7.973920	-0.046016	-0.213132	0.159888	0.714010	0.355111	0.603396	-0.535007	0.832648	0.143054	-0.451616	-0.424963	0.784506
01285	6.465469	1.962206	8.010858	-0.031409	-0.174337	0.188682	0.712214	0.355932	0.605032	-0.536199	0.832120	0.141662	-0.453037	-0.425311	0.783497
01286	6.654380	1.759361	7.741727	-0.055425	-0.140589	0.226527	0.710348	0.357192	0.606481	-0.537518	0.831582	0.139806	-0.454401	-0.425306	0.782710
01287	6.726255	2.002347	7.651466	-0.063156	-0.092859	0.252877	0.708567	0.358891	0.607560	-0.539013	0.830954	0.137771	-0.455410	-0.425103	0.782234
01288	5.687777	2.433394	8.361879	-0.103836	0.003593	0.318843	0.706821	0.361632	0.607969	-0.540884	0.830190	0.135015	-0.455905	-0.424272	0.782396
01289	6.274834	2.064379	7.637952	-0.104288	-0.057398	0.386786	0.704466	0.364589	0.608936	-0.543125	0.829237	0.131840	-0.456885	-0.423604	0.782187
01290	6.478727	1.352148	8.121752	-0.124139	0.064360	0.427018	0.702378	0.368524	0.608978	-0.545669	0.828134	0.128212	-0.457066	-0.422354	0.782756
01291	4.851899	0.334805	8.317955	0.370488	-0.007630	0.522472	0.699482	0.372801	0.609708	-0.551008	0.824637	0.127922	-0.455098	-0.425433	0.782235
01292	4.757253	3.062484	10.935239	0.290838	-0.252419	0.489458	0.695517	0.376043	0.612248	-0.556047	0.821361	0.127193	-0.455047	-0.428904	0.780368
01293	4.168135	-0.863992	8.826249	0.121312	-0.909275	0.506453	0.688531	0.376268	0.619958	-0.560095	0.818942	0.125010	-0.460672	-0.433308	0.774613
01294	7.408572	1.272057	7.800475	0.601624	-0.952331	0.419546	0.681855	0.375450	0.627783	-0.565641	0.814804	0.127061	-0.463815	-0.441737	0.767948
01295	6.570232	0.181276	8.145188	0.571943	-0.707743	0.403802	0.676276	0.375571	0.633717	-0.571027	0.810750	0.128886	-0.465380	-0.449032	0.762752
01296	5.094980	0.512493	9.111733	0.882644	-0.916456	0.305797	0.670287	0.373901	0.641025	-0.577191	0.805599	0.133645	-0.466439	-0.459575	0.755795
01297	5.072021	0.498484	9.349171	1.031685	-1.245109	0.261732	0.662950	0.370191	0.650735	-0.583748	0.799827	0.139698	-0.468761	-0.472478	0.746343
01298	5.075395	1.334697	9.418741	1.169925	-1.679191	0.264433	0.653407	0.364586	0.663428	-0.591303	0.793018	0.146570	-0.472673	-0.488057	0.733744
01299	5.711278	1.583450	9.070667	1.168170	-2.028173	0.362219	0.641605	0.357370	0.678697	-0.599194	0.785923	0.152616	-0.478863	-0.504591	0.718386
01300	5.296133	2.369654	10.170570	0.991545	-2.456286	0.507518	0.626733	0.348561	0.696929	-0.606972	0.779240	0.156108	-0.488662	-0.520854	0.699943
01301	4.274678	1.545780	10.135670	0.720517	-3.184626	0.810174	0.605979	0.337988	0.720107	-0.615529	0.772658	0.155322	-0.503899	-0.537368	0.676256
01302	1.747358	0.471502	9.723930	0.797981	-4.369939	0.772178	0.578733	0.320033	0.750098	-0.624196	0.765763	0.154878	-0.524832	-0.557841	0.642935
01303	4.622455	-0.100228	8.823424	1.604192	-5.433751	0.828412	0.544430	0.295216	0.785139	-0.637421	0.754042	0.158476	-0.545244	-0.586744	0.598700
01304	7.345677	4.146243	8.761448	1.765297	-6.218829	1.005838	0.503405	0.265247	0.822330	-0.652380	0.740714	0.160445	-0.566554	-0.617241	0.545921
01305	7.832890	4.632874	9.818982	0.677955	-6.345248	1.374313	0.457580	0.235528	0.857407	-0.662903	0.733027	0.152417	-0.592604	-0.638121	0.491550
01306	8.297354	2.897930	9.261376	0.731051	-6.724891	1.649539	0.405835	0.203774	0.890940	-0.674020	0.725096	0.141183	-0.617247	-0.657809	0.431617
01307	10.206919	4.294616	9.914908	0.512246	-6.985252	1.931598	0.348778	0.171154	0.921445	-0.684520	0.718071	0.125721	-0.640145	-0.674596	0.367606
01308	11.774958	2.265573	8.703417	0.313427	-7.006050	2.055975	0.289065	0.137860	0.947331	-0.692580	0.713281	0.107531	-0.660889	-0.687186	0.301664
01309	12.124501	2.476678	9.594588	0.813163	-7.116164	1.985350	0.227703	0.102507	0.968320	-0.703128	0.705257	0.090684	-0.673619	-0.701502	0.232665
01310	13.184893	4.163877	10.343870	1.148669	-7.046423	1.929255	0.166047	0.065825	0.983918	-0.714247	0.695973	0.073976	-0.679911	-0.715045	0.162579
01311	14.042334	3.809205	11.137627	1.120628	-6.913204	1.983056	0.104709	0.029699	0.994059	-0.724551	0.686958	0.055797	-0.681220	-0.726090	0.093449
01312	13.019218	2.998266	10.938602	0.970440	-6.853408	2.136442	0.041956	-0.005894	0.999102	-0.732394	0.679993	0.034767	-0.679587	-0.733195	0.024213
01313	12.014527	4.278220	12.670523	0.731525	-6.921098	2.302977	-0.021869	-0.041173	0.998913	-0.737572	0.675168	0.011681	-0.674915	-0.736514	-0.045133
01314	11.278720	4.286152	14.422028	0.167749	-6.821696	2.122011	-0.083749	-0.076952	0.993511	-0.737614	0.675150	-0.009884	-0.670009	-0.733655	-0.113305
01315	8.459227	5.409827	16.421447	-0.366805	-5.582878	1.190120	-0.129830	-0.109655	0.985454	-0.733881	0.678949	-0.021137	-0.666756	-0.725950	-0.168621
01316	-16.172135	1.742629	7.474256	-2.872707	-5.601237	1.194136	-0.176130	-0.141179	0.974190	-0.712885	0.700748	-0.027335	-0.678803	-0.699300	-0.224067
01317	43.760643	9.318398	6.418664	5.775869	-8.999385	0.747916	-0.239997	-0.200161	0.949914	-0.748800	0.660913	-0.049921	-0.617818	-0.723277	-0.308498
01318	35.820517	12.502611	25.440941	-3.988733	2.494551	1.132489	-0.232274	-0.174554	0.956859	-0.720983	0.691224	-0.048920	-0.652865	-0.701242	-0.286403
01319	8.523861	-6.268995	19.176515	2.436582	2.210260	-0.481166	-0.214471	-0.162117	0.963182	-0.737802	0.673088	-0.050996	-0.640039	-0.721575	-0.263968
01320	15.676623	20.448655	18.156111	1.078542	2.929883	-1.736088	-0.182587	-0.152092	0.971355	-0.748445	0.662163	-0.037006	-0.637567	-0.733763	-0.234735
01321	4.357015	3.741626	8.510075	-1.703161	3.913477	0.212665	-0.158830	-0.122073	0.979730	-0.737048	0.674913	-0.035394	-0.656912	-0.727730	-0.197170
01322	3.546584	1.622609	7.661877	-0.694699	4.062421	-0.299690	-0.129434	-0.094183	0.987105	-0.733203	0.679287	-0.031328	-0.667577	-0.727804	-0.156978
01323	4.719532	2.379455	8.421749	-0.801411	4.391585	-0.231230	-0.098181	-0.063841	0.993119	-0.728062	0.684941	-0.027947	-0.678444	-0.725796	-0.113728
01324	6.403801	1.848966	8.939056	-0.876404	4.771066	-0.203201	-0.063822	-0.030267	0.997502	-0.722589	0.690816	-0.025271	-0.688325	-0.722397	-0.065960
01325	7.623176	1.562368	9.099416	-0.914511	5.139749	-0.269092	-0.026268	0.004853	0.999643	-0.716363	0.697374	-0.022210	-0.697233	-0.716691	-0.014842
01326	7.343216	1.488144	8.243629	-1.054300	5.654048	-0.351727	0.016134	0.043181	0.998937	-0.709375	0.704575	-0.019000	-0.704646	-0.708315	0.041999
01327	4.655401	0.451376	7.500698	-1.061697	6.056346	-0.388989	0.061726	0.082991	0.994637	-0.701702	0.712294	-0.015886	-0.709792	-0.696958	0.102202
01328	4.193500	-1.081808	7.029211	-0.755028	6.109989	-0.540568	0.109089	0.121957	0.986522	-0.696297	0.717658	-0.011723	-0.709415	-0.685634	0.163207
01329	4.585996	-0.958509	6.161867	-0.349559	6.129385	-0.860799	0.158391	0.157460	0.974740	-0.692664	0.721250	-0.003956	-0.703654	-0.674541	0.223306
01330	3.826111	-0.109156	5.490939	-0.084929	6.098186	-1.112252	0.208833	0.190901	0.959138	-0.690468	0.723335	0.006367	-0.692562	-0.663584	0.282867
01331	2.905312	0.795261	5.062163	0.044126	5.941995	-1.275451	0.258369	0.220747	0.940487	-0.687780	0.725680	0.018618	-0.678383	-0.651659	0.339319
01332	2.845025	1.658272	5.255474	-0.056253	5.626265	-1.355881	0.305515	0.247905	0.919350	-0.684028	0.728806	0.030789	-0.662395	-0.638267	0.392234
01333	3.729981	1.144315	5.621640	-0.255540	5.273535	-1.386963	0.349493	0.271017	0.896886	-0.677801	0.734026	0.042316	-0.646870	-0.622700	0.440233
01334	5.119778	0.063723	6.584454	-0.329921	5.041131	-1.390625	0.391135	0.292516	0.872610	-0.670998	0.739573	0.052846	-0.629901	-0.606190	0.485551
01335	6.699045	-0.506530	7.635920	-0.242647	4.948832	-1.423206	0.431351	0.311542	0.846686	-0.663629	0.745332	0.063843	-0.611173	-0.589425	0.528248
01336	6.881294	-1.252245	8.701990	-0.159185	4.870464	-1.404988	0.469909	0.330145	0.818651	-0.656809	0.750377	0.074399	-0.589735	-0.572658	0.569452
01337	7.423217	0.063835	9.322248	0.052935	4.644603	-1.363591	0.505685	0.346134	0.790236	-0.650456	0.754697	0.085670	-0.566736	-0.557335	0.606785
01338	8.883104	0.453804	9.593633	0.028997	4.417985	-1.069730	0.537118	0.363174	0.761320	-0.645523	0.757952	0.093855	-0.542958	-0.541861	0.641547
01339	12.139009	0.103317	11.791262	0.157532	4.376731	-0.785289	0.565392	0.380609	0.731757	-0.642024	0.760037	0.100741	-0.517820	-0.526764	0.674079
01340	15.103648	-1.035263	13.200598	0.380680	4.667628	-0.587272	0.592569	0.401235	0.698479	-0.641029	0.759984	0.107264	-0.487795	-0.511307	0.707546
01341	15.677950	-0.151766	12.828922	0.753851	4.944820	-0.395962	0.618374	0.423163	0.662228	-0.642175	0.757822	0.115401	-0.453017	-0.496628	0.740362
01342	14.267448	0.752472	11.716880	0.956435	5.079979	-0.204802	0.641605	0.447316	0.623098	-0.645521	0.753668	0.123642	-0.414302	-0.481553	0.772309
01343	13.419571	1.139160	10.308333	1.025473	4.922462	-0.110486	0.661763	0.469838	0.584228	-0.648851	0.749315	0.132360	-0.375584	-0.466668	0.800724
01344	12.608719	1.026593	8.433370	0.970597	4.520460	-0.083994	0.678278	0.490782	0.546875	-0.652219	0.744909	0.140431	-0.338451	-0.451933	0.825353
01345	12.456165	0.351712	7.122837	0.885123	3.940411	-0.085682	0.691527	0.507707	0.513832	-0.654484	0.741397	0.148260	-0.305680	-0.438821	0.844982
01346	14.298420	0.124972	7.420642	0.859390	3.329655	-0.110697	0.701739	0.522061	0.484783	-0.656650	0.737914	0.155866	-0.276357	-0.427710	0.860634
01347	18.095025	-0.583378	9.333485	0.923923	2.925321	-0.165928	0.710520	0.533236	0.459152	-0.657911	0.734879	0.164640	-0.249629	-0.419061	0.872968
01348	21.776833	-1.131899	10.214927	1.100781	2.932832	-0.363233	0.719593	0.543418	0.432299	-0.658302	0.731967	0.175678	-0.220962	-0.410999	0.884452
01349	24.385975	0.270165	10.691674	1.299288	3.201188	-0.651607	0.730437	0.551696	0.402609	-0.656247	0.730247	0.189944	-0.189213	-0.402953	0.895448
01350	25.679616	0.203564	9.396718	1.353733	3.591033	-0.842691	0.741893	0.560401	0.368165	-0.652705	0.729303	0.205167	-0.153528	-0.392515	0.906841
01351	24.798584	0.431279	6.023070	1.368731	3.930437	-0.948342	0.753335	0.568687	0.330276	-0.647461	0.729366	0.220949	-0.115242	-0.380289	0.917660
01352	22.164041	-0.544264	1.802571	1.465786	4.165930	-0.976216	0.763375	0.577571	0.289257	-0.641715	0.729303	0.237315	-0.073890	-0.366781	0.927368
01353	20.479610	-1.692679	-1.807494	1.710133	3.931227	-1.021445	0.771985	0.584353	0.250142	-0.634794	0.729052	0.255968	-0.032791	-0.356393	0.933761
01354	20.154673	-3.085467	-6.806063	2.248923	3.519587	-1.377236	0.780919	0.587095	0.213272	-0.624568	0.729032	0.280049	0.008933	-0.351899	0.935996
01355	19.900177	-2.246454	-12.105319	2.818702	2.955303	-1.968730	0.792184	0.583188	0.179825	-0.608267	0.730584	0.310254	0.049559	-0.355159	0.933491
01356	18.769434	-0.094113	-14.873833	3.000951	2.132848	-2.457684	0.805335	0.573060	0.151783	-0.586741	0.733934	0.342164	0.084682	-0.364614	0.927300
01357	20.413515	5.051734	-15.523150	2.058693	0.963254	-2.473535	0.818657	0.558399	0.134129	-0.564721	0.740320	0.364715	0.104358	-0.374322	0.921408
01358	20.155492	4.267788	-15.127918	0.391383	-0.051914	-1.815168	0.828803	0.544735	0.127863	-0.549374	0.748851	0.370690	0.106177	-0.377474	0.919913
01359	17.589008	1.295445	-13.295699	-0.708487	-1.043416	-1.399110	0.837447	0.530261	0.132310	-0.538438	0.759045	0.365972	0.093631	-0.377722	0.921173
01360	12.497294	0.329432	-4.235499	-1.340592	-3.747449	0.042056	0.840053	0.516162	0.166998	-0.539714	0.763970	0.353636	0.054952	-0.387204	0.920355
01361	-6.233374	-0.981442	-3.518165	-0.946356	-1.978752	0.907049	0.835985	0.515411	0.188364	-0.547746	0.762968	0.343298	0.033224	-0.390168	0.920144
01362	-11.593898	3.670847	35.089931	0.190825	-5.035700	1.053227	0.830880	0.502950	0.238077	-0.556398	0.756869	0.342885	-0.007739	-0.417362	0.908708
01363	23.065497	20.268030	17.168522	-0.388675	-4.953059	-0.052764	0.829710	0.481358	0.282623	-0.555857	0.758793	0.339494	-0.051034	-0.438780	0.897144
01364	22.248849	15.244844	7.947697	-4.061366	-0.740987	1.335637	0.821810	0.488270	0.293632	-0.564122	0.769628	0.299065	-0.079963	-0.411419	0.907932
01365	-13.711052	-13.697621	0.508941	-1.771608	-2.743408	0.254499	0.817728	0.478970	0.319232	-0.564514	0.775682	0.282209	-0.112453	-0.410981	0.904682
01366	9.260722	3.735467	2.760786	0.536393	-5.572090	-2.796986	0.825827	0.433217	0.361016	-0.542109	0.786212	0.296628	-0.155331	-0.440674	0.884126
01367	22.704160	3.402505	17.267053	-1.138205	-3.627961	0.014584	0.819453	0.417242	0.392945	-0.540265	0.791204	0.286549	-0.191340	-0.447108	0.873776
01368	10.597928	-17.632354	13.415614	-1.472993	-2.811679	1.440260	0.805868	0.415862	0.421467	-0.548785	0.791843	0.267993	-0.222288	-0.447262	0.866340
01369	7.623921	-6.716043	10.272407	0.481293	-3.322416	0.153699	0.797234	0.401943	0.450400	-0.551151	0.789021	0.271436	-0.246274	-0.464636	0.850566
01370	22.995802	5.306438	15.072284	-0.377138	-2.959975	1.199737	0.782922	0.397405	0.478647	-0.559596	0.786021	0.262722	-0.271819	-0.473540	0.837779
01371	3.941310	8.379053	5.698273	-0.491547	-1.666753	0.230456	0.776965	0.391318	0.493148	-0.560025	0.787449	0.257481	-0.287572	-0.476229	0.830968
01372	10.697238	7.152766	7.439790	-0.535945	-2.208238	0.923609	0.765238	0.387846	0.513795	-0.565440	0.786472	0.248477	-0.307715	-0.480664	0.821142
01373	11.480292	2.989294	11.839750	-0.643871	-1.289694	1.020676	0.755378	0.389685	0.526829	-0.571180	0.785601	0.237876	-0.321181	-0.480601	0.816006
01374	4.316237	-0.879738	8.015386	-0.844724	-1.071323	0.901307	0.746755	0.391419	0.537725	-0.575045	0.786204	0.226291	-0.334187	-0.478200	0.812185
01375	8.448003	4.487580	10.373625	-0.183773	-1.284684	0.591043	0.738980	0.389910	0.549435	-0.578815	0.784779	0.221572	-0.344792	-0.481759	0.805622
01376	7.545064	0.700824	8.778341	-0.800611	-0.824119	0.683332	0.732180	0.391113	0.557623	-0.580906	0.786030	0.211435	-0.355613	-0.478735	0.802715
01377	7.592553	1.610249	9.040300	-0.293388	-0.798374	0.398726	0.726987	0.390436	0.564845	-0.582764	0.785880	0.206829	-0.363147	-0.479533	0.798857
01378	9.705341	-0.557491	9.484815	-0.366275	-0.347790	0.282797	0.724114	0.390790	0.568280	-0.583345	0.786607	0.202382	-0.367925	-0.478051	0.797558
01379	5.700400	1.095118	7.494575	0.164584	-0.408707	0.039574	0.722371	0.389155	0.571610	-0.584241	0.785666	0.203448	-0.369922	-0.480923	0.794903
01380	6.781656	2.395396	7.993009	-0.070061	-0.213723	0.055982	0.721290	0.388376	0.573502	-0.584264	0.785858	0.202641	-0.371990	-0.481240	0.793745
01381	5.970972	1.030467	8.204346	0.138435	-0.241513	0.014986	0.720299	0.387343	0.575443	-0.584890	0.785135	0.203634	-0.372924	-0.483248	0.792085
01382	5.995885	2.497309	7.915382	0.161774	-0.226524	-0.014995	0.719577	0.385941	0.577285	-0.585268	0.784479	0.205068	-0.373724	-0.485429	0.790372
01383	5.792022	2.536242	8.163199	0.125493	-0.235533	0.004326	0.718667	0.384842	0.579149	-0.585771	0.783856	0.206016	-0.374686	-0.487305	0.788761
01384	5.939340	2.701321	7.910331	0.114813	-0.254913	0.019727	0.717632	0.383562	0.581279	-0.586223	0.783291	0.206875	-0.375961	-0.489219	0.786967
01385	6.051806	2.678735	8.027065	0.100576	-0.221950	0.032359	0.716604	0.382741	0.583086	-0.586836	0.782678	0.207459	-0.376965	-0.490842	0.785476
01386	6.143025	2.050769	7.749586	0.093429	-0.214967	0.042021	0.715583	0.381818	0.584940	-0.587367	0.782131	0.208018	-0.378075	-0.492429	0.783947
01387	6.110310	2.280521	7.806027	0.088040	-0.199625	0.051118	0.714524	0.381246	0.586606	-0.588067	0.781505	0.208390	-0.378988	-0.493863	0.782603
01388	5.870384	2.635328	7.693635	0.033242	-0.222286	0.100242	0.713128	0.380736	0.588633	-0.588787	0.781032	0.208132	-0.380498	-0.495004	0.781148
01389	6.195567	3.270574	7.770682	-0.080261	-0.208557	0.181402	0.711261	0.381133	0.590632	-0.589774	0.780742	0.206418	-0.382459	-0.495156	0.780093
01390	6.246196	2.610718	7.676966	-0.220314	-0.161237	0.268263	0.709099	0.382228	0.592520	-0.590706	0.780885	0.203188	-0.385026	-0.494086	0.779509
01391	6.254895	2.251503	7.691581	-0.240205	-0.108515	0.284976	0.706992	0.383930	0.593935	-0.591798	0.780982	0.199607	-0.387217	-0.492610	0.779357
