// General information: 
//  MT Manager version: 2022.2.0 
//  XDA version: 2022.2.0 build 7381 rev 124627 built on 2023-07-19
// Device information: 
//  DeviceId: 00B4CB9F
//  ProductCode: MTW2-3A7G6
//  Firmware Version: 4.6.0
//  Hardware Version: 2.0.0
// Device settings: 
//  Filter Profile: human(46.1)
//  Option Flags: Orientation Smoother Disabled, Position/Velocity Smoother Disabled, Continuous Zero Rotation Update Disabled, AHS Disabled, ICC Disabled
// Coordinate system: ENU
PacketCounter	Acc_X	Acc_Y	Acc_Z	Gyr_X	Gyr_Y	Gyr_Z	Mat[1][1]	Mat[2][1]	Mat[3][1]	Mat[1][2]	Mat[2][2]	Mat[3][2]	Mat[1][3]	Mat[2][3]	Mat[3][3]
62269	9.759787	0.431455	-0.202685	-0.112117	0.051873	0.026546	0.001587	0.079319	0.996848	0.522158	-0.850227	0.066821	0.852847	0.520406	-0.042766
62270	9.825507	0.345614	-0.132326	-0.093392	0.048824	0.024641	0.001358	0.078830	0.996887	0.521384	-0.850722	0.066561	0.853321	0.519671	-0.042256
62271	9.878507	0.291962	-0.063232	-0.065854	0.049903	0.021541	0.001065	0.078441	0.996918	0.520564	-0.851235	0.066422	0.853822	0.518889	-0.041740
62272	9.863952	0.248689	-0.004532	-0.044834	0.053188	0.021165	0.000780	0.077960	0.996956	0.520204	-0.851474	0.066176	0.854041	0.518569	-0.041219
62273	9.830883	0.271092	0.010678	-0.028844	0.055987	0.019748	0.000498	0.077491	0.996993	0.520252	-0.851465	0.065920	0.854012	0.518655	-0.040739
62274	9.845656	0.310282	-0.036976	-0.014371	0.059843	0.021538	0.000159	0.076972	0.997033	0.520153	-0.851545	0.065657	0.854073	0.518600	-0.040172
62275	9.841140	0.380445	-0.043141	0.007779	0.072095	0.015636	-0.000340	0.076406	0.997077	0.520471	-0.851370	0.065418	0.853879	0.518972	-0.039478
62276	9.775468	0.443409	-0.115674	0.011632	0.082342	0.015674	-0.000902	0.075820	0.997121	0.520594	-0.851311	0.065204	0.853804	0.519155	-0.038704
62277	9.729933	0.494830	-0.213696	0.020205	0.078873	0.015491	-0.001538	0.075172	0.997169	0.520892	-0.851147	0.064967	0.853621	0.519518	-0.037847
62278	9.745099	0.534291	-0.259492	0.029481	0.079555	0.018927	-0.002059	0.074571	0.997214	0.521169	-0.850997	0.064714	0.853451	0.519850	-0.037112
62279	9.727219	0.598056	-0.295949	0.036620	0.074929	0.017584	-0.002576	0.073998	0.997255	0.521590	-0.850757	0.064475	0.853192	0.520324	-0.036405
62280	9.682690	0.667967	-0.380208	0.045552	0.068558	0.025816	-0.002967	0.073396	0.997298	0.522004	-0.850528	0.064147	0.852938	0.520784	-0.035789
62281	9.678096	0.718013	-0.402184	0.051080	0.058422	0.025423	-0.003268	0.072881	0.997335	0.522501	-0.850245	0.063844	0.852632	0.521317	-0.035302
62282	9.679029	0.734520	-0.382779	0.046212	0.040271	0.027698	-0.003407	0.072410	0.997369	0.522921	-0.850013	0.063498	0.852375	0.521761	-0.034968
62283	9.712494	0.707153	-0.389313	0.047330	0.027229	0.027606	-0.003484	0.072009	0.997398	0.523303	-0.849801	0.063181	0.852140	0.522161	-0.034722
62284	9.674812	0.578195	-0.383744	0.043731	0.007527	0.033731	-0.003313	0.071657	0.997424	0.523701	-0.849586	0.062775	0.851895	0.522560	-0.034712
62285	9.628855	0.408820	-0.368559	0.056510	-0.019445	0.040851	-0.002892	0.071424	0.997442	0.524127	-0.849356	0.062339	0.851635	0.522966	-0.034979
62286	9.568511	0.213222	-0.401589	0.087621	-0.041119	0.043226	-0.002256	0.071246	0.997456	0.524899	-0.848917	0.061824	0.851162	0.523703	-0.035482
62287	9.614415	-0.031883	-0.376478	0.133378	-0.052924	0.045887	-0.001560	0.071095	0.997468	0.526045	-0.848246	0.061282	0.850455	0.524809	-0.036076
62288	9.718417	-0.342080	-0.228818	0.204339	-0.052948	0.036860	-0.000857	0.071035	0.997473	0.527807	-0.847186	0.060786	0.849364	0.526526	-0.036767
62289	9.868973	-0.490692	-0.210898	0.291014	-0.045602	0.035209	-0.000307	0.070908	0.997483	0.530282	-0.845675	0.060279	0.847821	0.528966	-0.037342
62290	10.000448	-0.405158	-0.175069	0.395787	-0.030522	0.033186	0.000187	0.070764	0.997493	0.533658	-0.843587	0.059746	0.845700	0.532309	-0.037922
62291	10.076714	-0.152472	-0.072763	0.499124	-0.003124	0.034498	0.000378	0.070451	0.997515	0.537690	-0.841062	0.059198	0.843143	0.536331	-0.038199
62292	10.078095	0.274222	0.004287	0.561554	0.014823	0.039818	0.000527	0.070013	0.997546	0.542440	-0.838053	0.058532	0.840095	0.541078	-0.038420
62293	10.055921	0.595874	0.017182	0.570997	0.039317	0.040351	0.000446	0.069434	0.997586	0.547192	-0.835004	0.057873	0.837007	0.545846	-0.038366
62294	10.077214	0.991355	0.049684	0.534917	0.051095	0.039354	0.000294	0.068802	0.997630	0.551685	-0.832087	0.057222	0.834052	0.550361	-0.038201
62295	9.981551	1.315920	-0.025416	0.464953	0.057136	0.041690	0.000015	0.068114	0.997678	0.555245	-0.829756	0.056641	0.831687	0.553954	-0.037832
62296	9.856477	1.391229	-0.048017	0.354257	0.038697	0.046833	0.000013	0.067487	0.997720	0.558211	-0.827808	0.055987	0.829699	0.556937	-0.037683
62297	9.730999	1.255073	-0.154159	0.247263	0.024958	0.057179	0.000141	0.066845	0.997763	0.560219	-0.826497	0.055292	0.828345	0.558958	-0.037565
62298	9.645123	1.101079	-0.195642	0.146895	0.010468	0.065361	0.000480	0.066223	0.997805	0.561458	-0.825707	0.054531	0.827505	0.560199	-0.037578
62299	9.658626	0.891800	-0.247326	0.073395	0.009100	0.055755	0.000763	0.065692	0.997840	0.562117	-0.825300	0.053903	0.827058	0.560861	-0.037556
62300	9.664138	0.663935	-0.270427	0.031279	0.012212	0.053738	0.001023	0.065157	0.997875	0.562398	-0.825147	0.053302	0.826866	0.561148	-0.037488
62301	9.673972	0.547102	-0.322982	0.000716	0.009632	0.045333	0.001353	0.064790	0.997898	0.562491	-0.825115	0.052809	0.826802	0.561237	-0.037560
62302	9.712790	0.477155	-0.400146	-0.025630	0.007345	0.039325	0.001573	0.064401	0.997923	0.562302	-0.825272	0.052373	0.826931	0.561051	-0.037511
62303	9.711556	0.433852	-0.427795	-0.038537	-0.001124	0.033297	0.001812	0.064155	0.997938	0.561813	-0.825625	0.052057	0.827262	0.560560	-0.037539
62304	9.723195	0.378776	-0.439200	-0.039191	-0.002058	0.030828	0.002061	0.063889	0.997955	0.561511	-0.825852	0.051711	0.827467	0.560256	-0.037576
62305	9.746277	0.271906	-0.462145	-0.031136	-0.002124	0.026096	0.002280	0.063693	0.997967	0.561206	-0.826076	0.051440	0.827673	0.559948	-0.037628
62306	9.762987	0.185963	-0.429438	-0.008136	-0.002219	0.024068	0.002492	0.063484	0.997980	0.561161	-0.826124	0.051150	0.827703	0.559900	-0.037684
62307	9.816616	0.165210	-0.448832	0.039166	-0.000538	0.024953	0.002595	0.063208	0.997997	0.561490	-0.825920	0.050849	0.827480	0.560233	-0.037634
62308	9.860265	0.236390	-0.428507	0.074489	0.002897	0.021644	0.002752	0.062990	0.998010	0.562128	-0.825504	0.050552	0.827046	0.560871	-0.037680
62309	9.820432	0.259767	-0.378087	0.112552	0.011092	0.024959	0.002773	0.062674	0.998030	0.562979	-0.824943	0.050240	0.826467	0.561731	-0.037571
62310	9.882985	0.306645	-0.282073	0.152349	0.010539	0.032028	0.002925	0.062327	0.998051	0.564259	-0.824094	0.049810	0.825593	0.563014	-0.037579
62311	9.931164	0.325306	-0.230469	0.173943	0.021625	0.036341	0.003000	0.061891	0.998078	0.565716	-0.823122	0.049341	0.824594	0.564481	-0.037482
62312	9.942184	0.420114	-0.199984	0.194237	0.039841	0.042119	0.002969	0.061296	0.998115	0.567338	-0.822038	0.048795	0.823480	0.566124	-0.037217
62313	9.886094	0.525342	-0.179600	0.201969	0.062178	0.042247	0.002679	0.060575	0.998160	0.568797	-0.821058	0.048300	0.822473	0.567621	-0.036655
62314	9.781363	0.587884	-0.222481	0.187124	0.070599	0.042152	0.002398	0.059805	0.998207	0.570357	-0.820008	0.047759	0.821394	0.569220	-0.036076
62315	9.711086	0.665440	-0.245627	0.171478	0.068068	0.036464	0.002097	0.059141	0.998247	0.571569	-0.819187	0.047332	0.820551	0.570469	-0.035521
62316	9.650705	0.650799	-0.307827	0.158417	0.060325	0.034268	0.001857	0.058494	0.998286	0.572890	-0.818290	0.046881	0.819630	0.571821	-0.035030
62317	9.645436	0.657929	-0.362023	0.141137	0.050581	0.029142	0.001637	0.057956	0.998318	0.573988	-0.817541	0.046520	0.818862	0.572946	-0.034604
62318	9.656340	0.582244	-0.383109	0.128576	0.033769	0.026320	0.001570	0.057525	0.998343	0.575062	-0.816807	0.046161	0.818108	0.574036	-0.034363
62319	9.798371	0.435988	-0.308117	0.124133	0.029219	0.026174	0.001526	0.057128	0.998366	0.576088	-0.816102	0.045818	0.817386	0.575077	-0.034156
62320	9.922516	0.363880	-0.166555	0.147270	0.042551	0.028350	0.001400	0.056630	0.998394	0.577313	-0.815258	0.045432	0.816522	0.576322	-0.033835
62321	9.852430	0.410856	-0.320875	0.177721	0.030595	0.025238	0.001373	0.056257	0.998415	0.578714	-0.814283	0.045086	0.815529	0.577735	-0.033674
62322	9.939518	0.535918	-0.294282	0.198148	0.033427	0.015524	0.001249	0.055916	0.998435	0.580350	-0.813133	0.044812	0.814366	0.579386	-0.033466
62323	9.903133	0.338572	-0.260793	0.202271	0.044050	0.008217	0.000964	0.055568	0.998454	0.582011	-0.811956	0.044626	0.813180	0.581068	-0.033124
62324	9.657635	0.362555	-0.545656	0.216599	0.026054	-0.007329	0.000769	0.055454	0.998461	0.583792	-0.810678	0.044575	0.811903	0.582860	-0.032997
62325	9.680617	0.344754	-0.783535	0.231193	0.006588	-0.030415	0.000666	0.055708	0.998447	0.585584	-0.809375	0.044768	0.810611	0.584645	-0.033160
62326	9.576935	0.280663	-0.855920	0.238677	0.006582	-0.040794	0.000432	0.055978	0.998432	0.587539	-0.807941	0.045044	0.809196	0.586598	-0.033238
62327	9.502129	0.122421	-0.875380	0.249153	-0.000162	-0.042361	0.000155	0.056286	0.998415	0.589470	-0.806515	0.045376	0.807790	0.588528	-0.033304
62328	9.652424	0.020719	-0.815642	0.286276	-0.013313	-0.038292	0.000095	0.056652	0.998394	0.591801	-0.804793	0.045610	0.806084	0.590846	-0.033604
62329	9.759404	0.190289	-0.678799	0.335056	-0.009605	-0.030155	-0.000018	0.056943	0.998377	0.594331	-0.802915	0.045806	0.804220	0.593368	-0.033829
62330	9.786150	0.499557	-0.666840	0.358113	-0.027553	-0.018788	0.000150	0.057238	0.998361	0.597229	-0.800761	0.045819	0.802071	0.596243	-0.034304
62331	9.744856	0.797725	-0.684110	0.341685	-0.040404	-0.013244	0.000521	0.057634	0.998338	0.599817	-0.798825	0.045803	0.800137	0.598797	-0.034986
62332	9.704447	0.998665	-0.597107	0.295530	-0.051309	-0.009057	0.000935	0.057994	0.998316	0.602200	-0.797034	0.045737	0.798345	0.601144	-0.035670
62333	9.650163	1.053330	-0.460415	0.239350	-0.054454	-0.013688	0.001415	0.058488	0.998287	0.603946	-0.795711	0.045763	0.797024	0.602846	-0.036449
62334	9.647411	1.028142	-0.380363	0.177081	-0.055374	-0.022889	0.001777	0.058985	0.998257	0.605377	-0.794616	0.045874	0.795937	0.604240	-0.037120
62335	9.713835	0.918730	-0.166427	0.131290	-0.050639	-0.030493	0.002084	0.059598	0.998220	0.606080	-0.794064	0.046144	0.795401	0.604905	-0.037776
62336	9.701949	0.800807	-0.208367	0.086798	-0.053084	-0.039376	0.002326	0.060213	0.998183	0.606791	-0.793503	0.046452	0.794858	0.605580	-0.038383
62337	9.720768	0.733265	-0.377780	0.040698	-0.061061	-0.047044	0.002614	0.060977	0.998136	0.607035	-0.793291	0.046873	0.794671	0.605781	-0.039089
62338	9.678046	0.530921	-0.418618	0.006061	-0.065611	-0.054684	0.002863	0.061790	0.998085	0.607105	-0.793209	0.047365	0.794616	0.605807	-0.039783
62339	9.749245	0.302730	-0.423251	-0.010142	-0.056303	-0.051956	0.003059	0.062550	0.998037	0.607008	-0.793254	0.047855	0.794690	0.605670	-0.040394
62340	9.754883	0.126016	-0.413709	-0.009177	-0.051819	-0.055612	0.003192	0.063286	0.997990	0.606957	-0.793262	0.048362	0.794729	0.605582	-0.040944
62341	9.779060	0.067291	-0.409881	0.006222	-0.053834	-0.051331	0.003505	0.064072	0.997939	0.606921	-0.793263	0.048799	0.794755	0.605499	-0.041667
62342	9.792456	0.081340	-0.384868	0.032931	-0.053275	-0.043759	0.003722	0.064723	0.997896	0.607204	-0.793023	0.049170	0.794537	0.605743	-0.042252
62343	9.768385	0.169734	-0.386188	0.046852	-0.052405	-0.035881	0.003965	0.065354	0.997854	0.607455	-0.792809	0.049511	0.794344	0.605956	-0.042843
62344	9.774814	0.185520	-0.319270	0.076701	-0.045864	-0.032189	0.004193	0.065869	0.997819	0.608086	-0.792311	0.049747	0.793860	0.606551	-0.043376
62345	9.766777	0.328740	-0.364520	0.088785	-0.041347	-0.029744	0.004361	0.066357	0.997786	0.608686	-0.791834	0.050000	0.793399	0.607121	-0.043844
62346	9.763258	0.422801	-0.376351	0.097066	-0.037945	-0.040540	0.004475	0.066890	0.997750	0.609478	-0.791205	0.050310	0.792791	0.607881	-0.044308
62347	9.727342	0.564148	-0.368689	0.092339	-0.040159	-0.049148	0.004607	0.067537	0.997706	0.610167	-0.790649	0.050704	0.792259	0.608534	-0.044851
62348	9.759878	0.543262	-0.379882	0.071179	-0.040723	-0.053628	0.004662	0.068191	0.997661	0.610753	-0.790167	0.051155	0.791808	0.609086	-0.045331
62349	9.717483	0.514853	-0.374186	0.055591	-0.041278	-0.055058	0.004687	0.068899	0.997613	0.611025	-0.789922	0.051684	0.791597	0.609324	-0.045801
62350	9.708107	0.460907	-0.375703	0.034654	-0.052641	-0.053336	0.004837	0.069623	0.997562	0.611321	-0.789662	0.052148	0.791368	0.609579	-0.046382
62351	9.685691	0.418232	-0.395252	0.016223	-0.057410	-0.057465	0.004919	0.070451	0.997503	0.611266	-0.789665	0.052758	0.791410	0.609480	-0.046948
62352	9.683259	0.377625	-0.326056	-0.001072	-0.062683	-0.053882	0.005145	0.071240	0.997446	0.611279	-0.789622	0.053244	0.791398	0.609444	-0.047610
62353	9.734572	0.317602	-0.275903	-0.006424	-0.073461	-0.050718	0.005499	0.072088	0.997383	0.611279	-0.789591	0.053699	0.791396	0.609384	-0.048408
62354	9.755438	0.349861	-0.281866	-0.000016	-0.075630	-0.053236	0.005832	0.072952	0.997318	0.611301	-0.789542	0.054179	0.791377	0.609346	-0.049200
62355	9.771202	0.431643	-0.321694	0.003434	-0.081200	-0.054687	0.006168	0.073850	0.997250	0.611374	-0.789450	0.054681	0.791317	0.609356	-0.050019
62356	9.730240	0.445175	-0.293913	0.005674	-0.082134	-0.059131	0.006516	0.074800	0.997177	0.611442	-0.789360	0.055216	0.791262	0.609356	-0.050879
62357	9.695343	0.434871	-0.320618	0.004982	-0.084801	-0.062032	0.006846	0.075820	0.997098	0.611424	-0.789332	0.055823	0.791274	0.609267	-0.051762
62358	9.654629	0.457829	-0.494834	-0.005125	-0.099492	-0.067915	0.007277	0.076945	0.997009	0.611407	-0.789300	0.056452	0.791283	0.609167	-0.052789
62359	9.738402	0.565088	-0.298079	0.004570	-0.089783	-0.076221	0.007644	0.078096	0.996917	0.611439	-0.789226	0.057138	0.791255	0.609117	-0.053783
62360	9.794576	0.653647	-0.160306	0.002336	-0.072935	-0.083605	0.007769	0.079182	0.996830	0.611483	-0.789135	0.057918	0.791220	0.609094	-0.054549
62361	9.759842	0.675218	-0.375504	-0.042975	-0.100977	-0.085094	0.008101	0.080466	0.996724	0.611081	-0.789384	0.058761	0.791527	0.608603	-0.055567
62362	9.755337	0.825137	-0.569789	-0.089830	-0.131145	-0.084367	0.008684	0.081913	0.996602	0.610395	-0.789852	0.059601	0.792049	0.607803	-0.056858
62363	9.732746	0.807005	-0.583377	-0.144629	-0.143727	-0.090237	0.009224	0.083461	0.996468	0.609417	-0.790533	0.060571	0.792796	0.606706	-0.058155
62364	9.704215	0.551506	-0.537502	-0.176795	-0.149325	-0.089186	0.009925	0.085054	0.996327	0.608042	-0.791519	0.061513	0.793843	0.605198	-0.059572
62365	9.669117	0.329533	-0.639732	-0.183508	-0.161976	-0.090828	0.010709	0.086771	0.996171	0.606396	-0.792700	0.062529	0.795091	0.603404	-0.061106
62366	9.635207	0.385086	-0.634886	-0.164044	-0.171597	-0.086653	0.011608	0.088474	0.996011	0.605119	-0.793603	0.063442	0.796050	0.601969	-0.062749
62367	9.641925	0.453150	-0.653854	-0.163050	-0.174535	-0.076099	0.012626	0.090124	0.995851	0.603792	-0.794548	0.064251	0.797042	0.600475	-0.064448
62368	9.687686	0.352050	-0.498435	-0.172644	-0.174111	-0.064844	0.013683	0.091666	0.995696	0.602442	-0.795515	0.064958	0.798046	0.598960	-0.066108
62369	9.787013	0.210496	-0.375933	-0.183604	-0.171626	-0.053727	0.014754	0.093124	0.995545	0.600914	-0.796616	0.065610	0.799177	0.597269	-0.067712
62370	9.911315	0.197800	-0.187243	-0.174618	-0.161475	-0.037085	0.015881	0.094364	0.995411	0.599541	-0.797614	0.066048	0.800186	0.595741	-0.069242
62371	10.006137	0.473700	-0.134648	-0.141084	-0.151067	-0.036173	0.016920	0.095542	0.995282	0.598309	-0.798503	0.066481	0.801087	0.594361	-0.070674
62372	9.945041	0.943523	-0.286122	-0.129552	-0.152987	-0.048567	0.017914	0.096820	0.995141	0.597297	-0.799216	0.067006	0.801820	0.593194	-0.072148
62373	9.855354	1.233693	-0.286586	-0.154214	-0.153475	-0.063423	0.018780	0.098236	0.994986	0.595960	-0.800151	0.067751	0.802795	0.591699	-0.073572
62374	9.753154	1.206451	-0.239758	-0.201590	-0.146029	-0.073542	0.019574	0.099669	0.994828	0.594372	-0.801261	0.068581	0.803952	0.589955	-0.074925
62375	9.726829	0.996426	-0.270784	-0.232466	-0.139858	-0.095061	0.020252	0.101254	0.994654	0.592446	-0.802594	0.069640	0.805355	0.587869	-0.076241
62376	9.788991	0.875763	-0.351019	-0.242528	-0.121530	-0.114744	0.020611	0.102870	0.994481	0.590532	-0.803892	0.070916	0.806751	0.585812	-0.077317
62377	9.670060	0.863412	-0.674148	-0.268770	-0.123040	-0.130571	0.020923	0.104621	0.994292	0.588302	-0.805397	0.072366	0.808370	0.583430	-0.078400
62378	9.905633	0.772640	-0.846726	-0.302385	-0.130143	-0.141040	0.021207	0.106497	0.994087	0.585902	-0.807000	0.073955	0.810104	0.580870	-0.079510
62379	10.229710	0.491101	-0.687051	-0.310246	-0.121396	-0.140673	0.021339	0.108307	0.993888	0.583565	-0.808542	0.075580	0.811786	0.578385	-0.080458
62380	10.259564	0.221747	-0.668085	-0.292989	-0.122343	-0.115754	0.021717	0.109931	0.993702	0.581226	-0.810099	0.076916	0.813452	0.575895	-0.081488
62381	10.163055	0.175280	-0.677244	-0.244231	-0.149746	-0.080577	0.022522	0.111429	0.993517	0.579162	-0.811483	0.077884	0.814901	0.573653	-0.082811
62382	10.015972	0.443433	-0.678184	-0.213616	-0.169867	-0.059891	0.023619	0.112868	0.993329	0.577451	-0.812632	0.078606	0.816084	0.571743	-0.084369
62383	9.867280	0.669546	-0.704448	-0.203243	-0.141841	-0.056944	0.024538	0.114115	0.993164	0.575790	-0.813745	0.079274	0.817229	0.569909	-0.085674
62384	9.694033	0.909710	-0.658690	-0.183294	-0.104071	-0.062316	0.025088	0.115195	0.993026	0.574324	-0.814710	0.079999	0.818243	0.568312	-0.086599
62385	9.611382	0.989941	-0.506965	-0.171104	-0.065171	-0.073113	0.025306	0.116128	0.992912	0.572884	-0.815645	0.080795	0.819246	0.566778	-0.087169
62386	9.576733	0.924587	-0.313182	-0.151159	-0.031411	-0.083247	0.025145	0.116965	0.992818	0.571683	-0.816397	0.081701	0.820089	0.565523	-0.087396
62387	9.553797	0.767199	-0.155198	-0.115450	0.006171	-0.091324	0.024637	0.117646	0.992750	0.570865	-0.816875	0.082636	0.820674	0.564691	-0.087285
62388	9.508723	0.652091	-0.054830	-0.056145	0.047375	-0.095188	0.023763	0.118136	0.992713	0.570445	-0.817072	0.083579	0.820992	0.564302	-0.086806
62389	9.454239	0.527544	-0.023661	-0.003480	0.075938	-0.100863	0.022599	0.118503	0.992696	0.570458	-0.816964	0.084538	0.821016	0.564381	-0.086064
62390	9.506489	0.500603	-0.050528	0.036941	0.100783	-0.104934	0.021231	0.118771	0.992695	0.570802	-0.816624	0.085497	0.820813	0.564817	-0.085133
62391	9.653731	0.533319	-0.078699	0.067393	0.129301	-0.109390	0.019602	0.118894	0.992713	0.571422	-0.816089	0.086457	0.820422	0.565564	-0.083936
62392	9.807768	0.475393	-0.100514	0.089933	0.161028	-0.107932	0.017722	0.118842	0.992755	0.572198	-0.815445	0.087402	0.819924	0.566503	-0.082453
62393	10.027003	0.511299	0.000344	0.123565	0.183227	-0.092859	0.015697	0.118513	0.992828	0.573328	-0.814568	0.088169	0.819176	0.567832	-0.080733
62394	10.165693	0.495054	0.137962	0.162807	0.213351	-0.065275	0.013634	0.117811	0.992942	0.574688	-0.813558	0.088636	0.818259	0.569424	-0.078796
62395	10.199258	0.479792	0.406407	0.207305	0.226508	-0.025684	0.011660	0.116678	0.993101	0.576414	-0.812332	0.088672	0.817075	0.571404	-0.076727
62396	10.179182	0.539088	0.737340	0.248081	0.232131	0.011579	0.009890	0.115235	0.993289	0.578456	-0.810918	0.088318	0.815654	0.573701	-0.074678
62397	10.131080	0.700482	1.090072	0.264054	0.249611	0.041399	0.008158	0.113409	0.993515	0.580637	-0.809433	0.087629	0.814122	0.576156	-0.072453
62398	9.973261	0.854282	1.457001	0.275275	0.268067	0.052884	0.006344	0.111414	0.993754	0.582890	-0.807896	0.086856	0.812527	0.578698	-0.070067
62399	10.011499	1.029681	1.923932	0.271960	0.305864	0.049961	0.004159	0.109177	0.994014	0.585080	-0.806389	0.086122	0.810965	0.581220	-0.067231
62400	10.174484	1.092154	2.390963	0.232619	0.371665	0.045409	0.001472	0.106628	0.994298	0.586982	-0.805076	0.085467	0.809599	0.583509	-0.063774
62401	10.481320	1.109377	2.892142	0.172205	0.461961	0.036881	-0.001964	0.103570	0.994620	0.588233	-0.804222	0.084905	0.808689	0.585235	-0.059344
62402	10.807243	0.980475	3.361501	0.060924	0.573648	0.045398	-0.006276	0.099825	0.994985	0.588746	-0.803903	0.084368	0.808294	0.586323	-0.053727
62403	11.069671	0.822555	3.841381	-0.086745	0.702965	0.052130	-0.011605	0.095208	0.995390	0.587871	-0.804601	0.083813	0.808871	0.586133	-0.046633
62404	11.173414	0.526285	4.092201	-0.274355	0.834758	0.068609	-0.017902	0.089749	0.995803	0.585678	-0.806263	0.083196	0.810346	0.584710	-0.038130
62405	10.935476	0.597858	3.818689	-0.524263	0.861816	0.090173	-0.024395	0.083880	0.996177	0.581478	-0.809380	0.082391	0.813196	0.581265	-0.029030
62406	10.855135	0.839635	3.233286	-0.833934	0.781809	0.103848	-0.030112	0.078496	0.996460	0.574724	-0.814277	0.081512	0.817793	0.575144	-0.020594
62407	10.818303	1.157901	2.359915	-1.074546	0.674500	0.113429	-0.035005	0.073607	0.996673	0.565736	-0.820650	0.080477	0.823843	0.566671	-0.012915
62408	11.048803	1.649145	1.653303	-1.167450	0.672806	0.113616	-0.039874	0.068867	0.996829	0.556143	-0.827285	0.079401	0.830129	0.557545	-0.005313
62409	11.012906	2.210230	0.964845	-1.123588	0.738638	0.118980	-0.045306	0.063699	0.996940	0.546542	-0.833781	0.078112	0.836205	0.548408	0.002962
62410	10.865975	2.620791	0.019136	-1.004926	0.769179	0.135431	-0.050966	0.058355	0.996994	0.538198	-0.839327	0.076639	0.841276	0.540486	0.011371
62411	10.939636	2.884545	-0.731131	-0.912849	0.810497	0.170392	-0.057002	0.052466	0.996995	0.530388	-0.844452	0.074763	0.845837	0.533055	0.020309
62412	10.744858	2.871669	-1.273566	-0.907078	0.795014	0.208866	-0.062588	0.046464	0.996957	0.522841	-0.849349	0.072408	0.850129	0.525782	0.028866
62413	10.628351	2.678856	-1.695729	-0.891815	0.762254	0.231988	-0.067940	0.040393	0.996871	0.515395	-0.854110	0.069734	0.854255	0.518521	0.037210
62414	10.540115	2.622936	-1.620060	-0.788677	0.779612	0.246159	-0.073297	0.034243	0.996722	0.508839	-0.858258	0.066905	0.857736	0.512075	0.045483
62415	10.553995	2.526568	-1.258395	-0.699127	0.833569	0.263972	-0.079150	0.027644	0.996479	0.502990	-0.861930	0.063864	0.860660	0.506274	0.054317
62416	10.277855	2.233868	-0.953568	-0.638986	0.860123	0.294273	-0.085035	0.020745	0.996162	0.497745	-0.865210	0.060507	0.863145	0.500980	0.063248
62417	9.970930	1.874289	-1.005283	-0.598765	0.855099	0.291597	-0.090991	0.013878	0.995755	0.492861	-0.868230	0.057138	0.865337	0.495968	0.072161
62418	9.893137	1.462628	-0.945435	-0.484965	0.880686	0.284994	-0.097165	0.007024	0.995244	0.488951	-0.870646	0.053880	0.866883	0.491861	0.081162
62419	9.749712	1.215694	-0.821393	-0.330867	0.967314	0.252610	-0.104277	0.000043	0.994548	0.486215	-0.872349	0.051017	0.867595	0.488884	0.090945
62420	9.488090	0.925173	-0.765613	-0.250060	1.011952	0.208554	-0.111991	-0.006741	0.993686	0.484293	-0.873552	0.048655	0.867709	0.486684	0.101095
62421	9.261569	0.746479	-0.651029	-0.150946	1.014770	0.198999	-0.119809	-0.013460	0.992706	0.483230	-0.874259	0.046467	0.867257	0.485273	0.111248
62422	9.051510	0.462813	-0.601745	-0.081793	1.051748	0.172160	-0.128039	-0.020092	0.991566	0.482758	-0.874617	0.044616	0.866343	0.484399	0.121685
62423	8.865721	0.196083	-0.455567	-0.037197	1.074651	0.155163	-0.136621	-0.026733	0.990263	0.482803	-0.874673	0.042997	0.865006	0.483976	0.132405
62424	8.657689	-0.012603	-0.495181	0.018851	1.083292	0.134539	-0.145279	-0.033179	0.988834	0.483180	-0.874530	0.041644	0.863384	0.483835	0.143082
62425	8.511806	-0.094051	-0.643626	0.151518	1.063076	0.128825	-0.153891	-0.039542	0.987296	0.484850	-0.873655	0.040583	0.860952	0.484936	0.153620
62426	8.615510	-0.261690	-0.389204	0.271024	1.095406	0.112168	-0.162706	-0.045872	0.985608	0.487382	-0.872279	0.039861	0.857896	0.486853	0.164282
62427	8.447256	-0.385111	-0.488768	0.518838	1.134034	0.088619	-0.171942	-0.052190	0.983724	0.491913	-0.869733	0.039837	0.853498	0.490756	0.175216
62428	8.479948	-0.330335	-0.189580	0.888592	1.194252	0.057672	-0.181756	-0.058621	0.981595	0.499595	-0.865296	0.040832	0.846977	0.497822	0.186559
62429	8.310199	-0.177234	0.082393	1.312224	1.241026	0.032755	-0.192144	-0.065231	0.979196	0.510880	-0.858573	0.043053	0.837904	0.508524	0.198295
62430	8.373590	0.087576	0.504439	1.725530	1.292193	0.010009	-0.202792	-0.072003	0.976571	0.525285	-0.849658	0.046434	0.826408	0.522395	0.210125
62431	8.293876	0.377719	0.923689	2.077645	1.324210	-0.026591	-0.213796	-0.078755	0.973699	0.542136	-0.838730	0.051199	0.812638	0.538823	0.222013
62432	7.981252	0.838882	1.363060	2.350809	1.310814	-0.076864	-0.224714	-0.085323	0.970682	0.560912	-0.825893	0.057256	0.796794	0.557334	0.233448
62433	7.537653	1.320120	2.053175	2.440309	1.196779	-0.126017	-0.234708	-0.090994	0.967798	0.579683	-0.812309	0.064209	0.780308	0.576086	0.243403
62434	7.546078	1.534829	3.122254	2.390372	1.047679	-0.133235	-0.243525	-0.096073	0.965125	0.597846	-0.798427	0.071372	0.763725	0.594377	0.251874
62435	7.724733	1.590804	4.288068	2.296053	0.975975	-0.101269	-0.251475	-0.101043	0.962575	0.614783	-0.784807	0.078231	0.747531	0.611448	0.259479
62436	8.133895	1.528333	5.428471	2.213361	0.985766	-0.061846	-0.259092	-0.106688	0.959942	0.631018	-0.771140	0.084610	0.731223	0.627663	0.267118
62437	8.442982	1.619810	6.243605	2.075077	1.085108	-0.027552	-0.266957	-0.113174	0.957040	0.645617	-0.758290	0.090418	0.715481	0.642019	0.275498
62438	8.673947	1.929543	6.821271	1.820326	1.185319	0.018047	-0.275173	-0.121008	0.953749	0.658580	-0.746451	0.095305	0.700394	0.654345	0.285097
62439	7.921620	2.783176	6.330024	1.592033	1.100521	0.057130	-0.282288	-0.128613	0.950669	0.669669	-0.735994	0.099278	0.686919	0.664658	0.293891
62440	7.483338	3.901393	6.155090	1.345121	0.826224	0.120152	-0.287048	-0.135034	0.948351	0.679201	-0.726817	0.102092	0.675492	0.673426	0.300347
62441	6.962818	4.499918	6.449317	1.044626	0.539277	0.137060	-0.289746	-0.139352	0.946905	0.686285	-0.719850	0.104061	0.667128	0.679998	0.304208
62442	7.495482	4.620959	7.265027	0.543523	0.351327	0.125959	-0.291156	-0.142663	0.945979	0.690291	-0.715948	0.104487	0.662365	0.683422	0.306932
62443	7.733297	4.062577	6.965194	0.033699	0.325346	0.098486	-0.292611	-0.145288	0.945130	0.690424	-0.715934	0.103699	0.661585	0.682883	0.309800
62444	7.611261	3.199374	6.516342	-0.446599	0.236584	0.078217	-0.293581	-0.147472	0.944490	0.687720	-0.718842	0.101528	0.663967	0.679351	0.312458
62445	7.297840	2.358823	5.867597	-0.874236	0.113742	0.080169	-0.293706	-0.148426	0.944302	0.681586	-0.725144	0.098015	0.670207	0.672411	0.314144
62446	7.567398	1.740393	5.361238	-1.262906	-0.019512	0.122402	-0.292687	-0.149201	0.944496	0.673453	-0.733376	0.092843	0.678819	0.663248	0.315130
62447	7.609278	1.149916	4.724707	-1.445640	-0.067532	0.162712	-0.291064	-0.149748	0.944911	0.663687	-0.742970	0.086693	0.689058	0.652359	0.315637
62448	7.644950	0.665851	3.867614	-1.579165	-0.122994	0.182231	-0.288951	-0.150330	0.945467	0.653276	-0.752888	0.079943	0.699813	0.640750	0.315755
62449	7.673181	0.271831	3.081511	-1.577481	-0.135078	0.168915	-0.286830	-0.150511	0.946084	0.642238	-0.762990	0.073328	0.710816	0.628643	0.315513
62450	7.691181	-0.091449	2.593982	-1.515500	-0.123485	0.136896	-0.285016	-0.150809	0.946585	0.631807	-0.772206	0.067210	0.720823	0.617215	0.315373
62451	7.763377	-0.459050	2.265566	-1.362375	-0.126957	0.096636	-0.283509	-0.150693	0.947056	0.622012	-0.780549	0.062006	0.729879	0.606659	0.315025
62452	7.946096	-0.724076	2.166462	-1.166880	-0.137075	0.059608	-0.282077	-0.150352	0.947537	0.613646	-0.787468	0.057727	0.737476	0.597736	0.314390
62453	8.135105	-0.849725	2.184517	-0.923582	-0.156201	0.041476	-0.280657	-0.149564	0.948083	0.606853	-0.792940	0.054554	0.743614	0.590658	0.313307
62454	8.221695	-0.743672	2.462984	-0.641687	-0.215607	0.058661	-0.278636	-0.148781	0.948802	0.602257	-0.796610	0.051950	0.748097	0.585898	0.311569
62455	8.743809	-0.283402	3.060784	-0.394280	-0.305548	0.093805	-0.275781	-0.147470	0.949841	0.599191	-0.799049	0.049913	0.751608	0.582901	0.308725
62456	9.291083	0.138862	3.715425	-0.227497	-0.371841	0.159090	-0.271972	-0.146596	0.951074	0.597940	-0.800123	0.047660	0.753989	0.581647	0.305266
62457	10.200688	0.494775	4.570131	-0.157994	-0.429501	0.242363	-0.267344	-0.145816	0.952505	0.597290	-0.800758	0.045059	0.756156	0.580968	0.301172
62458	12.210121	0.885421	5.430350	-0.110166	-0.423401	0.297409	-0.262304	-0.145757	0.953914	0.597269	-0.800948	0.041852	0.757935	0.580721	0.297148
62459	13.975250	1.493419	4.683440	-0.024089	-0.462945	0.220663	-0.257403	-0.144820	0.955391	0.597443	-0.800935	0.039557	0.759477	0.580974	0.292684
62460	14.705520	2.975156	4.860063	0.027123	-0.454029	0.134678	-0.253089	-0.143277	0.956775	0.598018	-0.800567	0.038305	0.760474	0.581863	0.288297
62461	13.717805	2.995664	7.000844	0.016911	-0.296567	0.328490	-0.248864	-0.144016	0.957771	0.598855	-0.800079	0.035300	0.761209	0.582351	0.285355
62462	11.358710	1.945235	6.943160	0.064461	-0.472485	0.580591	-0.241724	-0.145922	0.959310	0.600795	-0.798845	0.029874	0.761981	0.583570	0.280769
62463	10.208971	1.204413	4.489155	-0.036921	-0.964128	0.648027	-0.230493	-0.145199	0.962180	0.601618	-0.798434	0.023630	0.764806	0.584312	0.271388
62464	9.477059	0.791970	0.877835	-0.255832	-1.426058	0.655728	-0.215550	-0.142122	0.966095	0.601141	-0.798971	0.016587	0.769524	0.584335	0.257654
62465	8.233791	0.294277	-2.376014	-0.521143	-1.750360	0.782477	-0.197259	-0.138085	0.970578	0.598366	-0.801187	0.007625	0.776561	0.582265	0.240667
62466	7.407345	0.146728	-3.750641	-0.519463	-1.881917	0.886585	-0.177228	-0.134272	0.974967	0.595996	-0.802984	-0.002247	0.783185	0.580678	0.222337
62467	7.282115	1.004716	-4.220629	-0.416341	-1.838299	0.794951	-0.157998	-0.129962	0.978850	0.593852	-0.804500	-0.010959	0.788908	0.579560	0.204287
62468	7.710990	1.824133	-4.983100	-0.474431	-1.665726	0.525351	-0.141641	-0.124572	0.982049	0.590903	-0.806562	-0.017086	0.794211	0.577875	0.187852
62469	8.643122	1.774678	-4.766470	-0.453632	-1.385259	0.219725	-0.129285	-0.118310	0.984524	0.587514	-0.808965	-0.020063	0.798820	0.575828	0.174096
62470	9.676824	0.917722	-3.518295	-0.366884	-1.157843	-0.027423	-0.120116	-0.111449	0.986484	0.584561	-0.811092	-0.020457	0.802409	0.574203	0.162574
62471	10.197806	0.128177	-1.884195	-0.315850	-1.113080	-0.093090	-0.111694	-0.104187	0.988266	0.581932	-0.812993	-0.019939	0.805530	0.572877	0.151436
62472	10.129240	-0.421262	-0.943580	-0.295046	-1.230256	0.024530	-0.101564	-0.097364	0.990053	0.579595	-0.814643	-0.020657	0.808551	0.571731	0.139170
62473	9.877351	-0.929373	-0.952421	-0.389015	-1.419384	0.197414	-0.088935	-0.090792	0.991891	0.576760	-0.816589	-0.023032	0.812058	0.570035	0.124989
62474	9.965752	-1.219547	-1.049915	-0.491614	-1.524483	0.294464	-0.074772	-0.084550	0.993610	0.573016	-0.819113	-0.026580	0.816126	0.567367	0.109695
62475	9.988645	-1.323851	-0.221939	-0.518910	-1.451593	0.297380	-0.061189	-0.078603	0.995026	0.569180	-0.821669	-0.029906	0.819933	0.564519	0.095016
62476	9.711343	-1.509013	0.474045	-0.499281	-1.307004	0.242103	-0.049017	-0.073256	0.996108	0.565226	-0.824283	-0.032806	0.823478	0.561418	0.081810
62477	9.380209	-1.862476	0.747152	-0.468175	-1.212094	0.197955	-0.037848	-0.068033	0.996965	0.561426	-0.826782	-0.035106	0.826661	0.558394	0.069488
62478	9.290226	-2.202252	0.744914	-0.460478	-1.179469	0.184257	-0.026991	-0.063010	0.997648	0.557687	-0.829214	-0.037284	0.829612	0.555369	0.057521
62479	9.433909	-2.478440	0.556945	-0.437952	-1.148986	0.152698	-0.016645	-0.057809	0.998189	0.554317	-0.831395	-0.038906	0.832139	0.552666	0.045883
62480	9.468114	-2.448519	0.083751	-0.349543	-1.100652	0.092042	-0.006907	-0.052524	0.998596	0.551430	-0.833261	-0.040014	0.834193	0.550379	0.034719
62481	9.575962	-2.176601	-0.254633	-0.240929	-1.061787	0.025434	0.002100	-0.046850	0.998900	0.549603	-0.834454	-0.040293	0.835423	0.549083	0.023997
62482	9.809732	-1.887834	-0.283345	-0.173521	-1.027416	-0.009996	0.010691	-0.041150	0.999096	0.548166	-0.835399	-0.040274	0.836301	0.548101	0.013626
62483	9.846770	-1.599389	-0.326378	-0.161540	-0.987413	-0.023244	0.018851	-0.035524	0.999191	0.546879	-0.836253	-0.040048	0.836999	0.547192	0.003663
62484	9.888209	-1.286652	-0.523531	-0.147066	-0.950578	-0.022980	0.026743	-0.030154	0.999187	0.545665	-0.837054	-0.039866	0.837576	0.546288	-0.005931
62485	9.865843	-1.034921	-0.584125	-0.110666	-0.923152	-0.003380	0.034413	-0.024992	0.999095	0.544983	-0.837506	-0.039722	0.837741	0.545857	-0.015201
62486	9.910195	-0.834410	-0.584786	-0.055513	-0.921559	0.024818	0.042327	-0.020191	0.998900	0.544520	-0.837793	-0.040007	0.837679	0.545614	-0.024467
62487	9.801320	-0.473566	-0.703409	-0.037791	-0.918126	0.057524	0.050366	-0.015652	0.998608	0.544061	-0.838064	-0.040576	0.837533	0.545347	-0.033694
62488	9.615663	-0.228982	-0.859145	-0.065880	-0.925380	0.075476	0.058584	-0.011260	0.998219	0.543479	-0.838404	-0.041353	0.837376	0.544933	-0.042997
62489	9.473134	-0.058060	-0.960020	-0.133708	-0.930125	0.073585	0.066800	-0.006748	0.997744	0.542291	-0.839141	-0.041983	0.837531	0.543871	-0.052395
62490	9.368816	0.209589	-1.154418	-0.249268	-0.943978	0.061059	0.075098	-0.002157	0.997174	0.540169	-0.840483	-0.042498	0.838199	0.541834	-0.061954
62491	9.275239	0.323173	-1.342868	-0.401899	-0.976491	0.050852	0.083559	0.002776	0.996499	0.536936	-0.842543	-0.042676	0.839475	0.538622	-0.071893
62492	9.254273	0.259799	-1.633244	-0.585145	-1.022393	0.046724	0.092461	0.007843	0.995685	0.531985	-0.845674	-0.042739	0.841690	0.533642	-0.082364
62493	9.271928	0.141117	-1.979588	-0.742433	-1.084665	0.044128	0.101856	0.013308	0.994710	0.525717	-0.849599	-0.042465	0.844540	0.527261	-0.093533
62494	9.251586	0.024344	-2.238175	-0.864191	-1.152759	0.036376	0.111858	0.019012	0.993542	0.518374	-0.854121	-0.042016	0.847807	0.519726	-0.105395
62495	9.355562	-0.173544	-2.421467	-0.941199	-1.209674	0.031054	0.122269	0.025041	0.992181	0.510479	-0.858901	-0.041230	0.851153	0.511528	-0.117800
62496	9.399612	-0.436654	-2.594351	-0.938402	-1.257217	0.019622	0.133145	0.031229	0.990604	0.502459	-0.863661	-0.040308	0.854287	0.503105	-0.130684
62497	9.597455	-0.727042	-2.583161	-0.911071	-1.299906	0.025832	0.144380	0.037595	0.988808	0.494670	-0.868195	-0.039220	0.857004	0.494796	-0.143947
62498	9.811573	-0.898609	-2.267983	-0.824920	-1.302369	0.044366	0.155829	0.043580	0.986822	0.487532	-0.872257	-0.038466	0.859087	0.487102	-0.157170
62499	10.006761	-1.023950	-1.745461	-0.683362	-1.255228	0.055474	0.166831	0.049269	0.984754	0.481807	-0.875460	-0.037824	0.860249	0.480772	-0.169792
62500	10.194252	-1.042938	-1.202463	-0.524810	-1.170489	0.065017	0.177271	0.054273	0.982665	0.477186	-0.877998	-0.037591	0.860737	0.475577	-0.181541
62501	10.142192	-1.027196	-0.784409	-0.369307	-1.066813	0.062987	0.186764	0.058770	0.980645	0.474029	-0.879708	-0.037558	0.860474	0.471869	-0.192157
62502	9.975660	-0.950191	-0.550389	-0.264728	-0.986729	0.068111	0.195629	0.062788	0.978666	0.471627	-0.880990	-0.037753	0.859824	0.468951	-0.201960
62503	9.770626	-0.978616	-0.285410	-0.214643	-0.965051	0.070677	0.204133	0.066804	0.976661	0.469990	-0.881857	-0.037914	0.858743	0.466760	-0.211413
62504	9.641496	-1.061200	-0.287331	-0.172883	-0.967955	0.072414	0.212834	0.070649	0.974531	0.468360	-0.882707	-0.038296	0.857520	0.464582	-0.220959
62505	9.512507	-0.952532	-0.205420	-0.146332	-1.007843	0.068452	0.221741	0.074761	0.972235	0.467073	-0.883376	-0.038598	0.855964	0.462663	-0.230799
62506	9.573784	-0.819678	-0.495429	-0.117828	-1.069304	0.069651	0.231263	0.079059	0.969674	0.465911	-0.883970	-0.039046	0.854075	0.460812	-0.241264
62507	9.568821	-0.650946	-0.772267	-0.112814	-1.106430	0.078539	0.241042	0.083466	0.966919	0.464769	-0.884550	-0.039505	0.851991	0.458916	-0.252006
62508	9.517658	-0.487972	-1.108489	-0.171971	-1.164904	0.072944	0.251347	0.088128	0.963877	0.463129	-0.885396	-0.039816	0.849904	0.456406	-0.263357
62509	9.628797	-0.418208	-1.478960	-0.246721	-1.205836	0.061177	0.261787	0.093106	0.960624	0.461091	-0.886462	-0.039738	0.847858	0.453338	-0.274994
62510	9.732414	-0.296410	-1.795078	-0.321007	-1.231257	0.046019	0.272480	0.098230	0.957134	0.458251	-0.887952	-0.039327	0.846026	0.449324	-0.286964
62511	9.846233	-0.162039	-1.974510	-0.393203	-1.252600	0.028313	0.283127	0.103597	0.953471	0.454952	-0.889687	-0.038428	0.844309	0.444663	-0.299026
62512	10.034961	-0.052584	-2.040357	-0.457327	-1.277607	0.022346	0.294058	0.109020	0.949550	0.451031	-0.891729	-0.037295	0.842675	0.439243	-0.311392
62513	10.273544	-0.064699	-2.028751	-0.517995	-1.286469	0.037209	0.305013	0.114297	0.945465	0.446589	-0.894015	-0.035995	0.841145	0.433213	-0.323730
62514	10.445375	-0.074947	-1.758473	-0.570937	-1.276595	0.047019	0.316003	0.119339	0.941223	0.441645	-0.896522	-0.034605	0.839697	0.426621	-0.336010
62515	10.490986	-0.097638	-1.417096	-0.638725	-1.254548	0.055175	0.326763	0.124097	0.936924	0.436028	-0.899329	-0.032952	0.838514	0.419293	-0.347977
62516	10.560309	-0.184266	-1.012158	-0.690597	-1.234740	0.042890	0.337347	0.128814	0.932526	0.430098	-0.902251	-0.030959	0.837385	0.411521	-0.359775
62517	10.723983	-0.103569	-0.415063	-0.764166	-1.211475	0.006646	0.347538	0.133606	0.928099	0.423586	-0.905414	-0.028277	0.836536	0.402957	-0.371259
62518	10.812047	-0.120335	-0.058557	-0.861210	-1.179649	-0.020739	0.357367	0.138464	0.923643	0.416455	-0.908816	-0.024889	0.835975	0.393550	-0.382445
62519	10.682944	-0.260086	0.238224	-0.916085	-1.147369	-0.028737	0.366715	0.143202	0.919246	0.409084	-0.912253	-0.021083	0.835566	0.383780	-0.393119
62520	11.075531	-0.716799	0.190140	-0.929919	-1.117553	-0.071768	0.375811	0.148062	0.914792	0.401579	-0.915671	-0.016770	0.835165	0.373663	-0.403578
62521	11.673217	-1.419443	0.181359	-0.824274	-1.052591	-0.093596	0.384036	0.152858	0.910577	0.395350	-0.918445	-0.012560	0.834395	0.364821	-0.413148
62522	11.935422	-1.744183	0.394258	-0.709605	-0.977399	-0.115575	0.391782	0.157418	0.906491	0.389877	-0.920827	-0.008596	0.833368	0.356788	-0.422137
62523	12.340647	-1.670878	0.598214	-0.677877	-0.910760	-0.126078	0.398826	0.161689	0.902660	0.384703	-0.923029	-0.004638	0.832431	0.349105	-0.430330
62524	12.524792	-1.493015	0.893393	-0.706063	-0.807907	-0.123707	0.405126	0.165591	0.899140	0.379320	-0.925265	-0.000508	0.831859	0.341268	-0.437661
62525	12.305722	-1.247260	1.388523	-0.793956	-0.697522	-0.116423	0.410430	0.168888	0.896116	0.373158	-0.927759	0.003941	0.832045	0.332776	-0.443802
62526	11.862286	-1.167846	2.006576	-0.878281	-0.576258	-0.119550	0.414834	0.171859	0.893520	0.366335	-0.930441	0.008882	0.832893	0.323643	-0.448936
62527	11.378277	-0.915639	2.590239	-0.942104	-0.450001	-0.121046	0.418023	0.174191	0.891579	0.358790	-0.933311	0.014123	0.834581	0.313986	-0.452644
62528	11.044193	-0.579664	3.237312	-0.973351	-0.332776	-0.101044	0.420493	0.176132	0.890035	0.351074	-0.936147	0.019394	0.836620	0.304314	-0.455479
62529	10.662707	-0.140386	3.960756	-0.966580	-0.203861	-0.065417	0.421904	0.177194	0.889157	0.343245	-0.938933	0.024245	0.839155	0.294969	-0.456960
62530	9.899593	0.449434	5.193684	-1.009540	-0.084478	-0.060932	0.422454	0.177979	0.888738	0.335009	-0.941758	0.029353	0.842201	0.285335	-0.457474
62531	9.272939	0.536325	7.272935	-1.008355	0.031482	-0.115765	0.421657	0.178742	0.888964	0.326869	-0.944427	0.034852	0.845791	0.275879	-0.456650
62532	9.318622	-0.404864	7.693708	-0.921938	0.057798	-0.146624	0.420740	0.179937	0.889157	0.319668	-0.946672	0.040313	0.848994	0.267274	-0.455823
62533	12.842166	0.541923	8.229364	-0.743508	0.458333	-0.148199	0.416162	0.180067	0.891283	0.314250	-0.948280	0.044851	0.853262	0.261420	-0.451224
62534	14.213306	2.717292	7.017412	-1.387326	1.106465	-0.382212	0.405537	0.180831	0.896013	0.303915	-0.951144	0.054405	0.862076	0.250249	-0.440681
62535	13.468045	3.340877	5.270863	-1.747917	1.445450	-0.529322	0.391280	0.182285	0.902038	0.291148	-0.954359	0.066566	0.873002	0.236581	-0.426494
62536	12.316171	2.861902	4.716339	-2.151262	1.789887	-0.562027	0.373994	0.183543	0.909088	0.274374	-0.958240	0.080591	0.885916	0.219290	-0.408736
62537	11.762222	1.424023	2.855554	-2.386731	1.941802	-0.461867	0.355225	0.183701	0.916553	0.254817	-0.962397	0.094131	0.899379	0.200116	-0.388678
