// General information: 
//  MT Manager version: 2022.2.0 
//  XDA version: 2022.2.0 build 7381 rev 124627 built on 2023-07-19
// Device information: 
//  DeviceId: 00B4CB9F
//  ProductCode: MTW2-3A7G6
//  Firmware Version: 4.6.0
//  Hardware Version: 2.0.0
// Device settings: 
//  Filter Profile: human(46.1)
//  Option Flags: Orientation Smoother Disabled, Position/Velocity Smoother Disabled, Continuous Zero Rotation Update Disabled, AHS Disabled, ICC Disabled
// Coordinate system: ENU
PacketCounter	Acc_X	Acc_Y	Acc_Z	Gyr_X	Gyr_Y	Gyr_Z	Mat[1][1]	Mat[2][1]	Mat[3][1]	Mat[1][2]	Mat[2][2]	Mat[3][2]	Mat[1][3]	Mat[2][3]	Mat[3][3]
06605	9.644761	-0.860060	-1.391161	0.053146	-0.021985	0.010264	0.153577	0.025608	0.987805	0.584980	-0.808021	-0.070001	0.796374	0.588597	-0.139074
06606	9.701938	-0.854345	-1.341997	0.050606	-0.023175	0.009882	0.153883	0.025643	0.987756	0.585378	-0.807713	-0.070227	0.796023	0.589017	-0.139304
06607	9.721519	-0.777874	-1.307884	0.040237	-0.030467	0.001824	0.154054	0.025833	0.987725	0.585662	-0.807507	-0.070226	0.795781	0.589292	-0.139529
06608	9.764027	-0.671381	-1.234087	0.035791	-0.029858	-0.007078	0.154313	0.026044	0.987679	0.585968	-0.807283	-0.070263	0.795506	0.589590	-0.139835
06609	9.801636	-0.597478	-1.266923	0.017014	-0.025831	-0.008936	0.154506	0.026252	0.987643	0.586127	-0.807169	-0.070238	0.795351	0.589736	-0.140100
06610	9.736653	-0.572993	-1.234089	0.021081	-0.017197	-0.017153	0.154605	0.026471	0.987622	0.586330	-0.807029	-0.070155	0.795182	0.589919	-0.140291
06611	9.664267	-0.570383	-1.165564	0.025653	-0.017064	-0.016152	0.154655	0.026695	0.987608	0.586566	-0.806867	-0.070044	0.794998	0.590130	-0.140444
06612	9.675969	-0.620158	-1.196569	0.034992	-0.019981	-0.010693	0.154814	0.026877	0.987578	0.586870	-0.806646	-0.070045	0.794743	0.590424	-0.140653
06613	9.641055	-0.598112	-1.208849	0.042615	-0.017490	-0.008390	0.155024	0.027011	0.987541	0.587259	-0.806355	-0.070133	0.794414	0.590815	-0.140867
06614	9.708918	-0.616678	-1.190983	0.029603	-0.019912	-0.007007	0.155204	0.027164	0.987509	0.587515	-0.806166	-0.070163	0.794190	0.591065	-0.141079
06615	9.746193	-0.596294	-1.273417	0.035238	-0.017431	-0.004170	0.155480	0.027346	0.987460	0.587775	-0.805971	-0.070228	0.793944	0.591324	-0.141386
06616	9.784937	-0.600574	-1.353477	0.035309	-0.011688	-0.001113	0.155629	0.027403	0.987435	0.588066	-0.805750	-0.070324	0.793699	0.591622	-0.141513
06617	9.742292	-0.654506	-1.379762	0.028032	-0.003021	-0.004050	0.155713	0.027463	0.987421	0.588286	-0.805586	-0.070365	0.793520	0.591842	-0.141596
06618	9.716461	-0.635322	-1.423520	0.020623	0.004913	0.000914	0.155742	0.027406	0.987417	0.588457	-0.805452	-0.070460	0.793387	0.592027	-0.141570
06619	9.713653	-0.586945	-1.426603	0.002876	0.012350	-0.000263	0.155727	0.027299	0.987423	0.588515	-0.805402	-0.070549	0.793347	0.592099	-0.141489
06620	9.651640	-0.665220	-1.436877	-0.015680	0.013194	0.001339	0.155694	0.027189	0.987431	0.588398	-0.805484	-0.070597	0.793440	0.591994	-0.141407
06621	9.636332	-0.672300	-1.511174	-0.016086	0.009897	0.002729	0.155616	0.027070	0.987447	0.588295	-0.805556	-0.070628	0.793532	0.591901	-0.141282
06622	9.651533	-0.718481	-1.485584	-0.010995	0.004401	0.002746	0.155660	0.027000	0.987442	0.588213	-0.805610	-0.070697	0.793584	0.591831	-0.141283
06623	9.627137	-0.723654	-1.527632	0.002244	-0.004233	0.004078	0.155899	0.026961	0.987405	0.588256	-0.805563	-0.070882	0.793505	0.591897	-0.141446
06624	9.630273	-0.719475	-1.473974	0.007336	-0.009730	0.004094	0.156064	0.026964	0.987379	0.588317	-0.805508	-0.070991	0.793428	0.591971	-0.141574
06625	9.661934	-0.692736	-1.468217	0.011640	-0.012156	-0.001421	0.156204	0.027161	0.987351	0.588334	-0.805502	-0.070919	0.793387	0.591971	-0.141802
06626	9.704025	-0.692201	-1.493506	0.007016	-0.004424	-0.001674	0.156293	0.027180	0.987337	0.588402	-0.805448	-0.070970	0.793320	0.592043	-0.141878
06627	9.696568	-0.714325	-1.458276	0.007030	0.002382	0.000227	0.156425	0.027153	0.987316	0.588467	-0.805391	-0.071083	0.793245	0.592122	-0.141962
06628	9.695126	-0.689934	-1.460191	0.000859	-0.001276	-0.003526	0.156479	0.027169	0.987308	0.588488	-0.805373	-0.071107	0.793219	0.592145	-0.142012
06629	9.699872	-0.709267	-1.404042	-0.005106	-0.001310	-0.001917	0.156598	0.027216	0.987287	0.588433	-0.805411	-0.071132	0.793236	0.592091	-0.142141
06630	9.687721	-0.711454	-1.424904	0.004318	0.004380	-0.003616	0.156607	0.027199	0.987286	0.588482	-0.805373	-0.071160	0.793199	0.592144	-0.142133
06631	9.643712	-0.740858	-1.452600	0.007612	-0.004311	0.000398	0.156851	0.027237	0.987247	0.588529	-0.805327	-0.071286	0.793115	0.592205	-0.142346
06632	9.693625	-0.665129	-1.462681	0.004622	-0.007732	0.000253	0.156979	0.027260	0.987226	0.588574	-0.805288	-0.071353	0.793056	0.592256	-0.142458
06633	9.677206	-0.684899	-1.394639	0.000390	-0.003511	-0.003289	0.157129	0.027285	0.987201	0.588596	-0.805265	-0.071428	0.793010	0.592286	-0.142590
06634	9.664960	-0.686951	-1.416201	0.000844	-0.008083	-0.005425	0.157227	0.027356	0.987184	0.588620	-0.805248	-0.071434	0.792973	0.592307	-0.142708
06635	9.670846	-0.640007	-1.454315	0.002299	-0.009246	-0.006878	0.157373	0.027472	0.987157	0.588643	-0.805231	-0.071433	0.792927	0.592325	-0.142893
06636	9.682987	-0.637197	-1.433839	0.005495	-0.002201	-0.001373	0.157448	0.027476	0.987145	0.588697	-0.805187	-0.071485	0.792872	0.592385	-0.142949
06637	9.672272	-0.663860	-1.452785	0.010408	0.002293	-0.002919	0.157420	0.027510	0.987148	0.588775	-0.805133	-0.071454	0.792820	0.592457	-0.142941
06638	9.661582	-0.690627	-1.471521	0.015045	0.001368	-0.000767	0.157470	0.027487	0.987141	0.588904	-0.805032	-0.071526	0.792714	0.592594	-0.142956
06639	9.673769	-0.688115	-1.450612	0.002441	-0.004561	-0.002671	0.157528	0.027555	0.987130	0.588916	-0.805024	-0.071508	0.792693	0.592602	-0.143041
06640	9.669225	-0.758726	-1.411682	-0.002392	-0.003307	0.001927	0.157630	0.027539	0.987114	0.588903	-0.805028	-0.071581	0.792683	0.592598	-0.143115
06641	9.671038	-0.729772	-1.359518	-0.000064	0.001061	-0.001154	0.157659	0.027463	0.987112	0.588974	-0.804968	-0.071674	0.792624	0.592683	-0.143086
06642	9.646908	-0.681423	-1.351941	0.002682	-0.015612	0.000047	0.157848	0.027535	0.987079	0.589004	-0.804940	-0.071736	0.792565	0.592717	-0.143277
06643	9.688884	-0.681010	-1.377978	0.009241	-0.015465	0.000509	0.158095	0.027644	0.987037	0.589064	-0.804890	-0.071809	0.792471	0.592780	-0.143534
06644	9.699373	-0.654561	-1.360583	0.023408	-0.019629	0.001368	0.158324	0.027729	0.986998	0.589255	-0.804740	-0.071914	0.792283	0.592979	-0.143749
06645	9.678030	-0.655294	-1.349861	0.026393	-0.016209	0.001512	0.158461	0.027739	0.986975	0.589527	-0.804530	-0.072039	0.792053	0.593264	-0.143840
06646	9.700340	-0.679919	-1.361620	0.030491	-0.018310	0.002748	0.158688	0.027805	0.986937	0.589773	-0.804338	-0.072168	0.791825	0.593521	-0.144037
06647	9.677534	-0.656468	-1.352845	0.036380	-0.017219	-0.000016	0.158894	0.027915	0.986901	0.590060	-0.804119	-0.072257	0.791569	0.593812	-0.144241
06648	9.701791	-0.652012	-1.311934	0.032356	-0.009372	0.001798	0.159044	0.027935	0.986876	0.590322	-0.803916	-0.072379	0.791344	0.594086	-0.144349
06649	9.700160	-0.628188	-1.314943	0.022274	-0.014116	0.000284	0.159253	0.028013	0.986840	0.590499	-0.803777	-0.072476	0.791170	0.594270	-0.144545
06650	9.712215	-0.625782	-1.295181	0.013069	-0.013329	-0.002863	0.159406	0.028095	0.986813	0.590616	-0.803687	-0.072524	0.791052	0.594388	-0.144706
06651	9.733167	-0.625499	-1.308468	0.018575	-0.008723	-0.002346	0.159545	0.028159	0.986789	0.590775	-0.803565	-0.072587	0.790905	0.594551	-0.144841
06652	9.713498	-0.649996	-1.294573	0.013492	-0.003224	-0.002367	0.159622	0.028177	0.986776	0.590894	-0.803473	-0.072641	0.790801	0.594675	-0.144902
06653	9.657181	-0.682068	-1.343273	0.006020	-0.001029	-0.000457	0.159630	0.028194	0.986774	0.590939	-0.803439	-0.072640	0.790765	0.594719	-0.144914
06654	9.622342	-0.660676	-1.354338	0.001175	-0.006580	0.002253	0.159760	0.028195	0.986753	0.590953	-0.803421	-0.072721	0.790728	0.594743	-0.145017
06655	9.695755	-0.686782	-1.423360	0.004206	-0.011030	0.001658	0.160007	0.028286	0.986711	0.590944	-0.803421	-0.072797	0.790685	0.594739	-0.145268
06656	9.681879	-0.665456	-1.447337	0.013875	-0.009583	0.004565	0.160175	0.028286	0.986683	0.591055	-0.803328	-0.072920	0.790568	0.594864	-0.145391
06657	9.683121	-0.690367	-1.446514	0.019934	-0.018484	0.003376	0.160417	0.028369	0.986642	0.591208	-0.803206	-0.073030	0.790404	0.595026	-0.145620
06658	9.693150	-0.717612	-1.479236	0.030922	-0.016085	0.002518	0.160625	0.028424	0.986606	0.591457	-0.803011	-0.073157	0.790176	0.595286	-0.145795
06659	9.617405	-0.721735	-1.464659	0.039643	-0.019111	0.005906	0.160773	0.028385	0.986583	0.591867	-0.802690	-0.073357	0.789839	0.595720	-0.145851
06660	9.608249	-0.720487	-1.433050	0.032614	-0.021493	0.005693	0.161042	0.028447	0.986538	0.592124	-0.802486	-0.073518	0.789591	0.595992	-0.146078
06661	9.615211	-0.699493	-1.470514	0.029084	-0.026092	0.004646	0.161310	0.028650	0.986488	0.592268	-0.802377	-0.073544	0.789429	0.596129	-0.146400
06662	9.669177	-0.697616	-1.476454	0.038742	-0.024648	0.007550	0.161614	0.028717	0.986436	0.592570	-0.802137	-0.073732	0.789140	0.596449	-0.146653
06663	9.688872	-0.620924	-1.443185	0.035743	-0.028071	0.007421	0.161910	0.028833	0.986384	0.592836	-0.801928	-0.073869	0.788879	0.596724	-0.146933
06664	9.645771	-0.676030	-1.470840	0.028212	-0.024813	0.008177	0.162219	0.028896	0.986332	0.593053	-0.801751	-0.074049	0.788653	0.596959	-0.147196
06665	9.645374	-0.677121	-1.472941	0.028078	-0.022698	0.005865	0.162618	0.029010	0.986263	0.593233	-0.801600	-0.074235	0.788435	0.597156	-0.147564
06666	9.514475	-0.749484	-1.360070	0.013817	-0.001714	0.005291	0.162728	0.028959	0.986246	0.593342	-0.801508	-0.074365	0.788331	0.597282	-0.147610
06667	9.455935	-0.782082	-1.122739	0.002524	-0.001643	0.010596	0.162916	0.028752	0.986221	0.593468	-0.801386	-0.074673	0.788197	0.597456	-0.147622
06668	9.608524	-0.586931	-0.667060	-0.028687	0.007284	0.020855	0.163048	0.028521	0.986206	0.593216	-0.801552	-0.074895	0.788359	0.597245	-0.147611
06669	9.850282	-0.584376	-0.494350	-0.050030	0.038811	0.031738	0.163029	0.028060	0.986222	0.592746	-0.801874	-0.075170	0.788717	0.596834	-0.147362
06670	10.003709	-0.642348	-0.372770	-0.007690	0.078197	0.042840	0.162732	0.027231	0.986294	0.592623	-0.801920	-0.075639	0.788870	0.596810	-0.146636
06671	9.948245	-0.482232	-0.406933	0.030737	0.126133	0.047864	0.162087	0.025970	0.986435	0.592894	-0.801656	-0.076317	0.788799	0.597221	-0.145336
06672	9.799841	-0.182024	-0.742635	0.009618	0.121826	0.037008	0.161412	0.024926	0.986572	0.592919	-0.801596	-0.076754	0.788919	0.597346	-0.144166
06673	9.527082	0.095759	-1.005056	-0.054471	0.083011	0.000347	0.160816	0.024390	0.986683	0.592512	-0.801897	-0.076749	0.789346	0.596964	-0.143410
06674	9.563757	0.083939	-1.470453	-0.147774	0.076409	-0.031247	0.160094	0.024165	0.986806	0.591404	-0.802759	-0.076288	0.790324	0.595814	-0.142808
06675	9.124589	-0.294216	-1.643707	-0.192332	0.094578	-0.053749	0.158970	0.024027	0.986991	0.589974	-0.803889	-0.075454	0.791618	0.594294	-0.141970
06676	8.991481	-0.658561	-2.169977	-0.120075	0.014909	-0.038985	0.158687	0.024232	0.987031	0.589094	-0.804581	-0.074957	0.792330	0.593349	-0.141952
06677	9.250774	-0.622226	-2.550464	0.024650	-0.013703	-0.014889	0.158849	0.024411	0.987001	0.589335	-0.804405	-0.074953	0.792119	0.593580	-0.142165
06678	9.315309	-0.540954	-2.487575	0.123344	-0.058717	0.011179	0.159445	0.024650	0.986899	0.590302	-0.803663	-0.075297	0.791278	0.594574	-0.142691
06679	9.468180	-0.428919	-2.371258	0.152037	-0.102755	0.038105	0.160472	0.024878	0.986727	0.591546	-0.802685	-0.075965	0.790141	0.595884	-0.143525
06680	9.503360	-0.215323	-2.119633	0.130522	-0.157189	0.054482	0.162101	0.025358	0.986448	0.592497	-0.801908	-0.076749	0.789095	0.596909	-0.145015
06681	9.482424	-0.164799	-2.019422	0.111058	-0.193387	0.054874	0.163913	0.026084	0.986130	0.593307	-0.801244	-0.077425	0.788111	0.597769	-0.146810
06682	9.555335	-0.152529	-1.859101	0.089244	-0.223158	0.072399	0.166165	0.026818	0.985733	0.593899	-0.800717	-0.078329	0.787193	0.598442	-0.148979
06683	9.595168	-0.167317	-1.422300	0.059674	-0.246485	0.087262	0.168715	0.027561	0.985279	0.594306	-0.800312	-0.079379	0.786343	0.598950	-0.151405
06684	9.744208	-0.219380	-1.189391	0.040188	-0.258273	0.105529	0.171438	0.028244	0.984790	0.594451	-0.800089	-0.080538	0.785645	0.599217	-0.153955
06685	9.867386	-0.319975	-1.193664	0.026915	-0.264641	0.118473	0.174437	0.028927	0.984243	0.594461	-0.799948	-0.081846	0.784976	0.599372	-0.156736
06686	9.988818	-0.306766	-1.012252	0.049212	-0.278876	0.120888	0.177409	0.029612	0.983692	0.594643	-0.799676	-0.083172	0.784172	0.599701	-0.159479
06687	10.081711	-0.316765	-1.069674	0.054664	-0.277948	0.118194	0.180245	0.030335	0.983154	0.594905	-0.799352	-0.084402	0.783326	0.600096	-0.162126
06688	10.006848	-0.159033	-1.074404	0.059629	-0.270307	0.115276	0.183113	0.031016	0.982603	0.595171	-0.799017	-0.085691	0.782459	0.600507	-0.164770
06689	9.958389	-0.098151	-1.081713	0.035820	-0.254958	0.116671	0.185852	0.031604	0.982069	0.595305	-0.798781	-0.086953	0.781710	0.600791	-0.167269
06690	9.859377	-0.010129	-1.030938	0.021219	-0.249381	0.121623	0.188590	0.032111	0.981531	0.595251	-0.798680	-0.088242	0.781096	0.600899	-0.169737
06691	9.848792	-0.020013	-1.022077	0.003755	-0.250389	0.130002	0.191303	0.032672	0.980987	0.594981	-0.798750	-0.089425	0.780641	0.600776	-0.172242
06692	9.918683	-0.190704	-0.928505	-0.018740	-0.254797	0.138895	0.194183	0.033073	0.980408	0.594574	-0.798896	-0.090813	0.780240	0.600559	-0.174796
06693	9.943665	-0.350283	-0.953107	-0.022421	-0.244754	0.140548	0.196812	0.033405	0.979872	0.594209	-0.799019	-0.092110	0.779860	0.600377	-0.177106
06694	9.958155	-0.499769	-0.855210	-0.026754	-0.224429	0.145239	0.199489	0.033572	0.979325	0.593720	-0.799216	-0.093544	0.779552	0.600105	-0.179367
06695	9.934796	-0.595461	-0.680018	-0.013359	-0.213149	0.145278	0.202006	0.033697	0.978804	0.593376	-0.799306	-0.094944	0.779165	0.599979	-0.181460
06696	9.889350	-0.683942	-0.402933	-0.000647	-0.204490	0.160262	0.204614	0.033623	0.978265	0.593053	-0.799352	-0.096569	0.778731	0.599922	-0.183499
06697	10.052654	-0.796946	0.064463	0.015073	-0.212875	0.171854	0.207360	0.033564	0.977689	0.592807	-0.799324	-0.098289	0.778191	0.599962	-0.185645
06698	10.227813	-0.987151	0.505002	0.041473	-0.190760	0.184383	0.210001	0.033216	0.977137	0.592751	-0.799125	-0.100227	0.777525	0.600247	-0.187506
06699	10.429901	-1.267876	0.768093	0.092237	-0.123250	0.200938	0.212260	0.032328	0.976678	0.593109	-0.798575	-0.102467	0.776638	0.601027	-0.188679
06700	10.685426	-1.397961	1.075289	0.139961	-0.021938	0.218884	0.213794	0.030693	0.976397	0.593736	-0.797789	-0.104927	0.775738	0.602155	-0.188786
06701	10.971835	-1.328926	1.439001	0.160934	0.113403	0.245186	0.214386	0.028021	0.976347	0.594499	-0.796855	-0.107670	0.774990	0.603520	-0.187493
06702	11.286818	-1.093626	2.043205	0.135048	0.293321	0.267164	0.213767	0.024102	0.976587	0.594980	-0.796096	-0.110589	0.774792	0.604690	-0.184519
06703	11.488709	-0.801038	2.820005	0.042009	0.529418	0.270905	0.211221	0.018706	0.977259	0.594714	-0.795913	-0.113305	0.775693	0.605122	-0.179239
06704	11.668731	-0.818471	3.492337	-0.069787	0.794338	0.252531	0.206617	0.011871	0.978350	0.593652	-0.796360	-0.115710	0.777745	0.604707	-0.171589
06705	11.642423	-0.917299	4.177826	-0.132052	1.058895	0.220920	0.199486	0.003668	0.979894	0.592109	-0.797237	-0.117557	0.780777	0.603655	-0.161209
06706	11.481465	-1.170310	4.574486	-0.155713	1.310078	0.191495	0.190431	-0.005780	0.981684	0.590525	-0.798160	-0.119252	0.784230	0.602418	-0.148581
06707	11.343878	-1.254760	4.667963	-0.149165	1.531501	0.175609	0.179201	-0.016493	0.983674	0.588987	-0.799079	-0.120696	0.788024	0.601000	-0.133481
06708	11.027349	-1.295265	4.480197	-0.173949	1.769912	0.188787	0.166391	-0.028644	0.985644	0.587295	-0.800065	-0.122395	0.792085	0.599229	-0.116301
06709	10.876661	-1.165382	4.033671	-0.250083	1.963743	0.226142	0.151879	-0.042277	0.987494	0.584803	-0.801601	-0.124263	0.796830	0.596363	-0.097023
06710	10.619744	-1.100575	3.475894	-0.381012	2.114411	0.260592	0.136557	-0.056956	0.988993	0.581392	-0.803720	-0.126563	0.802082	0.592276	-0.076640
06711	10.711095	-1.651219	3.195076	-0.427653	2.187160	0.296385	0.120525	-0.072408	0.990066	0.577517	-0.806081	-0.129256	0.807433	0.587359	-0.055336
06712	11.572641	-2.073956	3.100355	-0.460006	2.185801	0.369171	0.105008	-0.088189	0.990553	0.573387	-0.808457	-0.132761	0.812528	0.581911	-0.034328
06713	13.019800	-1.477877	2.189038	-0.540685	2.216918	0.440574	0.089283	-0.104812	0.990476	0.568567	-0.811134	-0.137085	0.817777	0.575392	-0.012828
06714	13.537600	-1.869651	1.116943	-0.556250	2.168966	0.476473	0.074252	-0.121110	0.989858	0.563629	-0.813759	-0.141844	0.822684	0.568444	0.007838
06715	14.029878	-1.438859	0.170067	-0.409162	2.024362	0.465485	0.059992	-0.136543	0.988816	0.559891	-0.815498	-0.146579	0.826392	0.562422	0.027526
06716	14.404638	-0.963767	-0.654013	-0.364269	1.969070	0.418794	0.046089	-0.151003	0.987458	0.556668	-0.816914	-0.150905	0.829456	0.556642	0.046407
06717	13.775536	-1.046386	-1.344519	-0.272797	1.964977	0.334952	0.031302	-0.164716	0.985844	0.554154	-0.817995	-0.154267	0.831825	0.551138	0.065673
06718	12.665780	-1.451486	-2.906832	-0.161367	1.992461	0.253744	0.016180	-0.177751	0.983942	0.552767	-0.818424	-0.156940	0.833179	0.546430	0.085013
06719	11.444650	-1.377972	-3.635913	0.037388	1.973404	0.227360	0.000723	-0.190450	0.981697	0.553006	-0.817852	-0.159071	0.833177	0.542999	0.104729
06720	10.261167	-1.761520	-3.366033	0.010794	1.864958	0.189109	-0.013707	-0.202115	0.979266	0.553126	-0.817400	-0.160964	0.832985	0.539451	0.122999
06721	10.530456	-1.812511	-2.624525	-0.094708	1.828384	0.186469	-0.028088	-0.213568	0.976524	0.552374	-0.817524	-0.162906	0.833123	0.534831	0.140932
06722	10.207795	-1.782345	-1.746468	-0.168877	1.862803	0.226625	-0.042300	-0.225358	0.973357	0.551066	-0.817902	-0.165418	0.833389	0.529387	0.158784
06723	10.333365	-1.699892	-1.359869	-0.379621	1.870945	0.221914	-0.056770	-0.237095	0.969826	0.547967	-0.819405	-0.168246	0.834571	0.521882	0.176438
06724	10.212902	-1.588727	-1.298798	-0.530932	1.876921	0.170309	-0.071461	-0.248231	0.966061	0.543662	-0.821716	-0.170925	0.836257	0.512996	0.193674
06725	9.788650	-1.640688	-1.090032	-0.704865	1.829086	0.068142	-0.086539	-0.258041	0.962251	0.537690	-0.825216	-0.172936	0.838690	0.502427	0.210159
06726	9.236015	-1.627644	-0.935183	-0.768128	1.774460	-0.014391	-0.101460	-0.266766	0.958406	0.531247	-0.829047	-0.174520	0.841120	0.491443	0.225834
06727	8.855663	-1.323384	-0.565016	-0.791960	1.600478	-0.056633	-0.115242	-0.274154	0.954756	0.524490	-0.833049	-0.175898	0.843582	0.480489	0.239793
06728	8.685347	-1.205285	-0.542739	-0.897606	1.416459	-0.079336	-0.127566	-0.280244	0.951415	0.516831	-0.837506	-0.177395	0.846529	0.469091	0.251677
06729	8.561575	-1.134283	-0.541557	-1.031731	1.350373	-0.129710	-0.139823	-0.285408	0.948152	0.507949	-0.842639	-0.178740	0.849963	0.456621	0.262793
06730	7.895008	-1.082226	-0.324727	-1.176960	1.313814	-0.159930	-0.151762	-0.289994	0.944919	0.497713	-0.848368	-0.180426	0.853961	0.442917	0.273084
06731	7.437559	-1.077794	0.094300	-1.242550	1.202357	-0.153867	-0.162691	-0.293906	0.941887	0.486666	-0.854309	-0.182517	0.858305	0.428691	0.282023
06732	6.857956	-1.069531	0.282134	-1.265673	1.103490	-0.127654	-0.172742	-0.297496	0.938966	0.475588	-0.859999	-0.184982	0.862540	0.414607	0.290044
06733	6.603651	-1.301496	0.389090	-1.236863	0.947896	-0.089375	-0.181356	-0.300655	0.936331	0.464779	-0.865277	-0.187818	0.866655	0.401125	0.296662
06734	6.400208	-1.415337	0.434314	-1.122756	0.816715	-0.035336	-0.188555	-0.303608	0.933954	0.454990	-0.869795	-0.190894	0.870305	0.388946	0.302143
06735	6.346010	-1.517998	0.511053	-0.978151	0.704048	-0.006553	-0.194686	-0.306292	0.931817	0.446449	-0.873556	-0.193864	0.873373	0.378266	0.306813
06736	6.371791	-1.670485	0.793872	-0.843383	0.612671	0.009234	-0.199948	-0.308696	0.929907	0.439119	-0.876655	-0.196599	0.875897	0.369030	0.310839
06737	6.496254	-1.704892	1.031033	-0.696984	0.524753	0.015210	-0.204549	-0.310764	0.928216	0.433136	-0.879114	-0.198876	0.877812	0.361364	0.314425
06738	6.463873	-1.700466	0.955525	-0.528567	0.436045	0.006755	-0.208295	-0.312421	0.926826	0.428535	-0.880964	-0.200652	0.879188	0.355382	0.317383
06739	6.476545	-1.815840	0.862492	-0.343685	0.357277	-0.011033	-0.211512	-0.313641	0.925685	0.425576	-0.882168	-0.201655	0.879857	0.351297	0.320067
06740	6.483646	-2.006939	0.611816	-0.113589	0.305077	-0.055838	-0.214378	-0.314252	0.924818	0.424487	-0.882717	-0.201548	0.879689	0.349366	0.322631
06741	6.554345	-2.142293	0.759312	0.058189	0.254276	-0.120139	-0.217115	-0.314099	0.924231	0.424781	-0.882870	-0.200255	0.878876	0.349117	0.325107
06742	6.610182	-2.201987	1.160631	0.123681	0.206955	-0.186185	-0.219669	-0.313213	0.923928	0.425490	-0.882998	-0.198175	0.877897	0.349589	0.327236
06743	6.815138	-2.245256	1.632235	0.179221	0.132119	-0.239542	-0.221854	-0.311652	0.923934	0.426627	-0.883062	-0.195424	0.876795	0.350819	0.328870
06744	7.441563	-2.316120	2.486062	0.152408	0.141872	-0.270108	-0.224196	-0.309800	0.923992	0.427390	-0.883342	-0.192469	0.875828	0.351753	0.330447
06745	7.523300	-2.417721	3.176374	0.108629	0.242435	-0.277219	-0.227487	-0.308075	0.923764	0.427683	-0.883854	-0.189444	0.874835	0.351982	0.332824
06746	7.070117	-2.718627	2.946295	0.170057	0.240304	-0.315556	-0.230883	-0.306167	0.923555	0.428476	-0.884201	-0.186004	0.873557	0.352776	0.335332
06747	6.815815	-3.152162	2.797846	0.458786	0.107517	-0.353399	-0.233334	-0.303597	0.923788	0.431754	-0.883577	-0.181328	0.871288	0.356539	0.337248
06748	6.768805	-3.528374	2.852591	0.799043	-0.044174	-0.384441	-0.234567	-0.300079	0.924625	0.437833	-0.881836	-0.175119	0.867917	0.363754	0.338234
06749	7.107900	-3.682211	3.519265	1.191244	-0.190239	-0.420348	-0.234745	-0.295679	0.925996	0.447141	-0.878693	-0.167222	0.863111	0.374796	0.338479
06750	7.962982	-3.177349	4.869087	1.427947	-0.272992	-0.453238	-0.234393	-0.290698	0.927661	0.458391	-0.874551	-0.158233	0.857285	0.388142	0.338242
06751	9.114165	-2.689291	6.171992	1.545249	-0.224066	-0.519348	-0.234778	-0.285365	0.929218	0.470280	-0.869960	-0.148345	0.850715	0.402164	0.338449
06752	9.208362	-2.024464	7.146450	1.527369	-0.137139	-0.584873	-0.236344	-0.279762	0.930524	0.481872	-0.865342	-0.137774	0.843766	0.415832	0.339327
06753	8.917594	-1.775002	7.440183	1.362661	-0.122899	-0.654244	-0.238494	-0.273723	0.931771	0.491769	-0.861388	-0.127175	0.837427	0.427886	0.340044
06754	7.533035	-1.248683	6.724995	1.302887	-0.277045	-0.691053	-0.239555	-0.266612	0.933558	0.501020	-0.857579	-0.116350	0.831621	0.439859	0.339015
06755	7.143720	-0.696611	5.571840	1.313636	-0.607452	-0.664857	-0.237752	-0.258264	0.936362	0.510179	-0.853527	-0.105877	0.826554	0.452540	0.334689
06756	8.051516	-0.317608	5.331040	1.350393	-0.702144	-0.579041	-0.234892	-0.250141	0.939285	0.519965	-0.848775	-0.096007	0.821256	0.465844	0.329435
06757	8.742207	-0.029256	5.862178	1.221881	-0.615755	-0.494434	-0.232354	-0.242859	0.941823	0.528687	-0.844317	-0.087286	0.816396	0.477649	0.324577
06758	9.111913	0.241689	6.893667	0.921375	-0.473463	-0.424296	-0.230696	-0.237029	0.943714	0.535237	-0.840871	-0.080357	0.812589	0.486573	0.320852
06759	9.392114	0.444730	7.132258	0.514037	-0.307356	-0.362728	-0.230137	-0.232616	0.944948	0.538489	-0.839248	-0.075450	0.810596	0.491481	0.318403
06760	8.898648	0.284553	6.554503	0.148187	-0.218613	-0.295976	-0.229900	-0.229083	0.945868	0.539037	-0.839179	-0.072227	0.810299	0.493253	0.316412
06761	8.334695	-0.206319	5.877870	-0.065405	-0.260269	-0.233236	-0.229007	-0.225873	0.946857	0.537856	-0.840099	-0.070320	0.811337	0.493169	0.313876
06762	7.721365	-0.590446	5.245580	-0.151420	-0.324961	-0.195954	-0.227361	-0.222652	0.948015	0.536207	-0.841263	-0.068982	0.812890	0.492648	0.310658
06763	7.381413	-1.067546	4.597505	-0.234743	-0.404242	-0.181037	-0.225003	-0.218994	0.949429	0.533782	-0.842890	-0.067920	0.815138	0.491506	0.306548
06764	7.293331	-1.344853	3.821591	-0.331352	-0.463491	-0.169287	-0.222060	-0.215320	0.950961	0.530726	-0.844862	-0.067366	0.817936	0.489740	0.301886
06765	6.939140	-1.278785	2.677725	-0.359279	-0.527924	-0.168285	-0.218604	-0.211165	0.952692	0.527327	-0.847037	-0.066746	0.821059	0.487789	0.296519
06766	6.627957	-1.160142	1.279422	-0.264783	-0.724099	-0.212799	-0.213708	-0.205859	0.954961	0.524716	-0.848751	-0.065539	0.824016	0.487077	0.289403
06767	7.379788	-2.050065	-0.161926	-0.088769	-1.030426	-0.255219	-0.206529	-0.198615	0.958070	0.523346	-0.849762	-0.063345	0.826713	0.488320	0.279444
06768	9.144876	-3.336245	0.220930	0.093265	-1.167525	-0.269119	-0.198215	-0.190636	0.961441	0.523599	-0.849810	-0.060554	0.828586	0.491407	0.268262
06769	11.299369	-3.861379	3.091346	0.150225	-0.906058	-0.222081	-0.191775	-0.184260	0.963987	0.524233	-0.849590	-0.058102	0.829700	0.494211	0.259525
06770	12.707514	-2.757290	7.056652	0.017388	-0.391157	-0.152659	-0.189269	-0.181055	0.965089	0.524112	-0.849764	-0.056633	0.830352	0.495096	0.255727
06771	12.931322	-0.288177	9.676707	-0.257477	0.031858	-0.153374	-0.190375	-0.180062	0.965057	0.521577	-0.851367	-0.055959	0.831694	0.492698	0.255995
06772	11.942787	0.337875	8.517354	-0.633929	0.013208	-0.245203	-0.191697	-0.178063	0.965166	0.515851	-0.854894	-0.055263	0.834955	0.487288	0.255735
06773	12.308145	-1.739461	5.705498	-0.805277	-0.323218	-0.314951	-0.190561	-0.174072	0.966119	0.508235	-0.859485	-0.054613	0.839871	0.480608	0.252254
06774	13.424752	-4.224996	4.033948	-0.636607	-0.411289	-0.262617	-0.188366	-0.169874	0.967296	0.502403	-0.862963	-0.053716	0.843866	0.475854	0.247898
06775	13.072451	-5.029841	3.848850	-0.260988	-0.323562	-0.097521	-0.186225	-0.167815	0.968069	0.499884	-0.864427	-0.053688	0.845835	0.473924	0.244866
06776	12.511541	-4.387948	4.700390	0.003548	-0.349107	0.062484	-0.182899	-0.166731	0.968890	0.500053	-0.864288	-0.054334	0.846460	0.474559	0.241452
06777	12.027817	-3.019070	4.824427	-0.040862	-0.424041	0.165033	-0.178539	-0.166599	0.969726	0.499760	-0.864321	-0.056478	0.847564	0.474546	0.237574
06778	11.777127	-2.183491	3.615473	-0.194036	-0.421915	0.197780	-0.173913	-0.166341	0.970611	0.498485	-0.864894	-0.058906	0.849274	0.473591	0.233335
06779	11.515578	-1.636231	1.527481	-0.157980	-0.384024	0.147625	-0.169894	-0.166081	0.971367	0.497088	-0.865550	-0.061047	0.850905	0.472483	0.229608
06780	11.197408	-0.196939	0.608948	-0.048589	-0.342564	0.006833	-0.166884	-0.164554	0.972148	0.496708	-0.865752	-0.061277	0.851722	0.472648	0.226216
06781	10.348032	1.565795	0.137320	0.064638	-0.415666	-0.158201	-0.164145	-0.161442	0.973136	0.496763	-0.865821	-0.059847	0.852223	0.473594	0.222318
06782	9.135825	2.436861	-0.800680	0.245746	-0.534065	-0.306823	-0.161062	-0.156283	0.974492	0.498380	-0.865124	-0.056372	0.851867	0.476588	0.217227
06783	7.615642	1.913898	-1.879972	0.458030	-0.612356	-0.421516	-0.158101	-0.149996	0.975964	0.501568	-0.863585	-0.051473	0.850549	0.481375	0.211767
06784	6.204856	0.697283	-2.681328	0.678073	-0.701056	-0.496222	-0.154588	-0.142352	0.977670	0.506574	-0.861008	-0.045266	0.848225	0.488264	0.205213
06785	5.927349	0.249423	-2.405111	0.841936	-0.801290	-0.507191	-0.150328	-0.134413	0.979456	0.512624	-0.857726	-0.039030	0.845351	0.496226	0.197844
06786	6.395778	0.536812	-1.686212	0.920264	-0.872917	-0.458251	-0.145269	-0.126154	0.981316	0.519731	-0.853700	-0.032810	0.841889	0.505254	0.189583
06787	7.852796	0.873136	-1.198533	0.834907	-0.999414	-0.348925	-0.138705	-0.118292	0.983244	0.526126	-0.849945	-0.028035	0.839019	0.513421	0.180128
06788	9.528998	1.057523	-1.134486	0.618164	-1.082197	-0.259267	-0.130945	-0.110533	0.985208	0.530976	-0.847034	-0.024459	0.837208	0.519920	0.169605
06789	10.499606	1.206778	-1.033448	0.312842	-1.089222	-0.235697	-0.123087	-0.103029	0.987033	0.533198	-0.845710	-0.021785	0.836988	0.523603	0.159030
06790	10.806452	1.263073	-0.496214	0.007673	-1.082686	-0.224870	-0.115156	-0.095484	0.988748	0.533013	-0.845880	-0.019609	0.838234	0.524757	0.148303
06791	10.621275	1.040038	-0.075753	-0.222762	-1.031308	-0.164354	-0.107398	-0.089165	0.990210	0.530819	-0.847278	-0.018722	0.840653	0.523611	0.138327
06792	9.981195	0.436579	0.262735	-0.338601	-0.996398	-0.113611	-0.099549	-0.083028	0.991563	0.527867	-0.849134	-0.018106	0.843473	0.521611	0.128358
06793	9.641706	-0.207732	0.062870	-0.450889	-0.952440	-0.096603	-0.092046	-0.077492	0.992735	0.523924	-0.851577	-0.017895	0.846777	0.518470	0.118984
06794	9.100430	-0.912858	0.326490	-0.348053	-0.961915	-0.097938	-0.084339	-0.071715	0.993853	0.520901	-0.853440	-0.017379	0.849440	0.516234	0.109335
06795	9.073924	-1.389548	0.673811	-0.128510	-0.981896	-0.127133	-0.076542	-0.066104	0.994873	0.519409	-0.854360	-0.016807	0.851091	0.515459	0.099730
06796	8.769838	-1.381738	0.824807	0.164413	-1.024294	-0.178126	-0.068691	-0.059329	0.995872	0.520693	-0.853613	-0.014939	0.850976	0.517518	0.089528
06797	9.954170	-1.274648	0.921202	0.370212	-1.037968	-0.188102	-0.060867	-0.052667	0.996755	0.523636	-0.851843	-0.013034	0.849765	0.521143	0.079428
06798	9.830354	-0.826725	0.793881	0.568349	-0.933458	-0.169693	-0.053779	-0.046371	0.997476	0.528374	-0.848941	-0.010979	0.847307	0.526450	0.070157
06799	9.704487	-0.329636	0.694346	0.670049	-0.895937	-0.173393	-0.047138	-0.040537	0.998066	0.533852	-0.845529	-0.009128	0.844263	0.532389	0.061497
06800	9.502016	0.071198	0.187331	0.717057	-0.876189	-0.193757	-0.040735	-0.034246	0.998583	0.539820	-0.841752	-0.006847	0.840794	0.538776	0.052776
06801	9.346500	0.655060	-0.099091	0.743648	-0.924588	-0.214644	-0.034198	-0.027801	0.999028	0.545932	-0.837816	-0.004627	0.837131	0.545244	0.043829
06802	9.566387	1.484012	-0.342417	0.725962	-0.954759	-0.229764	-0.027423	-0.020681	0.999410	0.551936	-0.833884	-0.002111	0.833435	0.551553	0.034282
06803	9.629497	1.667878	-0.772827	0.656561	-0.973486	-0.235049	-0.020583	-0.013627	0.999695	0.557208	-0.830373	0.000153	0.830118	0.557041	0.024684
06804	9.602301	1.578180	-1.016330	0.534372	-0.973147	-0.260890	-0.013916	-0.006058	0.999885	0.561601	-0.827404	0.002803	0.827291	0.561575	0.014917
06805	9.642450	1.403014	-1.165898	0.445168	-0.912203	-0.225402	-0.007633	0.000712	0.999971	0.565181	-0.824952	0.004902	0.824932	0.565202	0.005894
06806	9.751014	1.395143	-1.092113	0.342183	-0.882822	-0.166837	-0.001242	0.007053	0.999974	0.568001	-0.823002	0.006510	0.823027	0.567995	-0.002984
06807	9.960512	1.271779	-1.066056	0.207574	-0.824185	-0.128319	0.004712	0.012535	0.999910	0.569750	-0.821783	0.007617	0.821805	0.569663	-0.011014
06808	9.807788	1.188846	-1.131267	0.083870	-0.782182	-0.109349	0.010575	0.017855	0.999785	0.570455	-0.821284	0.008633	0.821261	0.570241	-0.018871
06809	9.677102	1.224831	-1.293121	-0.026147	-0.755751	-0.088588	0.016305	0.022786	0.999607	0.570200	-0.821452	0.009424	0.821344	0.569822	-0.026386
06810	9.420151	0.823693	-1.421822	-0.109854	-0.730081	-0.072754	0.021950	0.027503	0.999381	0.569318	-0.822055	0.010119	0.821824	0.568743	-0.033702
06811	9.350641	0.456866	-1.419131	-0.166842	-0.761205	-0.054053	0.027894	0.031886	0.999102	0.567927	-0.823013	0.010410	0.822606	0.567127	-0.041066
06812	9.567944	0.196961	-1.532017	-0.171315	-0.771481	-0.015217	0.034218	0.036342	0.998753	0.566527	-0.823975	0.010573	0.823332	0.565459	-0.048783
06813	9.662916	-0.134488	-1.695925	-0.170075	-0.804899	-0.005378	0.040846	0.040667	0.998338	0.565079	-0.824970	0.010486	0.824025	0.563711	-0.056677
06814	9.488590	-0.399323	-1.723144	-0.096894	-0.839767	-0.010347	0.047769	0.045443	0.997824	0.564289	-0.825509	0.010581	0.824194	0.562556	-0.065077
06815	9.379350	-0.137145	-1.763999	-0.057444	-0.870022	-0.008245	0.054915	0.050220	0.997227	0.563788	-0.825852	0.010543	0.824092	0.561646	-0.073665
06816	9.156113	0.215852	-1.625511	-0.026799	-0.908379	-0.023975	0.062325	0.055478	0.996513	0.563585	-0.825988	0.010736	0.823704	0.560950	-0.082746
06817	8.985915	0.591510	-1.705772	-0.050936	-0.942435	-0.030531	0.069910	0.060619	0.995710	0.563167	-0.826273	0.010763	0.823380	0.559999	-0.091903
06818	9.607154	0.697338	-1.660531	-0.076798	-0.990266	-0.040508	0.077895	0.066453	0.994744	0.562567	-0.826676	0.011173	0.823074	0.558740	-0.101778
06819	9.574423	0.566598	-1.450845	-0.081750	-0.938682	-0.078457	0.085114	0.072130	0.993757	0.562006	-0.827048	0.011895	0.822742	0.557485	-0.110931
06820	9.612141	0.269465	-1.364172	-0.094906	-0.943189	-0.084227	0.092460	0.078037	0.992654	0.561301	-0.827513	0.012773	0.822431	0.555996	-0.120314
06821	9.602084	-0.135341	-1.294050	-0.037918	-0.936703	-0.078117	0.099724	0.083738	0.991485	0.561075	-0.827656	0.013468	0.821736	0.554954	-0.129521
06822	9.731712	-0.077594	-1.271970	0.036358	-0.926540	-0.067949	0.107012	0.089399	0.990230	0.561443	-0.827396	0.014025	0.820567	0.554457	-0.138734
06823	9.591892	-0.307736	-1.147058	0.139414	-0.921670	-0.046504	0.114341	0.094830	0.988905	0.562606	-0.826603	0.014216	0.818780	0.554739	-0.147867
06824	9.668139	-0.461861	-1.124833	0.240675	-0.945086	-0.027309	0.121974	0.100262	0.987456	0.564605	-0.825242	0.014050	0.816299	0.555809	-0.157267
06825	9.781913	-0.392480	-1.184425	0.333500	-0.957615	-0.025778	0.129557	0.105311	0.985964	0.567442	-0.823305	0.013375	0.813157	0.557745	-0.166423
06826	10.066158	-0.154788	-0.800387	0.436499	-0.991774	-0.043551	0.137415	0.111172	0.984255	0.571039	-0.820820	0.012987	0.809341	0.560263	-0.176276
06827	10.009522	-0.062813	-0.908850	0.470702	-0.945349	-0.056884	0.144670	0.116734	0.982570	0.574963	-0.818084	0.012537	0.805288	0.563127	-0.185469
06828	9.802378	0.042614	-0.747156	0.563505	-0.945272	-0.066313	0.151937	0.122573	0.980760	0.579582	-0.814825	0.012047	0.800625	0.566600	-0.194843
06829	9.657745	0.216539	-0.923865	0.599346	-0.931295	-0.073546	0.158916	0.128299	0.978920	0.584484	-0.811325	0.011450	0.795691	0.570343	-0.203922
06830	9.521567	0.496362	-0.976316	0.632460	-0.926125	-0.070689	0.165907	0.134131	0.976977	0.589609	-0.807617	0.010753	0.790466	0.574250	-0.213074
06831	9.265075	0.819426	-1.192863	0.621509	-0.897097	-0.050067	0.172639	0.139743	0.975022	0.594560	-0.803990	0.009957	0.785299	0.577990	-0.221885
06832	9.049520	1.188646	-1.506106	0.563323	-0.891270	-0.022405	0.179543	0.145049	0.972998	0.599003	-0.800698	0.008832	0.780359	0.581243	-0.230644
06833	8.909032	1.354244	-1.656558	0.497433	-0.886814	0.006980	0.186392	0.150016	0.970955	0.602914	-0.797770	0.007518	0.775727	0.584001	-0.239145
06834	8.821975	1.387552	-1.668665	0.455172	-0.901401	0.030270	0.193608	0.155009	0.968756	0.606370	-0.795159	0.006048	0.771253	0.586254	-0.247942
06835	8.825461	1.265972	-1.624145	0.396204	-0.922445	0.041481	0.200770	0.159828	0.966513	0.609485	-0.792785	0.004493	0.766955	0.588172	-0.256580
06836	8.958760	0.962630	-1.638752	0.334244	-0.932535	0.065878	0.208367	0.164756	0.964074	0.611898	-0.790931	0.002916	0.762997	0.589308	-0.265618
06837	9.086290	0.449338	-1.451263	0.317148	-0.938202	0.092296	0.215935	0.169436	0.961594	0.614144	-0.789193	0.001146	0.759078	0.590310	-0.274473
06838	9.306997	0.046863	-1.293918	0.316727	-0.940677	0.115185	0.223826	0.174045	0.958963	0.616279	-0.787527	-0.000912	0.755051	0.591193	-0.283530
06839	9.486223	-0.337520	-1.422619	0.355720	-0.928057	0.118705	0.231432	0.178352	0.956363	0.618771	-0.785564	-0.003238	0.750707	0.592519	-0.292164
06840	9.760398	-0.468290	-1.365974	0.424507	-0.906322	0.109660	0.238955	0.182829	0.953663	0.621679	-0.783252	-0.005612	0.745933	0.594214	-0.300823
06841	10.036199	-0.420518	-1.253802	0.477235	-0.872306	0.110902	0.246090	0.187046	0.951028	0.624940	-0.780630	-0.008178	0.740871	0.596348	-0.308998
06842	9.882758	-0.417132	-1.123502	0.511163	-0.797983	0.111126	0.252738	0.190909	0.948513	0.628424	-0.777794	-0.010900	0.735667	0.598824	-0.316550
06843	9.874039	-0.395791	-1.044894	0.572257	-0.758295	0.132550	0.259010	0.194251	0.946140	0.632290	-0.774605	-0.014059	0.730153	0.601876	-0.323453
06844	9.767007	-0.178970	-1.315338	0.612291	-0.678766	0.146857	0.264939	0.197172	0.943891	0.636345	-0.771206	-0.017515	0.724481	0.605281	-0.329792
06845	9.477904	0.140476	-1.480754	0.599241	-0.626193	0.137986	0.270206	0.199624	0.941880	0.640418	-0.767739	-0.021007	0.718925	0.608873	-0.335291
06846	9.229805	0.367400	-1.422765	0.571803	-0.609959	0.119045	0.275401	0.202396	0.939782	0.644174	-0.764498	-0.024128	0.713578	0.612029	-0.340922
06847	9.281497	0.730249	-1.501130	0.572241	-0.608066	0.089444	0.280141	0.205306	0.937748	0.647982	-0.761179	-0.026928	0.708266	0.615187	-0.346272
06848	9.619912	0.680841	-1.263643	0.595856	-0.607696	0.081145	0.285016	0.208399	0.935594	0.651941	-0.757682	-0.029836	0.702665	0.618456	-0.351815
06849	9.820384	0.395458	-0.760652	0.598229	-0.545761	0.083619	0.289223	0.210953	0.933729	0.655928	-0.754110	-0.032802	0.697215	0.621946	-0.356476
06850	9.866595	0.270198	-0.589086	0.631137	-0.487960	0.084689	0.293230	0.213320	0.931939	0.660048	-0.750364	-0.035923	0.691631	0.625658	-0.360830
06851	10.418151	0.067914	-0.492107	0.662866	-0.480540	0.085083	0.297054	0.215542	0.930215	0.664428	-0.746321	-0.039246	0.685780	0.629720	-0.364910
06852	10.879955	-0.332759	-0.282478	0.756781	-0.433080	0.092449	0.300688	0.217552	0.928578	0.669301	-0.741749	-0.042949	0.679428	0.634413	-0.368643
06853	11.196130	-0.473605	-0.351202	0.841596	-0.389612	0.102365	0.303980	0.219064	0.927150	0.674720	-0.736564	-0.047184	0.672569	0.639909	-0.371707
06854	11.962778	-0.452757	0.319988	0.899527	-0.328460	0.105766	0.306956	0.220361	0.925861	0.680397	-0.731026	-0.051587	0.665461	0.645788	-0.374325
06855	12.735705	-0.230535	0.792424	0.877563	-0.173279	0.111138	0.308882	0.220439	0.925202	0.685825	-0.725603	-0.056083	0.658966	0.651849	-0.375308
06856	13.540476	-0.129552	0.830390	0.760873	0.034843	0.147736	0.309733	0.219105	0.925235	0.690344	-0.720958	-0.060370	0.653828	0.657429	-0.374562
06857	14.046451	0.267653	0.489491	0.670613	0.311445	0.200884	0.308944	0.215265	0.926399	0.694150	-0.716898	-0.064908	0.650161	0.663113	-0.370908
06858	14.106706	0.080572	0.857903	0.530618	0.517350	0.265899	0.307498	0.209882	0.928113	0.696757	-0.713943	-0.069396	0.648055	0.668008	-0.365773
06859	14.218745	-0.291295	0.309791	0.348555	0.739275	0.338249	0.305005	0.202245	0.930628	0.697997	-0.712269	-0.073972	0.647898	0.672138	-0.358412
06860	14.238632	-0.010264	-0.308320	0.304909	0.867425	0.431024	0.302456	0.193292	0.933359	0.698646	-0.711077	-0.079138	0.648393	0.676023	-0.350112
06861	14.269313	0.224603	-0.302771	0.326948	1.032072	0.533313	0.299299	0.182215	0.936599	0.699205	-0.709809	-0.085345	0.649255	0.680418	-0.339851
06862	14.096896	0.658932	-0.082758	0.272509	1.183818	0.632209	0.296087	0.169612	0.939981	0.699076	-0.709071	-0.092257	0.650865	0.684434	-0.328518
06863	14.204266	1.140367	0.492720	0.147746	1.317276	0.697285	0.292278	0.155319	0.943636	0.698074	-0.709078	-0.099507	0.653656	0.687811	-0.315672
06864	13.865048	1.630753	0.809084	-0.030062	1.487973	0.718874	0.287591	0.139929	0.947476	0.695774	-0.710354	-0.106282	0.658171	0.689795	-0.301650
06865	13.136366	1.540419	0.924157	-0.174424	1.609712	0.655341	0.281296	0.123863	0.951594	0.692666	-0.712508	-0.112013	0.664144	0.690645	-0.286222
06866	13.070003	1.407470	0.230136	-0.279552	1.730266	0.552718	0.273628	0.107928	0.955761	0.689248	-0.715085	-0.116578	0.670868	0.690656	-0.270056
06867	12.662139	1.514345	-1.018808	-0.274003	1.853933	0.493117	0.264320	0.091255	0.960108	0.686396	-0.717123	-0.120806	0.677492	0.690946	-0.252187
06868	12.375974	1.283382	-1.971652	-0.317258	1.961690	0.422972	0.253917	0.074627	0.964343	0.683123	-0.719669	-0.124177	0.684740	0.690296	-0.233715
06869	11.768040	0.472511	-2.437717	-0.309090	2.029058	0.383886	0.242540	0.057566	0.968432	0.680128	-0.721935	-0.127422	0.691810	0.689562	-0.214250
06870	11.831588	-0.351227	-2.505034	-0.257344	2.008125	0.352452	0.231036	0.041137	0.972075	0.677489	-0.723883	-0.130387	0.698305	0.688695	-0.195113
