// General information: 
//  MT Manager version: 2022.2.0 
//  XDA version: 2022.2.0 build 7381 rev 124627 built on 2023-07-19
// Device information: 
//  DeviceId: 00B4CB9F
//  ProductCode: MTW2-3A7G6
//  Firmware Version: 4.6.0
//  Hardware Version: 2.0.0
// Device settings: 
//  Filter Profile: human(46.1)
//  Option Flags: Orientation Smoother Disabled, Position/Velocity Smoother Disabled, Continuous Zero Rotation Update Disabled, AHS Disabled, ICC Disabled
// Coordinate system: ENU
PacketCounter	Acc_X	Acc_Y	Acc_Z	Gyr_X	Gyr_Y	Gyr_Z	Mat[1][1]	Mat[2][1]	Mat[3][1]	Mat[1][2]	Mat[2][2]	Mat[3][2]	Mat[1][3]	Mat[2][3]	Mat[3][3]
29106	9.755873	0.499207	-0.243296	-0.000960	0.008456	-0.011950	-0.007464	0.058276	0.998273	0.633952	-0.771768	0.049793	0.773337	0.633228	-0.031184
29107	9.788026	0.527769	-0.277086	-0.009434	0.004629	-0.009330	-0.007599	0.058323	0.998269	0.633876	-0.771822	0.049918	0.773398	0.633158	-0.031104
29108	9.755337	0.592828	-0.290233	-0.019113	0.010230	-0.010322	-0.007686	0.058316	0.998269	0.633744	-0.771927	0.049973	0.773505	0.633030	-0.031025
29109	9.746981	0.503541	-0.299957	-0.019401	0.008624	-0.009932	-0.007712	0.058304	0.998269	0.633643	-0.772009	0.049984	0.773587	0.632932	-0.030990
29110	9.730467	0.501762	-0.316998	-0.021754	0.004254	-0.013099	-0.007770	0.058356	0.998266	0.633491	-0.772129	0.050068	0.773711	0.632781	-0.030969
29111	9.803658	0.503078	-0.317102	-0.023224	0.007836	-0.013180	-0.007876	0.058362	0.998264	0.633357	-0.772234	0.050145	0.773820	0.632652	-0.030882
29112	9.771019	0.514506	-0.321181	-0.024381	0.008782	-0.010511	-0.007952	0.058366	0.998264	0.633184	-0.772372	0.050203	0.773961	0.632484	-0.030814
29113	9.778669	0.520027	-0.361789	-0.023218	0.004153	-0.013737	-0.007965	0.058412	0.998261	0.633029	-0.772495	0.050252	0.774087	0.632329	-0.030823
29114	9.770915	0.517125	-0.320156	-0.020567	-0.000927	-0.012630	-0.007980	0.058493	0.998256	0.632886	-0.772607	0.050330	0.774204	0.632184	-0.030854
29115	9.794668	0.509650	-0.374373	-0.021742	-0.003110	-0.014214	-0.007958	0.058624	0.998248	0.632728	-0.772731	0.050424	0.774334	0.632021	-0.030944
29116	9.778790	0.540141	-0.331034	-0.017922	0.001367	-0.010406	-0.007976	0.058673	0.998245	0.632605	-0.772828	0.050479	0.774434	0.631897	-0.030953
29117	9.786882	0.507477	-0.332619	-0.016437	0.004600	-0.005514	-0.007972	0.058747	0.998241	0.632464	-0.772939	0.050539	0.774548	0.631755	-0.030994
29118	9.811124	0.461652	-0.347031	-0.009425	0.000955	-0.009885	-0.007983	0.058796	0.998238	0.632407	-0.772983	0.050586	0.774595	0.631697	-0.031012
29119	9.819112	0.482834	-0.357504	-0.002092	0.005171	-0.006135	-0.007985	0.058818	0.998237	0.632435	-0.772958	0.050603	0.774572	0.631724	-0.031027
29120	9.835466	0.539983	-0.347915	0.007887	0.007991	-0.000720	-0.007993	0.058752	0.998241	0.632513	-0.772898	0.050553	0.774509	0.631804	-0.030984
29121	9.786409	0.547310	-0.369992	0.008466	0.007520	-0.002055	-0.007972	0.058748	0.998241	0.632592	-0.772835	0.050534	0.774444	0.631882	-0.031002
29122	9.737651	0.570956	-0.361631	-0.000625	0.005277	-0.005497	-0.007989	0.058735	0.998242	0.632603	-0.772826	0.050535	0.774435	0.631894	-0.030982
29123	9.705450	0.543890	-0.327054	-0.006177	-0.001472	-0.005861	-0.007849	0.058798	0.998239	0.632605	-0.772827	0.050495	0.774435	0.631887	-0.031130
29124	9.770620	0.524373	-0.317347	-0.011461	-0.006053	-0.010309	-0.007808	0.058895	0.998234	0.632532	-0.772883	0.050547	0.774495	0.631809	-0.031218
29125	9.803173	0.515162	-0.312664	-0.012045	-0.001895	-0.008414	-0.007834	0.058962	0.998229	0.632431	-0.772961	0.050619	0.774577	0.631708	-0.031234
29126	9.851900	0.492690	-0.320372	-0.010582	0.001897	-0.007216	-0.007835	0.058985	0.998228	0.632365	-0.773014	0.050640	0.774631	0.631641	-0.031243
29127	9.770958	0.488775	-0.277710	-0.002077	0.008298	-0.001879	-0.007756	0.058867	0.998236	0.632420	-0.772978	0.050497	0.774587	0.631696	-0.031233
29128	9.746365	0.519457	-0.292748	-0.004411	0.007055	-0.000795	-0.007757	0.058807	0.998239	0.632403	-0.772995	0.050452	0.774601	0.631681	-0.031194
29129	9.754695	0.555902	-0.272386	0.005263	0.005141	0.000753	-0.007732	0.058812	0.998239	0.632422	-0.772980	0.050439	0.774585	0.631698	-0.031217
29130	9.746248	0.573514	-0.300479	-0.009987	0.004553	-0.004296	-0.007736	0.058795	0.998240	0.632361	-0.773031	0.050431	0.774635	0.631638	-0.031200
29131	9.803008	0.571197	-0.318607	-0.016142	0.002522	-0.006463	-0.007757	0.058939	0.998231	0.632155	-0.773190	0.050563	0.774803	0.631429	-0.031261
29132	9.754043	0.525399	-0.332209	-0.023188	0.003602	-0.010043	-0.007789	0.058973	0.998229	0.631991	-0.773321	0.050617	0.774937	0.631266	-0.031247
29133	9.778166	0.533729	-0.355371	-0.023474	0.001995	-0.009655	-0.007906	0.058944	0.998230	0.631849	-0.773433	0.050674	0.775051	0.631132	-0.031129
29134	9.794729	0.483932	-0.328441	-0.024073	0.003029	-0.012015	-0.007946	0.058997	0.998227	0.631678	-0.773568	0.050747	0.775190	0.630961	-0.031120
29135	9.786118	0.432467	-0.378223	-0.013811	0.007455	-0.006983	-0.008070	0.059078	0.998221	0.631546	-0.773667	0.050894	0.775297	0.630833	-0.031066
29136	9.746359	0.470873	-0.280187	-0.006759	0.002689	-0.003966	-0.008058	0.059071	0.998221	0.631509	-0.773697	0.050882	0.775327	0.630796	-0.031069
29137	9.730172	0.484287	-0.267575	-0.009948	-0.007066	-0.002286	-0.007942	0.059128	0.998219	0.631445	-0.773752	0.050856	0.775380	0.630724	-0.031191
29138	9.794456	0.540031	-0.337049	-0.007895	-0.011115	-0.003545	-0.007820	0.059205	0.998215	0.631399	-0.773790	0.050840	0.775418	0.630670	-0.031331
29139	9.810582	0.527352	-0.350314	-0.004999	0.000717	-0.004275	-0.007819	0.059312	0.998209	0.631320	-0.773848	0.050926	0.775483	0.630588	-0.031394
29140	9.819317	0.526345	-0.290919	-0.002959	0.004039	-0.004409	-0.007820	0.059301	0.998210	0.631313	-0.773855	0.050918	0.775489	0.630581	-0.031386
29141	9.802411	0.561581	-0.347176	0.001715	0.013335	-0.001754	-0.007971	0.059177	0.998216	0.631355	-0.773821	0.050915	0.775453	0.630634	-0.031194
29142	9.729199	0.561680	-0.345354	-0.007058	0.008453	-0.002454	-0.007994	0.059122	0.998219	0.631316	-0.773854	0.050889	0.775485	0.630598	-0.031138
29143	9.810517	0.458703	-0.369135	-0.005011	0.008090	-0.003150	-0.008094	0.059075	0.998221	0.631286	-0.773877	0.050917	0.775508	0.630575	-0.031029
29144	9.769749	0.502405	-0.371348	0.001454	0.007478	0.001765	-0.008084	0.058994	0.998226	0.631314	-0.773859	0.050846	0.775486	0.630604	-0.030988
29145	9.737443	0.528178	-0.345361	0.006171	0.001466	0.005864	-0.008074	0.058945	0.998229	0.631358	-0.773826	0.050801	0.775450	0.630649	-0.030967
29146	9.712577	0.542214	-0.391637	0.005285	0.000891	0.003890	-0.007999	0.058889	0.998232	0.631415	-0.773785	0.050708	0.775404	0.630705	-0.030993
29147	9.737933	0.489547	-0.305946	0.006446	-0.000048	0.001220	-0.007919	0.058842	0.998236	0.631508	-0.773715	0.050618	0.775329	0.630795	-0.031032
29148	9.803160	0.469362	-0.296079	0.001454	-0.003017	-0.003619	-0.007861	0.058869	0.998235	0.631536	-0.773694	0.050601	0.775307	0.630819	-0.031096
29149	9.909555	0.491909	-0.230317	0.005798	0.009486	-0.007404	-0.007896	0.058869	0.998235	0.631604	-0.773637	0.050619	0.775251	0.630889	-0.031073
29150	9.868213	0.504222	-0.293170	-0.004174	0.017165	-0.007443	-0.008018	0.058798	0.998238	0.631587	-0.773649	0.050642	0.775263	0.630880	-0.030932
29151	9.745344	0.603254	-0.361578	-0.002078	0.018796	0.003509	-0.007799	0.058598	0.998251	0.631678	-0.773594	0.050346	0.775192	0.630966	-0.030982
29152	9.639241	0.720705	-0.381458	-0.003837	0.020770	0.003818	-0.007878	0.058417	0.998261	0.631665	-0.773611	0.050255	0.775202	0.630962	-0.030806
29153	9.745279	0.780297	-0.353360	-0.008810	0.017237	0.002673	-0.008003	0.058332	0.998265	0.631582	-0.773678	0.050272	0.775268	0.630888	-0.030650
29154	9.902141	0.821647	-0.099850	-0.015081	0.050649	-0.009212	-0.008395	0.058063	0.998278	0.631480	-0.773758	0.050315	0.775347	0.630815	-0.030170
29155	9.831766	0.502960	0.192171	-0.031535	0.098389	-0.000587	-0.009068	0.057500	0.998304	0.631228	-0.773963	0.050312	0.775544	0.630614	-0.029277
29156	10.034021	0.226847	-0.004383	-0.048250	0.119860	-0.002910	-0.009958	0.056747	0.998339	0.630870	-0.774256	0.050302	0.775825	0.630323	-0.028090
29157	10.383563	0.192536	-0.071620	-0.004948	0.155868	0.003721	-0.011131	0.055687	0.998386	0.630869	-0.774262	0.050220	0.775809	0.630410	-0.026512
29158	9.936207	0.100248	-0.063367	0.034894	0.186780	0.020959	-0.012390	0.054326	0.998446	0.631159	-0.774044	0.049949	0.775555	0.630797	-0.024698
29159	9.513362	-0.093952	-0.062784	0.069255	0.150751	0.036188	-0.013413	0.053087	0.998500	0.631703	-0.773621	0.049617	0.775094	0.631421	-0.023159
29160	9.578408	-0.144297	-0.201328	0.100948	0.109844	0.041261	-0.013945	0.052054	0.998547	0.632508	-0.772995	0.049129	0.774429	0.632274	-0.022145
29161	9.725015	-0.072675	-0.269773	0.131444	0.101682	0.038752	-0.014320	0.051015	0.998595	0.633605	-0.772133	0.048531	0.773524	0.633410	-0.021267
29162	9.774059	0.185608	-0.281257	0.153461	0.094505	0.032001	-0.014789	0.050148	0.998632	0.634813	-0.771166	0.048127	0.772525	0.634656	-0.020430
29163	9.749931	0.406772	-0.255197	0.146775	0.078777	0.025216	-0.015109	0.049411	0.998664	0.636000	-0.770212	0.047730	0.771541	0.635872	-0.019788
29164	9.750694	0.608953	-0.416283	0.124844	0.058718	0.012734	-0.015422	0.048919	0.998684	0.636981	-0.769413	0.047525	0.770725	0.636876	-0.019294
29165	9.531304	0.715377	-0.431592	0.102003	0.029536	0.004564	-0.015751	0.048757	0.998686	0.637703	-0.768811	0.047592	0.770122	0.637614	-0.018983
29166	9.514354	0.718435	-0.218036	0.052763	-0.017549	-0.010080	-0.015622	0.048927	0.998680	0.638124	-0.768459	0.047630	0.769775	0.638026	-0.019216
29167	9.701507	0.519908	-0.289533	0.003825	-0.036595	-0.024951	-0.015376	0.049369	0.998662	0.638149	-0.768427	0.047813	0.769760	0.638030	-0.019689
29168	9.774718	0.473654	-0.384875	-0.017279	-0.049851	-0.026948	-0.015107	0.049874	0.998641	0.638028	-0.768514	0.048033	0.769865	0.637886	-0.020212
29169	9.701114	0.476624	-0.390475	-0.035148	-0.064421	-0.032281	-0.014698	0.050509	0.998615	0.637791	-0.768695	0.048267	0.770069	0.637618	-0.020916
29170	9.668199	0.548702	-0.512941	-0.039242	-0.090659	-0.027369	-0.014116	0.051278	0.998585	0.637501	-0.768921	0.048496	0.770320	0.637284	-0.021835
29171	9.643046	0.603454	-0.609141	-0.043900	-0.119001	-0.029073	-0.013202	0.052150	0.998552	0.637264	-0.769112	0.048592	0.770533	0.636982	-0.023079
29172	9.780437	0.672493	-0.558620	-0.044738	-0.135431	-0.025855	-0.012264	0.053191	0.998509	0.636932	-0.769373	0.048808	0.770822	0.636581	-0.024443
29173	9.795722	0.732275	-0.562389	-0.059362	-0.129642	-0.027494	-0.011338	0.054173	0.998467	0.636533	-0.769692	0.048989	0.771167	0.636112	-0.025756
29174	9.794856	0.821426	-0.522323	-0.057872	-0.122099	-0.025738	-0.010501	0.055127	0.998424	0.636100	-0.770036	0.049207	0.771535	0.635614	-0.026980
29175	9.835252	0.688997	-0.481456	-0.064003	-0.113582	-0.022556	-0.009638	0.056086	0.998379	0.635612	-0.770426	0.049416	0.771949	0.635058	-0.028224
29176	9.818600	0.510663	-0.512636	-0.069284	-0.092864	-0.019427	-0.008985	0.056805	0.998345	0.635091	-0.770845	0.049576	0.772385	0.634486	-0.029150
29177	9.787253	0.334329	-0.328461	-0.045286	-0.075140	-0.019358	-0.008558	0.057465	0.998311	0.634723	-0.771131	0.049829	0.772692	0.634077	-0.029875
29178	9.820730	0.283081	-0.190354	-0.044410	-0.070294	-0.020520	-0.008086	0.058048	0.998281	0.634394	-0.771391	0.049994	0.772967	0.633708	-0.030588
29179	9.755933	0.283513	-0.137186	-0.033560	-0.066305	-0.016812	-0.007617	0.058527	0.998257	0.634189	-0.771555	0.050075	0.773141	0.633465	-0.031240
29180	9.724276	0.375859	0.004621	-0.026563	-0.055178	-0.018940	-0.007252	0.059002	0.998231	0.633999	-0.771702	0.050219	0.773300	0.633242	-0.031811
29181	9.806363	0.392935	0.088950	-0.035981	-0.043723	-0.023461	-0.006839	0.059496	0.998205	0.633735	-0.771910	0.050350	0.773520	0.632942	-0.032425
29182	9.853848	0.501470	-0.009557	-0.035155	-0.024143	-0.022386	-0.006735	0.059801	0.998188	0.633478	-0.772109	0.050531	0.773732	0.632670	-0.032682
29183	9.804330	0.634515	-0.020703	-0.046629	-0.005520	-0.021390	-0.006597	0.059945	0.998180	0.633195	-0.772338	0.050567	0.773964	0.632376	-0.032862
29184	9.811576	0.695375	-0.071082	-0.070084	-0.007230	-0.031610	-0.006681	0.060215	0.998163	0.632667	-0.772753	0.050852	0.774395	0.631845	-0.032933
29185	9.826770	0.707320	-0.153947	-0.100217	-0.008504	-0.031016	-0.006759	0.060552	0.998142	0.631880	-0.773374	0.051195	0.775037	0.631052	-0.033035
29186	9.800883	0.677276	-0.291940	-0.124521	-0.004518	-0.034688	-0.006883	0.060829	0.998124	0.630928	-0.774128	0.051528	0.775811	0.630100	-0.033050
29187	9.750503	0.694219	-0.414728	-0.135030	-0.003713	-0.034508	-0.007036	0.061119	0.998106	0.629875	-0.774961	0.051895	0.776665	0.629047	-0.033045
29188	9.774519	0.635811	-0.460119	-0.135555	-0.010572	-0.034303	-0.007110	0.061431	0.998086	0.628835	-0.775782	0.052228	0.777506	0.628003	-0.033114
29189	9.757577	0.621048	-0.508919	-0.139020	-0.013955	-0.034808	-0.007109	0.061810	0.998063	0.627760	-0.776630	0.052568	0.778375	0.626917	-0.033281
29190	9.740858	0.622144	-0.527122	-0.136357	-0.011627	-0.032569	-0.007163	0.062115	0.998043	0.626712	-0.777454	0.052884	0.779218	0.625864	-0.033360
29191	9.708749	0.528287	-0.516200	-0.144762	-0.022218	-0.034808	-0.007123	0.062521	0.998018	0.625604	-0.778323	0.053223	0.780108	0.624744	-0.033570
29192	9.799050	0.427549	-0.484089	-0.133018	-0.021350	-0.029696	-0.007082	0.062865	0.997997	0.624580	-0.779125	0.053510	0.780929	0.623708	-0.033747
29193	9.815749	0.379929	-0.459453	-0.104378	-0.016469	-0.030357	-0.007117	0.063272	0.997971	0.623730	-0.779780	0.053886	0.781608	0.622848	-0.033915
29194	9.823924	0.349901	-0.462943	-0.081587	-0.012597	-0.029882	-0.007145	0.063563	0.997952	0.623106	-0.780260	0.054158	0.782105	0.622217	-0.034032
29195	9.816124	0.348049	-0.422676	-0.055262	-0.013266	-0.026366	-0.007129	0.063904	0.997931	0.622661	-0.780596	0.054435	0.782459	0.621761	-0.034225
29196	9.865074	0.428704	-0.347277	-0.026655	-0.005328	-0.022759	-0.007170	0.064094	0.997918	0.622467	-0.780738	0.054618	0.782613	0.621563	-0.034299
29197	9.872093	0.489809	-0.396475	-0.022321	0.006018	-0.019088	-0.007210	0.064144	0.997915	0.622349	-0.780827	0.054687	0.782706	0.621446	-0.034291
29198	9.748194	0.574626	-0.494762	-0.010073	0.016815	-0.009875	-0.007343	0.064097	0.997917	0.622286	-0.780874	0.054735	0.782756	0.621391	-0.034153
29199	9.658594	0.673129	-0.426224	-0.015566	0.006389	-0.010871	-0.007454	0.064134	0.997913	0.622173	-0.780957	0.054838	0.782844	0.621284	-0.034081
29200	9.763720	0.703462	-0.460115	-0.033118	0.008269	-0.014249	-0.007548	0.064174	0.997910	0.621929	-0.781144	0.054938	0.783037	0.621044	-0.034016
29201	9.770909	0.779932	-0.477963	-0.037763	-0.000406	-0.020651	-0.007548	0.064352	0.997899	0.621638	-0.781365	0.055090	0.783268	0.620748	-0.034106
29202	9.745914	0.812714	-0.492587	-0.049781	0.007630	-0.019924	-0.007671	0.064440	0.997892	0.621263	-0.781652	0.055252	0.783565	0.620377	-0.034038
29203	9.714804	0.763538	-0.388223	-0.066666	0.000509	-0.018437	-0.007629	0.064555	0.997885	0.620786	-0.782025	0.055336	0.783943	0.619895	-0.034109
29204	9.757116	0.630033	-0.338957	-0.085624	-0.005053	-0.023629	-0.007675	0.064751	0.997872	0.620129	-0.782531	0.055547	0.784462	0.619236	-0.034148
29205	9.831585	0.540818	-0.292595	-0.093565	0.005965	-0.023702	-0.007803	0.064862	0.997864	0.619442	-0.783061	0.055743	0.785003	0.618554	-0.034068
29206	9.751381	0.499022	-0.210868	-0.095292	0.004276	-0.023964	-0.007924	0.065003	0.997854	0.618708	-0.783625	0.055961	0.785581	0.617824	-0.034008
29207	9.873598	0.379058	-0.303283	-0.081629	0.016368	-0.021461	-0.008109	0.065095	0.997846	0.618067	-0.784116	0.056175	0.786084	0.617191	-0.033875
29208	9.847113	0.489029	-0.393231	-0.065330	0.027038	-0.017306	-0.008368	0.065043	0.997847	0.617568	-0.784499	0.056315	0.786473	0.616710	-0.033604
29209	9.699703	0.628221	-0.342405	-0.047508	0.026761	-0.014302	-0.008569	0.064952	0.997852	0.617236	-0.784755	0.056381	0.786732	0.616393	-0.033366
29210	9.592744	0.778058	-0.297190	-0.045757	0.025407	-0.018319	-0.008821	0.064918	0.997852	0.616891	-0.785016	0.056525	0.786999	0.616064	-0.033123
29211	9.544298	0.880071	-0.131090	-0.062778	0.035442	-0.029210	-0.009184	0.064877	0.997851	0.616455	-0.785344	0.056734	0.787337	0.615651	-0.032781
29212	9.497816	0.705325	-0.057826	-0.076194	0.030513	-0.042564	-0.009626	0.065003	0.997839	0.615867	-0.785776	0.057130	0.787791	0.615086	-0.032469
29213	9.673146	0.371831	0.035067	-0.083700	0.018010	-0.050882	-0.010086	0.065274	0.997816	0.615220	-0.786245	0.057652	0.788291	0.614458	-0.032228
29214	10.002674	0.000219	-0.007895	-0.059858	0.028939	-0.055531	-0.010595	0.065512	0.997796	0.614759	-0.786567	0.058171	0.788644	0.614020	-0.031941
29215	10.075582	-0.070683	-0.159656	-0.007120	0.042633	-0.039039	-0.011074	0.065480	0.997792	0.614776	-0.786534	0.058440	0.788624	0.614066	-0.031545
29216	9.845864	0.055782	-0.196385	0.045943	0.050588	-0.024114	-0.011561	0.065338	0.997796	0.615152	-0.786227	0.058611	0.788324	0.614474	-0.031103
29217	9.592872	0.179626	-0.079414	0.073551	0.031204	-0.007231	-0.011854	0.065216	0.997801	0.615715	-0.785781	0.058673	0.787879	0.615057	-0.030840
29218	9.567940	0.210958	-0.093018	0.055095	0.003953	-0.009083	-0.011881	0.065242	0.997799	0.616165	-0.785427	0.058692	0.787527	0.615506	-0.030868
29219	9.801505	0.287922	-0.285798	0.042996	-0.017844	-0.020165	-0.011755	0.065433	0.997788	0.616584	-0.785094	0.058749	0.787201	0.615911	-0.031116
29220	9.994669	0.493385	-0.195713	0.052837	-0.008949	-0.028859	-0.011802	0.065693	0.997770	0.617014	-0.784740	0.058966	0.786864	0.616334	-0.031272
29221	9.967913	0.619586	-0.258036	0.060089	-0.003540	-0.032431	-0.011996	0.065970	0.997749	0.617457	-0.784367	0.059286	0.786513	0.616779	-0.031324
29222	9.687925	0.883389	-0.177215	0.064863	-0.013879	-0.025302	-0.011984	0.066233	0.997732	0.617981	-0.783941	0.059463	0.786102	0.617292	-0.031537
29223	9.490494	1.076172	-0.061930	0.042432	-0.019212	-0.030473	-0.011939	0.066599	0.997708	0.618319	-0.783656	0.059710	0.785837	0.617614	-0.031823
29224	9.401464	1.098724	0.081052	-0.002562	-0.015182	-0.038422	-0.011997	0.066973	0.997683	0.618311	-0.783637	0.060040	0.785842	0.617598	-0.032009
29225	9.664657	0.901422	0.104065	-0.060190	-0.003933	-0.059644	-0.012303	0.067298	0.997657	0.617945	-0.783890	0.060499	0.786125	0.617242	-0.031942
29226	9.845083	0.684252	-0.092091	-0.093902	0.012172	-0.071363	-0.012780	0.067761	0.997620	0.617215	-0.784411	0.061186	0.786690	0.616528	-0.031799
29227	9.669215	0.497795	-0.032999	-0.104003	0.002914	-0.069663	-0.013053	0.068202	0.997586	0.616505	-0.784927	0.061730	0.787243	0.615823	-0.031801
29228	9.485945	0.274396	0.003006	-0.101300	-0.031364	-0.061396	-0.013124	0.068855	0.997540	0.615717	-0.785499	0.062319	0.787858	0.615020	-0.032087
29229	9.500697	-0.108354	-0.020464	-0.082651	-0.055334	-0.055963	-0.013005	0.069500	0.997497	0.615146	-0.785910	0.062778	0.788306	0.614423	-0.032532
29230	9.747675	-0.268042	-0.060370	-0.031439	-0.070157	-0.059335	-0.012756	0.070375	0.997439	0.614909	-0.786052	0.063325	0.788495	0.614142	-0.033247
29231	9.874558	-0.069237	-0.045860	0.035098	-0.046229	-0.064023	-0.012613	0.071132	0.997387	0.615245	-0.785748	0.063819	0.788235	0.614442	-0.033853
29232	9.909313	0.265198	-0.000181	0.091570	-0.037060	-0.079302	-0.012749	0.071961	0.997326	0.615975	-0.785119	0.064523	0.787663	0.615150	-0.034317
29233	9.707471	0.531556	-0.094206	0.110630	-0.042430	-0.075895	-0.012860	0.072768	0.997266	0.616831	-0.784391	0.065189	0.786991	0.615983	-0.034798
29234	9.587231	0.827253	-0.069457	0.097402	-0.056574	-0.079376	-0.012844	0.073717	0.997197	0.617605	-0.783723	0.065891	0.786383	0.616720	-0.035461
29235	9.464138	0.917139	0.056982	0.064500	-0.061223	-0.084307	-0.012766	0.074643	0.997129	0.618184	-0.783212	0.066544	0.785930	0.617259	-0.036145
29236	9.316049	0.615862	0.070232	0.012635	-0.067876	-0.093819	-0.012752	0.075774	0.997043	0.618290	-0.783053	0.067419	0.785847	0.617321	-0.036865
29237	9.513472	0.223529	0.148663	-0.025040	-0.068347	-0.114413	-0.012856	0.077034	0.996946	0.618103	-0.783109	0.068482	0.785992	0.617095	-0.037547
29238	9.540214	-0.063572	0.368040	-0.012736	-0.070338	-0.118632	-0.012976	0.078375	0.996840	0.618006	-0.783086	0.069613	0.786067	0.616956	-0.038275
29239	9.508067	-0.287359	0.497273	0.027532	-0.087419	-0.121150	-0.012950	0.079748	0.996731	0.618273	-0.782780	0.070663	0.785857	0.617167	-0.039169
29240	9.503809	-0.149707	0.907470	0.100387	-0.113922	-0.119854	-0.012735	0.081367	0.996603	0.619065	-0.782054	0.071761	0.785236	0.617876	-0.040412
29241	9.522425	0.051376	1.284365	0.143283	-0.125558	-0.115875	-0.012449	0.083014	0.996471	0.620143	-0.781101	0.072820	0.784390	0.618861	-0.041756
29242	9.642490	0.218427	1.773925	0.162162	-0.131724	-0.115821	-0.012075	0.084711	0.996332	0.621419	-0.779990	0.073849	0.783386	0.620031	-0.043223
29243	9.585093	0.295712	2.580894	0.168133	-0.117909	-0.115571	-0.011925	0.086319	0.996196	0.622631	-0.778918	0.074946	0.782424	0.621157	-0.044456
29244	9.545647	0.367477	3.779809	0.156409	-0.109532	-0.107781	-0.011680	0.087817	0.996068	0.623860	-0.777843	0.075893	0.781449	0.622293	-0.045701
29245	9.830752	0.543409	5.739352	0.075551	-0.094162	-0.100491	-0.011534	0.089069	0.995959	0.624406	-0.777320	0.076747	0.781015	0.622768	-0.046649
29246	10.547255	0.715657	8.109927	-0.048775	0.014269	-0.098004	-0.012196	0.089719	0.995892	0.624032	-0.777527	0.077689	0.781304	0.622416	-0.046505
29247	10.794553	0.889568	10.280364	-0.234303	0.243632	-0.092493	-0.014705	0.088756	0.995945	0.622130	-0.778958	0.078604	0.782775	0.620764	-0.043763
29248	9.915662	0.895023	10.593921	-0.421855	0.430719	-0.090529	-0.018583	0.086772	0.996055	0.618826	-0.781482	0.079624	0.785308	0.617864	-0.039174
29249	9.451443	0.793183	10.467183	-0.454425	0.632740	-0.077699	-0.024205	0.083239	0.996236	0.615095	-0.784335	0.080479	0.788081	0.614728	-0.032215
29250	9.656287	0.146553	9.691040	-0.508983	0.946421	-0.043528	-0.031885	0.077754	0.996463	0.611083	-0.787412	0.080995	0.790924	0.611504	-0.022408
29251	10.909998	0.004899	9.008594	-0.460390	1.451998	-0.045397	-0.043788	0.068879	0.996664	0.607321	-0.790286	0.081298	0.793249	0.608854	-0.007227
29252	10.778040	1.065155	7.485149	-0.445692	2.036232	-0.119436	-0.060621	0.057424	0.996508	0.603739	-0.792910	0.082419	0.794873	0.606627	0.013398
29253	11.355698	1.967142	5.104202	-0.700700	2.139230	-0.235738	-0.079271	0.045994	0.995791	0.597834	-0.797163	0.084411	0.797691	0.602009	0.035695
29254	14.430376	3.114400	1.333944	-0.899122	1.965222	-0.371134	-0.097130	0.037167	0.994577	0.590340	-0.802383	0.087637	0.801289	0.595651	0.055994
29255	16.011265	3.485707	-1.917970	-0.924050	1.839779	-0.417310	-0.114492	0.029184	0.992995	0.582386	-0.807815	0.090891	0.804810	0.588713	0.075492
29256	16.747721	4.025374	-2.477940	-0.726929	1.754708	-0.299321	-0.130309	0.021297	0.991245	0.576185	-0.811989	0.093191	0.806864	0.583284	0.093539
29257	15.604456	3.847793	-1.586379	-0.598133	1.740992	-0.055691	-0.144750	0.011290	0.989404	0.571178	-0.815555	0.092870	0.807962	0.578569	0.111602
29258	14.285301	2.912999	-0.887404	-0.620129	1.631457	0.173253	-0.156898	0.000445	0.987615	0.566451	-0.819126	0.090359	0.809021	0.573613	0.128267
29259	13.314567	2.133077	-0.422694	-0.538464	1.569291	0.324869	-0.167986	-0.011508	0.985722	0.562488	-0.822294	0.086259	0.809560	0.568947	0.144607
29260	12.738911	2.007128	-0.320389	-0.489319	1.563490	0.384385	-0.178432	-0.023568	0.983670	0.559219	-0.824987	0.081674	0.809590	0.564660	0.160384
29261	11.862568	1.925767	-0.142884	-0.467840	1.638294	0.376263	-0.189547	-0.036208	0.981204	0.556092	-0.827557	0.076887	0.809218	0.560213	0.176995
29262	10.900206	1.283742	0.021127	-0.476101	1.690364	0.322736	-0.201375	-0.048346	0.978320	0.552900	-0.830062	0.072788	0.808548	0.555571	0.193884
29263	10.696150	0.352575	0.054668	-0.431695	1.686684	0.251262	-0.213827	-0.060152	0.975018	0.549920	-0.832341	0.069250	0.807382	0.550989	0.211056
29264	10.598389	-0.470030	-0.071725	-0.270747	1.743011	0.221545	-0.226608	-0.071607	0.971350	0.548255	-0.833667	0.066447	0.805025	0.547605	0.228175
29265	9.740124	-0.912286	0.498365	-0.046398	1.827994	0.174862	-0.240428	-0.083412	0.967076	0.548291	-0.833805	0.064395	0.800981	0.545722	0.246205
29266	8.850354	-1.397614	0.943605	0.255405	1.812063	0.168454	-0.253910	-0.094745	0.962576	0.550777	-0.832243	0.063368	0.795094	0.546255	0.263498
29267	8.214084	-1.717918	1.278936	0.527466	1.760379	0.218842	-0.266708	-0.106615	0.957862	0.555589	-0.829111	0.062414	0.787520	0.548824	0.280365
29268	8.037213	-1.867344	1.186963	0.812945	1.695069	0.288450	-0.278312	-0.118380	0.953168	0.562773	-0.824287	0.061949	0.778350	0.553658	0.296030
29269	7.909723	-1.370760	0.995329	1.090721	1.635982	0.333761	-0.289213	-0.130625	0.948311	0.572136	-0.817824	0.061837	0.767474	0.560447	0.311261
29270	7.734925	-0.341460	0.897771	1.298322	1.601157	0.333346	-0.299424	-0.142414	0.943432	0.583036	-0.810018	0.062768	0.755257	0.568849	0.325572
29271	7.241342	0.605996	0.984096	1.492512	1.604090	0.299402	-0.309804	-0.154262	0.938203	0.595003	-0.801111	0.064755	0.741615	0.578295	0.339974
29272	6.676767	1.919436	1.325829	1.691242	1.573403	0.245705	-0.319821	-0.165438	0.932923	0.608226	-0.790823	0.068271	0.726482	0.589262	0.353545
29273	6.269018	3.004678	1.445851	1.751029	1.518657	0.159314	-0.329763	-0.175915	0.927529	0.621235	-0.780227	0.072889	0.710861	0.600250	0.366575
29274	5.726607	3.732556	1.403315	1.670458	1.404558	0.045753	-0.339298	-0.184807	0.922346	0.633172	-0.770006	0.078638	0.695680	0.610685	0.378277
29275	5.090669	4.114115	1.587132	1.539554	1.207551	-0.071141	-0.348027	-0.191918	0.917630	0.643496	-0.760721	0.084956	0.681756	0.620058	0.388249
29276	4.709068	4.328630	2.389817	1.424302	1.015608	-0.150877	-0.355807	-0.197151	0.913528	0.652620	-0.752095	0.091875	0.668946	0.628876	0.396265
29277	4.486997	4.131214	3.205894	1.331181	0.880619	-0.185780	-0.362873	-0.201422	0.909809	0.660712	-0.744111	0.098783	0.657102	0.636968	0.403100
29278	4.303794	3.552388	3.882670	1.206696	0.757974	-0.215702	-0.369188	-0.204712	0.906528	0.667823	-0.736792	0.105592	0.646307	0.644384	0.408727
29279	4.211738	2.744852	4.076820	0.943568	0.592905	-0.255325	-0.374791	-0.206733	0.903766	0.672883	-0.731256	0.111772	0.637778	0.650020	0.413176
29280	4.482080	2.029350	3.747390	0.602503	0.393517	-0.298753	-0.379247	-0.207149	0.901810	0.675618	-0.727921	0.116919	0.632227	0.653621	0.416016
29281	5.111855	1.938070	3.364515	0.267926	0.210781	-0.290998	-0.382595	-0.206503	0.900543	0.676151	-0.726827	0.120593	0.629636	0.655041	0.417707
29282	6.101771	2.095879	3.161317	0.067289	0.075105	-0.207554	-0.384413	-0.205517	0.899994	0.675815	-0.726788	0.122695	0.628889	0.655395	0.418278
29283	6.703618	2.284643	3.265895	-0.003482	0.056765	-0.079503	-0.385360	-0.205393	0.899617	0.675442	-0.727024	0.123344	0.628709	0.655171	0.418897
29284	6.682980	2.317758	3.631832	-0.019077	0.077873	0.010773	-0.385720	-0.206011	0.899322	0.675400	-0.727101	0.123119	0.628534	0.654891	0.419598
29285	6.622505	2.419079	4.433642	0.017689	0.069473	0.047874	-0.385894	-0.206864	0.899051	0.675672	-0.726910	0.122758	0.628135	0.654835	0.420283
29286	7.207558	2.697920	5.845803	0.010206	0.062335	0.015724	-0.386122	-0.207417	0.898826	0.675833	-0.726785	0.122612	0.627821	0.654799	0.420807
29287	8.724695	3.036501	7.382914	-0.133611	0.189674	-0.035941	-0.387623	-0.208463	0.897938	0.674819	-0.727770	0.122349	0.627987	0.653371	0.422775
29288	10.165774	2.717828	8.414228	-0.348050	0.468101	-0.041317	-0.390785	-0.211243	0.895915	0.672508	-0.730099	0.121192	0.628506	0.649871	0.427374
29289	10.509130	1.462934	8.942843	-0.576318	0.739265	0.033541	-0.395289	-0.216340	0.892717	0.668978	-0.733792	0.118393	0.629456	0.644008	0.434786
29290	10.001949	0.178972	8.793646	-0.709743	0.829393	0.130215	-0.399590	-0.222642	0.889246	0.665060	-0.738026	0.114070	0.630890	0.636983	0.442978
29291	8.879456	-0.095803	8.225220	-0.657596	0.758073	0.204388	-0.403114	-0.229043	0.886024	0.661673	-0.741785	0.109285	0.632209	0.630312	0.450576
29292	7.804612	0.194021	7.764815	-0.562557	0.622261	0.273643	-0.405188	-0.235014	0.883511	0.659256	-0.744654	0.104264	0.633406	0.624707	0.456659
29293	6.699216	0.699790	7.025353	-0.508949	0.465490	0.378057	-0.405752	-0.240827	0.881684	0.657482	-0.746999	0.098535	0.634888	0.619672	0.461436
29294	5.618864	0.732330	5.569952	-0.530748	0.183325	0.427337	-0.404056	-0.245189	0.881261	0.655873	-0.749211	0.092266	0.637628	0.615276	0.463537
29295	5.807962	0.815432	4.311629	-0.499834	-0.082594	0.365035	-0.401248	-0.247528	0.881890	0.654056	-0.751465	0.086667	0.641257	0.611581	0.463421
29296	6.538494	1.270995	3.946420	-0.449616	-0.288519	0.315632	-0.397274	-0.248176	0.883506	0.652461	-0.753399	0.081754	0.645343	0.608932	0.461231
29297	7.648993	1.497081	4.183124	-0.473959	-0.423163	0.352412	-0.392349	-0.248371	0.885649	0.650698	-0.755484	0.076396	0.650119	0.606264	0.458028
29298	8.286512	0.899371	4.296675	-0.613245	-0.613083	0.506241	-0.384998	-0.248529	0.888825	0.648696	-0.757908	0.069063	0.656483	0.603166	0.453013
29299	9.302828	0.237094	4.495348	-0.790651	-0.830436	0.678227	-0.375233	-0.248795	0.892917	0.645969	-0.761048	0.059405	0.664774	0.599088	0.446285
29300	11.234974	0.034841	4.183952	-0.928909	-1.019636	0.731240	-0.363638	-0.248324	0.897832	0.642486	-0.764748	0.048703	0.674522	0.594555	0.437636
29301	15.744653	1.083696	5.333553	-0.689070	-1.104484	0.677131	-0.351906	-0.247072	0.902838	0.640153	-0.767228	0.039557	0.682910	0.591875	0.428156
29302	19.027908	1.290379	8.525756	0.019125	-0.729984	0.805042	-0.341691	-0.248948	0.906241	0.643110	-0.765092	0.032305	0.685315	0.593851	0.421526
29303	15.622472	-1.670316	11.505499	0.727701	-0.288893	1.078530	-0.332835	-0.255547	0.907698	0.651651	-0.758089	0.025520	0.681595	0.599997	0.418847
29304	9.989114	-4.941935	7.555615	1.084713	-0.504919	1.193501	-0.321505	-0.261519	0.910078	0.662952	-0.748417	0.019138	0.676113	0.609491	0.413995
29305	7.488143	-3.101256	2.010818	1.647957	-0.712845	1.043395	-0.309836	-0.265004	0.913112	0.677223	-0.735597	0.016309	0.667361	0.623433	0.407382
29306	6.661691	0.768790	-1.908377	1.809069	-0.755146	0.905489	-0.298577	-0.266870	0.916314	0.691990	-0.721745	0.015278	0.657268	0.638642	0.400168
29307	6.272254	4.547910	-4.264628	1.396290	-0.811018	0.773884	-0.287974	-0.267319	0.919571	0.703300	-0.710763	0.013627	0.649954	0.650659	0.392687
29308	6.273643	6.378178	-3.738448	0.709199	-0.976834	0.659721	-0.276915	-0.265626	0.923451	0.709794	-0.704335	0.010247	0.647697	0.658297	0.383580
29309	7.164537	5.625784	-0.979580	-0.053142	-1.113896	0.708751	-0.264720	-0.263355	0.927668	0.711332	-0.702848	0.003455	0.651099	0.660795	0.373390
29310	8.166245	1.062179	-0.063927	-0.668875	-1.239720	0.818253	-0.250727	-0.260963	0.932220	0.709087	-0.705090	-0.006667	0.659039	0.659353	0.361831
29311	9.373672	-2.910085	-1.297500	-0.969721	-1.471163	0.780229	-0.235503	-0.256866	0.937314	0.704533	-0.709457	-0.017407	0.669456	0.656270	0.348050
29312	10.819970	-3.812959	-1.740752	-0.924363	-1.527708	0.687322	-0.220313	-0.251784	0.942373	0.699891	-0.713736	-0.027073	0.679422	0.653594	0.333466
29313	11.119903	-2.069245	-0.402070	-0.615301	-1.426155	0.674332	-0.205900	-0.247343	0.946798	0.697129	-0.716069	-0.035462	0.686744	0.652739	0.319868
29314	9.948470	-0.561951	-0.000793	-0.541760	-1.400735	0.622521	-0.191843	-0.242699	0.950944	0.694652	-0.718052	-0.043122	0.693293	0.652303	0.306344
29315	9.255279	0.057408	-0.357339	-0.501451	-1.438923	0.475128	-0.178553	-0.236776	0.955016	0.692048	-0.720175	-0.049165	0.699420	0.652138	0.292450
29316	9.382038	0.058878	0.069999	-0.414447	-1.385043	0.369019	-0.166219	-0.230436	0.958786	0.689797	-0.721991	-0.053938	0.704664	0.652402	0.278963
29317	9.830988	-0.895022	0.139960	-0.334758	-1.377995	0.315472	-0.154318	-0.223747	0.962353	0.687959	-0.723438	-0.057881	0.709153	0.653127	0.265568
29318	10.252215	-1.347882	-0.134445	-0.223983	-1.415580	0.299533	-0.142135	-0.216691	0.965838	0.686832	-0.724218	-0.061407	0.712783	0.654640	0.251767
29319	9.959557	-1.032172	0.020103	-0.196219	-1.414349	0.278048	-0.130124	-0.209456	0.969121	0.685835	-0.724886	-0.064582	0.716029	0.656254	0.237977
29320	9.680001	-0.307858	-0.092300	-0.363759	-1.451961	0.245690	-0.117955	-0.201741	0.972310	0.683547	-0.726745	-0.067865	0.720313	0.656615	0.223622
29321	9.440575	-0.159445	0.358814	-0.590238	-1.442255	0.196213	-0.106183	-0.193716	0.975294	0.679546	-0.730185	-0.071048	0.725908	0.655213	0.209173
29322	8.732568	-0.430789	1.116886	-0.841742	-1.437617	0.179585	-0.094422	-0.185671	0.978065	0.673604	-0.735322	-0.074561	0.733036	0.651788	0.194499
29323	8.471766	-0.863199	1.389508	-1.092312	-1.502259	0.136484	-0.082424	-0.176921	0.980768	0.665728	-0.742115	-0.077923	0.741628	0.646502	0.178949
29324	9.152694	-2.046033	0.876218	-1.229493	-1.601429	0.128125	-0.069566	-0.167609	0.983396	0.656667	-0.749782	-0.081339	0.750966	0.640105	0.162223
29325	9.553053	-2.661145	0.586050	-1.194811	-1.552148	0.100819	-0.057175	-0.158484	0.985705	0.647755	-0.757185	-0.084169	0.759700	0.633683	0.145951
29326	9.746196	-3.194504	0.489511	-1.069457	-1.567078	0.102892	-0.044489	-0.149416	0.987773	0.639658	-0.763753	-0.086719	0.767371	0.627978	0.129554
29327	10.348919	-2.626972	0.102001	-0.902197	-1.516100	0.126137	-0.031993	-0.140902	0.989506	0.632805	-0.769171	-0.089067	0.773650	0.623315	0.113772
29328	9.662661	-2.498108	0.047118	-0.751049	-1.438680	0.098523	-0.020148	-0.132758	0.990944	0.627016	-0.773685	-0.090903	0.778746	0.619506	0.098830
29329	8.726250	-1.782413	0.007136	-0.549757	-1.387072	0.004786	-0.009273	-0.124230	0.992210	0.622763	-0.777046	-0.091471	0.782356	0.617063	0.084571
29330	9.093652	-1.464919	-0.349382	-0.414044	-1.407226	-0.022313	0.001674	-0.115421	0.993315	0.619530	-0.779606	-0.091632	0.784971	0.615542	0.070202
29331	9.423106	-1.150883	0.241641	-0.356764	-1.319008	-0.073306	0.011605	-0.106741	0.994219	0.616781	-0.781841	-0.091139	0.787049	0.614273	0.056763
29332	9.198934	-1.486094	0.149373	-0.227080	-1.287993	-0.083624	0.021291	-0.098215	0.994937	0.615018	-0.783304	-0.090484	0.788225	0.613831	0.043727
29333	9.261457	-1.122809	0.501737	-0.198396	-1.369269	-0.054724	0.031769	-0.089384	0.995490	0.613518	-0.784533	-0.090021	0.789041	0.613611	0.029914
29334	9.309874	-1.012820	0.877172	-0.247754	-1.359005	-0.023167	0.042414	-0.080905	0.995819	0.611581	-0.786056	-0.089911	0.790044	0.612838	0.016140
29335	8.902837	-1.154163	1.273345	-0.290605	-1.358513	-0.011669	0.053098	-0.072508	0.995953	0.609348	-0.787797	-0.089840	0.791123	0.611653	0.002352
29336	9.056877	-1.482498	1.260717	-0.315781	-1.372145	0.007657	0.064064	-0.064223	0.995877	0.606853	-0.789706	-0.089966	0.792228	0.610115	-0.011617
29337	9.294828	-1.423654	1.489928	-0.291204	-1.384438	0.015427	0.075125	-0.055901	0.995606	0.604576	-0.791441	-0.090057	0.792997	0.608685	-0.025661
29338	9.241761	-1.130226	1.621462	-0.278515	-1.401006	0.020967	0.086422	-0.047587	0.995121	0.602357	-0.793109	-0.090239	0.793534	0.607217	-0.039877
29339	8.748986	-0.924538	1.779449	-0.311243	-1.390470	0.031026	0.097640	-0.039419	0.994441	0.599898	-0.794951	-0.090413	0.794096	0.605391	-0.053971
29340	8.363738	-1.028426	2.163581	-0.363755	-1.397842	0.037168	0.109023	-0.031307	0.993546	0.596977	-0.797123	-0.090625	0.794816	0.603004	-0.068215
29341	8.668206	-1.054100	2.283982	-0.408717	-1.417069	0.047266	0.120571	-0.023205	0.992433	0.593664	-0.799572	-0.090820	0.795629	0.600122	-0.082629
29342	8.958753	-0.854366	2.522364	-0.401603	-1.398185	0.057486	0.132095	-0.015333	0.991118	0.590400	-0.801953	-0.091095	0.796228	0.597190	-0.096881
29343	9.197008	-0.587892	3.002205	-0.397667	-1.361428	0.063928	0.143303	-0.007802	0.989648	0.587138	-0.804315	-0.091360	0.796702	0.594152	-0.110680
29344	9.132256	-0.315371	3.104114	-0.530287	-1.314217	0.101845	0.154431	-0.000881	0.988003	0.582762	-0.807440	-0.091809	0.797834	0.589949	-0.124180
29345	9.192883	-0.468927	2.882482	-0.693089	-1.275512	0.123414	0.165321	0.005512	0.986224	0.576992	-0.811531	-0.092186	0.799843	0.584283	-0.137344
29346	9.853274	-0.375558	2.038478	-0.808507	-1.190921	0.099514	0.175487	0.011581	0.984414	0.570347	-0.816227	-0.092071	0.802439	0.577615	-0.149843
29347	10.335065	0.123045	0.937634	-0.832188	-1.098072	0.032342	0.184471	0.017502	0.982682	0.563547	-0.821038	-0.091167	0.805224	0.570605	-0.161321
29348	10.163779	0.915993	0.431935	-0.832007	-1.041812	-0.021224	0.192809	0.023544	0.980954	0.556877	-0.825744	-0.089636	0.807906	0.563553	-0.172322
29349	9.554173	1.057070	0.636829	-0.829104	-1.072167	-0.052112	0.201160	0.029858	0.979103	0.550219	-0.830400	-0.087721	0.810428	0.556367	-0.183471
29350	9.454142	0.687968	1.285470	-0.924254	-1.145437	-0.083226	0.210056	0.036836	0.976995	0.542887	-0.835470	-0.085222	0.813111	0.548300	-0.195493
29351	9.798725	-0.576734	1.942970	-1.030672	-1.171030	-0.091273	0.219062	0.043840	0.974725	0.534628	-0.841068	-0.082325	0.816202	0.539149	-0.207684
29352	10.770841	-1.872761	2.113733	-1.123428	-1.180315	-0.102210	0.228225	0.050964	0.972274	0.525667	-0.847015	-0.078993	0.819505	0.529120	-0.220100
29353	12.096020	-2.098154	1.827412	-1.037004	-1.024517	-0.082378	0.236160	0.056880	0.970048	0.517267	-0.852447	-0.075946	0.822595	0.519710	-0.230736
29354	12.285211	-1.161258	1.350180	-0.886795	-0.722073	-0.063752	0.241833	0.061104	0.968392	0.510110	-0.856979	-0.073314	0.825412	0.511716	-0.238416
29355	11.967631	-0.431487	1.133320	-0.736260	-0.506341	-0.057632	0.245685	0.063984	0.967236	0.504061	-0.860737	-0.071096	0.827986	0.505013	-0.243722
29356	11.405011	-0.104079	1.286287	-0.628291	-0.478485	-0.038507	0.249508	0.066674	0.966075	0.498945	-0.863863	-0.069243	0.829939	0.499295	-0.248807
29357	11.563848	0.344797	1.538638	-0.666001	-0.565448	-0.044447	0.253927	0.069666	0.964711	0.493428	-0.867183	-0.067255	0.831896	0.493093	-0.254576
29358	12.029613	0.382723	2.156778	-0.709623	-0.620125	-0.088782	0.258705	0.073428	0.963162	0.487742	-0.870592	-0.064636	0.833775	0.486496	-0.261040
29359	13.124867	-0.298854	2.965225	-0.790467	-0.679872	-0.210170	0.263297	0.078330	0.961530	0.481578	-0.874302	-0.060647	0.835917	0.479020	-0.267923
29360	14.978116	-0.499133	4.782045	-0.823865	-0.682081	-0.312347	0.267559	0.084260	0.959850	0.475507	-0.877961	-0.055477	0.838037	0.471259	-0.274973
29361	16.096075	0.198226	6.856564	-0.739327	-0.486506	-0.349703	0.269909	0.089353	0.958731	0.470086	-0.881191	-0.050216	0.840338	0.464240	-0.279845
29362	15.553757	1.628838	8.222848	-0.546964	-0.127659	-0.362001	0.269335	0.093088	0.958537	0.466455	-0.883385	-0.045278	0.842543	0.459309	-0.281348
29363	14.103201	3.330414	8.473213	-0.398504	0.251683	-0.416912	0.265166	0.095325	0.959479	0.464024	-0.884905	-0.040324	0.845204	0.455914	-0.278879
29364	13.254296	4.600466	8.432977	-0.454214	0.579211	-0.500991	0.257989	0.097082	0.961258	0.461482	-0.886485	-0.034325	0.848809	0.452459	-0.273505
29365	13.234329	4.408851	8.024310	-0.806039	0.928135	-0.580155	0.247282	0.097751	0.964000	0.455881	-0.889639	-0.026730	0.854999	0.446079	-0.264555
29366	14.161219	2.377890	5.666596	-1.338951	1.347805	-0.615930	0.232965	0.097256	0.967610	0.445846	-0.894941	-0.017391	0.864262	0.435457	-0.251851
29367	13.872409	0.484611	2.412395	-1.869986	1.591090	-0.556622	0.216512	0.095122	0.971635	0.430587	-0.902517	-0.007594	0.876195	0.420017	-0.236364
29368	14.072409	-0.268195	-1.458390	-2.135816	1.564086	-0.444700	0.200881	0.092672	0.975222	0.412667	-0.910880	0.001555	0.888455	0.402130	-0.221221
29369	14.375689	-0.455297	-3.538083	-2.224029	1.601101	-0.286965	0.185219	0.088684	0.978687	0.393103	-0.919451	0.008920	0.900646	0.383073	-0.205162
29370	15.084927	-0.538549	-3.471594	-2.058844	1.718347	-0.158344	0.169083	0.083659	0.982045	0.374728	-0.927022	0.014454	0.911587	0.365555	-0.188093
29371	15.846608	-1.535926	-4.119224	-1.648458	1.920131	-0.019323	0.151234	0.076626	0.985524	0.359417	-0.933015	0.017388	0.920841	0.351585	-0.168644
29372	15.330163	-1.872494	-5.433183	-1.107926	2.112418	0.127633	0.132201	0.068042	0.988885	0.348998	-0.936954	0.017813	0.927752	0.342764	-0.147613
