// General information: 
//  MT Manager version: 2022.2.0 
//  XDA version: 2022.2.0 build 7381 rev 124627 built on 2023-07-19
// Device information: 
//  DeviceId: 00B4CAF0
//  ProductCode: MTW2-3A7G6
//  Firmware Version: 4.6.0
//  Hardware Version: 2.0.0
// Device settings: 
//  Filter Profile: human(46.1)
//  Option Flags: Orientation Smoother Disabled, Position/Velocity Smoother Disabled, Continuous Zero Rotation Update Disabled, AHS Disabled, ICC Disabled
// Coordinate system: ENU
PacketCounter	Acc_X	Acc_Y	Acc_Z	Gyr_X	Gyr_Y	Gyr_Z	Mat[1][1]	Mat[2][1]	Mat[3][1]	Mat[1][2]	Mat[2][2]	Mat[3][2]	Mat[1][3]	Mat[2][3]	Mat[3][3]
50658	5.995406	-0.479966	8.152907	0.005941	0.013512	-0.002328	0.749027	0.295559	0.592962	-0.328373	0.942934	-0.055201	-0.575439	-0.153365	0.803336
50659	5.997478	-0.482119	8.188027	0.000859	0.013694	-0.000628	0.749098	0.295578	0.592862	-0.328364	0.942936	-0.055215	-0.575352	-0.153313	0.803409
50660	5.989445	-0.497031	8.170905	0.005153	0.009692	0.002732	0.749194	0.295567	0.592747	-0.328362	0.942940	-0.055159	-0.575228	-0.153311	0.803498
50661	5.999579	-0.464088	8.172921	0.003639	0.010568	0.001405	0.749240	0.295601	0.592672	-0.328385	0.942932	-0.055161	-0.575155	-0.153295	0.803553
50662	5.994977	-0.481461	8.189898	0.002902	0.006450	-0.000454	0.749262	0.295610	0.592639	-0.328430	0.942920	-0.055103	-0.575100	-0.153354	0.803581
50663	5.994494	-0.481292	8.190261	0.002631	0.005226	0.002386	0.749275	0.295645	0.592606	-0.328454	0.942910	-0.055120	-0.575070	-0.153344	0.803604
50664	6.005006	-0.448464	8.191992	0.002767	0.005838	0.000966	0.749258	0.295694	0.592603	-0.328532	0.942885	-0.055096	-0.575048	-0.153408	0.803608
50665	6.020541	-0.471106	8.171800	0.002495	0.004615	0.003806	0.749262	0.295741	0.592574	-0.328566	0.942871	-0.055122	-0.575023	-0.153399	0.803627
50666	6.020318	-0.471294	8.171953	-0.001675	0.000414	0.003553	0.749119	0.295843	0.592704	-0.328670	0.942830	-0.055201	-0.575150	-0.153452	0.803527
50667	6.043157	-0.479148	8.169408	0.002359	0.004003	0.005226	0.749114	0.295903	0.592680	-0.328714	0.942813	-0.055236	-0.575131	-0.153444	0.803542
50668	6.023522	-0.454117	8.155998	-0.001934	0.008005	0.001865	0.749158	0.295941	0.592606	-0.328828	0.942780	-0.055118	-0.575009	-0.153573	0.803605
50669	5.992846	-0.462020	8.141233	-0.004100	0.005673	0.004178	0.749166	0.295993	0.592569	-0.328827	0.942776	-0.055199	-0.574998	-0.153499	0.803626
50670	5.992282	-0.462600	8.141615	-0.002097	0.007542	0.006745	0.749196	0.296022	0.592516	-0.328781	0.942786	-0.055296	-0.574985	-0.153380	0.803658
50671	6.037117	-0.498521	8.187324	-0.002833	0.003424	0.004885	0.749190	0.296078	0.592497	-0.328793	0.942777	-0.055371	-0.574987	-0.153325	0.803667
50672	6.006605	-0.506464	8.172428	-0.000694	0.005905	0.006032	0.749370	0.296036	0.592290	-0.328763	0.942794	-0.055270	-0.574770	-0.153306	0.803827
50673	6.013112	-0.491883	8.190648	-0.003855	0.007046	0.004798	0.749384	0.296097	0.592242	-0.328769	0.942787	-0.055352	-0.574747	-0.153230	0.803857
50674	6.009482	-0.489985	8.156678	-0.002725	0.004185	0.006925	0.749448	0.296113	0.592152	-0.328757	0.942790	-0.055367	-0.574670	-0.153179	0.803922
50675	6.005061	-0.507910	8.173472	0.001364	0.007475	0.001680	0.749476	0.296144	0.592101	-0.328769	0.942785	-0.055389	-0.574627	-0.153152	0.803958
50676	5.981540	-0.500492	8.176482	-0.002698	0.004036	0.003465	0.749590	0.296095	0.591982	-0.328659	0.942821	-0.055415	-0.574542	-0.153022	0.804043
50677	6.015149	-0.475772	8.175500	0.000954	0.005639	0.005940	0.749593	0.296164	0.591944	-0.328701	0.942804	-0.055465	-0.574514	-0.152996	0.804069
50678	6.030713	-0.498811	8.155271	0.000572	0.003655	0.006740	0.749533	0.296231	0.591986	-0.328695	0.942798	-0.055606	-0.574595	-0.152904	0.804028
50679	5.987512	-0.486315	8.195070	0.000354	0.002133	0.002660	0.749527	0.296263	0.591977	-0.328708	0.942791	-0.055642	-0.574595	-0.152882	0.804032
50680	6.034094	-0.481714	8.139202	-0.000940	0.004532	0.005413	0.749650	0.296214	0.591846	-0.328627	0.942820	-0.055625	-0.574482	-0.152797	0.804129
50681	6.002831	-0.509647	8.175002	-0.001049	0.003771	0.003373	0.749651	0.296255	0.591824	-0.328637	0.942814	-0.055676	-0.574474	-0.152757	0.804142
50682	6.013388	-0.477065	8.176719	0.002876	0.006598	0.003008	0.749731	0.296241	0.591731	-0.328610	0.942824	-0.055658	-0.574386	-0.152720	0.804212
50683	6.012888	-0.477226	8.177077	0.000817	0.005028	0.007360	0.749726	0.296322	0.591696	-0.328661	0.942803	-0.055718	-0.574363	-0.152694	0.804233
50684	5.993304	-0.452413	8.163624	-0.003965	0.006287	0.002758	0.749740	0.296345	0.591667	-0.328623	0.942811	-0.055802	-0.574367	-0.152598	0.804249
50685	6.000938	-0.510613	8.176331	0.002493	0.004613	0.003808	0.749745	0.296392	0.591637	-0.328656	0.942798	-0.055827	-0.574341	-0.152589	0.804269
50686	6.011523	-0.478082	8.178032	-0.000804	0.005144	0.003993	0.749706	0.296444	0.591660	-0.328694	0.942782	-0.055874	-0.574370	-0.152586	0.804249
50687	6.010990	-0.478264	8.178413	0.002984	0.007358	0.005049	0.749722	0.296507	0.591608	-0.328740	0.942765	-0.055902	-0.574323	-0.152574	0.804285
50688	6.010388	-0.478526	8.178839	-0.002208	0.006782	0.004705	0.749845	0.296464	0.591474	-0.328625	0.942802	-0.055943	-0.574228	-0.152424	0.804381
50689	6.009890	-0.479029	8.179176	-0.002591	0.004798	0.005505	0.749846	0.296526	0.591442	-0.328642	0.942792	-0.056019	-0.574218	-0.152366	0.804399
50690	6.009472	-0.479383	8.179462	0.000844	0.004878	0.003901	0.749964	0.296455	0.591327	-0.328540	0.942829	-0.055997	-0.574121	-0.152279	0.804485
50691	5.993295	-0.457268	8.200078	-0.007036	-0.000624	0.008088	0.749926	0.296534	0.591337	-0.328551	0.942817	-0.056125	-0.574166	-0.152195	0.804469
50692	5.997974	-0.513452	8.178329	-0.002208	0.006782	0.004706	0.749916	0.296580	0.591326	-0.328557	0.942811	-0.056193	-0.574174	-0.152144	0.804473
50693	6.008647	-0.481341	8.179953	-0.003357	0.000829	0.007104	0.749889	0.296652	0.591325	-0.328582	0.942797	-0.056285	-0.574196	-0.152091	0.804467
50694	5.997459	-0.514813	8.178620	-0.004760	0.002467	0.007817	0.749887	0.296707	0.591299	-0.328618	0.942782	-0.056323	-0.574178	-0.152076	0.804483
50695	6.012115	-0.465142	8.163790	-0.000942	0.004532	0.005413	0.749886	0.296768	0.591269	-0.328643	0.942769	-0.056385	-0.574164	-0.152035	0.804501
50696	5.996773	-0.515822	8.179060	0.000569	0.003654	0.006741	0.749880	0.296814	0.591254	-0.328650	0.942763	-0.056452	-0.574168	-0.151983	0.804507
50697	6.004374	-0.481044	8.146388	-0.002837	0.003425	0.004885	0.749875	0.296869	0.591233	-0.328660	0.942755	-0.056527	-0.574169	-0.151927	0.804517
50698	6.007183	-0.484030	8.180870	-0.001188	0.003159	0.004793	0.749811	0.296920	0.591289	-0.328663	0.942748	-0.056632	-0.574251	-0.151871	0.804469
50699	6.006844	-0.484424	8.181096	-0.000943	0.004532	0.005414	0.749810	0.296981	0.591259	-0.328688	0.942735	-0.056695	-0.574238	-0.151829	0.804486
50700	6.007292	-0.464823	8.130639	-0.004240	0.005064	0.005598	0.749933	0.296916	0.591135	-0.328535	0.942785	-0.056754	-0.574164	-0.151647	0.804573
50701	5.998921	-0.500537	8.163809	-0.000805	0.005144	0.003994	0.749941	0.296965	0.591101	-0.328550	0.942777	-0.056807	-0.574146	-0.151604	0.804595
50702	6.005555	-0.485696	8.181966	0.000844	0.004878	0.003902	0.750017	0.296903	0.591035	-0.328470	0.942806	-0.056789	-0.574092	-0.151545	0.804644
50703	5.994026	-0.518508	8.180904	0.001227	0.006862	0.003103	0.750038	0.296946	0.590988	-0.328490	0.942797	-0.056820	-0.574054	-0.151516	0.804677
50704	6.004651	-0.485917	8.182617	0.002109	0.002627	0.004610	0.749992	0.296978	0.591030	-0.328467	0.942799	-0.056923	-0.574127	-0.151443	0.804639
50705	6.015425	-0.453476	8.184214	-0.001189	0.003160	0.004793	0.749985	0.297031	0.591011	-0.328486	0.942788	-0.056984	-0.574125	-0.151402	0.804648
50706	6.008061	-0.469077	8.166548	-0.004487	0.003692	0.004977	0.749867	0.297163	0.591095	-0.328638	0.942732	-0.057031	-0.574192	-0.151491	0.804583
50707	5.976720	-0.497169	8.202293	-0.000943	0.004532	0.005414	0.749866	0.297224	0.591066	-0.328663	0.942720	-0.057093	-0.574179	-0.151449	0.804600
50708	6.003285	-0.487527	8.183523	-0.000667	0.005756	0.002575	0.749953	0.297158	0.590989	-0.328535	0.942762	-0.057130	-0.574138	-0.151316	0.804654
50709	5.998808	-0.505451	8.200305	-0.000698	0.005904	0.006035	0.749958	0.297227	0.590948	-0.328566	0.942748	-0.057195	-0.574114	-0.151272	0.804680
50710	6.022281	-0.493192	8.147259	0.002492	0.004611	0.003811	0.750006	0.297217	0.590892	-0.328591	0.942743	-0.057123	-0.574038	-0.151319	0.804726
50711	6.028789	-0.478255	8.165520	-0.000177	0.008501	0.003816	0.750033	0.297269	0.590831	-0.328609	0.942734	-0.057170	-0.573992	-0.151273	0.804767
50712	5.966990	-0.513455	8.186304	-0.000177	0.008501	0.003816	0.750134	0.297253	0.590712	-0.328564	0.942750	-0.057165	-0.573886	-0.151205	0.804855
50713	6.016498	-0.511553	8.164976	-0.001083	0.003920	0.006834	0.750125	0.297326	0.590686	-0.328599	0.942734	-0.057237	-0.573877	-0.151164	0.804869
50714	5.989922	-0.501709	8.133637	-0.000422	0.007128	0.003195	0.750086	0.297407	0.590695	-0.328684	0.942702	-0.057263	-0.573880	-0.151200	0.804861
50715	5.949413	-0.491632	8.207907	0.002843	0.006744	0.006473	0.750094	0.297481	0.590647	-0.328739	0.942681	-0.057301	-0.573837	-0.151187	0.804893
50716	5.965100	-0.514758	8.187599	-0.005224	-0.000424	0.003113	0.749997	0.297537	0.590742	-0.328735	0.942674	-0.057435	-0.573966	-0.151121	0.804814
50717	5.988975	-0.502808	8.134267	0.000181	0.001669	0.007541	0.749973	0.297613	0.590734	-0.328783	0.942654	-0.057501	-0.573971	-0.151099	0.804815
50718	6.011062	-0.531111	8.182349	-0.002204	-0.002181	0.005770	0.749933	0.297643	0.590769	-0.328776	0.942651	-0.057575	-0.574026	-0.151053	0.804784
50719	6.036263	-0.468721	8.219463	0.000074	0.000909	0.005501	0.749911	0.297699	0.590769	-0.328807	0.942637	-0.057630	-0.574037	-0.151031	0.804780
50720	6.002996	-0.474158	8.169979	-0.005011	0.001097	0.007195	0.749905	0.297742	0.590756	-0.328863	0.942618	-0.057622	-0.574014	-0.151067	0.804790
50721	6.021927	-0.500111	8.183816	-0.003330	0.000682	0.003643	0.749887	0.297780	0.590759	-0.328861	0.942614	-0.057693	-0.574038	-0.151015	0.804783
50722	6.014728	-0.515713	8.166018	-0.001468	0.001935	0.007633	0.749813	0.297829	0.590829	-0.328786	0.942627	-0.057908	-0.574179	-0.150836	0.804716
50723	6.012618	-0.463565	8.222401	-0.004521	0.003842	0.008437	0.749798	0.297917	0.590804	-0.328812	0.942611	-0.058017	-0.574183	-0.150762	0.804726
50724	6.014116	-0.517178	8.166376	-0.001223	0.003308	0.008254	0.749759	0.297959	0.590832	-0.328765	0.942619	-0.058167	-0.574261	-0.150634	0.804695
50725	5.982094	-0.472574	8.207385	-0.008941	-0.001725	0.007555	0.749715	0.298030	0.590852	-0.328760	0.942612	-0.058307	-0.574322	-0.150535	0.804670
50726	5.979972	-0.543988	8.167484	-0.003609	-0.000542	0.006483	0.749709	0.298033	0.590858	-0.328725	0.942621	-0.058363	-0.574349	-0.150474	0.804662
50727	5.975157	-0.489244	8.189328	-0.003855	-0.001914	0.005861	0.749669	0.298088	0.590880	-0.328735	0.942612	-0.058452	-0.574395	-0.150423	0.804639
50728	6.028442	-0.490325	8.201769	-0.004134	-0.003139	0.008701	0.749708	0.298063	0.590843	-0.328674	0.942631	-0.058481	-0.574378	-0.150351	0.804664
50729	6.010576	-0.538836	8.182201	-0.002731	-0.004778	0.007988	0.749646	0.298133	0.590888	-0.328707	0.942614	-0.058574	-0.574441	-0.150319	0.804625
50730	6.014751	-0.521989	8.165602	-0.005258	-0.000275	0.006574	0.749660	0.298146	0.590862	-0.328695	0.942616	-0.058605	-0.574429	-0.150280	0.804641
50731	6.018850	-0.504913	8.149076	0.001092	-0.002716	0.005587	0.749617	0.298197	0.590891	-0.328732	0.942600	-0.058652	-0.574464	-0.150278	0.804616
50732	5.994990	-0.517664	8.202335	-0.000172	-0.000465	0.004880	0.749589	0.298202	0.590924	-0.328692	0.942609	-0.058728	-0.574524	-0.150210	0.804587
50733	6.041975	-0.513264	8.146326	-0.001821	-0.000197	0.004972	0.749563	0.298251	0.590933	-0.328708	0.942600	-0.058795	-0.574549	-0.150174	0.804575
50734	5.999871	-0.480597	8.135200	0.000213	0.001520	0.004082	0.749511	0.298303	0.590973	-0.328811	0.942566	-0.058755	-0.574557	-0.150281	0.804549
50735	6.017787	-0.526304	8.199806	0.000213	0.001520	0.004082	0.749497	0.298346	0.590968	-0.328832	0.942556	-0.058800	-0.574564	-0.150259	0.804549
50736	5.987635	-0.533856	8.184595	0.001476	-0.000732	0.004789	0.749499	0.298347	0.590965	-0.328872	0.942545	-0.058745	-0.574538	-0.150323	0.804555
50737	6.002892	-0.483541	8.169506	0.004422	-0.003400	0.001944	0.749464	0.298362	0.591002	-0.328901	0.942535	-0.058743	-0.574567	-0.150355	0.804528
50738	6.003742	-0.556123	8.164005	0.008983	0.002778	0.001406	0.749482	0.298337	0.590992	-0.328931	0.942531	-0.058652	-0.574526	-0.150437	0.804543
50739	6.025729	-0.490277	8.167066	0.005439	0.001941	0.000968	0.749481	0.298351	0.590986	-0.328959	0.942522	-0.058637	-0.574512	-0.150463	0.804548
50740	6.014472	-0.522555	8.165772	0.005439	0.001941	0.000968	0.749422	0.298401	0.591036	-0.329141	0.942468	-0.058487	-0.574485	-0.150703	0.804522
50741	6.006438	-0.557273	8.198667	0.008105	-0.001951	0.000963	0.749399	0.298409	0.591062	-0.329184	0.942455	-0.058449	-0.574491	-0.150766	0.804506
50742	6.009629	-0.465881	8.187774	0.010524	0.001750	-0.000726	0.749418	0.298359	0.591062	-0.329170	0.942464	-0.058381	-0.574473	-0.150808	0.804511
50743	6.014404	-0.520514	8.165952	0.008490	0.000034	0.000164	0.749408	0.298363	0.591072	-0.329210	0.942453	-0.058336	-0.574463	-0.150869	0.804506
50744	6.002328	-0.479502	8.170158	0.007473	0.003658	0.000078	0.749485	0.298277	0.591019	-0.329125	0.942486	-0.058285	-0.574412	-0.150835	0.804549
50745	5.990924	-0.511631	8.168992	0.005824	0.003925	0.000169	0.749498	0.298287	0.590998	-0.329149	0.942479	-0.058262	-0.574382	-0.150859	0.804567
50746	6.024643	-0.486129	8.168115	0.009473	0.005523	0.002648	0.749559	0.298264	0.590932	-0.329211	0.942467	-0.058113	-0.574267	-0.150982	0.804626
50747	6.024056	-0.485567	8.168581	0.006701	0.008654	0.000612	0.749597	0.298285	0.590873	-0.329243	0.942457	-0.058085	-0.574198	-0.151000	0.804671
50748	5.985351	-0.527456	8.186681	0.009506	0.005374	-0.000812	0.749586	0.298287	0.590886	-0.329306	0.942440	-0.058006	-0.574177	-0.151102	0.804667
50749	6.012011	-0.516918	8.167942	0.005823	0.003925	0.000169	0.749598	0.298297	0.590865	-0.329330	0.942433	-0.057982	-0.574146	-0.151127	0.804684
50750	6.011633	-0.516273	8.168261	0.009506	0.005374	-0.000812	0.749614	0.298259	0.590864	-0.329308	0.942443	-0.057945	-0.574138	-0.151140	0.804687
50751	6.008138	-0.512810	8.134349	0.011294	0.005717	-0.002323	0.749645	0.298247	0.590830	-0.329345	0.942435	-0.057862	-0.574077	-0.151211	0.804718
50752	5.998817	-0.474016	8.173056	0.009505	0.005374	-0.000812	0.749730	0.298164	0.590765	-0.329364	0.942440	-0.057667	-0.573955	-0.151342	0.804780
50753	6.003186	-0.528610	8.151594	0.008136	0.006864	-0.003561	0.749772	0.298143	0.590722	-0.329373	0.942441	-0.057603	-0.573895	-0.151379	0.804816
50754	5.997712	-0.472210	8.173972	0.011784	0.008462	-0.001081	0.749801	0.298122	0.590696	-0.329376	0.942443	-0.057555	-0.573856	-0.151406	0.804839
50755	5.986082	-0.503810	8.173026	0.012801	0.004838	-0.000992	0.749822	0.298122	0.590669	-0.329431	0.942429	-0.057468	-0.573796	-0.151494	0.804865
50756	6.015755	-0.495465	8.188637	0.009504	0.005374	-0.000811	0.749843	0.298082	0.590664	-0.329435	0.942432	-0.057389	-0.573767	-0.151553	0.804875
50757	5.986594	-0.451866	8.264081	0.002034	0.001716	-0.000890	0.749846	0.298078	0.590661	-0.329429	0.942434	-0.057389	-0.573766	-0.151548	0.804876
50758	6.034419	-0.520321	8.202757	-0.005191	-0.000569	-0.000349	0.749771	0.298113	0.590739	-0.329465	0.942420	-0.057427	-0.573844	-0.151571	0.804817
50759	6.015368	-0.495574	8.188914	-0.006488	0.001832	0.002402	0.749764	0.298141	0.590734	-0.329435	0.942425	-0.057516	-0.573870	-0.151485	0.804814
50760	6.069569	-0.353832	8.246796	-0.024762	0.004166	0.004817	0.749928	0.298044	0.590575	-0.329155	0.942512	-0.057686	-0.573817	-0.151131	0.804919
50761	6.198950	-0.513013	8.259522	-0.080717	0.031959	0.007801	0.750076	0.298167	0.590324	-0.328739	0.942613	-0.058403	-0.573861	-0.150256	0.805051
50762	6.059681	-0.525584	8.220765	-0.050457	0.039609	0.008400	0.750371	0.298175	0.589945	-0.328342	0.942724	-0.058851	-0.573703	-0.149544	0.805296
50763	6.155937	-0.404778	8.276364	-0.100759	0.061754	0.014051	0.750670	0.298401	0.589450	-0.327858	0.942835	-0.059767	-0.573588	-0.148390	0.805591
50764	6.564323	-0.473823	8.466534	-0.133033	0.106945	0.010057	0.751210	0.298659	0.588631	-0.327165	0.943001	-0.060930	-0.573277	-0.146808	0.806103
50765	6.839976	-0.232776	8.680446	-0.208567	0.222738	0.021875	0.752406	0.299190	0.586831	-0.326124	0.943241	-0.062763	-0.572302	-0.144156	0.807273
50766	6.338338	-0.762683	8.245111	-0.275543	0.320689	0.020834	0.754230	0.299768	0.584188	-0.324671	0.943590	-0.065016	-0.570724	-0.140632	0.809010
50767	6.142325	-0.719132	8.440500	-0.220695	0.388473	0.013903	0.756389	0.300441	0.581043	-0.323508	0.943857	-0.066906	-0.568523	-0.137365	0.811118
50768	5.752592	-0.616509	7.874240	-0.197721	0.390145	-0.028856	0.758733	0.300623	0.577885	-0.322063	0.944247	-0.068357	-0.566216	-0.134250	0.813251
50769	5.568728	0.046156	8.781270	-0.143871	0.396719	-0.109439	0.761317	0.300118	0.574740	-0.320407	0.944769	-0.068920	-0.563681	-0.131681	0.815429
50770	5.796511	-1.586339	7.963384	-0.250567	0.338569	-0.099643	0.763650	0.299475	0.571973	-0.318044	0.945459	-0.070399	-0.561859	-0.128152	0.817246
50771	6.160397	-1.507048	8.259151	-0.078556	0.360607	-0.089664	0.765949	0.299087	0.569096	-0.316906	0.945829	-0.070553	-0.559369	-0.126310	0.819239
50772	6.972240	-0.732290	8.787841	-0.075761	0.411645	-0.057340	0.768452	0.299017	0.565748	-0.315994	0.946113	-0.070840	-0.556444	-0.124335	0.821530
50773	8.039039	-0.961147	8.773758	-0.156747	0.557475	-0.027932	0.771624	0.299438	0.561190	-0.314898	0.946391	-0.071995	-0.552663	-0.121164	0.824550
50774	5.277632	-0.439215	8.293916	0.052149	0.743267	-0.063797	0.775925	0.299677	0.555099	-0.314663	0.946533	-0.071158	-0.546743	-0.119455	0.828735
50775	5.358755	-0.302563	8.562591	-0.136112	0.645137	-0.081892	0.779686	0.299663	0.549810	-0.313273	0.946940	-0.071858	-0.542171	-0.116214	0.832193
50776	5.502858	-0.629280	8.143595	-0.102811	0.666862	-0.078558	0.783599	0.299563	0.544275	-0.311990	0.947336	-0.072229	-0.537248	-0.113210	0.835792
50777	4.996709	-0.242923	8.367212	-0.055181	0.624987	-0.068396	0.787147	0.299616	0.539100	-0.311146	0.947605	-0.072342	-0.532529	-0.110795	0.839129
50778	5.216874	-0.378474	8.446899	-0.166783	0.549458	-0.055722	0.790299	0.299569	0.534497	-0.309674	0.948002	-0.073445	-0.528706	-0.107476	0.841973
50779	5.297497	-0.627432	8.431807	-0.154187	0.540038	-0.047307	0.793282	0.299693	0.529988	-0.308476	0.948309	-0.074516	-0.524924	-0.104377	0.844725
50780	5.216231	-0.523035	8.539974	-0.124215	0.520161	-0.044636	0.796208	0.299705	0.525576	-0.307393	0.948602	-0.075255	-0.521116	-0.101640	0.847412
50781	5.027631	-0.487919	8.414746	-0.132716	0.484951	-0.039291	0.798840	0.299820	0.521500	-0.306380	0.948855	-0.076197	-0.517673	-0.098908	0.849842
50782	4.994975	-0.500822	8.627623	-0.145918	0.433359	-0.026676	0.801143	0.299926	0.517894	-0.305276	0.949112	-0.077416	-0.514759	-0.096079	0.851934
50783	5.058549	-0.748354	8.484531	-0.186085	0.395013	-0.011145	0.803198	0.300194	0.514545	-0.304220	0.949323	-0.078968	-0.512175	-0.093107	0.853820
50784	4.579759	-0.933074	8.221256	-0.122261	0.333549	0.006281	0.805003	0.300361	0.511618	-0.303412	0.949493	-0.080026	-0.509815	-0.090809	0.855478
50785	4.545649	-0.826020	8.367106	-0.088109	0.238855	0.031690	0.806116	0.300877	0.509558	-0.303207	0.949479	-0.080965	-0.508175	-0.089235	0.856618
50786	4.674363	-0.854044	8.287906	-0.072590	0.154631	0.055757	0.806769	0.301491	0.508160	-0.303261	0.949389	-0.081807	-0.507105	-0.088106	0.857369
50787	4.737823	-0.483317	8.455953	-0.019738	0.088710	0.078931	0.806973	0.302319	0.507344	-0.303787	0.949170	-0.082399	-0.506467	-0.087631	0.857795
50788	5.122538	-0.323011	8.603070	-0.049262	0.047176	0.086264	0.807035	0.303031	0.506820	-0.304065	0.949008	-0.083241	-0.506201	-0.086927	0.858023
50789	4.962082	-0.412487	8.489646	-0.026754	0.015940	0.083022	0.806856	0.303833	0.506624	-0.304588	0.948781	-0.083914	-0.506171	-0.086605	0.858074
50790	5.156598	-0.370517	8.462501	-0.035313	-0.013738	0.087084	0.806636	0.304386	0.506643	-0.304755	0.948654	-0.084735	-0.506421	-0.086052	0.857982
50791	4.619004	-0.530515	8.315392	-0.011246	-0.081626	0.098913	0.805915	0.305254	0.507269	-0.305484	0.948364	-0.085355	-0.507131	-0.086173	0.857550
50792	4.884202	-0.562697	8.604877	-0.029143	-0.158962	0.098360	0.804845	0.305945	0.508550	-0.305977	0.948133	-0.086150	-0.508530	-0.086267	0.856712
50793	5.048683	-0.801203	8.416597	-0.028759	-0.172678	0.108973	0.803625	0.306828	0.509944	-0.306695	0.947826	-0.086974	-0.510024	-0.086502	0.855800
50794	4.547507	-0.661456	8.471328	0.011749	-0.195718	0.110811	0.802381	0.307488	0.511504	-0.307384	0.947560	-0.087437	-0.511567	-0.087070	0.854820
50795	4.934755	-0.644042	8.464910	-0.021769	-0.279403	0.118326	0.800578	0.308364	0.513797	-0.308207	0.947217	-0.088253	-0.513891	-0.087703	0.853361
50796	4.892708	-0.823781	8.223564	-0.000280	-0.282150	0.120127	0.798833	0.309080	0.516076	-0.308984	0.946910	-0.088834	-0.516134	-0.088496	0.851924
50797	5.108421	-0.297799	8.631349	0.046045	-0.315686	0.134378	0.796778	0.310070	0.518653	-0.310281	0.946455	-0.089159	-0.518528	-0.089888	0.850323
50798	5.266505	-0.281943	8.496037	-0.057946	-0.302364	0.129541	0.794848	0.310906	0.521108	-0.310864	0.946152	-0.090336	-0.521133	-0.090190	0.848697
50799	4.855815	-0.306527	8.619776	-0.055551	-0.315869	0.131886	0.792781	0.311868	0.523676	-0.311607	0.945793	-0.091518	-0.523831	-0.090627	0.846988
50800	5.820030	-0.173055	9.340796	-0.174276	-0.341198	0.145718	0.790604	0.312799	0.526405	-0.311692	0.945548	-0.093733	-0.527061	-0.089971	0.845051
50801	5.801764	-0.982299	9.044068	-0.271985	-0.269071	0.149326	0.788710	0.313970	0.528544	-0.311420	0.945325	-0.096839	-0.530050	-0.088221	0.843364
50802	5.125981	-2.012200	8.608093	-0.270891	-0.260763	0.117472	0.787019	0.314721	0.530614	-0.310746	0.945245	-0.099745	-0.532952	-0.086385	0.841724
50803	5.526151	-2.189522	8.461060	-0.132938	-0.281124	0.097883	0.785207	0.315403	0.532889	-0.310790	0.945054	-0.101405	-0.535592	-0.085993	0.840087
50804	5.701670	-1.657386	8.367307	-0.023375	-0.230105	0.047486	0.783921	0.315468	0.534740	-0.310827	0.944996	-0.101829	-0.537451	-0.086385	0.838859
50805	4.436422	-1.436361	8.095464	0.057742	-0.250494	-0.001170	0.782571	0.315237	0.536850	-0.311114	0.944952	-0.101361	-0.539251	-0.087699	0.837566
50806	5.260248	-0.829185	8.446199	0.091776	-0.365385	-0.039352	0.780719	0.314501	0.539969	-0.311255	0.945010	-0.100384	-0.541846	-0.089696	0.835678
50807	4.741383	-0.670446	8.338884	0.121654	-0.376325	-0.067109	0.778879	0.313524	0.543186	-0.311377	0.945113	-0.099027	-0.544419	-0.092006	0.833752
50808	4.665927	-0.342133	8.845796	0.102990	-0.498106	-0.081614	0.776588	0.312024	0.547314	-0.310976	0.945381	-0.097717	-0.547910	-0.094316	0.831203
50809	8.942690	-1.672821	9.163172	-0.221727	-0.564516	-0.055006	0.773645	0.310970	0.552060	-0.309313	0.945764	-0.099275	-0.552990	-0.093955	0.827873
50810	4.778998	-1.038342	8.338755	0.301197	-0.160275	-0.032254	0.772991	0.310329	0.553337	-0.310564	0.945641	-0.096499	-0.553205	-0.097254	0.827349
50811	6.483264	0.405518	9.581336	-0.157848	-0.361717	-0.000559	0.770980	0.309970	0.556335	-0.309669	0.945799	-0.097822	-0.556503	-0.096861	0.825180
50812	5.923505	-1.941912	7.787842	-0.065637	-0.268804	0.006254	0.769436	0.309707	0.558614	-0.309273	0.945867	-0.098416	-0.558855	-0.097040	0.823568
50813	5.513513	-0.514724	8.777250	0.015594	-0.273884	0.006805	0.767876	0.309502	0.560870	-0.309396	0.945834	-0.098347	-0.560928	-0.098013	0.822042
50814	5.840005	-1.349269	8.109254	-0.057235	-0.275630	0.013827	0.766372	0.309237	0.563069	-0.309023	0.945900	-0.098887	-0.563186	-0.098218	0.820472
50815	5.541699	-0.838864	8.327377	0.029558	-0.278908	0.011774	0.764756	0.309070	0.565352	-0.309264	0.945837	-0.098732	-0.565247	-0.099337	0.818919
50816	5.295163	-1.032683	8.078204	0.012359	-0.314159	0.013343	0.763159	0.308537	0.567797	-0.308995	0.945928	-0.098700	-0.567548	-0.100122	0.817230
50817	5.685799	-0.531798	8.408716	0.020576	-0.382953	0.039205	0.760854	0.308519	0.570892	-0.309394	0.945790	-0.098777	-0.570418	-0.101476	0.815062
50818	5.890809	-0.585529	8.456059	-0.065004	-0.403022	0.065100	0.758491	0.308507	0.574033	-0.309259	0.945743	-0.099643	-0.573628	-0.101947	0.812747
50819	5.851571	-0.974288	8.234999	-0.074810	-0.431617	0.082268	0.755749	0.308841	0.577461	-0.309434	0.945569	-0.100745	-0.577144	-0.102549	0.810178
50820	6.069911	-0.737531	8.399820	-0.074419	-0.391503	0.084424	0.753281	0.309107	0.580535	-0.309468	0.945440	-0.101846	-0.580342	-0.102938	0.807841
50821	6.003459	-0.953002	8.341036	-0.150735	-0.409907	0.092977	0.750602	0.309561	0.583754	-0.309272	0.945311	-0.103624	-0.583907	-0.102758	0.805291
50822	6.087381	-1.089923	8.226859	-0.107524	-0.397817	0.089526	0.748028	0.309956	0.586841	-0.309264	0.945161	-0.105002	-0.587205	-0.102944	0.802865
50823	5.994987	-1.001820	8.172162	-0.117350	-0.402607	0.082075	0.745398	0.310313	0.589989	-0.309168	0.945031	-0.106447	-0.590590	-0.103061	0.800364
50824	6.245999	-1.226371	8.187957	-0.093825	-0.413136	0.065589	0.742895	0.310251	0.593171	-0.308745	0.945037	-0.107615	-0.593956	-0.103192	0.797852
50825	6.201745	-1.175142	8.211602	-0.038049	-0.391705	0.044181	0.740421	0.310259	0.596251	-0.308827	0.944944	-0.108201	-0.596994	-0.104024	0.795473
50826	5.946212	-1.163722	8.322018	-0.073766	-0.397037	0.034451	0.737989	0.310086	0.599349	-0.308537	0.944949	-0.108982	-0.600148	-0.104494	0.793035
50827	6.427306	-1.200793	8.037421	-0.083373	-0.409768	0.011232	0.735484	0.309759	0.602588	-0.308099	0.945005	-0.109730	-0.603439	-0.104952	0.790472
50828	5.815776	-1.086739	8.478990	-0.056651	-0.420924	-0.009165	0.732955	0.309187	0.605954	-0.307615	0.945113	-0.110155	-0.606753	-0.105662	0.787836
50829	6.048714	-0.757377	8.437393	-0.125442	-0.494390	-0.023903	0.730015	0.308434	0.609875	-0.306657	0.945324	-0.111016	-0.610770	-0.105979	0.784683
50830	5.894831	-1.104557	8.384531	-0.295784	-0.541430	-0.053662	0.726905	0.307269	0.614162	-0.304330	0.945839	-0.113013	-0.615623	-0.104758	0.781046
50831	5.952214	-1.136740	8.414711	-0.356168	-0.611867	-0.085332	0.723375	0.305821	0.619033	-0.301489	0.946475	-0.115281	-0.621154	-0.103239	0.776858
50832	6.270898	-1.465424	8.384802	-0.469377	-0.643712	-0.116983	0.719655	0.304098	0.624196	-0.297733	0.947298	-0.118242	-0.627257	-0.100751	0.772268
50833	5.635295	-1.836139	8.065326	-0.227127	-0.747054	-0.143751	0.715368	0.301978	0.630125	-0.295249	0.947967	-0.119108	-0.633305	-0.100838	0.767304
50834	6.602128	-0.861840	8.626157	-0.187283	-0.786853	-0.164489	0.711010	0.299390	0.636263	-0.292563	0.948751	-0.119497	-0.639431	-0.101184	0.762161
50835	6.073275	-1.698344	8.294672	-0.330337	-0.863018	-0.212124	0.706073	0.296501	0.643077	-0.288914	0.949720	-0.120667	-0.646521	-0.100594	0.756235
50836	6.531266	-1.623118	8.292273	-0.100111	-0.913072	-0.235052	0.700815	0.293357	0.650231	-0.286552	0.950521	-0.119991	-0.653258	-0.102233	0.750201
50837	6.371531	-1.545199	8.228380	-0.054543	-0.951293	-0.272764	0.695342	0.289775	0.657670	-0.284267	0.951377	-0.118634	-0.660070	-0.104462	0.743906
50838	6.604172	-0.823800	8.578869	0.071865	-1.019985	-0.262229	0.689399	0.286137	0.665473	-0.282782	0.952092	-0.116427	-0.666906	-0.107920	0.737286
50839	6.768156	-0.366875	8.630751	-0.122310	-1.093852	-0.241023	0.682735	0.282645	0.673784	-0.280285	0.952915	-0.115729	-0.674769	-0.109839	0.729810
50840	6.801625	-0.259456	9.296330	-0.342414	-1.142447	-0.217152	0.675743	0.279188	0.682221	-0.276227	0.953970	-0.116793	-0.683425	-0.109526	0.721757
50841	6.342606	-0.562600	9.885887	-0.592424	-1.265133	-0.204948	0.667588	0.275854	0.691542	-0.270748	0.955185	-0.119652	-0.693557	-0.107355	0.712358
50842	5.160802	-1.475838	10.322195	-0.697921	-1.630484	-0.222580	0.656687	0.272202	0.703327	-0.264569	0.956471	-0.123150	-0.706234	-0.105207	0.700118
50843	3.835876	-2.178891	9.248709	-0.436353	-2.272244	-0.303575	0.641249	0.266878	0.719427	-0.259457	0.957758	-0.124027	-0.722137	-0.107128	0.683404
50844	3.880983	-1.189727	9.348852	0.130839	-2.988589	-0.392849	0.620240	0.260059	0.740048	-0.258242	0.958548	-0.120407	-0.740685	-0.116430	0.661688
50845	3.114478	-0.748964	9.801819	-0.230762	-3.745367	-0.462093	0.593236	0.251121	0.764859	-0.253675	0.960011	-0.118440	-0.764016	-0.123762	0.633216
50846	1.835868	-1.272179	9.697779	-0.529542	-4.692922	-0.653776	0.558269	0.239025	0.794482	-0.246000	0.962227	-0.116632	-0.792350	-0.130331	0.595982
50847	2.418106	-2.012215	10.071984	-0.646835	-5.592426	-0.836290	0.515074	0.223481	0.827500	-0.236254	0.965032	-0.113568	-0.823944	-0.137004	0.549861
50848	4.008963	-2.553182	10.248599	-0.599383	-6.369564	-1.094880	0.463691	0.204260	0.862130	-0.226372	0.968079	-0.107609	-0.856590	-0.145264	0.495128
50849	7.986977	-2.652802	10.902904	-0.689095	-6.709191	-1.437827	0.408326	0.180344	0.894844	-0.214059	0.971873	-0.098191	-0.887383	-0.151455	0.435445
50850	5.272156	-2.687623	8.653714	-0.230937	-7.291655	-1.728031	0.345709	0.152394	0.925884	-0.206159	0.974950	-0.083494	-0.915414	-0.162015	0.368466
50851	13.422532	0.456498	9.423171	-0.333773	-7.962496	-1.672694	0.275139	0.122834	0.953525	-0.197833	0.977813	-0.068878	-0.940830	-0.169688	0.293335
50852	19.733436	2.007735	8.543543	-0.633160	-8.309252	-1.194162	0.197838	0.097039	0.975420	-0.189566	0.980090	-0.059055	-0.961730	-0.173224	0.212294
50853	16.989860	1.078423	9.245168	-1.073998	-8.248201	-0.883910	0.119459	0.074201	0.990063	-0.177715	0.982696	-0.052206	-0.976804	-0.169713	0.130579
50854	15.802283	-2.219821	10.834401	-1.667618	-8.259551	-0.808372	0.039484	0.052693	0.997830	-0.160886	0.985914	-0.045697	-0.986183	-0.158733	0.047405
50855	15.176784	-5.475917	12.469122	-1.376563	-8.138696	-0.977798	-0.039414	0.030519	0.998757	-0.147256	0.988442	-0.036015	-0.988313	-0.148493	-0.034464
50856	15.473205	-5.654110	15.487873	-0.971725	-7.840036	-1.137732	-0.115044	0.007973	0.993328	-0.138674	0.990047	-0.024008	-0.983633	-0.140511	-0.112793
50857	20.030654	-4.175588	17.823041	-1.167396	-6.932270	-1.299863	-0.181228	-0.014252	0.983338	-0.129133	0.991582	-0.009427	-0.974926	-0.128690	-0.181543
50858	19.317494	-0.276773	17.645711	-1.193425	-3.644305	-1.245218	-0.214945	-0.030987	0.976134	-0.120202	0.992737	0.005046	-0.969201	-0.116248	-0.217109
50859	-22.210454	-3.423058	4.465978	-1.641721	3.356539	-1.783324	-0.180244	-0.045059	0.982589	-0.107712	0.993847	0.025817	-0.977707	-0.101183	-0.183988
50860	-4.759422	-2.021335	13.324268	-0.922511	-9.837237	-1.205714	-0.273990	-0.066217	0.959450	-0.101762	0.994023	0.039542	-0.956334	-0.086802	-0.279091
50861	63.884780	-13.993555	26.261413	-8.687922	0.482415	0.095427	-0.269425	-0.065059	0.960821	-0.018051	0.997881	0.062507	-0.962852	-0.000503	-0.270028
50862	23.294865	-35.148865	6.581286	-0.198097	1.248041	0.554814	-0.257205	-0.059387	0.964530	-0.015045	0.998235	0.057450	-0.966240	0.000265	-0.257645
50863	10.583698	-7.862388	16.023710	5.241952	4.261572	0.745213	-0.216146	-0.050799	0.975039	-0.064129	0.997228	0.037738	-0.974253	-0.054372	-0.218805
50864	-6.379521	0.150650	11.928174	4.079905	4.667731	0.526000	-0.170633	-0.041725	0.984451	-0.103550	0.994330	0.024196	-0.979878	-0.097812	-0.173986
50865	0.246933	4.234196	12.583616	2.431674	4.467287	0.061457	-0.126844	-0.036169	0.991263	-0.127307	0.991664	0.019894	-0.983719	-0.123671	-0.130391
50866	2.678775	4.538176	11.534964	0.962352	4.882799	-0.073484	-0.078260	-0.030230	0.996475	-0.137438	0.990323	0.019249	-0.987414	-0.135447	-0.081657
50867	6.029793	4.366300	11.868644	0.224969	5.303519	-0.141593	-0.025628	-0.024352	0.999375	-0.139705	0.989980	0.020541	-0.989862	-0.139091	-0.028773
50868	6.192919	1.706675	11.378656	-0.766178	5.956535	-0.269936	0.034113	-0.018511	0.999247	-0.132671	0.990896	0.022885	-0.990573	-0.133351	0.031346
50869	5.751707	-1.025201	9.922347	-0.927718	6.628530	-0.427294	0.100228	-0.014177	0.994864	-0.123174	0.992030	0.026546	-0.987311	-0.125202	0.097683
50870	4.678039	-2.094331	8.539841	-0.493244	7.085252	-0.590119	0.170985	-0.010790	0.985215	-0.118111	0.992505	0.031368	-0.978169	-0.121729	0.168429
50871	4.131959	-1.664411	7.514592	-0.193432	7.240706	-0.646443	0.242054	-0.008437	0.970226	-0.114866	0.992681	0.037289	-0.963439	-0.120472	0.239314
50872	3.812727	-1.845849	6.388472	-0.447962	7.095407	-0.470684	0.310674	-0.004086	0.950508	-0.109903	0.993129	0.040191	-0.944141	-0.116950	0.308090
50873	3.668790	-2.955771	5.068776	-0.640991	6.763258	-0.114012	0.373907	0.002480	0.927463	-0.103501	0.993862	0.039069	-0.921673	-0.110602	0.371868
50874	3.839596	-3.659681	4.988352	-0.331178	6.383220	0.289631	0.432010	0.013008	0.901775	-0.102298	0.994150	0.034667	-0.896048	-0.107226	0.430813
50875	4.702261	-2.754969	6.503787	-0.080927	5.998219	0.695469	0.484224	0.026299	0.874549	-0.104743	0.994102	0.028100	-0.868652	-0.105210	0.484123
50876	6.245756	-2.093798	8.030023	-0.341977	5.716570	1.069275	0.532261	0.043577	0.845458	-0.107932	0.994018	0.016715	-0.839672	-0.100149	0.533780
50877	7.773877	-2.296465	9.818914	-0.614259	5.593051	1.381979	0.576872	0.062668	0.814427	-0.110508	0.993874	0.001798	-0.809325	-0.091038	0.580263
50878	9.204163	-2.551934	10.831885	-0.754896	5.599102	1.615087	0.619738	0.084335	0.780264	-0.114896	0.993247	-0.016097	-0.776353	-0.079673	0.625243
50879	10.138483	-3.331090	11.060234	-0.814323	5.614980	1.704024	0.660356	0.105359	0.743525	-0.119604	0.992226	-0.034375	-0.741367	-0.066228	0.667824
50880	10.325901	-3.140472	11.190043	-0.425082	5.666109	1.705421	0.699390	0.126607	0.703437	-0.128876	0.990393	-0.050119	-0.703025	-0.055603	0.708988
50881	10.330797	-0.872829	11.606839	0.068495	5.614598	1.692074	0.735447	0.146282	0.661604	-0.141469	0.988049	-0.061201	-0.662650	-0.048587	0.747352
50882	10.844564	0.935086	12.314296	-0.297213	5.392862	1.645842	0.767833	0.165745	0.618838	-0.152693	0.985463	-0.074482	-0.622187	-0.037302	0.781979
50883	12.464968	0.412965	10.957435	-1.025525	4.961644	1.693054	0.795139	0.183803	0.577902	-0.159722	0.982789	-0.092815	-0.585015	-0.018503	0.810811
50884	13.671308	-0.068428	10.245146	-0.840832	4.612323	1.820400	0.818379	0.202992	0.537634	-0.170392	0.979179	-0.110337	-0.548838	-0.001311	0.835928
50885	13.648898	-0.957330	9.193272	-0.769149	4.111939	1.832582	0.837049	0.220632	0.500669	-0.181457	0.975242	-0.126394	-0.516160	0.014948	0.856361
50886	13.194330	-2.216929	8.169411	-0.248027	3.508208	1.734844	0.851404	0.237629	0.467593	-0.195583	0.971022	-0.137348	-0.486680	0.025485	0.873208
50887	13.654464	-1.669805	8.302150	0.518033	2.890182	1.577924	0.861882	0.252166	0.439968	-0.211550	0.967291	-0.139982	-0.460876	0.027573	0.887036
50888	17.112191	-1.203666	9.728459	0.504073	2.354054	1.456544	0.869269	0.266334	0.416458	-0.227112	0.963446	-0.142097	-0.439081	0.028938	0.897981
50889	24.346483	-1.469293	10.863484	0.112826	2.256685	1.592209	0.875218	0.280941	0.393784	-0.241481	0.959120	-0.147563	-0.419143	0.034058	0.907281
50890	29.436954	-2.619914	10.280809	-0.402376	2.605780	1.886773	0.881103	0.298629	0.366712	-0.257026	0.953279	-0.158736	-0.396982	0.045608	0.916692
50891	30.996531	-3.296479	6.722162	-0.441843	3.301022	2.183201	0.887938	0.317636	0.332677	-0.274645	0.946312	-0.170480	-0.368967	0.060008	0.927503
50892	27.152093	-0.227506	2.506399	0.125838	3.806484	2.247741	0.894839	0.336878	0.292876	-0.295639	0.938834	-0.176602	-0.334455	0.071445	0.939700
50893	22.524161	4.072198	-2.537309	0.365801	3.814129	2.076606	0.900572	0.353406	0.253128	-0.315445	0.931938	-0.178848	-0.299105	0.081218	0.950757
50894	20.973187	8.276788	-6.844007	-0.009902	3.250198	1.790988	0.903931	0.367609	0.218568	-0.331964	0.925300	-0.183356	-0.269645	0.093184	0.958441
50895	22.581727	8.568693	-11.349969	-0.837816	2.186443	1.265965	0.905375	0.377090	0.195191	-0.341233	0.919730	-0.194052	-0.252698	0.109084	0.961376
50896	24.648726	5.737850	-15.298075	-0.421502	1.307376	0.787436	0.905842	0.383060	0.180872	-0.347548	0.916153	-0.199686	-0.242198	0.118023	0.963022
50897	22.585969	4.970220	-14.803247	1.011968	0.587652	0.130507	0.906778	0.383597	0.174950	-0.351143	0.916802	-0.190191	-0.233351	0.111029	0.966033
50898	20.226939	6.569813	-10.930998	1.799127	-0.180478	-0.581545	0.908382	0.378525	0.177656	-0.350111	0.920821	-0.171788	-0.228616	0.093850	0.968983
50899	20.168445	7.593182	-5.330182	1.694345	-0.754131	-1.067352	0.910354	0.369319	0.186706	-0.344292	0.926238	-0.153447	-0.229605	0.075410	0.970358
50900	16.580763	8.054407	-2.205331	1.551260	-1.849852	-1.717150	0.911825	0.354514	0.207110	-0.332272	0.933475	-0.134981	-0.241184	0.054262	0.968961
50901	1.302107	13.227651	11.756281	0.615954	-1.164192	-2.176092	0.915992	0.334703	0.221205	-0.313901	0.941272	-0.124391	-0.249848	0.044505	0.967262
50902	2.572932	-8.584315	24.639950	-7.945640	-3.720343	-2.739005	0.913631	0.311525	0.261209	-0.266550	0.944154	-0.193713	-0.306968	0.107357	0.945645
50903	19.677272	-32.214119	0.414399	-1.759993	-2.414466	-2.394309	0.911947	0.291574	0.288681	-0.239058	0.949394	-0.203719	-0.333471	0.116770	0.935501
50904	15.837379	-2.897234	10.032553	5.295546	-1.629532	-0.581869	0.907942	0.287416	0.305014	-0.251416	0.955825	-0.152280	-0.335308	0.061576	0.940094
50905	7.258544	3.108068	13.782339	0.399182	-2.773744	1.205997	0.895197	0.300480	0.329142	-0.263678	0.952495	-0.152402	-0.359300	0.049642	0.931901
50906	12.538057	-4.699846	12.246104	-3.311594	-3.648782	0.661669	0.879636	0.308828	0.361753	-0.256857	0.948539	-0.185195	-0.400330	0.069985	0.913695
50907	10.628244	-3.647322	8.495417	2.254450	-1.859933	0.362672	0.871134	0.313331	0.378085	-0.269174	0.948677	-0.166004	-0.410695	0.042841	0.910766
50908	3.676531	7.615781	12.018207	4.238946	-1.284582	0.352332	0.864902	0.316795	0.389341	-0.289497	0.948493	-0.128656	-0.410045	-0.001438	0.912064
50909	8.113421	9.312899	15.912389	-1.377063	-2.646855	0.048946	0.853548	0.317296	0.413254	-0.284085	0.948321	-0.141362	-0.436751	0.003260	0.899577
50910	12.401989	-3.616830	9.717823	-4.135277	-2.372191	0.182154	0.842351	0.319251	0.434193	-0.266719	0.947028	-0.178881	-0.468301	0.034873	0.882881
50911	7.533331	-9.075648	5.200323	0.160395	-1.319771	0.310003	0.835263	0.322620	0.445255	-0.270075	0.946080	-0.178866	-0.478953	0.029148	0.877357
50912	7.949805	1.301676	10.962276	2.382873	-0.836331	0.402791	0.830173	0.326353	0.452002	-0.284656	0.945240	-0.159664	-0.479357	0.003884	0.877611
50913	8.042681	4.644165	12.988272	-0.006850	-0.688715	0.349845	0.825846	0.329689	0.457475	-0.287514	0.944088	-0.161349	-0.485092	0.001719	0.874462
50914	6.775720	-0.129818	10.091630	-1.757840	-0.596195	0.226684	0.822325	0.331620	0.462395	-0.280538	0.943272	-0.177585	-0.495055	0.016313	0.868708
50915	5.796848	-4.295079	7.606404	-1.061753	-0.333821	0.263750	0.819922	0.334187	0.464809	-0.277411	0.942169	-0.188047	-0.500771	0.025240	0.865212
50916	5.575867	-2.680886	8.705596	0.024742	-0.141068	0.365838	0.818240	0.337404	0.465448	-0.280299	0.941041	-0.189407	-0.501912	0.024516	0.864571
50917	3.489854	-0.709537	8.937728	-0.183213	-0.150005	0.380972	0.816408	0.341035	0.466017	-0.282485	0.939697	-0.192798	-0.503666	0.025759	0.863514
50918	2.431961	-0.286078	8.935192	-0.398097	-0.395378	0.350737	0.813463	0.344175	0.468852	-0.283099	0.938484	-0.197744	-0.508069	0.028126	0.860857
50919	4.899951	-1.184491	8.938331	-0.811222	-0.581963	0.359999	0.809463	0.347742	0.473123	-0.281863	0.936983	-0.206438	-0.515095	0.033748	0.856468
50920	4.163095	-1.911796	8.262369	-0.533267	-0.508398	0.368722	0.805839	0.351111	0.476806	-0.281847	0.935604	-0.212619	-0.520755	0.036950	0.852906
50921	5.574202	-2.041033	9.464134	-0.729279	-0.762942	0.230132	0.801183	0.353571	0.482797	-0.279861	0.934504	-0.219956	-0.528946	0.041109	0.847659
50922	6.515859	-4.462070	7.706058	-0.763156	-0.411000	0.195223	0.798504	0.355314	0.485946	-0.277133	0.933576	-0.227229	-0.534405	0.046772	0.843933
50923	4.657876	-3.122457	8.179998	0.139705	-0.468462	0.152770	0.795562	0.356962	0.489549	-0.279091	0.933090	-0.226829	-0.537763	0.043828	0.841956
