// General information: 
//  MT Manager version: 2022.2.0 
//  XDA version: 2022.2.0 build 7381 rev 124627 built on 2023-07-19
// Device information: 
//  DeviceId: 00B4CBA7
//  ProductCode: MTW2-3A7G6
//  Firmware Version: 4.6.0
//  Hardware Version: 2.0.0
// Device settings: 
//  Filter Profile: human(46.1)
//  Option Flags: Orientation Smoother Disabled, Position/Velocity Smoother Disabled, Continuous Zero Rotation Update Disabled, AHS Disabled, ICC Disabled
// Coordinate system: ENU
PacketCounter	Acc_X	Acc_Y	Acc_Z	Gyr_X	Gyr_Y	Gyr_Z	Mat[1][1]	Mat[2][1]	Mat[3][1]	Mat[1][2]	Mat[2][2]	Mat[3][2]	Mat[1][3]	Mat[2][3]	Mat[3][3]
13713	9.719820	-0.440520	-1.181711	0.002505	0.002324	0.001569	0.125549	0.007146	0.992062	0.395927	-0.917251	-0.043499	0.909659	0.398245	-0.117989
13714	9.690265	-0.444429	-1.164094	-0.000503	0.001690	0.001247	0.125518	0.007151	0.992066	0.395902	-0.917263	-0.043478	0.909674	0.398218	-0.117964
13715	9.719898	-0.425069	-1.212065	0.002758	0.003430	-0.001748	0.125429	0.007229	0.992076	0.395918	-0.917261	-0.043373	0.909679	0.398221	-0.117913
13716	9.705805	-0.471902	-1.177348	0.008773	0.004697	-0.001104	0.125361	0.007244	0.992085	0.395980	-0.917236	-0.043339	0.909662	0.398279	-0.117854
13717	9.674946	-0.416914	-1.149004	0.006766	0.004770	0.001777	0.125402	0.007277	0.992079	0.395844	-0.917296	-0.043307	0.909715	0.398140	-0.117911
13718	9.710977	-0.360524	-1.177866	0.006766	0.004770	0.001777	0.125345	0.007266	0.992087	0.395885	-0.917279	-0.043300	0.909706	0.398179	-0.117853
13719	9.695566	-0.333079	-1.163541	0.001002	0.003308	-0.000388	0.125267	0.007256	0.992097	0.396048	-0.917208	-0.043298	0.909645	0.398342	-0.117769
13720	9.717402	-0.339061	-1.127390	-0.003012	0.004753	0.003579	0.125217	0.007229	0.992103	0.395997	-0.917230	-0.043297	0.909674	0.398292	-0.117715
13721	9.732897	-0.366900	-1.140893	-0.006020	0.004120	0.003256	0.124964	0.007315	0.992134	0.395902	-0.917281	-0.043102	0.909750	0.398174	-0.117523
13722	9.717465	-0.339501	-1.126711	-0.008525	0.001796	0.001687	0.124933	0.007317	0.992138	0.395803	-0.917325	-0.043075	0.909798	0.398073	-0.117500
13723	9.695692	-0.333868	-1.162259	0.003757	0.002835	0.003251	0.124804	0.007278	0.992155	0.395992	-0.917243	-0.043084	0.909733	0.398262	-0.117357
13724	9.717513	-0.339968	-1.126161	0.002254	0.003819	0.001294	0.124752	0.007275	0.992161	0.395992	-0.917244	-0.043065	0.909740	0.398260	-0.117309
13725	9.703448	-0.356021	-1.153230	0.002252	0.001218	0.004886	0.124624	0.007310	0.992177	0.395861	-0.917305	-0.042964	0.909815	0.398119	-0.117212
13726	9.687982	-0.328976	-1.139257	0.002502	-0.000278	0.005161	0.124625	0.007289	0.992177	0.395858	-0.917305	-0.042984	0.909816	0.398119	-0.117204
13727	9.689292	-0.388416	-1.149642	0.000496	0.001096	0.006246	0.124567	0.007300	0.992184	0.395626	-0.917408	-0.042921	0.909925	0.397880	-0.117167
13728	9.711121	-0.379284	-1.144512	0.006764	0.002167	0.005369	0.124546	0.007267	0.992187	0.395661	-0.917392	-0.042947	0.909912	0.397919	-0.117133
13729	9.697056	-0.395636	-1.171461	0.004507	0.005037	0.006180	0.124424	0.007191	0.992203	0.395863	-0.917303	-0.042994	0.909841	0.398126	-0.116982
13730	9.689250	-0.405908	-1.118113	0.009019	-0.002002	0.006355	0.124445	0.007166	0.992201	0.395918	-0.917277	-0.043033	0.909814	0.398186	-0.116987
13731	9.689330	-0.375403	-1.179692	0.000246	0.002592	0.005971	0.124304	0.007236	0.992218	0.395713	-0.917372	-0.042884	0.909923	0.397964	-0.116896
13732	9.726573	-0.409286	-1.157561	0.003758	0.002835	0.003251	0.124267	0.007220	0.992223	0.395724	-0.917368	-0.042886	0.909923	0.397976	-0.116856
13733	9.689295	-0.391918	-1.148427	-0.001008	0.000780	0.006084	0.124164	0.007240	0.992235	0.395707	-0.917378	-0.042823	0.909945	0.397951	-0.116770
13734	9.695630	-0.370871	-1.098531	-0.003516	0.003845	0.008416	0.124138	0.007173	0.992239	0.395645	-0.917403	-0.042866	0.909975	0.397896	-0.116723
13735	9.689246	-0.408859	-1.117068	-0.004768	0.003333	0.006733	0.124069	0.007167	0.992248	0.395415	-0.917504	-0.042815	0.910084	0.397662	-0.116668
13736	9.689318	-0.393717	-1.147613	-0.005768	0.002627	0.003530	0.124035	0.007150	0.992252	0.395339	-0.917537	-0.042807	0.910122	0.397585	-0.116634
13737	9.696954	-0.431359	-1.108119	-0.001510	0.002470	0.007330	0.123859	0.007165	0.992274	0.395169	-0.917615	-0.042701	0.910220	0.397405	-0.116486
13738	9.637919	-0.408141	-1.134620	-0.004514	0.004439	0.003416	0.123807	0.007142	0.992281	0.395104	-0.917644	-0.042693	0.910255	0.397340	-0.116433
13739	9.694502	-0.298763	-1.117275	-0.012786	0.006044	0.003581	0.123705	0.007099	0.992294	0.395034	-0.917675	-0.042682	0.910300	0.397269	-0.116326
13740	9.681775	-0.373614	-1.154351	-0.029833	0.009645	0.006951	0.123620	0.007023	0.992305	0.394733	-0.917804	-0.042679	0.910441	0.396972	-0.116231
13741	9.684375	-0.491626	-1.174874	-0.032843	0.001025	0.006316	0.123663	0.007111	0.992299	0.394053	-0.918103	-0.042529	0.910730	0.396278	-0.116338
13742	9.713920	-0.488220	-1.192519	-0.009532	-0.004109	0.005662	0.123698	0.007102	0.992294	0.393939	-0.918152	-0.042537	0.910775	0.396165	-0.116372
13743	9.698407	-0.476739	-1.147645	-0.005517	0.007819	0.005911	0.123598	0.006982	0.992308	0.394172	-0.918047	-0.042637	0.910687	0.396410	-0.116221
13744	9.683039	-0.449630	-1.132969	-0.003761	0.007940	0.004552	0.123519	0.006935	0.992318	0.394112	-0.918073	-0.042641	0.910724	0.396352	-0.116133
13745	9.658744	-0.342033	-1.116086	-0.012534	0.011237	0.005962	0.123413	0.006871	0.992332	0.394011	-0.918116	-0.042645	0.910782	0.396253	-0.116015
13746	9.732233	-0.303847	-1.153012	-0.022060	0.016419	0.010139	0.123279	0.006739	0.992349	0.393778	-0.918214	-0.042683	0.910902	0.396027	-0.115850
13747	9.733634	-0.378784	-1.130678	-0.049369	0.028214	0.007571	0.123229	0.006597	0.992356	0.393157	-0.918479	-0.042716	0.911176	0.395416	-0.115776
13748	9.632362	-0.449329	-1.144921	-0.042859	0.023881	0.012355	0.123035	0.006415	0.992382	0.392731	-0.918659	-0.042752	0.911386	0.394999	-0.115547
13749	9.660840	-0.402956	-1.118729	-0.046110	0.026051	0.009959	0.122894	0.006294	0.992400	0.392135	-0.918915	-0.042732	0.911662	0.394406	-0.115398
13750	9.662372	-0.462202	-1.126779	-0.046855	0.030542	0.009136	0.122628	0.006117	0.992434	0.391676	-0.919110	-0.042732	0.911895	0.393953	-0.115105
13751	9.703144	-0.404085	-0.939195	-0.051123	0.025496	0.012503	0.122345	0.005951	0.992470	0.391256	-0.919290	-0.042719	0.912113	0.393536	-0.114799
13752	9.845830	-0.560366	-0.897107	-0.133266	0.078573	0.016209	0.121667	0.005520	0.992556	0.389999	-0.919825	-0.042691	0.912742	0.392290	-0.114065
13753	9.763174	-0.297826	-0.558604	-0.208066	0.149271	0.011789	0.120380	0.004911	0.992716	0.387901	-0.920722	-0.042483	0.913806	0.390189	-0.112742
13754	9.575618	-0.059500	-0.536380	-0.307879	0.218537	0.018223	0.118428	0.003920	0.992955	0.385042	-0.921930	-0.042283	0.915269	0.387337	-0.110692
13755	9.351212	0.003478	-0.719850	-0.366252	0.185282	0.038596	0.116961	0.002951	0.993132	0.381354	-0.923467	-0.042168	0.917000	0.383667	-0.109135
13756	9.350676	-0.055579	-0.931581	-0.345238	0.109854	0.037277	0.116072	0.002215	0.993238	0.378120	-0.924798	-0.042126	0.918451	0.380453	-0.108180
13757	9.847169	-0.186449	-0.927896	-0.341958	0.063757	0.031973	0.115453	0.001641	0.993312	0.375077	-0.926039	-0.042065	0.919776	0.377425	-0.107530
13758	10.002771	-0.351873	-1.145937	-0.323848	0.055545	0.027845	0.115023	0.001202	0.993362	0.372042	-0.927267	-0.041957	0.921062	0.374399	-0.107104
13759	9.976738	-0.332431	-1.290036	-0.239811	0.020983	0.029510	0.114877	0.000879	0.993379	0.369708	-0.928201	-0.041933	0.922019	0.372078	-0.106953
13760	9.926846	-0.388707	-1.320393	-0.178565	0.003226	0.034841	0.114952	0.000571	0.993371	0.368000	-0.928875	-0.042051	0.922693	0.370394	-0.106986
13761	9.796210	-0.431043	-1.384407	-0.104071	-0.008968	0.039751	0.115124	0.000268	0.993351	0.366970	-0.929272	-0.042279	0.923082	0.369397	-0.107080
13762	9.763339	-0.337562	-1.313996	-0.036292	-0.008607	0.041832	0.115334	-0.000062	0.993327	0.366565	-0.929416	-0.042619	0.923216	0.369034	-0.107170
13763	9.745515	-0.288371	-1.227948	-0.018544	-0.016738	0.039316	0.115710	-0.000316	0.993283	0.366246	-0.929526	-0.042961	0.923296	0.368757	-0.107439
13764	9.762193	-0.361270	-1.286895	-0.008048	-0.021248	0.038362	0.116024	-0.000567	0.993246	0.366106	-0.929565	-0.043296	0.923312	0.368657	-0.107644
13765	9.775807	-0.441876	-1.212771	0.014682	-0.026134	0.040859	0.116475	-0.000823	0.993193	0.366261	-0.929484	-0.043723	0.923194	0.368861	-0.107960
13766	9.755580	-0.573017	-1.244905	0.047175	-0.025700	0.045602	0.116857	-0.001124	0.993148	0.366622	-0.929320	-0.044190	0.923002	0.369274	-0.108185
13767	9.741509	-0.576853	-1.305408	0.088422	-0.028590	0.048947	0.117333	-0.001420	0.993092	0.367160	-0.929083	-0.044709	0.922728	0.369869	-0.108491
13768	9.709058	-0.469860	-1.266676	0.119183	-0.032298	0.049264	0.117790	-0.001731	0.993037	0.368180	-0.928651	-0.045290	0.922263	0.370951	-0.108749
13769	9.699066	-0.428510	-1.204608	0.140955	-0.036518	0.046737	0.118335	-0.002033	0.992972	0.369329	-0.928164	-0.045914	0.921734	0.372166	-0.109084
13770	9.698357	-0.434673	-1.208107	0.146682	-0.048430	0.044569	0.118924	-0.002238	0.992901	0.370606	-0.927626	-0.046480	0.921145	0.373503	-0.109488
13771	9.725980	-0.394591	-1.187092	0.159956	-0.050823	0.043675	0.119491	-0.002413	0.992832	0.372104	-0.926999	-0.047037	0.920468	0.375057	-0.109870
13772	9.687560	-0.398832	-1.152110	0.154963	-0.055387	0.040434	0.120129	-0.002552	0.992755	0.373460	-0.926426	-0.047572	0.919835	0.376469	-0.110337
13773	9.685479	-0.362205	-1.114885	0.163223	-0.058336	0.042053	0.120789	-0.002663	0.992675	0.374879	-0.925825	-0.048099	0.919171	0.377942	-0.110831
13774	9.695944	-0.283879	-0.977161	0.124762	-0.046620	0.041010	0.121349	-0.002839	0.992606	0.375954	-0.925362	-0.048608	0.918658	0.379073	-0.111224
13775	9.636814	-0.264075	-1.007225	0.089837	-0.027991	0.039446	0.121788	-0.003036	0.992551	0.376626	-0.925066	-0.049042	0.918325	0.379793	-0.111519
13776	9.643871	-0.290378	-1.001362	0.057328	-0.023046	0.038740	0.122124	-0.003279	0.992509	0.377084	-0.924858	-0.049454	0.918092	0.380299	-0.111711
13777	9.643844	-0.369501	-0.984335	0.033283	-0.023885	0.041733	0.122663	-0.003544	0.992442	0.377273	-0.924755	-0.049932	0.917943	0.380546	-0.112096
13778	9.702770	-0.457050	-0.971531	0.029248	-0.031845	0.036027	0.123069	-0.003728	0.992391	0.377476	-0.924653	-0.050285	0.917805	0.380793	-0.112389
13779	9.754225	-0.522352	-0.967231	0.026509	-0.031324	0.032381	0.123392	-0.003877	0.992350	0.377764	-0.924519	-0.050584	0.917643	0.381116	-0.112614
13780	9.762199	-0.590016	-1.004005	0.034018	-0.033846	0.027505	0.123785	-0.003975	0.992301	0.378021	-0.924399	-0.050859	0.917484	0.381406	-0.112924
13781	9.704050	-0.611322	-1.075703	0.049022	-0.034736	0.034545	0.124194	-0.004081	0.992250	0.378433	-0.924213	-0.051167	0.917259	0.381854	-0.113237
13782	9.650816	-0.585536	-1.025020	0.049505	-0.037732	0.035070	0.124651	-0.004233	0.992192	0.378822	-0.924033	-0.051535	0.917036	0.382288	-0.113578
13783	9.614486	-0.597934	-1.091660	0.055778	-0.036698	0.034218	0.125188	-0.004372	0.992123	0.379308	-0.923812	-0.051933	0.916762	0.382822	-0.113992
13784	9.650948	-0.620136	-1.103900	0.063544	-0.036672	0.035317	0.125637	-0.004531	0.992066	0.379825	-0.923577	-0.052320	0.916487	0.383385	-0.114315
13785	9.694997	-0.573639	-1.157516	0.074627	-0.028237	0.035587	0.125981	-0.004754	0.992021	0.380599	-0.923234	-0.052758	0.916118	0.384209	-0.114501
13786	9.753832	-0.571013	-1.194335	0.090410	-0.028379	0.036260	0.126358	-0.004952	0.991972	0.381361	-0.922895	-0.053185	0.915750	0.385020	-0.114727
13787	9.760921	-0.506929	-1.238146	0.104750	-0.020836	0.037114	0.126609	-0.005198	0.991939	0.382236	-0.922508	-0.053622	0.915350	0.385944	-0.114811
13788	9.716093	-0.471654	-1.238814	0.095251	-0.019652	0.035572	0.126903	-0.005423	0.991900	0.383042	-0.922148	-0.054048	0.914972	0.386799	-0.114946
13789	9.678667	-0.458152	-1.231056	0.087521	-0.015598	0.040174	0.127329	-0.005719	0.991844	0.383675	-0.921854	-0.054570	0.914648	0.387495	-0.115185
13790	9.597003	-0.479171	-1.202371	0.062528	-0.009079	0.040367	0.127546	-0.006029	0.991814	0.384176	-0.921620	-0.055007	0.914408	0.388047	-0.115233
13791	9.676701	-0.679904	-1.069501	0.020071	0.006781	0.039800	0.127646	-0.006405	0.991799	0.384349	-0.921523	-0.055417	0.914321	0.388270	-0.115167
13792	9.543628	-0.712701	-1.025832	0.019266	0.030060	0.037610	0.127494	-0.006841	0.991816	0.384457	-0.921457	-0.055776	0.914297	0.388421	-0.114851
13793	9.701433	-0.740815	-0.720855	-0.018501	0.066896	0.043904	0.127093	-0.007438	0.991863	0.384097	-0.921585	-0.056128	0.914503	0.388105	-0.114270
13794	9.699314	-0.482446	-0.594544	-0.103379	0.156296	0.046321	0.125820	-0.008444	0.992017	0.383073	-0.921993	-0.056434	0.915109	0.387115	-0.112771
13795	9.421993	-0.271948	-0.705898	-0.158584	0.171846	0.058157	0.124464	-0.009601	0.992178	0.381503	-0.922622	-0.056786	0.915950	0.385586	-0.111170
13796	9.507715	-0.165232	-0.905237	-0.183572	0.125020	0.071354	0.123569	-0.010714	0.992278	0.379712	-0.923331	-0.057255	0.916815	0.383854	-0.110027
13797	9.599106	-0.127979	-1.008245	-0.189462	0.082210	0.067616	0.122953	-0.011673	0.992344	0.378153	-0.923942	-0.057722	0.917542	0.382355	-0.109188
13798	9.852754	-0.207179	-1.133927	-0.222057	0.048493	0.061738	0.122720	-0.012401	0.992364	0.376019	-0.924791	-0.058057	0.918450	0.380272	-0.108827
13799	9.907673	-0.384620	-1.279662	-0.204195	0.029455	0.060873	0.122606	-0.012997	0.992370	0.374011	-0.925588	-0.058331	0.919284	0.378309	-0.108621
13800	9.804969	-0.456190	-1.296716	-0.147995	0.015971	0.061562	0.122668	-0.013600	0.992355	0.372554	-0.926149	-0.058745	0.919867	0.376912	-0.108542
13801	9.775277	-0.581337	-1.302571	-0.091312	0.002081	0.059233	0.122852	-0.014068	0.992325	0.371535	-0.926534	-0.059133	0.920255	0.375948	-0.108600
13802	9.729479	-0.578073	-1.240942	-0.041243	0.000790	0.054037	0.123025	-0.014545	0.992297	0.371068	-0.926692	-0.059588	0.920420	0.375541	-0.108609
13803	9.800864	-0.551381	-1.143858	-0.020869	0.009443	0.055686	0.123214	-0.015074	0.992266	0.370821	-0.926756	-0.060125	0.920495	0.375361	-0.108600
13804	9.800483	-0.388757	-0.758483	-0.066950	0.046910	0.054387	0.122963	-0.015726	0.992287	0.370117	-0.927009	-0.060556	0.920811	0.374708	-0.108167
13805	9.542933	-0.365473	-0.743688	-0.154661	0.081291	0.071215	0.122487	-0.016640	0.992331	0.368436	-0.927647	-0.061033	0.921548	0.373086	-0.107494
13806	9.357663	-0.529391	-0.709976	-0.204554	0.054386	0.077428	0.122250	-0.017533	0.992344	0.366435	-0.928406	-0.061545	0.922377	0.371154	-0.107073
13807	9.467417	-0.724324	-0.727639	-0.200551	0.032833	0.076447	0.122198	-0.018350	0.992336	0.364497	-0.929134	-0.062066	0.923152	0.369288	-0.106850
13808	9.569067	-0.796748	-0.701225	-0.168292	0.011663	0.076380	0.122348	-0.019075	0.992304	0.362829	-0.929750	-0.062609	0.923789	0.367697	-0.106832
13809	9.700777	-0.690357	-0.657057	-0.144003	-0.006656	0.073138	0.122745	-0.019737	0.992242	0.361400	-0.930266	-0.063212	0.924296	0.366355	-0.107053
13810	9.633764	-0.564589	-0.608822	-0.122731	-0.022883	0.077047	0.123215	-0.020343	0.992171	0.360150	-0.930709	-0.063809	0.924721	0.365193	-0.107351
13811	9.647775	-0.440135	-0.560156	-0.114834	-0.045889	0.083138	0.123937	-0.020886	0.992070	0.358914	-0.931143	-0.064442	0.925105	0.364055	-0.107907
13812	9.640459	-0.366761	-0.560724	-0.098884	-0.051682	0.078400	0.124677	-0.021401	0.991967	0.357882	-0.931497	-0.065077	0.925406	0.363120	-0.108477
13813	9.507128	-0.226353	-0.489724	-0.087182	-0.071999	0.076727	0.125704	-0.021794	0.991828	0.356775	-0.931877	-0.065695	0.925694	0.362118	-0.109365
13814	9.564131	-0.217948	-0.428991	-0.088656	-0.101900	0.079246	0.126911	-0.022136	0.991667	0.355834	-0.932191	-0.066347	0.925892	0.361289	-0.110428
13815	9.643123	-0.301549	-0.421049	-0.097128	-0.130907	0.085336	0.128447	-0.022448	0.991462	0.354784	-0.932539	-0.067077	0.926083	0.360371	-0.111817
13816	9.701871	-0.302888	-0.469239	-0.084511	-0.154575	0.092115	0.130186	-0.022723	0.991229	0.353862	-0.932833	-0.067860	0.926193	0.359592	-0.113401
13817	9.751336	-0.374821	-0.479798	-0.073646	-0.178355	0.100208	0.132197	-0.023007	0.990956	0.353147	-0.933037	-0.068773	0.926181	0.359045	-0.115220
13818	9.785988	-0.420039	-0.477868	-0.057992	-0.200127	0.105513	0.134405	-0.023245	0.990654	0.352449	-0.933231	-0.069716	0.926129	0.358525	-0.117238
13819	9.718800	-0.398089	-0.502056	-0.043595	-0.222357	0.109093	0.136777	-0.023408	0.990325	0.351936	-0.933353	-0.070668	0.925977	0.358197	-0.119423
13820	9.650669	-0.501784	-0.656628	-0.035864	-0.241205	0.122267	0.139422	-0.023657	0.989950	0.351416	-0.933462	-0.071800	0.925780	0.357894	-0.121831
13821	9.638414	-0.641690	-0.653533	-0.004622	-0.257855	0.122607	0.142229	-0.023832	0.989547	0.351121	-0.933484	-0.072949	0.925465	0.357826	-0.124401
13822	9.592417	-0.612764	-0.677249	0.030933	-0.285641	0.128217	0.145304	-0.023978	0.989096	0.351203	-0.933353	-0.074221	0.924956	0.358159	-0.127198
13823	9.633636	-0.625316	-0.664985	0.063393	-0.307169	0.137177	0.148413	-0.024104	0.988632	0.351573	-0.933109	-0.075529	0.924321	0.358786	-0.130011
13824	9.558781	-0.559624	-0.632335	0.079740	-0.334765	0.144754	0.151997	-0.024224	0.988084	0.352073	-0.932797	-0.077028	0.923548	0.359586	-0.133253
13825	9.575597	-0.393506	-0.466208	0.087883	-0.361877	0.154278	0.155675	-0.024336	0.987508	0.352701	-0.932431	-0.078580	0.922695	0.360528	-0.136573
13826	9.505735	-0.253915	-0.219490	0.079225	-0.393155	0.165311	0.159865	-0.024430	0.986837	0.353152	-0.932115	-0.080285	0.921806	0.361338	-0.140385
13827	9.539641	-0.216650	0.106091	0.034833	-0.432677	0.171342	0.164472	-0.024444	0.986079	0.353204	-0.931945	-0.082014	0.920976	0.361776	-0.144645
13828	9.570109	-0.290869	0.660511	0.003534	-0.501705	0.175401	0.169690	-0.024235	0.985199	0.352925	-0.931899	-0.083712	0.920136	0.361906	-0.149581
13829	9.693622	-0.306930	1.061703	-0.023370	-0.584605	0.175670	0.175561	-0.023702	0.984183	0.352371	-0.931965	-0.085301	0.919246	0.361774	-0.155265
13830	9.736062	-0.332215	1.507314	-0.043464	-0.696553	0.172937	0.182549	-0.022767	0.982933	0.351644	-0.932092	-0.086896	0.918162	0.361506	-0.162147
13831	9.460262	-0.603788	1.910229	-0.045022	-0.811710	0.191541	0.190662	-0.021644	0.981417	0.350952	-0.932179	-0.088739	0.916777	0.361349	-0.170135
13832	9.394787	-0.979287	2.125450	0.001771	-0.943683	0.211385	0.200027	-0.020176	0.979583	0.350538	-0.932139	-0.090777	0.914938	0.361539	-0.179380
13833	9.492614	-1.416632	2.153087	0.043151	-1.061070	0.217117	0.210516	-0.018379	0.977418	0.350368	-0.931985	-0.092987	0.912647	0.362032	-0.189758
13834	9.471683	-1.933095	1.952406	0.139591	-1.182962	0.214469	0.222028	-0.016058	0.974908	0.351160	-0.931451	-0.095317	0.909610	0.363512	-0.201169
13835	9.633597	-2.139600	1.686639	0.337881	-1.311878	0.209117	0.234647	-0.013318	0.971989	0.353598	-0.930238	-0.098108	0.905488	0.366714	-0.213568
13836	9.696269	-1.953911	1.472907	0.556715	-1.420882	0.219970	0.248239	-0.010086	0.968646	0.358078	-0.928166	-0.101431	0.900088	0.372030	-0.226795
13837	9.954615	-1.555895	1.130890	0.752430	-1.535034	0.241803	0.262810	-0.006640	0.964825	0.364059	-0.925378	-0.105535	0.893528	0.378989	-0.240781
13838	10.185034	-1.456425	0.714366	0.816754	-1.593878	0.252303	0.277902	-0.002842	0.960605	0.370631	-0.922249	-0.109952	0.886230	0.386586	-0.255241
13839	10.419471	-1.187416	0.313501	0.869801	-1.680379	0.246650	0.293457	0.001408	0.955971	0.377563	-0.918872	-0.114548	0.878254	0.394554	-0.270181
13840	10.381917	-1.456914	-0.966722	0.724720	-1.677484	0.219779	0.308941	0.006092	0.951062	0.383225	-0.916007	-0.118619	0.870456	0.401117	-0.285327
13841	10.566517	-1.596640	-1.506040	0.692041	-1.664658	0.190146	0.323927	0.010977	0.946018	0.388615	-0.913225	-0.122469	0.862583	0.407309	-0.300084
13842	10.846345	-1.111007	-1.327132	0.749901	-1.666480	0.183520	0.338931	0.016173	0.940672	0.394433	-0.910180	-0.126469	0.854136	0.413897	-0.314867
13843	11.793493	-0.969730	-1.734734	0.617462	-1.587624	0.174454	0.353060	0.021044	0.935364	0.398722	-0.907800	-0.130077	0.846386	0.418876	-0.328898
13844	11.977960	-0.605827	-2.405896	0.473483	-1.579323	0.218198	0.367221	0.025737	0.929777	0.401916	-0.905868	-0.133664	0.838816	0.422777	-0.342998
13845	11.693831	-0.616972	-3.305026	0.291094	-1.517388	0.256042	0.380671	0.029720	0.924233	0.403328	-0.904737	-0.137029	0.832116	0.424932	-0.356394
13846	11.354183	-1.210562	-4.107365	0.197405	-1.413491	0.239064	0.393334	0.033598	0.918781	0.404030	-0.903983	-0.139910	0.825862	0.426247	-0.369142
13847	11.418225	-1.184389	-4.043439	0.252961	-1.315381	0.207533	0.404897	0.037147	0.913608	0.404853	-0.903178	-0.142701	0.819849	0.427656	-0.380733
13848	11.276375	-0.877736	-4.217560	0.188248	-1.202741	0.176572	0.415419	0.040729	0.908718	0.405658	-0.902450	-0.144998	0.814167	0.428864	-0.391417
13849	10.868744	-0.998056	-5.166031	0.079623	-1.119677	0.153315	0.425029	0.043980	0.904111	0.405294	-0.902349	-0.146637	0.809375	0.428756	-0.401349
13850	10.225514	-1.137720	-5.343379	0.026069	-1.014175	0.115085	0.433661	0.047313	0.899833	0.405002	-0.902300	-0.147742	0.804929	0.428504	-0.410455
13851	9.475940	-1.395343	-5.686829	-0.021608	-0.912766	0.054372	0.441107	0.050546	0.896030	0.404223	-0.902594	-0.148079	0.801266	0.427515	-0.418573
13852	9.219692	-1.819096	-5.831861	0.008023	-0.777592	0.006592	0.447332	0.053834	0.892747	0.404250	-0.902573	-0.148132	0.797795	0.427157	-0.425512
13853	8.982023	-2.033772	-5.563030	0.099525	-0.590981	-0.029455	0.451828	0.056424	0.890319	0.404827	-0.902293	-0.148263	0.794963	0.427414	-0.430524
13854	8.886275	-2.230262	-5.617216	0.182072	-0.404110	-0.044926	0.454834	0.058584	0.888647	0.406468	-0.901498	-0.148610	0.792408	0.428800	-0.433844
13855	8.902256	-2.029906	-4.755745	0.287613	-0.174144	-0.080848	0.455729	0.059860	0.888104	0.408753	-0.900390	-0.149063	0.790716	0.430947	-0.434801
13856	9.055225	-1.419334	-4.448784	0.293856	0.080790	-0.101020	0.454656	0.060443	0.888614	0.411527	-0.899069	-0.149402	0.789894	0.433615	-0.433641
13857	9.372124	-0.815631	-4.331794	0.281436	0.297606	-0.084935	0.451853	0.059736	0.890090	0.413822	-0.897946	-0.149813	0.790304	0.436032	-0.430460
13858	9.333028	-0.541634	-4.049464	0.147657	0.491596	-0.063577	0.447680	0.058184	0.892299	0.415268	-0.897274	-0.149839	0.791918	0.437623	-0.425854
13859	9.003681	-0.764822	-3.703672	-0.060565	0.689993	-0.043742	0.441943	0.055404	0.895331	0.414695	-0.897654	-0.149150	0.795433	0.437205	-0.419687
13860	8.819160	-0.963452	-3.612581	-0.236936	0.882676	-0.044007	0.434698	0.051971	0.899075	0.412989	-0.898675	-0.147730	0.800299	0.435526	-0.412116
13861	8.904252	-1.106928	-3.322051	-0.377534	1.079334	-0.047150	0.425713	0.047529	0.903609	0.409797	-0.900465	-0.145702	0.806744	0.432324	-0.402816
13862	8.939689	-1.455335	-3.178452	-0.536073	1.283859	-0.050594	0.415080	0.042485	0.908792	0.405654	-0.902760	-0.143074	0.814342	0.428042	-0.391952
13863	8.775360	-1.797807	-3.284177	-0.579437	1.470153	-0.043668	0.402762	0.036426	0.914580	0.400675	-0.905401	-0.140388	0.822948	0.422992	-0.379256
13864	8.654090	-1.903352	-3.277299	-0.543358	1.643383	-0.034503	0.389009	0.029847	0.920750	0.396303	-0.907687	-0.138011	0.831634	0.418584	-0.364927
13865	8.556817	-1.966897	-3.145680	-0.491067	1.806526	-0.026797	0.373669	0.022323	0.927293	0.391741	-0.909976	-0.135952	0.840780	0.414060	-0.348775
13866	8.628773	-2.162659	-3.158599	-0.427149	1.939543	-0.014063	0.357202	0.014479	0.933915	0.388167	-0.911746	-0.134330	0.849549	0.410499	-0.331297
13867	8.800369	-2.325532	-2.980809	-0.342709	2.083655	-0.002345	0.339300	0.005852	0.940660	0.384998	-0.913257	-0.133188	0.858284	0.407343	-0.312121
13868	8.854611	-2.521926	-2.838754	-0.273452	2.250105	-0.003412	0.319859	-0.003231	0.947460	0.382633	-0.914380	-0.132293	0.866765	0.404845	-0.291236
13869	8.698016	-2.628681	-2.608381	-0.200458	2.420664	-0.014161	0.298460	-0.012846	0.954336	0.381137	-0.915117	-0.131515	0.875018	0.402984	-0.268230
13870	8.636019	-2.761471	-2.528087	-0.117377	2.588131	-0.037827	0.275546	-0.022886	0.961015	0.380195	-0.915608	-0.130816	0.882908	0.401419	-0.243591
13871	8.620498	-2.237734	-2.442837	-0.059138	2.734436	-0.065748	0.250930	-0.033337	0.967431	0.379665	-0.915939	-0.130039	0.890443	0.399930	-0.217179
13872	8.725269	-2.122123	-2.381274	-0.056461	2.873227	-0.092126	0.224872	-0.043938	0.973397	0.379358	-0.916214	-0.128995	0.897508	0.398274	-0.189363
13873	8.737549	-1.912823	-2.199201	-0.040322	2.989587	-0.111237	0.197304	-0.054792	0.978810	0.379470	-0.916337	-0.127787	0.903921	0.396642	-0.160005
13874	8.820399	-1.636154	-1.957020	-0.039589	3.047463	-0.114912	0.169211	-0.065770	0.983383	0.379299	-0.916577	-0.126568	0.909670	0.394413	-0.130149
13875	9.092583	-1.420528	-1.786279	-0.050866	3.094564	-0.093346	0.140301	-0.077031	0.987108	0.379558	-0.916619	-0.125479	0.914468	0.392269	-0.099365
13876	9.223580	-1.335994	-1.500006	-0.092189	3.097201	-0.081345	0.111580	-0.088359	0.989819	0.378790	-0.917061	-0.124564	0.918732	0.388833	-0.068856
13877	9.447965	-1.293722	-1.236899	-0.136729	3.094740	-0.055260	0.082706	-0.099805	0.991564	0.378550	-0.917250	-0.123900	0.921878	0.385604	-0.038081
13878	9.569145	-1.213310	-0.877785	-0.176522	3.073743	-0.035145	0.054171	-0.111237	0.992316	0.376919	-0.917978	-0.123480	0.924661	0.380712	-0.007800
13879	9.606804	-1.098493	-0.586573	-0.233414	3.047678	-0.016084	0.025700	-0.122641	0.992118	0.375710	-0.918502	-0.123274	0.926381	0.375917	0.022472
13880	9.577234	-1.087695	-0.124675	-0.304095	3.003899	0.009114	-0.002140	-0.133893	0.990993	0.372863	-0.919638	-0.123447	0.927884	0.369241	0.051892
13881	9.120194	-0.983850	0.682894	-0.360008	2.930486	0.024562	-0.029490	-0.144879	0.989010	0.369855	-0.920797	-0.123858	0.928621	0.362138	0.080739
13882	8.955286	-1.111080	1.160135	-0.432880	2.812659	0.037189	-0.055503	-0.155267	0.986312	0.365822	-0.922306	-0.124605	0.929028	0.353899	0.107991
13883	8.729651	-1.314971	1.522418	-0.471866	2.658159	0.056300	-0.080170	-0.165185	0.982999	0.362007	-0.923663	-0.125690	0.928722	0.345776	0.133848
13884	8.518666	-1.481231	1.560557	-0.450333	2.493004	0.077242	-0.103061	-0.174390	0.979268	0.357868	-0.925085	-0.127078	0.928067	0.337352	0.157748
13885	8.271251	-1.474230	2.008781	-0.378017	2.316277	0.078019	-0.124386	-0.183006	0.975211	0.355005	-0.925992	-0.128490	0.926553	0.330223	0.180149
13886	8.023455	-1.392694	2.415180	-0.318145	2.092198	0.059102	-0.143568	-0.190366	0.971159	0.352109	-0.926936	-0.129645	0.924882	0.323341	0.200108
13887	7.937279	-1.324900	2.579248	-0.291239	1.853071	0.043873	-0.160667	-0.196804	0.967189	0.349616	-0.927732	-0.130697	0.923014	0.317146	0.217862
13888	7.741961	-1.403160	2.652825	-0.270978	1.622499	0.027394	-0.175557	-0.202132	0.963495	0.347133	-0.928544	-0.131549	0.921238	0.311366	0.233178
13889	7.526358	-1.477232	2.649592	-0.250696	1.398244	0.000500	-0.188540	-0.206520	0.960105	0.344793	-0.929324	-0.132190	0.919549	0.306114	0.246421
13890	7.451497	-1.451396	2.829796	-0.194816	1.175600	-0.022806	-0.199442	-0.209856	0.957175	0.342927	-0.929979	-0.132439	0.917945	0.301827	0.257442
13891	7.505217	-1.340315	3.036847	-0.123708	0.949927	-0.028446	-0.208373	-0.212490	0.954688	0.341632	-0.930443	-0.132528	0.916443	0.298536	0.266473
13892	7.629646	-1.108620	3.115623	-0.097487	0.724659	-0.034082	-0.215149	-0.214302	0.952778	0.340635	-0.930820	-0.132444	0.915248	0.296054	0.273264
13893	7.785510	-1.031208	2.922404	-0.114178	0.522075	-0.028680	-0.220154	-0.215611	0.951338	0.339408	-0.931258	-0.132516	0.914513	0.293718	0.278200
13894	7.615541	-1.245413	2.589607	-0.127860	0.318434	-0.046737	-0.223246	-0.216083	0.950510	0.338104	-0.931748	-0.132407	0.914247	0.291811	0.281068
13895	7.476074	-1.308002	2.475465	-0.109872	0.098081	-0.065665	-0.224498	-0.215797	0.950280	0.336836	-0.932247	-0.132126	0.914408	0.290426	0.281976
13896	7.727556	-1.348519	2.373033	-0.051207	-0.088963	-0.079640	-0.223975	-0.214771	0.950636	0.336156	-0.932582	-0.131492	0.914786	0.290111	0.281072
13897	8.000456	-1.414614	2.249578	0.010869	-0.223302	-0.086997	-0.222355	-0.213352	0.951335	0.335940	-0.932775	-0.130671	0.915261	0.290537	0.279081
13898	8.067384	-1.499744	2.109512	0.103615	-0.354647	-0.107384	-0.219492	-0.211293	0.952459	0.336619	-0.932716	-0.129340	0.915702	0.292227	0.275849
13899	8.018677	-1.334424	1.947102	0.213950	-0.470978	-0.121225	-0.215717	-0.208822	0.953866	0.338194	-0.932381	-0.127636	0.916019	0.295058	0.271752
13900	8.016888	-1.089736	1.758153	0.301985	-0.586465	-0.146451	-0.210863	-0.205691	0.955630	0.340616	-0.931802	-0.125404	0.916252	0.299060	0.266545
13901	8.104385	-0.854089	1.572407	0.375956	-0.699394	-0.178819	-0.205192	-0.201961	0.957658	0.343566	-0.931073	-0.122741	0.916438	0.303833	0.260436
13902	8.307600	-0.569322	1.585959	0.423097	-0.811294	-0.209148	-0.198501	-0.197504	0.959995	0.346990	-0.930208	-0.119627	0.916622	0.309362	0.253179
13903	8.721503	-0.385442	1.659694	0.398371	-0.882954	-0.234617	-0.191345	-0.192611	0.962439	0.350068	-0.929462	-0.116413	0.916973	0.314644	0.245275
13904	9.749101	-0.211405	4.299553	0.446469	-0.908770	-0.283720	-0.184033	-0.187065	0.964955	0.353598	-0.928598	-0.112580	0.917115	0.320488	0.237038
13905	11.216960	-0.102225	3.675355	0.150440	-0.914501	-0.290426	-0.176790	-0.181460	0.967377	0.354347	-0.928687	-0.109446	0.918250	0.323438	0.228483
13906	11.653535	0.000503	3.467981	0.124386	-1.077442	-0.232283	-0.167736	-0.175779	0.970034	0.355058	-0.928713	-0.106895	0.919673	0.326489	0.218190
13907	11.649722	-0.203488	4.390424	-0.061755	-1.082133	-0.242996	-0.158757	-0.170017	0.972569	0.353989	-0.929373	-0.104682	0.921677	0.327660	0.207728
13908	11.762548	0.178634	5.108351	-0.383608	-1.044681	-0.280726	-0.150124	-0.163969	0.974975	0.349983	-0.931109	-0.102702	0.924648	0.325807	0.197168
13909	11.578284	-1.228099	3.711496	-0.860845	-1.134385	-0.284619	-0.140722	-0.157686	0.977411	0.341489	-0.934381	-0.101579	0.929292	0.319481	0.185336
13910	11.088410	-2.492260	3.139168	-0.960119	-1.330700	-0.292152	-0.129329	-0.150723	0.980080	0.332117	-0.937879	-0.100408	0.934330	0.312515	0.171353
13911	10.437050	-2.755760	2.918820	-0.864279	-1.498701	-0.334695	-0.116519	-0.142985	0.982842	0.323496	-0.941083	-0.098558	0.939028	0.306462	0.155909
13912	9.758754	-3.472723	1.693448	-0.697674	-1.674310	-0.361063	-0.101940	-0.134463	0.985661	0.316506	-0.943720	-0.096007	0.943097	0.302180	0.138761
13913	9.669520	-3.381375	0.879306	-0.418475	-1.774369	-0.360597	-0.086444	-0.125771	0.988286	0.312085	-0.945489	-0.093027	0.946113	0.300388	0.120983
13914	9.298736	-2.861291	-0.818131	-0.179494	-1.766244	-0.334660	-0.070779	-0.117273	0.990574	0.310092	-0.946447	-0.089892	0.948068	0.300807	0.103354
13915	8.720055	-1.934651	-1.690727	0.026557	-1.708997	-0.303685	-0.055632	-0.109328	0.992448	0.310003	-0.946754	-0.086917	0.949106	0.302827	0.086562
13916	8.310258	-1.006648	-2.480576	0.088390	-1.593981	-0.269974	-0.041360	-0.101902	0.993934	0.310682	-0.946782	-0.084140	0.949614	0.305318	0.070818
13917	7.967358	-0.658396	-3.213048	0.068723	-1.478201	-0.265596	-0.028255	-0.094941	0.995082	0.311102	-0.946875	-0.081508	0.949956	0.307269	0.056290
13918	7.944856	0.037376	-3.465682	0.057699	-1.486522	-0.343770	-0.015225	-0.087081	0.996085	0.311547	-0.947022	-0.078030	0.950109	0.309139	0.041549
13919	9.457972	0.492833	-5.031425	-0.025602	-1.527107	-0.449548	-0.002207	-0.078156	0.996939	0.311144	-0.947509	-0.073592	0.950360	0.310029	0.026409
13920	10.681876	0.041374	-4.429197	-0.273835	-1.387319	-0.514499	0.009366	-0.068965	0.997575	0.308530	-0.948746	-0.068486	0.951168	0.308424	0.012392
13921	10.410188	-0.500379	-4.407496	-0.452989	-1.247029	-0.518275	0.019571	-0.060271	0.997990	0.304198	-0.950499	-0.063368	0.952408	0.304827	-0.000268
13922	9.917962	-1.200177	-4.912371	-0.408179	-1.160250	-0.520309	0.029031	-0.051780	0.998236	0.300407	-0.952039	-0.058121	0.953369	0.301564	-0.012084
13923	10.202141	-1.434958	-4.763635	-0.197777	-0.985501	-0.528782	0.036793	-0.043808	0.998362	0.298608	-0.952913	-0.052818	0.953667	0.300062	-0.021979
13924	10.373221	-1.065577	-4.473270	0.058999	-0.820324	-0.511429	0.043062	-0.036446	0.998407	0.299347	-0.952951	-0.047698	0.953172	0.300924	-0.030126
13925	10.591934	0.035042	-4.048846	0.211000	-0.755752	-0.448412	0.048883	-0.029919	0.998356	0.301480	-0.952488	-0.043306	0.952219	0.303102	-0.037540
13926	11.053048	1.105505	-3.089388	0.083643	-0.706294	-0.361444	0.054492	-0.024310	0.998218	0.302436	-0.952342	-0.039703	0.951611	0.304061	-0.044543
13927	10.827210	1.175773	-2.770197	-0.255810	-0.654753	-0.285971	0.059840	-0.019608	0.998015	0.300103	-0.953200	-0.036721	0.952028	0.301705	-0.051155
13928	10.472240	0.948209	-2.577430	-0.591929	-0.656979	-0.235797	0.065376	-0.015371	0.997742	0.294584	-0.955020	-0.034015	0.953387	0.296143	-0.057907
13929	9.954491	0.120501	-2.878783	-0.802297	-0.652721	-0.211035	0.070974	-0.011435	0.997413	0.287029	-0.957407	-0.031400	0.955289	0.288515	-0.064669
13930	9.883975	-0.568944	-3.031797	-0.734972	-0.622429	-0.225733	0.076263	-0.007474	0.997060	0.280141	-0.959532	-0.028620	0.956925	0.281500	-0.071083
13931	9.891465	-0.829597	-2.775697	-0.496585	-0.567486	-0.251393	0.080983	-0.003456	0.996709	0.275552	-0.960942	-0.025721	0.957869	0.276728	-0.076868
13932	9.814626	-0.515740	-2.211133	-0.215173	-0.499066	-0.268067	0.085006	0.000519	0.996380	0.273687	-0.961548	-0.022848	0.958055	0.274638	-0.081880
13933	9.907903	0.363257	-1.790724	0.044024	-0.486829	-0.272067	0.088924	0.004498	0.996028	0.274314	-0.961429	-0.020149	0.957520	0.275016	-0.086728
13934	10.412842	1.321086	-1.387861	0.170805	-0.442759	-0.255875	0.092435	0.008202	0.995685	0.276155	-0.960950	-0.017721	0.956658	0.276601	-0.091091
13935	10.378650	1.919459	-1.342115	0.189271	-0.408383	-0.232906	0.095691	0.011605	0.995343	0.278163	-0.960408	-0.015544	0.955755	0.278356	-0.095130
13936	10.027891	2.180408	-1.044337	0.109403	-0.370774	-0.230799	0.098568	0.014878	0.995019	0.279407	-0.960080	-0.013322	0.955100	0.279328	-0.098790
13937	9.731189	2.005787	-0.841088	-0.029143	-0.342017	-0.236924	0.101153	0.018152	0.994705	0.279354	-0.960126	-0.010887	0.954845	0.278976	-0.102191
13938	9.678594	1.409740	-0.930967	-0.147892	-0.322376	-0.227723	0.103575	0.021259	0.994394	0.278149	-0.960501	-0.008437	0.954937	0.277464	-0.105397
13939	9.674990	0.962743	-1.024902	-0.172404	-0.331007	-0.221385	0.106112	0.024370	0.994056	0.276745	-0.960925	-0.005984	0.955067	0.275735	-0.108710
13940	9.745203	0.424871	-0.850958	-0.208893	-0.364949	-0.208102	0.109002	0.027396	0.993664	0.274948	-0.961452	-0.003653	0.955260	0.273604	-0.112332
13941	9.840638	0.082519	-0.675879	-0.253697	-0.405166	-0.193945	0.112331	0.030450	0.993204	0.272754	-0.962083	-0.001352	0.955504	0.271052	-0.116377
13942	9.803899	-0.351660	-0.669597	-0.313013	-0.427099	-0.190068	0.115875	0.033454	0.992700	0.269954	-0.962873	0.000938	0.955875	0.267874	-0.120604
13943	9.639629	-0.505780	-0.744589	-0.256816	-0.436792	-0.193699	0.119510	0.036563	0.992160	0.267726	-0.963490	0.003258	0.956055	0.265237	-0.124935
13944	9.628835	-0.295060	-0.762007	-0.188289	-0.439066	-0.194706	0.123166	0.039623	0.991595	0.266137	-0.963920	0.005460	0.956034	0.263227	-0.129268
13945	9.536879	-0.106778	-0.853773	-0.132286	-0.449177	-0.185917	0.126956	0.042678	0.990990	0.265113	-0.964188	0.007560	0.955823	0.261764	-0.133724
13946	9.670345	-0.015904	-0.811122	-0.105727	-0.464701	-0.173117	0.130917	0.045585	0.990345	0.264301	-0.964394	0.009452	0.955513	0.260511	-0.138304
13947	9.889728	-0.071377	-0.959431	-0.081976	-0.485087	-0.155650	0.135115	0.048402	0.989647	0.263703	-0.964539	0.011171	0.955094	0.259463	-0.143088
13948	9.900389	-0.396618	-1.118539	-0.061693	-0.496050	-0.149011	0.139438	0.051149	0.988909	0.263294	-0.964631	0.012768	0.954586	0.258593	-0.147973
13949	9.852467	-0.679436	-1.455371	0.001166	-0.509781	-0.126940	0.143944	0.053750	0.988125	0.263456	-0.964569	0.014090	0.953872	0.258299	-0.153004
13950	9.616875	-1.040842	-1.685621	0.166709	-0.547085	-0.106659	0.148855	0.056219	0.987260	0.265177	-0.964084	0.014917	0.952640	0.259578	-0.158417
13951	9.609718	-1.110805	-1.600238	0.372105	-0.583769	-0.102255	0.154121	0.058769	0.986303	0.268855	-0.963058	0.015373	0.950770	0.262803	-0.164228
13952	9.682749	-0.749878	-1.518023	0.546644	-0.585315	-0.096135	0.159396	0.061271	0.985311	0.274172	-0.961557	0.015440	0.948379	0.267684	-0.170067
13953	9.571399	-0.186176	-1.516901	0.660085	-0.600935	-0.093995	0.164810	0.063831	0.984258	0.280544	-0.959720	0.015263	0.945586	0.273613	-0.176079
13954	9.401424	0.280829	-1.042347	0.642871	-0.634440	-0.100185	0.170494	0.066569	0.983108	0.286759	-0.957883	0.015130	0.942710	0.279335	-0.182402
13955	9.567908	0.506326	-0.706177	0.507659	-0.634606	-0.112032	0.176120	0.069449	0.981916	0.291668	-0.956397	0.015330	0.940166	0.283694	-0.188697
13956	9.375875	0.957589	-0.854358	0.382952	-0.638213	-0.113869	0.181757	0.072382	0.980676	0.295445	-0.955230	0.015746	0.937911	0.286874	-0.195004
13957	9.365373	1.389763	-0.623815	0.168111	-0.664917	-0.125999	0.187590	0.075527	0.979339	0.297204	-0.954668	0.016696	0.936205	0.287932	-0.201533
13958	9.251726	1.294075	-0.724403	-0.051781	-0.696307	-0.140595	0.193665	0.078894	0.977890	0.296965	-0.954715	0.018212	0.935043	0.286872	-0.208324
13959	9.213585	1.296465	-0.896590	-0.171397	-0.746512	-0.142446	0.200182	0.082404	0.976287	0.295578	-0.955109	0.020009	0.934110	0.284563	-0.215553
13960	9.349758	1.139725	-1.033901	-0.262849	-0.789042	-0.141989	0.207109	0.086016	0.974529	0.293390	-0.955739	0.022006	0.933289	0.281360	-0.223179
13961	9.496137	0.449411	-1.404341	-0.317883	-0.816256	-0.144014	0.214280	0.089730	0.972642	0.290701	-0.956508	0.024198	0.932511	0.277563	-0.231045
13962	9.708229	-0.242708	-1.694004	-0.230656	-0.861905	-0.145393	0.221869	0.093524	0.970581	0.288847	-0.957017	0.026188	0.931312	0.274539	-0.239346
13963	9.820174	-0.441530	-1.775963	-0.112139	-0.887609	-0.139912	0.229692	0.097322	0.968385	0.288080	-0.957201	0.027868	0.929651	0.272572	-0.247898
13964	9.881879	-0.634584	-1.723488	-0.000055	-0.928440	-0.131136	0.237913	0.101128	0.966008	0.288365	-0.957076	0.029173	0.927493	0.271622	-0.256863
13965	9.829479	-0.643161	-1.445612	0.103482	-0.967446	-0.117544	0.246494	0.104884	0.963452	0.289534	-0.956695	0.030072	0.924884	0.271539	-0.266187
13966	9.849901	-0.232071	-1.113332	0.200962	-1.008771	-0.098568	0.255500	0.108593	0.960691	0.291616	-0.956049	0.030512	0.921781	0.272357	-0.275938
13967	9.734937	0.320726	-0.579248	0.200116	-1.048712	-0.090254	0.264840	0.112286	0.957733	0.293564	-0.955442	0.030838	0.918521	0.272989	-0.286002
13968	9.610657	1.057823	-0.175955	0.189553	-1.087446	-0.079612	0.274553	0.116041	0.954545	0.295497	-0.954838	0.031084	0.915042	0.273531	-0.296443
13969	9.463580	1.831055	0.064874	0.105590	-1.143330	-0.062451	0.284764	0.119739	0.951090	0.296521	-0.954510	0.031389	0.911584	0.273080	-0.307315
13970	9.218540	2.207083	0.193725	-0.025954	-1.225205	-0.042234	0.295764	0.123500	0.947244	0.296388	-0.954534	0.031908	0.908118	0.271315	-0.318921
13971	9.262296	2.053003	0.153917	-0.115866	-1.309142	-0.024200	0.307507	0.127240	0.943000	0.295282	-0.954856	0.032550	0.904571	0.268442	-0.331196
13972	9.391996	1.782231	0.006840	-0.146111	-1.378274	-0.004789	0.319911	0.130987	0.938349	0.293959	-0.955244	0.033126	0.900691	0.265239	-0.344098
13973	9.647019	1.259999	-0.528796	-0.067037	-1.471059	0.004112	0.333083	0.134799	0.933212	0.293196	-0.955470	0.033366	0.896154	0.262500	-0.357773
13974	9.892145	0.893600	-0.805267	0.089451	-1.536433	0.002558	0.346796	0.138821	0.927611	0.293968	-0.955244	0.033054	0.890682	0.261225	-0.372084
13975	10.034629	0.785506	-1.234888	0.277967	-1.597645	0.002845	0.360924	0.142893	0.921583	0.296202	-0.954589	0.032008	0.884307	0.261422	-0.386859
13976	10.165142	0.626907	-1.447578	0.427760	-1.653346	0.003602	0.375473	0.147218	0.915067	0.299939	-0.953476	0.030326	0.876959	0.263077	-0.402161
13977	10.383950	0.083575	-1.787267	0.531357	-1.718951	-0.010712	0.390386	0.151821	0.908047	0.304466	-0.952103	0.028291	0.868849	0.265425	-0.417912
13978	10.851072	0.075876	-1.720844	0.765559	-1.799308	-0.004529	0.405899	0.156703	0.900383	0.311084	-0.950051	0.025109	0.859345	0.269903	-0.434372
