// General information: 
//  MT Manager version: 2022.2.0 
//  XDA version: 2022.2.0 build 7381 rev 124627 built on 2023-07-19
// Device information: 
//  DeviceId: 00B4CBA7
//  ProductCode: MTW2-3A7G6
//  Firmware Version: 4.6.0
//  Hardware Version: 2.0.0
// Device settings: 
//  Filter Profile: human(46.1)
//  Option Flags: Orientation Smoother Disabled, Position/Velocity Smoother Disabled, Continuous Zero Rotation Update Disabled, AHS Disabled, ICC Disabled
// Coordinate system: ENU
PacketCounter	Acc_X	Acc_Y	Acc_Z	Gyr_X	Gyr_Y	Gyr_Z	Mat[1][1]	Mat[2][1]	Mat[3][1]	Mat[1][2]	Mat[2][2]	Mat[3][2]	Mat[1][3]	Mat[2][3]	Mat[3][3]
62269	9.657938	-0.317165	-1.118915	-0.132385	0.050395	0.045850	0.120162	0.056397	0.991151	0.553475	-0.832632	-0.019723	0.824152	0.550948	-0.131265
62270	9.740437	-0.397554	-1.006661	-0.112998	0.043285	0.042555	0.120029	0.055700	0.991207	0.552530	-0.833251	-0.020084	0.824805	0.550082	-0.130790
62271	9.732949	-0.446826	-0.854135	-0.079432	0.034120	0.040115	0.119940	0.055200	0.991245	0.551808	-0.833723	-0.020341	0.825302	0.549416	-0.130457
62272	9.703084	-0.439568	-0.838161	-0.043607	0.018564	0.036771	0.120019	0.054813	0.991257	0.551534	-0.833897	-0.020667	0.825473	0.549192	-0.130314
62273	9.686729	-0.398365	-0.776111	-0.011725	0.006632	0.035902	0.120134	0.054499	0.991261	0.551375	-0.833994	-0.020970	0.825562	0.549076	-0.130240
62274	9.699764	-0.367911	-0.816595	-0.010505	-0.000086	0.036091	0.120412	0.054212	0.991243	0.551500	-0.833901	-0.021387	0.825439	0.549245	-0.130310
62275	9.671883	-0.367111	-0.837189	-0.006945	-0.007975	0.033499	0.120635	0.053999	0.991227	0.551384	-0.833970	-0.021673	0.825484	0.549161	-0.130380
62276	9.662844	-0.417098	-0.865346	-0.001833	-0.016378	0.036389	0.120946	0.053653	0.991208	0.551298	-0.834015	-0.022125	0.825495	0.549127	-0.130449
62277	9.646206	-0.448318	-0.968287	0.017369	-0.015526	0.034394	0.121236	0.053473	0.991182	0.551382	-0.833951	-0.022452	0.825397	0.549242	-0.130589
62278	9.644496	-0.380321	-1.071683	0.048589	-0.022639	0.037313	0.121761	0.053201	0.991133	0.552113	-0.833449	-0.023090	0.824830	0.550029	-0.130854
62279	9.617987	-0.387061	-1.215781	0.072999	-0.025004	0.036329	0.122140	0.053057	0.991094	0.552653	-0.833080	-0.023510	0.824413	0.550603	-0.131075
62280	9.629930	-0.285854	-1.272454	0.083215	-0.024330	0.037079	0.122469	0.052757	0.991069	0.553153	-0.832733	-0.024026	0.824029	0.551155	-0.131167
62281	9.659962	-0.164098	-1.349736	0.088046	-0.023604	0.043879	0.122878	0.052543	0.991030	0.553806	-0.832284	-0.024541	0.823529	0.551854	-0.131368
62282	9.638077	-0.112404	-1.399291	0.078216	-0.020965	0.040657	0.123449	0.052411	0.990966	0.554904	-0.831534	-0.025148	0.822704	0.552996	-0.131735
62283	9.700211	-0.144809	-1.374173	0.045518	-0.015467	0.046497	0.123807	0.052130	0.990936	0.555204	-0.831319	-0.025634	0.822448	0.553345	-0.131866
62284	9.742895	-0.263631	-1.280365	0.024717	-0.013812	0.048202	0.124142	0.051767	0.990913	0.555291	-0.831245	-0.026141	0.822339	0.553490	-0.131938
62285	9.663439	-0.406226	-1.259651	0.032013	-0.009114	0.050328	0.124469	0.051420	0.990890	0.555474	-0.831107	-0.026647	0.822166	0.553730	-0.132009
62286	9.601727	-0.664649	-1.109269	0.062005	-0.010468	0.050459	0.124840	0.051045	0.990863	0.555996	-0.830738	-0.027255	0.821757	0.554318	-0.132090
62287	9.580102	-0.894518	-1.067265	0.116062	-0.012247	0.050197	0.125193	0.050716	0.990835	0.556869	-0.830133	-0.027870	0.821111	0.555255	-0.132169
62288	9.586066	-1.128552	-1.003925	0.201976	-0.010468	0.038825	0.125528	0.050424	0.990808	0.558618	-0.828932	-0.028587	0.819871	0.557071	-0.132221
62289	9.600527	-1.243594	-0.926954	0.306285	-0.022159	0.029176	0.125846	0.050326	0.990773	0.561073	-0.827250	-0.029246	0.818145	0.559576	-0.132342
62290	9.724250	-1.232176	-0.885228	0.450328	-0.026936	0.019155	0.126125	0.050261	0.990740	0.564648	-0.824785	-0.030040	0.815638	0.563208	-0.132406
62291	9.767605	-0.934432	-0.942769	0.594877	-0.037692	0.004894	0.126432	0.050453	0.990691	0.569467	-0.821436	-0.030842	0.812233	0.568065	-0.132588
62292	9.775531	-0.397292	-0.969344	0.665477	-0.047205	0.003252	0.126818	0.050498	0.990640	0.574826	-0.817653	-0.031907	0.808388	0.573492	-0.132721
62293	9.797110	0.100318	-1.029675	0.647263	-0.057879	0.002054	0.127269	0.050834	0.990565	0.580027	-0.813938	-0.032753	0.804594	0.578723	-0.133074
62294	9.860071	0.555155	-1.102468	0.538230	-0.062449	0.002595	0.127786	0.051244	0.990477	0.584413	-0.810766	-0.033451	0.801331	0.583123	-0.133553
62295	9.870441	0.735901	-1.065416	0.380496	-0.065058	0.008070	0.128326	0.051578	0.990390	0.587431	-0.808559	-0.034006	0.799035	0.586150	-0.134058
62296	9.936915	0.617219	-1.095325	0.214890	-0.040762	0.030854	0.128790	0.051460	0.990336	0.589040	-0.807360	-0.034651	0.797775	0.587811	-0.134292
62297	9.814009	0.233464	-1.139955	0.086888	-0.010030	0.033803	0.129042	0.051264	0.990313	0.589673	-0.806880	-0.035068	0.797266	0.588487	-0.134350
62298	9.610538	-0.143315	-1.188058	0.050269	-0.007661	0.036769	0.129269	0.051056	0.990294	0.589981	-0.806639	-0.035426	0.797002	0.588835	-0.134396
62299	9.567273	-0.461402	-1.240660	0.045578	-0.013519	0.036577	0.129565	0.050859	0.990266	0.590281	-0.806403	-0.035816	0.796732	0.589175	-0.134503
62300	9.667390	-0.606387	-1.343407	0.076117	0.003111	0.025599	0.129689	0.050574	0.990264	0.590903	-0.805929	-0.036227	0.796251	0.589848	-0.134404
62301	9.623417	-0.634415	-1.374297	0.118544	0.010059	0.014593	0.129667	0.050415	0.990275	0.591811	-0.805250	-0.036497	0.795579	0.590788	-0.134251
62302	9.641984	-0.541798	-1.324523	0.157318	-0.011699	0.011804	0.129899	0.050385	0.990246	0.593278	-0.804151	-0.036909	0.794448	0.592286	-0.134350
62303	9.673511	-0.417522	-1.319416	0.169359	-0.030437	0.008138	0.130161	0.050517	0.990205	0.594596	-0.803164	-0.037184	0.793419	0.593612	-0.134578
62304	9.667699	-0.338077	-1.360631	0.156612	-0.040176	0.014210	0.130577	0.050650	0.990144	0.595920	-0.802165	-0.037554	0.792357	0.594950	-0.134928
62305	9.684843	-0.379039	-1.246333	0.134302	-0.031461	0.008915	0.130852	0.050783	0.990100	0.596956	-0.801384	-0.037790	0.791531	0.595991	-0.135178
62306	9.617404	-0.415035	-1.280532	0.122882	-0.042817	0.013353	0.131273	0.050919	0.990038	0.597971	-0.800611	-0.038111	0.790695	0.597017	-0.135546
62307	9.678078	-0.449384	-1.344123	0.125128	-0.042880	0.013176	0.131663	0.051087	0.989977	0.598927	-0.799884	-0.038378	0.789906	0.597977	-0.135912
62308	9.712021	-0.475295	-1.340253	0.140666	-0.049058	0.009339	0.132017	0.051267	0.989921	0.599843	-0.799186	-0.038607	0.789151	0.598894	-0.136259
62309	9.712634	-0.472717	-1.256028	0.169795	-0.040686	0.008546	0.132362	0.051460	0.989865	0.601155	-0.798186	-0.038890	0.788095	0.600210	-0.136585
62310	9.713378	-0.470518	-1.171115	0.230938	-0.038995	0.011765	0.132661	0.051352	0.989830	0.602785	-0.796929	-0.039443	0.786798	0.601887	-0.136676
62311	9.623793	-0.383219	-1.274313	0.273150	-0.054783	0.010359	0.133127	0.051616	0.989754	0.604902	-0.795300	-0.039887	0.785093	0.604014	-0.137099
62312	9.689991	-0.297628	-1.388423	0.266961	-0.069257	0.001168	0.133694	0.052046	0.989655	0.607093	-0.793610	-0.040277	0.783304	0.606197	-0.137698
62313	9.667135	-0.232364	-1.324105	0.261404	-0.065040	-0.001937	0.134164	0.052473	0.989569	0.609125	-0.792035	-0.040586	0.781644	0.608216	-0.138225
62314	9.670529	-0.160536	-1.206879	0.260429	-0.073177	-0.001817	0.134618	0.052831	0.989488	0.610948	-0.790613	-0.040906	0.780141	0.610033	-0.138707
62315	9.656777	-0.210118	-1.291589	0.251908	-0.081063	0.004558	0.135249	0.053306	0.989377	0.612890	-0.789090	-0.041268	0.778508	0.611960	-0.139394
62316	9.642280	-0.189509	-1.396307	0.225544	-0.093214	0.004264	0.135954	0.053864	0.989250	0.614596	-0.787746	-0.041572	0.777038	0.613641	-0.140202
62317	9.633108	-0.234484	-1.340242	0.206836	-0.095147	0.008406	0.136716	0.054398	0.989116	0.616175	-0.786493	-0.041913	0.775653	0.615199	-0.141045
62318	9.749210	-0.347010	-1.348185	0.191805	-0.079517	0.010078	0.137315	0.054760	0.989013	0.617528	-0.785414	-0.042250	0.774470	0.616544	-0.141665
62319	9.620119	-0.368746	-1.444001	0.220829	-0.036178	0.012417	0.137643	0.054902	0.988959	0.619204	-0.784071	-0.042653	0.773072	0.618238	-0.141918
62320	9.399064	-0.337220	-1.433016	0.292204	-0.070102	0.014410	0.138272	0.055221	0.988854	0.621503	-0.782219	-0.043223	0.771113	0.620552	-0.142479
62321	9.598846	-0.169245	-1.373783	0.320176	-0.134821	0.002541	0.139298	0.056055	0.988663	0.623949	-0.780243	-0.043674	0.768949	0.622959	-0.143662
62322	9.708921	-0.070086	-1.501309	0.327594	-0.144834	-0.009692	0.140341	0.056936	0.988465	0.626510	-0.778163	-0.044129	0.766675	0.625476	-0.144879
62323	9.612415	-0.115586	-1.599192	0.305327	-0.188635	-0.010204	0.141692	0.058212	0.988198	0.628847	-0.776258	-0.044440	0.764510	0.627722	-0.146596
62324	9.735806	-0.267756	-1.695220	0.268619	-0.216294	-0.016792	0.143243	0.059686	0.987886	0.630997	-0.774496	-0.044701	0.762446	0.629756	-0.148603
62325	9.803827	-0.526194	-1.635972	0.259322	-0.205668	-0.024820	0.144624	0.061190	0.987593	0.632993	-0.772860	-0.044811	0.760529	0.631620	-0.150507
62326	9.693385	-0.819793	-1.714541	0.273388	-0.187073	-0.020234	0.145854	0.062524	0.987328	0.635028	-0.771179	-0.044975	0.758595	0.633541	-0.152184
62327	9.611843	-1.056527	-1.823178	0.318040	-0.159299	-0.023715	0.146882	0.063732	0.987099	0.637457	-0.769159	-0.045194	0.756356	0.635872	-0.153602
62328	9.534670	-0.945373	-1.926242	0.383954	-0.141507	-0.021290	0.147793	0.064838	0.986891	0.640408	-0.766684	-0.045534	0.753681	0.638742	-0.154833
62329	9.500358	-0.568481	-1.911488	0.416860	-0.139341	-0.025806	0.148647	0.065942	0.986689	0.643567	-0.764012	-0.045895	0.750816	0.641823	-0.156006
62330	9.671969	-0.176459	-1.861241	0.373447	-0.135072	-0.021391	0.149405	0.066856	0.986513	0.646197	-0.761768	-0.046240	0.748403	0.644391	-0.157014
62331	9.778038	0.042229	-1.795890	0.280870	-0.120487	-0.019396	0.150151	0.067795	0.986336	0.648311	-0.759957	-0.046459	0.746423	0.646429	-0.158061
62332	9.704364	0.105787	-1.757703	0.181173	-0.101055	-0.013291	0.150728	0.068635	0.986190	0.649561	-0.758889	-0.046463	0.745220	0.647593	-0.158968
62333	9.637700	0.031844	-1.618468	0.100978	-0.090938	-0.008702	0.151320	0.069304	0.986052	0.650312	-0.758243	-0.046505	0.744444	0.648279	-0.159806
62334	9.583434	-0.125891	-1.686474	0.065674	-0.087399	-0.006026	0.151965	0.070029	0.985902	0.650955	-0.757690	-0.046518	0.743750	0.648847	-0.160728
62335	9.451012	-0.196933	-1.694121	0.090127	-0.098087	-0.003887	0.152640	0.070709	0.985749	0.651617	-0.757116	-0.046592	0.743032	0.649443	-0.161641
62336	9.552991	-0.254212	-1.646696	0.082811	-0.119526	-0.011739	0.153345	0.071705	0.985568	0.652105	-0.756707	-0.046407	0.742459	0.649810	-0.162796
62337	9.741202	-0.326559	-1.574925	0.073453	-0.119516	-0.015456	0.154102	0.072613	0.985383	0.652660	-0.756233	-0.046341	0.741814	0.650261	-0.163928
62338	9.736331	-0.455260	-1.561117	0.054059	-0.097462	-0.015335	0.154713	0.073360	0.985232	0.653139	-0.755822	-0.046286	0.741265	0.650655	-0.164850
62339	9.645126	-0.616104	-1.482907	0.032612	-0.094064	-0.009292	0.155321	0.074056	0.985084	0.653381	-0.755617	-0.046215	0.740924	0.650814	-0.165750
62340	9.622926	-0.704317	-1.499341	0.032322	-0.092108	-0.008813	0.155886	0.074743	0.984943	0.653591	-0.755441	-0.046116	0.740620	0.650939	-0.166615
62341	9.661578	-0.725278	-1.445330	0.033666	-0.088684	-0.012637	0.156431	0.075430	0.984804	0.653847	-0.755226	-0.046015	0.740279	0.651109	-0.167461
62342	9.682634	-0.705430	-1.422741	0.023279	-0.079946	-0.011914	0.156896	0.076035	0.984684	0.654009	-0.755093	-0.045900	0.740038	0.651193	-0.168199
62343	9.633961	-0.640690	-1.415303	0.033224	-0.066902	-0.015363	0.157261	0.076601	0.984582	0.654265	-0.754879	-0.045772	0.739734	0.651375	-0.168830
62344	9.568636	-0.509045	-1.593494	0.022798	-0.072267	-0.015699	0.157711	0.077159	0.984466	0.654561	-0.754625	-0.045716	0.739376	0.651604	-0.169518
62345	9.526803	-0.475641	-1.629987	0.023057	-0.074153	-0.016172	0.158124	0.077778	0.984351	0.654744	-0.754476	-0.045562	0.739126	0.651702	-0.170225
62346	9.587737	-0.428622	-1.633503	0.020668	-0.090413	-0.022047	0.158532	0.078585	0.984222	0.654769	-0.754475	-0.045225	0.739017	0.651607	-0.171063
62347	9.655846	-0.460300	-1.593205	0.016195	-0.087584	-0.028868	0.158961	0.079387	0.984088	0.654921	-0.754360	-0.044935	0.738790	0.651643	-0.171906
62348	9.690143	-0.491155	-1.626261	0.019477	-0.084984	-0.025182	0.159368	0.080112	0.983963	0.655066	-0.754249	-0.044688	0.738573	0.651683	-0.172682
62349	9.632068	-0.533567	-1.584064	0.025881	-0.084382	-0.027888	0.159779	0.080887	0.983833	0.655288	-0.754071	-0.044425	0.738287	0.651793	-0.173489
62350	9.647349	-0.502239	-1.583343	0.026134	-0.086253	-0.028360	0.160161	0.081749	0.983700	0.655461	-0.753943	-0.044064	0.738051	0.651834	-0.174335
62351	9.680300	-0.500414	-1.517920	0.017572	-0.081791	-0.027649	0.160554	0.082504	0.983573	0.655621	-0.753819	-0.043788	0.737823	0.651882	-0.175120
62352	9.655216	-0.447496	-1.578717	-0.001129	-0.071730	-0.029177	0.160813	0.083150	0.983476	0.655585	-0.753870	-0.043461	0.737799	0.651741	-0.175744
62353	9.556179	-0.446387	-1.531723	-0.016795	-0.070112	-0.025081	0.161136	0.083810	0.983367	0.655488	-0.753972	-0.043150	0.737815	0.651538	-0.176428
62354	9.594789	-0.417284	-1.565711	-0.016544	-0.084887	-0.024083	0.161477	0.084642	0.983240	0.655236	-0.754217	-0.042683	0.737964	0.651146	-0.177250
62355	9.604007	-0.375330	-1.587241	-0.024621	-0.095619	-0.032621	0.161940	0.085525	0.983088	0.655094	-0.754363	-0.042284	0.737989	0.650862	-0.178188
62356	9.666214	-0.384750	-1.536838	-0.027417	-0.091704	-0.031440	0.162354	0.086223	0.982958	0.654932	-0.754520	-0.041989	0.738041	0.650588	-0.178969
62357	9.658959	-0.371093	-1.567093	-0.027703	-0.087107	-0.038227	0.162716	0.087092	0.982822	0.654777	-0.754680	-0.041530	0.738099	0.650287	-0.179825
62358	9.797228	-0.407843	-1.632224	-0.007846	-0.061119	-0.045269	0.162781	0.087929	0.982736	0.654696	-0.754784	-0.040911	0.738156	0.650053	-0.180431
62359	9.707246	-0.297193	-1.618721	0.008767	-0.041880	-0.038939	0.162805	0.088509	0.982680	0.654811	-0.754706	-0.040510	0.738049	0.650065	-0.180827
62360	9.480788	-0.049131	-1.670066	-0.050533	-0.063671	-0.036118	0.162975	0.089277	0.982583	0.654454	-0.755046	-0.039947	0.738329	0.649565	-0.181482
62361	9.581530	0.007089	-1.766017	-0.144066	-0.088215	-0.041909	0.163323	0.090181	0.982442	0.653445	-0.755957	-0.039239	0.739145	0.648380	-0.182393
62362	9.808120	-0.111116	-1.786202	-0.230187	-0.086331	-0.042149	0.163639	0.091012	0.982313	0.651808	-0.757411	-0.038407	0.740520	0.646564	-0.183264
62363	9.821590	-0.401668	-1.715291	-0.299659	-0.073027	-0.036771	0.163911	0.091776	0.982197	0.649633	-0.759325	-0.037461	0.742368	0.644208	-0.184083
62364	9.585691	-0.827493	-1.749139	-0.312230	-0.082483	-0.029997	0.164263	0.092522	0.982068	0.647314	-0.761347	-0.036544	0.744314	0.641709	-0.184952
62365	9.609858	-0.912256	-1.838896	-0.251228	-0.091578	-0.032606	0.164704	0.093371	0.981914	0.645482	-0.762939	-0.035723	0.745805	0.639692	-0.185929
62366	9.670327	-0.838009	-1.779264	-0.214897	-0.074330	-0.035417	0.164871	0.094116	0.981814	0.643757	-0.764437	-0.034825	0.747258	0.637792	-0.186621
62367	9.613011	-0.814912	-1.538791	-0.236291	-0.042877	-0.026782	0.164989	0.094609	0.981747	0.642021	-0.765929	-0.034085	0.748724	0.635926	-0.187111
62368	9.476341	-0.870068	-1.561314	-0.255618	-0.017505	-0.018681	0.164962	0.094960	0.981718	0.640108	-0.767562	-0.033315	0.750366	0.633902	-0.187403
62369	9.396660	-0.719869	-1.557042	-0.227634	-0.045151	-0.010238	0.165206	0.095339	0.981640	0.638402	-0.769006	-0.032753	0.751764	0.632092	-0.187909
62370	9.328312	-0.391641	-1.553837	-0.203945	-0.049989	-0.007033	0.165472	0.095760	0.981554	0.636816	-0.770343	-0.032201	0.753050	0.630398	-0.188451
62371	9.387228	0.067883	-1.609918	-0.198619	-0.112225	-0.011836	0.166212	0.096573	0.981350	0.635326	-0.771594	-0.031674	0.754145	0.628742	-0.189603
62372	9.691170	0.582665	-1.631708	-0.251687	-0.167554	-0.022784	0.167264	0.097855	0.981044	0.633415	-0.773196	-0.030872	0.755518	0.626572	-0.191311
62373	9.870318	0.697531	-1.534161	-0.374273	-0.166177	-0.021616	0.168354	0.099077	0.980735	0.630607	-0.775526	-0.029905	0.757623	0.623492	-0.193041
62374	9.674220	0.448581	-1.561659	-0.435876	-0.162317	-0.016866	0.169385	0.100309	0.980432	0.627207	-0.778323	-0.028729	0.760211	0.619800	-0.194751
62375	9.405385	0.076413	-1.717315	-0.436367	-0.188156	-0.016843	0.170682	0.101620	0.980072	0.623900	-0.781014	-0.027674	0.762638	0.616190	-0.196706
62376	9.431307	-0.164095	-1.845051	-0.398095	-0.221431	-0.027291	0.172165	0.103298	0.979637	0.620904	-0.783438	-0.026510	0.764747	0.612825	-0.199019
62377	9.799796	-0.437804	-1.844327	-0.353861	-0.224879	-0.041980	0.173597	0.105019	0.979201	0.618254	-0.785569	-0.025355	0.766568	0.609797	-0.201300
62378	10.217347	-0.405614	-1.787184	-0.352803	-0.194089	-0.045462	0.174836	0.106568	0.978813	0.615703	-0.787605	-0.024226	0.768337	0.606895	-0.203316
62379	10.165432	-0.575767	-1.685598	-0.348480	-0.160837	-0.024689	0.175891	0.107753	0.978495	0.613053	-0.789700	-0.023238	0.770213	0.603956	-0.204960
62380	9.910380	-0.592454	-1.694394	-0.303802	-0.173140	-0.018006	0.177064	0.109044	0.978140	0.610681	-0.791562	-0.022302	0.771827	0.601281	-0.206749
62381	9.802559	-0.259665	-1.996500	-0.303306	-0.212690	-0.020880	0.178550	0.110503	0.977706	0.608362	-0.793370	-0.021432	0.773314	0.598626	-0.208882
62382	9.859403	0.014127	-1.980558	-0.373209	-0.194887	-0.026943	0.179851	0.111912	0.977307	0.605491	-0.795593	-0.020322	0.775264	0.595405	-0.210850
62383	9.611550	-0.010394	-1.732321	-0.397247	-0.113984	-0.036523	0.180485	0.112897	0.977077	0.602459	-0.797921	-0.019089	0.777475	0.592094	-0.212029
62384	9.279872	0.022358	-1.564308	-0.330685	-0.115160	-0.043001	0.181094	0.113929	0.976845	0.599926	-0.799855	-0.017931	0.779291	0.589281	-0.213197
62385	9.302940	0.065330	-1.476390	-0.254817	-0.099331	-0.053729	0.181517	0.114961	0.976645	0.598022	-0.801303	-0.016826	0.780654	0.587110	-0.214199
62386	9.093355	-0.072912	-1.497598	-0.172075	-0.092923	-0.058683	0.181816	0.115956	0.976472	0.596720	-0.802293	-0.015835	0.781581	0.585559	-0.215063
62387	8.894653	-0.155945	-1.464748	-0.058807	-0.164259	-0.062530	0.182697	0.117437	0.976130	0.596361	-0.802575	-0.015061	0.781649	0.584878	-0.216662
62388	8.903169	-0.197430	-1.541896	0.028696	-0.228633	-0.072001	0.183995	0.119409	0.975647	0.596612	-0.802402	-0.014308	0.781153	0.584716	-0.218879
62389	8.930410	-0.281895	-1.596978	0.100715	-0.295701	-0.080653	0.185792	0.121803	0.975010	0.597534	-0.801726	-0.013707	0.780022	0.585149	-0.221736
62390	9.117731	-0.280677	-1.576914	0.167249	-0.348922	-0.075802	0.188085	0.124509	0.974229	0.599059	-0.800594	-0.013336	0.778301	0.586129	-0.225168
62391	9.250003	-0.303618	-1.643625	0.210025	-0.388407	-0.067944	0.190667	0.127349	0.973359	0.600807	-0.799287	-0.013115	0.776323	0.587302	-0.228910
62392	9.431089	-0.242049	-1.684790	0.221277	-0.423102	-0.058581	0.193588	0.130298	0.972392	0.602670	-0.797884	-0.013068	0.774153	0.588561	-0.232987
62393	9.602396	-0.124470	-1.637609	0.189568	-0.445907	-0.047644	0.196718	0.133321	0.971353	0.604215	-0.796715	-0.013014	0.772156	0.589467	-0.237283
62394	9.717028	0.015135	-1.562191	0.146896	-0.472865	-0.038723	0.200103	0.136475	0.970223	0.605365	-0.795844	-0.012907	0.770385	0.589922	-0.241868
62395	9.752994	0.125535	-1.389998	0.078783	-0.499889	-0.023118	0.203781	0.139625	0.969009	0.606005	-0.795357	-0.012838	0.768916	0.589841	-0.246692
62396	9.776417	0.085081	-1.181351	0.024168	-0.532269	-0.007122	0.207750	0.142811	0.967701	0.606126	-0.795266	-0.012762	0.767757	0.589200	-0.251779
62397	9.614350	0.072437	-0.918767	0.025250	-0.573922	0.003749	0.212146	0.146179	0.966243	0.606300	-0.795133	-0.012826	0.766417	0.588554	-0.257312
62398	9.621145	0.072279	-0.744944	0.038783	-0.621082	0.015951	0.216943	0.149776	0.964626	0.606444	-0.795021	-0.012947	0.764959	0.587800	-0.263304
62399	9.629527	0.164082	-0.672167	0.073693	-0.678871	0.030180	0.222283	0.153542	0.962816	0.606928	-0.794644	-0.013396	0.763039	0.587338	-0.269825
62400	9.806947	0.169331	-0.453953	0.079857	-0.744224	0.051823	0.228220	0.157528	0.960781	0.607330	-0.794326	-0.014026	0.760964	0.586712	-0.276952
62401	10.051365	0.139360	-0.259791	0.081502	-0.810638	0.073707	0.234797	0.161713	0.958498	0.607767	-0.793975	-0.014925	0.758610	0.586048	-0.284707
62402	10.444870	0.324607	-0.257140	0.062870	-0.911151	0.077444	0.242132	0.166508	0.955849	0.607907	-0.793853	-0.015705	0.756188	0.584870	-0.293439
62403	10.793090	0.418075	-0.153043	0.006651	-1.002950	0.086948	0.250203	0.171693	0.952848	0.607733	-0.793970	-0.016516	0.753697	0.583209	-0.302997
62404	11.188179	0.280827	-0.153162	-0.088399	-1.082469	0.083148	0.258839	0.177345	0.949501	0.606733	-0.794725	-0.016962	0.751583	0.580484	-0.313307
62405	11.420327	0.052164	-0.447402	-0.205292	-1.130647	0.084014	0.267807	0.183237	0.945888	0.604960	-0.796073	-0.017066	0.749869	0.576795	-0.324045
62406	11.528683	-0.075024	-0.851425	-0.295349	-1.156987	0.089370	0.276973	0.189131	0.942080	0.602334	-0.798066	-0.016868	0.748652	0.572119	-0.334963
62407	11.473368	-0.209224	-1.036054	-0.389618	-1.157052	0.121823	0.286333	0.194765	0.938126	0.599066	-0.800526	-0.016648	0.747752	0.566766	-0.345894
62408	11.347467	-0.266836	-1.354510	-0.457971	-1.133404	0.177831	0.295808	0.199711	0.934137	0.594808	-0.803698	-0.016531	0.747463	0.560523	-0.356531
62409	11.266181	-0.001662	-1.901370	-0.515871	-1.091006	0.248366	0.305405	0.203810	0.930155	0.590197	-0.807082	-0.016940	0.747259	0.554149	-0.366775
62410	11.247418	0.470002	-2.283338	-0.634003	-1.006214	0.325082	0.314829	0.206721	0.926363	0.584144	-0.811463	-0.017443	0.748103	0.546621	-0.376227
62411	11.353729	1.330600	-2.435715	-0.756651	-0.846130	0.379158	0.323339	0.208247	0.923085	0.577258	-0.816363	-0.018032	0.749817	0.538688	-0.384174
62412	11.238680	2.215511	-2.475572	-0.950095	-0.651039	0.403637	0.330529	0.208381	0.920504	0.568409	-0.822552	-0.017894	0.753433	0.529137	-0.390323
62413	11.121476	2.769083	-2.228626	-1.283001	-0.402991	0.408944	0.335851	0.207132	0.918858	0.557333	-0.830124	-0.016581	0.759332	0.517679	-0.394239
62414	10.778054	2.858734	-2.342766	-1.626653	-0.134155	0.417621	0.339090	0.204277	0.918308	0.543133	-0.839534	-0.013801	0.768131	0.503443	-0.395627
62415	10.456454	2.452915	-2.489669	-1.901743	0.133498	0.447377	0.340423	0.199858	0.918787	0.526893	-0.849868	-0.010355	0.778778	0.487628	-0.394619
62416	10.351648	1.914490	-2.445518	-1.966605	0.423260	0.454070	0.339476	0.193873	0.920418	0.509614	-0.860377	-0.006734	0.790601	0.471344	-0.390878
62417	10.255243	1.190843	-2.441540	-1.879459	0.694590	0.436661	0.336106	0.186895	0.923094	0.493158	-0.869933	-0.003431	0.802389	0.456384	-0.384559
62418	10.059731	0.462673	-2.526829	-1.660824	0.940137	0.409335	0.330538	0.179041	0.926655	0.478084	-0.878314	-0.000832	0.813745	0.443294	-0.375913
62419	9.972068	-0.074947	-2.655683	-1.306068	1.175277	0.384111	0.322702	0.170524	0.931013	0.466124	-0.884719	0.000480	0.823767	0.433813	-0.364986
62420	9.816106	-0.436276	-2.550536	-0.878685	1.418074	0.369978	0.312621	0.161024	0.936130	0.457348	-0.889288	0.000235	0.832527	0.428063	-0.351654
62421	9.559734	-0.531059	-2.419703	-0.416596	1.647608	0.340082	0.300369	0.150976	0.941799	0.452810	-0.891606	-0.001485	0.839489	0.426901	-0.336174
62422	9.608733	-0.449474	-2.577123	-0.009003	1.866055	0.290446	0.285997	0.140323	0.947900	0.451577	-0.892222	-0.004168	0.845153	0.429242	-0.318540
62423	9.490618	-0.305721	-2.536336	0.321953	2.086760	0.224417	0.269305	0.129329	0.954332	0.453668	-0.891141	-0.007256	0.849506	0.434904	-0.298661
62424	9.545124	-0.141541	-2.569797	0.582279	2.278275	0.142662	0.250641	0.118012	0.960860	0.458026	-0.888879	-0.010304	0.852873	0.442681	-0.276842
62425	9.626734	0.018769	-2.463381	0.762342	2.487824	0.041452	0.229556	0.106535	0.967447	0.464421	-0.885524	-0.012684	0.855346	0.452215	-0.252754
62426	9.675846	0.136245	-2.071434	0.939269	2.659724	-0.059044	0.206365	0.094799	0.973872	0.472424	-0.881255	-0.014324	0.856872	0.463036	-0.226646
62427	9.688269	0.321070	-1.740146	1.097896	2.822915	-0.138544	0.181483	0.082796	0.979902	0.482084	-0.875992	-0.015268	0.857122	0.475167	-0.198892
62428	9.515084	0.441589	-1.934393	1.172319	2.885857	-0.213307	0.155587	0.070698	0.985289	0.492351	-0.870262	-0.015303	0.856378	0.487489	-0.170210
62429	9.460618	0.518964	-1.642451	1.171911	2.897024	-0.265384	0.129452	0.058724	0.989845	0.502736	-0.864319	-0.014471	0.854692	0.499505	-0.141411
62430	9.628050	0.398655	-1.313426	1.162540	2.871420	-0.305075	0.103251	0.046793	0.993554	0.512962	-0.858315	-0.012884	0.852179	0.510986	-0.112625
62431	9.853917	0.323538	-1.115335	1.212004	2.846780	-0.340331	0.077250	0.035012	0.996397	0.523554	-0.851926	-0.010655	0.848483	0.522491	-0.084142
62432	9.982364	0.414345	-0.785782	1.299820	2.823969	-0.376908	0.051098	0.023261	0.998423	0.534682	-0.845018	-0.007677	0.843507	0.534231	-0.055615
62433	9.861663	0.635606	-0.371034	1.337186	2.799227	-0.413095	0.025309	0.011637	0.999612	0.546056	-0.837739	-0.004073	0.837366	0.545947	-0.027556
62434	9.560694	0.922330	0.110253	1.278265	2.726392	-0.418171	0.000215	0.000049	1.000000	0.556854	-0.830610	-0.000079	0.830610	0.556854	-0.000206
62435	9.187917	0.904346	0.271715	1.144208	2.606530	-0.404204	-0.023648	-0.011224	0.999657	0.566248	-0.824224	0.004141	0.823895	0.566152	0.025847
62436	8.921217	0.587783	0.313937	0.999924	2.476455	-0.396333	-0.046333	-0.022213	0.998679	0.574461	-0.818488	0.008446	0.817219	0.574094	0.050684
62437	8.702230	0.107135	0.331899	0.930253	2.335466	-0.406513	-0.067722	-0.032368	0.997179	0.581776	-0.813244	0.013113	0.810525	0.581023	0.073905
62438	8.425627	-0.261304	0.289975	0.950351	2.186637	-0.429577	-0.088002	-0.041713	0.995247	0.589138	-0.807827	0.018235	0.803226	0.587942	0.095665
62439	8.257229	-0.378323	0.142585	1.088962	2.041031	-0.453044	-0.107029	-0.050130	0.992991	0.597371	-0.801608	0.023919	0.794791	0.595744	0.115741
62440	8.090645	-0.222334	0.203479	1.242229	1.884449	-0.462284	-0.124831	-0.057889	0.990488	0.606822	-0.794269	0.030057	0.784974	0.604802	0.134278
62441	7.846804	0.339354	0.251506	1.338860	1.713393	-0.434586	-0.140881	-0.064882	0.987898	0.616658	-0.786394	0.036292	0.774523	0.614308	0.150798
62442	7.520880	1.153770	0.652868	1.305691	1.472743	-0.371519	-0.154836	-0.071170	0.985373	0.626163	-0.778551	0.042159	0.764163	0.623533	0.165112
62443	7.494221	1.995937	1.356200	1.068508	1.211350	-0.268646	-0.165764	-0.076670	0.983181	0.633824	-0.772068	0.046656	0.755506	0.630898	0.176576
62444	7.577400	2.530794	2.218761	0.631639	0.972793	-0.162354	-0.174314	-0.081551	0.981307	0.638200	-0.768277	0.049519	0.749877	0.634902	0.185967
62445	7.697869	2.500291	2.448503	0.152646	0.754687	-0.061390	-0.180388	-0.085858	0.979841	0.639206	-0.767380	0.050437	0.747580	0.635419	0.193307
62446	7.587614	2.079686	2.359650	-0.306705	0.553941	0.028151	-0.184460	-0.089614	0.978746	0.636891	-0.769357	0.049590	0.748561	0.632502	0.198990
62447	7.431544	1.325562	2.004534	-0.673321	0.355914	0.098467	-0.186538	-0.092600	0.978074	0.631993	-0.773529	0.047299	0.752189	0.626959	0.202815
62448	7.390302	0.500959	1.364067	-0.879666	0.192363	0.156564	-0.187099	-0.095037	0.977733	0.625571	-0.778926	0.043997	0.757400	0.619873	0.205189
62449	7.388667	-0.269187	0.778437	-0.977713	0.030830	0.189423	-0.186187	-0.096692	0.977745	0.618462	-0.784788	0.040160	0.763440	0.612175	0.205917
62450	7.643696	-0.804440	0.351841	-0.971697	-0.095565	0.206691	-0.184285	-0.097742	0.978001	0.611304	-0.790568	0.036178	0.769640	0.604523	0.205440
62451	7.823502	-1.453094	0.142449	-0.849766	-0.192711	0.212365	-0.181536	-0.098251	0.978464	0.605100	-0.795490	0.032387	0.775176	0.597948	0.203862
62452	8.062232	-2.058348	0.106078	-0.660763	-0.301395	0.217031	-0.177983	-0.098197	0.979122	0.600261	-0.799280	0.028954	0.779749	0.592882	0.201202
62453	8.270987	-2.311672	-0.010931	-0.373006	-0.403420	0.225460	-0.173512	-0.097598	0.979984	0.597714	-0.801287	0.026028	0.782708	0.590266	0.197368
62454	8.566381	-2.315571	0.030453	-0.075373	-0.494316	0.233549	-0.168338	-0.096563	0.980988	0.597429	-0.801574	0.023616	0.784054	0.590046	0.192625
62455	9.086596	-1.910948	0.377201	0.177676	-0.577950	0.256850	-0.162301	-0.095188	0.982139	0.599218	-0.800298	0.021458	0.783962	0.591998	0.186927
62456	9.670961	-1.705771	0.615670	0.337098	-0.680655	0.313379	-0.155173	-0.093659	0.983438	0.602268	-0.798067	0.019025	0.783068	0.595245	0.180246
62457	10.654294	-1.530159	1.040910	0.488292	-0.740356	0.354529	-0.147270	-0.092042	0.984804	0.606595	-0.794841	0.016424	0.781252	0.599796	0.172889
62458	12.125491	-0.858240	2.755242	0.818665	-0.799132	0.338632	-0.139061	-0.089921	0.986193	0.613365	-0.789667	0.014488	0.777461	0.606911	0.164966
62459	15.396683	1.710913	3.330114	1.116483	-1.014661	0.189204	-0.130063	-0.085185	0.987840	0.622242	-0.782692	0.014432	0.771945	0.616552	0.154805
62460	17.483010	3.410514	3.142291	1.101838	-0.792514	0.107080	-0.123383	-0.081129	0.989037	0.630748	-0.775842	0.015045	0.766116	0.625689	0.146898
62461	12.687230	3.016129	1.759242	1.067932	-0.750293	0.420293	-0.115020	-0.079633	0.990166	0.639373	-0.768796	0.012441	0.760245	0.634516	0.139342
62462	9.521561	4.232268	0.109994	0.579019	-1.369147	0.762580	-0.099816	-0.076780	0.992039	0.644496	-0.764587	0.005671	0.758065	0.639931	0.125802
62463	10.417682	3.756493	-0.191575	-0.356373	-1.849948	1.025849	-0.079184	-0.072791	0.994199	0.642679	-0.766119	-0.004905	0.762032	0.638563	0.107445
62464	11.264428	1.657723	-2.216427	-1.013311	-1.999076	1.206889	-0.056240	-0.069354	0.996006	0.635683	-0.771744	-0.017844	0.769899	0.632140	0.087490
62465	9.608952	-0.252830	-3.975358	-1.225828	-1.761251	1.132614	-0.035486	-0.067059	0.997118	0.626687	-0.778691	-0.030066	0.778463	0.623814	0.069658
62466	7.046657	-2.341983	-4.056437	-0.850658	-1.544373	0.862050	-0.018119	-0.064185	0.997773	0.620232	-0.783441	-0.039135	0.784209	0.618142	0.054005
62467	6.676204	-4.148759	-6.558527	-0.338750	-1.498042	0.706538	-0.002012	-0.060464	0.998168	0.617619	-0.785112	-0.046313	0.786475	0.616395	0.038924
62468	8.399215	-4.939140	-6.871243	0.439202	-1.278416	0.646659	0.011970	-0.057591	0.998269	0.621014	-0.782035	-0.052562	0.783708	0.620568	0.026404
62469	9.692291	-2.493406	-5.116979	1.261397	-1.206591	0.645298	0.025384	-0.055045	0.998161	0.630706	-0.773798	-0.058712	0.775607	0.631036	0.015075
62470	11.808119	1.853284	-3.574866	1.250198	-1.169826	0.609203	0.038232	-0.052257	0.997902	0.640150	-0.765528	-0.064614	0.767298	0.641277	0.004184
62471	12.352456	4.184638	-1.890487	0.415261	-0.854188	0.605555	0.048627	-0.051376	0.997495	0.643046	-0.762565	-0.070624	0.764283	0.644869	-0.004044
62472	9.224035	3.156130	-1.063159	-0.561331	-0.539405	0.713633	0.057283	-0.053278	0.996935	0.638399	-0.765783	-0.077607	0.767571	0.640888	-0.009854
62473	8.031525	-0.172042	-1.084152	-1.260849	-0.600465	0.794158	0.066913	-0.055555	0.996211	0.628159	-0.773393	-0.085321	0.775203	0.631488	-0.016853
62474	9.195595	-3.196948	-1.002309	-1.206338	-0.653233	0.779497	0.076811	-0.057423	0.995391	0.618247	-0.780494	-0.092734	0.782221	0.622521	-0.024449
62475	9.679608	-5.198799	-1.016272	-0.650341	-0.676947	0.717276	0.086501	-0.058821	0.994514	0.612542	-0.784130	-0.099655	0.785690	0.617802	-0.031798
62476	9.474843	-5.251516	-0.941729	0.050340	-0.719553	0.623671	0.095926	-0.059174	0.993628	0.612404	-0.783436	-0.105779	0.784703	0.618649	-0.038913
62477	9.124420	-3.215260	-0.161740	0.436350	-0.729309	0.538152	0.104908	-0.058841	0.992740	0.615261	-0.780431	-0.111275	0.781312	0.622467	-0.045671
62478	9.186799	-1.140102	0.504436	0.372975	-0.721594	0.500052	0.113580	-0.058172	0.991824	0.617640	-0.777807	-0.116349	0.778216	0.625806	-0.052414
62479	9.511497	-0.611021	0.388711	0.026436	-0.698810	0.509546	0.122129	-0.057743	0.990833	0.617226	-0.777366	-0.121381	0.777249	0.626392	-0.059299
62480	9.654847	-1.182608	-0.119635	-0.245460	-0.688596	0.516508	0.130625	-0.057396	0.989769	0.614679	-0.778604	-0.126273	0.777886	0.624885	-0.066425
62481	9.623116	-1.911411	-0.473554	-0.376023	-0.688319	0.530512	0.139204	-0.057224	0.988609	0.611017	-0.780666	-0.131224	0.779282	0.622324	-0.073707
62482	9.500392	-2.424405	-0.632422	-0.379725	-0.690497	0.507128	0.147636	-0.056841	0.987407	0.607341	-0.782737	-0.135868	0.780602	0.619752	-0.081038
62483	9.472726	-2.628430	-0.731623	-0.346284	-0.676833	0.480981	0.155805	-0.056408	0.986176	0.603888	-0.784626	-0.140287	0.781693	0.617398	-0.088185
62484	9.286963	-2.603638	-0.995044	-0.261456	-0.655185	0.442820	0.163558	-0.055804	0.984954	0.601141	-0.785997	-0.144356	0.782226	0.615707	-0.095010
62485	9.444371	-2.114838	-1.116894	-0.206921	-0.668253	0.413669	0.171237	-0.054932	0.983697	0.598812	-0.787060	-0.148189	0.782369	0.614426	-0.101880
62486	9.547559	-1.466180	-1.035817	-0.220738	-0.671301	0.387280	0.178768	-0.053823	0.982418	0.596407	-0.788215	-0.151710	0.782522	0.613042	-0.108807
62487	9.727963	-1.141723	-1.110134	-0.337141	-0.682520	0.382085	0.186353	-0.052646	0.981071	0.593053	-0.790094	-0.155047	0.783302	0.610720	-0.116015
62488	9.625594	-1.355059	-1.348074	-0.446673	-0.681242	0.390151	0.193960	-0.051538	0.979655	0.588810	-0.792623	-0.158276	0.784654	0.607530	-0.123391
62489	9.535395	-1.648350	-1.636238	-0.493458	-0.696767	0.385596	0.201664	-0.050363	0.978159	0.584155	-0.795435	-0.161388	0.786190	0.603943	-0.130991
62490	9.515866	-1.701185	-1.865079	-0.515557	-0.690739	0.383323	0.209293	-0.049214	0.976614	0.579310	-0.798360	-0.164381	0.787779	0.600166	-0.138581
62491	9.448056	-1.875718	-2.042489	-0.540486	-0.672521	0.372174	0.216713	-0.048151	0.975047	0.574239	-0.801431	-0.167207	0.789484	0.596146	-0.146030
62492	9.450824	-1.963900	-2.384623	-0.552721	-0.667830	0.363558	0.224033	-0.047053	0.973445	0.569071	-0.804553	-0.169858	0.791181	0.592013	-0.153469
62493	9.596035	-1.871945	-2.594757	-0.572239	-0.647986	0.351674	0.231127	-0.046049	0.971833	0.563722	-0.807784	-0.172344	0.792967	0.587677	-0.160742
62494	9.672187	-1.812926	-2.812050	-0.608546	-0.622479	0.350354	0.237999	-0.045188	0.970214	0.558079	-0.811193	-0.174681	0.794924	0.583030	-0.167845
62495	9.694953	-1.834883	-2.952448	-0.668948	-0.583996	0.343071	0.244522	-0.044570	0.968619	0.551910	-0.814940	-0.176825	0.797248	0.577828	-0.174673
62496	9.714762	-1.912969	-2.952842	-0.704844	-0.555711	0.334967	0.250765	-0.044051	0.967045	0.545470	-0.818848	-0.178747	0.799737	0.572318	-0.181310
62497	9.698490	-2.178829	-2.624639	-0.704644	-0.528974	0.324210	0.256731	-0.043681	0.965495	0.538988	-0.822737	-0.180543	0.802235	0.566742	-0.187678
62498	9.549453	-2.261422	-2.297108	-0.655313	-0.499158	0.306609	0.262350	-0.043327	0.964000	0.532947	-0.826304	-0.182179	0.804450	0.561556	-0.193690
62499	9.452966	-2.179965	-1.899101	-0.580385	-0.512738	0.293636	0.268007	-0.042872	0.962463	0.527480	-0.829441	-0.183829	0.806187	0.556947	-0.199682
62500	9.376036	-1.984533	-1.365769	-0.506447	-0.532252	0.290119	0.273791	-0.042263	0.960860	0.522627	-0.832131	-0.185521	0.807403	0.552966	-0.205742
62501	9.255855	-1.720476	-0.949220	-0.464675	-0.568763	0.292715	0.279880	-0.041549	0.959135	0.518049	-0.834587	-0.187323	0.808265	0.549307	-0.212060
62502	9.248980	-1.623445	-0.753885	-0.466973	-0.614032	0.304884	0.286387	-0.040674	0.957250	0.513432	-0.837020	-0.189172	0.808932	0.545659	-0.218828
62503	9.185316	-1.544523	-0.678810	-0.478243	-0.675071	0.320710	0.293460	-0.039672	0.955148	0.508618	-0.839509	-0.191137	0.809438	0.541896	-0.226184
62504	9.235387	-1.655559	-0.792857	-0.520012	-0.729912	0.333988	0.301027	-0.038486	0.952839	0.503429	-0.842191	-0.193063	0.809902	0.537804	-0.234148
62505	9.315272	-1.815638	-0.925580	-0.531566	-0.782013	0.334140	0.309007	-0.037095	0.950336	0.498091	-0.844929	-0.194938	0.810198	0.533591	-0.242612
62506	9.422083	-1.932204	-1.164419	-0.497215	-0.834277	0.341450	0.317420	-0.035502	0.947620	0.492999	-0.847460	-0.196886	0.810060	0.529671	-0.251498
62507	9.465034	-1.889875	-1.466533	-0.467989	-0.887469	0.331568	0.326205	-0.033611	0.944701	0.488129	-0.849832	-0.198786	0.809519	0.525981	-0.260813
62508	9.522210	-1.945970	-1.757994	-0.445404	-0.920156	0.327575	0.335205	-0.031531	0.941617	0.483447	-0.852071	-0.200634	0.808651	0.522476	-0.270375
62509	9.569738	-2.005435	-2.088458	-0.447574	-0.966572	0.321362	0.344534	-0.029220	0.938319	0.478726	-0.854320	-0.202384	0.807538	0.518926	-0.280354
62510	9.755927	-1.974816	-2.369225	-0.457388	-0.994188	0.309460	0.353992	-0.026687	0.934867	0.473955	-0.856612	-0.203919	0.806261	0.515271	-0.290585
62511	9.880324	-1.918556	-2.527874	-0.485718	-1.012355	0.302677	0.363548	-0.024067	0.931265	0.468944	-0.859044	-0.205267	0.804937	0.511336	-0.301018
62512	9.993056	-1.871849	-2.475984	-0.555902	-1.023447	0.296190	0.373119	-0.021366	0.927537	0.463385	-0.861819	-0.206257	0.803776	0.506765	-0.311661
62513	10.166626	-1.888714	-2.305862	-0.641536	-1.035270	0.288090	0.382735	-0.018613	0.923671	0.457131	-0.865011	-0.206850	0.802835	0.501407	-0.322561
62514	10.267953	-1.845197	-2.101353	-0.704009	-1.045676	0.266478	0.392295	-0.015679	0.919706	0.450444	-0.868491	-0.206940	0.802001	0.495457	-0.333643
62515	10.291722	-1.784674	-1.923777	-0.737880	-1.079739	0.257361	0.402074	-0.012581	0.915521	0.443497	-0.872102	-0.206757	0.801029	0.489162	-0.345070
62516	10.446602	-1.906868	-1.647680	-0.776278	-1.106837	0.245547	0.411972	-0.009319	0.911149	0.436279	-0.875862	-0.206220	0.799962	0.482472	-0.356765
62517	10.342374	-1.556608	-1.447093	-0.706582	-1.150876	0.218648	0.422090	-0.005698	0.906536	0.429711	-0.879247	-0.205604	0.798241	0.476332	-0.368673
62518	10.232256	-0.719746	-0.988502	-0.708550	-1.208744	0.191737	0.432498	-0.001644	0.901634	0.423232	-0.882611	-0.204627	0.796128	0.470101	-0.381031
62519	10.255878	-0.879464	-0.760478	-0.838602	-1.290684	0.171229	0.443453	0.002883	0.896293	0.415806	-0.886537	-0.202874	0.794012	0.462649	-0.394336
62520	10.402133	-1.577375	-0.420160	-0.805757	-1.361479	0.152099	0.454822	0.007802	0.890548	0.408726	-0.890261	-0.200945	0.791252	0.455384	-0.408099
62521	10.538344	-2.098168	-0.346170	-0.722853	-1.482364	0.113466	0.466958	0.013514	0.884176	0.402489	-0.893553	-0.198908	0.787371	0.448753	-0.422691
62522	10.836732	-2.538782	-0.326165	-0.550553	-1.601302	0.054603	0.479688	0.020171	0.877207	0.397883	-0.896042	-0.196973	0.782041	0.443512	-0.437846
62523	11.153753	-2.390666	-0.063407	-0.300304	-1.693822	-0.001464	0.492845	0.027693	0.869676	0.395546	-0.897380	-0.195581	0.775014	0.440388	-0.453223
62524	11.179384	-1.800877	0.107225	-0.150676	-1.788577	-0.045516	0.506395	0.035935	0.861552	0.394565	-0.898056	-0.194456	0.766735	0.438410	-0.468950
62525	10.845289	-1.164327	0.356663	-0.149228	-1.881421	-0.064801	0.520457	0.044769	0.852714	0.393755	-0.898694	-0.193146	0.757682	0.436285	-0.485360
62526	10.467359	-0.484517	0.830663	-0.232514	-1.969804	-0.070874	0.534949	0.053923	0.843162	0.392317	-0.899703	-0.191369	0.748276	0.433159	-0.502450
62527	10.022105	-0.138907	1.144628	-0.363082	-2.077911	-0.059563	0.550139	0.063436	0.832660	0.389937	-0.901243	-0.188970	0.738442	0.428645	-0.520546
62528	9.831446	0.100503	1.414045	-0.506353	-2.203687	-0.044019	0.566063	0.073148	0.821110	0.386396	-0.903405	-0.185898	0.728197	0.422503	-0.539648
62529	9.585539	0.567830	1.551135	-0.574522	-2.324512	-0.014450	0.582783	0.083041	0.808374	0.382324	-0.905811	-0.182579	0.717072	0.415465	-0.559639
62530	9.550026	1.235694	1.667780	-0.699288	-2.482196	0.036598	0.600504	0.092834	0.794214	0.377050	-0.908758	-0.178864	0.705144	0.406867	-0.580716
62531	9.946407	1.341013	1.965645	-0.949008	-2.620037	0.079978	0.619094	0.102643	0.778580	0.369929	-0.912653	-0.173833	0.692730	0.395638	-0.602989
62532	11.329306	0.189194	2.736957	-1.494497	-2.768875	0.065728	0.638280	0.112672	0.761514	0.359157	-0.918553	-0.165129	0.680885	0.378901	-0.626761
62533	13.786918	1.064660	1.928092	-1.311518	-2.843080	0.019369	0.657491	0.123071	0.743343	0.350192	-0.923451	-0.156856	0.667136	0.363445	-0.650260
62534	15.430978	2.889155	0.330875	-1.476488	-3.004995	-0.031069	0.677137	0.133895	0.723573	0.340543	-0.928692	-0.146836	0.652316	0.345836	-0.674449
