// General information: 
//  MT Manager version: 2022.2.0 
//  XDA version: 2022.2.0 build 7381 rev 124627 built on 2023-07-19
// Device information: 
//  DeviceId: 00B4CAF0
//  ProductCode: MTW2-3A7G6
//  Firmware Version: 4.6.0
//  Hardware Version: 2.0.0
// Device settings: 
//  Filter Profile: human(46.1)
//  Option Flags: Orientation Smoother Disabled, Position/Velocity Smoother Disabled, Continuous Zero Rotation Update Disabled, AHS Disabled, ICC Disabled
// Coordinate system: ENU
PacketCounter	Acc_X	Acc_Y	Acc_Z	Gyr_X	Gyr_Y	Gyr_Z	Mat[1][1]	Mat[2][1]	Mat[3][1]	Mat[1][2]	Mat[2][2]	Mat[3][2]	Mat[1][3]	Mat[2][3]	Mat[3][3]
45144	6.167414	-0.365309	8.058032	-0.000468	0.001708	0.002942	-0.699173	-0.379341	0.606018	0.455049	-0.889890	-0.032035	0.551442	0.253370	0.794805
45145	6.112764	-0.368791	8.058943	0.002622	0.002062	0.004677	-0.699184	-0.379371	0.605987	0.455080	-0.889875	-0.032027	0.551402	0.253379	0.794830
45146	6.122404	-0.348247	8.067217	-0.002990	0.001170	0.003866	-0.699167	-0.379376	0.606003	0.455069	-0.889879	-0.032062	0.551433	0.253357	0.794816
45147	6.146452	-0.375801	8.107918	0.002093	0.000744	0.003024	-0.699242	-0.379356	0.605929	0.455083	-0.889875	-0.031962	0.551326	0.253399	0.794876
45148	6.156111	-0.355027	8.116189	0.002622	0.002062	0.004677	-0.699226	-0.379370	0.605938	0.455108	-0.889863	-0.031956	0.551325	0.253423	0.794870
45149	6.135497	-0.387510	8.077380	0.001097	0.001134	0.004312	-0.699288	-0.379430	0.605829	0.455185	-0.889825	-0.031892	0.551183	0.253463	0.794955
45150	6.153199	-0.327410	8.048665	0.002093	0.000744	0.003024	-0.699273	-0.379426	0.605849	0.455196	-0.889820	-0.031880	0.551193	0.253487	0.794941
45151	6.144155	-0.357576	8.063164	0.001057	0.002637	0.003306	-0.699185	-0.379551	0.605872	0.455275	-0.889775	-0.032009	0.551239	0.253458	0.794918
45152	6.153682	-0.336825	8.071535	0.002582	0.003565	0.003670	-0.699182	-0.379561	0.605869	0.455294	-0.889766	-0.031998	0.551227	0.253476	0.794920
45153	6.121337	-0.348722	8.068006	0.004047	0.001466	-0.000559	-0.699156	-0.379600	0.605876	0.455334	-0.889745	-0.032016	0.551228	0.253492	0.794915
45154	6.164993	-0.356802	8.036604	0.002622	0.002063	0.004676	-0.699140	-0.379615	0.605884	0.455360	-0.889732	-0.032011	0.551226	0.253515	0.794909
45155	6.131526	-0.337155	8.099117	-0.000018	0.006032	0.002582	-0.699195	-0.379600	0.605830	0.455337	-0.889745	-0.031987	0.551177	0.253492	0.794951
45156	6.142797	-0.357536	8.064200	0.002583	0.003566	0.003670	-0.699192	-0.379610	0.605827	0.455355	-0.889735	-0.031976	0.551164	0.253509	0.794953
45157	6.142478	-0.357633	8.064439	0.001586	0.003956	0.004958	-0.699251	-0.379468	0.605848	0.455239	-0.889798	-0.031895	0.551186	0.253503	0.794941
45158	6.154637	-0.387142	8.052097	0.005065	0.005606	0.001740	-0.699269	-0.379465	0.605830	0.455257	-0.889790	-0.031852	0.551148	0.253535	0.794957
45159	6.151452	-0.336501	8.073249	0.003540	0.004678	0.001375	-0.699201	-0.379416	0.605939	0.455193	-0.889820	-0.031918	0.551287	0.253503	0.794871
45160	6.119851	-0.357687	8.092382	0.002015	0.003750	0.001011	-0.699211	-0.379402	0.605936	0.455190	-0.889823	-0.031895	0.551277	0.253515	0.794874
45161	6.129199	-0.336638	8.100900	0.005027	0.007109	0.000733	-0.699226	-0.379458	0.605883	0.455241	-0.889797	-0.031894	0.551216	0.253522	0.794914
45162	6.150130	-0.336019	8.074276	-0.000017	0.006033	0.002580	-0.699242	-0.379464	0.605861	0.455238	-0.889798	-0.031898	0.551198	0.253507	0.794931
45163	6.117612	-0.348090	8.070858	0.003580	0.003176	0.002382	-0.699305	-0.379635	0.605681	0.455410	-0.889711	-0.031856	0.550975	0.253556	0.795070
45164	6.139640	-0.356943	8.066630	0.000590	0.004348	0.006246	-0.699296	-0.379670	0.605670	0.455436	-0.889698	-0.031876	0.550966	0.253553	0.795077
45165	6.117772	-0.357603	8.093957	0.002544	0.005069	0.002663	-0.699244	-0.379816	0.605637	0.455546	-0.889638	-0.031968	0.550940	0.253542	0.795098
45166	6.149610	-0.345561	8.097894	0.002622	0.002064	0.004676	-0.699229	-0.379832	0.605645	0.455572	-0.889625	-0.031963	0.550938	0.253566	0.795092
45167	6.139669	-0.366445	8.089831	0.000529	0.001319	0.001652	-0.699321	-0.379765	0.605582	0.455536	-0.889647	-0.031855	0.550851	0.253587	0.795145
45168	6.149409	-0.345564	8.098047	0.004655	-0.000219	0.003107	-0.699300	-0.379760	0.605608	0.455562	-0.889635	-0.031824	0.550856	0.253637	0.795127
45169	6.138535	-0.356939	8.067472	0.001977	0.005253	0.000004	-0.699354	-0.379735	0.605562	0.455543	-0.889647	-0.031779	0.550803	0.253634	0.795164
45170	6.107756	-0.387389	8.109195	0.005674	0.003922	0.005405	-0.699346	-0.379761	0.605554	0.455591	-0.889623	-0.031754	0.550774	0.253678	0.795170
45171	6.117242	-0.366165	8.117616	0.006532	0.003506	-0.002489	-0.699346	-0.379677	0.605608	0.455532	-0.889654	-0.031715	0.550823	0.253694	0.795131
45172	6.145752	-0.293930	8.119577	0.005162	-0.003431	0.001173	-0.699316	-0.379647	0.605660	0.455548	-0.889648	-0.031669	0.550847	0.253761	0.795093
45173	6.178394	-0.304443	8.034511	-0.001409	-0.005435	0.002656	-0.699314	-0.379541	0.605730	0.455462	-0.889693	-0.031637	0.550921	0.253763	0.795041
45174	6.137567	-0.346757	8.045015	0.002133	-0.000756	0.004030	-0.699287	-0.379543	0.605760	0.455481	-0.889683	-0.031631	0.550941	0.253793	0.795018
45175	6.138117	-0.356061	8.067829	0.001471	0.008465	0.001936	-0.699291	-0.379613	0.605711	0.455522	-0.889661	-0.031673	0.550901	0.253766	0.795054
45176	6.149861	-0.385434	8.055827	0.005481	0.011434	0.000370	-0.699347	-0.379613	0.605646	0.455533	-0.889657	-0.031618	0.550820	0.253780	0.795106
45177	6.124639	-0.335082	8.104413	0.005443	0.012937	-0.000637	-0.699457	-0.379503	0.605588	0.455448	-0.889705	-0.031506	0.550751	0.253777	0.795154
45178	6.145005	-0.334063	8.078258	0.009064	0.014613	0.002750	-0.699520	-0.379533	0.605497	0.455496	-0.889683	-0.031437	0.550632	0.253810	0.795227
45179	6.100305	-0.325458	8.110395	0.002508	0.006573	0.001654	-0.699464	-0.379638	0.605495	0.455562	-0.889646	-0.031535	0.550648	0.253783	0.795224
45180	6.120482	-0.315820	8.061141	0.000590	0.004351	0.006243	-0.699455	-0.379673	0.605485	0.455587	-0.889632	-0.031556	0.550639	0.253779	0.795231
45181	6.099573	-0.325986	8.110924	-0.000897	0.001920	0.006886	-0.699400	-0.379904	0.605402	0.455769	-0.889535	-0.031670	0.550558	0.253774	0.795289
45182	6.134331	-0.364888	8.093949	-0.002423	0.000992	0.006521	-0.699371	-0.379933	0.605418	0.455780	-0.889527	-0.031716	0.550586	0.253756	0.795275
45183	6.133394	-0.356202	8.071413	-0.000859	0.000418	0.007893	-0.699243	-0.380014	0.605515	0.455816	-0.889503	-0.031869	0.550718	0.253719	0.795195
45184	6.112030	-0.357134	8.098315	-0.000883	-0.004116	0.004309	-0.699195	-0.380011	0.605572	0.455821	-0.889500	-0.031891	0.550776	0.253735	0.795151
45185	6.156169	-0.366105	8.066590	-0.004832	-0.004052	0.010465	-0.699133	-0.380099	0.605589	0.455871	-0.889471	-0.031991	0.550814	0.253704	0.795134
45186	6.122381	-0.337657	8.106011	-0.000921	-0.002613	0.003301	-0.699098	-0.380091	0.605635	0.455868	-0.889472	-0.032006	0.550860	0.253714	0.795099
45187	6.131595	-0.308155	8.091385	-0.003834	-0.004443	0.009177	-0.699085	-0.379983	0.605716	0.455764	-0.889525	-0.032006	0.550962	0.253689	0.795037
45188	6.166784	-0.347420	8.074047	-0.005398	-0.003869	0.007806	-0.699023	-0.380011	0.605771	0.455768	-0.889520	-0.032084	0.551038	0.253663	0.794992
45189	6.111900	-0.342408	8.051810	-0.005283	-0.008375	0.010826	-0.699008	-0.380018	0.605784	0.455771	-0.889518	-0.032098	0.551053	0.253662	0.794982
45190	6.148413	-0.391130	8.056658	-0.007869	-0.011942	0.007157	-0.698905	-0.380019	0.605902	0.455756	-0.889522	-0.032192	0.551197	0.253645	0.794888
45191	6.129508	-0.433681	8.039718	-0.006457	-0.006507	0.004501	-0.698825	-0.379999	0.606007	0.455705	-0.889545	-0.032292	0.551342	0.253594	0.794803
45192	6.161912	-0.421905	8.043227	0.004087	-0.000038	0.000448	-0.698817	-0.379971	0.606033	0.455709	-0.889544	-0.032249	0.551347	0.253638	0.794785
45193	6.115211	-0.362569	8.095672	0.012716	0.004210	0.000982	-0.698851	-0.379853	0.606069	0.455665	-0.889572	-0.032116	0.551341	0.253721	0.794763
45194	6.123972	-0.331669	8.081453	0.006042	0.000681	-0.003134	-0.698864	-0.379794	0.606091	0.455655	-0.889580	-0.032036	0.551333	0.253780	0.794750
45195	6.143638	-0.289798	8.097770	0.000607	-0.001684	0.003665	-0.698820	-0.379618	0.606251	0.455493	-0.889662	-0.032040	0.551521	0.253753	0.794628
45196	6.157246	-0.328973	8.107535	-0.000313	-0.004296	0.006966	-0.698760	-0.379637	0.606309	0.455518	-0.889648	-0.032072	0.551578	0.253775	0.794582
45197	6.114876	-0.353063	8.072715	-0.003896	-0.007472	0.004585	-0.698755	-0.379567	0.606358	0.455464	-0.889677	-0.032052	0.551629	0.253778	0.794545
45198	6.139424	-0.381109	8.112994	-0.005926	-0.005186	0.006154	-0.698693	-0.379576	0.606424	0.455452	-0.889681	-0.032123	0.551717	0.253753	0.794492
45199	6.170411	-0.351525	8.071097	-0.007376	-0.009117	0.007802	-0.698661	-0.379512	0.606501	0.455378	-0.889717	-0.032157	0.551819	0.253720	0.794432
45200	6.161886	-0.382508	8.085125	-0.006002	-0.002181	0.004141	-0.698625	-0.379510	0.606543	0.455351	-0.889729	-0.032217	0.551886	0.253683	0.794397
45201	6.138164	-0.355643	8.044172	0.001719	-0.006582	0.005396	-0.698697	-0.379276	0.606607	0.455187	-0.889818	-0.032062	0.551931	0.253718	0.794355
45202	6.148461	-0.335493	8.051952	-0.008447	-0.005720	0.007076	-0.698628	-0.379291	0.606677	0.455167	-0.889825	-0.032158	0.552034	0.253672	0.794298
45203	6.129282	-0.377903	8.035216	-0.002368	-0.006543	0.004948	-0.698573	-0.379293	0.606739	0.455167	-0.889824	-0.032199	0.552104	0.253674	0.794249
45204	6.147731	-0.295595	8.094452	0.000231	-0.009011	0.006037	-0.698492	-0.379290	0.606835	0.455187	-0.889812	-0.032220	0.552190	0.253718	0.794175
45205	6.141247	-0.367458	8.064935	-0.005847	-0.008187	0.008165	-0.698349	-0.379315	0.606984	0.455162	-0.889819	-0.032390	0.552392	0.253656	0.794054
45206	6.150725	-0.338299	8.050106	-0.005923	-0.005183	0.006153	-0.698287	-0.379323	0.607049	0.455149	-0.889823	-0.032461	0.552480	0.253631	0.794001
45207	6.142177	-0.369417	8.064137	-0.007875	-0.005900	0.009734	-0.698223	-0.379569	0.606970	0.455341	-0.889721	-0.032590	0.552404	0.253623	0.794056
45208	6.143500	-0.379940	8.086299	-0.011536	-0.006069	0.005341	-0.698160	-0.379568	0.607042	0.455292	-0.889742	-0.032701	0.552523	0.253551	0.793997
45209	6.164504	-0.370810	8.036345	0.004773	-0.004728	0.006121	-0.698103	-0.379548	0.607121	0.455298	-0.889738	-0.032701	0.552590	0.253593	0.793936
45210	6.154343	-0.360426	8.093649	-0.011990	-0.010390	0.005701	-0.698015	-0.379539	0.607227	0.455249	-0.889759	-0.032817	0.552741	0.253533	0.793850
45211	6.134244	-0.393771	8.054345	-0.003902	-0.001434	0.007162	-0.698006	-0.379573	0.607216	0.455256	-0.889754	-0.032863	0.552747	0.253500	0.793857
45212	6.143455	-0.364290	8.039745	-0.002405	-0.005039	0.003940	-0.697956	-0.379562	0.607280	0.455248	-0.889757	-0.032892	0.552817	0.253506	0.793806
45213	6.156151	-0.371731	8.115410	-0.000385	-0.001292	0.004951	-0.697943	-0.379645	0.607244	0.455320	-0.889719	-0.032919	0.552774	0.253515	0.793833
45214	6.155444	-0.362734	8.092709	0.000648	-0.003186	0.004668	-0.697900	-0.379646	0.607293	0.455334	-0.889712	-0.032929	0.552817	0.253540	0.793795
45215	6.144890	-0.374377	8.061841	0.003702	-0.001333	0.005397	-0.697929	-0.379618	0.607277	0.455340	-0.889711	-0.032859	0.552775	0.253585	0.793810
45216	6.178210	-0.371963	8.087866	-0.003932	-0.005965	0.003576	-0.697876	-0.379601	0.607349	0.455321	-0.889719	-0.032898	0.552858	0.253580	0.793754
45217	6.177593	-0.362928	8.065096	0.001566	-0.000575	0.001370	-0.697862	-0.379482	0.607439	0.455211	-0.889776	-0.032891	0.552966	0.253559	0.793685
45218	6.155587	-0.354454	8.069327	-0.003321	-0.007648	0.007238	-0.697783	-0.379494	0.607523	0.455220	-0.889769	-0.032948	0.553058	0.253566	0.793619
45219	6.181700	-0.423416	8.066317	0.001142	-0.000365	0.005315	-0.697756	-0.379470	0.607568	0.455195	-0.889781	-0.032968	0.553113	0.253559	0.793583
45220	6.146101	-0.375713	8.060856	0.004126	-0.001543	0.001451	-0.697737	-0.379445	0.607606	0.455205	-0.889777	-0.032930	0.553129	0.253609	0.793556
45221	6.156092	-0.354962	8.068920	-0.002482	-0.002035	0.001929	-0.697764	-0.379327	0.607648	0.455090	-0.889837	-0.032903	0.553189	0.253576	0.793525
45222	6.168775	-0.384762	8.056084	0.001644	-0.003578	0.003380	-0.697725	-0.379314	0.607701	0.455100	-0.889833	-0.032897	0.553230	0.253612	0.793484
45223	6.146786	-0.375633	8.060337	0.008714	-0.004797	-0.000038	-0.697762	-0.379107	0.607788	0.454982	-0.889899	-0.032739	0.553282	0.253688	0.793424
45224	6.179040	-0.363155	8.063977	0.004581	0.002779	0.001092	-0.697768	-0.379090	0.607791	0.454991	-0.889896	-0.032695	0.553265	0.253726	0.793423
45225	6.147572	-0.384195	8.083002	0.005191	0.001096	0.004754	-0.697772	-0.378967	0.607863	0.454889	-0.889949	-0.032658	0.553344	0.253722	0.793370
45226	6.168111	-0.374011	8.033428	0.009169	-0.000476	-0.000397	-0.697768	-0.378927	0.607893	0.454914	-0.889940	-0.032569	0.553329	0.253814	0.793351
45227	6.134125	-0.344250	8.073222	0.005575	0.002386	-0.000196	-0.697830	-0.378892	0.607844	0.454920	-0.889940	-0.032465	0.553246	0.253865	0.793392
45228	6.177740	-0.352258	8.041810	0.004620	0.001278	0.002097	-0.697824	-0.378878	0.607859	0.454937	-0.889933	-0.032427	0.553240	0.253909	0.793382
45229	6.156203	-0.352601	8.068939	0.002098	0.000745	0.003021	-0.697799	-0.378921	0.607861	0.454976	-0.889913	-0.032449	0.553239	0.253919	0.793380
45230	6.166872	-0.363661	8.011193	0.003664	0.000170	0.004390	-0.697777	-0.378925	0.607884	0.455003	-0.889899	-0.032432	0.553245	0.253959	0.793363
45231	6.156008	-0.352722	8.069082	0.000071	0.003032	0.004591	-0.697792	-0.378988	0.607828	0.455048	-0.889876	-0.032448	0.553189	0.253949	0.793406
45232	6.154779	-0.343437	8.046789	0.005075	0.005600	0.001737	-0.697812	-0.378982	0.607808	0.455064	-0.889869	-0.032404	0.553150	0.253980	0.793422
45233	6.176626	-0.351946	8.042680	0.008740	0.005771	0.006127	-0.697793	-0.378968	0.607839	0.455065	-0.889869	-0.032394	0.553173	0.254002	0.793399
45234	6.154606	-0.352150	8.070177	0.002477	0.008069	0.000649	-0.697831	-0.378959	0.607800	0.455059	-0.889873	-0.032364	0.553130	0.254001	0.793430
45235	6.154052	-0.351977	8.070606	0.005647	0.005419	0.004394	-0.697925	-0.378821	0.607779	0.454963	-0.889927	-0.032237	0.553091	0.254018	0.793452
45236	6.121325	-0.363829	8.067348	0.003049	0.007888	0.003306	-0.697950	-0.378835	0.607741	0.454979	-0.889919	-0.032218	0.553046	0.254022	0.793481
45237	6.142953	-0.372293	8.063414	0.007522	0.009136	-0.001199	-0.697967	-0.378971	0.607637	0.455116	-0.889850	-0.032209	0.552912	0.254064	0.793562
45238	6.164447	-0.380628	8.059593	0.006066	0.011244	0.003026	-0.698012	-0.378991	0.607572	0.455146	-0.889836	-0.032165	0.552829	0.254083	0.793613
45239	6.150287	-0.341543	8.050303	0.003011	0.009391	0.002299	-0.698051	-0.378927	0.607568	0.455066	-0.889877	-0.032159	0.552846	0.254035	0.793617
45240	6.160234	-0.329913	8.081623	0.003012	0.009391	0.002298	-0.698090	-0.378936	0.607518	0.455075	-0.889873	-0.032134	0.552791	0.254034	0.793656
45241	6.126499	-0.332541	8.055897	0.003050	0.007890	0.003304	-0.698129	-0.378911	0.607489	0.455041	-0.889891	-0.032119	0.552769	0.254009	0.793679
45242	6.166925	-0.290541	8.045758	0.004116	0.010531	0.006606	-0.698154	-0.378961	0.607429	0.455086	-0.889868	-0.032112	0.552701	0.254013	0.793725
45243	6.137788	-0.172195	8.069776	-0.004409	0.007825	0.011669	-0.698159	-0.379055	0.607364	0.455116	-0.889849	-0.032202	0.552669	0.253939	0.793771
45244	6.138639	-0.383021	8.089844	-0.019081	0.002914	0.014270	-0.698107	-0.379154	0.607362	0.455086	-0.889857	-0.032425	0.552759	0.253766	0.793763
45245	6.128757	-0.406184	8.081578	-0.016940	-0.003877	0.015719	-0.698082	-0.379230	0.607344	0.455067	-0.889861	-0.032580	0.552807	0.253639	0.793771
45246	6.119446	-0.429040	8.072881	-0.013380	-0.011275	0.011936	-0.697962	-0.379272	0.607455	0.455052	-0.889862	-0.032744	0.552970	0.253570	0.793679
45247	6.138201	-0.538738	8.106119	-0.020095	-0.019332	0.004238	-0.697798	-0.379270	0.607644	0.454959	-0.889901	-0.032985	0.553254	0.253436	0.793524
45248	6.155713	-0.460876	8.031265	0.006302	-0.009838	0.003905	-0.697723	-0.379245	0.607747	0.454997	-0.889883	-0.032944	0.553318	0.253537	0.793447
45249	6.168189	-0.458337	8.083895	0.001571	-0.012647	-0.003788	-0.697672	-0.379053	0.607924	0.454849	-0.889960	-0.032910	0.553503	0.253553	0.793313
45250	6.174404	-0.367719	8.067321	0.013146	-0.002056	-0.005544	-0.697683	-0.378963	0.607968	0.454859	-0.889961	-0.032757	0.553482	0.253685	0.793285
45251	6.144229	-0.396804	8.108603	0.012651	-0.004876	-0.006190	-0.697734	-0.378707	0.608069	0.454712	-0.890043	-0.032559	0.553538	0.253779	0.793216
45252	6.150450	-0.305957	8.092002	0.007151	-0.010262	-0.003983	-0.697692	-0.378610	0.608178	0.454699	-0.890053	-0.032463	0.553602	0.253889	0.793137
45253	6.153806	-0.355723	8.070630	0.003597	-0.008899	-0.002778	-0.697660	-0.378599	0.608221	0.454742	-0.890033	-0.032406	0.553606	0.253976	0.793106
45254	6.168777	-0.403429	8.102535	0.005201	-0.010974	-0.000403	-0.697598	-0.378531	0.608334	0.454744	-0.890035	-0.032347	0.553683	0.254071	0.793021
45255	6.155619	-0.354733	8.069291	0.009367	-0.014017	0.002053	-0.697458	-0.378428	0.608560	0.454698	-0.890058	-0.032355	0.553897	0.254145	0.792848
45256	6.186536	-0.269349	8.181314	0.001691	-0.017146	-0.000770	-0.697363	-0.378342	0.608722	0.454678	-0.890069	-0.032322	0.554034	0.254232	0.792725
45257	6.257686	-0.347990	8.145724	-0.040410	-0.023617	0.005044	-0.697280	-0.378091	0.608972	0.454278	-0.890264	-0.032582	0.554465	0.253924	0.792522
45258	6.315863	-0.398671	8.123055	-0.035526	-0.004477	0.004329	-0.697233	-0.378082	0.609032	0.454086	-0.890351	-0.032875	0.554682	0.253631	0.792464
45259	6.391544	-0.377480	8.183700	-0.079032	0.012007	0.002947	-0.697261	-0.378156	0.608954	0.453662	-0.890541	-0.033570	0.554994	0.252853	0.792495
45260	6.413185	-0.656754	8.045775	-0.102202	0.055139	-0.011650	-0.697616	-0.378155	0.608547	0.452989	-0.890856	-0.034294	0.555097	0.251741	0.792776
45261	6.389485	-0.510556	8.193231	-0.084488	0.097849	-0.021779	-0.698249	-0.378143	0.607829	0.452285	-0.891192	-0.034862	0.554875	0.250570	0.793303
45262	6.719127	-0.349074	8.233083	-0.171351	0.172957	-0.030346	-0.699343	-0.378268	0.606493	0.451097	-0.891747	-0.036023	0.554465	0.248395	0.794272
45263	6.467887	-0.699622	8.007024	-0.166316	0.237339	-0.038803	-0.700861	-0.378463	0.604616	0.449869	-0.892325	-0.037075	0.553545	0.246013	0.795654
45264	6.291064	-0.669354	7.965215	-0.134666	0.293220	-0.048674	-0.702697	-0.378711	0.602325	0.448758	-0.892852	-0.037839	0.552117	0.243708	0.797354
45265	6.181015	-0.509188	8.029291	-0.088424	0.316558	-0.058427	-0.704789	-0.378952	0.599723	0.447891	-0.893277	-0.038085	0.550151	0.241768	0.799301
45266	6.070051	-0.346448	8.093556	-0.077924	0.303929	-0.065457	-0.706749	-0.379063	0.597342	0.446975	-0.893726	-0.038302	0.548379	0.239927	0.801072
45267	5.839176	-0.360067	8.164306	-0.066618	0.284994	-0.052550	-0.708551	-0.379225	0.595099	0.446187	-0.894110	-0.038519	0.546692	0.238233	0.802728
45268	5.951600	-0.593961	8.238316	-0.097164	0.248756	-0.057578	-0.710163	-0.379265	0.593149	0.445222	-0.894573	-0.038943	0.545385	0.236427	0.804150
45269	6.068450	-0.688359	8.184547	-0.027996	0.258728	-0.062954	-0.711932	-0.379186	0.591075	0.444521	-0.894932	-0.038704	0.543648	0.235191	0.805687
45270	6.027705	-0.395523	8.350809	-0.030371	0.272089	-0.064675	-0.713694	-0.379209	0.588932	0.443869	-0.895262	-0.038553	0.541868	0.233894	0.807262
45271	5.777992	-0.571654	8.215243	-0.045292	0.258489	-0.065697	-0.715387	-0.379074	0.586962	0.442985	-0.895700	-0.038556	0.540357	0.232433	0.808696
45272	5.930829	-0.889948	8.251155	-0.055229	0.241414	-0.078690	-0.717036	-0.378892	0.585064	0.442097	-0.896140	-0.038527	0.538897	0.231030	0.810071
45273	5.817210	-0.895600	8.050032	0.041319	0.248511	-0.090003	-0.718775	-0.378620	0.583104	0.441633	-0.896405	-0.037664	0.536957	0.230446	0.811524
45274	5.578707	-1.868435	8.021869	-0.085374	0.200210	-0.008319	-0.719883	-0.378969	0.581508	0.441089	-0.896646	-0.038294	0.535919	0.228929	0.812639
45275	6.577399	-0.349957	8.138855	0.347469	0.254198	-0.057957	-0.721489	-0.378987	0.579501	0.442449	-0.896103	-0.035184	0.532627	0.231015	0.814212
45276	5.485717	0.699243	8.433884	0.116241	0.283021	-0.085890	-0.723371	-0.378835	0.577251	0.442420	-0.896174	-0.033726	0.530093	0.230991	0.815870
45277	6.235037	-0.220845	8.057517	-0.060745	0.258496	-0.090977	-0.725124	-0.378625	0.575185	0.441432	-0.896660	-0.033737	0.528519	0.229442	0.817327
45278	5.638265	0.198168	8.113715	0.121315	0.252777	-0.049255	-0.726673	-0.378727	0.573160	0.441687	-0.896582	-0.032448	0.526174	0.229579	0.818801
45279	5.831444	0.655179	8.396334	-0.009653	0.228452	-0.021820	-0.727962	-0.379009	0.571335	0.441417	-0.896716	-0.032431	0.524617	0.228588	0.820076
45280	5.254667	0.452622	8.188066	-0.010555	0.189216	-0.014035	-0.729013	-0.379279	0.569814	0.441232	-0.896807	-0.032424	0.523311	0.227783	0.821134
45281	5.053929	0.084310	8.040808	-0.042685	0.105147	0.013722	-0.729557	-0.379581	0.568916	0.441071	-0.896873	-0.032782	0.522689	0.227016	0.821742
45282	4.317151	0.178977	7.839851	0.042441	-0.007368	0.040207	-0.729339	-0.379889	0.568990	0.441559	-0.896638	-0.032648	0.522581	0.227431	0.821696
45283	4.249300	0.240140	8.044811	0.036643	-0.224009	0.050530	-0.727924	-0.379732	0.570904	0.442005	-0.896418	-0.032672	0.524175	0.228559	0.820367
45284	6.314981	0.051572	8.225469	0.064295	-0.339809	0.053458	-0.725900	-0.379395	0.573697	0.442704	-0.896081	-0.032438	0.526386	0.230432	0.818425
45285	7.245485	-0.076730	8.768310	0.001861	-0.123114	0.092098	-0.724903	-0.379812	0.574680	0.443284	-0.895778	-0.032870	0.527271	0.230919	0.817718
45286	5.209861	-0.240029	8.053480	0.078740	-0.201401	0.111791	-0.723342	-0.380310	0.576316	0.444482	-0.895185	-0.032855	0.528405	0.232396	0.816566
45287	6.701609	-0.745148	8.391246	-0.126016	-0.140703	0.110961	-0.722106	-0.380965	0.577432	0.444607	-0.895060	-0.034521	0.529988	0.231803	0.815708
45288	5.863380	-0.254584	8.171074	0.042328	-0.084976	0.115446	-0.721140	-0.381764	0.578112	0.445638	-0.894536	-0.034829	0.530438	0.232512	0.815214
45289	6.226588	-0.148098	7.977734	-0.132432	-0.037222	0.121560	-0.720426	-0.382775	0.578334	0.445833	-0.894369	-0.036574	0.531243	0.231491	0.814980
45290	5.165053	-0.021329	8.247668	-0.057089	-0.066242	0.146778	-0.719417	-0.383897	0.578845	0.446559	-0.893952	-0.037874	0.532000	0.231241	0.814558
45291	5.891620	-0.576116	8.254500	-0.182417	-0.084473	0.152653	-0.718323	-0.384919	0.579524	0.446554	-0.893854	-0.040190	0.533480	0.229919	0.813963
45292	5.737827	-0.549519	8.453485	-0.049258	-0.094976	0.150972	-0.717140	-0.386013	0.580262	0.447347	-0.893399	-0.041452	0.534407	0.229852	0.813374
45293	5.889850	-0.502205	8.685822	-0.114169	-0.101470	0.140869	-0.715982	-0.387166	0.580924	0.447880	-0.893050	-0.043179	0.535511	0.229269	0.812812
45294	6.119831	-1.119460	8.555517	-0.126935	-0.122231	0.111039	-0.714828	-0.387841	0.581894	0.447967	-0.892925	-0.044841	0.536979	0.228615	0.812028
45295	6.042358	-1.042658	8.162163	-0.008740	-0.071065	0.080487	-0.714106	-0.388315	0.582464	0.448413	-0.892674	-0.045367	0.537567	0.228788	0.811590
45296	5.931057	-0.381186	8.416278	-0.027098	-0.072977	0.063119	-0.713429	-0.388675	0.583053	0.448691	-0.892505	-0.045940	0.538234	0.228836	0.811134
45297	6.023719	-0.896202	8.087692	-0.011479	-0.065424	0.044313	-0.712926	-0.388942	0.583490	0.448993	-0.892339	-0.046221	0.538648	0.229031	0.810804
45298	5.987674	-0.396631	8.245450	0.059008	-0.029232	0.029451	-0.712635	-0.389101	0.583739	0.449494	-0.892103	-0.045899	0.538615	0.229678	0.810643
45299	5.838764	-0.613135	8.177647	0.028501	-0.040068	0.023182	-0.712419	-0.388959	0.584097	0.449599	-0.892062	-0.045666	0.538813	0.230076	0.810398
45300	5.855418	-0.716596	8.342691	0.059361	-0.038531	0.011742	-0.712158	-0.388938	0.584430	0.449975	-0.891895	-0.045238	0.538844	0.230762	0.810182
45301	5.843651	-0.850771	8.413767	0.066287	-0.062594	-0.002851	-0.711895	-0.388663	0.584933	0.450235	-0.891795	-0.044600	0.538975	0.231607	0.809854
45302	5.883091	-0.824536	8.259504	0.103303	-0.060377	-0.010763	-0.711617	-0.388389	0.585453	0.450688	-0.891612	-0.043685	0.538964	0.232770	0.809529
45303	5.903424	-0.502659	8.388631	0.094137	-0.071956	-0.015692	-0.711321	-0.387935	0.586113	0.450932	-0.891530	-0.042822	0.539149	0.233837	0.809097
45304	5.886682	-0.665469	8.338749	0.097171	-0.082223	-0.020086	-0.710968	-0.387526	0.586812	0.451286	-0.891395	-0.041902	0.539320	0.235029	0.808638
45305	6.055903	-0.601378	8.224371	0.071291	-0.073584	-0.023011	-0.710714	-0.387197	0.587336	0.451571	-0.891286	-0.041144	0.539415	0.235982	0.808297
45306	5.870628	-0.502032	8.287045	0.087614	-0.073806	-0.021007	-0.710410	-0.386797	0.587967	0.451867	-0.891175	-0.040297	0.539568	0.237056	0.807881
45307	5.908968	-0.673285	8.260411	0.058650	-0.089820	-0.022741	-0.710043	-0.386349	0.588704	0.451988	-0.891141	-0.039681	0.539949	0.237912	0.807374
45308	6.004450	-0.644003	8.104682	0.105864	-0.086934	-0.033337	-0.709724	-0.385807	0.589444	0.452296	-0.891032	-0.038615	0.540111	0.239197	0.806886
45309	5.803398	-0.622990	8.106615	0.130760	-0.085937	-0.041923	-0.709444	-0.385324	0.590097	0.452792	-0.890834	-0.037330	0.540063	0.240708	0.806469
45310	5.773460	-0.529873	8.162106	0.145629	-0.096104	-0.040915	-0.709111	-0.384689	0.590912	0.453261	-0.890655	-0.035898	0.540108	0.242381	0.805937
45311	5.956526	-0.514223	8.234147	0.136501	-0.113726	-0.048368	-0.708737	-0.383946	0.591843	0.453617	-0.890529	-0.034503	0.540300	0.244017	0.805315
45312	5.927901	-0.410270	8.265576	0.157476	-0.104979	-0.049399	-0.708393	-0.383211	0.592729	0.454091	-0.890347	-0.032926	0.540352	0.245828	0.804729
45313	5.888269	-0.688703	8.192539	0.150877	-0.119038	-0.059759	-0.708076	-0.382268	0.593716	0.454371	-0.890262	-0.031309	0.540532	0.247598	0.804065
45314	6.080019	-0.601126	8.159233	0.206415	-0.103868	-0.071213	-0.707839	-0.381337	0.594597	0.454955	-0.890035	-0.029211	0.540352	0.249838	0.803493
45315	5.999394	-0.553562	8.193244	0.195094	-0.091952	-0.088772	-0.707774	-0.380224	0.595387	0.455283	-0.889934	-0.027103	0.540161	0.251887	0.802982
45316	6.025486	-0.275480	8.317660	0.220246	-0.095252	-0.094558	-0.707690	-0.379103	0.596201	0.455776	-0.889750	-0.024756	0.539855	0.254214	0.802454
45317	6.034156	-0.244523	8.289039	0.169492	-0.119611	-0.093715	-0.707625	-0.377794	0.597108	0.455914	-0.889736	-0.022643	0.539823	0.256207	0.801841
45318	5.954597	-0.357621	8.362561	0.151430	-0.141229	-0.091079	-0.707278	-0.376581	0.598284	0.456059	-0.889705	-0.020868	0.540155	0.258093	0.801012
45319	6.294486	-0.149938	8.132196	0.138455	-0.155695	-0.087721	-0.706973	-0.375193	0.599516	0.456031	-0.889760	-0.019065	0.540578	0.259919	0.800136
45320	5.807245	0.015490	8.696925	0.017375	-0.141776	-0.076377	-0.706555	-0.374105	0.600688	0.455557	-0.890015	-0.018451	0.541524	0.260611	0.799271
45321	6.324430	0.198801	8.427541	-0.020275	-0.215971	-0.046846	-0.705734	-0.372804	0.602459	0.454826	-0.890394	-0.018187	0.543206	0.261179	0.797943
45322	6.099065	-0.080982	8.680949	-0.192589	-0.217839	-0.053428	-0.704791	-0.371720	0.604229	0.453372	-0.891111	-0.019381	0.545640	0.260281	0.796575
45323	4.663978	-0.408840	9.482084	-0.093589	-0.341692	-0.074503	-0.703361	-0.369981	0.606957	0.452175	-0.891715	-0.019564	0.548471	0.260690	0.794494
45324	6.692552	0.221335	8.794751	-0.212862	-0.581164	-0.067472	-0.700465	-0.367822	0.611601	0.450500	-0.892534	-0.020822	0.553534	0.260941	0.790892
45325	5.697442	-0.567012	8.917478	-0.292951	-0.481449	-0.097387	-0.698336	-0.365424	0.615461	0.447928	-0.893788	-0.022434	0.558290	0.260015	0.787848
45326	5.930790	-0.013193	8.949736	-0.285561	-0.634717	-0.102542	-0.695234	-0.362816	0.620496	0.445581	-0.894919	-0.024025	0.564010	0.259778	0.783842
45327	6.090330	-0.108965	8.878694	-0.571437	-0.658557	-0.114172	-0.692071	-0.359923	0.625694	0.441370	-0.896896	-0.027735	0.571165	0.256968	0.779576
45328	6.077913	-0.575714	8.745092	-0.738858	-0.720227	-0.142506	-0.688554	-0.356765	0.631358	0.436107	-0.899306	-0.032562	0.579401	0.252919	0.774808
45329	6.543591	-0.872640	8.512647	-0.958934	-0.702686	-0.200489	-0.685417	-0.352836	0.636954	0.428738	-0.902602	-0.038631	0.588547	0.246608	0.769933
45330	6.733349	-0.796004	8.862112	-1.132160	-0.651808	-0.282698	-0.682749	-0.348655	0.642100	0.420058	-0.906356	-0.045493	0.597833	0.238659	0.765270
45331	6.701693	-1.115614	10.323823	-1.286019	-0.683379	-0.405240	-0.680381	-0.343000	0.647637	0.409112	-0.910963	-0.052666	0.608038	0.229123	0.760127
45332	4.807401	-2.042580	10.195237	-0.830133	-0.999492	-0.542657	-0.676447	-0.335735	0.655517	0.400310	-0.914704	-0.055390	0.618200	0.224941	0.753147
45333	4.302057	-0.745147	9.623079	0.275014	-1.592815	-0.554942	-0.668785	-0.326556	0.667898	0.397695	-0.916170	-0.049721	0.628145	0.232366	0.742590
45334	4.676984	0.540444	10.944828	0.146484	-2.103388	-0.550035	-0.657608	-0.316496	0.683653	0.394946	-0.917606	-0.044905	0.641537	0.240477	0.728424
45335	4.025449	-0.038924	9.776374	-0.554536	-2.655796	-0.627800	-0.642875	-0.303761	0.703166	0.386594	-0.921176	-0.044493	0.661254	0.243236	0.709633
45336	2.831240	-0.931131	9.089749	-0.456629	-3.389477	-0.803995	-0.623136	-0.287951	0.727177	0.378401	-0.924693	-0.041903	0.684481	0.249053	0.685170
45337	0.758571	-0.780327	8.449041	-0.063935	-4.404919	-0.971905	-0.596065	-0.267104	0.757207	0.371173	-0.927899	-0.035132	0.711995	0.260113	0.652230
45338	-1.396564	0.200221	8.548480	0.057014	-5.846098	-1.262492	-0.558084	-0.239660	0.794422	0.364271	-0.930959	-0.024948	0.745553	0.275462	0.606854
45339	0.992099	-0.363385	8.864294	-0.598687	-7.446603	-1.669645	-0.506929	-0.202413	0.837885	0.349653	-0.936763	-0.014756	0.787887	0.285489	0.545647
45340	13.381627	-3.675468	10.327491	-0.572745	-7.115669	-1.714187	-0.455425	-0.165660	0.874726	0.336756	-0.941587	-0.002991	0.824126	0.293207	0.484609
45341	11.142629	-3.255688	9.305933	0.752389	-6.115379	-1.771679	-0.410044	-0.129776	0.902786	0.334019	-0.942426	0.016237	0.848702	0.308205	0.429784
45342	12.342573	-0.770257	10.469469	0.538941	-6.662332	-1.933530	-0.359102	-0.090536	0.928897	0.331196	-0.942870	0.036139	0.872557	0.320625	0.368571
45343	18.535977	-1.592922	10.233931	0.341918	-6.965866	-1.852239	-0.303568	-0.050129	0.951490	0.327297	-0.943336	0.054723	0.894831	0.328032	0.302774
45344	14.997105	0.389675	10.232252	0.523793	-6.998448	-1.521691	-0.245275	-0.012509	0.969373	0.327834	-0.942079	0.070793	0.912341	0.335157	0.235169
45345	16.536412	-1.570187	11.763533	-0.223866	-7.350452	-1.403691	-0.182167	0.025229	0.982944	0.322473	-0.942847	0.083963	0.928884	0.332268	0.163620
45346	17.078097	-2.047896	13.889522	0.073780	-7.128798	-1.366637	-0.119926	0.061777	0.990859	0.321081	-0.942010	0.097593	0.939428	0.329850	0.093137
45347	16.036610	-3.466908	15.085317	-0.114559	-6.662559	-1.427127	-0.061753	0.096838	0.993383	0.318442	-0.941355	0.111562	0.945929	0.323224	0.027294
45348	9.756414	-5.899945	16.489271	-0.133381	-5.375280	-1.446336	-0.015402	0.127682	0.991696	0.316608	-0.940156	0.125963	0.948431	0.315919	-0.025945
45349	-11.266432	-3.893679	11.467743	1.243198	-2.776551	-1.578447	0.005686	0.151105	0.988501	0.327951	-0.934127	0.140906	0.944677	0.323379	-0.054867
45350	-26.936342	1.740925	-3.094700	2.340523	-6.799015	-1.968020	0.062931	0.191779	0.979419	0.350618	-0.923058	0.158214	0.934402	0.333445	-0.125330
45351	44.737136	6.259544	29.332785	-4.498876	-6.235736	-1.467457	0.116581	0.224233	0.967537	0.309324	-0.933925	0.179172	0.943784	0.278394	-0.178239
45352	50.931581	-19.761870	22.558745	-7.670586	-1.282724	-0.004493	0.128824	0.227414	0.965239	0.236149	-0.952384	0.192868	0.963140	0.203095	-0.176394
45353	19.991142	-29.646810	10.184602	1.750233	1.336649	1.143776	0.118616	0.213210	0.969779	0.251006	-0.951392	0.178466	0.960691	0.222251	-0.166367
45354	-0.828896	-7.695705	15.812513	3.901867	2.623160	0.968271	0.096136	0.197696	0.975538	0.287300	-0.943875	0.162967	0.953004	0.264605	-0.147538
45355	-2.606369	-3.935089	10.292100	2.677044	2.998004	0.529434	0.069068	0.183696	0.980554	0.311566	-0.937708	0.153723	0.947711	0.294890	-0.121999
45356	4.114320	2.100240	9.138118	4.304242	3.554734	0.483993	0.037211	0.167930	0.985096	0.351832	-0.924863	0.144372	0.935323	0.341216	-0.093498
45357	5.194901	12.289635	14.469695	3.805503	4.491740	0.717224	-0.002089	0.144471	0.989507	0.386310	-0.912575	0.134055	0.922367	0.382537	-0.053904
45358	4.087838	12.125942	14.034704	-1.359628	4.725792	0.452886	-0.044051	0.122442	0.991498	0.373827	-0.918341	0.130016	0.926452	0.376376	-0.005318
45359	5.565153	3.017869	9.460303	-2.438233	5.334132	0.163493	-0.093346	0.100806	0.990517	0.350558	-0.927827	0.127462	0.931878	0.359132	0.051270
45360	4.039100	1.438186	8.130695	-1.506673	6.064699	-0.278242	-0.150756	0.081919	0.985171	0.336167	-0.932924	0.129017	0.929658	0.350632	0.113106
45361	2.243374	2.006423	7.334656	-1.525396	6.306912	-0.732350	-0.211972	0.066556	0.975007	0.319952	-0.937969	0.133587	0.923417	0.340272	0.177528
45362	2.266599	1.306683	6.083520	-1.728054	6.216829	-0.878733	-0.271820	0.054106	0.960826	0.301916	-0.943216	0.138527	0.913762	0.327743	0.240050
45363	3.646041	0.826829	5.696846	-1.654772	6.089494	-0.649863	-0.329360	0.040387	0.943340	0.284176	-0.948521	0.139827	0.900425	0.314128	0.300928
45364	4.362140	0.587938	5.567043	-1.560006	5.898123	-0.189036	-0.382505	0.024088	0.923640	0.269545	-0.953266	0.136487	0.883762	0.301169	0.358136
45365	4.018815	0.261248	5.850936	-1.464746	5.695938	0.323164	-0.431851	0.004024	0.901936	0.257267	-0.957898	0.127454	0.864476	0.287080	0.412634
45366	3.876573	0.849555	6.574981	-1.251790	5.446540	0.763122	-0.476413	-0.018549	0.879026	0.250003	-0.961366	0.115209	0.842929	0.274646	0.462645
45367	4.698509	1.992861	8.070588	-1.254562	5.220037	1.055488	-0.517636	-0.042798	0.854530	0.244023	-0.964651	0.099505	0.820065	0.260033	0.509781
45368	6.495060	2.570396	9.500966	-1.407914	5.093845	1.229579	-0.555828	-0.067456	0.828556	0.239198	-0.967528	0.081692	0.796141	0.243596	0.553915
45369	7.618252	2.171605	10.580901	-1.587640	5.084410	1.314092	-0.592997	-0.092095	0.799920	0.233529	-0.970410	0.061396	0.770596	0.223212	0.596957
45370	8.462689	1.306239	11.167393	-1.515729	5.132727	1.295337	-0.628835	-0.115572	0.768902	0.229922	-0.972307	0.041893	0.742767	0.203131	0.637993
45371	9.220713	0.719327	11.317114	-1.289955	5.174371	1.279671	-0.664002	-0.137961	0.734893	0.228049	-0.973370	0.023320	0.712106	0.183076	0.677782
45372	9.429301	0.384056	11.136875	-0.963028	5.155035	1.325028	-0.696830	-0.159807	0.699207	0.230312	-0.973091	0.007125	0.679253	0.166000	0.714884
45373	9.329433	-0.173346	11.147847	-0.751759	4.986364	1.470268	-0.726887	-0.181822	0.662251	0.235056	-0.971941	-0.008850	0.645278	0.149233	0.749230
45374	10.224802	-0.933562	10.651891	-0.587256	4.661498	1.780187	-0.751930	-0.205667	0.626340	0.244473	-0.969339	-0.024802	0.612237	0.134474	0.779155
45375	11.756491	-0.270503	10.315914	0.078439	4.354750	2.276531	-0.772550	-0.233102	0.590619	0.261572	-0.964417	-0.038485	0.578573	0.124757	0.806033
45376	11.953414	2.024376	11.409039	0.582286	4.092460	2.534488	-0.788625	-0.262423	0.556063	0.284574	-0.957439	-0.048253	0.545059	0.120187	0.829739
45377	12.162749	3.523775	11.568572	0.321202	3.805134	2.417879	-0.802086	-0.289627	0.522278	0.304826	-0.950578	-0.059004	0.513556	0.111878	0.850731
45378	12.999214	2.506456	10.785011	0.116889	3.518503	2.102615	-0.813062	-0.313268	0.490707	0.322335	-0.944133	-0.068653	0.484800	0.102353	0.868616
45379	13.554971	1.270964	10.587175	0.351827	3.243669	1.665780	-0.823266	-0.331830	0.460566	0.337004	-0.938602	-0.073851	0.456795	0.094414	0.884548
45380	15.763347	0.920811	10.440683	0.437110	2.997699	1.287483	-0.832154	-0.346574	0.432903	0.349543	-0.933856	-0.075714	0.430510	0.088313	0.898255
45381	18.958651	0.093141	9.883866	0.171455	2.825258	1.069969	-0.840573	-0.358585	0.406021	0.358644	-0.930128	-0.078970	0.405969	0.079237	0.910445
45382	21.555468	-1.440143	7.989370	-0.219806	2.742504	1.039654	-0.847642	-0.370195	0.380077	0.366494	-0.926522	-0.085083	0.383647	0.067176	0.921033
45383	23.504256	-1.987365	6.114459	-0.246923	2.738728	1.178703	-0.853813	-0.382420	0.353212	0.375096	-0.922412	-0.091977	0.360980	0.053958	0.931011
45384	24.848073	1.095667	4.194027	-0.060344	2.828164	1.327777	-0.858642	-0.395948	0.325514	0.386198	-0.917295	-0.097065	0.337025	0.042369	0.940542
45385	25.631105	4.648590	1.857184	-0.857740	2.986007	1.327291	-0.863473	-0.408741	0.295542	0.394405	-0.912386	-0.109533	0.314419	0.021985	0.949030
45386	23.585857	5.681751	-3.034011	-1.716173	2.947764	1.250373	-0.867515	-0.420309	0.266004	0.399934	-0.907362	-0.129408	0.295754	-0.005879	0.955246
45387	21.739211	5.294929	-7.579230	-1.910992	2.515609	1.061701	-0.870714	-0.429167	0.240153	0.403348	-0.902577	-0.150552	0.281368	-0.034222	0.958989
45388	21.176944	2.910011	-11.914151	-1.658842	1.797663	0.690337	-0.872918	-0.434519	0.221827	0.404716	-0.898860	-0.168093	0.272431	-0.056954	0.960488
45389	21.182786	0.454454	-14.226391	-0.225622	1.097390	0.104466	-0.875570	-0.434617	0.210915	0.404825	-0.898340	-0.170595	0.263617	-0.063984	0.962503
45390	19.254986	2.160793	-12.686651	1.666034	0.480012	-0.560205	-0.879092	-0.429252	0.207221	0.404155	-0.901739	-0.153384	0.252700	-0.051089	0.966195
45391	17.715356	5.509565	-7.884668	1.952299	-0.236979	-1.065464	-0.882861	-0.419593	0.210944	0.399505	-0.907128	-0.132342	0.246883	-0.032567	0.968498
45392	13.155681	4.798033	-1.088584	0.786060	-0.853365	-1.321373	-0.885966	-0.407753	0.220912	0.389720	-0.912829	-0.121906	0.251362	-0.021911	0.967645
45393	21.828945	8.486565	-5.279512	0.998665	-2.309502	-1.603323	-0.886152	-0.393305	0.245041	0.378047	-0.919401	-0.108543	0.267982	-0.003548	0.963417
45394	-13.260969	-4.901267	10.300649	-3.925509	-2.276796	-1.963105	-0.886812	-0.375530	0.269336	0.349384	-0.926290	-0.141133	0.302482	-0.031057	0.952649
45395	12.078470	-19.272972	18.111916	-4.252396	-4.119468	-1.258594	-0.877557	-0.365596	0.310214	0.324301	-0.929132	-0.177602	0.353161	-0.055254	0.933930
45396	22.281843	-18.411512	6.775399	1.912419	-2.636814	-0.691743	-0.870278	-0.360205	0.335959	0.325110	-0.932456	-0.157576	0.370027	-0.027911	0.928602
45397	14.143976	1.576994	11.011623	4.172721	-2.439706	0.711006	-0.858804	-0.366838	0.357610	0.346723	-0.930076	-0.121416	0.377145	0.019719	0.925944
45398	7.473390	7.311181	13.108538	1.751388	-2.887651	1.454611	-0.842476	-0.379316	0.382563	0.365804	-0.924088	-0.110674	0.395502	0.046702	0.917277
45399	11.928774	5.501190	15.494136	-0.726703	-3.215620	0.102218	-0.828909	-0.378621	0.411772	0.363614	-0.924082	-0.117720	0.425082	0.052147	0.903651
45400	12.952322	4.575800	11.521328	0.626583	-2.571743	-0.573896	-0.819824	-0.371722	0.435559	0.361545	-0.925882	-0.109671	0.444043	0.067563	0.893455
45401	5.152355	4.379552	11.537907	0.827414	-2.039903	-0.313931	-0.811727	-0.367264	0.454110	0.362721	-0.926421	-0.100880	0.457747	0.082828	0.885216
45402	5.882245	-2.575715	9.273690	-1.904242	-3.100307	-0.089526	-0.797371	-0.363913	0.481421	0.352919	-0.928288	-0.117172	0.489538	0.076473	0.868622
45403	9.335994	-10.570403	5.677805	-1.168097	-2.442345	-0.003979	-0.785098	-0.362017	0.502559	0.347053	-0.929184	-0.127168	0.513006	0.074576	0.855139
45404	6.506886	-3.100303	7.526191	2.576670	-1.566659	0.022346	-0.776965	-0.360773	0.515915	0.360426	-0.926823	-0.105317	0.516158	0.104122	0.850141
45405	7.044719	4.936442	12.067314	1.659858	-1.433504	-0.025823	-0.769584	-0.358862	0.528165	0.368825	-0.925024	-0.091096	0.521257	0.124694	0.844241
45406	7.125635	0.979262	9.763183	-1.036295	-1.506795	-0.072639	-0.761888	-0.356290	0.540910	0.362726	-0.926578	-0.099415	0.536616	0.120459	0.835185
45407	7.684996	-5.507414	8.612247	-0.577783	-1.335688	-0.049493	-0.754766	-0.354202	0.552149	0.359235	-0.927446	-0.103895	0.548888	0.119935	0.827247
45408	11.349919	-2.844176	7.369399	0.284546	-0.495730	-0.063077	-0.752273	-0.352961	0.556331	0.360264	-0.927345	-0.101198	0.551630	0.124298	0.824776
45409	4.563353	2.638716	10.233855	1.361321	-0.572174	0.051368	-0.748878	-0.352653	0.561086	0.368162	-0.925373	-0.090231	0.551034	0.138999	0.822825
