// General information: 
//  MT Manager version: 2022.2.0 
//  XDA version: 2022.2.0 build 7381 rev 124627 built on 2023-07-19
// Device information: 
//  DeviceId: 00B4CAF0
//  ProductCode: MTW2-3A7G6
//  Firmware Version: 4.6.0
//  Hardware Version: 2.0.0
// Device settings: 
//  Filter Profile: human(46.1)
//  Option Flags: Orientation Smoother Disabled, Position/Velocity Smoother Disabled, Continuous Zero Rotation Update Disabled, AHS Disabled, ICC Disabled
// Coordinate system: ENU
PacketCounter	Acc_X	Acc_Y	Acc_Z	Gyr_X	Gyr_Y	Gyr_Z	Mat[1][1]	Mat[2][1]	Mat[3][1]	Mat[1][2]	Mat[2][2]	Mat[3][2]	Mat[1][3]	Mat[2][3]	Mat[3][3]
58794	5.824727	-0.501398	8.333904	-0.001184	-0.002126	0.002875	0.813254	0.095082	0.574088	-0.079926	0.995462	-0.051646	-0.576394	-0.003883	0.817163
58795	5.822472	-0.531824	8.317486	0.001213	0.003837	0.002577	0.813261	0.095077	0.574078	-0.079916	0.995462	-0.051655	-0.576385	-0.003869	0.817169
58796	5.844726	-0.496102	8.321605	0.003334	0.000768	0.000156	0.813267	0.095070	0.574071	-0.079939	0.995463	-0.051608	-0.576373	-0.003919	0.817177
58797	5.813765	-0.509018	8.313572	0.001293	0.000286	0.000759	0.813256	0.095048	0.574091	-0.079914	0.995465	-0.051606	-0.576393	-0.003909	0.817163
58798	5.815970	-0.478716	8.330017	0.002150	-0.001358	0.003031	0.813217	0.095104	0.574136	-0.079993	0.995459	-0.051592	-0.576436	-0.003972	0.817133
58799	5.836258	-0.473388	8.317518	0.003675	0.000748	0.005759	0.813205	0.095132	0.574150	-0.080022	0.995457	-0.051598	-0.576450	-0.003985	0.817123
58800	5.823361	-0.511247	8.280557	0.004627	0.001054	0.000915	0.813231	0.094999	0.574134	-0.079894	0.995470	-0.051549	-0.576430	-0.003949	0.817137
58801	5.844359	-0.495319	8.321909	0.007337	0.005286	0.000768	0.813248	0.094977	0.574114	-0.079904	0.995471	-0.051497	-0.576405	-0.003994	0.817155
58802	5.823789	-0.500106	8.334638	0.006668	0.001536	0.000312	0.813248	0.094884	0.574130	-0.079836	0.995480	-0.051433	-0.576415	-0.004008	0.817147
58803	5.833088	-0.502039	8.301851	0.006277	0.006821	0.001978	0.813273	0.094874	0.574096	-0.079849	0.995481	-0.051397	-0.576378	-0.004042	0.817173
58804	5.822091	-0.509102	8.281582	0.008913	0.002127	-0.003773	0.813308	0.094693	0.574077	-0.079706	0.995498	-0.051285	-0.576349	-0.004046	0.817194
58805	5.863363	-0.487575	8.310459	0.004751	0.004715	-0.000750	0.813323	0.094656	0.574061	-0.079688	0.995502	-0.051246	-0.576329	-0.004067	0.817207
58806	5.803368	-0.482915	8.311030	0.007105	0.003466	-0.001201	0.813335	0.094568	0.574058	-0.079635	0.995510	-0.051169	-0.576319	-0.004098	0.817214
58807	5.831765	-0.499528	8.302932	0.006044	0.005001	0.000008	0.813352	0.094539	0.574040	-0.079631	0.995513	-0.051123	-0.576297	-0.004131	0.817230
58808	5.833602	-0.468771	8.319642	0.005063	0.002983	-0.000599	0.813343	0.094556	0.574048	-0.079695	0.995511	-0.051063	-0.576300	-0.004216	0.817228
58809	5.824908	-0.445928	8.315705	0.003566	0.002590	0.002125	0.813344	0.094548	0.574049	-0.079694	0.995511	-0.051050	-0.576299	-0.004227	0.817228
58810	5.837101	-0.551216	8.291346	0.005732	0.006733	-0.000144	0.813398	0.094423	0.573993	-0.079586	0.995523	-0.050987	-0.576237	-0.004209	0.817271
58811	5.830307	-0.497883	8.304055	0.007337	0.005288	0.000767	0.813416	0.094401	0.573972	-0.079595	0.995525	-0.050934	-0.576212	-0.004255	0.817289
58812	5.801116	-0.479942	8.312774	0.008290	0.005592	-0.004077	0.813440	0.094402	0.573937	-0.079674	0.995525	-0.050822	-0.576166	-0.004387	0.817321
58813	5.839036	-0.498929	8.271741	0.004983	0.006538	0.001217	0.813464	0.094384	0.573905	-0.079674	0.995526	-0.050792	-0.576132	-0.004408	0.817345
58814	5.808742	-0.501284	8.317552	0.006873	0.001645	-0.003170	0.813494	0.094259	0.573884	-0.079587	0.995538	-0.050698	-0.576102	-0.004431	0.817366
58815	5.809596	-0.480465	8.280660	0.007773	0.007218	-0.000747	0.813524	0.094222	0.573848	-0.079587	0.995541	-0.050634	-0.576060	-0.004479	0.817395
58816	5.870977	-0.453612	8.297170	0.007105	0.003468	-0.001201	0.813537	0.094118	0.573846	-0.079513	0.995551	-0.050558	-0.576051	-0.004497	0.817401
58817	5.807661	-0.499225	8.318431	0.007105	0.003468	-0.001202	0.813546	0.094076	0.573841	-0.079505	0.995555	-0.050496	-0.576040	-0.004542	0.817409
58818	5.829743	-0.462924	8.322674	0.008085	0.005486	-0.000595	0.813586	0.094013	0.573794	-0.079490	0.995560	-0.050408	-0.575985	-0.004599	0.817447
58819	5.837861	-0.484827	8.327087	0.004519	0.002895	-0.002720	0.813593	0.093956	0.573794	-0.079455	0.995566	-0.050359	-0.575981	-0.004619	0.817450
58820	5.807871	-0.477075	8.282066	0.011731	0.004525	-0.000286	0.813592	0.093981	0.573790	-0.079563	0.995563	-0.050248	-0.575967	-0.004771	0.817459
58821	5.857461	-0.477879	8.315183	0.006249	0.005110	-0.003475	0.813612	0.093916	0.573773	-0.079532	0.995568	-0.050180	-0.575943	-0.004806	0.817476
58822	5.805834	-0.495656	8.319919	0.007336	0.005291	0.000766	0.813623	0.093922	0.573756	-0.079588	0.995568	-0.050110	-0.575919	-0.004893	0.817492
58823	5.835502	-0.492057	8.274646	0.009458	0.002220	-0.001651	0.813625	0.093875	0.573761	-0.079590	0.995572	-0.050027	-0.575917	-0.004963	0.817493
58824	5.816108	-0.476378	8.250212	0.009583	0.005881	-0.003319	0.813657	0.093815	0.573726	-0.079595	0.995577	-0.049914	-0.575871	-0.005053	0.817525
58825	5.844020	-0.502435	8.333138	0.009271	0.007614	-0.003473	0.813691	0.093751	0.573688	-0.079581	0.995583	-0.049821	-0.575824	-0.005115	0.817557
58826	5.815945	-0.464189	8.304701	0.009583	0.005882	-0.003320	0.813721	0.093672	0.573659	-0.079564	0.995590	-0.049710	-0.575785	-0.005192	0.817585
58827	5.822614	-0.505686	8.346520	0.011312	0.008098	-0.004076	0.813758	0.093602	0.573617	-0.079557	0.995596	-0.049597	-0.575733	-0.005275	0.817621
58828	5.812601	-0.492267	8.289263	0.010020	0.007811	-0.004835	0.813808	0.093473	0.573568	-0.079486	0.995608	-0.049473	-0.575673	-0.005329	0.817663
58829	5.833161	-0.475476	8.330919	0.012061	0.008296	-0.005438	0.813847	0.093389	0.573525	-0.079472	0.995615	-0.049346	-0.575618	-0.005419	0.817700
58830	5.812206	-0.479616	8.343922	0.010563	0.007904	-0.002715	0.813908	0.093212	0.573467	-0.079336	0.995631	-0.049232	-0.575551	-0.005426	0.817748
58831	5.841638	-0.475613	8.298867	0.011081	0.006277	-0.006044	0.813937	0.093122	0.573441	-0.079311	0.995639	-0.049110	-0.575514	-0.005508	0.817773
58832	5.801789	-0.465011	8.287013	0.010332	0.006081	-0.004682	0.813965	0.093036	0.573416	-0.079294	0.995647	-0.048985	-0.575477	-0.005597	0.817799
58833	5.779847	-0.489371	8.337043	0.009146	0.003957	-0.001805	0.813977	0.092988	0.573407	-0.079293	0.995651	-0.048903	-0.575461	-0.005662	0.817810
58834	5.840581	-0.472492	8.299789	0.009228	0.000401	-0.003617	0.813949	0.092877	0.573464	-0.079228	0.995661	-0.048803	-0.575508	-0.005712	0.817776
58835	5.790223	-0.479532	8.357878	0.012562	0.001174	-0.003461	0.813946	0.092812	0.573478	-0.079233	0.995667	-0.048683	-0.575512	-0.005813	0.817773
58836	5.800150	-0.480768	8.324756	0.012520	-0.006042	-0.003603	0.813905	0.092713	0.573552	-0.079208	0.995675	-0.048548	-0.575573	-0.005916	0.817729
58837	5.820808	-0.474116	8.312106	0.013936	-0.002093	-0.004515	0.813885	0.092638	0.573594	-0.079212	0.995682	-0.048411	-0.575602	-0.006035	0.817708
58838	5.829645	-0.495252	8.316117	0.011977	-0.006133	-0.005724	0.813846	0.092560	0.573662	-0.079220	0.995688	-0.048265	-0.575656	-0.006165	0.817669
58839	5.809857	-0.498993	8.328334	0.015517	-0.005255	-0.009050	0.813810	0.092439	0.573732	-0.079196	0.995698	-0.048089	-0.575709	-0.006302	0.817630
58840	5.810407	-0.497096	8.328064	0.016579	-0.006790	-0.010258	0.813788	0.092241	0.573794	-0.079102	0.995716	-0.047880	-0.575753	-0.006424	0.817599
58841	5.820860	-0.497541	8.294619	0.017953	-0.010056	-0.011311	0.813727	0.092097	0.573904	-0.079074	0.995728	-0.047671	-0.575843	-0.006590	0.817534
58842	5.812018	-0.492674	8.327203	0.022036	-0.009084	-0.012518	0.813664	0.091974	0.574013	-0.079112	0.995738	-0.047406	-0.575927	-0.006838	0.817473
58843	5.835274	-0.454591	8.330605	0.018702	-0.009856	-0.012674	0.813605	0.091817	0.574122	-0.079077	0.995751	-0.047184	-0.576015	-0.007011	0.817409
58844	5.866098	-0.449188	8.284618	0.022990	-0.008780	-0.017365	0.813558	0.091567	0.574229	-0.078983	0.995773	-0.046885	-0.576094	-0.007210	0.817351
58845	5.815819	-0.465021	8.288578	0.020308	-0.011294	-0.011761	0.813490	0.091419	0.574349	-0.078965	0.995785	-0.046655	-0.576193	-0.007400	0.817280
58846	5.827248	-0.454534	8.308686	0.022676	-0.007044	-0.017523	0.813449	0.091182	0.574444	-0.078885	0.995805	-0.046359	-0.576261	-0.007605	0.817230
58847	5.858723	-0.438569	8.316461	0.022157	-0.005413	-0.014197	0.813417	0.091010	0.574517	-0.078859	0.995819	-0.046099	-0.576311	-0.007808	0.817193
58848	5.848562	-0.443770	8.295753	0.021844	-0.003680	-0.014353	0.813398	0.090826	0.574574	-0.078827	0.995835	-0.045825	-0.576342	-0.008018	0.817169
58849	5.828534	-0.446516	8.308219	0.018631	-0.000797	-0.016182	0.813394	0.090634	0.574610	-0.078764	0.995851	-0.045583	-0.576357	-0.008182	0.817157
58850	5.871147	-0.402905	8.299667	0.021336	0.003445	-0.016342	0.813427	0.090422	0.574596	-0.078703	0.995868	-0.045300	-0.576319	-0.008375	0.817182
58851	5.850473	-0.405558	8.312583	0.023088	0.007389	-0.011657	0.813466	0.090276	0.574564	-0.078702	0.995880	-0.045047	-0.576263	-0.008575	0.817219
58852	5.858381	-0.425583	8.317376	0.019440	0.008344	-0.011967	0.813504	0.090152	0.574529	-0.078720	0.995889	-0.044807	-0.576206	-0.008776	0.817257
58853	5.838649	-0.408781	8.293146	0.017400	0.007858	-0.011363	0.813546	0.090009	0.574492	-0.078688	0.995901	-0.044602	-0.576152	-0.008920	0.817294
58854	5.855054	-0.451571	8.302210	0.019984	0.008442	-0.009848	0.813610	0.089849	0.574427	-0.078657	0.995914	-0.044366	-0.576066	-0.009086	0.817352
58855	5.825651	-0.432482	8.310983	0.013861	0.006979	-0.008033	0.813644	0.089739	0.574396	-0.078633	0.995923	-0.044210	-0.576021	-0.009195	0.817383
58856	5.813178	-0.458501	8.328345	0.016022	0.011127	-0.010316	0.813714	0.089544	0.574327	-0.078536	0.995939	-0.044007	-0.575936	-0.009296	0.817442
58857	5.844485	-0.423439	8.299689	0.016651	0.007666	-0.010002	0.813753	0.089414	0.574291	-0.078511	0.995950	-0.043817	-0.575883	-0.009432	0.817478
58858	5.842816	-0.441472	8.337433	0.013633	0.005156	-0.009998	0.813784	0.089288	0.574268	-0.078485	0.995960	-0.043635	-0.575844	-0.009562	0.817504
58859	5.835001	-0.397457	8.296263	0.013861	0.006984	-0.008035	0.813818	0.089178	0.574237	-0.078460	0.995969	-0.043478	-0.575799	-0.009672	0.817534
58860	5.843137	-0.418434	8.300892	0.012993	0.003130	-0.004993	0.813815	0.089087	0.574254	-0.078448	0.995976	-0.043336	-0.575804	-0.009782	0.817529
58861	5.844870	-0.386674	8.317423	0.012678	0.004861	-0.005152	0.813835	0.089005	0.574239	-0.078440	0.995982	-0.043205	-0.575777	-0.009882	0.817547
58862	5.809687	-0.459349	8.277151	0.013308	0.001400	-0.004835	0.813834	0.088969	0.574246	-0.078503	0.995984	-0.043054	-0.575770	-0.010041	0.817550
58863	5.819941	-0.449917	8.297983	0.013861	0.006986	-0.008037	0.813868	0.088859	0.574214	-0.078478	0.995993	-0.042897	-0.575725	-0.010151	0.817580
58864	5.821472	-0.417751	8.314664	0.017509	0.006039	-0.007726	0.813901	0.088771	0.574182	-0.078513	0.995998	-0.042695	-0.575675	-0.010331	0.817613
58865	5.838011	-0.460747	8.323732	0.016651	0.007674	-0.010006	0.813940	0.088642	0.574146	-0.078488	0.996009	-0.042504	-0.575622	-0.010468	0.817649
58866	5.837465	-0.458594	8.324233	0.019756	0.006630	-0.011816	0.813995	0.088446	0.574099	-0.078420	0.996024	-0.042260	-0.575554	-0.010622	0.817694
58867	5.817836	-0.441688	8.299901	0.022339	0.007219	-0.010301	0.814032	0.088314	0.574067	-0.078426	0.996034	-0.042021	-0.575501	-0.010815	0.817730
58868	5.808766	-0.416656	8.296093	0.020711	0.006929	-0.016665	0.814099	0.088117	0.574001	-0.078383	0.996049	-0.041736	-0.575411	-0.011015	0.817790
58869	5.808241	-0.413868	8.296600	0.022752	0.007421	-0.017271	0.814143	0.087915	0.573970	-0.078334	0.996065	-0.041454	-0.575356	-0.011212	0.817826
58870	5.769455	-0.391354	8.338086	0.019933	-0.000481	-0.015423	0.814128	0.087725	0.574021	-0.078285	0.996080	-0.041195	-0.575384	-0.011399	0.817804
58871	5.818645	-0.400487	8.317492	0.023265	0.000306	-0.015271	0.814130	0.087542	0.574047	-0.078256	0.996093	-0.040920	-0.575386	-0.011608	0.817800
58872	5.829358	-0.389909	8.338022	0.018209	-0.002700	-0.014659	0.814091	0.087398	0.574124	-0.078249	0.996104	-0.040679	-0.575442	-0.011808	0.817757
58873	5.832038	-0.347939	8.263181	0.019816	-0.004134	-0.013742	0.814065	0.087230	0.574185	-0.078212	0.996116	-0.040441	-0.575483	-0.011987	0.817726
58874	5.860217	-0.382596	8.292119	0.016051	-0.006846	-0.012370	0.814028	0.087053	0.574265	-0.078148	0.996130	-0.040228	-0.575544	-0.012131	0.817681
58875	5.820147	-0.391297	8.316879	0.013378	-0.003875	-0.012085	0.814003	0.086901	0.574324	-0.078087	0.996142	-0.040052	-0.575588	-0.012245	0.817648
58876	5.863200	-0.348490	8.307744	0.013805	-0.007433	-0.008280	0.813929	0.086770	0.574448	-0.078044	0.996152	-0.039888	-0.575698	-0.012366	0.817569
58877	5.821145	-0.387858	8.316341	0.015212	-0.003479	-0.009208	0.813904	0.086647	0.574502	-0.078018	0.996161	-0.039714	-0.575738	-0.012498	0.817539
58878	5.822697	-0.366715	8.278752	0.007051	-0.005447	-0.006782	0.813869	0.086563	0.574564	-0.077994	0.996167	-0.039604	-0.575790	-0.012580	0.817501
58879	5.842387	-0.379842	8.303274	0.013805	-0.007431	-0.008281	0.813821	0.086449	0.574650	-0.077967	0.996175	-0.039446	-0.575862	-0.012702	0.817448
58880	5.853473	-0.370387	8.323470	0.010382	-0.004658	-0.006632	0.813814	0.086278	0.574685	-0.077855	0.996190	-0.039308	-0.575886	-0.012753	0.817430
58881	5.853963	-0.369198	8.323179	0.009951	-0.006584	-0.005108	0.813768	0.086195	0.574763	-0.077831	0.996196	-0.039200	-0.575955	-0.012835	0.817381
58882	5.851397	-0.418161	8.344089	0.011991	-0.006091	-0.005715	0.813720	0.086138	0.574840	-0.077864	0.996199	-0.039057	-0.576019	-0.012978	0.817333
58883	5.835742	-0.352208	8.297786	0.012648	-0.002334	-0.005280	0.813698	0.086054	0.574883	-0.077855	0.996205	-0.038926	-0.576051	-0.013084	0.817309
58884	5.864893	-0.367990	8.289474	0.011674	-0.004360	-0.005876	0.813655	0.085889	0.574968	-0.077748	0.996218	-0.038792	-0.576125	-0.013139	0.817256
58885	5.855556	-0.364006	8.322287	0.012217	-0.004259	-0.003755	0.813621	0.085820	0.575026	-0.077748	0.996223	-0.038674	-0.576173	-0.013242	0.817220
58886	5.826990	-0.345701	8.330293	0.012443	-0.002429	-0.001796	0.813594	0.085750	0.575076	-0.077748	0.996227	-0.038552	-0.576212	-0.013345	0.817191
58887	5.857885	-0.331115	8.338264	0.012014	0.001128	-0.005604	0.813592	0.085663	0.575091	-0.077733	0.996233	-0.038425	-0.576216	-0.013441	0.817187
58888	5.855784	-0.360477	8.322280	0.009451	0.002269	-0.001673	0.813598	0.085591	0.575094	-0.077714	0.996239	-0.038326	-0.576211	-0.013511	0.817189
58889	5.834557	-0.375663	8.281412	0.009769	0.000540	-0.001511	0.813590	0.085545	0.575112	-0.077719	0.996242	-0.038240	-0.576222	-0.013585	0.817180
58890	5.867245	-0.330488	8.305624	0.017386	0.002412	-0.006063	0.813603	0.085382	0.575117	-0.077651	0.996254	-0.038054	-0.576212	-0.013698	0.817185
58891	5.842855	-0.395521	8.286116	0.009246	0.002175	0.001812	0.813602	0.085370	0.575121	-0.077680	0.996254	-0.037991	-0.576210	-0.013765	0.817186
58892	5.855019	-0.356456	8.322991	0.004420	0.006474	-0.000944	0.813631	0.085286	0.575092	-0.077613	0.996261	-0.037940	-0.576178	-0.013766	0.817209
58893	5.855618	-0.336065	8.285989	0.011400	0.006325	-0.000484	0.813656	0.085251	0.575062	-0.077636	0.996263	-0.037846	-0.576140	-0.013852	0.817234
58894	5.843295	-0.362910	8.303393	0.008183	0.009191	-0.002322	0.813695	0.085185	0.575017	-0.077617	0.996268	-0.037756	-0.576087	-0.013909	0.817270
58895	5.882700	-0.351567	8.279180	0.008974	0.018342	0.001866	0.813787	0.085175	0.574888	-0.077645	0.996268	-0.037696	-0.575953	-0.013960	0.817363
58896	5.883906	-0.310181	8.349905	-0.001861	0.019335	0.004577	0.813878	0.085206	0.574755	-0.077658	0.996266	-0.037727	-0.575823	-0.013929	0.817456
58897	5.873382	-0.289084	8.346828	-0.023527	0.026805	0.004662	0.814016	0.085225	0.574556	-0.077521	0.996268	-0.037949	-0.575646	-0.013649	0.817585
58898	6.045062	-0.209938	8.430154	-0.059082	0.056240	0.004138	0.814335	0.085168	0.574112	-0.077094	0.996282	-0.038445	-0.575251	-0.012954	0.817874
58899	6.035763	-0.258393	8.365046	-0.101447	0.100214	0.012442	0.814890	0.085274	0.573309	-0.076572	0.996287	-0.039349	-0.574536	-0.011835	0.818394
58900	6.094147	-0.131851	8.399453	-0.137255	0.143912	0.028156	0.815671	0.085577	0.572152	-0.076032	0.996278	-0.040622	-0.573498	-0.010367	0.819141
58901	5.999510	-0.015758	8.283729	-0.154657	0.170346	0.047160	0.816599	0.086032	0.570758	-0.075491	0.996255	-0.042162	-0.572248	-0.008658	0.820035
58902	6.215092	0.290136	8.284498	-0.192595	0.193459	0.090157	0.817608	0.086880	0.569183	-0.075053	0.996197	-0.044249	-0.570863	-0.006540	0.821019
58903	5.991760	0.007153	8.326981	-0.245186	0.211542	0.126208	0.818707	0.088118	0.567410	-0.074648	0.996102	-0.046984	-0.569339	-0.003890	0.822094
58904	5.847290	-0.268301	8.409600	-0.255776	0.210861	0.150530	0.819787	0.089553	0.565623	-0.074355	0.995981	-0.049924	-0.567821	-0.001130	0.823151
58905	5.830443	-0.422086	8.466497	-0.260313	0.206626	0.147622	0.820837	0.090992	0.563868	-0.074051	0.995850	-0.052905	-0.566342	0.001672	0.824169
58906	5.754565	-0.859180	8.397513	-0.271337	0.211794	0.142819	0.821904	0.092389	0.562083	-0.073675	0.995713	-0.055933	-0.564841	0.004561	0.825187
58907	5.834148	-0.769420	8.429637	-0.235077	0.200429	0.153189	0.822910	0.093872	0.560364	-0.073569	0.995559	-0.058737	-0.563389	0.007110	0.826161
58908	5.759390	-0.476366	8.436974	-0.235775	0.206134	0.149117	0.823952	0.095257	0.558595	-0.073380	0.995406	-0.061506	-0.561888	0.009689	0.827157
58909	5.685754	-0.573434	8.470851	-0.234781	0.206809	0.144152	0.824995	0.096638	0.556816	-0.073212	0.995244	-0.064257	-0.560378	0.012246	0.828146
58910	5.525759	-0.350840	8.547156	-0.214301	0.193630	0.145184	0.825959	0.098043	0.555139	-0.073204	0.995076	-0.066824	-0.558957	0.014555	0.829069
58911	5.588948	-0.661737	8.418874	-0.211978	0.203511	0.146655	0.826975	0.099439	0.553375	-0.073193	0.994900	-0.069398	-0.557454	0.016887	0.830036
58912	5.628562	-0.847378	8.455801	-0.229228	0.181762	0.150215	0.827868	0.100804	0.551790	-0.073052	0.994717	-0.072119	-0.556145	0.019396	0.830859
58913	5.593608	-0.991552	8.428310	-0.191586	0.172194	0.154508	0.828700	0.102275	0.550269	-0.073228	0.994524	-0.074566	-0.554882	0.021498	0.831651
58914	5.369235	-0.879507	8.432923	-0.171946	0.160843	0.135208	0.829483	0.103587	0.548842	-0.073411	0.994346	-0.076723	-0.553686	0.023349	0.832398
58915	5.275125	-1.042235	8.384579	-0.148365	0.135781	0.114409	0.830138	0.104662	0.547646	-0.073500	0.994194	-0.078589	-0.552692	0.024988	0.833011
58916	5.233377	-1.307223	8.374744	-0.110682	0.104953	0.078473	0.830655	0.105401	0.546720	-0.073533	0.994085	-0.079925	-0.551910	0.026189	0.833492
58917	5.082085	-1.381287	8.297963	-0.060986	0.067492	0.046105	0.830982	0.105811	0.546144	-0.073540	0.994023	-0.080689	-0.551418	0.026888	0.833796
58918	5.118562	-1.271503	8.270706	-0.010074	0.023140	0.005268	0.831075	0.105813	0.546001	-0.073477	0.994019	-0.080797	-0.551285	0.027030	0.833879
58919	5.158859	-1.250069	8.301955	0.041544	-0.006587	-0.032999	0.831051	0.105457	0.546107	-0.073392	0.994067	-0.080274	-0.551332	0.026632	0.833861
58920	4.801696	-1.052438	8.154396	0.088478	-0.046445	-0.068892	0.830837	0.104718	0.546575	-0.073232	0.994169	-0.079153	-0.551677	0.025736	0.833661
58921	4.230772	-0.892893	8.207274	0.122541	-0.143367	-0.113869	0.830116	0.103591	0.547883	-0.072924	0.994321	-0.077512	-0.552801	0.024390	0.832956
58922	4.772384	-0.909964	8.300879	0.140516	-0.236588	-0.148608	0.828912	0.102122	0.549978	-0.072418	0.994511	-0.075519	-0.554671	0.022771	0.831758
58923	4.821226	-1.118204	8.582718	0.181270	-0.309878	-0.189164	0.827314	0.100278	0.552717	-0.071819	0.994745	-0.072973	-0.557130	0.020676	0.830168
58924	5.921193	-1.746582	8.478205	0.253295	-0.332790	-0.209878	0.825611	0.098173	0.555634	-0.071407	0.995009	-0.069703	-0.559704	0.017872	0.828500
58925	4.686712	-1.539142	8.594284	0.337204	-0.388451	-0.253354	0.823599	0.095684	0.559043	-0.071170	0.995311	-0.065504	-0.562689	0.014161	0.826547
58926	5.658143	-1.420860	8.865870	0.365019	-0.449172	-0.289089	0.821252	0.092783	0.562972	-0.070757	0.995635	-0.060871	-0.566162	0.010157	0.824232
58927	5.910453	-1.543791	8.919746	0.385389	-0.476670	-0.334130	0.818767	0.089463	0.567112	-0.070166	0.995973	-0.055814	-0.569822	0.005907	0.821747
58928	4.862661	-2.070418	9.092881	0.562934	-0.556678	-0.343411	0.815798	0.086023	0.571904	-0.070532	0.996293	-0.049247	-0.574021	-0.000162	0.818841
58929	5.154839	-0.243476	10.281763	0.356350	-0.960867	-0.464344	0.810556	0.081342	0.579985	-0.068775	0.996676	-0.043667	-0.581609	-0.004494	0.813456
58930	4.809216	-1.040135	9.984437	0.362073	-1.099618	-0.548233	0.804456	0.075796	0.589156	-0.066455	0.997083	-0.037537	-0.590283	-0.008955	0.807147
58931	4.825823	0.676081	10.649163	0.205855	-1.415830	-0.601656	0.796395	0.069616	0.600757	-0.062826	0.997502	-0.032306	-0.601505	-0.012015	0.798779
58932	4.754267	-1.491251	10.710791	-0.014677	-1.736746	-0.752996	0.786253	0.061961	0.614791	-0.056870	0.997993	-0.027850	-0.615282	-0.013066	0.788199
58933	5.967177	-2.879560	11.634742	0.236014	-2.048900	-1.007936	0.774009	0.051563	0.631071	-0.050438	0.998532	-0.019725	-0.631162	-0.016562	0.775474
58934	6.394759	-3.418524	11.946422	0.402701	-2.211341	-1.249925	0.760407	0.038644	0.648296	-0.043394	0.999021	-0.008652	-0.647995	-0.021553	0.761339
58935	6.974264	-3.978683	11.722654	0.583252	-2.349254	-1.508593	0.745560	0.022955	0.666043	-0.035825	0.999342	0.005660	-0.665475	-0.028081	0.745892
58936	7.493971	-4.827760	10.802444	0.827624	-2.289607	-1.824202	0.730635	0.004035	0.682756	-0.027984	0.999319	0.024041	-0.682194	-0.036672	0.730251
58937	7.609693	-3.687966	9.824602	1.163156	-2.426555	-2.047657	0.714356	-0.017484	0.699564	-0.021186	0.998689	0.046593	-0.699461	-0.048105	0.713050
58938	7.202820	-2.646825	10.363672	1.223021	-2.273247	-2.176968	0.698585	-0.040384	0.714387	-0.014488	0.997403	0.070550	-0.715381	-0.059635	0.696185
58939	4.313010	-4.140142	11.168613	1.152299	-2.133989	-1.976660	0.683376	-0.061499	0.727472	-0.009118	0.995649	0.092736	-0.730010	-0.070006	0.679842
58940	4.329681	-7.963819	11.869071	1.103523	-1.927873	-1.235359	0.669187	-0.075105	0.739289	-0.009028	0.993984	0.109152	-0.743039	-0.079718	0.664483
58941	8.384781	-7.663130	12.469478	0.927767	-1.724173	-0.074749	0.656268	-0.077323	0.750556	-0.015441	0.993151	0.115816	-0.754370	-0.087595	0.650579
58942	4.364517	-8.475056	13.131657	0.719649	-0.966871	0.850689	0.648676	-0.069547	0.757880	-0.026668	0.993127	0.113961	-0.760597	-0.094135	0.642363
58943	-0.923404	-8.178513	11.148738	0.775851	-0.638459	1.497449	0.643273	-0.055331	0.763635	-0.042219	0.993304	0.107537	-0.764472	-0.101416	0.636630
58944	-2.612135	-5.062007	10.960391	0.832182	-0.525866	1.828125	0.638225	-0.037422	0.768940	-0.060660	0.993268	0.098688	-0.767456	-0.109629	0.631658
58945	-2.334527	-2.188426	11.619461	0.582584	-0.356620	2.013335	0.634071	-0.017858	0.773068	-0.077907	0.993171	0.086843	-0.769340	-0.115292	0.628350
58946	-2.172850	-0.845956	12.153620	0.208986	-0.074162	2.074825	0.631652	0.002937	0.775246	-0.092902	0.993074	0.071931	-0.769665	-0.117457	0.627550
58947	-2.321076	-0.724590	12.261841	-0.053476	0.211213	2.029065	0.631249	0.023301	0.775230	-0.105265	0.992873	0.055872	-0.768403	-0.116874	0.629203
58948	-1.768649	-0.412120	12.500300	-0.161680	0.470295	1.900391	0.632675	0.042946	0.773226	-0.116176	0.992425	0.039938	-0.765654	-0.115098	0.632872
58949	-0.100369	0.425058	12.974583	-0.246547	0.772392	1.774210	0.636411	0.061394	0.768903	-0.125515	0.991784	0.024696	-0.761070	-0.112225	0.638888
58950	1.193915	0.803922	13.232026	-0.337326	1.127633	1.659857	0.642781	0.079354	0.761929	-0.133741	0.990970	0.009620	-0.754285	-0.108085	0.647589
58951	2.044442	1.047911	13.260432	-0.423866	1.475406	1.536742	0.651722	0.096098	0.752346	-0.140473	0.990073	-0.004779	-0.745337	-0.102569	0.658751
58952	2.923811	1.133189	13.085070	-0.499477	1.772161	1.424371	0.662842	0.112238	0.740299	-0.146342	0.989053	-0.018922	-0.734319	-0.095794	0.672011
58953	3.795877	0.995636	12.721053	-0.566204	2.032956	1.313644	0.675674	0.127060	0.726169	-0.150975	0.988007	-0.032398	-0.721576	-0.087743	0.686753
58954	4.589768	0.608068	12.291112	-0.612889	2.232944	1.216802	0.689782	0.141145	0.710126	-0.154957	0.986867	-0.045632	-0.707241	-0.078563	0.702594
58955	5.358743	0.092271	11.901599	-0.645091	2.368532	1.133954	0.704560	0.154043	0.692723	-0.158313	0.985674	-0.058169	-0.691760	-0.068684	0.718854
58956	6.265377	-0.421852	11.537770	-0.669264	2.479014	1.081390	0.719800	0.166513	0.673915	-0.161566	0.984330	-0.070645	-0.675118	-0.058031	0.735423
58957	6.960521	-1.004337	11.303413	-0.689318	2.546074	1.058039	0.735030	0.178226	0.654191	-0.164631	0.982874	-0.082797	-0.657744	-0.046842	0.751784
58958	7.755833	-1.517218	10.976679	-0.692423	2.606162	1.053254	0.750188	0.189905	0.633368	-0.168130	0.981172	-0.095048	-0.639493	-0.035184	0.767992
58959	8.645142	-2.156262	10.800702	-0.674283	2.658151	1.071762	0.765101	0.201162	0.611682	-0.171966	0.979280	-0.106955	-0.620523	-0.023357	0.783841
58960	9.450397	-2.530992	10.662063	-0.642249	2.707737	1.124438	0.779653	0.212931	0.588899	-0.176963	0.977000	-0.118974	-0.600687	-0.011455	0.799402
58961	10.489257	-2.858548	10.507947	-0.606914	2.781829	1.214467	0.793880	0.224905	0.564954	-0.182899	0.974380	-0.130884	-0.579916	0.000576	0.814676
58962	11.319588	-3.233361	10.170109	-0.562026	2.879263	1.345804	0.807714	0.238104	0.539356	-0.190715	0.971156	-0.143121	-0.557877	0.012738	0.829826
58963	11.820351	-3.191157	9.523039	-0.468334	2.973064	1.512675	0.820988	0.252186	0.512231	-0.200440	0.967366	-0.155004	-0.534605	0.024585	0.844744
58964	11.784913	-2.748933	8.621980	-0.345048	3.022967	1.684958	0.833254	0.267827	0.483691	-0.212807	0.962801	-0.166515	-0.510295	0.035816	0.859253
58965	11.224040	-2.405543	7.290564	-0.189432	2.969713	1.790068	0.844104	0.283781	0.454925	-0.226843	0.957793	-0.176566	-0.485830	0.045844	0.872850
58966	10.738694	-1.803907	5.999502	0.007103	2.806942	1.791554	0.853149	0.299768	0.426938	-0.242303	0.952481	-0.184577	-0.461981	0.054023	0.885243
58967	10.708156	-0.940987	4.943779	0.168523	2.570902	1.726494	0.860416	0.314675	0.400829	-0.257822	0.947280	-0.190233	-0.439559	0.060337	0.896185
58968	10.927036	0.113846	4.117820	0.218776	2.315393	1.620302	0.865995	0.328770	0.376779	-0.272948	0.942116	-0.194723	-0.418989	0.065788	0.905605
58969	10.952731	1.023725	3.270411	0.149892	2.054295	1.485825	0.870257	0.341301	0.355199	-0.286428	0.937248	-0.198811	-0.400764	0.071277	0.913404
58970	10.797595	1.821236	2.477730	-0.007688	1.767483	1.300063	0.873347	0.352349	0.336325	-0.297901	0.932650	-0.203516	-0.385382	0.077549	0.919493
58971	10.804645	2.524031	1.670267	-0.190038	1.469579	1.045755	0.875760	0.360869	0.320653	-0.306294	0.928774	-0.208717	-0.373134	0.084572	0.923915
58972	11.061216	2.899906	0.898679	-0.340153	1.177693	0.745386	0.877747	0.366899	0.308132	-0.311703	0.925693	-0.214322	-0.363870	0.092075	0.926888
58973	11.209046	2.913149	0.246285	-0.411655	0.905441	0.411269	0.879724	0.369815	0.298869	-0.313801	0.923791	-0.219405	-0.357232	0.099230	0.928730
58974	11.204163	2.486774	-0.199628	-0.346052	0.605605	0.101889	0.881519	0.370246	0.292989	-0.313554	0.923012	-0.223007	-0.353000	0.104717	0.929745
58975	11.031574	2.031045	-0.346129	-0.161131	0.294303	-0.167883	0.883078	0.368363	0.290657	-0.311473	0.923469	-0.224031	-0.350937	0.107305	0.930230
58976	10.833489	1.386267	-0.207394	0.084111	-0.040523	-0.372339	0.884067	0.365028	0.291856	-0.308523	0.924895	-0.222224	-0.351054	0.106417	0.930289
58977	10.849585	0.934796	0.291165	0.366030	-0.367650	-0.536214	0.884416	0.360423	0.296483	-0.305039	0.927227	-0.217258	-0.353212	0.101708	0.929998
58978	7.473019	-2.168224	-1.164803	0.918303	-0.865236	-0.802143	0.883758	0.353826	0.306233	-0.301224	0.930960	-0.206343	-0.358100	0.090113	0.929325
58979	4.817458	2.453529	-5.484417	1.491933	-2.124038	-1.321795	0.879938	0.343147	0.328571	-0.294984	0.936759	-0.188325	-0.372415	0.068791	0.925513
58980	-3.208840	-0.625576	7.182735	1.490985	-3.155999	-1.599935	0.872460	0.329898	0.360528	-0.286686	0.942982	-0.169102	-0.395758	0.044176	0.917292
58981	11.472909	-1.145039	18.642225	1.338623	-3.278854	-1.221067	0.862544	0.319399	0.392431	-0.281523	0.947390	-0.152305	-0.420431	0.020892	0.907084
58982	11.955294	-2.421971	11.746571	1.031613	-2.861535	-0.750261	0.852300	0.312611	0.419356	-0.279528	0.949879	-0.139978	-0.442096	0.002081	0.896966
58983	8.500769	-1.393615	8.087142	1.052275	-2.791890	-0.510787	0.841091	0.307527	0.444963	-0.279931	0.951395	-0.128398	-0.462821	-0.016564	0.886297
58984	11.552795	0.401891	11.523751	0.957802	-2.708748	-0.344609	0.829245	0.303551	0.469265	-0.281560	0.952210	-0.118403	-0.482780	-0.033941	0.875084
58985	13.491035	1.727640	12.223541	0.797920	-2.161053	-0.291768	0.819461	0.299860	0.488433	-0.283035	0.952773	-0.110070	-0.498372	-0.048046	0.865631
58986	11.711489	2.224232	11.245135	0.774091	-1.657425	-0.547671	0.812655	0.293695	0.503324	-0.282418	0.953994	-0.100679	-0.509737	-0.060331	0.858213
58987	10.916417	1.316562	11.200838	0.521676	-1.155912	-0.671467	0.808598	0.286511	0.513888	-0.279621	0.955614	-0.092809	-0.517669	-0.068649	0.852822
58988	6.389030	-2.385561	8.657992	0.413468	-0.924158	-0.541794	0.805299	0.280588	0.522269	-0.277327	0.956877	-0.086463	-0.524007	-0.075211	0.848387
58989	4.420084	-2.534747	8.147044	0.555137	-0.999949	-0.356729	0.801009	0.276354	0.531049	-0.277355	0.957440	-0.079895	-0.530527	-0.083292	0.843566
58990	6.999757	1.074201	9.144850	0.475760	-1.061042	-0.173352	0.795826	0.273702	0.540137	-0.278445	0.957523	-0.074950	-0.537708	-0.090752	0.838233
58991	10.142929	2.584473	9.873648	0.188538	-0.799896	-0.110197	0.791801	0.271878	0.546931	-0.278555	0.957659	-0.072781	-0.543560	-0.094722	0.834008
58992	9.393893	0.818210	9.215950	-0.053623	-0.334030	-0.107011	0.790284	0.270445	0.549828	-0.277330	0.958027	-0.072611	-0.546387	-0.095101	0.832116
58993	5.360353	-1.479023	8.245032	-0.044703	-0.219855	-0.044097	0.789196	0.269785	0.551711	-0.276703	0.958198	-0.072746	-0.548274	-0.095249	0.830857
58994	6.605761	-0.593237	8.840369	0.016916	-0.280704	0.037348	0.787557	0.269777	0.554052	-0.277000	0.958110	-0.072779	-0.550477	-0.096155	0.829295
58995	8.449017	0.402312	9.246965	0.015411	-0.150254	0.023466	0.786657	0.269830	0.555304	-0.277235	0.958041	-0.072788	-0.551644	-0.096691	0.828456
58996	4.840555	-0.543920	8.539724	-0.068340	0.031293	0.042015	0.786721	0.270158	0.555054	-0.277092	0.958024	-0.073550	-0.551625	-0.095938	0.828556
58997	6.082338	-0.597244	8.662127	-0.024886	-0.080944	0.079943	0.786045	0.270819	0.555689	-0.277548	0.957841	-0.074206	-0.552358	-0.095901	0.828072
58998	5.836551	-0.145158	8.537578	-0.053127	-0.030341	0.102216	0.785602	0.271664	0.555903	-0.277962	0.957646	-0.075177	-0.552781	-0.095461	0.827841
58999	5.737086	-0.391302	8.596397	-0.091178	-0.039471	0.131130	0.785012	0.272855	0.556154	-0.278453	0.957385	-0.076667	-0.553372	-0.094678	0.827536
59000	5.793616	-0.853172	8.434748	-0.096911	-0.041470	0.138686	0.784404	0.274037	0.556430	-0.278906	0.957129	-0.078201	-0.554005	-0.093850	0.827206
59001	5.656632	-0.854103	8.389003	-0.087298	-0.043944	0.131894	0.783785	0.275230	0.556713	-0.279422	0.956858	-0.079663	-0.554621	-0.093119	0.826876
59002	5.646495	-0.915231	8.411134	-0.082918	-0.043553	0.127218	0.783196	0.276301	0.557011	-0.279861	0.956616	-0.081019	-0.555231	-0.092432	0.826544
59003	5.671309	-1.082976	8.393451	-0.077791	-0.054350	0.115037	0.782565	0.277324	0.557390	-0.280294	0.956379	-0.082309	-0.555902	-0.091821	0.826161
59004	5.617460	-1.233767	8.386835	-0.056302	-0.050754	0.094934	0.782025	0.278082	0.557770	-0.280628	0.956198	-0.083266	-0.556494	-0.091410	0.825808
59005	5.710155	-1.134153	8.438772	-0.029365	-0.057536	0.068149	0.781506	0.278653	0.558212	-0.280962	0.956045	-0.083894	-0.557053	-0.091273	0.825446
59006	5.743069	-1.031518	8.436987	-0.015880	-0.063266	0.058513	0.780997	0.279054	0.558725	-0.281237	0.955927	-0.084317	-0.557629	-0.091283	0.825056
59007	5.701644	-0.935391	8.453136	-0.006488	-0.059426	0.043973	0.780534	0.279392	0.559201	-0.281510	0.955820	-0.084622	-0.558138	-0.091370	0.824702
59008	5.635959	-0.815421	8.475347	-0.010397	-0.074611	0.039497	0.780014	0.279603	0.559822	-0.281667	0.955749	-0.084894	-0.558786	-0.091465	0.824252
59009	5.820545	-0.849007	8.434858	-0.017371	-0.082626	0.041552	0.779428	0.279896	0.560491	-0.281859	0.955659	-0.085276	-0.559507	-0.091514	0.823758
59010	5.691095	-0.822647	8.440405	-0.022877	-0.092090	0.044561	0.778794	0.280139	0.561251	-0.281987	0.955585	-0.085679	-0.560325	-0.091539	0.823199
59011	5.670669	-0.896316	8.387768	-0.027498	-0.096082	0.047604	0.778113	0.280478	0.562024	-0.282168	0.955486	-0.086179	-0.561178	-0.091528	0.822619
59012	5.683521	-0.884958	8.342956	-0.024106	-0.105194	0.037867	0.777423	0.280646	0.562896	-0.282236	0.955432	-0.086556	-0.562100	-0.091579	0.821983
59013	5.646712	-0.942646	8.354658	-0.009085	-0.115588	0.033007	0.776672	0.280828	0.563840	-0.282406	0.955358	-0.086822	-0.563051	-0.091800	0.821307
59014	5.673222	-0.921131	8.328856	0.002425	-0.123325	0.024171	0.775916	0.280849	0.564870	-0.282517	0.955317	-0.086905	-0.564038	-0.092155	0.820591
59015	5.695887	-0.914708	8.341387	0.004964	-0.135364	0.023056	0.775079	0.280916	0.565984	-0.282689	0.955258	-0.087000	-0.565101	-0.092566	0.819813
59016	5.724078	-0.892211	8.314407	0.005702	-0.143947	0.024178	0.774203	0.280918	0.567181	-0.282819	0.955214	-0.087057	-0.566236	-0.093010	0.818979
59017	5.719393	-0.916587	8.325081	0.003645	-0.151332	0.023633	0.773271	0.280974	0.568423	-0.282987	0.955154	-0.087167	-0.567423	-0.093453	0.818106
59018	5.727926	-0.971272	8.309025	0.008574	-0.157879	0.019841	0.772325	0.280921	0.569735	-0.283101	0.955120	-0.087177	-0.568655	-0.093963	0.817192
59019	5.819343	-0.871774	8.334439	0.011102	-0.162708	0.019866	0.771335	0.280929	0.571070	-0.283282	0.955064	-0.087205	-0.569907	-0.094510	0.816256
59020	5.824494	-0.825787	8.312610	0.005916	-0.159739	0.022014	0.770368	0.280894	0.572392	-0.283397	0.955025	-0.087250	-0.571157	-0.095000	0.815325
59021	5.845953	-0.757230	8.271707	-0.000935	-0.156521	0.030285	0.769379	0.281006	0.573664	-0.283590	0.954951	-0.087436	-0.572391	-0.095414	0.814410
59022	5.862852	-0.745083	8.314745	-0.014582	-0.161544	0.037252	0.768354	0.281114	0.574984	-0.283705	0.954889	-0.087736	-0.573710	-0.095713	0.813447
59023	5.809698	-0.803321	8.336997	-0.022601	-0.160310	0.045047	0.767298	0.281362	0.576272	-0.283886	0.954794	-0.088184	-0.575033	-0.095932	0.812487
59024	5.835252	-0.838751	8.300748	-0.027644	-0.167668	0.049912	0.766197	0.281584	0.577627	-0.284021	0.954710	-0.088664	-0.576432	-0.096124	0.811472
59025	5.766313	-0.959291	8.295512	-0.024959	-0.179877	0.045332	0.765023	0.281815	0.579069	-0.284189	0.954616	-0.089133	-0.577907	-0.096376	0.810392
59026	5.880710	-0.863880	8.305224	-0.019754	-0.188358	0.038299	0.763830	0.281906	0.580597	-0.284280	0.954556	-0.089483	-0.579438	-0.096702	0.809259
59027	5.847393	-0.745095	8.308747	-0.035295	-0.195305	0.046176	0.762558	0.282129	0.582159	-0.284392	0.954470	-0.090041	-0.581056	-0.096900	0.808074
59028	5.863265	-0.828307	8.295627	-0.047422	-0.204458	0.042030	0.761254	0.282239	0.583809	-0.284349	0.954427	-0.090637	-0.582784	-0.097008	0.806816
59029	5.775794	-1.065448	8.254268	-0.052157	-0.219389	0.038883	0.759856	0.282369	0.585566	-0.284305	0.954378	-0.091289	-0.584628	-0.097113	0.805468
59030	5.740916	-1.194858	8.291308	-0.038735	-0.245199	0.018381	0.758373	0.282214	0.587559	-0.284132	0.954392	-0.091677	-0.586634	-0.097419	0.803971
59031	5.704341	-1.375428	8.319715	-0.027769	-0.274755	-0.022486	0.756814	0.281703	0.589810	-0.283763	0.954493	-0.091771	-0.588821	-0.097912	0.802311
59032	5.700985	-1.444873	8.347633	-0.013877	-0.315701	-0.059102	0.755124	0.280740	0.592430	-0.283150	0.954701	-0.091503	-0.591282	-0.098651	0.800409
59033	5.719154	-1.333529	8.356124	-0.005495	-0.364423	-0.096342	0.753229	0.279430	0.595454	-0.282356	0.954986	-0.090978	-0.594072	-0.099602	0.798221
59034	5.774437	-1.443987	8.363764	-0.010298	-0.420227	-0.133124	0.751104	0.277654	0.598958	-0.281213	0.955393	-0.090237	-0.597296	-0.100657	0.795680
59035	5.606509	-1.529424	8.420206	-0.005902	-0.493513	-0.168905	0.748613	0.275511	0.603053	-0.279875	0.955877	-0.089273	-0.601039	-0.101949	0.792690
59036	5.628491	-1.452790	8.567685	0.000051	-0.600320	-0.194355	0.745535	0.272957	0.608006	-0.278348	0.956434	-0.088070	-0.605557	-0.103578	0.789033
59037	5.838882	-1.370265	8.492652	0.017381	-0.718083	-0.211418	0.741747	0.270154	0.613864	-0.276846	0.957000	-0.086645	-0.610875	-0.105677	0.784643
59038	5.590252	-1.113787	8.636216	-0.007195	-0.849184	-0.233993	0.737178	0.266934	0.620737	-0.275000	0.957659	-0.085234	-0.617206	-0.107871	0.779372
59039	5.573633	-0.674097	8.831320	-0.026904	-1.022463	-0.238979	0.731475	0.263500	0.628898	-0.273043	0.958332	-0.083951	-0.624814	-0.110308	0.772942
59040	5.670468	-0.451977	8.811000	-0.115778	-1.212594	-0.221317	0.724443	0.259958	0.638438	-0.270634	0.959061	-0.083417	-0.633987	-0.112352	0.765139
59041	5.705441	-0.585534	8.785388	-0.179173	-1.414813	-0.211059	0.715957	0.256301	0.649397	-0.267933	0.959819	-0.083422	-0.644684	-0.114268	0.755860
59042	5.430121	-0.391296	8.930433	-0.201727	-1.656645	-0.202686	0.705713	0.252373	0.662025	-0.265110	0.960589	-0.083583	-0.657027	-0.116524	0.744807
59043	5.389313	-0.327725	8.895088	-0.254567	-1.941178	-0.186931	0.693303	0.248261	0.676533	-0.262076	0.961366	-0.084211	-0.671302	-0.118919	0.731581
59044	5.206046	-0.741589	8.853589	-0.268091	-2.268058	-0.194225	0.678396	0.243594	0.693138	-0.258855	0.962187	-0.084797	-0.687584	-0.121896	0.715800
59045	4.864806	-0.924042	9.112522	-0.162035	-2.668048	-0.219531	0.660360	0.238134	0.712191	-0.256221	0.962927	-0.084398	-0.705886	-0.126745	0.696894
59046	4.117454	-0.953711	9.740442	-0.027244	-3.176607	-0.261417	0.638270	0.231413	0.734207	-0.254267	0.963594	-0.082670	-0.726609	-0.133919	0.673874
59047	4.081305	-1.045526	9.903696	0.140466	-3.767814	-0.296788	0.611193	0.223288	0.759332	-0.253414	0.964084	-0.079522	-0.749816	-0.143822	0.645826
59048	4.240727	-1.768797	9.341497	0.287906	-4.356704	-0.380727	0.578931	0.213031	0.787055	-0.253292	0.964498	-0.074746	-0.775037	-0.156082	0.612337
59049	4.412381	-1.773618	9.644303	0.436520	-4.993189	-0.521023	0.540861	0.199815	0.817033	-0.253782	0.964870	-0.067972	-0.801913	-0.170585	0.572570
59050	4.370675	-1.929992	9.764218	0.609610	-5.766625	-0.629153	0.495384	0.183380	0.849098	-0.255460	0.964995	-0.059369	-0.830262	-0.187501	0.524889
59051	5.322272	-1.975695	10.142613	0.807899	-6.609534	-0.750619	0.441446	0.163070	0.882345	-0.258736	0.964712	-0.048844	-0.859174	-0.206733	0.468061
59052	6.591140	-1.426527	9.892474	0.918604	-7.329415	-0.906735	0.379790	0.138415	0.914659	-0.263018	0.964093	-0.036684	-0.886894	-0.226639	0.402558
59053	11.193961	-1.991771	10.425901	0.847236	-7.847926	-1.096328	0.312061	0.109312	0.943753	-0.266815	0.963464	-0.023371	-0.911827	-0.244514	0.329826
59054	20.006086	-0.923932	11.620535	0.608630	-7.907472	-1.240233	0.242438	0.077487	0.967067	-0.268990	0.963094	-0.009734	-0.932131	-0.257772	0.254334
59055	18.968667	-0.477050	10.380531	0.234279	-7.789912	-1.371138	0.172850	0.043878	0.983970	-0.268316	0.963322	0.004177	-0.947697	-0.264737	0.178283
59056	18.369940	0.266957	11.008877	-0.415650	-7.569365	-1.229576	0.103911	0.012044	0.994514	-0.262665	0.964758	0.015760	-0.959276	-0.262862	0.103413
59057	16.696871	-3.108560	10.846663	-0.375315	-7.568034	-1.379126	0.034615	-0.021059	0.999179	-0.258069	0.965682	0.029294	-0.965506	-0.258872	0.027993
59058	16.477708	-0.886230	13.530637	-0.515701	-7.365024	-1.381913	-0.033031	-0.053192	0.998038	-0.253117	0.966474	0.043132	-0.966872	-0.251196	-0.045387
59059	14.159642	-4.625518	13.306949	-0.752259	-6.479384	-1.415531	-0.092110	-0.082819	0.992299	-0.246713	0.967361	0.057837	-0.964701	-0.239486	-0.109537
