// General information: 
//  MT Manager version: 2022.2.0 
//  XDA version: 2022.2.0 build 7381 rev 124627 built on 2023-07-19
// Device information: 
//  DeviceId: 00B4CB9F
//  ProductCode: MTW2-3A7G6
//  Firmware Version: 4.6.0
//  Hardware Version: 2.0.0
// Device settings: 
//  Filter Profile: human(46.1)
//  Option Flags: Orientation Smoother Disabled, Position/Velocity Smoother Disabled, Continuous Zero Rotation Update Disabled, AHS Disabled, ICC Disabled
// Coordinate system: ENU
PacketCounter	Acc_X	Acc_Y	Acc_Z	Gyr_X	Gyr_Y	Gyr_Z	Mat[1][1]	Mat[2][1]	Mat[3][1]	Mat[1][2]	Mat[2][2]	Mat[3][2]	Mat[1][3]	Mat[2][3]	Mat[3][3]
13713	9.684896	0.344594	-1.517834	0.001283	0.008918	-0.005608	0.099696	0.119469	0.987820	0.590225	-0.806346	0.037953	0.801059	0.579252	-0.150903
13714	9.656204	0.326610	-1.520832	0.005506	0.003724	-0.011547	0.099656	0.119519	0.987818	0.590297	-0.806291	0.038003	0.801011	0.579318	-0.150903
13715	9.677489	0.324340	-1.508843	0.003002	0.004135	-0.005669	0.099588	0.119499	0.987827	0.590323	-0.806271	0.038022	0.801000	0.579350	-0.150837
13716	9.673205	0.338973	-1.547804	0.007543	0.008652	-0.003312	0.099557	0.119453	0.987836	0.590403	-0.806214	0.037988	0.800945	0.579439	-0.150789
13717	9.642685	0.352513	-1.538795	0.010749	0.007008	0.001503	0.099630	0.119413	0.987833	0.590481	-0.806161	0.037897	0.800878	0.579521	-0.150829
13718	9.664025	0.349447	-1.526620	0.008376	0.005014	-0.003857	0.099625	0.119392	0.987836	0.590569	-0.806099	0.037867	0.800814	0.579613	-0.150817
13719	9.695272	0.386609	-1.471391	0.000783	-0.000881	-0.003696	0.099723	0.119325	0.987834	0.590709	-0.806002	0.037728	0.800699	0.579760	-0.150863
13720	9.702720	0.408801	-1.479671	-0.000601	-0.004284	-0.004390	0.099790	0.119363	0.987823	0.590725	-0.805991	0.037716	0.800678	0.579769	-0.150940
13721	9.705804	0.445519	-1.527432	-0.002423	0.000762	-0.008512	0.099664	0.119452	0.987825	0.590620	-0.806060	0.037884	0.800772	0.579653	-0.150886
13722	9.694497	0.489307	-1.495559	-0.002423	0.000762	-0.008513	0.099665	0.119494	0.987820	0.590625	-0.806055	0.037916	0.800768	0.579652	-0.150912
13723	9.718830	0.523173	-1.531578	-0.004198	-0.002200	-0.007359	0.099654	0.119483	0.987822	0.590694	-0.806005	0.037900	0.800718	0.579724	-0.150899
13724	9.703787	0.480246	-1.515627	0.000289	-0.000177	-0.006030	0.099677	0.119510	0.987817	0.590719	-0.805987	0.037904	0.800697	0.579744	-0.150935
13725	9.708158	0.466660	-1.475826	0.000291	0.005074	-0.008154	0.099582	0.119587	0.987817	0.590684	-0.806006	0.038029	0.800734	0.579701	-0.150901
13726	9.710193	0.435037	-1.486598	0.000452	0.017807	-0.007194	0.099454	0.119519	0.987838	0.590712	-0.805985	0.038045	0.800730	0.579744	-0.150759
13727	9.717436	0.406996	-1.555858	0.004550	0.025522	-0.006143	0.099198	0.119455	0.987872	0.590740	-0.805960	0.038138	0.800741	0.579792	-0.150516
13728	9.662757	0.387854	-1.509263	0.011696	0.024115	-0.003360	0.099042	0.119320	0.987904	0.590853	-0.805879	0.038099	0.800677	0.579933	-0.150316
13729	9.672415	0.377625	-1.527484	0.007495	0.011411	-0.006469	0.098942	0.119204	0.987928	0.591040	-0.805745	0.038029	0.800551	0.580142	-0.150176
13730	9.705717	0.382580	-1.482738	0.005880	0.021181	-0.004359	0.098803	0.119094	0.987955	0.591108	-0.805696	0.038008	0.800518	0.580233	-0.150003
13731	9.688637	0.321027	-1.516011	-0.005496	0.022531	0.000913	0.098581	0.119001	0.987988	0.590986	-0.805782	0.038087	0.800636	0.580132	-0.149763
13732	9.670145	0.342654	-1.473853	-0.011900	0.025814	-0.008729	0.098379	0.118900	0.988020	0.590916	-0.805832	0.038136	0.800712	0.580085	-0.149537
13733	9.651528	0.364747	-1.432273	-0.008071	0.010559	-0.008560	0.098209	0.118900	0.988037	0.590845	-0.805878	0.038250	0.800786	0.580020	-0.149396
13734	9.677978	0.366347	-1.479209	0.000744	0.007128	-0.008980	0.098155	0.118908	0.988042	0.590876	-0.805854	0.038283	0.800769	0.580052	-0.149359
13735	9.704874	0.418354	-1.462777	0.001242	0.011675	-0.008775	0.098030	0.118923	0.988052	0.590899	-0.805833	0.038365	0.800767	0.580078	-0.149267
13736	9.700746	0.433350	-1.500982	0.001346	0.016663	-0.006721	0.097912	0.118859	0.988072	0.590933	-0.805808	0.038375	0.800757	0.580127	-0.149136
13737	9.651039	0.418256	-1.514505	0.002237	0.020770	-0.008365	0.097608	0.118809	0.988108	0.590950	-0.805788	0.038511	0.800781	0.580164	-0.148862
13738	9.657546	0.372551	-1.484865	-0.006680	0.019213	-0.010005	0.097450	0.118756	0.988130	0.590923	-0.805806	0.038567	0.800821	0.580150	-0.148701
13739	9.642089	0.430687	-1.490899	-0.011067	0.016923	-0.007156	0.097330	0.118665	0.988153	0.590918	-0.805809	0.038564	0.800839	0.580164	-0.148550
13740	9.684767	0.425398	-1.465858	-0.018950	0.016451	-0.003101	0.097234	0.118572	0.988173	0.590786	-0.805906	0.038570	0.800948	0.580048	-0.148412
13741	9.715685	0.412601	-1.472276	-0.022541	0.018532	-0.006080	0.097118	0.118629	0.988178	0.590470	-0.806129	0.038743	0.801195	0.579726	-0.148337
13742	9.710500	0.359234	-1.473713	-0.015730	0.030564	-0.004671	0.096900	0.118468	0.988218	0.590364	-0.806206	0.038760	0.801299	0.579653	-0.148061
13743	9.651140	0.303947	-1.530209	0.000167	0.017985	-0.001180	0.096845	0.118243	0.988251	0.590547	-0.806081	0.038575	0.801171	0.579873	-0.147893
13744	9.691905	0.330343	-1.492946	0.006428	0.022975	-0.001000	0.096710	0.118096	0.988282	0.590616	-0.806033	0.038522	0.801137	0.579969	-0.147701
13745	9.661589	0.343597	-1.482406	0.013670	0.026557	0.003851	0.096591	0.117939	0.988312	0.590683	-0.805987	0.038452	0.801102	0.580065	-0.147516
13746	9.648256	0.368295	-1.499683	0.001510	0.024147	-0.003653	0.096431	0.117807	0.988343	0.590715	-0.805964	0.038433	0.801097	0.580123	-0.147310
13747	9.691039	0.362476	-1.473824	-0.000165	0.026170	-0.000449	0.096464	0.117686	0.988355	0.590715	-0.805970	0.038314	0.801093	0.580140	-0.147266
13748	9.656564	0.390505	-1.502393	0.008669	0.033245	-0.005121	0.096224	0.117512	0.988399	0.590806	-0.805904	0.038299	0.801055	0.580267	-0.146974
13749	9.626485	0.454926	-1.428098	0.004574	0.025527	-0.006175	0.096109	0.117409	0.988422	0.590852	-0.805872	0.038274	0.801035	0.580332	-0.146823
13750	9.684880	0.392034	-1.394611	-0.015249	0.019355	0.001893	0.096021	0.117260	0.988448	0.590744	-0.805953	0.038223	0.801125	0.580250	-0.146659
13751	9.675540	0.352290	-1.435680	-0.016954	0.029388	-0.000200	0.095784	0.117071	0.988494	0.590625	-0.806040	0.038231	0.801241	0.580168	-0.146351
13752	9.641192	0.380071	-1.463643	0.003207	0.042513	0.003174	0.095518	0.116777	0.988554	0.590664	-0.806015	0.038142	0.801244	0.580261	-0.145965
13753	9.656188	0.473744	-1.562005	0.034722	0.057054	-0.001861	0.095167	0.116513	0.988619	0.590883	-0.805857	0.038094	0.801124	0.580533	-0.145536
13754	9.729870	0.655171	-1.437180	0.057281	0.082679	0.002579	0.094576	0.115990	0.988737	0.591356	-0.805518	0.037932	0.800846	0.581108	-0.144774
13755	9.669926	0.882813	-1.158822	0.012675	0.107922	0.015413	0.093919	0.115318	0.988879	0.591344	-0.805534	0.037775	0.800932	0.581219	-0.143848
13756	9.727623	0.901648	-0.891002	-0.080459	0.104742	0.011906	0.093206	0.114593	0.989030	0.590704	-0.806006	0.037719	0.801487	0.580708	-0.142816
13757	9.863721	0.754379	-0.855434	-0.145898	0.123618	0.004175	0.092234	0.113758	0.989218	0.589666	-0.806762	0.037796	0.802364	0.579822	-0.141490
13758	9.911445	0.584712	-1.119202	-0.168900	0.132631	-0.004451	0.091198	0.113004	0.989400	0.588330	-0.807726	0.038025	0.803462	0.578626	-0.140147
13759	9.792413	0.508886	-1.364034	-0.154507	0.109169	-0.004766	0.090327	0.112408	0.989548	0.587117	-0.808597	0.038260	0.804447	0.577525	-0.139035
13760	9.716995	0.494963	-1.474477	-0.135138	0.050329	0.003437	0.089998	0.112068	0.989617	0.586043	-0.809371	0.038361	0.805266	0.576506	-0.138518
13761	9.750292	0.500941	-1.577501	-0.104783	0.016205	0.016248	0.090017	0.111818	0.989643	0.585237	-0.809958	0.038283	0.805850	0.575730	-0.138349
13762	9.708367	0.506966	-1.599734	-0.078780	0.006349	0.017048	0.090121	0.111621	0.989656	0.584604	-0.810421	0.038170	0.806298	0.575117	-0.138290
13763	9.791256	0.475797	-1.602464	-0.056375	0.013677	0.027044	0.090340	0.111349	0.989667	0.584120	-0.810782	0.037902	0.806624	0.574660	-0.138288
13764	9.754135	0.315519	-1.624639	-0.053616	0.042089	0.011550	0.090124	0.110992	0.989726	0.583693	-0.811094	0.037808	0.806957	0.574289	-0.137885
13765	9.598224	0.145413	-1.638456	-0.047938	0.034778	0.012663	0.090036	0.110680	0.989769	0.583316	-0.811371	0.037669	0.807239	0.573957	-0.137614
13766	9.692641	0.070385	-1.521390	-0.021525	0.018932	0.017985	0.090045	0.110404	0.989799	0.583143	-0.811505	0.037467	0.807364	0.573821	-0.137453
13767	9.677359	0.074580	-1.440203	0.010862	0.021514	0.022172	0.090057	0.110142	0.989828	0.583188	-0.811483	0.037237	0.807330	0.573902	-0.137313
13768	9.611917	0.163441	-1.398701	0.037671	0.005231	0.025661	0.090221	0.109882	0.989841	0.583485	-0.811286	0.036878	0.807097	0.574231	-0.137309
13769	9.615380	0.246569	-1.382873	0.056832	-0.019438	0.028199	0.090661	0.109741	0.989817	0.583987	-0.810946	0.036420	0.806684	0.574738	-0.137608
13770	9.732120	0.336540	-1.467284	0.095237	-0.024329	0.027455	0.091074	0.109636	0.989791	0.584747	-0.810418	0.035963	0.806087	0.575501	-0.137918
13771	9.739277	0.455355	-1.500888	0.108457	-0.025469	0.024271	0.091425	0.109590	0.989763	0.585589	-0.809827	0.035576	0.805436	0.576342	-0.138213
13772	9.694783	0.490018	-1.515851	0.084534	-0.031321	0.025780	0.091884	0.109540	0.989726	0.586262	-0.809359	0.035150	0.804894	0.577009	-0.138587
13773	9.680916	0.461141	-1.451954	0.044999	-0.029696	0.015623	0.092293	0.109605	0.989681	0.586601	-0.809123	0.034905	0.804600	0.577327	-0.138971
13774	9.689970	0.498557	-1.411473	0.016703	-0.035344	0.021025	0.092757	0.109618	0.989636	0.586733	-0.809040	0.034621	0.804451	0.577440	-0.139361
13775	9.691427	0.514280	-1.363116	-0.005364	-0.030475	0.020337	0.093239	0.109648	0.989588	0.586670	-0.809096	0.034373	0.804441	0.577357	-0.139767
13776	9.712263	0.509361	-1.353717	-0.023828	-0.022441	0.020521	0.093597	0.109590	0.989560	0.586475	-0.809247	0.034150	0.804541	0.577156	-0.140015
13777	9.758182	0.487046	-1.291595	-0.037317	-0.005077	0.019115	0.093967	0.109469	0.989539	0.586183	-0.809470	0.033884	0.804711	0.576866	-0.140232
13778	9.762243	0.420808	-1.315350	-0.044068	0.008529	0.025554	0.094106	0.109192	0.989556	0.585820	-0.809743	0.033640	0.804959	0.576536	-0.140168
13779	9.847006	0.356144	-1.329926	-0.046525	0.019444	0.027130	0.094046	0.108808	0.989604	0.585497	-0.809985	0.033417	0.805201	0.576268	-0.139883
13780	9.797472	0.287568	-1.256790	-0.036700	0.025090	0.027190	0.094060	0.108422	0.989645	0.585192	-0.810217	0.033146	0.805421	0.576015	-0.139657
13781	9.715353	0.214815	-1.227197	-0.039364	0.023274	0.027825	0.094077	0.108085	0.989680	0.584828	-0.810489	0.032922	0.805683	0.575696	-0.139460
13782	9.650570	0.103880	-1.289285	-0.042638	0.019962	0.020923	0.094096	0.107779	0.989712	0.584481	-0.810747	0.032721	0.805933	0.575389	-0.139283
13783	9.637430	0.026472	-1.283758	-0.033748	0.024262	0.019476	0.094129	0.107483	0.989741	0.584202	-0.810957	0.032507	0.806131	0.575149	-0.139126
13784	9.605251	0.020702	-1.324960	-0.011519	0.026838	0.023250	0.094105	0.107119	0.989783	0.584104	-0.811038	0.032240	0.806205	0.575102	-0.138892
13785	9.672996	0.096338	-1.420910	0.031690	0.020965	0.021021	0.094079	0.106805	0.989819	0.584378	-0.810852	0.031950	0.806009	0.575423	-0.138699
13786	9.737143	0.186067	-1.556166	0.081805	0.032357	0.018114	0.093981	0.106451	0.989867	0.585037	-0.810391	0.031604	0.805543	0.576138	-0.138439
13787	9.647735	0.242404	-1.628829	0.103833	0.022198	0.020918	0.093887	0.106132	0.989910	0.585901	-0.809780	0.031251	0.804926	0.577055	-0.138211
13788	9.628556	0.310064	-1.524593	0.091056	0.002294	0.016349	0.094021	0.105966	0.989915	0.586635	-0.809262	0.030910	0.804376	0.577812	-0.138250
13789	9.657299	0.375786	-1.456892	0.076537	0.002560	0.019786	0.094344	0.105796	0.989902	0.587258	-0.808826	0.030474	0.803882	0.578453	-0.138438
13790	9.619007	0.364852	-1.441048	0.051810	0.005652	0.019718	0.094472	0.105583	0.989913	0.587672	-0.808537	0.030153	0.803565	0.578896	-0.138432
13791	9.636399	0.272737	-1.444081	0.025092	0.021720	0.020405	0.094499	0.105273	0.989943	0.587899	-0.808384	0.029845	0.803396	0.579166	-0.138281
13792	9.596447	0.143322	-1.453438	0.024233	0.043515	0.025699	0.094358	0.104792	0.990008	0.588086	-0.808260	0.029503	0.803276	0.579426	-0.137893
13793	9.633839	0.180602	-1.451872	0.042410	0.067047	0.028865	0.094079	0.104192	0.990098	0.588384	-0.808057	0.029127	0.803090	0.579817	-0.137326
13794	9.646806	0.285258	-1.435927	0.059318	0.094927	0.030184	0.093552	0.103377	0.990233	0.588848	-0.807734	0.028693	0.802811	0.580412	-0.136438
13795	9.653829	0.436065	-1.294718	0.067810	0.120576	0.032094	0.092895	0.102420	0.990394	0.589380	-0.807363	0.028210	0.802497	0.581098	-0.135364
13796	9.668369	0.658882	-1.096381	0.042424	0.129555	0.037636	0.092135	0.101342	0.990576	0.589702	-0.807145	0.027727	0.802348	0.581590	-0.134128
13797	9.740034	0.768081	-0.928926	-0.015664	0.126077	0.034986	0.091342	0.100237	0.990762	0.589677	-0.807178	0.027299	0.802458	0.581735	-0.132837
13798	9.817487	0.712781	-1.062420	-0.064900	0.121636	0.033004	0.090618	0.099243	0.990929	0.589142	-0.807578	0.027004	0.802932	0.581351	-0.131649
13799	9.736044	0.622857	-1.226298	-0.089649	0.101346	0.030241	0.090006	0.098442	0.991064	0.588365	-0.808150	0.026840	0.803570	0.580692	-0.130658
13800	9.700943	0.563369	-1.416437	-0.099259	0.061360	0.030020	0.089746	0.097823	0.991149	0.587557	-0.808745	0.026618	0.804191	0.579968	-0.130058
13801	9.792563	0.502540	-1.485729	-0.089185	0.032616	0.029969	0.089680	0.097469	0.991190	0.586724	-0.809353	0.026503	0.804806	0.579178	-0.129770
13802	9.811406	0.461714	-1.573274	-0.063918	0.031261	0.033462	0.089681	0.096997	0.991236	0.586196	-0.809745	0.026201	0.805190	0.578709	-0.129478
13803	9.780657	0.372525	-1.537940	-0.067900	0.055005	0.029639	0.089539	0.096447	0.991303	0.585643	-0.810154	0.025924	0.805608	0.578228	-0.129024
13804	9.690571	0.278829	-1.497739	-0.085224	0.069433	0.033166	0.089231	0.095756	0.991397	0.584943	-0.810668	0.025652	0.806151	0.577622	-0.128349
13805	9.610211	0.258873	-1.158489	-0.096760	0.087044	0.033560	0.088846	0.095026	0.991502	0.584116	-0.811272	0.025411	0.806793	0.576894	-0.127584
13806	9.632443	0.287364	-0.883243	-0.121149	0.100163	0.037279	0.088312	0.094125	0.991636	0.583121	-0.811996	0.025143	0.807571	0.576023	-0.126596
13807	9.690596	0.287775	-0.724727	-0.146646	0.119854	0.044285	0.087685	0.093046	0.991793	0.581972	-0.812830	0.024804	0.808467	0.575021	-0.125423
13808	9.821724	0.300700	-0.686110	-0.151708	0.126489	0.045265	0.086982	0.091930	0.991959	0.580722	-0.813733	0.024491	0.809442	0.573923	-0.124167
13809	9.803698	0.184494	-0.622395	-0.143084	0.149340	0.050311	0.086166	0.090625	0.992151	0.579600	-0.814546	0.024065	0.810333	0.572977	-0.122712
13810	9.710501	0.187079	-0.688594	-0.112919	0.149492	0.053426	0.085321	0.089312	0.992343	0.578656	-0.815230	0.023620	0.811097	0.572210	-0.121237
13811	9.700173	0.308472	-0.717182	-0.074510	0.122576	0.063957	0.084764	0.088128	0.992496	0.577968	-0.815733	0.023071	0.811645	0.571675	-0.120080
13812	9.777379	0.501836	-0.681032	-0.029787	0.112311	0.053922	0.084222	0.087025	0.992640	0.577697	-0.815940	0.022518	0.811894	0.571549	-0.118994
13813	9.809712	0.633380	-0.634798	-0.002948	0.124804	0.054039	0.083664	0.085926	0.992783	0.577579	-0.816039	0.021955	0.812036	0.571574	-0.117902
13814	9.861029	0.793845	-0.562205	0.009046	0.146687	0.045593	0.082794	0.084694	0.992961	0.577632	-0.816016	0.021439	0.812088	0.571791	-0.116483
13815	9.881776	0.835290	-0.470754	-0.010096	0.156004	0.044832	0.081857	0.083450	0.993144	0.577514	-0.816111	0.020975	0.812266	0.571838	-0.114998
13816	9.895464	0.805759	-0.434648	-0.031306	0.170851	0.041677	0.080768	0.082112	0.993345	0.577243	-0.816314	0.020544	0.812568	0.571742	-0.113330
13817	9.900897	0.754866	-0.389686	-0.061866	0.182178	0.037441	0.079552	0.080706	0.993558	0.576793	-0.816641	0.020153	0.813007	0.571475	-0.111516
13818	9.893238	0.712328	-0.415613	-0.084272	0.182379	0.040129	0.078358	0.079316	0.993765	0.576094	-0.817144	0.019795	0.813619	0.570951	-0.109723
13819	9.966706	0.704653	-0.326787	-0.082189	0.190323	0.040851	0.077073	0.077915	0.993976	0.575384	-0.817651	0.019478	0.814244	0.570417	-0.107850
13820	9.934366	0.713291	-0.389402	-0.092431	0.231151	0.031448	0.075429	0.076319	0.994226	0.574624	-0.818192	0.019211	0.814934	0.569857	-0.105570
13821	9.788946	0.599839	-0.535619	-0.092812	0.241357	0.047158	0.073826	0.074589	0.994478	0.573810	-0.818772	0.018813	0.815654	0.569252	-0.103246
13822	9.709957	0.461587	-0.513591	-0.085650	0.239872	0.049918	0.072213	0.072795	0.994729	0.573092	-0.819286	0.018352	0.816303	0.568746	-0.100881
13823	9.688202	0.410125	-0.325566	-0.094462	0.235337	0.055062	0.070496	0.071013	0.994981	0.572304	-0.819845	0.017965	0.817006	0.568165	-0.098437
13824	9.682059	0.418450	-0.100352	-0.111221	0.230677	0.059783	0.069010	0.069193	0.995214	0.571371	-0.820507	0.017426	0.817786	0.567433	-0.096158
13825	9.622272	0.442030	0.026375	-0.118772	0.211086	0.065133	0.067523	0.067425	0.995437	0.570426	-0.821175	0.016928	0.818569	0.566680	-0.093909
13826	9.668585	0.531876	0.233488	-0.121896	0.193142	0.076126	0.066432	0.065685	0.995627	0.569395	-0.821904	0.016231	0.819376	0.565826	-0.092001
13827	9.803864	0.644216	0.536165	-0.137135	0.181833	0.071573	0.065398	0.064041	0.995802	0.568257	-0.822704	0.015589	0.820248	0.564852	-0.090195
13828	9.964916	0.673428	0.958145	-0.151513	0.195685	0.072785	0.064263	0.062316	0.995985	0.566984	-0.823593	0.014947	0.821218	0.563747	-0.088259
13829	10.071395	0.752902	1.482187	-0.156770	0.252702	0.054749	0.062420	0.060440	0.996218	0.565669	-0.824504	0.014579	0.822267	0.562619	-0.085654
13830	10.057981	0.776694	2.041722	-0.193734	0.341677	0.035373	0.059864	0.058207	0.996508	0.564071	-0.825602	0.014338	0.823553	0.561243	-0.082257
13831	10.160033	0.774955	2.507033	-0.261945	0.444452	0.003737	0.056275	0.055615	0.996865	0.561968	-0.827033	0.014416	0.825242	0.559395	-0.077796
13832	10.288315	0.726265	2.875141	-0.319312	0.576636	-0.029944	0.051400	0.052623	0.997291	0.559365	-0.828788	0.014902	0.827326	0.557083	-0.072035
13833	10.344797	0.737308	3.194500	-0.361257	0.748424	-0.063802	0.044853	0.048949	0.997794	0.556404	-0.830763	0.015743	0.829700	0.554470	-0.064498
13834	10.246732	0.808774	3.544405	-0.374139	0.941913	-0.097728	0.036541	0.044530	0.998340	0.553355	-0.832774	0.016891	0.832144	0.551819	-0.055071
13835	10.102917	0.778971	3.886440	-0.364159	1.158089	-0.156981	0.026073	0.039358	0.998885	0.550410	-0.834689	0.018522	0.834487	0.549314	-0.043426
13836	10.030790	0.515815	3.794687	-0.249390	1.320178	-0.161618	0.014215	0.033444	0.999339	0.548380	-0.835986	0.020177	0.836108	0.547731	-0.030223
13837	9.616436	0.416197	3.892636	-0.100591	1.442601	-0.201146	0.000921	0.027121	0.999632	0.547571	-0.836465	0.022190	0.836759	0.547349	-0.015621
13838	9.571603	-0.005414	3.601016	0.030694	1.431691	-0.201823	-0.012106	0.020946	0.999707	0.547838	-0.836235	0.024155	0.836497	0.547970	-0.001351
13839	9.457488	-0.402853	2.728042	0.230627	1.339952	-0.109558	-0.024174	0.014402	0.999604	0.549734	-0.834956	0.025324	0.834990	0.550128	0.012267
13840	9.603140	-1.046143	2.130074	0.380926	1.256161	-0.044521	-0.034837	0.007819	0.999362	0.552920	-0.832835	0.025790	0.832506	0.553466	0.024690
13841	9.757375	-1.564023	1.620267	0.527998	1.187496	0.019143	-0.044747	0.000861	0.998998	0.557365	-0.829870	0.025681	0.829061	0.557956	0.036654
13842	10.576247	-1.824326	0.973350	0.648465	1.049790	0.067575	-0.052995	-0.005606	0.998579	0.562785	-0.826218	0.025228	0.824903	0.563322	0.046940
13843	12.007690	-1.718725	0.868609	0.720133	0.997748	0.041059	-0.060984	-0.011687	0.998070	0.568641	-0.822202	0.025118	0.820322	0.569076	0.056787
13844	12.926965	-1.638796	0.895239	0.780102	1.109145	-0.055869	-0.070318	-0.017597	0.997369	0.575008	-0.817731	0.026112	0.815120	0.575332	0.067620
13845	13.149856	-0.386923	1.135929	0.886946	1.306025	-0.177662	-0.082054	-0.023983	0.996339	0.582145	-0.812590	0.028383	0.808934	0.582343	0.080638
13846	12.563883	0.714131	0.909455	0.785042	1.437471	-0.291376	-0.095289	-0.030058	0.994996	0.588239	-0.808057	0.031924	0.803053	0.588338	0.094680
13847	11.862624	1.414313	0.497523	0.499269	1.473190	-0.379175	-0.109344	-0.035751	0.993361	0.591721	-0.805332	0.036150	0.798693	0.591745	0.109213
13848	11.714012	1.493765	0.138168	0.193504	1.444953	-0.465987	-0.123567	-0.040580	0.991506	0.592747	-0.804347	0.040952	0.795853	0.592773	0.123444
13849	11.846234	1.744492	0.022153	0.065754	1.470842	-0.509684	-0.138356	-0.045234	0.989349	0.592490	-0.804259	0.046086	0.793608	0.592555	0.138074
13850	11.734162	1.804728	-0.080845	-0.038211	1.490530	-0.508039	-0.153122	-0.049993	0.986942	0.591474	-0.804709	0.051004	0.791652	0.591560	0.152788
13851	11.456761	1.498435	-0.077975	-0.102417	1.481911	-0.474503	-0.167650	-0.054898	0.984317	0.589761	-0.805668	0.055515	0.789985	0.589818	0.167447
13852	10.749082	1.283505	-0.202008	-0.098518	1.486301	-0.413960	-0.181759	-0.060337	0.981490	0.588288	-0.806469	0.059366	0.787960	0.588190	0.182078
13853	10.264059	0.922961	-0.199049	-0.151934	1.395793	-0.369341	-0.194834	-0.065613	0.978639	0.586322	-0.807657	0.062579	0.786299	0.585990	0.195830
13854	10.003705	0.380938	-0.108192	-0.174345	1.316215	-0.327273	-0.207033	-0.070688	0.975777	0.584324	-0.808882	0.065380	0.784667	0.583706	0.208769
13855	9.815195	0.235201	0.091316	-0.169864	1.246329	-0.291960	-0.218488	-0.075560	0.972910	0.582284	-0.810149	0.067845	0.783076	0.581334	0.221006
13856	9.770721	0.370003	0.131907	-0.195845	1.165036	-0.247754	-0.228987	-0.080332	0.970109	0.580228	-0.811461	0.069764	0.781601	0.578860	0.232425
13857	9.641033	0.497093	0.235244	-0.288366	1.143697	-0.246323	-0.239338	-0.084943	0.967214	0.577343	-0.813371	0.071432	0.780636	0.575510	0.243711
13858	9.589168	0.767495	0.696278	-0.362168	1.097544	-0.264843	-0.249371	-0.089103	0.964300	0.573901	-0.815661	0.073044	0.780033	0.571628	0.254538
13859	9.565608	1.233751	1.150301	-0.402974	1.043776	-0.283598	-0.259127	-0.092749	0.961380	0.569997	-0.818245	0.074695	0.779716	0.567339	0.264896
13860	9.702825	1.897263	1.471920	-0.501811	1.033986	-0.277151	-0.268707	-0.096340	0.958392	0.565384	-0.821323	0.075958	0.779831	0.562270	0.275164
13861	9.527208	2.226007	1.652222	-0.718564	1.091700	-0.251487	-0.278534	-0.100318	0.955173	0.558993	-0.825655	0.076290	0.780990	0.555184	0.286050
13862	9.182476	1.849402	1.709128	-0.940076	1.090863	-0.235079	-0.288315	-0.104402	0.951827	0.551008	-0.831055	0.075749	0.783112	0.546304	0.297132
13863	8.811233	1.256952	1.683402	-1.103700	1.085476	-0.228142	-0.298007	-0.108346	0.948395	0.541628	-0.837307	0.074537	0.786022	0.535889	0.308207
13864	8.442651	0.553232	1.832634	-1.194710	1.089142	-0.213595	-0.307677	-0.112351	0.944834	0.531606	-0.843860	0.072768	0.789133	0.524668	0.319363
13865	8.147088	-0.050758	1.987167	-1.216282	1.105235	-0.183918	-0.317276	-0.116353	0.941168	0.521315	-0.850438	0.070603	0.792191	0.513046	0.330480
13866	8.003959	-0.404787	2.124820	-1.233563	1.100024	-0.160272	-0.326779	-0.120590	0.937376	0.511044	-0.856866	0.067923	0.795015	0.501236	0.341633
13867	7.922189	-0.770221	2.119105	-1.199351	1.064072	-0.131985	-0.335787	-0.124829	0.933630	0.500998	-0.863019	0.064800	0.797651	0.489506	0.352330
13868	7.791443	-0.767936	2.206419	-1.106836	0.994918	-0.110754	-0.344230	-0.128714	0.930021	0.491817	-0.868500	0.061837	0.799763	0.478687	0.362267
13869	7.729940	-0.924901	2.298592	-0.994804	0.929171	-0.072075	-0.352010	-0.132605	0.926555	0.483629	-0.873299	0.058753	0.801369	0.468791	0.371542
13870	7.607512	-0.845548	2.560018	-0.864983	0.866117	-0.022262	-0.359010	-0.136462	0.923304	0.476650	-0.877329	0.055669	0.802444	0.460079	0.380014
13871	7.398822	-1.475661	2.564443	-0.783034	0.818429	0.009921	-0.365398	-0.140207	0.920232	0.470310	-0.880937	0.052527	0.803301	0.451988	0.387833
13872	7.200979	-1.450659	2.873617	-0.533203	0.754826	0.046987	-0.371188	-0.144042	0.917318	0.466239	-0.883247	0.049969	0.803020	0.446237	0.395008
13873	7.306469	-1.829108	2.354021	-0.334379	0.656630	0.048647	-0.376270	-0.147380	0.914713	0.463789	-0.884631	0.048248	0.802073	0.442388	0.401213
13874	7.214632	-1.336661	2.502278	-0.069991	0.647014	0.055525	-0.381143	-0.150758	0.912142	0.463477	-0.884839	0.047420	0.799950	0.440830	0.407123
13875	7.160526	-0.910419	2.842289	0.007605	0.602830	0.066066	-0.385718	-0.154018	0.909671	0.463864	-0.884664	0.046903	0.797529	0.440055	0.412674
13876	7.334947	-0.392399	3.241936	0.083321	0.537080	0.124246	-0.389365	-0.157510	0.907516	0.465047	-0.884086	0.046083	0.795063	0.439981	0.417482
13877	7.639460	0.123501	3.650825	0.076352	0.464142	0.167593	-0.392248	-0.161371	0.905594	0.466273	-0.883520	0.044524	0.792925	0.439719	0.421802
13878	7.965382	0.574024	4.031463	-0.005737	0.408904	0.193238	-0.394534	-0.164906	0.903963	0.467027	-0.883211	0.042713	0.791346	0.439027	0.425472
13879	8.030713	0.837027	4.255235	-0.098279	0.357696	0.189380	-0.396527	-0.168317	0.902461	0.467031	-0.883315	0.040460	0.790347	0.437521	0.428867
13880	7.910855	1.013785	4.472930	-0.242669	0.300652	0.138818	-0.398204	-0.170887	0.901239	0.465704	-0.884119	0.038126	0.790287	0.434892	0.431642
13881	7.871481	0.865264	4.624848	-0.470678	0.237069	0.092301	-0.399672	-0.172618	0.900259	0.462399	-0.885965	0.035406	0.791486	0.430429	0.433913
13882	7.942069	0.601168	5.115271	-0.623311	0.285735	0.068621	-0.401569	-0.174479	0.899055	0.457774	-0.888491	0.032038	0.793212	0.424429	0.436662
13883	7.909897	0.548347	5.659952	-0.636748	0.380274	0.097309	-0.404127	-0.176940	0.897426	0.453109	-0.891004	0.028369	0.794591	0.418096	0.440252
13884	7.705921	0.529858	6.108613	-0.674836	0.376882	0.149252	-0.406401	-0.179867	0.895816	0.448385	-0.893518	0.024011	0.796109	0.411429	0.443776
13885	7.507711	0.375381	6.346919	-0.777667	0.305368	0.180561	-0.408055	-0.183012	0.894426	0.442889	-0.896383	0.018642	0.798336	0.403738	0.446827
13886	7.322936	0.181472	6.563116	-0.831160	0.230297	0.199562	-0.408968	-0.185759	0.893442	0.437097	-0.899319	0.013098	0.801057	0.395877	0.448987
13887	7.231082	0.071355	7.204741	-0.829315	0.207965	0.199526	-0.409758	-0.188483	0.892509	0.431206	-0.902223	0.007436	0.803841	0.387902	0.450968
13888	7.232371	-0.005203	7.836149	-0.738865	0.281831	0.184257	-0.411186	-0.191265	0.891260	0.426055	-0.904694	0.002414	0.805856	0.380718	0.453487
13889	7.481356	-0.092089	8.024290	-0.567433	0.365953	0.148122	-0.413514	-0.194144	0.889558	0.422023	-0.906584	-0.001681	0.806785	0.374719	0.456818
13890	7.267635	-0.451462	7.934560	-0.425611	0.379871	0.098864	-0.416114	-0.196492	0.887829	0.419039	-0.907957	-0.004548	0.807004	0.370142	0.460151
13891	7.002910	-0.902561	7.520714	-0.390753	0.318513	0.035203	-0.418473	-0.198217	0.886336	0.415839	-0.909411	-0.007044	0.807440	0.365625	0.462990
13892	7.189599	-1.120352	7.259781	-0.287587	0.295707	0.003099	-0.420798	-0.199358	0.884978	0.413570	-0.910433	-0.008445	0.807396	0.362447	0.465557
13893	7.272588	-1.251624	6.736436	-0.119052	0.328116	-0.005188	-0.423459	-0.200485	0.883452	0.412496	-0.910915	-0.008998	0.806554	0.360611	0.468434
13894	7.132514	-1.504093	6.114067	0.006771	0.287233	-0.010957	-0.425770	-0.201458	0.882120	0.412545	-0.910894	-0.008908	0.805312	0.360121	0.470941
13895	6.827744	-2.002955	5.548128	0.110002	0.209788	-0.027388	-0.427670	-0.202108	0.881051	0.413287	-0.910563	-0.008265	0.803923	0.360592	0.472949
13896	6.789406	-2.125329	4.998774	0.313482	0.134465	-0.047471	-0.428897	-0.202200	0.880433	0.415641	-0.909506	-0.006401	0.802054	0.363199	0.474127
13897	6.980105	-1.967665	4.764046	0.537472	0.063620	-0.071837	-0.429721	-0.201905	0.880099	0.419490	-0.907753	-0.003427	0.799605	0.367720	0.474778
13898	7.217868	-1.527830	4.786133	0.696732	-0.008455	-0.082362	-0.429952	-0.201164	0.880156	0.424737	-0.905317	0.000567	0.796705	0.374079	0.474685
13899	7.458087	-1.074882	4.744870	0.768008	-0.075563	-0.117245	-0.429985	-0.199931	0.880421	0.430332	-0.902656	0.005188	0.793680	0.381104	0.474165
13900	7.389048	-0.544913	4.724601	0.780552	-0.120039	-0.150171	-0.429635	-0.198153	0.880994	0.435910	-0.899933	0.010168	0.790820	0.388403	0.473019
13901	7.246189	-0.164710	4.658821	0.748044	-0.187969	-0.199809	-0.429061	-0.195780	0.881803	0.440808	-0.897472	0.015226	0.788413	0.395239	0.471372
13902	7.168171	0.113173	4.552493	0.713831	-0.262288	-0.250652	-0.428057	-0.192525	0.883007	0.445394	-0.895094	0.020754	0.786379	0.402170	0.468900
13903	7.259518	0.476910	4.516800	0.684377	-0.351695	-0.299380	-0.426691	-0.188800	0.884471	0.449303	-0.892997	0.026135	0.784896	0.408547	0.465862
13904	7.946771	0.942973	5.011002	0.577743	-0.431239	-0.360628	-0.424883	-0.183845	0.886383	0.452339	-0.891273	0.031967	0.784132	0.414528	0.461847
13905	9.585177	1.389752	5.904613	0.398440	-0.427325	-0.420651	-0.423561	-0.178341	0.888139	0.453683	-0.890370	0.037576	0.784071	0.418849	0.458037
13906	10.540501	1.614928	6.938787	0.172036	-0.335834	-0.508973	-0.423184	-0.172436	0.889484	0.452917	-0.890523	0.042844	0.784718	0.420993	0.454954
13907	11.002113	1.769905	8.043747	-0.013485	-0.282609	-0.524111	-0.423485	-0.166750	0.890424	0.450557	-0.891492	0.047335	0.785913	0.421233	0.452663
13908	11.695896	1.674755	9.034044	-0.184242	-0.252893	-0.491949	-0.423653	-0.161333	0.891342	0.447062	-0.893057	0.050844	0.787816	0.420025	0.450472
13909	11.632010	1.365899	9.333242	-0.167643	-0.198608	-0.484736	-0.424335	-0.156118	0.891946	0.443643	-0.894546	0.054486	0.789380	0.418826	0.448847
13910	10.176941	1.045384	9.150912	-0.115887	-0.270648	-0.464129	-0.424199	-0.150868	0.892913	0.440797	-0.895727	0.058067	0.791046	0.418225	0.446468
13911	9.113699	0.597129	8.905499	-0.230517	-0.494769	-0.413817	-0.422081	-0.145307	0.894837	0.436982	-0.897441	0.060388	0.794289	0.416516	0.442289
13912	8.845422	-0.163097	7.652581	-0.327783	-0.636774	-0.332807	-0.418408	-0.139709	0.897450	0.433011	-0.899261	0.061887	0.798396	0.414500	0.436754
13913	8.436950	-0.965411	6.000813	-0.278588	-0.698529	-0.237824	-0.413891	-0.134755	0.900297	0.429623	-0.900831	0.062675	0.802570	0.412729	0.430740
13914	7.934451	-1.716066	3.913061	-0.116417	-0.851202	-0.155600	-0.407660	-0.129878	0.903850	0.428085	-0.901502	0.063537	0.806571	0.412827	0.423105
13915	7.361446	-2.268862	1.290282	0.122520	-1.038072	-0.138026	-0.399854	-0.124845	0.908037	0.428164	-0.901388	0.064612	0.810427	0.414624	0.413877
13916	7.070713	-2.720201	-0.972512	0.476576	-1.179684	-0.216091	-0.391156	-0.118014	0.912726	0.431215	-0.899647	0.068478	0.813050	0.420367	0.402792
13917	7.182546	-2.953798	-2.275327	0.806624	-1.252065	-0.345623	-0.382512	-0.110038	0.917375	0.436175	-0.896789	0.074300	0.814516	0.428557	0.391029
13918	7.950164	-2.760140	-1.436203	1.126836	-1.229710	-0.454197	-0.374445	-0.100676	0.921767	0.443669	-0.892361	0.082765	0.814217	0.439950	0.378807
13919	8.366761	-1.892561	-0.352607	1.322552	-1.113148	-0.516748	-0.367714	-0.091404	0.925436	0.452280	-0.887109	0.092091	0.812545	0.452419	0.367542
13920	8.859125	-0.303093	-0.767759	1.698259	-1.184577	-0.498940	-0.360344	-0.081582	0.929245	0.464268	-0.879709	0.102801	0.809078	0.468463	0.354873
13921	9.640778	2.045730	-0.659350	1.768207	-1.521163	-0.390321	-0.349943	-0.071531	0.934036	0.476927	-0.871788	0.111920	0.806276	0.484633	0.339191
13922	10.518195	2.910694	-1.530323	1.480095	-1.883209	-0.291242	-0.336117	-0.059782	0.939921	0.487890	-0.864691	0.119473	0.805599	0.498734	0.319804
13923	11.407576	3.294794	-2.480276	1.353393	-1.944118	-0.154520	-0.321120	-0.048891	0.945776	0.498025	-0.858145	0.124733	0.805515	0.511074	0.299916
13924	10.887106	3.219508	-1.777054	1.245817	-1.787157	-0.071377	-0.307034	-0.039084	0.950896	0.507862	-0.851728	0.128975	0.804864	0.522524	0.281359
13925	10.063857	3.526119	-0.827468	0.981793	-1.776244	-0.036772	-0.292736	-0.029783	0.955729	0.515307	-0.846865	0.131446	0.805459	0.530973	0.263255
13926	10.326795	3.729211	-0.577396	0.629527	-1.806669	0.014425	-0.278037	-0.020298	0.960356	0.520453	-0.843493	0.132850	0.807357	0.536757	0.245086
13927	10.640274	3.688419	-0.510997	0.276296	-1.769084	0.046980	-0.263319	-0.011520	0.964640	0.522542	-0.842242	0.132580	0.810933	0.538976	0.227798
13928	10.418225	3.046650	-0.389604	-0.035749	-1.694560	0.080637	-0.249061	-0.003108	0.968483	0.522484	-0.842422	0.131662	0.815462	0.538809	0.211438
13929	10.165192	2.377245	-0.312076	-0.251080	-1.625298	0.129814	-0.234963	0.004330	0.971995	0.520574	-0.843923	0.129599	0.820850	0.536446	0.196036
13930	9.999897	1.832141	-0.381278	-0.376562	-1.592297	0.184867	-0.220831	0.011243	0.975247	0.517918	-0.845946	0.127028	0.826435	0.533150	0.180988
13931	9.932567	1.524235	-0.675290	-0.404621	-1.527358	0.236667	-0.206910	0.017077	0.978211	0.514998	-0.848214	0.123739	0.831845	0.529379	0.166709
13932	9.715546	1.353857	-0.699640	-0.414678	-1.445284	0.253697	-0.193492	0.022504	0.980844	0.512068	-0.850447	0.120528	0.836868	0.525579	0.153031
13933	9.675516	1.463640	-0.570121	-0.350746	-1.373459	0.239841	-0.180588	0.027361	0.983178	0.509399	-0.852499	0.117290	0.841368	0.522012	0.140013
13934	9.537291	1.989234	-0.301107	-0.232598	-1.391387	0.240141	-0.167578	0.032516	0.985322	0.507876	-0.853780	0.114552	0.844973	0.519618	0.126561
13935	9.924162	2.379330	-0.205194	-0.117415	-1.408482	0.211193	-0.154518	0.037657	0.987272	0.507134	-0.854564	0.111966	0.847903	0.517980	0.112948
13936	9.803541	2.629087	-0.055558	-0.102264	-1.407703	0.159955	-0.141697	0.043527	0.988953	0.506520	-0.855155	0.110212	0.850505	0.516541	0.099125
13937	9.667972	2.487115	0.016747	-0.120720	-1.420434	0.118370	-0.129120	0.049494	0.990393	0.505781	-0.855785	0.108707	0.852944	0.514959	0.085466
13938	9.579134	2.271166	0.026580	-0.143992	-1.452992	0.105509	-0.116119	0.056013	0.991655	0.504697	-0.856580	0.107482	0.855452	0.512966	0.071195
13939	9.467482	2.289245	0.147733	-0.148924	-1.452821	0.133458	-0.103010	0.062077	0.992741	0.503597	-0.857427	0.105871	0.857775	0.510848	0.057062
13940	9.310309	1.835626	0.171285	-0.251031	-1.440692	0.142193	-0.089862	0.068149	0.993620	0.501592	-0.858798	0.104266	0.860424	0.507761	0.042991
13941	9.460303	1.455412	0.265112	-0.297401	-1.394647	0.176240	-0.076920	0.073607	0.994317	0.499174	-0.860440	0.102312	0.863081	0.504207	0.029442
13942	9.900710	0.827621	0.215906	-0.414806	-1.353526	0.225632	-0.064039	0.078410	0.994862	0.495759	-0.862695	0.099905	0.866096	0.499610	0.016373
13943	9.622205	0.385392	0.461381	-0.457328	-1.295427	0.304104	-0.051457	0.082316	0.995277	0.492144	-0.865094	0.096994	0.868992	0.494810	0.004004
13944	9.585770	0.086371	0.502225	-0.499271	-1.344581	0.321392	-0.038122	0.086102	0.995557	0.487952	-0.867822	0.093739	0.872038	0.489358	-0.008930
13945	9.810254	0.236480	0.320306	-0.390403	-1.376229	0.336062	-0.024570	0.089799	0.995657	0.484736	-0.869974	0.090425	0.874315	0.484853	-0.022154
13946	9.860548	0.238758	0.170148	-0.274721	-1.397497	0.316232	-0.010756	0.093748	0.995538	0.482397	-0.871593	0.087288	0.875887	0.481184	-0.035849
13947	9.855404	0.231827	0.138639	-0.056000	-1.411700	0.272975	0.002753	0.097933	0.995189	0.482082	-0.872044	0.084481	0.876122	0.479530	-0.049613
13948	10.030171	0.024860	0.133691	0.210285	-1.458531	0.242358	0.016748	0.102770	0.994564	0.483906	-0.871281	0.081882	0.874960	0.479904	-0.064323
13949	10.108231	-0.128244	0.104382	0.579939	-1.515450	0.242911	0.030964	0.107888	0.993681	0.489061	-0.868658	0.079074	0.871700	0.483522	-0.079660
13950	9.907294	-0.459707	-0.187168	0.962443	-1.555701	0.236610	0.045705	0.113364	0.992502	0.497340	-0.864237	0.075811	0.866351	0.490146	-0.095880
13951	9.462300	-0.552741	-0.189686	1.280012	-1.591800	0.212455	0.060446	0.118919	0.991062	0.508330	-0.858150	0.071967	0.859038	0.499437	-0.112321
13952	9.192701	-0.527505	-0.253661	1.298341	-1.630610	0.188876	0.075416	0.125475	0.989226	0.519308	-0.851841	0.068459	0.851253	0.508550	-0.129403
13953	9.341104	-0.341070	-0.725601	1.224689	-1.620981	0.170972	0.089913	0.131889	0.987178	0.529676	-0.845725	0.064747	0.843421	0.517063	-0.145900
13954	9.558828	0.373068	-1.364666	1.126999	-1.531264	0.181673	0.103798	0.138286	0.984938	0.538963	-0.840107	0.061153	0.835910	0.524498	-0.161732
13955	9.557001	1.358909	-1.801589	0.945574	-1.429254	0.221886	0.116714	0.143842	0.982694	0.546754	-0.835328	0.057333	0.829119	0.530600	-0.176140
13956	9.527552	2.577011	-2.017619	0.646774	-1.365064	0.267946	0.129525	0.148828	0.980344	0.551767	-0.832283	0.053450	0.823879	0.533999	-0.189920
13957	9.759525	3.472945	-2.014758	0.294794	-1.361008	0.290391	0.142204	0.153496	0.977863	0.553833	-0.831130	0.049923	0.820394	0.534474	-0.203201
13958	9.990294	3.718478	-1.659368	-0.026396	-1.250156	0.259433	0.153942	0.157961	0.975372	0.553229	-0.831681	0.047375	0.818682	0.532311	-0.215420
13959	9.728278	3.354596	-1.259116	-0.283488	-1.070172	0.186952	0.163475	0.161863	0.973178	0.550757	-0.833392	0.046097	0.818500	0.528449	-0.225386
13960	9.308789	2.539015	-0.919276	-0.422171	-0.980060	0.107189	0.172145	0.166076	0.970971	0.547114	-0.835796	0.045957	0.819166	0.523321	-0.234740
13961	9.167038	1.512989	-0.661815	-0.445626	-1.003519	0.063669	0.180667	0.170539	0.968647	0.543381	-0.838212	0.046226	0.819815	0.517993	-0.244104
13962	9.301253	0.332461	-0.809937	-0.379088	-1.028328	0.046950	0.189407	0.175398	0.966106	0.540179	-0.840257	0.046647	0.819958	0.513035	-0.253897
13963	9.310241	-0.737176	-1.225035	-0.234661	-1.047068	0.054131	0.198125	0.179915	0.963523	0.538295	-0.841476	0.046439	0.819137	0.509459	-0.263565
13964	9.371780	-1.448864	-1.393106	-0.057896	-1.130817	0.072938	0.207824	0.184999	0.960513	0.537664	-0.841913	0.045823	0.817145	0.506910	-0.274437
13965	9.508269	-1.699978	-1.382661	0.097515	-1.237185	0.119137	0.218341	0.189875	0.957222	0.538368	-0.841554	0.044130	0.813933	0.505703	-0.285968
13966	9.673991	-1.286876	-1.105508	0.242266	-1.316840	0.168736	0.229995	0.195062	0.953443	0.539945	-0.840664	0.041740	0.809667	0.505207	-0.298672
13967	9.952498	-0.563370	-0.694790	0.323392	-1.315358	0.197042	0.241377	0.199677	0.949666	0.542246	-0.839330	0.038654	0.804802	0.505623	-0.310869
13968	10.002084	0.438230	-0.444735	0.395785	-1.194827	0.195400	0.252079	0.204035	0.945952	0.544926	-0.837733	0.035480	0.799695	0.506530	-0.322359
13969	9.822214	1.496573	-0.221744	0.463662	-1.079967	0.180202	0.261460	0.207665	0.942610	0.548171	-0.835751	0.032073	0.794448	0.508326	-0.332351
13970	9.683482	2.563822	-0.181227	0.519905	-1.004206	0.153363	0.270307	0.211451	0.939267	0.551864	-0.833436	0.028807	0.788911	0.510561	-0.341976
13971	9.806706	3.276495	-0.416995	0.509025	-0.962503	0.100175	0.278167	0.215263	0.936101	0.555779	-0.830926	0.025924	0.783411	0.513054	-0.350775
13972	10.238232	3.284675	-0.952246	0.467217	-0.862959	0.026623	0.285109	0.219427	0.933040	0.559335	-0.828595	0.023948	0.778368	0.515055	-0.358973
13973	10.586540	3.006688	-1.368694	0.476198	-0.717047	-0.010304	0.290441	0.222958	0.930556	0.562959	-0.826186	0.022243	0.773771	0.517404	-0.365475
13974	10.633013	2.455802	-1.765031	0.519435	-0.569977	-0.029181	0.294728	0.226106	0.928446	0.567033	-0.823439	0.020533	0.769161	0.520408	-0.370900
13975	10.603600	1.952208	-1.935133	0.574124	-0.449514	-0.047087	0.297645	0.228694	0.926880	0.571607	-0.820311	0.018842	0.764639	0.524203	-0.374884
13976	10.596050	1.395383	-1.815749	0.549670	-0.411211	-0.068552	0.300441	0.231368	0.925313	0.575984	-0.817277	0.017337	0.760248	0.527757	-0.378808
13977	10.738678	0.893534	-1.546655	0.496465	-0.429870	-0.092618	0.302943	0.234130	0.923801	0.580127	-0.814366	0.016153	0.756094	0.531028	-0.382532
13978	11.001853	0.350712	-1.064828	0.483280	-0.436617	-0.125781	0.305558	0.237427	0.922097	0.584134	-0.811511	0.015387	0.751945	0.533927	-0.386653
13979	11.323240	0.031202	-0.372982	0.532151	-0.455252	-0.145323	0.307796	0.240770	0.920484	0.588629	-0.808272	0.014591	0.747515	0.537332	-0.390507
13980	12.016986	-0.153965	0.242123	0.584080	-0.452714	-0.163890	0.310255	0.244482	0.918678	0.593467	-0.804741	0.013736	0.742657	0.540944	-0.394767
13981	12.603988	-0.365592	0.471779	0.756030	-0.360986	-0.184229	0.311682	0.247779	0.917311	0.599732	-0.800106	0.012344	0.737005	0.546293	-0.397980
13982	12.749134	-0.322295	0.896845	1.080801	-0.267513	-0.187921	0.312565	0.250699	0.916217	0.608224	-0.793706	0.009683	0.729635	0.554238	-0.400566
