// General information: 
//  MT Manager version: 2022.2.0 
//  XDA version: 2022.2.0 build 7381 rev 124627 built on 2023-07-19
// Device information: 
//  DeviceId: 00B4CAF0
//  ProductCode: MTW2-3A7G6
//  Firmware Version: 4.6.0
//  Hardware Version: 2.0.0
// Device settings: 
//  Filter Profile: human(46.1)
//  Option Flags: Orientation Smoother Disabled, Position/Velocity Smoother Disabled, Continuous Zero Rotation Update Disabled, AHS Disabled, ICC Disabled
// Coordinate system: ENU
PacketCounter	Acc_X	Acc_Y	Acc_Z	Gyr_X	Gyr_Y	Gyr_Z	Mat[1][1]	Mat[2][1]	Mat[3][1]	Mat[1][2]	Mat[2][2]	Mat[3][2]	Mat[1][3]	Mat[2][3]	Mat[3][3]
04750	5.850548	-0.428134	8.318745	0.004620	0.005121	0.003163	-0.776375	-0.256374	0.575772	0.286397	-0.957273	-0.040064	0.561443	0.133795	0.816628
04751	5.818771	-0.472339	8.294253	0.003638	0.001939	0.000664	-0.776378	-0.256360	0.575775	0.286385	-0.957277	-0.040058	0.561446	0.133793	0.816626
04752	5.844239	-0.418695	8.286267	0.004285	0.001374	0.003176	-0.776368	-0.256367	0.575786	0.286414	-0.957269	-0.040032	0.561445	0.133833	0.816620
04753	5.829619	-0.457467	8.278291	0.002681	0.001159	0.002530	-0.776359	-0.256420	0.575774	0.286458	-0.957255	-0.040059	0.561434	0.133835	0.816627
04754	5.825204	-0.423094	8.342987	0.004812	0.000645	0.001936	-0.776348	-0.256415	0.575791	0.286480	-0.957250	-0.040022	0.561438	0.133882	0.816617
04755	5.846483	-0.451599	8.295036	0.002251	-0.000350	0.003157	-0.776302	-0.256404	0.575857	0.286459	-0.957255	-0.040054	0.561512	0.133865	0.816568
04756	5.832713	-0.432573	8.302758	0.006751	0.004607	0.002568	-0.776312	-0.256410	0.575842	0.286497	-0.957246	-0.040005	0.561479	0.133920	0.816582
04757	5.824699	-0.422554	8.343367	-0.000096	0.002239	0.000613	-0.776320	-0.256387	0.575841	0.286459	-0.957256	-0.040018	0.561487	0.133888	0.816582
04758	5.845877	-0.451089	8.295491	0.004812	0.000645	0.001936	-0.776310	-0.256382	0.575857	0.286482	-0.957251	-0.039981	0.561490	0.133935	0.816572
04759	5.834572	-0.465411	8.311804	0.004190	0.003613	0.003789	-0.776341	-0.256448	0.575786	0.286549	-0.957231	-0.039980	0.561413	0.133953	0.816622
04760	5.840152	-0.474255	8.344824	0.003113	0.002669	0.001904	-0.776342	-0.256445	0.575786	0.286562	-0.957228	-0.039957	0.561405	0.133978	0.816623
04761	5.831633	-0.431871	8.303553	0.002155	0.001889	0.003770	-0.776336	-0.256414	0.575807	0.286528	-0.957238	-0.039957	0.561430	0.133964	0.816609
04762	5.859532	-0.411795	8.304170	0.001509	0.002454	0.001258	-0.776338	-0.256405	0.575809	0.286526	-0.957239	-0.039943	0.561429	0.133975	0.816608
04763	5.844801	-0.450589	8.296276	0.003113	0.002669	0.001904	-0.776281	-0.256474	0.575856	0.286567	-0.957224	-0.040021	0.561487	0.133954	0.816571
04764	5.836821	-0.440704	8.336848	0.000982	0.003183	0.002498	-0.776282	-0.256477	0.575851	0.286572	-0.957222	-0.040019	0.561482	0.133957	0.816574
04765	5.813747	-0.437227	8.287554	0.003113	0.002669	0.001904	-0.776293	-0.256499	0.575828	0.286592	-0.957216	-0.040021	0.561457	0.133960	0.816591
04766	5.874716	-0.463617	8.305819	0.005459	0.000080	0.004448	-0.776272	-0.256517	0.575848	0.286637	-0.957204	-0.039994	0.561463	0.134014	0.816578
04767	5.830495	-0.431283	8.304383	0.003639	0.001939	0.000664	-0.776297	-0.256467	0.575837	0.286603	-0.957216	-0.039951	0.561446	0.134023	0.816588
04768	5.819231	-0.445435	8.320672	0.005770	0.001424	0.000070	-0.776296	-0.256444	0.575848	0.286616	-0.957215	-0.039895	0.561441	0.134077	0.816583
04769	5.836121	-0.439554	8.337398	0.003208	0.000430	0.001291	-0.776262	-0.256426	0.575903	0.286588	-0.957222	-0.039918	0.561503	0.134060	0.816543
04770	5.854882	-0.434708	8.280913	0.002035	0.001724	0.000019	-0.776262	-0.256403	0.575911	0.286580	-0.957226	-0.039893	0.561506	0.134077	0.816538
04771	5.847120	-0.424710	8.321331	0.002777	-0.001079	0.001918	-0.776299	-0.256312	0.575903	0.286514	-0.957248	-0.039822	0.561489	0.134090	0.816547
04772	5.830137	-0.430161	8.304692	0.002682	0.001160	0.002531	-0.776289	-0.256313	0.575916	0.286528	-0.957244	-0.039806	0.561495	0.134115	0.816539
04773	5.849332	-0.457610	8.330132	0.008884	0.004094	0.001974	-0.776316	-0.256223	0.575920	0.286481	-0.957262	-0.039715	0.561482	0.134159	0.816541
04774	5.837391	-0.439430	8.264672	0.000552	0.001675	0.003125	-0.776308	-0.256230	0.575928	0.286488	-0.957260	-0.039719	0.561490	0.134162	0.816535
04775	5.843189	-0.448359	8.297532	0.004382	-0.000864	0.002564	-0.776293	-0.256181	0.575969	0.286455	-0.957271	-0.039693	0.561527	0.134176	0.816508
04776	5.860191	-0.442503	8.314178	0.005339	-0.000085	0.000697	-0.776282	-0.256163	0.575992	0.286470	-0.957269	-0.039644	0.561534	0.134230	0.816493
04777	5.829727	-0.429102	8.305035	0.000215	-0.002073	0.003139	-0.776199	-0.256194	0.576090	0.286463	-0.957267	-0.039741	0.561653	0.134181	0.816420
04778	5.843256	-0.447894	8.297510	0.004718	0.002884	0.002549	-0.776199	-0.256198	0.576088	0.286488	-0.957260	-0.039709	0.561640	0.134221	0.816422
04779	5.856646	-0.466368	8.290102	0.005771	0.001424	0.000070	-0.776239	-0.256256	0.576008	0.286568	-0.957238	-0.039674	0.561544	0.134269	0.816481
04780	5.812536	-0.434051	8.288570	0.001820	-0.001858	0.003785	-0.776209	-0.256265	0.576045	0.286587	-0.957232	-0.039672	0.561575	0.134293	0.816455
04781	5.857660	-0.408379	8.305660	0.005460	0.000082	0.004449	-0.776184	-0.256189	0.576112	0.286532	-0.957251	-0.039637	0.561638	0.134308	0.816409
04782	5.831946	-0.461495	8.313865	0.004167	0.001209	-0.000576	-0.776184	-0.256160	0.576126	0.286530	-0.957253	-0.039591	0.561640	0.134347	0.816402
04783	5.854188	-0.432381	8.281525	0.001294	-0.001127	0.005024	-0.776182	-0.256101	0.576154	0.286480	-0.957269	-0.039567	0.561667	0.134345	0.816383
04784	5.835312	-0.437068	8.338095	0.002683	0.001161	0.002531	-0.776173	-0.256101	0.576166	0.286494	-0.957265	-0.039551	0.561673	0.134370	0.816375
04785	5.829363	-0.428034	8.305346	0.002683	0.001161	0.002531	-0.776158	-0.256197	0.576144	0.286570	-0.957240	-0.039606	0.561656	0.134365	0.816388
04786	5.859797	-0.441246	8.314523	0.002683	0.001161	0.002531	-0.776148	-0.256198	0.576157	0.286584	-0.957237	-0.039590	0.561661	0.134390	0.816380
04787	5.825782	-0.452213	8.281280	0.003209	0.000430	0.001291	-0.776148	-0.256192	0.576160	0.286580	-0.957238	-0.039587	0.561664	0.134391	0.816378
04788	5.847969	-0.423070	8.248982	0.002683	0.001161	0.002531	-0.776138	-0.256193	0.576173	0.286594	-0.957234	-0.039571	0.561670	0.134415	0.816370
04789	5.865441	-0.449895	8.347507	0.002251	-0.000348	0.003158	-0.776115	-0.256193	0.576203	0.286583	-0.957237	-0.039597	0.561708	0.134399	0.816347
04790	5.834831	-0.436674	8.338452	0.000552	0.001676	0.003124	-0.776107	-0.256200	0.576211	0.286590	-0.957234	-0.039602	0.561715	0.134401	0.816341
04791	5.831156	-0.460924	8.314450	0.006755	0.004609	0.002567	-0.776135	-0.256281	0.576138	0.286683	-0.957207	-0.039591	0.561630	0.134441	0.816393
04792	5.828403	-0.427455	8.306049	0.001631	0.002622	0.005009	-0.776126	-0.256308	0.576137	0.286710	-0.957199	-0.039598	0.561627	0.134451	0.816393
04793	5.866407	-0.450698	8.274958	0.002589	0.003400	0.003143	-0.776132	-0.256250	0.576156	0.286650	-0.957217	-0.039588	0.561651	0.134429	0.816381
04794	5.844685	-0.421863	8.323186	0.003452	0.006418	0.001888	-0.776154	-0.256252	0.576125	0.286663	-0.957214	-0.039562	0.561613	0.134448	0.816403
04795	5.851871	-0.431531	8.283207	0.005057	0.006634	0.002534	-0.776201	-0.256219	0.576076	0.286645	-0.957222	-0.039516	0.561557	0.134457	0.816440
04796	5.857282	-0.440376	8.316341	0.000984	0.003185	0.002497	-0.776203	-0.256222	0.576072	0.286649	-0.957220	-0.039514	0.561552	0.134460	0.816444
04797	5.781271	-0.452825	8.290375	0.000364	0.006156	0.004348	-0.776243	-0.256162	0.576045	0.286574	-0.957243	-0.039507	0.561535	0.134413	0.816463
04798	5.881036	-0.444996	8.293278	0.003573	0.006586	0.005640	-0.776255	-0.256199	0.576012	0.286617	-0.957230	-0.039502	0.561496	0.134431	0.816486
04799	5.822819	-0.394141	8.299627	0.000364	0.006156	0.004348	-0.776287	-0.256254	0.575945	0.286643	-0.957221	-0.039543	0.561440	0.134393	0.816532
04800	5.859433	-0.359120	8.357618	-0.002912	0.010373	0.008031	-0.776314	-0.256320	0.575879	0.286668	-0.957211	-0.039605	0.561390	0.134340	0.816575
04801	5.889169	-0.373922	8.367229	-0.019676	0.007781	0.010941	-0.776341	-0.256448	0.575785	0.286646	-0.957208	-0.039839	0.561363	0.134118	0.816630
04802	5.871512	-0.382510	8.350917	-0.034926	0.007646	0.015108	-0.776333	-0.256577	0.575739	0.286546	-0.957223	-0.040203	0.561426	0.133765	0.816644
04803	5.904675	-0.375982	8.384578	-0.049738	0.009025	0.018649	-0.776319	-0.256711	0.575698	0.286342	-0.957262	-0.040728	0.561549	0.133228	0.816647
04804	5.948364	-0.356860	8.402463	-0.072476	0.022216	0.025150	-0.776363	-0.256956	0.575529	0.286109	-0.957300	-0.041457	0.561606	0.132478	0.816730
04805	5.890262	-0.315187	8.336660	-0.090293	0.033821	0.032981	-0.776498	-0.257244	0.575218	0.285794	-0.957355	-0.042342	0.561580	0.131515	0.816904
04806	5.920662	-0.430116	8.267410	-0.097228	0.046436	0.034088	-0.776653	-0.257606	0.574847	0.285491	-0.957402	-0.043324	0.561519	0.130466	0.817113
04807	5.940856	-0.329431	8.351245	-0.113499	0.060521	0.043192	-0.776847	-0.258084	0.574371	0.285156	-0.957446	-0.044533	0.561422	0.129190	0.817383
04808	5.991344	-0.302261	8.356171	-0.126660	0.074885	0.049846	-0.777117	-0.258632	0.573759	0.284811	-0.957487	-0.045847	0.561224	0.127785	0.817740
04809	5.902122	-0.409891	8.366998	-0.134229	0.089486	0.064718	-0.777484	-0.259361	0.572932	0.284562	-0.957491	-0.047289	0.560842	0.126268	0.818238
04810	5.881500	-0.315896	8.314048	-0.139066	0.098211	0.072773	-0.777819	-0.260156	0.572115	0.284327	-0.957483	-0.048835	0.560495	0.124683	0.818718
04811	5.920294	-0.488997	8.321469	-0.143509	0.100380	0.082721	-0.778165	-0.261040	0.571242	0.284137	-0.957454	-0.050466	0.560112	0.123040	0.819229
04812	5.886013	-0.501725	8.350781	-0.142404	0.116364	0.087757	-0.778559	-0.261998	0.570265	0.284002	-0.957406	-0.052126	0.559632	0.121373	0.819805
04813	5.825355	-0.534773	8.306244	-0.144016	0.112809	0.094625	-0.778967	-0.262988	0.569252	0.283896	-0.957345	-0.053797	0.559119	0.119703	0.820401
04814	5.701431	-0.688183	8.291655	-0.128207	0.109847	0.084902	-0.779332	-0.263906	0.568327	0.283820	-0.957280	-0.055323	0.558649	0.118187	0.820941
04815	5.636492	-0.833207	8.286445	-0.103885	0.099189	0.083444	-0.779646	-0.264639	0.567555	0.283709	-0.957238	-0.056611	0.558266	0.116883	0.821387
04816	5.631465	-0.820738	8.315583	-0.073241	0.087833	0.064588	-0.779945	-0.265334	0.566819	0.283782	-0.957159	-0.057571	0.557811	0.115951	0.821828
04817	5.585915	-0.921058	8.244608	-0.056673	0.075089	0.051101	-0.780224	-0.265837	0.566199	0.283787	-0.957113	-0.058317	0.557419	0.115180	0.822203
04818	5.545549	-0.970790	8.295384	-0.026446	0.059919	0.032232	-0.780458	-0.266189	0.565710	0.283869	-0.957064	-0.058708	0.557048	0.114768	0.822512
04819	5.602968	-0.818572	8.260461	-0.003221	0.046912	0.012615	-0.780653	-0.266317	0.565381	0.283877	-0.957053	-0.058845	0.556772	0.114562	0.822728
04820	5.585926	-0.799377	8.270593	0.020582	0.037942	0.000534	-0.780855	-0.266340	0.565092	0.283974	-0.957035	-0.058670	0.556439	0.114659	0.822939
04821	5.530433	-0.812330	8.294627	0.035407	0.016855	-0.011134	-0.780998	-0.266218	0.564951	0.284046	-0.957036	-0.058309	0.556202	0.114933	0.823062
04822	5.421488	-0.805184	8.331809	0.054292	-0.003196	-0.027092	-0.781049	-0.265930	0.565016	0.284114	-0.957053	-0.057700	0.556094	0.115462	0.823060
04823	5.576736	-0.775257	8.313106	0.076620	-0.029572	-0.043619	-0.781028	-0.265482	0.565256	0.284194	-0.957081	-0.056831	0.556084	0.116256	0.822955
04824	5.690139	-0.687523	8.389499	0.073868	-0.038778	-0.043694	-0.780929	-0.264993	0.565623	0.284242	-0.957118	-0.055967	0.556199	0.117067	0.822763
04825	5.746299	-0.571988	8.373519	0.078738	-0.042791	-0.046732	-0.780817	-0.264445	0.566033	0.284245	-0.957168	-0.055078	0.556354	0.117886	0.822541
04826	5.707395	-0.621136	8.361559	0.080080	-0.048565	-0.046712	-0.780672	-0.263915	0.566480	0.284303	-0.957204	-0.054146	0.556527	0.118782	0.822294
04827	5.683871	-0.631471	8.357989	0.082032	-0.057310	-0.048559	-0.780478	-0.263340	0.567015	0.284314	-0.957252	-0.053229	0.556794	0.119666	0.821986
04828	5.731128	-0.620464	8.348395	0.089836	-0.066902	-0.050919	-0.780243	-0.262747	0.567614	0.284395	-0.957285	-0.052194	0.557082	0.120703	0.821639
04829	5.746610	-0.561429	8.320716	0.105125	-0.074732	-0.048758	-0.779954	-0.262133	0.568294	0.284523	-0.957308	-0.051077	0.557421	0.121856	0.821238
04830	5.752084	-0.606874	8.300826	0.114093	-0.077672	-0.056092	-0.779673	-0.261475	0.568983	0.284700	-0.957322	-0.049813	0.557725	0.123152	0.820839
04831	5.811718	-0.611707	8.355868	0.113272	-0.080643	-0.054844	-0.779411	-0.260804	0.569648	0.284861	-0.957339	-0.048547	0.558008	0.124432	0.820454
04832	5.818823	-0.598642	8.351869	0.118441	-0.081012	-0.061622	-0.779127	-0.260087	0.570365	0.285019	-0.957358	-0.047216	0.558323	0.125778	0.820033
04833	5.860482	-0.516783	8.397593	0.117612	-0.073655	-0.062265	-0.778900	-0.259382	0.570996	0.285159	-0.957380	-0.045915	0.558569	0.127062	0.819668
04834	5.858002	-0.518358	8.336758	0.118114	-0.072089	-0.062876	-0.778669	-0.258662	0.571637	0.285307	-0.957399	-0.044579	0.558816	0.128380	0.819295
04835	5.878352	-0.466338	8.341770	0.110070	-0.058127	-0.063041	-0.778577	-0.257824	0.572140	0.285289	-0.957466	-0.043240	0.558953	0.129560	0.819015
04836	5.872276	-0.468155	8.354904	0.103713	-0.058928	-0.065634	-0.778427	-0.257093	0.572673	0.285335	-0.957507	-0.042006	0.559138	0.130705	0.818707
04837	5.869128	-0.445745	8.392608	0.107044	-0.047981	-0.062493	-0.778364	-0.256384	0.573077	0.285398	-0.957542	-0.040754	0.559194	0.131833	0.818488
04838	5.876050	-0.376554	8.333025	0.099487	-0.034782	-0.063917	-0.778344	-0.255699	0.573409	0.285434	-0.957581	-0.039565	0.559203	0.132875	0.818313
04839	5.924281	-0.339601	8.348552	0.085960	-0.036911	-0.059734	-0.778281	-0.255101	0.573762	0.285435	-0.957621	-0.038590	0.559291	0.133738	0.818113
04840	5.888714	-0.306030	8.378066	0.080827	-0.026154	-0.054868	-0.778284	-0.254514	0.574019	0.285437	-0.957659	-0.037605	0.559285	0.134579	0.817978
04841	5.885173	-0.287798	8.343994	0.071380	-0.022439	-0.046280	-0.778283	-0.253943	0.574272	0.285357	-0.957716	-0.036771	0.559327	0.135254	0.817838
04842	5.872527	-0.318495	8.335032	0.062772	-0.018125	-0.043310	-0.778298	-0.253477	0.574458	0.285348	-0.957748	-0.036000	0.559311	0.135902	0.817742
04843	5.877223	-0.286805	8.358441	0.055346	-0.012694	-0.034705	-0.778340	-0.252998	0.574612	0.285251	-0.957801	-0.035327	0.559302	0.136412	0.817663
04844	5.871677	-0.329862	8.309692	0.044912	-0.009775	-0.024255	-0.778347	-0.252726	0.574722	0.285291	-0.957809	-0.034812	0.559272	0.136867	0.817608
04845	5.875763	-0.300427	8.333422	0.041726	-0.007793	-0.021191	-0.778395	-0.252400	0.574801	0.285250	-0.957839	-0.034311	0.559227	0.137255	0.817574
04846	5.844844	-0.340754	8.308731	0.032357	-0.000699	-0.020135	-0.778441	-0.252179	0.574835	0.285251	-0.957852	-0.033922	0.559162	0.137566	0.817566
04847	5.862082	-0.331572	8.325314	0.026358	-0.005712	-0.016436	-0.778462	-0.251833	0.574959	0.285077	-0.957916	-0.033590	0.559221	0.137759	0.817493
04848	5.817493	-0.354360	8.308060	0.025204	-0.002003	-0.013356	-0.778481	-0.251675	0.575002	0.285091	-0.957922	-0.033299	0.559187	0.138005	0.817474
04849	5.848156	-0.365022	8.317345	0.018270	0.000264	-0.010353	-0.778502	-0.251496	0.575052	0.285008	-0.957953	-0.033114	0.559201	0.138116	0.817446
04850	5.848121	-0.362908	8.317463	0.017098	0.001554	-0.011631	-0.778536	-0.251359	0.575065	0.284990	-0.957966	-0.032898	0.559162	0.138275	0.817446
04851	5.867999	-0.330718	8.358486	0.017017	0.006215	-0.006669	-0.778629	-0.251154	0.575029	0.284892	-0.958003	-0.032660	0.559082	0.138391	0.817481
04852	5.850713	-0.335235	8.342133	0.003965	0.003286	-0.003717	-0.778651	-0.251095	0.575025	0.284862	-0.958014	-0.032598	0.559067	0.138420	0.817486
04853	5.872437	-0.305675	8.310080	0.006771	0.010279	-0.004357	-0.778709	-0.251011	0.574983	0.284784	-0.958039	-0.032548	0.559026	0.138400	0.817517
04854	5.846060	-0.358632	8.319097	-0.000069	0.010302	-0.001961	-0.778765	-0.250978	0.574922	0.284744	-0.958052	-0.032529	0.558969	0.138374	0.817561
04855	5.890813	-0.275280	8.352076	-0.006365	0.012011	0.003555	-0.778844	-0.251048	0.574784	0.284757	-0.958046	-0.032594	0.558852	0.138288	0.817656
04856	5.895036	-0.253383	8.303726	-0.015969	0.015520	0.008380	-0.778900	-0.251122	0.574677	0.284709	-0.958054	-0.032764	0.558799	0.138096	0.817725
04857	5.868767	-0.251294	8.328318	-0.023965	0.019251	0.013853	-0.778992	-0.251210	0.574513	0.284612	-0.958074	-0.033014	0.558720	0.137796	0.817829
04858	5.870430	-0.230273	8.353409	-0.034223	0.017678	0.023084	-0.779018	-0.251427	0.574383	0.284577	-0.958071	-0.033418	0.558701	0.137423	0.817904
04859	5.880135	-0.220834	8.338083	-0.047687	0.015666	0.031018	-0.778973	-0.251630	0.574355	0.284388	-0.958104	-0.034050	0.558860	0.136816	0.817898
04860	5.838699	-0.319317	8.339314	-0.049589	0.016537	0.039109	-0.778946	-0.251999	0.574229	0.284392	-0.958081	-0.034672	0.558895	0.136298	0.817960
04861	5.836732	-0.383805	8.324522	-0.050465	0.007880	0.047287	-0.778864	-0.252325	0.574197	0.284330	-0.958075	-0.035340	0.559041	0.135736	0.817954
04862	5.767912	-0.502784	8.324447	-0.043426	0.003376	0.043680	-0.778752	-0.252720	0.574176	0.284403	-0.958031	-0.035937	0.559161	0.135311	0.817943
04863	5.744613	-0.594613	8.341147	-0.025102	-0.006679	0.035285	-0.778616	-0.252984	0.574244	0.284456	-0.957999	-0.036354	0.559322	0.135042	0.817877
04864	5.725381	-0.659975	8.381513	-0.010202	-0.015107	0.022447	-0.778460	-0.253150	0.574382	0.284550	-0.957964	-0.036558	0.559492	0.134981	0.817771
04865	5.678943	-0.711022	8.338810	0.009884	-0.031853	0.009117	-0.778271	-0.253048	0.574683	0.284521	-0.957975	-0.036505	0.559769	0.135099	0.817562
04866	5.596770	-0.678778	8.341587	0.023305	-0.055462	-0.007396	-0.777975	-0.252874	0.575161	0.284569	-0.957969	-0.036263	0.560157	0.135461	0.817236
04867	5.522375	-0.743232	8.442339	0.036248	-0.091043	-0.025084	-0.777544	-0.252460	0.575925	0.284517	-0.958001	-0.035825	0.560782	0.136005	0.816717
04868	5.363792	-0.741624	8.537447	0.039729	-0.142858	-0.049667	-0.776876	-0.251760	0.577132	0.284329	-0.958080	-0.035206	0.561802	0.136745	0.815892
04869	5.481738	-1.262608	8.531654	0.045838	-0.213564	-0.090933	-0.775933	-0.250550	0.578923	0.283810	-0.958266	-0.034333	0.563365	0.137664	0.814659
04870	5.167391	-0.993267	8.848087	0.066998	-0.292536	-0.145033	-0.774686	-0.248727	0.581375	0.283039	-0.958543	-0.032938	0.565465	0.139035	0.812969
04871	3.933985	-1.139647	9.474845	0.100643	-0.486936	-0.201129	-0.772500	-0.246051	0.585407	0.281965	-0.958925	-0.030964	0.568980	0.141144	0.810148
04872	5.245401	-0.257501	9.621081	0.069334	-0.784651	-0.219247	-0.768622	-0.242802	0.591834	0.280647	-0.959370	-0.029105	0.574854	0.143726	0.805534
04873	4.732785	-0.115895	9.837157	0.029504	-1.026331	-0.245582	-0.763377	-0.238846	0.600174	0.278789	-0.959961	-0.027428	0.582694	0.146384	0.799399
04874	4.435292	0.085308	10.048810	-0.118128	-1.331504	-0.271364	-0.756293	-0.234248	0.610859	0.276008	-0.960784	-0.026715	0.593162	0.148397	0.791289
04875	4.774101	-1.163665	9.933660	-0.180974	-1.685367	-0.349012	-0.747156	-0.228350	0.624191	0.272241	-0.961877	-0.026014	0.606335	0.150494	0.780838
04876	5.237659	-1.442661	10.634153	-0.086942	-1.998328	-0.484770	-0.736189	-0.220611	0.639810	0.268088	-0.963105	-0.023613	0.621414	0.154141	0.768170
04877	4.997801	-1.602499	11.285701	-0.014577	-2.276626	-0.667597	-0.723636	-0.210493	0.657301	0.262943	-0.964616	-0.019427	0.638132	0.158774	0.753378
04878	5.228637	-2.925539	11.034741	0.097239	-2.586832	-0.896021	-0.709210	-0.197624	0.676731	0.257128	-0.966294	-0.012715	0.656434	0.164989	0.736120
04879	6.800097	-2.524110	11.443396	0.255735	-2.764322	-1.143386	-0.693689	-0.181693	0.696982	0.250498	-0.968112	-0.003057	0.675312	0.172472	0.717082
04880	9.150605	-1.839213	12.615008	0.172749	-2.646232	-1.329913	-0.678849	-0.164126	0.715700	0.242529	-0.970115	0.007572	0.693068	0.178718	0.698367
04881	6.680423	-2.473822	10.502670	0.167752	-2.452055	-1.501408	-0.665181	-0.144811	0.732505	0.233180	-0.972237	0.019545	0.709338	0.183807	0.680481
04882	5.765390	-2.236124	10.161996	0.147627	-2.374575	-1.618863	-0.651838	-0.124604	0.748051	0.223553	-0.974149	0.032535	0.724659	0.188437	0.662843
04883	4.286904	-2.336126	11.771200	0.181783	-2.099068	-1.636048	-0.640007	-0.104330	0.761253	0.213802	-0.975792	0.046016	0.738024	0.192209	0.646820
04884	2.988455	-3.438798	12.358239	0.253112	-1.841763	-1.475239	-0.629395	-0.086317	0.772277	0.206297	-0.976711	0.058963	0.749202	0.196429	0.632544
04885	1.892856	-4.142103	12.677025	0.375745	-1.466157	-1.155583	-0.620627	-0.071569	0.780833	0.201091	-0.977048	0.070278	0.757882	0.200635	0.620774
04886	1.628135	-4.644798	12.135740	0.544698	-1.190971	-0.688200	-0.612931	-0.062388	0.787669	0.200966	-0.976404	0.079046	0.764152	0.206744	0.611006
04887	6.872609	-2.871437	14.930029	0.272986	-0.738633	-0.045716	-0.607219	-0.059882	0.792274	0.201891	-0.976056	0.080962	0.768456	0.209115	0.604770
04888	1.872644	-3.501352	14.332174	-0.019924	0.138714	0.483814	-0.607286	-0.064860	0.791832	0.204650	-0.975800	0.077025	0.767673	0.208825	0.605863
04889	-1.014606	-3.991402	12.688459	-0.028987	0.580814	0.733078	-0.610178	-0.072814	0.788911	0.208109	-0.975531	0.070922	0.764443	0.207455	0.610401
04890	-1.987397	-2.195872	11.917708	0.064294	0.851478	0.787034	-0.614991	-0.082221	0.784236	0.213393	-0.974792	0.065142	0.759111	0.207412	0.617033
04891	-1.351820	-0.284531	11.962759	-0.036291	1.074769	0.803822	-0.621424	-0.092073	0.778046	0.217526	-0.974303	0.058439	0.752672	0.205561	0.625484
04892	-0.500694	0.250947	12.217073	-0.274124	1.330047	0.814956	-0.629584	-0.102686	0.770116	0.220543	-0.974073	0.050417	0.744973	0.201585	0.635908
04893	0.192515	-0.269117	12.065292	-0.429308	1.606409	0.825015	-0.639749	-0.113822	0.760109	0.222156	-0.974144	0.041106	0.735777	0.195160	0.648494
04894	0.894796	-0.554910	11.897688	-0.449311	1.867614	0.814885	-0.651556	-0.125308	0.748180	0.224107	-0.974038	0.032028	0.724742	0.188540	0.662723
04895	1.694705	-0.451201	11.804586	-0.429740	2.095710	0.845659	-0.664862	-0.137324	0.734234	0.226129	-0.973834	0.022628	0.711915	0.181076	0.678519
04896	2.398754	-0.256338	11.582695	-0.426362	2.283400	0.899222	-0.678896	-0.150095	0.718730	0.229136	-0.973305	0.013178	0.697565	0.173633	0.695165
04897	3.064958	-0.287140	11.381373	-0.443307	2.431310	0.959046	-0.693630	-0.163424	0.701548	0.232187	-0.972667	0.002986	0.681884	0.164961	0.712616
04898	3.748935	-0.510093	11.149390	-0.439795	2.531954	1.001211	-0.708329	-0.177193	0.683281	0.236212	-0.971676	-0.007110	0.665187	0.156363	0.730121
04899	4.451283	-0.567661	11.022241	-0.423283	2.600632	1.014924	-0.723176	-0.190846	0.663773	0.240215	-0.970565	-0.017341	0.647544	0.146908	0.747733
04900	5.205088	-0.645751	10.962790	-0.411881	2.649036	1.012209	-0.737622	-0.204399	0.643533	0.244946	-0.969159	-0.027065	0.629218	0.137667	0.764940
04901	5.891832	-0.797321	10.898656	-0.419735	2.676479	0.994430	-0.751959	-0.217401	0.622329	0.249264	-0.967733	-0.036877	0.610266	0.127394	0.781886
04902	6.384516	-1.050121	10.678475	-0.429597	2.680561	0.962537	-0.765631	-0.229954	0.600775	0.253954	-0.966115	-0.046153	0.591030	0.117233	0.798085
04903	6.895671	-1.230023	10.458006	-0.441155	2.644064	0.927449	-0.778843	-0.241656	0.578797	0.258063	-0.964536	-0.055451	0.571670	0.106178	0.813584
04904	7.743151	-1.310833	10.411919	-0.473725	2.596088	0.916850	-0.791043	-0.253072	0.556960	0.262562	-0.962754	-0.064544	0.552550	0.095180	0.828027
04905	8.819430	-1.213601	10.389990	-0.547446	2.566801	0.953713	-0.802676	-0.264296	0.534658	0.266704	-0.960887	-0.074594	0.533461	0.082721	0.841770
04906	9.640403	-1.082569	10.081022	-0.642395	2.567001	1.034451	-0.813337	-0.276148	0.512079	0.271661	-0.958591	-0.085457	0.514473	0.069607	0.854677
04907	10.174564	-1.251038	9.435110	-0.705164	2.553269	1.114523	-0.823390	-0.288157	0.488870	0.276751	-0.955996	-0.097373	0.495416	0.055119	0.866905
04908	10.637543	-1.303770	8.593781	-0.664677	2.501121	1.160223	-0.832295	-0.300407	0.465876	0.283089	-0.952912	-0.108714	0.476597	0.041402	0.878146
04909	11.096830	-1.109785	7.586282	-0.537469	2.418680	1.157382	-0.840490	-0.311994	0.442985	0.289810	-0.949660	-0.118979	0.457806	0.028380	0.888599
04910	11.492075	-0.578042	6.455326	-0.399790	2.302440	1.113366	-0.847551	-0.323043	0.421071	0.297377	-0.946227	-0.127366	0.439573	0.017268	0.898041
04911	11.597133	0.197112	5.257987	-0.297913	2.133737	1.019562	-0.853875	-0.332664	0.400289	0.304351	-0.943019	-0.134481	0.422218	0.006998	0.906468
04912	11.477859	1.248779	3.922765	-0.298468	1.917142	0.885102	-0.859099	-0.341012	0.381653	0.310658	-0.940056	-0.140664	0.406743	-0.002281	0.913540
04913	11.085784	2.120594	2.648967	-0.385780	1.626030	0.693784	-0.863615	-0.347156	0.365583	0.314720	-0.937732	-0.147004	0.393852	-0.011898	0.919097
04914	11.078523	2.716707	1.497161	-0.535240	1.285210	0.458439	-0.867170	-0.351207	0.353086	0.316568	-0.936053	-0.153589	0.384449	-0.021412	0.922898
04915	11.399081	2.954580	0.593574	-0.699738	0.944135	0.187069	-0.870327	-0.352484	0.343927	0.315215	-0.935284	-0.160883	0.378378	-0.031610	0.925111
04916	11.883577	2.752995	0.004598	-0.817529	0.621715	-0.099333	-0.872983	-0.351298	0.338365	0.311230	-0.935346	-0.168120	0.375549	-0.041456	0.925875
04917	12.512435	2.365399	-0.332098	-0.878804	0.342339	-0.361109	-0.875492	-0.347578	0.335712	0.304529	-0.936256	-0.175177	0.375200	-0.051132	0.925532
04918	12.669145	1.609134	-0.639610	-0.826831	0.094688	-0.582991	-0.877600	-0.342033	0.335903	0.296272	-0.937820	-0.180877	0.376883	-0.059219	0.924366
04919	12.507601	0.945925	-0.837352	-0.685949	-0.164572	-0.752136	-0.879250	-0.334933	0.338733	0.286879	-0.939977	-0.184780	0.380290	-0.065293	0.922560
04920	12.350343	0.513885	-0.785638	-0.501500	-0.434360	-0.868663	-0.880036	-0.327018	0.344377	0.277279	-0.942526	-0.186444	0.385554	-0.068589	0.920132
04921	12.281840	0.056069	-0.589029	-0.325826	-0.698172	-0.936930	-0.879924	-0.318548	0.352506	0.267619	-0.945352	-0.186253	0.392572	-0.069551	0.917088
04922	12.190982	-0.583472	-0.243710	-0.170700	-0.950321	-0.966855	-0.878693	-0.310018	0.363024	0.258401	-0.948282	-0.184366	0.401406	-0.068195	0.913358
04923	1.108183	-13.683665	-0.421922	1.662152	-1.585357	-1.111069	-0.875135	-0.300294	0.379423	0.255294	-0.952655	-0.165144	0.411051	-0.047659	0.910366
04924	2.290206	0.797080	13.635842	2.235870	-2.270399	-1.271054	-0.868873	-0.288888	0.401998	0.253520	-0.957162	-0.139891	0.425190	-0.019633	0.904891
04925	-0.087996	-2.744423	15.479542	1.727585	-2.230587	-0.615260	-0.860830	-0.283067	0.422901	0.255508	-0.959095	-0.121872	0.440100	0.003143	0.897943
04926	4.295476	-1.664299	6.382816	1.483455	-3.212258	0.021576	-0.846254	-0.282767	0.451551	0.262357	-0.958824	-0.108743	0.463707	0.026443	0.885594
04927	8.589493	1.673229	9.237488	1.332874	-3.532063	0.582692	-0.827900	-0.286905	0.481941	0.273411	-0.956700	-0.099857	0.489722	0.049096	0.870495
04928	15.879001	-0.838363	12.356292	1.281666	-3.398056	0.672819	-0.808962	-0.291257	0.510636	0.285311	-0.953995	-0.092143	0.513982	0.071150	0.854845
04929	22.684294	9.474511	15.388939	1.794662	-2.240749	-0.525378	-0.798846	-0.284303	0.530111	0.290281	-0.954058	-0.074233	0.526861	0.094581	0.844673
04930	14.086987	10.947015	12.144009	0.464207	-0.813712	-0.831257	-0.796929	-0.275533	0.537573	0.286067	-0.955942	-0.065886	0.532043	0.101275	0.840639
04931	7.003739	-0.941913	8.403764	-0.069826	-0.631314	-0.445815	-0.794808	-0.270600	0.543190	0.282125	-0.957237	-0.064052	0.537294	0.102338	0.837163
04932	5.008666	-3.253033	8.478507	0.179230	-0.670164	-0.175128	-0.791681	-0.268191	0.548921	0.281664	-0.957534	-0.061601	0.542132	0.105843	0.833601
04933	7.511306	1.537873	9.467702	0.138184	-0.694133	-0.101617	-0.788176	-0.266441	0.554786	0.281582	-0.957666	-0.059888	0.547256	0.109016	0.829835
04934	6.525904	1.646004	8.663380	-0.066153	-0.448276	-0.114522	-0.786032	-0.264819	0.558591	0.280278	-0.958054	-0.059800	0.550997	0.109556	0.827285
04935	9.389706	-3.321766	9.138661	-0.002494	-0.335334	-0.094873	-0.784429	-0.263519	0.561452	0.279510	-0.958312	-0.059271	0.553665	0.110438	0.825384
04936	4.714365	-2.799675	7.709125	0.168257	-0.084832	-0.115069	-0.784277	-0.262287	0.562242	0.279499	-0.958438	-0.057237	0.553887	0.112257	0.824990
04937	6.878657	0.665499	8.879342	0.193042	-0.110596	-0.140108	-0.784042	-0.260789	0.563265	0.279443	-0.958594	-0.054851	0.554247	0.114395	0.824454
04938	6.334953	-0.470732	8.510484	0.118478	-0.071788	-0.087356	-0.783884	-0.259834	0.563926	0.279375	-0.958697	-0.053383	0.554505	0.115700	0.824098
04939	5.879835	-0.155582	8.589500	0.145273	-0.095889	-0.061047	-0.783507	-0.259110	0.564783	0.279682	-0.958693	-0.051832	0.554883	0.117349	0.823610
04940	6.202620	0.164017	8.527422	0.089580	-0.099285	-0.032766	-0.783043	-0.258643	0.565639	0.279883	-0.958683	-0.050910	0.555436	0.118448	0.823080
04941	6.109461	0.106631	8.501569	0.057736	-0.105432	0.008541	-0.782416	-0.258575	0.566537	0.280256	-0.958598	-0.050469	0.556132	0.119287	0.822489
04942	5.978547	-0.114312	8.493155	0.020565	-0.095668	0.036543	-0.781777	-0.258776	0.567328	0.280616	-0.958490	-0.050508	0.556848	0.119715	0.821942
04943	5.868181	-0.276814	8.444555	0.003739	-0.096667	0.055624	-0.781063	-0.259170	0.568130	0.281062	-0.958345	-0.050776	0.557624	0.120020	0.821371
04944	5.863221	-0.353265	8.439254	-0.019419	-0.100729	0.071483	-0.780295	-0.259699	0.568942	0.281472	-0.958195	-0.051343	0.558491	0.120079	0.820773
04945	5.844236	-0.619926	8.330009	-0.028000	-0.098737	0.070073	-0.779527	-0.260229	0.569752	0.281853	-0.958050	-0.051953	0.559371	0.120087	0.820173
04946	5.870763	-0.744556	8.342748	-0.015987	-0.093645	0.054000	-0.778846	-0.260599	0.570514	0.282145	-0.957940	-0.052393	0.560172	0.120162	0.819615
04947	5.853143	-0.925186	8.347196	-0.003620	-0.081606	0.026629	-0.778295	-0.260733	0.571205	0.282322	-0.957879	-0.052557	0.560849	0.120359	0.819123
04948	5.888136	-0.996439	8.336370	0.024832	-0.076871	-0.004195	-0.777871	-0.260565	0.571859	0.282389	-0.957872	-0.052330	0.561403	0.120780	0.818681
04949	5.920530	-0.848515	8.331509	0.042877	-0.061223	-0.030880	-0.777597	-0.260171	0.572411	0.282376	-0.957905	-0.051788	0.561789	0.121365	0.818330
04950	5.912091	-0.731896	8.342940	0.057268	-0.050696	-0.046967	-0.777440	-0.259624	0.572872	0.282293	-0.957969	-0.051051	0.562048	0.122029	0.818053
04951	5.876257	-0.575603	8.369779	0.064725	-0.043455	-0.053143	-0.777328	-0.259036	0.573290	0.282228	-0.958033	-0.050204	0.562235	0.122773	0.817813
04952	5.876514	-0.500416	8.350053	0.062772	-0.047390	-0.053771	-0.777209	-0.258427	0.573726	0.282123	-0.958106	-0.049382	0.562452	0.123481	0.817557
04953	5.840641	-0.434949	8.369978	0.061113	-0.045333	-0.053806	-0.777089	-0.257830	0.574157	0.282032	-0.958175	-0.048561	0.562664	0.124195	0.817304
04954	5.848592	-0.402760	8.391503	0.051452	-0.052191	-0.050776	-0.776934	-0.257243	0.574630	0.281888	-0.958253	-0.047849	0.562950	0.124806	0.817013
04955	5.843996	-0.411390	8.331566	0.045374	-0.054885	-0.046466	-0.776739	-0.256703	0.575135	0.281766	-0.958321	-0.047198	0.563280	0.125393	0.816696
04956	5.841753	-0.486286	8.362064	0.038491	-0.062834	-0.041503	-0.776497	-0.256191	0.575690	0.281622	-0.958391	-0.046645	0.563686	0.125907	0.816337
04957	5.831942	-0.428556	8.357136	0.032282	-0.065718	-0.040943	-0.776225	-0.255690	0.576279	0.281470	-0.958461	-0.046133	0.564137	0.126396	0.815950
04958	5.805873	-0.467511	8.328789	0.033500	-0.071666	-0.044629	-0.775941	-0.255137	0.576906	0.281273	-0.958544	-0.045602	0.564625	0.126884	0.815536
04959	5.852457	-0.519488	8.302188	0.028109	-0.079588	-0.042761	-0.775595	-0.254600	0.577609	0.281084	-0.958622	-0.045113	0.565194	0.127367	0.815066
04960	5.844034	-0.462163	8.296180	0.028163	-0.084237	-0.047722	-0.775248	-0.253999	0.578338	0.280834	-0.958719	-0.044607	0.565794	0.127835	0.814577
04961	5.806064	-0.482391	8.274350	0.026880	-0.088723	-0.045821	-0.774858	-0.253420	0.579115	0.280614	-0.958807	-0.044110	0.566437	0.128329	0.814052
04962	5.853326	-0.443485	8.253178	0.029478	-0.093333	-0.040116	-0.774436	-0.252880	0.579914	0.280431	-0.958882	-0.043638	0.567104	0.128831	0.813508
04963	5.859262	-0.405646	8.238839	0.025637	-0.098793	-0.036983	-0.773963	-0.252372	0.580767	0.280273	-0.958948	-0.043202	0.567828	0.129337	0.812923
04964	5.869679	-0.434480	8.242035	0.029846	-0.097573	-0.037565	-0.773509	-0.251850	0.581597	0.280113	-0.959015	-0.042741	0.568525	0.129853	0.812353
04965	5.881815	-0.405845	8.260279	0.018530	-0.102412	-0.034517	-0.773007	-0.251359	0.582477	0.279934	-0.959084	-0.042376	0.569296	0.130298	0.811742
04966	5.900184	-0.445678	8.222707	0.021960	-0.106433	-0.034438	-0.772492	-0.250854	0.583377	0.279754	-0.959153	-0.041997	0.570083	0.130760	0.811115
04967	5.866059	-0.350721	8.302941	0.011376	-0.122090	-0.026890	-0.771854	-0.250410	0.584411	0.279594	-0.959211	-0.041735	0.571024	0.131184	0.810384
04968	5.895608	-0.285283	8.326946	0.001616	-0.137159	-0.024959	-0.771135	-0.249955	0.585554	0.279371	-0.959283	-0.041575	0.572104	0.131527	0.809567
04969	5.882517	-0.428353	8.320909	-0.007605	-0.152952	-0.024258	-0.770310	-0.249494	0.586834	0.279124	-0.959359	-0.041481	0.573334	0.131846	0.808644
04970	5.913337	-0.422433	8.327695	-0.023980	-0.171461	-0.032959	-0.769413	-0.248916	0.588255	0.278693	-0.959484	-0.041481	0.574747	0.132027	0.807611
04971	5.753566	-0.383524	8.378535	-0.060501	-0.208192	-0.050370	-0.768339	-0.248131	0.589989	0.277940	-0.959695	-0.041659	0.576546	0.131973	0.806336
04972	5.729274	-0.354676	8.363823	-0.103136	-0.255774	-0.064551	-0.767035	-0.247139	0.592098	0.276809	-0.960002	-0.042107	0.578821	0.131600	0.804766
04973	5.723405	-0.676845	8.303933	-0.087529	-0.308202	-0.058346	-0.765392	-0.246146	0.594631	0.275837	-0.960267	-0.042451	0.581454	0.131529	0.802877
04974	5.845080	-0.423419	8.353253	-0.087997	-0.363804	-0.050320	-0.763405	-0.245149	0.597591	0.274900	-0.960517	-0.042856	0.584503	0.131561	0.800655
04975	5.775899	-0.491149	8.461298	-0.090499	-0.416530	-0.041068	-0.761061	-0.244178	0.600969	0.274036	-0.960743	-0.043321	0.587955	0.131717	0.798097
04976	5.696932	-0.895255	8.514391	-0.081342	-0.495354	-0.057237	-0.758289	-0.242939	0.604961	0.273082	-0.961001	-0.043622	0.591966	0.132126	0.795059
04977	5.714671	-0.882597	8.620913	-0.080117	-0.595884	-0.083840	-0.754962	-0.241314	0.609754	0.271948	-0.961318	-0.043738	0.596721	0.132801	0.791383
04978	5.697495	-0.894378	8.706189	-0.092416	-0.708973	-0.118978	-0.751028	-0.239191	0.615422	0.270459	-0.961738	-0.043736	0.602336	0.133599	0.786983
04979	5.503734	-0.449375	9.027440	-0.111495	-0.865870	-0.140485	-0.746150	-0.236646	0.622301	0.268702	-0.962230	-0.043734	0.609146	0.134581	0.781555
04980	5.353743	-0.492826	9.184740	-0.165981	-1.095570	-0.158262	-0.739846	-0.233607	0.630916	0.266469	-0.962837	-0.044031	0.617755	0.135543	0.774601
04981	5.236384	-0.674957	9.219567	-0.203989	-1.358600	-0.200693	-0.731904	-0.229791	0.641493	0.263687	-0.963590	-0.044319	0.628320	0.136716	0.765848
04982	5.020821	-0.489674	9.419373	-0.245365	-1.668723	-0.239138	-0.721931	-0.225157	0.654309	0.260353	-0.964481	-0.044632	0.641118	0.138130	0.754909
04983	4.738543	-0.636702	9.548414	-0.248143	-2.065125	-0.299647	-0.709299	-0.219354	0.669909	0.256558	-0.965504	-0.044500	0.656561	0.140307	0.741108
04984	4.251758	-1.037775	9.902856	-0.126506	-2.579492	-0.400826	-0.693137	-0.211771	0.688995	0.252866	-0.966559	-0.042697	0.674996	0.144629	0.723507
04985	3.729097	-1.212476	10.082294	0.091328	-3.177188	-0.510562	-0.672630	-0.202081	0.711851	0.249955	-0.967493	-0.038470	0.696485	0.152054	0.701276
04986	3.377824	-1.228147	9.903308	0.288569	-3.810768	-0.631467	-0.647182	-0.189942	0.738294	0.247794	-0.968287	-0.031899	0.720940	0.162300	0.673724
04987	3.357751	-2.034420	9.546397	0.489091	-4.489638	-0.825849	-0.616245	-0.174324	0.768019	0.246100	-0.968984	-0.022473	0.748116	0.175160	0.640032
04988	3.156223	-2.072908	9.810816	0.791784	-5.198441	-1.065515	-0.579197	-0.154429	0.800426	0.245732	-0.969294	-0.009195	0.777269	0.191364	0.599361
04989	3.945444	-2.877819	9.907522	1.141572	-5.934218	-1.342988	-0.535486	-0.129437	0.834566	0.247195	-0.968930	0.008332	0.807558	0.210762	0.550845
04990	4.739297	-3.041801	9.704411	1.582656	-6.675761	-1.664098	-0.484687	-0.098441	0.869130	0.251691	-0.967317	0.030798	0.837693	0.233680	0.493623
04991	7.324333	-1.917521	10.075382	1.885893	-7.374894	-2.002753	-0.426949	-0.060938	0.902220	0.258498	-0.964317	0.057194	0.866541	0.257641	0.427466
04992	10.047819	-1.575535	10.474873	1.834548	-7.841583	-2.259160	-0.363841	-0.018118	0.931285	0.265673	-0.960299	0.085113	0.892770	0.278385	0.354209
04993	19.448204	0.924610	12.142293	1.583192	-8.041691	-2.290229	-0.297292	0.026822	0.954410	0.272245	-0.955727	0.111662	0.915150	0.293030	0.276828
04994	19.614267	2.453491	10.090601	0.908821	-7.804928	-2.312623	-0.231428	0.072003	0.970184	0.274501	-0.951903	0.136126	0.933322	0.297820	0.200532
04995	22.143648	2.981448	12.400929	0.112410	-7.728891	-1.963540	-0.164057	0.113436	0.979907	0.271484	-0.949814	0.155404	0.948357	0.291525	0.125027
04996	21.313169	-1.428315	13.548580	-0.707595	-7.419631	-1.790837	-0.097994	0.151515	0.983586	0.262354	-0.949447	0.172394	0.959983	0.274941	0.053289
04997	19.344918	-4.413691	15.391564	-0.925909	-6.816217	-1.811273	-0.036967	0.186675	0.981726	0.251966	-0.948916	0.189924	0.967030	0.254382	-0.011957
04998	12.287654	-6.984156	16.048438	-1.201113	-5.030037	-1.919624	0.007073	0.217180	0.976106	0.240014	-0.947965	0.209180	0.970744	0.232800	-0.058831
04999	-10.164829	-8.560625	7.588998	0.535295	-1.699377	-2.734014	0.016926	0.246783	0.968923	0.245179	-0.940500	0.235260	0.969330	0.233577	-0.076425
05000	21.220932	8.809650	12.753599	-0.439107	-5.582491	-1.600948	0.067137	0.274376	0.959276	0.241574	-0.937309	0.251186	0.968057	0.214872	-0.129210
05001	34.699813	-7.710241	27.752631	-2.802417	-1.396312	-0.134883	0.080394	0.278212	0.957149	0.214072	-0.942670	0.256022	0.973504	0.184316	-0.135342
05002	10.276717	-15.579318	16.596138	-1.782144	0.391515	0.645398	0.077915	0.271457	0.959291	0.196153	-0.947583	0.252212	0.977473	0.168517	-0.127079
05003	6.638277	-11.140640	14.634123	-0.751640	1.878737	1.157213	0.061759	0.256965	0.964445	0.187385	-0.952093	0.241674	0.980343	0.165797	-0.106952
05004	1.589077	-9.381475	10.149190	0.146221	2.221474	1.464691	0.042737	0.239271	0.970012	0.188030	-0.955475	0.227402	0.981233	0.172673	-0.085824
05005	-0.777982	-5.806115	7.955366	0.875807	2.324026	1.512956	0.022841	0.220216	0.975184	0.195403	-0.957608	0.211670	0.980457	0.185719	-0.064904
05006	0.907457	-1.234079	8.702088	1.008070	2.431193	1.538590	0.002121	0.200814	0.979627	0.205060	-0.958899	0.196121	0.978747	0.200467	-0.043212
05007	1.856592	1.078873	9.310870	0.649352	2.749119	1.600602	-0.021476	0.179375	0.983546	0.210803	-0.960844	0.179837	0.977293	0.211197	-0.017178
05008	2.402092	1.651460	9.841989	0.226882	3.176581	1.545604	-0.049203	0.157716	0.986258	0.213536	-0.962961	0.164644	0.975695	0.218703	0.013703
05009	2.790002	1.180911	9.914645	-0.014977	3.667900	1.332011	-0.082195	0.136390	0.987239	0.213495	-0.965185	0.151119	0.973480	0.223192	0.050215
05010	3.252562	1.018914	9.738448	-0.048456	4.145364	1.025290	-0.120264	0.117173	0.985803	0.214030	-0.966597	0.141001	0.969396	0.227949	0.091169
05011	4.043894	1.661741	9.646378	-0.060198	4.605565	0.770847	-0.163254	0.098811	0.981623	0.213759	-0.967795	0.132969	0.963149	0.231538	0.136875
05012	4.444698	2.389777	9.296587	-0.186366	5.029573	0.650090	-0.210079	0.080839	0.974337	0.213149	-0.968817	0.126339	0.954167	0.234220	0.186297
05013	4.127043	2.424627	8.707901	-0.367686	5.357306	0.644029	-0.259700	0.061812	0.963709	0.210388	-0.970357	0.118934	0.942493	0.233640	0.238997
05014	3.879017	1.959941	8.192516	-0.462510	5.503598	0.712407	-0.309676	0.042117	0.949909	0.208049	-0.971810	0.110913	0.927802	0.231975	0.292184
05015	4.291059	1.835021	8.204753	-0.480572	5.550211	0.823223	-0.359200	0.021178	0.933020	0.205601	-0.973384	0.101248	0.910332	0.228198	0.345285
