// General information: 
//  MT Manager version: 2022.2.0 
//  XDA version: 2022.2.0 build 7381 rev 124627 built on 2023-07-19
// Device information: 
//  DeviceId: 00B4CAF0
//  ProductCode: MTW2-3A7G6
//  Firmware Version: 4.6.0
//  Hardware Version: 2.0.0
// Device settings: 
//  Filter Profile: human(46.1)
//  Option Flags: Orientation Smoother Disabled, Position/Velocity Smoother Disabled, Continuous Zero Rotation Update Disabled, AHS Disabled, ICC Disabled
// Coordinate system: ENU
PacketCounter	Acc_X	Acc_Y	Acc_Z	Gyr_X	Gyr_Y	Gyr_Z	Mat[1][1]	Mat[2][1]	Mat[3][1]	Mat[1][2]	Mat[2][2]	Mat[3][2]	Mat[1][3]	Mat[2][3]	Mat[3][3]
50796	5.088155	-0.885249	8.787270	0.002505	-0.003237	0.001784	0.785573	0.366951	0.498219	-0.373434	0.923171	-0.091122	-0.493379	-0.114469	0.862250
50797	5.110389	-0.890648	8.778193	0.001309	-0.001616	0.002271	0.785570	0.366937	0.498234	-0.373402	0.923180	-0.091152	-0.493407	-0.114435	0.862238
50798	5.073570	-0.900784	8.760168	0.001720	-0.000384	0.001204	0.785556	0.366941	0.498253	-0.373401	0.923179	-0.091170	-0.493430	-0.114429	0.862225
50799	5.095802	-0.892080	8.809287	0.004748	-0.002384	0.004680	0.785510	0.366989	0.498290	-0.373471	0.923152	-0.091155	-0.493450	-0.114493	0.862205
50800	5.103418	-0.883288	8.755837	-0.000524	-0.001237	-0.001691	0.785503	0.366966	0.498319	-0.373435	0.923165	-0.091177	-0.493489	-0.114470	0.862186
50801	5.110518	-0.890402	8.778143	0.000263	0.005328	0.002802	0.785506	0.366988	0.498297	-0.373452	0.923157	-0.091188	-0.493471	-0.114462	0.862198
50802	5.080985	-0.877787	8.765041	0.005158	-0.001151	0.003613	0.785479	0.367014	0.498321	-0.373487	0.923143	-0.091187	-0.493488	-0.114491	0.862184
50803	5.080803	-0.907400	8.782447	0.003028	-0.002000	0.003475	0.785437	0.367063	0.498351	-0.373570	0.923113	-0.091150	-0.493492	-0.114577	0.862171
50804	5.110435	-0.890081	8.778224	0.002243	0.000854	0.002895	0.785423	0.367084	0.498358	-0.373585	0.923105	-0.091171	-0.493503	-0.114571	0.862165
50805	5.081014	-0.877490	8.765054	0.002243	0.000854	0.002895	0.785395	0.367138	0.498362	-0.373676	0.923073	-0.091122	-0.493478	-0.114659	0.862167
50806	5.087966	-0.914283	8.804738	0.001719	-0.000384	0.001204	0.785381	0.367143	0.498380	-0.373675	0.923071	-0.091139	-0.493502	-0.114653	0.862155
50807	5.110354	-0.889718	8.778308	0.005045	-0.001156	0.000856	0.785355	0.367137	0.498426	-0.373688	0.923068	-0.091116	-0.493533	-0.114698	0.862131
50808	5.088144	-0.913792	8.804687	0.003028	-0.001999	0.003475	0.785324	0.367161	0.498456	-0.373711	0.923057	-0.091133	-0.493564	-0.114710	0.862112
50809	5.103297	-0.882226	8.756015	0.005157	-0.001150	0.003613	0.785269	0.367192	0.498521	-0.373774	0.923035	-0.091105	-0.493605	-0.114792	0.862077
50810	5.102903	-0.911966	8.773534	-0.000671	0.002859	0.002177	0.785267	0.367209	0.498511	-0.373769	0.923033	-0.091147	-0.493612	-0.114753	0.862078
50811	5.096005	-0.861142	8.792000	0.002616	-0.003231	0.004542	0.785280	0.367115	0.498561	-0.373619	0.923085	-0.091228	-0.493705	-0.114633	0.862041
50812	5.073702	-0.899463	8.760227	0.001719	-0.000383	0.001204	0.785266	0.367119	0.498580	-0.373618	0.923084	-0.091244	-0.493729	-0.114627	0.862028
50813	5.102982	-0.911939	8.773491	0.002243	0.000854	0.002895	0.785270	0.367107	0.498582	-0.373604	0.923090	-0.091244	-0.493732	-0.114621	0.862027
50814	5.125164	-0.887535	8.747160	0.002654	0.002086	0.001828	0.785266	0.367120	0.498579	-0.373612	0.923085	-0.091256	-0.493733	-0.114615	0.862028
50815	5.080608	-0.906163	8.782687	0.002541	0.002081	-0.000929	0.785341	0.366922	0.498606	-0.373331	0.923190	-0.091347	-0.493825	-0.114406	0.862002
50816	5.110096	-0.888718	8.778559	0.003961	0.000471	0.004099	0.785320	0.366954	0.498615	-0.373363	0.923176	-0.091360	-0.493834	-0.114418	0.861996
50817	5.102490	-0.911321	8.773841	0.001719	-0.000383	0.001204	0.785282	0.366989	0.498649	-0.373430	0.923152	-0.091323	-0.493844	-0.114496	0.861980
50818	5.117360	-0.895647	8.800788	0.001832	-0.000377	0.003961	0.785258	0.367018	0.498666	-0.373451	0.923141	-0.091353	-0.493867	-0.114491	0.861967
50819	5.095118	-0.904182	8.751696	0.002654	0.002087	0.001828	0.785221	0.367039	0.498709	-0.373498	0.923125	-0.091325	-0.493890	-0.114557	0.861945
50820	5.109916	-0.888572	8.778679	-0.000298	-0.001226	0.003824	0.785193	0.367067	0.498733	-0.373507	0.923116	-0.091372	-0.493928	-0.114535	0.861926
50821	5.109842	-0.888658	8.778713	0.000935	0.002470	0.000624	0.785284	0.366911	0.498703	-0.373276	0.923202	-0.091448	-0.493957	-0.114342	0.861935
50822	5.087426	-0.912800	8.805204	0.005156	-0.001150	0.003613	0.785257	0.366936	0.498727	-0.373310	0.923189	-0.091447	-0.493974	-0.114370	0.861922
50823	5.102409	-0.881274	8.756628	0.000935	0.002470	0.000624	0.785241	0.366916	0.498768	-0.373301	0.923194	-0.091432	-0.494007	-0.114395	0.861899
50824	5.109538	-0.888245	8.778932	0.003961	0.000472	0.004099	0.785220	0.366947	0.498777	-0.373332	0.923180	-0.091444	-0.494016	-0.114406	0.861893
50825	5.080197	-0.875582	8.765719	0.001718	-0.000383	0.001204	0.785238	0.366850	0.498821	-0.373184	0.923233	-0.091515	-0.494100	-0.114291	0.861860
50826	5.101972	-0.910670	8.774209	0.005155	-0.001149	0.003612	0.785211	0.366875	0.498845	-0.373218	0.923219	-0.091514	-0.494117	-0.114319	0.861846
50827	5.109652	-0.887820	8.778909	0.001307	-0.001615	0.002271	0.785256	0.366821	0.498814	-0.373161	0.923244	-0.091494	-0.494089	-0.114292	0.861866
50828	5.109735	-0.887731	8.778869	0.003437	-0.000766	0.002408	0.785236	0.366835	0.498835	-0.373177	0.923237	-0.091502	-0.494109	-0.114303	0.861853
50829	5.087709	-0.881954	8.787860	0.003736	0.000459	-0.001416	0.785229	0.366804	0.498869	-0.373168	0.923245	-0.091463	-0.494127	-0.114342	0.861838
50830	5.094828	-0.902827	8.752005	0.003960	0.000473	0.004098	0.785209	0.366835	0.498878	-0.373199	0.923231	-0.091475	-0.494136	-0.114354	0.861831
50831	5.102485	-0.880087	8.756703	0.000896	-0.002846	0.003338	0.785139	0.366870	0.498962	-0.373253	0.923209	-0.091474	-0.494205	-0.114419	0.861783
50832	5.131881	-0.892550	8.769905	0.003848	0.000466	0.001341	0.785129	0.366876	0.498973	-0.373262	0.923205	-0.091473	-0.494214	-0.114430	0.861776
50833	5.080197	-0.904173	8.783130	0.001830	-0.000376	0.003961	0.785105	0.366873	0.499013	-0.373222	0.923214	-0.091548	-0.494282	-0.114367	0.861745
50834	5.088106	-0.851654	8.770389	0.001718	-0.000383	0.001204	0.785091	0.366876	0.499032	-0.373219	0.923214	-0.091566	-0.494307	-0.114361	0.861732
50835	5.080217	-0.904123	8.783124	0.001830	-0.000376	0.003961	0.785053	0.366882	0.499089	-0.373228	0.923209	-0.091577	-0.494361	-0.114381	0.861698
50836	5.102272	-0.909547	8.774152	0.003436	-0.000766	0.002408	0.785032	0.366896	0.499110	-0.373243	0.923202	-0.091586	-0.494382	-0.114392	0.861685
50837	5.087874	-0.881158	8.787844	0.003436	-0.000765	0.002408	0.784900	0.366997	0.499245	-0.373418	0.923137	-0.091523	-0.494460	-0.114591	0.861614
50838	5.102412	-0.909235	8.774103	0.003024	-0.001997	0.003475	0.784869	0.367019	0.499277	-0.373440	0.923127	-0.091540	-0.494493	-0.114603	0.861593
50839	5.110099	-0.886365	8.778795	0.001606	-0.000390	-0.001553	0.784883	0.366985	0.499280	-0.373418	0.923139	-0.091509	-0.494487	-0.114616	0.861595
50840	5.103015	-0.879243	8.756479	0.002201	-0.004459	0.005608	0.784833	0.367024	0.499331	-0.373452	0.923122	-0.091543	-0.494541	-0.114630	0.861562
50841	5.095808	-0.872161	8.734231	0.002653	0.002087	0.001827	0.784881	0.367007	0.499267	-0.373453	0.923126	-0.091489	-0.494464	-0.114645	0.861605
50842	5.110411	-0.886099	8.778640	0.004218	-0.003618	0.002989	0.784844	0.367023	0.499312	-0.373477	0.923116	-0.091493	-0.494504	-0.114674	0.861578
50843	5.102801	-0.908657	8.773937	0.003177	0.003326	0.003517	0.784801	0.366995	0.499402	-0.373438	0.923129	-0.091529	-0.494603	-0.114664	0.861522
50844	5.124937	-0.884310	8.747620	0.002241	0.000856	0.002894	0.784786	0.367016	0.499410	-0.373451	0.923121	-0.091550	-0.494616	-0.114658	0.861515
50845	5.110020	-0.885838	8.778894	0.002765	0.002095	0.004583	0.784770	0.367118	0.499361	-0.373590	0.923070	-0.091504	-0.494537	-0.114746	0.861549
50846	5.117022	-0.892841	8.801270	0.003176	0.003327	0.003516	0.784765	0.367147	0.499346	-0.373613	0.923059	-0.091520	-0.494527	-0.114741	0.861555
50847	5.124345	-0.870050	8.806164	0.000935	0.002470	0.000623	0.784723	0.367096	0.499450	-0.373575	0.923075	-0.091510	-0.494623	-0.114772	0.861496
50848	5.101837	-0.908356	8.774528	0.003023	-0.001996	0.003475	0.784692	0.367118	0.499482	-0.373596	0.923065	-0.091526	-0.494655	-0.114785	0.861476
50849	5.123694	-0.913876	8.765664	0.000264	0.005331	0.002798	0.784738	0.366996	0.499500	-0.373410	0.923132	-0.091604	-0.494723	-0.114633	0.861457
50850	5.094199	-0.901154	8.752543	0.008587	-0.001912	0.006019	0.784698	0.367042	0.499529	-0.373480	0.923106	-0.091586	-0.494734	-0.114697	0.861443
50851	5.116364	-0.892234	8.801714	0.002129	0.000849	0.000137	0.784721	0.366980	0.499539	-0.373423	0.923132	-0.091560	-0.494741	-0.114690	0.861439
50852	5.101353	-0.907735	8.774873	0.002652	0.002088	0.001826	0.784717	0.366991	0.499537	-0.373430	0.923128	-0.091572	-0.494742	-0.114684	0.861439
50853	5.108912	-0.884706	8.779653	0.006758	-0.001537	0.002059	0.784754	0.366982	0.499485	-0.373437	0.923129	-0.091526	-0.494677	-0.114701	0.861474
50854	5.093997	-0.900056	8.752774	0.002652	0.002088	0.001826	0.784750	0.366994	0.499483	-0.373444	0.923126	-0.091537	-0.494679	-0.114695	0.861474
50855	5.130715	-0.889696	8.770877	0.002541	0.002080	-0.000931	0.784735	0.367000	0.499502	-0.373478	0.923116	-0.091496	-0.494677	-0.114753	0.861468
50856	5.108605	-0.883763	8.779927	0.007169	-0.000306	0.000991	0.784722	0.367001	0.499521	-0.373500	0.923110	-0.091464	-0.494680	-0.114797	0.861460
50857	5.093620	-0.885007	8.811262	0.000153	0.005323	0.000040	0.784729	0.367015	0.499501	-0.373520	0.923103	-0.091452	-0.494655	-0.114808	0.861473
50858	5.093309	-0.898995	8.753283	0.005151	-0.001146	0.003611	0.784702	0.367039	0.499525	-0.373553	0.923090	-0.091451	-0.494673	-0.114837	0.861459
50859	5.122900	-0.881478	8.749099	0.004258	0.001698	0.000273	0.784768	0.366945	0.499491	-0.373452	0.923133	-0.091426	-0.494645	-0.114787	0.861481
50860	5.071022	-0.892832	8.762457	0.004781	0.002938	0.001962	0.784767	0.366959	0.499481	-0.373470	0.923127	-0.091420	-0.494632	-0.114798	0.861488
50861	5.129560	-0.887887	8.771736	0.003998	0.005791	0.001380	0.784850	0.366861	0.499424	-0.373357	0.923174	-0.091399	-0.494586	-0.114729	0.861523
50862	5.099789	-0.875094	8.758774	0.003586	0.004560	0.002448	0.784856	0.366881	0.499400	-0.373373	0.923167	-0.091406	-0.494564	-0.114722	0.861536
50863	5.106561	-0.882014	8.781292	0.002392	0.006182	0.002933	0.784902	0.366831	0.499364	-0.373308	0.923193	-0.091407	-0.494541	-0.114671	0.861557
50864	5.083705	-0.920058	8.749902	0.008102	0.002166	0.001614	0.784899	0.366840	0.499362	-0.373340	0.923184	-0.091371	-0.494521	-0.114715	0.861562
50865	5.113674	-0.858660	8.786355	0.001827	-0.000372	0.003960	0.784807	0.366923	0.499445	-0.373434	0.923143	-0.091398	-0.494595	-0.114780	0.861511
50866	5.105836	-0.881391	8.781776	0.000153	0.005324	0.000039	0.784826	0.366921	0.499416	-0.373414	0.923149	-0.091422	-0.494581	-0.114738	0.861525
50867	5.090709	-0.896924	8.755008	0.003845	0.000468	0.001340	0.784807	0.366880	0.499477	-0.373371	0.923166	-0.091430	-0.494644	-0.114735	0.861489
50868	5.090681	-0.896811	8.755036	0.001827	-0.000372	0.003960	0.784782	0.366908	0.499495	-0.373390	0.923155	-0.091459	-0.494668	-0.114730	0.861476
50869	5.134708	-0.893804	8.795305	-0.000671	0.002862	0.002174	0.784755	0.366901	0.499543	-0.373374	0.923159	-0.091486	-0.494723	-0.114722	0.861445
50870	5.120009	-0.879736	8.750966	0.003955	0.000477	0.004097	0.784735	0.366932	0.499553	-0.373405	0.923145	-0.091497	-0.494733	-0.114734	0.861438
50871	5.097910	-0.874014	8.759975	0.003845	0.000468	0.001340	0.784713	0.366964	0.499563	-0.373479	0.923121	-0.091438	-0.494711	-0.114823	0.861438
50872	5.104762	-0.910607	8.799763	0.003955	0.000478	0.004097	0.784692	0.366995	0.499573	-0.373509	0.923108	-0.091449	-0.494721	-0.114835	0.861431
50873	5.119505	-0.908975	8.768620	0.001716	-0.000381	0.001204	0.784690	0.366930	0.499624	-0.373441	0.923135	-0.091449	-0.494776	-0.114821	0.861402
50874	5.105236	-0.880584	8.782205	0.004214	-0.003615	0.002990	0.784653	0.366945	0.499671	-0.373465	0.923125	-0.091452	-0.494817	-0.114851	0.861374
50875	5.127315	-0.885930	8.773247	0.002651	0.002090	0.001825	0.784638	0.366929	0.499706	-0.373440	0.923133	-0.091472	-0.494859	-0.114838	0.861352
50876	5.097944	-0.873208	8.760036	0.003432	-0.000763	0.002408	0.784618	0.366942	0.499728	-0.373455	0.923127	-0.091479	-0.494880	-0.114850	0.861338
50877	5.127221	-0.885614	8.773333	0.003954	0.000478	0.004096	0.784545	0.367022	0.499785	-0.373593	0.923077	-0.091418	-0.494892	-0.114995	0.861312
50878	5.075470	-0.897118	8.786585	0.002128	0.000849	0.000136	0.784540	0.367016	0.499795	-0.373584	0.923080	-0.091425	-0.494905	-0.114989	0.861305
50879	5.127103	-0.885143	8.773450	0.007276	-0.000294	0.003748	0.784540	0.367052	0.499771	-0.373661	0.923056	-0.091356	-0.494849	-0.115072	0.861326
50880	5.127171	-0.884876	8.773437	0.003019	-0.001993	0.003475	0.784509	0.367073	0.499803	-0.373682	0.923045	-0.091372	-0.494881	-0.115085	0.861306
50881	5.097487	-0.902015	8.777710	0.002761	0.002101	0.004581	0.784560	0.367027	0.499756	-0.373629	0.923068	-0.091357	-0.494840	-0.115048	0.861335
50882	5.126931	-0.884690	8.773596	0.002540	0.002080	-0.000932	0.784567	0.367012	0.499757	-0.373613	0.923075	-0.091355	-0.494842	-0.115042	0.861334
50883	5.119243	-0.907226	8.768955	0.001716	-0.000381	0.001204	0.784544	0.366976	0.499819	-0.373564	0.923092	-0.091383	-0.494914	-0.115020	0.861296
50884	5.097487	-0.871787	8.760443	0.004366	0.001709	0.003028	0.784534	0.366997	0.499819	-0.373588	0.923082	-0.091385	-0.494912	-0.115032	0.861295
50885	5.089797	-0.894344	8.755802	0.001716	-0.000381	0.001204	0.784487	0.366993	0.499897	-0.373586	0.923081	-0.091400	-0.494989	-0.115053	0.861248
50886	5.126773	-0.884150	8.773742	0.001303	-0.001611	0.002272	0.784462	0.367003	0.499927	-0.373589	0.923078	-0.091425	-0.495025	-0.115048	0.861228
50887	5.089963	-0.894167	8.755723	0.005147	-0.001143	0.003611	0.784503	0.366922	0.499923	-0.373479	0.923120	-0.091450	-0.495044	-0.114967	0.861228
50888	5.097208	-0.901021	8.777974	0.000412	0.001230	-0.001068	0.784506	0.366905	0.499931	-0.373451	0.923130	-0.091466	-0.495061	-0.114944	0.861222
50889	5.105007	-0.878266	8.782571	-0.000154	-0.005324	-0.000037	0.784452	0.366898	0.500021	-0.373454	0.923128	-0.091469	-0.495143	-0.114982	0.861169
50890	5.105485	-0.878254	8.782294	0.003387	-0.006075	0.005126	0.784395	0.366929	0.500087	-0.373490	0.923112	-0.091491	-0.495207	-0.115012	0.861129
50891	5.083380	-0.916526	8.750461	0.004212	-0.003614	0.002990	0.784374	0.366876	0.500159	-0.373456	0.923128	-0.091460	-0.495265	-0.115049	0.861090
50892	5.106154	-0.877955	8.781935	0.002496	-0.003233	0.001787	0.784344	0.366880	0.500204	-0.373460	0.923125	-0.091472	-0.495310	-0.115061	0.861063
50893	5.106507	-0.877718	8.781753	0.005404	-0.005236	0.002505	0.784358	0.366788	0.500249	-0.373362	0.923165	-0.091468	-0.495362	-0.115030	0.861037
50894	5.113762	-0.928473	8.763163	0.001561	-0.005704	0.001166	0.784318	0.366784	0.500315	-0.373357	0.923166	-0.091485	-0.495429	-0.115043	0.860997
50895	5.099988	-0.900034	8.776460	0.005771	-0.009317	0.004156	0.784268	0.366710	0.500448	-0.373289	0.923193	-0.091490	-0.495560	-0.115059	0.860919
50896	5.100928	-0.870060	8.758612	0.001973	-0.004474	0.000098	0.784238	0.366697	0.500505	-0.373277	0.923197	-0.091498	-0.495616	-0.115070	0.860885
50897	5.094114	-0.892595	8.753470	0.003899	-0.014258	0.002915	0.784130	0.366719	0.500657	-0.373345	0.923172	-0.091468	-0.495736	-0.115195	0.860800
50898	5.102714	-0.869726	8.757605	0.002339	-0.008554	0.001749	0.784073	0.366716	0.500748	-0.373348	0.923170	-0.091481	-0.495822	-0.115225	0.860746
50899	5.110794	-0.876572	8.779374	0.003531	-0.010176	0.001263	0.783985	0.366685	0.500909	-0.373373	0.923166	-0.091419	-0.495944	-0.115354	0.860659
50900	5.089313	-0.914801	8.747192	0.002182	-0.013875	0.001711	0.783902	0.366676	0.501045	-0.373375	0.923164	-0.091434	-0.496073	-0.115403	0.860578
50901	5.134987	-0.881901	8.769164	0.000989	-0.012253	0.002196	0.783828	0.366647	0.501182	-0.373368	0.923167	-0.091424	-0.496195	-0.115465	0.860499
50902	5.150824	-0.866012	8.795541	0.005657	-0.009325	0.001397	0.783769	0.366640	0.501280	-0.373386	0.923162	-0.091407	-0.496276	-0.115529	0.860444
50903	5.099819	-0.891579	8.750250	0.003639	-0.010161	0.004018	0.783691	0.366688	0.501367	-0.373492	0.923125	-0.091344	-0.496319	-0.115671	0.860400
50904	5.137518	-0.881164	8.767756	0.004353	-0.007714	-0.000874	0.783648	0.366662	0.501453	-0.373485	0.923130	-0.091326	-0.496392	-0.115717	0.860351
50905	5.138458	-0.851130	8.749895	0.003273	-0.006081	0.002367	0.783547	0.366618	0.501642	-0.373457	0.923140	-0.091337	-0.496572	-0.115775	0.860240
50906	5.138739	-0.880727	8.767084	0.002336	-0.008551	0.001747	0.783490	0.366615	0.501733	-0.373461	0.923137	-0.091350	-0.496659	-0.115806	0.860185
50907	5.131939	-0.873651	8.744586	0.002605	-0.003218	0.004540	0.783465	0.366609	0.501777	-0.373458	0.923138	-0.091355	-0.496702	-0.115819	0.860159
50908	5.139274	-0.910284	8.784130	0.004987	-0.006460	0.003569	0.783412	0.366625	0.501849	-0.373488	0.923126	-0.091354	-0.496762	-0.115867	0.860118
50909	5.117697	-0.904388	8.792889	0.005813	-0.004002	0.001433	0.783401	0.366598	0.501885	-0.373488	0.923130	-0.091309	-0.496779	-0.115916	0.860101
50910	5.118426	-0.874262	8.775157	0.005399	-0.005230	0.002500	0.783358	0.366605	0.501946	-0.373512	0.923121	-0.091299	-0.496828	-0.115963	0.860066
50911	5.155536	-0.878022	8.734795	0.005923	-0.003989	0.004188	0.783373	0.366549	0.501965	-0.373471	0.923142	-0.091260	-0.496836	-0.115979	0.860060
50912	5.133421	-0.901942	8.761208	0.002906	-0.002001	0.000716	0.783353	0.366544	0.502000	-0.373469	0.923142	-0.091263	-0.496870	-0.115991	0.860039
50913	5.111760	-0.866348	8.752663	0.002430	0.002065	-0.003690	0.783363	0.366518	0.502003	-0.373481	0.923145	-0.091190	-0.496845	-0.116053	0.860045
50914	5.133796	-0.871812	8.743679	0.001001	-0.002824	0.006094	0.783318	0.366562	0.502041	-0.373512	0.923128	-0.091236	-0.496891	-0.116051	0.860018
50915	5.135439	-0.754617	8.807033	-0.004447	-0.002901	0.006312	0.783285	0.366566	0.502089	-0.373477	0.923134	-0.091318	-0.496970	-0.115991	0.859981
50916	5.199678	-0.919764	8.734017	-0.013578	0.001873	0.005232	0.783268	0.366607	0.502087	-0.373429	0.923137	-0.091485	-0.497034	-0.115837	0.859964
50917	5.163806	-0.784246	8.762366	-0.016356	0.013312	0.011169	0.783323	0.366626	0.501987	-0.373324	0.923160	-0.091678	-0.497025	-0.115590	0.860003
50918	5.183449	-0.835925	8.713714	-0.018836	0.025971	0.013282	0.783395	0.366769	0.501770	-0.373313	0.923139	-0.091930	-0.496921	-0.115299	0.860102
50919	5.210808	-0.777705	8.751408	-0.029312	0.036483	0.016543	0.783494	0.366981	0.501459	-0.373325	0.923102	-0.092258	-0.496755	-0.114924	0.860248
50920	5.176811	-0.828546	8.775196	-0.034799	0.049969	0.027266	0.783633	0.367281	0.501023	-0.373343	0.923048	-0.092718	-0.496522	-0.114397	0.860453
50921	5.165779	-0.722857	8.761108	-0.043388	0.061330	0.025139	0.783851	0.367531	0.500498	-0.373275	0.923027	-0.093205	-0.496229	-0.113764	0.860706
50922	5.114645	-0.791070	8.759022	-0.052862	0.074367	0.031753	0.784094	0.367899	0.499847	-0.373240	0.922976	-0.093843	-0.495871	-0.112981	0.861015
50923	5.194493	-0.879053	8.762031	-0.051249	0.088769	0.031364	0.784409	0.368241	0.499101	-0.373176	0.922940	-0.094454	-0.495422	-0.112162	0.861381
50924	5.170764	-0.931073	8.756814	-0.061026	0.096506	0.035163	0.784748	0.368664	0.498255	-0.373128	0.922885	-0.095178	-0.494921	-0.111222	0.861791
50925	5.154197	-0.930734	8.739407	-0.054090	0.110994	0.031810	0.785173	0.369051	0.497297	-0.373091	0.922837	-0.095784	-0.494273	-0.110330	0.862277
50926	5.189170	-0.831392	8.791115	-0.064690	0.121632	0.035001	0.785636	0.369498	0.496233	-0.373025	0.922785	-0.096540	-0.493588	-0.109262	0.862805
50927	5.028877	-0.982096	8.718314	-0.064497	0.132403	0.035033	0.786101	0.369986	0.495133	-0.373028	0.922709	-0.097250	-0.492845	-0.108250	0.863357
50928	4.982122	-0.838316	8.810783	-0.065777	0.124681	0.031562	0.786590	0.370402	0.494044	-0.372930	0.922670	-0.097997	-0.492138	-0.107160	0.863896
50929	5.028260	-0.944751	8.819867	-0.064582	0.123154	0.033789	0.787098	0.370816	0.492922	-0.372871	0.922622	-0.098669	-0.491369	-0.106134	0.864461
50930	5.136455	-0.796802	8.891722	-0.066817	0.126546	0.042958	0.787552	0.371336	0.491804	-0.372860	0.922539	-0.099482	-0.490650	-0.105027	0.865004
50931	5.021058	-0.812369	8.847926	-0.078896	0.153708	0.042247	0.788074	0.371958	0.490496	-0.372927	0.922421	-0.100323	-0.489760	-0.103857	0.865650
50932	4.951630	-1.157154	8.789846	-0.087559	0.135660	0.040379	0.788580	0.372461	0.489300	-0.372795	0.922368	-0.101302	-0.489045	-0.102523	0.866212
50933	5.011780	-1.262826	8.768171	-0.056363	0.132302	0.034245	0.789103	0.372915	0.488110	-0.372815	0.922292	-0.101918	-0.488186	-0.101551	0.866811
50934	4.906013	-1.079164	8.891786	-0.057311	0.120430	0.029666	0.789573	0.373301	0.487054	-0.372748	0.922245	-0.102583	-0.487477	-0.100552	0.867326
50935	4.969071	-1.240029	8.769934	-0.049590	0.097050	0.027289	0.789946	0.373662	0.486171	-0.372755	0.922183	-0.103110	-0.486867	-0.099771	0.867759
50936	4.932424	-1.071538	8.866262	-0.034715	0.093480	0.021720	0.790312	0.373946	0.485356	-0.372736	0.922143	-0.103541	-0.486286	-0.099080	0.868164
50937	4.924428	-1.119154	8.829184	-0.033799	0.081147	0.021139	0.790633	0.374169	0.484662	-0.372675	0.922122	-0.103950	-0.485812	-0.098435	0.868503
50938	4.872352	-1.184716	8.825960	-0.019854	0.069699	0.017673	0.790898	0.374391	0.484057	-0.372696	0.922081	-0.104231	-0.485363	-0.097970	0.868806
50939	4.985644	-1.032157	8.897046	-0.018862	0.062702	0.014395	0.791142	0.374559	0.483529	-0.372699	0.922055	-0.104454	-0.484964	-0.097573	0.869074
50940	4.964629	-1.079703	8.889753	-0.017667	0.061076	0.013915	0.791379	0.374737	0.483003	-0.372702	0.922026	-0.104698	-0.484575	-0.097160	0.869337
50941	4.847774	-1.170735	8.870254	-0.015373	0.052426	0.012924	0.791596	0.374893	0.482526	-0.372731	0.921996	-0.104860	-0.484198	-0.096846	0.869582
50942	4.837120	-1.164707	8.849928	-0.004201	0.033470	0.004841	0.791733	0.374961	0.482249	-0.372728	0.921988	-0.104943	-0.483977	-0.096661	0.869726
50943	4.930887	-1.077789	8.904294	0.002184	0.021100	0.001392	0.791836	0.374960	0.482080	-0.372706	0.921997	-0.104941	-0.483824	-0.096578	0.869820
50944	4.855305	-1.126393	8.884632	0.011548	0.012047	-0.004010	0.791902	0.374925	0.481998	-0.372709	0.922007	-0.104844	-0.483714	-0.096619	0.869877
50945	4.876946	-1.173878	8.835603	0.017563	0.003804	-0.009106	0.791969	0.374795	0.481990	-0.372658	0.922048	-0.104660	-0.483644	-0.096730	0.869903
50946	4.885278	-1.105169	8.881668	0.027907	-0.017646	-0.015057	0.791933	0.374629	0.482178	-0.372652	0.922083	-0.104368	-0.483708	-0.097033	0.869834
50947	4.910398	-1.077240	8.855269	0.036609	-0.023790	-0.015547	0.791935	0.374352	0.482390	-0.372566	0.922161	-0.103992	-0.483770	-0.097368	0.869762
50948	4.920955	-1.006655	8.900241	0.045487	-0.039435	-0.017181	0.791801	0.374145	0.482770	-0.372628	0.922187	-0.103536	-0.483941	-0.097914	0.869606
50949	5.020111	-0.944314	8.968731	0.045769	-0.043549	-0.018291	0.791679	0.373929	0.483138	-0.372712	0.922211	-0.103021	-0.484077	-0.098511	0.869462
50950	4.949472	-1.018642	8.963704	0.046990	-0.050534	-0.013303	0.791477	0.373746	0.483609	-0.372812	0.922220	-0.102571	-0.484330	-0.099113	0.869253
50951	4.991255	-0.960387	9.021091	0.049721	-0.063287	-0.009885	0.791252	0.373522	0.484150	-0.372892	0.922242	-0.102089	-0.484636	-0.099757	0.869009
50952	5.013583	-0.923954	8.970084	0.050929	-0.070254	-0.004902	0.790923	0.373397	0.484784	-0.373078	0.922215	-0.101646	-0.485030	-0.100468	0.868707
50953	4.788946	-1.105580	8.976757	0.064378	-0.088274	-0.004588	0.790483	0.373221	0.485637	-0.373290	0.922189	-0.101107	-0.485584	-0.101359	0.868294
50954	4.950304	-1.083298	9.144908	0.073647	-0.122788	-0.003027	0.789891	0.373058	0.486724	-0.373601	0.922132	-0.100476	-0.486307	-0.102475	0.867758
50955	4.768650	-1.179268	9.192096	0.092700	-0.150140	-0.001306	0.789192	0.372806	0.488049	-0.373929	0.922083	-0.099696	-0.487189	-0.103816	0.867104
50956	4.585523	-1.612803	9.237412	0.119098	-0.215694	-0.014138	0.788186	0.372439	0.489951	-0.374376	0.922018	-0.098618	-0.488473	-0.105697	0.866154
50957	4.360050	-1.847882	9.439872	0.178344	-0.303746	-0.037015	0.786892	0.371684	0.492598	-0.374844	0.922009	-0.096904	-0.490197	-0.108394	0.864845
50958	4.446055	-1.369496	9.664502	0.190992	-0.442285	-0.062393	0.784945	0.370612	0.496497	-0.375270	0.922038	-0.094969	-0.492985	-0.111775	0.862828
50959	4.819573	-1.599877	9.942988	0.178848	-0.517993	-0.081622	0.782658	0.369281	0.501076	-0.375543	0.922127	-0.093004	-0.496401	-0.115385	0.860391
50960	3.723718	-2.527271	10.078118	0.233862	-0.641404	-0.127925	0.779935	0.367336	0.506721	-0.375686	0.922330	-0.090373	-0.500561	-0.119883	0.857360
50961	-0.478166	-1.729087	11.153692	0.264202	-1.051236	-0.327613	0.775870	0.362978	0.516016	-0.374407	0.923224	-0.086467	-0.507784	-0.126113	0.852203
50962	3.970534	0.140802	12.139479	-0.304093	-1.686000	-0.418955	0.768740	0.356941	0.530689	-0.369583	0.925128	-0.086874	-0.521964	-0.129350	0.843102
50963	6.215724	0.396110	11.886610	-0.553744	-1.560382	-0.433732	0.762108	0.350886	0.544124	-0.363281	0.927397	-0.089228	-0.535928	-0.129669	0.834247
50964	3.245554	0.522945	12.244962	-0.817972	-1.426878	-0.501944	0.756157	0.344382	0.556442	-0.355007	0.930199	-0.093276	-0.549724	-0.127009	0.825634
50965	2.476797	-0.321936	14.139176	-1.016086	-1.483276	-0.605612	0.750081	0.336860	0.569126	-0.344746	0.933546	-0.098199	-0.564384	-0.122547	0.816366
50966	1.388844	-1.330439	14.156019	-0.813473	-1.342489	-0.792273	0.745099	0.327814	0.580832	-0.334154	0.937170	-0.100270	-0.577208	-0.119377	0.807825
50967	-1.197330	-1.133266	12.436917	-0.902662	-1.512724	-0.915688	0.739204	0.317424	0.593986	-0.322042	0.941193	-0.102195	-0.591495	-0.115745	0.797958
50968	2.381038	-3.654030	12.460311	-0.889771	-1.476534	-0.914957	0.733251	0.307102	0.606655	-0.309956	0.945070	-0.103778	-0.605202	-0.111941	0.788162
50969	4.765951	-5.814233	13.008789	-0.341952	-1.031997	-0.915495	0.729772	0.297329	0.615653	-0.301221	0.948203	-0.100877	-0.613758	-0.111831	0.781534
50970	1.157925	-4.326220	13.631889	0.214000	-0.365014	-0.909651	0.730233	0.288268	0.619404	-0.295871	0.950630	-0.093608	-0.615808	-0.114908	0.779472
50971	-1.946041	-2.365302	13.074777	0.311260	0.056847	-0.878610	0.733203	0.280032	0.619674	-0.291350	0.952759	-0.085827	-0.614434	-0.117613	0.780152
50972	-3.432423	-0.744032	12.307114	0.158310	0.223465	-0.830730	0.736962	0.272362	0.618632	-0.286189	0.954872	-0.079466	-0.612358	-0.118482	0.781652
50973	-3.814974	-0.862907	11.701460	-0.133948	0.345240	-0.810404	0.741484	0.265031	0.616409	-0.279259	0.957231	-0.075648	-0.610095	-0.116046	0.783784
50974	-2.781951	-1.508013	11.789296	-0.335851	0.530074	-0.817450	0.746950	0.257788	0.612872	-0.271106	0.959756	-0.073280	-0.607098	-0.111416	0.786777
50975	-1.993560	-2.265874	11.952873	-0.404434	0.810382	-0.778387	0.754016	0.251281	0.606892	-0.262768	0.962175	-0.071916	-0.602008	-0.105246	0.791524
50976	-1.427529	-2.469897	11.943588	-0.429991	1.114563	-0.691844	0.762466	0.245741	0.598546	-0.254924	0.964337	-0.071183	-0.594693	-0.098309	0.797920
50977	-1.064254	-2.562096	11.547724	-0.409387	1.382713	-0.568694	0.772087	0.241754	0.587738	-0.248261	0.966070	-0.071243	-0.585019	-0.090906	0.805908
50978	-0.791007	-2.457703	11.200353	-0.408480	1.596374	-0.451249	0.782433	0.238771	0.575140	-0.242362	0.967514	-0.071951	-0.573636	-0.083095	0.814884
50979	-0.373275	-2.289993	11.119992	-0.436268	1.737232	-0.335284	0.793097	0.237091	0.561057	-0.237323	0.968620	-0.073844	-0.560959	-0.074586	0.824477
50980	0.572880	-2.242949	11.087316	-0.479359	1.827261	-0.209692	0.803709	0.236331	0.546077	-0.232969	0.969456	-0.076682	-0.547520	-0.065589	0.834218
50981	1.526986	-2.326204	10.984513	-0.502189	1.918172	-0.076275	0.814224	0.237077	0.529937	-0.229919	0.969864	-0.080626	-0.533081	-0.056195	0.844196
50982	2.005241	-2.535909	10.593605	-0.465854	1.981210	0.031773	0.824555	0.238400	0.513104	-0.227710	0.970032	-0.084771	-0.517936	-0.046940	0.854130
50983	2.010182	-2.658353	10.185713	-0.379325	1.969969	0.088385	0.834441	0.240335	0.495930	-0.226630	0.969932	-0.088721	-0.502341	-0.038360	0.863818
50984	2.568869	-2.434383	10.150396	-0.310288	1.858098	0.129255	0.843337	0.242225	0.479698	-0.226158	0.969730	-0.092070	-0.487479	-0.030841	0.872590
50985	3.623104	-2.054125	10.360800	-0.304951	1.716494	0.212739	0.851137	0.245069	0.464227	-0.226720	0.969219	-0.095977	-0.473458	-0.023560	0.880501
50986	4.994935	-1.663855	10.763699	-0.397759	1.625628	0.362895	0.857896	0.248898	0.449515	-0.227945	0.968403	-0.101177	-0.460495	-0.015665	0.887524
50987	5.833653	-1.741655	10.322083	-0.522296	1.565000	0.543831	0.863748	0.254643	0.434851	-0.230476	0.967013	-0.108474	-0.448129	-0.006529	0.893945
50988	5.925017	-2.293451	10.135062	-0.572483	1.506341	0.702772	0.868771	0.261456	0.420568	-0.234014	0.965211	-0.116641	-0.436434	0.002916	0.899732
50989	6.388380	-2.480112	9.855704	-0.557284	1.422259	0.835517	0.872924	0.269713	0.406519	-0.239115	0.962863	-0.125375	-0.425238	0.012238	0.904999
50990	7.212836	-2.305887	10.072790	-0.501001	1.357877	0.965179	0.876281	0.278766	0.392965	-0.245437	0.960134	-0.133807	-0.414600	0.020805	0.909766
50991	7.433945	-1.723889	9.571422	-0.428026	1.356103	1.064594	0.879210	0.288934	0.378824	-0.253233	0.956909	-0.142119	-0.403563	0.029021	0.914491
50992	7.588765	-1.881105	9.373360	-0.338521	1.327030	1.093220	0.881673	0.298942	0.365083	-0.261495	0.953585	-0.149317	-0.392775	0.036182	0.918923
50993	7.785604	-1.425102	9.307618	-0.235133	1.282837	1.081606	0.883751	0.309030	0.351402	-0.270357	0.950101	-0.155611	-0.381956	0.042517	0.923202
50994	9.063041	-0.859345	9.544036	-0.174502	1.289415	1.101217	0.885573	0.318887	0.337745	-0.279428	0.946564	-0.161049	-0.371054	0.048246	0.927357
50995	9.644645	-0.939788	9.331029	-0.150349	1.346374	1.147127	0.887223	0.329249	0.323157	-0.289185	0.942682	-0.166499	-0.359454	0.054269	0.931583
50996	9.931686	-0.983357	8.617208	-0.106043	1.409416	1.195338	0.888680	0.339687	0.307995	-0.299412	0.938622	-0.171291	-0.347277	0.060006	0.935841
50997	9.975059	-1.199204	7.747349	-0.049704	1.436068	1.224480	0.889801	0.350518	0.292217	-0.310348	0.934256	-0.175641	-0.334571	0.065597	0.940085
50998	9.688042	-0.981613	6.691707	0.023620	1.411913	1.200024	0.890642	0.360744	0.276805	-0.321097	0.930002	-0.178863	-0.321953	0.070422	0.944133
50999	9.449612	-0.040841	5.730993	0.067192	1.360080	1.174451	0.891034	0.370933	0.261663	-0.332020	0.925634	-0.181560	-0.309551	0.074899	0.947929
51000	9.224704	0.218889	4.954094	0.040103	1.235535	1.133215	0.890964	0.380448	0.247876	-0.342228	0.921405	-0.184098	-0.298434	0.079194	0.951139
51001	9.350223	1.089143	4.206518	-0.032806	1.066673	0.955108	0.890734	0.388561	0.235826	-0.350814	0.917612	-0.186862	-0.289004	0.083713	0.953661
51002	7.811442	1.295322	2.941019	-0.013948	0.752688	0.621918	0.890680	0.393620	0.227491	-0.356304	0.915165	-0.188467	-0.282376	0.086808	0.955368
51003	9.286954	4.872545	3.227030	-0.341302	0.329856	0.362979	0.890268	0.396794	0.223557	-0.358705	0.913353	-0.192656	-0.280631	0.091325	0.955461
51004	9.567935	2.551949	1.310521	-0.681529	-0.058390	0.223137	0.889298	0.398887	0.223693	-0.358759	0.911819	-0.199694	-0.283623	0.097335	0.953983
51005	10.197737	1.715642	0.544964	-0.485684	-0.462264	-0.086285	0.888261	0.398634	0.228219	-0.356666	0.911644	-0.204191	-0.289452	0.099977	0.951957
51006	12.140384	0.515721	-1.281704	-0.266923	-0.908326	-0.305352	0.886669	0.396754	0.237496	-0.353162	0.912590	-0.206049	-0.298488	0.098823	0.949284
51007	11.343869	1.088256	-2.256729	0.202032	-1.355396	-0.584432	0.884591	0.392729	0.251520	-0.348617	0.915075	-0.202740	-0.309782	0.091658	0.946379
51008	4.910350	3.272811	-1.313166	0.294776	-1.891867	-0.879023	0.881611	0.386310	0.271160	-0.341780	0.918752	-0.197691	-0.325499	0.081609	0.942014
51009	-2.113287	-1.001701	10.306763	-0.010423	-2.489602	-0.997795	0.876610	0.379003	0.296499	-0.332935	0.922575	-0.194960	-0.347433	0.072190	0.934922
51010	5.267233	-3.584560	17.363787	-0.064560	-2.919057	-0.923327	0.869121	0.372426	0.325463	-0.324630	0.925999	-0.192720	-0.373153	0.061842	0.925707
51011	14.841348	-7.542398	13.699552	0.170945	-2.748046	-0.578809	0.860422	0.368575	0.351890	-0.320254	0.928248	-0.189193	-0.396373	0.050091	0.916722
51012	12.181725	-0.492332	9.642783	0.384099	-2.092445	-0.209225	0.852616	0.367563	0.371408	-0.320003	0.929187	-0.184958	-0.413091	0.038846	0.909861
51013	8.625879	-1.753769	10.392159	0.012146	-1.910226	0.082947	0.844313	0.368959	0.388594	-0.320704	0.928905	-0.185161	-0.429283	0.031710	0.902613
51014	11.903198	-2.472356	12.257463	0.649225	-1.684614	-0.288321	0.837896	0.366711	0.404293	-0.321091	0.930131	-0.178206	-0.441395	0.019503	0.897101
51015	11.411393	2.286680	13.259187	0.598908	-0.795462	-0.388696	0.835625	0.363140	0.412141	-0.320421	0.931669	-0.171238	-0.446163	0.011032	0.894884
51016	4.751497	0.620196	9.081338	0.329800	-0.535975	-0.246847	0.834007	0.360885	0.417367	-0.319823	0.932591	-0.167295	-0.449607	0.006042	0.893206
51017	5.234932	-2.935850	8.771855	0.253131	-0.655354	-0.214618	0.831755	0.358785	0.423624	-0.319065	0.933419	-0.164092	-0.454293	0.001321	0.890851
51018	7.038499	-3.038084	10.094451	0.279643	-0.551666	-0.120037	0.829613	0.357659	0.428744	-0.319328	0.933847	-0.161122	-0.458008	-0.003242	0.888942
51019	4.915972	-2.172548	9.115388	0.361929	-0.307012	-0.092295	0.828520	0.356665	0.431677	-0.320113	0.934201	-0.157471	-0.459437	-0.007717	0.888177
51020	3.500466	-1.546548	9.035018	0.275273	-0.436945	-0.115637	0.826869	0.355541	0.435750	-0.320409	0.934586	-0.154555	-0.462197	-0.011821	0.886698
51021	4.707478	-2.159027	9.196524	0.318968	-0.469223	-0.108771	0.825061	0.354346	0.440129	-0.320882	0.934969	-0.151218	-0.465091	-0.016465	0.885110
51022	5.280910	-1.054893	9.506171	0.325843	-0.401582	-0.100587	0.823503	0.353330	0.443847	-0.321556	0.935265	-0.147920	-0.467379	-0.020909	0.883810
51023	4.990424	-0.507420	9.693331	0.262259	-0.352574	-0.082417	0.822135	0.352366	0.447138	-0.321999	0.935539	-0.145202	-0.469479	-0.024603	0.882601
51024	5.227786	-0.719428	9.639604	0.153354	-0.339361	-0.058001	0.820717	0.351734	0.450230	-0.322228	0.935704	-0.143618	-0.471798	-0.027208	0.881287
51025	4.895057	-1.318677	9.385005	0.122510	-0.298072	-0.031226	0.819429	0.351235	0.452958	-0.322436	0.935826	-0.142356	-0.473890	-0.029399	0.880093
51026	4.714546	-1.388397	9.049074	0.096032	-0.321851	-0.010374	0.817925	0.351039	0.455819	-0.322791	0.935834	-0.141493	-0.476240	-0.031403	0.878754
51027	5.334739	-0.931353	9.332779	0.074315	-0.303267	0.012686	0.816457	0.350937	0.458521	-0.323134	0.935812	-0.140857	-0.478521	-0.033160	0.877449
51028	6.355028	-1.678736	9.046257	0.047897	-0.273121	0.006826	0.815117	0.350906	0.460922	-0.323402	0.935773	-0.140497	-0.480620	-0.034542	0.876248
51029	5.247047	-1.057806	9.188693	0.114418	0.034687	0.033788	0.815195	0.351106	0.460631	-0.324107	0.935663	-0.139605	-0.480012	-0.035488	0.876544
51030	5.032681	-0.313077	9.419667	0.024272	-0.095845	0.048568	0.814569	0.351525	0.461419	-0.324603	0.935485	-0.139645	-0.480739	-0.036028	0.876123
51031	5.611718	-0.787460	9.155954	-0.018533	0.038803	0.078844	0.814523	0.352140	0.461031	-0.325030	0.935266	-0.140122	-0.480529	-0.035716	0.876251
51032	4.910255	-0.709545	9.229565	-0.067301	0.046057	0.102177	0.814404	0.353110	0.460499	-0.325521	0.934931	-0.141211	-0.480398	-0.034900	0.876356
51033	5.249657	-1.035860	9.122816	-0.094459	0.086199	0.123188	0.814443	0.354147	0.459633	-0.325938	0.934582	-0.142552	-0.480049	-0.033712	0.876593
51034	4.798312	-1.125947	9.117128	-0.126231	0.101901	0.138748	0.814471	0.355475	0.458557	-0.326445	0.934133	-0.144323	-0.479657	-0.032147	0.876867
51035	4.628827	-1.465704	8.935477	-0.133238	0.093005	0.136153	0.814500	0.356629	0.457609	-0.326780	0.933746	-0.146060	-0.479380	-0.030571	0.877075
51036	4.366366	-1.703594	8.870838	-0.124988	0.049016	0.131272	0.814297	0.357866	0.457003	-0.327232	0.933316	-0.147785	-0.479415	-0.029205	0.877102
51037	4.786463	-1.506726	9.048079	-0.116399	0.024026	0.124502	0.814032	0.358891	0.456672	-0.327555	0.932958	-0.149321	-0.479645	-0.028033	0.877014
51038	4.219334	-1.441512	8.831775	-0.111024	0.012101	0.117165	0.813698	0.359985	0.456406	-0.327958	0.932569	-0.150857	-0.479936	-0.026930	0.876890
51039	4.584463	-1.475423	9.043645	-0.111089	-0.058589	0.114863	0.813067	0.360898	0.456810	-0.328227	0.932240	-0.152303	-0.480822	-0.026105	0.876430
51040	4.463781	-1.182316	9.031574	-0.102436	-0.051060	0.111900	0.812446	0.361925	0.457102	-0.328625	0.931864	-0.153739	-0.481599	-0.025311	0.876026
51041	4.208645	-1.406515	8.937450	-0.107009	-0.124772	0.113035	0.811500	0.362804	0.458084	-0.328895	0.931536	-0.155141	-0.483007	-0.024765	0.875266
51042	4.904885	-1.342470	9.091443	-0.111120	-0.156304	0.114533	0.810359	0.363830	0.459289	-0.329268	0.931149	-0.156665	-0.484666	-0.024274	0.874362
51043	4.633816	-1.294969	8.998301	-0.106246	-0.141350	0.124064	0.809292	0.364808	0.460393	-0.329624	0.930778	-0.158111	-0.486204	-0.023798	0.873521
51044	4.888800	-1.313391	9.000709	-0.124730	-0.170869	0.138389	0.807995	0.366053	0.461681	-0.330118	0.930304	-0.159865	-0.488023	-0.023239	0.872522
51045	4.811574	-1.415364	9.010967	-0.129198	-0.157535	0.147920	0.806765	0.367248	0.462881	-0.330547	0.929848	-0.161622	-0.489764	-0.022613	0.871562
51046	4.813323	-1.529831	8.884740	-0.143375	-0.170272	0.159138	0.805395	0.368686	0.464122	-0.331107	0.929296	-0.163635	-0.491637	-0.021883	0.870525
51047	4.721985	-1.646884	8.865712	-0.140553	-0.170724	0.158534	0.804059	0.369977	0.465411	-0.331555	0.928799	-0.165540	-0.493519	-0.021206	0.869476
51048	4.732518	-1.974133	8.813281	-0.131303	-0.187569	0.149794	0.802626	0.371325	0.466808	-0.332090	0.928273	-0.167406	-0.495487	-0.020658	0.868370
51049	4.820722	-2.126313	8.725238	-0.097066	-0.188946	0.129572	0.801286	0.372346	0.468294	-0.332515	0.927869	-0.168801	-0.497367	-0.020456	0.867299
51050	4.717406	-2.033732	8.764411	-0.058296	-0.200816	0.100004	0.799945	0.373228	0.469882	-0.333005	0.927510	-0.169802	-0.499195	-0.020641	0.866244
51051	4.915144	-2.112376	8.780594	-0.038943	-0.201254	0.085389	0.798681	0.373840	0.471542	-0.333364	0.927255	-0.170491	-0.500975	-0.021027	0.865206
51052	4.764951	-2.043512	8.713554	0.000265	-0.199878	0.059199	0.797473	0.374342	0.473186	-0.333818	0.927035	-0.170794	-0.502595	-0.021754	0.864248
51053	4.640138	-2.179738	8.691267	0.034589	-0.220270	0.032921	0.796280	0.374465	0.475094	-0.334129	0.926958	-0.170604	-0.504278	-0.022894	0.863238
51054	4.726507	-2.150135	8.699247	0.078200	-0.251169	0.004814	0.794987	0.374446	0.477269	-0.334543	0.926924	-0.169978	-0.506040	-0.024537	0.862161
51055	4.785653	-2.132791	8.708757	0.116496	-0.264243	-0.026526	0.793760	0.374005	0.479651	-0.334802	0.927045	-0.168804	-0.507792	-0.026598	0.861069
51056	4.796460	-1.979898	8.786817	0.157947	-0.289324	-0.042426	0.792423	0.373527	0.482229	-0.335249	0.927162	-0.167267	-0.509583	-0.029121	0.859929
51057	4.981120	-1.823696	8.755511	0.167300	-0.305864	-0.056385	0.791072	0.372788	0.485009	-0.335540	0.927371	-0.165516	-0.511486	-0.031805	0.858703
51058	4.815434	-2.034136	8.657241	0.192498	-0.316898	-0.076566	0.789697	0.371968	0.487871	-0.335901	0.927595	-0.163517	-0.513370	-0.034748	0.857464
51059	4.918874	-1.953947	8.727774	0.221932	-0.331514	-0.101921	0.788355	0.370781	0.490935	-0.336123	0.927941	-0.161077	-0.515283	-0.038029	0.856176
51060	4.840050	-2.035277	8.571322	0.253691	-0.350583	-0.129747	0.786974	0.369432	0.494158	-0.336390	0.928324	-0.158293	-0.517217	-0.041658	0.854840
51061	4.999373	-1.933837	8.628587	0.297635	-0.366012	-0.152980	0.785611	0.367736	0.497580	-0.336619	0.928804	-0.154956	-0.519137	-0.045759	0.853465
51062	4.948994	-1.694481	8.751771	0.313764	-0.389006	-0.170118	0.784152	0.365964	0.501174	-0.336895	0.929281	-0.151456	-0.521159	-0.050078	0.851989
