// General information: 
//  MT Manager version: 2022.2.0 
//  XDA version: 2022.2.0 build 7381 rev 124627 built on 2023-07-19
// Device information: 
//  DeviceId: 00B4CB9F
//  ProductCode: MTW2-3A7G6
//  Firmware Version: 4.6.0
//  Hardware Version: 2.0.0
// Device settings: 
//  Filter Profile: human(46.1)
//  Option Flags: Orientation Smoother Disabled, Position/Velocity Smoother Disabled, Continuous Zero Rotation Update Disabled, AHS Disabled, ICC Disabled
// Coordinate system: ENU
PacketCounter	Acc_X	Acc_Y	Acc_Z	Gyr_X	Gyr_Y	Gyr_Z	Mat[1][1]	Mat[2][1]	Mat[3][1]	Mat[1][2]	Mat[2][2]	Mat[3][2]	Mat[1][3]	Mat[2][3]	Mat[3][3]
19062	9.667869	0.219916	-1.579783	-0.013860	0.003736	-0.018209	-0.142568	-0.072378	0.987135	-0.262560	0.964358	0.032788	-0.954325	-0.254508	-0.156490
19063	9.664466	0.226388	-1.494778	-0.016327	0.008594	-0.015253	-0.142499	-0.072415	0.987142	-0.262401	0.964399	0.032867	-0.954379	-0.254344	-0.156428
19064	9.651428	0.239818	-1.523215	-0.017224	0.011922	-0.003730	-0.142430	-0.072392	0.987154	-0.262247	0.964440	0.032889	-0.954432	-0.254194	-0.156349
19065	9.771890	0.292471	-1.533841	-0.010725	0.015358	-0.010858	-0.142295	-0.072389	0.987174	-0.262164	0.964461	0.032934	-0.954475	-0.254115	-0.156215
19066	9.750035	0.266556	-1.573188	-0.008278	0.034979	-0.011382	-0.141985	-0.072382	0.987219	-0.262106	0.964474	0.033017	-0.954537	-0.254068	-0.155912
19067	9.683686	0.284648	-1.572913	0.002459	0.046515	-0.020065	-0.141509	-0.072416	0.987285	-0.262314	0.964413	0.033141	-0.954551	-0.254289	-0.155469
19068	9.641783	0.280858	-1.471744	-0.011475	0.030777	-0.018769	-0.141219	-0.072491	0.987321	-0.262236	0.964429	0.033302	-0.954615	-0.254208	-0.155206
19069	9.710876	0.263932	-1.507578	-0.003315	0.022815	-0.017257	-0.141030	-0.072596	0.987340	-0.262405	0.964379	0.033426	-0.954596	-0.254369	-0.155056
19070	9.729316	0.318911	-1.591590	0.000329	0.036380	-0.014378	-0.140699	-0.072614	0.987386	-0.262434	0.964367	0.033526	-0.954637	-0.254406	-0.154742
19071	9.699943	0.349469	-1.562718	0.006335	0.035418	-0.016993	-0.140352	-0.072639	0.987433	-0.262617	0.964315	0.033610	-0.954638	-0.254600	-0.154420
19072	9.659702	0.342924	-1.504145	-0.000600	0.034852	-0.015095	-0.140034	-0.072668	0.987477	-0.262638	0.964305	0.033718	-0.954679	-0.254627	-0.154121
19073	9.686335	0.320182	-1.442008	-0.017658	0.029499	-0.018714	-0.139799	-0.072713	0.987506	-0.262505	0.964337	0.033845	-0.954750	-0.254494	-0.153901
19074	9.744158	0.338494	-1.437205	-0.005657	0.034900	-0.011713	-0.139489	-0.072709	0.987551	-0.262473	0.964343	0.033927	-0.954804	-0.254473	-0.153599
19075	9.713197	0.345709	-1.476770	-0.009457	0.058191	-0.012191	-0.138920	-0.072598	0.987639	-0.262425	0.964354	0.033975	-0.954900	-0.254461	-0.153019
19076	9.656528	0.330855	-1.473220	-0.012792	0.049252	-0.022160	-0.138445	-0.072659	0.987701	-0.262339	0.964371	0.034171	-0.954993	-0.254382	-0.152573
19077	9.718014	0.370678	-1.439765	-0.017025	0.041155	-0.020606	-0.138087	-0.072711	0.987747	-0.262274	0.964383	0.034325	-0.955062	-0.254320	-0.152239
19078	9.702076	0.364057	-1.492108	-0.018403	0.049832	-0.014307	-0.137628	-0.072694	0.987813	-0.262124	0.964419	0.034452	-0.955170	-0.254188	-0.151786
19079	9.648845	0.369967	-1.461612	-0.034380	0.050762	-0.014623	-0.137149	-0.072640	0.987883	-0.261820	0.964497	0.034572	-0.955322	-0.253907	-0.151299
19080	9.696096	0.351545	-1.424591	-0.055692	0.059355	-0.014202	-0.136598	-0.072599	0.987963	-0.261314	0.964628	0.034754	-0.955540	-0.253421	-0.150738
19081	9.726965	0.325026	-1.443749	-0.059694	0.063321	-0.019747	-0.135942	-0.072617	0.988052	-0.261002	0.964704	0.034991	-0.955719	-0.253127	-0.150097
19082	9.755175	0.373428	-1.409747	-0.063155	0.071622	-0.017487	-0.135265	-0.072577	0.988148	-0.260428	0.964851	0.035216	-0.955971	-0.252578	-0.149412
19083	9.758288	0.373966	-1.444092	-0.073052	0.083790	-0.017806	-0.134523	-0.072449	0.988258	-0.259650	0.965054	0.035404	-0.956287	-0.251838	-0.148634
19084	9.716746	0.250492	-1.529807	-0.079758	0.095341	-0.022939	-0.133606	-0.072402	0.988386	-0.258924	0.965238	0.035706	-0.956613	-0.251146	-0.147708
19085	9.668586	0.301290	-1.397949	-0.074331	0.097428	-0.021017	-0.132660	-0.072335	0.988519	-0.258381	0.965373	0.035966	-0.956891	-0.250643	-0.146757
19086	9.658013	0.339239	-1.348696	-0.081731	0.087517	-0.014613	-0.131839	-0.072229	0.988636	-0.257624	0.965567	0.036188	-0.957209	-0.249926	-0.145907
19087	9.661311	0.339569	-1.382678	-0.080482	0.076507	-0.011219	-0.131073	-0.072090	0.988748	-0.256974	0.965735	0.036346	-0.957489	-0.249319	-0.145107
19088	9.662296	0.342056	-1.375160	-0.087021	0.073211	-0.016350	-0.130383	-0.072037	0.988843	-0.256169	0.965939	0.036592	-0.957798	-0.248540	-0.144396
19089	9.701288	0.332934	-1.450182	-0.084525	0.068395	-0.019280	-0.129795	-0.071970	0.988925	-0.255312	0.966158	0.036803	-0.958107	-0.247707	-0.143778
19090	9.691107	0.298247	-1.414389	-0.053251	0.059807	-0.016737	-0.129233	-0.071955	0.989000	-0.254830	0.966278	0.037003	-0.958311	-0.247245	-0.143211
19091	9.671222	0.296692	-1.381020	-0.062658	0.061800	-0.024100	-0.128632	-0.071971	0.989077	-0.254272	0.966415	0.037253	-0.958540	-0.246703	-0.142612
19092	9.631516	0.218751	-1.331417	-0.084576	0.056321	-0.021800	-0.128091	-0.072014	0.989145	-0.253496	0.966607	0.037546	-0.958818	-0.245935	-0.142068
19093	9.719842	0.210039	-1.348903	-0.079990	0.049389	-0.020685	-0.127610	-0.072054	0.989204	-0.252913	0.966751	0.037792	-0.959036	-0.245360	-0.141591
19094	9.780975	0.250190	-1.313284	-0.043680	0.060371	-0.018819	-0.127037	-0.072059	0.989277	-0.252525	0.966844	0.037998	-0.959215	-0.244990	-0.141022
19095	9.723393	0.308100	-1.298913	-0.040100	0.059326	-0.018436	-0.126406	-0.072071	0.989357	-0.252369	0.966877	0.038189	-0.959339	-0.244855	-0.140408
19096	9.730769	0.256576	-1.318059	-0.035562	0.072016	-0.014614	-0.125732	-0.072007	0.989448	-0.252053	0.966954	0.038341	-0.959511	-0.244572	-0.139727
19097	9.738668	0.348028	-1.356885	-0.027791	0.066923	-0.018353	-0.125031	-0.071991	0.989537	-0.251991	0.966963	0.038509	-0.959619	-0.244539	-0.139042
19098	9.764880	0.324943	-1.291245	-0.033792	0.065429	-0.015727	-0.124417	-0.071954	0.989618	-0.251693	0.967034	0.038668	-0.959776	-0.244269	-0.138426
19099	9.743438	0.372882	-1.315403	-0.040549	0.082017	-0.020734	-0.123657	-0.071874	0.989719	-0.251296	0.967131	0.038836	-0.959979	-0.243910	-0.137654
19100	9.723256	0.348824	-1.349681	-0.042475	0.086432	-0.022130	-0.122825	-0.071848	0.989824	-0.250923	0.967218	0.039071	-0.960183	-0.243571	-0.136826
19101	9.754666	0.301463	-1.435344	-0.051457	0.102914	-0.033774	-0.121744	-0.071927	0.989952	-0.250748	0.967249	0.039440	-0.960366	-0.243427	-0.135793
19102	9.765821	0.272484	-1.422531	-0.053508	0.117313	-0.035026	-0.120583	-0.071951	0.990092	-0.250284	0.967353	0.039817	-0.960634	-0.243004	-0.134655
19103	9.728377	0.265422	-1.398447	-0.048609	0.127125	-0.025924	-0.119338	-0.071819	0.990253	-0.249882	0.967448	0.040051	-0.960894	-0.242667	-0.133399
19104	9.710695	0.334865	-1.389625	-0.058406	0.129476	-0.026164	-0.118081	-0.071729	0.990410	-0.249360	0.967570	0.040345	-0.961185	-0.242204	-0.132138
19105	9.769734	0.355140	-1.373006	-0.068158	0.141577	-0.023667	-0.116743	-0.071549	0.990582	-0.248726	0.967723	0.040584	-0.961513	-0.241645	-0.130771
19106	9.665811	0.341863	-1.421259	-0.077410	0.160705	-0.025483	-0.115188	-0.071378	0.990776	-0.248019	0.967892	0.040895	-0.961883	-0.241021	-0.129192
19107	9.623124	0.315677	-1.379612	-0.097447	0.153404	-0.021740	-0.113740	-0.071149	0.990960	-0.247116	0.968112	0.041145	-0.962287	-0.240202	-0.127695
19108	9.670567	0.320064	-1.262438	-0.113972	0.150023	-0.017565	-0.112306	-0.070930	0.991139	-0.246047	0.968372	0.041421	-0.962730	-0.239215	-0.126206
19109	9.690710	0.164529	-1.282846	-0.103736	0.159890	-0.021279	-0.110737	-0.070696	0.991332	-0.245163	0.968585	0.041688	-0.963137	-0.238421	-0.124591
19110	9.592957	0.169989	-1.345550	-0.085745	0.159371	-0.016643	-0.109214	-0.070448	0.991519	-0.244364	0.968777	0.041916	-0.963514	-0.237713	-0.123019
19111	9.577611	0.144639	-1.416953	-0.066401	0.127844	-0.011927	-0.107989	-0.070208	0.991670	-0.243838	0.968904	0.042043	-0.963785	-0.237267	-0.121750
19112	9.605441	0.191283	-1.376850	-0.022986	0.104376	-0.002616	-0.107029	-0.069956	0.991792	-0.243628	0.968957	0.042054	-0.963945	-0.237127	-0.120750
19113	9.674628	0.267880	-1.322088	0.013787	0.090080	0.001663	-0.106226	-0.069647	0.991900	-0.243727	0.968937	0.041933	-0.964009	-0.237298	-0.119901
19114	9.693109	0.323681	-1.357037	0.034147	0.074515	0.012537	-0.105592	-0.069319	0.991991	-0.244051	0.968864	0.041725	-0.963997	-0.237691	-0.119221
19115	9.762882	0.376420	-1.375043	0.065608	0.062969	0.017620	-0.105023	-0.068944	0.992077	-0.244794	0.968691	0.041404	-0.963870	-0.238507	-0.118612
19116	9.727763	0.475644	-1.291110	0.077390	0.051268	0.019304	-0.104629	-0.068604	0.992142	-0.245529	0.968519	0.041078	-0.963726	-0.239302	-0.118180
19117	9.737975	0.554345	-1.175734	0.068396	0.040591	0.014238	-0.104326	-0.068264	0.992198	-0.246051	0.968400	0.040755	-0.963626	-0.239880	-0.117826
19118	9.720551	0.546433	-1.187945	0.061852	0.032518	0.006264	-0.104081	-0.068095	0.992235	-0.246649	0.968255	0.040577	-0.963499	-0.240511	-0.117573
19119	9.766458	0.524214	-1.152557	0.077860	0.029032	0.006682	-0.103854	-0.067883	0.992273	-0.247424	0.968068	0.040331	-0.963325	-0.241323	-0.117333
19120	9.663377	0.498332	-1.058651	0.071970	0.030260	-0.002939	-0.103608	-0.067808	0.992304	-0.248129	0.967891	0.040232	-0.963171	-0.242051	-0.117106
19121	9.692816	0.398313	-1.049729	0.065205	0.036756	0.004228	-0.103280	-0.067621	0.992351	-0.248836	0.967718	0.040044	-0.963023	-0.242797	-0.116772
19122	9.735495	0.328096	-0.912893	0.042742	0.036933	-0.001477	-0.102973	-0.067515	0.992390	-0.249258	0.967612	0.039966	-0.962947	-0.243245	-0.116467
19123	9.730416	0.193756	-1.003254	0.042207	0.052016	0.008503	-0.102625	-0.067257	0.992444	-0.249664	0.967516	0.039751	-0.962879	-0.243698	-0.116083
19124	9.725130	0.173297	-0.983497	0.058348	0.060623	0.014413	-0.102130	-0.066940	0.992516	-0.250220	0.967383	0.039497	-0.962787	-0.244314	-0.115549
19125	9.743567	0.176937	-0.962877	0.080334	0.048455	0.024402	-0.101836	-0.066532	0.992574	-0.250975	0.967204	0.039082	-0.962622	-0.245131	-0.115194
19126	9.779587	0.236319	-0.986422	0.102587	0.041297	0.024887	-0.101554	-0.066160	0.992628	-0.251946	0.966968	0.038674	-0.962398	-0.246161	-0.114868
19127	9.821365	0.364701	-1.083649	0.126960	0.039751	0.017390	-0.101283	-0.065819	0.992678	-0.253135	0.966674	0.038267	-0.962115	-0.247405	-0.114569
19128	9.804764	0.447879	-1.057833	0.150547	0.023703	0.023729	-0.101169	-0.065501	0.992711	-0.254568	0.966315	0.037816	-0.961748	-0.248886	-0.114436
19129	9.774817	0.565388	-0.993608	0.144725	0.017007	0.028832	-0.101132	-0.065132	0.992739	-0.256011	0.965954	0.037294	-0.961369	-0.250380	-0.114364
19130	9.677135	0.606092	-0.975401	0.130611	0.006313	0.027060	-0.101195	-0.064825	0.992752	-0.257248	0.965643	0.036833	-0.961032	-0.251656	-0.114394
19131	9.689242	0.590329	-0.945704	0.096587	0.003069	0.019188	-0.101351	-0.064587	0.992752	-0.258220	0.965398	0.036445	-0.960755	-0.252655	-0.114522
19132	9.721865	0.486575	-0.980981	0.069983	-0.000285	0.017310	-0.101452	-0.064391	0.992754	-0.258884	0.965232	0.036150	-0.960566	-0.253341	-0.114595
19133	9.744850	0.366372	-0.959579	0.062862	-0.000638	0.016483	-0.101518	-0.064158	0.992763	-0.259463	0.965088	0.035837	-0.960403	-0.253947	-0.114621
19134	9.776022	0.285741	-0.925204	0.061046	-0.003745	0.014937	-0.101647	-0.063994	0.992760	-0.260043	0.964941	0.035575	-0.960232	-0.254544	-0.114724
19135	9.790603	0.225758	-1.034927	0.072501	-0.002639	0.014406	-0.101794	-0.063777	0.992759	-0.260640	0.964792	0.035255	-0.960055	-0.255164	-0.114833
19136	9.763212	0.299708	-1.111671	0.083158	0.011551	0.018550	-0.101785	-0.063539	0.992775	-0.261428	0.964591	0.034932	-0.959841	-0.255984	-0.114792
19137	9.725122	0.379698	-1.060702	0.074093	0.030463	0.019126	-0.101618	-0.063238	0.992812	-0.262260	0.964377	0.034583	-0.959632	-0.256860	-0.114583
19138	9.670685	0.380931	-1.033908	0.068635	0.045798	0.020063	-0.101285	-0.062897	0.992867	-0.262907	0.964213	0.034262	-0.959490	-0.257562	-0.114197
19139	9.700986	0.372588	-0.983913	0.031362	0.052910	0.019583	-0.100893	-0.062522	0.992931	-0.263262	0.964127	0.033958	-0.959434	-0.257975	-0.113733
19140	9.800944	0.302254	-1.065390	0.025998	0.060702	0.020382	-0.100418	-0.062139	0.993003	-0.263500	0.964071	0.033682	-0.959418	-0.258274	-0.113184
19141	9.740875	0.334466	-1.080939	0.038682	0.060450	0.025826	-0.099944	-0.061683	0.993079	-0.263947	0.963962	0.033311	-0.959345	-0.258791	-0.112624
19142	9.686612	0.335221	-1.052387	0.039997	0.051561	0.031674	-0.099587	-0.061215	0.993144	-0.264309	0.963877	0.032908	-0.959283	-0.259219	-0.112170
19143	9.724410	0.321077	-1.086281	0.057044	0.049515	0.035701	-0.099288	-0.060697	0.993206	-0.264913	0.963727	0.032413	-0.959147	-0.259895	-0.111766
19144	9.687828	0.327367	-1.043628	0.071281	0.037950	0.034703	-0.099070	-0.060234	0.993256	-0.265572	0.963562	0.031945	-0.958987	-0.260616	-0.111456
19145	9.648869	0.312456	-1.029510	0.069185	0.027412	0.042703	-0.099031	-0.059687	0.993293	-0.266155	0.963420	0.031356	-0.958830	-0.261265	-0.111295
19146	9.688733	0.318188	-1.038046	0.060166	0.031460	0.040390	-0.098891	-0.059186	0.993337	-0.266702	0.963285	0.030844	-0.958692	-0.261875	-0.111046
19147	9.726340	0.303047	-1.074115	0.072640	0.024094	0.040562	-0.098798	-0.058646	0.993378	-0.267255	0.963150	0.030281	-0.958548	-0.262493	-0.110831
19148	9.744910	0.353681	-1.116711	0.086243	0.010553	0.044024	-0.098869	-0.058165	0.993399	-0.268047	0.962948	0.029704	-0.958319	-0.263341	-0.110797
19149	9.796819	0.395325	-1.156778	0.112271	0.007053	0.050542	-0.099029	-0.057594	0.993416	-0.269056	0.962688	0.028992	-0.958020	-0.264414	-0.110830
19150	9.714826	0.419988	-1.151953	0.124713	0.002249	0.050827	-0.099199	-0.057070	0.993430	-0.270210	0.962385	0.028305	-0.957678	-0.265627	-0.110888
19151	9.723597	0.448525	-0.984073	0.118000	-0.011055	0.055038	-0.099496	-0.056547	0.993430	-0.271541	0.962032	0.027564	-0.957270	-0.267015	-0.111073
19152	9.741499	0.448675	-0.970701	0.109902	-0.020317	0.050708	-0.099883	-0.056085	0.993417	-0.272552	0.961765	0.026894	-0.956942	-0.268072	-0.111350
19153	9.811068	0.496199	-0.998710	0.119538	-0.022287	0.048756	-0.100329	-0.055640	0.993397	-0.273778	0.961436	0.026199	-0.956546	-0.269342	-0.111692
19154	9.764634	0.416628	-1.071788	0.137179	-0.019748	0.048565	-0.100705	-0.055197	0.993384	-0.275051	0.961091	0.025519	-0.956141	-0.270661	-0.111969
19155	9.783316	0.344727	-1.068207	0.139246	-0.019017	0.037927	-0.101078	-0.054863	0.993365	-0.276565	0.960672	0.024916	-0.955665	-0.272212	-0.112276
19156	9.813607	0.261848	-1.034310	0.124745	-0.021900	0.030917	-0.101427	-0.054597	0.993344	-0.277736	0.960347	0.024425	-0.955288	-0.273410	-0.112569
19157	9.763467	0.183114	-0.908728	0.128620	-0.025763	0.036655	-0.101844	-0.054256	0.993320	-0.278925	0.960017	0.023839	-0.954897	-0.274633	-0.112905
19158	9.759488	0.180846	-0.870105	0.144180	-0.038721	0.044507	-0.102393	-0.053907	0.993282	-0.280265	0.959642	0.023190	-0.954446	-0.276008	-0.113369
19159	9.817861	0.167059	-0.939840	0.182511	-0.049177	0.048961	-0.102991	-0.053533	0.993241	-0.282110	0.959119	0.022441	-0.953838	-0.277892	-0.113883
19160	9.768131	0.186017	-1.093147	0.240629	-0.049066	0.045220	-0.103642	-0.053208	0.993191	-0.284368	0.958470	0.021673	-0.953097	-0.280185	-0.114468
19161	9.737259	0.257260	-1.136271	0.259569	-0.067384	0.033686	-0.104442	-0.053014	0.993117	-0.286784	0.957766	0.020967	-0.952285	-0.282620	-0.115235
19162	9.686559	0.298681	-1.067456	0.235514	-0.088332	0.043677	-0.105464	-0.052818	0.993019	-0.288990	0.957119	0.020217	-0.951505	-0.284840	-0.116205
19163	9.684007	0.389601	-0.999972	0.223321	-0.096007	0.046214	-0.106632	-0.052600	0.992906	-0.291061	0.956507	0.019413	-0.950743	-0.286927	-0.117304
19164	9.677003	0.485188	-1.047489	0.192626	-0.095457	0.050763	-0.107742	-0.052361	0.992799	-0.292847	0.955977	0.018638	-0.950069	-0.288731	-0.118333
19165	9.695173	0.459836	-1.110913	0.180967	-0.088750	0.048754	-0.108763	-0.052131	0.992700	-0.294732	0.955413	0.017882	-0.949370	-0.290635	-0.119278
19166	9.932584	0.510365	-1.033307	0.173495	-0.063804	0.060236	-0.109601	-0.051714	0.992629	-0.296322	0.954936	0.017032	-0.948779	-0.292271	-0.119986
19167	10.015910	0.469840	-0.886068	0.142446	-0.010691	0.079382	-0.110031	-0.050929	0.992622	-0.297533	0.954577	0.015996	-0.948350	-0.293578	-0.120186
19168	9.740288	0.392430	-0.802260	0.095731	0.047872	0.102753	-0.109938	-0.049780	0.992691	-0.298338	0.954345	0.014817	-0.948108	-0.294528	-0.119770
19169	9.582612	0.296048	-0.689993	0.033462	0.041930	0.110489	-0.110019	-0.048562	0.992742	-0.298558	0.954295	0.013594	-0.948029	-0.294895	-0.119489
19170	9.635724	0.112166	-0.750980	0.010517	0.044650	0.111264	-0.109983	-0.047341	0.992805	-0.298545	0.954315	0.012433	-0.948037	-0.295030	-0.119092
19171	9.667912	0.071707	-0.613385	0.049587	0.046097	0.099204	-0.109906	-0.046206	0.992867	-0.298886	0.954222	0.011322	-0.947939	-0.295510	-0.118684
19172	9.718640	0.085358	-0.522309	0.063105	0.032796	0.103174	-0.109959	-0.045097	0.992913	-0.299381	0.954080	0.010178	-0.947777	-0.296139	-0.118411
19173	9.867142	0.098417	-0.509761	0.105471	0.013464	0.101479	-0.110195	-0.044052	0.992933	-0.300369	0.953781	0.008980	-0.947436	-0.297257	-0.118333
19174	9.908415	0.045747	-0.657981	0.148442	0.001051	0.095346	-0.110527	-0.043112	0.992938	-0.301680	0.953377	0.007813	-0.946981	-0.298686	-0.118380
19175	9.935860	-0.043420	-0.932529	0.190173	-0.005105	0.083227	-0.110919	-0.042256	0.992931	-0.303216	0.952898	0.006681	-0.946444	-0.300331	-0.118508
19176	9.904040	-0.096534	-1.073571	0.212523	-0.007054	0.072313	-0.111262	-0.041561	0.992922	-0.305156	0.952286	0.005666	-0.945780	-0.302366	-0.118636
19177	9.852662	-0.103812	-1.092698	0.223695	-0.005396	0.066991	-0.111595	-0.040868	0.992913	-0.307075	0.951674	0.004658	-0.945120	-0.304379	-0.118752
19178	9.738005	0.001565	-1.085745	0.219984	-0.001517	0.064073	-0.111863	-0.040236	0.992909	-0.309091	0.951025	0.003716	-0.944431	-0.306484	-0.118821
19179	9.663138	0.116803	-1.090407	0.201873	0.009019	0.056335	-0.112028	-0.039611	0.992915	-0.310890	0.950442	0.002840	-0.943820	-0.308370	-0.118791
19180	9.705364	0.111597	-1.299609	0.192600	0.013273	0.048596	-0.112110	-0.039081	0.992927	-0.312663	0.949862	0.002084	-0.943225	-0.310218	-0.118708
19181	9.757357	0.046141	-1.571105	0.203915	0.039883	0.045598	-0.111929	-0.038470	0.992971	-0.314538	0.949244	0.001321	-0.942623	-0.312179	-0.118348
19182	9.618664	-0.116742	-1.646913	0.171858	0.046586	0.040910	-0.111675	-0.037909	0.993021	-0.316121	0.948719	0.000667	-0.942123	-0.313840	-0.117932
19183	9.507084	-0.232662	-1.697246	0.119447	0.030838	0.051651	-0.111610	-0.037288	0.993052	-0.317308	0.948323	-0.000054	-0.941732	-0.315109	-0.117673
19184	9.510856	-0.244592	-1.737009	0.099575	0.007951	0.060152	-0.111782	-0.036665	0.993056	-0.318188	0.948027	-0.000814	-0.941414	-0.316069	-0.117639
19185	9.567627	-0.209872	-1.665592	0.089750	-0.007199	0.074645	-0.112153	-0.035955	0.993040	-0.319137	0.947707	-0.001729	-0.941049	-0.317110	-0.117763
19186	9.542121	-0.115699	-1.523584	0.070813	-0.008383	0.083617	-0.112555	-0.035163	0.993023	-0.319719	0.947508	-0.002688	-0.940803	-0.317791	-0.117889
19187	9.644389	-0.028382	-1.412570	0.039201	-0.002148	0.086593	-0.112947	-0.034298	0.993009	-0.319986	0.947415	-0.003673	-0.940666	-0.318164	-0.117982
19188	9.781512	0.096344	-1.358973	-0.018255	0.011997	0.084812	-0.113161	-0.033430	0.993014	-0.319728	0.947498	-0.004538	-0.940728	-0.318008	-0.117909
19189	9.954931	0.134836	-1.347695	-0.068434	0.026588	0.086773	-0.113236	-0.032495	0.993037	-0.319151	0.947689	-0.005382	-0.940915	-0.317538	-0.117683
19190	9.998723	0.062086	-1.247084	-0.092517	0.050471	0.080832	-0.113075	-0.031542	0.993086	-0.318199	0.948004	-0.006121	-0.941256	-0.316691	-0.117232
19191	9.932991	0.003899	-1.098835	-0.131516	0.061561	0.077440	-0.112741	-0.030582	0.993154	-0.317016	0.948396	-0.006783	-0.941695	-0.315610	-0.116618
19192	9.996573	-0.111440	-0.961485	-0.139391	0.051632	0.063382	-0.112512	-0.029791	0.993204	-0.315642	0.948850	-0.007295	-0.942184	-0.314317	-0.116160
19193	10.122948	-0.169175	-0.924846	-0.129523	0.061867	0.049124	-0.112124	-0.029115	0.993268	-0.314607	0.949191	-0.007691	-0.942577	-0.313351	-0.115587
19194	9.980212	-0.348842	-1.024524	-0.125593	0.085602	0.033968	-0.111480	-0.028498	0.993358	-0.313395	0.949590	-0.007929	-0.943057	-0.312197	-0.114791
19195	9.798985	-0.462066	-1.106145	-0.133798	0.075956	0.014695	-0.110847	-0.028102	0.993440	-0.312340	0.949937	-0.007979	-0.943481	-0.311176	-0.114075
19196	9.672826	-0.481065	-1.137847	-0.123115	0.057674	0.007459	-0.110382	-0.027824	0.993500	-0.311181	0.950317	-0.007958	-0.943919	-0.310036	-0.113556
19197	9.609079	-0.416180	-1.202995	-0.102089	0.044271	0.008558	-0.110053	-0.027549	0.993544	-0.310179	0.950645	-0.007999	-0.944287	-0.309056	-0.113166
19198	9.596381	-0.353908	-1.249801	-0.079032	0.038889	0.007825	-0.109766	-0.027327	0.993582	-0.309434	0.950887	-0.008032	-0.944564	-0.308330	-0.112831
19199	9.492812	-0.298186	-1.304608	-0.066506	0.031477	0.014020	-0.109598	-0.027060	0.993608	-0.308898	0.951060	-0.008171	-0.944760	-0.307818	-0.112593
19200	9.460022	-0.290139	-1.306117	-0.071418	0.023901	0.025581	-0.109507	-0.026716	0.993627	-0.308205	0.951283	-0.008390	-0.944996	-0.307160	-0.112406
19201	9.430794	-0.286336	-1.194066	-0.055234	0.012972	0.049876	-0.109649	-0.026168	0.993626	-0.307753	0.951424	-0.008905	-0.945127	-0.306768	-0.112375
19202	9.465881	-0.251945	-1.093955	-0.026011	0.019202	0.064370	-0.109721	-0.025469	0.993636	-0.307448	0.951517	-0.009560	-0.945218	-0.306540	-0.112232
19203	9.486828	-0.230322	-1.050156	0.006722	0.026995	0.082513	-0.109807	-0.024542	0.993650	-0.307372	0.951532	-0.010466	-0.945233	-0.306569	-0.112028
19204	9.483378	-0.235928	-1.161051	0.045619	0.046150	0.083287	-0.109683	-0.023580	0.993687	-0.307722	0.951408	-0.011389	-0.945133	-0.307029	-0.111610
19205	9.431717	-0.215175	-1.107758	0.042504	0.039177	0.081692	-0.109634	-0.022641	0.993714	-0.308139	0.951262	-0.012322	-0.945003	-0.307553	-0.111268
19206	9.583586	-0.304846	-1.053925	0.068071	0.021100	0.086785	-0.109759	-0.021723	0.993721	-0.308698	0.951067	-0.013305	-0.944806	-0.308220	-0.111094
19207	9.689048	-0.198531	-0.911966	0.104970	0.019556	0.095149	-0.109917	-0.020750	0.993724	-0.309944	0.950645	-0.014433	-0.944380	-0.309585	-0.110923
19208	9.781342	-0.130487	-0.896041	0.077242	0.009655	0.103887	-0.110204	-0.019705	0.993714	-0.310570	0.950423	-0.015596	-0.944140	-0.310336	-0.110861
19209	9.833174	-0.170586	-0.944003	0.064486	0.009876	0.101271	-0.110473	-0.018658	0.993704	-0.311080	0.950236	-0.016742	-0.943941	-0.310971	-0.110780
19210	9.833057	-0.180736	-0.943338	0.057678	0.001456	0.093443	-0.110806	-0.017739	0.993684	-0.311532	0.950069	-0.017779	-0.943753	-0.311535	-0.110800
19211	9.816218	-0.247425	-0.938014	0.068065	0.008708	0.087010	-0.111035	-0.016861	0.993673	-0.312334	0.949787	-0.018784	-0.943461	-0.312443	-0.110726
19212	9.724422	-0.234856	-0.876447	0.081171	0.010652	0.080057	-0.111241	-0.016041	0.993664	-0.313022	0.949541	-0.019715	-0.943209	-0.313231	-0.110649
19213	9.685253	-0.278654	-0.931757	0.101758	0.012855	0.085302	-0.111422	-0.015140	0.993658	-0.313943	0.949215	-0.020740	-0.942881	-0.314263	-0.110517
19214	9.565538	-0.312156	-0.895302	0.123345	0.021577	0.082375	-0.111534	-0.014263	0.993658	-0.315026	0.948834	-0.021740	-0.942507	-0.315453	-0.110320
19215	9.467990	-0.367360	-0.797060	0.115060	0.017305	0.081063	-0.111724	-0.013392	0.993649	-0.316043	0.948472	-0.022753	-0.942144	-0.316577	-0.110199
19216	9.531640	-0.293487	-0.826788	0.121838	0.023311	0.083204	-0.111824	-0.012502	0.993649	-0.317109	0.948092	-0.023759	-0.941774	-0.317752	-0.109984
19217	9.648767	-0.173992	-0.742730	0.135049	0.025468	0.091025	-0.111945	-0.011529	0.993648	-0.318482	0.947602	-0.024886	-0.941296	-0.319245	-0.109751
19218	9.784095	-0.048546	-0.643748	0.126844	0.023735	0.092555	-0.112073	-0.010549	0.993644	-0.319584	0.947201	-0.025990	-0.940907	-0.320465	-0.109528
19219	9.879876	0.045396	-0.444777	0.098956	0.034428	0.098876	-0.112120	-0.009441	0.993650	-0.320367	0.946904	-0.027152	-0.940635	-0.321377	-0.109192
19220	9.917707	0.148408	-0.336369	0.058452	0.055258	0.099261	-0.111975	-0.008297	0.993676	-0.320817	0.946720	-0.028247	-0.940499	-0.321951	-0.108671
19221	9.981577	0.201723	-0.117606	0.011596	0.077317	0.093718	-0.111597	-0.007131	0.993728	-0.321026	0.946618	-0.029259	-0.940472	-0.322278	-0.107929
19222	10.016916	0.186136	0.166777	-0.023561	0.110601	0.090758	-0.110904	-0.005889	0.993814	-0.320715	0.946695	-0.030181	-0.940660	-0.322078	-0.106881
19223	9.999156	0.252223	0.482424	-0.036845	0.139429	0.081077	-0.109879	-0.004660	0.993934	-0.320637	0.946695	-0.031008	-0.940808	-0.322099	-0.105516
19224	10.104778	0.262760	0.834332	-0.071159	0.174561	0.076368	-0.108537	-0.003348	0.994087	-0.319896	0.946921	-0.031738	-0.941215	-0.321449	-0.103847
19225	10.194351	0.164903	1.330866	-0.132371	0.224155	0.052036	-0.106640	-0.002112	0.994295	-0.318848	0.947259	-0.032185	-0.941788	-0.320461	-0.101689
19226	10.221385	-0.046504	1.755723	-0.195071	0.298685	0.023423	-0.103956	-0.000909	0.994581	-0.316998	0.947877	-0.032268	-0.942712	-0.318635	-0.098826
19227	10.241543	-0.203094	2.324101	-0.235053	0.381141	-0.012879	-0.100361	0.000236	0.994951	-0.314818	0.948613	-0.031981	-0.943831	-0.316438	-0.095130
19228	10.338053	-0.169746	2.844621	-0.261889	0.453346	-0.041009	-0.096007	0.001303	0.995380	-0.312398	0.949433	-0.031375	-0.945087	-0.313967	-0.090745
19229	10.548766	0.085706	3.493029	-0.297375	0.553254	-0.073606	-0.090610	0.002381	0.995884	-0.309785	0.950319	-0.030457	-0.946479	-0.311270	-0.085371
19230	10.641236	0.302240	4.180330	-0.275764	0.737488	-0.115555	-0.083324	0.003595	0.996516	-0.307287	0.951171	-0.029126	-0.947962	-0.308643	-0.078151
19231	10.387561	0.602919	4.582581	-0.206992	0.936922	-0.174706	-0.073946	0.004874	0.997250	-0.305587	0.951772	-0.027311	-0.949288	-0.306767	-0.068891
19232	9.970190	0.802834	4.717498	-0.143442	1.079127	-0.233237	-0.063041	0.005984	0.997993	-0.304399	0.952218	-0.024938	-0.950456	-0.305360	-0.058207
19233	10.109160	0.713060	4.484987	-0.064544	1.191309	-0.256815	-0.050890	0.007240	0.998678	-0.304286	0.952317	-0.022410	-0.951220	-0.305024	-0.046261
19234	10.140019	0.098771	3.856975	0.019761	1.301421	-0.237219	-0.037841	0.008979	0.999243	-0.304595	0.952270	-0.020092	-0.951730	-0.305125	-0.033300
19235	10.307102	-0.678955	3.145961	0.130025	1.327057	-0.205222	-0.024540	0.011164	0.999637	-0.306304	0.951761	-0.018148	-0.951617	-0.306638	-0.019936
19236	10.871454	-1.511038	2.593318	0.271763	1.313197	-0.141197	-0.011669	0.013891	0.999835	-0.308932	0.950935	-0.016817	-0.951012	-0.309078	-0.006805
19237	12.055693	-1.946209	2.492610	0.402949	1.344741	-0.060196	0.001308	0.017595	0.999844	-0.312956	0.949628	-0.016302	-0.949767	-0.312886	0.006749
19238	12.531979	-2.585120	2.099665	0.450207	1.445964	-0.039868	0.015100	0.021797	0.999648	-0.317244	0.948211	-0.015884	-0.948224	-0.316893	0.021233
19239	12.618938	-2.162805	1.874660	0.538527	1.577758	-0.093607	0.030351	0.026072	0.999199	-0.322764	0.946362	-0.014889	-0.945993	-0.322054	0.037138
19240	12.750631	-1.561870	1.772192	0.407032	1.730827	-0.213623	0.047345	0.029682	0.998438	-0.326548	0.945096	-0.012612	-0.943994	-0.325441	0.054438
19241	13.187565	-0.916873	1.587637	0.362908	1.847818	-0.323703	0.065875	0.032840	0.997287	-0.330423	0.943787	-0.009252	-0.941531	-0.328918	0.073023
19242	12.976565	-0.330031	0.900896	0.297496	1.898721	-0.413136	0.085044	0.035235	0.995754	-0.332931	0.942938	-0.004932	-0.939108	-0.331098	0.091922
19243	12.431846	-0.159735	-0.232172	0.128892	1.783091	-0.520589	0.103448	0.036373	0.993970	-0.333933	0.942597	0.000262	-0.936903	-0.331946	0.109656
19244	12.013246	0.136244	-0.969918	-0.003162	1.634514	-0.536784	0.120482	0.036760	0.992035	-0.333326	0.942795	0.005547	-0.935082	-0.331339	0.125843
19245	11.896124	-0.470604	-1.335459	-0.036878	1.649765	-0.574694	0.137789	0.036932	0.989773	-0.332418	0.943067	0.011088	-0.933012	-0.330546	0.142221
19246	11.608311	-0.068398	-0.580125	0.078985	1.741618	-0.549491	0.155785	0.037535	0.987078	-0.332373	0.943002	0.016598	-0.930193	-0.330664	0.159381
19247	11.137803	0.129700	0.104362	0.062929	1.781252	-0.508982	0.174025	0.038799	0.983977	-0.332457	0.942871	0.021620	-0.926924	-0.330892	0.176982
19248	10.628876	0.216058	0.579122	0.042021	1.765276	-0.450700	0.191801	0.040415	0.980601	-0.332049	0.942902	0.026085	-0.923556	-0.330611	0.194269
19249	10.087997	0.562654	0.884908	0.134674	1.776514	-0.395049	0.209470	0.042758	0.976880	-0.332867	0.942493	0.030123	-0.919414	-0.331481	0.211656
19250	9.633761	0.843593	0.982507	0.212400	1.665152	-0.335603	0.225808	0.045154	0.973125	-0.334114	0.941926	0.033823	-0.915084	-0.332772	0.227780
19251	9.255444	0.924482	1.083070	0.267946	1.555432	-0.304570	0.240994	0.047713	0.969353	-0.336355	0.940996	0.037305	-0.910377	-0.335037	0.242823
19252	8.931813	0.783125	1.186923	0.193847	1.471176	-0.303743	0.255324	0.049820	0.965571	-0.337393	0.940484	0.040690	-0.906077	-0.336166	0.256938
19253	8.566785	0.465743	1.277160	0.136218	1.408853	-0.325361	0.269114	0.051634	0.961723	-0.337948	0.940132	0.044091	-0.901870	-0.336878	0.270452
19254	8.389612	0.829388	1.487903	0.129893	1.274957	-0.295944	0.281533	0.053178	0.958077	-0.338334	0.939839	0.047254	-0.897925	-0.337454	0.282588
19255	8.354821	0.857451	1.197067	-0.005838	1.258957	-0.295467	0.293786	0.054824	0.954298	-0.337720	0.939919	0.049972	-0.894223	-0.336967	0.294650
19256	8.060292	0.710587	1.181137	-0.143331	1.191370	-0.299458	0.305376	0.056038	0.950582	-0.335577	0.940557	0.052358	-0.891142	-0.334982	0.306028
19257	8.074607	0.868884	1.210267	-0.215566	1.120423	-0.295689	0.316272	0.057176	0.946944	-0.333034	0.941344	0.054393	-0.888291	-0.332568	0.316762
19258	8.064379	1.051274	1.352020	-0.306500	1.100830	-0.303699	0.326989	0.057985	0.943248	-0.329374	0.942523	0.056241	-0.885772	-0.329071	0.327293
19259	7.850262	1.175591	1.460832	-0.411825	1.086240	-0.310997	0.337537	0.058601	0.939486	-0.324577	0.944096	0.057725	-0.883583	-0.324420	0.337688
19260	7.635395	1.226666	1.506110	-0.539086	1.025085	-0.314651	0.347545	0.058952	0.935808	-0.318776	0.946005	0.058794	-0.881813	-0.318747	0.347572
19261	7.545272	1.132326	1.656251	-0.642158	0.963873	-0.318298	0.357018	0.059058	0.932229	-0.312064	0.948200	0.059442	-0.880428	-0.312137	0.356954
19262	7.449830	1.038388	1.745622	-0.701335	0.904166	-0.323299	0.365919	0.058808	0.928787	-0.304761	0.950544	0.059883	-0.879332	-0.304970	0.365744
19263	7.368456	1.026130	1.931138	-0.779333	0.829538	-0.327729	0.374136	0.058235	0.925544	-0.296715	0.953081	0.059975	-0.878625	-0.297062	0.373861
19264	7.345358	0.848006	2.060618	-0.867115	0.744290	-0.337069	0.381608	0.057226	0.922551	-0.287861	0.955804	0.059783	-0.878357	-0.288381	0.381216
19265	7.423104	0.692413	2.111290	-0.936450	0.672248	-0.330094	0.388424	0.056085	0.919772	-0.278511	0.958609	0.059163	-0.878384	-0.279147	0.387967
19266	7.414892	0.566408	2.229842	-1.023218	0.607261	-0.318771	0.394580	0.054720	0.917231	-0.268310	0.961581	0.058058	-0.878815	-0.269011	0.394103
19267	7.453613	0.204804	2.315458	-1.124161	0.559605	-0.303609	0.400271	0.053355	0.914842	-0.257317	0.964684	0.056322	-0.879529	-0.257948	0.399864
19268	7.594986	0.007269	2.737083	-1.132653	0.571870	-0.257953	0.405902	0.052338	0.912417	-0.246350	0.967671	0.054085	-0.880088	-0.246727	0.405673
19269	7.593892	-0.184725	3.143410	-1.116799	0.590013	-0.205600	0.411555	0.051899	0.909906	-0.235858	0.970431	0.051328	-0.880337	-0.235733	0.411627
19270	7.375540	-0.543653	3.387730	-1.098793	0.532313	-0.139765	0.416516	0.051801	0.907651	-0.225643	0.973026	0.048015	-0.880681	-0.224804	0.416969
19271	7.231843	-0.803034	3.619154	-1.076959	0.432572	-0.081468	0.420480	0.052084	0.905805	-0.215981	0.975398	0.044174	-0.881220	-0.214211	0.421385
19272	7.336344	-1.049136	3.811359	-0.997264	0.344501	-0.023078	0.423518	0.052614	0.904358	-0.207132	0.977490	0.040132	-0.881889	-0.204318	0.424883
19273	7.353413	-1.439273	3.818667	-0.877799	0.272576	0.048476	0.425802	0.053683	0.903223	-0.199617	0.979216	0.035905	-0.882523	-0.195586	0.427668
19274	7.331738	-1.635884	3.861712	-0.847376	0.192106	0.085157	0.427284	0.054921	0.902448	-0.192538	0.980785	0.031473	-0.883379	-0.187203	0.429648
19275	7.254623	-1.814251	4.011810	-0.880198	0.107195	0.085650	0.428047	0.056056	0.902017	-0.185217	0.982331	0.026847	-0.884574	-0.178560	0.430866
19276	7.313079	-1.790300	4.513663	-0.847925	0.044537	0.098704	0.428215	0.057141	0.901869	-0.178173	0.983747	0.022270	-0.885938	-0.170225	0.431436
19277	7.454326	-1.424138	5.362249	-0.754034	0.012043	0.115621	0.428078	0.058463	0.901849	-0.172176	0.984904	0.017879	-0.887189	-0.162930	0.431682
19278	7.645376	-1.180789	6.068718	-0.694464	0.009217	0.115309	0.427918	0.059652	0.901847	-0.166544	0.985937	0.013810	-0.888340	-0.156107	0.431835
19279	7.577802	-0.934689	6.440300	-0.573013	0.001944	0.132488	0.427684	0.061089	0.901862	-0.162144	0.986716	0.010055	-0.889267	-0.150532	0.431908
19280	7.214467	-0.965069	6.691223	-0.485942	-0.025697	0.108168	0.427236	0.062157	0.902001	-0.158324	0.987363	0.006951	-0.890170	-0.145778	0.431678
19281	7.209748	-1.093996	6.647957	-0.342096	-0.155520	0.073015	0.425706	0.062829	0.902678	-0.155779	0.987781	0.004714	-0.891351	-0.142625	0.430292
19282	7.612648	-1.009067	6.757353	-0.094275	-0.256956	0.047087	0.423295	0.062967	0.903801	-0.155179	0.987879	0.003853	-0.892603	-0.141882	0.427935
19283	8.201522	-0.582598	6.834792	0.123061	-0.210529	0.031143	0.421334	0.063108	0.904707	-0.156534	0.987664	0.004005	-0.893294	-0.143305	0.426015
19284	8.495924	-0.146674	6.823537	0.296719	-0.074677	-0.000853	0.420622	0.063030	0.905044	-0.159221	0.987229	0.005245	-0.893155	-0.146308	0.425286
19285	8.704942	0.436747	6.898910	0.451337	0.085449	-0.049879	0.421435	0.062811	0.904681	-0.163183	0.986567	0.007521	-0.892056	-0.150798	0.426024
19286	8.974209	0.555330	6.868571	0.487614	0.317761	-0.102716	0.424390	0.062323	0.903332	-0.167134	0.985878	0.010503	-0.889921	-0.155434	0.428813
19287	8.832023	-0.028367	6.640737	0.463399	0.607766	-0.144729	0.430002	0.062021	0.900695	-0.170805	0.985209	0.013704	-0.886523	-0.159736	0.434236
19288	8.235927	-0.683812	6.397522	0.565492	0.832070	-0.156880	0.437585	0.061864	0.897046	-0.175167	0.984382	0.017560	-0.881950	-0.164817	0.441588
19289	7.264155	-0.977972	6.016614	0.766384	0.860175	-0.134354	0.445370	0.062147	0.893187	-0.181466	0.983149	0.022078	-0.876764	-0.171916	0.449143
19290	6.115289	-1.136049	5.255220	0.916779	0.575605	-0.110667	0.450563	0.062112	0.890581	-0.189031	0.981595	0.027175	-0.872502	-0.180591	0.454011
19291	5.548122	-1.328053	4.271364	1.052320	0.038299	-0.072782	0.451011	0.061691	0.890384	-0.198115	0.979641	0.032477	-0.870253	-0.191046	0.454050
19292	6.415927	-1.478157	3.651816	1.160285	-0.512833	-0.028521	0.446559	0.060439	0.892711	-0.208126	0.977366	0.037941	-0.870212	-0.202739	0.449030
19293	8.179014	-1.342217	3.600543	1.192801	-0.753639	0.001620	0.439970	0.059089	0.896067	-0.218738	0.974830	0.043118	-0.870965	-0.214975	0.441821
19294	10.100548	-0.962379	4.246723	1.169641	-0.660021	-0.035690	0.434252	0.057319	0.898966	-0.228813	0.972260	0.048538	-0.871246	-0.226773	0.435321
19295	11.678923	-0.522318	4.960072	1.088993	-0.520243	-0.101800	0.429930	0.055345	0.901164	-0.238099	0.969737	0.054036	-0.870901	-0.237798	0.430097
19296	12.524899	-0.107872	5.499369	1.076039	-0.359501	-0.209132	0.427259	0.052480	0.902605	-0.246610	0.967225	0.060499	-0.869847	-0.248440	0.426198
19297	12.522157	0.689102	5.871625	1.140519	-0.259971	-0.344181	0.425840	0.048724	0.903486	-0.255299	0.964445	0.068319	-0.868034	-0.259752	0.423139
19298	11.678885	2.191068	6.652190	1.010640	-0.171140	-0.488103	0.425569	0.043602	0.903875	-0.262026	0.961987	0.076964	-0.866160	-0.269592	0.420817
19299	10.620867	3.353142	7.697018	0.443395	-0.095378	-0.582294	0.426244	0.037945	0.903812	-0.263594	0.960972	0.083967	-0.865352	-0.274030	0.419610
19300	10.178728	3.961551	8.120914	-0.096294	-0.041713	-0.518136	0.427191	0.032884	0.903563	-0.260591	0.961411	0.088215	-0.865794	-0.273145	0.419275
19301	9.145302	3.419969	7.621381	-0.449961	-0.094355	-0.372157	0.427315	0.029258	0.903629	-0.255331	0.962696	0.089572	-0.867299	-0.269000	0.418845
19302	8.018888	1.109956	5.370564	-0.690420	-0.422642	-0.215516	0.424135	0.026092	0.905223	-0.248456	0.964582	0.088609	-0.870850	-0.262490	0.415596
19303	7.900615	-1.809742	1.973643	-0.698202	-0.830196	-0.127598	0.417181	0.022916	0.908535	-0.242051	0.966376	0.086770	-0.875997	-0.256111	0.408700
19304	7.990603	-3.538151	-0.435143	-0.478807	-0.990402	-0.156228	0.408804	0.018924	0.912426	-0.237241	0.967617	0.086225	-0.881247	-0.251714	0.400056
19305	7.866284	-3.728523	-1.350624	0.067091	-0.934912	-0.204236	0.401020	0.014806	0.915950	-0.237244	0.967435	0.088232	-0.884816	-0.252686	0.391473
19306	7.679151	-2.671814	-0.778786	0.849409	-0.879611	-0.193416	0.393647	0.010711	0.919199	-0.244039	0.965271	0.093261	-0.886277	-0.261033	0.382589
19307	8.035911	-1.111365	0.531544	1.335190	-0.927537	-0.154139	0.385787	0.006944	0.922562	-0.255482	0.961670	0.099596	-0.886508	-0.274121	0.372774
19308	8.935874	0.276565	1.897434	1.470795	-0.937107	-0.140067	0.377797	0.002998	0.925884	-0.268026	0.957533	0.106265	-0.886246	-0.288308	0.362557
19309	10.143121	1.689777	2.230913	1.350456	-0.949212	-0.135065	0.369736	-0.000873	0.929137	-0.279728	0.953499	0.112209	-0.886029	-0.301393	0.352299
19310	10.727786	2.606630	1.018849	1.105435	-1.089242	-0.199096	0.360595	-0.006076	0.932703	-0.288841	0.950095	0.117859	-0.886872	-0.311903	0.340844
19311	10.222458	3.135144	0.068100	0.883593	-1.341461	-0.306548	0.349556	-0.013028	0.936825	-0.295816	0.947221	0.123550	-0.888990	-0.320316	0.327253
19312	9.908451	2.832891	-0.662322	0.718447	-1.554393	-0.387367	0.336816	-0.021692	0.941321	-0.300926	0.944821	0.129447	-0.892188	-0.326867	0.311703
19313	9.582671	2.079220	-0.585332	0.749607	-1.553199	-0.394220	0.324105	-0.030382	0.945533	-0.306495	0.942203	0.135333	-0.894995	-0.333663	0.296061
19314	9.160905	2.089405	0.125415	0.785283	-1.566593	-0.333261	0.311042	-0.038768	0.949605	-0.312515	0.939433	0.140717	-0.897545	-0.340534	0.280088
19315	8.851880	1.696087	0.201274	0.654965	-1.630583	-0.274779	0.297221	-0.046790	0.953662	-0.317747	0.937023	0.145003	-0.900387	-0.346121	0.263635
19316	9.365828	1.427315	-0.252999	0.577562	-1.681897	-0.210070	0.282670	-0.054587	0.957663	-0.322385	0.934897	0.148447	-0.903419	-0.350698	0.246670
19317	9.641780	1.932210	-0.250855	0.504967	-1.609460	-0.136178	0.268518	-0.061405	0.961315	-0.326725	0.933002	0.150859	-0.906173	-0.354594	0.230465
19318	9.988323	2.501720	-0.018776	0.172727	-1.505687	-0.092841	0.255098	-0.067586	0.964550	-0.328087	0.932322	0.152099	-0.909551	-0.355256	0.215660
19319	9.475701	1.719988	0.241047	-0.133693	-1.459622	-0.065422	0.241979	-0.073230	0.967514	-0.326879	0.932706	0.152349	-0.913562	-0.353125	0.201758
19320	9.538285	1.776730	0.531571	-0.208588	-1.436461	0.028851	0.228678	-0.077982	0.970374	-0.325074	0.933455	0.151622	-0.917624	-0.350116	0.188110
19321	9.765420	1.326047	0.177794	-0.395783	-1.401073	0.064144	0.215549	-0.082139	0.973032	-0.321718	0.934849	0.150184	-0.921974	-0.345414	0.175080
19322	10.181358	0.836227	0.057767	-0.417650	-1.342923	0.082126	0.202823	-0.085946	0.975436	-0.318066	0.936345	0.148637	-0.926119	-0.340400	0.162575
19323	10.308668	0.625409	0.159951	-0.348939	-1.270483	0.111401	0.190646	-0.089093	0.977608	-0.315178	0.937593	0.146910	-0.929686	-0.336129	0.150668
19324	10.388973	0.494402	0.130351	-0.164971	-1.249463	0.135808	0.178531	-0.091972	0.979626	-0.313928	0.938263	0.145300	-0.932511	-0.333472	0.138636
19325	10.208385	0.725607	0.067774	0.060344	-1.238898	0.135066	0.166502	-0.094733	0.981480	-0.314841	0.938163	0.143963	-0.934426	-0.332980	0.126380
19326	9.891072	1.006534	0.045580	0.257026	-1.252368	0.123293	0.154348	-0.097725	0.983172	-0.317476	0.937419	0.143017	-0.935621	-0.334208	0.113663
