// General information: 
//  MT Manager version: 2022.2.0 
//  XDA version: 2022.2.0 build 7381 rev 124627 built on 2023-07-19
// Device information: 
//  DeviceId: 00B4CB9F
//  ProductCode: MTW2-3A7G6
//  Firmware Version: 4.6.0
//  Hardware Version: 2.0.0
// Device settings: 
//  Filter Profile: human(46.1)
//  Option Flags: Orientation Smoother Disabled, Position/Velocity Smoother Disabled, Continuous Zero Rotation Update Disabled, AHS Disabled, ICC Disabled
// Coordinate system: ENU
PacketCounter	Acc_X	Acc_Y	Acc_Z	Gyr_X	Gyr_Y	Gyr_Z	Mat[1][1]	Mat[2][1]	Mat[3][1]	Mat[1][2]	Mat[2][2]	Mat[3][2]	Mat[1][3]	Mat[2][3]	Mat[3][3]
03742	9.692291	0.401414	-1.322342	0.010686	0.003214	-0.003682	0.077356	0.110266	0.990887	0.607286	-0.793431	0.040884	0.790708	0.598590	-0.128339
03743	9.739637	0.408582	-1.272433	0.006444	0.000241	0.000228	0.077330	0.110191	0.990898	0.607422	-0.793330	0.040817	0.790606	0.598737	-0.128280
03744	9.722048	0.407264	-1.255720	0.002014	-0.003765	-0.003561	0.077399	0.110221	0.990889	0.607456	-0.793305	0.040794	0.790574	0.598764	-0.128355
03745	9.739635	0.408799	-1.272377	0.005809	0.009116	0.000319	0.077503	0.110192	0.990884	0.607529	-0.793254	0.040696	0.790507	0.598837	-0.128424
03746	9.708377	0.422813	-1.267766	0.010980	0.006914	-0.004136	0.077484	0.110162	0.990889	0.607634	-0.793176	0.040666	0.790429	0.598946	-0.128397
03747	9.712223	0.439987	-1.297005	0.001247	0.007995	-0.005486	0.077479	0.110178	0.990887	0.607617	-0.793187	0.040685	0.790442	0.598928	-0.128401
03748	9.743830	0.375473	-1.268793	0.007984	0.011936	-0.005711	0.077412	0.110131	0.990898	0.607699	-0.793125	0.040675	0.790385	0.599019	-0.128324
03749	9.700977	0.441694	-1.236245	0.001540	0.011694	-0.005940	0.077395	0.110068	0.990906	0.607868	-0.792999	0.040607	0.790257	0.599197	-0.128281
03750	9.681339	0.404354	-1.259075	-0.001908	0.006431	-0.004592	0.077379	0.110046	0.990910	0.607871	-0.792997	0.040599	0.790257	0.599204	-0.128255
03751	9.730339	0.392440	-1.279067	0.006381	0.009195	-0.008104	0.077244	0.110006	0.990925	0.607992	-0.792903	0.040629	0.790177	0.599336	-0.128129
03752	9.722751	0.410365	-1.249244	0.008835	0.013566	-0.002586	0.077183	0.109924	0.990939	0.608079	-0.792839	0.040587	0.790116	0.599436	-0.128036
03753	9.706932	0.389544	-1.301953	0.002137	0.006222	-0.004196	0.077135	0.109870	0.990948	0.608200	-0.792747	0.040553	0.790027	0.599567	-0.127972
03754	9.681681	0.405886	-1.255954	-0.003288	0.001321	-0.001123	0.077179	0.109851	0.990947	0.608190	-0.792757	0.040512	0.790030	0.599558	-0.127995
03755	9.695324	0.441966	-1.273891	-0.018246	0.000683	-0.003708	0.077239	0.109863	0.990941	0.608083	-0.792840	0.040503	0.790107	0.599446	-0.128044
03756	9.709124	0.427039	-1.260604	-0.014997	0.002764	-0.000750	0.077274	0.109831	0.990942	0.607980	-0.792920	0.040473	0.790183	0.599345	-0.128047
03757	9.703094	0.425344	-1.301965	-0.015551	0.004835	-0.004325	0.077346	0.109826	0.990937	0.607945	-0.792949	0.040431	0.790203	0.599308	-0.128100
03758	9.726784	0.429564	-1.276467	-0.014794	0.005947	-0.005051	0.077331	0.109810	0.990940	0.607847	-0.793024	0.040443	0.790280	0.599212	-0.128073
03759	9.730769	0.395887	-1.274725	-0.011506	0.004626	-0.003928	0.077316	0.109788	0.990943	0.607816	-0.793047	0.040439	0.790305	0.599185	-0.128047
03760	9.714925	0.375302	-1.327755	-0.003126	0.007907	-0.003589	0.077294	0.109748	0.990950	0.607810	-0.793053	0.040422	0.790312	0.599184	-0.128004
03761	9.744565	0.432446	-1.291320	0.001674	0.008811	-0.003919	0.077188	0.109656	0.990968	0.607923	-0.792968	0.040395	0.790235	0.599314	-0.127870
03762	9.717206	0.412296	-1.285732	0.008712	0.003581	-0.001948	0.077209	0.109629	0.990969	0.608009	-0.792904	0.040346	0.790167	0.599403	-0.127875
03763	9.709535	0.430015	-1.256423	0.010095	0.008691	-0.005413	0.077135	0.109632	0.990975	0.608026	-0.792889	0.040391	0.790161	0.599423	-0.127819
03764	9.717365	0.412960	-1.284319	0.010852	0.009804	-0.006139	0.077082	0.109601	0.990982	0.608132	-0.792808	0.040381	0.790085	0.599535	-0.127763
03765	9.672457	0.391453	-1.261590	-0.001058	0.008061	-0.001467	0.077148	0.109609	0.990976	0.608116	-0.792822	0.040349	0.790090	0.599516	-0.127820
03766	9.711650	0.360168	-1.293516	-0.007371	0.004932	0.000315	0.077173	0.109556	0.990980	0.608073	-0.792857	0.040299	0.790121	0.599479	-0.127806
03767	9.717597	0.413492	-1.282393	0.004670	0.003790	-0.002343	0.077090	0.109554	0.990987	0.608017	-0.792897	0.040357	0.790172	0.599426	-0.127735
03768	9.702170	0.448668	-1.224313	-0.005101	0.008269	-0.001863	0.077075	0.109498	0.990994	0.607994	-0.792917	0.040325	0.790192	0.599410	-0.127688
03769	9.752951	0.416989	-1.314582	-0.011674	0.010911	-0.004109	0.077098	0.109454	0.990997	0.608039	-0.792885	0.040268	0.790155	0.599461	-0.127682
03770	9.711935	0.412506	-1.321065	-0.007506	0.020691	-0.004340	0.076969	0.109343	0.991020	0.607998	-0.792917	0.040264	0.790198	0.599439	-0.127511
03771	9.667140	0.391457	-1.297346	-0.015974	0.016892	-0.008531	0.076838	0.109298	0.991035	0.607918	-0.792976	0.040321	0.790274	0.599369	-0.127374
03772	9.659668	0.358753	-1.236047	-0.021399	0.011989	-0.005463	0.076771	0.109249	0.991045	0.607768	-0.793089	0.040346	0.790395	0.599228	-0.127284
03773	9.693200	0.381931	-1.198204	-0.016005	0.007420	-0.004052	0.076617	0.109190	0.991064	0.607655	-0.793172	0.040411	0.790497	0.599129	-0.127121
03774	9.702819	0.345256	-1.296805	-0.004212	0.006496	-0.000572	0.076624	0.109135	0.991069	0.607638	-0.793188	0.040366	0.790509	0.599118	-0.127092
03775	9.722550	0.383449	-1.272268	-0.000386	0.008660	-0.006034	0.076494	0.109163	0.991076	0.607462	-0.793316	0.040495	0.790657	0.598943	-0.126997
03776	9.712787	0.364876	-1.283621	0.003914	0.002678	-0.001614	0.076524	0.109139	0.991077	0.607509	-0.793282	0.040450	0.790618	0.598993	-0.127008
03777	9.701070	0.416615	-1.255875	0.022061	0.001485	-0.001747	0.076556	0.109101	0.991078	0.607789	-0.793073	0.040355	0.790400	0.599277	-0.127025
03778	9.716924	0.437636	-1.201885	0.005851	0.005718	-0.001502	0.076562	0.109058	0.991083	0.607852	-0.793027	0.040307	0.790351	0.599345	-0.127007
03779	9.756190	0.406250	-1.233605	0.005347	0.011707	0.000610	0.076461	0.108933	0.991104	0.607958	-0.792948	0.040251	0.790279	0.599472	-0.126856
03780	9.705202	0.433228	-1.283522	-0.000673	0.012277	0.001937	0.076436	0.108823	0.991118	0.607967	-0.792945	0.040177	0.790275	0.599496	-0.126770
03781	9.732900	0.402582	-1.256225	-0.007202	0.011517	-0.002147	0.076498	0.108799	0.991116	0.607950	-0.792961	0.040123	0.790281	0.599480	-0.126805
03782	9.732970	0.453936	-1.285754	-0.006190	0.019732	-0.001483	0.076394	0.108672	0.991138	0.607918	-0.792987	0.040090	0.790316	0.599468	-0.126643
03783	9.711766	0.436104	-1.236932	-0.010780	0.022012	-0.005454	0.076205	0.108580	0.991163	0.607811	-0.793066	0.040148	0.790417	0.599380	-0.126432
03784	9.676652	0.377834	-1.312168	-0.007199	0.024392	-0.004776	0.076044	0.108451	0.991189	0.607773	-0.793095	0.040149	0.790461	0.599365	-0.126224
03785	9.686866	0.345997	-1.266835	-0.007868	0.023794	-0.000202	0.075866	0.108315	0.991218	0.607666	-0.793176	0.040164	0.790560	0.599282	-0.125995
03786	9.691009	0.362867	-1.294583	-0.001720	0.020339	0.000486	0.075769	0.108169	0.991241	0.607668	-0.793178	0.040106	0.790569	0.599306	-0.125829
03787	9.667665	0.359052	-1.318035	0.000636	0.011317	0.004793	0.075719	0.108038	0.991259	0.607690	-0.793165	0.040029	0.790557	0.599347	-0.125711
03788	9.691326	0.362063	-1.292436	0.006948	0.001573	0.005651	0.075801	0.107963	0.991261	0.607756	-0.793121	0.039908	0.790498	0.599419	-0.125735
03789	9.736381	0.383181	-1.314396	0.026020	-0.004795	0.004980	0.075886	0.107948	0.991256	0.607951	-0.792976	0.039813	0.790340	0.599614	-0.125803
03790	9.746232	0.401416	-1.302325	0.033987	0.010551	0.001145	0.075870	0.107855	0.991267	0.608234	-0.792764	0.039703	0.790123	0.599911	-0.125748
03791	9.693498	0.396497	-1.250841	0.020305	0.012351	0.003228	0.075927	0.107749	0.991275	0.608492	-0.792574	0.039543	0.789919	0.600180	-0.125742
03792	9.703444	0.414786	-1.238017	0.013229	0.008108	0.005722	0.075958	0.107635	0.991285	0.608608	-0.792492	0.039414	0.789827	0.600310	-0.125703
03793	9.709521	0.416409	-1.195096	0.007717	0.015563	0.002297	0.075979	0.107581	0.991289	0.608571	-0.792522	0.039365	0.789853	0.600279	-0.125686
03794	9.729260	0.504957	-1.200916	0.005739	0.015925	0.004021	0.075939	0.107434	0.991308	0.608629	-0.792483	0.039262	0.789813	0.600357	-0.125567
03795	9.751037	0.471918	-1.215081	-0.007992	0.013807	0.000409	0.075927	0.107375	0.991315	0.608517	-0.792570	0.039240	0.789900	0.600253	-0.125517
03796	9.751259	0.472025	-1.213259	-0.015060	0.022439	0.000269	0.075812	0.107218	0.991341	0.608413	-0.792652	0.039201	0.789991	0.600173	-0.125325
03797	9.700580	0.447921	-1.231083	-0.012910	0.023110	0.006247	0.075796	0.106996	0.991366	0.608477	-0.792612	0.039023	0.789944	0.600266	-0.125181
03798	9.702787	0.483924	-1.188430	-0.003564	0.017816	0.004219	0.075742	0.106835	0.991388	0.608461	-0.792628	0.038930	0.789961	0.600272	-0.125040
03799	9.734335	0.520705	-1.221870	-0.008962	0.009511	0.005432	0.075767	0.106714	0.991399	0.608475	-0.792623	0.038816	0.789948	0.600300	-0.124987
03800	9.740402	0.522627	-1.178517	-0.014168	0.020668	0.001562	0.075674	0.106557	0.991423	0.608377	-0.792701	0.038762	0.790032	0.600226	-0.124814
03801	9.701521	0.446703	-1.224085	-0.005240	0.021879	0.005500	0.075578	0.106312	0.991456	0.608543	-0.792582	0.038598	0.789914	0.600427	-0.124597
03802	9.693970	0.412676	-1.161830	-0.011841	0.027925	0.005087	0.075449	0.106083	0.991491	0.608461	-0.792649	0.038506	0.789989	0.600379	-0.124353
03803	9.743368	0.297553	-1.117183	-0.017897	0.031898	0.008248	0.075189	0.105789	0.991542	0.608293	-0.792781	0.038455	0.790144	0.600256	-0.123959
03804	9.704747	0.271990	-1.192178	-0.000779	0.046081	0.014237	0.074972	0.105378	0.991602	0.608292	-0.792791	0.038260	0.790165	0.600315	-0.123538
03805	9.691606	0.285744	-1.201083	0.019133	0.041334	0.016724	0.074747	0.104920	0.991668	0.608615	-0.792556	0.037979	0.789937	0.600705	-0.123096
03806	9.705873	0.370603	-1.247156	0.022886	0.021145	0.018356	0.074752	0.104626	0.991698	0.608799	-0.792428	0.037713	0.789795	0.600925	-0.122931
03807	9.721830	0.440834	-1.222613	0.030473	0.019396	0.013763	0.074868	0.104425	0.991711	0.609151	-0.792171	0.037427	0.789513	0.601299	-0.122919
03808	9.753288	0.532164	-1.144826	0.027127	0.011246	0.017097	0.074944	0.104201	0.991728	0.609369	-0.792016	0.037168	0.789337	0.601543	-0.122854
03809	9.730094	0.577671	-1.200593	0.022175	0.000355	0.018023	0.075161	0.104049	0.991728	0.609614	-0.791840	0.036876	0.789127	0.601800	-0.122945
03810	9.734082	0.541790	-1.199392	0.012711	0.001218	0.010500	0.075276	0.103937	0.991731	0.609723	-0.791764	0.036700	0.789032	0.601919	-0.122974
03811	9.728361	0.538346	-1.241402	0.007261	-0.003681	0.013543	0.075492	0.103865	0.991722	0.609789	-0.791723	0.036500	0.788960	0.601986	-0.123104
03812	9.740187	0.484826	-1.269319	0.014668	-0.004697	0.018940	0.075705	0.103723	0.991721	0.609907	-0.791644	0.036238	0.788849	0.602114	-0.123193
03813	9.738341	0.446391	-1.310308	0.021000	-0.001573	0.017187	0.075862	0.103622	0.991719	0.609977	-0.791599	0.036051	0.788780	0.602191	-0.123259
03814	9.744200	0.446130	-1.268676	0.034060	-0.000059	0.025407	0.076079	0.103401	0.991726	0.610242	-0.791410	0.035701	0.788553	0.602477	-0.123309
03815	9.740447	0.477699	-1.270028	0.015486	0.000340	0.023919	0.076268	0.103194	0.991733	0.610395	-0.791306	0.035397	0.788417	0.602649	-0.123340
03816	9.750397	0.494299	-1.257903	-0.000382	0.004891	0.021825	0.076423	0.102971	0.991744	0.610391	-0.791321	0.035125	0.788405	0.602667	-0.123328
03817	9.715153	0.489018	-1.224208	-0.000828	-0.001470	0.030427	0.076754	0.102774	0.991739	0.610394	-0.791335	0.034766	0.788371	0.602683	-0.123471
03818	9.697754	0.535953	-1.238966	-0.007664	-0.005924	0.026766	0.077025	0.102578	0.991738	0.610329	-0.791399	0.034454	0.788394	0.602633	-0.123564
03819	9.715249	0.483736	-1.225543	-0.016249	-0.015780	0.028852	0.077385	0.102435	0.991725	0.610235	-0.791485	0.034135	0.788432	0.602543	-0.123759
03820	9.748513	0.503413	-1.190058	-0.012539	-0.016291	0.031556	0.077767	0.102263	0.991713	0.610128	-0.791583	0.033782	0.788477	0.602444	-0.123953
03821	9.803348	0.490090	-1.169723	-0.017602	-0.008012	0.029688	0.078101	0.102114	0.991702	0.609915	-0.791758	0.033492	0.788609	0.602239	-0.124118
03822	9.805476	0.467730	-1.240672	-0.011721	-0.002306	0.028210	0.078353	0.101884	0.991706	0.609817	-0.791848	0.033171	0.788660	0.602160	-0.124174
03823	9.805625	0.465137	-1.240472	-0.021926	0.004785	0.028945	0.078524	0.101653	0.991716	0.609529	-0.792080	0.032927	0.788866	0.601894	-0.124157
03824	9.753088	0.453377	-1.331563	-0.009173	0.011533	0.029287	0.078672	0.101331	0.991737	0.609449	-0.792155	0.032593	0.788912	0.601849	-0.124077
03825	9.713634	0.380651	-1.235510	-0.021614	0.017440	0.020179	0.078691	0.101023	0.991767	0.609406	-0.792199	0.032341	0.788944	0.601844	-0.123903
03826	9.711594	0.291515	-1.243203	-0.023250	0.018105	0.019616	0.078729	0.100738	0.991793	0.609223	-0.792348	0.032120	0.789081	0.601694	-0.123753
03827	9.643156	0.264674	-1.244725	-0.023609	0.021212	0.023755	0.078805	0.100462	0.991815	0.608966	-0.792555	0.031893	0.789272	0.601468	-0.123635
03828	9.686671	0.247786	-1.305341	-0.022139	0.010558	0.024936	0.078935	0.100181	0.991833	0.608788	-0.792703	0.031617	0.789396	0.601320	-0.123561
03829	9.696694	0.264177	-1.292715	-0.002128	0.002871	0.029447	0.079182	0.099965	0.991835	0.608704	-0.792780	0.031307	0.789436	0.601255	-0.123623
03830	9.730155	0.283500	-1.255447	0.010000	0.002210	0.030682	0.079413	0.099689	0.991845	0.608774	-0.792740	0.030935	0.789359	0.601353	-0.123642
03831	9.763694	0.302517	-1.217702	0.023498	0.013459	0.032156	0.079563	0.099330	0.991869	0.609052	-0.792543	0.030514	0.789129	0.601672	-0.123554
03832	9.691427	0.308419	-1.221553	0.012049	0.005763	0.034672	0.079790	0.099001	0.991883	0.609136	-0.792495	0.030099	0.789042	0.601790	-0.123538
03833	9.754634	0.327771	-1.259329	0.018837	0.006281	0.032643	0.079994	0.098711	0.991896	0.609272	-0.792404	0.029721	0.788916	0.601957	-0.123530
03834	9.709979	0.353755	-1.268181	0.042541	0.010419	0.033389	0.080177	0.098364	0.991915	0.609597	-0.792170	0.029282	0.788646	0.602321	-0.123476
03835	9.666920	0.365116	-1.205560	0.026191	0.001325	0.032357	0.080385	0.098097	0.991925	0.609794	-0.792033	0.028911	0.788473	0.602546	-0.123486
03836	9.749443	0.370903	-1.188793	0.011415	0.001780	0.037427	0.080660	0.097770	0.991935	0.609870	-0.791990	0.028470	0.788386	0.602655	-0.123509
03837	9.718379	0.381339	-1.184632	0.006802	0.010885	0.037127	0.080919	0.097447	0.991946	0.609892	-0.791988	0.028051	0.788343	0.602710	-0.123519
03838	9.705634	0.444342	-1.227884	-0.000944	0.011631	0.034011	0.081096	0.097088	0.991966	0.609873	-0.792017	0.027659	0.788339	0.602730	-0.123441
03839	9.741426	0.443634	-1.259816	-0.010362	0.019856	0.034018	0.081245	0.096718	0.991990	0.609810	-0.792078	0.027283	0.788372	0.602709	-0.123332
03840	9.681373	0.449382	-1.321084	-0.025764	0.021873	0.031643	0.081327	0.096316	0.992023	0.609597	-0.792253	0.026945	0.788528	0.602543	-0.123145
03841	9.697523	0.411015	-1.375524	-0.034574	0.035357	0.042799	0.081283	0.095717	0.992084	0.609402	-0.792417	0.026523	0.788684	0.602423	-0.122740
03842	9.680480	0.406413	-1.354873	-0.044494	0.042256	0.037388	0.081239	0.095146	0.992143	0.609037	-0.792710	0.026151	0.788970	0.602127	-0.122347
03843	9.669155	0.404359	-1.291915	-0.066654	0.043780	0.037056	0.081308	0.094628	0.992187	0.608574	-0.793079	0.025767	0.789320	0.601724	-0.122072
03844	9.686264	0.300834	-1.241551	-0.081706	0.052916	0.036115	0.081172	0.094004	0.992257	0.607916	-0.793593	0.025452	0.789841	0.601143	-0.121564
03845	9.684299	0.210957	-1.244914	-0.081240	0.072900	0.034965	0.080880	0.093295	0.992348	0.607290	-0.794082	0.025158	0.790353	0.600608	-0.120883
03846	9.638505	0.201721	-1.287966	-0.076208	0.074806	0.042435	0.080608	0.092489	0.992446	0.606669	-0.794568	0.024773	0.790857	0.600089	-0.120159
03847	9.694923	0.238739	-1.290431	-0.079984	0.062463	0.042356	0.080539	0.091811	0.992514	0.606075	-0.795034	0.024362	0.791319	0.599576	-0.119676
03848	9.729961	0.308378	-1.278183	-0.064378	0.054636	0.048786	0.080464	0.091076	0.992588	0.605543	-0.795454	0.023899	0.791734	0.599132	-0.119156
03849	9.745157	0.340119	-1.290236	-0.058007	0.057731	0.047076	0.080343	0.090393	0.992660	0.604981	-0.795892	0.023510	0.792176	0.598652	-0.118630
03850	9.687045	0.330569	-1.276607	-0.063112	0.053161	0.047835	0.080272	0.089675	0.992731	0.604459	-0.796302	0.023054	0.792581	0.598215	-0.118126
03851	9.711094	0.329701	-1.246916	-0.063132	0.033988	0.050562	0.080350	0.089074	0.992779	0.603958	-0.796696	0.022599	0.792956	0.597781	-0.117811
03852	9.739406	0.345647	-1.248360	-0.073809	0.024043	0.050463	0.080526	0.088508	0.992815	0.603348	-0.797171	0.022130	0.793402	0.597231	-0.117594
03853	9.775545	0.344107	-1.279145	-0.056461	0.021600	0.051141	0.080784	0.088013	0.992838	0.602863	-0.797551	0.021648	0.793744	0.596797	-0.117489
03854	9.794840	0.326073	-1.221649	-0.053791	0.025233	0.046715	0.080927	0.087470	0.992874	0.602415	-0.797902	0.021192	0.794070	0.596408	-0.117265
03855	9.823364	0.220327	-1.232122	-0.064312	0.038374	0.049680	0.080941	0.086832	0.992929	0.601940	-0.798272	0.020741	0.794429	0.596005	-0.116881
03856	9.788353	0.213714	-1.193987	-0.062999	0.059472	0.047910	0.080818	0.086076	0.993005	0.601417	-0.798678	0.020283	0.794837	0.595571	-0.116315
03857	9.745557	0.224566	-1.125784	-0.071870	0.065149	0.047710	0.080573	0.085344	0.993088	0.600652	-0.799262	0.019954	0.795440	0.594893	-0.115661
03858	9.686106	0.285707	-1.071196	-0.087156	0.067250	0.045373	0.080372	0.084562	0.993172	0.599938	-0.799807	0.019549	0.795999	0.594271	-0.115014
03859	9.683595	0.316885	-1.065642	-0.104755	0.059238	0.041421	0.080179	0.083863	0.993246	0.599170	-0.800392	0.019212	0.796597	0.593583	-0.114423
03860	9.772645	0.391265	-1.101627	-0.114187	0.066527	0.033802	0.079913	0.083178	0.993325	0.598249	-0.801086	0.018951	0.797315	0.592742	-0.113778
03861	9.771474	0.353739	-1.135807	-0.115493	0.067029	0.027124	0.079607	0.082536	0.993403	0.597493	-0.801656	0.018724	0.797913	0.592061	-0.113132
03862	9.726476	0.331243	-1.108404	-0.127413	0.061495	0.026040	0.079333	0.081944	0.993474	0.596472	-0.802419	0.018554	0.798704	0.591108	-0.112535
03863	9.750243	0.211139	-1.087140	-0.144022	0.055594	0.029139	0.079097	0.081421	0.993536	0.595218	-0.803352	0.018449	0.799662	0.589911	-0.112006
03864	9.680361	0.133884	-1.056497	-0.128508	0.047668	0.035545	0.078989	0.080834	0.993593	0.594179	-0.804127	0.018184	0.800445	0.588935	-0.111547
03865	9.730009	0.118667	-1.071806	-0.119999	0.044574	0.036118	0.078879	0.080258	0.993648	0.593328	-0.804762	0.017901	0.801087	0.588147	-0.111098
03866	9.746504	0.081893	-1.125351	-0.107752	0.041386	0.043269	0.078865	0.079646	0.993699	0.592448	-0.805418	0.017536	0.801739	0.587331	-0.110706
03867	9.784526	0.133506	-1.184056	-0.106154	0.043614	0.041901	0.078781	0.079084	0.993750	0.591461	-0.806149	0.017266	0.802476	0.586404	-0.110284
03868	9.806637	0.081627	-1.124139	-0.111383	0.044880	0.038686	0.078710	0.078489	0.993803	0.590553	-0.806821	0.016949	0.803151	0.585560	-0.109857
03869	9.799472	0.079473	-1.019381	-0.104437	0.042935	0.042559	0.078763	0.077893	0.993846	0.589866	-0.807332	0.016528	0.803650	0.584934	-0.109534
03870	9.765925	0.108687	-0.940613	-0.095178	0.044323	0.044305	0.078729	0.077256	0.993898	0.589084	-0.807911	0.016137	0.804228	0.584219	-0.109116
03871	9.710412	0.065699	-0.928653	-0.093193	0.040579	0.040692	0.078729	0.076712	0.993940	0.588338	-0.808461	0.015795	0.804773	0.583529	-0.108781
03872	9.684596	0.094612	-0.950305	-0.083239	0.045987	0.039754	0.078653	0.076102	0.993993	0.587654	-0.808965	0.015435	0.805280	0.582910	-0.108349
03873	9.717950	0.128829	-0.979175	-0.069611	0.041130	0.039646	0.078635	0.075543	0.994037	0.587134	-0.809350	0.015062	0.805661	0.582449	-0.107997
03874	9.719533	0.072954	-1.086864	-0.050722	0.059566	0.032535	0.078407	0.074913	0.994103	0.586717	-0.809658	0.014738	0.805987	0.582102	-0.107435
03875	9.657937	0.099392	-1.074412	-0.039500	0.054279	0.032562	0.078176	0.074359	0.994163	0.586279	-0.809980	0.014481	0.806328	0.581725	-0.106916
03876	9.686665	0.082987	-0.930091	-0.031117	0.057452	0.033026	0.077967	0.073738	0.994225	0.586020	-0.810174	0.014132	0.806537	0.581534	-0.106378
03877	9.671125	0.080262	-0.722920	-0.041932	0.076126	0.034562	0.077631	0.073057	0.994302	0.585585	-0.810493	0.013832	0.806885	0.581174	-0.105701
03878	9.658574	0.059665	-0.584752	-0.055920	0.099562	0.036934	0.077105	0.072159	0.994408	0.585122	-0.810833	0.013469	0.807271	0.580812	-0.104741
03879	9.683908	0.077233	-0.435036	-0.023864	0.128300	0.030043	0.076346	0.071200	0.994536	0.584895	-0.811002	0.013161	0.807508	0.580694	-0.103562
03880	9.653955	0.193982	-0.334907	-0.012074	0.151759	0.023457	0.075319	0.070109	0.994692	0.584797	-0.811077	0.012886	0.807675	0.580722	-0.102089
03881	9.713225	0.387756	-0.273194	-0.034647	0.159125	0.027768	0.074285	0.068980	0.994848	0.584467	-0.811319	0.012613	0.808010	0.580519	-0.100586
03882	9.841265	0.499943	-0.287360	-0.066763	0.171106	0.032628	0.073154	0.067703	0.995020	0.583921	-0.811717	0.012301	0.808508	0.580113	-0.098913
03883	9.876916	0.569165	-0.260662	-0.098828	0.176797	0.037519	0.071931	0.066392	0.995197	0.582961	-0.812410	0.012063	0.809310	0.579294	-0.097141
03884	9.848818	0.633084	-0.084422	-0.116890	0.178394	0.043904	0.070803	0.064983	0.995371	0.582001	-0.813104	0.011685	0.810100	0.578480	-0.095390
03885	9.808265	0.729427	0.008126	-0.138166	0.184302	0.047237	0.069668	0.063538	0.995545	0.580872	-0.813916	0.011296	0.811008	0.577497	-0.093612
03886	9.819482	0.760321	-0.030421	-0.186141	0.193590	0.044638	0.068417	0.062038	0.995726	0.579348	-0.815006	0.010971	0.812204	0.576122	-0.091702
03887	9.784657	0.666167	-0.132141	-0.212887	0.209711	0.045168	0.066977	0.060469	0.995920	0.577544	-0.816289	0.010722	0.813608	0.574469	-0.089596
03888	9.743361	0.519603	-0.246362	-0.229547	0.213219	0.052625	0.065605	0.058796	0.996112	0.575657	-0.817626	0.010347	0.815055	0.572740	-0.087487
03889	9.782095	0.553218	-0.214856	-0.234131	0.198935	0.045324	0.064234	0.057278	0.996290	0.573722	-0.818988	0.010095	0.816528	0.570945	-0.085468
03890	9.843206	0.589145	-0.157192	-0.230301	0.206703	0.038691	0.062827	0.055762	0.996465	0.571833	-0.820311	0.009850	0.817961	0.569193	-0.083424
03891	9.670772	0.605577	-0.033386	-0.218929	0.225306	0.027549	0.061093	0.054251	0.996657	0.569977	-0.821603	0.009784	0.819387	0.567473	-0.081116
03892	9.658222	0.583331	0.160516	-0.242877	0.219547	0.019712	0.059464	0.052825	0.996832	0.567991	-0.822977	0.009729	0.820884	0.565613	-0.078942
03893	9.688001	0.445071	0.165933	-0.271773	0.222708	0.020431	0.057813	0.051381	0.997004	0.565829	-0.824466	0.009679	0.822493	0.563575	-0.076738
03894	9.726632	0.290227	0.142185	-0.264129	0.231129	0.028402	0.056131	0.049826	0.997179	0.563657	-0.825954	0.009542	0.824100	0.561531	-0.074446
03895	9.676995	0.075892	0.082658	-0.227323	0.230511	0.039829	0.054415	0.048198	0.997354	0.561719	-0.827275	0.009331	0.825536	0.559725	-0.072090
03896	9.533160	-0.152880	0.326263	-0.188650	0.224029	0.057170	0.052945	0.046451	0.997516	0.560149	-0.828345	0.008842	0.826698	0.558289	-0.069876
03897	9.590074	-0.212500	0.638066	-0.115127	0.204063	0.070661	0.051696	0.044727	0.997661	0.559134	-0.829037	0.008194	0.827464	0.557403	-0.067866
03898	9.622212	-0.066080	0.869564	-0.036270	0.213800	0.084212	0.050457	0.042815	0.997808	0.558810	-0.829264	0.007326	0.827760	0.557215	-0.065768
03899	9.661271	0.199405	1.202397	0.020082	0.223806	0.094131	0.049151	0.040793	0.997958	0.558837	-0.829253	0.006373	0.827820	0.557382	-0.063555
03900	9.749515	0.485445	1.561198	0.047297	0.236581	0.100478	0.047814	0.038620	0.998109	0.559198	-0.829017	0.005289	0.827654	0.557888	-0.061235
03901	9.762837	0.676444	2.053941	0.044201	0.278078	0.103293	0.046059	0.036185	0.998283	0.559473	-0.828838	0.004230	0.827568	0.558317	-0.058420
03902	9.825683	0.853380	2.576040	-0.000744	0.334441	0.104379	0.043935	0.033431	0.998475	0.559438	-0.828866	0.003136	0.827707	0.558447	-0.055119
03903	9.897938	0.842373	2.947515	-0.072829	0.426686	0.099747	0.040998	0.030193	0.998703	0.558767	-0.829322	0.002134	0.828311	0.557954	-0.050871
03904	9.992137	0.882970	3.372506	-0.137006	0.553154	0.084791	0.036947	0.026384	0.998969	0.557617	-0.830097	0.001301	0.829276	0.556994	-0.045382
03905	10.143616	1.033447	3.712006	-0.166472	0.695050	0.065409	0.031526	0.021900	0.999263	0.556254	-0.831012	0.000663	0.830414	0.555823	-0.038381
03906	10.393574	1.344133	4.307337	-0.151376	0.852823	0.030020	0.024666	0.016893	0.999553	0.555007	-0.831845	0.000363	0.831480	0.554750	-0.029894
03907	10.513403	1.612151	5.011977	-0.190819	0.999428	-0.030375	0.016126	0.011572	0.999803	0.553311	-0.832974	0.000717	0.832818	0.553191	-0.019836
03908	10.385163	1.692189	5.739682	-0.230036	1.178893	-0.098990	0.005812	0.005865	0.999966	0.551425	-0.834223	0.001688	0.834204	0.551396	-0.008083
03909	10.088300	1.464844	5.956258	-0.225081	1.348659	-0.151269	-0.006315	-0.000345	0.999980	0.549436	-0.835529	0.003182	0.835512	0.549446	0.005466
03910	9.675891	0.840778	5.290323	-0.125663	1.392226	-0.155364	-0.018745	-0.006710	0.999802	0.548388	-0.836211	0.004669	0.836014	0.548367	0.019355
03911	9.871461	0.208010	4.379006	0.064567	1.322641	-0.133350	-0.030529	-0.012941	0.999450	0.548843	-0.835904	0.005942	0.835368	0.548723	0.032622
03912	10.263115	-0.223863	3.745443	0.307756	1.260569	-0.038505	-0.041199	-0.019574	0.998959	0.551419	-0.834204	0.006396	0.833210	0.551109	0.045161
03913	11.267712	-0.676391	2.858779	0.461386	1.173237	0.035304	-0.050839	-0.026420	0.998357	0.555129	-0.831740	0.006257	0.830209	0.554536	0.056951
03914	12.973369	-0.968204	2.358368	0.478147	1.169413	0.068436	-0.060087	-0.033517	0.997630	0.559152	-0.829045	0.005825	0.826885	0.558177	0.068556
03915	14.751261	-1.273622	2.387381	0.573164	1.385544	-0.061979	-0.071941	-0.040855	0.996572	0.563715	-0.825941	0.006834	0.822831	0.562274	0.082450
03916	15.147457	-0.730881	2.323575	0.859424	1.739452	-0.231788	-0.087455	-0.048803	0.994972	0.570599	-0.821170	0.009876	0.816559	0.568594	0.099662
03917	13.969559	0.231713	1.686187	0.851484	1.962269	-0.394322	-0.105724	-0.056925	0.992765	0.577072	-0.816562	0.014634	0.809821	0.574444	0.119180
03918	12.515811	0.389115	0.390933	0.443375	1.840518	-0.552964	-0.123726	-0.063032	0.990313	0.580043	-0.814325	0.020637	0.805135	0.576977	0.137314
03919	12.110756	0.377324	-0.678694	0.122766	1.701356	-0.662039	-0.141260	-0.067527	0.987667	0.580012	-0.814151	0.027292	0.802267	0.576714	0.154173
03920	11.906987	0.581123	-1.578582	-0.039335	1.659240	-0.713620	-0.158628	-0.071292	0.984761	0.578653	-0.814856	0.034219	0.799999	0.575263	0.170512
03921	12.074553	0.589847	-1.651060	-0.157797	1.719242	-0.727761	-0.176566	-0.075303	0.981404	0.576085	-0.816360	0.041005	0.798092	0.572612	0.187522
03922	12.153603	0.720744	-0.835244	-0.274217	1.854493	-0.700947	-0.195316	-0.080180	0.977457	0.572624	-0.818453	0.047285	0.796212	0.568951	0.205770
03923	12.327911	0.234762	-0.551267	-0.340056	1.949765	-0.641221	-0.214406	-0.086078	0.972944	0.568558	-0.820956	0.052661	0.794212	0.564466	0.224958
03924	12.060406	0.496017	0.237507	-0.268127	1.993596	-0.514313	-0.233067	-0.093086	0.967995	0.565312	-0.822907	0.056978	0.791266	0.560499	0.244416
03925	11.031461	0.354427	0.846798	-0.218769	1.980752	-0.380655	-0.250829	-0.100992	0.962749	0.562547	-0.824580	0.060064	0.787798	0.556658	0.263641
03926	9.711855	0.270997	1.263142	-0.166753	1.904358	-0.280826	-0.267312	-0.109267	0.957395	0.560541	-0.825783	0.062261	0.783797	0.553302	0.281990
03927	8.564713	0.049310	1.346327	-0.200364	1.738712	-0.234912	-0.282141	-0.116981	0.952214	0.558269	-0.827204	0.063792	0.780213	0.549590	0.298695
03928	8.125601	0.173300	1.212293	-0.247914	1.539618	-0.202773	-0.295202	-0.123757	0.947386	0.555786	-0.828787	0.064916	0.777147	0.545707	0.313442
03929	7.853741	0.297256	0.985553	-0.334753	1.410272	-0.195081	-0.307108	-0.129656	0.942801	0.552425	-0.830972	0.065671	0.774927	0.540995	0.326823
03930	7.641261	0.425548	0.656176	-0.367637	1.305146	-0.182452	-0.318156	-0.135191	0.938350	0.549043	-0.833175	0.066120	0.772870	0.536231	0.339305
03931	7.286766	0.491542	0.737235	-0.357879	1.194565	-0.182089	-0.328327	-0.140033	0.934126	0.545627	-0.835382	0.066547	0.771033	0.531534	0.350684
03932	7.200159	0.749007	0.665822	-0.372941	1.074222	-0.183945	-0.337545	-0.144204	0.930198	0.542177	-0.837597	0.066894	0.769486	0.526912	0.360910
03933	6.895356	0.837366	0.724450	-0.365847	1.003017	-0.170424	-0.346002	-0.148089	0.926473	0.538678	-0.839849	0.066933	0.768185	0.522229	0.370362
03934	6.518790	0.882600	0.970296	-0.414080	0.927501	-0.189507	-0.354082	-0.151341	0.922888	0.534871	-0.842266	0.067093	0.767163	0.517382	0.379179
03935	6.248293	0.835780	1.077081	-0.469983	0.832883	-0.226305	-0.361524	-0.153699	0.919607	0.530366	-0.845097	0.067256	0.766820	0.512043	0.387040
03936	6.103612	0.721288	1.236843	-0.526484	0.737305	-0.257550	-0.368481	-0.155299	0.916572	0.525424	-0.848157	0.067524	0.766910	0.506471	0.394128
03937	6.034217	0.774069	1.276136	-0.566922	0.640839	-0.282221	-0.374634	-0.156070	0.913943	0.519884	-0.851551	0.067689	0.767705	0.500503	0.400158
03938	6.150795	0.734154	1.397358	-0.644981	0.535736	-0.302934	-0.380259	-0.156176	0.911599	0.513821	-0.855213	0.067816	0.769019	0.494187	0.405449
03939	6.391680	0.678008	1.487653	-0.744673	0.402513	-0.297650	-0.384730	-0.155707	0.909801	0.506830	-0.859419	0.067241	0.771431	0.486984	0.409561
03940	6.637492	0.601247	1.694517	-0.865976	0.275196	-0.274932	-0.388184	-0.154695	0.908506	0.499111	-0.864010	0.066140	0.774727	0.479120	0.412604
03941	6.670386	0.636497	2.059008	-1.002724	0.171572	-0.235774	-0.390469	-0.153401	0.907746	0.490258	-0.869225	0.063994	0.779218	0.470018	0.414611
03942	6.975762	-0.094272	2.224504	-1.219570	0.043764	-0.224826	-0.391845	-0.151673	0.907443	0.479878	-0.875217	0.060931	0.784968	0.459338	0.415734
03943	7.333286	-0.402345	2.363436	-1.228244	0.036656	-0.183157	-0.392868	-0.150257	0.907236	0.469397	-0.881124	0.057335	0.790772	0.448379	0.416696
03944	7.248573	-0.705871	2.830622	-1.232270	0.080946	-0.148528	-0.394144	-0.149334	0.906835	0.459073	-0.886786	0.053498	0.796180	0.437389	0.418077
03945	7.016468	-0.983292	3.357480	-1.223270	0.083297	-0.120221	-0.395282	-0.148681	0.906447	0.448777	-0.892280	0.049345	0.801468	0.426298	0.419427
03946	6.918577	-1.123175	3.804345	-1.207393	0.050292	-0.088837	-0.396025	-0.148130	0.906213	0.438756	-0.897477	0.045039	0.806633	0.415443	0.420416
03947	7.156344	-1.049515	4.367370	-1.127391	-0.060575	-0.082551	-0.395789	-0.147155	0.906475	0.429247	-0.902259	0.040950	0.811849	0.405309	0.420270
03948	7.544191	-1.076723	5.068317	-0.974261	-0.124742	-0.102113	-0.395153	-0.145765	0.906977	0.420950	-0.906298	0.037744	0.816490	0.396706	0.419486
03949	7.870949	-0.905475	5.757983	-0.752354	-0.205043	-0.115546	-0.393827	-0.143917	0.907848	0.414218	-0.909485	0.035512	0.820563	0.390032	0.417792
03950	8.379338	-0.728155	6.569437	-0.473444	-0.267241	-0.149195	-0.392189	-0.141557	0.908927	0.409778	-0.911519	0.034853	0.823571	0.386128	0.415495
03951	8.865189	-0.590170	7.046576	-0.247535	-0.220182	-0.179097	-0.391017	-0.139132	0.909807	0.406840	-0.912819	0.035259	0.825583	0.383933	0.413532
03952	8.864192	-0.624296	7.312370	-0.139334	-0.137726	-0.218807	-0.390712	-0.136642	0.910315	0.404873	-0.913639	0.036633	0.826693	0.382875	0.412292
03953	8.584629	-0.713207	7.263852	-0.067321	-0.105603	-0.260096	-0.390785	-0.133972	0.910680	0.403047	-0.914372	0.038438	0.827551	0.382067	0.411320
03954	8.407176	-0.422322	7.226709	0.051203	-0.167250	-0.277779	-0.390465	-0.130828	0.911274	0.402424	-0.914529	0.041136	0.828005	0.382781	0.409740
03955	8.267864	-0.061240	7.450608	0.125708	-0.171644	-0.303039	-0.390198	-0.127419	0.911872	0.402166	-0.914494	0.044305	0.828256	0.384012	0.408078
03956	8.126494	0.354118	7.732721	0.224402	-0.123137	-0.322682	-0.390422	-0.124031	0.912243	0.402804	-0.914021	0.048119	0.827840	0.386242	0.406814
03957	8.036844	0.826931	7.849666	0.255263	-0.069072	-0.361843	-0.391139	-0.120384	0.912424	0.403304	-0.913567	0.052354	0.827258	0.388462	0.405884
03958	8.225799	1.238845	7.795946	0.182257	-0.025282	-0.420305	-0.392570	-0.116483	0.912316	0.403203	-0.913341	0.056885	0.826629	0.390180	0.405517
03959	8.416949	1.396288	7.514145	0.077869	0.084343	-0.472428	-0.395180	-0.112659	0.911669	0.401734	-0.913707	0.061228	0.826100	0.390445	0.406338
03960	8.451649	1.088369	7.117889	-0.054130	0.217604	-0.475702	-0.398828	-0.109197	0.910501	0.399438	-0.914432	0.065298	0.825461	0.389731	0.408318
03961	8.489965	0.879752	6.775270	-0.056303	0.361305	-0.468251	-0.403608	-0.106387	0.908726	0.396742	-0.915329	0.069052	0.824437	0.388400	0.411643
03962	8.354802	0.559285	6.632200	-0.032333	0.545818	-0.461577	-0.409874	-0.104316	0.906157	0.394638	-0.915927	0.073062	0.822353	0.387550	0.416582
03963	7.559957	0.197937	6.365400	0.091148	0.708851	-0.457362	-0.417340	-0.102794	0.902918	0.393324	-0.916128	0.077501	0.819221	0.387484	0.422768
03964	6.043020	-0.014940	5.661856	0.293114	0.621864	-0.447222	-0.424128	-0.101152	0.899935	0.393878	-0.915431	0.082736	0.815460	0.389555	0.428102
03965	4.991878	0.238682	4.325273	0.565335	0.052271	-0.361352	-0.425914	-0.098140	0.899425	0.396580	-0.913763	0.088093	0.813217	0.394214	0.428105
03966	6.774946	0.494016	2.914391	0.762258	-0.803138	-0.191516	-0.420091	-0.093233	0.902680	0.402010	-0.910899	0.093007	0.813579	0.401958	0.420141
03967	10.587069	0.373439	2.952373	0.551822	-1.288621	-0.117839	-0.410046	-0.086958	0.907910	0.405857	-0.908854	0.096252	0.816788	0.407950	0.407964
03968	13.802194	-0.559815	4.299351	0.264868	-1.046445	-0.201450	-0.402246	-0.080878	0.911952	0.407246	-0.907925	0.099108	0.819969	0.411254	0.398146
03969	14.577530	-0.328444	6.929248	0.226952	-0.377645	-0.330979	-0.400383	-0.076493	0.913150	0.407126	-0.907605	0.102481	0.820940	0.412799	0.394532
03970	12.509774	1.236993	9.154598	0.061794	-0.021194	-0.436664	-0.401928	-0.072480	0.912798	0.405920	-0.907663	0.106664	0.820782	0.413394	0.394236
03971	11.041963	2.640655	10.615714	-0.268909	-0.203901	-0.376739	-0.401671	-0.068256	0.913237	0.401609	-0.909340	0.108676	0.823025	0.410416	0.392668
03972	10.574323	1.434063	9.325231	-0.501202	-0.398318	-0.153981	-0.398944	-0.065267	0.914649	0.396897	-0.911478	0.108075	0.826629	0.406137	0.389533
03973	9.440267	-0.685640	6.428113	-0.351960	-0.467558	0.023670	-0.394987	-0.063832	0.916466	0.393407	-0.913239	0.105947	0.830190	0.402392	0.385830
03974	7.796700	-2.462158	2.565057	-0.260859	-0.687344	0.008066	-0.389181	-0.061187	0.919127	0.391306	-0.914271	0.104825	0.833917	0.400456	0.379760
03975	7.292912	-3.209430	-0.707685	-0.067406	-0.961919	-0.104977	-0.381259	-0.056353	0.922749	0.389238	-0.915140	0.104936	0.838532	0.399177	0.370840
03976	7.699604	-3.194441	-2.803255	0.193665	-1.151115	-0.248520	-0.372498	-0.049512	0.926711	0.389965	-0.914487	0.107890	0.842124	0.401574	0.359953
03977	8.715188	-3.370457	-3.312798	0.854615	-1.130675	-0.374827	-0.364386	-0.041620	0.930318	0.395129	-0.911527	0.113984	0.843265	0.409129	0.348593
03978	9.421540	-2.097889	-2.715763	1.896499	-0.896122	-0.362526	-0.358251	-0.034626	0.932983	0.409806	-0.903730	0.123819	0.838878	0.426700	0.337952
03979	9.295456	0.694431	-2.354151	2.468599	-0.822295	-0.319000	-0.352618	-0.028305	0.935339	0.428371	-0.893544	0.134453	0.831961	0.448083	0.327204
03980	8.754006	3.073521	-1.673951	2.168083	-1.145818	-0.279422	-0.344278	-0.020615	0.938641	0.445411	-0.883677	0.143961	0.826488	0.467644	0.313413
03981	8.694688	3.872423	-2.449248	1.445135	-1.588502	-0.206375	-0.331936	-0.011319	0.943234	0.455645	-0.877464	0.149817	0.825958	0.479509	0.296419
03982	9.819814	3.950048	-3.411604	1.073653	-1.726760	-0.154463	-0.318318	-0.001644	0.947983	0.464046	-0.872267	0.154307	0.826641	0.489026	0.278421
03983	10.342061	3.705872	-2.652236	0.999874	-1.552394	-0.065235	-0.305587	0.006563	0.952142	0.471161	-0.867926	0.157201	0.827420	0.496651	0.262134
03984	10.203284	3.281555	-1.035134	0.738592	-1.406113	0.008572	-0.293846	0.013479	0.955758	0.477331	-0.864229	0.158942	0.828136	0.502917	0.247516
03985	10.553856	2.832780	-0.077464	0.341973	-1.365142	0.114206	-0.281742	0.019395	0.959294	0.479706	-0.863024	0.158337	0.830965	0.504790	0.233846
03986	10.878144	2.563161	0.298242	0.069328	-1.324929	0.196467	-0.269704	0.024352	0.962635	0.480854	-0.862713	0.156546	0.834290	0.505108	0.220968
03987	10.926514	2.048924	0.253051	-0.040975	-1.256441	0.203987	-0.257812	0.028939	0.965762	0.479642	-0.863858	0.153927	0.838735	0.502904	0.208832
03988	10.420363	1.778901	0.366361	-0.107715	-1.144409	0.192114	-0.247210	0.032987	0.968400	0.479249	-0.864454	0.151788	0.842145	0.501628	0.197893
03989	9.930815	1.558904	0.262701	-0.150428	-1.097280	0.214065	-0.236710	0.036436	0.970897	0.477205	-0.866094	0.148848	0.846312	0.498551	0.187626
03990	9.728945	1.550505	-0.148309	-0.134167	-1.079045	0.254163	-0.226287	0.039564	0.973257	0.476681	-0.866856	0.146069	0.849453	0.496986	0.177299
03991	9.627765	1.688366	-0.481892	-0.100341	-1.079439	0.286835	-0.215582	0.042547	0.975558	0.475883	-0.867804	0.143010	0.852678	0.495082	0.166835
03992	9.629492	1.793355	-0.730636	0.018457	-1.086891	0.297684	-0.204822	0.045302	0.977750	0.476690	-0.867841	0.140068	0.854877	0.494773	0.156158
03993	9.616672	2.369150	-0.542370	0.148870	-1.070016	0.276259	-0.194126	0.048334	0.979785	0.477655	-0.867729	0.137444	0.856832	0.494681	0.145362
03994	9.534339	2.637686	-0.552089	0.188629	-1.139142	0.248868	-0.183104	0.051775	0.981729	0.479764	-0.866918	0.135202	0.858079	0.495754	0.133896
03995	9.343863	2.823350	-0.444331	0.233800	-1.185125	0.219220	-0.171526	0.055840	0.983596	0.481091	-0.866509	0.133088	0.859727	0.496027	0.121765
03996	9.519784	2.695843	-0.456473	0.207905	-1.253074	0.190937	-0.159762	0.060367	0.985308	0.483216	-0.865587	0.131383	0.860801	0.497107	0.109117
03997	9.690759	2.592875	-0.276029	0.151413	-1.281529	0.175753	-0.147669	0.065287	0.986880	0.483869	-0.865482	0.129659	0.862592	0.496667	0.096215
03998	9.626635	2.188780	-0.096569	0.065662	-1.274594	0.159892	-0.135827	0.070191	0.988243	0.484681	-0.865264	0.128072	0.864080	0.496379	0.083506
03999	9.749893	1.966248	0.126641	-0.042252	-1.260270	0.162922	-0.123756	0.074881	0.989483	0.483053	-0.866479	0.125988	0.866801	0.493565	0.071060
04000	9.667050	1.742080	0.158290	-0.107485	-1.197304	0.200327	-0.112335	0.079001	0.990525	0.482373	-0.867164	0.123867	0.868733	0.491717	0.059305
04001	9.332452	1.636161	0.452654	-0.154990	-1.157897	0.232757	-0.100867	0.082399	0.991482	0.480027	-0.868863	0.121044	0.871436	0.488147	0.048086
04002	9.444360	1.202612	0.701723	-0.286833	-1.115722	0.229055	-0.089969	0.085791	0.992243	0.477757	-0.870452	0.118580	0.873873	0.484719	0.037327
04003	9.833600	0.726330	0.627335	-0.359693	-1.049926	0.230537	-0.079666	0.088638	0.992873	0.474339	-0.872671	0.115967	0.876730	0.480197	0.027478
04004	9.877878	0.426340	0.520755	-0.324305	-0.975057	0.243689	-0.069890	0.091129	0.993384	0.471687	-0.874443	0.113403	0.878992	0.476492	0.018131
04005	9.640343	-0.000817	0.406460	-0.235548	-0.954625	0.237860	-0.060197	0.093372	0.993810	0.468620	-0.876433	0.110729	0.881346	0.472385	0.009002
04006	9.461275	-0.230884	0.622155	-0.098447	-0.993228	0.216804	-0.050359	0.096108	0.994096	0.467883	-0.877105	0.108500	0.882354	0.470585	-0.000797
04007	9.219202	-0.796665	0.367702	0.025515	-1.070187	0.175286	-0.039860	0.099594	0.994229	0.467213	-0.877689	0.106652	0.883246	0.468768	-0.011547
04008	9.284668	-0.742287	0.043015	0.331021	-1.172732	0.160611	-0.028693	0.103648	0.994200	0.470199	-0.876301	0.104926	0.882094	0.470483	-0.023592
04009	9.528992	-0.327047	-0.210769	0.618952	-1.240212	0.200132	-0.016687	0.107344	0.994082	0.474802	-0.874120	0.102361	0.879934	0.473700	-0.036380
04010	9.461439	0.381151	-0.168934	0.800317	-1.291718	0.261926	-0.004028	0.111168	0.993793	0.481864	-0.870597	0.099340	0.876237	0.479273	-0.050061
04011	9.368089	1.018824	-0.046233	0.872244	-1.369244	0.311002	0.009803	0.114731	0.993348	0.487936	-0.867651	0.095398	0.872824	0.483755	-0.064487
