// General information: 
//  MT Manager version: 2022.2.0 
//  XDA version: 2022.2.0 build 7381 rev 124627 built on 2023-07-19
// Device information: 
//  DeviceId: 00B4CB9F
//  ProductCode: MTW2-3A7G6
//  Firmware Version: 4.6.0
//  Hardware Version: 2.0.0
// Device settings: 
//  Filter Profile: human(46.1)
//  Option Flags: Orientation Smoother Disabled, Position/Velocity Smoother Disabled, Continuous Zero Rotation Update Disabled, AHS Disabled, ICC Disabled
// Coordinate system: ENU
PacketCounter	Acc_X	Acc_Y	Acc_Z	Gyr_X	Gyr_Y	Gyr_Z	Mat[1][1]	Mat[2][1]	Mat[3][1]	Mat[1][2]	Mat[2][2]	Mat[3][2]	Mat[1][3]	Mat[2][3]	Mat[3][3]
05255	9.676531	0.969603	-1.698283	-0.025115	0.019515	-0.013051	0.141689	0.167559	0.975627	0.443503	-0.891866	0.088764	0.885002	0.420117	-0.200681
05256	9.624244	0.921007	-1.781239	-0.019006	0.017459	-0.018117	0.141517	0.167627	0.975641	0.443381	-0.891911	0.088928	0.885091	0.419996	-0.200543
05257	9.598274	0.940077	-1.794575	-0.019348	0.013714	-0.019172	0.141368	0.167804	0.975632	0.443225	-0.891962	0.089191	0.885193	0.419816	-0.200470
05258	9.571968	0.874946	-1.863241	-0.018358	0.009957	-0.021005	0.141249	0.167929	0.975627	0.443113	-0.891999	0.089382	0.885268	0.419688	-0.200406
05259	9.562827	0.907948	-1.811781	-0.025355	0.006271	-0.018180	0.141199	0.168060	0.975612	0.442955	-0.892060	0.089559	0.885355	0.419506	-0.200401
05260	9.595023	0.832276	-1.875969	-0.028321	0.000305	-0.020957	0.141167	0.168225	0.975588	0.442753	-0.892138	0.089769	0.885461	0.419272	-0.200422
05261	9.562314	0.828508	-1.866056	-0.024705	-0.001231	-0.021070	0.141061	0.168390	0.975575	0.442548	-0.892216	0.090012	0.885581	0.419042	-0.200378
05262	9.559234	0.800260	-1.895371	-0.019220	-0.003543	-0.015029	0.141089	0.168518	0.975549	0.442419	-0.892266	0.090147	0.885641	0.418883	-0.200444
05263	9.559031	0.802015	-1.895655	-0.007451	-0.004648	-0.016398	0.141144	0.168607	0.975525	0.442411	-0.892264	0.090206	0.885636	0.418851	-0.200531
05264	9.551152	0.843292	-1.957175	0.010180	-0.006560	-0.013943	0.141203	0.168738	0.975494	0.442541	-0.892193	0.090271	0.885562	0.418949	-0.200654
05265	9.545310	0.867714	-1.961444	0.017374	-0.007381	-0.010895	0.141268	0.168790	0.975476	0.442716	-0.892108	0.090251	0.885464	0.419109	-0.200753
05266	9.568420	0.905335	-1.921689	0.015122	-0.010862	-0.009087	0.141387	0.168896	0.975440	0.442883	-0.892025	0.090259	0.885361	0.419244	-0.200922
05267	9.603565	0.942578	-1.903162	0.007308	-0.007549	-0.006773	0.141493	0.168928	0.975419	0.443012	-0.891965	0.090212	0.885280	0.419358	-0.201044
05268	9.647892	0.949099	-1.934934	-0.002177	-0.007968	-0.004738	0.141605	0.168983	0.975394	0.443020	-0.891961	0.090212	0.885258	0.419344	-0.201169
05269	9.621655	0.966655	-1.950242	-0.010773	0.000105	-0.006207	0.141666	0.168998	0.975382	0.442972	-0.891985	0.090210	0.885272	0.419288	-0.201225
05270	9.595475	0.984650	-1.965036	-0.023458	0.000471	-0.009549	0.141682	0.169060	0.975369	0.442799	-0.892063	0.090299	0.885356	0.419098	-0.201249
05271	9.560019	0.949527	-1.984118	-0.032187	0.003047	-0.011947	0.141687	0.169041	0.975372	0.442582	-0.892167	0.090329	0.885464	0.418884	-0.201223
05272	9.513317	0.961691	-2.010150	-0.045420	-0.001344	-0.010732	0.141714	0.169120	0.975354	0.442216	-0.892334	0.090474	0.885642	0.418495	-0.201244
05273	9.518774	0.940399	-2.006400	-0.053155	-0.002528	-0.014965	0.141656	0.169268	0.975337	0.441734	-0.892545	0.090743	0.885892	0.417985	-0.201206
05274	9.555911	0.878968	-1.984452	-0.056153	-0.006262	-0.014474	0.141710	0.169402	0.975306	0.441277	-0.892750	0.090946	0.886111	0.417492	-0.201265
05275	9.559223	0.874115	-2.038537	-0.054486	-0.005300	-0.008448	0.141821	0.169504	0.975272	0.440835	-0.892954	0.091092	0.886313	0.417015	-0.201362
05276	9.520102	0.846284	-2.004418	-0.043637	-0.009887	-0.008795	0.141932	0.169602	0.975239	0.440481	-0.893116	0.091215	0.886471	0.416628	-0.201468
05277	9.499320	0.841146	-2.016676	-0.024675	-0.011788	-0.007122	0.142089	0.169655	0.975207	0.440319	-0.893194	0.091233	0.886527	0.416438	-0.201615
05278	9.554821	0.885639	-1.986730	-0.018735	-0.017073	-0.009855	0.142260	0.169793	0.975158	0.440187	-0.893251	0.091315	0.886565	0.416261	-0.201814
05279	9.540290	0.903405	-2.024358	-0.006257	-0.015676	-0.006640	0.142393	0.169973	0.975107	0.440128	-0.893267	0.091436	0.886573	0.416152	-0.202005
05280	9.589448	0.924271	-1.969784	-0.003632	-0.010686	-0.010656	0.142503	0.170091	0.975070	0.440131	-0.893260	0.091497	0.886554	0.416120	-0.202155
05281	9.609690	0.931844	-1.959077	-0.005956	-0.006930	-0.008038	0.142605	0.170141	0.975047	0.440112	-0.893269	0.091503	0.886547	0.416081	-0.202266
05282	9.606644	0.902509	-1.988890	-0.008448	-0.003661	-0.008822	0.142661	0.170214	0.975026	0.440070	-0.893284	0.091555	0.886559	0.416018	-0.202343
05283	9.632646	0.886679	-1.974187	-0.009403	-0.002151	-0.010259	0.142656	0.170312	0.975009	0.439996	-0.893309	0.091664	0.886596	0.415924	-0.202372
05284	9.632496	0.887994	-1.974327	-0.010901	-0.002633	-0.012884	0.142685	0.170416	0.974987	0.439937	-0.893328	0.091761	0.886621	0.415840	-0.202437
05285	9.614725	0.913258	-1.956359	-0.015679	0.002151	-0.014327	0.142710	0.170421	0.974982	0.439854	-0.893368	0.091773	0.886658	0.415753	-0.202452
05286	9.582137	0.908578	-1.946256	-0.017758	0.001916	-0.014863	0.142690	0.170524	0.974967	0.439738	-0.893411	0.091902	0.886718	0.415617	-0.202467
05287	9.596884	0.940547	-1.937712	-0.017383	0.003418	-0.017077	0.142569	0.170530	0.974984	0.439597	-0.893472	0.091992	0.886808	0.415485	-0.202346
05288	9.599008	0.925892	-1.879542	-0.017254	0.008910	-0.016135	0.142481	0.170615	0.974982	0.439487	-0.893511	0.092133	0.886877	0.415365	-0.202292
05289	9.605341	0.951128	-1.903254	-0.015716	0.007151	-0.016789	0.142454	0.170716	0.974968	0.439373	-0.893554	0.092263	0.886937	0.415231	-0.202299
05290	9.637831	0.959419	-1.912078	-0.010434	0.009365	-0.016617	0.142361	0.170804	0.974966	0.439325	-0.893564	0.092395	0.886976	0.415174	-0.202247
05291	9.588405	0.941117	-1.966887	-0.005527	0.010075	-0.014232	0.142239	0.170887	0.974970	0.439274	-0.893575	0.092535	0.887021	0.415117	-0.202167
05292	9.587801	0.895676	-1.937953	-0.003240	0.008559	-0.013572	0.142166	0.170951	0.974969	0.439285	-0.893560	0.092622	0.887027	0.415122	-0.202130
05293	9.550429	0.876710	-2.014172	0.002415	0.009512	-0.009874	0.142139	0.170960	0.974971	0.439345	-0.893530	0.092628	0.887002	0.415183	-0.202116
05294	9.585188	0.783560	-2.021340	0.011021	0.004227	-0.014164	0.142102	0.171047	0.974961	0.439483	-0.893455	0.092693	0.886939	0.415308	-0.202134
05295	9.506070	0.788398	-2.037551	0.021584	0.008659	-0.013818	0.142010	0.171067	0.974971	0.439743	-0.893328	0.092691	0.886826	0.415574	-0.202086
05296	9.506069	0.789193	-2.037247	0.033975	0.002340	-0.014821	0.141986	0.171168	0.974957	0.440086	-0.893156	0.092715	0.886659	0.415901	-0.202144
05297	9.520785	0.819905	-2.029234	0.037011	0.001063	-0.012848	0.142051	0.171253	0.974933	0.440491	-0.892961	0.092673	0.886448	0.416284	-0.202282
05298	9.532546	0.904478	-1.995372	0.038177	0.000562	-0.017028	0.142034	0.171381	0.974913	0.440874	-0.892768	0.092710	0.886260	0.416646	-0.202361
05299	9.549943	0.965866	-1.958195	0.034020	0.000085	-0.018101	0.142038	0.171549	0.974883	0.441192	-0.892603	0.092789	0.886101	0.416931	-0.202470
05300	9.596434	0.956779	-1.931982	0.031734	0.001595	-0.018763	0.142004	0.171688	0.974863	0.441520	-0.892434	0.092856	0.885943	0.417236	-0.202533
05301	9.566553	0.981881	-1.893033	0.021505	0.000903	-0.018042	0.142068	0.171823	0.974830	0.441783	-0.892300	0.092893	0.885802	0.417466	-0.202676
05302	9.604613	0.966290	-1.899289	0.012189	0.003705	-0.018348	0.142018	0.171949	0.974815	0.441937	-0.892213	0.092995	0.885733	0.417600	-0.202701
05303	9.612963	0.974665	-1.866283	0.012189	0.003704	-0.018348	0.141904	0.171997	0.974823	0.442093	-0.892130	0.093052	0.885673	0.417758	-0.202636
05304	9.618595	0.952674	-1.862514	0.009319	0.005466	-0.016921	0.141844	0.172104	0.974813	0.442220	-0.892057	0.093146	0.885620	0.417869	-0.202640
05305	9.600801	0.977789	-1.844249	0.004578	0.005241	-0.015904	0.141864	0.172135	0.974805	0.442369	-0.891984	0.093132	0.885542	0.418011	-0.202687
05306	9.586027	0.949007	-1.851765	0.000375	0.007011	-0.013700	0.141805	0.172205	0.974801	0.442413	-0.891954	0.093212	0.885530	0.418046	-0.202669
05307	9.588696	0.980815	-1.821940	-0.007522	0.002560	-0.015595	0.141673	0.172230	0.974816	0.442366	-0.891968	0.093303	0.885574	0.418007	-0.202557
05308	9.606369	0.958826	-1.839261	-0.011351	0.005828	-0.015606	0.141615	0.172323	0.974808	0.442309	-0.891984	0.093425	0.885612	0.417935	-0.202538
05309	9.562079	0.870060	-1.863202	-0.012591	-0.001411	-0.015641	0.141603	0.172454	0.974786	0.442242	-0.892002	0.093566	0.885647	0.417842	-0.202576
05310	9.557089	0.857604	-1.949983	-0.007522	-0.000197	-0.009853	0.141624	0.172520	0.974772	0.442210	-0.892012	0.093624	0.885660	0.417794	-0.202620
05311	9.527446	0.798560	-1.966595	0.002098	-0.009234	-0.015975	0.141729	0.172614	0.974739	0.442295	-0.891967	0.093646	0.885600	0.417850	-0.202764
05312	9.533371	0.823195	-1.992415	0.008964	-0.013770	-0.013990	0.141852	0.172774	0.974693	0.442416	-0.891901	0.093711	0.885520	0.417926	-0.202956
05313	9.547674	0.854388	-1.985876	0.012211	-0.016789	-0.011890	0.141996	0.172927	0.974645	0.442550	-0.891829	0.093758	0.885430	0.418016	-0.203165
05314	9.596617	0.875537	-1.931809	0.016952	-0.016564	-0.012907	0.142148	0.173089	0.974594	0.442740	-0.891731	0.093797	0.885311	0.418159	-0.203391
05315	9.604675	0.883312	-1.900619	0.019942	-0.012833	-0.013400	0.142215	0.173195	0.974566	0.442927	-0.891635	0.093822	0.885206	0.418319	-0.203517
05316	9.580761	0.931282	-1.887828	0.027184	-0.015871	-0.013631	0.142358	0.173361	0.974515	0.443209	-0.891492	0.093847	0.885043	0.418554	-0.203746
05317	9.591987	1.016038	-1.855662	0.019781	-0.016088	-0.011059	0.142474	0.173430	0.974486	0.443410	-0.891396	0.093814	0.884923	0.418731	-0.203901
05318	9.586266	1.086951	-1.889072	0.010511	-0.018292	-0.008895	0.142659	0.173563	0.974435	0.443537	-0.891331	0.093827	0.884829	0.418813	-0.204138
05319	9.626797	1.101090	-1.867750	-0.006213	-0.015710	-0.006624	0.142755	0.173711	0.974395	0.443488	-0.891345	0.093931	0.884839	0.418723	-0.204283
05320	9.596978	1.041671	-1.885433	-0.020927	-0.020635	-0.008027	0.142964	0.173846	0.974340	0.443336	-0.891413	0.094000	0.884881	0.418521	-0.204513
05321	9.608097	0.995723	-1.880174	-0.035193	-0.019072	-0.001691	0.143224	0.173931	0.974287	0.443067	-0.891544	0.094027	0.884974	0.418207	-0.204754
05322	9.616977	0.966132	-1.932234	-0.048830	-0.020012	-0.000720	0.143461	0.173999	0.974240	0.442657	-0.891742	0.094082	0.885140	0.417757	-0.204952
05323	9.566713	0.899859	-1.961354	-0.051111	-0.021265	0.004362	0.143655	0.174032	0.974205	0.442167	-0.891978	0.094141	0.885354	0.417238	-0.205088
05324	9.548629	0.923920	-1.944927	-0.059302	-0.019493	0.008904	0.143929	0.174011	0.974169	0.441650	-0.892236	0.094124	0.885567	0.416695	-0.205271
05325	9.474837	0.904493	-1.959695	-0.054843	-0.025266	0.003537	0.144172	0.174008	0.974133	0.441172	-0.892473	0.094127	0.885766	0.416190	-0.205437
05326	9.501006	0.935023	-1.975095	-0.043601	-0.031079	0.006701	0.144539	0.174054	0.974071	0.440797	-0.892661	0.094099	0.885893	0.415767	-0.205747
05327	9.524269	0.935488	-2.020444	-0.045012	-0.036065	-0.002485	0.144946	0.174178	0.973988	0.440466	-0.892823	0.094114	0.885991	0.415367	-0.206130
05328	9.546807	0.973499	-1.982494	-0.039733	-0.033845	-0.002320	0.145298	0.174316	0.973911	0.440138	-0.892979	0.094166	0.886096	0.414973	-0.206471
05329	9.578497	0.981363	-1.995286	-0.042518	-0.036581	-0.007447	0.145532	0.174497	0.973843	0.439736	-0.893160	0.094326	0.886258	0.414506	-0.206716
05330	9.580088	0.966299	-1.941090	-0.039646	-0.038348	-0.008885	0.145895	0.174713	0.973751	0.439419	-0.893304	0.094442	0.886355	0.414106	-0.207100
05331	9.558790	0.961227	-1.955663	-0.037987	-0.034611	-0.008596	0.146260	0.174913	0.973660	0.439121	-0.893440	0.094538	0.886443	0.413728	-0.207483
05332	9.522775	0.925898	-1.978367	-0.036812	-0.037880	-0.007043	0.146627	0.175109	0.973569	0.438827	-0.893575	0.094631	0.886528	0.413353	-0.207865
05333	9.568796	0.917043	-1.955378	-0.028127	-0.035414	-0.007127	0.146999	0.175294	0.973480	0.438585	-0.893686	0.094698	0.886586	0.413033	-0.208253
05334	9.574147	0.941572	-1.983176	-0.026412	-0.036686	-0.004384	0.147367	0.175462	0.973394	0.438378	-0.893783	0.094743	0.886627	0.412753	-0.208633
05335	9.570090	0.949140	-1.932529	-0.021829	-0.039713	-0.003082	0.147712	0.175649	0.973308	0.438178	-0.893874	0.094814	0.886669	0.412477	-0.209001
05336	9.586955	0.926177	-1.954337	-0.019901	-0.042739	-0.000220	0.148152	0.175804	0.973213	0.438023	-0.893951	0.094805	0.886672	0.412244	-0.209446
05337	9.527359	0.936894	-1.963111	-0.019110	-0.044743	-0.002194	0.148543	0.176013	0.973116	0.437817	-0.894044	0.094880	0.886708	0.411953	-0.209866
05338	9.549798	0.974557	-1.926492	-0.021690	-0.049231	-0.007202	0.149010	0.176257	0.973000	0.437656	-0.894116	0.094943	0.886709	0.411692	-0.210372
05339	9.554562	0.952205	-1.927814	-0.028290	-0.051478	-0.006582	0.149509	0.176524	0.972875	0.437403	-0.894230	0.095035	0.886750	0.411330	-0.210908
05340	9.553533	0.953441	-1.932296	-0.030793	-0.048223	-0.007350	0.149967	0.176765	0.972761	0.437162	-0.894339	0.095119	0.886792	0.410989	-0.211396
05341	9.546431	0.931314	-1.912384	-0.029364	-0.055494	-0.008971	0.150523	0.177037	0.972626	0.436949	-0.894436	0.095183	0.886802	0.410660	-0.211989
05342	9.563117	0.956035	-1.963402	-0.030298	-0.056774	-0.004669	0.151068	0.177289	0.972495	0.436708	-0.894548	0.095241	0.886829	0.410308	-0.212561
05343	9.538488	1.004142	-1.953676	-0.029508	-0.058784	-0.006646	0.151629	0.177592	0.972353	0.436444	-0.894665	0.095344	0.886863	0.409920	-0.213166
05344	9.545957	1.011985	-1.926695	-0.025786	-0.067572	-0.007629	0.152257	0.177914	0.972196	0.436247	-0.894753	0.095421	0.886852	0.409589	-0.213847
05345	9.553426	1.019695	-1.899961	-0.029434	-0.063836	-0.004204	0.152815	0.178169	0.972061	0.435991	-0.894872	0.095480	0.886882	0.409219	-0.214430
05346	9.563894	1.020885	-1.927248	-0.036212	-0.066583	-0.006979	0.153437	0.178480	0.971906	0.435701	-0.895003	0.095573	0.886917	0.408796	-0.215090
05347	9.621284	1.012084	-1.928914	-0.047538	-0.069096	-0.005306	0.154127	0.178811	0.971736	0.435321	-0.895177	0.095677	0.886984	0.408271	-0.215811
05348	9.608112	0.966539	-1.885809	-0.055527	-0.066341	-0.006330	0.154750	0.179115	0.971581	0.434858	-0.895388	0.095806	0.887102	0.407674	-0.216451
05349	9.650879	0.927663	-1.895220	-0.059954	-0.060616	-0.000918	0.155426	0.179314	0.971437	0.434389	-0.895614	0.095818	0.887214	0.407089	-0.217094
05350	9.661387	0.929009	-1.922130	-0.052141	-0.063895	-0.003311	0.156041	0.179580	0.971289	0.433952	-0.895816	0.095910	0.887320	0.406527	-0.217713
05351	9.651226	0.876581	-1.932807	-0.055568	-0.061924	0.000240	0.156597	0.179805	0.971158	0.433440	-0.896054	0.096009	0.887472	0.405904	-0.218254
05352	9.626661	0.924669	-1.922941	-0.053885	-0.060422	-0.002758	0.157183	0.180052	0.971017	0.432986	-0.896263	0.096101	0.887590	0.405332	-0.218837
05353	9.634472	0.932554	-1.895313	-0.050552	-0.055155	-0.005457	0.157686	0.180292	0.970891	0.432521	-0.896474	0.096226	0.887728	0.404757	-0.219341
05354	9.621685	0.981253	-1.906088	-0.054573	-0.052385	-0.008823	0.158174	0.180559	0.970762	0.432070	-0.896675	0.096378	0.887860	0.404193	-0.219845
05355	9.561891	0.946313	-1.886990	-0.057836	-0.049374	-0.010879	0.158559	0.180738	0.970666	0.431578	-0.896899	0.096504	0.888031	0.403616	-0.220214
05356	9.531127	0.935718	-1.935317	-0.059110	-0.053872	-0.016682	0.159027	0.181081	0.970526	0.431099	-0.897103	0.096744	0.888180	0.403008	-0.220727
05357	9.535126	0.879127	-2.021096	-0.056199	-0.060113	-0.024740	0.159481	0.181529	0.970368	0.430577	-0.897316	0.097097	0.888352	0.402333	-0.221266
05358	9.483199	0.909922	-2.109045	-0.050650	-0.062438	-0.018770	0.160016	0.181924	0.970205	0.430177	-0.897482	0.097339	0.888450	0.401784	-0.221871
05359	9.460949	0.906155	-2.126168	-0.035389	-0.070469	-0.021400	0.160588	0.182310	0.970039	0.429928	-0.897581	0.097519	0.888467	0.401386	-0.222521
05360	9.477215	0.968973	-2.094613	-0.035928	-0.072491	-0.022603	0.161196	0.182779	0.969849	0.429665	-0.897680	0.097765	0.888484	0.400951	-0.223236
05361	9.548896	1.039025	-2.116259	-0.038999	-0.069006	-0.021243	0.161692	0.183227	0.969682	0.429295	-0.897825	0.098065	0.888573	0.400423	-0.223830
05362	9.583578	1.114731	-2.018546	-0.046538	-0.059212	-0.023445	0.162179	0.183651	0.969521	0.428939	-0.897964	0.098344	0.888656	0.399916	-0.224406
05363	9.603721	1.160807	-1.928032	-0.067128	-0.050687	-0.026648	0.162502	0.184031	0.969394	0.428377	-0.898193	0.098704	0.888868	0.399227	-0.224793
05364	9.576426	1.265364	-1.888949	-0.092079	-0.043151	-0.034285	0.162800	0.184487	0.969258	0.427634	-0.898493	0.099191	0.889171	0.398340	-0.225168
05365	9.514648	1.370457	-1.783451	-0.127636	-0.024560	-0.046029	0.162904	0.184974	0.969147	0.426591	-0.898914	0.099863	0.889653	0.397162	-0.225345
05366	9.408310	1.434248	-1.727909	-0.182164	-0.014879	-0.057799	0.162852	0.185529	0.969050	0.425084	-0.899526	0.100781	0.890384	0.395515	-0.225355
05367	9.398504	1.520833	-1.701339	-0.249376	-0.005071	-0.072777	0.162594	0.186128	0.968979	0.422999	-0.900374	0.101971	0.891423	0.393297	-0.225127
05368	9.458529	1.386643	-1.778514	-0.323883	-0.004705	-0.071403	0.162396	0.186765	0.968889	0.420246	-0.901507	0.103339	0.892760	0.390390	-0.224888
05369	9.592063	1.061194	-1.932173	-0.335207	-0.002591	-0.072142	0.162116	0.187332	0.968827	0.417418	-0.902664	0.104691	0.894137	0.387433	-0.224532
05370	9.498351	0.795264	-2.180951	-0.307305	-0.014318	-0.069406	0.162016	0.187989	0.968716	0.414801	-0.903717	0.106000	0.895372	0.384651	-0.224395
05371	9.407389	0.688930	-2.371574	-0.269653	-0.042754	-0.064988	0.162157	0.188693	0.968556	0.412474	-0.904642	0.107184	0.896421	0.382123	-0.224525
05372	9.307923	0.774827	-2.397094	-0.240122	-0.071713	-0.059271	0.162616	0.189477	0.968326	0.410437	-0.905442	0.108245	0.897272	0.379834	-0.225008
05373	9.399987	1.106640	-2.229089	-0.241240	-0.073042	-0.067437	0.163003	0.190310	0.968097	0.408377	-0.906235	0.109389	0.898142	0.377517	-0.225437
05374	9.428597	1.458146	-1.952980	-0.280414	-0.051187	-0.075481	0.163216	0.191161	0.967894	0.406000	-0.907144	0.110699	0.899180	0.374897	-0.225671
05375	9.569022	1.814737	-1.666838	-0.340353	-0.006941	-0.102553	0.162825	0.192058	0.967782	0.403072	-0.908236	0.112426	0.900567	0.371780	-0.225297
05376	9.814627	2.038089	-1.488737	-0.387201	0.054680	-0.128759	0.161875	0.192999	0.967754	0.399812	-0.909419	0.114490	0.902190	0.368386	-0.224376
05377	9.844293	2.055736	-1.315383	-0.451741	0.143522	-0.179902	0.159901	0.194079	0.967866	0.396038	-0.910725	0.117191	0.904205	0.364572	-0.222488
05378	9.759058	1.789733	-1.183852	-0.543186	0.196855	-0.216167	0.157327	0.195309	0.968041	0.391483	-0.912270	0.120433	0.906636	0.360024	-0.219984
05379	9.885751	1.266139	-0.870451	-0.635312	0.220048	-0.228903	0.154511	0.196580	0.968237	0.386116	-0.914082	0.123968	0.909418	0.354697	-0.217139
05380	9.950360	0.612535	-0.689252	-0.662940	0.203031	-0.212712	0.151906	0.197784	0.968404	0.380425	-0.915994	0.127406	0.912251	0.349051	-0.214387
05381	9.931952	0.532913	-0.629601	-0.603506	0.168065	-0.188708	0.149695	0.198870	0.968526	0.375239	-0.917704	0.130437	0.914760	0.343903	-0.212000
05382	9.944663	0.296351	-1.157866	-0.441693	0.125720	-0.165045	0.147987	0.199927	0.968571	0.371462	-0.918885	0.132916	0.916578	0.340118	-0.210248
05383	9.854115	0.031064	-1.696324	-0.263729	0.104392	-0.136857	0.146508	0.200795	0.968616	0.369130	-0.919551	0.134791	0.917757	0.337797	-0.208841
05384	9.838588	-0.350521	-1.901495	-0.136553	0.088938	-0.102609	0.145372	0.201411	0.968659	0.368048	-0.919804	0.136017	0.918372	0.336740	-0.207843
05385	9.846817	-0.596991	-1.970520	-0.005822	0.079963	-0.063901	0.144447	0.201638	0.968750	0.368108	-0.919702	0.136542	0.918494	0.336882	-0.207073
05386	9.581748	-0.615029	-1.943174	0.117819	0.088941	-0.033596	0.143565	0.201618	0.968885	0.369261	-0.919236	0.136571	0.918170	0.338164	-0.206420
05387	9.070728	-0.557306	-1.987037	0.228630	0.092731	-0.020198	0.142747	0.201399	0.969052	0.371459	-0.918412	0.136156	0.917410	0.340527	-0.205912
05388	8.597686	-0.158811	-1.979523	0.310687	0.074738	-0.026915	0.142021	0.201362	0.969166	0.374368	-0.917294	0.135725	0.916340	0.343549	-0.205658
05389	8.350684	0.469537	-2.139263	0.323555	0.036381	-0.046329	0.141530	0.201512	0.969207	0.377415	-0.916098	0.135357	0.915165	0.346636	-0.205709
05390	8.217823	1.196919	-2.457534	0.296102	0.004339	-0.078542	0.141252	0.202187	0.969107	0.380256	-0.914908	0.135456	0.914031	0.349376	-0.206115
05391	8.273945	2.042419	-2.974479	0.205057	-0.042063	-0.109452	0.141309	0.203307	0.968864	0.382173	-0.914020	0.136059	0.913223	0.351047	-0.206857
05392	8.659372	2.536516	-3.369514	0.059030	-0.081401	-0.132190	0.141606	0.204773	0.968512	0.382920	-0.913541	0.137164	0.912864	0.351440	-0.207774
05393	9.029879	2.630967	-3.721894	-0.104242	-0.119503	-0.141357	0.142140	0.206402	0.968088	0.382010	-0.913689	0.138715	0.913162	0.350102	-0.208719
05394	9.416673	2.710878	-4.093337	-0.220868	-0.132847	-0.135955	0.142894	0.208080	0.967618	0.380207	-0.914177	0.140440	0.913796	0.347827	-0.209744
05395	9.287599	2.597305	-4.122493	-0.347947	-0.192120	-0.112052	0.144245	0.209648	0.967078	0.377223	-0.915152	0.142126	0.914820	0.344303	-0.211091
05396	9.639377	2.233228	-3.888892	-0.388688	-0.255566	-0.118675	0.146198	0.211581	0.966364	0.373859	-0.916232	0.144045	0.915891	0.340225	-0.213053
05397	9.734606	2.032821	-3.505692	-0.412340	-0.232696	-0.105669	0.147889	0.213245	0.965741	0.370175	-0.917434	0.145892	0.917115	0.335917	-0.214616
05398	9.450346	1.586916	-3.186328	-0.392019	-0.209632	-0.075565	0.149592	0.214610	0.965176	0.366711	-0.918582	0.147413	0.918229	0.331889	-0.216112
05399	9.339781	1.314639	-2.758713	-0.349220	-0.231009	-0.019898	0.151687	0.215484	0.964654	0.363586	-0.919686	0.148267	0.919128	0.328244	-0.217852
05400	9.255881	1.018194	-2.269734	-0.295592	-0.288603	0.018821	0.154467	0.216224	0.964047	0.360860	-0.920692	0.148680	0.919739	0.324920	-0.220243
05401	9.220123	0.888020	-1.605938	-0.227313	-0.362722	0.036095	0.157896	0.216991	0.963319	0.358549	-0.921573	0.148818	0.920061	0.321899	-0.223314
05402	9.406127	0.924504	-0.760951	-0.191041	-0.441596	0.031419	0.162129	0.218086	0.962368	0.356761	-0.922254	0.148893	0.920019	0.319196	-0.227328
05403	9.696519	1.060179	0.001188	-0.193933	-0.475097	0.013031	0.166478	0.219350	0.961338	0.354876	-0.922942	0.149134	0.919972	0.316328	-0.231492
05404	9.858387	1.078081	0.703068	-0.156713	-0.487850	-0.011822	0.170980	0.220966	0.960177	0.353475	-0.923411	0.149561	0.919685	0.313827	-0.235991
05405	10.038745	1.407782	1.471668	-0.039316	-0.496238	-0.046048	0.175241	0.222753	0.958995	0.353127	-0.923477	0.149975	0.919017	0.312365	-0.240491
05406	10.263368	1.821333	1.908716	0.094284	-0.478035	-0.089469	0.179371	0.225041	0.957697	0.354171	-0.922983	0.150549	0.917817	0.312184	-0.245260
05407	10.393054	2.153510	1.930978	0.234271	-0.405149	-0.137196	0.182524	0.227408	0.956541	0.356560	-0.921965	0.151150	0.916270	0.313476	-0.249365
05408	10.343144	2.435983	1.781889	0.301229	-0.322627	-0.172284	0.184916	0.229978	0.955466	0.359653	-0.920625	0.151986	0.914579	0.315532	-0.252951
05409	10.157978	2.700715	1.410587	0.259103	-0.235285	-0.195270	0.186309	0.232379	0.954614	0.362297	-0.919403	0.153099	0.913252	0.317330	-0.255484
05410	9.878192	2.882381	0.942258	0.132996	-0.163072	-0.204729	0.187110	0.234747	0.953878	0.363912	-0.918504	0.154657	0.912446	0.318190	-0.257289
05411	9.494997	2.971864	0.236130	-0.030348	-0.109009	-0.201864	0.187269	0.236776	0.953345	0.363814	-0.918216	0.156586	0.912453	0.317516	-0.258096
05412	9.193912	3.006971	-0.481421	-0.153801	-0.088114	-0.185669	0.187454	0.238729	0.952822	0.362777	-0.918263	0.158699	0.912827	0.315913	-0.258738
05413	8.990328	2.869634	-1.113406	-0.219638	-0.093393	-0.164289	0.187602	0.240359	0.952383	0.360943	-0.918631	0.160742	0.913524	0.313600	-0.259093
05414	8.787362	2.582076	-1.654693	-0.234567	-0.122178	-0.139337	0.188272	0.241989	0.951838	0.359079	-0.919030	0.162623	0.914120	0.311168	-0.259921
05415	8.725263	2.060216	-2.052913	-0.216214	-0.168742	-0.120501	0.189263	0.243443	0.951270	0.357154	-0.919491	0.164251	0.914670	0.308663	-0.260972
05416	8.835014	1.387634	-2.368147	-0.142076	-0.216223	-0.099972	0.190939	0.244995	0.950537	0.356062	-0.919686	0.165519	0.914747	0.306846	-0.262837
05417	8.897840	0.905499	-2.552368	-0.036870	-0.251267	-0.091086	0.192819	0.246452	0.949780	0.355773	-0.919639	0.166403	0.914465	0.305820	-0.265005
05418	8.877556	0.554679	-2.437374	0.030456	-0.282239	-0.095461	0.195113	0.248159	0.948867	0.356254	-0.919313	0.167174	0.913791	0.305420	-0.267778
05419	9.029856	0.363249	-2.090246	0.068201	-0.311240	-0.108916	0.197336	0.249863	0.947959	0.357045	-0.918879	0.167872	0.913004	0.305337	-0.270540
05420	9.296281	0.438538	-1.742208	0.078330	-0.318965	-0.123693	0.199858	0.251939	0.946881	0.358023	-0.918332	0.168775	0.912073	0.305274	-0.273736
05421	9.495356	0.520370	-1.372945	0.097661	-0.308783	-0.137066	0.202100	0.253963	0.945864	0.359011	-0.917774	0.169712	0.911189	0.305277	-0.276658
05422	9.599057	0.570383	-1.187259	0.153275	-0.300652	-0.151352	0.204346	0.256237	0.944767	0.360731	-0.916923	0.170662	0.910008	0.305933	-0.279803
05423	9.516161	0.429348	-1.244132	0.262186	-0.300399	-0.158583	0.206320	0.258359	0.943760	0.363326	-0.915784	0.171272	0.908530	0.307556	-0.282813
05424	9.185045	0.255219	-1.468257	0.413916	-0.317261	-0.160399	0.208665	0.260773	0.942580	0.367431	-0.914092	0.171551	0.906340	0.310537	-0.286555
05425	8.908025	0.041353	-1.726024	0.577308	-0.379565	-0.152157	0.211429	0.263114	0.941312	0.372741	-0.912006	0.171201	0.903528	0.314668	-0.290898
05426	8.857127	0.105418	-1.775278	0.703863	-0.450577	-0.132345	0.215047	0.265716	0.939761	0.379385	-0.909427	0.170323	0.899901	0.319904	-0.296378
05427	8.905117	0.508486	-1.753298	0.759933	-0.514822	-0.100926	0.219147	0.268075	0.938142	0.386453	-0.906726	0.168824	0.895896	0.325550	-0.302305
05428	9.274252	1.037201	-1.808601	0.770858	-0.565512	-0.082208	0.223934	0.270643	0.936273	0.393539	-0.903978	0.167183	0.891617	0.331022	-0.308940
05429	9.869370	1.503050	-2.029143	0.770320	-0.578175	-0.069824	0.228651	0.272941	0.934463	0.400459	-0.901288	0.165264	0.887328	0.336426	-0.315382
05430	10.211678	1.725972	-2.331229	0.810145	-0.561014	-0.071332	0.233380	0.275453	0.932555	0.407807	-0.898348	0.163292	0.882738	0.342193	-0.321989
05431	10.681628	1.720719	-2.367411	0.830648	-0.565027	-0.070320	0.237931	0.277767	0.930717	0.415154	-0.895375	0.161089	0.878086	0.348064	-0.328354
05432	11.221310	1.619228	-1.889217	0.824788	-0.567658	-0.072306	0.242651	0.280373	0.928715	0.422563	-0.892283	0.158969	0.873247	0.353867	-0.334989
05433	11.935033	1.617624	-1.292958	0.776728	-0.558230	-0.067884	0.247212	0.282734	0.926794	0.429213	-0.889477	0.156862	0.868713	0.359014	-0.341243
05434	12.310943	0.978594	-0.915038	0.764779	-0.527367	-0.055507	0.251594	0.285102	0.924888	0.435989	-0.886558	0.154686	0.864068	0.364323	-0.347354
05435	12.555973	0.582264	-0.543691	0.772017	-0.509000	-0.045069	0.255683	0.287058	0.923160	0.442475	-0.883761	0.152257	0.859559	0.369546	-0.352979
05436	12.264120	0.395505	-0.176589	0.795925	-0.493552	-0.019431	0.259880	0.289035	0.921369	0.449358	-0.880746	0.149546	0.854716	0.375160	-0.358768
05437	12.016029	0.200789	-0.049931	0.899104	-0.518079	0.011888	0.264224	0.290508	0.919669	0.456621	-0.877595	0.146028	0.849519	0.381356	-0.364534
05438	12.168639	0.198138	0.146165	1.008356	-0.538949	0.043745	0.269040	0.292167	0.917745	0.465049	-0.873845	0.141861	0.843414	0.388630	-0.370972
05439	12.223053	0.597201	0.745199	1.063414	-0.531003	0.078456	0.273782	0.293161	0.916024	0.473341	-0.870159	0.137010	0.837252	0.396081	-0.376999
05440	12.414767	1.281825	1.534196	1.030229	-0.508467	0.095446	0.278532	0.294333	0.914215	0.481677	-0.866325	0.132163	0.830907	0.403545	-0.383073
05441	12.673610	2.254270	2.071431	0.951282	-0.427284	0.093011	0.282407	0.294975	0.912818	0.489209	-0.862802	0.127462	0.825179	0.410563	-0.387966
05442	13.002147	3.135219	2.266529	0.869997	-0.313264	0.055684	0.285311	0.295760	0.911660	0.496214	-0.859371	0.123503	0.819981	0.417141	-0.391949
05443	13.545471	3.548421	2.269555	0.784746	-0.170129	-0.003599	0.286552	0.296038	0.911180	0.502217	-0.856336	0.120280	0.815884	0.423144	-0.394060
05444	13.770953	3.148274	2.556319	0.644400	-0.002042	-0.066296	0.286287	0.296582	0.911087	0.507659	-0.853400	0.118284	0.812602	0.428658	-0.394879
05445	13.497322	2.258507	3.764188	0.380547	0.120698	-0.091932	0.284636	0.296426	0.911655	0.510782	-0.851651	0.117440	0.811224	0.432230	-0.393819
05446	13.066631	1.139865	5.065222	0.026127	0.242996	-0.036465	0.282530	0.295652	0.912560	0.511102	-0.851435	0.117611	0.811758	0.433183	-0.391665
05447	11.876454	-0.410941	5.280682	-0.234162	0.428955	0.067799	0.279257	0.292812	0.914481	0.508756	-0.852826	0.117710	0.814360	0.432376	-0.387128
05448	10.565198	-1.822118	4.291348	-0.297290	0.550566	0.162075	0.275641	0.289017	0.916783	0.505884	-0.854587	0.117310	0.817376	0.431451	-0.381768
05449	10.109545	-2.722386	2.430211	-0.088314	0.637796	0.279161	0.271631	0.283346	0.919745	0.504033	-0.856013	0.114855	0.819858	0.432384	-0.375336
05450	10.191833	-3.112726	1.211148	0.262207	0.782754	0.379602	0.267178	0.276661	0.923079	0.505165	-0.855942	0.110322	0.820624	0.436831	-0.368448
05451	10.558557	-2.883419	1.078082	0.571042	0.974534	0.476498	0.261479	0.267619	0.927367	0.507879	-0.855178	0.103586	0.820785	0.443905	-0.359529
05452	11.140122	-2.317842	1.091619	0.821817	1.207070	0.544101	0.254409	0.257517	0.932181	0.513220	-0.852921	0.095555	0.819684	0.454104	-0.349153
05453	11.665921	-1.343218	0.721388	1.075399	1.482776	0.572995	0.244964	0.245226	0.938007	0.520306	-0.849614	0.086237	0.818092	0.466926	-0.335718
05454	11.651479	-0.324956	-0.383381	1.360234	1.800273	0.566453	0.233289	0.231844	0.944365	0.530064	-0.844510	0.076386	0.815235	0.482754	-0.319907
05455	11.433293	0.885659	-1.888074	1.747071	2.028281	0.466497	0.219058	0.217323	0.951202	0.542858	-0.837206	0.066260	0.810752	0.501853	-0.301372
05456	11.416115	2.388089	-2.956289	2.078131	2.114556	0.346025	0.203947	0.203565	0.957584	0.558907	-0.827281	0.056829	0.803759	0.523610	-0.282496
05457	11.590424	3.435888	-4.013734	2.235342	2.119885	0.185167	0.187794	0.190193	0.963618	0.576300	-0.815786	0.048703	0.795369	0.546187	-0.262807
05458	12.048641	3.868907	-4.910674	1.946175	2.083483	0.010880	0.171420	0.178487	0.968895	0.591691	-0.804984	0.043608	0.787729	0.565811	-0.243599
05459	12.225188	4.003828	-4.785796	1.531853	2.006640	-0.082490	0.154955	0.167198	0.973670	0.603829	-0.796079	0.040606	0.781908	0.581638	-0.224315
05460	12.904382	3.424595	-4.363952	0.765685	1.962755	-0.170906	0.138644	0.157015	0.977816	0.610066	-0.791312	0.040566	0.780127	0.590908	-0.205500
05461	12.649260	4.306580	-4.275296	-0.070636	2.042215	-0.193017	0.121265	0.145976	0.981828	0.609461	-0.791680	0.042431	0.783487	0.593241	-0.184970
05462	11.911472	4.367055	-4.601335	-0.699907	2.124344	-0.086842	0.104080	0.134057	0.985493	0.604059	-0.795699	0.044444	0.790114	0.590670	-0.163795
05463	11.285654	4.654691	-4.910542	-1.414101	2.199906	0.126461	0.087164	0.119752	0.988970	0.592385	-0.804386	0.045191	0.800926	0.581912	-0.141053
05464	12.495337	4.210693	-4.488295	-1.627163	2.136302	0.059247	0.070336	0.106921	0.991777	0.579224	-0.813832	0.046659	0.812129	0.571179	-0.119173
05465	12.844084	2.388448	-4.401982	-1.831750	2.272724	-0.135657	0.050764	0.094849	0.994197	0.564004	-0.824267	0.049839	0.824210	0.558200	-0.095338
05466	12.893859	1.980269	-4.224062	-1.594262	2.403824	-0.286834	0.029287	0.083902	0.996044	0.550910	-0.832818	0.053954	0.834050	0.547151	-0.070614
05467	11.849922	0.600775	-4.769536	-1.477029	2.530421	-0.307011	0.006192	0.072450	0.997353	0.538583	-0.840593	0.057719	0.842550	0.536800	-0.044225
05468	11.410114	0.098574	-4.428054	-0.928678	2.434668	-0.296735	-0.015915	0.061918	0.997954	0.530735	-0.845346	0.060913	0.847388	0.530619	-0.019409
05469	11.584030	-0.394776	-4.502304	-0.498838	2.432590	-0.332636	-0.038404	0.051630	0.997928	0.526031	-0.848045	0.064119	0.849598	0.527403	0.005409
05470	10.988989	-1.009336	-4.508975	-0.010588	2.515135	-0.368226	-0.061642	0.041433	0.997238	0.525773	-0.847924	0.067729	0.848388	0.528496	0.030483
05471	9.870869	-0.235652	-3.944644	0.366070	2.506027	-0.412003	-0.085235	0.031349	0.995868	0.528573	-0.845840	0.071867	0.844598	0.532514	0.055525
05472	9.390732	0.135900	-3.840362	0.418460	2.345923	-0.455072	-0.107357	0.022611	0.993963	0.531679	-0.843474	0.076614	0.840114	0.536694	0.078531
05473	8.945656	0.438500	-4.010183	0.361539	2.163517	-0.490787	-0.128295	0.014853	0.991625	0.534084	-0.841474	0.081703	0.835640	0.540093	0.100024
05474	8.467212	0.659340	-4.355838	0.313597	2.062533	-0.524212	-0.148236	0.008049	0.988919	0.535995	-0.839708	0.087179	0.831105	0.542979	0.120161
05475	7.983053	1.903939	-4.103066	0.215375	1.970527	-0.579924	-0.167769	0.001996	0.985824	0.536780	-0.838576	0.093048	0.826874	0.544781	0.139616
05476	7.235147	1.547271	-4.071785	0.009958	1.887146	-0.617506	-0.186601	-0.003148	0.982431	0.535792	-0.838517	0.099080	0.823473	0.544867	0.158155
05477	6.950565	2.137211	-4.086605	-0.223021	1.760075	-0.618192	-0.204409	-0.007600	0.978856	0.532432	-0.839977	0.104663	0.821422	0.542568	0.175745
05478	6.671331	2.212210	-4.034716	-0.459624	1.630043	-0.612560	-0.220984	-0.011299	0.975212	0.527381	-0.842511	0.109743	0.820387	0.538560	0.192140
05479	6.215522	2.103709	-3.999942	-0.729532	1.509062	-0.624145	-0.236628	-0.014145	0.971497	0.519695	-0.846677	0.114254	0.820929	0.531918	0.207699
05480	5.985194	1.810361	-3.737548	-0.964203	1.394528	-0.582544	-0.251036	-0.016599	0.967835	0.510379	-0.851847	0.117772	0.822492	0.523528	0.222316
05481	5.622970	1.383436	-3.660902	-1.183822	1.267668	-0.503452	-0.264020	-0.018911	0.964332	0.499164	-0.858181	0.119834	0.825305	0.512999	0.236016
05482	5.270311	0.925094	-3.379918	-1.345817	1.130103	-0.394344	-0.275261	-0.021287	0.961134	0.486999	-0.865076	0.120313	0.828893	0.501188	0.248488
05483	5.045216	0.421270	-3.234587	-1.460049	0.972600	-0.259745	-0.284671	-0.023971	0.958325	0.474216	-0.872323	0.119046	0.833115	0.488343	0.259693
05484	5.116144	-0.175193	-2.972497	-1.485860	0.803551	-0.127872	-0.291934	-0.026767	0.956064	0.461464	-0.879505	0.116285	0.837750	0.475137	0.269109
05485	5.350485	-0.538663	-2.699081	-1.452776	0.658580	0.006612	-0.297448	-0.029900	0.954270	0.449151	-0.886379	0.112229	0.842489	0.461993	0.277081
05486	5.362515	-1.220566	-2.281135	-1.366483	0.509016	0.126578	-0.301139	-0.033392	0.952996	0.438017	-0.892560	0.107135	0.847028	0.449691	0.283411
05487	5.440565	-1.572692	-1.672009	-1.227424	0.306380	0.217307	-0.302790	-0.036817	0.952346	0.428284	-0.897931	0.101455	0.851406	0.438594	0.287652
05488	5.650652	-1.772596	-0.989911	-1.090230	0.067305	0.253333	-0.302243	-0.039437	0.952415	0.419776	-0.902554	0.095841	0.855826	0.428768	0.289345
05489	6.069424	-1.705904	-0.340925	-0.977487	-0.122939	0.253112	-0.300160	-0.041180	0.953000	0.412074	-0.906634	0.090612	0.860290	0.419905	0.289104
05490	6.796001	-1.787822	-0.088144	-0.850645	-0.268476	0.182541	-0.297052	-0.041769	0.953947	0.405314	-0.910089	0.086363	0.864569	0.412303	0.287274
05491	7.167314	-1.620390	0.424836	-0.569828	-0.305819	0.076632	-0.294129	-0.041247	0.954875	0.400602	-0.912395	0.083985	0.867759	0.407227	0.284886
05492	7.484576	-1.219575	1.623427	-0.310039	-0.341589	-0.028583	-0.291230	-0.039648	0.955831	0.397856	-0.913657	0.083323	0.869998	0.404549	0.281858
05493	8.009526	-0.721886	3.264083	-0.225937	-0.395886	-0.085146	-0.288145	-0.037391	0.956857	0.395674	-0.914595	0.083412	0.872018	0.402638	0.278330
05494	8.821050	-0.505242	4.806348	-0.298587	-0.478759	-0.085648	-0.284256	-0.034735	0.958119	0.392852	-0.915817	0.083350	0.874566	0.400092	0.273972
05495	10.057009	0.293419	6.191387	-0.369947	-0.506847	-0.056232	-0.280051	-0.032295	0.959442	0.389436	-0.917325	0.082795	0.877446	0.396828	0.269475
05496	11.238101	1.017038	7.032411	-0.380575	-0.430004	-0.062290	-0.276469	-0.030074	0.960552	0.385948	-0.918841	0.082317	0.880119	0.393481	0.265638
05497	12.916509	1.721343	7.616030	-0.445452	-0.289403	-0.102583	-0.274321	-0.028087	0.961228	0.381689	-0.920644	0.082027	0.882645	0.389392	0.263272
05498	12.378622	2.025442	8.290785	-0.627071	-0.116339	-0.123562	-0.273716	-0.026549	0.961444	0.375837	-0.923094	0.081508	0.885340	0.383656	0.262644
05499	11.695904	1.383453	8.435858	-0.839270	-0.179458	-0.137144	-0.272650	-0.024702	0.961796	0.367952	-0.926352	0.080516	0.888973	0.375847	0.261659
05500	11.308863	-0.479637	8.170658	-0.630040	-0.334811	-0.152291	-0.270181	-0.022092	0.962556	0.361957	-0.928731	0.080283	0.892182	0.370095	0.258921
05501	11.230683	-1.529714	7.852332	-0.053456	-0.523065	-0.187388	-0.266209	-0.018538	0.963737	0.360879	-0.929017	0.081813	0.893812	0.369572	0.254002
05502	11.685348	-0.836092	7.025368	0.433097	-0.655631	-0.238984	-0.261171	-0.013935	0.965192	0.364149	-0.927440	0.085145	0.893972	0.373711	0.247295
05503	11.106141	-1.063719	6.135235	0.694623	-0.547533	-0.339226	-0.257553	-0.008856	0.966223	0.369359	-0.924921	0.089978	0.892883	0.380057	0.241488
05504	9.536090	-0.315564	5.380702	0.875618	-0.446851	-0.425806	-0.255111	-0.003259	0.966906	0.376105	-0.921577	0.096126	0.890766	0.388181	0.236331
05505	7.882871	0.378528	3.366792	0.873085	-0.509160	-0.443969	-0.252295	0.002673	0.967647	0.382596	-0.918236	0.102291	0.888801	0.396025	0.230644
05506	7.063441	1.143063	0.662575	0.838380	-0.846057	-0.410074	-0.246317	0.009764	0.969140	0.389048	-0.914853	0.108098	0.887676	0.403669	0.221545
05507	8.382746	1.280225	-0.555953	0.718720	-1.460332	-0.316690	-0.234614	0.018451	0.971913	0.394520	-0.911969	0.112548	0.888431	0.409845	0.206682
05508	11.431961	0.074216	-0.821392	0.544235	-2.099924	-0.141918	-0.216448	0.028347	0.975883	0.399068	-0.909689	0.114936	0.891008	0.414322	0.185588
05509	13.558839	-1.147955	-2.810722	0.701692	-2.169877	0.009976	-0.197073	0.037165	0.979684	0.405217	-0.906842	0.115916	0.892727	0.419829	0.163654
05510	13.745625	1.506792	-3.792661	0.855373	-1.879646	0.159135	-0.179594	0.043633	0.982773	0.413177	-0.903282	0.115608	0.892766	0.426822	0.144196
05511	14.315511	5.751717	-2.990681	-0.060913	-1.721925	0.174834	-0.163476	0.049254	0.985317	0.412818	-0.903693	0.113665	0.896023	0.425339	0.127399
05512	15.235035	8.592994	-1.613133	-1.740447	-1.382520	0.005411	-0.150956	0.054921	0.987014	0.397173	-0.910954	0.111433	0.905244	0.408837	0.115700
05513	13.540457	9.154210	2.821663	-3.201196	-0.810593	-0.262556	-0.144572	0.060412	0.987648	0.367524	-0.923452	0.110284	0.918708	0.378929	0.111303
05514	12.069456	6.796454	5.899367	-4.368236	-0.381444	-0.449220	-0.142553	0.065910	0.987590	0.326420	-0.938829	0.109773	0.934414	0.338017	0.112319
05515	11.282641	2.625007	4.136120	-4.561153	-0.236471	-0.466666	-0.141774	0.070979	0.987351	0.282771	-0.952961	0.109111	0.948652	0.294664	0.115034
05516	10.899881	-0.019494	-0.815536	-3.615606	-0.562102	-0.371118	-0.137358	0.076036	0.987599	0.247783	-0.962711	0.108582	0.959029	0.259625	0.113396
05517	9.529094	-2.625469	-5.378931	-1.719422	-0.752104	-0.349374	-0.130985	0.081187	0.988054	0.230740	-0.966774	0.110027	0.964159	0.242396	0.107900
05518	7.432152	-2.624299	-6.853362	0.234970	-0.789759	-0.518854	-0.124534	0.088062	0.988300	0.232364	-0.965767	0.115334	0.964623	0.244008	0.099808
05519	5.040294	-1.387528	-8.051095	1.104271	-0.799280	-0.670616	-0.118424	0.096425	0.988270	0.242151	-0.962421	0.122920	0.962984	0.253867	0.090624
05520	3.842349	-1.626983	-8.583414	1.314436	-1.210446	-0.592370	-0.108211	0.105199	0.988546	0.254144	-0.958415	0.129813	0.961094	0.265281	0.076975
05521	5.375166	-2.555383	-8.284029	1.756653	-1.700569	-0.416040	-0.092963	0.113716	0.989154	0.270548	-0.953193	0.135009	0.958208	0.280164	0.057846
05522	7.479708	0.551328	-5.961798	2.463035	-1.917832	-0.453054	-0.075874	0.123537	0.989435	0.293720	-0.945498	0.140575	0.952876	0.301283	0.035454
