// General information: 
//  MT Manager version: 2022.2.0 
//  XDA version: 2022.2.0 build 7381 rev 124627 built on 2023-07-19
// Device information: 
//  DeviceId: 00B4CAF0
//  ProductCode: MTW2-3A7G6
//  Firmware Version: 4.6.0
//  Hardware Version: 2.0.0
// Device settings: 
//  Filter Profile: human(46.1)
//  Option Flags: Orientation Smoother Disabled, Position/Velocity Smoother Disabled, Continuous Zero Rotation Update Disabled, AHS Disabled, ICC Disabled
// Coordinate system: ENU
PacketCounter	Acc_X	Acc_Y	Acc_Z	Gyr_X	Gyr_Y	Gyr_Z	Mat[1][1]	Mat[2][1]	Mat[3][1]	Mat[1][2]	Mat[2][2]	Mat[3][2]	Mat[1][3]	Mat[2][3]	Mat[3][3]
62843	5.866471	-0.575265	8.258061	0.001858	-0.025096	0.006162	-0.760616	-0.290581	0.580540	0.323536	-0.944942	-0.049084	0.562839	0.150491	0.812751
62844	5.854462	-0.555565	8.258875	0.004763	-0.029098	0.003170	-0.760434	-0.290534	0.580801	0.323559	-0.944936	-0.049054	0.563071	0.150621	0.812566
62845	5.894283	-0.552834	8.210674	0.006730	-0.028392	0.002626	-0.760216	-0.290482	0.581113	0.323550	-0.944937	-0.049076	0.563371	0.150711	0.812342
62846	5.873541	-0.574353	8.253098	0.009633	-0.032393	-0.000367	-0.760027	-0.290397	0.581402	0.323574	-0.944934	-0.048986	0.563612	0.150896	0.812140
62847	5.863577	-0.462861	8.259567	0.009036	-0.033745	0.004528	-0.759843	-0.290271	0.581705	0.323531	-0.944952	-0.048923	0.563885	0.151026	0.811927
62848	5.853570	-0.500734	8.244850	0.004606	-0.042235	0.003614	-0.759586	-0.290208	0.582073	0.323556	-0.944945	-0.048897	0.564217	0.151192	0.811665
62849	5.905473	-0.472201	8.295395	0.006518	-0.044559	0.007873	-0.759293	-0.290157	0.582481	0.323573	-0.944938	-0.048917	0.564602	0.151333	0.811371
62850	5.901455	-0.444308	8.262186	-0.002783	-0.049744	0.010498	-0.758970	-0.290148	0.582905	0.323609	-0.944922	-0.048992	0.565015	0.151450	0.811062
62851	5.862532	-0.535387	8.245486	-0.005446	-0.053984	0.017204	-0.758644	-0.290157	0.583325	0.323637	-0.944906	-0.049108	0.565436	0.151530	0.810753
62852	5.844107	-0.559080	8.286278	-0.006539	-0.062411	0.020096	-0.758219	-0.290219	0.583847	0.323724	-0.944868	-0.049268	0.565957	0.151649	0.810367
62853	5.906127	-0.511560	8.215399	-0.006943	-0.067289	0.016822	-0.757701	-0.290195	0.584530	0.323682	-0.944869	-0.049513	0.566673	0.151686	0.809860
62854	5.872057	-0.549051	8.266770	-0.008628	-0.077060	0.024606	-0.757177	-0.290277	0.585169	0.323791	-0.944821	-0.049717	0.567312	0.151828	0.809386
62855	5.977478	-0.482608	8.280682	-0.013310	-0.081145	0.028317	-0.756672	-0.290399	0.585761	0.323913	-0.944767	-0.049957	0.567915	0.151934	0.808943
62856	5.881309	-0.608273	8.188151	-0.012533	-0.075395	0.020877	-0.756169	-0.290448	0.586386	0.323971	-0.944736	-0.050172	0.568552	0.152034	0.808476
62857	5.936181	-0.582198	8.236350	-0.014816	-0.078775	0.016878	-0.755641	-0.290385	0.587097	0.323881	-0.944753	-0.050426	0.569304	0.152046	0.807945
62858	5.905278	-0.586717	8.278544	-0.014624	-0.074381	0.014336	-0.755164	-0.290374	0.587717	0.323877	-0.944744	-0.050618	0.569940	0.152123	0.807482
62859	5.959299	-0.581105	8.248490	-0.009933	-0.079011	0.008502	-0.754694	-0.290325	0.588344	0.323861	-0.944742	-0.050763	0.570571	0.152231	0.807016
62860	5.954217	-0.736415	8.201287	-0.018677	-0.078947	-0.002085	-0.754242	-0.290152	0.589008	0.323710	-0.944787	-0.050892	0.571254	0.152283	0.806523
62861	5.896600	-0.551164	8.269312	-0.012341	-0.085569	-0.013014	-0.753759	-0.289946	0.589727	0.323569	-0.944831	-0.050967	0.571970	0.152401	0.805993
62862	5.868758	-0.669161	8.280980	-0.011875	-0.091255	-0.027096	-0.753317	-0.289518	0.590503	0.323269	-0.944938	-0.050894	0.572723	0.152552	0.805429
62863	5.941164	-0.647736	8.238212	-0.027080	-0.096475	-0.046367	-0.752919	-0.288994	0.591266	0.322820	-0.945093	-0.050854	0.573498	0.152583	0.804872
62864	5.902909	-0.713291	8.242678	-0.051585	-0.101980	-0.052535	-0.752495	-0.288309	0.592139	0.322100	-0.945334	-0.050949	0.574458	0.152389	0.804223
62865	5.971712	-0.609669	8.238167	-0.033453	-0.101332	-0.071611	-0.752169	-0.287472	0.592959	0.321358	-0.945595	-0.050790	0.575300	0.152349	0.803629
62866	5.949066	-0.544636	8.260886	-0.048427	-0.109881	-0.076748	-0.751775	-0.286546	0.593907	0.320474	-0.945899	-0.050714	0.576308	0.152206	0.802934
62867	5.989678	-0.550218	8.239656	-0.055546	-0.115617	-0.084103	-0.751411	-0.285562	0.594841	0.319502	-0.946231	-0.050653	0.577321	0.151992	0.802246
62868	5.906681	-0.474104	8.289971	-0.068288	-0.128634	-0.090913	-0.750950	-0.284473	0.595944	0.318396	-0.946604	-0.050649	0.578532	0.151711	0.801427
62869	5.875137	-0.713781	8.246604	-0.086641	-0.145890	-0.101979	-0.750443	-0.283222	0.597178	0.317047	-0.947052	-0.050739	0.579928	0.151257	0.800503
62870	5.853547	-0.774293	8.268756	-0.068910	-0.171252	-0.120385	-0.749821	-0.281790	0.598634	0.315715	-0.947506	-0.050561	0.581457	0.151086	0.799425
62871	5.994835	-0.478173	8.321594	-0.087441	-0.192391	-0.145484	-0.749210	-0.280175	0.600155	0.314173	-0.948028	-0.050375	0.583078	0.150812	0.798296
62872	5.970661	-0.625004	8.280398	-0.109337	-0.208687	-0.163921	-0.748496	-0.278274	0.601928	0.312279	-0.948661	-0.050252	0.585009	0.150356	0.796968
62873	6.021970	-0.583990	8.156664	-0.122466	-0.213282	-0.174478	-0.747836	-0.276212	0.603696	0.310155	-0.949362	-0.050159	0.586980	0.149728	0.795635
62874	6.098966	-0.330954	8.166840	-0.142943	-0.219284	-0.187700	-0.747118	-0.274069	0.605558	0.307882	-0.950102	-0.050150	0.589086	0.148972	0.794219
62875	6.088252	-0.384201	8.151981	-0.176875	-0.221450	-0.202005	-0.746426	-0.271785	0.607438	0.305274	-0.950933	-0.050350	0.591317	0.147853	0.792770
62876	6.234552	-0.490072	8.038669	-0.175289	-0.218661	-0.209812	-0.745760	-0.269434	0.609301	0.302642	-0.951768	-0.050452	0.593506	0.146775	0.791333
62877	6.228878	-0.443350	7.997926	-0.177076	-0.207752	-0.202652	-0.745189	-0.267080	0.611033	0.299940	-0.952616	-0.050591	0.595591	0.145573	0.789987
62878	6.291079	-0.378671	7.973805	-0.170782	-0.195794	-0.190656	-0.744582	-0.264946	0.612700	0.297472	-0.953380	-0.050762	0.597585	0.144464	0.788684
62879	6.328223	-0.539338	7.901385	-0.171074	-0.185674	-0.179103	-0.744017	-0.262873	0.614278	0.294996	-0.954136	-0.051011	0.599514	0.143256	0.787439
62880	6.423341	-0.470611	7.830783	-0.141941	-0.164306	-0.149978	-0.743462	-0.261174	0.615672	0.292999	-0.954741	-0.051195	0.601178	0.142330	0.786338
62881	6.425880	-0.352364	7.798654	-0.113777	-0.142809	-0.115783	-0.742910	-0.259910	0.616872	0.291485	-0.955193	-0.051416	0.602595	0.141611	0.785382
62882	6.533051	-0.450712	7.703818	-0.082725	-0.111128	-0.075411	-0.742450	-0.258999	0.617808	0.290397	-0.955515	-0.051590	0.603686	0.141107	0.784635
62883	6.565568	-0.418430	7.620248	-0.034143	-0.066650	-0.036635	-0.742096	-0.258441	0.618467	0.289764	-0.955702	-0.051675	0.604425	0.140862	0.784110
62884	6.579668	-0.322905	7.646517	0.004034	-0.017727	0.008622	-0.741955	-0.258465	0.618627	0.289824	-0.955683	-0.051686	0.604571	0.140944	0.783983
62885	6.522644	-0.395070	7.636947	0.011880	0.042774	0.032697	-0.742092	-0.258861	0.618297	0.290150	-0.955577	-0.051826	0.604246	0.140939	0.784234
62886	6.493577	-0.486916	7.702763	0.022604	0.096075	0.045374	-0.742531	-0.259397	0.617544	0.290594	-0.955437	-0.051918	0.603492	0.140904	0.784821
62887	6.497085	-0.631610	7.708064	0.032592	0.157244	0.048614	-0.743348	-0.260023	0.616297	0.291078	-0.955287	-0.051963	0.602252	0.140764	0.785798
62888	6.496544	-0.560163	7.724968	0.038183	0.217550	0.043582	-0.744520	-0.260713	0.614589	0.291603	-0.955129	-0.051921	0.600548	0.140560	0.787137
62889	6.464177	-0.506887	7.736233	0.048465	0.275958	0.044297	-0.746066	-0.261532	0.612362	0.292229	-0.954944	-0.051809	0.598321	0.140297	0.788878
62890	6.437003	-0.481580	7.780569	0.057842	0.330473	0.045252	-0.747898	-0.262394	0.609753	0.292884	-0.954754	-0.051618	0.595708	0.139981	0.790909
62891	6.170169	-0.625340	7.960205	0.054403	0.364646	0.046538	-0.749871	-0.263323	0.606923	0.293513	-0.954566	-0.051509	0.592911	0.139515	0.793090
62892	5.957257	-0.878950	8.135034	0.058060	0.367073	0.028666	-0.751949	-0.264075	0.604018	0.294043	-0.954419	-0.051212	0.590010	0.139099	0.795324
62893	5.865189	-1.002588	8.273536	0.063585	0.344667	-0.005743	-0.753950	-0.264372	0.601388	0.294216	-0.954393	-0.050701	0.587365	0.138712	0.797347
62894	5.871820	-0.766338	8.364085	0.062941	0.306827	-0.030961	-0.755830	-0.264469	0.598980	0.294322	-0.954397	-0.050004	0.584889	0.138498	0.799201
62895	5.796371	-0.471363	8.453627	0.046586	0.250326	-0.038392	-0.757370	-0.264497	0.597019	0.294342	-0.954421	-0.049438	0.582884	0.138285	0.800702
62896	5.659668	-0.143346	8.591914	0.024421	0.183139	-0.033292	-0.758525	-0.264399	0.595594	0.294203	-0.954484	-0.049035	0.581450	0.138031	0.801788
62897	5.862428	-0.321513	8.422305	0.004644	0.096794	-0.009431	-0.759122	-0.264338	0.594861	0.294031	-0.954542	-0.048946	0.580758	0.137752	0.802337
62898	5.930068	-0.202770	8.418667	-0.003123	0.052242	0.017321	-0.759365	-0.264542	0.594459	0.294115	-0.954510	-0.049065	0.580397	0.137581	0.802628
62899	5.973358	-0.216141	8.316736	-0.016777	0.021710	0.040612	-0.759399	-0.264898	0.594258	0.294252	-0.954448	-0.049435	0.580283	0.137321	0.802754
62900	5.973905	-0.389226	8.215434	-0.028857	0.003275	0.054920	-0.759248	-0.265394	0.594230	0.294472	-0.954352	-0.049984	0.580370	0.137034	0.802741
62901	5.992709	-0.529535	8.180434	-0.027798	-0.005345	0.060731	-0.759047	-0.265888	0.594265	0.294676	-0.954258	-0.050572	0.580529	0.136729	0.802678
62902	6.003945	-0.621373	8.193739	-0.022924	-0.008539	0.057124	-0.758821	-0.266388	0.594330	0.294946	-0.954147	-0.051086	0.580687	0.136530	0.802597
62903	6.026586	-0.693802	8.141568	-0.015880	-0.004407	0.049226	-0.758587	-0.266796	0.594446	0.295149	-0.954060	-0.051549	0.580890	0.136346	0.802481
62904	5.999532	-0.716121	8.131132	-0.007338	-0.003501	0.033919	-0.758457	-0.267081	0.594483	0.295334	-0.953989	-0.051800	0.580965	0.136283	0.802438
62905	6.040826	-0.718553	8.138421	0.002593	0.007593	0.023912	-0.758465	-0.267276	0.594386	0.295475	-0.953939	-0.051915	0.580883	0.136250	0.802503
62906	5.998323	-0.718485	8.131815	0.008538	0.010329	0.005728	-0.758499	-0.267312	0.594326	0.295539	-0.953922	-0.051872	0.580806	0.136301	0.802550
62907	6.044149	-0.708583	8.107548	0.016794	0.029516	-0.008731	-0.758761	-0.267170	0.594056	0.295451	-0.953960	-0.051666	0.580509	0.136312	0.802763
62908	6.032513	-0.677261	8.080064	0.026087	0.043170	-0.022167	-0.759069	-0.266984	0.593746	0.295404	-0.953993	-0.051316	0.580130	0.136443	0.803014
62909	6.010227	-0.629836	8.110446	0.030204	0.054323	-0.031798	-0.759515	-0.266606	0.593346	0.295161	-0.954092	-0.050876	0.579670	0.136492	0.803338
62910	6.023494	-0.486658	8.102114	0.033998	0.067576	-0.035497	-0.760003	-0.266326	0.592846	0.295058	-0.954150	-0.050384	0.579083	0.136633	0.803738
62911	6.039117	-0.472162	8.149468	0.032389	0.074805	-0.036429	-0.760612	-0.265961	0.592228	0.294828	-0.954247	-0.049885	0.578400	0.136662	0.804225
62912	6.010262	-0.400236	8.205795	0.024653	0.081080	-0.026261	-0.761150	-0.265788	0.591615	0.294740	-0.954293	-0.049522	0.577736	0.136679	0.804698
62913	5.997842	-0.406173	8.243486	0.021578	0.080623	-0.020721	-0.761679	-0.265691	0.590977	0.294686	-0.954325	-0.049240	0.577067	0.136647	0.805184
62914	5.983025	-0.375128	8.218123	0.017526	0.068596	-0.007556	-0.762088	-0.265679	0.590454	0.294699	-0.954331	-0.049046	0.576519	0.136629	0.805580
62915	5.990327	-0.426438	8.227812	0.012420	0.065203	-0.000219	-0.762413	-0.265682	0.590034	0.294660	-0.954346	-0.048981	0.576110	0.136515	0.805892
62916	5.983107	-0.368619	8.247281	0.001995	0.054875	0.013429	-0.762681	-0.265852	0.589610	0.294743	-0.954318	-0.049036	0.575712	0.136385	0.806198
62917	5.962654	-0.474561	8.254255	-0.000112	0.049748	0.016472	-0.762929	-0.265885	0.589275	0.294640	-0.954344	-0.049138	0.575436	0.136135	0.806437
62918	5.967025	-0.524038	8.208403	0.000230	0.041465	0.020123	-0.763100	-0.266099	0.588956	0.294765	-0.954300	-0.049246	0.575145	0.136024	0.806663
62919	5.959465	-0.501247	8.235100	-0.005028	0.039843	0.020378	-0.763301	-0.266292	0.588608	0.294821	-0.954275	-0.049401	0.574849	0.135826	0.806908
62920	5.991332	-0.532140	8.199176	-0.000549	0.039622	0.019191	-0.763465	-0.266495	0.588305	0.294934	-0.954234	-0.049510	0.574575	0.135712	0.807122
62921	5.977582	-0.538205	8.179969	-0.002658	0.037587	0.017441	-0.763633	-0.266650	0.588016	0.294973	-0.954215	-0.049642	0.574331	0.135541	0.807325
62922	5.966417	-0.582170	8.223395	-0.006584	0.039246	0.013721	-0.763810	-0.266800	0.587718	0.295009	-0.954197	-0.049767	0.574077	0.135370	0.807534
62923	5.940011	-0.626030	8.191316	0.003929	0.045603	0.008414	-0.764044	-0.266850	0.587390	0.294982	-0.954204	-0.049797	0.573779	0.135223	0.807770
62924	5.933909	-0.568284	8.209969	0.005748	0.048109	0.000793	-0.764310	-0.266889	0.587027	0.294990	-0.954204	-0.049747	0.573421	0.135145	0.808037
62925	5.907184	-0.610860	8.178207	0.006934	0.046981	-0.000675	-0.764620	-0.266841	0.586645	0.294898	-0.954236	-0.049679	0.573054	0.135015	0.808319
62926	5.924264	-0.600168	8.224092	0.012535	0.046513	-0.006861	-0.764899	-0.266804	0.586298	0.294886	-0.954248	-0.049529	0.572688	0.135006	0.808580
62927	5.922389	-0.564986	8.218511	0.016948	0.047181	-0.011583	-0.765199	-0.266676	0.585964	0.294792	-0.954287	-0.049338	0.572335	0.134984	0.808834
62928	5.922442	-0.496125	8.204485	0.014283	0.046819	-0.013233	-0.765498	-0.266578	0.585618	0.294741	-0.954313	-0.049137	0.571961	0.134992	0.809097
62929	5.910511	-0.537021	8.248536	0.012597	0.048745	-0.008129	-0.765838	-0.266573	0.585175	0.294751	-0.954318	-0.048983	0.571501	0.134968	0.809426
62930	5.896415	-0.539995	8.229757	0.018615	0.042186	-0.011903	-0.766107	-0.266482	0.584865	0.294735	-0.954334	-0.048754	0.571149	0.135030	0.809664
62931	5.930335	-0.514239	8.264287	0.014825	0.042068	-0.008550	-0.766383	-0.266429	0.584528	0.294713	-0.954350	-0.048592	0.570790	0.135028	0.809917
62932	5.885469	-0.512019	8.259028	0.015941	0.038728	-0.008758	-0.766622	-0.266364	0.584244	0.294705	-0.954361	-0.048403	0.570473	0.135073	0.810133
62933	5.913768	-0.515564	8.247390	0.012996	0.032619	-0.010180	-0.766868	-0.266291	0.583954	0.294672	-0.954380	-0.048238	0.570160	0.135083	0.810352
62934	5.890389	-0.503799	8.284674	0.013617	0.030061	-0.006741	-0.767052	-0.266233	0.583739	0.294666	-0.954390	-0.048080	0.569915	0.135129	0.810516
62935	5.888198	-0.502390	8.286317	0.011370	0.023597	-0.005979	-0.767257	-0.266082	0.583538	0.294534	-0.954438	-0.047940	0.569706	0.135089	0.810670
62936	5.907381	-0.511609	8.252212	0.006663	0.017192	-0.001037	-0.767351	-0.266061	0.583424	0.294533	-0.954442	-0.047872	0.569581	0.135103	0.810755
62937	5.943249	-0.486952	8.285269	0.007098	0.017296	-0.008223	-0.767450	-0.265951	0.583345	0.294434	-0.954476	-0.047794	0.569499	0.135078	0.810817
62938	5.923262	-0.462571	8.234567	0.007210	0.012421	0.003661	-0.767502	-0.265968	0.583268	0.294472	-0.954467	-0.047748	0.569409	0.135109	0.810875
62939	5.899411	-0.485642	8.279157	0.000701	0.012811	0.001822	-0.767581	-0.265953	0.583171	0.294424	-0.954481	-0.047761	0.569328	0.135039	0.810944
62940	5.888117	-0.490709	8.258254	-0.001335	0.009877	0.003614	-0.767619	-0.265966	0.583115	0.294412	-0.954483	-0.047785	0.569283	0.134995	0.810983
62941	5.935174	-0.482351	8.233867	-0.000714	0.007315	0.007056	-0.767686	-0.265811	0.583098	0.294188	-0.954550	-0.047823	0.569308	0.134827	0.810993
62942	5.907651	-0.501859	8.223822	-0.002677	0.006592	0.007589	-0.767694	-0.265857	0.583066	0.294199	-0.954544	-0.047881	0.569292	0.134780	0.811013
62943	5.917250	-0.497642	8.245885	-0.001139	0.010312	0.009441	-0.767761	-0.265888	0.582964	0.294174	-0.954549	-0.047942	0.569214	0.134685	0.811082
62944	5.903950	-0.536410	8.233497	0.000203	0.013599	0.005465	-0.767815	-0.265924	0.582876	0.294185	-0.954544	-0.047964	0.569136	0.134646	0.811144
62945	5.910940	-0.474237	8.271484	-0.000641	0.009528	0.005797	-0.767839	-0.265952	0.582832	0.294169	-0.954546	-0.048023	0.569111	0.134577	0.811173
62946	5.881119	-0.527032	8.270160	0.002286	0.012547	0.012016	-0.767868	-0.266049	0.582749	0.294242	-0.954521	-0.048066	0.569035	0.134561	0.811229
62947	5.927833	-0.518806	8.246051	-0.001760	0.012877	0.005998	-0.767884	-0.266200	0.582659	0.294357	-0.954482	-0.048144	0.568953	0.134541	0.811290
62948	5.911979	-0.499775	8.249536	0.001606	0.015999	0.005031	-0.767953	-0.266235	0.582552	0.294373	-0.954477	-0.048152	0.568852	0.134509	0.811366
62949	5.881401	-0.461593	8.255697	-0.005478	0.014966	0.008089	-0.767998	-0.266344	0.582444	0.294409	-0.954460	-0.048261	0.568774	0.134412	0.811437
62950	5.933305	-0.314747	8.363201	-0.028041	0.014781	0.011637	-0.768040	-0.266440	0.582344	0.294307	-0.954477	-0.048549	0.568769	0.134100	0.811492
62951	5.992421	-0.363580	8.344994	-0.062604	0.016798	0.021786	-0.768098	-0.266676	0.582159	0.294118	-0.954503	-0.049182	0.568788	0.133447	0.811586
62952	5.937162	-0.428543	8.246367	-0.076363	0.021822	0.029944	-0.768127	-0.266957	0.581992	0.293882	-0.954535	-0.049968	0.568871	0.132655	0.811658
62953	5.980094	-0.442089	8.309940	-0.085068	0.038121	0.036477	-0.768254	-0.267360	0.581639	0.293676	-0.954550	-0.050875	0.568806	0.131728	0.811855
62954	5.980519	-0.385152	8.295241	-0.097567	0.044244	0.041907	-0.768376	-0.267784	0.581284	0.293411	-0.954576	-0.051903	0.568778	0.130674	0.812044
62955	5.951732	-0.472718	8.271144	-0.108799	0.051458	0.044617	-0.768568	-0.268197	0.580838	0.293036	-0.954629	-0.053045	0.568711	0.129438	0.812289
62956	5.990076	-0.451799	8.273854	-0.110932	0.069601	0.051744	-0.768805	-0.268746	0.580270	0.292771	-0.954643	-0.054239	0.568528	0.128187	0.812616
62957	5.985672	-0.431096	8.269573	-0.117981	0.080926	0.057960	-0.769113	-0.269273	0.579618	0.292392	-0.954685	-0.055535	0.568306	0.126763	0.812994
62958	6.017557	-0.478846	8.290521	-0.121612	0.094484	0.066761	-0.769448	-0.269995	0.578837	0.292182	-0.954668	-0.056903	0.567961	0.125342	0.813455
62959	5.967355	-0.492586	8.287933	-0.124053	0.106918	0.074101	-0.769881	-0.270812	0.577879	0.292017	-0.954633	-0.058329	0.567458	0.123844	0.814036
62960	5.982535	-0.522473	8.312879	-0.132710	0.115486	0.074891	-0.770311	-0.271634	0.576920	0.291809	-0.954603	-0.059835	0.566983	0.122259	0.814606
62961	6.116526	-0.350192	8.404134	-0.150166	0.138190	0.083475	-0.770830	-0.272478	0.575828	0.291457	-0.954602	-0.061554	0.566458	0.120381	0.815251
62962	6.113725	-0.274625	8.442971	-0.187234	0.165211	0.103978	-0.771455	-0.273633	0.574441	0.291166	-0.954551	-0.063671	0.565756	0.118138	0.816066
62963	6.096387	-0.332499	8.460964	-0.224865	0.183049	0.123569	-0.772138	-0.274962	0.572886	0.290771	-0.954498	-0.066218	0.565026	0.115450	0.816956
62964	5.980768	-0.482136	8.378072	-0.245837	0.198871	0.141265	-0.772843	-0.276503	0.571191	0.290442	-0.954400	-0.069028	0.564231	0.112550	0.817909
62965	5.794382	-0.722635	8.344639	-0.247821	0.198923	0.147420	-0.773581	-0.277996	0.569465	0.290033	-0.954314	-0.071878	0.563430	0.109560	0.818867
62966	5.836519	-0.886672	8.326006	-0.237059	0.196295	0.149270	-0.774247	-0.279598	0.567774	0.289820	-0.954165	-0.074661	0.562625	0.106746	0.819792
62967	5.922157	-0.818099	8.405828	-0.229264	0.197622	0.154151	-0.774917	-0.281020	0.566155	0.289426	-0.954065	-0.077418	0.561905	0.103867	0.820655
62968	5.841237	-0.706003	8.390521	-0.239473	0.214265	0.159704	-0.775651	-0.282729	0.564296	0.289286	-0.953870	-0.080280	0.560963	0.100974	0.821660
62969	5.703782	-0.942381	8.384291	-0.235535	0.205413	0.163340	-0.776316	-0.284516	0.562481	0.289257	-0.953634	-0.083148	0.560058	0.098152	0.822619
62970	5.729838	-1.047064	8.306110	-0.227879	0.207272	0.158903	-0.777009	-0.286197	0.560668	0.289182	-0.953411	-0.085909	0.559134	0.095383	0.823572
62971	5.558423	-1.030178	8.294698	-0.204766	0.206643	0.151967	-0.777749	-0.287847	0.558794	0.289231	-0.953166	-0.088435	0.558078	0.092840	0.824578
62972	5.442521	-1.269909	8.249918	-0.182472	0.193619	0.133746	-0.778435	-0.289266	0.557103	0.289221	-0.952958	-0.090680	0.557126	0.090538	0.825478
62973	5.509841	-1.350512	8.258172	-0.139622	0.174112	0.118939	-0.779075	-0.290494	0.555568	0.289298	-0.952760	-0.092493	0.556191	0.088665	0.826311
62974	5.260249	-1.170893	8.254156	-0.105081	0.146500	0.096929	-0.779602	-0.291512	0.554293	0.289436	-0.952581	-0.093893	0.555380	0.087233	0.827009
62975	5.348638	-1.269086	8.311825	-0.065952	0.119408	0.070389	-0.780118	-0.292124	0.553244	0.289430	-0.952492	-0.094814	0.554658	0.086160	0.827606
62976	5.262926	-1.352542	8.255371	-0.023793	0.088215	0.040897	-0.780483	-0.292555	0.552502	0.289584	-0.952403	-0.095230	0.554065	0.085670	0.828053
62977	5.193961	-1.342479	8.284611	0.026155	0.046053	0.003891	-0.780730	-0.292621	0.552117	0.289746	-0.952374	-0.095036	0.553632	0.085777	0.828332
62978	5.207991	-1.363815	8.338049	0.070720	0.012109	-0.034246	-0.780890	-0.292271	0.552077	0.289837	-0.952424	-0.094254	0.553359	0.086410	0.828449
62979	5.161904	-1.321244	8.300276	0.122899	-0.035905	-0.075195	-0.780905	-0.291525	0.552449	0.289922	-0.952537	-0.092835	0.553292	0.087672	0.828361
62980	5.073535	-1.139669	8.365910	0.176639	-0.091753	-0.105951	-0.780698	-0.290400	0.553333	0.290038	-0.952700	-0.090779	0.553523	0.089617	0.827998
62981	4.949740	-1.383633	8.468167	0.202968	-0.155827	-0.155883	-0.780327	-0.288662	0.554764	0.289813	-0.953008	-0.088231	0.554164	0.091928	0.827316
62982	4.089037	-2.212468	8.246204	0.259668	-0.255727	-0.207981	-0.779505	-0.286406	0.557085	0.289598	-0.953374	-0.084922	0.555433	0.095134	0.826102
62983	3.803346	-3.160507	8.156311	0.382391	-0.413639	-0.316269	-0.778139	-0.282861	0.560793	0.289103	-0.953948	-0.080016	0.557601	0.099863	0.824080
62984	4.883804	-2.097798	8.745062	0.508215	-0.577391	-0.415386	-0.776105	-0.278267	0.565888	0.288682	-0.954600	-0.073488	0.560646	0.106328	0.821200
62985	5.461013	-1.124938	9.127924	0.481697	-0.641560	-0.441905	-0.773776	-0.273429	0.571409	0.288043	-0.955267	-0.067057	0.564183	0.112703	0.817922
62986	5.882314	-0.297510	9.705175	0.454318	-0.751440	-0.422679	-0.770729	-0.268484	0.577836	0.287318	-0.955896	-0.060914	0.568705	0.119074	0.813877
62987	2.500014	-0.227454	10.008457	0.290568	-0.993931	-0.419899	-0.766279	-0.263156	0.586145	0.285608	-0.956701	-0.056139	0.575539	0.124389	0.808259
62988	6.758101	0.042936	10.227992	0.258408	-1.381009	-0.393124	-0.759376	-0.257598	0.597488	0.284075	-0.957406	-0.051726	0.585363	0.130452	0.800208
62989	4.444998	0.838095	10.483162	0.062139	-1.654586	-0.360145	-0.750652	-0.251703	0.610875	0.281405	-0.958334	-0.049075	0.597774	0.135065	0.790205
62990	5.091236	-0.133825	10.381004	-0.177383	-2.040456	-0.376624	-0.739338	-0.245265	0.627076	0.277490	-0.959522	-0.048125	0.613497	0.138427	0.777470
62991	5.442220	-0.883614	11.367109	-0.296004	-2.347703	-0.456213	-0.725999	-0.237412	0.645416	0.272044	-0.961110	-0.047529	0.631600	0.141075	0.762352
62992	5.144902	-2.170986	12.041811	-0.278583	-2.554087	-0.633534	-0.711316	-0.227635	0.664990	0.265670	-0.962991	-0.045467	0.650729	0.144326	0.745467
62993	5.637046	-2.954752	11.667756	-0.103756	-2.816095	-0.874895	-0.695025	-0.214898	0.686119	0.258582	-0.965146	-0.040353	0.670877	0.149371	0.726370
62994	9.234605	-2.447877	13.641490	0.021794	-2.757630	-1.114339	-0.679091	-0.199891	0.706313	0.251039	-0.967434	-0.032426	0.689793	0.155292	0.707156
62995	5.163348	-2.528144	12.097506	-0.045864	-2.352102	-1.225413	-0.665709	-0.184122	0.723139	0.242153	-0.969940	-0.024040	0.705828	0.159106	0.690284
62996	4.051152	-4.873310	12.064507	0.090370	-2.269732	-1.238869	-0.652461	-0.168388	0.738877	0.234598	-0.971987	-0.014353	0.720596	0.163974	0.673687
62997	2.484567	-4.742580	13.855410	0.329893	-1.890944	-1.027190	-0.641208	-0.155129	0.751524	0.230095	-0.973158	-0.004559	0.732058	0.169998	0.659691
62998	0.615801	-5.419366	14.075064	0.426376	-1.535668	-0.597667	-0.631258	-0.146613	0.761589	0.229399	-0.973329	0.002766	0.740871	0.176454	0.648054
62999	-1.845426	-6.583042	13.629830	0.560104	-1.199688	-0.084569	-0.622603	-0.143442	0.769279	0.232605	-0.972547	0.006910	0.747168	0.183240	0.638876
63000	2.825248	-4.227138	14.720755	0.507712	-0.978416	0.487671	-0.614105	-0.146318	0.775543	0.239392	-0.970902	0.006384	0.752042	0.189579	0.631263
63001	1.281753	-3.532862	16.491297	0.191127	-0.055657	0.900164	-0.611644	-0.154910	0.775819	0.246060	-0.969254	0.000456	0.751895	0.191177	0.630956
63002	-2.908593	-3.005212	14.632596	0.081234	0.567948	1.065641	-0.613232	-0.166275	0.772204	0.253162	-0.967397	-0.007261	0.748235	0.191040	0.635333
63003	-3.828279	-0.696657	13.681369	0.056117	0.967427	0.965596	-0.618258	-0.177573	0.765653	0.259406	-0.965660	-0.014491	0.741934	0.189655	0.643091
63004	-2.916516	1.309701	13.505532	-0.158695	1.304501	0.794641	-0.625800	-0.187651	0.757075	0.263142	-0.964516	-0.021555	0.734255	0.185730	0.652973
63005	-1.748028	1.554891	13.403057	-0.437928	1.665684	0.603934	-0.636629	-0.196986	0.745587	0.264143	-0.964043	-0.029160	0.724522	0.178378	0.665770
63006	-0.841031	0.968365	12.996997	-0.575132	2.005381	0.426077	-0.649913	-0.204536	0.731969	0.262714	-0.964196	-0.036165	0.713158	0.168794	0.680378
63007	-0.135930	0.490394	12.408066	-0.554316	2.272968	0.272983	-0.665511	-0.211315	0.715850	0.260890	-0.964448	-0.042155	0.699308	0.158704	0.696980
63008	0.671992	0.379857	11.870821	-0.483925	2.438387	0.192998	-0.681868	-0.216888	0.698581	0.258806	-0.964789	-0.046922	0.684160	0.148802	0.713991
63009	1.679512	0.350618	11.536327	-0.432485	2.512686	0.163834	-0.698615	-0.222015	0.680181	0.256667	-0.965132	-0.051401	0.667876	0.138670	0.731240
63010	2.628726	0.012935	11.286051	-0.399248	2.531798	0.162422	-0.714889	-0.226935	0.661389	0.255144	-0.965313	-0.055434	0.651027	0.129120	0.747992
63011	3.569618	-0.358048	11.165940	-0.364847	2.488732	0.182767	-0.730586	-0.231661	0.642322	0.253718	-0.965439	-0.059614	0.633933	0.119416	0.764113
63012	4.881954	-0.515940	11.390083	-0.390801	2.420017	0.230455	-0.745133	-0.236624	0.623527	0.252936	-0.965359	-0.064081	0.617090	0.109963	0.779171
63013	6.758676	-0.600794	11.869169	-0.523125	2.403292	0.337670	-0.759086	-0.242236	0.604244	0.251885	-0.965186	-0.070502	0.600286	0.098683	0.793674
63014	8.205794	-1.344975	11.878024	-0.687443	2.476417	0.469210	-0.772552	-0.249013	0.584085	0.251371	-0.964679	-0.078790	0.583074	0.085953	0.807859
63015	8.660499	-2.359711	11.443832	-0.755968	2.572082	0.586390	-0.786018	-0.256519	0.562471	0.251199	-0.963877	-0.088548	0.564866	0.071692	0.822062
63016	8.939268	-2.892813	10.974629	-0.729797	2.620866	0.684704	-0.798846	-0.264775	0.540128	0.252531	-0.962575	-0.098370	0.545960	0.057817	0.835814
63017	9.405688	-2.894449	10.535184	-0.675726	2.648071	0.801013	-0.811188	-0.273623	0.516821	0.254953	-0.960843	-0.108537	0.526282	0.043721	0.849185
63018	9.862480	-2.731565	10.014856	-0.662151	2.654237	0.942188	-0.822467	-0.283608	0.493066	0.259189	-0.958472	-0.118960	0.506328	0.029957	0.861820
63019	9.892787	-2.212161	9.169819	-0.634984	2.630124	1.122071	-0.832755	-0.294727	0.468674	0.264926	-0.955451	-0.130109	0.486141	0.015815	0.873737
63020	9.703811	-1.754024	8.330137	-0.595152	2.543573	1.269861	-0.841456	-0.307034	0.444615	0.272680	-0.951695	-0.141143	0.466474	0.002472	0.884532
63021	9.825899	-1.621151	7.453418	-0.426080	2.404965	1.317205	-0.848966	-0.319224	0.421132	0.281485	-0.947631	-0.150869	0.447239	-0.009540	0.894364
63022	10.331953	-0.938370	6.821766	-0.173924	2.248698	1.268806	-0.855179	-0.330872	0.398989	0.291493	-0.943494	-0.157641	0.428603	-0.018509	0.903303
63023	10.838354	0.225062	6.075458	0.036110	2.097284	1.151423	-0.860731	-0.341015	0.377957	0.301167	-0.939709	-0.162005	0.410415	-0.025614	0.911539
63024	11.042504	1.257516	4.955836	0.139222	1.927563	0.957074	-0.865555	-0.349414	0.358782	0.309946	-0.936456	-0.164264	0.393380	-0.030976	0.918854
63025	11.343420	2.472815	3.752742	0.108898	1.708675	0.692348	-0.870127	-0.355091	0.341744	0.316061	-0.934126	-0.165875	0.378132	-0.036320	0.925039
63026	11.751638	3.536931	2.495083	-0.052148	1.479585	0.372338	-0.874448	-0.357953	0.327429	0.319074	-0.932790	-0.167614	0.365420	-0.042096	0.929890
63027	12.248433	4.027174	1.129541	-0.296754	1.229962	0.006847	-0.878979	-0.357264	0.315845	0.317810	-0.932689	-0.170550	0.355517	-0.049531	0.933357
63028	12.873071	3.789642	-0.067228	-0.507280	0.960492	-0.385777	-0.883580	-0.353115	0.307563	0.312583	-0.933799	-0.174099	0.348680	-0.057692	0.935465
63029	13.644946	3.145800	-0.991043	-0.612117	0.698589	-0.739630	-0.888364	-0.345623	0.302248	0.303723	-0.936046	-0.177679	0.344328	-0.066044	0.936524
63030	13.826777	2.101250	-1.750151	-0.566264	0.412701	-1.020172	-0.892826	-0.335738	0.300235	0.292651	-0.939140	-0.179921	0.342369	-0.072774	0.936743
63031	13.855242	1.180864	-2.224956	-0.364451	0.081333	-1.202755	-0.896603	-0.324257	0.301595	0.280512	-0.942863	-0.179783	0.342659	-0.076593	0.936332
63032	13.840907	0.555730	-2.348996	-0.090727	-0.271085	-1.284933	-0.899201	-0.312290	0.306452	0.268620	-0.946893	-0.176738	0.345370	-0.076603	0.935335
63033	14.043832	0.185172	-1.931373	0.149396	-0.625213	-1.277758	-0.900414	-0.300564	0.314508	0.257555	-0.950938	-0.171415	0.350599	-0.073341	0.933650
63034	9.042538	-1.906784	-3.571494	0.840533	-1.454962	-1.410709	-0.898799	-0.288059	0.330428	0.247815	-0.955664	-0.159043	0.361592	-0.061063	0.930335
63035	-2.752535	-1.650339	5.360391	0.697651	-2.330217	-1.505138	-0.893808	-0.274856	0.354346	0.236845	-0.960293	-0.147449	0.380803	-0.047866	0.923416
63036	5.022509	-4.635205	18.914981	1.001522	-2.496387	-1.241011	-0.886947	-0.263871	0.379074	0.229666	-0.964043	-0.133697	0.400723	-0.031522	0.915657
63037	6.543092	-6.403036	10.308857	0.513117	-2.706040	-0.592632	-0.877165	-0.258780	0.404494	0.226466	-0.965738	-0.126740	0.423433	-0.019568	0.905716
63038	5.535326	-4.353649	6.440278	0.697016	-3.058142	0.050524	-0.863714	-0.259607	0.431975	0.229901	-0.965702	-0.120687	0.448490	-0.004927	0.893774
63039	11.487987	-4.126371	10.322164	0.829551	-3.211908	0.532326	-0.847675	-0.264565	0.459840	0.238170	-0.964301	-0.115757	0.474050	0.011396	0.880424
63040	12.252782	0.608284	11.682413	0.894814	-2.675462	0.612600	-0.833228	-0.269915	0.482573	0.247608	-0.962501	-0.110822	0.494390	0.027149	0.868816
63041	11.415191	3.321409	10.867815	0.958298	-2.347316	0.251332	-0.820808	-0.271449	0.502583	0.254405	-0.961508	-0.103830	0.511422	0.042635	0.858272
63042	14.599088	8.819222	13.035907	0.780396	-1.709014	-0.481900	-0.813189	-0.265944	0.517685	0.254462	-0.962434	-0.094707	0.523425	0.054716	0.850313
63043	9.403330	2.258352	10.019722	0.090920	-0.978680	-0.519887	-0.809333	-0.260354	0.526494	0.250694	-0.963760	-0.091213	0.531161	0.058167	0.845272
63044	5.541599	-4.787708	7.784138	0.104281	-0.966929	-0.288766	-0.804879	-0.256953	0.534926	0.248877	-0.964455	-0.088804	0.538730	0.061655	0.840219
63045	6.893391	-2.797054	8.776128	0.331809	-1.028939	-0.077093	-0.799479	-0.255514	0.543641	0.250031	-0.964447	-0.085598	0.546184	0.067493	0.834942
63046	9.912728	1.956705	10.053290	0.239898	-0.820762	-0.090910	-0.795196	-0.254028	0.550575	0.250580	-0.964522	-0.083104	0.552153	0.071879	0.830639
63047	7.875228	0.955836	8.999010	-0.051647	-0.418445	-0.136711	-0.793206	-0.252379	0.554193	0.249190	-0.964912	-0.082760	0.555634	0.072454	0.828264
63048	8.687780	-3.207508	8.953353	0.046659	-0.315731	-0.090847	-0.791670	-0.251234	0.556903	0.248686	-0.965118	-0.081869	0.558045	0.073680	0.826533
63049	4.431520	-0.743096	8.193670	0.125328	-0.168385	-0.050212	-0.790837	-0.250598	0.558370	0.248973	-0.965156	-0.080535	0.559096	0.075329	0.825674
63050	7.244080	0.548208	9.024245	0.045077	-0.200581	-0.021365	-0.789764	-0.250201	0.560065	0.249013	-0.965187	-0.080043	0.560594	0.076248	0.824573
63051	6.140460	-1.181073	8.468893	-0.000145	-0.143664	0.018157	-0.788894	-0.250242	0.561271	0.249146	-0.965146	-0.080123	0.561758	0.076630	0.823745
63052	6.026939	-0.756198	8.519077	0.043025	-0.138568	0.019446	-0.788063	-0.250285	0.562418	0.249497	-0.965075	-0.079878	0.562768	0.077373	0.822985
63053	6.134228	-0.485367	8.473305	0.019053	-0.123970	0.029735	-0.787272	-0.250451	0.563451	0.249828	-0.964991	-0.079866	0.563727	0.077890	0.822280
63054	5.900059	-0.408450	8.532862	-0.008132	-0.116469	0.055024	-0.786473	-0.250853	0.564387	0.250172	-0.964871	-0.080242	0.564689	0.078085	0.821601
63055	5.977992	-0.694112	8.465627	-0.024177	-0.117719	0.069486	-0.785615	-0.251408	0.565335	0.250574	-0.964719	-0.080808	0.565705	0.078174	0.820894
63056	6.088548	-0.579021	8.390936	-0.035936	-0.106224	0.076897	-0.784817	-0.252029	0.566166	0.250930	-0.964565	-0.081538	0.566654	0.078076	0.820248
63057	5.882282	-0.720701	8.369408	-0.050102	-0.089259	0.082499	-0.784084	-0.252732	0.566868	0.251287	-0.964400	-0.082389	0.567510	0.077847	0.819678
63058	5.893315	-0.876875	8.334561	-0.047163	-0.076645	0.074575	-0.783457	-0.253353	0.567457	0.251561	-0.964259	-0.083198	0.568254	0.077568	0.819189
63059	5.810682	-0.985056	8.333440	-0.039363	-0.071749	0.065545	-0.782864	-0.253906	0.568028	0.251844	-0.964127	-0.083866	0.568945	0.077399	0.818725
63060	5.779006	-1.138170	8.290756	-0.027939	-0.069232	0.048595	-0.782343	-0.254284	0.568576	0.252022	-0.964037	-0.084370	0.569582	0.077287	0.818293
63061	5.762851	-1.133327	8.321909	-0.003770	-0.071548	0.028568	-0.781844	-0.254480	0.569175	0.252216	-0.963971	-0.084538	0.570181	0.077459	0.817859
63062	5.760505	-1.104246	8.288951	0.011992	-0.072817	0.009409	-0.781401	-0.254476	0.569785	0.252315	-0.963949	-0.084493	0.570745	0.077742	0.817439
63063	5.777316	-0.974347	8.311233	0.030309	-0.079266	-0.002108	-0.780935	-0.254369	0.570471	0.252461	-0.963936	-0.084210	0.571318	0.078260	0.816989
63064	5.783252	-0.880537	8.318001	0.039363	-0.091974	-0.007779	-0.780425	-0.254184	0.571251	0.252582	-0.963936	-0.083843	0.571961	0.078855	0.816482
63065	5.879741	-0.726422	8.381195	0.034598	-0.094240	-0.011312	-0.779895	-0.253975	0.572067	0.252681	-0.963942	-0.083473	0.572639	0.079450	0.815949
63066	5.895847	-0.679222	8.336882	0.020684	-0.089263	-0.003222	-0.779388	-0.253835	0.572820	0.252731	-0.963945	-0.083285	0.573308	0.079858	0.815439
63067	5.848457	-0.748849	8.315297	0.014089	-0.095192	0.004329	-0.778812	-0.253775	0.573629	0.252836	-0.963928	-0.083171	0.574044	0.080259	0.814882
63068	5.825733	-0.884105	8.239743	0.015743	-0.099230	0.000400	-0.778237	-0.253661	0.574459	0.252886	-0.963926	-0.083044	0.574801	0.080645	0.814310
63069	5.766131	-0.974626	8.282200	0.024337	-0.105735	-0.007593	-0.777629	-0.253477	0.575363	0.252957	-0.963930	-0.082778	0.575592	0.081171	0.813699
63070	5.756115	-1.069518	8.221386	0.043251	-0.108359	-0.025267	-0.777065	-0.253107	0.576288	0.252966	-0.963970	-0.082280	0.576350	0.081845	0.813095
63071	5.804074	-1.006595	8.241952	0.065332	-0.111364	-0.044927	-0.776518	-0.252556	0.577265	0.252982	-0.964035	-0.081467	0.577079	0.082777	0.812482
63072	5.878264	-0.972898	8.201564	0.077210	-0.113735	-0.057349	-0.776002	-0.251871	0.578258	0.252939	-0.964127	-0.080507	0.577791	0.083791	0.811872
63073	5.841698	-0.939145	8.213049	0.080435	-0.105380	-0.070053	-0.775552	-0.251079	0.579205	0.252847	-0.964240	-0.079427	0.578435	0.084850	0.811303
63074	5.881130	-0.841895	8.204737	0.085361	-0.108491	-0.073669	-0.775106	-0.250239	0.580165	0.252727	-0.964364	-0.078306	0.579085	0.085928	0.810726
63075	5.916263	-0.721181	8.221036	0.081640	-0.116319	-0.076241	-0.774607	-0.249375	0.581202	0.252595	-0.964489	-0.077181	0.579810	0.087023	0.810091
63076	5.899555	-0.729132	8.203540	0.076017	-0.113637	-0.071346	-0.774124	-0.248550	0.582199	0.252440	-0.964611	-0.076149	0.580523	0.088022	0.809472
63077	5.904593	-0.678811	8.301482	0.073834	-0.121009	-0.067225	-0.773573	-0.247767	0.583264	0.252335	-0.964718	-0.075139	0.581302	0.089052	0.808800
63078	5.994323	-0.538970	8.259568	0.064548	-0.129446	-0.060096	-0.772967	-0.247033	0.584377	0.252203	-0.964821	-0.074264	0.582165	0.089978	0.808077
63079	5.947620	-0.545339	8.254808	0.049484	-0.135586	-0.053860	-0.772295	-0.246363	0.585547	0.252061	-0.964914	-0.073527	0.583117	0.090809	0.807297
63080	5.968162	-0.444240	8.279040	0.034661	-0.144634	-0.037015	-0.771540	-0.245836	0.586763	0.251935	-0.964985	-0.073029	0.584171	0.091482	0.806459
63081	6.000089	-0.482539	8.241676	0.014283	-0.154631	-0.029343	-0.770691	-0.245385	0.588066	0.251780	-0.965049	-0.072718	0.585356	0.092020	0.805537
63082	5.963456	-0.558653	8.271107	-0.004320	-0.176030	-0.012560	-0.769687	-0.245063	0.589514	0.251615	-0.965095	-0.072677	0.586747	0.092393	0.804482
63083	5.971251	-0.744181	8.217367	-0.011991	-0.185278	-0.014086	-0.768615	-0.244729	0.591049	0.251426	-0.965145	-0.072666	0.588231	0.092753	0.803356
63084	5.855638	-0.788079	8.222884	-0.016158	-0.212214	-0.022286	-0.767416	-0.244279	0.592790	0.251117	-0.965226	-0.072661	0.589926	0.093099	0.802072
63085	5.838328	-0.794881	8.255640	-0.037444	-0.257212	-0.030621	-0.765955	-0.243716	0.594908	0.250650	-0.965340	-0.072755	0.592020	0.093386	0.800494
63086	5.779396	-0.779779	8.303499	-0.057656	-0.310854	-0.033311	-0.764189	-0.243066	0.597440	0.250010	-0.965486	-0.073015	0.594567	0.093569	0.798583
63087	5.736597	-0.778953	8.455865	-0.076278	-0.386875	-0.033991	-0.761950	-0.242348	0.600583	0.249283	-0.965645	-0.073396	0.597738	0.093791	0.796186
63088	5.588003	-1.289024	8.510797	-0.079591	-0.482314	-0.048279	-0.759172	-0.241390	0.604473	0.248396	-0.965848	-0.073734	0.601628	0.094172	0.793206
63089	5.693094	-1.061087	8.655377	-0.029503	-0.606264	-0.056968	-0.755636	-0.240236	0.609345	0.247770	-0.966019	-0.073601	0.606321	0.095362	0.789482
63090	5.476359	-1.112323	8.741132	-0.028393	-0.737506	-0.081346	-0.751339	-0.238703	0.615232	0.246942	-0.966252	-0.073323	0.611972	0.096837	0.784929
63091	5.498563	-1.057074	8.851740	-0.018988	-0.915175	-0.094308	-0.745924	-0.236865	0.622489	0.246098	-0.966502	-0.072868	0.618897	0.098839	0.779229
63092	5.450167	-0.633296	9.096314	-0.044742	-1.133889	-0.104346	-0.739108	-0.234685	0.631381	0.245002	-0.966804	-0.072557	0.627450	0.101062	0.772071
63093	5.337765	-0.461365	9.146700	-0.086060	-1.395131	-0.103019	-0.730520	-0.232228	0.642192	0.243676	-0.967140	-0.072544	0.637937	0.103492	0.763103
63094	5.130281	-0.569857	9.284359	-0.117238	-1.694895	-0.119934	-0.719885	-0.229252	0.655141	0.242009	-0.967551	-0.072648	0.650536	0.106251	0.752006
63095	4.930306	-0.486641	9.420809	-0.175376	-2.057344	-0.140561	-0.706672	-0.225640	0.670597	0.239826	-0.968067	-0.073005	0.665656	0.109236	0.738220
63096	4.670820	-0.747860	9.684812	-0.190751	-2.509766	-0.184968	-0.690173	-0.221022	0.689065	0.237204	-0.968703	-0.073132	0.683663	0.112976	0.721000
63097	3.574483	-0.925927	10.412420	-0.105316	-3.102234	-0.258100	-0.669231	-0.214890	0.711303	0.234688	-0.969397	-0.072055	0.705019	0.118712	0.699182
63098	2.673444	-1.435846	10.570500	0.042491	-3.837410	-0.355062	-0.642513	-0.206688	0.737873	0.232622	-0.970104	-0.069181	0.730112	0.127196	0.671384
63099	3.062761	-2.359005	10.049278	0.205547	-4.583177	-0.508158	-0.609574	-0.195629	0.768211	0.230925	-0.970864	-0.063997	0.758349	0.138388	0.636990
63100	3.359192	-2.936019	10.200214	0.496563	-5.341121	-0.741895	-0.569950	-0.180592	0.801588	0.230350	-0.971547	-0.055098	0.788731	0.153243	0.595332
63101	3.287678	-3.429400	10.588280	0.781187	-6.185542	-1.010159	-0.522496	-0.160692	0.837362	0.231049	-0.972019	-0.042364	0.820740	0.171336	0.545004
63102	5.071049	-3.233706	10.354408	1.159161	-7.097131	-1.333673	-0.466162	-0.134746	0.874378	0.234120	-0.971887	-0.024955	0.853159	0.193076	0.484604
63103	6.664763	-3.030151	10.242517	1.335393	-7.830679	-1.761131	-0.402285	-0.101605	0.909859	0.237970	-0.971267	-0.003246	0.884046	0.215213	0.414905
63104	12.594589	-3.205035	11.391147	1.514034	-8.343369	-2.207375	-0.332653	-0.061264	0.941057	0.243416	-0.969651	0.022920	0.911093	0.236693	0.337470
63105	22.455081	-0.405418	12.839434	1.436381	-8.186425	-2.397297	-0.263099	-0.017948	0.964602	0.249379	-0.967113	0.050024	0.931981	0.253712	0.258922
63106	19.831637	2.030891	11.275661	0.826154	-8.001808	-2.252325	-0.193467	0.024486	0.980801	0.251974	-0.964917	0.073792	0.948198	0.261412	0.180510
63107	20.575958	1.587137	13.693202	-0.124389	-7.874561	-1.973634	-0.123208	0.063917	0.990320	0.247509	-0.964408	0.093038	0.961020	0.256576	0.103003
63108	18.902397	-2.659364	14.142485	-0.736289	-7.555061	-1.854568	-0.054740	0.100746	0.993405	0.238720	-0.964725	0.110992	0.969544	0.243222	0.028759
