// General information: 
//  MT Manager version: 2022.2.0 
//  XDA version: 2022.2.0 build 7381 rev 124627 built on 2023-07-19
// Device information: 
//  DeviceId: 00B4CBA7
//  ProductCode: MTW2-3A7G6
//  Firmware Version: 4.6.0
//  Hardware Version: 2.0.0
// Device settings: 
//  Filter Profile: human(46.1)
//  Option Flags: Orientation Smoother Disabled, Position/Velocity Smoother Disabled, Continuous Zero Rotation Update Disabled, AHS Disabled, ICC Disabled
// Coordinate system: ENU
PacketCounter	Acc_X	Acc_Y	Acc_Z	Gyr_X	Gyr_Y	Gyr_Z	Mat[1][1]	Mat[2][1]	Mat[3][1]	Mat[1][2]	Mat[2][2]	Mat[3][2]	Mat[1][3]	Mat[2][3]	Mat[3][3]
58900	9.547184	0.122702	-1.433078	-0.031453	-0.016202	-0.004183	0.129645	0.081406	0.988213	0.446764	-0.894525	0.015076	0.885209	0.439543	-0.152340
58901	9.507336	0.180588	-1.458109	-0.014702	-0.020182	-0.006549	0.129788	0.081560	0.988182	0.446632	-0.894589	0.015175	0.885254	0.439384	-0.152534
58902	9.528189	0.132577	-1.487500	-0.011835	-0.021985	-0.004959	0.129726	0.082086	0.988146	0.449514	-0.893144	0.015181	0.883803	0.442216	-0.152763
58903	9.608552	0.131439	-1.554580	0.000437	-0.024142	-0.007473	0.129900	0.082266	0.988108	0.449518	-0.893141	0.015265	0.883776	0.442189	-0.152999
58904	9.643687	0.182355	-1.596448	-0.011298	-0.015733	-0.007642	0.130144	0.082121	0.988088	0.446692	-0.894553	0.015512	0.885172	0.439352	-0.153104
58905	9.700115	0.206125	-1.638134	-0.003324	-0.011581	-0.008504	0.130202	0.082255	0.988070	0.446663	-0.894566	0.015613	0.885178	0.439301	-0.153215
58906	9.681547	0.258324	-1.635973	-0.011118	-0.012687	-0.007459	0.130324	0.082069	0.988069	0.444760	-0.895512	0.015719	0.886118	0.437405	-0.153208
58907	9.552606	0.310312	-1.522997	-0.010938	-0.009641	-0.007277	0.130370	0.082184	0.988053	0.444662	-0.895559	0.015819	0.886160	0.437288	-0.153298
58908	9.490189	0.304543	-1.408549	-0.008340	-0.016012	-0.005962	0.130450	0.082278	0.988035	0.443863	-0.895952	0.016007	0.886549	0.436464	-0.153397
58909	9.494106	0.176679	-1.373946	-0.005207	-0.017571	-0.008947	0.130558	0.082443	0.988007	0.443817	-0.895972	0.016116	0.886556	0.436391	-0.153566
58910	9.561753	-0.011634	-1.313949	0.004923	-0.021634	-0.002492	0.130461	0.082641	0.988003	0.444761	-0.895503	0.016176	0.886097	0.437315	-0.153584
58911	9.534463	-0.032248	-1.321818	0.041556	-0.031142	-0.010242	0.130682	0.082876	0.987954	0.445131	-0.895318	0.016225	0.885878	0.437649	-0.153893
58912	9.728172	0.119635	-1.336073	0.040932	-0.038916	-0.007646	0.130750	0.083498	0.987893	0.447305	-0.894232	0.016380	0.884773	0.439747	-0.154270
58913	9.886277	0.178473	-1.364924	0.027220	-0.039467	-0.009950	0.131046	0.083768	0.987831	0.447547	-0.894109	0.016449	0.884607	0.439945	-0.154659
58914	9.956238	0.236596	-1.502632	0.011084	-0.032048	-0.015001	0.131052	0.084195	0.987794	0.448191	-0.893781	0.016720	0.884279	0.440529	-0.154867
58915	9.873438	0.306141	-1.581542	-0.014616	-0.020110	-0.008043	0.131184	0.084364	0.987762	0.448061	-0.893845	0.016836	0.884326	0.440369	-0.155058
58916	9.653534	0.333521	-1.580947	-0.061753	-0.018414	-0.013536	0.131219	0.084434	0.987751	0.445703	-0.895014	0.017297	0.885511	0.437974	-0.155075
58917	9.617964	0.307458	-1.515717	-0.083441	-0.024565	-0.016573	0.131352	0.084699	0.987711	0.444973	-0.895371	0.017605	0.885859	0.437192	-0.155297
58918	9.619306	0.200571	-1.430497	-0.090970	-0.022547	-0.016856	0.131426	0.084719	0.987699	0.442147	-0.896760	0.018085	0.887262	0.434331	-0.155316
58919	9.607942	0.192746	-1.336522	-0.074923	-0.032928	-0.013529	0.131647	0.084992	0.987646	0.441487	-0.897080	0.018351	0.887557	0.433617	-0.155621
58920	9.575198	0.190225	-1.269619	-0.061128	-0.033730	-0.014377	0.131867	0.084964	0.987620	0.439259	-0.898167	0.018619	0.888630	0.431366	-0.155759
58921	9.646852	0.161663	-1.293123	-0.044561	-0.042175	-0.018592	0.132147	0.085322	0.987551	0.438875	-0.898350	0.018888	0.888778	0.430916	-0.156160
58922	9.755546	0.073274	-1.270256	-0.031110	-0.044747	-0.014968	0.132605	0.085291	0.987492	0.435833	-0.899823	0.019193	0.890205	0.427837	-0.156494
58923	9.714565	0.046570	-1.405904	-0.006480	-0.046067	-0.018357	0.132923	0.085663	0.987418	0.435787	-0.899841	0.019401	0.890181	0.427724	-0.156940
58924	9.658099	0.137919	-1.481050	0.017887	-0.050513	-0.020415	0.133183	0.085811	0.987370	0.434190	-0.900606	0.019704	0.890922	0.426082	-0.157204
58925	9.532285	0.305484	-1.506402	0.008478	-0.054492	-0.021133	0.133563	0.086242	0.987281	0.434281	-0.900557	0.019916	0.890821	0.426097	-0.157734
58926	9.528709	0.305013	-1.487656	-0.020826	-0.058724	-0.022886	0.133690	0.086830	0.987212	0.434977	-0.900214	0.020273	0.890462	0.426704	-0.158118
58927	9.752487	0.266632	-1.571810	-0.044868	-0.055389	-0.028520	0.134044	0.087332	0.987120	0.434602	-0.900386	0.020643	0.890592	0.426237	-0.158646
58928	9.863278	0.139469	-1.628893	-0.034286	-0.056153	-0.026491	0.134300	0.087683	0.987054	0.433132	-0.901083	0.021113	0.891269	0.424690	-0.158993
58929	9.811415	0.124577	-1.641199	-0.021215	-0.041705	-0.024983	0.134547	0.088094	0.986983	0.432963	-0.901157	0.021412	0.891314	0.424447	-0.159390
58930	9.746805	0.208718	-1.642834	-0.004021	-0.036598	-0.025350	0.134770	0.088429	0.986923	0.432376	-0.901431	0.021725	0.891565	0.423794	-0.159720
58931	9.615716	0.258448	-1.506260	0.018272	-0.022645	-0.024945	0.134848	0.088759	0.986883	0.432559	-0.901338	0.021960	0.891464	0.423924	-0.159937
58932	9.524411	0.207816	-1.400787	0.039186	-0.027295	-0.019571	0.134871	0.089112	0.986848	0.433096	-0.901075	0.022176	0.891200	0.424409	-0.160123
58933	9.449021	0.215636	-1.386302	0.066681	-0.031822	-0.023061	0.135038	0.089465	0.986793	0.433708	-0.900777	0.022316	0.890877	0.424966	-0.160441
58934	9.424328	0.220173	-1.392216	0.077057	-0.042816	-0.029314	0.135251	0.089664	0.986746	0.432845	-0.901186	0.022560	0.891264	0.424057	-0.160697
58935	9.581727	0.281143	-1.423282	0.073134	-0.057847	-0.030373	0.135618	0.090193	0.986647	0.433524	-0.900854	0.022761	0.890879	0.424649	-0.161273
58936	9.749300	0.374237	-1.525148	0.077435	-0.064139	-0.032051	0.136080	0.090637	0.986543	0.433431	-0.900894	0.022982	0.890853	0.424471	-0.161878
58937	9.650281	0.626945	-1.464808	0.039548	-0.051505	-0.025521	0.136411	0.091095	0.986455	0.433804	-0.900709	0.023189	0.890621	0.424765	-0.162384
58938	9.307525	0.597149	-1.286947	-0.028101	-0.056535	-0.027567	0.136781	0.091384	0.986377	0.431906	-0.901609	0.023639	0.891487	0.422789	-0.162792
58939	9.196274	0.337059	-1.258933	-0.085887	-0.080262	-0.034776	0.137328	0.092047	0.986239	0.431173	-0.901946	0.024141	0.891757	0.421925	-0.163551
58940	9.370916	-0.046351	-1.291837	-0.105440	-0.109073	-0.046555	0.138022	0.092899	0.986063	0.429783	-0.902589	0.024877	0.892321	0.420360	-0.164503
58941	9.906250	-0.403897	-1.460185	-0.062990	-0.098772	-0.056204	0.138643	0.093832	0.985887	0.429284	-0.902808	0.025555	0.892465	0.419683	-0.165449
58942	10.202744	-0.353619	-1.706217	0.032522	-0.087771	-0.052619	0.139039	0.094757	0.985743	0.430001	-0.902451	0.026099	0.892058	0.420242	-0.166221
58943	10.114622	0.040237	-1.581842	0.061506	-0.085231	-0.046525	0.139580	0.095545	0.985590	0.430599	-0.902155	0.026475	0.891685	0.420699	-0.167065
58944	9.884788	0.518615	-1.413325	-0.002216	-0.097046	-0.042469	0.140366	0.096043	0.985430	0.428480	-0.903148	0.026990	0.892582	0.418449	-0.167924
58945	9.749946	0.409574	-1.176429	-0.047458	-0.088000	-0.047068	0.140931	0.096846	0.985271	0.428108	-0.903307	0.027554	0.892671	0.417919	-0.168765
58946	9.600573	0.167382	-1.251734	-0.035566	-0.099058	-0.053297	0.141488	0.097929	0.985084	0.428544	-0.903080	0.028224	0.892374	0.418159	-0.169742
58947	9.420087	0.139876	-1.233203	0.000642	-0.111672	-0.057010	0.142222	0.098921	0.984879	0.428615	-0.903028	0.028806	0.892223	0.418038	-0.170829
58948	9.623077	0.135708	-1.350309	0.005497	-0.140537	-0.066125	0.143190	0.100139	0.984616	0.428460	-0.903078	0.029537	0.892143	0.417640	-0.172217
58949	9.748564	0.135737	-1.427063	0.009940	-0.146642	-0.070876	0.144175	0.101403	0.984343	0.428635	-0.902972	0.030239	0.891900	0.417564	-0.173651
58950	9.721248	0.102321	-1.497701	0.004748	-0.152789	-0.065314	0.145135	0.102539	0.984084	0.428328	-0.903094	0.030930	0.891892	0.417021	-0.174991
58951	9.608762	0.136159	-1.642787	0.036810	-0.156032	-0.067222	0.146219	0.103809	0.983790	0.428738	-0.902878	0.031548	0.891518	0.417175	-0.176525
58952	9.485767	0.335605	-1.720811	0.055346	-0.152535	-0.066255	0.147320	0.104955	0.983505	0.428632	-0.902907	0.032149	0.891387	0.416825	-0.178003
58953	9.351824	0.521911	-1.678047	0.030547	-0.162946	-0.073963	0.148435	0.106313	0.983191	0.428997	-0.902708	0.032844	0.891027	0.416911	-0.179602
58954	9.525808	0.580810	-1.672837	-0.013000	-0.167216	-0.063652	0.149553	0.107572	0.982885	0.429013	-0.902676	0.033516	0.890832	0.416658	-0.181148
58955	9.718508	0.326384	-1.750257	-0.043408	-0.162487	-0.063010	0.150711	0.108829	0.982569	0.428705	-0.902796	0.034236	0.890785	0.416072	-0.182717
58956	9.797809	-0.042585	-1.800470	0.006055	-0.155901	-0.065362	0.151434	0.110296	0.982295	0.430450	-0.901939	0.034913	0.889820	0.417542	-0.184061
58957	9.973962	-0.042964	-1.925669	0.070077	-0.160992	-0.064822	0.152566	0.111564	0.981976	0.431156	-0.901581	0.035443	0.889285	0.417978	-0.185652
58958	9.812706	0.222903	-1.703606	0.121189	-0.157087	-0.075004	0.153606	0.112873	0.981664	0.431938	-0.901183	0.036031	0.888726	0.418484	-0.187181
58959	9.586790	0.569521	-1.477862	0.136347	-0.159460	-0.074591	0.154679	0.114224	0.981340	0.433248	-0.900534	0.036530	0.887902	0.419513	-0.188781
58960	9.269746	0.774915	-1.224354	0.097353	-0.146417	-0.078261	0.155735	0.115354	0.981040	0.432667	-0.900785	0.037233	0.888001	0.418665	-0.190193
58961	8.921916	0.830431	-1.135567	0.058987	-0.151664	-0.084425	0.156695	0.116761	0.980721	0.433306	-0.900447	0.037972	0.887521	0.419002	-0.191689
58962	8.755378	0.704102	-1.128287	0.013584	-0.205309	-0.094958	0.158237	0.118302	0.980289	0.432227	-0.900923	0.038955	0.887773	0.417543	-0.193693
58963	8.838201	0.544137	-1.258953	-0.051509	-0.259090	-0.112190	0.160031	0.120406	0.979741	0.431931	-0.901011	0.040179	0.887596	0.416750	-0.196197
58964	9.089686	0.205535	-1.255341	-0.101305	-0.313638	-0.130441	0.162221	0.122920	0.979068	0.431586	-0.901111	0.041623	0.887366	0.415800	-0.199230
58965	9.315700	0.257551	-1.390191	-0.106106	-0.355342	-0.146618	0.164721	0.125728	0.978294	0.430867	-0.901376	0.043295	0.887254	0.414383	-0.202648
58966	9.421828	0.693359	-1.298520	-0.163806	-0.390517	-0.176107	0.167468	0.128682	0.977443	0.428077	-0.902597	0.045484	0.888090	0.410804	-0.206242
58967	9.474416	1.020222	-0.831542	-0.331369	-0.449092	-0.208011	0.170549	0.132409	0.976412	0.425467	-0.903688	0.048231	0.888758	0.407206	-0.210459
58968	9.474370	0.562692	-0.361858	-0.449362	-0.494857	-0.240771	0.174063	0.136328	0.975252	0.420107	-0.906003	0.051667	0.890625	0.400717	-0.214974
58969	9.235799	0.173035	0.317012	-0.480072	-0.589464	-0.245390	0.178269	0.140913	0.973840	0.416243	-0.907580	0.055129	0.891606	0.395527	-0.220447
58970	9.005479	0.131723	1.495573	-0.421508	-0.745321	-0.269248	0.184142	0.145486	0.972073	0.408854	-0.910700	0.058851	0.893829	0.386598	-0.227181
58971	8.826967	0.216720	3.121098	-0.392228	-0.976425	-0.314097	0.191568	0.152112	0.969620	0.405920	-0.911746	0.062835	0.893605	0.381551	-0.236406
58972	8.679193	-0.345171	5.233695	-0.439048	-1.264380	-0.371380	0.201526	0.159705	0.966376	0.400032	-0.914003	0.067628	0.894070	0.372952	-0.248082
58973	8.710112	-1.151929	7.285939	-0.509830	-1.603700	-0.446019	0.214056	0.169720	0.961964	0.396386	-0.915157	0.073259	0.892781	0.365627	-0.263169
58974	9.097908	-2.192566	8.571147	-0.545849	-1.978987	-0.511095	0.230098	0.180493	0.956283	0.388830	-0.917857	0.079681	0.892113	0.353497	-0.281378
58975	10.355530	-2.561603	8.608227	-0.536490	-2.329497	-0.546301	0.248703	0.193650	0.949024	0.385344	-0.918712	0.086481	0.888626	0.344193	-0.303108
58976	12.060122	-2.427361	7.040955	-0.528378	-2.656253	-0.537434	0.270527	0.206543	0.940295	0.378607	-0.920839	0.093342	0.885139	0.330751	-0.327311
58977	14.627250	-1.714594	4.220318	-0.486522	-2.827804	-0.521777	0.293481	0.220568	0.930171	0.375770	-0.921312	0.099907	0.879014	0.320210	-0.353270
58978	16.676763	-0.702917	1.741799	-0.505482	-2.865403	-0.476113	0.317388	0.231969	0.919486	0.367425	-0.923962	0.106270	0.874222	0.304113	-0.378486
58979	17.399083	0.206795	-0.630659	-0.497670	-2.861766	-0.448812	0.340632	0.244672	0.907803	0.364554	-0.924380	0.112350	0.866643	0.292673	-0.404069
58980	17.031765	0.177441	-2.084484	-0.637619	-2.777151	-0.476003	0.364143	0.253731	0.896114	0.352631	-0.928101	0.119494	0.862004	0.272485	-0.427436
58981	16.012472	-1.576169	-2.892184	-0.701908	-2.773305	-0.529479	0.386057	0.266030	0.883282	0.348579	-0.928591	0.127322	0.854080	0.258740	-0.451222
58982	14.935919	-2.984061	-4.091654	-0.364684	-2.689089	-0.511945	0.409035	0.273352	0.870614	0.338158	-0.931556	0.133611	0.847549	0.239753	-0.473475
58983	13.130674	-1.076370	-6.525687	0.388353	-2.581635	-0.410130	0.429335	0.283328	0.857553	0.343131	-0.929491	0.135307	0.835424	0.236160	-0.496281
58984	12.036229	1.377824	-8.544401	0.833780	-2.333368	-0.254581	0.449210	0.287422	0.845931	0.343686	-0.929571	0.133335	0.824676	0.230839	-0.516356
58985	11.430379	3.426712	-8.254268	0.929341	-1.895718	-0.080698	0.464420	0.292594	0.835884	0.351650	-0.927177	0.129172	0.812807	0.233949	-0.533490
58986	10.425558	4.938122	-5.240116	0.607221	-1.348549	0.109579	0.476924	0.291194	0.829307	0.349358	-0.928594	0.125145	0.806531	0.230041	-0.544600
58987	9.547807	5.180295	-4.166844	0.220524	-0.755294	0.207484	0.483692	0.291021	0.825439	0.350122	-0.928691	0.122259	0.802158	0.229868	-0.551093
58988	9.203590	4.179101	-3.179338	0.023579	-0.146120	0.286595	0.486620	0.286294	0.825370	0.344718	-0.931042	0.119710	0.802727	0.226267	-0.551755
58989	8.921698	2.715792	-2.246931	0.091518	0.457079	0.418528	0.484353	0.281373	0.828391	0.343408	-0.932022	0.115785	0.804657	0.228395	-0.548053
58990	8.311600	2.140410	-2.601176	0.383143	1.026791	0.526726	0.477326	0.274169	0.834860	0.344481	-0.932415	0.109251	0.808389	0.235445	-0.539512
58991	7.583721	2.460388	-2.943279	0.642542	1.548942	0.591337	0.466774	0.264945	0.843757	0.346885	-0.932465	0.100900	0.813506	0.245589	-0.527156
58992	7.305097	3.059015	-2.511852	0.769270	2.041661	0.628057	0.451822	0.253895	0.855216	0.350633	-0.932036	0.091457	0.820313	0.258545	-0.510138
58993	7.753351	3.517647	-2.089658	0.707234	2.502734	0.577958	0.433183	0.241893	0.868240	0.353891	-0.931598	0.082981	0.828923	0.271316	-0.489156
58994	8.257475	3.525112	-2.203263	0.519633	2.928455	0.491745	0.410068	0.229075	0.882819	0.356370	-0.931240	0.076107	0.839550	0.283401	-0.463507
58995	8.297562	2.846643	-2.666830	0.310651	3.306686	0.397766	0.383489	0.215843	0.897969	0.357399	-0.931233	0.071207	0.851588	0.293626	-0.434259
58996	8.281135	2.012541	-2.870538	0.242087	3.641419	0.311459	0.352821	0.202088	0.913607	0.358949	-0.930928	0.067299	0.864102	0.304194	-0.400990
58997	8.184368	1.393735	-3.701616	0.331162	3.938773	0.225919	0.319320	0.187802	0.928851	0.361049	-0.930349	0.063984	0.876172	0.314930	-0.364885
58998	8.079112	1.125992	-3.871742	0.500864	4.161381	0.148256	0.282729	0.173003	0.943469	0.365510	-0.928821	0.060785	0.886830	0.327662	-0.325838
58999	8.169428	1.165649	-3.890694	0.721226	4.289720	0.086460	0.244775	0.157858	0.956643	0.371685	-0.926558	0.057791	0.895509	0.341424	-0.285472
59000	8.773903	1.533773	-4.020959	0.939126	4.376734	0.030174	0.205079	0.142163	0.968366	0.380373	-0.923198	0.054977	0.901809	0.357066	-0.243403
59001	9.174752	1.803500	-3.975949	1.042468	4.443159	-0.014970	0.164812	0.126097	0.978231	0.389798	-0.919383	0.052838	0.906032	0.372604	-0.200678
59002	9.361463	1.592407	-4.111717	1.135094	4.495926	-0.035996	0.123472	0.109131	0.986329	0.400327	-0.914945	0.051118	0.908016	0.388543	-0.156658
59003	9.043819	1.212757	-4.430135	1.225939	4.523853	-0.057898	0.082120	0.091731	0.992392	0.411489	-0.910038	0.050068	0.907708	0.404247	-0.112478
59004	8.663154	0.703126	-3.836759	1.296026	4.449146	-0.071217	0.041115	0.073849	0.996422	0.423146	-0.904703	0.049591	0.905128	0.419593	-0.068446
59005	8.545894	0.124204	-3.199720	1.333102	4.306921	-0.075914	0.001862	0.056146	0.998421	0.435167	-0.898975	0.049742	0.900348	0.434387	-0.026107
59006	8.670972	-0.276959	-3.256118	1.408928	4.142222	-0.107918	-0.036107	0.038665	0.998600	0.447380	-0.892903	0.050748	0.893615	0.448586	0.014942
59007	9.008218	-0.386836	-3.115853	1.520648	3.993428	-0.181914	-0.072484	0.022077	0.997125	0.460770	-0.885929	0.053109	0.884555	0.463295	0.054043
59008	9.126458	0.365450	-2.668031	1.721467	3.823481	-0.248948	-0.107573	0.006148	0.994178	0.475250	-0.878012	0.056853	0.873250	0.478599	0.091529
59009	9.097180	1.972431	-2.623359	1.790243	3.622394	-0.275838	-0.140344	-0.009061	0.990061	0.490392	-0.869325	0.061559	0.860128	0.494157	0.126448
59010	8.674312	3.304730	-2.338323	1.434956	3.372278	-0.230398	-0.170590	-0.023995	0.985050	0.501904	-0.862408	0.065912	0.847934	0.505644	0.159161
59011	8.205714	3.643241	-1.948903	0.785903	3.063206	-0.114415	-0.197037	-0.038588	0.979636	0.508286	-0.858466	0.068418	0.838345	0.511416	0.188763
59012	7.643702	2.603260	-0.983400	0.009602	2.738189	0.034102	-0.220028	-0.052881	0.974059	0.508103	-0.858595	0.068162	0.832718	0.509919	0.215784
59013	7.017256	1.144236	-0.275530	-0.389101	2.376761	0.182413	-0.238895	-0.066512	0.968765	0.505253	-0.860481	0.065517	0.829246	0.505123	0.239170
59014	6.734269	-0.076839	0.122726	-0.425321	1.965829	0.273496	-0.254069	-0.078733	0.963976	0.502100	-0.862592	0.061883	0.826646	0.499735	0.258689
59015	6.779113	-0.764073	0.906921	-0.386794	1.452670	0.308103	-0.264560	-0.088619	0.960289	0.499670	-0.864279	0.057901	0.824826	0.495146	0.272934
59016	6.422535	-1.111069	1.184547	-0.394038	0.849018	0.309286	-0.270285	-0.095464	0.958036	0.496955	-0.866101	0.053900	0.824610	0.490669	0.281535
59017	5.878568	-1.220910	1.092724	-0.614010	0.211103	0.291478	-0.270626	-0.099021	0.957578	0.492636	-0.868833	0.049382	0.827086	0.485102	0.283910
59018	5.962668	-1.212908	0.417427	-0.834713	-0.401088	0.296888	-0.266099	-0.099668	0.958779	0.486218	-0.872718	0.044224	0.832336	0.477944	0.280690
59019	6.310736	-1.085609	-0.535184	-0.959191	-0.937682	0.314854	-0.256782	-0.097974	0.961491	0.478987	-0.876974	0.038559	0.839425	0.470443	0.272119
59020	7.562919	-1.098400	-0.058900	-1.075902	-1.325228	0.345705	-0.244196	-0.094840	0.965077	0.470501	-0.881805	0.032396	0.847937	0.461981	0.259955
59021	9.681782	-1.107869	0.947588	-0.890149	-1.602949	0.365305	-0.228874	-0.090712	0.969220	0.463745	-0.885568	0.026627	0.855896	0.455566	0.244750
59022	13.481190	0.687386	4.239939	-0.802280	-1.693398	0.317819	-0.213070	-0.085884	0.973255	0.457290	-0.889054	0.021659	0.863416	0.449675	0.228704
59023	17.548978	2.795956	9.376970	-0.478600	-1.394241	0.119049	-0.200495	-0.080693	0.976366	0.453356	-0.891117	0.019448	0.868487	0.446540	0.215247
59024	18.964298	0.592069	4.088350	0.250718	-1.435780	0.173508	-0.187461	-0.075826	0.979341	0.455589	-0.890002	0.018298	0.870228	0.449607	0.201387
59025	14.709059	-2.611310	-0.857455	0.821170	-1.759052	0.425686	-0.170243	-0.071620	0.982796	0.463458	-0.885979	0.015717	0.869611	0.458161	0.184025
59026	10.047696	-3.420948	-1.148674	1.210527	-1.994538	0.460241	-0.150981	-0.066465	0.986300	0.474446	-0.880184	0.013314	0.867240	0.469956	0.164425
59027	7.090811	-3.262610	-1.742538	1.736394	-2.144560	0.452446	-0.130298	-0.060171	0.989647	0.490060	-0.871612	0.011528	0.861895	0.486489	0.143057
59028	6.942454	-2.772981	-4.423760	2.265717	-2.225636	0.480864	-0.108994	-0.053342	0.992610	0.509827	-0.860222	0.009754	0.853345	0.507122	0.120954
59029	8.154050	-1.251155	-6.445360	2.713018	-2.192488	0.515899	-0.087764	-0.046360	0.995062	0.533292	-0.845897	0.007626	0.841366	0.531328	0.098963
59030	8.856820	0.344908	-5.176306	2.909585	-1.962723	0.549383	-0.068530	-0.040354	0.996833	0.557819	-0.829949	0.004750	0.827128	0.556378	0.079387
59031	9.074297	2.221409	-3.813512	2.479915	-1.688712	0.523891	-0.051736	-0.035096	0.998044	0.578454	-0.815714	0.001301	0.814073	0.577390	0.062503
59032	9.779607	3.597498	-3.126679	1.455507	-1.485243	0.629286	-0.036131	-0.031572	0.998848	0.590407	-0.807095	-0.004155	0.806297	0.589576	0.047802
59033	9.919890	3.589137	-3.209106	0.199275	-1.373869	0.791732	-0.020419	-0.029848	0.999346	0.592206	-0.805698	-0.011965	0.805528	0.591574	0.034128
59034	9.955918	2.309536	-2.999869	-0.829481	-1.338679	0.824989	-0.004836	-0.028630	0.999578	0.585536	-0.810390	-0.020378	0.810632	0.585191	0.020683
59035	10.110873	0.241013	-3.223804	-1.413453	-1.369426	0.758312	0.010676	-0.026873	0.999582	0.573967	-0.818395	-0.028132	0.818809	0.574028	0.006687
59036	10.838139	-0.863575	-2.763405	-1.479318	-1.347081	0.670898	0.025494	-0.024699	0.999370	0.561637	-0.826653	-0.034757	0.826991	0.562169	-0.007203
59037	10.358003	-1.045292	-1.689048	-1.218044	-1.273282	0.596238	0.039341	-0.022555	0.998971	0.551301	-0.833321	-0.040526	0.833378	0.552329	-0.020349
59038	9.457437	-2.117030	-1.256537	-0.783549	-1.230761	0.555820	0.052603	-0.020391	0.998407	0.544485	-0.837519	-0.045793	0.837119	0.546027	-0.032954
59039	8.915357	-2.990360	-1.677889	-0.137987	-1.219808	0.529747	0.065654	-0.018178	0.997677	0.542987	-0.838191	-0.051004	0.837171	0.545074	-0.045160
59040	9.079143	-2.360412	-1.866919	0.444118	-1.223272	0.519709	0.078655	-0.015798	0.996777	0.546312	-0.835684	-0.056354	0.833881	0.548983	-0.057100
59041	9.676482	-1.620093	-2.089579	0.685042	-1.219801	0.505875	0.091533	-0.013286	0.995713	0.551548	-0.831850	-0.061802	0.829106	0.554841	-0.068814
59042	10.191635	-0.878518	-2.398636	0.588220	-1.169899	0.488947	0.103876	-0.010789	0.994532	0.555933	-0.828518	-0.067054	0.824711	0.559859	-0.080065
59043	9.987488	-0.645956	-2.400225	0.272156	-1.085391	0.477255	0.115429	-0.008654	0.993278	0.557622	-0.826966	-0.072006	0.822030	0.562186	-0.090630
59044	9.740915	-0.721983	-2.433693	-0.040042	-1.014992	0.460406	0.126303	-0.006711	0.991969	0.556751	-0.827151	-0.076484	0.821022	0.561939	-0.100736
59045	9.552846	-0.748621	-2.454750	-0.253826	-0.945230	0.445031	0.136495	-0.005096	0.990628	0.554054	-0.828570	-0.080604	0.821215	0.559863	-0.110272
59046	9.614595	-0.897853	-2.270978	-0.311323	-0.900366	0.429597	0.146242	-0.003573	0.989242	0.550916	-0.830278	-0.084442	0.821648	0.557339	-0.119453
59047	9.681769	-0.632253	-2.434512	-0.304387	-0.868836	0.421094	0.155655	-0.002244	0.987809	0.547752	-0.831979	-0.088202	0.822034	0.554803	-0.128272
59048	9.823423	-0.330204	-2.344098	-0.319617	-0.851230	0.401189	0.164828	-0.000807	0.986322	0.544519	-0.833723	-0.091679	0.822393	0.552182	-0.136982
59049	9.802534	0.249476	-2.079632	-0.393082	-0.829262	0.383903	0.173693	0.000551	0.984800	0.540608	-0.835907	-0.094881	0.823149	0.548871	-0.145489
59050	9.834723	-0.569131	-2.213415	-0.516082	-0.830322	0.357878	0.182445	0.002176	0.983214	0.535768	-0.838710	-0.097561	0.824419	0.544574	-0.154184
59051	9.875943	-1.345325	-2.431544	-0.531912	-0.799996	0.373018	0.190994	0.003379	0.981585	0.530656	-0.841625	-0.100356	0.825788	0.540052	-0.162538
59052	9.567642	-1.537793	-2.274098	-0.500371	-0.778248	0.376984	0.199405	0.004476	0.979907	0.525842	-0.844305	-0.103149	0.826879	0.535844	-0.170712
59053	9.221130	-2.334410	-2.251396	-0.498842	-0.759173	0.356687	0.207512	0.005510	0.978217	0.520962	-0.847005	-0.105743	0.827972	0.531557	-0.178634
59054	9.167026	-1.957773	-2.149154	-0.410719	-0.739245	0.322593	0.215303	0.006777	0.976524	0.516936	-0.849174	-0.108080	0.828506	0.528070	-0.186332
59055	9.175461	-3.022733	-2.349207	-0.343865	-0.746714	0.279400	0.222888	0.008333	0.974808	0.513449	-0.851025	-0.110125	0.828668	0.525060	-0.193962
59056	9.370315	-2.296328	-2.504000	-0.096344	-0.718340	0.284102	0.230292	0.009761	0.973073	0.512065	-0.851528	-0.112646	0.827499	0.524218	-0.201098
59057	9.341203	-1.721810	-2.331797	-0.017263	-0.734637	0.250187	0.237605	0.011480	0.971294	0.511312	-0.851664	-0.115015	0.825896	0.523962	-0.208229
59058	9.529599	-1.229031	-2.243068	0.068058	-0.726799	0.261215	0.244937	0.013141	0.969450	0.511302	-0.851311	-0.117644	0.823758	0.524497	-0.215236
59059	9.879101	-0.315999	-2.387134	0.020995	-0.723029	0.259036	0.252170	0.014728	0.967571	0.510806	-0.851256	-0.120170	0.821881	0.524544	-0.222184
59060	9.979727	0.206346	-2.209673	-0.136870	-0.692304	0.265091	0.259208	0.016177	0.965686	0.509065	-0.851985	-0.122370	0.820770	0.523316	-0.229077
59061	9.684730	0.196902	-2.036850	-0.326188	-0.709120	0.256569	0.266289	0.017689	0.963731	0.505690	-0.853749	-0.124057	0.820590	0.520384	-0.236289
59062	9.709612	-0.196178	-2.294838	-0.444121	-0.721037	0.229065	0.273356	0.019560	0.961714	0.501490	-0.856066	-0.125131	0.820843	0.516496	-0.243820
59063	9.585868	-0.639388	-2.110647	-0.501445	-0.713272	0.215240	0.280247	0.021383	0.959690	0.496753	-0.858707	-0.125928	0.821400	0.512020	-0.251272
59064	9.438027	-0.668191	-1.861626	-0.526942	-0.734969	0.211986	0.287325	0.023403	0.957547	0.491887	-0.861414	-0.126544	0.821883	0.507364	-0.259018
59065	9.314220	-1.026729	-1.567649	-0.628299	-0.760217	0.198633	0.294508	0.025525	0.955308	0.486119	-0.864650	-0.126761	0.822772	0.501725	-0.267055
59066	9.186145	-1.490411	-1.714083	-0.630611	-0.806156	0.197737	0.302085	0.027928	0.952872	0.480395	-0.867829	-0.126863	0.823387	0.496078	-0.275575
59067	9.148991	-1.602509	-1.549023	-0.665861	-0.857279	0.198958	0.310057	0.030426	0.950231	0.474278	-0.871187	-0.126860	0.823969	0.490008	-0.284548
59068	8.968867	-1.838704	-1.084251	-0.741405	-0.909785	0.194952	0.318456	0.033236	0.947355	0.467605	-0.874840	-0.126495	0.824580	0.483270	-0.294139
59069	8.763597	-1.941026	-0.996017	-0.666144	-0.984201	0.180474	0.327370	0.036382	0.944195	0.461506	-0.878118	-0.126177	0.824525	0.477059	-0.304260
59070	8.714868	-1.910720	-0.998980	-0.638249	-1.055810	0.169836	0.336826	0.039956	0.940719	0.455709	-0.881203	-0.125739	0.823940	0.471046	-0.315021
59071	8.751175	-1.814543	-0.770375	-0.594588	-1.145060	0.147948	0.346885	0.044014	0.936874	0.450285	-0.884065	-0.125188	0.822748	0.465287	-0.326488
59072	8.993812	-1.632594	-0.838535	-0.579478	-1.230642	0.136035	0.357576	0.048543	0.932622	0.445053	-0.886810	-0.124479	0.821016	0.459577	-0.338706
59073	9.479247	-1.441328	-1.042003	-0.537999	-1.324336	0.119739	0.368924	0.053533	0.927917	0.440186	-0.889344	-0.123703	0.818615	0.454093	-0.351665
59074	9.952351	-1.172127	-1.287676	-0.515636	-1.389442	0.113000	0.380732	0.058818	0.922813	0.435537	-0.891748	-0.122855	0.815690	0.448694	-0.365134
59075	10.139031	-0.976327	-1.414203	-0.526803	-1.454996	0.114343	0.393033	0.064288	0.917274	0.430785	-0.894182	-0.121913	0.812372	0.443064	-0.379138
59076	10.044590	-1.174034	-1.879784	-0.524712	-1.504063	0.099271	0.405597	0.070017	0.911367	0.426092	-0.896586	-0.120748	0.808664	0.437301	-0.393486
59077	9.925184	-1.413210	-2.348202	-0.472561	-1.562840	0.071117	0.418464	0.076175	0.905033	0.421968	-0.898705	-0.119465	0.804258	0.431887	-0.408220
59078	9.806379	-1.517994	-2.647872	-0.404748	-1.620779	0.028820	0.431522	0.082856	0.898289	0.418545	-0.900498	-0.118002	0.799130	0.426895	-0.423263
59079	10.147492	-1.330667	-2.789330	-0.328400	-1.690649	0.014575	0.445005	0.089909	0.891003	0.415847	-0.901918	-0.116682	0.793121	0.422445	-0.438747
59080	10.615780	-1.157905	-2.451443	-0.316964	-1.746328	-0.001397	0.458731	0.097220	0.883241	0.413274	-0.903288	-0.115217	0.786620	0.417874	-0.454545
59081	11.094679	-1.130551	-1.988931	-0.353551	-1.820990	-0.022744	0.472862	0.104994	0.874859	0.410593	-0.904746	-0.113345	0.779625	0.412808	-0.470930
59082	11.408524	-1.158790	-0.904394	-0.404301	-1.908179	-0.031005	0.487473	0.113030	0.865791	0.407503	-0.906420	-0.111106	0.772212	0.406974	-0.487915
59083	11.670148	-1.202050	0.004251	-0.442740	-2.012987	-0.033959	0.502762	0.121472	0.855848	0.404254	-0.908180	-0.108577	0.764074	0.400568	-0.505703
59084	11.972236	-1.444742	1.135857	-0.479685	-2.134245	-0.044260	0.518714	0.130217	0.844973	0.400662	-0.910108	-0.105704	0.755252	0.393379	-0.524259
59085	12.555382	-1.179745	2.106289	-0.466219	-2.279873	-0.060072	0.535543	0.139656	0.832881	0.397465	-0.911855	-0.102672	0.745128	0.386027	-0.543846
59086	13.628354	-0.742106	1.442908	-0.456801	-2.408900	-0.112558	0.552816	0.149655	0.819755	0.394418	-0.913561	-0.099202	0.734050	0.378166	-0.564058
59087	15.175261	-0.102450	0.280826	-0.562226	-2.482457	-0.188329	0.570120	0.160660	0.805699	0.391366	-0.915380	-0.094403	0.722354	0.369145	-0.584753
59088	16.688788	1.970644	0.298367	-0.545979	-2.503161	-0.245299	0.586989	0.171757	0.791166	0.388567	-0.917093	-0.089194	0.710253	0.359777	-0.605063
59089	16.918446	3.819529	1.156976	-0.603623	-2.435267	-0.252914	0.603126	0.182727	0.776434	0.385809	-0.918796	-0.083461	0.698134	0.349892	-0.624647
59090	15.764214	4.953410	1.925786	-0.749220	-2.397965	-0.226745	0.618736	0.192676	0.761605	0.381558	-0.921137	-0.076946	0.686717	0.338206	-0.643457
59091	13.847835	4.635835	2.054126	-0.942590	-2.499705	-0.170929	0.635071	0.202544	0.745426	0.376202	-0.923930	-0.069461	0.674653	0.324543	-0.662959
59092	12.598285	3.073460	0.237074	-1.075909	-2.763157	-0.102885	0.653016	0.211756	0.727138	0.369105	-0.927356	-0.061418	0.661310	0.308497	-0.683739
59093	13.180101	0.854844	-1.428916	-1.373859	-3.082295	-0.011124	0.673092	0.221077	0.705742	0.360188	-0.931443	-0.051746	0.645919	0.289030	-0.706577
59094	14.949268	-0.324850	-1.438283	-1.583921	-3.194901	0.023232	0.693449	0.229215	0.683073	0.349322	-0.936127	-0.040497	0.630161	0.266695	-0.729226
59095	14.591316	-1.560109	-2.150429	-1.584396	-3.151722	-0.011650	0.712979	0.237391	0.659778	0.339542	-0.940154	-0.028650	0.613492	0.244450	-0.750914
59096	13.878788	-2.531195	-3.131442	-1.423807	-2.918537	-0.029086	0.730462	0.243893	0.637920	0.330461	-0.943655	-0.017616	0.597680	0.223676	-0.769901
59097	13.095793	-1.929552	-4.345728	-1.116122	-2.551364	-0.008888	0.745461	0.249481	0.618100	0.323933	-0.946039	-0.008835	0.582543	0.206809	-0.786050
59098	12.468049	-0.264543	-5.933509	-0.726850	-2.069514	0.042098	0.757446	0.252518	0.602089	0.318661	-0.947863	-0.003348	0.569852	0.194398	-0.798422
59099	11.560874	1.997564	-6.869616	-0.371788	-1.567402	0.080782	0.766522	0.254752	0.589530	0.315940	-0.948779	-0.000801	0.559129	0.186870	-0.807746
59100	9.132489	2.408633	-11.687690	-0.521564	-1.230740	0.107561	0.773632	0.255225	0.579961	0.311412	-0.950271	0.002784	0.551830	0.178453	-0.814640
59101	5.798437	-1.085200	-11.404472	-1.579728	-0.961040	0.097031	0.779193	0.255945	0.572145	0.301956	-0.953201	0.015180	0.549255	0.160935	-0.820012
59102	4.709687	-2.365555	-8.800513	-1.617875	-0.722279	0.108158	0.783424	0.255267	0.566644	0.291423	-0.956189	0.027841	0.548926	0.143322	-0.823492
59103	7.681762	-2.923690	-7.395384	-1.559899	-0.298415	0.276643	0.785830	0.253036	0.564309	0.280667	-0.959006	0.039174	0.551088	0.127598	-0.824634
59104	9.746779	-3.433809	-6.398388	-0.849905	0.253942	0.430072	0.785561	0.247823	0.566990	0.271752	-0.961375	0.043692	0.555918	0.119758	-0.822565
59105	10.636256	-4.269076	-6.816502	0.199115	0.760082	0.512985	0.782674	0.241978	0.573470	0.268835	-0.962389	0.039176	0.561381	0.123507	-0.818289
59106	7.566250	-3.736870	-6.757202	1.324703	1.237566	0.569587	0.777162	0.234022	0.584168	0.270972	-0.962263	0.024994	0.567972	0.138869	-0.811248
59107	5.693203	-1.375745	-8.091287	1.960620	1.583694	0.656305	0.769883	0.225346	0.597076	0.277092	-0.960829	0.005344	0.574892	0.161331	-0.802167
59108	5.306825	0.719555	-7.553145	1.928357	2.004350	0.707165	0.760146	0.214223	0.613422	0.281967	-0.959316	-0.014393	0.585382	0.183906	-0.789624
59109	5.259271	2.614535	-6.651162	1.563686	2.395442	0.702358	0.747924	0.202855	0.632028	0.285922	-0.957753	-0.030953	0.599048	0.203861	-0.774327
59110	6.324566	3.423035	-6.701903	0.965996	2.842999	0.657352	0.732377	0.189733	0.653931	0.286077	-0.957257	-0.042655	0.617886	0.218314	-0.755351
59111	5.940847	3.558571	-6.293294	0.274477	3.211455	0.523111	0.713631	0.177584	0.677639	0.284009	-0.957612	-0.048139	0.640366	0.226809	-0.733818
59112	6.269878	2.494497	-6.559624	-0.170479	3.535689	0.385378	0.691442	0.165029	0.703330	0.279348	-0.958906	-0.049629	0.666238	0.230790	-0.709128
59113	6.506533	1.925950	-6.761027	-0.418628	3.879451	0.319956	0.665910	0.152970	0.730180	0.274314	-0.960393	-0.048970	0.693769	0.232908	-0.681497
59114	6.585687	1.804565	-6.770110	-0.524605	4.246267	0.287901	0.636381	0.139594	0.758639	0.267899	-0.962267	-0.047663	0.723360	0.233570	-0.649766
59115	6.106081	1.760148	-6.747144	-0.571462	4.611233	0.227796	0.602893	0.126620	0.787710	0.262247	-0.963915	-0.045773	0.753490	0.234170	-0.614343
59116	5.665912	1.386583	-7.233889	-0.594683	4.916113	0.111311	0.565106	0.113439	0.817183	0.256254	-0.965645	-0.043160	0.784213	0.233796	-0.574761
59117	5.246983	0.739452	-7.541484	-0.560247	5.170702	0.014852	0.523781	0.101208	0.845820	0.251672	-0.966980	-0.040145	0.813827	0.233896	-0.531956
59118	5.374206	-0.107123	-7.746877	-0.411435	5.394914	-0.066069	0.478631	0.088701	0.873524	0.247855	-0.968071	-0.037506	0.842307	0.234459	-0.485333
59119	5.851688	-0.801912	-7.859166	-0.128238	5.580070	-0.092427	0.430629	0.076423	0.899287	0.247150	-0.968306	-0.036061	0.868029	0.237788	-0.435869
59120	6.482290	-0.934292	-8.257641	0.227297	5.735456	-0.085905	0.379634	0.063032	0.922987	0.248788	-0.967880	-0.036231	0.891057	0.243383	-0.383122
59121	7.562170	-0.735715	-9.313042	0.586193	5.875871	-0.057505	0.326506	0.049026	0.943923	0.254240	-0.966404	-0.037748	0.910360	0.252308	-0.328001
59122	8.385017	-0.024645	-9.551384	0.909161	6.096148	-0.059335	0.270006	0.033564	0.962273	0.262114	-0.964211	-0.039916	0.926495	0.263003	-0.269141
59123	8.366843	0.567788	-6.716921	1.086237	6.276462	-0.092801	0.211158	0.017571	0.977294	0.272436	-0.961275	-0.041580	0.938718	0.275030	-0.207768
59124	7.717237	0.266056	-5.485735	1.214649	6.251474	-0.179714	0.151361	0.001514	0.988477	0.283618	-0.958019	-0.041962	0.946916	0.286702	-0.145436
59125	7.995281	0.649826	-6.336002	1.322430	6.148401	-0.351231	0.091943	-0.013134	0.995678	0.296558	-0.954178	-0.039972	0.950579	0.298951	-0.083835
59126	8.186670	1.072134	-5.891886	1.377239	5.954157	-0.578659	0.033245	-0.025893	0.999112	0.309470	-0.950268	-0.034925	0.950328	0.310356	-0.023578
59127	9.931273	1.817553	-5.382216	1.430480	5.708682	-0.714657	-0.023210	-0.037171	0.999039	0.323033	-0.945982	-0.027693	0.946103	0.322080	0.033964
59128	11.073752	2.360812	-6.309221	1.510224	5.453236	-0.711532	-0.077273	-0.048374	0.995836	0.336434	-0.941503	-0.019629	0.938531	0.333516	0.089027
59129	10.570540	2.129720	-6.706557	1.353712	5.093107	-0.611923	-0.126978	-0.059867	0.990097	0.348408	-0.937266	-0.011990	0.928703	0.343435	0.139870
59130	9.803471	0.620030	-6.451338	1.204811	4.662970	-0.417210	-0.171786	-0.072128	0.982490	0.358523	-0.933502	-0.005845	0.917579	0.351242	0.186223
59131	8.780478	-0.708416	-6.683798	1.327446	4.218826	-0.249801	-0.211189	-0.084813	0.973759	0.370099	-0.928992	-0.000647	0.904669	0.360251	0.227582
59132	7.236308	-1.502917	-4.097680	1.469880	3.596170	-0.120436	-0.244169	-0.096766	0.964893	0.382726	-0.923853	0.004200	0.891012	0.370314	0.262611
59133	6.431454	-2.017723	-2.208362	1.658955	2.773401	-0.041192	-0.268901	-0.106832	0.957225	0.397248	-0.917666	0.009177	0.877432	0.382723	0.289200
59134	6.060615	-2.999770	-0.160223	1.633043	1.889007	-0.040822	-0.285737	-0.113736	0.951535	0.411115	-0.911468	0.014507	0.865643	0.395336	0.307199
59135	5.456288	-3.092329	1.029921	1.570949	0.913109	-0.053510	-0.293869	-0.116923	0.948667	0.424445	-0.905235	0.019910	0.856439	0.408508	0.315648
59136	4.776012	-1.819475	-0.102634	1.397568	-0.049620	-0.019813	-0.293727	-0.116482	0.948766	0.436068	-0.899579	0.024558	0.850629	0.420939	0.315025
59137	4.244677	-1.163578	-2.753365	0.947744	-0.925035	0.047871	-0.285700	-0.112979	0.951636	0.444220	-0.895509	0.027048	0.849143	0.430463	0.306035
59138	4.572601	-1.970031	-4.609109	0.246048	-1.622482	0.112685	-0.271570	-0.106928	0.956460	0.446405	-0.894431	0.026755	0.852627	0.434235	0.290633
59139	8.038150	-3.005006	-3.401285	-0.149151	-2.031719	0.217552	-0.253261	-0.100049	0.962211	0.445659	-0.894874	0.024253	0.858631	0.434960	0.271224
59140	13.823345	-2.050137	-0.360758	0.058671	-2.105441	0.360638	-0.233661	-0.094065	0.967757	0.446872	-0.894352	0.020966	0.863544	0.437362	0.251010
59141	20.583194	3.573861	9.889712	-0.052278	-1.585220	0.311189	-0.218598	-0.089912	0.971664	0.447082	-0.894315	0.017826	0.867371	0.438310	0.235693
59142	22.756401	2.790229	0.413057	0.177303	-1.675970	0.276912	-0.202938	-0.084992	0.975496	0.449035	-0.893378	0.015578	0.870163	0.441193	0.219465
59143	18.372348	-4.156497	-2.733415	-0.191009	-1.985727	0.586588	-0.183026	-0.081479	0.979726	0.448460	-0.893753	0.009449	0.874863	0.441097	0.200120
59144	10.992979	-5.762606	-4.811087	0.171867	-2.138731	0.455999	-0.162341	-0.076061	0.983799	0.450640	-0.892690	0.005345	0.877821	0.444207	0.179196
59145	6.636288	-5.116833	-6.243381	0.815901	-2.171205	0.408445	-0.141476	-0.069964	0.987466	0.458381	-0.888752	0.002703	0.877423	0.453018	0.157807
59146	5.621360	-4.448819	-8.408728	1.501892	-2.255176	0.498763	-0.119476	-0.063993	0.990773	0.472123	-0.881533	-0.000005	0.873399	0.467766	0.135535
59147	6.528511	-1.332597	-8.880671	2.219599	-2.292274	0.576454	-0.096816	-0.058089	0.993606	0.492003	-0.870588	-0.002957	0.865193	0.488571	0.112867
59148	8.277607	1.314231	-6.030592	2.167957	-2.142261	0.628549	-0.075234	-0.052834	0.995765	0.511234	-0.859413	-0.006973	0.856142	0.508545	0.091668
59149	10.386175	1.764235	-5.274438	1.541277	-1.853117	0.654858	-0.056086	-0.048889	0.997228	0.524770	-0.851156	-0.012214	0.849394	0.522631	0.073394
59150	11.240849	1.829583	-5.250246	0.835471	-1.578521	0.653992	-0.039231	-0.046078	0.998167	0.532260	-0.846386	-0.018152	0.845671	0.530572	0.057730
59151	11.190097	1.896580	-5.082526	0.145969	-1.433941	0.686280	-0.023496	-0.044272	0.998743	0.533673	-0.845324	-0.024916	0.845365	0.532417	0.043489
59152	10.960470	0.244191	-5.238649	-0.529688	-1.410465	0.730587	-0.007624	-0.042878	0.999051	0.529458	-0.847719	-0.032342	0.848302	0.528709	0.029165
59153	11.635236	-1.622071	-5.176767	-0.665501	-1.361661	0.681514	0.007492	-0.041511	0.999110	0.523765	-0.850957	-0.039284	0.851830	0.523593	0.015366
59154	11.283537	-2.114522	-3.993400	-0.397040	-1.231294	0.613282	0.021264	-0.040178	0.998966	0.520500	-0.852655	-0.045373	0.853597	0.520927	0.002782
59155	9.493753	-1.816951	-2.810189	0.072094	-1.115768	0.582592	0.033771	-0.039335	0.998655	0.520919	-0.852070	-0.051177	0.852938	0.521947	-0.008285
59156	8.503755	-0.954408	-2.035880	0.407058	-1.046723	0.569054	0.045747	-0.038552	0.998209	0.524396	-0.849575	-0.056844	0.850245	0.526057	-0.018649
59157	8.839189	0.407019	-1.543326	0.406314	-0.995358	0.522669	0.056899	-0.037740	0.997666	0.527542	-0.847253	-0.062137	0.847621	0.529847	-0.028298
59158	9.869216	0.991107	-1.490497	0.138236	-0.965916	0.489924	0.067759	-0.036606	0.997030	0.528656	-0.846188	-0.066996	0.846127	0.531625	-0.037985
59159	10.569618	1.018311	-1.404420	-0.290293	-0.924704	0.482980	0.078087	-0.035799	0.996304	0.525812	-0.847576	-0.071666	0.847009	0.529464	-0.047361
59160	10.288145	0.731991	-1.118877	-0.749964	-0.880653	0.484329	0.088183	-0.035097	0.995486	0.519306	-0.851201	-0.076011	0.850027	0.523664	-0.056836
59161	9.983125	-0.264647	-1.132923	-1.061898	-0.861193	0.466126	0.097875	-0.034613	0.994597	0.509787	-0.856575	-0.079976	0.854715	0.514860	-0.066192
59162	9.496086	-1.153381	-1.346514	-1.254006	-0.831034	0.447621	0.107350	-0.034029	0.993639	0.498844	-0.862666	-0.083437	0.860018	0.504628	-0.075632
59163	9.210404	-1.962702	-1.841912	-1.268137	-0.816619	0.436445	0.116500	-0.033737	0.992618	0.487381	-0.868871	-0.086734	0.865383	0.493888	-0.084781
59164	9.427327	-3.210961	-2.072547	-1.207713	-0.797222	0.441893	0.125643	-0.033491	0.991510	0.476641	-0.874485	-0.089938	0.870073	0.483895	-0.093910
59165	8.898489	-3.113820	-2.058952	-0.894647	-0.799262	0.370618	0.134314	-0.032908	0.990392	0.468327	-0.878678	-0.092709	0.873286	0.476280	-0.102607
59166	8.845400	-2.882137	-1.408470	-0.794032	-0.830740	0.314329	0.143142	-0.031549	0.989199	0.461229	-0.882194	-0.094878	0.875659	0.469828	-0.111728
