// General information: 
//  MT Manager version: 2022.2.0 
//  XDA version: 2022.2.0 build 7381 rev 124627 built on 2023-07-19
// Device information: 
//  DeviceId: 00B4CBA7
//  ProductCode: MTW2-3A7G6
//  Firmware Version: 4.6.0
//  Hardware Version: 2.0.0
// Device settings: 
//  Filter Profile: human(46.1)
//  Option Flags: Orientation Smoother Disabled, Position/Velocity Smoother Disabled, Continuous Zero Rotation Update Disabled, AHS Disabled, ICC Disabled
// Coordinate system: ENU
PacketCounter	Acc_X	Acc_Y	Acc_Z	Gyr_X	Gyr_Y	Gyr_Z	Mat[1][1]	Mat[2][1]	Mat[3][1]	Mat[1][2]	Mat[2][2]	Mat[3][2]	Mat[1][3]	Mat[2][3]	Mat[3][3]
54160	9.767374	0.189513	-0.169883	-0.004209	-0.008326	-0.000355	0.016097	0.019328	0.999684	0.259184	-0.965719	0.014498	0.965694	0.258869	-0.020555
54161	9.767367	0.189291	-0.170523	-0.006693	-0.004989	0.005097	0.016141	0.019329	0.999683	0.259092	-0.965744	0.014489	0.965718	0.258776	-0.020596
54162	9.754059	0.155813	-0.193865	-0.009255	-0.009095	0.002405	0.016284	0.019327	0.999681	0.259101	-0.965742	0.014450	0.965713	0.258783	-0.020734
54163	9.782124	0.186367	-0.229838	-0.007649	-0.006345	0.003641	0.016338	0.019345	0.999679	0.259000	-0.965769	0.014456	0.965739	0.258680	-0.020789
54164	9.745437	0.156406	-0.218103	-0.001904	-0.007656	0.000886	0.016418	0.019451	0.999676	0.258831	-0.965813	0.014541	0.965783	0.258508	-0.020892
54165	9.754027	0.155105	-0.196030	0.002058	-0.007711	0.003589	0.016485	0.019473	0.999674	0.258824	-0.965815	0.014546	0.965784	0.258499	-0.020962
54166	9.758727	0.188945	-0.196903	0.000708	-0.007025	0.003804	0.016466	0.019495	0.999674	0.258973	-0.965775	0.014568	0.965744	0.258649	-0.020952
54167	9.763740	0.170380	-0.226464	-0.002948	-0.007009	0.002778	0.016524	0.019523	0.999673	0.258918	-0.965789	0.014582	0.965758	0.258592	-0.021014
54168	9.750106	0.189310	-0.221091	0.001013	-0.007064	0.005480	0.016590	0.019551	0.999671	0.258946	-0.965781	0.014591	0.965749	0.258619	-0.021085
54169	9.768739	0.151488	-0.256573	-0.005608	-0.004166	-0.000364	0.016612	0.019602	0.999670	0.258866	-0.965802	0.014636	0.965770	0.258537	-0.021118
54170	9.777337	0.150149	-0.234366	0.000363	-0.008458	0.005701	0.016553	0.019605	0.999671	0.258931	-0.965785	0.014653	0.965754	0.258603	-0.021063
54171	9.763704	0.169015	-0.229062	0.000708	-0.007026	0.003804	0.016613	0.019623	0.999669	0.258911	-0.965790	0.014655	0.965758	0.258582	-0.021125
54172	9.740346	0.172036	-0.194723	0.003407	-0.008398	0.003374	0.016635	0.019669	0.999668	0.258957	-0.965777	0.014693	0.965746	0.258627	-0.021160
54173	9.777015	0.201412	-0.207876	-0.000642	-0.006340	0.004020	0.016689	0.019683	0.999667	0.258924	-0.965786	0.014694	0.965754	0.258592	-0.021215
54174	9.748951	0.170178	-0.173173	-0.003341	-0.004967	0.004450	0.016689	0.019717	0.999666	0.258871	-0.965800	0.014727	0.965768	0.258538	-0.021222
54175	9.768384	0.201869	-0.231881	-0.007561	-0.008348	0.000299	0.016752	0.019772	0.999664	0.258771	-0.965826	0.014767	0.965793	0.258437	-0.021296
54176	9.777267	0.148122	-0.238576	-0.001293	-0.007734	0.004241	0.016774	0.019760	0.999664	0.258927	-0.965784	0.014746	0.965751	0.258592	-0.021316
54177	9.758640	0.185370	-0.204476	-0.000900	-0.009776	0.002570	0.016856	0.019797	0.999662	0.258892	-0.965794	0.014761	0.965759	0.258555	-0.021405
54178	9.763619	0.166916	-0.234146	0.002403	-0.006280	0.001692	0.016867	0.019813	0.999661	0.259041	-0.965753	0.014770	0.965719	0.258705	-0.021422
54179	9.753895	0.150827	-0.205660	0.006404	-0.004864	0.000820	0.016898	0.019854	0.999660	0.259077	-0.965743	0.014802	0.965709	0.258739	-0.021463
54180	9.768324	0.200706	-0.235375	0.005016	-0.005649	0.004609	0.016794	0.019858	0.999662	0.259206	-0.965708	0.014829	0.965676	0.258869	-0.021365
54181	9.758605	0.184446	-0.206960	0.003752	-0.006966	0.001477	0.016846	0.019898	0.999660	0.259216	-0.965705	0.014854	0.965672	0.258878	-0.021426
54182	9.758595	0.184304	-0.207579	0.004403	-0.005572	0.001257	0.016898	0.019911	0.999659	0.259367	-0.965665	0.014850	0.965631	0.259027	-0.021482
54183	9.790536	0.179487	-0.220569	0.000364	-0.008459	0.005703	0.016976	0.019914	0.999658	0.259344	-0.965671	0.014833	0.965636	0.259003	-0.021558
54184	9.744970	0.202896	-0.202881	-0.002297	-0.005615	0.002561	0.017096	0.019938	0.999655	0.259273	-0.965690	0.014826	0.965653	0.258930	-0.021679
54185	9.753845	0.149050	-0.209307	0.000010	-0.004946	0.003801	0.017135	0.019951	0.999654	0.259247	-0.965697	0.014829	0.965659	0.258903	-0.021720
54186	9.749932	0.183984	-0.232931	0.003408	-0.008399	0.003375	0.017173	0.019964	0.999653	0.259371	-0.965664	0.014830	0.965625	0.259027	-0.021761
54187	9.731582	0.168815	-0.227420	0.006059	-0.006298	0.002717	0.017222	0.019991	0.999652	0.259404	-0.965655	0.014842	0.965615	0.259058	-0.021816
54188	9.772153	0.162990	-0.217614	0.008758	-0.007671	0.002286	0.017235	0.020006	0.999651	0.259625	-0.965595	0.014849	0.965556	0.259279	-0.021836
54189	9.744928	0.201374	-0.206340	0.013114	-0.009769	0.003316	0.017319	0.020036	0.999649	0.259727	-0.965568	0.014853	0.965527	0.259378	-0.021926
54190	9.758519	0.181819	-0.213281	0.008452	-0.007633	0.000611	0.017423	0.020088	0.999646	0.259892	-0.965523	0.014873	0.965481	0.259541	-0.022043
54191	9.749641	0.234898	-0.208253	0.003677	-0.009908	0.008628	0.017523	0.020067	0.999645	0.259901	-0.965521	0.014826	0.965476	0.259549	-0.022134
54192	9.768189	0.196741	-0.244166	-0.000900	-0.009776	0.002576	0.017531	0.020137	0.999644	0.259876	-0.965527	0.014892	0.965483	0.259522	-0.022160
54193	9.744878	0.199880	-0.210124	-0.002202	-0.012564	0.003020	0.017641	0.020177	0.999641	0.259829	-0.965540	0.014903	0.965493	0.259473	-0.022276
54194	9.748771	0.164397	-0.188266	0.007149	-0.010422	0.001055	0.017585	0.020225	0.999641	0.259964	-0.965502	0.014961	0.965458	0.259608	-0.022236
54195	9.735152	0.183653	-0.183323	0.011198	-0.012482	0.000408	0.017687	0.020290	0.999638	0.260048	-0.965479	0.014995	0.965434	0.259688	-0.022353
54196	9.761099	0.180293	-0.116393	0.014252	-0.017369	0.001883	0.017868	0.020431	0.999632	0.259926	-0.965511	0.015087	0.965463	0.259561	-0.022563
54197	9.769740	0.179196	-0.095370	0.005979	-0.018690	-0.001615	0.018025	0.020531	0.999627	0.259960	-0.965501	0.015143	0.965451	0.259590	-0.022741
54198	9.804573	0.122619	-0.034414	-0.001774	-0.013137	-0.002219	0.018115	0.020680	0.999622	0.259775	-0.965549	0.015268	0.965499	0.259400	-0.022863
54199	9.823087	0.085258	-0.070557	0.011234	-0.011013	-0.003166	0.018194	0.020776	0.999619	0.259859	-0.965525	0.015338	0.965475	0.259480	-0.022966
54200	9.803181	0.211487	0.073131	0.023176	0.001650	-0.009830	0.018098	0.020927	0.999617	0.260017	-0.965480	0.015505	0.965434	0.259637	-0.022915
54201	9.753307	0.376265	0.126535	0.008899	0.012605	-0.004336	0.017946	0.020973	0.999619	0.260078	-0.965462	0.015587	0.965421	0.259700	-0.022781
54202	9.583967	0.383033	0.218445	-0.058545	0.008260	-0.001298	0.017891	0.021000	0.999619	0.259639	-0.965579	0.015638	0.965540	0.259260	-0.022728
54203	9.626362	0.184936	0.061951	-0.122145	-0.019466	-0.007782	0.018040	0.021163	0.999613	0.258436	-0.965899	0.015785	0.965860	0.258051	-0.022894
54204	9.658104	-0.045051	-0.016430	-0.107601	-0.041383	-0.019494	0.018409	0.021537	0.999599	0.257250	-0.966211	0.016080	0.966169	0.256851	-0.023327
54205	9.695144	-0.117871	-0.090953	-0.044939	-0.048740	-0.026035	0.018794	0.021950	0.999582	0.256796	-0.966327	0.016392	0.966283	0.256381	-0.023798
54206	9.582104	0.127490	-0.041178	0.027898	-0.061487	-0.037705	0.019241	0.022499	0.999562	0.257115	-0.966235	0.016799	0.966189	0.256679	-0.024376
54207	9.421902	0.537953	0.164476	0.021953	-0.070112	-0.055000	0.019758	0.023247	0.999534	0.257312	-0.966172	0.017385	0.966126	0.256849	-0.025071
54208	9.368451	0.760005	0.135671	-0.078341	-0.092276	-0.068406	0.020401	0.024168	0.999500	0.256689	-0.966324	0.018126	0.966279	0.256191	-0.025918
54209	9.413337	0.795134	0.137801	-0.218648	-0.104433	-0.072741	0.021205	0.025174	0.999458	0.254566	-0.966870	0.018952	0.966823	0.254027	-0.026911
54210	9.666593	0.697766	-0.235167	-0.399587	-0.108099	-0.067534	0.022020	0.026174	0.999415	0.250617	-0.967883	0.019826	0.967836	0.250034	-0.027873
54211	10.035846	-0.020843	-1.004308	-0.531079	-0.108967	-0.038916	0.022960	0.026857	0.999376	0.245458	-0.969192	0.020407	0.969135	0.244836	-0.028845
54212	10.527889	-0.980401	-1.529484	-0.374086	-0.109080	-0.016284	0.023908	0.027347	0.999340	0.241780	-0.970109	0.020762	0.970037	0.241124	-0.029805
54213	10.701278	-1.488760	-1.405507	-0.031776	-0.067979	-0.008402	0.024528	0.027629	0.999317	0.241449	-0.970188	0.020897	0.970103	0.240772	-0.030468
54214	10.456225	-1.132370	-0.869697	0.406575	-0.020698	-0.003232	0.024814	0.027731	0.999307	0.245366	-0.969207	0.020803	0.969113	0.244680	-0.030855
54215	9.993824	-0.520516	-0.255432	0.650490	0.002917	0.005511	0.024781	0.027708	0.999309	0.251639	-0.967602	0.020588	0.967504	0.250955	-0.030950
54216	9.617784	0.434668	-0.108616	0.634277	0.016166	-0.013625	0.024541	0.027847	0.999311	0.257722	-0.966000	0.020589	0.965907	0.257039	-0.030883
54217	9.299109	1.124916	0.123543	0.420910	-0.006091	-0.029487	0.024504	0.028184	0.999302	0.261768	-0.964907	0.020795	0.964820	0.261076	-0.031021
54218	9.298893	0.953821	0.084776	0.146682	-0.035498	-0.036874	0.024793	0.028731	0.999280	0.263003	-0.964562	0.021207	0.964476	0.262288	-0.031471
54219	9.489993	0.704183	-0.057284	0.010274	-0.042847	-0.042218	0.025076	0.029287	0.999256	0.263088	-0.964528	0.021667	0.964446	0.262349	-0.031892
54220	9.654285	0.510282	-0.238872	-0.073480	-0.048067	-0.040816	0.025342	0.029879	0.999232	0.262300	-0.964731	0.022195	0.964654	0.261536	-0.032286
54221	9.737110	0.327438	-0.440902	-0.113221	-0.047533	-0.041595	0.025673	0.030441	0.999207	0.261194	-0.965020	0.022689	0.964945	0.260404	-0.032726
54222	9.733195	0.087823	-0.559385	-0.130190	-0.049676	-0.043212	0.025950	0.031001	0.999182	0.260103	-0.965302	0.023195	0.965232	0.259288	-0.033113
54223	9.697869	-0.130091	-0.717686	-0.058328	-0.049221	-0.048889	0.026279	0.031638	0.999154	0.259528	-0.965444	0.023745	0.965378	0.258685	-0.033582
54224	9.651859	-0.049308	-0.674425	0.027979	-0.039784	-0.047756	0.026604	0.032202	0.999127	0.259954	-0.965318	0.024191	0.965254	0.259084	-0.034052
54225	9.724182	0.084679	-0.727151	0.087040	-0.033070	-0.054841	0.026761	0.032854	0.999102	0.260785	-0.965080	0.024750	0.965026	0.259888	-0.034394
54226	9.786643	0.238211	-0.670090	0.140102	-0.031438	-0.053403	0.026908	0.033503	0.999076	0.262128	-0.964702	0.025291	0.964658	0.261206	-0.034740
54227	9.821834	0.291498	-0.553669	0.134897	-0.020343	-0.054859	0.026941	0.034123	0.999054	0.263420	-0.964335	0.025833	0.964305	0.262475	-0.034968
54228	9.794014	0.403959	-0.567132	0.129498	-0.017633	-0.053933	0.026968	0.034680	0.999035	0.264870	-0.963925	0.026312	0.963907	0.263904	-0.035181
54229	9.706492	0.439854	-0.376025	0.109439	-0.014929	-0.057025	0.026941	0.035306	0.999013	0.265916	-0.963621	0.026884	0.963620	0.264929	-0.035349
54230	9.701047	0.515978	-0.320590	0.075275	-0.011733	-0.053903	0.026926	0.035937	0.998991	0.266474	-0.963450	0.027477	0.963466	0.265465	-0.035518
54231	9.709552	0.503454	-0.247620	0.025941	-0.018363	-0.050498	0.026949	0.036509	0.998970	0.266713	-0.963369	0.028013	0.963399	0.265684	-0.035699
54232	9.736174	0.505911	-0.181377	-0.012142	-0.018626	-0.049824	0.026977	0.037102	0.998947	0.266595	-0.963385	0.028581	0.963431	0.265543	-0.035880
54233	9.762843	0.508067	-0.114728	-0.058739	-0.014213	-0.042616	0.026981	0.037587	0.998929	0.266016	-0.963530	0.029070	0.963591	0.264947	-0.035995
54234	9.845251	0.413395	-0.204939	-0.087356	-0.022181	-0.036291	0.027124	0.038039	0.998908	0.265158	-0.963754	0.029500	0.963823	0.264068	-0.036227
54235	9.804736	0.369543	-0.245029	-0.102726	-0.021600	-0.036706	0.027216	0.038486	0.998888	0.264154	-0.964016	0.029945	0.964096	0.263045	-0.036403
54236	9.837412	0.280616	-0.368598	-0.077634	-0.024970	-0.032784	0.027378	0.038918	0.998867	0.263433	-0.964200	0.030347	0.964289	0.262304	-0.036650
54237	9.810181	0.269726	-0.387247	-0.034782	-0.030244	-0.030560	0.027570	0.039329	0.998846	0.263082	-0.964285	0.030706	0.964379	0.261932	-0.036932
54238	9.818976	0.254896	-0.315520	0.013257	-0.029250	-0.026402	0.027758	0.039712	0.998826	0.263182	-0.964247	0.031023	0.964347	0.262012	-0.037217
54239	9.749921	0.353499	-0.287346	0.062331	-0.025980	-0.031278	0.027907	0.040119	0.998805	0.263768	-0.964077	0.031354	0.964182	0.262577	-0.037487
54240	9.703078	0.485103	-0.214479	0.064158	-0.030735	-0.036459	0.028110	0.040663	0.998777	0.264134	-0.963961	0.031812	0.964076	0.262917	-0.037837
54241	9.680067	0.491554	-0.182521	0.041533	-0.036583	-0.031470	0.028360	0.041100	0.998752	0.264520	-0.963844	0.032152	0.963963	0.263278	-0.038207
54242	9.684590	0.476262	-0.215334	0.017630	-0.042315	-0.033155	0.028733	0.041606	0.998721	0.264571	-0.963817	0.032541	0.963938	0.263297	-0.038701
54243	9.670541	0.498538	-0.213619	-0.006271	-0.049509	-0.031263	0.029109	0.042075	0.998690	0.264495	-0.963826	0.032897	0.963948	0.263191	-0.039184
54244	9.675144	0.466448	-0.195500	-0.038534	-0.056084	-0.029462	0.029604	0.042592	0.998654	0.263949	-0.963962	0.033288	0.964082	0.262608	-0.039780
54245	9.680157	0.398526	-0.258262	-0.062434	-0.061833	-0.031117	0.030100	0.043091	0.998618	0.263331	-0.964118	0.033665	0.964236	0.261954	-0.040367
54246	9.688754	0.417634	-0.293336	-0.083778	-0.063447	-0.030127	0.030778	0.043639	0.998573	0.262342	-0.964374	0.034059	0.964484	0.260920	-0.041129
54247	9.716347	0.346802	-0.392060	-0.092138	-0.062841	-0.030184	0.031286	0.044132	0.998536	0.261438	-0.964606	0.034441	0.964713	0.259978	-0.041717
54248	9.810714	0.390890	-0.408351	-0.096999	-0.067692	-0.033984	0.031832	0.044706	0.998493	0.260384	-0.964874	0.034899	0.964980	0.258880	-0.042354
54249	9.811076	0.306503	-0.523390	-0.103845	-0.060840	-0.033078	0.032315	0.045220	0.998454	0.259367	-0.965133	0.035316	0.965238	0.257825	-0.042916
54250	9.846017	0.393006	-0.513120	-0.101452	-0.049750	-0.030909	0.032771	0.045708	0.998417	0.258388	-0.965381	0.035714	0.965485	0.256809	-0.043447
54251	9.847274	0.239327	-0.603605	-0.112207	-0.046367	-0.032393	0.033117	0.046177	0.998384	0.257291	-0.965658	0.036129	0.965766	0.255679	-0.043861
54252	9.842273	0.261284	-0.578783	-0.072866	-0.043150	-0.033733	0.033374	0.046666	0.998353	0.256575	-0.965832	0.036569	0.965948	0.254932	-0.044207
54253	9.837738	0.265811	-0.501964	-0.056206	-0.042358	-0.030272	0.033687	0.047104	0.998322	0.256018	-0.965966	0.036938	0.966085	0.254344	-0.044600
54254	9.786713	0.362294	-0.428484	-0.027926	-0.038631	-0.027697	0.034049	0.047500	0.998291	0.255779	-0.966018	0.037240	0.966136	0.254074	-0.045042
54255	9.663049	0.467270	-0.351457	-0.022114	-0.043379	-0.030259	0.034373	0.047940	0.998259	0.255551	-0.966064	0.037594	0.966184	0.253814	-0.045458
54256	9.643176	0.612235	-0.262262	-0.053492	-0.043731	-0.030683	0.034652	0.048396	0.998227	0.255103	-0.966167	0.037986	0.966293	0.253334	-0.045825
54257	9.620361	0.583312	-0.311474	-0.102311	-0.053239	-0.035452	0.035058	0.048911	0.998188	0.254102	-0.966414	0.038430	0.966542	0.252294	-0.046309
54258	9.689166	0.491638	-0.348774	-0.126871	-0.059940	-0.029841	0.035500	0.049442	0.998146	0.252626	-0.966782	0.038903	0.966913	0.250776	-0.046811
54259	9.713007	0.370501	-0.396126	-0.118433	-0.062562	-0.033076	0.036004	0.049956	0.998102	0.251468	-0.967066	0.039332	0.967196	0.249575	-0.047381
54260	9.793871	0.382005	-0.434860	-0.097007	-0.064379	-0.033895	0.036492	0.050489	0.998058	0.250547	-0.967287	0.039772	0.967416	0.248609	-0.047948
54261	9.784892	0.369245	-0.411646	-0.082657	-0.064267	-0.031673	0.037017	0.050993	0.998013	0.249734	-0.967481	0.040170	0.967607	0.247751	-0.048548
54262	9.720396	0.397879	-0.442861	-0.071633	-0.063248	-0.039206	0.037541	0.051584	0.997963	0.249039	-0.967640	0.040648	0.967766	0.247006	-0.049172
54263	9.696033	0.439375	-0.516394	-0.078281	-0.064867	-0.034215	0.038066	0.052113	0.997915	0.248270	-0.967820	0.041071	0.967943	0.246189	-0.049779
54264	9.637026	0.346169	-0.635301	-0.091533	-0.067648	-0.041573	0.038585	0.052757	0.997862	0.247268	-0.968053	0.041619	0.968179	0.245133	-0.050397
54265	9.732869	0.269975	-0.658858	-0.050929	-0.062969	-0.040049	0.039078	0.053337	0.997812	0.246766	-0.968161	0.042087	0.968287	0.244581	-0.050996
54266	9.713413	0.362893	-0.599697	-0.019856	-0.063994	-0.037862	0.039550	0.053934	0.997761	0.246450	-0.968220	0.042568	0.968348	0.244215	-0.051585
54267	9.756322	0.466087	-0.618711	-0.011288	-0.059645	-0.039970	0.040012	0.054505	0.997712	0.246332	-0.968230	0.043016	0.968359	0.244047	-0.052167
54268	9.746784	0.505760	-0.566085	-0.021239	-0.061850	-0.041151	0.040441	0.055086	0.997662	0.246260	-0.968228	0.043479	0.968360	0.243926	-0.052721
54269	9.701741	0.514850	-0.500221	-0.028576	-0.061912	-0.043034	0.040917	0.055692	0.997609	0.245976	-0.968278	0.043966	0.968412	0.243589	-0.053318
54270	9.674052	0.504950	-0.521819	-0.036308	-0.059938	-0.043250	0.041295	0.056304	0.997559	0.245721	-0.968319	0.044481	0.968461	0.243284	-0.053822
54271	9.629105	0.514185	-0.455879	-0.051811	-0.066408	-0.044654	0.041811	0.056936	0.997502	0.245213	-0.968424	0.044998	0.968567	0.242720	-0.054452
54272	9.670762	0.410278	-0.512092	-0.070295	-0.073503	-0.050548	0.042336	0.057641	0.997439	0.244613	-0.968548	0.045589	0.968696	0.242057	-0.055104
54273	9.756724	0.388398	-0.530102	-0.056669	-0.071272	-0.048404	0.042890	0.058320	0.997376	0.244061	-0.968661	0.046146	0.968811	0.241441	-0.055779
54274	9.747298	0.428867	-0.478664	-0.029728	-0.079163	-0.050114	0.043534	0.059009	0.997308	0.243946	-0.968665	0.046665	0.968811	0.241258	-0.056564
54275	9.763791	0.501238	-0.463602	-0.032622	-0.082777	-0.047482	0.044202	0.059706	0.997237	0.243627	-0.968720	0.047200	0.968861	0.240868	-0.057365
54276	9.699402	0.565051	-0.415034	-0.038213	-0.085560	-0.051237	0.044782	0.060459	0.997166	0.243189	-0.968800	0.047818	0.968945	0.240358	-0.058088
54277	9.612777	0.545137	-0.441314	-0.057378	-0.092098	-0.053519	0.045527	0.061237	0.997084	0.242633	-0.968909	0.048428	0.969049	0.239721	-0.058969
54278	9.600193	0.499900	-0.421253	-0.062182	-0.098961	-0.060584	0.046169	0.062103	0.997001	0.241970	-0.969038	0.049156	0.969185	0.238975	-0.059767
54279	9.596531	0.384079	-0.276677	-0.078914	-0.108804	-0.068294	0.047040	0.063063	0.996900	0.241214	-0.969187	0.049928	0.969331	0.238117	-0.060802
54280	9.605550	0.390019	-0.264257	-0.075682	-0.105755	-0.076068	0.047862	0.064089	0.996796	0.240627	-0.969289	0.050766	0.969437	0.237427	-0.061813
54281	9.662694	0.391150	-0.138940	-0.098556	-0.091015	-0.094541	0.048499	0.065259	0.996689	0.239694	-0.969465	0.051813	0.969636	0.236388	-0.062660
54282	9.689605	0.637817	0.121664	-0.082598	-0.056768	-0.088352	0.048778	0.066295	0.996607	0.238892	-0.969609	0.052807	0.969820	0.235505	-0.063133
54283	9.569913	0.794247	0.416827	-0.150442	-0.042980	-0.081352	0.048983	0.067223	0.996535	0.237449	-0.969912	0.053756	0.970164	0.233993	-0.063471
54284	9.349047	1.045343	0.762318	-0.216001	-0.057841	-0.072725	0.049301	0.068116	0.996459	0.235317	-0.970379	0.054690	0.970667	0.231788	-0.063869
54285	9.183182	1.034558	0.639753	-0.322043	-0.151248	-0.078844	0.050567	0.069268	0.996316	0.232206	-0.971069	0.055727	0.971351	0.228533	-0.065188
54286	9.400583	0.913695	0.630787	-0.404968	-0.216795	-0.095213	0.052488	0.070751	0.996112	0.228271	-0.971927	0.057005	0.972182	0.224392	-0.067165
54287	9.649162	0.706951	0.488343	-0.455852	-0.279929	-0.104833	0.054955	0.072431	0.995858	0.223870	-0.972867	0.058405	0.973068	0.219733	-0.069679
54288	9.745771	0.709394	0.339818	-0.431145	-0.310382	-0.123216	0.057718	0.074390	0.995557	0.219495	-0.973765	0.060037	0.973905	0.215055	-0.072532
54289	9.722371	0.845150	0.277273	-0.443565	-0.344974	-0.129465	0.060780	0.076425	0.995221	0.215226	-0.974613	0.061698	0.974671	0.210448	-0.075686
54290	9.617148	0.627775	0.140889	-0.479542	-0.382345	-0.135168	0.064235	0.078579	0.994836	0.210608	-0.975509	0.063454	0.975458	0.205445	-0.079211
54291	9.447674	0.464520	0.140690	-0.467576	-0.424905	-0.139537	0.068073	0.080842	0.994400	0.206115	-0.976349	0.065265	0.976157	0.200518	-0.083126
54292	9.364222	0.201227	-0.154783	-0.527168	-0.470271	-0.142230	0.072340	0.083212	0.993903	0.200935	-0.977297	0.067196	0.976930	0.194849	-0.087418
54293	9.314989	-0.280267	-0.629275	-0.466361	-0.521581	-0.142254	0.077138	0.085645	0.993335	0.196461	-0.978076	0.069073	0.977473	0.189824	-0.092272
54294	9.441911	-0.604433	-0.720178	-0.280818	-0.547945	-0.145320	0.082181	0.088139	0.992712	0.193840	-0.978473	0.070828	0.977585	0.186607	-0.097497
54295	9.377963	-0.390685	-0.806819	-0.114165	-0.561930	-0.150417	0.087366	0.090695	0.992039	0.192829	-0.978552	0.072480	0.977335	0.184962	-0.102981
54296	9.315039	0.156871	-0.970847	-0.008602	-0.576127	-0.171782	0.092658	0.093467	0.991301	0.192662	-0.978452	0.074247	0.976881	0.184106	-0.108669
54297	9.310503	0.658705	-1.005255	-0.049531	-0.570742	-0.186786	0.097857	0.096381	0.990522	0.192334	-0.978367	0.076197	0.976438	0.183055	-0.114277
54298	9.466665	1.257454	-1.109155	-0.203786	-0.535185	-0.219358	0.102633	0.099533	0.989727	0.190296	-0.978569	0.078677	0.976347	0.180266	-0.119374
54299	9.320558	1.395386	-1.735176	-0.344009	-0.527703	-0.234251	0.107327	0.102806	0.988894	0.187161	-0.978946	0.081459	0.976449	0.176339	-0.124309
54300	9.330763	1.648892	-1.795260	-0.336828	-0.510541	-0.256934	0.111819	0.106241	0.988033	0.183929	-0.979302	0.084487	0.976559	0.172280	-0.129045
54301	9.444013	1.779963	-1.642101	-0.548266	-0.504975	-0.256722	0.116269	0.109651	0.987146	0.178844	-0.979953	0.087787	0.976983	0.166339	-0.133549
54302	9.747589	1.787252	-2.183355	-0.556836	-0.484082	-0.247397	0.120663	0.112927	0.986249	0.173398	-0.980632	0.091070	0.977432	0.160025	-0.137907
54303	9.891105	2.307685	-1.633115	-0.653668	-0.425610	-0.243698	0.124394	0.116025	0.985426	0.167284	-0.981376	0.094431	0.978030	0.153100	-0.141486
54304	9.808515	2.283126	-1.710096	-0.743993	-0.391115	-0.239781	0.127842	0.119003	0.984629	0.159987	-0.982248	0.097943	0.978806	0.145007	-0.144611
54305	9.588520	2.094663	-1.560938	-0.765316	-0.381645	-0.251578	0.131171	0.122054	0.983818	0.152797	-0.983023	0.101583	0.979514	0.137000	-0.147593
54306	9.531380	1.653776	-1.647985	-0.779891	-0.383290	-0.252466	0.134450	0.125054	0.982998	0.145082	-0.983799	0.105312	0.980242	0.128456	-0.150415
54307	9.663975	0.582466	-1.994457	-0.742852	-0.410694	-0.244453	0.138116	0.128011	0.982108	0.138110	-0.984413	0.108889	0.980739	0.120600	-0.153643
54308	9.932814	-0.743665	-2.330648	-0.456492	-0.403206	-0.226844	0.141828	0.130753	0.981218	0.133582	-0.984699	0.111908	0.980837	0.115201	-0.157124
54309	10.031088	-0.762415	-2.325644	-0.074308	-0.379726	-0.212061	0.145255	0.133316	0.980371	0.133136	-0.984502	0.114152	0.980396	0.113942	-0.160753
54310	10.076831	-0.255452	-2.237145	0.145511	-0.374611	-0.194186	0.148696	0.135662	0.979533	0.134496	-0.984115	0.115880	0.979694	0.114512	-0.164580
54311	10.125050	0.267279	-2.177923	0.191525	-0.388792	-0.175672	0.152251	0.137879	0.978677	0.136615	-0.983652	0.117327	0.978854	0.115838	-0.168598
54312	10.371232	0.455282	-1.886952	0.227167	-0.393391	-0.159725	0.155892	0.139887	0.977819	0.138630	-0.983222	0.118559	0.977998	0.117073	-0.172669
54313	10.284614	1.019811	-1.518837	0.241421	-0.384833	-0.136351	0.159449	0.141722	0.976980	0.141183	-0.982743	0.119516	0.977058	0.118877	-0.176706
54314	10.063607	1.643939	-0.976237	0.227691	-0.381946	-0.123249	0.162979	0.143354	0.976160	0.143160	-0.982353	0.120362	0.976188	0.120130	-0.180625
54315	9.850712	1.716036	-0.827730	0.107492	-0.415137	-0.096442	0.166876	0.144841	0.975281	0.144346	-0.982083	0.121153	0.975355	0.120561	-0.184794
54316	9.601440	1.518770	-0.574685	0.010426	-0.414420	-0.087138	0.170837	0.146153	0.974399	0.144030	-0.982019	0.122043	0.974715	0.119494	-0.188815
54317	9.181138	0.772535	-0.833761	-0.046378	-0.443037	-0.074401	0.175032	0.147451	0.973459	0.143686	-0.981962	0.122903	0.974022	0.118360	-0.193061
54318	9.210363	-0.259676	-1.121643	0.174728	-0.480924	-0.062333	0.179561	0.148566	0.972464	0.145038	-0.981726	0.123200	0.972996	0.118922	-0.197827
54319	9.320391	-0.306728	-1.274521	0.528814	-0.509468	-0.059540	0.184411	0.149808	0.971365	0.150266	-0.980994	0.122765	0.971294	0.123324	-0.203417
54320	9.194503	0.458620	-1.092863	0.780129	-0.527584	-0.062977	0.189392	0.150960	0.970228	0.157233	-0.980023	0.121792	0.969231	0.129485	-0.209344
54321	9.053041	1.019395	-1.170890	0.810632	-0.574415	-0.051537	0.194854	0.152269	0.968941	0.165157	-0.978864	0.120616	0.966827	0.136525	-0.215884
54322	9.171572	1.037254	-1.166626	0.789492	-0.618628	-0.047882	0.200716	0.153502	0.967549	0.172372	-0.977773	0.119366	0.964366	0.142819	-0.222714
54323	9.236443	1.384173	-1.100186	0.726122	-0.664015	-0.049539	0.207008	0.154994	0.965984	0.179444	-0.976636	0.118249	0.961742	0.148862	-0.229984
54324	9.376426	1.800069	-1.056520	0.642948	-0.688049	-0.065681	0.213538	0.156551	0.964310	0.185103	-0.975680	0.117408	0.959238	0.153425	-0.237323
54325	9.336083	2.163496	-1.434952	0.500312	-0.702369	-0.089637	0.220082	0.158556	0.962509	0.190069	-0.974761	0.117114	0.956785	0.157168	-0.244664
54326	9.226778	1.935292	-1.642831	0.421212	-0.742151	-0.124615	0.226908	0.160789	0.960552	0.193733	-0.974019	0.117278	0.954453	0.159479	-0.252163
54327	9.017326	1.479846	-1.586812	0.292064	-0.737359	-0.142223	0.233643	0.163395	0.958495	0.196823	-0.973319	0.117944	0.952193	0.161097	-0.259569
54328	9.025149	0.901516	-2.229351	0.368895	-0.779554	-0.161747	0.240651	0.166055	0.956302	0.200096	-0.972580	0.118528	0.949762	0.162828	-0.267279
54329	8.865258	0.835890	-1.966627	0.383460	-0.825983	-0.179017	0.248105	0.169189	0.953844	0.204148	-0.971650	0.119246	0.946978	0.165140	-0.275611
54330	9.273215	0.653631	-1.489396	0.456392	-0.838776	-0.212599	0.255613	0.172465	0.951272	0.208296	-0.970675	0.120012	0.944073	0.167470	-0.284041
54331	9.364183	0.852566	-1.640599	0.563765	-0.867725	-0.222651	0.263302	0.176134	0.948498	0.214165	-0.969330	0.120550	0.940641	0.171394	-0.292948
54332	9.111480	1.513028	-1.638946	0.607876	-0.897881	-0.236895	0.271300	0.179834	0.945546	0.219866	-0.967994	0.121018	0.937046	0.175061	-0.302156
54333	9.274631	2.017639	-1.605040	0.596616	-0.925852	-0.256511	0.279367	0.183993	0.942391	0.226131	-0.966470	0.121659	0.933177	0.179116	-0.311606
54334	9.693579	1.290925	-2.390546	0.420969	-0.969795	-0.247483	0.287770	0.188034	0.939059	0.230450	-0.965321	0.122672	0.929560	0.181105	-0.321123
54335	9.842673	1.195441	-2.541676	0.378271	-0.976477	-0.262251	0.296200	0.192379	0.935551	0.234704	-0.964132	0.123948	0.925840	0.182865	-0.330728
54336	10.082887	-0.079114	-2.961180	0.388236	-1.032262	-0.248051	0.305064	0.196457	0.931848	0.238523	-0.963065	0.124952	0.921978	0.184149	-0.340656
54337	10.619125	-0.432137	-2.911712	0.621582	-1.048285	-0.237893	0.314109	0.200734	0.927923	0.244955	-0.961434	0.125064	0.917242	0.188015	-0.351166
54338	10.910851	0.104176	-2.651003	0.765815	-1.082873	-0.218546	0.323490	0.204669	0.923832	0.252035	-0.959694	0.124362	0.912049	0.192608	-0.362035
54339	11.537608	0.374986	-1.757890	0.830800	-1.140635	-0.224039	0.333265	0.209083	0.919358	0.260304	-0.957606	0.123422	0.906188	0.198180	-0.373562
54340	11.795712	-0.020894	-1.945920	0.631770	-1.186695	-0.187950	0.343563	0.212866	0.914687	0.265729	-0.956205	0.122718	0.900751	0.200898	-0.385082
54341	11.903861	0.182999	-1.881078	0.731126	-1.215457	-0.184777	0.353956	0.217136	0.909707	0.272917	-0.954322	0.121596	0.894557	0.205235	-0.397048
54342	11.880307	-0.013696	-1.588707	0.659434	-1.291183	-0.150806	0.365147	0.220744	0.904400	0.278268	-0.952947	0.120244	0.888389	0.207759	-0.409392
54343	11.969777	-0.099520	-1.475294	0.680659	-1.349293	-0.119949	0.376729	0.224748	0.898646	0.284717	-0.951253	0.118547	0.881483	0.211200	-0.422354
54344	11.876393	0.111092	-1.092884	0.657768	-1.416746	-0.086749	0.388953	0.228226	0.892540	0.290115	-0.949879	0.116461	0.874385	0.213642	-0.435670
54345	11.661264	0.158060	-0.642360	0.620186	-1.489852	-0.048963	0.401758	0.231927	0.885889	0.295689	-0.948433	0.114204	0.866694	0.216066	-0.449619
54346	11.610202	0.234585	-0.033374	0.553949	-1.562602	-0.007188	0.415209	0.235065	0.878832	0.299958	-0.947392	0.111687	0.858852	0.217239	-0.463875
54347	11.799355	0.102303	0.339568	0.506721	-1.667926	0.035164	0.429547	0.238397	0.871009	0.304122	-0.946372	0.109043	0.850294	0.218054	-0.479013
54348	12.287520	0.892350	0.788838	0.550510	-1.728805	0.084501	0.444392	0.241045	0.862794	0.307913	-0.945540	0.105567	0.841252	0.218752	-0.494411
54349	13.130007	1.140781	1.039285	0.519725	-1.852539	0.158866	0.460355	0.243633	0.853649	0.311524	-0.944786	0.101646	0.831280	0.219139	-0.510835
54350	14.153290	-0.124069	2.210426	0.406506	-1.953248	0.234191	0.477182	0.245318	0.843870	0.313284	-0.944645	0.097461	0.821067	0.217864	-0.527622
54351	14.948044	-2.151877	2.524227	0.286549	-2.014316	0.303549	0.494545	0.246849	0.833361	0.314131	-0.944771	0.093434	0.810399	0.215578	-0.544774
54352	14.752601	-4.051073	2.501858	0.463500	-2.062821	0.336347	0.512168	0.247692	0.822394	0.315640	-0.944791	0.087983	0.798783	0.214518	-0.562074
54353	13.685017	-5.350441	3.206142	0.881032	-2.113281	0.369785	0.530059	0.248799	0.810640	0.320676	-0.943806	0.079988	0.784987	0.217555	-0.580056
54354	12.170231	-5.018631	3.620263	1.335492	-2.163105	0.376050	0.548082	0.249526	0.798338	0.328440	-0.942005	0.068946	0.769242	0.224418	-0.598250
54355	10.650547	-3.473111	3.525370	1.523838	-2.256998	0.358264	0.566417	0.251351	0.784853	0.338020	-0.939417	0.056906	0.751607	0.233064	-0.617064
54356	9.391099	-1.870018	2.813120	1.428607	-2.323234	0.234496	0.584400	0.254159	0.770636	0.346823	-0.936804	0.045954	0.733615	0.240419	-0.635616
54357	9.210416	0.687851	2.473269	1.104850	-2.353824	0.017231	0.601497	0.259739	0.755471	0.354718	-0.934170	0.038754	0.715804	0.244669	-0.654035
54358	9.709429	2.093948	0.357701	0.366136	-2.484058	-0.145519	0.618527	0.266649	0.739136	0.357738	-0.933079	0.037251	0.699606	0.241376	-0.672525
54359	10.942199	2.427744	-1.463110	-0.164664	-2.480101	-0.256231	0.634754	0.274954	0.722141	0.358195	-0.932776	0.040303	0.684677	0.233085	-0.690571
54360	12.287537	2.170302	-2.462766	-0.610544	-2.537340	-0.331611	0.650784	0.283207	0.704467	0.355608	-0.933465	0.046759	0.670838	0.220084	-0.708195
54361	13.452495	1.344777	-3.330859	-0.831566	-2.315197	-0.360928	0.664875	0.291536	0.687712	0.352447	-0.934197	0.055284	0.658576	0.205625	-0.723875
54362	13.481899	0.544226	-4.314929	-0.819984	-2.115773	-0.333926	0.677504	0.298372	0.672281	0.348882	-0.935020	0.063389	0.647510	0.191601	-0.737577
54363	13.815075	-0.425524	-5.757800	-0.487631	-1.702998	-0.277645	0.687460	0.304179	0.659450	0.347638	-0.935093	0.068919	0.637610	0.181871	-0.748583
54364	12.432800	-0.536347	-6.059526	0.032106	-1.358436	-0.187894	0.695377	0.307806	0.649390	0.348621	-0.934667	0.069716	0.628422	0.177911	-0.757253
54365	10.573335	-0.883084	-8.339157	0.271238	-1.150378	-0.087064	0.702229	0.310689	0.640583	0.350916	-0.933915	0.068272	0.619461	0.176848	-0.764848
54366	9.059011	-0.734646	-8.906583	1.142642	-1.166962	-0.177619	0.708707	0.313947	0.631800	0.358751	-0.931475	0.060437	0.607480	0.183826	-0.772771
54367	7.822083	0.869347	-9.486520	1.334210	-1.066003	-0.275274	0.714095	0.318542	0.623377	0.368726	-0.928090	0.051863	0.595071	0.192821	-0.780199
54368	8.350127	0.756224	-8.253209	1.578900	-0.716098	-0.326198	0.717045	0.322503	0.617931	0.379975	-0.924072	0.041358	0.584350	0.205143	-0.785144
54369	8.110838	0.619417	-7.943927	1.734741	-0.290112	-0.303992	0.717533	0.325949	0.615552	0.392212	-0.919397	0.029650	0.575601	0.220152	-0.787539
54370	8.297391	1.871684	-7.713456	1.873958	0.244061	-0.296715	0.714933	0.327610	0.617691	0.404656	-0.914319	0.016574	0.570196	0.238103	-0.786246
54371	8.854616	3.550982	-7.905948	1.730373	0.665431	-0.293589	0.709919	0.328668	0.622890	0.416589	-0.909082	0.004883	0.567863	0.256022	-0.782294
54372	9.217422	5.213019	-8.118007	1.386983	1.180140	-0.335157	0.701749	0.328152	0.632348	0.426502	-0.904478	-0.003939	0.570652	0.272462	-0.774674
54373	7.915165	6.869709	-7.846834	0.666357	1.609775	-0.320915	0.691095	0.326598	0.644765	0.432560	-0.901578	-0.006959	0.579033	0.283709	-0.764349
54374	5.944186	6.413587	-8.774090	-0.337126	1.886068	-0.246506	0.678926	0.323006	0.659338	0.431905	-0.901914	-0.002894	0.593732	0.286736	-0.751841
54375	5.280757	5.622544	-8.428866	-0.623731	2.134853	-0.278193	0.664847	0.319406	0.675247	0.430008	-0.902818	0.003667	0.610796	0.287924	-0.737582
54376	4.924134	4.914941	-7.348035	-1.058146	2.449684	-0.217309	0.648612	0.314027	0.693318	0.424598	-0.905291	0.012818	0.631680	0.286068	-0.720517
54377	5.335909	4.241130	-6.217498	-1.567210	2.730432	-0.075336	0.630695	0.307001	0.712723	0.414977	-0.909501	0.024546	0.655758	0.280283	-0.701016
54378	5.989996	2.882642	-6.773955	-2.238151	3.061646	0.168665	0.610801	0.296726	0.734082	0.398609	-0.916303	0.038715	0.684129	0.268965	-0.677957
54379	6.551057	1.724507	-8.871300	-2.416966	3.381272	0.439750	0.588850	0.283818	0.756771	0.379056	-0.923936	0.051564	0.713843	0.256496	-0.651643
54380	6.560001	0.845297	-9.403004	-2.175764	3.689864	0.685237	0.564367	0.267960	0.780825	0.359036	-0.931385	0.060124	0.743360	0.246412	-0.621850
54381	6.415056	-0.163268	-9.427083	-1.981354	3.990474	0.926209	0.537331	0.249653	0.805574	0.338892	-0.938589	0.064828	0.772287	0.238168	-0.588938
54382	6.070982	-2.309699	-9.490480	-1.621747	4.251284	1.134329	0.507532	0.228745	0.830715	0.319993	-0.945204	0.064768	0.800010	0.232951	-0.552917
54383	5.927333	-3.527360	-9.577703	-0.748956	4.526588	1.107933	0.474215	0.207663	0.855568	0.308440	-0.949383	0.059475	0.824612	0.235688	-0.514263
54384	5.849983	-2.827447	-9.309469	0.174180	4.807557	1.026184	0.437047	0.186127	0.879970	0.305050	-0.951041	0.049652	0.846129	0.246735	-0.472428
54385	5.708618	-1.876966	-9.730654	0.991224	5.059231	0.956637	0.396690	0.164108	0.903164	0.309508	-0.950188	0.036709	0.864200	0.264974	-0.427723
54386	5.520666	-0.192235	-8.858289	1.418707	5.275904	0.945661	0.353530	0.140367	0.924832	0.318089	-0.947800	0.022259	0.879679	0.286309	-0.379725
54387	6.443410	-1.392999	-9.203017	1.630250	5.496869	0.882901	0.307643	0.115677	0.944444	0.329582	-0.944091	0.008275	0.892598	0.308726	-0.328568
54388	6.895993	0.915572	-8.647562	2.061164	5.817722	0.639353	0.257442	0.090760	0.962022	0.346065	-0.938201	-0.004096	0.902199	0.333977	-0.272941
54389	7.491028	2.065895	-8.494801	1.449847	5.935947	0.509682	0.205384	0.065639	0.976478	0.357992	-0.933641	-0.012537	0.910857	0.352146	-0.215253
54390	7.096370	2.089333	-8.127614	0.956628	6.089207	0.329804	0.150707	0.040586	0.987745	0.365917	-0.930481	-0.017597	0.918364	0.364085	-0.155081
54391	6.837832	2.743154	-6.845393	0.248946	6.067117	0.203356	0.095493	0.016497	0.995293	0.367916	-0.929646	-0.019890	0.924943	0.368084	-0.094844
54392	7.248387	2.374287	-6.737646	-0.682060	5.966792	0.176574	0.040575	-0.007037	0.999152	0.361259	-0.932224	-0.021236	0.931582	0.361814	-0.035283
54393	7.742225	0.887096	-6.837798	-1.069753	5.912674	0.243892	-0.013816	-0.030364	0.999443	0.351183	-0.936010	-0.023583	0.936205	0.350662	0.023595
54394	7.905324	-0.681601	-6.008696	-1.014349	5.669988	0.329883	-0.065957	-0.053066	0.996410	0.341638	-0.939432	-0.027416	0.937514	0.338603	0.080091
54395	9.564012	-1.703132	-4.752640	-0.711445	5.315324	0.370884	-0.114507	-0.074266	0.990643	0.335257	-0.941589	-0.031837	0.935142	0.328474	0.132717
54396	11.946234	-2.179420	-4.587839	-0.260989	5.044918	0.401017	-0.160340	-0.094484	0.982529	0.333215	-0.942155	-0.036224	0.929117	0.321586	0.182548
54397	12.710780	-2.500834	-4.136711	0.177457	4.865140	0.423254	-0.203931	-0.114014	0.972324	0.335572	-0.941166	-0.039979	0.919676	0.318132	0.230193
54398	11.227262	-2.935484	-3.570443	0.361127	4.620471	0.356566	-0.245084	-0.132037	0.960469	0.339521	-0.939636	-0.042538	0.908108	0.315674	0.275119
54399	8.647477	-2.859560	-2.554386	0.538617	4.231973	0.193951	-0.282607	-0.147179	0.947877	0.344833	-0.937688	-0.042786	0.895111	0.314768	0.315749
54400	5.956526	-1.212720	-1.357024	0.793677	3.722886	-0.040815	-0.315930	-0.158562	0.935439	0.351607	-0.935302	-0.039789	0.881227	0.316337	0.351241
54401	4.543852	1.586175	0.768984	0.804569	3.073313	-0.256005	-0.343748	-0.165910	0.924289	0.357744	-0.933184	-0.034459	0.868249	0.318814	0.380134
54402	4.505342	3.620227	2.472479	0.204344	2.305911	-0.341706	-0.364996	-0.170054	0.915347	0.358155	-0.933162	-0.030549	0.859362	0.316686	0.401506
54403	5.269443	3.954009	2.967144	-0.672505	1.357629	-0.306596	-0.377756	-0.171409	0.909901	0.351189	-0.935808	-0.030489	0.856718	0.308030	0.413704
54404	6.060704	3.347279	2.607495	-1.283451	0.472629	-0.260086	-0.382809	-0.170387	0.907979	0.339073	-0.940164	-0.033472	0.859352	0.295058	0.417677
54405	5.912739	2.295898	1.803275	-1.647479	-0.321960	-0.227317	-0.380809	-0.167297	0.909393	0.323934	-0.945306	-0.038256	0.866055	0.280015	0.414174
54406	5.314638	0.748494	0.143370	-1.523801	-1.060051	-0.217159	-0.372363	-0.162324	0.913782	0.309763	-0.949863	-0.042506	0.874867	0.267228	0.403976
54407	5.172467	-0.083092	-1.268637	-1.049317	-1.682880	-0.253629	-0.358357	-0.155453	0.920551	0.299549	-0.953050	-0.044331	0.884223	0.259864	0.388098
54408	6.110862	0.606797	-2.014494	-0.626421	-2.187516	-0.315715	-0.339931	-0.146768	0.928927	0.292801	-0.955171	-0.043767	0.893708	0.257113	0.367666
54409	9.766727	0.743874	-3.148736	-0.583349	-2.491680	-0.361241	-0.318607	-0.136911	0.937947	0.286311	-0.957195	-0.042465	0.903613	0.255015	0.344168
54410	18.392508	-0.886801	0.235560	0.155414	-1.955290	-0.322418	-0.301880	-0.128773	0.944609	0.286666	-0.957241	-0.038882	0.909226	0.259049	0.325886
54411	26.712819	-4.866485	6.494680	-0.461902	-0.751210	-0.033902	-0.295156	-0.126493	0.947039	0.282298	-0.958491	-0.040041	0.912793	0.255529	0.318613
54412	24.548863	-10.313518	1.865521	-0.836308	-0.000845	-0.092557	-0.295470	-0.125579	0.947063	0.274324	-0.960728	-0.041806	0.915120	0.247450	0.318315
54413	9.012081	-3.666011	7.383973	1.065271	0.215561	-0.615333	-0.299174	-0.120194	0.946598	0.282166	-0.958813	-0.032567	0.911525	0.257354	0.320766
54414	2.459149	1.997734	7.536141	-0.220265	-0.527588	-0.572444	-0.296030	-0.113345	0.948430	0.278346	-0.960077	-0.027858	0.913723	0.255745	0.315761
54415	2.172553	2.676963	1.585866	-0.474797	-1.012851	-0.563085	-0.288327	-0.105339	0.951720	0.272294	-0.961915	-0.023975	0.918000	0.252235	0.306029
54416	6.400848	7.603639	1.509465	-1.056854	-1.359947	-0.769735	-0.277919	-0.094544	0.955941	0.260280	-0.965330	-0.019802	0.924670	0.243309	0.292892
54417	10.905785	8.080717	-1.427376	-3.314259	-1.831063	-0.511074	-0.262137	-0.085390	0.961245	0.227976	-0.973364	-0.024297	0.937716	0.212771	0.274621
54418	12.085202	2.619832	-4.186171	-4.807076	-2.143955	-0.367046	-0.242676	-0.077681	0.966992	0.181571	-0.982811	-0.033385	0.952964	0.167476	0.252609
54419	12.499029	-1.235236	-3.534319	-4.993295	-2.092069	-0.506336	-0.223417	-0.069655	0.972231	0.132418	-0.990365	-0.040524	0.965686	0.119687	0.230488
54420	14.914725	-3.349585	-3.905054	-3.904887	-1.972159	-0.656543	-0.205068	-0.061090	0.976839	0.093127	-0.994740	-0.042659	0.974307	0.082222	0.209678
54421	14.462020	-3.626844	-2.647766	-1.916782	-1.600000	-0.746863	-0.190078	-0.052457	0.980366	0.072870	-0.996571	-0.039196	0.979061	0.063989	0.193249
54422	11.461397	-1.849823	-2.100443	-0.465927	-1.399853	-0.770610	-0.176922	-0.043858	0.983247	0.066869	-0.997234	-0.032450	0.981951	0.060008	0.179366
54423	8.788482	-2.099937	-2.720639	0.205010	-1.364903	-0.771222	-0.164041	-0.035303	0.985822	0.067511	-0.997418	-0.024484	0.984141	0.062537	0.166001
54424	8.171567	-3.112121	-3.775080	1.055834	-1.259865	-0.785665	-0.152225	-0.026568	0.987989	0.076638	-0.996946	-0.015001	0.985370	0.073434	0.153796
54425	7.872061	-3.539195	-3.747760	2.061652	-1.075645	-0.770991	-0.142310	-0.017960	0.989659	0.095758	-0.995395	-0.004294	0.985179	0.094157	0.143374
54426	8.211587	-2.215305	-3.401083	3.201400	-0.950285	-0.696235	-0.133748	-0.009964	0.990965	0.126253	-0.991973	0.007065	0.982940	0.126057	0.133932
54427	8.603495	-0.010454	-1.648725	3.417482	-0.913403	-0.563796	-0.125610	-0.003054	0.992075	0.158997	-0.987131	0.017093	0.979256	0.159884	0.124479
