// General information: 
//  MT Manager version: 2022.2.0 
//  XDA version: 2022.2.0 build 7381 rev 124627 built on 2023-07-19
// Device information: 
//  DeviceId: 00B4CBA7
//  ProductCode: MTW2-3A7G6
//  Firmware Version: 4.6.0
//  Hardware Version: 2.0.0
// Device settings: 
//  Filter Profile: human(46.1)
//  Option Flags: Orientation Smoother Disabled, Position/Velocity Smoother Disabled, Continuous Zero Rotation Update Disabled, AHS Disabled, ICC Disabled
// Coordinate system: ENU
PacketCounter	Acc_X	Acc_Y	Acc_Z	Gyr_X	Gyr_Y	Gyr_Z	Mat[1][1]	Mat[2][1]	Mat[3][1]	Mat[1][2]	Mat[2][2]	Mat[3][2]	Mat[1][3]	Mat[2][3]	Mat[3][3]
52856	9.592435	-1.268075	-1.517805	-0.052034	0.139041	0.120972	-0.188707	0.063725	0.979964	-0.213192	0.971435	-0.104223	-0.958613	-0.228588	-0.169731
52857	9.555655	-1.268297	-1.459874	-0.068635	0.134521	0.116120	-0.187624	0.065109	0.980081	-0.212207	0.971549	-0.105166	-0.959044	-0.227712	-0.168469
52858	9.595748	-1.313635	-1.420428	-0.083629	0.138154	0.112858	-0.186521	0.066476	0.980199	-0.211191	0.971671	-0.106085	-0.959483	-0.226796	-0.167197
52859	9.532563	-1.271973	-1.511795	-0.091586	0.131578	0.105983	-0.185420	0.067758	0.980320	-0.209942	0.971854	-0.106882	-0.959971	-0.225628	-0.165976
52860	9.586108	-1.219090	-1.496839	-0.112234	0.134354	0.101298	-0.184326	0.069002	0.980440	-0.208674	0.972043	-0.107642	-0.960458	-0.224434	-0.164774
52861	9.578417	-1.139833	-1.511689	-0.141423	0.143704	0.098943	-0.183076	0.070250	0.980586	-0.206921	0.972346	-0.108292	-0.961076	-0.222729	-0.163477
52862	9.635477	-1.132737	-1.561281	-0.175847	0.150292	0.094481	-0.181809	0.071459	0.980734	-0.205055	0.972675	-0.108885	-0.961716	-0.220900	-0.162188
52863	9.661539	-1.213304	-1.483797	-0.211063	0.190275	0.096832	-0.180126	0.072766	0.980948	-0.202718	0.973106	-0.109409	-0.962528	-0.218563	-0.160531
52864	9.533236	-1.233959	-1.454993	-0.224353	0.181146	0.087816	-0.178542	0.073972	0.981148	-0.200396	0.973535	-0.109865	-0.963309	-0.216234	-0.158994
52865	9.532713	-1.341171	-1.485909	-0.249959	0.174794	0.084487	-0.176991	0.075116	0.981342	-0.197746	0.974037	-0.110222	-0.964142	-0.213565	-0.157542
52866	9.589938	-1.427445	-1.421191	-0.226364	0.168129	0.076085	-0.175503	0.076171	0.981528	-0.195425	0.974466	-0.110566	-0.964887	-0.211220	-0.156136
52867	9.617049	-1.281059	-1.485690	-0.205413	0.157977	0.070023	-0.174089	0.077127	0.981705	-0.193275	0.974861	-0.110863	-0.965576	-0.209039	-0.154806
52868	9.624962	-1.223172	-1.335195	-0.217805	0.170197	0.060199	-0.172545	0.078024	0.981907	-0.191063	0.975273	-0.111072	-0.966294	-0.206771	-0.153371
52869	9.566166	-1.194417	-1.194463	-0.224433	0.162884	0.058713	-0.171048	0.078879	0.982100	-0.188715	0.975712	-0.111233	-0.967021	-0.204364	-0.152008
52870	9.549322	-1.279557	-1.180100	-0.246568	0.146725	0.052921	-0.169712	0.079650	0.982270	-0.186236	0.976177	-0.111333	-0.967736	-0.201829	-0.150836
52871	9.545782	-1.422571	-1.091152	-0.244477	0.127244	0.043589	-0.168545	0.080271	0.982420	-0.183774	0.976644	-0.111328	-0.968411	-0.199307	-0.149857
52872	9.523681	-1.375466	-1.072753	-0.215682	0.113989	0.038856	-0.167496	0.080833	0.982553	-0.181615	0.977046	-0.111340	-0.969000	-0.197096	-0.148971
52873	9.565957	-1.400509	-1.091585	-0.205015	0.093246	0.027912	-0.166614	0.081233	0.982670	-0.179521	0.977445	-0.111239	-0.969542	-0.194944	-0.148273
52874	9.581499	-1.331035	-1.035002	-0.195667	0.073107	0.025389	-0.165935	0.081579	0.982756	-0.177578	0.977810	-0.111152	-0.970016	-0.192960	-0.147767
52875	9.575309	-1.301505	-1.069381	-0.196489	0.061383	0.019961	-0.165353	0.081836	0.982833	-0.175599	0.978185	-0.110992	-0.970476	-0.190937	-0.147376
52876	9.619184	-1.196045	-1.117084	-0.203349	0.050310	0.018248	-0.164882	0.082067	0.982893	-0.173590	0.978562	-0.110825	-0.970917	-0.188894	-0.147101
52877	9.689086	-1.125268	-1.229173	-0.230772	0.036791	0.013172	-0.164528	0.082206	0.982941	-0.171302	0.978997	-0.110550	-0.971384	-0.186568	-0.146991
52878	9.666628	-1.046758	-1.289379	-0.259970	0.040634	0.009619	-0.164135	0.082332	0.982996	-0.168756	0.979476	-0.110215	-0.971896	-0.183977	-0.146872
52879	9.574586	-0.981101	-1.379953	-0.308580	0.036660	0.012474	-0.163787	0.082459	0.983043	-0.165732	0.980037	-0.109820	-0.972474	-0.180909	-0.146852
52880	9.700024	-1.048875	-1.458046	-0.353712	0.032665	0.011750	-0.163474	0.082589	0.983085	-0.162268	0.980667	-0.109369	-0.973111	-0.177402	-0.146912
52881	9.667368	-1.196018	-1.510634	-0.350145	0.046736	0.005019	-0.163001	0.082666	0.983157	-0.158797	0.981294	-0.108837	-0.973763	-0.173862	-0.146824
52882	9.655686	-1.217190	-1.529260	-0.337018	0.045213	0.000889	-0.162547	0.082709	0.983228	-0.155508	0.981880	-0.108304	-0.974369	-0.170504	-0.146740
52883	9.612134	-1.231143	-1.536756	-0.319735	0.046140	-0.002281	-0.162077	0.082705	0.983306	-0.152373	0.982432	-0.107747	-0.974943	-0.167292	-0.146627
52884	9.587611	-1.219876	-1.558752	-0.289314	0.046849	-0.013635	-0.161585	0.082605	0.983395	-0.149569	0.982929	-0.107142	-0.975459	-0.164398	-0.146472
52885	9.587075	-1.098858	-1.526305	-0.268904	0.044705	-0.013148	-0.161116	0.082489	0.983482	-0.146953	0.983387	-0.106555	-0.975934	-0.161693	-0.146318
52886	9.612768	-1.011650	-1.557452	-0.266967	0.046100	-0.017414	-0.160627	0.082347	0.983574	-0.144371	0.983836	-0.105946	-0.976400	-0.159017	-0.146142
52887	9.647283	-0.912670	-1.516596	-0.282009	0.039313	-0.020229	-0.160196	0.082153	0.983661	-0.141617	0.984308	-0.105270	-0.976874	-0.156167	-0.146048
52888	9.628414	-0.873849	-1.484533	-0.311082	0.046400	-0.016807	-0.159705	0.082015	0.983752	-0.138600	0.984809	-0.104604	-0.977387	-0.153053	-0.145912
52889	9.630474	-1.012974	-1.444860	-0.345458	0.045848	-0.016381	-0.159212	0.081865	0.983844	-0.135211	0.985357	-0.103871	-0.977941	-0.149564	-0.145812
52890	9.616352	-1.104501	-1.427817	-0.350680	0.047025	-0.018511	-0.158714	0.081707	0.983938	-0.131805	0.985896	-0.103131	-0.978487	-0.146056	-0.145706
52891	9.622033	-1.228039	-1.442397	-0.327378	0.043109	-0.025765	-0.158253	0.081455	0.984033	-0.128643	0.986396	-0.102339	-0.978983	-0.142785	-0.145622
52892	9.635170	-1.195425	-1.422456	-0.299352	0.039197	-0.028191	-0.157820	0.081188	0.984125	-0.125752	0.986848	-0.101579	-0.979428	-0.139787	-0.145535
52893	9.638390	-1.147101	-1.386551	-0.276336	0.041493	-0.029443	-0.157360	0.080899	0.984222	-0.123057	0.987265	-0.100823	-0.979844	-0.136981	-0.145401
52894	9.615442	-1.035197	-1.355689	-0.275486	0.037550	-0.033431	-0.156938	0.080575	0.984316	-0.120405	0.987671	-0.100047	-0.980241	-0.134218	-0.145302
52895	9.643802	-0.993460	-1.296512	-0.288298	0.040747	-0.032477	-0.156482	0.080254	0.984415	-0.117589	0.988091	-0.099245	-0.980656	-0.131287	-0.145181
52896	9.613136	-1.069085	-1.231695	-0.281845	0.038371	-0.039347	-0.156047	0.079870	0.984515	-0.114881	0.988494	-0.098402	-0.981046	-0.128458	-0.145076
52897	9.586115	-1.128546	-1.219572	-0.257920	0.032378	-0.042597	-0.155659	0.079435	0.984612	-0.112371	0.988867	-0.097544	-0.981398	-0.125825	-0.145000
52898	9.631097	-1.102622	-1.210436	-0.231864	0.027390	-0.043020	-0.155330	0.078999	0.984699	-0.110157	0.989195	-0.096737	-0.981702	-0.123498	-0.144950
52899	9.602006	-1.048407	-1.163067	-0.211997	0.023765	-0.046562	-0.155031	0.078513	0.984785	-0.108115	0.989501	-0.095909	-0.981976	-0.121339	-0.144915
52900	9.603804	-1.098242	-1.181520	-0.197870	0.014605	-0.052397	-0.154820	0.077968	0.984861	-0.106248	0.989785	-0.095059	-0.982213	-0.119357	-0.144954
52901	9.607737	-1.107043	-1.164155	-0.172813	0.014332	-0.055684	-0.154601	0.077375	0.984942	-0.104607	0.990043	-0.094195	-0.982424	-0.117594	-0.144967
52902	9.595301	-1.067891	-1.167096	-0.159067	0.006554	-0.056207	-0.154466	0.076781	0.985010	-0.103126	0.990277	-0.093364	-0.982601	-0.116002	-0.145046
52903	9.600287	-1.133794	-1.168881	-0.128425	-0.001840	-0.059056	-0.154405	0.076138	0.985070	-0.101921	0.990480	-0.092532	-0.982737	-0.114687	-0.145174
52904	9.602956	-1.085903	-1.134033	-0.106477	-0.003619	-0.064169	-0.154363	0.075453	0.985129	-0.100969	0.990655	-0.091698	-0.982841	-0.113622	-0.145302
52905	9.575148	-1.055441	-1.176138	-0.082466	-0.009070	-0.067142	-0.154370	0.074722	0.985183	-0.100239	0.990806	-0.090855	-0.982915	-0.112779	-0.145461
52906	9.597775	-1.038282	-1.173458	-0.065235	-0.015622	-0.075454	-0.154437	0.073911	0.985234	-0.099710	0.990941	-0.089969	-0.982958	-0.112132	-0.145668
52907	9.652414	-1.026798	-1.182596	-0.048938	-0.023595	-0.078395	-0.154569	0.073056	0.985277	-0.099303	0.991063	-0.089063	-0.982979	-0.111607	-0.145933
52908	9.646133	-1.019602	-1.151464	-0.030953	-0.024103	-0.077103	-0.154718	0.072220	0.985316	-0.099113	0.991159	-0.088211	-0.982975	-0.111305	-0.146192
52909	9.585928	-0.982587	-1.184109	-0.019914	-0.044555	-0.081607	-0.155063	0.071303	0.985328	-0.099034	0.991246	-0.087316	-0.982928	-0.111121	-0.146644
52910	9.608233	-0.964902	-1.183732	-0.011226	-0.040901	-0.084769	-0.155369	0.070372	0.985347	-0.099051	0.991323	-0.086417	-0.982878	-0.111026	-0.147051
52911	9.605182	-0.940420	-1.206081	-0.004095	-0.050627	-0.083821	-0.155768	0.069430	0.985351	-0.099116	0.991394	-0.085524	-0.982808	-0.110986	-0.147546
52912	9.615399	-0.981017	-1.157317	0.005557	-0.050810	-0.088529	-0.156168	0.068451	0.985356	-0.099303	0.991453	-0.084613	-0.982726	-0.111063	-0.148035
52913	9.623921	-1.028484	-1.214833	0.019838	-0.055376	-0.091361	-0.156610	0.067427	0.985356	-0.099633	0.991499	-0.083682	-0.982622	-0.111279	-0.148561
52914	9.636182	-1.028243	-1.129573	0.053124	-0.054633	-0.095350	-0.157040	0.066375	0.985359	-0.100299	0.991508	-0.082775	-0.982486	-0.111830	-0.149049
52915	9.563773	-1.015867	-1.184161	0.068861	-0.064991	-0.100524	-0.157563	0.065249	0.985351	-0.101122	0.991503	-0.081826	-0.982318	-0.112534	-0.149626
52916	9.675478	-1.015675	-1.185676	0.091384	-0.069240	-0.101953	-0.158128	0.064115	0.985335	-0.102176	0.991470	-0.080911	-0.982118	-0.113472	-0.150228
52917	9.717904	-1.028365	-1.218178	0.129399	-0.059034	-0.102135	-0.158584	0.062980	0.985335	-0.103583	0.991395	-0.080039	-0.981897	-0.114757	-0.150696
52918	9.677015	-0.989542	-1.353300	0.162143	-0.066063	-0.104599	-0.159111	0.061822	0.985323	-0.105336	0.991277	-0.079205	-0.981625	-0.116393	-0.151211
52919	9.632737	-0.870063	-1.382107	0.161909	-0.065025	-0.113786	-0.159609	0.060565	0.985321	-0.107077	0.991165	-0.078269	-0.981356	-0.117997	-0.151714
52920	9.709285	-0.880601	-1.319679	0.165057	-0.063822	-0.109742	-0.160105	0.059356	0.985314	-0.108867	0.991039	-0.077391	-0.981078	-0.119659	-0.152208
52921	9.794768	-1.045173	-1.362797	0.184000	-0.049147	-0.112073	-0.160454	0.058129	0.985330	-0.110855	0.990887	-0.076508	-0.980799	-0.121505	-0.152548
52922	9.676863	-1.095120	-1.459190	0.229155	-0.044179	-0.110913	-0.160750	0.056931	0.985352	-0.113275	0.990674	-0.075718	-0.980473	-0.123788	-0.152802
52923	9.585767	-0.907156	-1.546910	0.251500	-0.052794	-0.117816	-0.161129	0.055642	0.985364	-0.115940	0.990429	-0.074887	-0.980100	-0.126310	-0.153136
52924	9.648174	-0.682339	-1.536029	0.251342	-0.062194	-0.121653	-0.161583	0.054314	0.985363	-0.118595	0.990179	-0.074027	-0.979707	-0.128820	-0.153555
52925	9.683930	-0.524212	-1.514016	0.225638	-0.045812	-0.122598	-0.161865	0.052988	0.985389	-0.120974	0.989960	-0.073105	-0.979370	-0.131039	-0.153830
52926	9.740629	-0.673578	-1.436462	0.199995	-0.029637	-0.121222	-0.161994	0.051704	0.985436	-0.123124	0.989764	-0.072171	-0.979080	-0.133022	-0.153970
52927	9.787088	-0.947041	-1.429671	0.224713	-0.014893	-0.115347	-0.161986	0.050484	0.985501	-0.125519	0.989524	-0.071321	-0.978778	-0.135253	-0.153952
52928	9.604488	-0.956281	-1.569421	0.262977	-0.020705	-0.121091	-0.162022	0.049213	0.985559	-0.128284	0.989229	-0.070486	-0.978413	-0.137852	-0.153963
52929	9.648122	-0.756809	-1.543742	0.298150	-0.033335	-0.127178	-0.162164	0.047854	0.985603	-0.131390	0.988882	-0.069631	-0.977977	-0.140790	-0.154073
52930	9.613013	-0.514457	-1.499368	0.299641	-0.030661	-0.126266	-0.162282	0.046517	0.985647	-0.134520	0.988520	-0.068801	-0.977532	-0.143754	-0.154162
52931	9.564445	-0.412121	-1.475672	0.264705	-0.034305	-0.127909	-0.162429	0.045149	0.985687	-0.137305	0.988200	-0.067890	-0.977120	-0.146367	-0.154313
52932	9.599133	-0.466680	-1.506119	0.232969	-0.036356	-0.125309	-0.162597	0.043813	0.985719	-0.139780	0.987916	-0.066967	-0.976741	-0.148672	-0.154508
52933	9.590140	-0.469066	-1.580424	0.222198	-0.036591	-0.124316	-0.162759	0.042477	0.985751	-0.142127	0.987644	-0.066026	-0.976376	-0.150848	-0.154711
52934	9.613185	-0.477019	-1.666325	0.201086	-0.038123	-0.127379	-0.162935	0.041117	0.985780	-0.144293	0.987396	-0.065034	-0.976028	-0.152837	-0.154949
52935	9.646347	-0.431872	-1.645866	0.196808	-0.040405	-0.121198	-0.163140	0.039802	0.985800	-0.146408	0.987146	-0.064086	-0.975679	-0.154784	-0.155216
52936	9.584373	-0.397342	-1.678593	0.168658	-0.042151	-0.119540	-0.163361	0.038513	0.985814	-0.148244	0.986934	-0.063122	-0.975365	-0.156453	-0.155517
52937	9.584160	-0.388662	-1.681840	0.147474	-0.038556	-0.117010	-0.163554	0.037233	0.985832	-0.149907	0.986745	-0.062138	-0.975078	-0.157946	-0.155804
52938	9.543459	-0.458156	-1.708806	0.133751	-0.040863	-0.117908	-0.163760	0.035961	0.985844	-0.151400	0.986580	-0.061137	-0.974813	-0.159269	-0.156118
52939	9.521581	-0.459658	-1.715850	0.124788	-0.038546	-0.115861	-0.163946	0.034702	0.985859	-0.152797	0.986426	-0.060132	-0.974564	-0.160495	-0.156419
52940	9.507871	-0.491463	-1.685705	0.111271	-0.041622	-0.119400	-0.164154	0.033413	0.985869	-0.154073	0.986291	-0.059081	-0.974328	-0.161594	-0.156756
52941	9.496175	-0.552847	-1.584428	0.101609	-0.041108	-0.114458	-0.164357	0.032166	0.985876	-0.155215	0.986173	-0.058052	-0.974112	-0.162564	-0.157091
52942	9.470354	-0.697275	-1.484144	0.093483	-0.046643	-0.118925	-0.164611	0.030873	0.985875	-0.156317	0.986062	-0.056979	-0.973893	-0.163489	-0.157491
52943	9.422415	-0.894609	-1.421683	0.092057	-0.041206	-0.112148	-0.164821	0.029642	0.985878	-0.157398	0.985949	-0.055958	-0.973684	-0.164398	-0.157839
52944	9.400011	-1.183079	-1.247253	0.106066	-0.058826	-0.116528	-0.165195	0.028352	0.985853	-0.158618	0.985811	-0.054929	-0.973422	-0.165448	-0.158354
52945	9.388754	-1.487407	-1.088353	0.157620	-0.070160	-0.115212	-0.165683	0.027035	0.985808	-0.160377	0.985579	-0.053983	-0.973051	-0.167045	-0.158957
52946	9.290224	-1.762555	-0.980148	0.264454	-0.080039	-0.122094	-0.166249	0.025653	0.985750	-0.163148	0.985169	-0.053153	-0.972494	-0.169660	-0.159598
52947	9.281104	-1.738100	-0.967536	0.401402	-0.101442	-0.130148	-0.167006	0.024145	0.985660	-0.167263	0.984516	-0.052457	-0.971665	-0.173625	-0.160382
52948	9.385920	-1.418956	-1.031569	0.552870	-0.120644	-0.138989	-0.167926	0.022520	0.985542	-0.172861	0.983576	-0.051929	-0.970526	-0.179082	-0.161275
52949	9.606614	-0.493305	-1.312422	0.735439	-0.134451	-0.163188	-0.168920	0.020614	0.985414	-0.180270	0.982271	-0.051450	-0.969004	-0.186332	-0.162209
52950	9.736226	1.073759	-1.531023	0.709530	-0.166699	-0.177782	-0.170191	0.018508	0.985237	-0.187437	0.980962	-0.050806	-0.967420	-0.193317	-0.163482
52951	10.200970	1.769775	-1.296465	0.437084	-0.175635	-0.165801	-0.171557	0.016487	0.985036	-0.191942	0.980140	-0.049834	-0.966295	-0.197619	-0.164985
52952	10.082802	1.133304	-1.126272	0.172988	-0.131815	-0.134154	-0.172555	0.014866	0.984888	-0.193840	0.979821	-0.048751	-0.965738	-0.199323	-0.166192
52953	9.633991	0.093288	-1.423309	0.019927	-0.146369	-0.116720	-0.173734	0.013371	0.984702	-0.194272	0.979793	-0.047580	-0.965440	-0.199567	-0.167626
52954	9.385967	-0.819844	-1.639779	0.038070	-0.170464	-0.113947	-0.175142	0.011870	0.984472	-0.194835	0.979734	-0.046475	-0.965072	-0.199949	-0.169280
52955	9.329318	-1.363037	-1.808883	0.173257	-0.182594	-0.125731	-0.176635	0.010216	0.984223	-0.196717	0.979405	-0.045471	-0.964418	-0.201645	-0.170988
52956	9.395892	-1.423490	-1.859879	0.322707	-0.187379	-0.147243	-0.178133	0.008350	0.983971	-0.200085	0.978766	-0.044529	-0.963449	-0.204810	-0.172680
52957	9.483699	-1.227337	-1.815949	0.431161	-0.176428	-0.168462	-0.179473	0.006278	0.983743	-0.204557	0.977885	-0.043560	-0.962261	-0.209049	-0.174220
52958	9.573379	-0.962920	-1.847089	0.474840	-0.182826	-0.169778	-0.180863	0.004189	0.983499	-0.209425	0.976893	-0.042673	-0.960952	-0.213688	-0.175807
52959	9.628218	-0.761058	-1.794253	0.468217	-0.177355	-0.168052	-0.182186	0.002113	0.983262	-0.214207	0.975894	-0.041788	-0.959648	-0.218235	-0.177342
52960	9.906999	-0.529911	-1.653107	0.437984	-0.103651	-0.154698	-0.182828	0.000333	0.983145	-0.218687	0.974933	-0.040997	-0.958514	-0.222496	-0.178173
52961	9.888881	-0.839443	-1.264694	0.385971	0.015877	-0.150732	-0.182337	-0.001151	0.983235	-0.222679	0.974065	-0.040154	-0.957689	-0.226267	-0.177865
52962	9.160795	-1.382921	-0.817342	0.386588	0.147291	-0.170315	-0.180527	-0.002517	0.983567	-0.226685	0.973182	-0.039116	-0.957091	-0.230022	-0.176256
52963	8.301043	-1.329218	-0.735885	0.538578	0.057076	-0.208555	-0.179485	-0.004463	0.983751	-0.232212	0.971924	-0.037958	-0.955962	-0.235252	-0.175482
52964	8.623004	-1.389139	-0.737904	0.696562	-0.036888	-0.227152	-0.179284	-0.006800	0.983774	-0.239269	0.970252	-0.036898	-0.954258	-0.242002	-0.175577
52965	9.087286	-1.108913	-0.914398	0.922821	-0.147298	-0.252601	-0.180051	-0.009659	0.983610	-0.248516	0.967959	-0.035986	-0.951746	-0.250923	-0.176683
52966	9.448442	-0.655280	-1.051031	1.084048	-0.220796	-0.251174	-0.181493	-0.012695	0.983310	-0.259268	0.965157	-0.035393	-0.948599	-0.261364	-0.178461
52967	9.849945	-0.036153	-1.464234	1.145555	-0.282411	-0.244943	-0.183498	-0.015849	0.982892	-0.270539	0.962073	-0.034994	-0.945059	-0.272332	-0.180826
52968	9.888604	0.521566	-1.629470	1.143251	-0.302441	-0.233326	-0.185687	-0.018972	0.982426	-0.281750	0.958859	-0.034736	-0.941349	-0.283248	-0.183393
52969	9.912848	0.853493	-1.885193	1.002624	-0.337718	-0.224811	-0.188210	-0.022154	0.981879	-0.291656	0.955907	-0.034337	-0.937824	-0.292833	-0.186373
52970	9.882024	0.774144	-2.147176	0.807355	-0.349243	-0.214641	-0.190825	-0.025282	0.981298	-0.299619	0.953464	-0.033700	-0.934780	-0.300447	-0.189519
52971	9.727358	0.522444	-2.503932	0.657544	-0.349326	-0.203395	-0.193465	-0.028331	0.980698	-0.306197	0.951399	-0.032919	-0.932102	-0.306655	-0.192738
52972	9.689032	0.304142	-2.808885	0.560405	-0.346487	-0.202738	-0.196043	-0.031372	0.980093	-0.311806	0.949608	-0.031973	-0.929701	-0.311867	-0.195946
52973	9.809121	0.246398	-3.061106	0.467975	-0.321729	-0.203501	-0.198359	-0.034370	0.979527	-0.316561	0.948071	-0.030839	-0.927600	-0.316197	-0.198939
52974	9.944200	0.100404	-3.133397	0.394203	-0.281390	-0.194567	-0.200326	-0.037150	0.979025	-0.320600	0.946750	-0.029675	-0.925789	-0.319820	-0.201568
52975	9.913856	-0.010038	-3.018256	0.342712	-0.247703	-0.195754	-0.201950	-0.039868	0.978584	-0.324203	0.945562	-0.028383	-0.924180	-0.322992	-0.203881
52976	9.941409	-0.064478	-2.972323	0.299219	-0.225925	-0.196180	-0.203375	-0.042496	0.978178	-0.327362	0.944512	-0.027029	-0.922753	-0.325716	-0.206002
52977	9.866020	-0.088575	-2.818769	0.268759	-0.191843	-0.196067	-0.204490	-0.045046	0.977832	-0.330327	0.943519	-0.025615	-0.921449	-0.328242	-0.207820
52978	9.681603	-0.023288	-2.551888	0.236515	-0.180644	-0.194334	-0.205487	-0.047515	0.977506	-0.332902	0.942652	-0.024161	-0.920300	-0.330378	-0.209521
52979	9.609965	0.045750	-2.287324	0.193287	-0.175992	-0.192533	-0.206443	-0.049972	0.977182	-0.335110	0.941907	-0.022629	-0.919284	-0.332135	-0.211196
52980	9.528585	0.134067	-2.008934	0.149176	-0.163444	-0.189455	-0.207286	-0.052341	0.976879	-0.336871	0.941316	-0.021046	-0.918450	-0.333444	-0.212754
52981	9.467858	0.045678	-1.746593	0.099950	-0.159729	-0.178023	-0.208126	-0.054610	0.976576	-0.338184	0.940879	-0.019459	-0.917777	-0.334313	-0.214289
52982	9.366350	-0.063650	-1.627385	0.071734	-0.176171	-0.178528	-0.209115	-0.056920	0.976233	-0.339213	0.940541	-0.017822	-0.917172	-0.334878	-0.215989
52983	9.377178	-0.169737	-1.513519	0.060527	-0.194376	-0.176093	-0.210272	-0.059292	0.975843	-0.340176	0.940223	-0.016172	-0.916551	-0.335359	-0.217872
52984	9.312084	-0.432376	-1.433577	0.079362	-0.206517	-0.185777	-0.211509	-0.061773	0.975422	-0.341294	0.939845	-0.014485	-0.915851	-0.335969	-0.219868
52985	9.272283	-0.593038	-1.336002	0.149735	-0.240027	-0.192793	-0.213031	-0.064444	0.974918	-0.343096	0.939212	-0.012887	-0.914824	-0.337236	-0.222191
52986	9.288384	-0.750700	-1.198966	0.220952	-0.274280	-0.206078	-0.214806	-0.067347	0.974332	-0.345555	0.938330	-0.011324	-0.913482	-0.339118	-0.224831
52987	9.291690	-0.837028	-1.079692	0.298897	-0.316469	-0.220052	-0.216905	-0.070546	0.973640	-0.348783	0.937152	-0.009799	-0.911758	-0.341715	-0.227878
52988	9.323429	-0.826817	-0.979324	0.374268	-0.365086	-0.228913	-0.219404	-0.073984	0.972825	-0.352690	0.935703	-0.008383	-0.909655	-0.344945	-0.231390
52989	9.325683	-0.715026	-0.676482	0.417218	-0.412321	-0.243047	-0.222269	-0.077737	0.971882	-0.357042	0.934063	-0.006943	-0.907259	-0.348545	-0.235368
52990	9.393567	-0.703669	-0.368599	0.444368	-0.470190	-0.243829	-0.225629	-0.081700	0.970781	-0.361613	0.932312	-0.005583	-0.904615	-0.352307	-0.239900
52991	9.384166	-0.699100	-0.072987	0.496477	-0.534185	-0.244070	-0.229530	-0.085932	0.969501	-0.366701	0.930329	-0.004357	-0.901580	-0.356517	-0.245049
52992	9.252210	-0.700722	0.543213	0.515796	-0.612105	-0.248850	-0.234096	-0.090480	0.967994	-0.371920	0.928259	-0.003177	-0.898262	-0.360760	-0.250953
52993	9.373141	-0.554446	0.877357	0.585169	-0.724236	-0.242633	-0.239669	-0.095410	0.966155	-0.377800	0.925885	-0.002286	-0.894330	-0.365561	-0.257952
52994	9.441515	-0.128532	1.183884	0.614648	-0.831590	-0.234868	-0.246170	-0.100682	0.963983	-0.383854	0.923392	-0.001581	-0.889975	-0.370418	-0.265959
52995	9.510396	0.218289	1.492151	0.567683	-0.959867	-0.221243	-0.253809	-0.106370	0.961388	-0.389549	0.921005	-0.000940	-0.885343	-0.374747	-0.275196
52996	9.597101	0.441609	1.315662	0.476240	-1.095086	-0.204169	-0.262654	-0.112409	0.958320	-0.394283	0.918989	-0.000268	-0.880655	-0.377920	-0.285698
52997	9.771246	0.483762	0.886100	0.391680	-1.233118	-0.182427	-0.272742	-0.118800	0.954724	-0.398248	0.917278	0.000370	-0.875791	-0.380116	-0.297492
52998	10.223044	0.556566	0.336018	0.267870	-1.370489	-0.171503	-0.284002	-0.125626	0.950558	-0.401067	0.916048	0.001237	-0.870912	-0.380886	-0.310544
52999	10.847972	0.480497	0.017566	0.101450	-1.472475	-0.174961	-0.296061	-0.132882	0.945881	-0.402512	0.915411	0.002615	-0.866217	-0.379954	-0.324504
53000	11.459430	0.202323	-0.277131	-0.095188	-1.552375	-0.195239	-0.308665	-0.140584	0.940724	-0.402284	0.915502	0.004820	-0.861913	-0.376950	-0.339138
53001	12.384982	-0.359480	-0.154310	-0.282675	-1.612322	-0.236136	-0.321546	-0.148811	0.935127	-0.400590	0.916222	0.008059	-0.857984	-0.372011	-0.354220
53002	13.158919	-0.860918	-0.292925	-0.376072	-1.638591	-0.298114	-0.334358	-0.157630	0.929170	-0.398353	0.917151	0.012246	-0.854119	-0.366043	-0.369449
53003	13.426350	-1.278925	-0.856937	-0.318734	-1.687448	-0.346989	-0.347307	-0.167025	0.922757	-0.396923	0.917699	0.016715	-0.849606	-0.360459	-0.385019
53004	13.259192	-1.345332	-2.061647	-0.302571	-1.638372	-0.327949	-0.359866	-0.175935	0.916266	-0.395526	0.918216	0.020966	-0.845018	-0.354862	-0.400021
53005	12.634226	-1.119682	-3.045769	-0.285173	-1.563314	-0.253857	-0.372005	-0.183852	0.909841	-0.394171	0.918711	0.024481	-0.840382	-0.349526	-0.414235
53006	12.237971	-1.024307	-3.526947	-0.282063	-1.440398	-0.154847	-0.383446	-0.190312	0.903742	-0.392399	0.919395	0.027118	-0.836058	-0.344229	-0.427217
53007	12.035867	-0.321697	-4.245366	-0.135847	-1.264808	-0.058046	-0.393727	-0.195270	0.898248	-0.391627	0.919690	0.028271	-0.831629	-0.340647	-0.438580
53008	12.118019	0.899536	-4.263412	-0.037322	-1.003753	0.003954	-0.402047	-0.198682	0.893803	-0.391310	0.919819	0.028447	-0.827789	-0.338317	-0.447556
53009	11.826364	1.773447	-3.285592	-0.141052	-0.633539	0.068515	-0.407542	-0.200255	0.890959	-0.389977	0.920384	0.028486	-0.825729	-0.335844	-0.453190
53010	11.274083	2.038041	-3.065472	-0.405836	-0.283693	0.133375	-0.410379	-0.200013	0.889710	-0.386089	0.922000	0.029189	-0.826151	-0.331528	-0.455592
53011	11.275613	1.810070	-2.514967	-0.718743	0.130505	0.183320	-0.409949	-0.197980	0.890363	-0.379497	0.924677	0.030879	-0.829412	-0.325231	-0.454204
53012	10.964452	1.086093	-2.237766	-0.824468	0.567864	0.216569	-0.406014	-0.194187	0.892997	-0.371762	0.927751	0.032717	-0.834833	-0.318699	-0.448871
53013	10.006525	-0.328800	-2.804398	-0.734229	0.926314	0.257662	-0.399153	-0.188924	0.897209	-0.364634	0.930540	0.033723	-0.841261	-0.313692	-0.440316
53014	9.136998	-1.313097	-2.952273	-0.424661	1.229924	0.301458	-0.389836	-0.182309	0.902658	-0.359867	0.932423	0.032903	-0.847658	-0.312010	-0.429099
53015	8.653304	-1.480903	-2.916756	0.077456	1.513637	0.300153	-0.377998	-0.174795	0.909156	-0.359392	0.932708	0.029900	-0.853203	-0.315441	-0.415382
53016	8.471675	-1.309736	-2.900874	0.580109	1.762588	0.283880	-0.363923	-0.166556	0.916416	-0.363308	0.931334	0.024992	-0.857652	-0.323846	-0.399445
53017	8.554359	-0.716460	-2.986336	1.000324	1.982941	0.246332	-0.347717	-0.157737	0.924236	-0.370994	0.928443	0.018879	-0.861078	-0.336322	-0.381355
53018	8.931740	0.175101	-3.010461	1.243325	2.198636	0.193017	-0.329456	-0.148431	0.932431	-0.381070	0.924461	0.012518	-0.863854	-0.351197	-0.361132
53019	9.244559	1.059991	-2.983829	1.265209	2.441847	0.128007	-0.308747	-0.138496	0.941007	-0.391569	0.920122	0.006948	-0.866804	-0.366324	-0.338316
53020	9.313886	1.589954	-3.092847	1.108974	2.658769	0.059038	-0.285862	-0.128071	0.949674	-0.401030	0.916061	0.002824	-0.870321	-0.380041	-0.313227
53021	9.360133	1.671794	-3.040741	0.863612	2.864546	-0.003072	-0.260778	-0.117060	0.958275	-0.408525	0.912747	0.000325	-0.874701	-0.391395	-0.285846
53022	9.367631	1.427043	-2.990598	0.630923	3.050593	-0.066183	-0.233719	-0.105622	0.966550	-0.414225	0.910174	-0.000701	-0.879655	-0.400533	-0.256476
53023	9.440213	1.051458	-3.003437	0.440408	3.185559	-0.110915	-0.205063	-0.093795	0.974244	-0.418337	0.908292	-0.000608	-0.884841	-0.407687	-0.225495
53024	9.508790	0.536096	-2.833818	0.371273	3.306715	-0.138297	-0.175116	-0.081504	0.981168	-0.421892	0.906646	0.000015	-0.889574	-0.413945	-0.193154
53025	9.638928	-0.068194	-2.595002	0.422831	3.380699	-0.167517	-0.144119	-0.068945	0.987156	-0.425833	0.904801	0.001024	-0.893250	-0.420216	-0.159758
53026	9.819777	-0.351568	-2.272495	0.614778	3.424148	-0.179724	-0.112703	-0.056086	0.992045	-0.431557	0.902084	0.001972	-0.895018	-0.427901	-0.125872
53027	9.869545	-0.493979	-1.932605	0.826871	3.425469	-0.172832	-0.081167	-0.042863	0.995778	-0.439058	0.898454	0.002885	-0.894785	-0.436970	-0.091744
53028	9.829463	-0.578454	-1.820802	1.031353	3.348294	-0.140616	-0.050592	-0.029354	0.998288	-0.448360	0.893846	0.003560	-0.892420	-0.447412	-0.058383
53029	9.765634	-0.675164	-1.480829	1.297301	3.234476	-0.081980	-0.021302	-0.015455	0.999654	-0.459878	0.887974	0.003928	-0.887727	-0.459635	-0.026023
53030	9.562823	-0.815245	-1.129653	1.560408	3.104054	-0.015889	0.006249	-0.001146	0.999980	-0.473667	0.880695	0.003969	-0.880682	-0.473683	0.004961
53031	9.365237	-1.032209	-0.982503	1.729683	2.929953	0.037197	0.031886	0.013248	0.999404	-0.488749	0.872415	0.004029	-0.871842	-0.488586	0.034293
53032	9.123055	-1.259579	-0.932508	1.848639	2.748903	0.068793	0.055399	0.027453	0.998087	-0.504789	0.863232	0.004275	-0.861463	-0.504060	0.061680
53033	8.922517	-1.394827	-0.823136	1.947042	2.589907	0.061718	0.077341	0.041217	0.996152	-0.521444	0.853270	0.005180	-0.849773	-0.519839	0.087485
53034	8.845197	-1.602897	-0.344827	2.034353	2.462210	0.007331	0.098098	0.054242	0.993697	-0.538594	0.842535	0.007180	-0.836835	-0.535904	0.111866
53035	8.523419	-1.679794	-0.158357	2.122746	2.274147	-0.079962	0.117522	0.065915	0.990880	-0.556070	0.831067	0.010668	-0.822785	-0.552252	0.134322
53036	8.538699	-1.609701	-0.046459	2.281885	2.085505	-0.168264	0.135504	0.076192	0.987843	-0.574441	0.818396	0.015674	-0.807253	-0.569581	0.154664
53037	8.220855	-0.301188	0.203158	2.444939	1.939962	-0.242794	0.152491	0.085426	0.984606	-0.593590	0.804463	0.022136	-0.790189	-0.587827	0.173382
53038	7.657761	1.516092	0.604608	2.470716	1.698988	-0.223377	0.167149	0.093755	0.981464	-0.612523	0.789926	0.028858	-0.772578	-0.605993	0.189462
53039	7.351811	2.879816	1.587158	2.091896	1.405655	-0.130056	0.178779	0.101336	0.978657	-0.628268	0.777241	0.034290	-0.757177	-0.620989	0.202621
53040	7.297105	3.475258	2.793894	1.454610	1.077320	0.015785	0.186811	0.108172	0.976422	-0.639212	0.768130	0.037199	-0.745995	-0.631090	0.212640
53041	7.273420	3.300351	3.343572	0.745714	0.779270	0.166823	0.191604	0.114359	0.974787	-0.645031	0.763248	0.037245	-0.739745	-0.635905	0.220007
53042	7.082543	2.591949	3.066506	0.107966	0.529958	0.297209	0.193636	0.119966	0.973711	-0.646384	0.762226	0.034632	-0.738033	-0.636097	0.225139
53043	6.601900	1.526066	2.081565	-0.444855	0.283576	0.394800	0.193266	0.124749	0.973183	-0.643818	0.764596	0.029846	-0.740369	-0.632321	0.228086
53044	6.364376	0.365223	0.874761	-0.799966	0.024491	0.454527	0.190568	0.128358	0.973246	-0.638730	0.769068	0.023638	-0.745458	-0.626146	0.228546
53045	6.579744	-0.361593	-0.088497	-0.937718	-0.177225	0.458658	0.186407	0.130763	0.973732	-0.632532	0.774345	0.017103	-0.751768	-0.619105	0.227055
53046	6.826735	-0.689482	-0.865781	-0.954882	-0.351429	0.437699	0.181034	0.131969	0.974582	-0.626109	0.779662	0.010729	-0.758429	-0.612137	0.223772
53047	7.279561	-0.804934	-1.376415	-0.880911	-0.524164	0.406275	0.174588	0.131922	0.975764	-0.620081	0.784522	0.004881	-0.764865	-0.605905	0.218770
53048	7.794868	-1.381673	-1.371428	-0.744560	-0.644618	0.388562	0.167274	0.131056	0.977161	-0.615012	0.788518	-0.000476	-0.770571	-0.600886	0.212500
53049	7.931511	-1.908743	-1.251030	-0.536878	-0.733148	0.371949	0.159400	0.129569	0.978674	-0.611433	0.791279	-0.005173	-0.775075	-0.597569	0.205352
53050	7.877439	-2.330657	-1.169616	-0.235117	-0.838788	0.363005	0.150704	0.127402	0.980335	-0.610154	0.792230	-0.009159	-0.777818	-0.596775	0.197127
53051	7.733106	-2.716046	-1.218060	0.160459	-0.974132	0.367626	0.140946	0.124455	0.982164	-0.611905	0.790834	-0.012399	-0.778271	-0.599244	0.187619
53052	7.563455	-3.182013	-0.929038	0.480767	-1.077384	0.371583	0.130321	0.120872	0.984076	-0.616132	0.787498	-0.015132	-0.776787	-0.604349	0.177100
53053	8.665558	-2.827286	0.118765	0.899318	-1.161246	0.336064	0.119302	0.116414	0.986010	-0.623492	0.781648	-0.016846	-0.772673	-0.612760	0.165835
53054	12.414675	-0.140005	1.976976	1.590257	-1.096948	0.157554	0.109917	0.110810	0.987745	-0.635877	0.771629	-0.015804	-0.763924	-0.626347	0.155276
53055	19.707997	3.599476	7.023554	2.480414	-0.319829	-0.154925	0.108558	0.107567	0.988253	-0.654440	0.756042	-0.010403	-0.748280	-0.645623	0.152470
53056	21.102598	5.064245	6.184078	3.798184	-0.198834	-0.293847	0.109095	0.104040	0.988572	-0.682053	0.731301	-0.001695	-0.723120	-0.674073	0.150742
53057	16.239777	5.317615	-0.246717	3.646624	-1.145072	0.031185	0.100806	0.096361	0.990229	-0.707990	0.706215	0.003350	-0.698991	-0.701410	0.139413
53058	11.448229	10.225778	1.384535	2.505275	-1.757564	0.487285	0.085208	0.087235	0.992537	-0.725739	0.687968	0.001837	-0.682673	-0.720479	0.121930
53059	8.871466	10.092512	2.225232	0.577563	-1.976811	0.694457	0.066765	0.077665	0.994742	-0.730162	0.683260	-0.004339	-0.680004	-0.726033	0.102325
53060	5.981703	4.396829	0.599541	-1.129369	-1.772229	0.775664	0.049034	0.070157	0.996330	-0.722868	0.690862	-0.013072	-0.689244	-0.719574	0.084591
53061	5.166651	-3.360293	-1.691981	-1.927085	-1.696799	0.755933	0.031891	0.063284	0.997486	-0.709702	0.704159	-0.021984	-0.703780	-0.707217	0.067369
53062	6.359137	-10.216388	-4.757531	-0.990479	-1.827702	0.664685	0.014303	0.055087	0.998379	-0.702838	0.710753	-0.029148	-0.711206	-0.701282	0.048883
53063	9.164959	-11.937955	-7.917587	0.718644	-1.726077	0.444560	-0.000989	0.046043	0.998939	-0.707923	0.705508	-0.033219	-0.706289	-0.707205	0.031897
53064	10.374469	-7.297917	-4.571466	2.312882	-1.339750	0.320916	-0.012600	0.038666	0.999173	-0.724038	0.688832	-0.035787	-0.689645	-0.723889	0.019316
53065	10.868217	-1.511502	-2.276285	2.668578	-1.360134	0.424565	-0.024899	0.031547	0.999192	-0.742077	0.669143	-0.039619	-0.669852	-0.742464	0.006749
53066	12.219714	3.234504	-1.445898	1.904331	-1.248322	0.526597	-0.037071	0.025658	0.998983	-0.754524	0.654740	-0.044816	-0.655224	-0.755419	-0.004912
53067	11.059697	5.941761	-1.439531	0.495873	-0.950526	0.659225	-0.048203	0.022734	0.998579	-0.757461	0.650856	-0.051381	-0.651099	-0.758861	-0.014153
53068	8.850664	6.049108	-2.719017	-1.078652	-0.810509	0.746477	-0.059098	0.021475	0.998021	-0.749990	0.658849	-0.058588	-0.658804	-0.751968	-0.022831
53069	8.174718	3.791483	-3.264259	-1.923745	-0.715132	0.803593	-0.069765	0.021457	0.997333	-0.736632	0.673064	-0.066009	-0.672685	-0.739273	-0.031151
53070	8.246291	0.247661	-3.079687	-2.027234	-0.723946	0.798098	-0.080470	0.021559	0.996524	-0.722246	0.687752	-0.073200	-0.686939	-0.725626	-0.039773
53071	9.051828	-3.084843	-3.419946	-1.389722	-0.844507	0.734863	-0.091513	0.020518	0.995592	-0.711966	0.697662	-0.079821	-0.696225	-0.716133	-0.049237
53072	9.912659	-4.607713	-3.260466	-0.234882	-0.877441	0.654243	-0.102238	0.018783	0.994583	-0.709692	0.699224	-0.086158	-0.697054	-0.714656	-0.058157
53073	9.892831	-3.985144	-2.893524	0.784651	-0.869870	0.589045	-0.112407	0.016603	0.993523	-0.714472	0.693533	-0.092425	-0.690576	-0.720234	-0.066096
53074	9.551472	-2.378777	-2.077092	1.282329	-0.823547	0.538180	-0.121881	0.014315	0.992441	-0.722629	0.684166	-0.098615	-0.680406	-0.729186	-0.073042
53075	9.522866	-0.637192	-1.251770	1.142583	-0.766136	0.519461	-0.130776	0.012190	0.991337	-0.729669	0.675758	-0.104567	-0.671179	-0.737023	-0.079478
53076	9.704410	0.388920	-0.718855	0.557660	-0.697125	0.540043	-0.139347	0.010651	0.990186	-0.732667	0.671585	-0.110331	-0.666170	-0.740851	-0.085780
53077	9.839899	0.059913	-0.637531	-0.087993	-0.642976	0.569599	-0.147741	0.009677	0.988979	-0.731236	0.672220	-0.115815	-0.665932	-0.740288	-0.092239
53078	9.787220	-1.074191	-0.803339	-0.484165	-0.623966	0.574365	-0.156054	0.008913	0.987708	-0.727132	0.675753	-0.120982	-0.668525	-0.737074	-0.098973
53079	9.551304	-2.387181	-1.051574	-0.593202	-0.642986	0.551150	-0.164300	0.007884	0.986379	-0.722248	0.680109	-0.125740	-0.671836	-0.733069	-0.106048
53080	9.389182	-3.444503	-1.198834	-0.447538	-0.666133	0.504788	-0.172380	0.006426	0.985010	-0.718386	0.683356	-0.130178	-0.673949	-0.730057	-0.113181
53081	9.383264	-3.686372	-1.556931	-0.122501	-0.713771	0.450443	-0.180367	0.004260	0.983590	-0.716742	0.684265	-0.134397	-0.673609	-0.729221	-0.120365
53082	9.466592	-3.133835	-1.830712	0.138201	-0.758586	0.408071	-0.188354	0.001489	0.982100	-0.716919	0.683254	-0.138532	-0.671230	-0.730180	-0.127626
53083	9.670823	-2.188009	-1.793637	0.234242	-0.766936	0.372693	-0.196111	-0.001610	0.980580	-0.717751	0.681577	-0.142427	-0.668112	-0.731744	-0.134820
53084	9.708586	-1.419989	-1.829038	0.126384	-0.749865	0.347157	-0.203565	-0.004762	0.979050	-0.717901	0.680672	-0.145957	-0.665717	-0.732573	-0.141980
53085	9.592111	-1.026666	-1.790175	-0.105537	-0.715854	0.340751	-0.210723	-0.007717	0.977515	-0.716475	0.681500	-0.149070	-0.665026	-0.731778	-0.149137
53086	9.531619	-1.308291	-1.731201	-0.317504	-0.682079	0.342955	-0.217676	-0.010386	0.975966	-0.713629	0.683859	-0.151888	-0.665846	-0.729540	-0.156271
53087	9.439687	-1.897822	-1.851483	-0.428556	-0.649852	0.329680	-0.224305	-0.012894	0.974434	-0.710026	0.687051	-0.154350	-0.667495	-0.726495	-0.163264
53088	9.380793	-2.633759	-1.761989	-0.382558	-0.630222	0.304379	-0.230634	-0.015395	0.972919	-0.706780	0.689876	-0.156629	-0.668782	-0.723764	-0.169990
53089	9.469627	-3.181053	-1.602044	-0.238893	-0.612905	0.263874	-0.236548	-0.018039	0.971452	-0.704551	0.691678	-0.158714	-0.669069	-0.721981	-0.176325
53090	9.254533	-3.348301	-1.618462	0.017292	-0.619112	0.238069	-0.242324	-0.020889	0.969970	-0.704099	0.691607	-0.161009	-0.667475	-0.721971	-0.182301
53091	9.301103	-2.297144	-1.515023	0.230381	-0.657899	0.221938	-0.248224	-0.024144	0.968402	-0.705076	0.690020	-0.163524	-0.664269	-0.723387	-0.188303
53092	9.334050	-1.103878	-1.023814	0.194550	-0.668611	0.221042	-0.254177	-0.027487	0.966767	-0.705813	0.688677	-0.165988	-0.661227	-0.724547	-0.194447
53093	9.271405	-0.723647	-0.900306	-0.009727	-0.680364	0.232733	-0.260265	-0.030847	0.965044	-0.705138	0.688843	-0.168152	-0.659577	-0.724254	-0.201033
53094	9.316094	-1.105745	-1.073833	-0.194241	-0.706579	0.244955	-0.266611	-0.034296	0.963194	-0.703216	0.690335	-0.170069	-0.659094	-0.722676	-0.208169
53095	9.390035	-1.458567	-1.185089	-0.254747	-0.731957	0.253666	-0.273169	-0.037854	0.961221	-0.700838	0.692296	-0.171907	-0.658942	-0.720620	-0.215643
53096	9.437033	-1.676854	-1.363594	-0.243814	-0.744689	0.258493	-0.279846	-0.041448	0.959150	-0.698522	0.694160	-0.173807	-0.658600	-0.718626	-0.223210
53097	9.326412	-1.681018	-1.740679	-0.198250	-0.765913	0.252088	-0.286599	-0.045228	0.956982	-0.696495	0.695716	-0.175707	-0.657841	-0.716892	-0.230893
53098	9.285048	-1.594906	-2.290542	-0.144229	-0.784399	0.246592	-0.293432	-0.049156	0.954715	-0.694838	0.696872	-0.177679	-0.656581	-0.715509	-0.238640
53099	9.250983	-1.372236	-2.682342	-0.109298	-0.794441	0.244329	-0.300291	-0.053162	0.952365	-0.693384	0.697807	-0.179679	-0.655015	-0.714310	-0.246406
53100	9.361095	-1.280898	-3.055116	-0.109416	-0.794333	0.238070	-0.307099	-0.057195	0.949957	-0.691951	0.698725	-0.181622	-0.653371	-0.713100	-0.254154
53101	9.408097	-1.336407	-3.469424	-0.109455	-0.774218	0.236459	-0.313742	-0.061089	0.947541	-0.690493	0.699671	-0.183522	-0.651756	-0.711849	-0.261698
53102	9.379594	-1.328463	-3.671171	-0.093624	-0.751552	0.239152	-0.320246	-0.064787	0.945116	-0.689132	0.700493	-0.185489	-0.650030	-0.710712	-0.268978
53103	9.505184	-1.466728	-3.520275	-0.104076	-0.719622	0.229077	-0.326455	-0.068327	0.942740	-0.687710	0.701406	-0.187307	-0.648446	-0.709479	-0.275967
53104	9.471030	-1.786429	-3.425575	-0.090409	-0.703928	0.217179	-0.332469	-0.071820	0.940376	-0.686416	0.702205	-0.189052	-0.646759	-0.708343	-0.282760
53105	9.555707	-1.935936	-3.178951	-0.047565	-0.697420	0.208425	-0.338356	-0.075322	0.937999	-0.685396	0.702727	-0.190807	-0.644785	-0.707461	-0.289397
53106	9.469690	-1.945466	-2.775279	-0.012225	-0.697698	0.200411	-0.344183	-0.078874	0.935584	-0.684641	0.702973	-0.192602	-0.642499	-0.706829	-0.295951
53107	9.493513	-1.860647	-2.511429	0.007758	-0.727649	0.199642	-0.350168	-0.082644	0.933034	-0.683988	0.703108	-0.194423	-0.639955	-0.706265	-0.302734
53108	9.652707	-1.547626	-2.234279	-0.031262	-0.751875	0.206844	-0.356348	-0.086523	0.930339	-0.683066	0.703508	-0.196207	-0.637524	-0.705401	-0.309795
53109	9.853109	-1.381390	-1.962401	-0.132142	-0.770894	0.224083	-0.362741	-0.090416	0.927493	-0.681417	0.704658	-0.197808	-0.635681	-0.703763	-0.317219
53110	10.036602	-1.352103	-1.831760	-0.242254	-0.796740	0.245126	-0.369431	-0.094311	0.924460	-0.678990	0.706591	-0.199253	-0.634423	-0.701310	-0.325073
53111	10.229998	-1.057491	-1.822353	-0.328679	-0.827633	0.268071	-0.376456	-0.098238	0.921211	-0.675905	0.709167	-0.200585	-0.633587	-0.698163	-0.333370
53112	10.503874	-0.878315	-1.676551	-0.403151	-0.868624	0.285680	-0.383847	-0.102284	0.917714	-0.672276	0.712265	-0.201803	-0.633014	-0.694419	-0.342163
53113	10.545327	-0.720733	-1.784036	-0.502058	-0.919195	0.307551	-0.391683	-0.106471	0.913919	-0.667893	0.716089	-0.202818	-0.632854	-0.689840	-0.351591
53114	10.511423	-0.816231	-1.726076	-0.566285	-0.972857	0.310673	-0.399871	-0.110954	0.909831	-0.663090	0.720323	-0.203585	-0.632783	-0.684707	-0.361609
53115	10.272901	-0.974193	-1.884246	-0.625929	-1.054167	0.286509	-0.408385	-0.116104	0.905396	-0.657968	0.724939	-0.203817	-0.632693	-0.678957	-0.372447
53116	10.037802	-1.224645	-2.064699	-0.658186	-1.149584	0.249016	-0.417252	-0.122091	0.900552	-0.652788	0.729687	-0.203529	-0.632272	-0.672793	-0.384164
