// General information: 
//  MT Manager version: 2022.2.0 
//  XDA version: 2022.2.0 build 7381 rev 124627 built on 2023-07-19
// Device information: 
//  DeviceId: 00B4CAF0
//  ProductCode: MTW2-3A7G6
//  Firmware Version: 4.6.0
//  Hardware Version: 2.0.0
// Device settings: 
//  Filter Profile: human(46.1)
//  Option Flags: Orientation Smoother Disabled, Position/Velocity Smoother Disabled, Continuous Zero Rotation Update Disabled, AHS Disabled, ICC Disabled
// Coordinate system: ENU
PacketCounter	Acc_X	Acc_Y	Acc_Z	Gyr_X	Gyr_Y	Gyr_Z	Mat[1][1]	Mat[2][1]	Mat[3][1]	Mat[1][2]	Mat[2][2]	Mat[3][2]	Mat[1][3]	Mat[2][3]	Mat[3][3]
02804	4.896282	2.065859	8.670151	0.000881	0.003143	0.005182	0.701692	0.524452	0.482264	-0.670870	0.714278	0.199350	-0.239921	-0.463418	0.853042
02805	4.968815	2.064661	8.677669	-0.002634	0.006827	0.003433	0.701776	0.524384	0.482216	-0.670771	0.714373	0.199341	-0.239951	-0.463349	0.853072
02806	4.953031	2.081380	8.669198	0.002699	0.006746	0.003647	0.701785	0.524413	0.482172	-0.670774	0.714373	0.199333	-0.239918	-0.463317	0.853098
02807	4.921437	2.042165	8.647847	0.002308	0.006553	-0.000207	0.701965	0.524239	0.482098	-0.670576	0.714540	0.199401	-0.239944	-0.463256	0.853124
02808	4.967187	2.064816	8.678564	0.003363	0.007073	0.002216	0.701984	0.524259	0.482048	-0.670570	0.714544	0.199406	-0.239904	-0.463227	0.853151
02809	4.933561	2.073169	8.684076	0.003537	0.004451	-0.000544	0.702016	0.524209	0.482057	-0.670534	0.714567	0.199443	-0.239912	-0.463248	0.853138
02810	4.937753	2.051615	8.634472	0.001888	0.007701	0.001889	0.702038	0.524230	0.482001	-0.670523	0.714580	0.199437	-0.239878	-0.463205	0.853171
02811	4.921868	2.068801	8.625942	0.007220	0.007620	0.002104	0.702236	0.524039	0.481920	-0.670313	0.714748	0.199540	-0.239884	-0.463162	0.853192
02812	4.903538	2.060066	8.640291	-0.002069	0.004399	0.004527	0.702234	0.524064	0.481898	-0.670310	0.714765	0.199487	-0.239899	-0.463108	0.853217
02813	4.949742	2.082228	8.670872	0.001445	0.000714	0.006278	0.701882	0.524454	0.481984	-0.670740	0.714377	0.199432	-0.239726	-0.463264	0.853181
02814	4.967101	2.017726	8.652804	-0.000420	0.001148	0.002096	0.701888	0.524446	0.481985	-0.670725	0.714399	0.199405	-0.239753	-0.463239	0.853187
02815	4.969526	2.043428	8.629989	0.003928	0.004644	0.003312	0.701997	0.524283	0.482004	-0.670571	0.714541	0.199411	-0.239864	-0.463204	0.853175
02816	4.924894	2.058140	8.667330	0.002774	0.001368	0.003415	0.701994	0.524285	0.482005	-0.670573	0.714542	0.199405	-0.239868	-0.463201	0.853176
02817	4.953853	2.060525	8.621359	0.001399	0.004752	0.000561	0.702152	0.524110	0.481967	-0.670386	0.714704	0.199453	-0.239929	-0.463150	0.853186
02818	4.906303	2.049692	8.681755	0.005501	0.006773	0.001113	0.702177	0.524120	0.481918	-0.670378	0.714704	0.199481	-0.239876	-0.463138	0.853207
02819	4.941827	2.067508	8.653630	0.003583	0.000414	0.005175	0.702296	0.523951	0.481929	-0.670222	0.714840	0.199516	-0.239965	-0.463119	0.853193
02820	4.923664	2.058903	8.667848	0.004027	0.007401	0.000785	0.702325	0.523963	0.481874	-0.670208	0.714848	0.199533	-0.239919	-0.463093	0.853220
02821	4.923271	2.059209	8.667998	0.005157	0.002542	0.002976	0.702374	0.523922	0.481847	-0.670170	0.714866	0.199598	-0.239882	-0.463112	0.853220
02822	4.962865	2.066630	8.680605	0.003438	0.001695	0.001984	0.702382	0.523915	0.481843	-0.670162	0.714871	0.199605	-0.239879	-0.463111	0.853221
02823	4.956348	2.051432	8.662680	0.001619	-0.001908	0.003519	0.702523	0.523660	0.481914	-0.669940	0.715081	0.199599	-0.240086	-0.463077	0.853182
02824	4.914577	2.092091	8.676881	0.009435	0.001939	0.000769	0.702540	0.523645	0.481906	-0.669939	0.715064	0.199662	-0.240041	-0.463118	0.853172
02825	4.908062	2.077133	8.658899	-0.000100	-0.002756	0.002527	0.702481	0.523670	0.481965	-0.669994	0.715016	0.199652	-0.240061	-0.463166	0.853140
02826	4.963345	2.067607	8.680097	0.008425	-0.002618	0.004064	0.702464	0.523658	0.482002	-0.670013	0.714987	0.199691	-0.240055	-0.463224	0.853110
02827	4.941636	2.069398	8.653287	0.000634	0.001670	0.004519	0.702483	0.523604	0.482034	-0.669972	0.715028	0.199679	-0.240115	-0.463220	0.853095
02828	4.939357	2.043809	8.676000	0.005307	-0.008217	0.002512	0.702463	0.523555	0.482115	-0.669973	0.715022	0.199699	-0.240169	-0.463285	0.853045
02829	4.948768	2.085071	8.670745	0.005646	0.005493	0.004303	0.702425	0.523646	0.482072	-0.670055	0.714931	0.199749	-0.240051	-0.463323	0.853058
02830	4.952735	2.074989	8.711464	0.004987	-0.004313	0.002081	0.702418	0.523612	0.482119	-0.670052	0.714928	0.199768	-0.240080	-0.463366	0.853026
02831	4.951012	2.038054	8.643651	0.001299	0.001997	0.003087	0.702491	0.523491	0.482146	-0.669948	0.715022	0.199783	-0.240160	-0.463358	0.853008
02832	4.952726	2.075196	8.711419	0.004737	0.003692	0.005071	0.702483	0.523515	0.482131	-0.669965	0.715005	0.199786	-0.240135	-0.463357	0.853016
02833	4.941970	2.070467	8.652840	0.003683	0.003170	0.002648	0.702546	0.523420	0.482142	-0.669886	0.715069	0.199825	-0.240173	-0.463366	0.853000
02834	4.945751	2.060175	8.693717	0.000245	0.001475	0.000664	0.702562	0.523403	0.482137	-0.669862	0.715095	0.199811	-0.240193	-0.463345	0.853006
02835	4.950098	2.038374	8.644099	0.003997	0.008746	0.006734	0.702762	0.523214	0.482051	-0.669636	0.715292	0.199863	-0.240236	-0.463255	0.853043
02836	4.929687	2.077358	8.685275	0.006486	0.003194	0.000113	0.702786	0.523201	0.482030	-0.669623	0.715292	0.199905	-0.240202	-0.463269	0.853045
02837	4.949374	2.038973	8.644372	0.002208	0.003798	0.002320	0.702923	0.523048	0.481996	-0.669462	0.715429	0.199953	-0.240249	-0.463230	0.853052
02838	4.955510	2.054574	8.662415	0.006167	0.007099	-0.000319	0.702959	0.523050	0.481941	-0.669446	0.715433	0.199994	-0.240190	-0.463221	0.853074
02839	4.888687	2.071096	8.673187	-0.000075	0.005380	0.000231	0.703112	0.522870	0.481914	-0.669254	0.715606	0.200018	-0.240277	-0.463158	0.853083
02840	4.954487	2.055097	8.662877	0.006975	0.006146	0.001441	0.703134	0.522880	0.481871	-0.669252	0.715597	0.200058	-0.240219	-0.463161	0.853098
02841	4.920924	2.063595	8.668288	0.002873	0.004125	0.000888	0.703094	0.522901	0.481906	-0.669292	0.715559	0.200056	-0.240223	-0.463194	0.853079
02842	4.927081	2.079030	8.686354	0.001644	0.006228	0.001223	0.703118	0.522910	0.481862	-0.669275	0.715576	0.200052	-0.240200	-0.463158	0.853105
02843	4.926684	2.079230	8.686531	0.004347	0.003497	0.001217	0.703026	0.523028	0.481868	-0.669411	0.715437	0.200096	-0.240090	-0.463240	0.853092
02844	4.919877	2.064021	8.668781	-0.000176	0.002626	0.002759	0.703031	0.523031	0.481857	-0.669401	0.715454	0.200068	-0.240105	-0.463210	0.853104
02845	4.937499	2.073101	8.654762	0.008869	0.004368	-0.000324	0.702884	0.523193	0.481895	-0.669600	0.715255	0.200116	-0.239978	-0.463335	0.853072
02846	4.925814	2.079886	8.686867	-0.001405	0.004729	0.003093	0.702892	0.523208	0.481867	-0.669589	0.715276	0.200076	-0.239986	-0.463285	0.853096
02847	4.976630	2.080358	8.667685	0.001298	0.001998	0.003088	0.702885	0.523187	0.481901	-0.669584	0.715282	0.200070	-0.240021	-0.463300	0.853079
02848	4.951896	2.056436	8.664040	0.004591	0.004973	0.001881	0.702901	0.523195	0.481869	-0.669579	0.715282	0.200088	-0.239987	-0.463291	0.853093
02849	4.936233	2.073460	8.655398	0.000978	0.005903	0.002655	0.702671	0.523456	0.481921	-0.669857	0.715038	0.200028	-0.239885	-0.463372	0.853078
02850	4.950843	2.056635	8.664594	0.002798	0.009506	0.001119	0.702703	0.523480	0.481848	-0.669843	0.715050	0.200034	-0.239832	-0.463327	0.853117
02851	4.950185	2.056904	8.664907	0.002730	0.005404	-0.002303	0.702751	0.523435	0.481825	-0.669799	0.715078	0.200082	-0.239813	-0.463334	0.853119
02852	4.934375	2.073889	8.656355	-0.000252	0.008007	0.002989	0.702767	0.523465	0.481770	-0.669790	0.715095	0.200053	-0.239790	-0.463275	0.853157
02853	4.931017	2.048435	8.679653	0.005358	0.008053	-0.002077	0.702684	0.523595	0.481750	-0.669922	0.714961	0.200089	-0.239667	-0.463334	0.853159
02854	4.948097	2.057564	8.665943	0.003041	0.010982	0.001784	0.702715	0.523630	0.481667	-0.669913	0.714968	0.200093	-0.239602	-0.463284	0.853205
02855	4.914182	2.065944	8.671553	0.004026	0.007403	0.000786	0.702849	0.523507	0.481606	-0.669770	0.715086	0.200151	-0.239609	-0.463241	0.853226
02856	4.920156	2.081487	8.689690	0.003360	0.007077	0.002217	0.702867	0.523527	0.481557	-0.669764	0.715090	0.200156	-0.239569	-0.463213	0.853253
02857	4.950136	2.047838	8.707665	0.001398	0.004753	0.000560	0.702811	0.523615	0.481543	-0.669853	0.715001	0.200179	-0.239487	-0.463251	0.853255
02858	4.936902	2.090805	8.676126	0.009037	0.011226	0.000574	0.702851	0.523642	0.481455	-0.669849	0.714986	0.200241	-0.239380	-0.463242	0.853290
02859	4.933361	2.065460	8.699500	-0.001061	0.008961	0.001228	0.702800	0.523734	0.481430	-0.669923	0.714923	0.200221	-0.239323	-0.463236	0.853309
02860	4.952685	2.026803	8.658944	0.004026	0.007403	0.000787	0.702829	0.523745	0.481375	-0.669909	0.714931	0.200239	-0.239276	-0.463211	0.853336
02861	4.939406	2.069893	8.627402	0.007741	0.009228	-0.002513	0.702921	0.523674	0.481319	-0.669828	0.714985	0.200319	-0.239234	-0.463209	0.853349
02862	4.933058	2.019160	8.673745	0.002898	0.012262	-0.001408	0.702977	0.523692	0.481218	-0.669796	0.715009	0.200338	-0.239160	-0.463150	0.853401
02863	4.959116	2.069467	8.655049	0.008894	0.012506	-0.002615	0.702944	0.523783	0.481165	-0.669881	0.714909	0.200413	-0.239017	-0.463202	0.853414
02864	4.924853	2.078216	8.660738	0.002897	0.012263	-0.001407	0.703000	0.523802	0.481065	-0.669849	0.714933	0.200431	-0.238943	-0.463144	0.853466
02865	4.894532	2.076569	8.707206	0.007984	0.010705	-0.001847	0.703036	0.523783	0.481032	-0.669825	0.714943	0.200477	-0.238904	-0.463150	0.853473
02866	4.920242	2.053613	8.684542	0.002794	0.009509	0.001121	0.703068	0.523806	0.480961	-0.669810	0.714955	0.200483	-0.238851	-0.463105	0.853513
02867	4.922111	2.079383	8.662017	0.001320	0.010137	0.000791	0.703079	0.523844	0.480903	-0.669822	0.714939	0.200501	-0.238786	-0.463087	0.853541
02868	4.930155	2.047393	8.653360	0.003537	0.004452	-0.000540	0.703110	0.523832	0.480871	-0.669798	0.714956	0.200521	-0.238763	-0.463075	0.853554
02869	4.924873	2.069704	8.703300	0.005920	0.005626	-0.000976	0.703213	0.523721	0.480841	-0.669689	0.715037	0.200596	-0.238762	-0.463076	0.853553
02870	4.887225	2.088667	8.667906	0.004933	0.009207	0.000021	0.703252	0.523735	0.480769	-0.669672	0.715044	0.200625	-0.238697	-0.463048	0.853587
02871	4.901908	2.072031	8.677046	0.002203	0.003802	0.002322	0.703153	0.523854	0.480784	-0.669801	0.714924	0.200626	-0.238625	-0.463100	0.853578
02872	4.910857	2.112968	8.672107	0.002830	0.005477	0.006842	0.703137	0.523899	0.480758	-0.669827	0.714905	0.200604	-0.238600	-0.463077	0.853598
02873	4.901461	2.071663	8.677386	-0.003896	0.000804	0.006056	0.703159	0.523821	0.480812	-0.669759	0.714988	0.200539	-0.238728	-0.463039	0.853583
02874	4.910020	2.039053	8.668590	0.001114	0.004628	0.005847	0.703147	0.523855	0.480791	-0.669774	0.714982	0.200508	-0.238720	-0.463008	0.853602
02875	4.919233	2.079813	8.663549	0.001190	-0.000754	0.005617	0.703192	0.523785	0.480801	-0.669713	0.715033	0.200527	-0.238756	-0.463008	0.853592
02876	4.910802	2.111604	8.672470	-0.003334	-0.001625	0.007153	0.703157	0.523800	0.480837	-0.669727	0.715042	0.200452	-0.238822	-0.462979	0.853590
02877	4.941407	2.077180	8.690323	-0.003897	0.000805	0.006056	0.703164	0.523784	0.480844	-0.669704	0.715073	0.200415	-0.238864	-0.462948	0.853594
02878	4.928481	2.046170	8.654603	0.000946	-0.002231	0.004954	0.703142	0.523780	0.480880	-0.669713	0.715073	0.200387	-0.238906	-0.462952	0.853580
02879	4.917190	2.052500	8.686534	0.000204	0.002827	0.006615	0.703114	0.523772	0.480931	-0.669716	0.715085	0.200332	-0.238978	-0.462943	0.853565
02880	4.962255	2.110438	8.653445	-0.003653	0.002282	0.006720	0.703091	0.523801	0.480932	-0.669726	0.715098	0.200256	-0.239019	-0.462890	0.853582
02881	4.910520	2.036007	8.669022	-0.004320	0.001957	0.008151	0.702911	0.523985	0.480994	-0.669920	0.714944	0.200157	-0.239005	-0.462920	0.853570
02882	4.919602	2.076337	8.664173	-0.000783	0.006408	0.007612	0.702892	0.524041	0.480962	-0.669943	0.714938	0.200101	-0.238997	-0.462866	0.853601
02883	4.916583	2.050284	8.687400	-0.002320	0.002932	0.003859	0.703027	0.523871	0.480949	-0.669759	0.715113	0.200088	-0.239113	-0.462788	0.853612
02884	4.919144	2.075649	8.664598	-0.000180	0.002628	0.002759	0.703031	0.523874	0.480940	-0.669750	0.715130	0.200060	-0.239128	-0.462758	0.853623
02885	4.951892	2.067309	8.659700	0.000795	0.008535	0.005415	0.702967	0.524004	0.480892	-0.669855	0.715032	0.200058	-0.239022	-0.462762	0.853651
02886	4.911822	2.059936	8.647272	-0.000847	0.002304	0.004190	0.702961	0.524016	0.480888	-0.669854	0.715044	0.200018	-0.239044	-0.462730	0.853662
02887	4.905130	2.044407	8.629544	0.000870	0.003152	0.005185	0.702967	0.524002	0.480895	-0.669840	0.715061	0.200007	-0.239065	-0.462720	0.853661
02888	4.918071	2.074827	8.665404	0.000870	0.003152	0.005185	0.702956	0.524024	0.480885	-0.669849	0.715060	0.199977	-0.239070	-0.462696	0.853674
02889	4.915074	2.049071	8.688541	0.001780	0.004954	0.004418	0.703084	0.523921	0.480812	-0.669720	0.715165	0.200035	-0.239058	-0.462651	0.853701
02890	4.908496	2.033673	8.670716	-0.000105	-0.002755	0.002528	0.703077	0.523897	0.480848	-0.669709	0.715183	0.200010	-0.239110	-0.462650	0.853687
02891	4.933175	2.057409	8.674483	0.000341	0.001550	0.009808	0.702872	0.524089	0.480939	-0.669930	0.715000	0.199923	-0.239093	-0.462716	0.853656
02892	4.914239	2.084584	8.624729	0.004663	-0.000409	0.001657	0.702876	0.524070	0.480953	-0.669924	0.715000	0.199943	-0.239097	-0.462737	0.853643
02893	4.933309	2.057426	8.674402	0.000382	0.000199	0.003857	0.702876	0.524037	0.480988	-0.669907	0.715017	0.199935	-0.239142	-0.462747	0.853625
02894	4.918266	2.074343	8.665409	0.004801	-0.001687	0.004850	0.702856	0.524035	0.481020	-0.669924	0.715000	0.199940	-0.239154	-0.462776	0.853606
02895	4.927403	2.041913	8.656222	-0.003263	-0.007005	0.006924	0.702745	0.524062	0.481153	-0.670003	0.714949	0.199861	-0.239260	-0.462825	0.853550
02896	4.909917	2.032671	8.670147	-0.000953	-0.000450	0.006718	0.702716	0.524079	0.481178	-0.670019	0.714948	0.199809	-0.239302	-0.462807	0.853548
02897	4.907168	2.115550	8.633098	-0.003443	-0.004376	0.009683	0.702743	0.523988	0.481237	-0.669947	0.715027	0.199768	-0.239422	-0.462788	0.853525
02898	4.935349	2.055145	8.673783	-0.007056	-0.003442	0.010452	0.702682	0.524017	0.481295	-0.669975	0.715035	0.199645	-0.239525	-0.462742	0.853521
02899	4.947126	2.047328	8.641926	-0.009758	-0.000707	0.010455	0.702449	0.524237	0.481395	-0.670207	0.714865	0.199477	-0.239559	-0.462756	0.853503
02900	4.914266	2.054269	8.647231	-0.006569	-0.000489	0.011781	0.702385	0.524290	0.481430	-0.670245	0.714864	0.199351	-0.239639	-0.462698	0.853513
02901	4.911906	2.027735	8.670176	-0.002777	-0.004051	0.008252	0.702310	0.524293	0.481537	-0.670285	0.714849	0.199272	-0.239750	-0.462717	0.853471
02902	4.919054	2.042249	8.687895	-0.004112	-0.004699	0.011115	0.702240	0.524322	0.481607	-0.670324	0.714840	0.199171	-0.239843	-0.462699	0.853455
02903	4.904591	2.058463	8.678759	-0.001794	-0.007633	0.007255	0.702021	0.524508	0.481725	-0.670563	0.714631	0.199118	-0.239816	-0.462812	0.853401
02904	4.943365	2.027806	8.623452	-0.001412	-0.007434	0.011112	0.701945	0.524524	0.481818	-0.670609	0.714609	0.199040	-0.239910	-0.462827	0.853367
02905	4.930809	2.081403	8.681850	0.000346	-0.007938	0.006155	0.701891	0.524507	0.481914	-0.670643	0.714580	0.199032	-0.239973	-0.462891	0.853314
02906	4.940254	2.048734	8.672507	-0.002462	-0.007956	0.008687	0.701830	0.524503	0.482007	-0.670669	0.714576	0.198957	-0.240077	-0.462902	0.853279
02907	4.919126	2.049712	8.645550	-0.001483	-0.002050	0.011344	0.701792	0.524459	0.482112	-0.670656	0.714614	0.198866	-0.240227	-0.462893	0.853241
02908	4.926236	2.064454	8.663243	-0.000883	-0.005832	0.006489	0.701750	0.524449	0.482182	-0.670671	0.714614	0.198815	-0.240306	-0.462904	0.853213
02909	4.924389	2.038074	8.685852	-0.007478	-0.011773	0.008896	0.701632	0.524462	0.482340	-0.670739	0.714582	0.198701	-0.240460	-0.462939	0.853151
02910	4.976506	2.037797	8.666176	0.000727	-0.007738	0.010013	0.701562	0.524469	0.482434	-0.670783	0.714556	0.198646	-0.240542	-0.462971	0.853110
02911	4.941394	2.019903	8.693989	-0.001551	-0.006155	0.007921	0.701373	0.524625	0.482541	-0.670984	0.714383	0.198588	-0.240535	-0.463061	0.853064
02912	4.962722	2.053780	8.656719	-0.000638	-0.004355	0.007154	0.701330	0.524627	0.482600	-0.671004	0.714379	0.198535	-0.240602	-0.463065	0.853042
02913	4.963135	2.053598	8.656525	0.004133	-0.002014	0.006280	0.701205	0.524715	0.482685	-0.671138	0.714257	0.198523	-0.240593	-0.463153	0.852997
02914	4.927566	2.036205	8.684489	0.001364	-0.003383	0.002859	0.701194	0.524691	0.482727	-0.671133	0.714266	0.198508	-0.240640	-0.463167	0.852976
02915	4.950581	2.022836	8.620480	-0.001198	-0.001924	0.006057	0.701057	0.524816	0.482791	-0.671283	0.714135	0.198468	-0.240619	-0.463227	0.852950
02916	4.919496	2.068157	8.693246	0.005713	0.000109	0.004081	0.701046	0.524817	0.482806	-0.671297	0.714118	0.198485	-0.240612	-0.463253	0.852937
02917	4.957662	2.038135	8.638061	0.000451	-0.005183	0.003627	0.701084	0.524677	0.482903	-0.671201	0.714216	0.198457	-0.240771	-0.463260	0.852889
02918	4.943698	2.019209	8.692840	0.006872	0.003385	0.003978	0.701082	0.524692	0.482890	-0.671217	0.714193	0.198484	-0.240734	-0.463278	0.852890
02919	4.971011	2.068934	8.673641	0.001188	-0.000754	0.005620	0.701083	0.524644	0.482940	-0.671192	0.714220	0.198473	-0.240798	-0.463292	0.852864
02920	4.928547	2.036380	8.683891	0.006626	0.001909	0.003314	0.701082	0.524647	0.482939	-0.671203	0.714202	0.198501	-0.240773	-0.463315	0.852858
02921	4.916137	2.079200	8.651995	0.002523	-0.000107	0.002757	0.701116	0.524563	0.482980	-0.671142	0.714257	0.198509	-0.240841	-0.463326	0.852833
02922	4.961833	2.028341	8.678553	0.000942	-0.002230	0.004956	0.701094	0.524559	0.483017	-0.671151	0.714256	0.198481	-0.240883	-0.463331	0.852819
02923	4.925064	2.046898	8.642835	0.002523	-0.000107	0.002757	0.701233	0.524376	0.483013	-0.670976	0.714407	0.198530	-0.240964	-0.463306	0.852809
02924	4.946795	2.045431	8.669557	0.005154	0.002539	0.002984	0.701235	0.524380	0.483006	-0.670981	0.714397	0.198547	-0.240944	-0.463316	0.852810
02925	4.929028	2.036806	8.683518	0.001500	-0.004659	0.006054	0.701058	0.524554	0.483074	-0.671194	0.714199	0.198541	-0.240866	-0.463425	0.852772
02926	4.962500	2.028262	8.678190	-0.000953	-0.000446	0.006721	0.701028	0.524571	0.483100	-0.671211	0.714198	0.198488	-0.240908	-0.463407	0.852770
02927	4.956065	2.012699	8.660300	0.000137	-0.001276	0.003194	0.700994	0.524598	0.483119	-0.671251	0.714158	0.198495	-0.240894	-0.463438	0.852758
02928	4.947428	2.044938	8.669313	0.003928	0.004645	0.003317	0.700999	0.524615	0.483094	-0.671255	0.714153	0.198500	-0.240867	-0.463428	0.852771
02929	4.958462	2.038468	8.637522	0.002210	0.003799	0.002323	0.701009	0.524642	0.483050	-0.671272	0.714123	0.198550	-0.240789	-0.463443	0.852784
02930	4.955426	2.013091	8.660574	0.005822	0.002862	0.001552	0.701022	0.524637	0.483036	-0.671269	0.714118	0.198580	-0.240762	-0.463456	0.852785
02931	5.160268	1.699846	8.853230	0.008197	-0.024434	-0.009845	0.701153	0.524257	0.483259	-0.671041	0.714296	0.198710	-0.241015	-0.463612	0.852628
02932	5.322315	2.442584	8.496497	0.187916	0.048948	-0.006055	0.701327	0.524412	0.482838	-0.671422	0.713485	0.200329	-0.239443	-0.464684	0.852488
02933	4.656818	2.217679	8.775516	0.036503	0.012491	-0.008212	0.701344	0.524488	0.482730	-0.671540	0.713274	0.200685	-0.239062	-0.464922	0.852465
02934	5.191167	1.330556	8.442156	0.098579	-0.004450	-0.028631	0.701542	0.524234	0.482718	-0.671546	0.712995	0.201652	-0.238463	-0.465635	0.852244
02935	4.590962	2.198463	8.797299	0.213712	0.092865	-0.038974	0.701966	0.524413	0.481907	-0.671830	0.712164	0.203636	-0.236407	-0.466705	0.852231
02936	4.985601	1.942068	8.546577	0.039743	-0.033479	-0.042636	0.702189	0.523925	0.482113	-0.671596	0.712232	0.204168	-0.236408	-0.467150	0.851987
02937	4.906306	2.027260	8.745148	0.189358	0.066089	-0.051408	0.702663	0.523870	0.481482	-0.671702	0.711597	0.206022	-0.234692	-0.468176	0.851898
02938	5.056611	2.116927	8.689291	0.102620	-0.006540	-0.054886	0.703032	0.523420	0.481432	-0.671529	0.711434	0.207148	-0.234081	-0.468927	0.851653
02939	5.346688	1.922276	8.594634	0.191968	0.052629	-0.060883	0.703674	0.523058	0.480888	-0.671388	0.711004	0.209075	-0.232555	-0.469983	0.851490
02940	4.797601	2.155724	8.709437	0.237839	0.095787	-0.071779	0.704394	0.522970	0.479929	-0.671405	0.710290	0.211433	-0.230316	-0.471159	0.851448
02941	5.082683	2.160365	8.648821	0.155933	0.038872	-0.078200	0.704936	0.522649	0.479482	-0.671287	0.709898	0.213119	-0.228997	-0.472105	0.851280
02942	5.025219	2.240762	8.579798	0.224439	0.108372	-0.082971	0.705756	0.522544	0.478390	-0.671185	0.709301	0.215415	-0.226758	-0.473118	0.851317
02943	4.900568	2.281465	8.739926	0.169145	0.064537	-0.090318	0.706425	0.522323	0.477642	-0.671049	0.708851	0.217310	-0.225070	-0.474034	0.851255
02944	5.111450	2.139728	8.667887	0.176723	0.077864	-0.098541	0.707277	0.521965	0.476771	-0.670721	0.708557	0.219273	-0.223367	-0.474867	0.851239
02945	5.001850	2.185783	8.682776	0.202578	0.100378	-0.108779	0.708351	0.521474	0.475715	-0.670223	0.708331	0.221514	-0.221449	-0.475745	0.851250
02946	5.115920	2.247121	8.739277	0.187599	0.095626	-0.116351	0.709357	0.521076	0.474649	-0.669784	0.708074	0.223652	-0.219547	-0.476562	0.851286
02947	4.934060	2.268422	8.565960	0.235600	0.140437	-0.118522	0.710555	0.520773	0.473188	-0.669332	0.707678	0.226247	-0.217041	-0.477481	0.851414
02948	4.708045	2.474170	8.785536	0.193199	0.115234	-0.110200	0.711558	0.520515	0.471964	-0.668938	0.707358	0.228401	-0.214962	-0.478235	0.851518
02949	4.769272	2.329478	8.569461	0.171809	0.104603	-0.106261	0.712459	0.520258	0.470887	-0.668568	0.707079	0.230339	-0.213119	-0.478927	0.851592
02950	4.642929	2.501704	8.642707	0.169096	0.111766	-0.093750	0.713339	0.520101	0.469726	-0.668230	0.706787	0.232208	-0.211224	-0.479528	0.851726
02951	4.619842	2.559566	8.610177	0.120933	0.082122	-0.078642	0.713944	0.520024	0.468892	-0.668029	0.706523	0.233585	-0.209813	-0.480000	0.851809
02952	4.632274	2.531647	8.571931	0.083754	0.077223	-0.057257	0.714504	0.519961	0.468107	-0.667768	0.706449	0.234554	-0.208735	-0.480177	0.851974
02953	4.618451	2.637033	8.623809	0.064115	0.072941	-0.043152	0.714972	0.519957	0.467396	-0.667553	0.706400	0.235313	-0.207816	-0.480254	0.852155
02954	4.669917	2.585631	8.623165	0.019188	0.051576	-0.029201	0.715291	0.519969	0.466895	-0.667356	0.706490	0.235601	-0.207351	-0.480109	0.852350
02955	4.554930	2.677611	8.581190	0.010263	0.058310	-0.010391	0.715411	0.520237	0.466411	-0.667382	0.706424	0.235724	-0.206852	-0.479915	0.852581
02956	4.526872	2.651779	8.580373	-0.042037	0.033263	0.010060	0.715430	0.520439	0.466159	-0.667339	0.706604	0.235307	-0.206927	-0.479432	0.852835
02957	4.507485	2.637281	8.597011	-0.074857	0.011462	0.034047	0.714983	0.521045	0.466166	-0.667747	0.706487	0.234501	-0.207155	-0.478946	0.853052
02958	4.617258	2.644448	8.580113	-0.112591	-0.007530	0.049907	0.714651	0.521332	0.466355	-0.667842	0.706796	0.233296	-0.207993	-0.478176	0.853280
02959	4.540370	2.576314	8.490310	-0.121431	-0.006179	0.068594	0.714406	0.521501	0.466542	-0.667792	0.707275	0.231983	-0.208994	-0.477282	0.853536
02960	4.551333	2.580924	8.641960	-0.184422	-0.043382	0.087520	0.713747	0.521884	0.467122	-0.668002	0.707728	0.229987	-0.210568	-0.476191	0.853758
02961	4.583844	2.385403	8.488054	-0.181944	-0.034823	0.106236	0.712886	0.522510	0.467737	-0.668446	0.707984	0.227900	-0.212070	-0.475124	0.853981
02962	4.250055	2.480550	8.674321	-0.210453	-0.072033	0.124454	0.711916	0.523020	0.468642	-0.668857	0.708362	0.225508	-0.214023	-0.473997	0.854120
02963	4.449137	2.448021	8.615732	-0.254477	-0.122358	0.147907	0.710698	0.523431	0.470030	-0.669314	0.708832	0.222657	-0.216627	-0.472839	0.854105
02964	4.331169	2.524369	8.636872	-0.255783	-0.131823	0.174774	0.709257	0.524018	0.471550	-0.669969	0.709155	0.219637	-0.219309	-0.471703	0.854049
02965	4.215295	2.390019	8.740843	-0.333407	-0.213548	0.205800	0.707493	0.524367	0.473806	-0.670584	0.709736	0.215852	-0.223092	-0.470440	0.853766
02966	4.179117	2.504478	8.794843	-0.337405	-0.256713	0.233550	0.705365	0.524790	0.476505	-0.671446	0.710126	0.211850	-0.227202	-0.469379	0.853266
02967	4.937629	2.792143	9.244548	-0.460369	-0.366925	0.261666	0.702725	0.524939	0.480226	-0.672261	0.710885	0.206659	-0.232902	-0.468062	0.852452
02968	4.275329	2.549499	9.195978	-0.313579	-0.343261	0.285322	0.700014	0.525332	0.483743	-0.673496	0.710884	0.202601	-0.237452	-0.467622	0.851438
02969	4.039393	2.377560	9.299778	-0.461605	-0.532205	0.315908	0.696817	0.524829	0.488876	-0.674322	0.711624	0.197183	-0.244409	-0.467061	0.849776
02970	3.969851	2.696915	9.554416	-0.378433	-0.628930	0.321360	0.693105	0.524147	0.494848	-0.675588	0.711737	0.192380	-0.251366	-0.467653	0.847417
02971	2.611148	2.256474	9.967464	-0.323916	-0.799183	0.507427	0.687752	0.523852	0.502570	-0.678108	0.710740	0.187133	-0.259166	-0.469498	0.844041
02972	3.616970	2.167483	10.959787	-0.275152	-1.389787	0.557740	0.680296	0.521221	0.515293	-0.681166	0.709155	0.181971	-0.270575	-0.474794	0.837472
02973	5.141728	1.704531	9.863668	-0.315003	-1.505926	0.632112	0.672003	0.518272	0.528967	-0.684324	0.707600	0.176077	-0.283042	-0.480309	0.830175
02974	3.782031	1.982899	10.340939	0.053091	-1.674540	0.694843	0.662417	0.515027	0.544014	-0.689084	0.703783	0.172778	-0.293882	-0.489323	0.821095
02975	3.983180	2.268487	10.001862	-0.135641	-2.103254	0.806608	0.650422	0.510365	0.562565	-0.694060	0.700234	0.167193	-0.308598	-0.499199	0.809671
02976	5.044326	2.652464	9.569328	-0.012344	-2.361580	0.939431	0.636420	0.504962	0.583081	-0.700036	0.695558	0.161705	-0.323912	-0.511090	0.796159
02977	5.455410	3.140481	9.383646	0.044164	-2.506085	1.123724	0.620265	0.499650	0.604666	-0.707123	0.689813	0.155355	-0.339484	-0.523935	0.781181
02978	6.835239	4.007476	9.896472	0.121756	-2.522976	1.361859	0.601841	0.495577	0.626252	-0.715838	0.682421	0.147909	-0.354067	-0.537313	0.765461
02979	7.413538	5.096298	10.893509	0.151949	-2.317957	1.587225	0.582218	0.493488	0.646136	-0.725519	0.674028	0.138957	-0.366940	-0.549687	0.750466
02980	6.927662	3.714183	9.791586	0.027997	-2.303968	1.737393	0.560936	0.492296	0.665579	-0.735526	0.665340	0.127766	-0.379937	-0.561220	0.735310
02981	7.672269	1.740992	7.812129	0.247685	-2.347955	1.881109	0.538119	0.491173	0.684965	-0.746574	0.654958	0.116865	-0.391222	-0.574264	0.719142
02982	9.840198	1.516849	9.066709	0.529862	-2.268066	2.041743	0.513796	0.491192	0.703380	-0.759380	0.641879	0.106457	-0.399194	-0.588830	0.702797
02983	6.037771	4.181453	9.682993	1.522966	-1.232497	2.122881	0.492791	0.497009	0.714241	-0.775809	0.622673	0.101979	-0.394054	-0.604368	0.692431
02984	3.215489	8.544301	11.533402	1.028190	-0.936219	2.156151	0.472251	0.504513	0.722805	-0.790220	0.605638	0.093566	-0.390552	-0.615362	0.684689
02985	4.371306	7.868364	12.367608	0.241692	-0.881013	2.111497	0.452329	0.511438	0.730636	-0.800590	0.593856	0.079943	-0.393007	-0.621101	0.678070
02986	7.848262	4.863022	14.616892	-0.104389	-0.506022	1.604560	0.437450	0.517730	0.735251	-0.807291	0.586283	0.067478	-0.396130	-0.623079	0.674428
02987	4.875054	3.503799	12.918687	1.118060	1.040925	0.939874	0.434108	0.529436	0.728867	-0.815425	0.574842	0.068106	-0.382925	-0.623902	0.681259
02988	-1.055574	7.030772	10.963418	1.504140	1.696319	0.477797	0.436540	0.542706	0.717567	-0.823093	0.562935	0.074983	-0.363250	-0.623358	0.692441
02989	-2.711015	5.720377	8.688340	0.923348	1.395816	0.290253	0.439469	0.552747	0.708052	-0.827327	0.556082	0.079389	-0.349853	-0.620679	0.701684
02990	-2.131550	4.755630	8.524911	1.059883	1.436398	0.091935	0.443643	0.562128	0.697992	-0.831337	0.549039	0.086229	-0.334753	-0.618521	0.710895
02991	-0.775297	3.986184	9.327263	0.946505	1.404718	-0.160060	0.450056	0.569608	0.687747	-0.833326	0.544699	0.094189	-0.320964	-0.615508	0.719814
02992	0.034294	3.705141	9.978140	1.249044	1.693213	-0.465787	0.459244	0.577453	0.675014	-0.835081	0.539737	0.106417	-0.302879	-0.612562	0.730090
02993	0.176823	4.226768	10.489437	1.219161	1.850873	-0.730944	0.470909	0.584742	0.660546	-0.835123	0.536770	0.120196	-0.284278	-0.608239	0.741101
02994	0.689741	3.730594	10.545302	1.149422	2.009056	-0.934213	0.484244	0.591871	0.644357	-0.833796	0.535344	0.134873	-0.265125	-0.602574	0.752737
02995	0.771246	3.189453	10.562448	1.044407	2.104472	-1.102853	0.499392	0.598220	0.626690	-0.830588	0.536332	0.149906	-0.246437	-0.595383	0.764715
02996	1.230933	2.345999	10.520518	0.957977	2.173468	-1.236957	0.514814	0.604404	0.607999	-0.826563	0.538141	0.164921	-0.227510	-0.587453	0.776620
02997	1.871873	1.940219	10.715043	0.952467	2.224522	-1.342066	0.530797	0.610135	0.588208	-0.821552	0.540858	0.180346	-0.208101	-0.578971	0.788344
02998	2.977243	1.540028	11.183254	0.901714	2.258874	-1.435010	0.547046	0.615299	0.567580	-0.815584	0.544506	0.195793	-0.188580	-0.570017	0.799699
02999	4.156610	1.698926	11.711044	0.932609	2.394790	-1.520041	0.563929	0.620393	0.545065	-0.808598	0.548914	0.211809	-0.167789	-0.560184	0.811197
03000	5.006392	2.021901	12.056733	0.826708	2.510470	-1.562074	0.580472	0.625677	0.521134	-0.800938	0.554097	0.226882	-0.146804	-0.549095	0.822766
03001	5.638378	1.784007	11.953397	0.681588	2.610044	-1.555365	0.596638	0.631088	0.495733	-0.792552	0.560382	0.240485	-0.126033	-0.536377	0.834515
03002	5.960282	1.311210	11.571484	0.584584	2.692678	-1.512759	0.611699	0.636793	0.469381	-0.784066	0.566912	0.252687	-0.105188	-0.522594	0.846068
03003	6.208040	0.983225	11.200445	0.550045	2.712986	-1.434661	0.625543	0.642602	0.442446	-0.775645	0.573351	0.263901	-0.084094	-0.508263	0.857087
03004	6.561100	0.779121	10.956345	0.563995	2.684862	-1.343373	0.637903	0.648292	0.415688	-0.767551	0.579230	0.274514	-0.062813	-0.494175	0.867090
03005	7.837860	0.716565	11.281018	0.598369	2.611900	-1.277195	0.649111	0.653590	0.389198	-0.759565	0.584752	0.284826	-0.041425	-0.480505	0.876013
03006	9.181464	1.111085	11.587003	0.772210	2.747029	-1.242677	0.659335	0.659285	0.361416	-0.751642	0.589285	0.296271	-0.017650	-0.466997	0.884083
03007	9.341285	1.829512	11.416517	0.847857	2.905314	-1.207742	0.668558	0.665516	0.331840	-0.743616	0.593438	0.308003	0.008055	-0.452680	0.891637
03008	9.007011	1.715649	10.393411	0.813395	2.978025	-1.140659	0.676391	0.671957	0.301611	-0.735754	0.597479	0.318879	0.034067	-0.437599	0.898525
03009	8.264162	1.186683	9.161461	0.765860	2.930832	-1.046216	0.682755	0.678270	0.271653	-0.728213	0.601377	0.328711	0.059589	-0.422251	0.904518
03010	7.821575	0.179398	7.978948	0.759153	2.763148	-0.936937	0.687584	0.684067	0.243476	-0.721230	0.604641	0.337989	0.083992	-0.407998	0.909111
03011	7.645931	-0.378725	7.180834	0.871403	2.567721	-0.819842	0.691078	0.689389	0.217151	-0.714665	0.606855	0.347824	0.108007	-0.395564	0.912066
03012	7.770177	-0.236789	6.717712	0.958424	2.358160	-0.709941	0.693333	0.694257	0.193123	-0.708588	0.608057	0.358008	0.131119	-0.385063	0.913528
03013	7.816168	0.395815	6.268848	0.936916	2.148017	-0.578360	0.694348	0.698952	0.171309	-0.703257	0.608531	0.367587	0.152678	-0.375708	0.914075
03014	7.723675	0.402732	5.725482	0.758165	1.914277	-0.435697	0.694325	0.703385	0.152194	-0.698988	0.608802	0.375200	0.171254	-0.366892	0.914364
03015	7.697764	0.179767	4.944981	0.625892	1.674361	-0.277557	0.693123	0.707909	0.135812	-0.696070	0.608389	0.381248	0.187262	-0.358786	0.914443
03016	7.795375	-0.314816	4.213284	0.520915	1.405014	-0.125294	0.691293	0.712117	0.122487	-0.694178	0.607459	0.386148	0.200577	-0.351970	0.914268
03017	7.764916	-0.650188	3.599885	0.545290	1.173458	0.001292	0.688829	0.716262	0.111730	-0.693096	0.605548	0.391061	0.212444	-0.346814	0.913558
03018	7.664198	-0.377856	3.249741	0.594805	0.933355	0.101057	0.686120	0.720072	0.103610	-0.692483	0.602800	0.396357	0.222950	-0.343697	0.912231
03019	7.636028	0.464029	3.008183	0.570442	0.668915	0.192879	0.683239	0.723552	0.098268	-0.692542	0.599455	0.401297	0.231452	-0.342236	0.910662
03020	8.149633	1.509326	3.021010	0.409661	0.386452	0.272351	0.680470	0.726480	0.095851	-0.693427	0.596111	0.404735	0.236894	-0.341876	0.909397
03021	8.678862	2.046074	2.890672	0.202146	0.155033	0.340777	0.677789	0.728987	0.095814	-0.695228	0.593012	0.406196	0.239292	-0.341928	0.908749
03022	6.420251	5.977584	3.433260	0.470094	-0.222237	0.315872	0.676149	0.730067	0.099123	-0.696225	0.589122	0.410130	0.241027	-0.346321	0.906625
03023	2.706511	6.156460	-1.916602	-1.186309	-0.752814	0.764191	0.672649	0.731876	0.109092	-0.704115	0.587737	0.398481	0.227522	-0.344851	0.910666
03024	-0.536635	0.645428	13.095920	-2.637749	-2.556233	0.593392	0.673823	0.726501	0.134758	-0.713625	0.592579	0.373616	0.191577	-0.347917	0.917743
03025	4.416829	4.920685	11.843885	0.022416	-0.290888	0.209597	0.672830	0.726761	0.138270	-0.715053	0.590931	0.373497	0.189735	-0.350170	0.917268
03026	-4.000621	8.828435	10.008673	-0.220330	-0.616680	0.037871	0.673735	0.724793	0.144071	-0.715706	0.591463	0.371398	0.183974	-0.353336	0.917228
03027	-4.428677	2.929952	4.377851	-1.622896	-2.070087	0.227168	0.675666	0.718744	0.163959	-0.720013	0.595624	0.356108	0.158293	-0.358663	0.919948
03028	-0.346574	2.827228	7.321277	-1.189824	-2.321487	0.224637	0.677461	0.711625	0.186109	-0.723257	0.598374	0.344745	0.133966	-0.368156	0.920062
03029	2.117130	1.579972	9.341132	-1.286871	-2.582450	0.143394	0.679668	0.702716	0.210337	-0.725664	0.602300	0.332634	0.107062	-0.378715	0.919300
03030	3.447324	-0.121347	9.009257	-0.792970	-2.348884	0.073579	0.681415	0.694104	0.232148	-0.726911	0.604868	0.325170	0.085283	-0.390326	0.916718
03031	1.365173	-0.134378	8.564542	-0.567446	-2.367796	0.164923	0.682038	0.685658	0.254358	-0.728427	0.606035	0.319556	0.064956	-0.403230	0.912790
03032	3.000747	-1.513683	9.996770	-0.763349	-2.796701	0.324744	0.681161	0.676124	0.280847	-0.731024	0.606990	0.311717	0.040288	-0.417636	0.907721
03033	5.670641	-1.715729	10.768313	-0.315974	-2.560548	0.503609	0.678282	0.668262	0.305550	-0.734514	0.604975	0.307400	0.020573	-0.432934	0.901191
03034	4.561216	-0.938679	10.230633	-0.049901	-2.404680	0.624383	0.673998	0.661403	0.329049	-0.738723	0.601076	0.304952	0.003913	-0.448613	0.893718
03035	4.278680	0.380104	9.396173	0.021660	-2.468303	0.766696	0.668347	0.654604	0.353278	-0.743744	0.596070	0.302565	-0.012518	-0.464967	0.885239
03036	5.244611	4.006762	10.091603	-0.014302	-2.412491	0.932966	0.660903	0.648706	0.377342	-0.749922	0.590091	0.299014	-0.028693	-0.480597	0.876472
03037	12.650091	13.806996	15.710674	-0.684707	-2.262790	1.333387	0.649913	0.645594	0.401027	-0.758448	0.584737	0.287817	-0.048682	-0.491214	0.869677
03038	15.138575	8.356529	10.706903	-2.193917	-1.326066	1.447639	0.638082	0.647559	0.416555	-0.766405	0.586141	0.262796	-0.073984	-0.486936	0.870299
03039	7.099085	-2.251323	10.585722	-1.292276	-0.786253	1.093354	0.629118	0.650047	0.426203	-0.772200	0.585423	0.246955	-0.088976	-0.484478	0.870267
03040	11.336989	-4.944906	12.349246	-1.345695	-0.997034	0.829659	0.621746	0.650061	0.436867	-0.776059	0.586573	0.231656	-0.105664	-0.483066	0.869185
03041	4.991879	2.294626	8.437907	1.015294	0.283909	0.557279	0.617867	0.654525	0.435702	-0.780386	0.578208	0.238061	-0.096110	-0.487106	0.868038
03042	4.741894	7.428675	10.199700	-0.858815	-0.782851	0.515587	0.613061	0.653670	0.443702	-0.782664	0.579053	0.228331	-0.107674	-0.487250	0.866599
03043	6.131902	-0.753810	8.681962	-1.108591	-0.941865	0.525560	0.607914	0.652061	0.453052	-0.784547	0.581089	0.216381	-0.122170	-0.486982	0.864826
03044	5.910459	1.385802	9.819030	-0.029721	-0.403877	0.385281	0.604409	0.652299	0.457378	-0.786825	0.578756	0.214357	-0.124885	-0.489436	0.863051
03045	6.594185	2.267187	10.246068	-0.565312	-0.744765	0.288232	0.601241	0.650244	0.464427	-0.787773	0.579723	0.208171	-0.133877	-0.491024	0.860797
03046	8.456520	0.174999	7.300661	-0.593720	-0.418641	0.199909	0.599111	0.649325	0.468447	-0.788135	0.581371	0.202117	-0.141101	-0.490290	0.860062
03047	4.360086	1.374506	11.264525	0.155273	-0.055167	0.128481	0.598067	0.649738	0.469209	-0.789081	0.579821	0.202876	-0.140242	-0.491577	0.859467
03048	5.389984	1.420939	8.715816	-0.267414	-0.434566	0.065782	0.596949	0.647956	0.473081	-0.789071	0.580745	0.200257	-0.144982	-0.492837	0.857958
03049	5.205617	1.825843	8.485226	0.044472	-0.166471	0.051394	0.596341	0.647373	0.474643	-0.789401	0.580248	0.200394	-0.145681	-0.494187	0.857062
03050	5.196822	2.189768	9.104390	-0.088245	-0.315461	0.051269	0.595493	0.646084	0.477455	-0.789555	0.580387	0.199382	-0.148291	-0.495708	0.855736
03051	6.073724	2.004948	8.008356	-0.082462	-0.232363	0.023028	0.595001	0.645007	0.479520	-0.789531	0.580699	0.198567	-0.150380	-0.496744	0.854770
03052	4.978308	2.552653	9.006540	0.089675	-0.056795	0.029348	0.594705	0.644870	0.480072	-0.789818	0.580099	0.199180	-0.150044	-0.497623	0.854317
03053	5.332564	2.451220	8.634451	-0.103890	-0.238581	0.035482	0.594103	0.643825	0.482214	-0.789831	0.580442	0.198125	-0.152339	-0.498574	0.853356
03054	5.232729	1.996544	8.498368	-0.015078	-0.111555	0.042974	0.593614	0.643493	0.483258	-0.790042	0.580275	0.197777	-0.153155	-0.499197	0.852846
03055	4.933885	2.002134	8.785490	-0.010407	-0.138724	0.029120	0.593212	0.642905	0.484534	-0.790157	0.580195	0.197550	-0.154118	-0.500046	0.852174
03056	4.997431	1.996741	8.719754	-0.011236	-0.154445	0.033077	0.592732	0.642299	0.485923	-0.790313	0.580073	0.197282	-0.155157	-0.500966	0.851445
03057	4.974667	2.167009	8.712485	0.008491	-0.157657	0.035676	0.592243	0.641653	0.487369	-0.790498	0.579855	0.197183	-0.156081	-0.502045	0.850641
03058	5.059534	2.067213	8.687144	-0.056064	-0.179078	0.039957	0.591667	0.640960	0.488979	-0.790624	0.579915	0.196499	-0.157618	-0.502860	0.849875
03059	5.115190	1.952260	8.617640	-0.036350	-0.159906	0.042186	0.591123	0.640334	0.490455	-0.790772	0.579886	0.195988	-0.158910	-0.503691	0.849142
03060	5.092479	1.925001	8.722215	-0.030782	-0.143137	0.040822	0.590593	0.639824	0.491758	-0.790942	0.579815	0.195514	-0.160034	-0.504421	0.848498
03061	5.237170	1.900460	8.593475	-0.032688	-0.165751	0.032866	0.590105	0.639116	0.493262	-0.791043	0.579823	0.195078	-0.161327	-0.505308	0.847725
03062	5.258561	1.911543	8.603368	-0.038008	-0.116188	0.023845	0.589749	0.638641	0.494301	-0.791100	0.579897	0.194627	-0.162347	-0.505822	0.847223
03063	5.166736	1.926612	8.633557	-0.038755	-0.097866	0.025595	0.589426	0.638232	0.495214	-0.791147	0.579985	0.194174	-0.163288	-0.506239	0.846793
03064	5.187511	1.903821	8.640133	-0.035254	-0.095176	0.024359	0.589098	0.637866	0.496075	-0.791211	0.580042	0.193744	-0.164162	-0.506634	0.846388
03065	5.257152	1.878348	8.587555	-0.031886	-0.086739	0.028573	0.588769	0.637528	0.496899	-0.791285	0.580077	0.193335	-0.164983	-0.507019	0.845998
03066	5.221797	1.978140	8.474117	-0.003266	-0.053771	0.027922	0.588480	0.637392	0.497416	-0.791421	0.579951	0.193158	-0.165360	-0.507335	0.845735
03067	5.018043	1.965972	8.520201	-0.014047	-0.043810	0.028000	0.588226	0.637268	0.497876	-0.791521	0.579899	0.192903	-0.165787	-0.507549	0.845522
03068	5.038917	1.812592	8.578074	-0.045685	-0.071954	0.023279	0.587943	0.637012	0.498537	-0.791559	0.580018	0.192390	-0.166606	-0.507735	0.845250
03069	4.999610	1.877596	8.572671	0.036348	-0.085900	0.013632	0.587731	0.636591	0.499324	-0.791658	0.579802	0.192632	-0.166881	-0.508509	0.844730
03070	5.043559	1.948809	8.591054	0.024054	-0.141156	0.011101	0.587428	0.635911	0.500545	-0.791741	0.579643	0.192768	-0.167554	-0.509539	0.843976
03071	5.247992	1.901957	8.453513	0.013853	-0.147893	-0.001152	0.587227	0.635088	0.501824	-0.791717	0.579634	0.192893	-0.168370	-0.510575	0.843187
03072	5.230183	1.903415	8.533855	0.015367	-0.093302	-0.000012	0.587090	0.634586	0.502619	-0.791721	0.579590	0.193012	-0.168830	-0.511249	0.842687
03073	5.293579	1.990574	8.669679	0.002398	-0.094458	0.003030	0.586944	0.634059	0.503454	-0.791702	0.579613	0.193019	-0.169423	-0.511877	0.842186
03074	5.265839	2.046795	8.632047	0.037618	-0.094242	0.015334	0.586684	0.633639	0.504285	-0.791834	0.579357	0.193248	-0.169712	-0.512685	0.841636
