// General information: 
//  MT Manager version: 2022.2.0 
//  XDA version: 2022.2.0 build 7381 rev 124627 built on 2023-07-19
// Device information: 
//  DeviceId: 00B4CBA7
//  ProductCode: MTW2-3A7G6
//  Firmware Version: 4.6.0
//  Hardware Version: 2.0.0
// Device settings: 
//  Filter Profile: human(46.1)
//  Option Flags: Orientation Smoother Disabled, Position/Velocity Smoother Disabled, Continuous Zero Rotation Update Disabled, AHS Disabled, ICC Disabled
// Coordinate system: ENU
PacketCounter	Acc_X	Acc_Y	Acc_Z	Gyr_X	Gyr_Y	Gyr_Z	Mat[1][1]	Mat[2][1]	Mat[3][1]	Mat[1][2]	Mat[2][2]	Mat[3][2]	Mat[1][3]	Mat[2][3]	Mat[3][3]
24717	9.708640	0.235027	-0.696614	0.007218	-0.029687	0.020032	0.056306	0.055385	0.996876	0.463897	-0.885590	0.023000	0.884098	0.461153	-0.075557
24718	9.763486	0.257743	-0.753538	0.003991	-0.028591	0.018446	0.056621	0.055384	0.996858	0.463888	-0.885599	0.022854	0.884082	0.461137	-0.075836
24719	9.741647	0.255532	-0.767476	-0.002907	-0.026940	0.017331	0.056866	0.055349	0.996846	0.463746	-0.885677	0.022721	0.884141	0.460991	-0.076033
24720	9.719812	0.253485	-0.781204	-0.002735	-0.024699	0.015771	0.057134	0.055353	0.996831	0.463679	-0.885715	0.022607	0.884159	0.460917	-0.076271
24721	9.719634	0.251953	-0.783904	0.001304	-0.030899	0.015870	0.057557	0.055454	0.996801	0.463568	-0.885775	0.022510	0.884190	0.460790	-0.076689
24722	9.732372	0.236343	-0.758041	-0.002195	-0.028102	0.014781	0.057851	0.055483	0.996782	0.463507	-0.885810	0.022405	0.884203	0.460719	-0.076962
24723	9.753879	0.235409	-0.749595	-0.004314	-0.028686	0.014080	0.058203	0.055553	0.996758	0.463203	-0.885971	0.022331	0.884339	0.460402	-0.077298
24724	9.759646	0.239530	-0.710784	-0.010373	-0.027013	0.014346	0.058485	0.055581	0.996740	0.463070	-0.886043	0.022237	0.884390	0.460259	-0.077558
24725	9.753529	0.232672	-0.754983	-0.014216	-0.028705	0.016375	0.058870	0.055642	0.996714	0.462606	-0.886287	0.022154	0.884607	0.459781	-0.077916
24726	9.736897	0.177163	-0.776785	-0.013872	-0.024218	0.013257	0.059123	0.055667	0.996697	0.462442	-0.886375	0.022073	0.884676	0.459609	-0.078148
24727	9.740227	0.244399	-0.788822	-0.008114	-0.029313	0.010622	0.059352	0.055684	0.996683	0.462020	-0.886596	0.022020	0.884881	0.459180	-0.078349
24728	9.731306	0.228686	-0.773906	-0.009366	-0.024764	0.014156	0.059614	0.055703	0.996666	0.461895	-0.886663	0.021928	0.884929	0.459048	-0.078586
24729	9.709429	0.227061	-0.787575	-0.006266	-0.027040	0.011810	0.059913	0.055784	0.996644	0.461719	-0.886757	0.021877	0.885001	0.458858	-0.078884
24730	9.718931	0.215613	-0.861924	-0.006094	-0.024796	0.010252	0.060157	0.055837	0.996626	0.461625	-0.886807	0.021820	0.885033	0.458755	-0.079123
24731	9.693351	0.230280	-0.762537	-0.005589	-0.033314	0.006401	0.060441	0.055880	0.996606	0.461257	-0.887000	0.021760	0.885206	0.458376	-0.079386
24732	9.827436	0.300260	-0.332892	-0.030986	0.005504	-0.004419	0.060349	0.055924	0.996610	0.460952	-0.887156	0.021870	0.885371	0.458069	-0.079317
24733	9.545808	0.524075	-0.217147	-0.152125	0.052298	-0.028467	0.059668	0.055964	0.996648	0.459676	-0.887806	0.022332	0.886080	0.456802	-0.078699
24734	9.340528	0.855173	0.335153	-0.243201	0.024217	-0.013947	0.059366	0.056008	0.996664	0.457494	-0.888923	0.022703	0.887229	0.454620	-0.078395
24735	9.147428	0.635661	-0.077174	-0.454517	0.043713	-0.009029	0.058983	0.055932	0.996691	0.452968	-0.891225	0.023208	0.889573	0.450100	-0.077903
24736	9.188168	-0.076479	-0.453375	-0.498550	-0.029481	0.014376	0.059288	0.055967	0.996671	0.448485	-0.893481	0.023494	0.891822	0.445599	-0.078073
24737	9.485741	-0.472268	-0.443947	-0.443090	-0.117906	0.018912	0.060330	0.056244	0.996593	0.443928	-0.895750	0.023679	0.894029	0.440987	-0.079009
24738	10.045531	-0.855321	-0.957540	-0.279200	-0.174582	0.004982	0.061892	0.056997	0.996454	0.441393	-0.896996	0.023893	0.895177	0.438349	-0.080675
24739	9.930748	0.144657	-0.825193	-0.180975	-0.181221	-0.001935	0.063590	0.057909	0.996295	0.439733	-0.897805	0.024118	0.895875	0.436570	-0.082556
24740	9.382441	0.571316	-1.338834	-0.140487	-0.227366	-0.032700	0.065461	0.059225	0.996096	0.438462	-0.898413	0.024602	0.896363	0.435139	-0.084779
24741	9.578400	0.537836	-1.916300	-0.185702	-0.234950	-0.017931	0.067526	0.060425	0.995886	0.436372	-0.899419	0.024984	0.897229	0.432890	-0.087102
24742	9.767315	-0.149414	-1.821787	-0.226878	-0.182441	-0.012000	0.069090	0.061352	0.995722	0.434311	-0.900406	0.025344	0.898110	0.430702	-0.088855
24743	9.734389	-0.050910	-1.944500	-0.101197	-0.169145	-0.013010	0.070635	0.062314	0.995554	0.433395	-0.900839	0.025636	0.898432	0.429657	-0.090638
24744	9.885769	0.165275	-1.833346	-0.031911	-0.136676	0.009775	0.071884	0.062845	0.995431	0.433068	-0.900997	0.025609	0.898490	0.429249	-0.091983
24745	10.181885	0.393353	-1.843016	0.000918	-0.085779	0.011599	0.072619	0.063026	0.995366	0.432503	-0.901272	0.025514	0.898703	0.428646	-0.092708
24746	9.998350	0.683891	-1.648177	-0.027764	-0.027685	0.013255	0.072903	0.063057	0.995344	0.432211	-0.901414	0.025449	0.898821	0.428343	-0.092970
24747	9.879027	0.563116	-1.848303	-0.081832	-0.012551	0.023447	0.073156	0.062993	0.995329	0.431320	-0.901842	0.025375	0.899228	0.427449	-0.093146
24748	10.047521	0.245081	-1.799820	-0.052100	0.022938	0.039162	0.073097	0.062574	0.995360	0.430789	-0.902104	0.025075	0.899487	0.426958	-0.092897
24749	10.111657	0.143499	-1.537078	0.021320	0.076033	0.052444	0.072654	0.061853	0.995437	0.431090	-0.901974	0.024581	0.899379	0.427337	-0.092196
24750	10.028621	0.298826	-1.357194	0.067997	0.132740	0.058385	0.071691	0.060790	0.995573	0.431627	-0.901734	0.023979	0.899199	0.427997	-0.090884
24751	10.028092	0.350299	-1.117751	0.064417	0.180718	0.076470	0.070454	0.059405	0.995745	0.431984	-0.901582	0.023222	0.899125	0.428510	-0.089182
24752	9.947838	0.282302	-0.878880	0.098024	0.213752	0.091102	0.068905	0.057698	0.995953	0.432769	-0.901230	0.022270	0.898867	0.429484	-0.087069
24753	9.833333	0.466175	-0.573154	0.153356	0.216952	0.093574	0.067287	0.055921	0.996165	0.433863	-0.900728	0.021258	0.898463	0.430769	-0.084869
24754	9.804158	0.644216	-0.439212	0.183937	0.201688	0.097931	0.065879	0.054200	0.996354	0.435417	-0.900003	0.020169	0.897815	0.432501	-0.082891
24755	9.693057	0.670162	-0.308474	0.206654	0.181795	0.102385	0.064626	0.052431	0.996531	0.436760	-0.899377	0.018995	0.897254	0.434018	-0.081023
24756	9.733889	0.597640	-0.049075	0.219344	0.159494	0.120069	0.063699	0.050689	0.996681	0.438618	-0.898500	0.017663	0.896413	0.436037	-0.079467
24757	9.771796	0.490739	0.212449	0.244231	0.136173	0.126316	0.062960	0.048974	0.996814	0.440502	-0.897604	0.016277	0.895541	0.438074	-0.078086
24758	9.697697	0.472611	0.420316	0.261282	0.095288	0.122429	0.062625	0.047488	0.996907	0.442731	-0.896531	0.014894	0.894465	0.440429	-0.077170
24759	9.709202	0.700572	0.670437	0.306536	0.069720	0.117722	0.062508	0.046168	0.996976	0.445256	-0.895301	0.013543	0.893219	0.443063	-0.076520
24760	9.569352	0.929744	0.837434	0.257986	0.026387	0.119483	0.062783	0.045013	0.997012	0.447451	-0.894225	0.012196	0.892102	0.445348	-0.076284
24761	9.472465	0.992967	0.811885	0.185017	-0.031482	0.125746	0.063497	0.044013	0.997011	0.448707	-0.893613	0.010872	0.891420	0.446675	-0.076491
24762	9.406987	0.947776	0.774371	0.134855	-0.111822	0.132491	0.065066	0.043361	0.996938	0.449790	-0.893084	0.009488	0.890761	0.447796	-0.077613
24763	9.490573	0.784398	0.707912	0.130838	-0.193372	0.137231	0.067338	0.043007	0.996803	0.450920	-0.892528	0.008046	0.890021	0.448936	-0.079494
24764	9.513703	0.846515	0.859836	0.135093	-0.259816	0.136148	0.070241	0.042991	0.996603	0.451995	-0.891996	0.006621	0.889251	0.449995	-0.082086
24765	9.544033	0.644933	0.993234	0.106422	-0.342145	0.140649	0.073947	0.043318	0.996321	0.452330	-0.891835	0.005203	0.888780	0.450281	-0.085543
24766	9.562712	0.482760	1.144921	0.162986	-0.422860	0.143889	0.078332	0.043973	0.995957	0.453636	-0.891179	0.003668	0.887738	0.451515	-0.089756
24767	9.263078	0.639977	1.661216	0.168474	-0.480981	0.137721	0.083099	0.044894	0.995530	0.454822	-0.890580	0.002196	0.886697	0.452606	-0.094425
24768	8.972700	0.736241	2.223127	0.153164	-0.590941	0.156399	0.089025	0.046210	0.994957	0.456012	-0.889974	0.000532	0.885510	0.453665	-0.100302
24769	8.971382	0.825809	2.873506	0.082365	-0.739217	0.178959	0.096384	0.047997	0.994186	0.456359	-0.889795	-0.001286	0.884560	0.453830	-0.107666
24770	9.112671	1.053603	3.585161	-0.013259	-0.886527	0.190576	0.105069	0.050353	0.993189	0.456018	-0.889965	-0.003123	0.883746	0.453241	-0.116469
24771	8.886727	1.143090	4.127284	-0.096624	-1.047803	0.200663	0.115185	0.053322	0.991912	0.454723	-0.890619	-0.004927	0.883153	0.451613	-0.126833
24772	8.603981	1.082680	4.709085	-0.206259	-1.230654	0.210973	0.126984	0.057015	0.990265	0.452616	-0.891681	-0.006701	0.882618	0.449060	-0.139036
24773	8.464417	0.983546	4.883008	-0.387756	-1.428447	0.208408	0.140563	0.061467	0.988162	0.448064	-0.893964	-0.008128	0.882882	0.443903	-0.153200
24774	8.811740	0.166063	4.450262	-0.526152	-1.648073	0.196557	0.155967	0.067007	0.985487	0.443098	-0.896426	-0.009175	0.882802	0.438098	-0.169503
24775	9.462444	-0.374562	3.741727	-0.546983	-1.788708	0.184493	0.172530	0.073022	0.982294	0.437375	-0.899224	-0.009973	0.882574	0.431351	-0.187082
24776	9.828260	-0.916722	2.653615	-0.516157	-1.948664	0.189305	0.190518	0.079695	0.978443	0.432450	-0.901594	-0.010769	0.881300	0.425180	-0.206234
24777	11.299716	-1.114148	1.250379	-0.380416	-2.073819	0.209917	0.209738	0.086302	0.973941	0.427544	-0.903915	-0.011975	0.879327	0.418914	-0.226483
24778	12.869688	-0.543229	0.415552	-0.263830	-2.046399	0.227551	0.228647	0.092804	0.969076	0.424703	-0.905232	-0.013516	0.875984	0.414659	-0.246393
24779	12.946423	0.760929	-0.019441	-0.192540	-2.038188	0.224745	0.247401	0.098741	0.963869	0.421129	-0.906874	-0.015191	0.872607	0.409671	-0.265944
24780	15.729870	-0.050518	0.077027	-0.387887	-2.196859	0.241343	0.267517	0.105518	0.957758	0.417105	-0.908710	-0.016389	0.868595	0.403870	-0.287108
24781	16.347870	-2.914202	-0.466834	-0.150515	-2.065942	0.272112	0.286556	0.110915	0.951621	0.413842	-0.910160	-0.018535	0.864072	0.399132	-0.306714
24782	14.110731	-2.995354	1.152288	0.411291	-1.978029	0.244960	0.304570	0.116629	0.945323	0.416632	-0.908806	-0.022110	0.856537	0.400586	-0.325386
24783	12.714393	-1.062979	0.165300	0.683729	-2.033779	0.251092	0.323024	0.121958	0.938500	0.420214	-0.907030	-0.026766	0.847983	0.403017	-0.344241
24784	13.271635	1.228745	-2.303798	0.685380	-2.004824	0.288120	0.341126	0.127496	0.931331	0.425015	-0.904626	-0.031833	0.838448	0.406689	-0.362779
24785	13.245584	2.349511	-3.632433	0.386312	-1.842912	0.300541	0.357938	0.131628	0.924421	0.425627	-0.904180	-0.036058	0.831097	0.406366	-0.379664
24786	12.296860	2.404215	-4.795693	0.075153	-1.671157	0.274168	0.372918	0.135957	0.917850	0.425227	-0.904254	-0.038824	0.824690	0.404773	-0.395025
24787	11.223670	1.679332	-5.682331	-0.100622	-1.531938	0.200580	0.386484	0.139742	0.911648	0.422292	-0.905567	-0.040216	0.819939	0.400525	-0.408999
24788	10.508997	1.151003	-6.330005	-0.101742	-1.420846	0.096894	0.398485	0.144565	0.905710	0.421060	-0.906123	-0.040623	0.814812	0.397546	-0.421947
24789	9.945065	0.891600	-6.453997	-0.148275	-1.145211	-0.000256	0.408084	0.148375	0.900806	0.418184	-0.907482	-0.039972	0.811535	0.393015	-0.432377
24790	9.217441	0.472464	-6.812651	-0.053812	-0.914369	-0.106375	0.415022	0.152956	0.896862	0.418168	-0.907544	-0.038729	0.808018	0.391112	-0.440612
24791	8.974214	0.484107	-7.008794	-0.119489	-0.751293	-0.142985	0.420713	0.156616	0.893573	0.416480	-0.908397	-0.036873	0.805944	0.387668	-0.447401
24792	8.122839	0.313877	-6.941597	-0.113093	-0.528857	-0.190048	0.424158	0.160418	0.891267	0.416354	-0.908544	-0.034617	0.804201	0.385765	-0.452157
24793	7.706965	0.019770	-5.728746	-0.096117	-0.269601	-0.208439	0.425846	0.162305	0.890119	0.414187	-0.909619	-0.032292	0.804428	0.382427	-0.454583
24794	6.696374	-1.049529	-5.472869	-0.133798	0.028121	-0.192788	0.424801	0.163983	0.890311	0.413911	-0.909825	-0.029916	0.805122	0.381218	-0.454369
24795	5.452942	-1.563064	-5.148980	0.019206	0.171417	-0.202914	0.422993	0.164159	0.891139	0.412651	-0.910454	-0.028155	0.806719	0.379639	-0.452856
24796	7.130409	-0.904905	-3.259752	0.366724	0.431361	-0.202512	0.418652	0.164385	0.893145	0.416443	-0.908732	-0.027949	0.807035	0.383645	-0.448900
24797	8.466185	-0.116059	-1.917648	0.411339	0.990572	-0.165393	0.410113	0.161331	0.897652	0.418891	-0.907596	-0.028262	0.810146	0.387609	-0.439798
24798	7.918388	0.635836	-1.951623	0.305349	1.502139	-0.180296	0.397128	0.157135	0.904211	0.422079	-0.906129	-0.027908	0.814947	0.392732	-0.426173
24799	6.893745	1.444666	-2.827245	-0.028409	1.838126	-0.262293	0.381187	0.151439	0.912010	0.420963	-0.906723	-0.025386	0.823096	0.393599	-0.409381
24800	6.326571	0.845062	-3.008723	-0.360023	2.079665	-0.375605	0.362372	0.146694	0.920417	0.419356	-0.907591	-0.020453	0.832362	0.393394	-0.390403
24801	6.785640	-0.086227	-2.899457	-0.504076	2.322147	-0.432144	0.341198	0.141255	0.929317	0.415929	-0.909282	-0.014498	0.842963	0.391476	-0.368997
24802	7.396103	-0.476946	-2.762896	-0.528350	2.576823	-0.413324	0.317603	0.134976	0.938568	0.412782	-0.910788	-0.008701	0.853662	0.390188	-0.344985
24803	7.919412	-0.667868	-2.701465	-0.507744	2.844038	-0.362686	0.291747	0.127007	0.948026	0.408829	-0.912604	-0.003552	0.864721	0.388617	-0.318174
24804	8.233982	-0.742909	-2.717554	-0.478749	3.094805	-0.283902	0.263643	0.117613	0.957424	0.405423	-0.914129	0.000654	0.875286	0.387989	-0.288686
24805	8.208517	-0.586691	-2.774148	-0.462752	3.324790	-0.184545	0.233482	0.106343	0.966529	0.401660	-0.915781	0.003732	0.885526	0.387345	-0.256532
24806	8.123289	-0.423932	-2.897767	-0.489966	3.498654	-0.094425	0.201931	0.093704	0.974907	0.397471	-0.917596	0.005868	0.895121	0.386312	-0.222535
24807	8.484526	-0.262539	-2.755466	-0.544405	3.602365	-0.015121	0.169389	0.080122	0.982287	0.393253	-0.919402	0.007179	0.903692	0.385071	-0.187244
24808	9.101908	-0.341486	-2.506097	-0.564263	3.713122	0.055801	0.135880	0.065386	0.988565	0.388010	-0.921624	0.007626	0.911584	0.382537	-0.150601
24809	9.318309	-0.187151	-2.144479	-0.545497	3.794403	0.118025	0.101394	0.049936	0.993592	0.383993	-0.923308	0.007218	0.917752	0.380801	-0.112793
24810	9.494155	-0.183012	-2.049036	-0.530676	3.834536	0.152025	0.066656	0.034021	0.997196	0.378942	-0.925399	0.006242	0.923017	0.377464	-0.074576
24811	9.784961	0.080714	-1.812993	-0.468954	3.864508	0.146864	0.031396	0.018212	0.999341	0.375866	-0.926660	0.005079	0.926142	0.375459	-0.035939
24812	9.917329	-0.231572	-1.237905	-0.533263	3.849971	0.159981	-0.003737	0.002390	0.999990	0.370857	-0.928683	0.003606	0.928683	0.370866	0.002584
24813	9.952761	-0.514807	-1.098001	-0.514106	3.814996	0.145400	-0.038764	-0.013074	0.999163	0.367134	-0.930166	0.002072	0.929360	0.366907	0.040857
24814	10.582749	-0.220243	-0.913758	-0.499999	3.738059	0.101780	-0.073152	-0.027606	0.996939	0.362501	-0.931983	0.000792	0.929108	0.361449	0.078184
24815	10.217113	-0.248543	-0.203402	-0.524118	3.749425	0.105697	-0.107566	-0.042295	0.993298	0.360007	-0.932949	-0.000739	0.926728	0.357515	0.115580
24816	10.291949	-0.161707	0.088916	-0.529343	3.633103	0.045829	-0.141047	-0.055559	0.988443	0.355120	-0.934819	-0.001870	0.924119	0.350752	0.151584
24817	9.878479	-0.705145	0.277400	-0.627990	3.538225	0.027011	-0.173743	-0.068471	0.982408	0.350866	-0.936420	-0.003213	0.920167	0.344135	0.186720
24818	10.178179	-0.840961	0.728295	-0.588939	3.311402	-0.017744	-0.204228	-0.079537	0.975687	0.345378	-0.938454	-0.004208	0.915972	0.336121	0.219129
24819	10.381673	-1.026346	-0.232052	-0.627789	3.215329	-0.037856	-0.233677	-0.090345	0.968108	0.341320	-0.939932	-0.005329	0.910437	0.329189	0.250477
24820	9.674694	-1.405703	-0.118732	-0.415036	3.097374	-0.012298	-0.261844	-0.100287	0.959886	0.337475	-0.941313	-0.006288	0.904184	0.322291	0.280321
24821	8.617078	-1.567865	0.530228	-0.087395	2.862222	-0.016885	-0.287752	-0.109838	0.951385	0.338032	-0.941113	-0.006412	0.896065	0.319754	0.307936
24822	7.463462	-1.838734	0.735559	0.267399	2.599277	-0.043158	-0.311098	-0.117706	0.943061	0.340238	-0.940325	-0.005126	0.887387	0.319270	0.332581
24823	6.623976	-1.479507	1.356390	0.589286	2.231877	-0.117004	-0.331231	-0.124052	0.935359	0.345732	-0.938331	-0.002015	0.877927	0.322716	0.353693
24824	6.428545	-0.492686	1.825562	0.843097	1.862537	-0.158487	-0.348071	-0.128597	0.928606	0.352506	-0.935806	0.002536	0.868669	0.328222	0.371058
24825	6.156855	0.772080	2.678672	0.890704	1.474672	-0.199583	-0.361624	-0.131720	0.922972	0.359597	-0.933076	0.007729	0.860185	0.334693	0.384789
24826	5.954499	1.467046	3.054250	0.765017	1.055001	-0.246638	-0.371578	-0.132952	0.918833	0.365197	-0.930839	0.012998	0.853558	0.340385	0.394433
24827	5.556178	1.322595	2.837646	0.520809	0.599554	-0.305229	-0.377866	-0.132139	0.916382	0.368382	-0.929503	0.017870	0.849418	0.344331	0.399906
24828	4.896054	1.423044	2.859510	0.305178	0.155832	-0.366534	-0.380562	-0.129241	0.915680	0.369531	-0.928947	0.022466	0.847714	0.346922	0.401280
24829	4.492036	0.790434	2.215660	0.224875	-0.392847	-0.369523	-0.378663	-0.124403	0.917136	0.369910	-0.928682	0.026757	0.848399	0.349389	0.397675
24830	4.360379	0.616297	1.561682	0.292723	-0.907857	-0.329050	-0.372189	-0.118128	0.920609	0.371110	-0.928073	0.030949	0.850736	0.353166	0.389257
24831	5.129006	0.951597	1.148589	0.310562	-1.443830	-0.287547	-0.361010	-0.110291	0.926017	0.372584	-0.927346	0.034804	0.854899	0.357584	0.375874
24832	8.866025	1.359029	3.710816	0.244837	-1.668967	-0.276261	-0.347751	-0.101698	0.932055	0.373654	-0.926778	0.038289	0.859914	0.361581	0.360288
24833	10.739698	-0.309702	4.662471	-0.272086	-1.536392	-0.211805	-0.335342	-0.094148	0.937380	0.370468	-0.928012	0.039325	0.866198	0.360457	0.346080
24834	12.355901	-0.060405	7.594017	-0.386392	-1.120708	-0.196846	-0.326351	-0.088264	0.941119	0.366410	-0.929599	0.039876	0.871343	0.357849	0.335716
24835	13.160352	-1.096853	8.656208	-0.703685	-0.624386	-0.147597	-0.321497	-0.084641	0.943120	0.359659	-0.932271	0.038936	0.875948	0.351719	0.330164
24836	9.845443	-1.415844	7.609400	-0.350482	-0.376970	-0.123318	-0.318652	-0.082139	0.944306	0.356140	-0.933620	0.038969	0.878422	0.348722	0.326753
24837	7.367930	0.668962	6.405992	-0.328492	-0.623394	-0.234135	-0.314070	-0.077759	0.946210	0.352354	-0.935007	0.040116	0.881593	0.346000	0.321056
24838	8.229739	0.358820	4.951214	-0.956195	-0.988302	-0.222673	-0.306120	-0.072263	0.949246	0.343153	-0.938460	0.039220	0.887996	0.337743	0.312079
24839	10.997410	-1.341876	4.767167	-1.291929	-1.295506	-0.189057	-0.295276	-0.066160	0.953119	0.330893	-0.942941	0.037057	0.896282	0.326322	0.300319
24840	13.301265	-2.372424	4.221369	-1.286112	-1.421220	-0.173486	-0.283061	-0.059931	0.957228	0.318760	-0.947191	0.034958	0.904582	0.315021	0.287217
24841	13.157043	-3.312906	3.600267	-1.137321	-1.441294	-0.187003	-0.270632	-0.053674	0.961185	0.307729	-0.950883	0.033545	0.912174	0.304863	0.273856
24842	11.484741	-4.020466	3.336416	-0.852006	-1.587484	-0.149570	-0.256570	-0.047437	0.965361	0.299484	-0.953540	0.032740	0.918957	0.297510	0.258856
24843	11.013000	-3.387559	3.556692	-0.224712	-1.779833	-0.175294	-0.240767	-0.040486	0.969738	0.296771	-0.954349	0.033839	0.924099	0.295937	0.241791
24844	10.644433	1.394769	2.993071	0.461199	-1.954581	-0.299210	-0.223585	-0.031767	0.974167	0.300297	-0.953095	0.037843	0.927271	0.301000	0.222637
24845	9.878203	6.839693	2.242718	0.574980	-2.090314	-0.458824	-0.205636	-0.021059	0.978402	0.304437	-0.951538	0.043505	0.930071	0.306808	0.202081
24846	9.252014	10.650725	-0.061296	-0.068912	-2.168461	-0.575690	-0.187185	-0.008899	0.982284	0.302616	-0.951850	0.049044	0.934551	0.306435	0.180865
24847	8.275157	8.138885	-2.400991	-1.351035	-2.171378	-0.536195	-0.168460	0.002742	0.985705	0.288822	-0.955969	0.052020	0.942445	0.293456	0.160251
24848	8.376907	1.120437	-4.355781	-1.681771	-2.098718	-0.401803	-0.149741	0.012613	0.988645	0.272216	-0.960748	0.053487	0.950514	0.277134	0.140430
24849	9.643973	-2.665203	-5.116156	-0.904142	-1.955079	-0.349576	-0.132098	0.021334	0.991007	0.262993	-0.963183	0.055791	0.955712	0.267998	0.121624
24850	10.285416	-2.711715	-5.052479	0.171811	-1.682749	-0.386369	-0.117038	0.029607	0.992686	0.264108	-0.962634	0.059849	0.957366	0.269181	0.104845
24851	9.631879	-0.773809	-4.007257	0.565594	-1.456860	-0.428826	-0.104278	0.037715	0.993833	0.268943	-0.960981	0.064687	0.957494	0.274030	0.090066
24852	9.476760	-0.385446	-3.219048	0.457948	-1.399133	-0.403737	-0.091992	0.045485	0.994720	0.272886	-0.959561	0.069113	0.957638	0.277803	0.075860
24853	10.393511	0.296387	-2.546655	0.237801	-1.364424	-0.344257	-0.079909	0.052608	0.995413	0.274765	-0.958757	0.072729	0.958185	0.279316	0.062158
24854	11.142465	1.250595	-2.262434	-0.134026	-1.313993	-0.293660	-0.068133	0.059113	0.995923	0.273217	-0.958976	0.075611	0.959536	0.277255	0.049187
24855	10.945225	1.022339	-2.168272	-0.651215	-1.246979	-0.285702	-0.056957	0.065299	0.996239	0.266704	-0.960600	0.078211	0.962094	0.270155	0.037297
24856	10.110727	0.184744	-2.139966	-0.914579	-1.196684	-0.280720	-0.046180	0.071207	0.996392	0.257701	-0.962844	0.080753	0.965121	0.260500	0.026114
24857	10.029571	0.163430	-1.989790	-0.839310	-1.158799	-0.295389	-0.035763	0.077050	0.996386	0.249391	-0.964791	0.083558	0.967742	0.251478	0.015288
24858	9.588121	0.606335	-1.617507	-0.660214	-1.088291	-0.307996	-0.025996	0.082753	0.996231	0.242856	-0.966190	0.086595	0.969714	0.244192	0.005020
24859	9.525426	0.454873	-1.516525	-0.362509	-1.068052	-0.304074	-0.016388	0.088312	0.995958	0.239222	-0.966816	0.089664	0.970827	0.239725	-0.005281
24860	9.651951	0.575776	-1.223261	0.036143	-1.019419	-0.299598	-0.007226	0.093681	0.995576	0.239494	-0.966464	0.092680	0.970871	0.239104	-0.015452
24861	9.702156	1.184659	-0.797838	0.301245	-0.981100	-0.303126	0.001543	0.099002	0.995086	0.242354	-0.965459	0.095679	0.970187	0.241015	-0.025483
24862	9.707611	1.352372	-0.261103	0.417713	-0.948477	-0.288091	0.010018	0.104115	0.994515	0.246378	-0.964160	0.098455	0.969122	0.244040	-0.035311
24863	9.657280	1.697953	-0.002227	0.391883	-0.927428	-0.263700	0.018330	0.108982	0.993875	0.250189	-0.962917	0.100973	0.968024	0.246805	-0.044916
24864	9.498149	2.286910	-0.038414	0.209287	-0.928299	-0.228239	0.026721	0.113507	0.993178	0.252223	-0.962153	0.103175	0.967300	0.247745	-0.054339
24865	9.577149	2.350092	-0.238768	-0.048278	-0.961687	-0.194941	0.035502	0.117781	0.992405	0.251751	-0.962060	0.105174	0.967141	0.246105	-0.063807
24866	9.724800	2.105775	-0.755522	-0.183935	-0.976970	-0.172231	0.044502	0.121861	0.991549	0.250000	-0.962310	0.107047	0.967223	0.243123	-0.073290
24867	9.765955	1.585032	-1.305954	-0.172626	-0.947128	-0.139249	0.053287	0.125523	0.990659	0.248346	-0.962564	0.108605	0.967205	0.240239	-0.082466
24868	9.590589	1.648389	-1.622131	-0.040574	-0.909273	-0.129062	0.061742	0.128975	0.989724	0.247987	-0.962503	0.109957	0.966794	0.238650	-0.091411
24869	9.470848	1.633312	-1.835589	0.072495	-0.888084	-0.124174	0.069993	0.132340	0.988730	0.248744	-0.962168	0.111176	0.966037	0.238159	-0.100264
24870	9.610380	1.825726	-2.023484	0.135451	-0.865427	-0.113363	0.078049	0.135524	0.987695	0.250096	-0.961699	0.112195	0.965070	0.238262	-0.108953
24871	9.776200	2.021342	-2.274236	0.106169	-0.820861	-0.094824	0.085704	0.138446	0.986655	0.251151	-0.961321	0.113075	0.964146	0.238108	-0.117160
24872	9.584626	1.780926	-2.334269	0.029330	-0.761534	-0.062611	0.092868	0.140890	0.985660	0.251450	-0.961169	0.113698	0.963405	0.237285	-0.124689
24873	9.464295	1.681993	-2.420062	-0.028300	-0.731582	-0.055233	0.099747	0.143193	0.984655	0.251176	-0.961165	0.114332	0.962788	0.235918	-0.131840
24874	9.592649	1.511591	-2.401545	-0.074386	-0.711000	-0.051936	0.106443	0.145396	0.983631	0.250475	-0.961270	0.114985	0.962254	0.234135	-0.138738
24875	9.655346	1.643915	-2.273372	-0.115847	-0.676291	-0.034962	0.112846	0.147401	0.982618	0.249422	-0.961472	0.115585	0.961798	0.232043	-0.145263
24876	9.695750	1.577794	-2.279994	-0.196860	-0.640774	-0.019286	0.118943	0.149097	0.981643	0.247513	-0.961902	0.116108	0.961556	0.229159	-0.151315
24877	9.607809	1.361198	-2.161358	-0.214415	-0.610835	-0.003069	0.124784	0.150574	0.980692	0.245414	-0.962388	0.116537	0.961354	0.226133	-0.157043
24878	9.570163	1.147815	-2.096186	-0.180798	-0.605100	0.003505	0.130591	0.151933	0.979726	0.243633	-0.962805	0.116834	0.961035	0.223436	-0.162750
24879	9.626700	1.224760	-2.193019	-0.142772	-0.597930	-0.000596	0.136319	0.153363	0.978722	0.242312	-0.963098	0.117165	0.960574	0.221185	-0.168450
24880	9.619799	1.173038	-1.991751	-0.134012	-0.594750	-0.014555	0.141978	0.154845	0.977684	0.241008	-0.963374	0.117580	0.960082	0.218936	-0.174097
24881	9.749406	1.112520	-1.870982	-0.096420	-0.593264	-0.020363	0.147609	0.156434	0.976596	0.240150	-0.963532	0.118043	0.959448	0.217106	-0.179793
24882	9.700979	1.054750	-1.613968	-0.068034	-0.574676	-0.022402	0.153049	0.157926	0.975518	0.239495	-0.963648	0.118430	0.958759	0.215506	-0.185308
24883	9.468662	1.192948	-1.258623	-0.019704	-0.577467	-0.018814	0.158508	0.159357	0.974413	0.239212	-0.963686	0.118690	0.957942	0.214278	-0.190872
24884	9.499855	1.284719	-1.347791	0.000376	-0.605276	-0.016292	0.164247	0.160841	0.973218	0.239205	-0.963663	0.118892	0.956976	0.213271	-0.196753
24885	9.485932	1.176787	-1.546376	0.016285	-0.629005	-0.019910	0.170193	0.162430	0.971932	0.239372	-0.963593	0.119121	0.955895	0.212380	-0.202878
24886	9.426635	0.890675	-1.704416	0.072537	-0.649961	-0.014262	0.176350	0.163980	0.970573	0.240054	-0.963419	0.119154	0.954607	0.211977	-0.209263
24887	9.417920	0.649456	-1.788529	0.134803	-0.690822	-0.015876	0.182885	0.165683	0.969073	0.241372	-0.963095	0.119109	0.953044	0.212123	-0.216127
24888	9.378415	0.391623	-1.703728	0.272425	-0.701619	-0.005985	0.189533	0.167267	0.967522	0.243941	-0.962509	0.118614	0.951089	0.213537	-0.223231
24889	9.196827	0.678976	-1.546547	0.406719	-0.709711	-0.016343	0.196218	0.169037	0.965880	0.247862	-0.961590	0.117933	0.948716	0.216265	-0.230579
24890	9.131559	1.368658	-1.416354	0.439286	-0.750213	-0.026586	0.203242	0.170959	0.964088	0.252043	-0.960592	0.117205	0.946133	0.219170	-0.238321
24891	9.284635	1.295161	-1.447137	0.331569	-0.773481	-0.029652	0.210449	0.172956	0.962184	0.255123	-0.959836	0.116734	0.943729	0.220908	-0.246122
24892	9.371807	1.182995	-1.431587	0.338467	-0.807591	-0.008476	0.218021	0.174862	0.960151	0.258297	-0.959074	0.116014	0.941143	0.222710	-0.254265
24893	9.255709	1.245686	-1.500869	0.368781	-0.820201	-0.001765	0.225708	0.176809	0.958016	0.261801	-0.958226	0.115168	0.938358	0.224815	-0.262568
24894	9.031538	1.253172	-1.549990	0.391169	-0.851787	-0.000055	0.233670	0.178767	0.955741	0.265433	-0.957346	0.114171	0.935384	0.227007	-0.271154
24895	9.258526	1.292244	-1.783522	0.432478	-0.917051	-0.012221	0.242183	0.181037	0.953191	0.269461	-0.956338	0.113171	0.932061	0.229440	-0.280391
24896	9.463253	1.251956	-1.856007	0.430994	-0.932261	-0.012337	0.250804	0.183338	0.950518	0.273470	-0.955325	0.112107	0.928607	0.231821	-0.289737
24897	9.467953	1.347449	-1.940688	0.479030	-0.962856	-0.003665	0.259697	0.185613	0.947684	0.277761	-0.954241	0.110782	0.924882	0.234460	-0.299370
24898	9.434407	1.162701	-1.978988	0.446672	-0.982909	0.005953	0.268768	0.187906	0.944699	0.281837	-0.953203	0.109414	0.921049	0.236844	-0.309149
24899	9.347622	1.070441	-1.778217	0.521349	-1.016136	0.027930	0.278163	0.190114	0.941532	0.286512	-0.952017	0.107585	0.916808	0.239833	-0.319286
24900	9.170959	1.500220	-1.722422	0.537100	-1.053255	0.046283	0.287911	0.192248	0.938162	0.291263	-0.950813	0.105456	0.912290	0.242889	-0.329744
24901	9.197318	1.447922	-1.681726	0.481832	-1.140106	0.061899	0.298438	0.194418	0.934418	0.295310	-0.949800	0.103302	0.907594	0.245114	-0.340870
24902	9.299946	1.390696	-1.388997	0.485210	-1.225827	0.064023	0.309703	0.196861	0.930231	0.299478	-0.948735	0.101071	0.902439	0.247281	-0.352782
24903	9.370895	1.351586	-1.026774	0.548112	-1.330741	0.071674	0.321867	0.199590	0.925508	0.304226	-0.947491	0.098528	0.896576	0.249850	-0.365687
24904	9.560204	1.319914	-1.044566	0.593074	-1.441758	0.086816	0.334994	0.202422	0.920220	0.309211	-0.946179	0.095567	0.890038	0.252528	-0.379556
24905	9.878651	1.027719	-1.114142	0.615236	-1.554979	0.110983	0.349099	0.205302	0.914320	0.314145	-0.944885	0.092221	0.882861	0.255034	-0.394353
24906	10.794120	1.043367	-0.883067	0.732903	-1.685216	0.132288	0.364307	0.208412	0.907659	0.320087	-0.943281	0.088118	0.874543	0.258428	-0.410354
24907	11.474715	0.641227	-0.926832	0.732584	-1.759118	0.164542	0.380106	0.211343	0.900474	0.325624	-0.941797	0.083590	0.865730	0.261443	-0.426801
24908	11.222066	0.620229	0.348264	0.825404	-1.846571	0.191568	0.396612	0.214435	0.892590	0.331961	-0.940035	0.078330	0.855863	0.265238	-0.444013
24909	11.565328	1.523583	0.562626	0.801302	-1.988180	0.221720	0.414236	0.217670	0.883758	0.337802	-0.938398	0.072793	0.845162	0.268382	-0.462248
24910	11.533895	1.234555	0.667800	0.495278	-2.107074	0.241073	0.432731	0.221096	0.873991	0.340919	-0.937602	0.068391	0.834576	0.268365	-0.481105
24911	11.622944	0.157176	0.967208	0.351670	-2.288246	0.242870	0.452497	0.224861	0.862950	0.342571	-0.937269	0.064596	0.823341	0.266393	-0.501143
24912	12.565874	0.120216	1.454756	0.368040	-2.496362	0.228600	0.473658	0.229373	0.850316	0.344500	-0.936815	0.060807	0.810536	0.264132	-0.522749
24913	13.806186	-0.029639	1.735225	0.271796	-2.637182	0.239972	0.495646	0.233987	0.836412	0.345383	-0.936706	0.057375	0.796897	0.260445	-0.545090
24914	14.520374	-0.647524	2.323468	0.106296	-2.788364	0.256904	0.518533	0.238795	0.821036	0.344902	-0.937043	0.054709	0.782410	0.254809	-0.568249
24915	15.807068	-1.319398	3.075303	0.001066	-2.910978	0.251194	0.541913	0.243623	0.804349	0.343367	-0.937722	0.052683	0.767091	0.247637	-0.591816
24916	17.035868	-2.159463	3.167037	0.124611	-2.986582	0.251497	0.565415	0.248600	0.786450	0.342906	-0.938039	0.049986	0.750147	0.241415	-0.615628
24917	18.062435	-2.035586	2.699900	0.353048	-2.993846	0.260623	0.588473	0.253124	0.767872	0.343749	-0.937946	0.045750	0.731803	0.237033	-0.638967
24918	18.773103	-0.982452	1.419060	0.730982	-2.880442	0.277243	0.610208	0.257377	0.749269	0.347354	-0.936925	0.038951	0.712033	0.236493	-0.661120
24919	18.276076	0.011626	1.364665	1.025160	-2.707228	0.346069	0.630399	0.260330	0.731317	0.352114	-0.935492	0.029487	0.691818	0.238918	-0.681400
24920	16.894875	1.442847	0.358203	1.406055	-2.602510	0.489989	0.649845	0.262083	0.713452	0.358545	-0.933370	0.016289	0.670184	0.245220	-0.700515
24921	14.533646	3.164646	-2.085472	1.801624	-2.447026	0.566213	0.668001	0.262623	0.696278	0.366350	-0.930477	-0.000513	0.647736	0.255424	-0.717772
24922	12.744645	3.010578	-5.115335	1.919356	-2.312547	0.608215	0.684952	0.263047	0.679446	0.374445	-0.927063	-0.018568	0.625005	0.267133	-0.733491
24923	11.492639	2.101924	-9.004154	1.855914	-2.320742	0.558343	0.701281	0.263884	0.662246	0.381627	-0.923612	-0.036092	0.602134	0.278041	-0.748417
24924	11.380250	1.955840	-9.083008	1.130871	-2.642757	0.471001	0.718677	0.266961	0.642056	0.384960	-0.921702	-0.047665	0.579060	0.281421	-0.765175
24925	13.143321	2.270515	-8.414838	1.159076	-2.380401	0.287286	0.733301	0.270740	0.623674	0.389135	-0.919324	-0.058451	0.557534	0.285556	-0.779496
24926	12.023568	4.283746	-5.007262	0.326302	-1.817770	-0.033098	0.743154	0.276247	0.609434	0.391175	-0.918309	-0.060751	0.542866	0.283543	-0.790506
24927	9.916208	3.129868	-6.383953	-0.712547	-1.307556	-0.337640	0.748878	0.282663	0.599402	0.389524	-0.919487	-0.053054	0.536146	0.273212	-0.798688
24928	6.371807	0.527705	-12.105553	-1.528655	-0.573000	-0.471420	0.750111	0.288554	0.595038	0.384850	-0.922199	-0.037940	0.537796	0.257459	-0.802802
24929	3.436320	-3.755324	-10.989535	-0.769508	-1.028484	-0.532527	0.753561	0.295751	0.587092	0.384413	-0.922719	-0.028589	0.533265	0.247229	-0.809015
24930	6.705673	-4.991192	-5.969107	0.183298	-0.873556	-0.474427	0.756334	0.302309	0.580145	0.388967	-0.920848	-0.027249	0.525988	0.246267	-0.814058
24931	9.876747	-2.965461	-4.509024	1.080492	-0.160000	-0.471995	0.755317	0.306717	0.579155	0.397858	-0.916842	-0.033321	0.520774	0.255589	-0.814536
24932	10.046992	-0.160197	-5.100923	1.450613	0.715939	-0.487713	0.749603	0.309320	0.585164	0.409081	-0.911521	-0.042205	0.520335	0.271016	-0.809816
24933	8.471538	2.365904	-5.310142	1.136997	1.377989	-0.431762	0.740612	0.309049	0.596643	0.417892	-0.907184	-0.048827	0.526174	0.285494	-0.801020
24934	5.640066	3.707380	-5.911416	0.046991	1.706101	-0.389362	0.729876	0.307688	0.610418	0.421006	-0.905850	-0.046792	0.538549	0.291142	-0.790696
24935	3.643970	2.486454	-7.913024	-0.971585	1.916374	-0.419560	0.717615	0.305596	0.625811	0.418371	-0.907539	-0.036575	0.556771	0.288069	-0.779116
24936	3.635880	0.382706	-7.864441	-1.443469	2.019902	-0.475952	0.704162	0.304202	0.641574	0.413569	-0.910199	-0.022343	0.577163	0.281068	-0.766735
24937	4.710274	-1.982962	-7.382441	-1.450746	2.284617	-0.487549	0.688703	0.301984	0.659162	0.408092	-0.912905	-0.008149	0.599291	0.274611	-0.751957
24938	5.798641	-2.812772	-6.752726	-1.010323	2.654851	-0.474255	0.670548	0.299071	0.678912	0.405142	-0.914250	0.002590	0.621470	0.273319	-0.734215
24939	6.487161	-2.212185	-6.537600	-0.587392	3.052614	-0.436099	0.649442	0.294348	0.701131	0.403953	-0.914727	0.009848	0.644242	0.276828	-0.712964
24940	6.575620	-0.980310	-7.079245	-0.385392	3.478510	-0.349376	0.625184	0.287828	0.725466	0.403641	-0.914793	0.015098	0.667996	0.283389	-0.688093
24941	5.835430	-0.175032	-7.407816	-0.486539	3.848052	-0.280261	0.597819	0.279058	0.751491	0.401682	-0.915551	0.020438	0.693732	0.289642	-0.659426
24942	5.005986	-0.223240	-8.321236	-0.758593	4.069305	-0.238398	0.568065	0.269398	0.777642	0.397693	-0.917115	0.027203	0.720516	0.293810	-0.628118
24943	5.225307	-1.106838	-8.495644	-0.903842	4.248514	-0.193529	0.536056	0.258349	0.803679	0.391765	-0.919428	0.034249	0.747773	0.296494	-0.594077
24944	5.634848	-2.370193	-8.327634	-0.768003	4.510441	-0.111778	0.501269	0.245934	0.829606	0.386481	-0.921445	0.039638	0.774185	0.300757	-0.556941
24945	5.860991	-3.218324	-8.398780	-0.356482	4.767402	-0.010616	0.463662	0.231243	0.855304	0.383369	-0.922657	0.041628	0.798778	0.308595	-0.516452
24946	5.398925	-2.940469	-8.604474	0.142966	5.015123	0.039320	0.423177	0.215115	0.880140	0.384328	-0.922302	0.040633	0.820496	0.321068	-0.472972
24947	5.068303	-1.937296	-8.589089	0.660576	5.139453	0.002544	0.380461	0.197925	0.903369	0.389443	-0.920282	0.037614	0.838799	0.337500	-0.427212
24948	5.374084	-0.603495	-8.182913	1.007767	5.316927	-0.063149	0.335178	0.180071	0.924786	0.398171	-0.916674	0.034179	0.853882	0.356768	-0.378948
24949	5.877335	0.384653	-8.271103	1.039016	5.416955	-0.097373	0.288079	0.160929	0.943987	0.407080	-0.912853	0.031392	0.866774	0.375235	-0.328485
24950	6.617429	0.754489	-8.248659	0.914638	5.487687	-0.132005	0.239639	0.141106	0.960553	0.415373	-0.909159	0.029929	0.877518	0.391816	-0.276481
24951	7.402486	0.763501	-7.818579	0.771398	5.594081	-0.170686	0.189467	0.120187	0.974504	0.422236	-0.906001	0.029645	0.886464	0.405854	-0.222405
24952	8.217665	0.875892	-7.459397	0.621705	5.718477	-0.199465	0.137695	0.098463	0.985568	0.428058	-0.903239	0.030434	0.893200	0.417690	-0.166519
24953	8.464180	-0.015318	-7.352912	0.571671	5.830636	-0.194024	0.084530	0.075458	0.993560	0.433114	-0.900786	0.031564	0.897367	0.427657	-0.108826
24954	8.554418	-0.857059	-7.030593	0.709430	5.871656	-0.206630	0.030888	0.051928	0.998173	0.439560	-0.897603	0.033094	0.897682	0.437735	-0.050550
24955	9.167004	-0.942637	-6.781495	0.875338	5.834240	-0.240890	-0.022582	0.028187	0.999348	0.447161	-0.893756	0.035313	0.894168	0.447667	0.007579
24956	10.252398	-0.292514	-6.269000	1.022522	5.845533	-0.319875	-0.076119	0.004593	0.997088	0.456065	-0.889095	0.038913	0.886685	0.457699	0.065582
24957	11.313008	1.168698	-5.451692	0.910219	5.802518	-0.513716	-0.129769	-0.017662	0.991387	0.463339	-0.885044	0.044882	0.876628	0.465173	0.123035
24958	11.003984	1.542881	-4.375265	0.660945	5.800299	-0.496528	-0.182620	-0.040359	0.982355	0.468271	-0.882123	0.050811	0.864507	0.469287	0.179992
24959	10.885333	2.944778	-5.541653	0.141921	5.498336	-0.491176	-0.232243	-0.061782	0.970694	0.468278	-0.881811	0.055912	0.852513	0.467539	0.233725
24960	10.745064	2.120125	-3.835614	-0.268705	5.325172	-0.429797	-0.279355	-0.082701	0.956620	0.464853	-0.883395	0.059377	0.840162	0.461275	0.285224
24961	10.610875	-0.166309	-1.050992	-0.157541	4.842650	-0.278082	-0.321098	-0.102407	0.941493	0.462555	-0.884452	0.061552	0.826401	0.455256	0.331365
24962	9.918603	-1.089578	-0.658731	0.339440	4.363432	-0.223287	-0.357868	-0.120237	0.925999	0.464522	-0.883184	0.064845	0.810031	0.453353	0.371916
24963	7.410828	0.891127	0.534968	0.540303	3.920347	-0.200625	-0.390312	-0.136195	0.910553	0.467968	-0.881062	0.068812	0.792882	0.452968	0.407624
24964	3.543578	-1.663846	0.490859	-0.153355	3.309111	-0.336491	-0.417939	-0.148094	0.896323	0.465349	-0.882258	0.071213	0.780242	0.446866	0.437646
24965	-1.105915	-1.566030	5.382183	0.026021	2.637115	-0.710407	-0.441742	-0.153513	0.883910	0.462367	-0.883280	0.077669	0.768818	0.443001	0.461161
24966	-3.368165	1.391126	4.842437	0.617258	1.123827	-1.071667	-0.455318	-0.149028	0.877768	0.462229	-0.882183	0.089990	0.760940	0.446704	0.470559
24967	-3.197920	3.400719	1.760700	0.109215	-0.399013	-1.022229	-0.457077	-0.138173	0.878629	0.458238	-0.883245	0.099484	0.762298	0.448093	0.467027
24968	0.129020	3.655125	-0.533795	-0.439537	-1.927396	-0.771449	-0.445814	-0.122700	0.886676	0.451327	-0.886244	0.104284	0.773016	0.446672	0.450478
24969	4.049140	3.312080	-2.933744	-0.814052	-2.690595	-0.465672	-0.426980	-0.106552	0.897962	0.442788	-0.890471	0.104882	0.788433	0.442389	0.427393
24970	9.430751	2.407221	-1.756164	-1.170545	-3.301067	-0.323101	-0.402078	-0.089157	0.911254	0.432055	-0.895949	0.102979	0.807256	0.435117	0.398762
24971	11.290302	0.632076	1.239232	-1.786738	-2.832438	-0.161816	-0.379709	-0.075520	0.922018	0.416714	-0.903785	0.097586	0.825936	0.421272	0.374646
24972	17.035428	-1.846396	6.095870	-2.337805	-2.433092	-0.084197	-0.359753	-0.064718	0.930800	0.396821	-0.913487	0.089857	0.844459	0.401688	0.354311
24973	22.037610	-4.233566	9.371605	-1.955327	-1.258397	0.125224	-0.348636	-0.060874	0.935279	0.380517	-0.921141	0.081888	0.856539	0.384439	0.344306
24974	15.318643	-5.123157	6.021627	-0.482685	-0.159648	-0.053294	-0.347492	-0.059747	0.935777	0.376137	-0.923039	0.080742	0.858936	0.380038	0.343222
24975	7.765020	-1.835069	6.486257	-0.053771	-0.283951	-0.026150	-0.345226	-0.058395	0.936701	0.375433	-0.923320	0.080807	0.860156	0.379565	0.340678
24976	7.979744	-1.875254	4.233893	-0.269298	-1.439057	0.100180	-0.332454	-0.053845	0.941581	0.373394	-0.924305	0.078981	0.866055	0.377838	0.327395
24977	13.774946	-1.984844	2.006225	-0.739536	-2.205616	0.036404	-0.313190	-0.045892	0.948581	0.366895	-0.927129	0.076283	0.875957	0.371921	0.307205
24978	16.936274	-2.165241	1.584909	-1.622826	-2.236924	-0.064500	-0.293709	-0.037105	0.955175	0.352326	-0.933097	0.072090	0.888595	0.357707	0.287131
24979	15.791826	-3.846263	0.486729	-1.206719	-2.176631	-0.180042	-0.274952	-0.027741	0.961058	0.340852	-0.937473	0.070456	0.899011	0.346951	0.267216
24980	12.810144	-1.652210	0.015772	-0.241724	-2.323151	-0.354575	-0.255211	-0.016349	0.966747	0.337677	-0.938406	0.073274	0.906003	0.345148	0.245012
24981	11.246641	7.447367	-2.769412	0.833700	-2.655167	-0.573010	-0.233125	-0.001713	0.972445	0.343670	-0.935613	0.080740	0.909694	0.353023	0.218703
24982	9.892953	10.957453	-5.583443	-0.447199	-2.672989	-0.508337	-0.210465	0.012452	0.977522	0.338404	-0.937172	0.084798	0.917163	0.348645	0.193028
24983	9.051181	7.078847	-7.539744	-1.516426	-2.670135	-0.381064	-0.187147	0.025171	0.982009	0.323557	-0.942309	0.085816	0.927517	0.333796	0.168206
24984	9.033056	0.072361	-8.425518	-1.338877	-2.197811	-0.206604	-0.167350	0.034339	0.985299	0.310664	-0.946643	0.085757	0.935672	0.320449	0.147752
