// General information: 
//  MT Manager version: 2022.2.0 
//  XDA version: 2022.2.0 build 7381 rev 124627 built on 2023-07-19
// Device information: 
//  DeviceId: 00B4CB9F
//  ProductCode: MTW2-3A7G6
//  Firmware Version: 4.6.0
//  Hardware Version: 2.0.0
// Device settings: 
//  Filter Profile: human(46.1)
//  Option Flags: Orientation Smoother Disabled, Position/Velocity Smoother Disabled, Continuous Zero Rotation Update Disabled, AHS Disabled, ICC Disabled
// Coordinate system: ENU
PacketCounter	Acc_X	Acc_Y	Acc_Z	Gyr_X	Gyr_Y	Gyr_Z	Mat[1][1]	Mat[2][1]	Mat[3][1]	Mat[1][2]	Mat[2][2]	Mat[3][2]	Mat[1][3]	Mat[2][3]	Mat[3][3]
37599	9.665855	0.854154	-1.204365	-0.018807	0.004797	-0.000389	0.041339	0.147625	0.988179	0.618656	-0.780409	0.090705	0.784574	0.607593	-0.123590
37600	9.694025	0.867293	-1.219387	-0.019647	-0.000638	-0.003046	0.041384	0.147641	0.988175	0.618538	-0.780501	0.090709	0.784664	0.607470	-0.123622
37601	9.707847	0.851264	-1.207423	-0.009254	0.001200	0.001306	0.041469	0.147609	0.988176	0.618453	-0.780576	0.090645	0.784727	0.607382	-0.123659
37602	9.736032	0.863995	-1.222612	-0.009254	0.001200	0.001306	0.041527	0.147580	0.988178	0.618415	-0.780612	0.090593	0.784753	0.607342	-0.123682
37603	9.695921	0.855835	-1.186044	-0.000543	0.007988	0.004222	0.041584	0.147488	0.988189	0.618403	-0.780634	0.090487	0.784760	0.607337	-0.123669
37604	9.666086	0.854190	-1.202489	0.001495	0.006143	0.003862	0.041620	0.147409	0.988200	0.618449	-0.780608	0.090396	0.784722	0.607389	-0.123654
37605	9.709961	0.838875	-1.172931	0.005366	0.007210	0.000867	0.041613	0.147327	0.988212	0.618455	-0.780611	0.090334	0.784717	0.607406	-0.123599
37606	9.698533	0.888825	-1.190675	0.009535	0.005882	0.000873	0.041632	0.147273	0.988219	0.618565	-0.780532	0.090262	0.784630	0.607520	-0.123593
37607	9.684273	0.859621	-1.162911	0.005367	0.007209	0.000867	0.041683	0.147214	0.988226	0.618597	-0.780516	0.090179	0.784602	0.607555	-0.123601
37608	9.670546	0.875912	-1.173961	0.005070	0.009603	-0.002135	0.041654	0.147161	0.988235	0.618673	-0.780460	0.090143	0.784543	0.607640	-0.123554
37609	9.686749	0.893576	-1.167942	0.004059	0.005787	-0.001543	0.041690	0.147121	0.988240	0.618671	-0.780468	0.090090	0.784544	0.607639	-0.123557
37610	9.656824	0.892551	-1.184715	-0.006036	0.001556	-0.002896	0.041720	0.147123	0.988238	0.618660	-0.780478	0.090075	0.784551	0.607625	-0.123580
37611	9.655049	0.904476	-1.216872	-0.009287	0.004338	-0.004221	0.041711	0.147105	0.988241	0.618589	-0.780535	0.090077	0.784607	0.607557	-0.123554
37612	9.682679	0.872338	-1.192976	-0.007607	-0.000611	-0.002784	0.041758	0.147119	0.988237	0.618565	-0.780555	0.090063	0.784623	0.607528	-0.123597
37613	9.709035	0.897029	-1.240795	-0.008820	0.000328	-0.004468	0.041802	0.147141	0.988232	0.618535	-0.780579	0.090059	0.784645	0.607491	-0.123642
37614	9.704917	0.875150	-1.266747	-0.003998	-0.000289	-0.003256	0.041844	0.147156	0.988228	0.618540	-0.780577	0.090045	0.784638	0.607491	-0.123684
37615	9.720487	0.847638	-1.222468	-0.002784	-0.001228	-0.001572	0.041902	0.147160	0.988225	0.618551	-0.780572	0.090010	0.784627	0.607496	-0.123734
37616	9.680780	0.885314	-1.225373	0.006267	0.002328	-0.005150	0.041912	0.147174	0.988222	0.618637	-0.780505	0.090002	0.784558	0.607579	-0.123760
37617	9.682573	0.873962	-1.192651	0.002224	0.002877	0.001093	0.041920	0.147110	0.988231	0.618619	-0.780525	0.089949	0.784572	0.607568	-0.123724
37618	9.664689	0.867793	-1.230418	0.006299	-0.000810	0.000374	0.041988	0.147100	0.988230	0.618703	-0.780466	0.089886	0.784502	0.607647	-0.123782
37619	9.694652	0.869015	-1.213164	0.008228	0.004460	-0.001535	0.041988	0.147077	0.988234	0.618885	-0.780327	0.089839	0.784358	0.607831	-0.123788
37620	9.680321	0.840039	-1.185808	0.008695	0.000450	-0.001782	0.042033	0.147076	0.988232	0.618989	-0.780249	0.089795	0.784274	0.607931	-0.123834
37621	9.710244	0.841373	-1.168795	0.010733	-0.001394	-0.002141	0.042151	0.147090	0.988225	0.619011	-0.780240	0.089730	0.784251	0.607940	-0.123938
37622	9.698183	0.846219	-1.148219	0.010826	0.000966	-0.001416	0.042194	0.147083	0.988224	0.619131	-0.780150	0.089680	0.784153	0.608056	-0.123982
37623	9.670525	0.878801	-1.171969	0.009255	-0.001200	-0.001303	0.042232	0.147074	0.988223	0.619218	-0.780086	0.089635	0.784083	0.608140	-0.124016
37624	9.684366	0.862549	-1.159962	0.006190	0.006303	-0.001177	0.042235	0.147034	0.988229	0.619302	-0.780025	0.089588	0.784016	0.608229	-0.124003
37625	9.698730	0.891602	-1.186985	0.009256	-0.001201	-0.001303	0.042293	0.147028	0.988228	0.619373	-0.779974	0.089537	0.783957	0.608295	-0.124053
37626	9.698716	0.891847	-1.186916	-0.001510	0.003331	-0.004687	0.042297	0.147033	0.988227	0.619398	-0.779955	0.089534	0.783937	0.608319	-0.124062
37627	9.671070	0.924787	-1.210292	-0.003905	0.002071	-0.002530	0.042315	0.147014	0.988229	0.619364	-0.779985	0.089514	0.783963	0.608285	-0.124060
37628	9.698718	0.892519	-1.186394	-0.007514	0.001749	-0.002059	0.042348	0.147008	0.988228	0.619340	-0.780005	0.089493	0.783980	0.608260	-0.124080
37629	9.680820	0.886769	-1.224002	-0.013254	0.000910	-0.001953	0.042344	0.147011	0.988228	0.619422	-0.779942	0.089484	0.783916	0.608341	-0.124088
37630	9.696396	0.859388	-1.179571	-0.016955	-0.001774	-0.002207	0.042404	0.147027	0.988223	0.619325	-0.780020	0.089476	0.783989	0.608237	-0.124133
37631	9.676682	0.865324	-1.249888	-0.018168	-0.000837	-0.003892	0.042472	0.147037	0.988219	0.619103	-0.780195	0.089477	0.784160	0.608009	-0.124168
37632	9.660540	0.848167	-1.255123	-0.015647	-0.000354	0.000202	0.042536	0.147026	0.988218	0.619015	-0.780269	0.089444	0.784226	0.607917	-0.124201
37633	9.658725	0.860063	-1.287641	-0.008912	-0.002035	-0.005195	0.042596	0.147061	0.988210	0.618933	-0.780334	0.089448	0.784288	0.607825	-0.124260
37634	9.688630	0.861810	-1.270456	-0.013251	0.000906	-0.001953	0.042637	0.147060	0.988208	0.618864	-0.780390	0.089432	0.784340	0.607754	-0.124283
37635	9.720864	0.897230	-1.259579	-0.007512	0.001747	-0.002058	0.042705	0.147050	0.988207	0.618775	-0.780465	0.089397	0.784407	0.607660	-0.124321
37636	9.734697	0.881294	-1.247461	-0.006595	0.003202	-0.003375	0.042719	0.147046	0.988207	0.618760	-0.780478	0.089387	0.784418	0.607644	-0.124327
37637	9.680153	0.844834	-1.183774	-0.005413	0.005402	-0.007215	0.042637	0.147063	0.988208	0.618929	-0.780340	0.089424	0.784289	0.607817	-0.124294
37638	9.706591	0.869569	-1.230903	-0.002148	0.008957	-0.001188	0.042619	0.147007	0.988217	0.618947	-0.780330	0.089388	0.784275	0.607844	-0.124247
37639	9.696414	0.863033	-1.176758	0.002377	0.010736	-0.002976	0.042545	0.146962	0.988227	0.619151	-0.780170	0.089366	0.784119	0.608060	-0.124183
37640	9.678605	0.857208	-1.213841	0.001928	0.005271	-0.001907	0.042551	0.146933	0.988231	0.619202	-0.780134	0.089331	0.784078	0.608113	-0.124177
37641	9.680963	0.891285	-1.219581	0.000247	0.010218	-0.003344	0.042537	0.146888	0.988238	0.619232	-0.780114	0.089300	0.784055	0.608150	-0.124142
37642	9.733304	0.894842	-1.275601	-0.004463	0.003718	-0.003009	0.042549	0.146878	0.988239	0.619233	-0.780114	0.089284	0.784053	0.608152	-0.124144
37643	9.691365	0.898573	-1.271513	-0.005196	0.006983	-0.000239	0.042536	0.146833	0.988246	0.619337	-0.780037	0.089240	0.783972	0.608261	-0.124119
37644	9.663285	0.885708	-1.255551	-0.006378	0.004782	0.003600	0.042580	0.146765	0.988255	0.619320	-0.780059	0.089162	0.783983	0.608249	-0.124109
37645	9.677223	0.869231	-1.242968	-0.008058	0.009729	0.002163	0.042598	0.146701	0.988263	0.619428	-0.779982	0.089084	0.783897	0.608364	-0.124096
37646	9.653264	0.878709	-1.200329	-0.014822	0.014544	0.002035	0.042556	0.146585	0.988282	0.619346	-0.780054	0.089031	0.783964	0.608300	-0.123983
37647	9.695431	0.875300	-1.202367	-0.019734	0.012796	0.000093	0.042518	0.146482	0.988299	0.619162	-0.780203	0.089002	0.784111	0.608133	-0.123869
37648	9.697857	0.909730	-1.207303	-0.022543	0.014705	-0.007005	0.042419	0.146436	0.988310	0.619023	-0.780308	0.089048	0.784226	0.608010	-0.123748
37649	9.681858	0.892873	-1.211289	-0.024084	0.009396	-0.001373	0.042398	0.146367	0.988321	0.618819	-0.780471	0.089039	0.784389	0.607817	-0.123666
37650	9.699785	0.899654	-1.172195	-0.023284	0.011631	-0.008939	0.042311	0.146355	0.988327	0.618675	-0.780578	0.089105	0.784507	0.607683	-0.123573
37651	9.710214	0.907237	-1.224032	-0.029724	0.010906	-0.000547	0.042279	0.146265	0.988342	0.618400	-0.780796	0.089096	0.784725	0.607424	-0.123462
37652	9.694217	0.890179	-1.228220	-0.028337	0.008352	-0.002113	0.042260	0.146219	0.988349	0.618214	-0.780943	0.089101	0.784873	0.607246	-0.123398
37653	9.668404	0.911862	-1.218228	-0.029546	0.009287	-0.003798	0.042271	0.146182	0.988354	0.617950	-0.781151	0.089107	0.785080	0.606987	-0.123354
37654	9.655836	0.871759	-1.157635	-0.034986	0.006043	-0.000702	0.042279	0.146140	0.988360	0.617711	-0.781341	0.089106	0.785268	0.606754	-0.123306
37655	9.663949	0.845383	-1.203581	-0.032680	0.004947	-0.003584	0.042245	0.146114	0.988365	0.617499	-0.781504	0.089139	0.785436	0.606549	-0.123240
37656	9.703669	0.809078	-1.199895	-0.032796	0.005729	-0.009834	0.042199	0.146144	0.988363	0.617281	-0.781667	0.089226	0.785610	0.606332	-0.123197
37657	9.829724	0.799972	-1.208936	-0.032715	0.017554	-0.009912	0.042041	0.146087	0.988378	0.617014	-0.781867	0.089319	0.785828	0.606088	-0.123009
37658	9.986013	0.792443	-1.197860	-0.037689	0.063146	-0.015893	0.041506	0.145817	0.988440	0.616760	-0.782050	0.089471	0.786056	0.605917	-0.122394
37659	10.296635	0.743115	-1.166358	-0.050112	0.153802	-0.031952	0.040169	0.145118	0.988599	0.616386	-0.782308	0.089791	0.786419	0.605751	-0.120873
37660	10.553046	0.676457	-1.440210	-0.055534	0.263113	-0.063799	0.037766	0.144012	0.988855	0.616009	-0.782530	0.090438	0.786833	0.605728	-0.118265
37661	10.055662	0.804587	-1.414128	-0.013823	0.351330	-0.073238	0.034647	0.142439	0.989197	0.615869	-0.782563	0.091114	0.787087	0.606059	-0.114837
37662	9.288215	0.739534	-1.189278	0.021668	0.301741	-0.044979	0.032054	0.140949	0.989498	0.616090	-0.782345	0.091483	0.787024	0.606687	-0.111915
37663	9.106237	0.694508	-0.917786	0.042340	0.214858	-0.008352	0.030405	0.139688	0.989729	0.616335	-0.782156	0.091458	0.786897	0.607223	-0.109876
37664	9.179194	0.751664	-0.755781	0.045438	0.137370	0.008964	0.029439	0.138772	0.989887	0.616725	-0.781870	0.091269	0.786628	0.607801	-0.108602
37665	9.384575	0.897460	-0.830207	0.038684	0.076076	-0.001279	0.028913	0.138311	0.989967	0.617087	-0.781595	0.091176	0.786364	0.608259	-0.107948
37666	9.483460	1.034824	-1.000025	0.006525	0.039206	-0.017862	0.028554	0.138201	0.989993	0.617179	-0.781508	0.091296	0.786304	0.608396	-0.107610
37667	9.504624	1.062523	-1.136272	-0.026324	0.004810	-0.025430	0.028373	0.138352	0.989977	0.617110	-0.781535	0.091535	0.786365	0.608327	-0.107553
37668	9.497161	1.020961	-1.189377	-0.040412	-0.028001	-0.027729	0.028482	0.138727	0.989921	0.616835	-0.781720	0.091802	0.786577	0.608004	-0.107837
37669	9.762782	0.930339	-1.125702	-0.033400	-0.035164	-0.024543	0.028718	0.139138	0.989857	0.616657	-0.781837	0.092007	0.786708	0.607760	-0.108253
37670	9.955677	0.852944	-1.108682	-0.020080	-0.008535	-0.018657	0.028730	0.139324	0.989830	0.616540	-0.781911	0.092163	0.786799	0.607622	-0.108363
37671	9.911202	0.824022	-1.099715	-0.007251	0.003238	-0.010897	0.028778	0.139373	0.989822	0.616328	-0.782073	0.092202	0.786963	0.607402	-0.108406
37672	9.714876	0.767550	-1.001940	0.012844	0.005478	0.003051	0.028813	0.139305	0.989830	0.616464	-0.781977	0.092107	0.786856	0.607541	-0.108408
37673	9.646738	0.791200	-0.990720	0.023921	-0.005325	0.005549	0.028940	0.139265	0.989832	0.616605	-0.781881	0.091979	0.786741	0.607673	-0.108499
37674	9.660369	0.773998	-0.980024	0.032874	-0.016653	0.007661	0.029178	0.139295	0.989821	0.616896	-0.781670	0.091817	0.786503	0.607938	-0.108738
37675	9.808496	0.779809	-0.893000	0.027182	-0.004961	0.001376	0.029277	0.139305	0.989817	0.617231	-0.781418	0.091719	0.786237	0.608260	-0.108861
37676	10.058449	0.783284	-0.973373	0.022287	0.041186	-0.010941	0.028945	0.139129	0.989851	0.617445	-0.781245	0.091753	0.786082	0.608523	-0.108518
37677	10.377174	0.763825	-1.058425	0.016151	0.120455	-0.023438	0.027972	0.138558	0.989959	0.617437	-0.781234	0.091897	0.786123	0.608667	-0.107404
37678	10.680161	0.681999	-1.098915	0.028410	0.246042	-0.023495	0.025953	0.137231	0.990199	0.617703	-0.781006	0.092049	0.785983	0.609259	-0.105038
37679	10.725741	0.574371	-1.160661	0.058468	0.385666	-0.004363	0.022970	0.134900	0.990593	0.618200	-0.780622	0.091971	0.785685	0.610272	-0.101326
37680	10.274195	0.617375	-1.233112	0.086935	0.464746	0.012758	0.019458	0.131950	0.991065	0.618916	-0.780085	0.091708	0.785216	0.611602	-0.096845
37681	9.407584	0.716609	-0.964252	0.107500	0.450646	0.022795	0.016113	0.128983	0.991516	0.619707	-0.779501	0.091332	0.784668	0.612978	-0.092492
37682	9.018790	0.774287	-0.658655	0.112058	0.378384	0.015173	0.013299	0.126531	0.991873	0.620620	-0.778810	0.091030	0.783999	0.614366	-0.088885
37683	9.625477	0.837742	-0.521976	0.119891	0.355084	0.002498	0.010572	0.124308	0.992187	0.621643	-0.778014	0.090851	0.783229	0.615826	-0.085500
37684	10.167203	0.805750	-0.724040	0.093406	0.396241	0.003491	0.007551	0.121827	0.992523	0.622410	-0.777419	0.090689	0.782655	0.617071	-0.081697
37685	9.883355	0.881384	-0.948647	0.047100	0.379784	-0.003397	0.004680	0.119490	0.992824	0.622609	-0.777269	0.090612	0.782519	0.617717	-0.078034
37686	9.325630	0.941099	-0.908639	0.042702	0.325473	-0.004643	0.002165	0.117504	0.993070	0.622979	-0.776977	0.090577	0.782235	0.618466	-0.074884
37687	8.991339	1.016366	-0.524753	0.088230	0.280599	-0.001454	0.000022	0.115756	0.993278	0.623646	-0.776453	0.090474	0.781707	0.619452	-0.072208
37688	9.034674	0.955982	-0.341962	0.094681	0.204955	-0.002189	-0.001534	0.114491	0.993423	0.624423	-0.775840	0.090379	0.781085	0.620455	-0.070301
37689	9.269835	0.884602	-0.332812	0.071879	0.150189	-0.007700	-0.002700	0.113600	0.993523	0.625042	-0.775344	0.090352	0.780586	0.621238	-0.068911
37690	9.642232	0.787535	-0.407987	0.045793	0.124670	-0.008517	-0.003667	0.112880	0.993602	0.625436	-0.775026	0.090356	0.780267	0.621766	-0.067757
37691	10.230787	0.752787	-0.532553	0.043655	0.148952	-0.009826	-0.004821	0.112008	0.993696	0.625715	-0.774799	0.090370	0.780037	0.622206	-0.066350
37692	10.241661	0.770054	-0.782500	0.071611	0.208318	0.011632	-0.006313	0.110610	0.993844	0.626311	-0.774342	0.090159	0.779548	0.623024	-0.064388
37693	9.598887	0.867685	-0.861422	0.093167	0.192350	0.024460	-0.007568	0.109207	0.993990	0.627037	-0.773798	0.089789	0.778953	0.623948	-0.062621
37694	9.225630	0.884295	-0.532332	0.098904	0.157367	0.019346	-0.008612	0.108064	0.994107	0.627845	-0.773177	0.089487	0.778291	0.624916	-0.061189
37695	9.176540	0.784457	-0.500060	0.103045	0.114074	0.009703	-0.009371	0.107257	0.994187	0.628657	-0.772542	0.089271	0.777626	0.625839	-0.060188
37696	9.645108	0.791447	-0.446067	0.108560	0.094683	0.004633	-0.010018	0.106618	0.994250	0.629538	-0.771843	0.089112	0.776905	0.626810	-0.059388
37697	10.135518	0.753020	-0.605689	0.127122	0.132670	0.024912	-0.010781	0.105582	0.994352	0.630443	-0.771149	0.088717	0.776160	0.627839	-0.058250
37698	9.974798	0.863635	-0.701709	0.135547	0.156321	0.031215	-0.011736	0.104348	0.994472	0.631535	-0.770305	0.088280	0.775259	0.629080	-0.056859
37699	9.589001	0.952555	-0.553515	0.129153	0.152371	0.029180	-0.012636	0.103149	0.994586	0.632430	-0.769620	0.087853	0.774515	0.630116	-0.055509
37700	9.606580	0.967405	-0.442863	0.135586	0.146817	0.032103	-0.013509	0.101966	0.994696	0.633520	-0.768773	0.087410	0.773608	0.631341	-0.054212
37701	9.346505	0.883406	-0.408331	0.121349	0.130726	0.027268	-0.014263	0.100915	0.994793	0.634445	-0.768055	0.087011	0.772836	0.632382	-0.053070
37702	9.234812	0.693789	-0.061831	0.105782	0.122504	0.015308	-0.015052	0.100012	0.994872	0.635301	-0.767376	0.086754	0.772118	0.633349	-0.051987
37703	9.269167	0.424376	-0.140833	0.081165	0.091512	0.002819	-0.015625	0.099400	0.994925	0.635862	-0.766928	0.086607	0.771645	0.633988	-0.051222
37704	9.818192	0.401175	-0.293821	0.071656	0.043721	-0.027348	-0.016076	0.099323	0.994925	0.636447	-0.766422	0.086795	0.771153	0.634613	-0.050893
37705	10.299300	0.580314	-0.274815	0.108692	0.045021	-0.030215	-0.016526	0.099252	0.994925	0.637265	-0.765721	0.086972	0.770467	0.635469	-0.050596
37706	9.975704	0.786396	-0.521095	0.119586	0.035943	-0.020261	-0.016872	0.099169	0.994928	0.638219	-0.764915	0.087065	0.769670	0.636451	-0.050386
37707	9.427259	1.004204	-0.625604	0.110093	0.010116	-0.018929	-0.016938	0.099238	0.994920	0.638913	-0.764330	0.087115	0.769092	0.637143	-0.050458
37708	9.281665	1.128750	-0.517851	0.083902	-0.023603	-0.021257	-0.016833	0.099541	0.994891	0.639591	-0.763749	0.087236	0.768531	0.637792	-0.050810
37709	9.530214	1.057526	-0.357710	0.033776	-0.033516	-0.039369	-0.016743	0.100038	0.994843	0.639908	-0.763449	0.087539	0.768269	0.638074	-0.051233
37710	9.900209	0.919999	-0.307421	-0.000507	-0.023074	-0.055850	-0.016863	0.100602	0.994784	0.639931	-0.763371	0.088047	0.768247	0.638078	-0.051506
37711	9.895056	0.868906	-0.328476	-0.017460	-0.029379	-0.056307	-0.016831	0.101215	0.994722	0.639512	-0.763667	0.088525	0.768597	0.637627	-0.051875
37712	9.708830	0.848492	-0.271640	-0.036897	-0.041493	-0.052311	-0.016786	0.101869	0.994656	0.639256	-0.763824	0.089016	0.768811	0.637334	-0.052299
37713	9.769691	0.729802	-0.169436	-0.051184	-0.048923	-0.051799	-0.016613	0.102565	0.994588	0.638632	-0.764292	0.089484	0.769333	0.636662	-0.052804
37714	9.796024	0.722767	-0.303865	-0.046862	-0.039371	-0.045647	-0.016541	0.103155	0.994528	0.638300	-0.764518	0.089914	0.769610	0.636295	-0.053198
37715	9.550827	0.839801	-0.111462	-0.019781	-0.027300	-0.036588	-0.016480	0.103589	0.994484	0.638093	-0.764655	0.090223	0.769783	0.636060	-0.053498
37716	9.405507	0.957859	0.212106	0.001467	-0.011404	-0.029984	-0.016523	0.103881	0.994452	0.638136	-0.764590	0.090472	0.769746	0.636091	-0.053657
37717	9.179004	0.756015	0.503390	0.022508	-0.000131	-0.024761	-0.016592	0.104052	0.994434	0.638282	-0.764448	0.090637	0.769623	0.636233	-0.053730
37718	8.931031	0.272424	0.793682	0.069707	0.005367	-0.026010	-0.016739	0.104206	0.994415	0.638851	-0.763952	0.090809	0.769149	0.636803	-0.053784
37719	9.040441	-0.496431	0.525375	0.120414	-0.016896	-0.044142	-0.016805	0.104630	0.994369	0.639676	-0.763225	0.091118	0.768461	0.637606	-0.054103
37720	9.948394	-0.980587	0.040786	0.234157	0.020581	-0.067815	-0.017337	0.105005	0.994321	0.641498	-0.761634	0.091617	0.766928	0.639443	-0.054157
37721	10.238354	-0.871567	-0.203224	0.367693	0.080804	-0.089668	-0.018444	0.105139	0.994286	0.644230	-0.759250	0.092236	0.764609	0.642250	-0.053730
37722	9.929074	-0.641479	-0.654612	0.456282	0.041907	-0.084263	-0.019248	0.105498	0.994233	0.647732	-0.756198	0.092780	0.761625	0.645783	-0.053780
37723	9.963678	-0.368961	-0.548638	0.512620	-0.030230	-0.048274	-0.019268	0.106025	0.994177	0.651589	-0.752860	0.092917	0.758328	0.649585	-0.054579
37724	9.453719	-0.018434	0.032220	0.562478	-0.074773	-0.020930	-0.018778	0.106660	0.994118	0.655875	-0.749147	0.092766	0.754636	0.653760	-0.055888
37725	9.231069	0.602873	0.238189	0.556559	-0.156056	-0.023293	-0.017627	0.107827	0.994013	0.659866	-0.745657	0.092587	0.751176	0.657548	-0.058008
37726	9.230986	0.970695	0.540843	0.464082	-0.203827	-0.045216	-0.016337	0.109499	0.993853	0.663373	-0.742523	0.092713	0.748111	0.660809	-0.060508
37727	9.085794	1.050648	1.127934	0.363389	-0.248529	-0.059770	-0.014784	0.111552	0.993649	0.665951	-0.740175	0.093004	0.745849	0.663097	-0.063345
37728	9.207599	1.035603	1.955689	0.259908	-0.298325	-0.079524	-0.013031	0.114112	0.993382	0.667911	-0.738335	0.093576	0.744127	0.664711	-0.066596
37729	9.340096	0.914166	2.695079	0.178237	-0.324104	-0.103515	-0.011215	0.116991	0.993070	0.669105	-0.737148	0.094398	0.743083	0.665527	-0.070012
37730	9.380869	0.601528	3.484757	0.128153	-0.352455	-0.121248	-0.009349	0.120223	0.992703	0.670079	-0.736126	0.095461	0.742231	0.666081	-0.073677
37731	9.454640	0.373944	4.601435	0.086259	-0.361109	-0.140806	-0.007538	0.123616	0.992302	0.670508	-0.735570	0.096727	0.741864	0.666075	-0.077341
37732	9.871727	0.178340	6.121712	0.056636	-0.303774	-0.158459	-0.006286	0.126797	0.991909	0.670951	-0.734969	0.098204	0.741475	0.666140	-0.080454
37733	10.622442	0.267808	8.337961	-0.012560	-0.120922	-0.187534	-0.006524	0.128908	0.991635	0.670678	-0.734982	0.099957	0.741720	0.665720	-0.081660
37734	10.695915	0.840238	9.985260	-0.224346	0.160930	-0.200611	-0.009002	0.129306	0.991564	0.669031	-0.736191	0.102077	0.743180	0.664306	-0.079882
37735	10.058109	2.120598	10.229044	-0.565212	0.393271	-0.180023	-0.013077	0.127929	0.991697	0.664734	-0.739778	0.104197	0.746966	0.660577	-0.075365
37736	9.455766	2.841467	9.548569	-0.766743	0.629523	-0.153204	-0.018748	0.124915	0.991990	0.658998	-0.744607	0.106218	0.751911	0.655711	-0.068359
37737	9.065154	2.884978	8.537908	-0.951052	0.845043	-0.141750	-0.025994	0.120342	0.992392	0.651634	-0.750789	0.108113	0.758088	0.649487	-0.058903
37738	9.309145	2.165403	7.464617	-1.197514	1.055222	-0.125076	-0.034781	0.114464	0.992818	0.642510	-0.758350	0.109940	0.765488	0.641719	-0.047168
37739	10.538613	1.385117	7.104599	-1.469791	1.335084	-0.133708	-0.045857	0.106857	0.993216	0.630934	-0.767749	0.111730	0.774480	0.631777	-0.032213
37740	13.077046	1.119369	6.066442	-1.661010	1.562553	-0.256998	-0.059578	0.099047	0.993298	0.617892	-0.777863	0.114626	0.784002	0.620580	-0.014857
37741	17.081895	0.858404	4.567405	-1.568185	1.762897	-0.397983	-0.075876	0.091143	0.992943	0.605311	-0.787118	0.118505	0.792364	0.610031	0.004553
37742	19.189125	0.746631	2.689950	-1.157747	1.988700	-0.322688	-0.093564	0.081622	0.992262	0.595873	-0.793836	0.121487	0.797610	0.602629	0.025639
37743	18.298109	1.681742	1.028884	-0.531974	2.121771	0.000910	-0.110509	0.068658	0.991501	0.591764	-0.796957	0.121142	0.798500	0.600122	0.047441
37744	16.237848	2.978727	-1.010797	0.258169	2.047459	0.311970	-0.124908	0.053838	0.990707	0.594229	-0.795570	0.118154	0.794537	0.603465	0.067381
37745	14.505854	4.003519	-1.791831	0.724847	1.924233	0.513946	-0.137065	0.037882	0.989837	0.600799	-0.791305	0.113478	0.787562	0.610247	0.085701
37746	13.746661	4.733280	-1.508599	0.744007	1.927974	0.593162	-0.148536	0.021360	0.988676	0.607521	-0.786890	0.108273	0.780292	0.616724	0.103905
37747	12.821358	5.493469	-1.427597	0.376781	1.959444	0.591816	-0.160140	0.004404	0.987084	0.611496	-0.784554	0.102706	0.774873	0.620045	0.122946
37748	12.046428	5.925841	-1.164488	-0.175254	1.938948	0.505030	-0.171997	-0.011583	0.985029	0.611021	-0.785593	0.097453	0.772704	0.618635	0.142197
37749	11.751033	5.348426	-1.489057	-0.583375	1.896958	0.372294	-0.184362	-0.026432	0.982503	0.607500	-0.788884	0.092771	0.772628	0.613974	0.161498
37750	11.389558	4.681561	-1.463807	-0.809401	1.861304	0.261011	-0.197118	-0.039874	0.979568	0.601782	-0.793710	0.088788	0.773953	0.606988	0.180451
37751	10.875733	3.255955	-1.347849	-0.883396	1.828315	0.203298	-0.209952	-0.052706	0.976290	0.595499	-0.798854	0.084936	0.775436	0.599212	0.199107
37752	10.496449	1.762848	-1.170961	-0.838471	1.796859	0.204831	-0.222623	-0.065060	0.972731	0.589480	-0.803696	0.081157	0.776500	0.591473	0.217273
37753	9.471499	-0.312896	-0.992741	-0.645693	1.779544	0.204725	-0.235207	-0.077350	0.968862	0.585169	-0.807189	0.077617	0.776051	0.585204	0.235120
37754	9.018229	-1.083651	-0.934341	-0.434343	1.737062	0.189066	-0.247512	-0.089017	0.964787	0.582304	-0.809533	0.074695	0.774377	0.580287	0.252204
37755	8.010716	-1.097672	-0.885044	-0.209052	1.737172	0.179230	-0.259851	-0.100663	0.960388	0.581267	-0.810492	0.072321	0.771107	0.577035	0.269119
37756	7.325081	-0.502128	-1.021923	0.039065	1.716435	0.168600	-0.272007	-0.111937	0.955763	0.582063	-0.810057	0.070781	0.766300	0.575567	0.285496
37757	6.553869	0.206940	-1.051612	0.232357	1.669959	0.175839	-0.283694	-0.123065	0.950985	0.584346	-0.808506	0.069693	0.760301	0.575476	0.301281
37758	6.272924	0.484743	-1.242859	0.410277	1.592304	0.183028	-0.294614	-0.133732	0.946212	0.588028	-0.805876	0.069192	0.753277	0.576784	0.316061
37759	5.962475	0.543440	-1.217474	0.593601	1.496247	0.161256	-0.304847	-0.143734	0.941493	0.592933	-0.802246	0.069511	0.745318	0.579433	0.329787
37760	5.657932	0.684806	-1.090597	0.827182	1.398163	0.093309	-0.314589	-0.152630	0.936877	0.599397	-0.797263	0.071384	0.736042	0.584018	0.342296
37761	5.352686	1.058174	-0.825061	1.080022	1.292697	0.003267	-0.323987	-0.160295	0.932383	0.607284	-0.790933	0.075044	0.725423	0.590534	0.353597
37762	5.244043	1.578394	-0.349696	1.301505	1.167809	-0.084634	-0.332851	-0.166589	0.928148	0.616418	-0.783296	0.080469	0.713610	0.598912	0.363409
37763	5.441979	2.056971	0.171785	1.482041	1.045098	-0.138899	-0.341075	-0.171856	0.924194	0.626426	-0.774594	0.087146	0.700898	0.608662	0.371849
37764	5.422395	2.132909	0.841022	1.645460	0.952915	-0.165172	-0.348675	-0.176450	0.920484	0.637324	-0.764740	0.094820	0.687200	0.619708	0.379101
37765	5.364992	1.924337	1.539915	1.745038	0.909264	-0.187988	-0.356034	-0.180743	0.916827	0.648532	-0.754163	0.103171	0.672789	0.631324	0.385725
37766	4.982929	2.000390	2.433926	1.672928	0.818691	-0.196964	-0.362715	-0.184492	0.913455	0.659011	-0.743831	0.111447	0.658895	0.642400	0.391381
37767	4.437829	2.615866	3.103728	1.490616	0.681689	-0.213700	-0.368549	-0.187352	0.910533	0.667967	-0.734579	0.119221	0.646522	0.652145	0.395874
37768	4.420274	2.996919	3.642141	1.230191	0.400803	-0.187395	-0.372322	-0.188623	0.908734	0.675213	-0.726819	0.125782	0.636760	0.660421	0.397972
37769	5.381854	3.278187	4.361017	1.052957	0.178503	-0.092596	-0.374048	-0.189162	0.907913	0.681542	-0.719998	0.130776	0.628958	0.667697	0.398236
37770	6.462371	3.464411	5.247819	0.992620	0.185479	-0.011967	-0.375232	-0.190329	0.907180	0.687749	-0.713321	0.134813	0.621452	0.674498	0.398560
37771	6.776973	3.302357	5.878046	0.976522	0.213948	0.020639	-0.376380	-0.191949	0.906363	0.693870	-0.706658	0.138484	0.613907	0.681021	0.399159
37772	7.024951	3.037353	6.666750	0.925817	0.116253	0.011628	-0.376951	-0.192833	0.905938	0.699611	-0.700262	0.142047	0.607003	0.687349	0.398873
37773	7.848547	3.021288	7.740026	0.767623	0.025584	-0.034978	-0.377323	-0.192788	0.905793	0.704127	-0.695032	0.145385	0.601526	0.692650	0.397998
37774	8.788445	3.629570	8.520457	0.401619	0.023666	-0.080247	-0.377973	-0.192402	0.905603	0.706278	-0.692359	0.147684	0.598588	0.695428	0.397582
37775	8.863699	4.035790	8.521225	-0.108166	0.068188	-0.102639	-0.379082	-0.192190	0.905185	0.705244	-0.693314	0.148144	0.599105	0.694535	0.398363
37776	8.913848	3.701223	8.147861	-0.586709	0.019346	-0.045095	-0.379458	-0.192017	0.905064	0.701591	-0.697423	0.146186	0.603143	0.690457	0.399360
37777	9.098467	2.833731	8.100340	-0.908565	0.045520	0.076843	-0.379177	-0.192896	0.904995	0.696372	-0.703531	0.141813	0.609337	0.683985	0.401090
37778	9.384640	1.872646	8.003229	-1.115923	0.063333	0.190393	-0.378188	-0.194681	0.905027	0.690297	-0.710711	0.135576	0.616818	0.676010	0.403170
37779	9.322388	1.160081	7.442270	-1.244412	0.068016	0.292583	-0.376584	-0.197262	0.905137	0.683663	-0.718512	0.127851	0.625131	0.666955	0.405441
37780	8.743642	0.875670	7.063422	-1.280008	0.035791	0.391651	-0.374088	-0.200337	0.905496	0.677122	-0.726172	0.119077	0.633691	0.657677	0.407304
37781	7.806373	0.700837	6.737565	-1.296989	-0.027911	0.527679	-0.370341	-0.204045	0.906208	0.670792	-0.733599	0.108954	0.642562	0.648227	0.408553
37782	6.443270	0.253624	5.423169	-1.333330	-0.193795	0.639242	-0.364761	-0.207521	0.907681	0.664556	-0.740826	0.097686	0.652162	0.638837	0.408134
37783	5.563520	-0.380957	3.552447	-1.357353	-0.583033	0.656117	-0.356579	-0.208752	0.910645	0.657969	-0.748101	0.086148	0.663271	0.629895	0.404109
37784	7.705236	-0.000259	1.109157	-1.426387	-1.032530	0.590001	-0.345746	-0.206740	0.915270	0.650534	-0.755762	0.075030	0.676214	0.621355	0.395793
37785	12.698429	1.231765	0.018762	-1.050253	-1.308467	0.508171	-0.333522	-0.202548	0.920726	0.645072	-0.761248	0.066205	0.687492	0.616016	0.384551
37786	18.863529	2.611473	3.888095	-0.220807	-1.079370	0.527331	-0.322615	-0.199924	0.925176	0.645325	-0.761511	0.060471	0.692442	0.616548	0.374691
37787	18.483999	-1.085135	9.392494	0.573817	-0.344429	0.791053	-0.315088	-0.203840	0.926914	0.651800	-0.756377	0.055231	0.689838	0.621565	0.371188
37788	11.127271	-7.123214	8.539959	1.081640	-0.268194	0.996783	-0.306638	-0.209669	0.928446	0.662372	-0.747508	0.049954	0.683547	0.630294	0.368093
37789	8.081440	-5.983191	2.810381	1.597733	-0.660705	0.894040	-0.296157	-0.212145	0.931281	0.675887	-0.735480	0.047398	0.674883	0.643478	0.361204
37790	7.604368	0.375238	-2.490748	1.925960	-0.728897	0.759083	-0.286031	-0.212937	0.934261	0.691032	-0.721283	0.047170	0.663823	0.659096	0.353456
37791	6.969569	5.963137	-3.945887	1.785568	-0.678871	0.736728	-0.276405	-0.213734	0.936973	0.704832	-0.707852	0.046455	0.653309	0.673249	0.346301
37792	6.613791	8.389640	-1.996667	0.964989	-0.667981	0.684896	-0.267143	-0.214038	0.939586	0.713015	-0.699810	0.043307	0.648262	0.681508	0.339562
37793	7.070313	6.014958	-0.092020	-0.038589	-0.837811	0.601869	-0.257383	-0.212568	0.942639	0.714342	-0.698793	0.037467	0.650746	0.683010	0.331704
37794	9.222211	1.205987	-0.034071	-0.766435	-1.199676	0.604102	-0.245161	-0.208632	0.946768	0.710880	-0.702705	0.029229	0.659201	0.680204	0.320588
37795	11.165140	-2.802864	-1.826615	-1.144250	-1.366493	0.646134	-0.231473	-0.203963	0.951220	0.704825	-0.709114	0.019465	0.670553	0.674950	0.307899
37796	10.912088	-4.302532	-2.329889	-1.040746	-1.388543	0.728422	-0.216915	-0.199816	0.955522	0.699466	-0.714605	0.009351	0.680952	0.670383	0.294773
37797	10.299994	-3.419337	-1.119062	-0.697315	-1.405762	0.785134	-0.201773	-0.196057	0.959609	0.696352	-0.717701	-0.000214	0.688754	0.668182	0.281338
37798	9.619140	-2.541147	-0.293526	-0.493766	-1.293496	0.700053	-0.187897	-0.192461	0.963148	0.694340	-0.719599	-0.008337	0.694685	0.667185	0.268844
37799	9.101720	-2.055926	-0.359685	-0.327346	-1.173178	0.534051	-0.175979	-0.188506	0.966176	0.693050	-0.720746	-0.014390	0.699081	0.667076	0.257480
37800	8.719317	-1.986624	0.258201	-0.030595	-1.121044	0.427523	-0.165105	-0.184106	0.968940	0.693603	-0.720116	-0.018639	0.701181	0.668983	0.246592
37801	8.992657	-1.906809	0.821289	0.290065	-1.157467	0.377777	-0.154324	-0.179080	0.971655	0.696260	-0.717463	-0.021647	0.701003	0.673185	0.235408
37802	9.707932	-1.408511	0.727261	0.474573	-1.226387	0.350004	-0.143231	-0.173303	0.974398	0.700142	-0.713600	-0.024001	0.699490	0.678779	0.223547
37803	10.133055	-0.427426	0.551553	0.501763	-1.254792	0.335781	-0.132064	-0.167164	0.977044	0.704128	-0.709589	-0.026230	0.697684	0.684500	0.211417
37804	10.016969	0.240381	0.813494	0.394252	-1.216942	0.330638	-0.121187	-0.161154	0.979461	0.707331	-0.706300	-0.028693	0.696417	0.689326	0.199583
37805	9.030155	0.861040	1.122890	0.043237	-1.222674	0.334890	-0.110250	-0.155097	0.981728	0.708042	-0.705448	-0.031935	0.697511	0.691584	0.187591
37806	8.309770	0.945064	0.907847	-0.305688	-1.313869	0.285636	-0.098981	-0.148037	0.984016	0.706239	-0.707091	-0.035336	0.701020	0.691453	0.174538
37807	8.923785	0.395944	0.811777	-0.517440	-1.385345	0.246680	-0.087451	-0.140235	0.986249	0.702855	-0.710281	-0.038672	0.705937	0.689808	0.160680
37808	9.209011	-0.269444	1.053203	-0.721296	-1.377300	0.202310	-0.076207	-0.132206	0.988288	0.697941	-0.714933	-0.041820	0.712089	0.686580	0.146755
37809	9.680214	-0.983541	0.926654	-0.816502	-1.422584	0.208831	-0.064532	-0.123982	0.990184	0.692277	-0.720223	-0.045063	0.718741	0.682574	0.132308
37810	9.921516	-1.338021	0.665688	-0.784794	-1.374495	0.206371	-0.053126	-0.116128	0.991812	0.686768	-0.725281	-0.048134	0.724933	0.678588	0.118284
37811	9.384042	-1.634250	0.784366	-0.780919	-1.288477	0.169381	-0.042542	-0.108662	0.993168	0.681193	-0.730344	-0.050728	0.730866	0.674381	0.105090
37812	8.867154	-2.131257	0.542189	-0.591938	-1.227218	0.112343	-0.032721	-0.101236	0.994324	0.676930	-0.734175	-0.052473	0.735320	0.671371	0.092553
37813	9.310759	-1.817991	0.488393	-0.536819	-1.259743	0.097203	-0.022729	-0.093531	0.995357	0.673022	-0.737652	-0.053947	0.739273	0.668671	0.079715
37814	9.501824	-1.838274	0.360618	-0.443395	-1.218660	0.053537	-0.013280	-0.085801	0.996224	0.669780	-0.740531	-0.054851	0.742441	0.666522	0.067302
37815	9.545861	-2.147774	0.306037	-0.322366	-1.221766	0.032703	-0.003929	-0.077932	0.996951	0.667407	-0.742628	-0.055422	0.744683	0.665155	0.054930
37816	9.621997	-2.138477	0.471250	-0.232260	-1.234649	0.030871	0.005542	-0.069965	0.997534	0.665708	-0.744117	-0.055889	0.746192	0.664376	0.042452
37817	9.602160	-1.869586	0.475562	-0.110435	-1.245735	0.034541	0.015119	-0.061974	0.997963	0.664898	-0.744808	-0.056326	0.746781	0.664395	0.029945
37818	9.417554	-1.340082	0.568063	0.001499	-1.254161	0.043627	0.024835	-0.053972	0.998234	0.664932	-0.744741	-0.056809	0.746491	0.665168	0.017392
37819	9.310718	-0.825770	0.599052	0.042521	-1.252523	0.041971	0.034510	-0.045979	0.998346	0.665247	-0.744423	-0.057281	0.745826	0.666123	0.004898
37820	9.383733	-0.442682	0.563247	0.015004	-1.236638	0.038492	0.044047	-0.038035	0.998305	0.665374	-0.744276	-0.057714	0.745210	0.666788	-0.007476
37821	9.380706	-0.264495	0.588912	-0.061177	-1.200541	0.052103	0.053387	-0.030453	0.998109	0.664906	-0.744650	-0.058285	0.745017	0.666761	-0.019506
37822	9.047503	-0.225058	0.566192	-0.171827	-1.174802	0.063008	0.062622	-0.023105	0.997770	0.663618	-0.745747	-0.058919	0.745446	0.665828	-0.031367
37823	8.817558	-0.375811	0.542576	-0.312666	-1.190084	0.056900	0.071925	-0.015653	0.997287	0.661259	-0.747800	-0.059428	0.746702	0.663739	-0.043435
37824	9.031956	-0.350320	0.529674	-0.387565	-1.238353	0.038825	0.081499	-0.007752	0.996643	0.658361	-0.750334	-0.059673	0.748278	0.661014	-0.056047
37825	9.420116	-0.073677	0.643777	-0.412855	-1.283562	0.015864	0.091265	0.000555	0.995826	0.655264	-0.753042	-0.059634	0.749866	0.657972	-0.069090
37826	9.460955	0.115589	0.740312	-0.435860	-1.332951	-0.010500	0.101263	0.009371	0.994816	0.652030	-0.755874	-0.059251	0.751400	0.654650	-0.082652
37827	9.103046	0.164111	0.938906	-0.481611	-1.416252	-0.033406	0.111746	0.018828	0.993558	0.648447	-0.759005	-0.058548	0.753014	0.650812	-0.097025
37828	8.742749	-0.098789	1.423878	-0.535017	-1.527072	-0.047959	0.123009	0.029085	0.991979	0.644496	-0.762437	-0.057564	0.754648	0.646408	-0.112532
37829	8.655478	-0.617070	1.992980	-0.598602	-1.624868	-0.054435	0.134985	0.039915	0.990043	0.640040	-0.766271	-0.056371	0.756391	0.641277	-0.128982
37830	8.850289	-1.193106	2.333352	-0.653343	-1.659767	-0.059630	0.147234	0.050957	0.987788	0.635202	-0.770390	-0.054938	0.758182	0.635534	-0.145796
37831	9.133176	-1.524006	2.555708	-0.694424	-1.656420	-0.072488	0.159396	0.061934	0.985270	0.630030	-0.774745	-0.053225	0.760037	0.629233	-0.162511
37832	9.420413	-1.384528	2.468826	-0.727549	-1.621872	-0.083640	0.171273	0.072721	0.982536	0.624656	-0.779219	-0.051216	0.761886	0.622519	-0.178885
37833	10.082314	-1.067710	2.196553	-0.737269	-1.539160	-0.087719	0.182515	0.082857	0.979706	0.619168	-0.783724	-0.049066	0.763754	0.615557	-0.194344
37834	10.457069	-0.800137	1.610794	-0.759961	-1.448567	-0.061753	0.193271	0.092193	0.976804	0.613496	-0.788299	-0.046986	0.765682	0.608346	-0.208915
37835	10.935960	-0.412332	1.074126	-0.779557	-1.391645	-0.057824	0.203634	0.100974	0.973826	0.607597	-0.792980	-0.044831	0.767698	0.600822	-0.222829
37836	11.065763	-0.688196	0.996356	-0.764139	-1.269596	-0.046651	0.213170	0.108910	0.970926	0.601843	-0.797473	-0.042683	0.769639	0.593444	-0.235544
37837	10.891284	-1.310862	1.164809	-0.712090	-1.172965	-0.037760	0.222029	0.116030	0.968112	0.596393	-0.801660	-0.040698	0.771374	0.586411	-0.247191
37838	11.566659	-1.704024	1.611476	-0.613700	-1.111485	-0.050801	0.230366	0.122904	0.965311	0.591793	-0.805160	-0.038714	0.772472	0.580183	-0.258215
37839	12.555465	-1.661598	2.460003	-0.430504	-0.982660	-0.062534	0.237637	0.128967	0.962754	0.588554	-0.807606	-0.037089	0.772743	0.575447	-0.267821
37840	12.884828	-1.476956	3.399231	-0.225621	-0.817530	-0.048164	0.243727	0.134031	0.960538	0.586949	-0.808820	-0.036072	0.772067	0.572578	-0.275801
37841	12.895898	-1.378179	4.661126	-0.017796	-0.639164	-0.015646	0.248614	0.137673	0.958769	0.586773	-0.808951	-0.035994	0.770641	0.571528	-0.281900
37842	13.098740	-1.155516	6.174970	0.123078	-0.408213	-0.003599	0.251794	0.140018	0.957598	0.587750	-0.808224	-0.036368	0.768862	0.571986	-0.285802
37843	13.591330	-0.846941	7.891854	0.280897	-0.075564	0.001916	0.252434	0.140266	0.957394	0.589804	-0.806683	-0.037326	0.767078	0.574097	-0.286363
37844	13.606935	-0.494328	9.141579	0.356096	0.298863	-0.014741	0.250114	0.138647	0.958238	0.592590	-0.804595	-0.038259	0.765689	0.577412	-0.283401
37845	14.134772	-0.275686	10.133130	0.323770	0.543689	-0.043939	0.245737	0.135648	0.959798	0.595053	-0.802745	-0.038899	0.765196	0.580689	-0.277982
37846	15.424773	0.807615	10.302784	0.268463	0.838462	-0.106376	0.238744	0.131601	0.962124	0.597386	-0.801021	-0.038671	0.765592	0.583992	-0.269856
37847	14.870276	2.981212	8.939460	0.276737	1.138351	-0.206292	0.228827	0.126347	0.965233	0.599836	-0.799239	-0.037584	0.766703	0.587582	-0.258676
37848	13.521591	5.948291	8.410288	0.450276	1.269372	-0.344029	0.217082	0.121583	0.968552	0.604078	-0.796137	-0.035453	0.766789	0.592777	-0.246273
37849	12.471529	8.509929	8.501582	0.319513	1.424588	-0.554351	0.202823	0.117269	0.972168	0.607533	-0.793689	-0.031009	0.767963	0.596913	-0.232223
37850	12.276527	8.540035	6.693987	-0.388191	1.553945	-0.718122	0.186549	0.113691	0.975845	0.605962	-0.795155	-0.023200	0.773311	0.595653	-0.217228
37851	12.526588	5.670331	2.926854	-1.654016	1.612451	-0.770658	0.169369	0.110105	0.979383	0.594279	-0.804164	-0.012365	0.786223	0.584121	-0.201634
37852	13.539727	2.816432	-1.567308	-2.780715	1.640330	-0.719935	0.152173	0.106519	0.982597	0.573335	-0.819321	0.000027	0.805065	0.563354	-0.185749
37853	15.194038	2.068173	-4.216471	-3.423251	1.711656	-0.597503	0.134872	0.101828	0.985617	0.546104	-0.837634	0.011810	0.826789	0.536657	-0.168582
37854	17.047167	1.729884	-5.551157	-3.682635	1.812435	-0.393947	0.117654	0.095681	0.988434	0.515777	-0.856453	0.021512	0.848606	0.507281	-0.150115
37855	18.882806	0.599506	-5.766983	-3.664012	1.888835	-0.076261	0.101055	0.086832	0.991084	0.484241	-0.874511	0.027243	0.869079	0.477170	-0.130421
37856	19.774059	-1.041054	-5.748508	-3.289224	2.082872	0.221212	0.083866	0.075198	0.993636	0.455193	-0.889923	0.028929	0.886434	0.449870	-0.108864
37857	17.979812	-1.988247	-7.128845	-2.426921	2.281438	0.427707	0.065400	0.061133	0.995985	0.433062	-0.900964	0.026864	0.898988	0.429566	-0.085397
37858	15.167142	-2.443918	-6.682145	-1.473808	2.337228	0.394682	0.046036	0.047634	0.997803	0.419571	-0.907406	0.023961	0.906554	0.417546	-0.061760
37859	14.833534	-2.083432	-5.606347	-0.607382	2.184964	0.269380	0.027314	0.035920	0.998981	0.413814	-0.910110	0.021410	0.909952	0.412807	-0.039723
37860	15.596015	-0.637411	-4.515508	-0.164953	2.316542	0.281556	0.007439	0.023772	0.999690	0.412300	-0.910858	0.018591	0.911018	0.412034	-0.016577
37861	14.031477	-0.197648	-3.362091	-0.208751	2.593246	0.314701	-0.014904	0.010055	0.999838	0.410273	-0.911835	0.015286	0.911841	0.410434	0.009465
37862	13.019255	-0.797880	-3.838934	-0.576676	2.427175	0.431187	-0.035246	-0.003813	0.999371	0.405156	-0.914184	0.010801	0.913568	0.405282	0.033766
37863	12.355071	-1.152621	-5.047106	-0.700085	2.301193	0.507932	-0.054253	-0.017884	0.998367	0.398853	-0.917000	0.005248	0.915409	0.398486	0.056883
37864	11.432670	-2.268788	-5.520010	-0.581007	2.242569	0.534560	-0.072619	-0.031694	0.996856	0.393911	-0.919148	-0.000528	0.916275	0.392634	0.079232
37865	10.542372	-1.190508	-5.398399	-0.022179	2.332427	0.557839	-0.091777	-0.046126	0.994711	0.394046	-0.919070	-0.006261	0.914497	0.391387	0.102525
37866	9.459059	0.608939	-4.967295	0.352611	2.456662	0.588014	-0.111814	-0.061196	0.991843	0.397905	-0.917352	-0.011743	0.910587	0.393346	0.126923
37867	8.024546	0.967039	-4.727000	0.642037	2.451007	0.566218	-0.131798	-0.076218	0.988342	0.404317	-0.914468	-0.016604	0.905073	0.397415	0.151341
