// General information: 
//  MT Manager version: 2022.2.0 
//  XDA version: 2022.2.0 build 7381 rev 124627 built on 2023-07-19
// Device information: 
//  DeviceId: 00B4CAF0
//  ProductCode: MTW2-3A7G6
//  Firmware Version: 4.6.0
//  Hardware Version: 2.0.0
// Device settings: 
//  Filter Profile: human(46.1)
//  Option Flags: Orientation Smoother Disabled, Position/Velocity Smoother Disabled, Continuous Zero Rotation Update Disabled, AHS Disabled, ICC Disabled
// Coordinate system: ENU
PacketCounter	Acc_X	Acc_Y	Acc_Z	Gyr_X	Gyr_Y	Gyr_Z	Mat[1][1]	Mat[2][1]	Mat[3][1]	Mat[1][2]	Mat[2][2]	Mat[3][2]	Mat[1][3]	Mat[2][3]	Mat[3][3]
16808	4.830874	-2.661527	8.555480	0.002421	-0.007879	0.001581	0.760496	-0.453487	0.464752	0.606470	0.751804	-0.258814	-0.232034	0.478685	0.846771
16809	4.846700	-2.663338	8.574126	-0.000396	-0.006543	0.002739	0.760513	-0.453441	0.464769	0.606440	0.751821	-0.258835	-0.232057	0.478702	0.846755
16810	4.832615	-2.645528	8.524359	0.000671	-0.008227	0.008122	0.760362	-0.453457	0.465001	0.606620	0.751631	-0.258965	-0.232080	0.478987	0.846588
16811	4.847529	-2.663959	8.573465	-0.001935	-0.003754	0.004885	0.760398	-0.453408	0.464990	0.606578	0.751650	-0.259009	-0.232073	0.479003	0.846580
16812	4.832692	-2.662384	8.554187	0.000699	-0.008496	0.002069	0.759781	-0.454125	0.465298	0.607500	0.750853	-0.259159	-0.231680	0.479573	0.846365
16813	4.848544	-2.664416	8.572749	-0.001910	-0.007443	0.005515	0.759812	-0.454054	0.465318	0.607453	0.750875	-0.259206	-0.231702	0.479607	0.846340
16814	4.854549	-2.630851	8.571095	-0.002353	-0.006608	0.006992	0.759807	-0.454014	0.465365	0.607503	0.750756	-0.259433	-0.231590	0.479830	0.846245
16815	4.834628	-2.647539	8.522593	-0.006473	-0.003035	0.006533	0.759855	-0.453955	0.465344	0.607458	0.750761	-0.259524	-0.231550	0.479878	0.846228
16816	4.859796	-2.685773	8.561479	-0.001490	-0.004589	0.003406	0.759535	-0.454277	0.465552	0.607862	0.750473	-0.259412	-0.231539	0.480024	0.846148
16817	4.834345	-2.665008	8.552435	-0.005612	-0.004436	0.009628	0.759597	-0.454189	0.465536	0.607793	0.750495	-0.259510	-0.231516	0.480072	0.846127
16818	4.844815	-2.685412	8.541899	-0.004750	-0.002418	0.006043	0.759618	-0.454087	0.465601	0.607727	0.750551	-0.259503	-0.231621	0.480081	0.846093
16819	4.818320	-2.680762	8.563552	0.001254	0.001721	0.007039	0.759679	-0.454048	0.465540	0.607661	0.750594	-0.259530	-0.231593	0.480050	0.846119
16820	4.865491	-2.653947	8.559467	-0.001281	-0.004872	0.005692	0.759157	-0.454651	0.465805	0.608429	0.749942	-0.259617	-0.231292	0.480499	0.845946
16821	4.829455	-2.684975	8.522557	-0.005192	-0.001582	0.007520	0.759212	-0.454593	0.465771	0.608375	0.749956	-0.259701	-0.231250	0.480532	0.845939
16822	4.823073	-2.736114	8.554049	-0.005843	-0.000463	0.006711	0.758868	-0.454714	0.466213	0.608765	0.749613	-0.259779	-0.231355	0.480952	0.845671
16823	4.844651	-2.688213	8.541111	-0.001933	-0.003754	0.004883	0.758901	-0.454665	0.466207	0.608725	0.749630	-0.259824	-0.231350	0.480972	0.845661
16824	4.850206	-2.654475	8.539787	0.001906	0.000602	0.007847	0.758546	-0.455208	0.466255	0.609340	0.749064	-0.260014	-0.230894	0.481341	0.845576
16825	4.875676	-2.676304	8.548478	-0.003469	-0.000965	0.007030	0.758599	-0.455156	0.466219	0.609288	0.749083	-0.260082	-0.230859	0.481360	0.845575
16826	4.844209	-2.689385	8.540993	0.001255	0.001721	0.007038	0.757155	-0.456975	0.466787	0.611352	0.747464	-0.259897	-0.230140	0.482154	0.845319
16827	4.880798	-2.643272	8.547187	-0.005633	-0.000746	0.008997	0.757219	-0.456910	0.466746	0.611291	0.747481	-0.259991	-0.230091	0.482188	0.845312
16828	4.849280	-2.656715	8.539616	-0.002631	0.001322	0.009495	0.756664	-0.457572	0.466998	0.612139	0.746719	-0.260185	-0.229663	0.482741	0.845113
16829	4.838680	-2.638052	8.549699	-0.006494	-0.002765	0.012580	0.756745	-0.457470	0.466967	0.612053	0.746748	-0.260304	-0.229625	0.482792	0.845094
16830	4.854508	-2.624993	8.537871	-0.011031	-0.002044	0.014228	0.755566	-0.458921	0.467452	0.613886	0.745077	-0.260775	-0.228612	0.483995	0.844680
16831	4.863970	-2.662501	8.557674	-0.011030	-0.002044	0.014227	0.755658	-0.458810	0.467412	0.613799	0.745091	-0.260941	-0.228542	0.484079	0.844652
16832	4.853409	-2.644812	8.567443	-0.014053	-0.003844	0.019775	0.754099	-0.461208	0.467571	0.616231	0.743109	-0.260861	-0.227145	0.484846	0.844588
16833	4.858669	-2.684399	8.527393	-0.015773	-0.004460	0.020263	0.754222	-0.461042	0.467535	0.616110	0.743128	-0.261093	-0.227064	0.484975	0.844536
16834	4.842595	-2.701210	8.538176	-0.017051	-0.005911	0.019273	0.753608	-0.461997	0.467583	0.617206	0.742049	-0.261573	-0.226124	0.485718	0.844361
16835	4.858677	-2.689039	8.525926	-0.016166	-0.007581	0.016316	0.753700	-0.461844	0.467585	0.617115	0.742048	-0.261790	-0.226064	0.485865	0.844293
16836	4.837005	-2.739654	8.537961	-0.012111	-0.003514	0.021565	0.753630	-0.462031	0.467515	0.617246	0.741955	-0.261744	-0.225941	0.485829	0.844346
16837	4.852838	-2.727307	8.525905	-0.015533	-0.005010	0.016494	0.753728	-0.461891	0.467494	0.617154	0.741957	-0.261956	-0.225865	0.485959	0.844292
16838	4.827144	-2.707845	8.516628	-0.011877	-0.004065	0.017800	0.754837	-0.460048	0.467522	0.615406	0.743340	-0.262148	-0.226927	0.485595	0.844217
16839	4.827080	-2.709568	8.516116	-0.009063	-0.005404	0.016639	0.754935	-0.459905	0.467505	0.615298	0.743373	-0.262306	-0.226895	0.485679	0.844177
16840	4.848006	-2.679172	8.533321	-0.013806	-0.004394	0.016001	0.753653	-0.461629	0.467874	0.617192	0.741819	-0.262257	-0.226013	0.486419	0.843988
16841	4.816729	-2.693761	8.525202	-0.014875	-0.006130	0.017295	0.753752	-0.461478	0.467862	0.617093	0.741827	-0.262467	-0.225950	0.486549	0.843929
16842	4.858312	-2.702874	8.521759	-0.013591	-0.004680	0.018283	0.753825	-0.461062	0.468156	0.616941	0.741834	-0.262806	-0.226124	0.486934	0.843661
16843	4.832011	-2.699788	8.542840	-0.014220	-0.007250	0.018099	0.753926	-0.460900	0.468152	0.616835	0.741848	-0.263014	-0.226074	0.487066	0.843598
16844	4.816805	-2.700209	8.523120	-0.018749	-0.006525	0.019744	0.753298	-0.461669	0.468406	0.617822	0.740912	-0.263336	-0.225474	0.487762	0.843356
16845	4.842474	-2.724206	8.530935	-0.018308	-0.007359	0.018264	0.753400	-0.461505	0.468404	0.617725	0.740906	-0.263580	-0.225400	0.487926	0.843281
16846	4.832322	-2.707143	8.540337	-0.020025	-0.007974	0.018750	0.752712	-0.462155	0.468867	0.618665	0.740073	-0.263716	-0.225119	0.488574	0.842981
16847	4.832420	-2.709728	8.539462	-0.018740	-0.006525	0.019737	0.752824	-0.461985	0.468856	0.618558	0.740071	-0.263969	-0.225036	0.488737	0.842908
16848	4.874037	-2.719548	8.535756	-0.022829	-0.006633	0.019904	0.752830	-0.461688	0.469138	0.618639	0.739721	-0.264762	-0.224794	0.489548	0.842502
16849	4.848355	-2.701092	8.526210	-0.023488	-0.005253	0.025140	0.752979	-0.461482	0.469102	0.618502	0.739721	-0.265083	-0.224674	0.489742	0.842422
16850	4.868854	-2.672511	8.543197	-0.029118	0.001119	0.026833	0.751884	-0.462789	0.469571	0.620228	0.738039	-0.265738	-0.223581	0.491045	0.841954
16851	4.847305	-2.708405	8.524486	-0.029076	-0.006262	0.028069	0.752048	-0.462557	0.469537	0.620082	0.738024	-0.266120	-0.223434	0.491287	0.841852
16852	4.862957	-2.698061	8.511956	-0.032099	-0.004376	0.032983	0.750879	-0.464078	0.469906	0.621887	0.736365	-0.266501	-0.222345	0.492339	0.841526
16853	4.841254	-2.734514	8.493102	-0.033828	-0.001300	0.032844	0.751084	-0.463836	0.469819	0.621716	0.736348	-0.266946	-0.222131	0.492593	0.841433
16854	4.861681	-2.706957	8.509860	-0.033803	-0.004991	0.033456	0.751017	-0.464078	0.469686	0.622056	0.735814	-0.267626	-0.221403	0.493163	0.841291
16855	4.849547	-2.779779	8.510818	-0.038104	-0.004552	0.037376	0.751243	-0.463785	0.469614	0.621860	0.735797	-0.268128	-0.221187	0.493463	0.841172
16856	4.865087	-2.770292	8.498065	-0.036574	-0.007340	0.035218	0.748758	-0.467254	0.470143	0.625712	0.732312	-0.268708	-0.218737	0.495372	0.840691
16857	4.832621	-2.804052	8.519517	-0.038932	-0.006830	0.034891	0.748964	-0.466969	0.470098	0.625537	0.732279	-0.269205	-0.218532	0.495689	0.840557
16858	4.811955	-2.769696	8.538793	-0.034172	-0.011543	0.036137	0.748491	-0.467345	0.470479	0.626252	0.731485	-0.269699	-0.218106	0.496505	0.840186
16859	4.842635	-2.833395	8.506036	-0.042765	-0.011163	0.031899	0.748668	-0.467062	0.470479	0.626109	0.731418	-0.270214	-0.217910	0.496871	0.840020
16860	4.796287	-2.848247	8.477923	-0.029618	-0.016216	0.029054	0.749027	-0.466221	0.470740	0.625567	0.731700	-0.270707	-0.218231	0.497246	0.839715
16861	4.833250	-2.822160	8.513179	-0.028758	-0.014188	0.025481	0.749157	-0.465969	0.470783	0.625441	0.731671	-0.271074	-0.218146	0.497524	0.839572
16862	4.845425	-2.812264	8.440715	-0.025317	-0.012964	0.024508	0.749993	-0.464624	0.470781	0.624185	0.732658	-0.271302	-0.218868	0.497330	0.839500
16863	4.834780	-2.812388	8.480193	-0.022310	-0.010910	0.025014	0.750126	-0.464392	0.470798	0.624049	0.732659	-0.271613	-0.218799	0.497545	0.839390
16864	4.818396	-2.846379	8.520639	-0.024661	-0.014333	0.019266	0.750495	-0.463546	0.471044	0.623460	0.733026	-0.271976	-0.219214	0.497793	0.839135
16865	4.794139	-2.810879	8.480677	-0.016935	-0.009614	0.019800	0.750598	-0.463358	0.471064	0.623351	0.733029	-0.272217	-0.219169	0.497964	0.839045
16866	4.782798	-2.881069	8.481658	-0.015855	-0.011813	0.013086	0.749035	-0.465674	0.471268	0.625885	0.730644	-0.272813	-0.217287	0.499306	0.838737
16867	4.804704	-2.850741	8.498658	-0.010058	-0.011346	0.006399	0.749052	-0.465575	0.471340	0.625861	0.730619	-0.272934	-0.217299	0.499436	0.838657
16868	4.868910	-2.810529	8.482649	-0.005556	-0.008387	0.004146	0.747036	-0.468493	0.471647	0.628918	0.727942	-0.273062	-0.215404	0.500615	0.838443
16869	4.822759	-2.821614	8.455647	-0.010069	-0.007654	0.005789	0.747057	-0.468417	0.471691	0.628899	0.727914	-0.273181	-0.215388	0.500727	0.838380
16870	4.859124	-2.809229	8.522151	-0.005124	-0.009218	0.002667	0.744773	-0.471598	0.472133	0.632252	0.725007	-0.273170	-0.213473	0.501957	0.838134
16871	4.860496	-2.793190	8.491335	-0.004705	-0.006357	0.000581	0.744762	-0.471566	0.472181	0.632262	0.724981	-0.273219	-0.213481	0.502025	0.838091
16872	4.824492	-2.769057	8.523186	-0.007933	-0.004181	0.003219	0.744573	-0.471958	0.472087	0.632548	0.724792	-0.273057	-0.213294	0.501929	0.838197
16873	4.809629	-2.767640	8.503807	-0.005772	-0.008093	0.001865	0.744567	-0.471909	0.472146	0.632550	0.724766	-0.273120	-0.213308	0.502012	0.838143
16874	4.778544	-2.797282	8.525763	-0.010462	-0.018142	0.003053	0.744438	-0.472145	0.472114	0.632855	0.724360	-0.273489	-0.212854	0.502375	0.838041
16875	4.779138	-2.869280	8.485784	-0.010898	-0.017552	-0.001506	0.744391	-0.472072	0.472260	0.632892	0.724294	-0.273580	-0.212906	0.502540	0.837929
16876	4.854177	-2.864672	8.488964	-0.002048	-0.029801	-0.005256	0.743457	-0.473314	0.472488	0.634164	0.723284	-0.273305	-0.212384	0.502825	0.837890
16877	4.795632	-2.801641	8.481097	-0.003125	-0.027845	-0.004580	0.743369	-0.473213	0.472729	0.634209	0.723242	-0.273315	-0.212561	0.502982	0.837751
16878	4.839817	-2.809038	8.476566	-0.005692	-0.030729	-0.006572	0.744191	-0.471297	0.473348	0.632765	0.724418	-0.273545	-0.213981	0.503088	0.837326
16879	4.842512	-2.809088	8.475011	-0.002688	-0.028676	-0.006064	0.744091	-0.471201	0.473601	0.632820	0.724370	-0.273545	-0.214168	0.503247	0.837183
16880	4.845316	-2.808982	8.473443	-0.002238	-0.033198	-0.006940	0.742671	-0.472898	0.474138	0.634809	0.722592	-0.273638	-0.213205	0.504210	0.836848
16881	4.891005	-2.745258	8.507403	-0.005647	-0.038114	-0.005370	0.742555	-0.472749	0.474469	0.634866	0.722532	-0.273666	-0.213443	0.504436	0.836652
16882	4.889359	-2.708731	8.545161	-0.010583	-0.036552	-0.002245	0.743527	-0.470897	0.474787	0.633223	0.724011	-0.273563	-0.214931	0.504048	0.836505
16883	4.912679	-2.749109	8.522068	-0.017664	-0.034772	0.002844	0.743469	-0.470707	0.475067	0.633245	0.723929	-0.273730	-0.215068	0.504344	0.836291
16884	4.916271	-2.734396	8.489487	-0.020213	-0.037416	0.006887	0.741467	-0.473153	0.475765	0.636097	0.721335	-0.273965	-0.213559	0.505768	0.835818
16885	4.908453	-2.733633	8.527836	-0.024938	-0.036389	0.006255	0.741427	-0.472929	0.476050	0.636109	0.721232	-0.274208	-0.213661	0.506125	0.835575
16886	4.916116	-2.773222	8.485548	-0.025567	-0.035026	0.011488	0.741594	-0.472383	0.476333	0.635855	0.721291	-0.274641	-0.213839	0.506551	0.835272
16887	4.903263	-2.774088	8.464262	-0.030497	-0.033465	0.014615	0.741613	-0.472113	0.476571	0.635817	0.721198	-0.274972	-0.213885	0.506935	0.835027
16888	4.921019	-2.779694	8.480587	-0.033283	-0.032121	0.015776	0.740568	-0.473379	0.476939	0.637363	0.719686	-0.275353	-0.212900	0.507901	0.834692
16889	4.923375	-2.782968	8.478145	-0.026402	-0.033368	0.014428	0.740587	-0.473111	0.477176	0.637318	0.719613	-0.275649	-0.212970	0.508255	0.834458
16890	4.925434	-2.786344	8.475840	-0.034796	-0.025644	0.017331	0.738978	-0.475240	0.477555	0.639738	0.717270	-0.276151	-0.211298	0.509580	0.834076
16891	4.953379	-2.795110	8.451571	-0.030690	-0.029241	0.017749	0.739027	-0.474968	0.477749	0.639677	0.717190	-0.276498	-0.211309	0.509945	0.833849
16892	4.944601	-2.795755	8.490085	-0.030884	-0.028711	0.021501	0.738719	-0.475211	0.477984	0.640210	0.716475	-0.277119	-0.210774	0.510723	0.833509
16893	4.940958	-2.816691	8.458550	-0.028533	-0.025533	0.021211	0.738799	-0.474932	0.478138	0.640118	0.716423	-0.277465	-0.210772	0.511055	0.833305
16894	4.889649	-2.864264	8.431229	-0.031544	-0.023891	0.020099	0.741368	-0.470949	0.478101	0.636431	0.719399	-0.278246	-0.212906	0.510561	0.833066
16895	4.937897	-2.857882	8.455328	-0.030252	-0.022452	0.021090	0.741454	-0.470685	0.478228	0.636343	0.719337	-0.278607	-0.212871	0.510891	0.832872
16896	4.876340	-2.885666	8.438740	-0.025744	-0.023185	0.019430	0.740720	-0.471749	0.478317	0.637527	0.718136	-0.278998	-0.211880	0.511599	0.832691
16897	4.925079	-2.862217	8.432793	-0.027471	-0.020102	0.019318	0.740800	-0.471509	0.478429	0.637445	0.718081	-0.279327	-0.211845	0.511898	0.832516
16898	4.926109	-2.865156	8.431193	-0.021278	-0.016531	0.016582	0.739818	-0.472816	0.478659	0.638883	0.716749	-0.279462	-0.210945	0.512558	0.832338
16899	4.926315	-2.884622	8.460017	-0.025370	-0.012931	0.016163	0.739893	-0.472636	0.478721	0.638821	0.716689	-0.279758	-0.210870	0.512808	0.832203
16900	4.927509	-2.871040	8.428373	-0.029440	-0.013024	0.016334	0.742077	-0.469378	0.478546	0.635636	0.719400	-0.280056	-0.212813	0.512004	0.832203
16901	4.954569	-2.862504	8.374791	-0.023445	-0.008928	0.017359	0.742167	-0.469210	0.478570	0.635561	0.719354	-0.280343	-0.212722	0.512221	0.832093
16902	4.959585	-2.864697	8.433356	-0.023039	-0.006060	0.015286	0.741902	-0.469794	0.478410	0.636080	0.718818	-0.280539	-0.212095	0.512439	0.832119
16903	5.130564	-2.402078	8.634106	-0.025996	-0.007885	0.020801	0.742016	-0.469607	0.478415	0.635985	0.718777	-0.280862	-0.211979	0.512669	0.832007
16904	5.102440	-2.455514	8.744660	-0.130945	-0.000184	0.038666	0.741272	-0.470891	0.478307	0.637550	0.716790	-0.282388	-0.209872	0.514271	0.831552
16905	5.276331	-2.092905	8.993691	-0.170170	-0.018140	0.044247	0.741516	-0.470483	0.478331	0.637581	0.716116	-0.284022	-0.208913	0.515582	0.830982
16906	5.464929	-1.744412	9.420162	-0.411702	-0.000792	0.072873	0.741827	-0.470288	0.478039	0.638189	0.714019	-0.287910	-0.205929	0.518659	0.829811
16907	4.917974	-3.231113	8.208081	-0.363033	0.012890	0.079993	0.742365	-0.469786	0.477699	0.638341	0.712501	-0.291311	-0.203507	0.521194	0.828820
16908	5.156793	-3.113236	8.589293	-0.389428	0.102363	0.090715	0.744132	-0.468032	0.476669	0.636959	0.712188	-0.295079	-0.201371	0.523196	0.828080
16909	4.851118	-3.327269	8.195463	-0.343432	0.109427	0.096549	0.744966	-0.467920	0.475474	0.636929	0.710834	-0.298390	-0.198360	0.525134	0.827579
16910	5.004069	-3.109718	8.280281	-0.344892	0.168819	0.103520	0.745158	-0.469164	0.473946	0.637977	0.708484	-0.301721	-0.194226	0.527197	0.827248
16911	4.684509	-3.333232	8.179257	-0.321575	0.190730	0.107700	0.746213	-0.469410	0.472040	0.637796	0.707285	-0.304900	-0.190744	0.528585	0.827173
16912	4.683132	-3.523433	8.043892	-0.279888	0.186221	0.103566	0.748103	-0.468165	0.470280	0.636180	0.707556	-0.307636	-0.188725	0.529326	0.827162
16913	4.444336	-3.647688	8.017237	-0.226562	0.159787	0.088159	0.748963	-0.468390	0.468685	0.635948	0.706762	-0.309933	-0.186079	0.530187	0.827210
16914	4.701569	-3.419598	8.152460	-0.159270	0.125857	0.065682	0.750216	-0.467512	0.467556	0.634861	0.706906	-0.311825	-0.184737	0.530770	0.827137
16915	4.731551	-3.232623	8.214815	-0.139016	0.115134	0.066605	0.750850	-0.467653	0.466395	0.634619	0.706473	-0.313296	-0.182982	0.531221	0.827237
16916	4.738570	-3.129076	8.346705	-0.134137	0.080392	0.074292	0.751093	-0.468063	0.465593	0.634845	0.705614	-0.314771	-0.181196	0.532002	0.827129
16917	4.713529	-3.210364	8.285155	-0.138567	0.058896	0.079018	0.751700	-0.467820	0.464856	0.634504	0.705240	-0.316294	-0.179866	0.532712	0.826962
16918	4.686605	-3.153124	8.406307	-0.132247	0.032503	0.082912	0.751531	-0.468742	0.464200	0.635293	0.703860	-0.317780	-0.177775	0.533725	0.826761
16919	4.593546	-3.220074	8.307669	-0.131234	0.008327	0.085335	0.752088	-0.468187	0.463859	0.634886	0.703552	-0.319270	-0.176871	0.534617	0.826379
16920	4.557550	-3.365662	8.181878	-0.104720	-0.021988	0.079470	0.753607	-0.465994	0.463600	0.632889	0.704905	-0.320250	-0.177559	0.534751	0.826144
16921	4.545668	-3.583593	8.151758	-0.058218	-0.052170	0.061078	0.753901	-0.465286	0.463834	0.632535	0.704871	-0.321023	-0.177576	0.535411	0.825713
16922	4.785680	-3.270442	8.391232	-0.031918	-0.063723	0.044321	0.752316	-0.467427	0.464254	0.634875	0.702584	-0.321418	-0.175939	0.536551	0.825323
16923	4.831918	-3.182266	8.526925	-0.068136	-0.049056	0.046881	0.752527	-0.466836	0.464507	0.634645	0.702431	-0.322206	-0.175867	0.537266	0.824874
16924	5.014747	-3.087029	8.552834	-0.107479	-0.039554	0.059117	0.751762	-0.467818	0.464759	0.635964	0.700694	-0.323385	-0.174368	0.538678	0.824270
16925	4.782593	-3.263182	8.358214	-0.143529	-0.020975	0.073155	0.752189	-0.467195	0.464693	0.635667	0.700255	-0.324916	-0.173605	0.539788	0.823705
16926	4.757518	-3.395599	8.319904	-0.128774	-0.036952	0.073704	0.751380	-0.468424	0.464766	0.637127	0.698321	-0.326217	-0.171748	0.541228	0.823149
16927	4.748997	-3.250415	8.350144	-0.125185	-0.050920	0.077076	0.751783	-0.467612	0.464932	0.636766	0.697997	-0.327613	-0.171325	0.542347	0.822501
16928	4.732392	-3.347991	8.311578	-0.125601	-0.057623	0.073509	0.750969	-0.468392	0.465462	0.638016	0.696395	-0.328587	-0.170238	0.543730	0.821813
16929	4.652230	-3.377791	8.210017	-0.108690	-0.066312	0.077097	0.751346	-0.467498	0.465753	0.637627	0.696157	-0.329845	-0.170035	0.544804	0.821144
16930	4.413143	-3.497571	8.126159	-0.091718	-0.094644	0.057706	0.751158	-0.466954	0.466601	0.637850	0.695484	-0.330833	-0.170030	0.546129	0.820264
16931	4.486872	-3.689869	7.966458	-0.042177	-0.116401	0.025256	0.751117	-0.466146	0.467473	0.637738	0.695363	-0.331303	-0.170628	0.546972	0.819578
16932	4.595775	-3.813983	7.888149	0.030792	-0.125540	-0.010115	0.749928	-0.466584	0.468942	0.639012	0.694282	-0.331113	-0.171086	0.547971	0.818815
16933	4.811555	-3.469171	8.162931	0.082293	-0.127937	-0.027572	0.749529	-0.466078	0.470083	0.639084	0.694595	-0.330316	-0.172564	0.548004	0.818482
16934	4.924765	-3.361020	8.286171	0.084297	-0.112938	-0.033816	0.748477	-0.466582	0.471258	0.640119	0.694004	-0.329554	-0.173291	0.548325	0.818114
16935	4.882735	-3.343008	8.328294	0.087152	-0.099453	-0.037028	0.748063	-0.466297	0.472196	0.640251	0.694300	-0.328673	-0.174586	0.548192	0.817927
16936	4.914839	-3.285461	8.316593	0.086206	-0.090092	-0.037363	0.746739	-0.467573	0.473029	0.641769	0.693309	-0.327804	-0.174683	0.548359	0.817795
16937	4.902220	-3.289051	8.266245	0.084661	-0.086909	-0.031459	0.746381	-0.467318	0.473845	0.641861	0.693618	-0.326969	-0.175869	0.548186	0.817656
16938	4.852458	-3.286892	8.279509	0.090667	-0.079187	-0.030814	0.745589	-0.467903	0.474514	0.642689	0.693140	-0.326355	-0.176202	0.548292	0.817514
16939	4.838549	-3.429501	8.205176	0.116695	-0.085990	-0.028789	0.745249	-0.467634	0.475313	0.642702	0.693637	-0.325271	-0.177586	0.547893	0.817482
16940	4.847992	-3.398814	8.175925	0.154879	-0.096851	-0.036434	0.744307	-0.468226	0.476206	0.643489	0.693601	-0.323791	-0.178690	0.547433	0.817549
16941	4.760496	-3.450129	8.053104	0.187536	-0.086047	-0.040592	0.743888	-0.468040	0.477043	0.643459	0.694428	-0.322071	-0.180530	0.546542	0.817741
16942	4.827785	-3.530387	8.118367	0.251420	-0.095587	-0.051900	0.741895	-0.469935	0.478281	0.645560	0.693404	-0.320069	-0.181231	0.546217	0.817804
16943	4.960874	-3.389708	8.136285	0.279594	-0.068878	-0.058944	0.741386	-0.469970	0.479036	0.645492	0.694643	-0.317507	-0.183540	0.544609	0.818361
16944	4.998490	-3.231151	8.363854	0.281652	-0.038530	-0.057768	0.741136	-0.469578	0.479807	0.645068	0.696119	-0.315128	-0.186025	0.543061	0.818828
16945	4.961465	-3.077171	8.747349	0.245015	-0.030564	-0.058463	0.740698	-0.469821	0.480244	0.645048	0.697165	-0.312849	-0.187826	0.541507	0.819446
16946	5.421974	-1.921809	9.454210	0.048325	-0.048972	-0.032514	0.739171	-0.471707	0.480748	0.647013	0.695584	-0.312308	-0.187083	0.541900	0.819356
16947	4.969230	-3.097578	8.485982	-0.108524	-0.039881	-0.004136	0.739067	-0.471520	0.481091	0.647252	0.694968	-0.313185	-0.186670	0.542852	0.818820
16948	5.169027	-2.899917	8.767790	-0.113686	-0.052339	0.002538	0.738775	-0.471607	0.481454	0.647801	0.693976	-0.314247	-0.185917	0.544044	0.818200
16949	5.245983	-2.737721	8.728357	-0.255196	-0.015020	0.033280	0.738960	-0.471295	0.481475	0.648032	0.692734	-0.316502	-0.184368	0.545894	0.817318
16950	5.019063	-3.313086	8.205815	-0.287879	0.020220	0.054365	0.739212	-0.471319	0.481064	0.648381	0.691213	-0.319104	-0.182118	0.547799	0.816547
16951	4.888759	-3.488119	8.084956	-0.253307	0.042875	0.053978	0.739638	-0.471183	0.480545	0.648445	0.690069	-0.321439	-0.180153	0.549355	0.815937
16952	4.754218	-3.605646	7.977374	-0.205894	0.052440	0.042065	0.739842	-0.471581	0.479838	0.648769	0.688922	-0.323243	-0.178135	0.550453	0.815641
16953	4.781326	-3.591593	7.951779	-0.136517	0.050919	0.023134	0.740081	-0.471703	0.479350	0.648844	0.688271	-0.324475	-0.176867	0.551161	0.815438
16954	4.777822	-3.582361	7.920885	-0.068123	0.043497	0.002279	0.739136	-0.473443	0.479092	0.650440	0.686452	-0.325132	-0.174942	0.551937	0.815328
16955	4.817619	-3.560320	8.018539	-0.017904	0.036020	-0.016046	0.739093	-0.473753	0.478853	0.650595	0.686269	-0.325209	-0.174553	0.551899	0.815438
16956	4.862966	-3.410625	8.071705	0.027499	0.041202	-0.032748	0.738805	-0.474418	0.478638	0.651006	0.686036	-0.324877	-0.174236	0.551618	0.815696
16957	4.887519	-3.273257	8.237038	0.047970	0.022192	-0.032398	0.738631	-0.474763	0.478565	0.651166	0.686139	-0.324339	-0.174378	0.551192	0.815953
16958	4.953883	-3.158361	8.267412	0.044052	0.011102	-0.024754	0.738260	-0.475275	0.478629	0.651618	0.685851	-0.324041	-0.174260	0.551110	0.816034
16959	4.852732	-3.221174	8.245463	0.052973	-0.005094	-0.019978	0.738119	-0.475384	0.478738	0.651676	0.686041	-0.323522	-0.174637	0.550780	0.816176
16960	4.805929	-3.259612	8.279278	0.056764	-0.023209	-0.019854	0.736081	-0.478263	0.479009	0.654387	0.683752	-0.322894	-0.173095	0.551133	0.816266
16961	4.834876	-3.258091	8.257522	0.070116	-0.036428	-0.017211	0.735903	-0.478180	0.479364	0.654396	0.684048	-0.322247	-0.173816	0.550837	0.816313
16962	4.779144	-3.326284	8.230722	0.092644	-0.055721	-0.024824	0.734395	-0.479756	0.480102	0.656139	0.682786	-0.321379	-0.173623	0.551033	0.816222
16963	4.685359	-3.471431	8.094974	0.108447	-0.066328	-0.032165	0.734066	-0.479611	0.480750	0.656191	0.683222	-0.320347	-0.174817	0.550619	0.816246
16964	4.509660	-3.635334	8.186977	0.159988	-0.091132	-0.059071	0.732028	-0.481787	0.481681	0.658460	0.681781	-0.318756	-0.174829	0.550506	0.816320
16965	4.625677	-3.601980	8.199995	0.200698	-0.114965	-0.096635	0.731187	-0.481813	0.482930	0.658818	0.682412	-0.316659	-0.176987	0.549700	0.816398
16966	4.642732	-3.546353	8.462487	0.236703	-0.155226	-0.118847	0.729530	-0.482632	0.484616	0.660072	0.682409	-0.314042	-0.179140	0.548985	0.816410
16967	4.540319	-3.621285	8.581209	0.223245	-0.212716	-0.144268	0.728190	-0.482450	0.486807	0.660725	0.682930	-0.311527	-0.182160	0.548496	0.816070
16968	4.552429	-3.644525	8.808731	0.237746	-0.295113	-0.177796	0.725279	-0.483824	0.489781	0.663232	0.681834	-0.308588	-0.184647	0.548650	0.815407
16969	4.423773	-3.741238	9.085771	0.240609	-0.418939	-0.223385	0.723009	-0.483049	0.493883	0.664405	0.682066	-0.305536	-0.189272	0.549044	0.814080
16970	4.332992	-3.784565	9.446856	0.256497	-0.616293	-0.276175	0.720796	-0.480458	0.499613	0.664781	0.683268	-0.302013	-0.196265	0.549823	0.811896
16971	4.230275	-3.462586	10.150158	0.264237	-0.861708	-0.329205	0.716876	-0.477961	0.507585	0.666623	0.683138	-0.298221	-0.204213	0.552156	0.808345
16972	3.690748	-2.601686	10.883922	0.149527	-1.151109	-0.391918	0.711671	-0.474305	0.518227	0.669328	0.681833	-0.295132	-0.213362	0.556901	0.802707
16973	3.352175	-4.396795	10.862618	-0.237681	-1.505274	-0.489086	0.705104	-0.469183	0.531691	0.673317	0.678184	-0.294469	-0.222424	0.565627	0.794099
16974	1.663283	-4.750510	10.796368	0.198775	-1.904363	-0.639911	0.695363	-0.464080	0.548726	0.678780	0.674931	-0.289355	-0.236069	0.573671	0.784330
16975	5.083176	-4.600572	11.021265	-0.221930	-2.159598	-0.762524	0.684917	-0.456697	0.567729	0.684588	0.670125	-0.286831	-0.249455	0.585116	0.771629
16976	3.804817	-2.709275	11.877365	-0.255599	-2.200167	-0.968844	0.673066	-0.449080	0.587630	0.691012	0.665038	-0.283242	-0.263598	0.596700	0.757935
16977	4.399487	-3.137902	12.730485	-1.164521	-2.190717	-1.373967	0.657636	-0.444865	0.607956	0.703270	0.651835	-0.283765	-0.270050	0.614171	0.741530
16978	5.657652	-7.543626	11.860272	-1.645542	-2.145101	-1.905515	0.638244	-0.443569	0.629199	0.719963	0.633315	-0.283841	-0.272578	0.634160	0.723562
16979	1.818990	-8.951968	11.319102	-1.618546	-1.918000	-2.274640	0.616415	-0.445402	0.649346	0.738656	0.612775	-0.280879	-0.272799	0.652781	0.706723
16980	0.628875	-11.473179	14.409911	-1.161278	-1.354571	-2.389629	0.594728	-0.450657	0.665737	0.756240	0.594579	-0.273090	-0.272764	0.665871	0.694418
16981	-0.889542	-11.349177	16.547515	-0.880929	-0.323438	-2.060554	0.578112	-0.460591	0.673530	0.770715	0.579280	-0.265391	-0.267926	0.672526	0.689873
16982	-5.761243	-13.774536	13.738954	-0.699052	0.353908	-1.481894	0.568650	-0.470174	0.674962	0.779644	0.569700	-0.259994	-0.262283	0.674076	0.690528
16983	-3.771798	-16.488072	13.306524	0.096539	0.534743	-1.135924	0.561143	-0.480220	0.674171	0.785821	0.564934	-0.251665	-0.260008	0.670998	0.694376
16984	-9.748021	-9.531802	12.509194	0.230098	1.355346	-0.806923	0.559996	-0.492236	0.666415	0.787889	0.565139	-0.244641	-0.256196	0.662058	0.704303
16985	-9.089994	-8.165931	12.370033	-0.252806	1.294442	-0.516526	0.559161	-0.503689	0.658511	0.791428	0.560881	-0.243011	-0.246944	0.657046	0.712256
16986	-7.001459	-8.292932	13.074475	-0.643664	1.674601	-0.252980	0.565239	-0.512518	0.646398	0.790268	0.561169	-0.246104	-0.236606	0.649935	0.722221
16987	-6.377178	-8.837528	12.740186	-0.845945	2.075861	0.004074	0.569978	-0.525934	0.631283	0.792181	0.555697	-0.252289	-0.218115	0.643890	0.733370
16988	-5.687608	-8.375234	12.431780	-0.839894	2.394232	0.183674	0.580303	-0.537459	0.611871	0.789348	0.556103	-0.260150	-0.200444	0.633946	0.746951
16989	-4.570447	-7.381033	12.382762	-0.842639	2.590492	0.331148	0.587815	-0.551935	0.591474	0.789024	0.552585	-0.268497	-0.178647	0.624514	0.760308
16990	-3.363859	-7.006037	12.281575	-0.882888	2.711549	0.469774	0.596077	-0.566708	0.568801	0.787894	0.549277	-0.278420	-0.154646	0.614114	0.773918
16991	-2.125902	-6.968151	12.255766	-0.831963	2.719481	0.583162	0.604548	-0.580073	0.545927	0.785596	0.547538	-0.288168	-0.131757	0.603090	0.786716
16992	-0.871170	-6.599836	12.424219	-0.728167	2.643173	0.708390	0.612916	-0.592778	0.522444	0.782633	0.546421	-0.298177	-0.108722	0.591640	0.798838
16993	0.459540	-6.058581	12.574457	-0.633886	2.492696	0.844030	0.621947	-0.602779	0.499839	0.778057	0.547732	-0.307597	-0.088365	0.580213	0.809657
16994	2.202257	-5.428167	12.854193	-0.590809	2.283107	0.998203	0.631026	-0.611288	0.477632	0.772759	0.549434	-0.317753	-0.068189	0.569605	0.819085
16995	4.226472	-4.722750	13.012147	-0.634904	2.070650	1.198950	0.641461	-0.616390	0.456717	0.765517	0.553185	-0.328588	-0.050111	0.560401	0.826704
16996	6.007573	-4.820758	12.919923	-0.714472	1.896953	1.411982	0.652480	-0.620009	0.435727	0.757167	0.556982	-0.341275	-0.031099	0.552593	0.832871
16997	7.574335	-5.006296	12.714581	-0.698908	1.796945	1.605283	0.664945	-0.620897	0.415132	0.746761	0.563084	-0.353954	-0.013985	0.545364	0.838082
16998	9.129839	-5.048068	12.614582	-0.621554	1.756908	1.782666	0.677719	-0.621230	0.393408	0.735312	0.569876	-0.366822	0.003687	0.537880	0.843014
16999	10.632316	-4.902465	12.574986	-0.505297	1.833247	1.948217	0.691686	-0.619834	0.370643	0.721923	0.579248	-0.378550	0.019944	0.529413	0.848130
17000	11.859952	-4.339048	12.474223	-0.403308	1.988792	2.130999	0.705809	-0.618713	0.345004	0.707386	0.589488	-0.390011	0.037929	0.519324	0.853735
17001	12.098576	-3.618538	11.760603	-0.361064	2.189902	2.323924	0.721013	-0.616132	0.317051	0.690646	0.601962	-0.400811	0.056100	0.507961	0.859552
17002	11.119984	-3.042948	10.300699	-0.294781	2.322840	2.477224	0.735846	-0.613575	0.286454	0.672855	0.614973	-0.411187	0.076133	0.495312	0.865372
17003	9.943511	-2.435438	8.656470	-0.192775	2.293136	2.522718	0.750616	-0.609105	0.256061	0.653949	0.629433	-0.419720	0.094480	0.482499	0.870786
17004	9.398699	-1.978795	7.363887	-0.066455	2.132531	2.471004	0.763845	-0.604348	0.226505	0.635599	0.643467	-0.426573	0.112050	0.469802	0.875632
17005	9.350336	-1.623950	6.462634	0.051230	1.914151	2.360351	0.776340	-0.597885	0.199575	0.617491	0.657873	-0.431170	0.126495	0.457970	0.879922
17006	9.516944	-1.102912	5.721479	0.164729	1.696539	2.228739	0.787187	-0.591505	0.174526	0.600698	0.671322	-0.434153	0.139641	0.446597	0.883771
17007	9.939334	-0.411269	4.808754	0.245058	1.498518	2.068681	0.797266	-0.584111	0.152257	0.584673	0.684544	-0.435383	0.150085	0.436136	0.887277
17008	10.650415	0.778905	4.007518	0.294954	1.319312	1.839754	0.805425	-0.577785	0.132117	0.570770	0.696040	-0.435604	0.159727	0.426255	0.890390
17009	11.344003	2.908695	3.156481	0.216222	1.132182	1.552875	0.812329	-0.571698	0.115253	0.558572	0.705858	-0.435617	0.167689	0.418242	0.892723
17010	11.851661	4.808247	2.212743	-0.053339	0.940667	1.233866	0.817179	-0.567444	0.101123	0.548762	0.712290	-0.437610	0.176290	0.413098	0.893460
17011	12.125804	5.227533	1.050142	-0.359372	0.713842	0.873516	0.820641	-0.564168	0.090903	0.540970	0.715731	-0.441679	0.184119	0.411636	0.892556
17012	11.775509	3.720682	-0.050362	-0.393695	0.432892	0.428873	0.821854	-0.563341	0.084871	0.536978	0.716248	-0.445694	0.190289	0.411870	0.891153
17013	11.568724	2.469263	-0.077387	-0.127168	0.121287	-0.025648	0.821473	-0.564042	0.083900	0.536955	0.715559	-0.446827	0.191994	0.412107	0.890677
17014	11.069837	1.639609	0.581799	0.137876	-0.167031	-0.384255	0.819505	-0.566444	0.086902	0.540571	0.713746	-0.445365	0.190248	0.411956	0.891122
17015	10.828326	0.478031	1.449575	0.279818	-0.406636	-0.630146	0.816833	-0.569276	0.093319	0.546261	0.711300	-0.442324	0.185427	0.412282	0.891987
17016	10.810657	-0.843536	2.289873	0.343405	-0.599772	-0.786752	0.813448	-0.572625	0.101999	0.553438	0.708073	-0.438564	0.178910	0.413199	0.892893
17017	10.670259	-2.050645	2.855418	0.375918	-0.736466	-0.819336	0.810159	-0.575382	0.112148	0.560756	0.704906	-0.434351	0.170864	0.414781	0.893735
17018	10.324057	-3.224099	3.135184	0.466993	-0.864829	-0.790308	0.807043	-0.577495	0.123211	0.568006	0.702186	-0.429306	0.161405	0.416454	0.894715
17019	10.318863	-3.737335	3.497335	0.670018	-1.000404	-0.705201	0.804557	-0.578289	0.135167	0.574739	0.700884	-0.422417	0.149543	0.417544	0.896267
17020	10.851877	-3.546934	4.102136	0.794672	-1.071933	-0.529665	0.802991	-0.577587	0.146966	0.580166	0.701081	-0.414600	0.136433	0.418185	0.898058
17021	10.858233	-3.740415	4.015973	0.905242	-1.113606	-0.341914	0.802429	-0.575348	0.158374	0.584091	0.702875	-0.405961	0.122252	0.418260	0.900063
17022	8.529935	-5.926889	3.755664	0.920031	-1.149390	-0.158118	0.802836	-0.571633	0.169378	0.586399	0.705801	-0.397470	0.107659	0.418426	0.901848
17023	-0.262957	-10.146193	4.462226	2.145295	-1.359500	-0.333464	0.802165	-0.568379	0.182965	0.591143	0.712776	-0.377491	0.084145	0.410969	0.907758
17024	-10.140196	-9.714446	17.323883	2.707063	-1.094003	0.000988	0.802977	-0.563912	0.192953	0.593046	0.723710	-0.352904	0.059365	0.397804	0.915548
17025	-23.773359	0.421041	23.643302	1.376805	-2.436367	-1.231403	0.796707	-0.563095	0.219503	0.603535	0.722253	-0.337781	0.031666	0.401590	0.915272
17026	12.750665	9.201100	14.796863	1.893143	-4.415202	-2.811131	0.779726	-0.565438	0.268899	0.625950	0.713976	-0.313727	-0.014594	0.412939	0.910642
17027	28.197247	15.643661	21.994280	-1.094356	-2.732986	-0.717053	0.774612	-0.558943	0.295905	0.631775	0.705277	-0.321627	-0.028924	0.436082	0.899442
17028	7.975077	-1.343456	12.301548	-0.421607	-1.714322	-0.745534	0.769303	-0.556566	0.313698	0.637658	0.699290	-0.323088	-0.039546	0.448585	0.892865
17029	5.768158	-4.930114	11.759205	-1.234678	-1.708340	-0.669285	0.764287	-0.553416	0.331055	0.643325	0.689903	-0.331914	-0.044709	0.466653	0.883310
17030	2.949659	-9.168162	7.126366	-0.758161	-1.949833	-0.543904	0.759824	-0.547846	0.350048	0.647818	0.683365	-0.336666	-0.054769	0.482574	0.874141
17031	5.546838	-6.153285	8.203705	-0.572789	-2.287053	-0.539801	0.754897	-0.540314	0.371742	0.652274	0.677595	-0.339713	-0.068339	0.498926	0.863946
17032	11.764394	-7.099639	9.906452	-0.200011	-1.883238	-0.755779	0.748552	-0.535863	0.390538	0.658078	0.672560	-0.338522	-0.081258	0.510405	0.856086
17033	8.355457	-4.634207	8.135212	0.058732	-1.158593	-0.635754	0.743350	-0.534201	0.402566	0.662785	0.669437	-0.335515	-0.090260	0.516220	0.851686
17034	7.471011	-4.831103	8.775341	0.261912	-0.928954	-0.547366	0.738866	-0.532962	0.412345	0.666541	0.667938	-0.331032	-0.098994	0.519433	0.848758
17035	8.849135	-2.919791	10.993643	0.227964	-0.520672	-0.348948	0.735997	-0.532602	0.417903	0.668897	0.667242	-0.327665	-0.104327	0.520695	0.847345
17036	5.416296	-2.892796	10.354806	0.032084	-0.396023	-0.207962	0.734228	-0.531810	0.422004	0.670324	0.666387	-0.326489	-0.107588	0.522597	0.845764
17037	6.547667	-4.310092	9.156130	0.124289	-0.399169	-0.137317	0.732860	-0.530655	0.425818	0.671210	0.666285	-0.324871	-0.111322	0.523899	0.844475
17038	4.705899	-2.539605	9.153373	0.131135	-0.344089	-0.092765	0.731893	-0.529348	0.429096	0.671668	0.666571	-0.323334	-0.114867	0.524856	0.843405
17039	5.710361	-2.115492	9.648015	0.004468	-0.317700	-0.030422	0.731310	-0.527900	0.431865	0.671901	0.666411	-0.323180	-0.117193	0.526515	0.842050
17040	5.136438	-1.926500	9.466209	-0.106586	-0.286669	0.041421	0.731295	-0.525987	0.434219	0.671648	0.666164	-0.324212	-0.118730	0.528737	0.840440
17041	5.134751	-2.387515	9.211952	-0.206949	-0.259797	0.102214	0.731662	-0.523948	0.436061	0.671162	0.665581	-0.326409	-0.119213	0.531489	0.838634
17042	4.763430	-3.102863	8.757762	-0.253238	-0.249322	0.138612	0.732337	-0.521569	0.437776	0.670373	0.665059	-0.329083	-0.119507	0.534473	0.836694
17043	4.717678	-3.445120	8.516009	-0.252711	-0.253329	0.147071	0.733010	-0.519253	0.439400	0.669613	0.664448	-0.331855	-0.119642	0.537481	0.834745
17044	4.412848	-3.910395	8.137693	-0.232927	-0.251334	0.137449	0.733671	-0.516857	0.441119	0.668808	0.664008	-0.334349	-0.120096	0.540326	0.832841
17045	4.245514	-4.182486	8.152928	-0.178279	-0.283818	0.103299	0.734009	-0.514653	0.443128	0.668281	0.663552	-0.336303	-0.120959	0.542983	0.830986
17046	4.678354	-3.858814	8.312365	-0.140313	-0.312094	0.088270	0.734259	-0.512243	0.445500	0.667730	0.663340	-0.337812	-0.122476	0.545515	0.829104
17047	4.814896	-3.674021	8.427364	-0.167489	-0.298299	0.088428	0.734473	-0.510044	0.447665	0.667302	0.662854	-0.339608	-0.123521	0.548160	0.827202
17048	4.770742	-3.789211	8.095473	-0.176440	-0.265736	0.078074	0.734704	-0.507941	0.449673	0.666874	0.662378	-0.341371	-0.124457	0.550682	0.825385
17049	4.586932	-4.097076	7.961404	-0.137910	-0.246550	0.054974	0.734753	-0.506236	0.451512	0.666658	0.661874	-0.342769	-0.125322	0.552855	0.823800
17050	4.674195	-3.571703	8.212975	-0.089169	-0.254089	0.031856	0.734684	-0.504492	0.453572	0.666463	0.661635	-0.343607	-0.126753	0.554731	0.822318
17051	4.674053	-3.241098	8.499507	-0.108462	-0.240128	0.014148	0.734463	-0.503082	0.455491	0.666513	0.661081	-0.344575	-0.127767	0.556668	0.820851
17052	4.695143	-2.958319	8.571978	-0.137571	-0.252914	0.018436	0.734299	-0.501425	0.457579	0.666482	0.660500	-0.345746	-0.128865	0.558849	0.819196
17053	4.634827	-2.939917	8.532261	-0.186905	-0.269089	0.030960	0.734148	-0.499731	0.459668	0.666512	0.659586	-0.347431	-0.129568	0.561440	0.817311
17054	4.525085	-3.105571	8.432668	-0.210807	-0.291148	0.023242	0.733960	-0.497816	0.462041	0.666545	0.658610	-0.349214	-0.130461	0.564280	0.815210
17055	4.572715	-3.330642	8.256656	-0.213531	-0.315059	0.010654	0.733609	-0.495982	0.464564	0.666762	0.657432	-0.351014	-0.131322	0.567261	0.813000
17056	4.926487	-3.373619	8.248767	-0.215128	-0.337191	0.008856	0.733256	-0.493885	0.467347	0.666913	0.656346	-0.352756	-0.132521	0.570340	0.810648
17057	4.828581	-3.624307	8.087872	-0.206502	-0.329959	0.003634	0.732832	-0.491992	0.470000	0.667177	0.655160	-0.354457	-0.133536	0.573331	0.808369
17058	4.834490	-3.650142	8.015840	-0.167748	-0.330405	-0.010647	0.732349	-0.490042	0.472782	0.667413	0.654238	-0.355714	-0.134997	0.576048	0.806191
17059	4.932031	-3.929890	7.878630	-0.110601	-0.320628	-0.027710	0.731719	-0.488391	0.475458	0.667782	0.653441	-0.356486	-0.136580	0.578350	0.804274
17060	4.941434	-3.809731	7.900972	-0.034723	-0.316188	-0.059433	0.730918	-0.486827	0.478287	0.668198	0.653043	-0.356436	-0.138819	0.580116	0.802617
17061	4.904547	-3.867665	7.926848	0.026488	-0.299582	-0.085043	0.729921	-0.485661	0.480988	0.668798	0.652760	-0.355828	-0.141158	0.581410	0.801272
17062	5.018457	-3.924884	7.891525	0.094539	-0.291957	-0.114950	0.728765	-0.484592	0.483810	0.669435	0.652844	-0.354474	-0.144077	0.582207	0.800173
17063	5.052225	-3.835957	7.826808	0.165282	-0.274486	-0.141431	0.727409	-0.483935	0.486501	0.670240	0.653099	-0.352477	-0.147157	0.582467	0.799423
17064	5.027793	-3.844488	7.923810	0.222387	-0.264954	-0.168767	0.725912	-0.483374	0.489286	0.671068	0.653668	-0.349836	-0.150728	0.582294	0.798883
17065	5.047218	-3.917229	7.873911	0.272264	-0.253055	-0.195740	0.724203	-0.483200	0.491984	0.672088	0.654285	-0.346713	-0.154366	0.581747	0.798587
17066	5.055460	-3.883414	7.955504	0.329289	-0.239392	-0.226201	0.722337	-0.483169	0.494750	0.673141	0.655195	-0.342930	-0.158464	0.580747	0.798512
17067	5.080849	-3.885907	8.114945	0.348038	-0.236172	-0.249413	0.720268	-0.483452	0.497482	0.674397	0.655986	-0.338925	-0.162487	0.579617	0.798525
17068	5.114976	-3.726555	8.233055	0.360034	-0.249601	-0.273768	0.718039	-0.483686	0.500469	0.675706	0.656835	-0.334649	-0.166860	0.578460	0.798462
17069	5.197579	-3.689455	8.186752	0.352175	-0.266974	-0.293227	0.715595	-0.484087	0.503571	0.677228	0.657429	-0.330376	-0.171131	0.577448	0.798291
17070	5.163690	-3.740751	8.228353	0.341815	-0.279766	-0.309651	0.713040	-0.484393	0.506890	0.678780	0.657988	-0.326051	-0.175591	0.576554	0.797968
17071	5.169034	-3.726942	8.248047	0.339066	-0.309386	-0.327249	0.710256	-0.484782	0.510414	0.680522	0.658334	-0.321693	-0.180072	0.575832	0.797491
17072	5.098795	-3.820647	8.220667	0.344529	-0.360365	-0.353245	0.707220	-0.484920	0.514483	0.682329	0.658689	-0.317106	-0.185113	0.575310	0.796713
17073	5.055882	-3.861267	8.182177	0.401406	-0.429705	-0.399063	0.703676	-0.485096	0.519155	0.684406	0.659039	-0.311858	-0.190862	0.574760	0.795753
17074	5.032212	-3.846679	8.173156	0.427855	-0.501834	-0.446851	0.699666	-0.485049	0.524590	0.686645	0.659411	-0.306098	-0.197448	0.574374	0.794424
