// General information: 
//  MT Manager version: 2022.2.0 
//  XDA version: 2022.2.0 build 7381 rev 124627 built on 2023-07-19
// Device information: 
//  DeviceId: 00B4CB9F
//  ProductCode: MTW2-3A7G6
//  Firmware Version: 4.6.0
//  Hardware Version: 2.0.0
// Device settings: 
//  Filter Profile: human(46.1)
//  Option Flags: Orientation Smoother Disabled, Position/Velocity Smoother Disabled, Continuous Zero Rotation Update Disabled, AHS Disabled, ICC Disabled
// Coordinate system: ENU
PacketCounter	Acc_X	Acc_Y	Acc_Z	Gyr_X	Gyr_Y	Gyr_Z	Mat[1][1]	Mat[2][1]	Mat[3][1]	Mat[1][2]	Mat[2][2]	Mat[3][2]	Mat[1][3]	Mat[2][3]	Mat[3][3]
07657	9.652809	-1.242058	-1.128918	0.014725	-0.005986	-0.006348	0.165371	-0.032408	0.985699	0.609364	-0.782497	-0.127960	0.775453	0.621810	-0.109654
07658	9.661769	-1.209820	-1.119439	0.013893	-0.004275	-0.004521	0.165373	-0.032403	0.985699	0.609562	-0.782339	-0.127985	0.775297	0.622010	-0.109626
07659	9.682467	-1.227421	-1.140615	0.012723	-0.003933	-0.008238	0.165418	-0.032336	0.985693	0.609682	-0.782247	-0.127977	0.775194	0.622129	-0.109683
07660	9.638382	-1.201936	-1.120556	0.004562	-0.006018	-0.007779	0.165356	-0.032224	0.985707	0.609649	-0.782294	-0.127845	0.775233	0.622075	-0.109712
07661	9.685344	-1.214681	-1.119978	0.007025	-0.004363	-0.008719	0.165401	-0.032150	0.985702	0.609725	-0.782238	-0.127826	0.775163	0.622150	-0.109780
07662	9.655809	-1.227749	-1.108965	-0.004517	0.001111	-0.006982	0.165414	-0.032100	0.985702	0.609700	-0.782263	-0.127791	0.775180	0.622121	-0.109826
07663	9.676013	-1.242939	-1.075335	0.004190	-0.000597	-0.008780	0.165429	-0.032049	0.985701	0.609754	-0.782225	-0.127768	0.775134	0.622172	-0.109861
07664	9.679478	-1.232984	-1.108319	0.004588	0.001942	-0.007423	0.165351	-0.032018	0.985715	0.609788	-0.782210	-0.127698	0.775124	0.622192	-0.109815
07665	9.649980	-1.246220	-1.096842	0.003756	0.003654	-0.005596	0.165352	-0.032019	0.985715	0.609834	-0.782173	-0.127706	0.775088	0.622238	-0.109808
07666	9.665176	-1.193262	-1.098282	0.007164	0.004055	-0.006515	0.165327	-0.032008	0.985719	0.609923	-0.782105	-0.127694	0.775024	0.622324	-0.109780
07667	9.661916	-1.202119	-1.064701	0.006157	0.004140	-0.002350	0.165344	-0.032037	0.985715	0.609982	-0.782052	-0.127736	0.774973	0.622389	-0.109766
07668	9.662608	-1.203879	-1.118600	0.002151	0.008246	-0.006128	0.165350	-0.032078	0.985713	0.610103	-0.781949	-0.127789	0.774877	0.622516	-0.109724
07669	9.666113	-1.194230	-1.150947	-0.002377	0.007474	-0.002891	0.165338	-0.032123	0.985714	0.610097	-0.781949	-0.127817	0.774884	0.622514	-0.109688
07670	9.653951	-1.235017	-1.126875	-0.003322	0.008728	-0.002912	0.165280	-0.032163	0.985722	0.610076	-0.781967	-0.127808	0.774913	0.622490	-0.109622
07671	9.665787	-1.191476	-1.094847	-0.003322	0.008728	-0.002912	0.165258	-0.032216	0.985724	0.610063	-0.781973	-0.127835	0.774928	0.622479	-0.109574
07672	9.657004	-1.222900	-1.103906	-0.009131	0.007840	-0.005241	0.165240	-0.032193	0.985728	0.609927	-0.782087	-0.127785	0.775039	0.622337	-0.109597
07673	9.666060	-1.190429	-1.093573	-0.009417	0.005757	-0.004751	0.165230	-0.032213	0.985729	0.609869	-0.782132	-0.127787	0.775086	0.622280	-0.109586
07674	9.651161	-1.242220	-1.090976	-0.004205	0.011152	-0.007121	0.165056	-0.032237	0.985757	0.609838	-0.782171	-0.127690	0.775148	0.622229	-0.109443
07675	9.686514	-1.205148	-1.058040	-0.003696	0.014148	-0.003916	0.164985	-0.032315	0.985766	0.609824	-0.782181	-0.127706	0.775174	0.622213	-0.109342
07676	9.660506	-1.209444	-1.078342	-0.000438	0.020884	-0.002141	0.164826	-0.032462	0.985788	0.609891	-0.782124	-0.127730	0.775155	0.622277	-0.109116
07677	9.674669	-1.245764	-1.031146	-0.002901	0.019226	-0.001204	0.164732	-0.032594	0.985800	0.609878	-0.782127	-0.127774	0.775185	0.622266	-0.108963
07678	9.681087	-1.224810	-1.040770	0.000859	0.022881	-0.006801	0.164454	-0.032731	0.985842	0.609960	-0.782073	-0.127716	0.775180	0.622327	-0.108650
07679	9.691919	-1.269952	-0.960038	0.001256	0.025419	-0.005446	0.164286	-0.032868	0.985865	0.609986	-0.782051	-0.127722	0.775195	0.622347	-0.108431
07680	9.672809	-1.256004	-1.045607	0.009574	0.027251	0.001981	0.164159	-0.033021	0.985881	0.609975	-0.782053	-0.127761	0.775230	0.622336	-0.108239
07681	9.648971	-1.247225	-0.988653	0.011158	0.031330	-0.003171	0.163960	-0.033212	0.985908	0.610074	-0.781970	-0.127800	0.775194	0.622431	-0.107950
07682	9.699000	-1.249134	-0.962707	0.018375	0.034672	-0.003652	0.163699	-0.033393	0.985945	0.610177	-0.781891	-0.127791	0.775169	0.622521	-0.107619
07683	9.679361	-1.233141	-0.992611	0.026648	0.037215	-0.002264	0.163459	-0.033628	0.985977	0.610395	-0.781710	-0.127855	0.775048	0.622735	-0.107251
07684	9.688643	-1.201133	-0.979036	0.026144	0.034217	-0.005475	0.163214	-0.033805	0.986011	0.610608	-0.781542	-0.127868	0.774932	0.622936	-0.106917
07685	9.660125	-1.216973	-1.019158	0.014396	0.030100	-0.001771	0.163032	-0.034000	0.986035	0.610730	-0.781437	-0.127924	0.774874	0.623057	-0.106635
07686	9.623124	-1.173768	-1.062495	0.000909	0.022160	-0.000797	0.162842	-0.034164	0.986061	0.610778	-0.781398	-0.127939	0.774876	0.623098	-0.106378
07687	9.597930	-1.180417	-1.137583	-0.012028	0.010428	-0.001152	0.162817	-0.034241	0.986062	0.610694	-0.781458	-0.127973	0.774948	0.623018	-0.106323
07688	9.624967	-1.177564	-1.169700	-0.025624	0.002031	-0.002026	0.162835	-0.034250	0.986059	0.610532	-0.781585	-0.127969	0.775072	0.622858	-0.106359
07689	9.645749	-1.195051	-1.191031	-0.034467	-0.004680	-0.002441	0.162919	-0.034223	0.986046	0.610276	-0.781785	-0.127966	0.775255	0.622608	-0.106482
07690	9.616069	-1.208114	-1.181105	-0.035257	-0.009759	-0.005155	0.163062	-0.034155	0.986024	0.610110	-0.781912	-0.127981	0.775356	0.622452	-0.106662
07691	9.665623	-1.209356	-1.159954	-0.043308	-0.011395	-0.002866	0.163196	-0.034083	0.986005	0.609787	-0.782167	-0.127964	0.775582	0.622136	-0.106863
07692	9.665565	-1.208293	-1.161537	-0.045523	-0.010258	-0.008466	0.163339	-0.033971	0.985985	0.609534	-0.782369	-0.127931	0.775750	0.621888	-0.107085
07693	9.649740	-1.257433	-1.106760	-0.043234	-0.010230	-0.007071	0.163438	-0.033873	0.985972	0.609218	-0.782625	-0.127873	0.775978	0.621571	-0.107274
07694	9.655869	-1.235961	-1.119696	-0.028214	-0.008048	-0.003306	0.163486	-0.033844	0.985965	0.609130	-0.782694	-0.127869	0.776037	0.621486	-0.107344
07695	9.637290	-1.297316	-1.086083	-0.019464	-0.010465	0.000951	0.163636	-0.033808	0.985941	0.608986	-0.782799	-0.127915	0.776118	0.621356	-0.107505
07696	9.692999	-1.278662	-1.076141	-0.012359	-0.007573	-0.001364	0.163742	-0.033763	0.985925	0.608923	-0.782844	-0.127938	0.776145	0.621301	-0.107625
07697	9.666750	-1.283107	-1.099010	-0.002200	-0.007533	0.000089	0.163863	-0.033738	0.985906	0.608914	-0.782842	-0.127994	0.776127	0.621305	-0.107735
07698	9.669390	-1.271814	-1.078144	0.008136	-0.005864	-0.000798	0.164021	-0.033743	0.985880	0.609191	-0.782603	-0.128137	0.775876	0.621606	-0.107807
07699	9.698956	-1.258021	-1.089633	0.012600	-0.006259	0.000161	0.164133	-0.033727	0.985861	0.609297	-0.782508	-0.128210	0.775769	0.621726	-0.107886
07700	9.686998	-1.208317	-1.059289	0.008246	-0.005409	0.001050	0.164227	-0.033737	0.985846	0.609478	-0.782352	-0.128303	0.775607	0.621922	-0.107922
07701	9.640720	-1.196988	-1.115569	0.002155	-0.008382	-0.000800	0.164350	-0.033700	0.985826	0.609505	-0.782323	-0.128355	0.775560	0.621961	-0.108034
07702	9.669540	-1.181040	-1.072791	0.001209	-0.007129	-0.000823	0.164498	-0.033656	0.985803	0.609573	-0.782258	-0.128424	0.775475	0.622044	-0.108165
07703	9.640601	-1.196856	-1.116736	-0.006927	-0.001264	-0.000024	0.164571	-0.033669	0.985790	0.609528	-0.782285	-0.128475	0.775495	0.622010	-0.108219
07704	9.666733	-1.192331	-1.095082	-0.009567	-0.004550	0.003250	0.164729	-0.033671	0.985764	0.609509	-0.782284	-0.128574	0.775476	0.622012	-0.108342
07705	9.681246	-1.231113	-1.104897	-0.010513	-0.003296	0.003227	0.164837	-0.033697	0.985745	0.609431	-0.782331	-0.128653	0.775514	0.621950	-0.108421
07706	9.683896	-1.220003	-1.083822	-0.009281	-0.002467	0.002759	0.164929	-0.033707	0.985729	0.609365	-0.782373	-0.128710	0.775547	0.621897	-0.108496
07707	9.653489	-1.232070	-1.018567	-0.013635	-0.001618	0.003648	0.165026	-0.033747	0.985712	0.609262	-0.782440	-0.128790	0.775607	0.621811	-0.108562
07708	9.668036	-1.270691	-1.028260	-0.016031	-0.002103	0.000395	0.165130	-0.033736	0.985695	0.609164	-0.782510	-0.128833	0.775662	0.621724	-0.108665
07709	9.644510	-1.263994	-1.029339	-0.019616	-0.004137	0.003643	0.165247	-0.033761	0.985674	0.609015	-0.782614	-0.128906	0.775754	0.621591	-0.108764
07710	9.659026	-1.302612	-1.039307	-0.018494	-0.003763	0.001326	0.165418	-0.033727	0.985647	0.608867	-0.782718	-0.128967	0.775833	0.621462	-0.108940
07711	9.663106	-1.295161	-1.127665	-0.007895	-0.007968	-0.000409	0.165540	-0.033696	0.985627	0.608816	-0.782751	-0.129013	0.775848	0.621422	-0.109062
07712	9.662331	-1.293189	-1.073693	-0.003695	-0.002488	0.001400	0.165644	-0.033701	0.985610	0.608844	-0.782717	-0.129087	0.775804	0.621465	-0.109134
07713	9.689199	-1.290729	-1.106331	-0.002067	0.000878	0.002294	0.165714	-0.033746	0.985596	0.608833	-0.782712	-0.129166	0.775797	0.621468	-0.109161
07714	9.660029	-1.213854	-1.087299	0.010841	0.004661	0.002324	0.165750	-0.033790	0.985589	0.608892	-0.782655	-0.129232	0.775743	0.621537	-0.109151
07715	9.647741	-1.255356	-1.063497	0.012073	0.005490	0.001857	0.165782	-0.033860	0.985581	0.608992	-0.782563	-0.129322	0.775658	0.621650	-0.109114
07716	9.651207	-1.246361	-1.095940	0.013018	0.004236	0.001878	0.165874	-0.033898	0.985564	0.609138	-0.782431	-0.129432	0.775523	0.621814	-0.109137
07717	9.671262	-1.262770	-1.061621	0.013414	0.006773	0.003237	0.165905	-0.033987	0.985556	0.609246	-0.782330	-0.129537	0.775432	0.621937	-0.109086
07718	9.656748	-1.224448	-1.051347	0.010359	0.009626	-0.000528	0.165888	-0.034028	0.985557	0.609261	-0.782314	-0.129561	0.775424	0.621954	-0.109044
07719	9.680302	-1.231270	-1.049856	0.023245	0.005448	-0.000859	0.165904	-0.034077	0.985553	0.609452	-0.782153	-0.129636	0.775271	0.622154	-0.108994
07720	9.671461	-1.263625	-1.058792	0.029270	0.007246	0.005176	0.166024	-0.034150	0.985530	0.609712	-0.781922	-0.129808	0.775040	0.622440	-0.108996
07721	9.671472	-1.264435	-1.057721	0.029271	0.007245	0.005173	0.166063	-0.034257	0.985520	0.609939	-0.781721	-0.129950	0.774853	0.622687	-0.108920
07722	9.653441	-1.235937	-1.014330	0.028040	0.006415	0.005637	0.166084	-0.034341	0.985513	0.610110	-0.781570	-0.130054	0.774714	0.622871	-0.108854
07723	9.663040	-1.206979	-1.058213	0.026522	0.003502	0.006593	0.166161	-0.034436	0.985497	0.610313	-0.781386	-0.130206	0.774538	0.623097	-0.108819
07724	9.691917	-1.192012	-1.013781	0.028438	0.008951	0.006987	0.166120	-0.034565	0.985500	0.610511	-0.781214	-0.130310	0.774390	0.623306	-0.108673
07725	9.665732	-1.197686	-1.034637	0.027316	0.008577	0.009300	0.166174	-0.034712	0.985485	0.610716	-0.781024	-0.130490	0.774217	0.623536	-0.108586
07726	9.677339	-1.155538	-1.002065	0.026549	0.011457	0.006934	0.166120	-0.034860	0.985489	0.610925	-0.780841	-0.130602	0.774064	0.623756	-0.108417
07727	9.664256	-1.195559	-0.922689	0.022592	0.014847	0.009176	0.166124	-0.035045	0.985482	0.611094	-0.780681	-0.130775	0.773930	0.623947	-0.108274
07728	9.685026	-1.214676	-0.942010	0.018786	0.011906	0.008733	0.166180	-0.035200	0.985467	0.611321	-0.780471	-0.130965	0.773738	0.624201	-0.108181
07729	9.665010	-1.199864	-0.974602	0.011391	0.006939	0.011545	0.166260	-0.035354	0.985448	0.611399	-0.780379	-0.131149	0.773659	0.624307	-0.108131
07730	9.578008	-1.155881	-1.042756	0.003707	-0.000109	0.014851	0.166374	-0.035487	0.985424	0.611443	-0.780313	-0.131333	0.773600	0.624381	-0.108125
07731	9.634384	-1.140859	-1.086892	-0.005933	-0.011893	0.011730	0.166600	-0.035525	0.985384	0.611387	-0.780329	-0.131501	0.773596	0.624359	-0.108284
07732	9.622447	-1.185182	-1.119762	-0.015904	-0.018970	0.013632	0.166778	-0.035531	0.985354	0.611186	-0.780472	-0.131591	0.773717	0.624181	-0.108449
07733	9.540728	-1.211446	-1.209994	-0.032146	-0.030642	0.016027	0.167175	-0.035486	0.985288	0.610919	-0.780650	-0.131772	0.773841	0.623960	-0.108826
07734	9.593846	-1.207817	-1.279318	-0.031612	-0.051068	0.020021	0.167890	-0.035308	0.985173	0.610747	-0.780735	-0.132062	0.773822	0.623863	-0.109513
07735	9.619202	-1.204227	-1.262720	-0.032270	-0.053808	0.008923	0.168424	-0.035063	0.985091	0.610491	-0.780917	-0.132173	0.773908	0.623650	-0.110119
07736	9.559724	-1.234594	-1.300980	-0.029786	-0.060833	0.013648	0.169041	-0.034797	0.984994	0.610302	-0.781038	-0.132330	0.773923	0.623514	-0.110791
07737	9.567668	-1.203481	-1.297849	-0.032497	-0.071365	0.010513	0.169721	-0.034456	0.984890	0.610042	-0.781220	-0.132456	0.773979	0.623305	-0.111570
07738	9.578314	-1.160928	-1.274172	-0.040280	-0.078880	0.011937	0.170497	-0.034069	0.984769	0.609859	-0.781335	-0.132618	0.773953	0.623181	-0.112438
07739	9.602866	-1.154845	-1.206044	-0.048000	-0.085223	0.009170	0.171275	-0.033630	0.984649	0.609481	-0.781614	-0.132712	0.774079	0.622855	-0.113374
07740	9.651469	-1.157392	-1.192397	-0.047990	-0.085235	0.009133	0.172060	-0.033155	0.984528	0.609038	-0.781949	-0.132771	0.774253	0.622460	-0.114349
07741	9.635155	-1.210157	-1.199695	-0.045433	-0.091098	0.009635	0.172887	-0.032685	0.984399	0.608679	-0.782212	-0.132872	0.774351	0.622155	-0.115340
07742	9.686175	-1.199632	-1.110879	-0.038238	-0.095732	0.008746	0.173725	-0.032160	0.984269	0.608395	-0.782420	-0.132947	0.774387	0.621920	-0.116360
07743	9.664770	-1.184030	-1.154125	-0.053738	-0.094843	0.012347	0.174597	-0.031688	0.984130	0.607966	-0.782733	-0.133065	0.774528	0.621550	-0.117398
07744	9.656340	-1.294365	-1.105721	-0.055241	-0.097773	0.013250	0.175462	-0.031191	0.983992	0.607550	-0.783040	-0.133157	0.774659	0.621188	-0.118444
07745	9.677723	-1.392957	-1.123603	-0.038168	-0.104469	0.014236	0.176421	-0.030675	0.983837	0.607238	-0.783256	-0.133310	0.774685	0.620942	-0.119556
07746	9.716997	-1.426506	-1.066828	-0.024039	-0.093098	0.018300	0.177321	-0.030231	0.983689	0.607008	-0.783403	-0.133496	0.774661	0.620778	-0.120563
07747	9.621962	-1.400919	-1.077070	-0.022112	-0.087655	0.018690	0.178176	-0.029855	0.983546	0.606812	-0.783518	-0.133711	0.774618	0.620651	-0.121488
07748	9.615389	-1.330431	-1.011766	-0.016571	-0.088873	0.021454	0.178964	-0.029495	0.983413	0.606680	-0.783587	-0.133907	0.774540	0.620582	-0.122340
07749	9.664222	-1.336204	-1.052936	-0.019477	-0.084379	0.015370	0.179773	-0.029113	0.983277	0.606510	-0.783687	-0.134092	0.774485	0.620474	-0.123228
07750	9.674428	-1.385595	-1.037637	-0.015256	-0.078910	0.017162	0.180592	-0.028761	0.983138	0.606532	-0.783628	-0.134338	0.774277	0.620565	-0.124072
07751	9.659000	-1.350555	-1.090096	-0.005499	-0.074649	0.021745	0.181364	-0.028490	0.983003	0.606459	-0.783638	-0.134603	0.774154	0.620564	-0.124846
07752	9.675333	-1.379817	-1.085207	-0.002310	-0.067184	0.017515	0.182166	-0.028178	0.982864	0.606418	-0.783626	-0.134861	0.773998	0.620594	-0.125662
07753	9.636514	-1.337921	-1.136647	-0.001897	-0.064651	0.018872	0.182843	-0.027946	0.982745	0.606378	-0.783615	-0.135102	0.773870	0.620617	-0.126333
07754	9.652733	-1.368928	-1.185746	-0.003121	-0.065487	0.019322	0.183579	-0.027684	0.982615	0.606399	-0.783553	-0.135368	0.773679	0.620708	-0.127056
07755	9.657597	-1.351766	-1.258131	0.006013	-0.063480	0.014661	0.184222	-0.027426	0.982502	0.606428	-0.783495	-0.135578	0.773503	0.620793	-0.127705
07756	9.682155	-1.440109	-1.250377	0.013195	-0.061331	0.018328	0.184895	-0.027177	0.982383	0.606412	-0.783467	-0.135807	0.773355	0.620839	-0.128379
07757	9.625086	-1.459934	-1.266035	0.020027	-0.059348	0.012279	0.185491	-0.026925	0.982277	0.606553	-0.783323	-0.136012	0.773102	0.621032	-0.128968
07758	9.639357	-1.409500	-1.273211	0.030428	-0.059622	0.021498	0.186061	-0.026754	0.982174	0.606814	-0.783073	-0.136285	0.772760	0.621354	-0.129465
07759	9.630531	-1.350584	-1.225780	0.037129	-0.058093	0.013593	0.186655	-0.026521	0.982067	0.607084	-0.782822	-0.136525	0.772404	0.621681	-0.130018
07760	9.599802	-1.367906	-1.273810	0.042704	-0.058130	0.012171	0.187283	-0.026256	0.981955	0.607560	-0.782405	-0.136797	0.771878	0.622217	-0.130579
07761	9.640821	-1.312885	-1.259308	0.042426	-0.060226	0.012624	0.187888	-0.026001	0.981846	0.607873	-0.782120	-0.137036	0.771485	0.622585	-0.131145
07762	9.643116	-1.303560	-1.243035	0.046090	-0.058930	0.015359	0.188552	-0.025746	0.981726	0.608284	-0.781749	-0.137330	0.770998	0.623062	-0.131739
07763	9.689098	-1.319245	-1.247721	0.046943	-0.052671	0.013918	0.189106	-0.025547	0.981624	0.608629	-0.781435	-0.137587	0.770591	0.623463	-0.132225
07764	9.594496	-1.293990	-1.252334	0.041640	-0.051737	0.019007	0.189670	-0.025382	0.981520	0.608909	-0.781167	-0.137867	0.770230	0.623806	-0.132709
07765	9.623615	-1.280422	-1.213841	0.032847	-0.049287	0.014860	0.190203	-0.025211	0.981421	0.609143	-0.780941	-0.138115	0.769914	0.624096	-0.133180
07766	9.648986	-1.280001	-1.251190	0.032170	-0.047124	0.018539	0.190701	-0.025078	0.981328	0.609365	-0.780723	-0.138369	0.769615	0.624374	-0.133603
07767	9.610581	-1.236734	-1.245852	0.022925	-0.049575	0.021364	0.191275	-0.024956	0.981219	0.609509	-0.780557	-0.138668	0.769358	0.624586	-0.134090
07768	9.606341	-1.250379	-1.272074	0.009866	-0.054963	0.023764	0.191926	-0.024797	0.981096	0.609586	-0.780442	-0.138975	0.769135	0.624736	-0.134671
07769	9.636825	-1.231422	-1.377305	-0.012015	-0.064693	0.017455	0.192593	-0.024550	0.980972	0.609469	-0.780496	-0.139189	0.769061	0.624679	-0.135355
07770	9.694002	-1.294611	-1.360072	-0.013617	-0.060088	0.016968	0.193205	-0.024316	0.980857	0.609429	-0.780491	-0.139391	0.768940	0.624694	-0.135976
07771	9.604001	-1.338897	-1.385098	-0.010069	-0.058063	0.013686	0.193798	-0.024080	0.980746	0.609334	-0.780534	-0.139570	0.768866	0.624650	-0.136593
07772	9.602994	-1.340242	-1.390770	-0.007624	-0.057594	0.016889	0.194337	-0.023877	0.980644	0.609284	-0.780540	-0.139748	0.768769	0.624650	-0.137140
07773	9.566512	-1.376105	-1.372839	0.000106	-0.059254	0.019135	0.194972	-0.023677	0.980523	0.609257	-0.780517	-0.139995	0.768630	0.624685	-0.137754
07774	9.612310	-1.391741	-1.378422	0.006375	-0.054666	0.018598	0.195556	-0.023487	0.980411	0.609318	-0.780427	-0.140233	0.768433	0.624806	-0.138306
07775	9.619277	-1.452987	-1.381641	0.021560	-0.058893	0.019400	0.196189	-0.023291	0.980289	0.609455	-0.780270	-0.140511	0.768163	0.625009	-0.138886
07776	9.668489	-1.457920	-1.365243	0.030033	-0.047937	0.022983	0.196719	-0.023186	0.980186	0.609679	-0.780041	-0.140811	0.767850	0.625299	-0.139313
07777	9.728193	-1.429474	-1.283065	0.064059	-0.030410	0.022626	0.197153	-0.023192	0.980098	0.610135	-0.779617	-0.141181	0.767376	0.625827	-0.139554
07778	9.790002	-1.397192	-1.089392	0.089033	-0.005707	0.023227	0.197400	-0.023338	0.980045	0.610872	-0.778966	-0.141591	0.766726	0.626632	-0.139512
07779	9.878393	-1.449688	-0.823812	0.139468	0.030713	0.026738	0.197391	-0.023759	0.980037	0.611897	-0.778067	-0.142106	0.765911	0.627732	-0.139045
07780	9.923422	-1.477384	-0.531890	0.188881	0.073538	0.037049	0.197181	-0.024488	0.980061	0.613474	-0.776691	-0.142833	0.764702	0.629406	-0.138126
07781	9.925691	-1.388794	-0.458115	0.223775	0.111567	0.038144	0.196625	-0.025507	0.980147	0.615118	-0.775253	-0.143573	0.763524	0.631136	-0.136745
07782	9.940871	-1.171135	-0.453454	0.231931	0.125539	0.048794	0.195912	-0.026724	0.980257	0.616781	-0.773783	-0.144364	0.762364	0.632887	-0.135111
07783	9.833953	-1.108183	-0.374164	0.218202	0.136646	0.057816	0.195291	-0.028057	0.980344	0.618340	-0.772366	-0.145282	0.761260	0.634558	-0.133488
07784	9.741251	-1.169851	-0.397949	0.186784	0.148079	0.075334	0.194523	-0.029652	0.980450	0.619492	-0.771262	-0.146234	0.760520	0.635826	-0.131659
07785	9.790354	-1.354645	-0.404846	0.173060	0.164898	0.093047	0.193909	-0.031438	0.980516	0.620636	-0.770114	-0.147430	0.759744	0.637131	-0.129820
07786	9.642888	-1.513993	-0.365399	0.168901	0.186191	0.107316	0.193207	-0.033485	0.980587	0.621552	-0.769125	-0.148729	0.759173	0.638221	-0.127787
07787	9.565484	-1.524606	-0.333302	0.167891	0.191426	0.118033	0.192551	-0.035634	0.980640	0.622607	-0.767993	-0.150157	0.758475	0.639466	-0.125691
07788	9.578217	-1.413898	-0.494468	0.158716	0.190111	0.116477	0.191915	-0.037755	0.980685	0.623703	-0.766824	-0.151577	0.757736	0.640746	-0.123617
07789	9.623291	-1.209309	-0.825232	0.132873	0.202748	0.128202	0.191242	-0.040057	0.980725	0.624473	-0.765903	-0.153055	0.757271	0.641707	-0.121458
07790	9.557738	-1.047722	-1.284458	0.116997	0.209848	0.124711	0.190454	-0.042409	0.980780	0.624904	-0.765274	-0.154438	0.757114	0.642307	-0.119248
07791	9.449482	-1.028307	-1.659570	0.106996	0.201662	0.130683	0.189807	-0.044724	0.980802	0.625474	-0.764510	-0.155904	0.756806	0.643058	-0.117136
07792	9.316330	-1.086889	-1.933951	0.099206	0.172345	0.130684	0.189367	-0.046858	0.980788	0.625942	-0.763831	-0.157347	0.756529	0.643713	-0.115315
07793	9.346818	-1.200041	-2.262248	0.110798	0.135515	0.139059	0.189276	-0.048811	0.980710	0.626526	-0.763032	-0.158896	0.756069	0.644516	-0.113842
07794	9.319098	-1.242678	-2.456679	0.145114	0.086442	0.140263	0.189403	-0.050486	0.980601	0.627329	-0.762056	-0.160403	0.755370	0.645540	-0.112664
07795	9.252553	-1.233325	-2.539504	0.180845	0.017271	0.143373	0.190235	-0.051708	0.980376	0.628431	-0.760794	-0.162069	0.754245	0.646930	-0.112234
07796	9.356462	-1.237020	-2.505903	0.201681	-0.045476	0.145071	0.191429	-0.052540	0.980099	0.629703	-0.759392	-0.163700	0.752880	0.648509	-0.112285
07797	9.428227	-1.243176	-2.301926	0.224998	-0.085958	0.151186	0.193090	-0.053147	0.979741	0.631114	-0.757831	-0.165492	0.751273	0.650282	-0.112788
07798	9.432985	-1.294751	-2.065098	0.251748	-0.111177	0.153114	0.194911	-0.053581	0.979356	0.632733	-0.756084	-0.167292	0.749439	0.652278	-0.113467
07799	9.490838	-1.178279	-1.820176	0.265151	-0.128183	0.156723	0.196925	-0.053945	0.978933	0.634419	-0.754247	-0.169185	0.747485	0.654370	-0.114306
07800	9.462820	-1.082347	-1.466092	0.256816	-0.132946	0.163440	0.199039	-0.054283	0.978487	0.636057	-0.752427	-0.171126	0.745530	0.656435	-0.115235
07801	9.442389	-1.052346	-1.217922	0.212300	-0.149794	0.162851	0.201253	-0.054540	0.978020	0.637321	-0.750923	-0.173021	0.743854	0.658133	-0.116366
07802	9.512605	-0.979463	-0.953119	0.176875	-0.159573	0.164316	0.203582	-0.054697	0.977529	0.638320	-0.749643	-0.174883	0.742363	0.659579	-0.117700
07803	9.536787	-0.974208	-0.727719	0.129469	-0.159687	0.168997	0.205908	-0.054926	0.977029	0.638942	-0.748675	-0.176745	0.741185	0.660658	-0.119063
07804	9.487754	-0.971524	-0.689357	0.063726	-0.174821	0.174121	0.208443	-0.055040	0.976484	0.639083	-0.748117	-0.178589	0.740354	0.661280	-0.120765
07805	9.381032	-1.068572	-0.698503	0.002383	-0.182282	0.172607	0.210957	-0.055143	0.975939	0.638746	-0.747986	-0.180334	0.739933	0.661420	-0.122571
07806	9.270772	-1.172602	-0.675142	-0.041182	-0.193282	0.176806	0.213572	-0.055169	0.975368	0.638059	-0.748161	-0.182031	0.739775	0.661219	-0.124585
07807	9.273857	-1.402941	-0.742302	-0.079297	-0.204949	0.177703	0.216283	-0.055162	0.974771	0.637098	-0.748567	-0.183721	0.739816	0.660760	-0.126759
07808	9.318933	-1.741166	-0.955977	-0.075836	-0.212268	0.177990	0.218981	-0.055047	0.974175	0.636333	-0.748816	-0.185352	0.739681	0.660488	-0.128949
07809	9.327682	-1.878345	-1.252167	-0.045698	-0.216133	0.178004	0.221774	-0.054970	0.973548	0.635610	-0.748999	-0.187083	0.739470	0.660287	-0.131169
07810	9.230333	-1.784206	-1.291174	0.031235	-0.224438	0.173771	0.224578	-0.054775	0.972915	0.635442	-0.748703	-0.188831	0.738768	0.660639	-0.133336
07811	9.252284	-1.641394	-1.237213	0.085224	-0.232770	0.164094	0.227401	-0.054482	0.972276	0.635708	-0.748029	-0.190599	0.737675	0.661426	-0.135469
07812	9.422212	-1.674621	-1.425308	0.094448	-0.256368	0.150429	0.230232	-0.053928	0.971640	0.635931	-0.747438	-0.192169	0.736604	0.662139	-0.137790
07813	9.537532	-2.011517	-1.458032	0.104141	-0.281885	0.154470	0.233351	-0.053231	0.970935	0.636346	-0.746645	-0.193871	0.735263	0.663090	-0.140357
07814	9.636243	-2.467648	-1.448582	0.142169	-0.293726	0.155421	0.236433	-0.052481	0.970230	0.636825	-0.745803	-0.195528	0.733862	0.664096	-0.142911
07815	9.675263	-2.795696	-1.272931	0.193503	-0.316366	0.162379	0.239847	-0.051604	0.969438	0.637863	-0.744412	-0.197439	0.731850	0.665723	-0.145629
07816	9.734189	-2.991504	-1.208065	0.243351	-0.333348	0.164477	0.243322	-0.050684	0.968620	0.638917	-0.742990	-0.199376	0.729781	0.667380	-0.148403
07817	9.726457	-2.936500	-1.075046	0.288377	-0.338514	0.165344	0.246907	-0.049664	0.967766	0.640617	-0.740960	-0.201466	0.727081	0.669710	-0.151133
07818	9.609479	-2.827753	-0.919489	0.315032	-0.329074	0.158717	0.250292	-0.048588	0.966950	0.642645	-0.738654	-0.203463	0.724128	0.672331	-0.153655
07819	9.576896	-2.632853	-0.686556	0.311933	-0.313518	0.151797	0.253596	-0.047612	0.966138	0.644521	-0.736461	-0.205470	0.721305	0.674803	-0.156077
07820	9.547417	-2.436946	-0.365369	0.273431	-0.290363	0.142326	0.256525	-0.046734	0.965407	0.646023	-0.734652	-0.207223	0.718923	0.676833	-0.158265
07821	9.549528	-2.226069	-0.146651	0.205117	-0.282968	0.139414	0.259518	-0.045856	0.964649	0.647140	-0.733178	-0.208951	0.716841	0.678489	-0.160598
07822	9.679886	-2.095072	0.060830	0.129503	-0.275840	0.131255	0.262390	-0.044983	0.963913	0.647644	-0.732297	-0.210472	0.715338	0.679498	-0.163014
07823	9.689375	-1.868486	0.208027	0.036572	-0.272930	0.133377	0.265265	-0.044120	0.963166	0.647557	-0.731970	-0.211873	0.714356	0.679907	-0.165596
07824	9.500374	-1.836057	0.375096	-0.071025	-0.267398	0.131865	0.267967	-0.043266	0.962456	0.646760	-0.732349	-0.212993	0.714069	0.679554	-0.168263
07825	9.367501	-1.851227	0.322363	-0.188483	-0.278819	0.129051	0.270852	-0.042334	0.961690	0.645070	-0.733554	-0.213971	0.714510	0.678311	-0.171376
07826	9.283361	-2.006209	0.134158	-0.304718	-0.308363	0.139050	0.273843	-0.041369	0.960884	0.642315	-0.735746	-0.214730	0.715850	0.675993	-0.174907
07827	9.277889	-2.210202	-0.224554	-0.361853	-0.337101	0.140070	0.277216	-0.040142	0.959969	0.639339	-0.738112	-0.215491	0.717215	0.673483	-0.178952
07828	9.403454	-2.266240	-0.533374	-0.361456	-0.344049	0.124760	0.280448	-0.038809	0.959084	0.636346	-0.740534	-0.216041	0.718619	0.670898	-0.182986
07829	9.441023	-2.208897	-0.770122	-0.373824	-0.341294	0.115464	0.283695	-0.037396	0.958185	0.633334	-0.742974	-0.216512	0.720004	0.668274	-0.187094
07830	9.313139	-2.118439	-0.864389	-0.390409	-0.343943	0.092892	0.286689	-0.035957	0.957349	0.629961	-0.745794	-0.216660	0.721775	0.665206	-0.191159
07831	9.229574	-2.113666	-0.976596	-0.416091	-0.355710	0.076688	0.289799	-0.034186	0.956477	0.626735	-0.748511	-0.216645	0.723339	0.662241	-0.195492
07832	9.260836	-2.197073	-1.214861	-0.435172	-0.392994	0.055020	0.292990	-0.032030	0.955579	0.623471	-0.751318	-0.216345	0.724873	0.659163	-0.200159
07833	9.526859	-2.214984	-1.385045	-0.441443	-0.427545	0.030563	0.296340	-0.029466	0.954628	0.620179	-0.754194	-0.215799	0.726333	0.655990	-0.205224
07834	9.727480	-2.216510	-1.432408	-0.411433	-0.419649	0.012703	0.299403	-0.026920	0.953747	0.617027	-0.756984	-0.215065	0.727761	0.652878	-0.210033
07835	9.615498	-2.249156	-1.313777	-0.373915	-0.397310	0.001910	0.302366	-0.024364	0.952880	0.614299	-0.759403	-0.214345	0.728843	0.650164	-0.214651
07836	9.433988	-2.134568	-1.138721	-0.349416	-0.380952	-0.001680	0.305120	-0.021904	0.952062	0.611822	-0.761609	-0.213601	0.729778	0.647666	-0.218981
07837	9.277487	-2.005004	-1.063429	-0.369009	-0.386851	0.002513	0.308018	-0.019442	0.951182	0.609120	-0.763977	-0.212865	0.730820	0.644950	-0.223476
07838	9.324702	-2.023856	-1.024040	-0.409203	-0.395343	0.009619	0.310902	-0.017095	0.950288	0.605962	-0.766713	-0.212043	0.732223	0.641763	-0.228014
07839	9.405282	-2.056579	-1.132617	-0.439514	-0.397405	0.000785	0.313877	-0.014577	0.949352	0.602739	-0.769510	-0.211094	0.733613	0.638468	-0.232745
07840	9.467136	-2.156171	-1.171338	-0.462052	-0.395495	-0.005341	0.316687	-0.012104	0.948453	0.599314	-0.772487	-0.209968	0.735209	0.634915	-0.237383
07841	9.472102	-2.171943	-1.296611	-0.473002	-0.403729	-0.003962	0.319691	-0.009537	0.947474	0.595845	-0.775467	-0.208853	0.736726	0.631316	-0.242227
07842	9.484812	-2.105035	-1.383539	-0.484204	-0.420118	-0.003393	0.322692	-0.006885	0.946479	0.592387	-0.778439	-0.207631	0.738206	0.627682	-0.247117
07843	9.631415	-1.957466	-1.470015	-0.505790	-0.433298	-0.009887	0.325891	-0.004118	0.945398	0.588681	-0.781590	-0.206330	0.739763	0.623779	-0.252289
07844	9.749712	-1.829188	-1.508514	-0.533340	-0.424175	-0.021538	0.328885	-0.001346	0.944369	0.584881	-0.784836	-0.204808	0.741451	0.619701	-0.257334
07845	9.717648	-1.760070	-1.523543	-0.571039	-0.407410	-0.023187	0.331830	0.001331	0.943338	0.580718	-0.788348	-0.203162	0.743408	0.615228	-0.262371
07846	9.643636	-1.723757	-1.563575	-0.586741	-0.403821	-0.022388	0.334593	0.003857	0.942355	0.576334	-0.792010	-0.201392	0.745578	0.610496	-0.267224
07847	9.743208	-1.524499	-1.541936	-0.600806	-0.405903	-0.029290	0.337510	0.006536	0.941299	0.571947	-0.795648	-0.199551	0.747639	0.605724	-0.272277
07848	9.754536	-1.360056	-1.670918	-0.631204	-0.399824	-0.032049	0.340169	0.009371	0.940318	0.567808	-0.799130	-0.197446	0.749586	0.601085	-0.277160
07849	9.808999	-1.381229	-1.751220	-0.647703	-0.416532	-0.030902	0.343175	0.012089	0.939194	0.563052	-0.802989	-0.195400	0.751800	0.595871	-0.282373
07850	9.905363	-1.250163	-1.750946	-0.673524	-0.428364	-0.029500	0.346173	0.014709	0.938055	0.557944	-0.807065	-0.193245	0.754230	0.590279	-0.287591
07851	10.064879	-1.254861	-1.707824	-0.711356	-0.419244	-0.042341	0.349159	0.017490	0.936900	0.552717	-0.811224	-0.190840	0.756698	0.584474	-0.292913
07852	10.159303	-1.299235	-1.511570	-0.758532	-0.410503	-0.048436	0.351932	0.020390	0.935804	0.547512	-0.815374	-0.188139	0.759193	0.578576	-0.298120
07853	10.325427	-1.363714	-1.473768	-0.798767	-0.406054	-0.048717	0.354808	0.023100	0.934654	0.541608	-0.819945	-0.185337	0.762084	0.571975	-0.303435
07854	10.182325	-1.386337	-1.346802	-0.852337	-0.375798	-0.043374	0.357245	0.025659	0.933658	0.535555	-0.824599	-0.182257	0.765216	0.565136	-0.308326
07855	9.941825	-1.468750	-1.213937	-0.880837	-0.371338	-0.049811	0.359880	0.028131	0.932574	0.528979	-0.829518	-0.179110	0.768549	0.557771	-0.313408
07856	9.819633	-1.444101	-1.085533	-0.894290	-0.373338	-0.054756	0.362262	0.030585	0.931574	0.522361	-0.834420	-0.175735	0.771949	0.550280	-0.318256
07857	9.867565	-1.400229	-0.942767	-0.908925	-0.378044	-0.057321	0.364941	0.033105	0.930442	0.515538	-0.839356	-0.172342	0.775267	0.542573	-0.323382
07858	9.908911	-1.320369	-0.895641	-0.937835	-0.366392	-0.066527	0.367306	0.035698	0.929415	0.508796	-0.844206	-0.168651	0.778597	0.534829	-0.328245
07859	9.830210	-1.338248	-0.763653	-0.958764	-0.349108	-0.080646	0.369674	0.038207	0.928376	0.501612	-0.849253	-0.164788	0.782130	0.526602	-0.333112
07860	9.806019	-1.364649	-0.618886	-0.975065	-0.324705	-0.100552	0.371559	0.040932	0.927507	0.494855	-0.854016	-0.160549	0.785533	0.518635	-0.337572
07861	9.903516	-1.425629	-0.366337	-0.987338	-0.301551	-0.129483	0.373346	0.043565	0.926669	0.487564	-0.859028	-0.156050	0.789236	0.510071	-0.341956
07862	9.919382	-1.563161	-0.137784	-0.997571	-0.270506	-0.151460	0.374565	0.046458	0.926036	0.480856	-0.863670	-0.151169	0.792766	0.501913	-0.345840
07863	9.811959	-1.695210	0.106653	-1.013603	-0.247967	-0.181180	0.375720	0.049232	0.925424	0.473483	-0.868615	-0.146023	0.796648	0.493036	-0.349667
07864	9.819355	-1.786696	0.320232	-1.024506	-0.242710	-0.198168	0.376497	0.051986	0.924958	0.466030	-0.873526	-0.140598	0.800666	0.483993	-0.353107
07865	9.936292	-1.858640	0.512247	-1.033591	-0.226253	-0.220041	0.377344	0.054969	0.924440	0.458566	-0.878354	-0.134952	0.804568	0.474840	-0.356648
07866	10.005393	-1.914981	0.988883	-1.040121	-0.205767	-0.242783	0.377687	0.058176	0.924104	0.451557	-0.882871	-0.128974	0.808362	0.465998	-0.359718
07867	10.471319	-2.545256	1.521101	-1.080722	-0.191693	-0.263539	0.378107	0.061363	0.923726	0.443798	-0.887688	-0.122690	0.812452	0.456338	-0.362874
07868	11.614450	-3.475982	1.553209	-1.098922	-0.124509	-0.269707	0.377719	0.064724	0.923655	0.436887	-0.891985	-0.116155	0.816369	0.447407	-0.365197
07869	12.399412	-3.625400	1.621106	-0.997697	0.014194	-0.279787	0.376437	0.067132	0.924007	0.429780	-0.896211	-0.109978	0.820722	0.438519	-0.366219
07870	12.539745	-3.301405	2.302499	-0.767266	0.181612	-0.314259	0.373368	0.069178	0.925101	0.425037	-0.899146	-0.104307	0.824585	0.432147	-0.365115
07871	12.823866	-2.563961	3.229708	-0.405830	0.391920	-0.370616	0.368604	0.070794	0.926887	0.423065	-0.900625	-0.099456	0.827736	0.428793	-0.361924
07872	13.009091	-1.254393	3.734640	-0.046698	0.718786	-0.404546	0.360749	0.071429	0.929924	0.424691	-0.900277	-0.095600	0.830360	0.429418	-0.355109
07873	12.423906	0.420028	3.998259	0.066207	1.089599	-0.416684	0.349953	0.070461	0.934113	0.426730	-0.899687	-0.092004	0.833927	0.430811	-0.344916
07874	11.721628	1.575608	3.797345	-0.076554	1.389793	-0.468161	0.336108	0.068311	0.939343	0.427458	-0.899789	-0.087515	0.839232	0.430944	-0.331626
07875	11.895975	1.788129	2.958700	-0.344228	1.642833	-0.484957	0.320240	0.065582	0.945064	0.426158	-0.900935	-0.081886	0.846071	0.428970	-0.316464
07876	12.045669	1.518901	1.699217	-0.642408	1.854696	-0.427612	0.302548	0.061326	0.951159	0.422094	-0.903359	-0.076017	0.854577	0.424477	-0.299195
07877	12.205556	0.482001	0.471810	-0.969758	2.000902	-0.308998	0.284101	0.055673	0.957177	0.414676	-0.907249	-0.070311	0.864483	0.416894	-0.280837
07878	12.644723	-1.397115	-0.776164	-1.203656	2.094223	-0.169361	0.265072	0.048222	0.963022	0.404391	-0.912228	-0.065630	0.875331	0.406834	-0.261307
07879	12.975968	-3.172679	-2.121586	-1.209934	2.207546	-0.022830	0.245586	0.039527	0.968568	0.393808	-0.917071	-0.062427	0.885778	0.396761	-0.240786
07880	12.783222	-4.300920	-3.681437	-1.037426	2.256662	0.107597	0.225811	0.029326	0.973730	0.384034	-0.921281	-0.061312	0.895280	0.387790	-0.219298
07881	11.905556	-4.045988	-5.035524	-0.780906	2.259543	0.170773	0.206186	0.019027	0.978328	0.376658	-0.924315	-0.061405	0.903114	0.381156	-0.197748
07882	11.346978	-3.369248	-5.620091	-0.456033	2.015494	0.190006	0.188538	0.009252	0.982022	0.371821	-0.926187	-0.062660	0.908957	0.376950	-0.178061
07883	11.453787	-2.245817	-5.284517	-0.064992	1.813958	0.164405	0.172672	0.000859	0.984979	0.370949	-0.926430	-0.064221	0.912459	0.376466	-0.160287
07884	11.959745	-1.462219	-4.055638	0.266397	1.785424	0.067401	0.156520	-0.006868	0.987651	0.372943	-0.925537	-0.065540	0.914557	0.378596	-0.142304
07885	12.159464	-0.829222	-3.425200	0.394843	1.872678	0.027968	0.139530	-0.014286	0.990115	0.376534	-0.924021	-0.066395	0.915835	0.382076	-0.123549
07886	10.578337	-0.092401	-3.746309	0.386707	1.828306	0.049079	0.122867	-0.022098	0.992177	0.379696	-0.922640	-0.067569	0.916916	0.385028	-0.104971
07887	10.303841	0.774879	-3.550941	0.100438	1.614692	0.045197	0.108265	-0.028773	0.993706	0.380585	-0.922230	-0.068169	0.918387	0.385570	-0.088895
07888	11.837335	0.438505	-3.357662	-0.140765	1.623336	0.050361	0.093436	-0.035796	0.994982	0.378945	-0.922859	-0.068787	0.920690	0.383471	-0.072664
07889	11.965958	0.032856	-2.896871	-0.237574	1.834187	0.136712	0.077087	-0.044103	0.996049	0.376659	-0.923700	-0.070050	0.923139	0.380570	-0.054593
07890	11.290475	-0.987162	-3.337075	-0.262956	1.838078	0.261234	0.060984	-0.053768	0.996690	0.373775	-0.924662	-0.072752	0.925512	0.376974	-0.036292
07891	10.835831	-1.884166	-3.786027	-0.183995	1.765880	0.357729	0.046003	-0.063748	0.996905	0.371901	-0.925130	-0.076320	0.927132	0.374261	-0.018851
07892	11.038485	-2.404299	-4.144181	0.090550	1.746142	0.411603	0.031250	-0.074357	0.996742	0.372321	-0.924593	-0.080647	0.927578	0.373628	-0.001209
07893	11.089684	-2.140750	-4.034836	0.362024	1.760738	0.450321	0.016653	-0.085151	0.996229	0.375593	-0.922864	-0.085159	0.926635	0.375594	0.016614
07894	10.965868	-2.441107	-4.087427	0.658188	1.810978	0.456911	0.001534	-0.096456	0.995336	0.381392	-0.920046	-0.089748	0.924412	0.379751	0.035376
07895	10.566174	-2.570034	-3.735657	1.032855	1.919883	0.450734	-0.014390	-0.107995	0.994047	0.390972	-0.915609	-0.093814	0.920290	0.387295	0.055399
07896	10.032665	-2.425465	-3.231246	1.294590	1.974367	0.469592	-0.030724	-0.120263	0.992267	0.402719	-0.910080	-0.097832	0.914808	0.396599	0.076394
07897	9.557461	-2.599953	-3.059332	1.571152	2.019942	0.476826	-0.047131	-0.132754	0.990028	0.417247	-0.903137	-0.101239	0.907570	0.408315	0.097957
07898	9.151376	-2.251022	-3.023265	1.872257	2.043386	0.456742	-0.063717	-0.145569	0.987294	0.434182	-0.894812	-0.103912	0.898569	0.422044	0.120218
07899	8.616491	-1.756567	-3.025932	2.121198	2.017741	0.379216	-0.080010	-0.157657	0.984247	0.453427	-0.885097	-0.104915	0.887695	0.437890	0.142303
07900	8.302963	-1.222619	-2.841059	2.294207	1.970344	0.255108	-0.096268	-0.168897	0.980921	0.473670	-0.874529	-0.104092	0.875425	0.454612	0.164191
07901	7.986957	-1.011733	-2.558778	2.338086	1.903668	0.119982	-0.112180	-0.178792	0.977471	0.494136	-0.863471	-0.101230	0.862117	0.471648	0.185212
07902	7.826660	-0.616834	-2.094495	2.202880	1.814467	0.013562	-0.127697	-0.187784	0.973874	0.512816	-0.852975	-0.097230	0.848948	0.487002	0.205221
07903	7.605001	-0.532658	-2.025539	1.987602	1.723644	-0.054234	-0.142456	-0.195870	0.970228	0.529519	-0.843241	-0.092486	0.836251	0.500579	0.223841
07904	7.313982	-0.158583	-1.515328	1.837742	1.616795	-0.077363	-0.156345	-0.203574	0.966496	0.544497	-0.834173	-0.087622	0.824062	0.512555	0.241264
07905	6.959153	0.151012	-1.179853	1.695168	1.484705	-0.098191	-0.168985	-0.210483	0.962882	0.558236	-0.825570	-0.082497	0.812291	0.523575	0.257009
07906	6.969987	0.829928	-0.849020	1.500471	1.294108	-0.096380	-0.180013	-0.216666	0.959506	0.570037	-0.817932	-0.077752	0.801657	0.532957	0.270746
07907	7.101210	1.146174	-0.752001	1.199195	1.101298	-0.108549	-0.189367	-0.221723	0.956545	0.579425	-0.811710	-0.073442	0.792721	0.540339	0.282183
07908	7.166460	1.535133	-0.553466	0.889998	0.907394	-0.130117	-0.197319	-0.225714	0.954001	0.586085	-0.807241	-0.069769	0.785856	0.545359	0.291571
07909	7.118150	1.721788	-0.298708	0.562506	0.759552	-0.160927	-0.204165	-0.228601	0.951871	0.590198	-0.804505	-0.066619	0.781014	0.548191	0.299172
07910	7.007280	1.945078	-0.029191	0.286363	0.649796	-0.184009	-0.210341	-0.230785	0.949997	0.591964	-0.803411	-0.064106	0.778033	0.548880	0.305606
07911	7.037670	2.321930	0.352532	0.008532	0.546980	-0.189091	-0.215662	-0.232295	0.948435	0.591658	-0.803776	-0.062329	0.776808	0.547707	0.310783
07912	7.156706	2.203938	0.703654	-0.311505	0.447655	-0.191319	-0.220284	-0.233283	0.947129	0.588754	-0.805963	-0.061580	0.777717	0.544061	0.314887
07913	7.176446	1.840495	0.968305	-0.526571	0.353044	-0.163788	-0.223944	-0.233904	0.946117	0.584319	-0.809172	-0.061740	0.780013	0.539008	0.317883
07914	7.133031	1.720635	1.077376	-0.662877	0.247790	-0.112374	-0.226537	-0.234384	0.945381	0.578847	-0.813010	-0.062860	0.783337	0.532991	0.319849
07915	7.092495	1.275199	1.136666	-0.757773	0.179995	-0.051571	-0.228198	-0.234949	0.944841	0.572809	-0.817120	-0.064845	0.787284	0.526416	0.321046
07916	7.308529	0.574455	1.569464	-0.755160	0.131586	0.029741	-0.229061	-0.235925	0.944389	0.566912	-0.821000	-0.067596	0.791291	0.519902	0.321808
07917	7.731087	-0.563675	2.209589	-0.669954	0.135347	0.162438	-0.229168	-0.237994	0.943844	0.562003	-0.824054	-0.071333	0.794755	0.514095	0.322600
07918	7.954718	-1.837964	2.484076	-0.475413	0.189077	0.324875	-0.228853	-0.241705	0.942977	0.558942	-0.825717	-0.075998	0.797001	0.509677	0.324066
07919	7.940065	-2.690033	2.529481	-0.146736	0.201964	0.491714	-0.227665	-0.246825	0.941937	0.558925	-0.825237	-0.081153	0.797353	0.507997	0.325835
07920	7.933991	-2.926956	2.470123	0.236010	0.153235	0.611593	-0.225458	-0.252709	0.940908	0.562159	-0.822523	-0.086210	0.795704	0.509503	0.327507
07921	8.141933	-2.509977	2.671054	0.588075	0.085511	0.673791	-0.222278	-0.258706	0.940034	0.568367	-0.817765	-0.090662	0.792181	0.514132	0.328812
