// General information: 
//  MT Manager version: 2022.2.0 
//  XDA version: 2022.2.0 build 7381 rev 124627 built on 2023-07-19
// Device information: 
//  DeviceId: 00B4CBA7
//  ProductCode: MTW2-3A7G6
//  Firmware Version: 4.6.0
//  Hardware Version: 2.0.0
// Device settings: 
//  Filter Profile: human(46.1)
//  Option Flags: Orientation Smoother Disabled, Position/Velocity Smoother Disabled, Continuous Zero Rotation Update Disabled, AHS Disabled, ICC Disabled
// Coordinate system: ENU
PacketCounter	Acc_X	Acc_Y	Acc_Z	Gyr_X	Gyr_Y	Gyr_Z	Mat[1][1]	Mat[2][1]	Mat[3][1]	Mat[1][2]	Mat[2][2]	Mat[3][2]	Mat[1][3]	Mat[2][3]	Mat[3][3]
06605	9.756875	-0.280558	-0.387979	0.063985	-0.004753	0.015369	0.041827	-0.006596	0.999103	0.423216	-0.905719	-0.023698	0.905063	0.423827	-0.035092
06606	9.765357	-0.213366	-0.364909	0.058900	-0.009685	0.012844	0.041945	-0.006641	0.999098	0.423722	-0.905479	-0.023807	0.904820	0.424339	-0.035166
06607	9.768034	-0.187859	-0.344273	0.051966	-0.007433	0.013455	0.041983	-0.006607	0.999096	0.423977	-0.905360	-0.023803	0.904699	0.424594	-0.035208
06608	9.799373	-0.221281	-0.364659	0.052897	-0.010960	0.014926	0.042120	-0.006664	0.999090	0.424428	-0.905145	-0.023931	0.904481	0.425050	-0.035296
06609	9.743284	-0.231674	-0.319427	0.071624	-0.014876	0.012366	0.042098	-0.006577	0.999092	0.425137	-0.904814	-0.023870	0.904149	0.425756	-0.035295
06610	9.726849	-0.192812	-0.229955	0.083154	-0.014550	0.014620	0.042266	-0.006615	0.999084	0.425861	-0.904470	-0.024005	0.903801	0.426486	-0.035412
06611	9.698170	-0.135349	-0.190697	0.086915	-0.020685	0.012172	0.042398	-0.006593	0.999079	0.426731	-0.904058	-0.024075	0.903384	0.427359	-0.035517
06612	9.663653	-0.119856	-0.154176	0.082887	-0.026843	0.019126	0.042696	-0.006619	0.999066	0.427450	-0.903713	-0.024255	0.903030	0.428087	-0.035756
06613	9.713102	-0.130221	-0.124451	0.071518	-0.031185	0.016835	0.042987	-0.006587	0.999054	0.428059	-0.903422	-0.024375	0.902728	0.428702	-0.036016
06614	9.741591	-0.190949	-0.168080	0.064469	-0.031070	0.015547	0.043308	-0.006563	0.999040	0.428613	-0.903156	-0.024513	0.902450	0.429263	-0.036301
06615	9.726385	-0.201182	-0.242098	0.057796	-0.030799	0.011968	0.043611	-0.006591	0.999027	0.429264	-0.902842	-0.024695	0.902126	0.429923	-0.036545
06616	9.760669	-0.219914	-0.283891	0.053869	-0.034950	0.014756	0.043964	-0.006543	0.999012	0.429722	-0.902620	-0.024822	0.901890	0.430388	-0.036871
06617	9.763608	-0.206569	-0.306394	0.052052	-0.034058	0.009866	0.044325	-0.006436	0.998996	0.430106	-0.902435	-0.024897	0.901690	0.430778	-0.037232
06618	9.769827	-0.190848	-0.388473	0.040262	-0.032395	0.011813	0.044642	-0.006372	0.998983	0.430443	-0.902272	-0.024990	0.901513	0.431120	-0.037536
06619	9.754045	-0.176119	-0.381505	0.034316	-0.025518	0.011649	0.044886	-0.006306	0.998972	0.430729	-0.902134	-0.025048	0.901364	0.431411	-0.037777
06620	9.766716	-0.220642	-0.414740	0.028807	-0.024452	0.013371	0.045138	-0.006290	0.998961	0.430961	-0.902020	-0.025153	0.901241	0.431649	-0.038005
06621	9.788336	-0.208685	-0.465062	0.024658	-0.018642	0.012003	0.045341	-0.006302	0.998952	0.431171	-0.901917	-0.025260	0.901130	0.431864	-0.038177
06622	9.763630	-0.250415	-0.439554	0.025151	-0.016349	0.011602	0.045513	-0.006305	0.998944	0.431371	-0.901818	-0.025346	0.901026	0.432069	-0.038324
06623	9.769636	-0.222231	-0.479454	0.025366	-0.012222	0.009309	0.045519	-0.006284	0.998944	0.431625	-0.901697	-0.025340	0.900904	0.432323	-0.038332
06624	9.747834	-0.236602	-0.432295	0.032417	-0.012373	0.010561	0.045649	-0.006295	0.998938	0.431892	-0.901567	-0.025418	0.900769	0.432593	-0.038437
06625	9.750815	-0.223328	-0.452319	0.028787	-0.004091	0.014879	0.045874	-0.006393	0.998927	0.432104	-0.901460	-0.025613	0.900657	0.432815	-0.038591
06626	9.772328	-0.198869	-0.460595	0.021338	-0.004262	0.009836	0.045928	-0.006432	0.998924	0.432270	-0.901378	-0.025679	0.900574	0.432985	-0.038618
06627	9.778918	-0.272528	-0.453151	0.028389	-0.004415	0.011086	0.046021	-0.006372	0.998920	0.432237	-0.901395	-0.025663	0.900585	0.432951	-0.038729
06628	9.775821	-0.288446	-0.434089	0.032222	-0.002270	0.012457	0.046069	-0.006443	0.998917	0.432500	-0.901266	-0.025759	0.900456	0.433219	-0.038734
06629	9.747456	-0.230317	-0.393529	0.033583	0.002464	0.009356	0.046141	-0.006474	0.998914	0.432710	-0.901163	-0.025828	0.900351	0.433432	-0.038780
06630	9.744539	-0.258517	-0.414376	0.026038	0.000318	0.008505	0.046149	-0.006520	0.998913	0.432919	-0.901061	-0.025882	0.900251	0.433643	-0.038761
06631	9.725843	-0.258120	-0.385368	0.018891	-0.001507	0.011441	0.046276	-0.006560	0.998907	0.433031	-0.901005	-0.025977	0.900190	0.433760	-0.038854
06632	9.750305	-0.206019	-0.372180	0.016141	0.002915	0.005078	0.046246	-0.006586	0.998908	0.433152	-0.900946	-0.025994	0.900133	0.433882	-0.038812
06633	9.781679	-0.251610	-0.431441	0.014094	0.006000	0.010477	0.046359	-0.006611	0.998903	0.433089	-0.900975	-0.026063	0.900158	0.433822	-0.038906
06634	9.747257	-0.222249	-0.351644	0.019047	0.008578	0.004958	0.046279	-0.006661	0.998906	0.433236	-0.900903	-0.026079	0.900092	0.433969	-0.038807
06635	9.719114	-0.175920	-0.350844	0.022638	0.006417	0.002539	0.046287	-0.006659	0.998906	0.433429	-0.900810	-0.026090	0.899998	0.434162	-0.038809
06636	9.774844	-0.155651	-0.356417	0.006764	0.007987	0.007332	0.046223	-0.006728	0.998909	0.433464	-0.900792	-0.026125	0.899984	0.434199	-0.038720
06637	9.728947	-0.247633	-0.400968	-0.011701	0.009996	0.005761	0.046172	-0.006747	0.998911	0.433347	-0.900849	-0.026115	0.900044	0.434081	-0.038670
06638	9.728974	-0.248110	-0.400016	-0.004277	0.009982	0.004713	0.046079	-0.006801	0.998915	0.433285	-0.900879	-0.026120	0.900078	0.434018	-0.038564
06639	9.763120	-0.253703	-0.397485	0.001906	0.007384	0.008661	0.045962	-0.006826	0.998920	0.433188	-0.900926	-0.026088	0.900131	0.433919	-0.038451
06640	9.763131	-0.254592	-0.396660	-0.008736	0.009700	0.009827	0.045892	-0.006924	0.998922	0.433083	-0.900975	-0.026142	0.900185	0.433816	-0.038349
06641	9.797439	-0.272993	-0.434542	0.007415	0.006296	0.006930	0.045782	-0.006899	0.998928	0.433072	-0.900982	-0.026071	0.900196	0.433802	-0.038262
06642	9.763156	-0.256169	-0.395025	0.011744	0.010735	0.007898	0.045695	-0.006984	0.998931	0.433152	-0.900942	-0.026113	0.900162	0.433883	-0.038144
06643	9.768983	-0.202706	-0.352102	0.018576	0.006447	0.011443	0.045594	-0.007145	0.998934	0.433556	-0.900745	-0.026232	0.899972	0.434290	-0.037971
06644	9.750286	-0.202358	-0.322528	0.019226	0.004758	0.011039	0.045574	-0.007233	0.998935	0.433703	-0.900672	-0.026308	0.899903	0.434440	-0.037910
06645	9.762796	-0.234127	-0.312394	0.021022	0.003676	0.009830	0.045575	-0.007272	0.998934	0.433819	-0.900615	-0.026348	0.899846	0.434558	-0.037891
06646	9.710136	-0.241431	-0.325083	0.026927	0.002905	0.011883	0.045576	-0.007359	0.998934	0.434034	-0.900508	-0.026436	0.899743	0.434776	-0.037848
06647	9.734813	-0.202536	-0.352296	0.025562	-0.001832	0.014984	0.045525	-0.007475	0.998935	0.434399	-0.900329	-0.026534	0.899569	0.435145	-0.037740
06648	9.747272	-0.234732	-0.342989	0.030078	-0.007516	0.014059	0.045628	-0.007537	0.998930	0.434642	-0.900209	-0.026645	0.899447	0.435392	-0.037799
06649	9.746884	-0.210654	-0.263031	0.028535	-0.008448	0.011077	0.045696	-0.007567	0.998927	0.434911	-0.900077	-0.026713	0.899313	0.435665	-0.037839
06650	9.746836	-0.211920	-0.263802	0.028161	-0.008594	0.013369	0.045806	-0.007617	0.998921	0.435137	-0.899965	-0.026816	0.899198	0.435896	-0.037909
06651	9.765470	-0.214810	-0.293654	0.018047	-0.010106	0.012244	0.045928	-0.007653	0.998915	0.435396	-0.899837	-0.026913	0.899067	0.436160	-0.037995
06652	9.746875	-0.227203	-0.306105	0.011920	-0.013460	0.012490	0.046078	-0.007675	0.998908	0.435476	-0.899795	-0.027001	0.899020	0.436245	-0.038118
06653	9.777683	-0.235320	-0.246258	0.013494	-0.018670	0.013580	0.046308	-0.007671	0.998898	0.435568	-0.899748	-0.027102	0.898964	0.436343	-0.038325
06654	9.749931	-0.228076	-0.369119	0.013494	-0.018673	0.013578	0.046510	-0.007679	0.998888	0.435661	-0.899700	-0.027202	0.898908	0.436442	-0.038499
06655	9.758979	-0.173258	-0.388600	-0.001232	-0.016465	0.017571	0.046622	-0.007691	0.998883	0.435624	-0.899716	-0.027260	0.898920	0.436409	-0.038596
06656	9.839723	-0.228288	-0.417403	-0.003426	-0.015705	0.014994	0.046803	-0.007725	0.998874	0.435565	-0.899741	-0.027367	0.898940	0.436356	-0.038746
06657	9.780776	-0.265182	-0.393035	-0.008036	-0.011992	0.020106	0.047051	-0.007765	0.998862	0.435317	-0.899857	-0.027500	0.899047	0.436116	-0.038959
06658	9.762429	-0.316216	-0.526426	0.005765	-0.010685	0.014616	0.047185	-0.007817	0.998856	0.435340	-0.899842	-0.027607	0.899028	0.436145	-0.039056
06659	9.737295	-0.243688	-0.506470	0.020367	-0.008736	0.016691	0.047328	-0.007859	0.998849	0.435438	-0.899792	-0.027711	0.898974	0.436248	-0.039163
06660	9.734019	-0.247234	-0.447804	0.019372	-0.013329	0.017499	0.047498	-0.007925	0.998840	0.435582	-0.899718	-0.027852	0.898895	0.436400	-0.039283
06661	9.771049	-0.226759	-0.426339	0.019870	-0.011037	0.017091	0.047536	-0.008111	0.998837	0.435994	-0.899512	-0.028054	0.898693	0.436820	-0.039223
06662	9.764787	-0.257597	-0.388427	0.012295	-0.007020	0.018141	0.047653	-0.008212	0.998830	0.436074	-0.899469	-0.028199	0.898648	0.436908	-0.039281
06663	9.761548	-0.261203	-0.329442	0.017429	-0.008267	0.018697	0.047787	-0.008192	0.998824	0.435952	-0.899527	-0.028235	0.898700	0.436788	-0.039415
06664	9.683987	-0.296088	-0.274970	-0.003282	0.000519	0.010386	0.047802	-0.008255	0.998823	0.435896	-0.899552	-0.028296	0.898727	0.436735	-0.039402
06665	9.881501	-0.100484	0.213567	-0.074950	0.062313	-0.015027	0.047103	-0.008305	0.998856	0.435173	-0.899911	-0.028004	0.899114	0.435994	-0.038774
06666	9.494087	0.281004	1.062952	-0.372319	0.132691	-0.033670	0.045737	-0.008545	0.998917	0.431816	-0.901543	-0.027484	0.900801	0.432605	-0.037544
06667	8.895905	0.420090	0.500269	-0.593813	0.148731	-0.026783	0.044336	-0.008889	0.998977	0.426398	-0.904134	-0.026969	0.903449	0.427157	-0.036295
06668	8.874266	-0.040489	0.620682	-0.756219	0.049933	-0.014115	0.043799	-0.008940	0.999000	0.419537	-0.907351	-0.026513	0.906681	0.420279	-0.035991
06669	9.056202	-0.916330	0.684610	-0.873708	-0.070180	-0.018763	0.044366	-0.008528	0.998979	0.411777	-0.910912	-0.026064	0.910204	0.412513	-0.036902
06670	9.444568	-1.492679	0.274533	-0.633859	-0.166260	-0.007543	0.045826	-0.007745	0.998919	0.405981	-0.913520	-0.025708	0.912732	0.406720	-0.038719
06671	9.685717	-1.032349	0.310541	-0.435315	-0.227454	-0.022892	0.047822	-0.006581	0.998834	0.401883	-0.915342	-0.025273	0.914441	0.402623	-0.041128
06672	9.903708	-0.158254	-0.147283	-0.331227	-0.277787	-0.036943	0.050192	-0.005095	0.998727	0.398848	-0.916684	-0.024721	0.915642	0.399581	-0.043978
06673	9.694296	0.704059	-0.523743	-0.305683	-0.272213	-0.042676	0.052525	-0.003690	0.998613	0.396274	-0.917812	-0.024235	0.916628	0.396998	-0.046746
06674	9.715321	0.664159	-0.899731	-0.413805	-0.262559	-0.040804	0.054750	-0.002245	0.998498	0.392479	-0.919459	-0.023587	0.918130	0.393181	-0.049459
06675	9.636834	0.505133	-1.518857	-0.458066	-0.253806	-0.029650	0.057017	-0.000993	0.998373	0.388301	-0.921243	-0.023092	0.919767	0.388986	-0.052141
06676	9.838721	-0.131083	-1.697281	-0.431991	-0.256250	-0.011484	0.059309	0.000138	0.998240	0.384311	-0.922925	-0.022706	0.921297	0.384981	-0.054791
06677	10.195113	-0.325817	-1.965147	-0.301069	-0.212951	0.006815	0.061208	0.000948	0.998125	0.381516	-0.924088	-0.022518	0.922334	0.382178	-0.056923
06678	10.228758	-0.301159	-1.962272	-0.195582	-0.171430	0.016290	0.062828	0.001484	0.998023	0.379680	-0.924844	-0.022527	0.922982	0.380345	-0.058670
06679	10.176312	-0.130587	-1.743521	-0.083300	-0.123804	0.037723	0.064201	0.001647	0.997936	0.378850	-0.925176	-0.022846	0.923229	0.379534	-0.060021
06680	10.062733	0.202441	-1.516134	-0.054488	-0.076831	0.059249	0.065113	0.001423	0.997877	0.378287	-0.925393	-0.023364	0.923395	0.379005	-0.060793
06681	10.046912	0.336466	-1.469945	-0.081421	-0.053651	0.084085	0.065899	0.000819	0.997826	0.377526	-0.925683	-0.024173	0.923651	0.378298	-0.061311
06682	9.930908	0.190402	-1.059234	-0.101411	-0.016173	0.098165	0.066397	0.000004	0.997793	0.376504	-0.926076	-0.025050	0.924033	0.377336	-0.061490
06683	9.965043	-0.039077	-0.919092	-0.072136	0.004380	0.119177	0.066727	-0.001034	0.997771	0.375670	-0.926386	-0.026083	0.924348	0.376573	-0.061426
06684	9.939221	0.039994	-0.649344	-0.003918	0.024672	0.140072	0.067002	-0.002391	0.997750	0.375520	-0.926408	-0.027438	0.924389	0.376514	-0.061174
06685	10.047918	-0.024399	-0.316598	0.045832	0.040518	0.157212	0.067261	-0.004025	0.997727	0.375898	-0.926205	-0.029077	0.924217	0.376999	-0.060784
06686	10.088051	0.009627	-0.166009	0.103709	0.042494	0.174701	0.067503	-0.005770	0.997702	0.376719	-0.925814	-0.030843	0.923865	0.377935	-0.060322
06687	10.036528	0.111116	-0.132040	0.151731	0.049055	0.184641	0.067931	-0.007605	0.997661	0.377909	-0.925262	-0.032785	0.923347	0.379252	-0.059980
06688	9.895458	0.196587	-0.093141	0.183327	0.040001	0.199448	0.068296	-0.009569	0.997619	0.379445	-0.924558	-0.034844	0.922690	0.380921	-0.059512
06689	9.766766	0.224500	-0.230489	0.208554	0.031414	0.208364	0.068683	-0.011546	0.997572	0.381287	-0.923718	-0.036943	0.921902	0.382899	-0.059041
06690	9.758038	0.249723	-0.256003	0.207630	-0.006326	0.226648	0.069585	-0.013581	0.997484	0.383024	-0.922903	-0.039286	0.921114	0.384794	-0.059019
06691	10.005446	-0.057435	-0.102429	0.212090	-0.014449	0.235452	0.070705	-0.015665	0.997374	0.384782	-0.922062	-0.041760	0.920295	0.386724	-0.059166
06692	9.984058	-0.189454	0.026701	0.248800	-0.014667	0.232400	0.071714	-0.017717	0.997268	0.386886	-0.921069	-0.044185	0.919335	0.388997	-0.059199
06693	9.872941	-0.324178	0.202672	0.267443	-0.021087	0.239563	0.072815	-0.019703	0.997151	0.388919	-0.920094	-0.046581	0.918390	0.391203	-0.059334
06694	9.818605	-0.317415	0.471060	0.287454	-0.038953	0.239518	0.074085	-0.021720	0.997015	0.391362	-0.918926	-0.049099	0.917250	0.393831	-0.059579
06695	9.668027	-0.480275	0.579902	0.282838	-0.090726	0.235689	0.075750	-0.023477	0.996850	0.393802	-0.917749	-0.051539	0.916069	0.396466	-0.060274
06696	9.465146	-0.534373	0.729405	0.315888	-0.168461	0.215869	0.078123	-0.024754	0.996636	0.396509	-0.916451	-0.053843	0.914701	0.399381	-0.061781
06697	9.344147	-0.617083	0.922646	0.356347	-0.256628	0.198831	0.081295	-0.025500	0.996364	0.399609	-0.914972	-0.056022	0.913074	0.402710	-0.064193
06698	9.292022	-0.594231	1.327466	0.396360	-0.341407	0.190017	0.085150	-0.025823	0.996033	0.403048	-0.913331	-0.058135	0.911209	0.406399	-0.067362
06699	9.149544	-0.483462	2.026957	0.388149	-0.422313	0.194136	0.089880	-0.025788	0.995619	0.406293	-0.911751	-0.060294	0.909312	0.409932	-0.071471
06700	9.042190	-0.316203	2.732633	0.342033	-0.503609	0.202240	0.095258	-0.025525	0.995125	0.409194	-0.910303	-0.062520	0.907461	0.413155	-0.076269
06701	8.795102	-0.204860	3.204376	0.284246	-0.611657	0.193836	0.101708	-0.024779	0.994506	0.411541	-0.909089	-0.064739	0.905699	0.415864	-0.082264
06702	8.687594	-0.058533	3.680625	0.203420	-0.744677	0.174788	0.109146	-0.023231	0.993754	0.413180	-0.908210	-0.066611	0.904085	0.417869	-0.089529
06703	8.653088	-0.150028	4.093369	0.103503	-0.915294	0.150118	0.118049	-0.020800	0.992790	0.413882	-0.907770	-0.068232	0.902644	0.418953	-0.098552
06704	8.695996	-0.391455	4.633126	-0.018061	-1.111512	0.139845	0.128632	-0.017381	0.991540	0.413530	-0.907829	-0.069561	0.901358	0.418980	-0.109589
06705	8.766850	-0.741925	4.890265	-0.112244	-1.301401	0.133226	0.140832	-0.013107	0.989947	0.412241	-0.908330	-0.070673	0.900124	0.418049	-0.122518
06706	8.850310	-1.466418	5.089618	-0.172059	-1.495412	0.095328	0.154653	-0.007700	0.987939	0.410537	-0.909048	-0.071351	0.898633	0.416620	-0.137426
06707	8.888662	-1.961970	4.973590	-0.098408	-1.682151	0.053077	0.169792	-0.001172	0.985479	0.409286	-0.909593	-0.071600	0.896468	0.415500	-0.153962
06708	9.250270	-1.855031	4.209180	-0.001742	-1.903690	0.005197	0.186827	0.006722	0.982370	0.409246	-0.909610	-0.071606	0.893092	0.415409	-0.172691
06709	9.986276	-1.515003	2.992171	0.116133	-2.085883	-0.057973	0.205011	0.015857	0.978631	0.410035	-0.909289	-0.071164	0.888730	0.415862	-0.192916
06710	11.995000	-1.160494	1.747918	0.171200	-2.208688	-0.083787	0.224216	0.025849	0.974197	0.411718	-0.908568	-0.070652	0.883298	0.416936	-0.214358
06711	13.614254	-0.314898	0.843173	0.199573	-2.180683	-0.078306	0.242939	0.035533	0.969391	0.413090	-0.907977	-0.070242	0.877688	0.417511	-0.235262
06712	15.502025	-1.132614	0.135673	0.018277	-2.184691	-0.058033	0.261793	0.045206	0.964065	0.413384	-0.907887	-0.069683	0.872111	0.416771	-0.256366
06713	15.643537	-2.498088	-1.044953	0.167970	-1.981859	-0.002001	0.278933	0.053284	0.958831	0.414225	-0.907473	-0.070072	0.866380	0.416718	-0.275195
06714	13.833903	-2.459024	-1.424836	0.338932	-1.882928	-0.005026	0.295141	0.061227	0.953490	0.417153	-0.906063	-0.070943	0.859579	0.418690	-0.292957
06715	12.170604	-1.377405	-1.655820	0.647871	-1.905092	-0.002612	0.311370	0.069035	0.947778	0.422286	-0.903525	-0.072921	0.851307	0.422939	-0.310483
06716	11.818843	-0.163750	-2.346628	0.563434	-1.896922	-0.044572	0.327229	0.077527	0.941759	0.427191	-0.901107	-0.074254	0.842869	0.426609	-0.327987
06717	11.737148	1.093763	-3.757971	0.421699	-1.702275	-0.119040	0.340944	0.085606	0.936178	0.430536	-0.899490	-0.074544	0.835701	0.428474	-0.343532
06718	11.341834	2.025263	-4.175444	0.115280	-1.495874	-0.238961	0.352351	0.094193	0.931116	0.432315	-0.898790	-0.072673	0.830032	0.428141	-0.357410
06719	11.210116	1.829134	-5.217851	-0.244516	-1.244979	-0.295497	0.361160	0.101914	0.926918	0.430766	-0.899829	-0.068906	0.827045	0.424171	-0.368884
06720	10.510661	0.746692	-5.650510	-0.502514	-1.061424	-0.339521	0.368451	0.109476	0.923179	0.427843	-0.901596	-0.063840	0.825345	0.418498	-0.379032
06721	10.169038	-0.823367	-6.517353	-0.374973	-0.897793	-0.346359	0.374144	0.116074	0.920078	0.425426	-0.903063	-0.059070	0.824032	0.413526	-0.387256
06722	10.283271	-1.087353	-5.912383	-0.098908	-0.751135	-0.327254	0.378910	0.122160	0.917335	0.425835	-0.903089	-0.055630	0.821640	0.411712	-0.394210
06723	9.717331	-0.830790	-5.426298	0.118189	-0.467943	-0.315864	0.381314	0.126702	0.915722	0.427488	-0.902458	-0.053143	0.819667	0.411724	-0.398283
06724	8.828628	-0.616189	-5.079805	0.184826	-0.212063	-0.316615	0.381671	0.130463	0.915044	0.430199	-0.901296	-0.050936	0.818080	0.413092	-0.400124
06725	7.660266	-0.280836	-4.986601	0.188009	0.011240	-0.297009	0.380296	0.132804	0.915280	0.432186	-0.900457	-0.048919	0.817674	0.414175	-0.399836
06726	7.608688	-0.239744	-4.392615	0.199732	0.168928	-0.283029	0.377666	0.134681	0.916095	0.434881	-0.899257	-0.047077	0.817464	0.416171	-0.398189
06727	9.143900	-0.315867	-3.292838	0.202601	0.493484	-0.255665	0.372367	0.134698	0.918259	0.436973	-0.898327	-0.045425	0.818778	0.418169	-0.393366
06728	9.508755	-0.181970	-2.347591	0.159655	0.981042	-0.237297	0.363258	0.132744	0.922184	0.439144	-0.897348	-0.043815	0.821703	0.420887	-0.384263
06729	8.694175	0.311951	-2.438015	0.049333	1.392894	-0.266491	0.350562	0.129023	0.927610	0.439936	-0.897070	-0.041485	0.826778	0.422632	-0.371241
06730	7.643065	0.297755	-2.757543	-0.136734	1.691222	-0.317178	0.335108	0.124744	0.933885	0.439875	-0.897255	-0.037990	0.833195	0.423523	-0.355549
06731	7.225524	-0.265336	-3.038397	-0.263588	1.952561	-0.361802	0.316908	0.119608	0.940884	0.438592	-0.898060	-0.033562	0.840956	0.423300	-0.337061
06732	7.282532	-0.804657	-3.123256	-0.263520	2.203923	-0.386064	0.296572	0.113775	0.948209	0.437533	-0.898734	-0.029009	0.848887	0.423476	-0.316320
06733	7.994209	-1.024902	-3.125182	-0.233523	2.395207	-0.347736	0.274557	0.106543	0.955650	0.435928	-0.899636	-0.024944	0.857079	0.423443	-0.293446
06734	8.569624	-0.910597	-2.908828	-0.138050	2.647649	-0.264639	0.250588	0.097723	0.963149	0.435415	-0.899962	-0.021972	0.864650	0.424876	-0.268070
06735	8.471062	-0.763927	-2.781235	-0.094898	2.870390	-0.161804	0.224778	0.086915	0.970526	0.434958	-0.900226	-0.020119	0.871944	0.426661	-0.240155
06736	8.337800	-0.536580	-2.757767	-0.040552	3.038942	-0.060301	0.197893	0.074489	0.977389	0.434709	-0.900362	-0.019397	0.878559	0.428718	-0.210556
06737	8.449307	-0.325013	-2.497011	-0.061700	3.157039	0.037743	0.170055	0.060548	0.983573	0.434101	-0.900651	-0.019611	0.884668	0.430305	-0.179444
06738	8.895660	-0.209472	-2.399699	-0.129276	3.264898	0.114628	0.141551	0.045486	0.988885	0.432750	-0.901281	-0.020488	0.890332	0.430841	-0.147261
06739	9.133206	-0.141374	-2.218659	-0.178993	3.361234	0.189582	0.112014	0.029300	0.993275	0.431319	-0.901930	-0.022036	0.895219	0.430887	-0.113666
06740	9.190601	0.004109	-2.002445	-0.248010	3.440226	0.245498	0.082170	0.012316	0.996542	0.428828	-0.903062	-0.024199	0.899642	0.429333	-0.079486
06741	9.316247	-0.091317	-1.823033	-0.287218	3.490862	0.288817	0.051628	-0.005264	0.998653	0.426670	-0.904009	-0.026823	0.902932	0.427480	-0.044426
06742	9.402226	-0.415878	-1.563430	-0.354220	3.527798	0.330856	0.021105	-0.023244	0.999507	0.423317	-0.905485	-0.029996	0.905736	0.423741	-0.009270
06743	9.456526	-0.848340	-1.415750	-0.357909	3.550025	0.346500	-0.009856	-0.041418	0.999093	0.420441	-0.906704	-0.033440	0.907267	0.419730	0.026350
06744	9.431457	-0.643515	-1.232560	-0.281462	3.555333	0.342610	-0.040708	-0.059343	0.997407	0.417941	-0.907722	-0.036949	0.907562	0.415353	0.061753
06745	9.468205	-0.524547	-0.974870	-0.263790	3.515211	0.329635	-0.071420	-0.077017	0.994468	0.416609	-0.908187	-0.040415	0.906276	0.411418	0.096949
06746	9.641562	-0.465655	-0.590221	-0.292877	3.476735	0.320510	-0.101594	-0.094106	0.990365	0.414201	-0.909126	-0.043897	0.904498	0.405750	0.131340
06747	9.732724	-0.671913	-0.341081	-0.273925	3.407628	0.309795	-0.131398	-0.110761	0.985123	0.412447	-0.909754	-0.047274	0.901456	0.400099	0.165223
06748	10.119102	-0.697989	-0.218515	-0.223971	3.331290	0.279312	-0.160240	-0.126503	0.978938	0.410804	-0.910330	-0.050393	0.897532	0.394077	0.197839
06749	10.420831	-0.829198	-0.034543	-0.283691	3.315191	0.268670	-0.188981	-0.142169	0.971635	0.409474	-0.910745	-0.053618	0.892534	0.387726	0.230328
06750	9.866147	-1.293655	-0.450605	-0.264463	3.260223	0.271635	-0.216907	-0.157136	0.963462	0.407635	-0.911372	-0.056869	0.887009	0.380406	0.261737
06751	9.102706	-1.684394	0.065423	-0.072162	3.074237	0.276828	-0.243104	-0.171445	0.954729	0.408005	-0.911025	-0.059706	0.880018	0.375019	0.291424
06752	7.934190	-1.554631	0.178928	0.267664	2.842980	0.245632	-0.267024	-0.184276	0.945907	0.410938	-0.909607	-0.061199	0.871681	0.372368	0.318613
06753	7.417316	-1.674055	1.183883	0.433378	2.584573	0.214208	-0.288678	-0.195922	0.937166	0.415399	-0.907539	-0.061772	0.862617	0.371466	0.343372
06754	7.190282	-1.680454	1.616250	0.564887	2.403529	0.156777	-0.308667	-0.206245	0.928541	0.420675	-0.905144	-0.061207	0.853087	0.371721	0.366150
06755	6.725056	-1.169232	2.913252	0.710614	2.124354	0.074867	-0.326479	-0.214868	0.920458	0.426905	-0.902355	-0.059222	0.843305	0.373614	0.386328
06756	6.552713	-0.502678	3.180724	0.702049	1.784700	-0.010131	-0.341519	-0.221436	0.913417	0.432721	-0.899766	-0.056337	0.834337	0.376015	0.403107
06757	6.014723	-0.100428	3.905865	0.660890	1.435929	-0.059417	-0.353792	-0.226320	0.907530	0.437916	-0.897447	-0.053088	0.826475	0.378639	0.416618
06758	5.468712	0.534821	4.074050	0.598535	1.062145	-0.098023	-0.362992	-0.229449	0.903100	0.442452	-0.895416	-0.049658	0.820044	0.381553	0.426550
06759	5.166570	0.738965	4.148163	0.374590	0.630781	-0.139622	-0.368870	-0.230606	0.900420	0.444919	-0.894348	-0.046784	0.816077	0.383356	0.432499
06760	5.273561	0.562548	3.787481	0.145619	0.198191	-0.185466	-0.371336	-0.229679	0.899642	0.445379	-0.894237	-0.044465	0.814706	0.384171	0.434357
06761	5.423780	0.125127	3.349319	-0.019524	-0.198851	-0.232723	-0.370853	-0.226828	0.900565	0.444269	-0.894887	-0.042448	0.815532	0.384351	0.432644
06762	5.383537	-0.106045	2.508690	-0.045461	-0.528671	-0.276531	-0.367787	-0.222290	0.902951	0.442836	-0.895704	-0.040131	0.817697	0.385100	0.427867
06763	5.344359	0.030089	2.013602	-0.148017	-0.877783	-0.330536	-0.362154	-0.215938	0.906761	0.440331	-0.897041	-0.037758	0.821556	0.385601	0.419951
06764	5.624164	0.493701	1.392330	-0.212938	-1.216049	-0.373961	-0.353797	-0.207858	0.911934	0.437197	-0.898676	-0.035220	0.826854	0.386234	0.408824
06765	8.490668	1.045311	2.984191	-0.397650	-1.475685	-0.418849	-0.343461	-0.198385	0.917975	0.432355	-0.901100	-0.032972	0.833728	0.385567	0.395266
06766	11.914406	-1.511933	4.650236	-0.827342	-1.236514	-0.333635	-0.334558	-0.190607	0.922898	0.424254	-0.904938	-0.033102	0.841474	0.380469	0.383620
06767	13.192530	-2.416212	7.221658	-0.878130	-0.668297	-0.246594	-0.330044	-0.185840	0.925492	0.415943	-0.908749	-0.034147	0.847386	0.373682	0.377226
06768	12.675022	-4.157979	8.451406	-1.069064	-0.250521	-0.210400	-0.328803	-0.182970	0.926504	0.406122	-0.913102	-0.036196	0.852615	0.364373	0.374539
06769	7.773239	-3.298550	7.662724	-0.434588	0.016653	-0.251388	-0.330062	-0.180739	0.926495	0.401480	-0.915179	-0.035505	0.854326	0.360250	0.374629
06770	5.427205	-0.253761	6.402522	-0.327086	-0.476330	-0.291512	-0.327175	-0.176329	0.928367	0.397683	-0.916893	-0.033998	0.857208	0.358072	0.370107
06771	7.645269	0.213439	4.628787	-0.647988	-0.861895	-0.316762	-0.321129	-0.170376	0.931584	0.390954	-0.919802	-0.033454	0.862572	0.353464	0.361984
06772	10.661370	-1.348254	4.229200	-1.038587	-1.056572	-0.363257	-0.313402	-0.163304	0.935474	0.380764	-0.924056	-0.033748	0.869941	0.345619	0.351781
06773	13.797099	-4.750817	3.848501	-1.056516	-0.981649	-0.390366	-0.306411	-0.156364	0.938969	0.370192	-0.928340	-0.033790	0.876966	0.337245	0.342338
06774	13.209099	-6.296355	4.069370	-0.394548	-0.779652	-0.328741	-0.300791	-0.150660	0.941715	0.365686	-0.930188	-0.032012	0.880794	0.334743	0.334886
06775	10.810826	-5.029231	3.899313	0.200124	-1.006343	-0.300505	-0.293127	-0.144532	0.945086	0.366391	-0.930022	-0.028589	0.883082	0.337891	0.325570
06776	10.455327	-3.045338	3.482268	0.382375	-1.310425	-0.320432	-0.282740	-0.137061	0.949354	0.368810	-0.929187	-0.024309	0.885459	0.343258	0.313268
06777	11.068937	-1.753774	3.544790	0.311918	-1.500306	-0.341706	-0.270805	-0.128776	0.953982	0.370441	-0.928636	-0.020198	0.888503	0.347924	0.299184
06778	10.907368	1.002639	3.160839	0.439419	-1.589417	-0.433683	-0.258299	-0.119143	0.958690	0.373164	-0.927648	-0.014745	0.891084	0.353940	0.284070
06779	10.464799	4.700375	2.899137	0.334236	-1.657930	-0.543585	-0.245637	-0.108274	0.963296	0.374586	-0.927152	-0.008694	0.894063	0.358701	0.268301
06780	10.373091	7.203857	1.860734	-0.151724	-1.743313	-0.656028	-0.232481	-0.095903	0.967861	0.371618	-0.928382	-0.002728	0.898806	0.359040	0.251470
06781	10.409223	7.022811	-0.320744	-0.980568	-1.763881	-0.672627	-0.219124	-0.083424	0.972124	0.361103	-0.932525	0.001369	0.906416	0.351337	0.234463
06782	10.006821	2.237484	-1.896373	-1.385254	-1.640975	-0.610440	-0.206365	-0.072017	0.975821	0.347150	-0.937800	0.004204	0.914823	0.339624	0.218530
06783	9.499084	-1.357051	-2.822281	-0.883640	-1.519234	-0.522066	-0.194295	-0.062020	0.978981	0.337893	-0.941155	0.007436	0.920911	0.332236	0.203818
06784	9.676357	-2.414153	-2.805992	0.038737	-1.397386	-0.489370	-0.183083	-0.052734	0.981682	0.337288	-0.941321	0.012338	0.923427	0.333369	0.190127
06785	9.338393	-0.725032	-2.353198	0.745405	-1.285797	-0.507123	-0.173006	-0.043646	0.983953	0.343173	-0.939086	0.018683	0.923201	0.340899	0.177446
06786	9.397761	0.899235	-2.096480	0.821175	-1.264318	-0.495410	-0.163078	-0.034610	0.986006	0.349881	-0.936461	0.024997	0.922490	0.349061	0.164826
06787	10.176034	1.068164	-1.577766	0.513165	-1.193520	-0.464105	-0.153750	-0.026082	0.987766	0.353792	-0.934830	0.030385	0.922601	0.354136	0.152957
06788	10.580945	1.164400	-0.962385	0.239817	-1.089316	-0.424423	-0.145224	-0.018216	0.989231	0.355334	-0.934085	0.034964	0.923389	0.356585	0.142124
06789	10.439325	1.224209	-0.718458	-0.128201	-0.986967	-0.368117	-0.137446	-0.011256	0.990445	0.353563	-0.934620	0.038443	0.925257	0.355469	0.132440
06790	10.051607	0.744369	-0.587694	-0.463318	-0.920808	-0.347547	-0.130157	-0.004723	0.991482	0.348768	-0.936298	0.041325	0.928127	0.351176	0.123513
06791	10.010030	0.125070	-0.344511	-0.579814	-0.885793	-0.339923	-0.123133	0.001570	0.992389	0.342897	-0.938341	0.044030	0.931268	0.345709	0.115003
06792	9.847587	-0.015518	-0.126280	-0.469736	-0.845992	-0.348816	-0.116454	0.007780	0.993166	0.338062	-0.939949	0.047003	0.933891	0.341225	0.106831
06793	9.540020	-0.025644	0.117423	-0.284517	-0.827073	-0.342304	-0.109907	0.013816	0.993846	0.334955	-0.940900	0.050122	0.935802	0.338402	0.098783
06794	9.415910	-0.437359	0.475515	-0.043277	-0.832925	-0.327759	-0.103227	0.019745	0.994462	0.334164	-0.941003	0.053371	0.936845	0.337822	0.090539
06795	9.504961	-0.235926	0.954380	0.271515	-0.848181	-0.325113	-0.096397	0.025696	0.995011	0.336333	-0.940025	0.056860	0.936797	0.340136	0.081973
06796	9.462400	0.816866	1.248109	0.496426	-0.848188	-0.321642	-0.089567	0.031649	0.995478	0.340646	-0.938244	0.060479	0.935916	0.344523	0.073255
06797	9.392822	1.588594	1.328529	0.481830	-0.865855	-0.307388	-0.082539	0.037535	0.995881	0.344828	-0.936490	0.063876	0.935030	0.348680	0.064354
06798	9.416602	1.931416	1.261091	0.346360	-0.878790	-0.287828	-0.075345	0.043333	0.996216	0.347803	-0.935172	0.066983	0.934535	0.351534	0.055389
06799	9.558581	1.746606	0.798827	0.227711	-0.891022	-0.259403	-0.067953	0.048919	0.996488	0.349700	-0.934264	0.069712	0.934394	0.353209	0.046379
06800	9.655270	1.531545	0.671970	0.129910	-0.895461	-0.257750	-0.060512	0.054521	0.996677	0.350713	-0.933682	0.072368	0.934526	0.353927	0.037378
06801	9.554340	1.363070	0.125551	0.051824	-0.887575	-0.254190	-0.053144	0.060060	0.996779	0.351011	-0.933367	0.074953	0.934862	0.353863	0.028521
06802	9.585479	1.820981	-0.258972	0.081207	-0.916918	-0.250119	-0.045473	0.065667	0.996805	0.351612	-0.932932	0.077500	0.935041	0.354013	0.019334
06803	9.963563	1.542947	-0.570140	-0.022927	-0.914708	-0.224694	-0.037740	0.071032	0.996760	0.351272	-0.932868	0.079779	0.935512	0.353145	0.010255
06804	9.886362	1.424012	-0.760831	-0.079447	-0.857797	-0.208718	-0.030469	0.076031	0.996640	0.350424	-0.933005	0.081889	0.936096	0.351741	0.001785
06805	9.719811	1.092115	-0.816910	-0.133525	-0.834277	-0.192723	-0.023356	0.080809	0.996456	0.349109	-0.933321	0.083872	0.936791	0.349831	-0.006412
06806	9.713291	0.992243	-0.739887	-0.140922	-0.832967	-0.183994	-0.016215	0.085460	0.996210	0.347718	-0.933669	0.085755	0.937459	0.347791	-0.014577
06807	9.680527	1.060573	-0.973835	-0.137034	-0.797492	-0.187716	-0.009418	0.090039	0.995894	0.346398	-0.933978	0.087717	0.938040	0.345802	-0.022394
06808	9.545703	1.258953	-1.194292	-0.094778	-0.803636	-0.180798	-0.002526	0.094529	0.995519	0.345465	-0.934147	0.089578	0.938428	0.344143	-0.030296
06809	9.623655	1.472217	-1.150255	-0.105804	-0.792136	-0.179897	0.004255	0.098983	0.995080	0.344454	-0.934337	0.091468	0.938794	0.342370	-0.038070
06810	9.828128	1.520554	-1.514486	-0.162271	-0.774282	-0.162370	0.010944	0.103171	0.994603	0.342909	-0.934735	0.093188	0.939305	0.340039	-0.045608
06811	10.080179	0.718788	-1.695267	-0.241617	-0.712126	-0.135473	0.017145	0.106929	0.994119	0.340659	-0.935402	0.094738	0.940031	0.337031	-0.052464
06812	10.001695	-0.143344	-1.781760	-0.066300	-0.695079	-0.120338	0.023247	0.110421	0.993613	0.340028	-0.935502	0.096008	0.940128	0.335624	-0.059293
06813	9.905974	-0.023420	-1.685403	0.179167	-0.667232	-0.116874	0.029100	0.113819	0.993075	0.341738	-0.934763	0.097122	0.939345	0.336545	-0.066097
06814	9.729342	0.724583	-1.604559	0.291609	-0.640834	-0.119891	0.034681	0.117130	0.992511	0.344482	-0.933648	0.098147	0.938152	0.338498	-0.072729
06815	9.551525	1.423076	-1.469452	0.230859	-0.627663	-0.120781	0.040136	0.120457	0.991907	0.346695	-0.932713	0.099240	0.937119	0.339906	-0.079197
06816	9.590250	1.907787	-1.492725	0.118845	-0.624942	-0.101245	0.045615	0.123555	0.991289	0.347821	-0.932193	0.100184	0.936451	0.340221	-0.085497
06817	9.706435	2.036524	-1.408609	-0.019512	-0.594729	-0.092157	0.050856	0.126534	0.990658	0.347713	-0.932123	0.101207	0.936221	0.339317	-0.091402
06818	9.709965	1.784348	-1.306421	-0.132885	-0.584205	-0.081356	0.056021	0.129298	0.990022	0.346481	-0.932476	0.102176	0.936383	0.337300	-0.097037
06819	9.896912	1.245496	-1.233308	-0.161766	-0.561857	-0.067781	0.061027	0.131887	0.989384	0.344999	-0.932925	0.103081	0.936617	0.335046	-0.102435
06820	9.808388	0.703890	-1.193507	-0.066746	-0.548241	-0.061457	0.065927	0.134323	0.988742	0.344383	-0.933074	0.103798	0.936512	0.333663	-0.107773
06821	9.662805	0.406598	-1.059553	0.089625	-0.549027	-0.070706	0.070805	0.136906	0.988050	0.345272	-0.932668	0.104489	0.935828	0.333747	-0.113307
06822	9.625886	0.447321	-1.048657	0.258850	-0.580358	-0.079505	0.075933	0.139617	0.987290	0.347721	-0.931699	0.105012	0.934518	0.335327	-0.119295
06823	9.648649	0.783342	-1.037279	0.357872	-0.597082	-0.081900	0.081211	0.142491	0.986459	0.351141	-0.930362	0.105480	0.932794	0.337820	-0.125590
06824	9.849563	1.265882	-1.002710	0.374191	-0.607524	-0.069879	0.086603	0.145230	0.985600	0.354657	-0.928999	0.105727	0.930977	0.340394	-0.131961
06825	9.747733	1.374724	-0.966932	0.303832	-0.580934	-0.072090	0.091746	0.148002	0.984722	0.357584	-0.927830	0.106136	0.929364	0.342383	-0.138047
06826	9.767226	1.125141	-1.060042	0.273392	-0.625637	-0.054618	0.097335	0.150685	0.983778	0.360146	-0.926817	0.106327	0.927804	0.343954	-0.144481
06827	9.728145	0.850322	-0.779438	0.282924	-0.607660	-0.054760	0.102746	0.153319	0.982821	0.362786	-0.925767	0.106493	0.926191	0.345612	-0.150741
06828	9.309810	0.863416	-0.808027	0.390821	-0.634579	-0.073093	0.108326	0.156226	0.981763	0.366451	-0.924305	0.106649	0.924110	0.348215	-0.157376
06829	9.389580	1.121026	-0.754996	0.479132	-0.702454	-0.068229	0.114537	0.159384	0.980550	0.370918	-0.922524	0.106626	0.921575	0.351491	-0.164781
06830	9.155390	1.263198	-0.883339	0.600373	-0.726380	-0.070556	0.120932	0.162632	0.979248	0.376497	-0.920294	0.106346	0.918491	0.355824	-0.172524
06831	9.256081	1.516497	-1.139047	0.598914	-0.775748	-0.059398	0.127805	0.166046	0.977801	0.382060	-0.918043	0.105960	0.915257	0.360037	-0.180770
06832	9.155081	1.592348	-1.272771	0.568344	-0.762738	-0.042045	0.134588	0.169221	0.976345	0.387282	-0.915921	0.105362	0.912085	0.363940	-0.188808
06833	9.143954	1.430366	-1.325556	0.527653	-0.808161	-0.020682	0.141846	0.172449	0.974752	0.392072	-0.913964	0.104640	0.908933	0.367330	-0.197254
06834	9.134936	1.514358	-1.270136	0.498202	-0.823400	-0.017339	0.149224	0.175673	0.973073	0.396591	-0.912102	0.103848	0.905786	0.370416	-0.205778
06835	9.112035	1.487377	-1.434325	0.428193	-0.853089	-0.020232	0.156834	0.179093	0.971251	0.400460	-0.910481	0.103223	0.902793	0.372759	-0.214514
06836	9.025910	1.258686	-1.503398	0.343714	-0.888265	-0.014925	0.164756	0.182576	0.969289	0.403557	-0.909177	0.102658	0.899998	0.374250	-0.223472
06837	9.243855	0.702949	-1.468650	0.315886	-0.948114	-0.008211	0.173205	0.186228	0.967119	0.406340	-0.908003	0.102072	0.897156	0.375299	-0.232942
06838	9.496350	0.342712	-1.159387	0.403519	-0.976376	-0.006185	0.181898	0.189986	0.964789	0.409939	-0.906479	0.101216	0.893791	0.377094	-0.242769
06839	9.481447	0.552621	-1.303689	0.431678	-1.012372	-0.007819	0.190868	0.193934	0.962268	0.413754	-0.904847	0.100293	0.890155	0.379000	-0.252947
06840	9.402716	0.603340	-1.003828	0.382000	-1.061691	-0.016726	0.200205	0.198145	0.959509	0.417157	-0.903370	0.099511	0.886509	0.380343	-0.263516
06841	9.440720	0.283506	-0.991456	0.372219	-1.130280	-0.008750	0.210136	0.202565	0.956457	0.420421	-0.901950	0.098653	0.882660	0.381384	-0.274695
06842	9.391427	0.445449	-0.964497	0.377427	-1.184825	0.006163	0.220570	0.207062	0.953139	0.423709	-0.900527	0.097580	0.878533	0.382330	-0.286363
06843	9.274928	0.807121	-0.959677	0.343659	-1.223234	0.026607	0.231379	0.211537	0.949587	0.426606	-0.899287	0.096383	0.874340	0.382798	-0.298319
06844	9.038710	1.167062	-1.247246	0.248698	-1.269884	0.038513	0.242596	0.216077	0.945758	0.428662	-0.898424	0.095306	0.870285	0.382290	-0.310578
06845	9.034998	1.121584	-1.525880	0.214860	-1.328304	0.044311	0.254285	0.220757	0.941597	0.430342	-0.897731	0.094256	0.866109	0.381241	-0.323280
06846	9.124846	1.153625	-1.709294	0.248782	-1.379832	0.036845	0.266337	0.225709	0.937081	0.432375	-0.896871	0.093134	0.861462	0.380365	-0.336461
06847	9.270201	1.264612	-1.759309	0.242883	-1.429965	0.036233	0.278736	0.230822	0.932217	0.434309	-0.896053	0.092007	0.856552	0.379225	-0.350010
06848	9.422443	1.046705	-1.570407	0.196294	-1.475601	0.041840	0.291495	0.236058	0.926988	0.435847	-0.895412	0.090964	0.851509	0.377510	-0.363893
06849	9.603150	0.885186	-1.383914	0.185355	-1.513078	0.045650	0.304496	0.241329	0.921435	0.437195	-0.894863	0.089895	0.846252	0.375474	-0.377990
06850	9.650221	1.389201	-0.936343	0.263451	-1.593608	0.053495	0.318142	0.246850	0.915342	0.439231	-0.894011	0.088435	0.840156	0.373912	-0.392847
06851	10.437505	1.518802	-1.435054	0.183216	-1.712095	0.081579	0.332786	0.252495	0.908570	0.440439	-0.893557	0.087001	0.833827	0.371217	-0.408572
06852	10.917329	1.104789	-1.649342	0.038939	-1.725994	0.105852	0.347566	0.257949	0.901477	0.440386	-0.893687	0.085928	0.827803	0.367132	-0.424213
06853	10.947185	0.099608	-1.287724	-0.020744	-1.765675	0.101163	0.362526	0.263480	0.893954	0.439802	-0.894048	0.085154	0.821675	0.362292	-0.439995
06854	11.267199	-0.873773	-1.175685	0.065541	-1.871976	0.088000	0.378202	0.269462	0.885637	0.439997	-0.894050	0.084125	0.814473	0.357862	-0.456694
06855	11.792051	-1.406069	-0.489695	0.178569	-1.988981	0.063819	0.394550	0.275941	0.876463	0.441132	-0.893618	0.082762	0.806060	0.353982	-0.474303
06856	12.431099	-1.388993	-0.419592	0.304511	-2.102173	0.059949	0.411632	0.282842	0.866348	0.443317	-0.892715	0.080815	0.796260	0.350801	-0.492858
06857	12.950115	-1.352949	-0.416427	0.354954	-2.205540	0.078047	0.429373	0.289753	0.855384	0.445676	-0.891758	0.078360	0.785501	0.347579	-0.512033
06858	13.891598	-1.263462	-1.427258	0.359072	-2.265291	0.089740	0.447413	0.296816	0.843636	0.448071	-0.890781	0.075773	0.773986	0.344107	-0.531542
06859	14.067048	-1.455003	-1.172414	0.395928	-2.239098	0.108069	0.465044	0.303382	0.831681	0.450476	-0.889823	0.072702	0.762106	0.340842	-0.550474
06860	14.203215	-1.329346	-0.671802	0.503148	-2.262964	0.135689	0.482733	0.309888	0.819108	0.453625	-0.888532	0.068814	0.749128	0.338349	-0.569497
06861	14.710813	-0.519677	-0.392906	0.616556	-2.277435	0.168515	0.500358	0.315879	0.806141	0.457187	-0.887077	0.063825	0.735270	0.336622	-0.588272
06862	14.938547	0.275947	-0.499090	0.694202	-2.260387	0.225934	0.517825	0.321501	0.792777	0.461083	-0.885465	0.057920	0.720597	0.335543	-0.606754
06863	14.679490	1.367273	-0.086326	0.713835	-2.209346	0.267342	0.534775	0.326281	0.779459	0.464539	-0.884062	0.051354	0.705846	0.334626	-0.624345
06864	14.329765	2.127017	-1.398250	0.639097	-2.188270	0.311877	0.551488	0.330858	0.765764	0.467303	-0.882954	0.044949	0.691006	0.333055	-0.641549
06865	13.648260	2.398930	-1.850808	0.560586	-2.227694	0.336288	0.568242	0.334991	0.751586	0.469007	-0.882347	0.038677	0.676117	0.330521	-0.658500
06866	12.884640	2.523502	-2.034464	0.487171	-2.236150	0.312683	0.584636	0.339614	0.736792	0.470457	-0.881800	0.033151	0.660962	0.327247	-0.675306
06867	11.933889	3.310925	-3.380457	0.275535	-2.183024	0.248416	0.600030	0.344197	0.722144	0.470525	-0.881897	0.029380	0.646970	0.322158	-0.691118
06868	10.770981	3.462176	-5.136815	0.050093	-2.171771	0.245594	0.615066	0.348976	0.707043	0.469351	-0.882589	0.027326	0.633565	0.315044	-0.706642
06869	10.237216	3.372502	-4.739998	-0.199055	-2.273418	0.219924	0.630295	0.353779	0.691063	0.466482	-0.884114	0.027146	0.620582	0.305258	-0.722284
06870	11.273448	2.094469	-6.909619	-0.308416	-2.330811	0.108542	0.645085	0.359831	0.674082	0.463895	-0.885425	0.028708	0.607179	0.294184	-0.738098
06871	11.078291	2.395419	-5.038657	-0.181286	-2.032572	0.074097	0.657593	0.364759	0.659183	0.462069	-0.886353	0.029508	0.595032	0.285184	-0.751403
