// General information: 
//  MT Manager version: 2022.2.0 
//  XDA version: 2022.2.0 build 7381 rev 124627 built on 2023-07-19
// Device information: 
//  DeviceId: 00B4CBA7
//  ProductCode: MTW2-3A7G6
//  Firmware Version: 4.6.0
//  Hardware Version: 2.0.0
// Device settings: 
//  Filter Profile: human(46.1)
//  Option Flags: Orientation Smoother Disabled, Position/Velocity Smoother Disabled, Continuous Zero Rotation Update Disabled, AHS Disabled, ICC Disabled
// Coordinate system: ENU
PacketCounter	Acc_X	Acc_Y	Acc_Z	Gyr_X	Gyr_Y	Gyr_Z	Mat[1][1]	Mat[2][1]	Mat[3][1]	Mat[1][2]	Mat[2][2]	Mat[3][2]	Mat[1][3]	Mat[2][3]	Mat[3][3]
49332	9.733980	0.030118	-0.858229	-0.004385	-0.000268	0.002174	-0.080694	-0.032836	0.996198	-0.398527	0.917154	-0.002050	-0.913600	-0.397178	-0.087095
49333	9.706807	0.026617	-0.817915	-0.001512	-0.002653	0.006248	-0.080718	-0.032808	0.996197	-0.398519	0.917157	-0.002085	-0.913601	-0.397172	-0.087106
49334	9.706503	0.020618	-0.877803	-0.002329	-0.004453	0.003469	-0.080689	-0.032791	0.996200	-0.398499	0.917166	-0.002087	-0.913613	-0.397153	-0.087072
49335	9.711929	0.060744	-0.842012	-0.004725	-0.005037	0.003861	-0.080725	-0.032795	0.996197	-0.398463	0.917182	-0.002095	-0.913625	-0.397117	-0.087107
49336	9.737919	0.009219	-0.887824	-0.001746	-0.003340	0.002602	-0.080783	-0.032885	0.996189	-0.398477	0.917176	-0.002036	-0.913614	-0.397123	-0.087196
49337	9.733839	0.028326	-0.859890	0.000477	-0.002969	0.004466	-0.080803	-0.032875	0.996188	-0.398489	0.917171	-0.002055	-0.913607	-0.397136	-0.087211
49338	9.737855	0.008549	-0.888534	0.001475	-0.005299	0.002161	-0.080837	-0.032944	0.996183	-0.398532	0.917152	-0.002009	-0.913585	-0.397173	-0.087269
49339	9.757165	0.055772	-0.813345	0.002874	-0.002385	0.004074	-0.080850	-0.032935	0.996182	-0.398566	0.917138	-0.002026	-0.913569	-0.397208	-0.087278
49340	9.738071	0.013308	-0.829834	-0.005888	-0.007264	0.005597	-0.080977	-0.032934	0.996172	-0.398521	0.917157	-0.002074	-0.913578	-0.397163	-0.087393
49341	9.724159	0.005901	-0.869638	-0.007771	-0.002865	0.002046	-0.080987	-0.032945	0.996171	-0.398459	0.917184	-0.002061	-0.913604	-0.397100	-0.087407
49342	9.737675	0.007324	-0.890521	-0.005299	-0.010494	0.001901	-0.081104	-0.032990	0.996159	-0.398349	0.917232	-0.002056	-0.913641	-0.396986	-0.087533
49343	9.761008	0.035192	-0.844022	0.000893	-0.006413	0.003028	-0.081151	-0.033007	0.996155	-0.398365	0.917225	-0.002061	-0.913630	-0.397001	-0.087582
49344	9.741886	-0.007142	-0.860694	0.002708	-0.006942	0.003503	-0.081171	-0.032992	0.996154	-0.398341	0.917235	-0.002081	-0.913639	-0.396978	-0.087595
49345	9.715540	0.038103	-0.875348	0.004108	-0.004028	0.005415	-0.081205	-0.032977	0.996152	-0.398384	0.917216	-0.002112	-0.913617	-0.397023	-0.087620
49346	9.723877	0.004294	-0.872798	0.005105	-0.006359	0.003110	-0.081301	-0.033053	0.996141	-0.398470	0.917179	-0.002089	-0.913571	-0.397103	-0.087738
49347	9.729009	0.038877	-0.896713	0.000894	-0.006413	0.003029	-0.081348	-0.033069	0.996137	-0.398487	0.917172	-0.002094	-0.913559	-0.397118	-0.087788
49348	9.727793	-0.015826	-0.902280	0.009317	-0.006305	0.003191	-0.081425	-0.033149	0.996128	-0.398660	0.917096	-0.002068	-0.913477	-0.397285	-0.087890
49349	9.723704	0.003115	-0.874725	0.018974	-0.007840	0.004695	-0.081491	-0.033156	0.996122	-0.398840	0.917018	-0.002106	-0.913392	-0.397465	-0.087953
49350	9.728836	0.037424	-0.898647	0.016336	-0.004767	0.004270	-0.081476	-0.033283	0.996119	-0.399119	0.916897	-0.002010	-0.913272	-0.397734	-0.087989
49351	9.720429	0.070100	-0.902104	0.012943	-0.003019	0.006969	-0.081508	-0.033251	0.996118	-0.399243	0.916843	-0.002064	-0.913215	-0.397861	-0.088005
49352	9.728774	0.036066	-0.899377	0.004110	-0.004027	0.005417	-0.081559	-0.033272	0.996113	-0.399320	0.916809	-0.002072	-0.913177	-0.397937	-0.088060
49353	9.705633	0.013049	-0.887505	0.008495	-0.003762	0.003241	-0.081582	-0.033277	0.996111	-0.399407	0.916772	-0.002085	-0.913137	-0.398023	-0.088083
49354	9.733064	0.021036	-0.868825	0.001951	-0.003922	0.009459	-0.081621	-0.033201	0.996110	-0.399439	0.916757	-0.002174	-0.913119	-0.398062	-0.088089
49355	9.715112	0.032631	-0.880306	0.001714	-0.004610	0.005812	-0.081662	-0.033185	0.996107	-0.399460	0.916748	-0.002207	-0.913106	-0.398086	-0.088120
49356	9.709883	-0.002697	-0.857395	0.000071	-0.003868	0.003079	-0.081652	-0.033170	0.996109	-0.399346	0.916798	-0.002206	-0.913157	-0.397972	-0.088104
49357	9.668830	-0.013420	-0.856498	0.000718	-0.002279	0.008116	-0.081681	-0.033124	0.996108	-0.399357	0.916793	-0.002261	-0.913150	-0.397987	-0.088112
49358	9.691928	0.008456	-0.868906	-0.013152	-0.000795	0.006532	-0.081647	-0.033191	0.996109	-0.399287	0.916823	-0.002179	-0.913183	-0.397911	-0.088108
49359	9.731386	-0.041821	-0.934792	-0.000101	-0.004081	0.005337	-0.081681	-0.033178	0.996106	-0.399293	0.916821	-0.002205	-0.913178	-0.397918	-0.088134
49360	9.750478	-0.000318	-0.919005	0.006266	0.000211	0.004203	-0.081694	-0.033178	0.996105	-0.399327	0.916806	-0.002214	-0.913162	-0.397952	-0.088147
49361	9.814971	0.037308	-0.872993	0.007329	-0.001644	0.007803	-0.081716	-0.033133	0.996105	-0.399398	0.916775	-0.002271	-0.913128	-0.398028	-0.088148
49362	9.824529	0.057500	-0.865049	0.002292	0.000847	0.007770	-0.081732	-0.033069	0.996106	-0.399336	0.916802	-0.002330	-0.913154	-0.397971	-0.088138
49363	9.787490	0.027167	-0.892198	-0.003903	-0.003232	0.006647	-0.081764	-0.033040	0.996104	-0.399306	0.916815	-0.002366	-0.913164	-0.397944	-0.088155
49364	9.746814	0.021636	-0.831526	0.000545	0.001854	0.013202	-0.081711	-0.032916	0.996112	-0.399260	0.916835	-0.002455	-0.913189	-0.397908	-0.088058
49365	9.728905	0.033046	-0.842597	0.005104	-0.002015	0.005940	-0.081729	-0.032890	0.996112	-0.399312	0.916812	-0.002491	-0.913165	-0.397963	-0.088063
49366	9.701404	0.023686	-0.861974	0.005757	-0.004771	0.008152	-0.081927	-0.033002	0.996092	-0.399539	0.916713	-0.002490	-0.913048	-0.398181	-0.088289
49367	9.719264	0.010486	-0.851471	0.008978	-0.006732	0.007711	-0.081996	-0.032978	0.996087	-0.399626	0.916675	-0.002547	-0.913004	-0.398271	-0.088342
49368	9.728777	0.030711	-0.844162	0.015178	-0.007000	0.006009	-0.082130	-0.033008	0.996075	-0.399805	0.916597	-0.002591	-0.912913	-0.398448	-0.088477
49369	9.720387	0.063370	-0.847910	0.017577	-0.006418	0.005616	-0.082187	-0.033003	0.996070	-0.399972	0.916524	-0.002635	-0.912835	-0.398617	-0.088527
49370	9.729540	0.077875	-0.900037	0.005589	-0.004981	0.010412	-0.082318	-0.032921	0.996062	-0.399885	0.916561	-0.002754	-0.912862	-0.398537	-0.088614
49371	9.741790	0.024259	-0.925829	-0.000268	-0.008635	0.004774	-0.082392	-0.032932	0.996056	-0.399889	0.916559	-0.002774	-0.912853	-0.398541	-0.088687
49372	9.737740	0.043068	-0.898469	-0.000608	-0.009058	0.009291	-0.082392	-0.032918	0.996056	-0.399870	0.916567	-0.002785	-0.912861	-0.398523	-0.088681
49373	9.732064	0.001882	-0.935358	-0.009106	-0.005292	0.006049	-0.082441	-0.032904	0.996053	-0.399793	0.916601	-0.002810	-0.912890	-0.398447	-0.088720
49374	9.736384	-0.012531	-0.904463	-0.008113	-0.003279	0.006570	-0.082423	-0.033050	0.996049	-0.399902	0.916554	-0.002680	-0.912844	-0.398543	-0.088762
49375	9.744671	-0.046549	-0.901746	-0.000268	-0.004290	0.007599	-0.082469	-0.033018	0.996047	-0.399905	0.916553	-0.002728	-0.912839	-0.398549	-0.088791
49376	9.732357	0.005483	-0.876949	0.006754	-0.002758	0.008674	-0.082425	-0.032902	0.996054	-0.399841	0.916580	-0.002811	-0.912871	-0.398495	-0.088705
49377	9.733595	0.058989	-0.872437	0.001549	-0.004821	0.008074	-0.082477	-0.032867	0.996051	-0.399860	0.916572	-0.002865	-0.912858	-0.398517	-0.088739
49378	9.737930	0.044443	-0.841462	-0.003318	-0.002116	0.005782	-0.082503	-0.032863	0.996049	-0.399798	0.916599	-0.002874	-0.912883	-0.398455	-0.088761
49379	9.682903	0.026726	-0.879907	-0.001090	-0.006092	0.004821	-0.082553	-0.032864	0.996045	-0.399795	0.916600	-0.002893	-0.912879	-0.398453	-0.088807
49380	9.755748	0.030824	-0.831473	0.002203	-0.007577	0.010288	-0.082666	-0.032702	0.996041	-0.399721	0.916632	-0.003080	-0.912902	-0.398393	-0.088846
49381	9.750043	-0.010394	-0.868333	-0.001090	-0.006091	0.004821	-0.082717	-0.032702	0.996036	-0.399717	0.916633	-0.003100	-0.912899	-0.398389	-0.088892
49382	9.773120	0.011405	-0.881306	0.008403	-0.007848	0.008583	-0.082781	-0.032696	0.996031	-0.399752	0.916618	-0.003135	-0.912878	-0.398425	-0.088949
49383	9.759504	0.009006	-0.861909	0.011625	-0.009811	0.008142	-0.082879	-0.032680	0.996024	-0.399861	0.916570	-0.003199	-0.912821	-0.398537	-0.089032
49384	9.719680	0.052384	-0.856719	0.014023	-0.009231	0.007748	-0.082872	-0.032581	0.996027	-0.399859	0.916571	-0.003288	-0.912823	-0.398543	-0.088986
49385	9.733146	0.053090	-0.877809	0.008575	-0.007636	0.006325	-0.082942	-0.032573	0.996022	-0.399942	0.916534	-0.003331	-0.912780	-0.398627	-0.089047
49386	9.733072	0.052255	-0.878677	-0.001183	-0.010168	0.010167	-0.083148	-0.032526	0.996006	-0.399889	0.916557	-0.003451	-0.912785	-0.398578	-0.089217
49387	9.737385	0.037613	-0.848072	-0.017118	-0.004482	0.007289	-0.083194	-0.032497	0.996003	-0.399736	0.916624	-0.003482	-0.912847	-0.398428	-0.089248
49388	9.745159	-0.002272	-0.905268	-0.003747	-0.010960	0.012822	-0.083240	-0.032506	0.995999	-0.399709	0.916636	-0.003489	-0.912855	-0.398400	-0.089293
49389	9.753359	-0.036674	-0.903132	-0.002417	-0.008525	0.008823	-0.083328	-0.032479	0.995993	-0.399689	0.916644	-0.003548	-0.912855	-0.398383	-0.089364
49390	9.735373	-0.025173	-0.915028	0.003614	-0.009009	0.009376	-0.083391	-0.032462	0.995988	-0.399656	0.916658	-0.003586	-0.912864	-0.398352	-0.089415
49391	9.721771	-0.027631	-0.895535	0.004608	-0.006997	0.009895	-0.083470	-0.032419	0.995983	-0.399700	0.916639	-0.003661	-0.912838	-0.398400	-0.089470
49392	9.717314	-0.014706	-0.927661	0.011630	-0.009815	0.008143	-0.083587	-0.032447	0.995972	-0.399841	0.916577	-0.003697	-0.912765	-0.398540	-0.089587
49393	9.742221	0.066807	-0.876353	0.009405	-0.005838	0.009104	-0.083652	-0.032406	0.995968	-0.399930	0.916538	-0.003768	-0.912720	-0.398632	-0.089631
49394	9.765817	0.094144	-0.829659	-0.002489	-0.004657	0.005741	-0.083721	-0.032330	0.995965	-0.399820	0.916586	-0.003856	-0.912762	-0.398529	-0.089664
49395	9.720347	0.097346	-0.860172	-0.013481	-0.005540	0.008244	-0.083780	-0.032296	0.995961	-0.399699	0.916638	-0.003899	-0.912810	-0.398412	-0.089705
49396	9.732471	0.043764	-0.885771	-0.019097	-0.004154	0.009083	-0.083872	-0.032198	0.995956	-0.399380	0.916777	-0.003994	-0.912941	-0.398100	-0.089752
49397	9.746446	0.050320	-0.846996	-0.028348	-0.006048	0.006152	-0.083928	-0.032185	0.995952	-0.399125	0.916888	-0.004004	-0.913047	-0.397846	-0.089798
49398	9.705970	-0.094128	-0.943957	-0.017034	-0.008343	0.010383	-0.083985	-0.032214	0.995946	-0.398996	0.916944	-0.003988	-0.913098	-0.397714	-0.089863
49399	9.717393	-0.014146	-0.872523	-0.005968	-0.011329	0.010964	-0.084108	-0.032178	0.995937	-0.398942	0.916967	-0.004065	-0.913111	-0.397663	-0.089961
49400	9.726936	0.005874	-0.865649	0.002625	-0.011025	0.008856	-0.084226	-0.032177	0.995927	-0.398939	0.916968	-0.004113	-0.913101	-0.397661	-0.090069
49401	9.726822	0.005006	-0.866933	-0.012166	-0.015397	0.009852	-0.084381	-0.032167	0.995914	-0.398830	0.917016	-0.004173	-0.913135	-0.397552	-0.090208
49402	9.730570	-0.015224	-0.896445	-0.016040	-0.010675	0.008083	-0.084467	-0.032182	0.995906	-0.398692	0.917075	-0.004180	-0.913187	-0.397413	-0.090293
49403	9.719390	-0.091534	-0.910675	0.001545	-0.017118	0.013681	-0.084653	-0.032144	0.995892	-0.398704	0.917070	-0.004290	-0.913164	-0.397430	-0.090449
49404	9.712405	-0.005320	-0.910255	0.009978	-0.012684	0.016657	-0.084734	-0.032044	0.995888	-0.398732	0.917057	-0.004418	-0.913145	-0.397467	-0.090483
49405	9.704043	0.026617	-0.914587	0.011712	-0.013693	0.011220	-0.084879	-0.032016	0.995877	-0.398839	0.917010	-0.004513	-0.913084	-0.397577	-0.090604
49406	9.708301	0.011560	-0.884874	0.004933	-0.018872	0.010981	-0.085047	-0.032050	0.995861	-0.398852	0.917004	-0.004550	-0.913063	-0.397588	-0.090772
49407	9.702291	-0.030008	-0.922927	0.002539	-0.019450	0.011381	-0.085245	-0.032043	0.995845	-0.398875	0.916994	-0.004638	-0.913035	-0.397613	-0.090950
49408	9.725275	-0.008641	-0.937109	-0.001093	-0.018382	0.010438	-0.085406	-0.032148	0.995827	-0.398965	0.916955	-0.004615	-0.912980	-0.397694	-0.091139
49409	9.737133	-0.062570	-0.964180	0.010554	-0.020262	0.010140	-0.085606	-0.032156	0.995810	-0.399062	0.916912	-0.004698	-0.912919	-0.397792	-0.091325
49410	9.719662	-0.045612	-0.917423	0.014526	-0.016562	0.009388	-0.085830	-0.032184	0.995790	-0.399178	0.916861	-0.004773	-0.912847	-0.397907	-0.091542
49411	9.748560	0.016016	-0.895124	0.028000	-0.014632	0.012386	-0.085988	-0.032149	0.995777	-0.399433	0.916749	-0.004894	-0.912721	-0.398167	-0.091671
49412	9.712622	0.039653	-0.918514	0.009494	-0.014060	0.009365	-0.086101	-0.032217	0.995765	-0.399521	0.916711	-0.004886	-0.912672	-0.398250	-0.091801
49413	9.734821	0.012416	-0.877730	0.012299	-0.016928	0.007532	-0.086261	-0.032236	0.995751	-0.399637	0.916660	-0.004945	-0.912606	-0.398365	-0.091954
49414	9.738456	-0.008118	-0.907578	0.012554	-0.016238	0.011184	-0.086416	-0.032334	0.995734	-0.399864	0.916561	-0.004939	-0.912492	-0.398585	-0.092135
49415	9.718127	0.077072	-0.886896	0.003883	-0.012667	0.010213	-0.086547	-0.032312	0.995724	-0.399901	0.916545	-0.005016	-0.912463	-0.398625	-0.092246
49416	9.733733	0.003772	-0.941856	0.000483	-0.019601	0.007276	-0.086828	-0.032304	0.995699	-0.399867	0.916559	-0.005133	-0.912451	-0.398593	-0.092500
49417	9.706633	0.000161	-0.903063	-0.005132	-0.018209	0.008123	-0.087002	-0.032323	0.995684	-0.399823	0.916578	-0.005181	-0.912454	-0.398548	-0.092667
49418	9.685539	-0.097134	-0.925703	-0.000993	-0.022243	0.013547	-0.087151	-0.032301	0.995671	-0.399731	0.916618	-0.005252	-0.912480	-0.398458	-0.092795
49419	9.668134	-0.080389	-0.879175	0.021239	-0.019813	0.012154	-0.087355	-0.032288	0.995654	-0.399924	0.916533	-0.005365	-0.912376	-0.398654	-0.092977
49420	9.664968	-0.013745	-0.907933	0.023392	-0.027870	0.016549	-0.087691	-0.032288	0.995624	-0.400103	0.916453	-0.005519	-0.912265	-0.398836	-0.093284
49421	9.731247	0.077143	-0.859896	0.018016	-0.022190	0.009784	-0.087908	-0.032308	0.995605	-0.400269	0.916381	-0.005605	-0.912172	-0.399002	-0.093489
49422	9.793738	0.053897	-0.881135	0.003886	-0.029300	0.013030	-0.088143	-0.032321	0.995583	-0.400246	0.916390	-0.005685	-0.912159	-0.398979	-0.093710
49423	9.801677	0.019160	-0.880888	-0.004123	-0.028480	0.014283	-0.088435	-0.032324	0.995557	-0.400205	0.916407	-0.005796	-0.912149	-0.398940	-0.093979
49424	9.805139	-0.001722	-0.911725	-0.000150	-0.024784	0.013522	-0.088682	-0.032324	0.995535	-0.400170	0.916422	-0.005892	-0.912140	-0.398906	-0.094205
49425	9.714566	0.010415	-0.914324	0.002915	-0.026964	0.015341	-0.088964	-0.032311	0.995511	-0.400193	0.916411	-0.006020	-0.912103	-0.398932	-0.094458
49426	9.718809	-0.004912	-0.885782	0.009936	-0.029795	0.013576	-0.089207	-0.032342	0.995488	-0.400205	0.916405	-0.006090	-0.912073	-0.398943	-0.094693
49427	9.704272	-0.013358	-0.927988	0.016959	-0.032627	0.011811	-0.089526	-0.032384	0.995458	-0.400359	0.916338	-0.006196	-0.911975	-0.399095	-0.095001
49428	9.710071	0.025579	-0.895079	0.025083	-0.032967	0.016473	-0.089976	-0.032370	0.995418	-0.400564	0.916246	-0.006412	-0.911840	-0.399305	-0.095406
49429	9.732947	0.046380	-0.910676	0.009533	-0.030694	0.012201	-0.090280	-0.032401	0.995389	-0.400649	0.916208	-0.006515	-0.911773	-0.399390	-0.095697
49430	9.746060	0.046504	-0.934089	0.000528	-0.031881	0.012950	-0.090492	-0.032458	0.995368	-0.400616	0.916223	-0.006544	-0.911766	-0.399353	-0.095914
49431	9.770943	-0.006321	-0.982529	0.004500	-0.028187	0.012182	-0.090773	-0.032479	0.995342	-0.400655	0.916205	-0.006642	-0.911721	-0.399392	-0.096179
49432	9.716208	-0.018916	-0.963227	-0.003089	-0.026462	0.014832	-0.091034	-0.032553	0.995316	-0.400658	0.916203	-0.006680	-0.911694	-0.399389	-0.096449
49433	9.671568	-0.138945	-0.974068	-0.008622	-0.033275	0.015971	-0.091376	-0.032560	0.995284	-0.400574	0.916239	-0.006802	-0.911697	-0.399307	-0.096765
49434	9.590332	-0.282746	-0.952248	-0.010017	-0.031838	0.016892	-0.091628	-0.032719	0.995256	-0.400624	0.916218	-0.006763	-0.911649	-0.399343	-0.097060
49435	9.478474	-0.367192	-0.974981	0.039529	-0.020842	0.019660	-0.091872	-0.032643	0.995236	-0.400976	0.916062	-0.006968	-0.911470	-0.399706	-0.097249
49436	9.395536	-0.351747	-0.766510	0.034014	-0.015645	0.006979	-0.091953	-0.032663	0.995227	-0.401252	0.915941	-0.007013	-0.911340	-0.399982	-0.097330
49437	9.632317	-0.400818	-0.933779	0.085003	0.061474	0.019760	-0.091447	-0.032257	0.995287	-0.402018	0.915603	-0.007263	-0.911054	-0.400788	-0.096697
49438	9.515989	-0.137809	-0.426166	0.186956	0.161549	0.061551	-0.090202	-0.031056	0.995439	-0.403617	0.914893	-0.008031	-0.910471	-0.402501	-0.095060
49439	8.910348	0.169907	0.497984	0.121829	0.158365	0.090089	-0.089099	-0.029614	0.995582	-0.404655	0.914425	-0.009014	-0.910119	-0.403670	-0.093458
49440	8.429112	0.297379	0.518271	-0.106444	0.005550	0.081413	-0.089357	-0.028856	0.995582	-0.403569	0.914898	-0.009704	-0.910575	-0.402653	-0.093398
49441	8.583327	-0.125316	0.441527	-0.238516	-0.140524	0.065440	-0.090875	-0.028842	0.995445	-0.401346	0.915871	-0.010103	-0.911407	-0.400436	-0.094805
49442	9.001623	-0.037017	0.561143	-0.229698	-0.199118	0.058210	-0.092997	-0.029110	0.995241	-0.399156	0.916823	-0.010482	-0.912155	-0.398231	-0.096881
49443	9.187590	0.336182	0.510347	-0.237072	-0.285361	0.066537	-0.095841	-0.029653	0.994955	-0.396939	0.917780	-0.010882	-0.912827	-0.395979	-0.099731
49444	9.417781	0.887290	0.755842	-0.286459	-0.368218	0.073644	-0.099535	-0.030449	0.994568	-0.394259	0.918930	-0.011324	-0.913593	-0.393244	-0.103471
49445	9.688044	1.119221	0.502536	-0.446875	-0.448191	0.075141	-0.103903	-0.031532	0.994087	-0.390106	0.920697	-0.011570	-0.914889	-0.389002	-0.107964
49446	9.945758	1.285480	0.579733	-0.512785	-0.500044	0.079177	-0.108778	-0.032749	0.993526	-0.385281	0.922724	-0.011768	-0.916366	-0.384067	-0.112990
49447	10.065275	0.863769	0.631500	-0.558759	-0.555115	0.086369	-0.114175	-0.034090	0.992876	-0.380070	0.924880	-0.011951	-0.917884	-0.378727	-0.118555
49448	10.107529	0.502634	0.831155	-0.455322	-0.599645	0.102452	-0.120055	-0.035442	0.992134	-0.375771	0.926630	-0.012368	-0.918903	-0.374300	-0.124564
49449	9.946147	0.309490	1.139875	-0.408162	-0.656953	0.119849	-0.126518	-0.036798	0.991282	-0.371882	0.928189	-0.013007	-0.919618	-0.370285	-0.131117
49450	9.586218	-0.234962	1.115312	-0.326319	-0.741802	0.131491	-0.133978	-0.038320	0.990243	-0.368684	0.929451	-0.013914	-0.919849	-0.366951	-0.138654
49451	9.306729	-0.709608	1.395435	-0.137517	-0.838479	0.148832	-0.142213	-0.040028	0.989026	-0.367224	0.930009	-0.015164	-0.919196	-0.365351	-0.146959
49452	9.260029	-0.958784	1.541625	0.062762	-0.925909	0.168494	-0.151178	-0.041907	0.987618	-0.367601	0.929832	-0.016815	-0.917614	-0.365591	-0.155975
49453	9.397477	-0.871305	1.477330	0.293842	-1.007483	0.174184	-0.161029	-0.044005	0.985968	-0.370033	0.928825	-0.018979	-0.914957	-0.367897	-0.165851
49454	9.263692	-0.139398	1.697528	0.426922	-1.091985	0.163805	-0.171505	-0.046598	0.984081	-0.373740	0.927291	-0.021226	-0.911540	-0.371431	-0.176450
49455	9.033564	0.360362	1.913351	0.373778	-1.210961	0.145641	-0.183045	-0.049786	0.981843	-0.376895	0.925963	-0.023312	-0.907990	-0.374318	-0.188257
49456	8.894335	0.457607	2.160012	0.262208	-1.354723	0.128165	-0.195760	-0.053769	0.979177	-0.379115	0.925012	-0.024999	-0.904406	-0.376114	-0.201465
49457	8.861799	0.225460	2.450356	0.138490	-1.501227	0.109269	-0.209702	-0.058430	0.976018	-0.380156	0.924547	-0.026330	-0.900837	-0.376561	-0.216092
49458	8.919912	0.081403	2.691485	0.057254	-1.653155	0.065642	-0.224802	-0.064031	0.972298	-0.380554	0.924361	-0.027113	-0.897019	-0.376107	-0.232165
49459	9.113226	-0.051751	2.865975	0.032968	-1.823332	0.014964	-0.241152	-0.070764	0.967904	-0.380828	0.924243	-0.027311	-0.892646	-0.375191	-0.249832
49460	9.419843	0.194028	3.409439	0.055249	-1.972777	-0.060386	-0.258537	-0.078805	0.962781	-0.381610	0.923934	-0.026849	-0.887430	-0.374348	-0.268944
49461	10.115768	0.446486	2.966001	0.028038	-2.092580	-0.113031	-0.276595	-0.087690	0.956978	-0.382175	0.923729	-0.025817	-0.881724	-0.372874	-0.289011
49462	10.953248	0.144665	2.110007	-0.044409	-2.258138	-0.157002	-0.295928	-0.097535	0.950218	-0.382348	0.923700	-0.024263	-0.875349	-0.370494	-0.310641
49463	11.937383	0.152378	0.897398	-0.030890	-2.359115	-0.221644	-0.315627	-0.108313	0.942681	-0.382773	0.923580	-0.022041	-0.868254	-0.367789	-0.332965
49464	13.078110	-0.446949	-1.219722	-0.041107	-2.439222	-0.277290	-0.335704	-0.119913	0.934304	-0.383469	0.923353	-0.019277	-0.860380	-0.364748	-0.355956
49465	14.579408	1.135318	-0.876911	0.170688	-2.402871	-0.286651	-0.355148	-0.131328	0.925539	-0.385938	0.922364	-0.017215	-0.851424	-0.363314	-0.378260
49466	14.525287	0.591187	-2.875044	-0.163190	-2.386995	-0.206468	-0.374664	-0.141792	0.916254	-0.385344	0.922654	-0.014788	-0.843289	-0.358614	-0.400324
49467	13.391195	1.018470	-3.390424	-0.042363	-2.331843	-0.151349	-0.393623	-0.151529	0.906697	-0.385589	0.922576	-0.013213	-0.834495	-0.354813	-0.421575
49468	12.103091	1.955744	-4.447654	-0.054464	-2.271077	-0.086976	-0.412225	-0.160516	0.896831	-0.385735	0.922529	-0.012186	-0.825397	-0.350962	-0.442206
49469	11.681393	1.163709	-6.514151	-0.318657	-2.204791	-0.104634	-0.429914	-0.169170	0.886880	-0.383578	0.923457	-0.009792	-0.817339	-0.344397	-0.461896
49470	11.907473	1.566964	-6.160297	-0.365723	-2.020163	-0.236082	-0.445557	-0.178319	0.877315	-0.381732	0.924253	-0.006009	-0.809790	-0.337577	-0.479878
49471	12.287749	0.266064	-6.325973	-0.672589	-1.812688	-0.397031	-0.458659	-0.188047	0.868487	-0.378120	0.925756	0.000757	-0.804150	-0.328045	-0.495711
49472	12.602319	-1.071241	-5.472661	-0.737860	-1.541702	-0.536903	-0.469111	-0.198024	0.860652	-0.374784	0.927068	0.009024	-0.799670	-0.318325	-0.509114
49473	12.499791	-3.215149	-6.065164	-0.700570	-1.167933	-0.575289	-0.476269	-0.207050	0.854575	-0.371932	0.928093	0.017578	-0.796765	-0.309472	-0.519031
49474	11.287752	-4.147769	-5.881677	-0.156974	-0.730995	-0.577088	-0.480198	-0.214739	0.850469	-0.373601	0.927299	0.023193	-0.793619	-0.306599	-0.525514
49475	10.093020	-4.024434	-5.357190	0.467309	-0.325107	-0.528780	-0.480766	-0.220661	0.848630	-0.379864	0.924698	0.025240	-0.790296	-0.310230	-0.528384
49476	9.424273	-2.826281	-4.323895	1.000580	0.137920	-0.463730	-0.478165	-0.224541	0.849081	-0.390148	0.920447	0.023700	-0.786856	-0.319934	-0.527730
49477	8.694677	-1.603242	-3.609579	1.200261	0.642377	-0.417448	-0.471449	-0.226301	0.852364	-0.401586	0.915582	0.020965	-0.785153	-0.332413	-0.522529
49478	8.095037	-0.390401	-3.490975	1.100461	1.082147	-0.405028	-0.461362	-0.226440	0.857829	-0.412337	0.910840	0.018669	-0.785572	-0.345101	-0.513596
49479	8.169819	0.357112	-3.432516	0.812904	1.473574	-0.426107	-0.447971	-0.225171	0.865228	-0.420695	0.907019	0.018232	-0.788884	-0.355830	-0.501047
49480	8.683896	0.559922	-3.015693	0.415363	1.835163	-0.439656	-0.431485	-0.222504	0.874250	-0.426064	0.904474	0.019913	-0.795167	-0.363895	-0.485068
49481	8.999630	0.342746	-3.030776	0.016539	2.202233	-0.386220	-0.412207	-0.217948	0.884637	-0.427847	0.903552	0.023248	-0.804383	-0.368906	-0.465700
49482	9.287509	-0.335360	-3.235171	-0.198794	2.541973	-0.305909	-0.390097	-0.211385	0.896181	-0.427656	0.903539	0.026967	-0.815435	-0.372738	-0.442868
49483	9.282462	-0.675118	-3.128792	-0.337430	2.842707	-0.216888	-0.365801	-0.202731	0.908344	-0.425724	0.904343	0.030393	-0.827616	-0.375586	-0.417117
49484	9.434300	-1.104722	-3.221122	-0.511923	3.124007	-0.103311	-0.339068	-0.191833	0.920996	-0.421949	0.906005	0.033369	-0.840828	-0.377299	-0.388141
49485	9.201731	-1.763870	-3.631291	-0.528493	3.341054	0.039190	-0.310904	-0.178868	0.933458	-0.417362	0.908066	0.034993	-0.853901	-0.378710	-0.356974
49486	9.070923	-2.145629	-3.513591	-0.393334	3.514255	0.165595	-0.281142	-0.163958	0.945556	-0.413623	0.909784	0.034773	-0.865953	-0.381328	-0.323596
49487	9.028794	-2.249862	-3.496837	-0.264955	3.653719	0.289807	-0.250481	-0.147346	0.956843	-0.410562	0.911241	0.032847	-0.876754	-0.384616	-0.288744
49488	9.170779	-2.135084	-3.405590	-0.023239	3.789474	0.389463	-0.218401	-0.129030	0.967291	-0.409596	0.911801	0.029147	-0.885738	-0.389833	-0.251989
49489	8.970546	-1.683089	-3.537349	0.116687	3.913671	0.459472	-0.185454	-0.109490	0.976534	-0.409724	0.911883	0.024430	-0.893159	-0.395578	-0.213973
49490	8.936286	-1.090236	-3.375381	0.173834	4.014507	0.530625	-0.151378	-0.088457	0.984510	-0.410539	0.911650	0.018786	-0.899190	-0.401335	-0.174319
49491	8.719160	-0.730016	-2.525827	0.064219	4.064543	0.569882	-0.117043	-0.066890	0.990872	-0.410369	0.911826	0.013081	-0.904377	-0.405092	-0.134173
49492	8.454127	-0.494373	-2.515831	-0.237725	4.121526	0.627594	-0.081910	-0.044281	0.995656	-0.407747	0.913068	0.007063	-0.909414	-0.405397	-0.092845
49493	8.099308	-0.541937	-2.835856	-0.343538	4.020424	0.644818	-0.047865	-0.022143	0.998608	-0.404211	0.914665	0.000907	-0.913412	-0.403605	-0.052731
49494	8.349902	-0.619561	-2.865329	-0.502590	3.911395	0.637458	-0.014320	-0.000348	0.999897	-0.399581	0.916682	-0.005404	-0.916586	-0.399617	-0.013266
49495	8.766395	-0.784201	-2.704809	-0.427216	3.857043	0.650728	0.018496	0.020936	0.999610	-0.395688	0.918308	-0.011911	-0.918199	-0.395313	0.025269
49496	9.005457	-0.520813	-2.249405	-0.283965	3.772345	0.682360	0.050703	0.042304	0.997817	-0.393487	0.919134	-0.018973	-0.917931	-0.391666	0.063249
49497	9.038024	0.469084	-1.533137	-0.190120	3.707229	0.725035	0.081872	0.063403	0.994624	-0.392236	0.919488	-0.026327	-0.916214	-0.387972	0.100149
49498	8.800369	1.254106	-1.745894	-0.458166	3.654115	0.805016	0.112532	0.085088	0.989998	-0.389027	0.920565	-0.034901	-0.914327	-0.381208	0.136695
49499	8.227585	1.060464	-1.808540	-0.716994	3.513275	0.868322	0.141290	0.106291	0.984246	-0.383590	0.922428	-0.044550	-0.912631	-0.371252	0.171102
49500	8.054479	-0.128917	-1.206030	-0.958998	3.338871	0.880079	0.168714	0.126774	0.977478	-0.376436	0.924810	-0.054969	-0.910951	-0.358684	0.203751
49501	8.420007	-2.001243	-1.263168	-1.066144	3.144378	0.831577	0.194252	0.145513	0.970099	-0.368252	0.927425	-0.065373	-0.909207	-0.344542	0.233740
49502	8.636489	-3.949520	-1.735746	-0.820060	2.967672	0.739339	0.218660	0.162630	0.962154	-0.362493	0.928992	-0.074644	-0.905973	-0.332452	0.262085
49503	8.521665	-4.798051	-0.948440	0.133151	2.771649	0.569188	0.241622	0.177061	0.954080	-0.365014	0.927584	-0.079704	-0.899102	-0.328994	0.288754
49504	8.227160	-4.397272	-0.169474	1.104661	2.654820	0.383546	0.264014	0.189607	0.945699	-0.376018	0.923143	-0.080110	-0.888205	-0.334449	0.315018
49505	7.468042	-3.358988	0.446433	2.044176	2.480408	0.218805	0.285038	0.200069	0.937404	-0.394634	0.915735	-0.075448	-0.873509	-0.348426	0.339973
49506	6.999901	-1.877242	1.944855	2.786327	2.136946	0.059865	0.303322	0.208486	0.929801	-0.419065	0.905530	-0.066335	-0.855792	-0.369526	0.362036
49507	7.132151	-0.159849	3.331519	3.016612	1.809344	-0.068209	0.318950	0.214752	0.923121	-0.444397	0.894172	-0.054472	-0.837127	-0.392858	0.380632
49508	7.060632	1.436784	3.936826	3.106380	1.438767	-0.143865	0.331561	0.219508	0.917542	-0.469797	0.881813	-0.041195	-0.818143	-0.417400	0.395499
49509	6.562428	3.183169	4.711646	2.772125	1.007322	-0.158313	0.340498	0.222420	0.913559	-0.491721	0.870282	-0.028612	-0.801418	-0.439474	0.405698
49510	6.371821	4.024726	5.019650	2.152509	0.455624	-0.126527	0.344806	0.223557	0.911664	-0.508548	0.860829	-0.018751	-0.788979	-0.457160	0.410509
49511	6.358029	4.685078	4.852402	1.345552	-0.072862	-0.079296	0.344659	0.222524	0.911972	-0.518853	0.854773	-0.012479	-0.782306	-0.468878	0.410062
49512	6.640873	4.901981	3.749802	0.469538	-0.600208	-0.029352	0.340188	0.219599	0.914357	-0.522539	0.852553	-0.010344	-0.781809	-0.474268	0.404777
49513	7.686988	5.262167	3.016267	-0.329872	-1.027273	-0.005892	0.332180	0.214664	0.918464	-0.519938	0.854125	-0.011581	-0.786970	-0.473697	0.395335
49514	9.587671	5.107257	1.649904	-1.084042	-1.305314	0.005845	0.321900	0.208687	0.923488	-0.511467	0.859157	-0.015868	-0.796732	-0.467226	0.383299
49515	12.830709	4.810915	3.157790	-1.627196	-1.367668	-0.081979	0.311349	0.201650	0.928654	-0.498148	0.866833	-0.021213	-0.809265	-0.456003	0.370339
49516	16.195673	-0.115550	4.122962	-2.167405	-1.231428	-0.121804	0.301988	0.195129	0.933128	-0.480135	0.876749	-0.027953	-0.823573	-0.439586	0.358456
49517	17.070251	-4.015031	4.120239	-2.400417	-0.871278	-0.153579	0.295491	0.190012	0.936259	-0.459748	0.887360	-0.034988	-0.837446	-0.420105	0.349565
49518	12.586154	-5.474257	4.121115	-1.661718	-0.693233	-0.315469	0.291167	0.184394	0.938733	-0.444894	0.894787	-0.037769	-0.846931	-0.406640	0.342568
49519	8.298952	-4.016754	4.201254	-0.815399	-0.743576	-0.507268	0.287101	0.176826	0.941438	-0.436507	0.898991	-0.035736	-0.852663	-0.400684	0.335287
49520	7.106384	-1.941972	3.187783	0.000084	-0.969154	-0.588455	0.281466	0.167738	0.944797	-0.434929	0.899958	-0.030207	-0.855344	-0.402417	0.326262
49521	8.155523	1.069120	2.473624	0.163579	-1.221384	-0.582931	0.273554	0.157538	0.948868	-0.434722	0.900241	-0.024136	-0.858012	-0.405891	0.314750
49522	10.364486	1.986856	1.501762	-0.483432	-1.408063	-0.495526	0.263652	0.147463	0.953280	-0.429318	0.902911	-0.020934	-0.863813	-0.403741	0.301363
49523	10.931049	1.050623	0.650166	-1.174879	-1.506089	-0.387692	0.252235	0.137919	0.957787	-0.418127	0.908153	-0.020657	-0.872666	-0.395267	0.286736
49524	10.538252	1.182553	1.046878	-1.512554	-1.500511	-0.391824	0.240756	0.128574	0.962032	-0.403965	0.914530	-0.021131	-0.882524	-0.383540	0.272118
49525	10.251968	0.314995	0.282735	-1.842186	-1.629667	-0.479926	0.228196	0.118021	0.966436	-0.386491	0.922046	-0.021341	-0.893617	-0.368648	0.256021
49526	10.412650	-0.703314	0.122706	-1.757903	-1.654898	-0.570953	0.215555	0.106802	0.970634	-0.369487	0.929017	-0.020169	-0.903889	-0.354289	0.239716
49527	10.298084	-1.723387	-0.762117	-1.317332	-1.610060	-0.589760	0.203092	0.095671	0.974475	-0.356304	0.934207	-0.017460	-0.912031	-0.343663	0.223818
49528	9.568995	-2.026987	-1.196826	-0.508910	-1.550255	-0.580521	0.191031	0.084987	0.977898	-0.350576	0.936445	-0.012900	-0.916844	-0.340364	0.208685
49529	9.297667	-1.218749	-1.427448	0.256613	-1.472090	-0.581155	0.179578	0.074491	0.980919	-0.351868	0.936026	-0.006665	-0.918662	-0.343958	0.194301
49530	9.997719	-0.462459	-1.702456	0.741191	-1.442437	-0.526484	0.168247	0.064594	0.983626	-0.357824	0.933789	-0.000116	-0.918507	-0.351945	0.180220
49531	10.400514	-0.137049	-1.681758	1.067219	-1.360719	-0.461474	0.157448	0.055413	0.985971	-0.366880	0.930247	0.006305	-0.916847	-0.362726	0.166796
49532	10.111582	0.546001	-1.139747	1.194021	-1.267096	-0.391127	0.147341	0.047139	0.987962	-0.377259	0.926029	0.012079	-0.914312	-0.374497	0.154226
49533	9.155556	1.298622	-0.778249	1.170849	-1.165166	-0.337388	0.138011	0.039576	0.989640	-0.387481	0.921718	0.017177	-0.911489	-0.385837	0.142542
49534	8.464561	1.552196	-0.727930	0.882694	-1.182749	-0.302188	0.128462	0.032202	0.991191	-0.395163	0.918362	0.021379	-0.909584	-0.394429	0.130699
49535	9.020219	-0.462576	-1.128562	0.777827	-1.180275	-0.308407	0.118982	0.024658	0.992590	-0.401866	0.915345	0.025433	-0.907936	-0.401914	0.118819
49536	9.133873	0.078571	-0.558745	1.148778	-1.091753	-0.292665	0.110308	0.017537	0.993743	-0.411952	0.910723	0.029656	-0.904504	-0.412646	0.107685
49537	9.575725	-0.410681	-0.613050	1.350085	-1.075649	-0.269008	0.101745	0.010574	0.994754	-0.423864	0.905098	0.033733	-0.899993	-0.425072	0.096571
49538	10.155486	0.594350	-0.164096	1.777125	-0.984622	-0.267269	0.094091	0.003900	0.995556	-0.439558	0.897409	0.038028	-0.893273	-0.441182	0.086153
49539	10.445338	1.861740	-0.348186	1.823092	-0.937422	-0.215916	0.086736	-0.002257	0.996229	-0.455597	0.889210	0.041680	-0.885950	-0.457494	0.076098
49540	10.732875	2.386505	-0.509002	1.523488	-0.888093	-0.155223	0.079638	-0.007752	0.996794	-0.468969	0.882101	0.044328	-0.879617	-0.470996	0.066613
49541	10.929883	2.653363	-0.965164	1.328761	-0.807195	-0.099374	0.073051	-0.012489	0.997250	-0.480559	0.875746	0.046169	-0.873914	-0.482610	0.057972
49542	10.457697	3.486968	-0.193812	0.879053	-0.771117	-0.046285	0.066571	-0.016664	0.997643	-0.488223	0.871445	0.047135	-0.870176	-0.490209	0.049877
49543	9.918575	1.624378	-0.384469	0.394111	-0.766144	-0.004483	0.059950	-0.020486	0.997991	-0.491662	0.869496	0.047383	-0.868720	-0.493515	0.042054
49544	9.364320	1.200003	0.630350	0.262597	-0.762292	-0.002640	0.053364	-0.024322	0.998279	-0.493939	0.868195	0.047556	-0.867858	-0.495626	0.034317
49545	9.121453	0.784810	1.137930	0.225343	-0.791992	-0.000529	0.046515	-0.028273	0.998517	-0.495909	0.867066	0.047652	-0.867128	-0.497391	0.026311
49546	9.178080	1.090156	1.518108	0.155320	-0.853444	-0.023333	0.039260	-0.032765	0.998692	-0.497257	0.866276	0.047969	-0.866715	-0.498489	0.017718
49547	9.218013	0.936627	1.929519	-0.026570	-0.905165	-0.025009	0.031556	-0.037506	0.998798	-0.497034	0.866389	0.048237	-0.867157	-0.497959	0.008698
49548	9.129367	0.203214	1.562212	0.194884	-0.924702	-0.067074	0.023911	-0.042736	0.998800	-0.498717	0.865381	0.048966	-0.866435	-0.499289	-0.000621
49549	8.668991	2.118718	2.054825	0.343599	-0.968572	-0.073997	0.015915	-0.048238	0.998709	-0.501693	0.863616	0.049708	-0.864899	-0.501836	-0.010456
49550	8.567392	2.052853	1.622177	0.107575	-1.055660	-0.048397	0.007070	-0.053981	0.998517	-0.502673	0.863017	0.050215	-0.864448	-0.502282	-0.021033
49551	8.973730	1.939363	1.270717	0.195799	-1.080785	-0.093903	-0.001776	-0.060239	0.998182	-0.504379	0.861968	0.051122	-0.863481	-0.503371	-0.031914
49552	9.199237	2.548539	1.150780	0.073659	-1.095631	-0.125947	-0.010560	-0.066875	0.997706	-0.505031	0.861509	0.052400	-0.863037	-0.503319	-0.042871
49553	9.112058	3.172364	0.595708	-0.047181	-1.082739	-0.161778	-0.019069	-0.073726	0.997096	-0.504665	0.861621	0.054057	-0.863105	-0.502169	-0.053637
49554	9.113438	2.657369	-0.430673	-0.240935	-1.127265	-0.182469	-0.027847	-0.080981	0.996327	-0.502649	0.862671	0.056068	-0.864042	-0.499241	-0.064728
49555	9.187901	1.666487	-1.076751	-0.182502	-1.145461	-0.216105	-0.036644	-0.088564	0.995396	-0.501159	0.863385	0.058369	-0.864579	-0.496712	-0.076023
49556	9.470675	0.783398	-1.201040	-0.216103	-1.168910	-0.210399	-0.045657	-0.096227	0.994312	-0.499365	0.864262	0.060711	-0.865188	-0.493752	-0.087512
49557	9.838368	-0.246007	-2.130313	-0.055436	-1.154818	-0.205980	-0.054599	-0.103714	0.993107	-0.499006	0.864318	0.062829	-0.864877	-0.492137	-0.098945
49558	10.016918	-0.601040	-1.369471	0.157539	-1.144173	-0.210521	-0.063400	-0.111218	0.991772	-0.500465	0.863327	0.064821	-0.863432	-0.492237	-0.110395
49559	10.196791	-0.873326	-1.023349	0.249266	-1.149594	-0.213033	-0.072227	-0.118733	0.990296	-0.502777	0.861842	0.066662	-0.861393	-0.493083	-0.121944
49560	10.114327	-0.529847	-0.377170	0.273913	-1.153959	-0.227833	-0.080966	-0.126434	0.988665	-0.505335	0.860191	0.068620	-0.859117	-0.494051	-0.133538
49561	9.918730	-1.046683	0.063055	0.334705	-1.207761	-0.209677	-0.090244	-0.134225	0.986833	-0.508404	0.858249	0.070242	-0.856377	-0.495371	-0.145692
49562	9.763870	-1.297795	0.581255	0.505528	-1.290359	-0.171871	-0.100349	-0.142138	0.984747	-0.512925	0.855475	0.071210	-0.852548	-0.497956	-0.158752
49563	9.915244	-1.134075	1.152232	0.641049	-1.380119	-0.127073	-0.111408	-0.150133	0.982369	-0.518529	0.852073	0.071415	-0.847771	-0.501430	-0.172776
49564	9.816558	-0.904498	1.758330	0.650103	-1.499446	-0.078711	-0.123633	-0.158344	0.979613	-0.524199	0.848630	0.071015	-0.842573	-0.504733	-0.187922
49565	9.808150	-0.135396	2.470338	0.676362	-1.592835	-0.058118	-0.136684	-0.166915	0.976451	-0.529974	0.845097	0.070275	-0.836926	-0.507888	-0.203972
49566	9.565682	1.216281	2.974026	0.452397	-1.719085	-0.029302	-0.150823	-0.175880	0.972789	-0.533895	0.842683	0.069581	-0.831991	-0.508873	-0.220998
49567	9.744026	1.524949	2.450236	0.011777	-1.876448	-0.003948	-0.166367	-0.185445	0.968469	-0.534019	0.842602	0.069608	-0.828942	-0.505601	-0.239212
49568	10.162649	1.162678	1.147651	-0.336211	-2.036011	0.009493	-0.183200	-0.195577	0.963425	-0.531324	0.844243	0.070349	-0.827123	-0.499003	-0.258580
49569	10.898334	0.863718	0.235092	-0.429675	-2.156797	0.014602	-0.201078	-0.206144	0.957639	-0.527766	0.846385	0.071379	-0.825245	-0.491057	-0.278986
49570	11.874555	0.439064	-0.559505	-0.430251	-2.247941	0.039606	-0.219731	-0.216724	0.951183	-0.524262	0.848489	0.072217	-0.822720	-0.482801	-0.300059
49571	12.450839	-0.237243	-0.869713	-0.318339	-2.298546	0.062655	-0.238909	-0.227214	0.944085	-0.521527	0.850138	0.072627	-0.819104	-0.475014	-0.321604
49572	12.480972	-0.281512	-0.467220	-0.084023	-2.316271	0.070058	-0.258098	-0.237522	0.936466	-0.520813	0.850612	0.072205	-0.813720	-0.469087	-0.343246
49573	11.911773	0.037889	0.216325	0.135429	-2.395973	0.109443	-0.278062	-0.247789	0.928053	-0.521639	0.850230	0.070717	-0.806582	-0.464445	-0.365673
49574	11.202940	0.249444	1.089387	0.276606	-2.520825	0.141661	-0.298940	-0.258205	0.918676	-0.523649	0.849194	0.068279	-0.797764	-0.460652	-0.389067
49575	10.942774	-0.152704	2.064139	0.355956	-2.626327	0.174208	-0.320657	-0.268788	0.908258	-0.525954	0.848005	0.065271	-0.787751	-0.456772	-0.413289
49576	10.958467	-0.674871	1.115542	0.371792	-2.697611	0.196283	-0.342703	-0.279311	0.896961	-0.528428	0.846728	0.061772	-0.776736	-0.452810	-0.437772
49577	11.402802	-0.165737	0.675245	0.743782	-2.772954	0.199759	-0.365094	-0.290171	0.884594	-0.533471	0.843919	0.056651	-0.762964	-0.451223	-0.462908
49578	12.271546	-0.275589	1.774438	0.809062	-2.865225	0.223753	-0.387814	-0.301143	0.871156	-0.538947	0.840811	0.050729	-0.747755	-0.449833	-0.488378
49579	13.290967	-2.590122	2.272641	0.707604	-2.933776	0.263933	-0.410935	-0.312093	0.856581	-0.543153	0.838432	0.044909	-0.732200	-0.446800	-0.514055
49580	13.721696	-3.912310	1.920396	0.853125	-2.940333	0.281414	-0.433584	-0.322789	0.841316	-0.548360	0.835382	0.037907	-0.715056	-0.444908	-0.539214
49581	13.110173	-2.950315	3.072518	1.201382	-2.930528	0.300912	-0.455896	-0.333339	0.825254	-0.555520	0.831005	0.028776	-0.695382	-0.445326	-0.564028
49582	12.240419	-1.083165	3.582852	1.076019	-2.942912	0.324895	-0.477672	-0.343661	0.808534	-0.561642	0.827144	0.019759	-0.675564	-0.444668	-0.588118
49583	11.580754	1.017329	2.624027	0.652811	-2.963461	0.308872	-0.499146	-0.354226	0.790808	-0.564510	0.825318	0.013373	-0.657405	-0.439744	-0.611918
49584	11.477449	2.032197	1.120274	0.116927	-3.044122	0.246170	-0.520050	-0.365376	0.772042	-0.564298	0.825503	0.010563	-0.641183	-0.430168	-0.635484
49585	11.713479	2.353888	0.204463	-0.381757	-3.033629	0.131142	-0.540012	-0.377135	0.752433	-0.561207	0.827588	0.012033	-0.627243	-0.415773	-0.658559
49586	12.578341	2.409170	-1.490096	-0.753737	-2.973056	-0.007669	-0.558164	-0.389267	0.732751	-0.556865	0.830430	0.016974	-0.615106	-0.398569	-0.680285
49587	13.760323	1.847874	-3.193020	-0.831458	-2.865501	-0.091353	-0.575100	-0.401199	0.712951	-0.552342	0.833290	0.023373	-0.603472	-0.380351	-0.700824
49588	14.685080	0.912166	-4.119655	-0.551596	-2.607589	-0.094687	-0.589851	-0.411697	0.694681	-0.549912	0.834760	0.027785	-0.591331	-0.365624	-0.718781
49589	14.223877	0.265336	-4.977157	-0.279229	-2.188044	-0.053149	-0.602356	-0.420027	0.678782	-0.548619	0.835528	0.030173	-0.579814	-0.354218	-0.733720
49590	13.926464	0.743591	-4.688897	0.088289	-1.593581	-0.037468	-0.610983	-0.425940	0.667289	-0.549688	0.834846	0.029589	-0.569686	-0.348723	-0.744211
49591	12.611354	1.053244	-5.841613	-0.299366	-0.831188	0.049776	-0.615961	-0.428409	0.661103	-0.547709	0.836077	0.031486	-0.566222	-0.342698	-0.749634
49592	9.457274	0.154736	-10.296013	-0.400527	-0.667378	0.094594	-0.619904	-0.429893	0.656438	-0.545216	0.837619	0.033675	-0.564322	-0.337025	-0.753628
49593	7.075299	0.411703	-13.870925	0.276817	-0.880588	-0.067895	-0.624455	-0.433433	0.649763	-0.547217	0.836378	0.032015	-0.557324	-0.335569	-0.759463
