// General information: 
//  MT Manager version: 2022.2.0 
//  XDA version: 2022.2.0 build 7381 rev 124627 built on 2023-07-19
// Device information: 
//  DeviceId: 00B4CB9F
//  ProductCode: MTW2-3A7G6
//  Firmware Version: 4.6.0
//  Hardware Version: 2.0.0
// Device settings: 
//  Filter Profile: human(46.1)
//  Option Flags: Orientation Smoother Disabled, Position/Velocity Smoother Disabled, Continuous Zero Rotation Update Disabled, AHS Disabled, ICC Disabled
// Coordinate system: ENU
PacketCounter	Acc_X	Acc_Y	Acc_Z	Gyr_X	Gyr_Y	Gyr_Z	Mat[1][1]	Mat[2][1]	Mat[3][1]	Mat[1][2]	Mat[2][2]	Mat[3][2]	Mat[1][3]	Mat[2][3]	Mat[3][3]
46819	9.576858	-1.339415	-1.664074	0.005617	0.017841	-0.003007	0.205818	-0.004389	0.978580	0.624907	-0.768959	-0.134881	0.753080	0.639283	-0.155523
46820	9.577814	-1.321887	-1.645079	0.004765	0.019820	-0.001636	0.205774	-0.004545	0.978589	0.624985	-0.768877	-0.134991	0.753028	0.639381	-0.155375
46821	9.556187	-1.313891	-1.650255	0.003865	0.020411	-0.003580	0.205644	-0.004667	0.978616	0.625027	-0.768839	-0.135008	0.753028	0.639425	-0.155190
46822	9.610530	-1.331474	-1.666872	0.003890	0.021104	-0.001925	0.205595	-0.004729	0.978626	0.624991	-0.768867	-0.135017	0.753072	0.639391	-0.155120
46823	9.578957	-1.321407	-1.638799	0.003557	0.024977	-0.001474	0.205444	-0.004896	0.978657	0.625027	-0.768831	-0.135055	0.753083	0.639433	-0.154892
46824	9.613967	-1.317251	-1.571976	0.003510	0.023588	-0.004789	0.205337	-0.005152	0.978678	0.625196	-0.768665	-0.135219	0.752972	0.639631	-0.154615
46825	9.613613	-1.278680	-1.608411	0.000409	0.026938	-0.001418	0.205172	-0.005333	0.978711	0.625209	-0.768648	-0.135254	0.753006	0.639649	-0.154371
46826	9.580873	-1.303477	-1.614314	0.003584	0.025668	0.000177	0.205091	-0.005500	0.978727	0.625257	-0.768594	-0.135341	0.752988	0.639714	-0.154193
46827	9.593246	-1.309274	-1.571573	0.005005	0.026969	0.001199	0.204942	-0.005701	0.978757	0.625299	-0.768548	-0.135408	0.752994	0.639767	-0.153943
46828	9.572258	-1.284176	-1.559017	0.002710	0.026951	-0.000115	0.204817	-0.005949	0.978782	0.625424	-0.768422	-0.135545	0.752924	0.639916	-0.153665
46829	9.594641	-1.292121	-1.549219	0.003611	0.026359	0.001827	0.204676	-0.006152	0.978810	0.625455	-0.768384	-0.135616	0.752937	0.639959	-0.153423
46830	9.605081	-1.294367	-1.579691	-0.000104	0.025040	-0.000512	0.204517	-0.006397	0.978842	0.625566	-0.768275	-0.135726	0.752888	0.640089	-0.153123
46831	9.594840	-1.309537	-1.561596	-0.004316	0.022522	-0.000275	0.204393	-0.006560	0.978867	0.625542	-0.768287	-0.135765	0.752942	0.640071	-0.152929
46832	9.563180	-1.299556	-1.533538	0.001319	0.026340	0.000510	0.204227	-0.006807	0.978900	0.625628	-0.768199	-0.135866	0.752915	0.640175	-0.152628
46833	9.584984	-1.324917	-1.540877	0.003616	0.026355	0.001820	0.204086	-0.007011	0.978928	0.625659	-0.768161	-0.135938	0.752927	0.640218	-0.152385
46834	9.607323	-1.332982	-1.531124	0.004493	0.025069	0.002107	0.203875	-0.007104	0.978971	0.625612	-0.768213	-0.135861	0.753023	0.640155	-0.152175
46835	9.575099	-1.340559	-1.520005	0.004994	0.026267	-0.000471	0.203720	-0.007289	0.979002	0.625659	-0.768166	-0.135912	0.753027	0.640209	-0.151930
46836	9.596900	-1.365923	-1.527355	0.004496	0.025067	0.002102	0.203712	-0.007430	0.979003	0.625682	-0.768128	-0.136022	0.753010	0.640253	-0.151828
46837	9.575824	-1.340842	-1.515180	0.009877	0.021039	-0.001606	0.203589	-0.007572	0.979027	0.625767	-0.768050	-0.136069	0.752972	0.640345	-0.151628
46838	9.575638	-1.358420	-1.529932	0.014136	0.024943	0.001466	0.203592	-0.007769	0.979025	0.625913	-0.767898	-0.136255	0.752850	0.640525	-0.151475
46839	9.609113	-1.334087	-1.518882	0.009965	0.023813	0.005012	0.203491	-0.007980	0.979044	0.625986	-0.767819	-0.136368	0.752817	0.640617	-0.151249
46840	9.610062	-1.372758	-1.477659	0.012176	0.021053	-0.000298	0.203231	-0.008083	0.979097	0.626052	-0.767779	-0.136288	0.752832	0.640664	-0.150976
46841	9.632220	-1.325102	-1.489990	0.020419	0.020320	-0.000298	0.203122	-0.008230	0.979119	0.626214	-0.767633	-0.136363	0.752727	0.640836	-0.150770
46842	9.610051	-1.335059	-1.512080	0.015893	0.022369	0.002036	0.203078	-0.008319	0.979127	0.626265	-0.767583	-0.136413	0.752696	0.640896	-0.150669
46843	9.610399	-1.335414	-1.509547	0.019216	0.025473	-0.000150	0.202931	-0.008501	0.979156	0.626417	-0.767445	-0.136489	0.752609	0.641058	-0.150414
46844	9.588837	-1.327882	-1.514120	0.016944	0.026150	0.000187	0.202539	-0.008632	0.979236	0.626537	-0.767372	-0.136353	0.752615	0.641144	-0.150014
46845	9.556557	-1.335650	-1.503088	0.020446	0.021010	0.001349	0.202434	-0.008796	0.979256	0.626695	-0.767226	-0.136443	0.752511	0.641316	-0.149800
46846	9.534422	-1.345743	-1.525047	0.016444	0.024951	0.002758	0.202369	-0.008952	0.979268	0.626800	-0.767123	-0.136543	0.752441	0.641438	-0.149631
46847	9.557157	-1.336657	-1.498369	0.023075	0.017154	0.002219	0.202299	-0.009098	0.979281	0.626977	-0.766960	-0.136646	0.752313	0.641630	-0.149451
46848	9.578254	-1.324112	-1.545307	0.020238	0.014550	0.000169	0.202128	-0.009229	0.979316	0.627174	-0.766794	-0.136673	0.752195	0.641827	-0.149202
46849	9.578529	-1.380186	-1.521748	0.018859	0.014638	0.002453	0.202077	-0.009361	0.979325	0.627318	-0.766659	-0.136771	0.752088	0.641987	-0.149052
46850	9.569004	-1.305150	-1.491888	0.019871	0.017028	-0.002704	0.202073	-0.009438	0.979325	0.627476	-0.766513	-0.136860	0.751957	0.642159	-0.148969
46851	9.580540	-1.328185	-1.466832	0.019872	0.017027	-0.002706	0.201973	-0.009546	0.979345	0.627639	-0.766372	-0.136910	0.751849	0.642327	-0.148795
46852	9.591505	-1.313061	-1.480847	0.017073	0.015814	-0.001446	0.201963	-0.009540	0.979347	0.627694	-0.766326	-0.136910	0.751805	0.642381	-0.148781
46853	9.570319	-1.343642	-1.447625	0.016024	0.012033	0.000401	0.201920	-0.009639	0.979355	0.627821	-0.766209	-0.136983	0.751711	0.642519	-0.148661
46854	9.612875	-1.356068	-1.504781	0.015986	0.010641	-0.002908	0.202027	-0.009766	0.979331	0.628043	-0.765988	-0.137198	0.751496	0.642780	-0.148617
46855	9.603343	-1.336211	-1.453606	0.021918	0.009193	-0.005872	0.201967	-0.009799	0.979343	0.628227	-0.765834	-0.137220	0.751359	0.642964	-0.148517
46856	9.570901	-1.287622	-1.465755	0.008774	0.014458	-0.006422	0.201791	-0.009762	0.979380	0.628240	-0.765849	-0.137076	0.751395	0.642947	-0.148409
46857	9.527301	-1.271619	-1.479055	0.000023	0.013998	-0.003852	0.201707	-0.009841	0.979396	0.628255	-0.765835	-0.137084	0.751405	0.642962	-0.148292
46858	9.550504	-1.299466	-1.414420	-0.009679	0.012037	-0.008191	0.201830	-0.009892	0.979371	0.628238	-0.765828	-0.137203	0.751387	0.642970	-0.148352
46859	9.581537	-1.360804	-1.490372	-0.015337	0.007525	-0.010629	0.201753	-0.009877	0.979387	0.628151	-0.765913	-0.137123	0.751480	0.642868	-0.148321
46860	9.614910	-1.390362	-1.459604	-0.019207	0.001837	-0.009172	0.201823	-0.009753	0.979373	0.627977	-0.766072	-0.137038	0.751607	0.642681	-0.148486
46861	9.614147	-1.424138	-1.493738	-0.014111	0.003066	-0.009118	0.201790	-0.009721	0.979381	0.627896	-0.766149	-0.136975	0.751683	0.642589	-0.148497
46862	9.603112	-1.455781	-1.495113	-0.010612	-0.002070	-0.007945	0.201843	-0.009590	0.979371	0.627791	-0.766251	-0.136887	0.751757	0.642470	-0.148642
46863	9.625151	-1.462663	-1.487986	-0.001842	-0.000911	-0.008859	0.201841	-0.009534	0.979372	0.627801	-0.766250	-0.136844	0.751748	0.642472	-0.148675
46864	9.603818	-1.436358	-1.478377	0.000923	-0.001090	-0.013430	0.201838	-0.009426	0.979374	0.627844	-0.766229	-0.136766	0.751713	0.642499	-0.148736
46865	9.593318	-1.450187	-1.462606	-0.002245	0.000175	-0.015042	0.201789	-0.009330	0.979385	0.627864	-0.766231	-0.136662	0.751710	0.642498	-0.148759
46866	9.649584	-1.452407	-1.390467	-0.005377	0.002832	-0.013344	0.201851	-0.009279	0.979372	0.627890	-0.766209	-0.136669	0.751672	0.642525	-0.148834
46867	9.683417	-1.408570	-1.364294	0.002150	0.007755	-0.017424	0.201731	-0.009213	0.979398	0.627948	-0.766183	-0.136549	0.751656	0.642557	-0.148777
46868	9.651606	-1.397049	-1.337633	0.002379	0.014906	-0.014605	0.201736	-0.009298	0.979396	0.628073	-0.766063	-0.136644	0.751549	0.642698	-0.148703
46869	9.609020	-1.345353	-1.316515	-0.000211	0.020147	-0.012178	0.201557	-0.009353	0.979432	0.628103	-0.766051	-0.136572	0.751572	0.642712	-0.148528
46870	9.631857	-1.334294	-1.290109	0.000281	0.020645	-0.016414	0.201508	-0.009401	0.979442	0.628168	-0.765995	-0.136590	0.751531	0.642778	-0.148449
46871	9.611245	-1.290061	-1.261424	-0.013038	0.020833	-0.014832	0.201307	-0.009440	0.979483	0.628107	-0.766065	-0.136474	0.751636	0.642693	-0.148285
46872	9.599988	-1.282984	-1.300136	-0.019181	0.015818	-0.013041	0.201172	-0.009468	0.979510	0.628009	-0.766162	-0.136386	0.751754	0.642578	-0.148184
46873	9.578376	-1.273858	-1.306437	-0.032133	0.013525	-0.008589	0.201065	-0.009508	0.979532	0.627792	-0.766354	-0.136303	0.751964	0.642348	-0.148118
46874	9.611726	-1.247515	-1.296984	-0.044081	0.012924	-0.010956	0.200832	-0.009591	0.979579	0.627543	-0.766583	-0.136164	0.752234	0.642074	-0.147935
46875	9.566200	-1.373182	-1.374898	-0.051094	0.009187	-0.009470	0.200752	-0.009597	0.979595	0.627185	-0.766897	-0.136044	0.752554	0.641699	-0.147937
46876	9.576039	-1.464361	-1.420095	-0.044773	0.005963	-0.007904	0.200757	-0.009493	0.979595	0.626805	-0.767235	-0.135892	0.752869	0.641296	-0.148078
46877	9.629210	-1.533022	-1.489441	-0.032295	0.008453	-0.006463	0.200702	-0.009517	0.979606	0.626582	-0.767428	-0.135830	0.753070	0.641065	-0.148061
46878	9.585216	-1.533527	-1.520846	-0.019376	0.009365	-0.014220	0.200721	-0.009514	0.979602	0.626500	-0.767495	-0.135825	0.753132	0.640984	-0.148092
46879	9.573941	-1.526427	-1.560287	-0.015127	0.013272	-0.011140	0.200601	-0.009533	0.979627	0.626416	-0.767579	-0.135742	0.753234	0.640884	-0.148005
46880	9.607412	-1.499695	-1.550630	-0.012420	0.010326	-0.022336	0.200577	-0.009465	0.979632	0.626398	-0.767607	-0.135670	0.753256	0.640851	-0.148035
46881	9.585061	-1.468501	-1.613182	-0.014200	0.011503	-0.026239	0.200375	-0.009357	0.979674	0.626351	-0.767685	-0.135441	0.753349	0.640759	-0.147965
46882	9.564057	-1.440560	-1.602645	-0.011063	0.008852	-0.027939	0.200204	-0.009226	0.979711	0.626337	-0.767735	-0.135222	0.753406	0.640701	-0.147925
46883	9.576401	-1.370204	-1.566419	-0.016150	0.007611	-0.028008	0.200021	-0.009079	0.979750	0.626279	-0.767826	-0.134973	0.753503	0.640594	-0.147895
46884	9.567330	-1.330308	-1.498765	-0.020713	0.008261	-0.029001	0.199743	-0.008988	0.979807	0.626236	-0.767907	-0.134708	0.753612	0.640498	-0.147756
46885	9.601769	-1.323031	-1.433685	-0.024952	0.004349	-0.032092	0.199558	-0.008788	0.979847	0.626120	-0.768055	-0.134406	0.753757	0.640323	-0.147769
46886	9.624534	-1.309958	-1.409250	-0.038785	0.002617	-0.029616	0.199444	-0.008532	0.979872	0.625857	-0.768327	-0.134077	0.754006	0.640000	-0.147898
46887	9.625882	-1.327682	-1.353595	-0.042964	0.001474	-0.026084	0.199319	-0.008360	0.979899	0.625592	-0.768589	-0.133807	0.754259	0.639688	-0.147964
46888	9.603938	-1.334314	-1.378537	-0.040671	0.001493	-0.024767	0.199263	-0.008206	0.979912	0.625360	-0.768814	-0.133604	0.754466	0.639420	-0.148065
46889	9.659500	-1.369806	-1.341125	-0.048902	0.002196	-0.024806	0.199141	-0.008048	0.979938	0.625048	-0.769114	-0.133338	0.754757	0.639061	-0.148132
46890	9.649225	-1.381999	-1.325831	-0.052060	0.003451	-0.026436	0.198970	-0.007911	0.979974	0.624740	-0.769413	-0.133056	0.755057	0.638703	-0.148147
46891	9.650299	-1.417146	-1.287318	-0.056078	0.006678	-0.026702	0.198802	-0.007768	0.980009	0.624377	-0.769758	-0.132761	0.755401	0.638288	-0.148179
46892	9.639153	-1.408056	-1.327620	-0.055547	0.008566	-0.027634	0.198662	-0.007660	0.980038	0.624051	-0.770064	-0.132520	0.755707	0.637920	-0.148202
46893	9.672660	-1.452617	-1.314202	-0.056780	0.012326	-0.030812	0.198426	-0.007521	0.980087	0.623691	-0.770414	-0.132183	0.756066	0.637500	-0.148180
46894	9.684275	-1.416166	-1.311983	-0.061137	0.019415	-0.030634	0.198205	-0.007465	0.980132	0.623326	-0.770754	-0.131921	0.756425	0.637089	-0.148114
46895	9.673991	-1.371964	-1.316468	-0.063219	0.025834	-0.030789	0.197867	-0.007412	0.980201	0.622917	-0.771143	-0.131576	0.756851	0.636618	-0.147967
46896	9.717773	-1.362228	-1.355781	-0.066710	0.030949	-0.031981	0.197510	-0.007368	0.980273	0.622471	-0.771565	-0.131218	0.757311	0.636108	-0.147805
46897	9.685671	-1.310280	-1.366283	-0.070507	0.041993	-0.027745	0.197069	-0.007441	0.980361	0.621999	-0.772000	-0.130892	0.757813	0.635579	-0.147509
46898	9.675076	-1.300726	-1.403085	-0.072584	0.048407	-0.027906	0.196689	-0.007589	0.980437	0.621530	-0.772417	-0.130665	0.758297	0.635071	-0.147209
46899	9.621153	-1.241169	-1.419700	-0.077988	0.051003	-0.027571	0.196181	-0.007719	0.980537	0.621000	-0.772899	-0.130331	0.758862	0.634483	-0.146834
46900	9.578034	-1.239306	-1.447897	-0.084434	0.049804	-0.025410	0.195818	-0.007849	0.980609	0.620407	-0.773417	-0.130079	0.759441	0.633849	-0.146580
46901	9.601000	-1.243090	-1.437206	-0.096513	0.042700	-0.029084	0.195364	-0.007914	0.980699	0.619739	-0.774016	-0.129704	0.760103	0.633117	-0.146310
46902	9.578997	-1.226846	-1.514611	-0.107325	0.047889	-0.028411	0.194963	-0.008084	0.980777	0.619028	-0.774629	-0.129438	0.760785	0.632364	-0.146020
46903	9.557212	-1.193153	-1.575036	-0.106265	0.036285	-0.029822	0.194553	-0.008103	0.980858	0.618286	-0.775288	-0.129042	0.761493	0.631556	-0.145825
46904	9.568447	-1.207378	-1.622972	-0.103444	0.037506	-0.031099	0.194179	-0.008205	0.980932	0.617620	-0.775867	-0.128750	0.762129	0.630844	-0.145590
46905	9.536677	-1.318231	-1.643702	-0.097987	0.036259	-0.028162	0.193780	-0.008236	0.981010	0.616936	-0.776471	-0.128383	0.762784	0.630099	-0.145384
46906	9.515996	-1.271858	-1.614352	-0.097626	0.031701	-0.030322	0.193422	-0.008228	0.981081	0.616257	-0.777071	-0.128013	0.763423	0.629359	-0.145232
46907	9.516489	-1.301654	-1.647901	-0.096562	0.020789	-0.030077	0.193129	-0.008146	0.981139	0.615587	-0.777665	-0.127630	0.764038	0.628626	-0.145176
46908	9.592975	-1.282734	-1.696354	-0.087995	0.014887	-0.033811	0.192823	-0.007955	0.981201	0.614956	-0.778241	-0.127159	0.764623	0.627915	-0.145171
46909	9.658586	-1.296513	-1.747114	-0.071205	0.010366	-0.032452	0.192596	-0.007788	0.981247	0.614483	-0.778675	-0.126789	0.765061	0.627379	-0.145184
46910	9.649598	-1.295627	-1.640854	-0.050063	0.012801	-0.035028	0.192310	-0.007628	0.981305	0.614178	-0.778976	-0.126419	0.765377	0.627008	-0.145120
46911	9.672371	-1.282081	-1.615289	-0.045863	0.015345	-0.035212	0.192028	-0.007472	0.981361	0.613904	-0.779250	-0.126058	0.765668	0.626668	-0.145051
46912	9.652319	-1.240764	-1.513361	-0.038714	0.022860	-0.042057	0.191640	-0.007247	0.981439	0.613670	-0.779512	-0.125584	0.765953	0.626346	-0.144938
46913	9.631975	-1.250657	-1.463272	-0.037298	0.025515	-0.037681	0.191264	-0.007135	0.981513	0.613465	-0.779733	-0.125212	0.766211	0.626072	-0.144758
46914	9.633287	-1.161216	-1.373886	-0.033626	0.025483	-0.038622	0.190923	-0.007067	0.981580	0.613329	-0.779887	-0.124911	0.766404	0.625880	-0.144564
46915	9.700166	-1.145895	-1.314692	-0.040431	0.026757	-0.039347	0.190528	-0.006949	0.981657	0.613104	-0.780128	-0.124518	0.766683	0.625582	-0.144376
46916	9.635342	-1.050417	-1.264702	-0.053165	0.029384	-0.037163	0.190260	-0.006951	0.981709	0.612845	-0.780366	-0.124297	0.766956	0.625285	-0.144213
46917	9.636105	-1.029186	-1.245330	-0.071649	0.023067	-0.033777	0.189928	-0.006853	0.981774	0.612369	-0.780800	-0.123915	0.767419	0.624743	-0.144099
46918	9.659392	-1.072028	-1.198281	-0.080707	0.027013	-0.029199	0.189654	-0.006839	0.981827	0.611822	-0.781275	-0.123624	0.767923	0.624149	-0.143988
46919	9.659302	-1.029400	-1.234588	-0.092196	0.027197	-0.020544	0.189371	-0.006870	0.981881	0.611162	-0.781836	-0.123342	0.768518	0.623446	-0.143859
46920	9.670492	-1.044303	-1.282952	-0.111551	0.036154	-0.021221	0.189135	-0.006862	0.981927	0.610337	-0.782530	-0.123029	0.769231	0.622576	-0.143815
46921	9.693112	-1.065493	-1.290856	-0.116578	0.035527	-0.019738	0.188793	-0.006951	0.981992	0.609486	-0.783241	-0.122721	0.769989	0.621680	-0.143634
46922	9.693116	-1.056894	-1.361310	-0.128233	0.044619	-0.012741	0.188408	-0.007171	0.982065	0.608553	-0.784004	-0.122475	0.770821	0.620714	-0.143349
46923	9.606633	-1.062529	-1.350157	-0.142838	0.043991	-0.010805	0.188055	-0.007381	0.982131	0.607481	-0.784875	-0.122217	0.771752	0.619610	-0.143116
46924	9.596619	-1.092689	-1.350059	-0.152548	0.041566	-0.001639	0.187876	-0.007608	0.982163	0.606316	-0.785799	-0.122067	0.772712	0.618435	-0.143020
46925	9.629851	-1.099131	-1.373121	-0.153370	0.042810	-0.002011	0.187585	-0.007879	0.982217	0.605143	-0.786732	-0.121881	0.773701	0.617245	-0.142811
46926	9.608586	-1.156521	-1.448779	-0.151055	0.042803	-0.000727	0.187259	-0.008118	0.982277	0.603957	-0.787679	-0.121647	0.774706	0.616033	-0.142597
46927	9.619976	-1.171758	-1.496942	-0.151875	0.042713	-0.004440	0.186953	-0.008368	0.982333	0.602797	-0.788599	-0.121440	0.775683	0.614851	-0.142387
46928	9.588155	-1.210799	-1.522096	-0.145735	0.047789	-0.006130	0.186563	-0.008657	0.982405	0.601690	-0.789478	-0.121221	0.776636	0.613718	-0.142078
46929	9.578350	-1.240573	-1.521866	-0.140117	0.049629	-0.010264	0.186168	-0.008903	0.982478	0.600630	-0.790322	-0.120974	0.777551	0.612627	-0.141785
46930	9.557321	-1.229619	-1.526076	-0.126325	0.050850	-0.014221	0.185697	-0.009133	0.982565	0.599688	-0.791081	-0.120690	0.778390	0.611644	-0.141424
46931	9.525121	-1.211631	-1.570454	-0.115504	0.046377	-0.013227	0.185308	-0.009335	0.982636	0.598822	-0.791772	-0.120449	0.779149	0.610745	-0.141132
46932	9.493397	-1.233376	-1.578038	-0.102941	0.036712	-0.018330	0.185042	-0.009440	0.982685	0.598099	-0.792352	-0.120235	0.779768	0.609991	-0.140972
46933	9.526801	-1.221878	-1.583584	-0.093529	0.031615	-0.016716	0.184747	-0.009523	0.982740	0.597410	-0.792908	-0.119992	0.780365	0.609267	-0.140798
46934	9.516267	-1.211733	-1.622436	-0.081162	0.018189	-0.016388	0.184435	-0.009593	0.982798	0.596831	-0.793381	-0.119747	0.780882	0.608650	-0.140602
46935	9.527349	-1.176160	-1.618835	-0.075758	0.015629	-0.016716	0.184265	-0.009578	0.982830	0.596280	-0.793828	-0.119529	0.781343	0.608067	-0.140563
46936	9.571095	-1.148891	-1.641085	-0.070524	0.006652	-0.018333	0.184313	-0.009465	0.982822	0.595799	-0.794211	-0.119382	0.781698	0.607568	-0.140744
46937	9.527197	-1.080652	-1.602272	-0.072778	0.007942	-0.016376	0.184205	-0.009406	0.982843	0.595271	-0.794639	-0.119171	0.782126	0.607009	-0.140777
46938	9.549294	-1.068940	-1.577345	-0.071537	0.001498	-0.019957	0.184204	-0.009287	0.982844	0.594799	-0.795019	-0.118989	0.782485	0.606513	-0.140921
46939	9.560613	-1.073227	-1.538068	-0.070306	-0.003630	-0.020186	0.184164	-0.009128	0.982853	0.594296	-0.795432	-0.118745	0.782877	0.605974	-0.141065
46940	9.550035	-1.086579	-1.524394	-0.069957	-0.005512	-0.015679	0.184237	-0.008995	0.982841	0.593806	-0.795820	-0.118594	0.783232	0.605466	-0.141278
46941	9.540040	-1.140143	-1.473501	-0.062475	-0.000405	-0.019515	0.184176	-0.008861	0.982853	0.593363	-0.796185	-0.118368	0.783581	0.604989	-0.141381
46942	9.507943	-1.169526	-1.412342	-0.059685	-0.012528	-0.015440	0.184234	-0.008770	0.982843	0.592988	-0.796479	-0.118263	0.783851	0.604603	-0.141538
46943	9.486135	-1.176005	-1.439396	-0.050996	-0.011225	-0.016131	0.184278	-0.008597	0.982836	0.592629	-0.796773	-0.118086	0.784112	0.604218	-0.141733
46944	9.497359	-1.197760	-1.419358	-0.034478	-0.022701	-0.017563	0.184419	-0.008318	0.982812	0.592423	-0.796952	-0.117910	0.784235	0.603986	-0.142045
46945	9.487237	-1.268535	-1.388477	-0.026995	-0.031640	-0.017807	0.184614	-0.008009	0.982778	0.592255	-0.797100	-0.117750	0.784316	0.603794	-0.142413
46946	9.575323	-1.321294	-1.307932	-0.013090	-0.038634	-0.018434	0.184906	-0.007603	0.982727	0.592190	-0.797172	-0.117592	0.784296	0.603704	-0.142900
46947	9.717732	-1.382901	-1.318815	0.005498	-0.041131	-0.020025	0.185163	-0.007218	0.982681	0.592281	-0.797125	-0.117457	0.784167	0.603772	-0.143323
46948	9.783039	-1.337917	-1.228419	0.028593	-0.032143	-0.029144	0.185292	-0.006875	0.982659	0.592608	-0.796902	-0.117318	0.783890	0.604070	-0.143586
46949	9.718143	-1.326250	-1.106497	0.044897	-0.019291	-0.032337	0.185304	-0.006524	0.982660	0.593030	-0.796617	-0.117119	0.783567	0.604449	-0.143748
46950	9.741423	-1.362076	-0.972430	0.071299	-0.018543	-0.033247	0.185428	-0.006208	0.982638	0.593742	-0.796093	-0.117071	0.782999	0.605142	-0.143932
46951	9.796944	-1.382339	-0.918115	0.095616	-0.012058	-0.035920	0.185362	-0.005873	0.982653	0.594568	-0.795500	-0.116910	0.782387	0.605925	-0.143964
46952	9.852567	-1.402773	-0.862485	0.119567	0.000895	-0.031393	0.185222	-0.005626	0.982681	0.595579	-0.794759	-0.116809	0.781651	0.606900	-0.143856
46953	9.787250	-1.334432	-0.755289	0.133644	0.013703	-0.036051	0.184953	-0.005447	0.982732	0.596701	-0.793933	-0.116701	0.780859	0.607981	-0.143590
46954	9.742619	-1.167139	-0.605228	0.139889	0.027212	-0.031350	0.184593	-0.005389	0.982800	0.597872	-0.793060	-0.116643	0.780048	0.609120	-0.143172
46955	9.700267	-1.136386	-0.360401	0.140222	0.041348	-0.025469	0.184171	-0.005462	0.982879	0.599023	-0.792190	-0.116647	0.779264	0.610250	-0.142626
46956	9.724121	-1.178603	-0.145634	0.139676	0.057422	-0.018216	0.183726	-0.005805	0.982960	0.600218	-0.791254	-0.116860	0.778449	0.611460	-0.141889
46957	9.856454	-1.213082	-0.002467	0.147295	0.074222	-0.007455	0.183157	-0.006224	0.983064	0.601389	-0.790336	-0.117050	0.777679	0.612642	-0.141012
46958	9.922024	-1.202212	0.065754	0.154728	0.099963	0.001692	0.182548	-0.006908	0.983173	0.602661	-0.789308	-0.117444	0.776837	0.613958	-0.139924
46959	9.976909	-1.224786	0.133751	0.167071	0.120580	0.009698	0.181724	-0.007749	0.983319	0.603951	-0.788264	-0.117827	0.776028	0.615289	-0.138566
46960	10.031864	-1.270763	0.260399	0.189497	0.159148	0.017663	0.180732	-0.008920	0.983492	0.605436	-0.787038	-0.118397	0.775102	0.616840	-0.136842
46961	10.009158	-1.270799	0.346198	0.205530	0.196415	0.027606	0.179432	-0.010374	0.983716	0.606990	-0.785749	-0.119003	0.774188	0.618459	-0.134692
46962	9.976014	-1.365996	0.527182	0.227219	0.250195	0.031290	0.177672	-0.012226	0.984014	0.608663	-0.784356	-0.119645	0.773280	0.620190	-0.131916
46963	10.027277	-1.344028	0.740044	0.256244	0.310135	0.024644	0.175479	-0.014369	0.984378	0.610611	-0.782744	-0.120276	0.772244	0.622178	-0.128581
46964	10.043945	-1.350624	1.023310	0.293851	0.389758	0.015324	0.172513	-0.017036	0.984860	0.612827	-0.780921	-0.120854	0.771157	0.624397	-0.124279
46965	10.014204	-1.339019	1.299496	0.338245	0.469783	0.001809	0.168958	-0.020012	0.985420	0.615442	-0.778787	-0.121338	0.769860	0.626970	-0.119266
46966	10.002589	-1.274754	1.571858	0.385400	0.561561	-0.019730	0.164600	-0.023528	0.986080	0.618473	-0.776315	-0.121761	0.768373	0.629906	-0.113230
46967	9.956368	-1.170653	1.748671	0.431934	0.649951	-0.038452	0.159427	-0.027357	0.986831	0.621863	-0.773579	-0.121910	0.766726	0.633110	-0.106317
46968	9.936100	-1.023395	2.033540	0.478005	0.721028	-0.073779	0.153352	-0.031440	0.987671	0.625549	-0.770641	-0.121658	0.764965	0.636493	-0.098512
46969	9.997947	-0.637389	2.235086	0.511559	0.814865	-0.104974	0.146523	-0.035857	0.988557	0.629627	-0.767392	-0.121158	0.762956	0.640175	-0.089864
46970	10.052988	-0.395711	2.526337	0.513080	0.917233	-0.137266	0.138748	-0.040786	0.989488	0.633722	-0.764140	-0.120359	0.761016	0.643760	-0.080176
46971	10.418662	-0.080411	2.783083	0.507276	1.034028	-0.183200	0.129778	-0.046085	0.990471	0.637837	-0.760926	-0.118979	0.759158	0.647200	-0.069357
46972	10.725281	0.159973	3.492549	0.497689	1.180503	-0.221678	0.119444	-0.052110	0.991472	0.641818	-0.757856	-0.117152	0.757498	0.650338	-0.057076
46973	10.719428	0.491994	4.676172	0.474318	1.328168	-0.263589	0.107752	-0.058795	0.992438	0.645720	-0.754890	-0.114829	0.755933	0.653210	-0.043376
46974	10.109504	1.203111	5.183207	0.255866	1.278412	-0.263864	0.096360	-0.065269	0.993204	0.647887	-0.753403	-0.112368	0.755617	0.654312	-0.030311
46975	9.830018	1.578295	4.224041	-0.083445	1.074330	-0.243056	0.086716	-0.070481	0.993737	0.647493	-0.754093	-0.109985	0.757121	0.652975	-0.019756
46976	10.913942	1.870684	3.598287	-0.284616	0.979126	-0.266484	0.077538	-0.074946	0.994168	0.645481	-0.756194	-0.107350	0.759830	0.650041	-0.010258
46977	12.631780	1.749975	3.585661	-0.363002	1.161430	-0.287961	0.066896	-0.080316	0.994522	0.642941	-0.758750	-0.104522	0.762989	0.646411	0.000881
46978	13.452535	1.269696	3.090222	-0.419217	1.508461	-0.283288	0.053627	-0.088012	0.994675	0.639884	-0.761686	-0.101895	0.766598	0.641941	0.015470
46979	12.984371	0.548811	2.611541	-0.487941	1.693391	-0.213511	0.039307	-0.097231	0.994485	0.636251	-0.764982	-0.099940	0.770480	0.636670	0.031794
46980	12.053821	-0.204845	1.719067	-0.575719	1.605444	-0.123646	0.026129	-0.106488	0.993971	0.631783	-0.768801	-0.098973	0.774705	0.630560	0.047189
46981	11.270649	-0.923145	0.294389	-0.768441	1.359030	-0.023036	0.015477	-0.114853	0.993262	0.625833	-0.773622	-0.099208	0.779803	0.623152	0.059906
46982	11.221772	-1.259561	-1.040108	-0.987320	1.192652	0.048179	0.006419	-0.122788	0.992412	0.618065	-0.779681	-0.100465	0.786101	0.614020	0.070886
46983	11.303402	-1.227530	-1.662623	-1.067881	1.171227	0.041124	-0.002518	-0.130269	0.991476	0.609654	-0.786112	-0.101738	0.792664	0.604201	0.081398
46984	11.301495	-1.135588	-1.655100	-0.995030	1.222131	-0.010776	-0.012375	-0.137631	0.990406	0.601679	-0.792126	-0.102559	0.798642	0.594638	0.092613
46985	11.299530	-0.886651	-1.783806	-0.855496	1.294000	-0.075520	-0.023138	-0.144696	0.989206	0.594833	-0.797261	-0.102706	0.803516	0.586036	0.104517
46986	10.933488	-0.720753	-1.850456	-0.718467	1.380204	-0.126025	-0.034871	-0.151853	0.987788	0.588982	-0.801627	-0.102442	0.807394	0.578217	0.117392
46987	10.295823	-0.767550	-1.625235	-0.551784	1.438953	-0.173085	-0.047468	-0.158763	0.986175	0.584470	-0.805045	-0.101471	0.810026	0.571573	0.131006
46988	9.611341	-0.897918	-1.215481	-0.424052	1.445040	-0.207575	-0.060297	-0.165572	0.984353	0.580906	-0.807769	-0.100286	0.811734	0.565770	0.144888
46989	9.303029	-1.078292	-0.999784	-0.355102	1.410647	-0.220689	-0.072978	-0.171760	0.982432	0.577899	-0.810118	-0.098706	0.812839	0.560543	0.158381
46990	8.913901	-1.402706	-0.900077	-0.274705	1.361754	-0.209696	-0.085218	-0.177820	0.980366	0.575451	-0.812032	-0.097267	0.813385	0.555863	0.171527
46991	8.561354	-1.664318	-0.831103	-0.196235	1.284973	-0.195475	-0.096737	-0.183379	0.978271	0.573702	-0.813448	-0.095752	0.813331	0.551973	0.183895
46992	8.225011	-1.854949	-0.632136	-0.123106	1.210834	-0.201550	-0.107533	-0.188603	0.976148	0.572475	-0.814481	-0.094303	0.812840	0.548680	0.195554
46993	8.081118	-1.869056	-0.396357	-0.037231	1.127171	-0.198691	-0.117769	-0.193186	0.974069	0.571975	-0.815040	-0.092492	0.811773	0.546250	0.206484
46994	7.967982	-1.997552	-0.187845	0.067961	1.070302	-0.181739	-0.127596	-0.197854	0.971892	0.572257	-0.815033	-0.090792	0.810087	0.544587	0.217218
46995	7.786518	-2.065390	-0.035047	0.195107	1.014079	-0.164877	-0.136687	-0.202063	0.969787	0.573645	-0.814276	-0.088808	0.807619	0.544174	0.227213
46996	7.623912	-2.166162	0.151834	0.334031	0.956415	-0.152362	-0.145135	-0.206220	0.967682	0.576074	-0.812775	-0.086807	0.804410	0.544858	0.236760
46997	7.546118	-2.197822	0.343314	0.480017	0.882227	-0.142408	-0.152980	-0.209912	0.965678	0.579742	-0.810425	-0.084323	0.800310	0.546944	0.245673
46998	7.548723	-2.216128	0.557875	0.633686	0.797775	-0.130509	-0.160018	-0.213387	0.963774	0.584533	-0.807249	-0.081679	0.795435	0.550287	0.253905
46999	7.570795	-2.182237	0.767120	0.782367	0.708956	-0.121261	-0.166291	-0.216360	0.962048	0.590565	-0.803159	-0.078547	0.789671	0.555090	0.261333
47000	7.741271	-1.826668	1.019640	0.912104	0.617304	-0.111470	-0.171730	-0.218884	0.960520	0.597506	-0.798340	-0.075099	0.783259	0.561020	0.267883
47001	7.924182	-1.449489	1.252987	1.015907	0.514436	-0.106305	-0.176322	-0.220973	0.959209	0.605273	-0.792812	-0.071379	0.776245	0.567997	0.273539
47002	8.109405	-1.036189	1.595147	1.115277	0.423897	-0.105166	-0.180088	-0.222744	0.958099	0.613612	-0.786712	-0.067562	0.768797	0.575734	0.278356
47003	8.177535	-0.533250	2.005753	1.210732	0.362435	-0.109647	-0.183478	-0.224017	0.957158	0.622701	-0.779906	-0.063167	0.760644	0.584434	0.282591
47004	8.099577	-0.093104	2.599726	1.282533	0.316851	-0.124205	-0.186313	-0.224988	0.956383	0.632067	-0.772692	-0.058642	0.752183	0.593572	0.286170
47005	8.041937	0.420932	3.247102	1.307167	0.286653	-0.157725	-0.189400	-0.225519	0.955651	0.641575	-0.765198	-0.053422	0.743310	0.603004	0.289615
47006	7.906358	0.890027	3.790266	1.216394	0.275311	-0.184659	-0.192398	-0.225762	0.954994	0.650136	-0.758282	-0.048280	0.735055	0.611588	0.292668
47007	7.518680	1.046855	4.150055	1.036999	0.201519	-0.186069	-0.195026	-0.225624	0.954494	0.657391	-0.752293	-0.043507	0.727875	0.618990	0.295040
47008	7.405905	1.264158	4.417763	0.822625	0.017423	-0.154184	-0.195996	-0.224721	0.954508	0.662957	-0.747594	-0.039877	0.722546	0.624983	0.295506
47009	7.566280	1.380034	4.405963	0.558438	-0.160288	-0.106292	-0.195484	-0.222949	0.955029	0.666804	-0.744300	-0.037268	0.719137	0.629532	0.294163
47010	7.811590	1.448550	4.222058	0.320188	-0.298819	-0.062785	-0.193521	-0.220712	0.955948	0.668857	-0.742517	-0.036032	0.717760	0.632419	0.291317
47011	7.981967	1.403977	3.939714	0.113656	-0.396493	-0.019882	-0.190744	-0.218080	0.957109	0.669664	-0.741812	-0.035566	0.717752	0.634157	0.287537
47012	8.071204	1.128742	3.710428	-0.044049	-0.451807	0.018312	-0.187243	-0.215405	0.958405	0.669309	-0.742110	-0.036029	0.719003	0.634723	0.283127
47013	8.289786	0.763249	3.534725	-0.111793	-0.450032	0.056951	-0.183558	-0.212998	0.959655	0.668639	-0.742669	-0.036943	0.720575	0.634881	0.278742
47014	8.751097	0.211775	3.479513	-0.049320	-0.392489	0.104795	-0.180046	-0.211343	0.960686	0.668438	-0.742790	-0.038134	0.721647	0.635293	0.275006
47015	9.205720	-0.365099	3.495522	0.087574	-0.310518	0.148845	-0.176745	-0.210501	0.961484	0.669364	-0.741891	-0.039379	0.721605	0.636622	0.272027
47016	9.581377	-0.734814	3.551777	0.301556	-0.219994	0.176049	-0.173907	-0.210285	0.962048	0.671801	-0.739638	-0.040230	0.720027	0.639309	0.269898
47017	9.679284	-0.830982	3.371283	0.519473	-0.167785	0.228388	-0.171098	-0.210920	0.962413	0.675955	-0.735797	-0.041084	0.716805	0.643519	0.268465
47018	9.570609	-0.588712	3.187795	0.659034	-0.204450	0.319861	-0.167479	-0.211900	0.962834	0.681191	-0.730879	-0.042363	0.712692	0.648779	0.266751
47019	9.641066	-0.193004	3.183035	0.693372	-0.303053	0.421347	-0.162378	-0.213018	0.963461	0.686840	-0.725437	-0.044635	0.708438	0.654496	0.264105
47020	9.974207	0.317235	3.399934	0.626945	-0.385580	0.499754	-0.156239	-0.213878	0.964285	0.692114	-0.720216	-0.047603	0.704675	0.659958	0.260554
47021	10.192269	0.600290	3.822361	0.512735	-0.387817	0.542276	-0.149681	-0.215226	0.965025	0.696576	-0.715628	-0.051561	0.701697	0.664495	0.257037
47022	9.977275	0.583481	4.267140	0.369912	-0.351071	0.550766	-0.143309	-0.216734	0.965654	0.699937	-0.712012	-0.055931	0.699679	0.667881	0.253738
47023	9.446619	0.363645	4.560076	0.248414	-0.364668	0.546982	-0.136859	-0.218203	0.966259	0.702465	-0.709130	-0.060642	0.698436	0.670464	0.250331
47024	9.004644	0.097797	4.705636	0.109386	-0.455241	0.549499	-0.129827	-0.219157	0.967013	0.703908	-0.707238	-0.065780	0.698325	0.672149	0.246086
47025	8.942526	0.011826	4.405732	-0.073861	-0.628753	0.549954	-0.121495	-0.218838	0.968168	0.704107	-0.706501	-0.071335	0.699623	0.673027	0.239921
47026	9.173052	-0.276770	3.429660	-0.253292	-0.879905	0.538317	-0.111555	-0.216610	0.969864	0.702966	-0.707037	-0.077055	0.702421	0.673185	0.231143
47027	10.601354	-0.432529	1.635751	-0.301670	-1.224284	0.470836	-0.099562	-0.211718	0.972246	0.701362	-0.708032	-0.082361	0.705818	0.673696	0.218984
47028	13.178016	0.340250	0.595658	-0.254040	-1.509513	0.358116	-0.086395	-0.204066	0.975137	0.699882	-0.709017	-0.086368	0.709014	0.675020	0.204077
47029	15.188566	0.796655	0.062716	-0.297103	-1.492272	0.257890	-0.073921	-0.195838	0.977846	0.697999	-0.710480	-0.089526	0.712273	0.675918	0.189214
47030	14.947501	-1.097931	0.147604	-0.053006	-1.195381	0.171548	-0.064251	-0.188966	0.979879	0.697761	-0.710493	-0.091264	0.713443	0.677858	0.177503
47031	13.215257	-2.914773	1.634272	0.678303	-0.797144	0.153927	-0.057437	-0.184649	0.981125	0.702700	-0.705559	-0.091650	0.709164	0.684172	0.170278
47032	11.029072	-3.042828	3.278819	1.235495	-0.501034	0.305129	-0.051784	-0.183408	0.981672	0.711576	-0.696481	-0.092588	0.700698	0.693740	0.166575
47033	9.331486	-2.126668	3.650519	1.288179	-0.379161	0.492666	-0.045549	-0.184186	0.981835	0.720803	-0.686550	-0.095353	0.691641	0.703367	0.164034
47034	7.924285	-0.970259	2.780886	1.157987	-0.420924	0.632625	-0.038151	-0.185473	0.981908	0.729093	-0.677132	-0.099576	0.683350	0.712104	0.161060
47035	7.054101	0.156627	1.018803	0.920123	-0.643498	0.717969	-0.028449	-0.185718	0.982191	0.735608	-0.669185	-0.105227	0.676810	0.719514	0.155653
47036	7.021303	1.085194	-0.704564	0.514791	-0.904607	0.738628	-0.016947	-0.183974	0.982785	0.739310	-0.664060	-0.111561	0.673152	0.724692	0.147267
47037	7.201522	1.488485	-2.113653	0.112084	-1.078625	0.691396	-0.004508	-0.180743	0.983520	0.740154	-0.661957	-0.118256	0.672422	0.727424	0.136762
47038	7.773185	1.066754	-2.817827	-0.131453	-1.206134	0.559907	0.007672	-0.175609	0.984430	0.739339	-0.661849	-0.123827	0.673290	0.728778	0.124757
47039	9.162453	0.624849	-2.395243	-0.410732	-1.280594	0.472380	0.019866	-0.169428	0.985342	0.736518	-0.663999	-0.129022	0.676126	0.728285	0.111596
47040	10.811062	0.368829	-1.358821	-0.865589	-1.203560	0.456761	0.031337	-0.163746	0.986005	0.730580	-0.669470	-0.134398	0.682108	0.724567	0.098650
47041	11.134345	-0.161961	-0.800039	-1.377584	-1.005375	0.495939	0.041910	-0.159859	0.986250	0.720949	-0.678570	-0.140624	0.691720	0.716929	0.086812
47042	9.903052	-0.950754	-0.929457	-1.727906	-0.915332	0.528252	0.052039	-0.156900	0.986243	0.708715	-0.689975	-0.147162	0.703573	0.706623	0.075292
47043	8.799317	-2.616903	-1.808247	-1.786582	-0.992325	0.508268	0.062715	-0.153497	0.986157	0.695760	-0.701688	-0.153466	0.715531	0.695753	0.062791
47044	8.269958	-4.578917	-2.592231	-1.340381	-1.137229	0.417469	0.073747	-0.148573	0.986148	0.685903	-0.710266	-0.158303	0.723946	0.688076	0.049527
47045	8.574347	-5.743174	-2.780746	-0.528219	-1.307558	0.289246	0.085273	-0.141667	0.986235	0.681855	-0.713450	-0.161439	0.726500	0.686235	0.035758
47046	9.796053	-5.567736	-1.923300	0.166409	-1.362135	0.258591	0.096849	-0.134152	0.986217	0.682945	-0.711845	-0.163897	0.724021	0.689405	0.022677
47047	10.848842	-4.197186	-0.519212	0.362906	-1.203738	0.307518	0.107711	-0.128033	0.985904	0.685263	-0.708908	-0.166927	0.720287	0.693583	0.011379
47048	10.772445	-2.577212	0.514414	0.144525	-0.971814	0.327823	0.116859	-0.123404	0.985452	0.686106	-0.707374	-0.169943	0.718055	0.695983	0.002005
47049	9.887347	-1.513021	0.959341	-0.248644	-0.839063	0.292144	0.124953	-0.119655	0.984921	0.683977	-0.708725	-0.172874	0.718723	0.695264	-0.006716
47050	9.403012	-1.369051	1.040693	-0.563571	-0.811727	0.236052	0.132292	-0.115433	0.984466	0.679812	-0.712234	-0.174865	0.721356	0.692386	-0.015750
47051	9.754336	-1.948750	1.292027	-0.756534	-0.802223	0.216929	0.139627	-0.111465	0.983910	0.674055	-0.717185	-0.176904	0.725365	0.687910	-0.025004
47052	9.948483	-2.733951	1.528418	-0.709630	-0.742517	0.228274	0.146412	-0.107885	0.983323	0.668769	-0.721662	-0.178753	0.728911	0.683788	-0.033510
47053	9.910085	-2.963004	1.846479	-0.652680	-0.668745	0.244849	0.152992	-0.105117	0.982621	0.663644	-0.725827	-0.180974	0.732237	0.679798	-0.041286
47054	9.735574	-2.413895	1.647411	-0.610773	-0.630243	0.245365	0.159172	-0.102599	0.981905	0.658870	-0.729646	-0.183047	0.735224	0.676084	-0.048540
47055	9.742960	-1.514340	1.114600	-0.647725	-0.630894	0.250163	0.165525	-0.100197	0.981102	0.653701	-0.733735	-0.185222	0.738428	0.672007	-0.055953
47056	9.824283	-1.072995	0.341216	-0.708212	-0.645559	0.266796	0.171991	-0.097773	0.980234	0.648064	-0.738185	-0.187339	0.741911	0.667476	-0.063598
47057	9.646720	-1.046136	-0.367160	-0.742713	-0.619818	0.255122	0.178309	-0.095561	0.979323	0.642102	-0.742855	-0.189396	0.745594	0.662597	-0.071098
47058	9.431557	-0.956052	-0.697256	-0.789490	-0.617662	0.231990	0.184308	-0.093215	0.978438	0.635895	-0.747762	-0.191022	0.749445	0.657391	-0.078544
47059	9.420616	-1.221631	-0.927255	-0.862285	-0.643083	0.232684	0.190674	-0.090774	0.977447	0.628987	-0.753169	-0.192645	0.753670	0.651534	-0.086514
47060	9.277350	-1.825004	-1.124567	-0.942467	-0.619159	0.238605	0.196774	-0.088588	0.976438	0.621487	-0.758998	-0.194104	0.758310	0.645038	-0.094295
47061	8.888437	-2.303602	-1.448404	-0.944218	-0.620031	0.233695	0.202994	-0.086412	0.975360	0.613846	-0.764831	-0.195516	0.762880	0.638409	-0.102213
47062	8.990022	-2.742514	-1.857551	-0.914473	-0.656478	0.227985	0.209356	-0.083949	0.974229	0.606429	-0.770422	-0.196706	0.767081	0.631983	-0.110383
47063	9.329954	-2.810519	-1.991848	-0.875918	-0.627334	0.225908	0.215603	-0.081774	0.973051	0.599221	-0.775722	-0.197962	0.771006	0.625754	-0.118247
47064	9.307140	-2.874380	-1.976075	-0.827125	-0.520769	0.193216	0.220719	-0.080014	0.972050	0.592478	-0.780673	-0.198793	0.774759	0.619796	-0.124903
47065	8.931422	-2.854427	-1.874721	-0.741799	-0.413958	0.135631	0.224792	-0.078546	0.971236	0.586424	-0.785122	-0.199222	0.778187	0.614340	-0.130428
47066	8.753396	-2.707121	-1.756445	-0.651297	-0.399454	0.109489	0.228496	-0.077028	0.970493	0.581192	-0.788944	-0.199456	0.781028	0.609618	-0.135502
47067	8.864355	-2.697441	-1.822241	-0.567830	-0.394024	0.104057	0.232239	-0.075482	0.969725	0.576518	-0.792294	-0.199741	0.783385	0.605452	-0.140485
47068	8.650738	-2.633820	-1.849389	-0.503133	-0.385892	0.098749	0.235803	-0.073946	0.968983	0.572378	-0.795231	-0.199976	0.785353	0.601780	-0.145193
47069	8.582217	-2.360147	-1.941532	-0.463537	-0.417186	0.091748	0.239664	-0.072199	0.968167	0.568523	-0.797926	-0.200239	0.786983	0.598416	-0.150187
47070	8.737648	-2.149369	-2.122969	-0.484982	-0.450206	0.077813	0.243625	-0.070201	0.967326	0.564583	-0.800703	-0.200301	0.788602	0.594934	-0.155437
47071	8.734265	-2.006783	-2.264186	-0.490106	-0.471013	0.066475	0.247775	-0.067966	0.966431	0.560557	-0.803545	-0.200227	0.790179	0.591351	-0.160999
47072	8.671501	-1.915170	-2.387790	-0.498533	-0.508440	0.056095	0.252127	-0.065494	0.965475	0.556497	-0.806412	-0.200029	0.791671	0.587716	-0.166871
47073	8.687586	-1.812318	-2.398598	-0.512782	-0.540020	0.050496	0.256743	-0.062766	0.964439	0.552311	-0.809364	-0.199704	0.793117	0.583943	-0.173133
47074	8.889427	-1.637491	-2.555816	-0.538164	-0.597574	0.037662	0.261710	-0.059643	0.963302	0.547960	-0.812447	-0.199173	0.794511	0.579977	-0.179943
47075	9.022259	-1.564467	-2.557759	-0.563044	-0.627565	0.022283	0.266879	-0.056226	0.962089	0.543430	-0.815669	-0.198414	0.795902	0.575780	-0.187130
47076	9.013469	-1.582784	-2.406259	-0.563429	-0.639348	0.018655	0.272094	-0.052743	0.960824	0.538883	-0.818888	-0.197556	0.797227	0.571525	-0.194392
47077	9.068559	-1.586228	-2.148934	-0.539022	-0.648533	0.007692	0.277365	-0.049140	0.959507	0.534567	-0.821936	-0.196622	0.798315	0.567457	-0.201707
47078	8.983015	-1.476920	-1.875761	-0.535524	-0.643908	0.012590	0.282592	-0.045640	0.958154	0.530269	-0.824937	-0.195689	0.799347	0.563379	-0.208919
47079	8.983855	-1.226918	-1.665497	-0.552356	-0.664792	0.004758	0.287991	-0.041977	0.956713	0.525842	-0.828018	-0.194620	0.800345	0.559129	-0.216388
47080	9.199613	-1.066623	-1.474490	-0.598624	-0.685010	0.000444	0.293507	-0.038203	0.955193	0.521065	-0.831326	-0.193360	0.801464	0.554470	-0.224094
47081	9.383155	-1.274244	-1.272347	-0.634210	-0.691075	0.003636	0.299124	-0.034449	0.953592	0.515972	-0.834809	-0.192009	0.802682	0.549461	-0.231937
47082	9.540016	-1.736184	-1.092908	-0.648129	-0.674848	0.031661	0.304728	-0.031057	0.951933	0.510675	-0.838329	-0.190826	0.803960	0.544279	-0.239603
47083	9.686963	-2.105244	-0.774835	-0.645067	-0.625636	0.049012	0.310066	-0.028110	0.950299	0.505338	-0.841793	-0.189784	0.805290	0.539068	-0.246806
