// General information: 
//  MT Manager version: 2022.2.0 
//  XDA version: 2022.2.0 build 7381 rev 124627 built on 2023-07-19
// Device information: 
//  DeviceId: 00B4CBA7
//  ProductCode: MTW2-3A7G6
//  Firmware Version: 4.6.0
//  Hardware Version: 2.0.0
// Device settings: 
//  Filter Profile: human(46.1)
//  Option Flags: Orientation Smoother Disabled, Position/Velocity Smoother Disabled, Continuous Zero Rotation Update Disabled, AHS Disabled, ICC Disabled
// Coordinate system: ENU
PacketCounter	Acc_X	Acc_Y	Acc_Z	Gyr_X	Gyr_Y	Gyr_Z	Mat[1][1]	Mat[2][1]	Mat[3][1]	Mat[1][2]	Mat[2][2]	Mat[3][2]	Mat[1][3]	Mat[2][3]	Mat[3][3]
02804	9.720749	-1.082088	-0.753534	-0.005408	-0.015046	-0.003509	-0.100639	0.083711	0.991395	-0.364312	0.924147	-0.115016	-0.925823	-0.372752	-0.062509
02805	9.652741	-1.069814	-0.757802	-0.004603	-0.008421	-0.005649	-0.100712	0.083547	0.991402	-0.364314	0.924162	-0.114889	-0.925815	-0.372752	-0.062637
02806	9.693808	-1.118993	-0.693928	-0.006404	-0.007535	-0.004477	-0.100741	0.083446	0.991407	-0.364251	0.924198	-0.114802	-0.925836	-0.372686	-0.062709
02807	9.700507	-1.077548	-0.686050	-0.001640	-0.008586	-0.007506	-0.100760	0.083262	0.991421	-0.364340	0.924183	-0.114644	-0.925799	-0.372765	-0.062785
02808	9.718976	-1.068114	-0.673447	-0.006003	-0.007174	-0.006719	-0.100777	0.083142	0.991429	-0.364283	0.924219	-0.114534	-0.925820	-0.372703	-0.062853
02809	9.718995	-1.067448	-0.674220	-0.003441	-0.007701	-0.006334	-0.100768	0.083023	0.991440	-0.363994	0.924349	-0.114401	-0.925934	-0.372406	-0.062925
02810	9.664836	-1.058073	-0.606119	-0.001520	-0.006621	-0.005459	-0.100784	0.082917	0.991447	-0.363977	0.924367	-0.114307	-0.925939	-0.372384	-0.062982
02811	9.695940	-1.086643	-0.630643	-0.001640	-0.008588	-0.007507	-0.100843	0.082741	0.991456	-0.363956	0.924393	-0.114164	-0.925941	-0.372358	-0.063105
02812	9.680455	-1.071090	-0.619539	-0.011484	-0.006120	-0.011290	-0.100834	0.082583	0.991470	-0.363852	0.924454	-0.114005	-0.925983	-0.372244	-0.063169
02813	9.710733	-1.093606	-0.602060	-0.011006	-0.004157	-0.005443	-0.100762	0.082479	0.991486	-0.363448	0.924631	-0.113853	-0.926149	-0.371826	-0.063191
02814	9.684319	-1.051944	-0.637386	-0.009324	-0.007010	-0.008665	-0.100770	0.082341	0.991496	-0.363362	0.924681	-0.113723	-0.926182	-0.371732	-0.063261
02815	9.681460	-1.074336	-0.663508	-0.004961	-0.008422	-0.009453	-0.100698	0.082178	0.991517	-0.363015	0.924842	-0.113520	-0.926326	-0.371367	-0.063298
02816	9.689013	-1.038499	-0.697492	-0.003441	-0.007703	-0.006337	-0.100721	0.082060	0.991525	-0.362981	0.924868	-0.113416	-0.926337	-0.371328	-0.063368
02817	9.685272	-1.055355	-0.681654	-0.002280	-0.006982	-0.007021	-0.100813	0.081904	0.991528	-0.363015	0.924868	-0.113307	-0.926313	-0.371363	-0.063507
02818	9.676413	-0.999237	-0.661788	-0.009725	-0.007375	-0.006425	-0.100834	0.081786	0.991536	-0.362923	0.924918	-0.113198	-0.926347	-0.371265	-0.063581
02819	9.722232	-1.036436	-0.656247	-0.013167	-0.003273	-0.008070	-0.100771	0.081632	0.991555	-0.362734	0.925014	-0.113018	-0.926428	-0.371059	-0.063604
02820	9.734096	-1.067575	-0.652072	-0.020212	-0.003305	-0.009716	-0.100741	0.081499	0.991569	-0.362548	0.925105	-0.112870	-0.926504	-0.370862	-0.063649
02821	9.681738	-1.069432	-0.667369	-0.018932	-0.000618	-0.008351	-0.100748	0.081343	0.991581	-0.362468	0.925154	-0.112722	-0.926535	-0.370773	-0.063724
02822	9.692218	-1.010201	-0.675370	-0.010726	0.000137	-0.007390	-0.100696	0.081243	0.991595	-0.362368	0.925208	-0.112602	-0.926580	-0.370661	-0.063725
02823	9.700355	-1.058936	-0.654331	-0.013408	-0.001306	-0.009825	-0.100400	0.081143	0.991633	-0.361563	0.925555	-0.112343	-0.926926	-0.369817	-0.063587
02824	9.665617	-1.046383	-0.613908	-0.015971	0.005121	-0.007861	-0.100299	0.081058	0.991650	-0.361414	0.925628	-0.112216	-0.926995	-0.369651	-0.063544
02825	9.707211	-1.016264	-0.645310	-0.019053	0.003314	-0.008056	-0.100402	0.080873	0.991655	-0.361724	0.925521	-0.112103	-0.926863	-0.369960	-0.063670
02826	9.680789	-0.974505	-0.679909	-0.022535	0.001143	-0.006010	-0.100345	0.080790	0.991667	-0.361512	0.925617	-0.111989	-0.926952	-0.369737	-0.063674
02827	9.697846	-1.078845	-0.679471	-0.023176	0.002748	-0.005521	-0.100472	0.080616	0.991669	-0.361834	0.925503	-0.111897	-0.926813	-0.370062	-0.063818
02828	9.686112	-1.046112	-0.683967	-0.011249	0.003706	-0.004852	-0.100396	0.080553	0.991681	-0.361726	0.925556	-0.111802	-0.926863	-0.369941	-0.063784
02829	9.689941	-1.027904	-0.700281	-0.000200	0.002340	-0.007792	-0.100204	0.080458	0.991708	-0.361309	0.925742	-0.111614	-0.927046	-0.369498	-0.063692
02830	9.674480	-1.012594	-0.688132	-0.000200	0.002340	-0.007792	-0.100129	0.080363	0.991724	-0.361307	0.925757	-0.111497	-0.927055	-0.369481	-0.063659
02831	9.658998	-0.997398	-0.676089	0.002603	-0.000154	-0.005657	-0.100083	0.080241	0.991738	-0.361262	0.925790	-0.111363	-0.927078	-0.369423	-0.063668
02832	9.673756	-1.005680	-0.646101	0.000041	0.000369	-0.006043	-0.100033	0.080155	0.991750	-0.361260	0.925803	-0.111263	-0.927084	-0.369410	-0.063654
02833	9.693105	-1.002197	-0.674556	-0.000360	0.000005	-0.003801	-0.100049	0.080047	0.991757	-0.361271	0.925810	-0.111170	-0.927078	-0.369416	-0.063708
02834	9.674722	-1.010413	-0.687945	-0.002521	0.000892	-0.006429	-0.099993	0.079959	0.991770	-0.361245	0.925833	-0.111065	-0.927094	-0.369378	-0.063692
02835	9.686601	-1.042016	-0.683294	-0.000360	0.000005	-0.003801	-0.100050	0.079834	0.991774	-0.361457	0.925760	-0.110984	-0.927005	-0.369588	-0.063766
02836	9.690390	-1.024124	-0.699608	-0.004846	0.005346	-0.002713	-0.099966	0.079797	0.991786	-0.361406	0.925788	-0.110914	-0.927034	-0.369525	-0.063708
02837	9.705162	-1.032465	-0.669366	-0.005083	0.001414	-0.006815	-0.099962	0.079634	0.991799	-0.361572	0.925740	-0.110772	-0.926970	-0.369680	-0.063746
02838	9.693403	-1.000009	-0.673522	0.000915	0.008596	-0.000080	-0.099858	0.079633	0.991810	-0.361573	0.925745	-0.110733	-0.926981	-0.369669	-0.063650
02839	9.674161	-1.002851	-0.644445	-0.000482	0.003941	-0.003500	-0.099887	0.079514	0.991817	-0.361869	0.925638	-0.110653	-0.926862	-0.369961	-0.063686
02840	9.723780	-1.022955	-0.654469	0.000278	0.004300	-0.001941	-0.099816	0.079480	0.991826	-0.361865	0.925647	-0.110594	-0.926871	-0.369947	-0.063633
02841	9.670511	-1.020044	-0.627149	0.004241	0.002531	-0.000486	-0.099854	0.079405	0.991829	-0.362018	0.925593	-0.110549	-0.926808	-0.370099	-0.063678
02842	9.722981	-1.016983	-0.611874	0.005802	0.003619	-0.003410	-0.099784	0.079354	0.991840	-0.362067	0.925582	-0.110479	-0.926796	-0.370136	-0.063626
02843	9.686147	-1.034381	-0.638362	0.007563	0.002368	0.001460	-0.099767	0.079303	0.991846	-0.362218	0.925528	-0.110435	-0.926739	-0.370282	-0.063612
02844	9.671479	-1.025408	-0.668185	0.005166	-0.000677	-0.005271	-0.099730	0.079219	0.991856	-0.362262	0.925521	-0.110346	-0.926725	-0.370317	-0.063604
02845	9.670642	-1.019508	-0.625993	0.009242	0.005422	0.000586	-0.099711	0.079152	0.991863	-0.362488	0.925439	-0.110292	-0.926639	-0.370536	-0.063585
02846	9.682759	-0.972567	-0.717167	-0.001402	0.001246	-0.001069	-0.099672	0.079115	0.991870	-0.362468	0.925453	-0.110241	-0.926651	-0.370509	-0.063565
02847	9.692848	-0.993212	-0.628554	-0.001284	0.003212	0.000982	-0.099639	0.079065	0.991877	-0.362473	0.925458	-0.110183	-0.926653	-0.370507	-0.063553
02848	9.690880	-1.022298	-0.695484	-0.001284	0.003212	0.000982	-0.099588	0.079054	0.991883	-0.362451	0.925471	-0.110152	-0.926667	-0.370479	-0.063513
02849	9.713073	-0.996115	-0.698118	-0.001407	0.007148	0.001282	-0.099419	0.079058	0.991900	-0.362103	0.925617	-0.110069	-0.926821	-0.370113	-0.063397
02850	9.675340	-1.008062	-0.682671	0.005242	0.000921	0.002824	-0.099397	0.079055	0.991903	-0.362140	0.925603	-0.110060	-0.926809	-0.370147	-0.063373
02851	9.690924	-1.022722	-0.694241	0.002198	0.005383	-0.001064	-0.099349	0.078967	0.991914	-0.362320	0.925543	-0.109973	-0.926744	-0.370316	-0.063340
02852	9.702804	-1.054784	-0.688938	0.011563	0.006868	-0.000778	-0.099258	0.078953	0.991925	-0.362419	0.925509	-0.109932	-0.926715	-0.370404	-0.063250
02853	9.652375	-1.028825	-0.635992	0.016928	0.003852	0.001746	-0.099257	0.078890	0.991930	-0.362718	0.925397	-0.109893	-0.926598	-0.370698	-0.063237
02854	9.692090	-0.988368	-0.583190	0.016286	0.005457	0.002235	-0.099190	0.078898	0.991936	-0.362858	0.925343	-0.109886	-0.926550	-0.370831	-0.063156
02855	9.674567	-1.003115	-0.637900	0.010643	0.004173	0.001653	-0.099063	0.078893	0.991949	-0.362658	0.925429	-0.109820	-0.926642	-0.370617	-0.063065
02856	9.720395	-1.041296	-0.631246	0.009483	0.003449	0.002335	-0.099015	0.078895	0.991953	-0.362735	0.925400	-0.109809	-0.926617	-0.370689	-0.063011
02857	9.674562	-1.003712	-0.637027	0.014606	0.002403	0.003108	-0.099064	0.078839	0.991953	-0.363059	0.925275	-0.109797	-0.926485	-0.371014	-0.063039
02858	9.686387	-1.036119	-0.631856	0.018088	0.004570	0.001060	-0.099002	0.078833	0.991960	-0.363217	0.925215	-0.109779	-0.926430	-0.371165	-0.062964
02859	9.694767	-1.007281	-0.706408	0.019328	0.000992	0.006122	-0.098959	0.078861	0.991962	-0.363141	0.925244	-0.109784	-0.926464	-0.371087	-0.062924
02860	9.719779	-0.958248	-0.683679	0.015644	0.007058	0.002720	-0.098879	0.078880	0.991968	-0.363275	0.925192	-0.109781	-0.926420	-0.371212	-0.062827
02861	9.690113	-1.019982	-0.646560	0.018206	0.006533	0.003105	-0.098797	0.078863	0.991978	-0.363399	0.925147	-0.109743	-0.926380	-0.371326	-0.062743
02862	9.675442	-1.011752	-0.675742	0.024088	0.005844	0.005436	-0.098738	0.078902	0.991980	-0.363608	0.925062	-0.109772	-0.926304	-0.371531	-0.062649
02863	9.681115	-0.965849	-0.624421	0.021766	0.004398	0.006801	-0.098769	0.078894	0.991978	-0.363928	0.924933	-0.109797	-0.926176	-0.371853	-0.062643
02864	9.715060	-0.972655	-0.622149	0.018920	0.006527	0.010703	-0.098723	0.078985	0.991975	-0.364084	0.924862	-0.109875	-0.926119	-0.372009	-0.062548
02865	9.698512	-0.953369	-0.567704	0.009555	0.005049	0.010420	-0.098642	0.079035	0.991979	-0.364101	0.924854	-0.109893	-0.926121	-0.372020	-0.062453
02866	9.710263	-0.986471	-0.562234	0.008674	0.008623	0.009155	-0.098571	0.079119	0.991980	-0.364163	0.924822	-0.109949	-0.926104	-0.372080	-0.062349
02867	9.669588	-1.022341	-0.572006	0.006998	-0.000330	0.007691	-0.098706	0.079094	0.991968	-0.364451	0.924704	-0.109996	-0.925977	-0.372381	-0.062448
02868	9.703496	-1.028991	-0.570454	0.020207	-0.002595	0.007380	-0.098733	0.079120	0.991964	-0.364622	0.924631	-0.110041	-0.925907	-0.372556	-0.062442
02869	9.684984	-1.038615	-0.583765	0.018924	0.000618	0.008356	-0.098701	0.079137	0.991965	-0.364657	0.924616	-0.110048	-0.925896	-0.372589	-0.062403
02870	9.679727	-0.966593	-0.579714	0.014682	-0.001907	0.008848	-0.098727	0.079179	0.991960	-0.364775	0.924563	-0.110105	-0.925847	-0.372712	-0.062396
02871	9.697148	-0.952922	-0.524481	-0.005972	-0.000030	0.009754	-0.098626	0.079232	0.991965	-0.364372	0.924724	-0.110089	-0.926016	-0.372302	-0.062332
02872	9.743754	-0.997610	-0.560018	-0.011736	0.002628	0.009470	-0.098612	0.079296	0.991962	-0.364245	0.924768	-0.110135	-0.926068	-0.372178	-0.062310
02873	9.672825	-1.010073	-0.588343	-0.011095	0.001020	0.008981	-0.098664	0.079311	0.991955	-0.364204	0.924780	-0.110165	-0.926078	-0.372144	-0.062357
02874	9.721364	-1.025498	-0.557098	-0.011494	-0.005244	0.008881	-0.098721	0.079341	0.991947	-0.364080	0.924824	-0.110206	-0.926121	-0.372028	-0.062413
02875	9.713714	-1.061249	-0.524175	-0.029425	0.004338	0.008517	-0.098687	0.079357	0.991949	-0.363854	0.924915	-0.110194	-0.926213	-0.371799	-0.062403
02876	9.689028	-1.032637	-0.642726	-0.014935	-0.001145	0.007228	-0.098700	0.079387	0.991946	-0.363699	0.924973	-0.110216	-0.926273	-0.371648	-0.062422
02877	9.676255	-0.995301	-0.605988	-0.011093	-0.004886	0.006636	-0.098755	0.079381	0.991941	-0.363407	0.925089	-0.110211	-0.926382	-0.371362	-0.062510
02878	9.688841	-1.033866	-0.643574	-0.020460	-0.000457	0.008695	-0.098767	0.079427	0.991936	-0.363200	0.925166	-0.110244	-0.926462	-0.371159	-0.062528
02879	9.662325	-0.993734	-0.678453	-0.012256	0.000292	0.009660	-0.098753	0.079437	0.991936	-0.363096	0.925207	-0.110241	-0.926504	-0.371055	-0.062524
02880	9.666011	-0.977021	-0.695271	-0.010975	-0.002922	0.008681	-0.098788	0.079473	0.991930	-0.362977	0.925249	-0.110280	-0.926547	-0.370942	-0.062556
02881	9.695208	-0.995325	-0.635713	-0.015457	-0.003478	0.007418	-0.098803	0.079474	0.991928	-0.362690	0.925363	-0.110267	-0.926657	-0.370658	-0.062604
02882	9.692228	-1.019322	-0.661377	-0.014176	-0.000791	0.008782	-0.098818	0.079519	0.991923	-0.362541	0.925417	-0.110305	-0.926714	-0.370513	-0.062619
02883	9.654320	-1.032015	-0.646677	-0.011020	-0.003293	0.014719	-0.098845	0.079576	0.991916	-0.362281	0.925513	-0.110351	-0.926813	-0.370260	-0.062654
02884	9.691956	-1.021437	-0.662088	-0.007252	-0.002730	0.008382	-0.098877	0.079611	0.991910	-0.362197	0.925542	-0.110389	-0.926842	-0.370182	-0.062680
02885	9.684244	-1.057473	-0.629335	-0.008057	-0.003457	0.012863	-0.098985	0.079638	0.991897	-0.362226	0.925522	-0.110457	-0.926820	-0.370224	-0.062765
02886	9.691689	-1.023547	-0.662745	0.001712	-0.001623	0.010907	-0.099015	0.079700	0.991889	-0.362222	0.925516	-0.110526	-0.926818	-0.370227	-0.062771
02887	9.669326	-1.050769	-0.659883	0.000431	-0.004310	0.009541	-0.099105	0.079689	0.991881	-0.362311	0.925477	-0.110555	-0.926774	-0.370326	-0.062847
02888	9.709894	-1.016719	-0.649927	0.002754	-0.002867	0.008176	-0.099137	0.079721	0.991875	-0.362319	0.925469	-0.110598	-0.926767	-0.370340	-0.062864
02889	9.686638	-1.038147	-0.605256	0.000029	-0.004674	0.011781	-0.099244	0.079731	0.991864	-0.362397	0.925432	-0.110652	-0.926725	-0.370430	-0.062949
02890	9.739822	-1.042121	-0.632589	-0.004691	-0.003257	0.008767	-0.099282	0.079767	0.991857	-0.362336	0.925451	-0.110695	-0.926745	-0.370376	-0.062978
02891	9.694341	-1.089529	-0.584783	-0.001728	-0.003420	0.006913	-0.099403	0.079713	0.991849	-0.362527	0.925375	-0.110703	-0.926657	-0.370577	-0.063087
02892	9.689226	-1.017237	-0.581141	0.001472	-0.005555	0.006809	-0.099455	0.079722	0.991843	-0.362525	0.925372	-0.110731	-0.926652	-0.370581	-0.063132
02893	9.688245	-1.012189	-0.539690	-0.007252	-0.002730	0.008381	-0.099465	0.079733	0.991841	-0.362377	0.925430	-0.110734	-0.926709	-0.370435	-0.063155
02894	9.692806	-1.001360	-0.598488	-0.013179	-0.002404	0.012088	-0.099507	0.079802	0.991832	-0.362234	0.925478	-0.110805	-0.926760	-0.370301	-0.063184
02895	9.670417	-1.028447	-0.596038	-0.020226	-0.008329	0.008092	-0.099631	0.079779	0.991821	-0.362037	0.925553	-0.110817	-0.926824	-0.370117	-0.063331
02896	9.727411	-1.014492	-0.640397	-0.027386	-0.004420	0.006740	-0.099673	0.079792	0.991816	-0.361768	0.925658	-0.110825	-0.926925	-0.369853	-0.063396
02897	9.671099	-1.035224	-0.639179	-0.029542	0.002369	0.006459	-0.099674	0.079766	0.991818	-0.361632	0.925714	-0.110792	-0.926977	-0.369717	-0.063424
02898	9.728172	-1.020907	-0.682850	-0.018615	-0.000975	0.001475	-0.099665	0.079742	0.991821	-0.361449	0.925790	-0.110755	-0.927050	-0.369531	-0.063446
02899	9.731060	-0.997877	-0.657829	-0.019419	-0.001707	0.005953	-0.099747	0.079693	0.991816	-0.361461	0.925788	-0.110740	-0.927036	-0.369549	-0.063539
02900	9.709598	-1.030239	-0.696941	-0.030065	0.000034	0.006644	-0.099747	0.079721	0.991814	-0.361167	0.925902	-0.110746	-0.927151	-0.369257	-0.063564
02901	9.713683	-0.972760	-0.562558	-0.039026	0.004824	0.006462	-0.099814	0.079721	0.991807	-0.360907	0.926002	-0.110752	-0.927245	-0.369005	-0.063657
02902	9.704797	-1.043006	-0.638912	-0.051644	-0.000795	0.009955	-0.099834	0.079776	0.991801	-0.360409	0.926193	-0.110778	-0.927437	-0.368513	-0.063714
02903	9.697078	-1.078843	-0.606212	-0.046116	0.004407	0.010836	-0.099804	0.079837	0.991799	-0.359877	0.926399	-0.110787	-0.927646	-0.367983	-0.063727
02904	9.652425	-1.132035	-0.600419	-0.036516	-0.001996	0.010518	-0.099837	0.079893	0.991791	-0.359519	0.926533	-0.110827	-0.927782	-0.367632	-0.063779
02905	9.647367	-1.059822	-0.596601	-0.019823	-0.002092	0.008175	-0.099836	0.079898	0.991791	-0.359272	0.926631	-0.110814	-0.927877	-0.367386	-0.063806
02906	9.636436	-1.033848	-0.643650	-0.016744	-0.006186	0.006019	-0.099892	0.079897	0.991785	-0.359101	0.926696	-0.110822	-0.927937	-0.367222	-0.063878
02907	9.677906	-1.005309	-0.676092	-0.009987	-0.010466	0.009606	-0.099992	0.079886	0.991776	-0.358932	0.926759	-0.110837	-0.927992	-0.367063	-0.063995
02908	9.741025	-1.029911	-0.615932	-0.010869	-0.012781	0.005995	-0.100108	0.079861	0.991766	-0.358816	0.926803	-0.110849	-0.928025	-0.366958	-0.064125
02909	9.723278	-1.044824	-0.672219	-0.009578	-0.004203	0.009723	-0.100174	0.079843	0.991761	-0.358850	0.926789	-0.110858	-0.928004	-0.366998	-0.064189
02910	9.655216	-1.033576	-0.675762	-0.003014	-0.006123	0.005529	-0.100227	0.079838	0.991756	-0.358807	0.926804	-0.110870	-0.928015	-0.366962	-0.064245
02911	9.655950	-1.039723	-0.718446	-0.004700	-0.009177	0.006394	-0.100287	0.079829	0.991751	-0.358527	0.926913	-0.110865	-0.928117	-0.366688	-0.064336
02912	9.663705	-1.089863	-0.698461	-0.008144	-0.010965	0.002396	-0.100374	0.079778	0.991746	-0.358440	0.926949	-0.110843	-0.928141	-0.366607	-0.064446
02913	9.702213	-1.084200	-0.756443	0.003385	-0.010390	0.005316	-0.100538	0.079703	0.991736	-0.358570	0.926899	-0.110843	-0.928073	-0.366750	-0.064610
02914	9.696356	-1.006220	-0.710989	0.010193	-0.008390	0.005224	-0.100611	0.079687	0.991729	-0.358650	0.926866	-0.110860	-0.928034	-0.366837	-0.064673
02915	9.676944	-1.009673	-0.683315	-0.006859	-0.008281	0.003769	-0.100697	0.079633	0.991725	-0.358500	0.926927	-0.110831	-0.928083	-0.366694	-0.064790
02916	9.676853	-1.010012	-0.684111	-0.007497	-0.006676	0.004262	-0.100751	0.079614	0.991721	-0.358417	0.926960	-0.110828	-0.928109	-0.366615	-0.064857
02917	9.653645	-1.030928	-0.640019	-0.006222	-0.009888	0.003275	-0.100902	0.079515	0.991714	-0.358479	0.926940	-0.110795	-0.928069	-0.366688	-0.065026
02918	9.700039	-1.074890	-0.676795	-0.007096	-0.006306	0.002023	-0.100945	0.079477	0.991712	-0.358402	0.926972	-0.110770	-0.928094	-0.366613	-0.065088
02919	9.650476	-1.054739	-0.667057	0.007869	-0.009841	0.006579	-0.101015	0.079424	0.991710	-0.358505	0.926935	-0.110753	-0.928046	-0.366721	-0.065160
02920	9.684325	-1.061430	-0.666275	0.022124	-0.007449	0.005898	-0.101082	0.079417	0.991703	-0.358695	0.926857	-0.110785	-0.927966	-0.366918	-0.065202
02921	9.660866	-0.997720	-0.675811	0.025086	-0.007609	0.004044	-0.101076	0.079369	0.991708	-0.358790	0.926825	-0.110745	-0.927930	-0.367008	-0.065203
02922	9.747211	-1.001631	-0.659914	0.011880	-0.005340	0.004353	-0.101117	0.079356	0.991705	-0.358887	0.926787	-0.110754	-0.927888	-0.367109	-0.065235
02923	9.693861	-0.999325	-0.633100	0.012127	-0.001420	0.008454	-0.101125	0.079348	0.991704	-0.358982	0.926750	-0.110757	-0.927850	-0.367204	-0.065233
02924	9.672290	-1.031792	-0.672026	0.006120	-0.002679	0.004074	-0.101141	0.079342	0.991703	-0.359026	0.926732	-0.110760	-0.927831	-0.367250	-0.065245
02925	9.709209	-1.015023	-0.645375	0.006120	-0.002679	0.004074	-0.101309	0.079264	0.991692	-0.359311	0.926621	-0.110770	-0.927703	-0.367548	-0.065395
02926	9.690666	-1.024031	-0.658954	0.007282	-0.001955	0.003394	-0.101316	0.079255	0.991692	-0.359366	0.926599	-0.110767	-0.927680	-0.367603	-0.065398
02927	9.672113	-1.033046	-0.672647	0.005595	-0.005009	0.004261	-0.101220	0.079250	0.991703	-0.359080	0.926718	-0.110707	-0.927802	-0.367306	-0.065346
02928	9.660354	-1.001427	-0.677640	0.005194	-0.005379	0.006498	-0.101270	0.079256	0.991697	-0.359113	0.926702	-0.110733	-0.927784	-0.367345	-0.065385
02929	9.654214	-1.048629	-0.728768	0.011603	-0.003753	0.008638	-0.101307	0.079267	0.991692	-0.359139	0.926688	-0.110759	-0.927769	-0.367377	-0.065413
02930	9.695587	-0.974487	-0.567108	-0.002825	0.008018	0.006259	-0.101232	0.079320	0.991696	-0.359098	0.926702	-0.110778	-0.927793	-0.367330	-0.065328
02931	9.933382	-0.970052	-0.361278	-0.110092	0.056921	-0.016561	-0.100594	0.079320	0.991761	-0.357981	0.927172	-0.110464	-0.928294	-0.366143	-0.064873
02932	9.593519	-0.691685	-0.281815	-0.223599	0.157868	-0.032528	-0.098988	0.079560	0.991903	-0.355927	0.928022	-0.109957	-0.929256	-0.363930	-0.063546
02933	9.308681	-0.302842	-0.211418	-0.261769	0.148193	-0.015722	-0.097534	0.079899	0.992020	-0.353371	0.929044	-0.109570	-0.930385	-0.361238	-0.062380
02934	9.185812	-0.765748	-0.843087	-0.411318	0.064292	0.006916	-0.096937	0.080160	0.992057	-0.349525	0.930525	-0.109341	-0.931899	-0.357348	-0.062184
02935	9.647476	-1.894571	-0.720562	-0.401639	0.043964	0.029291	-0.096600	0.080522	0.992061	-0.345731	0.931945	-0.109308	-0.933348	-0.353546	-0.062186
02936	9.680305	-2.228826	-0.824389	-0.210230	0.026487	0.026567	-0.096421	0.080829	0.992053	-0.343733	0.932673	-0.109399	-0.934104	-0.351550	-0.062146
02937	9.817462	-1.657689	-1.229369	-0.078683	0.033587	0.002365	-0.096056	0.080894	0.992083	-0.342977	0.932965	-0.109282	-0.934420	-0.350759	-0.061872
02938	9.977377	-0.812641	-1.435072	-0.046019	0.044962	0.001125	-0.095617	0.081027	0.992115	-0.342537	0.933134	-0.109223	-0.934626	-0.350279	-0.061469
02939	9.838009	-0.666837	-1.633974	-0.108458	0.089395	0.014255	-0.094926	0.081397	0.992151	-0.341598	0.933473	-0.109266	-0.935040	-0.349289	-0.060806
02940	9.549773	-0.680692	-1.489763	-0.119004	0.094001	0.030997	-0.094130	0.081980	0.992179	-0.340446	0.933871	-0.109461	-0.935540	-0.348087	-0.059996
02941	9.850649	-0.868755	-1.465776	-0.100384	0.107788	0.048562	-0.093346	0.082714	0.992192	-0.339596	0.934138	-0.109824	-0.935928	-0.347196	-0.059108
02942	9.826837	-0.766383	-1.268955	-0.107080	0.131031	0.060159	-0.092300	0.083695	0.992208	-0.338528	0.934467	-0.110316	-0.936418	-0.346073	-0.057918
02943	9.817561	-0.797638	-1.140229	-0.111981	0.141676	0.065771	-0.091185	0.084738	0.992222	-0.337340	0.934835	-0.110839	-0.936956	-0.344823	-0.056657
02944	9.800263	-0.811133	-1.141255	-0.144037	0.140257	0.071008	-0.090087	0.085850	0.992227	-0.335916	0.935278	-0.111421	-0.937574	-0.343342	-0.055418
02945	9.732379	-1.068103	-1.018263	-0.114164	0.138971	0.082721	-0.089018	0.087037	0.992220	-0.334678	0.935641	-0.112100	-0.938119	-0.342053	-0.054159
02946	9.709847	-1.215306	-0.721594	-0.047678	0.140024	0.084509	-0.087964	0.088271	0.992205	-0.334146	0.935738	-0.112871	-0.938408	-0.341470	-0.052816
02947	9.722944	-1.020247	-0.588071	0.050575	0.133673	0.088684	-0.086940	0.089510	0.992184	-0.334291	0.935587	-0.113696	-0.938451	-0.341563	-0.051418
02948	9.854483	-0.831731	-0.393266	0.074224	0.121494	0.089500	-0.086077	0.090727	0.992149	-0.334900	0.935261	-0.114581	-0.938314	-0.342133	-0.050120
02949	9.850443	-0.709462	-0.197128	0.100438	0.110231	0.098832	-0.085281	0.091984	0.992102	-0.335525	0.934921	-0.115524	-0.938163	-0.342727	-0.048868
02950	9.825263	-0.709295	-0.032581	0.108839	0.088491	0.108183	-0.084792	0.093263	0.992024	-0.336443	0.934456	-0.116608	-0.937879	-0.343647	-0.047857
02951	9.708837	-0.781732	0.247994	0.134909	0.065061	0.118779	-0.084436	0.094539	0.991934	-0.337446	0.933953	-0.117738	-0.937550	-0.344665	-0.046958
02952	9.641364	-0.874793	0.516171	0.164030	0.031730	0.124876	-0.084539	0.095780	0.991806	-0.338867	0.933277	-0.119011	-0.937028	-0.346152	-0.046441
02953	9.612980	-0.928153	0.835268	0.202489	-0.006030	0.129037	-0.084952	0.096931	0.991659	-0.340216	0.932620	-0.120305	-0.936502	-0.347599	-0.046250
02954	9.517475	-0.876381	1.136372	0.238677	-0.044880	0.128469	-0.085788	0.097937	0.991488	-0.342331	0.931671	-0.121648	-0.935655	-0.349853	-0.046399
02955	9.430947	-0.844669	1.521298	0.253681	-0.099815	0.123616	-0.087133	0.098677	0.991297	-0.344543	0.930687	-0.122928	-0.934718	-0.352256	-0.047095
02956	9.420470	-0.753655	1.726036	0.249778	-0.158124	0.123938	-0.089016	0.099236	0.991074	-0.346757	0.929691	-0.124234	-0.933721	-0.354721	-0.048347
02957	9.300925	-0.767826	1.963007	0.223273	-0.211217	0.118336	-0.091434	0.099492	0.990829	-0.348843	0.928747	-0.125449	-0.932710	-0.357114	-0.050212
02958	9.161552	-0.902513	2.166342	0.196464	-0.292544	0.115105	-0.094541	0.099478	0.990538	-0.350557	0.927938	-0.126649	-0.931757	-0.359214	-0.052856
02959	9.113816	-0.922384	2.436451	0.162473	-0.370052	0.110448	-0.098263	0.099137	0.990210	-0.351648	0.927376	-0.127742	-0.930961	-0.360758	-0.056265
02960	9.075958	-0.986464	2.761774	0.109590	-0.460745	0.108388	-0.102909	0.098442	0.989808	-0.352549	0.926882	-0.128837	-0.930118	-0.362214	-0.060679
02961	9.020211	-0.974709	3.153572	0.057926	-0.554528	0.099216	-0.108444	0.097269	0.989332	-0.353101	0.926538	-0.129800	-0.929279	-0.363410	-0.066131
02962	8.987372	-0.973086	3.565090	-0.038509	-0.684114	0.084948	-0.115075	0.095535	0.988752	-0.352638	0.926605	-0.130571	-0.928657	-0.363698	-0.072940
02963	9.088325	-1.165758	3.862908	-0.110770	-0.806587	0.071635	-0.122753	0.093240	0.988048	-0.351280	0.927043	-0.131125	-0.928189	-0.363178	-0.081044
02964	8.995454	-1.410755	4.153839	-0.187460	-0.936508	0.057773	-0.131622	0.090344	0.987175	-0.349459	0.927679	-0.131493	-0.927661	-0.362284	-0.090532
02965	9.051501	-1.683657	4.292345	-0.235357	-1.070692	0.038450	-0.141678	0.086778	0.986102	-0.347194	0.928515	-0.131594	-0.927029	-0.361013	-0.101422
02966	9.160727	-1.829202	4.128578	-0.293326	-1.204815	0.004046	-0.152834	0.082442	0.984807	-0.344462	0.929577	-0.131276	-0.926276	-0.359292	-0.113673
02967	9.393055	-1.960219	3.516783	-0.312636	-1.333843	-0.034140	-0.165131	0.077267	0.983240	-0.341749	0.930682	-0.130532	-0.925170	-0.357576	-0.127278
02968	9.753259	-2.053140	2.549596	-0.350572	-1.434068	-0.077464	-0.178104	0.071398	0.981418	-0.338634	0.931998	-0.129257	-0.923908	-0.355362	-0.141814
02969	10.189721	-2.445854	1.208382	-0.299864	-1.528759	-0.117203	-0.191844	0.064788	0.979285	-0.336352	0.933049	-0.127621	-0.921989	-0.353868	-0.157208
02970	11.160925	-2.637700	-0.079109	-0.197930	-1.582980	-0.164318	-0.205845	0.057624	0.976886	-0.334851	0.933857	-0.125644	-0.919512	-0.352974	-0.172935
02971	12.025530	-2.626287	-0.724655	0.000360	-1.544088	-0.177535	-0.219508	0.050428	0.974307	-0.335456	0.933871	-0.123912	-0.916125	-0.354037	-0.188076
02972	13.732363	-3.051318	0.260238	0.071009	-1.538521	-0.129380	-0.233118	0.043727	0.971465	-0.336394	0.933687	-0.122749	-0.912412	-0.355410	-0.202949
02973	14.245106	-3.789020	-0.449394	0.259497	-1.481543	-0.108699	-0.246365	0.037297	0.968459	-0.339363	0.932678	-0.122249	-0.907820	-0.358777	-0.217122
02974	13.023985	-3.027116	-0.490530	0.449233	-1.487785	-0.100181	-0.259468	0.030956	0.965256	-0.343680	0.931097	-0.122244	-0.902530	-0.363457	-0.230951
02975	12.612064	-2.739169	-1.191127	0.512065	-1.561613	-0.093701	-0.273167	0.024372	0.961658	-0.348507	0.929261	-0.122547	-0.896617	-0.368620	-0.245350
02976	12.221917	-2.210282	-1.693057	0.590143	-1.553424	-0.099938	-0.286672	0.017638	0.957866	-0.354057	0.927095	-0.123035	-0.890204	-0.374410	-0.259528
02977	11.810116	-1.326649	-2.554286	0.608201	-1.558662	-0.122946	-0.300166	0.010506	0.953829	-0.360129	0.924690	-0.123516	-0.883294	-0.380577	-0.273776
02978	11.522090	-0.562192	-3.453637	0.567320	-1.496048	-0.179417	-0.312657	0.003081	0.949861	-0.365670	0.922534	-0.123357	-0.876659	-0.385904	-0.287310
02979	11.258889	0.071907	-4.056909	0.552798	-1.371546	-0.258301	-0.323754	-0.004803	0.946129	-0.371692	0.920236	-0.122517	-0.870074	-0.391334	-0.299715
02980	11.471218	0.309821	-4.255451	0.542736	-1.191772	-0.354197	-0.332738	-0.012786	0.942932	-0.377561	0.918073	-0.120784	-0.864137	-0.396204	-0.310306
02981	11.078518	0.372860	-4.094802	0.359925	-0.952974	-0.466305	-0.339330	-0.020980	0.940433	-0.382514	0.916438	-0.117575	-0.859382	-0.399626	-0.319000
02982	10.610662	0.189248	-5.284855	0.318378	-0.817939	-0.531700	-0.344274	-0.029163	0.938416	-0.387063	0.915033	-0.113564	-0.855370	-0.402323	-0.326310
02983	9.820478	0.123022	-5.638081	0.188846	-0.703655	-0.576721	-0.348130	-0.037477	0.936697	-0.391024	0.913932	-0.108761	-0.852001	-0.404134	-0.332821
02984	9.370943	-0.729692	-5.488279	0.239477	-0.538073	-0.619788	-0.350247	-0.045352	0.935559	-0.395227	0.912709	-0.103718	-0.849189	-0.406085	-0.337598
02985	9.044177	-1.096612	-5.247823	0.439636	-0.287242	-0.636632	-0.350251	-0.052525	0.935182	-0.401479	0.910477	-0.099227	-0.846250	-0.410210	-0.339984
02986	8.002856	-1.133720	-4.826074	0.643800	-0.006976	-0.648249	-0.347660	-0.058481	0.935795	-0.409183	0.907461	-0.095307	-0.843624	-0.416046	-0.339417
02987	6.838871	-0.950947	-4.956575	0.708872	0.204953	-0.678867	-0.343216	-0.063953	0.937077	-0.417824	0.903924	-0.091343	-0.841205	-0.422884	-0.336963
02988	6.418122	-1.034667	-4.075982	0.698251	0.447333	-0.696442	-0.336494	-0.068364	0.939201	-0.426062	0.900491	-0.087102	-0.839787	-0.429467	-0.332137
02989	7.229555	-1.233670	-3.365941	0.783352	0.776604	-0.635328	-0.327311	-0.070829	0.942258	-0.434833	0.896617	-0.083649	-0.838920	-0.437105	-0.324272
02990	8.743036	-1.381241	-2.869467	0.888386	1.142423	-0.570367	-0.315197	-0.070920	0.946372	-0.444119	0.892294	-0.081050	-0.838695	-0.445849	-0.312746
02991	7.979935	-0.643188	-2.929018	0.911065	1.550605	-0.540572	-0.299833	-0.068865	0.951503	-0.453606	0.887722	-0.078689	-0.839251	-0.455201	-0.297406
02992	7.125883	0.122025	-2.576653	0.831353	1.700198	-0.537500	-0.283068	-0.065846	0.956837	-0.462155	0.883543	-0.075920	-0.840408	-0.463698	-0.280534
02993	6.997806	0.075672	-2.591845	0.627067	1.884631	-0.499455	-0.264885	-0.061586	0.962311	-0.468903	0.880249	-0.072736	-0.842595	-0.470498	-0.262043
02994	7.308621	-0.090713	-2.553321	0.478848	2.080629	-0.441981	-0.245212	-0.055658	0.967871	-0.474072	0.877728	-0.069633	-0.845652	-0.475915	-0.241615
02995	7.778697	-0.350043	-2.439537	0.370411	2.299739	-0.380326	-0.223891	-0.048148	0.973424	-0.478217	0.875707	-0.066677	-0.849224	-0.480436	-0.219088
02996	8.231376	-0.350210	-2.485435	0.304581	2.512328	-0.313912	-0.200974	-0.038809	0.978828	-0.481473	0.874106	-0.064200	-0.853108	-0.484182	-0.194358
02997	8.290407	-0.346232	-2.309463	0.247766	2.707914	-0.207666	-0.176761	-0.027591	0.983867	-0.484058	0.872802	-0.062489	-0.856997	-0.487295	-0.167634
02998	8.131340	-0.737889	-2.100020	0.197809	2.850927	-0.094320	-0.151791	-0.014520	0.988306	-0.485908	0.871821	-0.061820	-0.860728	-0.489609	-0.139390
02999	8.272035	-0.603825	-2.092565	0.230024	2.937974	0.006069	-0.126284	-0.000090	0.991994	-0.487593	0.870867	-0.061993	-0.863889	-0.491519	-0.110021
03000	8.580756	-0.440366	-2.054286	0.178579	3.030399	0.094455	-0.100499	0.015616	0.994815	-0.489025	0.869988	-0.063059	-0.866461	-0.492826	-0.079796
03001	8.935539	-0.483275	-1.863904	0.139773	3.094146	0.183101	-0.074317	0.032339	0.996710	-0.489885	0.869381	-0.064735	-0.868614	-0.493084	-0.048768
03002	9.287755	-0.377600	-1.649124	0.079893	3.123086	0.265564	-0.048439	0.050006	0.997574	-0.490408	0.868886	-0.067368	-0.870146	-0.492481	-0.017564
03003	9.369295	-0.783964	-1.306731	0.067367	3.144335	0.321285	-0.022226	0.068236	0.997422	-0.490250	0.868737	-0.070357	-0.871298	-0.490550	0.014145
03004	9.499832	-0.952060	-0.712547	0.072969	3.120291	0.362785	0.003210	0.086635	0.996235	-0.490841	0.868109	-0.073911	-0.871243	-0.488755	0.045310
03005	9.536973	-1.619646	-0.702413	0.134131	3.160564	0.349667	0.029436	0.104916	0.994045	-0.491619	0.867400	-0.076991	-0.870313	-0.486425	0.077111
03006	9.256874	-1.650659	-0.197559	0.281548	3.127665	0.322743	0.055053	0.122878	0.990894	-0.494189	0.865676	-0.079893	-0.867610	-0.485290	0.108383
03007	9.450896	-1.680792	0.164610	0.362064	3.051789	0.312776	0.080375	0.140221	0.986853	-0.497059	0.863809	-0.082254	-0.863986	-0.483912	0.139127
03008	9.818485	-1.581052	0.444511	0.469542	2.907885	0.295083	0.103982	0.156803	0.982141	-0.501361	0.861112	-0.084399	-0.858967	-0.483631	0.168155
03009	9.865504	-1.532515	0.959020	0.497494	2.856866	0.258718	0.127651	0.172680	0.976671	-0.505443	0.858589	-0.085741	-0.853365	-0.482707	0.196879
03010	9.020690	-2.123914	0.887482	0.860120	2.529351	0.234176	0.147973	0.186899	0.971171	-0.513056	0.854018	-0.086181	-0.845504	-0.485512	0.222261
03011	9.810894	-0.584675	2.482372	0.581639	2.573063	0.199509	0.169117	0.200929	0.964898	-0.517771	0.851136	-0.086490	-0.838637	-0.484969	0.247976
03012	8.706458	-1.348828	2.138618	0.739855	2.390207	0.237157	0.187859	0.214519	0.958484	-0.524351	0.847065	-0.086811	-0.830521	-0.486274	0.271612
03013	7.971274	-0.414815	2.530147	0.889205	2.056508	0.226436	0.204019	0.226339	0.952442	-0.531777	0.842476	-0.086297	-0.821942	-0.488881	0.292243
03014	8.069772	-0.708413	3.020622	0.486685	1.929081	0.199673	0.218775	0.237415	0.946452	-0.536164	0.839651	-0.086689	-0.815270	-0.488489	0.310988
03015	7.039052	-1.896720	2.899081	0.582015	1.625984	0.172569	0.231223	0.246739	0.941093	-0.541117	0.836501	-0.086366	-0.808535	-0.489272	0.326933
03016	7.174311	-1.659659	3.657310	0.712328	1.273968	0.101705	0.240957	0.253808	0.936761	-0.547072	0.832768	-0.084912	-0.801656	-0.492016	0.339512
03017	7.078816	-1.957928	3.149777	0.701111	1.084995	0.029252	0.249530	0.259377	0.932984	-0.552687	0.829273	-0.082727	-0.795156	-0.495005	0.350283
03018	6.707664	-1.046445	3.372611	0.822318	0.797827	-0.020991	0.255995	0.263141	0.930174	-0.559124	0.825255	-0.079583	-0.788573	-0.499710	0.358389
03019	6.806561	-0.542781	3.283985	0.772714	0.521988	-0.070255	0.260529	0.265172	0.928336	-0.565006	0.821569	-0.076111	-0.782875	-0.504686	0.363866
03020	6.762964	0.327949	3.323776	0.650418	0.231973	-0.107742	0.262982	0.265434	0.927569	-0.569781	0.818575	-0.072702	-0.778582	-0.509392	0.366510
03021	6.694481	0.576310	3.281940	0.431123	-0.109702	-0.150004	0.263029	0.263632	0.928070	-0.572720	0.816783	-0.069702	-0.776407	-0.513190	0.365825
03022	6.760557	1.033180	3.218106	0.228502	-0.435686	-0.207973	0.260870	0.259662	0.929797	-0.573928	0.816168	-0.066904	-0.776243	-0.516183	0.361941
03023	7.737086	1.185955	4.769768	-0.041637	-0.723006	-0.288846	0.256951	0.253546	0.932572	-0.572834	0.817143	-0.064330	-0.778355	-0.517679	0.355206
03024	8.508981	0.022784	3.471136	-0.352695	-0.932946	-0.327283	0.251569	0.246010	0.936051	-0.569228	0.819802	-0.062475	-0.782747	-0.517110	0.346273
03025	8.538605	-0.099896	4.477931	-0.418398	-0.927367	-0.314890	0.246121	0.238612	0.939409	-0.565135	0.822746	-0.060916	-0.787430	-0.515901	0.337343
03026	9.975782	-1.574224	5.338218	-0.781495	-0.809549	-0.304794	0.241463	0.231908	0.942292	-0.558193	0.827494	-0.060618	-0.793798	-0.511344	0.329259
03027	10.673556	-1.374589	6.658096	-0.851756	-0.539197	-0.316945	0.238970	0.226520	0.944236	-0.550625	0.832566	-0.060377	-0.799816	-0.505492	0.323685
03028	9.440521	-1.192632	6.887029	-1.040520	-0.500155	-0.317245	0.236714	0.221329	0.946034	-0.541492	0.838513	-0.060683	-0.806692	-0.497906	0.318336
03029	8.194585	-0.907883	6.667019	-1.070210	-0.663888	-0.270962	0.232835	0.215762	0.948280	-0.532172	0.844403	-0.061461	-0.813991	-0.490338	0.311429
03030	8.385467	-1.649035	6.235210	-1.313293	-0.869758	-0.280624	0.227223	0.209127	0.951123	-0.520757	0.851393	-0.062790	-0.822910	-0.481037	0.302360
03031	9.528713	-2.417191	5.216755	-1.424875	-0.985086	-0.310951	0.220713	0.201788	0.954237	-0.508268	0.858814	-0.064048	-0.832436	-0.470872	0.292113
03032	9.868647	-2.489294	4.822795	-1.453296	-1.070072	-0.345693	0.213516	0.193791	0.957526	-0.495330	0.866279	-0.064871	-0.842057	-0.460440	0.280955
03033	10.163513	-3.255550	4.248699	-1.495991	-1.139579	-0.321735	0.205479	0.185827	0.960857	-0.481998	0.873691	-0.065894	-0.851737	-0.449591	0.269093
03034	9.781380	-4.294841	3.448735	-1.347118	-1.208990	-0.326265	0.196708	0.177555	0.964251	-0.469789	0.880289	-0.066257	-0.860584	-0.439961	0.256573
03035	9.965473	-5.317273	3.129933	-0.961579	-1.328290	-0.384451	0.187057	0.168396	0.967808	-0.460772	0.885138	-0.064954	-0.867582	-0.433789	0.243163
03036	10.227630	-4.895094	2.508316	-0.350608	-1.397780	-0.435299	0.176925	0.158447	0.971387	-0.456912	0.887381	-0.061524	-0.871739	-0.432954	0.229396
03037	9.795441	-2.124015	2.515426	0.174457	-1.370908	-0.460702	0.167101	0.148460	0.974698	-0.457700	0.887298	-0.056680	-0.873263	-0.436649	0.216218
03038	9.841679	1.476370	2.861335	0.402137	-1.398638	-0.545988	0.157417	0.137438	0.977922	-0.460309	0.886323	-0.050468	-0.873691	-0.442202	0.202786
03039	10.131352	6.894437	2.044110	0.005670	-1.567792	-0.704219	0.146973	0.124302	0.981299	-0.459344	0.887189	-0.043584	-0.876015	-0.444348	0.187490
03040	10.419114	7.546953	-0.998836	-1.220017	-1.779318	-0.713053	0.134574	0.110092	0.984769	-0.447586	0.893403	-0.038713	-0.884057	-0.435559	0.169504
03041	11.088521	0.348239	-3.072829	-2.115692	-1.755236	-0.595768	0.121605	0.097260	0.987802	-0.428011	0.903047	-0.036224	-0.895555	-0.418385	0.151443
03042	11.473850	-5.315954	-3.579040	-1.178529	-1.452758	-0.537668	0.110843	0.086345	0.990080	-0.416776	0.908426	-0.032565	-0.902226	-0.409032	0.136679
03043	10.083722	-5.136526	-3.730949	0.274398	-1.176722	-0.565226	0.102623	0.076390	0.991783	-0.418664	0.907752	-0.026597	-0.902324	-0.412494	0.125138
03044	8.575960	-2.080652	-3.278055	0.945415	-1.032598	-0.596472	0.095868	0.066645	0.993161	-0.426574	0.904243	-0.019502	-0.899358	-0.421787	0.115116
03045	9.326165	-0.231711	-2.734002	0.957569	-1.014644	-0.642296	0.089556	0.056540	0.994376	-0.434604	0.900541	-0.012063	-0.896158	-0.431079	0.105222
03046	10.406054	2.321998	-2.701858	0.657697	-1.064478	-0.659194	0.082936	0.045955	0.995495	-0.439909	0.898030	-0.004807	-0.894205	-0.437528	0.094695
03047	11.011301	2.386796	-2.537707	0.004749	-1.059782	-0.591918	0.076090	0.036004	0.996451	-0.439501	0.898241	0.001105	-0.895013	-0.438025	0.084171
03048	10.857488	0.675731	-2.133778	-0.470033	-0.959764	-0.482233	0.069621	0.027448	0.997196	-0.434923	0.900451	0.005580	-0.897772	-0.434091	0.074628
03049	10.053984	0.181561	-1.777140	-0.475344	-0.825451	-0.456498	0.064206	0.019755	0.997741	-0.430349	0.902609	0.009822	-0.900376	-0.430007	0.066455
03050	9.431205	0.006196	-1.559569	-0.365278	-0.769515	-0.442367	0.059191	0.012428	0.998169	-0.426770	0.904251	0.014048	-0.902421	-0.426820	0.058828
03051	9.501558	0.769812	-1.400947	-0.113796	-0.793025	-0.426358	0.053877	0.005176	0.998534	-0.425506	0.904771	0.018269	-0.903351	-0.425866	0.050948
03052	9.946932	1.564104	-0.859176	-0.029853	-0.777975	-0.408602	0.048610	-0.001867	0.998816	-0.425014	0.904910	0.022376	-0.903881	-0.425598	0.043194
03053	9.952467	1.499382	-0.620616	-0.001724	-0.737301	-0.393168	0.043644	-0.008588	0.999010	-0.424811	0.904899	0.026338	-0.904229	-0.425540	0.035845
03054	9.721030	1.424673	-0.395575	0.026079	-0.700588	-0.379178	0.038945	-0.015034	0.999128	-0.424878	0.904748	0.030175	-0.904413	-0.425682	0.028848
03055	9.495379	1.196671	-0.207343	0.009196	-0.682225	-0.367635	0.034363	-0.021295	0.999183	-0.424816	0.904645	0.033890	-0.904627	-0.425633	0.022040
03056	9.616437	0.919718	-0.108784	-0.003982	-0.687497	-0.344880	0.029633	-0.027374	0.999186	-0.424657	0.904582	0.037376	-0.904869	-0.425419	0.015181
03057	9.786948	0.875399	-0.052512	0.014398	-0.682572	-0.323472	0.024860	-0.033240	0.999138	-0.424680	0.904430	0.040656	-0.905002	-0.425325	0.008368
03058	9.721034	0.727261	-0.060586	0.022320	-0.645798	-0.315259	0.020380	-0.038872	0.999036	-0.424799	0.904225	0.043848	-0.905058	-0.425283	0.001915
03059	9.651376	0.608532	-0.174772	0.062107	-0.668647	-0.312220	0.015683	-0.044575	0.998883	-0.425288	0.903836	0.047011	-0.904922	-0.425551	-0.004783
03060	9.803665	0.581443	-0.242453	0.106713	-0.673637	-0.302816	0.010903	-0.050214	0.998679	-0.426202	0.903241	0.050068	-0.904562	-0.426185	-0.011553
03061	9.884630	0.716204	-0.639849	0.160586	-0.676622	-0.293371	0.006065	-0.055789	0.998424	-0.427609	0.902408	0.053021	-0.903944	-0.427257	-0.018382
03062	9.673805	1.071763	-0.718117	0.194591	-0.663612	-0.282310	0.001305	-0.061208	0.998124	-0.429346	0.901412	0.055839	-0.903139	-0.428613	-0.025104
03063	9.583760	1.386525	-0.820044	0.168839	-0.665477	-0.269373	-0.003519	-0.066530	0.997778	-0.430856	0.900521	0.058525	-0.902414	-0.429693	-0.031834
03064	9.589964	1.552416	-1.085994	0.111251	-0.658854	-0.241865	-0.008394	-0.071573	0.997400	-0.431863	0.899878	0.060941	-0.901900	-0.430229	-0.038463
03065	9.715655	1.414132	-1.122193	0.052278	-0.634119	-0.213664	-0.013163	-0.076268	0.997000	-0.432334	0.899503	0.063101	-0.901618	-0.430206	-0.044813
