// General information: 
//  MT Manager version: 2022.2.0 
//  XDA version: 2022.2.0 build 7381 rev 124627 built on 2023-07-19
// Device information: 
//  DeviceId: 00B4CBA7
//  ProductCode: MTW2-3A7G6
//  Firmware Version: 4.6.0
//  Hardware Version: 2.0.0
// Device settings: 
//  Filter Profile: human(46.1)
//  Option Flags: Orientation Smoother Disabled, Position/Velocity Smoother Disabled, Continuous Zero Rotation Update Disabled, AHS Disabled, ICC Disabled
// Coordinate system: ENU
PacketCounter	Acc_X	Acc_Y	Acc_Z	Gyr_X	Gyr_Y	Gyr_Z	Mat[1][1]	Mat[2][1]	Mat[3][1]	Mat[1][2]	Mat[2][2]	Mat[3][2]	Mat[1][3]	Mat[2][3]	Mat[3][3]
07297	9.171323	0.346973	-3.472770	0.024140	-0.021898	-0.009238	0.252510	0.244891	0.936092	0.637889	-0.769573	0.029258	0.727556	0.589734	-0.350537
07298	9.167300	0.338636	-3.452144	0.026163	-0.023649	-0.004937	0.252612	0.245092	0.936011	0.638084	-0.769410	0.029261	0.727348	0.589862	-0.350752
07299	9.163967	0.369084	-3.469913	0.021841	-0.022583	-0.007343	0.252640	0.245374	0.935930	0.638299	-0.769228	0.029371	0.727150	0.589983	-0.350960
07300	9.166392	0.376920	-3.494784	0.013322	-0.021035	-0.000100	0.252754	0.245523	0.935860	0.638389	-0.769153	0.029373	0.727032	0.590019	-0.351146
07301	9.176472	0.348591	-3.400500	0.002949	-0.017583	0.000676	0.252850	0.245674	0.935794	0.638367	-0.769168	0.029444	0.727017	0.589936	-0.351315
07302	9.192973	0.336735	-3.351781	-0.009008	-0.020677	0.002449	0.252978	0.245801	0.935726	0.638289	-0.769232	0.029501	0.727042	0.589801	-0.351491
07303	9.157402	0.321911	-3.415939	-0.021577	-0.015634	0.001092	0.253016	0.245969	0.935672	0.638197	-0.769302	0.029659	0.727109	0.589639	-0.351622
07304	9.147800	0.281053	-3.459824	-0.022924	-0.024142	0.001784	0.253164	0.246122	0.935592	0.638019	-0.769445	0.029771	0.727214	0.589388	-0.351826
07305	9.197159	0.298391	-3.475207	-0.023025	-0.026414	0.005815	0.253299	0.246316	0.935504	0.637982	-0.769472	0.029859	0.727200	0.589271	-0.352052
07306	9.137226	0.296179	-3.434209	-0.025797	-0.023181	0.008317	0.253482	0.246413	0.935429	0.637766	-0.769649	0.029921	0.727324	0.589001	-0.352246
07307	9.151616	0.298333	-3.511980	-0.032013	-0.024593	0.005344	0.253740	0.246497	0.935337	0.637420	-0.769933	0.029986	0.727538	0.588593	-0.352485
07308	9.153900	0.307161	-3.536998	-0.029480	-0.025880	0.003140	0.253910	0.246649	0.935251	0.637190	-0.770118	0.030109	0.727680	0.588288	-0.352703
07309	9.126322	0.295868	-3.521225	-0.042387	-0.024787	-0.002198	0.254108	0.246818	0.935152	0.636713	-0.770503	0.030348	0.728028	0.587712	-0.352944
07310	9.149035	0.301872	-3.518396	-0.045158	-0.021561	0.000305	0.254229	0.246967	0.935080	0.636377	-0.770773	0.030553	0.728280	0.587296	-0.353117
07311	9.154152	0.280842	-3.527061	-0.044048	-0.011101	-0.000076	0.254353	0.247019	0.935033	0.635934	-0.771132	0.030729	0.728624	0.586803	-0.353228
07312	9.168263	0.244885	-3.565462	-0.024350	-0.012437	0.003588	0.254429	0.247088	0.934994	0.635740	-0.771287	0.030830	0.728766	0.586569	-0.353322
07313	9.091158	0.271313	-3.463033	-0.004722	-0.011652	0.005390	0.254423	0.247220	0.934961	0.635902	-0.771153	0.030863	0.728627	0.586691	-0.353407
07314	9.111593	0.306024	-3.475171	0.007509	-0.020630	0.002732	0.254553	0.247344	0.934892	0.635943	-0.771119	0.030859	0.728546	0.586683	-0.353587
07315	9.135058	0.348845	-3.510380	0.004906	-0.017238	0.003074	0.254724	0.247426	0.934824	0.635836	-0.771207	0.030866	0.728580	0.586532	-0.353767
07316	9.175933	0.379953	-3.494831	-0.000875	-0.012432	0.000070	0.254777	0.247522	0.934784	0.635822	-0.771216	0.030916	0.728573	0.586480	-0.353869
07317	9.128421	0.371123	-3.505575	-0.002189	-0.012932	0.003186	0.254823	0.247645	0.934739	0.635847	-0.771193	0.030976	0.728535	0.586458	-0.353982
07318	9.109434	0.305054	-3.480912	-0.005902	-0.020013	0.003903	0.254955	0.247757	0.934673	0.635788	-0.771241	0.031008	0.728541	0.586348	-0.354153
07319	9.135452	0.317081	-3.500637	0.012509	-0.017452	0.004784	0.255059	0.247880	0.934612	0.635907	-0.771143	0.030983	0.728400	0.586425	-0.354316
07320	9.154684	0.273323	-3.436557	0.018220	-0.020146	0.005923	0.255206	0.247976	0.934547	0.636018	-0.771055	0.030911	0.728252	0.586500	-0.354495
07321	9.154374	0.255330	-3.548722	0.022100	-0.012910	0.003037	0.255330	0.248050	0.934494	0.636036	-0.771041	0.030880	0.728193	0.586487	-0.354638
07322	9.180531	0.266564	-3.568113	0.028792	-0.015424	0.005392	0.255438	0.248123	0.934444	0.636225	-0.770889	0.030776	0.727990	0.586656	-0.354777
07323	9.162809	0.277348	-3.619574	0.029657	-0.006618	-0.003009	0.255538	0.248128	0.934416	0.636431	-0.770726	0.030613	0.727774	0.586869	-0.354866
07324	9.150950	0.265667	-3.677811	0.033512	-0.003777	-0.000008	0.255528	0.248174	0.934406	0.636668	-0.770533	0.030543	0.727571	0.587102	-0.354897
07325	9.148260	0.295142	-3.693729	0.036787	-0.002922	-0.000694	0.255511	0.248240	0.934393	0.636957	-0.770297	0.030467	0.727324	0.587384	-0.354938
07326	9.139483	0.308270	-3.663755	0.034931	0.002614	0.001166	0.255462	0.248239	0.934407	0.637201	-0.770098	0.030381	0.727127	0.587644	-0.354909
07327	9.136738	0.298936	-3.640145	0.026820	0.016882	0.000629	0.255359	0.248133	0.934463	0.637384	-0.769951	0.030273	0.727003	0.587882	-0.354770
07328	9.116515	0.262937	-3.627533	0.034141	0.025125	-0.005120	0.255106	0.248049	0.934555	0.637638	-0.769742	0.030248	0.726869	0.588192	-0.354531
07329	9.117054	0.278842	-3.515048	0.054312	0.019843	-0.002082	0.254852	0.248042	0.934626	0.638144	-0.769326	0.030165	0.726514	0.588739	-0.354351
07330	9.076892	0.284455	-3.568617	0.067887	0.019335	-0.005434	0.254639	0.247994	0.934697	0.638644	-0.768916	0.030023	0.726149	0.589294	-0.354176
07331	9.121986	0.321756	-3.573391	0.069243	0.013309	-0.000794	0.254483	0.247978	0.934744	0.639238	-0.768430	0.029825	0.725681	0.589934	-0.354069
07332	9.089842	0.273130	-3.619273	0.088291	0.012043	-0.002705	0.254340	0.247951	0.934789	0.639879	-0.767906	0.029585	0.725166	0.590627	-0.353968
07333	9.087831	0.300530	-3.633816	0.105243	0.018261	-0.002469	0.254218	0.247860	0.934847	0.640596	-0.767321	0.029242	0.724576	0.591426	-0.353845
07334	9.079769	0.310961	-3.602271	0.126353	0.023225	0.002322	0.254027	0.247728	0.934934	0.641499	-0.766583	0.028821	0.723844	0.592437	-0.353650
07335	9.033428	0.296868	-3.610420	0.150028	0.016728	0.004365	0.253728	0.247785	0.935000	0.642774	-0.765528	0.028446	0.722817	0.593776	-0.353506
07336	9.081907	0.320298	-3.749421	0.154384	0.005418	0.006207	0.253691	0.247730	0.935025	0.643867	-0.764629	0.027891	0.721856	0.594956	-0.353484
07337	9.210879	0.309138	-3.629023	0.147383	0.011915	0.002234	0.253481	0.247781	0.935068	0.644995	-0.763691	0.027521	0.720922	0.596138	-0.353399
07338	9.252220	0.296268	-3.572785	0.150420	0.018295	0.010112	0.253377	0.247619	0.935139	0.646047	-0.762822	0.026944	0.720017	0.597317	-0.353255
07339	9.225678	0.238898	-3.514362	0.161628	0.022750	0.015061	0.253227	0.247453	0.935223	0.647238	-0.761834	0.026325	0.718999	0.598645	-0.353078
07340	9.220855	0.254463	-3.505649	0.167025	0.023978	0.014594	0.253111	0.247223	0.935316	0.648394	-0.760872	0.025648	0.717997	0.599962	-0.352883
07341	9.200932	0.269429	-3.421115	0.163270	0.026950	0.015830	0.252923	0.247040	0.935415	0.649609	-0.759857	0.025031	0.716965	0.601323	-0.352664
07342	9.176030	0.345859	-3.368605	0.150028	0.027724	0.014817	0.252782	0.246784	0.935521	0.650640	-0.758994	0.024412	0.716079	0.602516	-0.352428
07343	9.227489	0.356315	-3.379367	0.121796	0.040921	0.018874	0.252506	0.246497	0.935671	0.651582	-0.758201	0.023904	0.715319	0.603630	-0.352064
07344	9.211092	0.324010	-3.387480	0.083302	0.041784	0.016838	0.252279	0.246142	0.935826	0.652130	-0.757743	0.023502	0.714900	0.604351	-0.351679
07345	9.233750	0.355086	-3.394901	0.047208	0.049261	0.017124	0.251981	0.245772	0.936003	0.652525	-0.757412	0.023213	0.714645	0.604916	-0.351226
07346	9.204005	0.256848	-3.270966	0.009867	0.050507	0.014131	0.251673	0.245384	0.936188	0.652554	-0.757390	0.023095	0.714726	0.605101	-0.350741
07347	9.179639	0.223915	-3.358455	-0.008878	0.047853	0.017627	0.251349	0.245055	0.936361	0.652547	-0.757397	0.023054	0.714847	0.605225	-0.350281
07348	9.110660	0.152012	-3.439561	-0.007322	0.046333	0.014220	0.251072	0.244691	0.936530	0.652453	-0.757480	0.022995	0.715030	0.605269	-0.349831
07349	9.080569	0.199477	-3.449802	0.012194	0.040989	0.011768	0.250707	0.244491	0.936680	0.652646	-0.757314	0.022989	0.714982	0.605557	-0.349430
07350	9.119938	0.221783	-3.407219	0.028905	0.030906	0.009452	0.250509	0.244256	0.936795	0.652823	-0.757166	0.022849	0.714890	0.605837	-0.349133
07351	9.142062	0.312125	-3.344914	0.028967	0.028805	0.011337	0.250319	0.244053	0.936898	0.653122	-0.756913	0.022669	0.714683	0.606235	-0.348866
07352	9.172114	0.349518	-3.273510	0.015291	0.023518	0.010443	0.250180	0.243856	0.936987	0.653200	-0.756849	0.022567	0.714661	0.606394	-0.348635
07353	9.156046	0.358709	-3.321962	0.007683	0.027492	0.017004	0.250044	0.243627	0.937083	0.653125	-0.756915	0.022512	0.714776	0.606404	-0.348381
07354	9.165814	0.341698	-3.349635	0.008686	0.017559	0.017770	0.249995	0.243411	0.937152	0.653138	-0.756909	0.022364	0.714782	0.606498	-0.348204
07355	9.145233	0.362144	-3.265763	0.002586	0.015707	0.026872	0.250015	0.243167	0.937210	0.653061	-0.756980	0.022191	0.714846	0.606507	-0.348059
07356	9.140344	0.324680	-3.328328	0.010623	0.021618	0.028476	0.250007	0.242845	0.937296	0.653060	-0.756988	0.021937	0.714849	0.606626	-0.347845
07357	9.106368	0.247636	-3.459954	0.016383	0.016783	0.031541	0.250056	0.242551	0.937358	0.653100	-0.756962	0.021647	0.714795	0.606776	-0.347693
07358	9.138058	0.301735	-3.538995	0.016912	0.010767	0.032868	0.250154	0.242262	0.937407	0.653133	-0.756943	0.021329	0.714731	0.606916	-0.347582
07359	9.176744	0.321865	-3.498360	0.020288	0.017499	0.036395	0.250216	0.241937	0.937475	0.653239	-0.756861	0.020973	0.714612	0.607147	-0.347421
07360	9.224427	0.326783	-3.487317	0.007584	0.012415	0.036711	0.250328	0.241608	0.937529	0.653196	-0.756907	0.020652	0.714612	0.607221	-0.347292
07361	9.169014	0.329469	-3.466148	-0.001918	0.013936	0.042721	0.250413	0.241290	0.937589	0.653201	-0.756912	0.020335	0.714578	0.607341	-0.347152
07362	9.166284	0.318539	-3.441892	-0.021356	0.013512	0.038751	0.250530	0.240940	0.937647	0.652946	-0.757138	0.020095	0.714770	0.607198	-0.347007
07363	9.169165	0.285500	-3.424256	-0.039425	0.015137	0.041821	0.250720	0.240532	0.937701	0.652450	-0.757571	0.019876	0.715156	0.606820	-0.346873
07364	9.156329	0.195467	-3.402015	-0.056679	0.013111	0.039995	0.250848	0.240174	0.937759	0.651939	-0.758014	0.019747	0.715577	0.606408	-0.346725
07365	9.153339	0.128823	-3.449091	-0.059087	0.006542	0.037671	0.251032	0.239882	0.937785	0.651362	-0.758513	0.019665	0.716039	0.605900	-0.346660
07366	9.159255	0.162115	-3.384107	-0.058912	0.006659	0.035499	0.251176	0.239597	0.937819	0.650845	-0.758958	0.019585	0.716458	0.605455	-0.346572
07367	9.197645	0.127301	-3.414841	-0.060352	0.010375	0.034840	0.251328	0.239290	0.937856	0.650252	-0.759468	0.019519	0.716942	0.604937	-0.346474
07368	9.209222	0.138240	-3.356358	-0.070816	0.008012	0.031346	0.251436	0.239028	0.937894	0.649660	-0.759974	0.019520	0.717441	0.604405	-0.346371
07369	9.186218	0.133953	-3.359811	-0.084903	0.021083	0.025508	0.251499	0.238675	0.937967	0.648985	-0.760551	0.019516	0.718030	0.603819	-0.346174
07370	9.167713	0.069268	-3.330669	-0.084444	0.017136	0.024933	0.251499	0.238406	0.938036	0.648310	-0.761123	0.019623	0.718639	0.603203	-0.345983
07371	9.162508	0.035577	-3.393867	-0.078683	0.008602	0.019706	0.251579	0.238206	0.938065	0.647674	-0.761662	0.019712	0.719184	0.602601	-0.345898
07372	9.159407	0.028572	-3.370167	-0.072070	0.008111	0.020213	0.251613	0.238028	0.938101	0.647099	-0.762148	0.019821	0.719690	0.602057	-0.345794
07373	9.159578	0.029195	-3.369698	-0.057619	0.001731	0.013886	0.251709	0.237906	0.938106	0.646654	-0.762525	0.019870	0.720056	0.601628	-0.345778
07374	9.189954	0.049661	-3.410415	-0.051803	0.001224	0.011016	0.251733	0.237839	0.938117	0.646247	-0.762866	0.019995	0.720413	0.601222	-0.345742
07375	9.174339	0.049470	-3.334516	-0.034776	0.005196	0.013151	0.251795	0.237708	0.938133	0.645951	-0.763117	0.019988	0.720657	0.600955	-0.345697
07376	9.128554	0.079066	-3.383189	-0.014811	-0.004043	0.010171	0.251852	0.237679	0.938125	0.645813	-0.763234	0.019992	0.720761	0.600819	-0.345718
07377	9.146434	0.105484	-3.371682	-0.003761	-0.003364	0.009057	0.251893	0.237669	0.938117	0.645906	-0.763157	0.019912	0.720663	0.600919	-0.345746
07378	9.184362	0.128288	-3.332619	-0.005201	-0.009728	0.007930	0.251976	0.237692	0.938089	0.645843	-0.763211	0.019904	0.720691	0.600843	-0.345823
07379	9.190851	0.143444	-3.379245	0.006380	-0.008607	0.000319	0.251924	0.237851	0.938063	0.646031	-0.763049	0.019979	0.720540	0.600985	-0.345889
07380	9.172469	0.116127	-3.392118	0.010172	-0.013801	0.000943	0.251991	0.237951	0.938019	0.646097	-0.762994	0.019984	0.720458	0.601015	-0.346007
07381	9.160926	0.161117	-3.379629	0.014658	-0.014763	0.001190	0.251969	0.238153	0.937974	0.646401	-0.762735	0.020016	0.720193	0.601263	-0.346129
07382	9.176241	0.217918	-3.385330	0.018221	-0.018004	0.002100	0.252074	0.238271	0.937916	0.646522	-0.762634	0.019982	0.720047	0.601346	-0.346287
07383	9.182355	0.232978	-3.432913	0.007754	-0.020346	-0.001399	0.252147	0.238471	0.937845	0.646631	-0.762540	0.020043	0.719924	0.601386	-0.346474
07384	9.202024	0.229570	-3.406417	-0.008980	-0.008180	-0.000975	0.252161	0.238552	0.937821	0.646563	-0.762595	0.020133	0.719980	0.601284	-0.346535
07385	9.189277	0.180258	-3.425802	-0.020434	-0.007050	0.002597	0.252236	0.238584	0.937792	0.646325	-0.762794	0.020222	0.720167	0.601018	-0.346607
07386	9.125204	0.183678	-3.486822	-0.020487	-0.004949	0.000718	0.252238	0.238633	0.937779	0.646170	-0.762922	0.020335	0.720305	0.600836	-0.346636
07387	9.133920	0.169477	-3.517068	-0.014496	-0.005294	-0.004317	0.252229	0.238727	0.937758	0.646083	-0.762993	0.020459	0.720387	0.600709	-0.346686
07388	9.180738	0.178851	-3.507900	-0.014038	-0.009207	-0.004891	0.252225	0.238844	0.937729	0.645989	-0.763069	0.020603	0.720472	0.600566	-0.346756
07389	9.184760	0.118832	-3.476670	-0.012939	-0.006782	-0.007719	0.252135	0.239021	0.937708	0.646172	-0.762910	0.020720	0.720340	0.600697	-0.346805
07390	9.206835	0.085902	-3.433558	-0.008276	-0.007595	-0.009640	0.252088	0.239165	0.937684	0.646132	-0.762940	0.020888	0.720392	0.600602	-0.346861
07391	9.186503	0.090466	-3.461745	0.002085	-0.001043	-0.009899	0.251977	0.239308	0.937678	0.646174	-0.762900	0.021060	0.720394	0.600596	-0.346868
07392	9.154034	0.101706	-3.436900	0.021878	-0.000322	-0.010242	0.251874	0.239413	0.937678	0.646352	-0.762746	0.021129	0.720269	0.600749	-0.346862
07393	9.140656	0.177957	-3.439399	0.027229	-0.007006	-0.013025	0.251850	0.239558	0.937648	0.646558	-0.762571	0.021164	0.720093	0.600913	-0.346942
07394	9.149624	0.220287	-3.398125	0.024357	0.000464	-0.014310	0.251716	0.239690	0.937650	0.646764	-0.762393	0.021263	0.719955	0.601087	-0.346929
07395	9.176412	0.232949	-3.416383	0.018431	-0.004947	-0.015682	0.251667	0.239839	0.937625	0.646899	-0.762277	0.021353	0.719852	0.601175	-0.346991
07396	9.178484	0.203444	-3.400627	0.006868	0.000385	-0.015865	0.251523	0.239982	0.937627	0.646983	-0.762201	0.021526	0.719826	0.601215	-0.346975
07397	9.169356	0.162848	-3.442257	0.001635	-0.000790	-0.017613	0.251389	0.240155	0.937619	0.647030	-0.762155	0.021735	0.719830	0.601204	-0.346985
07398	9.183967	0.183550	-3.407544	0.010324	0.001349	-0.018716	0.251220	0.240315	0.937623	0.647146	-0.762051	0.021923	0.719785	0.601272	-0.346961
07399	9.182883	0.146554	-3.368390	0.015502	0.004624	-0.018849	0.251032	0.240472	0.937633	0.647297	-0.761917	0.022107	0.719715	0.601378	-0.346922
07400	9.213218	0.167469	-3.408999	0.015557	0.002520	-0.016970	0.250865	0.240611	0.937642	0.647446	-0.761786	0.022261	0.719639	0.601489	-0.346888
07401	9.184278	0.187144	-3.406509	0.015216	0.008677	-0.020445	0.250555	0.240827	0.937670	0.647646	-0.761608	0.022550	0.719567	0.601628	-0.346796
07402	9.193484	0.173550	-3.435466	0.012857	0.010131	-0.020426	0.250311	0.240947	0.937704	0.647785	-0.761484	0.022746	0.719527	0.601737	-0.346690
07403	9.196023	0.201390	-3.347429	0.015503	0.004614	-0.018852	0.250047	0.241171	0.937717	0.647943	-0.761340	0.023031	0.719476	0.601828	-0.346636
07404	9.164593	0.087537	-3.338814	0.024140	-0.001252	-0.022314	0.249873	0.241373	0.937711	0.648168	-0.761144	0.023206	0.719335	0.601996	-0.346640
07405	9.118319	0.118384	-3.388407	0.033760	-0.017049	-0.025038	0.249823	0.241689	0.937643	0.648388	-0.760951	0.023390	0.719154	0.602113	-0.346811
07406	9.169373	0.067441	-3.347836	0.034742	-0.010438	-0.031635	0.249654	0.242018	0.937603	0.648712	-0.760668	0.023615	0.718920	0.602338	-0.346904
07407	9.108441	0.136347	-3.361066	0.047229	-0.013501	-0.032119	0.249451	0.242428	0.937551	0.649249	-0.760203	0.023827	0.718506	0.602761	-0.347030
07408	9.150473	0.150027	-3.455834	0.055682	-0.009420	-0.032948	0.249266	0.242760	0.937515	0.649726	-0.759790	0.023991	0.718138	0.603147	-0.347118
07409	9.144463	0.173930	-3.450007	0.058217	-0.010756	-0.035140	0.249061	0.243148	0.937469	0.650254	-0.759332	0.024190	0.717731	0.603568	-0.347227
07410	9.135243	0.189785	-3.420952	0.070108	-0.002045	-0.030546	0.248838	0.243417	0.937458	0.650828	-0.758837	0.024282	0.717288	0.604082	-0.347250
07411	9.115821	0.174165	-3.559556	0.097735	-0.007279	-0.037760	0.248538	0.243843	0.937427	0.651760	-0.758033	0.024380	0.716545	0.604919	-0.347327
07412	9.124541	0.158632	-3.589888	0.120332	-0.001887	-0.038267	0.248263	0.244170	0.937415	0.652713	-0.757214	0.024370	0.715774	0.605812	-0.347360
07413	9.047805	0.215722	-3.763804	0.146850	-0.005910	-0.034379	0.248022	0.244522	0.937387	0.653906	-0.756188	0.024239	0.714767	0.606951	-0.347446
07414	9.094554	0.164347	-3.825989	0.155822	-0.007936	-0.033921	0.247818	0.244852	0.937355	0.655098	-0.755160	0.024065	0.713746	0.608096	-0.347544
07415	9.144586	0.033532	-3.704768	0.195277	0.022019	-0.043572	0.247435	0.244998	0.937418	0.656646	-0.753827	0.023692	0.712455	0.609689	-0.347400
07416	9.006360	-0.037676	-3.952066	0.276612	0.019164	-0.051287	0.246922	0.245292	0.937476	0.658736	-0.752014	0.023261	0.710701	0.611806	-0.347272
07417	9.046580	-0.014251	-4.297841	0.349405	-0.000338	-0.054556	0.246508	0.245767	0.937461	0.661310	-0.749770	0.022668	0.708451	0.614365	-0.347352
07418	9.233076	0.125471	-4.481119	0.382866	0.012973	-0.051965	0.246032	0.246100	0.937498	0.664142	-0.747287	0.021874	0.705963	0.617250	-0.347302
07419	9.321128	0.279958	-4.439289	0.403752	0.055851	-0.056088	0.245200	0.246238	0.937680	0.667227	-0.744557	0.021046	0.703339	0.620485	-0.346862
07420	9.295047	0.427148	-4.569299	0.396276	0.077497	-0.049303	0.244287	0.246147	0.937942	0.670125	-0.741974	0.020184	0.700897	0.623608	-0.346204
07421	9.365220	0.539845	-4.385882	0.348731	0.100333	-0.051350	0.243142	0.245996	0.938279	0.672848	-0.739523	0.019528	0.698683	0.626571	-0.345327
07422	9.352250	0.614483	-4.122026	0.278653	0.134214	-0.048337	0.241840	0.245535	0.938737	0.674906	-0.737658	0.019070	0.697148	0.628947	-0.344108
07423	9.329290	0.575976	-3.814838	0.211591	0.162966	-0.048039	0.240266	0.244976	0.939286	0.676642	-0.736069	0.018892	0.696008	0.631022	-0.342614
07424	9.303527	0.474254	-3.551426	0.159550	0.172946	-0.044673	0.238720	0.244236	0.939873	0.677855	-0.734955	0.018816	0.695360	0.632606	-0.341005
07425	9.311491	0.392899	-3.224608	0.142811	0.182986	-0.042614	0.237047	0.243506	0.940486	0.679102	-0.733803	0.018827	0.694716	0.634223	-0.339311
07426	9.316226	0.342690	-2.914195	0.124910	0.184727	-0.041808	0.235440	0.242664	0.941107	0.680064	-0.732911	0.018847	0.694321	0.635576	-0.337583
07427	9.271887	0.350166	-2.671544	0.117122	0.178542	-0.033476	0.233976	0.241795	0.941696	0.680917	-0.732120	0.018801	0.693980	0.636817	-0.335941
07428	9.306263	0.355931	-2.443704	0.118087	0.170527	-0.034493	0.232518	0.240984	0.942264	0.681812	-0.731286	0.018779	0.693590	0.638081	-0.334343
07429	9.217898	0.397684	-2.277231	0.131285	0.147057	-0.029851	0.231272	0.240302	0.942745	0.682792	-0.730374	0.018669	0.693043	0.639381	-0.332992
07430	9.234588	0.418235	-2.231778	0.132535	0.112881	-0.025511	0.230276	0.239790	0.943119	0.683765	-0.729468	0.018518	0.692415	0.640607	-0.331939
07431	9.265558	0.496215	-2.196526	0.114023	0.070323	-0.022987	0.229551	0.239595	0.943346	0.684609	-0.728676	0.018482	0.691822	0.641580	-0.331297
07432	9.496716	0.634071	-2.089476	0.081155	0.050822	-0.024230	0.228993	0.239469	0.943513	0.685221	-0.728100	0.018491	0.691400	0.642281	-0.330819
07433	9.715133	0.788665	-2.057706	0.026650	0.050705	-0.029338	0.228336	0.239455	0.943676	0.685572	-0.727762	0.018784	0.691269	0.642669	-0.330338
07434	9.753427	0.849520	-1.927270	-0.099867	0.052641	-0.043127	0.227635	0.239455	0.943845	0.684976	-0.728303	0.019570	0.692091	0.642056	-0.329808
07435	9.951101	0.583493	-1.865788	-0.217849	0.054263	-0.054009	0.226856	0.239533	0.944013	0.683633	-0.729529	0.020826	0.693674	0.640633	-0.329251
07436	10.203718	0.247127	-1.868614	-0.290489	0.057902	-0.070315	0.225933	0.239700	0.944192	0.681769	-0.731221	0.022495	0.695805	0.638638	-0.328627
07437	10.188511	0.026637	-1.573083	-0.340955	0.058064	-0.072934	0.225009	0.239891	0.944364	0.679458	-0.733309	0.024387	0.698361	0.636168	-0.327997
07438	9.730962	-0.147856	-1.519011	-0.332122	0.000659	-0.039252	0.224698	0.240200	0.944360	0.677218	-0.735326	0.025897	0.700633	0.633719	-0.327894
07439	9.291086	-0.418697	-1.706157	-0.357323	-0.127819	0.033040	0.225731	0.240834	0.943951	0.674644	-0.737654	0.026870	0.702781	0.630765	-0.328989
07440	9.248372	-0.465741	-2.081024	-0.314779	-0.243209	0.117768	0.228195	0.241520	0.943184	0.672157	-0.739922	0.026848	0.704366	0.627841	-0.331186
07441	9.627548	0.399707	-1.882522	-0.266301	-0.369066	0.174888	0.232095	0.242411	0.942003	0.669687	-0.742189	0.025991	0.705444	0.624814	-0.334597
07442	10.041893	0.916754	-1.172243	-0.378424	-0.433590	0.201383	0.236462	0.243639	0.940599	0.666538	-0.745038	0.025419	0.706974	0.620934	-0.338568
07443	10.111221	0.965877	-0.535584	-0.516801	-0.471710	0.191879	0.241050	0.245119	0.939048	0.662444	-0.748681	0.025381	0.709269	0.615949	-0.342848
07444	10.045262	0.924184	-0.363776	-0.675292	-0.501488	0.185191	0.245798	0.246827	0.937369	0.657189	-0.753277	0.026023	0.712521	0.609632	-0.347366
07445	10.369387	0.741607	-0.106499	-0.856776	-0.528728	0.195690	0.250842	0.248526	0.935582	0.650546	-0.758980	0.027194	0.716846	0.601818	-0.352062
07446	11.006868	0.307785	0.072551	-0.898362	-0.611156	0.207364	0.256539	0.250625	0.933475	0.643557	-0.764868	0.028493	0.721125	0.593435	-0.357510
07447	11.866893	-0.297416	-0.244976	-0.801805	-0.704910	0.212849	0.263010	0.253092	0.931005	0.636997	-0.770304	0.029453	0.724611	0.585300	-0.363817
07448	12.181002	-0.771207	-0.662117	-0.673979	-0.726766	0.244177	0.269795	0.255460	0.928413	0.631451	-0.774847	0.029707	0.726967	0.578232	-0.370361
07449	11.798444	-0.793356	-1.188759	-0.563762	-0.708782	0.297030	0.276824	0.257161	0.925871	0.626380	-0.778975	0.029081	0.728709	0.571897	-0.376719
07450	11.317972	-0.454640	-1.819964	-0.473285	-0.698389	0.362358	0.284141	0.258333	0.923324	0.621909	-0.782604	0.027578	0.729721	0.566388	-0.383029
07451	11.011953	0.079282	-2.504284	-0.460705	-0.681369	0.431963	0.291802	0.258695	0.920830	0.617092	-0.786481	0.025401	0.730787	0.560825	-0.389135
07452	11.026406	1.021443	-2.935200	-0.526963	-0.620705	0.501751	0.299388	0.258228	0.918523	0.611751	-0.790719	0.022901	0.732207	0.555051	-0.394703
07453	11.206891	2.434845	-2.726369	-0.677498	-0.472784	0.531310	0.306077	0.256542	0.916789	0.605188	-0.795815	0.020644	0.734891	0.548511	-0.398837
07454	11.110937	3.605655	-2.412296	-1.010117	-0.253855	0.539794	0.311155	0.253637	0.915888	0.596069	-0.802689	0.019786	0.740192	0.539776	-0.400946
07455	10.714334	3.908569	-2.419563	-1.476883	-0.002037	0.545792	0.314524	0.249024	0.916003	0.583129	-0.812119	0.020555	0.749023	0.527683	-0.400644
07456	10.372671	3.197966	-2.458710	-1.903756	0.280560	0.579967	0.315706	0.242850	0.917253	0.566926	-0.823451	0.022887	0.760871	0.512789	-0.397646
07457	10.246478	2.187474	-2.359235	-2.044596	0.587433	0.609570	0.314746	0.234605	0.919726	0.549028	-0.835424	0.025214	0.774276	0.497019	-0.391751
07458	10.124761	0.788263	-2.371136	-1.943116	0.878403	0.615572	0.311179	0.225155	0.923295	0.531923	-0.846359	0.027119	0.787544	0.482683	-0.383134
07459	9.994543	-0.427596	-2.512501	-1.605469	1.136990	0.617200	0.305513	0.214288	0.927762	0.517076	-0.855503	0.027325	0.799559	0.471375	-0.372171
07460	9.848018	-0.933427	-2.554207	-1.089661	1.367373	0.614130	0.297623	0.202644	0.932929	0.506453	-0.861886	0.025644	0.809275	0.464852	-0.359147
07461	9.715558	-0.843500	-2.404911	-0.573937	1.591496	0.600441	0.287781	0.189909	0.938678	0.499689	-0.865926	0.021995	0.817002	0.462717	-0.344092
07462	9.611550	-0.321304	-2.052151	-0.164582	1.809483	0.558218	0.275692	0.176711	0.944864	0.496760	-0.867715	0.017338	0.822936	0.464591	-0.327005
07463	9.599226	0.238798	-1.949639	0.091428	2.006901	0.482035	0.261489	0.163098	0.951327	0.496304	-0.868060	0.012405	0.827832	0.468904	-0.307935
07464	9.648766	0.740506	-2.191432	0.162506	2.178545	0.387018	0.245291	0.149501	0.957853	0.496665	-0.867903	0.008274	0.832560	0.473702	-0.287141
07465	9.692035	0.965884	-2.177218	0.122710	2.357430	0.281266	0.226981	0.135765	0.964390	0.497018	-0.867725	0.005178	0.837528	0.478144	-0.264434
07466	9.695359	0.883917	-2.014887	0.032815	2.525154	0.171076	0.206581	0.122191	0.970770	0.496913	-0.867793	0.003486	0.842853	0.481668	-0.239988
07467	9.687791	0.617124	-1.773859	0.016334	2.675086	0.059760	0.184337	0.108589	0.976846	0.497046	-0.867720	0.002663	0.847918	0.485047	-0.213927
07468	9.660856	0.392764	-1.419900	0.089693	2.829164	-0.024780	0.160128	0.095058	0.982509	0.497839	-0.867265	0.002771	0.852359	0.488688	-0.186197
07469	9.199964	0.246158	-1.828829	0.161531	2.887252	-0.073123	0.135041	0.081471	0.987485	0.499384	-0.866375	0.003187	0.855792	0.492703	-0.157682
07470	9.000452	-0.043658	-1.919630	0.164776	2.854818	-0.101486	0.110029	0.068262	0.991581	0.500906	-0.865492	0.004000	0.858479	0.496249	-0.129422
07471	9.283353	-0.431924	-1.356648	0.184744	2.835377	-0.114199	0.085122	0.054984	0.994852	0.502766	-0.864410	0.004757	0.860221	0.499773	-0.101225
07472	9.675134	-0.721520	-0.783752	0.328926	2.795434	-0.141413	0.060322	0.042204	0.997286	0.505683	-0.862699	0.005922	0.860608	0.503953	-0.073382
07473	9.918594	-0.796942	-0.597859	0.626160	2.765732	-0.177063	0.035692	0.029522	0.998927	0.511319	-0.859361	0.007128	0.858649	0.510516	-0.045768
07474	9.864426	-0.511756	-0.578377	0.931317	2.721978	-0.214692	0.011235	0.017376	0.999786	0.519330	-0.854526	0.009016	0.854500	0.519118	-0.018624
07475	9.475110	0.032139	-0.624379	1.118420	2.641467	-0.216507	-0.012480	0.005267	0.999908	0.528992	-0.848555	0.011072	0.848535	0.529081	0.007804
07476	9.127113	0.448918	-0.567728	1.145292	2.518521	-0.192215	-0.034828	-0.006528	0.999372	0.538607	-0.842452	0.013267	0.841837	0.538731	0.032857
07477	9.022910	0.462708	-0.228864	1.076281	2.396343	-0.167347	-0.055855	-0.018299	0.998271	0.547679	-0.836548	0.015309	0.834822	0.547587	0.056747
07478	8.981664	0.341974	0.101457	0.977428	2.288770	-0.156582	-0.075783	-0.029587	0.996685	0.555682	-0.831209	0.017577	0.827934	0.555172	0.079433
07479	8.829710	-0.209936	0.311506	0.872855	2.161555	-0.174800	-0.094650	-0.040311	0.994694	0.562776	-0.826366	0.020061	0.821173	0.561688	0.100902
07480	8.612540	-0.884618	0.497555	0.863469	2.012164	-0.217957	-0.112373	-0.049855	0.992415	0.569589	-0.821602	0.023222	0.814212	0.567878	0.120723
07481	8.596142	-1.384835	0.517853	0.992436	1.873731	-0.272576	-0.129198	-0.058431	0.989896	0.577335	-0.816055	0.027182	0.806221	0.575013	0.139167
07482	8.651742	-1.384637	0.585767	1.214445	1.747495	-0.325516	-0.145135	-0.065886	0.987216	0.586600	-0.809236	0.032230	0.796767	0.583778	0.156097
07483	8.589768	-0.875708	0.445841	1.483123	1.576180	-0.348443	-0.159739	-0.072414	0.984500	0.597737	-0.800787	0.038084	0.785617	0.594556	0.171201
07484	8.493135	0.080874	0.612042	1.603474	1.382020	-0.334099	-0.172567	-0.078028	0.981902	0.609660	-0.791427	0.044255	0.773650	0.606264	0.184145
07485	8.272961	1.073103	1.025328	1.591687	1.201632	-0.285757	-0.183629	-0.083156	0.979472	0.621290	-0.781978	0.050089	0.761761	0.617734	0.195258
07486	8.127183	1.997282	1.390231	1.435359	0.999721	-0.219284	-0.192601	-0.087656	0.977354	0.631710	-0.773242	0.055137	0.750898	0.628024	0.204300
07487	8.172522	2.537674	1.801191	1.094562	0.814854	-0.140279	-0.199646	-0.091736	0.975564	0.639527	-0.766517	0.058798	0.742393	0.635638	0.211700
07488	7.910775	2.728015	2.251937	0.640155	0.625952	-0.050430	-0.204637	-0.095321	0.974186	0.644136	-0.762499	0.060699	0.737030	0.639929	0.217435
07489	7.703270	2.221000	2.383788	0.182972	0.410411	0.035103	-0.207500	-0.098222	0.973291	0.645481	-0.761354	0.060779	0.735049	0.640853	0.221382
07490	7.528019	1.309244	2.315473	-0.109826	0.233263	0.088279	-0.208683	-0.100366	0.972820	0.644833	-0.761987	0.059711	0.735283	0.639767	0.223733
07491	7.313765	0.443241	2.085386	-0.245968	0.052482	0.105304	-0.208461	-0.101509	0.972749	0.643173	-0.763509	0.058158	0.736799	0.637769	0.224449
07492	7.288500	-0.058162	1.863808	-0.246826	-0.133108	0.099055	-0.206880	-0.101396	0.973098	0.641533	-0.764999	0.056677	0.738672	0.636000	0.223312
07493	7.504664	-0.405848	1.837148	-0.200848	-0.306970	0.085381	-0.204132	-0.100104	0.973812	0.640151	-0.766248	0.055422	0.740633	0.634700	0.220497
07494	7.804208	-0.537296	1.830096	-0.098192	-0.461676	0.074964	-0.200266	-0.097728	0.974855	0.639550	-0.766814	0.054512	0.742206	0.634385	0.216069
07495	8.172309	-0.740827	1.762925	0.008129	-0.594991	0.087381	-0.195357	-0.094629	0.976156	0.639708	-0.766740	0.053695	0.743377	0.634945	0.210323
07496	8.380884	-0.843361	1.425738	0.158235	-0.706886	0.116795	-0.189390	-0.091008	0.977675	0.641085	-0.765643	0.052917	0.743735	0.636795	0.203349
07497	8.571888	-0.881677	0.929999	0.299399	-0.793862	0.160796	-0.182523	-0.087182	0.979329	0.643533	-0.763653	0.051956	0.743338	0.639713	0.195489
07498	8.776598	-0.590911	0.561132	0.372289	-0.845536	0.194813	-0.175022	-0.083222	0.981041	0.646623	-0.761117	0.050794	0.742459	0.643254	0.187025
07499	8.907308	-0.412711	0.180174	0.397441	-0.878711	0.241267	-0.167004	-0.079401	0.982754	0.649907	-0.758422	0.049165	0.741438	0.646909	0.178263
07500	8.980877	-0.312622	-0.016085	0.386523	-0.899543	0.281737	-0.158541	-0.075678	0.984448	0.653206	-0.755714	0.047102	0.740396	0.650515	0.169245
07501	9.051095	-0.201300	-0.144928	0.343978	-0.915048	0.330131	-0.149672	-0.072215	0.986095	0.656188	-0.753288	0.044432	0.739605	0.653714	0.160132
07502	9.049832	-0.201766	-0.277702	0.237053	-0.933352	0.400831	-0.140173	-0.069097	0.987713	0.658500	-0.751470	0.040882	0.739412	0.656139	0.150836
07503	9.014896	-0.376310	-0.631020	0.116743	-0.942048	0.483518	-0.130078	-0.066552	0.989268	0.659950	-0.750433	0.036291	0.739963	0.657588	0.141536
07504	8.744675	-0.677602	-1.103725	0.002743	-0.980529	0.569640	-0.119093	-0.064355	0.990795	0.660658	-0.750059	0.030692	0.741180	0.658233	0.131843
07505	8.758993	-1.066865	-1.521991	-0.067884	-1.031314	0.654165	-0.107176	-0.062482	0.992275	0.660835	-0.750143	0.024142	0.742840	0.658317	0.121687
07506	9.088812	-1.268612	-1.574660	-0.085157	-0.994282	0.707377	-0.095145	-0.061223	0.993579	0.660897	-0.750283	0.017056	0.744421	0.658276	0.111848
07507	9.817378	-0.726220	-0.663951	-0.037809	-0.898281	0.691141	-0.083938	-0.060501	0.994633	0.661180	-0.750159	0.010167	0.745517	0.658484	0.102969
07508	12.420977	1.138351	1.943548	0.112266	-0.628058	0.520167	-0.075852	-0.060241	0.995298	0.662412	-0.749122	0.005142	0.745290	0.659687	0.096727
07509	16.188798	3.966835	6.866710	0.615858	-0.096059	0.217447	-0.073746	-0.061235	0.995395	0.667103	-0.744957	0.003596	0.741306	0.664296	0.095787
07510	17.514443	3.070443	5.794104	1.410385	-0.173230	0.068126	-0.072050	-0.060559	0.995561	0.677523	-0.735489	0.004294	0.731964	0.674825	0.094023
07511	14.884835	0.366700	-2.526404	1.790370	-0.838692	0.183328	-0.064766	-0.056191	0.996317	0.690595	-0.723230	0.004104	0.720335	0.688318	0.085646
07512	10.495636	6.062763	-2.355938	2.021435	-1.257189	0.463745	-0.052596	-0.050744	0.997326	0.705276	-0.708932	0.001123	0.706979	0.703449	0.073076
07513	8.921502	9.976560	-0.453028	0.928394	-1.436944	0.730396	-0.037361	-0.045725	0.998255	0.712115	-0.702041	-0.005505	0.701068	0.710667	0.058791
07514	7.771340	5.062973	0.014659	-0.614396	-1.179873	0.868102	-0.022936	-0.043457	0.998792	0.708038	-0.706026	-0.014459	0.705802	0.706851	0.046963
07515	6.474092	-1.717731	-2.192175	-1.261774	-1.143532	0.834961	-0.009000	-0.041311	0.999106	0.699212	-0.714536	-0.023246	0.714858	0.698378	0.035315
07516	7.645697	-6.601932	-4.948287	-0.577156	-1.294351	0.661220	0.004850	-0.037014	0.999303	0.695072	-0.718315	-0.029980	0.718924	0.694733	0.022243
07517	9.802044	-7.839610	-6.135008	0.774319	-1.277582	0.362306	0.016472	-0.030649	0.999394	0.700585	-0.712786	-0.033407	0.713379	0.700711	0.009731
07518	11.480513	-6.252320	-4.618034	1.754096	-1.075981	0.293937	0.026119	-0.025101	0.999344	0.712911	-0.700319	-0.036223	0.700768	0.713389	-0.000397
07519	11.544316	-2.833275	-3.226229	2.301967	-0.920157	0.403948	0.035355	-0.021220	0.999150	0.728729	-0.683616	-0.040304	0.683889	0.729534	-0.008706
07520	10.874039	2.013503	-1.891831	1.965312	-0.754144	0.467660	0.043856	-0.018814	0.998861	0.741826	-0.669069	-0.045173	0.669157	0.742962	-0.015386
07521	9.872364	5.138955	-0.814328	0.806020	-0.587705	0.553485	0.051844	-0.018068	0.998492	0.746944	-0.662945	-0.050779	0.662862	0.748450	-0.020873
07522	9.092528	4.619396	-0.677018	-0.476612	-0.482459	0.669464	0.059998	-0.018899	0.998020	0.743390	-0.666398	-0.057310	0.666161	0.745357	-0.025933
07523	8.702882	2.048122	-0.617074	-1.215355	-0.444055	0.708884	0.068166	-0.020291	0.997468	0.734820	-0.675241	-0.063953	0.674828	0.737318	-0.031118
07524	9.317184	-0.714650	-0.532188	-1.282229	-0.507575	0.681504	0.076551	-0.021188	0.996841	0.725604	-0.684515	-0.070271	0.683842	0.728690	-0.037027
07525	9.709030	-2.402333	-0.198397	-0.830415	-0.581846	0.644544	0.085155	-0.021318	0.996140	0.719418	-0.690376	-0.076274	0.689337	0.723136	-0.043452
07526	9.324119	-2.958951	-0.112875	-0.212595	-0.683089	0.645873	0.094467	-0.020830	0.995310	0.717360	-0.691793	-0.082564	0.690268	0.721795	-0.050409
07527	8.958944	-3.058694	-0.465463	0.313362	-0.780192	0.614851	0.104208	-0.019362	0.994367	0.718942	-0.689379	-0.088767	0.687214	0.724143	-0.057918
07528	9.006519	-2.504183	-0.727789	0.606721	-0.802354	0.558709	0.113688	-0.017357	0.993365	0.722476	-0.684886	-0.094652	0.681985	0.728443	-0.065323
07529	9.383506	-1.615081	-0.971055	0.638959	-0.777542	0.513861	0.122646	-0.015124	0.992335	0.726231	-0.680120	-0.100122	0.676421	0.732945	-0.072431
07530	9.799679	-0.754232	-0.891982	0.409466	-0.723677	0.514195	0.131227	-0.013282	0.991263	0.728331	-0.677057	-0.105491	0.672543	0.735811	-0.079174
07531	10.052786	-0.333463	-0.732216	0.019489	-0.677452	0.547062	0.139715	-0.011933	0.990120	0.727750	-0.676825	-0.110849	0.671461	0.736047	-0.085878
07532	9.903857	-0.729530	-0.865391	-0.415114	-0.629862	0.568186	0.148036	-0.011143	0.988919	0.724132	-0.679826	-0.116059	0.673586	0.733289	-0.092569
07533	9.431516	-1.719020	-1.267194	-0.707138	-0.593537	0.571678	0.156123	-0.010643	0.987680	0.718511	-0.684917	-0.120956	0.677766	0.728544	-0.099284
07534	9.198949	-2.573366	-1.734935	-0.791339	-0.603491	0.541601	0.164063	-0.009971	0.986399	0.712254	-0.690621	-0.125447	0.682479	0.723148	-0.106204
07535	9.369848	-3.107567	-1.952272	-0.686152	-0.607836	0.477691	0.171566	-0.008829	0.985133	0.706788	-0.695504	-0.129324	0.686306	0.718468	-0.113084
07536	9.624856	-3.316015	-2.264240	-0.448461	-0.612485	0.420001	0.178697	-0.007348	0.983877	0.702962	-0.698701	-0.132894	0.688412	0.715376	-0.119690
07537	9.867796	-3.083886	-2.333641	-0.199253	-0.607630	0.367065	0.185415	-0.005513	0.982645	0.700945	-0.700092	-0.136189	0.688692	0.714032	-0.125943
07538	9.916114	-2.596816	-2.296331	-0.010381	-0.593045	0.335295	0.191807	-0.003609	0.981426	0.700234	-0.700166	-0.139426	0.687665	0.713971	-0.131770
07539	9.739960	-2.063141	-2.284009	0.051348	-0.559621	0.314651	0.197812	-0.001751	0.980239	0.700001	-0.699778	-0.142510	0.686199	0.714358	-0.137198
07540	9.610126	-1.720248	-2.072830	-0.000894	-0.531199	0.296598	0.203490	-0.000014	0.979077	0.699393	-0.699797	-0.145371	0.685157	0.714341	-0.142392
07541	9.542174	-1.636081	-1.884296	-0.115404	-0.498288	0.285800	0.208860	0.001605	0.977944	0.698040	-0.700612	-0.147931	0.684922	0.713541	-0.147450
07542	9.373965	-1.892252	-1.636778	-0.192793	-0.474102	0.273966	0.213979	0.003081	0.976833	0.696133	-0.702008	-0.150276	0.685282	0.712162	-0.152360
07543	9.398219	-2.178274	-1.532749	-0.199829	-0.460785	0.260378	0.218907	0.004596	0.975735	0.694228	-0.703427	-0.152438	0.685658	0.710752	-0.157176
07544	9.442500	-2.169286	-1.393605	-0.121918	-0.459012	0.255083	0.223785	0.006079	0.974620	0.692822	-0.704322	-0.154687	0.685506	0.709854	-0.161828
07545	9.374040	-1.827473	-1.076589	-0.049367	-0.465455	0.256804	0.228712	0.007633	0.973464	0.691925	-0.704683	-0.157040	0.684785	0.709481	-0.166452
07546	9.451110	-1.532936	-0.847131	-0.025849	-0.475368	0.262415	0.233742	0.009174	0.972255	0.691136	-0.704904	-0.159506	0.683883	0.709244	-0.171106
07547	9.292272	-1.415120	-0.790189	-0.032662	-0.488643	0.272182	0.238921	0.010775	0.970979	0.690292	-0.705155	-0.162029	0.682945	0.708971	-0.175914
07548	9.192622	-1.445336	-0.871069	-0.036376	-0.520397	0.281034	0.244373	0.012500	0.969601	0.689360	-0.705460	-0.164648	0.681957	0.708639	-0.181012
07549	9.192062	-1.325676	-0.892237	-0.027148	-0.558418	0.286140	0.250109	0.014486	0.968109	0.688485	-0.705688	-0.167309	0.680760	0.708375	-0.186472
07550	9.172963	-1.267009	-0.855302	-0.025611	-0.593903	0.296691	0.256151	0.016617	0.966494	0.687556	-0.705930	-0.170087	0.679451	0.708086	-0.192250
07551	9.238206	-1.274241	-0.830896	-0.028720	-0.633707	0.302810	0.262491	0.019014	0.964747	0.686590	-0.706189	-0.172891	0.678007	0.707768	-0.198423
07552	9.196404	-1.372799	-0.940336	-0.031832	-0.666717	0.320443	0.269167	0.021487	0.962854	0.685518	-0.706494	-0.175872	0.676472	0.707393	-0.204894
07553	9.238574	-1.387568	-1.244140	-0.021306	-0.707842	0.329762	0.276166	0.024207	0.960805	0.684491	-0.706720	-0.178939	0.674689	0.707079	-0.211741
07554	9.238661	-1.324884	-1.602156	0.013788	-0.743039	0.334625	0.283422	0.027114	0.958612	0.683644	-0.706723	-0.182136	0.672534	0.706971	-0.218837
07555	9.313988	-0.977869	-1.838471	-0.038666	-0.780968	0.338768	0.290939	0.030275	0.956262	0.682421	-0.707098	-0.185238	0.670563	0.706467	-0.226383
07556	9.441094	-1.076343	-1.880173	-0.166551	-0.784103	0.343245	0.298494	0.033398	0.953827	0.680292	-0.708397	-0.188088	0.669406	0.705024	-0.234173
07557	9.337472	-1.590037	-2.063315	-0.197262	-0.773084	0.354842	0.306030	0.036373	0.951327	0.677920	-0.709907	-0.190936	0.668409	0.703355	-0.241911
07558	9.243970	-1.918468	-2.314087	-0.186530	-0.792372	0.356934	0.313700	0.039422	0.948704	0.675567	-0.711366	-0.193824	0.667235	0.701715	-0.249788
07559	9.351870	-2.110609	-2.407492	-0.120176	-0.810364	0.351518	0.321424	0.042654	0.945974	0.673672	-0.712350	-0.196781	0.665472	0.700527	-0.257702
07560	9.230698	-2.036136	-2.236368	-0.064193	-0.811673	0.339250	0.329062	0.045938	0.943190	0.672141	-0.712963	-0.199773	0.663283	0.699695	-0.265486
07561	9.265726	-1.888523	-2.165555	-0.090962	-0.840502	0.344248	0.336894	0.049405	0.940246	0.670409	-0.713766	-0.202706	0.661101	0.698640	-0.273585
07562	9.143775	-1.885601	-2.163091	-0.172535	-0.847010	0.348575	0.344782	0.052844	0.937194	0.668082	-0.715161	-0.205454	0.659388	0.696959	-0.281879
07563	9.401939	-2.022880	-1.657316	-0.113414	-0.853007	0.344397	0.352652	0.056356	0.934056	0.666143	-0.716148	-0.208293	0.657184	0.695669	-0.290092
07564	9.164000	-1.947951	-1.671922	-0.170713	-0.856020	0.355841	0.360598	0.059772	0.930804	0.663754	-0.717553	-0.211064	0.655286	0.693934	-0.298422
07565	8.961022	-2.115711	-1.846357	-0.251038	-0.884086	0.360616	0.368729	0.063341	0.927376	0.660807	-0.719521	-0.213595	0.653738	0.691576	-0.307164
