// General information: 
//  MT Manager version: 2022.2.0 
//  XDA version: 2022.2.0 build 7381 rev 124627 built on 2023-07-19
// Device information: 
//  DeviceId: 00B4CAF0
//  ProductCode: MTW2-3A7G6
//  Firmware Version: 4.6.0
//  Hardware Version: 2.0.0
// Device settings: 
//  Filter Profile: human(46.1)
//  Option Flags: Orientation Smoother Disabled, Position/Velocity Smoother Disabled, Continuous Zero Rotation Update Disabled, AHS Disabled, ICC Disabled
// Coordinate system: ENU
PacketCounter	Acc_X	Acc_Y	Acc_Z	Gyr_X	Gyr_Y	Gyr_Z	Mat[1][1]	Mat[2][1]	Mat[3][1]	Mat[1][2]	Mat[2][2]	Mat[3][2]	Mat[1][3]	Mat[2][3]	Mat[3][3]
54997	4.831604	2.143443	8.674814	0.072216	0.027111	-0.006613	-0.603976	-0.633221	0.483988	0.782455	-0.586598	0.208967	0.151584	0.504910	0.849758
54998	4.827603	2.111803	8.605854	0.009631	-0.005546	0.002670	-0.603865	-0.633314	0.484004	0.782553	-0.586471	0.208957	0.151518	0.504941	0.849751
54999	4.857793	2.131710	8.647060	0.032088	0.014674	0.000947	-0.603892	-0.633368	0.483900	0.782595	-0.586314	0.209238	0.151193	0.505055	0.849741
55000	4.868875	2.164576	8.639000	0.004243	0.000317	0.007293	-0.603801	-0.633355	0.484030	0.782633	-0.586314	0.209098	0.151361	0.505071	0.849702
55001	4.847184	2.154938	8.644808	-0.002505	0.000997	0.005767	-0.603769	-0.633368	0.484053	0.782652	-0.586302	0.209060	0.151389	0.505069	0.849698
55002	4.941625	2.062058	8.644571	-0.015196	-0.002451	0.010758	-0.603692	-0.633280	0.484264	0.782634	-0.586436	0.208753	0.151791	0.505024	0.849653
55003	5.002951	2.097266	8.727573	-0.002506	0.000996	0.005767	-0.603660	-0.633293	0.484287	0.782653	-0.586424	0.208715	0.151820	0.505022	0.849649
55004	5.127487	1.939662	8.733813	0.013365	0.000345	-0.003730	-0.603669	-0.633232	0.484357	0.782639	-0.586431	0.208746	0.151858	0.505090	0.849602
55005	5.048046	2.072023	8.749405	0.084553	0.024695	-0.014491	-0.603830	-0.633246	0.484137	0.782668	-0.586108	0.209545	0.151063	0.505448	0.849531
55006	5.005477	1.998933	8.670337	0.070410	0.008056	-0.018395	-0.604004	-0.633113	0.484095	0.782629	-0.585926	0.210194	0.150567	0.505825	0.849394
55007	4.910396	2.152885	8.659449	0.104999	0.036022	-0.025393	-0.604268	-0.633120	0.483756	0.782622	-0.585568	0.211219	0.149544	0.506231	0.849333
55008	4.823816	2.230193	8.661288	0.050023	0.010541	-0.016326	-0.604532	-0.632915	0.483693	0.782494	-0.585518	0.211828	0.149142	0.506544	0.849217
55009	4.867010	2.138506	8.569994	0.054364	0.021787	-0.012080	-0.604671	-0.632928	0.483503	0.782490	-0.585331	0.212359	0.148601	0.506744	0.849193
55010	4.811564	2.230222	8.613737	0.023624	0.015701	-0.006005	-0.604623	-0.633107	0.483328	0.782577	-0.585186	0.212439	0.148340	0.506687	0.849272
55011	4.821559	2.178849	8.571648	0.014749	0.019839	0.000230	-0.604662	-0.633183	0.483180	0.782588	-0.585122	0.212574	0.148122	0.506666	0.849323
55012	4.792727	2.196404	8.599321	-0.003918	0.010596	0.004093	-0.604556	-0.633350	0.483095	0.782669	-0.585078	0.212398	0.148126	0.506510	0.849415
55013	4.874767	2.156357	8.642699	-0.024667	0.007732	0.009935	-0.604500	-0.633421	0.483071	0.782681	-0.585152	0.212150	0.148289	0.506335	0.849491
55014	4.864190	2.176236	8.641159	-0.013401	0.008138	0.013110	-0.604513	-0.633398	0.483086	0.782651	-0.585225	0.212059	0.148396	0.506280	0.849505
55015	4.897406	2.058173	8.682919	-0.035692	-0.001145	0.011808	-0.604430	-0.633435	0.483141	0.782658	-0.585343	0.211709	0.148699	0.506097	0.849561
55016	4.946510	2.047866	8.650802	-0.011389	0.011453	0.007081	-0.604332	-0.633594	0.483053	0.782725	-0.585329	0.211498	0.148741	0.505913	0.849663
55017	4.892166	2.134444	8.695217	-0.014516	0.007089	0.002187	-0.604336	-0.633617	0.483018	0.782705	-0.585401	0.211374	0.148829	0.505802	0.849714
55018	4.997608	2.072956	8.687725	-0.011882	0.004387	0.003209	-0.604285	-0.633639	0.483054	0.782708	-0.585476	0.211154	0.149021	0.505687	0.849749
55019	4.996740	2.072955	8.688225	0.012243	0.015762	-0.002514	-0.604339	-0.633679	0.482935	0.782700	-0.585442	0.211279	0.148847	0.505677	0.849785
55020	4.931656	2.184476	8.729957	0.017999	0.012342	-0.005119	-0.604363	-0.633682	0.482900	0.782694	-0.585428	0.211340	0.148781	0.505689	0.849790
55021	4.905743	2.141548	8.667474	0.022099	0.014362	-0.004609	-0.604430	-0.633702	0.482789	0.782688	-0.585357	0.211558	0.148539	0.505745	0.849799
55022	4.870930	2.102091	8.681798	0.005930	0.015503	-0.002916	-0.604571	-0.633609	0.482735	0.782587	-0.585449	0.211677	0.148496	0.505756	0.849800
55023	4.908727	2.117474	8.647194	0.016154	0.016555	-0.003006	-0.604630	-0.633649	0.482609	0.782581	-0.585399	0.211838	0.148288	0.505764	0.849831
55024	4.907259	2.118665	8.647736	0.007886	0.015899	-0.003161	-0.604649	-0.633816	0.482366	0.782621	-0.585308	0.211942	0.148001	0.505660	0.849943
55025	4.847759	2.118244	8.633967	0.005496	0.016437	-0.004052	-0.604716	-0.633849	0.482239	0.782593	-0.585318	0.212017	0.147877	0.505606	0.849997
55026	4.846408	2.118651	8.634625	-0.000135	0.013081	-0.003184	-0.604785	-0.633842	0.482162	0.782542	-0.585385	0.212021	0.147862	0.505539	0.850040
55027	4.865542	2.159218	8.674332	0.000906	0.012434	0.000086	-0.604813	-0.633879	0.482077	0.782532	-0.585392	0.212037	0.147798	0.505483	0.850084
55028	4.922968	2.160245	8.689144	-0.004165	0.001366	0.000354	-0.604858	-0.633844	0.482066	0.782494	-0.585438	0.212048	0.147814	0.505473	0.850087
55029	4.970251	2.099217	8.667107	0.010335	0.011972	-0.003137	-0.604911	-0.633861	0.481979	0.782479	-0.585418	0.212160	0.147679	0.505476	0.850109
55030	4.998189	2.149806	8.753674	0.013399	0.008335	-0.000977	-0.605016	-0.633730	0.482018	0.782401	-0.585471	0.212305	0.147664	0.505579	0.850050
55031	5.015767	2.125556	8.679812	0.026787	0.022973	-0.006873	-0.605115	-0.633779	0.481830	0.782387	-0.585391	0.212575	0.147333	0.505609	0.850089
55032	4.813212	2.195717	8.653524	0.034731	0.029175	-0.005983	-0.605193	-0.633900	0.481572	0.782407	-0.585257	0.212870	0.146905	0.505613	0.850162
55033	4.834491	2.176208	8.603534	0.012401	0.016980	-0.001517	-0.605241	-0.633951	0.481445	0.782404	-0.585217	0.212992	0.146723	0.505596	0.850203
55034	4.855905	2.168724	8.677361	0.010192	0.018743	-0.001409	-0.605319	-0.633997	0.481287	0.782381	-0.585197	0.213130	0.146524	0.505562	0.850258
55035	4.824145	2.150799	8.636555	0.001079	0.013657	0.001080	-0.605341	-0.634046	0.481194	0.782377	-0.585197	0.213144	0.146451	0.505500	0.850307
55036	4.791023	2.163300	8.640620	-0.001865	0.015604	0.005703	-0.605282	-0.634226	0.481031	0.782445	-0.585133	0.213071	0.146332	0.505349	0.850417
55037	4.778936	2.130624	8.649289	-0.017568	-0.001879	0.009841	-0.605214	-0.634248	0.481089	0.782467	-0.585172	0.212884	0.146499	0.505276	0.850432
55038	4.858907	2.139254	8.658453	-0.015498	0.003131	0.011463	-0.605165	-0.634262	0.481132	0.782473	-0.585230	0.212699	0.146666	0.505191	0.850454
55039	4.851718	2.110390	8.690538	-0.018363	-0.003395	0.006703	-0.605118	-0.634257	0.481196	0.782475	-0.585293	0.212520	0.146848	0.505123	0.850462
55040	4.873884	2.118186	8.684981	-0.009920	-0.001516	0.007867	-0.605122	-0.634203	0.481263	0.782449	-0.585353	0.212452	0.146971	0.505123	0.850441
55041	4.871570	2.166106	8.650922	-0.007895	-0.004506	0.006758	-0.605074	-0.634193	0.481336	0.782466	-0.585362	0.212361	0.147078	0.505124	0.850422
55042	4.856276	2.128784	8.635390	-0.015912	-0.007322	0.006730	-0.605123	-0.634096	0.481403	0.782409	-0.585443	0.212350	0.147184	0.505151	0.850388
55043	4.856980	2.127222	8.635379	-0.011204	-0.005013	0.009380	-0.605053	-0.634099	0.481486	0.782437	-0.585453	0.212220	0.147319	0.505137	0.850373
55044	4.793754	2.151059	8.642161	-0.015552	-0.004872	0.008731	-0.604912	-0.634204	0.481526	0.782514	-0.585447	0.211951	0.147487	0.505013	0.850417
55045	4.842639	2.171837	8.654360	-0.030915	-0.013600	0.009943	-0.604825	-0.634167	0.481683	0.782517	-0.585552	0.211650	0.147829	0.504937	0.850403
55046	4.834090	2.105339	8.617675	-0.044156	-0.015629	0.020433	-0.604630	-0.634248	0.481822	0.782592	-0.585626	0.211170	0.148233	0.504749	0.850444
55047	4.841637	2.158332	8.631167	-0.051335	-0.014014	0.017756	-0.604481	-0.634255	0.481999	0.782611	-0.585785	0.210658	0.148737	0.504556	0.850471
55048	4.923118	2.162544	8.640540	-0.070411	-0.014322	0.023191	-0.604298	-0.634320	0.482143	0.782638	-0.585992	0.209980	0.149337	0.504234	0.850556
55049	4.998502	2.049312	8.849523	-0.060189	-0.024663	0.019495	-0.604120	-0.634283	0.482414	0.782654	-0.586184	0.209384	0.149974	0.504056	0.850550
55050	5.243753	1.743101	8.760642	-0.012502	-0.013595	0.002359	-0.604018	-0.634250	0.482586	0.782675	-0.586248	0.209126	0.150277	0.504024	0.850516
55051	5.058041	1.952111	8.705015	0.070547	0.024011	-0.012797	-0.604165	-0.634270	0.482376	0.782691	-0.585986	0.209797	0.149597	0.504303	0.850470
55052	4.831826	2.235259	8.718606	0.065817	0.010314	-0.019064	-0.604349	-0.634171	0.482275	0.782650	-0.585809	0.210442	0.149065	0.504633	0.850368
55053	4.935568	2.029506	8.561808	0.042222	-0.002457	-0.018885	-0.604505	-0.634022	0.482276	0.782587	-0.585728	0.210902	0.148767	0.504914	0.850253
55054	4.821159	2.152745	8.635219	0.060201	0.021258	-0.020384	-0.604673	-0.634013	0.482077	0.782559	-0.585569	0.211448	0.148228	0.505111	0.850230
55055	4.818422	2.188362	8.679621	0.023895	-0.002943	-0.017960	-0.604820	-0.633867	0.482085	0.782474	-0.585574	0.211747	0.148077	0.505287	0.850152
55056	4.855747	2.152482	8.654364	0.036373	0.004341	-0.015418	-0.604925	-0.633766	0.482086	0.782427	-0.585534	0.212032	0.147899	0.505460	0.850080
55057	4.807747	2.216866	8.675937	0.018380	-0.007992	-0.010308	-0.605004	-0.633640	0.482152	0.782380	-0.585519	0.212246	0.147822	0.505636	0.849989
55058	4.857906	2.210612	8.642382	0.010483	-0.012499	-0.003548	-0.605067	-0.633463	0.482305	0.782319	-0.585555	0.212371	0.147887	0.505815	0.849871
55059	4.824179	2.116953	8.665864	0.003142	-0.018413	-0.002303	-0.605069	-0.633331	0.482477	0.782298	-0.585567	0.212418	0.147992	0.505968	0.849761
55060	4.853191	2.184941	8.672302	0.010786	-0.012965	0.004238	-0.605040	-0.633229	0.482646	0.782306	-0.585538	0.212467	0.148067	0.506128	0.849653
55061	4.913014	2.185696	8.685840	-0.014118	-0.025843	0.006817	-0.604959	-0.633112	0.482901	0.782314	-0.585579	0.212323	0.148352	0.506227	0.849544
55062	4.957073	2.064937	8.649621	-0.008985	-0.018166	0.005680	-0.604896	-0.633010	0.483114	0.782313	-0.585633	0.212179	0.148616	0.506293	0.849459
55063	4.878708	2.138206	8.674719	-0.002808	-0.011135	0.007813	-0.604829	-0.632973	0.483246	0.782345	-0.585611	0.212126	0.148724	0.506365	0.849397
55064	4.880225	2.137149	8.674126	-0.011865	-0.019608	0.009440	-0.604720	-0.633004	0.483343	0.782412	-0.585557	0.212025	0.148812	0.506389	0.849367
55065	4.828219	2.138864	8.682772	-0.013523	-0.014167	0.012552	-0.604611	-0.632979	0.483511	0.782456	-0.585558	0.211858	0.149022	0.506418	0.849314
55066	4.795337	2.197989	8.651781	-0.029076	-0.019039	0.021297	-0.604412	-0.633054	0.483662	0.782558	-0.585541	0.211529	0.149295	0.506344	0.849309
55067	4.822507	2.152771	8.680004	-0.068587	-0.027745	0.031847	-0.604132	-0.633074	0.483985	0.782636	-0.585699	0.210801	0.150017	0.506136	0.849306
55068	4.923089	2.244349	8.694031	-0.077928	-0.023910	0.050377	-0.603778	-0.633168	0.484305	0.782764	-0.585828	0.209968	0.150774	0.505870	0.849331
55069	4.942010	2.100325	8.641344	-0.112235	-0.025415	0.053140	-0.603334	-0.633324	0.484653	0.782903	-0.586071	0.208766	0.151824	0.505392	0.849428
55070	5.028872	2.019111	8.639972	-0.093161	-0.017140	0.050422	-0.602880	-0.633603	0.484854	0.783101	-0.586182	0.207710	0.152607	0.504913	0.849573
55071	4.983163	2.155452	8.698615	-0.074719	0.000563	0.041542	-0.602566	-0.633823	0.484955	0.783225	-0.586309	0.206882	0.153207	0.504490	0.849716
55072	4.976568	1.950320	8.662023	-0.088702	-0.014833	0.038620	-0.602266	-0.633897	0.485232	0.783280	-0.586577	0.205910	0.154100	0.504085	0.849795
55073	4.971971	1.969109	8.684536	-0.049723	0.004967	0.029574	-0.602053	-0.634070	0.485271	0.783370	-0.586653	0.205352	0.154478	0.503780	0.849907
55074	4.970040	2.097085	8.686772	-0.050480	0.000072	0.025555	-0.601901	-0.634132	0.485378	0.783393	-0.586815	0.204802	0.154955	0.503512	0.849979
55075	4.958579	2.060258	8.695816	-0.045877	0.004083	0.021427	-0.601750	-0.634253	0.485408	0.783439	-0.586923	0.204317	0.155308	0.503235	0.850079
55076	4.910790	2.032689	8.684623	-0.038951	-0.000442	0.015426	-0.601699	-0.634231	0.485499	0.783402	-0.587103	0.203942	0.155691	0.503052	0.850117
55077	4.933025	2.037841	8.679632	-0.037919	-0.001107	0.018692	-0.601562	-0.634309	0.485567	0.783443	-0.587188	0.203538	0.156013	0.502855	0.850175
55078	4.945373	2.065601	8.672289	-0.028222	-0.003732	0.015587	-0.601461	-0.634362	0.485623	0.783474	-0.587247	0.203248	0.156248	0.502718	0.850212
55079	4.897813	2.039835	8.660525	-0.021211	-0.000262	0.012350	-0.601375	-0.634407	0.485671	0.783503	-0.587288	0.203017	0.156433	0.502614	0.850240
55080	4.923102	2.081715	8.723910	-0.020972	-0.002426	0.012475	-0.601350	-0.634349	0.485777	0.783470	-0.587404	0.202809	0.156696	0.502551	0.850229
55081	4.925068	2.048464	8.679006	-0.021849	-0.006873	0.015104	-0.601232	-0.634377	0.485888	0.783514	-0.587431	0.202559	0.156927	0.502485	0.850225
55082	4.931660	2.019414	8.657595	-0.022039	-0.008095	0.014098	-0.601116	-0.634391	0.486012	0.783547	-0.587486	0.202273	0.157205	0.502403	0.850222
55083	4.941055	2.025853	8.704993	-0.010526	-0.000168	0.013393	-0.601022	-0.634442	0.486061	0.783599	-0.587467	0.202128	0.157307	0.502360	0.850229
55084	4.959017	2.028922	8.675802	-0.020929	-0.005813	0.011593	-0.600895	-0.634482	0.486167	0.783640	-0.587520	0.201812	0.157587	0.502248	0.850243
55085	4.969649	2.004717	8.678059	-0.012870	-0.003007	0.011624	-0.600810	-0.634508	0.486237	0.783677	-0.587524	0.201655	0.157725	0.502209	0.850240
55086	4.945526	2.043139	8.650381	-0.014577	0.000766	0.007104	-0.600721	-0.634510	0.486345	0.783684	-0.587621	0.201346	0.158030	0.502094	0.850252
55087	4.928062	2.036495	8.680124	-0.011623	0.003879	0.011009	-0.600651	-0.634568	0.486356	0.783720	-0.587623	0.201202	0.158117	0.502019	0.850280
55088	4.948036	1.990508	8.684783	-0.013167	0.002539	0.012382	-0.600547	-0.634610	0.486430	0.783754	-0.587668	0.200937	0.158343	0.501913	0.850300
55089	4.952406	1.993136	8.708799	-0.012424	0.002382	0.007866	-0.600500	-0.634641	0.486447	0.783770	-0.587694	0.200801	0.158446	0.501843	0.850323
55090	4.921625	1.974259	8.667588	-0.004975	0.004911	0.005763	-0.600459	-0.634651	0.486486	0.783773	-0.587743	0.200647	0.158588	0.501774	0.850337
55091	4.899691	1.964361	8.673494	-0.002714	-0.000240	0.004759	-0.600431	-0.634651	0.486519	0.783785	-0.587739	0.200608	0.158631	0.501778	0.850327
55092	4.899840	1.964599	8.673355	0.010324	-0.002347	-0.000970	-0.600492	-0.634522	0.486612	0.783729	-0.587784	0.200695	0.158678	0.501888	0.850253
55093	4.910763	2.027264	8.710370	0.003486	-0.004599	0.003269	-0.600469	-0.634491	0.486680	0.783742	-0.587760	0.200716	0.158698	0.501956	0.850209
55094	4.934419	2.006374	8.659055	0.009259	-0.008015	0.000649	-0.600476	-0.634438	0.486742	0.783743	-0.587725	0.200813	0.158667	0.502064	0.850151
55095	4.890212	2.019487	8.715013	0.014978	-0.008047	-0.001088	-0.600482	-0.634364	0.486830	0.783748	-0.587670	0.200954	0.158618	0.502221	0.850067
55096	4.920225	2.056897	8.677183	0.005319	-0.008808	0.001137	-0.600334	-0.634477	0.486866	0.783856	-0.587569	0.200829	0.158646	0.502197	0.850076
55097	4.926836	2.030385	8.655125	-0.003061	-0.012399	0.006751	-0.600272	-0.634428	0.487006	0.783880	-0.587555	0.200777	0.158764	0.502275	0.850008
55098	4.895934	2.043074	8.658242	0.006918	-0.005815	0.007421	-0.600236	-0.634413	0.487070	0.783911	-0.587497	0.200825	0.158746	0.502362	0.849960
55099	4.928749	2.029811	8.654170	-0.006388	-0.012914	0.009375	-0.600152	-0.634377	0.487220	0.783945	-0.587483	0.200732	0.158894	0.502424	0.849896
55100	4.965701	2.020411	8.673965	-0.002100	0.000037	0.006896	-0.600099	-0.634411	0.487242	0.783976	-0.587468	0.200654	0.158942	0.502398	0.849902
55101	4.939998	2.006126	8.655931	-0.003672	-0.007639	0.013156	-0.599993	-0.634424	0.487355	0.784038	-0.587416	0.200566	0.159037	0.502443	0.849858
55102	4.936049	2.000841	8.632278	-0.008058	0.002234	0.008511	-0.600019	-0.634342	0.487430	0.783986	-0.587512	0.200488	0.159193	0.502435	0.849834
55103	4.952441	2.035337	8.648264	-0.009365	-0.001270	0.010008	-0.599949	-0.634368	0.487483	0.784020	-0.587509	0.200366	0.159294	0.502405	0.849832
55104	4.930664	2.024803	8.654253	-0.007685	0.004673	0.010524	-0.599774	-0.634670	0.487304	0.784190	-0.587323	0.200246	0.159115	0.502241	0.849963
55105	4.944897	2.005492	8.680411	-0.011624	0.003882	0.011012	-0.599704	-0.634728	0.487314	0.784226	-0.587325	0.200100	0.159202	0.502165	0.849991
55106	4.942890	1.950586	8.690730	-0.005904	0.003848	0.009274	-0.599749	-0.634672	0.487332	0.784180	-0.587386	0.200097	0.159256	0.502164	0.849982
55107	4.960819	2.039228	8.696857	0.000004	0.005034	0.008542	-0.599700	-0.634721	0.487328	0.784220	-0.587345	0.200063	0.159245	0.502150	0.849992
55108	4.913833	1.985372	8.639649	-0.003327	-0.000515	0.002624	-0.599801	-0.634633	0.487318	0.784148	-0.587406	0.200168	0.159220	0.502191	0.849973
55109	4.898309	2.033661	8.659115	0.002024	0.002045	0.007415	-0.599757	-0.634660	0.487337	0.784183	-0.587362	0.200157	0.159211	0.502207	0.849965
55110	4.898620	2.032823	8.659136	-0.010677	-0.004774	0.011503	-0.599690	-0.634669	0.487408	0.784207	-0.587376	0.200022	0.159344	0.502180	0.849956
55111	4.971582	2.014083	8.699209	-0.009558	-0.002490	0.009000	-0.599627	-0.634683	0.487468	0.784234	-0.587380	0.199905	0.159453	0.502157	0.849949
55112	4.970269	1.959172	8.709101	-0.009084	-0.006819	0.009246	-0.599524	-0.634708	0.487563	0.784279	-0.587381	0.199725	0.159617	0.502125	0.849937
55113	5.004382	1.999094	8.695506	0.000054	0.001648	0.007659	-0.599477	-0.634735	0.487585	0.784313	-0.587345	0.199696	0.159626	0.502133	0.849931
55114	4.959400	1.999010	8.628260	-0.000746	0.000154	0.004516	-0.599494	-0.634660	0.487661	0.784275	-0.587410	0.199653	0.159745	0.502151	0.849898
55115	5.003719	1.914539	8.660281	0.003753	-0.000430	-0.001494	-0.599516	-0.634623	0.487683	0.784260	-0.587415	0.199700	0.159738	0.502193	0.849874
55116	5.004094	1.999891	8.695489	0.019837	0.008552	-0.000548	-0.599628	-0.634550	0.487639	0.784209	-0.587402	0.199939	0.159569	0.502300	0.849843
55117	4.982724	1.961617	8.656069	0.014485	0.005992	-0.005339	-0.599691	-0.634522	0.487599	0.784187	-0.587377	0.200096	0.159439	0.502364	0.849829
55118	4.954306	1.981116	8.683355	0.031123	0.013598	-0.009915	-0.599790	-0.634480	0.487532	0.784150	-0.587351	0.200320	0.159253	0.502448	0.849814
55119	4.904420	2.064002	8.627666	0.019727	0.010283	-0.007323	-0.599875	-0.634462	0.487451	0.784125	-0.587312	0.200532	0.159056	0.502516	0.849811
55120	4.955749	1.905498	8.672094	0.013393	0.010043	-0.007722	-0.600013	-0.634371	0.487400	0.784036	-0.587377	0.200690	0.158975	0.502555	0.849803
55121	5.014962	1.787144	8.808644	0.036796	0.002187	-0.015306	-0.600147	-0.634265	0.487372	0.783990	-0.587303	0.201085	0.158694	0.502775	0.849725
55122	5.344518	1.740230	8.932043	0.115799	-0.023432	-0.029993	-0.600345	-0.633981	0.487498	0.783994	-0.586912	0.202206	0.157923	0.503589	0.849387
55123	5.694505	1.863502	8.667880	0.231026	0.017288	-0.062240	-0.600871	-0.633676	0.487246	0.783970	-0.586156	0.204479	0.156028	0.504852	0.848987
55124	4.809444	1.837551	8.863523	0.324992	0.068149	-0.091877	-0.601675	-0.633466	0.486527	0.783915	-0.585136	0.207590	0.153183	0.506297	0.848645
55125	5.035369	1.833432	8.546421	0.279920	0.034773	-0.099032	-0.602515	-0.633037	0.486046	0.783732	-0.584358	0.210454	0.150800	0.507731	0.848215
55126	4.893225	2.402603	8.592008	0.344940	0.111882	-0.112075	-0.603482	-0.633043	0.484836	0.783629	-0.583269	0.213828	0.147428	0.508973	0.848063
55127	4.730230	2.055708	8.741019	0.223972	0.031910	-0.111654	-0.604415	-0.632528	0.484347	0.783270	-0.582849	0.216275	0.145501	0.510094	0.847722
55128	5.460972	1.840882	8.853431	0.301781	0.037287	-0.138533	-0.605585	-0.631838	0.483785	0.782824	-0.582255	0.219468	0.143018	0.511625	0.847222
55129	5.270521	1.565481	8.492348	0.386632	0.121566	-0.184778	-0.607214	-0.631359	0.482367	0.782236	-0.581455	0.223643	0.139276	0.513124	0.846939
55130	4.982769	2.101307	8.668606	0.428708	0.157941	-0.201513	-0.609060	-0.630932	0.480594	0.781550	-0.580578	0.228272	0.134998	0.514640	0.846712
55131	5.039175	2.564205	8.692784	0.396823	0.147375	-0.205172	-0.610871	-0.630474	0.478894	0.780814	-0.579841	0.232623	0.131020	0.516030	0.846491
55132	5.142035	2.583652	8.497364	0.347020	0.174722	-0.202308	-0.612694	-0.630133	0.477010	0.779988	-0.579400	0.236463	0.127377	0.516942	0.846491
55133	4.594778	2.600847	8.543752	0.360851	0.213327	-0.188501	-0.614442	-0.630118	0.474776	0.779271	-0.578735	0.240421	0.123276	0.517704	0.846632
55134	4.688436	2.517704	8.677634	0.253612	0.155800	-0.174122	-0.616035	-0.629825	0.473098	0.778456	-0.578598	0.243376	0.120450	0.518214	0.846727
55135	4.783156	2.586108	8.752392	0.285329	0.173671	-0.162598	-0.617518	-0.629757	0.471250	0.777779	-0.578157	0.246566	0.117180	0.518788	0.846834
55136	4.645409	2.482712	8.600959	0.243147	0.150902	-0.152746	-0.618949	-0.629551	0.469646	0.777050	-0.577935	0.249368	0.114435	0.519284	0.846905
55137	4.768910	2.476568	8.662742	0.222385	0.152628	-0.145237	-0.620262	-0.629477	0.468010	0.776389	-0.577709	0.251939	0.111784	0.519626	0.847050
55138	4.562745	2.472851	8.525019	0.230738	0.170817	-0.136833	-0.621590	-0.629463	0.466264	0.775723	-0.577448	0.254576	0.108997	0.519933	0.847225
55139	4.318512	2.669090	8.573898	0.202474	0.149343	-0.121820	-0.622708	-0.629509	0.464708	0.775170	-0.577176	0.256865	0.106520	0.520179	0.847388
55140	4.191062	2.611659	8.433620	0.149505	0.111966	-0.100374	-0.623617	-0.629518	0.463475	0.774696	-0.577032	0.258614	0.104638	0.520328	0.847531
55141	4.248037	2.784826	8.537909	0.102946	0.081453	-0.069083	-0.624249	-0.629515	0.462627	0.774359	-0.576945	0.259813	0.103354	0.520427	0.847628
55142	4.251058	2.733003	8.475255	0.044240	0.042366	-0.041217	-0.624677	-0.629374	0.462241	0.774075	-0.577080	0.260358	0.102888	0.520449	0.847671
55143	4.647973	2.723952	8.720180	0.014427	0.002068	-0.032942	-0.624947	-0.629167	0.462159	0.773871	-0.577227	0.260639	0.102785	0.520537	0.847630
55144	4.633723	2.633110	8.516131	0.039550	0.024299	-0.022176	-0.625192	-0.629028	0.462016	0.773705	-0.577292	0.260988	0.102550	0.520631	0.847601
55145	4.238096	2.877189	8.469538	0.020897	0.030611	-0.007500	-0.625294	-0.629116	0.461758	0.773666	-0.577246	0.261206	0.102219	0.520577	0.847674
55146	4.032462	3.191404	8.324777	-0.037657	-0.000022	0.037364	-0.625053	-0.629319	0.461808	0.773833	-0.577204	0.260802	0.102430	0.520377	0.847771
55147	3.841951	3.475506	8.185102	-0.135430	-0.033024	0.099883	-0.624258	-0.629696	0.462369	0.774304	-0.577295	0.259199	0.103707	0.519821	0.847957
55148	3.656786	3.365907	8.241802	-0.316380	-0.105136	0.177059	-0.622829	-0.630129	0.463704	0.775034	-0.577851	0.255753	0.106795	0.518677	0.848274
55149	4.148671	2.926186	8.444576	-0.474950	-0.192267	0.245331	-0.620730	-0.630523	0.465978	0.776027	-0.578780	0.250590	0.111696	0.517160	0.848569
55150	4.627246	2.675623	8.599069	-0.503263	-0.206381	0.280467	-0.618397	-0.630918	0.468537	0.777097	-0.579742	0.244986	0.117065	0.515598	0.848796
55151	4.944736	2.566140	8.794103	-0.517219	-0.213691	0.284422	-0.615942	-0.631440	0.471062	0.778220	-0.580625	0.239266	0.122428	0.513964	0.849030
55152	5.541863	2.624027	9.079932	-0.496866	-0.214789	0.275285	-0.613560	-0.631912	0.473530	0.779266	-0.581465	0.233759	0.127626	0.512431	0.849192
55153	4.919923	2.035044	8.571527	-0.483793	-0.118906	0.259605	-0.611394	-0.632786	0.475162	0.780214	-0.582313	0.228425	0.132148	0.510386	0.849731
55154	4.997491	2.361870	9.218353	-0.461960	-0.174821	0.242767	-0.609338	-0.633184	0.477268	0.780998	-0.583224	0.223363	0.136925	0.508850	0.849896
55155	4.873131	1.915532	8.743296	-0.397350	-0.184940	0.225300	-0.607333	-0.633529	0.479361	0.781803	-0.583833	0.218916	0.141177	0.507720	0.849876
55156	4.802931	2.205915	8.944629	-0.346663	-0.156341	0.214035	-0.605488	-0.633926	0.481168	0.782559	-0.584285	0.214970	0.144864	0.506704	0.849862
55157	4.781635	2.229391	8.988630	-0.376244	-0.234678	0.217497	-0.603452	-0.633980	0.483648	0.783307	-0.584827	0.210731	0.149250	0.506011	0.849516
55158	4.772474	2.195108	8.964470	-0.341301	-0.258444	0.219695	-0.601459	-0.633734	0.486445	0.783980	-0.585338	0.206773	0.153696	0.505728	0.848891
55159	4.630511	2.418904	9.143116	-0.320352	-0.298844	0.232333	-0.599183	-0.633553	0.489480	0.784861	-0.585502	0.202929	0.158025	0.505765	0.848074
55160	4.392893	2.295257	9.000252	-0.348787	-0.371960	0.258151	-0.596654	-0.633093	0.493151	0.785784	-0.585666	0.198843	0.162936	0.506151	0.846914
55161	3.730089	2.480081	9.868842	-0.285208	-0.410278	0.255546	-0.593978	-0.632481	0.497149	0.786820	-0.585510	0.195173	0.167643	0.507095	0.845429
55162	3.066871	3.209238	10.067859	-0.317795	-0.725771	0.293121	-0.590427	-0.630568	0.503766	0.788032	-0.585242	0.191043	0.174359	0.509781	0.842450
55163	0.441707	1.367065	11.104869	-0.291276	-1.034765	0.526472	-0.584436	-0.628314	0.513475	0.790591	-0.583436	0.185927	0.182759	0.514611	0.837720
55164	2.950540	2.758894	10.944461	-0.240886	-1.674333	0.677148	-0.575993	-0.623445	0.528723	0.793962	-0.580612	0.180315	0.194567	0.523646	0.829420
55165	3.783199	2.461561	11.192019	-0.100614	-2.074150	0.799024	-0.565475	-0.617047	0.547257	0.798307	-0.576205	0.175196	0.207228	0.535948	0.818423
55166	4.696288	1.900375	9.891085	-0.257476	-2.330704	0.932048	-0.553090	-0.609678	0.567789	0.802874	-0.572028	0.167859	0.222452	0.548704	0.805878
55167	4.060148	3.720348	10.310633	0.134110	-2.552592	1.007947	-0.539135	-0.601164	0.589860	0.808673	-0.565195	0.163105	0.235333	0.564939	0.790862
55168	4.527501	3.772210	10.158659	-0.284222	-3.037451	1.201554	-0.522107	-0.590314	0.615576	0.814186	-0.559911	0.153627	0.253980	0.581403	0.772959
55169	5.797989	3.826441	11.113217	-0.344880	-3.152854	1.377801	-0.502548	-0.579362	0.641705	0.820324	-0.553902	0.142343	0.272974	0.597940	0.753627
55170	6.535544	2.882148	11.024685	-0.438814	-3.171953	1.520268	-0.481131	-0.568334	0.667465	0.826374	-0.548165	0.128926	0.292608	0.613606	0.733395
55171	7.622770	2.556330	9.864829	-0.293010	-3.040508	1.619990	-0.458545	-0.558227	0.691461	0.833092	-0.540876	0.115810	0.309346	0.629155	0.713070
55172	7.321316	2.010460	8.054562	-0.245480	-3.054815	1.742952	-0.434418	-0.547850	0.714941	0.839842	-0.533216	0.101715	0.325494	0.644625	0.691746
55173	10.366053	2.741818	8.458887	-0.198012	-3.410407	1.800520	-0.407865	-0.535057	0.739838	0.846753	-0.524776	0.087284	0.341548	0.662061	0.667099
55174	11.311632	4.484100	8.891250	0.032139	-2.744880	1.883571	-0.382452	-0.526109	0.759565	0.853970	-0.515152	0.073168	0.352797	0.676630	0.646302
55175	7.312796	7.205162	8.905338	0.089088	-2.385811	1.910405	-0.357559	-0.519515	0.776051	0.861346	-0.504572	0.059080	0.360880	0.689573	0.627897
55176	8.173105	5.693030	11.155520	-1.008639	-2.318017	1.983473	-0.331987	-0.513134	0.791504	0.864162	-0.501844	0.037116	0.378166	0.696309	0.610036
55177	5.106519	5.697605	11.772160	-0.465090	-1.078121	1.802824	-0.312260	-0.514566	0.798571	0.868182	-0.495843	0.019979	0.385686	0.699544	0.601569
55178	0.535307	5.444179	10.866662	-0.803700	-0.779130	1.565627	-0.295650	-0.516718	0.803488	0.869567	-0.493808	0.002399	0.395530	0.699397	0.595315
55179	7.946035	3.160842	12.951918	-1.524217	-1.264103	1.058810	-0.281357	-0.513102	0.810903	0.866454	-0.499027	-0.015129	0.412426	0.698354	0.584984
55180	4.501733	1.471477	11.089241	0.835461	0.901224	0.292787	-0.282627	-0.520708	0.805596	0.870457	-0.492082	-0.012682	0.403023	0.697652	0.592329
55181	-0.936547	8.835291	11.029610	1.052010	1.329801	-0.208126	-0.289721	-0.528918	0.797689	0.874023	-0.485863	-0.004712	0.390059	0.695833	0.603051
55182	-1.043122	6.877919	9.150220	0.298774	1.046357	-0.364749	-0.297210	-0.534300	0.791321	0.873891	-0.486123	-0.000008	0.384684	0.691526	0.611401
55183	-1.106999	6.608084	8.985284	0.460770	1.365245	-0.569528	-0.307391	-0.540901	0.782903	0.873912	-0.486029	0.007330	0.376549	0.686441	0.622100
55184	0.230136	4.968882	9.331634	0.108896	1.262495	-0.765922	-0.319076	-0.545760	0.774814	0.871749	-0.489752	0.014025	0.371812	0.679918	0.632034
55185	0.985265	4.288386	9.789322	0.582194	1.699279	-1.026216	-0.334252	-0.552187	0.763783	0.870519	-0.491466	0.025650	0.361210	0.673461	0.644963
55186	0.732179	5.012465	10.006089	0.605236	1.870188	-1.229819	-0.351855	-0.558683	0.751047	0.868320	-0.494471	0.038973	0.349597	0.665862	0.659097
55187	1.076078	4.626514	9.883153	0.642164	2.067041	-1.411497	-0.371193	-0.565317	0.736636	0.865407	-0.498176	0.053766	0.336580	0.657448	0.674149
55188	0.975334	4.571776	9.874763	0.630815	2.187086	-1.584789	-0.392581	-0.571561	0.720554	0.861153	-0.503535	0.069768	0.322948	0.647897	0.689880
55189	1.503988	3.803476	9.957687	0.611717	2.264948	-1.744624	-0.414724	-0.577248	0.703412	0.856028	-0.509646	0.086469	0.308577	0.638001	0.705503
55190	1.720906	3.353953	10.060452	0.682604	2.350330	-1.885829	-0.438189	-0.582547	0.684565	0.849920	-0.516434	0.104560	0.292621	0.627643	0.721413
55191	2.467017	2.835039	10.345593	0.731503	2.378727	-2.000892	-0.461899	-0.586916	0.664966	0.842978	-0.523603	0.123405	0.275749	0.617552	0.736608
55192	3.521676	2.703841	10.797502	0.855948	2.439323	-2.114751	-0.486543	-0.590728	0.643674	0.835014	-0.531123	0.143740	0.256959	0.607412	0.751680
55193	4.743196	2.998528	11.391315	0.884047	2.523410	-2.197298	-0.511043	-0.594135	0.621158	0.826220	-0.538840	0.164355	0.237056	0.597206	0.766257
55194	5.815301	3.046756	11.675843	0.835601	2.645905	-2.243609	-0.535874	-0.597588	0.596429	0.816118	-0.547615	0.184579	0.216311	0.585668	0.781155
55195	6.438509	2.690555	11.709881	0.755175	2.753872	-2.241681	-0.559731	-0.601133	0.570385	0.805372	-0.556700	0.203619	0.195131	0.573345	0.795738
55196	6.765962	1.962615	11.505840	0.696675	2.813619	-2.208114	-0.582982	-0.604626	0.542733	0.793755	-0.566440	0.221583	0.173451	0.559976	0.810149
55197	7.121976	1.624832	11.422363	0.710835	2.828961	-2.141071	-0.604462	-0.608022	0.514718	0.782176	-0.575514	0.238715	0.151083	0.546894	0.823457
55198	7.911299	1.202251	11.648095	0.676551	2.780387	-2.058745	-0.624728	-0.611012	0.486190	0.770163	-0.584795	0.254686	0.128705	0.533554	0.835916
55199	9.153911	1.040620	11.984165	0.727760	2.810711	-1.981877	-0.643184	-0.614119	0.457353	0.758429	-0.593125	0.270163	0.105355	0.520635	0.847254
55200	9.866366	1.392820	12.089301	0.782347	2.958933	-1.903276	-0.660623	-0.617833	0.426449	0.746428	-0.601219	0.285272	0.080139	0.506771	0.858348
55201	9.978266	1.470757	11.758887	0.706572	3.060215	-1.806923	-0.676086	-0.622149	0.394763	0.734805	-0.608920	0.298794	0.054484	0.492084	0.868841
55202	10.035606	1.272692	11.254326	0.608245	3.123863	-1.691027	-0.690056	-0.626757	0.361937	0.723188	-0.616913	0.310511	0.028669	0.476018	0.878968
55203	9.750602	0.894081	10.451441	0.543830	3.141053	-1.559623	-0.701769	-0.631739	0.329280	0.712398	-0.624210	0.320703	0.002939	0.459638	0.888101
55204	9.499731	0.742896	9.524067	0.516759	3.078838	-1.417322	-0.711801	-0.636569	0.296849	0.702020	-0.631224	0.329733	-0.022520	0.443098	0.896190
55205	9.522686	0.447057	8.702932	0.496041	2.932536	-1.281081	-0.719739	-0.641176	0.266213	0.692656	-0.637276	0.337796	-0.046935	0.427519	0.902787
55206	10.275664	0.250092	8.303708	0.563669	2.778147	-1.177347	-0.726477	-0.645135	0.236712	0.683519	-0.642812	0.345825	-0.070943	0.413031	0.907950
55207	10.877834	-0.365066	7.648158	0.692301	2.752188	-1.125634	-0.731853	-0.649024	0.207748	0.674713	-0.647309	0.354617	-0.095678	0.399698	0.911640
55208	10.185835	-0.606158	6.288142	0.930325	2.761388	-1.099846	-0.736450	-0.652571	0.178304	0.665361	-0.651102	0.365185	-0.122215	0.387577	0.913700
55209	9.273446	-0.656809	4.589799	0.970494	2.564924	-1.020806	-0.739763	-0.655684	0.151096	0.656496	-0.654096	0.375727	-0.147527	0.377143	0.914330
55210	8.937370	-1.108024	3.003189	0.923668	2.212909	-0.868575	-0.742116	-0.658067	0.127325	0.648363	-0.656619	0.385327	-0.169967	0.368510	0.913954
55211	9.307034	-1.533676	1.719962	0.855334	1.730335	-0.679306	-0.743425	-0.659895	0.108892	0.641765	-0.657996	0.393929	-0.188301	0.362739	0.912668
55212	10.419527	-1.583584	1.015088	0.810319	1.272899	-0.493357	-0.744253	-0.661088	0.095135	0.636316	-0.658548	0.401766	-0.202952	0.359551	0.910787
55213	12.715343	-1.724016	1.063097	0.683232	0.905839	-0.354005	-0.744637	-0.661974	0.085477	0.632236	-0.658466	0.408288	-0.213993	0.358068	0.908842
55214	12.835093	-1.997963	-0.050083	0.759439	0.912962	-0.274018	-0.744481	-0.663311	0.075937	0.628386	-0.657731	0.415356	-0.225565	0.356942	0.906484
55215	11.640346	-1.686833	-1.066910	0.541525	0.596647	-0.153765	-0.744104	-0.664396	0.069907	0.625979	-0.656848	0.420358	-0.233366	0.356550	0.904661
55216	11.631262	-2.031590	-1.702481	0.177014	0.069820	0.007965	-0.743968	-0.664617	0.069253	0.625542	-0.656263	0.421920	-0.234967	0.357216	0.903984
55217	11.288815	-1.996014	-1.186251	-0.159843	-0.414324	0.191100	-0.743764	-0.664354	0.073820	0.627316	-0.655594	0.420323	-0.230847	0.358930	0.904367
55218	-5.480806	-4.168311	8.820726	-0.243527	-0.318923	0.678046	-0.740256	-0.667602	0.079556	0.632878	-0.651991	0.417581	-0.226908	0.359466	0.905150
55219	-2.931573	5.238202	17.903733	0.356524	-1.085789	0.868184	-0.737197	-0.669244	0.093023	0.638473	-0.644918	0.420040	-0.221117	0.369045	0.902725
55220	-3.933169	6.295571	17.006686	-0.297662	-0.317535	1.499444	-0.728309	-0.677596	0.102125	0.650044	-0.636021	0.415836	-0.216815	0.369243	0.903687
55221	-8.259833	5.113799	9.456316	-0.385426	-0.724257	2.191636	-0.715450	-0.688672	0.117739	0.666667	-0.622506	0.409928	-0.209013	0.371776	0.904487
55222	-4.415049	1.074068	3.239058	-1.375459	-2.803402	2.739722	-0.702446	-0.694865	0.154056	0.688664	-0.608894	0.393687	-0.179756	0.382637	0.906243
55223	5.793643	3.291512	7.541428	-1.009071	-3.315560	2.488329	-0.690559	-0.696849	0.193724	0.707640	-0.595554	0.380211	-0.149577	0.399645	0.904384
55224	2.512952	4.027743	6.967620	-0.168447	-2.345808	1.749629	-0.681494	-0.697524	0.221420	0.719781	-0.584199	0.375002	-0.132219	0.414936	0.900192
55225	-0.136495	9.781586	8.082011	0.188685	-2.942202	0.980060	-0.678051	-0.690654	0.251484	0.726192	-0.576624	0.374367	-0.113546	0.436466	0.892527
55226	5.319694	9.755787	9.584069	-0.496416	-3.556369	0.681097	-0.676741	-0.678590	0.285548	0.731206	-0.574324	0.368088	-0.085784	0.457894	0.884858
55227	7.601038	2.714300	11.105621	-0.480098	-3.274926	0.456538	-0.675810	-0.665864	0.316080	0.734623	-0.573531	0.362478	-0.060079	0.477166	0.876757
55228	9.360652	3.265362	13.839163	-0.129485	-3.058057	0.401501	-0.674448	-0.653210	0.344146	0.737321	-0.571626	0.360001	-0.038433	0.496548	0.867158
55229	14.695149	4.298690	14.986153	-0.747253	-2.714592	0.741642	-0.669706	-0.643749	0.370244	0.742482	-0.570609	0.350893	-0.014622	0.509895	0.860112
55230	15.122040	5.184149	11.986948	-0.462617	-1.825803	0.728863	-0.664461	-0.638456	0.388413	0.747322	-0.568400	0.344139	0.001056	0.518937	0.854812
55231	10.292731	7.435293	9.182601	-0.401653	-1.121852	0.622871	-0.659748	-0.636106	0.400127	0.751399	-0.566556	0.338252	0.011530	0.523816	0.851753
55232	8.696301	3.249085	10.377309	-1.438198	-1.261938	0.716388	-0.654102	-0.633532	0.413266	0.755784	-0.569566	0.323087	0.030696	0.523671	0.851367
55233	6.698089	0.446668	8.878041	-0.613493	-0.635607	0.649222	-0.648983	-0.633861	0.420763	0.759776	-0.568698	0.315156	0.039522	0.524217	0.850667
55234	4.552106	4.598884	8.880947	-0.458466	-0.539159	0.638015	-0.643899	-0.634623	0.427373	0.763694	-0.567074	0.308545	0.046542	0.525054	0.849796
55235	4.427272	4.621032	8.032239	-0.965687	-0.694406	0.746921	-0.637838	-0.635182	0.435553	0.767951	-0.567428	0.297113	0.058424	0.523994	0.849716
55236	4.958730	3.205797	8.582837	-1.035588	-0.605802	0.816127	-0.631166	-0.636615	0.443115	0.772457	-0.567663	0.284726	0.070279	0.521997	0.850047
55237	5.594111	1.774782	8.854633	-1.052427	-0.570377	0.805708	-0.624514	-0.638184	0.450226	0.776692	-0.568040	0.272177	0.082048	0.519666	0.850421
55238	5.823345	1.079112	9.040195	-0.916935	-0.366056	0.751757	-0.618343	-0.640526	0.455387	0.780564	-0.567992	0.260971	0.091498	0.516828	0.851185
55239	5.514891	0.404536	9.549341	-0.851067	-0.314193	0.658007	-0.612918	-0.642609	0.459765	0.783777	-0.568188	0.250711	0.100124	0.514019	0.851915
55240	5.597430	0.163054	9.231281	-0.679534	-0.172018	0.590603	-0.608104	-0.645050	0.462731	0.786674	-0.567883	0.242185	0.106555	0.511292	0.852776
55241	5.103730	1.378974	9.158272	-0.518292	-0.111283	0.530929	-0.603822	-0.647460	0.464968	0.789304	-0.567127	0.235300	0.111349	0.509080	0.853487
55242	5.309319	1.331721	9.197287	-0.647961	-0.176891	0.489756	-0.599751	-0.649306	0.467654	0.791500	-0.567262	0.227467	0.117587	0.506572	0.854142
55243	5.467128	1.112681	9.103936	-0.496694	-0.092079	0.439386	-0.596181	-0.651297	0.469447	0.793510	-0.566947	0.221162	0.122109	0.504364	0.854814
55244	4.822442	1.953941	8.947248	-0.367985	-0.060316	0.404227	-0.592897	-0.653250	0.470890	0.795447	-0.566187	0.216094	0.125449	0.502689	0.855316
55245	5.056314	2.635663	9.014107	-0.473548	-0.161651	0.380217	-0.589685	-0.654556	0.473104	0.797067	-0.566109	0.210247	0.130210	0.501076	0.855552
55246	6.343343	3.035390	9.188960	-0.493322	-0.210787	0.343888	-0.586665	-0.655414	0.475664	0.798423	-0.566349	0.204374	0.135442	0.499680	0.855555
55247	4.725935	2.150922	8.151350	-0.382498	0.077262	0.306584	-0.584343	-0.657501	0.475643	0.799673	-0.566274	0.199640	0.138081	0.497017	0.856684
55248	5.690280	2.411802	9.571107	-0.592695	-0.270450	0.289942	-0.581639	-0.657769	0.478577	0.800518	-0.567326	0.193162	0.144453	0.495460	0.856535
55249	5.290862	1.447055	8.227515	-0.356545	-0.008821	0.255382	-0.579603	-0.659140	0.479162	0.801458	-0.567439	0.188883	0.147395	0.493505	0.857162
55250	4.901390	1.959312	9.207171	-0.419421	-0.088178	0.224380	-0.577668	-0.659947	0.480386	0.802124	-0.568041	0.184194	0.151321	0.491732	0.857497
55251	5.443370	1.280540	8.773516	-0.440136	-0.139916	0.205658	-0.575824	-0.660394	0.481982	0.802612	-0.568875	0.179429	0.155694	0.490164	0.857612
55252	5.121574	1.391707	8.957371	-0.253186	-0.030918	0.165366	-0.574444	-0.661151	0.482591	0.803159	-0.569038	0.176442	0.157958	0.488953	0.857889
55253	5.223453	1.595138	8.826300	-0.273176	-0.072651	0.142536	-0.573204	-0.661573	0.483486	0.803519	-0.569461	0.173409	0.160604	0.487889	0.858004
55254	5.189205	1.393942	8.838387	-0.208780	-0.023842	0.134777	-0.572078	-0.662191	0.483973	0.803946	-0.569604	0.170946	0.162473	0.486883	0.858224
55255	4.995928	1.691886	8.848737	-0.120047	0.029786	0.133111	-0.571077	-0.663059	0.483966	0.804489	-0.569337	0.169271	0.163303	0.486012	0.858559
55256	5.039533	1.955171	8.898373	-0.183206	-0.034446	0.120530	-0.570046	-0.663546	0.484515	0.804868	-0.569444	0.167095	0.165029	0.485222	0.858676
55257	5.395496	1.478719	8.783628	-0.200971	-0.045340	0.121902	-0.569011	-0.663985	0.485129	0.805207	-0.569641	0.164777	0.166939	0.484389	0.858777
55258	5.314432	1.549285	8.685981	-0.111331	0.035045	0.106499	-0.568207	-0.664729	0.485053	0.805618	-0.569489	0.163285	0.167692	0.483548	0.859105
55259	5.084362	1.538526	8.855726	-0.139973	0.033922	0.100667	-0.567474	-0.665432	0.484948	0.805932	-0.569526	0.161594	0.168661	0.482536	0.859484
55260	5.234810	1.353363	8.682251	-0.159758	0.020613	0.085821	-0.566811	-0.665987	0.484961	0.806142	-0.569741	0.159785	0.169887	0.481515	0.859815
55261	5.084937	1.528997	8.809338	-0.081702	0.090895	0.085712	-0.566295	-0.666878	0.484338	0.806466	-0.569594	0.158666	0.170065	0.480454	0.860373
55262	4.995547	1.588091	8.793822	-0.097759	0.067929	0.082078	-0.565742	-0.667639	0.483936	0.806757	-0.569531	0.157408	0.170524	0.479471	0.860830
55263	5.265257	1.359165	8.732230	-0.107139	0.068242	0.078582	-0.565245	-0.668379	0.483494	0.806997	-0.569550	0.156105	0.171037	0.478416	0.861316
55264	5.186198	1.350723	8.775795	-0.046393	0.122772	0.071422	-0.564872	-0.669340	0.482601	0.807314	-0.569309	0.155341	0.170773	0.477358	0.861955
55265	4.968859	1.523741	8.742707	-0.035633	0.147231	0.079920	-0.564498	-0.670463	0.481478	0.807683	-0.568975	0.154647	0.170264	0.476180	0.862707
