// General information: 
//  MT Manager version: 2022.2.0 
//  XDA version: 2022.2.0 build 7381 rev 124627 built on 2023-07-19
// Device information: 
//  DeviceId: 00B4CBA7
//  ProductCode: MTW2-3A7G6
//  Firmware Version: 4.6.0
//  Hardware Version: 2.0.0
// Device settings: 
//  Filter Profile: human(46.1)
//  Option Flags: Orientation Smoother Disabled, Position/Velocity Smoother Disabled, Continuous Zero Rotation Update Disabled, AHS Disabled, ICC Disabled
// Coordinate system: ENU
PacketCounter	Acc_X	Acc_Y	Acc_Z	Gyr_X	Gyr_Y	Gyr_Z	Mat[1][1]	Mat[2][1]	Mat[3][1]	Mat[1][2]	Mat[2][2]	Mat[3][2]	Mat[1][3]	Mat[2][3]	Mat[3][3]
25693	9.470528	0.711942	-2.342384	-0.002495	-0.011771	-0.000276	-0.222231	-0.109725	0.968800	-0.200757	0.977505	0.064659	-0.954102	-0.180125	-0.239260
25694	9.450437	0.703585	-2.354897	0.003047	-0.009974	-0.001264	-0.222099	-0.109910	0.968810	-0.200853	0.977473	0.064847	-0.954112	-0.180186	-0.239171
25695	9.493985	0.744320	-2.357295	-0.006617	-0.006765	0.002433	-0.222150	-0.109910	0.968798	-0.200791	0.977485	0.064853	-0.954113	-0.180119	-0.239218
25696	9.501693	0.721225	-2.354527	-0.015340	-0.005786	0.007266	-0.222088	-0.109885	0.968815	-0.200621	0.977518	0.064883	-0.954163	-0.179955	-0.239141
25697	9.457693	0.649768	-2.383079	-0.020490	-0.010989	0.010376	-0.222196	-0.109815	0.968798	-0.200409	0.977564	0.064845	-0.954183	-0.179748	-0.239218
25698	9.485194	0.634856	-2.369048	-0.000709	-0.005754	0.004085	-0.222390	-0.110077	0.968724	-0.200466	0.977538	0.065057	-0.954126	-0.179728	-0.239462
25699	9.453303	0.624859	-2.360028	0.009687	-0.010535	0.005667	-0.222485	-0.110054	0.968704	-0.200554	0.977524	0.064994	-0.954085	-0.179818	-0.239557
25700	9.465170	0.655559	-2.352615	0.006321	-0.005015	0.003246	-0.222431	-0.110410	0.968677	-0.200888	0.977437	0.065279	-0.954028	-0.180075	-0.239592
25701	9.433314	0.645817	-2.343389	0.003939	-0.006967	0.000915	-0.222482	-0.110431	0.968662	-0.200934	0.977427	0.065280	-0.954006	-0.180114	-0.239649
25702	9.504547	0.671670	-2.331095	0.014313	-0.009128	0.003020	-0.222632	-0.110364	0.968636	-0.200896	0.977441	0.065194	-0.953979	-0.180080	-0.239781
25703	9.457072	0.738522	-2.299319	-0.016165	-0.011950	-0.006364	-0.222717	-0.110465	0.968605	-0.200765	0.977460	0.065311	-0.953987	-0.179916	-0.239874
25704	9.468457	0.709842	-2.351375	-0.028178	-0.018018	0.004379	-0.222908	-0.110518	0.968555	-0.200437	0.977521	0.065411	-0.954011	-0.179553	-0.240049
25705	9.479982	0.711300	-2.373975	-0.021906	-0.013088	-0.001219	-0.223014	-0.110570	0.968524	-0.200240	0.977555	0.065493	-0.954027	-0.179332	-0.240149
25706	9.455767	0.679389	-2.361985	-0.020619	-0.013487	0.003081	-0.223069	-0.110780	0.968487	-0.200156	0.977558	0.065717	-0.954032	-0.179189	-0.240236
25707	9.483104	0.664844	-2.348595	-0.008757	-0.016707	0.005331	-0.223223	-0.110776	0.968453	-0.200071	0.977576	0.065705	-0.954014	-0.179093	-0.240380
25708	9.470897	0.663484	-2.328743	-0.005255	-0.015028	0.005171	-0.223299	-0.110920	0.968419	-0.200101	0.977561	0.065828	-0.953990	-0.179082	-0.240483
25709	9.494134	0.634857	-2.402321	0.007334	-0.015111	0.002808	-0.223431	-0.110939	0.968386	-0.200176	0.977548	0.065803	-0.953943	-0.179145	-0.240622
25710	9.474087	0.656113	-2.385879	0.023817	-0.016923	0.002403	-0.223562	-0.111007	0.968348	-0.200436	0.977496	0.065781	-0.953858	-0.179386	-0.240781
25711	9.473866	0.685352	-2.358265	0.030121	-0.019321	0.006172	-0.223742	-0.111000	0.968307	-0.200721	0.977445	0.065668	-0.953756	-0.179667	-0.240975
25712	9.445779	0.698661	-2.374966	0.027719	-0.018654	0.004369	-0.223964	-0.110918	0.968265	-0.200812	0.977436	0.065520	-0.953685	-0.179765	-0.241184
25713	9.473145	0.683256	-2.361766	0.022837	-0.009454	0.002320	-0.224042	-0.110930	0.968246	-0.201035	0.977394	0.065461	-0.953619	-0.179985	-0.241279
25714	9.477084	0.736699	-2.358290	0.012726	-0.017900	0.004932	-0.224174	-0.111199	0.968184	-0.201393	0.977310	0.065617	-0.953513	-0.180276	-0.241483
25715	9.468449	0.657881	-2.340260	0.009749	-0.015784	0.004632	-0.224318	-0.111202	0.968151	-0.201488	0.977294	0.065568	-0.953459	-0.180363	-0.241630
25716	9.440676	0.701976	-2.326910	0.007689	-0.013279	0.005987	-0.224369	-0.111341	0.968123	-0.201678	0.977249	0.065651	-0.953407	-0.180519	-0.241720
25717	9.479840	0.687876	-2.335180	-0.000756	-0.020823	0.005126	-0.224561	-0.111349	0.968077	-0.201672	0.977252	0.065623	-0.953363	-0.180498	-0.241909
25718	9.471369	0.679955	-2.369829	0.002748	-0.019144	0.004963	-0.224685	-0.111466	0.968035	-0.201766	0.977228	0.065694	-0.953314	-0.180556	-0.242058
25719	9.450823	0.640697	-2.412608	0.008312	-0.019972	0.003446	-0.224865	-0.111489	0.967991	-0.201850	0.977213	0.065662	-0.953254	-0.180624	-0.242245
25720	9.478056	0.625524	-2.399897	0.017751	-0.019907	0.004407	-0.225116	-0.111703	0.967908	-0.202146	0.977145	0.065754	-0.953131	-0.180857	-0.242551
25721	9.481588	0.648569	-2.426621	0.028881	-0.021564	0.001372	-0.225308	-0.111751	0.967857	-0.202433	0.977090	0.065693	-0.953025	-0.181125	-0.242768
25722	9.457453	0.645413	-2.386213	0.052759	-0.020818	0.003283	-0.225536	-0.111969	0.967779	-0.203104	0.976951	0.065698	-0.952829	-0.181742	-0.243079
25723	9.449219	0.666680	-2.391623	0.056249	-0.016524	0.003646	-0.225685	-0.111987	0.967742	-0.203646	0.976848	0.065549	-0.952677	-0.182284	-0.243266
25724	9.480777	0.704935	-2.374205	0.048878	-0.019101	0.001347	-0.225771	-0.112112	0.967708	-0.204167	0.976741	0.065526	-0.952546	-0.182780	-0.243409
25725	9.452367	0.687628	-2.420434	0.049808	-0.018716	0.003014	-0.225939	-0.112141	0.967665	-0.204649	0.976648	0.065399	-0.952402	-0.183256	-0.243612
25726	9.491715	0.703057	-2.399832	0.042783	-0.019452	0.003872	-0.225996	-0.112461	0.967615	-0.205337	0.976495	0.065534	-0.952241	-0.183877	-0.243776
25727	9.463376	0.685540	-2.445719	0.036055	-0.013099	0.008911	-0.226121	-0.112424	0.967590	-0.205677	0.976433	0.065386	-0.952138	-0.184226	-0.243915
25728	9.467152	0.667587	-2.390110	0.039640	-0.019295	0.007213	-0.226216	-0.112353	0.967576	-0.206055	0.976366	0.065199	-0.952033	-0.184625	-0.244021
25729	9.470765	0.689905	-2.416692	0.041831	-0.014609	0.003264	-0.226344	-0.112373	0.967544	-0.206461	0.976287	0.065090	-0.951915	-0.185028	-0.244178
25730	9.458615	0.687559	-2.397162	0.038161	-0.018242	0.007074	-0.226564	-0.112624	0.967463	-0.207011	0.976166	0.065159	-0.951743	-0.185513	-0.244478
25731	9.430272	0.669987	-2.442881	0.031625	-0.012552	0.007958	-0.226682	-0.112596	0.967439	-0.207311	0.976111	0.065030	-0.951650	-0.185820	-0.244609
25732	9.477652	0.662627	-2.418165	0.027721	-0.010825	0.005994	-0.226707	-0.112596	0.967433	-0.207570	0.976061	0.064958	-0.951587	-0.186084	-0.244652
25733	9.473578	0.637743	-2.394114	0.024287	-0.000053	0.004568	-0.226699	-0.112578	0.967437	-0.207808	0.976016	0.064880	-0.951537	-0.186332	-0.244656
25734	9.426316	0.673134	-2.390973	0.031330	0.000670	0.003726	-0.226671	-0.112575	0.967444	-0.208143	0.975950	0.064797	-0.951471	-0.186679	-0.244651
25735	9.461978	0.705249	-2.426071	0.023394	-0.003071	0.002408	-0.226687	-0.112583	0.967439	-0.208376	0.975904	0.064742	-0.951416	-0.186915	-0.244684
25736	9.446210	0.679824	-2.380219	0.015759	0.000281	0.005262	-0.226553	-0.112649	0.967463	-0.208644	0.975845	0.064766	-0.951389	-0.187182	-0.244584
25737	9.470015	0.711456	-2.394163	-0.004175	-0.010044	0.003778	-0.226637	-0.112657	0.967442	-0.208612	0.975852	0.064766	-0.951376	-0.187142	-0.244665
25738	9.473163	0.674160	-2.478164	-0.012565	-0.005132	0.001337	-0.226597	-0.112843	0.967430	-0.208546	0.975852	0.064979	-0.951400	-0.187030	-0.244658
25739	9.449547	0.672288	-2.435704	0.000754	-0.001558	0.005294	-0.226603	-0.112822	0.967431	-0.208559	0.975851	0.064953	-0.951396	-0.187048	-0.244660
25740	9.449522	0.671834	-2.435927	0.001325	-0.003011	0.003794	-0.226538	-0.113057	0.967419	-0.208648	0.975816	0.065180	-0.951392	-0.187085	-0.244648
25741	9.504919	0.642524	-2.406755	0.000754	-0.001558	0.005294	-0.226542	-0.113038	0.967420	-0.208663	0.975815	0.065156	-0.951388	-0.187104	-0.244650
25742	9.453705	0.654674	-2.378675	0.004239	0.002740	0.005634	-0.226394	-0.113186	0.967437	-0.208823	0.975771	0.065294	-0.951388	-0.187241	-0.244545
25743	9.445986	0.676892	-2.381944	0.009265	0.000728	0.005115	-0.226375	-0.113166	0.967444	-0.208920	0.975753	0.065253	-0.951371	-0.187346	-0.244529
25744	9.446005	0.676599	-2.381953	-0.005002	-0.000612	0.000011	-0.226150	-0.113424	0.967466	-0.209077	0.975702	0.065516	-0.951390	-0.187459	-0.244369
25745	9.457725	0.677404	-2.403560	-0.007186	-0.005297	0.003974	-0.226184	-0.113428	0.967458	-0.209021	0.975713	0.065528	-0.951394	-0.187397	-0.244400
25746	9.457321	0.646868	-2.433092	-0.005002	-0.000612	0.000011	-0.226097	-0.113513	0.967468	-0.209019	0.975707	0.065632	-0.951415	-0.187380	-0.244331
25747	9.477204	0.655202	-2.421943	0.003364	-0.002902	0.002961	-0.226106	-0.113522	0.967465	-0.209065	0.975697	0.065628	-0.951403	-0.187424	-0.244344
25748	9.457216	0.646303	-2.433649	0.015431	-0.004192	0.001597	-0.226016	-0.113537	0.967484	-0.209264	0.975656	0.065609	-0.951381	-0.187631	-0.244273
25749	9.465276	0.653186	-2.401492	0.018772	-0.004470	0.005068	-0.226043	-0.113528	0.967479	-0.209451	0.975620	0.065547	-0.951333	-0.187823	-0.244311
25750	9.496972	0.661528	-2.411800	0.017232	0.001840	0.005928	-0.225932	-0.113643	0.967492	-0.209781	0.975545	0.065600	-0.951287	-0.188140	-0.244247
25751	9.437993	0.696591	-2.387048	0.008512	0.002284	-0.000179	-0.225883	-0.113674	0.967499	-0.209883	0.975522	0.065615	-0.951276	-0.188240	-0.244212
25752	9.441742	0.689725	-2.440659	-0.000995	0.007481	-0.000133	-0.225602	-0.113699	0.967562	-0.209944	0.975505	0.065681	-0.951329	-0.188316	-0.243947
25753	9.473912	0.729755	-2.420887	-0.018019	0.002913	0.000224	-0.225547	-0.113724	0.967572	-0.209792	0.975532	0.065756	-0.951376	-0.188158	-0.243886
25754	9.434212	0.713272	-2.442860	-0.023067	0.007550	0.001252	-0.225607	-0.113746	0.967555	-0.209468	0.975596	0.065849	-0.951433	-0.187816	-0.243927
25755	9.501230	0.654936	-2.463375	-0.016739	0.005149	0.005039	-0.225541	-0.113720	0.967574	-0.209318	0.975626	0.065874	-0.951482	-0.187673	-0.243847
25756	9.446506	0.674163	-2.380653	-0.005811	0.006764	0.006675	-0.225618	-0.113692	0.967559	-0.209188	0.975655	0.065864	-0.951492	-0.187542	-0.243908
25757	9.458129	0.643914	-2.430735	0.002177	0.005252	0.006978	-0.225556	-0.113647	0.967579	-0.209214	0.975652	0.065825	-0.951501	-0.187584	-0.243841
25758	9.454240	0.619354	-2.405774	0.011682	0.000055	0.006931	-0.225545	-0.113616	0.967585	-0.209258	0.975645	0.065784	-0.951494	-0.187637	-0.243827
25759	9.411182	0.638700	-2.345046	0.033355	0.003387	0.003411	-0.225494	-0.113609	0.967598	-0.209588	0.975580	0.065703	-0.951433	-0.187981	-0.243798
25760	9.439226	0.653702	-2.301375	0.032881	-0.005659	0.002881	-0.225585	-0.113658	0.967571	-0.209947	0.975507	0.065642	-0.951333	-0.188331	-0.243922
25761	9.431336	0.675530	-2.305530	0.028805	-0.005879	0.004551	-0.225625	-0.113657	0.967562	-0.210231	0.975451	0.065561	-0.951260	-0.188619	-0.243980
25762	9.462867	0.683871	-2.316552	0.026437	-0.010460	0.001724	-0.225788	-0.113769	0.967510	-0.210480	0.975396	0.065576	-0.951167	-0.188835	-0.244179
25763	9.490570	0.739030	-2.355896	0.014367	-0.009164	0.003084	-0.225857	-0.113789	0.967492	-0.210630	0.975366	0.065545	-0.951117	-0.188980	-0.244261
25764	9.466803	0.776685	-2.395803	-0.012810	0.000803	0.006496	-0.225865	-0.113563	0.967517	-0.210323	0.975442	0.065394	-0.951183	-0.188721	-0.244203
25765	9.459956	0.861092	-2.339729	-0.072273	0.012353	0.005026	-0.225733	-0.113522	0.967552	-0.209644	0.975578	0.065553	-0.951364	-0.188043	-0.244020
25766	9.492528	0.864381	-2.235482	-0.225832	0.019954	-0.003901	-0.225622	-0.113514	0.967579	-0.207392	0.976019	0.066144	-0.951884	-0.185745	-0.243753
25767	9.462031	0.651785	-2.592241	-0.318113	0.025206	-0.002111	-0.225353	-0.113519	0.967641	-0.204387	0.976597	0.066971	-0.952597	-0.182681	-0.243281
25768	9.543337	0.712343	-2.400874	-0.217842	0.042491	0.005658	-0.224903	-0.113394	0.967761	-0.202212	0.977014	0.067486	-0.953168	-0.180515	-0.242663
25769	9.486995	0.874548	-2.250434	-0.369821	0.066298	0.019922	-0.224286	-0.113112	0.967937	-0.198659	0.977691	0.068220	-0.954060	-0.176989	-0.241753
25770	9.401668	0.522304	-2.559665	-0.367037	0.052908	0.023797	-0.223887	-0.112972	0.968045	-0.195126	0.978345	0.069045	-0.954882	-0.173432	-0.241083
25771	9.435376	0.597331	-2.503842	-0.226191	0.044352	0.019720	-0.223479	-0.112735	0.968167	-0.192941	0.978751	0.069431	-0.955422	-0.171283	-0.240481
25772	9.485233	0.755422	-2.435488	-0.198772	0.023777	0.020896	-0.223178	-0.112714	0.968239	-0.191210	0.979057	0.069899	-0.955840	-0.169537	-0.240056
25773	9.525855	0.815716	-2.490353	-0.173929	0.019618	0.023414	-0.223011	-0.112485	0.968304	-0.189515	0.979371	0.070123	-0.956216	-0.167870	-0.239728
25774	9.463896	0.888785	-2.377964	-0.184093	0.013873	0.019898	-0.222810	-0.112447	0.968355	-0.187854	0.979661	0.070536	-0.956591	-0.166193	-0.239401
25775	9.442879	0.733890	-2.536875	-0.181177	0.007086	0.023372	-0.222761	-0.112240	0.968390	-0.186089	0.979980	0.070777	-0.956947	-0.164440	-0.239188
25776	9.462678	0.672166	-2.472094	-0.123911	0.012656	0.020640	-0.222749	-0.112034	0.968417	-0.184729	0.980228	0.070911	-0.957214	-0.163100	-0.239041
25777	9.490108	0.598237	-2.515992	-0.072375	0.011833	0.021926	-0.222653	-0.111835	0.968462	-0.184009	0.980364	0.070905	-0.957375	-0.162418	-0.238859
25778	9.497720	0.502404	-2.460718	-0.003972	0.013043	0.022190	-0.222445	-0.111607	0.968536	-0.183934	0.980391	0.070728	-0.957437	-0.162413	-0.238612
25779	9.476609	0.675996	-2.235408	0.022190	0.035634	0.015526	-0.222108	-0.111430	0.968634	-0.184132	0.980366	0.070558	-0.957478	-0.162685	-0.238265
25780	9.402691	0.750251	-2.464888	0.001965	0.036544	0.013613	-0.221915	-0.111411	0.968680	-0.184230	0.980348	0.070548	-0.957504	-0.162804	-0.238080
25781	9.449222	0.937622	-2.311997	0.041117	0.040381	0.014272	-0.221532	-0.111240	0.968788	-0.184613	0.980291	0.070345	-0.957519	-0.163267	-0.237702
25782	9.459153	1.043679	-2.297054	-0.014906	0.027107	0.023903	-0.221397	-0.110894	0.968858	-0.184255	0.980375	0.070108	-0.957619	-0.162995	-0.237485
25783	9.546912	1.009364	-2.163539	-0.076330	0.027094	0.033680	-0.221177	-0.110554	0.968947	-0.183470	0.980530	0.069995	-0.957820	-0.162292	-0.237154
25784	9.475362	0.893765	-2.263908	-0.179394	0.021903	0.044695	-0.220956	-0.110096	0.969050	-0.181580	0.980879	0.070037	-0.958231	-0.160485	-0.236723
25785	9.426365	0.667373	-2.275038	-0.140744	0.027110	0.046980	-0.220758	-0.109625	0.969148	-0.180148	0.981149	0.069948	-0.958547	-0.159148	-0.236345
25786	9.467324	0.711728	-2.218268	-0.123203	0.022433	0.043438	-0.220580	-0.109388	0.969215	-0.179036	0.981348	0.070011	-0.958796	-0.158082	-0.236051
25787	9.452676	0.727247	-2.250079	-0.173675	0.036639	0.046774	-0.220289	-0.108906	0.969336	-0.177289	0.981666	0.070001	-0.959188	-0.156432	-0.235558
25788	9.476920	0.671886	-2.348585	-0.249436	0.028401	0.040733	-0.220083	-0.108655	0.969411	-0.174914	0.982066	0.070363	-0.959671	-0.154078	-0.235141
25789	9.476977	0.602419	-2.293336	-0.312816	0.036319	0.039927	-0.219780	-0.108243	0.969526	-0.171845	0.982580	0.070745	-0.960295	-0.151060	-0.234553
25790	9.438582	0.634825	-2.139538	-0.287610	0.038712	0.035845	-0.219433	-0.107896	0.969643	-0.169026	0.983041	0.071136	-0.960874	-0.148285	-0.233949
25791	9.401562	1.064818	-2.149825	-0.472970	0.022557	0.032666	-0.219248	-0.107577	0.969720	-0.164429	0.983761	0.071959	-0.961714	-0.143673	-0.233376
25792	9.499295	0.849796	-2.612707	-0.503434	0.014685	0.036884	-0.219295	-0.107091	0.969763	-0.159359	0.984541	0.072686	-0.962556	-0.138601	-0.232971
25793	9.500257	0.871512	-2.464389	-0.435322	0.040194	0.051130	-0.218967	-0.106567	0.969895	-0.155076	0.985184	0.073236	-0.963330	-0.134371	-0.232249
25794	9.580169	0.821693	-2.502123	-0.480736	0.033532	0.060319	-0.218635	-0.105904	0.970043	-0.150216	0.985897	0.073778	-0.964175	-0.129585	-0.231460
25795	9.487143	0.578676	-2.628500	-0.458954	0.045041	0.063332	-0.218272	-0.105256	0.970195	-0.145670	0.986542	0.074257	-0.964955	-0.125121	-0.230667
25796	9.459800	0.538122	-2.445011	-0.402412	0.059584	0.053025	-0.217873	-0.104562	0.970360	-0.141435	0.987132	0.074613	-0.965675	-0.120987	-0.229858
25797	9.423652	0.549739	-2.824399	-0.272679	0.066084	0.047730	-0.217280	-0.104045	0.970548	-0.138717	0.987503	0.074807	-0.966202	-0.118377	-0.228998
25798	9.465327	0.840881	-2.565752	-0.146003	0.077106	0.049346	-0.216506	-0.103624	0.970766	-0.137339	0.987696	0.074801	-0.966573	-0.117129	-0.228074
25799	9.508578	0.900323	-2.612434	-0.159511	0.067260	0.056370	-0.215911	-0.103022	0.970963	-0.135694	0.987935	0.074649	-0.966938	-0.115636	-0.227286
25800	9.622142	0.908729	-2.596018	-0.097693	0.082979	0.064751	-0.215445	-0.102170	0.971156	-0.134300	0.988161	0.074166	-0.967237	-0.114448	-0.226616
25801	9.563460	0.875258	-2.371273	-0.073385	0.084123	0.067911	-0.214702	-0.101436	0.971398	-0.133463	0.988309	0.073703	-0.967518	-0.113821	-0.225730
25802	9.594748	0.966282	-2.222196	-0.045125	0.093493	0.082196	-0.213987	-0.100523	0.971650	-0.132808	0.988449	0.073013	-0.967766	-0.113419	-0.224866
25803	9.511588	1.037757	-2.169175	-0.055250	0.082781	0.088343	-0.213284	-0.099589	0.971901	-0.132103	0.988595	0.072309	-0.968018	-0.112969	-0.224007
25804	9.474454	0.930800	-1.940161	-0.030815	0.078332	0.097078	-0.212672	-0.098558	0.972140	-0.131521	0.988734	0.071468	-0.968232	-0.112658	-0.223238
25805	9.502420	0.887652	-1.809210	0.011110	0.058157	0.101922	-0.212223	-0.097516	0.972344	-0.131430	0.988817	0.070483	-0.968343	-0.112837	-0.222666
25806	9.517347	0.813086	-1.690931	0.052322	0.039730	0.101539	-0.212163	-0.096673	0.972441	-0.131868	0.988826	0.069531	-0.968296	-0.113482	-0.222540
25807	9.457500	0.762671	-1.614929	0.085559	0.020646	0.104687	-0.212083	-0.095647	0.972560	-0.132493	0.988824	0.068354	-0.968228	-0.114361	-0.222386
25808	9.459211	0.684503	-1.480024	0.132345	-0.006755	0.107653	-0.212323	-0.094532	0.972616	-0.133360	0.988801	0.066992	-0.968057	-0.115484	-0.222552
25809	9.435695	0.573097	-1.336884	0.186652	-0.027038	0.110056	-0.212715	-0.093507	0.972630	-0.134951	0.988683	0.065537	-0.967750	-0.117317	-0.222926
25810	9.398070	0.564397	-1.137019	0.268373	-0.056762	0.109883	-0.213513	-0.092544	0.972547	-0.137307	0.988464	0.063914	-0.967243	-0.119891	-0.223757
25811	9.386647	0.605516	-1.062310	0.313355	-0.100161	0.110481	-0.214618	-0.091605	0.972393	-0.140119	0.988181	0.062167	-0.966595	-0.122909	-0.224917
25812	9.406473	0.627582	-1.032506	0.341026	-0.146527	0.106539	-0.216356	-0.090784	0.972084	-0.143164	0.987855	0.060393	-0.965761	-0.126101	-0.226725
25813	9.402432	0.674709	-0.934184	0.364262	-0.194491	0.105546	-0.218371	-0.090021	0.971705	-0.146469	0.987480	0.058567	-0.964811	-0.129535	-0.228822
25814	9.375450	0.600173	-0.977063	0.381612	-0.245583	0.106831	-0.220838	-0.089195	0.971223	-0.149654	0.987116	0.056626	-0.963760	-0.132842	-0.231341
25815	9.402833	0.522084	-0.965823	0.447718	-0.310241	0.104551	-0.223969	-0.088612	0.970560	-0.153751	0.986600	0.054596	-0.962392	-0.136997	-0.234592
25816	9.409717	0.435885	-0.719836	0.474798	-0.377350	0.104023	-0.227566	-0.088261	0.969754	-0.158201	0.986004	0.052616	-0.960826	-0.141442	-0.238344
25817	9.437033	0.209023	-0.422975	0.514918	-0.450100	0.118275	-0.232060	-0.087773	0.968733	-0.162890	0.985363	0.050260	-0.958966	-0.146134	-0.242960
25818	9.449679	0.128923	0.064205	0.597512	-0.515200	0.109241	-0.237087	-0.087664	0.967525	-0.168535	0.984531	0.047906	-0.956758	-0.151704	-0.248194
25819	9.370149	0.226317	0.501581	0.655321	-0.597406	0.103997	-0.242956	-0.087596	0.966074	-0.174567	0.983604	0.045284	-0.954201	-0.157642	-0.254264
25820	9.455878	0.415800	0.796531	0.664490	-0.711148	0.083260	-0.249808	-0.088031	0.964286	-0.180783	0.982588	0.042868	-0.951269	-0.163618	-0.261372
25821	9.581180	0.648410	1.096302	0.505598	-0.831877	0.072204	-0.257824	-0.088732	0.962109	-0.185422	0.981809	0.040860	-0.948233	-0.167861	-0.269587
25822	9.667235	0.657231	0.909698	0.248629	-0.969395	0.067887	-0.266872	-0.089557	0.959562	-0.187305	0.981507	0.039512	-0.945355	-0.169186	-0.278711
25823	9.818008	0.414899	0.815877	0.169170	-1.106023	0.051519	-0.277389	-0.090958	0.956442	-0.188782	0.981261	0.038567	-0.942028	-0.169861	-0.289362
25824	10.059787	0.580372	1.089328	-0.014351	-1.249901	0.023783	-0.288829	-0.092806	0.952872	-0.188497	0.981321	0.038441	-0.938641	-0.168511	-0.300928
25825	10.621495	0.173677	0.417459	-0.180702	-1.399473	0.000519	-0.301922	-0.095168	0.948571	-0.186823	0.981618	0.039020	-0.934848	-0.165434	-0.314152
25826	11.350481	-0.297000	-0.014550	-0.072944	-1.475996	-0.040112	-0.315448	-0.098102	0.943858	-0.186378	0.981674	0.039743	-0.930460	-0.163377	-0.327951
25827	12.924535	-0.624055	0.779795	0.035429	-1.491224	-0.085186	-0.329112	-0.101398	0.938831	-0.187003	0.981526	0.040454	-0.925589	-0.162250	-0.341993
25828	14.065786	-1.411147	0.046551	-0.009345	-1.538793	-0.114891	-0.342640	-0.105029	0.933577	-0.187369	0.981407	0.041642	-0.920592	-0.160655	-0.355949
25829	13.379549	-1.302004	-0.250889	0.481959	-1.506552	-0.295301	-0.355885	-0.110401	0.927986	-0.192845	0.980301	0.042669	-0.914416	-0.163772	-0.370165
25830	12.390926	-0.144928	-0.296331	0.599054	-1.575375	-0.424719	-0.369063	-0.117215	0.921983	-0.200006	0.978789	0.044376	-0.907629	-0.168024	-0.384679
25831	12.235819	-0.224343	-1.666225	0.483702	-1.603635	-0.511457	-0.382507	-0.124966	0.915463	-0.206325	0.977344	0.047205	-0.900621	-0.170827	-0.399624
25832	11.914347	-0.076729	-2.833926	0.776536	-1.536969	-0.605961	-0.394522	-0.133460	0.909143	-0.215648	0.975212	0.049578	-0.893224	-0.176496	-0.413523
25833	11.453506	0.010032	-3.272470	0.872771	-1.397194	-0.663848	-0.405466	-0.142469	0.902939	-0.226092	0.972720	0.051953	-0.885709	-0.183082	-0.426616
25834	10.994176	-0.198170	-4.398988	1.235945	-1.252440	-0.721541	-0.414342	-0.151938	0.897349	-0.240129	0.969280	0.053240	-0.877872	-0.193420	-0.438098
25835	10.963445	0.387834	-4.447322	1.494845	-1.126315	-0.744235	-0.422317	-0.161419	0.891960	-0.256329	0.965119	0.053294	-0.869450	-0.206128	-0.448962
25836	11.347015	0.468340	-3.474554	1.337637	-0.893067	-0.707342	-0.427736	-0.170314	0.887714	-0.271176	0.961030	0.053717	-0.862268	-0.217750	-0.457252
25837	11.378027	0.282026	-2.831669	1.139140	-0.596201	-0.647989	-0.431043	-0.177890	0.884623	-0.283776	0.957355	0.054243	-0.856547	-0.227654	-0.463142
25838	10.650425	0.554067	-2.634549	0.971377	-0.298164	-0.606402	-0.431243	-0.184617	0.883146	-0.295002	0.953892	0.055355	-0.852645	-0.236659	-0.465821
25839	9.910876	0.868209	-2.412747	0.637135	-0.023865	-0.554806	-0.429767	-0.189992	0.882725	-0.302846	0.951315	0.057311	-0.850638	-0.242699	-0.466382
25840	9.496520	0.832698	-2.159998	0.250185	0.266105	-0.498876	-0.425392	-0.194434	0.883876	-0.307326	0.949648	0.060993	-0.851230	-0.245692	-0.463728
25841	9.441057	0.651828	-2.026742	-0.109851	0.555573	-0.430996	-0.419308	-0.197197	0.886168	-0.308240	0.949062	0.065343	-0.853914	-0.245754	-0.458733
25842	9.386730	0.314791	-1.986375	-0.494581	0.860798	-0.353018	-0.410183	-0.198927	0.890044	-0.305703	0.949452	0.071320	-0.859241	-0.242835	-0.450261
25843	9.317588	-0.222017	-2.099008	-0.809661	1.173805	-0.279838	-0.399185	-0.198806	0.895057	-0.299882	0.950827	0.077450	-0.866442	-0.237494	-0.439174
25844	9.059775	-0.752350	-2.462245	-0.877423	1.464604	-0.216678	-0.385052	-0.197655	0.901480	-0.293231	0.952382	0.083567	-0.875071	-0.232165	-0.424676
25845	8.980104	-1.082999	-2.640598	-0.729326	1.702323	-0.151056	-0.369621	-0.195215	0.908445	-0.287421	0.953753	0.088007	-0.883612	-0.228576	-0.408636
25846	9.014758	-1.207973	-2.563918	-0.519942	1.944302	-0.091811	-0.351203	-0.191835	0.916436	-0.283281	0.954683	0.091280	-0.892417	-0.227551	-0.389631
25847	9.137764	-1.280926	-2.617011	-0.303164	2.153140	-0.017152	-0.331826	-0.187130	0.924594	-0.280654	0.955329	0.092627	-0.900625	-0.228755	-0.369521
25848	9.334206	-1.183892	-2.514558	-0.053359	2.361714	0.041397	-0.309603	-0.181678	0.933348	-0.280129	0.955442	0.093056	-0.908666	-0.232647	-0.346700
25849	9.361335	-0.936578	-2.431799	0.101650	2.547189	0.107906	-0.286638	-0.174696	0.941977	-0.280767	0.955381	0.091747	-0.915974	-0.238178	-0.322897
25850	9.334438	-0.717560	-2.440072	0.248215	2.703637	0.188427	-0.261195	-0.166664	0.950789	-0.282677	0.955007	0.089748	-0.922968	-0.245324	-0.296555
25851	9.320804	-0.346032	-2.302393	0.315462	2.836745	0.251057	-0.235605	-0.157247	0.959043	-0.285006	0.954614	0.086505	-0.929119	-0.252952	-0.269729
25852	9.412635	-0.052687	-1.936355	0.195257	2.963690	0.316509	-0.207854	-0.146700	0.967097	-0.286245	0.954531	0.083273	-0.935340	-0.259518	-0.240395
25853	9.483721	-0.235036	-2.314327	0.130513	3.052869	0.374644	-0.180251	-0.135164	0.974290	-0.286771	0.954704	0.079392	-0.940889	-0.265087	-0.210848
25854	9.820420	-0.072071	-2.231952	0.253649	3.107581	0.435610	-0.151498	-0.122475	0.980841	-0.288504	0.954566	0.074632	-0.945417	-0.271670	-0.179949
25855	9.599108	0.168359	-1.855965	0.220286	3.168798	0.474135	-0.122814	-0.109297	0.986393	-0.289967	0.954498	0.069659	-0.949124	-0.277466	-0.148919
25856	9.653728	0.100168	-1.819876	0.140343	3.151501	0.480910	-0.093685	-0.095617	0.991000	-0.290841	0.954587	0.064609	-0.952173	-0.282171	-0.117241
25857	10.079370	0.005031	-1.812444	0.143337	3.179354	0.513660	-0.064837	-0.081724	0.994544	-0.291824	0.954625	0.059419	-0.954272	-0.286379	-0.085744
25858	9.587469	0.189828	-1.464169	0.022907	3.291511	0.501656	-0.034337	-0.067177	0.997150	-0.291860	0.954919	0.054281	-0.955844	-0.289165	-0.052396
25859	8.693989	0.040353	-1.822110	0.043798	3.158899	0.470342	-0.005470	-0.053561	0.998550	-0.292206	0.955067	0.049628	-0.956340	-0.291510	-0.020875
25860	8.773197	0.325154	-1.548190	0.204945	3.003987	0.436000	0.022463	-0.040307	0.998935	-0.294271	0.954656	0.045138	-0.955458	-0.294971	0.009584
25861	9.160733	0.382502	-1.099680	0.073971	2.878128	0.448932	0.048660	-0.027555	0.998435	-0.295154	0.954581	0.040729	-0.954210	-0.296674	0.038317
25862	9.116207	-0.075171	-1.164096	0.005902	2.787839	0.478722	0.074283	-0.014433	0.997133	-0.295574	0.954647	0.035837	-0.952427	-0.297389	0.066649
25863	8.834265	-0.317773	-1.051917	0.067677	2.702654	0.495193	0.098562	-0.001704	0.995129	-0.296661	0.954479	0.031017	-0.949883	-0.298273	0.093570
25864	8.470915	-0.409102	-1.401027	0.108003	2.597510	0.497590	0.122132	0.011069	0.992452	-0.298305	0.954115	0.026068	-0.946624	-0.299237	0.119830
25865	8.326578	-0.228098	-1.570578	0.303290	2.459578	0.478171	0.143967	0.022972	0.989316	-0.301818	0.953116	0.021789	-0.942433	-0.301731	0.144151
25866	8.512607	0.329419	-1.091385	0.510806	2.298092	0.479507	0.164475	0.034775	0.985768	-0.307430	0.951405	0.017732	-0.937249	-0.305971	0.167173
25867	8.600439	0.775295	-0.600199	0.453648	2.116723	0.495373	0.182762	0.045950	0.982083	-0.312541	0.949805	0.013723	-0.932157	-0.309449	0.187950
25868	8.265706	0.782434	-0.415430	0.247206	1.937105	0.501090	0.199530	0.056943	0.978236	-0.315865	0.948760	0.009199	-0.927587	-0.310826	0.207293
25869	7.669911	0.539072	-0.201143	0.009785	1.723151	0.484775	0.213987	0.066843	0.974547	-0.316966	0.948426	0.004547	-0.923982	-0.309871	0.224138
25870	6.953878	0.730382	0.305856	-0.158733	1.433494	0.416827	0.226189	0.075423	0.971159	-0.316483	0.948598	0.000040	-0.921237	-0.307365	0.238432
25871	6.222999	1.265182	0.260903	-0.347568	1.005989	0.308610	0.234515	0.081377	0.968700	-0.314002	0.949415	-0.003740	-0.920003	-0.303297	0.248204
25872	5.905004	1.235522	0.319749	-0.485031	0.501633	0.185025	0.238828	0.084818	0.967350	-0.310037	0.950700	-0.006814	-0.920238	-0.298287	0.253351
25873	6.151023	0.663142	0.363328	-0.576439	-0.016168	0.081466	0.238466	0.085499	0.967380	-0.304929	0.952333	-0.009002	-0.922037	-0.292835	0.253170
25874	6.503209	0.208535	-0.518744	-0.272806	-0.535001	-0.059334	0.233966	0.083521	0.968651	-0.302327	0.953160	-0.009162	-0.924044	-0.290706	0.248258
25875	6.685594	1.014300	-1.256617	0.184499	-0.996559	-0.212690	0.225430	0.078537	0.971089	-0.303553	0.952792	-0.006590	-0.925763	-0.293291	0.238628
25876	6.960644	1.826453	-1.859219	0.204034	-1.433195	-0.340159	0.213406	0.071194	0.974366	-0.304749	0.952428	-0.002845	-0.928217	-0.296330	0.224950
25877	7.281516	1.750212	-2.982044	0.083976	-1.812850	-0.427198	0.197886	0.061688	0.978282	-0.304661	0.952460	0.001567	-0.931677	-0.298355	0.207272
25878	8.496898	1.237581	-2.003187	0.327047	-2.013351	-0.557965	0.180989	0.050399	0.982193	-0.306696	0.951777	0.007677	-0.934441	-0.302624	0.187719
25879	14.756109	0.055876	4.552004	0.603713	-1.635306	-0.557340	0.167460	0.040050	0.985065	-0.311381	0.950178	0.014303	-0.935414	-0.309126	0.171588
25880	17.622989	-2.443625	5.657604	0.403516	-1.055268	-0.371378	0.158923	0.033298	0.986729	-0.314587	0.949045	0.018641	-0.935830	-0.313375	0.161300
25881	18.050000	-2.074762	3.489244	0.044687	-0.751373	-0.479776	0.153434	0.026342	0.987808	-0.314269	0.949043	0.023507	-0.936853	-0.314044	0.153894
25882	11.846510	-1.411130	1.784541	-0.562795	-0.766421	-0.508431	0.148005	0.019225	0.988800	-0.308269	0.950897	0.027654	-0.939715	-0.308910	0.146664
25883	7.266502	-1.840770	3.096566	-0.239168	-1.052994	-0.406200	0.139382	0.012073	0.990165	-0.305449	0.951691	0.031393	-0.941952	-0.306821	0.136337
25884	9.873756	-0.118423	0.292529	0.423766	-1.601748	-0.568057	0.126214	0.001850	0.992001	-0.308743	0.950406	0.037510	-0.942734	-0.311008	0.120526
25885	12.596297	2.423250	-3.654063	0.553130	-1.832928	-0.554613	0.110693	-0.009211	0.993812	-0.313317	0.948643	0.043690	-0.943175	-0.316215	0.102123
25886	11.266832	1.721709	-4.201611	-0.851025	-1.586573	-0.405191	0.097095	-0.017913	0.995114	-0.304901	0.951230	0.046873	-0.947422	-0.307962	0.086898
25887	9.692900	-1.014229	-3.832288	-1.121172	-1.415962	-0.401079	0.084886	-0.026064	0.996050	-0.293904	0.954525	0.050025	-0.952058	-0.296990	0.073365
25888	9.030553	-0.193221	-2.500431	-0.579557	-1.333185	-0.486276	0.073678	-0.034556	0.996683	-0.288040	0.956070	0.054441	-0.954780	-0.291096	0.060488
25889	8.458603	1.866983	-1.862285	-0.595941	-1.298667	-0.544246	0.062850	-0.043551	0.997072	-0.281989	0.957565	0.059600	-0.957357	-0.284910	0.047902
25890	9.676409	1.794028	-2.668498	-1.058871	-1.242851	-0.531383	0.052458	-0.052068	0.997265	-0.271571	0.960260	0.064421	-0.960988	-0.274208	0.036233
25891	10.978434	0.142882	-3.406944	-1.059978	-1.044847	-0.485399	0.043728	-0.059591	0.997265	-0.261154	0.962829	0.068985	-0.964306	-0.263456	0.026541
25892	10.605559	-1.074942	-3.458685	-0.429149	-0.834561	-0.495191	0.036977	-0.066508	0.997100	-0.256855	0.963628	0.073801	-0.965742	-0.258839	0.018549
25893	9.254579	-0.680180	-3.447269	0.509950	-0.758085	-0.587079	0.031217	-0.074186	0.996756	-0.261598	0.961874	0.079783	-0.964672	-0.263240	0.010620
25894	8.478687	0.950463	-3.776165	1.174216	-0.861377	-0.710054	0.024793	-0.083279	0.996218	-0.272757	0.958152	0.086885	-0.961763	-0.273880	0.001041
25895	9.581632	1.977216	-2.767033	1.268973	-0.875689	-0.703891	0.018385	-0.092503	0.995543	-0.284810	0.953974	0.093900	-0.958408	-0.285267	-0.008807
25896	10.551249	2.092597	-2.369221	1.225372	-0.777824	-0.601173	0.012636	-0.100472	0.994860	-0.296485	0.949820	0.099689	-0.954954	-0.296221	-0.017787
25897	10.396460	3.096827	-2.085452	1.394563	-0.754199	-0.582677	0.007253	-0.108319	0.994090	-0.309738	0.944981	0.105228	-0.950794	-0.308671	-0.026696
25898	10.131128	4.802696	-1.249767	0.957302	-0.749127	-0.559049	0.001830	-0.115947	0.993254	-0.318840	0.941348	0.110476	-0.947807	-0.316891	-0.035246
25899	9.545909	5.175425	-1.153409	-0.026091	-0.772570	-0.436852	-0.004062	-0.122547	0.992454	-0.318620	0.940896	0.114877	-0.947874	-0.315749	-0.042868
25900	9.004372	4.076082	-1.454355	-0.815499	-0.798675	-0.349354	-0.010606	-0.128390	0.991667	-0.310931	0.942983	0.118761	-0.950373	-0.307081	-0.049922
25901	9.225720	2.686570	-1.497030	-1.161184	-0.829525	-0.288592	-0.017585	-0.133658	0.990871	-0.299940	0.946087	0.122294	-0.953796	-0.295051	-0.056726
25902	9.921714	1.331370	-2.042857	-0.981192	-0.834450	-0.253377	-0.024874	-0.138573	0.990040	-0.290640	0.948571	0.125467	-0.956509	-0.284624	-0.063869
25903	10.383588	0.824861	-2.205173	-0.479084	-0.755428	-0.246993	-0.031354	-0.143092	0.989213	-0.286148	0.949559	0.128286	-0.957672	-0.279039	-0.070718
25904	10.211980	0.623685	-2.123714	-0.052274	-0.689736	-0.241647	-0.037349	-0.147404	0.988371	-0.285751	0.949338	0.130785	-0.957576	-0.277543	-0.077578
25905	9.756002	0.479468	-2.073637	0.352655	-0.645467	-0.254684	-0.042756	-0.151666	0.987507	-0.289252	0.947959	0.133068	-0.956298	-0.279949	-0.084401
25906	9.481613	0.619700	-1.904216	0.739106	-0.623421	-0.257699	-0.048048	-0.155962	0.986594	-0.296451	0.945455	0.135021	-0.953839	-0.285989	-0.091663
25907	9.323038	1.189911	-1.521386	1.081963	-0.603624	-0.242574	-0.053026	-0.160051	0.985684	-0.306900	0.941912	0.136433	-0.950263	-0.295272	-0.099065
25908	9.388082	1.883888	-1.138288	1.226448	-0.607272	-0.214072	-0.058212	-0.163977	0.984745	-0.318673	0.937863	0.137332	-0.946075	-0.305817	-0.106850
25909	9.564702	2.498097	-0.753443	1.169562	-0.614962	-0.172904	-0.063418	-0.167551	0.983822	-0.329845	0.933925	0.137791	-0.941903	-0.315770	-0.114494
25910	9.564983	3.103280	-0.543862	0.977878	-0.644532	-0.153463	-0.069055	-0.171139	0.982824	-0.339160	0.930522	0.138201	-0.938191	-0.323791	-0.122300
25911	9.473230	3.398450	-0.249013	0.627837	-0.682547	-0.142503	-0.074922	-0.174733	0.981761	-0.345171	0.928210	0.138861	-0.935545	-0.328472	-0.129856
25912	9.475415	2.963153	-0.011432	0.192954	-0.722588	-0.113895	-0.081358	-0.178277	0.980611	-0.347080	0.927357	0.139800	-0.934300	-0.328976	-0.137324
25913	9.456994	1.871539	-0.030877	-0.117010	-0.751326	-0.103932	-0.087977	-0.181748	0.979402	-0.346101	0.927536	0.141034	-0.934063	-0.326564	-0.144505
25914	9.386741	0.879445	-0.268080	-0.124093	-0.780321	-0.104117	-0.094961	-0.185368	0.978070	-0.345050	0.927730	0.142327	-0.933768	-0.323968	-0.152059
25915	9.292638	0.140572	-0.471612	0.057374	-0.797558	-0.124500	-0.101935	-0.189147	0.976644	-0.345735	0.927294	0.143504	-0.932779	-0.323032	-0.159918
25916	9.165984	-0.138844	-0.677997	0.354935	-0.809508	-0.166235	-0.108945	-0.193411	0.975050	-0.349234	0.925808	0.144622	-0.930681	-0.324765	-0.168408
25917	9.126398	0.434118	-0.441709	0.633098	-0.818606	-0.200445	-0.115805	-0.197984	0.973340	-0.355369	0.923327	0.145531	-0.927525	-0.329042	-0.177283
25918	9.135840	1.504649	-0.229212	0.637794	-0.832306	-0.227916	-0.122731	-0.202924	0.971472	-0.361569	0.920740	0.146648	-0.924232	-0.333256	-0.186375
25919	9.246280	2.498578	-0.165235	0.407631	-0.881923	-0.233410	-0.129982	-0.208063	0.969440	-0.365654	0.918879	0.148184	-0.921630	-0.335219	-0.195516
25920	9.276636	2.867473	-0.101329	0.000453	-0.928299	-0.202865	-0.137808	-0.213111	0.967260	-0.365951	0.918431	0.150215	-0.920374	-0.333269	-0.204555
25921	9.195188	2.587257	-0.389570	-0.419316	-0.998710	-0.178473	-0.146310	-0.218093	0.964898	-0.362374	0.919412	0.152864	-0.920477	-0.327289	-0.213550
25922	9.136844	2.200468	-0.883643	-0.699155	-1.072219	-0.164304	-0.155593	-0.223154	0.962285	-0.356202	0.921286	0.156052	-0.921364	-0.318487	-0.222834
25923	9.245163	1.529949	-1.419235	-0.826807	-1.162332	-0.152706	-0.165731	-0.228250	0.959393	-0.348855	0.923513	0.159450	-0.922406	-0.308263	-0.232680
25924	9.687216	0.267227	-1.719793	-0.925129	-1.200530	-0.149627	-0.176284	-0.233353	0.956279	-0.340590	0.925946	0.163165	-0.923538	-0.296936	-0.242707
25925	9.583205	-0.500358	-2.153541	-0.532332	-1.192507	-0.215752	-0.186527	-0.238892	0.952963	-0.336097	0.926977	0.166592	-0.923172	-0.289215	-0.253197
25926	9.335745	0.455901	-1.944191	0.031436	-1.225557	-0.294391	-0.196823	-0.245214	0.949279	-0.336978	0.926153	0.169371	-0.920710	-0.286550	-0.264920
25927	9.398727	1.664136	-1.793693	0.105871	-1.281588	-0.345023	-0.207400	-0.252111	0.945212	-0.338680	0.924973	0.172399	-0.917759	-0.284369	-0.277224
25928	9.535986	1.811773	-1.452703	0.022008	-1.305097	-0.335864	-0.218203	-0.258965	0.940917	-0.339628	0.924031	0.175557	-0.914899	-0.281255	-0.289578
25929	9.352513	2.120381	-1.492064	0.154822	-1.350847	-0.342094	-0.229333	-0.265954	0.936309	-0.341841	0.922678	0.178354	-0.911346	-0.279166	-0.302515
25930	9.612271	2.575631	-0.953021	0.128786	-1.419399	-0.339354	-0.241048	-0.273082	0.931301	-0.343839	0.921384	0.181179	-0.907563	-0.276545	-0.315994
25931	9.884759	2.230874	-0.591426	-0.098319	-1.492919	-0.307883	-0.253475	-0.280055	0.925916	-0.343744	0.920780	0.184399	-0.904207	-0.271538	-0.329662
25932	10.301974	1.068695	-0.408492	-0.264071	-1.605126	-0.254343	-0.267038	-0.286752	0.920035	-0.342053	0.920745	0.187693	-0.900939	-0.264579	-0.343958
25933	10.617790	-0.159187	-0.249050	-0.195822	-1.701224	-0.218921	-0.281545	-0.293257	0.913637	-0.340929	0.920599	0.190432	-0.896939	-0.257870	-0.359170
25934	10.736381	0.178735	0.217104	0.019228	-1.820125	-0.246696	-0.296903	-0.300204	0.906491	-0.341855	0.919796	0.192642	-0.891619	-0.252692	-0.375717
25935	10.825066	1.036359	0.236631	-0.050021	-2.013737	-0.265596	-0.313852	-0.307714	0.898225	-0.342259	0.919091	0.195272	-0.885639	-0.246139	-0.393776
25936	11.126496	1.255224	0.270417	-0.250501	-2.188005	-0.280117	-0.332098	-0.315584	0.888885	-0.341006	0.918800	0.198801	-0.879446	-0.237094	-0.412748
25937	11.622813	0.493566	0.032163	-0.451359	-2.357795	-0.292373	-0.351727	-0.323770	0.878329	-0.338090	0.918886	0.203332	-0.872916	-0.225437	-0.432660
25938	12.223487	-0.701737	0.020448	-0.169592	-2.495224	-0.341357	-0.372104	-0.332398	0.866632	-0.337902	0.918121	0.207063	-0.864500	-0.215788	-0.453955
25939	12.716621	-1.490417	0.039573	0.151404	-2.632713	-0.425057	-0.393245	-0.341926	0.853490	-0.340871	0.916344	0.210051	-0.853912	-0.208328	-0.476901
25940	13.378056	-2.118317	0.237212	0.614088	-2.771491	-0.515380	-0.414772	-0.352316	0.838951	-0.348227	0.913270	0.211365	-0.840656	-0.204477	-0.501484
25941	14.163370	-2.143995	0.696651	1.053114	-2.943801	-0.568115	-0.437233	-0.363545	0.822595	-0.359458	0.909064	0.210697	-0.824389	-0.203565	-0.528152
25942	15.333962	-2.365354	1.620222	1.252129	-3.118749	-0.555193	-0.460402	-0.374846	0.804687	-0.372252	0.904448	0.208334	-0.805890	-0.203629	-0.555946
25943	16.607801	-2.977239	2.338489	1.437477	-3.292271	-0.487347	-0.484704	-0.386000	0.784898	-0.386035	0.899637	0.204036	-0.784881	-0.204101	-0.585067
25944	17.848597	-3.018927	3.492445	1.825743	-3.439831	-0.431672	-0.509300	-0.396823	0.763639	-0.402416	0.894170	0.196267	-0.760707	-0.207342	-0.615089
25945	18.267453	-2.013543	3.955751	1.847352	-3.570095	-0.452498	-0.534097	-0.408342	0.740268	-0.418636	0.888471	0.188051	-0.734496	-0.209466	-0.645476
25946	17.773674	-1.128301	2.972213	2.070516	-3.684944	-0.531288	-0.557996	-0.420673	0.715314	-0.436604	0.881861	0.178037	-0.705703	-0.212966	-0.675743
25947	16.558657	0.822943	1.090066	2.131239	-3.786670	-0.671157	-0.581101	-0.434725	0.687994	-0.455187	0.874395	0.168041	-0.674630	-0.215517	-0.705993
25948	15.282936	3.188945	-1.615451	2.733777	-3.920887	-0.837706	-0.602517	-0.450439	0.658846	-0.478285	0.864642	0.153745	-0.638918	-0.222482	-0.736400
25949	15.066429	5.785676	-3.317669	2.634064	-3.889804	-0.852887	-0.622447	-0.466564	0.628392	-0.499908	0.854775	0.139469	-0.602206	-0.227326	-0.765292
25950	15.011381	6.207722	-5.802837	1.819759	-3.606234	-0.651568	-0.639824	-0.480170	0.600052	-0.514886	0.847475	0.129147	-0.570541	-0.226327	-0.789467
25951	15.500358	5.425160	-5.165718	0.857318	-2.893206	-0.546963	-0.653117	-0.491283	0.576263	-0.523264	0.842874	0.125528	-0.547387	-0.219554	-0.807566
25952	14.947400	3.585880	-5.422297	-0.884747	-2.096112	-0.359662	-0.662130	-0.498645	0.559407	-0.521012	0.842865	0.134630	-0.538637	-0.202315	-0.817887
25953	13.435203	-0.193297	-10.164797	-0.361618	-1.528020	-0.124634	-0.669609	-0.502745	0.546691	-0.519959	0.842922	0.138298	-0.530346	-0.191651	-0.825834
25954	12.269441	0.193202	-12.591312	2.136904	-1.170911	-0.099756	-0.674675	-0.505824	0.537547	-0.531967	0.838082	0.120952	-0.511689	-0.204354	-0.834514
25955	9.233984	3.844900	-15.856024	3.176608	-0.835767	0.081664	-0.679257	-0.506981	0.530642	-0.547357	0.831617	0.093883	-0.488887	-0.226680	-0.842381
