// General information: 
//  MT Manager version: 2022.2.0 
//  XDA version: 2022.2.0 build 7381 rev 124627 built on 2023-07-19
// Device information: 
//  DeviceId: 00B4CBA7
//  ProductCode: MTW2-3A7G6
//  Firmware Version: 4.6.0
//  Hardware Version: 2.0.0
// Device settings: 
//  Filter Profile: human(46.1)
//  Option Flags: Orientation Smoother Disabled, Position/Velocity Smoother Disabled, Continuous Zero Rotation Update Disabled, AHS Disabled, ICC Disabled
// Coordinate system: ENU
PacketCounter	Acc_X	Acc_Y	Acc_Z	Gyr_X	Gyr_Y	Gyr_Z	Mat[1][1]	Mat[2][1]	Mat[3][1]	Mat[1][2]	Mat[2][2]	Mat[3][2]	Mat[1][3]	Mat[2][3]	Mat[3][3]
54997	9.742404	-0.051421	-0.164805	-0.152783	-0.023069	0.008893	0.032630	0.001582	0.999466	0.253785	-0.967237	-0.006754	0.966710	0.253870	-0.031963
54998	9.743476	-0.270422	-0.194189	-0.125262	-0.029615	0.014551	0.032934	0.001546	0.999456	0.252545	-0.967561	-0.006825	0.967025	0.252632	-0.032256
54999	9.821443	-0.298051	-0.311395	-0.080450	-0.042045	0.011051	0.033336	0.001615	0.999443	0.251641	-0.967797	-0.006829	0.967246	0.251728	-0.032669
55000	9.819962	-0.189932	-0.352111	-0.044513	-0.034573	-0.000498	0.033650	0.001737	0.999432	0.251185	-0.967915	-0.006775	0.967354	0.251271	-0.033007
55001	9.762393	-0.063702	-0.403440	-0.018787	-0.035124	-0.002560	0.033919	0.001959	0.999423	0.250786	-0.968020	-0.006614	0.967448	0.250865	-0.033326
55002	9.801409	0.049767	-0.479738	0.002040	-0.032452	-0.002777	0.034206	0.002098	0.999413	0.250781	-0.968022	-0.006551	0.967439	0.250858	-0.033638
55003	9.807500	0.121575	-0.400497	-0.022747	-0.024227	0.003729	0.034361	0.002172	0.999407	0.250599	-0.968069	-0.006512	0.967481	0.250674	-0.033808
55004	9.791898	0.143725	-0.448366	-0.085659	0.012212	0.003080	0.034231	0.002142	0.999412	0.249744	-0.968290	-0.006478	0.967707	0.249818	-0.033680
55005	9.691888	0.212250	-0.369060	-0.106293	0.010771	0.014679	0.034390	0.001946	0.999407	0.248663	-0.968567	-0.006671	0.967979	0.248745	-0.033793
55006	9.612989	0.110476	-0.287855	-0.171107	0.025594	0.017629	0.034167	0.001742	0.999415	0.246976	-0.968998	-0.006755	0.968419	0.247062	-0.033538
55007	9.683615	-0.057797	-0.262270	-0.154528	0.011998	0.021366	0.034045	0.001617	0.999419	0.245383	-0.969402	-0.006791	0.968828	0.245472	-0.033400
55008	9.739305	-0.185890	-0.315800	-0.144000	-0.008939	0.013293	0.034145	0.001541	0.999416	0.243958	-0.969762	-0.006840	0.969185	0.244049	-0.033489
55009	9.745818	-0.206916	-0.328946	-0.110843	-0.012227	0.010044	0.034314	0.001559	0.999410	0.242713	-0.970074	-0.006820	0.969491	0.242804	-0.033665
55010	9.770734	-0.179872	-0.413795	-0.068189	-0.013431	0.007922	0.034445	0.001546	0.999405	0.242024	-0.970246	-0.006841	0.969659	0.242116	-0.033794
55011	9.741964	-0.117157	-0.439006	-0.033967	-0.022865	0.006764	0.034729	0.001574	0.999396	0.241689	-0.970329	-0.006871	0.969732	0.241781	-0.034079
55012	9.873086	-0.087248	-0.521091	-0.005464	-0.033024	0.002527	0.035038	0.001660	0.999385	0.241609	-0.970349	-0.006859	0.969741	0.241701	-0.034400
55013	9.896452	-0.095413	-0.548126	0.010520	-0.026708	0.007918	0.035348	0.001735	0.999374	0.241536	-0.970368	-0.006858	0.969748	0.241627	-0.034719
55014	9.859717	-0.047673	-0.502200	0.025909	-0.013949	-0.000677	0.035463	0.001807	0.999369	0.241761	-0.970312	-0.006825	0.969687	0.241851	-0.034847
55015	9.840187	-0.078627	-0.562074	0.030585	-0.008285	0.006150	0.035472	0.001853	0.999369	0.241889	-0.970280	-0.006786	0.969655	0.241978	-0.034866
55016	9.789923	-0.099691	-0.555728	0.032018	-0.003292	0.006835	0.035502	0.001826	0.999368	0.242172	-0.970209	-0.006830	0.969584	0.242261	-0.034887
55017	9.769599	-0.057347	-0.490256	0.022258	0.004781	0.008461	0.035453	0.001763	0.999370	0.242431	-0.970144	-0.006889	0.969521	0.242522	-0.034822
55018	9.771016	-0.023019	-0.548852	0.021824	0.010774	0.007958	0.035350	0.001691	0.999374	0.242614	-0.970098	-0.006941	0.969479	0.242707	-0.034703
55019	9.743368	0.113451	-0.346034	-0.006768	0.018880	0.010546	0.034950	0.001582	0.999388	0.242714	-0.970073	-0.006952	0.969468	0.242808	-0.034288
55020	9.737082	0.041334	-0.426408	-0.033555	0.025578	0.010539	0.034709	0.001449	0.999396	0.242359	-0.970161	-0.007010	0.969566	0.242456	-0.034024
55021	9.782823	-0.010384	-0.412714	-0.035385	0.025318	0.015279	0.034437	0.001230	0.999406	0.242108	-0.970223	-0.007148	0.969638	0.242210	-0.033709
55022	9.768577	-0.097913	-0.421567	-0.030310	0.026240	0.016695	0.034203	0.001036	0.999414	0.241783	-0.970303	-0.007269	0.969727	0.241890	-0.033438
55023	9.750938	-0.129479	-0.377262	-0.019731	0.025016	0.011965	0.033858	0.000998	0.999426	0.241384	-0.970403	-0.007209	0.969839	0.241489	-0.033097
55024	9.756064	-0.186131	-0.327566	0.000875	0.021918	0.010546	0.033651	0.000874	0.999433	0.241363	-0.970408	-0.007278	0.969851	0.241471	-0.032866
55025	9.745422	-0.128706	-0.231014	0.007514	0.013982	0.010341	0.033400	0.000763	0.999442	0.241459	-0.970383	-0.007328	0.969836	0.241569	-0.032595
55026	9.731593	-0.106426	-0.176427	0.017911	0.008628	0.002316	0.033302	0.000751	0.999445	0.241607	-0.970347	-0.007321	0.969803	0.241716	-0.032496
55027	9.704660	-0.043246	-0.098690	0.012014	0.000850	0.004012	0.033457	0.000759	0.999440	0.241623	-0.970342	-0.007352	0.969793	0.241733	-0.032648
55028	9.730608	-0.033262	-0.051972	-0.000793	-0.005191	0.000971	0.033490	0.000794	0.999439	0.241589	-0.970351	-0.007325	0.969801	0.241699	-0.032689
55029	9.689160	-0.020909	-0.146625	-0.008986	-0.005976	0.000979	0.033435	0.000858	0.999441	0.241537	-0.970364	-0.007247	0.969815	0.241644	-0.032651
55030	9.711936	-0.046176	-0.142097	-0.043282	-0.016175	-0.001317	0.033568	0.000942	0.999436	0.241092	-0.970476	-0.007183	0.969922	0.241197	-0.032804
55031	9.632321	-0.020510	-0.130505	-0.048906	-0.014841	-0.002731	0.033731	0.001054	0.999430	0.240560	-0.970608	-0.007095	0.970048	0.240663	-0.032993
55032	9.662376	-0.047990	-0.168284	-0.050430	-0.021906	-0.005057	0.033911	0.001188	0.999424	0.240047	-0.970736	-0.006991	0.970169	0.240146	-0.033204
55033	9.756468	-0.077725	-0.267183	-0.046390	-0.030711	-0.009748	0.034099	0.001471	0.999417	0.239428	-0.970891	-0.006740	0.970315	0.239519	-0.033458
55034	9.802727	-0.109623	-0.288633	-0.034988	-0.028000	-0.009532	0.034327	0.001662	0.999409	0.239066	-0.970981	-0.006596	0.970396	0.239151	-0.033729
55035	9.770818	-0.080769	-0.356197	-0.021932	-0.032081	-0.009298	0.034559	0.001914	0.999401	0.238754	-0.971059	-0.006397	0.970465	0.238832	-0.034015
55036	9.803969	-0.072236	-0.354055	-0.014411	-0.032758	-0.008833	0.034835	0.002110	0.999391	0.238591	-0.971100	-0.006266	0.970495	0.238664	-0.034332
55037	9.828056	-0.061132	-0.411026	-0.011293	-0.032897	-0.010255	0.035113	0.002367	0.999381	0.238437	-0.971139	-0.006077	0.970523	0.238503	-0.034664
55038	9.851445	-0.067499	-0.437984	-0.009805	-0.024574	-0.013836	0.035298	0.002593	0.999373	0.238321	-0.971169	-0.005898	0.970545	0.238379	-0.034898
55039	9.811572	-0.053736	-0.433313	-0.003785	-0.015986	-0.007969	0.035365	0.002719	0.999371	0.238369	-0.971157	-0.005793	0.970531	0.238424	-0.034993
55040	9.748877	-0.014966	-0.433960	0.002304	-0.021654	-0.008199	0.035535	0.002883	0.999364	0.238368	-0.971158	-0.005674	0.970525	0.238418	-0.035197
55041	9.792475	0.026228	-0.431117	0.007261	-0.024457	-0.006307	0.035622	0.003048	0.999361	0.238452	-0.971138	-0.005538	0.970501	0.238497	-0.035321
55042	9.812591	-0.016439	-0.499073	0.005434	-0.024723	-0.001568	0.035837	0.003154	0.999353	0.238479	-0.971132	-0.005487	0.970486	0.238521	-0.035555
55043	9.774023	-0.112495	-0.458993	0.014413	-0.018734	-0.002565	0.036152	0.003229	0.999341	0.238610	-0.971100	-0.005494	0.970442	0.238652	-0.035878
55044	9.776571	-0.094678	-0.389923	0.028786	-0.021543	-0.001174	0.036338	0.003324	0.999334	0.238864	-0.971038	-0.005456	0.970373	0.238903	-0.036079
55045	9.830562	-0.112078	-0.482137	0.037949	-0.026088	-0.008745	0.036586	0.003533	0.999324	0.239144	-0.970970	-0.005322	0.970295	0.239177	-0.036368
55046	9.799160	-0.210552	-0.483900	0.064436	-0.025979	-0.001721	0.036813	0.003644	0.999316	0.239744	-0.970822	-0.005291	0.970138	0.239774	-0.036613
55047	9.786020	-0.170140	-0.462220	0.105975	-0.022639	-0.003967	0.037083	0.003778	0.999305	0.240712	-0.970582	-0.005263	0.969888	0.240740	-0.036902
55048	9.775420	0.032266	-0.464596	0.123590	-0.021891	-0.004452	0.037265	0.003907	0.999298	0.241886	-0.970291	-0.005227	0.969589	0.241911	-0.037103
55049	9.817040	0.163931	-0.467529	0.103918	-0.008236	-0.006579	0.037347	0.003992	0.999294	0.242944	-0.970026	-0.005204	0.969321	0.242967	-0.037197
55050	9.766844	0.144038	-0.460159	0.022437	0.016410	-0.006551	0.037152	0.004048	0.999301	0.243138	-0.969978	-0.005110	0.969280	0.243158	-0.037021
55051	9.584556	0.058823	-0.311176	-0.030132	0.037909	0.001689	0.036851	0.004022	0.999313	0.242662	-0.970098	-0.005044	0.969411	0.242681	-0.036725
55052	9.516217	-0.101244	-0.323922	-0.063785	0.022916	0.011330	0.036637	0.003888	0.999321	0.242013	-0.970260	-0.005097	0.969581	0.242035	-0.036488
55053	9.695698	-0.012993	-0.224931	-0.059327	0.025692	0.008952	0.036343	0.003726	0.999332	0.241483	-0.970391	-0.005164	0.969724	0.241510	-0.036167
55054	9.774681	-0.056639	-0.206775	-0.066067	0.012295	0.007879	0.036223	0.003652	0.999337	0.240814	-0.970558	-0.005182	0.969895	0.240842	-0.036036
55055	9.830763	-0.166233	-0.289969	-0.049546	0.000001	0.005557	0.036230	0.003722	0.999337	0.240182	-0.970715	-0.005092	0.970052	0.240207	-0.036063
55056	9.865918	-0.105869	-0.374209	-0.007204	-0.009054	0.000540	0.036300	0.003771	0.999334	0.240085	-0.970739	-0.005058	0.970073	0.240109	-0.036143
55057	9.892639	-0.077922	-0.357767	0.018620	-0.005822	-0.002143	0.036428	0.003905	0.999329	0.240071	-0.970743	-0.004958	0.970072	0.240090	-0.036300
55058	9.826765	0.015899	-0.303826	0.043842	-0.003654	-0.000558	0.036443	0.003952	0.999328	0.240470	-0.970644	-0.004931	0.969972	0.240488	-0.036324
55059	9.861320	0.150029	-0.264229	0.041716	-0.011782	0.001392	0.036460	0.004000	0.999327	0.241018	-0.970508	-0.004909	0.969836	0.241034	-0.036348
55060	9.870423	0.055824	-0.300313	0.030828	-0.000835	0.005139	0.036461	0.003984	0.999327	0.241288	-0.970441	-0.004934	0.969768	0.241306	-0.036344
55061	9.720402	0.011966	-0.308994	0.035327	0.000695	0.008671	0.036370	0.004005	0.999330	0.241477	-0.970394	-0.004899	0.969725	0.241494	-0.036261
55062	9.666243	-0.062508	-0.314020	0.038737	-0.010839	0.010398	0.036480	0.003963	0.999327	0.241822	-0.970308	-0.004979	0.969635	0.241841	-0.036356
55063	9.685090	-0.141882	-0.321395	0.044667	-0.018997	0.004770	0.036642	0.004079	0.999320	0.242124	-0.970233	-0.004917	0.969553	0.242140	-0.036539
55064	9.768495	-0.114642	-0.325614	0.058071	-0.031162	0.003891	0.036933	0.004150	0.999309	0.242659	-0.970099	-0.004939	0.969408	0.242674	-0.036836
55065	9.858991	-0.090200	-0.372123	0.056181	-0.031832	0.004859	0.037181	0.004201	0.999300	0.243253	-0.969950	-0.004973	0.969250	0.243267	-0.037085
55066	9.883120	0.010926	-0.334357	0.040748	-0.021158	-0.000861	0.037363	0.004294	0.999293	0.243621	-0.969858	-0.004942	0.969151	0.243633	-0.037283
55067	9.871280	0.086226	-0.371616	0.028709	-0.008976	0.007114	0.037450	0.004316	0.999289	0.243770	-0.969821	-0.004947	0.969110	0.243782	-0.037372
55068	9.807099	0.140114	-0.501619	0.038314	-0.004860	0.009905	0.037501	0.004265	0.999287	0.244110	-0.969735	-0.005022	0.969022	0.244124	-0.037407
55069	9.785478	0.199327	-0.566887	0.044205	0.002914	0.008179	0.037530	0.004241	0.999286	0.244408	-0.969659	-0.005064	0.968946	0.244424	-0.037428
55070	9.793315	0.069091	-0.542276	0.041714	0.001203	0.013408	0.037531	0.004141	0.999287	0.244780	-0.969565	-0.005175	0.968852	0.244800	-0.037403
55071	9.727986	0.087203	-0.611927	0.060645	0.003211	0.014080	0.037534	0.004087	0.999287	0.245285	-0.969437	-0.005248	0.968724	0.245307	-0.037390
55072	9.740976	0.044446	-0.635402	0.065679	0.000810	0.019787	0.037555	0.003927	0.999287	0.245887	-0.969283	-0.005432	0.968571	0.245915	-0.037367
55073	9.741930	0.007952	-0.474913	0.068411	0.005407	0.023778	0.037462	0.003816	0.999291	0.246393	-0.969154	-0.005536	0.968446	0.246426	-0.037247
55074	9.710813	-0.001590	-0.379027	0.077208	0.002656	0.029731	0.037489	0.003556	0.999291	0.247102	-0.968972	-0.005823	0.968264	0.247145	-0.037205
55075	9.787262	0.025775	-0.339273	0.084162	0.002558	0.032353	0.037581	0.003344	0.999288	0.247640	-0.968833	-0.006071	0.968123	0.247692	-0.037238
55076	9.733350	0.041290	-0.248961	0.064250	0.008820	0.031132	0.037552	0.003055	0.999290	0.248222	-0.968682	-0.006366	0.967975	0.248285	-0.037135
55077	9.658417	-0.008540	-0.157471	0.065835	0.001581	0.027438	0.037553	0.002798	0.999291	0.248991	-0.968483	-0.006645	0.967777	0.249064	-0.037066
55078	9.647888	-0.044233	-0.157189	0.061710	-0.009268	0.028757	0.037694	0.002577	0.999286	0.249550	-0.968337	-0.006916	0.967628	0.249632	-0.037144
55079	9.636682	-0.097338	-0.127828	0.065904	-0.015629	0.029556	0.038046	0.002324	0.999273	0.250110	-0.968190	-0.007270	0.967470	0.250205	-0.037417
55080	9.703230	-0.084747	-0.119577	0.065423	-0.026023	0.021409	0.038331	0.002216	0.999263	0.250707	-0.968034	-0.007470	0.967304	0.250809	-0.037661
55081	9.737116	-0.062343	-0.147114	0.062809	-0.031450	0.027173	0.038749	0.002070	0.999247	0.251171	-0.967912	-0.007735	0.967167	0.251281	-0.038026
55082	9.710792	-0.075660	-0.197016	0.063839	-0.036429	0.023466	0.039141	0.001969	0.999232	0.251751	-0.967759	-0.007955	0.967000	0.251869	-0.038375
55083	9.742352	-0.054739	-0.326356	0.059759	-0.043973	0.020502	0.039641	0.001911	0.999212	0.252294	-0.967616	-0.008158	0.966838	0.252419	-0.038839
55084	9.732871	-0.055445	-0.389349	0.062527	-0.037722	0.022331	0.040043	0.001824	0.999196	0.252862	-0.967466	-0.008367	0.966673	0.252994	-0.039201
55085	9.737504	0.012618	-0.412078	0.059415	-0.037570	0.023766	0.040432	0.001735	0.999181	0.253306	-0.967348	-0.008570	0.966541	0.253445	-0.039551
55086	9.727986	0.011579	-0.474508	0.053335	-0.031869	0.023934	0.040781	0.001618	0.999167	0.253784	-0.967221	-0.008792	0.966401	0.253931	-0.039855
55087	9.780868	-0.028013	-0.537563	0.048304	-0.034007	0.028478	0.041026	0.001486	0.999157	0.254256	-0.967095	-0.009002	0.966266	0.254411	-0.040054
55088	9.786456	-0.068636	-0.522362	0.051547	-0.030455	0.026543	0.041368	0.001341	0.999143	0.254716	-0.966972	-0.009249	0.966131	0.254880	-0.040343
55089	9.759308	-0.099472	-0.541711	0.049131	-0.027187	0.025320	0.041765	0.001164	0.999127	0.255267	-0.966824	-0.009544	0.965968	0.255442	-0.040677
55090	9.759141	-0.102146	-0.544212	0.051700	-0.025094	0.023878	0.042049	0.001031	0.999115	0.255729	-0.966699	-0.009765	0.965834	0.255913	-0.040912
55091	9.791164	-0.131465	-0.481545	0.046169	-0.021653	0.024068	0.042295	0.000872	0.999105	0.256174	-0.966579	-0.010001	0.965705	0.256367	-0.041105
55092	9.833254	-0.145223	-0.389781	0.054329	-0.024226	0.028391	0.042582	0.000693	0.999093	0.256659	-0.966447	-0.010268	0.965563	0.256864	-0.041331
55093	9.826236	-0.144891	-0.350009	0.054118	-0.014067	0.031078	0.042773	0.000503	0.999085	0.257182	-0.966306	-0.010524	0.965416	0.257397	-0.041461
55094	9.751959	-0.176646	-0.290046	0.058749	-0.024803	0.030330	0.043071	0.000307	0.999072	0.257709	-0.966162	-0.010813	0.965262	0.257936	-0.041692
55095	9.748734	-0.139927	-0.210242	0.062517	-0.025181	0.030592	0.043426	0.000190	0.999057	0.258070	-0.966063	-0.011033	0.965150	0.258305	-0.042001
55096	9.702690	-0.109288	-0.194665	0.067948	-0.030738	0.028816	0.043777	0.000025	0.999041	0.258685	-0.965895	-0.011311	0.964969	0.258933	-0.042291
55097	9.645422	-0.128154	-0.148553	0.073948	-0.036927	0.024924	0.044186	-0.000050	0.999023	0.259380	-0.965707	-0.011520	0.964764	0.259635	-0.042658
55098	9.639614	-0.092887	-0.170935	0.072961	-0.044657	0.020586	0.044650	-0.000099	0.999003	0.260047	-0.965525	-0.011718	0.964563	0.260311	-0.043086
55099	9.690381	-0.058330	-0.213392	0.068290	-0.051577	0.019790	0.045134	-0.000054	0.998981	0.260593	-0.965376	-0.011826	0.964393	0.260861	-0.043557
55100	9.663670	-0.071565	-0.265006	0.059286	-0.057495	0.020872	0.045723	-0.000071	0.998954	0.261127	-0.965229	-0.012021	0.964221	0.261404	-0.044115
55101	9.669743	-0.094105	-0.282182	0.054656	-0.061126	0.015746	0.046339	0.000071	0.998926	0.261469	-0.965137	-0.012060	0.964099	0.261747	-0.044742
55102	9.665064	-0.149275	-0.298847	0.050508	-0.071966	0.017177	0.047057	0.000129	0.998892	0.261920	-0.965012	-0.012215	0.963942	0.262204	-0.045445
55103	9.705887	-0.113335	-0.402609	0.039251	-0.067573	0.012122	0.047680	0.000287	0.998863	0.262174	-0.964943	-0.012237	0.963842	0.262459	-0.046084
55104	9.717238	-0.048056	-0.470713	0.033486	-0.069937	0.011242	0.048363	0.000397	0.998830	0.262463	-0.964863	-0.012325	0.963729	0.262752	-0.046768
55105	9.723551	-0.053035	-0.519048	0.025955	-0.069201	0.010771	0.049065	0.000545	0.998795	0.262600	-0.964825	-0.012374	0.963656	0.262891	-0.047482
55106	9.799098	-0.083562	-0.640170	0.022720	-0.072760	0.012767	0.049779	0.000648	0.998760	0.262785	-0.964774	-0.012472	0.963570	0.263080	-0.048196
55107	9.787101	-0.151503	-0.585431	0.028622	-0.066690	0.013118	0.050274	0.000732	0.998735	0.263218	-0.964655	-0.012542	0.963425	0.263516	-0.048690
55108	9.793664	-0.140128	-0.663216	0.034076	-0.057892	0.017197	0.050857	0.000754	0.998706	0.263510	-0.964573	-0.012690	0.963315	0.263814	-0.049254
55109	9.792062	-0.051160	-0.677097	0.043747	-0.052197	0.017779	0.051351	0.000772	0.998680	0.263890	-0.964468	-0.012824	0.963185	0.264200	-0.049730
55110	9.831290	-0.066496	-0.688652	0.032800	-0.043153	0.019728	0.051798	0.000730	0.998657	0.264167	-0.964389	-0.012996	0.963085	0.264486	-0.050146
55111	9.787603	-0.075200	-0.755463	0.028442	-0.024919	0.019305	0.052061	0.000665	0.998644	0.264314	-0.964347	-0.013137	0.963031	0.264639	-0.050381
55112	9.821866	-0.019570	-0.844018	0.019546	-0.028721	0.022025	0.052375	0.000563	0.998627	0.264463	-0.964304	-0.013326	0.962973	0.264798	-0.050654
55113	9.846190	-0.104785	-0.891943	0.020148	-0.014972	0.025728	0.052688	0.000423	0.998611	0.264403	-0.964317	-0.013541	0.962972	0.264750	-0.050920
55114	9.824919	-0.156232	-0.920064	0.021324	-0.000216	0.025131	0.052736	0.000217	0.998608	0.264567	-0.964269	-0.013762	0.962924	0.264925	-0.050909
55115	9.829594	-0.105569	-0.909337	0.025038	0.013340	0.027406	0.052578	-0.000029	0.998617	0.264746	-0.964217	-0.013967	0.962884	0.265114	-0.050689
55116	9.800619	-0.079277	-0.871666	0.026204	0.026451	0.028985	0.052379	-0.000343	0.998627	0.264954	-0.964156	-0.014228	0.962837	0.265336	-0.050411
55117	9.763037	-0.008362	-0.709556	0.005734	0.035200	0.027612	0.052022	-0.000669	0.998646	0.265155	-0.964097	-0.014459	0.962801	0.265548	-0.049977
55118	9.752484	-0.043855	-0.704664	0.000750	0.036404	0.027831	0.051724	-0.000999	0.998661	0.265119	-0.964104	-0.014696	0.962827	0.265525	-0.049603
55119	9.734994	-0.092369	-0.627607	-0.015865	0.043580	0.032661	0.051401	-0.001441	0.998677	0.265109	-0.964101	-0.015036	0.962847	0.265532	-0.049174
55120	9.652847	-0.196391	-0.641063	-0.028943	0.046187	0.034517	0.051027	-0.001861	0.998696	0.264785	-0.964186	-0.015326	0.962956	0.265222	-0.048707
55121	9.792036	-0.348582	-0.499463	-0.056634	0.066459	0.027174	0.050441	-0.002300	0.998724	0.264381	-0.964293	-0.015573	0.963098	0.264829	-0.048032
55122	9.801804	-0.099424	-0.053163	-0.188169	0.134481	0.020957	0.049179	-0.002822	0.998786	0.262530	-0.964797	-0.015653	0.963670	0.262981	-0.046707
55123	9.361060	0.216441	0.191676	-0.397527	0.165604	0.030896	0.047697	-0.003490	0.998856	0.258497	-0.965884	-0.015719	0.964834	0.258951	-0.045167
55124	9.134644	0.300210	0.033169	-0.463070	0.125138	0.036181	0.046561	-0.004126	0.998907	0.253981	-0.967080	-0.015833	0.966088	0.254441	-0.043980
55125	9.218009	-0.252518	0.286985	-0.547797	0.059602	0.042050	0.046015	-0.004654	0.998930	0.248696	-0.968450	-0.015968	0.967488	0.249164	-0.043406
55126	9.670165	-0.717046	0.308956	-0.523710	-0.032503	0.037292	0.046401	-0.004900	0.998911	0.243581	-0.969747	-0.016072	0.968770	0.244061	-0.043804
55127	9.853779	-0.968791	0.020648	-0.458240	-0.023945	0.016024	0.046729	-0.004957	0.998895	0.238913	-0.970909	-0.015995	0.969916	0.239397	-0.044185
55128	9.584497	-0.715624	0.140218	-0.526486	-0.005472	0.015599	0.046799	-0.005060	0.998891	0.233768	-0.972163	-0.015877	0.971165	0.234252	-0.044314
55129	9.282778	-0.803770	-0.711337	-0.441329	-0.068998	-0.004807	0.047342	-0.004811	0.998867	0.229613	-0.973158	-0.015569	0.972130	0.230090	-0.044967
55130	9.121443	-0.491584	-0.679639	-0.294539	-0.099779	-0.019853	0.048247	-0.004354	0.998826	0.226730	-0.973839	-0.015197	0.972762	0.227197	-0.045998
55131	9.583253	-0.113891	-0.740294	-0.264582	-0.181449	-0.026465	0.049997	-0.003651	0.998743	0.223914	-0.974497	-0.014771	0.973326	0.224371	-0.047904
55132	10.012420	0.548306	-1.479516	-0.170164	-0.144766	-0.026813	0.051327	-0.003030	0.998677	0.222243	-0.974885	-0.014380	0.973639	0.222687	-0.049365
55133	10.020563	0.894551	-1.318722	-0.212301	-0.065555	-0.001801	0.052031	-0.002810	0.998642	0.219948	-0.975408	-0.014205	0.974123	0.220388	-0.050133
55134	10.171570	0.864057	-1.342316	-0.213955	-0.091005	0.023365	0.052950	-0.002803	0.998593	0.217823	-0.975884	-0.014289	0.974551	0.218273	-0.051062
55135	10.420974	0.454216	-1.619415	-0.193464	-0.062425	0.045496	0.053644	-0.003063	0.998555	0.215872	-0.976313	-0.014592	0.974947	0.216343	-0.051712
55136	10.331297	0.097460	-1.477055	-0.145505	0.007972	0.071163	0.053700	-0.003739	0.998550	0.214388	-0.976631	-0.015187	0.975271	0.214892	-0.051644
55137	10.142786	-0.119113	-1.465601	-0.051819	0.050939	0.085554	0.053428	-0.004702	0.998561	0.213791	-0.976748	-0.016038	0.975417	0.214340	-0.051180
55138	10.029750	0.034344	-1.155009	0.027217	0.085851	0.104010	0.052794	-0.005866	0.998588	0.213974	-0.976691	-0.017050	0.975412	0.214572	-0.050309
55139	10.028235	0.150152	-1.067346	0.094187	0.073195	0.117927	0.052349	-0.007134	0.998603	0.214778	-0.976493	-0.018235	0.975259	0.215433	-0.049587
55140	10.077527	0.080545	-0.707384	0.162346	0.071822	0.135980	0.051924	-0.008581	0.998614	0.216263	-0.976138	-0.019633	0.974953	0.216983	-0.048829
55141	10.029328	-0.194500	-0.253595	0.193941	0.056877	0.143994	0.051616	-0.010084	0.998616	0.218281	-0.975657	-0.021134	0.974520	0.219069	-0.048158
55142	10.088125	-0.322664	0.109697	0.255074	0.042908	0.151452	0.051512	-0.011620	0.998605	0.220661	-0.975086	-0.022729	0.973989	0.221523	-0.047664
55143	10.010291	-0.348133	0.532672	0.287704	0.057058	0.148209	0.051323	-0.013092	0.998596	0.223166	-0.974479	-0.024245	0.973428	0.224097	-0.047092
55144	9.634557	-0.322658	0.977588	0.338789	0.047859	0.144661	0.051164	-0.014573	0.998584	0.226362	-0.973701	-0.025808	0.972699	0.227361	-0.046520
55145	9.275290	-0.205773	1.673368	0.366175	-0.016172	0.147001	0.051702	-0.015934	0.998535	0.229719	-0.972871	-0.027419	0.971883	0.230801	-0.046639
55146	9.325578	-0.207385	2.175519	0.353492	-0.124867	0.136594	0.053213	-0.016936	0.998440	0.233055	-0.972034	-0.028909	0.971007	0.234229	-0.047778
55147	9.435068	-0.135662	2.430583	0.343943	-0.187814	0.117672	0.055383	-0.017591	0.998310	0.236137	-0.971250	-0.030214	0.970140	0.237411	-0.049637
55148	9.298109	0.024899	2.562536	0.321250	-0.255763	0.086196	0.058049	-0.017781	0.998155	0.239176	-0.970475	-0.031198	0.969239	0.240546	-0.052083
55149	9.294320	-0.081086	2.511824	0.294665	-0.349999	0.077540	0.061551	-0.017652	0.997948	0.242017	-0.969742	-0.032080	0.968318	0.243495	-0.055417
55150	9.204149	-0.333517	2.666965	0.272347	-0.416664	0.061866	0.065716	-0.017196	0.997690	0.244587	-0.969072	-0.032813	0.967398	0.246178	-0.059477
55151	9.096675	-0.488313	2.692489	0.260809	-0.501554	0.035779	0.070631	-0.016273	0.997370	0.246902	-0.968469	-0.033286	0.966463	0.248603	-0.064386
55152	9.109884	-0.586696	2.822951	0.234356	-0.603855	0.001940	0.076450	-0.014748	0.996964	0.249138	-0.967891	-0.033423	0.965446	0.250937	-0.070321
55153	9.078304	-0.609343	2.945641	0.216334	-0.714129	-0.032287	0.083129	-0.012556	0.996460	0.251060	-0.967404	-0.033135	0.964395	0.252926	-0.077267
55154	8.977559	-0.573085	3.328946	0.161672	-0.842821	-0.064885	0.091070	-0.009755	0.995797	0.252649	-0.967009	-0.032579	0.963263	0.254554	-0.085601
55155	9.030797	-0.754774	3.593636	0.098085	-1.000694	-0.085689	0.100381	-0.006333	0.994929	0.253588	-0.966792	-0.031739	0.962090	0.255488	-0.095442
55156	8.952852	-1.063779	3.954239	0.042047	-1.142081	-0.100947	0.111086	-0.002401	0.993808	0.254074	-0.966696	-0.030736	0.960784	0.255915	-0.106776
55157	8.849777	-1.505972	4.268736	0.010850	-1.302084	-0.138001	0.123124	0.002264	0.992389	0.254198	-0.966707	-0.029333	0.959283	0.255875	-0.119600
55158	8.767200	-2.084310	4.413035	-0.010519	-1.483114	-0.180596	0.136859	0.007838	0.990560	0.254308	-0.966733	-0.027486	0.957391	0.255669	-0.134299
55159	8.970294	-2.592908	4.145106	0.035237	-1.652233	-0.251627	0.151873	0.014452	0.988294	0.254832	-0.966661	-0.025025	0.954984	0.255650	-0.150493
55160	9.237965	-2.683648	3.727365	0.109790	-1.792891	-0.326555	0.168113	0.022233	0.985517	0.256378	-0.966328	-0.021933	0.951845	0.256352	-0.168153
55161	9.805114	-2.677455	2.666387	0.209010	-1.969408	-0.396540	0.185529	0.031074	0.982147	0.258897	-0.965731	-0.018351	0.947919	0.257680	-0.187216
55162	10.801210	-2.534334	1.224623	0.267007	-2.071032	-0.450974	0.203918	0.040818	0.978137	0.262278	-0.964885	-0.014414	0.943201	0.259483	-0.207463
55163	13.156254	-0.958046	1.053318	0.342625	-2.107371	-0.445568	0.222483	0.050466	0.973629	0.265921	-0.963934	-0.010802	0.937970	0.261312	-0.227879
55164	15.708591	-0.280366	0.344774	0.165196	-2.093245	-0.377609	0.241034	0.059614	0.968684	0.268321	-0.963301	-0.007482	0.932688	0.261721	-0.248184
55165	15.647949	-0.196661	-0.482240	0.066097	-1.941186	-0.259890	0.258219	0.066984	0.963761	0.269091	-0.963101	-0.005159	0.927854	0.260672	-0.266716
55166	13.362462	-0.417106	-0.431231	-0.015875	-1.900047	-0.176534	0.275306	0.073657	0.958531	0.269395	-0.963024	-0.003372	0.922840	0.259152	-0.284969
55167	12.783939	-0.581937	-1.344432	-0.079874	-1.984627	-0.149009	0.292953	0.079976	0.952776	0.268536	-0.963268	-0.001711	0.917642	0.256355	-0.303669
55168	12.292392	-0.327090	-2.619259	-0.012459	-1.916152	-0.145408	0.310071	0.086307	0.946788	0.268841	-0.963184	-0.000244	0.911910	0.254611	-0.321858
55169	12.012511	0.518034	-3.747916	0.088167	-1.885182	-0.118037	0.326701	0.091992	0.940640	0.269495	-0.963002	0.000578	0.905891	0.253309	-0.339405
55170	11.429857	1.107345	-4.359575	0.104404	-1.698430	-0.138079	0.341643	0.097652	0.934743	0.270882	-0.962611	0.001558	0.899946	0.252672	-0.355322
55171	11.739966	1.529352	-4.479455	0.084060	-1.546208	-0.155587	0.354810	0.102852	0.929264	0.271833	-0.962341	0.002723	0.894549	0.251638	-0.369406
55172	11.899353	1.345522	-5.177967	0.063015	-1.395264	-0.155502	0.366810	0.107887	0.924019	0.272939	-0.962023	0.003975	0.889356	0.250742	-0.382327
55173	10.795936	1.271839	-5.505715	0.088111	-1.109481	-0.188207	0.375895	0.112288	0.919834	0.274126	-0.961679	0.005373	0.885188	0.250131	-0.392271
55174	9.631970	1.761412	-5.313367	0.116498	-0.993960	-0.232240	0.384013	0.117040	0.915880	0.276021	-0.961125	0.007091	0.881105	0.250079	-0.401390
55175	9.661174	2.530368	-5.867808	0.076578	-0.889432	-0.246062	0.390829	0.121453	0.912416	0.277249	-0.960755	0.009129	0.877716	0.249399	-0.409163
55176	9.415592	2.508420	-6.382122	0.051536	-0.780307	-0.236007	0.396987	0.125697	0.909176	0.278614	-0.960339	0.011115	0.874514	0.248896	-0.416263
55177	8.832817	2.148500	-5.902637	-0.086738	-0.601639	-0.277050	0.400990	0.129793	0.906841	0.278837	-0.960234	0.014138	0.872615	0.247192	-0.421235
55178	8.321143	1.251275	-5.310258	-0.077192	-0.453836	-0.279028	0.404145	0.133624	0.904882	0.279270	-0.960061	0.017042	0.871020	0.245819	-0.425321
55179	7.512545	0.190946	-5.144660	-0.100377	-0.212606	-0.258191	0.404962	0.136527	0.904083	0.279222	-0.960020	0.019904	0.870655	0.244380	-0.426893
55180	6.945520	0.097879	-5.152481	-0.001718	-0.039764	-0.229227	0.404644	0.138858	0.903871	0.280118	-0.959713	0.022034	0.870516	0.244274	-0.427238
55181	7.186508	-0.132553	-4.240547	-0.118850	0.269476	-0.160125	0.401577	0.139477	0.905142	0.279122	-0.959953	0.024087	0.872254	0.242973	-0.424426
55182	7.316742	-0.070233	-3.526017	-0.002776	0.640645	-0.085852	0.395716	0.138774	0.907827	0.279421	-0.959845	0.024928	0.874833	0.243802	-0.418603
55183	7.981345	0.116613	-2.946344	-0.033754	0.998201	-0.027904	0.386619	0.136467	0.912087	0.278938	-0.959973	0.025394	0.879044	0.244598	-0.409210
55184	8.254541	0.506390	-2.874745	-0.051821	1.314076	0.001698	0.375014	0.133261	0.917391	0.278454	-0.960107	0.025639	0.884210	0.245836	-0.397160
55185	8.024744	0.759152	-2.843922	-0.134698	1.571199	0.026114	0.360994	0.128811	0.923629	0.276366	-0.960701	0.025965	0.890676	0.245887	-0.382407
55186	7.590770	0.782259	-2.891681	-0.227870	1.899544	0.047759	0.344112	0.123712	0.930743	0.274136	-0.961328	0.026424	0.898018	0.246058	-0.364718
55187	7.572565	0.611229	-2.706825	-0.343872	2.111430	0.074543	0.325048	0.117680	0.938347	0.270483	-0.962346	0.026993	0.906191	0.245033	-0.344639
55188	7.945256	0.474287	-2.834728	-0.405165	2.377280	0.120367	0.303700	0.110742	0.946310	0.266389	-0.963480	0.027259	0.914770	0.243808	-0.322109
55189	8.031074	0.472863	-2.907612	-0.479106	2.570896	0.168351	0.280287	0.102909	0.954384	0.261649	-0.964780	0.027188	0.923569	0.242093	-0.297341
55190	8.145114	0.264902	-3.000714	-0.534296	2.790283	0.221650	0.254940	0.094079	0.962369	0.256068	-0.966292	0.026628	0.932435	0.239643	-0.270437
55191	8.061880	-0.056765	-2.968899	-0.529275	2.976306	0.298158	0.227400	0.084057	0.970167	0.250356	-0.967827	0.025173	0.941069	0.237163	-0.241128
55192	8.196156	-0.229870	-2.964433	-0.498687	3.152163	0.397481	0.198566	0.072800	0.977380	0.244763	-0.969323	0.022473	0.949033	0.234764	-0.210294
55193	8.417553	-0.291253	-2.964425	-0.447798	3.305166	0.491006	0.167784	0.060379	0.983973	0.240110	-0.970567	0.018613	0.956136	0.233139	-0.177343
55194	8.720924	-0.146022	-2.882609	-0.374800	3.423663	0.581644	0.136298	0.046810	0.989561	0.235594	-0.971758	0.013518	0.962246	0.231292	-0.143477
55195	8.791949	-0.022145	-2.578510	-0.288421	3.489682	0.664225	0.103800	0.032329	0.994073	0.232455	-0.972579	0.007357	0.967052	0.230314	-0.108469
55196	9.198626	-0.054066	-2.350234	-0.239418	3.494129	0.732681	0.071608	0.017209	0.997284	0.229453	-0.973320	0.000320	0.970682	0.228807	-0.073646
55197	9.461911	-0.199999	-2.093410	-0.187408	3.543489	0.807014	0.038766	0.001254	0.999248	0.227329	-0.973788	-0.007597	0.973046	0.227452	-0.038035
55198	9.458198	-0.342981	-1.679405	-0.155544	3.548235	0.851820	0.006118	-0.015051	0.999868	0.225581	-0.974092	-0.016043	0.974205	0.225649	-0.002564
55199	9.590621	-0.484404	-1.596263	-0.134708	3.550067	0.875864	-0.026812	-0.031594	0.999141	0.224819	-0.974086	-0.024769	0.974032	0.223962	0.033220
55200	9.356200	-0.485849	-1.360522	0.014007	3.552830	0.891311	-0.059416	-0.048178	0.997070	0.225295	-0.973710	-0.033624	0.972477	0.222637	0.068708
55201	9.456576	-0.319384	-0.969815	0.042491	3.496500	0.894554	-0.091557	-0.064706	0.993695	0.226767	-0.973023	-0.042466	0.969636	0.221449	0.103760
55202	9.512621	-0.364222	-0.586960	0.130119	3.487127	0.909061	-0.123259	-0.081217	0.989046	0.228956	-0.972085	-0.051290	0.965602	0.220126	0.138413
55203	9.266966	-0.287573	-0.140037	0.159384	3.385793	0.901477	-0.153910	-0.097421	0.983270	0.231737	-0.970931	-0.059925	0.960526	0.218637	0.172013
55204	9.192413	-0.597591	-0.176487	0.131851	3.265287	0.910352	-0.183088	-0.113328	0.976543	0.234485	-0.969698	-0.068571	0.954723	0.216430	0.204114
55205	8.987253	-1.093402	-0.011957	0.144677	3.083623	0.891255	-0.210443	-0.128601	0.969111	0.237549	-0.968326	-0.076914	0.948306	0.214025	0.234326
55206	9.640733	-1.200853	-0.471443	0.101432	2.902860	0.822979	-0.235937	-0.142704	0.961233	0.240295	-0.967008	-0.084581	0.941590	0.211023	0.262444
55207	8.622449	-1.574622	-0.202514	0.217896	2.888509	0.773352	-0.261242	-0.156230	0.952547	0.244177	-0.965416	-0.091374	0.933879	0.208719	0.290355
55208	8.523210	-1.716562	0.900287	0.235382	2.588554	0.672065	-0.283692	-0.168060	0.944073	0.248147	-0.963852	-0.097014	0.926252	0.206747	0.315141
55209	7.592646	-2.246085	1.168068	0.510659	2.412221	0.576724	-0.304568	-0.178598	0.935597	0.254467	-0.961817	-0.100766	0.917870	0.207388	0.338386
55210	7.215109	-2.112593	2.053825	0.553978	2.101720	0.485366	-0.322553	-0.187605	0.927774	0.261000	-0.959792	-0.103339	0.909857	0.208816	0.358548
55211	6.709363	-1.916092	2.763525	0.657584	1.830485	0.404793	-0.338144	-0.195326	0.920601	0.268201	-0.957659	-0.104677	0.902068	0.211510	0.376214
55212	6.471088	-1.320725	3.522555	0.577803	1.447907	0.290957	-0.350397	-0.201161	0.914744	0.274343	-0.955869	-0.105116	0.895521	0.214121	0.390121
55213	5.761502	-1.157285	3.377890	0.504629	1.061289	0.182898	-0.359449	-0.205190	0.910326	0.279396	-0.954438	-0.104811	0.890356	0.216668	0.400401
55214	4.584537	-0.604000	3.587028	0.501428	0.593605	0.051114	-0.364608	-0.206943	0.907874	0.283984	-0.953255	-0.103238	0.886800	0.220181	0.406333
55215	3.898299	-0.488379	3.274578	0.347441	0.043781	-0.064939	-0.365266	-0.206419	0.907729	0.286720	-0.952648	-0.101259	0.885648	0.223278	0.407155
55216	3.751493	-0.331536	2.615603	0.158882	-0.510253	-0.208642	-0.361371	-0.203256	0.909999	0.287318	-0.952736	-0.098704	0.887051	0.225790	0.402690
55217	4.270990	0.009794	1.837111	-0.046954	-1.025883	-0.360759	-0.353373	-0.197493	0.914398	0.285503	-0.953595	-0.095625	0.890851	0.227273	0.393359
55218	5.774061	0.491436	1.511704	-0.329468	-1.443541	-0.487443	-0.341879	-0.189532	0.920433	0.280811	-0.955304	-0.092410	0.896808	0.226875	0.379821
55219	9.465235	-0.826486	3.602680	-0.588722	-1.560775	-0.520519	-0.329355	-0.181032	0.926689	0.273664	-0.957623	-0.089812	0.903678	0.224021	0.364940
55220	13.178463	-4.149365	4.314970	-0.513829	-1.308893	-0.450602	-0.318738	-0.173767	0.931779	0.267493	-0.959583	-0.087450	0.909315	0.221371	0.352337
55221	16.579664	-6.680193	6.982678	-0.349127	-0.521178	-0.319015	-0.314921	-0.169561	0.933849	0.263193	-0.960927	-0.085721	0.911896	0.218787	0.347244
55222	12.028965	-7.806455	7.180972	0.622135	0.171109	-0.129344	-0.316852	-0.168668	0.933357	0.268398	-0.959784	-0.082328	0.909707	0.224425	0.349379
55223	5.229643	-4.781111	7.673642	1.137926	-0.024075	-0.123699	-0.317064	-0.167461	0.933503	0.278179	-0.957416	-0.077268	0.906690	0.235182	0.350147
55224	6.681584	-1.831487	5.508996	1.170744	-0.795088	-0.233627	-0.310549	-0.163279	0.936429	0.288005	-0.954993	-0.071004	0.905877	0.247646	0.343597
55225	11.185126	0.096145	3.536344	0.710013	-1.006300	-0.283120	-0.302359	-0.158100	0.939991	0.293381	-0.953712	-0.066038	0.906922	0.255808	0.334747
55226	13.871651	0.917666	4.655787	0.019957	-0.839303	-0.363329	-0.295831	-0.152452	0.942997	0.292423	-0.954242	-0.062533	0.909381	0.257255	0.326874
55227	13.327809	2.527353	5.706190	-0.372452	-0.767438	-0.468048	-0.290300	-0.146068	0.945722	0.287479	-0.955943	-0.059402	0.912733	0.254631	0.319502
55228	11.077369	1.168238	5.531562	-1.096904	-1.066273	-0.397404	-0.281684	-0.139567	0.949302	0.276245	-0.959271	-0.059063	0.918881	0.245603	0.308766
55229	11.789397	-2.146968	5.000982	-1.388019	-1.400710	-0.390582	-0.269917	-0.132495	0.953724	0.262199	-0.963172	-0.059602	0.926497	0.233978	0.294717
55230	12.853164	-1.680529	4.696132	-0.986682	-1.614480	-0.516723	-0.256260	-0.123764	0.958652	0.251612	-0.966120	-0.057469	0.933286	0.226481	0.278718
55231	12.083647	0.044960	4.887302	-0.787983	-1.769050	-0.700496	-0.241530	-0.113083	0.963782	0.242316	-0.968752	-0.052941	0.939652	0.220753	0.261384
55232	10.774977	1.343517	3.867159	-0.636743	-1.863276	-0.818042	-0.225944	-0.101045	0.968886	0.234350	-0.971034	-0.046619	0.945531	0.216525	0.243079
55233	8.562740	2.399764	2.208689	-0.554269	-1.888640	-0.838450	-0.210076	-0.088892	0.973636	0.227101	-0.973056	-0.039839	0.950943	0.212745	0.224603
55234	7.941341	1.597805	0.512699	-0.581917	-1.970857	-0.786731	-0.193068	-0.077046	0.978156	0.219915	-0.974948	-0.033387	0.956223	0.208665	0.205175
55235	8.015338	0.489194	-1.158227	-0.292434	-1.772987	-0.769090	-0.177855	-0.065898	0.981848	0.215542	-0.976136	-0.026470	0.960161	0.206922	0.187815
55236	7.731716	1.418276	-1.687195	0.020219	-1.587762	-0.789712	-0.164314	-0.054863	0.984881	0.214335	-0.976582	-0.018642	0.962840	0.208031	0.172225
55237	8.326292	2.953704	-3.250655	0.075002	-1.568379	-0.785644	-0.150965	-0.043945	0.987562	0.213692	-0.976841	-0.010802	0.965166	0.209403	0.156860
55238	9.492886	3.132593	-4.203662	-0.324420	-1.397565	-0.747339	-0.139066	-0.033704	0.989709	0.209422	-0.977818	-0.003873	0.967886	0.206729	0.143039
55239	9.953076	1.622235	-3.818349	-0.661013	-1.232502	-0.654166	-0.128534	-0.024792	0.991395	0.202050	-0.979374	0.001704	0.970904	0.200530	0.130892
55240	10.138478	-0.143706	-3.337832	-0.711121	-1.191566	-0.570987	-0.118107	-0.016817	0.992858	0.194382	-0.980904	0.006508	0.973790	0.193762	0.119121
55241	10.500448	-0.758196	-2.553898	-0.575235	-1.108869	-0.534324	-0.108371	-0.009442	0.994066	0.188096	-0.982087	0.011177	0.976153	0.188191	0.108206
55242	10.622130	-0.392580	-2.406097	-0.426239	-0.972283	-0.491490	-0.099811	-0.002774	0.995003	0.183371	-0.982919	0.015654	0.977964	0.184017	0.098615
55243	9.955312	0.379641	-1.527273	-0.361190	-0.794842	-0.446128	-0.092881	0.003075	0.995672	0.179337	-0.983589	0.019767	0.979393	0.180397	0.090806
55244	9.970188	0.758192	-0.836288	-0.388506	-0.805677	-0.420451	-0.085757	0.008679	0.996278	0.175105	-0.984266	0.023647	0.980808	0.176481	0.082888
55245	9.968672	1.322189	-0.221512	-0.403473	-0.748384	-0.387197	-0.079114	0.013817	0.996770	0.170765	-0.984936	0.027207	0.982131	0.172365	0.075563
55246	9.831373	1.231891	-0.035955	-0.371828	-0.776217	-0.336300	-0.072080	0.018484	0.997228	0.166808	-0.985523	0.030324	0.983351	0.168531	0.067954
55247	9.675887	0.858841	0.082379	-0.331531	-0.787389	-0.301488	-0.064861	0.022798	0.997634	0.163289	-0.986021	0.033149	0.984444	0.165052	0.060232
55248	9.637599	0.193999	0.051320	-0.161081	-0.777413	-0.310486	-0.057736	0.027166	0.997962	0.161464	-0.986215	0.036188	0.985188	0.163224	0.052553
55249	9.598605	0.169986	-0.104968	0.038553	-0.750157	-0.326629	-0.050900	0.031643	0.998202	0.161619	-0.986062	0.039500	0.985540	0.163339	0.045076
55250	9.651088	-0.070308	-0.108321	0.110219	-0.736875	-0.317341	-0.044178	0.036009	0.998375	0.162507	-0.985781	0.042746	0.985718	0.164131	0.037698
55251	9.817921	0.232626	-0.108803	0.248209	-0.741140	-0.322769	-0.037427	0.040445	0.998481	0.164775	-0.985254	0.046086	0.985621	0.166249	0.030211
55252	9.978440	0.987419	-0.141887	0.235981	-0.784315	-0.317600	-0.030251	0.044916	0.998533	0.166946	-0.984730	0.049352	0.985502	0.168194	0.022290
55253	9.855607	1.486445	-0.346109	0.195490	-0.788767	-0.306566	-0.023018	0.049298	0.998519	0.168745	-0.984261	0.052484	0.985391	0.169703	0.014337
55254	9.695863	1.694450	-0.370888	0.047826	-0.807771	-0.285810	-0.015567	0.053512	0.998446	0.169115	-0.984039	0.055377	0.985473	0.169714	0.006269
55255	9.654396	1.598664	-0.657882	-0.018826	-0.801806	-0.258049	-0.008126	0.057450	0.998315	0.168863	-0.983932	0.057997	0.985606	0.169050	-0.001706
55256	9.665909	1.373942	-0.860616	-0.071540	-0.783655	-0.218733	-0.000797	0.060953	0.998140	0.168102	-0.983928	0.060219	0.985769	0.167838	-0.009462
55257	9.754492	1.085938	-1.292095	-0.033547	-0.772371	-0.199612	0.006458	0.064259	0.997912	0.167752	-0.983861	0.062268	0.985808	0.167000	-0.017134
55258	9.934568	0.844894	-1.419669	0.028980	-0.733033	-0.181658	0.013352	0.067300	0.997643	0.168010	-0.983698	0.064110	0.985695	0.166758	-0.024442
55259	9.911079	0.853146	-1.621438	0.123307	-0.685569	-0.174200	0.019795	0.070214	0.997336	0.169235	-0.983372	0.065872	0.985377	0.167480	-0.031348
55260	9.866157	1.043162	-1.464190	0.138807	-0.648541	-0.161229	0.025883	0.072918	0.997002	0.170594	-0.983029	0.067467	0.985001	0.168336	-0.037883
55261	9.635834	1.065650	-1.304962	0.142249	-0.609277	-0.156307	0.031600	0.075545	0.996642	0.172031	-0.982670	0.069032	0.984585	0.169272	-0.044049
55262	9.573064	1.283224	-1.286907	0.120510	-0.618019	-0.128641	0.037435	0.077888	0.996259	0.173217	-0.982372	0.070293	0.984172	0.169938	-0.050267
55263	9.609061	1.451072	-1.096468	-0.009882	-0.596804	-0.116529	0.043090	0.080107	0.995854	0.173157	-0.982294	0.071524	0.983951	0.169357	-0.056198
