// General information: 
//  MT Manager version: 2022.2.0 
//  XDA version: 2022.2.0 build 7381 rev 124627 built on 2023-07-19
// Device information: 
//  DeviceId: 00B4CB9F
//  ProductCode: MTW2-3A7G6
//  Firmware Version: 4.6.0
//  Hardware Version: 2.0.0
// Device settings: 
//  Filter Profile: human(46.1)
//  Option Flags: Orientation Smoother Disabled, Position/Velocity Smoother Disabled, Continuous Zero Rotation Update Disabled, AHS Disabled, ICC Disabled
// Coordinate system: ENU
PacketCounter	Acc_X	Acc_Y	Acc_Z	Gyr_X	Gyr_Y	Gyr_Z	Mat[1][1]	Mat[2][1]	Mat[3][1]	Mat[1][2]	Mat[2][2]	Mat[3][2]	Mat[1][3]	Mat[2][3]	Mat[3][3]
49332	9.479773	0.621308	-2.357831	-0.003874	-0.002915	-0.007018	-0.218553	-0.119269	0.968509	-0.236378	0.969414	0.066040	-0.946763	-0.214501	-0.240061
49333	9.490337	0.590425	-2.349039	-0.004411	-0.004345	-0.004830	-0.218654	-0.119299	0.968482	-0.236344	0.969421	0.066055	-0.946748	-0.214452	-0.240164
49334	9.484962	0.635756	-2.318758	-0.009244	-0.004397	-0.001618	-0.218742	-0.119302	0.968462	-0.236254	0.969443	0.066061	-0.946750	-0.214352	-0.240244
49335	9.546414	0.606805	-2.362712	-0.010656	-0.006182	-0.004654	-0.218821	-0.119190	0.968458	-0.236001	0.969509	0.065995	-0.946795	-0.214116	-0.240278
49336	9.505254	0.646451	-2.310707	-0.008632	-0.005232	-0.003285	-0.218913	-0.119210	0.968435	-0.235919	0.969528	0.066015	-0.946794	-0.214021	-0.240367
49337	9.515795	0.615548	-2.302058	-0.009070	-0.005408	-0.005897	-0.219030	-0.119182	0.968412	-0.235784	0.969562	0.065995	-0.946801	-0.213882	-0.240464
49338	9.530810	0.612392	-2.333264	-0.011879	-0.004511	-0.001315	-0.219120	-0.119181	0.968392	-0.235668	0.969590	0.066003	-0.946809	-0.213756	-0.240543
49339	9.530687	0.612924	-2.333628	-0.012317	-0.004687	-0.003927	-0.219365	-0.119033	0.968354	-0.235389	0.969666	0.065870	-0.946821	-0.213491	-0.240730
49340	9.543537	0.596096	-2.344574	-0.011931	0.001275	-0.007152	-0.219387	-0.119076	0.968344	-0.235285	0.969687	0.065935	-0.946842	-0.213371	-0.240753
49341	9.561836	0.592623	-2.315718	-0.013366	-0.004028	-0.004869	-0.219532	-0.119101	0.968308	-0.235267	0.969692	0.065932	-0.946813	-0.213336	-0.240899
49342	9.531276	0.542713	-2.324710	-0.012467	-0.000155	-0.004962	-0.219573	-0.119126	0.968296	-0.235152	0.969717	0.065977	-0.946832	-0.213210	-0.240937
49343	9.515136	0.561601	-2.373393	-0.006834	0.002518	-0.003471	-0.219530	-0.119110	0.968308	-0.235056	0.969739	0.065995	-0.946866	-0.213119	-0.240884
49344	9.502236	0.579747	-2.362298	0.001683	0.002029	-0.006043	-0.219547	-0.119140	0.968300	-0.235078	0.969732	0.066016	-0.946857	-0.213132	-0.240909
49345	9.512964	0.548589	-2.353036	0.004757	0.002320	-0.003733	-0.219622	-0.118978	0.968303	-0.234935	0.969776	0.065873	-0.946875	-0.213021	-0.240937
49346	9.522833	0.590090	-2.353104	0.010276	-0.000724	-0.008096	-0.219661	-0.119034	0.968287	-0.235042	0.969749	0.065893	-0.946839	-0.213114	-0.240994
49347	9.504420	0.594977	-2.382065	0.003345	0.000537	-0.006768	-0.219777	-0.118953	0.968271	-0.235001	0.969766	0.065796	-0.946822	-0.213084	-0.241087
49348	9.502212	0.581566	-2.361947	0.005292	0.003753	-0.005919	-0.219779	-0.118977	0.968267	-0.235056	0.969752	0.065806	-0.946808	-0.213135	-0.241098
49349	9.519643	0.592175	-2.412363	0.007928	0.003869	-0.006220	-0.219696	-0.118934	0.968292	-0.235038	0.969757	0.065787	-0.946832	-0.213132	-0.241006
49350	9.493823	0.627798	-2.390361	0.006342	0.003095	-0.004975	-0.219706	-0.118951	0.968287	-0.235101	0.969742	0.065785	-0.946814	-0.213192	-0.241023
49351	9.486217	0.600908	-2.409935	0.006342	0.003096	-0.004975	-0.219779	-0.118969	0.968268	-0.235320	0.969693	0.065731	-0.946743	-0.213407	-0.241114
49352	9.493873	0.628561	-2.389965	0.003345	0.000538	-0.006767	-0.219809	-0.119009	0.968257	-0.235359	0.969682	0.065754	-0.946726	-0.213434	-0.241155
49353	9.465735	0.650607	-2.348292	0.002908	0.000362	-0.009378	-0.219779	-0.119164	0.968244	-0.235629	0.969610	0.065848	-0.946666	-0.213675	-0.241179
49354	9.471001	0.606342	-2.378938	0.001148	0.000598	-0.003855	-0.219816	-0.119176	0.968235	-0.235641	0.969607	0.065848	-0.946654	-0.213681	-0.241218
49355	9.499195	0.643562	-2.350154	-0.007732	-0.001359	-0.003378	-0.219853	-0.119184	0.968225	-0.235596	0.969617	0.065859	-0.946657	-0.213631	-0.241253
49356	9.476381	0.620491	-2.339121	-0.003149	0.001973	-0.002830	-0.219879	-0.119182	0.968219	-0.235564	0.969625	0.065859	-0.946659	-0.213597	-0.241275
49357	9.474177	0.607013	-2.319012	-0.005172	0.001023	-0.004197	-0.219877	-0.119081	0.968232	-0.235402	0.969668	0.065800	-0.946700	-0.213456	-0.241240
49358	9.448152	0.584431	-2.367765	-0.003609	-0.001724	-0.000124	-0.219944	-0.119061	0.968220	-0.235360	0.969680	0.065775	-0.946694	-0.213413	-0.241298
49359	9.458842	0.553016	-2.358792	0.000612	-0.000834	-0.001668	-0.219922	-0.119041	0.968227	-0.235356	0.969682	0.065762	-0.946700	-0.213416	-0.241272
49360	9.494494	0.558829	-2.380985	0.008135	-0.006448	0.000655	-0.220036	-0.119024	0.968203	-0.235424	0.969670	0.065701	-0.946657	-0.213481	-0.241383
49361	9.563567	0.556446	-2.405504	0.008824	-0.009546	-0.000494	-0.220220	-0.119069	0.968156	-0.235683	0.969611	0.065639	-0.946550	-0.213723	-0.241591
49362	9.606734	0.589118	-2.408457	0.007064	-0.009310	0.005029	-0.220371	-0.119016	0.968128	-0.235731	0.969606	0.065539	-0.946503	-0.213775	-0.241729
49363	9.624965	0.584446	-2.380201	0.004374	-0.003640	-0.000506	-0.220609	-0.119019	0.968073	-0.235909	0.969569	0.065443	-0.946403	-0.213940	-0.241973
49364	9.563273	0.613887	-2.336965	0.004909	-0.002208	-0.002693	-0.220675	-0.119025	0.968058	-0.235953	0.969560	0.065422	-0.946377	-0.213979	-0.242042
49365	9.529765	0.622018	-2.334985	0.005118	0.004764	-0.001640	-0.220688	-0.118973	0.968061	-0.235973	0.969559	0.065363	-0.946369	-0.214011	-0.242045
49366	9.520001	0.581062	-2.334440	0.004680	0.004588	-0.004251	-0.220687	-0.118980	0.968061	-0.236019	0.969548	0.065358	-0.946358	-0.214057	-0.242048
49367	9.532154	0.636422	-2.354078	0.006265	0.005363	-0.005494	-0.220775	-0.119029	0.968034	-0.236182	0.969509	0.065346	-0.946296	-0.214205	-0.242156
49368	9.492059	0.603094	-2.291988	0.008977	0.003215	-0.005274	-0.220784	-0.119049	0.968030	-0.236271	0.969488	0.065340	-0.946272	-0.214291	-0.242175
49369	9.475963	0.621575	-2.340528	0.007315	0.004706	-0.004550	-0.220858	-0.119113	0.968005	-0.236506	0.969431	0.065328	-0.946196	-0.214510	-0.242278
49370	9.478242	0.635611	-2.360173	0.002559	0.002383	-0.000819	-0.220886	-0.119091	0.968001	-0.236524	0.969429	0.065295	-0.946185	-0.214533	-0.242301
49371	9.478252	0.635917	-2.360051	0.000710	0.000422	-0.006465	-0.220984	-0.119073	0.967981	-0.236520	0.969433	0.065256	-0.946163	-0.214527	-0.242392
49372	9.472819	0.622977	-2.399756	-0.006321	0.000422	-0.000344	-0.221032	-0.119051	0.967973	-0.236454	0.969450	0.065239	-0.946168	-0.214461	-0.242429
49373	9.483522	0.591680	-2.390722	-0.005632	-0.002677	-0.001492	-0.221163	-0.118929	0.967958	-0.236258	0.969505	0.065138	-0.946186	-0.214282	-0.242517
49374	9.477974	0.578579	-2.430922	-0.005478	-0.007208	-0.000453	-0.221284	-0.118924	0.967931	-0.236200	0.969520	0.065120	-0.946173	-0.214215	-0.242629
49375	9.527512	0.552545	-2.384487	-0.005555	-0.004942	-0.000972	-0.221312	-0.118891	0.967929	-0.236138	0.969537	0.065097	-0.946182	-0.214158	-0.242644
49376	9.514498	0.570278	-2.373884	-0.006856	-0.001009	0.001844	-0.221378	-0.118851	0.967919	-0.236062	0.969558	0.065061	-0.946185	-0.214086	-0.242695
49377	9.512271	0.556304	-2.354029	-0.005806	-0.001666	0.002788	-0.221523	-0.118709	0.967903	-0.235936	0.969598	0.064918	-0.946183	-0.213983	-0.242796
49378	9.499229	0.574179	-2.343506	-0.005381	-0.005951	-0.005250	-0.221620	-0.118747	0.967876	-0.235889	0.969607	0.064946	-0.946172	-0.213918	-0.242895
49379	9.506795	0.601882	-2.323849	-0.003150	0.001972	-0.002829	-0.221733	-0.118709	0.967855	-0.235892	0.969611	0.064882	-0.946144	-0.213923	-0.242997
49380	9.519720	0.584549	-2.334714	-0.002996	-0.002559	-0.001791	-0.221807	-0.118706	0.967838	-0.235860	0.969619	0.064871	-0.946135	-0.213886	-0.243066
49381	9.501260	0.589156	-2.363895	0.000251	-0.003275	-0.003759	-0.221827	-0.118708	0.967833	-0.235846	0.969623	0.064872	-0.946134	-0.213869	-0.243086
49382	9.529337	0.626353	-2.335572	0.003575	-0.006256	-0.005208	-0.221927	-0.118747	0.967806	-0.235884	0.969613	0.064878	-0.946101	-0.213892	-0.243194
49383	9.542125	0.608900	-2.347031	0.001816	-0.006021	0.000314	-0.222065	-0.118581	0.967794	-0.235742	0.969658	0.064717	-0.946104	-0.213778	-0.243282
49384	9.523619	0.613291	-2.376424	0.001301	-0.003932	-0.002816	-0.222149	-0.118591	0.967774	-0.235753	0.969657	0.064705	-0.946082	-0.213781	-0.243366
49385	9.508328	0.617349	-2.346117	0.000940	-0.006373	-0.004907	-0.222284	-0.118756	0.967722	-0.236077	0.969574	0.064757	-0.945969	-0.214062	-0.243557
49386	9.528865	0.626954	-2.337338	-0.001836	0.002499	0.005002	-0.222326	-0.118677	0.967723	-0.236041	0.969588	0.064677	-0.945968	-0.214042	-0.243577
49387	9.518999	0.585745	-2.337353	0.002963	-0.005422	-0.003540	-0.222370	-0.118700	0.967710	-0.236118	0.969570	0.064670	-0.945939	-0.214113	-0.243630
49388	9.513452	0.572665	-2.377499	-0.000361	-0.002441	-0.002091	-0.222441	-0.118700	0.967693	-0.236112	0.969572	0.064655	-0.945923	-0.214102	-0.243699
49389	9.503552	0.531542	-2.377629	0.003763	-0.002805	0.001161	-0.222477	-0.118670	0.967689	-0.236193	0.969557	0.064597	-0.945895	-0.214189	-0.243733
49390	9.507850	0.559254	-2.417925	0.003402	-0.005246	-0.000929	-0.222578	-0.118665	0.967666	-0.236220	0.969552	0.064562	-0.945864	-0.214212	-0.243832
49391	9.456836	0.557115	-2.365861	0.005064	-0.006736	-0.001654	-0.222654	-0.118743	0.967639	-0.236423	0.969502	0.064571	-0.945795	-0.214395	-0.243938
49392	9.512932	0.572678	-2.379575	0.005753	-0.009834	-0.002801	-0.222794	-0.118766	0.967604	-0.236477	0.969491	0.064548	-0.945749	-0.214435	-0.244082
49393	9.479119	0.580672	-2.378814	0.010567	-0.013294	-0.000695	-0.222962	-0.118826	0.967558	-0.236692	0.969441	0.064514	-0.945656	-0.214629	-0.244274
49394	9.501568	0.603914	-2.391178	0.014253	-0.013832	-0.000052	-0.223146	-0.118831	0.967515	-0.236820	0.969414	0.064445	-0.945580	-0.214746	-0.244462
49395	9.495892	0.648663	-2.362068	0.006598	-0.017459	-0.002904	-0.223380	-0.118887	0.967454	-0.236924	0.969390	0.064420	-0.945499	-0.214823	-0.244710
49396	9.523698	0.685671	-2.335023	-0.001307	-0.017812	-0.001998	-0.223597	-0.118919	0.967400	-0.236909	0.969395	0.064407	-0.945451	-0.214785	-0.244927
49397	9.556834	0.678053	-2.338428	-0.001902	-0.013458	-0.005649	-0.223754	-0.118999	0.967354	-0.236973	0.969377	0.064435	-0.945398	-0.214820	-0.245102
49398	9.544579	0.623487	-2.319215	-0.002308	-0.005656	-0.002933	-0.223854	-0.119015	0.967329	-0.236952	0.969382	0.064433	-0.945380	-0.214786	-0.245201
49399	9.495596	0.577375	-2.357403	-0.002307	-0.005655	-0.002933	-0.223882	-0.118992	0.967325	-0.236866	0.969404	0.064426	-0.945395	-0.214703	-0.245217
49400	9.487783	0.550345	-2.377794	0.002430	-0.006850	-0.001349	-0.223996	-0.118995	0.967298	-0.236886	0.969401	0.064398	-0.945363	-0.214714	-0.245330
49401	9.536183	0.538504	-2.411501	0.004688	-0.012691	0.001579	-0.224141	-0.119019	0.967262	-0.237045	0.969365	0.064348	-0.945289	-0.214861	-0.245488
49402	9.552194	0.519848	-2.363743	0.009709	-0.009181	0.004731	-0.224292	-0.118968	0.967233	-0.237120	0.969354	0.064243	-0.945234	-0.214941	-0.245628
49403	9.489353	0.563028	-2.400410	0.007891	-0.003164	0.004413	-0.224314	-0.118918	0.967234	-0.237252	0.969327	0.064154	-0.945196	-0.215088	-0.245647
49404	9.520671	0.540639	-2.382668	0.003153	-0.001969	0.002829	-0.224391	-0.118870	0.967222	-0.237270	0.969328	0.064083	-0.945173	-0.215113	-0.245713
49405	9.466487	0.539004	-2.389910	0.008154	-0.002919	-0.004662	-0.224526	-0.118803	0.967199	-0.237271	0.969334	0.063986	-0.945141	-0.215122	-0.245829
49406	9.454369	0.484151	-2.370233	0.009284	-0.005838	-0.003197	-0.224626	-0.118822	0.967173	-0.237359	0.969314	0.063958	-0.945095	-0.215201	-0.245936
49407	9.466199	0.539191	-2.391008	0.010335	-0.006494	-0.002253	-0.224815	-0.118701	0.967144	-0.237341	0.969329	0.063799	-0.945054	-0.215200	-0.246092
49408	9.484406	0.534946	-2.363023	0.012687	-0.011078	-0.004120	-0.224963	-0.118740	0.967105	-0.237464	0.969301	0.063772	-0.944988	-0.215306	-0.246253
49409	9.467863	0.552911	-2.412973	0.016203	-0.010604	0.000798	-0.225010	-0.118746	0.967093	-0.237641	0.969261	0.063721	-0.944932	-0.215483	-0.246312
49410	9.490283	0.576031	-2.425426	0.017582	-0.016795	-0.001488	-0.225218	-0.118772	0.967042	-0.237804	0.969225	0.063657	-0.944842	-0.215630	-0.246531
49411	9.476950	0.593252	-2.416256	0.018024	-0.016615	0.001124	-0.225492	-0.118766	0.966979	-0.238064	0.969170	0.063520	-0.944711	-0.215880	-0.246813
49412	9.515523	0.598237	-2.380459	0.008862	-0.023282	0.000050	-0.225764	-0.118790	0.966912	-0.238141	0.969155	0.063462	-0.944626	-0.215934	-0.247090
49413	9.491304	0.647309	-2.380806	0.006680	-0.019707	-0.002358	-0.226034	-0.118700	0.966860	-0.238041	0.969188	0.063337	-0.944587	-0.215837	-0.247325
49414	9.514561	0.598198	-2.384314	0.003356	-0.016729	-0.000912	-0.226243	-0.118720	0.966809	-0.238068	0.969183	0.063301	-0.944530	-0.215845	-0.247534
49415	9.503358	0.629819	-2.395077	-0.001304	-0.017799	-0.001971	-0.226439	-0.118701	0.966766	-0.238022	0.969198	0.063249	-0.944495	-0.215789	-0.247718
49416	9.534341	0.607989	-2.378688	0.000111	-0.016013	0.001059	-0.226645	-0.118700	0.966717	-0.238014	0.969203	0.063203	-0.944448	-0.215768	-0.247918
49417	9.501414	0.543137	-2.368872	0.000554	-0.015834	0.003670	-0.226902	-0.118684	0.966659	-0.238053	0.969199	0.063118	-0.944376	-0.215794	-0.248166
49418	9.465419	0.537022	-2.348337	0.001085	-0.014404	0.001480	-0.227094	-0.118675	0.966615	-0.238053	0.969203	0.063065	-0.944330	-0.215784	-0.248351
49419	9.421712	0.503632	-2.347609	0.007487	-0.017081	0.002342	-0.227376	-0.118601	0.966558	-0.238094	0.969202	0.062916	-0.944252	-0.215826	-0.248611
49420	9.446118	0.540424	-2.380635	0.009751	-0.022912	0.005280	-0.227658	-0.118574	0.966495	-0.238168	0.969191	0.062804	-0.944165	-0.215890	-0.248884
49421	9.535342	0.547201	-2.398124	0.014658	-0.025110	0.002590	-0.227959	-0.118550	0.966427	-0.238274	0.969173	0.062684	-0.944066	-0.215985	-0.249179
49422	9.565232	0.597188	-2.391925	0.016075	-0.023322	0.005621	-0.228246	-0.118521	0.966363	-0.238406	0.969149	0.062553	-0.943963	-0.216109	-0.249460
49423	9.566842	0.610167	-2.414130	0.013362	-0.021177	0.005403	-0.228456	-0.118542	0.966310	-0.238617	0.969102	0.062471	-0.943859	-0.216306	-0.249683
49424	9.536362	0.616933	-2.354504	0.010727	-0.021294	0.005710	-0.228723	-0.118507	0.966251	-0.238699	0.969090	0.062353	-0.943774	-0.216382	-0.249941
49425	9.550860	0.612465	-2.387555	0.014580	-0.022839	0.002076	-0.229004	-0.118525	0.966183	-0.238903	0.969046	0.062251	-0.943654	-0.216569	-0.250231
49426	9.521940	0.575297	-2.418371	0.011056	-0.023314	-0.002834	-0.229270	-0.118577	0.966113	-0.239008	0.969022	0.062215	-0.943563	-0.216645	-0.250509
49427	9.478076	0.541771	-2.418132	0.011704	-0.019680	0.006134	-0.229459	-0.118598	0.966066	-0.239248	0.968969	0.062128	-0.943456	-0.216873	-0.250713
49428	9.502438	0.578559	-2.451192	0.013977	-0.018491	-0.001581	-0.229682	-0.118628	0.966009	-0.239377	0.968940	0.062073	-0.943369	-0.216984	-0.250945
49429	9.484946	0.568137	-2.402100	0.013815	-0.017476	0.002696	-0.229843	-0.118679	0.965965	-0.239643	0.968878	0.062016	-0.943262	-0.217233	-0.251131
49430	9.510799	0.590552	-2.355557	0.016611	-0.021873	0.003449	-0.230110	-0.118668	0.965902	-0.239786	0.968850	0.061905	-0.943161	-0.217365	-0.251397
49431	9.458236	0.602118	-2.384437	0.018193	-0.021097	0.002203	-0.230297	-0.118633	0.965862	-0.239898	0.968829	0.061797	-0.943087	-0.217476	-0.251578
49432	9.433412	0.592404	-2.455286	0.013245	-0.026865	-0.000399	-0.230601	-0.118670	0.965785	-0.240017	0.968804	0.061732	-0.942982	-0.217570	-0.251890
49433	9.435800	0.533349	-2.468352	0.006314	-0.025617	0.000938	-0.230963	-0.118844	0.965677	-0.240334	0.968725	0.061738	-0.942813	-0.217826	-0.252301
49434	9.360308	0.362669	-2.447030	0.005994	-0.020084	0.004155	-0.231215	-0.118823	0.965619	-0.240375	0.968721	0.061647	-0.942740	-0.217857	-0.252544
49435	9.205112	0.224721	-2.409960	0.030573	-0.011911	0.016714	-0.231359	-0.118590	0.965613	-0.240578	0.968691	0.061326	-0.942653	-0.218117	-0.252646
49436	9.090604	0.046366	-2.425241	0.044807	-0.015455	0.021468	-0.231609	-0.118391	0.965578	-0.240945	0.968622	0.060970	-0.942498	-0.218530	-0.252868
49437	8.920414	-0.090266	-2.357021	0.076042	-0.016700	0.036502	-0.231909	-0.117974	0.965557	-0.241557	0.968510	0.060317	-0.942268	-0.219249	-0.253103
49438	8.844394	-0.003936	-2.214164	0.106342	-0.029748	0.046401	-0.232354	-0.117565	0.965500	-0.242445	0.968335	0.059564	-0.941930	-0.220241	-0.253500
49439	9.004976	0.200670	-1.877773	0.111822	-0.054664	0.058201	-0.233117	-0.117122	0.965370	-0.243472	0.968132	0.058664	-0.941476	-0.221365	-0.254204
49440	9.432999	0.543698	-1.510112	0.101384	-0.064302	0.070724	-0.233948	-0.116555	0.965237	-0.244255	0.967994	0.057687	-0.941067	-0.222269	-0.254929
49441	9.808568	0.915056	-0.979906	0.042092	-0.049449	0.100460	-0.234783	-0.115647	0.965144	-0.244469	0.968008	0.056520	-0.940804	-0.222678	-0.255544
49442	10.029543	1.320660	-0.527552	0.000045	-0.018337	0.130773	-0.235328	-0.114397	0.965160	-0.244157	0.968162	0.055222	-0.940749	-0.222655	-0.255767
49443	10.018579	1.633345	-0.306913	-0.015696	0.009671	0.126615	-0.235529	-0.113094	0.965265	-0.243734	0.968339	0.053982	-0.940808	-0.222554	-0.255636
49444	10.050400	1.817384	-0.315634	-0.061480	0.033770	0.109416	-0.235530	-0.111935	0.965399	-0.242893	0.968602	0.053047	-0.941025	-0.221994	-0.255323
49445	10.134889	1.918077	-0.284534	-0.109804	0.055552	0.093083	-0.235166	-0.110850	0.965614	-0.241667	0.968945	0.052376	-0.941432	-0.221040	-0.254651
49446	10.286324	1.999697	-0.523651	-0.151383	0.082741	0.094702	-0.234667	-0.109725	0.965863	-0.240014	0.969386	0.051811	-0.941979	-0.219662	-0.253819
49447	10.527587	2.060171	-0.674928	-0.179012	0.101750	0.099640	-0.233930	-0.108535	0.966177	-0.238157	0.969871	0.051288	-0.942634	-0.218104	-0.252730
49448	10.902841	1.913155	-0.712325	-0.203881	0.128952	0.109682	-0.233026	-0.107166	0.966548	-0.235973	0.970436	0.050706	-0.943406	-0.216264	-0.251425
49449	11.130012	1.687245	-0.515349	-0.232446	0.208328	0.110665	-0.231263	-0.105690	0.967133	-0.233688	0.971013	0.050234	-0.944408	-0.214390	-0.249258
49450	11.139320	1.341827	-0.147135	-0.278576	0.314213	0.090607	-0.228556	-0.104115	0.967947	-0.230842	0.971705	0.050012	-0.945766	-0.212013	-0.246123
49451	11.001525	0.916476	0.248479	-0.292564	0.433257	0.079256	-0.224664	-0.102546	0.969026	-0.228101	0.972352	0.050014	-0.947363	-0.209799	-0.241843
49452	10.764161	0.545497	0.618815	-0.282590	0.546010	0.039664	-0.219628	-0.100996	0.970342	-0.225328	0.972985	0.050270	-0.949205	-0.207605	-0.236452
49453	10.645814	0.246752	0.971265	-0.248258	0.626857	0.019149	-0.213672	-0.099411	0.971834	-0.222896	0.973529	0.050578	-0.951137	-0.205811	-0.230174
49454	10.482344	0.018954	1.223376	-0.180127	0.722799	0.001722	-0.206846	-0.097885	0.973465	-0.221173	0.973904	0.050934	-0.953046	-0.204769	-0.223098
49455	10.141855	-0.120124	1.518774	-0.105319	0.812045	-0.012854	-0.198887	-0.096305	0.975279	-0.220243	0.974096	0.051274	-0.954954	-0.204601	-0.214946
49456	9.927567	-0.159845	1.817295	-0.042115	0.895354	-0.027331	-0.190321	-0.094712	0.977143	-0.219890	0.974159	0.051594	-0.956779	-0.205045	-0.206229
49457	9.970347	-0.076927	2.191132	-0.011803	0.983676	-0.041923	-0.180712	-0.093032	0.979126	-0.219876	0.974142	0.051977	-0.958644	-0.205893	-0.196494
49458	10.175699	0.120977	2.719947	-0.025320	1.119975	-0.068556	-0.169865	-0.091364	0.981223	-0.219751	0.974134	0.052662	-0.960654	-0.206679	-0.185548
49459	10.371457	0.554692	3.167533	-0.095274	1.320295	-0.098338	-0.156858	-0.089571	0.983551	-0.219180	0.974202	0.053764	-0.962993	-0.207142	-0.172443
49460	10.491702	0.984948	3.753678	-0.151448	1.579933	-0.126025	-0.141398	-0.087501	0.986078	-0.217906	0.974406	0.055219	-0.965673	-0.207065	-0.156846
49461	10.584319	1.231749	4.578119	-0.270223	1.845061	-0.175418	-0.123002	-0.085323	0.988732	-0.215650	0.974788	0.057292	-0.968693	-0.206173	-0.138300
49462	11.804248	1.188965	5.819174	-0.320607	2.205959	-0.271516	-0.101067	-0.083411	0.991377	-0.212844	0.975221	0.060353	-0.971845	-0.204909	-0.116316
49463	12.642633	1.162666	7.544818	-0.342426	2.919112	-0.394479	-0.071718	-0.081202	0.994114	-0.209981	0.975573	0.064539	-0.975071	-0.204117	-0.087017
49464	8.922148	0.755694	6.328512	-0.214582	3.093112	-0.545113	-0.040434	-0.080175	0.995960	-0.208194	0.975573	0.070081	-0.977251	-0.204520	-0.056138
49465	7.388739	0.628153	4.587933	-0.089589	2.142951	-0.587572	-0.018065	-0.081351	0.996522	-0.207545	0.975280	0.075855	-0.978059	-0.205453	-0.034502
49466	12.583009	-1.295549	2.317174	0.027074	1.322158	-0.407248	-0.004338	-0.082571	0.996576	-0.207860	0.974892	0.079870	-0.978149	-0.206801	-0.021393
49467	15.694109	-1.661029	0.901182	0.421614	1.695770	-0.235534	0.012962	-0.081203	0.996613	-0.212248	0.973761	0.082102	-0.977130	-0.212594	-0.004613
49468	13.446266	-1.308627	-1.550106	0.599339	1.901308	-0.234395	0.031978	-0.079347	0.996334	-0.218052	0.972278	0.084429	-0.975413	-0.219953	0.013789
49469	12.711643	-2.560354	-4.541160	0.877700	1.419220	-0.254456	0.046647	-0.078497	0.995822	-0.226832	0.970032	0.087090	-0.972816	-0.229947	0.027443
49470	13.956790	-3.315929	-4.522247	1.332327	1.159080	-0.346110	0.058657	-0.079079	0.995141	-0.239594	0.966605	0.090934	-0.969100	-0.243764	0.037751
49471	14.489062	-3.465372	-3.420442	1.575513	1.305032	-0.429681	0.072532	-0.079745	0.994173	-0.254767	0.962248	0.095771	-0.964278	-0.260229	0.049478
49472	14.017936	-1.491814	-2.166742	1.551591	1.582383	-0.515551	0.089048	-0.080425	0.992775	-0.269280	0.957673	0.101735	-0.958936	-0.276394	0.063622
49473	12.888517	0.034854	-1.785308	0.991432	1.816913	-0.608040	0.108390	-0.080909	0.990810	-0.278632	0.954260	0.108405	-0.954262	-0.287821	0.080889
49474	11.678564	0.802438	-2.349120	0.431500	1.860329	-0.611230	0.127773	-0.081308	0.988465	-0.282030	0.952512	0.114807	-0.950859	-0.293446	0.098774
49475	11.127304	1.709979	-2.242878	0.151762	1.755585	-0.533896	0.146101	-0.080986	0.985949	-0.282963	0.951583	0.120093	-0.947938	-0.296533	0.116111
49476	10.807937	2.147866	-1.643166	0.109565	1.698565	-0.405214	0.163273	-0.079761	0.983351	-0.283385	0.950932	0.124184	-0.945005	-0.298943	0.132659
49477	10.452016	2.658259	-1.068882	0.151440	1.683331	-0.254178	0.179989	-0.076904	0.980658	-0.284471	0.950271	0.126732	-0.941637	-0.301779	0.149161
49478	9.847421	2.621399	-0.625002	0.198531	1.709291	-0.094695	0.196272	-0.072596	0.977859	-0.286172	0.949599	0.127937	-0.937861	-0.304946	0.165604
49479	9.131919	2.447855	-0.280341	0.186969	1.714576	0.001511	0.212148	-0.067167	0.974927	-0.288135	0.948986	0.128079	-0.933794	-0.308083	0.181972
49480	8.610464	2.373215	-0.169714	0.062858	1.703217	0.036307	0.227864	-0.061539	0.971746	-0.288815	0.948815	0.127811	-0.929873	-0.309779	0.198427
49481	8.187630	1.912961	-0.107276	-0.103662	1.668225	0.010175	0.243292	-0.056099	0.968330	-0.288173	0.949067	0.127386	-0.926156	-0.310039	0.214734
49482	7.994667	1.885508	0.064064	-0.266127	1.609671	-0.027325	0.258201	-0.051360	0.964725	-0.285660	0.949875	0.127024	-0.922892	-0.308381	0.230587
49483	7.915844	1.529769	0.181282	-0.496199	1.538517	-0.060722	0.272560	-0.047123	0.960984	-0.280782	0.951426	0.126291	-0.920257	-0.304249	0.246089
49484	7.890624	1.147545	0.130870	-0.697519	1.513211	-0.087827	0.286661	-0.043378	0.957049	-0.274142	0.953488	0.125330	-0.917971	-0.298294	0.261436
49485	7.559925	0.626405	0.319831	-0.858092	1.453981	-0.072509	0.300153	-0.039683	0.953065	-0.266051	0.956003	0.123594	-0.916038	-0.290661	0.276389
49486	7.422893	0.650015	0.576925	-0.960390	1.367291	-0.038862	0.312718	-0.036117	0.949159	-0.257161	0.958737	0.121208	-0.914372	-0.281990	0.290527
49487	7.267875	0.365359	0.850589	-1.058548	1.317592	0.010014	0.324754	-0.032227	0.945249	-0.247655	0.961651	0.117872	-0.912799	-0.272375	0.304319
49488	7.074977	0.370522	1.317738	-1.072835	1.325011	0.075313	0.336605	-0.027934	0.941231	-0.238140	0.964542	0.113790	-0.911036	-0.262447	0.318018
49489	6.741030	0.305231	1.703379	-1.069122	1.330649	0.123367	0.348438	-0.023132	0.937046	-0.229093	0.967275	0.109066	-0.908904	-0.252674	0.331736
49490	6.467973	0.220167	1.852576	-1.034867	1.310348	0.186830	0.359865	-0.018050	0.932830	-0.220381	0.969877	0.103785	-0.906603	-0.242926	0.345047
49491	6.112331	-0.080083	1.838306	-0.980321	1.279738	0.243126	0.370953	-0.012535	0.928567	-0.212415	0.972255	0.097983	-0.904032	-0.233589	0.357998
49492	5.886625	-0.298326	1.999061	-0.900889	1.203198	0.287724	0.381166	-0.006950	0.924480	-0.205386	0.974347	0.092006	-0.901404	-0.224945	0.369961
49493	5.775494	-0.651801	2.237634	-0.826485	1.110544	0.312001	0.390548	-0.001347	0.920581	-0.199176	0.976189	0.085928	-0.898777	-0.216917	0.380981
49494	5.740585	-0.887229	2.452708	-0.763559	0.991025	0.298239	0.398812	0.003707	0.917025	-0.193522	0.977812	0.080210	-0.896381	-0.209453	0.390680
49495	5.943320	-1.112218	2.556363	-0.715052	0.893271	0.260682	0.406341	0.008293	0.913684	-0.188369	0.979239	0.074885	-0.894094	-0.202539	0.399467
49496	5.881514	-1.153678	2.682476	-0.659691	0.825457	0.202515	0.413290	0.011951	0.910521	-0.183331	0.980531	0.070345	-0.891954	-0.196000	0.407435
49497	5.548107	-0.858669	3.030941	-0.589691	0.718393	0.124787	0.419472	0.014708	0.907649	-0.178685	0.981645	0.066673	-0.890008	-0.190151	0.414401
49498	5.198449	-0.652026	2.980252	-0.494086	0.502413	0.054493	0.423799	0.016215	0.905611	-0.174544	0.982561	0.064089	-0.888779	-0.185230	0.419239
49499	5.356122	-0.631602	2.986232	-0.281573	0.231517	0.025348	0.425832	0.017090	0.904641	-0.172323	0.983053	0.062545	-0.888241	-0.182524	0.421561
49500	5.765776	-0.878953	3.413990	-0.011643	-0.013743	0.036780	0.425602	0.017456	0.904742	-0.172400	0.983066	0.062132	-0.888336	-0.182421	0.421404
49501	6.962733	-1.380493	4.840596	0.212671	-0.130947	0.054869	0.424366	0.017961	0.905313	-0.174695	0.982644	0.062394	-0.888479	-0.184632	0.420138
49502	9.166413	-1.897150	6.836297	0.352350	0.058800	0.051912	0.424751	0.018610	0.905119	-0.178069	0.981975	0.063374	-0.887625	-0.188092	0.420409
49503	11.244559	-1.942664	7.933887	0.417486	0.430333	0.058271	0.428469	0.020224	0.903330	-0.182205	0.981145	0.064458	-0.884995	-0.192210	0.424075
49504	11.211993	-1.899821	7.992758	0.562840	0.687709	0.141646	0.434234	0.022982	0.900507	-0.187811	0.980015	0.065553	-0.881004	-0.197591	0.429872
49505	9.357559	-2.255772	6.952003	0.723228	0.479853	0.260877	0.437982	0.026779	0.898585	-0.195551	0.978460	0.066155	-0.877457	-0.204694	0.433784
49506	7.545829	-2.320940	5.853066	0.991103	-0.018248	0.328420	0.437118	0.029979	0.898905	-0.205701	0.976286	0.067468	-0.875566	-0.214397	0.432919
49507	7.353207	-1.615026	6.067305	1.287734	-0.310969	0.322611	0.433739	0.032726	0.900444	-0.218612	0.973303	0.069930	-0.874116	-0.227179	0.429314
49508	7.689161	-0.453798	6.713471	1.407223	-0.322582	0.284989	0.430233	0.034768	0.902048	-0.232157	0.969909	0.073344	-0.872354	-0.240972	0.425359
49509	8.223844	1.195504	7.601975	1.428519	-0.236253	0.198073	0.427730	0.036413	0.903173	-0.245718	0.966245	0.077412	-0.869868	-0.255037	0.422239
49510	8.523302	2.915078	8.340551	1.317920	-0.135795	0.027647	0.426434	0.036351	0.903788	-0.257309	0.962786	0.082682	-0.867148	-0.267811	0.419918
49511	8.693061	4.358909	8.809456	1.108134	-0.117275	-0.166194	0.425893	0.034777	0.904105	-0.266513	0.959748	0.088628	-0.864630	-0.278702	0.418019
49512	8.272929	5.489539	8.907440	0.704065	-0.124725	-0.278824	0.425518	0.031777	0.904392	-0.271436	0.957850	0.094055	-0.863283	-0.285506	0.416208
49513	7.620300	5.332411	8.287897	0.195101	-0.246148	-0.291435	0.424249	0.028565	0.905095	-0.272126	0.957325	0.097341	-0.863690	-0.287597	0.413918
49514	7.384996	4.412030	6.916886	-0.203540	-0.473505	-0.274586	0.420849	0.024604	0.906797	-0.269233	0.957977	0.098960	-0.866256	-0.285786	0.409788
49515	8.278806	3.450149	4.990383	-0.450548	-0.740160	-0.253627	0.415175	0.020328	0.909515	-0.264484	0.959265	0.099291	-0.870447	-0.281775	0.403639
49516	9.383465	2.060189	2.649483	-0.488646	-1.167257	-0.248265	0.405581	0.014709	0.913941	-0.259224	0.960670	0.099576	-0.876531	-0.277302	0.393443
49517	11.222385	0.340764	1.575302	-0.415190	-1.625266	-0.231228	0.391935	0.008208	0.919957	-0.254799	0.961812	0.099972	-0.884005	-0.273586	0.379059
49518	13.143985	-1.281194	1.850508	-0.445508	-1.806301	-0.240039	0.376452	0.001020	0.926436	-0.249947	0.963029	0.100504	-0.892082	-0.269394	0.362789
49519	14.272289	-1.523576	3.724551	-0.525448	-1.579644	-0.266353	0.363038	-0.005552	0.931758	-0.244429	0.964395	0.100983	-0.899143	-0.264410	0.348755
49520	13.444869	-0.963407	5.153433	-0.581533	-1.176997	-0.382512	0.353297	-0.012295	0.935430	-0.237840	0.965878	0.102523	-0.904772	-0.258704	0.338318
49521	10.771909	0.997598	5.640240	-0.718215	-0.952620	-0.570511	0.346041	-0.020014	0.938006	-0.229515	0.967590	0.105316	-0.909713	-0.251730	0.330232
49522	8.028013	2.098493	5.498886	-0.888717	-1.168024	-0.771170	0.337061	-0.030344	0.940994	-0.218796	0.969592	0.109638	-0.915706	-0.242840	0.320173
49523	7.019971	1.965145	4.736483	-0.967910	-1.544042	-0.836522	0.324726	-0.041938	0.944878	-0.207270	0.971577	0.114355	-0.922818	-0.232979	0.306804
49524	8.041286	0.882812	3.540842	-0.905266	-1.863994	-0.703269	0.308825	-0.053000	0.949641	-0.196679	0.973307	0.118281	-0.930561	-0.223302	0.290158
49525	10.067136	-0.201779	1.658080	-0.666043	-2.005650	-0.528569	0.291203	-0.062308	0.954630	-0.189102	0.974439	0.121285	-0.937785	-0.215841	0.271977
49526	11.792997	-1.463601	-0.713996	-0.153687	-1.828413	-0.381284	0.274675	-0.069915	0.958992	-0.186602	0.974516	0.124493	-0.943257	-0.213145	0.254629
49527	11.630422	-0.713782	-1.919622	0.475664	-1.448589	-0.254595	0.261568	-0.075262	0.962246	-0.190653	0.973283	0.127950	-0.946168	-0.216922	0.240231
49528	9.749302	0.432753	-2.106361	0.817017	-1.279018	-0.229177	0.249854	-0.080279	0.964950	-0.197828	0.971304	0.132031	-0.947859	-0.223883	0.226803
49529	8.641388	2.337299	-1.878546	0.705888	-1.280832	-0.281682	0.238328	-0.085728	0.967394	-0.203963	0.969463	0.136160	-0.949526	-0.229763	0.213565
49530	8.830776	3.023554	-2.305125	0.383674	-1.238544	-0.400848	0.227330	-0.092444	0.969420	-0.206701	0.968220	0.140801	-0.951628	-0.232388	0.200997
49531	9.123184	2.896449	-2.519260	0.273555	-1.084667	-0.463819	0.217990	-0.099288	0.970887	-0.208395	0.967132	0.145694	-0.953442	-0.234088	0.190134
49532	9.015567	1.513550	-2.163117	0.470701	-0.987108	-0.434167	0.209437	-0.105782	0.972083	-0.211981	0.965577	0.150746	-0.954568	-0.237635	0.179804
49533	9.089929	0.469124	-1.470753	0.842697	-0.906496	-0.304169	0.201477	-0.110726	0.973215	-0.219560	0.963201	0.155040	-0.954568	-0.244916	0.169752
49534	8.864972	-1.003079	-0.557352	1.138528	-0.839894	-0.165692	0.193788	-0.114389	0.974352	-0.230119	0.960170	0.158492	-0.953673	-0.254930	0.159746
49535	8.630669	-1.438502	-0.143924	1.509229	-0.805035	-0.060179	0.186302	-0.116853	0.975519	-0.244640	0.956112	0.161249	-0.951547	-0.268692	0.149539
49536	8.562571	-1.160370	0.266157	1.785920	-0.847358	0.000969	0.178200	-0.119161	0.976753	-0.261633	0.951171	0.163772	-0.948574	-0.284735	0.138322
49537	8.735347	1.052561	-0.103377	2.010837	-0.882035	-0.000469	0.169884	-0.121561	0.977938	-0.280859	0.945234	0.166286	-0.944594	-0.302912	0.126439
49538	8.332483	2.343826	0.477209	2.080686	-0.954993	0.034351	0.160734	-0.124192	0.979153	-0.300547	0.938781	0.168408	-0.940126	-0.321350	0.113568
49539	8.368149	4.499755	-0.617174	1.634721	-1.184092	0.068002	0.149440	-0.127222	0.980552	-0.316266	0.933440	0.169310	-0.936826	-0.335417	0.099257
49540	8.975196	5.769651	-2.066221	1.194074	-1.407434	0.050965	0.136052	-0.131509	0.981934	-0.327536	0.929445	0.169861	-0.934992	-0.344729	0.083379
49541	9.619589	6.196413	-2.051333	1.021861	-1.508178	0.010333	0.121919	-0.136520	0.983106	-0.337241	0.925869	0.170395	-0.933490	-0.352318	0.066841
49542	9.654555	6.080153	-0.933794	0.936398	-1.464082	-0.028377	0.108307	-0.141965	0.983929	-0.345964	0.922499	0.171184	-0.931976	-0.358944	0.050799
49543	9.339953	4.649922	-0.138406	0.776980	-1.428975	0.031750	0.094873	-0.146750	0.984613	-0.353286	0.919732	0.171121	-0.930692	-0.364085	0.035412
49544	8.849169	3.806725	0.042993	0.445604	-1.426771	0.157224	0.080984	-0.150491	0.985289	-0.357591	0.918338	0.169657	-0.930360	-0.366070	0.020557
49545	8.538725	2.933319	0.203481	0.053072	-1.537583	0.278547	0.065677	-0.153441	0.985973	-0.358447	0.918524	0.166821	-0.931237	-0.364375	0.005325
49546	9.177783	2.213402	0.357412	-0.272035	-1.649020	0.286356	0.049229	-0.156752	0.986410	-0.356095	0.919953	0.163963	-0.933152	-0.359327	-0.010530
49547	10.517422	1.931167	1.118968	-0.322723	-1.570123	0.214711	0.033849	-0.160261	0.986494	-0.353424	0.921363	0.161807	-0.934851	-0.354128	-0.025453
49548	10.557473	1.811925	1.738072	-0.308221	-1.296126	0.124443	0.021232	-0.163647	0.986290	-0.350593	0.922649	0.160635	-0.936287	-0.349197	-0.037784
49549	9.614157	1.793307	1.989416	-0.230028	-1.158810	0.075796	0.010134	-0.166869	0.985927	-0.348643	0.923517	0.159890	-0.937201	-0.345357	-0.048819
49550	9.177648	1.901080	1.763690	-0.133041	-1.079226	0.089394	-0.000347	-0.169729	0.985491	-0.347418	0.924125	0.159038	-0.937710	-0.342322	-0.059288
49551	8.873068	1.757998	1.165987	0.024611	-1.044261	0.104705	-0.010475	-0.172242	0.984999	-0.347781	0.924182	0.157909	-0.937517	-0.340910	-0.069583
49552	8.637268	1.757512	0.238056	0.218360	-1.099047	0.083208	-0.021116	-0.175195	0.984307	-0.349832	0.923583	0.156882	-0.936575	-0.341029	-0.080791
49553	8.441635	2.217015	-0.087372	0.326225	-1.152851	0.043450	-0.031964	-0.178648	0.983394	-0.353117	0.922465	0.156101	-0.935033	-0.342263	-0.092569
49554	8.370785	2.880055	-0.157095	0.324328	-1.192175	0.009885	-0.043190	-0.182617	0.982235	-0.356159	0.921372	0.155641	-0.933427	-0.343110	-0.104834
49555	8.443595	3.211261	-0.460545	0.269911	-1.250334	0.000341	-0.054792	-0.186821	0.980865	-0.358903	0.920373	0.155251	-0.931765	-0.343529	-0.117479
49556	8.577926	3.173261	-1.004857	0.241087	-1.343928	-0.000517	-0.067354	-0.191415	0.979195	-0.361163	0.919545	0.154912	-0.930067	-0.343215	-0.131067
49557	9.002063	2.505855	-1.650783	0.195355	-1.441557	0.004432	-0.080740	-0.196262	0.977222	-0.363039	0.918868	0.154547	-0.928269	-0.342292	-0.145440
49558	9.445273	1.534058	-1.801348	0.161358	-1.515364	0.026895	-0.094942	-0.201165	0.974945	-0.364527	0.918372	0.153993	-0.926340	-0.340773	-0.160522
49559	9.808903	0.779134	-1.370824	0.128529	-1.569987	0.064564	-0.109705	-0.205859	0.972413	-0.365637	0.918078	0.153107	-0.924270	-0.338754	-0.175987
49560	10.089048	0.075188	-0.959827	0.101747	-1.561959	0.099485	-0.124541	-0.210194	0.969695	-0.366473	0.917944	0.151909	-0.922056	-0.336448	-0.191352
49561	10.274428	-0.328592	-0.363286	0.172932	-1.507457	0.103584	-0.138775	-0.214253	0.966870	-0.367979	0.917571	0.150513	-0.919420	-0.334900	-0.206177
49562	10.266863	-0.457010	0.291297	0.293966	-1.402526	0.070294	-0.151961	-0.218277	0.963983	-0.370587	0.916742	0.149162	-0.916282	-0.334573	-0.220200
49563	10.463213	-0.923353	0.580310	0.410609	-1.281184	0.032660	-0.163761	-0.222200	0.961150	-0.374466	0.915382	0.147818	-0.912665	-0.335711	-0.233111
49564	10.898745	-1.211439	1.015660	0.444866	-1.160113	0.058473	-0.174601	-0.225543	0.958460	-0.378430	0.914019	0.146147	-0.909013	-0.337193	-0.244941
49565	11.181155	-0.864562	1.713682	0.442205	-1.035263	0.085346	-0.184273	-0.228184	0.956021	-0.382423	0.912677	0.144127	-0.905426	-0.339046	-0.255444
49566	11.395369	0.105800	2.027128	0.381065	-0.907934	0.069749	-0.192799	-0.230607	0.953755	-0.385747	0.911545	0.142423	-0.902235	-0.340449	-0.264701
49567	11.409952	1.071388	2.087481	0.415382	-0.746277	0.032498	-0.199565	-0.232777	0.951834	-0.389619	0.910136	0.140890	-0.899095	-0.342736	-0.272326
49568	11.567019	1.986294	2.375004	0.501476	-0.608976	-0.024287	-0.204988	-0.235069	0.950117	-0.394179	0.908355	0.139692	-0.895881	-0.345881	-0.278861
49569	11.635517	2.486440	2.001756	0.586581	-0.483241	-0.073545	-0.208922	-0.237331	0.948697	-0.399677	0.906108	0.138659	-0.892530	-0.350204	-0.284162
49570	11.596340	2.494401	1.213595	0.687083	-0.397564	-0.097829	-0.212122	-0.239594	0.947417	-0.406013	0.903453	0.137571	-0.888908	-0.355482	-0.288920
49571	11.735899	2.033216	0.361321	0.782932	-0.359867	-0.086218	-0.214834	-0.241580	0.946301	-0.413359	0.900353	0.136007	-0.884862	-0.361943	-0.293286
49572	11.526444	1.480008	-0.026161	0.864329	-0.320549	-0.035345	-0.217569	-0.243045	0.945300	-0.421075	0.897112	0.133741	-0.880545	-0.368944	-0.297524
49573	11.281814	1.421781	0.521710	0.825568	-0.341859	0.025706	-0.220573	-0.243981	0.944363	-0.428435	0.894039	0.130911	-0.876237	-0.375722	-0.301731
49574	11.255190	1.536533	1.581417	0.638201	-0.359450	0.065412	-0.224051	-0.244732	0.943349	-0.433879	0.891788	0.128307	-0.872668	-0.380552	-0.305991
49575	11.554959	1.569405	2.411610	0.390987	-0.232429	0.023671	-0.226027	-0.245325	0.942723	-0.437464	0.890254	0.126784	-0.870366	-0.383750	-0.308542
49576	11.259633	1.043215	2.984186	0.239767	-0.019203	-0.040013	-0.226072	-0.245731	0.942607	-0.439649	0.889235	0.126373	-0.869253	-0.385847	-0.309067
49577	11.026408	0.665325	4.237874	0.039874	0.083168	-0.042258	-0.225024	-0.245658	0.942877	-0.440300	0.888893	0.126513	-0.869195	-0.386680	-0.308185
49578	11.542618	0.548230	4.426731	0.047593	0.150628	-0.008859	-0.223728	-0.245130	0.943322	-0.440743	0.888689	0.126401	-0.869305	-0.387483	-0.306864
49579	12.399431	0.432704	3.599335	0.418267	0.274580	0.024116	-0.221279	-0.243703	0.944269	-0.444550	0.887024	0.124753	-0.867992	-0.392170	-0.304618
49580	12.195179	0.005187	3.360240	0.644650	0.371101	0.103618	-0.218579	-0.241293	0.945516	-0.449921	0.884728	0.121770	-0.865906	-0.398792	-0.301946
49581	11.780375	-0.358075	3.543466	0.718043	0.407326	0.288212	-0.216175	-0.236942	0.947168	-0.455798	0.882398	0.116711	-0.863433	-0.406487	-0.298750
49582	11.332250	-0.506402	3.707063	0.750272	0.582815	0.429635	-0.213173	-0.230740	0.949377	-0.461356	0.880324	0.110364	-0.861224	-0.414474	-0.294114
49583	10.791857	-0.606292	3.830446	0.585371	0.754921	0.470043	-0.208645	-0.223274	0.952164	-0.465781	0.878767	0.103997	-0.859951	-0.421802	-0.287348
49584	11.087104	-0.967632	3.288488	0.390771	0.947912	0.477395	-0.202776	-0.215033	0.955323	-0.468172	0.878154	0.098289	-0.860056	-0.427325	-0.278741
49585	11.892375	-0.887194	2.508259	0.377304	1.207780	0.471062	-0.194363	-0.205502	0.959162	-0.470864	0.877337	0.092556	-0.860529	-0.433645	-0.267286
49586	13.046050	-0.292734	1.540258	0.420483	1.556147	0.422779	-0.183015	-0.194971	0.963583	-0.473700	0.876344	0.087348	-0.861460	-0.440463	-0.252742
49587	13.503224	1.000644	-0.243782	0.518057	1.926777	0.332358	-0.167771	-0.183240	0.968647	-0.477989	0.874470	0.082636	-0.862194	-0.449139	-0.234297
49588	13.627251	2.565834	-2.559660	0.523446	2.233251	0.236707	-0.149694	-0.171023	0.973829	-0.482145	0.872512	0.079116	-0.863208	-0.457684	-0.213068
49589	13.303632	3.042071	-4.523447	0.520919	2.413886	0.143712	-0.129318	-0.158380	0.978873	-0.486870	0.870121	0.076464	-0.863849	-0.466696	-0.189632
49590	12.826637	3.408848	-5.377614	0.411266	2.456153	0.044348	-0.108360	-0.146419	0.983270	-0.490391	0.868248	0.075248	-0.864740	-0.474032	-0.165885
49591	13.281493	3.588248	-5.425574	0.319742	2.376251	-0.053688	-0.087389	-0.135240	0.986952	-0.493598	0.866448	0.075022	-0.865289	-0.480601	-0.142472
49592	14.096796	4.444744	-4.683526	0.055733	2.332891	-0.103730	-0.066727	-0.124863	0.989928	-0.494182	0.866037	0.075925	-0.866794	-0.484138	-0.119493
49593	13.859874	4.215963	-4.665670	-0.444943	2.437633	-0.002514	-0.045350	-0.112863	0.992575	-0.490675	0.867997	0.076279	-0.870162	-0.483573	-0.094743
49594	12.898292	6.577073	-2.829801	-0.929308	2.336525	0.185756	-0.025913	-0.099989	0.994651	-0.482521	0.872654	0.075154	-0.875501	-0.477993	-0.070860
49595	14.330311	5.983061	-3.234494	-1.749644	2.375983	0.212308	-0.005846	-0.086710	0.996216	-0.467432	0.880932	0.073932	-0.884010	-0.465231	-0.045681
