// General information: 
//  MT Manager version: 2022.2.0 
//  XDA version: 2022.2.0 build 7381 rev 124627 built on 2023-07-19
// Device information: 
//  DeviceId: 00B4CBA7
//  ProductCode: MTW2-3A7G6
//  Firmware Version: 4.6.0
//  Hardware Version: 2.0.0
// Device settings: 
//  Filter Profile: human(46.1)
//  Option Flags: Orientation Smoother Disabled, Position/Velocity Smoother Disabled, Continuous Zero Rotation Update Disabled, AHS Disabled, ICC Disabled
// Coordinate system: ENU
PacketCounter	Acc_X	Acc_Y	Acc_Z	Gyr_X	Gyr_Y	Gyr_Z	Mat[1][1]	Mat[2][1]	Mat[3][1]	Mat[1][2]	Mat[2][2]	Mat[3][2]	Mat[1][3]	Mat[2][3]	Mat[3][3]
41397	9.654508	0.024627	-1.124994	-0.028424	-0.012907	0.000208	-0.079881	-0.088476	0.992870	-0.715818	0.698271	0.004633	-0.693703	-0.710344	-0.119111
41398	9.706031	0.016472	-1.097372	-0.018990	-0.013352	-0.001700	-0.079922	-0.088591	0.992857	-0.715689	0.698403	0.004706	-0.693831	-0.710201	-0.119222
41399	9.704901	-0.016726	-1.106779	-0.011074	-0.013379	-0.002068	-0.079852	-0.088653	0.992857	-0.715528	0.698567	0.004828	-0.694005	-0.710031	-0.119215
41400	9.683434	0.030004	-1.077098	-0.004740	-0.016754	-0.003009	-0.079907	-0.088801	0.992839	-0.715499	0.698596	0.004897	-0.694029	-0.709984	-0.119360
41401	9.700363	0.067253	-1.160572	0.001726	-0.019305	-0.001015	-0.079903	-0.088955	0.992826	-0.715485	0.698610	0.005011	-0.694043	-0.709952	-0.119467
41402	9.725416	0.100837	-1.156722	0.001629	-0.021601	-0.003539	-0.079988	-0.089141	0.992802	-0.715501	0.698593	0.005078	-0.694018	-0.709944	-0.119659
41403	9.698819	0.088508	-1.177325	-0.007702	-0.022216	0.000252	-0.080051	-0.089294	0.992783	-0.715397	0.698699	0.005158	-0.694117	-0.709822	-0.119812
41404	9.723763	0.176300	-1.178384	-0.007599	-0.026629	0.001484	-0.080207	-0.089480	0.992754	-0.715345	0.698752	0.005187	-0.694153	-0.709745	-0.120054
41405	9.703308	0.147499	-1.132560	-0.018779	-0.025533	0.000127	-0.080422	-0.089656	0.992721	-0.715183	0.698918	0.005184	-0.694295	-0.709560	-0.120329
41406	9.653419	0.114404	-1.138514	-0.017128	-0.025127	0.001520	-0.080567	-0.089831	0.992693	-0.715064	0.699040	0.005223	-0.694401	-0.709418	-0.120555
41407	9.678477	0.093528	-1.130780	-0.017191	-0.028893	-0.000595	-0.080715	-0.090091	0.992657	-0.714954	0.699152	0.005319	-0.694497	-0.709275	-0.120843
41408	9.655966	0.052003	-1.106093	-0.010656	-0.031033	0.002861	-0.080912	-0.090299	0.992622	-0.714879	0.699228	0.005337	-0.694551	-0.709173	-0.121129
41409	9.679889	0.051720	-1.111737	-0.002736	-0.037767	0.001189	-0.081135	-0.090480	0.992588	-0.714760	0.699350	0.005325	-0.694648	-0.709030	-0.121413
41410	9.678468	0.017933	-1.123493	0.003732	-0.036966	0.003822	-0.081379	-0.090723	0.992546	-0.714784	0.699325	0.005316	-0.694594	-0.709023	-0.121758
41411	9.720338	0.033995	-1.198424	0.006456	-0.034621	-0.004900	-0.081640	-0.090947	0.992504	-0.714799	0.699310	0.005284	-0.694548	-0.709009	-0.122101
41412	9.715712	0.008614	-1.243501	0.005355	-0.038442	0.004157	-0.081897	-0.091198	0.992459	-0.714833	0.699275	0.005270	-0.694483	-0.709012	-0.122460
41413	9.690966	0.008543	-1.244629	0.001914	-0.033371	-0.000267	-0.082167	-0.091592	0.992401	-0.714935	0.699170	0.005335	-0.694346	-0.709064	-0.122931
41414	9.732818	-0.029784	-1.314900	0.014510	-0.033825	-0.002350	-0.082346	-0.091856	0.992362	-0.715039	0.699064	0.005374	-0.694218	-0.709135	-0.123246
41415	9.728087	-0.000679	-1.364066	0.019189	-0.030899	-0.003402	-0.082581	-0.092132	0.992316	-0.715158	0.698942	0.005378	-0.694067	-0.709219	-0.123609
41416	9.702300	0.020387	-1.377090	0.022318	-0.026085	-0.003320	-0.082700	-0.092348	0.992287	-0.715317	0.698779	0.005416	-0.693889	-0.709352	-0.123847
41417	9.724045	0.062052	-1.407175	0.025344	-0.023565	-0.005764	-0.082795	-0.092731	0.992243	-0.715616	0.698471	0.005564	-0.693569	-0.709605	-0.124189
41418	9.703685	0.087988	-1.365494	0.025136	-0.021448	-0.009521	-0.082837	-0.092958	0.992218	-0.715800	0.698282	0.005660	-0.693375	-0.709761	-0.124383
41419	9.680211	0.067441	-1.352496	0.022423	-0.020434	-0.000150	-0.082929	-0.093177	0.992190	-0.715942	0.698136	0.005723	-0.693217	-0.709876	-0.124605
41420	9.710666	0.105391	-1.294452	0.023654	-0.015794	-0.006275	-0.082955	-0.093342	0.992172	-0.716113	0.697960	0.005789	-0.693037	-0.710027	-0.124742
41421	9.687272	0.084872	-1.281000	0.034843	-0.016888	-0.004943	-0.083080	-0.093535	0.992144	-0.716365	0.697702	0.005789	-0.692762	-0.710256	-0.124970
41422	9.720027	0.081054	-1.197445	0.046030	-0.014627	-0.002969	-0.083122	-0.093668	0.992128	-0.716688	0.697370	0.005795	-0.692422	-0.710564	-0.125098
41423	9.717593	0.122420	-1.224338	0.050819	-0.016114	-0.002792	-0.083195	-0.093850	0.992104	-0.717037	0.697011	0.005807	-0.692053	-0.710892	-0.125281
41424	9.696375	0.114064	-1.190121	0.052477	-0.015706	-0.001404	-0.083255	-0.093980	0.992087	-0.717403	0.696635	0.005788	-0.691666	-0.711244	-0.125420
41425	9.675048	0.160010	-1.160708	0.054138	-0.018654	-0.000657	-0.083271	-0.094140	0.992070	-0.717761	0.696265	0.005824	-0.691292	-0.711585	-0.125548
41426	9.650632	0.105337	-1.155561	0.055623	-0.020960	-0.003257	-0.083354	-0.094320	0.992046	-0.718150	0.695864	0.005820	-0.690878	-0.711953	-0.125739
41427	9.673508	0.125418	-1.173112	0.052785	-0.027471	0.001902	-0.083622	-0.094616	0.991996	-0.718552	0.695450	0.005760	-0.690428	-0.712318	-0.126142
41428	9.672274	0.036551	-1.178989	0.060780	-0.027084	0.002972	-0.083792	-0.094798	0.991964	-0.718971	0.695017	0.005687	-0.689971	-0.712716	-0.126394
41429	9.669662	0.077128	-1.207224	0.075009	-0.029020	0.001204	-0.084086	-0.095047	0.991915	-0.719532	0.694437	0.005546	-0.689350	-0.713248	-0.126782
41430	9.691421	0.063175	-1.233231	0.079700	-0.029455	-0.000501	-0.084248	-0.095270	0.991880	-0.720084	0.693866	0.005483	-0.688754	-0.713775	-0.127059
41431	9.687601	0.124371	-1.274578	0.078342	-0.031556	0.003341	-0.084467	-0.095452	0.991844	-0.720610	0.693320	0.005355	-0.688176	-0.714280	-0.127346
41432	9.638518	0.177761	-1.277704	0.060994	-0.031078	0.005689	-0.084684	-0.095644	0.991807	-0.721027	0.692887	0.005254	-0.687713	-0.714674	-0.127638
41433	9.660241	0.163672	-1.303731	0.043315	-0.027444	0.002393	-0.084899	-0.095805	0.991773	-0.721229	0.692677	0.005173	-0.687474	-0.714856	-0.127905
41434	9.736217	0.099967	-1.275483	0.033991	-0.028042	0.006225	-0.085099	-0.095972	0.991740	-0.721459	0.692438	0.005101	-0.687208	-0.715066	-0.128165
41435	9.737040	0.078046	-1.265317	0.037270	-0.025748	0.008577	-0.085369	-0.096279	0.991687	-0.721804	0.692079	0.005055	-0.686813	-0.715371	-0.128577
41436	9.741157	0.102429	-1.226587	0.035760	-0.025323	0.010124	-0.085579	-0.096400	0.991657	-0.722043	0.691831	0.004942	-0.686535	-0.715596	-0.128811
41437	9.714237	0.142733	-1.252345	0.030974	-0.027194	0.009319	-0.085859	-0.096573	0.991616	-0.722241	0.691625	0.004822	-0.686292	-0.715771	-0.129131
41438	9.687482	0.074140	-1.268148	0.028100	-0.028863	0.014714	-0.086126	-0.096688	0.991581	-0.722423	0.691435	0.004673	-0.686066	-0.715939	-0.129400
41439	9.709084	0.113634	-1.299168	0.024933	-0.028851	0.014877	-0.086298	-0.096913	0.991545	-0.722678	0.691169	0.004657	-0.685776	-0.716166	-0.129683
41440	9.658992	0.133069	-1.309821	0.023277	-0.029264	0.013494	-0.086559	-0.097040	0.991509	-0.722829	0.691012	0.004527	-0.685584	-0.716300	-0.129956
41441	9.674906	0.167639	-1.394968	0.018524	-0.029245	0.013741	-0.086766	-0.097159	0.991480	-0.722938	0.690899	0.004438	-0.685444	-0.716393	-0.130186
41442	9.747374	0.165471	-1.405360	0.013733	-0.027756	0.013569	-0.087017	-0.097274	0.991446	-0.723023	0.690811	0.004319	-0.685322	-0.716462	-0.130444
41443	9.725098	0.122828	-1.379538	0.008828	-0.021860	0.012143	-0.087242	-0.097261	0.991428	-0.722965	0.690872	0.004157	-0.685354	-0.716405	-0.130589
41444	9.719172	0.061935	-1.430491	0.012109	-0.019564	0.014489	-0.087444	-0.097310	0.991405	-0.723038	0.690796	0.004031	-0.685252	-0.716471	-0.130765
41445	9.740948	0.047101	-1.455223	0.024787	-0.012903	0.015081	-0.087637	-0.097413	0.991378	-0.723279	0.690544	0.003916	-0.684972	-0.716700	-0.130974
41446	9.693357	0.079219	-1.443484	0.031201	-0.009153	0.016841	-0.087784	-0.097372	0.991369	-0.723481	0.690334	0.003742	-0.684740	-0.716908	-0.131047
41447	9.671262	0.090260	-1.421161	0.026484	-0.007242	0.018136	-0.087997	-0.097287	0.991359	-0.723599	0.690212	0.003504	-0.684588	-0.717038	-0.131134
41448	9.646886	0.088357	-1.419397	0.023353	-0.008696	0.018722	-0.088155	-0.097230	0.991350	-0.723745	0.690060	0.003321	-0.684414	-0.717192	-0.131202
41449	9.674536	0.078110	-1.389169	0.023429	-0.004917	0.020813	-0.088306	-0.097140	0.991345	-0.723853	0.689947	0.003128	-0.684280	-0.717312	-0.131242
41450	9.721902	0.095912	-1.407585	0.028223	-0.003050	0.021608	-0.088446	-0.097023	0.991344	-0.724030	0.689763	0.002910	-0.684075	-0.717505	-0.131254
41451	9.706830	0.090962	-1.317664	0.037813	0.000681	0.023197	-0.088586	-0.096938	0.991340	-0.724310	0.689469	0.002695	-0.683760	-0.717799	-0.131291
41452	9.707992	0.067511	-1.304796	0.034682	-0.000771	0.023784	-0.088727	-0.096790	0.991342	-0.724529	0.689240	0.002447	-0.683510	-0.718039	-0.131281
41453	9.663987	0.036970	-1.253667	0.045669	-0.006503	0.020068	-0.088839	-0.096823	0.991329	-0.724899	0.688851	0.002318	-0.683102	-0.718407	-0.131384
41454	9.637327	0.021597	-1.272266	0.050581	-0.005685	0.022746	-0.089006	-0.096718	0.991324	-0.725227	0.688507	0.002059	-0.682733	-0.718752	-0.131423
41455	9.638429	0.052370	-1.265352	0.052245	-0.008632	0.023505	-0.089274	-0.096598	0.991312	-0.725511	0.688209	0.001726	-0.682396	-0.719053	-0.131522
41456	9.637126	0.015775	-1.273877	0.049114	-0.010083	0.024093	-0.089480	-0.096515	0.991301	-0.725827	0.687876	0.001456	-0.682033	-0.719383	-0.131605
41457	9.663704	0.079999	-1.262138	0.042626	-0.007533	0.022120	-0.089620	-0.096442	0.991296	-0.726151	0.687534	0.001240	-0.681669	-0.719720	-0.131648
41458	9.688986	0.056326	-1.252785	0.031673	-0.013340	0.024393	-0.089852	-0.096380	0.991281	-0.726348	0.687327	0.000990	-0.681429	-0.719926	-0.131763
41459	9.708460	0.027325	-1.297501	0.025221	-0.008896	0.023462	-0.090078	-0.096262	0.991272	-0.726398	0.687274	0.000732	-0.681345	-0.719992	-0.131833
41460	9.703649	-0.001189	-1.339528	0.025107	-0.011213	0.020956	-0.090270	-0.096209	0.991259	-0.726553	0.687110	0.000525	-0.681155	-0.720155	-0.131926
41461	9.658371	-0.010820	-1.302209	0.034924	-0.016299	0.025071	-0.090534	-0.096276	0.991229	-0.726826	0.686822	0.000325	-0.680829	-0.720421	-0.132156
41462	9.681331	0.006679	-1.319299	0.044332	-0.015318	0.022680	-0.090766	-0.096241	0.991211	-0.727110	0.686521	0.000075	-0.680495	-0.720712	-0.132291
41463	9.658106	0.037774	-1.310743	0.053968	-0.016426	0.024061	-0.091070	-0.096172	0.991190	-0.727370	0.686245	-0.000246	-0.680176	-0.720984	-0.132449
41464	9.684544	0.047611	-1.294412	0.055370	-0.015820	0.020626	-0.091291	-0.096154	0.991171	-0.727730	0.685863	-0.000491	-0.679761	-0.721350	-0.132588
41465	9.713185	0.016320	-1.252110	0.061758	-0.017333	0.020712	-0.091539	-0.096130	0.991151	-0.728075	0.685497	-0.000757	-0.679358	-0.721701	-0.132740
41466	9.730103	-0.026034	-1.317845	0.061764	-0.017335	0.020712	-0.091771	-0.096123	0.991130	-0.728478	0.685069	-0.001011	-0.678895	-0.722109	-0.132893
41467	9.729864	-0.029047	-1.319545	0.066723	-0.017985	0.023809	-0.092069	-0.096056	0.991109	-0.728876	0.684645	-0.001355	-0.678427	-0.722520	-0.133047
41468	9.727253	-0.045522	-1.341533	0.068480	-0.013784	0.027262	-0.092325	-0.095978	0.991092	-0.729317	0.684174	-0.001683	-0.677918	-0.722976	-0.133165
41469	9.675257	0.013739	-1.376784	0.071279	-0.012584	0.020389	-0.092487	-0.095923	0.991083	-0.729724	0.683739	-0.001920	-0.677458	-0.723395	-0.133235
41470	9.647571	0.072922	-1.414558	0.057044	-0.010580	0.022190	-0.092684	-0.095858	0.991071	-0.730092	0.683345	-0.002183	-0.677034	-0.723775	-0.133320
41471	9.688101	0.052869	-1.263541	0.050821	-0.008208	0.025029	-0.092841	-0.095876	0.991054	-0.730499	0.682910	-0.002367	-0.676574	-0.724183	-0.133440
41472	9.685222	0.113223	-1.072079	0.080454	-0.007697	0.042325	-0.093166	-0.095653	0.991045	-0.731006	0.682365	-0.002860	-0.675981	-0.724726	-0.133496
41473	9.738069	-0.132752	-0.544341	0.119621	0.004286	0.060500	-0.093461	-0.095189	0.991062	-0.731745	0.681569	-0.003543	-0.675140	-0.725536	-0.133354
41474	9.629493	-0.669730	0.136315	0.314624	0.058627	0.078173	-0.093602	-0.094241	0.991139	-0.733795	0.679355	-0.004703	-0.672892	-0.727733	-0.132742
41475	8.957983	-0.494595	-0.422195	0.550377	0.046578	0.070097	-0.093848	-0.093374	0.991198	-0.737322	0.675514	-0.006175	-0.668991	-0.731411	-0.132243
41476	8.913500	-0.399796	-0.391426	0.540308	0.003307	0.048477	-0.094147	-0.093033	0.991202	-0.740882	0.671595	-0.007336	-0.665004	-0.735055	-0.132155
41477	9.506444	-0.383825	-0.361281	0.535229	-0.094663	0.025600	-0.094726	-0.093645	0.991089	-0.744460	0.667618	-0.008073	-0.660913	-0.738591	-0.132956
41478	9.911888	-0.330110	-0.489851	0.488395	-0.148961	0.031984	-0.095909	-0.094543	0.990890	-0.747651	0.664031	-0.009009	-0.657130	-0.741704	-0.134372
41479	9.847264	-0.318039	-0.865936	0.419036	-0.185553	0.039204	-0.097314	-0.095612	0.990650	-0.750341	0.660976	-0.009914	-0.653848	-0.744291	-0.136064
41480	9.647578	-0.162207	-1.150757	0.320542	-0.220192	0.042880	-0.099035	-0.096979	0.990347	-0.752393	0.658626	-0.010744	-0.651227	-0.746195	-0.138193
41481	9.541438	0.264055	-1.310413	0.218410	-0.244976	0.042284	-0.100852	-0.098519	0.990012	-0.753786	0.657021	-0.011406	-0.649334	-0.747407	-0.140524
41482	9.612625	0.469401	-1.163371	0.078017	-0.270257	0.045943	-0.102914	-0.100246	0.989626	-0.754248	0.656481	-0.011937	-0.648474	-0.747652	-0.143172
41483	9.637847	0.328802	-1.130552	0.016665	-0.295314	0.059210	-0.105150	-0.102187	0.989192	-0.754413	0.656283	-0.012397	-0.647924	-0.747563	-0.146100
41484	9.588130	0.394529	-1.353893	-0.004907	-0.326620	0.067173	-0.107734	-0.104196	0.988704	-0.754312	0.656387	-0.013019	-0.647616	-0.747194	-0.149312
41485	9.664341	0.501363	-1.357369	0.008849	-0.349276	0.076549	-0.110484	-0.106315	0.988175	-0.754305	0.656381	-0.013718	-0.647161	-0.746901	-0.152713
41486	9.768327	0.819271	-1.575141	0.001479	-0.363812	0.081588	-0.113415	-0.108504	0.987605	-0.754226	0.656454	-0.014492	-0.646745	-0.746522	-0.156289
41487	9.749014	0.850041	-1.725601	-0.064751	-0.370316	0.093041	-0.116372	-0.110705	0.987017	-0.753757	0.656978	-0.015183	-0.646767	-0.745738	-0.159898
41488	9.687052	0.593106	-2.118589	-0.126213	-0.370574	0.103933	-0.119514	-0.112791	0.986405	-0.752821	0.658031	-0.015970	-0.647284	-0.744495	-0.163556
41489	9.625142	0.172028	-2.277033	-0.171912	-0.367125	0.111028	-0.122713	-0.114844	0.985775	-0.751561	0.659451	-0.016731	-0.648149	-0.742923	-0.167236
41490	9.772259	-0.183293	-2.186437	-0.148914	-0.357510	0.115907	-0.125864	-0.116741	0.985155	-0.750455	0.660687	-0.017587	-0.648826	-0.741528	-0.170766
41491	9.811025	-0.333748	-2.041338	-0.075861	-0.339230	0.126991	-0.128987	-0.118503	0.984540	-0.749844	0.661352	-0.018636	-0.648919	-0.740656	-0.174165
41492	9.731585	-0.246849	-1.920102	0.008641	-0.323196	0.140934	-0.132101	-0.119974	0.983949	-0.749721	0.661452	-0.020003	-0.648435	-0.740329	-0.177326
41493	9.536663	-0.016368	-1.786800	0.058406	-0.307182	0.160763	-0.135233	-0.121227	0.983370	-0.749929	0.661165	-0.021623	-0.647548	-0.740382	-0.180323
41494	9.498060	0.066264	-1.578678	0.083479	-0.305522	0.170978	-0.138453	-0.122369	0.982780	-0.750239	0.660751	-0.023421	-0.646507	-0.740563	-0.183289
41495	9.537925	0.021225	-1.477746	0.124867	-0.311052	0.183595	-0.141792	-0.123558	0.982155	-0.750875	0.659957	-0.025378	-0.645045	-0.741074	-0.186353
41496	9.528916	-0.141196	-1.498477	0.202994	-0.318821	0.193646	-0.145262	-0.124655	0.981509	-0.751909	0.658688	-0.027625	-0.643065	-0.742018	-0.189411
41497	9.460975	-0.162744	-1.607966	0.282501	-0.334382	0.199450	-0.148910	-0.125986	0.980792	-0.753472	0.656794	-0.030030	-0.640395	-0.743471	-0.192730
41498	9.495195	-0.217090	-1.687033	0.352644	-0.343080	0.207030	-0.152625	-0.127192	0.980065	-0.755418	0.654427	-0.032710	-0.637220	-0.745351	-0.195965
41499	9.509711	-0.130682	-1.773263	0.392501	-0.351616	0.215646	-0.156477	-0.128531	0.979283	-0.757657	0.651685	-0.035530	-0.633617	-0.747520	-0.199356
41500	9.453361	0.011401	-1.856391	0.408429	-0.351838	0.225448	-0.160372	-0.129709	0.978497	-0.759886	0.648914	-0.038523	-0.629964	-0.749724	-0.202632
41501	9.381635	0.002222	-1.981072	0.404926	-0.341333	0.233691	-0.164250	-0.130928	0.977691	-0.762103	0.646124	-0.041506	-0.626275	-0.751919	-0.205906
41502	9.231673	0.001411	-2.124512	0.390981	-0.328164	0.250163	-0.168170	-0.131796	0.976908	-0.764135	0.643503	-0.044727	-0.622749	-0.754011	-0.208928
41503	9.247321	0.061130	-2.196600	0.401012	-0.325351	0.264345	-0.172189	-0.132591	0.976100	-0.766184	0.640817	-0.048112	-0.619122	-0.756157	-0.211931
41504	9.332303	0.227267	-2.334926	0.398124	-0.321143	0.277789	-0.176265	-0.133256	0.975281	-0.768164	0.638167	-0.051637	-0.615511	-0.758278	-0.214849
41505	9.405178	0.235144	-2.355128	0.370992	-0.312206	0.290648	-0.180488	-0.133727	0.974444	-0.769937	0.635713	-0.055368	-0.612063	-0.760254	-0.217700
41506	9.611197	0.129869	-2.292755	0.354744	-0.299686	0.299584	-0.184589	-0.134117	0.973622	-0.771562	0.633409	-0.059028	-0.608784	-0.762106	-0.220400
41507	9.559981	0.056697	-2.282096	0.394616	-0.271237	0.303542	-0.188511	-0.134414	0.972829	-0.773397	0.630813	-0.062708	-0.605244	-0.764204	-0.222870
41508	9.603279	-0.005785	-2.301896	0.435502	-0.243376	0.315553	-0.192386	-0.134301	0.972086	-0.775431	0.627898	-0.066717	-0.601411	-0.766621	-0.224939
41509	9.833031	0.367423	-2.200305	0.457823	-0.186205	0.318093	-0.195920	-0.133810	0.971448	-0.777526	0.624859	-0.070740	-0.597552	-0.769185	-0.226463
41510	9.588786	0.382566	-2.323824	0.479829	-0.155693	0.332788	-0.199400	-0.132946	0.970858	-0.779734	0.621600	-0.075026	-0.593511	-0.771971	-0.227610
41511	9.394373	0.099121	-2.798559	0.462684	-0.172974	0.348815	-0.203047	-0.132273	0.970194	-0.781761	0.618517	-0.079284	-0.589594	-0.774558	-0.228994
41512	9.231059	-0.179459	-2.745634	0.412533	-0.194159	0.347440	-0.206870	-0.131645	0.969471	-0.783481	0.615771	-0.083567	-0.585971	-0.776850	-0.230526
41513	9.251601	-0.754720	-3.212555	0.326665	-0.237758	0.350092	-0.210950	-0.131392	0.968626	-0.784654	0.613709	-0.087636	-0.582940	-0.778523	-0.232559
41514	9.928675	-1.342965	-3.030496	0.245420	-0.224010	0.358495	-0.215030	-0.130949	0.967788	-0.785326	0.612262	-0.091645	-0.580539	-0.779736	-0.234492
41515	10.171663	-1.586440	-2.930313	0.163238	-0.199315	0.332410	-0.218700	-0.130545	0.967020	-0.785544	0.611452	-0.095113	-0.578870	-0.780438	-0.236274
41516	10.037610	-1.736691	-2.527835	0.127446	-0.166960	0.325608	-0.222185	-0.129869	0.966317	-0.785571	0.610876	-0.098527	-0.577504	-0.781002	-0.237749
41517	9.392589	-1.489335	-2.377832	0.033560	-0.152113	0.325815	-0.225726	-0.129164	0.965590	-0.785003	0.611075	-0.101768	-0.576903	-0.780963	-0.239330
41518	9.012927	-1.761592	-1.886169	-0.031919	-0.164231	0.310771	-0.229074	-0.128557	0.964883	-0.784121	0.611720	-0.104656	-0.576783	-0.780559	-0.240933
41519	8.993103	-1.843650	-1.693792	0.025213	-0.191904	0.314692	-0.232576	-0.128168	0.964096	-0.783554	0.611923	-0.107673	-0.576152	-0.780464	-0.242746
41520	9.051826	-1.747644	-1.477991	0.121120	-0.219315	0.303580	-0.236179	-0.128034	0.963238	-0.783548	0.611361	-0.110858	-0.574692	-0.780926	-0.244712
41521	9.174996	-1.344638	-1.274514	0.167919	-0.266222	0.294262	-0.239853	-0.128385	0.962283	-0.783769	0.610518	-0.113905	-0.572867	-0.781528	-0.247059
41522	9.429352	-1.052418	-1.224673	0.160869	-0.307416	0.283609	-0.243797	-0.129068	0.961200	-0.784012	0.609620	-0.116996	-0.570866	-0.782115	-0.249814
41523	9.601828	-1.063765	-1.362178	0.072664	-0.351577	0.276973	-0.247826	-0.130196	0.960016	-0.783730	0.609466	-0.119663	-0.569517	-0.782049	-0.253080
41524	9.852846	-1.126887	-1.457701	-0.043211	-0.367875	0.277630	-0.252057	-0.131389	0.958751	-0.782799	0.610162	-0.122181	-0.568940	-0.781306	-0.256647
41525	9.623183	-1.272060	-1.711250	-0.137205	-0.379311	0.270486	-0.256388	-0.132716	0.957419	-0.781349	0.611557	-0.124465	-0.568998	-0.779990	-0.260493
41526	9.262289	-1.372565	-1.789547	-0.232146	-0.408181	0.260025	-0.260703	-0.134313	0.956030	-0.779365	0.613708	-0.126308	-0.569758	-0.778025	-0.264675
41527	9.219815	-1.532191	-1.772840	-0.301544	-0.442225	0.246219	-0.265122	-0.136343	0.954527	-0.777016	0.616376	-0.127776	-0.570926	-0.775558	-0.269355
41528	9.283808	-1.823882	-1.660713	-0.322807	-0.469839	0.236204	-0.269603	-0.138532	0.952955	-0.774549	0.619195	-0.129116	-0.572178	-0.772921	-0.274237
41529	9.077421	-1.976418	-1.593715	-0.241012	-0.493621	0.227193	-0.274170	-0.141075	0.951277	-0.772586	0.621350	-0.130522	-0.572662	-0.770729	-0.279349
41530	8.848795	-2.127558	-1.323242	-0.164711	-0.522954	0.215781	-0.278793	-0.143771	0.949528	-0.771057	0.622919	-0.132073	-0.572491	-0.768961	-0.284521
41531	8.709225	-2.249805	-1.500665	-0.057019	-0.560018	0.208353	-0.283506	-0.146909	0.947651	-0.770148	0.623693	-0.133715	-0.571399	-0.767740	-0.289963
41532	8.747752	-2.398887	-1.566916	0.001469	-0.610139	0.201550	-0.288502	-0.150346	0.945602	-0.769591	0.623975	-0.135592	-0.569646	-0.766845	-0.295723
41533	9.110551	-2.264278	-1.733475	0.058941	-0.639397	0.184267	-0.293449	-0.154242	0.943449	-0.769390	0.623845	-0.137319	-0.567386	-0.766177	-0.301739
41534	9.598210	-2.090425	-2.024898	0.078984	-0.665780	0.176984	-0.298542	-0.158251	0.941185	-0.769325	0.623510	-0.139192	-0.564811	-0.765632	-0.307890
41535	9.645310	-1.474771	-2.391569	0.116976	-0.678984	0.166911	-0.303644	-0.162493	0.938827	-0.769470	0.622912	-0.141055	-0.561886	-0.765230	-0.314177
41536	9.471862	-0.930734	-2.674268	0.069485	-0.695220	0.164567	-0.308770	-0.166799	0.936397	-0.769368	0.622645	-0.142782	-0.559227	-0.764521	-0.320583
41537	9.161404	-0.840231	-2.894570	-0.024047	-0.705837	0.160524	-0.313842	-0.171304	0.933894	-0.768775	0.623082	-0.144060	-0.557215	-0.763167	-0.327244
41538	8.868458	-0.952350	-3.021527	-0.108882	-0.712675	0.158849	-0.318991	-0.175760	0.931318	-0.767679	0.624181	-0.145146	-0.555800	-0.761254	-0.334035
41539	8.773282	-1.064149	-3.171178	-0.157085	-0.725852	0.161035	-0.324174	-0.180398	0.928638	-0.766319	0.625658	-0.145971	-0.554676	-0.758953	-0.341064
41540	8.896158	-1.035118	-3.205272	-0.186662	-0.750922	0.159027	-0.329516	-0.185106	0.925827	-0.764778	0.627355	-0.146766	-0.553655	-0.756414	-0.348288
41541	9.212153	-1.027640	-3.053062	-0.217979	-0.778276	0.164814	-0.335136	-0.190087	0.922795	-0.763062	0.629269	-0.147501	-0.552648	-0.753583	-0.355939
41542	9.394578	-1.108017	-2.804291	-0.263802	-0.802676	0.154522	-0.340710	-0.195164	0.919689	-0.761096	0.631543	-0.147940	-0.551950	-0.750376	-0.363712
41543	9.623910	-1.098824	-2.488123	-0.301384	-0.831618	0.160700	-0.346453	-0.200363	0.916419	-0.758909	0.634092	-0.148271	-0.551386	-0.746848	-0.371741
41544	9.570659	-1.347441	-2.398788	-0.287539	-0.856602	0.168076	-0.352410	-0.205693	0.912961	-0.756752	0.636567	-0.148692	-0.550576	-0.743285	-0.379991
41545	9.547350	-1.062556	-2.416807	-0.256054	-0.891516	0.181543	-0.358730	-0.211242	0.909225	-0.754721	0.638819	-0.149353	-0.549281	-0.739788	-0.388593
41546	9.792619	-0.530593	-2.679022	-0.293661	-0.945351	0.188336	-0.365300	-0.217028	0.905237	-0.752443	0.641380	-0.149872	-0.548075	-0.735887	-0.397597
41547	10.058827	-0.410579	-2.770744	-0.405925	-1.004778	0.199004	-0.372295	-0.223311	0.900849	-0.749502	0.644806	-0.149907	-0.547397	-0.730998	-0.407430
41548	9.952211	-0.835317	-2.432917	-0.495803	-1.018464	0.201240	-0.379339	-0.229443	0.896358	-0.746047	0.648863	-0.149636	-0.547280	-0.725488	-0.417314
41549	9.952402	-1.184627	-3.072165	-0.608378	-1.047614	0.191339	-0.386673	-0.235801	0.891562	-0.742020	0.653622	-0.148946	-0.547623	-0.719150	-0.427706
41550	10.363778	-1.375802	-3.200668	-0.599755	-1.084626	0.185119	-0.393949	-0.242369	0.886601	-0.738029	0.658347	-0.147961	-0.547831	-0.712626	-0.438230
41551	10.445750	-1.630666	-3.198133	-0.638926	-1.101238	0.183825	-0.401370	-0.248943	0.881436	-0.733848	0.663253	-0.146842	-0.548059	-0.705778	-0.448897
41552	10.654950	-1.770112	-2.927199	-0.586050	-1.148990	0.182761	-0.408969	-0.255815	0.875958	-0.729913	0.667819	-0.145753	-0.547696	-0.698982	-0.459840
41553	10.958369	-1.578417	-2.670235	-0.578841	-1.191316	0.176420	-0.416808	-0.262958	0.870129	-0.726121	0.672170	-0.144692	-0.546826	-0.692128	-0.471106
41554	11.016428	-1.951050	-2.767056	-0.536239	-1.233146	0.178527	-0.424803	-0.270265	0.864002	-0.722459	0.676326	-0.143651	-0.545523	-0.685229	-0.482561
41555	11.049133	-1.776345	-2.473973	-0.442359	-1.282982	0.162223	-0.432956	-0.277971	0.857485	-0.719407	0.679733	-0.142889	-0.543142	-0.678745	-0.494269
41556	11.178210	-1.298436	-2.233015	-0.413433	-1.351119	0.144132	-0.441277	-0.286134	0.850531	-0.716555	0.682919	-0.142020	-0.540207	-0.672122	-0.506387
41557	11.453186	-0.970136	-1.810456	-0.391835	-1.435435	0.122836	-0.449908	-0.294941	0.842967	-0.713994	0.685781	-0.141128	-0.536466	-0.665368	-0.519125
41558	11.672313	-0.803101	-0.984425	-0.430080	-1.517267	0.099700	-0.458697	-0.304314	0.834859	-0.711261	0.688912	-0.139673	-0.532640	-0.657871	-0.532448
41559	11.836047	-1.261390	-0.357673	-0.458109	-1.614971	0.065117	-0.467777	-0.314523	0.825990	-0.708617	0.692007	-0.137801	-0.528249	-0.649771	-0.546581
41560	12.215586	-1.731203	0.644999	-0.426164	-1.731991	0.007727	-0.476905	-0.325670	0.816395	-0.706360	0.694768	-0.135475	-0.523085	-0.641277	-0.561379
41561	13.278954	-1.635944	1.175782	-0.371069	-1.875334	-0.068116	-0.486200	-0.337928	0.805863	-0.704948	0.696641	-0.133188	-0.516389	-0.632847	-0.576928
41562	14.536989	-1.484910	2.358625	-0.262229	-2.006566	-0.124600	-0.495573	-0.351427	0.794296	-0.704237	0.697844	-0.130630	-0.508388	-0.624110	-0.593320
41563	15.334911	-0.025825	3.651785	-0.211020	-2.117234	-0.135647	-0.505385	-0.365596	0.781617	-0.704015	0.698462	-0.128508	-0.498948	-0.615216	-0.610377
41564	15.441653	1.415913	5.055810	-0.243427	-2.221097	-0.110022	-0.515557	-0.379939	0.768016	-0.703395	0.699520	-0.126124	-0.489323	-0.605242	-0.627889
41565	15.105057	3.356258	4.804265	-0.498443	-2.340918	-0.042213	-0.526521	-0.394220	0.753237	-0.701422	0.702077	-0.122858	-0.480398	-0.593024	-0.646173
41566	14.529161	4.781513	4.865565	-0.980308	-2.440327	0.036475	-0.538396	-0.408251	0.737198	-0.696571	0.707938	-0.116678	-0.474256	-0.576329	-0.665527
41567	13.157943	4.326369	2.821661	-1.327911	-2.615841	0.112568	-0.551505	-0.422304	0.719376	-0.689933	0.715647	-0.108819	-0.468865	-0.556335	-0.686044
41568	12.635632	3.646654	1.339783	-1.574185	-2.883729	0.177336	-0.566138	-0.436749	0.699098	-0.681626	0.724961	-0.099083	-0.463544	-0.532618	-0.708128
41569	13.075107	3.232183	1.164757	-1.702492	-3.113433	0.211421	-0.581875	-0.451419	0.676493	-0.672831	0.734469	-0.088619	-0.456859	-0.506731	-0.731098
41570	14.371280	3.052073	-1.596167	-1.838440	-3.175819	0.327652	-0.598444	-0.464663	0.652651	-0.662581	0.745008	-0.077131	-0.450390	-0.478593	-0.753723
41571	15.017349	2.466386	-6.066997	-2.271955	-2.908649	0.383240	-0.613927	-0.475263	0.630253	-0.650347	0.757052	-0.062621	-0.447373	-0.448327	-0.773861
41572	14.114627	1.297903	-5.570340	-2.713688	-2.511924	0.421173	-0.627872	-0.482919	0.610382	-0.635590	0.770772	-0.043987	-0.449223	-0.415571	-0.790885
41573	13.411995	0.048773	-5.285368	-2.670419	-2.099598	0.452242	-0.640072	-0.487744	0.593644	-0.621001	0.783380	-0.025936	-0.452399	-0.385255	-0.804309
41574	12.536435	-0.901658	-6.381643	-2.319140	-1.654829	0.423911	-0.650169	-0.490579	0.580183	-0.607759	0.794063	-0.009644	-0.455971	-0.358881	-0.814429
41575	10.668178	-1.403082	-11.814265	-1.556968	-1.356405	0.420397	-0.658687	-0.491948	0.569315	-0.598240	0.801317	0.000269	-0.456334	-0.340410	-0.822120
41576	7.279830	-2.349202	-13.124979	-1.565912	-1.282056	0.380176	-0.666776	-0.493153	0.558758	-0.588595	0.808352	0.011061	-0.457128	-0.321507	-0.829257
41577	6.033566	-4.176691	-8.989685	-1.496994	-0.923965	0.219921	-0.672040	-0.494228	0.551454	-0.580609	0.813889	0.021860	-0.459627	-0.305488	-0.833919
41578	9.280016	-4.201635	-9.223914	-0.819742	-0.523540	0.279607	-0.676042	-0.493543	0.547158	-0.574979	0.817717	0.027175	-0.460833	-0.296233	-0.836588
41579	11.383410	-5.159403	-6.917873	-0.005299	0.024307	0.317301	-0.677388	-0.490865	0.547903	-0.573186	0.819040	0.025130	-0.461090	-0.297028	-0.836164
41580	11.146673	-5.323698	-7.876800	1.383971	0.490267	0.298216	-0.676832	-0.486958	0.552061	-0.577544	0.816272	0.011937	-0.456445	-0.310760	-0.833718
41581	8.903753	-3.093759	-8.631340	2.393205	0.917577	0.318736	-0.674112	-0.481428	0.560179	-0.586633	0.809792	-0.009997	-0.448816	-0.335358	-0.828311
41582	6.924151	-0.418941	-9.296268	2.634255	1.279822	0.390675	-0.670699	-0.473830	0.570656	-0.595765	0.802442	-0.033922	-0.441845	-0.362728	-0.820488
41583	5.657966	1.808476	-8.250732	2.235785	1.677494	0.433734	-0.665478	-0.464056	0.584630	-0.603158	0.795726	-0.054952	-0.439704	-0.389193	-0.809437
41584	5.866130	3.022881	-7.417101	1.540824	2.113671	0.471013	-0.658960	-0.451877	0.601314	-0.606878	0.791697	-0.070112	-0.444377	-0.411125	-0.795930
41585	5.615631	4.045676	-6.194468	0.829748	2.601225	0.469162	-0.649668	-0.437207	0.621918	-0.607978	0.789935	-0.079783	-0.456394	-0.429945	-0.779007
41586	6.667773	3.913799	-5.984281	0.213099	3.063370	0.405032	-0.637839	-0.420623	0.645165	-0.606390	0.790720	-0.083985	-0.474819	-0.444791	-0.759413
41587	6.014158	4.235231	-6.067051	-0.162251	3.584626	0.316486	-0.621895	-0.401862	0.672126	-0.604018	0.792415	-0.085094	-0.498407	-0.458896	-0.735531
41588	4.883644	4.610116	-6.458781	-0.721690	3.952443	0.194691	-0.602776	-0.381998	0.700528	-0.599153	0.796505	-0.081213	-0.526951	-0.468677	-0.708989
41589	4.457764	3.902763	-7.271101	-1.335608	4.332545	0.062178	-0.579172	-0.360965	0.730934	-0.591919	0.802721	-0.072604	-0.560528	-0.474704	-0.678575
41590	4.044608	2.540689	-7.365089	-1.853060	4.652112	-0.068807	-0.551795	-0.339415	0.761787	-0.581603	0.811270	-0.059818	-0.597712	-0.476065	-0.645060
41591	4.298419	0.439412	-7.844844	-2.049514	4.945901	-0.206126	-0.519692	-0.317406	0.793205	-0.570427	0.820083	-0.045570	-0.636029	-0.476148	-0.607248
41592	4.788944	-1.416116	-7.945415	-1.808140	5.235170	-0.297678	-0.483721	-0.294911	0.824040	-0.560117	0.827774	-0.032548	-0.672520	-0.477303	-0.565596
41593	5.060322	-2.952069	-8.485742	-1.176379	5.467367	-0.272009	-0.444168	-0.270723	0.854063	-0.553624	0.832419	-0.024058	-0.704426	-0.483516	-0.519613
41594	4.977435	-3.714366	-8.847171	-0.348896	5.661412	-0.186955	-0.402483	-0.244583	0.882149	-0.551941	0.833626	-0.020695	-0.730321	-0.495224	-0.470515
41595	5.607283	-3.861061	-9.351542	0.561140	5.869072	-0.132859	-0.357935	-0.215835	0.908459	-0.556945	0.830253	-0.022183	-0.749463	-0.513902	-0.417385
41596	5.948480	-3.156290	-9.764233	1.550175	6.033536	-0.128517	-0.311603	-0.185141	0.932001	-0.569114	0.821814	-0.027024	-0.760929	-0.538836	-0.361446
41597	6.198849	-1.799172	-7.787615	2.378551	6.169190	-0.247729	-0.262756	-0.152691	0.952704	-0.588306	0.807975	-0.032760	-0.764758	-0.569089	-0.302129
41598	6.819642	-0.096804	-6.115499	2.801757	6.132166	-0.525120	-0.212731	-0.121045	0.969584	-0.610984	0.790854	-0.035320	-0.762525	-0.599915	-0.242196
41599	7.981951	1.397067	-6.582488	2.772436	6.045659	-0.892181	-0.160942	-0.090563	0.982800	-0.634011	0.772635	-0.032628	-0.756391	-0.628358	-0.181767
41600	8.910393	2.624910	-6.422470	2.238211	5.954058	-1.202805	-0.108310	-0.061704	0.992200	-0.652519	0.757388	-0.024128	-0.749992	-0.650043	-0.122295
41601	9.325552	2.991576	-6.291601	1.535138	5.830973	-1.309655	-0.055818	-0.032895	0.997899	-0.665321	0.746451	-0.012609	-0.744468	-0.664627	-0.063551
41602	9.812033	2.511359	-6.066366	0.888318	5.665168	-1.296802	-0.005043	-0.004663	0.999976	-0.672333	0.740249	0.000061	-0.740231	-0.672317	-0.006868
41603	10.610120	2.492518	-5.953440	0.512663	5.547680	-1.123520	0.043723	0.024734	0.998737	-0.676110	0.736713	0.011354	-0.735502	-0.675753	0.048935
41604	10.022924	2.473336	-6.288493	0.254489	5.371336	-0.821461	0.088690	0.054980	0.994541	-0.677450	0.735303	0.019764	-0.730202	-0.675505	0.102460
41605	9.175819	1.790074	-5.319116	0.042917	5.051619	-0.443716	0.128654	0.086024	0.987951	-0.677449	0.735172	0.024205	-0.724232	-0.672401	0.152860
41606	9.407850	1.380465	-5.173231	-0.045181	4.663715	-0.035319	0.162555	0.117006	0.979737	-0.677088	0.735494	0.024504	-0.717724	-0.667352	0.198782
41607	9.379290	0.488458	-3.678988	-0.335136	4.269736	0.303839	0.191220	0.147780	0.970359	-0.675368	0.737187	0.020820	-0.712259	-0.659331	0.240771
41608	8.837064	-0.811932	-2.575923	-0.592030	3.816622	0.506942	0.214951	0.176486	0.960546	-0.672207	0.740222	0.014422	-0.708472	-0.648786	0.277747
41609	7.706532	-2.189680	-0.929180	-0.902402	3.245340	0.543872	0.234444	0.201553	0.951006	-0.667164	0.744882	0.006603	-0.707056	-0.636025	0.309102
41610	6.289996	-3.199794	1.712741	-1.197770	2.435559	0.500133	0.248403	0.220609	0.943201	-0.659904	0.751347	-0.001942	-0.709099	-0.621940	0.332218
41611	4.986703	-4.221443	3.394875	-1.388317	1.405851	0.421329	0.255792	0.232623	0.938327	-0.651213	0.758821	-0.010598	-0.714487	-0.608340	0.345588
41612	4.523095	-5.188279	1.210308	-1.083610	0.316364	0.302229	0.256136	0.236829	0.937180	-0.644226	0.764643	-0.017158	-0.720671	-0.599361	0.348424
41613	4.813600	-5.192005	-1.661463	-0.584533	-0.604464	0.188851	0.250679	0.234879	0.939144	-0.640628	0.767565	-0.020969	-0.725779	-0.596386	0.342882
41614	5.667858	-4.551428	-4.010559	-0.063335	-1.356309	0.167679	0.239767	0.228052	0.943665	-0.640594	0.767543	-0.022727	-0.729487	-0.599057	0.330120
41615	6.866259	-4.027904	-5.863527	0.386534	-1.926788	0.169710	0.224714	0.217957	0.949736	-0.643965	0.764705	-0.023127	-0.731309	-0.606400	0.312196
41616	8.016198	-2.656413	-6.652811	0.699902	-2.333461	0.198530	0.206390	0.205194	0.956712	-0.649530	0.759992	-0.022879	-0.731788	-0.616691	0.290134
41617	10.986069	-1.016320	-2.978535	0.632672	-2.421781	0.290415	0.186862	0.192524	0.963336	-0.654866	0.755366	-0.023934	-0.732280	-0.626383	0.267227
41618	16.248269	1.094606	3.133150	0.588658	-2.154205	0.369120	0.168693	0.181714	0.968774	-0.659851	0.750948	-0.025956	-0.732216	-0.634867	0.246583
41619	21.785245	5.392909	10.011559	0.871326	-1.434156	0.227981	0.156799	0.174403	0.972110	-0.666704	0.744866	-0.026096	-0.728643	-0.644018	0.233069
41620	22.360498	4.499288	-0.181861	1.550388	-1.515484	0.220717	0.144366	0.166164	0.975473	-0.678289	0.734380	-0.024712	-0.720474	-0.658085	0.218727
41621	14.630344	-1.140606	-4.086846	1.306260	-1.878785	0.317591	0.128831	0.156112	0.979302	-0.688187	0.725101	-0.025056	-0.714004	-0.670714	0.200850
41622	8.965407	-2.388805	-4.677125	1.277112	-2.228743	0.204309	0.111603	0.142492	0.983484	-0.697531	0.716132	-0.024603	-0.707810	-0.683265	0.179315
41623	8.095843	-3.263381	-5.119210	1.798911	-2.412511	0.404706	0.091899	0.128763	0.987408	-0.710657	0.703075	-0.025544	-0.697511	-0.699361	0.156118
41624	7.404688	-1.973084	-8.081923	2.341108	-2.504337	0.554538	0.070660	0.114855	0.990866	-0.727285	0.685779	-0.027628	-0.682689	-0.718690	0.131989
41625	8.183374	-0.168503	-7.047062	2.459831	-2.424580	0.558636	0.050278	0.101016	0.993614	-0.744261	0.667207	-0.030171	-0.665994	-0.737991	0.108728
41626	8.384538	-0.573834	-4.914042	1.989309	-2.126600	0.542423	0.032224	0.088737	0.995534	-0.757614	0.651839	-0.033579	-0.651907	-0.753148	0.088233
41627	8.425896	-1.261099	-4.556690	1.384602	-1.850436	0.545787	0.016162	0.078229	0.996804	-0.766726	0.640857	-0.037863	-0.641771	-0.763664	0.070338
41628	9.520976	-0.022996	-5.410886	0.908698	-1.689542	0.633319	0.000535	0.069303	0.997596	-0.772599	0.633396	-0.043588	-0.634894	-0.770718	0.053883
41629	10.956284	2.827603	-5.087077	0.140414	-1.515954	0.752827	-0.014842	0.062333	0.997945	-0.773440	0.631818	-0.050967	-0.633696	-0.772607	0.038833
41630	11.354728	2.702867	-5.097281	-1.137327	-1.446626	0.738500	-0.029722	0.055900	0.997994	-0.766040	0.640110	-0.058668	-0.642105	-0.766247	0.023796
41631	12.096915	1.440947	-4.777892	-1.927180	-1.327393	0.602600	-0.042863	0.049623	0.997848	-0.753285	0.654483	-0.064905	-0.656296	-0.754446	0.009327
41632	11.396935	0.422543	-3.692051	-2.059731	-1.166776	0.476690	-0.054132	0.044052	0.997562	-0.739405	0.669644	-0.069695	-0.671081	-0.741375	-0.003676
41633	9.800618	-1.591455	-2.572490	-1.551288	-1.088253	0.430596	-0.064605	0.038829	0.997155	-0.728608	0.680951	-0.073722	-0.681877	-0.731299	-0.015702
41634	8.706875	-3.005952	-2.457236	-0.755432	-1.043791	0.460539	-0.075057	0.034368	0.996587	-0.723141	0.686268	-0.078129	-0.686610	-0.726537	-0.026657
41635	8.448356	-2.333987	-2.055020	-0.063853	-1.043417	0.488843	-0.085715	0.030023	0.995867	-0.722257	0.686643	-0.082865	-0.686293	-0.726375	-0.037171
41636	9.635768	-1.162116	-1.499600	0.203644	-1.056410	0.470246	-0.096318	0.025564	0.995022	-0.723247	0.685009	-0.087609	-0.683839	-0.728086	-0.047489
41637	10.940021	-0.748497	-1.611246	-0.011128	-1.004345	0.422763	-0.106204	0.021028	0.994122	-0.722690	0.685062	-0.091697	-0.682964	-0.728181	-0.057560
41638	10.366099	-0.963046	-1.606570	-0.442046	-0.924702	0.390849	-0.115314	0.016990	0.993184	-0.719257	0.688179	-0.095282	-0.685107	-0.725342	-0.067137
41639	9.788958	-2.232475	-1.693652	-0.689500	-0.883724	0.382067	-0.124094	0.013117	0.992184	-0.714004	0.693183	-0.098466	-0.689056	-0.720643	-0.076654
41640	9.131659	-1.907534	-1.200541	-0.793982	-0.840207	0.367316	-0.132482	0.009640	0.991139	-0.708068	0.698820	-0.101441	-0.693605	-0.715233	-0.085756
41641	9.197890	-2.698409	-1.571274	-0.873559	-0.831624	0.374226	-0.140884	0.006225	0.990006	-0.701418	0.705085	-0.104250	-0.698688	-0.709095	-0.094969
41642	9.290693	-2.659296	-1.551587	-0.754586	-0.826231	0.364825	-0.149190	0.002967	0.988804	-0.695626	0.710378	-0.107087	-0.702743	-0.703814	-0.103918
41643	9.018846	-2.604369	-1.252172	-0.605866	-0.847690	0.301541	-0.157231	-0.000943	0.987561	-0.690841	0.714696	-0.109307	-0.705703	-0.699434	-0.113024
41644	8.990624	-2.719476	-1.317035	-0.388727	-0.901492	0.254073	-0.165318	-0.005420	0.986226	-0.687711	0.717397	-0.111336	-0.706912	-0.696643	-0.122326
41645	9.353102	-2.392395	-0.848451	-0.143699	-0.924369	0.227030	-0.173394	-0.010325	0.984798	-0.686260	0.718478	-0.113297	-0.706386	-0.695473	-0.131665
41646	9.106485	-2.254010	-0.384560	0.037707	-0.954498	0.202300	-0.181483	-0.015514	0.983272	-0.686192	0.718221	-0.115318	-0.704418	-0.695642	-0.140991
41647	8.930040	-2.249420	-0.448197	0.133221	-0.979090	0.188527	-0.189648	-0.021066	0.981626	-0.686735	0.717384	-0.117281	-0.701733	-0.696359	-0.150517
41648	9.005494	-2.199412	-0.702443	0.210703	-0.999204	0.182600	-0.197866	-0.026725	0.979865	-0.687882	0.715938	-0.119378	-0.698332	-0.697652	-0.160043
41649	9.299137	-1.795718	-0.809733	0.259106	-1.019964	0.187065	-0.206245	-0.032588	0.977958	-0.689272	0.714231	-0.121563	-0.694526	-0.699151	-0.169769
41650	9.594804	-1.257592	-1.033079	0.235703	-1.045959	0.188552	-0.214758	-0.038566	0.975905	-0.690533	0.712628	-0.123797	-0.690683	-0.700482	-0.179674
41651	9.557526	-0.836526	-1.202944	0.144470	-1.066924	0.160871	-0.223209	-0.044967	0.973733	-0.691145	0.711725	-0.125564	-0.687384	-0.701018	-0.189942
41652	9.375457	-0.941335	-1.324554	0.046944	-1.090003	0.136523	-0.231598	-0.051640	0.971440	-0.691182	0.711440	-0.126964	-0.684565	-0.700847	-0.200461
41653	9.137470	-1.068597	-1.444591	0.022072	-1.127200	0.114602	-0.240077	-0.058789	0.968972	-0.691034	0.711389	-0.128052	-0.681789	-0.700335	-0.211413
41654	9.133735	-0.941246	-1.457321	-0.011911	-1.151319	0.104741	-0.248603	-0.066106	0.966347	-0.690723	0.711517	-0.129021	-0.679043	-0.699553	-0.222546
41655	9.103343	-0.978075	-1.369695	-0.076494	-1.182045	0.107072	-0.257341	-0.073669	0.963509	-0.689906	0.712165	-0.129813	-0.676613	-0.698136	-0.234094
41656	9.184489	-0.866014	-1.025869	-0.126054	-1.221303	0.116491	-0.266361	-0.081359	0.960433	-0.688775	0.713112	-0.130613	-0.674270	-0.696313	-0.245983
41657	9.289945	-0.621908	-0.506006	-0.215355	-1.262263	0.125792	-0.275710	-0.089291	0.957085	-0.686961	0.714750	-0.131213	-0.672360	-0.693657	-0.258403
