// General information: 
//  MT Manager version: 2022.2.0 
//  XDA version: 2022.2.0 build 7381 rev 124627 built on 2023-07-19
// Device information: 
//  DeviceId: 00B4CB9F
//  ProductCode: MTW2-3A7G6
//  Firmware Version: 4.6.0
//  Hardware Version: 2.0.0
// Device settings: 
//  Filter Profile: human(46.1)
//  Option Flags: Orientation Smoother Disabled, Position/Velocity Smoother Disabled, Continuous Zero Rotation Update Disabled, AHS Disabled, ICC Disabled
// Coordinate system: ENU
PacketCounter	Acc_X	Acc_Y	Acc_Z	Gyr_X	Gyr_Y	Gyr_Z	Mat[1][1]	Mat[2][1]	Mat[3][1]	Mat[1][2]	Mat[2][2]	Mat[3][2]	Mat[1][3]	Mat[2][3]	Mat[3][3]
45629	9.541092	0.468082	-2.288983	-0.010080	0.015172	-0.000401	0.188175	0.150325	0.970563	0.438316	-0.897198	0.053981	0.878902	0.415256	-0.234720
45630	9.559067	0.429648	-2.311510	-0.004860	0.015094	-0.001399	0.187953	0.150354	0.970602	0.438570	-0.897071	0.054037	0.878823	0.415520	-0.234548
45631	9.573325	0.456306	-2.292963	-0.008907	0.012456	0.001299	0.187906	0.150277	0.970622	0.438517	-0.897099	0.054000	0.878860	0.415487	-0.234470
45632	9.550864	0.449297	-2.296899	-0.010029	0.013073	0.000328	0.187934	0.150113	0.970642	0.438240	-0.897240	0.053910	0.878992	0.415242	-0.234408
45633	9.573326	0.443745	-2.269701	-0.010784	0.014881	-0.003083	0.187847	0.150066	0.970667	0.438178	-0.897269	0.053920	0.879041	0.415196	-0.234305
45634	9.554152	0.443822	-2.182439	-0.007758	0.013931	-0.005297	0.187789	0.149964	0.970694	0.437890	-0.897410	0.053928	0.879197	0.414930	-0.234191
45635	9.546842	0.490150	-2.210207	-0.005903	0.015700	-0.009208	0.187668	0.149967	0.970716	0.437883	-0.897410	0.053986	0.879227	0.414929	-0.234083
45636	9.532655	0.451515	-2.205102	0.002533	0.020083	-0.009468	0.187480	0.149905	0.970763	0.437810	-0.897443	0.054030	0.879303	0.414880	-0.233882
45637	9.515347	0.491331	-2.179289	0.000052	0.018007	-0.015086	0.187313	0.149952	0.970788	0.437866	-0.897409	0.054131	0.879311	0.414936	-0.233755
45638	9.538979	0.512800	-2.193242	0.007613	0.012490	-0.012689	0.187181	0.150006	0.970805	0.438067	-0.897308	0.054185	0.879239	0.415135	-0.233672
45639	9.526495	0.513289	-2.250715	0.005806	0.008618	-0.008052	0.187128	0.150028	0.970811	0.438161	-0.897261	0.054205	0.879203	0.415228	-0.233639
45640	9.517180	0.520191	-2.217317	0.005807	0.008619	-0.008052	0.187065	0.150069	0.970817	0.438365	-0.897161	0.054215	0.879115	0.415430	-0.233612
45641	9.526175	0.501439	-2.228544	0.004318	0.008042	-0.006582	0.187023	0.150081	0.970824	0.438443	-0.897122	0.054224	0.879085	0.415510	-0.233584
45642	9.526301	0.501940	-2.227892	0.001758	0.005978	-0.005359	0.186991	0.150042	0.970836	0.438342	-0.897171	0.054229	0.879142	0.415418	-0.233532
45643	9.540312	0.529091	-2.210010	-0.001605	0.007825	-0.008272	0.186943	0.150069	0.970841	0.438371	-0.897154	0.054267	0.879138	0.415444	-0.233503
45644	9.526535	0.503387	-2.226564	-0.006775	0.005799	-0.006552	0.186852	0.150108	0.970852	0.438367	-0.897152	0.054344	0.879159	0.415436	-0.233437
45645	9.581578	0.512260	-2.248186	-0.005237	0.004273	-0.007296	0.186840	0.150142	0.970849	0.438363	-0.897151	0.054382	0.879164	0.415424	-0.233440
45646	9.558271	0.492832	-2.232377	-0.005237	0.004273	-0.007295	0.186694	0.150245	0.970861	0.438557	-0.897050	0.054489	0.879098	0.415605	-0.233365
45647	9.599376	0.475215	-2.271480	-0.003649	0.000642	-0.007315	0.186713	0.150294	0.970850	0.438567	-0.897043	0.054523	0.879089	0.415603	-0.233404
45648	9.622734	0.496178	-2.286718	-0.006676	0.001592	-0.005102	0.186714	0.150281	0.970852	0.438500	-0.897075	0.054529	0.879122	0.415538	-0.233394
45649	9.566528	0.462712	-2.223196	-0.009989	0.001336	-0.007290	0.186727	0.150327	0.970842	0.438454	-0.897095	0.054578	0.879142	0.415479	-0.233423
45650	9.548831	0.502246	-2.198872	-0.013066	0.004390	-0.005800	0.186730	0.150354	0.970838	0.438469	-0.897086	0.054597	0.879134	0.415488	-0.233439
45651	9.548947	0.503221	-2.198145	-0.016895	0.009254	-0.007719	0.186672	0.150371	0.970846	0.438364	-0.897134	0.054666	0.879199	0.415379	-0.233387
45652	9.534579	0.464977	-2.193958	-0.015641	0.006525	-0.012864	0.186573	0.150441	0.970854	0.438315	-0.897150	0.054787	0.879244	0.415319	-0.233324
45653	9.535260	0.479546	-2.213987	-0.017080	0.003844	-0.010671	0.186549	0.150507	0.970849	0.438213	-0.897194	0.054886	0.879300	0.415200	-0.233325
45654	9.518174	0.532877	-2.210024	-0.011123	0.006159	-0.016542	0.186491	0.150580	0.970849	0.438088	-0.897247	0.055011	0.879375	0.415058	-0.233296
45655	9.527116	0.515002	-2.221420	-0.010086	0.005551	-0.008731	0.186461	0.150621	0.970848	0.438044	-0.897265	0.055075	0.879403	0.415005	-0.233283
45656	9.536670	0.510050	-2.253510	-0.007760	0.004311	-0.013629	0.186375	0.150741	0.970846	0.438135	-0.897213	0.055199	0.879376	0.415074	-0.233263
45657	9.537295	0.524587	-2.273754	-0.007710	0.002207	-0.012906	0.186355	0.150834	0.970835	0.438120	-0.897214	0.055297	0.879388	0.415037	-0.233284
45658	9.532967	0.493121	-2.323309	-0.003327	0.003950	-0.010470	0.186193	0.150949	0.970848	0.438285	-0.897125	0.055430	0.879339	0.415188	-0.233197
45659	9.532956	0.494060	-2.323157	0.000504	-0.000914	-0.008554	0.186220	0.151016	0.970833	0.438335	-0.897099	0.055468	0.879309	0.415220	-0.233253
45660	9.518445	0.455329	-2.319885	-0.003226	-0.000260	-0.009025	0.186195	0.151128	0.970820	0.438469	-0.897028	0.055546	0.879248	0.415332	-0.233287
45661	9.554340	0.477011	-2.276768	-0.009147	-0.000477	-0.010713	0.186209	0.151212	0.970804	0.438437	-0.897039	0.055626	0.879260	0.415279	-0.233334
45662	9.521925	0.477255	-2.249911	-0.008107	-0.010715	-0.011255	0.186373	0.151379	0.970747	0.438611	-0.896952	0.055662	0.879139	0.415406	-0.233564
45663	9.580414	0.506438	-2.202026	-0.012459	-0.000730	-0.012897	0.186379	0.151484	0.970729	0.438554	-0.896972	0.055772	0.879166	0.415323	-0.233611
45664	9.572042	0.540352	-2.210599	-0.012458	-0.000729	-0.012896	0.186300	0.151639	0.970720	0.438706	-0.896890	0.055909	0.879107	0.415445	-0.233616
45665	9.548648	0.521633	-2.195149	-0.011020	0.001958	-0.015084	0.186273	0.151753	0.970708	0.438667	-0.896901	0.056036	0.879132	0.415380	-0.233638
45666	9.558094	0.517296	-2.227596	-0.012790	0.000180	-0.018014	0.186148	0.152058	0.970684	0.439070	-0.896689	0.056266	0.878958	0.415724	-0.233681
45667	9.576470	0.493665	-2.271996	-0.012558	0.003486	-0.014334	0.186110	0.152158	0.970675	0.439017	-0.896708	0.056390	0.878992	0.415648	-0.233687
45668	9.543582	0.481363	-2.223886	-0.016467	-0.001269	-0.017759	0.186143	0.152272	0.970651	0.438865	-0.896774	0.056521	0.879061	0.415464	-0.233754
45669	9.566266	0.490320	-2.218401	-0.022293	0.003924	-0.009650	0.186122	0.152329	0.970646	0.438717	-0.896840	0.056622	0.879139	0.415301	-0.233751
45670	9.521442	0.490685	-2.249066	-0.018476	0.003274	-0.016013	0.186003	0.152439	0.970652	0.438646	-0.896863	0.056794	0.879200	0.415209	-0.233686
45671	9.535834	0.532005	-2.251971	-0.018142	0.002366	-0.010892	0.185991	0.152514	0.970643	0.438537	-0.896910	0.056897	0.879257	0.415081	-0.233700
45672	9.499922	0.512772	-2.294787	-0.010734	0.003166	-0.010674	0.185903	0.152664	0.970636	0.438779	-0.896785	0.057011	0.879155	0.415296	-0.233701
45673	9.500501	0.527262	-2.315123	-0.008773	0.000736	-0.013135	0.185895	0.152766	0.970621	0.438757	-0.896789	0.057114	0.879167	0.415250	-0.233736
45674	9.486609	0.502082	-2.332567	-0.004940	-0.004130	-0.011227	0.185863	0.152850	0.970614	0.438726	-0.896798	0.057214	0.879190	0.415200	-0.233740
45675	9.495362	0.484216	-2.345031	-0.007829	-0.005288	-0.015124	0.185899	0.152994	0.970585	0.438716	-0.896795	0.057334	0.879187	0.415152	-0.233834
45676	9.495166	0.485589	-2.345539	-0.007496	-0.006200	-0.010006	0.185961	0.153031	0.970567	0.438555	-0.896870	0.057383	0.879254	0.414976	-0.233895
45677	9.530881	0.507554	-2.302888	-0.007828	-0.005286	-0.015122	0.185997	0.153175	0.970537	0.438545	-0.896868	0.057504	0.879252	0.414929	-0.233989
45678	9.552846	0.503129	-2.277412	-0.013886	-0.003403	-0.010691	0.185990	0.153329	0.970514	0.438724	-0.896774	0.057601	0.879164	0.415075	-0.234060
45679	9.534293	0.529725	-2.232882	-0.010629	-0.001044	-0.009227	0.186015	0.153402	0.970498	0.438679	-0.896792	0.057671	0.879181	0.415009	-0.234111
45680	9.556928	0.538283	-2.227626	-0.015058	-0.000676	-0.012374	0.185994	0.153550	0.970479	0.438801	-0.896724	0.057783	0.879125	0.415100	-0.234163
45681	9.524605	0.538689	-2.200307	-0.021343	-0.002093	-0.011619	0.186017	0.153649	0.970458	0.438666	-0.896783	0.057901	0.879187	0.414936	-0.234217
45682	9.557323	0.554624	-2.248183	-0.026612	0.000086	-0.011333	0.185961	0.153792	0.970447	0.438655	-0.896778	0.058060	0.879204	0.414895	-0.234227
45683	9.557268	0.556370	-2.247985	-0.030340	0.000743	-0.011795	0.185958	0.153882	0.970433	0.438442	-0.896873	0.058201	0.879311	0.414655	-0.234249
45684	9.543963	0.545061	-2.285885	-0.029024	-0.004073	-0.016218	0.185932	0.154086	0.970405	0.438494	-0.896836	0.058388	0.879291	0.414661	-0.234316
45685	9.511048	0.532857	-2.237969	-0.038862	0.000571	-0.012960	0.185926	0.154187	0.970391	0.438207	-0.896964	0.058560	0.879435	0.414345	-0.234335
45686	9.521042	0.542146	-2.291026	-0.038385	-0.002434	-0.013951	0.185977	0.154239	0.970373	0.437773	-0.897167	0.058701	0.879641	0.413886	-0.234374
45687	9.488699	0.542835	-2.263707	-0.026551	-0.002003	-0.010595	0.186004	0.154329	0.970353	0.437590	-0.897248	0.058822	0.879726	0.413676	-0.234425
45688	9.507039	0.519347	-2.308602	-0.020492	-0.003877	-0.015029	0.186023	0.154378	0.970342	0.437230	-0.897415	0.058955	0.879901	0.413296	-0.234438
45689	9.529534	0.528534	-2.303741	-0.014801	-0.006955	-0.017031	0.186065	0.154546	0.970307	0.437163	-0.897438	0.059110	0.879925	0.413183	-0.234544
45690	9.525066	0.497874	-2.354368	-0.008884	-0.006741	-0.015356	0.186103	0.154737	0.970269	0.437322	-0.897353	0.059228	0.879838	0.413297	-0.234670
45691	9.537968	0.512982	-2.317206	-0.006500	-0.010066	-0.019537	0.186162	0.154941	0.970225	0.437332	-0.897337	0.059388	0.879821	0.413255	-0.234810
45692	9.510306	0.559132	-2.260828	-0.002011	-0.000823	-0.014864	0.186112	0.155054	0.970217	0.437397	-0.897298	0.059497	0.879799	0.413296	-0.234818
45693	9.505426	0.514944	-2.290469	-0.005685	-0.002276	-0.014608	0.186123	0.155181	0.970194	0.437405	-0.897287	0.059607	0.879793	0.413274	-0.234883
45694	9.535826	0.478431	-2.256610	-0.006607	-0.005847	-0.020964	0.186119	0.155315	0.970174	0.437268	-0.897343	0.059769	0.879862	0.413101	-0.234926
45695	9.558902	0.500674	-2.272168	-0.006105	-0.001372	-0.012890	0.186130	0.155423	0.970154	0.437269	-0.897336	0.059864	0.879859	0.413076	-0.234983
45696	9.604730	0.529956	-2.282234	-0.009412	-0.001619	-0.015064	0.186074	0.155557	0.970144	0.437366	-0.897281	0.059986	0.879822	0.413146	-0.234995
45697	9.563983	0.562770	-2.263255	-0.014682	0.000557	-0.014770	0.186059	0.155673	0.970128	0.437296	-0.897306	0.060120	0.879860	0.413047	-0.235028
45698	9.554942	0.583834	-2.250908	-0.022138	0.001866	-0.015686	0.185944	0.155826	0.970125	0.437285	-0.897298	0.060314	0.879890	0.413006	-0.234987
45699	9.519474	0.578839	-2.314588	-0.018908	-0.003254	-0.023295	0.185925	0.156035	0.970095	0.437193	-0.897328	0.060539	0.879940	0.412863	-0.235054
45700	9.528784	0.575284	-2.347492	-0.015966	-0.004213	-0.018689	0.185939	0.156257	0.970057	0.437318	-0.897256	0.060706	0.879875	0.412936	-0.235169
45701	9.500160	0.498128	-2.341491	-0.017142	-0.001481	-0.020363	0.185918	0.156433	0.970033	0.437237	-0.897282	0.060899	0.879920	0.412812	-0.235219
45702	9.500454	0.513565	-2.362449	-0.019523	-0.009880	-0.016998	0.185905	0.156640	0.970002	0.437260	-0.897258	0.061090	0.879911	0.412786	-0.235297
45703	9.512284	0.502308	-2.284313	-0.012122	-0.009076	-0.016795	0.185966	0.156815	0.969962	0.437216	-0.897269	0.061237	0.879920	0.412695	-0.235424
45704	9.512537	0.517321	-2.305510	-0.011479	-0.006688	-0.014831	0.186070	0.156985	0.969914	0.437293	-0.897225	0.061329	0.879860	0.412726	-0.235595
45705	9.529697	0.564646	-2.217868	-0.015685	-0.003026	-0.014285	0.186089	0.157112	0.969890	0.437214	-0.897255	0.061460	0.879895	0.412612	-0.235661
45706	9.552213	0.573626	-2.212893	-0.013021	-0.005165	-0.014075	0.186207	0.157165	0.969859	0.437007	-0.897352	0.061513	0.879973	0.412381	-0.235775
45707	9.565721	0.602080	-2.195672	-0.019746	-0.001437	-0.019840	0.186188	0.157336	0.969835	0.436902	-0.897390	0.061707	0.880029	0.412233	-0.235823
45708	9.498606	0.608753	-2.252232	-0.022613	0.004889	-0.014652	0.186090	0.157398	0.969843	0.436693	-0.897481	0.061863	0.880153	0.412012	-0.235747
45709	9.516574	0.572672	-2.276225	-0.016771	-0.000251	-0.022768	0.186048	0.157590	0.969820	0.436620	-0.897502	0.062078	0.880199	0.411893	-0.235785
45710	9.502751	0.548406	-2.293798	-0.012651	-0.003947	-0.016496	0.186010	0.157670	0.969815	0.436374	-0.897610	0.062235	0.880328	0.411626	-0.235767
45711	9.488833	0.524124	-2.311807	-0.012022	-0.009021	-0.023600	0.186041	0.157905	0.969770	0.436344	-0.897610	0.062447	0.880336	0.411536	-0.235894
45712	9.521172	0.540983	-2.360597	-0.004231	-0.011261	-0.017588	0.186079	0.158104	0.969731	0.436463	-0.897543	0.062583	0.880270	0.411606	-0.236021
45713	9.588337	0.551662	-2.325375	-0.008598	-0.012991	-0.020001	0.186161	0.158324	0.969679	0.436457	-0.897534	0.062752	0.880255	0.411541	-0.236187
45714	9.555793	0.552196	-2.298988	-0.012109	-0.009056	-0.016776	0.186200	0.158452	0.969651	0.436316	-0.897593	0.062892	0.880317	0.411364	-0.236267
45715	9.569176	0.580508	-2.282177	-0.012590	-0.006049	-0.015772	0.186239	0.158605	0.969618	0.436266	-0.897607	0.063030	0.880333	0.411273	-0.236364
45716	9.536770	0.580881	-2.255250	-0.016317	-0.005396	-0.016222	0.186205	0.158722	0.969606	0.436155	-0.897650	0.063183	0.880395	0.411134	-0.236374
45717	9.546087	0.577046	-2.288200	-0.020103	-0.002633	-0.017383	0.186207	0.158875	0.969580	0.436042	-0.897693	0.063354	0.880451	0.410981	-0.236433
45718	9.536813	0.598371	-2.276430	-0.019137	-0.008640	-0.019385	0.186261	0.159183	0.969519	0.436373	-0.897520	0.063527	0.880276	0.411240	-0.236636
45719	9.572383	0.621156	-2.233745	-0.022225	-0.005602	-0.017871	0.186287	0.159353	0.969486	0.436243	-0.897571	0.063708	0.880335	0.411064	-0.236722
45720	9.595298	0.644044	-2.249234	-0.022283	-0.003490	-0.018578	0.186270	0.159627	0.969444	0.436472	-0.897445	0.063908	0.880225	0.411231	-0.236840
45721	9.572472	0.639038	-2.254506	-0.022402	0.000732	-0.019997	0.186232	0.159790	0.969425	0.436344	-0.897493	0.064110	0.880296	0.411064	-0.236865
45722	9.527010	0.626820	-2.264888	-0.027190	-0.000100	-0.020689	0.186150	0.160004	0.969405	0.436366	-0.897466	0.064337	0.880303	0.411039	-0.236884
45723	9.480651	0.587924	-2.234370	-0.023884	0.000145	-0.018522	0.186123	0.160157	0.969385	0.436223	-0.897522	0.064528	0.880379	0.410858	-0.236913
45724	9.453353	0.537114	-2.269185	-0.014307	0.001818	-0.017128	0.186113	0.160264	0.969370	0.436147	-0.897550	0.064653	0.880419	0.410755	-0.236944
45725	9.482249	0.535028	-2.387551	-0.004943	0.000217	-0.019411	0.186081	0.160424	0.969349	0.436172	-0.897527	0.064808	0.880413	0.410743	-0.236985
45726	9.481621	0.523641	-2.367396	-0.001729	-0.007034	-0.019503	0.186084	0.160536	0.969330	0.436024	-0.897588	0.064950	0.880486	0.410565	-0.237024
45727	9.476794	0.590040	-2.326183	0.008333	-0.008363	-0.019115	0.186129	0.160728	0.969290	0.436165	-0.897511	0.065071	0.880407	0.410659	-0.237157
45728	9.531313	0.600599	-2.349165	0.006849	-0.008956	-0.017647	0.186155	0.160948	0.969248	0.436429	-0.897374	0.065192	0.880271	0.410872	-0.237293
45729	9.511992	0.613729	-2.284663	0.008334	-0.008360	-0.019111	0.186200	0.161140	0.969208	0.436570	-0.897296	0.065312	0.880191	0.410966	-0.237426
45730	9.557857	0.656766	-2.315869	0.005729	-0.008331	-0.018600	0.186143	0.161427	0.969171	0.437011	-0.897070	0.065483	0.879984	0.411349	-0.237529
45731	9.566188	0.626108	-2.308485	0.000942	-0.009167	-0.019292	0.186194	0.161624	0.969128	0.437088	-0.897022	0.065623	0.879935	0.411375	-0.237664
45732	9.543156	0.620517	-2.314812	-0.000054	-0.012763	-0.018827	0.186261	0.161806	0.969085	0.437126	-0.896994	0.065753	0.879902	0.411365	-0.237805
45733	9.574131	0.597274	-2.302294	-0.002088	-0.008246	-0.017066	0.186314	0.161980	0.969046	0.437172	-0.896962	0.065878	0.879868	0.411366	-0.237929
45734	9.650506	0.589044	-2.278877	-0.009182	-0.005729	-0.020381	0.186280	0.162180	0.969019	0.437250	-0.896911	0.066057	0.879836	0.411398	-0.237990
45735	9.708432	0.605844	-2.209951	-0.006555	0.003847	-0.019348	0.186217	0.162325	0.969007	0.437262	-0.896893	0.066215	0.879844	0.411379	-0.237995
45736	9.821397	0.631725	-2.162084	-0.003631	0.016752	-0.021446	0.185987	0.162389	0.969040	0.437174	-0.896923	0.066397	0.879936	0.411290	-0.237808
45737	10.010192	0.709546	-2.281378	0.005239	0.048098	-0.043592	0.185428	0.162568	0.969117	0.437334	-0.896818	0.066762	0.879975	0.411448	-0.237392
45738	10.109601	0.774311	-2.438013	0.022282	0.100961	-0.092046	0.184135	0.162823	0.969321	0.437359	-0.896747	0.067550	0.880234	0.411503	-0.236335
45739	10.204637	0.771602	-2.579387	0.102769	0.132389	-0.159039	0.182328	0.163690	0.969517	0.438588	-0.896051	0.068805	0.879999	0.412673	-0.235167
45740	10.426078	0.636906	-2.162124	0.136153	0.189924	-0.208905	0.179826	0.164566	0.969835	0.439750	-0.895358	0.070390	0.879933	0.413827	-0.233376
45741	10.397594	0.451518	-1.051994	0.083228	0.264122	-0.235813	0.176518	0.165568	0.970272	0.440935	-0.894611	0.072440	0.880010	0.415040	-0.230919
45742	10.192717	0.478581	0.048887	0.084019	0.307757	-0.271087	0.172620	0.166668	0.970785	0.442169	-0.893805	0.074828	0.880164	0.416335	-0.227984
45743	10.221903	0.786015	0.754928	0.112891	0.330802	-0.291895	0.168469	0.167882	0.971305	0.443694	-0.892833	0.077362	0.880201	0.417929	-0.224903
45744	10.513691	0.860024	0.711361	0.148734	0.412710	-0.289237	0.163710	0.168613	0.971992	0.445255	-0.891848	0.079717	0.880311	0.419734	-0.221080
45745	10.418858	0.777143	0.221474	0.216126	0.574880	-0.300004	0.157365	0.168852	0.972998	0.447672	-0.890419	0.082118	0.880242	0.422662	-0.215711
45746	10.079461	0.527055	-0.397236	0.292673	0.709599	-0.319677	0.149690	0.168663	0.974241	0.450879	-0.888571	0.084555	0.879944	0.426608	-0.209057
45747	9.646886	0.363815	-1.041546	0.356036	0.794512	-0.338870	0.141221	0.168250	0.975576	0.454538	-0.886460	0.087084	0.879461	0.431138	-0.201663
45748	9.459308	0.357205	-1.284435	0.381952	0.825412	-0.344398	0.132471	0.167635	0.976908	0.458215	-0.884313	0.089611	0.878914	0.435763	-0.193959
45749	9.700455	0.427989	-1.225838	0.348122	0.845290	-0.343169	0.123520	0.166951	0.978197	0.461747	-0.882200	0.092261	0.878369	0.440284	-0.186059
45750	9.639353	0.460726	-1.002128	0.225855	0.865330	-0.328073	0.114506	0.165952	0.979463	0.464165	-0.880646	0.094945	0.878316	0.443760	-0.177868
45751	9.216707	0.530417	-0.809106	0.116955	0.823947	-0.318406	0.105843	0.165076	0.980585	0.465578	-0.879584	0.097820	0.878655	0.446185	-0.169954
45752	8.639425	0.598127	-0.668543	0.059258	0.723889	-0.324514	0.098130	0.164574	0.981471	0.466259	-0.878892	0.100755	0.879189	0.447733	-0.162980
45753	8.054104	0.562479	-0.927440	0.049373	0.518459	-0.324219	0.092114	0.165085	0.981968	0.467037	-0.878122	0.103816	0.879427	0.449053	-0.157988
45754	8.395845	0.356214	-1.413345	0.070241	0.300608	-0.292007	0.088227	0.166162	0.982144	0.467659	-0.877476	0.106444	0.879495	0.449917	-0.155124
45755	8.971411	0.088878	-1.955475	0.121416	0.240527	-0.252224	0.084986	0.167278	0.982240	0.468980	-0.876495	0.108692	0.879110	0.451413	-0.152940
45756	9.131609	-0.047642	-2.389629	0.219355	0.242212	-0.220078	0.081970	0.167994	0.982374	0.470880	-0.875264	0.110387	0.878381	0.453532	-0.150851
45757	9.132505	-0.069553	-2.647944	0.342606	0.216537	-0.204824	0.079158	0.168787	0.982469	0.474086	-0.873346	0.111843	0.876913	0.456922	-0.149152
45758	9.071115	0.110618	-2.558937	0.426624	0.180378	-0.176428	0.076897	0.169433	0.982537	0.477954	-0.871111	0.112812	0.875013	0.460933	-0.147967
45759	9.226504	0.295908	-2.310633	0.417169	0.130628	-0.152474	0.075080	0.170144	0.982555	0.481751	-0.868907	0.113652	0.873086	0.464814	-0.147204
45760	9.458077	0.502655	-2.249430	0.356436	0.069321	-0.134457	0.073970	0.170888	0.982510	0.484840	-0.867100	0.114313	0.871469	0.467904	-0.146993
45761	9.842552	0.692669	-2.221595	0.293281	0.011761	-0.133580	0.073274	0.171979	0.982372	0.487527	-0.865481	0.115152	0.870028	0.470495	-0.147262
45762	9.923966	0.757751	-2.297533	0.226483	-0.029994	-0.135543	0.072995	0.173261	0.982167	0.489738	-0.864114	0.116038	0.868809	0.472534	-0.147928
45763	9.661712	0.749791	-2.504166	0.147005	-0.075580	-0.137031	0.073036	0.174791	0.981893	0.491149	-0.863166	0.117123	0.868008	0.473702	-0.148891
45764	9.272318	0.590669	-2.981725	0.085114	-0.121870	-0.131823	0.073619	0.176406	0.981561	0.491798	-0.862656	0.118150	0.867591	0.474032	-0.150264
45765	8.747336	0.579273	-3.244382	0.043858	-0.169100	-0.145243	0.074428	0.178449	0.981130	0.492321	-0.862176	0.119466	0.867226	0.474139	-0.152024
45766	8.414456	0.609335	-3.133222	-0.016168	-0.228532	-0.164821	0.075804	0.180809	0.980593	0.491929	-0.862193	0.120950	0.867329	0.473214	-0.154303
45767	8.481862	0.995742	-2.764624	-0.139680	-0.291809	-0.180721	0.077504	0.183735	0.979916	0.490890	-0.862510	0.122896	0.867767	0.471506	-0.157042
45768	8.988318	1.362278	-2.442358	-0.324489	-0.341233	-0.198183	0.079597	0.186970	0.979136	0.488163	-0.863719	0.125247	0.869115	0.468009	-0.160021
45769	9.694102	1.641646	-2.361970	-0.506152	-0.323989	-0.201143	0.081495	0.190206	0.978356	0.483955	-0.865683	0.127989	0.871290	0.463049	-0.162600
45770	10.049665	1.892296	-2.258647	-0.672906	-0.258945	-0.182074	0.083081	0.192866	0.977702	0.478012	-0.868572	0.130719	0.874415	0.456493	-0.164354
45771	10.217473	2.082708	-2.077928	-0.748975	-0.212205	-0.146344	0.084302	0.195088	0.977156	0.471607	-0.871669	0.133341	0.877770	0.449593	-0.165489
45772	10.308093	2.030283	-1.841631	-0.727466	-0.190312	-0.129417	0.085540	0.196979	0.976669	0.465152	-0.874770	0.135688	0.881088	0.442693	-0.166453
45773	10.369269	2.008583	-1.641730	-0.647285	-0.153954	-0.139695	0.086309	0.198866	0.976219	0.459594	-0.877329	0.138088	0.883925	0.436746	-0.167119
45774	10.205705	1.923424	-1.517761	-0.523312	-0.102320	-0.165879	0.086676	0.200680	0.975815	0.454919	-0.879389	0.140442	0.886305	0.431744	-0.167515
45775	9.807917	1.688410	-1.497546	-0.334376	-0.057963	-0.186801	0.086400	0.202559	0.975451	0.452149	-0.880440	0.142781	0.887748	0.428713	-0.167657
45776	9.343894	1.527056	-1.198696	-0.163253	-0.041201	-0.182377	0.086060	0.204259	0.975127	0.450693	-0.880867	0.144739	0.888521	0.427027	-0.167866
45777	9.129890	1.240898	-0.824432	-0.038758	-0.057222	-0.165067	0.085881	0.205943	0.974788	0.450525	-0.880683	0.146369	0.888624	0.426596	-0.168417
45778	9.244842	0.881427	-0.428183	0.063688	-0.084616	-0.135991	0.086213	0.207362	0.974458	0.450770	-0.880376	0.147461	0.888467	0.426544	-0.169372
45779	9.488619	0.463746	-0.183401	0.157611	-0.120309	-0.104141	0.086868	0.208778	0.974097	0.452294	-0.879476	0.148163	0.887629	0.427707	-0.170827
45780	9.865005	0.384039	-0.039105	0.282800	-0.170109	-0.077566	0.088074	0.210117	0.973701	0.454804	-0.878147	0.148359	0.886226	0.429777	-0.172904
45781	10.036344	0.709725	-0.081434	0.428499	-0.193177	-0.062971	0.089553	0.211488	0.973269	0.458687	-0.876156	0.148181	0.884074	0.433155	-0.175469
45782	9.857358	1.164637	-0.173445	0.572783	-0.216178	-0.055513	0.091259	0.212857	0.972812	0.463817	-0.873544	0.147626	0.881218	0.437735	-0.178446
45783	9.534418	1.783437	-0.319677	0.704409	-0.257350	-0.080840	0.093202	0.214682	0.972227	0.470120	-0.870258	0.147098	0.877668	0.443353	-0.182037
45784	9.500075	2.411679	-0.350879	0.740400	-0.286182	-0.110157	0.095252	0.216828	0.971552	0.476621	-0.866779	0.146717	0.873933	0.449087	-0.185907
45785	9.654045	2.829850	-0.430125	0.670693	-0.272972	-0.132742	0.097054	0.219197	0.970842	0.482631	-0.863450	0.146702	0.870430	0.454320	-0.189592
45786	9.664490	2.861597	-0.656738	0.527429	-0.224454	-0.129051	0.098556	0.221222	0.970231	0.487109	-0.860912	0.146816	0.867762	0.458139	-0.192608
45787	9.646750	2.770061	-0.974781	0.398873	-0.185151	-0.090511	0.099776	0.222839	0.969736	0.490688	-0.858867	0.146875	0.865604	0.461183	-0.195039
45788	9.421515	2.576109	-1.175249	0.322258	-0.165742	-0.045223	0.101114	0.223890	0.969355	0.493305	-0.857417	0.146579	0.863959	0.463367	-0.197143
45789	9.222414	2.604788	-1.239776	0.256317	-0.182343	-0.002507	0.102733	0.224746	0.968987	0.495552	-0.856211	0.146049	0.862481	0.465179	-0.199335
45790	9.034132	2.696287	-1.350508	0.197616	-0.197928	0.015838	0.104635	0.225458	0.968618	0.497150	-0.855395	0.145399	0.861332	0.466335	-0.201591
45791	8.901827	2.776817	-1.551544	0.139527	-0.236451	0.034455	0.106900	0.226254	0.968185	0.498347	-0.854811	0.144736	0.860362	0.467019	-0.204132
45792	8.938806	2.635440	-1.907996	0.062582	-0.266418	0.041508	0.109524	0.227065	0.967701	0.498703	-0.854709	0.144109	0.859826	0.466812	-0.206849
45793	8.925050	2.171914	-2.252647	-0.024252	-0.292283	0.044852	0.112318	0.228032	0.967153	0.498476	-0.854914	0.143680	0.859597	0.465965	-0.209691
45794	8.787105	1.713583	-2.455091	-0.108216	-0.323296	0.045274	0.115492	0.229096	0.966528	0.497466	-0.855557	0.143350	0.859761	0.464259	-0.212777
45795	8.609555	1.443796	-2.525020	-0.167463	-0.384173	0.036651	0.119035	0.230549	0.965752	0.496014	-0.856407	0.143309	0.860117	0.461968	-0.216298
45796	8.668267	1.269669	-2.294213	-0.222266	-0.449226	0.023929	0.123146	0.232321	0.964812	0.493867	-0.857620	0.143473	0.860773	0.458820	-0.220348
45797	8.977835	1.196813	-1.929208	-0.271052	-0.477080	0.007337	0.127349	0.234426	0.963757	0.491554	-0.858866	0.143959	0.861485	0.455405	-0.224608
45798	9.191524	1.254236	-1.404853	-0.282676	-0.472943	0.003510	0.131476	0.236499	0.962695	0.489150	-0.860146	0.144503	0.862234	0.451903	-0.228772
45799	9.462216	1.302545	-1.085102	-0.260633	-0.462803	-0.000707	0.135522	0.238575	0.961621	0.486933	-0.861309	0.145064	0.862862	0.448585	-0.232897
45800	9.616081	1.202318	-0.906847	-0.188808	-0.445818	0.000906	0.139552	0.240475	0.960571	0.485141	-0.862266	0.145383	0.863228	0.445724	-0.236995
45801	9.552983	1.062118	-0.774982	-0.097968	-0.459348	-0.000159	0.143574	0.242505	0.959467	0.484326	-0.862692	0.145571	0.863027	0.443795	-0.241312
45802	9.551628	1.024979	-0.757296	-0.005431	-0.499370	0.003057	0.148060	0.244595	0.958254	0.484102	-0.862839	0.145442	0.862394	0.442359	-0.246161
45803	9.665799	1.079998	-0.836112	0.046217	-0.535419	-0.000838	0.152728	0.246954	0.956916	0.484531	-0.862625	0.145287	0.861338	0.441466	-0.251404
45804	9.664261	1.301468	-0.985047	0.072542	-0.551655	-0.001286	0.157564	0.249299	0.955523	0.485006	-0.862402	0.145027	0.860199	0.440583	-0.256795
45805	9.639627	1.560313	-1.112638	0.058534	-0.566979	-0.009470	0.162450	0.251862	0.954031	0.485553	-0.862112	0.144917	0.858981	0.439691	-0.262342
45806	9.590641	1.683175	-1.092870	0.004091	-0.558662	-0.029875	0.167115	0.254538	0.952514	0.485758	-0.861963	0.145116	0.857970	0.438440	-0.267691
45807	9.435814	1.781121	-1.022401	-0.049374	-0.539264	-0.039673	0.171605	0.257225	0.950993	0.485430	-0.862070	0.145578	0.857269	0.436658	-0.272801
45808	9.483861	1.680564	-1.109868	-0.090024	-0.534559	-0.045171	0.176118	0.259817	0.949462	0.484515	-0.862489	0.146144	0.856871	0.434290	-0.277785
45809	9.586303	1.415948	-1.242900	-0.069116	-0.531613	-0.046474	0.180504	0.262507	0.947897	0.484033	-0.862660	0.146729	0.856230	0.432328	-0.282776
45810	9.716448	1.276314	-1.248655	-0.007990	-0.539357	-0.037819	0.184885	0.265132	0.946321	0.484185	-0.862519	0.147056	0.855209	0.431006	-0.287840
45811	9.858925	1.269566	-1.207558	0.051103	-0.565354	-0.022879	0.189663	0.267748	0.944637	0.484692	-0.862231	0.147075	0.853874	0.429964	-0.293309
45812	10.205947	1.415807	-1.183709	0.105657	-0.576916	-0.021842	0.194354	0.270424	0.942920	0.485932	-0.861558	0.146929	0.852113	0.429638	-0.298855
45813	10.616386	1.541362	-1.325467	0.191891	-0.546586	-0.037162	0.198883	0.273078	0.941209	0.487665	-0.860625	0.146651	0.850076	0.429829	-0.304334
45814	10.960498	1.444837	-1.280336	0.290879	-0.489901	-0.057039	0.202852	0.275500	0.939655	0.489935	-0.859411	0.146206	0.847830	0.430711	-0.309310
45815	11.192515	1.357829	-1.046402	0.350018	-0.459403	-0.064268	0.206482	0.278019	0.938121	0.493055	-0.857716	0.145669	0.845140	0.432467	-0.314182
45816	11.201678	1.197920	-0.886137	0.377898	-0.442491	-0.061391	0.209843	0.280405	0.936664	0.496464	-0.855863	0.144992	0.842312	0.434594	-0.318808
45817	11.021095	1.031203	-0.874368	0.396109	-0.432566	-0.040951	0.213333	0.282625	0.935207	0.499907	-0.854015	0.144053	0.839394	0.436785	-0.323476
45818	10.644226	1.075690	-0.713882	0.407032	-0.460271	-0.013075	0.217093	0.284681	0.933717	0.503412	-0.852169	0.142772	0.836329	0.439049	-0.328312
45819	10.655868	1.119772	-0.631306	0.431839	-0.493079	0.014707	0.221340	0.286712	0.932097	0.507009	-0.850304	0.141156	0.833037	0.441338	-0.333572
45820	10.858469	1.257285	-0.692423	0.435796	-0.489291	0.023914	0.225446	0.288646	0.930515	0.510791	-0.848328	0.139397	0.829618	0.443872	-0.338690
45821	10.931713	1.262080	-0.753443	0.472849	-0.448799	0.031062	0.229378	0.290367	0.929017	0.514660	-0.846306	0.137444	0.826142	0.446601	-0.343565
45822	10.902142	1.358650	-0.493132	0.494656	-0.422993	0.046216	0.233099	0.291738	0.927660	0.518559	-0.844283	0.135216	0.822655	0.449528	-0.348085
45823	11.117050	1.533655	-0.309468	0.495292	-0.424083	0.065638	0.236979	0.293084	0.926252	0.522494	-0.842234	0.132820	0.819049	0.452486	-0.352726
45824	11.277017	1.808826	-0.289326	0.506401	-0.404445	0.090972	0.240746	0.293971	0.924999	0.526249	-0.840320	0.130094	0.815539	0.455460	-0.357005
45825	11.441374	2.159194	-0.089572	0.487458	-0.371389	0.120507	0.244461	0.294643	0.923810	0.529947	-0.838440	0.127179	0.812031	0.458480	-0.361111
45826	11.436803	2.540732	0.070686	0.433942	-0.324849	0.133992	0.247753	0.294867	0.922861	0.533078	-0.836887	0.124286	0.808978	0.461165	-0.364529
45827	11.253952	2.780899	0.273939	0.355777	-0.245609	0.132794	0.250503	0.294879	0.922114	0.535643	-0.835628	0.121708	0.806433	0.463436	-0.367277
45828	10.924643	2.904389	0.672739	0.208352	-0.149289	0.109297	0.252200	0.294557	0.921754	0.537119	-0.834948	0.119857	0.804921	0.464864	-0.368786
45829	10.675849	2.958029	1.173106	0.019729	-0.087122	0.069622	0.253332	0.294368	0.921505	0.537123	-0.835054	0.119091	0.804563	0.464792	-0.369658
45830	10.994448	2.961262	1.928943	-0.198832	-0.037764	0.015784	0.253536	0.294373	0.921447	0.535731	-0.835872	0.119628	0.805427	0.463317	-0.369628
45831	11.573966	2.494851	2.663419	-0.437581	0.057320	-0.027929	0.252981	0.294328	0.921614	0.532294	-0.837803	0.121449	0.807876	0.459845	-0.368617
45832	11.901193	1.479097	3.138797	-0.639552	0.211294	-0.062038	0.250927	0.293765	0.922354	0.527302	-0.840543	0.124256	0.811781	0.455180	-0.365818
45833	11.847788	0.236909	3.172818	-0.684527	0.368797	-0.053773	0.247699	0.292533	0.923618	0.521887	-0.843479	0.127190	0.816260	0.450519	-0.361598
45834	11.474613	-0.860872	2.719840	-0.620855	0.530237	-0.025277	0.243113	0.290128	0.925593	0.516701	-0.846306	0.129561	0.820924	0.446756	-0.355657
45835	10.826778	-1.946711	2.032025	-0.455077	0.664341	0.040730	0.237912	0.286806	0.927976	0.512881	-0.848447	0.130736	0.824834	0.444838	-0.348953
45836	10.224118	-2.895910	1.410810	-0.221025	0.740439	0.133529	0.232342	0.282186	0.930800	0.510739	-0.849827	0.130150	0.827745	0.445157	-0.341574
45837	10.145823	-3.597785	1.115515	-0.048210	0.809696	0.286097	0.227147	0.276125	0.933895	0.509706	-0.850835	0.127594	0.829822	0.447029	-0.334007
45838	10.565184	-3.860150	1.025979	0.131137	0.924125	0.438350	0.221574	0.268016	0.937589	0.509775	-0.851480	0.122930	0.831285	0.450721	-0.325293
45839	11.068782	-3.429710	0.597742	0.394404	1.131988	0.581880	0.215189	0.257908	0.941901	0.511807	-0.851213	0.116148	0.831713	0.457078	-0.315171
45840	11.275816	-2.736319	-0.163633	0.773277	1.355509	0.650621	0.207023	0.245883	0.946933	0.516953	-0.849237	0.107497	0.830603	0.467266	-0.302921
45841	11.221796	-1.748352	-0.898648	1.247055	1.578067	0.650404	0.197389	0.232871	0.952265	0.525999	-0.844869	0.097577	0.827262	0.481630	-0.289258
45842	11.095282	-0.814631	-1.507184	1.660518	1.697391	0.584127	0.186371	0.219309	0.957690	0.538410	-0.838163	0.087161	0.821816	0.499385	-0.274287
45843	11.796393	0.925047	-2.324533	1.845934	1.836483	0.487089	0.174053	0.205884	0.962973	0.552665	-0.829791	0.077518	0.815026	0.518709	-0.258213
45844	11.565028	1.961698	-2.851391	1.794117	1.957192	0.390844	0.160224	0.192065	0.968215	0.566603	-0.821087	0.069116	0.808263	0.537519	-0.240382
45845	11.098991	1.574649	-3.440610	1.729914	1.969103	0.270211	0.145982	0.179086	0.972943	0.580137	-0.812122	0.062440	0.801331	0.555325	-0.222450
45846	11.341420	1.643813	-3.609003	1.652267	1.870896	0.125150	0.131704	0.167185	0.977089	0.592816	-0.803280	0.057538	0.794496	0.571656	-0.204905
45847	11.107783	2.161836	-4.490944	1.335964	1.901550	0.013478	0.116787	0.156065	0.980818	0.603401	-0.795557	0.054739	0.788840	0.585434	-0.187080
45848	11.565971	2.952090	-4.419705	0.980811	1.860354	-0.045125	0.101794	0.145174	0.984156	0.611095	-0.789762	0.053291	0.784985	0.595987	-0.169108
45849	11.068547	3.277391	-4.370554	0.532210	1.943250	-0.008450	0.086559	0.133582	0.987250	0.615302	-0.786543	0.052477	0.783525	0.602915	-0.150276
45850	11.770234	2.816845	-3.832061	0.178468	1.821109	-0.022903	0.072192	0.122471	0.989843	0.616341	-0.785743	0.052267	0.784163	0.606308	-0.132208
45851	12.573708	2.743625	-4.026784	-0.263364	1.857109	-0.061670	0.057281	0.111685	0.992091	0.614339	-0.787250	0.053155	0.786960	0.606436	-0.113707
45852	12.739080	2.395013	-3.986124	-0.458884	2.000416	-0.096194	0.040953	0.100091	0.994135	0.610445	-0.790188	0.054410	0.790999	0.604636	-0.093460
45853	12.735879	1.516228	-3.694630	-0.386443	2.078665	-0.207406	0.023274	0.089165	0.995745	0.607477	-0.792308	0.056749	0.793996	0.603571	-0.072605
45854	12.366082	2.356884	-3.421828	-0.311091	2.114785	-0.311486	0.004615	0.078681	0.996889	0.604919	-0.794033	0.059870	0.796274	0.602761	-0.051260
45855	12.050420	1.483848	-3.586792	-0.253738	2.098405	-0.433629	-0.014671	0.069473	0.997476	0.602905	-0.795222	0.064253	0.797678	0.602325	-0.030219
45856	12.273853	1.640838	-3.744030	0.062545	2.089767	-0.575668	-0.034733	0.061263	0.997517	0.603277	-0.794471	0.069799	0.796775	0.604204	-0.009364
45857	11.135121	2.000369	-3.442256	0.184129	2.189383	-0.613934	-0.055805	0.052867	0.997041	0.604496	-0.792986	0.075882	0.794651	0.606942	0.012294
45858	10.571100	1.571430	-3.684673	0.184898	2.172019	-0.623863	-0.076766	0.044433	0.996059	0.605535	-0.791585	0.081980	0.792108	0.609441	0.033861
45859	9.904564	1.538755	-3.517526	0.177440	2.123392	-0.604592	-0.097161	0.036239	0.994609	0.606445	-0.790237	0.088035	0.789167	0.611729	0.054803
45860	9.574195	2.181737	-3.375637	0.065812	2.053137	-0.550451	-0.116657	0.027852	0.992782	0.606437	-0.789625	0.093412	0.786527	0.612957	0.075225
45861	9.231240	1.923082	-3.220782	-0.125735	2.016499	-0.472790	-0.135306	0.019221	0.990617	0.604888	-0.790263	0.097953	0.784731	0.612466	0.095301
45862	8.755079	1.679536	-3.454665	-0.390901	1.990255	-0.400361	-0.153245	0.010163	0.988136	0.600861	-0.792904	0.101340	0.784527	0.609262	0.115402
45863	8.009638	1.552860	-3.452670	-0.598933	1.946606	-0.345547	-0.170531	0.001083	0.985352	0.595637	-0.796498	0.103960	0.784943	0.604640	0.135182
45864	7.509462	1.487657	-3.419691	-0.700232	1.826254	-0.354062	-0.186864	-0.007160	0.982360	0.589298	-0.800897	0.106259	0.786008	0.598759	0.153879
45865	7.122108	1.509400	-3.125898	-0.817027	1.704833	-0.397276	-0.202547	-0.014131	0.979171	0.582134	-0.805782	0.108789	0.787461	0.592043	0.171435
45866	6.802022	1.312345	-2.840546	-0.882573	1.522124	-0.448014	-0.217000	-0.019515	0.975977	0.573988	-0.811250	0.111401	0.789587	0.584373	0.187243
45867	6.734881	1.496352	-2.329003	-0.982179	1.337969	-0.498415	-0.230364	-0.023233	0.972827	0.565144	-0.817034	0.114313	0.792177	0.576121	0.201346
45868	6.720757	1.520510	-2.023380	-1.114931	1.193050	-0.513486	-0.242559	-0.025881	0.969791	0.554845	-0.823715	0.116792	0.795809	0.566413	0.214159
45869	6.738105	1.155341	-1.795565	-1.240902	1.086204	-0.496947	-0.253899	-0.027880	0.966829	0.543751	-0.830790	0.118837	0.799919	0.555887	0.226096
45870	6.676369	0.822751	-1.599801	-1.243517	0.988837	-0.442440	-0.264075	-0.029646	0.964046	0.532386	-0.837944	0.120065	0.804257	0.544950	0.237064
45871	6.770680	0.168303	-1.433583	-1.190170	0.878760	-0.372908	-0.273070	-0.031270	0.961486	0.521830	-0.844462	0.120740	0.808162	0.534703	0.246914
45872	6.701310	-0.092771	-1.284642	-1.094766	0.817978	-0.264766	-0.280979	-0.033374	0.959133	0.512048	-0.850475	0.120412	0.811700	0.524956	0.256055
45873	6.593748	-0.398979	-1.125199	-0.945652	0.722852	-0.152629	-0.287576	-0.035855	0.957086	0.503968	-0.855432	0.119381	0.814442	0.516672	0.264072
45874	6.527977	-0.611492	-1.015646	-0.853449	0.629551	-0.048673	-0.292828	-0.038748	0.955380	0.496772	-0.859906	0.117387	0.816988	0.508980	0.271053
45875	6.422679	-0.823455	-0.804221	-0.793084	0.499482	0.011901	-0.296801	-0.041394	0.954042	0.490361	-0.863890	0.115068	0.819424	0.501977	0.276702
45876	6.343098	-1.042774	-0.364391	-0.800593	0.369047	0.018479	-0.299690	-0.043456	0.953046	0.483816	-0.867900	0.112565	0.822258	0.494834	0.281126
45877	6.346150	-1.530675	0.127382	-0.749082	0.212649	-0.042884	-0.301593	-0.044148	0.952414	0.477560	-0.871582	0.110824	0.825214	0.488259	0.283946
45878	6.619288	-1.479519	0.804248	-0.625053	0.062947	-0.080777	-0.302347	-0.043797	0.952191	0.471968	-0.874773	0.109627	0.828150	0.482549	0.285156
45879	7.165141	-0.911739	1.764312	-0.616927	-0.045125	-0.122346	-0.302493	-0.042529	0.952202	0.466523	-0.877767	0.108999	0.831176	0.477196	0.285359
45880	7.345485	-0.372369	2.169694	-0.655806	-0.150050	-0.162836	-0.301928	-0.040613	0.952465	0.460732	-0.880884	0.108489	0.834605	0.471587	0.284675
45881	7.942717	-0.124748	3.098660	-0.607144	-0.255942	-0.160150	-0.300467	-0.038021	0.953034	0.455215	-0.883775	0.108259	0.838152	0.466364	0.282853
45882	8.414428	-0.156616	3.819992	-0.459555	-0.238006	-0.107161	-0.298796	-0.036027	0.953637	0.450807	-0.886091	0.107773	0.841127	0.462108	0.281002
45883	8.498179	0.275830	4.728580	-0.258428	-0.216599	-0.070429	-0.297235	-0.034426	0.954184	0.448465	-0.887289	0.107688	0.842930	0.459926	0.279172
45884	9.232183	0.714651	5.410216	-0.143573	-0.208353	-0.039825	-0.295575	-0.033249	0.954741	0.447098	-0.888003	0.107491	0.844239	0.458634	0.277337
45885	9.290677	1.134960	6.170991	-0.162938	-0.103342	-0.016115	-0.294720	-0.032655	0.955026	0.445718	-0.888736	0.107160	0.845267	0.457254	0.276483
45886	8.999549	1.239587	5.917141	-0.384971	-0.162823	-0.002386	-0.293258	-0.032074	0.955495	0.442415	-0.890537	0.105891	0.847507	0.453779	0.275347
45887	8.965750	1.063554	5.729166	-0.568365	-0.340617	-0.006987	-0.290342	-0.030498	0.956437	0.437612	-0.893087	0.104366	0.850998	0.448850	0.272646
45888	9.452393	0.557758	5.729765	-0.583723	-0.495746	-0.054225	-0.286238	-0.028001	0.957749	0.432399	-0.895775	0.103040	0.855043	0.443624	0.268512
45889	10.221410	0.337529	6.141859	-0.481911	-0.527842	-0.104220	-0.282109	-0.024760	0.959063	0.428018	-0.897914	0.102721	0.858612	0.439474	0.263908
45890	10.885127	0.793928	6.799457	-0.422028	-0.454886	-0.136861	-0.278781	-0.021733	0.960109	0.424077	-0.899776	0.102769	0.861650	0.435810	0.260057
45891	11.163685	1.173440	6.963670	-0.481759	-0.361732	-0.168540	-0.276315	-0.018671	0.960886	0.419494	-0.901883	0.103107	0.864682	0.431576	0.257037
45892	10.534841	1.339393	6.391543	-0.580487	-0.288782	-0.196326	-0.274636	-0.015840	0.961418	0.413951	-0.904413	0.103348	0.867882	0.426363	0.254941
45893	9.196512	1.463510	5.352750	-0.642184	-0.305285	-0.221128	-0.272836	-0.012569	0.961978	0.407805	-0.907149	0.103809	0.871353	0.420622	0.252629
45894	8.037000	1.510481	3.433595	-0.685835	-0.458407	-0.240583	-0.269770	-0.008665	0.962886	0.401119	-0.910081	0.104191	0.875401	0.414339	0.248989
45895	7.567466	1.721537	0.737194	-0.729599	-0.792201	-0.204319	-0.263575	-0.003573	0.964632	0.394212	-0.913078	0.104332	0.880412	0.407769	0.242073
45896	8.446232	1.113100	-0.880660	-0.783772	-1.334388	-0.083231	-0.252069	0.002363	0.967706	0.387017	-0.916296	0.103048	0.886949	0.400494	0.230055
