// General information: 
//  MT Manager version: 2022.2.0 
//  XDA version: 2022.2.0 build 7381 rev 124627 built on 2023-07-19
// Device information: 
//  DeviceId: 00B4CBA7
//  ProductCode: MTW2-3A7G6
//  Firmware Version: 4.6.0
//  Hardware Version: 2.0.0
// Device settings: 
//  Filter Profile: human(46.1)
//  Option Flags: Orientation Smoother Disabled, Position/Velocity Smoother Disabled, Continuous Zero Rotation Update Disabled, AHS Disabled, ICC Disabled
// Coordinate system: ENU
PacketCounter	Acc_X	Acc_Y	Acc_Z	Gyr_X	Gyr_Y	Gyr_Z	Mat[1][1]	Mat[2][1]	Mat[3][1]	Mat[1][2]	Mat[2][2]	Mat[3][2]	Mat[1][3]	Mat[2][3]	Mat[3][3]
19718	9.504384	0.658873	-2.433890	-0.020058	-0.026593	0.003649	0.203986	0.143526	0.968396	0.345626	-0.936053	0.065928	0.915932	0.321255	-0.240548
19719	9.503777	0.658966	-2.436235	-0.030590	-0.026262	0.007370	0.204228	0.143588	0.968335	0.345321	-0.936162	0.065986	0.915994	0.320910	-0.240774
19720	9.483800	0.655406	-2.452478	-0.049680	-0.021463	0.005251	0.204450	0.143651	0.968279	0.344855	-0.936326	0.066095	0.916120	0.320403	-0.240971
19721	9.467440	0.639788	-2.427819	-0.053234	-0.017463	0.015316	0.204639	0.143610	0.968245	0.344326	-0.936518	0.066131	0.916277	0.319859	-0.241096
19722	9.500058	0.613953	-2.424796	-0.063078	-0.013553	0.006517	0.204777	0.143638	0.968212	0.343744	-0.936722	0.066265	0.916464	0.319248	-0.241194
19723	9.480319	0.610852	-2.439980	-0.060060	-0.014357	0.007925	0.204911	0.143656	0.968181	0.343167	-0.936925	0.066389	0.916650	0.318644	-0.241285
19724	9.478819	0.588339	-2.432886	-0.046464	-0.011512	0.008489	0.205023	0.143664	0.968156	0.342753	-0.937071	0.066468	0.916780	0.318211	-0.241362
19725	9.477349	0.565765	-2.425706	-0.041589	-0.010941	0.004310	0.205114	0.143705	0.968131	0.342353	-0.937209	0.066582	0.916910	0.317785	-0.241432
19726	9.456473	0.539092	-2.432646	-0.026708	-0.007538	0.007834	0.205222	0.143691	0.968110	0.342048	-0.937318	0.066613	0.916999	0.317470	-0.241508
19727	9.444034	0.592351	-2.431218	-0.004799	-0.010888	-0.001888	0.205291	0.143790	0.968081	0.341998	-0.937331	0.066698	0.917002	0.317389	-0.241602
19728	9.479215	0.612325	-2.443897	-0.012651	-0.006655	0.003815	0.205390	0.143814	0.968056	0.341851	-0.937382	0.066727	0.917035	0.317226	-0.241692
19729	9.449752	0.626233	-2.407873	-0.011710	-0.001373	0.007366	0.205404	0.143795	0.968056	0.341718	-0.937430	0.066740	0.917081	0.317094	-0.241689
19730	9.459161	0.648214	-2.343457	-0.021376	-0.008916	-0.000914	0.205442	0.143880	0.968035	0.341529	-0.937490	0.066858	0.917143	0.316877	-0.241739
19731	9.501832	0.604597	-2.390580	-0.028771	-0.006630	0.000231	0.205480	0.143945	0.968018	0.341255	-0.937581	0.066981	0.917237	0.316577	-0.241776
19732	9.499397	0.640115	-2.439380	-0.019875	-0.006725	0.004675	0.205553	0.143961	0.968000	0.341031	-0.937659	0.067032	0.917304	0.316339	-0.241834
19733	9.522288	0.632083	-2.385096	-0.026091	-0.002730	0.002198	0.205561	0.143996	0.967993	0.340777	-0.937745	0.067129	0.917396	0.316070	-0.241835
19734	9.468632	0.631641	-2.395507	-0.023744	-0.003223	0.005541	0.205598	0.143997	0.967985	0.340539	-0.937827	0.067181	0.917476	0.315824	-0.241852
19735	9.472127	0.619692	-2.355236	-0.022566	-0.001512	0.001920	0.205594	0.144030	0.967981	0.340318	-0.937901	0.067273	0.917559	0.315590	-0.241843
19736	9.484443	0.648470	-2.421873	-0.031797	-0.005800	-0.001136	0.205649	0.144107	0.967958	0.340048	-0.937990	0.067400	0.917647	0.315291	-0.241900
19737	9.489124	0.659966	-2.389634	-0.033993	-0.002470	0.005029	0.205665	0.144114	0.967953	0.339715	-0.938104	0.067489	0.917767	0.314948	-0.241893
19738	9.465903	0.587548	-2.380139	-0.044460	-0.003336	0.001905	0.205692	0.144144	0.967943	0.339265	-0.938257	0.067628	0.917927	0.314478	-0.241895
19739	9.430464	0.568404	-2.368295	-0.031751	-0.001812	0.001781	0.205691	0.144180	0.967938	0.338959	-0.938359	0.067744	0.918040	0.314157	-0.241883
19740	9.431637	0.592150	-2.376290	-0.022113	-0.003446	-0.002630	0.205682	0.144263	0.967927	0.338772	-0.938417	0.067877	0.918111	0.313946	-0.241888
19741	9.463386	0.625103	-2.428670	-0.024072	-0.003682	-0.003644	0.205680	0.144355	0.967914	0.338548	-0.938487	0.068026	0.918194	0.313694	-0.241899
19742	9.453373	0.644067	-2.378128	-0.032752	-0.001951	-0.005457	0.205671	0.144457	0.967901	0.338257	-0.938579	0.068204	0.918304	0.313372	-0.241902
19743	9.480174	0.585335	-2.398816	-0.032972	-0.003567	-0.008063	0.205653	0.144590	0.967885	0.337961	-0.938670	0.068417	0.918417	0.313037	-0.241906
19744	9.441154	0.578937	-2.427366	-0.021611	-0.001405	-0.004284	0.205660	0.144672	0.967871	0.337735	-0.938741	0.068553	0.918498	0.312785	-0.241923
19745	9.442331	0.603066	-2.435196	-0.010574	0.000294	-0.009715	0.205601	0.144809	0.967863	0.337648	-0.938760	0.068729	0.918543	0.312666	-0.241905
19746	9.461719	0.607941	-2.420980	-0.003852	-0.001673	-0.008918	0.205549	0.144944	0.967854	0.337632	-0.938754	0.068881	0.918561	0.312620	-0.241898
19747	9.482327	0.635862	-2.414663	-0.000715	0.000279	-0.011525	0.205484	0.145098	0.967845	0.337639	-0.938740	0.069050	0.918573	0.312594	-0.241887
19748	9.449366	0.663016	-2.418453	0.001462	0.002133	-0.007898	0.205467	0.145193	0.967834	0.337590	-0.938749	0.069161	0.918595	0.312521	-0.241898
19749	9.450598	0.687010	-2.426032	-0.004585	0.003779	-0.010651	0.205373	0.145328	0.967834	0.337560	-0.938747	0.069331	0.918627	0.312463	-0.241850
19750	9.524918	0.715721	-2.408947	-0.017078	0.003878	-0.007897	0.205266	0.145444	0.967839	0.337463	-0.938769	0.069504	0.918686	0.312343	-0.241780
19751	9.454182	0.677326	-2.384834	-0.022280	0.002848	-0.012897	0.205173	0.145603	0.967835	0.337274	-0.938820	0.069738	0.918776	0.312117	-0.241729
19752	9.455403	0.701864	-2.392258	-0.025873	0.002834	-0.005719	0.205092	0.145694	0.967838	0.337050	-0.938887	0.069912	0.918877	0.311872	-0.241665
19753	9.474920	0.707105	-2.377357	-0.034052	0.006604	-0.009186	0.204977	0.145806	0.967846	0.336746	-0.938980	0.070139	0.919014	0.311541	-0.241569
19754	9.510360	0.728431	-2.388461	-0.033776	0.003089	-0.002882	0.204931	0.145861	0.967847	0.336403	-0.939091	0.070298	0.919150	0.311181	-0.241516
19755	9.476244	0.732965	-2.383920	-0.042677	0.003209	-0.007291	0.204853	0.145966	0.967848	0.336015	-0.939212	0.070527	0.919309	0.310764	-0.241447
19756	9.488559	0.681432	-2.385849	-0.057418	0.002655	-0.001258	0.204817	0.146014	0.967848	0.335487	-0.939386	0.070724	0.919510	0.310215	-0.241388
19757	9.465533	0.609591	-2.376065	-0.039048	0.003268	-0.000970	0.204760	0.146059	0.967853	0.335120	-0.939505	0.070883	0.919656	0.309833	-0.241321
19758	9.449712	0.594345	-2.349434	-0.022132	0.005678	-0.003367	0.204655	0.146117	0.967867	0.334911	-0.939569	0.071029	0.919756	0.309612	-0.241224
19759	9.439837	0.612629	-2.298254	-0.007115	0.002714	-0.003100	0.204596	0.146185	0.967869	0.334841	-0.939586	0.071131	0.919794	0.309529	-0.241184
19760	9.426321	0.643290	-2.287755	0.000742	-0.001506	-0.008845	0.204548	0.146325	0.967858	0.334903	-0.939554	0.071267	0.919783	0.309561	-0.241189
19761	9.422258	0.695356	-2.212465	-0.005877	-0.000703	-0.003038	0.204521	0.146402	0.967852	0.334845	-0.939567	0.071366	0.919810	0.309484	-0.241183
19762	9.436733	0.689429	-2.231345	-0.022256	-0.015337	-0.011319	0.204613	0.146597	0.967803	0.334645	-0.939622	0.071578	0.919862	0.309225	-0.241317
19763	9.436346	0.690778	-2.232565	-0.031510	-0.014450	-0.004562	0.204707	0.146732	0.967763	0.334355	-0.939712	0.071754	0.919947	0.308887	-0.241426
19764	9.449384	0.662047	-2.244558	-0.033846	-0.023044	-0.007112	0.204867	0.146913	0.967701	0.334048	-0.939805	0.071958	0.920022	0.308517	-0.241611
19765	9.463439	0.656778	-2.265007	-0.032153	-0.028385	-0.011614	0.205066	0.147156	0.967622	0.333766	-0.939887	0.072204	0.920081	0.308153	-0.241854
19766	9.473808	0.664206	-2.326038	-0.033048	-0.029675	-0.012259	0.205278	0.147419	0.967537	0.333547	-0.939946	0.072448	0.920113	0.307847	-0.242122
19767	9.487688	0.658998	-2.347086	-0.024865	-0.033448	-0.008804	0.205533	0.147651	0.967448	0.333326	-0.940008	0.072649	0.920136	0.307544	-0.242419
19768	9.468558	0.679757	-2.372063	-0.016071	-0.032398	-0.010990	0.205785	0.147901	0.967356	0.333212	-0.940034	0.072840	0.920121	0.307346	-0.242727
19769	9.468895	0.704286	-2.382760	-0.018706	-0.032312	-0.010033	0.206025	0.148141	0.967268	0.333051	-0.940076	0.073038	0.920125	0.307102	-0.243018
19770	9.466734	0.764459	-2.441494	-0.016968	-0.033684	-0.011629	0.206263	0.148403	0.967177	0.332939	-0.940099	0.073244	0.920113	0.306903	-0.243317
19771	9.481668	0.782247	-2.470505	-0.032097	-0.033501	-0.007874	0.206522	0.148626	0.967088	0.332650	-0.940185	0.073454	0.920159	0.306532	-0.243609
19772	9.478522	0.737657	-2.457659	-0.042700	-0.028025	-0.007735	0.206754	0.148822	0.967008	0.332237	-0.940314	0.073679	0.920256	0.306042	-0.243858
19773	9.442463	0.719226	-2.448270	-0.043874	-0.029745	-0.004101	0.206991	0.148998	0.966930	0.331832	-0.940441	0.073881	0.920349	0.305565	-0.244105
19774	9.457529	0.736886	-2.476727	-0.038387	-0.028296	-0.003385	0.207217	0.149156	0.966858	0.331459	-0.940558	0.074061	0.920433	0.305127	-0.244338
19775	9.459374	0.702541	-2.431107	-0.037890	-0.026250	-0.005037	0.207418	0.149330	0.966788	0.331111	-0.940665	0.074258	0.920513	0.304711	-0.244556
19776	9.448883	0.721327	-2.382687	-0.034019	-0.029742	-0.005926	0.207694	0.149514	0.966700	0.330776	-0.940769	0.074437	0.920571	0.304301	-0.244848
19777	9.443294	0.711810	-2.417704	-0.034072	-0.028569	0.000967	0.207937	0.149639	0.966628	0.330450	-0.940873	0.074567	0.920633	0.303918	-0.245091
19778	9.442587	0.712769	-2.420184	-0.037327	-0.029336	-0.002990	0.208188	0.149808	0.966548	0.330148	-0.940966	0.074732	0.920684	0.303546	-0.245357
19779	9.446704	0.724491	-2.390354	-0.033456	-0.032827	-0.003883	0.208454	0.149991	0.966462	0.329838	-0.941061	0.074907	0.920735	0.303162	-0.245641
19780	9.447044	0.748710	-2.400849	-0.036762	-0.032428	-0.000954	0.208734	0.150142	0.966379	0.329493	-0.941170	0.075056	0.920796	0.302748	-0.245925
19781	9.445085	0.726669	-2.396083	-0.043150	-0.035149	-0.002283	0.209027	0.150316	0.966288	0.329091	-0.941296	0.075240	0.920873	0.302269	-0.246224
19782	9.443116	0.704606	-2.391399	-0.033065	-0.033560	-0.001540	0.209293	0.150480	0.966205	0.328799	-0.941386	0.075392	0.920917	0.301908	-0.246503
19783	9.459128	0.744987	-2.428131	-0.032497	-0.036657	0.000484	0.209609	0.150632	0.966113	0.328489	-0.941484	0.075523	0.920956	0.301527	-0.246824
19784	9.439808	0.765445	-2.453130	-0.034192	-0.036438	-0.004777	0.209912	0.150835	0.966015	0.328197	-0.941571	0.075702	0.920991	0.301152	-0.247151
19785	9.453600	0.759545	-2.474289	-0.032788	-0.027993	0.004012	0.210160	0.150928	0.965947	0.327877	-0.941675	0.075800	0.921048	0.300781	-0.247388
19786	9.450191	0.796065	-2.524465	-0.038681	-0.028670	0.001028	0.210408	0.151047	0.965874	0.327499	-0.941795	0.075938	0.921126	0.300345	-0.247629
19787	9.459119	0.779644	-2.577640	-0.042155	-0.025921	0.004264	0.210638	0.151131	0.965811	0.327092	-0.941927	0.076057	0.921218	0.299889	-0.247839
19788	9.448989	0.797246	-2.528589	-0.039240	-0.020452	0.008830	0.210860	0.151142	0.965761	0.326650	-0.942075	0.076115	0.921324	0.299416	-0.248017
19789	9.462034	0.767560	-2.540823	-0.047710	-0.017093	0.009728	0.211026	0.151148	0.965724	0.326180	-0.942232	0.076195	0.921452	0.298921	-0.248137
19790	9.471331	0.750864	-2.592636	-0.053222	-0.009423	0.008303	0.211135	0.151137	0.965702	0.325638	-0.942411	0.076296	0.921619	0.298360	-0.248192
19791	9.460492	0.745030	-2.534616	-0.049562	-0.009413	0.014581	0.211247	0.151074	0.965687	0.325140	-0.942580	0.076334	0.921769	0.297859	-0.248237
19792	9.469998	0.727751	-2.585807	-0.051642	-0.003334	0.016814	0.211316	0.150970	0.965688	0.324619	-0.942758	0.076351	0.921937	0.297346	-0.248227
19793	9.434832	0.707490	-2.573696	-0.033059	0.002827	0.008979	0.211296	0.150923	0.965700	0.324285	-0.942869	0.076402	0.922059	0.297018	-0.248167
19794	9.433889	0.683946	-2.565556	-0.029568	0.005178	0.015550	0.211297	0.150809	0.965717	0.323984	-0.942975	0.076370	0.922165	0.296740	-0.248107
19795	9.443023	0.680686	-2.492157	-0.014610	0.007331	0.012000	0.211245	0.150721	0.965743	0.323814	-0.943035	0.076346	0.922236	0.296593	-0.248017
19796	9.429908	0.709781	-2.480336	-0.008618	0.010800	0.011013	0.211173	0.150630	0.965773	0.323705	-0.943076	0.076310	0.922291	0.296511	-0.247912
19797	9.449845	0.712688	-2.464979	-0.017984	0.012876	0.011270	0.211068	0.150533	0.965811	0.323506	-0.943145	0.076301	0.922385	0.296341	-0.247766
19798	9.459776	0.694939	-2.514754	-0.020048	0.009855	0.014251	0.211025	0.150416	0.965838	0.323291	-0.943222	0.076258	0.922471	0.296154	-0.247671
19799	9.448295	0.664903	-2.447456	-0.023650	0.013807	0.010909	0.210910	0.150319	0.965879	0.323039	-0.943307	0.076267	0.922585	0.295931	-0.247511
19800	9.449857	0.687779	-2.453484	-0.021417	0.014481	0.007631	0.210799	0.150250	0.965914	0.322824	-0.943379	0.076292	0.922686	0.295738	-0.247367
19801	9.424622	0.650233	-2.491019	-0.000730	0.019642	0.007367	0.210618	0.150169	0.965965	0.322792	-0.943391	0.076279	0.922738	0.295740	-0.247169
19802	9.426245	0.672821	-2.496936	0.007509	0.014684	0.003845	0.210455	0.150130	0.966007	0.322828	-0.943379	0.076282	0.922763	0.295800	-0.247005
19803	9.446255	0.675739	-2.481231	0.016366	0.019658	0.004507	0.210265	0.150076	0.966057	0.322959	-0.943336	0.076253	0.922760	0.295964	-0.246819
19804	9.441829	0.664655	-2.511932	0.023029	0.022819	0.001561	0.210032	0.150046	0.966112	0.323197	-0.943256	0.076234	0.922730	0.296233	-0.246608
19805	9.448563	0.697400	-2.484824	0.023925	0.024108	0.002217	0.209793	0.150000	0.966171	0.323403	-0.943188	0.076209	0.922712	0.296475	-0.246385
19806	9.465005	0.712916	-2.508406	0.027513	0.029258	0.004826	0.209521	0.149911	0.966244	0.323634	-0.943113	0.076146	0.922693	0.296755	-0.246118
19807	9.485268	0.715614	-2.491755	0.030588	0.027273	-0.000715	0.209244	0.149884	0.966308	0.323908	-0.943020	0.076133	0.922660	0.297064	-0.245870
19808	9.471419	0.721459	-2.470777	0.022742	0.031482	0.005116	0.208947	0.149787	0.966387	0.324103	-0.942958	0.076080	0.922658	0.297312	-0.245575
19809	9.466157	0.687150	-2.492784	0.017179	0.035213	0.000775	0.208602	0.149722	0.966472	0.324250	-0.942907	0.076086	0.922685	0.297507	-0.245240
19810	9.471951	0.696799	-2.457083	0.032037	0.034564	0.001227	0.208249	0.149654	0.966559	0.324545	-0.942808	0.076052	0.922661	0.297854	-0.244908
19811	9.438655	0.699035	-2.449933	0.031139	0.033282	0.000585	0.207921	0.149596	0.966639	0.324821	-0.942715	0.076026	0.922638	0.298177	-0.244602
19812	9.443179	0.685426	-2.406892	0.033772	0.033201	-0.000369	0.207606	0.149541	0.966715	0.325107	-0.942619	0.075996	0.922608	0.298509	-0.244310
19813	9.482971	0.691892	-2.375679	0.038537	0.030992	-0.000626	0.207295	0.149501	0.966788	0.325454	-0.942502	0.075963	0.922555	0.298898	-0.244031
19814	9.494658	0.735199	-2.315353	0.029843	0.032763	-0.002351	0.206936	0.149467	0.966870	0.325721	-0.942409	0.075973	0.922542	0.299208	-0.243703
19815	9.445397	0.721368	-2.282571	0.025810	0.029521	-0.000375	0.206640	0.149429	0.966939	0.325950	-0.942330	0.075969	0.922527	0.299475	-0.243429
19816	9.441147	0.710338	-2.312813	0.031813	0.023893	-0.000588	0.206388	0.149409	0.966996	0.326245	-0.942229	0.075951	0.922480	0.299802	-0.243208
19817	9.447757	0.743102	-2.285808	0.033101	0.024433	0.002385	0.206147	0.149360	0.967055	0.326535	-0.942133	0.075903	0.922431	0.300130	-0.242989
19818	9.464049	0.758943	-2.310080	0.022909	0.014956	-0.004192	0.205963	0.149396	0.967088	0.326740	-0.942058	0.075943	0.922399	0.300345	-0.242843
19819	9.459538	0.748376	-2.341337	0.010408	0.015073	-0.001356	0.205796	0.149410	0.967122	0.326828	-0.942024	0.075986	0.922405	0.300445	-0.242697
19820	9.444016	0.731883	-2.314095	0.004243	0.013955	-0.000091	0.205650	0.149406	0.967153	0.326828	-0.942021	0.076029	0.922438	0.300457	-0.242557
19821	9.454142	0.714581	-2.363781	0.004414	0.011601	-0.000395	0.205519	0.149422	0.967179	0.326859	-0.942006	0.076077	0.922456	0.300496	-0.242440
19822	9.459237	0.725078	-2.330127	0.004021	0.012354	-0.002706	0.205378	0.149451	0.967204	0.326878	-0.941994	0.076145	0.922481	0.300520	-0.242317
19823	9.439987	0.721422	-2.343424	0.003016	0.008268	0.000610	0.205280	0.149467	0.967223	0.326895	-0.941985	0.076188	0.922497	0.300540	-0.242231
19824	9.490141	0.734714	-2.372828	0.002966	0.004312	-0.002311	0.205216	0.149514	0.967229	0.326892	-0.941980	0.076254	0.922512	0.300531	-0.242184
19825	9.475583	0.741700	-2.354029	0.000833	0.006441	-0.003011	0.205124	0.149569	0.967240	0.326895	-0.941972	0.076337	0.922531	0.300528	-0.242115
19826	9.469712	0.708420	-2.378284	-0.007465	0.007449	-0.002449	0.205046	0.149610	0.967250	0.326804	-0.941997	0.076425	0.922581	0.300431	-0.242046
19827	9.457588	0.761863	-2.374544	-0.007967	0.005406	-0.000791	0.204970	0.149648	0.967260	0.326722	-0.942019	0.076508	0.922627	0.300343	-0.241979
19828	9.446890	0.717954	-2.431508	-0.007575	0.004653	0.001522	0.204927	0.149659	0.967268	0.326618	-0.942051	0.076560	0.922673	0.300238	-0.241933
19829	9.481219	0.714926	-2.434828	-0.012514	0.009222	0.002086	0.204826	0.149658	0.967289	0.326488	-0.942090	0.076625	0.922742	0.300114	-0.241826
19830	9.480228	0.691933	-2.426342	-0.008139	0.007762	-0.000484	0.204739	0.149683	0.967304	0.326402	-0.942114	0.076699	0.922791	0.300027	-0.241744
19831	9.495192	0.685110	-2.443524	0.004462	0.015559	0.002536	0.204581	0.149659	0.967341	0.326428	-0.942103	0.076719	0.922817	0.300072	-0.241589
19832	9.485666	0.702299	-2.391294	-0.004278	0.013366	-0.002137	0.204449	0.149674	0.967367	0.326343	-0.942126	0.076798	0.922876	0.299992	-0.241462
19833	9.468903	0.662754	-2.356475	0.003566	0.014270	0.001883	0.204301	0.149661	0.967400	0.326362	-0.942118	0.076826	0.922903	0.300027	-0.241319
19834	9.489892	0.689386	-2.348619	0.020445	0.012695	-0.003510	0.204149	0.149696	0.967427	0.326536	-0.942054	0.076863	0.922874	0.300208	-0.241201
19835	9.476660	0.719460	-2.336910	0.003801	0.010756	-0.005314	0.204009	0.149760	0.967446	0.326572	-0.942034	0.076961	0.922893	0.300240	-0.241091
19836	9.443922	0.746097	-2.339552	0.002231	0.009777	-0.004007	0.203885	0.149809	0.967465	0.326580	-0.942024	0.077046	0.922917	0.300246	-0.240989
19837	9.448875	0.757025	-2.306123	-0.007856	0.008205	-0.004760	0.203770	0.149876	0.967479	0.326507	-0.942040	0.077167	0.922969	0.300164	-0.240895
19838	9.452564	0.744887	-2.265257	-0.011889	0.004955	-0.002802	0.203723	0.149921	0.967482	0.326345	-0.942087	0.077268	0.923036	0.299991	-0.240851
19839	9.457801	0.717884	-2.348092	-0.021082	0.004674	-0.002898	0.203647	0.149981	0.967488	0.326146	-0.942145	0.077402	0.923123	0.299779	-0.240781
19840	9.451861	0.685075	-2.372670	-0.011936	0.001000	-0.005725	0.203588	0.150066	0.967487	0.326001	-0.942184	0.077541	0.923188	0.299615	-0.240739
19841	9.433624	0.705317	-2.394253	-0.010148	0.003581	-0.004412	0.203518	0.150144	0.967490	0.325905	-0.942207	0.077664	0.923237	0.299504	-0.240688
19842	9.438844	0.678530	-2.477202	-0.006334	0.005231	-0.008986	0.203410	0.150256	0.967495	0.325860	-0.942210	0.077819	0.923277	0.299439	-0.240617
19843	9.434164	0.669018	-2.509197	0.001792	0.006578	-0.009238	0.203296	0.150370	0.967502	0.325885	-0.942190	0.077960	0.923293	0.299445	-0.240547
19844	9.517177	0.777716	-2.480621	-0.031826	0.029587	-0.010772	0.202950	0.150424	0.967566	0.325598	-0.942269	0.078196	0.923470	0.299168	-0.240211
19845	9.508416	0.815060	-2.137269	-0.125003	0.065500	-0.021540	0.202252	0.150478	0.967704	0.324476	-0.942609	0.078760	0.924018	0.298068	-0.239471
19846	9.583667	1.252205	-1.668967	-0.640737	0.085944	-0.033610	0.201317	0.150575	0.967884	0.318567	-0.944461	0.080670	0.926276	0.292096	-0.238104
19847	9.414727	1.176182	-2.141195	-1.199940	0.114987	-0.024804	0.200149	0.150527	0.968133	0.307467	-0.947861	0.083810	0.930271	0.280895	-0.235996
19848	9.272964	0.584325	-3.350130	-1.034224	0.112215	-0.017353	0.199027	0.150420	0.968381	0.297826	-0.950697	0.086462	0.933642	0.271201	-0.234013
19849	9.295206	1.061194	-2.753947	-0.717797	0.185683	-0.002500	0.197262	0.149993	0.968808	0.291109	-0.952614	0.088213	0.936132	0.264628	-0.231579
19850	9.396605	1.152814	-2.547154	-0.811680	0.137057	0.033986	0.196078	0.149347	0.969149	0.283367	-0.954798	0.089805	0.938753	0.257016	-0.229534
19851	9.595584	1.112920	-2.606654	-0.868110	0.155787	0.027673	0.194670	0.148736	0.969526	0.275140	-0.957033	0.091574	0.941489	0.248929	-0.227228
19852	9.628444	1.198390	-2.997596	-0.824423	0.169286	0.018565	0.193107	0.148184	0.969923	0.267293	-0.959087	0.093312	0.944068	0.241234	-0.224815
19853	9.490038	1.219525	-2.701037	-0.687853	0.196553	0.032855	0.191316	0.147449	0.970390	0.260717	-0.960771	0.094586	0.946269	0.234901	-0.222253
19854	9.488212	0.879513	-2.479377	-0.646702	0.215174	0.040388	0.189376	0.146608	0.970898	0.254490	-0.962331	0.095676	0.948352	0.228965	-0.219553
19855	9.378857	0.545351	-2.449297	-0.492259	0.181432	0.041769	0.187740	0.145843	0.971331	0.249727	-0.963506	0.096400	0.949942	0.224469	-0.217309
19856	9.547616	0.495711	-2.314676	-0.368833	0.137057	0.029756	0.186498	0.145296	0.971652	0.246137	-0.964373	0.096964	0.951123	0.221076	-0.215616
19857	9.650551	0.507418	-2.350934	-0.201193	0.118040	0.025041	0.185417	0.144843	0.971926	0.244164	-0.964849	0.097208	0.951843	0.219285	-0.214265
19858	9.576807	0.724785	-2.075492	-0.070009	0.113540	0.021964	0.184371	0.144430	0.972187	0.243449	-0.965031	0.097198	0.952229	0.218758	-0.213085
19859	9.536566	0.722846	-1.971075	0.022532	0.090739	0.014826	0.183524	0.144136	0.972391	0.243624	-0.965001	0.097061	0.952348	0.219085	-0.212216
19860	9.557553	0.924573	-1.940927	0.131533	0.080366	0.022791	0.182804	0.143780	0.972579	0.244783	-0.964752	0.096614	0.952189	0.220409	-0.211555
19861	9.573217	1.017231	-2.048411	0.176311	0.069200	0.030144	0.182200	0.143384	0.972751	0.246394	-0.964403	0.096003	0.951889	0.222188	-0.211043
19862	9.536609	1.005104	-2.074267	0.236187	0.060095	0.033846	0.181707	0.142964	0.972905	0.248527	-0.963932	0.095229	0.951429	0.224490	-0.210684
19863	9.531252	0.940743	-2.093925	0.311530	0.046910	0.039669	0.181341	0.142524	0.973038	0.251406	-0.963283	0.094242	0.950742	0.227537	-0.210514
19864	9.543624	0.915786	-2.145220	0.414571	0.034203	0.045530	0.181121	0.142050	0.973148	0.255224	-0.962401	0.092979	0.949766	0.231530	-0.210565
19865	9.533321	0.991626	-1.988195	0.496303	0.025525	0.056372	0.181004	0.141496	0.973250	0.259820	-0.961318	0.091440	0.948541	0.236319	-0.210766
19866	9.590653	1.022462	-1.991387	0.539818	0.023053	0.064394	0.180952	0.140864	0.973352	0.264774	-0.960127	0.089727	0.947180	0.241482	-0.211034
19867	9.568930	1.134413	-1.988717	0.553919	0.024656	0.070741	0.180888	0.140173	0.973463	0.269876	-0.958872	0.087924	0.945752	0.246810	-0.211278
19868	9.552142	1.074656	-1.962018	0.582395	0.023356	0.079061	0.180854	0.139400	0.973581	0.275204	-0.957533	0.085980	0.944222	0.252383	-0.211538
19869	9.542238	1.069494	-1.915420	0.633016	0.012127	0.087369	0.180962	0.138581	0.973678	0.281005	-0.956037	0.083844	0.942491	0.258436	-0.211949
19870	9.549523	1.142138	-1.947685	0.679805	0.007598	0.093377	0.181127	0.137714	0.973770	0.287215	-0.954389	0.081549	0.940585	0.264910	-0.212419
19871	9.545141	1.247950	-1.773927	0.686634	-0.003073	0.108304	0.181449	0.136736	0.973848	0.293457	-0.952695	0.079089	0.938594	0.271432	-0.212992
19872	9.510772	1.286033	-1.669533	0.675561	-0.008010	0.124591	0.181876	0.135622	0.973924	0.299566	-0.951005	0.076488	0.936580	0.277843	-0.213592
19873	9.467870	1.327248	-1.475734	0.640214	-0.027040	0.134945	0.182515	0.134463	0.973965	0.305297	-0.949388	0.073859	0.934603	0.283868	-0.214329
19874	9.424610	1.191016	-1.284581	0.585997	-0.049894	0.152958	0.183409	0.133201	0.973971	0.310462	-0.947917	0.071174	0.932724	0.289327	-0.215210
19875	9.401838	1.083010	-1.086303	0.556930	-0.077243	0.162165	0.184613	0.131937	0.973915	0.315341	-0.946507	0.068448	0.930848	0.294479	-0.216343
19876	9.422266	1.052908	-0.882816	0.544083	-0.120374	0.172191	0.186243	0.130713	0.973770	0.320066	-0.945118	0.065651	0.928909	0.299443	-0.217859
19877	9.374501	1.031528	-0.676416	0.478373	-0.165334	0.184400	0.188349	0.129517	0.973525	0.324148	-0.943915	0.062864	0.927067	0.303726	-0.219768
19878	9.352553	0.892263	-0.438584	0.397461	-0.219199	0.200731	0.190999	0.128338	0.973164	0.327421	-0.942966	0.060094	0.925373	0.307157	-0.222126
19879	9.347469	0.676641	-0.126385	0.337552	-0.284820	0.194014	0.194247	0.127435	0.972640	0.330157	-0.942173	0.057507	0.923723	0.309953	-0.225088
19880	9.360806	0.350579	0.307046	0.315695	-0.370844	0.185578	0.198253	0.126883	0.971904	0.332667	-0.941436	0.055047	0.921970	0.312407	-0.228852
19881	9.388865	0.135665	0.898342	0.375487	-0.467484	0.179506	0.203134	0.126708	0.970918	0.335753	-0.940486	0.052490	0.919786	0.315327	-0.233587
19882	9.435231	0.029296	1.479876	0.427030	-0.609732	0.169986	0.209267	0.127080	0.969566	0.339293	-0.939357	0.049889	0.917108	0.318526	-0.239694
19883	9.468279	-0.080012	2.165857	0.446173	-0.742738	0.174184	0.216638	0.127869	0.967842	0.342996	-0.938152	0.047172	0.914014	0.321747	-0.247098
19884	9.355530	-0.118220	2.620218	0.465307	-0.915415	0.160999	0.225515	0.129350	0.965614	0.346845	-0.936866	0.044495	0.910407	0.324884	-0.256142
19885	9.247400	0.049553	2.675001	0.472812	-1.125439	0.130663	0.236169	0.131846	0.962726	0.350829	-0.935495	0.042054	0.906170	0.327820	-0.267191
19886	9.290070	0.159490	2.295215	0.377466	-1.350666	0.100197	0.248694	0.135367	0.959076	0.353937	-0.934409	0.040107	0.901598	0.329478	-0.280294
19887	9.699654	0.458619	1.635179	0.370721	-1.554904	0.085248	0.262951	0.139750	0.954634	0.357044	-0.933303	0.038281	0.896312	0.330781	-0.295310
19888	10.400268	0.665330	1.037055	0.398486	-1.734684	0.096986	0.278772	0.144602	0.949409	0.360263	-0.932149	0.036190	0.890223	0.331948	-0.311951
19889	11.475894	1.135890	0.673739	0.545988	-1.847941	0.092403	0.295466	0.149943	0.943513	0.364832	-0.930466	0.033620	0.882948	0.334290	-0.329625
19890	12.694343	1.373280	0.359740	0.421731	-1.932437	0.088928	0.312772	0.155582	0.936999	0.368164	-0.929230	0.031398	0.875573	0.335150	-0.347917
19891	14.578811	0.412037	0.898485	0.254959	-1.915697	0.097668	0.329814	0.161134	0.930193	0.370070	-0.928531	0.029632	0.868488	0.334464	-0.365873
19892	14.465373	-0.941581	0.354669	0.284172	-1.926564	0.110191	0.346864	0.166539	0.923012	0.372055	-0.927801	0.027587	0.860965	0.333842	-0.383782
19893	13.289566	0.059279	0.588461	0.785240	-1.965029	0.049915	0.363847	0.172721	0.915305	0.378598	-0.925248	0.024099	0.851046	0.337764	-0.402041
19894	13.126545	1.672831	-0.387485	0.534693	-2.125386	0.019754	0.381840	0.179720	0.906586	0.382985	-0.923498	0.021765	0.841143	0.338898	-0.421458
19895	13.278346	2.026101	-2.510241	0.026586	-2.129533	0.037350	0.399781	0.186598	0.897416	0.383062	-0.923476	0.021370	0.832730	0.335222	-0.440667
19896	12.332557	1.464706	-3.744184	-0.334500	-2.017556	0.021665	0.416572	0.193051	0.888369	0.380053	-0.924685	0.022729	0.825849	0.328159	-0.458568
19897	11.103567	0.961388	-4.333644	-0.548315	-1.900789	-0.067246	0.431934	0.199872	0.879479	0.375829	-0.926326	0.025940	0.819869	0.319330	-0.475230
19898	10.477207	0.527098	-5.612865	-0.647331	-1.857961	-0.194640	0.446319	0.207509	0.870482	0.371342	-0.927985	0.030820	0.814190	0.309491	-0.491234
19899	10.124950	0.223109	-6.095969	-0.565851	-1.675217	-0.300246	0.458778	0.215454	0.862034	0.368113	-0.929072	0.036298	0.808712	0.300673	-0.505549
19900	10.054946	-0.069431	-4.699346	-0.494608	-1.330411	-0.357898	0.468149	0.222705	0.855125	0.365689	-0.929791	0.041949	0.804430	0.293072	-0.516721
19901	9.809309	-0.455740	-4.727016	-0.407134	-1.039157	-0.366271	0.475130	0.229170	0.849549	0.364154	-0.930140	0.047249	0.801027	0.286917	-0.525390
19902	9.330580	-0.122270	-5.232823	0.026523	-0.806704	-0.330816	0.480327	0.234526	0.845153	0.365862	-0.929327	0.049953	0.797139	0.285216	-0.532185
19903	9.292419	1.325319	-3.111029	0.050553	-0.473784	-0.225473	0.483247	0.238016	0.842509	0.367357	-0.928645	0.051642	0.794683	0.284546	-0.536202
19904	9.867933	2.209849	-1.931804	-0.505295	-0.100347	-0.085421	0.483704	0.239058	0.841951	0.363651	-0.929904	0.055111	0.796108	0.279519	-0.536732
19905	10.013151	2.837940	-2.117671	-1.203442	0.317488	-0.029628	0.481037	0.238508	0.843633	0.354183	-0.933128	0.061856	0.801971	0.269046	-0.533345
19906	9.073609	2.970908	-2.989933	-2.120889	0.687339	-0.018034	0.475409	0.236858	0.847281	0.337062	-0.938627	0.073269	0.812635	0.250753	-0.526068
19907	8.099059	1.678002	-3.785617	-2.796437	0.962861	-0.006495	0.467475	0.234668	0.852290	0.314180	-0.945281	0.087946	0.826292	0.226660	-0.515623
19908	7.907161	0.007425	-4.001879	-2.927445	1.207874	0.062967	0.457567	0.231466	0.858519	0.289419	-0.951716	0.102340	0.840755	0.201644	-0.502465
19909	8.400464	-1.772394	-4.076421	-2.634745	1.510601	0.200088	0.445295	0.226721	0.866204	0.266178	-0.957194	0.113701	0.854904	0.179935	-0.486582
19910	8.872243	-3.122726	-4.065564	-1.841809	1.884743	0.328245	0.429877	0.220289	0.875602	0.248803	-0.961134	0.119657	0.867930	0.166415	-0.467978
19911	8.765161	-3.384440	-4.050695	-0.933324	2.254684	0.411020	0.411158	0.212675	0.886408	0.238919	-0.963551	0.120362	0.879697	0.162292	-0.446984
19912	8.460006	-2.975710	-3.832686	-0.178657	2.531694	0.484284	0.389867	0.203819	0.898032	0.235322	-0.964871	0.116827	0.890296	0.165779	-0.424135
19913	8.410047	-2.213678	-3.577349	0.294825	2.746939	0.536111	0.366522	0.194024	0.909954	0.235931	-0.965430	0.110822	0.899999	0.174068	-0.399627
19914	8.580725	-1.561877	-3.592364	0.577315	2.939131	0.596300	0.341325	0.182943	0.921970	0.238947	-0.965541	0.103127	0.909066	0.185102	-0.373277
19915	8.769489	-1.116674	-3.540662	0.804247	3.145103	0.639542	0.314126	0.170785	0.933894	0.244191	-0.965125	0.094360	0.917440	0.198408	-0.344875
19916	8.912050	-0.300925	-3.049869	0.954737	3.330887	0.651195	0.285025	0.157601	0.945475	0.250930	-0.964258	0.085086	0.925092	0.212997	-0.314385
19917	8.879850	0.544855	-2.978912	0.826239	3.447225	0.660167	0.254664	0.143715	0.956291	0.256814	-0.963436	0.076398	0.932305	0.226133	-0.282261
19918	8.724674	1.015099	-3.342530	0.672908	3.463516	0.661008	0.223939	0.129274	0.965992	0.261428	-0.962807	0.068243	0.938886	0.237255	-0.249406
19919	8.753017	1.450381	-2.961687	0.448553	3.460407	0.646000	0.193020	0.114743	0.974463	0.264295	-0.962512	0.060985	0.944930	0.245774	-0.216110
19920	9.145971	1.494914	-2.526094	0.083165	3.431360	0.648691	0.162156	0.099947	0.981690	0.263836	-0.963029	0.054466	0.950840	0.250173	-0.182531
19921	9.590418	1.143729	-2.397807	-0.239417	3.434042	0.661192	0.131117	0.085016	0.987715	0.260567	-0.964242	0.048405	0.956511	0.251019	-0.148581
19922	9.751736	0.796947	-2.369259	-0.482821	3.433006	0.671585	0.099890	0.069910	0.992540	0.255071	-0.965994	0.042370	0.961749	0.248935	-0.114325
19923	9.673047	0.432763	-2.466072	-0.682915	3.431666	0.672360	0.068474	0.054988	0.996136	0.247901	-0.968101	0.036399	0.966362	0.244451	-0.079922
19924	9.455516	0.080698	-2.668094	-0.773119	3.391806	0.670319	0.037217	0.040276	0.998495	0.239962	-0.970313	0.030195	0.970069	0.238477	-0.045777
19925	9.444473	-0.157213	-2.608480	-0.703061	3.379877	0.685015	0.005987	0.025705	0.999652	0.232962	-0.972199	0.023604	0.972467	0.232740	-0.011809
19926	9.399742	-0.068581	-2.225372	-0.588302	3.326170	0.700015	-0.024813	0.011217	0.999629	0.227205	-0.973706	0.016566	0.973531	0.227532	0.021612
19927	9.688334	0.005444	-2.060743	-0.455657	3.262161	0.718974	-0.054969	-0.003093	0.998483	0.223030	-0.974768	0.009259	0.973260	0.223201	0.054272
19928	9.716378	0.388191	-1.704004	-0.292257	3.193970	0.734104	-0.084448	-0.017335	0.996277	0.220591	-0.975365	0.001727	0.971704	0.219916	0.086192
19929	9.182689	0.980046	-1.600297	-0.275314	3.096616	0.694687	-0.112995	-0.030822	0.993117	0.218577	-0.975805	-0.005415	0.969256	0.216460	0.116998
19930	8.325563	0.722277	-1.550365	-0.459294	2.917099	0.664753	-0.139834	-0.043541	0.989217	0.214866	-0.976562	-0.012611	0.966581	0.210786	0.145912
19931	7.719060	-0.210281	-1.352243	-0.319227	2.636041	0.604447	-0.163997	-0.054896	0.984932	0.212673	-0.976938	-0.019039	0.963263	0.206346	0.171890
19932	7.559380	-0.088081	-0.716553	0.109168	2.313860	0.522434	-0.185162	-0.064758	0.980572	0.214531	-0.976423	-0.023974	0.959005	0.205924	0.194690
19933	7.857934	0.530841	-0.069155	0.443897	1.939413	0.396383	-0.202874	-0.072601	0.976510	0.219514	-0.975238	-0.026902	0.954283	0.208900	0.213787
19934	7.669907	0.318901	0.548228	0.431226	1.553767	0.255444	-0.217143	-0.078345	0.972991	0.224056	-0.974161	-0.028436	0.950078	0.211830	0.229086
19935	6.393209	-0.306630	0.656123	0.594887	1.080865	0.043101	-0.227313	-0.081033	0.970445	0.229759	-0.972861	-0.027417	0.946330	0.216736	0.239762
19936	5.063682	0.312355	0.587535	1.040301	0.443316	-0.205656	-0.232023	-0.080000	0.969415	0.239015	-0.970746	-0.022903	0.942888	0.226391	0.244357
19937	4.873476	1.417185	0.463536	1.128304	-0.281622	-0.397771	-0.230360	-0.075442	0.970177	0.248688	-0.968447	-0.016259	0.940792	0.237526	0.241853
19938	5.464171	1.179155	-0.630969	0.940593	-0.972802	-0.506425	-0.222527	-0.068166	0.972541	0.256296	-0.966555	-0.009103	0.940635	0.247233	0.232556
19939	5.846533	0.148872	-2.098389	1.117180	-1.555333	-0.637195	-0.209575	-0.058031	0.976069	0.265397	-0.964139	-0.000337	0.941086	0.258975	0.217461
19940	5.920853	0.369498	-3.309523	1.640336	-2.096150	-0.820696	-0.192123	-0.044509	0.980361	0.279099	-0.960198	0.011101	0.940847	0.275751	0.196898
19941	6.210996	1.454910	-4.583720	1.961148	-2.600324	-0.994717	-0.170547	-0.027510	0.984965	0.295707	-0.954964	0.024530	0.939931	0.295445	0.171002
19942	7.765540	2.427478	-3.921824	2.141750	-2.884161	-1.144705	-0.146987	-0.007769	0.989108	0.313929	-0.948637	0.039201	0.938000	0.316272	0.141876
19943	12.694421	3.111763	3.140648	2.237890	-2.463922	-1.121913	-0.127575	0.010932	0.991769	0.333309	-0.941313	0.053251	0.934146	0.337359	0.116444
19944	17.083046	1.899431	4.845337	1.098507	-2.107937	-0.821166	-0.110704	0.025888	0.993516	0.342526	-0.937421	0.062593	0.932963	0.347234	0.094909
19945	23.732567	-0.134612	9.790855	0.274267	-1.019681	-0.347992	-0.102410	0.032745	0.994203	0.344686	-0.936371	0.066346	0.933115	0.349482	0.084606
19946	19.877096	-0.977228	4.012291	-1.864737	-0.422617	0.143222	-0.098007	0.032859	0.994643	0.327296	-0.942793	0.063396	0.939825	0.331756	0.081646
19947	8.613106	3.867703	0.406347	-1.350872	-0.746846	0.037433	-0.090872	0.034979	0.995248	0.314573	-0.947205	0.062013	0.944873	0.318714	0.075071
19948	4.031912	4.743870	2.052135	-3.079640	-1.370006	0.013629	-0.077848	0.039032	0.996201	0.285254	-0.956587	0.059771	0.955285	0.288823	0.063335
19949	7.429545	-3.791871	-5.024625	-4.254930	-2.051406	0.184134	-0.057651	0.042803	0.997419	0.244428	-0.968068	0.055671	0.967952	0.247006	0.045347
19950	11.324290	-5.976376	-5.781512	-1.850220	-1.903548	-0.317349	-0.039951	0.050426	0.997928	0.226248	-0.972330	0.058190	0.973250	0.228104	0.027437
19951	11.216993	-4.385234	-4.180389	-0.845132	-1.751001	-0.320777	-0.023618	0.057509	0.998066	0.217884	-0.974049	0.061281	0.975689	0.218910	0.010475
19952	10.444173	-3.689858	-3.946703	0.356477	-1.507452	-0.522884	-0.010087	0.065928	0.997773	0.221199	-0.972957	0.066524	0.975177	0.221377	-0.004769
19953	8.908423	0.336879	-2.382698	0.862021	-1.222695	-0.785742	0.000036	0.076363	0.997080	0.229533	-0.970460	0.074316	0.973301	0.228860	-0.017563
19954	7.846361	2.942209	-3.033164	0.800233	-1.304477	-0.876175	0.010653	0.087889	0.996073	0.237285	-0.967899	0.082865	0.971382	0.235471	-0.031166
19955	9.133566	3.726558	-3.116258	0.416143	-1.446861	-0.785899	0.022799	0.098962	0.994830	0.241433	-0.966181	0.090579	0.970150	0.238120	-0.045920
19956	11.423857	1.842070	-4.118255	-0.086234	-1.299060	-0.596665	0.033941	0.107818	0.993591	0.240704	-0.965782	0.096578	0.970005	0.235883	-0.058732
19957	10.074813	0.689936	-4.793662	0.503012	-1.043300	-0.533428	0.042736	0.115492	0.992389	0.245761	-0.963991	0.101604	0.968388	0.239549	-0.069580
19958	8.470827	1.017442	-3.510271	0.887847	-0.971279	-0.534009	0.050774	0.123012	0.991106	0.254542	-0.961206	0.106261	0.965728	0.246883	-0.080116
19959	8.881119	0.811111	-2.904102	1.039018	-0.963854	-0.533075	0.058662	0.130595	0.989699	0.264830	-0.957919	0.110704	0.962509	0.255608	-0.090779
19960	9.848849	1.397367	-2.648490	1.442581	-0.969830	-0.519034	0.066546	0.138113	0.988178	0.278957	-0.953456	0.114475	0.957995	0.268042	-0.101976
19961	10.517336	2.821459	-1.973929	1.459475	-0.928172	-0.459973	0.074078	0.145080	0.986643	0.293207	-0.948801	0.117501	0.953175	0.280587	-0.112824
19962	10.536136	4.014171	-1.993970	1.029331	-0.880427	-0.373233	0.081321	0.151144	0.985161	0.303245	-0.945327	0.120001	0.949436	0.288987	-0.122709
19963	9.750190	5.407840	-1.744622	0.355057	-0.836107	-0.314937	0.088269	0.156589	0.983712	0.306861	-0.943812	0.122702	0.947652	0.291032	-0.131360
19964	8.912526	6.142983	-1.621612	-0.735265	-0.849633	-0.206780	0.095679	0.161011	0.982304	0.300045	-0.945598	0.125769	0.949115	0.282702	-0.138784
19965	8.691875	4.940127	-2.256708	-1.664738	-0.881325	-0.114086	0.103706	0.164553	0.980901	0.284306	-0.949974	0.129307	0.953108	0.265466	-0.145302
19966	9.422233	3.064487	-2.813287	-1.890303	-0.896696	-0.034977	0.112154	0.167225	0.979519	0.266268	-0.954748	0.132509	0.957352	0.245953	-0.151606
19967	10.244155	1.410651	-3.414381	-1.739246	-0.842323	0.026344	0.120281	0.169015	0.978247	0.249537	-0.958910	0.134992	0.960866	0.227872	-0.157515
19968	10.404523	-0.167653	-3.754273	-1.174016	-0.725077	0.044309	0.127345	0.170247	0.977138	0.238176	-0.961582	0.136496	0.962837	0.215349	-0.163001
19969	9.873491	-0.896832	-3.588384	-0.355702	-0.613678	-0.012851	0.133205	0.171725	0.976098	0.234751	-0.962315	0.137264	0.962886	0.210856	-0.168497
19970	9.368912	-0.410308	-2.901004	0.306431	-0.572290	-0.086246	0.138490	0.173813	0.974992	0.237800	-0.961514	0.137633	0.961391	0.212792	-0.174493
19971	9.224573	0.114770	-2.404430	0.607253	-0.574400	-0.121605	0.143694	0.176264	0.973798	0.243786	-0.959990	0.137792	0.959125	0.217599	-0.180915
19972	9.240923	0.725771	-1.963064	0.878626	-0.555876	-0.141740	0.148648	0.178896	0.972574	0.252389	-0.957792	0.137602	0.956140	0.225013	-0.187526
19973	9.436846	1.993870	-1.422115	0.941241	-0.575323	-0.144832	0.153748	0.181645	0.971271	0.261576	-0.955372	0.137266	0.952859	0.232957	-0.194400
19974	9.854593	3.408195	-1.247347	0.667898	-0.610260	-0.116368	0.159229	0.184236	0.969899	0.268096	-0.953584	0.137124	0.950143	0.238191	-0.201231
19975	9.925303	4.314925	-1.040021	0.057253	-0.623889	-0.061360	0.164968	0.186351	0.968534	0.268723	-0.953330	0.137655	0.948985	0.237559	-0.207346
19976	9.664938	3.826072	-0.974014	-0.651365	-0.660639	-0.002067	0.171214	0.187965	0.967137	0.262532	-0.954845	0.139099	0.949612	0.230089	-0.212830
19977	9.434181	2.531492	-1.306338	-1.128827	-0.692102	0.030318	0.177851	0.189272	0.965684	0.251735	-0.957427	0.141291	0.951314	0.217968	-0.217925
19978	9.292080	1.070390	-1.539655	-1.185870	-0.709555	0.047008	0.184703	0.190377	0.964179	0.240352	-0.960018	0.143512	0.952951	0.205235	-0.223076
19979	9.103754	-0.111813	-1.808113	-0.920412	-0.734027	0.024755	0.191741	0.191654	0.962551	0.231516	-0.961903	0.145407	0.953748	0.194966	-0.228807
19980	9.093303	-0.852431	-1.895828	-0.452457	-0.778896	-0.020798	0.199101	0.193401	0.960705	0.227233	-0.962725	0.146715	0.953270	0.189093	-0.235626
19981	9.006136	-0.721328	-1.517975	-0.031082	-0.732819	-0.106311	0.205822	0.195851	0.958791	0.227139	-0.962572	0.147864	0.951864	0.187345	-0.242603
19982	9.309677	0.902767	-1.388444	0.223378	-0.808179	-0.169176	0.213101	0.199039	0.956541	0.229601	-0.961814	0.148985	0.949669	0.187874	-0.250664
19983	9.542626	1.155682	-1.397165	0.233403	-0.830818	-0.192793	0.220518	0.202502	0.954130	0.232220	-0.960983	0.150286	0.947336	0.188428	-0.258939
19984	9.515982	1.577546	-0.991850	0.098170	-0.840627	-0.198977	0.227992	0.206036	0.951614	0.233579	-0.960388	0.151974	0.945231	0.187628	-0.267086
19985	9.397271	1.045806	-1.187718	0.073214	-0.901659	-0.198146	0.236022	0.209672	0.948858	0.234718	-0.959833	0.153712	0.942975	0.186434	-0.275755
19986	9.201483	1.059975	-0.827568	0.124672	-0.954809	-0.205582	0.244510	0.213460	0.945859	0.236367	-0.959163	0.155360	0.940396	0.185583	-0.284980
