// General information: 
//  MT Manager version: 2022.2.0 
//  XDA version: 2022.2.0 build 7381 rev 124627 built on 2023-07-19
// Device information: 
//  DeviceId: 00B4CB9F
//  ProductCode: MTW2-3A7G6
//  Firmware Version: 4.6.0
//  Hardware Version: 2.0.0
// Device settings: 
//  Filter Profile: human(46.1)
//  Option Flags: Orientation Smoother Disabled, Position/Velocity Smoother Disabled, Continuous Zero Rotation Update Disabled, AHS Disabled, ICC Disabled
// Coordinate system: ENU
PacketCounter	Acc_X	Acc_Y	Acc_Z	Gyr_X	Gyr_Y	Gyr_Z	Mat[1][1]	Mat[2][1]	Mat[3][1]	Mat[1][2]	Mat[2][2]	Mat[3][2]	Mat[1][3]	Mat[2][3]	Mat[3][3]
59682	9.635544	-1.423874	-1.252910	0.009587	0.007155	0.001727	-0.189986	0.047136	0.980655	-0.510181	0.848657	-0.139631	-0.838821	-0.526839	-0.137185
59683	9.634301	-1.414000	-1.274182	0.008381	0.008612	0.001899	-0.189942	0.047225	0.980659	-0.510326	0.848557	-0.139708	-0.838743	-0.526992	-0.137076
59684	9.639760	-1.392727	-1.263060	0.004335	0.019724	0.006819	-0.189872	0.047394	0.980664	-0.510350	0.848524	-0.139820	-0.838744	-0.527030	-0.136923
59685	9.645239	-1.371787	-1.251413	0.008461	0.019531	0.008805	-0.189792	0.047655	0.980667	-0.510382	0.848474	-0.140007	-0.838743	-0.527087	-0.136711
59686	9.638763	-1.384191	-1.281104	0.003097	0.023150	0.006033	-0.189689	0.047836	0.980678	-0.510397	0.848448	-0.140110	-0.838757	-0.527113	-0.136526
59687	9.592675	-1.386359	-1.250005	-0.001893	0.021957	0.007845	-0.189595	0.048054	0.980686	-0.510413	0.848416	-0.140250	-0.838768	-0.527145	-0.136329
59688	9.609969	-1.403168	-1.283230	-0.000381	0.019630	0.010351	-0.189544	0.048252	0.980686	-0.510391	0.848406	-0.140391	-0.838793	-0.527143	-0.136183
59689	9.616694	-1.392628	-1.249461	-0.000110	0.020731	0.012076	-0.189444	0.048473	0.980694	-0.510473	0.848331	-0.140540	-0.838766	-0.527242	-0.135967
59690	9.582272	-1.433044	-1.263725	-0.001485	0.015168	0.013375	-0.189445	0.048674	0.980684	-0.510436	0.848326	-0.140709	-0.838788	-0.527233	-0.135867
59691	9.579721	-1.414179	-1.306426	0.010552	0.017427	0.015712	-0.189483	0.048952	0.980663	-0.510487	0.848250	-0.140978	-0.838748	-0.527329	-0.135740
59692	9.592815	-1.463660	-1.327451	0.020367	0.012786	0.013216	-0.189504	0.049139	0.980650	-0.510634	0.848129	-0.141175	-0.838654	-0.527506	-0.135632
59693	9.628533	-1.436314	-1.287610	0.024732	0.015662	0.015976	-0.189513	0.049367	0.980636	-0.510891	0.847934	-0.141419	-0.838496	-0.527799	-0.135474
59694	9.563720	-1.413540	-1.244011	0.033647	0.011605	0.016328	-0.189560	0.049574	0.980617	-0.511143	0.847741	-0.141664	-0.838332	-0.528089	-0.135359
59695	9.562340	-1.405466	-1.264791	0.038742	0.006872	0.017368	-0.189653	0.049809	0.980587	-0.511422	0.847523	-0.141963	-0.838141	-0.528417	-0.135262
59696	9.580567	-1.433894	-1.276794	0.042664	0.001623	0.019531	-0.189800	0.049990	0.980549	-0.511743	0.847280	-0.142252	-0.837911	-0.528789	-0.135232
59697	9.553976	-1.411867	-1.317192	0.048032	-0.002011	0.022293	-0.189964	0.050163	0.980509	-0.512225	0.846935	-0.142568	-0.837579	-0.529324	-0.135193
59698	9.577430	-1.419126	-1.319840	0.053579	0.001366	0.023911	-0.190136	0.050380	0.980464	-0.512630	0.846632	-0.142915	-0.837293	-0.529788	-0.135149
59699	9.555773	-1.437994	-1.271480	0.064914	-0.005631	0.023909	-0.190356	0.050496	0.980416	-0.513306	0.846166	-0.143245	-0.836828	-0.530521	-0.135153
59700	9.652331	-1.335231	-1.255310	0.064926	-0.005649	0.023888	-0.190587	0.050675	0.980361	-0.513805	0.845802	-0.143606	-0.836469	-0.531084	-0.135162
59701	9.632279	-1.302069	-1.264419	0.049605	-0.006354	0.025697	-0.190801	0.050898	0.980308	-0.514218	0.845487	-0.143982	-0.836167	-0.531564	-0.135147
59702	9.608463	-1.238461	-1.340814	0.037076	-0.014743	0.021845	-0.191097	0.051011	0.980245	-0.514488	0.845271	-0.144286	-0.835933	-0.531897	-0.135284
59703	9.693559	-1.312420	-1.352057	0.023194	-0.013817	0.024269	-0.191359	0.051198	0.980184	-0.514647	0.845118	-0.144617	-0.835775	-0.532122	-0.135372
59704	9.766666	-1.419927	-1.404030	0.009671	0.001146	0.024401	-0.191535	0.051418	0.980138	-0.514682	0.845047	-0.144909	-0.835713	-0.532215	-0.135392
59705	9.750256	-1.487793	-1.431615	0.010280	0.018248	0.022865	-0.191561	0.051720	0.980117	-0.514776	0.844940	-0.145198	-0.835650	-0.532355	-0.135233
59706	9.692160	-1.453728	-1.355514	0.024548	0.029331	0.029004	-0.191526	0.052128	0.980102	-0.514927	0.844786	-0.145555	-0.835565	-0.532559	-0.134956
59707	9.560943	-1.459148	-1.211556	0.035116	0.031864	0.039661	-0.191568	0.052646	0.980066	-0.515183	0.844542	-0.146066	-0.835397	-0.532895	-0.134664
59708	9.563073	-1.483746	-1.163935	0.048262	0.021649	0.044843	-0.191679	0.053147	0.980018	-0.515502	0.844253	-0.146610	-0.835175	-0.533303	-0.134428
59709	9.526790	-1.517772	-1.199422	0.051913	0.015275	0.045277	-0.191813	0.053661	0.979963	-0.515870	0.843928	-0.147186	-0.834917	-0.533766	-0.134194
59710	9.515345	-1.566748	-1.216252	0.059318	0.013462	0.053007	-0.192035	0.054187	0.979891	-0.516265	0.843575	-0.147824	-0.834621	-0.534271	-0.134020
59711	9.495090	-1.536511	-1.223689	0.078925	0.005989	0.056938	-0.192347	0.054781	0.979797	-0.516782	0.843123	-0.148591	-0.834229	-0.534923	-0.133863
59712	9.419768	-1.571575	-1.177366	0.098874	-0.004343	0.064484	-0.192778	0.055309	0.979682	-0.517484	0.842550	-0.149395	-0.833695	-0.535770	-0.133804
59713	9.528139	-1.583488	-1.103920	0.118534	-0.013840	0.069327	-0.193358	0.055871	0.979536	-0.518310	0.841876	-0.150332	-0.833047	-0.536771	-0.133825
59714	9.714220	-1.382296	-1.127109	0.120630	-0.012042	0.064312	-0.193853	0.056354	0.979411	-0.519191	0.841184	-0.151163	-0.832383	-0.537804	-0.133807
59715	9.701604	-1.136169	-1.200821	0.097602	-0.010029	0.055707	-0.194277	0.056704	0.979307	-0.520098	0.840501	-0.151845	-0.831718	-0.538835	-0.133798
59716	9.574553	-0.977862	-1.255499	0.062569	-0.018014	0.048739	-0.194741	0.057023	0.979196	-0.520525	0.840128	-0.152446	-0.831342	-0.539383	-0.133925
59717	9.493787	-1.032836	-1.221657	0.045026	-0.031412	0.048735	-0.195356	0.057283	0.979058	-0.520802	0.839845	-0.153055	-0.831024	-0.539796	-0.134236
59718	9.547706	-1.188645	-1.160805	0.026607	-0.046164	0.052541	-0.196074	0.057481	0.978903	-0.520922	0.839663	-0.153646	-0.830780	-0.540058	-0.134693
59719	9.515444	-1.344957	-1.176967	0.034167	-0.057838	0.055145	-0.196905	0.057648	0.978726	-0.521147	0.839405	-0.154289	-0.830442	-0.540441	-0.135240
59720	9.540192	-1.457849	-1.204246	0.053296	-0.071582	0.067393	-0.197911	0.057833	0.978512	-0.521458	0.839069	-0.155060	-0.830007	-0.540942	-0.135904
59721	9.569987	-1.467755	-1.159898	0.084510	-0.081243	0.070977	-0.199000	0.057963	0.978284	-0.522134	0.838495	-0.155892	-0.829322	-0.541818	-0.136597
59722	9.666132	-1.452763	-1.215008	0.104970	-0.081621	0.068071	-0.200094	0.058097	0.978053	-0.522870	0.837878	-0.156741	-0.828595	-0.542757	-0.137277
59723	9.673003	-1.397489	-1.247297	0.117136	-0.079588	0.070167	-0.201163	0.058318	0.977820	-0.523687	0.837194	-0.157667	-0.827820	-0.543788	-0.137872
59724	9.591700	-1.394188	-1.297245	0.107746	-0.079701	0.077187	-0.202288	0.058536	0.977575	-0.524424	0.836554	-0.158610	-0.827079	-0.544749	-0.138527
59725	9.582628	-1.415013	-1.335217	0.103418	-0.084598	0.075363	-0.203476	0.058748	0.977316	-0.525108	0.835941	-0.159577	-0.826353	-0.545667	-0.139245
59726	9.527268	-1.435940	-1.344512	0.095536	-0.088999	0.075984	-0.204671	0.058903	0.977057	-0.525744	0.835366	-0.160493	-0.825653	-0.546530	-0.140007
59727	9.549864	-1.459099	-1.333005	0.091837	-0.095617	0.079499	-0.205956	0.059074	0.976777	-0.526363	0.834787	-0.161471	-0.824939	-0.547395	-0.140835
59728	9.556260	-1.558060	-1.327194	0.094970	-0.102375	0.085323	-0.207310	0.059231	0.976481	-0.526971	0.834208	-0.162479	-0.824211	-0.548260	-0.141727
59729	9.584281	-1.560310	-1.307600	0.106969	-0.107442	0.088504	-0.208730	0.059418	0.976167	-0.527685	0.833543	-0.163570	-0.823396	-0.549250	-0.142632
59730	9.665400	-1.551218	-1.285922	0.139433	-0.109027	0.096623	-0.210199	0.059630	0.975839	-0.528631	0.832710	-0.164753	-0.822415	-0.550489	-0.143512
59731	9.663829	-1.572334	-1.271304	0.150145	-0.098852	0.103027	-0.211644	0.059989	0.975504	-0.529622	0.831820	-0.166060	-0.821405	-0.551794	-0.144278
59732	9.615573	-1.524010	-1.329046	0.149252	-0.084550	0.108799	-0.212976	0.060433	0.975187	-0.530617	0.830921	-0.167377	-0.820418	-0.553098	-0.144900
59733	9.576834	-1.450139	-1.189906	0.133945	-0.085096	0.110703	-0.214303	0.060944	0.974864	-0.531461	0.830109	-0.168725	-0.819526	-0.554260	-0.145506
59734	9.631687	-1.386182	-1.087746	0.119796	-0.085128	0.111499	-0.215655	0.061402	0.974537	-0.532203	0.829368	-0.170027	-0.818690	-0.555319	-0.146178
59735	9.658485	-1.473902	-1.128311	0.111580	-0.088652	0.109499	-0.217007	0.061873	0.974207	-0.532888	0.828659	-0.171331	-0.817887	-0.556323	-0.146854
59736	9.730375	-1.655298	-1.237681	0.120056	-0.091324	0.114069	-0.218423	0.062315	0.973863	-0.533621	0.827911	-0.172659	-0.817031	-0.557387	-0.147582
59737	9.756590	-1.710745	-1.157247	0.135416	-0.073313	0.112953	-0.219709	0.062856	0.973539	-0.534485	0.827068	-0.174022	-0.816121	-0.558576	-0.148118
59738	9.552933	-1.726366	-1.149910	0.132934	-0.050648	0.113377	-0.220789	0.063516	0.973251	-0.535321	0.826244	-0.175363	-0.815282	-0.559720	-0.148424
59739	9.448557	-1.730278	-1.169626	0.119855	-0.054092	0.105227	-0.221795	0.064064	0.972987	-0.536165	0.825439	-0.176570	-0.814453	-0.560844	-0.148729
59740	9.397850	-1.824297	-1.204679	0.098935	-0.063684	0.108719	-0.222957	0.064610	0.972685	-0.536729	0.824805	-0.177815	-0.813764	-0.561714	-0.149218
59741	9.447248	-1.917214	-1.246250	0.094920	-0.071397	0.110588	-0.224195	0.065113	0.972367	-0.537316	0.824150	-0.179075	-0.813036	-0.562616	-0.149784
59742	9.466377	-1.924862	-1.277353	0.100380	-0.073314	0.112137	-0.225455	0.065630	0.972041	-0.537880	0.823502	-0.180356	-0.812314	-0.563504	-0.150362
59743	9.508987	-1.937922	-1.312308	0.105213	-0.077473	0.110312	-0.226713	0.066093	0.971717	-0.538579	0.822768	-0.181618	-0.811501	-0.564521	-0.150936
59744	9.592926	-2.027009	-1.460286	0.115967	-0.073313	0.109658	-0.227959	0.066586	0.971391	-0.539270	0.822031	-0.182899	-0.810692	-0.565536	-0.151482
59745	9.569377	-2.096073	-1.512676	0.122579	-0.060896	0.113090	-0.229111	0.067132	0.971083	-0.540113	0.821187	-0.184201	-0.809806	-0.566696	-0.151884
59746	9.488918	-2.071018	-1.415966	0.125552	-0.051904	0.111134	-0.230192	0.067755	0.970784	-0.540874	0.820391	-0.185511	-0.808991	-0.567775	-0.152200
59747	9.425792	-1.901976	-1.419533	0.133726	-0.042803	0.100089	-0.231158	0.068370	0.970511	-0.541725	0.819545	-0.186763	-0.808146	-0.568922	-0.152406
59748	9.306313	-1.827489	-1.484988	0.117425	-0.050383	0.099132	-0.232162	0.068900	0.970234	-0.542444	0.818798	-0.187945	-0.807375	-0.569932	-0.152720
59749	9.354287	-1.808723	-1.532312	0.112957	-0.065179	0.092487	-0.233207	0.069255	0.969958	-0.543278	0.817997	-0.189025	-0.806513	-0.571038	-0.153138
59750	9.332157	-1.929115	-1.659090	0.112477	-0.075444	0.092873	-0.234381	0.069588	0.969651	-0.543968	0.817280	-0.190139	-0.805708	-0.572024	-0.153701
59751	9.271930	-2.191246	-1.815005	0.128013	-0.100361	0.100297	-0.235817	0.069881	0.969282	-0.544743	0.816470	-0.191395	-0.804764	-0.573143	-0.154471
59752	9.357638	-2.466174	-1.985773	0.159229	-0.123228	0.114118	-0.237491	0.070109	0.968856	-0.545754	0.815467	-0.192788	-0.803586	-0.574542	-0.155404
59753	9.376968	-2.749814	-2.234534	0.206102	-0.154087	0.129301	-0.239593	0.070246	0.968329	-0.547111	0.814165	-0.194433	-0.802038	-0.576369	-0.156636
59754	9.504672	-2.469800	-2.634997	0.241645	-0.171544	0.116807	-0.241668	0.070209	0.967816	-0.548767	0.812678	-0.195984	-0.800282	-0.578468	-0.157870
59755	9.776989	-2.028380	-3.009846	0.255443	-0.175609	0.094946	-0.243674	0.069895	0.967335	-0.550685	0.811055	-0.197322	-0.798354	-0.580779	-0.159143
59756	10.215597	-1.107995	-2.764832	0.206351	-0.138029	0.052895	-0.245128	0.069524	0.966995	-0.552202	0.809808	-0.198203	-0.796860	-0.582561	-0.160115
59757	10.075113	-0.893191	-2.388280	0.093292	-0.068992	0.046711	-0.246012	0.069429	0.966777	-0.552952	0.809146	-0.198816	-0.796067	-0.583492	-0.160669
59758	9.600444	-1.051705	-2.104882	-0.010902	-0.048239	0.057658	-0.246775	0.069617	0.966569	-0.552724	0.809159	-0.199396	-0.795989	-0.583451	-0.161201
59759	9.746147	-1.363748	-1.689053	-0.101648	-0.050210	0.054188	-0.247528	0.069714	0.966370	-0.551878	0.809644	-0.199767	-0.796342	-0.582766	-0.161936
59760	10.156419	-1.881142	-1.372912	-0.159310	-0.022550	0.046793	-0.248026	0.069965	0.966224	-0.550494	0.810529	-0.200000	-0.797145	-0.581505	-0.162517
59761	10.351559	-2.317558	-1.245587	-0.188996	0.009746	0.054476	-0.248268	0.070362	0.966133	-0.549016	0.811486	-0.200180	-0.798088	-0.580121	-0.162836
59762	10.115694	-2.832789	-1.144121	-0.220717	0.025933	0.104018	-0.248691	0.071360	0.965950	-0.546995	0.812680	-0.200866	-0.799343	-0.578324	-0.163073
59763	9.834496	-2.796130	-0.897459	-0.231874	0.067928	0.139235	-0.249006	0.072805	0.965762	-0.544847	0.813883	-0.201835	-0.800711	-0.576450	-0.162994
59764	9.500531	-2.155488	-0.480780	-0.310254	0.111064	0.125523	-0.248858	0.074470	0.965673	-0.542048	0.815564	-0.202582	-0.802654	-0.573855	-0.162594
59765	9.247118	-1.799324	-0.233718	-0.430883	0.121555	0.106375	-0.248506	0.076010	0.965644	-0.538384	0.817900	-0.202932	-0.805225	-0.570317	-0.162330
59766	9.121078	-1.626996	-0.176720	-0.534777	0.089999	0.098681	-0.248369	0.077334	0.965574	-0.533826	0.820852	-0.203056	-0.808296	-0.565881	-0.162591
59767	9.150651	-1.542808	-0.434386	-0.620730	0.061806	0.091814	-0.248368	0.078428	0.965486	-0.528682	0.824200	-0.202953	-0.811670	-0.560842	-0.163241
59768	9.021633	-1.719734	-0.797351	-0.688415	0.036110	0.088478	-0.248599	0.079366	0.965349	-0.522863	0.827961	-0.202719	-0.815360	-0.555142	-0.164333
59769	8.979556	-2.178583	-1.135821	-0.682683	0.012281	0.083325	-0.248998	0.080142	0.965182	-0.517112	0.831628	-0.202457	-0.818898	-0.549519	-0.165632
59770	9.048035	-2.642913	-1.411849	-0.594736	0.000334	0.090293	-0.249520	0.080902	0.964984	-0.512009	0.834799	-0.202380	-0.821940	-0.544579	-0.166877
59771	9.089488	-2.858201	-1.604260	-0.469771	0.015833	0.100891	-0.249948	0.081838	0.964795	-0.507974	0.837203	-0.202615	-0.824311	-0.540734	-0.167686
59772	8.986477	-2.909392	-1.683237	-0.343141	0.031120	0.101308	-0.250265	0.082861	0.964625	-0.504890	0.838960	-0.203056	-0.826107	-0.537848	-0.168126
59773	8.928069	-2.853114	-1.656925	-0.244338	0.056752	0.096815	-0.250272	0.084049	0.964520	-0.502742	0.840104	-0.203658	-0.827414	-0.535874	-0.168000
59774	8.916275	-2.676581	-1.681002	-0.180895	0.076839	0.078189	-0.250088	0.085124	0.964474	-0.501050	0.840995	-0.204149	-0.828496	-0.534305	-0.167671
59775	8.957932	-2.478985	-1.722665	-0.138632	0.081699	0.055937	-0.249757	0.086032	0.964479	-0.499832	0.841632	-0.204509	-0.829330	-0.533155	-0.167202
59776	8.982181	-2.315516	-1.669615	-0.086548	0.085465	0.039030	-0.249303	0.086823	0.964526	-0.499019	0.842048	-0.204781	-0.829957	-0.532369	-0.166599
59777	9.150920	-2.217321	-1.572039	-0.022004	0.094218	0.025133	-0.248681	0.087575	0.964618	-0.498866	0.842071	-0.205059	-0.830235	-0.532210	-0.165719
59778	9.111151	-2.259669	-1.444676	0.051190	0.089871	0.030110	-0.248145	0.088314	0.964689	-0.499218	0.841761	-0.205474	-0.830184	-0.532578	-0.164791
59779	9.074749	-2.194964	-1.753366	0.089376	0.041529	0.037664	-0.248035	0.088860	0.964667	-0.499966	0.841179	-0.206037	-0.829766	-0.533405	-0.164215
59780	9.084317	-1.954736	-2.501314	0.084437	-0.061428	0.034468	-0.248777	0.088829	0.964479	-0.500583	0.840687	-0.206548	-0.829172	-0.534186	-0.164678
59781	9.071479	-1.921779	-3.218324	0.069528	-0.156543	0.030362	-0.250287	0.088276	0.964139	-0.501142	0.840236	-0.207026	-0.828380	-0.534987	-0.166061
59782	9.161997	-2.130284	-3.412186	0.106355	-0.197253	0.025568	-0.252108	0.087441	0.963740	-0.501960	0.839633	-0.207490	-0.827332	-0.536069	-0.167786
59783	9.154099	-2.303546	-3.045165	0.174226	-0.171838	0.015815	-0.253648	0.086656	0.963407	-0.503467	0.838608	-0.207984	-0.825944	-0.537798	-0.169083
59784	9.128350	-2.463237	-2.370210	0.256155	-0.140046	0.009316	-0.254910	0.085986	0.963134	-0.505559	0.837209	-0.208548	-0.824276	-0.540082	-0.169942
59785	9.372210	-2.452436	-1.575641	0.376764	-0.111187	0.008327	-0.255967	0.085540	0.962893	-0.508588	0.835161	-0.209391	-0.822082	-0.543314	-0.170269
59786	9.602248	-2.267476	-0.968237	0.490307	-0.103482	0.002204	-0.256888	0.085000	0.962696	-0.512608	0.832473	-0.210288	-0.819293	-0.547506	-0.170280
59787	9.673177	-2.208355	-0.649636	0.551609	-0.123425	0.004368	-0.257942	0.084382	0.962469	-0.517234	0.829343	-0.211329	-0.816049	-0.552332	-0.170277
59788	9.856790	-2.077076	-0.524003	0.569571	-0.155951	0.008881	-0.259317	0.083596	0.962167	-0.521851	0.826164	-0.212426	-0.812666	-0.557193	-0.170614
59789	9.982098	-2.038549	-0.598987	0.542240	-0.176125	0.003763	-0.260858	0.082612	0.961836	-0.526267	0.823100	-0.213423	-0.809319	-0.561855	-0.171236
59790	9.858091	-2.150029	-0.855276	0.499506	-0.177454	0.009584	-0.262401	0.081695	0.961494	-0.530278	0.820264	-0.214413	-0.806195	-0.566121	-0.171918
59791	9.660188	-2.289375	-1.197287	0.462439	-0.208215	0.015198	-0.264223	0.080647	0.961084	-0.534020	0.817568	-0.215418	-0.803124	-0.570157	-0.172954
59792	9.611882	-2.412246	-1.437257	0.445969	-0.229961	0.022631	-0.266248	0.079520	0.960619	-0.537537	0.814987	-0.216450	-0.800104	-0.573997	-0.174244
59793	9.566573	-2.498888	-1.423081	0.468654	-0.213692	0.027799	-0.268208	0.078582	0.960151	-0.541173	0.812256	-0.217649	-0.796992	-0.577983	-0.175327
59794	9.471520	-2.367996	-1.289438	0.464892	-0.206599	0.036204	-0.270108	0.077682	0.959691	-0.544775	0.809520	-0.218854	-0.793891	-0.581930	-0.176339
59795	9.571019	-2.084437	-1.297358	0.421345	-0.224086	0.024120	-0.272138	0.076587	0.959206	-0.548009	0.807046	-0.219915	-0.790966	-0.585500	-0.177657
59796	9.644927	-2.030702	-1.396753	0.348651	-0.192178	0.017329	-0.273811	0.075602	0.958808	-0.550716	0.804975	-0.220743	-0.788505	-0.588472	-0.178776
59797	9.449324	-1.946247	-1.330668	0.279646	-0.162558	0.019004	-0.275264	0.074800	0.958454	-0.552928	0.803253	-0.221486	-0.786448	-0.590923	-0.179747
59798	9.253219	-1.986940	-1.365333	0.207479	-0.162811	0.015589	-0.276689	0.073965	0.958109	-0.554516	0.802001	-0.222050	-0.784828	-0.592725	-0.180891
59799	9.601276	-2.051540	-1.613896	0.179509	-0.193722	0.018308	-0.278373	0.072963	0.957698	-0.555936	0.800863	-0.222608	-0.783226	-0.594387	-0.182375
59800	9.794030	-1.946723	-1.971322	0.120288	-0.187916	0.019132	-0.280010	0.072001	0.957293	-0.556825	0.800121	-0.223052	-0.782011	-0.595501	-0.183950
59801	9.750743	-1.970038	-2.438968	0.045374	-0.218049	0.020484	-0.281905	0.070844	0.956823	-0.557173	0.799788	-0.223375	-0.781081	-0.596087	-0.185992
59802	9.925651	-1.964255	-2.735927	-0.010354	-0.237027	0.020605	-0.283930	0.069598	0.956316	-0.557035	0.799824	-0.223593	-0.780446	-0.596186	-0.188325
59803	9.746425	-1.998203	-2.807912	-0.106976	-0.199676	0.025036	-0.285687	0.068702	0.955857	-0.556165	0.800384	-0.223754	-0.780425	-0.595538	-0.190450
59804	9.549267	-2.234670	-2.429539	-0.149109	-0.179235	0.019945	-0.287257	0.067798	0.955451	-0.554944	0.801246	-0.223700	-0.780718	-0.594481	-0.192539
59805	9.585932	-2.536239	-1.700434	-0.141216	-0.114032	0.031978	-0.288376	0.067420	0.955141	-0.553806	0.802001	-0.223815	-0.781113	-0.593506	-0.193940
59806	9.461339	-2.861717	-0.983239	-0.066616	-0.053179	0.053389	-0.289146	0.067535	0.954900	-0.553132	0.802348	-0.224236	-0.781306	-0.593023	-0.194640
59807	9.474532	-2.738129	-0.440758	0.018487	-0.026446	0.057409	-0.289743	0.067821	0.954699	-0.553149	0.802162	-0.224860	-0.781074	-0.593242	-0.194906
59808	9.269396	-2.344830	-0.452700	0.025227	-0.008924	0.065952	-0.290237	0.068299	0.954514	-0.553155	0.801956	-0.225580	-0.780885	-0.593466	-0.194977
59809	9.120002	-2.260887	-0.799942	-0.019089	-0.039713	0.067455	-0.291040	0.068679	0.954243	-0.552762	0.802020	-0.226314	-0.780865	-0.593335	-0.195457
59810	9.250071	-2.260132	-1.183424	-0.070677	-0.057919	0.061477	-0.291892	0.068832	0.953971	-0.552031	0.802385	-0.226803	-0.781064	-0.592824	-0.196212
59811	9.293254	-2.273999	-1.592664	-0.115406	-0.048274	0.054018	-0.292632	0.068939	0.953737	-0.551048	0.802972	-0.227118	-0.781481	-0.592017	-0.196986
59812	9.161937	-2.207253	-1.822968	-0.160611	-0.030794	0.048211	-0.293198	0.069148	0.953548	-0.549652	0.803876	-0.227301	-0.782252	-0.590764	-0.197688
59813	9.100642	-2.263038	-1.923154	-0.170180	-0.015158	0.041127	-0.293606	0.069338	0.953408	-0.548265	0.804803	-0.227371	-0.783072	-0.589477	-0.198280
59814	9.095321	-2.544205	-1.826143	-0.135492	-0.003342	0.044123	-0.293934	0.069676	0.953283	-0.547074	0.805559	-0.227563	-0.783781	-0.588405	-0.198663
59815	9.114161	-2.626203	-1.624036	-0.090434	0.031708	0.045130	-0.293953	0.070182	0.953240	-0.546373	0.805960	-0.227825	-0.784262	-0.587795	-0.198569
59816	8.778213	-2.510091	-1.782425	-0.100992	0.016588	0.043456	-0.294120	0.070633	0.953155	-0.545454	0.806511	-0.228080	-0.784840	-0.586985	-0.198684
59817	8.897909	-2.196018	-2.624975	-0.135632	-0.095220	0.024669	-0.295101	0.070290	0.952877	-0.544308	0.807273	-0.228119	-0.785267	-0.585977	-0.199967
59818	9.099562	-2.066885	-3.560779	-0.191566	-0.182646	-0.003148	-0.296578	0.069199	0.952498	-0.542814	0.808385	-0.227744	-0.785745	-0.584573	-0.202187
59819	9.099870	-2.266730	-3.771613	-0.170157	-0.214130	-0.014012	-0.298238	0.067860	0.952076	-0.541590	0.809319	-0.227337	-0.785961	-0.583436	-0.204618
59820	9.111775	-2.307986	-3.153222	-0.104598	-0.174833	-0.031953	-0.299499	0.066585	0.951770	-0.540864	0.809939	-0.226859	-0.785981	-0.582723	-0.206562
59821	9.090774	-2.303304	-2.400139	-0.032102	-0.117523	-0.046370	-0.300211	0.065513	0.951620	-0.540846	0.810082	-0.226391	-0.785722	-0.582646	-0.207763
59822	8.887396	-2.093783	-1.803969	0.020312	-0.095460	-0.050191	-0.300749	0.064553	0.951516	-0.541158	0.809984	-0.225997	-0.785302	-0.582889	-0.208668
59823	8.792877	-1.899384	-1.647877	0.047256	-0.142453	-0.040850	-0.301719	0.063363	0.951289	-0.541675	0.809711	-0.225736	-0.784572	-0.583399	-0.209982
59824	9.015648	-1.775611	-1.610796	0.060117	-0.193002	-0.028230	-0.303139	0.062012	0.950927	-0.542233	0.809365	-0.225635	-0.783639	-0.584023	-0.211725
59825	9.268625	-1.708126	-1.604148	0.026760	-0.218188	-0.028995	-0.304749	0.060535	0.950507	-0.542603	0.809155	-0.225500	-0.782758	-0.584469	-0.213743
59826	9.391014	-1.553671	-1.710384	-0.050922	-0.217283	-0.039913	-0.306293	0.058945	0.950111	-0.542327	0.809464	-0.225053	-0.782347	-0.584203	-0.215965
59827	9.359811	-1.595675	-1.800477	-0.131246	-0.208593	-0.039628	-0.307749	0.057399	0.949735	-0.541516	0.810178	-0.224436	-0.782337	-0.583367	-0.218249
59828	9.219418	-1.842902	-1.669573	-0.183164	-0.195649	-0.024926	-0.309205	0.056061	0.949342	-0.540161	0.811248	-0.223839	-0.782700	-0.582009	-0.220560
59829	9.110083	-2.219176	-1.141868	-0.181766	-0.161389	-0.001913	-0.310578	0.055141	0.948947	-0.538671	0.812330	-0.223502	-0.783182	-0.580586	-0.222589
59830	8.988449	-2.648396	-0.389591	-0.124444	-0.105608	0.029798	-0.311625	0.054774	0.948625	-0.537605	0.813024	-0.223549	-0.783499	-0.579648	-0.223911
59831	8.845522	-2.816524	0.186854	-0.065656	-0.071441	0.055249	-0.312532	0.054800	0.948325	-0.536986	0.813317	-0.223969	-0.783562	-0.579235	-0.224761
59832	9.064650	-2.660177	0.270466	-0.040550	-0.093931	0.067023	-0.313687	0.054806	0.947943	-0.536459	0.813503	-0.224554	-0.783462	-0.578973	-0.225785
59833	9.503406	-2.341964	-0.007807	-0.055500	-0.140992	0.070793	-0.315267	0.054597	0.947431	-0.535801	0.813762	-0.225187	-0.783277	-0.578629	-0.227300
59834	9.909547	-2.012022	-0.441800	-0.105696	-0.170782	0.066053	-0.317018	0.054151	0.946872	-0.534765	0.814325	-0.225613	-0.783279	-0.577878	-0.229198
59835	9.907431	-1.832534	-0.890873	-0.151175	-0.186519	0.060932	-0.318842	0.053603	0.946291	-0.533506	0.815063	-0.225929	-0.783397	-0.576887	-0.231278
59836	9.959204	-1.808670	-1.041458	-0.193480	-0.194728	0.049638	-0.320692	0.052891	0.945706	-0.531832	0.816139	-0.225990	-0.783780	-0.575430	-0.233600
59837	9.831183	-1.913314	-1.036923	-0.213420	-0.180105	0.044409	-0.322333	0.052247	0.945183	-0.530228	0.817181	-0.225993	-0.784194	-0.574008	-0.235702
59838	9.580451	-2.027129	-0.886048	-0.206406	-0.176726	0.044180	-0.324013	0.051600	0.944645	-0.528467	0.818330	-0.225964	-0.784690	-0.572428	-0.237880
59839	9.488250	-2.104952	-0.767128	-0.169866	-0.193937	0.050927	-0.325863	0.050918	0.944045	-0.527035	0.819213	-0.226106	-0.784887	-0.571224	-0.240116
59840	9.435941	-2.177585	-0.705170	-0.139840	-0.211668	0.058342	-0.327891	0.050193	0.943381	-0.525747	0.819970	-0.226361	-0.784906	-0.570201	-0.242472
59841	9.388182	-2.099263	-0.687325	-0.138695	-0.231933	0.073584	-0.330144	0.049520	0.942631	-0.524532	0.820621	-0.226820	-0.784775	-0.569323	-0.244948
59842	9.407736	-2.111688	-0.718946	-0.165521	-0.248526	0.080519	-0.332575	0.048772	0.941815	-0.522967	0.821511	-0.227213	-0.784793	-0.568103	-0.247708
59843	9.379506	-2.153086	-0.703701	-0.197549	-0.243886	0.095080	-0.335026	0.048215	0.940974	-0.521227	0.822475	-0.227722	-0.784907	-0.566754	-0.250420
59844	9.347744	-2.155466	-0.643863	-0.217364	-0.235926	0.097822	-0.337446	0.047690	0.940136	-0.519193	0.823646	-0.228136	-0.785219	-0.565095	-0.253176
59845	9.290173	-2.112579	-0.532545	-0.259045	-0.217388	0.106952	-0.339765	0.047267	0.939322	-0.516815	0.825052	-0.228456	-0.785788	-0.563076	-0.255895
59846	9.192347	-2.086128	-0.555968	-0.318313	-0.207751	0.109562	-0.342022	0.047010	0.938515	-0.513939	0.826777	-0.228707	-0.786694	-0.560562	-0.258615
59847	9.387262	-2.008995	-0.710012	-0.385882	-0.222642	0.096739	-0.344307	0.046567	0.937702	-0.510687	0.828799	-0.228673	-0.787815	-0.557606	-0.261580
59848	9.608911	-1.840528	-1.047184	-0.463236	-0.226570	0.072083	-0.346519	0.045912	0.936919	-0.506785	0.831328	-0.228172	-0.789363	-0.553882	-0.264803
59849	9.586890	-1.633332	-1.441992	-0.545784	-0.237943	0.041937	-0.348612	0.045055	0.936184	-0.502614	0.834094	-0.227303	-0.791106	-0.549780	-0.268130
59850	9.523799	-1.345281	-1.769962	-0.640315	-0.251624	0.009670	-0.350712	0.043766	0.935460	-0.497508	0.837581	-0.225707	-0.793402	-0.544557	-0.271976
59851	9.244660	-1.192665	-2.158179	-0.752432	-0.280960	-0.007235	-0.352922	0.042210	0.934700	-0.491753	0.841515	-0.223678	-0.796005	-0.538582	-0.276232
59852	9.135317	-1.116103	-2.508457	-0.834329	-0.356994	-0.019153	-0.355734	0.040146	0.933725	-0.485169	0.845976	-0.221215	-0.798790	-0.531707	-0.281464
59853	9.363372	-1.357325	-2.752204	-0.901915	-0.426620	-0.001738	-0.359158	0.037854	0.932509	-0.478086	0.850658	-0.218667	-0.801523	-0.524356	-0.287423
59854	9.648510	-1.895671	-2.894202	-0.927210	-0.467350	0.010509	-0.363017	0.035520	0.931105	-0.470604	0.855469	-0.216113	-0.804208	-0.516635	-0.293834
59855	9.824737	-2.326782	-2.810045	-0.887439	-0.484498	0.024382	-0.367038	0.033300	0.929610	-0.463618	0.859841	-0.213851	-0.806438	-0.509475	-0.300155
59856	9.811460	-2.656442	-2.672330	-0.822266	-0.497709	0.030998	-0.371256	0.031059	0.928011	-0.456865	0.863981	-0.211687	-0.808358	-0.502566	-0.306568
59857	9.860436	-2.758065	-2.537490	-0.753764	-0.494503	0.024130	-0.375377	0.028773	0.926425	-0.450826	0.867650	-0.209618	-0.809844	-0.496343	-0.312724
59858	9.955062	-2.714963	-2.386526	-0.712126	-0.478641	0.002672	-0.379326	0.026447	0.924885	-0.445045	0.871152	-0.207437	-0.811201	-0.490301	-0.318680
59859	10.094280	-2.574995	-2.415609	-0.696424	-0.474540	-0.032994	-0.382957	0.023750	0.923461	-0.439870	0.874374	-0.204901	-0.812316	-0.484672	-0.324401
59860	10.150177	-2.401931	-2.552922	-0.676150	-0.495281	-0.073616	-0.386717	0.020731	0.921965	-0.434658	0.877637	-0.202052	-0.813340	-0.478876	-0.330387
59861	10.302863	-2.235636	-2.633669	-0.673099	-0.540793	-0.109166	-0.390623	0.017197	0.920390	-0.429911	0.880687	-0.198914	-0.813996	-0.473386	-0.336624
59862	10.760530	-2.407914	-2.528461	-0.672930	-0.609411	-0.129866	-0.395086	0.013197	0.918549	-0.424942	0.883863	-0.195475	-0.814451	-0.467560	-0.343594
59863	10.908519	-2.548851	-2.286961	-0.637503	-0.631008	-0.135733	-0.399600	0.009117	0.916644	-0.420784	0.886555	-0.192253	-0.814408	-0.462534	-0.350431
59864	10.738064	-2.536114	-1.732509	-0.635203	-0.640040	-0.151407	-0.404234	0.004844	0.914643	-0.416219	0.889476	-0.188662	-0.814467	-0.456956	-0.357541
59865	10.687794	-2.488939	-1.121341	-0.641633	-0.645540	-0.176451	-0.408683	0.000308	0.912676	-0.412221	0.892127	-0.184888	-0.814280	-0.451785	-0.364470
59866	10.876147	-2.591128	-0.658445	-0.641795	-0.647641	-0.186934	-0.413245	-0.004254	0.910610	-0.407764	0.894995	-0.180866	-0.814222	-0.446056	-0.371587
59867	11.280452	-2.756273	-0.379551	-0.654159	-0.616802	-0.184680	-0.417451	-0.008594	0.908659	-0.403845	0.897532	-0.177044	-0.814029	-0.440865	-0.378146
59868	11.570286	-2.873096	-0.156031	-0.641431	-0.555130	-0.182325	-0.421292	-0.012648	0.906837	-0.399388	0.900314	-0.172988	-0.814249	-0.435058	-0.384347
59869	11.613458	-2.849382	0.236732	-0.641248	-0.460665	-0.176070	-0.424301	-0.016190	0.905376	-0.395412	0.902792	-0.169165	-0.814627	-0.429773	-0.389457
59870	11.543249	-2.638158	0.712241	-0.642911	-0.359094	-0.184106	-0.426559	-0.019370	0.904253	-0.390955	0.905495	-0.165026	-0.815599	-0.423915	-0.393819
59871	11.628923	-2.228426	1.084295	-0.644730	-0.227818	-0.189050	-0.427572	-0.022009	0.903714	-0.387306	0.907760	-0.161137	-0.816809	-0.418911	-0.396657
59872	11.399686	-1.644058	1.297772	-0.666791	-0.082684	-0.191051	-0.427566	-0.024071	0.903664	-0.382669	0.910481	-0.156806	-0.818994	-0.412849	-0.398502
59873	11.182993	-1.054497	1.505127	-0.696458	0.042492	-0.198472	-0.426288	-0.025762	0.904220	-0.378787	0.912821	-0.152569	-0.821461	-0.407546	-0.398884
59874	10.987048	-0.680156	1.823451	-0.745939	0.168608	-0.218766	-0.424131	-0.027061	0.905197	-0.373578	0.915770	-0.147663	-0.824956	-0.400790	-0.398516
59875	10.676301	-0.262173	2.320546	-0.765111	0.301063	-0.244131	-0.420645	-0.028081	0.906790	-0.368980	0.918414	-0.142723	-0.828801	-0.394624	-0.396688
59876	10.545567	0.226846	2.928710	-0.691872	0.482242	-0.283004	-0.415653	-0.028775	0.909068	-0.364416	0.921034	-0.137468	-0.833327	-0.388418	-0.393316
59877	10.030815	0.762818	2.931901	-0.715936	0.634997	-0.322611	-0.409082	-0.029277	0.912028	-0.360541	0.923345	-0.132077	-0.838250	-0.382853	-0.388279
59878	10.016818	1.014703	3.054842	-0.775506	0.707445	-0.354976	-0.401914	-0.029854	0.915191	-0.355461	0.926174	-0.125891	-0.843868	-0.375912	-0.382854
59879	10.437123	0.913008	3.362753	-0.846113	0.864539	-0.386428	-0.393064	-0.030237	0.919014	-0.350995	0.928712	-0.119566	-0.849884	-0.369567	-0.375656
59880	10.822354	0.670993	2.968041	-0.951665	1.057751	-0.404685	-0.382681	-0.030114	0.923390	-0.344447	0.932059	-0.112352	-0.857270	-0.361053	-0.367054
59881	10.926424	0.674080	2.324998	-1.032969	1.269312	-0.410239	-0.370205	-0.029396	0.928485	-0.338028	0.935241	-0.105169	-0.865266	-0.352788	-0.356167
59882	10.875196	0.763893	1.239634	-1.121915	1.459189	-0.406562	-0.356208	-0.028106	0.933984	-0.329753	0.939018	-0.097505	-0.874287	-0.342717	-0.343754
59883	11.132690	0.784643	0.826098	-1.140972	1.630790	-0.386564	-0.340422	-0.026189	0.939908	-0.322135	0.942366	-0.090415	-0.883369	-0.333557	-0.329239
59884	11.407114	0.794948	0.905505	-1.138083	1.824238	-0.353232	-0.323149	-0.023507	0.946056	-0.313208	0.946009	-0.083479	-0.893015	-0.323288	-0.313064
59885	11.801926	0.022075	0.307681	-1.131952	1.985629	-0.320402	-0.304004	-0.020110	0.952459	-0.305718	0.948959	-0.077543	-0.902285	-0.314758	-0.294635
59886	12.228257	-0.091486	-0.239448	-1.115491	2.222402	-0.229716	-0.283202	-0.015383	0.958937	-0.296285	0.952365	-0.072224	-0.912147	-0.304573	-0.274269
59887	11.900934	-0.710685	-1.003137	-1.288412	2.312609	-0.140924	-0.261331	-0.009611	0.965201	-0.286384	0.955697	-0.068023	-0.921786	-0.294195	-0.252506
59888	11.788396	-1.441501	-2.261722	-1.419087	2.273503	-0.023325	-0.240250	-0.003267	0.970706	-0.273308	0.959768	-0.064413	-0.931441	-0.280777	-0.231477
59889	11.808915	-1.913342	-3.655400	-1.571669	2.211017	0.103395	-0.219559	0.003978	0.975591	-0.260103	0.963558	-0.062466	-0.940287	-0.267469	-0.210523
59890	12.142267	-2.293265	-4.620098	-1.514627	2.078102	0.222791	-0.200547	0.011567	0.979616	-0.245349	0.967472	-0.061651	-0.948464	-0.252712	-0.191186
59891	12.440970	-3.016354	-4.641129	-1.300813	1.952601	0.311852	-0.182500	0.019740	0.983008	-0.233646	0.970288	-0.062862	-0.955041	-0.241148	-0.172465
59892	12.491789	-2.942351	-5.183484	-0.871567	1.901192	0.383552	-0.165221	0.028000	0.985859	-0.224653	0.972251	-0.065263	-0.960330	-0.232259	-0.154346
59893	11.923804	-2.068684	-5.361977	-0.592438	1.836315	0.327389	-0.148110	0.035730	0.988325	-0.219607	0.973209	-0.068093	-0.964280	-0.227128	-0.136295
59894	12.311354	-1.506022	-4.636363	-0.412580	1.828638	0.221197	-0.130975	0.042029	0.990494	-0.215337	0.974042	-0.069806	-0.967717	-0.222433	-0.118525
59895	13.141189	-1.788807	-3.939555	-0.225592	1.982427	0.169202	-0.111961	0.048456	0.992531	-0.214515	0.974082	-0.071753	-0.970282	-0.220946	-0.098664
59896	13.274350	-2.561392	-3.621476	0.002293	2.226755	0.227714	-0.090866	0.055618	0.994309	-0.214334	0.973948	-0.074066	-0.972525	-0.219844	-0.076578
59897	12.298864	-2.462529	-3.371355	0.148681	2.395551	0.288272	-0.068102	0.064075	0.995619	-0.216335	0.973244	-0.077433	-0.973941	-0.220660	-0.052418
59898	11.152771	-2.699548	-3.392709	0.249411	2.350040	0.340456	-0.045993	0.072620	0.996299	-0.218601	0.972449	-0.080973	-0.974730	-0.221516	-0.028851
59899	10.661946	-3.006958	-3.596707	0.436707	2.199384	0.368568	-0.025325	0.081521	0.996350	-0.223170	0.971056	-0.085124	-0.974451	-0.224511	-0.006399
59900	10.385691	-2.562506	-3.369461	0.657799	2.076534	0.410615	-0.006080	0.090251	0.995900	-0.229544	0.969199	-0.089233	-0.973279	-0.229146	0.014824
59901	10.106701	-2.540457	-3.200194	0.697020	1.938292	0.447779	0.011740	0.099440	0.994974	-0.236553	0.967074	-0.093860	-0.971548	-0.234262	0.034877
59902	10.121000	-2.615736	-3.471409	0.883510	1.874495	0.469196	0.028749	0.108461	0.993685	-0.245255	0.964474	-0.098177	-0.969032	-0.240884	0.054328
59903	9.912972	-2.288468	-3.489539	1.024556	1.864544	0.501691	0.045552	0.118256	0.991938	-0.255878	0.961223	-0.102844	-0.965635	-0.249130	0.074045
59904	9.417716	-2.078942	-3.707704	1.278275	1.894535	0.522137	0.062386	0.128115	0.989795	-0.268512	0.957317	-0.106987	-0.961254	-0.259097	0.094124
59905	8.948023	-2.080579	-4.053192	1.607491	1.906288	0.480363	0.079307	0.138060	0.987243	-0.284322	0.952358	-0.110342	-0.955443	-0.271945	0.114783
59906	8.541571	-1.720729	-4.367221	2.003434	1.860460	0.396770	0.095796	0.147074	0.984476	-0.303775	0.946162	-0.111791	-0.947915	-0.288351	0.135316
59907	8.344480	-1.178966	-4.463709	2.325706	1.785033	0.273514	0.111772	0.155218	0.981537	-0.326381	0.938666	-0.111273	-0.938607	-0.307917	0.155576
59908	8.165975	-0.541794	-4.257847	2.448814	1.748606	0.158198	0.127507	0.162290	0.978470	-0.349469	0.930608	-0.108812	-0.928231	-0.328070	0.175375
59909	7.831440	-0.465056	-4.071314	2.475791	1.711651	0.061306	0.143050	0.168856	0.975205	-0.372562	0.922048	-0.105002	-0.916916	-0.348304	0.194808
59910	7.388726	-0.260201	-3.822745	2.449420	1.639020	0.011971	0.157882	0.174867	0.971851	-0.394936	0.913233	-0.100160	-0.905041	-0.368005	0.213244
59911	6.900789	-0.082589	-3.464126	2.353992	1.552640	-0.013988	0.171836	0.180752	0.968401	-0.416102	0.904346	-0.094961	-0.892934	-0.386636	0.230610
59912	6.404458	0.343942	-3.046103	2.269749	1.424492	-0.038569	0.184578	0.186068	0.965044	-0.436204	0.895414	-0.089212	-0.880714	-0.404489	0.246438
59913	6.146587	0.486343	-2.904372	2.127273	1.238453	-0.064474	0.195644	0.190757	0.961943	-0.454878	0.886648	-0.083310	-0.868798	-0.421268	0.260239
59914	6.040604	1.026844	-2.854725	1.977097	1.036864	-0.083829	0.204927	0.194491	0.959259	-0.471818	0.878302	-0.077282	-0.857550	-0.436759	0.271752
59915	5.818422	1.843704	-2.630910	1.705677	0.841759	-0.118137	0.212601	0.197307	0.957011	-0.486193	0.870917	-0.071548	-0.847595	-0.450081	0.281088
59916	5.725180	2.535956	-2.272567	1.335701	0.602446	-0.149591	0.218363	0.198776	0.955409	-0.497181	0.865106	-0.066355	-0.839719	-0.460522	0.287735
59917	5.764173	3.484377	-1.581183	0.944640	0.397668	-0.190715	0.222588	0.199095	0.954367	-0.504826	0.861001	-0.061876	-0.834029	-0.468016	0.292157
59918	5.794275	3.864945	-1.254027	0.531117	0.220263	-0.245976	0.225612	0.198039	0.953876	-0.508738	0.858965	-0.058006	-0.830834	-0.472186	0.294542
59919	6.083513	4.255670	-0.456932	0.165791	0.035054	-0.291499	0.227332	0.195779	0.953934	-0.509564	0.858686	-0.054797	-0.829858	-0.473633	0.294968
59920	6.801886	4.765308	1.053552	-0.333144	-0.071803	-0.310340	0.228254	0.192795	0.954322	-0.506131	0.860836	-0.052852	-0.831704	-0.470948	0.294069
59921	7.714369	4.050748	2.660294	-1.004770	-0.035236	-0.231993	0.229083	0.190679	0.954549	-0.497299	0.865920	-0.053627	-0.836788	-0.462411	0.293191
59922	8.192634	1.685163	3.717262	-1.498117	0.102181	0.003105	0.229870	0.191196	0.954256	-0.484759	0.872717	-0.058085	-0.843901	-0.449232	0.293295
59923	7.814704	-1.302722	4.594795	-1.551488	0.203971	0.317478	0.230053	0.194908	0.953460	-0.472380	0.878943	-0.065698	-0.850842	-0.435282	0.294274
59924	7.491015	-4.081203	5.118374	-1.160372	0.097178	0.616013	0.227942	0.200778	0.952749	-0.463931	0.882689	-0.075019	-0.856043	-0.424910	0.294349
59925	8.239751	-5.091305	5.588370	-0.325602	-0.093917	0.828590	0.223253	0.207732	0.952368	-0.463060	0.882346	-0.083908	-0.857749	-0.422271	0.293179
59926	9.720239	-4.807637	8.002574	0.457300	-0.203846	0.825972	0.217602	0.214165	0.952251	-0.468842	0.878636	-0.090472	-0.856059	-0.426769	0.291603
59927	12.124464	-3.252262	12.756198	1.252989	-0.083832	0.698237	0.213528	0.220014	0.951840	-0.481173	0.871622	-0.093530	-0.850223	-0.438028	0.291981
59928	13.860091	-2.473701	16.578183	1.728327	0.571161	0.573133	0.215497	0.227550	0.949622	-0.497056	0.862622	-0.093907	-0.840534	-0.451779	0.298998
59929	11.756336	-3.422479	15.996739	2.061346	1.255916	0.476435	0.223508	0.237540	0.945314	-0.515464	0.851936	-0.092201	-0.827249	-0.466668	0.312858
59930	8.078281	-0.824908	12.194431	2.102090	1.222929	0.305181	0.231883	0.245945	0.941138	-0.533446	0.841202	-0.088396	-0.813428	-0.481549	0.326259
59931	7.975057	2.904529	9.186098	1.549579	0.767964	0.179093	0.237058	0.251373	0.938411	-0.546625	0.833046	-0.085062	-0.803121	-0.492794	0.334887
59932	8.620993	4.792822	6.344609	0.548369	0.413975	0.156412	0.239458	0.254743	0.936892	-0.551433	0.829907	-0.084713	-0.799113	-0.496348	0.339202
59933	8.814557	4.311978	4.048853	-0.422362	0.216727	0.159762	0.240270	0.257291	0.935987	-0.548603	0.831467	-0.087732	-0.800815	-0.492406	0.340927
59934	11.250193	1.386563	3.280592	-0.915017	0.302205	0.108251	0.242049	0.259690	0.934865	-0.541560	0.835623	-0.091906	-0.805062	-0.484040	0.342900
59935	15.931609	0.694437	3.361729	-0.669928	0.160400	0.032495	0.243122	0.260889	0.934253	-0.536431	0.838627	-0.094589	-0.808167	-0.478166	0.343837
59936	17.231773	-1.086183	1.766300	0.018555	-0.457677	0.255747	0.237991	0.260864	0.935580	-0.537239	0.837839	-0.096949	-0.809157	-0.479558	0.339544
59937	13.587644	-4.967225	2.237027	1.097677	-0.847981	0.338438	0.229271	0.259694	0.938080	-0.547044	0.831523	-0.096495	-0.805095	-0.491048	0.332708
59938	8.410724	-7.045726	-1.243366	1.962904	-1.150017	0.443047	0.217541	0.257617	0.941440	-0.563798	0.820517	-0.094250	-0.796748	-0.510279	0.323740
59939	7.688911	-3.483106	-2.544516	2.528163	-1.320544	0.714518	0.202940	0.256668	0.944953	-0.585477	0.805336	-0.093007	-0.784877	-0.534374	0.313708
59940	8.367993	0.809845	-3.182918	2.024546	-0.859946	0.899066	0.190832	0.259192	0.946785	-0.603074	0.791977	-0.095258	-0.774523	-0.552803	0.307447
59941	6.524123	3.946226	-5.137261	0.963165	-0.346729	0.804221	0.183221	0.263703	0.947043	-0.612146	0.784398	-0.099985	-0.769225	-0.561409	0.305143
59942	5.379964	3.304898	-4.550158	-0.235286	-0.446700	0.592560	0.176095	0.265860	0.947791	-0.611437	0.784115	-0.106346	-0.771450	-0.560787	0.300636
59943	6.901624	1.090917	-1.826633	-0.625988	-0.785894	0.592280	0.166367	0.266168	0.949461	-0.607690	0.785971	-0.113855	-0.776553	-0.558036	0.292507
