// General information: 
//  MT Manager version: 2022.2.0 
//  XDA version: 2022.2.0 build 7381 rev 124627 built on 2023-07-19
// Device information: 
//  DeviceId: 00B4CAF0
//  ProductCode: MTW2-3A7G6
//  Firmware Version: 4.6.0
//  Hardware Version: 2.0.0
// Device settings: 
//  Filter Profile: human(46.1)
//  Option Flags: Orientation Smoother Disabled, Position/Velocity Smoother Disabled, Continuous Zero Rotation Update Disabled, AHS Disabled, ICC Disabled
// Coordinate system: ENU
PacketCounter	Acc_X	Acc_Y	Acc_Z	Gyr_X	Gyr_Y	Gyr_Z	Mat[1][1]	Mat[2][1]	Mat[3][1]	Mat[1][2]	Mat[2][2]	Mat[3][2]	Mat[1][3]	Mat[2][3]	Mat[3][3]
58900	6.221826	-0.362649	7.986118	0.005004	-0.001546	-0.002116	-0.749540	-0.256608	0.610199	0.294610	-0.954795	-0.039636	0.592786	0.150062	0.791256
58901	6.158865	-0.401137	8.034020	-0.003728	0.000023	0.004898	-0.749552	-0.256615	0.610181	0.294631	-0.954790	-0.039615	0.592760	0.150085	0.791271
58902	6.187246	-0.391069	8.018110	0.004641	0.008300	0.002500	-0.749584	-0.256603	0.610146	0.294641	-0.954788	-0.039570	0.592714	0.150113	0.791300
58903	6.192020	-0.372947	8.003119	0.005013	0.011036	0.003814	-0.749621	-0.256597	0.610103	0.294670	-0.954782	-0.039507	0.592653	0.150164	0.791336
58904	6.203311	-0.416412	8.034362	0.001125	0.007469	0.001883	-0.749650	-0.256578	0.610075	0.294655	-0.954788	-0.039486	0.592624	0.150161	0.791359
58905	6.179149	-0.408366	8.035700	0.009679	0.017114	0.000143	-0.749748	-0.256462	0.610004	0.294585	-0.954814	-0.039359	0.592534	0.150189	0.791420
58906	6.171185	-0.349404	8.024788	0.009112	0.013750	0.000231	-0.749819	-0.256436	0.609927	0.294605	-0.954812	-0.039264	0.592435	0.150246	0.791484
58907	6.175463	-0.330934	8.010198	0.006338	0.018392	0.002239	-0.749969	-0.256478	0.609725	0.294646	-0.954801	-0.039214	0.592224	0.150244	0.791642
58908	6.184874	-0.298391	8.014482	-0.004034	0.018008	0.003097	-0.750058	-0.256486	0.609613	0.294610	-0.954812	-0.039241	0.592131	0.150165	0.791727
58909	6.202559	-0.394590	7.989515	-0.012184	0.021461	0.005906	-0.750172	-0.256421	0.609500	0.294446	-0.954859	-0.039313	0.592068	0.149973	0.791811
58910	6.211251	-0.362815	7.994338	-0.001586	0.032833	0.003409	-0.750347	-0.256454	0.609271	0.294426	-0.954865	-0.039323	0.591856	0.149879	0.791986
58911	6.225739	-0.392064	8.045940	-0.005813	0.036890	-0.000079	-0.750531	-0.256350	0.609087	0.294228	-0.954925	-0.039350	0.591720	0.149678	0.792126
58912	6.096616	-0.465941	8.109659	0.000115	0.042185	0.001095	-0.750768	-0.256375	0.608785	0.294201	-0.954934	-0.039331	0.591433	0.149577	0.792359
58913	6.046561	-0.457151	8.181712	0.000265	0.033193	0.001994	-0.750944	-0.256299	0.608601	0.294169	-0.954950	-0.039185	0.591226	0.149606	0.792509
58914	6.097980	-0.523606	8.125606	0.012686	0.022720	-0.005546	-0.751084	-0.256230	0.608456	0.294166	-0.954957	-0.039026	0.591049	0.149675	0.792628
58915	6.140569	-0.385298	8.070861	0.013404	0.017091	-0.004734	-0.751162	-0.256045	0.608438	0.294151	-0.954974	-0.038725	0.590958	0.149884	0.792656
58916	6.155121	-0.340132	8.128180	0.007647	0.013906	-0.003196	-0.751243	-0.255985	0.608363	0.294135	-0.954983	-0.038619	0.590862	0.149928	0.792719
58917	6.157563	-0.478530	8.046648	0.012630	0.013841	-0.001190	-0.751251	-0.255789	0.608436	0.294029	-0.955023	-0.038451	0.590906	0.150011	0.792671
58918	6.160269	-0.389903	8.073167	0.010964	0.014110	-0.001172	-0.751327	-0.255748	0.608359	0.294047	-0.955022	-0.038332	0.590799	0.150086	0.792736
58919	6.146763	-0.348361	8.077792	0.016535	0.015927	-0.003366	-0.751426	-0.255776	0.608225	0.294151	-0.954995	-0.038196	0.590622	0.150208	0.792845
58920	6.157780	-0.390977	8.109265	0.004445	0.006933	0.001851	-0.751451	-0.255753	0.608203	0.294154	-0.954996	-0.038147	0.590588	0.150240	0.792864
58921	6.128102	-0.400820	8.126030	0.005966	0.014916	-0.001123	-0.751478	-0.255645	0.608215	0.294078	-0.955023	-0.038068	0.590592	0.150256	0.792859
58922	6.145454	-0.419361	8.073162	0.006700	0.008546	-0.002366	-0.751525	-0.255584	0.608183	0.294063	-0.955031	-0.037975	0.590540	0.150305	0.792888
58923	6.121693	-0.411157	8.074102	0.004458	0.006192	-0.000206	-0.751533	-0.255645	0.608149	0.294123	-0.955012	-0.037986	0.590500	0.150323	0.792914
58924	6.178588	-0.389734	8.042543	0.015785	0.011194	-0.003933	-0.751599	-0.255574	0.608096	0.294150	-0.955011	-0.037812	0.590402	0.150452	0.792963
58925	6.165689	-0.344939	8.012597	0.010972	0.013369	-0.003228	-0.751660	-0.255502	0.608051	0.294115	-0.955025	-0.037722	0.590342	0.150483	0.793001
58926	6.129560	-0.375417	8.079691	0.005255	0.019802	-0.003995	-0.751777	-0.255444	0.607930	0.294079	-0.955040	-0.037631	0.590210	0.150489	0.793098
58927	6.067222	-0.483013	8.087015	0.007196	0.003775	0.003964	-0.751888	-0.255515	0.607764	0.294189	-0.955009	-0.037550	0.590015	0.150564	0.793230
58928	6.081349	-0.365588	8.150200	0.004995	-0.000805	-0.000047	-0.751873	-0.255463	0.607804	0.294181	-0.955014	-0.037486	0.590038	0.150620	0.793202
58929	6.146319	-0.400037	8.095492	-0.002791	-0.006460	0.000190	-0.751904	-0.255444	0.607773	0.294121	-0.955031	-0.037524	0.590027	0.150545	0.793224
58930	6.180188	-0.296290	8.035810	-0.011103	-0.005860	-0.001788	-0.751865	-0.255369	0.607853	0.294006	-0.955065	-0.037576	0.590135	0.150460	0.793160
58931	6.188478	-0.428939	8.040836	-0.031792	0.002247	-0.004469	-0.751885	-0.255263	0.607874	0.293689	-0.955152	-0.037827	0.590268	0.150085	0.793132
58932	6.168732	-0.332840	8.032946	-0.037657	0.016933	-0.008192	-0.751999	-0.255160	0.607776	0.293369	-0.955242	-0.038052	0.590282	0.149688	0.793196
58933	6.177923	-0.303604	8.037279	-0.058566	0.025156	-0.007412	-0.752203	-0.255017	0.607583	0.292853	-0.955385	-0.038439	0.590278	0.149019	0.793325
58934	6.152376	-0.303195	8.073458	-0.045686	0.023977	0.001436	-0.752330	-0.255017	0.607426	0.292557	-0.955461	-0.038786	0.590263	0.148527	0.793429
58935	6.157272	-0.365809	8.086538	-0.061614	0.020293	0.000349	-0.752459	-0.254947	0.607295	0.292129	-0.955575	-0.039200	0.590310	0.147912	0.793509
58936	6.184090	-0.360208	8.071840	-0.048697	0.028732	0.006908	-0.752599	-0.255006	0.607097	0.291857	-0.955642	-0.039604	0.590267	0.147379	0.793640
58937	6.247640	-0.162682	8.024434	-0.055401	0.031286	0.011090	-0.752685	-0.255148	0.606930	0.291592	-0.955700	-0.040150	0.590287	0.146756	0.793740
58938	6.234416	-0.282532	8.084908	-0.115628	0.041069	0.015115	-0.752873	-0.255303	0.606632	0.290987	-0.955842	-0.041135	0.590346	0.145552	0.793918
58939	6.273696	-0.392178	8.026217	-0.106084	0.050777	0.023788	-0.753180	-0.255568	0.606139	0.290484	-0.955953	-0.042110	0.590203	0.144357	0.794243
58940	5.789745	-0.378138	8.111568	-0.086302	0.058022	0.026857	-0.753434	-0.255860	0.605700	0.290141	-0.956020	-0.042934	0.590047	0.143390	0.794534
58941	5.858287	-0.956895	8.247879	-0.141721	0.007215	0.012675	-0.753400	-0.255961	0.605700	0.289348	-0.956204	-0.044174	0.590480	0.141977	0.794466
58942	6.128596	-0.830917	8.039791	-0.013086	0.022781	-0.003737	-0.753535	-0.255909	0.605554	0.289206	-0.956244	-0.044232	0.590377	0.141800	0.794574
58943	6.035933	-0.338140	8.158777	-0.009971	0.011246	-0.002169	-0.753663	-0.255833	0.605426	0.289019	-0.956297	-0.044316	0.590305	0.141580	0.794667
58944	6.080698	-0.595483	8.185214	-0.039142	-0.019994	-0.001899	-0.753540	-0.255739	0.605619	0.288737	-0.956369	-0.044592	0.590600	0.141263	0.794504
58945	6.042275	-0.560081	8.134926	-0.001676	-0.021925	-0.003709	-0.753357	-0.255710	0.605859	0.288749	-0.956366	-0.044600	0.590827	0.141341	0.794321
58946	6.156029	-0.380292	8.153210	-0.016482	-0.030698	-0.008886	-0.753191	-0.255534	0.606140	0.288549	-0.956423	-0.044654	0.591137	0.141268	0.794103
58947	6.149911	-0.480354	8.071759	-0.037978	-0.026563	-0.010073	-0.753004	-0.255328	0.606459	0.288222	-0.956513	-0.044837	0.591535	0.141032	0.793849
58948	6.101113	-0.561709	8.113181	-0.033176	-0.028003	-0.008723	-0.752852	-0.255157	0.606719	0.287925	-0.956594	-0.045024	0.591872	0.140793	0.793640
58949	6.126924	-0.570901	8.110609	-0.022014	-0.035450	-0.014950	-0.752760	-0.254841	0.606966	0.287523	-0.956711	-0.045098	0.592184	0.140569	0.793447
58950	6.114836	-0.607386	7.983174	-0.006349	-0.027073	-0.023608	-0.752657	-0.254529	0.607225	0.287272	-0.956792	-0.044982	0.592437	0.140583	0.793256
58951	6.267040	-0.389112	8.058051	0.018024	-0.017307	-0.031028	-0.752622	-0.254115	0.607442	0.287067	-0.956871	-0.044617	0.592581	0.140797	0.793110
58952	6.202675	-0.269505	8.016883	-0.015468	0.005962	-0.035853	-0.752749	-0.253732	0.607444	0.286669	-0.956996	-0.044499	0.592612	0.140639	0.793115
58953	6.054557	-0.321923	7.940644	-0.033877	0.011112	-0.029480	-0.752968	-0.253364	0.607326	0.286166	-0.957146	-0.044510	0.592577	0.140282	0.793205
58954	6.081755	-0.411041	8.157600	-0.054159	-0.006298	-0.025428	-0.752993	-0.253063	0.607421	0.285618	-0.957298	-0.044761	0.592810	0.139785	0.793118
58955	5.995580	-0.678003	8.163018	-0.050981	-0.009661	-0.030245	-0.753078	-0.252770	0.607437	0.285035	-0.957458	-0.045047	0.592982	0.139217	0.793089
58956	6.154539	-0.510066	8.147101	-0.014590	-0.008648	-0.034210	-0.753114	-0.252383	0.607554	0.284655	-0.957576	-0.044931	0.593119	0.139105	0.793006
58957	6.144787	-0.458388	8.047143	-0.018522	-0.021110	-0.031858	-0.753049	-0.251955	0.607812	0.284206	-0.957712	-0.044882	0.593417	0.138946	0.792811
58958	6.144227	-0.392199	8.122011	-0.015383	-0.022279	-0.030496	-0.752993	-0.251585	0.608036	0.283849	-0.957822	-0.044795	0.593660	0.138860	0.792645
58959	6.253931	-0.287787	8.011964	-0.016868	0.000810	-0.028121	-0.753143	-0.251301	0.607966	0.283500	-0.957927	-0.044759	0.593636	0.138648	0.792700
58960	6.302974	0.011211	8.114183	-0.083162	0.017035	-0.021268	-0.753294	-0.251073	0.607874	0.282810	-0.958107	-0.045266	0.593773	0.137814	0.792743
58961	6.204217	0.027121	7.995947	-0.206774	0.033603	-0.002550	-0.753536	-0.251106	0.607560	0.281598	-0.958388	-0.046848	0.594042	0.135786	0.792891
58962	6.182150	-0.126474	7.948397	-0.261874	0.032419	0.022465	-0.753655	-0.251317	0.607324	0.280175	-0.958696	-0.049038	0.594563	0.133200	0.792939
58963	6.103255	-0.300808	7.897095	-0.261469	0.023686	0.044072	-0.753626	-0.251687	0.607208	0.278867	-0.958954	-0.051374	0.595215	0.130613	0.792881
58964	6.202395	-0.252778	7.942207	-0.234269	0.031373	0.065067	-0.753621	-0.252305	0.606957	0.277927	-0.959105	-0.053604	0.595661	0.128293	0.792925
58965	6.134817	0.216718	8.122497	-0.254999	0.046199	0.101861	-0.753675	-0.253346	0.606457	0.277176	-0.959172	-0.056231	0.595942	0.125715	0.793126
58966	6.216450	0.198876	8.215562	-0.382240	0.032491	0.141903	-0.753466	-0.254701	0.606149	0.275930	-0.959297	-0.060100	0.596785	0.121971	0.793077
58967	6.231503	-0.258188	8.237380	-0.476895	0.046608	0.170242	-0.753236	-0.256366	0.605733	0.274339	-0.959439	-0.064922	0.597807	0.117275	0.793015
58968	6.279677	-0.382407	8.247769	-0.464505	0.051657	0.194438	-0.753002	-0.258245	0.605225	0.272989	-0.959484	-0.069760	0.598719	0.112691	0.792992
58969	6.360863	-0.266470	8.412964	-0.488197	0.069449	0.222585	-0.752834	-0.260432	0.604497	0.271661	-0.959463	-0.075037	0.599535	0.107728	0.793066
58970	6.395412	-0.266399	8.303166	-0.515393	0.087771	0.250867	-0.752669	-0.262886	0.603639	0.270423	-0.959360	-0.080618	0.600301	0.102559	0.793171
58971	6.346216	-0.298651	8.328260	-0.560857	0.092467	0.281578	-0.752507	-0.265634	0.602638	0.269082	-0.959198	-0.086801	0.601106	0.096841	0.793280
58972	6.163990	-0.789971	8.246389	-0.599447	0.061458	0.294826	-0.752074	-0.268475	0.601918	0.267659	-0.958985	-0.093309	0.602282	0.090933	0.793087
58973	5.549057	-1.730572	8.338056	-0.587126	-0.020743	0.268147	-0.751141	-0.270985	0.601958	0.266072	-0.958793	-0.099609	0.604146	0.085344	0.792290
58974	5.103671	-3.415018	8.660633	-0.617016	-0.209749	0.148740	-0.749465	-0.272195	0.603500	0.263417	-0.958911	-0.105367	0.607383	0.080004	0.790370
58975	5.189665	-4.591653	9.124105	-0.381930	-0.326324	-0.041255	-0.747642	-0.271512	0.606064	0.260759	-0.959332	-0.108102	0.610768	0.077215	0.788036
58976	4.383706	-5.558592	10.159272	-0.309717	-0.422496	-0.324827	-0.745880	-0.268029	0.609773	0.256402	-0.960457	-0.108541	0.614753	0.075388	0.785109
58977	2.113958	-5.413502	12.027491	0.197775	-0.866759	-0.629071	-0.742069	-0.261264	0.617313	0.252881	-0.961983	-0.103150	0.620794	0.079562	0.779926
58978	7.427688	-3.230568	12.989835	-0.042183	-0.924605	-0.847523	-0.738399	-0.252313	0.625384	0.246310	-0.964204	-0.098190	0.627773	0.081535	0.774115
58979	3.965320	-1.602514	13.012695	-0.428457	-1.034898	-1.059832	-0.734566	-0.241213	0.634215	0.235693	-0.967186	-0.094866	0.636287	0.079795	0.767314
58980	4.869206	-2.117036	19.400146	-1.331315	-1.909963	-1.442666	-0.725498	-0.225740	0.650149	0.216543	-0.971571	-0.095703	0.653270	0.071353	0.753755
58981	7.981050	-6.696200	14.781212	-2.388226	-2.645434	-2.232270	-0.712365	-0.202269	0.672029	0.184485	-0.977861	-0.098762	0.677128	0.053625	0.733909
58982	5.359894	-7.765767	10.578527	0.115488	-2.420796	-2.535040	-0.700208	-0.176007	0.691904	0.167337	-0.982599	-0.080609	0.694052	0.059338	0.717476
58983	5.748088	-7.465670	12.993888	0.160983	-2.416663	-2.866706	-0.687709	-0.146173	0.711119	0.148401	-0.987142	-0.059395	0.710657	0.064684	0.700559
58984	0.838924	-11.383568	12.219470	0.543893	-2.002363	-3.084734	-0.677639	-0.114243	0.726466	0.131208	-0.990791	-0.033421	0.723595	0.072671	0.686389
58985	-3.636686	-14.501801	14.355106	1.794028	-1.725472	-2.682519	-0.668628	-0.086157	0.738589	0.125957	-0.992034	-0.001695	0.732852	0.091897	0.674154
58986	7.797275	-10.468867	14.280806	3.279254	-1.199147	-1.970610	-0.662384	-0.065277	0.746315	0.136904	-0.989969	0.034920	0.736549	0.125304	0.664676
58987	2.117979	-3.259969	18.414866	3.087073	0.330634	-0.720737	-0.666057	-0.058655	0.743591	0.154464	-0.986140	0.060571	0.729732	0.155202	0.665886
58988	-11.952128	-2.064999	15.536586	1.309349	0.497478	-0.108502	-0.669826	-0.058340	0.740223	0.163225	-0.984092	0.070141	0.724355	0.167806	0.668693
58989	-9.643200	-4.838321	14.379996	-0.939698	0.253966	0.020589	-0.671938	-0.059067	0.738248	0.156232	-0.985688	0.063335	0.723941	0.157895	0.671550
58990	-6.412107	-7.343763	11.818061	-0.494835	0.830516	0.268343	-0.677494	-0.062953	0.732829	0.154437	-0.986296	0.058049	0.719132	0.152504	0.677932
58991	-6.752012	-3.691311	13.715550	0.999278	1.486732	0.545859	-0.687796	-0.070954	0.722428	0.164998	-0.984443	0.060400	0.706903	0.160742	0.688803
58992	-6.679367	-0.592035	14.573421	0.453756	1.817538	0.760941	-0.699219	-0.081341	0.710265	0.173416	-0.983132	0.058129	0.693556	0.163816	0.701530
58993	-6.293744	-0.316697	13.607408	-0.443026	1.963429	0.910350	-0.711929	-0.093842	0.695953	0.176486	-0.983133	0.047972	0.679713	0.156979	0.716483
58994	-4.864511	-1.078047	12.651754	-0.538629	2.082430	1.056203	-0.724041	-0.107368	0.681350	0.180406	-0.982903	0.036823	0.665747	0.149581	0.731031
58995	-3.754402	-1.127744	12.273851	-0.406028	2.130162	1.161539	-0.736488	-0.122034	0.665352	0.185775	-0.982262	0.025477	0.650441	0.142369	0.746095
58996	-1.881712	-1.182031	12.839343	-0.270444	2.133238	1.224131	-0.747871	-0.136982	0.649558	0.193080	-0.981062	0.015412	0.635145	0.136943	0.760156
58997	0.714648	-0.523588	13.073195	-0.093136	2.227916	1.316039	-0.759695	-0.152910	0.632046	0.201940	-0.979381	0.005785	0.618129	0.132030	0.774910
58998	2.758381	-0.120919	13.385576	-0.193731	2.274845	1.427189	-0.770604	-0.169765	0.614288	0.211636	-0.977338	-0.004607	0.601149	0.126455	0.789069
58999	4.294957	-0.536031	13.155704	-0.399082	2.318705	1.509702	-0.781555	-0.187323	0.595048	0.220510	-0.975230	-0.017381	0.583565	0.117630	0.803502
59000	6.255861	-0.927944	12.782514	-0.475284	2.322207	1.614973	-0.791260	-0.205629	0.575869	0.230433	-0.972605	-0.030673	0.566400	0.108429	0.816967
59001	8.164340	-1.161111	12.460772	-0.526943	2.315024	1.747152	-0.800527	-0.224931	0.555484	0.240934	-0.969481	-0.045351	0.548733	0.097531	0.830289
59002	10.369899	-1.692255	12.420417	-0.671976	2.314761	1.909292	-0.808317	-0.245477	0.535130	0.252617	-0.965618	-0.061373	0.531797	0.085574	0.842538
59003	12.340922	-2.674806	11.734240	-0.650741	2.379385	2.101303	-0.815768	-0.267513	0.512795	0.265836	-0.960830	-0.078344	0.513666	0.072409	0.854929
59004	13.557991	-2.944324	10.604536	-0.205324	2.501682	2.310073	-0.822022	-0.291291	0.489315	0.283673	-0.954528	-0.091680	0.493771	0.063442	0.867275
59005	13.258455	-1.326826	9.767429	0.429801	2.597473	2.446051	-0.827770	-0.316016	0.463606	0.305504	-0.946926	-0.099993	0.470600	0.058862	0.880381
59006	11.937608	0.312209	8.945242	0.705634	2.585629	2.329480	-0.832255	-0.339436	0.438331	0.328030	-0.938899	-0.104239	0.446931	0.057032	0.892749
59007	11.311104	1.614190	7.984264	0.843639	2.455250	2.036205	-0.836442	-0.359710	0.413490	0.348301	-0.931405	-0.105692	0.423145	0.055613	0.904354
59008	11.794500	2.267665	8.050638	0.740630	2.270255	1.674078	-0.839835	-0.376449	0.391105	0.365339	-0.924855	-0.105693	0.401503	0.054121	0.914257
59009	14.423614	2.300845	7.862157	0.370856	2.224571	1.425691	-0.843584	-0.390566	0.368543	0.378441	-0.919303	-0.107998	0.380983	0.048367	0.923316
59010	16.287849	1.288095	6.908233	0.056993	2.288694	1.303830	-0.847082	-0.403483	0.345910	0.389627	-0.914121	-0.112131	0.361447	0.039792	0.931543
59011	15.397676	0.163420	4.161065	0.061595	2.388542	1.216346	-0.850953	-0.415232	0.321653	0.399873	-0.909219	-0.115852	0.340559	0.030036	0.939743
59012	13.663362	0.680274	1.198816	0.470454	2.291272	1.050404	-0.854267	-0.425342	0.298852	0.410333	-0.904697	-0.114679	0.319148	0.024662	0.947384
59013	12.472342	2.643186	-1.280883	0.795225	1.959382	0.828949	-0.857113	-0.433120	0.278861	0.419625	-0.901043	-0.109711	0.298783	0.022982	0.954044
59014	12.768449	5.350350	-2.449051	0.706469	1.361218	0.513788	-0.858921	-0.438016	0.265323	0.426044	-0.898663	-0.104363	0.284149	0.023400	0.958495
59015	15.112821	8.061188	-2.306434	-0.018077	0.732976	0.203627	-0.860290	-0.439853	0.257742	0.427540	-0.897854	-0.105206	0.277690	0.019688	0.960469
59016	16.662807	7.422914	-3.022012	-1.263806	0.237309	0.000257	-0.860965	-0.439844	0.255493	0.423963	-0.898045	-0.117351	0.281061	0.007284	0.959662
59017	16.362039	3.915352	-4.210772	-1.621416	-0.135486	-0.245005	-0.861720	-0.437544	0.256894	0.417116	-0.899171	-0.132309	0.288882	-0.006858	0.957340
59018	15.262726	1.056403	-4.707633	-1.324222	-0.445411	-0.661992	-0.863154	-0.431592	0.262095	0.407471	-0.901911	-0.143260	0.298216	-0.016860	0.954350
59019	12.919476	-0.916423	-3.626832	-0.468236	-0.748612	-1.087214	-0.865317	-0.421830	0.270712	0.396597	-0.906497	-0.144825	0.306491	-0.017956	0.951704
59020	13.881163	-1.793663	-6.526726	0.259224	-1.969066	-1.689777	-0.865720	-0.406659	0.291819	0.382736	-0.913550	-0.137622	0.322556	-0.007452	0.946521
59021	-5.952583	0.155551	5.518583	2.052417	-1.912895	-1.400413	-0.864804	-0.393672	0.311667	0.377286	-0.919054	-0.113992	0.331314	0.019007	0.943329
59022	13.019098	1.631486	20.516900	-0.151311	-3.023919	-0.674953	-0.856916	-0.386682	0.340839	0.370904	-0.921744	-0.113217	0.357945	0.029401	0.933280
59023	11.627022	-9.358053	16.916328	-4.496664	-3.235684	-0.266653	-0.845600	-0.383700	0.371126	0.351519	-0.923458	-0.153819	0.401739	0.000388	0.915754
59024	10.895348	-14.050940	1.220097	0.885195	-2.275389	-0.012144	-0.836326	-0.383342	0.391928	0.354993	-0.923445	-0.145703	0.417778	0.017277	0.908385
59025	10.355487	2.469175	9.077726	4.677209	-2.396804	0.539183	-0.824306	-0.387218	0.413016	0.379005	-0.919360	-0.105510	0.420566	0.069562	0.904591
59026	10.357457	9.387263	17.297920	1.238887	-2.608340	0.515798	-0.811147	-0.389812	0.435991	0.388486	-0.916382	-0.096556	0.437172	0.091056	0.894756
59027	13.919963	3.625091	13.332075	-1.894884	-3.003810	-0.173143	-0.798185	-0.385534	0.462887	0.378490	-0.918737	-0.112555	0.468665	0.085359	0.879242
59028	10.660110	1.733449	9.074313	0.491549	-1.671183	-0.476429	-0.792062	-0.379590	0.478068	0.376983	-0.920134	-0.106008	0.480126	0.096259	0.871902
59029	2.055907	1.178799	9.488030	0.972536	-1.819736	-0.174711	-0.783839	-0.376051	0.494148	0.380348	-0.919781	-0.096636	0.490848	0.112201	0.863990
59030	5.786101	-3.235703	10.155722	-1.394495	-2.391734	-0.139518	-0.772343	-0.372082	0.514821	0.372201	-0.921861	-0.107884	0.514735	0.108294	0.850482
59031	7.223321	-8.633643	5.554026	-0.507420	-1.861516	-0.184159	-0.763246	-0.368305	0.530855	0.368150	-0.923101	-0.111128	0.530962	0.110616	0.840145
59032	7.204160	-1.990230	7.827006	2.183040	-1.365893	-0.148190	-0.756535	-0.365208	0.542473	0.378591	-0.920976	-0.092042	0.533219	0.135742	0.835016
59033	6.439137	2.769933	10.808253	1.072085	-1.281927	-0.163443	-0.750236	-0.361825	0.553379	0.383103	-0.920043	-0.082180	0.538867	0.150347	0.828865
59034	9.351258	-2.144829	10.554340	-0.694544	-1.492345	-0.239358	-0.743006	-0.357336	0.565909	0.377476	-0.921965	-0.086559	0.552679	0.149304	0.819911
59035	10.863379	-2.714968	6.694029	0.248270	-0.264842	-0.154520	-0.742069	-0.355465	0.568312	0.377710	-0.922143	-0.083586	0.553777	0.152630	0.818556
59036	7.211809	2.510124	10.455051	1.538817	-0.551683	-0.034445	-0.739154	-0.354213	0.572874	0.385914	-0.919814	-0.070801	0.552016	0.168747	0.816580
59037	5.113182	-0.021688	8.686926	-0.493130	-0.481961	-0.037065	-0.736556	-0.353018	0.576943	0.382925	-0.920768	-0.074533	0.557542	0.166028	0.813377
59038	7.097318	-1.867144	7.744581	0.214905	-0.405060	-0.026569	-0.734400	-0.352045	0.580277	0.383882	-0.920522	-0.072626	0.559725	0.169421	0.811175
59039	5.621165	0.803915	9.203140	0.395068	-0.328726	0.004442	-0.732474	-0.351473	0.583050	0.386147	-0.919825	-0.069378	0.560689	0.174325	0.809468
59040	6.597359	-0.739954	8.151357	-0.151292	-0.380960	0.017751	-0.730267	-0.350924	0.586142	0.385377	-0.920047	-0.070696	0.564087	0.174259	0.807118
59041	6.576574	-0.786249	8.281094	0.142337	-0.292485	0.020247	-0.728470	-0.350548	0.588597	0.386353	-0.919722	-0.069589	0.565740	0.176713	0.805426
59042	6.370914	-1.051432	8.140839	-0.033153	-0.250709	-0.000609	-0.727056	-0.350050	0.590639	0.386113	-0.919804	-0.069843	0.567721	0.177273	0.803907
59043	6.315020	-1.152993	7.912908	0.121526	-0.190481	-0.018387	-0.725977	-0.349493	0.592294	0.386693	-0.919647	-0.068682	0.568705	0.179175	0.802789
59044	5.988331	-0.831788	8.133841	0.083979	-0.185566	-0.026617	-0.725027	-0.348865	0.593825	0.386930	-0.919610	-0.067840	0.569755	0.180583	0.801729
59045	6.089222	-0.930558	8.016207	0.108820	-0.198039	-0.029728	-0.723946	-0.348184	0.595542	0.387358	-0.919512	-0.066718	0.570838	0.182388	0.800549
59046	6.186794	-0.738105	8.187956	0.129862	-0.188778	-0.033812	-0.723002	-0.347478	0.597099	0.387807	-0.919413	-0.065467	0.571728	0.184226	0.799492
59047	6.250404	-0.497569	8.136414	0.157611	-0.177939	-0.033175	-0.722046	-0.346794	0.598651	0.388490	-0.919232	-0.063937	0.572472	0.186404	0.798454
59048	6.105744	-0.303977	8.234650	0.129769	-0.183347	-0.022744	-0.721088	-0.346193	0.600152	0.389022	-0.919088	-0.062755	0.573318	0.188221	0.797420
59049	6.189786	-0.380513	8.203228	0.092852	-0.203890	-0.004448	-0.719869	-0.345717	0.601887	0.389546	-0.918923	-0.061915	0.574493	0.189892	0.796177
59050	6.260088	-0.493247	8.203930	0.069300	-0.206093	0.004419	-0.718670	-0.345316	0.603548	0.389929	-0.918797	-0.061379	0.575733	0.191230	0.794961
59051	6.312909	-0.759865	7.974001	0.073034	-0.196439	0.003929	-0.717456	-0.344926	0.605213	0.390403	-0.918638	-0.060748	0.576925	0.192693	0.793743
59052	6.288267	-0.603748	7.985471	0.097156	-0.180077	0.001374	-0.716415	-0.344541	0.606664	0.390926	-0.918466	-0.059974	0.577864	0.194195	0.792693
59053	6.149672	-0.699653	7.987314	0.063273	-0.178351	0.002576	-0.715307	-0.344168	0.608181	0.391335	-0.918328	-0.059414	0.578958	0.195503	0.791572
59054	6.291244	-0.824398	7.903712	0.082678	-0.167950	0.000345	-0.714336	-0.343793	0.609533	0.391770	-0.918186	-0.058751	0.579863	0.196829	0.790580
59055	6.185032	-0.728093	7.965910	0.094990	-0.168904	-0.007473	-0.713320	-0.343341	0.610977	0.392291	-0.918018	-0.057882	0.580761	0.198392	0.789530
59056	6.374277	-0.682077	7.854135	0.092253	-0.159480	-0.012079	-0.712443	-0.342863	0.612266	0.392694	-0.917897	-0.057068	0.581563	0.199775	0.788590
59057	6.353942	-0.509992	7.919823	0.110280	-0.144118	-0.005528	-0.711561	-0.342474	0.613508	0.393319	-0.917689	-0.056094	0.582220	0.201390	0.787694
59058	6.262569	-0.083226	8.097985	0.092886	-0.143975	0.018607	-0.710652	-0.342305	0.614655	0.393946	-0.917459	-0.055465	0.582906	0.202725	0.786844
59059	6.190594	-0.272236	8.082037	-0.051417	-0.180316	0.041775	-0.709370	-0.342272	0.616152	0.393967	-0.917414	-0.056053	0.584452	0.202981	0.785630
59060	6.280629	0.068504	8.046694	0.015522	-0.195637	0.074781	-0.707934	-0.342511	0.617669	0.394542	-0.917147	-0.056380	0.585804	0.203783	0.784414
59061	6.421345	0.203555	8.193165	-0.185984	-0.217772	0.106466	-0.706171	-0.342995	0.619417	0.394229	-0.917153	-0.058419	0.588138	0.202939	0.782886
59062	6.532168	-0.311751	7.989034	-0.209118	-0.193166	0.120454	-0.704561	-0.343660	0.620880	0.393801	-0.917183	-0.060789	0.590352	0.201674	0.781545
59063	6.038860	0.105802	8.378243	-0.305145	-0.218219	0.141120	-0.702649	-0.344466	0.622598	0.393018	-0.917303	-0.063968	0.593145	0.199746	0.779923
59064	6.307432	-0.443767	8.216997	-0.511842	-0.292935	0.145199	-0.700338	-0.345170	0.624807	0.390945	-0.917836	-0.068846	0.597234	0.196049	0.777738
59065	6.421887	-1.209368	7.883528	-0.546487	-0.299177	0.123140	-0.698000	-0.345669	0.627143	0.388562	-0.918464	-0.073777	0.601510	0.192188	0.775402
59066	6.443662	-1.035408	8.008983	-0.474017	-0.269077	0.103083	-0.695979	-0.346055	0.629173	0.386375	-0.919031	-0.078081	0.605250	0.188754	0.773334
59067	6.171967	-1.531209	7.880076	-0.538406	-0.281854	0.069061	-0.693938	-0.346113	0.631393	0.383614	-0.919793	-0.082592	0.609337	0.184897	0.771053
59068	6.309623	-1.482778	7.770855	-0.288316	-0.317393	0.039197	-0.691850	-0.345841	0.633828	0.382079	-0.920208	-0.085046	0.612666	0.183333	0.768784
59069	6.382665	-1.227480	7.799353	-0.289044	-0.266809	-0.008193	-0.690180	-0.345228	0.635980	0.380270	-0.920762	-0.087138	0.615668	0.181703	0.766770
59070	6.324215	-1.079945	7.844016	-0.247244	-0.291595	-0.031682	-0.688501	-0.344359	0.638265	0.378480	-0.921338	-0.088814	0.618643	0.180422	0.764676
59071	6.321649	-1.164967	7.887597	-0.269394	-0.309989	-0.051570	-0.686712	-0.343276	0.640772	0.376476	-0.921999	-0.090469	0.621847	0.179109	0.762382
59072	6.323941	-1.195117	7.984634	-0.236524	-0.357987	-0.076038	-0.684765	-0.341887	0.643591	0.374434	-0.922701	-0.091765	0.625216	0.178145	0.759848
59073	6.210667	-1.210748	8.188587	-0.224226	-0.413506	-0.103587	-0.682499	-0.340144	0.646913	0.372338	-0.923453	-0.092727	0.628935	0.177584	0.756905
59074	6.245289	-1.073997	8.273233	-0.213604	-0.494894	-0.122390	-0.679831	-0.338086	0.650790	0.370112	-0.924267	-0.093530	0.633125	0.177280	0.753475
59075	6.253040	-1.046272	8.224866	-0.214382	-0.579373	-0.139804	-0.676608	-0.335715	0.655361	0.367816	-0.925119	-0.094160	0.637898	0.177343	0.749424
59076	6.421845	-0.860696	8.210150	-0.168427	-0.658056	-0.145102	-0.672925	-0.333154	0.660439	0.365714	-0.925923	-0.094447	0.642982	0.177976	0.744916
59077	6.653919	-0.489247	8.218505	-0.098721	-0.724905	-0.128458	-0.668659	-0.330616	0.666024	0.364228	-0.926527	-0.094261	0.648253	0.179556	0.739951
59078	6.736949	-0.372651	8.593200	-0.193583	-0.773893	-0.102941	-0.663993	-0.328220	0.671852	0.362238	-0.927234	-0.094982	0.654139	0.180303	0.734570
59079	6.721550	-0.411106	9.028737	-0.307683	-0.859616	-0.080619	-0.658579	-0.325868	0.678295	0.359697	-0.928054	-0.096616	0.660978	0.180351	0.728410
59080	6.363955	-0.513033	9.137312	-0.423216	-0.996573	-0.046493	-0.652116	-0.323594	0.685589	0.356534	-0.928985	-0.099349	0.669050	0.179649	0.721178
59081	6.434756	-0.615487	9.427860	-0.512867	-1.190709	-0.002212	-0.644052	-0.321383	0.694197	0.353080	-0.929913	-0.102934	0.678624	0.178813	0.712387
59082	5.666456	-1.376166	9.613773	-0.637717	-1.496365	-0.003413	-0.633818	-0.318636	0.704802	0.348650	-0.931079	-0.107398	0.690448	0.177658	0.701227
59083	5.085101	-2.293084	9.600550	-0.609677	-1.971175	-0.079287	-0.620300	-0.314331	0.718627	0.343911	-0.932420	-0.110990	0.704949	0.178296	0.686481
59084	4.497239	-2.168659	9.460513	-0.233128	-2.486288	-0.168136	-0.603145	-0.308211	0.735678	0.341178	-0.933383	-0.111325	0.720981	0.183852	0.668120
59085	3.572628	-1.231110	10.344950	-0.214500	-3.158645	-0.240514	-0.580856	-0.299978	0.756717	0.338182	-0.934526	-0.110876	0.740432	0.191505	0.644272
59086	2.223877	-1.810075	10.133502	-0.682457	-4.083562	-0.445362	-0.551580	-0.287824	0.782890	0.330479	-0.937179	-0.111711	0.765861	0.197111	0.612049
59087	0.015999	-1.630039	9.872863	-0.253642	-5.194772	-0.677290	-0.513268	-0.270854	0.814368	0.324872	-0.939600	-0.107750	0.794364	0.209261	0.570259
59088	3.017685	-0.749574	10.396018	-0.567628	-6.465445	-0.891694	-0.463659	-0.248502	0.850451	0.315871	-0.943153	-0.103379	0.827796	0.220701	0.515796
59089	8.584537	-2.148001	9.441691	-0.750284	-6.810754	-0.878969	-0.408934	-0.224800	0.884442	0.305663	-0.946941	-0.099358	0.859851	0.229710	0.455950
59090	9.140928	0.720415	10.679550	-0.307709	-7.007147	-1.062229	-0.350893	-0.198151	0.915211	0.298902	-0.949929	-0.091068	0.887430	0.241603	0.392551
59091	13.258903	-0.802207	10.296528	-1.240753	-7.680137	-1.068138	-0.284800	-0.169280	0.943522	0.284273	-0.954922	-0.085518	0.915466	0.243862	0.320083
59092	21.189511	-2.162731	10.019713	-0.781674	-7.744978	-0.846132	-0.215379	-0.142057	0.966143	0.274882	-0.958177	-0.079607	0.937044	0.248430	0.245420
59093	17.718454	-2.593291	11.042613	-0.599293	-7.638492	-0.794579	-0.145412	-0.115260	0.982634	0.267738	-0.960717	-0.073068	0.952456	0.252463	0.170560
59094	17.776289	-4.391183	12.315811	-0.425959	-7.344051	-0.770418	-0.077120	-0.089121	0.993031	0.262778	-0.962597	-0.065982	0.961769	0.255858	0.097654
59095	15.244753	-3.821033	14.925768	-0.288497	-6.927270	-0.855892	-0.012684	-0.063069	0.997929	0.259537	-0.964012	-0.057627	0.965650	0.258268	0.028597
59096	14.594210	-3.517991	16.091925	-0.638621	-6.384458	-1.017455	0.046411	-0.036795	0.998245	0.253520	-0.966168	-0.047399	0.966216	0.255275	-0.035512
59097	10.157396	-1.051836	16.282947	-0.661818	-4.889626	-1.187247	0.090474	-0.013038	0.995814	0.247814	-0.968168	-0.035191	0.964574	0.249960	-0.084363
59098	-9.790049	0.207983	16.277064	-0.953268	-2.457336	-1.393162	0.110793	0.006550	0.993822	0.240007	-0.970558	-0.020359	0.964428	0.240780	-0.109103
59099	-31.073307	-5.999895	-5.313828	-2.236177	-6.260017	-2.333960	0.165463	0.043473	0.985257	0.221524	-0.975138	0.005824	0.961015	0.217294	-0.170979
59100	55.521129	0.394846	26.010728	-4.634492	-5.436608	-1.668930	0.214368	0.070373	0.974214	0.180150	-0.983139	0.031376	0.959996	0.168779	-0.223432
59101	40.888945	-20.554289	21.258846	-7.058659	-0.366490	-0.515671	0.216883	0.075749	0.973254	0.112893	-0.992242	0.052070	0.969648	0.098581	-0.223752
59102	19.113655	-30.876130	10.243378	1.044186	2.249245	0.603363	0.195762	0.067462	0.978328	0.121782	-0.991581	0.044008	0.973060	0.110527	-0.202330
59103	-2.680446	-8.573084	14.131112	3.979412	3.511578	0.659527	0.162152	0.055833	0.985185	0.158852	-0.986853	0.029782	0.973896	0.151669	-0.168889
59104	-7.456504	-4.903280	11.820449	2.184292	3.475746	0.144535	0.128536	0.048782	0.990504	0.179918	-0.983362	0.025083	0.975248	0.174986	-0.135174
59105	1.640184	-1.965882	9.522123	2.830528	3.635251	-0.105317	0.092495	0.042384	0.994811	0.207063	-0.978071	0.022419	0.973945	0.203915	-0.099242
59106	6.850724	4.106393	11.572913	3.617653	4.521406	0.014607	0.048605	0.032237	0.998298	0.242189	-0.970033	0.019533	0.969011	0.240827	-0.054956
59107	4.382602	8.009090	15.033949	0.931833	5.220423	0.026005	-0.002368	0.018650	0.999823	0.250640	-0.967901	0.018648	0.968078	0.250640	-0.002382
59108	4.668108	2.410405	12.280488	-2.151768	5.386705	-0.267533	-0.055258	0.008339	0.998437	0.229662	-0.973047	0.020837	0.971701	0.230455	0.051853
59109	4.944667	-1.269434	9.441096	-1.775534	6.137613	-0.463185	-0.116432	-0.001174	0.993198	0.211448	-0.977104	0.023633	0.970429	0.212761	0.114014
59110	5.003850	-0.310058	9.416876	-0.640806	6.666452	-0.648347	-0.182197	-0.008747	0.983223	0.204254	-0.978484	0.029144	0.961813	0.206137	0.180063
59111	5.460389	1.478361	9.296733	-0.974424	6.879644	-0.671259	-0.249843	-0.016331	0.968149	0.192884	-0.980659	0.033235	0.948881	0.195044	0.248160
59112	4.511249	0.354444	7.428862	-1.700013	6.845466	-0.455737	-0.315097	-0.024536	0.948742	0.175557	-0.983921	0.032860	0.932681	0.176913	0.314338
59113	3.534536	-1.411363	6.157666	-1.687507	6.613839	-0.125193	-0.376920	-0.034628	0.925598	0.158929	-0.986899	0.027797	0.912509	0.157582	0.377486
59114	3.716353	-2.166579	5.674332	-1.162769	6.281146	0.254159	-0.433108	-0.046547	0.900139	0.149437	-0.988553	0.020784	0.888868	0.143516	0.435106
59115	4.438835	-1.194582	6.773338	-0.541875	5.951065	0.622954	-0.484869	-0.061147	0.872447	0.146914	-0.989072	0.012328	0.862159	0.134152	0.488554
59116	5.711644	-0.016621	8.352797	-0.504759	5.641497	0.959692	-0.531309	-0.077907	0.843589	0.147458	-0.989067	0.001530	0.834246	0.125207	0.536988
59117	6.868523	0.050403	9.781796	-0.654811	5.475032	1.208316	-0.574961	-0.096473	0.812473	0.148141	-0.988886	-0.012585	0.804658	0.113125	0.582862
59118	7.948545	-0.098356	10.878287	-0.664952	5.391754	1.344664	-0.615499	-0.115486	0.779631	0.150844	-0.988181	-0.027290	0.773568	0.100805	0.625644
59119	8.869244	-0.136349	12.047798	-0.669213	5.394375	1.368568	-0.654800	-0.134062	0.743817	0.153854	-0.987180	-0.042483	0.739977	0.086621	0.667031
59120	9.473839	-0.116027	12.600530	-0.664240	5.406561	1.293480	-0.691839	-0.151072	0.706071	0.157709	-0.985873	-0.056410	0.704618	0.072327	0.705891
59121	9.951071	-0.392230	13.229209	-0.672049	5.347840	1.154915	-0.727224	-0.165808	0.666072	0.160697	-0.984544	-0.069637	0.667324	0.056394	0.742629
59122	11.114465	-1.549260	13.674944	-0.873342	5.234067	1.052376	-0.759472	-0.178605	0.625541	0.162796	-0.983157	-0.083060	0.629840	0.038754	0.775757
59123	13.711689	-2.614492	12.032034	-0.785140	5.009932	1.273409	-0.788475	-0.192440	0.584186	0.167283	-0.981086	-0.097403	0.591881	0.020924	0.805754
59124	15.898317	-0.969886	9.625723	0.205844	4.742556	1.762778	-0.812557	-0.210469	0.543557	0.182515	-0.977509	-0.105659	0.553569	0.013354	0.832696
59125	13.849867	0.709668	9.299683	0.352653	4.328292	1.948490	-0.832446	-0.229670	0.504268	0.199885	-0.973247	-0.113298	0.516798	0.006481	0.856083
59126	14.140627	0.270937	7.922156	0.132939	3.590893	1.942336	-0.846414	-0.248583	0.470946	0.216797	-0.968610	-0.121627	0.486397	-0.000847	0.873737
59127	16.922610	0.044877	8.798769	0.473494	2.994570	2.003439	-0.856445	-0.267583	0.441475	0.235596	-0.963523	-0.126955	0.459343	-0.004720	0.888247
59128	22.916117	0.430635	9.483037	0.489159	2.760113	2.142572	-0.863517	-0.287945	0.414036	0.256149	-0.957616	-0.131757	0.434426	-0.007720	0.900675
59129	26.154687	-0.605162	8.575316	0.268862	2.803556	2.233438	-0.869746	-0.308676	0.385046	0.276201	-0.951062	-0.138543	0.408968	-0.014147	0.912439
59130	27.396975	-1.915051	6.136354	0.480241	3.055713	2.243463	-0.875387	-0.329376	0.353850	0.297616	-0.944000	-0.142438	0.380950	-0.019377	0.924393
59131	27.991856	0.160597	2.632188	1.185768	3.352533	2.189445	-0.881111	-0.349037	0.319087	0.320794	-0.936893	-0.139006	0.347468	-0.020119	0.937476
59132	28.987368	4.258044	-1.938902	1.601804	3.596478	2.009424	-0.886277	-0.367062	0.282452	0.343765	-0.930021	-0.129950	0.310386	-0.018075	0.950439
59133	26.705592	7.678794	-7.089351	0.983740	3.523389	1.660269	-0.890941	-0.381516	0.246311	0.361125	-0.924088	-0.125097	0.275340	-0.022505	0.961083
59134	23.626338	9.161865	-12.868273	0.239356	2.795567	1.247045	-0.893717	-0.392213	0.217805	0.372825	-0.919347	-0.125710	0.249544	-0.031146	0.967863
59135	22.570518	8.252463	-15.674059	-0.370061	1.500994	0.583976	-0.895284	-0.396908	0.202311	0.377009	-0.916958	-0.130580	0.237339	-0.040633	0.970577
59136	22.393329	4.264980	-15.920033	-0.459138	0.422887	-0.051575	-0.896493	-0.396204	0.198298	0.375406	-0.916982	-0.134963	0.235308	-0.046551	0.970805
59137	22.367354	1.846080	-12.199928	0.506833	-0.308595	-0.695839	-0.898390	-0.389911	0.202151	0.370326	-0.919953	-0.128630	0.236124	-0.040698	0.970870
59138	17.368060	1.705546	-5.038928	1.115029	-1.237674	-1.326333	-0.900289	-0.378036	0.215799	0.361013	-0.925434	-0.115068	0.243207	-0.025689	0.969634
59139	24.736824	11.895164	-7.214995	1.971225	-1.615814	-1.732283	-0.902439	-0.362185	0.233294	0.350303	-0.932105	-0.092016	0.250781	-0.001315	0.968043
59140	-19.717955	-4.406982	13.665739	-5.066627	-2.859102	-1.976409	-0.901280	-0.344220	0.263070	0.318621	-0.938093	-0.135872	0.293554	-0.038639	0.955161
59141	17.201476	-27.680124	12.835371	-6.774889	-5.206566	-1.611887	-0.889051	-0.332327	0.314876	0.282084	-0.939370	-0.194970	0.360579	-0.084517	0.928892
59142	28.201430	-16.985688	5.654264	4.440089	-2.636809	-0.108295	-0.879726	-0.332823	0.339576	0.297312	-0.942376	-0.153403	0.371064	-0.033993	0.927985
59143	12.237790	2.848533	12.649960	3.591212	-2.614516	1.412224	-0.865456	-0.346402	0.361926	0.323133	-0.938046	-0.125119	0.382845	0.008666	0.923772
59144	1.803243	4.257656	13.255975	0.358159	-3.858942	1.186340	-0.846174	-0.356798	0.395835	0.334655	-0.933832	-0.126348	0.414724	0.025556	0.909588
59145	19.824588	6.974227	13.050859	0.529281	-3.997293	-0.331835	-0.830013	-0.352279	0.432409	0.334158	-0.934825	-0.120172	0.446561	0.044748	0.893633
59146	11.860838	9.717933	13.314737	2.025309	-1.910239	-0.535457	-0.823208	-0.346122	0.450031	0.338806	-0.935550	-0.099785	0.455564	0.070329	0.887420
59147	4.134629	1.758824	11.277014	-1.596077	-3.127514	-0.227531	-0.809126	-0.341878	0.477948	0.329540	-0.937398	-0.112640	0.486537	0.066363	0.871136
59148	9.492434	-12.635756	6.314185	-3.292598	-3.037935	-0.281453	-0.794722	-0.337482	0.504503	0.310623	-0.940220	-0.139640	0.521470	0.045736	0.852043
59149	8.285956	-9.751389	4.799484	3.019510	-1.657127	-0.074771	-0.786179	-0.335740	0.518847	0.325911	-0.938563	-0.113498	0.525076	0.079868	0.847299
59150	6.856220	5.406499	12.338821	3.922590	-1.173194	-0.098835	-0.780381	-0.333588	0.528889	0.345598	-0.934984	-0.079792	0.521121	0.120515	0.844931
59151	11.194277	3.293620	14.255655	-1.479654	-1.925557	-0.314427	-0.771111	-0.328386	0.545482	0.335377	-0.937734	-0.090425	0.541212	0.113214	0.833230
59152	9.380954	-5.201088	5.371341	-1.277302	-0.502681	-0.148586	-0.768870	-0.326398	0.549821	0.327207	-0.939622	-0.100233	0.549340	0.102839	0.829246
59153	6.700680	-0.397825	8.440316	2.102276	-0.468408	-0.040731	-0.766315	-0.325475	0.553920	0.338497	-0.937346	-0.082480	0.546059	0.124294	0.828475
59154	5.740074	2.560177	10.248632	0.313303	-0.397899	-0.037634	-0.764274	-0.324569	0.557261	0.339862	-0.937094	-0.079682	0.548068	0.128493	0.826505
59155	6.889291	-0.986635	8.212166	-0.488222	-0.546729	0.006148	-0.761112	-0.323925	0.561944	0.337323	-0.937667	-0.083626	0.554005	0.125907	0.822937
59156	5.718300	-0.649674	8.282860	0.331957	-0.357773	0.047048	-0.758976	-0.323857	0.564865	0.339462	-0.937112	-0.081165	0.555627	0.130148	0.821182
59157	6.021402	-0.106254	8.872917	-0.129233	-0.430212	0.074086	-0.756195	-0.323982	0.568510	0.339407	-0.937012	-0.082527	0.559439	0.130550	0.818526
59158	6.377353	-0.693284	8.174768	-0.026964	-0.365629	0.087348	-0.753855	-0.324271	0.571446	0.339855	-0.936786	-0.083247	0.562317	0.131453	0.816407
59159	6.128282	-0.540432	8.431231	-0.120600	-0.333361	0.088135	-0.751545	-0.324649	0.574268	0.339946	-0.936631	-0.084615	0.565347	0.131628	0.814283
59160	6.292532	-1.108710	8.092179	-0.103596	-0.320340	0.078832	-0.749468	-0.324915	0.576825	0.339891	-0.936533	-0.085912	0.568130	0.131669	0.812337
59161	6.188048	-0.856495	8.263687	-0.014488	-0.269982	0.061247	-0.747591	-0.325120	0.579142	0.340373	-0.936325	-0.086263	0.570311	0.132635	0.810650
59162	6.191282	-1.152998	8.221936	-0.032764	-0.257660	0.043000	-0.745979	-0.325130	0.581210	0.340448	-0.936250	-0.086778	0.572373	0.133137	0.809113
59163	6.291256	-1.333733	7.969522	0.080309	-0.214674	0.011900	-0.744576	-0.324941	0.583113	0.341102	-0.936077	-0.086079	0.573809	0.134809	0.807818
59164	6.138690	-1.222624	8.031586	0.133455	-0.176027	-0.013177	-0.743617	-0.324529	0.584564	0.341711	-0.935960	-0.084924	0.574689	0.136601	0.806891
