// General information: 
//  MT Manager version: 2022.2.0 
//  XDA version: 2022.2.0 build 7381 rev 124627 built on 2023-07-19
// Device information: 
//  DeviceId: 00B4CBA7
//  ProductCode: MTW2-3A7G6
//  Firmware Version: 4.6.0
//  Hardware Version: 2.0.0
// Device settings: 
//  Filter Profile: human(46.1)
//  Option Flags: Orientation Smoother Disabled, Position/Velocity Smoother Disabled, Continuous Zero Rotation Update Disabled, AHS Disabled, ICC Disabled
// Coordinate system: ENU
PacketCounter	Acc_X	Acc_Y	Acc_Z	Gyr_X	Gyr_Y	Gyr_Z	Mat[1][1]	Mat[2][1]	Mat[3][1]	Mat[1][2]	Mat[2][2]	Mat[3][2]	Mat[1][3]	Mat[2][3]	Mat[3][3]
50658	9.650860	0.154279	-1.294539	-0.009066	0.005056	0.005483	-0.085639	-0.112855	0.989914	-0.735077	0.677845	0.013685	-0.672553	-0.726491	-0.141007
50659	9.645457	0.206658	-1.307411	-0.010141	-0.001215	0.004224	-0.085506	-0.112863	0.989925	-0.734904	0.678030	0.013825	-0.672759	-0.726318	-0.140919
50660	9.697761	0.197086	-1.320140	-0.005525	0.002607	0.007819	-0.085509	-0.112809	0.989930	-0.734859	0.678079	0.013796	-0.672808	-0.726280	-0.140881
50661	9.740456	0.255449	-1.327417	-0.007036	0.000473	0.008474	-0.085524	-0.112725	0.989939	-0.734731	0.678219	0.013753	-0.672946	-0.726163	-0.140827
50662	9.731997	0.227159	-1.435341	-0.012233	0.002168	0.007430	-0.085527	-0.112677	0.989944	-0.734641	0.678317	0.013738	-0.673044	-0.726079	-0.140792
50663	9.728477	0.223459	-1.400816	-0.014076	0.004083	0.006581	-0.085345	-0.112569	0.989972	-0.734440	0.678532	0.013840	-0.673286	-0.725894	-0.140585
50664	9.680472	0.216654	-1.405954	-0.014222	0.005462	0.007219	-0.085323	-0.112499	0.989982	-0.734337	0.678644	0.013830	-0.673402	-0.725800	-0.140516
50665	9.716635	0.191485	-1.473315	-0.011595	0.012576	0.010605	-0.085314	-0.112430	0.989990	-0.734124	0.678874	0.013833	-0.673634	-0.725596	-0.140456
50666	9.659776	0.233724	-1.456483	-0.005033	0.014392	0.011634	-0.085265	-0.112266	0.990013	-0.734079	0.678924	0.013766	-0.673689	-0.725575	-0.140300
50667	9.684653	0.217094	-1.436541	-0.003336	0.013856	0.013121	-0.085329	-0.112174	0.990018	-0.734074	0.678932	0.013657	-0.673688	-0.725581	-0.140276
50668	9.672902	0.243320	-1.364040	-0.003586	0.015323	0.017177	-0.085314	-0.111965	0.990043	-0.734034	0.678978	0.013534	-0.673733	-0.725571	-0.140112
50669	9.653911	0.204660	-1.367934	-0.005471	0.018530	0.013548	-0.085188	-0.111692	0.990085	-0.733776	0.679257	0.013493	-0.674029	-0.725351	-0.139821
50670	9.655339	0.165945	-1.334817	-0.005266	0.015214	0.017078	-0.085172	-0.111485	0.990109	-0.733725	0.679315	0.013372	-0.674087	-0.725329	-0.139658
50671	9.676004	0.164238	-1.296241	-0.003736	0.016702	0.017815	-0.085142	-0.111189	0.990145	-0.733550	0.679507	0.013228	-0.674281	-0.725195	-0.139418
50672	9.676800	0.143739	-1.279054	0.006655	0.013305	0.019908	-0.085161	-0.110976	0.990168	-0.733577	0.679481	0.013063	-0.674250	-0.725252	-0.139275
50673	9.701018	0.145017	-1.275096	0.007070	0.009813	0.016603	-0.085110	-0.110757	0.990197	-0.733518	0.679547	0.012962	-0.674321	-0.725223	-0.139078
50674	9.644708	0.167827	-1.242825	0.011809	0.012897	0.018175	-0.085118	-0.110558	0.990218	-0.733580	0.679482	0.012807	-0.674251	-0.725314	-0.138940
50675	9.676753	0.156646	-1.291579	0.005322	0.008503	0.022700	-0.085175	-0.110130	0.990261	-0.733606	0.679460	0.012466	-0.674216	-0.725400	-0.138665
50676	9.676335	0.173227	-1.306580	0.005573	0.007036	0.018644	-0.085226	-0.109970	0.990274	-0.733626	0.679442	0.012314	-0.674188	-0.725441	-0.138583
50677	9.704717	0.158930	-1.321348	0.008635	0.010010	0.020118	-0.085213	-0.109703	0.990305	-0.733001	0.680116	0.012269	-0.674869	-0.724849	-0.138368
50678	9.680290	0.172366	-1.339036	0.005299	0.009149	0.021310	-0.085269	-0.109510	0.990322	-0.733017	0.680103	0.012091	-0.674845	-0.724891	-0.138264
50679	9.699761	0.207496	-1.332684	0.002089	0.007555	0.020473	-0.085352	-0.109384	0.990328	-0.732969	0.680157	0.011954	-0.674887	-0.724859	-0.138228
50680	9.633022	0.143504	-1.327393	-0.001429	0.009365	0.019523	-0.085394	-0.109202	0.990345	-0.732940	0.680190	0.011803	-0.674912	-0.724856	-0.138122
50681	9.656182	0.182123	-1.355032	-0.006623	0.011068	0.018474	-0.085464	-0.109048	0.990356	-0.733160	0.679957	0.011601	-0.674665	-0.725098	-0.138062
50682	9.653185	0.158283	-1.304309	-0.004568	0.005190	0.024245	-0.085569	-0.108864	0.990367	-0.733106	0.680018	0.011408	-0.674709	-0.725068	-0.137997
50683	9.681544	0.143846	-1.319168	-0.001432	0.009364	0.019523	-0.085485	-0.108731	0.990389	-0.732686	0.680470	0.011465	-0.675176	-0.724664	-0.137835
50684	9.685370	0.144912	-1.352448	-0.008359	0.009115	0.025960	-0.085575	-0.108507	0.990406	-0.732606	0.680560	0.011261	-0.675252	-0.724613	-0.137731
50685	9.681827	0.139497	-1.317562	-0.001110	0.005314	0.021026	-0.085655	-0.108203	0.990432	-0.732693	0.680471	0.010975	-0.675148	-0.724742	-0.137566
50686	9.709671	0.143572	-1.348236	0.003648	0.007746	0.023990	-0.085740	-0.108002	0.990446	-0.732695	0.680472	0.010774	-0.675135	-0.724771	-0.137476
50687	9.665404	0.138190	-1.387345	0.008532	0.009444	0.024926	-0.085817	-0.107826	0.990459	-0.732637	0.680536	0.010608	-0.675187	-0.724737	-0.137399
50688	9.685454	0.154325	-1.365073	0.006820	0.010629	0.022047	-0.085868	-0.107617	0.990477	-0.732662	0.680512	0.010422	-0.675154	-0.724791	-0.137281
50689	9.710183	0.136423	-1.345286	0.008207	0.013494	0.023422	-0.085982	-0.107432	0.990488	-0.732805	0.680363	0.010181	-0.674985	-0.724959	-0.137225
50690	9.710865	0.115354	-1.328277	0.004868	0.012637	0.024611	-0.086039	-0.107190	0.990509	-0.732815	0.680355	0.009972	-0.674967	-0.725001	-0.137088
50691	9.711054	0.112865	-1.327106	0.011717	0.011679	0.024373	-0.085985	-0.106998	0.990534	-0.732757	0.680419	0.009891	-0.675036	-0.724970	-0.136909
50692	9.678848	0.138319	-1.292053	0.013520	0.011050	0.022445	-0.086036	-0.106783	0.990553	-0.732827	0.680346	0.009691	-0.674954	-0.725070	-0.136788
50693	9.655429	0.114201	-1.278103	0.013390	0.011785	0.024472	-0.086048	-0.106501	0.990582	-0.732603	0.680589	0.009534	-0.675195	-0.724883	-0.136586
50694	9.659767	0.096258	-1.295419	0.006681	0.011366	0.024071	-0.086109	-0.106272	0.990602	-0.732626	0.680568	0.009327	-0.675163	-0.724937	-0.136461
50695	9.683530	0.115566	-1.307323	0.006968	0.008607	0.022796	-0.085980	-0.106006	0.990641	-0.732744	0.680442	0.009216	-0.675051	-0.725094	-0.136179
50696	9.699414	0.147317	-1.266674	0.001778	0.010318	0.021743	-0.086030	-0.105801	0.990659	-0.732735	0.680454	0.009040	-0.675054	-0.725113	-0.136064
50697	9.679693	0.126636	-1.286909	-0.005203	0.012017	0.024005	-0.086080	-0.105725	0.990663	-0.732856	0.680325	0.008926	-0.674916	-0.725245	-0.136044
50698	9.688170	0.093519	-1.322720	-0.008270	0.009049	0.022530	-0.086145	-0.105525	0.990678	-0.732779	0.680410	0.008756	-0.674992	-0.725194	-0.135940
50699	9.684580	0.088297	-1.287614	-0.003256	0.010005	0.021441	-0.086255	-0.105302	0.990693	-0.732899	0.680284	0.008498	-0.674848	-0.725345	-0.135853
50700	9.660251	0.102046	-1.305363	0.003708	0.008950	0.017790	-0.086286	-0.105134	0.990708	-0.732907	0.680278	0.008359	-0.674835	-0.725375	-0.135752
50701	9.680283	0.118477	-1.283239	0.000266	0.007543	0.023784	-0.086462	-0.104952	0.990712	-0.733093	0.680081	0.008066	-0.674610	-0.725586	-0.135741
50702	9.704452	0.119348	-1.279667	0.000524	0.006074	0.019730	-0.086527	-0.104792	0.990723	-0.733077	0.680099	0.007911	-0.674619	-0.725592	-0.135668
50703	9.704142	0.135914	-1.294942	-0.004465	0.003830	0.023596	-0.086452	-0.104635	0.990746	-0.732741	0.680461	0.007926	-0.674993	-0.725275	-0.135497
50704	9.676035	0.146243	-1.278966	-0.006300	0.005752	0.022743	-0.086540	-0.104456	0.990757	-0.732677	0.680532	0.007751	-0.675052	-0.725234	-0.135426
50705	9.627606	0.156806	-1.300241	-0.017711	0.000338	0.024931	-0.086772	-0.104281	0.990755	-0.732606	0.680612	0.007474	-0.675100	-0.725184	-0.135455
50706	9.628448	0.117546	-1.268421	-0.018053	0.005679	0.020647	-0.086846	-0.104117	0.990766	-0.732464	0.680766	0.007335	-0.675244	-0.725063	-0.135384
50707	9.681892	0.050085	-1.233522	-0.017573	-0.001041	0.024292	-0.086951	-0.103912	0.990778	-0.732177	0.681076	0.007175	-0.675541	-0.724802	-0.135303
50708	9.686028	0.032634	-1.251994	-0.009086	0.000025	0.019991	-0.087059	-0.103794	0.990781	-0.732096	0.681165	0.007030	-0.675615	-0.724735	-0.135288
50709	9.705567	0.067738	-1.246611	-0.008763	-0.004671	0.022884	-0.087189	-0.103622	0.990788	-0.731844	0.681438	0.006866	-0.675872	-0.724503	-0.135249
50710	9.657016	0.078486	-1.268774	-0.010156	-0.007532	0.021507	-0.087359	-0.103548	0.990781	-0.731754	0.681536	0.006708	-0.675947	-0.724422	-0.135309
50711	9.644581	0.123103	-1.214185	-0.020232	-0.007495	0.019512	-0.087738	-0.103589	0.990743	-0.731951	0.681327	0.006418	-0.675685	-0.724612	-0.135600
50712	9.624915	0.084405	-1.220606	-0.023434	-0.009723	0.020061	-0.087912	-0.103541	0.990732	-0.731773	0.681520	0.006292	-0.675855	-0.724438	-0.135682
50713	9.649228	0.067074	-1.202954	-0.026648	-0.011305	0.019221	-0.087934	-0.103541	0.990731	-0.731859	0.681427	0.006258	-0.675759	-0.724525	-0.135698
50714	9.681716	0.018972	-1.222442	-0.009334	-0.014521	0.014898	-0.088102	-0.103562	0.990713	-0.731781	0.681512	0.006165	-0.675821	-0.724442	-0.135828
50715	9.713070	0.026805	-1.289398	0.009412	-0.016817	0.016117	-0.088148	-0.103546	0.990711	-0.731870	0.681417	0.006102	-0.675719	-0.724534	-0.135847
50716	9.764760	0.033976	-1.319128	0.024068	-0.011126	0.017547	-0.088312	-0.103525	0.990699	-0.732015	0.681263	0.005937	-0.675541	-0.724682	-0.135946
50717	9.710982	0.116397	-1.370408	0.030737	-0.008787	0.013781	-0.088512	-0.103372	0.990697	-0.732126	0.681146	0.005662	-0.675394	-0.724813	-0.135971
50718	9.746488	0.108507	-1.455194	0.013835	-0.009057	0.014805	-0.088643	-0.103354	0.990687	-0.732203	0.681064	0.005538	-0.675293	-0.724893	-0.136048
50719	9.718244	0.119515	-1.440400	0.006831	-0.006053	0.014291	-0.088879	-0.103379	0.990663	-0.732112	0.681163	0.005399	-0.675362	-0.724796	-0.136226
50720	9.666693	0.090440	-1.396659	0.009878	-0.001802	0.012988	-0.088948	-0.103321	0.990663	-0.732164	0.681107	0.005298	-0.675295	-0.724857	-0.136231
50721	9.667359	0.051678	-1.365504	0.015202	-0.004907	0.013402	-0.088955	-0.103257	0.990669	-0.732348	0.680911	0.005211	-0.675095	-0.725051	-0.136191
50722	9.659189	0.081304	-1.328854	0.019902	0.000734	0.009421	-0.088981	-0.103205	0.990672	-0.732471	0.680778	0.005132	-0.674958	-0.725182	-0.136171
50723	9.708363	0.029689	-1.275945	0.023443	-0.003026	0.014540	-0.089104	-0.103130	0.990669	-0.732662	0.680574	0.004950	-0.674734	-0.725385	-0.136201
50724	9.684268	0.025153	-1.279057	0.041990	-0.001373	0.010834	-0.089155	-0.103083	0.990669	-0.732933	0.680283	0.004826	-0.674433	-0.725664	-0.136204
50725	9.712387	0.010719	-1.294762	0.052068	-0.002063	0.014211	-0.089253	-0.103051	0.990664	-0.733247	0.679946	0.004668	-0.674079	-0.725985	-0.136249
50726	9.675742	0.070937	-1.258521	0.060724	-0.004324	0.013435	-0.089342	-0.103008	0.990660	-0.733642	0.679522	0.004493	-0.673638	-0.726388	-0.136281
50727	9.707562	0.059569	-1.308602	0.055652	-0.002691	0.008965	-0.089344	-0.103012	0.990659	-0.734263	0.678851	0.004369	-0.672960	-0.727015	-0.136289
50728	9.683131	0.073701	-1.327516	0.052152	-0.001509	0.009400	-0.089385	-0.102977	0.990659	-0.734603	0.678484	0.004245	-0.672583	-0.727362	-0.136293
50729	9.711239	0.059611	-1.343261	0.043896	-0.002745	0.006876	-0.089465	-0.103061	0.990643	-0.734978	0.678078	0.004168	-0.672163	-0.727728	-0.136412
50730	9.715605	0.024238	-1.346072	0.047231	-0.001902	0.005684	-0.089481	-0.103054	0.990643	-0.735288	0.677743	0.004088	-0.671822	-0.728042	-0.136420
50731	9.683727	0.032625	-1.296610	0.048913	-0.002445	0.007173	-0.089662	-0.103013	0.990631	-0.735515	0.677498	0.003879	-0.671550	-0.728276	-0.136513
50732	9.631504	0.040996	-1.284208	0.050454	-0.001606	0.009296	-0.089704	-0.102979	0.990630	-0.735843	0.677142	0.003759	-0.671185	-0.728611	-0.136518
50733	9.699949	0.045267	-1.241856	0.045983	-0.007430	0.006461	-0.089706	-0.102985	0.990630	-0.735989	0.676983	0.003732	-0.671024	-0.728758	-0.136526
50734	9.647986	0.035396	-1.214210	0.042768	-0.009011	0.005628	-0.089770	-0.103030	0.990619	-0.736268	0.676680	0.003658	-0.670709	-0.729033	-0.136604
50735	9.663843	0.068291	-1.175676	0.044601	-0.011575	0.007874	-0.089786	-0.103067	0.990614	-0.736509	0.676418	0.003622	-0.670442	-0.729271	-0.136643
50736	9.663701	0.067123	-1.176918	0.034689	-0.013553	0.006647	-0.089888	-0.103139	0.990597	-0.736733	0.676174	0.003549	-0.670182	-0.729487	-0.136766
50737	9.695344	0.056421	-1.228086	0.024918	-0.016914	0.004789	-0.090080	-0.103249	0.990568	-0.736933	0.675957	0.003441	-0.669937	-0.729673	-0.136978
50738	9.698448	0.077001	-1.280221	0.022171	-0.025203	0.007624	-0.090267	-0.103398	0.990535	-0.737072	0.675805	0.003376	-0.669758	-0.729792	-0.137215
50739	9.649998	0.070569	-1.288194	0.000089	-0.021809	0.003438	-0.090322	-0.103600	0.990509	-0.737285	0.675573	0.003429	-0.669517	-0.729978	-0.137402
50740	9.674113	0.054803	-1.271775	-0.007878	-0.025812	-0.000342	-0.090455	-0.103808	0.990476	-0.737230	0.675632	0.003483	-0.669559	-0.729894	-0.137645
50741	9.661769	0.005045	-1.332084	-0.007995	-0.025710	0.003073	-0.090625	-0.103952	0.990445	-0.737221	0.675643	0.003457	-0.669547	-0.729863	-0.137866
50742	9.685517	0.007785	-1.331657	0.000352	-0.023933	0.000779	-0.090754	-0.104139	0.990413	-0.737220	0.675644	0.003489	-0.669530	-0.729836	-0.138090
50743	9.652383	0.073186	-1.331898	0.007174	-0.024278	-0.000856	-0.090948	-0.104297	0.990379	-0.737094	0.675782	0.003478	-0.669643	-0.729686	-0.138338
50744	9.652051	0.073201	-1.334303	-0.002861	-0.025514	-0.000048	-0.091081	-0.104501	0.990345	-0.737072	0.675805	0.003522	-0.669649	-0.729635	-0.138578
50745	9.656069	0.039211	-1.339267	-0.006086	-0.026454	-0.002267	-0.091125	-0.104658	0.990325	-0.736823	0.676076	0.003650	-0.669917	-0.729361	-0.138722
50746	9.679792	0.042304	-1.339044	-0.004401	-0.026995	-0.000779	-0.091262	-0.104878	0.990289	-0.736791	0.676110	0.003704	-0.669933	-0.729298	-0.138976
50747	9.664077	-0.028609	-1.349386	0.007557	-0.027143	-0.005543	-0.091428	-0.105040	0.990256	-0.736581	0.676339	0.003735	-0.670141	-0.729062	-0.139207
50748	9.660110	-0.030968	-1.317732	0.007529	-0.025863	-0.008326	-0.091502	-0.105302	0.990222	-0.736636	0.676278	0.003847	-0.670071	-0.729081	-0.139450
50749	9.691455	-0.040367	-1.369900	0.027497	-0.023927	-0.005148	-0.091638	-0.105546	0.990183	-0.736892	0.675999	0.003859	-0.669770	-0.729304	-0.139723
50750	9.693949	-0.000195	-1.438166	0.037650	-0.023433	-0.007989	-0.091699	-0.105788	0.990152	-0.737149	0.675719	0.003926	-0.669480	-0.729529	-0.139944
50751	9.680856	0.084099	-1.417447	0.036383	-0.027679	-0.009984	-0.091786	-0.106014	0.990119	-0.737370	0.675478	0.003969	-0.669224	-0.729720	-0.140171
50752	9.676494	0.100243	-1.401729	0.024385	-0.025612	-0.009387	-0.091851	-0.106281	0.990085	-0.737539	0.675293	0.004068	-0.669029	-0.729852	-0.140413
50753	9.651664	0.116500	-1.422675	0.015587	-0.021323	-0.009358	-0.091833	-0.106423	0.990071	-0.737450	0.675389	0.004196	-0.669130	-0.729742	-0.140505
50754	9.655304	0.101684	-1.443164	0.004004	-0.023405	-0.010655	-0.091874	-0.106682	0.990039	-0.737483	0.675352	0.004335	-0.669088	-0.729739	-0.140723
50755	9.724110	0.089828	-1.386865	0.006940	-0.019057	-0.008569	-0.091890	-0.106905	0.990014	-0.737646	0.675173	0.004441	-0.668905	-0.729872	-0.140900
50756	9.719861	0.106122	-1.370491	0.012112	-0.020778	-0.007526	-0.091936	-0.107124	0.989986	-0.737731	0.675079	0.004538	-0.668805	-0.729926	-0.141093
50757	9.684053	0.132011	-1.304168	0.023418	-0.015930	-0.004969	-0.091980	-0.107266	0.989966	-0.737792	0.675012	0.004590	-0.668732	-0.729967	-0.141228
50758	9.655769	0.144566	-1.290363	0.030322	-0.020106	0.001735	-0.092090	-0.107418	0.989940	-0.737990	0.674796	0.004570	-0.668499	-0.730145	-0.141415
50759	9.636631	0.069613	-1.265967	0.049334	-0.027090	0.005808	-0.092160	-0.107588	0.989915	-0.738153	0.674618	0.004599	-0.668309	-0.730285	-0.141589
50760	9.643286	0.038521	-1.078425	0.072180	-0.018879	0.006861	-0.092299	-0.107696	0.989890	-0.738626	0.674101	0.004469	-0.667767	-0.730746	-0.141766
50761	9.645270	0.059550	-0.903831	0.101798	-0.014094	0.016634	-0.092617	-0.107721	0.989858	-0.739115	0.673567	0.004145	-0.667182	-0.731234	-0.142002
50762	9.607815	-0.109578	-0.836226	0.150416	-0.031186	0.015219	-0.092900	-0.107864	0.989816	-0.740100	0.672486	0.003821	-0.666049	-0.732208	-0.142304
50763	9.477447	-0.171738	-0.718119	0.178060	-0.039269	0.012286	-0.093228	-0.108123	0.989757	-0.741365	0.671093	0.003480	-0.664595	-0.733446	-0.142723
50764	9.410666	-0.355884	0.074948	0.245015	-0.057803	0.017451	-0.093704	-0.108446	0.989676	-0.742971	0.669316	0.002997	-0.662732	-0.735020	-0.143290
50765	9.248925	-0.537048	0.388663	0.393379	-0.068016	0.026927	-0.094149	-0.108768	0.989599	-0.745390	0.666625	0.002354	-0.659947	-0.737415	-0.143837
50766	8.958898	-0.522843	0.074627	0.404803	-0.149377	0.030660	-0.095324	-0.109684	0.989385	-0.748023	0.663671	0.001506	-0.656791	-0.739939	-0.145310
50767	9.167263	-0.560131	0.233071	0.359618	-0.253664	0.022729	-0.097150	-0.111450	0.989010	-0.750227	0.661180	0.000813	-0.654004	-0.741903	-0.147847
50768	9.480087	-0.221983	0.136341	0.350423	-0.348320	0.015207	-0.099499	-0.113954	0.988491	-0.752496	0.658596	0.000179	-0.651037	-0.743818	-0.151280
50769	9.734712	0.245734	-0.300287	0.322055	-0.418344	0.016721	-0.102201	-0.116999	0.987859	-0.754299	0.656531	-0.000280	-0.648528	-0.745170	-0.155350
50770	9.783526	0.774024	-0.778594	0.226269	-0.462898	0.016597	-0.105284	-0.120358	0.987132	-0.755745	0.654866	-0.000759	-0.646348	-0.746099	-0.159907
50771	9.691169	1.060130	-1.338159	0.104857	-0.483498	0.033594	-0.108627	-0.123772	0.986347	-0.756636	0.653835	-0.001282	-0.644749	-0.746445	-0.164674
50772	9.671159	0.711076	-1.908442	-0.023566	-0.499062	0.049659	-0.112181	-0.127187	0.985515	-0.756428	0.654075	-0.001691	-0.644385	-0.745661	-0.169582
50773	9.759156	0.274242	-2.546462	-0.051581	-0.537937	0.072105	-0.116243	-0.130698	0.984584	-0.755851	0.654740	-0.002325	-0.644343	-0.744469	-0.174897
50774	10.115256	-0.085216	-3.044770	-0.002566	-0.556075	0.091258	-0.120476	-0.134254	0.983596	-0.755725	0.654882	-0.003179	-0.643712	-0.743711	-0.180357
50775	10.376741	0.116542	-2.845791	0.121230	-0.521536	0.105846	-0.124523	-0.137470	0.982648	-0.756521	0.653955	-0.004381	-0.642005	-0.743939	-0.185431
50776	9.924410	0.729454	-2.578120	0.200949	-0.477838	0.122245	-0.128473	-0.140243	0.981747	-0.757654	0.652630	-0.005919	-0.639887	-0.744584	-0.190101
50777	9.427531	1.184374	-2.401381	0.149284	-0.441797	0.134546	-0.132331	-0.142723	0.980877	-0.758447	0.651692	-0.007498	-0.638159	-0.744935	-0.194487
50778	9.218219	1.120003	-2.264116	0.042990	-0.410547	0.153080	-0.136072	-0.144799	0.980060	-0.758515	0.651593	-0.009043	-0.637291	-0.744621	-0.198496
50779	9.140301	0.626418	-2.276471	-0.007496	-0.411650	0.159204	-0.139840	-0.146889	0.979218	-0.758497	0.651591	-0.010577	-0.636496	-0.744213	-0.202534
50780	9.620115	0.480054	-2.456033	0.047383	-0.388008	0.189544	-0.143708	-0.148557	0.978406	-0.758530	0.651519	-0.012489	-0.635595	-0.743945	-0.206314
50781	9.629372	0.060139	-2.458652	0.103590	-0.358503	0.198989	-0.147574	-0.149927	0.977621	-0.758776	0.651186	-0.014673	-0.634414	-0.743961	-0.209859
50782	9.556150	-0.098178	-2.344833	0.207129	-0.337529	0.207711	-0.151251	-0.151105	0.976878	-0.759778	0.649957	-0.017101	-0.632345	-0.744797	-0.213113
50783	9.443435	-0.106262	-2.240069	0.302692	-0.323900	0.216422	-0.154923	-0.152104	0.976147	-0.761331	0.648060	-0.019848	-0.629583	-0.746246	-0.216201
50784	9.411748	-0.137139	-2.270301	0.379741	-0.310092	0.221851	-0.158523	-0.153002	0.975428	-0.763368	0.645561	-0.022800	-0.626211	-0.748225	-0.219134
50785	9.271601	-0.098751	-2.177867	0.465082	-0.297767	0.231432	-0.162161	-0.153796	0.974705	-0.765907	0.642423	-0.026057	-0.622165	-0.750759	-0.221970
50786	9.197375	0.071831	-2.268444	0.530046	-0.281714	0.241003	-0.165719	-0.154387	0.974013	-0.768799	0.638807	-0.029549	-0.617645	-0.753717	-0.224556
50787	9.082202	0.147135	-2.275720	0.558278	-0.264491	0.254654	-0.169186	-0.154717	0.973365	-0.771752	0.635056	-0.033199	-0.613005	-0.756813	-0.226846
50788	9.105285	0.099568	-2.489767	0.568507	-0.254751	0.260241	-0.172716	-0.155017	0.972697	-0.774780	0.631148	-0.036988	-0.608182	-0.760014	-0.229113
50789	9.177018	0.016325	-2.530133	0.569143	-0.250433	0.273560	-0.176290	-0.155205	0.972025	-0.777671	0.627342	-0.040872	-0.603449	-0.763121	-0.231292
50790	9.287486	0.037819	-2.534368	0.603243	-0.253404	0.288326	-0.180021	-0.155355	0.971317	-0.780783	0.623177	-0.045036	-0.598306	-0.766496	-0.233484
50791	9.375773	0.020201	-2.402070	0.615719	-0.256729	0.301544	-0.183936	-0.155292	0.970594	-0.783561	0.619348	-0.049397	-0.593464	-0.769605	-0.235601
50792	9.475208	0.176067	-2.305576	0.642624	-0.252038	0.312889	-0.187843	-0.155320	0.969841	-0.786777	0.614878	-0.053914	-0.587959	-0.773176	-0.237703
50793	9.577962	0.312988	-2.297557	0.628342	-0.247922	0.329525	-0.191951	-0.155272	0.969043	-0.789747	0.610628	-0.058593	-0.582627	-0.776546	-0.239837
50794	9.654220	0.169266	-2.286209	0.620257	-0.233550	0.341967	-0.195974	-0.155023	0.968278	-0.792683	0.606332	-0.063359	-0.577276	-0.779954	-0.241709
50795	9.556934	0.044467	-2.375751	0.647973	-0.215227	0.335613	-0.199904	-0.154554	0.967549	-0.795483	0.602129	-0.068171	-0.572053	-0.783297	-0.243314
50796	9.417029	-0.190568	-2.527699	0.733471	-0.204575	0.336663	-0.203714	-0.154156	0.966818	-0.798979	0.596889	-0.073178	-0.565802	-0.787375	-0.244762
50797	9.311037	-0.193619	-2.459500	0.831739	-0.192786	0.339486	-0.207576	-0.153710	0.966067	-0.802967	0.590828	-0.078525	-0.558710	-0.792020	-0.246065
50798	9.216245	0.029028	-2.384062	0.858143	-0.192692	0.353671	-0.211455	-0.153175	0.965311	-0.806992	0.584555	-0.084018	-0.551408	-0.796764	-0.247218
50799	9.405111	0.482152	-2.224183	0.774857	-0.186219	0.369003	-0.215287	-0.152749	0.964531	-0.810787	0.578480	-0.089359	-0.544313	-0.801267	-0.248386
50800	9.506333	0.444765	-1.849222	0.529093	-0.191203	0.382984	-0.219394	-0.152088	0.963709	-0.812826	0.574819	-0.094329	-0.539612	-0.804023	-0.249733
50801	9.873657	-0.532440	-1.607832	0.202962	-0.228988	0.381305	-0.223792	-0.151572	0.962779	-0.812621	0.574415	-0.098458	-0.538112	-0.804408	-0.251720
50802	10.264200	-1.849104	-1.864681	0.021633	-0.250495	0.363613	-0.228055	-0.151510	0.961788	-0.811920	0.574794	-0.101972	-0.537380	-0.804150	-0.254098
50803	10.018207	-2.752842	-2.017467	0.007657	-0.243649	0.340354	-0.232053	-0.151672	0.960805	-0.811332	0.575047	-0.105176	-0.536556	-0.803938	-0.256498
50804	9.417265	-2.871397	-2.177647	0.024913	-0.244538	0.321719	-0.235936	-0.151800	0.959839	-0.810717	0.575336	-0.108290	-0.535792	-0.803707	-0.258809
50805	9.210950	-2.338424	-2.214889	0.038826	-0.241588	0.301329	-0.239583	-0.151994	0.958905	-0.810308	0.575346	-0.111259	-0.534791	-0.803663	-0.261004
50806	9.197687	-1.381485	-1.990803	0.033716	-0.239905	0.305323	-0.243300	-0.152177	0.957939	-0.809755	0.575541	-0.114234	-0.533949	-0.803489	-0.263255
50807	9.482966	-0.399281	-1.795863	-0.085219	-0.242353	0.321704	-0.247129	-0.152300	0.956939	-0.808689	0.576464	-0.117098	-0.533806	-0.802804	-0.265624
50808	9.715568	-0.103264	-1.744939	-0.274743	-0.244006	0.322126	-0.250998	-0.152408	0.955914	-0.806423	0.579159	-0.119406	-0.535428	-0.800841	-0.268273
50809	9.795823	-0.362657	-2.243767	-0.389361	-0.271922	0.320775	-0.254949	-0.152669	0.954826	-0.803387	0.582972	-0.121301	-0.538118	-0.798020	-0.271281
50810	9.491171	-1.072398	-2.707841	-0.481465	-0.321016	0.315760	-0.259176	-0.153391	0.953572	-0.799982	0.587290	-0.122959	-0.541163	-0.794708	-0.274921
50811	9.346030	-1.410464	-2.565857	-0.471343	-0.336006	0.295052	-0.263331	-0.154312	0.952284	-0.796660	0.591476	-0.124452	-0.544049	-0.791419	-0.278688
50812	9.221350	-1.627739	-2.451017	-0.454479	-0.345983	0.282582	-0.267428	-0.155380	0.950968	-0.793437	0.595505	-0.125827	-0.546754	-0.788182	-0.282539
50813	9.207503	-1.989559	-2.112518	-0.426020	-0.359507	0.274915	-0.271458	-0.156611	0.949623	-0.790689	0.598844	-0.127265	-0.548745	-0.785403	-0.286392
50814	9.218630	-2.232069	-2.198573	-0.356592	-0.374236	0.265529	-0.275574	-0.157964	0.948212	-0.788008	0.602059	-0.128717	-0.550547	-0.782670	-0.290389
50815	9.089879	-2.089377	-2.084364	-0.273953	-0.396331	0.257642	-0.279802	-0.159594	0.946700	-0.785776	0.604628	-0.130313	-0.551604	-0.780356	-0.294582
50816	9.136610	-1.685200	-1.902030	-0.196233	-0.425336	0.250312	-0.284077	-0.161407	0.945118	-0.783993	0.606560	-0.132059	-0.551955	-0.778481	-0.298852
50817	9.298262	-1.079818	-1.871652	-0.185164	-0.434969	0.257639	-0.288367	-0.163428	0.943470	-0.782733	0.607769	-0.133961	-0.551519	-0.777115	-0.303181
50818	9.561878	-0.525527	-1.831013	-0.306545	-0.468638	0.246906	-0.292848	-0.165573	0.941714	-0.780329	0.610554	-0.135313	-0.552564	-0.774473	-0.308001
50819	9.595180	-0.750029	-1.946708	-0.449912	-0.496791	0.227856	-0.297260	-0.168113	0.939880	-0.777347	0.614195	-0.135996	-0.554407	-0.771039	-0.313259
50820	9.319239	-1.490981	-2.206028	-0.488048	-0.525196	0.217988	-0.301833	-0.170823	0.937932	-0.773990	0.618319	-0.136462	-0.556630	-0.767138	-0.318844
50821	9.130907	-1.827770	-2.261334	-0.413400	-0.573905	0.200207	-0.306500	-0.174093	0.935815	-0.771201	0.621691	-0.136930	-0.557949	-0.763670	-0.324809
50822	9.240981	-1.885736	-2.005284	-0.350233	-0.632314	0.190227	-0.311459	-0.177740	0.933489	-0.768664	0.624694	-0.137521	-0.558702	-0.760372	-0.331189
50823	9.278180	-1.808084	-1.783387	-0.295290	-0.686512	0.182075	-0.316554	-0.181915	0.930967	-0.766624	0.627060	-0.138143	-0.558642	-0.757431	-0.337959
50824	9.290604	-1.455005	-1.390942	-0.294683	-0.745434	0.184361	-0.322094	-0.186406	0.928175	-0.764396	0.629627	-0.138812	-0.558528	-0.754204	-0.345287
50825	9.132353	-1.447572	-1.017383	-0.358066	-0.821872	0.181121	-0.328242	-0.191304	0.925019	-0.761849	0.632551	-0.139522	-0.558430	-0.750521	-0.353374
50826	9.120870	-1.614865	-1.084674	-0.402884	-0.901167	0.167504	-0.334513	-0.197001	0.921570	-0.759051	0.635890	-0.139590	-0.558518	-0.746213	-0.362247
50827	9.233848	-1.763376	-1.508217	-0.367152	-0.983953	0.155825	-0.341255	-0.203258	0.917732	-0.756593	0.638753	-0.139866	-0.557775	-0.742079	-0.371761
50828	9.264685	-1.512689	-1.804550	-0.299362	-1.059912	0.156210	-0.348305	-0.210116	0.913529	-0.754394	0.641290	-0.140131	-0.556392	-0.737969	-0.381875
50829	9.284040	-0.953239	-1.856380	-0.309383	-1.126606	0.160655	-0.355840	-0.217357	0.908919	-0.752198	0.643777	-0.140533	-0.554595	-0.733694	-0.392577
50830	9.239759	-0.632579	-1.975450	-0.408496	-1.192182	0.159135	-0.363605	-0.225060	0.903957	-0.749371	0.647113	-0.140312	-0.553384	-0.728418	-0.403947
50831	9.126001	-0.883774	-2.693688	-0.519349	-1.222941	0.167238	-0.371686	-0.232810	0.898693	-0.745945	0.651165	-0.139825	-0.552645	-0.722346	-0.415693
50832	9.011689	-1.223819	-3.702807	-0.555730	-1.254055	0.175922	-0.379889	-0.240694	0.893169	-0.742223	0.655575	-0.139022	-0.552077	-0.715743	-0.427694
50833	9.209221	-1.106541	-4.328053	-0.556591	-1.263667	0.180706	-0.388193	-0.248565	0.887424	-0.738619	0.659784	-0.138297	-0.551133	-0.709154	-0.439719
50834	9.763801	-0.655623	-4.777575	-0.531448	-1.256291	0.185252	-0.396443	-0.256222	0.881580	-0.734976	0.663999	-0.137532	-0.550130	-0.702464	-0.451555
50835	10.174645	-0.643351	-4.921352	-0.575140	-1.207133	0.195255	-0.404600	-0.263394	0.875741	-0.731083	0.668450	-0.136719	-0.549378	-0.695556	-0.463018
50836	10.403177	-0.946191	-4.865414	-0.583671	-1.162986	0.204511	-0.412445	-0.270087	0.870024	-0.727053	0.673031	-0.135735	-0.548892	-0.688537	-0.473956
50837	10.582588	-1.157491	-4.243051	-0.599188	-1.133745	0.203103	-0.420411	-0.276334	0.864230	-0.722873	0.677671	-0.134964	-0.548369	-0.681470	-0.484655
50838	10.658735	-1.660705	-4.043161	-0.557847	-1.133036	0.185348	-0.427925	-0.282772	0.858440	-0.719041	0.681966	-0.133795	-0.547594	-0.674508	-0.495156
50839	10.809989	-1.560002	-3.377812	-0.431631	-1.158829	0.171327	-0.435768	-0.289075	0.852374	-0.715776	0.685457	-0.133467	-0.545683	-0.668270	-0.505614
50840	11.167559	-1.525280	-2.760056	-0.350047	-1.203976	0.150437	-0.443366	-0.296068	0.846032	-0.713221	0.688220	-0.132924	-0.542901	-0.662342	-0.516296
50841	11.541230	-1.316730	-2.250732	-0.243015	-1.273168	0.121202	-0.451247	-0.303721	0.839124	-0.711541	0.689961	-0.132906	-0.538596	-0.657044	-0.527453
50842	11.727332	-0.782533	-1.612969	-0.207603	-1.377686	0.102737	-0.459336	-0.312041	0.831650	-0.709972	0.691629	-0.132627	-0.533808	-0.651368	-0.539230
50843	11.883565	-0.594971	-0.730477	-0.238642	-1.493165	0.086007	-0.467996	-0.321153	0.823311	-0.708455	0.693246	-0.132291	-0.528271	-0.645190	-0.551959
50844	11.959496	-0.502671	0.052779	-0.324039	-1.621381	0.065805	-0.476955	-0.331112	0.814173	-0.706454	0.695532	-0.130989	-0.522911	-0.637652	-0.565653
50845	12.261729	-0.107220	0.973855	-0.415843	-1.795082	0.055510	-0.486923	-0.342036	0.803690	-0.704028	0.698291	-0.129362	-0.516963	-0.628809	-0.580817
50846	13.225232	-0.014938	2.521835	-0.665532	-1.974835	0.034380	-0.497297	-0.354116	0.792021	-0.700448	0.702549	-0.125687	-0.511926	-0.617274	-0.597415
50847	14.802982	-0.191496	3.677912	-0.922255	-2.152849	-0.019730	-0.508194	-0.367723	0.778793	-0.696150	0.707784	-0.120071	-0.507064	-0.603176	-0.615682
50848	16.779465	0.603076	4.327837	-1.080975	-2.290686	-0.080675	-0.519175	-0.381945	0.764575	-0.691121	0.713904	-0.112664	-0.502802	-0.586906	-0.634612
50849	17.907478	2.590629	4.992223	-1.137450	-2.346032	-0.079208	-0.531155	-0.395230	0.749445	-0.685106	0.720771	-0.105447	-0.498502	-0.569458	-0.653615
50850	16.850083	4.478219	3.525439	-1.176804	-2.325767	0.008253	-0.542729	-0.408225	0.734029	-0.679236	0.727390	-0.097684	-0.494048	-0.551595	-0.672057
50851	13.587419	4.770764	2.322350	-1.321745	-2.381358	0.095903	-0.555268	-0.420206	0.717707	-0.672334	0.734760	-0.089974	-0.489535	-0.532498	-0.690508
50852	10.750585	4.387660	1.143989	-1.333181	-2.612440	0.141003	-0.568902	-0.432820	0.699298	-0.665068	0.742309	-0.081614	-0.483771	-0.511511	-0.710156
50853	10.694155	3.058460	-0.787667	-1.596432	-2.969131	0.212944	-0.584993	-0.445651	0.677628	-0.655985	0.751313	-0.072198	-0.476935	-0.486749	-0.731853
50854	13.820857	2.262163	-1.800332	-2.048305	-3.127540	0.280008	-0.601628	-0.458310	0.654214	-0.644624	0.762233	-0.058825	-0.471704	-0.457113	-0.754018
50855	14.931419	0.914643	-3.527886	-2.352938	-3.038523	0.285086	-0.617613	-0.469565	0.630923	-0.632184	0.773620	-0.043081	-0.467865	-0.425467	-0.774649
50856	14.886092	-1.020067	-5.936337	-2.450691	-2.712287	0.329658	-0.632323	-0.478120	0.609564	-0.618694	0.785205	-0.025907	-0.466246	-0.393515	-0.792313
50857	13.758492	-1.185428	-6.729569	-2.322388	-2.245079	0.336947	-0.644702	-0.484032	0.591670	-0.605966	0.795433	-0.009553	-0.466010	-0.364690	-0.806124
50858	12.165556	-1.068214	-5.747618	-2.139106	-1.747822	0.337311	-0.654864	-0.487502	0.577491	-0.593807	0.804586	0.005844	-0.467490	-0.339091	-0.816376
50859	10.951219	-1.521707	-6.565086	-1.550314	-1.374476	0.329144	-0.663067	-0.489265	0.566535	-0.584494	0.811230	0.016500	-0.467663	-0.320196	-0.823873
50860	9.261344	-1.908295	-11.589122	-0.841338	-1.077024	0.290053	-0.669759	-0.490308	0.557692	-0.578655	0.815280	0.021839	-0.465383	-0.308084	-0.829760
50861	5.662874	-3.527779	-11.298268	-0.872874	-0.900514	0.191641	-0.674835	-0.491403	0.550564	-0.573458	0.818760	0.027884	-0.464482	-0.296908	-0.834327
50862	6.061979	-5.141992	-9.981746	-0.492327	-0.653404	0.132872	-0.678605	-0.492249	0.545148	-0.570295	0.820844	0.031284	-0.462881	-0.289666	-0.837756
50863	8.461637	-4.555271	-8.049206	0.002523	-0.298490	0.281445	-0.681362	-0.490758	0.543049	-0.568573	0.822102	0.029553	-0.460945	-0.288627	-0.839181
50864	9.762049	-4.211842	-6.719943	0.610981	0.171359	0.295763	-0.682238	-0.487845	0.544572	-0.569385	0.821754	0.022831	-0.458642	-0.294495	-0.838403
50865	9.964539	-3.331414	-6.835222	1.336177	0.685012	0.253093	-0.680327	-0.483639	0.550680	-0.573961	0.818821	0.010049	-0.455769	-0.309232	-0.834656
50866	7.990164	-2.228939	-6.863227	1.983885	1.149618	0.243322	-0.676494	-0.477991	0.560251	-0.581335	0.813627	-0.007788	-0.452113	-0.330962	-0.828286
50867	6.174867	-0.703742	-7.746514	2.372164	1.530213	0.268188	-0.670938	-0.470473	0.573147	-0.590417	0.806575	-0.029070	-0.448609	-0.357899	-0.818937
50868	5.086926	0.941240	-7.758813	2.217688	1.923430	0.283816	-0.663979	-0.461068	0.588683	-0.598487	0.799649	-0.048737	-0.448269	-0.384680	-0.806893
50869	5.393579	1.717079	-7.223477	1.628130	2.317350	0.242069	-0.654746	-0.449854	0.607404	-0.604442	0.794122	-0.063412	-0.453826	-0.408659	-0.791858
50870	5.932160	2.432391	-6.208891	0.975781	2.798677	0.150160	-0.642762	-0.436959	0.629225	-0.607975	0.790688	-0.071969	-0.466073	-0.428811	-0.773884
50871	6.485527	2.356797	-6.071611	0.410220	3.160742	0.038356	-0.627742	-0.422725	0.653638	-0.609887	0.788881	-0.075534	-0.483712	-0.446061	-0.753028
50872	6.272240	1.864348	-6.088037	-0.091042	3.499007	-0.140797	-0.609547	-0.407999	0.679698	-0.610326	0.788695	-0.073909	-0.505920	-0.459888	-0.729759
50873	6.599821	1.263435	-6.669046	-0.325557	3.828499	-0.229884	-0.588054	-0.391818	0.707581	-0.610213	0.789125	-0.070160	-0.530880	-0.473033	-0.703140
50874	6.218520	0.803399	-6.711658	-0.413980	4.160190	-0.294585	-0.563595	-0.374212	0.736428	-0.609674	0.789968	-0.065171	-0.557367	-0.485711	-0.673370
50875	5.877727	0.520666	-6.830064	-0.424038	4.518156	-0.351983	-0.535392	-0.354590	0.766564	-0.609385	0.790608	-0.059901	-0.584812	-0.499203	-0.639368
50876	5.400023	0.040404	-7.352934	-0.391444	4.841338	-0.406018	-0.503910	-0.333314	0.796854	-0.609169	0.791180	-0.054283	-0.612362	-0.512773	-0.601728
50877	5.295034	-0.749100	-7.463701	-0.294242	5.104167	-0.410498	-0.469212	-0.309831	0.826949	-0.609515	0.791234	-0.049389	-0.639008	-0.527212	-0.560103
50878	5.373504	-1.599167	-8.228492	-0.094363	5.276633	-0.352187	-0.432670	-0.284410	0.855516	-0.610505	0.790681	-0.045902	-0.663385	-0.542158	-0.515737
50879	6.304534	-2.231475	-8.347238	0.290551	5.481273	-0.276363	-0.393786	-0.256181	0.882782	-0.613797	0.788176	-0.045072	-0.684241	-0.559598	-0.467616
50880	6.888291	-2.285880	-8.237354	0.797597	5.681609	-0.223711	-0.353031	-0.225580	0.908010	-0.620172	0.783082	-0.046577	-0.700540	-0.579566	-0.416351
50881	7.142140	-1.753403	-8.330044	1.290047	5.867207	-0.215992	-0.310000	-0.192349	0.931076	-0.630180	0.774854	-0.049742	-0.711880	-0.602165	-0.361419
50882	7.570859	-0.605232	-8.089429	1.597773	6.014528	-0.237066	-0.265421	-0.157268	0.951220	-0.642311	0.764623	-0.052808	-0.719019	-0.624995	-0.303962
50883	7.922232	-0.046881	-6.609637	1.620205	6.109761	-0.325840	-0.219011	-0.120641	0.968236	-0.654955	0.753719	-0.054235	-0.723234	-0.646029	-0.244087
50884	8.116745	0.188934	-6.397378	1.603262	6.120963	-0.486263	-0.171443	-0.084173	0.981592	-0.667527	0.742704	-0.052901	-0.724579	-0.664308	-0.183519
50885	7.921625	0.840065	-6.415140	1.420749	6.015355	-0.668467	-0.123162	-0.048435	0.991204	-0.678954	0.732573	-0.048566	-0.723777	-0.678963	-0.123110
50886	9.326253	1.168049	-6.083840	1.036269	5.831248	-0.783023	-0.075605	-0.014273	0.997036	-0.687238	0.725233	-0.041731	-0.722487	-0.688356	-0.064640
50887	10.838224	1.326372	-6.523340	0.677130	5.701438	-0.831948	-0.028533	0.019355	0.999405	-0.692683	0.720453	-0.033729	-0.720677	-0.693234	-0.007149
50888	11.391841	1.273642	-6.013434	0.499881	5.553492	-0.778401	0.016847	0.052306	0.998489	-0.696332	0.717255	-0.025824	-0.717522	-0.694845	0.048506
50889	10.854429	1.154839	-6.755145	0.609782	5.368681	-0.601797	0.059572	0.085556	0.994551	-0.700564	0.713326	-0.019401	-0.711099	-0.695590	0.102431
50890	8.962962	0.809459	-6.820023	0.719702	5.030101	-0.353129	0.097632	0.118035	0.988198	-0.705379	0.708673	-0.014958	-0.702075	-0.695594	0.152448
50891	8.093428	0.416795	-6.372427	0.916663	4.554703	-0.019887	0.129631	0.149777	0.980185	-0.711824	0.702235	-0.013165	-0.690292	-0.696013	0.197646
50892	7.864623	-0.275960	-5.458105	0.834324	4.027282	0.268420	0.155307	0.179667	0.971390	-0.717922	0.695983	-0.013946	-0.678577	-0.695217	0.237078
50893	7.909874	-2.199907	-3.003831	0.602998	3.452977	0.434122	0.175566	0.206793	0.962504	-0.722773	0.690886	-0.016599	-0.668413	-0.692758	0.270760
50894	7.690385	-3.833917	-1.272861	0.839897	2.772493	0.413690	0.190967	0.228838	0.954550	-0.729102	0.684164	-0.018153	-0.657222	-0.692498	0.297499
50895	6.442791	-3.357885	0.912989	1.151019	1.955597	0.277669	0.201775	0.244443	0.948438	-0.737207	0.675447	-0.017247	-0.644836	-0.695715	0.316493
50896	4.890702	-2.001429	1.803990	1.159677	0.970304	0.156113	0.206851	0.252263	0.945291	-0.744946	0.666957	-0.014975	-0.634247	-0.701093	0.325883
50897	3.952321	-1.198641	-0.077766	0.885136	-0.049926	0.087188	0.205987	0.252642	0.945379	-0.750776	0.660431	-0.012907	-0.627618	-0.707109	0.325718
50898	3.826972	-2.013023	-2.911653	0.497187	-0.955232	0.058781	0.199586	0.246244	0.948435	-0.754014	0.656751	-0.011841	-0.625802	-0.712770	0.316750
50899	5.079471	-3.273401	-5.414150	0.391813	-1.704752	0.053511	0.188610	0.234531	0.953636	-0.756633	0.653745	-0.011131	-0.626045	-0.719453	0.300757
50900	7.051066	-3.149841	-6.190297	0.553372	-2.214039	0.072174	0.174231	0.218973	0.960049	-0.760232	0.649572	-0.010190	-0.625852	-0.728084	0.279646
50901	11.971894	-2.336409	-2.311579	0.564444	-2.339709	0.196981	0.158183	0.203232	0.966269	-0.764144	0.644959	-0.010558	-0.625350	-0.736698	0.257320
50902	19.281756	1.752389	4.176213	0.531502	-1.915533	0.368912	0.143417	0.191419	0.970974	-0.768026	0.640291	-0.012788	-0.624154	-0.743899	0.238843
50903	23.440558	8.033953	9.102097	0.186540	-1.367082	0.295021	0.132704	0.183213	0.974075	-0.769646	0.638289	-0.015202	-0.624527	-0.747676	0.225712
50904	21.820590	3.373909	-1.277142	-0.650927	-1.637299	0.585772	0.117950	0.174729	0.977526	-0.766298	0.642098	-0.022310	-0.631566	-0.746445	0.209630
50905	11.710564	-2.679615	-2.783699	-1.310609	-2.039109	0.645235	0.100130	0.163797	0.981399	-0.758687	0.650708	-0.031197	-0.643714	-0.741451	0.189426
50906	7.811893	-5.570013	-5.312527	-1.169215	-2.332430	0.424191	0.081812	0.149324	0.985398	-0.751489	0.658684	-0.037422	-0.654654	-0.737454	0.166103
50907	6.936722	-7.386791	-7.895829	-0.161648	-2.295088	0.375575	0.064026	0.134901	0.988788	-0.750741	0.659302	-0.041337	-0.657486	-0.739678	0.143488
50908	6.288618	-5.306571	-9.225528	1.292694	-2.157684	0.343275	0.047367	0.121063	0.991514	-0.759384	0.649220	-0.042992	-0.648916	-0.750904	0.122685
50909	7.322040	-2.515639	-7.843954	2.468282	-2.053493	0.383341	0.031358	0.107941	0.993663	-0.775359	0.629989	-0.043967	-0.630742	-0.769066	0.103448
50910	8.832791	0.155942	-6.588421	2.863053	-1.907236	0.501922	0.015628	0.096189	0.995240	-0.793229	0.607166	-0.046226	-0.608723	-0.788731	0.085788
50911	10.706271	2.783769	-5.728127	2.413529	-1.748611	0.515729	0.001086	0.085335	0.996352	-0.807749	0.587451	-0.049434	-0.589526	-0.804748	0.069568
50912	12.940913	4.861145	-5.197746	1.370414	-1.581912	0.524711	-0.012383	0.075584	0.997063	-0.815729	0.575927	-0.053790	-0.578301	-0.813999	0.054525
50913	12.461785	4.138152	-4.800227	0.079563	-1.431000	0.601348	-0.025492	0.067336	0.997405	-0.816078	0.574854	-0.059666	-0.577380	-0.815481	0.040298
50914	11.410523	1.161837	-4.987972	-0.718310	-1.334446	0.636492	-0.038385	0.060153	0.997451	-0.811716	0.580285	-0.066232	-0.582790	-0.812189	0.026553
50915	10.454262	-0.738166	-4.101047	-0.884985	-1.200716	0.618252	-0.050357	0.053948	0.997273	-0.806247	0.587124	-0.072472	-0.589433	-0.807697	0.013930
50916	9.202572	-1.265997	-2.779592	-0.815809	-1.089669	0.567205	-0.061342	0.048518	0.996937	-0.801106	0.593396	-0.078172	-0.595371	-0.803447	0.002468
50917	8.347057	-1.378207	-2.153598	-0.713771	-1.018071	0.542458	-0.071700	0.043488	0.996478	-0.796464	0.598901	-0.083445	-0.600420	-0.799642	-0.008304
50918	8.821617	-0.848997	-1.718580	-0.619797	-0.926313	0.543100	-0.081567	0.039362	0.995890	-0.792323	0.603612	-0.088751	-0.604625	-0.796306	-0.018048
50919	9.711531	-0.296762	-1.280544	-0.644483	-0.837774	0.517725	-0.090682	0.035734	0.995239	-0.787950	0.608576	-0.093646	-0.609025	-0.792690	-0.027031
