// General information: 
//  MT Manager version: 2022.2.0 
//  XDA version: 2022.2.0 build 7381 rev 124627 built on 2023-07-19
// Device information: 
//  DeviceId: 00B4CB9F
//  ProductCode: MTW2-3A7G6
//  Firmware Version: 4.6.0
//  Hardware Version: 2.0.0
// Device settings: 
//  Filter Profile: human(46.1)
//  Option Flags: Orientation Smoother Disabled, Position/Velocity Smoother Disabled, Continuous Zero Rotation Update Disabled, AHS Disabled, ICC Disabled
// Coordinate system: ENU
PacketCounter	Acc_X	Acc_Y	Acc_Z	Gyr_X	Gyr_Y	Gyr_Z	Mat[1][1]	Mat[2][1]	Mat[3][1]	Mat[1][2]	Mat[2][2]	Mat[3][2]	Mat[1][3]	Mat[2][3]	Mat[3][3]
55147	9.537004	-1.286523	-1.790220	-0.042773	0.031023	-0.016301	0.213547	0.015398	0.976811	0.622487	-0.772760	-0.123904	0.752933	0.634511	-0.174606
55148	9.542074	-1.294764	-1.766255	-0.037296	0.028775	-0.015299	0.213285	0.015309	0.976870	0.622249	-0.772977	-0.123745	0.753203	0.634250	-0.174391
55149	9.544021	-1.250786	-1.799104	-0.030345	0.028725	-0.018930	0.213053	0.015283	0.976921	0.622072	-0.773147	-0.123570	0.753415	0.634043	-0.174229
55150	9.539230	-1.279609	-1.783301	-0.025988	0.026513	-0.022002	0.212767	0.015261	0.976984	0.621934	-0.773291	-0.123365	0.753610	0.633868	-0.174022
55151	9.531329	-1.256024	-1.824460	-0.022673	0.023761	-0.023952	0.212527	0.015300	0.977035	0.621907	-0.773344	-0.123169	0.753700	0.633802	-0.173872
55152	9.537609	-1.221992	-1.835949	-0.021628	0.024297	-0.025080	0.212239	0.015316	0.977098	0.621808	-0.773460	-0.122942	0.753863	0.633660	-0.173681
55153	9.553628	-1.167056	-1.839857	-0.021133	0.011745	-0.026027	0.211981	0.015409	0.977152	0.621754	-0.773545	-0.122684	0.753981	0.633554	-0.173557
55154	9.538796	-1.216333	-1.833541	-0.019579	0.013362	-0.025467	0.211772	0.015497	0.977196	0.621671	-0.773647	-0.122456	0.754107	0.633427	-0.173471
55155	9.556957	-1.210181	-1.862123	-0.017909	0.011180	-0.028689	0.211615	0.015661	0.977228	0.621473	-0.773850	-0.122176	0.754315	0.633175	-0.173491
55156	9.552002	-1.238447	-1.847782	-0.015219	0.011155	-0.028538	0.211404	0.015787	0.977271	0.621429	-0.773925	-0.121926	0.754410	0.633081	-0.173421
55157	9.563215	-1.218125	-1.757880	-0.013571	0.010587	-0.027265	0.211213	0.015922	0.977310	0.621489	-0.773912	-0.121705	0.754414	0.633093	-0.173356
55158	9.580208	-1.253675	-1.751390	-0.013132	0.012233	-0.030789	0.210980	0.016059	0.977359	0.621466	-0.773972	-0.121437	0.754498	0.633016	-0.173272
55159	9.556556	-1.194562	-1.718092	-0.013250	0.016027	-0.027009	0.210718	0.016147	0.977414	0.621168	-0.774260	-0.121125	0.754817	0.632661	-0.173181
55160	9.583461	-1.209161	-1.702960	-0.014963	0.017153	-0.033502	0.210431	0.016274	0.977473	0.621136	-0.774332	-0.120827	0.754923	0.632570	-0.173052
55161	9.589561	-1.174584	-1.715178	-0.019031	0.012783	-0.028316	0.210281	0.016428	0.977503	0.621183	-0.774327	-0.120616	0.754926	0.632572	-0.173031
55162	9.568202	-1.164326	-1.706081	-0.025129	0.017713	-0.027255	0.210028	0.016503	0.977556	0.621062	-0.774465	-0.120361	0.755096	0.632402	-0.172909
55163	9.556649	-1.133059	-1.688733	-0.028827	0.015560	-0.030802	0.209652	0.016593	0.977635	0.620860	-0.774683	-0.119994	0.755367	0.632132	-0.172716
55164	9.576031	-1.084301	-1.752176	-0.034703	0.014500	-0.032824	0.209389	0.016731	0.977689	0.620678	-0.774880	-0.119668	0.755589	0.631887	-0.172636
55165	9.569271	-1.150268	-1.783835	-0.042058	0.011240	-0.030207	0.209147	0.016880	0.977739	0.620438	-0.775123	-0.119335	0.755854	0.631584	-0.172588
55166	9.613715	-1.160844	-1.799241	-0.042968	0.006884	-0.032891	0.208941	0.017067	0.977779	0.620193	-0.775372	-0.118994	0.756112	0.631274	-0.172592
55167	9.596613	-1.160321	-1.769384	-0.038826	0.010669	-0.032880	0.208720	0.017252	0.977823	0.619964	-0.775608	-0.118649	0.756360	0.630980	-0.172581
55168	9.609420	-1.184530	-1.784825	-0.034589	0.012274	-0.032156	0.208478	0.017400	0.977872	0.619780	-0.775803	-0.118330	0.756577	0.630735	-0.172522
55169	9.592361	-1.184359	-1.754552	-0.035122	0.012796	-0.029355	0.208360	0.017579	0.977894	0.619755	-0.775858	-0.118104	0.756631	0.630663	-0.172553
55170	9.612437	-1.139110	-1.737060	-0.032090	0.016612	-0.033434	0.208078	0.017710	0.977952	0.619593	-0.776037	-0.117777	0.756841	0.630439	-0.172449
55171	9.591131	-1.128149	-1.727967	-0.037455	0.016617	-0.033776	0.207813	0.017867	0.978005	0.619467	-0.776187	-0.117448	0.757017	0.630249	-0.172369
55172	9.569886	-1.116987	-1.718633	-0.035562	0.022067	-0.037447	0.207464	0.017994	0.978077	0.619287	-0.776387	-0.117076	0.757260	0.630000	-0.172216
55173	9.570661	-1.112764	-1.717052	-0.040828	0.019882	-0.037086	0.207155	0.018160	0.978140	0.619130	-0.776568	-0.116705	0.757472	0.629772	-0.172113
55174	9.579384	-1.125891	-1.753371	-0.041863	0.019318	-0.035983	0.206837	0.018293	0.978204	0.618899	-0.776807	-0.116336	0.757748	0.629473	-0.171994
55175	9.556389	-1.152827	-1.790415	-0.040520	0.013305	-0.034987	0.206532	0.018461	0.978266	0.618707	-0.777017	-0.115959	0.757988	0.629209	-0.171901
55176	9.569307	-1.176703	-1.806026	-0.035451	0.007840	-0.034940	0.206307	0.018658	0.978309	0.618522	-0.777216	-0.115611	0.758200	0.628958	-0.171885
55177	9.582184	-1.200650	-1.821918	-0.036488	0.007279	-0.033833	0.206031	0.018844	0.978364	0.618301	-0.777448	-0.115232	0.758456	0.628664	-0.171830
55178	9.596692	-1.186691	-1.791749	-0.034341	0.007797	-0.030859	0.205831	0.019011	0.978403	0.618116	-0.777641	-0.114926	0.758661	0.628421	-0.171814
55179	9.589193	-1.165743	-1.753595	-0.034937	0.008889	-0.033276	0.205733	0.019259	0.978419	0.618105	-0.777688	-0.114662	0.758697	0.628355	-0.171900
55180	9.599415	-1.140649	-1.744909	-0.046224	0.008368	-0.040896	0.205468	0.019500	0.978470	0.617850	-0.777953	-0.114238	0.758976	0.628020	-0.171892
55181	9.648430	-1.160515	-1.738660	-0.046416	0.012715	-0.042331	0.205357	0.019818	0.978486	0.617565	-0.778236	-0.113848	0.759237	0.627659	-0.172055
55182	9.622504	-1.184094	-1.635768	-0.042885	0.017615	-0.044712	0.204998	0.020031	0.978557	0.617343	-0.778479	-0.113392	0.759515	0.627351	-0.171953
55183	9.605667	-1.182722	-1.604978	-0.044120	0.021407	-0.045030	0.204647	0.020258	0.978626	0.617186	-0.778669	-0.112945	0.759738	0.627108	-0.171856
55184	9.557196	-1.195295	-1.574645	-0.045053	0.018654	-0.043225	0.204290	0.020454	0.978697	0.616944	-0.778925	-0.112500	0.760030	0.626784	-0.171745
55185	9.581484	-1.159485	-1.535275	-0.043801	0.014826	-0.042945	0.203954	0.020681	0.978762	0.616784	-0.779115	-0.112062	0.760250	0.626540	-0.171659
55186	9.617590	-1.147278	-1.593243	-0.039969	0.013188	-0.043196	0.203638	0.020911	0.978823	0.616580	-0.779338	-0.111626	0.760500	0.626254	-0.171596
55187	9.632179	-1.132455	-1.562555	-0.039364	0.012072	-0.040802	0.203386	0.021159	0.978870	0.616381	-0.779554	-0.111218	0.760729	0.625977	-0.171592
55188	9.636629	-1.134354	-1.621137	-0.041544	0.013130	-0.039292	0.203095	0.021359	0.978926	0.616157	-0.779788	-0.110818	0.760988	0.625679	-0.171531
55189	9.610901	-1.112139	-1.634056	-0.047395	0.012013	-0.041369	0.202837	0.021608	0.978974	0.615766	-0.780162	-0.110363	0.761374	0.625204	-0.171551
55190	9.602042	-1.128036	-1.641846	-0.053347	0.013072	-0.044159	0.202516	0.021847	0.979035	0.615461	-0.780468	-0.109894	0.761705	0.624814	-0.171503
55191	9.567311	-1.130499	-1.582628	-0.060132	0.009208	-0.044425	0.202216	0.022119	0.979091	0.614960	-0.780937	-0.109368	0.762189	0.624218	-0.171520
55192	9.567501	-1.120716	-1.663034	-0.059286	0.014100	-0.046981	0.201871	0.022373	0.979157	0.614615	-0.781279	-0.108862	0.762559	0.623781	-0.171468
55193	9.572625	-1.125806	-1.640895	-0.061408	0.013534	-0.050014	0.201604	0.022707	0.979204	0.614386	-0.781528	-0.108370	0.762814	0.623457	-0.171510
55194	9.555729	-1.123832	-1.610774	-0.060458	0.016243	-0.051865	0.201213	0.022987	0.979278	0.614042	-0.781875	-0.107814	0.763195	0.623011	-0.171438
55195	9.588083	-1.103968	-1.609497	-0.060238	0.011855	-0.050484	0.200826	0.023284	0.979350	0.613954	-0.782014	-0.107305	0.763368	0.622825	-0.171344
55196	9.584480	-1.087377	-1.630452	-0.056506	0.012405	-0.051443	0.200466	0.023585	0.979417	0.613638	-0.782337	-0.106760	0.763716	0.622409	-0.171305
55197	9.585274	-1.081297	-1.629826	-0.061407	0.013994	-0.055374	0.200077	0.023925	0.979488	0.613358	-0.782636	-0.106172	0.764042	0.622020	-0.171262
55198	9.590477	-1.085667	-1.607684	-0.065710	0.014479	-0.056896	0.199668	0.024256	0.979563	0.612983	-0.783013	-0.105557	0.764451	0.621532	-0.171212
55199	9.630453	-1.124274	-1.609856	-0.069520	0.016041	-0.056710	0.199322	0.024615	0.979625	0.612567	-0.783420	-0.104953	0.764874	0.621005	-0.171231
55200	9.591538	-1.115003	-1.571788	-0.073330	0.017597	-0.056529	0.198893	0.024924	0.979704	0.612132	-0.783843	-0.104329	0.765334	0.620458	-0.171158
55201	9.623975	-1.094055	-1.570260	-0.079751	0.017519	-0.061084	0.198416	0.025272	0.979792	0.611720	-0.784254	-0.103650	0.765787	0.619925	-0.171068
55202	9.643730	-1.045194	-1.552080	-0.078798	0.020215	-0.062950	0.197927	0.025616	0.979882	0.611255	-0.784709	-0.102954	0.766285	0.619335	-0.170973
55203	9.658517	-1.027792	-1.520588	-0.089318	0.027665	-0.064166	0.197458	0.025976	0.979967	0.610865	-0.785101	-0.102276	0.766717	0.618823	-0.170892
55204	9.615793	-1.011977	-1.421873	-0.102023	0.036146	-0.063875	0.196843	0.026229	0.980084	0.610222	-0.785698	-0.101531	0.767387	0.618054	-0.170664
55205	9.666593	-0.991030	-1.366724	-0.109966	0.045767	-0.065631	0.196214	0.026479	0.980204	0.609606	-0.786271	-0.100789	0.768037	0.617314	-0.170419
55206	9.645164	-1.019139	-1.321383	-0.119104	0.047187	-0.065906	0.195501	0.026682	0.980340	0.608833	-0.786971	-0.099996	0.768831	0.616413	-0.170099
55207	9.650866	-1.022290	-1.296246	-0.124328	0.056226	-0.062236	0.194737	0.026800	0.980489	0.608020	-0.787697	-0.099229	0.769669	0.615480	-0.169688
55208	9.670296	-1.015685	-1.240256	-0.124614	0.062659	-0.064445	0.193914	0.026898	0.980650	0.607199	-0.788428	-0.098442	0.770524	0.614539	-0.169220
55209	9.698298	-1.025452	-1.221524	-0.122893	0.071815	-0.064319	0.193041	0.026950	0.980821	0.606405	-0.789135	-0.097667	0.771368	0.613628	-0.168678
55210	9.682076	-1.022250	-1.185991	-0.123473	0.084176	-0.063377	0.192059	0.026910	0.981014	0.605588	-0.789858	-0.096893	0.772255	0.612699	-0.167995
55211	9.706561	-0.983886	-1.139774	-0.126901	0.089459	-0.067541	0.191017	0.026871	0.981219	0.604692	-0.790645	-0.096065	0.773214	0.611685	-0.167276
55212	9.681784	-0.964389	-1.064235	-0.128259	0.106643	-0.065183	0.189850	0.026710	0.981450	0.603837	-0.791394	-0.095267	0.774169	0.610723	-0.166375
55213	9.679180	-0.951639	-0.995227	-0.133019	0.117247	-0.065114	0.188606	0.026483	0.981696	0.603059	-0.792080	-0.094494	0.775079	0.609843	-0.165362
55214	9.711827	-0.972695	-0.949538	-0.132177	0.133356	-0.064297	0.187236	0.026155	0.981967	0.602169	-0.792851	-0.093701	0.776102	0.608854	-0.164199
55215	9.748800	-1.005169	-0.880865	-0.125521	0.150629	-0.061317	0.185766	0.025700	0.982258	0.601404	-0.793517	-0.092977	0.777049	0.608006	-0.162864
55216	9.754606	-1.015790	-0.764203	-0.119757	0.174888	-0.057615	0.184111	0.025070	0.982586	0.600594	-0.794212	-0.092273	0.778068	0.607123	-0.161280
55217	9.778267	-1.022255	-0.674072	-0.104942	0.199863	-0.054347	0.182270	0.024250	0.982949	0.599869	-0.794834	-0.091625	0.779060	0.606342	-0.159421
55218	9.823352	-1.078694	-0.554976	-0.083694	0.235236	-0.052813	0.180171	0.023219	0.983361	0.599327	-0.795311	-0.091029	0.779965	0.605756	-0.157208
55219	9.783652	-1.041377	-0.366533	-0.068104	0.267770	-0.058109	0.177824	0.022045	0.983815	0.598856	-0.795737	-0.090413	0.780865	0.605241	-0.154703
55220	9.814195	-1.034269	-0.175946	-0.044340	0.307357	-0.057873	0.175128	0.020620	0.984330	0.598626	-0.795975	-0.089831	0.781650	0.604978	-0.151742
55221	9.836161	-0.924948	-0.009453	-0.021288	0.352215	-0.061620	0.172024	0.018911	0.984911	0.598506	-0.796132	-0.089248	0.782431	0.604828	-0.148272
55222	9.851697	-0.926960	0.159686	0.002632	0.392088	-0.066936	0.168605	0.017047	0.985536	0.598656	-0.796086	-0.088648	0.783060	0.604943	-0.144430
55223	9.845689	-0.915392	0.259664	0.023519	0.430636	-0.074418	0.164910	0.015015	0.986194	0.599142	-0.795784	-0.088072	0.783475	0.605394	-0.140228
55224	9.853928	-0.886584	0.313567	0.035522	0.468786	-0.087084	0.160766	0.012843	0.986909	0.599578	-0.795539	-0.087317	0.784003	0.605767	-0.135596
55225	9.764409	-0.809655	0.356633	0.043055	0.498483	-0.090582	0.156423	0.010517	0.987634	0.600016	-0.795291	-0.086563	0.784546	0.606137	-0.130712
55226	9.721895	-0.878605	0.428464	0.035497	0.525534	-0.103309	0.151731	0.008126	0.988388	0.600470	-0.795047	-0.085643	0.785120	0.606493	-0.125513
55227	9.730370	-0.822163	0.559132	0.037495	0.548824	-0.102709	0.146861	0.005552	0.989141	0.600900	-0.794818	-0.084756	0.785717	0.606822	-0.120064
55228	9.841631	-0.922130	0.567673	0.023068	0.598083	-0.111316	0.141543	0.002781	0.989928	0.601258	-0.794655	-0.083737	0.786418	0.607055	-0.114150
55229	9.874430	-0.961728	0.709986	0.044572	0.675931	-0.110970	0.135681	-0.000486	0.990752	0.601883	-0.794278	-0.082816	0.786973	0.607554	-0.107476
55230	9.888725	-0.991355	0.978950	0.053488	0.758625	-0.117945	0.129051	-0.004186	0.991629	0.602478	-0.793937	-0.081758	0.787633	0.607986	-0.099936
55231	9.987605	-1.058188	1.141966	0.093002	0.850903	-0.131869	0.121623	-0.008406	0.992541	0.603522	-0.793255	-0.080672	0.788016	0.608832	-0.091405
55232	10.097424	-0.974349	1.417807	0.129787	0.938533	-0.167471	0.113267	-0.012822	0.993482	0.604760	-0.792462	-0.079176	0.788312	0.609786	-0.082006
55233	10.120889	-1.000518	1.712163	0.186857	1.050635	-0.190658	0.103885	-0.017827	0.994430	0.606477	-0.791311	-0.077543	0.788286	0.611154	-0.071393
55234	9.957592	-0.862347	2.062102	0.246552	1.110456	-0.218138	0.093861	-0.022924	0.995321	0.608655	-0.789826	-0.075589	0.787864	0.612902	-0.060181
55235	9.764800	-0.621089	1.966881	0.230310	1.038641	-0.208626	0.084439	-0.027763	0.996042	0.610550	-0.788537	-0.073738	0.787463	0.614360	-0.049633
55236	10.075084	-0.389038	1.671849	0.185862	0.904646	-0.208772	0.076094	-0.031707	0.996596	0.612201	-0.787436	-0.071796	0.787032	0.615580	-0.040509
55237	10.798972	-0.085055	1.758832	0.140409	0.864467	-0.212134	0.068098	-0.035436	0.997049	0.613415	-0.786665	-0.069855	0.786819	0.616362	-0.031834
55238	11.319985	0.026414	1.995800	0.017557	0.915175	-0.195481	0.059750	-0.039564	0.997429	0.613699	-0.786609	-0.067964	0.787276	0.616182	-0.022720
55239	11.572664	-0.225810	2.005208	-0.084970	0.980404	-0.157953	0.051103	-0.044502	0.997701	0.613147	-0.787163	-0.066516	0.788314	0.615137	-0.012940
55240	11.746445	-0.513748	1.904584	-0.106137	0.997907	-0.093796	0.042710	-0.049921	0.997840	0.612376	-0.787838	-0.065625	0.789412	0.613856	-0.003078
55241	11.971285	-0.696140	1.780211	-0.093842	1.011615	-0.050641	0.034494	-0.055834	0.997844	0.611651	-0.788432	-0.065260	0.790376	0.612583	0.006954
55242	12.147704	-0.779906	1.661760	-0.019195	1.046382	-0.011869	0.026203	-0.062172	0.997721	0.611525	-0.788534	-0.065197	0.790791	0.611840	0.017358
55243	12.183723	-0.944307	1.573980	0.093238	1.118679	0.028303	0.017723	-0.069278	0.997440	0.612273	-0.787920	-0.065605	0.790448	0.611868	0.028453
55244	11.934067	-1.118722	1.634811	0.198397	1.201308	0.070656	0.008721	-0.077215	0.996976	0.613854	-0.786631	-0.066293	0.789372	0.612576	0.040538
55245	11.526623	-1.099690	1.687951	0.263149	1.272241	0.081548	-0.000708	-0.085807	0.996312	0.615998	-0.784880	-0.067160	0.787747	0.613678	0.053413
55246	10.992568	-0.943079	1.420350	0.252751	1.272966	0.078945	-0.010184	-0.094269	0.995495	0.618015	-0.783233	-0.067847	0.786100	0.614540	0.066236
55247	10.800595	-0.366369	0.885717	0.187029	1.195537	0.051670	-0.019238	-0.102111	0.994587	0.619349	-0.782138	-0.068320	0.784880	0.614682	0.078290
55248	10.958233	-0.052806	0.277231	0.075386	1.155985	0.034365	-0.028039	-0.109508	0.993590	0.619974	-0.781614	-0.068649	0.784122	0.614075	0.089808
55249	10.943945	-0.081214	-0.724434	0.001136	1.125952	0.025017	-0.036627	-0.116706	0.992491	0.619949	-0.781600	-0.069029	0.783787	0.612766	0.100979
55250	10.843659	0.318110	-1.119459	-0.029339	1.112867	0.039209	-0.045050	-0.123849	0.991278	0.619761	-0.781707	-0.069500	0.783496	0.611225	0.111972
55251	10.742572	0.396185	-1.156230	-0.065881	1.124630	0.057129	-0.053340	-0.131337	0.989902	0.619373	-0.781937	-0.070371	0.783283	0.609365	0.123055
55252	10.866121	0.351129	-1.177859	-0.083663	1.187449	0.063578	-0.062191	-0.139084	0.988326	0.618781	-0.782334	-0.071158	0.783098	0.607132	0.134716
55253	10.557853	0.560127	-0.969662	-0.083364	1.271205	0.065893	-0.071441	-0.147276	0.986512	0.618241	-0.782677	-0.072074	0.782735	0.604753	0.146968
55254	10.063814	0.849711	-0.881554	-0.119160	1.281371	0.051866	-0.081093	-0.155440	0.984511	0.617375	-0.783291	-0.072818	0.782478	0.601908	0.159484
55255	9.708702	0.994488	-0.751971	-0.211046	1.254541	0.028527	-0.090593	-0.163272	0.982413	0.615772	-0.784480	-0.073593	0.782699	0.598276	0.171607
55256	9.119010	0.926099	-0.386596	-0.290954	1.233160	0.019904	-0.100070	-0.170806	0.980210	0.613542	-0.786154	-0.074354	0.783296	0.593959	0.183467
55257	8.659128	0.202637	0.010294	-0.384355	1.172180	0.020068	-0.108999	-0.177925	0.977989	0.610539	-0.788390	-0.075385	0.784450	0.588883	0.194564
55258	8.379556	-0.829422	-0.016558	-0.386618	1.113154	0.017251	-0.117576	-0.184615	0.975753	0.607553	-0.790599	-0.076375	0.785529	0.583842	0.205119
55259	8.413101	-1.751598	-0.231506	-0.289854	1.023018	-0.009118	-0.125454	-0.190439	0.973650	0.605287	-0.792277	-0.076973	0.786059	0.579681	0.214664
55260	8.403995	-2.086716	-0.105639	-0.117294	0.950356	-0.018465	-0.132977	-0.195816	0.971583	0.604372	-0.792963	-0.077099	0.785526	0.576945	0.223791
55261	8.374202	-2.395255	0.027988	0.099782	0.888268	-0.011785	-0.139781	-0.200828	0.969603	0.605171	-0.792375	-0.076877	0.783728	0.576030	0.232294
55262	8.062917	-2.298404	0.204617	0.319756	0.850901	-0.013017	-0.146458	-0.205658	0.967603	0.607685	-0.790529	-0.076042	0.780557	0.576860	0.240754
55263	7.807657	-2.300840	0.280525	0.461413	0.799000	-0.022711	-0.152585	-0.210230	0.965671	0.611350	-0.787807	-0.074909	0.776511	0.578933	0.248732
55264	7.618485	-2.157483	0.578338	0.583794	0.743198	-0.028187	-0.158454	-0.214349	0.963819	0.615858	-0.784449	-0.073210	0.771759	0.581975	0.256308
55265	7.549708	-2.049993	0.793774	0.671217	0.680396	-0.026002	-0.163730	-0.218161	0.962080	0.620949	-0.780599	-0.071334	0.766561	0.585723	0.263274
55266	7.621460	-1.915514	0.908387	0.754164	0.598147	-0.037617	-0.168474	-0.221412	0.960517	0.626678	-0.776217	-0.069010	0.760849	0.590309	0.269527
55267	7.696935	-1.757488	1.028412	0.818892	0.518955	-0.033692	-0.172398	-0.224292	0.959152	0.632868	-0.771388	-0.066633	0.754823	0.595528	0.274933
55268	7.877827	-1.476576	1.141156	0.881965	0.446683	-0.047555	-0.175999	-0.226626	0.957948	0.639446	-0.766186	-0.063777	0.748420	0.601332	0.279763
55269	8.074274	-1.184849	1.336500	0.956275	0.394670	-0.062609	-0.179106	-0.228591	0.956905	0.646510	-0.760490	-0.060662	0.741583	0.607784	0.283995
55270	8.228807	-0.820600	1.573248	1.025202	0.370500	-0.087489	-0.182349	-0.230218	0.955902	0.653949	-0.754393	-0.056939	0.734234	0.614729	0.288114
55271	8.319666	-0.373522	2.011701	1.106520	0.354795	-0.119894	-0.185402	-0.231363	0.955038	0.661826	-0.747804	-0.052679	0.726369	0.622302	0.291767
55272	8.674334	0.181803	2.494585	1.157919	0.396974	-0.168104	-0.189328	-0.232620	0.953962	0.669905	-0.740912	-0.047716	0.717901	0.630030	0.296109
55273	8.474035	0.633511	2.894608	1.138866	0.456980	-0.196464	-0.193644	-0.233934	0.952773	0.677663	-0.734142	-0.042524	0.709419	0.637424	0.300691
55274	8.064576	0.937530	3.223785	1.118123	0.419418	-0.209149	-0.197966	-0.235116	0.951594	0.685170	-0.727433	-0.037191	0.700965	0.644641	0.305101
55275	7.778937	1.223264	3.669742	1.046924	0.326181	-0.193888	-0.201401	-0.235590	0.950755	0.692051	-0.721134	-0.032093	0.693183	0.651508	0.308278
55276	7.631436	1.372034	4.003279	0.937400	0.215269	-0.167179	-0.203986	-0.235818	0.950147	0.698210	-0.715359	-0.027648	0.686216	0.657762	0.310574
55277	7.623699	1.429322	4.302300	0.808923	0.109990	-0.128735	-0.205330	-0.235364	0.949970	0.703436	-0.710355	-0.023953	0.680454	0.663325	0.311421
55278	7.733483	1.397469	4.566777	0.651846	0.015092	-0.089535	-0.206002	-0.234848	0.949952	0.707704	-0.706193	-0.021117	0.675809	0.667935	0.311680
55279	7.810384	1.311427	4.694246	0.504713	-0.061940	-0.056342	-0.205684	-0.233878	0.950261	0.711040	-0.702892	-0.019091	0.672396	0.671746	0.310870
55280	7.940000	1.302796	4.648487	0.378923	-0.125055	-0.011201	-0.204861	-0.232975	0.950660	0.713591	-0.700335	-0.017854	0.669940	0.674725	0.309720
55281	7.923382	1.268986	4.422994	0.264521	-0.190415	0.020203	-0.203224	-0.231772	0.951305	0.715403	-0.698496	-0.017350	0.668504	0.677041	0.307762
55282	7.906835	1.242548	4.224970	0.188888	-0.254376	0.041990	-0.201160	-0.230357	0.952087	0.716781	-0.697086	-0.017216	0.667652	0.678975	0.305341
55283	8.048868	1.435574	4.272292	0.110673	-0.293210	0.070643	-0.198624	-0.228879	0.952976	0.717647	-0.696184	-0.017629	0.667481	0.680399	0.302533
55284	8.453630	1.370059	4.399174	0.083648	-0.313319	0.084942	-0.195859	-0.227353	0.953913	0.718404	-0.695387	-0.018233	0.667484	0.681724	0.299529
55285	9.000419	1.055250	4.422168	0.061515	-0.278864	0.104156	-0.193123	-0.226008	0.954790	0.719039	-0.694710	-0.019007	0.667597	0.682861	0.296673
55286	9.295866	0.787381	4.485998	0.063872	-0.183147	0.130920	-0.190894	-0.225682	0.955315	0.719747	-0.693945	-0.020114	0.667475	0.683746	0.294904
55287	9.246009	0.561751	4.227541	0.097441	-0.099874	0.160417	-0.188982	-0.226080	0.955601	0.720721	-0.692895	-0.021396	0.666968	0.684678	0.293886
55288	9.271012	0.363572	4.001846	0.176866	-0.094608	0.225887	-0.186658	-0.227010	0.955837	0.722354	-0.691138	-0.023082	0.665855	0.686145	0.292988
55289	9.453797	0.185267	3.925302	0.265487	-0.140894	0.305450	-0.183449	-0.228051	0.956211	0.724705	-0.688599	-0.025192	0.664191	0.688349	0.291592
55290	9.688763	-0.005445	3.985835	0.358659	-0.187415	0.372627	-0.179436	-0.229332	0.956666	0.727788	-0.685240	-0.027759	0.661911	0.691269	0.289862
55291	9.715600	-0.130352	4.173921	0.441615	-0.210544	0.378397	-0.175246	-0.230471	0.957169	0.731358	-0.681327	-0.030150	0.659094	0.694749	0.287957
55292	9.695249	0.129890	4.418378	0.466841	-0.220464	0.383584	-0.170919	-0.231555	0.957689	0.735120	-0.677156	-0.032529	0.656037	0.698457	0.285960
55293	9.490071	0.521494	4.603968	0.354156	-0.243896	0.395276	-0.166372	-0.232463	0.958270	0.738127	-0.673739	-0.035288	0.653827	0.701454	0.283678
55294	8.986544	0.877131	4.576653	0.104822	-0.285736	0.421469	-0.161326	-0.233306	0.958928	0.739531	-0.671988	-0.039078	0.653505	0.702852	0.280946
55295	8.309914	1.025197	4.080846	-0.217496	-0.390207	0.428952	-0.155568	-0.233445	0.959845	0.738779	-0.672521	-0.043826	0.655747	0.702295	0.277087
55296	8.008469	1.081200	3.325585	-0.557841	-0.571187	0.404171	-0.148763	-0.232178	0.961230	0.735750	-0.675458	-0.049285	0.660713	0.699893	0.271308
55297	8.136638	0.885660	2.289918	-0.896164	-0.770670	0.379942	-0.140834	-0.229382	0.963094	0.730337	-0.680840	-0.055359	0.668412	0.695586	0.263411
55298	8.233389	0.181830	0.932237	-1.105501	-0.958867	0.364694	-0.131664	-0.225247	0.965364	0.723420	-0.687639	-0.061780	0.677738	0.690229	0.253486
55299	8.748943	-0.317226	-0.413168	-1.181061	-1.194714	0.379849	-0.120765	-0.219680	0.968068	0.715835	-0.694912	-0.068394	0.687748	0.684717	0.241176
55300	10.922297	0.079895	-1.180392	-1.227987	-1.481689	0.366299	-0.107825	-0.212149	0.971271	0.707770	-0.702465	-0.074862	0.698166	0.679364	0.225896
55301	14.162759	0.675787	-1.001007	-1.220050	-1.622832	0.276750	-0.094444	-0.203110	0.974590	0.699491	-0.710126	-0.080209	0.708374	0.674142	0.209141
55302	16.047929	-0.943041	-0.054114	-0.891345	-1.498774	0.135678	-0.082761	-0.194015	0.977501	0.693289	-0.715820	-0.083379	0.715892	0.670790	0.193751
55303	16.088677	-3.668821	2.457640	0.127723	-1.160777	0.057337	-0.074036	-0.186592	0.979644	0.694300	-0.714804	-0.083677	0.715867	0.673972	0.182472
55304	14.871210	-4.449805	5.815135	1.215310	-0.614940	0.155411	-0.068508	-0.183538	0.980623	0.703087	-0.706236	-0.083063	0.707796	0.683772	0.177426
55305	11.123333	-2.255866	7.755145	1.479368	-0.204799	0.348363	-0.064604	-0.184600	0.980688	0.713732	-0.695379	-0.083877	0.697433	0.694530	0.176679
55306	8.484813	0.221037	6.606235	1.076669	-0.285887	0.464187	-0.059225	-0.185826	0.980796	0.721511	-0.686967	-0.086588	0.689865	0.702527	0.174761
55307	7.288157	2.003762	3.933046	0.562196	-0.524297	0.489142	-0.052041	-0.185444	0.981276	0.725662	-0.682084	-0.090417	0.686080	0.707369	0.170066
55308	7.645124	2.192930	1.300922	0.095068	-0.793035	0.476372	-0.043077	-0.183085	0.982153	0.726564	-0.680502	-0.094986	0.685748	0.709505	0.162337
55309	8.111384	1.207258	-0.465116	-0.109283	-1.027104	0.456857	-0.032712	-0.178934	0.983317	0.725985	-0.680449	-0.099669	0.686932	0.710614	0.152163
55310	8.255995	-1.198910	-1.962256	0.201419	-1.114426	0.437639	-0.021818	-0.173982	0.984507	0.727509	-0.678212	-0.103731	0.685752	0.713974	0.141370
55311	8.010554	-2.956637	-2.273465	0.690807	-1.158698	0.478033	-0.010434	-0.168956	0.985568	0.732320	-0.672419	-0.107519	0.680881	0.720630	0.130746
55312	8.759260	-3.365825	-1.562038	0.873619	-1.219339	0.610321	0.002382	-0.164214	0.986422	0.738285	-0.665042	-0.112495	0.674485	0.728528	0.119652
55313	9.758995	-2.266430	-0.066187	0.568418	-1.138874	0.740542	0.015505	-0.160872	0.986853	0.742043	-0.659670	-0.119195	0.670173	0.734136	0.109146
55314	9.954317	-1.134205	0.735717	-0.066899	-1.007529	0.722836	0.027685	-0.158247	0.987011	0.741456	-0.658978	-0.126451	0.670430	0.735327	0.099089
55315	9.598293	-0.838979	0.311586	-0.647035	-0.932555	0.535629	0.037945	-0.154914	0.987199	0.736955	-0.662860	-0.132344	0.674876	0.732543	0.089012
55316	9.321551	-1.355756	-0.529404	-0.928259	-0.908777	0.306661	0.046423	-0.150333	0.987545	0.730548	-0.669140	-0.136204	0.681282	0.727772	0.078762
55317	9.305876	-2.038164	-1.244526	-0.883965	-0.918850	0.197929	0.054162	-0.145034	0.987943	0.724409	-0.675244	-0.138843	0.687240	0.723194	0.068491
55318	9.452537	-2.770666	-1.727603	-0.608370	-0.967430	0.195976	0.062310	-0.139391	0.988275	0.720118	-0.679328	-0.141218	0.691048	0.720474	0.058049
55319	9.782112	-3.303531	-1.659188	-0.251121	-1.027894	0.257245	0.071280	-0.133740	0.988450	0.718247	-0.680744	-0.143901	0.692127	0.720209	0.047535
55320	9.958028	-3.398518	-1.294250	0.064438	-1.037716	0.300906	0.080682	-0.128317	0.988446	0.718480	-0.679857	-0.146903	0.690852	0.722031	0.037341
55321	9.800642	-3.053700	-0.961486	0.236955	-1.003708	0.300965	0.089781	-0.123045	0.988332	0.719931	-0.677693	-0.149771	0.688214	0.724977	0.027740
55322	9.533621	-2.303236	-0.876209	0.284770	-0.982258	0.279084	0.098603	-0.117809	0.988129	0.721638	-0.675260	-0.152518	0.685212	0.728110	0.018433
55323	9.548954	-2.044180	-1.129855	0.169272	-0.985130	0.252076	0.107189	-0.112343	0.987871	0.722559	-0.673705	-0.155017	0.682949	0.730411	0.008960
55324	9.461540	-1.586352	-0.912625	0.015329	-0.962623	0.223550	0.115438	-0.106824	0.987554	0.722428	-0.673321	-0.157280	0.681742	0.731592	-0.000554
55325	9.255405	-1.531071	-0.716089	-0.115763	-0.899363	0.191783	0.122985	-0.101459	0.987209	0.721474	-0.673907	-0.159140	0.681432	0.731817	-0.009681
55326	9.239052	-1.422684	-0.119083	-0.215471	-0.870671	0.177979	0.130267	-0.096302	0.986791	0.719792	-0.675280	-0.160922	0.681857	0.731247	-0.018649
55327	9.436805	-1.530998	0.273882	-0.314930	-0.822215	0.174736	0.137160	-0.091418	0.986321	0.717472	-0.677355	-0.162554	0.682950	0.729954	-0.027316
55328	9.430276	-1.493375	0.648424	-0.419301	-0.782573	0.192511	0.143954	-0.087033	0.985750	0.714346	-0.680213	-0.164377	0.684826	0.727829	-0.035748
55329	9.443447	-1.150967	0.896150	-0.546787	-0.744933	0.204344	0.150543	-0.082964	0.985116	0.710353	-0.683953	-0.166155	0.687558	0.724794	-0.044031
55330	9.607668	-0.743070	0.801811	-0.712031	-0.728259	0.238263	0.157315	-0.079350	0.984355	0.705088	-0.688879	-0.168215	0.691450	0.720520	-0.052423
55331	9.633822	-0.852392	0.594366	-0.879663	-0.695732	0.266627	0.164039	-0.076209	0.983506	0.698581	-0.694954	-0.170366	0.696474	0.715005	-0.060762
55332	9.237306	-1.284448	0.251970	-0.960227	-0.626584	0.233742	0.170109	-0.073394	0.982688	0.691486	-0.701590	-0.172099	0.702075	0.708791	-0.068596
55333	9.222343	-1.682080	-0.192212	-0.939202	-0.641847	0.229100	0.176230	-0.070508	0.981820	0.684488	-0.708027	-0.173707	0.707403	0.702656	-0.076514
55334	9.544152	-1.944457	-0.416181	-0.912181	-0.662315	0.258076	0.182753	-0.067724	0.980824	0.677559	-0.714207	-0.175562	0.712401	0.696651	-0.084636
55335	9.531363	-2.334764	-0.481968	-0.911157	-0.609848	0.254665	0.188840	-0.065344	0.979831	0.670608	-0.720317	-0.177281	0.717373	0.690561	-0.092205
55336	9.182088	-2.709875	-0.616025	-0.865631	-0.561206	0.223049	0.194430	-0.063114	0.978884	0.663961	-0.726102	-0.178694	0.722048	0.684684	-0.099271
55337	8.968574	-2.900540	-0.795933	-0.806459	-0.575304	0.193377	0.199864	-0.060634	0.977946	0.657805	-0.731416	-0.179786	0.726187	0.679230	-0.106299
55338	8.988121	-2.756657	-0.782609	-0.725230	-0.604199	0.158289	0.205362	-0.057724	0.976982	0.652215	-0.736208	-0.180594	0.729687	0.674289	-0.113540
55339	9.068714	-2.567938	-0.808192	-0.622574	-0.614789	0.134771	0.210736	-0.054594	0.976017	0.647425	-0.740276	-0.181196	0.732415	0.670082	-0.120657
55340	9.144996	-2.269279	-0.808841	-0.553498	-0.620003	0.125950	0.216159	-0.051404	0.975004	0.643105	-0.743886	-0.181796	0.734637	0.666327	-0.127739
55341	9.224841	-2.060545	-0.953730	-0.494516	-0.619086	0.128554	0.221522	-0.048268	0.973960	0.639255	-0.747046	-0.182418	0.736398	0.663018	-0.134631
55342	9.313665	-1.931290	-1.052937	-0.457251	-0.619095	0.130674	0.226980	-0.045170	0.972851	0.635600	-0.749987	-0.183117	0.737897	0.659908	-0.141522
55343	9.433906	-1.890359	-1.114654	-0.431011	-0.605496	0.127661	0.232287	-0.042234	0.971730	0.632121	-0.752750	-0.183822	0.739233	0.656950	-0.148157
55344	9.379805	-1.881909	-1.083220	-0.401266	-0.580392	0.120202	0.237400	-0.039354	0.970615	0.628879	-0.755310	-0.184440	0.740373	0.654185	-0.154561
55345	9.277721	-1.951108	-0.859002	-0.393796	-0.546128	0.121714	0.242246	-0.036822	0.969516	0.625646	-0.757828	-0.185107	0.741542	0.651415	-0.160543
55346	9.132235	-1.942881	-0.697104	-0.373087	-0.553630	0.111751	0.247112	-0.034090	0.968387	0.622612	-0.760192	-0.185639	0.742489	0.648803	-0.166628
55347	9.208652	-1.929762	-0.622029	-0.357094	-0.567074	0.110332	0.252014	-0.031329	0.967216	0.619718	-0.762425	-0.186166	0.743262	0.646318	-0.172727
55348	9.268815	-1.821587	-0.471456	-0.352364	-0.575930	0.114610	0.257066	-0.028509	0.965973	0.616813	-0.764643	-0.186714	0.743948	0.643823	-0.178979
55349	9.319661	-1.529683	-0.476189	-0.366065	-0.578037	0.112916	0.262056	-0.025704	0.964710	0.613830	-0.766928	-0.187177	0.744674	0.641219	-0.185200
55350	9.422126	-1.174429	-0.486636	-0.423578	-0.603716	0.102887	0.267245	-0.022654	0.963362	0.610408	-0.769592	-0.187429	0.745642	0.638134	-0.191841
55351	9.485170	-0.909931	-0.508869	-0.522858	-0.618174	0.095804	0.272418	-0.019469	0.961982	0.606284	-0.772869	-0.187332	0.747133	0.634267	-0.198740
55352	9.337762	-0.874477	-0.552258	-0.619624	-0.629261	0.094831	0.277759	-0.016248	0.960514	0.601394	-0.776748	-0.187049	0.749116	0.629602	-0.205977
55353	9.134265	-1.040176	-0.605962	-0.684323	-0.655859	0.092153	0.283209	-0.012885	0.958972	0.596038	-0.780993	-0.186519	0.751353	0.624407	-0.213505
55354	9.316395	-1.101735	-0.575712	-0.737247	-0.691508	0.093560	0.289027	-0.009341	0.957275	0.590228	-0.785546	-0.185871	0.753720	0.618733	-0.221531
55355	9.609251	-1.217376	-0.574881	-0.798594	-0.685040	0.096507	0.294756	-0.005935	0.955554	0.583926	-0.790439	-0.185030	0.756406	0.612512	-0.229521
55356	9.733095	-1.423358	-0.562045	-0.848626	-0.652423	0.096405	0.300319	-0.002748	0.953835	0.577213	-0.795587	-0.184030	0.759364	0.605834	-0.237343
55357	9.799824	-1.724556	-0.534044	-0.886059	-0.606259	0.096283	0.305459	0.000075	0.952205	0.570225	-0.800878	-0.182860	0.762586	0.598828	-0.244679
55358	9.764087	-2.053213	-0.585643	-0.894841	-0.565314	0.092464	0.310362	0.002673	0.950615	0.563107	-0.806188	-0.181579	0.765889	0.591653	-0.251715
55359	9.763092	-2.284634	-0.764579	-0.876503	-0.532616	0.077259	0.314890	0.005074	0.949115	0.556149	-0.811316	-0.180178	0.769118	0.584585	-0.258297
55360	9.778071	-2.463556	-1.006723	-0.848288	-0.508788	0.058682	0.319193	0.007527	0.947660	0.549431	-0.816233	-0.178577	0.772167	0.577674	-0.264671
55361	10.047097	-2.510551	-1.060831	-0.807017	-0.495853	0.026823	0.323141	0.010072	0.946297	0.543185	-0.820798	-0.176750	0.774939	0.571129	-0.270705
55362	10.179194	-2.362125	-1.018623	-0.781171	-0.485847	-0.002734	0.326955	0.012827	0.944953	0.537134	-0.825218	-0.174647	0.777552	0.564668	-0.276699
55363	10.372325	-2.264525	-0.874915	-0.735642	-0.481046	-0.038128	0.330449	0.015753	0.943692	0.531561	-0.829312	-0.172292	0.779901	0.558564	-0.282419
55364	10.208208	-2.174423	-0.635180	-0.689639	-0.451403	-0.069493	0.333663	0.018811	0.942505	0.526411	-0.833117	-0.169731	0.782023	0.552777	-0.287883
55365	9.912585	-2.209657	-0.283750	-0.631963	-0.456670	-0.084798	0.336772	0.021902	0.941332	0.521743	-0.836559	-0.167195	0.783817	0.547439	-0.293156
55366	10.146595	-2.030532	0.034662	-0.608632	-0.460454	-0.097446	0.339934	0.025199	0.940112	0.517301	-0.839837	-0.164539	0.785394	0.542253	-0.298525
55367	10.460940	-1.765888	0.330744	-0.632158	-0.429908	-0.109046	0.342704	0.028322	0.939016	0.512783	-0.843150	-0.161715	0.787152	0.536932	-0.303474
55368	10.751749	-1.390455	0.564122	-0.670416	-0.372715	-0.131159	0.345028	0.031392	0.938067	0.507953	-0.846678	-0.158495	0.789265	0.531180	-0.308073
55369	10.953393	-1.051753	0.931793	-0.651978	-0.297394	-0.169457	0.346500	0.034247	0.937425	0.503395	-0.850038	-0.155015	0.791537	0.525608	-0.311778
55370	10.962895	-0.599900	1.576225	-0.573188	-0.207120	-0.200482	0.347191	0.037008	0.937064	0.499551	-0.852951	-0.151403	0.793667	0.520677	-0.314625
55371	10.707995	-0.327164	2.286591	-0.586386	-0.142435	-0.222360	0.347155	0.039468	0.936977	0.495636	-0.855900	-0.147583	0.796133	0.515633	-0.316692
55372	11.349227	-0.637088	3.017804	-0.725740	-0.116156	-0.238996	0.346958	0.042082	0.936936	0.490679	-0.859509	-0.143099	0.799283	0.509385	-0.318863
55373	12.613582	-1.372464	3.492591	-0.887963	0.008365	-0.244496	0.345658	0.043984	0.937329	0.484462	-0.863840	-0.138119	0.803628	0.501842	-0.319902
55374	13.318416	-1.716653	3.949825	-0.959845	0.198934	-0.255345	0.342880	0.045174	0.938292	0.477606	-0.868492	-0.132718	0.808904	0.493641	-0.319364
55375	13.410944	-1.148066	4.501730	-0.877463	0.395123	-0.298231	0.338171	0.045625	0.939978	0.471507	-0.872630	-0.127276	0.814446	0.486247	-0.316610
55376	14.068672	0.177193	5.165385	-0.614247	0.681446	-0.398172	0.330787	0.045775	0.942595	0.467825	-0.875408	-0.121662	0.819585	0.481213	-0.310988
55377	14.104580	1.378871	5.506475	-0.550955	1.153860	-0.519851	0.318805	0.044576	0.946771	0.464982	-0.877787	-0.115245	0.825927	0.476973	-0.300570
55378	13.029563	2.735269	4.456271	-0.690337	1.611459	-0.692195	0.302277	0.042984	0.952251	0.461408	-0.880747	-0.106710	0.834105	0.471632	-0.286063
55379	12.306651	3.328426	3.334038	-0.896887	1.927596	-0.808642	0.282294	0.040873	0.958457	0.456300	-0.884559	-0.096672	0.843861	0.464634	-0.268356
55380	12.286997	2.143121	2.538162	-1.229878	2.160646	-0.763117	0.260540	0.037678	0.964728	0.447931	-0.889902	-0.086215	0.855264	0.454594	-0.248732
55381	13.152811	-0.427370	1.747902	-1.708414	2.420135	-0.551973	0.237115	0.031555	0.970969	0.434654	-0.897301	-0.076983	0.868823	0.440289	-0.226480
55382	13.270535	-3.495315	-0.727559	-2.042842	2.690165	-0.275633	0.212421	0.022395	0.976922	0.417384	-0.906031	-0.069985	0.883554	0.422618	-0.201807
55383	12.984769	-5.772357	-3.830550	-2.073558	2.710897	-0.063214	0.187905	0.011518	0.982120	0.399169	-0.914524	-0.065646	0.897416	0.404367	-0.176441
55384	12.922085	-6.350951	-6.312572	-1.756130	2.476679	0.122458	0.166068	0.000535	0.986114	0.383108	-0.921482	-0.064018	0.908652	0.388420	-0.153234
55385	13.045012	-6.621592	-7.852399	-1.070636	2.146065	0.206398	0.147192	-0.009844	0.989059	0.373393	-0.925409	-0.064779	0.915922	0.378843	-0.132537
55386	13.348356	-5.696363	-7.424198	-0.225546	1.827290	0.230849	0.131334	-0.018924	0.991158	0.371020	-0.926216	-0.066846	0.919291	0.376519	-0.114623
55387	13.166624	-4.954780	-5.812692	0.515620	1.723488	0.125747	0.115891	-0.026908	0.992897	0.375815	-0.924129	-0.068910	0.919420	0.381131	-0.096986
55388	13.126006	-3.614044	-4.124878	0.930645	1.794628	0.039868	0.099608	-0.034229	0.994438	0.384341	-0.920520	-0.070182	0.917802	0.389194	-0.078536
55389	12.209143	-2.341835	-4.339679	1.074121	1.915332	0.019995	0.082080	-0.042263	0.995729	0.394189	-0.916253	-0.071384	0.915357	0.398364	-0.058546
55390	10.790152	-0.393800	-4.655043	0.951860	1.855144	0.029405	0.065290	-0.050036	0.996611	0.402890	-0.912396	-0.072202	0.912917	0.406239	-0.039412
55391	10.469163	1.264925	-4.230748	0.630361	1.769981	0.000536	0.049103	-0.057568	0.997133	0.408537	-0.909846	-0.072646	0.911420	0.410933	-0.021158
55392	10.785963	1.649363	-3.172180	0.294388	1.819243	0.001560	0.032585	-0.065112	0.997346	0.411242	-0.908618	-0.072756	0.910944	0.412521	-0.002831
55393	10.793252	0.705792	-2.545571	0.022210	1.904901	0.102110	0.015619	-0.074168	0.997123	0.411430	-0.908431	-0.074016	0.911308	0.411402	0.016326
55394	10.274671	-0.158624	-3.020782	-0.134242	1.897429	0.225079	-0.000703	-0.084035	0.996463	0.410214	-0.908788	-0.076351	0.911989	0.408709	0.035111
55395	9.652206	-0.815507	-3.760807	-0.209811	1.834460	0.311924	-0.016199	-0.094593	0.995384	0.408271	-0.909368	-0.079775	0.912717	0.405094	0.053351
55396	9.504043	-0.826583	-4.224613	-0.069666	1.703713	0.382397	-0.030137	-0.104994	0.994016	0.407750	-0.909251	-0.083678	0.912596	0.402789	0.070213
55397	9.790571	-0.597651	-4.344007	0.065755	1.531566	0.427878	-0.042401	-0.115261	0.992430	0.408365	-0.908560	-0.088073	0.911833	0.401539	0.085592
55398	9.761400	-0.858777	-4.382771	0.295064	1.423700	0.453058	-0.053461	-0.125138	0.990698	0.411298	-0.906811	-0.092348	0.909932	0.402535	0.099948
55399	9.456043	-1.960006	-4.637346	0.558325	1.399609	0.432565	-0.064431	-0.134915	0.988760	0.416484	-0.904038	-0.096215	0.906857	0.405603	0.114438
55400	9.082034	-2.063737	-4.461837	0.933173	1.466238	0.418584	-0.075878	-0.144725	0.986558	0.425245	-0.899618	-0.099265	0.901892	0.411997	0.129805
55401	8.334883	-1.945853	-3.854612	1.278991	1.584841	0.430617	-0.088302	-0.155378	0.983901	0.436953	-0.893692	-0.101917	0.895140	0.420918	0.146808
55402	7.905412	-1.766426	-3.513009	1.675605	1.654323	0.450870	-0.100979	-0.166495	0.980858	0.452333	-0.885789	-0.103790	0.886114	0.433194	0.164757
55403	7.468956	-1.585942	-3.306560	2.100101	1.638641	0.423729	-0.113483	-0.177622	0.977534	0.471145	-0.875850	-0.104449	0.874725	0.448707	0.183080
55404	7.661158	-1.392720	-3.212826	2.491998	1.557141	0.343531	-0.125286	-0.187783	0.974187	0.493212	-0.863782	-0.103071	0.860840	0.467567	0.200836
55405	7.777111	-0.781567	-3.002535	2.640801	1.519768	0.207671	-0.137224	-0.196968	0.970759	0.515907	-0.850822	-0.099705	0.845582	0.487140	0.218371
55406	7.899702	-0.487926	-2.567800	2.575719	1.502250	0.082419	-0.149319	-0.205159	0.967271	0.537635	-0.837842	-0.094712	0.829851	0.505896	0.235406
55407	7.835960	-0.300803	-1.891874	2.450659	1.498890	-0.004991	-0.161672	-0.212953	0.963594	0.557682	-0.825289	-0.088820	0.814158	0.523019	0.252186
55408	7.508313	-0.029487	-1.463476	2.289334	1.464840	-0.065099	-0.173797	-0.220230	0.959840	0.576067	-0.813250	-0.082288	0.798713	0.538631	0.268207
55409	6.869028	0.538697	-0.953795	1.979972	1.348047	-0.106749	-0.185093	-0.226824	0.956186	0.591484	-0.802734	-0.075926	0.784785	0.551516	0.282743
55410	6.684314	1.106551	-0.243584	1.537935	1.169965	-0.126481	-0.194905	-0.232354	0.952903	0.603257	-0.794440	-0.070326	0.773364	0.561139	0.295010
55411	6.616706	1.630223	0.265810	1.117346	0.941012	-0.131425	-0.202931	-0.236717	0.950150	0.611540	-0.788471	-0.065826	0.764747	0.567696	0.304767
55412	6.831873	2.137483	0.619626	0.741575	0.679374	-0.120285	-0.208786	-0.239673	0.948138	0.616973	-0.784503	-0.062448	0.758784	0.571937	0.311665
