// General information: 
//  MT Manager version: 2022.2.0 
//  XDA version: 2022.2.0 build 7381 rev 124627 built on 2023-07-19
// Device information: 
//  DeviceId: 00B4CB9F
//  ProductCode: MTW2-3A7G6
//  Firmware Version: 4.6.0
//  Hardware Version: 2.0.0
// Device settings: 
//  Filter Profile: human(46.1)
//  Option Flags: Orientation Smoother Disabled, Position/Velocity Smoother Disabled, Continuous Zero Rotation Update Disabled, AHS Disabled, ICC Disabled
// Coordinate system: ENU
PacketCounter	Acc_X	Acc_Y	Acc_Z	Gyr_X	Gyr_Y	Gyr_Z	Mat[1][1]	Mat[2][1]	Mat[3][1]	Mat[1][2]	Mat[2][2]	Mat[3][2]	Mat[1][3]	Mat[2][3]	Mat[3][3]
27132	9.697327	0.479292	0.570341	-0.049471	0.057975	-0.014148	-0.088024	0.053784	0.994665	0.345672	-0.934841	0.081139	0.934218	0.350970	0.063697
27133	9.704884	0.442124	0.509318	-0.035214	0.055911	-0.007526	-0.088520	0.053633	0.994629	0.345368	-0.934952	0.081152	0.934283	0.350697	0.064239
27134	9.657321	0.431035	0.479994	-0.012501	0.054168	-0.005305	-0.088977	0.053500	0.994596	0.345294	-0.934976	0.081183	0.934267	0.350652	0.064719
27135	9.677613	0.443388	0.436150	-0.004480	0.053695	0.000310	-0.089426	0.053284	0.994567	0.345285	-0.934984	0.081138	0.934228	0.350665	0.065214
27136	9.648659	0.396129	0.393304	0.011124	0.053857	0.000267	-0.089882	0.053060	0.994538	0.345417	-0.934939	0.081097	0.934135	0.350819	0.065706
27137	9.648464	0.396025	0.398160	0.031903	0.048581	0.003649	-0.090271	0.052831	0.994515	0.345750	-0.934820	0.081043	0.933974	0.351170	0.066121
27138	9.655297	0.370419	0.435792	0.057056	0.048181	0.006124	-0.090641	0.052598	0.994494	0.346329	-0.934610	0.080997	0.933724	0.351764	0.066498
27139	9.613718	0.353303	0.381786	0.074481	0.040106	0.005954	-0.090943	0.052377	0.994478	0.347062	-0.934342	0.080948	0.933422	0.352507	0.066794
27140	9.637649	0.392614	0.356662	0.088546	0.040332	0.009046	-0.091244	0.052113	0.994464	0.347912	-0.934033	0.080868	0.933076	0.353365	0.067094
27141	9.646698	0.414459	0.357213	0.108808	0.037200	0.011093	-0.091500	0.051853	0.994454	0.348970	-0.933645	0.080791	0.932656	0.354427	0.067333
27142	9.649969	0.441589	0.380752	0.136217	0.040362	0.010280	-0.091780	0.051606	0.994441	0.350285	-0.933156	0.080754	0.932136	0.355749	0.067568
27143	9.642731	0.546908	0.357828	0.155598	0.037487	0.011093	-0.092038	0.051345	0.994431	0.351777	-0.932598	0.080710	0.931548	0.357246	0.067772
27144	9.664351	0.618869	0.374874	0.172234	0.034899	0.015952	-0.092251	0.051019	0.994428	0.353394	-0.931996	0.080600	0.930915	0.358861	0.067948
27145	9.590422	0.680825	0.421376	0.174058	0.033014	0.008624	-0.092476	0.050796	0.994418	0.355054	-0.931365	0.080593	0.930261	0.360526	0.068093
27146	9.607606	0.745279	0.360626	0.176563	0.026648	0.006253	-0.092642	0.050636	0.994411	0.356738	-0.930719	0.080627	0.929600	0.362214	0.068160
27147	9.605097	0.778630	0.404717	0.177530	0.020394	0.006995	-0.092755	0.050473	0.994409	0.358427	-0.930069	0.080640	0.928939	0.363902	0.068177
27148	9.584459	0.853317	0.304700	0.163966	0.017894	0.005298	-0.092834	0.050318	0.994409	0.359969	-0.929473	0.080637	0.928334	0.365442	0.068174
27149	9.587802	0.881224	0.324819	0.157503	0.013490	0.005914	-0.092886	0.050190	0.994411	0.361468	-0.928890	0.080647	0.927746	0.366939	0.068139
27150	9.602818	0.897959	0.298593	0.156288	0.013618	0.006862	-0.092938	0.050048	0.994413	0.362956	-0.928310	0.080643	0.927160	0.368424	0.068110
27151	9.578635	0.859006	0.327224	0.141874	0.000347	-0.002851	-0.092899	0.050050	0.994417	0.364301	-0.927776	0.080729	0.926636	0.369767	0.067956
27152	9.607351	0.826962	0.366986	0.140467	-0.003639	0.001798	-0.092788	0.050048	0.994427	0.365643	-0.927243	0.080784	0.926119	0.371101	0.067738
27153	9.648602	0.845549	0.422963	0.132205	-0.010920	-0.004249	-0.092650	0.050104	0.994437	0.366895	-0.926740	0.080876	0.925637	0.372347	0.067479
27154	9.699178	0.806424	0.469531	0.130790	-0.010270	-0.008956	-0.092522	0.050181	0.994445	0.368108	-0.926249	0.080988	0.925168	0.373557	0.067227
27155	9.757871	0.808933	0.456175	0.133192	-0.010791	-0.010767	-0.092409	0.050298	0.994450	0.369362	-0.925736	0.081145	0.924679	0.374811	0.066969
27156	9.784079	0.812207	0.538192	0.141710	-0.007125	-0.010985	-0.092319	0.050404	0.994453	0.370684	-0.925193	0.081306	0.924159	0.376134	0.066729
27157	9.816108	0.810002	0.597387	0.145346	-0.006111	-0.011651	-0.092253	0.050512	0.994454	0.372049	-0.924630	0.081479	0.923617	0.377502	0.066507
27158	9.838779	0.866298	0.665400	0.137211	-0.006269	-0.009459	-0.092163	0.050610	0.994457	0.373336	-0.924098	0.081629	0.923107	0.378790	0.066273
27159	9.801873	0.859587	0.682451	0.124360	-0.006718	-0.013498	-0.092099	0.050737	0.994456	0.374504	-0.923610	0.081806	0.922640	0.379962	0.066062
27160	9.820119	0.906511	0.673789	0.119475	-0.009411	-0.013924	-0.092001	0.050893	0.994458	0.375629	-0.923136	0.081994	0.922193	0.381090	0.065812
27161	9.831673	0.896901	0.626161	0.101669	-0.004862	-0.015859	-0.091963	0.051035	0.994454	0.376583	-0.922731	0.082179	0.921807	0.382052	0.065638
27162	9.819951	0.910619	0.670693	0.088361	-0.005882	-0.009891	-0.091891	0.051147	0.994455	0.377438	-0.922369	0.082316	0.921464	0.382909	0.065453
27163	9.763664	0.877145	0.638248	0.074311	-0.006047	-0.013033	-0.091832	0.051268	0.994454	0.378143	-0.922068	0.082455	0.921181	0.383617	0.065289
27164	9.778542	0.895361	0.610582	0.056619	-0.007282	-0.015486	-0.091773	0.051424	0.994451	0.378688	-0.921830	0.082616	0.920963	0.384168	0.065125
27165	9.737205	0.878334	0.551663	0.044456	-0.012082	-0.014536	-0.091664	0.051582	0.994453	0.379116	-0.921642	0.082750	0.920798	0.384598	0.064926
27166	9.755716	0.843772	0.538264	0.036332	-0.012145	-0.012373	-0.091527	0.051730	0.994458	0.379472	-0.921485	0.082860	0.920665	0.384953	0.064711
27167	9.717703	0.854828	0.498841	0.028364	-0.009894	-0.015997	-0.091444	0.051893	0.994457	0.379750	-0.921358	0.082998	0.920558	0.385235	0.064546
27168	9.707351	0.852374	0.444099	0.028333	-0.011691	-0.018041	-0.091346	0.052094	0.994456	0.380032	-0.921227	0.083166	0.920452	0.385522	0.064353
27169	9.717516	0.858465	0.496241	0.029567	-0.010141	-0.016907	-0.091264	0.052266	0.994454	0.380320	-0.921095	0.083313	0.920341	0.385815	0.064185
27170	9.741797	0.818413	0.460075	0.028632	-0.013427	-0.022270	-0.091180	0.052476	0.994451	0.380579	-0.920971	0.083493	0.920242	0.386080	0.064003
27171	9.763580	0.812877	0.466059	0.030375	-0.014047	-0.019722	-0.091073	0.052689	0.994449	0.380873	-0.920834	0.083669	0.920131	0.386379	0.063795
27172	9.719681	0.830495	0.449371	0.038860	-0.012140	-0.022023	-0.090963	0.052918	0.994447	0.381226	-0.920670	0.083863	0.919996	0.386738	0.063573
27173	9.722867	0.861020	0.467230	0.043912	-0.011752	-0.017982	-0.090870	0.053106	0.994446	0.381646	-0.920481	0.084030	0.919831	0.387162	0.063376
27174	9.744659	0.855499	0.473027	0.036899	-0.017439	-0.022863	-0.090741	0.053368	0.994443	0.381994	-0.920317	0.084247	0.919699	0.387516	0.063124
27175	9.747839	0.886225	0.490475	0.034854	-0.015103	-0.021177	-0.090630	0.053599	0.994441	0.382327	-0.920161	0.084440	0.919572	0.387855	0.062902
27176	9.775450	0.874523	0.473267	0.031755	-0.016557	-0.017019	-0.090467	0.053822	0.994444	0.382646	-0.920013	0.084604	0.919455	0.388173	0.062636
27177	9.745182	0.924596	0.528675	0.022847	-0.023932	-0.018653	-0.090265	0.054064	0.994449	0.382871	-0.919905	0.084764	0.919381	0.388397	0.062336
27178	9.698043	0.913190	0.491804	0.021345	-0.021962	-0.013509	-0.090066	0.054203	0.994460	0.383050	-0.919825	0.084827	0.919326	0.388567	0.062082
27179	9.681911	0.916222	0.458695	0.011236	-0.029096	-0.014227	-0.089799	0.054425	0.994472	0.383172	-0.919764	0.084936	0.919302	0.388681	0.061740
27180	9.712914	0.932262	0.459641	0.008469	-0.030481	-0.012254	-0.089485	0.054637	0.994488	0.383259	-0.919720	0.085015	0.919296	0.388754	0.061361
27181	9.696795	0.935065	0.426074	0.000316	-0.032332	-0.012128	-0.089181	0.054852	0.994504	0.383282	-0.919703	0.085096	0.919316	0.388765	0.060996
27182	9.680658	0.937747	0.392714	-0.009157	-0.028109	-0.010608	-0.088876	0.055076	0.994519	0.383235	-0.919715	0.085181	0.919365	0.388705	0.060634
27183	9.707001	0.942998	0.317686	-0.017821	-0.027792	-0.011897	-0.088613	0.055271	0.994531	0.383093	-0.919768	0.085249	0.919450	0.388552	0.060330
27184	9.743726	0.952694	0.296032	-0.025100	-0.029952	-0.010495	-0.088308	0.055463	0.994548	0.382875	-0.919854	0.085294	0.919570	0.388320	0.059995
27185	9.755226	0.941410	0.247409	-0.039295	-0.032407	-0.007833	-0.087987	0.055638	0.994567	0.382538	-0.919993	0.085309	0.919741	0.387966	0.059663
27186	9.795791	0.898380	0.240356	-0.043448	-0.031326	-0.008545	-0.087664	0.055822	0.994585	0.382163	-0.920147	0.085328	0.919927	0.387574	0.059331
27187	9.847838	0.843246	0.187088	-0.059599	-0.039086	-0.006715	-0.087277	0.056012	0.994608	0.381641	-0.920365	0.085320	0.920181	0.387029	0.058950
27188	9.971434	0.759020	0.132433	-0.074910	-0.048966	-0.005651	-0.086782	0.056274	0.994637	0.381014	-0.920623	0.085330	0.920488	0.386375	0.058453
27189	10.013869	0.762247	0.085869	-0.069918	-0.052190	-0.005703	-0.086270	0.056505	0.994668	0.380397	-0.920881	0.085307	0.920791	0.385728	0.057950
27190	9.898990	0.725759	0.061650	-0.052930	-0.061050	0.004342	-0.085632	0.056684	0.994713	0.379949	-0.921076	0.085196	0.921035	0.385236	0.057336
27191	9.787482	0.717119	0.055747	-0.039873	-0.074152	0.005352	-0.084875	0.056898	0.994766	0.379618	-0.921223	0.085081	0.921242	0.384852	0.056589
27192	9.673680	0.742757	0.091653	-0.024292	-0.074181	0.005357	-0.084108	0.057131	0.994818	0.379444	-0.921303	0.084990	0.921384	0.384626	0.055811
27193	9.671521	0.776629	0.126486	0.000879	-0.084265	0.003311	-0.083266	0.057402	0.994873	0.379487	-0.921292	0.084918	0.921443	0.384612	0.054929
27194	9.596182	0.792898	0.198941	0.020808	-0.087630	0.007606	-0.082331	0.057718	0.994932	0.379754	-0.921187	0.084865	0.921417	0.384816	0.053923
27195	9.608914	0.778393	0.300400	0.038065	-0.091884	0.006044	-0.081408	0.057994	0.994992	0.380141	-0.921034	0.084785	0.921339	0.385140	0.052934
27196	9.656801	0.726214	0.419526	0.052242	-0.097612	0.008650	-0.080416	0.058286	0.995056	0.380672	-0.920822	0.084702	0.921207	0.385602	0.051861
27197	9.673944	0.659221	0.534335	0.075449	-0.101799	0.012361	-0.079378	0.058543	0.995124	0.381409	-0.920529	0.084578	0.920992	0.386263	0.050741
27198	9.751934	0.558987	0.594573	0.101616	-0.098697	0.012376	-0.078368	0.058801	0.995189	0.382399	-0.920128	0.084478	0.920668	0.387179	0.049623
27199	9.837025	0.515700	0.693828	0.131503	-0.090929	0.015748	-0.077417	0.058986	0.995252	0.383653	-0.919617	0.084346	0.920227	0.388361	0.048564
27200	9.903799	0.508613	0.805406	0.162745	-0.087493	0.019760	-0.076471	0.059112	0.995318	0.385182	-0.918994	0.084173	0.919667	0.389816	0.047508
27201	9.956069	0.468727	0.845401	0.187007	-0.068552	0.022243	-0.075702	0.059153	0.995374	0.386950	-0.918267	0.084000	0.918988	0.391519	0.046625
27202	9.968382	0.408935	0.986445	0.214293	-0.058185	0.023833	-0.074988	0.059156	0.995428	0.388952	-0.917437	0.083822	0.918201	0.393459	0.045788
27203	10.055574	0.332432	1.047387	0.238002	-0.048468	0.018315	-0.074418	0.059158	0.995471	0.391181	-0.916499	0.083708	0.917300	0.395639	0.045063
27204	10.202911	0.321529	1.158518	0.262586	-0.030967	0.008710	-0.074001	0.059220	0.995498	0.393638	-0.915445	0.083719	0.916282	0.398061	0.044432
27205	10.270101	0.255869	1.372742	0.282888	0.002948	0.003335	-0.073961	0.059156	0.995505	0.396262	-0.914308	0.083771	0.915154	0.400677	0.044182
27206	10.247450	0.095697	1.597341	0.330625	0.052659	0.005523	-0.074360	0.058884	0.995491	0.399327	-0.912968	0.083831	0.913788	0.403761	0.044374
27207	10.232674	0.041385	1.825660	0.389903	0.078232	-0.002390	-0.075030	0.058567	0.995460	0.402916	-0.911375	0.083989	0.912156	0.407389	0.044782
27208	10.264193	0.047524	1.894744	0.441852	0.091488	-0.005398	-0.075799	0.058273	0.995419	0.406998	-0.909537	0.084237	0.910279	0.411518	0.045225
27209	10.360894	0.114128	1.990446	0.488124	0.113937	-0.011362	-0.076827	0.057884	0.995363	0.411458	-0.907500	0.084533	0.908185	0.416045	0.045904
27210	10.354013	0.216699	2.185046	0.552474	0.161707	-0.002176	-0.078227	0.057175	0.995295	0.416447	-0.905203	0.084731	0.905788	0.421116	0.047001
27211	10.312853	0.322344	2.321877	0.590552	0.194559	0.008458	-0.079897	0.056254	0.995215	0.421826	-0.902694	0.084889	0.903150	0.426590	0.048393
27212	10.333507	0.604638	2.526509	0.572263	0.226636	0.022149	-0.081767	0.055045	0.995130	0.426988	-0.900265	0.084882	0.900553	0.431849	0.050108
27213	10.324319	0.754460	2.687228	0.511512	0.250972	0.033815	-0.083824	0.053632	0.995036	0.431647	-0.898051	0.084768	0.898139	0.436610	0.052128
27214	10.347631	0.800040	2.811836	0.408422	0.268177	0.035438	-0.086019	0.052054	0.994933	0.435293	-0.896312	0.084529	0.896170	0.440358	0.054441
27215	10.396111	0.615591	2.808323	0.323394	0.277148	0.032794	-0.088303	0.050517	0.994812	0.438248	-0.894888	0.084343	0.894506	0.443422	0.056882
27216	10.418819	0.488043	2.781795	0.272296	0.288699	0.030305	-0.090668	0.048930	0.994678	0.440682	-0.893712	0.084133	0.893073	0.445965	0.059469
27217	10.435697	0.291527	2.566654	0.249104	0.304113	0.032593	-0.093183	0.047261	0.994527	0.442966	-0.892602	0.083921	0.891683	0.448361	0.062241
27218	10.432376	0.315155	2.459842	0.239734	0.319682	0.032485	-0.095813	0.045516	0.994358	0.445134	-0.891544	0.083701	0.890323	0.450642	0.065160
27219	10.562519	0.419092	2.363689	0.228122	0.351149	0.036509	-0.098719	0.043586	0.994160	0.447230	-0.890517	0.083452	0.888954	0.452857	0.068418
27220	10.655975	0.500302	2.348364	0.194170	0.378994	0.043035	-0.101809	0.041467	0.993939	0.448989	-0.889664	0.083107	0.887718	0.454729	0.071958
27221	10.634812	0.569246	2.199513	0.143243	0.374452	0.062489	-0.104796	0.039187	0.993721	0.450356	-0.889025	0.082552	0.886678	0.456179	0.075517
27222	10.584580	0.551714	1.989226	0.051849	0.357907	0.089231	-0.107493	0.036718	0.993528	0.450882	-0.888843	0.081632	0.886087	0.456738	0.078989
27223	10.622726	0.419138	1.814793	-0.041956	0.364989	0.122175	-0.110122	0.033947	0.993338	0.450675	-0.889065	0.080345	0.885870	0.456520	0.082606
27224	10.542996	0.374465	1.468763	-0.121796	0.390998	0.159163	-0.112788	0.030747	0.993143	0.449768	-0.889678	0.078622	0.885995	0.455552	0.086516
27225	10.205901	0.466965	1.132370	-0.186754	0.383808	0.197640	-0.115247	0.027224	0.992964	0.448370	-0.890572	0.076456	0.886387	0.454027	0.090429
27226	9.858419	0.571705	0.704133	-0.190296	0.380783	0.229114	-0.117532	0.023454	0.992792	0.446965	-0.891488	0.073975	0.886797	0.452437	0.094295
27227	9.673906	1.008628	0.367678	-0.118331	0.384384	0.240129	-0.119814	0.019557	0.992604	0.446232	-0.892061	0.071439	0.886861	0.451491	0.098154
27228	9.563041	1.468732	0.018359	-0.033652	0.416041	0.228276	-0.122403	0.015644	0.992357	0.446222	-0.892250	0.069105	0.886512	0.451270	0.102234
27229	9.430834	1.895167	-0.298867	0.001817	0.427402	0.206197	-0.125216	0.011857	0.992059	0.446525	-0.892257	0.067023	0.885966	0.451372	0.106430
27230	9.335473	2.139025	-0.650426	-0.031334	0.417462	0.192851	-0.127970	0.008252	0.991744	0.446464	-0.892435	0.065035	0.885604	0.451100	0.110521
27231	9.302547	2.201805	-0.839760	-0.099494	0.396705	0.174577	-0.130649	0.004887	0.991417	0.445841	-0.892882	0.063154	0.885526	0.450265	0.114476
27232	9.296949	2.283921	-0.755983	-0.161078	0.406736	0.153178	-0.133512	0.001655	0.991046	0.444599	-0.893623	0.061388	0.885723	0.448814	0.118574
27233	9.374202	2.265922	-0.308186	-0.210940	0.465068	0.126230	-0.137017	-0.001575	0.990567	0.442934	-0.894555	0.059845	0.886022	0.446956	0.123267
27234	9.365902	1.977039	0.105925	-0.258379	0.532958	0.115414	-0.141183	-0.004995	0.989971	0.440818	-0.895698	0.058347	0.886424	0.444634	0.128659
27235	9.265939	1.577792	0.316179	-0.330758	0.562916	0.119641	-0.145594	-0.008581	0.989307	0.438089	-0.897142	0.056691	0.887063	0.441659	0.134378
27236	9.160179	1.236894	0.395143	-0.313674	0.558817	0.115975	-0.149974	-0.012067	0.988616	0.435500	-0.898501	0.055099	0.887608	0.438806	0.140007
27237	9.161688	1.114549	0.597638	-0.239915	0.581615	0.098410	-0.154655	-0.015517	0.987847	0.433553	-0.899524	0.053747	0.887757	0.436597	0.145843
27238	9.173181	1.044396	0.817010	-0.173425	0.642170	0.082797	-0.159930	-0.019070	0.986944	0.432156	-0.900261	0.052634	0.887504	0.434932	0.152220
27239	9.072397	1.069178	0.807192	-0.148727	0.684303	0.060342	-0.165687	-0.022604	0.985919	0.430969	-0.900881	0.051771	0.887025	0.433478	0.159006
27240	9.025920	1.027441	0.868747	-0.136610	0.706545	0.047001	-0.171700	-0.026096	0.984804	0.429879	-0.901441	0.051062	0.886410	0.432114	0.165995
27241	8.916861	0.855475	0.952296	-0.112789	0.728601	0.042980	-0.177916	-0.029647	0.983599	0.428989	-0.901902	0.050412	0.885615	0.430923	0.173181
27242	8.842054	0.735585	0.949433	-0.069900	0.746679	0.046974	-0.184277	-0.033347	0.982309	0.428438	-0.902201	0.049746	0.884580	0.430026	0.180542
27243	8.806730	0.622571	0.932481	-0.041601	0.769098	0.044135	-0.190832	-0.037070	0.980922	0.428188	-0.902349	0.049201	0.883311	0.429409	0.188070
27244	8.750573	0.414432	0.940223	-0.037463	0.786562	0.043591	-0.197527	-0.040804	0.979448	0.428031	-0.902449	0.048726	0.881914	0.428859	0.195723
27245	8.751476	0.198468	0.891606	-0.036913	0.805108	0.039916	-0.204397	-0.044634	0.977870	0.427821	-0.902576	0.048227	0.880449	0.428211	0.203579
27246	8.846746	-0.021132	0.940267	-0.017810	0.826277	0.032222	-0.211458	-0.048476	0.976184	0.427750	-0.902630	0.047834	0.878815	0.427678	0.211604
27247	8.951433	-0.194424	0.954872	0.127531	0.869645	0.015900	-0.218968	-0.052362	0.974326	0.428939	-0.902061	0.047921	0.876393	0.428420	0.219982
27248	9.000037	-0.275998	1.031932	0.313121	0.897379	0.009343	-0.226715	-0.056302	0.972332	0.431740	-0.900693	0.048514	0.873041	0.430793	0.228509
27249	9.117771	-0.417509	1.308923	0.575493	0.956727	0.007233	-0.234960	-0.060530	0.970118	0.436803	-0.898180	0.049751	0.868330	0.435441	0.237477
27250	9.105059	-0.393742	1.709979	0.934652	1.048910	0.000609	-0.243953	-0.065115	0.967599	0.444941	-0.894048	0.052014	0.861693	0.443213	0.247078
27251	8.761319	-0.118643	2.105975	1.288561	1.135902	-0.016480	-0.253713	-0.070083	0.964737	0.455984	-0.888263	0.055390	0.853058	0.453958	0.257320
27252	8.386905	0.325293	2.333896	1.583484	1.120191	-0.035052	-0.263315	-0.074912	0.961797	0.469393	-0.880956	0.059892	0.842814	0.467231	0.267132
27253	8.620674	0.946137	2.870392	1.761847	1.109796	-0.055092	-0.272814	-0.079712	0.958759	0.484031	-0.872620	0.065181	0.831436	0.481851	0.276646
27254	8.848394	1.265368	3.925905	1.836210	1.223692	-0.079474	-0.283256	-0.085041	0.955267	0.498979	-0.863695	0.071069	0.819015	0.496789	0.287080
27255	8.632718	1.355888	4.815267	1.771426	1.227928	-0.063564	-0.293504	-0.090697	0.951646	0.513231	-0.854806	0.076822	0.806505	0.510961	0.297437
27256	8.090906	1.129077	5.437557	1.673153	1.087520	0.001701	-0.302120	-0.096294	0.948394	0.526686	-0.846108	0.081872	0.794560	0.524241	0.306343
27257	7.940168	0.934509	5.917493	1.513390	0.792537	0.099443	-0.307791	-0.101347	0.946041	0.538972	-0.837965	0.085584	0.784075	0.536231	0.312541
27258	8.530977	0.877944	6.817899	1.380755	0.660471	0.161313	-0.311977	-0.106222	0.944133	0.550256	-0.830302	0.088410	0.774525	0.547097	0.317484
27259	8.930145	0.948507	7.113346	1.229473	0.786510	0.155208	-0.317116	-0.111856	0.941767	0.560246	-0.823328	0.090859	0.765220	0.556435	0.323757
27260	8.721621	1.517716	7.158145	1.171905	0.973051	0.077117	-0.323953	-0.117839	0.938706	0.569459	-0.816626	0.094010	0.755493	0.565009	0.331653
27261	7.443696	2.172685	7.326681	1.081925	0.860176	0.068206	-0.329967	-0.123298	0.935906	0.577844	-0.810366	0.096968	0.746470	0.572804	0.338641
27262	7.028938	2.647994	7.623621	1.029817	0.548110	0.103884	-0.333327	-0.127191	0.934192	0.585892	-0.804251	0.099552	0.738663	0.580519	0.342599
27263	7.307161	3.227699	8.143321	0.921196	0.304778	0.092025	-0.334972	-0.129717	0.933256	0.593011	-0.798729	0.101829	0.732210	0.587541	0.344475
27264	7.929613	3.466251	8.532066	0.524746	0.365338	0.044599	-0.337291	-0.132171	0.932076	0.597008	-0.795566	0.103227	0.727884	0.591275	0.347245
27265	7.735530	3.147144	8.427593	0.142453	0.407075	0.004487	-0.340168	-0.134623	0.930678	0.598095	-0.794694	0.103654	0.725650	0.591894	0.350847
27266	7.601095	2.680931	7.812071	-0.255407	0.350224	-0.002186	-0.342681	-0.136673	0.929457	0.596248	-0.796198	0.102752	0.725988	0.589398	0.354333
27267	7.564578	2.218301	7.073119	-0.677852	0.291598	0.009745	-0.344690	-0.138470	0.928447	0.591386	-0.800136	0.100221	0.729007	0.583616	0.357689
27268	7.398758	1.729190	6.106050	-0.961279	0.190381	0.037173	-0.345829	-0.139903	0.927809	0.584466	-0.805676	0.096365	0.734031	0.575599	0.360395
27269	7.378777	1.192055	5.219517	-1.140041	0.112015	0.040606	-0.346365	-0.140881	0.927461	0.576239	-0.812104	0.091841	0.740256	0.566250	0.362466
27270	7.512779	0.519223	4.511549	-1.219445	0.087171	0.019446	-0.346873	-0.141566	0.927167	0.567220	-0.818940	0.087168	0.746954	0.556144	0.364368
27271	7.694754	-0.006002	3.976539	-1.152688	0.122810	-0.038390	-0.347956	-0.141939	0.926704	0.558479	-0.825327	0.083285	0.753012	0.546524	0.366448
27272	7.822840	-0.343079	3.562567	-1.015045	0.160980	-0.081734	-0.349600	-0.142171	0.926049	0.550506	-0.830965	0.080252	0.758105	0.537852	0.368772
27273	7.916720	-0.474993	3.148206	-0.830594	0.195501	-0.123798	-0.351710	-0.142197	0.925246	0.543797	-0.835556	0.078298	0.761962	0.530684	0.371199
27274	7.895557	-0.452177	3.001454	-0.582649	0.206657	-0.133071	-0.353986	-0.142217	0.924375	0.538860	-0.838842	0.077296	0.764411	0.525470	0.373573
27275	8.020877	-0.295963	3.049485	-0.338529	0.181903	-0.103538	-0.355880	-0.142314	0.923632	0.535941	-0.840741	0.076958	0.765583	0.522400	0.375475
27276	8.073442	-0.139251	3.178597	-0.150603	0.150628	-0.059361	-0.357332	-0.142646	0.923020	0.534556	-0.841629	0.076877	0.765874	0.520877	0.376993
27277	8.166761	0.008616	3.370607	0.029167	0.101806	0.007330	-0.358018	-0.143251	0.922660	0.534844	-0.841445	0.076893	0.765353	0.521008	0.377870
27278	8.199630	-0.004257	3.407327	0.218439	0.032181	0.087958	-0.357764	-0.144200	0.922611	0.536796	-0.840206	0.076835	0.764104	0.522743	0.378002
27279	8.280699	-0.009215	3.467273	0.386773	-0.005305	0.164476	-0.356785	-0.145566	0.922776	0.540373	-0.837918	0.076752	0.762038	0.526027	0.377616
27280	8.139080	-0.016355	3.469935	0.545962	-0.024082	0.218444	-0.355392	-0.147307	0.923037	0.545278	-0.834736	0.076730	0.759190	0.530581	0.376982
27281	7.970785	-0.022202	3.387296	0.688865	-0.050348	0.250671	-0.353582	-0.149139	0.923438	0.551421	-0.830667	0.076982	0.755589	0.536423	0.375948
27282	7.724255	0.000775	3.363585	0.801165	-0.087277	0.269783	-0.351406	-0.150948	0.923974	0.558385	-0.825961	0.077429	0.751479	0.543142	0.374535
27283	7.545824	0.007674	3.557035	0.841105	-0.157351	0.275976	-0.348622	-0.152372	0.924795	0.565691	-0.820921	0.077992	0.747300	0.550338	0.372386
27284	7.535740	-0.052502	3.835964	0.823636	-0.227909	0.280396	-0.345303	-0.153446	0.925862	0.572773	-0.815958	0.078386	0.743436	0.557375	0.369642
27285	7.695783	-0.211856	4.452512	0.727813	-0.281962	0.309167	-0.341376	-0.154392	0.927160	0.579270	-0.811379	0.078173	0.740209	0.563762	0.366420
27286	7.539111	-0.228810	4.421755	0.555560	-0.414294	0.361356	-0.336187	-0.155016	0.928950	0.584568	-0.807704	0.076772	0.738416	0.568844	0.362158
27287	7.284515	0.167663	3.409801	0.327779	-0.692755	0.412603	-0.328596	-0.154400	0.931764	0.588397	-0.805172	0.074081	0.738792	0.572590	0.355425
27288	7.514362	0.735942	2.282393	0.055705	-1.000673	0.492245	-0.318265	-0.152670	0.935628	0.590365	-0.804129	0.069607	0.741739	0.574515	0.346057
27289	8.114573	1.301684	1.238195	-0.223270	-1.199355	0.536768	-0.306115	-0.150106	0.940086	0.590414	-0.804576	0.063784	0.746796	0.574566	0.334917
27290	9.600803	2.224380	0.671412	-0.521238	-1.274869	0.506120	-0.293545	-0.146927	0.944587	0.587990	-0.806841	0.057225	0.753724	0.572206	0.323236
27291	14.458556	4.342842	2.692153	-0.694214	-1.122675	0.323688	-0.283090	-0.143153	0.948350	0.583700	-0.810307	0.051924	0.761022	0.568251	0.312949
27292	20.077627	4.683419	7.144302	-0.464518	-0.282759	0.121534	-0.280200	-0.142588	0.949293	0.580480	-0.812783	0.049255	0.764546	0.564847	0.310511
27293	17.201149	2.217393	10.363774	0.156964	0.420799	0.249057	-0.281909	-0.147000	0.948113	0.582413	-0.811513	0.047352	0.762445	0.565543	0.314387
27294	11.810769	0.364899	11.421429	0.782832	0.026865	0.547992	-0.278876	-0.151632	0.948281	0.589881	-0.806260	0.044553	0.757805	0.571798	0.314291
27295	8.098019	1.008952	8.212514	1.300178	-0.769861	0.589987	-0.269494	-0.151927	0.950942	0.601350	-0.797830	0.042955	0.752165	0.583425	0.306371
27296	6.297317	3.151531	2.935108	1.132943	-1.444903	0.599696	-0.254991	-0.148229	0.955514	0.611395	-0.790285	0.040561	0.749117	0.594540	0.292142
27297	6.335066	3.711783	-0.814135	0.644605	-1.634319	0.716791	-0.238284	-0.144107	0.960445	0.618025	-0.785357	0.035495	0.749177	0.602037	0.276200
27298	6.401741	3.179987	-2.364657	-0.099670	-1.589927	0.757320	-0.221632	-0.140513	0.964954	0.618997	-0.784898	0.027878	0.753473	0.603482	0.260936
27299	7.299228	2.563592	-2.781736	-1.174746	-1.587191	0.693549	-0.205264	-0.136464	0.969146	0.611595	-0.790963	0.018161	0.764080	0.596453	0.245817
27300	8.900509	1.751555	-2.891256	-1.801147	-1.413882	0.613557	-0.190627	-0.133038	0.972606	0.598924	-0.800768	0.007854	0.777786	0.584014	0.232328
27301	9.379367	0.921535	-2.739269	-1.840912	-1.103132	0.548794	-0.178668	-0.131101	0.975136	0.585530	-0.810649	-0.001703	0.790716	0.570667	0.221601
27302	8.313315	-0.456579	-2.061403	-1.625565	-1.067434	0.521327	-0.167114	-0.129355	0.977415	0.573494	-0.819144	-0.010355	0.801984	0.558811	0.211075
27303	8.277473	-2.023795	-1.471022	-1.387094	-1.573984	0.420307	-0.151964	-0.124103	0.980564	0.562998	-0.826276	-0.017325	0.812367	0.549423	0.195434
27304	10.219359	-2.961365	-1.802280	-1.314725	-1.930007	0.188039	-0.135103	-0.115171	0.984115	0.552531	-0.833211	-0.021657	0.822470	0.540828	0.176205
27305	11.706785	-3.080728	-1.991269	-0.694954	-1.734225	0.104842	-0.120154	-0.106714	0.987003	0.546958	-0.836819	-0.023892	0.828493	0.536979	0.158915
27306	11.429256	-2.183343	-1.524009	0.209126	-1.413212	0.148832	-0.107585	-0.100381	0.989115	0.548868	-0.835532	-0.025095	0.828957	0.540194	0.144986
27307	10.752441	-0.565434	-0.520344	0.651721	-1.227050	0.211063	-0.096206	-0.095484	0.990771	0.554507	-0.831763	-0.026316	0.826599	0.546858	0.132967
27308	9.703991	0.461330	-0.169172	0.581068	-1.130253	0.212785	-0.085648	-0.091066	0.992155	0.559507	-0.828361	-0.027733	0.824388	0.552742	0.121900
27309	9.253934	0.965498	-0.063050	0.310033	-1.173938	0.198019	-0.074807	-0.086207	0.993465	0.562249	-0.826446	-0.029377	0.823578	0.556377	0.110293
27310	9.307059	0.951751	-0.161079	-0.019005	-1.203907	0.154735	-0.063970	-0.080809	0.994675	0.562212	-0.826413	-0.030982	0.824515	0.557236	0.098297
27311	9.302452	0.262315	-0.259121	-0.315050	-1.212889	0.085359	-0.053418	-0.074778	0.995768	0.559688	-0.828079	-0.032161	0.826980	0.555601	0.086087
27312	9.490781	-0.884687	-0.580469	-0.435033	-1.235983	0.040983	-0.042903	-0.068290	0.996743	0.556120	-0.830448	-0.032960	0.829994	0.552895	0.073606
27313	9.673514	-1.984210	-0.880573	-0.363653	-1.219418	0.005813	-0.032677	-0.061622	0.997564	0.553126	-0.832432	-0.033303	0.832457	0.550691	0.061286
27314	9.790647	-2.910044	-1.147088	-0.206833	-1.179769	-0.037933	-0.023009	-0.054839	0.998230	0.551408	-0.833579	-0.033084	0.833918	0.549671	0.049418
27315	9.837276	-3.563755	-1.588930	-0.021496	-1.154603	-0.070654	-0.013711	-0.047913	0.998757	0.551242	-0.833715	-0.032428	0.834233	0.550112	0.037843
27316	9.871833	-3.633498	-1.900966	0.150849	-1.148356	-0.087625	-0.004569	-0.040883	0.999153	0.552503	-0.832913	-0.031554	0.833498	0.551891	0.026393
27317	10.073957	-3.269543	-1.978757	0.265916	-1.160443	-0.079157	0.004714	-0.033817	0.999417	0.554742	-0.831454	-0.030750	0.832009	0.554564	0.014840
27318	10.132969	-2.400788	-1.954989	0.354789	-1.176991	-0.053391	0.014250	-0.026857	0.999538	0.557701	-0.829491	-0.030239	0.829919	0.557875	0.003158
27319	10.082140	-1.265935	-1.651079	0.399233	-1.194569	-0.028079	0.024049	-0.019951	0.999512	0.561039	-0.827245	-0.030011	0.827440	0.561487	-0.008701
27320	9.821862	-0.185818	-1.279354	0.341380	-1.216206	-0.010760	0.034093	-0.013046	0.999334	0.563868	-0.825320	-0.030011	0.825161	0.564515	-0.020782
27321	9.622692	0.632254	-1.044032	0.221949	-1.231446	-0.007861	0.044256	-0.006028	0.999002	0.565723	-0.824048	-0.030035	0.823407	0.566488	-0.033059
27322	9.451876	1.089748	-0.727222	0.057893	-1.216383	-0.032388	0.054139	0.001104	0.998533	0.566223	-0.823714	-0.029789	0.822472	0.567005	-0.045221
27323	9.424922	1.090627	-0.537423	-0.125196	-1.197576	-0.063559	0.063686	0.008401	0.997935	0.565252	-0.824403	-0.029134	0.822456	0.565940	-0.057252
27324	9.380762	0.829329	-0.431570	-0.294159	-1.192989	-0.096816	0.073013	0.015912	0.997204	0.562908	-0.826044	-0.028034	0.823288	0.563381	-0.069269
27325	9.568561	0.452396	-0.518301	-0.388836	-1.198434	-0.121503	0.082262	0.023637	0.996330	0.559820	-0.828188	-0.026574	0.824521	0.559952	-0.081361
27326	9.534293	0.297378	-0.576687	-0.448334	-1.201814	-0.116586	0.091585	0.031287	0.995306	0.556233	-0.830648	-0.025072	0.825964	0.555918	-0.093477
27327	9.579945	0.152356	-0.719096	-0.504323	-1.240423	-0.092745	0.101383	0.038913	0.994086	0.552173	-0.833393	-0.023691	0.827542	0.551310	-0.105979
27328	9.645333	0.169000	-0.809972	-0.561786	-1.285720	-0.062546	0.111745	0.046468	0.992650	0.547598	-0.836440	-0.022489	0.829247	0.546086	-0.118914
27329	9.610883	0.170503	-0.849188	-0.642062	-1.302061	-0.047932	0.122351	0.053928	0.991021	0.542343	-0.839888	-0.021254	0.831201	0.540073	-0.132008
27330	9.557421	-0.069292	-0.857575	-0.713412	-1.303845	-0.031916	0.133085	0.061171	0.989215	0.536458	-0.843690	-0.020001	0.833368	0.533334	-0.145098
27331	9.475391	-0.574223	-1.097884	-0.787567	-1.316085	-0.018826	0.144024	0.068287	0.987215	0.529930	-0.847836	-0.018666	0.835722	0.525843	-0.158296
27332	9.542412	-0.918572	-1.415942	-0.763583	-1.342775	-0.016191	0.155229	0.075410	0.984996	0.523574	-0.851804	-0.017299	0.837719	0.518404	-0.171707
27333	9.646126	-1.060306	-1.377247	-0.704547	-1.351146	-0.009440	0.166564	0.082433	0.982579	0.517700	-0.855412	-0.015995	0.839192	0.511346	-0.185157
27334	9.764822	-1.254483	-1.375626	-0.619360	-1.349823	0.009142	0.177999	0.089184	0.979981	0.512490	-0.858563	-0.014952	0.840042	0.504892	-0.198529
27335	9.793769	-1.329796	-1.320448	-0.490467	-1.318957	0.037735	0.189328	0.095467	0.977262	0.508318	-0.861050	-0.014363	0.840100	0.499479	-0.211548
27336	9.728539	-1.233486	-1.411726	-0.303879	-1.278670	0.073460	0.200490	0.101162	0.974459	0.505624	-0.862633	-0.014477	0.839136	0.495612	-0.224099
27337	9.620224	-0.696169	-1.442315	-0.189226	-1.268329	0.091539	0.211640	0.106623	0.971514	0.503865	-0.863653	-0.014980	0.837454	0.492682	-0.236507
27338	9.825345	-0.365702	-1.429607	-0.066728	-1.247445	0.092058	0.222590	0.111922	0.968466	0.503103	-0.864083	-0.015773	0.835070	0.490749	-0.248644
27339	9.896178	0.102377	-0.986838	0.027420	-1.198994	0.085892	0.233072	0.117041	0.965391	0.503151	-0.864037	-0.016722	0.832176	0.489635	-0.260272
27340	9.865977	0.153071	-0.491621	0.018513	-1.212327	0.093516	0.243667	0.122118	0.962140	0.503075	-0.864061	-0.017737	0.829182	0.488350	-0.271978
27341	9.655508	0.027072	-0.116573	-0.047297	-1.254214	0.116854	0.254691	0.127204	0.958620	0.502406	-0.864428	-0.018776	0.826269	0.486399	-0.284070
27342	9.595676	-0.174300	-0.020561	-0.176038	-1.308457	0.126499	0.266173	0.132406	0.954788	0.500613	-0.865451	-0.019542	0.823735	0.483181	-0.296644
27343	9.535547	-0.261389	-0.055082	-0.328792	-1.339892	0.109361	0.277796	0.137885	0.950693	0.497623	-0.867171	-0.019636	0.821706	0.478542	-0.309512
27344	9.688004	-0.089993	-0.523229	-0.479657	-1.374001	0.093977	0.289593	0.143548	0.946324	0.493402	-0.869592	-0.019082	0.820177	0.472444	-0.322655
27345	9.970426	0.179057	-1.110679	-0.629466	-1.401696	0.069516	0.301477	0.149495	0.941681	0.488049	-0.872637	-0.017714	0.819097	0.464927	-0.336041
27346	10.570416	0.301004	-1.702367	-0.780840	-1.425988	0.067080	0.313529	0.155414	0.936774	0.481427	-0.876345	-0.015740	0.818491	0.455924	-0.349580
27347	11.248356	0.434677	-1.981577	-0.879237	-1.399684	0.075121	0.325395	0.161048	0.931763	0.474003	-0.880422	-0.013360	0.818193	0.446005	-0.362822
27348	11.637532	0.182540	-1.744707	-1.002131	-1.324081	0.080070	0.336656	0.166110	0.926861	0.465512	-0.884980	-0.010480	0.818512	0.434993	-0.375259
27349	11.692190	-0.279823	-1.123299	-1.056581	-1.244480	0.060480	0.347177	0.170895	0.922097	0.456664	-0.889611	-0.007063	0.819101	0.423540	-0.386895
27350	11.535305	-0.580036	-0.301271	-1.030146	-1.181864	0.017294	0.356986	0.175609	0.917454	0.448132	-0.893962	-0.003258	0.819597	0.412303	-0.397828
27351	11.421807	-0.778319	0.292646	-1.027934	-1.139828	-0.022265	0.366284	0.180423	0.912844	0.439794	-0.898098	0.001039	0.820011	0.401083	-0.408308
27352	11.634594	-1.027777	0.321749	-1.036044	-1.090368	-0.086823	0.374895	0.185431	0.908333	0.431577	-0.902056	0.006026	0.820484	0.389757	-0.418204
27353	12.040867	-1.553068	0.230084	-0.983020	-1.028560	-0.124709	0.382854	0.190489	0.903956	0.423991	-0.905596	0.011262	0.820765	0.378957	-0.427477
27354	12.571421	-2.223631	-0.069352	-0.856365	-0.967300	-0.134573	0.390271	0.195228	0.899764	0.417429	-0.908567	0.016079	0.820635	0.369312	-0.436081
27355	13.048716	-2.193067	0.079271	-0.731612	-0.911867	-0.106016	0.397362	0.199498	0.895714	0.411852	-0.911027	0.020200	0.820049	0.360875	-0.444172
27356	13.336369	-1.958283	0.328349	-0.759246	-0.823433	-0.071113	0.403868	0.202961	0.892019	0.405842	-0.913625	0.024129	0.819868	0.352273	-0.451354
27357	12.823657	-1.596868	0.843407	-0.823486	-0.699320	-0.047684	0.409462	0.205805	0.888811	0.399289	-0.916390	0.028245	0.820311	0.343327	-0.457402
27358	12.105544	-1.120678	1.545150	-0.922983	-0.600158	-0.039764	0.414275	0.208059	0.886052	0.391789	-0.919473	0.032725	0.821509	0.333588	-0.462430
27359	11.452913	-0.633194	2.249745	-0.993997	-0.500059	-0.054850	0.418225	0.210181	0.883692	0.383849	-0.922623	0.037776	0.823255	0.323406	-0.466541
27360	11.015832	-0.337920	3.044002	-1.026269	-0.361287	-0.078037	0.420949	0.211891	0.881989	0.375614	-0.925772	0.043139	0.825661	0.313128	-0.469292
27361	10.529278	-0.070886	4.012536	-1.047826	-0.248725	-0.094596	0.422704	0.213507	0.880759	0.367353	-0.928798	0.048848	0.828476	0.302901	-0.471039
27362	9.925821	-0.077325	5.020928	-1.043845	-0.148437	-0.103261	0.423601	0.214733	0.880030	0.359011	-0.931739	0.054541	0.831669	0.292837	-0.471776
27363	9.121098	-0.733291	6.304183	-1.068503	-0.066060	-0.136235	0.423716	0.216166	0.879623	0.350689	-0.934521	0.060729	0.835154	0.282742	-0.471779
27364	9.444296	-2.063320	6.819216	-0.945037	-0.059707	-0.198551	0.423563	0.217993	0.879246	0.343493	-0.936778	0.066785	0.838217	0.273727	-0.471663
27365	11.558844	-1.981296	6.761990	-0.571513	0.026332	-0.155642	0.422858	0.219352	0.879247	0.339362	-0.937988	0.070796	0.840252	0.268446	-0.471076
27366	14.906017	-0.195658	7.739743	-1.211795	0.492558	-0.136250	0.418282	0.219112	0.881493	0.329563	-0.940947	0.077508	0.846421	0.258087	-0.465792
27367	13.735032	1.084396	6.667306	-1.519343	1.277568	-0.385644	0.406202	0.219493	0.887030	0.318222	-0.943937	0.087849	0.856583	0.246588	-0.453277
27368	11.595529	1.485623	4.853348	-1.652036	1.539302	-0.496386	0.391407	0.220243	0.893473	0.305787	-0.946891	0.099454	0.867926	0.234286	-0.437967
27369	10.795588	-0.206657	2.716690	-1.698436	1.811392	-0.370885	0.374514	0.219595	0.900842	0.292373	-0.949955	0.110017	0.879919	0.222179	-0.419975
27370	10.782764	1.409806	-1.041091	-2.241617	1.779963	-0.210391	0.358163	0.217549	0.907960	0.273094	-0.954355	0.120939	0.892827	0.204643	-0.401226
27371	13.025814	0.408623	-2.161568	-1.882641	2.041011	-0.125129	0.339531	0.214674	0.915769	0.256618	-0.957813	0.129386	0.904912	0.191072	-0.380297
27372	13.939195	-0.009212	-3.845315	-1.744865	2.363596	0.007385	0.318033	0.209975	0.924535	0.240514	-0.961134	0.135553	0.917065	0.179253	-0.356174
27373	15.540109	-0.528173	-5.843173	-1.821891	2.408302	0.151639	0.296204	0.204314	0.933016	0.223246	-0.964604	0.140358	0.928668	0.166718	-0.331332
27374	17.205477	0.535313	-6.761611	-2.102506	2.392256	0.408509	0.274733	0.196309	0.941268	0.202243	-0.968835	0.143028	0.940010	0.151070	-0.305873
27375	18.173549	1.867559	-6.587888	-2.193159	2.148771	0.787395	0.255975	0.185563	0.948706	0.179443	-0.973467	0.141990	0.949883	0.133893	-0.282482
27376	18.099540	1.928018	-5.618552	-1.867187	1.900283	1.055211	0.239641	0.172611	0.955394	0.158824	-0.977781	0.136818	0.957782	0.118953	-0.261732
27377	17.594673	0.755791	-5.496652	-1.272147	1.985925	1.109033	0.222279	0.159439	0.961858	0.144054	-0.981081	0.129335	0.964282	0.109811	-0.241042
27378	17.000156	0.241354	-6.515010	-0.524085	2.253075	1.051088	0.201966	0.146409	0.968387	0.136563	-0.983314	0.120184	0.969825	0.107972	-0.218590
27379	16.554978	0.808219	-7.083325	-0.198396	2.420324	1.047544	0.179888	0.133429	0.974596	0.132653	-0.984998	0.110369	0.974702	0.109429	-0.194889
27380	15.868934	1.499641	-7.104077	-0.193535	2.556152	1.184791	0.156458	0.118688	0.980527	0.128577	-0.986753	0.098926	0.979280	0.110595	-0.169646
27381	14.225714	1.975793	-6.227433	-0.173771	2.635460	1.274920	0.132256	0.103127	0.985836	0.125052	-0.988362	0.086615	0.983296	0.111826	-0.143613
27382	12.893579	1.328140	-5.329003	-0.111778	2.517034	1.285268	0.109047	0.087351	0.990191	0.122216	-0.989752	0.073853	0.986495	0.112964	-0.118605
27383	11.952159	0.954916	-4.559887	-0.042946	2.454637	1.284686	0.086404	0.071797	0.993670	0.120560	-0.990823	0.061108	0.988939	0.114517	-0.094267
27384	11.426308	0.596638	-4.304573	-0.059488	2.331669	1.293960	0.064861	0.056069	0.996318	0.118816	-0.991752	0.048077	0.990796	0.115261	-0.070987
27385	11.297570	0.316795	-4.709843	0.162950	2.195488	1.350694	0.044751	0.040070	0.998194	0.119717	-0.992210	0.034463	0.991799	0.117958	-0.049199
27386	11.676298	-0.355770	-5.273174	0.475574	2.101856	1.456799	0.025661	0.022870	0.999409	0.123752	-0.992121	0.019526	0.991981	0.123178	-0.028289
27387	11.891794	-0.524717	-5.649106	0.969883	2.081858	1.554729	0.007059	0.004746	0.999964	0.133142	-0.991090	0.003764	0.991072	0.133110	-0.007628
27388	11.733369	-0.804139	-6.301859	1.489445	2.123942	1.541194	-0.011821	-0.013695	0.999836	0.147762	-0.988953	-0.011799	0.988952	0.147598	0.013714
27389	10.536898	-0.332193	-6.283598	2.050777	2.245618	1.420726	-0.031698	-0.031295	0.999007	0.168344	-0.985398	-0.025528	0.985218	0.167368	0.036504
27390	9.234653	-0.122081	-6.597885	2.530551	2.307467	1.248171	-0.052128	-0.047889	0.997492	0.193577	-0.980389	-0.036952	0.979699	0.191165	0.060376
27391	7.542354	0.758443	-6.443722	2.996042	2.383692	1.042381	-0.073170	-0.063001	0.995328	0.223499	-0.973656	-0.045199	0.971954	0.219148	0.085323
27392	5.844776	1.597796	-6.381678	3.278365	2.362720	0.826165	-0.094055	-0.076713	0.992607	0.255757	-0.965428	-0.050378	0.962155	0.249128	0.110423
27393	4.486285	2.341243	-6.125567	3.345707	2.231764	0.609121	-0.113697	-0.088497	0.989566	0.288424	-0.956070	-0.052363	0.950728	0.279462	0.134226
27394	3.358805	2.652653	-5.985487	3.316066	2.025957	0.437016	-0.131511	-0.098760	0.986383	0.320161	-0.945934	-0.052024	0.938191	0.308960	0.156020
27395	2.899628	2.659265	-5.987282	3.189391	1.728259	0.328743	-0.146461	-0.107466	0.983362	0.350367	-0.935276	-0.050028	0.925090	0.337210	0.174633
27396	2.675638	2.629734	-5.913703	2.993095	1.481319	0.283007	-0.159038	-0.115410	0.980504	0.378194	-0.924508	-0.047476	0.911963	0.363270	0.190680
27397	2.597904	2.317900	-5.997378	2.721535	1.276356	0.277448	-0.169461	-0.122774	0.977860	0.403330	-0.913955	-0.044854	0.899227	0.386799	0.204398
27398	2.441353	2.103661	-5.932099	2.390978	1.068660	0.266528	-0.177899	-0.129544	0.975485	0.425074	-0.904158	-0.042551	0.887504	0.407083	0.215914
27399	2.507673	1.647123	-5.975055	2.056210	0.835049	0.208550	-0.184307	-0.134916	0.973565	0.443626	-0.895315	-0.040089	0.877056	0.424510	0.224865
27400	2.681595	1.137872	-5.954608	1.966704	0.605050	0.116437	-0.189044	-0.138662	0.972129	0.460933	-0.886670	-0.036837	0.867066	0.441122	0.231534
