// General information: 
//  MT Manager version: 2022.2.0 
//  XDA version: 2022.2.0 build 7381 rev 124627 built on 2023-07-19
// Device information: 
//  DeviceId: 00B4CBA7
//  ProductCode: MTW2-3A7G6
//  Firmware Version: 4.6.0
//  Hardware Version: 2.0.0
// Device settings: 
//  Filter Profile: human(46.1)
//  Option Flags: Orientation Smoother Disabled, Position/Velocity Smoother Disabled, Continuous Zero Rotation Update Disabled, AHS Disabled, ICC Disabled
// Coordinate system: ENU
PacketCounter	Acc_X	Acc_Y	Acc_Z	Gyr_X	Gyr_Y	Gyr_Z	Mat[1][1]	Mat[2][1]	Mat[3][1]	Mat[1][2]	Mat[2][2]	Mat[3][2]	Mat[1][3]	Mat[2][3]	Mat[3][3]
10621	9.753503	0.105501	-0.663818	-0.007456	-0.003450	0.001233	-0.054903	-0.035725	0.997852	-0.538698	0.842499	0.000523	-0.840708	-0.537513	-0.065500
10622	9.795601	0.051347	-0.689588	-0.002185	-0.003066	-0.002387	-0.054797	-0.035795	0.997856	-0.538570	0.842581	0.000649	-0.840797	-0.537379	-0.065449
10623	9.761238	0.044096	-0.731386	-0.001122	0.003616	0.006619	-0.054772	-0.035741	0.997859	-0.538561	0.842586	0.000618	-0.840804	-0.537374	-0.065399
10624	9.756727	0.030606	-0.710885	0.006685	0.003209	0.003267	-0.054694	-0.035720	0.997864	-0.538490	0.842631	0.000648	-0.840855	-0.537305	-0.065321
10625	9.710090	0.071518	-0.665039	0.007255	0.001484	0.002922	-0.054667	-0.035709	0.997866	-0.538554	0.842591	0.000649	-0.840816	-0.537370	-0.065293
10626	9.734102	0.094184	-0.674104	0.000439	0.004264	0.003550	-0.054527	-0.035711	0.997874	-0.538595	0.842565	0.000722	-0.840799	-0.537410	-0.065176
10627	9.766744	0.070739	-0.710926	0.000220	0.002132	0.001775	-0.054488	-0.035706	0.997876	-0.538600	0.842561	0.000739	-0.840798	-0.537416	-0.065141
10628	9.781234	-0.004546	-0.666853	-0.002849	0.008626	0.001721	-0.054428	-0.035692	0.997880	-0.538574	0.842578	0.000762	-0.840819	-0.537390	-0.065082
10629	9.729211	0.008312	-0.639848	0.008080	0.005867	0.004223	-0.054371	-0.035647	0.997884	-0.538644	0.842533	0.000749	-0.840778	-0.537463	-0.065010
10630	9.734653	0.035949	-0.620091	0.011185	0.003350	0.004146	-0.054400	-0.035583	0.997885	-0.538718	0.842486	0.000673	-0.840728	-0.537542	-0.065000
10631	9.739210	0.048651	-0.640109	0.008210	-0.000123	0.000329	-0.054373	-0.035603	0.997886	-0.538791	0.842439	0.000699	-0.840683	-0.537614	-0.064988
10632	9.730593	0.094605	-0.612224	0.009220	0.002416	0.003534	-0.054293	-0.035598	0.997890	-0.538739	0.842472	0.000742	-0.840721	-0.537562	-0.064918
10633	9.782689	0.081008	-0.638200	0.008650	0.004141	0.003878	-0.054249	-0.035565	0.997894	-0.538813	0.842425	0.000732	-0.840677	-0.537639	-0.064863
10634	9.781000	0.050345	-0.716598	0.019817	0.007322	0.002093	-0.054176	-0.035554	0.997898	-0.538984	0.842316	0.000749	-0.840572	-0.537810	-0.064796
10635	9.750175	0.103670	-0.599427	0.021451	0.015920	-0.001241	-0.054006	-0.035500	0.997909	-0.539169	0.842197	0.000782	-0.840465	-0.537999	-0.064624
10636	9.719631	0.094331	-0.699397	0.016565	0.015657	0.000128	-0.053844	-0.035507	0.997918	-0.539350	0.842082	0.000861	-0.840359	-0.538180	-0.064491
10637	9.754904	0.116495	-0.616831	0.005178	0.010345	0.000138	-0.053727	-0.035472	0.997925	-0.539397	0.842051	0.000891	-0.840336	-0.538230	-0.064375
10638	9.725562	0.065310	-0.625756	-0.011629	0.010476	0.001728	-0.053696	-0.035460	0.997928	-0.539369	0.842069	0.000899	-0.840356	-0.538203	-0.064341
10639	9.729702	0.005827	-0.632373	-0.002447	0.008913	0.005395	-0.053620	-0.035388	0.997934	-0.539350	0.842081	0.000882	-0.840373	-0.538188	-0.064239
10640	9.731070	0.092716	-0.604891	0.004149	0.003998	0.002997	-0.053587	-0.035375	0.997936	-0.539316	0.842103	0.000891	-0.840397	-0.538156	-0.064204
10641	9.763751	0.069290	-0.641470	-0.007955	0.006233	0.001310	-0.053512	-0.035353	0.997941	-0.539252	0.842144	0.000917	-0.840442	-0.538093	-0.064129
10642	9.753477	0.085173	-0.692109	-0.006209	0.005034	0.000148	-0.053491	-0.035372	0.997942	-0.539196	0.842180	0.000949	-0.840480	-0.538035	-0.064122
10643	9.725776	0.064293	-0.622518	-0.009701	0.007431	0.002471	-0.053412	-0.035333	0.997947	-0.539117	0.842230	0.000965	-0.840536	-0.537959	-0.064034
10644	9.749000	0.071907	-0.670669	-0.017728	0.005711	0.004045	-0.053334	-0.035345	0.997951	-0.538934	0.842347	0.001031	-0.840658	-0.537775	-0.063974
10645	9.749035	0.071647	-0.670184	-0.017158	0.003985	0.003701	-0.053291	-0.035315	0.997954	-0.538791	0.842439	0.001040	-0.840752	-0.537634	-0.063921
10646	9.768481	0.081381	-0.659307	-0.034039	-0.003841	0.005547	-0.053324	-0.035307	0.997953	-0.538398	0.842690	0.001046	-0.841002	-0.537240	-0.063944
10647	9.732102	0.106745	-0.562313	-0.019670	0.008584	-0.002630	-0.053207	-0.035305	0.997959	-0.538238	0.842792	0.001119	-0.841112	-0.537080	-0.063845
10648	9.757795	0.025641	-0.696283	-0.015850	0.020245	-0.003573	-0.052902	-0.035291	0.997976	-0.537940	0.842982	0.001294	-0.841322	-0.536782	-0.063580
10649	9.713673	0.112759	-0.530136	-0.035374	0.023001	-0.004173	-0.052656	-0.035225	0.997991	-0.537648	0.843168	0.001393	-0.841524	-0.536494	-0.063337
10650	9.697300	0.086149	-0.638319	-0.042299	0.013847	-0.003165	-0.052511	-0.035262	0.997998	-0.537360	0.843351	0.001524	-0.841716	-0.536204	-0.063234
10651	9.703866	0.072690	-0.526158	-0.035265	0.013194	-0.002014	-0.052359	-0.035231	0.998007	-0.537068	0.843537	0.001601	-0.841912	-0.535914	-0.063088
10652	9.726632	0.008805	-0.561545	-0.042759	0.005763	-0.000667	-0.052272	-0.035215	0.998012	-0.536621	0.843822	0.001668	-0.842203	-0.535466	-0.063006
10653	9.720189	0.023122	-0.671929	-0.027734	0.002866	-0.000949	-0.052213	-0.035230	0.998014	-0.536391	0.843968	0.001730	-0.842353	-0.535235	-0.062963
10654	9.763941	-0.000869	-0.618198	-0.015631	0.000639	0.000750	-0.052123	-0.035238	0.998019	-0.536171	0.844107	0.001802	-0.842498	-0.535015	-0.062891
10655	9.797138	0.048149	-0.667644	0.000788	0.000405	0.001432	-0.052097	-0.035247	0.998020	-0.536180	0.844102	0.001822	-0.842494	-0.535024	-0.062874
10656	9.745537	0.133309	-0.653622	0.007070	0.003329	0.001030	-0.052035	-0.035281	0.998022	-0.536282	0.844037	0.001876	-0.842433	-0.535124	-0.062840
10657	9.753433	0.071988	-0.720755	0.000218	0.002128	0.001777	-0.051997	-0.035277	0.998024	-0.536286	0.844034	0.001893	-0.842433	-0.535128	-0.062806
10658	9.706992	0.055790	-0.623053	-0.004669	0.001861	0.003138	-0.051961	-0.035275	0.998026	-0.536139	0.844128	0.001922	-0.842529	-0.534981	-0.062774
10659	9.753743	0.014356	-0.668509	-0.010344	0.001188	0.003068	-0.051937	-0.035265	0.998028	-0.536053	0.844182	0.001933	-0.842585	-0.534895	-0.062748
10660	9.759143	0.042072	-0.648865	-0.004451	0.003989	0.004915	-0.051933	-0.035255	0.998028	-0.535991	0.844222	0.001931	-0.842625	-0.534834	-0.062740
10661	9.740510	0.046539	-0.620174	-0.001772	-0.002622	0.007218	-0.051964	-0.035231	0.998027	-0.535975	0.844232	0.001895	-0.842633	-0.534819	-0.062753
10662	9.759958	0.055672	-0.609095	-0.016929	0.006247	0.011391	-0.051892	-0.035164	0.998033	-0.535721	0.844393	0.001896	-0.842799	-0.534569	-0.062656
10663	9.778616	0.049863	-0.637503	-0.008805	-0.001978	0.006058	-0.051911	-0.035146	0.998033	-0.535647	0.844440	0.001876	-0.842845	-0.534496	-0.062662
10664	9.769165	0.080405	-0.649217	-0.013086	0.000006	0.006947	-0.051891	-0.035161	0.998034	-0.535494	0.844537	0.001911	-0.842944	-0.534341	-0.062652
10665	9.773775	0.092872	-0.669218	-0.012478	0.002257	0.006475	-0.051877	-0.035117	0.998036	-0.535388	0.844604	0.001889	-0.843012	-0.534238	-0.062616
10666	9.768409	0.064316	-0.688299	-0.008161	0.004247	0.005459	-0.051832	-0.035078	0.998040	-0.535158	0.844750	0.001898	-0.843161	-0.534010	-0.062557
10667	9.764634	0.065715	-0.628264	-0.001128	0.003601	0.006618	-0.051807	-0.035026	0.998043	-0.535148	0.844757	0.001868	-0.843169	-0.534003	-0.062508
10668	9.778714	0.046901	-0.636227	-0.001478	0.007451	0.008740	-0.051757	-0.034950	0.998048	-0.535104	0.844784	0.001834	-0.843199	-0.533964	-0.062425
10669	9.730444	0.057212	-0.669163	0.001018	0.002686	0.009138	-0.051753	-0.034882	0.998051	-0.535110	0.844780	0.001777	-0.843196	-0.533975	-0.062385
10670	9.740480	0.097452	-0.669476	0.002802	0.005466	0.007851	-0.051648	-0.034837	0.998058	-0.535036	0.844828	0.001801	-0.843249	-0.533903	-0.062273
10671	9.726494	0.114672	-0.660357	0.006732	0.007331	0.009083	-0.051605	-0.034744	0.998063	-0.535090	0.844793	0.001741	-0.843217	-0.533964	-0.062186
10672	9.769463	0.074561	-0.645415	-0.001439	0.011424	0.008612	-0.051522	-0.034723	0.998068	-0.535047	0.844821	0.001771	-0.843250	-0.533922	-0.062105
10673	9.751676	0.093658	-0.576214	0.004417	0.010246	0.010588	-0.051462	-0.034602	0.998075	-0.535081	0.844799	0.001698	-0.843232	-0.533964	-0.061990
10674	9.727677	0.069474	-0.566269	-0.002864	0.004948	0.013704	-0.051532	-0.034508	0.998075	-0.535108	0.844782	0.001580	-0.843210	-0.533997	-0.061999
10675	9.761181	0.060411	-0.563353	-0.006195	0.005180	0.006072	-0.051490	-0.034453	0.998079	-0.535056	0.844815	0.001559	-0.843246	-0.533948	-0.061934
10676	9.741761	0.049800	-0.574045	-0.006055	-0.000642	0.008102	-0.051493	-0.034487	0.998078	-0.535113	0.844779	0.001583	-0.843209	-0.534003	-0.061955
10677	9.755777	0.030827	-0.582840	-0.003950	-0.005532	0.010748	-0.051567	-0.034449	0.998075	-0.535077	0.844802	0.001514	-0.843228	-0.533969	-0.061997
10678	9.726925	0.051077	-0.605558	-0.000948	0.001750	0.008519	-0.051583	-0.034435	0.998075	-0.535063	0.844811	0.001494	-0.843236	-0.533956	-0.062003
10679	9.736321	0.019025	-0.594105	0.005436	-0.005126	0.010278	-0.051651	-0.034399	0.998073	-0.535107	0.844783	0.001424	-0.843204	-0.534002	-0.062041
10680	9.736153	0.075130	-0.646315	0.016220	-0.002066	0.010768	-0.051683	-0.034388	0.998071	-0.535227	0.844707	0.001389	-0.843126	-0.534123	-0.062062
10681	9.755586	0.084032	-0.635680	0.013466	-0.003401	0.008719	-0.051728	-0.034356	0.998070	-0.535339	0.844636	0.001329	-0.843052	-0.534237	-0.062083
10682	9.736132	0.072933	-0.646875	0.015831	-0.002193	0.013014	-0.051635	-0.034275	0.998078	-0.535206	0.844721	0.001320	-0.843142	-0.534109	-0.061961
10683	9.764829	0.107652	-0.676421	0.012509	-0.001806	0.011309	-0.051680	-0.034212	0.998078	-0.535308	0.844656	0.001235	-0.843074	-0.534215	-0.061966
10684	9.763352	0.019231	-0.703729	0.018185	-0.001140	0.011381	-0.051640	-0.034201	0.998080	-0.535478	0.844548	0.001235	-0.842969	-0.534386	-0.061926
10685	9.786675	0.025818	-0.751843	0.046690	0.014107	0.011352	-0.051551	-0.034053	0.998090	-0.535869	0.844301	0.001129	-0.842726	-0.534787	-0.061772
10686	9.688785	0.094261	-0.639487	0.049172	0.009177	0.005821	-0.051451	-0.034013	0.998096	-0.536177	0.844105	0.001126	-0.842536	-0.535098	-0.061667
10687	9.786092	0.142764	-0.584118	0.023775	0.009469	0.015210	-0.051422	-0.033858	0.998103	-0.536372	0.843981	0.000996	-0.842414	-0.535303	-0.061559
10688	9.723925	0.170549	-0.607767	-0.002516	0.019004	0.015078	-0.051319	-0.033658	0.998115	-0.536286	0.844036	0.000888	-0.842475	-0.535229	-0.061365
10689	9.713227	0.055918	-0.593084	-0.016486	0.010525	0.014923	-0.051279	-0.033499	0.998122	-0.536141	0.844128	0.000786	-0.842569	-0.535094	-0.061247
10690	9.767045	0.014192	-0.487135	-0.016265	0.012648	0.016695	-0.051280	-0.033339	0.998128	-0.536045	0.844189	0.000657	-0.842631	-0.535008	-0.061161
10691	9.765516	-0.017269	-0.565268	-0.006184	0.005343	0.011990	-0.051269	-0.033233	0.998132	-0.535989	0.844225	0.000578	-0.842667	-0.534958	-0.061095
10692	9.761640	0.040855	-0.557133	0.002982	0.003611	0.009746	-0.051245	-0.033169	0.998135	-0.535906	0.844277	0.000543	-0.842721	-0.534879	-0.061041
10693	9.751524	0.055820	-0.608149	-0.001162	-0.000219	0.012665	-0.051284	-0.033087	0.998136	-0.535892	0.844286	0.000453	-0.842727	-0.534870	-0.061030
10694	9.714208	0.064954	-0.550977	-0.000772	-0.000095	0.010418	-0.051276	-0.033038	0.998138	-0.535818	0.844334	0.000422	-0.842775	-0.534798	-0.060996
10695	9.746068	0.025614	-0.627726	-0.004526	-0.003800	0.011091	-0.051336	-0.032989	0.998136	-0.535776	0.844360	0.000350	-0.842798	-0.534759	-0.061021
10696	9.723514	0.031705	-0.540007	-0.002604	-0.006845	0.011836	-0.051429	-0.032980	0.998132	-0.535686	0.844417	0.000300	-0.842850	-0.534670	-0.061095
10697	9.763851	0.003090	-0.697021	-0.002994	-0.006971	0.014082	-0.051532	-0.032922	0.998129	-0.535656	0.844436	0.000198	-0.842863	-0.534643	-0.061151
10698	9.732767	0.055176	-0.581746	0.021803	-0.009378	0.011095	-0.051665	-0.032943	0.998121	-0.535972	0.844236	0.000121	-0.842653	-0.534959	-0.061274
10699	9.756035	0.061843	-0.631314	0.013027	-0.007520	0.011093	-0.051757	-0.032913	0.998117	-0.536078	0.844168	0.000039	-0.842580	-0.535067	-0.061335
10700	9.737349	0.065812	-0.603442	0.009316	-0.007252	0.011636	-0.051820	-0.032903	0.998114	-0.536078	0.844168	-0.000004	-0.842576	-0.535067	-0.061383
10701	9.727147	0.023402	-0.603690	0.016480	-0.013739	0.014828	-0.051984	-0.032875	0.998107	-0.536211	0.844084	-0.000126	-0.842482	-0.535202	-0.061507
10702	9.756689	0.073062	-0.594889	0.005338	-0.013083	0.010536	-0.052179	-0.032947	0.998094	-0.536418	0.843952	-0.000184	-0.842338	-0.535405	-0.061710
10703	9.755794	0.056894	-0.635499	0.004206	-0.009636	0.011220	-0.052289	-0.032928	0.998089	-0.536450	0.843932	-0.000262	-0.842311	-0.535438	-0.061793
10704	9.730765	0.017749	-0.666696	-0.000682	-0.009892	0.012581	-0.052338	-0.032935	0.998086	-0.536362	0.843988	-0.000275	-0.842364	-0.535350	-0.061838
10705	9.736199	0.044488	-0.648450	0.005738	-0.012809	0.014210	-0.052491	-0.032908	0.998079	-0.536405	0.843961	-0.000384	-0.842327	-0.535395	-0.061952
10706	9.778893	0.060799	-0.687391	0.009495	-0.009108	0.013533	-0.052617	-0.032918	0.998072	-0.536548	0.843870	-0.000454	-0.842228	-0.535537	-0.062064
10707	9.773316	0.031341	-0.707686	0.015737	-0.010178	0.013258	-0.052743	-0.032885	0.998067	-0.536675	0.843789	-0.000559	-0.842139	-0.535667	-0.062152
10708	9.749976	0.022115	-0.659876	0.017704	-0.009253	0.013870	-0.052897	-0.032839	0.998060	-0.536764	0.843732	-0.000687	-0.842073	-0.535759	-0.062258
10709	9.749931	0.020716	-0.660591	0.026350	-0.005301	0.011829	-0.052974	-0.032792	0.998057	-0.536981	0.843594	-0.000785	-0.841929	-0.535980	-0.062297
10710	9.759180	-0.011929	-0.649567	0.036091	-0.008623	0.015154	-0.053083	-0.032759	0.998053	-0.537229	0.843436	-0.000889	-0.841764	-0.536230	-0.062371
10711	9.784159	0.024512	-0.620084	0.038270	-0.005730	0.011613	-0.053162	-0.032716	0.998050	-0.537547	0.843233	-0.000992	-0.841556	-0.536551	-0.062415
10712	9.773969	0.039067	-0.671673	0.033430	-0.002010	0.012841	-0.053203	-0.032661	0.998049	-0.537855	0.843037	-0.001083	-0.841357	-0.536863	-0.062419
10713	9.721917	0.051151	-0.645758	0.035173	-0.003216	0.011679	-0.053262	-0.032604	0.998048	-0.538146	0.842851	-0.001185	-0.841167	-0.537159	-0.062438
10714	9.765514	0.025753	-0.592272	0.021722	0.000380	0.008898	-0.053255	-0.032540	0.998051	-0.538171	0.842835	-0.001237	-0.841152	-0.537188	-0.062397
10715	9.722839	0.064245	-0.605949	0.021643	0.010176	0.006723	-0.053175	-0.032452	0.998058	-0.538351	0.842720	-0.001281	-0.841042	-0.537373	-0.062282
10716	9.696769	0.130158	-0.509714	0.007834	-0.000117	0.008500	-0.053221	-0.032449	0.998055	-0.538364	0.842711	-0.001309	-0.841030	-0.537387	-0.062319
10717	9.757282	0.126469	-0.615424	-0.009101	0.005890	0.008039	-0.053183	-0.032374	0.998060	-0.538284	0.842762	-0.001347	-0.841084	-0.537312	-0.062247
10718	9.713593	0.036192	-0.564303	-0.020068	0.004716	0.005665	-0.053187	-0.032373	0.998060	-0.538143	0.842853	-0.001339	-0.841174	-0.537170	-0.062250
10719	9.733093	0.045648	-0.553365	-0.020166	-0.003234	0.005934	-0.053215	-0.032365	0.998058	-0.537971	0.842962	-0.001348	-0.841282	-0.536999	-0.062270
10720	9.742365	0.014355	-0.541497	-0.039420	0.005540	0.001049	-0.053159	-0.032378	0.998061	-0.537650	0.843167	-0.001284	-0.841491	-0.536676	-0.062230
10721	9.726790	0.059428	-0.663270	-0.053823	0.010736	0.000850	-0.053042	-0.032337	0.998069	-0.537198	0.843455	-0.001222	-0.841787	-0.536225	-0.062110
10722	9.689641	0.069946	-0.604938	-0.060842	0.011552	0.005609	-0.053002	-0.032258	0.998073	-0.536724	0.843757	-0.001232	-0.842091	-0.535755	-0.062034
10723	9.777965	-0.026242	-0.675356	-0.061214	-0.002509	0.004224	-0.053015	-0.032260	0.998072	-0.536208	0.844085	-0.001199	-0.842420	-0.535238	-0.062047
10724	9.772419	-0.054518	-0.694537	-0.033730	0.006313	0.007019	-0.052986	-0.032227	0.998075	-0.535823	0.844330	-0.001183	-0.842666	-0.534854	-0.062005
10725	9.734163	0.059771	-0.510545	-0.018100	0.005616	0.006268	-0.052942	-0.032168	0.998079	-0.535668	0.844428	-0.001198	-0.842767	-0.534703	-0.061937
10726	9.748262	0.098413	-0.570059	-0.024079	0.012637	0.002263	-0.052830	-0.032139	0.998086	-0.535398	0.844599	-0.001143	-0.842946	-0.534433	-0.061827
10727	9.716644	0.136882	-0.492254	-0.065739	0.011111	0.001020	-0.052711	-0.032095	0.998094	-0.534844	0.844950	-0.001076	-0.843305	-0.533881	-0.061704
10728	9.741980	0.055758	-0.626564	-0.062593	0.012548	0.000810	-0.052652	-0.032065	0.998098	-0.534366	0.845253	-0.001034	-0.843612	-0.533404	-0.061639
10729	9.731806	0.014806	-0.624785	-0.057743	0.008960	0.005492	-0.052575	-0.031995	0.998104	-0.533877	0.845562	-0.001017	-0.843926	-0.532918	-0.061537
10730	9.828299	-0.008448	-0.557041	-0.063810	0.008163	0.007653	-0.052567	-0.031930	0.998107	-0.533379	0.845876	-0.001031	-0.844242	-0.532423	-0.061496
10731	9.691713	0.041614	-0.465721	-0.083697	0.028424	0.000942	-0.052302	-0.031795	0.998125	-0.532672	0.846321	-0.000952	-0.844704	-0.531723	-0.061200
10732	9.653860	0.094379	-0.497601	-0.089914	0.015687	0.003459	-0.052145	-0.031702	0.998136	-0.531691	0.846938	-0.000877	-0.845332	-0.530746	-0.061019
10733	9.696762	0.112468	-0.533945	-0.139041	0.010630	0.003328	-0.052043	-0.031642	0.998143	-0.530514	0.847676	-0.000789	-0.846077	-0.529570	-0.060902
10734	9.603594	0.138590	-0.389208	-0.188596	0.018886	-0.008707	-0.051841	-0.031645	0.998154	-0.528872	0.848701	-0.000561	-0.847117	-0.527925	-0.060733
10735	9.612609	0.033483	-0.634236	-0.159446	0.004757	-0.004559	-0.051746	-0.031683	0.998158	-0.527524	0.849540	-0.000382	-0.847963	-0.526571	-0.060674
10736	9.791218	-0.051648	-0.441337	-0.199823	-0.020042	-0.002453	-0.051868	-0.031858	0.998146	-0.525774	0.850624	-0.000172	-0.849041	-0.524808	-0.060870
10737	9.830005	-0.047852	-0.729820	-0.150146	-0.002847	0.001025	-0.051868	-0.031889	0.998145	-0.524499	0.851411	-0.000054	-0.849830	-0.523528	-0.060887
10738	9.771877	0.039297	-0.865750	-0.137654	-0.004894	0.006382	-0.051980	-0.031931	0.998138	-0.523424	0.852072	-0.000000	-0.850485	-0.522449	-0.061004
10739	9.744377	0.149876	-0.588891	-0.128661	0.026765	-0.002268	-0.051711	-0.031835	0.998155	-0.522331	0.852743	0.000138	-0.851173	-0.521360	-0.060724
10740	9.647648	0.043434	-0.861215	-0.164705	0.004019	0.004666	-0.051672	-0.031854	0.998156	-0.520906	0.853614	0.000275	-0.852049	-0.519931	-0.060701
10741	9.638193	0.017841	-0.821753	-0.186996	-0.012458	0.004120	-0.051770	-0.031908	0.998149	-0.519310	0.854586	0.000384	-0.853016	-0.518329	-0.060813
10742	9.811612	-0.155368	-0.870409	-0.165080	-0.041763	0.007445	-0.052171	-0.032127	0.998121	-0.517950	0.855411	0.000461	-0.853818	-0.516953	-0.061267
10743	9.907886	-0.121513	-0.858199	-0.098418	-0.026211	0.017462	-0.052455	-0.032138	0.998106	-0.517101	0.855924	0.000384	-0.854315	-0.516102	-0.061517
10744	9.863294	0.062981	-0.835414	-0.065783	-0.010943	0.014951	-0.052603	-0.032115	0.998099	-0.516478	0.856301	0.000332	-0.854683	-0.515478	-0.061631
10745	9.894057	0.184773	-0.835651	-0.064318	-0.004255	0.021770	-0.052723	-0.031976	0.998097	-0.515917	0.856639	0.000192	-0.855015	-0.514925	-0.061661
10746	9.982014	0.145521	-0.689359	-0.055719	0.009749	0.029611	-0.052751	-0.031751	0.998103	-0.515463	0.856912	0.000016	-0.855287	-0.514484	-0.061570
10747	9.889833	0.005921	-0.621961	-0.040448	0.026784	0.028965	-0.052642	-0.031390	0.998120	-0.515102	0.857129	-0.000211	-0.855511	-0.514145	-0.061291
10748	9.833242	0.002623	-0.572895	0.011770	0.029578	0.029243	-0.052469	-0.031058	0.998139	-0.515111	0.857123	-0.000407	-0.855516	-0.514174	-0.060971
10749	9.700637	0.047301	-0.539147	0.047746	0.030673	0.030628	-0.052335	-0.030664	0.998159	-0.515504	0.856887	-0.000705	-0.855287	-0.514592	-0.060653
10750	9.648734	0.056794	-0.510337	0.073784	0.019221	0.034913	-0.052398	-0.030316	0.998166	-0.516119	0.856516	-0.001079	-0.854913	-0.515229	-0.060526
10751	9.694265	0.113751	-0.427131	0.089028	0.004661	0.038612	-0.052528	-0.029987	0.998169	-0.516860	0.856069	-0.001481	-0.854457	-0.515991	-0.060467
10752	9.699530	0.079172	-0.357106	0.090884	-0.016260	0.035627	-0.052845	-0.029812	0.998158	-0.517630	0.855602	-0.001851	-0.853971	-0.516775	-0.060646
10753	9.735493	0.109710	-0.237523	0.073739	-0.026282	0.035461	-0.053224	-0.029670	0.998142	-0.518242	0.855231	-0.002212	-0.853576	-0.517396	-0.060895
10754	9.742428	-0.012069	-0.258347	0.065590	-0.036015	0.037126	-0.053674	-0.029603	0.998120	-0.518837	0.854869	-0.002546	-0.853186	-0.517998	-0.061244
10755	9.743421	-0.059864	-0.441320	0.079532	-0.045299	0.039657	-0.054237	-0.029525	0.998091	-0.519495	0.854468	-0.002953	-0.852750	-0.518664	-0.061682
10756	9.706372	0.003735	-0.439234	0.141464	-0.046204	0.031328	-0.054697	-0.029542	0.998066	-0.520605	0.853791	-0.003259	-0.852044	-0.519776	-0.062079
10757	9.598114	0.290014	-0.394276	0.112860	-0.010339	0.022497	-0.054873	-0.029429	0.998060	-0.521554	0.853211	-0.003517	-0.851452	-0.520735	-0.062167
10758	9.417880	0.245806	-0.526271	0.017968	-0.016976	0.023624	-0.055043	-0.029339	0.998053	-0.521479	0.853256	-0.003678	-0.851487	-0.520666	-0.062265
10759	9.680018	0.102834	-0.709329	-0.016315	-0.036711	0.035268	-0.055510	-0.029254	0.998029	-0.521321	0.853351	-0.003982	-0.851553	-0.520515	-0.062620
10760	9.794346	0.012405	-0.624463	-0.023464	-0.044010	0.034280	-0.055979	-0.029222	0.998004	-0.520947	0.853578	-0.004227	-0.851751	-0.520144	-0.063006
10761	9.821319	-0.085015	-0.595366	-0.024643	-0.044560	0.035078	-0.056512	-0.029180	0.997975	-0.520718	0.853717	-0.004524	-0.851856	-0.519919	-0.063440
10762	9.816272	-0.102042	-0.580119	0.008704	-0.050704	0.042177	-0.057117	-0.029125	0.997943	-0.520616	0.853777	-0.004880	-0.851878	-0.519824	-0.063928
10763	9.769139	-0.021710	-0.629601	0.033886	-0.052838	0.042896	-0.057761	-0.029059	0.997907	-0.520880	0.853613	-0.005292	-0.851673	-0.520096	-0.064442
10764	9.782950	0.013543	-0.694617	0.045417	-0.053405	0.044943	-0.058431	-0.029025	0.997869	-0.521364	0.853315	-0.005709	-0.851331	-0.520587	-0.064993
10765	9.728142	-0.064112	-0.701243	0.034786	-0.044615	0.038202	-0.058981	-0.028957	0.997839	-0.521638	0.853145	-0.006075	-0.851126	-0.520869	-0.065424
10766	9.584840	-0.015519	-0.494180	0.036976	-0.017951	0.036361	-0.059332	-0.028795	0.997823	-0.521894	0.852986	-0.006417	-0.850945	-0.521138	-0.065637
10767	9.382591	-0.097180	-0.447036	-0.057072	-0.030032	0.029281	-0.059711	-0.028727	0.997802	-0.521391	0.853292	-0.006634	-0.851226	-0.520641	-0.065929
10768	9.368149	0.019823	-0.585325	-0.125931	-0.081683	0.035188	-0.060550	-0.028900	0.997747	-0.520247	0.853989	-0.006837	-0.851867	-0.519488	-0.066744
10769	9.575791	-0.066884	-0.839545	-0.119073	-0.094310	0.042473	-0.061545	-0.029052	0.997681	-0.519206	0.854619	-0.007143	-0.852430	-0.518442	-0.067682
10770	9.795468	-0.010629	-0.697586	-0.133620	-0.101094	0.048421	-0.062656	-0.029216	0.997607	-0.517999	0.855349	-0.007484	-0.853084	-0.517228	-0.068727
10771	9.885839	-0.009120	-0.711971	-0.125032	-0.091252	0.050325	-0.063665	-0.029283	0.997542	-0.516900	0.856010	-0.007862	-0.853675	-0.516130	-0.069635
10772	9.886408	-0.072287	-0.999170	-0.058980	-0.082336	0.054677	-0.064643	-0.029309	0.997478	-0.516441	0.856282	-0.008309	-0.853879	-0.515676	-0.070489
10773	9.944211	0.110799	-1.165753	-0.006635	-0.065880	0.064358	-0.065508	-0.029123	0.997427	-0.516343	0.856336	-0.008908	-0.853873	-0.515598	-0.071135
10774	10.055351	0.205905	-1.406578	0.026109	-0.050675	0.067625	-0.066241	-0.028856	0.997386	-0.516407	0.856290	-0.009523	-0.853777	-0.515688	-0.071623
10775	10.118812	0.151990	-1.485803	0.052028	-0.016833	0.079358	-0.066765	-0.028289	0.997368	-0.516799	0.856045	-0.010314	-0.853500	-0.516127	-0.071774
10776	9.978736	0.033508	-1.411743	0.095804	0.019325	0.092724	-0.067084	-0.027459	0.997369	-0.517570	0.855567	-0.011258	-0.853007	-0.516964	-0.071607
10777	9.914999	0.010262	-1.282310	0.131461	0.039772	0.103793	-0.067253	-0.026391	0.997387	-0.518622	0.854915	-0.012349	-0.852355	-0.518097	-0.071183
10778	9.868729	-0.046969	-0.990196	0.152581	0.047481	0.110998	-0.067380	-0.025249	0.997408	-0.519761	0.854205	-0.013488	-0.851650	-0.519323	-0.070680
10779	9.870241	-0.015225	-0.806489	0.168071	0.048569	0.114167	-0.067531	-0.024048	0.997427	-0.521115	0.853360	-0.014708	-0.850811	-0.520768	-0.070160
10780	9.859582	-0.051597	-0.432599	0.156244	0.043019	0.116255	-0.067695	-0.022879	0.997444	-0.522169	0.852694	-0.015879	-0.850151	-0.521909	-0.069670
10781	9.925213	-0.008334	-0.375688	0.187309	0.049236	0.122564	-0.067888	-0.021604	0.997459	-0.523677	0.851743	-0.017194	-0.849207	-0.523514	-0.069136
10782	9.745997	0.130494	-0.284697	0.176831	0.052188	0.123636	-0.067988	-0.020334	0.997479	-0.524886	0.850973	-0.018429	-0.848453	-0.524816	-0.068529
10783	9.698531	0.087560	-0.222632	0.178231	0.034959	0.128668	-0.068338	-0.019082	0.997480	-0.526310	0.850063	-0.019796	-0.847542	-0.526336	-0.068135
10784	9.708960	-0.105144	-0.304816	0.220635	0.006759	0.137427	-0.068927	-0.017938	0.997460	-0.528000	0.848979	-0.021218	-0.846443	-0.528122	-0.067989
10785	9.656995	0.100567	-0.233999	0.274806	0.005396	0.143712	-0.069611	-0.016717	0.997434	-0.530225	0.847551	-0.022800	-0.844995	-0.530451	-0.067863
10786	9.562357	0.126232	-0.261436	0.230149	-0.014920	0.148602	-0.070466	-0.015561	0.997393	-0.531879	0.846470	-0.024371	-0.843884	-0.532209	-0.067924
10787	9.657881	-0.045630	-0.193173	0.195563	-0.038455	0.154618	-0.071583	-0.014484	0.997329	-0.533418	0.845452	-0.026008	-0.842817	-0.533855	-0.068246
10788	9.647885	-0.086480	-0.156992	0.176856	-0.050968	0.153637	-0.072774	-0.013509	0.997257	-0.534716	0.844582	-0.027580	-0.841892	-0.535256	-0.068687
10789	9.623033	-0.165420	-0.062172	0.158400	-0.082989	0.154745	-0.074270	-0.012673	0.997158	-0.535935	0.843754	-0.029194	-0.840986	-0.536580	-0.069458
10790	9.649045	-0.175810	-0.180185	0.157215	-0.117277	0.148027	-0.076018	-0.012139	0.997033	-0.537184	0.842906	-0.030695	-0.840032	-0.537924	-0.070597
10791	9.701339	-0.149284	-0.271052	0.147149	-0.135657	0.153070	-0.077950	-0.011605	0.996890	-0.538302	0.842133	-0.032288	-0.839139	-0.539144	-0.071891
10792	9.632886	-0.202131	-0.237388	0.153202	-0.168720	0.149223	-0.080162	-0.011274	0.996718	-0.539347	0.841402	-0.033860	-0.838259	-0.540291	-0.073529
10793	9.669146	-0.195404	-0.174050	0.164385	-0.199579	0.145719	-0.082590	-0.011154	0.996521	-0.540606	0.840531	-0.035396	-0.837212	-0.541648	-0.075449
10794	9.635921	-0.241204	-0.104705	0.195817	-0.233438	0.144008	-0.085352	-0.011249	0.996287	-0.542127	0.839483	-0.036966	-0.835951	-0.543269	-0.077750
10795	9.576488	-0.114543	0.031993	0.217432	-0.261875	0.142987	-0.088285	-0.011500	0.996029	-0.543818	0.838318	-0.038524	-0.834546	-0.545060	-0.080265
10796	9.403978	-0.208166	0.411761	0.214336	-0.305134	0.145397	-0.091636	-0.012009	0.995720	-0.545470	0.837171	-0.040102	-0.833106	-0.546810	-0.083266
10797	9.425530	-0.269905	0.733290	0.252816	-0.377941	0.140906	-0.095521	-0.012927	0.995344	-0.547442	0.835805	-0.041682	-0.831374	-0.548874	-0.086913
10798	9.394052	-0.168039	1.306998	0.263185	-0.441582	0.135939	-0.099965	-0.014292	0.994888	-0.549578	0.834323	-0.043236	-0.829440	-0.551091	-0.091258
10799	9.305630	0.087696	1.863887	0.212781	-0.496188	0.131861	-0.104772	-0.015956	0.994368	-0.551206	0.833170	-0.044709	-0.827765	-0.552786	-0.096088
10800	9.127964	0.195451	2.390842	0.114822	-0.589261	0.138109	-0.110405	-0.018094	0.993722	-0.551993	0.832569	-0.046168	-0.826507	-0.553625	-0.101908
10801	9.044786	-0.018071	2.911710	0.007991	-0.710472	0.143036	-0.117033	-0.020861	0.992909	-0.551898	0.832555	-0.047559	-0.825659	-0.553550	-0.108950
10802	9.034120	-0.093883	3.344668	-0.030005	-0.836705	0.130338	-0.124604	-0.024447	0.991905	-0.551472	0.832768	-0.048752	-0.824835	-0.553082	-0.117248
10803	8.902672	0.050785	3.841152	-0.099078	-0.993499	0.125631	-0.133457	-0.028915	0.990633	-0.550494	0.833350	-0.049838	-0.824103	-0.551989	-0.127134
10804	8.891458	0.051401	4.233368	-0.203116	-1.173294	0.125555	-0.143753	-0.034316	0.989018	-0.548587	0.834550	-0.050780	-0.823642	-0.549863	-0.138794
10805	8.762762	-0.282088	4.592027	-0.290626	-1.368514	0.112083	-0.155605	-0.040910	0.986972	-0.546029	0.836187	-0.051426	-0.823189	-0.546917	-0.152453
10806	8.745218	-0.379338	4.947874	-0.308900	-1.591037	0.089361	-0.169173	-0.048816	0.984377	-0.543380	0.837885	-0.051832	-0.822265	-0.543659	-0.168273
10807	9.070133	-0.599293	4.683541	-0.285868	-1.825656	0.060785	-0.184469	-0.058227	0.981112	-0.540927	0.839468	-0.051885	-0.820591	-0.540281	-0.186352
10808	9.462823	-0.727789	3.818196	-0.252354	-2.033688	0.037396	-0.201333	-0.068874	0.977098	-0.538915	0.840767	-0.051780	-0.817946	-0.536998	-0.206392
10809	11.016982	-1.108893	2.224695	-0.140795	-2.257094	0.020594	-0.219832	-0.080815	0.972185	-0.537727	0.841536	-0.051637	-0.813955	-0.534122	-0.228453
10810	12.997406	-0.538598	0.895617	0.048758	-2.365630	0.035484	-0.239253	-0.093133	0.966480	-0.538201	0.841200	-0.052171	-0.808144	-0.532643	-0.251384
10811	15.774967	-0.938453	0.762255	-0.046665	-2.370024	0.111847	-0.258913	-0.104809	0.960198	-0.537553	0.841557	-0.053089	-0.802497	-0.529903	-0.274230
10812	17.568365	-2.044056	-0.438556	0.127246	-2.157564	0.183917	-0.277161	-0.114701	0.953953	-0.538302	0.840937	-0.055286	-0.795873	-0.528837	-0.294818
10813	15.214446	-1.654526	-1.283238	0.229189	-1.879996	0.135165	-0.292762	-0.123530	0.948172	-0.539741	0.839884	-0.057231	-0.789285	-0.528522	-0.312560
10814	12.887334	-1.102948	-1.442617	0.360740	-1.889782	0.111510	-0.308190	-0.132633	0.942034	-0.542469	0.837967	-0.059490	-0.781502	-0.529359	-0.330202
10815	12.861524	-0.574254	-3.370343	0.324858	-1.864276	0.071416	-0.323048	-0.141931	0.935679	-0.544780	0.836341	-0.061226	-0.773857	-0.529518	-0.347500
10816	12.722646	0.249483	-4.799361	0.301370	-1.688928	0.038312	-0.336276	-0.150611	0.929642	-0.547280	0.834594	-0.062753	-0.766422	-0.529877	-0.363080
10817	12.314644	0.372727	-5.549572	0.249070	-1.439785	-0.009904	-0.347183	-0.158347	0.924332	-0.549225	0.833255	-0.063547	-0.760142	-0.529729	-0.376260
10818	11.425126	0.029919	-5.766581	0.217905	-1.222878	-0.084548	-0.355995	-0.165540	0.919708	-0.551330	0.831853	-0.063679	-0.754521	-0.529732	-0.387403
10819	10.669412	-0.364558	-6.097396	0.201301	-1.073838	-0.158473	-0.363167	-0.172570	0.915603	-0.553425	0.830514	-0.062979	-0.749553	-0.529590	-0.397120
10820	10.047825	-0.607408	-6.238739	0.333807	-0.977903	-0.234097	-0.369248	-0.179769	0.911778	-0.557048	0.828139	-0.062312	-0.743877	-0.530913	-0.405929
10821	10.341622	-0.082677	-5.700670	0.406023	-0.830698	-0.272934	-0.373851	-0.186468	0.908551	-0.561083	0.825475	-0.061457	-0.738526	-0.532748	-0.413229
10822	9.753208	-0.040145	-6.201490	0.340477	-0.618332	-0.307434	-0.376664	-0.192383	0.906153	-0.564910	0.822961	-0.060097	-0.734167	-0.534531	-0.418659
10823	9.204112	-0.322548	-6.274251	0.304122	-0.501986	-0.335748	-0.378409	-0.197854	0.904246	-0.568416	0.820673	-0.058304	-0.730554	-0.536051	-0.423013
10824	8.680993	-0.228429	-4.856751	0.239948	-0.280504	-0.398139	-0.378238	-0.202683	0.903247	-0.571889	0.818429	-0.055830	-0.727928	-0.537674	-0.425473
10825	7.892369	-1.049731	-4.955930	0.232491	-0.058939	-0.444782	-0.376087	-0.206660	0.903244	-0.575270	0.816260	-0.052769	-0.726377	-0.539455	-0.425870
10826	7.061976	-1.323849	-4.922582	0.211238	0.077007	-0.430122	-0.373075	-0.209883	0.903750	-0.578520	0.814150	-0.049743	-0.725348	-0.541395	-0.425161
10827	6.958515	-1.398095	-3.880370	0.300763	0.241460	-0.448683	-0.368692	-0.212243	0.904996	-0.582376	0.811564	-0.046927	-0.724502	-0.544350	-0.422823
10828	7.985980	-0.667043	-2.869951	0.431677	0.527382	-0.447179	-0.362345	-0.213054	0.907366	-0.587295	0.808134	-0.044775	-0.723734	-0.549116	-0.417949
10829	8.828260	0.119060	-1.836869	0.286263	0.948939	-0.385864	-0.353168	-0.210960	0.911465	-0.590761	0.805731	-0.042417	-0.725447	-0.553438	-0.409185
10830	8.217438	0.653039	-2.144720	0.047398	1.384477	-0.342650	-0.341130	-0.206157	0.917131	-0.592465	0.804627	-0.039501	-0.729806	-0.556843	-0.396623
10831	7.190330	1.018142	-2.483730	-0.272943	1.684614	-0.358859	-0.326621	-0.199679	0.923822	-0.591672	0.805414	-0.035103	-0.737050	-0.558065	-0.381209
10832	6.602383	0.451810	-2.811358	-0.620915	1.949867	-0.389821	-0.309856	-0.192030	0.931190	-0.588398	0.808046	-0.029156	-0.746845	-0.556944	-0.363368
10833	6.537171	-0.421447	-2.993070	-0.744031	2.161682	-0.375636	-0.291363	-0.183077	0.938930	-0.583939	0.811472	-0.022980	-0.757708	-0.554974	-0.343339
10834	7.115829	-0.981650	-3.034088	-0.716463	2.385720	-0.309504	-0.271406	-0.172358	0.946906	-0.579370	0.814872	-0.017737	-0.768550	-0.553423	-0.321020
10835	7.653729	-1.075669	-3.028825	-0.651243	2.645614	-0.226090	-0.249598	-0.159597	0.955107	-0.574927	0.818092	-0.013543	-0.779204	-0.552497	-0.295951
10836	7.776105	-1.086660	-3.099773	-0.608507	2.870162	-0.122848	-0.226364	-0.144812	0.963218	-0.570462	0.821256	-0.010594	-0.789514	-0.551877	-0.268513
10837	7.965315	-1.341454	-3.590253	-0.493308	3.103670	-0.009225	-0.201632	-0.127780	0.971091	-0.566570	0.823962	-0.009219	-0.798964	-0.552050	-0.238533
10838	7.765995	-0.716229	-2.471164	-0.490266	3.229317	0.082118	-0.176025	-0.109257	0.978304	-0.562406	0.826814	-0.008854	-0.807908	-0.551762	-0.206987
10839	8.594822	-1.171105	-3.010890	-0.591989	3.324845	0.162142	-0.149896	-0.089617	0.984632	-0.557338	0.830234	-0.009282	-0.816643	-0.550164	-0.174396
10840	8.569170	-0.713313	-3.097744	-0.607599	3.441080	0.246302	-0.122917	-0.068592	0.990044	-0.551922	0.833827	-0.010754	-0.824787	-0.547748	-0.140349
10841	8.843569	-1.215812	-2.724227	-0.416089	3.540623	0.311000	-0.095286	-0.046649	0.994356	-0.548141	0.836280	-0.013293	-0.830941	-0.546314	-0.105256
10842	8.928779	-1.291041	-2.299889	-0.296142	3.576388	0.385267	-0.067384	-0.023861	0.997442	-0.545231	0.838118	-0.016785	-0.835573	-0.544967	-0.069485
10843	8.953088	-1.110151	-1.593293	-0.101001	3.619886	0.439817	-0.039457	-0.000475	0.999221	-0.544152	0.838722	-0.021089	-0.838058	-0.544560	-0.033352
10844	8.995971	-0.449328	-1.422122	0.082816	3.639542	0.454073	-0.011184	0.023189	0.999669	-0.544583	0.838318	-0.025539	-0.838632	-0.544688	0.003252
10845	9.500865	0.477051	-1.134273	0.012036	3.643116	0.450506	0.016942	0.046766	0.998762	-0.544697	0.838096	-0.030003	-0.838462	-0.543514	0.039672
10846	9.581732	0.612941	-0.654437	-0.119983	3.678335	0.437865	0.045682	0.070507	0.996465	-0.543585	0.838648	-0.034421	-0.838110	-0.540091	0.076638
10847	9.668490	0.466799	-0.403716	-0.352190	3.661197	0.421442	0.074107	0.093688	0.992840	-0.540884	0.840197	-0.038911	-0.837826	-0.534127	0.112939
10848	9.598150	-0.025558	-0.327448	-0.421217	3.633449	0.411098	0.102615	0.116398	0.987887	-0.537569	0.842103	-0.043382	-0.836952	-0.526606	0.148985
10849	9.331814	-0.823584	0.061098	-0.442538	3.511649	0.389603	0.129919	0.138009	0.981873	-0.534317	0.843924	-0.047920	-0.835240	-0.518406	0.183382
10850	10.171904	-0.951838	0.374733	-0.371226	3.390718	0.324940	0.156930	0.158248	0.974849	-0.531358	0.845567	-0.051724	-0.832485	-0.509876	0.216781
10851	9.877863	-1.017616	0.887164	-0.399360	3.301260	0.262099	0.182996	0.177128	0.967025	-0.528479	0.847152	-0.055164	-0.828989	-0.500958	0.248634
10852	9.536920	-1.537775	0.457568	-0.359279	3.142784	0.216831	0.208485	0.194455	0.958499	-0.525600	0.848761	-0.057867	-0.824790	-0.491723	0.279160
10853	9.345123	-1.672568	0.466294	-0.166247	2.994629	0.209211	0.232030	0.210820	0.949588	-0.524687	0.849156	-0.060317	-0.819064	-0.484241	0.307644
10854	8.728670	-1.695814	1.325142	0.018763	2.842020	0.207353	0.254488	0.226277	0.940231	-0.525131	0.848751	-0.062126	-0.812080	-0.477934	0.334822
10855	7.605941	-1.546846	1.663016	0.213619	2.613708	0.198565	0.274592	0.240372	0.931032	-0.527373	0.847280	-0.063209	-0.804038	-0.473644	0.359422
10856	6.561400	-1.393336	2.253826	0.442208	2.249331	0.174619	0.291836	0.252537	0.922528	-0.531310	0.844818	-0.063187	-0.795325	-0.471708	0.380723
10857	5.874957	-1.236012	2.677703	0.520544	1.874171	0.111182	0.306098	0.262286	0.915156	-0.535750	0.842087	-0.062149	-0.786941	-0.471271	0.398281
10858	5.857438	-0.667529	3.138693	0.745549	1.406005	0.034570	0.316970	0.269258	0.909412	-0.541734	0.838447	-0.059429	-0.778495	-0.473822	0.411628
10859	5.854884	0.402244	3.426726	0.851354	1.024897	-0.038371	0.325145	0.273791	0.905162	-0.548193	0.834508	-0.055502	-0.770562	-0.478157	0.421427
10860	5.358483	1.256021	3.955199	0.729482	0.619581	-0.106082	0.330526	0.275926	0.902562	-0.553480	0.831272	-0.051443	-0.764469	-0.482546	0.427477
10861	5.082242	1.346607	3.573859	0.566818	0.124098	-0.154850	0.332361	0.275218	0.902104	-0.557278	0.828961	-0.047587	-0.760906	-0.486906	0.428887
10862	5.132738	1.384994	3.459949	0.454188	-0.385788	-0.216238	0.330674	0.271574	0.903827	-0.560045	0.827310	-0.043685	-0.759608	-0.491738	0.425663
10863	5.326833	0.982625	2.756839	0.416384	-0.840667	-0.288091	0.325931	0.265011	0.907490	-0.562251	0.826033	-0.039287	-0.760028	-0.497433	0.418233
10864	5.241695	0.945131	2.132314	0.474642	-1.255181	-0.375131	0.318538	0.255655	0.912784	-0.564683	0.824611	-0.033900	-0.761359	-0.504635	0.407034
10865	6.263893	1.464776	2.197784	0.502013	-1.703838	-0.464638	0.308202	0.243134	0.919727	-0.567044	0.823225	-0.027605	-0.763854	-0.513018	0.391587
10866	10.490176	0.037935	6.149382	0.305688	-1.767698	-0.475627	0.297415	0.230107	0.926604	-0.567960	0.822761	-0.022019	-0.767441	-0.519726	0.375393
10867	13.742275	-2.311223	7.051818	0.045392	-1.246414	-0.408987	0.290179	0.220219	0.931289	-0.567098	0.823454	-0.018019	-0.770842	-0.522903	0.363834
10868	15.127871	-1.710987	10.284936	-0.295788	-0.497938	-0.377757	0.288516	0.214533	0.933131	-0.563749	0.825800	-0.015551	-0.773916	-0.521565	0.359199
10869	10.639998	-2.901390	8.751402	-0.458843	0.098756	-0.309562	0.291048	0.212462	0.932819	-0.559286	0.828852	-0.014280	-0.776203	-0.517556	0.360063
10870	4.778045	0.332487	7.681809	-0.282565	-0.149365	-0.280370	0.291495	0.209426	0.933366	-0.556329	0.830865	-0.012683	-0.778157	-0.515562	0.358703
10871	5.122965	1.139130	5.621559	-0.968913	-0.899707	-0.297279	0.286128	0.202314	0.936590	-0.547882	0.836450	-0.013305	-0.786102	-0.509334	0.350176
10872	9.458716	0.425154	3.870051	-1.660967	-1.260067	-0.319611	0.277919	0.193354	0.940944	-0.533886	0.845404	-0.016032	-0.798578	-0.497901	0.338183
10873	12.100301	-2.409984	3.956069	-2.429031	-1.227477	-0.348368	0.269870	0.184363	0.945082	-0.513328	0.857941	-0.020782	-0.814656	-0.479529	0.326171
10874	13.161112	-6.839000	3.203738	-2.420390	-1.145555	-0.345287	0.262233	0.176072	0.948806	-0.492583	0.869898	-0.025287	-0.829817	-0.460734	0.314846
10875	12.213296	-10.282958	3.483863	-1.199803	-1.179018	-0.281026	0.253793	0.168211	0.952520	-0.481839	0.875865	-0.026291	-0.838701	-0.452289	0.303339
10876	10.832178	-6.946333	3.804968	0.330612	-1.444323	-0.313587	0.243217	0.159028	0.956847	-0.483969	0.874799	-0.022373	-0.840607	-0.457642	0.289730
10877	10.350655	-0.900388	4.470577	0.903191	-1.679569	-0.405934	0.231107	0.147684	0.961654	-0.490589	0.871246	-0.015900	-0.840186	-0.468102	0.273803
10878	10.617867	4.261320	4.258236	0.956495	-1.850854	-0.571157	0.218416	0.134091	0.966599	-0.497464	0.867448	-0.007928	-0.839538	-0.479117	0.256170
10879	10.496182	8.478209	3.203892	0.407244	-1.866886	-0.768626	0.206583	0.118403	0.971239	-0.499247	0.866459	0.000561	-0.841472	-0.485004	0.238108
10880	9.511831	9.703742	1.540598	-0.504187	-1.852446	-0.837850	0.195143	0.102275	0.975428	-0.493420	0.869759	0.007517	-0.847618	-0.482762	0.220192
10881	9.041183	7.072870	-0.821597	-1.426913	-1.916584	-0.762778	0.182535	0.086436	0.979393	-0.479803	0.877294	0.011998	-0.858178	-0.472106	0.201609
10882	9.570478	2.326140	-3.066357	-1.764532	-1.856098	-0.643980	0.169590	0.072167	0.982869	-0.463475	0.885985	0.014917	-0.869730	-0.458065	0.183702
