// General information: 
//  MT Manager version: 2022.2.0 
//  XDA version: 2022.2.0 build 7381 rev 124627 built on 2023-07-19
// Device information: 
//  DeviceId: 00B4CAF0
//  ProductCode: MTW2-3A7G6
//  Firmware Version: 4.6.0
//  Hardware Version: 2.0.0
// Device settings: 
//  Filter Profile: human(46.1)
//  Option Flags: Orientation Smoother Disabled, Position/Velocity Smoother Disabled, Continuous Zero Rotation Update Disabled, AHS Disabled, ICC Disabled
// Coordinate system: ENU
PacketCounter	Acc_X	Acc_Y	Acc_Z	Gyr_X	Gyr_Y	Gyr_Z	Mat[1][1]	Mat[2][1]	Mat[3][1]	Mat[1][2]	Mat[2][2]	Mat[3][2]	Mat[1][3]	Mat[2][3]	Mat[3][3]
24717	4.095680	5.618219	7.343670	-0.001287	0.001196	0.006442	-0.593314	-0.694634	0.406771	0.764761	-0.328698	0.554164	-0.251236	0.639876	0.726250
24718	4.078854	5.652156	7.406307	-0.003043	0.004820	0.007727	-0.593257	-0.694676	0.406782	0.764808	-0.328678	0.554112	-0.251228	0.639841	0.726284
24719	4.115137	5.554147	7.365104	-0.006217	0.000408	0.005613	-0.593263	-0.694659	0.406802	0.764846	-0.328774	0.554002	-0.251097	0.639810	0.726356
24720	4.094720	5.629620	7.384667	0.003643	0.001984	0.007271	-0.593216	-0.694682	0.406831	0.764873	-0.328713	0.554000	-0.251123	0.639816	0.726342
24721	4.104470	5.597701	7.395278	-0.006614	0.003722	0.007543	-0.593186	-0.694703	0.406838	0.764910	-0.328730	0.553940	-0.251084	0.639784	0.726383
24722	4.066835	5.582033	7.384099	0.002435	0.003973	0.006901	-0.593138	-0.694738	0.406851	0.764938	-0.328680	0.553931	-0.251113	0.639773	0.726384
24723	4.057499	5.613129	7.373888	-0.005406	0.001734	0.007914	-0.593124	-0.694735	0.406875	0.764974	-0.328721	0.553857	-0.251036	0.639755	0.726426
24724	4.081292	5.572356	7.402580	0.000579	-0.001146	0.008838	-0.593074	-0.694743	0.406935	0.765018	-0.328669	0.553827	-0.251020	0.639772	0.726416
24725	4.076585	5.626417	7.399749	0.001827	-0.002739	0.005802	-0.593113	-0.694680	0.406985	0.765018	-0.328720	0.553797	-0.250927	0.639815	0.726411
24726	4.080480	5.600659	7.318914	0.005317	-0.002432	0.012799	-0.593036	-0.694692	0.407076	0.765074	-0.328611	0.553784	-0.250940	0.639857	0.726369
24727	4.078026	5.626026	7.399252	0.000032	0.000491	0.010494	-0.593012	-0.694684	0.407124	0.765101	-0.328588	0.553760	-0.250912	0.639878	0.726360
24728	4.085793	5.558578	7.361426	0.001837	-0.010199	0.010136	-0.592975	-0.694638	0.407257	0.765150	-0.328520	0.553734	-0.250853	0.639963	0.726306
24729	4.095277	5.604002	7.376435	0.007022	0.001008	0.010587	-0.593081	-0.694513	0.407316	0.765138	-0.328687	0.553651	-0.250638	0.640013	0.726336
24730	4.095997	5.603649	7.376305	-0.004543	-0.004003	0.011142	-0.593020	-0.694510	0.407410	0.765208	-0.328653	0.553573	-0.250566	0.640034	0.726343
24731	4.149246	5.532582	7.400795	0.002639	-0.001413	0.008103	-0.593035	-0.694470	0.407457	0.765210	-0.328653	0.553571	-0.250527	0.640077	0.726318
24732	4.428410	5.489500	7.528405	0.017688	-0.011604	-0.001183	-0.593087	-0.694378	0.407538	0.765152	-0.328562	0.553706	-0.250580	0.640224	0.726170
24733	4.645603	5.466739	7.410420	0.120172	0.069058	-0.025364	-0.593232	-0.694625	0.406905	0.764673	-0.328180	0.554592	-0.251695	0.640152	0.725848
24734	4.131494	5.994055	7.248892	0.185196	0.043287	-0.063464	-0.593623	-0.694680	0.406242	0.763822	-0.327450	0.556195	-0.253353	0.640466	0.724993
24735	4.881831	5.058755	7.623700	0.096216	0.033345	-0.114494	-0.594409	-0.694526	0.405354	0.762900	-0.327634	0.557351	-0.254287	0.640539	0.724602
24736	3.937429	5.640249	7.172405	0.463383	0.173141	-0.165417	-0.595240	-0.695081	0.403179	0.760720	-0.325829	0.561373	-0.258833	0.640858	0.722708
24737	3.756083	5.889689	7.612999	0.197058	0.035034	-0.155473	-0.596404	-0.694734	0.402053	0.759255	-0.325744	0.563402	-0.260449	0.641276	0.721756
24738	4.049904	5.328125	7.229322	0.280643	0.071469	-0.154280	-0.597402	-0.694676	0.400669	0.757593	-0.325030	0.566046	-0.262989	0.641701	0.720456
24739	4.158427	5.996116	7.348448	0.382650	0.065299	-0.169405	-0.598528	-0.694535	0.399231	0.755561	-0.323778	0.569469	-0.266253	0.642487	0.718554
24740	4.367742	5.817211	7.458125	0.248968	0.042145	-0.197676	-0.599922	-0.694152	0.397803	0.753705	-0.323565	0.572044	-0.268370	0.643008	0.717299
24741	4.236077	5.572081	7.310475	0.307042	0.129931	-0.226182	-0.601397	-0.694146	0.395579	0.751487	-0.323354	0.575073	-0.271273	0.643120	0.716106
24742	3.792616	5.864382	7.276189	0.302132	0.088875	-0.236533	-0.602944	-0.693939	0.393582	0.749232	-0.323067	0.578168	-0.274060	0.643488	0.714713
24743	4.286962	5.633339	7.409791	0.273600	0.045535	-0.255595	-0.604799	-0.693351	0.391768	0.746904	-0.323157	0.581124	-0.276320	0.644076	0.713311
24744	3.741726	5.878384	7.235751	0.285239	0.198516	-0.255503	-0.606168	-0.693789	0.388867	0.744557	-0.323107	0.584155	-0.279634	0.643629	0.712423
24745	3.641845	5.934097	7.167970	0.168257	0.097558	-0.226766	-0.607637	-0.693635	0.386843	0.742687	-0.323671	0.586220	-0.281413	0.643512	0.711828
24746	3.880466	5.834206	7.172782	0.236344	0.067562	-0.219635	-0.609091	-0.693345	0.385074	0.740676	-0.323687	0.588749	-0.283563	0.643817	0.710699
24747	3.907819	5.985282	7.405255	0.218934	0.103024	-0.215925	-0.610488	-0.693230	0.383061	0.738688	-0.323869	0.591142	-0.285736	0.643848	0.709799
24748	3.763734	5.960983	7.183255	0.138496	0.156825	-0.198990	-0.611522	-0.693580	0.380772	0.737068	-0.324373	0.592885	-0.287701	0.643217	0.709577
24749	3.663456	5.883991	7.104096	0.139354	0.124313	-0.186352	-0.612638	-0.693687	0.378778	0.735478	-0.324886	0.594576	-0.289390	0.642843	0.709229
24750	3.609301	5.921581	7.134456	0.156016	0.091512	-0.160476	-0.613567	-0.693739	0.377176	0.734035	-0.325012	0.596289	-0.291083	0.642723	0.708645
24751	3.500403	5.938787	7.168027	0.107883	0.108835	-0.125922	-0.614270	-0.693945	0.375648	0.732907	-0.325313	0.597510	-0.292436	0.642348	0.708428
24752	3.325976	5.998826	6.986669	0.060653	0.102129	-0.079612	-0.614570	-0.694328	0.374451	0.732234	-0.325492	0.598238	-0.293493	0.641845	0.708447
24753	3.273334	6.104323	6.930548	0.058047	0.024562	-0.031892	-0.614831	-0.694292	0.374088	0.731835	-0.325477	0.598734	-0.293939	0.641891	0.708220
24754	3.537943	6.087432	7.043060	0.041334	-0.077721	0.005991	-0.615031	-0.693797	0.374675	0.731743	-0.325185	0.599005	-0.293749	0.642573	0.707681
24755	3.916777	6.072700	7.265485	0.053778	-0.076697	0.012474	-0.615207	-0.693314	0.375280	0.731646	-0.324817	0.599323	-0.293622	0.643280	0.707091
24756	3.854586	6.210413	7.268722	0.005655	0.041440	0.010728	-0.615023	-0.693601	0.375053	0.731689	-0.324722	0.599323	-0.293903	0.643019	0.707211
24757	3.492098	6.204267	6.932313	-0.077654	0.039808	0.040824	-0.614605	-0.694002	0.374997	0.732144	-0.324899	0.598670	-0.293642	0.642497	0.707794
24758	3.469768	6.197680	6.860268	-0.067616	-0.008307	0.072125	-0.614117	-0.694168	0.375489	0.732779	-0.324848	0.597921	-0.293080	0.642343	0.708166
24759	3.457730	6.399945	7.028031	-0.128099	0.001491	0.111649	-0.613274	-0.694566	0.376129	0.733836	-0.324862	0.596615	-0.292199	0.641906	0.708927
24760	3.424147	6.266028	6.929623	-0.264313	0.018462	0.172239	-0.611971	-0.695229	0.377025	0.735654	-0.325376	0.594091	-0.290355	0.640926	0.710569
24761	3.429106	6.193843	6.933235	-0.291543	-0.016234	0.211970	-0.610361	-0.695909	0.378378	0.737840	-0.325693	0.591199	-0.288185	0.640027	0.712260
24762	3.690781	6.150877	7.212851	-0.340100	-0.041015	0.238393	-0.608733	-0.696409	0.380078	0.740262	-0.326224	0.587869	-0.285407	0.639212	0.714108
24763	3.798316	5.963185	7.263806	-0.392278	-0.023520	0.250233	-0.606881	-0.697144	0.381688	0.742895	-0.326870	0.584177	-0.282493	0.638081	0.716276
24764	3.686241	5.924408	7.188111	-0.380314	-0.026227	0.263173	-0.605012	-0.697823	0.383411	0.745551	-0.327474	0.580443	-0.279489	0.637027	0.718388
24765	3.683355	5.963210	7.225775	-0.376296	-0.077490	0.270102	-0.603377	-0.698073	0.385527	0.748155	-0.328179	0.576682	-0.276044	0.636390	0.720282
24766	3.883917	5.795925	7.314852	-0.394078	-0.114767	0.276118	-0.601638	-0.698235	0.387944	0.750892	-0.328774	0.572773	-0.272384	0.635905	0.722102
24767	4.023280	5.701221	7.447364	-0.359361	-0.113024	0.262915	-0.600066	-0.698300	0.390254	0.753401	-0.329345	0.569138	-0.268901	0.635538	0.723729
24768	3.957612	5.578548	7.456192	-0.321817	-0.119103	0.251945	-0.598499	-0.698359	0.392549	0.755764	-0.329646	0.565821	-0.265744	0.635318	0.725087
24769	3.969150	5.655309	7.460978	-0.259591	-0.119884	0.248879	-0.596922	-0.698436	0.394807	0.757919	-0.329502	0.563016	-0.263141	0.635308	0.726045
24770	4.238132	5.834396	7.578174	-0.233120	-0.133751	0.243441	-0.595440	-0.698373	0.397148	0.759974	-0.329299	0.560359	-0.260559	0.635482	0.726823
24771	3.990502	5.779746	7.419623	-0.265813	-0.077909	0.247404	-0.593734	-0.698726	0.399077	0.762123	-0.329193	0.557494	-0.258163	0.635149	0.727968
24772	3.820266	5.999289	7.266419	-0.206310	-0.108776	0.263638	-0.592017	-0.698887	0.401338	0.764209	-0.328676	0.554938	-0.255928	0.635239	0.728678
24773	3.499414	6.169289	7.270545	-0.253663	-0.121517	0.311349	-0.589903	-0.699183	0.403928	0.766701	-0.328048	0.551865	-0.253347	0.635238	0.729580
24774	3.200345	5.968739	7.349303	-0.258942	-0.209886	0.394134	-0.587419	-0.699125	0.407631	0.769665	-0.326953	0.548376	-0.250107	0.635866	0.730151
24775	2.860264	6.058956	7.375718	-0.211014	-0.292297	0.466294	-0.584758	-0.698608	0.412317	0.772853	-0.325337	0.544844	-0.246490	0.637262	0.730164
24776	2.048013	6.340761	7.826811	-0.181098	-0.386557	0.534988	-0.581575	-0.697859	0.418047	0.776408	-0.322774	0.541302	-0.242818	0.639383	0.729540
24777	1.079590	5.564845	8.712233	-0.296604	-0.629532	0.682275	-0.577790	-0.696013	0.426292	0.781054	-0.319924	0.536287	-0.236882	0.642818	0.728472
24778	5.840279	7.200302	7.215030	0.185786	-0.932259	0.843517	-0.573390	-0.692641	0.437576	0.785465	-0.312882	0.533993	-0.232956	0.649887	0.723449
24779	3.445780	6.983940	8.808541	-0.149444	-0.649656	1.100010	-0.566305	-0.691746	0.448092	0.792038	-0.306370	0.528028	-0.227979	0.653930	0.721388
24780	2.799870	5.652817	9.399921	0.021696	-1.481558	1.256838	-0.559639	-0.685762	0.465333	0.799058	-0.297586	0.522445	-0.219796	0.664209	0.714504
24781	4.212116	6.822586	9.096241	0.135721	-1.464106	1.421609	-0.551673	-0.679891	0.483120	0.806576	-0.287410	0.516557	-0.212349	0.674643	0.706940
24782	2.920810	6.962472	8.613302	0.341922	-1.667388	1.542533	-0.542676	-0.672860	0.502756	0.814294	-0.274665	0.511355	-0.205981	0.686891	0.696959
24783	3.868695	8.453381	8.650086	0.110561	-2.125774	2.011725	-0.530581	-0.663410	0.527608	0.824811	-0.260613	0.501765	-0.195374	0.701404	0.685464
24784	5.148332	8.576048	9.166838	-0.252731	-2.169078	2.322190	-0.515388	-0.653927	0.553854	0.837426	-0.247124	0.487491	-0.181913	0.715059	0.674980
24785	5.881792	9.355736	8.319212	-0.349086	-2.009559	2.666316	-0.496763	-0.645544	0.580085	0.851430	-0.232950	0.469895	-0.168207	0.727329	0.665357
24786	6.293054	9.260955	8.394721	-0.845185	-2.037997	2.976718	-0.474451	-0.637333	0.607209	0.867229	-0.220067	0.446637	-0.151030	0.738496	0.657125
24787	7.977383	6.938251	7.740024	-1.138239	-2.146266	3.230605	-0.449465	-0.628089	0.635205	0.883697	-0.208654	0.418980	-0.130619	0.749645	0.648823
24788	9.711620	6.993038	7.720986	-0.587097	-2.059364	3.228046	-0.423258	-0.618996	0.661586	0.898503	-0.192977	0.394274	-0.116384	0.761317	0.637849
24789	8.834332	9.262131	7.636355	0.004603	-1.716756	3.138461	-0.397254	-0.611253	0.684514	0.911284	-0.174634	0.372914	-0.108405	0.771928	0.626399
24790	6.300307	11.906293	7.325870	-0.385371	-1.143512	3.077525	-0.370230	-0.607505	0.702757	0.923491	-0.158885	0.349170	-0.100465	0.778263	0.619850
24791	5.124755	13.355712	8.545883	-0.525664	-1.162426	2.855338	-0.345149	-0.602557	0.719582	0.934164	-0.146538	0.325367	-0.090606	0.784508	0.613464
24792	0.990074	14.534992	10.636157	-0.865236	0.168159	2.299115	-0.323445	-0.607146	0.725781	0.942597	-0.139429	0.303432	-0.083032	0.782262	0.617391
24793	-2.067770	11.776209	9.434847	-2.141784	1.194988	1.537265	-0.308377	-0.618447	0.722791	0.948994	-0.147548	0.278638	-0.065676	0.771850	0.632403
24794	-0.571945	7.277566	5.239091	-1.116096	-0.754643	0.428474	-0.304771	-0.613240	0.728733	0.950964	-0.153561	0.268489	-0.052743	0.774826	0.629970
24795	0.246065	11.335751	9.129570	2.213716	0.355891	-1.094237	-0.315307	-0.614196	0.723426	0.946103	-0.144033	0.290076	-0.073967	0.775898	0.626507
24796	-3.236848	14.246032	8.275302	-0.032257	2.617142	-1.367108	-0.326189	-0.632244	0.702757	0.941738	-0.152822	0.299626	-0.082040	0.759548	0.645257
24797	-7.830399	7.340378	1.496114	-1.561436	2.161369	-1.255861	-0.336558	-0.646367	0.684791	0.938750	-0.173152	0.297936	-0.074004	0.743120	0.665053
24798	-7.236745	4.752234	1.251017	0.838292	-0.021743	-1.411071	-0.349801	-0.643726	0.680629	0.933250	-0.176039	0.313138	-0.081758	0.744733	0.662335
24799	-1.772322	8.533026	8.489214	1.997387	-0.755164	-1.653264	-0.366211	-0.635036	0.680160	0.925476	-0.172469	0.337267	-0.096871	0.752983	0.650871
24800	0.840581	9.322207	10.530354	0.735841	0.748965	-1.937118	-0.383319	-0.637240	0.668575	0.917462	-0.179285	0.355134	-0.106440	0.749521	0.653367
24801	-1.175883	7.924842	7.739768	0.645498	2.154523	-2.204212	-0.401206	-0.649174	0.646225	0.908032	-0.189088	0.373796	-0.120466	0.736762	0.665334
24802	-2.888746	8.176125	7.037177	1.133129	1.604794	-2.429345	-0.421078	-0.656230	0.626143	0.896577	-0.196665	0.396828	-0.137270	0.728482	0.671172
24803	-0.758702	8.096399	8.397117	1.181069	0.819139	-2.562267	-0.442919	-0.657045	0.610012	0.883728	-0.205237	0.420598	-0.151154	0.725376	0.671552
24804	1.296961	8.079748	9.708527	1.134343	1.315775	-2.782951	-0.465240	-0.660678	0.589115	0.869279	-0.215404	0.444922	-0.167053	0.719101	0.674528
24805	1.232267	7.767441	9.319758	0.915786	1.772494	-2.950192	-0.487952	-0.666656	0.563447	0.853457	-0.229002	0.468155	-0.183068	0.709315	0.680704
24806	1.692231	7.679539	8.936147	1.273625	1.404021	-3.153214	-0.511904	-0.669142	0.538705	0.835239	-0.241094	0.494215	-0.200821	0.702939	0.682310
24807	3.675606	9.090994	10.523299	1.553644	1.096494	-3.382226	-0.537772	-0.668460	0.513774	0.814055	-0.253146	0.522716	-0.219355	0.699342	0.680297
24808	5.412721	9.634729	11.235380	1.131671	1.318494	-3.535942	-0.563190	-0.668394	0.485867	0.792005	-0.268926	0.548094	-0.235681	0.693490	0.680828
24809	5.984015	9.192308	10.644527	0.859111	1.729896	-3.658274	-0.587942	-0.669939	0.453329	0.768618	-0.288032	0.571195	-0.252092	0.684266	0.684273
24810	6.022498	8.813194	10.155773	0.689416	1.711600	-3.698746	-0.611504	-0.670526	0.420069	0.744633	-0.308165	0.592078	-0.267553	0.674855	0.687739
24811	6.917687	8.220999	10.019436	0.690402	1.423138	-3.695725	-0.635055	-0.668094	0.387757	0.719447	-0.328787	0.611796	-0.281248	0.667495	0.689457
24812	8.142673	8.358127	10.527888	0.702855	1.367619	-3.689194	-0.657202	-0.664660	0.355405	0.693573	-0.348730	0.630352	-0.295030	0.660768	0.690176
24813	9.056337	8.263130	10.629482	0.579396	1.500455	-3.666083	-0.677902	-0.661217	0.321311	0.667085	-0.369595	0.646837	-0.308945	0.652833	0.691637
24814	9.457211	7.977260	10.438976	0.572072	1.729788	-3.657419	-0.696351	-0.658518	0.285394	0.640128	-0.390049	0.661890	-0.324549	0.643596	0.693146
24815	9.507699	7.526880	9.994280	0.513263	1.817764	-3.593360	-0.713160	-0.655486	0.248479	0.612785	-0.410791	0.675089	-0.340438	0.633711	0.694631
24816	9.625358	6.977167	9.279484	0.499560	1.859951	-3.476337	-0.727534	-0.652536	0.211875	0.585987	-0.430414	0.686559	-0.356810	0.623651	0.695519
24817	9.531598	6.304683	8.685186	0.397234	1.913909	-3.277207	-0.739667	-0.649642	0.175664	0.560179	-0.449694	0.695683	-0.372950	0.612977	0.696540
24818	9.421935	4.853523	7.709930	0.306889	1.851278	-3.020797	-0.749205	-0.647018	0.141635	0.536510	-0.467441	0.702607	-0.388393	0.602385	0.697340
24819	9.177525	3.795993	7.183192	0.523342	1.731603	-2.785360	-0.757133	-0.643999	0.109611	0.513190	-0.482536	0.709785	-0.404209	0.593653	0.695838
24820	9.026407	2.807536	7.270032	0.623285	1.560227	-2.553447	-0.763553	-0.640700	0.080561	0.491196	-0.495286	0.716532	-0.419181	0.586681	0.692887
24821	9.402771	1.909539	6.719689	0.862363	1.443151	-2.343247	-0.768793	-0.637260	0.053461	0.469282	-0.505395	0.724120	-0.434434	0.581787	0.687598
24822	10.215704	2.245256	6.593153	1.043025	1.378816	-2.090972	-0.772311	-0.634591	0.028798	0.448546	-0.512668	0.732105	-0.449824	0.578330	0.680582
24823	11.031901	1.622214	5.972350	0.705288	1.421668	-1.704291	-0.773494	-0.633770	0.006472	0.431901	-0.519591	0.737216	-0.463863	0.573028	0.675626
24824	11.389312	0.343985	4.742698	0.478293	1.545543	-1.243996	-0.771535	-0.636051	-0.013139	0.420028	-0.524791	0.740386	-0.477818	0.565715	0.672054
24825	11.619022	-0.723259	3.569302	0.475442	1.418930	-0.788444	-0.768013	-0.639792	-0.028679	0.411474	-0.527261	0.743428	-0.490760	0.559162	0.668201
24826	12.051498	-0.373055	2.639156	0.658385	1.254310	-0.390033	-0.763392	-0.644700	-0.039941	0.405206	-0.526126	0.747663	-0.503032	0.554576	0.662876
24827	12.210455	0.447990	1.555662	0.459603	1.244548	-0.013845	-0.757231	-0.651354	-0.048356	0.402633	-0.523810	0.750673	-0.514283	0.548963	0.658902
24828	11.632110	0.118339	0.043296	0.104091	1.090535	0.294064	-0.750409	-0.658819	-0.053332	0.404301	-0.521341	0.751494	-0.522903	0.542366	0.657580
24829	10.976636	0.181894	-1.116826	0.151743	0.574124	0.493652	-0.745456	-0.664409	-0.053446	0.407124	-0.517338	0.752736	-0.527774	0.539372	0.656149
24830	11.010649	1.029524	-0.943955	0.103278	-0.135746	0.640025	-0.743572	-0.666949	-0.047742	0.411335	-0.512546	0.753724	-0.527165	0.540811	0.655454
24831	2.169828	5.971248	2.157158	0.391156	-0.083338	0.825927	-0.740618	-0.670676	-0.040978	0.415377	-0.504926	0.756645	-0.528155	0.543364	0.652540
24832	-4.691806	10.138906	7.451587	-0.787440	-0.522566	1.082141	-0.738818	-0.673263	-0.029397	0.427504	-0.501957	0.751851	-0.520949	0.542914	0.658678
24833	-7.697098	9.258416	8.852827	-0.924761	-2.364888	0.879359	-0.747083	-0.664692	-0.007167	0.438733	-0.501159	0.745891	-0.499380	0.554098	0.666030
24834	-1.230500	12.766554	8.894662	0.814690	-1.730616	0.952343	-0.751471	-0.659667	0.011429	0.441829	-0.490301	0.751260	-0.489978	0.569600	0.659908
24835	-4.399717	6.961151	5.730017	-3.180599	-0.277676	1.650236	-0.745333	-0.666205	0.025474	0.469459	-0.497322	0.729575	-0.473378	0.555735	0.683427
24836	-6.644939	-1.174969	-4.049621	-2.094890	-2.097769	2.197841	-0.744410	-0.665385	0.055825	0.495470	-0.494394	0.714201	-0.447620	0.559318	0.697711
24837	0.078222	5.755750	5.282646	1.256952	-4.913590	1.997847	-0.755719	-0.646571	0.104095	0.504968	-0.474089	0.721281	-0.417009	0.597651	0.684775
24838	8.799291	9.866671	13.526905	-1.404498	-3.629404	1.864363	-0.760645	-0.633361	0.142386	0.524707	-0.470694	0.709316	-0.382232	0.614248	0.690360
24839	2.328260	2.136226	7.071647	-0.791464	-1.706932	1.593495	-0.758593	-0.630224	0.165392	0.539718	-0.465587	0.701379	-0.365021	0.621327	0.693334
24840	6.150179	2.965037	12.940274	-0.000640	-3.579814	1.761444	-0.761568	-0.615662	0.202420	0.553098	-0.454644	0.698127	-0.337781	0.643630	0.686764
24841	10.483170	1.132968	14.134727	-0.191408	-2.142119	1.891795	-0.758072	-0.610184	0.230222	0.568056	-0.444377	0.692706	-0.320373	0.655900	0.683489
24842	6.987164	6.347550	11.858790	1.235582	-1.930354	1.887770	-0.753382	-0.605538	0.256397	0.578398	-0.424718	0.696470	-0.312843	0.673007	0.670217
24843	9.525261	13.920693	10.630967	0.575846	-1.636704	1.761340	-0.748208	-0.601710	0.279518	0.589795	-0.410272	0.695571	-0.303854	0.685290	0.661854
24844	8.782258	19.030288	5.278014	0.598922	-1.162581	1.666497	-0.741813	-0.600385	0.298748	0.600393	-0.396150	0.694689	-0.298732	0.694696	0.654337
24845	11.089614	20.750019	9.186426	-1.222525	-1.126384	1.622655	-0.735250	-0.598938	0.317302	0.615914	-0.394966	0.681654	-0.282945	0.696617	0.659293
24846	6.321914	7.659102	7.725619	-4.492053	-0.128855	1.946331	-0.723371	-0.605905	0.331080	0.642154	-0.414174	0.645057	-0.253718	0.679220	0.688685
24847	4.603580	1.459861	5.871936	-2.150217	-0.489501	1.476926	-0.714968	-0.608747	0.343872	0.658046	-0.419742	0.625134	-0.236211	0.673234	0.700686
24848	5.281549	4.976387	8.813475	-0.141495	-0.522206	1.191857	-0.708315	-0.610167	0.354946	0.666846	-0.413460	0.619974	-0.231532	0.675831	0.699747
24849	5.239783	8.408829	8.973778	-1.098336	-0.243814	1.099856	-0.701482	-0.613065	0.363421	0.677090	-0.414142	0.608306	-0.222423	0.672784	0.705613
24850	5.065344	5.443093	8.050897	-1.726546	-0.020339	0.978262	-0.694872	-0.616985	0.369437	0.687644	-0.419708	0.592445	-0.210474	0.665714	0.715909
24851	4.413300	3.386944	8.115320	-1.031909	-0.120439	0.768062	-0.689815	-0.619407	0.374820	0.695090	-0.421813	0.582171	-0.202497	0.662124	0.721517
24852	4.725610	4.621643	8.499516	-0.425334	-0.161115	0.629571	-0.685766	-0.620971	0.379631	0.700259	-0.420750	0.576720	-0.198397	0.661335	0.723377
24853	4.597550	5.502295	8.604415	-0.552441	-0.045269	0.507652	-0.682299	-0.622794	0.382878	0.704811	-0.421251	0.570780	-0.194190	0.659299	0.726371
24854	4.353815	4.513572	8.006929	-0.577381	-0.115804	0.426175	-0.679530	-0.623807	0.386140	0.708806	-0.422424	0.564935	-0.189296	0.657589	0.729208
24855	4.625906	4.603773	7.999909	-0.135829	-0.110227	0.312149	-0.677531	-0.624384	0.388712	0.711177	-0.421382	0.562730	-0.187564	0.657710	0.729546
24856	4.308840	5.421285	7.965291	-0.032053	-0.010270	0.246997	-0.675812	-0.625333	0.390175	0.712895	-0.420076	0.561531	-0.187241	0.657643	0.729689
24857	4.295418	5.741859	7.491115	-0.048513	-0.082491	0.220068	-0.674405	-0.625699	0.392019	0.714468	-0.419034	0.560309	-0.186315	0.657960	0.729641
24858	4.527568	6.003337	7.461062	0.011770	-0.051322	0.184248	-0.673204	-0.626110	0.393424	0.715674	-0.417831	0.559668	-0.186029	0.658334	0.729376
24859	4.281094	6.190178	7.299506	-0.043056	0.003493	0.179007	-0.671927	-0.626863	0.394407	0.716953	-0.417008	0.558644	-0.185722	0.658139	0.729630
24860	4.209315	6.184792	7.241723	-0.086575	-0.003793	0.178323	-0.670676	-0.627559	0.395429	0.718297	-0.416487	0.557305	-0.185050	0.657806	0.730101
24861	3.917731	5.882181	7.206994	-0.156757	0.012582	0.194472	-0.669262	-0.628436	0.396430	0.719886	-0.416305	0.555386	-0.183989	0.657083	0.731020
24862	3.563585	5.545505	7.282970	-0.148164	-0.038953	0.211370	-0.667832	-0.629037	0.397886	0.721558	-0.415977	0.553460	-0.182635	0.656715	0.731689
24863	3.770172	5.460750	7.469958	-0.134176	-0.093306	0.230347	-0.666345	-0.629367	0.399853	0.723336	-0.415417	0.551556	-0.181025	0.656754	0.732055
24864	3.990524	5.409817	7.557491	-0.124598	-0.106642	0.231141	-0.664884	-0.629604	0.401906	0.725086	-0.414808	0.549714	-0.179388	0.656912	0.732316
24865	4.806798	5.905078	7.587148	-0.003660	-0.105681	0.184569	-0.663745	-0.629656	0.403703	0.726313	-0.413684	0.548940	-0.178638	0.657571	0.731908
24866	3.699387	5.630036	7.516654	-0.112357	-0.043491	0.188113	-0.662476	-0.630125	0.405052	0.727747	-0.413265	0.547354	-0.177508	0.657384	0.732350
24867	4.336251	5.705908	7.323590	-0.057005	-0.123440	0.186430	-0.661349	-0.630066	0.406982	0.729076	-0.412480	0.546176	-0.176255	0.657934	0.732159
24868	4.312593	5.808814	7.452681	-0.064921	-0.044947	0.173926	-0.660180	-0.630465	0.408260	0.730326	-0.411839	0.544989	-0.175459	0.657954	0.732333
24869	4.286784	5.722835	7.313615	-0.097456	-0.071586	0.168686	-0.659081	-0.630673	0.409712	0.731606	-0.411426	0.543582	-0.174256	0.658012	0.732567
24870	4.406971	5.668261	7.518126	-0.136594	-0.056468	0.154628	-0.658068	-0.630916	0.410965	0.732848	-0.411377	0.541943	-0.172859	0.657811	0.733079
24871	4.165156	5.447251	7.329620	-0.134180	-0.024016	0.141768	-0.657078	-0.631325	0.411919	0.734008	-0.411374	0.540374	-0.171699	0.657419	0.733702
24872	4.391792	5.510670	7.460533	-0.088672	-0.029455	0.119144	-0.656275	-0.631600	0.412778	0.734929	-0.411232	0.539229	-0.170829	0.657245	0.734062
24873	4.346810	5.479853	7.396935	-0.106852	-0.011889	0.101418	-0.655555	-0.631924	0.413423	0.735775	-0.411300	0.538022	-0.169948	0.656890	0.734584
24874	4.255238	5.430688	7.470202	-0.103668	-0.008125	0.084624	-0.654968	-0.632197	0.413938	0.736492	-0.411473	0.536908	-0.169107	0.656519	0.735109
24875	4.244490	5.429298	7.458208	-0.083327	0.001172	0.069706	-0.654459	-0.632477	0.414315	0.737087	-0.411586	0.536004	-0.168483	0.656178	0.735557
24876	4.176206	5.409237	7.451351	-0.094154	0.009159	0.062500	-0.654004	-0.632772	0.414582	0.737641	-0.411836	0.535049	-0.167824	0.655737	0.736101
24877	4.133627	5.436758	7.447063	-0.100078	0.002812	0.065679	-0.653519	-0.633049	0.414924	0.738237	-0.412081	0.534037	-0.167089	0.655316	0.736643
24878	4.114024	5.489493	7.436193	-0.101248	-0.003848	0.065860	-0.653061	-0.633273	0.415304	0.738823	-0.412355	0.533015	-0.166291	0.654927	0.737169
24879	4.157023	5.405850	7.475337	-0.137996	-0.022229	0.068436	-0.652597	-0.633396	0.415845	0.739497	-0.412830	0.531710	-0.165110	0.654508	0.737806
24880	4.091589	5.283824	7.451297	-0.123149	-0.019771	0.070527	-0.652129	-0.633536	0.416365	0.740147	-0.413216	0.530505	-0.164045	0.654129	0.738380
24881	4.040167	5.341622	7.438615	-0.098879	-0.025018	0.079211	-0.651590	-0.633685	0.416981	0.740823	-0.413368	0.529441	-0.163132	0.653888	0.738795
24882	3.990705	5.409270	7.466578	-0.129867	-0.054306	0.091347	-0.651022	-0.633686	0.417866	0.741615	-0.413666	0.528098	-0.161791	0.653699	0.739257
24883	4.079779	5.449835	7.501220	-0.153360	-0.076384	0.104615	-0.650381	-0.633602	0.418991	0.742537	-0.414019	0.526523	-0.160136	0.653557	0.739743
24884	4.088916	5.321255	7.520479	-0.194014	-0.093546	0.115901	-0.649690	-0.633449	0.420293	0.743586	-0.414580	0.524598	-0.158061	0.653350	0.740372
24885	4.189125	5.283480	7.472229	-0.160905	-0.107687	0.116977	-0.648998	-0.633213	0.421714	0.744594	-0.414902	0.522911	-0.156144	0.653374	0.740757
24886	4.189217	5.305719	7.582753	-0.171118	-0.115114	0.121476	-0.648293	-0.632943	0.423201	0.745634	-0.415278	0.521127	-0.154098	0.653396	0.741166
24887	4.272758	5.264363	7.548498	-0.182591	-0.131371	0.129184	-0.647542	-0.632603	0.424856	0.746744	-0.415669	0.519223	-0.151863	0.653478	0.741556
24888	4.303515	5.227902	7.526960	-0.129529	-0.116533	0.119808	-0.646844	-0.632317	0.426342	0.747702	-0.415785	0.517750	-0.150116	0.653680	0.741733
24889	4.173364	5.309091	7.681288	-0.149173	-0.112976	0.130287	-0.646047	-0.632104	0.427864	0.748763	-0.415947	0.516084	-0.148250	0.653783	0.742017
24890	4.335802	5.205442	7.572206	-0.133904	-0.144052	0.137592	-0.645249	-0.631713	0.429643	0.749835	-0.415980	0.514498	-0.146292	0.654140	0.742091
24891	4.416189	5.234497	7.503280	-0.096206	-0.116085	0.136892	-0.644398	-0.631507	0.431218	0.750855	-0.415754	0.513191	-0.144803	0.654482	0.742082
24892	4.333949	5.264264	7.508600	-0.067549	-0.105201	0.134522	-0.643560	-0.631356	0.432690	0.751805	-0.415374	0.512106	-0.143593	0.654870	0.741975
24893	4.215979	5.297633	7.586189	-0.104178	-0.131128	0.144713	-0.642671	-0.631079	0.434411	0.752878	-0.415159	0.510703	-0.141944	0.655273	0.741936
24894	4.348067	5.204811	7.399557	-0.116262	-0.156588	0.157577	-0.641726	-0.630684	0.436377	0.754041	-0.414954	0.509152	-0.140038	0.655782	0.741848
24895	4.298730	5.221374	7.551172	-0.049744	-0.134332	0.170669	-0.640637	-0.630493	0.438251	0.755199	-0.414218	0.508034	-0.138780	0.656431	0.741511
24896	4.281348	5.363542	7.453991	-0.030577	-0.159475	0.178884	-0.639526	-0.630163	0.440342	0.756373	-0.413319	0.507019	-0.137503	0.657314	0.740966
24897	4.227657	5.336476	7.585388	-0.085583	-0.177659	0.206100	-0.638218	-0.629830	0.442710	0.757802	-0.412594	0.505473	-0.135702	0.658088	0.740611
24898	4.361287	5.132666	7.404193	-0.043932	-0.242107	0.232059	-0.636805	-0.629169	0.445675	0.759327	-0.411450	0.504115	-0.133800	0.659435	0.739758
24899	4.422881	5.285403	7.500595	-0.008049	-0.231913	0.236167	-0.635328	-0.628591	0.448588	0.760835	-0.410031	0.502996	-0.132244	0.660869	0.738758
24900	4.233799	5.147164	7.512615	-0.037069	-0.266436	0.252183	-0.633778	-0.627839	0.451823	0.762470	-0.408719	0.501585	-0.130246	0.662395	0.737745
24901	4.392461	4.969651	7.578330	-0.004521	-0.330889	0.267247	-0.632178	-0.626716	0.455608	0.764161	-0.407087	0.500337	-0.128097	0.664460	0.736263
24902	4.445329	5.191981	7.579932	0.075896	-0.329069	0.282981	-0.630453	-0.625652	0.459444	0.765838	-0.404837	0.499599	-0.126575	0.666833	0.734379
24903	4.353903	5.306791	7.725754	0.079253	-0.383388	0.302107	-0.628632	-0.624291	0.463770	0.767632	-0.402437	0.498783	-0.124748	0.669556	0.732211
24904	4.214239	5.164123	7.802602	0.056027	-0.439557	0.357169	-0.626451	-0.622752	0.468764	0.769791	-0.399861	0.497526	-0.122395	0.672526	0.729882
24905	4.213526	5.365587	7.889747	0.155476	-0.546861	0.405872	-0.624002	-0.620658	0.474769	0.772131	-0.396311	0.496741	-0.120150	0.676551	0.726528
24906	4.185888	5.453065	8.275792	0.113966	-0.654624	0.483460	-0.621059	-0.618099	0.481912	0.774992	-0.392571	0.495253	-0.116931	0.681059	0.722831
24907	3.985622	5.357870	8.016651	0.159638	-0.793352	0.581318	-0.617479	-0.614919	0.490504	0.778395	-0.387925	0.493574	-0.113230	0.686578	0.718185
24908	3.954978	5.937325	8.407901	0.284672	-0.880995	0.707301	-0.612963	-0.611542	0.500293	0.782416	-0.381651	0.492106	-0.110006	0.693080	0.712418
24909	3.887508	6.133102	8.428112	0.043993	-1.034385	0.842186	-0.607487	-0.607505	0.511760	0.787492	-0.376249	0.488153	-0.104006	0.699553	0.706971
24910	3.806794	5.888148	7.903716	-0.055871	-1.266483	1.055068	-0.600431	-0.602514	0.525794	0.793907	-0.370286	0.482287	-0.095890	0.707011	0.700671
24911	3.443879	6.232589	8.426596	-0.156382	-1.442303	1.321212	-0.591232	-0.597079	0.542163	0.801902	-0.363519	0.474139	-0.086012	0.715087	0.693723
24912	3.073922	6.097330	8.458779	-0.472439	-1.646058	1.535796	-0.580171	-0.590759	0.560719	0.811259	-0.357822	0.462409	-0.072535	0.723164	0.686857
24913	3.101063	6.382336	8.610488	-0.994689	-2.215812	1.930194	-0.565814	-0.581471	0.584591	0.822913	-0.353808	0.444561	-0.051667	0.732606	0.678689
24914	4.838343	6.713809	9.288993	-1.463775	-2.545975	2.137515	-0.549090	-0.570222	0.611022	0.835380	-0.352319	0.421913	-0.025310	0.742104	0.669807
24915	5.394183	7.174565	10.382655	-2.069520	-2.327568	2.523111	-0.528130	-0.561753	0.636798	0.849150	-0.353541	0.392368	0.004720	0.747959	0.663728
24916	5.060244	7.911697	10.606390	-1.969830	-1.912638	2.871857	-0.503208	-0.557523	0.660265	0.863592	-0.352266	0.360718	0.031480	0.751716	0.658736
24917	0.523803	9.377665	9.986893	-1.101133	-2.034874	3.197531	-0.474578	-0.553232	0.684624	0.878729	-0.342932	0.332013	0.051100	0.759165	0.648889
24918	2.431214	11.042311	10.596457	0.143988	-3.678863	3.702092	-0.439579	-0.537201	0.719851	0.895727	-0.321663	0.306932	0.066665	0.779710	0.622581
24919	5.883169	11.910714	14.002818	-1.166291	-5.355798	4.572481	-0.393828	-0.509130	0.765302	0.913767	-0.307110	0.265919	0.099644	0.804034	0.586174
24920	11.062460	9.087148	14.365904	-0.807024	-6.196475	5.312561	-0.337673	-0.474193	0.813092	0.932271	-0.287608	0.219435	0.129797	0.832119	0.539194
24921	17.509908	9.449079	13.538124	-0.050228	-6.148589	5.406656	-0.278314	-0.437054	0.855292	0.948809	-0.263556	0.174068	0.149341	0.859955	0.488032
24922	15.405739	19.800044	16.409111	-0.674346	-5.572541	5.699872	-0.214965	-0.402995	0.889598	0.961790	-0.245505	0.121194	0.169560	0.881659	0.440372
24923	17.609614	16.516944	14.311312	-0.460608	-5.176507	5.602933	-0.151763	-0.370152	0.916491	0.971207	-0.228122	0.068690	0.183646	0.900527	0.394114
24924	9.526950	16.257566	12.502471	-0.089109	-5.192855	5.441648	-0.089009	-0.334794	0.938078	0.977587	-0.209769	0.017893	0.190789	0.918646	0.345962
24925	3.218682	13.763818	10.301767	-0.047474	-4.525367	5.191007	-0.029600	-0.303430	0.952394	0.980534	-0.193840	-0.031283	0.194104	0.932929	0.303261
24926	-7.231046	9.104594	9.022554	-0.043712	-2.474595	4.250158	0.016877	-0.288210	0.957418	0.980716	-0.181699	-0.071984	0.194708	0.940170	0.279586
24927	1.115910	6.243465	6.997516	-1.788443	-2.805376	3.939254	0.060939	-0.269172	0.961162	0.975511	-0.187827	-0.114449	0.211339	0.944599	0.251135
24928	16.031257	15.488833	19.723185	4.943886	-7.574768	1.902822	0.093527	-0.199655	0.975393	0.983152	-0.136016	-0.122113	0.157050	0.970380	0.183570
24929	15.834652	30.203811	28.889873	2.624145	5.335026	-1.011021	0.075542	-0.250133	0.965260	0.987825	-0.113254	-0.106656	0.135997	0.961565	0.238532
24930	-6.081220	20.034517	6.137019	-0.775044	6.658081	-2.082441	0.045489	-0.311010	0.949317	0.987985	-0.126504	-0.088786	0.147706	0.941950	0.301519
24931	-12.664489	8.060681	-3.084590	-2.030968	2.366564	-1.432716	0.027304	-0.331428	0.943085	0.985240	-0.150564	-0.081437	0.168986	0.931389	0.322425
24932	-6.188912	6.277184	-0.134373	1.643267	0.114399	-1.921943	0.008131	-0.329666	0.944063	0.988222	-0.141622	-0.057966	0.152809	0.933415	0.324631
24933	-1.454156	8.804163	7.690278	0.121191	0.290843	-1.976776	-0.012162	-0.329739	0.943994	0.988309	-0.147454	-0.038773	0.151980	0.932486	0.327677
24934	0.442414	2.343861	5.627633	-0.913152	1.049105	-2.298634	-0.036522	-0.335899	0.941190	0.986317	-0.163625	-0.020122	0.160761	0.927577	0.337279
24935	-0.102286	3.292357	6.333344	1.825705	1.583586	-3.039507	-0.069263	-0.345901	0.935711	0.987396	-0.157575	0.014839	0.142312	0.924945	0.352455
24936	0.771391	7.837235	9.723086	1.897522	1.499766	-3.428991	-0.105127	-0.354427	0.929156	0.986911	-0.152080	0.053650	0.122291	0.922634	0.365775
24937	2.424336	7.480729	9.302114	1.190755	2.050727	-3.689510	-0.144228	-0.367820	0.918644	0.983584	-0.155026	0.092352	0.108445	0.916883	0.384142
24938	2.375320	7.204648	8.809884	0.879764	2.665759	-3.804330	-0.184296	-0.386111	0.903855	0.978224	-0.161370	0.130525	0.095457	0.908228	0.407443
24939	2.506364	5.176410	7.774239	0.333844	2.607459	-3.787499	-0.224015	-0.403475	0.887144	0.970663	-0.173954	0.165990	0.087350	0.898303	0.430607
24940	3.244306	3.400708	7.837839	0.551953	2.591907	-3.767837	-0.262571	-0.419860	0.868778	0.961936	-0.184566	0.201529	0.075733	0.888624	0.452340
24941	3.933768	2.662798	8.634887	0.599335	2.675983	-3.733612	-0.300614	-0.436506	0.847994	0.951667	-0.195962	0.236494	0.062944	0.878101	0.474318
24942	4.585226	1.891976	8.565467	0.893571	2.758314	-3.694366	-0.337095	-0.453164	0.825233	0.940360	-0.204630	0.271753	0.045719	0.867623	0.495117
24943	5.535428	2.562079	9.259384	1.365448	2.858758	-3.690437	-0.373046	-0.470207	0.799839	0.927520	-0.210651	0.308760	0.023306	0.857048	0.514709
24944	6.579584	3.635121	9.527549	1.494153	3.000266	-3.625880	-0.406775	-0.488011	0.772256	0.913526	-0.215335	0.345110	-0.002124	0.845858	0.533404
24945	7.455465	4.918533	9.726464	1.581352	3.188235	-3.565963	-0.439099	-0.506994	0.741721	0.897956	-0.220603	0.380800	-0.029438	0.833242	0.552125
24946	8.165751	6.146563	10.059078	1.485545	3.274508	-3.522133	-0.469044	-0.526163	0.709331	0.881301	-0.226556	0.414706	-0.057499	0.819649	0.569973
24947	8.886975	6.779310	10.253697	1.336106	3.312961	-3.522939	-0.497969	-0.544853	0.674657	0.863050	-0.235400	0.446914	-0.084688	0.804811	0.587458
24948	9.448136	7.307649	10.626712	1.321274	3.364844	-3.598308	-0.525375	-0.563015	0.637961	0.843313	-0.244839	0.478411	-0.113155	0.789346	0.603431
24949	10.044449	8.040836	10.959680	1.380366	3.430523	-3.755310	-0.552808	-0.580251	0.598091	0.821004	-0.256361	0.510129	-0.142676	0.773038	0.618107
24950	10.203599	8.805694	11.143497	1.364794	3.529827	-3.911388	-0.578897	-0.596942	0.555462	0.796692	-0.268991	0.541226	-0.173666	0.755847	0.631297
24951	10.225759	9.140219	11.168072	1.297595	3.559912	-4.036118	-0.604359	-0.612133	0.509945	0.770029	-0.284528	0.571051	-0.204465	0.737792	0.643317
24952	10.442193	9.075291	11.113426	1.330530	3.434877	-4.074771	-0.627641	-0.625246	0.463826	0.741978	-0.300080	0.599517	-0.235661	0.720430	0.652261
24953	11.159098	9.223336	11.470245	1.452191	3.273684	-4.108967	-0.649847	-0.635606	0.416778	0.711724	-0.316438	0.627149	-0.266736	0.704182	0.658012
24954	12.134564	9.222863	11.747563	1.531843	3.140123	-4.094126	-0.669510	-0.644185	0.369842	0.680367	-0.332008	0.653354	-0.298090	0.689055	0.660564
24955	13.415626	9.563867	11.837052	1.808941	3.094097	-4.096940	-0.687498	-0.651034	0.321716	0.646501	-0.346949	0.679458	-0.330731	0.675115	0.659421
24956	15.166024	10.680670	12.220920	2.056856	2.993094	-4.108460	-0.702954	-0.656509	0.273591	0.610764	-0.360093	0.705195	-0.364449	0.662819	0.654101
24957	17.165980	12.117787	12.738833	2.082272	2.931920	-4.148763	-0.716831	-0.660157	0.224381	0.572999	-0.374397	0.729040	-0.397273	0.651169	0.646648
24958	19.063735	12.757786	13.011952	1.791418	3.121201	-4.219993	-0.727336	-0.664094	0.173095	0.535095	-0.390841	0.748943	-0.429716	0.637355	0.639626
24959	19.507274	10.723835	12.288642	1.284221	3.456626	-4.273478	-0.734421	-0.668288	0.118393	0.497773	-0.411806	0.763307	-0.461354	0.619522	0.635095
24960	19.655452	5.861744	10.873179	1.099543	3.399840	-4.290228	-0.738813	-0.670876	0.063881	0.460908	-0.433866	0.774160	-0.491650	0.601403	0.629758
24961	21.044278	2.087482	8.551480	1.495913	3.182530	-4.235553	-0.741718	-0.670627	0.010675	0.421641	-0.453843	0.785013	-0.521606	0.586759	0.619387
24962	22.301381	0.947835	6.857424	1.791474	3.143476	-4.031177	-0.741067	-0.670211	-0.040450	0.382115	-0.470516	0.795363	-0.552094	0.573961	0.604782
24963	23.385474	0.728191	2.285724	0.995094	3.184413	-3.458104	-0.735982	-0.671341	-0.087365	0.350673	-0.488422	0.799045	-0.579102	0.557446	0.594890
24964	25.792175	-2.084524	-3.030617	-0.405135	2.979556	-2.366173	-0.726567	-0.675821	-0.123963	0.335744	-0.506616	0.794114	-0.599480	0.535357	0.594993
24965	27.381327	-15.243049	-5.382106	-2.436991	1.785509	-1.134398	-0.719821	-0.679099	-0.143811	0.342027	-0.527255	0.777830	-0.604049	0.510712	0.611799
24966	28.305873	-23.007385	-11.492022	0.266212	1.236156	-0.469957	-0.713913	-0.682858	-0.155025	0.337027	-0.529144	0.778729	-0.613792	0.503698	0.607905
24967	23.715067	-9.104874	-7.633025	4.139504	1.192897	-0.101213	-0.706866	-0.688321	-0.162957	0.310353	-0.508819	0.802985	-0.635627	0.517028	0.573289
24968	21.211087	4.377508	-2.573147	2.095130	-0.448061	0.439333	-0.708403	-0.688150	-0.156889	0.300102	-0.494860	0.815507	-0.638830	0.530625	0.557076
24969	16.584373	6.529773	1.419515	-1.177607	-1.980791	0.711917	-0.718683	-0.681107	-0.139957	0.312603	-0.496278	0.809931	-0.621107	0.538333	0.569583
24970	-4.794818	3.733156	13.531944	-2.038810	-0.501852	1.576275	-0.716682	-0.686218	-0.124383	0.336467	-0.496449	0.800206	-0.610865	0.531642	0.586685
24971	-10.832117	15.049435	8.809194	1.720456	-0.942342	0.914944	-0.719343	-0.685642	-0.111538	0.332555	-0.480877	0.811274	-0.609879	0.546492	0.573929
24972	-9.534951	22.385047	12.232676	-0.786147	-1.419726	1.959009	-0.721235	-0.687144	-0.087485	0.351400	-0.471790	0.808661	-0.596941	0.552492	0.581734
24973	-10.104567	0.925260	1.397067	-6.613328	-2.929621	3.493881	-0.724655	-0.687827	-0.042051	0.414626	-0.483940	0.770641	-0.550418	0.541014	0.635881
24974	0.624867	-7.019826	-3.996954	-0.575947	-6.127220	3.282333	-0.742905	-0.669025	0.022315	0.441743	-0.464932	0.767269	-0.502947	0.579865	0.640937
24975	7.570629	9.224497	13.414537	-0.399582	-3.429848	3.121347	-0.745527	-0.662979	0.068187	0.466903	-0.446533	0.763289	-0.475596	0.600889	0.642449
24976	-0.368451	-1.493452	4.850017	-1.930719	-4.063603	2.988239	-0.749656	-0.651388	0.117091	0.498034	-0.438711	0.747994	-0.435865	0.619053	0.653295
24977	17.124953	5.598638	21.816958	1.142063	-4.734794	2.739488	-0.755756	-0.632888	0.168183	0.513822	-0.413883	0.751457	-0.405980	0.654335	0.637986
24978	13.333600	6.477030	17.227424	-0.638586	-2.737975	2.978579	-0.750893	-0.626855	0.207874	0.538762	-0.399387	0.741772	-0.381961	0.668986	0.637623
24979	17.016922	18.102761	11.385156	1.936166	-2.713836	2.529237	-0.747378	-0.618077	0.243734	0.550396	-0.370492	0.748197	-0.372142	0.693337	0.617085
24980	18.233259	33.437312	12.400496	-0.510431	-1.048447	2.434462	-0.737609	-0.619637	0.268296	0.570328	-0.359019	0.738804	-0.361467	0.697965	0.618212
24981	5.306003	12.335776	7.500022	-6.849560	-2.171907	2.970615	-0.727201	-0.615732	0.303403	0.614958	-0.388018	0.686490	-0.304968	0.685796	0.660816
24982	10.048826	-5.152242	8.667915	-4.227516	-2.300529	1.786844	-0.722536	-0.607052	0.330803	0.639876	-0.406073	0.652429	-0.261728	0.683076	0.681840
24983	8.379180	0.323683	4.195315	1.166414	0.501936	1.297503	-0.712813	-0.615674	0.335922	0.646103	-0.390103	0.656027	-0.272854	0.684665	0.675859
