// General information: 
//  MT Manager version: 2022.2.0 
//  XDA version: 2022.2.0 build 7381 rev 124627 built on 2023-07-19
// Device information: 
//  DeviceId: 00B4CAF0
//  ProductCode: MTW2-3A7G6
//  Firmware Version: 4.6.0
//  Hardware Version: 2.0.0
// Device settings: 
//  Filter Profile: human(46.1)
//  Option Flags: Orientation Smoother Disabled, Position/Velocity Smoother Disabled, Continuous Zero Rotation Update Disabled, AHS Disabled, ICC Disabled
// Coordinate system: ENU
PacketCounter	Acc_X	Acc_Y	Acc_Z	Gyr_X	Gyr_Y	Gyr_Z	Mat[1][1]	Mat[2][1]	Mat[3][1]	Mat[1][2]	Mat[2][2]	Mat[3][2]	Mat[1][3]	Mat[2][3]	Mat[3][3]
06605	4.264079	3.121203	8.618227	-0.003395	0.001924	0.004200	-0.605343	-0.671792	0.426914	0.795935	-0.515483	0.317434	0.006818	0.531952	0.846747
06606	4.300657	3.213240	8.647167	-0.004100	-0.002081	0.006511	-0.605295	-0.671799	0.426971	0.795971	-0.515467	0.317370	0.006880	0.531959	0.846742
06607	4.310063	3.143792	8.648849	-0.014552	0.000306	0.003462	-0.605253	-0.671870	0.426919	0.796003	-0.515484	0.317262	0.006911	0.531853	0.846809
06608	4.301207	3.211401	8.647577	0.000708	-0.003745	0.006784	-0.605203	-0.671870	0.426990	0.796041	-0.515440	0.317238	0.006946	0.531895	0.846782
06609	4.310840	3.228400	8.619657	-0.019234	-0.005854	0.004994	-0.605110	-0.671865	0.427129	0.796108	-0.515553	0.316887	0.007302	0.531793	0.846843
06610	4.274999	3.273684	8.617592	-0.021861	-0.003836	0.007787	-0.605052	-0.671869	0.427205	0.796151	-0.515622	0.316667	0.007517	0.531719	0.846887
06611	4.323726	3.207776	8.635720	-0.037956	-0.008468	0.011059	-0.604952	-0.671840	0.427393	0.796221	-0.515812	0.316179	0.008033	0.531573	0.846975
06612	4.313170	3.220037	8.621619	-0.027631	-0.003032	0.012306	-0.604857	-0.671872	0.427476	0.796291	-0.515882	0.315890	0.008289	0.531464	0.847040
06613	4.348234	3.256213	8.637864	-0.040008	-0.007122	0.015826	-0.604809	-0.671778	0.427693	0.796322	-0.516091	0.315471	0.008802	0.531381	0.847087
06614	4.360861	3.150083	8.682984	-0.036291	-0.006581	0.016074	-0.604684	-0.671810	0.427818	0.796413	-0.516181	0.315092	0.009150	0.531251	0.847165
06615	4.341292	3.230921	8.667501	-0.025266	-0.006657	0.008983	-0.604726	-0.671753	0.427849	0.796380	-0.516256	0.315053	0.009242	0.531252	0.847164
06616	4.330896	3.156853	8.682550	-0.035525	-0.006481	0.014669	-0.604613	-0.671778	0.427969	0.796462	-0.516352	0.314688	0.009582	0.531126	0.847239
06617	4.340687	3.171796	8.655353	-0.023658	-0.000867	0.013097	-0.604531	-0.671832	0.428001	0.796522	-0.516396	0.314465	0.009750	0.531016	0.847306
06618	4.368714	3.190579	8.657005	-0.018087	-0.007197	0.008938	-0.604463	-0.671824	0.428108	0.796571	-0.516438	0.314272	0.009956	0.530984	0.847323
06619	4.335222	3.148882	8.641967	-0.020264	-0.002788	0.008893	-0.604456	-0.671759	0.428222	0.796573	-0.516558	0.314067	0.010224	0.530950	0.847342
06620	4.329248	3.181621	8.683941	-0.015973	-0.007689	0.008088	-0.604395	-0.671744	0.428331	0.796617	-0.516595	0.313896	0.010416	0.530933	0.847350
06621	4.343682	3.163792	8.656779	-0.015715	-0.006073	0.008625	-0.604248	-0.671813	0.428430	0.796725	-0.516630	0.313565	0.010682	0.530812	0.847422
06622	4.351190	3.180776	8.671320	-0.014497	-0.003588	0.004373	-0.604216	-0.671801	0.428493	0.796747	-0.516683	0.313422	0.010838	0.530775	0.847444
06623	4.356302	3.145180	8.672114	-0.011225	-0.005445	0.007459	-0.604196	-0.671735	0.428625	0.796759	-0.516758	0.313268	0.011063	0.530786	0.847434
06624	4.372868	3.180590	8.658583	-0.010967	-0.003829	0.007996	-0.604136	-0.671740	0.428702	0.796803	-0.516769	0.313138	0.011192	0.530769	0.847443
06625	4.364367	3.161277	8.686696	-0.009430	-0.003642	0.005176	-0.604104	-0.671754	0.428726	0.796826	-0.516782	0.313057	0.011260	0.530739	0.847461
06626	4.325966	3.154839	8.670869	-0.008912	-0.000410	0.006250	-0.604058	-0.671768	0.428768	0.796860	-0.516793	0.312953	0.011352	0.530709	0.847478
06627	4.358100	3.140685	8.672839	-0.008402	-0.001932	0.004303	-0.604047	-0.671732	0.428839	0.796865	-0.516857	0.312833	0.011508	0.530693	0.847486
06628	4.374285	3.176680	8.659302	-0.003075	-0.000374	0.005641	-0.604007	-0.671743	0.428879	0.796896	-0.516842	0.312781	0.011554	0.530693	0.847485
06629	4.326519	3.152689	8.671375	-0.004809	0.001673	-0.000264	-0.604047	-0.671700	0.428890	0.796864	-0.516912	0.312747	0.011626	0.530681	0.847492
06630	4.378804	3.141574	8.660189	-0.004490	-0.000625	0.001167	-0.604042	-0.671686	0.428918	0.796867	-0.516934	0.312702	0.011685	0.530676	0.847494
06631	4.351398	3.120114	8.659186	-0.001529	0.004566	0.005841	-0.603950	-0.671785	0.428892	0.796936	-0.516899	0.312584	0.011705	0.530585	0.847551
06632	4.362450	3.191138	8.645111	0.006037	0.005564	-0.000966	-0.603963	-0.671794	0.428861	0.796927	-0.516880	0.312637	0.011642	0.530593	0.847547
06633	4.357700	3.139001	8.673650	-0.001606	-0.001027	-0.001095	-0.604056	-0.671669	0.428926	0.796855	-0.516973	0.312667	0.011734	0.530660	0.847503
06634	4.366553	3.157524	8.645661	0.010336	0.005414	0.001245	-0.604051	-0.671688	0.428903	0.796861	-0.516916	0.312747	0.011638	0.530691	0.847485
06635	4.352698	3.174178	8.672980	0.003981	0.002147	0.000780	-0.604008	-0.671765	0.428842	0.796895	-0.516858	0.312757	0.011551	0.530650	0.847513
06636	4.345429	3.156347	8.658620	0.014316	0.007561	0.002026	-0.603997	-0.671800	0.428804	0.796905	-0.516775	0.312867	0.011410	0.530687	0.847491
06637	4.351922	3.175330	8.672948	-0.003203	0.002700	0.000830	-0.603982	-0.671818	0.428796	0.796915	-0.516805	0.312792	0.011465	0.530635	0.847523
06638	4.369630	3.125393	8.646199	0.012710	0.006535	0.000931	-0.603980	-0.671841	0.428763	0.796919	-0.516738	0.312894	0.011343	0.530671	0.847502
06639	4.291785	3.169093	8.669871	0.014758	0.005199	-0.003836	-0.603998	-0.671870	0.428693	0.796908	-0.516681	0.313015	0.011192	0.530689	0.847493
06640	4.348063	3.124932	8.659124	0.002641	0.007491	0.003242	-0.603977	-0.671911	0.428658	0.796924	-0.516652	0.313022	0.011144	0.530666	0.847508
06641	4.338529	3.194112	8.657937	0.016172	0.005452	0.000639	-0.603943	-0.671994	0.428576	0.796952	-0.516536	0.313141	0.010946	0.530674	0.847505
06642	4.329090	3.177000	8.685712	0.007124	0.003361	-0.000944	-0.603955	-0.671991	0.428563	0.796944	-0.516511	0.313204	0.010888	0.530702	0.847489
06643	4.362805	3.164125	8.645140	0.010076	0.003801	0.000710	-0.603946	-0.672062	0.428463	0.796953	-0.516414	0.313340	0.010681	0.530706	0.847489
06644	4.326192	3.212104	8.642674	0.003980	0.002148	0.000781	-0.603945	-0.672062	0.428466	0.796955	-0.516394	0.313368	0.010654	0.530725	0.847477
06645	4.362566	3.165039	8.644926	0.005645	-0.000737	0.002772	-0.604033	-0.671922	0.428562	0.796887	-0.516458	0.313436	0.010730	0.530841	0.847404
06646	4.348902	3.181545	8.672185	0.005008	0.003857	-0.000093	-0.604039	-0.671926	0.428547	0.796883	-0.516439	0.313477	0.010685	0.530854	0.847396
06647	4.337163	3.144205	8.601390	0.001346	-0.000588	0.000559	-0.604128	-0.671834	0.428566	0.796816	-0.516485	0.313573	0.010679	0.530927	0.847351
06648	4.319135	3.194482	8.628137	0.000903	0.001777	0.006420	-0.604082	-0.671860	0.428590	0.796851	-0.516444	0.313552	0.010680	0.530933	0.847346
06649	4.348809	3.181482	8.672255	-0.002626	0.002019	0.002797	-0.604041	-0.671910	0.428569	0.796882	-0.516436	0.313486	0.010694	0.530877	0.847381
06650	4.323932	3.213250	8.684691	0.005386	-0.002353	0.002236	-0.604027	-0.671893	0.428615	0.796892	-0.516399	0.313521	0.010684	0.530935	0.847345
06651	4.326389	3.125999	8.671548	-0.007057	-0.002519	0.004859	-0.604014	-0.671843	0.428712	0.796899	-0.516472	0.313382	0.010874	0.530927	0.847348
06652	4.351747	3.180500	8.629834	0.005453	-0.001511	0.006151	-0.603970	-0.671851	0.428762	0.796933	-0.516408	0.313400	0.010858	0.530979	0.847315
06653	4.318049	3.193992	8.670174	-0.003336	-0.001987	0.005103	-0.603907	-0.671911	0.428757	0.796981	-0.516369	0.313344	0.010858	0.530942	0.847339
06654	4.324970	3.158863	8.628587	-0.002308	-0.000278	0.004230	-0.603878	-0.671915	0.428791	0.797003	-0.516359	0.313305	0.010896	0.530945	0.847336
06655	4.321050	3.192656	8.627853	-0.001613	-0.008785	0.007991	-0.603833	-0.671883	0.428904	0.797035	-0.516346	0.313245	0.010999	0.530999	0.847301
06656	4.303990	3.155736	8.683497	-0.006940	-0.010344	0.006652	-0.603783	-0.671846	0.429031	0.797071	-0.516345	0.313156	0.011135	0.531047	0.847269
06657	4.307338	3.154673	8.640900	0.001657	-0.010643	0.011078	-0.603670	-0.671928	0.429063	0.797157	-0.516198	0.313177	0.011049	0.531087	0.847245
06658	4.413984	3.185334	8.673652	-0.015487	-0.021711	0.012212	-0.603575	-0.671860	0.429304	0.797226	-0.516204	0.312992	0.011322	0.531166	0.847192
06659	4.310586	3.152802	8.639964	0.009301	-0.004052	0.011205	-0.603463	-0.671915	0.429375	0.797311	-0.516086	0.312970	0.011305	0.531212	0.847164
06660	4.462039	3.154746	8.647147	-0.010028	-0.015464	0.009277	-0.603392	-0.671865	0.429553	0.797362	-0.516083	0.312844	0.011496	0.531277	0.847120
06661	4.342615	3.139286	8.683066	0.011348	-0.005392	0.006437	-0.603393	-0.671824	0.429616	0.797362	-0.516013	0.312961	0.011433	0.531398	0.847045
06662	4.347782	3.191755	8.654164	-0.001411	-0.003254	0.007633	-0.603337	-0.671830	0.429685	0.797404	-0.515976	0.312915	0.011482	0.531426	0.847027
06663	4.348376	3.191412	8.653993	0.000443	-0.005366	0.006245	-0.603342	-0.671793	0.429735	0.797400	-0.515961	0.312951	0.011488	0.531487	0.846989
06664	4.415538	3.130416	8.700031	-0.012213	-0.015807	0.006216	-0.603295	-0.671725	0.429906	0.797432	-0.515991	0.312820	0.011699	0.531544	0.846950
06665	4.703626	2.892515	8.828917	0.035698	-0.013061	-0.002916	-0.603363	-0.671583	0.430035	0.797383	-0.515874	0.313136	0.011547	0.531837	0.846768
06666	5.361158	3.167740	9.081005	0.186217	-0.002118	-0.020560	-0.603532	-0.671449	0.430006	0.797275	-0.515028	0.314799	0.010093	0.532824	0.846166
06667	5.071961	2.934822	8.502602	0.307665	0.175884	-0.072637	-0.604135	-0.671957	0.428363	0.796853	-0.513944	0.317627	0.006723	0.533232	0.845942
06668	4.289845	2.891853	8.969367	0.289048	0.073897	-0.109076	-0.605013	-0.671775	0.427408	0.796205	-0.513141	0.320536	0.003992	0.534234	0.845327
06669	4.600978	2.613796	8.550102	0.448325	0.164565	-0.146080	-0.606326	-0.671752	0.425580	0.795216	-0.511819	0.325074	-0.000550	0.535529	0.844517
06670	4.071123	3.496559	8.438657	0.528427	0.165663	-0.172858	-0.607700	-0.671741	0.423633	0.794146	-0.510153	0.330267	-0.005736	0.537130	0.843480
06671	4.168024	3.519678	8.830210	0.366769	0.070527	-0.172472	-0.609127	-0.671163	0.422498	0.793022	-0.509399	0.334110	-0.009022	0.538566	0.842535
06672	4.524950	3.407494	8.466072	0.439452	0.158465	-0.176836	-0.610516	-0.671101	0.420587	0.791889	-0.508224	0.338556	-0.013453	0.539752	0.841716
06673	3.905216	3.822463	8.535927	0.373365	0.124716	-0.166369	-0.611826	-0.670925	0.418961	0.790806	-0.507330	0.342407	-0.017178	0.540810	0.840969
06674	4.730847	3.648452	8.629869	0.251830	0.094379	-0.166321	-0.613129	-0.670575	0.417614	0.789736	-0.507090	0.345219	-0.019727	0.541469	0.840489
06675	4.449788	3.344545	8.610772	0.293962	0.187214	-0.173137	-0.614357	-0.670810	0.415427	0.788688	-0.506623	0.348288	-0.023170	0.541615	0.840307
06676	4.229015	3.628209	8.613132	0.289599	0.183752	-0.174202	-0.615690	-0.670907	0.413291	0.787540	-0.506230	0.351442	-0.026564	0.541863	0.840047
06677	4.355036	3.609146	8.609932	0.216991	0.197048	-0.171135	-0.617006	-0.671055	0.411082	0.786409	-0.506257	0.353927	-0.029392	0.541654	0.840088
06678	4.037207	3.396474	8.560695	0.222530	0.214792	-0.174817	-0.618320	-0.671317	0.408674	0.785256	-0.506233	0.356512	-0.032448	0.541353	0.840169
06679	4.029642	3.597157	8.524891	0.217157	0.191482	-0.168315	-0.619438	-0.671689	0.406362	0.784245	-0.506079	0.358949	-0.035451	0.541034	0.840253
06680	3.871822	3.736729	8.466582	0.195228	0.193344	-0.153861	-0.620579	-0.671940	0.404201	0.783215	-0.506064	0.361212	-0.038161	0.540737	0.840326
06681	3.913620	3.648640	8.548778	0.128951	0.159205	-0.138747	-0.621575	-0.672141	0.402331	0.782323	-0.506281	0.362835	-0.040184	0.540283	0.840524
06682	3.923712	3.438673	8.508941	0.126597	0.160942	-0.126711	-0.622506	-0.672353	0.400535	0.781479	-0.506457	0.364407	-0.042156	0.539855	0.840702
06683	3.953351	3.695035	8.585097	0.138074	0.158639	-0.115485	-0.623385	-0.672622	0.398712	0.780657	-0.506474	0.366141	-0.044338	0.539504	0.840815
06684	3.662058	3.778795	8.433390	0.118098	0.160033	-0.094756	-0.624059	-0.672989	0.397035	0.780008	-0.506481	0.367510	-0.046239	0.539039	0.841011
06685	3.485974	3.989103	8.395629	0.070227	0.121249	-0.061899	-0.624451	-0.673430	0.395668	0.779606	-0.506452	0.368403	-0.047707	0.538515	0.841264
06686	3.371841	4.042091	8.329455	0.001530	0.075184	-0.018275	-0.624564	-0.673726	0.394985	0.779487	-0.506574	0.368487	-0.048171	0.538029	0.841549
06687	3.559178	3.990062	8.450784	-0.080789	0.033813	0.022685	-0.624411	-0.673912	0.394909	0.779648	-0.506954	0.367623	-0.047545	0.537438	0.841962
06688	3.862119	3.878422	8.556933	-0.103426	-0.001808	0.047893	-0.624044	-0.674130	0.395117	0.779991	-0.507194	0.366562	-0.046709	0.536939	0.842327
06689	3.969574	3.847174	8.542890	-0.116375	0.010679	0.058468	-0.623650	-0.674435	0.395219	0.780354	-0.507446	0.365440	-0.045913	0.536317	0.842767
06690	3.917720	3.789593	8.546516	-0.151111	0.008513	0.073968	-0.623075	-0.674840	0.395433	0.780880	-0.507764	0.363872	-0.044769	0.535506	0.843344
06691	3.903789	3.821425	8.534488	-0.167774	0.002347	0.091020	-0.622349	-0.675297	0.395798	0.781538	-0.508090	0.361997	-0.043355	0.534620	0.843980
06692	3.677371	3.843990	8.407613	-0.216597	0.015864	0.120964	-0.621403	-0.675980	0.396117	0.782379	-0.508437	0.359688	-0.041742	0.533425	0.844817
06693	3.508194	3.948957	8.439179	-0.308447	-0.004285	0.163718	-0.620107	-0.676827	0.396703	0.783532	-0.508972	0.356406	-0.039315	0.531839	0.845932
06694	3.483391	3.817921	8.425981	-0.406957	-0.036886	0.214729	-0.618443	-0.677709	0.397793	0.785010	-0.509686	0.352107	-0.035877	0.530030	0.847220
06695	3.803757	3.792841	8.620761	-0.486122	-0.072758	0.248091	-0.616552	-0.678610	0.399189	0.786674	-0.510550	0.347107	-0.031744	0.528041	0.848626
06696	4.181089	3.393219	8.693472	-0.530274	-0.093162	0.249165	-0.614624	-0.679377	0.400855	0.788359	-0.511660	0.341605	-0.026977	0.525976	0.850071
06697	4.205470	3.154983	8.826362	-0.456562	-0.095493	0.226456	-0.612841	-0.680048	0.402443	0.789879	-0.512538	0.336742	-0.022733	0.524251	0.851260
06698	4.119004	3.126460	8.813222	-0.424474	-0.104467	0.208884	-0.611217	-0.680557	0.404049	0.791242	-0.513347	0.332283	-0.018721	0.522797	0.852251
06699	4.001469	3.201678	8.765061	-0.376743	-0.124638	0.193209	-0.609860	-0.680717	0.405826	0.792369	-0.514120	0.328378	-0.014890	0.521829	0.852920
06700	4.014131	3.421900	8.764942	-0.367759	-0.153708	0.189329	-0.608385	-0.680874	0.407772	0.793565	-0.514756	0.324470	-0.011020	0.520997	0.853488
06701	4.041887	3.399111	8.785547	-0.402564	-0.181919	0.195252	-0.606901	-0.680889	0.409952	0.794749	-0.515556	0.320276	-0.006720	0.520185	0.854027
06702	4.167624	3.334485	8.813296	-0.414707	-0.204292	0.200127	-0.605325	-0.680844	0.412351	0.795975	-0.516356	0.315910	-0.002165	0.519450	0.854498
06703	4.448198	3.290883	8.906671	-0.400147	-0.207107	0.194724	-0.603778	-0.680779	0.414720	0.797149	-0.517123	0.311668	0.002284	0.518772	0.854910
06704	4.343309	3.126858	8.959553	-0.388538	-0.183523	0.190672	-0.602255	-0.680798	0.416897	0.798277	-0.517847	0.307552	0.006508	0.518024	0.855341
06705	4.045990	3.254430	8.898536	-0.313305	-0.175611	0.192546	-0.600762	-0.680845	0.418969	0.799365	-0.518193	0.304125	0.010045	0.517616	0.855554
06706	3.803316	3.654812	8.924944	-0.310191	-0.243084	0.216099	-0.599010	-0.680690	0.421719	0.800619	-0.518335	0.300563	0.014002	0.517677	0.855462
06707	3.663545	3.662273	9.029964	-0.411844	-0.313277	0.260957	-0.596847	-0.680406	0.425230	0.802122	-0.518753	0.295795	0.019329	0.517631	0.855385
06708	3.512989	3.973362	9.206355	-0.422351	-0.419530	0.311949	-0.594254	-0.679836	0.429750	0.803881	-0.518827	0.290850	0.025236	0.518307	0.854822
06709	1.717767	5.300617	9.943999	-0.467362	-0.448863	0.362816	-0.591197	-0.679354	0.434701	0.805899	-0.518864	0.285145	0.031837	0.518902	0.854241
06710	1.984813	4.804338	10.434456	-0.895365	-0.914325	0.558200	-0.586346	-0.677485	0.444086	0.808839	-0.519738	0.275049	0.044467	0.520468	0.852722
06711	4.620104	2.838403	9.273329	-1.091988	-1.144602	0.868346	-0.578756	-0.676008	0.456131	0.813292	-0.519599	0.261865	0.059983	0.522523	0.850512
06712	1.902744	2.950009	11.782675	-0.328871	-1.439051	0.987302	-0.569761	-0.673520	0.470896	0.818742	-0.514676	0.254500	0.070948	0.530546	0.844682
06713	3.952814	3.954720	10.264510	-0.478488	-1.802293	1.195030	-0.558698	-0.669800	0.489105	0.824982	-0.509407	0.244763	0.085211	0.540252	0.837178
06714	3.946679	3.218200	10.178163	-0.359132	-2.066896	1.426694	-0.544968	-0.665706	0.509750	0.832519	-0.501850	0.234647	0.099612	0.552252	0.827705
06715	5.246402	5.599083	10.286878	-0.139189	-2.297157	1.636226	-0.528991	-0.660767	0.532500	0.841018	-0.492037	0.224919	0.113391	0.566822	0.816000
06716	4.480188	7.050851	10.347154	-0.162319	-2.270782	1.871887	-0.510437	-0.656820	0.555015	0.850548	-0.480644	0.213424	0.126583	0.581006	0.803995
06717	6.316093	8.100057	11.294336	-0.766925	-2.529153	2.149838	-0.488847	-0.651823	0.579789	0.860020	-0.471524	0.195015	0.146269	0.593963	0.791084
06718	6.558292	3.662960	10.496874	-1.317667	-2.346274	2.349835	-0.464834	-0.648754	0.602534	0.869145	-0.464138	0.170773	0.168869	0.603071	0.779608
06719	6.221385	1.694960	9.225729	-0.555110	-2.280072	2.403145	-0.439901	-0.645636	0.624212	0.878873	-0.452369	0.151473	0.184578	0.615236	0.766430
06720	6.225961	3.547624	9.786017	-0.265934	-2.161093	2.420588	-0.414394	-0.642964	0.644108	0.888702	-0.438435	0.134100	0.196178	0.627991	0.753088
06721	5.935998	7.378114	11.523700	0.075395	-1.614192	2.349060	-0.390142	-0.642795	0.659245	0.898221	-0.423130	0.118997	0.202456	0.638573	0.742453
06722	1.381403	11.288801	11.876977	0.300247	-0.825904	2.113288	-0.369396	-0.646251	0.667762	0.906851	-0.407592	0.107194	0.202900	0.645158	0.736616
06723	-0.827764	11.361917	11.675810	-0.941599	-1.019701	1.781125	-0.351092	-0.646767	0.677072	0.911174	-0.402517	0.087984	0.215628	0.647821	0.730639
06724	4.220907	6.754906	12.611116	-1.737534	-1.530253	0.947418	-0.339001	-0.640650	0.688946	0.910509	-0.407710	0.068894	0.236753	0.650646	0.721531
06725	4.164146	2.766337	12.233209	0.088759	0.306382	-0.043704	-0.340314	-0.642256	0.686799	0.910354	-0.407935	0.069610	0.235462	0.648919	0.723506
06726	-1.442735	7.583239	10.485149	1.677394	1.178118	-0.777036	-0.350053	-0.646729	0.677647	0.911454	-0.402075	0.087101	0.216134	0.648134	0.730211
06727	-4.042655	7.927499	8.287002	0.759260	0.905641	-0.914789	-0.360592	-0.648671	0.670224	0.909562	-0.403689	0.098653	0.206568	0.645184	0.735573
06728	-3.151608	6.393758	7.823575	0.623066	0.615277	-0.957631	-0.370539	-0.648738	0.664711	0.907319	-0.405897	0.109636	0.198680	0.643729	0.739013
06729	-2.483995	5.049582	8.509975	0.550458	0.691592	-0.982774	-0.380952	-0.649169	0.658373	0.904574	-0.409060	0.120068	0.191370	0.641287	0.743053
06730	-0.954433	4.053983	9.755546	0.559778	0.715326	-1.054706	-0.391818	-0.649395	0.651740	0.901543	-0.412337	0.131143	0.183573	0.638956	0.747018
06731	0.128285	3.797252	10.637443	0.980627	1.171819	-1.203881	-0.404940	-0.651890	0.641142	0.898348	-0.414240	0.146206	0.170277	0.635174	0.753366
06732	-0.052281	4.884399	10.960745	1.193573	1.542475	-1.354392	-0.419580	-0.656007	0.627382	0.894690	-0.415558	0.163831	0.153240	0.630052	0.761283
06733	0.090235	4.822680	10.974392	1.085002	1.703134	-1.487223	-0.435641	-0.660474	0.611548	0.889736	-0.418871	0.181429	0.136331	0.623154	0.770125
06734	0.455464	4.300780	11.076861	1.090768	1.902205	-1.626003	-0.452486	-0.665387	0.593731	0.883899	-0.422910	0.199674	0.118234	0.615148	0.779496
06735	1.083038	3.890312	11.303747	1.047009	1.995515	-1.763506	-0.470407	-0.670186	0.574080	0.876798	-0.428476	0.218250	0.099712	0.606018	0.789176
06736	2.046354	3.542866	11.691854	1.080266	2.123401	-1.905971	-0.488955	-0.674705	0.552897	0.868621	-0.434812	0.237561	0.080123	0.596415	0.798667
06737	3.002432	3.701217	12.076799	1.101362	2.247079	-2.045271	-0.508524	-0.679098	0.529367	0.859011	-0.442380	0.257683	0.059189	0.585770	0.808313
06738	4.034620	3.985128	12.425640	1.039262	2.353676	-2.152154	-0.528050	-0.683118	0.504494	0.848356	-0.451024	0.277252	0.038143	0.574393	0.817690
06739	4.994056	4.105680	12.615773	0.930985	2.490161	-2.235457	-0.547883	-0.687096	0.477204	0.836387	-0.461357	0.295984	0.016792	0.561291	0.827448
06740	5.568556	3.967040	12.450261	0.799353	2.610889	-2.275678	-0.566943	-0.690919	0.448561	0.823745	-0.472622	0.313164	-0.004371	0.547046	0.837091
06741	5.856564	3.472122	11.970800	0.696516	2.680188	-2.270659	-0.585275	-0.694692	0.418158	0.810421	-0.484703	0.329061	-0.025914	0.531475	0.846678
06742	6.056274	3.163189	11.610823	0.654727	2.709932	-2.226295	-0.602186	-0.697939	0.387625	0.796957	-0.496792	0.343595	-0.047240	0.515828	0.855389
06743	6.648305	3.117730	11.547744	0.631938	2.673210	-2.173806	-0.617977	-0.700754	0.356438	0.783162	-0.508896	0.357327	-0.069008	0.499968	0.863290
06744	7.493494	3.321629	11.607425	0.674970	2.701854	-2.139791	-0.632434	-0.703021	0.325252	0.769237	-0.520608	0.370462	-0.091114	0.484488	0.870040
06745	7.599861	3.646552	11.378461	0.761775	2.804539	-2.129983	-0.645890	-0.705343	0.292090	0.754660	-0.532064	0.383922	-0.115386	0.468400	0.875949
06746	7.405186	3.950310	10.730987	0.756822	2.807775	-2.123442	-0.658194	-0.706836	0.259158	0.739844	-0.543588	0.396413	-0.139324	0.452653	0.880735
06747	7.067642	3.860012	9.888095	0.732564	2.713233	-2.100093	-0.669489	-0.707590	0.226056	0.724638	-0.555202	0.408229	-0.163352	0.437113	0.884448
06748	7.073076	3.584949	9.231879	0.712322	2.523517	-2.069323	-0.679939	-0.706820	0.195164	0.709428	-0.566787	0.418885	-0.185460	0.423271	0.886818
06749	7.603630	3.215208	9.023405	0.758719	2.287441	-2.046312	-0.689993	-0.704609	0.165637	0.693631	-0.578277	0.429502	-0.206846	0.411244	0.887746
06750	8.684099	2.762738	9.212625	0.855965	2.139828	-2.052559	-0.699432	-0.701302	0.137735	0.677506	-0.589244	0.440201	-0.227554	0.401207	0.887272
06751	9.192480	2.039444	9.023704	1.044201	2.162437	-2.087986	-0.708197	-0.697605	0.108650	0.660165	-0.599763	0.452180	-0.250279	0.391959	0.885285
06752	8.746391	1.427672	8.187170	1.220818	2.198546	-2.077897	-0.715980	-0.693555	0.079710	0.642163	-0.609495	0.464912	-0.273859	0.384055	0.881762
06753	8.309422	0.601163	6.793486	1.216726	2.101329	-1.914504	-0.722321	-0.689612	0.051841	0.624582	-0.618347	0.477016	-0.296900	0.376938	0.877365
06754	8.230413	-0.238297	5.589743	1.178573	1.887926	-1.603193	-0.726425	-0.686691	0.027602	0.609341	-0.624986	0.487951	-0.317821	0.371279	0.872434
06755	8.922153	-1.275375	5.121257	1.076852	1.574763	-1.235617	-0.728814	-0.684670	0.007475	0.596606	-0.629639	0.497610	-0.335992	0.367125	0.867369
06756	9.690061	-1.464831	4.647423	1.202644	1.448474	-0.907576	-0.729202	-0.684232	-0.009595	0.585838	-0.631465	0.507982	-0.353636	0.364800	0.861314
06757	9.598997	-0.508788	4.148427	1.217165	1.318616	-0.606074	-0.728048	-0.685096	-0.024263	0.576801	-0.631323	0.518393	-0.370467	0.363421	0.854798
06758	9.455815	0.306824	3.448273	0.950218	1.100307	-0.320024	-0.725751	-0.687051	-0.035299	0.570887	-0.630088	0.526382	-0.383892	0.361871	0.849515
06759	8.830700	0.824190	2.582280	0.663345	0.869525	-0.057449	-0.722735	-0.689776	-0.043166	0.567752	-0.628175	0.532028	-0.394096	0.360008	0.845625
06760	8.281927	0.820335	1.977197	0.256998	0.467993	0.172825	-0.719915	-0.692523	-0.046186	0.567976	-0.626072	0.534263	-0.398905	0.358392	0.844056
06761	8.258091	0.697801	1.763086	0.077495	0.097338	0.313528	-0.717774	-0.694793	-0.045411	0.569852	-0.623672	0.535072	-0.400087	0.358183	0.843585
06762	8.226465	1.373006	2.055439	0.041153	-0.190508	0.376950	-0.716400	-0.696438	-0.041775	0.572386	-0.620918	0.535570	-0.398930	0.359771	0.843457
06763	8.160951	2.065991	2.378107	-0.016710	-0.464823	0.365429	-0.716176	-0.696995	-0.035910	0.575030	-0.618448	0.535595	-0.395516	0.362931	0.843711
06764	3.721775	3.740404	3.349771	-0.111696	-0.540548	0.245601	-0.716904	-0.696525	-0.030021	0.577225	-0.617160	0.534720	-0.390974	0.366014	0.844496
06765	-9.664821	7.080582	10.708824	-0.067112	-0.129198	0.186777	-0.716309	-0.697225	-0.027899	0.578830	-0.616051	0.534264	-0.389689	0.366550	0.844857
06766	-8.317927	9.985647	15.672375	-0.892703	-2.206643	0.103452	-0.724092	-0.689650	-0.008637	0.582955	-0.618665	0.526704	-0.368585	0.376347	0.850005
06767	-3.806543	6.434292	8.174342	-0.236284	-1.541411	0.330556	-0.727763	-0.685801	0.006168	0.586172	-0.617318	0.524710	-0.356039	0.385480	0.851259
06768	-5.818799	4.485124	4.729607	-0.080136	-1.504056	0.730366	-0.728746	-0.684403	0.022815	0.591767	-0.612643	0.523909	-0.344588	0.395298	0.851469
06769	-0.362471	3.003331	6.794544	-2.185805	-4.139105	1.194772	-0.734991	-0.675016	0.064361	0.607516	-0.613374	0.504675	-0.301186	0.410032	0.860907
06770	8.824066	0.269672	9.834276	-1.556640	-2.933677	1.124249	-0.736483	-0.669708	0.095306	0.620229	-0.612293	0.490320	-0.270016	0.420224	0.866316
06771	1.104699	2.289379	10.199963	0.038179	-1.756629	0.934376	-0.735312	-0.667889	0.115070	0.626968	-0.605890	0.489703	-0.257348	0.432229	0.864263
06772	-1.612182	1.419580	9.162857	-0.762952	-2.727972	1.078917	-0.735190	-0.662411	0.143905	0.636763	-0.602079	0.481699	-0.232441	0.445773	0.864441
06773	3.645756	1.913567	10.118613	-0.156954	-2.976939	1.149122	-0.734446	-0.655694	0.175085	0.645511	-0.595269	0.478508	-0.209532	0.464458	0.860451
06774	6.145375	2.094840	11.561369	-0.044526	-2.792432	1.158701	-0.732491	-0.649308	0.204586	0.654092	-0.587935	0.475916	-0.188733	0.482422	0.855365
06775	7.076292	0.436493	11.016750	0.323107	-2.505287	1.113287	-0.729750	-0.643441	0.231187	0.661594	-0.579235	0.476214	-0.172504	0.500470	0.848394
06776	6.449090	2.932609	12.801917	0.642317	-2.365440	1.050319	-0.726707	-0.637391	0.256182	0.668169	-0.569250	0.479066	-0.159521	0.519314	0.839563
06777	8.031599	8.207082	11.516113	0.810630	-2.038013	0.920154	-0.723747	-0.631769	0.277593	0.673539	-0.559228	0.483330	-0.150115	0.536779	0.830261
06778	7.397644	13.203550	10.671258	0.613538	-1.931734	0.730440	-0.721629	-0.625284	0.297104	0.677919	-0.551314	0.486290	-0.140273	0.552334	0.821737
06779	11.070823	15.950076	10.446338	-0.253356	-1.586480	0.857537	-0.717939	-0.621129	0.314264	0.684410	-0.547438	0.481554	-0.127067	0.560812	0.818134
06780	6.788833	7.304148	8.555610	-1.043851	-1.241036	0.902887	-0.713214	-0.619080	0.328732	0.692105	-0.547721	0.470097	-0.110975	0.562797	0.819112
06781	7.427074	4.343399	10.373644	-1.136303	-1.149689	0.947768	-0.707799	-0.617782	0.342587	0.700016	-0.548266	0.457583	-0.094858	0.563693	0.820519
06782	6.038631	2.725152	8.821230	-0.728794	-0.759781	0.869470	-0.702376	-0.618237	0.352776	0.706791	-0.547021	0.448570	-0.084347	0.564403	0.821179
06783	4.805677	6.217338	8.553201	-0.558310	-0.602620	0.810184	-0.697092	-0.619248	0.361379	0.712928	-0.545143	0.441083	-0.076137	0.565112	0.821493
06784	5.151102	4.666966	8.602303	-1.109841	-0.690296	0.783605	-0.691975	-0.619609	0.370480	0.719135	-0.546568	0.429077	-0.063368	0.563336	0.823795
06785	5.628865	2.536514	9.187352	-0.875228	-0.492014	0.720208	-0.687052	-0.620768	0.377633	0.724627	-0.547019	0.419149	-0.053622	0.561621	0.825656
06786	4.913145	2.971792	9.088099	-0.605295	-0.341023	0.614402	-0.682769	-0.622194	0.383017	0.729130	-0.546614	0.411804	-0.046859	0.560436	0.826871
06787	4.783827	2.775183	9.284614	-0.632814	-0.349553	0.529146	-0.679026	-0.623121	0.388128	0.733033	-0.546836	0.404515	-0.039819	0.559187	0.828085
06788	4.805512	2.317330	9.195608	-0.441966	-0.297281	0.442561	-0.675897	-0.623858	0.392383	0.736187	-0.546565	0.399119	-0.034531	0.558630	0.828698
06789	4.390644	2.960183	8.908167	-0.270921	-0.247027	0.366298	-0.673236	-0.624474	0.395961	0.738785	-0.545749	0.395418	-0.030833	0.558740	0.828770
06790	4.271406	3.166311	8.824542	-0.255114	-0.271005	0.315071	-0.670994	-0.624658	0.399461	0.740967	-0.545224	0.392044	-0.027097	0.559047	0.828693
06791	4.420386	3.393665	8.880299	-0.171911	-0.276793	0.275478	-0.669005	-0.624595	0.402881	0.742873	-0.544458	0.389495	-0.023925	0.559863	0.828239
06792	4.365791	3.877647	8.556463	-0.099156	-0.239397	0.262176	-0.667121	-0.624659	0.405896	0.744638	-0.543393	0.387606	-0.021561	0.560825	0.827653
06793	4.247171	3.969862	8.622940	-0.180444	-0.234497	0.247400	-0.665293	-0.624678	0.408856	0.746351	-0.542841	0.385076	-0.018605	0.561338	0.827377
06794	4.226907	3.714122	8.489290	-0.152561	-0.227809	0.256120	-0.663429	-0.624767	0.411737	0.748070	-0.542116	0.382756	-0.015924	0.561940	0.827025
06795	4.141976	3.949711	8.466275	-0.122729	-0.212198	0.262480	-0.661464	-0.624986	0.414557	0.749854	-0.541141	0.380638	-0.013559	0.562636	0.826594
06796	3.936453	3.930207	8.426100	-0.169394	-0.204700	0.273253	-0.659448	-0.625291	0.417300	0.751671	-0.540403	0.378094	-0.010909	0.563006	0.826381
06797	4.173744	3.875942	8.461747	-0.207963	-0.238111	0.280399	-0.657336	-0.625452	0.420381	0.753558	-0.539804	0.375182	-0.007735	0.563402	0.826146
06798	4.119311	3.708106	8.478139	-0.202119	-0.230271	0.280031	-0.655248	-0.625644	0.423344	0.755400	-0.539208	0.372325	-0.004672	0.563759	0.825926
06799	4.244612	3.809038	8.599385	-0.212446	-0.255890	0.288907	-0.653044	-0.625746	0.426585	0.757319	-0.538587	0.369314	-0.001343	0.564239	0.825610
06800	4.765034	3.925539	8.688742	-0.260070	-0.254473	0.290890	-0.650847	-0.625856	0.429770	0.759205	-0.538251	0.365914	0.002315	0.564438	0.825472
06801	5.852920	4.271118	8.528738	-0.257978	-0.197286	0.276843	-0.648729	-0.626211	0.432447	0.760999	-0.537981	0.362570	0.005604	0.564302	0.825550
06802	4.262018	3.949908	8.815618	-0.284320	-0.093420	0.268565	-0.646687	-0.627108	0.434202	0.762710	-0.537919	0.359051	0.008402	0.563364	0.826166
06803	5.209278	3.183220	8.490641	-0.406155	-0.150117	0.261458	-0.644626	-0.627669	0.436451	0.764396	-0.538524	0.354529	0.012512	0.562160	0.826934
06804	4.718858	3.482549	8.612787	-0.150447	-0.058539	0.226780	-0.642893	-0.628540	0.437751	0.765827	-0.537962	0.352287	0.014067	0.561724	0.827205
06805	4.509980	3.396508	8.628424	-0.297726	-0.091093	0.219893	-0.641172	-0.629197	0.439330	0.767210	-0.538239	0.348838	0.016976	0.560723	0.827829
06806	4.627658	3.186700	8.527640	-0.205395	-0.076217	0.206367	-0.639583	-0.629860	0.440693	0.768485	-0.538108	0.346223	0.019068	0.560104	0.828203
06807	4.522274	3.492928	8.561019	-0.169367	-0.071000	0.184123	-0.638134	-0.630436	0.441967	0.769642	-0.537891	0.343984	0.020870	0.559664	0.828457
06808	4.583113	3.437509	8.410421	-0.197638	-0.084854	0.181330	-0.636729	-0.630916	0.443306	0.770746	-0.537870	0.341537	0.022960	0.559143	0.828753
06809	4.461205	3.496962	8.408299	-0.156594	-0.085116	0.167430	-0.635396	-0.631325	0.444635	0.771789	-0.537680	0.339472	0.024754	0.558864	0.828890
06810	4.579062	3.404032	8.328111	-0.168428	-0.118290	0.141061	-0.634286	-0.631402	0.446108	0.772633	-0.537748	0.337441	0.026832	0.558712	0.828928
06811	4.706793	3.110794	8.603477	-0.181719	-0.137517	0.126352	-0.633243	-0.631300	0.447732	0.773404	-0.537947	0.335350	0.029150	0.558636	0.828901
06812	4.577837	3.050778	8.515986	-0.091644	-0.120826	0.104521	-0.632408	-0.631166	0.449098	0.774029	-0.537816	0.334115	0.030650	0.558912	0.828660
06813	4.658614	3.314385	8.535604	-0.043363	-0.149083	0.083679	-0.631691	-0.630766	0.450667	0.774561	-0.537520	0.333358	0.031972	0.559649	0.828113
06814	4.819801	3.152742	8.450708	-0.076854	-0.135641	0.072252	-0.631096	-0.630374	0.452046	0.774983	-0.537512	0.332389	0.033450	0.560098	0.827751
06815	4.813651	3.195602	8.473560	-0.017418	-0.102925	0.060636	-0.630582	-0.630101	0.453144	0.775365	-0.537233	0.331949	0.034282	0.560673	0.827327
06816	4.822958	3.385015	8.465548	0.012227	-0.088972	0.046074	-0.630204	-0.629828	0.454048	0.775651	-0.536891	0.331835	0.034775	0.561306	0.826877
06817	4.786614	3.409018	8.404862	-0.025182	-0.064433	0.046228	-0.629810	-0.629694	0.454780	0.775941	-0.536743	0.331394	0.035423	0.561598	0.826652
06818	4.616266	3.376674	8.401937	-0.021112	-0.061458	0.043532	-0.629459	-0.629562	0.455447	0.776199	-0.536604	0.331015	0.036000	0.561879	0.826436
06819	4.563884	3.364187	8.484182	-0.036602	-0.072385	0.049578	-0.629022	-0.629407	0.456265	0.776516	-0.536487	0.330461	0.036786	0.562165	0.826207
06820	4.560054	3.373653	8.382499	-0.011141	-0.080846	0.051023	-0.628606	-0.629205	0.457117	0.776824	-0.536245	0.330130	0.037407	0.562621	0.825868
06821	4.485303	3.391985	8.392139	-0.018471	-0.103739	0.051004	-0.628148	-0.628879	0.458193	0.777153	-0.536021	0.329719	0.038248	0.563199	0.825436
06822	4.475619	3.331652	8.431013	-0.048482	-0.137084	0.057266	-0.627659	-0.628393	0.459528	0.777485	-0.535951	0.329050	0.039512	0.563807	0.824961
06823	4.531311	3.191032	8.371676	-0.040862	-0.161485	0.058818	-0.627122	-0.627777	0.461101	0.777847	-0.535813	0.328419	0.040890	0.564625	0.824334
06824	4.409784	3.361138	8.459644	0.045218	-0.183958	0.044970	-0.626706	-0.626957	0.462779	0.778138	-0.535292	0.328578	0.041717	0.566028	0.823330
06825	4.526429	3.324248	8.491993	0.000548	-0.248908	0.052964	-0.626173	-0.625811	0.465047	0.778480	-0.534959	0.328311	0.043320	0.567609	0.822157
06826	4.721145	3.190479	8.482199	-0.012775	-0.250726	0.064200	-0.625571	-0.624708	0.467333	0.778867	-0.534646	0.327901	0.045015	0.569116	0.821024
06827	4.795469	3.178913	8.413298	0.053770	-0.241955	0.058933	-0.624990	-0.623622	0.469556	0.779267	-0.533977	0.328042	0.046157	0.570932	0.819699
06828	4.779275	3.367202	8.382468	0.068874	-0.254989	0.056058	-0.624443	-0.622443	0.471843	0.779640	-0.533250	0.328337	0.047240	0.572895	0.818266
06829	4.816837	3.406646	8.353192	0.057173	-0.255028	0.057736	-0.623854	-0.621267	0.474166	0.780039	-0.532562	0.328506	0.048433	0.574808	0.816854
06830	4.792500	3.382263	8.269756	0.050048	-0.254340	0.065385	-0.623228	-0.620130	0.476472	0.780462	-0.531885	0.328598	0.049655	0.576660	0.815474
06831	4.975914	3.460831	8.279627	0.060141	-0.254161	0.066775	-0.622563	-0.618997	0.478809	0.780919	-0.531125	0.328744	0.050815	0.578575	0.814045
06832	5.000270	3.372504	8.211566	0.017035	-0.226455	0.077889	-0.621847	-0.618078	0.480922	0.781403	-0.530561	0.328504	0.052118	0.580073	0.812896
06833	4.876624	3.331997	8.246028	0.025282	-0.215062	0.071961	-0.621149	-0.617195	0.482954	0.781878	-0.529965	0.328335	0.053302	0.581556	0.811759
06834	4.855872	3.412628	8.275951	0.036894	-0.223935	0.079107	-0.620418	-0.616290	0.485045	0.782380	-0.529279	0.328246	0.054430	0.583139	0.810547
06835	4.914097	3.414010	8.150175	0.007667	-0.234294	0.088115	-0.619583	-0.615368	0.487277	0.782940	-0.528692	0.327855	0.055868	0.584642	0.809365
06836	5.030824	3.267126	8.237897	-0.027777	-0.230136	0.097543	-0.618698	-0.614515	0.489473	0.783519	-0.528272	0.327149	0.057537	0.585918	0.808325
06837	4.985046	3.094571	8.189783	0.024270	-0.217612	0.094522	-0.617816	-0.613718	0.491583	0.784126	-0.527552	0.326857	0.058738	0.587400	0.807162
06838	4.880600	3.339015	8.218673	0.094361	-0.213255	0.085519	-0.617028	-0.612893	0.493598	0.784701	-0.526489	0.327191	0.059341	0.589213	0.805796
06839	4.866241	3.284775	8.348395	0.042273	-0.259224	0.095613	-0.616113	-0.611842	0.496038	0.785318	-0.525664	0.327035	0.060656	0.591039	0.804360
06840	4.757589	2.848138	8.447053	0.059945	-0.273335	0.093669	-0.615219	-0.610695	0.498556	0.785923	-0.524754	0.327045	0.061894	0.593031	0.802797
06841	5.035606	2.836452	8.349203	0.175075	-0.312299	0.076133	-0.614410	-0.609218	0.501352	0.786508	-0.523252	0.328042	0.062484	0.595870	0.800646
06842	4.701452	3.184079	8.476291	0.230503	-0.329127	0.071557	-0.613650	-0.607604	0.504233	0.787083	-0.521456	0.329520	0.062718	0.599083	0.798226
06843	4.949805	3.141251	8.358361	0.221408	-0.400512	0.078740	-0.612765	-0.605586	0.507724	0.787711	-0.519657	0.330858	0.063480	0.602678	0.795455
06844	4.971621	3.362458	8.226473	0.271419	-0.405428	0.093946	-0.611775	-0.603601	0.511270	0.788450	-0.517465	0.332529	0.063849	0.606544	0.792482
06845	5.158899	3.607369	8.180960	0.231046	-0.448649	0.127140	-0.610479	-0.601504	0.515275	0.789375	-0.515312	0.333676	0.064821	0.610448	0.789400
06846	4.877947	3.590648	8.256415	0.146545	-0.441811	0.152764	-0.608991	-0.599564	0.519281	0.790394	-0.513515	0.334035	0.066383	0.613861	0.786618
06847	4.888181	3.486734	8.360914	0.099232	-0.554804	0.166606	-0.607288	-0.596981	0.524228	0.791478	-0.511920	0.333917	0.069021	0.617698	0.783380
06848	4.919050	3.707888	8.250896	0.119415	-0.642661	0.202438	-0.605240	-0.594010	0.529940	0.792780	-0.509991	0.333778	0.071997	0.622142	0.779587
06849	4.865712	3.620597	8.368639	0.005124	-0.719191	0.237448	-0.602816	-0.590707	0.536357	0.794219	-0.508570	0.332525	0.076351	0.626436	0.775725
06850	4.658385	3.333521	8.605369	-0.013019	-0.856510	0.269786	-0.600003	-0.586668	0.543890	0.795822	-0.507081	0.330962	0.081631	0.631418	0.771134
06851	4.654730	3.727510	8.540684	0.067918	-1.017312	0.311585	-0.596665	-0.581763	0.552759	0.797735	-0.504862	0.329747	0.087232	0.637704	0.765327
06852	4.330325	3.904099	8.612061	-0.033880	-1.244901	0.399350	-0.592349	-0.575771	0.563570	0.800070	-0.502785	0.327256	0.094930	0.644745	0.758481
06853	4.295765	3.701754	8.709328	-0.156233	-1.550221	0.500742	-0.586784	-0.568203	0.576914	0.802858	-0.500964	0.323193	0.105374	0.652825	0.750144
06854	3.890405	3.371488	8.859527	-0.228307	-1.867401	0.612096	-0.579780	-0.558963	0.592803	0.806164	-0.499032	0.317909	0.118129	0.662214	0.739945
06855	3.292372	3.012286	8.952223	-0.241292	-2.257575	0.718600	-0.571151	-0.547435	0.611639	0.809977	-0.496719	0.311781	0.133132	0.673488	0.727111
06856	3.230720	2.833491	8.905341	-0.146626	-2.718179	0.823308	-0.560626	-0.532990	0.633735	0.814419	-0.493286	0.305598	0.149732	0.687452	0.710626
06857	3.524927	3.023757	9.105188	-0.028493	-3.075646	0.920595	-0.548257	-0.516095	0.658074	0.819448	-0.488727	0.299417	0.167091	0.703415	0.690861
06858	3.785559	3.549311	9.034398	-0.069208	-3.492273	1.042040	-0.533519	-0.496269	0.684891	0.824953	-0.483962	0.291948	0.186577	0.720762	0.667601
06859	4.626474	3.866092	8.442904	-0.397998	-4.029049	1.207091	-0.515546	-0.472675	0.714696	0.830452	-0.481112	0.280857	0.211095	0.738316	0.640569
06860	4.466838	4.491537	8.789281	-0.798538	-4.680715	1.335075	-0.493837	-0.444096	0.747598	0.835375	-0.480975	0.266105	0.241400	0.755937	0.608510
06861	4.875786	4.518417	9.678179	-1.055150	-5.414275	1.509972	-0.467212	-0.409936	0.783368	0.839844	-0.482716	0.248289	0.276362	0.773910	0.569813
06862	10.007425	5.383437	11.772131	-1.286040	-6.264727	1.649162	-0.434785	-0.368835	0.821537	0.843466	-0.486383	0.228026	0.315477	0.792081	0.522572
06863	5.811881	4.507491	9.152323	-1.400822	-6.452582	1.898783	-0.397178	-0.326493	0.857702	0.846598	-0.491135	0.205081	0.354290	0.807582	0.471476
06864	11.378844	5.664203	11.351947	-1.443190	-7.156532	2.148783	-0.352185	-0.278739	0.893460	0.849245	-0.496411	0.179887	0.393382	0.822120	0.411546
06865	11.278742	6.705744	10.905618	-0.662250	-6.159614	2.409416	-0.306681	-0.239687	0.921139	0.854401	-0.495818	0.155446	0.419459	0.834694	0.356846
06866	13.753902	2.857714	8.016723	-0.985476	-6.184335	2.522326	-0.258334	-0.200296	0.945063	0.857256	-0.498555	0.128668	0.445394	0.843401	0.300499
06867	16.603860	6.656862	10.465155	-0.324403	-5.980771	2.706309	-0.207986	-0.163100	0.964438	0.861993	-0.496570	0.101916	0.462288	0.852535	0.243871
06868	19.943289	4.481007	10.618809	0.461693	-4.596031	2.675875	-0.163464	-0.136854	0.977011	0.869099	-0.488613	0.076967	0.466847	0.861701	0.198811
06869	17.996377	7.978197	10.952890	1.375082	-3.687576	2.665176	-0.123158	-0.117794	0.985371	0.879183	-0.473495	0.053283	0.460292	0.872884	0.161877
06870	16.360898	10.990181	12.903277	1.324102	-3.117412	2.445954	-0.087327	-0.101810	0.990964	0.887789	-0.459201	0.031057	0.451890	0.882479	0.130487
06871	9.989155	9.307173	11.702792	-0.193513	-3.212740	2.603500	-0.049741	-0.085519	0.995094	0.888576	-0.458702	0.004995	0.456024	0.884465	0.098807
06872	3.414574	5.297711	9.281095	0.097464	-2.039437	2.372035	-0.019350	-0.078279	0.996744	0.889832	-0.455912	-0.018531	0.455878	0.886576	0.078477
06873	-4.944727	1.420275	5.470745	1.235263	-0.029004	2.268506	0.000867	-0.088419	0.996083	0.895476	-0.443298	-0.040129	0.445110	0.892003	0.078793
