// General information: 
//  MT Manager version: 2022.2.0 
//  XDA version: 2022.2.0 build 7381 rev 124627 built on 2023-07-19
// Device information: 
//  DeviceId: 00B4CBA7
//  ProductCode: MTW2-3A7G6
//  Firmware Version: 4.6.0
//  Hardware Version: 2.0.0
// Device settings: 
//  Filter Profile: human(46.1)
//  Option Flags: Orientation Smoother Disabled, Position/Velocity Smoother Disabled, Continuous Zero Rotation Update Disabled, AHS Disabled, ICC Disabled
// Coordinate system: ENU
PacketCounter	Acc_X	Acc_Y	Acc_Z	Gyr_X	Gyr_Y	Gyr_Z	Mat[1][1]	Mat[2][1]	Mat[3][1]	Mat[1][2]	Mat[2][2]	Mat[3][2]	Mat[1][3]	Mat[2][3]	Mat[3][3]
29738	9.474296	0.673128	-2.426431	-0.025429	-0.007624	0.006215	0.202263	0.152192	0.967433	0.377895	-0.923474	0.066269	0.903485	0.352185	-0.244297
29739	9.438562	0.634156	-2.399177	-0.026172	-0.006660	0.001462	0.202178	0.152207	0.967449	0.377898	-0.923469	0.066315	0.903503	0.352190	-0.244224
29740	9.470722	0.656015	-2.456675	-0.019262	-0.003680	0.001411	0.202193	0.152224	0.967443	0.377706	-0.923543	0.066377	0.903580	0.351988	-0.244230
29741	9.454475	0.645505	-2.428464	-0.016058	-0.006486	0.003119	0.202086	0.152186	0.967471	0.377861	-0.923483	0.066338	0.903539	0.352163	-0.244128
29742	9.454322	0.645790	-2.428986	-0.010514	-0.006359	-0.002334	0.202111	0.152245	0.967457	0.377755	-0.923520	0.066415	0.903577	0.352039	-0.244165
29743	9.476917	0.692441	-2.399310	-0.004923	-0.006742	-0.001223	0.202179	0.152416	0.967416	0.377488	-0.923615	0.066624	0.903674	0.351718	-0.244271
29744	9.426885	0.705178	-2.381595	-0.008229	-0.006337	0.001221	0.202218	0.152443	0.967403	0.377395	-0.923650	0.066661	0.903704	0.351613	-0.244310
29745	9.476608	0.692761	-2.400438	-0.012752	-0.006889	0.000680	0.202272	0.152572	0.967372	0.377066	-0.923770	0.066853	0.903829	0.351241	-0.244382
29746	9.460911	0.703157	-2.385163	-0.013598	-0.008328	0.000075	0.202324	0.152618	0.967354	0.376927	-0.923823	0.066915	0.903876	0.351083	-0.244437
29747	9.461317	0.724569	-2.398475	-0.014341	-0.007362	-0.004679	0.202444	0.152736	0.967310	0.376765	-0.923881	0.067028	0.903916	0.350879	-0.244579
29748	9.457166	0.686335	-2.415962	-0.004328	-0.009598	0.001118	0.202511	0.152777	0.967289	0.376707	-0.923902	0.067057	0.903926	0.350804	-0.244653
29749	9.453628	0.668647	-2.446177	-0.001245	-0.007627	-0.001288	0.202605	0.152779	0.967269	0.376838	-0.923854	0.066989	0.903850	0.350932	-0.244751
29750	9.441849	0.717615	-2.414233	-0.005769	-0.008179	-0.001827	0.202649	0.152841	0.967250	0.376774	-0.923875	0.067049	0.903867	0.350847	-0.244810
29751	9.457190	0.707742	-2.430742	-0.006687	-0.005350	0.000021	0.202567	0.153005	0.967241	0.376577	-0.923938	0.067290	0.903967	0.350610	-0.244777
29752	9.457655	0.728879	-2.443860	0.000769	-0.004720	-0.004262	0.202570	0.153079	0.967229	0.376576	-0.923934	0.067359	0.903967	0.350590	-0.244807
29753	9.475809	0.715750	-2.418014	-0.015062	-0.003151	0.006153	0.202753	0.153099	0.967188	0.376239	-0.924068	0.067401	0.904066	0.350228	-0.244959
29754	9.438058	0.700506	-2.445239	-0.014043	-0.003575	0.000157	0.202763	0.153128	0.967181	0.376094	-0.924122	0.067465	0.904124	0.350072	-0.244969
29755	9.444647	0.736332	-2.386632	-0.011434	-0.003525	-0.000478	0.202666	0.153206	0.967189	0.375877	-0.924198	0.067634	0.904236	0.349837	-0.244890
29756	9.475602	0.716416	-2.418626	-0.023636	-0.002330	0.003310	0.202677	0.153202	0.967187	0.375639	-0.924291	0.067691	0.904332	0.349594	-0.244881
29757	9.458849	0.684983	-2.377504	-0.022568	-0.003265	0.003879	0.202918	0.153211	0.967135	0.375244	-0.924449	0.067718	0.904443	0.349170	-0.245079
29758	9.456046	0.688376	-2.419762	-0.021873	-0.003716	0.002072	0.202937	0.153223	0.967129	0.375024	-0.924534	0.067782	0.904529	0.348942	-0.245085
29759	9.474798	0.696380	-2.406525	-0.020109	-0.005104	0.000831	0.202828	0.153309	0.967139	0.374823	-0.924602	0.067959	0.904637	0.348722	-0.244999
29760	9.436365	0.660717	-2.421290	-0.014194	-0.005460	-0.002253	0.202846	0.153368	0.967125	0.374682	-0.924653	0.068046	0.904692	0.348561	-0.245026
29761	9.455738	0.689472	-2.420653	-0.006761	-0.001082	0.002479	0.202835	0.153383	0.967126	0.374704	-0.924643	0.068059	0.904685	0.348581	-0.245023
29762	9.456286	0.710477	-2.433460	-0.003606	-0.003376	-0.002385	0.202833	0.153435	0.967118	0.374659	-0.924657	0.068122	0.904704	0.348522	-0.245037
29763	9.459494	0.728580	-2.404444	-0.002687	-0.006203	-0.004235	0.203024	0.153562	0.967057	0.374458	-0.924730	0.068227	0.904744	0.348271	-0.245245
29764	9.440515	0.721263	-2.418358	-0.004301	-0.002923	-0.000574	0.203026	0.153597	0.967051	0.374403	-0.924749	0.068274	0.904767	0.348205	-0.245255
29765	9.478165	0.736760	-2.391476	-0.011657	-0.001146	-0.000432	0.202893	0.153751	0.967055	0.374006	-0.924887	0.068578	0.904960	0.347771	-0.245157
29766	9.447090	0.757398	-2.359731	-0.025701	-0.004713	-0.000263	0.202912	0.153789	0.967045	0.373756	-0.924981	0.068676	0.905060	0.347503	-0.245170
29767	9.455193	0.691626	-2.422168	-0.019637	-0.003177	-0.000931	0.202876	0.153937	0.967029	0.373358	-0.925122	0.068938	0.905232	0.347062	-0.245158
29768	9.424051	0.712214	-2.390701	-0.013599	-0.008315	0.000090	0.202928	0.153985	0.967010	0.373215	-0.925175	0.069004	0.905279	0.346900	-0.245214
29769	9.438812	0.681448	-2.394536	-0.008452	-0.003955	0.001270	0.203083	0.154014	0.966973	0.372971	-0.925271	0.069040	0.905345	0.346633	-0.245349
29770	9.442597	0.720149	-2.378315	-0.001024	-0.009997	-0.001333	0.203146	0.154081	0.966949	0.372945	-0.925277	0.069089	0.905342	0.346584	-0.245430
29771	9.454482	0.692774	-2.424616	-0.001770	-0.009025	-0.006085	0.203305	0.154310	0.966879	0.372572	-0.925409	0.069351	0.905460	0.346132	-0.245632
29772	9.439297	0.724158	-2.422244	0.003350	-0.011337	-0.003216	0.203374	0.154400	0.966850	0.372588	-0.925398	0.069408	0.905438	0.346121	-0.245729
29773	9.489460	0.732844	-2.454235	-0.009226	-0.009654	-0.001790	0.203267	0.154479	0.966860	0.372701	-0.925346	0.069492	0.905415	0.346225	-0.245667
29774	9.448734	0.721296	-2.524058	-0.013973	-0.007827	-0.002281	0.203306	0.154548	0.966841	0.372559	-0.925396	0.069582	0.905465	0.346059	-0.245717
29775	9.466228	0.687673	-2.485906	0.001462	-0.005165	-0.006078	0.203348	0.154681	0.966811	0.372533	-0.925398	0.069701	0.905466	0.345995	-0.245802
29776	9.443913	0.662514	-2.529163	0.008202	-0.000342	0.000457	0.203330	0.154700	0.966812	0.372586	-0.925376	0.069711	0.905448	0.346046	-0.245796
29777	9.432327	0.711376	-2.496464	0.009539	-0.000724	-0.009727	0.203228	0.154729	0.966828	0.372886	-0.925256	0.069694	0.905347	0.346353	-0.245734
29778	9.461043	0.715980	-2.583147	0.012994	0.000762	-0.009760	0.203162	0.154837	0.966825	0.373004	-0.925201	0.069790	0.905314	0.346451	-0.245721
29779	9.479377	0.703233	-2.556681	0.009020	0.008287	-0.007191	0.203021	0.155007	0.966827	0.372915	-0.925219	0.070029	0.905382	0.346327	-0.245643
29780	9.456820	0.657532	-2.586000	0.016874	0.015105	-0.010798	0.202821	0.155076	0.966858	0.373069	-0.925149	0.070126	0.905363	0.346482	-0.245494
29781	9.456583	0.636971	-2.572036	0.035664	0.016854	-0.010472	0.202761	0.155181	0.966854	0.373181	-0.925098	0.070218	0.905331	0.346574	-0.245485
29782	9.453074	0.598514	-2.587291	0.041131	0.021255	-0.013472	0.202496	0.155254	0.966898	0.373560	-0.924940	0.070282	0.905234	0.346962	-0.245293
29783	9.436512	0.710338	-2.448366	0.090089	0.028820	-0.018878	0.202103	0.155426	0.966952	0.374365	-0.924607	0.070374	0.904989	0.347770	-0.245053
29784	9.402239	0.856049	-2.348250	0.070279	0.027504	-0.013191	0.201783	0.155474	0.967012	0.375007	-0.924348	0.070364	0.904795	0.348438	-0.244821
29785	9.476513	0.931555	-2.359649	0.026787	0.024337	-0.010792	0.201693	0.155523	0.967023	0.375136	-0.924292	0.070408	0.904761	0.348564	-0.244765
29786	9.476447	0.911293	-2.344668	-0.009648	0.026029	-0.006057	0.201413	0.155510	0.967083	0.375040	-0.924322	0.070525	0.904863	0.348491	-0.244493
29787	9.477920	0.846659	-2.262092	-0.038651	0.021686	-0.003906	0.201068	0.155593	0.967141	0.374681	-0.924444	0.070828	0.905089	0.348129	-0.244174
29788	9.451147	0.742102	-2.294397	-0.051027	0.014312	-0.000841	0.200913	0.155573	0.967177	0.374200	-0.924626	0.070996	0.905322	0.347654	-0.243985
29789	9.416492	0.724772	-2.277792	-0.042602	0.011613	-0.000397	0.200792	0.155591	0.967199	0.373799	-0.924776	0.071165	0.905515	0.347248	-0.243848
29790	9.393992	0.679463	-2.307020	-0.030645	0.006133	-0.002441	0.200706	0.155614	0.967213	0.373505	-0.924884	0.071299	0.905655	0.346949	-0.243752
29791	9.431099	0.674799	-2.266837	-0.016078	0.000700	-0.005126	0.200394	0.155657	0.967271	0.373675	-0.924807	0.071407	0.905654	0.347136	-0.243491
29792	9.484225	0.680515	-2.255774	-0.000620	-0.003814	-0.000647	0.200403	0.155698	0.967263	0.373651	-0.924814	0.071450	0.905662	0.347099	-0.243512
29793	9.500290	0.691015	-2.284676	-0.003880	-0.003932	0.008357	0.200656	0.155675	0.967214	0.373300	-0.924957	0.071430	0.905751	0.346728	-0.243711
29794	9.547293	0.681181	-2.346018	0.015837	-0.015421	-0.000474	0.200771	0.155755	0.967177	0.373423	-0.924907	0.071431	0.905674	0.346825	-0.243857
29795	9.505491	0.791203	-2.307906	0.010463	-0.006990	0.005709	0.200926	0.155782	0.967140	0.373298	-0.924957	0.071434	0.905692	0.346679	-0.244001
29796	9.493333	0.761043	-2.451927	0.010587	-0.011772	0.009815	0.201047	0.155755	0.967120	0.373353	-0.924942	0.071349	0.905642	0.346733	-0.244108
29797	9.466636	0.839423	-2.416760	0.003998	-0.004295	0.013015	0.200987	0.155725	0.967137	0.373412	-0.924920	0.071327	0.905631	0.346805	-0.244046
29798	9.412838	0.811865	-2.415820	0.004594	-0.007154	0.015352	0.201086	0.155631	0.967132	0.373401	-0.924933	0.071203	0.905614	0.346810	-0.244104
29799	9.429479	0.842017	-2.457802	0.003749	-0.008591	0.014747	0.201190	0.155528	0.967126	0.373466	-0.924919	0.071049	0.905564	0.346894	-0.244169
29800	9.478740	0.807026	-2.464115	0.003674	-0.004325	0.017203	0.201270	0.155406	0.967129	0.373443	-0.924939	0.070909	0.905555	0.346896	-0.244198
29801	9.458802	0.755551	-2.452647	0.012173	-0.000877	0.022507	0.201254	0.155253	0.967157	0.373588	-0.924894	0.070730	0.905499	0.347084	-0.244139
29802	9.465571	0.788645	-2.394029	0.013937	-0.002264	0.021268	0.201330	0.155086	0.967168	0.373651	-0.924885	0.070525	0.905456	0.347184	-0.244155
29803	9.468417	0.782942	-2.352287	0.004242	-0.003424	0.028567	0.201419	0.154924	0.967176	0.373489	-0.924961	0.070381	0.905504	0.347053	-0.244167
29804	9.415365	0.775202	-2.363667	-0.009551	-0.002698	0.026993	0.201521	0.154706	0.967189	0.373327	-0.925042	0.070179	0.905548	0.346935	-0.244171
29805	9.431639	0.783738	-2.392376	-0.029734	-0.003533	0.030275	0.201538	0.154513	0.967217	0.373116	-0.925137	0.070045	0.905630	0.346768	-0.244102
29806	9.464214	0.716712	-2.357115	-0.037864	-0.007453	0.027358	0.201684	0.154309	0.967219	0.372697	-0.925316	0.069909	0.905771	0.346380	-0.244132
29807	9.464215	0.714935	-2.357652	-0.033119	-0.009274	0.027865	0.201982	0.154150	0.967182	0.372183	-0.925532	0.069786	0.905916	0.345873	-0.244313
29808	9.483689	0.741448	-2.357418	-0.035358	-0.009798	0.030889	0.202163	0.153921	0.967181	0.371779	-0.925708	0.069610	0.906041	0.345505	-0.244368
29809	9.477623	0.724865	-2.429485	-0.043409	-0.007552	0.032855	0.202256	0.153684	0.967199	0.371283	-0.925916	0.069484	0.906224	0.345051	-0.244332
29810	9.456697	0.739611	-2.498130	-0.037171	-0.007877	0.025585	0.202399	0.153498	0.967199	0.370873	-0.926090	0.069364	0.906360	0.344669	-0.244367
29811	9.453408	0.719653	-2.527921	-0.012807	-0.002803	0.036048	0.202651	0.153191	0.967194	0.370638	-0.926208	0.069042	0.906399	0.344488	-0.244475
29812	9.436732	0.684973	-2.487183	0.002920	-0.006801	0.029755	0.202800	0.152962	0.967200	0.370583	-0.926249	0.068783	0.906389	0.344479	-0.244528
29813	9.477983	0.714594	-2.431121	0.014512	-0.001407	0.032650	0.203017	0.152720	0.967192	0.370531	-0.926292	0.068486	0.906361	0.344471	-0.244640
29814	9.482278	0.749438	-2.414491	0.018712	-0.000892	0.037383	0.203141	0.152400	0.967217	0.370604	-0.926290	0.068115	0.906304	0.344617	-0.244647
29815	9.470504	0.773325	-2.369178	0.006139	0.000820	0.038815	0.203198	0.152114	0.967250	0.370675	-0.926284	0.067801	0.906262	0.344759	-0.244604
29816	9.458726	0.797661	-2.323826	-0.015420	-0.002811	0.036714	0.203336	0.151806	0.967269	0.370440	-0.926399	0.067519	0.906327	0.344586	-0.244606
29817	9.434601	0.706627	-2.329010	-0.035451	-0.001699	0.042450	0.203783	0.151471	0.967228	0.369866	-0.926652	0.067190	0.906461	0.344053	-0.244859
29818	9.410407	0.702859	-2.426869	-0.037830	-0.007860	0.034020	0.203958	0.151206	0.967232	0.369433	-0.926840	0.066990	0.906598	0.343664	-0.244897
29819	9.423785	0.627725	-2.405533	-0.037831	-0.007852	0.034031	0.204224	0.151009	0.967207	0.368819	-0.927093	0.066870	0.906788	0.343068	-0.245030
29820	9.426487	0.621824	-2.364284	-0.008640	-0.012679	0.033477	0.204442	0.150766	0.967199	0.368650	-0.927179	0.066604	0.906808	0.342941	-0.245134
29821	9.460780	0.616184	-2.367692	-0.008007	-0.008865	0.034133	0.204560	0.150554	0.967207	0.368651	-0.927196	0.066358	0.906781	0.342988	-0.245169
29822	9.460766	0.613221	-2.368518	-0.002093	-0.009241	0.031038	0.204737	0.150322	0.967205	0.368547	-0.927256	0.066099	0.906783	0.342927	-0.245244
29823	9.481798	0.680334	-2.393791	0.023899	-0.011263	0.028776	0.205216	0.150137	0.967132	0.368326	-0.927365	0.065809	0.906765	0.342715	-0.245610
29824	9.447560	0.767137	-2.484880	-0.004537	-0.011133	0.025065	0.205390	0.149967	0.967122	0.368211	-0.927424	0.065614	0.906772	0.342628	-0.245703
29825	9.460123	0.758265	-2.543927	-0.028556	-0.012870	0.026046	0.205362	0.149902	0.967138	0.367812	-0.927579	0.065669	0.906940	0.342239	-0.245625
29826	9.401210	0.671316	-2.547063	-0.037300	0.000793	0.030619	0.205447	0.149640	0.967161	0.367388	-0.927758	0.065502	0.907093	0.341866	-0.245581
29827	9.397139	0.630944	-2.563810	-0.033783	-0.001997	0.028124	0.205472	0.149500	0.967177	0.366912	-0.927948	0.065488	0.907280	0.341413	-0.245521
29828	9.447111	0.616343	-2.581840	-0.038099	0.006041	0.028341	0.205500	0.149242	0.967211	0.366485	-0.928127	0.065345	0.907446	0.341040	-0.245425
29829	9.456697	0.590442	-2.668171	-0.045396	0.014531	0.026822	0.205534	0.149002	0.967240	0.365853	-0.928381	0.065274	0.907693	0.340452	-0.245327
29830	9.525339	0.563245	-2.658062	-0.054443	0.031609	0.018293	0.205293	0.148750	0.967330	0.365298	-0.928600	0.065268	0.907971	0.339965	-0.244973
29831	9.553892	0.684904	-2.403746	-0.206595	0.067155	0.003113	0.204950	0.148470	0.967446	0.363230	-0.929382	0.065679	0.908878	0.337945	-0.244406
29832	9.401435	0.458484	-2.843751	-0.323536	0.085170	0.003509	0.204169	0.148175	0.967656	0.360257	-0.930482	0.066471	0.910236	0.335034	-0.243357
29833	9.414321	0.639369	-2.635209	-0.183661	0.099206	-0.004543	0.203238	0.147931	0.967890	0.358486	-0.931125	0.067037	0.911143	0.333350	-0.242271
29834	9.339061	1.071995	-2.481772	-0.306351	0.108184	0.007338	0.202258	0.147528	0.968157	0.355654	-0.932159	0.067743	0.912470	0.330627	-0.241006
29835	9.406807	1.232382	-2.201430	-0.500566	0.116482	0.023610	0.201287	0.146957	0.968446	0.350902	-0.933883	0.068779	0.914522	0.325986	-0.239547
29836	9.432600	1.094726	-2.440666	-0.736314	0.106475	0.034946	0.200415	0.146312	0.968724	0.344065	-0.936315	0.070236	0.917308	0.319228	-0.237992
29837	9.529637	0.741551	-2.665598	-0.586372	0.124045	0.045185	0.199455	0.145600	0.969029	0.338426	-0.938286	0.071323	0.919611	0.313719	-0.236421
29838	9.561826	1.067130	-2.332010	-0.497485	0.123187	0.050157	0.198471	0.144772	0.969356	0.333723	-0.939914	0.072046	0.921541	0.309197	-0.234860
29839	9.485283	0.869272	-2.491394	-0.580324	0.101332	0.064904	0.197788	0.143895	0.969626	0.328135	-0.941819	0.072834	0.923692	0.303762	-0.233498
29840	9.491781	0.587820	-2.341310	-0.464426	0.116779	0.066961	0.196909	0.142938	0.969946	0.323684	-0.943321	0.073303	0.925449	0.299522	-0.232015
29841	9.380561	0.786477	-2.183702	-0.474192	0.097598	0.062603	0.196226	0.142215	0.970191	0.319008	-0.944860	0.073981	0.927216	0.294982	-0.230773
29842	9.401120	0.569088	-2.429274	-0.404676	0.090625	0.065714	0.195575	0.141355	0.970448	0.315099	-0.946145	0.074313	0.928689	0.291254	-0.229583
29843	9.402228	0.567501	-2.162669	-0.217566	0.096463	0.065045	0.195011	0.140522	0.970682	0.312748	-0.946930	0.074252	0.929602	0.289099	-0.228610
29844	9.459943	0.847782	-2.188565	-0.139318	0.084202	0.060761	0.194401	0.139731	0.970919	0.311308	-0.947422	0.074018	0.930213	0.287866	-0.227679
29845	9.481107	0.900052	-2.229869	-0.098449	0.083885	0.062467	0.193949	0.138885	0.971131	0.310146	-0.947835	0.073612	0.930695	0.286916	-0.226906
29846	9.555160	0.856932	-2.130779	-0.068291	0.074954	0.065859	0.193439	0.138073	0.971348	0.309358	-0.948127	0.073165	0.931063	0.286341	-0.226118
29847	9.547762	0.803884	-2.215652	-0.005904	0.059932	0.069611	0.192906	0.137312	0.971562	0.309251	-0.948205	0.072608	0.931209	0.286450	-0.225379
29848	9.560129	0.865482	-2.130067	0.058273	0.054435	0.073220	0.192609	0.136489	0.971737	0.309627	-0.948143	0.071803	0.931146	0.287046	-0.224881
29849	9.555863	0.874293	-2.251690	0.082387	0.039835	0.074705	0.192552	0.135725	0.971855	0.310033	-0.948073	0.070978	0.931023	0.287641	-0.224632
29850	9.572984	0.854841	-2.265410	0.132216	0.032834	0.085442	0.192494	0.134848	0.971989	0.311074	-0.947812	0.069888	0.930687	0.288908	-0.224396
29851	9.568466	0.735030	-2.206726	0.162220	0.032356	0.094234	0.192544	0.133912	0.972108	0.312167	-0.947540	0.068697	0.930311	0.290233	-0.224246
29852	9.543624	0.750528	-2.100863	0.261686	0.022857	0.096324	0.192617	0.132960	0.972224	0.314390	-0.946912	0.067211	0.929547	0.292712	-0.224192
29853	9.531780	0.877075	-1.940007	0.322543	0.008933	0.104463	0.192957	0.132143	0.972268	0.316703	-0.946243	0.065753	0.928691	0.295233	-0.224434
29854	9.507673	1.028603	-1.734760	0.326867	0.001666	0.120164	0.193307	0.131030	0.972350	0.319479	-0.945437	0.063889	0.927667	0.298295	-0.224621
29855	9.469656	1.019007	-1.522956	0.333088	-0.020335	0.133354	0.193979	0.129889	0.972369	0.321978	-0.944717	0.061963	0.926662	0.301062	-0.225077
29856	9.428034	0.919264	-1.224917	0.321413	-0.050655	0.141852	0.194891	0.128731	0.972340	0.324653	-0.943935	0.059899	0.925537	0.303999	-0.225757
29857	9.362688	0.776517	-0.962261	0.322581	-0.094439	0.150103	0.196270	0.127777	0.972189	0.327088	-0.943216	0.057935	0.924387	0.306620	-0.226919
29858	9.317215	0.663031	-0.701109	0.348260	-0.150168	0.152012	0.198140	0.126835	0.971933	0.329978	-0.942344	0.055704	0.922960	0.309679	-0.228569
29859	9.273891	0.619858	-0.523020	0.366002	-0.225224	0.150006	0.200826	0.126231	0.971460	0.332647	-0.941528	0.053575	0.921420	0.312394	-0.231074
29860	9.289002	0.619413	-0.321419	0.379608	-0.294343	0.148713	0.204016	0.125785	0.970853	0.335813	-0.940531	0.051288	0.919569	0.315562	-0.234124
29861	9.317267	0.521413	-0.052535	0.371196	-0.370744	0.147465	0.207872	0.125637	0.970054	0.338955	-0.939523	0.049048	0.917550	0.318609	-0.237886
29862	9.318775	0.349055	0.415946	0.353335	-0.460636	0.142261	0.212562	0.125804	0.969015	0.341868	-0.938579	0.046860	0.915393	0.321314	-0.242515
29863	9.357691	0.110021	0.952491	0.414242	-0.570100	0.136726	0.218325	0.126393	0.967656	0.344848	-0.937595	0.044661	0.912915	0.323944	-0.248287
29864	9.336150	0.262861	1.646875	0.499442	-0.704557	0.131943	0.225187	0.127482	0.965939	0.349080	-0.936144	0.042170	0.909634	0.327694	-0.255309
29865	9.464473	0.437354	2.075213	0.487578	-0.873515	0.131374	0.233503	0.129225	0.963731	0.352957	-0.934792	0.039826	0.906034	0.330856	-0.263887
29866	9.403641	0.420697	2.428703	0.408168	-1.038675	0.142179	0.243382	0.131375	0.960992	0.356282	-0.933630	0.037402	0.902125	0.333281	-0.274035
29867	9.159563	0.381582	2.428544	0.339741	-1.248282	0.129116	0.255058	0.134269	0.957558	0.358594	-0.932826	0.035285	0.897973	0.334375	-0.286073
29868	9.354154	0.514540	2.209667	0.240006	-1.472699	0.110181	0.268628	0.138197	0.953279	0.360430	-0.932182	0.033572	0.893269	0.334572	-0.300221
29869	9.836827	0.460882	1.402450	0.008075	-1.673640	0.105029	0.283840	0.142749	0.948186	0.359824	-0.932448	0.032666	0.888798	0.331909	-0.316031
29870	10.543873	0.297879	0.304536	0.209955	-1.829291	0.098133	0.300381	0.147929	0.942278	0.361373	-0.931902	0.031101	0.882712	0.331172	-0.333384
29871	11.470347	0.946378	-0.113372	0.416308	-1.928119	0.094604	0.317592	0.153248	0.935762	0.364207	-0.930871	0.028838	0.875493	0.331652	-0.351452
29872	12.967341	1.111056	-0.290314	0.394116	-1.984979	0.081999	0.335177	0.159104	0.928624	0.367352	-0.929699	0.026696	0.867588	0.332183	-0.370060
29873	15.183538	0.907115	0.989313	0.351114	-1.918701	0.118882	0.351993	0.164303	0.921469	0.369502	-0.928907	0.024482	0.859982	0.331867	-0.387679
29874	14.766453	-0.166295	0.083604	0.158368	-1.999743	0.099258	0.369464	0.170028	0.913557	0.370478	-0.928557	0.022990	0.852199	0.329959	-0.406060
29875	13.555628	0.397521	0.249890	0.579148	-2.023104	0.013911	0.386569	0.176436	0.905226	0.374759	-0.926893	0.020622	0.842686	0.331270	-0.424429
29876	13.271785	1.775130	-0.542247	0.351414	-2.186948	-0.031047	0.404757	0.183991	0.895723	0.377805	-0.925681	0.019423	0.832728	0.330547	-0.444188
29877	13.133773	1.994695	-2.610160	-0.182539	-2.191706	-0.050557	0.422457	0.191550	0.885912	0.376081	-0.926350	0.020955	0.824678	0.324322	-0.463381
29878	12.263641	1.346667	-4.277963	-0.298411	-2.032487	-0.109276	0.438715	0.199116	0.876289	0.374082	-0.927101	0.023377	0.817063	0.317548	-0.481218
29879	11.080947	1.616790	-4.996966	-0.391089	-1.933186	-0.253343	0.453369	0.207274	0.866888	0.371251	-0.928118	0.027755	0.810326	0.309250	-0.497730
29880	10.885424	1.348245	-5.242894	-0.564253	-1.812211	-0.394447	0.466523	0.216489	0.857607	0.368492	-0.929007	0.034060	0.804096	0.300131	-0.513177
29881	10.879612	0.421986	-4.445464	-0.759382	-1.509495	-0.453421	0.476895	0.224790	0.849730	0.363610	-0.930599	0.042114	0.800224	0.288886	-0.525534
29882	10.448683	-0.775554	-5.105900	-0.530576	-1.257334	-0.482818	0.485164	0.232898	0.842837	0.361679	-0.931011	0.049069	0.796118	0.281030	-0.535927
29883	10.319075	-0.374279	-4.361024	-0.090140	-1.003879	-0.481647	0.491266	0.239757	0.837362	0.362340	-0.930489	0.053843	0.792065	0.276959	-0.543991
29884	10.660686	0.358922	-2.394642	-0.221585	-0.684502	-0.424564	0.495123	0.245621	0.833381	0.362663	-0.930073	0.058655	0.789512	0.273195	-0.549578
29885	11.161329	0.809202	-1.909499	-0.539398	-0.276811	-0.379115	0.495702	0.249506	0.831881	0.359457	-0.930894	0.065010	0.790614	0.266800	-0.551133
29886	10.568133	1.551895	-2.231449	-0.931825	0.154490	-0.379876	0.493105	0.252670	0.832469	0.353929	-0.932391	0.073352	0.794721	0.258465	-0.549195
29887	9.204460	1.726210	-2.741803	-1.623755	0.494890	-0.351861	0.487843	0.254285	0.835074	0.341726	-0.935915	0.085358	0.803264	0.243725	-0.543476
29888	8.544129	0.683375	-3.173200	-2.046834	0.773067	-0.287572	0.480615	0.255196	0.838978	0.326546	-0.939997	0.098860	0.813865	0.226452	-0.535110
29889	8.720667	-0.656981	-3.250667	-2.108709	1.098178	-0.185644	0.470926	0.254095	0.844786	0.309293	-0.944391	0.111639	0.826176	0.208713	-0.523329
29890	9.208127	-1.855527	-3.473218	-1.862160	1.459999	-0.065857	0.458559	0.251805	0.852243	0.294074	-0.947982	0.121862	0.838597	0.194741	-0.508755
29891	9.194542	-2.810032	-3.672821	-1.295037	1.867739	0.024216	0.442711	0.247593	0.861803	0.282322	-0.950727	0.128111	0.851059	0.186590	-0.490799
29892	8.795947	-2.965676	-3.422078	-0.581320	2.222429	0.100165	0.423936	0.242526	0.872616	0.276881	-0.952057	0.130090	0.862331	0.186461	-0.470763
29893	8.496190	-2.663219	-3.286017	-0.015484	2.518977	0.175629	0.402346	0.235760	0.884610	0.275488	-0.952664	0.128598	0.873055	0.191959	-0.448249
29894	8.559596	-2.121947	-3.115476	0.468480	2.763979	0.248812	0.378756	0.227965	0.896981	0.278599	-0.952318	0.124389	0.882568	0.202785	-0.424207
29895	8.832354	-1.236274	-2.884030	0.735889	2.987159	0.320651	0.352899	0.218345	0.909828	0.283437	-0.951648	0.118444	0.891698	0.216080	-0.397723
29896	8.953794	-0.525167	-3.102442	0.737115	3.209406	0.416764	0.325314	0.207254	0.922614	0.288596	-0.950896	0.111848	0.900491	0.229877	-0.369152
29897	8.911020	-0.053396	-2.925350	0.683071	3.402679	0.470654	0.295563	0.194514	0.935311	0.293227	-0.950264	0.104962	0.909209	0.243235	-0.337900
29898	8.713079	0.617636	-3.369208	0.321031	3.529044	0.539432	0.264885	0.180662	0.947205	0.294612	-0.950485	0.098899	0.918172	0.252861	-0.304995
29899	8.288248	0.802775	-4.121868	0.275358	3.525402	0.658007	0.234043	0.165105	0.958104	0.295275	-0.950997	0.091751	0.926303	0.261430	-0.271325
29900	8.196551	1.135091	-3.337115	0.111444	3.533449	0.729569	0.203314	0.148838	0.967735	0.294676	-0.951855	0.084486	0.933718	0.267991	-0.237384
29901	9.315045	0.778072	-3.093274	-0.175920	3.516222	0.832529	0.172435	0.131231	0.976240	0.291593	-0.953465	0.076665	0.940872	0.271445	-0.202677
29902	9.885346	0.469693	-2.981474	-0.268141	3.620295	0.925722	0.140917	0.112562	0.983602	0.287568	-0.955334	0.068129	0.947337	0.273252	-0.166992
29903	9.618702	0.800103	-2.850564	-0.406745	3.678722	0.973178	0.108442	0.092965	0.989746	0.282535	-0.957442	0.058975	0.953108	0.273243	-0.130093
29904	9.329076	1.175516	-3.003602	-0.666206	3.674452	1.001261	0.076096	0.073413	0.994394	0.275198	-0.960096	0.049822	0.958371	0.269864	-0.093262
29905	9.108157	1.294740	-3.157965	-0.833892	3.631195	1.027953	0.043791	0.053614	0.997601	0.266570	-0.962983	0.040053	0.962820	0.264177	-0.056462
29906	9.218512	1.334586	-3.349490	-0.937961	3.538274	1.069670	0.012444	0.034110	0.999341	0.257173	-0.965907	0.029766	0.966285	0.256633	-0.020792
29907	9.624187	1.323871	-3.168707	-0.968197	3.473042	1.122071	-0.018624	0.014213	0.999726	0.248088	-0.968563	0.018391	0.968558	0.248363	0.014512
29908	9.675820	0.847614	-2.894377	-1.153205	3.453830	1.173640	-0.049275	-0.005532	0.998770	0.237256	-0.971426	0.006324	0.970197	0.237276	0.049180
29909	9.332516	0.076337	-2.535076	-1.346224	3.443370	1.193486	-0.080128	-0.025345	0.996462	0.225060	-0.974322	-0.006685	0.971045	0.223728	0.083774
29910	8.356925	-1.008010	-2.593370	-1.015269	3.315090	1.129579	-0.109829	-0.043568	0.992995	0.216225	-0.976160	-0.018914	0.970146	0.212633	0.116632
29911	8.055100	-0.943885	-1.911514	-0.449113	3.061735	0.994611	-0.137614	-0.059967	0.988669	0.213201	-0.976561	-0.029557	0.967268	0.206718	0.147173
29912	7.837861	-0.378020	-1.589490	-0.106322	2.771687	0.833137	-0.162608	-0.073763	0.983930	0.213372	-0.976235	-0.037924	0.963344	0.203776	0.174483
29913	7.468394	0.097945	-1.431059	0.274350	2.417772	0.626427	-0.184693	-0.085060	0.979108	0.217091	-0.975170	-0.043768	0.958520	0.204472	0.198572
29914	7.121413	0.588826	-0.437644	0.634851	2.024342	0.364544	-0.203254	-0.092769	0.974721	0.223812	-0.973547	-0.045986	0.953203	0.208807	0.218640
29915	6.701180	1.077824	0.053160	0.830530	1.521570	0.099832	-0.217669	-0.097122	0.971178	0.231793	-0.971713	-0.045223	0.948099	0.215269	0.234024
29916	6.476111	1.627652	-0.041871	0.957097	0.958125	-0.135232	-0.227067	-0.097885	0.968947	0.240491	-0.969759	-0.041609	0.943718	0.223575	0.243741
29917	6.228069	2.122898	-0.085248	1.001875	0.387852	-0.310370	-0.231655	-0.095848	0.968065	0.249066	-0.967809	-0.036222	0.940373	0.232721	0.248071
29918	5.801419	1.989583	-0.499076	0.935234	-0.224163	-0.452679	-0.230710	-0.090913	0.968766	0.256750	-0.966027	-0.029511	0.938537	0.241923	0.246214
29919	5.343514	1.120517	-1.647873	1.030132	-0.827338	-0.626962	-0.224745	-0.082876	0.970887	0.264851	-0.964061	-0.020984	0.937733	0.252425	0.238618
29920	5.074700	0.977757	-2.541609	1.532020	-1.386898	-0.836206	-0.214030	-0.071192	0.974229	0.277321	-0.960733	-0.009281	0.936635	0.268188	0.225369
29921	5.162827	1.905394	-3.820670	1.872089	-1.946928	-1.042777	-0.198919	-0.055836	0.978424	0.292570	-0.956231	0.004912	0.935326	0.287235	0.206549
29922	5.724604	3.181779	-5.013474	1.910156	-2.374290	-1.198813	-0.180342	-0.037328	0.982895	0.308099	-0.951135	0.020408	0.934105	0.306510	0.183031
29923	8.251285	3.847793	-2.035878	2.021218	-2.438675	-1.284996	-0.161762	-0.017445	0.986676	0.324664	-0.945124	0.036517	0.931894	0.326246	0.158549
29924	13.555470	3.765000	6.095881	1.205972	-1.778526	-1.023036	-0.148587	-0.001867	0.988898	0.334256	-0.941236	0.048447	0.930696	0.337744	0.140479
29925	21.478309	0.657824	9.386296	0.397647	-1.088505	-0.406727	-0.139937	0.005662	0.990144	0.337298	-0.939902	0.053045	0.930939	0.341396	0.129618
29926	26.901820	2.593016	7.334341	-1.745669	-0.186230	0.141716	-0.137749	0.004970	0.990455	0.321138	-0.945743	0.049409	0.936961	0.324879	0.128680
29927	13.762348	6.817145	1.274712	-3.859665	-0.095647	0.273900	-0.136159	0.002651	0.990683	0.285030	-0.957609	0.041737	0.948798	0.288058	0.129632
29928	3.067963	4.681481	5.407711	-5.498911	-0.734956	0.500759	-0.127847	-0.000234	0.991794	0.233032	-0.972012	0.029810	0.964028	0.234931	0.124324
29929	5.273061	-6.003851	-2.906651	-6.892836	-1.925528	0.587812	-0.108098	-0.002079	0.994138	0.166641	-0.985887	0.016058	0.980074	0.167400	0.106919
29930	14.071354	-11.186938	-8.049197	-3.329541	-2.347931	-0.387088	-0.085592	0.005318	0.996316	0.133455	-0.990913	0.016754	0.987352	0.134397	0.084105
29931	14.340673	-9.643789	-5.320955	-1.321744	-2.051911	-0.393485	-0.065909	0.011812	0.997756	0.119979	-0.992581	0.019677	0.990586	0.121007	0.064003
29932	10.108766	-7.918361	-3.893574	0.547831	-1.644235	-0.813063	-0.050627	0.021938	0.998477	0.124880	-0.991773	0.028123	0.990879	0.126114	0.047471
29933	6.871940	-0.633638	-0.635704	1.814421	-1.323489	-1.202990	-0.039206	0.035536	0.998599	0.142140	-0.989006	0.040776	0.989070	0.143540	0.033724
29934	5.973203	4.271467	-0.730523	1.819948	-1.393607	-1.281625	-0.027385	0.050339	0.998357	0.159642	-0.985693	0.054079	0.986795	0.160861	0.018957
29935	6.232581	6.349280	-2.225987	1.129037	-1.667095	-1.014665	-0.012685	0.063001	0.997933	0.170421	-0.983275	0.064242	0.985290	0.170884	0.001736
29936	9.579975	5.950162	-3.828879	0.061432	-1.820934	-1.031938	0.003481	0.076275	0.997081	0.170927	-0.982459	0.074560	0.985278	0.170169	-0.016458
29937	13.108798	3.617280	-5.320535	-0.425463	-1.540774	-0.691341	0.017445	0.085616	0.996175	0.166705	-0.982630	0.081533	0.985853	0.164645	-0.031415
29938	11.461548	1.205025	-4.873016	-0.092169	-1.114092	-0.477482	0.027620	0.092157	0.995361	0.165853	-0.982363	0.086351	0.985764	0.162698	-0.042417
29939	8.814311	0.077053	-3.688922	0.332774	-0.950355	-0.533040	0.036067	0.098940	0.994440	0.169219	-0.981322	0.091497	0.984918	0.164978	-0.052136
29940	8.429799	-0.090895	-3.336334	0.923982	-1.025837	-0.585402	0.045128	0.106437	0.993295	0.178498	-0.979166	0.096813	0.982905	0.172932	-0.063187
29941	9.643815	0.858814	-2.875797	1.353404	-1.035012	-0.564945	0.054226	0.113792	0.992024	0.191978	-0.976139	0.101476	0.979900	0.184944	-0.074778
29942	10.463775	2.974816	-2.915681	1.512628	-0.999410	-0.531302	0.062927	0.120910	0.990667	0.207035	-0.972622	0.105557	0.976308	0.198460	-0.086237
29943	10.316115	5.538450	-2.603454	0.923629	-0.931078	-0.530748	0.070869	0.127945	0.989246	0.216327	-0.970108	0.109972	0.973745	0.206207	-0.096429
29944	9.508284	6.569612	-2.246434	-0.252122	-0.938650	-0.368300	0.079201	0.133461	0.987884	0.214099	-0.970149	0.113900	0.973596	0.202484	-0.105410
29945	9.072961	5.475267	-2.760653	-1.326005	-0.973941	-0.202584	0.088259	0.137372	0.986580	0.201313	-0.972466	0.117397	0.975543	0.188250	-0.113484
29946	9.372442	3.996898	-2.946042	-1.849977	-0.951129	-0.067763	0.097406	0.139755	0.985383	0.183255	-0.975681	0.120264	0.978228	0.168862	-0.120648
29947	9.911434	2.409625	-3.169228	-2.065981	-0.913194	0.017408	0.106381	0.141125	0.984259	0.163005	-0.978960	0.122747	0.980873	0.147381	-0.127147
29948	10.368976	0.641110	-3.103203	-1.834047	-0.815474	0.058441	0.114464	0.141702	0.983269	0.144884	-0.981573	0.124591	0.982805	0.128199	-0.132885
29949	10.241743	-0.548442	-2.951144	-1.186841	-0.702910	0.004715	0.121394	0.142615	0.982306	0.133223	-0.983012	0.126253	0.983623	0.115539	-0.138332
29950	9.783462	-0.684032	-2.795874	-0.367495	-0.620318	-0.054377	0.127411	0.143878	0.981359	0.129628	-0.983352	0.127341	0.983343	0.110987	-0.143940
29951	9.085171	-0.434068	-2.125362	0.136153	-0.538731	-0.111548	0.132579	0.145675	0.980409	0.131121	-0.983025	0.128333	0.982461	0.111538	-0.149430
29952	8.889474	0.053152	-1.576070	0.569903	-0.553795	-0.165716	0.137781	0.147961	0.979349	0.136892	-0.982134	0.129123	0.980957	0.116275	-0.155574
29953	9.157307	0.823251	-1.217279	0.907456	-0.584175	-0.200690	0.143238	0.150705	0.978147	0.146054	-0.980735	0.129716	0.978852	0.124282	-0.162489
29954	9.462066	1.961204	-0.873863	0.909500	-0.603571	-0.198111	0.148827	0.153447	0.976885	0.155189	-0.979270	0.130179	0.976610	0.132228	-0.169555
29955	9.737650	2.905977	-0.610075	0.606125	-0.639559	-0.159707	0.154825	0.155932	0.975558	0.161325	-0.978202	0.130752	0.974681	0.137139	-0.176606
29956	9.730900	3.400204	-0.413403	0.061195	-0.680105	-0.105307	0.161266	0.157919	0.974194	0.162042	-0.977955	0.131705	0.973517	0.136620	-0.183300
29957	9.545913	2.963540	-0.508178	-0.523435	-0.733363	-0.074878	0.168304	0.159736	0.972707	0.157094	-0.978518	0.133508	0.973137	0.130337	-0.189782
29958	9.319897	2.155994	-0.703859	-0.850760	-0.779674	-0.063259	0.175781	0.161360	0.971115	0.148879	-0.979486	0.135803	0.973106	0.120707	-0.196198
29959	9.182081	1.211261	-1.016768	-0.950952	-0.845657	-0.060923	0.183920	0.163028	0.969327	0.139742	-0.980470	0.138388	0.972957	0.110004	-0.203110
29960	9.196271	0.270024	-1.345516	-0.803373	-0.889531	-0.070071	0.192464	0.164679	0.967387	0.132015	-0.981202	0.140766	0.972383	0.100617	-0.210586
29961	9.201638	-0.373718	-1.493021	-0.541708	-0.900934	-0.111657	0.201076	0.166759	0.965277	0.126986	-0.981526	0.143114	0.971310	0.093799	-0.218538
29962	9.215476	-0.493236	-1.774083	-0.146425	-0.912551	-0.179487	0.209693	0.169390	0.962983	0.125889	-0.981359	0.145210	0.969629	0.090779	-0.227108
29963	9.234197	0.189282	-1.777705	0.200553	-0.915261	-0.229314	0.218254	0.172547	0.960517	0.128294	-0.980776	0.147035	0.967422	0.091138	-0.236195
29964	9.292773	1.030703	-1.768673	0.339091	-0.952176	-0.264510	0.227096	0.176043	0.957829	0.132116	-0.980003	0.148795	0.964869	0.092754	-0.245813
29965	9.384860	1.631694	-1.404447	0.312738	-0.971373	-0.279758	0.236058	0.179723	0.954974	0.135711	-0.979214	0.150739	0.962216	0.094017	-0.255542
29966	9.269686	1.952196	-1.126984	0.300369	-1.009215	-0.271641	0.245368	0.183364	0.951931	0.139208	-0.978437	0.152587	0.959383	0.095076	-0.265603
29967	9.301272	2.546080	-0.891013	0.230643	-1.072632	-0.258829	0.255276	0.186996	0.948613	0.142061	-0.977725	0.154505	0.956375	0.095320	-0.276154
29968	9.441708	2.410040	-0.860077	-0.053801	-1.140619	-0.219728	0.265843	0.190243	0.945058	0.142078	-0.977361	0.156779	0.953489	0.092594	-0.286854
29969	9.470133	1.535486	-0.882740	-0.234869	-1.188130	-0.200142	0.276857	0.193361	0.941255	0.140383	-0.977174	0.159448	0.950601	0.087992	-0.297682
29970	9.393567	0.676158	-0.935849	-0.144502	-1.270238	-0.215555	0.288596	0.196587	0.937052	0.139581	-0.976877	0.161954	0.947222	0.084055	-0.309363
29971	9.431306	0.399964	-1.118642	0.037008	-1.345111	-0.265250	0.300902	0.200341	0.932374	0.140644	-0.976317	0.164394	0.943227	0.081666	-0.321952
29972	9.412782	0.403371	-1.000623	0.208775	-1.426745	-0.323774	0.313854	0.204687	0.927146	0.143564	-0.975490	0.166762	0.938555	0.080766	-0.335546
29973	9.338669	0.749726	-0.786471	0.378294	-1.523483	-0.375496	0.327531	0.209628	0.921292	0.148263	-0.974400	0.169003	0.933136	0.081239	-0.350226
29974	10.015305	1.141233	-0.295079	0.422716	-1.655657	-0.389393	0.342329	0.214798	0.914698	0.153460	-0.973227	0.171109	0.926963	0.081794	-0.366127
29975	10.730655	0.689795	-0.474420	0.246107	-1.790264	-0.338984	0.358292	0.219560	0.907425	0.156852	-0.972294	0.173323	0.920339	0.080231	-0.382803
29976	10.811496	0.758654	-0.276389	0.381058	-1.874446	-0.304034	0.374976	0.224041	0.899555	0.161423	-0.971313	0.174624	0.912872	0.079729	-0.400385
29977	10.765047	1.833408	0.324904	0.385113	-2.052797	-0.288082	0.393104	0.228460	0.890660	0.165908	-0.970367	0.175679	0.904403	0.078708	-0.419358
29978	11.138433	1.671577	0.402147	0.053437	-2.273860	-0.260745	0.413116	0.232752	0.880432	0.167405	-0.969722	0.177807	0.895159	0.073934	-0.439572
29979	11.806035	0.421733	0.263615	0.003301	-2.461705	-0.252734	0.434525	0.236937	0.868935	0.168422	-0.969134	0.180037	0.884772	0.068118	-0.461018
29980	12.757897	-0.691521	0.367014	0.305476	-2.638390	-0.264573	0.457244	0.241280	0.855986	0.172254	-0.968295	0.180924	0.872500	0.064720	-0.484309
29981	13.915139	-0.149002	0.822575	0.764848	-2.796440	-0.323115	0.480770	0.246108	0.841600	0.180184	-0.967049	0.179862	0.858134	0.065171	-0.509273
29982	15.007590	0.500738	0.624167	0.820231	-3.020836	-0.346211	0.505795	0.251455	0.825192	0.188833	-0.965648	0.178512	0.841732	0.065533	-0.535903
29983	16.339061	-0.342203	0.859532	0.663151	-3.169014	-0.332713	0.531455	0.256626	0.807278	0.195925	-0.964404	0.177592	0.824117	0.063784	-0.562817
29984	17.624050	-2.430389	1.508445	0.551785	-3.286993	-0.295384	0.557633	0.261544	0.787807	0.202002	-0.963291	0.176820	0.805134	0.060538	-0.589996
29985	17.981310	-4.757784	2.347404	0.719723	-3.332185	-0.401869	0.583180	0.267223	0.767133	0.209794	-0.961854	0.175565	0.784785	0.058554	-0.616996
29986	17.092315	-4.578750	3.260982	1.525271	-3.413799	-0.613932	0.608221	0.275238	0.744521	0.225219	-0.959250	0.170632	0.761146	0.063899	-0.645425
29987	16.230004	-2.640045	2.682288	1.864988	-3.656298	-0.793196	0.633564	0.285034	0.719272	0.243818	-0.955850	0.164022	0.734268	0.071453	-0.675089
29988	16.065516	-0.707221	1.245863	2.213951	-3.817182	-0.909290	0.658688	0.296651	0.691468	0.265597	-0.951509	0.155207	0.703980	0.081419	-0.705537
29989	15.796867	1.221561	-1.435416	2.644085	-3.952756	-0.946354	0.683097	0.308774	0.661844	0.289804	-0.946428	0.142432	0.670367	0.094511	-0.735987
29990	15.504456	3.370745	-3.227113	3.191789	-3.901811	-0.957854	0.705619	0.321870	0.631270	0.317255	-0.940104	0.124717	0.633602	0.112271	-0.765470
29991	14.898859	5.245084	-5.714981	3.154032	-3.558583	-0.848497	0.724607	0.333777	0.602940	0.342435	-0.933622	0.105302	0.598065	0.130165	-0.790806
29992	15.526357	6.880375	-5.317817	2.380185	-2.870715	-0.760057	0.738664	0.344790	0.579219	0.361872	-0.927795	0.090800	0.568704	0.142532	-0.810099
29993	15.302564	5.402358	-6.255380	0.519783	-2.130433	-0.515300	0.748579	0.352233	0.561748	0.368315	-0.925389	0.089436	0.551338	0.139951	-0.822460
29994	14.073774	1.265880	-8.903106	-0.076029	-1.551764	-0.302189	0.755915	0.357174	0.548652	0.370163	-0.924420	0.091801	0.539974	0.133697	-0.830996
29995	12.588532	-1.358889	-10.127834	1.604675	-1.285453	-0.240579	0.761719	0.360830	0.538132	0.380222	-0.921458	0.079659	0.524609	0.143932	-0.839088
29996	11.708314	1.282490	-11.504319	2.674553	-0.918343	-0.097484	0.766064	0.363167	0.530336	0.394758	-0.916971	0.057706	0.507260	0.165148	-0.845821
29997	7.164096	3.302193	-13.835378	2.261537	-0.598349	0.087857	0.769284	0.363030	0.525749	0.405097	-0.913483	0.038017	0.494064	0.183733	-0.849790
29998	2.807513	4.121797	-7.243577	1.685766	-0.395157	0.198821	0.772013	0.361990	0.522455	0.411802	-0.910991	0.022688	0.484165	0.197633	-0.852365
29999	2.182374	2.496063	-2.041278	0.403184	-0.484684	0.266578	0.775312	0.360188	0.518802	0.411413	-0.911274	0.017842	0.479198	0.199609	-0.854708
30000	4.677706	0.027010	-3.949398	-0.184239	0.099153	0.139866	0.775394	0.358735	0.519685	0.409436	-0.912146	0.018751	0.480755	0.198239	-0.854152
30001	6.664686	-0.418756	-6.642780	0.399505	0.986790	-0.018166	0.770406	0.356580	0.528512	0.411246	-0.911394	0.015436	0.487187	0.205457	-0.848785
30002	7.652123	1.440000	-6.832895	0.801451	1.672147	-0.016276	0.762097	0.353201	0.542640	0.415304	-0.909640	0.008816	0.496720	0.218642	-0.839919
30003	7.026709	2.678649	-6.649481	0.073022	2.391919	-0.093684	0.749453	0.348376	0.562986	0.416115	-0.909270	0.008720	0.514944	0.227732	-0.826420
30004	4.838777	2.343163	-7.346358	-0.871152	2.841611	-0.193469	0.733650	0.343657	0.586223	0.412943	-0.910598	0.017019	0.539662	0.229591	-0.809971
30005	3.512018	1.898270	-7.548593	-1.387782	3.101769	-0.315722	0.714987	0.339126	0.611381	0.407280	-0.912810	0.030027	0.568258	0.227534	-0.790766
30006	3.351131	2.153267	-7.706230	-1.997000	3.344557	-0.395071	0.693841	0.335263	0.637325	0.398380	-0.915957	0.048130	0.599898	0.220503	-0.769091
