// General information: 
//  MT Manager version: 2022.2.0 
//  XDA version: 2022.2.0 build 7381 rev 124627 built on 2023-07-19
// Device information: 
//  DeviceId: 00B4CB9F
//  ProductCode: MTW2-3A7G6
//  Firmware Version: 4.6.0
//  Hardware Version: 2.0.0
// Device settings: 
//  Filter Profile: human(46.1)
//  Option Flags: Orientation Smoother Disabled, Position/Velocity Smoother Disabled, Continuous Zero Rotation Update Disabled, AHS Disabled, ICC Disabled
// Coordinate system: ENU
PacketCounter	Acc_X	Acc_Y	Acc_Z	Gyr_X	Gyr_Y	Gyr_Z	Mat[1][1]	Mat[2][1]	Mat[3][1]	Mat[1][2]	Mat[2][2]	Mat[3][2]	Mat[1][3]	Mat[2][3]	Mat[3][3]
16808	9.717431	0.539144	-1.557848	0.169178	0.033246	0.033809	0.129581	0.123196	0.983886	0.484967	-0.873349	0.045483	0.864879	0.471258	-0.172915
16809	9.702793	0.620774	-1.507897	0.159163	0.038765	0.034344	0.129480	0.122697	0.983962	0.486304	-0.872639	0.044823	0.864143	0.472701	-0.172657
16810	9.695518	0.705451	-1.409710	0.134591	0.037207	0.031785	0.129360	0.122164	0.984044	0.487247	-0.872144	0.044220	0.863630	0.473752	-0.172344
16811	9.658663	0.760044	-1.453523	0.098586	0.044033	0.034089	0.129213	0.121642	0.984128	0.488060	-0.871717	0.043667	0.863193	0.474671	-0.172006
16812	9.652085	0.809815	-1.451684	0.051113	0.043139	0.032000	0.129101	0.120980	0.984224	0.487589	-0.872002	0.043229	0.863475	0.474316	-0.171565
16813	9.664313	0.830782	-1.425999	0.003957	0.044213	0.029796	0.128932	0.120494	0.984306	0.487591	-0.872019	0.042880	0.863500	0.474410	-0.171183
16814	9.691708	0.821681	-1.400188	-0.045866	0.049501	0.026504	0.128641	0.119885	0.984418	0.486282	-0.872756	0.042741	0.864281	0.473207	-0.170570
16815	9.673572	0.772729	-1.413991	-0.092474	0.052999	0.026345	0.128377	0.119388	0.984513	0.485454	-0.873224	0.042591	0.864785	0.472468	-0.170060
16816	9.662621	0.726556	-1.379511	-0.135879	0.045592	0.035161	0.128086	0.118834	0.984618	0.484314	-0.873863	0.042464	0.865468	0.471425	-0.169482
16817	9.705282	0.630995	-1.400191	-0.155849	0.045482	0.032189	0.127915	0.118322	0.984702	0.482929	-0.874634	0.042363	0.866266	0.470122	-0.169019
16818	9.690249	0.506783	-1.386133	-0.159230	0.050550	0.034454	0.127561	0.117815	0.984809	0.481569	-0.875384	0.042347	0.867075	0.468852	-0.168401
16819	9.732972	0.411185	-1.406204	-0.156816	0.063412	0.038234	0.127261	0.117167	0.984925	0.480166	-0.876163	0.042187	0.867897	0.467558	-0.167761
16820	9.696262	0.392407	-1.442597	-0.140874	0.061171	0.036134	0.126593	0.116790	0.985055	0.480463	-0.876003	0.042114	0.867830	0.467952	-0.167009
16821	9.697563	0.334720	-1.482744	-0.130037	0.067753	0.034079	0.126235	0.116158	0.985176	0.479297	-0.876650	0.041948	0.868527	0.466896	-0.166338
16822	9.702528	0.277814	-1.498120	-0.108191	0.078327	0.038816	0.125521	0.115505	0.985344	0.478430	-0.877127	0.041873	0.869109	0.466162	-0.165359
16823	9.694190	0.293036	-1.612836	-0.062013	0.083681	0.043162	0.125066	0.114720	0.985494	0.477842	-0.877465	0.041503	0.869497	0.465719	-0.164559
16824	9.696579	0.310526	-1.654713	-0.022672	0.089120	0.043599	0.124228	0.114314	0.985647	0.479856	-0.876381	0.041161	0.868508	0.467855	-0.163725
16825	9.676274	0.335506	-1.693327	0.002025	0.092283	0.044024	0.123704	0.113480	0.985809	0.479824	-0.876422	0.040677	0.868600	0.467983	-0.162867
16826	9.632101	0.347427	-1.679415	0.036054	0.076156	0.035683	0.122952	0.112842	0.985976	0.481222	-0.875676	0.040210	0.867933	0.469530	-0.161968
16827	9.612659	0.393093	-1.770297	0.075040	0.073243	0.035370	0.122552	0.112172	0.986103	0.481835	-0.875362	0.039693	0.867649	0.470275	-0.161326
16828	9.634245	0.455884	-1.794295	0.105246	0.068309	0.040118	0.121952	0.111318	0.986274	0.482091	-0.875245	0.039177	0.867592	0.470696	-0.160403
16829	9.635240	0.506414	-1.741577	0.124908	0.063004	0.035720	0.121642	0.110692	0.986382	0.483137	-0.874695	0.038577	0.867054	0.471865	-0.159879
16830	9.678451	0.539717	-1.719430	0.131511	0.056258	0.036631	0.121490	0.109765	0.986505	0.482196	-0.875239	0.038001	0.867599	0.471072	-0.159261
16831	9.690859	0.557746	-1.692805	0.146902	0.055077	0.040076	0.121271	0.109138	0.986601	0.483427	-0.874589	0.037325	0.866944	0.472423	-0.158822
16832	9.658414	0.551655	-1.535807	0.147225	0.050847	0.039129	0.121334	0.108015	0.986717	0.481626	-0.875611	0.036628	0.867937	0.470785	-0.158264
16833	9.692279	0.541043	-1.461842	0.144482	0.053597	0.040326	0.121127	0.107392	0.986811	0.482837	-0.874972	0.035955	0.867293	0.472114	-0.157836
16834	9.733971	0.553700	-1.390142	0.132611	0.048762	0.039091	0.120956	0.106878	0.986887	0.484201	-0.874243	0.035334	0.866556	0.473578	-0.157496
16835	9.700785	0.532070	-1.405167	0.108786	0.050051	0.040579	0.120784	0.106270	0.986974	0.485100	-0.873769	0.034715	0.866077	0.474588	-0.157089
16836	9.731235	0.521060	-1.354576	0.100129	0.063596	0.040631	0.120345	0.105527	0.987107	0.484785	-0.873960	0.034327	0.866314	0.474404	-0.156335
16837	9.720699	0.548210	-1.324344	0.083878	0.064038	0.042750	0.120062	0.104833	0.987216	0.485466	-0.873605	0.033728	0.865972	0.475210	-0.155780
16838	9.707329	0.517548	-1.364168	0.060845	0.070895	0.041745	0.119473	0.104253	0.987349	0.487245	-0.872635	0.033182	0.865054	0.477116	-0.155053
16839	9.716458	0.535658	-1.360125	0.049155	0.066378	0.042657	0.119171	0.103548	0.987459	0.487625	-0.872443	0.032638	0.864882	0.477620	-0.154462
16840	9.680318	0.513251	-1.397201	0.041020	0.068388	0.047481	0.118846	0.102690	0.987588	0.487013	-0.872803	0.032148	0.865271	0.477147	-0.153741
16841	9.686295	0.529925	-1.417235	0.020076	0.068577	0.045478	0.118538	0.101950	0.987702	0.487138	-0.872752	0.031621	0.865243	0.477399	-0.153118
16842	9.669916	0.498197	-1.480715	0.007459	0.070765	0.048367	0.118196	0.101167	0.987823	0.487164	-0.872757	0.031092	0.865275	0.477557	-0.152441
16843	9.654734	0.504421	-1.422983	-0.007837	0.070837	0.049302	0.117887	0.100382	0.987940	0.487044	-0.872842	0.030570	0.865385	0.477566	-0.151787
16844	9.615579	0.481472	-1.483849	-0.016358	0.068462	0.042233	0.117364	0.099941	0.988047	0.488250	-0.872180	0.030224	0.864776	0.478867	-0.151159
16845	9.625275	0.444053	-1.525658	-0.029578	0.069440	0.038607	0.117016	0.099255	0.988158	0.487955	-0.872359	0.029841	0.864990	0.478684	-0.150512
16846	9.609022	0.414075	-1.589121	-0.027834	0.068361	0.034159	0.116524	0.098809	0.988260	0.488347	-0.872146	0.029619	0.864835	0.479163	-0.149880
16847	9.574905	0.414280	-1.676863	-0.017684	0.064496	0.031512	0.116185	0.098210	0.988360	0.488163	-0.872261	0.029288	0.864985	0.479078	-0.149286
16848	9.579160	0.413104	-1.646718	-0.013519	0.058740	0.026001	0.115814	0.097662	0.988458	0.487776	-0.872485	0.029053	0.865252	0.478782	-0.148683
16849	9.568983	0.386613	-1.663373	0.000217	0.050246	0.023321	0.115557	0.097202	0.988533	0.487756	-0.872506	0.028776	0.865298	0.478838	-0.148235
16850	9.529666	0.366340	-1.726738	0.015784	0.043426	0.009495	0.115030	0.097055	0.988609	0.489055	-0.871781	0.028681	0.864635	0.480185	-0.147746
16851	9.541930	0.332659	-1.748023	0.038288	0.022974	0.004567	0.114918	0.096889	0.988639	0.489386	-0.871601	0.028534	0.864463	0.480547	-0.147579
16852	9.589565	0.239469	-1.722521	0.065285	0.017500	-0.005580	0.114637	0.096953	0.988665	0.490288	-0.871092	0.028573	0.863988	0.481456	-0.147394
16853	9.588362	0.161633	-1.716816	0.104737	0.011860	-0.008752	0.114555	0.096956	0.988674	0.491208	-0.870577	0.028460	0.863477	0.482384	-0.147355
16854	9.648353	0.169613	-1.675065	0.144829	0.003910	-0.012953	0.114446	0.097202	0.988663	0.493293	-0.869400	0.028374	0.862302	0.484453	-0.147449
16855	9.685446	0.185774	-1.631293	0.176789	0.005603	-0.015948	0.114383	0.097299	0.988660	0.494839	-0.868526	0.028225	0.861424	0.485999	-0.147492
16856	9.687987	0.242841	-1.561165	0.200348	0.002557	-0.017155	0.114327	0.097437	0.988653	0.496508	-0.867578	0.028089	0.860471	0.487663	-0.147566
16857	9.691587	0.281553	-1.416413	0.211627	0.003729	-0.015621	0.114282	0.097540	0.988648	0.498349	-0.866528	0.027885	0.859411	0.489505	-0.147637
16858	9.686544	0.258748	-1.390212	0.206363	-0.001538	-0.015055	0.114161	0.097708	0.988646	0.499738	-0.865729	0.027855	0.858621	0.490884	-0.147661
16859	9.719844	0.331120	-1.326177	0.203529	-0.003919	-0.019143	0.114163	0.097879	0.988629	0.501510	-0.864709	0.027698	0.857587	0.492645	-0.147805
16860	9.738096	0.340211	-1.182158	0.185328	-0.002717	-0.014832	0.114389	0.097657	0.988624	0.501864	-0.864515	0.027329	0.857349	0.493029	-0.147901
16861	9.698452	0.359816	-1.130013	0.154650	-0.001508	-0.017507	0.114378	0.097801	0.988611	0.503213	-0.863733	0.027227	0.856559	0.494368	-0.148007
16862	9.756320	0.350207	-1.038387	0.133604	0.003399	-0.016522	0.114026	0.098169	0.988616	0.505754	-0.862246	0.027288	0.855109	0.496885	-0.147968
16863	9.751335	0.329442	-1.011294	0.111722	0.010205	-0.016688	0.113919	0.098248	0.988620	0.506732	-0.861673	0.027242	0.854544	0.497862	-0.147946
16864	9.788413	0.348350	-0.967004	0.089635	0.016548	-0.019028	0.113592	0.098336	0.988649	0.507412	-0.861269	0.027367	0.854184	0.498544	-0.147730
16865	9.777413	0.324319	-0.987195	0.060042	0.013760	-0.009534	0.113490	0.098336	0.988661	0.507939	-0.860959	0.027327	0.853884	0.499078	-0.147659
16866	9.787337	0.272698	-0.958381	0.034289	0.018232	-0.012693	0.113037	0.098578	0.988688	0.509309	-0.860143	0.027532	0.853128	0.500436	-0.147435
16867	9.742478	0.232614	-0.997037	0.017299	0.022023	-0.014119	0.112841	0.098576	0.988711	0.509476	-0.860042	0.027601	0.853054	0.500610	-0.147270
16868	9.776629	0.250048	-0.975435	0.018720	0.028935	-0.010143	0.112638	0.098266	0.988765	0.508244	-0.860769	0.027647	0.853816	0.499419	-0.146899
16869	9.781909	0.271744	-0.999511	0.015801	0.030001	-0.006737	0.112411	0.098160	0.988801	0.508390	-0.860683	0.027646	0.853758	0.499589	-0.146654
16870	9.735446	0.306081	-1.067593	0.004257	0.025765	-0.003691	0.112231	0.097833	0.988854	0.507117	-0.861433	0.027671	0.854539	0.498359	-0.146292
16871	9.754794	0.354029	-1.046519	-0.000369	0.024302	-0.003363	0.112069	0.097727	0.988883	0.507122	-0.861431	0.027660	0.854557	0.498384	-0.146100
16872	9.731226	0.379890	-1.116948	0.000511	0.028769	-0.001433	0.111777	0.097769	0.988912	0.508208	-0.860790	0.027660	0.853950	0.499481	-0.145903
16873	9.712954	0.467178	-1.093765	0.001829	0.030435	-0.002684	0.111567	0.097626	0.988950	0.508230	-0.860778	0.027638	0.853964	0.499531	-0.145651
16874	9.723363	0.509548	-1.144661	-0.018138	0.028879	-0.001508	0.111211	0.097645	0.988988	0.508935	-0.860358	0.027715	0.853591	0.500249	-0.145376
16875	9.723656	0.509848	-1.142037	-0.041080	0.021984	0.002286	0.111099	0.097501	0.989015	0.508585	-0.860566	0.027707	0.853814	0.499920	-0.145196
16876	9.737744	0.496512	-1.214998	-0.064462	0.007833	0.000964	0.111110	0.097391	0.989025	0.507500	-0.861203	0.027790	0.854458	0.498843	-0.145114
16877	9.739541	0.421754	-1.184055	-0.075959	0.002461	0.008445	0.111195	0.097292	0.989025	0.506845	-0.861590	0.027772	0.854836	0.498194	-0.145117
16878	9.745563	0.425102	-1.135327	-0.061890	-0.000255	0.013295	0.111239	0.097237	0.989025	0.506634	-0.861715	0.027738	0.854955	0.497988	-0.145120
16879	9.714678	0.409828	-1.130526	-0.057463	-0.006766	0.014461	0.111434	0.097133	0.989013	0.506129	-0.862015	0.027633	0.855228	0.497489	-0.145219
16880	9.767641	0.472863	-1.092869	-0.050841	-0.007156	0.016313	0.111680	0.096949	0.989004	0.505291	-0.862511	0.027491	0.855692	0.496664	-0.145313
16881	9.758043	0.564070	-1.000244	-0.054296	-0.008526	0.017669	0.111907	0.096825	0.988990	0.504809	-0.862798	0.027350	0.855947	0.496191	-0.145431
16882	9.769069	0.587834	-0.979425	-0.053077	-0.012091	0.011183	0.111974	0.096988	0.988967	0.505197	-0.862569	0.027392	0.855709	0.496555	-0.145584
16883	9.731387	0.626549	-0.978492	-0.055170	-0.012957	0.015734	0.112229	0.096903	0.988946	0.504709	-0.862859	0.027272	0.855964	0.496069	-0.145745
16884	9.731304	0.625392	-0.980061	-0.067257	-0.027158	0.020356	0.112369	0.096925	0.988928	0.504756	-0.862833	0.027212	0.855917	0.496110	-0.145879
16885	9.687460	0.660322	-1.029319	-0.089461	-0.041138	0.020044	0.112886	0.096942	0.988868	0.503970	-0.863296	0.027100	0.856313	0.495300	-0.146310
16886	9.736483	0.587091	-1.058918	-0.105374	-0.049961	0.018052	0.113499	0.096810	0.988810	0.502280	-0.864284	0.026965	0.857224	0.493600	-0.146721
16887	9.731627	0.507543	-1.082216	-0.111595	-0.056180	0.024184	0.114165	0.096863	0.988728	0.501299	-0.864858	0.026845	0.857710	0.492583	-0.147294
16888	9.762032	0.520662	-1.092350	-0.119127	-0.064045	0.031563	0.115069	0.096742	0.988635	0.499717	-0.865782	0.026557	0.858512	0.490982	-0.147968
16889	9.774828	0.410139	-1.092669	-0.108935	-0.065363	0.040935	0.115899	0.096694	0.988543	0.498737	-0.866355	0.026269	0.858970	0.489978	-0.148634
16890	9.761176	0.362987	-1.069409	-0.108719	-0.064863	0.043113	0.116807	0.096391	0.988466	0.497106	-0.867305	0.025833	0.859791	0.488355	-0.149224
16891	9.798210	0.320043	-1.077445	-0.100999	-0.060372	0.049075	0.117635	0.096244	0.988382	0.496183	-0.867845	0.025453	0.860212	0.487424	-0.149843
16892	9.815180	0.343271	-1.012926	-0.087007	-0.058358	0.056970	0.118382	0.096011	0.988315	0.495338	-0.868340	0.025023	0.860596	0.486588	-0.150354
16893	9.821089	0.341203	-0.969540	-0.076113	-0.048163	0.062502	0.119170	0.095687	0.988252	0.494611	-0.868770	0.024475	0.860905	0.485884	-0.150860
16894	9.781526	0.355339	-0.920543	-0.087213	-0.043860	0.066285	0.119952	0.095162	0.988208	0.492975	-0.869715	0.023913	0.861735	0.484294	-0.151236
16895	9.797288	0.299849	-0.849580	-0.106785	-0.043150	0.067433	0.120720	0.094769	0.988153	0.491977	-0.870295	0.023362	0.862198	0.483328	-0.151686
16896	9.805428	0.260025	-0.901886	-0.120905	-0.042940	0.069383	0.121514	0.094148	0.988115	0.489495	-0.871706	0.022860	0.863498	0.480900	-0.152010
16897	9.790657	0.228478	-0.952187	-0.135379	-0.052259	0.075041	0.122396	0.093728	0.988046	0.488237	-0.872427	0.022279	0.864086	0.479674	-0.152544
16898	9.790366	0.165803	-1.002802	-0.136507	-0.044648	0.070438	0.123134	0.093238	0.988000	0.487149	-0.873050	0.021677	0.864595	0.478634	-0.152923
16899	9.783672	0.157464	-1.055047	-0.135375	-0.039697	0.074594	0.123904	0.092760	0.987949	0.485889	-0.873766	0.021101	0.865193	0.477419	-0.153335
16900	9.794731	0.119008	-1.082810	-0.129684	-0.032176	0.073981	0.124518	0.092208	0.987924	0.484421	-0.874593	0.020574	0.865928	0.476009	-0.153570
16901	9.843256	0.097271	-1.066205	-0.125017	-0.019533	0.077634	0.125126	0.091606	0.987903	0.483244	-0.875259	0.019954	0.866498	0.474901	-0.153785
16902	9.785996	0.027210	-1.130595	-0.123860	-0.007055	0.078221	0.125520	0.090968	0.987912	0.482404	-0.875735	0.019346	0.866909	0.474144	-0.153805
16903	9.772666	-0.024196	-1.101946	-0.108504	0.007613	0.088843	0.125945	0.090137	0.987934	0.481354	-0.876329	0.018589	0.867431	0.473204	-0.153757
16904	9.770081	-0.149825	-0.971146	-0.061380	0.025542	0.106177	0.126211	0.088991	0.988004	0.480396	-0.876875	0.017614	0.867923	0.472410	-0.153422
16905	9.988011	-0.349206	-0.739029	0.011559	0.088244	0.126938	0.126118	0.087444	0.988154	0.480338	-0.876932	0.016296	0.867969	0.472593	-0.152600
16906	10.123037	-0.494638	-0.489882	0.157756	0.186189	0.145319	0.125417	0.085003	0.988456	0.479744	-0.877287	0.014573	0.868399	0.472378	-0.150806
16907	10.296737	-0.604374	-0.234989	0.335084	0.303754	0.145920	0.123546	0.082268	0.988923	0.482473	-0.875821	0.012583	0.867154	0.475574	-0.147896
16908	10.156596	-0.417282	-0.264467	0.455054	0.382748	0.128526	0.120838	0.079278	0.989502	0.485987	-0.873901	0.010667	0.865572	0.479596	-0.144128
16909	9.604776	-0.018495	-0.502658	0.505929	0.344507	0.119804	0.118508	0.076555	0.989998	0.490220	-0.871555	0.008714	0.863504	0.484284	-0.140815
16910	9.296060	0.315516	-1.002123	0.455533	0.226501	0.114511	0.117032	0.074519	0.990328	0.494763	-0.869001	0.006921	0.861112	0.489168	-0.138570
16911	9.349431	0.261641	-1.407879	0.386125	0.153230	0.095158	0.116250	0.072925	0.990539	0.497975	-0.867174	0.005400	0.859364	0.492636	-0.137124
16912	9.240915	-0.016236	-1.783458	0.352856	0.117101	0.068961	0.115525	0.071720	0.990712	0.500526	-0.865711	0.004305	0.857979	0.495380	-0.135909
16913	9.211820	-0.163097	-2.131155	0.353525	0.061918	0.044136	0.115279	0.071015	0.990791	0.503507	-0.863985	0.003343	0.856266	0.498485	-0.135356
16914	9.343691	-0.137999	-2.292884	0.349273	0.010730	0.016147	0.115222	0.070740	0.990818	0.506473	-0.862252	0.002663	0.854523	0.501515	-0.135178
16915	9.576426	-0.114539	-2.172526	0.350901	0.014000	-0.008184	0.115124	0.070725	0.990830	0.509479	-0.860480	0.002224	0.852747	0.504551	-0.135095
16916	9.656006	-0.064970	-2.111467	0.354514	-0.002490	-0.007391	0.114810	0.070959	0.990850	0.512828	-0.858489	0.002058	0.850780	0.507899	-0.134953
16917	9.683978	0.098954	-1.933926	0.352239	-0.032926	-0.006630	0.115118	0.071169	0.990799	0.515831	-0.856689	0.001603	0.848921	0.510900	-0.135332
16918	9.677208	0.290849	-1.660373	0.318844	-0.065462	-0.004188	0.115493	0.071551	0.990728	0.518893	-0.854838	0.001248	0.847001	0.513938	-0.135856
16919	9.692644	0.343269	-1.404359	0.256291	-0.087530	-0.007490	0.116258	0.072053	0.990602	0.521073	-0.853512	0.000928	0.845558	0.516068	-0.136772
16920	9.642650	0.251148	-1.251676	0.170613	-0.102105	-0.016687	0.116787	0.072968	0.990473	0.523773	-0.851858	0.000998	0.843815	0.518666	-0.137704
16921	9.618322	0.185882	-1.229093	0.086927	-0.124646	-0.022188	0.117784	0.073791	0.990294	0.524533	-0.851389	0.001053	0.843203	0.519318	-0.138986
16922	9.676320	0.122818	-1.167719	0.005712	-0.123331	-0.022594	0.118443	0.074784	0.990141	0.524926	-0.851147	0.001493	0.842867	0.519573	-0.140068
16923	9.776966	-0.108161	-1.069084	-0.076096	-0.102357	-0.019704	0.119264	0.075470	0.989990	0.524309	-0.851526	0.001751	0.843135	0.518852	-0.141126
16924	9.846210	-0.305603	-1.190500	-0.113564	-0.077786	-0.023645	0.119448	0.076460	0.989892	0.524653	-0.851312	0.002448	0.842894	0.519058	-0.141803
16925	9.893200	-0.435055	-1.264775	-0.110015	-0.060134	-0.018256	0.119920	0.076915	0.989800	0.523748	-0.851869	0.002742	0.843390	0.518077	-0.142440
16926	9.779455	-0.403722	-1.185789	-0.064841	-0.059508	-0.019531	0.120307	0.077470	0.989709	0.523430	-0.852063	0.003069	0.843532	0.517675	-0.143060
16927	9.761957	-0.313247	-1.173797	-0.032426	-0.068073	-0.021821	0.120828	0.077996	0.989605	0.523183	-0.852214	0.003289	0.843611	0.517347	-0.143778
16928	9.744375	-0.222586	-1.162286	-0.008465	-0.072918	-0.030498	0.121255	0.078787	0.989490	0.524006	-0.851707	0.003604	0.843039	0.518062	-0.144558
16929	9.723772	-0.133710	-1.174796	0.006431	-0.067830	-0.037084	0.121693	0.079443	0.989383	0.524104	-0.851645	0.003919	0.842915	0.518063	-0.145275
16930	9.660102	-0.141205	-1.246468	-0.016264	-0.066798	-0.053533	0.121843	0.080312	0.989295	0.524191	-0.851589	0.004572	0.842839	0.518022	-0.145859
16931	9.664367	-0.173296	-1.324778	-0.050238	-0.080275	-0.066312	0.122233	0.081280	0.989168	0.523847	-0.851796	0.005260	0.842997	0.517530	-0.146696
16932	9.680778	-0.328486	-1.319304	-0.088615	-0.074742	-0.062342	0.122493	0.082056	0.989071	0.522763	-0.852457	0.005980	0.843631	0.516318	-0.147316
16933	9.643805	-0.430349	-1.263458	-0.117525	-0.090503	-0.055427	0.123028	0.082983	0.988928	0.521839	-0.853018	0.006659	0.844126	0.515241	-0.148249
16934	9.756603	-0.408938	-1.240313	-0.129778	-0.112001	-0.046885	0.123675	0.084060	0.988756	0.521742	-0.853072	0.007265	0.844091	0.514977	-0.149361
16935	9.787483	-0.221143	-1.371523	-0.155726	-0.116452	-0.044050	0.124489	0.085022	0.988572	0.520480	-0.853837	0.007891	0.844750	0.513550	-0.150546
16936	9.720161	0.021609	-1.370567	-0.189460	-0.108234	-0.044767	0.125078	0.085949	0.988417	0.519286	-0.854557	0.008596	0.845398	0.512196	-0.151519
16937	9.613847	0.153539	-1.329232	-0.230484	-0.120749	-0.049369	0.125904	0.086975	0.988222	0.517397	-0.855694	0.009392	0.846433	0.510121	-0.152736
16938	9.648827	0.255032	-1.328548	-0.277497	-0.122781	-0.057456	0.126611	0.088191	0.988024	0.515574	-0.856782	0.010408	0.847439	0.508082	-0.153947
16939	9.627084	0.217957	-1.357749	-0.326737	-0.122147	-0.074288	0.127325	0.089434	0.987821	0.512895	-0.858373	0.011605	0.848956	0.505171	-0.155163
16940	9.595121	0.141564	-1.333357	-0.362221	-0.129751	-0.093641	0.127846	0.090947	0.987615	0.510440	-0.859813	0.013102	0.850356	0.502444	-0.156346
16941	9.642527	0.007878	-1.341484	-0.385865	-0.141183	-0.105776	0.128569	0.092551	0.987372	0.507289	-0.861650	0.014710	0.852131	0.498992	-0.157732
16942	9.659127	-0.138595	-1.346217	-0.408821	-0.143644	-0.115064	0.129159	0.094142	0.987145	0.503695	-0.863725	0.016468	0.854172	0.495093	-0.158976
16943	9.702067	-0.291130	-1.331580	-0.420381	-0.158431	-0.117863	0.129981	0.095928	0.986865	0.500251	-0.865688	0.018261	0.856069	0.491306	-0.160512
16944	9.747204	-0.366446	-1.324639	-0.417486	-0.166491	-0.119695	0.130954	0.097454	0.986587	0.495660	-0.868287	0.019978	0.858588	0.486395	-0.162010
16945	9.827845	-0.312078	-1.208275	-0.403746	-0.170852	-0.116919	0.131904	0.099283	0.986278	0.492341	-0.870131	0.021746	0.860350	0.482717	-0.163655
16946	9.891854	-0.268161	-0.989428	-0.389673	-0.154680	-0.113942	0.132735	0.100847	0.986008	0.488350	-0.872332	0.023480	0.862494	0.478400	-0.165038
16947	10.003309	-0.223030	-0.824452	-0.357078	-0.123166	-0.104031	0.133351	0.102327	0.985772	0.485404	-0.873931	0.025054	0.864061	0.475156	-0.166209
16948	9.991404	-0.085183	-0.668159	-0.297020	-0.107288	-0.102014	0.133746	0.103607	0.985585	0.482724	-0.875371	0.026515	0.865500	0.472219	-0.167091
16949	9.995563	0.015247	-0.287119	-0.250147	-0.077956	-0.101827	0.133989	0.104851	0.985420	0.480692	-0.876446	0.027895	0.866592	0.469946	-0.167835
16950	9.918005	-0.166953	-0.150700	-0.230689	-0.061398	-0.100400	0.134041	0.105923	0.985299	0.478809	-0.877434	0.029189	0.867626	0.467857	-0.168329
16951	9.813654	-0.280703	-0.210229	-0.196814	-0.054142	-0.105162	0.134067	0.107082	0.985170	0.477239	-0.878244	0.030515	0.868487	0.466071	-0.168847
16952	9.714726	-0.350539	-0.346462	-0.168831	-0.058175	-0.119037	0.133964	0.108235	0.985058	0.475484	-0.879145	0.031934	0.869465	0.464101	-0.169238
16953	9.707041	-0.451673	-0.495354	-0.150013	-0.058661	-0.131295	0.133909	0.109645	0.984909	0.474353	-0.879699	0.033439	0.870091	0.462717	-0.169810
16954	9.669791	-0.489108	-0.642033	-0.136382	-0.051877	-0.141226	0.133711	0.110978	0.984787	0.473204	-0.880259	0.034949	0.870746	0.461332	-0.170215
16955	9.637494	-0.481971	-0.864672	-0.125558	-0.048761	-0.150844	0.133481	0.112514	0.984644	0.472310	-0.880672	0.036606	0.871267	0.460171	-0.170694
16956	9.608209	-0.438503	-0.965847	-0.117900	-0.060456	-0.154298	0.133193	0.114063	0.984505	0.471571	-0.880997	0.038273	0.871711	0.459166	-0.171131
16957	9.703512	-0.342265	-0.866045	-0.109029	-0.065803	-0.155842	0.133090	0.115721	0.984325	0.470825	-0.881321	0.039951	0.872130	0.458128	-0.171780
16958	9.870470	-0.290457	-0.701022	-0.090487	-0.052173	-0.158656	0.132683	0.117254	0.984198	0.470337	-0.881505	0.041612	0.872455	0.457384	-0.172110
16959	9.963757	-0.245622	-0.300557	-0.058924	-0.033694	-0.159274	0.132286	0.118794	0.984067	0.470032	-0.881590	0.043238	0.872680	0.456823	-0.172459
16960	10.196749	-0.334288	0.307494	-0.014755	-0.010558	-0.147794	0.131559	0.120106	0.984005	0.470477	-0.881281	0.044666	0.872550	0.457075	-0.172448
16961	10.360199	-0.331752	1.125510	0.027101	0.056587	-0.131936	0.130502	0.120991	0.984038	0.470884	-0.881002	0.045875	0.872489	0.457381	-0.171946
16962	10.479602	-0.313337	1.982280	0.029222	0.142950	-0.117022	0.128560	0.121285	0.984257	0.471762	-0.880479	0.046877	0.872303	0.458309	-0.170412
16963	10.453924	-0.305370	2.796520	0.007512	0.246214	-0.105252	0.125972	0.121065	0.984619	0.471960	-0.880320	0.047858	0.872574	0.458672	-0.168034
16964	10.409729	-0.217657	3.323063	-0.048253	0.331357	-0.082854	0.122711	0.119951	0.985167	0.470504	-0.881054	0.048669	0.873824	0.457553	-0.164552
16965	10.479606	-0.017064	3.888655	-0.084047	0.460720	-0.065279	0.118433	0.118400	0.985878	0.469847	-0.881364	0.049406	0.874767	0.457360	-0.160012
16966	10.207059	0.327810	4.310754	-0.143664	0.558760	-0.048429	0.113531	0.115830	0.986759	0.467369	-0.882656	0.049837	0.876742	0.455523	-0.154344
16967	10.337860	0.736035	4.733655	-0.278219	0.638467	-0.042658	0.107786	0.113284	0.987699	0.464973	-0.883876	0.050635	0.878739	0.453796	-0.147943
16968	10.306153	1.158472	5.142072	-0.394541	0.782510	-0.052803	0.100611	0.109907	0.988837	0.461239	-0.885779	0.051523	0.881553	0.450906	-0.139813
16969	9.989405	1.698996	5.302013	-0.524811	0.899643	-0.097486	0.092275	0.106711	0.989999	0.456697	-0.888033	0.053153	0.884824	0.447225	-0.130678
16970	9.550420	2.331648	5.036800	-0.566415	0.867340	-0.166016	0.083651	0.104173	0.991035	0.452049	-0.890270	0.055425	0.888062	0.443360	-0.121563
16971	10.066287	2.923804	5.462692	-0.581969	0.850174	-0.249436	0.075022	0.102624	0.991887	0.447068	-0.892582	0.058536	0.891348	0.439050	-0.112843
16972	11.983393	2.876597	6.583051	-0.738522	1.098512	-0.327090	0.063982	0.100270	0.992901	0.438797	-0.896427	0.062252	0.896306	0.431699	-0.101353
16973	13.310595	1.636791	7.294269	-1.216304	1.547707	-0.317242	0.048743	0.096490	0.994140	0.428037	-0.901312	0.066494	0.902446	0.422287	-0.085234
16974	12.562680	0.304140	5.891992	-1.741647	1.465160	-0.225901	0.034167	0.092239	0.995151	0.412648	-0.908196	0.070012	0.910250	0.408254	-0.069093
16975	12.700428	0.045964	3.512174	-2.421010	0.936948	-0.131055	0.025120	0.089685	0.995653	0.390529	-0.917707	0.072811	0.920248	0.387002	-0.058077
16976	13.908814	-0.231499	0.476428	-2.573860	0.791560	0.001510	0.017818	0.086339	0.996106	0.365826	-0.927747	0.073871	0.930513	0.363085	-0.048115
16977	12.887784	-0.378957	-4.405862	-1.503670	0.683994	0.164472	0.012078	0.082343	0.996531	0.351770	-0.933248	0.072851	0.936009	0.349669	-0.040238
16978	13.537255	1.149061	-3.972345	-0.113647	0.686027	0.274450	0.006342	0.077057	0.997006	0.350573	-0.933919	0.069951	0.936514	0.349080	-0.032938
16979	14.659542	2.719321	-1.302841	0.288018	1.270109	0.371359	-0.004186	0.069105	0.997601	0.353267	-0.933183	0.066125	0.935513	0.352696	-0.020506
16980	13.405338	3.317130	-2.132705	0.178357	1.386864	0.419784	-0.015834	0.059896	0.998079	0.354850	-0.932891	0.061614	0.934789	0.355144	-0.006483
16981	12.473297	3.252377	-3.459824	-0.161474	1.326970	0.485562	-0.026468	0.050627	0.998367	0.353447	-0.933733	0.056720	0.935080	0.354371	0.006820
16982	11.927860	2.839673	-3.895765	-0.301167	1.401590	0.531967	-0.037794	0.040315	0.998472	0.350032	-0.935347	0.051016	0.935975	0.351426	0.021239
16983	11.051919	3.129761	-3.452663	-0.408275	1.452078	0.508035	-0.049570	0.030449	0.998306	0.346437	-0.936956	0.045780	0.936763	0.348119	0.035896
16984	11.006648	2.539512	-3.338157	-0.529583	1.466543	0.463979	-0.061908	0.020757	0.997866	0.341380	-0.939043	0.040713	0.937884	0.343172	0.051048
16985	10.783157	1.676271	-3.243676	-0.411918	1.537856	0.452263	-0.074747	0.011226	0.997139	0.337831	-0.940521	0.035913	0.938234	0.339549	0.066509
16986	9.957156	0.920800	-3.427609	-0.244744	1.488107	0.494023	-0.087191	0.001277	0.996191	0.335680	-0.941479	0.030587	0.937932	0.337068	0.081659
16987	9.194692	0.223651	-3.482745	0.137234	1.512677	0.466455	-0.099744	-0.008254	0.994979	0.337410	-0.940998	0.026018	0.936059	0.338311	0.096644
16988	8.314425	0.055262	-2.972949	0.382062	1.541376	0.414962	-0.112882	-0.017561	0.993453	0.340865	-0.939852	0.022118	0.933310	0.341131	0.112079
16989	7.553270	0.162285	-2.322006	0.609982	1.490322	0.369506	-0.125441	-0.026186	0.991755	0.346996	-0.937671	0.019132	0.929440	0.346535	0.126709
16990	7.233425	0.124047	-2.091722	0.753558	1.440391	0.311956	-0.137861	-0.034278	0.989858	0.353733	-0.935194	0.016881	0.925131	0.352473	0.141052
16991	6.938924	0.124890	-1.814778	0.870868	1.458006	0.256714	-0.150342	-0.041901	0.987746	0.362147	-0.931990	0.015586	0.919916	0.360053	0.155292
16992	6.608373	0.101775	-1.429832	0.890192	1.466933	0.203026	-0.163135	-0.049231	0.985375	0.369937	-0.928939	0.014834	0.914622	0.366946	0.169755
16993	6.456732	-0.124889	-0.932848	0.901539	1.440306	0.149089	-0.175658	-0.055985	0.982858	0.378421	-0.925514	0.014913	0.908814	0.374553	0.183760
16994	6.430657	-0.402052	-0.737568	0.954650	1.409103	0.104542	-0.188048	-0.062394	0.980176	0.386266	-0.922259	0.015398	0.903015	0.381505	0.197530
16995	6.467876	-0.481272	-0.389744	1.066165	1.388693	0.029610	-0.200373	-0.068058	0.977353	0.395928	-0.918120	0.017239	0.896154	0.390416	0.210913
16996	6.762840	-0.388752	0.232395	1.259786	1.423816	-0.044815	-0.213335	-0.073343	0.974222	0.405748	-0.913765	0.020059	0.888739	0.399568	0.224697
16997	7.217812	0.240873	0.823784	1.610957	1.591358	-0.148558	-0.227959	-0.078487	0.970502	0.419671	-0.907327	0.025197	0.878585	0.413035	0.239772
16998	6.923788	1.238398	1.298474	1.877796	1.760610	-0.275193	-0.244499	-0.082942	0.966096	0.432614	-0.901007	0.032131	0.867794	0.425802	0.256177
16999	6.192378	2.010610	1.738354	2.008403	1.748935	-0.359576	-0.261092	-0.087339	0.961355	0.449018	-0.892588	0.040856	0.854526	0.442332	0.272265
17000	5.710592	2.137801	2.914513	2.001474	1.625359	-0.380722	-0.276632	-0.090965	0.956661	0.463435	-0.884726	0.049884	0.841845	0.457150	0.286900
17001	5.554724	1.853462	4.539902	1.903773	1.448694	-0.346656	-0.290312	-0.094675	0.952237	0.478373	-0.876191	0.058729	0.828781	0.472574	0.299659
17002	5.571233	1.465512	5.832435	1.764886	1.237106	-0.276572	-0.301802	-0.097474	0.948374	0.489691	-0.869358	0.066482	0.817996	0.484475	0.310106
17003	5.479183	1.191438	6.308117	1.697843	0.962585	-0.204454	-0.310581	-0.100461	0.945223	0.502876	-0.861211	0.073703	0.806632	0.498221	0.317995
17004	5.860917	1.295794	6.599981	1.711051	0.729809	-0.151634	-0.317253	-0.102329	0.942804	0.514071	-0.853981	0.080296	0.796920	0.510142	0.323532
17005	6.522693	1.732644	6.739220	1.700838	0.597459	-0.126396	-0.322584	-0.104369	0.940769	0.527149	-0.845310	0.086977	0.786164	0.523983	0.327701
17006	7.228130	2.488640	6.812981	1.579105	0.513064	-0.089101	-0.327120	-0.105804	0.939041	0.537450	-0.838176	0.092784	0.777265	0.535039	0.331049
17007	7.885871	3.413719	7.171216	1.435244	0.525058	-0.041433	-0.331344	-0.108322	0.937271	0.548420	-0.830452	0.097901	0.767754	0.546458	0.334571
17008	8.522298	3.907955	8.199726	1.301965	0.652535	0.004166	-0.336420	-0.110920	0.935157	0.555151	-0.825496	0.101800	0.760677	0.553401	0.339291
17009	8.913433	3.772122	9.320468	1.185211	0.801839	0.031611	-0.342246	-0.115676	0.932463	0.564238	-0.818842	0.105514	0.751334	0.562243	0.345514
17010	9.050807	3.318762	9.812247	0.975277	0.795281	0.051743	-0.348184	-0.119176	0.929820	0.567288	-0.816435	0.107786	0.746292	0.565005	0.351877
17011	9.657346	2.921942	9.914630	0.579768	0.727822	0.101570	-0.352956	-0.124152	0.927366	0.571974	-0.813017	0.108850	0.740451	0.568849	0.357972
17012	9.953728	2.688264	9.372029	0.203684	0.723622	0.183235	-0.357687	-0.127745	0.925063	0.568682	-0.815533	0.107268	0.740717	0.564435	0.364352
17013	9.486815	2.539912	8.606279	-0.093112	0.675645	0.288594	-0.360983	-0.133931	0.922905	0.569051	-0.815673	0.104208	0.738832	0.562797	0.370657
17014	8.799573	2.404789	7.718313	-0.400427	0.577623	0.379494	-0.363818	-0.137857	0.921212	0.561048	-0.821892	0.098583	0.743547	0.552710	0.376363
17015	8.007834	2.259782	6.679391	-0.696796	0.455997	0.433327	-0.364729	-0.143956	0.919918	0.557458	-0.825103	0.091902	0.745797	0.546335	0.381188
17016	7.393387	2.039408	5.716308	-0.948147	0.332552	0.463398	-0.365023	-0.148323	0.919108	0.548607	-0.831887	0.083631	0.752189	0.534756	0.385028
17017	7.250478	1.714779	5.387143	-1.278541	0.286370	0.517595	-0.364304	-0.154187	0.918427	0.540860	-0.837862	0.073877	0.758124	0.523654	0.388630
17018	7.222332	1.147961	4.689797	-1.713430	0.406207	0.601390	-0.364679	-0.160071	0.917271	0.526382	-0.848037	0.061285	0.768070	0.505184	0.393520
17019	5.205261	0.051481	3.111251	-1.717960	0.153563	0.605111	-0.362652	-0.166020	0.917017	0.515335	-0.855592	0.048900	0.776475	0.490305	0.395838
17020	4.891626	-0.736283	2.599128	-1.489711	-0.522760	0.575463	-0.356157	-0.167543	0.919283	0.502407	-0.863830	0.037211	0.787870	0.475107	0.391834
17021	5.513011	-1.139136	2.004152	-1.447894	-1.031181	0.597961	-0.344939	-0.167915	0.923483	0.493037	-0.869619	0.026038	0.798706	0.464293	0.382754
17022	5.912842	-1.442123	1.046009	-1.468245	-1.350797	0.651626	-0.330743	-0.168134	0.928623	0.484851	-0.874479	0.014356	0.809648	0.454991	0.370747
17023	5.753512	-1.485016	-0.195054	-1.369209	-1.661053	0.721925	-0.313665	-0.167019	0.934729	0.476026	-0.879427	0.002602	0.821592	0.445772	0.355351
17024	6.416248	-1.319335	-1.232356	-1.354807	-1.939881	0.726091	-0.294336	-0.164709	0.941402	0.465968	-0.884755	-0.009110	0.834410	0.435981	0.337164
17025	10.875034	0.802297	-0.720986	-1.363199	-1.988458	0.411980	-0.275664	-0.159820	0.947875	0.455700	-0.889961	-0.017527	0.846373	0.427115	0.318160
17026	23.866431	4.253521	5.244348	-1.023551	-0.938770	-0.399038	-0.269199	-0.153095	0.950838	0.448355	-0.893695	-0.016957	0.852355	0.421748	0.309223
17027	27.628159	0.626598	10.950931	0.258642	1.338511	-0.713650	-0.283716	-0.152402	0.946720	0.448594	-0.893686	-0.009428	0.847507	0.422018	0.321919
17028	15.916177	-3.880652	13.163166	1.736885	1.394685	-0.136462	-0.295605	-0.158660	0.942043	0.466971	-0.884269	-0.002398	0.833400	0.439198	0.335485
17029	8.928847	-2.467962	5.453894	2.972712	-0.521944	0.051644	-0.290980	-0.156787	0.943795	0.491725	-0.870723	0.006955	0.820693	0.466111	0.330459
17030	6.862668	2.548966	-4.239334	2.997815	-1.999673	0.521842	-0.272098	-0.151916	0.950202	0.517650	-0.855516	0.011455	0.811173	0.494989	0.311423
17031	5.770096	3.211361	-7.118246	2.637508	-1.865803	1.105593	-0.251125	-0.151853	0.955969	0.541832	-0.840440	0.008833	0.802094	0.520193	0.293335
17032	4.279895	5.544622	-5.107276	1.475410	-1.785471	1.111191	-0.230505	-0.152565	0.961037	0.557934	-0.829883	0.002076	0.797231	0.536674	0.276413
17033	5.983524	6.507986	-4.839445	-1.179476	-1.830195	0.771532	-0.211477	-0.149261	0.965919	0.550183	-0.835000	-0.008574	0.807822	0.529619	0.258704
17034	8.274856	3.449294	-5.938905	-2.124032	-0.893465	0.501603	-0.201604	-0.148977	0.968071	0.532675	-0.846100	-0.019276	0.821957	0.511781	0.249933
17035	5.894004	0.582326	-1.464924	-1.675295	-0.735994	0.509694	-0.192770	-0.149625	0.969769	0.519832	-0.853797	-0.028401	0.832235	0.498642	0.242366
17036	6.851767	-2.900077	-1.144632	-1.985701	-2.147126	0.348804	-0.172688	-0.142426	0.974625	0.506679	-0.861379	-0.036101	0.844663	0.487587	0.220914
17037	12.478164	-4.064189	-3.829302	-2.456003	-2.605452	-0.153915	-0.151166	-0.128653	0.980101	0.485486	-0.873340	-0.039761	0.861076	0.469815	0.194478
17038	14.287789	-5.140219	-4.185688	-1.212601	-1.875033	-0.209720	-0.135943	-0.118303	0.983628	0.475323	-0.878901	-0.040015	0.869246	0.462101	0.175713
17039	12.862219	-4.244092	-3.164635	0.286239	-1.584747	0.078767	-0.121724	-0.111675	0.986262	0.477917	-0.877477	-0.040372	0.869930	0.466437	0.160181
17040	12.946814	-1.380451	-2.674443	0.823515	-1.553058	0.353555	-0.106514	-0.107807	0.988449	0.487981	-0.871819	-0.042503	0.866331	0.477818	0.145469
17041	10.799812	1.310771	-1.478851	0.925333	-1.401545	0.477325	-0.091981	-0.105230	0.990185	0.496459	-0.866841	-0.046004	0.863173	0.487354	0.131975
17042	8.704958	2.725151	-0.381908	0.508712	-1.378485	0.439791	-0.077940	-0.102546	0.991670	0.502749	-0.863001	-0.049727	0.860912	0.494685	0.118817
17043	8.041756	2.256867	-0.267768	-0.185934	-1.384689	0.277697	-0.064549	-0.098131	0.993078	0.501344	-0.863639	-0.052753	0.862837	0.494468	0.104944
17044	8.222526	0.764652	-0.360530	-0.659842	-1.386657	0.139360	-0.051886	-0.092641	0.994347	0.497606	-0.865678	-0.054688	0.865850	0.491955	0.091015
17045	8.811406	-0.737186	-0.804199	-0.907403	-1.453306	0.075242	-0.038831	-0.086228	0.995518	0.489758	-0.870042	-0.056257	0.870993	0.485378	0.076016
17046	9.625659	-2.143051	-1.187347	-0.941503	-1.516656	0.057019	-0.025398	-0.079360	0.996522	0.483813	-0.873299	-0.057216	0.874803	0.480677	0.060576
17047	9.914198	-3.341194	-1.230073	-0.845493	-1.487419	0.016127	-0.012215	-0.072435	0.997298	0.476398	-0.877322	-0.057886	0.879145	0.474403	0.045224
17048	9.814071	-3.988756	-1.377971	-0.632655	-1.431685	-0.055508	-0.000059	-0.065211	0.997871	0.472648	-0.879378	-0.057439	0.881252	0.471638	0.030874
17049	9.752759	-3.573132	-1.419929	-0.348329	-1.410798	-0.096085	0.011992	-0.057764	0.998258	0.469576	-0.881074	-0.056624	0.882810	0.469437	0.016559
17050	10.310937	-2.409158	-1.262887	-0.117624	-1.383522	-0.067565	0.023794	-0.050695	0.998431	0.469235	-0.881300	-0.055930	0.882753	0.469829	0.002819
17051	10.361727	-0.865362	-0.723404	0.043726	-1.306966	-0.008244	0.035349	-0.044513	0.998383	0.469617	-0.881098	-0.055911	0.882162	0.470834	-0.010241
17052	10.044018	0.469515	-0.163807	0.030805	-1.268304	0.041763	0.046578	-0.038672	0.998166	0.470730	-0.880494	-0.056079	0.881047	0.472478	-0.022807
17053	9.859901	1.337027	0.264959	-0.103224	-1.256116	0.060367	0.057987	-0.033308	0.997762	0.469782	-0.880959	-0.056712	0.880876	0.472019	-0.035437
17054	9.578437	1.832710	0.486826	-0.318288	-1.241058	0.055776	0.068944	-0.028134	0.997224	0.467907	-0.881923	-0.057230	0.881084	0.470554	-0.047640
17055	9.255380	1.742644	0.517065	-0.542239	-1.236118	0.042141	0.080101	-0.022754	0.996527	0.463085	-0.884452	-0.057418	0.882687	0.466076	-0.060308
17056	9.111330	1.045678	0.312440	-0.783444	-1.254369	0.021477	0.091104	-0.017051	0.995695	0.456699	-0.887794	-0.056990	0.884944	0.459925	-0.073095
17057	9.206930	0.001697	0.075749	-0.969908	-1.300547	0.003563	0.102708	-0.011194	0.994649	0.448088	-0.892214	-0.056311	0.888070	0.451474	-0.086622
17058	9.364435	-0.865098	-0.347169	-1.057731	-1.373603	0.007011	0.114708	-0.005030	0.993386	0.439402	-0.896588	-0.055279	0.890937	0.442837	-0.100636
17059	9.597969	-1.635104	-0.883833	-1.056126	-1.453983	0.021049	0.127832	0.001111	0.991795	0.429941	-0.901216	-0.054405	0.893762	0.433368	-0.115682
17060	9.775019	-1.883849	-1.205918	-0.978916	-1.490034	0.055685	0.141236	0.006872	0.989952	0.421453	-0.905250	-0.053845	0.895785	0.424823	-0.130750
17061	9.778344	-1.756484	-1.398135	-0.916419	-1.502938	0.071142	0.155064	0.012507	0.987825	0.413118	-0.909114	-0.053339	0.897379	0.416360	-0.146138
17062	9.746328	-1.446814	-1.436599	-0.896387	-1.526942	0.096688	0.168907	0.017942	0.985469	0.405453	-0.912585	-0.052878	0.898376	0.408492	-0.161416
17063	9.609638	-0.841687	-1.277114	-0.928607	-1.529387	0.099143	0.183107	0.023174	0.982820	0.396917	-0.916361	-0.052342	0.899405	0.399682	-0.176990
17064	9.470024	-0.526172	-1.057526	-1.021450	-1.517358	0.094700	0.196908	0.028345	0.980012	0.387827	-0.920303	-0.051306	0.900454	0.390178	-0.192208
17065	9.509905	-0.322589	-0.960268	-1.046576	-1.479068	0.081500	0.210600	0.033247	0.977007	0.378217	-0.924362	-0.050072	0.901443	0.380065	-0.207245
17066	9.579631	-0.352535	-1.018613	-1.039525	-1.387437	0.068501	0.223119	0.037826	0.974057	0.369091	-0.928127	-0.048502	0.902214	0.370338	-0.221044
17067	9.683551	-0.373808	-1.176951	-0.927340	-1.286116	0.046244	0.234946	0.042056	0.971098	0.360600	-0.931541	-0.046900	0.902645	0.361197	-0.234027
17068	9.631785	-0.409844	-1.473368	-0.862578	-1.254135	0.020413	0.246168	0.046398	0.968116	0.353046	-0.934524	-0.044984	0.902640	0.352863	-0.246431
17069	9.795209	-0.615304	-1.684656	-0.796450	-1.300490	0.015444	0.258009	0.050745	0.964809	0.345803	-0.937313	-0.043176	0.902137	0.344773	-0.259383
17070	9.995167	-0.855156	-1.616835	-0.711953	-1.326407	0.024350	0.269997	0.055019	0.961288	0.339451	-0.939705	-0.041558	0.901041	0.337530	-0.272394
17071	9.989276	-1.057408	-1.398111	-0.645615	-1.346196	0.060714	0.282370	0.058900	0.957496	0.333452	-0.941901	-0.040396	0.899487	0.330685	-0.285606
17072	10.066706	-1.115989	-1.243358	-0.604793	-1.386146	0.086633	0.295078	0.062597	0.953420	0.327828	-0.943912	-0.039488	0.897473	0.324210	-0.299049
17073	10.205693	-0.850369	-0.873067	-0.629985	-1.395965	0.097246	0.307957	0.066110	0.949101	0.321867	-0.946000	-0.038543	0.895301	0.317353	-0.312606
17074	10.189110	-0.571142	-0.526525	-0.734286	-1.396224	0.103206	0.320736	0.069474	0.944617	0.315036	-0.948350	-0.037219	0.893242	0.309526	-0.326057
17075	10.097301	-0.239858	-0.399241	-0.885897	-1.395860	0.120435	0.333615	0.072538	0.939915	0.306715	-0.951141	-0.035461	0.891419	0.300116	-0.339563
17076	10.209776	-0.034984	-0.557255	-1.074310	-1.409458	0.149902	0.346584	0.075227	0.934998	0.296705	-0.954392	-0.033194	0.889857	0.288923	-0.353097
