// General information: 
//  MT Manager version: 2022.2.0 
//  XDA version: 2022.2.0 build 7381 rev 124627 built on 2023-07-19
// Device information: 
//  DeviceId: 00B4CAF0
//  ProductCode: MTW2-3A7G6
//  Firmware Version: 4.6.0
//  Hardware Version: 2.0.0
// Device settings: 
//  Filter Profile: human(46.1)
//  Option Flags: Orientation Smoother Disabled, Position/Velocity Smoother Disabled, Continuous Zero Rotation Update Disabled, AHS Disabled, ICC Disabled
// Coordinate system: ENU
PacketCounter	Acc_X	Acc_Y	Acc_Z	Gyr_X	Gyr_Y	Gyr_Z	Mat[1][1]	Mat[2][1]	Mat[3][1]	Mat[1][2]	Mat[2][2]	Mat[3][2]	Mat[1][3]	Mat[2][3]	Mat[3][3]
07297	4.826534	-3.216572	8.280778	-0.118138	0.075922	0.084677	-0.730169	-0.488474	0.477751	0.382988	-0.871644	-0.305870	0.565839	-0.040364	0.823527
07298	4.798548	-3.178823	8.284446	-0.104036	0.065104	0.076049	-0.730249	-0.489051	0.477039	0.382909	-0.871264	-0.307048	0.565789	-0.041559	0.823502
07299	4.772163	-3.184990	8.269785	-0.093966	0.060396	0.073190	-0.730301	-0.489651	0.476343	0.382892	-0.870874	-0.308177	0.565733	-0.042674	0.823483
07300	4.787143	-3.214127	8.316141	-0.081798	0.056659	0.064713	-0.730359	-0.490160	0.475730	0.382835	-0.870536	-0.309199	0.565697	-0.043700	0.823454
07301	4.743326	-3.234759	8.278009	-0.071881	0.053605	0.059363	-0.730425	-0.490641	0.475131	0.382842	-0.870220	-0.310079	0.565606	-0.044589	0.823469
07302	4.735044	-3.275036	8.227808	-0.061662	0.043394	0.048697	-0.730464	-0.491011	0.474689	0.382763	-0.869970	-0.310879	0.565610	-0.045393	0.823423
07303	4.791763	-3.234609	8.372079	-0.050921	0.032175	0.042876	-0.730473	-0.491358	0.474317	0.382767	-0.869743	-0.311507	0.565596	-0.045994	0.823399
07304	4.784184	-3.227520	8.340502	-0.042765	0.041318	0.041366	-0.730550	-0.491683	0.473860	0.382806	-0.869527	-0.312061	0.565469	-0.046579	0.823453
07305	4.726717	-3.206222	8.338174	-0.041492	0.024357	0.038031	-0.730533	-0.491991	0.473568	0.382829	-0.869328	-0.312588	0.565476	-0.047061	0.823421
07306	4.817902	-3.262678	8.401239	-0.039821	0.014866	0.038159	-0.730479	-0.492320	0.473309	0.382887	-0.869118	-0.313100	0.565506	-0.047489	0.823376
07307	4.914003	-3.182653	8.388859	-0.045421	0.027789	0.039786	-0.730475	-0.492640	0.472982	0.382901	-0.868907	-0.313668	0.565503	-0.048022	0.823347
07308	4.748417	-3.185421	8.311938	-0.048533	0.023069	0.041038	-0.730415	-0.492983	0.472718	0.382827	-0.868677	-0.314395	0.565631	-0.048670	0.823221
07309	4.768495	-3.322688	8.311315	-0.039793	0.021681	0.039275	-0.730378	-0.493301	0.472443	0.382868	-0.868470	-0.314915	0.565650	-0.049123	0.823181
07310	4.761880	-3.269212	8.298008	-0.032276	0.020962	0.034571	-0.730355	-0.493557	0.472211	0.382872	-0.868302	-0.315375	0.565677	-0.049539	0.823137
07311	4.796958	-3.284761	8.326922	-0.026958	0.011421	0.027866	-0.730304	-0.493781	0.472056	0.382903	-0.868157	-0.315734	0.565723	-0.049830	0.823089
07312	4.812910	-3.249114	8.360018	-0.026548	0.018899	0.031320	-0.730281	-0.494039	0.471821	0.382935	-0.867989	-0.316158	0.565730	-0.050208	0.823061
07313	4.862704	-3.189991	8.399793	-0.033327	0.014218	0.039407	-0.730201	-0.494362	0.471606	0.383014	-0.867784	-0.316625	0.565779	-0.050568	0.823005
07314	4.787865	-3.184776	8.373194	-0.042194	0.029864	0.034486	-0.730235	-0.494658	0.471243	0.383014	-0.867583	-0.317176	0.565736	-0.051121	0.823001
07315	4.785673	-3.302725	8.326310	-0.041460	0.024452	0.037883	-0.730219	-0.494962	0.470948	0.383035	-0.867381	-0.317702	0.565742	-0.051602	0.822966
07316	4.856779	-3.308790	8.393878	-0.038199	0.027501	0.039130	-0.730211	-0.495258	0.470650	0.383029	-0.867181	-0.318255	0.565757	-0.052120	0.822923
07317	4.830556	-3.249928	8.366598	-0.040166	0.037378	0.043134	-0.730248	-0.495601	0.470232	0.383097	-0.866953	-0.318795	0.565663	-0.052655	0.822953
07318	4.717476	-3.278314	8.292554	-0.041630	0.035695	0.040400	-0.730280	-0.495918	0.469847	0.383090	-0.866735	-0.319394	0.565626	-0.053253	0.822940
07319	4.772567	-3.337113	8.358857	-0.040196	0.030611	0.041923	-0.730283	-0.496253	0.469488	0.383148	-0.866512	-0.319928	0.565583	-0.053755	0.822938
07320	4.781552	-3.344079	8.300822	-0.036032	0.035323	0.034625	-0.730344	-0.496528	0.469102	0.383162	-0.866322	-0.320427	0.565494	-0.054280	0.822964
07321	4.780367	-3.339619	8.342295	-0.037102	0.028565	0.039462	-0.730345	-0.496843	0.468767	0.383220	-0.866112	-0.320924	0.565454	-0.054744	0.822961
07322	4.720361	-3.326569	8.298934	-0.034688	0.038729	0.034785	-0.730431	-0.497091	0.468372	0.383234	-0.865938	-0.321377	0.565334	-0.055247	0.823010
07323	4.754096	-3.365271	8.319101	-0.030213	0.024776	0.032719	-0.730436	-0.497349	0.468089	0.383282	-0.865765	-0.321785	0.565295	-0.055633	0.823011
07324	4.803050	-3.306257	8.359897	-0.026449	0.032564	0.033516	-0.730477	-0.497666	0.467688	0.383359	-0.865551	-0.322269	0.565190	-0.056118	0.823050
07325	4.727560	-3.299364	8.333957	-0.023815	0.032547	0.032718	-0.730526	-0.497920	0.467341	0.383443	-0.865381	-0.322625	0.565070	-0.056487	0.823107
07326	4.779258	-3.276003	8.397373	-0.028369	0.032933	0.032411	-0.730587	-0.498178	0.466970	0.383503	-0.865205	-0.323026	0.564949	-0.056914	0.823161
07327	4.825689	-3.339094	8.350166	-0.032953	0.042845	0.037192	-0.730677	-0.498464	0.466523	0.383569	-0.865007	-0.323478	0.564788	-0.057414	0.823236
07328	4.788533	-3.291012	8.413780	-0.035660	0.045611	0.041876	-0.730753	-0.498824	0.466021	0.383623	-0.864757	-0.324080	0.564654	-0.058046	0.823284
07329	4.976273	-3.332169	8.439351	-0.049301	0.057334	0.052479	-0.730866	-0.499233	0.465405	0.383708	-0.864473	-0.324737	0.564450	-0.058759	0.823374
07330	4.878089	-3.300169	8.409116	-0.050468	0.079165	0.072543	-0.731031	-0.499819	0.464515	0.383944	-0.864076	-0.325514	0.564074	-0.059613	0.823569
07331	4.910671	-3.369602	8.495044	-0.054218	0.103050	0.077729	-0.731304	-0.500418	0.463439	0.384187	-0.863661	-0.326329	0.563555	-0.060598	0.823853
07332	5.035918	-3.418575	8.470317	-0.055115	0.127301	0.097485	-0.731638	-0.501201	0.462064	0.384579	-0.863124	-0.327285	0.562854	-0.061754	0.824246
07333	4.972136	-3.405657	8.545694	-0.057149	0.159082	0.115398	-0.732079	-0.502087	0.460401	0.385082	-0.862516	-0.328296	0.561936	-0.063047	0.824775
07334	5.320183	-3.483217	8.589339	-0.056221	0.209615	0.138439	-0.732711	-0.503146	0.458234	0.385745	-0.861781	-0.329445	0.560657	-0.064627	0.825522
07335	4.970031	-3.447312	8.420000	-0.045966	0.264567	0.165630	-0.733543	-0.504389	0.455529	0.386681	-0.860923	-0.330589	0.558921	-0.066357	0.826562
07336	4.532830	-3.442496	8.262184	-0.047597	0.271362	0.174179	-0.734393	-0.505702	0.452694	0.387730	-0.860017	-0.331716	0.557074	-0.068087	0.827667
07337	4.367576	-3.412031	8.299827	-0.029178	0.252875	0.149456	-0.735211	-0.506802	0.450130	0.388646	-0.859246	-0.332640	0.555355	-0.069619	0.828694
07338	4.362900	-3.417887	8.365612	-0.026018	0.231856	0.136694	-0.735974	-0.507788	0.447766	0.389510	-0.858553	-0.333420	0.553737	-0.070979	0.829661
07339	4.315226	-3.311218	8.293207	-0.023154	0.215887	0.116469	-0.736705	-0.508622	0.445612	0.390219	-0.857951	-0.334139	0.552264	-0.072276	0.830531
07340	4.209813	-3.371660	8.302221	-0.025118	0.189365	0.097608	-0.737349	-0.509290	0.443779	0.390706	-0.857449	-0.334859	0.551059	-0.073521	0.831221
07341	4.209128	-3.437337	8.263195	-0.018375	0.152717	0.078680	-0.737873	-0.509841	0.442273	0.391165	-0.857040	-0.335368	0.550030	-0.074458	0.831819
07342	4.195488	-3.485984	8.249452	-0.003718	0.124399	0.056220	-0.738337	-0.510250	0.441026	0.391584	-0.856739	-0.335650	0.549109	-0.075124	0.832367
07343	4.168530	-3.494722	8.270845	0.011747	0.094658	0.034506	-0.738712	-0.510464	0.440148	0.391883	-0.856578	-0.335712	0.548390	-0.075508	0.832807
07344	4.161283	-3.471882	8.284210	0.019842	0.060221	0.009590	-0.739009	-0.510518	0.439587	0.392094	-0.856534	-0.335575	0.547839	-0.075634	0.833158
07345	4.208195	-3.439093	8.278505	0.036675	0.033824	-0.011854	-0.739232	-0.510380	0.439372	0.392188	-0.856629	-0.335225	0.547471	-0.075493	0.833412
07346	4.266523	-3.427310	8.449833	0.039501	0.009067	-0.030281	-0.739388	-0.510138	0.439392	0.392158	-0.856793	-0.334839	0.547282	-0.075265	0.833557
07347	4.599221	-3.494334	8.496474	0.027015	0.001103	-0.027031	-0.739491	-0.509895	0.439500	0.392086	-0.856958	-0.334503	0.547194	-0.075040	0.833635
07348	4.562980	-3.343601	8.524709	0.025806	0.003907	-0.017208	-0.739572	-0.509761	0.439520	0.392085	-0.857051	-0.334264	0.547086	-0.074883	0.833720
07349	4.510350	-3.335649	8.512159	0.015068	0.008571	-0.012914	-0.739660	-0.509633	0.439518	0.392052	-0.857134	-0.334090	0.546989	-0.074799	0.833791
07350	4.474265	-3.388997	8.453948	0.004686	0.004317	-0.011312	-0.739723	-0.509508	0.439558	0.391948	-0.857209	-0.334022	0.546980	-0.074800	0.833797
07351	4.423821	-3.418718	8.462742	0.001212	-0.002801	-0.009830	-0.739737	-0.509416	0.439641	0.391862	-0.857266	-0.333976	0.547022	-0.074776	0.833772
07352	4.529694	-3.406810	8.499112	-0.001249	-0.007208	-0.010440	-0.739737	-0.509383	0.439681	0.391823	-0.857285	-0.333971	0.547051	-0.074774	0.833753
07353	4.546692	-3.399691	8.482104	-0.007086	-0.002284	-0.003500	-0.739729	-0.509344	0.439738	0.391738	-0.857304	-0.334023	0.547121	-0.074824	0.833702
07354	4.477641	-3.379219	8.494649	-0.004347	0.004514	-0.003139	-0.739765	-0.509281	0.439751	0.391646	-0.857335	-0.334051	0.547140	-0.074893	0.833684
07355	4.637142	-3.477088	8.538290	-0.006194	0.004237	0.004667	-0.739761	-0.509308	0.439726	0.391627	-0.857313	-0.334131	0.547159	-0.074969	0.833665
07356	4.808935	-3.486572	8.563476	0.010596	0.045709	0.009106	-0.739953	-0.509311	0.439400	0.391620	-0.857290	-0.334197	0.546903	-0.075213	0.833810
07357	4.553286	-3.424287	8.418933	0.018894	0.074016	0.017658	-0.740280	-0.509396	0.438750	0.391834	-0.857220	-0.334126	0.546307	-0.075429	0.834181
07358	4.319934	-3.385848	8.394651	0.022099	0.069155	0.011436	-0.740609	-0.509440	0.438143	0.392023	-0.857178	-0.334011	0.545725	-0.075610	0.834546
07359	4.439109	-3.370666	8.491150	0.014437	0.053547	0.009847	-0.740854	-0.509473	0.437690	0.392155	-0.857145	-0.333942	0.545298	-0.075760	0.834812
07360	4.486725	-3.330857	8.526509	0.004791	0.049618	0.009589	-0.741082	-0.509529	0.437238	0.392244	-0.857090	-0.333977	0.544923	-0.076000	0.835035
07361	4.413372	-3.333150	8.531459	-0.008160	0.043715	0.014434	-0.741255	-0.509610	0.436851	0.392287	-0.857016	-0.334116	0.544657	-0.076294	0.835181
07362	4.426140	-3.395035	8.487684	-0.015166	0.039732	0.013443	-0.741408	-0.509683	0.436506	0.392252	-0.856939	-0.334356	0.544475	-0.076674	0.835266
07363	4.387087	-3.429494	8.439051	-0.020504	0.022724	0.017776	-0.741453	-0.509808	0.436283	0.392253	-0.856838	-0.334614	0.544413	-0.076967	0.835279
07364	4.438748	-3.406227	8.503743	-0.025223	0.018000	0.013783	-0.741497	-0.509916	0.436083	0.392210	-0.856744	-0.334903	0.544384	-0.077293	0.835268
07365	4.435340	-3.418153	8.462258	-0.030047	0.016036	0.013650	-0.741522	-0.510011	0.435929	0.392128	-0.856657	-0.335222	0.544409	-0.077634	0.835220
07366	4.346920	-3.439002	8.439864	-0.032052	0.009558	0.011446	-0.741524	-0.510095	0.435827	0.392008	-0.856575	-0.335573	0.544492	-0.077988	0.835132
07367	4.346488	-3.486632	8.419955	-0.024126	-0.000213	0.004301	-0.741497	-0.510123	0.435840	0.391889	-0.856540	-0.335802	0.544615	-0.078195	0.835033
07368	4.363415	-3.503865	8.392818	-0.019580	-0.010253	-0.000271	-0.741438	-0.510117	0.435949	0.391745	-0.856530	-0.335994	0.544800	-0.078338	0.834899
07369	4.402487	-3.509156	8.463050	-0.019121	-0.021935	-0.006818	-0.741336	-0.510066	0.436181	0.391570	-0.856556	-0.336133	0.545063	-0.078392	0.834722
07370	4.437310	-3.451099	8.447454	-0.013693	-0.025448	-0.003238	-0.741204	-0.510095	0.436372	0.391473	-0.856534	-0.336302	0.545313	-0.078440	0.834554
07371	4.441680	-3.510484	8.458288	-0.015844	-0.028515	-0.010489	-0.741080	-0.510018	0.436671	0.391289	-0.856581	-0.336396	0.545612	-0.078432	0.834359
07372	4.497034	-3.516943	8.470144	-0.013867	-0.030591	-0.006862	-0.740934	-0.510009	0.436929	0.391153	-0.856584	-0.336547	0.545908	-0.078453	0.834164
07373	4.514128	-3.452196	8.439323	-0.014929	-0.023039	-0.008723	-0.740834	-0.509943	0.437176	0.390987	-0.856622	-0.336642	0.546163	-0.078465	0.833996
07374	4.483581	-3.512396	8.451804	-0.015031	-0.020282	-0.004860	-0.740736	-0.509951	0.437334	0.390880	-0.856612	-0.336793	0.546373	-0.078529	0.833853
07375	4.642759	-3.530094	8.491579	-0.008864	-0.013867	0.001840	-0.740644	-0.509968	0.437469	0.390826	-0.856601	-0.336883	0.546536	-0.078536	0.833745
07376	4.572201	-3.495956	8.472192	0.001856	0.009887	-0.002833	-0.740705	-0.509969	0.437366	0.390833	-0.856594	-0.336891	0.546449	-0.078600	0.833796
07377	4.411973	-3.442960	8.409631	0.007333	0.005716	0.009654	-0.740689	-0.510038	0.437311	0.390925	-0.856556	-0.336881	0.546404	-0.078568	0.833829
07378	4.449566	-3.513783	8.452772	0.006373	0.000903	-0.001031	-0.740686	-0.510069	0.437281	0.390961	-0.856538	-0.336885	0.546383	-0.078566	0.833842
07379	4.465561	-3.461205	8.455699	0.005104	0.004355	-0.000117	-0.740701	-0.510055	0.437271	0.390969	-0.856548	-0.336851	0.546356	-0.078546	0.833862
07380	4.412706	-3.432532	8.451994	0.009014	0.000850	-0.001763	-0.740702	-0.510025	0.437304	0.390968	-0.856571	-0.336794	0.546355	-0.078492	0.833868
07381	4.413084	-3.454069	8.442630	0.008837	-0.004296	-0.005381	-0.740691	-0.509973	0.437384	0.390957	-0.856611	-0.336705	0.546378	-0.078396	0.833861
07382	4.448344	-3.474685	8.431649	0.009294	-0.006365	-0.006975	-0.740679	-0.509934	0.437450	0.390979	-0.856645	-0.336592	0.546379	-0.078273	0.833872
07383	4.414799	-3.451755	8.442680	0.012925	-0.012260	-0.008373	-0.740636	-0.509862	0.437606	0.390969	-0.856703	-0.336456	0.546445	-0.078101	0.833845
07384	4.470471	-3.447087	8.497363	0.010537	-0.018372	-0.006466	-0.740555	-0.509839	0.437769	0.390991	-0.856733	-0.336354	0.546538	-0.077925	0.833801
07385	4.558967	-3.473193	8.499687	0.008203	-0.007372	-0.007409	-0.740535	-0.509773	0.437881	0.390962	-0.856782	-0.336262	0.546586	-0.077819	0.833779
07386	4.523444	-3.437163	8.478975	0.005105	-0.005251	-0.005083	-0.740514	-0.509716	0.437982	0.390876	-0.856816	-0.336277	0.546676	-0.077821	0.833720
07387	4.454683	-3.438061	8.482116	0.007389	0.003618	-0.003126	-0.740537	-0.509677	0.437988	0.390874	-0.856843	-0.336210	0.546646	-0.077778	0.833744
07388	4.489325	-3.458958	8.471336	0.007643	-0.002546	-0.001950	-0.740517	-0.509640	0.438065	0.390820	-0.856866	-0.336216	0.546712	-0.077769	0.833701
07389	4.453407	-3.467853	8.431789	0.010918	0.000480	-0.000659	-0.740514	-0.509625	0.438089	0.390856	-0.856883	-0.336131	0.546692	-0.077680	0.833723
07390	4.419165	-3.445199	8.443073	0.010462	-0.007058	-0.004028	-0.740486	-0.509653	0.438103	0.390954	-0.856878	-0.336028	0.546659	-0.077546	0.833757
07391	4.490803	-3.500879	8.452749	0.011199	-0.006735	-0.005871	-0.740463	-0.509599	0.438205	0.390952	-0.856922	-0.335918	0.546690	-0.077417	0.833748
07392	4.507738	-3.447477	8.455422	0.015007	-0.007481	-0.003654	-0.740432	-0.509575	0.438285	0.391012	-0.856952	-0.335771	0.546690	-0.077241	0.833765
07393	4.455662	-3.417993	8.451641	0.016378	-0.004080	-0.003475	-0.740415	-0.509539	0.438356	0.391057	-0.856988	-0.335628	0.546681	-0.077082	0.833785
07394	4.474423	-3.445222	8.457541	0.018003	-0.006843	-0.002118	-0.740380	-0.509554	0.438398	0.391138	-0.856992	-0.335524	0.546671	-0.076941	0.833805
07395	4.421131	-3.469151	8.393475	0.021687	-0.005234	-0.011335	-0.740386	-0.509452	0.438505	0.391154	-0.857071	-0.335303	0.546650	-0.076731	0.833838
07396	4.440125	-3.450677	8.418580	0.023034	-0.010386	-0.009730	-0.740355	-0.509368	0.438655	0.391143	-0.857137	-0.335146	0.546701	-0.076551	0.833822
07397	4.406998	-3.448874	8.420440	0.026870	-0.012183	-0.013906	-0.740334	-0.509249	0.438829	0.391168	-0.857234	-0.334870	0.546711	-0.076260	0.833841
07398	4.372815	-3.432812	8.390550	0.034721	-0.020236	-0.023601	-0.740317	-0.509080	0.439054	0.391225	-0.857373	-0.334448	0.546693	-0.075829	0.833892
07399	4.361664	-3.493951	8.419975	0.040926	-0.034074	-0.033232	-0.740252	-0.508812	0.439474	0.391184	-0.857578	-0.333970	0.546811	-0.075306	0.833862
07400	4.433063	-3.495543	8.375930	0.057789	-0.031644	-0.039773	-0.740223	-0.508467	0.439923	0.391126	-0.857835	-0.333377	0.546892	-0.074708	0.833863
07401	4.386207	-3.428944	8.423296	0.065109	-0.035908	-0.050432	-0.740215	-0.508052	0.440415	0.391090	-0.858144	-0.332621	0.546929	-0.073969	0.833905
07402	4.335660	-3.410985	8.337226	0.073153	-0.048390	-0.061518	-0.740186	-0.507538	0.441056	0.391033	-0.858527	-0.331699	0.547008	-0.073051	0.833934
07403	4.505812	-3.480358	8.463947	0.078837	-0.058424	-0.072135	-0.740139	-0.506952	0.441807	0.390912	-0.858955	-0.330732	0.547158	-0.072080	0.833920
07404	4.756956	-3.423569	8.545103	0.073722	-0.043542	-0.062132	-0.740143	-0.506429	0.442401	0.390880	-0.859341	-0.329765	0.547176	-0.071148	0.833988
07405	4.496882	-3.330373	8.465238	0.065138	-0.035797	-0.050604	-0.740136	-0.506011	0.442891	0.390844	-0.859649	-0.329007	0.547212	-0.070409	0.834028
07406	4.662908	-3.342878	8.579122	0.054119	-0.033539	-0.046054	-0.740124	-0.505603	0.443376	0.390738	-0.859939	-0.328374	0.547302	-0.069793	0.834020
07407	4.699563	-3.367289	8.527324	0.048631	-0.019377	-0.038284	-0.740159	-0.505278	0.443688	0.390702	-0.860171	-0.327807	0.547281	-0.069279	0.834076
07408	4.651039	-3.392753	8.537189	0.041737	-0.006494	-0.017871	-0.740187	-0.505132	0.443808	0.390790	-0.860288	-0.327396	0.547181	-0.068898	0.834174
07409	4.704629	-3.438593	8.533295	0.038734	0.009943	-0.022301	-0.740319	-0.504924	0.443823	0.390818	-0.860432	-0.326983	0.546981	-0.068618	0.834328
07410	4.842330	-3.376356	8.589167	0.039651	0.034010	-0.001712	-0.740505	-0.504889	0.443554	0.391000	-0.860464	-0.326682	0.546600	-0.068480	0.834589
07411	4.876410	-3.444126	8.636117	0.033014	0.066378	0.015530	-0.740798	-0.504968	0.442974	0.391277	-0.860413	-0.326485	0.546005	-0.068533	0.834974
07412	5.093393	-3.388235	8.707644	0.035724	0.127067	0.035202	-0.741346	-0.505190	0.441803	0.391734	-0.860256	-0.326350	0.544932	-0.068869	0.835647
07413	4.987649	-3.401947	8.622461	0.041044	0.189936	0.066799	-0.742109	-0.505624	0.440022	0.392434	-0.859952	-0.326310	0.543388	-0.069478	0.836602
07414	4.758470	-3.372541	8.620132	0.027989	0.223240	0.082288	-0.742990	-0.506186	0.437884	0.393217	-0.859551	-0.326425	0.541615	-0.070347	0.837678
07415	5.054742	-3.491433	8.792556	0.012361	0.264610	0.105828	-0.743995	-0.506898	0.435345	0.394052	-0.859028	-0.326792	0.539624	-0.071583	0.838857
07416	5.214350	-3.543641	8.798691	0.008950	0.349256	0.139247	-0.745320	-0.507896	0.431901	0.395166	-0.858291	-0.327384	0.536974	-0.073333	0.840405
07417	4.577064	-3.544804	8.472425	0.020262	0.399189	0.164544	-0.746798	-0.509003	0.428029	0.396484	-0.857474	-0.327930	0.533941	-0.075191	0.842172
07418	4.153250	-3.437495	8.402688	0.037031	0.381464	0.154218	-0.748208	-0.510022	0.424338	0.397819	-0.856725	-0.328271	0.530966	-0.076805	0.843905
07419	4.429278	-3.161475	8.711071	0.044281	0.364884	0.147337	-0.749544	-0.510992	0.420797	0.399138	-0.856012	-0.328529	0.528083	-0.078291	0.845576
07420	4.337325	-2.943705	8.765334	0.018979	0.366279	0.163157	-0.750815	-0.512130	0.417132	0.400525	-0.855178	-0.329013	0.525220	-0.079956	0.847202
07421	4.093560	-3.072623	8.623413	-0.010078	0.335319	0.176286	-0.751857	-0.513357	0.413734	0.401779	-0.854271	-0.329840	0.522767	-0.081763	0.848546
07422	4.061602	-3.171695	8.598470	-0.028694	0.299450	0.174244	-0.752707	-0.514644	0.410578	0.402994	-0.853324	-0.330807	0.520604	-0.083540	0.849702
07423	3.997264	-3.258777	8.540265	-0.034023	0.273518	0.164668	-0.753456	-0.515809	0.407732	0.404040	-0.852452	-0.331779	0.518707	-0.085241	0.850692
07424	3.813714	-3.259061	8.461956	-0.030891	0.247504	0.140139	-0.754163	-0.516827	0.405128	0.405010	-0.851686	-0.332562	0.516919	-0.086725	0.851630
07425	3.670668	-3.332786	8.499480	-0.028628	0.197622	0.122069	-0.754680	-0.517685	0.403063	0.405766	-0.851034	-0.333309	0.515569	-0.087993	0.852318
07426	3.564998	-3.307241	8.425606	-0.031430	0.151889	0.102689	-0.755030	-0.518429	0.401448	0.406367	-0.850470	-0.334015	0.514583	-0.089056	0.852803
07427	3.361619	-3.326586	8.331315	-0.029151	0.092650	0.071292	-0.755209	-0.518945	0.400445	0.406737	-0.850079	-0.334559	0.514028	-0.089786	0.853061
07428	3.303429	-3.369327	8.297963	-0.022724	0.025831	0.028388	-0.755219	-0.519187	0.400112	0.406836	-0.849893	-0.334914	0.513935	-0.090153	0.853079
07429	3.494562	-3.470651	8.347927	-0.017981	-0.042201	-0.001968	-0.755002	-0.519200	0.400503	0.406711	-0.849891	-0.335069	0.514352	-0.090089	0.852834
07430	3.638486	-3.393312	8.413793	-0.011181	-0.093898	-0.025550	-0.754616	-0.519078	0.401388	0.406429	-0.850001	-0.335134	0.515140	-0.089762	0.852393
07431	3.214245	-3.112384	8.174479	-0.002239	-0.135011	-0.061069	-0.754160	-0.518672	0.402768	0.405939	-0.850320	-0.334917	0.516193	-0.089082	0.851827
07432	2.608551	-3.099284	7.880657	0.007069	-0.233204	-0.131794	-0.753483	-0.517752	0.405211	0.404974	-0.851013	-0.334325	0.517937	-0.087808	0.850900
07433	2.274459	-3.267772	7.525664	0.048457	-0.388477	-0.231275	-0.752392	-0.516111	0.409311	0.403467	-0.852255	-0.332981	0.520692	-0.085389	0.849464
07434	2.057643	-3.195215	7.304483	0.117924	-0.589350	-0.353860	-0.750734	-0.513599	0.415469	0.401455	-0.854168	-0.330501	0.524625	-0.081327	0.847440
07435	1.531804	-3.120128	7.148205	0.188184	-0.829059	-0.519720	-0.748433	-0.509794	0.424215	0.398534	-0.856979	-0.326737	0.530112	-0.075476	0.844562
07436	1.968605	-3.642647	7.329933	0.276176	-1.119548	-0.712563	-0.745287	-0.504479	0.435946	0.394652	-0.860782	-0.321410	0.537399	-0.067496	0.840623
07437	4.552061	-3.509556	8.798383	0.387639	-1.303371	-0.862027	-0.741603	-0.497846	0.449638	0.390324	-0.865349	-0.314352	0.545593	-0.057620	0.836067
07438	8.649373	-7.431122	9.139087	0.560131	-1.195712	-0.833323	-0.738279	-0.491190	0.462251	0.387132	-0.869788	-0.305937	0.552334	-0.046915	0.832302
07439	7.433354	-4.110246	9.449216	0.835802	-0.774459	-0.608592	-0.736339	-0.486198	0.470549	0.387254	-0.873113	-0.296156	0.554832	-0.035850	0.831189
07440	5.677204	-2.661893	9.739403	0.822090	-0.710743	-0.549440	-0.734511	-0.481559	0.478115	0.387680	-0.876049	-0.286780	0.556954	-0.025288	0.830159
07441	6.201082	-2.748862	10.179100	0.636710	-0.593110	-0.445472	-0.732921	-0.477767	0.484321	0.387946	-0.878325	-0.279362	0.558861	-0.016861	0.829090
07442	5.014495	-2.715030	9.485652	0.439641	-0.521095	-0.394502	-0.731532	-0.474349	0.489748	0.387410	-0.880272	-0.273924	0.561047	-0.010651	0.827715
07443	5.721120	-2.521295	9.775842	0.253009	-0.549200	-0.395155	-0.729961	-0.470902	0.495387	0.385927	-0.882166	-0.269894	0.564107	-0.005829	0.825681
07444	4.631691	-3.144132	9.247035	0.013757	-0.509404	-0.470512	-0.728887	-0.466741	0.500875	0.382531	-0.884388	-0.267448	0.567797	-0.003339	0.823162
07445	3.592058	-3.016710	10.033386	-0.058427	-0.581583	-0.560512	-0.727694	-0.461779	0.507170	0.378097	-0.886994	-0.265111	0.572279	-0.001160	0.820058
07446	4.647746	-1.620989	10.706848	-0.393586	-0.631397	-0.733335	-0.726816	-0.455234	0.514296	0.370455	-0.890370	-0.264583	0.578361	-0.001780	0.815779
07447	3.521894	-2.199128	10.811956	-0.808391	-0.622505	-0.987664	-0.726782	-0.446433	0.522002	0.358552	-0.894796	-0.266047	0.585857	-0.006193	0.810391
07448	3.858189	-4.372911	9.818505	-1.116047	-0.684749	-1.243914	-0.727108	-0.435240	0.530925	0.342847	-0.900218	-0.268444	0.594786	-0.013162	0.803776
07449	4.122443	-5.151640	9.455260	-1.180322	-0.709487	-1.479048	-0.727783	-0.421989	0.540608	0.324994	-0.906363	-0.269974	0.603913	-0.020788	0.796779
07450	4.848545	-5.318032	9.753478	-1.288007	-0.690598	-1.686696	-0.728907	-0.406706	0.550713	0.304762	-0.913078	-0.270941	0.613037	-0.029654	0.789497
07451	4.450707	-6.308114	10.211684	-1.158664	-0.479690	-1.867765	-0.731436	-0.389738	0.559558	0.283961	-0.920126	-0.269693	0.619974	-0.038371	0.783684
07452	1.704289	-4.715205	11.302073	-1.012520	-0.197761	-1.893257	-0.735372	-0.372178	0.566313	0.263554	-0.926967	-0.266966	0.624313	-0.047066	0.779755
07453	1.500781	-4.559408	11.863960	-1.155648	0.048860	-1.801747	-0.740230	-0.355386	0.570755	0.243010	-0.932919	-0.265724	0.626902	-0.057998	0.776936
07454	0.048083	-7.846117	10.975471	-1.365630	0.250812	-1.561544	-0.745432	-0.340478	0.573066	0.222612	-0.937508	-0.267437	0.628311	-0.071784	0.774644
07455	0.714854	-11.991891	10.298427	-0.655832	0.294635	-1.406556	-0.750298	-0.327029	0.574547	0.207953	-0.941711	-0.264452	0.627541	-0.078939	0.774571
07456	-2.357252	-8.265949	10.613136	-0.228993	0.591516	-1.136991	-0.756286	-0.315615	0.573079	0.197579	-0.945226	-0.259826	0.623694	-0.083274	0.777220
07457	-3.642308	-5.819468	10.601957	-0.330445	0.543955	-0.850550	-0.761300	-0.307088	0.571068	0.189049	-0.947594	-0.257539	0.620228	-0.088105	0.779458
07458	-3.827251	-5.683935	10.497745	-0.656903	0.530406	-0.633885	-0.765800	-0.300321	0.568645	0.179770	-0.948976	-0.259088	0.617441	-0.096184	0.780715
07459	-3.790422	-6.597262	10.589253	-0.726465	0.534989	-0.490152	-0.769944	-0.295120	0.565765	0.171509	-0.949708	-0.261991	0.614631	-0.104684	0.781838
07460	-3.156992	-6.165726	11.217852	-0.611910	0.572357	-0.383388	-0.774184	-0.290546	0.562336	0.164395	-0.950233	-0.264635	0.611239	-0.112431	0.783420
07461	-2.764225	-5.266050	11.700878	-0.544069	0.646701	-0.280407	-0.778564	-0.287120	0.558032	0.158881	-0.950414	-0.267339	0.607120	-0.119480	0.785576
07462	-2.262228	-4.489031	12.071025	-0.550439	0.686047	-0.178254	-0.783089	-0.284145	0.553202	0.153624	-0.950337	-0.270665	0.602636	-0.126970	0.787850
07463	-1.329376	-3.848950	12.430949	-0.629570	0.746518	-0.059146	-0.787647	-0.282594	0.547497	0.149357	-0.949681	-0.275314	0.597749	-0.135078	0.790221
07464	-0.795916	-3.751268	12.353127	-0.711086	0.793662	0.069149	-0.792388	-0.281842	0.541005	0.145233	-0.948528	-0.281429	0.592477	-0.144430	0.792535
07465	-0.277999	-3.672577	12.043985	-0.747241	0.786569	0.181160	-0.796756	-0.282376	0.534270	0.142240	-0.946904	-0.288341	0.587323	-0.153742	0.794616
07466	0.405198	-3.650671	11.764069	-0.773205	0.729050	0.283332	-0.800751	-0.283661	0.527574	0.139585	-0.944880	-0.296172	0.582506	-0.163518	0.796209
07467	1.668314	-3.889879	11.906612	-0.785603	0.654695	0.393925	-0.803992	-0.286267	0.521198	0.138162	-0.942437	-0.304505	0.578366	-0.172810	0.797263
07468	4.879319	-4.391978	13.017260	-0.825070	0.714780	0.564931	-0.807464	-0.290123	0.513644	0.137607	-0.939319	-0.314236	0.573643	-0.183054	0.798389
07469	7.812045	-5.383418	13.551658	-0.880439	1.035538	0.838076	-0.812196	-0.296014	0.502707	0.139350	-0.935202	-0.325544	0.566498	-0.194353	0.800816
07470	8.731750	-6.201925	13.107825	-0.750890	1.472674	1.104069	-0.819033	-0.303163	0.487111	0.143789	-0.930365	-0.337262	0.555437	-0.206188	0.805591
07471	8.152816	-5.774146	11.856073	-0.519837	1.810823	1.275411	-0.827070	-0.311160	0.468118	0.151411	-0.925349	-0.347570	0.541322	-0.216586	0.812442
07472	7.618136	-4.630518	10.572028	-0.357215	1.989074	1.339393	-0.835731	-0.318909	0.447048	0.160304	-0.920309	-0.356839	0.525221	-0.226557	0.820253
07473	7.471228	-3.735526	9.455623	-0.324599	2.031340	1.363672	-0.843971	-0.326715	0.425406	0.170054	-0.915156	-0.365474	0.508719	-0.236107	0.827924
07474	7.667889	-3.513885	8.681168	-0.378928	2.008021	1.354083	-0.851795	-0.334010	0.403588	0.179314	-0.909743	-0.374451	0.492232	-0.246587	0.834807
07475	7.943330	-3.802573	8.002790	-0.410098	1.959726	1.350196	-0.858791	-0.341313	0.382078	0.188852	-0.904151	-0.383204	0.476248	-0.256936	0.840935
07476	7.951725	-4.035853	7.503951	-0.361744	1.881836	1.347247	-0.865133	-0.348305	0.360872	0.198462	-0.898537	-0.391464	0.460605	-0.267049	0.846480
07477	7.733825	-3.887024	7.096152	-0.269313	1.772300	1.364412	-0.870379	-0.355709	0.340459	0.209057	-0.893003	-0.398549	0.445798	-0.275712	0.851614
07478	7.416095	-3.601298	6.604764	-0.174770	1.611304	1.412850	-0.874550	-0.363557	0.320919	0.220324	-0.887416	-0.404907	0.431996	-0.283405	0.856190
07479	7.084880	-3.320291	6.204519	-0.050037	1.401700	1.476359	-0.877168	-0.372598	0.302899	0.233018	-0.881838	-0.409956	0.419857	-0.289019	0.860342
07480	7.077678	-2.968847	6.096721	0.086858	1.174501	1.536186	-0.878482	-0.382462	0.286344	0.246586	-0.876281	-0.413915	0.409225	-0.293009	0.864107
07481	7.364814	-2.851799	6.095888	0.241056	0.977364	1.572399	-0.878439	-0.393318	0.271379	0.261351	-0.870890	-0.416228	0.400052	-0.294706	0.867817
07482	8.177060	-2.753902	6.201713	0.386389	0.842207	1.587782	-0.877626	-0.404408	0.257344	0.276565	-0.865694	-0.417235	0.391515	-0.295004	0.871601
07483	8.508093	-2.795618	6.165608	0.526991	0.802516	1.585825	-0.876218	-0.415727	0.243747	0.292489	-0.860743	-0.416620	0.383003	-0.293757	0.875794
07484	8.335996	-2.300339	5.805630	0.684693	0.776492	1.515427	-0.874725	-0.426268	0.230548	0.308115	-0.856373	-0.414356	0.374062	-0.291412	0.880430
07485	7.810075	-1.274686	5.607811	0.768303	0.731763	1.373366	-0.873094	-0.435876	0.218449	0.322933	-0.852679	-0.410673	0.365269	-0.288012	0.885228
07486	7.334030	0.301186	5.712277	0.736397	0.661257	1.152768	-0.871793	-0.443617	0.207798	0.335445	-0.849733	-0.406731	0.357006	-0.284880	0.889601
07487	6.974917	1.479330	5.875147	0.565018	0.592330	0.889667	-0.870858	-0.449477	0.198940	0.345170	-0.847365	-0.403522	0.349949	-0.282742	0.893081
07488	6.722352	1.767549	5.878639	0.382276	0.533994	0.578602	-0.870781	-0.452724	0.191784	0.351370	-0.845850	-0.401343	0.343918	-0.282095	0.895624
07489	6.254436	1.560195	5.633948	0.322080	0.490707	0.196727	-0.871760	-0.452997	0.186622	0.354159	-0.845868	-0.398846	0.338534	-0.281604	0.897827
07490	5.789748	1.195501	5.588220	0.374705	0.419424	-0.193954	-0.873918	-0.450069	0.183589	0.353601	-0.847810	-0.395202	0.333517	-0.280457	0.900061
07491	5.475548	0.868213	5.719826	0.456351	0.326080	-0.504095	-0.876773	-0.444867	0.182655	0.350677	-0.851341	-0.390185	0.329083	-0.278051	0.902437
07492	5.246643	0.450002	5.692498	0.462580	0.209432	-0.712300	-0.879980	-0.438132	0.183507	0.345843	-0.855774	-0.384764	0.325618	-0.275120	0.904589
07493	5.117590	-0.703953	5.642933	0.429923	0.065224	-0.835986	-0.883057	-0.430770	0.186136	0.339846	-0.860582	-0.379345	0.323596	-0.271726	0.906339
07494	5.124675	-2.173835	5.381615	0.439749	-0.092251	-0.911182	-0.885851	-0.423102	0.190400	0.333142	-0.865664	-0.373687	0.322930	-0.267601	0.907803
07495	5.072562	-3.176253	5.317945	0.471312	-0.259092	-0.918654	-0.888042	-0.415803	0.196185	0.326494	-0.870767	-0.367649	0.323701	-0.262435	0.909036
07496	4.837442	-4.209839	5.175617	0.494223	-0.437771	-0.844547	-0.889372	-0.409522	0.203250	0.320536	-0.875539	-0.361508	0.325998	-0.256366	0.909946
07497	4.278564	-4.666133	5.096040	0.504436	-0.651336	-0.702213	-0.889468	-0.404996	0.211721	0.315922	-0.879675	-0.355479	0.330213	-0.249300	0.910389
07498	4.047064	-4.940574	5.256634	0.451366	-0.904294	-0.511207	-0.888078	-0.402665	0.221763	0.312820	-0.882852	-0.350307	0.336840	-0.241728	0.910003
07499	4.113013	-4.884697	5.493948	0.347628	-1.163500	-0.301044	-0.885042	-0.402761	0.233416	0.311314	-0.884893	-0.346480	0.346097	-0.233984	0.908553
07500	4.609741	-4.919225	6.003009	0.184515	-1.376124	-0.073867	-0.880452	-0.405226	0.246164	0.311238	-0.885622	-0.344680	0.357682	-0.226859	0.905869
07501	5.396509	-5.441192	6.382547	0.079936	-1.484808	0.111780	-0.874695	-0.409524	0.259228	0.312485	-0.885347	-0.344258	0.370489	-0.220116	0.902378
07502	5.919204	-5.402564	6.677726	0.056772	-1.509940	0.255225	-0.868225	-0.415001	0.271954	0.314842	-0.884425	-0.344482	0.383483	-0.213465	0.898540
07503	6.706503	-5.094224	7.028259	0.017745	-1.462467	0.374962	-0.861335	-0.421379	0.283798	0.318129	-0.882896	-0.345382	0.396101	-0.207206	0.894522
07504	6.758247	-4.911528	6.761239	0.004121	-1.336157	0.441938	-0.854575	-0.427953	0.294206	0.321851	-0.881036	-0.346681	0.407569	-0.201575	0.890649
07505	5.292281	-8.466724	4.726660	-0.003594	-1.217215	0.464080	-0.848045	-0.434448	0.303437	0.325762	-0.879030	-0.348117	0.417969	-0.196371	0.886984
07506	2.985504	-8.755438	3.917463	1.437441	-1.416040	0.329935	-0.841015	-0.439935	0.314883	0.334508	-0.880286	-0.336452	0.425204	-0.177630	0.887496
07507	2.266294	-4.613082	9.187702	2.391907	-1.414018	0.435461	-0.833486	-0.446080	0.326058	0.348344	-0.882283	-0.316596	0.428903	-0.150298	0.890760
07508	-0.342898	3.661022	15.474427	1.717589	-1.636734	0.770505	-0.823709	-0.455073	0.338248	0.362035	-0.881221	-0.303942	0.436387	-0.127902	0.890622
07509	-1.786014	7.385723	17.347017	0.749685	-2.401003	0.339072	-0.811787	-0.460907	0.358562	0.368118	-0.880566	-0.298486	0.453311	-0.110314	0.884500
07510	9.011525	11.927946	17.686000	0.288153	-2.569012	-0.659751	-0.802326	-0.457691	0.383135	0.364049	-0.883909	-0.293554	0.473013	-0.096047	0.875805
07511	14.286200	11.575038	17.558516	-0.366636	-1.593886	-1.168868	-0.798861	-0.448815	0.400482	0.352904	-0.888867	-0.292187	0.487114	-0.092085	0.868470
07512	13.894306	-10.601078	12.314076	-1.438700	-0.902023	-1.073883	-0.798077	-0.440150	0.411511	0.337277	-0.892247	-0.300233	0.499317	-0.100816	0.860534
07513	7.645012	-13.463570	7.023783	0.037016	-0.835277	-0.539243	-0.795682	-0.436144	0.420320	0.333139	-0.894651	-0.297687	0.505874	-0.096839	0.857154
07514	3.984344	-3.790995	7.736894	0.570079	-1.203231	-0.299362	-0.790520	-0.434573	0.431538	0.333678	-0.896476	-0.291528	0.513554	-0.086464	0.853690
07515	7.643678	5.165738	12.953408	-0.080619	-0.925871	-0.248037	-0.786549	-0.433120	0.440167	0.331278	-0.897490	-0.291148	0.521148	-0.083184	0.849403
07516	5.379361	-0.626528	9.419478	-0.680557	-0.623522	-0.123542	-0.783643	-0.432562	0.445863	0.326773	-0.897443	-0.296338	0.528321	-0.086527	0.844624
07517	8.373977	-10.761728	6.480665	-0.331649	-0.599824	-0.005852	-0.780470	-0.433016	0.450959	0.324938	-0.897186	-0.299120	0.534118	-0.086921	0.840930
07518	4.854139	-4.447037	7.812068	0.174705	-0.374777	0.089765	-0.778133	-0.434157	0.453891	0.326598	-0.896943	-0.298039	0.536510	-0.083674	0.839736
07519	5.475206	-2.359516	9.675958	0.014166	-0.360892	0.014015	-0.776140	-0.434567	0.456900	0.326756	-0.896899	-0.297997	0.539293	-0.081993	0.838117
07520	5.247975	-4.532472	8.001430	-0.067644	-0.193788	0.023788	-0.774978	-0.434954	0.458502	0.326599	-0.896738	-0.298654	0.541057	-0.081704	0.837007
07521	5.087184	-3.951132	8.151478	0.078820	-0.182512	0.008440	-0.773956	-0.435164	0.460027	0.327064	-0.896771	-0.298046	0.542238	-0.080216	0.836387
07522	5.428998	-2.087752	9.033405	0.009587	-0.103334	0.024180	-0.773280	-0.435474	0.460868	0.327320	-0.896672	-0.298063	0.543046	-0.079635	0.835918
07523	4.901469	-2.202137	8.858767	-0.099918	-0.068588	0.083073	-0.772630	-0.436260	0.461216	0.327392	-0.896235	-0.299294	0.543928	-0.080245	0.835286
07524	4.524276	-2.534516	8.902110	-0.110720	-0.100565	0.102249	-0.771708	-0.437272	0.461800	0.327602	-0.895697	-0.300672	0.545108	-0.080744	0.834468
07525	4.534099	-2.352591	8.993980	-0.123699	-0.137103	0.104888	-0.770611	-0.438308	0.462650	0.327708	-0.895144	-0.302201	0.546595	-0.081265	0.833444
07526	4.771891	-2.668613	8.727981	-0.150745	-0.163305	0.111369	-0.769311	-0.439454	0.463725	0.327767	-0.894529	-0.303951	0.548388	-0.081839	0.832210
07527	4.725743	-3.119326	8.408565	-0.140341	-0.184559	0.115773	-0.767912	-0.440627	0.464929	0.327859	-0.893910	-0.305668	0.550291	-0.082295	0.830908
07528	4.742798	-3.412164	8.297934	-0.107031	-0.188771	0.107988	-0.766476	-0.441764	0.466218	0.328125	-0.893343	-0.307038	0.552131	-0.082360	0.829680
07529	4.934449	-3.689369	8.252760	-0.077980	-0.172019	0.085584	-0.765238	-0.442656	0.467404	0.328322	-0.892906	-0.308097	0.553729	-0.082308	0.828619
07530	4.947686	-3.574266	8.200893	-0.062024	-0.133042	0.066036	-0.764244	-0.443369	0.468354	0.328507	-0.892560	-0.308900	0.554991	-0.082217	0.827784
07531	4.737301	-3.853912	8.172914	-0.026969	-0.106709	0.041273	-0.763509	-0.443812	0.469132	0.328646	-0.892361	-0.309329	0.555919	-0.081997	0.827183
07532	4.745727	-3.644820	8.238089	0.036558	-0.092062	0.005117	-0.762942	-0.443945	0.469928	0.328908	-0.892366	-0.309033	0.556542	-0.081211	0.826841
07533	4.975219	-3.371432	8.328981	0.064325	-0.069714	-0.016366	-0.762602	-0.443841	0.470578	0.329115	-0.892497	-0.308437	0.556886	-0.080341	0.826694
07534	4.839031	-3.310256	8.364301	0.080420	-0.057743	-0.020362	-0.762310	-0.443717	0.471167	0.329425	-0.892650	-0.307661	0.557102	-0.079319	0.826648
07535	4.831668	-3.122733	8.440890	0.089993	-0.054377	-0.026782	-0.762089	-0.443507	0.471722	0.329695	-0.892845	-0.306803	0.557244	-0.078287	0.826650
07536	4.854518	-3.096523	8.465292	0.090426	-0.064638	-0.022808	-0.761768	-0.443364	0.472375	0.330042	-0.893016	-0.305933	0.557478	-0.077146	0.826599
07537	4.773765	-3.090095	8.453319	0.074685	-0.075899	-0.016526	-0.761393	-0.443261	0.473076	0.330306	-0.893152	-0.305250	0.557834	-0.076155	0.826451
07538	4.854566	-3.175232	8.368737	0.078679	-0.083316	-0.015484	-0.760943	-0.443195	0.473861	0.330644	-0.893279	-0.304512	0.558248	-0.075037	0.826274
07539	4.861874	-3.167583	8.367393	0.083156	-0.077666	-0.020638	-0.760571	-0.443055	0.474588	0.330924	-0.893438	-0.303739	0.558588	-0.073963	0.826141
07540	4.850293	-3.186039	8.300844	0.088495	-0.073375	-0.025109	-0.760208	-0.442894	0.475319	0.331243	-0.893613	-0.302875	0.558893	-0.072802	0.826038
07541	4.813335	-3.309704	8.231061	0.100981	-0.059280	-0.038321	-0.759998	-0.442581	0.475947	0.331490	-0.893862	-0.301870	0.559033	-0.071649	0.826044
07542	4.788195	-3.314230	8.266132	0.134689	-0.050547	-0.052411	-0.759854	-0.442157	0.476571	0.331859	-0.894188	-0.300495	0.559010	-0.070178	0.826186
07543	4.852935	-3.126237	8.371463	0.149101	-0.041806	-0.068341	-0.759841	-0.441560	0.477144	0.332146	-0.894600	-0.298949	0.558857	-0.068672	0.826416
07544	4.912851	-3.165979	8.327374	0.149670	-0.025506	-0.084150	-0.759944	-0.440833	0.477653	0.332355	-0.895072	-0.297298	0.558593	-0.067179	0.826717
07545	4.877973	-3.084195	8.361572	0.168966	-0.011252	-0.093740	-0.760186	-0.439987	0.478047	0.332560	-0.895603	-0.295465	0.558141	-0.065629	0.827147
07546	4.874140	-3.184529	8.337639	0.199402	0.005424	-0.111117	-0.760552	-0.438995	0.478376	0.332839	-0.896220	-0.293272	0.557475	-0.063827	0.827737
07547	4.848162	-3.021463	8.385279	0.215600	0.015686	-0.128785	-0.761062	-0.437816	0.478645	0.333034	-0.896926	-0.290883	0.556662	-0.061975	0.828424
07548	4.886469	-3.048089	8.331376	0.224491	0.028057	-0.132817	-0.761628	-0.436614	0.478844	0.333282	-0.897643	-0.288375	0.555740	-0.060045	0.829185
07549	4.879263	-2.909184	8.385621	0.239564	0.034182	-0.141563	-0.762283	-0.435309	0.478989	0.333507	-0.898408	-0.285722	0.554705	-0.058055	0.830019
07550	4.848968	-2.866455	8.478311	0.223790	0.038030	-0.139954	-0.762928	-0.434035	0.479118	0.333690	-0.899143	-0.283183	0.553707	-0.056171	0.830815
07551	4.842831	-2.783682	8.472348	0.207648	0.037050	-0.137751	-0.763587	-0.432761	0.479221	0.333761	-0.899861	-0.280809	0.552756	-0.054477	0.831561
07552	4.851047	-2.851027	8.443515	0.182184	0.034041	-0.135818	-0.764196	-0.431526	0.479364	0.333740	-0.900545	-0.278632	0.551926	-0.052947	0.832211
07553	4.809635	-2.678003	8.587363	0.151196	0.020178	-0.126075	-0.764722	-0.430366	0.479569	0.333584	-0.901174	-0.276781	0.551292	-0.051684	0.832710
07554	4.895486	-2.424322	8.674093	0.097875	-0.002768	-0.097625	-0.765000	-0.429493	0.479907	0.333387	-0.901643	-0.275487	0.551025	-0.050753	0.832944
07555	4.859259	-2.760012	8.546096	0.064927	-0.020591	-0.085874	-0.765166	-0.428715	0.480338	0.333062	-0.902050	-0.274546	0.550990	-0.050091	0.833007
07556	4.822584	-2.697460	8.533967	0.046087	-0.039317	-0.077485	-0.765175	-0.428042	0.480923	0.332734	-0.902404	-0.273779	0.551176	-0.049469	0.832921
07557	4.893520	-2.637968	8.545980	0.027070	-0.064557	-0.065872	-0.765032	-0.427465	0.481664	0.332353	-0.902705	-0.273248	0.551604	-0.048961	0.832668
07558	4.846169	-2.766291	8.534927	0.016511	-0.082329	-0.057579	-0.764737	-0.426991	0.482552	0.332016	-0.902958	-0.272822	0.552217	-0.048422	0.832293
07559	4.879993	-2.645092	8.573091	0.012917	-0.101848	-0.058831	-0.764363	-0.426495	0.483583	0.331611	-0.903222	-0.272442	0.552977	-0.047883	0.831819
07560	4.931518	-2.738333	8.489416	0.009835	-0.114173	-0.060954	-0.763900	-0.426005	0.484743	0.331212	-0.903485	-0.272054	0.553855	-0.047269	0.831270
