// General information: 
//  MT Manager version: 2022.2.0 
//  XDA version: 2022.2.0 build 7381 rev 124627 built on 2023-07-19
// Device information: 
//  DeviceId: 00B4CB9F
//  ProductCode: MTW2-3A7G6
//  Firmware Version: 4.6.0
//  Hardware Version: 2.0.0
// Device settings: 
//  Filter Profile: human(46.1)
//  Option Flags: Orientation Smoother Disabled, Position/Velocity Smoother Disabled, Continuous Zero Rotation Update Disabled, AHS Disabled, ICC Disabled
// Coordinate system: ENU
PacketCounter	Acc_X	Acc_Y	Acc_Z	Gyr_X	Gyr_Y	Gyr_Z	Mat[1][1]	Mat[2][1]	Mat[3][1]	Mat[1][2]	Mat[2][2]	Mat[3][2]	Mat[1][3]	Mat[2][3]	Mat[3][3]
11800	9.685286	-0.778207	-1.391107	0.026115	0.002190	-0.000656	-0.170118	0.026097	0.985078	-0.273671	0.959074	-0.072669	-0.946659	-0.281950	-0.156013
11801	9.708236	-0.774332	-1.398024	0.022601	0.003037	-0.000907	-0.170151	0.026114	0.985072	-0.273902	0.959003	-0.072734	-0.946587	-0.282189	-0.156022
11802	9.676987	-0.766025	-1.409020	0.029305	0.007353	-0.000829	-0.170187	0.026193	0.985064	-0.274200	0.958908	-0.072871	-0.946494	-0.282506	-0.156012
11803	9.669284	-0.733240	-1.413765	0.022671	0.008377	0.000685	-0.170174	0.026240	0.985065	-0.274429	0.958836	-0.072951	-0.946430	-0.282745	-0.155968
11804	9.668275	-0.650406	-1.450603	0.020066	0.009388	-0.000827	-0.170144	0.026200	0.985071	-0.274997	0.958670	-0.072996	-0.946270	-0.283312	-0.155907
11805	9.651559	-0.625344	-1.487816	0.015104	0.007459	0.002928	-0.170146	0.026266	0.985069	-0.275151	0.958619	-0.073087	-0.946225	-0.283478	-0.155878
11806	9.651654	-0.625741	-1.487037	0.010265	0.007029	0.001389	-0.170117	0.026282	0.985073	-0.275368	0.958553	-0.073129	-0.946167	-0.283698	-0.155829
11807	9.658372	-0.699699	-1.507319	0.004615	0.006156	-0.004712	-0.170110	0.026271	0.985075	-0.275436	0.958534	-0.073127	-0.946149	-0.283765	-0.155820
11808	9.627124	-0.691125	-1.518555	0.010610	0.002805	0.002348	-0.170141	0.026270	0.985070	-0.275793	0.958426	-0.073194	-0.946039	-0.284128	-0.155822
11809	9.649436	-0.707755	-1.539097	0.014984	-0.001433	0.000283	-0.170219	0.026285	0.985056	-0.275950	0.958376	-0.073258	-0.945979	-0.284296	-0.155881
11810	9.648797	-0.728531	-1.552524	0.022009	-0.003119	0.000790	-0.170381	0.026424	0.985024	-0.275980	0.958353	-0.073446	-0.945941	-0.284361	-0.155993
11811	9.675192	-0.726140	-1.468698	0.030874	-0.002697	-0.000694	-0.170469	0.026427	0.985009	-0.276290	0.958258	-0.073525	-0.945835	-0.284681	-0.156052
11812	9.643849	-0.717925	-1.480373	0.034016	-0.001091	-0.001927	-0.170660	0.026455	0.984975	-0.276882	0.958073	-0.073706	-0.945628	-0.285301	-0.156179
11813	9.644415	-0.697848	-1.467108	0.032150	-0.004972	-0.000462	-0.170770	0.026454	0.984956	-0.277204	0.957973	-0.073790	-0.945513	-0.285635	-0.156260
11814	9.653356	-0.690405	-1.435040	0.035243	-0.006924	-0.002752	-0.170957	0.026550	0.984921	-0.277364	0.957914	-0.073965	-0.945433	-0.285827	-0.156398
11815	9.662273	-0.682935	-1.403169	0.033400	-0.009025	-0.000758	-0.171105	0.026534	0.984895	-0.277698	0.957810	-0.074048	-0.945308	-0.286173	-0.156518
11816	9.663985	-0.621879	-1.363780	0.028609	-0.005899	-0.001242	-0.171264	0.026651	0.984865	-0.277721	0.957791	-0.074212	-0.945272	-0.286228	-0.156634
11817	9.686196	-0.638446	-1.385011	0.011765	-0.008362	-0.000060	-0.171408	0.026643	0.984840	-0.277849	0.957749	-0.074269	-0.945209	-0.286367	-0.156763
11818	9.677056	-0.646317	-1.418170	0.004717	-0.008460	-0.001096	-0.171582	0.026685	0.984808	-0.277860	0.957739	-0.074362	-0.945174	-0.286398	-0.156916
11819	9.661862	-0.683495	-1.405724	-0.003214	-0.006942	-0.000345	-0.171712	0.026679	0.984786	-0.277847	0.957741	-0.074393	-0.945154	-0.286394	-0.157043
11820	9.670184	-0.696092	-1.387357	-0.014288	-0.007027	0.001643	-0.171888	0.026613	0.984757	-0.278214	0.957630	-0.074442	-0.945014	-0.286769	-0.157201
11821	9.668222	-0.757289	-1.428303	-0.025828	-0.011783	0.000034	-0.172064	0.026597	0.984727	-0.277988	0.957696	-0.074440	-0.945049	-0.286550	-0.157392
11822	9.683110	-0.719780	-1.442960	-0.038744	-0.013969	0.004018	-0.172287	0.026688	0.984685	-0.277522	0.957825	-0.074517	-0.945145	-0.286110	-0.157614
11823	9.688925	-0.690038	-1.490176	-0.045795	-0.014058	0.002987	-0.172493	0.026694	0.984649	-0.277101	0.957947	-0.074513	-0.945231	-0.285700	-0.157842
11824	9.683300	-0.698664	-1.432819	-0.059430	-0.009566	0.004525	-0.172624	0.026642	0.984627	-0.276843	0.958026	-0.074458	-0.945282	-0.285441	-0.158002
11825	9.619242	-0.721979	-1.484088	-0.065134	-0.006591	0.005310	-0.172766	0.026692	0.984601	-0.276236	0.958202	-0.074447	-0.945434	-0.284844	-0.158171
11826	9.666121	-0.672241	-1.473519	-0.076686	-0.011318	0.003707	-0.172970	0.026696	0.984565	-0.275750	0.958343	-0.074429	-0.945538	-0.284368	-0.158404
11827	9.624931	-0.690856	-1.532513	-0.082814	-0.009442	0.001952	-0.173130	0.026705	0.984537	-0.274981	0.958570	-0.074356	-0.945733	-0.283603	-0.158614
11828	9.641632	-0.715165	-1.496068	-0.084176	-0.012468	0.000144	-0.173315	0.026715	0.984504	-0.274169	0.958808	-0.074284	-0.945935	-0.282795	-0.158852
11829	9.649869	-0.726873	-1.478855	-0.074527	-0.013374	0.002689	-0.173514	0.026721	0.984469	-0.273477	0.959010	-0.074231	-0.946099	-0.282110	-0.159094
11830	9.658131	-0.738793	-1.461434	-0.064706	-0.009228	0.001003	-0.173724	0.026772	0.984430	-0.272941	0.959161	-0.074251	-0.946215	-0.281590	-0.159322
11831	9.659188	-0.697290	-1.436283	-0.059574	-0.016572	0.002427	-0.173953	0.026766	0.984390	-0.272391	0.959320	-0.074219	-0.946332	-0.281049	-0.159586
11832	9.645744	-0.672968	-1.385022	-0.050312	-0.016826	0.002949	-0.174197	0.026726	0.984348	-0.272191	0.959377	-0.074216	-0.946344	-0.280859	-0.159846
11833	9.640094	-0.681938	-1.328437	-0.051300	-0.022310	0.002614	-0.174480	0.026706	0.984298	-0.271719	0.959512	-0.074199	-0.946428	-0.280399	-0.160159
11834	9.671118	-0.689966	-1.319519	-0.059716	-0.025415	-0.000226	-0.174785	0.026626	0.984246	-0.271321	0.959629	-0.074142	-0.946486	-0.280006	-0.160505
11835	9.679197	-0.702206	-1.303644	-0.064314	-0.029777	0.005018	-0.175146	0.026608	0.984183	-0.270722	0.959800	-0.074127	-0.946591	-0.279422	-0.160902
11836	9.687257	-0.714589	-1.287929	-0.074870	-0.027199	0.004295	-0.175452	0.026489	0.984132	-0.270384	0.959901	-0.074041	-0.946630	-0.279084	-0.161255
11837	9.668623	-0.729137	-1.355987	-0.085546	-0.026129	0.008866	-0.175789	0.026519	0.984071	-0.269577	0.960129	-0.074030	-0.946798	-0.278296	-0.161631
11838	9.683823	-0.794806	-1.348627	-0.091303	-0.032255	0.001177	-0.176167	0.026502	0.984003	-0.268675	0.960387	-0.073967	-0.946984	-0.277408	-0.162068
11839	9.682719	-0.814252	-1.365833	-0.086018	-0.028946	0.005800	-0.176522	0.026496	0.983940	-0.267869	0.960615	-0.073924	-0.947146	-0.276616	-0.162472
11840	9.673120	-0.820754	-1.401984	-0.089117	-0.032536	0.000685	-0.176851	0.026434	0.983883	-0.267026	0.960858	-0.073813	-0.947323	-0.275776	-0.162871
11841	9.649765	-0.823861	-1.398491	-0.086520	-0.033531	0.002194	-0.177240	0.026380	0.983814	-0.266220	0.961088	-0.073732	-0.947477	-0.274980	-0.163320
11842	9.664916	-0.889256	-1.391884	-0.079892	-0.034542	0.000663	-0.177648	0.026288	0.983743	-0.265663	0.961248	-0.073661	-0.947557	-0.274430	-0.163780
11843	9.661090	-0.865317	-1.473737	-0.075530	-0.038755	-0.001436	-0.178076	0.026186	0.983668	-0.264968	0.961447	-0.073562	-0.947671	-0.273740	-0.164273
11844	9.669735	-0.856910	-1.445541	-0.068447	-0.036910	0.000118	-0.178532	0.026161	0.983586	-0.264386	0.961607	-0.073565	-0.947748	-0.273181	-0.164761
11845	9.677001	-0.889200	-1.444627	-0.061443	-0.040386	0.000048	-0.178980	0.026069	0.983507	-0.263822	0.961767	-0.073504	-0.947821	-0.272627	-0.165259
11846	9.651512	-0.829170	-1.492048	-0.058865	-0.043169	0.001008	-0.179375	0.025864	0.983441	-0.263549	0.961852	-0.073367	-0.947822	-0.272345	-0.165716
11847	9.665215	-0.811310	-1.522700	-0.045079	-0.038841	0.002087	-0.179814	0.025797	0.983362	-0.263136	0.961966	-0.073352	-0.947854	-0.271948	-0.166186
11848	9.655992	-0.797893	-1.546050	-0.039969	-0.047974	0.002910	-0.180321	0.025750	0.983271	-0.262716	0.962079	-0.073375	-0.947874	-0.271552	-0.166718
11849	9.638135	-0.771656	-1.588479	-0.035089	-0.045802	0.004971	-0.180833	0.025692	0.983178	-0.262393	0.962165	-0.073404	-0.947866	-0.271253	-0.167250
11850	9.628774	-0.758347	-1.612265	-0.035610	-0.052183	0.000797	-0.181383	0.025545	0.983081	-0.262225	0.962212	-0.073385	-0.947807	-0.271099	-0.167831
11851	9.651515	-0.733365	-1.611328	-0.039137	-0.051304	0.000576	-0.181936	0.025430	0.982982	-0.261871	0.962310	-0.073364	-0.947799	-0.270762	-0.168420
11852	9.627819	-0.736925	-1.609233	-0.038296	-0.054659	-0.001769	-0.182483	0.025224	0.982885	-0.261803	0.962334	-0.073303	-0.947713	-0.270699	-0.169006
11853	9.609756	-0.710079	-1.652391	-0.041452	-0.056231	-0.000521	-0.183080	0.025085	0.982778	-0.261429	0.962438	-0.073267	-0.947701	-0.270340	-0.169645
11854	9.609483	-0.689045	-1.645008	-0.058099	-0.068078	0.000059	-0.183770	0.024878	0.982654	-0.261101	0.962532	-0.073198	-0.947657	-0.270024	-0.170389
11855	9.606071	-0.748399	-1.693191	-0.065619	-0.069164	-0.003467	-0.184481	0.024676	0.982526	-0.260504	0.962702	-0.073091	-0.947684	-0.269436	-0.171172
11856	9.622894	-0.752718	-1.649581	-0.077290	-0.077295	-0.006108	-0.185219	0.024326	0.982396	-0.260168	0.962808	-0.072893	-0.947632	-0.269090	-0.172002
11857	9.639766	-0.756785	-1.606275	-0.085632	-0.073232	-0.006723	-0.185961	0.024083	0.982262	-0.259388	0.963032	-0.072718	-0.947701	-0.268309	-0.172839
11858	9.685034	-0.726029	-1.615493	-0.092355	-0.075668	-0.006220	-0.186651	0.023783	0.982138	-0.258751	0.963219	-0.072499	-0.947739	-0.267662	-0.173632
11859	9.680023	-0.714213	-1.550806	-0.093623	-0.071571	-0.005852	-0.187379	0.023553	0.982005	-0.257893	0.963463	-0.072318	-0.947829	-0.266803	-0.174458
11860	9.731740	-0.757193	-1.581745	-0.096880	-0.054780	-0.001130	-0.187987	0.023483	0.981891	-0.256913	0.963731	-0.072236	-0.947975	-0.265840	-0.175135
11861	9.730998	-0.755657	-1.587036	-0.088160	-0.039585	-0.000318	-0.188425	0.023394	0.981809	-0.256096	0.963957	-0.072117	-0.948109	-0.265026	-0.175643
11862	9.725056	-0.785380	-1.545962	-0.079078	-0.024888	0.008327	-0.188774	0.023491	0.981740	-0.255317	0.964161	-0.072164	-0.948250	-0.264277	-0.176010
11863	9.679083	-0.793595	-1.533358	-0.072691	-0.016417	0.007478	-0.189013	0.023539	0.981692	-0.254631	0.964343	-0.072149	-0.948387	-0.263607	-0.176279
11864	9.696973	-0.799942	-1.484465	-0.057711	-0.017763	0.013413	-0.189277	0.023704	0.981638	-0.253949	0.964515	-0.072257	-0.948517	-0.262963	-0.176541
11865	9.672988	-0.824838	-1.492794	-0.049695	-0.015808	0.013657	-0.189526	0.023813	0.981587	-0.253470	0.964634	-0.072342	-0.948595	-0.262514	-0.176788
11866	9.694636	-0.841227	-1.515927	-0.038493	-0.010517	0.013199	-0.189661	0.023860	0.981560	-0.253292	0.964677	-0.072392	-0.948616	-0.262351	-0.176918
11867	9.684835	-0.848891	-1.549548	-0.029128	-0.007336	0.014725	-0.189832	0.024002	0.981523	-0.253006	0.964743	-0.072525	-0.948658	-0.262099	-0.177066
11868	9.676760	-0.816782	-1.554929	-0.016201	-0.003274	0.017005	-0.189981	0.024167	0.981490	-0.252996	0.964730	-0.072725	-0.948631	-0.262129	-0.177166
11869	9.690724	-0.800957	-1.581013	-0.014246	0.007838	0.023600	-0.190030	0.024434	0.981474	-0.252834	0.964754	-0.072971	-0.948664	-0.262017	-0.177155
11870	9.698545	-0.836559	-1.575303	0.005394	0.014356	0.025383	-0.189996	0.024745	0.981473	-0.252870	0.964721	-0.073274	-0.948661	-0.262107	-0.177036
11871	9.787680	-0.897715	-1.495139	0.021638	0.034489	0.042477	-0.189840	0.025264	0.981490	-0.253013	0.964646	-0.073768	-0.948654	-0.262334	-0.176737
11872	9.878015	-1.079383	-1.239928	0.065136	0.079936	0.050900	-0.189364	0.026160	0.981558	-0.253346	0.964496	-0.074582	-0.948661	-0.262797	-0.176014
11873	9.888107	-1.232280	-0.889596	0.120667	0.109245	0.058857	-0.188542	0.027034	0.981693	-0.254398	0.964155	-0.075411	-0.948543	-0.263959	-0.174906
11874	9.902569	-1.236678	-0.752233	0.189247	0.129674	0.067317	-0.187535	0.027993	0.981859	-0.256349	0.963557	-0.076434	-0.948217	-0.266033	-0.173524
11875	9.737518	-1.062389	-0.819645	0.211368	0.129856	0.063212	-0.186531	0.028968	0.982022	-0.258253	0.962967	-0.077460	-0.947898	-0.268059	-0.172142
11876	9.669487	-0.964831	-0.954953	0.196954	0.121209	0.058590	-0.185603	0.029877	0.982171	-0.260165	0.962373	-0.078438	-0.947558	-0.270085	-0.170846
11877	9.590016	-0.934471	-1.165653	0.181661	0.108583	0.048299	-0.184765	0.030654	0.982305	-0.261816	0.961858	-0.079262	-0.947267	-0.271828	-0.169692
11878	9.556760	-0.895360	-1.392872	0.171756	0.097130	0.036233	-0.184037	0.031430	0.982417	-0.263156	0.961426	-0.080056	-0.947037	-0.273262	-0.168667
11879	9.589179	-0.813042	-1.557441	0.158483	0.093591	0.026105	-0.183285	0.031956	0.982540	-0.264628	0.960975	-0.080618	-0.946773	-0.274784	-0.167676
11880	9.560945	-0.775989	-1.695050	0.146480	0.091523	0.023082	-0.182560	0.032538	0.982656	-0.265843	0.960591	-0.081197	-0.946572	-0.276056	-0.166715
11881	9.518440	-0.651896	-1.830612	0.129838	0.077728	0.017296	-0.181936	0.032938	0.982759	-0.267060	0.960217	-0.081622	-0.946350	-0.277306	-0.165901
11882	9.484283	-0.644112	-1.926111	0.106843	0.057185	0.012899	-0.181492	0.033257	0.982830	-0.268177	0.959873	-0.082003	-0.946119	-0.278455	-0.165291
11883	9.463022	-0.630867	-1.899966	0.090957	0.038415	0.010044	-0.181221	0.033479	0.982872	-0.269039	0.959607	-0.082291	-0.945927	-0.279344	-0.164894
11884	9.452027	-0.597437	-1.993325	0.077383	0.019006	0.000846	-0.181163	0.033662	0.982877	-0.269731	0.959389	-0.082574	-0.945741	-0.280072	-0.164726
11885	9.492526	-0.628768	-2.125356	0.051754	-0.004144	-0.006139	-0.181251	0.033609	0.982862	-0.270251	0.959237	-0.082639	-0.945575	-0.280598	-0.164780
11886	9.486223	-0.659228	-2.080841	0.038105	-0.017727	-0.002067	-0.181475	0.033586	0.982822	-0.270686	0.959104	-0.082757	-0.945408	-0.281055	-0.164963
11887	9.500175	-0.746299	-2.085599	0.017520	-0.029850	-0.004299	-0.181811	0.033479	0.982763	-0.270879	0.959047	-0.082783	-0.945288	-0.281261	-0.165297
11888	9.549148	-0.740886	-2.012640	0.017872	-0.044851	0.007100	-0.182284	0.033437	0.982677	-0.271134	0.958963	-0.082925	-0.945124	-0.281553	-0.165738
11889	9.622953	-0.558856	-1.767439	0.025354	-0.043695	0.010666	-0.182791	0.033435	0.982583	-0.271374	0.958879	-0.083112	-0.944957	-0.281840	-0.166202
11890	9.648975	-0.342454	-1.570641	0.020891	-0.022792	0.015571	-0.183142	0.033702	0.982509	-0.271182	0.958904	-0.083442	-0.944944	-0.281720	-0.166477
11891	9.647624	-0.251976	-1.445546	-0.020683	-0.002438	0.017949	-0.183280	0.033886	0.982477	-0.270973	0.958948	-0.083624	-0.944977	-0.281552	-0.166573
11892	9.652569	-0.130910	-1.364444	-0.089000	0.005926	0.015846	-0.183336	0.034111	0.982458	-0.270109	0.959184	-0.083708	-0.945214	-0.280718	-0.166639
11893	9.713696	-0.188932	-1.367665	-0.188253	0.017284	0.014596	-0.183277	0.034318	0.982462	-0.268322	0.959697	-0.083578	-0.945734	-0.278934	-0.166682
11894	9.741735	-0.380670	-1.386399	-0.284400	0.010233	0.008267	-0.183274	0.034408	0.982459	-0.265837	0.960419	-0.083227	-0.946436	-0.276427	-0.166873
11895	9.677513	-0.614565	-1.555534	-0.375769	-0.010754	0.007054	-0.183460	0.034465	0.982423	-0.262286	0.961439	-0.082709	-0.947390	-0.272849	-0.167346
11896	9.654373	-0.834080	-1.836675	-0.482246	-0.064557	0.005254	-0.184105	0.034293	0.982308	-0.257961	0.962673	-0.081955	-0.948452	-0.268485	-0.168387
11897	9.707221	-1.043777	-1.963818	-0.545831	-0.080939	-0.004322	-0.184927	0.034056	0.982162	-0.252808	0.964117	-0.081031	-0.949679	-0.263284	-0.169682
11898	9.744757	-1.183593	-2.103411	-0.573866	-0.070293	-0.014248	-0.185537	0.033743	0.982058	-0.247315	0.965635	-0.079904	-0.951005	-0.257703	-0.170816
11899	9.730717	-1.256409	-2.205591	-0.572048	-0.064215	-0.012708	-0.186182	0.033477	0.981945	-0.241914	0.967089	-0.078839	-0.952268	-0.252225	-0.171956
11900	9.759990	-1.376355	-2.201393	-0.546592	-0.057131	-0.014046	-0.186768	0.033337	0.981838	-0.236474	0.968513	-0.077867	-0.953519	-0.246722	-0.173004
11901	9.799971	-1.262059	-2.188750	-0.486320	-0.030976	-0.016765	-0.187089	0.033120	0.981784	-0.231885	0.969699	-0.076900	-0.954582	-0.242048	-0.173740
11902	9.849402	-1.162231	-2.152012	-0.443328	0.026323	-0.025605	-0.186785	0.032934	0.981849	-0.227728	0.970763	-0.075885	-0.955642	-0.237768	-0.173824
11903	9.743356	-1.224892	-1.961911	-0.408481	0.081910	-0.022974	-0.186014	0.032925	0.981995	-0.223885	0.971726	-0.074990	-0.956700	-0.233803	-0.173383
11904	9.695329	-1.322069	-1.688234	-0.343355	0.099160	-0.015467	-0.185088	0.033039	0.982166	-0.220692	0.972509	-0.074303	-0.957621	-0.230509	-0.172708
11905	9.720734	-1.291653	-1.511419	-0.305988	0.106397	-0.010729	-0.184109	0.033200	0.982345	-0.217800	0.973206	-0.073711	-0.958471	-0.227526	-0.171945
11906	9.752703	-1.315992	-1.344245	-0.273317	0.116672	-0.012161	-0.182972	0.033405	0.982550	-0.215066	0.973855	-0.073160	-0.959306	-0.224700	-0.171004
11907	9.786641	-1.300787	-1.310388	-0.262880	0.123476	-0.022213	-0.181804	0.033487	0.982764	-0.212604	0.974443	-0.072534	-0.960077	-0.222127	-0.170038
11908	9.712932	-1.150651	-1.286020	-0.236183	0.120913	-0.027990	-0.180604	0.033484	0.982986	-0.210476	0.974953	-0.071881	-0.960772	-0.219877	-0.169033
11909	9.641472	-0.942298	-1.215493	-0.222776	0.144125	-0.030659	-0.179218	0.033523	0.983238	-0.208410	0.975443	-0.071245	-0.961481	-0.217685	-0.167830
11910	9.619919	-0.750601	-1.243842	-0.210450	0.163723	-0.027383	-0.177567	0.033625	0.983534	-0.206446	0.975905	-0.070636	-0.962211	-0.215589	-0.166347
11911	9.666115	-0.758469	-1.092117	-0.178138	0.216459	-0.026773	-0.175492	0.033851	0.983899	-0.204798	0.976289	-0.070118	-0.962944	-0.213806	-0.164398
11912	9.751050	-0.650914	-0.728134	-0.129891	0.274716	-0.013163	-0.172800	0.034346	0.984358	-0.203487	0.976587	-0.069796	-0.963708	-0.212365	-0.161765
11913	9.915214	-0.503882	-0.493092	-0.105740	0.347670	-0.013262	-0.169485	0.034976	0.984912	-0.202511	0.976808	-0.069537	-0.964502	-0.211240	-0.158471
11914	9.805262	-0.304624	-0.348758	-0.076336	0.405514	-0.006691	-0.165527	0.035719	0.985558	-0.201956	0.976938	-0.069326	-0.965306	-0.210514	-0.154496
11915	9.398797	-0.313420	-0.563030	-0.102724	0.400381	-0.005043	-0.161713	0.036534	0.986161	-0.200992	0.977148	-0.069159	-0.966153	-0.209395	-0.150675
11916	9.133286	-0.532329	-0.716104	-0.117674	0.323917	-0.011502	-0.158572	0.037057	0.986652	-0.200142	0.977343	-0.068874	-0.966850	-0.208392	-0.147562
11917	9.079420	-0.780837	-1.161330	-0.145769	0.235318	-0.031529	-0.156296	0.037261	0.987007	-0.198803	0.977650	-0.068389	-0.967496	-0.206909	-0.145395
11918	9.137882	-1.073355	-1.437926	-0.151342	0.161053	-0.058613	-0.154616	0.037045	0.987280	-0.197488	0.977970	-0.067624	-0.968035	-0.205432	-0.143894
11919	9.270528	-1.339616	-1.437390	-0.079335	0.100494	-0.061714	-0.153584	0.036671	0.987455	-0.196836	0.978149	-0.066940	-0.968332	-0.204647	-0.143010
11920	9.375128	-1.347585	-1.257092	0.050524	0.034042	-0.067356	-0.153098	0.036141	0.987550	-0.197293	0.978095	-0.066381	-0.968316	-0.205000	-0.142614
11921	9.651139	-1.145068	-0.955806	0.133644	0.003031	-0.078260	-0.152977	0.035405	0.987595	-0.198727	0.977841	-0.065838	-0.968042	-0.206334	-0.142551
11922	9.665677	-1.131496	-0.527803	0.179266	-0.015017	-0.087593	-0.153015	0.034620	0.987617	-0.200552	0.977502	-0.065337	-0.967660	-0.208066	-0.142630
11923	9.712127	-1.297357	-0.028796	0.186323	-0.054692	-0.092068	-0.153422	0.033629	0.987588	-0.202516	0.977137	-0.064734	-0.967186	-0.209934	-0.143104
11924	9.764877	-1.706587	0.305209	0.197655	-0.103897	-0.094724	-0.154302	0.032590	0.987486	-0.204550	0.976749	-0.064198	-0.966618	-0.211896	-0.144048
11925	9.864496	-2.306970	0.566166	0.232155	-0.131772	-0.083569	-0.155466	0.031516	0.987338	-0.206944	0.976274	-0.063748	-0.965922	-0.214234	-0.145256
11926	9.851470	-2.950508	0.486622	0.352664	-0.152959	-0.060584	-0.156845	0.030599	0.987149	-0.210699	0.975472	-0.063715	-0.964886	-0.217985	-0.146551
11927	9.981025	-3.133774	0.249938	0.562438	-0.152348	-0.047997	-0.158275	0.029818	0.986945	-0.216218	0.974238	-0.064108	-0.963431	-0.223542	-0.147751
11928	9.982732	-2.681217	-0.053301	0.777463	-0.105026	-0.027815	-0.159268	0.029375	0.986798	-0.223840	0.972451	-0.065076	-0.961524	-0.231250	-0.148305
11929	10.034823	-1.964371	-0.432922	0.924530	-0.040443	-0.018233	-0.159679	0.029125	0.986739	-0.232769	0.970269	-0.066306	-0.959334	-0.240270	-0.148152
11930	9.993043	-1.373433	-0.861960	0.982664	0.013233	-0.004102	-0.159562	0.029193	0.986756	-0.242233	0.967846	-0.067804	-0.957007	-0.249844	-0.147360
11931	9.691858	-0.704332	-1.504556	0.993936	0.018685	0.018450	-0.159493	0.029440	0.986760	-0.251724	0.965301	-0.069486	-0.954566	-0.259474	-0.146548
11932	9.365136	-0.072789	-1.913711	0.985342	-0.008841	0.036261	-0.159718	0.029948	0.986708	-0.260855	0.962731	-0.071445	-0.952074	-0.268799	-0.145953
11933	9.210978	0.542116	-2.198700	0.930651	-0.047880	0.035690	-0.160332	0.030180	0.986602	-0.269667	0.960168	-0.073195	-0.949512	-0.277789	-0.145807
11934	9.173383	1.173700	-2.440557	0.850602	-0.061606	0.013150	-0.160965	0.030122	0.986500	-0.278028	0.957671	-0.074607	-0.946990	-0.286284	-0.145776
11935	9.077314	1.695402	-2.523803	0.744294	-0.070362	-0.003163	-0.161686	0.029907	0.986389	-0.285093	0.955506	-0.075702	-0.944764	-0.293453	-0.145966
11936	9.087788	2.119851	-2.322714	0.568420	-0.078410	-0.027554	-0.162458	0.029498	0.986274	-0.290662	0.953771	-0.076403	-0.942933	-0.299085	-0.146374
11937	9.117403	2.280535	-1.966422	0.319610	-0.059936	-0.047197	-0.162950	0.028885	0.986211	-0.293771	0.952814	-0.076446	-0.941884	-0.302177	-0.146775
11938	9.044004	2.075350	-1.738611	0.014254	-0.040504	-0.065668	-0.163201	0.028140	0.986191	-0.294287	0.952700	-0.075885	-0.941680	-0.302608	-0.147200
11939	9.019415	1.646912	-1.735308	-0.284251	-0.067654	-0.082884	-0.163660	0.027164	0.986143	-0.291765	0.953570	-0.074688	-0.942384	-0.299946	-0.148136
11940	9.066364	1.000721	-1.971195	-0.583997	-0.106948	-0.107980	-0.164461	0.025879	0.986044	-0.286527	0.955298	-0.072862	-0.943851	-0.294511	-0.149694
11941	9.168991	0.435267	-2.412750	-0.838875	-0.167971	-0.152061	-0.165683	0.023955	0.985888	-0.278872	0.957764	-0.070138	-0.945928	-0.286557	-0.152005
11942	9.386036	-0.367973	-2.401628	-1.053446	-0.226035	-0.182010	-0.167383	0.021617	0.985655	-0.269229	0.960757	-0.066791	-0.948419	-0.276547	-0.154994
11943	9.619645	-1.110165	-2.666675	-1.112936	-0.268867	-0.207740	-0.169452	0.018909	0.985357	-0.259031	0.963810	-0.063041	-0.950889	-0.265920	-0.158421
11944	9.658679	-1.459559	-3.329452	-1.088371	-0.341604	-0.233002	-0.172205	0.015843	0.984934	-0.249027	0.966692	-0.059089	-0.953064	-0.255451	-0.162524
11945	9.902154	-1.714067	-3.367072	-0.976518	-0.374910	-0.236808	-0.175266	0.012632	0.984440	-0.240144	0.969167	-0.055190	-0.954784	-0.246080	-0.166829
11946	10.140385	-1.720258	-3.091444	-0.761488	-0.345119	-0.241900	-0.178011	0.009620	0.983981	-0.232811	0.971152	-0.051613	-0.956092	-0.238269	-0.170636
11947	10.180983	-1.487453	-2.528068	-0.493498	-0.310368	-0.245115	-0.180478	0.006529	0.983557	-0.228551	0.972329	-0.048392	-0.956657	-0.233527	-0.173991
11948	9.975564	-1.604294	-2.316634	-0.207256	-0.298612	-0.248181	-0.182806	0.003435	0.983143	-0.227127	0.972796	-0.045631	-0.956554	-0.231640	-0.177053
11949	10.013899	-1.598488	-2.155571	-0.043827	-0.296010	-0.256700	-0.185117	0.000276	0.982716	-0.227200	0.972895	-0.043071	-0.956092	-0.231247	-0.180037
11950	9.965724	-2.074086	-1.713840	0.100219	-0.263159	-0.260972	-0.187063	-0.002826	0.982344	-0.228603	0.972667	-0.040734	-0.955379	-0.232186	-0.182596
11951	9.916145	-2.525319	-1.507290	0.209064	-0.271547	-0.250339	-0.189144	-0.005871	0.981932	-0.231090	0.972162	-0.038701	-0.954370	-0.234234	-0.185235
11952	9.936399	-2.709234	-1.457466	0.338807	-0.266457	-0.223359	-0.191183	-0.008544	0.981517	-0.234481	0.971408	-0.037217	-0.953136	-0.237263	-0.187720
11953	9.866295	-2.654581	-1.113116	0.425580	-0.278478	-0.201828	-0.193421	-0.011147	0.981053	-0.238942	0.970363	-0.036083	-0.951575	-0.241394	-0.190352
11954	9.809108	-2.209541	-0.848994	0.507323	-0.290443	-0.187532	-0.195781	-0.013553	0.980554	-0.244027	0.969125	-0.035328	-0.949801	-0.246198	-0.193043
11955	9.757007	-1.573040	-0.517255	0.590362	-0.267846	-0.184443	-0.197930	-0.015984	0.980086	-0.250010	0.967621	-0.034709	-0.947797	-0.251902	-0.195517
11956	9.620199	-0.991472	-0.318040	0.625169	-0.262375	-0.184164	-0.199917	-0.018433	0.979639	-0.256359	0.965979	-0.034140	-0.945682	-0.257964	-0.197841
11957	9.483734	-0.536761	-0.282010	0.619866	-0.279305	-0.188588	-0.202129	-0.020961	0.979134	-0.262612	0.964317	-0.033569	-0.943493	-0.263918	-0.200422
11958	9.402375	-0.133500	-0.351130	0.608362	-0.309890	-0.187859	-0.204544	-0.023624	0.978572	-0.268956	0.962588	-0.032980	-0.941183	-0.269938	-0.203245
11959	9.361876	0.118616	-0.553570	0.569295	-0.339485	-0.202847	-0.207248	-0.026480	0.977930	-0.274744	0.960978	-0.032204	-0.938917	-0.275354	-0.206436
11960	9.296979	0.118921	-0.694674	0.502901	-0.386841	-0.210398	-0.210363	-0.029422	0.977180	-0.279785	0.959551	-0.031339	-0.936733	-0.279993	-0.210086
11961	9.204916	0.023004	-1.180799	0.469238	-0.451449	-0.220697	-0.214028	-0.032793	0.976277	-0.284662	0.958152	-0.030222	-0.934430	-0.284377	-0.214406
11962	9.156888	0.127375	-1.627261	0.443468	-0.534449	-0.231105	-0.218395	-0.036551	0.975176	-0.289640	0.956696	-0.029008	-0.931886	-0.288785	-0.219524
11963	9.164668	0.197112	-1.943265	0.405179	-0.601845	-0.246509	-0.223341	-0.040637	0.973893	-0.293973	0.955416	-0.027550	-0.929354	-0.292452	-0.225330
11964	9.205075	0.097923	-2.140440	0.336741	-0.675761	-0.263775	-0.228870	-0.045049	0.972414	-0.297694	0.954311	-0.025856	-0.926821	-0.295399	-0.231824
11965	9.416560	0.028435	-2.166693	0.290005	-0.742409	-0.274225	-0.234984	-0.049848	0.970720	-0.301032	0.953314	-0.023917	-0.924209	-0.297838	-0.239020
11966	9.716867	0.028114	-1.627219	0.261816	-0.796622	-0.280420	-0.241590	-0.054760	0.968832	-0.304103	0.952385	-0.022001	-0.921496	-0.299940	-0.246740
11967	9.942249	0.049346	-0.711798	0.201253	-0.847051	-0.251114	-0.248682	-0.059679	0.966745	-0.306588	0.951630	-0.020120	-0.918782	-0.301396	-0.254950
11968	10.191246	0.282263	0.457311	0.024330	-0.881885	-0.211943	-0.256180	-0.064293	0.964489	-0.307463	0.951385	-0.018246	-0.916427	-0.301219	-0.263493
11969	10.136803	0.065312	1.563665	-0.273038	-0.889272	-0.175863	-0.263847	-0.068613	0.962121	-0.305437	0.952080	-0.015865	-0.914928	-0.298053	-0.272161
11970	10.112376	-0.459236	2.404667	-0.508141	-0.861885	-0.144945	-0.271303	-0.072523	0.959758	-0.301338	0.953427	-0.013137	-0.914106	-0.292776	-0.280522
11971	10.146261	-0.397669	2.851227	-0.692009	-0.811457	-0.142381	-0.278359	-0.076209	0.957449	-0.295421	0.955317	-0.009848	-0.913916	-0.285591	-0.288435
11972	10.414183	0.040306	3.011604	-0.957965	-0.741336	-0.188401	-0.284641	-0.079920	0.955297	-0.287111	0.957882	-0.005411	-0.914629	-0.275816	-0.295598
11973	10.472889	0.398987	3.002007	-1.259623	-0.651170	-0.252725	-0.289953	-0.084079	0.953340	-0.276321	0.961065	0.000719	-0.916283	-0.263219	-0.301897
11974	10.466290	0.706377	2.740066	-1.524786	-0.598142	-0.298811	-0.294595	-0.088584	0.951508	-0.263587	0.964601	0.008194	-0.918551	-0.248392	-0.307516
11975	10.653856	0.979487	2.532308	-1.726254	-0.576972	-0.308415	-0.299175	-0.092926	0.949663	-0.248639	0.968457	0.016435	-0.921235	-0.231206	-0.312843
11976	10.987899	1.158488	2.291761	-1.897693	-0.563847	-0.297927	-0.303693	-0.096880	0.947832	-0.231898	0.972416	0.025090	-0.924118	-0.212181	-0.317783
11977	11.643604	0.994314	2.367529	-2.039803	-0.527660	-0.296854	-0.307977	-0.100812	0.946038	-0.213941	0.976241	0.034384	-0.927027	-0.191807	-0.322228
11978	12.985733	0.255578	2.907515	-2.144255	-0.410757	-0.307076	-0.311077	-0.104576	0.944614	-0.195128	0.979781	0.044210	-0.930138	-0.170568	-0.325193
11979	14.293914	-0.731420	3.169569	-2.131735	-0.284731	-0.314099	-0.313207	-0.108085	0.943514	-0.176263	0.982856	0.054081	-0.933184	-0.149368	-0.326889
11980	15.149980	-0.629313	3.892499	-1.798933	-0.187528	-0.273490	-0.314402	-0.111028	0.942775	-0.160464	0.985061	0.062495	-0.935630	-0.131633	-0.327521
11981	15.124392	0.399309	5.175584	-1.377150	-0.047704	-0.186767	-0.314619	-0.112898	0.942480	-0.148169	0.986572	0.068718	-0.937582	-0.118026	-0.327122
11982	14.067962	1.343509	6.374991	-1.055241	0.132969	-0.108511	-0.313094	-0.113685	0.942893	-0.138542	0.987657	0.073079	-0.939563	-0.107750	-0.324980
11983	12.751621	1.591028	7.066373	-0.731990	0.296055	-0.094117	-0.310241	-0.114275	0.943765	-0.131966	0.988314	0.076288	-0.941454	-0.100877	-0.321696
11984	12.390729	0.941890	7.934615	-0.600817	0.628721	-0.152340	-0.303961	-0.115112	0.945704	-0.126840	0.988726	0.079580	-0.944203	-0.095764	-0.315135
11985	12.670946	-1.275384	8.388283	-0.777582	1.139774	-0.176520	-0.293014	-0.115770	0.949073	-0.120024	0.989244	0.083614	-0.948545	-0.089412	-0.303758
11986	11.601096	-4.116670	6.213758	-1.068539	1.171938	-0.076335	-0.281602	-0.115477	0.952557	-0.110125	0.990062	0.087467	-0.953191	-0.080270	-0.291520
11987	11.515577	-5.103499	3.409226	-1.351637	0.760955	0.007192	-0.274400	-0.114809	0.954737	-0.097215	0.991073	0.091238	-0.956689	-0.067779	-0.283112
11988	13.505515	-5.254995	2.246459	-1.166989	0.859542	0.038846	-0.265986	-0.113723	0.957245	-0.085815	0.991868	0.093991	-0.960150	-0.057146	-0.273582
11989	14.222147	-5.178345	1.648256	-0.645050	1.419523	0.181523	-0.252533	-0.111110	0.961188	-0.079156	0.992428	0.093925	-0.964345	-0.052364	-0.259415
11990	12.982669	-5.160899	-1.572184	0.179094	1.646835	0.369716	-0.236723	-0.106273	0.965748	-0.079855	0.992765	0.089672	-0.968290	-0.055892	-0.243497
11991	11.965888	-3.790301	-4.381231	1.446361	1.516239	0.513833	-0.222525	-0.100169	0.969767	-0.092716	0.992374	0.081230	-0.970508	-0.071837	-0.230115
11992	12.391442	-2.940072	-4.933319	2.300746	1.409426	0.609569	-0.209213	-0.092807	0.973456	-0.113814	0.991031	0.070022	-0.971224	-0.096143	-0.217899
11993	13.682874	-2.337300	-3.427621	2.553590	1.645905	0.657573	-0.194109	-0.084463	0.977337	-0.137312	0.988817	0.058183	-0.971322	-0.122907	-0.203537
11994	14.692869	-0.534292	-4.188231	2.358779	2.073637	0.544807	-0.174660	-0.075979	0.981693	-0.159290	0.986065	0.047977	-0.971659	-0.147994	-0.184329
11995	15.091673	1.378296	-5.901377	2.053449	2.299380	0.380280	-0.153015	-0.068550	0.985843	-0.178646	0.983074	0.040629	-0.971942	-0.169900	-0.162672
11996	15.256715	2.437388	-6.329012	1.761810	2.553073	0.318100	-0.128589	-0.060662	0.989841	-0.195513	0.980088	0.034666	-0.972234	-0.189069	-0.137889
11997	15.208579	2.862742	-4.786150	1.391229	2.799088	0.366872	-0.102170	-0.051538	0.993431	-0.208644	0.977554	0.029257	-0.972640	-0.204284	-0.110630
11998	14.577577	2.999796	-3.998832	1.183528	2.991476	0.469988	-0.073942	-0.040343	0.996446	-0.219740	0.975283	0.023180	-0.972752	-0.217245	-0.080979
11999	13.399633	3.381392	-3.553403	0.933710	2.994407	0.566029	-0.046147	-0.028144	0.998538	-0.228509	0.973396	0.016875	-0.972448	-0.227396	-0.051350
12000	12.667167	2.766322	-3.582728	0.821809	2.989247	0.585688	-0.018499	-0.015156	0.999714	-0.236378	0.971606	0.010356	-0.971485	-0.236119	-0.021556
12001	11.670564	2.336701	-3.413157	0.703989	2.917483	0.581054	0.008368	-0.002497	0.999962	-0.243212	0.969963	0.004457	-0.969937	-0.243240	0.007509
12002	10.965287	1.618501	-3.835817	0.786121	2.774183	0.612840	0.033741	0.010555	0.999375	-0.251122	0.967954	-0.001745	-0.967367	-0.250906	0.035311
12003	10.421463	1.517451	-4.036100	0.880634	2.620615	0.598105	0.057457	0.023044	0.998082	-0.259930	0.965600	-0.007330	-0.963916	-0.259010	0.061471
12004	9.692331	1.136449	-4.148184	0.925573	2.490984	0.578743	0.079859	0.035402	0.996177	-0.269495	0.962919	-0.012616	-0.959685	-0.267457	0.086439
12005	8.665621	0.971240	-4.233029	1.062168	2.361194	0.557270	0.100866	0.047208	0.993779	-0.280198	0.959789	-0.017154	-0.954628	-0.276725	0.110038
12006	7.770345	0.810737	-4.285947	1.147456	2.236240	0.523437	0.120592	0.058742	0.990963	-0.291963	0.956196	-0.021151	-0.948797	-0.286774	0.132460
12007	6.987646	0.608680	-4.317777	1.257248	2.128466	0.480776	0.139221	0.069569	0.987815	-0.304511	0.952203	-0.024144	-0.942280	-0.297439	0.153751
12008	6.279308	0.512146	-4.286313	1.351814	1.999452	0.421592	0.156621	0.079876	0.984424	-0.317906	0.947757	-0.026322	-0.935097	-0.308832	0.173831
12009	5.603449	0.376254	-4.347731	1.388910	1.880553	0.351704	0.172929	0.089138	0.980892	-0.331457	0.943076	-0.027267	-0.927487	-0.320408	0.192631
12010	5.150033	0.212394	-4.226382	1.403265	1.747916	0.283660	0.187984	0.097738	0.977297	-0.345214	0.938123	-0.027418	-0.919505	-0.332223	0.210093
12011	4.730388	-0.067837	-4.409350	1.388795	1.616268	0.218666	0.201948	0.105265	0.973723	-0.358393	0.933193	-0.026554	-0.911467	-0.343612	0.226183
12012	4.222977	-0.219855	-4.459629	1.346142	1.470622	0.162767	0.214663	0.112087	0.970235	-0.371028	0.928281	-0.025151	-0.903470	-0.354586	0.240855
12013	3.906037	-0.296592	-4.340044	1.273465	1.280564	0.101060	0.225739	0.117648	0.967058	-0.382746	0.923567	-0.023013	-0.895850	-0.364942	0.253515
12014	3.751748	-0.126076	-4.237883	1.219229	1.073438	0.011720	0.235224	0.121884	0.964269	-0.393856	0.918953	-0.020079	-0.888565	-0.375060	0.264164
12015	3.802253	0.131690	-3.958200	1.233169	0.858311	-0.093030	0.243128	0.124311	0.961996	-0.404586	0.914362	-0.015903	-0.881589	-0.385344	0.272601
12016	4.029470	0.365530	-3.493825	1.274604	0.701477	-0.205559	0.250089	0.125311	0.960080	-0.415437	0.909561	-0.010502	-0.874567	-0.396226	0.279530
12017	4.453249	0.583154	-2.283071	1.340629	0.700719	-0.351624	0.257606	0.124953	0.958137	-0.426258	0.904595	-0.003366	-0.867147	-0.407546	0.286292
12018	5.070436	0.418194	-0.945460	1.398293	0.795603	-0.502772	0.266598	0.123827	0.955820	-0.437162	0.899366	0.005420	-0.858962	-0.419293	0.293901
12019	5.717814	0.237613	0.336049	1.604719	0.945794	-0.631082	0.277408	0.122212	0.952947	-0.449191	0.893289	0.016201	-0.849277	-0.432550	0.302702
12020	6.000180	-0.204897	1.573031	1.875006	1.106064	-0.701515	0.289896	0.120948	0.949385	-0.463152	0.885818	0.028574	-0.837526	-0.447993	0.312812
12021	5.758903	-0.603243	2.405009	2.181980	1.144665	-0.706104	0.302668	0.119967	0.945516	-0.479226	0.876678	0.042172	-0.823854	-0.465879	0.322834
12022	5.617146	-0.699635	2.823610	2.349927	0.991452	-0.689853	0.314085	0.118781	0.941935	-0.496428	0.866251	0.056295	-0.809265	-0.485284	0.331043
12023	6.247244	0.234626	3.155649	2.579080	0.790722	-0.693463	0.323866	0.116745	0.938873	-0.514927	0.854255	0.071402	-0.793701	-0.506575	0.336779
12024	7.547750	2.825175	3.966054	2.697071	0.572250	-0.741695	0.332208	0.113536	0.936348	-0.533824	0.841065	0.087414	-0.777605	-0.528885	0.340016
12025	9.765827	6.053324	6.195662	2.371650	0.494620	-0.813193	0.340359	0.109413	0.933908	-0.549400	0.829176	0.103083	-0.763096	-0.548175	0.342329
12026	12.528362	8.100656	10.106767	1.810450	0.695578	-0.769479	0.349855	0.107030	0.930670	-0.560570	0.819880	0.116439	-0.750575	-0.562442	0.346837
12027	13.723539	9.283603	14.449184	1.235409	1.013647	-0.537893	0.360381	0.108387	0.926487	-0.567907	0.813432	0.125741	-0.740005	-0.571473	0.354699
12028	12.541981	8.794163	16.789225	0.475210	0.917392	-0.171981	0.368092	0.112336	0.922978	-0.570896	0.810826	0.128993	-0.733884	-0.574405	0.362591
12029	12.571509	6.233753	16.877456	-0.475705	0.605355	0.148151	0.371629	0.117005	0.920979	-0.567991	0.813354	0.125861	-0.734355	-0.569881	0.368724
12030	13.309572	1.935643	14.301692	-1.193177	0.696349	0.385557	0.374560	0.124196	0.918847	-0.560774	0.819543	0.117821	-0.738402	-0.559397	0.376614
12031	12.328929	-2.107287	11.192646	-1.327243	1.016874	0.561901	0.378894	0.134450	0.915621	-0.553107	0.826136	0.107572	-0.741965	-0.547195	0.387384
12032	10.193566	-4.011605	7.730968	-0.991795	1.090451	0.671860	0.383266	0.146088	0.912012	-0.548476	0.830466	0.097467	-0.743156	-0.537573	0.398415
12033	8.097101	-3.174558	5.167193	-0.556241	0.934043	0.732494	0.386129	0.157177	0.908955	-0.547203	0.832305	0.088532	-0.742613	-0.531568	0.407384
12034	6.677466	-1.411745	3.177022	-0.401706	0.675795	0.769909	0.386895	0.167362	0.906809	-0.547405	0.833054	0.079804	-0.742064	-0.527268	0.413920
12035	7.060142	0.532907	2.674132	-0.420533	0.559103	0.767599	0.386780	0.176702	0.905084	-0.547295	0.833916	0.071074	-0.742206	-0.522838	0.419251
12036	5.544725	1.021290	5.773928	-0.987977	1.558898	1.061754	0.392506	0.193839	0.899091	-0.544317	0.836928	0.057190	-0.741389	-0.511838	0.434009
12037	-2.858822	-0.479194	-1.078957	-0.327906	-0.506797	0.904161	0.383750	0.198823	0.901779	-0.545431	0.836802	0.047610	-0.745145	-0.510129	0.429567
12038	-0.630027	1.088379	-4.304101	-0.713115	-2.498682	0.897891	0.360032	0.193812	0.912586	-0.543630	0.838536	0.036387	-0.758184	-0.509210	0.407262
12039	0.193708	2.327138	-9.691120	-2.769628	-3.266286	0.857989	0.330187	0.184714	0.925666	-0.525269	0.850754	0.017599	-0.784263	-0.492035	0.377932
12040	1.710138	3.896207	-12.719888	-4.166122	-3.135393	0.460300	0.302721	0.173872	0.937085	-0.493586	0.869695	-0.001917	-0.815311	-0.461952	0.349096
12041	10.870936	7.717760	-6.033516	-3.851896	-2.585493	-0.486323	0.283557	0.158046	0.945842	-0.460291	0.887708	-0.010340	-0.841266	-0.432430	0.324463
12042	33.959684	10.219241	11.568872	-0.926761	0.358348	-1.577119	0.293714	0.145608	0.944738	-0.448039	0.894013	0.001503	-0.844389	-0.423721	0.327822
12043	33.117170	-7.396666	14.869652	0.416551	2.379448	-1.131072	0.318702	0.145597	0.936606	-0.448116	0.893873	0.013527	-0.835237	-0.424019	0.350124
12044	15.815833	-5.388980	7.735128	2.006707	0.284536	-0.981936	0.325507	0.138164	0.935391	-0.461722	0.886526	0.029729	-0.825141	-0.441568	0.352364
12045	12.246197	5.345710	4.264851	2.147348	-1.323743	-0.341974	0.316166	0.129177	0.939868	-0.478324	0.877257	0.040333	-0.819296	-0.462313	0.339147
12046	8.735346	2.717018	-1.234486	2.731277	-2.182581	1.255808	0.292160	0.129797	0.947521	-0.504540	0.862578	0.037410	-0.812454	-0.488992	0.317498
12047	5.094052	1.423697	-2.583609	1.802766	-2.195237	1.691275	0.265594	0.133363	0.954816	-0.523916	0.851347	0.026823	-0.809303	-0.507368	0.295984
12048	3.234993	3.646191	-3.766471	0.003860	-2.208942	1.286827	0.240867	0.133110	0.961387	-0.527287	0.849564	0.014479	-0.814832	-0.510414	0.274819
12049	4.524170	3.432044	-3.780339	-2.213188	-1.585189	0.473157	0.225308	0.129205	0.965682	-0.510226	0.860031	0.003974	-0.830004	-0.493611	0.259696
12050	4.059152	-1.414616	-1.716083	-1.857061	-0.632415	0.214105	0.218928	0.127989	0.967310	-0.495227	0.868759	-0.002866	-0.840727	-0.478410	0.253579
12051	5.200880	-3.784121	-0.589206	-1.819556	-1.307058	0.137274	0.207127	0.123038	0.970546	-0.480153	0.877141	-0.008726	-0.852380	-0.464204	0.240757
12052	10.337663	-5.918731	-3.490895	-2.473817	-2.320835	0.088993	0.186713	0.113286	0.975861	-0.459088	0.888260	-0.015278	-0.868549	-0.445153	0.217857
12053	13.981821	-7.725344	-3.541085	-2.088452	-1.972501	-0.154655	0.170082	0.103300	0.980001	-0.440575	0.897533	-0.018144	-0.881457	-0.428677	0.198165
12054	12.678733	-7.799403	-2.895844	-0.557857	-1.553212	-0.104275	0.156774	0.095764	0.982981	-0.435538	0.899986	-0.018216	-0.886413	-0.425270	0.182803
12055	13.266811	-4.834186	-2.729467	0.811287	-1.467090	0.238551	0.142665	0.091618	0.985522	-0.443119	0.896258	-0.019174	-0.885038	-0.433968	0.168462
12056	13.818507	-0.440234	-1.892034	1.528495	-1.210698	0.463511	0.129850	0.090461	0.987398	-0.457322	0.889046	-0.021309	-0.879770	-0.448792	0.156813
12057	10.507270	2.816852	-0.347774	1.553334	-0.895938	0.466140	0.119763	0.090514	0.988668	-0.471558	0.881520	-0.023581	-0.873664	-0.463390	0.148256
12058	8.065876	4.282166	0.433305	0.905442	-0.971586	0.398717	0.109348	0.089503	0.989966	-0.479971	0.876891	-0.026264	-0.870443	-0.472283	0.138845
12059	7.625976	3.912613	-0.097794	0.091904	-1.169252	0.270033	0.097801	0.086348	0.991453	-0.481086	0.876198	-0.028854	-0.871201	-0.474152	0.127234
12060	8.390801	2.214043	-1.404652	-0.684100	-1.307919	0.124467	0.085740	0.081277	0.992997	-0.475259	0.879302	-0.030935	-0.875658	-0.469278	0.114019
12061	9.160472	0.382098	-2.578984	-1.198001	-1.425204	0.075852	0.072788	0.075336	0.994498	-0.464822	0.884789	-0.033005	-0.882407	-0.459862	0.099420
