// General information: 
//  MT Manager version: 2022.2.0 
//  XDA version: 2022.2.0 build 7381 rev 124627 built on 2023-07-19
// Device information: 
//  DeviceId: 00B4CBA7
//  ProductCode: MTW2-3A7G6
//  Firmware Version: 4.6.0
//  Hardware Version: 2.0.0
// Device settings: 
//  Filter Profile: human(46.1)
//  Option Flags: Orientation Smoother Disabled, Position/Velocity Smoother Disabled, Continuous Zero Rotation Update Disabled, AHS Disabled, ICC Disabled
// Coordinate system: ENU
PacketCounter	Acc_X	Acc_Y	Acc_Z	Gyr_X	Gyr_Y	Gyr_Z	Mat[1][1]	Mat[2][1]	Mat[3][1]	Mat[1][2]	Mat[2][2]	Mat[3][2]	Mat[1][3]	Mat[2][3]	Mat[3][3]
45629	9.805789	-0.030983	-0.378674	-0.004509	0.008426	0.003773	0.035272	0.001533	0.999377	0.259457	-0.965724	-0.007676	0.965110	0.259566	-0.034461
45630	9.817868	-0.063632	-0.377995	0.004646	0.011350	0.002181	0.035159	0.001532	0.999381	0.259670	-0.965667	-0.007655	0.965057	0.259778	-0.034349
45631	9.772124	-0.062814	-0.347292	-0.000466	0.008700	0.003774	0.035063	0.001507	0.999384	0.259642	-0.965675	-0.007653	0.965068	0.259751	-0.034251
45632	9.778037	-0.079827	-0.316747	0.002795	0.007442	0.006764	0.034986	0.001505	0.999387	0.259338	-0.965757	-0.007624	0.965153	0.259445	-0.034178
45633	9.733537	-0.041730	-0.305732	0.005866	0.009704	0.003379	0.034880	0.001482	0.999390	0.259371	-0.965748	-0.007620	0.965148	0.259479	-0.034069
45634	9.746859	-0.036940	-0.324849	0.007729	0.004725	0.002986	0.034789	0.001543	0.999393	0.259299	-0.965768	-0.007536	0.965170	0.259404	-0.033998
45635	9.740716	-0.021345	-0.294396	0.013238	0.003697	0.001996	0.034737	0.001548	0.999395	0.259405	-0.965739	-0.007520	0.965144	0.259509	-0.033949
45636	9.752765	-0.054053	-0.294203	0.012060	0.005843	0.004382	0.034687	0.001567	0.999397	0.259248	-0.965782	-0.007483	0.965188	0.259352	-0.033906
45637	9.746899	-0.038020	-0.323526	0.008949	0.003080	0.004184	0.034646	0.001554	0.999398	0.259311	-0.965765	-0.007488	0.965172	0.259415	-0.033863
45638	9.773233	-0.028571	-0.303204	0.015886	0.000248	-0.001382	0.034538	0.001694	0.999402	0.259495	-0.965717	-0.007331	0.965127	0.259593	-0.033794
45639	9.758935	-0.070647	-0.323671	0.020901	-0.001467	0.002010	0.034536	0.001714	0.999402	0.259674	-0.965669	-0.007318	0.965079	0.259772	-0.033796
45640	9.766077	-0.049908	-0.313612	0.016859	-0.001740	0.002007	0.034513	0.001788	0.999403	0.259799	-0.965636	-0.007244	0.965046	0.259894	-0.033791
45641	9.740737	-0.022902	-0.293579	0.015928	0.000750	0.002203	0.034490	0.001800	0.999403	0.259930	-0.965600	-0.007231	0.965011	0.260024	-0.033771
45642	9.715678	0.004700	-0.333357	0.007018	-0.001829	0.001602	0.034462	0.001882	0.999404	0.259846	-0.965624	-0.007142	0.965035	0.259937	-0.033766
45643	9.792394	-0.040953	-0.293814	-0.001606	-0.003563	0.002394	0.034481	0.001903	0.999404	0.259808	-0.965634	-0.007125	0.965045	0.259899	-0.033791
45644	9.760173	-0.034079	-0.344094	-0.001399	-0.003723	-0.003380	0.034446	0.002032	0.999404	0.259979	-0.965589	-0.006998	0.965000	0.260065	-0.033789
45645	9.797253	-0.094243	-0.304962	0.008237	-0.003474	0.002800	0.034465	0.002049	0.999404	0.260036	-0.965574	-0.006988	0.964984	0.260121	-0.033812
45646	9.817971	-0.067924	-0.374577	0.015395	-0.000438	0.003001	0.034451	0.002092	0.999404	0.259983	-0.965588	-0.006940	0.964999	0.260067	-0.033810
45647	9.830998	-0.063731	-0.334625	0.019440	-0.000165	0.003004	0.034439	0.002099	0.999405	0.260147	-0.965544	-0.006936	0.964955	0.260231	-0.033798
45648	9.792360	-0.041817	-0.294810	0.011064	-0.001556	0.001606	0.034511	0.002111	0.999402	0.259969	-0.965592	-0.006937	0.965000	0.260053	-0.033872
45649	9.733529	-0.045417	-0.305449	0.005125	-0.006236	0.002605	0.034556	0.002138	0.999400	0.259995	-0.965585	-0.006924	0.964991	0.260079	-0.033923
45650	9.708183	-0.018249	-0.285948	-0.002182	-0.005253	-0.000390	0.034530	0.002266	0.999401	0.260101	-0.965557	-0.006797	0.964964	0.260180	-0.033930
45651	9.714306	-0.034262	-0.316668	-0.002033	-0.009272	0.002405	0.034604	0.002303	0.999398	0.260059	-0.965569	-0.006780	0.964972	0.260137	-0.034011
45652	9.714275	-0.034141	-0.317618	-0.002114	-0.010279	-0.004761	0.034679	0.002415	0.999396	0.260270	-0.965513	-0.006698	0.964913	0.260345	-0.034112
45653	9.727542	-0.028646	-0.338361	0.004509	-0.008431	-0.003764	0.034729	0.002509	0.999394	0.260293	-0.965507	-0.006621	0.964905	0.260365	-0.034184
45654	9.708076	-0.017514	-0.289591	-0.003719	-0.013841	-0.002365	0.034834	0.002630	0.999390	0.260240	-0.965522	-0.006530	0.964915	0.260309	-0.034318
45655	9.746650	-0.039524	-0.330757	0.002905	-0.011992	-0.001369	0.034925	0.002710	0.999386	0.260247	-0.965520	-0.006477	0.964910	0.260313	-0.034426
45656	9.755025	0.019043	-0.341399	-0.003429	-0.012996	-0.000972	0.034948	0.002877	0.999385	0.260327	-0.965500	-0.006324	0.964888	0.260388	-0.034491
45657	9.817874	-0.067184	-0.442666	-0.005581	-0.008861	-0.001976	0.035007	0.002955	0.999383	0.260252	-0.965520	-0.006262	0.964906	0.260310	-0.034569
45658	9.772074	-0.065686	-0.413867	0.003687	-0.010463	-0.004358	0.035007	0.003125	0.999382	0.260484	-0.965459	-0.006105	0.964843	0.260537	-0.034612
45659	9.791231	-0.076649	-0.404856	0.022158	-0.008640	-0.004751	0.035056	0.003230	0.999380	0.260678	-0.965407	-0.006024	0.964789	0.260727	-0.034685
45660	9.786317	-0.023027	-0.395444	0.024601	-0.011928	-0.002353	0.035015	0.003439	0.999381	0.261362	-0.965223	-0.005836	0.964606	0.261405	-0.034696
45661	9.747691	-0.000793	-0.356419	0.024782	-0.006559	-0.000173	0.035055	0.003494	0.999379	0.261580	-0.965164	-0.005801	0.964545	0.261621	-0.034748
45662	9.740498	-0.021803	-0.367441	0.015047	-0.011172	-0.001360	0.035158	0.003589	0.999375	0.261582	-0.965164	-0.005736	0.964541	0.261620	-0.034872
45663	9.760711	0.003988	-0.318287	0.014361	-0.008341	-0.003358	0.035207	0.003680	0.999373	0.261700	-0.965133	-0.005666	0.964507	0.261735	-0.034942
45664	9.785988	-0.023092	-0.339300	0.009247	-0.010989	-0.001759	0.035296	0.003780	0.999370	0.261765	-0.965115	-0.005594	0.964486	0.261797	-0.035054
45665	9.739154	-0.058551	-0.350811	0.006915	-0.012224	-0.004942	0.035378	0.003896	0.999366	0.261812	-0.965103	-0.005506	0.964470	0.261841	-0.035164
45666	9.712580	-0.068186	-0.312328	0.012430	-0.013253	-0.005933	0.035492	0.004041	0.999362	0.261880	-0.965085	-0.005398	0.964447	0.261905	-0.035311
45667	9.719709	-0.046546	-0.303363	0.009453	-0.011153	-0.007532	0.035558	0.004179	0.999359	0.261953	-0.965066	-0.005285	0.964425	0.261973	-0.035410
45668	9.740092	-0.019780	-0.314466	0.010788	-0.017320	-0.007114	0.035661	0.004367	0.999354	0.262099	-0.965027	-0.005135	0.964382	0.262113	-0.035558
45669	9.779670	-0.004260	-0.315902	-0.008377	-0.016317	-0.008713	0.035773	0.004530	0.999350	0.262000	-0.965055	-0.005004	0.964405	0.262008	-0.035710
45670	9.752169	-0.050095	-0.377752	-0.004862	-0.017229	-0.007912	0.035825	0.004750	0.999347	0.262253	-0.964987	-0.004815	0.964334	0.262254	-0.035816
45671	9.772520	-0.023131	-0.389172	-0.002859	-0.017345	-0.009703	0.035945	0.004925	0.999342	0.262207	-0.965000	-0.004675	0.964342	0.262203	-0.035978
45672	9.766485	-0.005742	-0.420586	0.001722	-0.015883	-0.010504	0.036158	0.005055	0.999333	0.262068	-0.965038	-0.004601	0.964372	0.262060	-0.036218
45673	9.779664	0.000191	-0.441906	-0.011308	-0.013712	-0.006724	0.036250	0.005192	0.999329	0.261940	-0.965074	-0.004488	0.964403	0.261928	-0.036344
45674	9.772446	-0.020188	-0.453294	-0.004683	-0.011860	-0.005736	0.036368	0.005311	0.999324	0.261828	-0.965104	-0.004399	0.964429	0.261811	-0.036489
45675	9.779557	0.001539	-0.444264	-0.002148	-0.010788	-0.008328	0.036428	0.005456	0.999321	0.261789	-0.965116	-0.004274	0.964437	0.261767	-0.036586
45676	9.750793	-0.082139	-0.425906	0.011057	-0.007588	-0.009935	0.036417	0.005647	0.999321	0.261985	-0.965063	-0.004094	0.964385	0.261956	-0.036624
45677	9.744690	-0.065411	-0.396739	0.025645	-0.010047	-0.007543	0.036472	0.005782	0.999318	0.262214	-0.965002	-0.003986	0.964320	0.262181	-0.036712
45678	9.739748	-0.011241	-0.387250	0.028715	-0.007788	-0.010934	0.036514	0.005950	0.999315	0.262536	-0.964915	-0.003847	0.964231	0.262496	-0.036795
45679	9.719269	-0.036682	-0.318435	0.024916	-0.007723	-0.013121	0.036532	0.006133	0.999314	0.262759	-0.964854	-0.003684	0.964170	0.262714	-0.036859
45680	9.745641	-0.025808	-0.299074	0.027497	-0.006145	-0.012130	0.036502	0.006361	0.999313	0.262966	-0.964799	-0.003465	0.964114	0.262912	-0.036890
45681	9.755058	0.071177	-0.328968	0.013599	-0.006519	-0.012521	0.036510	0.006535	0.999312	0.263080	-0.964768	-0.003303	0.964083	0.263020	-0.036943
45682	9.773177	0.024027	-0.360032	-0.002187	-0.011301	-0.011899	0.036595	0.006725	0.999308	0.262913	-0.964814	-0.003135	0.964125	0.262846	-0.037076
45683	9.746741	0.015558	-0.381198	-0.012326	-0.012248	-0.013682	0.036655	0.006926	0.999304	0.262778	-0.964852	-0.002952	0.964160	0.262703	-0.037187
45684	9.732399	-0.025456	-0.402499	-0.011706	-0.010046	-0.007320	0.036648	0.007131	0.999303	0.262689	-0.964877	-0.002748	0.964184	0.262606	-0.037234
45685	9.746654	0.017659	-0.383316	-0.017841	-0.011223	-0.012685	0.036701	0.007320	0.999299	0.262500	-0.964929	-0.002573	0.964234	0.262411	-0.037335
45686	9.713056	-0.011604	-0.414835	-0.006442	-0.017454	-0.017645	0.036839	0.007567	0.999293	0.262380	-0.964962	-0.002365	0.964261	0.262281	-0.037534
45687	9.733349	0.016067	-0.425986	0.002110	-0.010681	-0.014093	0.036883	0.007768	0.999289	0.262384	-0.964961	-0.002183	0.964258	0.262278	-0.037629
45688	9.812495	0.047151	-0.426890	-0.000466	-0.012260	-0.015079	0.036982	0.007991	0.999284	0.262100	-0.965039	-0.001983	0.964332	0.261986	-0.037784
45689	9.772846	0.033570	-0.428044	0.008492	-0.009162	-0.010919	0.037020	0.008157	0.999281	0.262165	-0.965021	-0.001835	0.964313	0.262044	-0.037863
45690	9.765666	0.013141	-0.379285	0.006203	-0.009895	-0.010515	0.037040	0.008358	0.999279	0.262434	-0.964949	-0.001657	0.964239	0.262306	-0.037935
45691	9.752426	0.009489	-0.420078	0.010783	-0.008429	-0.011321	0.037070	0.008526	0.999276	0.262521	-0.964925	-0.001506	0.964214	0.262387	-0.038008
45692	9.719930	0.016683	-0.410966	0.012011	-0.010070	-0.010121	0.037066	0.008745	0.999275	0.262773	-0.964857	-0.001304	0.964146	0.262631	-0.038061
45693	9.699567	-0.008528	-0.402004	0.015119	-0.007302	-0.009935	0.037088	0.008896	0.999272	0.262901	-0.964822	-0.001168	0.964110	0.262753	-0.038122
45694	9.724874	-0.034924	-0.363358	0.020432	-0.014201	-0.016677	0.037218	0.009132	0.999265	0.262825	-0.964843	-0.000971	0.964125	0.262668	-0.038310
45695	9.752286	0.013822	-0.364140	0.027180	-0.007477	-0.017108	0.037223	0.009354	0.999263	0.263072	-0.964776	-0.000769	0.964058	0.262907	-0.038372
45696	9.798962	0.051286	-0.354912	0.005881	-0.011253	-0.015477	0.037321	0.009573	0.999257	0.262982	-0.964801	-0.000580	0.964079	0.262808	-0.038525
45697	9.805998	0.074071	-0.405691	-0.005689	-0.010400	-0.012682	0.037366	0.009759	0.999254	0.262910	-0.964820	-0.000409	0.964097	0.262729	-0.038617
45698	9.784624	0.011880	-0.377103	-0.015012	-0.009321	-0.013869	0.037388	0.009967	0.999251	0.262988	-0.964799	-0.000217	0.964074	0.262799	-0.038694
45699	9.778425	0.030111	-0.467559	-0.012478	-0.008248	-0.016462	0.037402	0.010184	0.999248	0.262853	-0.964836	-0.000005	0.964111	0.262656	-0.038764
45700	9.771262	0.010592	-0.478440	-0.004624	-0.008024	-0.014284	0.037416	0.010431	0.999245	0.262647	-0.964892	0.000237	0.964166	0.262440	-0.038842
45701	9.789509	-0.036730	-0.449611	0.019132	-0.007520	-0.013520	0.037431	0.010618	0.999243	0.262815	-0.964846	0.000407	0.964120	0.262601	-0.038906
45702	9.725645	0.013757	-0.389900	0.023343	-0.001867	-0.011361	0.037387	0.010789	0.999243	0.263097	-0.964769	0.000573	0.964045	0.262876	-0.038908
45703	9.706346	0.026130	-0.399977	0.015492	-0.002092	-0.013537	0.037349	0.010962	0.999242	0.263230	-0.964733	0.000744	0.964010	0.263003	-0.038917
45704	9.720553	0.069359	-0.380134	0.016479	-0.004071	-0.010147	0.037329	0.011141	0.999241	0.263363	-0.964696	0.000918	0.963974	0.263129	-0.038945
45705	9.732713	0.038068	-0.380746	0.014435	-0.004467	-0.011932	0.037318	0.011305	0.999239	0.263485	-0.964663	0.001074	0.963941	0.263245	-0.038978
45706	9.733744	0.076277	-0.341118	0.008628	-0.004298	-0.012323	0.037281	0.011509	0.999239	0.263761	-0.964587	0.001269	0.963867	0.263513	-0.038996
45707	9.727576	0.093764	-0.371545	-0.004863	-0.008371	-0.012087	0.037307	0.011684	0.999236	0.263697	-0.964604	0.001434	0.963884	0.263442	-0.039068
45708	9.732627	0.041519	-0.382578	-0.008625	-0.007806	-0.010692	0.037292	0.011900	0.999234	0.263596	-0.964632	0.001650	0.963912	0.263332	-0.039110
45709	9.751794	0.032036	-0.433415	-0.003716	-0.011029	-0.018042	0.037328	0.012140	0.999229	0.263545	-0.964645	0.001874	0.963924	0.263272	-0.039208
45710	9.784213	0.027383	-0.444228	0.004581	-0.004579	-0.012316	0.037385	0.012297	0.999225	0.263455	-0.964670	0.002015	0.963947	0.263175	-0.039304
45711	9.783242	-0.008750	-0.425022	0.019676	-0.006326	-0.014317	0.037386	0.012488	0.999223	0.263628	-0.964622	0.002192	0.963900	0.263342	-0.039355
45712	9.829862	0.028638	-0.415611	0.029251	-0.007056	-0.015319	0.037337	0.012750	0.999221	0.264082	-0.964497	0.002439	0.963777	0.263785	-0.039378
45713	9.764918	0.042201	-0.396055	0.024545	-0.004005	-0.013735	0.037317	0.012930	0.999220	0.264302	-0.964436	0.002609	0.963718	0.263999	-0.039407
45714	9.771981	0.064574	-0.386522	0.019684	-0.006326	-0.014312	0.037263	0.013180	0.999219	0.264570	-0.964362	0.002854	0.963646	0.264257	-0.039422
45715	9.758808	0.060850	-0.367097	0.008880	-0.003960	-0.014508	0.037240	0.013367	0.999217	0.264639	-0.964343	0.003038	0.963628	0.264319	-0.039450
45716	9.758781	0.062050	-0.367620	0.007579	-0.006672	-0.010713	0.037271	0.013572	0.999213	0.264315	-0.964431	0.003240	0.963716	0.263986	-0.039533
45717	9.745491	0.058487	-0.408047	0.008596	-0.004809	-0.015894	0.037253	0.013775	0.999211	0.264382	-0.964412	0.003439	0.963698	0.264045	-0.039569
45718	9.778035	0.053396	-0.359074	0.021624	-0.010786	-0.011105	0.037349	0.013929	0.999205	0.264592	-0.964354	0.003553	0.963637	0.264249	-0.039703
45719	9.765754	0.086627	-0.359794	0.023255	-0.006712	-0.009936	0.037365	0.014080	0.999202	0.264799	-0.964297	0.003686	0.963580	0.264450	-0.039759
45720	9.805246	0.102703	-0.360776	0.025111	-0.012198	-0.013882	0.037316	0.014369	0.999200	0.265163	-0.964196	0.003963	0.963481	0.264803	-0.039790
45721	9.752526	0.083807	-0.341934	0.011769	-0.010910	-0.011484	0.037368	0.014546	0.999196	0.265259	-0.964168	0.004116	0.963453	0.264892	-0.039888
45722	9.734019	0.133375	-0.372789	0.003139	-0.012672	-0.010665	0.037463	0.014734	0.999189	0.265065	-0.964221	0.004280	0.963503	0.264690	-0.040028
45723	9.719650	0.092365	-0.453907	-0.003201	-0.013697	-0.010251	0.037545	0.014907	0.999184	0.265017	-0.964234	0.004427	0.963513	0.264634	-0.040152
45724	9.718719	0.056307	-0.435368	0.007395	-0.012559	-0.016437	0.037544	0.015200	0.999179	0.265178	-0.964188	0.004704	0.963468	0.264784	-0.040230
45725	9.730919	0.025139	-0.436849	0.027627	-0.014952	-0.007903	0.037644	0.015354	0.999173	0.265426	-0.964119	0.004815	0.963396	0.265025	-0.040368
45726	9.738769	0.084437	-0.448083	0.036222	-0.013701	-0.012296	0.037759	0.015555	0.999166	0.265592	-0.964073	0.004971	0.963346	0.265183	-0.040534
45727	9.772180	0.116455	-0.419585	0.040037	-0.013748	-0.010111	0.037842	0.015726	0.999160	0.265960	-0.963971	0.005099	0.963241	0.265544	-0.040661
45728	9.765053	0.096196	-0.430695	0.026513	-0.008456	-0.010520	0.037816	0.015966	0.999157	0.266072	-0.963938	0.005333	0.963211	0.265646	-0.040701
45729	9.758755	0.113462	-0.461580	0.025134	-0.012195	-0.013870	0.037874	0.016170	0.999152	0.266298	-0.963875	0.005505	0.963146	0.265863	-0.040812
45730	9.764935	0.098425	-0.432863	0.015837	-0.010623	-0.011480	0.037808	0.016429	0.999150	0.266674	-0.963770	0.005756	0.963045	0.266229	-0.040819
45731	9.796517	0.056035	-0.424168	0.019365	-0.011520	-0.010683	0.037867	0.016600	0.999145	0.266843	-0.963722	0.005898	0.962996	0.266392	-0.040923
45732	9.790432	0.072937	-0.395304	0.021699	-0.010265	-0.007513	0.037965	0.016729	0.999139	0.267002	-0.963677	0.005990	0.962948	0.266544	-0.041053
45733	9.732546	0.107019	-0.366120	0.024235	-0.009192	-0.010108	0.038003	0.016889	0.999135	0.267218	-0.963617	0.006125	0.962887	0.266754	-0.041134
45734	9.746049	0.112788	-0.267993	0.013347	-0.021080	-0.008211	0.038109	0.017124	0.999127	0.267271	-0.963601	0.006321	0.962867	0.266797	-0.041298
45735	9.758535	0.081638	-0.210119	-0.000274	-0.016828	-0.015773	0.038205	0.017359	0.999119	0.267254	-0.963604	0.006523	0.962869	0.266769	-0.041454
45736	9.804795	0.082518	-0.062153	0.000802	-0.010631	-0.025959	0.038219	0.017704	0.999113	0.267173	-0.963624	0.006855	0.962890	0.266674	-0.041558
45737	9.871322	0.387251	0.146821	0.001677	0.005649	-0.027475	0.038068	0.017992	0.999113	0.267179	-0.963620	0.007173	0.962895	0.266669	-0.041490
45738	9.868942	0.517234	0.477640	-0.064274	0.027787	-0.020566	0.037660	0.018219	0.999125	0.266659	-0.963762	0.007523	0.963055	0.266142	-0.041154
45739	9.762484	0.643177	1.010716	-0.090592	0.049256	-0.025032	0.037096	0.018368	0.999143	0.265775	-0.964003	0.007854	0.963321	0.265255	-0.040642
45740	9.688107	0.799649	1.335257	-0.195894	0.031236	-0.031236	0.036797	0.018574	0.999150	0.263879	-0.964521	0.008213	0.963854	0.263352	-0.040392
45741	9.663589	0.863957	1.578394	-0.188258	0.009831	-0.043368	0.036565	0.019005	0.999151	0.262058	-0.965012	0.008766	0.964359	0.261515	-0.040266
45742	9.487480	0.851550	1.728730	-0.260527	-0.043048	-0.049196	0.036768	0.019694	0.999130	0.259625	-0.965663	0.009480	0.965009	0.259051	-0.040618
45743	9.107116	0.429861	1.570587	-0.329985	-0.134389	-0.069312	0.037863	0.020748	0.999068	0.256444	-0.966504	0.010353	0.965817	0.255813	-0.041916
45744	8.828195	-0.171141	1.239188	-0.371817	-0.245776	-0.093765	0.039990	0.022342	0.998950	0.252656	-0.967487	0.011524	0.966729	0.251930	-0.044335
45745	8.592234	-0.642395	0.957303	-0.286449	-0.346876	-0.107895	0.043051	0.024294	0.998777	0.249910	-0.968185	0.012778	0.967312	0.249054	-0.047753
45746	8.594219	-0.708378	0.841074	-0.184477	-0.434541	-0.107320	0.047022	0.026430	0.998544	0.248040	-0.968649	0.013959	0.967608	0.247023	-0.052103
45747	8.696731	-0.452464	0.573846	-0.117585	-0.502728	-0.102182	0.051611	0.028697	0.998255	0.246932	-0.968915	0.015087	0.967658	0.245722	-0.057093
45748	8.906953	0.029284	0.402561	-0.140824	-0.573064	-0.098986	0.056945	0.031062	0.997894	0.245420	-0.969282	0.016166	0.967743	0.243983	-0.062819
45749	9.276211	0.208822	0.093249	-0.261713	-0.626864	-0.108314	0.062726	0.033671	0.997463	0.242931	-0.969886	0.017463	0.968013	0.241219	-0.069017
45750	9.646713	0.138609	-0.350513	-0.330631	-0.663530	-0.113525	0.068922	0.036364	0.996959	0.239538	-0.970704	0.018847	0.968438	0.237511	-0.075613
45751	9.945460	0.058661	-0.669851	-0.361364	-0.677809	-0.115136	0.075192	0.039118	0.996402	0.236100	-0.971516	0.020324	0.968815	0.233723	-0.082286
45752	10.022057	-0.106500	-1.295921	-0.367736	-0.669894	-0.121469	0.081499	0.041815	0.995796	0.232453	-0.972363	0.021806	0.969187	0.229698	-0.088966
45753	9.859019	-0.238777	-1.758835	-0.286201	-0.649284	-0.125007	0.087482	0.044551	0.995169	0.229764	-0.972966	0.023359	0.969307	0.226611	-0.095353
45754	9.557541	-0.309271	-1.957842	-0.225579	-0.631873	-0.130996	0.093284	0.047292	0.994516	0.227557	-0.973445	0.024945	0.969286	0.223982	-0.101569
45755	9.179442	-0.701133	-2.260424	-0.113687	-0.631456	-0.136598	0.099073	0.050070	0.993820	0.226567	-0.973636	0.026467	0.968944	0.222544	-0.107805
45756	9.128729	-0.716588	-2.116750	0.023168	-0.625798	-0.143930	0.104822	0.052858	0.993085	0.226746	-0.973555	0.027885	0.968297	0.222255	-0.114036
45757	9.249045	-0.566804	-2.318318	0.140212	-0.621233	-0.147196	0.110479	0.055713	0.992316	0.228242	-0.973166	0.029227	0.967316	0.223259	-0.120231
45758	9.571902	-0.253823	-2.131216	0.240901	-0.603700	-0.157737	0.115897	0.058653	0.991528	0.230624	-0.972562	0.030574	0.966116	0.225127	-0.126244
45759	10.042614	0.240310	-2.073256	0.210344	-0.553633	-0.148906	0.120876	0.061391	0.990767	0.232813	-0.972001	0.031824	0.964980	0.226817	-0.131784
45760	10.422651	0.686728	-2.078713	0.032912	-0.481012	-0.142595	0.125136	0.063907	0.990079	0.233151	-0.971871	0.033263	0.964355	0.226676	-0.136516
45761	10.549302	0.696197	-2.511007	-0.238201	-0.431526	-0.145366	0.128939	0.066331	0.989432	0.231020	-0.972316	0.035078	0.964367	0.224056	-0.140693
45762	10.475426	0.312759	-2.902524	-0.404691	-0.392620	-0.155826	0.132303	0.068776	0.988820	0.227328	-0.973105	0.037267	0.964789	0.219857	-0.144379
45763	10.253967	-0.166487	-3.027809	-0.433179	-0.329460	-0.165603	0.135088	0.071145	0.988276	0.223351	-0.973934	0.039582	0.965332	0.215386	-0.147457
45764	9.839344	-0.526022	-3.072419	-0.390866	-0.293918	-0.181858	0.137515	0.073546	0.987765	0.219527	-0.974701	0.042011	0.965866	0.211064	-0.150182
45765	9.457716	-0.667139	-2.944905	-0.245677	-0.254022	-0.198104	0.139516	0.076050	0.987295	0.217410	-0.975071	0.044386	0.966058	0.208456	-0.152572
45766	9.130473	-0.146990	-2.692720	-0.111674	-0.211749	-0.208446	0.141122	0.078513	0.986874	0.216296	-0.975212	0.046655	0.966075	0.206873	-0.154606
45767	8.990255	0.617096	-2.433935	-0.119266	-0.179065	-0.215005	0.142367	0.081018	0.986493	0.215431	-0.975289	0.049008	0.966086	0.205544	-0.156303
45768	9.241239	1.191878	-1.836018	-0.221067	-0.147059	-0.233613	0.143214	0.083654	0.986150	0.213586	-0.975553	0.051737	0.966370	0.203218	-0.157581
45769	9.607596	1.554874	-1.921656	-0.424751	-0.106415	-0.245386	0.143703	0.086302	0.985851	0.209813	-0.976200	0.054874	0.967123	0.198959	-0.158391
45770	9.904303	1.936179	-1.859047	-0.583301	-0.081463	-0.254279	0.143951	0.088961	0.985578	0.204325	-0.977162	0.058358	0.968261	0.192978	-0.158840
45771	10.155139	1.522323	-2.048315	-0.830827	-0.087104	-0.245048	0.144284	0.091561	0.985291	0.196609	-0.978511	0.062140	0.969808	0.184752	-0.159185
45772	10.452048	0.659140	-1.950396	-0.793200	-0.072663	-0.244312	0.144522	0.094109	0.985016	0.189128	-0.979742	0.065856	0.971259	0.176777	-0.159393
45773	10.492075	0.227673	-1.582680	-0.611935	-0.040716	-0.219197	0.144490	0.096368	0.984803	0.183480	-0.980596	0.069036	0.972347	0.170717	-0.159368
45774	10.301922	0.542715	-1.230682	-0.412498	0.010721	-0.213116	0.143988	0.098462	0.984669	0.179658	-0.981103	0.071834	0.973134	0.166561	-0.158957
45775	9.960417	1.188119	-1.023399	-0.298357	0.057640	-0.205048	0.143042	0.100419	0.984609	0.177030	-0.981391	0.074372	0.973755	0.163667	-0.158158
45776	9.292800	1.304536	-1.567520	-0.165946	0.024156	-0.213136	0.142486	0.102446	0.984481	0.175199	-0.981534	0.076783	0.974168	0.161539	-0.157803
45777	9.005018	1.229867	-0.880726	-0.151464	-0.006501	-0.232963	0.142123	0.104783	0.984287	0.174036	-0.981536	0.079361	0.974429	0.160023	-0.157735
45778	9.188786	0.340452	-1.246846	-0.099933	-0.074813	-0.219620	0.142413	0.107117	0.983994	0.173317	-0.981467	0.081757	0.974515	0.158900	-0.158339
45779	9.669681	0.365715	-0.873507	0.024998	-0.102264	-0.199526	0.143044	0.109277	0.983665	0.173827	-0.981210	0.083727	0.974332	0.159011	-0.159352
45780	10.154186	0.271626	-1.091722	0.114594	-0.134763	-0.170155	0.144028	0.111202	0.983306	0.175116	-0.980848	0.085274	0.973956	0.159911	-0.160743
45781	10.323415	0.741770	-0.825504	0.173669	-0.168811	-0.146920	0.145394	0.112954	0.982905	0.177002	-0.980403	0.086484	0.973412	0.161402	-0.162538
45782	10.230197	0.822006	-0.806497	0.240879	-0.183471	-0.130539	0.146931	0.114549	0.982492	0.179317	-0.979899	0.087430	0.972757	0.163331	-0.164518
45783	9.890425	0.981221	-0.677989	0.340370	-0.203546	-0.118439	0.148676	0.116085	0.982049	0.182783	-0.979200	0.088076	0.971846	0.166407	-0.166802
45784	9.484593	1.110609	-0.565257	0.372477	-0.229223	-0.107493	0.150769	0.117462	0.981566	0.185883	-0.978574	0.088552	0.970936	0.169105	-0.169372
45785	9.264507	0.837402	-0.796723	0.362812	-0.274321	-0.094634	0.153233	0.118896	0.981011	0.189529	-0.977842	0.088907	0.969844	0.172307	-0.172372
45786	9.274168	0.728204	-1.059788	0.417329	-0.308015	-0.076614	0.156035	0.120187	0.980412	0.193423	-0.977071	0.088994	0.968628	0.175748	-0.175704
45787	9.382348	1.039389	-1.158176	0.468024	-0.336766	-0.061630	0.159154	0.121428	0.979758	0.198032	-0.976164	0.088813	0.967188	0.179889	-0.179407
45788	9.412942	1.458874	-1.203136	0.417108	-0.364121	-0.055594	0.162610	0.122591	0.979045	0.201665	-0.975435	0.088645	0.965862	0.183025	-0.183338
45789	9.401036	1.617621	-1.444971	0.332626	-0.383151	-0.052657	0.166181	0.123851	0.978287	0.204945	-0.974756	0.088590	0.964563	0.185773	-0.187368
45790	9.266793	1.386385	-1.621803	0.276560	-0.401560	-0.052375	0.169904	0.125154	0.977481	0.207678	-0.974174	0.088633	0.963329	0.187942	-0.191507
45791	9.257020	1.118255	-1.809977	0.248278	-0.416094	-0.047473	0.173790	0.126442	0.976632	0.210132	-0.973644	0.088663	0.962103	0.189813	-0.195779
45792	9.465547	1.313428	-1.997315	0.198879	-0.394495	-0.037984	0.177581	0.127509	0.975811	0.211624	-0.973320	0.088671	0.961083	0.190759	-0.199827
45793	9.588340	1.613092	-2.102759	0.088970	-0.370154	-0.046263	0.181018	0.128705	0.975022	0.212545	-0.973091	0.088990	0.960238	0.191127	-0.203503
45794	9.370638	1.755906	-2.457173	-0.053760	-0.334687	-0.049875	0.184104	0.129835	0.974294	0.211860	-0.973179	0.089653	0.959802	0.189909	-0.206673
45795	9.283529	1.975318	-1.923334	-0.070699	-0.315293	-0.068130	0.186965	0.131134	0.973575	0.211291	-0.973223	0.090510	0.959375	0.188786	-0.209667
45796	8.953302	1.469667	-2.062016	-0.243979	-0.336504	-0.075910	0.189971	0.132559	0.972800	0.209055	-0.973582	0.091840	0.959274	0.185922	-0.212665
45797	9.190035	1.062347	-1.325752	-0.212865	-0.329295	-0.079443	0.192944	0.133980	0.972019	0.207149	-0.973868	0.093116	0.959094	0.183387	-0.215656
45798	9.206160	0.806872	-1.821806	-0.250325	-0.348469	-0.082277	0.196039	0.135434	0.971198	0.204691	-0.974250	0.094542	0.958994	0.180261	-0.218713
45799	9.314750	1.115393	-1.429240	-0.201552	-0.356926	-0.098608	0.199240	0.137073	0.970317	0.202937	-0.974476	0.095991	0.958708	0.177787	-0.221972
45800	9.486629	0.614260	-1.703697	-0.211557	-0.398676	-0.105931	0.202908	0.138721	0.969322	0.200477	-0.974830	0.097544	0.958456	0.174534	-0.225612
45801	9.618039	0.517671	-1.613766	-0.089479	-0.415615	-0.117269	0.206635	0.140627	0.968259	0.199843	-0.974821	0.098931	0.957791	0.173058	-0.229536
45802	9.652009	0.566599	-1.405236	-0.034243	-0.429259	-0.119234	0.210554	0.142403	0.967155	0.198990	-0.974864	0.100218	0.957116	0.171353	-0.233598
45803	9.629381	0.360788	-1.336367	-0.022621	-0.456066	-0.125950	0.214646	0.144450	0.965951	0.199025	-0.974720	0.101536	0.956199	0.170454	-0.237969
45804	9.723810	0.621052	-1.202372	0.078253	-0.462507	-0.129000	0.218804	0.146449	0.964716	0.199647	-0.974476	0.102649	0.955126	0.170142	-0.242458
45805	9.636166	1.275369	-1.169436	0.069147	-0.496556	-0.135618	0.223252	0.148654	0.963359	0.200591	-0.974157	0.103835	0.953898	0.170059	-0.247302
45806	9.395657	1.578009	-1.177739	-0.088371	-0.528330	-0.139235	0.228113	0.150710	0.961900	0.199122	-0.974287	0.105429	0.953056	0.167485	-0.252258
45807	9.342224	1.379882	-1.343471	-0.197239	-0.570963	-0.135381	0.233264	0.153017	0.960299	0.197539	-0.974407	0.107281	0.952138	0.164672	-0.257521
45808	9.432423	1.133389	-1.396181	-0.278791	-0.612892	-0.127243	0.238902	0.155111	0.958575	0.194473	-0.974803	0.109269	0.951371	0.160312	-0.263047
45809	9.716373	1.148487	-1.432006	-0.285975	-0.637652	-0.130331	0.244693	0.157432	0.956734	0.192053	-0.975050	0.111326	0.950390	0.156503	-0.268823
45810	9.787264	1.276736	-1.669816	-0.252730	-0.666191	-0.136776	0.250849	0.159607	0.954778	0.189160	-0.975382	0.113354	0.949365	0.152171	-0.274865
45811	9.923851	1.476356	-1.511131	-0.241918	-0.700814	-0.147364	0.257200	0.162139	0.952659	0.187224	-0.975506	0.115480	0.948048	0.148659	-0.281257
45812	10.048711	1.040880	-1.506862	-0.233678	-0.746567	-0.155968	0.264089	0.164512	0.950365	0.184436	-0.975777	0.117659	0.946700	0.144209	-0.288033
45813	10.154801	0.425688	-1.717389	-0.146011	-0.792872	-0.159817	0.271274	0.167243	0.947861	0.183467	-0.975717	0.119651	0.944855	0.141443	-0.295370
45814	10.440638	0.403662	-1.587193	0.058941	-0.827171	-0.174183	0.278902	0.169822	0.945185	0.183446	-0.975537	0.121145	0.942635	0.139603	-0.303232
45815	10.798566	0.201394	-1.563601	0.167785	-0.868998	-0.169792	0.286749	0.172731	0.942305	0.185491	-0.975008	0.122280	0.939877	0.139725	-0.311622
45816	11.100485	-0.531837	-1.833943	0.346895	-0.913896	-0.155535	0.295258	0.175165	0.939223	0.187973	-0.974486	0.122650	0.936744	0.140335	-0.320651
45817	10.977538	0.396038	-1.563900	0.442837	-0.942281	-0.136879	0.303787	0.177873	0.935989	0.192509	-0.973614	0.122542	0.933088	0.142960	-0.330014
45818	10.862234	0.723592	-1.482268	0.373893	-1.006859	-0.119856	0.313047	0.180193	0.932487	0.195430	-0.973047	0.122422	0.929413	0.143912	-0.339825
45819	10.798020	0.463588	-1.460289	0.283658	-1.056115	-0.090150	0.322645	0.182633	0.928733	0.198334	-0.972470	0.122332	0.925507	0.144730	-0.349985
45820	10.682802	0.583971	-1.430568	0.188319	-1.101830	-0.067479	0.332677	0.184592	0.924798	0.199487	-0.972238	0.122300	0.921700	0.143799	-0.360266
45821	10.633707	0.284715	-1.739690	0.105474	-1.172429	-0.037575	0.343364	0.186676	0.920464	0.200571	-0.972014	0.122311	0.917536	0.142622	-0.371197
45822	10.783910	0.214865	-1.723275	0.131194	-1.231891	-0.018099	0.354771	0.188082	0.915840	0.200529	-0.972068	0.121950	0.913195	0.140388	-0.382577
45823	11.009343	0.147263	-1.596514	0.188914	-1.303140	0.013893	0.366646	0.189811	0.910792	0.202187	-0.971826	0.121138	0.908125	0.139735	-0.394694
45824	11.221175	0.303402	-1.333632	0.211281	-1.357391	0.058936	0.379281	0.190603	0.905437	0.202590	-0.971916	0.119734	0.902831	0.138019	-0.407244
45825	11.324094	0.231566	-1.175906	0.198006	-1.409773	0.095739	0.392143	0.191652	0.899719	0.203992	-0.971823	0.118101	0.897001	0.137222	-0.420189
45826	11.292831	0.337686	-0.835072	0.197597	-1.445123	0.123025	0.405251	0.192187	0.893776	0.204762	-0.971897	0.116143	0.890979	0.135945	-0.433215
45827	10.953364	0.872940	-0.614578	0.186924	-1.478398	0.150434	0.418665	0.192766	0.887447	0.205792	-0.971929	0.114031	0.884517	0.134889	-0.446582
45828	10.468944	1.287732	-0.112848	0.096142	-1.533408	0.178434	0.432564	0.192880	0.880730	0.205460	-0.972235	0.112010	0.877881	0.132503	-0.460183
45829	10.230008	1.429640	0.259701	0.021744	-1.614374	0.202527	0.447075	0.193065	0.873413	0.204751	-0.972593	0.110183	0.870748	0.129572	-0.474352
45830	10.400925	1.257929	0.545969	-0.059849	-1.725307	0.208200	0.462405	0.193159	0.865373	0.203144	-0.973101	0.108656	0.863084	0.125552	-0.489206
45831	10.937361	0.442062	0.669445	-0.116291	-1.825127	0.202713	0.478472	0.193473	0.856524	0.201184	-0.973632	0.107540	0.854745	0.120864	-0.504780
45832	11.464817	-0.453445	0.685610	-0.108293	-1.897300	0.154764	0.494889	0.194118	0.846996	0.199351	-0.974094	0.106769	0.845780	0.116011	-0.520767
45833	11.895321	-1.519401	0.155903	0.030404	-1.921450	0.096892	0.511222	0.195409	0.836940	0.199114	-0.974244	0.105844	0.836066	0.112537	-0.536963
45834	11.763174	-2.008061	0.391101	0.370704	-1.942346	0.056225	0.527455	0.196896	0.826452	0.201670	-0.973987	0.103336	0.825300	0.112166	-0.553442
45835	10.987252	-2.515179	0.013199	0.604808	-1.994667	0.023183	0.543826	0.198965	0.815270	0.206498	-0.973344	0.099798	0.813395	0.114079	-0.570416
45836	9.877216	-2.337764	-0.199053	0.750551	-2.083534	-0.052474	0.560483	0.201736	0.803219	0.212670	-0.972414	0.095831	0.800394	0.117109	-0.587924
45837	9.159135	-1.945521	-0.511684	0.782010	-2.256429	-0.207391	0.577912	0.206466	0.789550	0.220051	-0.971058	0.092863	0.785872	0.120075	-0.606619
45838	9.311135	-1.316488	-1.005684	0.698268	-2.373667	-0.339037	0.595586	0.212465	0.774685	0.227302	-0.969549	0.091156	0.770462	0.121797	-0.625743
45839	10.074248	-1.267859	-1.409317	0.769927	-2.412164	-0.467744	0.612871	0.219998	0.758940	0.235999	-0.967586	0.089902	0.754118	0.124010	-0.644924
45840	10.708376	-0.816221	-2.391073	0.820367	-2.332213	-0.531818	0.628963	0.227858	0.743294	0.245208	-0.965426	0.088462	0.737752	0.126622	-0.663090
45841	10.993520	-0.461374	-3.151833	0.993352	-2.235839	-0.552752	0.643867	0.236105	0.727798	0.255974	-0.962859	0.085906	0.721049	0.130986	-0.680390
45842	11.184260	-0.024160	-3.808935	1.090283	-2.097980	-0.535506	0.657401	0.243826	0.713003	0.266998	-0.960187	0.082178	0.704653	0.136347	-0.696328
45843	11.307844	0.246167	-4.592775	1.216617	-1.883451	-0.498707	0.669143	0.251278	0.699362	0.278788	-0.957245	0.077192	0.688858	0.143321	-0.710587
45844	11.228978	0.272356	-5.294332	1.281947	-1.590787	-0.419047	0.678777	0.257380	0.687762	0.290114	-0.954368	0.070828	0.674608	0.151453	-0.722473
45845	10.454041	0.408982	-5.985929	1.345406	-1.255552	-0.309446	0.686233	0.262327	0.678431	0.301224	-0.951456	0.063208	0.662079	0.160984	-0.731940
45846	9.450576	0.946903	-5.045450	1.378883	-0.999322	-0.249117	0.692012	0.266111	0.671048	0.311770	-0.948584	0.054660	0.651091	0.171388	-0.739397
45847	7.985252	0.856633	-8.639468	0.430454	-0.864538	-0.172201	0.697047	0.269268	0.664545	0.315760	-0.947376	0.052665	0.643755	0.173127	-0.745390
45848	7.367541	1.063594	-9.628512	1.067315	-0.756292	-0.290350	0.700940	0.273092	0.658866	0.324371	-0.944785	0.046517	0.635190	0.181112	-0.750821
45849	6.057252	1.981211	-8.347965	0.945195	-0.631200	-0.299203	0.703921	0.277115	0.653989	0.332448	-0.942212	0.041413	0.627673	0.188266	-0.755370
45850	7.146838	1.221154	-7.962268	0.989071	-0.509769	-0.325789	0.705999	0.280895	0.650126	0.340672	-0.939494	0.035971	0.620893	0.196084	-0.758975
45851	8.287142	2.819735	-7.095528	0.894021	-0.007797	-0.337826	0.704861	0.284114	0.649962	0.348599	-0.936745	0.031431	0.617778	0.204422	-0.759317
45852	8.688061	3.689407	-7.723726	0.734485	0.355589	-0.279791	0.701661	0.285751	0.652701	0.354883	-0.934503	0.027619	0.617843	0.212253	-0.757112
45853	9.221644	4.607679	-6.795183	0.430702	0.699412	-0.223022	0.696509	0.286361	0.657931	0.359117	-0.932934	0.025880	0.621217	0.218248	-0.752634
45854	8.542692	4.936398	-6.961385	-0.034415	1.015925	-0.112370	0.689725	0.284989	0.665628	0.359507	-0.932756	0.026838	0.628517	0.220787	-0.745801
45855	7.761211	4.613325	-6.415547	-0.635533	1.212079	-0.034142	0.681898	0.282680	0.674616	0.355719	-0.934051	0.031831	0.639124	0.218268	-0.737482
45856	7.203408	2.713916	-7.020677	-1.183047	1.483323	0.010373	0.672311	0.279241	0.685582	0.347850	-0.936680	0.040398	0.653451	0.211319	-0.726874
45857	6.722308	2.182765	-7.392540	-1.331130	1.740044	0.043420	0.660926	0.275257	0.698148	0.338757	-0.939558	0.049740	0.669642	0.203628	-0.714223
45858	7.169385	1.129439	-7.526882	-1.619194	2.002303	0.096145	0.647605	0.270244	0.712444	0.327003	-0.943085	0.060489	0.688242	0.193798	-0.699117
45859	7.732404	-0.559953	-7.985703	-1.557811	2.355037	0.151688	0.631623	0.264380	0.728804	0.315155	-0.946440	0.070199	0.708329	0.185347	-0.681115
45860	7.641723	-1.527963	-8.357464	-1.173741	2.747508	0.232240	0.612531	0.256993	0.747502	0.305116	-0.949251	0.076332	0.729184	0.181319	-0.659859
45861	6.994653	-1.630622	-8.656319	-0.537168	3.076263	0.330658	0.590765	0.248266	0.767698	0.299153	-0.951064	0.077359	0.749336	0.183958	-0.636125
45862	6.511659	-1.483261	-8.519814	0.130549	3.315758	0.421529	0.566808	0.237868	0.788764	0.297559	-0.951890	0.073235	0.768237	0.193193	-0.610319
45863	6.433189	-0.762130	-8.041431	0.778575	3.524514	0.502033	0.540904	0.226039	0.810141	0.300822	-0.951488	0.064628	0.785448	0.208751	-0.582661
45864	6.674502	0.255836	-7.658263	1.158191	3.739950	0.546825	0.512837	0.212543	0.831759	0.306991	-0.950206	0.053529	0.801720	0.227891	-0.552550
45865	6.995977	1.244065	-7.375358	1.285548	3.966341	0.581395	0.482504	0.197613	0.853311	0.314498	-0.948338	0.041787	0.817485	0.248202	-0.519726
45866	7.394040	2.125980	-6.826877	1.226741	4.222007	0.594214	0.449473	0.180971	0.874771	0.321730	-0.946341	0.030467	0.833345	0.267746	-0.483579
45867	7.732762	3.187445	-6.910645	0.828880	4.471313	0.571525	0.413660	0.163277	0.895671	0.326228	-0.945044	0.021611	0.849977	0.283253	-0.444193
45868	7.485653	4.178328	-6.983184	0.197404	4.707120	0.568482	0.375017	0.144260	0.915724	0.325565	-0.945391	0.015605	0.867969	0.292275	-0.401504
45869	6.960534	3.637473	-6.194863	-0.841562	4.813469	0.611928	0.334691	0.124461	0.934072	0.315986	-0.948672	0.013184	0.887769	0.290742	-0.356840
45870	7.728990	1.696449	-6.998785	-1.347134	4.931181	0.514752	0.291956	0.105347	0.950612	0.302203	-0.953157	0.012816	0.907433	0.283536	-0.310116
45871	7.857371	1.251148	-6.953400	-1.792149	4.920757	0.558641	0.248450	0.086389	0.964785	0.284239	-0.958670	0.012645	0.926003	0.271088	-0.262736
45872	8.275970	0.130992	-6.844146	-1.851677	5.042861	0.624161	0.202977	0.067029	0.976887	0.265506	-0.964047	0.010982	0.942501	0.257140	-0.213476
45873	8.713266	-0.540078	-6.419595	-1.872795	5.107985	0.718901	0.156281	0.047362	0.986576	0.246401	-0.969139	0.007493	0.956485	0.241922	-0.163129
45874	8.820951	-1.521289	-6.691812	-1.570229	5.114022	0.813441	0.108963	0.027395	0.993668	0.230153	-0.973153	0.001591	0.967035	0.228522	-0.112343
45875	8.404823	-2.394405	-6.041455	-0.985923	5.069412	0.821583	0.061589	0.008056	0.998069	0.219853	-0.975516	-0.005693	0.973587	0.219779	-0.061852
45876	8.480474	-3.038795	-5.570134	-0.596984	4.930086	0.775409	0.015106	-0.010229	0.999834	0.213627	-0.976826	-0.013221	0.976799	0.213791	-0.012571
45877	8.917377	-3.562158	-5.485345	0.104541	4.776164	0.677378	-0.030114	-0.027027	0.999181	0.214664	-0.976484	-0.019943	0.976223	0.213888	0.035208
45878	9.379902	-2.824472	-4.241791	0.756774	4.617473	0.564200	-0.073951	-0.042562	0.996353	0.222208	-0.974675	-0.025143	0.972191	0.219538	0.081536
45879	9.601382	-1.647744	-3.593565	1.180789	4.515999	0.439759	-0.116725	-0.056934	0.991531	0.234030	-0.971819	-0.028251	0.965197	0.228751	0.126760
45880	9.116914	-0.850188	-3.002579	1.205481	4.367538	0.327386	-0.157983	-0.070311	0.984935	0.245934	-0.968831	-0.029714	0.956325	0.237535	0.170350
45881	8.488678	-0.928115	-2.781657	1.116596	4.140795	0.211402	-0.196870	-0.082318	0.976968	0.256892	-0.965986	-0.029626	0.946176	0.245143	0.211320
45882	8.014560	-1.117110	-2.263191	1.013567	3.844364	0.082019	-0.232896	-0.092661	0.968077	0.266478	-0.963431	-0.028108	0.935280	0.251426	0.249071
45883	7.980945	-0.909253	-1.442889	1.062576	3.524723	-0.036212	-0.265782	-0.101262	0.958700	0.276223	-0.960771	-0.024903	0.923613	0.258196	0.283327
45884	8.055158	-0.261398	-0.503439	1.103229	3.241001	-0.094130	-0.295853	-0.108840	0.949013	0.285959	-0.958018	-0.020725	0.911427	0.265247	0.314556
45885	7.759750	0.271006	-0.034248	0.972779	2.924075	-0.109101	-0.322674	-0.115608	0.939424	0.294387	-0.955544	-0.016476	0.899565	0.271238	0.342362
45886	7.156226	0.305788	0.700270	0.822001	2.481237	-0.117663	-0.345276	-0.121264	0.930634	0.301230	-0.953470	-0.012480	0.888845	0.276025	0.365738
45887	6.843795	0.460827	1.711616	0.713579	1.995096	-0.153392	-0.363408	-0.125322	0.923162	0.306951	-0.951688	-0.008361	0.879611	0.280328	0.384319
45888	6.521290	0.426356	2.740214	0.563525	1.416879	-0.169609	-0.376407	-0.127690	0.917613	0.311153	-0.950349	-0.004609	0.872641	0.283783	0.397449
45889	6.232895	0.644150	3.436806	0.483727	0.820975	-0.174075	-0.384122	-0.128349	0.914318	0.314656	-0.949205	-0.001054	0.868011	0.287291	0.404996
45890	5.693572	1.415232	3.141692	0.321062	0.222093	-0.169290	-0.386642	-0.127367	0.913392	0.316682	-0.948530	0.001786	0.866153	0.289946	0.407076
45891	5.466637	2.562519	2.496341	0.006660	-0.393459	-0.174627	-0.383808	-0.124537	0.914976	0.316022	-0.948746	0.003429	0.867653	0.290469	0.403493
45892	5.864147	2.987188	1.275291	-0.485370	-0.968749	-0.162489	-0.375945	-0.120177	0.918816	0.311089	-0.950376	0.002981	0.872863	0.286954	0.394675
45893	6.780419	3.004715	0.167366	-0.963983	-1.459001	-0.149889	-0.363633	-0.114587	0.924468	0.302035	-0.953297	0.000643	0.881219	0.279455	0.381259
45894	9.663219	2.708568	-1.858278	-1.379696	-1.741725	-0.135173	-0.348646	-0.108500	0.930953	0.289257	-0.957246	-0.003237	0.891502	0.268156	0.365125
45895	15.518625	2.775745	-0.170640	-1.255892	-1.561233	-0.178915	-0.335189	-0.102647	0.936542	0.277348	-0.960751	-0.006038	0.900403	0.257724	0.350502
45896	20.635185	-0.210861	3.638320	-1.982194	-0.826352	0.044116	-0.327638	-0.100982	0.939391	0.259533	-0.965643	-0.013284	0.908458	0.239450	0.342589
