// General information: 
//  MT Manager version: 2022.2.0 
//  XDA version: 2022.2.0 build 7381 rev 124627 built on 2023-07-19
// Device information: 
//  DeviceId: 00B4CBA7
//  ProductCode: MTW2-3A7G6
//  Firmware Version: 4.6.0
//  Hardware Version: 2.0.0
// Device settings: 
//  Filter Profile: human(46.1)
//  Option Flags: Orientation Smoother Disabled, Position/Velocity Smoother Disabled, Continuous Zero Rotation Update Disabled, AHS Disabled, ICC Disabled
// Coordinate system: ENU
PacketCounter	Acc_X	Acc_Y	Acc_Z	Gyr_X	Gyr_Y	Gyr_Z	Mat[1][1]	Mat[2][1]	Mat[3][1]	Mat[1][2]	Mat[2][2]	Mat[3][2]	Mat[1][3]	Mat[2][3]	Mat[3][3]
57492	9.789568	0.104289	-0.446994	0.026726	0.011965	0.016667	-0.023777	-0.028474	0.999312	-0.372520	0.927858	0.017574	-0.927719	-0.371846	-0.032669
57493	9.770057	0.041290	-0.385915	0.050258	0.010772	0.013378	-0.023712	-0.028338	0.999317	-0.372998	0.927668	0.017455	-0.927529	-0.372330	-0.032567
57494	9.784109	0.131164	-0.326521	0.061967	0.015151	0.012260	-0.023666	-0.028276	0.999320	-0.373374	0.927518	0.017402	-0.927379	-0.372708	-0.032509
57495	9.747304	0.231676	-0.312404	0.053616	0.016792	0.014085	-0.023549	-0.028112	0.999327	-0.373884	0.927315	0.017275	-0.927177	-0.373225	-0.032348
57496	9.745707	0.203658	-0.289292	0.037029	0.011058	0.010607	-0.023513	-0.028067	0.999329	-0.374077	0.927237	0.017241	-0.927100	-0.373421	-0.032301
57497	9.755055	0.164527	-0.333641	0.032096	0.011774	0.014451	-0.023443	-0.027918	0.999335	-0.374387	0.927115	0.017118	-0.926976	-0.373736	-0.032187
57498	9.780541	0.157642	-0.309939	0.028710	0.008760	0.016136	-0.023496	-0.027682	0.999341	-0.374970	0.926884	0.016859	-0.926739	-0.374326	-0.032158
57499	9.769779	0.142366	-0.326496	0.035149	0.006385	0.018595	-0.023492	-0.027514	0.999345	-0.375306	0.926751	0.016693	-0.926603	-0.374668	-0.032098
57500	9.791456	0.167830	-0.291112	0.036168	0.013020	0.009778	-0.023368	-0.027149	0.999358	-0.376470	0.926284	0.016361	-0.926134	-0.375846	-0.031867
57501	9.762295	0.203974	-0.301282	0.040510	0.006184	0.016374	-0.023358	-0.027002	0.999362	-0.376856	0.926130	0.016215	-0.925977	-0.376237	-0.031808
57502	9.722153	0.251332	-0.244551	0.034749	0.006794	0.010920	-0.023366	-0.026909	0.999365	-0.377288	0.925956	0.016111	-0.925801	-0.376672	-0.031788
57503	9.723904	0.276822	-0.265896	0.011872	0.006247	0.011177	-0.023335	-0.026809	0.999368	-0.377409	0.925908	0.016026	-0.925752	-0.376797	-0.031724
57504	9.706104	0.216425	-0.311574	-0.010130	0.003734	0.012278	-0.023354	-0.026757	0.999369	-0.377206	0.925992	0.015977	-0.925835	-0.376594	-0.031719
57505	9.751811	0.160907	-0.401089	-0.017365	0.001131	0.010321	-0.023368	-0.026684	0.999371	-0.377056	0.926054	0.015910	-0.925895	-0.376447	-0.031701
57506	9.783077	0.063351	-0.379712	-0.009882	0.000519	0.013757	-0.023391	-0.026481	0.999376	-0.377274	0.925968	0.015705	-0.925806	-0.376672	-0.031650
57507	9.779316	0.094572	-0.367886	0.013002	0.001989	0.007418	-0.023386	-0.026431	0.999377	-0.377407	0.925915	0.015657	-0.925752	-0.376805	-0.031628
57508	9.739345	0.117423	-0.395825	0.023414	0.005947	0.016018	-0.023344	-0.026240	0.999383	-0.377938	0.925702	0.015477	-0.925537	-0.377343	-0.031526
57509	9.737337	0.174975	-0.405776	0.017935	0.000336	0.009668	-0.023361	-0.026175	0.999384	-0.378115	0.925631	0.015405	-0.925464	-0.377522	-0.031521
57510	9.728106	0.211873	-0.360253	0.007191	0.004683	0.010411	-0.023488	-0.026133	0.999383	-0.378044	0.925661	0.015320	-0.925490	-0.377451	-0.031621
57511	9.750244	0.127576	-0.377684	0.004640	0.003643	0.009223	-0.023473	-0.026060	0.999385	-0.378098	0.925640	0.015257	-0.925468	-0.377508	-0.031581
57512	9.773655	0.180250	-0.364790	0.001001	0.003848	0.009427	-0.023584	-0.026057	0.999382	-0.377963	0.925696	0.015217	-0.925520	-0.377370	-0.031680
57513	9.784512	0.192716	-0.347169	-0.004354	0.004054	0.011657	-0.023575	-0.025961	0.999385	-0.377933	0.925709	0.015132	-0.925533	-0.377344	-0.031635
57514	9.768226	0.183876	-0.330285	-0.012924	0.005913	0.009612	-0.023578	-0.026037	0.999383	-0.377303	0.925965	0.015223	-0.925790	-0.376711	-0.031656
57515	9.751928	0.175314	-0.313538	-0.013931	0.001139	0.006270	-0.023575	-0.026002	0.999384	-0.377186	0.926013	0.015195	-0.925837	-0.376595	-0.031639
57516	9.761019	0.161299	-0.274328	-0.012433	-0.000514	0.012569	-0.023650	-0.025955	0.999383	-0.377034	0.926076	0.015129	-0.925898	-0.376443	-0.031688
57517	9.762795	0.186753	-0.296200	-0.015441	0.000936	0.012143	-0.023672	-0.025867	0.999385	-0.376902	0.926131	0.015043	-0.925951	-0.376314	-0.031672
57518	9.722854	0.209755	-0.324488	-0.022260	-0.001141	0.011792	-0.023687	-0.025857	0.999385	-0.376453	0.926314	0.015044	-0.926133	-0.375865	-0.031675
57519	9.744698	0.210887	-0.374571	-0.014983	-0.001554	0.011383	-0.023728	-0.025786	0.999386	-0.376325	0.926367	0.014967	-0.926184	-0.375739	-0.031685
57520	9.746681	0.150925	-0.364543	-0.013478	-0.002279	0.011598	-0.023710	-0.025783	0.999386	-0.376025	0.926488	0.014981	-0.926306	-0.375439	-0.031663
57521	9.748456	0.176610	-0.386611	-0.003856	-0.001449	0.008530	-0.023739	-0.025738	0.999387	-0.376001	0.926499	0.014929	-0.926315	-0.375416	-0.031672
57522	9.790195	0.178019	-0.380343	0.000407	-0.001341	0.013780	-0.023727	-0.025542	0.999392	-0.376372	0.926351	0.014740	-0.926165	-0.375794	-0.031593
57523	9.773887	0.168991	-0.363970	-0.000255	0.001353	0.010696	-0.023738	-0.025466	0.999394	-0.376381	0.926349	0.014664	-0.926161	-0.375805	-0.031575
57524	9.782956	0.154728	-0.325190	0.001773	-0.008809	0.011493	-0.023884	-0.025403	0.999392	-0.376503	0.926301	0.014547	-0.926107	-0.375927	-0.031688
57525	9.762915	0.177988	-0.297643	-0.002144	-0.002379	0.012592	-0.023936	-0.025323	0.999393	-0.376494	0.926306	0.014454	-0.926110	-0.375919	-0.031706
57526	9.766633	0.144516	-0.309725	-0.007460	-0.005179	0.012454	-0.023992	-0.025313	0.999392	-0.376260	0.926402	0.014432	-0.926203	-0.375685	-0.031750
57527	9.710357	0.159675	-0.322149	-0.003822	-0.005387	0.012249	-0.024071	-0.025247	0.999391	-0.376235	0.926413	0.014342	-0.926212	-0.375661	-0.031798
57528	9.761258	0.123168	-0.361804	-0.002282	-0.009122	0.010092	-0.024257	-0.025273	0.999386	-0.376058	0.926486	0.014302	-0.926279	-0.375480	-0.031978
57529	9.714033	0.125288	-0.335444	0.001775	-0.008811	0.011495	-0.024364	-0.025228	0.999385	-0.376085	0.926476	0.014219	-0.926265	-0.375507	-0.032061
57530	9.779240	0.180206	-0.317441	0.008001	-0.010991	0.010107	-0.024485	-0.025202	0.999382	-0.376230	0.926419	0.014144	-0.926203	-0.375651	-0.032165
57531	9.748348	0.190083	-0.307857	0.000340	-0.015032	0.012630	-0.024655	-0.025169	0.999379	-0.376243	0.926415	0.014050	-0.926193	-0.375663	-0.032310
57532	9.733731	0.232425	-0.230023	-0.005498	-0.008393	0.011910	-0.024767	-0.025024	0.999380	-0.376615	0.926266	0.013860	-0.926039	-0.376038	-0.032365
57533	9.702903	0.217918	-0.304942	-0.028897	-0.019172	0.005698	-0.024949	-0.025071	0.999374	-0.376359	0.926371	0.013844	-0.926138	-0.375778	-0.032547
57534	9.697444	0.198368	-0.357424	-0.038126	-0.015539	0.006667	-0.025051	-0.025030	0.999373	-0.376301	0.926395	0.013769	-0.926159	-0.375720	-0.032626
57535	9.746467	0.135949	-0.375962	-0.049241	-0.014705	0.003449	-0.025183	-0.025080	0.999368	-0.375857	0.926575	0.013782	-0.926336	-0.375272	-0.032760
57536	9.815459	0.024484	-0.507351	-0.033607	-0.017721	0.007311	-0.025391	-0.025079	0.999363	-0.375702	0.926639	0.013709	-0.926393	-0.375114	-0.032950
57537	9.855339	-0.000584	-0.480747	-0.010982	-0.014934	0.011645	-0.025555	-0.025054	0.999359	-0.375609	0.926678	0.013627	-0.926426	-0.375020	-0.033092
57538	9.824427	0.009420	-0.471031	0.023809	-0.009350	0.007992	-0.025642	-0.024941	0.999360	-0.376221	0.926432	0.013468	-0.926175	-0.375635	-0.033139
57539	9.802556	0.091695	-0.453764	0.048149	-0.006564	0.010296	-0.025724	-0.024897	0.999359	-0.376676	0.926248	0.013380	-0.925988	-0.376091	-0.033205
57540	9.758976	0.171765	-0.386252	0.040217	-0.003449	0.007636	-0.025765	-0.024878	0.999358	-0.377027	0.926106	0.013334	-0.925844	-0.376441	-0.033241
57541	9.744441	0.189746	-0.392145	0.023118	-0.003645	0.007288	-0.025809	-0.024851	0.999358	-0.377250	0.926016	0.013285	-0.925752	-0.376665	-0.033274
57542	9.728131	0.181170	-0.375993	0.007697	-0.000834	0.007280	-0.025971	-0.024773	0.999356	-0.377554	0.925894	0.013140	-0.925623	-0.376969	-0.033400
57543	9.748099	0.155897	-0.404134	-0.000660	0.000833	0.009093	-0.025980	-0.024712	0.999357	-0.377557	0.925894	0.013080	-0.925622	-0.376974	-0.033385
57544	9.759013	0.058269	-0.439378	0.009201	-0.001561	0.007492	-0.026025	-0.024587	0.999359	-0.378015	0.925709	0.012931	-0.925433	-0.377437	-0.033386
57545	9.788121	0.044553	-0.344108	0.027388	-0.002615	0.006450	-0.026056	-0.024563	0.999359	-0.378278	0.925602	0.012888	-0.925325	-0.377700	-0.033409
57546	9.780857	0.108194	-0.320972	0.034877	-0.003242	0.009885	-0.026046	-0.024554	0.999359	-0.378422	0.925544	0.012878	-0.925267	-0.377844	-0.033398
57547	9.737343	0.188541	-0.253439	0.034038	-0.004281	0.006673	-0.026093	-0.024534	0.999358	-0.378746	0.925412	0.012830	-0.925133	-0.378168	-0.033439
57548	9.708294	0.225624	-0.264857	0.012000	-0.002809	0.004073	-0.026238	-0.024450	0.999357	-0.379193	0.925231	0.012681	-0.924946	-0.378616	-0.033548
57549	9.708280	0.225407	-0.265559	-0.006305	-0.011505	0.000248	-0.026328	-0.024517	0.999353	-0.379145	0.925250	0.012711	-0.924963	-0.378565	-0.033655
57550	9.700971	0.179482	-0.295509	-0.018510	-0.010348	0.004509	-0.026545	-0.024593	0.999345	-0.378872	0.925362	0.012709	-0.925068	-0.378286	-0.033882
57551	9.704560	0.147040	-0.308288	-0.021906	-0.012422	0.000109	-0.026643	-0.024665	0.999341	-0.378680	0.925440	0.012745	-0.925144	-0.378091	-0.033997
57552	9.751671	0.143835	-0.336713	-0.034320	-0.011061	0.000525	-0.026672	-0.024658	0.999340	-0.378673	0.925443	0.012728	-0.925146	-0.378084	-0.034021
57553	9.776952	0.113938	-0.399556	-0.038797	-0.011888	-0.002477	-0.026755	-0.024752	0.999336	-0.378325	0.925584	0.012796	-0.925286	-0.377732	-0.034128
57554	9.796871	0.004249	-0.397029	-0.022498	-0.016676	-0.001623	-0.026869	-0.024927	0.999328	-0.377891	0.925760	0.012931	-0.925460	-0.377289	-0.034294
57555	9.843943	0.001186	-0.425932	0.012336	-0.015051	-0.001569	-0.026984	-0.025024	0.999323	-0.378016	0.925708	0.012973	-0.925406	-0.377410	-0.034439
57556	9.820227	0.033358	-0.471472	0.038957	-0.004084	-0.003290	-0.026924	-0.025099	0.999322	-0.378444	0.925532	0.013049	-0.925232	-0.377836	-0.034417
57557	9.802212	0.109441	-0.381196	0.047948	-0.004510	-0.005736	-0.026926	-0.025195	0.999320	-0.378900	0.925345	0.013120	-0.925046	-0.378289	-0.034462
57558	9.771352	0.120660	-0.370941	0.034943	-0.008332	-0.000956	-0.026965	-0.025368	0.999314	-0.378908	0.925339	0.013266	-0.925041	-0.378291	-0.034564
57559	9.764019	0.074852	-0.400575	0.034492	-0.005843	-0.000192	-0.027000	-0.025418	0.999312	-0.379238	0.925204	0.013286	-0.924905	-0.378619	-0.034619
57560	9.753158	0.171694	-0.366045	0.027426	-0.004697	-0.002013	-0.027024	-0.025491	0.999310	-0.379476	0.925106	0.013336	-0.924807	-0.378853	-0.034673
57561	9.744070	0.099452	-0.373428	0.022285	-0.003758	-0.002014	-0.027032	-0.025550	0.999308	-0.379693	0.925016	0.013379	-0.924718	-0.379068	-0.034706
57562	9.742290	0.073169	-0.351877	0.029349	-0.003978	-0.006280	-0.026999	-0.025676	0.999306	-0.379952	0.924908	0.013499	-0.924612	-0.379324	-0.034727
57563	9.765877	0.126923	-0.339806	0.047731	-0.002227	-0.001104	-0.026996	-0.025721	0.999305	-0.380404	0.924721	0.013524	-0.924426	-0.379775	-0.034748
57564	9.773171	0.172876	-0.311221	0.023127	-0.001794	-0.004885	-0.026952	-0.025846	0.999303	-0.380460	0.924696	0.013655	-0.924404	-0.379827	-0.034756
57565	9.822121	0.110952	-0.329118	0.015989	-0.015265	-0.001743	-0.027067	-0.025946	0.999297	-0.380619	0.924631	0.013698	-0.924336	-0.379980	-0.034903
57566	9.825697	0.078771	-0.341882	0.018476	-0.007282	-0.001920	-0.027000	-0.025981	0.999298	-0.381066	0.924446	0.013739	-0.924153	-0.380428	-0.034861
57567	9.782055	0.135264	-0.359191	0.018900	-0.006761	-0.000312	-0.027042	-0.026036	0.999295	-0.381251	0.924369	0.013767	-0.924076	-0.380610	-0.034923
57568	9.767281	0.129057	-0.450025	0.026005	-0.010918	-0.000847	-0.027134	-0.026091	0.999291	-0.381657	0.924202	0.013767	-0.923906	-0.381013	-0.035035
57569	9.789082	0.156018	-0.416898	0.042074	-0.012491	-0.001461	-0.027224	-0.026178	0.999287	-0.382056	0.924036	0.013798	-0.923738	-0.381407	-0.035157
57570	9.754594	0.199302	-0.395642	0.042501	-0.011970	0.000151	-0.027277	-0.026269	0.999283	-0.382439	0.923877	0.013847	-0.923578	-0.381787	-0.035247
57571	9.745583	0.237299	-0.351754	0.043589	-0.013221	-0.001236	-0.027374	-0.026356	0.999278	-0.382851	0.923706	0.013875	-0.923404	-0.382195	-0.035377
57572	9.725651	0.261950	-0.324855	0.030916	-0.008647	-0.002313	-0.027376	-0.026572	0.999272	-0.382613	0.923802	0.014083	-0.923503	-0.381949	-0.035457
57573	9.714424	0.223580	-0.427406	0.023244	-0.011762	-0.005864	-0.027442	-0.026697	0.999267	-0.382839	0.923706	0.014165	-0.923407	-0.382170	-0.035569
57574	9.707295	0.203072	-0.373026	0.034181	-0.013313	-0.000389	-0.027496	-0.026879	0.999260	-0.382829	0.923708	0.014313	-0.923410	-0.382152	-0.035688
57575	9.723249	0.185586	-0.475154	0.027106	-0.012171	-0.002216	-0.027578	-0.026973	0.999256	-0.383090	0.923599	0.014358	-0.923299	-0.382409	-0.035804
57576	9.728531	0.179977	-0.509684	0.026612	-0.005750	-0.005195	-0.027600	-0.027065	0.999253	-0.383366	0.923484	0.014424	-0.923184	-0.382681	-0.035864
57577	9.741310	0.135034	-0.482867	0.022167	-0.010514	-0.004463	-0.027659	-0.027173	0.999248	-0.383582	0.923393	0.014493	-0.923093	-0.382893	-0.035963
57578	9.775680	0.091748	-0.506387	0.035450	-0.010829	-0.001653	-0.027720	-0.027281	0.999243	-0.383867	0.923274	0.014558	-0.922972	-0.383173	-0.036066
57579	9.763089	0.162379	-0.450729	0.046135	-0.008255	-0.003759	-0.027761	-0.027374	0.999240	-0.384304	0.923091	0.014611	-0.922789	-0.383606	-0.036146
57580	9.739556	0.219664	-0.412261	0.040391	-0.011576	-0.005482	-0.027829	-0.027507	0.999234	-0.384703	0.922924	0.014692	-0.922621	-0.383999	-0.036266
57581	9.719633	0.244635	-0.385341	0.021091	-0.009266	-0.003061	-0.027882	-0.027598	0.999230	-0.384908	0.922837	0.014748	-0.922534	-0.384200	-0.036353
57582	9.690667	0.197617	-0.364816	0.006113	-0.011054	-0.012293	-0.027943	-0.027795	0.999223	-0.385004	0.922794	0.014903	-0.922492	-0.384289	-0.036487
57583	9.721418	0.187517	-0.376893	-0.007789	-0.012891	-0.008369	-0.028008	-0.027949	0.999217	-0.384945	0.922817	0.015022	-0.922515	-0.384223	-0.036605
57584	9.735910	0.169734	-0.372574	-0.012279	-0.013730	-0.011373	-0.028132	-0.028184	0.999207	-0.384726	0.922906	0.015201	-0.922602	-0.383993	-0.036806
57585	9.733811	0.118986	-0.436060	-0.008211	-0.013417	-0.009973	-0.028196	-0.028355	0.999200	-0.384663	0.922930	0.015336	-0.922626	-0.383923	-0.036930
57586	9.766587	0.160834	-0.386083	-0.004361	-0.012912	-0.012423	-0.028117	-0.028529	0.999197	-0.384778	0.922879	0.015523	-0.922581	-0.384033	-0.036926
57587	9.799273	0.092434	-0.387716	0.005929	-0.013878	-0.018496	-0.028151	-0.028780	0.999189	-0.384847	0.922846	0.015738	-0.922551	-0.384092	-0.037055
57588	9.793623	0.185049	-0.388164	0.006996	-0.013019	-0.011436	-0.028147	-0.028997	0.999183	-0.384922	0.922812	0.015938	-0.922520	-0.384159	-0.037136
57589	9.726621	0.214415	-0.334221	-0.000225	-0.018635	-0.015729	-0.028236	-0.029241	0.999174	-0.384934	0.922803	0.016128	-0.922512	-0.384160	-0.037312
57590	9.704618	0.189015	-0.370181	-0.013934	-0.018855	-0.020134	-0.028247	-0.029575	0.999163	-0.384679	0.922904	0.016443	-0.922618	-0.383893	-0.037446
57591	9.653435	0.201416	-0.417226	-0.013304	-0.017614	-0.020771	-0.028307	-0.029861	0.999153	-0.384572	0.922944	0.016688	-0.922661	-0.383773	-0.037610
57592	9.691439	0.238512	-0.401347	-0.010505	-0.018874	-0.024185	-0.028385	-0.030238	0.999140	-0.384328	0.923040	0.017016	-0.922760	-0.383514	-0.037821
57593	9.722111	0.229951	-0.414309	-0.008959	-0.022618	-0.026320	-0.028469	-0.030595	0.999126	-0.384262	0.923062	0.017316	-0.922785	-0.383433	-0.038035
57594	9.707777	0.276742	-0.337806	-0.021360	-0.024286	-0.028256	-0.028610	-0.030978	0.999111	-0.384095	0.923125	0.017623	-0.922850	-0.383249	-0.038309
57595	9.722221	0.260962	-0.334607	-0.050889	-0.026168	-0.030525	-0.028712	-0.031387	0.999095	-0.383644	0.923306	0.017981	-0.923035	-0.382780	-0.038551
57596	9.715263	0.132973	-0.333265	-0.070731	-0.031163	-0.032133	-0.028795	-0.031874	0.999077	-0.382896	0.923608	0.018430	-0.923343	-0.382012	-0.038800
57597	9.759526	-0.005096	-0.287569	-0.057324	-0.040510	-0.036395	-0.029007	-0.032392	0.999054	-0.382387	0.923810	0.018850	-0.923547	-0.381478	-0.039183
57598	9.714051	-0.081691	-0.337707	-0.039801	-0.037938	-0.046630	-0.029148	-0.032940	0.999032	-0.382395	0.923797	0.019302	-0.923539	-0.381463	-0.039523
57599	9.662619	0.043926	-0.334996	-0.013376	-0.044356	-0.049623	-0.029345	-0.033595	0.999005	-0.382295	0.923827	0.019837	-0.923574	-0.381333	-0.039953
57600	9.613255	0.110909	-0.322304	-0.014374	-0.049141	-0.052927	-0.029495	-0.034398	0.998973	-0.381787	0.924022	0.020545	-0.923780	-0.380789	-0.040386
57601	9.637877	0.196420	-0.337349	-0.017661	-0.058183	-0.055911	-0.029795	-0.035163	0.998937	-0.381650	0.924065	0.021144	-0.923827	-0.380614	-0.040953
57602	9.659477	0.229363	-0.308910	-0.031305	-0.061446	-0.062606	-0.030064	-0.036039	0.998898	-0.381244	0.924216	0.021870	-0.923985	-0.380167	-0.041525
57603	9.771179	0.289241	-0.324446	-0.058885	-0.062667	-0.069050	-0.030356	-0.036943	0.998856	-0.380730	0.924409	0.022619	-0.924188	-0.379608	-0.042126
57604	9.894458	0.364289	-0.429110	-0.089083	-0.057740	-0.057419	-0.030623	-0.037654	0.998822	-0.380318	0.924565	0.023194	-0.924349	-0.379160	-0.042633
57605	10.022433	0.098632	-0.510921	-0.124525	-0.058660	-0.048212	-0.030958	-0.038349	0.998785	-0.379191	0.925013	0.023763	-0.924801	-0.377994	-0.043178
57606	10.018421	-0.331582	-0.691703	-0.029461	-0.049554	-0.051334	-0.031140	-0.039021	0.998753	-0.379104	0.925034	0.024321	-0.924830	-0.377874	-0.043598
57607	9.917335	-0.121059	-0.480636	0.073595	-0.046515	-0.054222	-0.031340	-0.039725	0.998719	-0.379810	0.924730	0.024864	-0.924533	-0.378544	-0.044069
57608	9.786307	-0.008710	-0.416806	0.118996	-0.046766	-0.050501	-0.031496	-0.040407	0.998687	-0.380907	0.924265	0.025383	-0.924077	-0.379607	-0.044502
57609	9.652218	0.272632	-0.311557	0.132989	-0.048798	-0.050708	-0.031728	-0.041088	0.998652	-0.382160	0.923734	0.025864	-0.923551	-0.380824	-0.045011
57610	9.585971	0.441664	-0.230943	0.085211	-0.056583	-0.054129	-0.031969	-0.041813	0.998614	-0.383146	0.923311	0.026394	-0.923134	-0.381771	-0.045538
57611	9.608660	0.387783	-0.063800	0.003274	-0.060291	-0.064062	-0.032256	-0.042662	0.998569	-0.383205	0.923267	0.027066	-0.923100	-0.381783	-0.046129
57612	9.732447	0.242464	-0.271554	-0.037299	-0.032501	-0.075529	-0.032166	-0.043482	0.998536	-0.383101	0.923286	0.027864	-0.923146	-0.381644	-0.046357
57613	9.797437	0.576410	0.123226	-0.036896	-0.007591	-0.074135	-0.031927	-0.044223	0.998511	-0.382792	0.923390	0.028656	-0.923283	-0.381307	-0.046410
57614	9.777677	0.495397	0.205860	-0.147549	-0.005148	-0.063735	-0.031730	-0.044892	0.998488	-0.381261	0.923999	0.029427	-0.923923	-0.379751	-0.046434
57615	9.499674	0.595048	0.413589	-0.190545	-0.023041	-0.058987	-0.031693	-0.045551	0.998459	-0.379526	0.924690	0.030139	-0.924638	-0.377986	-0.046594
57616	9.323166	0.488997	0.401820	-0.249892	-0.086954	-0.066818	-0.032227	-0.046487	0.998399	-0.377493	0.925497	0.030907	-0.925451	-0.375893	-0.047375
57617	9.411734	0.493241	0.477810	-0.297692	-0.114195	-0.083380	-0.032946	-0.047714	0.998318	-0.374771	0.926568	0.031916	-0.926532	-0.373089	-0.048409
57618	9.412881	0.526918	0.445633	-0.362201	-0.141999	-0.096151	-0.033838	-0.049265	0.998212	-0.370998	0.928039	0.033225	-0.928017	-0.369211	-0.049680
57619	9.428662	0.545800	0.309158	-0.382178	-0.186334	-0.101355	-0.035169	-0.050918	0.998083	-0.367492	0.929388	0.034465	-0.929361	-0.365576	-0.051398
57620	9.463388	0.649109	0.300625	-0.379571	-0.218089	-0.118188	-0.036861	-0.052784	0.997925	-0.364305	0.930593	0.035766	-0.930550	-0.362231	-0.053532
57621	9.527145	0.720389	0.193029	-0.424725	-0.252583	-0.131056	-0.038714	-0.054942	0.997739	-0.360407	0.932047	0.037340	-0.931991	-0.358147	-0.055885
57622	9.521582	0.768923	0.077368	-0.462994	-0.274274	-0.144670	-0.040800	-0.057247	0.997526	-0.356464	0.933495	0.038992	-0.933418	-0.353991	-0.058493
57623	9.600795	0.608241	-0.140236	-0.522753	-0.302741	-0.152832	-0.043064	-0.059766	0.997283	-0.351653	0.935238	0.040863	-0.935140	-0.348937	-0.061292
57624	9.669334	0.404451	-0.251860	-0.546473	-0.317991	-0.151753	-0.045468	-0.062242	0.997025	-0.347057	0.936873	0.042660	-0.936741	-0.344085	-0.064200
57625	9.747586	0.104984	-0.266608	-0.549099	-0.332513	-0.149372	-0.048047	-0.064806	0.996741	-0.341987	0.938648	0.044543	-0.938476	-0.338732	-0.067262
57626	9.631732	-0.248406	-0.532090	-0.490258	-0.340213	-0.143657	-0.050696	-0.067298	0.996444	-0.337707	0.940111	0.046312	-0.939885	-0.334158	-0.070387
57627	9.444916	-0.450841	-0.285416	-0.366080	-0.383011	-0.153766	-0.053758	-0.070045	0.996094	-0.334352	0.941218	0.048142	-0.940914	-0.330458	-0.074018
57628	9.437818	-0.615121	-0.393495	-0.284485	-0.428556	-0.149109	-0.057380	-0.072911	0.995686	-0.331631	0.942090	0.049875	-0.941663	-0.327339	-0.078236
57629	9.381422	-0.270331	-0.162988	-0.186569	-0.432767	-0.153941	-0.060923	-0.075801	0.995260	-0.329974	0.942579	0.051590	-0.942022	-0.325267	-0.082438
57630	9.370413	0.085868	-0.382286	-0.169775	-0.457507	-0.160849	-0.064813	-0.078760	0.994784	-0.328740	0.942919	0.053235	-0.942194	-0.323575	-0.087005
57631	9.307090	0.606325	-0.379841	-0.191444	-0.473390	-0.187497	-0.068637	-0.082082	0.994259	-0.327070	0.943380	0.055304	-0.942504	-0.321397	-0.091597
57632	9.277687	0.846366	-0.500832	-0.360809	-0.503268	-0.200959	-0.072791	-0.085645	0.993663	-0.323575	0.944442	0.057699	-0.943399	-0.317324	-0.096460
57633	9.373802	0.997097	-1.017822	-0.498762	-0.517810	-0.205821	-0.076996	-0.089248	0.993029	-0.319030	0.945826	0.060270	-0.944612	-0.312165	-0.101298
57634	9.498476	1.217648	-1.327381	-0.627780	-0.514291	-0.200592	-0.081244	-0.092655	0.992378	-0.313782	0.947418	0.062769	-0.946013	-0.306290	-0.106046
57635	9.574135	1.282275	-1.588414	-0.770047	-0.491238	-0.177482	-0.085324	-0.095852	0.991732	-0.306646	0.949574	0.065395	-0.947991	-0.298531	-0.110414
57636	9.650113	1.189375	-1.868232	-0.870191	-0.471389	-0.176024	-0.089341	-0.098967	0.991072	-0.298257	0.952047	0.068184	-0.950295	-0.289503	-0.114574
57637	9.819119	0.991260	-2.132305	-0.905078	-0.428009	-0.172907	-0.092884	-0.101863	0.990453	-0.289814	0.954447	0.070982	-0.952565	-0.280454	-0.118174
57638	9.790546	0.554182	-2.501873	-0.952374	-0.393786	-0.174722	-0.096290	-0.104632	0.989839	-0.280793	0.956924	0.073837	-0.954926	-0.270830	-0.121522
57639	9.835691	0.033712	-2.799155	-0.841212	-0.386775	-0.176778	-0.099478	-0.107385	0.989228	-0.272935	0.958974	0.076654	-0.956875	-0.262370	-0.124706
57640	9.959320	-0.531721	-2.925019	-0.594943	-0.380241	-0.170495	-0.102823	-0.109994	0.988599	-0.267596	0.960286	0.079011	-0.958029	-0.256421	-0.128174
57641	10.166040	-0.757631	-2.836809	-0.219568	-0.336794	-0.166094	-0.105589	-0.112477	0.988028	-0.265675	0.960656	0.080969	-0.958263	-0.253945	-0.131317
57642	10.319224	-0.531655	-2.814551	0.138966	-0.278179	-0.159372	-0.107955	-0.114687	0.987518	-0.267583	0.960019	0.082241	-0.957468	-0.255364	-0.134327
57643	10.271745	0.135625	-3.055652	0.373155	-0.207748	-0.157100	-0.109501	-0.116757	0.987106	-0.271334	0.958872	0.083317	-0.956236	-0.258712	-0.136678
57644	10.113436	0.682478	-3.141321	0.483620	-0.174829	-0.170950	-0.110879	-0.118828	0.986705	-0.276362	0.957355	0.084238	-0.954636	-0.263348	-0.138990
57645	10.318656	0.595754	-2.939007	0.543623	-0.158420	-0.155361	-0.111938	-0.120763	0.986350	-0.281731	0.955718	0.085039	-0.952942	-0.268366	-0.141004
57646	10.535301	0.679793	-2.725325	0.662593	-0.119061	-0.136480	-0.112826	-0.122322	0.986057	-0.288804	0.953585	0.085249	-0.950717	-0.275158	-0.142917
57647	10.487175	1.118193	-2.163099	0.730156	-0.076504	-0.107313	-0.113221	-0.123585	0.985854	-0.295869	0.951413	0.085288	-0.948495	-0.282027	-0.144285
57648	10.229656	1.328548	-1.738063	0.689745	-0.074273	-0.086394	-0.113828	-0.124622	0.985653	-0.302596	0.949314	0.085083	-0.946297	-0.288570	-0.145769
57649	9.955643	1.203217	-1.014301	0.646435	-0.091439	-0.071288	-0.114457	-0.125592	0.985457	-0.308798	0.947334	0.084867	-0.944216	-0.294594	-0.147211
57650	9.716135	0.966840	-0.435586	0.647504	-0.124265	-0.064916	-0.115686	-0.126565	0.985189	-0.314933	0.945348	0.084465	-0.942037	-0.300497	-0.149223
57651	9.457369	0.658244	0.183720	0.702657	-0.162273	-0.062046	-0.116998	-0.127670	0.984892	-0.321627	0.943129	0.084049	-0.939610	-0.306934	-0.151406
57652	9.167550	0.679015	0.719775	0.815993	-0.212367	-0.065280	-0.118940	-0.128986	0.984488	-0.329100	0.940598	0.083476	-0.936774	-0.314067	-0.154324
57653	8.869647	1.079533	1.142923	0.875641	-0.275911	-0.068554	-0.121274	-0.130534	0.983999	-0.337382	0.937718	0.082813	-0.933523	-0.321941	-0.157761
57654	8.727233	1.562079	1.343781	0.883192	-0.343492	-0.089534	-0.124276	-0.132466	0.983366	-0.346046	0.934613	0.082166	-0.929950	-0.330079	-0.161989
57655	8.666139	2.345071	1.482214	0.783222	-0.409329	-0.104865	-0.127692	-0.134835	0.982606	-0.353460	0.931854	0.081937	-0.926694	-0.336849	-0.166649
57656	8.738477	3.019278	1.190014	0.576618	-0.477709	-0.114836	-0.131782	-0.137577	0.981685	-0.358641	0.929852	0.082168	-0.924127	-0.341244	-0.171878
57657	8.920852	3.340789	0.766944	0.251624	-0.531530	-0.125912	-0.136219	-0.140590	0.980652	-0.361144	0.928809	0.082993	-0.922507	-0.342852	-0.177295
57658	9.090215	3.146880	0.083268	-0.092702	-0.586082	-0.137049	-0.141277	-0.143883	0.979458	-0.360408	0.928961	0.084479	-0.922034	-0.341070	-0.183097
57659	9.309694	2.369873	-0.398920	-0.334164	-0.620365	-0.135126	-0.146495	-0.147267	0.978188	-0.357533	0.929890	0.086451	-0.922339	-0.337070	-0.188878
57660	9.443165	1.459844	-0.853773	-0.370407	-0.647430	-0.152225	-0.152112	-0.150900	0.976776	-0.354230	0.930946	0.088656	-0.922704	-0.332518	-0.195062
57661	9.344149	1.311181	-0.768591	-0.254104	-0.653292	-0.158915	-0.157562	-0.154567	0.975337	-0.352144	0.931537	0.090738	-0.922588	-0.329162	-0.201205
57662	9.087379	1.425681	-0.594228	-0.289895	-0.676902	-0.171941	-0.163390	-0.158480	0.973749	-0.349303	0.932370	0.093134	-0.922654	-0.324916	-0.207697
57663	9.041571	0.500309	-1.327378	-0.272018	-0.776871	-0.176580	-0.169926	-0.162663	0.971939	-0.347101	0.932957	0.095454	-0.922305	-0.321141	-0.214994
57664	9.578758	-0.349443	-1.135119	-0.064364	-0.821479	-0.175082	-0.176972	-0.166928	0.969957	-0.346854	0.932863	0.097259	-0.921072	-0.319221	-0.222990
57665	10.103222	-0.750096	-1.337321	0.182052	-0.844022	-0.169457	-0.184132	-0.171230	0.967872	-0.348849	0.931987	0.098514	-0.918912	-0.319501	-0.231342
57666	10.225894	0.295334	-1.408251	0.430831	-0.824176	-0.167160	-0.191267	-0.175488	0.965723	-0.352744	0.930445	0.099214	-0.915963	-0.321676	-0.239866
57667	10.073663	1.604063	-0.899480	0.404080	-0.822852	-0.187065	-0.198113	-0.179909	0.963527	-0.356818	0.928800	0.100059	-0.912925	-0.323980	-0.248202
57668	9.829217	2.215191	-1.328898	0.003321	-0.855538	-0.174319	-0.205407	-0.184294	0.961168	-0.357366	0.928417	0.101643	-0.911097	-0.322610	-0.256564
57669	9.747925	1.482036	-2.132360	-0.297818	-0.883784	-0.176903	-0.212811	-0.188795	0.958680	-0.355038	0.929033	0.104143	-0.910307	-0.318205	-0.264738
57670	9.997181	0.147604	-2.121804	-0.317094	-0.931080	-0.171443	-0.220924	-0.193321	0.955939	-0.352593	0.929694	0.106526	-0.909324	-0.313524	-0.273555
57671	10.038304	-0.136101	-2.026571	-0.123147	-0.946133	-0.156679	-0.228954	-0.197756	0.953138	-0.351843	0.929763	0.108389	-0.907627	-0.310539	-0.282452
57672	9.928043	0.392613	-1.460435	0.057592	-0.968836	-0.154916	-0.237359	-0.202179	0.950150	-0.352762	0.929271	0.109612	-0.905107	-0.309159	-0.291892
57673	9.855911	0.519991	-1.656160	0.094783	-1.046158	-0.159861	-0.246235	-0.206917	0.946865	-0.354022	0.928642	0.110871	-0.902240	-0.307911	-0.301917
57674	10.198945	0.814231	-1.975813	0.188027	-1.094763	-0.181575	-0.255635	-0.211952	0.943253	-0.356282	0.927655	0.111889	-0.898729	-0.307461	-0.312656
57675	11.128655	0.565721	-2.033238	0.214170	-1.154731	-0.183099	-0.265324	-0.217222	0.939371	-0.358697	0.926595	0.112954	-0.894952	-0.306980	-0.323765
57676	11.697497	-0.957972	-2.256274	0.408307	-1.179761	-0.153241	-0.275456	-0.222252	0.935269	-0.362802	0.924995	0.112957	-0.890224	-0.308203	-0.335429
57677	11.525892	-0.518879	-1.813404	0.647109	-1.222546	-0.122329	-0.285844	-0.227195	0.930954	-0.368906	0.922705	0.111911	-0.884422	-0.311445	-0.347564
57678	11.612320	-0.692462	-1.486118	0.729028	-1.249112	-0.075703	-0.296603	-0.231775	0.926449	-0.375703	0.920197	0.109929	-0.877995	-0.315464	-0.360011
57679	11.414673	-0.603587	-1.349088	0.742082	-1.330249	-0.030059	-0.308111	-0.236297	0.921538	-0.382303	0.917762	0.107508	-0.871156	-0.319182	-0.373109
57680	11.315953	-0.081431	-1.214048	0.656941	-1.397305	0.019017	-0.320431	-0.240544	0.916222	-0.388405	0.915541	0.104528	-0.863982	-0.322371	-0.386796
57681	11.452150	0.391251	-1.075373	0.505755	-1.466676	0.056442	-0.333262	-0.244788	0.910503	-0.392592	0.914034	0.102041	-0.857209	-0.323450	-0.400715
57682	11.771856	0.899039	-0.923077	0.288470	-1.497843	0.094151	-0.346588	-0.248702	0.904447	-0.394872	0.913297	0.099818	-0.850854	-0.322545	-0.414744
57683	11.764868	1.418777	-0.764484	0.087231	-1.529822	0.129849	-0.360063	-0.252451	0.898122	-0.395174	0.913332	0.098298	-0.845099	-0.319521	-0.428619
57684	11.553346	1.362997	-0.727421	-0.139284	-1.561772	0.149365	-0.374030	-0.255949	0.891399	-0.393074	0.914313	0.097595	-0.839997	-0.313883	-0.442587
57685	11.375378	1.165017	-0.706139	-0.179644	-1.591107	0.192412	-0.388096	-0.259161	0.884430	-0.390859	0.915356	0.096711	-0.834632	-0.308154	-0.456542
57686	11.335432	0.566081	-0.531342	-0.140080	-1.678932	0.243648	-0.403102	-0.261995	0.876851	-0.389202	0.916257	0.094847	-0.828270	-0.303039	-0.471314
57687	11.781675	-0.369979	0.273617	0.044318	-1.764277	0.293036	-0.418779	-0.264642	0.868671	-0.388385	0.916884	0.092093	-0.820841	-0.298813	-0.486755
57688	12.174600	-0.808739	1.509238	0.251345	-1.845190	0.345620	-0.435238	-0.266913	0.859840	-0.389269	0.916949	0.087599	-0.811811	-0.296583	-0.502993
57689	12.412705	-1.015235	2.383413	0.367573	-1.921756	0.385127	-0.452236	-0.269088	0.850338	-0.390550	0.916883	0.082439	-0.801844	-0.294817	-0.519740
57690	12.107270	-0.895043	3.303422	0.476488	-2.025183	0.402682	-0.469973	-0.271294	0.839955	-0.392947	0.916405	0.076123	-0.790391	-0.294282	-0.537290
57691	11.433056	-1.192973	4.122551	0.451628	-2.162949	0.415488	-0.488565	-0.273855	0.828437	-0.394522	0.916201	0.070200	-0.778239	-0.292539	-0.555666
57692	10.777307	-1.680395	4.001792	0.436882	-2.274420	0.388505	-0.507771	-0.276827	0.815803	-0.396414	0.915836	0.064036	-0.764869	-0.290880	-0.574773
57693	10.081636	-1.831849	3.591637	0.481983	-2.442333	0.297525	-0.527449	-0.281200	0.801701	-0.398550	0.915258	0.058819	-0.750303	-0.288494	-0.594825
57694	9.936034	-1.565457	2.859057	0.441958	-2.556413	0.123506	-0.546924	-0.287325	0.786333	-0.401406	0.914255	0.054875	-0.734676	-0.285626	-0.615361
57695	10.084105	-1.345454	1.203147	0.305047	-2.644700	-0.080312	-0.565812	-0.295569	0.769737	-0.404095	0.913145	0.053597	-0.718724	-0.280722	-0.636107
57696	10.370179	-0.258455	0.117946	0.279151	-2.649408	-0.288063	-0.583247	-0.305578	0.752626	-0.408278	0.911283	0.053601	-0.702234	-0.276018	-0.656264
57697	10.347323	0.705254	-1.623294	0.130704	-2.660900	-0.400757	-0.600066	-0.316497	0.734677	-0.411582	0.909668	0.055713	-0.685945	-0.268948	-0.676126
57698	10.887705	1.021622	-2.734723	0.050483	-2.653502	-0.482216	-0.615796	-0.327934	0.716418	-0.415220	0.907828	0.058649	-0.669617	-0.261356	-0.695202
57699	11.581207	0.248395	-3.734228	0.074561	-2.627785	-0.486401	-0.631137	-0.339127	0.697609	-0.418772	0.906002	0.061563	-0.652913	-0.253285	-0.713829
57700	12.450422	-0.258820	-4.535383	0.431783	-2.405763	-0.474591	-0.644353	-0.349506	0.680187	-0.424928	0.903134	0.061523	-0.635803	-0.249388	-0.730452
57701	13.142233	-0.683660	-5.347869	0.659613	-1.981214	-0.428795	-0.654949	-0.358321	0.665318	-0.431883	0.899962	0.059542	-0.620096	-0.248342	-0.744182
57702	12.774170	-1.234161	-6.230649	0.953461	-1.531345	-0.384780	-0.662320	-0.365679	0.653920	-0.440702	0.895986	0.054682	-0.605900	-0.251967	-0.754585
57703	11.681078	-1.120764	-6.739138	1.063635	-1.123082	-0.335558	-0.667554	-0.371556	0.645227	-0.449339	0.892028	0.048790	-0.593688	-0.257356	-0.762432
57704	10.384970	-1.022348	-7.264969	1.190810	-0.820912	-0.335431	-0.670509	-0.376772	0.639109	-0.459033	0.887445	0.041587	-0.582843	-0.265488	-0.767991
57705	8.788968	-0.212856	-9.034349	1.395293	-0.642070	-0.412643	-0.672291	-0.382176	0.634008	-0.469887	0.882092	0.033460	-0.572041	-0.275417	-0.772603
57706	7.587858	1.439756	-10.224102	1.723032	-0.540367	-0.590513	-0.672175	-0.388980	0.629981	-0.484066	0.874713	0.023603	-0.560233	-0.289087	-0.776252
57707	7.357581	3.032513	-8.076634	1.903263	-0.265096	-0.721399	-0.670088	-0.396063	0.627787	-0.499490	0.866217	0.013339	-0.549083	-0.304635	-0.778271
57708	8.328135	3.576867	-6.041159	1.313944	0.110979	-0.631469	-0.665936	-0.401252	0.628908	-0.511312	0.859368	0.006872	-0.543221	-0.316992	-0.777449
57709	8.980387	3.566824	-7.218722	0.749609	0.578001	-0.559541	-0.659904	-0.404205	0.633360	-0.519118	0.854690	0.004581	-0.543179	-0.325766	-0.773843
57710	9.835887	4.906712	-7.725171	0.284391	1.051199	-0.496563	-0.651211	-0.405053	0.641760	-0.524342	0.851491	0.005363	-0.548625	-0.333010	-0.766887
57711	8.940031	5.748075	-8.246205	-0.506556	1.490069	-0.335172	-0.641178	-0.402947	0.653088	-0.523723	0.851813	0.011385	-0.560896	-0.334738	-0.757196
57712	7.655506	5.011052	-8.700382	-1.134061	1.836159	-0.188037	-0.629381	-0.398473	0.667158	-0.518836	0.854616	0.020979	-0.578524	-0.332942	-0.744621
57713	6.361730	3.993408	-7.683639	-1.337458	2.252315	-0.077148	-0.615707	-0.391677	0.683735	-0.511464	0.858733	0.031348	-0.599424	-0.330405	-0.729056
57714	5.375202	3.472684	-7.355102	-1.918626	2.507108	0.070746	-0.600376	-0.382891	0.702099	-0.499633	0.865091	0.044535	-0.624432	-0.324055	-0.710685
57715	5.653337	2.117268	-8.162868	-2.122026	2.790240	0.206563	-0.583582	-0.372176	0.721745	-0.484899	0.872650	0.057917	-0.651387	-0.316174	-0.689731
57716	6.190865	1.100382	-7.394713	-2.128650	3.136060	0.338519	-0.563988	-0.359397	0.743473	-0.469116	0.880381	0.069713	-0.679594	-0.309458	-0.665123
57717	6.935253	-0.177793	-8.122985	-2.277074	3.535135	0.567885	-0.542031	-0.343579	0.766913	-0.450184	0.889323	0.080242	-0.709603	-0.301758	-0.636714
57718	6.639470	-1.332096	-9.077183	-1.879552	3.930316	0.748941	-0.516539	-0.325064	0.792162	-0.432919	0.897328	0.085929	-0.738762	-0.298556	-0.604231
57719	6.579389	-1.808993	-9.305477	-1.320989	4.200367	0.873625	-0.488653	-0.304636	0.817566	-0.418619	0.904020	0.086644	-0.765491	-0.299909	-0.569279
57720	5.798933	-2.125755	-9.481037	-0.593468	4.491999	0.941025	-0.457307	-0.282381	0.843286	-0.409882	0.908452	0.081926	-0.789219	-0.308183	-0.531184
57721	5.902195	-1.648922	-9.387907	0.190226	4.625072	0.971492	-0.424306	-0.258970	0.867698	-0.407149	0.910469	0.072639	-0.808823	-0.322461	-0.491756
57722	6.206795	-1.202991	-9.101958	0.935101	4.878131	1.054527	-0.388469	-0.233028	0.891510	-0.410828	0.909815	0.058797	-0.824810	-0.343416	-0.449170
57723	5.705203	0.357234	-8.111595	1.503584	5.094091	1.113583	-0.350736	-0.204791	0.913808	-0.419240	0.906888	0.042329	-0.837390	-0.368258	-0.403935
57724	7.688858	-0.334467	-7.781703	1.683948	5.219391	1.125005	-0.311241	-0.174578	0.934158	-0.430037	0.902455	0.025374	-0.847465	-0.393825	-0.355955
57725	8.735557	1.380350	-8.166717	2.041125	5.622247	0.920445	-0.267391	-0.143394	0.952859	-0.444780	0.895584	0.009961	-0.854794	-0.421149	-0.303251
57726	8.174804	3.300699	-7.803892	1.549924	5.938734	0.758031	-0.219514	-0.110800	0.969297	-0.456554	0.889694	-0.001694	-0.862190	-0.442908	-0.245886
57727	6.719995	4.154110	-7.560820	0.581858	6.047646	0.548804	-0.169588	-0.078807	0.982359	-0.460559	0.887590	-0.008304	-0.871278	-0.453843	-0.186820
57728	5.319914	4.008622	-6.997541	-0.563473	5.930687	0.406040	-0.119168	-0.048113	0.991708	-0.455292	0.890268	-0.011518	-0.882331	-0.452889	-0.127997
57729	6.169131	2.050326	-6.511654	-1.541715	5.671555	0.355768	-0.070350	-0.019585	0.997330	-0.441281	0.897267	-0.013507	-0.894607	-0.441054	-0.071765
57730	8.266788	-0.330524	-5.770946	-1.893173	5.565300	0.380368	-0.021616	0.008041	0.999734	-0.424263	0.905389	-0.016456	-0.905281	-0.424506	-0.016160
57731	10.402787	-2.602539	-5.315654	-1.827538	5.423892	0.499871	0.025631	0.035126	0.999054	-0.407684	0.912867	-0.021636	-0.912763	-0.406743	0.037718
57732	11.328913	-4.813578	-5.943148	-1.229915	5.447619	0.645636	0.073045	0.062957	0.995340	-0.396950	0.917385	-0.028895	-0.914929	-0.392990	0.092001
57733	10.396616	-5.264517	-6.352476	-0.050015	5.287627	0.596269	0.118947	0.089084	0.988896	-0.397093	0.917116	-0.034855	-0.910038	-0.388538	0.144463
57734	9.145121	-4.016747	-4.876057	0.920021	5.011235	0.440613	0.162690	0.112853	0.980202	-0.406238	0.912990	-0.037689	-0.899168	-0.392064	0.194379
57735	8.495737	-2.856658	-4.099300	1.361386	4.637978	0.307416	0.202815	0.133984	0.970008	-0.418973	0.907215	-0.037709	-0.885058	-0.398759	0.240132
57736	8.601786	-1.440165	-3.412167	1.630110	4.283857	0.171053	0.239754	0.152975	0.958706	-0.433835	0.900306	-0.035163	-0.868507	-0.407490	0.282218
57737	8.323122	-0.509932	-2.246535	1.623935	3.883121	0.063505	0.272881	0.169523	0.946994	-0.447989	0.893507	-0.030858	-0.851377	-0.415822	0.319766
57738	7.871065	0.481477	0.346511	1.517074	3.374666	-0.071806	0.301729	0.183205	0.935626	-0.460737	0.887181	-0.025136	-0.834674	-0.423493	0.352098
57739	7.082049	1.117860	1.610338	0.934373	2.711511	-0.140722	0.324852	0.193477	0.925763	-0.468058	0.883462	-0.020394	-0.821823	-0.426686	0.377553
57740	5.963274	2.060110	2.608419	0.672108	2.012681	-0.206663	0.342322	0.200403	0.917962	-0.473001	0.880918	-0.015926	-0.811841	-0.428746	0.396348
57741	5.157553	3.592378	4.463419	0.141335	1.217542	-0.207330	0.353167	0.203781	0.913097	-0.473446	0.880720	-0.013436	-0.806921	-0.427557	0.407521
57742	4.757996	2.972433	3.739567	-0.746749	0.287120	-0.096681	0.356007	0.204264	0.911885	-0.467194	0.884017	-0.015625	-0.809313	-0.420465	0.410147
57743	4.770385	1.524280	2.144941	-0.965779	-0.510357	-0.044450	0.352076	0.201734	0.913972	-0.459212	0.888121	-0.019133	-0.815577	-0.412971	0.405325
57744	5.040872	1.061265	0.444336	-1.047652	-1.255913	-0.035626	0.342011	0.196371	0.918949	-0.450608	0.892425	-0.022997	-0.824609	-0.406221	0.393705
57745	5.798444	0.651775	-1.264743	-1.054949	-1.913595	-0.039203	0.326309	0.188293	0.926320	-0.441742	0.896746	-0.026671	-0.835695	-0.400491	0.375793
57746	8.670947	-0.116175	-3.455119	-0.894198	-2.371347	-0.027046	0.306548	0.178669	0.934936	-0.434230	0.900313	-0.029677	-0.847038	-0.396880	0.353572
57747	15.058833	0.109123	-2.406611	0.223766	-2.094368	-0.121674	0.289291	0.169193	0.942170	-0.435793	0.899619	-0.027743	-0.852288	-0.402565	0.333985
57748	23.260572	0.655827	5.485356	0.529387	-1.042794	-0.047754	0.280673	0.164568	0.945590	-0.440235	0.897520	-0.025530	-0.852887	-0.409116	0.324358
57749	24.205528	-3.047301	2.583920	-0.764378	-0.192446	0.014816	0.278973	0.163911	0.946207	-0.433767	0.900586	-0.028120	-0.856750	-0.402589	0.322338
57750	13.547515	1.173182	2.403969	0.816120	-0.018438	-0.667985	0.281785	0.157849	0.946404	-0.438924	0.898320	-0.019142	-0.853196	-0.410005	0.322417
57751	5.128303	6.839304	7.221527	-0.987692	-0.513251	-0.857656	0.281119	0.148029	0.948188	-0.428079	0.903630	-0.014156	-0.858907	-0.401920	0.317396
57752	4.460290	1.750869	0.739729	-2.766487	-1.578354	-0.670089	0.270287	0.135759	0.953160	-0.402275	0.915374	-0.016305	-0.874711	-0.379026	0.302026
57753	7.889974	-2.827293	0.458267	-2.487454	-1.755697	-0.581298	0.257082	0.123926	0.958411	-0.378830	0.925291	-0.018027	-0.889043	-0.358440	0.284823
