// General information: 
//  MT Manager version: 2022.2.0 
//  XDA version: 2022.2.0 build 7381 rev 124627 built on 2023-07-19
// Device information: 
//  DeviceId: 00B4CB9F
//  ProductCode: MTW2-3A7G6
//  Firmware Version: 4.6.0
//  Hardware Version: 2.0.0
// Device settings: 
//  Filter Profile: human(46.1)
//  Option Flags: Orientation Smoother Disabled, Position/Velocity Smoother Disabled, Continuous Zero Rotation Update Disabled, AHS Disabled, ICC Disabled
// Coordinate system: ENU
PacketCounter	Acc_X	Acc_Y	Acc_Z	Gyr_X	Gyr_Y	Gyr_Z	Mat[1][1]	Mat[2][1]	Mat[3][1]	Mat[1][2]	Mat[2][2]	Mat[3][2]	Mat[1][3]	Mat[2][3]	Mat[3][3]
42787	9.638437	-0.950714	-1.700092	-0.012765	-0.006289	-0.007066	-0.193931	0.045398	0.979964	-0.292371	0.950860	-0.101909	-0.936435	-0.306276	-0.171128
42788	9.648601	-0.960292	-1.732117	-0.002748	-0.006503	-0.004953	-0.193977	0.045353	0.979957	-0.292137	0.950939	-0.101837	-0.936498	-0.306035	-0.171211
42789	9.608289	-0.966249	-1.705613	0.009770	-0.003313	-0.000441	-0.194061	0.045369	0.979940	-0.292240	0.950901	-0.101898	-0.936449	-0.306152	-0.171275
42790	9.608200	-0.966400	-1.706025	0.012773	-0.007538	-0.000419	-0.194104	0.045210	0.979939	-0.292531	0.950821	-0.101811	-0.936349	-0.306424	-0.171333
42791	9.637544	-0.959814	-1.661204	0.017465	-0.009442	-0.005601	-0.194231	0.045158	0.979916	-0.292716	0.950761	-0.101834	-0.936265	-0.306617	-0.171449
42792	9.648187	-0.903140	-1.677056	0.012762	-0.007569	0.003665	-0.194450	0.045082	0.979876	-0.293168	0.950613	-0.101913	-0.936078	-0.307086	-0.171630
42793	9.648057	-0.903425	-1.677651	0.005426	-0.006464	-0.000923	-0.194563	0.045083	0.979853	-0.293232	0.950589	-0.101962	-0.936034	-0.307163	-0.171729
42794	9.668093	-0.900180	-1.691717	-0.002335	-0.005947	-0.003190	-0.194596	0.044817	0.979859	-0.293633	0.950484	-0.101788	-0.935902	-0.307526	-0.171801
42795	9.627817	-0.905899	-1.665174	-0.011269	-0.001489	-0.003311	-0.194655	0.044810	0.979848	-0.293545	0.950511	-0.101784	-0.935917	-0.307442	-0.171868
42796	9.578247	-0.914998	-1.697340	-0.019622	0.000983	-0.002462	-0.194745	0.044649	0.979837	-0.293733	0.950463	-0.101690	-0.935840	-0.307614	-0.171983
42797	9.548226	-0.930765	-1.701990	-0.029895	-0.001935	-0.003041	-0.194809	0.044643	0.979825	-0.293470	0.950548	-0.101657	-0.935908	-0.307353	-0.172073
42798	9.517925	-0.922776	-1.657478	-0.031478	0.001449	-0.002651	-0.194767	0.044666	0.979832	-0.292875	0.950742	-0.101556	-0.936104	-0.306748	-0.172091
42799	9.498938	-0.905082	-1.726704	-0.034648	-0.005642	-0.005277	-0.194859	0.044628	0.979815	-0.292572	0.950842	-0.101493	-0.936179	-0.306444	-0.172223
42800	9.558120	-0.914482	-1.685850	-0.037313	-0.006503	-0.006877	-0.195135	0.044652	0.979759	-0.292331	0.950909	-0.101559	-0.936197	-0.306231	-0.172503
42801	9.607908	-0.927199	-1.704271	-0.038817	-0.011336	-0.006543	-0.195277	0.044584	0.979734	-0.291992	0.951022	-0.101476	-0.936273	-0.305890	-0.172695
42802	9.657397	-0.916418	-1.673528	-0.039985	-0.007397	-0.004388	-0.195394	0.044541	0.979713	-0.291561	0.951164	-0.101391	-0.936383	-0.305457	-0.172865
42803	9.677414	-0.969387	-1.745542	-0.034891	-0.008775	-0.003729	-0.195520	0.044508	0.979689	-0.291253	0.951263	-0.101343	-0.936453	-0.305152	-0.173028
42804	9.716454	-0.982302	-1.691336	-0.024621	-0.005856	-0.003153	-0.195685	0.044497	0.979657	-0.290985	0.951346	-0.101335	-0.936502	-0.304895	-0.173217
42805	9.665410	-1.044840	-1.650151	-0.020535	-0.005838	-0.001143	-0.195792	0.044497	0.979635	-0.290806	0.951400	-0.101336	-0.936535	-0.304725	-0.173336
42806	9.695290	-1.028075	-1.646853	-0.023300	-0.012409	0.002068	-0.196049	0.044538	0.979582	-0.290574	0.951463	-0.101414	-0.936553	-0.304523	-0.173592
42807	9.724968	-1.044682	-1.651424	-0.012253	-0.000053	-0.006020	-0.196087	0.044510	0.979576	-0.290482	0.951494	-0.101382	-0.936573	-0.304429	-0.173646
42808	9.666404	-1.023596	-1.733560	-0.003249	0.014982	0.000851	-0.196051	0.044571	0.979580	-0.290603	0.951450	-0.101452	-0.936544	-0.304559	-0.173580
42809	9.587602	-0.982511	-1.751996	-0.006250	0.019206	0.000841	-0.195929	0.044667	0.979600	-0.290555	0.951460	-0.101497	-0.936584	-0.304514	-0.173440
42810	9.569255	-0.931923	-1.810410	-0.009831	0.025418	-0.000132	-0.195811	0.044609	0.979627	-0.290908	0.951355	-0.101469	-0.936499	-0.304850	-0.173308
42811	9.580235	-0.908058	-1.831184	-0.018575	0.027371	-0.005108	-0.195595	0.044673	0.979667	-0.290756	0.951405	-0.101435	-0.936592	-0.304684	-0.173101
42812	9.571136	-0.886818	-1.838547	-0.031671	0.026134	-0.006483	-0.195434	0.044467	0.979708	-0.291032	0.951342	-0.101235	-0.936539	-0.304911	-0.172983
42813	9.542422	-0.858344	-1.874051	-0.043438	0.018381	-0.006729	-0.195297	0.044488	0.979735	-0.290651	0.951469	-0.101142	-0.936686	-0.304513	-0.172889
42814	9.592361	-0.846961	-1.840901	-0.059436	0.013191	-0.012262	-0.195253	0.044447	0.979745	-0.290106	0.951651	-0.100988	-0.936864	-0.303948	-0.172919
42815	9.593293	-0.834856	-1.881118	-0.065956	0.015328	-0.005135	-0.195150	0.044474	0.979764	-0.289510	0.951845	-0.100871	-0.937070	-0.303337	-0.172877
42816	9.622567	-0.893788	-1.851149	-0.068776	0.017011	-0.005921	-0.195169	0.044413	0.979763	-0.289266	0.951930	-0.100774	-0.937141	-0.303080	-0.172940
42817	9.622936	-0.892282	-1.849954	-0.066283	0.020364	0.000583	-0.195036	0.044510	0.979786	-0.288656	0.952121	-0.100713	-0.937357	-0.302464	-0.172850
42818	9.582800	-0.931043	-1.829984	-0.059516	0.021280	0.000127	-0.194878	0.044659	0.979810	-0.287775	0.952395	-0.100646	-0.937661	-0.301578	-0.172749
42819	9.602256	-1.004136	-1.817308	-0.051671	0.026435	0.001674	-0.194690	0.044783	0.979842	-0.287299	0.952541	-0.100621	-0.937846	-0.301098	-0.172584
42820	9.632743	-0.987150	-1.810556	-0.041836	0.028757	0.004578	-0.194514	0.044883	0.979872	-0.287035	0.952622	-0.100614	-0.937964	-0.300828	-0.172415
42821	9.633686	-1.010067	-1.857314	-0.030313	0.033422	0.002284	-0.194262	0.045035	0.979915	-0.286758	0.952703	-0.100632	-0.938100	-0.300548	-0.172160
42822	9.604959	-1.015941	-1.899870	-0.028224	0.036267	0.002940	-0.193900	0.045070	0.979985	-0.286539	0.952781	-0.100513	-0.938242	-0.300294	-0.171830
42823	9.604978	-1.025851	-1.855501	-0.014693	0.038149	-0.002077	-0.193592	0.045193	0.980041	-0.286418	0.952818	-0.100515	-0.938343	-0.300160	-0.171513
42824	9.575979	-1.008144	-1.848035	-0.013999	0.041886	-0.005900	-0.193333	0.045381	0.980083	-0.286253	0.952860	-0.100587	-0.938446	-0.299999	-0.171228
42825	9.566684	-0.963865	-1.804471	-0.007911	0.039116	-0.006614	-0.193002	0.045465	0.980144	-0.286204	0.952877	-0.100557	-0.938529	-0.299929	-0.170895
42826	9.566736	-0.973428	-1.759693	0.001098	0.040339	-0.007232	-0.192682	0.045591	0.980202	-0.286011	0.952937	-0.100545	-0.938654	-0.299721	-0.170574
42827	9.587629	-0.969753	-1.769416	0.010995	0.034444	-0.004429	-0.192402	0.045681	0.980252	-0.286135	0.952897	-0.100568	-0.938674	-0.299834	-0.170268
42828	9.637161	-0.936956	-1.684213	0.015502	0.035056	-0.004733	-0.192132	0.045889	0.980295	-0.285919	0.952954	-0.100648	-0.938795	-0.299622	-0.169973
42829	9.617627	-0.939787	-1.667340	0.015529	0.035105	-0.008808	-0.191833	0.045940	0.980352	-0.286094	0.952902	-0.100636	-0.938803	-0.299778	-0.169655
42830	9.678258	-0.906548	-1.654446	0.019173	0.034520	-0.004476	-0.191580	0.046180	0.980390	-0.285856	0.952962	-0.100748	-0.938927	-0.299552	-0.169368
42831	9.638490	-0.913142	-1.624025	0.018818	0.039549	0.001228	-0.191268	0.046340	0.980443	-0.286043	0.952896	-0.100840	-0.938933	-0.299737	-0.169003
42832	9.678667	-0.917387	-1.605915	0.017311	0.034714	0.001533	-0.191024	0.046227	0.980496	-0.286741	0.952693	-0.100780	-0.938770	-0.300399	-0.168732
42833	9.639698	-0.913715	-1.616516	0.011523	0.040669	-0.003338	-0.190688	0.046347	0.980556	-0.286868	0.952651	-0.100815	-0.938800	-0.300514	-0.168364
42834	9.620161	-0.916895	-1.599189	0.001918	0.041387	0.000400	-0.190381	0.046249	0.980620	-0.287505	0.952467	-0.100739	-0.938667	-0.301112	-0.168035
42835	9.611713	-0.953394	-1.662789	-0.002417	0.038235	-0.000102	-0.190078	0.046393	0.980672	-0.287496	0.952465	-0.100782	-0.938731	-0.301095	-0.167705
42836	9.602584	-0.966600	-1.677198	-0.010177	0.038709	0.001717	-0.189703	0.046597	0.980735	-0.287039	0.952603	-0.100782	-0.938947	-0.300628	-0.167336
42837	9.553896	-0.975984	-1.706125	-0.014678	0.038097	0.002024	-0.189407	0.046759	0.980785	-0.286910	0.952637	-0.100825	-0.939046	-0.300494	-0.167020
42838	9.594105	-0.979610	-1.688107	-0.015651	0.039537	-0.000688	-0.188974	0.046978	0.980858	-0.286235	0.952844	-0.100783	-0.939339	-0.299801	-0.166616
42839	9.566672	-0.975080	-1.771279	-0.017463	0.039830	-0.002848	-0.188647	0.047099	0.980915	-0.286089	0.952889	-0.100774	-0.939449	-0.299639	-0.166285
42840	9.566503	-0.984668	-1.726445	-0.018599	0.043809	-0.004746	-0.188254	0.047277	0.980982	-0.285612	0.953036	-0.100740	-0.939674	-0.299145	-0.165910
42841	9.597283	-0.967228	-1.717703	-0.016142	0.041626	-0.009779	-0.187890	0.047338	0.981049	-0.285491	0.953080	-0.100665	-0.939783	-0.298994	-0.165560
42842	9.607779	-0.952788	-1.695936	-0.014560	0.038245	-0.010183	-0.187586	0.047527	0.981098	-0.284959	0.953240	-0.100662	-0.940005	-0.298455	-0.165271
42843	9.626783	-0.968981	-1.623669	-0.009482	0.036868	-0.009520	-0.187268	0.047576	0.981156	-0.284900	0.953264	-0.100601	-0.940087	-0.298371	-0.164961
42844	9.647729	-0.964605	-1.633526	-0.010723	0.035171	-0.010730	-0.187047	0.047329	0.981210	-0.285569	0.953084	-0.100410	-0.939928	-0.298985	-0.164756
42845	9.677345	-0.957236	-1.584358	-0.010719	0.035171	-0.010725	-0.186741	0.047361	0.981267	-0.285501	0.953112	-0.100335	-0.940009	-0.298889	-0.164464
42846	9.676946	-0.966569	-1.540068	-0.007090	0.034585	-0.006385	-0.186486	0.047369	0.981315	-0.285668	0.953066	-0.100293	-0.940009	-0.299034	-0.164202
42847	9.687219	-0.952687	-1.518621	-0.008096	0.035975	-0.005017	-0.186190	0.047458	0.981367	-0.285614	0.953084	-0.100278	-0.940084	-0.298963	-0.163900
42848	9.658926	-0.958326	-1.561050	-0.014614	0.038142	-0.001993	-0.185862	0.047539	0.981425	-0.285454	0.953137	-0.100228	-0.940198	-0.298780	-0.163582
42849	9.629700	-0.940619	-1.554202	-0.021160	0.034734	-0.006445	-0.185573	0.047610	0.981476	-0.285279	0.953195	-0.100178	-0.940308	-0.298585	-0.163305
42850	9.630434	-0.906147	-1.542480	-0.028646	0.038342	-0.006136	-0.185376	0.047847	0.981502	-0.284792	0.953331	-0.100262	-0.940494	-0.298110	-0.163098
42851	9.641622	-0.948264	-1.578993	-0.035188	0.034935	-0.010588	-0.185072	0.047879	0.981558	-0.284494	0.953433	-0.100149	-0.940644	-0.297782	-0.162833
42852	9.592112	-0.933044	-1.559366	-0.037876	0.034027	-0.008121	-0.184767	0.047775	0.981620	-0.284390	0.953486	-0.099936	-0.940736	-0.297628	-0.162586
42853	9.592599	-0.965227	-1.565055	-0.035895	0.031194	-0.006763	-0.184510	0.047833	0.981666	-0.284078	0.953587	-0.099859	-0.940880	-0.297294	-0.162358
42854	9.633773	-0.957021	-1.588932	-0.040980	0.027002	-0.014895	-0.184196	0.047676	0.981733	-0.283812	0.953697	-0.099565	-0.941022	-0.296967	-0.162136
42855	9.653475	-0.962421	-1.558840	-0.040220	0.028040	-0.007275	-0.183967	0.047719	0.981773	-0.283460	0.953811	-0.099475	-0.941173	-0.296594	-0.161943
42856	9.655083	-0.983886	-1.606075	-0.029989	0.025402	-0.014108	-0.183597	0.047643	0.981846	-0.282945	0.953992	-0.099200	-0.941400	-0.296022	-0.161670
42857	9.624594	-0.975660	-1.559425	-0.029188	0.026494	-0.010569	-0.183373	0.047650	0.981888	-0.282703	0.954075	-0.099097	-0.941517	-0.295754	-0.161481
42858	9.604844	-0.944181	-1.535461	-0.022876	0.026815	-0.008684	-0.183112	0.047768	0.981931	-0.282047	0.954277	-0.099019	-0.941764	-0.295082	-0.161266
42859	9.583779	-0.990146	-1.487541	-0.018769	0.026885	-0.010734	-0.182883	0.047774	0.981973	-0.281902	0.954329	-0.098931	-0.941852	-0.294913	-0.161063
42860	9.596258	-0.954937	-1.548855	-0.011052	0.026364	-0.008450	-0.182742	0.047802	0.981998	-0.281912	0.954328	-0.098917	-0.941876	-0.294913	-0.160920
42861	9.596730	-0.953870	-1.546588	-0.007621	0.022748	-0.010780	-0.182553	0.047796	0.982034	-0.281872	0.954347	-0.098846	-0.941925	-0.294853	-0.160746
42862	9.586315	-0.976799	-1.521899	0.001175	0.018186	-0.002533	-0.182414	0.048003	0.982049	-0.281314	0.954505	-0.098910	-0.942119	-0.294307	-0.160611
42863	9.638061	-0.979572	-1.577653	0.010395	0.016942	-0.008003	-0.182287	0.048006	0.982073	-0.281439	0.954469	-0.098896	-0.942106	-0.294421	-0.160477
42864	9.668335	-0.995678	-1.579170	0.012976	0.020451	-0.013707	-0.182018	0.047982	0.982124	-0.281305	0.954522	-0.098769	-0.942198	-0.294254	-0.160243
42865	9.637689	-0.988171	-1.532549	0.022378	0.022232	-0.012505	-0.181829	0.047958	0.982160	-0.281551	0.954454	-0.098729	-0.942161	-0.294480	-0.160045
42866	9.619083	-0.946759	-1.549480	0.026883	0.022850	-0.012784	-0.181501	0.047856	0.982226	-0.281678	0.954434	-0.098552	-0.942186	-0.294559	-0.159751
42867	9.650689	-0.952322	-1.591508	0.025251	0.020607	-0.015770	-0.181317	0.047796	0.982262	-0.281957	0.954359	-0.098485	-0.942138	-0.294813	-0.159566
42868	9.630825	-0.954535	-1.576173	0.027505	0.020916	-0.015906	-0.181232	0.047781	0.982279	-0.282223	0.954280	-0.098489	-0.942075	-0.295071	-0.159461
42869	9.661167	-0.936952	-1.568923	0.023570	0.018307	-0.014676	-0.181073	0.047724	0.982311	-0.282484	0.954209	-0.098430	-0.942027	-0.295310	-0.159300
42870	9.632968	-0.908648	-1.604502	0.023968	0.018854	-0.012906	-0.180770	0.047669	0.982370	-0.282307	0.954279	-0.098254	-0.942139	-0.295091	-0.159048
42871	9.655093	-0.893991	-1.656120	0.014341	0.027822	-0.013130	-0.180526	0.047654	0.982415	-0.282478	0.954235	-0.098195	-0.942134	-0.295237	-0.158803
42872	9.624462	-0.920071	-1.617596	0.018118	0.024698	-0.009609	-0.180487	0.047696	0.982420	-0.282921	0.954093	-0.098298	-0.942008	-0.295689	-0.158707
42873	9.615480	-0.932505	-1.633051	0.013333	0.029209	-0.011758	-0.180234	0.047699	0.982467	-0.283080	0.954050	-0.098251	-0.942009	-0.295825	-0.158449
42874	9.636442	-0.894655	-1.634506	0.008549	0.033719	-0.013908	-0.179874	0.047582	0.982538	-0.283186	0.954040	-0.098045	-0.942046	-0.295877	-0.158133
42875	9.666985	-0.876960	-1.625992	0.005286	0.034797	-0.012401	-0.179567	0.047595	0.982594	-0.283270	0.954022	-0.097978	-0.942080	-0.295933	-0.157828
42876	9.636426	-0.835611	-1.569568	-0.002312	0.040986	-0.015357	-0.179143	0.047631	0.982669	-0.283031	0.954107	-0.097844	-0.942232	-0.295654	-0.157441
42877	9.618052	-0.760016	-1.576747	-0.017228	0.039963	-0.014932	-0.178780	0.047635	0.982735	-0.282907	0.954157	-0.097717	-0.942338	-0.295493	-0.157107
42878	9.639265	-0.788166	-1.594515	-0.043683	0.042516	-0.016251	-0.178399	0.047714	0.982801	-0.282325	0.954343	-0.097580	-0.942585	-0.294877	-0.156783
42879	9.698525	-0.796280	-1.547628	-0.061232	0.048904	-0.021355	-0.177933	0.047683	0.982887	-0.281797	0.954525	-0.097321	-0.942831	-0.294292	-0.156404
42880	9.650706	-0.836352	-1.585032	-0.083286	0.051962	-0.014780	-0.177503	0.047718	0.982963	-0.281034	0.954773	-0.097099	-0.943140	-0.293481	-0.156064
42881	9.639315	-0.833990	-1.508397	-0.096592	0.055831	-0.018648	-0.176979	0.047733	0.983057	-0.280168	0.955057	-0.096812	-0.943496	-0.292554	-0.155651
42882	9.602557	-0.849705	-1.568118	-0.120073	0.062377	-0.019758	-0.176368	0.047575	0.983174	-0.279346	0.955345	-0.096339	-0.943854	-0.291637	-0.155202
42883	9.512445	-0.805576	-1.512274	-0.135596	0.065936	-0.023446	-0.175735	0.047572	0.983287	-0.278119	0.955743	-0.095945	-0.944334	-0.290332	-0.154727
42884	9.406763	-0.832813	-1.592258	-0.156275	0.065185	-0.027133	-0.175019	0.047493	0.983419	-0.276476	0.956275	-0.095386	-0.944949	-0.288586	-0.154236
42885	9.329492	-0.853465	-1.626432	-0.173734	0.063295	-0.028229	-0.174398	0.047434	0.983532	-0.274896	0.956780	-0.094888	-0.945525	-0.286917	-0.153821
42886	9.282441	-0.956975	-1.682772	-0.189132	0.044819	-0.035705	-0.173975	0.047155	0.983620	-0.273431	0.957263	-0.094254	-0.946028	-0.285350	-0.153646
42887	9.337979	-1.142628	-1.832007	-0.182047	0.032326	-0.029745	-0.173642	0.046992	0.983687	-0.271772	0.957786	-0.093728	-0.946566	-0.283614	-0.153541
42888	9.449608	-1.249847	-1.872243	-0.154764	0.019826	-0.039889	-0.173688	0.046845	0.983686	-0.270595	0.958151	-0.093408	-0.946895	-0.282405	-0.153743
42889	9.488684	-1.324721	-1.834130	-0.118831	0.019261	-0.045492	-0.173438	0.046493	0.983747	-0.269561	0.958499	-0.092825	-0.947236	-0.281280	-0.153707
42890	9.528795	-1.288576	-1.809546	-0.080607	0.019108	-0.055344	-0.173067	0.045881	0.983841	-0.269034	0.958723	-0.092035	-0.947454	-0.280615	-0.153580
42891	9.615789	-1.220686	-1.701162	-0.042227	0.016439	-0.066068	-0.172788	0.045323	0.983916	-0.268761	0.958864	-0.091367	-0.947582	-0.280225	-0.153499
42892	9.712157	-1.139235	-1.573490	-0.019053	0.026088	-0.078471	-0.172470	0.044673	0.984001	-0.268836	0.958911	-0.090653	-0.947619	-0.280170	-0.153373
42893	9.660952	-1.062578	-1.495307	-0.004054	0.041140	-0.083303	-0.171911	0.044019	0.984129	-0.268953	0.958951	-0.089874	-0.947687	-0.280135	-0.153015
42894	9.586586	-1.044779	-1.330204	0.006919	0.056185	-0.090140	-0.171161	0.043256	0.984293	-0.269241	0.958955	-0.088961	-0.947741	-0.280239	-0.152489
42895	9.614807	-1.041484	-1.237451	0.020667	0.055660	-0.095836	-0.170430	0.042523	0.984452	-0.269613	0.958931	-0.088096	-0.947767	-0.280435	-0.151966
42896	9.715113	-1.003186	-1.205098	0.029327	0.059297	-0.087368	-0.169607	0.041998	0.984617	-0.269483	0.959037	-0.087327	-0.947952	-0.280149	-0.151341
42897	9.681758	-1.011809	-1.073051	0.028350	0.066265	-0.082484	-0.168811	0.041423	0.984778	-0.269904	0.958984	-0.086605	-0.947974	-0.280416	-0.150707
42898	9.741341	-1.015355	-1.023388	0.024456	0.060921	-0.073988	-0.168120	0.040836	0.984920	-0.270498	0.958878	-0.085929	-0.947928	-0.280865	-0.150160
42899	9.819601	-1.026363	-0.946206	0.020355	0.055214	-0.075383	-0.167447	0.040298	0.985057	-0.270830	0.958844	-0.085263	-0.947952	-0.281060	-0.149642
42900	9.820313	-1.096979	-0.917420	0.006176	0.063392	-0.071155	-0.166727	0.039789	0.985200	-0.271003	0.958855	-0.084588	-0.948029	-0.281095	-0.149084
42901	9.776794	-1.086240	-0.794961	-0.010817	0.067636	-0.071177	-0.165948	0.039326	0.985350	-0.271032	0.958905	-0.083917	-0.948158	-0.280987	-0.148470
42902	9.756541	-1.126984	-0.744001	-0.026500	0.068060	-0.077476	-0.165100	0.038796	0.985513	-0.270719	0.959064	-0.083107	-0.948395	-0.280518	-0.147839
42903	9.795503	-1.133379	-0.681138	-0.030486	0.076332	-0.083248	-0.164206	0.038241	0.985685	-0.270580	0.959174	-0.082289	-0.948590	-0.280219	-0.147155
42904	9.703116	-1.208779	-0.569087	-0.036060	0.079665	-0.084764	-0.163230	0.037604	0.985871	-0.270395	0.959306	-0.081359	-0.948811	-0.279855	-0.146420
42905	9.666051	-1.230075	-0.586798	-0.040130	0.068354	-0.089625	-0.162394	0.036964	0.986033	-0.270173	0.959444	-0.080464	-0.949018	-0.279467	-0.145821
42906	9.687745	-1.294751	-0.571159	-0.026900	0.055987	-0.095856	-0.161572	0.036108	0.986200	-0.270159	0.959537	-0.079392	-0.949162	-0.279258	-0.145280
42907	9.729326	-1.321550	-0.559990	-0.014784	0.047613	-0.103910	-0.160894	0.035273	0.986341	-0.270199	0.959608	-0.078392	-0.949266	-0.279121	-0.144865
42908	9.740776	-1.331191	-0.546032	-0.003973	0.045762	-0.112925	-0.160235	0.034380	0.986480	-0.270291	0.959667	-0.077350	-0.949351	-0.279031	-0.144479
42909	9.783614	-1.311864	-0.566636	0.014224	0.048609	-0.121973	-0.159498	0.033375	0.986634	-0.270634	0.959661	-0.076213	-0.949377	-0.279173	-0.144032
42910	9.746360	-1.374066	-0.554061	0.024020	0.056440	-0.133347	-0.158694	0.032239	0.986801	-0.271247	0.959586	-0.074971	-0.949337	-0.279564	-0.143536
42911	9.758377	-1.380993	-0.538649	0.037113	0.054945	-0.142434	-0.157840	0.031055	0.986976	-0.271838	0.959520	-0.073665	-0.949311	-0.279924	-0.143009
42912	9.738288	-1.382319	-0.479519	0.046542	0.051238	-0.144547	-0.156945	0.029728	0.987160	-0.272657	0.959395	-0.072240	-0.949224	-0.280494	-0.142466
42913	9.750500	-1.387969	-0.463995	0.056208	0.056018	-0.158472	-0.156035	0.028394	0.987343	-0.273452	0.959276	-0.070802	-0.949145	-0.281039	-0.141916
42914	9.747055	-1.328005	-0.358097	0.067619	0.057812	-0.163000	-0.155195	0.026919	0.987517	-0.274890	0.958972	-0.069342	-0.948868	-0.282220	-0.141428
42915	9.763922	-1.263286	-0.264492	0.075875	0.060722	-0.170053	-0.154206	0.025489	0.987710	-0.275887	0.958795	-0.067815	-0.948740	-0.282954	-0.140819
42916	9.779994	-1.241948	-0.138284	0.085888	0.071653	-0.178682	-0.153066	0.024036	0.987924	-0.276879	0.958620	-0.066221	-0.948635	-0.283671	-0.140077
42917	9.820656	-1.146376	0.054125	0.101661	0.090677	-0.186840	-0.151743	0.022531	0.988163	-0.278142	0.958368	-0.064563	-0.948478	-0.284646	-0.139158
42918	9.904072	-1.152039	0.237464	0.114583	0.105667	-0.195170	-0.150284	0.020979	0.988420	-0.279648	0.958043	-0.062854	-0.948268	-0.285856	-0.138111
42919	9.974184	-1.069788	0.431236	0.138941	0.134173	-0.195372	-0.148519	0.019521	0.988717	-0.281272	0.957677	-0.061159	-0.948066	-0.287181	-0.136742
42920	10.110774	-1.059486	0.714362	0.167735	0.166019	-0.198890	-0.146323	0.018204	0.989069	-0.282650	0.957380	-0.059436	-0.947997	-0.288258	-0.134941
42921	10.320767	-1.028730	1.083807	0.212679	0.214899	-0.205604	-0.143758	0.016887	0.989469	-0.284978	0.956794	-0.057733	-0.947692	-0.290277	-0.132734
42922	10.535111	-0.947821	1.488083	0.258232	0.290121	-0.206028	-0.140625	0.015793	0.989937	-0.288198	0.955921	-0.056190	-0.947189	-0.293199	-0.129875
42923	10.588887	-0.884376	2.020247	0.299992	0.388391	-0.196705	-0.136433	0.015086	0.990534	-0.291326	0.955060	-0.054672	-0.946845	-0.296027	-0.125907
42924	10.612665	-0.876589	2.649896	0.346854	0.502415	-0.179902	-0.131199	0.015057	0.991242	-0.294348	0.954202	-0.053453	-0.946650	-0.298783	-0.120758
42925	10.472904	-0.787754	3.302796	0.392861	0.631818	-0.161386	-0.124797	0.015445	0.992062	-0.298288	0.953039	-0.052361	-0.946282	-0.302454	-0.114329
42926	10.198531	-0.764625	3.781452	0.426017	0.759209	-0.145536	-0.117142	0.016452	0.992979	-0.302229	0.951847	-0.051424	-0.946010	-0.306131	-0.106529
42927	9.987243	-0.658555	4.177479	0.464567	0.876192	-0.135671	-0.108498	0.017890	0.993936	-0.306792	0.950431	-0.050597	-0.945572	-0.310421	-0.097632
42928	9.960391	-0.487313	4.292409	0.460942	0.983228	-0.130431	-0.098751	0.019747	0.994916	-0.311161	0.949056	-0.049722	-0.945213	-0.314489	-0.087575
42929	10.094493	-0.244647	4.230322	0.432743	1.074384	-0.128732	-0.088251	0.021954	0.995856	-0.315387	0.947705	-0.048841	-0.944851	-0.318391	-0.076712
42930	10.369649	0.091600	3.952473	0.352304	1.130057	-0.138204	-0.077188	0.024319	0.996720	-0.319019	0.946542	-0.047800	-0.944600	-0.321662	-0.065304
42931	10.871751	0.371273	3.931127	0.244069	1.167537	-0.161887	-0.065697	0.026581	0.997485	-0.321457	0.945788	-0.046376	-0.944642	-0.323696	-0.053591
42932	11.348433	0.490440	4.090134	0.187868	1.215614	-0.186471	-0.053591	0.028904	0.998145	-0.322906	0.945374	-0.044713	-0.944912	-0.324703	-0.041330
42933	11.074886	0.499908	3.193604	0.049955	1.096374	-0.175068	-0.042720	0.030837	0.998611	-0.323481	0.945256	-0.043027	-0.945270	-0.324870	-0.030406
42934	11.205635	0.450641	1.838449	-0.158398	0.885495	-0.150805	-0.033936	0.032408	0.998898	-0.322026	0.945815	-0.041627	-0.946122	-0.323084	-0.021661
42935	12.416423	0.234300	1.248567	-0.217427	0.887739	-0.166553	-0.025055	0.033718	0.999117	-0.320036	0.946562	-0.039970	-0.947074	-0.320755	-0.012925
42936	13.142308	0.088760	0.833881	-0.124347	1.164052	-0.173377	-0.013557	0.035931	0.999262	-0.318933	0.947000	-0.038379	-0.947680	-0.319218	-0.001379
42937	12.439011	-0.177807	0.161805	-0.070733	1.379179	-0.118734	-0.000163	0.039229	0.999230	-0.318291	0.947261	-0.037240	-0.947993	-0.318052	0.012332
42938	11.558341	-0.133565	-0.452064	-0.055200	1.353080	-0.037191	0.012802	0.043235	0.998983	-0.317722	0.947464	-0.036934	-0.948097	-0.316926	0.025866
42939	11.193005	0.095503	-1.493633	-0.087044	1.251439	0.021176	0.024543	0.047421	0.998573	-0.316922	0.947721	-0.037217	-0.948134	-0.315557	0.038288
42940	10.739039	0.353055	-2.426655	-0.179543	1.125135	0.058219	0.034894	0.051655	0.998055	-0.315423	0.948188	-0.038046	-0.948309	-0.313482	0.049379
42941	10.928072	0.537304	-2.761542	-0.245460	1.047219	0.065430	0.044564	0.055571	0.997460	-0.313144	0.948910	-0.038876	-0.948660	-0.310616	0.059689
42942	11.157565	0.566604	-2.586391	-0.280111	1.096943	0.063400	0.054702	0.059649	0.996719	-0.310603	0.949706	-0.039789	-0.948964	-0.307408	0.070478
42943	11.159287	0.314432	-2.301223	-0.176170	1.192719	0.077585	0.065722	0.064067	0.995779	-0.309002	0.950188	-0.040739	-0.948788	-0.305020	0.082245
42944	11.060241	0.103998	-2.112611	-0.049719	1.278787	0.084537	0.077483	0.068884	0.994611	-0.308503	0.950305	-0.041782	-0.948062	-0.303603	0.094883
42945	10.493227	-0.022120	-2.016309	0.085857	1.332799	0.088969	0.089778	0.073804	0.993224	-0.309416	0.949971	-0.042622	-0.946679	-0.303493	0.108122
42946	9.723524	-0.221308	-1.876357	0.177558	1.305924	0.064191	0.101900	0.078429	0.991698	-0.311036	0.949419	-0.043126	-0.944920	-0.304059	0.121140
42947	9.386022	-0.586466	-1.710042	0.270188	1.241715	0.033680	0.113458	0.082563	0.990106	-0.313648	0.948558	-0.043157	-0.942737	-0.305648	0.133517
42948	9.169101	-0.885313	-1.619965	0.361970	1.207522	0.012104	0.124679	0.086489	0.988420	-0.316933	0.947476	-0.042928	-0.940217	-0.307911	0.145541
42949	8.926856	-1.079431	-1.457773	0.456110	1.161824	0.030082	0.135432	0.090398	0.986654	-0.321281	0.946026	-0.042576	-0.937250	-0.311227	0.157166
42950	8.747121	-1.214795	-1.204391	0.538931	1.104246	0.058930	0.145533	0.094460	0.984834	-0.326264	0.944329	-0.042362	-0.934009	-0.315151	0.168250
42951	8.529818	-1.303537	-1.051000	0.627500	1.036328	0.089139	0.154843	0.098620	0.983004	-0.332275	0.942239	-0.042190	-0.930386	-0.320095	0.178668
42952	8.505059	-1.365551	-0.918372	0.722285	0.960048	0.116168	0.163497	0.102730	0.981181	-0.338665	0.939970	-0.041982	-0.926593	-0.325427	0.188473
42953	8.467928	-1.266227	-0.820251	0.843841	0.901974	0.122667	0.171357	0.106875	0.979395	-0.346698	0.937054	-0.041595	-0.922191	-0.332427	0.197624
42954	8.467647	-1.186656	-0.685404	0.987652	0.854651	0.133680	0.178535	0.111156	0.977635	-0.356416	0.933426	-0.041041	-0.917111	-0.341117	0.206267
42955	8.412311	-1.095876	-0.558765	1.141931	0.804069	0.136061	0.185336	0.115231	0.975896	-0.367133	0.929308	-0.040007	-0.911517	-0.350869	0.214540
42956	8.371838	-0.836458	-0.354105	1.269561	0.762034	0.127046	0.191672	0.119176	0.974197	-0.379033	0.924581	-0.038532	-0.905315	-0.361867	0.222388
42957	8.302551	-0.445303	-0.071773	1.366325	0.726232	0.107926	0.197748	0.122867	0.972522	-0.391596	0.919412	-0.036531	-0.898637	-0.373612	0.229926
42958	8.287186	0.073073	0.316288	1.414337	0.695559	0.071462	0.203474	0.126286	0.970902	-0.404640	0.913842	-0.034063	-0.891552	-0.385935	0.237044
42959	8.271749	0.593746	0.826145	1.388972	0.652521	0.024593	0.209109	0.129090	0.969334	-0.417055	0.908353	-0.031000	-0.884499	-0.397783	0.243782
42960	8.191650	0.943404	1.392395	1.327589	0.611416	-0.015197	0.214269	0.131589	0.967870	-0.429013	0.902871	-0.027777	-0.877517	-0.409277	0.249911
42961	8.136793	1.385530	1.907261	1.223805	0.581013	-0.054230	0.219524	0.133530	0.966426	-0.439624	0.897856	-0.024195	-0.870942	-0.419552	0.255804
42962	7.894480	1.609091	2.334321	1.085331	0.542811	-0.070910	0.224185	0.135443	0.965089	-0.449876	0.892849	-0.020801	-0.864496	-0.429507	0.261096
42963	7.699176	1.623838	2.582527	0.949570	0.440261	-0.062313	0.228201	0.136817	0.963953	-0.457950	0.888801	-0.017737	-0.859189	-0.437394	0.265481
42964	7.713750	1.687974	2.627793	0.784401	0.311910	-0.043518	0.230938	0.137851	0.963154	-0.464740	0.885315	-0.015278	-0.854801	-0.444088	0.268517
42965	7.773910	1.770540	2.640651	0.627339	0.197860	-0.023625	0.232675	0.138545	0.962636	-0.470068	0.882529	-0.013397	-0.851410	-0.449387	0.270468
42966	7.898641	1.908830	2.618282	0.506143	0.106417	-0.000887	0.233335	0.139125	0.962392	-0.474462	0.880191	-0.012206	-0.848787	-0.453771	0.271389
42967	8.042478	1.868857	2.837065	0.409190	0.054427	0.031308	0.233587	0.139666	0.962253	-0.478035	0.878266	-0.011433	-0.846711	-0.457320	0.271917
42968	8.107405	1.570878	2.969325	0.338794	0.027490	0.063146	0.233182	0.140520	0.962227	-0.481553	0.876344	-0.011281	-0.844827	-0.460733	0.272016
42969	8.048778	0.973282	3.167548	0.296167	0.028320	0.117520	0.232792	0.141698	0.962148	-0.484358	0.874792	-0.011642	-0.843330	-0.463314	0.272277
42970	7.904365	0.464143	3.241581	0.252620	0.031956	0.161770	0.231896	0.143499	0.962098	-0.487769	0.872882	-0.012624	-0.841609	-0.466354	0.272412
42971	7.790505	-0.028584	3.083180	0.207371	-0.006308	0.185286	0.230875	0.145103	0.962103	-0.489973	0.871627	-0.013879	-0.840609	-0.468200	0.272334
42972	7.998990	-0.183910	3.014143	0.215243	-0.077346	0.174558	0.229273	0.146275	0.962308	-0.492296	0.870299	-0.014998	-0.839690	-0.470302	0.271546
42973	8.368558	-0.072140	3.043918	0.296519	-0.134248	0.152228	0.227333	0.146982	0.962661	-0.495163	0.868658	-0.015697	-0.838531	-0.473105	0.270255
42974	8.684476	0.123407	3.092165	0.406536	-0.176002	0.139584	0.225086	0.147355	0.963132	-0.498900	0.866512	-0.015978	-0.836920	-0.476910	0.268555
42975	9.022262	0.239183	3.186343	0.511924	-0.223990	0.133065	0.222484	0.147449	0.963722	-0.503508	0.863844	-0.015928	-0.834853	-0.481698	0.266434
42976	9.438105	0.470778	3.221311	0.636883	-0.223123	0.150489	0.219795	0.147652	0.964308	-0.509061	0.860586	-0.015740	-0.832194	-0.487432	0.264317
42977	9.625994	0.870286	3.337512	0.746193	-0.194669	0.161516	0.217288	0.148099	0.964807	-0.515642	0.856666	-0.015370	-0.828794	-0.494156	0.262510
42978	9.817309	1.308497	3.480741	0.789831	-0.188208	0.180379	0.214623	0.148787	0.965298	-0.522899	0.852261	-0.015104	-0.824932	-0.501512	0.260715
42979	9.926840	1.366485	3.869462	0.771570	-0.197780	0.190088	0.211931	0.149419	0.965794	-0.529686	0.848062	-0.014972	-0.821290	-0.508395	0.258876
42980	9.982075	1.146023	4.323596	0.729572	-0.212710	0.211413	0.209073	0.150086	0.966314	-0.536153	0.843986	-0.015083	-0.817819	-0.514939	0.256924
42981	9.771079	1.013909	4.735992	0.615442	-0.222728	0.250676	0.205841	0.151057	0.966856	-0.541728	0.840402	-0.015968	-0.814960	-0.520486	0.254821
42982	9.141694	0.858485	4.792594	0.440266	-0.247574	0.290576	0.202041	0.152290	0.967464	-0.546255	0.837431	-0.017743	-0.812886	-0.524898	0.252385
42983	8.303097	0.892377	4.520801	0.164347	-0.344123	0.290913	0.197589	0.152927	0.968283	-0.548202	0.836102	-0.020184	-0.812670	-0.526827	0.249040
42984	8.260029	1.046907	3.899599	-0.154637	-0.489667	0.310099	0.191873	0.152922	0.969433	-0.547436	0.836515	-0.023605	-0.814554	-0.526173	0.244220
42985	8.651741	1.215174	2.965523	-0.448166	-0.648830	0.338632	0.184664	0.152366	0.970919	-0.544444	0.838329	-0.028008	-0.818217	-0.523439	0.237764
42986	8.734986	1.213856	1.494182	-0.701995	-0.801174	0.348161	0.176137	0.151133	0.972695	-0.539505	0.841334	-0.033028	-0.823353	-0.518956	0.229727
42987	9.400087	1.495623	-0.004999	-0.955033	-1.050223	0.336858	0.165584	0.148572	0.974940	-0.532214	0.845735	-0.038491	-0.830259	-0.512503	0.219112
42988	12.145379	2.345423	-0.749801	-1.200900	-1.301152	0.307175	0.153135	0.144524	0.977580	-0.522624	0.851427	-0.044006	-0.838698	-0.504168	0.205915
42989	14.983227	2.935969	-0.728312	-1.406084	-1.292571	0.256705	0.140844	0.140281	0.980043	-0.511172	0.858060	-0.049359	-0.847860	-0.494019	0.192561
42990	16.076839	0.613209	0.292248	-1.221156	-1.087011	0.183903	0.130617	0.136523	0.981988	-0.501008	0.863790	-0.053449	-0.855529	-0.485003	0.181225
42991	15.523887	-2.901661	2.999037	-0.388436	-0.743044	0.195524	0.123210	0.134634	0.983205	-0.497956	0.865386	-0.056100	-0.858405	-0.482681	0.173666
42992	13.679942	-4.529530	5.980489	0.458901	-0.345159	0.411199	0.118171	0.136484	0.983569	-0.502419	0.862586	-0.059332	-0.856511	-0.487152	0.170505
42993	10.618277	-3.669068	6.774634	0.659046	-0.124322	0.678141	0.113616	0.141726	0.983364	-0.508867	0.858394	-0.064921	-0.853315	-0.493025	0.169647
42994	8.526952	-1.870530	4.869292	0.521085	-0.216092	0.787336	0.107743	0.147381	0.983194	-0.514205	0.854660	-0.071765	-0.850873	-0.497831	0.167868
42995	7.680812	0.360617	2.229108	0.360585	-0.505574	0.781391	0.099348	0.151536	0.983446	-0.518106	0.851670	-0.078892	-0.849527	-0.501692	0.163123
42996	7.602148	1.820667	-0.185250	-0.005048	-0.798305	0.699492	0.088866	0.153489	0.984146	-0.518812	0.850571	-0.085809	-0.850257	-0.502961	0.155219
42997	7.509032	1.725660	-2.005447	-0.295670	-0.980811	0.564721	0.077527	0.153381	0.985121	-0.516790	0.851170	-0.091855	-0.852595	-0.501980	0.145255
42998	7.361817	0.367518	-2.762251	-0.229521	-1.079707	0.399303	0.066197	0.151355	0.986260	-0.515199	0.851664	-0.096120	-0.854511	-0.501757	0.134355
42999	7.832111	-0.958031	-2.268900	0.031837	-1.156914	0.280521	0.054798	0.147941	0.987477	-0.515665	0.851064	-0.098888	-0.855036	-0.503789	0.122924
43000	9.130595	-1.397306	-0.870432	0.106377	-1.185248	0.296065	0.043117	0.144445	0.988573	-0.516743	0.850082	-0.101672	-0.855054	-0.506454	0.111294
43001	10.102415	-1.082105	0.592070	-0.150898	-1.068982	0.360931	0.032043	0.142113	0.989332	-0.515611	0.850310	-0.105443	-0.856224	-0.506731	0.100522
43002	10.025191	-0.879543	1.358287	-0.558540	-0.916848	0.413702	0.022041	0.140985	0.989766	-0.510836	0.852602	-0.110072	-0.859395	-0.503182	0.090813
43003	9.390988	-1.413809	0.974896	-0.826114	-0.848746	0.390176	0.012685	0.140088	0.990058	-0.503809	0.856167	-0.114688	-0.863722	-0.497346	0.081438
43004	8.799902	-2.444508	-0.055559	-0.798897	-0.901581	0.311445	0.003280	0.138279	0.990388	-0.496966	0.859658	-0.118380	-0.867764	-0.491801	0.071539
43005	8.782513	-3.229626	-1.032733	-0.481792	-1.054537	0.220339	-0.007038	0.135018	0.990818	-0.492798	0.861701	-0.120924	-0.870116	-0.489124	0.060473
43006	9.593464	-3.392088	-1.446711	-0.090241	-1.205338	0.162361	-0.018355	0.130512	0.991277	-0.491893	0.861981	-0.122597	-0.870462	-0.489853	0.048376
43007	10.636227	-3.099446	-1.279486	0.163445	-1.207730	0.162028	-0.029723	0.125989	0.991586	-0.493298	0.860951	-0.124178	-0.869353	-0.492838	0.036560
43008	11.027798	-2.540030	-0.661814	0.252851	-1.033754	0.191949	-0.039708	0.122526	0.991671	-0.495387	0.859481	-0.126030	-0.867764	-0.496265	0.026570
43009	10.555588	-2.044950	-0.149871	0.226550	-0.848218	0.200301	-0.048120	0.120039	0.991602	-0.497284	0.858092	-0.128009	-0.866252	-0.499267	0.018402
43010	9.887663	-1.803759	0.151165	0.157020	-0.774516	0.186302	-0.055786	0.117750	0.991475	-0.498525	0.857096	-0.129841	-0.865079	-0.501518	0.010887
43011	9.492963	-1.673703	0.280386	0.065772	-0.785336	0.183661	-0.063556	0.115394	0.991284	-0.499003	0.856534	-0.131702	-0.864266	-0.503025	0.003144
43012	9.654646	-1.607543	0.490882	-0.035645	-0.819014	0.195081	-0.071618	0.112931	0.991018	-0.498500	0.856528	-0.133631	-0.863926	-0.503593	-0.005047
43013	10.087225	-1.372737	0.913758	-0.145348	-0.797490	0.215310	-0.079643	0.110776	0.990649	-0.497100	0.857001	-0.135795	-0.864030	-0.503267	-0.013188
43014	10.195091	-1.541235	1.205829	-0.322628	-0.688482	0.235314	-0.086809	0.109329	0.990208	-0.494114	0.858361	-0.138089	-0.865053	-0.501262	-0.020492
43015	9.809932	-1.542575	1.448347	-0.490305	-0.580536	0.229842	-0.093030	0.108420	0.989743	-0.489679	0.860542	-0.140294	-0.866926	-0.497708	-0.026965
43016	9.478849	-1.794765	1.259287	-0.640591	-0.550268	0.238446	-0.099018	0.107758	0.989234	-0.483858	0.863468	-0.142490	-0.869527	-0.492758	-0.033359
43017	9.178146	-1.869944	0.981041	-0.719926	-0.551217	0.244092	-0.105055	0.107184	0.988673	-0.477356	0.866716	-0.144686	-0.872407	-0.487150	-0.039888
43018	9.146074	-2.160016	0.530165	-0.769744	-0.586894	0.242236	-0.111389	0.106451	0.988059	-0.470389	0.870167	-0.146779	-0.875401	-0.481122	-0.046853
43019	9.193263	-2.256985	0.133929	-0.768665	-0.621718	0.238386	-0.118016	0.105574	0.987384	-0.463393	0.873572	-0.148791	-0.878259	-0.475106	-0.054173
43020	9.209113	-2.054802	-0.254112	-0.754784	-0.651320	0.235327	-0.124835	0.104576	0.986651	-0.456382	0.876931	-0.150689	-0.880984	-0.469101	-0.061745
43021	9.294282	-1.669585	-0.451768	-0.786955	-0.669208	0.229004	-0.131839	0.103487	0.985855	-0.449161	0.880344	-0.152477	-0.883670	-0.462910	-0.069581
43022	9.245154	-1.445404	-0.742123	-0.816665	-0.663464	0.218563	-0.138749	0.102384	0.985021	-0.441649	0.883859	-0.154079	-0.886394	-0.456411	-0.077417
43023	9.204323	-1.334259	-1.064786	-0.821160	-0.666753	0.205327	-0.145628	0.101199	0.984150	-0.434083	0.887355	-0.155479	-0.889024	-0.449845	-0.085295
43024	9.245154	-1.529161	-1.204982	-0.783832	-0.669249	0.184714	-0.152418	0.099881	0.983256	-0.426770	0.890692	-0.156634	-0.891423	-0.443498	-0.093132
43025	9.380819	-1.856208	-1.237938	-0.699047	-0.661039	0.178583	-0.159135	0.098580	0.982323	-0.420269	0.893581	-0.157758	-0.893336	-0.437945	-0.100770
43026	9.419000	-2.244578	-1.344065	-0.599570	-0.627420	0.181706	-0.165549	0.097494	0.981371	-0.414597	0.896015	-0.158954	-0.894820	-0.433188	-0.107914
43027	9.433436	-2.569771	-1.387854	-0.506903	-0.586665	0.172721	-0.171575	0.096534	0.980430	-0.409782	0.898018	-0.160131	-0.895902	-0.429237	-0.114520
43028	9.269216	-2.691630	-1.333774	-0.425663	-0.543936	0.158690	-0.177108	0.095663	0.979531	-0.405612	0.899717	-0.161206	-0.896723	-0.425861	-0.120545
43029	9.175507	-2.635650	-1.476732	-0.357379	-0.517358	0.139269	-0.182372	0.094741	0.978655	-0.402171	0.901087	-0.162176	-0.897218	-0.423162	-0.126231
43030	9.101102	-2.547392	-1.581755	-0.303032	-0.502781	0.116644	-0.187368	0.093702	0.977810	-0.399167	0.902282	-0.162953	-0.897529	-0.420842	-0.131656
43031	9.062816	-2.373122	-1.529127	-0.244834	-0.498732	0.099681	-0.192301	0.092528	0.976964	-0.396794	0.903202	-0.163646	-0.897538	-0.419123	-0.136972
43032	9.080356	-2.338544	-1.488724	-0.185064	-0.516070	0.092285	-0.197323	0.091235	0.976084	-0.394900	0.903910	-0.164321	-0.897284	-0.417879	-0.142333
43033	9.257051	-2.117692	-1.461679	-0.143125	-0.534214	0.088571	-0.202524	0.089827	0.975149	-0.393452	0.904413	-0.165025	-0.896761	-0.417096	-0.147823
43034	9.341559	-1.978607	-1.450204	-0.134886	-0.541536	0.079395	-0.207718	0.088306	0.974195	-0.392068	0.904904	-0.165622	-0.896178	-0.416353	-0.153343
43035	9.279690	-1.780801	-1.437296	-0.130545	-0.545691	0.070409	-0.212942	0.086694	0.973211	-0.390764	0.905371	-0.166152	-0.895522	-0.415676	-0.158915
43036	9.279845	-1.665245	-1.205016	-0.142616	-0.548863	0.066668	-0.218129	0.085076	0.972205	-0.389230	0.905948	-0.166608	-0.894941	-0.414753	-0.164500
43037	9.199280	-1.645577	-1.015502	-0.152185	-0.553972	0.070543	-0.223419	0.083442	0.971144	-0.387725	0.906505	-0.167087	-0.894289	-0.413867	-0.170178
43038	9.038690	-1.664919	-0.775696	-0.165624	-0.571753	0.087949	-0.228870	0.081909	0.970005	-0.385969	0.907147	-0.167669	-0.893670	-0.412766	-0.176004
43039	9.006682	-1.769067	-0.616937	-0.157239	-0.602565	0.104980	-0.234716	0.080398	0.968733	-0.384333	0.907696	-0.168453	-0.892859	-0.411855	-0.182151
43040	9.062867	-1.937358	-0.425558	-0.141175	-0.628858	0.136726	-0.240882	0.079089	0.967327	-0.382714	0.908174	-0.169555	-0.891911	-0.411052	-0.188495
43041	9.198661	-2.168263	-0.087804	-0.100295	-0.634517	0.167790	-0.247238	0.078027	0.965808	-0.381422	0.908441	-0.171033	-0.890725	-0.410666	-0.194840
43042	9.385340	-2.074462	0.250410	-0.089428	-0.610837	0.194256	-0.253469	0.077300	0.964250	-0.380190	0.908627	-0.172780	-0.889499	-0.410393	-0.200920
43043	9.482635	-1.817009	0.427175	-0.150868	-0.587549	0.203210	-0.259522	0.076760	0.962682	-0.378339	0.909075	-0.174479	-0.888543	-0.409501	-0.206884
43044	9.643331	-1.316626	0.452419	-0.240395	-0.556780	0.190930	-0.265232	0.076254	0.961165	-0.375721	0.909893	-0.175866	-0.887967	-0.407775	-0.212682
43045	9.847949	-0.780111	0.455751	-0.357075	-0.522623	0.166460	-0.270553	0.075667	0.959727	-0.372115	0.911204	-0.176743	-0.887880	-0.404947	-0.218372
43046	9.951465	-0.325623	0.240362	-0.514625	-0.486446	0.131133	-0.275391	0.074921	0.958408	-0.367227	0.913154	-0.176903	-0.888428	-0.400671	-0.223962
43047	9.744179	-0.127420	-0.069108	-0.651279	-0.453703	0.092447	-0.279819	0.073984	0.957198	-0.361190	0.915663	-0.176361	-0.889518	-0.395079	-0.229498
43048	9.385481	-0.316732	-0.472840	-0.731456	-0.461028	0.075064	-0.284199	0.072920	0.955988	-0.354422	0.918483	-0.175423	-0.890851	-0.388679	-0.235187
43049	9.291564	-0.810361	-0.912389	-0.746823	-0.491956	0.070641	-0.288890	0.071697	0.954674	-0.347572	0.921298	-0.174368	-0.892041	-0.382191	-0.241234
