// General information: 
//  MT Manager version: 2022.2.0 
//  XDA version: 2022.2.0 build 7381 rev 124627 built on 2023-07-19
// Device information: 
//  DeviceId: 00B4CBA7
//  ProductCode: MTW2-3A7G6
//  Firmware Version: 4.6.0
//  Hardware Version: 2.0.0
// Device settings: 
//  Filter Profile: human(46.1)
//  Option Flags: Orientation Smoother Disabled, Position/Velocity Smoother Disabled, Continuous Zero Rotation Update Disabled, AHS Disabled, ICC Disabled
// Coordinate system: ENU
PacketCounter	Acc_X	Acc_Y	Acc_Z	Gyr_X	Gyr_Y	Gyr_Z	Mat[1][1]	Mat[2][1]	Mat[3][1]	Mat[1][2]	Mat[2][2]	Mat[3][2]	Mat[1][3]	Mat[2][3]	Mat[3][3]
01123	9.756500	0.120712	-0.716546	-0.007759	0.001978	0.004812	-0.055953	-0.034414	0.997840	-0.366637	0.930293	0.011525	-0.928680	-0.365200	-0.064670
01124	9.743156	0.091062	-0.703571	0.005879	0.002821	0.005077	-0.055912	-0.034386	0.997843	-0.366705	0.930266	0.011509	-0.928656	-0.365271	-0.064623
01125	9.758867	0.113109	-0.682237	0.012970	0.003366	0.001503	-0.055851	-0.034404	0.997846	-0.366996	0.930151	0.011529	-0.928544	-0.365562	-0.064576
01126	9.730636	0.113937	-0.662188	0.013153	0.001754	0.003726	-0.055815	-0.034393	0.997849	-0.367133	0.930097	0.011522	-0.928492	-0.365700	-0.064540
01127	9.737734	0.154550	-0.654444	0.012548	-0.000053	0.001973	-0.055767	-0.034469	0.997849	-0.367390	0.929995	0.011592	-0.928394	-0.365953	-0.064526
01128	9.753435	0.176649	-0.633282	0.002484	0.002900	0.004023	-0.055721	-0.034450	0.997852	-0.367427	0.929980	0.011589	-0.928382	-0.365992	-0.064478
01129	9.729159	0.172241	-0.667675	0.000125	-0.002768	0.006174	-0.055690	-0.034451	0.997854	-0.367440	0.929975	0.011600	-0.928378	-0.366005	-0.064449
01130	9.744045	0.141452	-0.674726	-0.000911	0.002979	0.002968	-0.055640	-0.034442	0.997857	-0.367446	0.929972	0.011610	-0.928379	-0.366013	-0.064399
01131	9.763727	0.158362	-0.707629	-0.002243	0.002538	0.006405	-0.055491	-0.034384	0.997867	-0.367814	0.929827	0.011586	-0.928242	-0.366387	-0.064244
01132	9.730711	0.111420	-0.661527	0.001879	0.001092	0.002269	-0.055455	-0.034389	0.997869	-0.367847	0.929814	0.011601	-0.928231	-0.366419	-0.064212
01133	9.728413	0.117897	-0.695142	0.008485	0.002547	0.002157	-0.055317	-0.034460	0.997874	-0.368120	0.929705	0.011699	-0.928131	-0.366690	-0.064114
01134	9.746429	0.133256	-0.640191	0.012306	0.000402	0.003704	-0.055293	-0.034454	0.997876	-0.368249	0.929654	0.011693	-0.928082	-0.366820	-0.064091
01135	9.752722	0.120933	-0.660529	0.016549	0.001676	0.004784	-0.055145	-0.034467	0.997883	-0.368535	0.929540	0.011740	-0.927977	-0.367108	-0.063962
01136	9.759836	0.161350	-0.652796	0.009943	0.000221	0.004896	-0.055126	-0.034450	0.997885	-0.368641	0.929498	0.011725	-0.927936	-0.367215	-0.063939
01137	9.753574	0.172684	-0.632237	0.008244	0.003004	0.003888	-0.055041	-0.034456	0.997889	-0.368923	0.929386	0.011741	-0.927829	-0.367498	-0.063866
01138	9.731622	0.161595	-0.632638	-0.000727	0.001369	0.005190	-0.055013	-0.034432	0.997892	-0.368930	0.929383	0.011729	-0.927828	-0.367507	-0.063831
01139	9.737920	0.149339	-0.652877	0.006122	0.002367	0.003349	-0.055033	-0.034517	0.997888	-0.369043	0.929337	0.011793	-0.927781	-0.367615	-0.063883
01140	9.737113	0.096009	-0.680739	0.004790	0.001928	0.006786	-0.055006	-0.034476	0.997891	-0.369100	0.929315	0.011762	-0.927760	-0.367675	-0.063843
01141	9.752815	0.117810	-0.659721	0.010368	-0.001846	0.005391	-0.054990	-0.034553	0.997889	-0.369521	0.929148	0.011810	-0.927594	-0.368091	-0.063861
01142	9.766208	0.146339	-0.672591	0.007579	0.000041	0.006088	-0.054977	-0.034526	0.997891	-0.369604	0.929115	0.011784	-0.927561	-0.368177	-0.063841
01143	9.719956	0.131180	-0.707630	0.011217	-0.000494	0.005415	-0.054800	-0.034608	0.997897	-0.369904	0.928994	0.011905	-0.927452	-0.368474	-0.063711
01144	9.729386	0.164887	-0.666231	0.009943	0.000222	0.004899	-0.054781	-0.034592	0.997899	-0.370010	0.928952	0.011890	-0.927411	-0.368582	-0.063688
01145	9.744252	0.134093	-0.673238	0.008912	0.000480	0.002653	-0.054753	-0.034659	0.997898	-0.370237	0.928860	0.011947	-0.927322	-0.368805	-0.063690
01146	9.709730	0.146561	-0.633022	0.008611	-0.000216	0.008336	-0.054750	-0.034613	0.997900	-0.370329	0.928824	0.011899	-0.927286	-0.368900	-0.063671
01147	9.723153	0.174999	-0.645626	0.006729	0.004176	0.005103	-0.054640	-0.034599	0.997907	-0.370418	0.928789	0.011920	-0.927257	-0.368991	-0.063565
01148	9.738030	0.144120	-0.652409	0.008670	0.000937	0.004384	-0.054611	-0.034585	0.997909	-0.370513	0.928751	0.011911	-0.927221	-0.369087	-0.063535
01149	9.723191	0.173968	-0.645321	0.000547	0.000656	0.005707	-0.054574	-0.034571	0.997911	-0.370606	0.928714	0.011906	-0.927185	-0.369182	-0.063496
01150	9.768600	0.135150	-0.638443	0.002487	-0.002583	0.004988	-0.054581	-0.034565	0.997911	-0.370643	0.928699	0.011895	-0.927170	-0.369220	-0.063501
01151	9.766303	0.141166	-0.672319	-0.002059	0.000934	0.008627	-0.054606	-0.034599	0.997908	-0.370580	0.928724	0.011922	-0.927194	-0.369154	-0.063535
01152	9.738056	0.141860	-0.652517	-0.003455	-0.001074	0.002897	-0.054591	-0.034607	0.997909	-0.370564	0.928730	0.011936	-0.927201	-0.369137	-0.063524
01153	9.744326	0.129594	-0.673044	-0.004788	-0.001511	0.006334	-0.054579	-0.034649	0.997908	-0.370591	0.928719	0.011978	-0.927191	-0.369162	-0.063529
01154	9.755200	0.103952	-0.625917	-0.002606	0.000278	0.002920	-0.054551	-0.034651	0.997910	-0.370582	0.928722	0.011991	-0.927196	-0.369153	-0.063504
01155	9.738047	0.140509	-0.652947	0.007581	-0.005445	0.007055	-0.054556	-0.034676	0.997908	-0.370849	0.928616	0.011993	-0.927089	-0.369419	-0.063521
01156	9.762320	0.143741	-0.618892	0.006731	-0.001310	0.006068	-0.054555	-0.034655	0.997909	-0.370925	0.928586	0.011970	-0.927059	-0.369497	-0.063514
01157	9.760007	0.149880	-0.652978	0.005276	-0.004471	0.004292	-0.054590	-0.034670	0.997907	-0.370901	0.928595	0.011972	-0.927067	-0.369471	-0.063551
01158	9.723157	0.169192	-0.647104	-0.000059	-0.006638	0.004919	-0.054634	-0.034680	0.997904	-0.370915	0.928590	0.011964	-0.927058	-0.369484	-0.063596
01159	9.737962	0.138474	-0.654652	-0.001515	-0.004313	0.002178	-0.054607	-0.034769	0.997902	-0.371233	0.928462	0.012035	-0.926933	-0.369797	-0.063608
01160	9.725398	0.161686	-0.614521	-0.008848	-0.009878	0.008445	-0.054694	-0.034758	0.997898	-0.371164	0.928490	0.011998	-0.926955	-0.369727	-0.063684
01161	9.709634	0.138741	-0.636241	-0.006001	-0.005128	0.002830	-0.054864	-0.034825	0.997886	-0.371301	0.928435	0.011987	-0.926890	-0.369858	-0.063868
01162	9.744105	0.125400	-0.677022	-0.001090	-0.006380	0.002672	-0.054897	-0.034855	0.997883	-0.371307	0.928433	0.012002	-0.926886	-0.369862	-0.063910
01163	9.741752	0.131721	-0.711449	-0.000058	-0.006638	0.004920	-0.054974	-0.034848	0.997879	-0.371447	0.928377	0.011958	-0.926825	-0.370002	-0.063981
01164	9.733144	0.149756	-0.725450	-0.003695	-0.006101	0.005594	-0.055016	-0.034850	0.997877	-0.371426	0.928386	0.011945	-0.926831	-0.369981	-0.064020
01165	9.765989	0.134539	-0.678215	0.000549	-0.004829	0.006673	-0.054984	-0.034839	0.997879	-0.371593	0.928319	0.011935	-0.926766	-0.370149	-0.063989
01166	9.728246	0.101011	-0.700123	0.003579	-0.001689	0.003280	-0.054976	-0.034846	0.997879	-0.371641	0.928300	0.011941	-0.926747	-0.370197	-0.063985
01167	9.743963	0.123154	-0.679481	0.009155	-0.005466	0.001886	-0.054923	-0.034894	0.997881	-0.372129	0.928104	0.011972	-0.926554	-0.370683	-0.063960
01168	9.737695	0.134675	-0.659397	0.005701	-0.001053	0.003820	-0.054911	-0.034894	0.997881	-0.372197	0.928077	0.011971	-0.926528	-0.370751	-0.063949
01169	9.718013	0.117165	-0.626407	0.005335	-0.003320	0.000336	-0.054738	-0.035011	0.997887	-0.372965	0.927766	0.012092	-0.926229	-0.371515	-0.063842
01170	9.742296	0.120964	-0.592497	0.001273	-0.006201	0.001483	-0.054765	-0.035051	0.997884	-0.372993	0.927755	0.012118	-0.926217	-0.371540	-0.063882
01171	9.709376	0.135611	-0.640843	-0.003155	-0.005863	-0.001820	-0.054700	-0.035200	0.997882	-0.373045	0.927732	0.012277	-0.926200	-0.371583	-0.063878
01172	9.755640	0.150348	-0.606483	-0.011036	-0.006597	-0.002224	-0.054716	-0.035277	0.997879	-0.372961	0.927765	0.012348	-0.926232	-0.371494	-0.063920
01173	9.703026	0.148013	-0.621911	-0.020191	-0.012101	-0.002176	-0.054770	-0.035359	0.997873	-0.372823	0.927820	0.012414	-0.926285	-0.371350	-0.064000
01174	9.702938	0.148531	-0.623166	-0.026317	-0.014464	-0.005521	-0.054847	-0.035495	0.997864	-0.372599	0.927908	0.012527	-0.926370	-0.371115	-0.064118
01175	9.711410	0.130748	-0.611285	-0.025650	-0.016987	-0.006754	-0.054901	-0.035756	0.997851	-0.372401	0.927984	0.012763	-0.926447	-0.370900	-0.064263
01176	9.653433	0.193778	-0.578864	-0.017471	-0.015555	-0.012038	-0.054963	-0.035956	0.997841	-0.372263	0.928037	0.012936	-0.926499	-0.370748	-0.064393
01177	9.607913	0.233290	-0.587394	-0.036259	-0.020162	-0.009436	-0.055097	-0.036149	0.997826	-0.371936	0.928166	0.013088	-0.926622	-0.370407	-0.064585
01178	9.627390	0.252230	-0.622386	-0.063423	-0.019513	-0.017848	-0.055175	-0.036418	0.997812	-0.371375	0.928387	0.013349	-0.926842	-0.369826	-0.064749
01179	9.684195	0.200970	-0.780259	-0.094328	-0.026116	-0.016689	-0.055229	-0.036777	0.997796	-0.370987	0.928537	0.013689	-0.926994	-0.369414	-0.064926
01180	9.815087	-0.001884	-0.974154	-0.091830	-0.023206	-0.012638	-0.055361	-0.037011	0.997780	-0.370160	0.928864	0.013917	-0.927317	-0.368568	-0.065123
01181	10.011042	-0.348748	-1.007235	-0.009586	-0.014798	-0.011639	-0.055448	-0.037182	0.997769	-0.370063	0.928900	0.014051	-0.927351	-0.368458	-0.065265
01182	10.031537	-0.339356	-0.919263	0.117625	-0.001008	-0.011070	-0.055379	-0.037320	0.997768	-0.371176	0.928455	0.014126	-0.926910	-0.369565	-0.065269
01183	9.909996	-0.100233	-0.685526	0.198621	0.008172	-0.010499	-0.055273	-0.037458	0.997768	-0.373024	0.927714	0.014164	-0.926174	-0.371409	-0.065250
01184	9.771715	0.125097	-0.595083	0.180954	0.004505	-0.009487	-0.055159	-0.037561	0.997771	-0.374721	0.927029	0.014182	-0.925495	-0.373104	-0.065209
01185	9.652077	0.254191	-0.473215	0.144062	-0.001736	-0.006409	-0.055052	-0.037601	0.997775	-0.376383	0.926356	0.014143	-0.924827	-0.374767	-0.065150
01186	9.589404	0.269208	-0.413398	0.077233	0.001110	-0.016065	-0.054944	-0.037776	0.997775	-0.377123	0.926053	0.014294	-0.924532	-0.375498	-0.065127
01187	9.658222	0.243977	-0.494445	0.037770	-0.009236	-0.013138	-0.054861	-0.038062	0.997768	-0.377695	0.925816	0.014550	-0.924303	-0.376054	-0.065167
01188	9.738008	0.193834	-0.529079	0.000721	-0.018266	-0.015366	-0.054935	-0.038304	0.997755	-0.377727	0.925800	0.014745	-0.924286	-0.376069	-0.065327
01189	9.823112	0.078987	-0.612420	-0.010614	-0.020084	-0.012868	-0.055071	-0.038568	0.997737	-0.377732	0.925795	0.014937	-0.924276	-0.376054	-0.065553
01190	9.826792	0.075025	-0.668596	0.001149	-0.020328	-0.014865	-0.055165	-0.038813	0.997723	-0.377767	0.925777	0.015127	-0.924256	-0.376072	-0.065733
01191	9.779636	0.173936	-0.683503	0.004067	-0.019481	-0.010351	-0.055243	-0.039084	0.997708	-0.377787	0.925765	0.015347	-0.924243	-0.376074	-0.065908
01192	9.703381	0.221212	-0.706321	0.009273	-0.020038	-0.016188	-0.055330	-0.039340	0.997693	-0.377899	0.925716	0.015545	-0.924192	-0.376167	-0.066086
01193	9.725181	0.233290	-0.707683	0.014367	-0.017405	-0.015094	-0.055331	-0.039593	0.997683	-0.378217	0.925583	0.015756	-0.924062	-0.376469	-0.066188
01194	9.724142	0.181839	-0.737272	0.012485	-0.018503	-0.017356	-0.055398	-0.039855	0.997669	-0.378359	0.925521	0.015963	-0.924000	-0.376593	-0.066352
01195	9.731068	0.224434	-0.731543	0.019941	-0.015688	-0.017454	-0.055376	-0.040252	0.997654	-0.378639	0.925401	0.016320	-0.923886	-0.376847	-0.066486
01196	9.786680	0.109747	-0.706796	0.012007	-0.017582	-0.013895	-0.055448	-0.040478	0.997641	-0.378775	0.925342	0.016493	-0.923826	-0.376967	-0.066641
01197	9.777873	0.129461	-0.721883	0.038262	-0.015603	-0.015615	-0.055534	-0.040736	0.997625	-0.379310	0.925119	0.016661	-0.923601	-0.377484	-0.066827
01198	9.759094	0.166548	-0.662520	0.043847	-0.019365	-0.016990	-0.055610	-0.040999	0.997610	-0.379742	0.924939	0.016844	-0.923419	-0.377898	-0.067005
01199	9.692302	0.248348	-0.644158	0.049612	-0.019248	-0.017118	-0.055684	-0.041329	0.997593	-0.380246	0.924728	0.017086	-0.923208	-0.378379	-0.067208
01200	9.650678	0.222038	-0.613621	0.025365	-0.028804	-0.019063	-0.055840	-0.041647	0.997571	-0.380508	0.924616	0.017302	-0.923090	-0.378618	-0.067477
01201	9.672432	0.234351	-0.615716	0.015713	-0.022447	-0.017510	-0.055945	-0.041923	0.997553	-0.381059	0.924386	0.017478	-0.922857	-0.379149	-0.067690
01202	9.693324	0.193840	-0.645635	-0.000410	-0.031713	-0.020780	-0.056120	-0.042267	0.997529	-0.381084	0.924370	0.017728	-0.922836	-0.379147	-0.067983
01203	9.748526	0.140472	-0.716250	-0.012124	-0.030339	-0.022727	-0.056227	-0.042718	0.997504	-0.381058	0.924374	0.018107	-0.922840	-0.379089	-0.068253
01204	9.858869	0.083606	-0.738607	-0.007270	-0.027237	-0.019913	-0.056364	-0.043038	0.997482	-0.381020	0.924385	0.018354	-0.922847	-0.379026	-0.068500
01205	9.791111	0.112950	-0.748668	-0.004714	-0.028655	-0.018873	-0.056578	-0.043334	0.997457	-0.381110	0.924344	0.018540	-0.922797	-0.379092	-0.068813
01206	9.739095	0.164923	-0.737904	0.006617	-0.026817	-0.021381	-0.056706	-0.043665	0.997436	-0.381200	0.924302	0.018791	-0.922752	-0.379157	-0.069059
01207	9.714118	0.214882	-0.659124	0.006249	-0.029088	-0.024844	-0.056841	-0.044103	0.997409	-0.381420	0.924204	0.019130	-0.922652	-0.379345	-0.069354
01208	9.662076	0.267069	-0.648446	-0.004472	-0.029112	-0.020584	-0.056993	-0.044436	0.997385	-0.381409	0.924203	0.019381	-0.922648	-0.379307	-0.069621
01209	9.646871	0.299752	-0.644513	-0.024854	-0.034195	-0.025885	-0.057170	-0.044896	0.997354	-0.381328	0.924229	0.019746	-0.922670	-0.379190	-0.069959
01210	9.715133	0.276077	-0.728492	-0.046012	-0.033564	-0.023037	-0.057354	-0.045268	0.997327	-0.380934	0.924385	0.020051	-0.922822	-0.378766	-0.070262
01211	9.752663	0.146705	-0.760123	-0.038061	-0.037128	-0.025605	-0.057532	-0.045679	0.997298	-0.380964	0.924366	0.020361	-0.922798	-0.378763	-0.070583
01212	9.802362	0.159031	-0.783350	-0.012654	-0.036458	-0.027386	-0.057726	-0.046102	0.997267	-0.380881	0.924393	0.020687	-0.922820	-0.378646	-0.070921
01213	9.825784	0.112974	-0.780577	0.007187	-0.037511	-0.026797	-0.057954	-0.046534	0.997234	-0.381320	0.924205	0.020966	-0.922625	-0.379050	-0.071306
01214	9.748194	0.160009	-0.716672	0.022956	-0.035975	-0.026034	-0.058149	-0.046943	0.997204	-0.381564	0.924098	0.021252	-0.922511	-0.379262	-0.071647
01215	9.711011	0.181933	-0.713480	0.029563	-0.034496	-0.026164	-0.058260	-0.047393	0.997176	-0.382197	0.923829	0.021577	-0.922243	-0.379860	-0.071936
01216	9.687699	0.285926	-0.695755	0.018915	-0.038862	-0.024845	-0.058486	-0.047802	0.997143	-0.382403	0.923737	0.021854	-0.922143	-0.380033	-0.072305
01217	9.739202	0.238690	-0.713484	0.012415	-0.043522	-0.031607	-0.058739	-0.048336	0.997102	-0.382732	0.923592	0.022226	-0.921990	-0.380318	-0.072751
01218	9.753094	0.210116	-0.636768	0.014505	-0.044016	-0.027118	-0.059003	-0.048786	0.997065	-0.382900	0.923515	0.022529	-0.921904	-0.380447	-0.073170
01219	9.746614	0.224817	-0.620788	0.010734	-0.046220	-0.031610	-0.059272	-0.049298	0.997024	-0.383537	0.923243	0.022849	-0.921621	-0.381041	-0.073630
01220	9.677931	0.254007	-0.544494	0.009725	-0.051441	-0.032841	-0.059582	-0.049829	0.996979	-0.383664	0.923181	0.023212	-0.921549	-0.381122	-0.074123
01221	9.712518	0.183413	-0.407819	-0.020630	-0.050208	-0.047869	-0.059827	-0.050512	0.996930	-0.383668	0.923166	0.023750	-0.921531	-0.381069	-0.074610
01222	9.710214	0.414583	-0.457536	-0.036496	-0.053334	-0.057713	-0.060059	-0.051280	0.996877	-0.383384	0.923267	0.024396	-0.921634	-0.380721	-0.075110
01223	9.714063	0.519555	-0.372873	-0.077790	-0.046933	-0.050659	-0.060269	-0.051962	0.996829	-0.383009	0.923407	0.024978	-0.921776	-0.380289	-0.075555
01224	9.633656	0.575522	-0.343051	-0.103341	-0.051501	-0.049991	-0.060514	-0.052651	0.996778	-0.382104	0.923765	0.025597	-0.922136	-0.379324	-0.076019
01225	9.575748	0.695935	-0.285586	-0.146336	-0.065069	-0.066040	-0.060720	-0.053567	0.996716	-0.381329	0.924061	0.026431	-0.922443	-0.378472	-0.076536
01226	9.577608	0.695032	-0.169465	-0.177684	-0.076778	-0.073233	-0.061112	-0.054566	0.996638	-0.379752	0.924684	0.027341	-0.923068	-0.376804	-0.077231
01227	9.581554	0.633464	0.039100	-0.220849	-0.096455	-0.082464	-0.061632	-0.055704	0.996543	-0.377596	0.925535	0.028382	-0.923917	-0.374542	-0.078077
01228	9.410002	0.602431	0.001967	-0.233033	-0.120253	-0.091023	-0.062363	-0.057029	0.996423	-0.375516	0.926346	0.029515	-0.924715	-0.372332	-0.079185
01229	9.311238	0.696613	0.087489	-0.260868	-0.149881	-0.103136	-0.063327	-0.058616	0.996270	-0.373427	0.927148	0.030812	-0.925495	-0.370083	-0.080602
01230	9.261934	0.533658	-0.045992	-0.303237	-0.192218	-0.111577	-0.064654	-0.060392	0.996079	-0.370708	0.928191	0.032214	-0.926496	-0.367172	-0.082399
01231	9.281688	0.392636	0.026354	-0.307041	-0.233114	-0.114467	-0.066342	-0.062357	0.995847	-0.367899	0.929256	0.033679	-0.927496	-0.364137	-0.084590
01232	9.375061	0.218942	-0.096903	-0.310262	-0.266697	-0.116550	-0.068352	-0.064441	0.995578	-0.365117	0.930298	0.035148	-0.928449	-0.361100	-0.087116
01233	9.424519	0.079395	-0.284401	-0.294088	-0.301565	-0.110948	-0.070616	-0.066593	0.995278	-0.362463	0.931280	0.036594	-0.929319	-0.358167	-0.089901
01234	9.620763	-0.079652	-0.566347	-0.275311	-0.323045	-0.105076	-0.073202	-0.068758	0.994944	-0.359997	0.932182	0.037934	-0.930077	-0.355400	-0.092990
01235	9.830736	-0.267101	-0.860338	-0.197448	-0.338018	-0.109779	-0.075919	-0.071035	0.994580	-0.358426	0.932732	0.039258	-0.930466	-0.353503	-0.096273
01236	9.804252	-0.262015	-0.839633	-0.075365	-0.339770	-0.117618	-0.078621	-0.073365	0.994201	-0.357834	0.932905	0.040544	-0.930469	-0.352572	-0.099599
01237	9.649867	-0.167886	-0.874007	-0.033813	-0.360287	-0.111454	-0.081519	-0.075686	0.993794	-0.357792	0.932870	0.041697	-0.930236	-0.352173	-0.103126
01238	9.466044	-0.339517	-0.804519	0.028761	-0.387475	-0.102094	-0.084719	-0.078036	0.993344	-0.358163	0.932681	0.042723	-0.929807	-0.352160	-0.106965
01239	9.341920	-0.195282	-0.548096	0.084829	-0.410477	-0.113793	-0.088100	-0.080599	0.992846	-0.359112	0.932266	0.043815	-0.929127	-0.352682	-0.111077
01240	9.221098	0.049992	-0.430981	0.045271	-0.425704	-0.117620	-0.091594	-0.083230	0.992312	-0.359657	0.932000	0.044974	-0.928578	-0.352772	-0.115300
01241	9.165589	0.433972	-0.399842	-0.022754	-0.448251	-0.135109	-0.095279	-0.086081	0.991722	-0.359644	0.931938	0.046340	-0.928212	-0.352252	-0.119752
01242	9.214817	0.774255	-0.375363	-0.165471	-0.458323	-0.128231	-0.099035	-0.088920	0.991103	-0.358252	0.932398	0.047855	-0.928358	-0.350325	-0.124196
01243	9.203422	0.795538	-0.592240	-0.377189	-0.482060	-0.142090	-0.102978	-0.091992	0.990421	-0.355004	0.933537	0.049797	-0.929176	-0.346476	-0.128791
01244	9.354815	0.755905	-1.044381	-0.514749	-0.478626	-0.156846	-0.106838	-0.095136	0.989714	-0.350402	0.935151	0.052066	-0.930486	-0.341236	-0.133246
01245	9.547125	1.010154	-1.435461	-0.694181	-0.455693	-0.162564	-0.110488	-0.098257	0.989009	-0.344105	0.937338	0.054681	-0.932408	-0.334281	-0.137375
01246	9.606182	0.823119	-2.072412	-0.948108	-0.448074	-0.155114	-0.114109	-0.101224	0.988298	-0.335446	0.940298	0.057577	-0.935123	-0.324951	-0.141251
01247	9.654925	0.188655	-2.737494	-0.987533	-0.436941	-0.150361	-0.117775	-0.104049	0.987574	-0.326106	0.943395	0.060504	-0.937968	-0.314928	-0.145039
01248	9.567965	-0.066323	-3.149176	-0.878922	-0.407307	-0.151454	-0.121076	-0.106780	0.986883	-0.318053	0.945955	0.063331	-0.940310	-0.306213	-0.148494
01249	9.534154	-0.199646	-3.303441	-0.727208	-0.381059	-0.159430	-0.124113	-0.109537	0.986204	-0.311651	0.947897	0.066061	-0.942056	-0.299152	-0.151784
01250	9.624394	0.051371	-3.497205	-0.444030	-0.343461	-0.187648	-0.126734	-0.112372	0.985551	-0.307722	0.948998	0.068633	-0.942998	-0.294578	-0.154849
01251	9.845126	0.554104	-3.037117	-0.250953	-0.314961	-0.207318	-0.129026	-0.115315	0.984913	-0.305664	0.949479	0.071124	-0.943357	-0.291876	-0.157755
01252	10.174282	0.925786	-3.120343	-0.182778	-0.264627	-0.199112	-0.130880	-0.118012	0.984349	-0.304220	0.949769	0.073416	-0.943568	-0.289850	-0.160208
01253	10.382639	1.278595	-2.944134	-0.192074	-0.213855	-0.177626	-0.132369	-0.120302	0.983873	-0.302585	0.950130	0.075467	-0.943886	-0.287716	-0.162169
01254	10.464241	1.249819	-2.810732	-0.219935	-0.165803	-0.161710	-0.133411	-0.122350	0.983480	-0.300745	0.950554	0.077457	-0.944327	-0.285443	-0.163611
01255	10.219337	1.274300	-2.464868	-0.289526	-0.114439	-0.153616	-0.134086	-0.124138	0.983164	-0.298067	0.951232	0.079455	-0.945080	-0.282395	-0.164548
01256	10.051455	0.993744	-2.346562	-0.307960	-0.103989	-0.157037	-0.134568	-0.125960	0.982866	-0.295388	0.951891	0.081547	-0.945853	-0.279353	-0.165301
01257	9.995682	0.879428	-1.981038	-0.262557	-0.098781	-0.151211	-0.135159	-0.127689	0.982562	-0.292949	0.952477	0.083482	-0.946527	-0.276557	-0.166142
01258	9.933862	0.630064	-1.507114	-0.206953	-0.092821	-0.148859	-0.135569	-0.129399	0.982282	-0.291212	0.952845	0.085330	-0.947004	-0.274485	-0.166858
01259	9.943241	0.871153	-0.769625	-0.141866	-0.061868	-0.148241	-0.135821	-0.130997	0.982035	-0.290067	0.953042	0.087012	-0.947319	-0.273038	-0.167441
01260	9.759500	1.619736	-0.664634	-0.047220	-0.069730	-0.146597	-0.136023	-0.132620	0.981789	-0.289841	0.952968	0.088571	-0.947359	-0.272515	-0.168064
01261	9.720367	2.359857	0.364184	-0.100174	-0.071961	-0.150275	-0.136319	-0.134297	0.981520	-0.289080	0.953041	0.090251	-0.947549	-0.271435	-0.168741
01262	9.525537	2.407177	0.225053	-0.320958	-0.130595	-0.130819	-0.137147	-0.135933	0.981179	-0.286239	0.953720	0.092119	-0.948292	-0.268218	-0.169710
01263	9.409231	2.192203	0.559153	-0.298258	-0.155794	-0.127448	-0.138337	-0.137636	0.980775	-0.283715	0.954300	0.093903	-0.948878	-0.265270	-0.171064
01264	9.026397	1.635487	0.542997	-0.370311	-0.251248	-0.115942	-0.140362	-0.139440	0.980232	-0.280384	0.955104	0.095717	-0.949570	-0.261406	-0.173157
01265	8.955054	0.741607	0.715082	-0.246611	-0.324364	-0.115525	-0.143049	-0.141500	0.979548	-0.278462	0.955500	0.097361	-0.949735	-0.258840	-0.176086
01266	8.981244	0.504669	0.600635	-0.114696	-0.407140	-0.112416	-0.146570	-0.143661	0.978713	-0.277558	0.955625	0.098706	-0.949462	-0.257183	-0.179940
01267	8.936116	0.855933	0.735696	0.024855	-0.466094	-0.114885	-0.150686	-0.145938	0.977750	-0.278187	0.955337	0.099720	-0.948634	-0.256971	-0.184554
01268	8.820296	1.201674	0.452757	-0.016595	-0.553131	-0.111911	-0.155587	-0.148462	0.976602	-0.278223	0.955204	0.100884	-0.947831	-0.256017	-0.189923
01269	8.958273	1.599330	0.270528	-0.116319	-0.617892	-0.112347	-0.161289	-0.151114	0.975269	-0.277177	0.955369	0.102192	-0.947185	-0.253839	-0.195976
01270	9.090462	1.760906	-0.380703	-0.356961	-0.681428	-0.103560	-0.167426	-0.153855	0.973806	-0.273989	0.956098	0.103951	-0.947047	-0.249408	-0.202230
01271	9.376722	1.543719	-1.067882	-0.501046	-0.703709	-0.098803	-0.173813	-0.156615	0.972245	-0.269649	0.957110	0.105971	-0.947142	-0.243746	-0.208589
01272	9.495674	1.274964	-1.683843	-0.598296	-0.716848	-0.094602	-0.180320	-0.159281	0.970626	-0.264173	0.958387	0.108195	-0.947469	-0.236903	-0.214894
01273	9.338729	0.794915	-2.289373	-0.584234	-0.727468	-0.093455	-0.187065	-0.161850	0.968923	-0.258517	0.959678	0.110395	-0.947721	-0.229832	-0.221363
01274	9.342239	0.487082	-2.359902	-0.412859	-0.741471	-0.104178	-0.193793	-0.164572	0.967140	-0.254828	0.960435	0.112370	-0.947369	-0.224678	-0.228063
01275	9.194644	0.439895	-2.395069	-0.274331	-0.748930	-0.111777	-0.200768	-0.167260	0.965255	-0.252328	0.960900	0.114022	-0.946585	-0.220669	-0.235123
01276	9.152659	0.380351	-2.256070	-0.162134	-0.772412	-0.123953	-0.207733	-0.170181	0.963268	-0.251072	0.961036	0.115642	-0.945415	-0.217827	-0.242367
01277	9.209028	0.093980	-2.208875	-0.083273	-0.794907	-0.136659	-0.215023	-0.173197	0.961128	-0.250342	0.961041	0.117175	-0.943978	-0.215415	-0.250004
01278	9.299980	-0.279209	-2.339881	0.056081	-0.825842	-0.146077	-0.222415	-0.176413	0.958859	-0.251216	0.960653	0.118472	-0.942031	-0.214531	-0.257981
01279	9.488611	-0.057150	-2.236643	0.212161	-0.839033	-0.154069	-0.229964	-0.179684	0.956467	-0.253793	0.959873	0.119305	-0.939524	-0.215309	-0.266339
01280	9.543424	0.134361	-2.220335	0.292153	-0.868917	-0.155094	-0.237690	-0.183085	0.953930	-0.256923	0.958949	0.120031	-0.936747	-0.216556	-0.274972
01281	9.664695	0.672312	-1.860438	0.385880	-0.878533	-0.160702	-0.245645	-0.186467	0.951256	-0.260887	0.957834	0.120387	-0.933593	-0.218597	-0.283934
01282	9.526360	1.507960	-1.717915	0.395935	-0.886842	-0.171292	-0.253430	-0.190091	0.948493	-0.265031	0.956629	0.120908	-0.930340	-0.220738	-0.292819
01283	9.268218	2.295742	-1.437486	0.271334	-0.888651	-0.194372	-0.261357	-0.193799	0.945587	-0.267664	0.955769	0.121904	-0.927388	-0.221239	-0.301670
01284	9.120798	2.004257	-2.044627	0.017169	-0.923293	-0.190090	-0.269370	-0.197687	0.942529	-0.268355	0.955347	0.123681	-0.924892	-0.219617	-0.310392
01285	9.342785	1.360474	-2.545818	-0.011570	-0.952369	-0.207662	-0.277775	-0.201704	0.939232	-0.268725	0.954991	0.125614	-0.922295	-0.217503	-0.319476
01286	9.494058	1.248900	-2.420384	0.010413	-0.972305	-0.237762	-0.286061	-0.206115	0.935781	-0.269519	0.954471	0.127842	-0.919526	-0.215640	-0.328589
01287	9.600729	0.873095	-2.646343	0.053856	-1.009897	-0.262116	-0.294769	-0.210696	0.932051	-0.270773	0.953827	0.129984	-0.916402	-0.214059	-0.338209
01288	9.839159	0.725274	-2.385780	0.305095	-1.023142	-0.294840	-0.303293	-0.215735	0.928155	-0.274473	0.952532	0.131712	-0.912512	-0.214807	-0.348110
01289	9.952995	1.171285	-2.232190	0.459324	-1.050381	-0.315190	-0.312205	-0.220925	0.923970	-0.279471	0.950907	0.132934	-0.907978	-0.216720	-0.358621
01290	10.316636	1.416072	-2.583519	0.492102	-1.091457	-0.352994	-0.321065	-0.226692	0.919526	-0.285075	0.949032	0.134428	-0.903133	-0.218973	-0.369325
01291	10.964187	0.593797	-2.738557	0.518340	-1.145667	-0.376210	-0.330437	-0.232865	0.914650	-0.290951	0.947023	0.135995	-0.897863	-0.221181	-0.380684
01292	11.698087	-0.019133	-2.539995	0.786856	-1.158015	-0.407235	-0.339569	-0.239340	0.909621	-0.299387	0.944289	0.136698	-0.891662	-0.225910	-0.392306
01293	12.088678	-0.483758	-1.797976	0.876793	-1.202244	-0.373552	-0.349292	-0.245619	0.904249	-0.308645	0.941336	0.136470	-0.884722	-0.231424	-0.404610
01294	12.187368	-1.340476	-1.864758	1.052220	-1.267946	-0.335499	-0.359379	-0.251783	0.898583	-0.319134	0.938017	0.135198	-0.876927	-0.238181	-0.417456
01295	11.912764	-0.383033	-1.448094	1.137486	-1.323977	-0.301312	-0.370110	-0.257735	0.892520	-0.330178	0.934510	0.132943	-0.868332	-0.245487	-0.430970
01296	11.888985	-0.017918	-1.309771	0.965331	-1.442988	-0.244700	-0.381730	-0.263633	0.885878	-0.339471	0.931461	0.130918	-0.859675	-0.250755	-0.445063
01297	12.033079	0.050117	-1.118811	0.732213	-1.546213	-0.214398	-0.394297	-0.269559	0.878560	-0.346825	0.928965	0.129369	-0.851024	-0.253696	-0.459778
01298	12.227653	0.288817	-0.864682	0.545759	-1.630022	-0.178080	-0.407450	-0.275385	0.870717	-0.352193	0.927077	0.128403	-0.842582	-0.254343	-0.474726
01299	12.325600	0.411588	-0.699562	0.315626	-1.723640	-0.126466	-0.421495	-0.280962	0.862208	-0.355502	0.925880	0.127922	-0.834242	-0.252598	-0.490137
01300	12.517573	-0.120316	-0.438385	0.137659	-1.824540	-0.082900	-0.436318	-0.286336	0.853017	-0.357035	0.925284	0.127971	-0.825926	-0.248721	-0.505950
01301	12.748928	-0.540624	-0.580895	0.130088	-1.908287	-0.039195	-0.451903	-0.291393	0.843134	-0.358707	0.924725	0.127331	-0.816770	-0.244897	-0.522410
01302	13.171459	-0.533711	-0.652457	0.274796	-1.991359	-0.008846	-0.468008	-0.296351	0.832553	-0.361014	0.924014	0.125968	-0.806621	-0.241609	-0.539433
01303	13.672474	-0.692311	-0.134387	0.484313	-2.065260	0.028336	-0.484877	-0.301154	0.821097	-0.364720	0.922940	0.123130	-0.794904	-0.239768	-0.557349
01304	13.995387	-0.577136	0.925987	0.764597	-2.133517	0.062091	-0.501897	-0.305736	0.809089	-0.370477	0.921276	0.118313	-0.781566	-0.240368	-0.575653
01305	14.135001	-0.952271	1.236916	0.960789	-2.220295	0.106561	-0.519627	-0.310179	0.796101	-0.377605	0.919208	0.111675	-0.766422	-0.242583	-0.594770
01306	13.642953	-1.812679	3.156809	1.328991	-2.294374	0.091957	-0.537341	-0.314991	0.782334	-0.387229	0.916220	0.102932	-0.749212	-0.247632	-0.614296
01307	12.532858	-2.203708	2.993913	1.446727	-2.376414	0.025816	-0.555014	-0.320592	0.767581	-0.398108	0.912582	0.093294	-0.730390	-0.253801	-0.634126
01308	11.395478	-2.177909	3.193418	1.543525	-2.452153	-0.125205	-0.572147	-0.328062	0.751680	-0.409972	0.908193	0.084317	-0.710331	-0.259926	-0.654116
01309	10.456191	-1.722945	2.014126	1.424512	-2.516747	-0.330030	-0.588366	-0.337650	0.734723	-0.422237	0.903213	0.076954	-0.689594	-0.264950	-0.673989
01310	10.426510	-0.771047	0.285179	1.435899	-2.539186	-0.532103	-0.603300	-0.349254	0.716974	-0.435197	0.897531	0.071009	-0.668306	-0.269185	-0.693474
01311	11.019707	0.753202	-1.158228	1.513048	-2.479129	-0.586048	-0.616937	-0.361174	0.699244	-0.448960	0.891240	0.064230	-0.646392	-0.274307	-0.711992
01312	11.703116	1.692136	-2.764355	1.401091	-2.416924	-0.588893	-0.629594	-0.373108	0.681470	-0.461577	0.885189	0.058204	-0.624946	-0.277906	-0.729528
01313	12.054092	2.098970	-3.950206	1.504907	-2.296636	-0.511456	-0.641132	-0.384119	0.664382	-0.474405	0.878867	0.050323	-0.603233	-0.282923	-0.745697
01314	12.467807	1.025506	-4.653107	1.160468	-2.000265	-0.437672	-0.650889	-0.393666	0.649130	-0.484165	0.873846	0.044469	-0.584746	-0.285342	-0.759376
01315	12.302917	0.391713	-5.616051	1.188578	-1.448766	-0.353611	-0.657295	-0.400943	0.638128	-0.493652	0.868854	0.037431	-0.569447	-0.290410	-0.769020
01316	10.756059	0.578554	-6.585749	0.941711	-0.915679	-0.267754	-0.661103	-0.405971	0.630976	-0.500768	0.864995	0.031862	-0.558726	-0.294909	-0.775148
01317	8.481381	0.264908	-8.431751	1.057335	-0.890714	-0.238027	-0.664527	-0.410732	0.624262	-0.508570	0.860660	0.024896	-0.547503	-0.300937	-0.780818
01318	8.290727	1.516847	-9.345749	0.958339	-0.866203	-0.366845	-0.667317	-0.416534	0.617404	-0.516248	0.856214	0.019665	-0.536820	-0.305610	-0.786401
01319	7.045752	1.038069	-11.085958	1.108092	-0.756171	-0.470312	-0.668612	-0.422924	0.611632	-0.525599	0.850624	0.013616	-0.526027	-0.312369	-0.791026
01320	6.623751	2.358625	-9.048663	1.330509	-0.400597	-0.521078	-0.667907	-0.428635	0.608418	-0.536053	0.844161	0.006252	-0.516283	-0.321969	-0.793592
01321	6.947179	1.804457	-6.844054	1.076966	-0.139378	-0.418025	-0.666099	-0.432651	0.607557	-0.544654	0.838661	0.000089	-0.509573	-0.330849	-0.794276
01322	7.793907	2.940145	-6.695862	0.735080	0.312557	-0.382467	-0.662387	-0.434829	0.610056	-0.550971	0.834518	-0.003415	-0.507617	-0.338385	-0.792351
01323	7.960194	3.726768	-7.249154	0.218236	0.668792	-0.303909	-0.657011	-0.435116	0.615639	-0.554420	0.832230	-0.003481	-0.510838	-0.343610	-0.788021
01324	8.551386	4.577342	-7.529368	-0.338936	1.042796	-0.272869	-0.650098	-0.433817	0.623839	-0.554494	0.832187	0.000868	-0.519527	-0.345351	-0.781552
01325	8.285316	5.362266	-7.613146	-1.136090	1.437063	-0.208907	-0.641095	-0.430640	0.635254	-0.550116	0.835018	0.010887	-0.535136	-0.342484	-0.772227
01326	7.506135	4.285637	-7.863093	-2.059352	1.715365	-0.122812	-0.631028	-0.425902	0.648391	-0.539686	0.841419	0.027460	-0.557264	-0.332600	-0.760812
01327	6.857751	2.287485	-8.333537	-2.466831	1.991331	-0.053901	-0.619133	-0.419858	0.663622	-0.526187	0.849107	0.046299	-0.582925	-0.320524	-0.746634
01328	6.836574	0.800631	-8.011190	-2.484107	2.346669	0.066083	-0.605448	-0.411929	0.680990	-0.511001	0.857180	0.064190	-0.610173	-0.309123	-0.729474
01329	7.048741	-0.111467	-8.051878	-2.594951	2.676974	0.280303	-0.589855	-0.401372	0.700694	-0.493372	0.866060	0.080769	-0.639261	-0.298061	-0.708876
01330	6.990735	-1.370251	-8.733589	-2.450517	3.050696	0.565832	-0.572610	-0.387515	0.722461	-0.474093	0.875462	0.093825	-0.668846	-0.288789	-0.685016
01331	6.530225	-1.834305	-8.596492	-1.887786	3.408171	0.769392	-0.552654	-0.370921	0.746318	-0.457141	0.883678	0.100673	-0.696847	-0.285536	-0.657932
01332	6.154653	-1.597925	-8.591977	-1.424379	3.716512	0.966468	-0.530577	-0.351739	0.771212	-0.441830	0.891223	0.102505	-0.723377	-0.286358	-0.628271
01333	5.694466	-1.513219	-8.584534	-0.925824	4.013804	1.115615	-0.505621	-0.330093	0.797111	-0.429513	0.897590	0.099255	-0.748242	-0.292184	-0.595619
01334	5.571262	-1.211397	-8.148988	-0.464462	4.299406	1.181475	-0.477942	-0.306710	0.823104	-0.420212	0.902712	0.092375	-0.771358	-0.301729	-0.560327
01335	5.299408	-0.348728	-8.279558	-0.207561	4.594927	1.170286	-0.446566	-0.281870	0.849192	-0.413493	0.906670	0.083504	-0.793475	-0.313845	-0.521440
01336	5.506088	0.436752	-8.835943	-0.038702	4.854626	1.125664	-0.412128	-0.256119	0.874388	-0.408388	0.909803	0.074006	-0.814475	-0.326589	-0.479551
01337	4.120839	1.390264	-8.122880	-0.045426	5.192702	1.251474	-0.374102	-0.227327	0.899094	-0.403360	0.912871	0.062977	-0.835074	-0.339099	-0.433202
01338	6.353480	-1.322422	-8.135881	-0.374314	5.104160	1.278816	-0.336051	-0.198145	0.920765	-0.395695	0.916858	0.052888	-0.854690	-0.346569	-0.386516
01339	6.854604	-1.032893	-8.437869	0.365472	5.441802	1.101639	-0.293203	-0.168621	0.941063	-0.395687	0.917465	0.041110	-0.870324	-0.360313	-0.335724
01340	7.039551	-0.451010	-8.305359	0.378142	5.523496	1.102884	-0.249084	-0.138282	0.958559	-0.396051	0.917755	0.029481	-0.883799	-0.372295	-0.283365
01341	6.302766	-0.113087	-8.448103	0.478426	5.671113	1.048067	-0.202548	-0.107001	0.973409	-0.398233	0.917109	0.017947	-0.894642	-0.384009	-0.228370
01342	6.442990	-0.442789	-8.536505	0.294630	5.640495	0.968085	-0.155652	-0.076254	0.984864	-0.399185	0.916836	0.007898	-0.903562	-0.391914	-0.173147
01343	6.779583	-1.276085	-7.688867	0.381028	5.660918	0.859189	-0.107494	-0.045750	0.993153	-0.401785	0.915733	-0.001303	-0.909403	-0.399174	-0.116818
01344	7.798362	-1.204034	-6.347004	0.632845	5.616991	0.752521	-0.059354	-0.016247	0.998105	-0.406955	0.913401	-0.009333	-0.911518	-0.406738	-0.060826
01345	8.593052	-0.131611	-5.252180	0.754585	5.577561	0.691613	-0.011113	0.013138	0.999852	-0.413830	0.910204	-0.016560	-0.910286	-0.413953	-0.004678
01346	9.139390	-0.118457	-5.043479	0.625755	5.451639	0.744450	0.035362	0.042573	0.998467	-0.419639	0.907378	-0.023827	-0.907002	-0.418153	0.049953
01347	9.462845	-0.472453	-5.348413	0.686479	5.336837	0.775850	0.080478	0.072213	0.994137	-0.426507	0.903948	-0.031135	-0.900897	-0.421501	0.103547
01348	9.438355	-0.815469	-4.789357	0.827361	5.156792	0.752817	0.123505	0.100804	0.987211	-0.434723	0.899784	-0.037490	-0.892055	-0.424533	0.154950
01349	9.349912	-0.909189	-3.716305	0.907751	4.936811	0.681856	0.164374	0.128132	0.978041	-0.443942	0.895040	-0.042647	-0.880850	-0.427183	0.204005
01350	9.397947	-1.107781	-3.278416	0.944841	4.630591	0.593932	0.202240	0.153245	0.967272	-0.453321	0.890147	-0.046245	-0.868101	-0.429132	0.249493
01351	9.139168	-1.376843	-3.105605	1.155177	4.211214	0.401340	0.236725	0.175125	0.955663	-0.464316	0.884419	-0.047055	-0.853447	-0.432591	0.290677
01352	8.985154	-1.167656	-2.940138	1.455148	3.774697	0.155424	0.267933	0.192919	0.943925	-0.477033	0.877784	-0.043996	-0.837049	-0.438495	0.327216
01353	8.413849	-0.664599	-2.071167	1.788445	3.323123	-0.022379	0.295614	0.207606	0.932476	-0.491932	0.869817	-0.037704	-0.818911	-0.447569	0.359258
01354	7.565785	-0.006171	0.219116	1.832177	2.781280	-0.162827	0.318989	0.218768	0.922164	-0.506295	0.861861	-0.029328	-0.801194	-0.457532	0.385685
01355	6.140707	0.077847	1.908919	1.802853	2.062270	-0.218707	0.336514	0.226584	0.914012	-0.520011	0.853920	-0.020233	-0.785077	-0.468488	0.405183
01356	4.960127	1.622630	4.004487	1.988888	1.354349	-0.279713	0.348550	0.230631	0.908472	-0.534536	0.845093	-0.009458	-0.769924	-0.482315	0.417838
01357	4.140851	4.413821	5.159618	1.721901	0.568735	-0.308721	0.354613	0.230955	0.906040	-0.546734	0.837306	0.000551	-0.758506	-0.495558	0.423191
01358	3.908741	6.642525	4.011051	0.863085	-0.457352	-0.244659	0.352527	0.226611	0.907949	-0.552419	0.833541	0.006447	-0.755353	-0.503842	0.419030
01359	4.483409	6.742898	2.234142	-0.185848	-1.378910	-0.172662	0.343088	0.218320	0.913579	-0.550507	0.834799	0.007246	-0.761073	-0.505418	0.406596
01360	5.750640	6.253627	-0.283989	-1.111318	-2.093525	-0.164641	0.327947	0.206395	0.921874	-0.541443	0.840726	0.004386	-0.774139	-0.500580	0.387465
01361	10.396290	5.921447	-2.318560	-1.644643	-2.471846	-0.204033	0.309779	0.192456	0.931127	-0.527980	0.849257	0.000121	-0.790743	-0.491654	0.364694
01362	20.629755	4.817432	2.702033	-2.070988	-1.841119	-0.243094	0.296362	0.181441	0.937682	-0.510718	0.859734	-0.004942	-0.807054	-0.477426	0.347458
01363	28.557386	-4.035413	6.718106	-3.630068	-0.870589	0.373269	0.287484	0.180633	0.940598	-0.482143	0.875845	-0.020836	-0.827582	-0.447513	0.338882
01364	22.081822	-9.955245	-0.369236	-2.887466	-0.207808	-0.226790	0.286845	0.177710	0.941350	-0.457412	0.888801	-0.028409	-0.841721	-0.422436	0.336235
01365	7.236973	-4.712069	8.309166	-1.019017	-0.057891	-0.755237	0.289840	0.170739	0.941722	-0.446667	0.894360	-0.024678	-0.846452	-0.413484	0.335484
01366	2.582610	-4.493399	2.519704	-1.617006	-1.250469	-0.671426	0.282164	0.159597	0.945998	-0.430997	0.902044	-0.023628	-0.857103	-0.401055	0.323310
01367	3.662978	-2.948100	0.807990	0.187926	-1.382778	-0.728114	0.273493	0.147508	0.950496	-0.430663	0.902369	-0.016122	-0.860076	-0.404934	0.310318
01368	7.771390	2.977544	0.177010	-0.186594	-1.725570	-0.865575	0.262345	0.132677	0.955810	-0.426759	0.904327	-0.008396	-0.865478	-0.405697	0.293867
01369	12.222182	2.986749	-1.572450	-1.342892	-1.966002	-0.456439	0.247208	0.120699	0.961415	-0.413973	0.910255	-0.007832	-0.876079	-0.396064	0.274989
01370	11.531376	1.374678	-1.253965	-1.963063	-2.021421	-0.331705	0.230741	0.109799	0.966800	-0.395883	0.918249	-0.009802	-0.888839	-0.380478	0.255345
01371	10.711880	2.085420	-1.133068	-2.336135	-1.970298	-0.371652	0.214589	0.099072	0.971667	-0.374177	0.927281	-0.011910	-0.902188	-0.361020	0.236055
01372	11.223661	2.880061	-1.075168	-2.271559	-1.945170	-0.462778	0.198630	0.087906	0.976124	-0.352615	0.935685	-0.012511	-0.914444	-0.341711	0.216852
01373	10.902720	2.727039	-0.617434	-2.248791	-1.906295	-0.590771	0.183168	0.076000	0.980140	-0.330814	0.943628	-0.011346	-0.925749	-0.322165	0.197984
01374	9.921681	1.662466	-1.644937	-2.072912	-1.890649	-0.681592	0.167783	0.063604	0.983770	-0.310353	0.950583	-0.008528	-0.935698	-0.303885	0.179231
01375	9.026994	-1.140031	-2.264610	-1.820814	-1.860549	-0.625431	0.152234	0.052084	0.986971	-0.292231	0.956332	-0.005392	-0.944153	-0.287603	0.160807
01376	8.913036	-4.683125	-3.702700	-0.608746	-1.729611	-0.619982	0.137685	0.041195	0.989619	-0.285604	0.958348	-0.000157	-0.948406	-0.282617	0.143716
01377	8.733213	-5.108443	-3.376768	1.235881	-1.450138	-0.715666	0.126070	0.030118	0.991564	-0.296379	0.955031	0.008674	-0.946713	-0.294973	0.129328
01378	8.868857	-3.694041	-3.209431	2.494017	-1.380150	-0.591607	0.114894	0.020231	0.993172	-0.319236	0.947511	0.017630	-0.940685	-0.319082	0.115321
01379	9.265302	-2.835156	-3.017840	3.278026	-1.323545	-0.437550	0.104003	0.011662	0.994509	-0.349475	0.936597	0.025564	-0.931156	-0.350215	0.101484
01380	9.216825	-0.694786	-3.007423	4.006942	-1.325500	-0.400425	0.093249	0.003030	0.995638	-0.386159	0.921829	0.033361	-0.917707	-0.387585	0.087130
01381	9.493053	4.206971	-0.927493	3.865652	-1.303112	-0.420816	0.083109	-0.006110	0.996522	-0.421028	0.906136	0.040669	-0.903232	-0.422943	0.072736
01382	10.285596	7.346205	0.047896	2.634566	-1.393640	-0.238780	0.071656	-0.014337	0.997326	-0.444536	0.894640	0.044800	-0.892890	-0.446558	0.057733
01383	11.180745	7.524766	-0.740112	1.215866	-1.370328	-0.217418	0.060460	-0.022518	0.997917	-0.455221	0.889103	0.047643	-0.888324	-0.457153	0.043504
01384	11.055040	6.905834	-0.660606	-0.036622	-1.206287	-0.187076	0.050621	-0.029709	0.998276	-0.454823	0.889204	0.049527	-0.889142	-0.456546	0.031500
