// General information: 
//  MT Manager version: 2022.2.0 
//  XDA version: 2022.2.0 build 7381 rev 124627 built on 2023-07-19
// Device information: 
//  DeviceId: 00B4CB9F
//  ProductCode: MTW2-3A7G6
//  Firmware Version: 4.6.0
//  Hardware Version: 2.0.0
// Device settings: 
//  Filter Profile: human(46.1)
//  Option Flags: Orientation Smoother Disabled, Position/Velocity Smoother Disabled, Continuous Zero Rotation Update Disabled, AHS Disabled, ICC Disabled
// Coordinate system: ENU
PacketCounter	Acc_X	Acc_Y	Acc_Z	Gyr_X	Gyr_Y	Gyr_Z	Mat[1][1]	Mat[2][1]	Mat[3][1]	Mat[1][2]	Mat[2][2]	Mat[3][2]	Mat[1][3]	Mat[2][3]	Mat[3][3]
10621	9.697379	-0.537535	-1.485192	0.007428	0.013471	-0.008780	-0.161320	-0.017752	0.986743	-0.422662	0.904747	-0.052823	-0.891814	-0.425580	-0.153457
10622	9.670995	-0.567487	-1.495355	0.005220	0.014344	-0.009495	-0.161213	-0.017770	0.986760	-0.422728	0.904719	-0.052771	-0.891802	-0.425638	-0.153364
10623	9.670988	-0.545633	-1.549970	0.018065	0.011160	-0.007443	-0.161121	-0.017771	0.986775	-0.422984	0.904599	-0.052774	-0.891698	-0.425893	-0.153267
10624	9.635662	-0.549227	-1.507597	0.019686	0.010127	-0.008816	-0.161055	-0.017800	0.986785	-0.423178	0.904510	-0.052752	-0.891617	-0.426082	-0.153208
10625	9.658053	-0.545320	-1.516148	0.018659	0.004817	-0.002816	-0.161038	-0.017816	0.986787	-0.423469	0.904372	-0.052780	-0.891482	-0.426374	-0.153182
10626	9.684786	-0.514277	-1.504042	0.005043	0.005622	-0.006807	-0.161020	-0.017846	0.986790	-0.423530	0.904345	-0.052754	-0.891457	-0.426429	-0.153176
10627	9.671822	-0.565192	-1.490863	0.001213	0.007528	-0.006150	-0.160948	-0.017759	0.986803	-0.423448	0.904381	-0.052789	-0.891509	-0.426356	-0.153078
10628	9.671955	-0.564521	-1.490258	-0.001568	0.004994	-0.007683	-0.160931	-0.017800	0.986805	-0.423451	0.904382	-0.052745	-0.891510	-0.426352	-0.153081
10629	9.685624	-0.584532	-1.465552	-0.000995	0.008402	-0.006866	-0.160831	-0.017840	0.986821	-0.423624	0.904304	-0.052694	-0.891446	-0.426516	-0.152998
10630	9.694706	-0.580629	-1.442462	-0.007597	0.004523	-0.006473	-0.160824	-0.017872	0.986821	-0.423571	0.904331	-0.052652	-0.891472	-0.426457	-0.153008
10631	9.681504	-0.580443	-1.410186	-0.005005	0.004838	-0.004789	-0.160789	-0.017837	0.986828	-0.423496	0.904366	-0.052656	-0.891514	-0.426384	-0.152966
10632	9.703863	-0.576168	-1.419055	-0.011429	0.006428	-0.005817	-0.160768	-0.017855	0.986831	-0.423408	0.904410	-0.052615	-0.891560	-0.426291	-0.152960
10633	9.672603	-0.561017	-1.487373	-0.009430	0.009834	-0.007490	-0.160730	-0.017820	0.986838	-0.423321	0.904451	-0.052615	-0.891608	-0.426206	-0.152916
10634	9.672987	-0.611246	-1.506040	-0.001570	0.004994	-0.007683	-0.160713	-0.017861	0.986840	-0.423324	0.904452	-0.052571	-0.891610	-0.426202	-0.152918
10635	9.699728	-0.579897	-1.493823	0.007820	0.008159	-0.005270	-0.160720	-0.017794	0.986840	-0.423418	0.904403	-0.052651	-0.891564	-0.426308	-0.152890
10636	9.632689	-0.518216	-1.501386	0.005997	0.010220	-0.005017	-0.160668	-0.017789	0.986848	-0.423484	0.904372	-0.052645	-0.891542	-0.426373	-0.152837
10637	9.695456	-0.554928	-1.493734	0.004073	0.004276	-0.009860	-0.160639	-0.017766	0.986853	-0.423455	0.904386	-0.052648	-0.891561	-0.426346	-0.152803
10638	9.659749	-0.507267	-1.432716	-0.000989	0.005151	-0.005595	-0.160631	-0.017787	0.986854	-0.423460	0.904385	-0.052626	-0.891560	-0.426347	-0.152804
10639	9.691282	-0.550929	-1.438481	-0.009027	0.004522	-0.003984	-0.160611	-0.017796	0.986857	-0.423500	0.904367	-0.052616	-0.891545	-0.426385	-0.152788
10640	9.700109	-0.526117	-1.471385	-0.006248	0.007056	-0.002449	-0.160598	-0.017780	0.986860	-0.423453	0.904389	-0.052617	-0.891569	-0.426339	-0.152772
10641	9.678006	-0.529307	-1.461216	-0.020723	0.011263	-0.003137	-0.160551	-0.017747	0.986868	-0.423325	0.904449	-0.052605	-0.891639	-0.426211	-0.152723
10642	9.696120	-0.552096	-1.490468	-0.020924	0.012293	-0.004256	-0.160484	-0.017725	0.986879	-0.423150	0.904534	-0.052566	-0.891734	-0.426034	-0.152663
10643	9.678418	-0.527917	-1.458986	-0.018730	0.014669	-0.004808	-0.160418	-0.017687	0.986891	-0.423051	0.904580	-0.052555	-0.891792	-0.425936	-0.152594
10644	9.634214	-0.564328	-1.514423	-0.024950	0.011975	-0.003451	-0.160358	-0.017659	0.986901	-0.422839	0.904682	-0.052517	-0.891904	-0.425722	-0.152540
10645	9.696832	-0.579850	-1.562536	-0.010472	0.007770	-0.002761	-0.160490	-0.017563	0.986881	-0.422824	0.904680	-0.052661	-0.891887	-0.425729	-0.152618
10646	9.665964	-0.607584	-1.519113	-0.018131	0.008325	-0.000183	-0.160476	-0.017521	0.986884	-0.422668	0.904753	-0.052666	-0.891964	-0.425576	-0.152597
10647	9.661652	-0.604623	-1.464138	-0.012286	0.006581	-0.001240	-0.160453	-0.017489	0.986889	-0.422604	0.904782	-0.052675	-0.891998	-0.425515	-0.152566
10648	9.692939	-0.597487	-1.450320	-0.016123	0.008483	-0.000585	-0.160436	-0.017450	0.986892	-0.422466	0.904846	-0.052680	-0.892066	-0.425380	-0.152542
10649	9.675145	-0.573663	-1.419171	-0.012499	0.010861	-0.003625	-0.160386	-0.017412	0.986901	-0.422432	0.904862	-0.052687	-0.892091	-0.425349	-0.152483
10650	9.724168	-0.538745	-1.415730	-0.015953	0.013950	-0.002000	-0.160315	-0.017363	0.986913	-0.422298	0.904925	-0.052678	-0.892168	-0.425217	-0.152405
10651	9.719961	-0.535540	-1.359895	-0.022398	0.018786	-0.004297	-0.160114	-0.017290	0.986947	-0.422196	0.904975	-0.052639	-0.892252	-0.425113	-0.152199
10652	9.724919	-0.558710	-1.356104	-0.019465	0.030038	-0.005437	-0.159884	-0.017204	0.986986	-0.422036	0.905052	-0.052591	-0.892369	-0.424952	-0.151964
10653	9.729842	-0.560710	-1.407554	-0.032403	0.032487	0.000283	-0.159619	-0.017053	0.987031	-0.421893	0.905119	-0.052589	-0.892484	-0.424816	-0.151669
10654	9.681410	-0.573213	-1.462684	-0.030996	0.035736	-0.003470	-0.159346	-0.016924	0.987078	-0.421627	0.905246	-0.052543	-0.892659	-0.424551	-0.151383
10655	9.682009	-0.593677	-1.403729	-0.025918	0.031618	-0.006465	-0.159064	-0.016785	0.987126	-0.421307	0.905397	-0.052494	-0.892860	-0.424233	-0.151088
10656	9.629051	-0.603256	-1.404905	-0.019873	0.028844	-0.006402	-0.158841	-0.016712	0.987163	-0.421145	0.905476	-0.052436	-0.892976	-0.424068	-0.150865
10657	9.656329	-0.601296	-1.465813	-0.013260	0.029476	-0.005512	-0.158598	-0.016548	0.987205	-0.421009	0.905538	-0.052458	-0.893083	-0.423942	-0.150583
10658	9.639035	-0.606705	-1.508476	-0.002501	0.021403	-0.009415	-0.158428	-0.016534	0.987232	-0.421007	0.905543	-0.052396	-0.893115	-0.423933	-0.150424
10659	9.662054	-0.653175	-1.535184	0.008339	0.021325	-0.008205	-0.158245	-0.016455	0.987263	-0.421065	0.905515	-0.052399	-0.893119	-0.423994	-0.150222
10660	9.657399	-0.599113	-1.459649	0.006173	0.012447	-0.005133	-0.158173	-0.016440	0.987275	-0.421134	0.905484	-0.052392	-0.893100	-0.424062	-0.150147
10661	9.661848	-0.571616	-1.437387	-0.002077	0.012839	-0.004654	-0.158094	-0.016378	0.987288	-0.421151	0.905475	-0.052418	-0.893106	-0.424085	-0.150048
10662	9.701999	-0.539872	-1.456296	-0.011943	0.011008	-0.001542	-0.158050	-0.016337	0.987296	-0.421052	0.905520	-0.052420	-0.893160	-0.423988	-0.149996
10663	9.701799	-0.509871	-1.379873	-0.020394	0.012431	-0.002181	-0.157929	-0.016278	0.987316	-0.420915	0.905586	-0.052398	-0.893246	-0.423851	-0.149870
10664	9.697385	-0.485261	-1.380247	-0.031440	0.013537	-0.004511	-0.157850	-0.016253	0.987329	-0.420646	0.905714	-0.052342	-0.893387	-0.423579	-0.149803
10665	9.711031	-0.483733	-1.411031	-0.029995	0.010291	-0.005736	-0.157804	-0.016258	0.987337	-0.420540	0.905765	-0.052299	-0.893445	-0.423468	-0.149771
10666	9.693571	-0.488933	-1.455103	-0.019748	0.013310	-0.007872	-0.157712	-0.016265	0.987351	-0.420382	0.905843	-0.052227	-0.893536	-0.423301	-0.149700
10667	9.658438	-0.543248	-1.432528	-0.021566	0.012117	-0.006357	-0.157565	-0.016207	0.987376	-0.420161	0.905948	-0.052179	-0.893666	-0.423078	-0.149556
10668	9.663658	-0.595799	-1.505626	-0.015691	0.007130	-0.006146	-0.157536	-0.016224	0.987380	-0.420035	0.906009	-0.052130	-0.893730	-0.422947	-0.149544
10669	9.650328	-0.595806	-1.473200	-0.010504	0.007760	-0.002764	-0.157511	-0.016202	0.987384	-0.420106	0.905975	-0.052151	-0.893701	-0.423021	-0.149508
10670	9.654623	-0.568325	-1.451710	-0.011248	0.002137	-0.003449	-0.157538	-0.016215	0.987380	-0.420017	0.906018	-0.052135	-0.893738	-0.422929	-0.149543
10671	9.645890	-0.570808	-1.473929	-0.013480	0.006258	-0.005427	-0.157489	-0.016201	0.987388	-0.419964	0.906043	-0.052118	-0.893771	-0.422876	-0.149496
10672	9.685476	-0.509497	-1.418125	-0.008456	0.001420	-0.000641	-0.157534	-0.016192	0.987381	-0.419895	0.906074	-0.052135	-0.893796	-0.422810	-0.149537
10673	9.694740	-0.557226	-1.415048	-0.010091	0.002445	0.000730	-0.157559	-0.016091	0.987379	-0.419754	0.906135	-0.052214	-0.893858	-0.422683	-0.149524
10674	9.685524	-0.509352	-1.417850	-0.009892	0.001412	0.001846	-0.157614	-0.016059	0.987370	-0.419668	0.906172	-0.052253	-0.893888	-0.422604	-0.149565
10675	9.743544	-0.544105	-1.356255	-0.012505	0.004347	-0.001104	-0.157556	-0.016090	0.987379	-0.419735	0.906144	-0.052211	-0.893867	-0.422664	-0.149522
10676	9.766327	-0.591075	-1.384700	-0.012126	0.005533	-0.000131	-0.157566	-0.016059	0.987378	-0.419633	0.906190	-0.052227	-0.893913	-0.422566	-0.149524
10677	9.686072	-0.602773	-1.324583	-0.013779	0.009808	-0.000019	-0.157587	-0.016063	0.987374	-0.419759	0.906130	-0.052253	-0.893850	-0.422694	-0.149537
10678	9.717798	-0.625120	-1.385754	-0.011965	0.011001	-0.001533	-0.157543	-0.016022	0.987382	-0.419661	0.906175	-0.052255	-0.893904	-0.422598	-0.149485
10679	9.669214	-0.637961	-1.443274	-0.004942	0.009574	0.001595	-0.157536	-0.015935	0.987385	-0.419605	0.906198	-0.052323	-0.893932	-0.422554	-0.149445
10680	9.655937	-0.617053	-1.466321	0.006570	0.010389	-0.002879	-0.157491	-0.015908	0.987392	-0.419674	0.906165	-0.052340	-0.893907	-0.422626	-0.149389
10681	9.664893	-0.613904	-1.442799	0.008983	0.008486	-0.001044	-0.157472	-0.015918	0.987395	-0.419936	0.906042	-0.052366	-0.893788	-0.422889	-0.149360
10682	9.669266	-0.565410	-1.476710	0.010816	0.006429	-0.001299	-0.157469	-0.015893	0.987396	-0.420041	0.905991	-0.052405	-0.893739	-0.422999	-0.149341
10683	9.673569	-0.538528	-1.454784	0.015605	0.009123	-0.000147	-0.157436	-0.015806	0.987403	-0.420173	0.905924	-0.052493	-0.893682	-0.423145	-0.149267
10684	9.709476	-0.534402	-1.494941	0.017637	0.006034	0.000715	-0.157446	-0.015765	0.987402	-0.420336	0.905845	-0.052561	-0.893604	-0.423317	-0.149248
10685	9.656237	-0.523699	-1.554319	0.018891	0.003823	-0.001628	-0.157368	-0.015734	0.987415	-0.420557	0.905741	-0.052593	-0.893514	-0.423540	-0.149151
10686	9.642631	-0.546154	-1.466766	0.014917	-0.006250	0.002946	-0.157496	-0.015725	0.987394	-0.420692	0.905673	-0.052680	-0.893428	-0.423686	-0.149255
10687	9.660259	-0.518999	-1.477625	0.003551	0.001656	0.004755	-0.157487	-0.015608	0.987398	-0.420686	0.905670	-0.052782	-0.893432	-0.423696	-0.149197
10688	9.686648	-0.509938	-1.409934	-0.004408	-0.001508	-0.000179	-0.157560	-0.015607	0.987386	-0.420653	0.905683	-0.052809	-0.893435	-0.423668	-0.149264
10689	9.708846	-0.527639	-1.363485	-0.018330	-0.000417	0.002458	-0.157634	-0.015549	0.987375	-0.420498	0.905752	-0.052868	-0.893495	-0.423523	-0.149316
10690	9.735777	-0.547614	-1.371202	-0.025173	0.003227	-0.000816	-0.157662	-0.015534	0.987371	-0.420281	0.905853	-0.052858	-0.893592	-0.423307	-0.149347
10691	9.726972	-0.571923	-1.337505	-0.023856	0.009001	0.001961	-0.157548	-0.015444	0.987391	-0.420162	0.905907	-0.052872	-0.893668	-0.423194	-0.149212
10692	9.709500	-0.577879	-1.381835	-0.022043	0.010194	0.000448	-0.157518	-0.015387	0.987396	-0.419971	0.905996	-0.052879	-0.893763	-0.423007	-0.149173
10693	9.718878	-0.625611	-1.377938	-0.013026	0.012178	0.001923	-0.157516	-0.015256	0.987399	-0.419882	0.906031	-0.052983	-0.893805	-0.422936	-0.149120
10694	9.709838	-0.577587	-1.379581	-0.011609	0.015436	-0.001821	-0.157430	-0.015198	0.987413	-0.419788	0.906075	-0.052983	-0.893865	-0.422845	-0.149023
10695	9.683541	-0.608210	-1.390273	-0.010814	0.011306	0.002643	-0.157435	-0.015036	0.987415	-0.419648	0.906132	-0.053111	-0.893929	-0.422728	-0.148967
10696	9.657187	-0.639091	-1.401277	-0.002733	0.008702	0.002314	-0.157427	-0.014969	0.987417	-0.419626	0.906139	-0.053165	-0.893941	-0.422716	-0.148932
10697	9.697277	-0.607746	-1.420450	0.004391	0.004759	-0.001077	-0.157404	-0.014934	0.987421	-0.419713	0.906096	-0.053202	-0.893904	-0.422808	-0.148891
10698	9.706118	-0.604836	-1.397424	0.013430	0.003493	0.001659	-0.157439	-0.014894	0.987416	-0.419837	0.906034	-0.053274	-0.893840	-0.422942	-0.148899
10699	9.652803	-0.615508	-1.400989	0.014648	0.007783	-0.003201	-0.157404	-0.014852	0.987423	-0.420039	0.905938	-0.053332	-0.893751	-0.423151	-0.148836
10700	9.692895	-0.584210	-1.420165	0.017458	0.003815	0.000867	-0.157433	-0.014818	0.987418	-0.420200	0.905859	-0.053402	-0.893670	-0.423321	-0.148839
10701	9.719458	-0.553677	-1.407552	0.019254	0.008258	-0.001904	-0.157387	-0.014771	0.987426	-0.420393	0.905766	-0.053458	-0.893588	-0.423521	-0.148766
10702	9.670355	-0.537269	-1.389734	0.013008	0.008806	-0.001832	-0.157361	-0.014741	0.987431	-0.420519	0.905705	-0.053495	-0.893533	-0.423652	-0.148721
10703	9.679841	-0.563548	-1.441839	0.004190	0.005790	-0.002194	-0.157329	-0.014686	0.987437	-0.420525	0.905700	-0.053532	-0.893536	-0.423665	-0.148668
10704	9.662384	-0.569724	-1.486361	0.001116	0.006807	0.001661	-0.157334	-0.014633	0.987437	-0.420540	0.905690	-0.053586	-0.893528	-0.423687	-0.148650
10705	9.675863	-0.590748	-1.461649	0.001115	0.006807	0.001661	-0.157373	-0.014552	0.987432	-0.420639	0.905638	-0.053693	-0.893474	-0.423802	-0.148644
10706	9.644867	-0.597747	-1.474393	-0.000900	0.006646	0.002057	-0.157382	-0.014496	0.987431	-0.420635	0.905637	-0.053748	-0.893475	-0.423807	-0.148628
10707	9.640317	-0.573959	-1.475397	-0.001458	0.003242	0.001226	-0.157376	-0.014457	0.987433	-0.420645	0.905630	-0.053783	-0.893471	-0.423822	-0.148605
10708	9.698299	-0.587455	-1.469831	-0.002175	-0.005628	0.001798	-0.157493	-0.014455	0.987414	-0.420629	0.905634	-0.053833	-0.893458	-0.423814	-0.148711
10709	9.698711	-0.638359	-1.489748	-0.000577	-0.000154	-0.002090	-0.157551	-0.014442	0.987405	-0.420669	0.905613	-0.053876	-0.893429	-0.423859	-0.148756
10710	9.662837	-0.642584	-1.449027	0.009338	-0.004815	-0.002667	-0.157643	-0.014477	0.987390	-0.420764	0.905568	-0.053900	-0.893368	-0.423955	-0.148848
10711	9.689714	-0.662956	-1.456972	0.015278	-0.001814	0.002668	-0.157723	-0.014414	0.987378	-0.420918	0.905489	-0.054019	-0.893281	-0.424125	-0.148883
10712	9.693975	-0.614768	-1.491883	0.022201	-0.004728	-0.001836	-0.157816	-0.014441	0.987363	-0.421127	0.905389	-0.054069	-0.893166	-0.424338	-0.148967
10713	9.689135	-0.612631	-1.437931	0.020960	-0.005767	0.001767	-0.158008	-0.014362	0.987333	-0.421253	0.905319	-0.054246	-0.893073	-0.424489	-0.149098
10714	9.698017	-0.588583	-1.471240	0.019860	0.001910	0.002706	-0.158062	-0.014320	0.987325	-0.421433	0.905230	-0.054339	-0.892978	-0.424681	-0.149118
10715	9.671134	-0.569030	-1.463023	0.020794	0.006499	0.004508	-0.158007	-0.014201	0.987336	-0.421590	0.905150	-0.054450	-0.892914	-0.424854	-0.149007
10716	9.675355	-0.542695	-1.441292	0.016386	0.004992	0.004327	-0.158041	-0.014130	0.987332	-0.421736	0.905076	-0.054553	-0.892839	-0.425015	-0.148998
10717	9.692992	-0.536868	-1.395371	0.009350	0.009667	-0.000070	-0.157968	-0.014023	0.987345	-0.421852	0.905017	-0.054639	-0.892797	-0.425145	-0.148879
10718	9.675408	-0.564801	-1.383735	0.010124	0.008790	0.003137	-0.157962	-0.013947	0.987347	-0.421945	0.904969	-0.054722	-0.892755	-0.425250	-0.148835
10719	9.724799	-0.581401	-1.399476	0.010766	0.012920	-0.003817	-0.157949	-0.013859	0.987350	-0.422033	0.904922	-0.054811	-0.892715	-0.425351	-0.148780
10720	9.671627	-0.591689	-1.402259	0.004704	0.015687	-0.003892	-0.157852	-0.013818	0.987366	-0.422088	0.904896	-0.054816	-0.892706	-0.425408	-0.148672
10721	9.698811	-0.611584	-1.408279	0.002868	0.017744	-0.003641	-0.157750	-0.013774	0.987383	-0.422299	0.904796	-0.054847	-0.892625	-0.425623	-0.148549
10722	9.712662	-0.610914	-1.438073	0.008601	0.021778	0.000577	-0.157618	-0.013666	0.987406	-0.422382	0.904754	-0.054902	-0.892609	-0.425716	-0.148378
10723	9.708371	-0.587079	-1.437394	-0.001867	0.023038	0.000317	-0.157479	-0.013573	0.987429	-0.422485	0.904703	-0.054943	-0.892585	-0.425826	-0.148206
10724	9.686392	-0.590861	-1.425884	-0.007355	0.025959	0.002330	-0.157316	-0.013432	0.987457	-0.422423	0.904729	-0.054992	-0.892642	-0.425775	-0.148003
10725	9.709552	-0.638329	-1.452075	-0.002756	0.026434	0.003632	-0.157180	-0.013199	0.987482	-0.422318	0.904770	-0.055128	-0.892716	-0.425696	-0.147786
10726	9.691696	-0.615068	-1.419512	-0.006477	0.022560	-0.000983	-0.157034	-0.013102	0.987506	-0.422269	0.904792	-0.055145	-0.892765	-0.425653	-0.147616
10727	9.668973	-0.589064	-1.332584	-0.016017	0.028408	0.000555	-0.156802	-0.012947	0.987545	-0.422247	0.904800	-0.055182	-0.892816	-0.425640	-0.147342
10728	9.714485	-0.632415	-1.367922	-0.008319	0.024614	-0.000732	-0.156639	-0.012839	0.987572	-0.422181	0.904829	-0.055199	-0.892876	-0.425581	-0.147152
10729	9.714667	-0.559796	-1.401563	0.002102	0.029849	-0.002986	-0.156478	-0.012700	0.987600	-0.422251	0.904793	-0.055268	-0.892871	-0.425663	-0.146943
10730	9.715986	-0.588992	-1.473654	0.004443	0.037689	-0.004927	-0.156180	-0.012574	0.987649	-0.422306	0.904767	-0.055262	-0.892897	-0.425721	-0.146617
10731	9.698830	-0.616432	-1.459286	0.009612	0.038317	-0.001531	-0.155927	-0.012381	0.987691	-0.422485	0.904678	-0.055357	-0.892857	-0.425916	-0.146295
10732	9.695000	-0.665097	-1.420375	0.001383	0.046689	0.004039	-0.155587	-0.012136	0.987748	-0.422498	0.904667	-0.055436	-0.892910	-0.425947	-0.145882
10733	9.676863	-0.591105	-1.365909	0.001151	0.050964	0.001661	-0.155207	-0.011856	0.987811	-0.422533	0.904645	-0.055531	-0.892959	-0.426001	-0.145417
10734	9.654296	-0.565704	-1.275933	-0.002514	0.063055	0.007275	-0.154735	-0.011512	0.987889	-0.422507	0.904650	-0.055636	-0.893054	-0.425999	-0.144844
10735	9.663736	-0.562857	-1.247212	-0.010686	0.064165	-0.000059	-0.154269	-0.011161	0.987966	-0.422388	0.904700	-0.055734	-0.893191	-0.425903	-0.144281
10736	9.687962	-0.589016	-1.325274	0.004408	0.068111	0.007917	-0.153754	-0.010789	0.988050	-0.422423	0.904676	-0.055856	-0.893263	-0.425963	-0.143655
10737	9.573904	-0.664870	-1.370891	-0.008210	0.049271	0.006827	-0.153470	-0.010424	0.988098	-0.422345	0.904700	-0.056054	-0.893348	-0.425921	-0.143247
10738	9.609988	-0.610005	-1.388167	-0.010370	0.032420	0.004762	-0.153261	-0.010233	0.988133	-0.422253	0.904739	-0.056123	-0.893428	-0.425844	-0.142982
10739	9.606935	-0.543409	-1.498493	-0.007260	0.028154	0.002179	-0.153003	-0.010041	0.988175	-0.422183	0.904768	-0.056174	-0.893505	-0.425786	-0.142671
10740	9.606766	-0.492441	-1.476255	-0.005817	0.028158	-0.000301	-0.152810	-0.009914	0.988206	-0.422139	0.904787	-0.056200	-0.893559	-0.425748	-0.142445
10741	9.593242	-0.493292	-1.442814	0.002394	0.009324	0.005706	-0.152849	-0.009816	0.988201	-0.422263	0.904722	-0.056326	-0.893494	-0.425890	-0.142431
10742	9.647270	-0.534051	-1.457143	0.000543	0.003400	0.000832	-0.152882	-0.009783	0.988196	-0.422274	0.904714	-0.056372	-0.893483	-0.425908	-0.142446
10743	9.588618	-0.542467	-1.407970	-0.013636	-0.012918	0.008730	-0.153141	-0.009741	0.988156	-0.422248	0.904717	-0.056520	-0.893451	-0.425902	-0.142662
10744	9.646239	-0.556162	-1.404005	-0.029212	-0.030003	0.003686	-0.153484	-0.009824	0.988102	-0.421989	0.904835	-0.056552	-0.893514	-0.425648	-0.143024
10745	9.689302	-0.519344	-1.350450	-0.031882	-0.045520	0.007163	-0.154008	-0.009934	0.988020	-0.421806	0.904915	-0.056651	-0.893511	-0.425477	-0.143554
10746	9.741937	-0.581530	-1.314941	-0.021018	-0.060072	0.005825	-0.154629	-0.010126	0.987921	-0.421617	0.904998	-0.056715	-0.893492	-0.425294	-0.144209
10747	9.781760	-0.601458	-1.360403	0.001010	-0.067024	0.004203	-0.155336	-0.010372	0.987807	-0.421737	0.904936	-0.056817	-0.893313	-0.425420	-0.144943
10748	9.736610	-0.660461	-1.368387	0.030372	-0.067728	0.004186	-0.156019	-0.010612	0.987697	-0.422010	0.904801	-0.056940	-0.893066	-0.425702	-0.145644
10749	9.703236	-0.660055	-1.257239	0.040070	-0.071367	0.002520	-0.156739	-0.010866	0.987580	-0.422436	0.904593	-0.057092	-0.892738	-0.426138	-0.146375
10750	9.719743	-0.655143	-1.217976	0.082648	-0.059583	0.008178	-0.157366	-0.011035	0.987479	-0.423169	0.904235	-0.057332	-0.892280	-0.426893	-0.146966
10751	9.709532	-0.702971	-1.134058	0.105714	-0.059752	0.008197	-0.157931	-0.011223	0.987386	-0.424300	0.903688	-0.057595	-0.891643	-0.428044	-0.147482
10752	9.716215	-0.621408	-1.021934	0.120914	-0.064844	0.012165	-0.158621	-0.011380	0.987274	-0.425367	0.903165	-0.057931	-0.891012	-0.429143	-0.148101
10753	9.790774	-0.558436	-1.013012	0.113651	-0.065657	0.009173	-0.159352	-0.011542	0.987154	-0.426375	0.902667	-0.058274	-0.890399	-0.430184	-0.148763
10754	9.857426	-0.528083	-1.101300	0.108010	-0.046518	0.004849	-0.159847	-0.011688	0.987073	-0.427338	0.902196	-0.058520	-0.889849	-0.431168	-0.149208
10755	9.839998	-0.494088	-1.261314	0.112715	-0.026112	0.007297	-0.160180	-0.011704	0.987018	-0.428400	0.901672	-0.058832	-0.889278	-0.432262	-0.149444
10756	9.715209	-0.451341	-1.353162	0.099983	-0.017493	0.003768	-0.160412	-0.011736	0.986980	-0.429291	0.901233	-0.059056	-0.888807	-0.433175	-0.149607
10757	9.634976	-0.422450	-1.406315	0.098323	-0.001981	0.007679	-0.160483	-0.011624	0.986970	-0.430128	0.900816	-0.059331	-0.888389	-0.434046	-0.149565
10758	9.635142	-0.496823	-1.368706	0.084073	0.009197	0.013136	-0.160518	-0.011455	0.986966	-0.430863	0.900446	-0.059623	-0.888027	-0.434818	-0.149473
10759	9.604636	-0.557101	-1.399099	0.054422	0.026486	0.013495	-0.160364	-0.011173	0.986995	-0.431335	0.900202	-0.059892	-0.887825	-0.435330	-0.149179
10760	9.574125	-0.617459	-1.429406	0.032216	0.012839	0.021819	-0.160405	-0.010911	0.986991	-0.431595	0.900057	-0.060193	-0.887692	-0.435635	-0.149082
10761	9.685299	-0.551006	-1.455852	0.034801	-0.007826	0.023545	-0.160622	-0.010707	0.986958	-0.431947	0.899865	-0.060535	-0.887481	-0.436037	-0.149163
10762	9.732754	-0.530926	-1.266564	0.025877	-0.001785	0.027143	-0.160815	-0.010461	0.986929	-0.432142	0.899749	-0.060879	-0.887351	-0.436283	-0.149214
10763	9.777239	-0.526795	-1.285077	0.011834	-0.002861	0.029904	-0.160926	-0.010141	0.986914	-0.432223	0.899686	-0.061233	-0.887292	-0.436421	-0.149166
10764	9.747317	-0.597441	-1.447966	0.023688	0.013578	0.028934	-0.160990	-0.009811	0.986907	-0.432395	0.899578	-0.061592	-0.887196	-0.436649	-0.149066
10765	9.507760	-0.775421	-1.512764	0.047184	0.012002	0.023393	-0.161026	-0.009516	0.986904	-0.432828	0.899345	-0.061949	-0.886978	-0.437135	-0.148937
10766	9.383554	-0.857643	-1.584423	0.098328	-0.008780	0.026834	-0.161280	-0.009303	0.986865	-0.433666	0.898911	-0.062398	-0.886523	-0.438033	-0.149011
10767	9.333541	-0.865885	-1.512376	0.130406	-0.025820	0.028220	-0.161705	-0.009121	0.986797	-0.434805	0.898322	-0.062948	-0.885887	-0.439243	-0.149229
10768	9.442688	-0.690205	-1.373015	0.169285	-0.048236	0.041848	-0.162374	-0.008947	0.986689	-0.436245	0.897574	-0.063651	-0.885057	-0.440773	-0.149646
10769	9.565423	-0.515687	-1.266901	0.194930	-0.047685	0.052312	-0.163148	-0.008679	0.986564	-0.437985	0.896663	-0.064542	-0.884054	-0.442630	-0.150089
10770	9.454165	-0.458133	-1.447661	0.158491	-0.016988	0.045427	-0.163557	-0.008337	0.986499	-0.439320	0.895957	-0.065265	-0.883316	-0.444063	-0.150203
10771	9.440215	-0.372630	-1.512573	0.126522	-0.055886	0.050561	-0.164310	-0.008089	0.986376	-0.440424	0.895359	-0.066023	-0.882626	-0.445271	-0.150679
10772	9.706211	-0.348118	-1.441599	0.106843	-0.059415	0.056787	-0.165144	-0.007836	0.986238	-0.441282	0.894880	-0.066782	-0.882042	-0.446238	-0.151242
10773	9.817011	-0.317645	-1.549570	0.111045	-0.056283	0.048043	-0.165904	-0.007636	0.986112	-0.442261	0.894344	-0.067480	-0.881409	-0.447314	-0.151752
10774	9.802833	-0.385413	-1.673609	0.101618	-0.081351	0.030379	-0.166815	-0.007720	0.985958	-0.443115	0.893884	-0.067972	-0.880808	-0.448231	-0.152534
10775	9.694751	-0.452450	-1.895284	0.096247	-0.098098	0.016960	-0.167880	-0.007976	0.985775	-0.443926	0.893451	-0.068372	-0.880197	-0.449089	-0.153533
10776	9.505348	-0.477132	-2.041341	0.093887	-0.141832	0.010122	-0.169233	-0.008514	0.985539	-0.444744	0.893023	-0.068655	-0.879524	-0.449931	-0.154915
10777	9.479821	-0.472201	-1.915552	0.094015	-0.174623	0.016509	-0.170882	-0.009173	0.985249	-0.445719	0.892510	-0.068996	-0.878712	-0.450934	-0.156602
10778	9.530002	-0.597230	-1.722080	0.082809	-0.200048	0.032428	-0.172844	-0.009777	0.984901	-0.446399	0.892132	-0.069484	-0.877982	-0.451669	-0.158564
10779	9.585125	-0.644620	-1.492233	0.082392	-0.217562	0.054580	-0.175122	-0.010280	0.984493	-0.447164	0.891690	-0.070231	-0.877141	-0.452529	-0.160751
10780	9.707906	-0.580770	-1.257016	0.091921	-0.243473	0.070849	-0.177634	-0.010742	0.984038	-0.447854	0.891274	-0.071115	-0.876284	-0.453338	-0.163131
10781	9.883730	-0.571391	-1.169551	0.105185	-0.242831	0.082492	-0.180173	-0.011066	0.983573	-0.448620	0.890805	-0.072157	-0.875373	-0.454251	-0.165463
10782	9.921613	-0.589939	-1.100783	0.126708	-0.229086	0.080561	-0.182599	-0.011381	0.983122	-0.449591	0.890230	-0.073199	-0.874371	-0.455369	-0.167672
10783	9.892134	-0.578779	-1.114187	0.147645	-0.209669	0.081679	-0.184865	-0.011609	0.982695	-0.450854	0.889499	-0.074306	-0.873244	-0.456789	-0.169671
10784	9.822480	-0.455909	-1.180711	0.157723	-0.183205	0.085646	-0.186910	-0.011677	0.982308	-0.452080	0.888780	-0.075455	-0.872174	-0.458185	-0.171401
10785	9.716850	-0.438602	-1.239498	0.139699	-0.177404	0.078993	-0.188845	-0.011777	0.981936	-0.453247	0.888095	-0.076516	-0.871151	-0.459510	-0.173050
10786	9.774961	-0.255723	-1.180562	0.134852	-0.178532	0.085583	-0.190847	-0.011830	0.981548	-0.454267	0.887477	-0.077629	-0.870183	-0.460701	-0.174747
10787	9.839111	-0.256636	-1.225942	0.098429	-0.148931	0.092304	-0.192536	-0.011725	0.981220	-0.455153	0.886927	-0.078712	-0.869348	-0.461760	-0.176102
10788	9.818558	-0.345889	-1.244427	0.059111	-0.121392	0.104222	-0.194126	-0.011353	0.980911	-0.455474	0.886658	-0.079877	-0.868826	-0.462286	-0.177294
10789	9.772493	-0.363333	-1.236089	0.017844	-0.117038	0.119215	-0.195771	-0.010809	0.980590	-0.455411	0.886575	-0.081149	-0.868490	-0.462458	-0.178489
10790	9.796122	-0.359478	-1.125791	-0.016317	-0.097934	0.130661	-0.197277	-0.010095	0.980296	-0.455020	0.886657	-0.082439	-0.868354	-0.462318	-0.179510
10791	9.782126	-0.442230	-1.064118	-0.023906	-0.094032	0.131992	-0.198704	-0.009299	0.980015	-0.454521	0.886791	-0.083743	-0.868290	-0.462078	-0.180435
10792	9.736492	-0.531962	-1.013837	-0.021129	-0.082419	0.137285	-0.200103	-0.008453	0.979738	-0.454072	0.886893	-0.085088	-0.868203	-0.461898	-0.181308
10793	9.694900	-0.574969	-0.999942	-0.001184	-0.089743	0.137964	-0.201587	-0.007657	0.979441	-0.453889	0.886851	-0.086485	-0.867956	-0.461991	-0.182254
10794	9.734376	-0.648917	-0.935699	0.030051	-0.096528	0.133986	-0.203093	-0.006907	0.979135	-0.453887	0.886714	-0.087891	-0.867606	-0.462266	-0.183220
10795	9.769611	-0.661951	-0.745435	0.064710	-0.097396	0.132202	-0.204559	-0.006166	0.978835	-0.454228	0.886395	-0.089342	-0.867083	-0.462889	-0.184121
10796	9.842345	-0.711810	-0.483464	0.092271	-0.082982	0.135350	-0.205953	-0.005342	0.978547	-0.454758	0.885967	-0.090875	-0.866475	-0.463718	-0.184897
10797	9.989944	-0.764044	-0.116408	0.100432	-0.050307	0.134782	-0.207163	-0.004279	0.978297	-0.455238	0.885549	-0.092527	-0.865934	-0.464526	-0.185401
10798	10.273062	-0.767499	0.268623	0.095699	0.010739	0.141748	-0.207776	-0.002966	0.978172	-0.455781	0.885101	-0.094130	-0.865502	-0.465390	-0.185254
10799	10.501909	-0.781639	0.660070	0.062464	0.111628	0.162139	-0.207601	-0.000995	0.978213	-0.456047	0.884775	-0.095884	-0.865403	-0.466017	-0.184134
10800	10.644163	-0.705514	1.138648	-0.005496	0.237601	0.180478	-0.206427	0.001717	0.978460	-0.455634	0.884792	-0.097679	-0.865902	-0.465983	-0.181863
10801	10.822287	-0.674403	1.648143	-0.087450	0.372443	0.197790	-0.204252	0.005214	0.978904	-0.454551	0.885139	-0.099559	-0.866986	-0.465297	-0.178421
10802	11.130930	-0.510991	2.335068	-0.192237	0.533686	0.204754	-0.200609	0.009515	0.979625	-0.452477	0.886008	-0.101264	-0.868919	-0.463572	-0.173436
10803	11.330481	-0.240952	3.095120	-0.345572	0.731281	0.196006	-0.195231	0.014668	0.980648	-0.449162	0.887529	-0.102696	-0.871859	-0.460519	-0.166685
10804	11.380096	-0.230134	3.818145	-0.513499	0.967720	0.177471	-0.187627	0.020688	0.982022	-0.444343	0.889841	-0.103643	-0.875988	-0.455802	-0.157766
10805	11.345440	-0.506741	4.343556	-0.624699	1.208227	0.156937	-0.177725	0.027602	0.983693	-0.438680	0.892570	-0.104302	-0.880894	-0.450063	-0.146523
10806	11.223930	-0.726853	4.881194	-0.662222	1.442595	0.151094	-0.165697	0.035410	0.985541	-0.432579	0.895472	-0.104902	-0.886239	-0.443706	-0.133059
10807	10.971989	-1.112301	5.184950	-0.648555	1.680770	0.150128	-0.151356	0.044167	0.987492	-0.426860	0.898132	-0.105596	-0.891562	-0.437503	-0.117085
10808	10.651606	-1.345511	5.342491	-0.616737	1.881661	0.167149	-0.135299	0.053853	0.989340	-0.421117	0.900718	-0.106619	-0.896858	-0.431053	-0.099188
10809	10.574725	-1.584792	4.960646	-0.589625	2.058802	0.215224	-0.117696	0.064714	0.990939	-0.415660	0.903044	-0.108343	-0.901873	-0.424645	-0.079385
10810	10.626094	-1.724662	4.674740	-0.452216	2.174935	0.277982	-0.099244	0.076414	0.992125	-0.411283	0.904745	-0.110825	-0.906089	-0.419043	-0.058363
10811	11.329484	-1.809357	3.994626	-0.417410	2.287531	0.340743	-0.079844	0.089153	0.992813	-0.407366	0.906106	-0.114128	-0.909768	-0.413551	-0.036029
10812	12.006232	-2.136285	2.835625	-0.253423	2.225205	0.399833	-0.061254	0.101944	0.992903	-0.404790	0.906755	-0.118071	-0.912356	-0.409149	-0.014277
10813	13.713022	-2.425363	1.666703	-0.111066	1.987489	0.453301	-0.044981	0.114287	0.992429	-0.403765	0.906597	-0.122703	-0.913756	-0.406228	0.005365
10814	15.526859	-1.813182	0.175034	0.012681	1.895304	0.458659	-0.029569	0.126136	0.991572	-0.403726	0.905982	-0.127288	-0.914402	-0.404088	0.024136
10815	15.634374	-1.413120	-1.090886	-0.152627	1.955865	0.387103	-0.013198	0.137646	0.990394	-0.402660	0.905889	-0.131268	-0.915255	-0.400524	0.043468
10816	15.629897	-1.705407	-1.433927	-0.270262	1.958489	0.237178	0.003726	0.147603	0.989040	-0.400191	0.906613	-0.133794	-0.916424	-0.395306	0.062447
10817	14.664439	-2.057581	-1.910608	-0.290574	2.117837	0.139280	0.022578	0.157303	0.987292	-0.397876	0.907382	-0.135473	-0.917161	-0.389761	0.083074
10818	13.523907	-2.086619	-3.001785	-0.243150	2.231827	0.104387	0.042576	0.166900	0.985054	-0.395699	0.908140	-0.136765	-0.917393	-0.383962	0.104707
10819	11.285346	-1.690510	-3.337073	-0.198922	2.168880	0.114960	0.062074	0.176371	0.982364	-0.394422	0.908480	-0.138184	-0.916831	-0.378888	0.125957
10820	10.882786	-2.338538	-2.891679	-0.212073	2.011288	0.111874	0.080008	0.184968	0.979482	-0.392579	0.909062	-0.139602	-0.916232	-0.373355	0.145347
10821	9.935448	-2.328666	-1.509085	-0.081114	2.017048	0.136027	0.097993	0.193878	0.976119	-0.392413	0.908897	-0.141132	-0.914554	-0.369212	0.165145
10822	9.888250	-1.901449	-0.557355	-0.003743	1.980670	0.161355	0.115394	0.202634	0.972432	-0.392574	0.908576	-0.142743	-0.912453	-0.365280	0.184393
10823	10.131206	-1.856577	-0.451822	-0.187909	1.887821	0.202014	0.131812	0.211488	0.968452	-0.391508	0.908655	-0.145144	-0.910685	-0.360025	0.202571
10824	10.457444	-0.768808	-0.931144	-0.420853	1.961461	0.197412	0.148836	0.220283	0.964014	-0.387980	0.909712	-0.147973	-0.909571	-0.351994	0.220863
10825	9.813955	-0.736711	-1.506432	-0.637365	1.848732	0.145301	0.165056	0.228198	0.959522	-0.382813	0.911417	-0.150907	-0.908961	-0.342410	0.237792
10826	9.559218	-0.524953	-1.553214	-0.844242	1.727319	0.063195	0.180461	0.234606	0.955193	-0.375273	0.914097	-0.153614	-0.909177	-0.330737	0.253000
10827	9.153184	-0.481706	-1.122557	-1.062236	1.709430	0.004839	0.195951	0.240380	0.950695	-0.366099	0.917324	-0.156485	-0.909712	-0.317385	0.267753
10828	8.460329	-0.891396	-0.488186	-1.231884	1.700437	-0.003661	0.211384	0.245632	0.946035	-0.354906	0.921132	-0.159865	-0.910691	-0.301960	0.281889
10829	7.923553	-0.927464	0.331906	-1.320660	1.606478	0.012314	0.225962	0.250669	0.941332	-0.343325	0.924813	-0.163856	-0.911630	-0.286157	0.295033
10830	7.352676	-1.064903	0.782822	-1.344743	1.538626	0.025280	0.239854	0.255201	0.936665	-0.331147	0.928472	-0.168171	-0.912585	-0.269837	0.307207
10831	6.349559	-1.219026	1.011398	-1.231621	1.420434	0.046235	0.252598	0.259561	0.932106	-0.320491	0.931410	-0.172515	-0.912951	-0.255155	0.318460
10832	5.709962	-1.276824	0.976393	-1.076247	1.204955	0.057979	0.263362	0.263120	0.928121	-0.310843	0.933918	-0.176559	-0.913245	-0.242001	0.327748
10833	5.279680	-1.461813	0.742353	-0.939340	0.972286	0.056498	0.272061	0.266176	0.924734	-0.302836	0.935837	-0.180276	-0.913386	-0.230997	0.335212
10834	5.265627	-1.614337	0.547512	-0.840205	0.762775	0.068568	0.278769	0.268567	0.922041	-0.295380	0.937538	-0.183776	-0.913804	-0.221121	0.340686
10835	5.480979	-1.608502	0.579639	-0.788230	0.592483	0.085964	0.283878	0.270853	0.919811	-0.288789	0.938884	-0.187342	-0.914338	-0.212449	0.344748
10836	5.768941	-1.530725	0.746226	-0.741789	0.479242	0.100317	0.287921	0.272819	0.917971	-0.282322	0.940142	-0.190858	-0.915093	-0.204212	0.347709
10837	6.002057	-1.429750	0.780134	-0.687872	0.377938	0.116371	0.291066	0.274924	0.916350	-0.276769	0.941062	-0.194427	-0.915795	-0.197026	0.350001
10838	6.326201	-1.418453	0.748381	-0.614372	0.305785	0.110767	0.293510	0.276586	0.915070	-0.271496	0.941932	-0.197622	-0.916593	-0.190434	0.351558
10839	6.405454	-1.362407	0.974815	-0.549685	0.254271	0.090848	0.295567	0.278122	0.913941	-0.267057	0.942597	-0.200477	-0.917236	-0.184820	0.352875
10840	6.522977	-1.399549	1.149804	-0.508492	0.192532	0.063129	0.297113	0.279095	0.913143	-0.262611	0.943333	-0.202875	-0.918019	-0.179525	0.353570
10841	6.426170	-1.512654	1.154335	-0.419727	0.128283	0.053458	0.298203	0.280041	0.912498	-0.259176	0.943833	-0.204959	-0.918642	-0.175378	0.354034
10842	6.221233	-1.600115	1.062875	-0.304323	0.048114	0.053085	0.298455	0.280653	0.912227	-0.256571	0.944198	-0.206546	-0.919291	-0.172406	0.353808
10843	6.213822	-1.669126	1.251188	-0.201107	-0.056252	0.050654	0.297814	0.281348	0.912222	-0.255392	0.944233	-0.207843	-0.919827	-0.171075	0.353060
10844	6.373290	-1.714622	1.616230	-0.080550	-0.104614	0.012747	0.296766	0.281318	0.912573	-0.254722	0.944320	-0.208269	-0.920351	-0.170645	0.351900
10845	6.416712	-1.975354	1.867105	0.047266	-0.136802	-0.045660	0.295600	0.280814	0.913107	-0.255248	0.944288	-0.207772	-0.920581	-0.171652	0.350808
10846	6.697472	-2.355849	2.372253	0.209287	-0.177044	-0.094996	0.294160	0.279638	0.913932	-0.256928	0.944177	-0.206197	-0.920574	-0.174160	0.349587
10847	6.950745	-2.641926	3.032500	0.333095	-0.124671	-0.125792	0.293321	0.278456	0.914563	-0.259966	0.943825	-0.203988	-0.919989	-0.177921	0.349233
10848	6.785092	-3.215516	3.357815	0.482312	-0.119118	-0.158472	0.292588	0.276773	0.915308	-0.263971	0.943380	-0.200880	-0.919082	-0.182840	0.349082
10849	7.170822	-3.714417	3.239840	0.735506	-0.279801	-0.210932	0.290559	0.274363	0.916679	-0.270195	0.942548	-0.196462	-0.917916	-0.190599	0.347997
10850	7.718557	-4.070988	3.633971	0.902643	-0.277136	-0.260008	0.288676	0.271399	0.918155	-0.277754	0.941480	-0.190966	-0.916252	-0.199894	0.347165
10851	7.858326	-4.238852	4.526284	0.960362	-0.219310	-0.312498	0.287518	0.268293	0.919430	-0.286084	0.940198	-0.184891	-0.914051	-0.209874	0.347078
10852	8.076866	-4.250127	5.220382	0.951208	-0.202178	-0.348796	0.286630	0.264607	0.920775	-0.293801	0.939070	-0.178407	-0.911880	-0.219387	0.346908
10853	8.745336	-4.233225	5.911613	0.999842	-0.200648	-0.372234	0.285808	0.260800	0.922116	-0.302035	0.937725	-0.171599	-0.909444	-0.229467	0.346780
10854	9.015822	-3.518378	7.081125	1.095160	-0.127704	-0.415148	0.285867	0.256635	0.923265	-0.310826	0.936212	-0.163994	-0.906458	-0.240095	0.347401
10855	8.868110	-2.629471	8.280262	1.161348	-0.097937	-0.486012	0.286449	0.252423	0.924245	-0.320951	0.934214	-0.155674	-0.902739	-0.252045	0.348620
10856	8.364706	-2.270052	8.045826	1.165328	-0.181616	-0.501315	0.286390	0.247300	0.925648	-0.330051	0.932447	-0.147001	-0.899470	-0.263412	0.348665
10857	7.669894	-2.204285	6.977917	1.148019	-0.377773	-0.481516	0.284517	0.242383	0.927524	-0.340034	0.930120	-0.138756	-0.896341	-0.275912	0.347054
10858	7.499608	-2.079047	6.367963	1.177970	-0.577975	-0.461535	0.280880	0.236488	0.930150	-0.349310	0.927885	-0.130430	-0.893918	-0.288276	0.343232
10859	7.968044	-1.741254	6.544092	1.256481	-0.675130	-0.474628	0.276547	0.230555	0.932934	-0.359877	0.925000	-0.121916	-0.891072	-0.302026	0.338778
10860	8.767791	-1.499102	7.147880	1.299070	-0.641472	-0.515450	0.272668	0.223835	0.935708	-0.370054	0.922142	-0.112755	-0.888095	-0.315518	0.334270
10861	9.174353	-1.417008	7.506394	1.228510	-0.542733	-0.541641	0.269813	0.217586	0.938007	-0.380306	0.919019	-0.103788	-0.884629	-0.328726	0.330713
10862	8.804625	-1.351606	7.504915	1.162202	-0.466703	-0.528133	0.267670	0.211199	0.940079	-0.389186	0.916244	-0.095031	-0.881412	-0.340428	0.327446
10863	7.873549	-1.122978	7.205961	1.138616	-0.568489	-0.500081	0.264622	0.205034	0.942303	-0.398411	0.913091	-0.086794	-0.878205	-0.352457	0.323312
10864	7.638471	-0.965164	6.489714	1.047587	-0.746812	-0.457537	0.259858	0.198210	0.945085	-0.406436	0.910244	-0.079150	-0.875947	-0.363549	0.317094
10865	7.855860	-0.795508	5.313144	0.927771	-0.848398	-0.420051	0.254123	0.191774	0.947968	-0.414319	0.907242	-0.072468	-0.873934	-0.374346	0.310007
10866	7.725623	0.226781	3.137078	0.878561	-0.943271	-0.430854	0.247630	0.184313	0.951162	-0.420948	0.904701	-0.065718	-0.872629	-0.384116	0.301617
10867	8.281957	0.012435	0.617081	0.809018	-1.079397	-0.487290	0.240250	0.175868	0.954647	-0.426901	0.902384	-0.058805	-0.871800	-0.393412	0.291876
10868	9.380770	-1.582664	-0.951107	0.654051	-1.179633	-0.513365	0.232113	0.166571	0.958320	-0.431428	0.900645	-0.052051	-0.871776	-0.401364	0.280915
10869	11.040590	-3.007615	0.123472	0.477567	-1.120250	-0.449159	0.224244	0.158192	0.961608	-0.434780	0.899333	-0.046558	-0.872171	-0.407647	0.270449
10870	12.209996	-2.346494	4.010178	0.225398	-0.680916	-0.329055	0.219680	0.152465	0.963584	-0.436052	0.898902	-0.042819	-0.872696	-0.410767	0.263954
10871	12.639832	0.185645	8.320343	-0.133937	-0.112808	-0.265428	0.219902	0.150153	0.963897	-0.435221	0.899398	-0.040815	-0.873055	-0.410533	0.263129
10872	11.842068	3.665198	10.688345	-0.649071	0.225383	-0.312823	0.223168	0.148271	0.963437	-0.428892	0.902490	-0.039544	-0.875356	-0.404385	0.264999
10873	10.470149	3.313126	9.374105	-1.323718	0.055665	-0.348094	0.225184	0.145655	0.963367	-0.416858	0.908097	-0.039860	-0.880637	-0.392611	0.265206
10874	11.540557	-1.306196	6.965223	-1.590990	-0.287245	-0.247784	0.223603	0.142310	0.964235	-0.402272	0.914570	-0.041694	-0.887794	-0.378562	0.261748
10875	13.436757	-5.657821	5.868501	-1.335629	-0.279438	-0.012770	0.221134	0.141487	0.964925	-0.390905	0.919320	-0.045215	-0.893472	-0.367195	0.258601
10876	13.670057	-6.561263	5.803650	-0.804060	-0.117344	0.207595	0.219225	0.142993	0.965139	-0.384204	0.921930	-0.049322	-0.896843	-0.359997	0.257048
10877	12.929340	-5.467233	5.535311	-0.521584	-0.098742	0.368395	0.216899	0.146255	0.965176	-0.380519	0.923173	-0.054378	-0.898977	-0.355473	0.255889
10878	12.225299	-3.649999	4.139876	-0.552405	-0.183754	0.401945	0.213670	0.149343	0.965423	-0.376451	0.924511	-0.059697	-0.901460	-0.350680	0.253760
10879	11.784645	-1.666514	1.928484	-0.564425	-0.235488	0.236252	0.210659	0.151479	0.965752	-0.373352	0.925499	-0.063726	-0.903455	-0.347141	0.251520
10880	10.784121	0.082547	0.318519	-0.406856	-0.232870	-0.030957	0.208614	0.150411	0.966363	-0.369648	0.926932	-0.064476	-0.905450	-0.343764	0.248970
10881	9.173922	1.068604	-0.473333	-0.122737	-0.229954	-0.309127	0.207691	0.146895	0.967102	-0.367832	0.927827	-0.061935	-0.906402	-0.342868	0.246734
