// General information: 
//  MT Manager version: 2022.2.0 
//  XDA version: 2022.2.0 build 7381 rev 124627 built on 2023-07-19
// Device information: 
//  DeviceId: 00B4CB9F
//  ProductCode: MTW2-3A7G6
//  Firmware Version: 4.6.0
//  Hardware Version: 2.0.0
// Device settings: 
//  Filter Profile: human(46.1)
//  Option Flags: Orientation Smoother Disabled, Position/Velocity Smoother Disabled, Continuous Zero Rotation Update Disabled, AHS Disabled, ICC Disabled
// Coordinate system: ENU
PacketCounter	Acc_X	Acc_Y	Acc_Z	Gyr_X	Gyr_Y	Gyr_Z	Mat[1][1]	Mat[2][1]	Mat[3][1]	Mat[1][2]	Mat[2][2]	Mat[3][2]	Mat[1][3]	Mat[2][3]	Mat[3][3]
43567	9.479238	-1.029228	-2.327609	0.003893	-0.010111	0.000772	-0.248597	-0.072689	0.965876	-0.618327	0.779471	-0.100484	-0.745568	-0.622207	-0.238720
43568	9.491841	-0.997470	-2.332324	0.003248	-0.011519	-0.001041	-0.248742	-0.072748	0.965834	-0.618340	0.779453	-0.100539	-0.745508	-0.622222	-0.238866
43569	9.477090	-1.008335	-2.316924	-0.001163	-0.006942	-0.001224	-0.248845	-0.072791	0.965804	-0.618344	0.779445	-0.100575	-0.745470	-0.622227	-0.238971
43570	9.455661	-0.980969	-2.318467	0.001134	-0.011686	-0.001812	-0.248982	-0.072870	0.965763	-0.618379	0.779413	-0.100614	-0.745397	-0.622258	-0.239121
43571	9.474998	-0.987211	-2.306125	-0.004040	-0.006097	0.000404	-0.249089	-0.072895	0.965733	-0.618357	0.779424	-0.100659	-0.745378	-0.622241	-0.239221
43572	9.473140	-1.011498	-2.361750	-0.003673	-0.015918	-0.002315	-0.249249	-0.072985	0.965685	-0.618301	0.779466	-0.100676	-0.745371	-0.622178	-0.239408
43573	9.437088	-0.994943	-2.347385	-0.006032	-0.009538	-0.001273	-0.249371	-0.073045	0.965649	-0.618270	0.779488	-0.100700	-0.745357	-0.622143	-0.239543
43574	9.490457	-0.996429	-2.338392	-0.010194	-0.012362	0.000038	-0.249521	-0.073100	0.965606	-0.618175	0.779560	-0.100726	-0.745386	-0.622047	-0.239705
43575	9.475641	-1.007075	-2.323387	-0.010900	-0.012134	-0.001322	-0.249662	-0.073175	0.965564	-0.618106	0.779613	-0.100738	-0.745395	-0.621972	-0.239870
43576	9.473703	-0.985843	-2.312022	-0.010962	-0.010497	-0.000868	-0.249811	-0.073237	0.965521	-0.618049	0.779654	-0.100771	-0.745392	-0.621913	-0.240031
43577	9.476840	-0.981907	-2.270958	-0.011790	-0.006995	-0.001320	-0.249914	-0.073281	0.965491	-0.617974	0.779712	-0.100780	-0.745420	-0.621835	-0.240147
43578	9.481137	-0.935931	-2.347143	-0.015892	-0.011457	-0.000463	-0.250062	-0.073343	0.965448	-0.617868	0.779794	-0.100796	-0.745458	-0.621725	-0.240314
43579	9.412792	-0.944638	-2.341929	-0.022479	-0.005411	-0.000960	-0.250155	-0.073375	0.965421	-0.617713	0.779919	-0.100783	-0.745556	-0.621565	-0.240425
43580	9.451722	-0.956500	-2.316599	-0.023649	-0.011501	-0.005494	-0.250281	-0.073452	0.965383	-0.617497	0.780096	-0.100736	-0.745692	-0.621334	-0.240599
43581	9.415833	-0.984438	-2.369146	-0.024540	-0.006362	-0.005491	-0.250353	-0.073524	0.965359	-0.617338	0.780230	-0.100674	-0.745800	-0.621157	-0.240722
43582	9.383308	-1.008735	-2.379636	-0.021542	-0.010481	-0.008031	-0.250451	-0.073644	0.965324	-0.617221	0.780331	-0.100606	-0.745863	-0.621015	-0.240889
43583	9.383081	-1.052701	-2.448290	-0.014194	-0.017538	-0.009940	-0.250579	-0.073820	0.965278	-0.617150	0.780397	-0.100526	-0.745879	-0.620911	-0.241109
43584	9.399057	-1.015960	-2.411382	0.002636	-0.011138	-0.016544	-0.250629	-0.074004	0.965250	-0.617218	0.780356	-0.100433	-0.745806	-0.620941	-0.241256
43585	9.470531	-1.001373	-2.376480	0.016826	-0.009585	-0.026643	-0.250595	-0.074261	0.965240	-0.617420	0.780217	-0.100268	-0.745651	-0.621085	-0.241369
43586	9.472376	-0.974503	-2.322246	0.020142	-0.001543	-0.035015	-0.250441	-0.074536	0.965258	-0.617671	0.780050	-0.100023	-0.745494	-0.621263	-0.241395
43587	9.552884	-1.062804	-2.348588	0.031075	0.011526	-0.044064	-0.250141	-0.074798	0.965316	-0.618023	0.779809	-0.099724	-0.745303	-0.621533	-0.241289
43588	9.567545	-1.181041	-2.379299	0.029429	0.037159	-0.041917	-0.249668	-0.074866	0.965433	-0.618315	0.779614	-0.099444	-0.745220	-0.621769	-0.240935
43589	9.517226	-1.242262	-2.464847	0.017079	0.044875	-0.039155	-0.249150	-0.074882	0.965566	-0.618550	0.779464	-0.099158	-0.745199	-0.621955	-0.240522
43590	9.555529	-1.168112	-2.526018	0.000584	0.048055	-0.028471	-0.248670	-0.074798	0.965696	-0.618644	0.779418	-0.098933	-0.745281	-0.622023	-0.240091
43591	9.564016	-0.980552	-2.353652	0.000846	0.039795	-0.023675	-0.248286	-0.074725	0.965800	-0.618719	0.779381	-0.098757	-0.745346	-0.622079	-0.239743
43592	9.519024	-0.854642	-2.087534	-0.008172	0.033506	-0.019111	-0.247986	-0.074670	0.965882	-0.618765	0.779362	-0.098614	-0.745408	-0.622109	-0.239474
43593	9.453787	-0.900247	-1.919336	-0.036470	0.032229	-0.019684	-0.247683	-0.074613	0.965964	-0.618552	0.779560	-0.098388	-0.745685	-0.621868	-0.239236
43594	9.256762	-0.945371	-2.053769	-0.097887	0.027976	-0.031270	-0.247350	-0.074680	0.966044	-0.617938	0.780106	-0.097914	-0.746304	-0.621175	-0.239107
43595	9.301218	-0.951570	-2.169793	-0.161859	-0.004854	-0.036665	-0.247219	-0.074986	0.966054	-0.616830	0.781069	-0.097223	-0.747264	-0.619927	-0.239348
43596	9.421560	-0.960270	-2.223378	-0.204416	-0.023883	-0.040193	-0.247206	-0.075454	0.966021	-0.615461	0.782250	-0.096397	-0.748396	-0.618378	-0.239816
43597	9.610158	-0.976755	-2.112511	-0.222294	-0.021107	-0.043109	-0.247158	-0.075912	0.965997	-0.613913	0.783576	-0.095498	-0.749682	-0.616641	-0.240270
43598	9.798005	-1.036382	-1.883557	-0.219186	0.007000	-0.040860	-0.246926	-0.076186	0.966035	-0.612412	0.784853	-0.094640	-0.750985	-0.614980	-0.240457
43599	9.861509	-1.108279	-1.697777	-0.212192	0.045363	-0.041328	-0.246391	-0.076221	0.966169	-0.610929	0.786111	-0.093782	-0.752368	-0.613368	-0.240256
43600	9.961880	-1.241578	-1.591839	-0.205967	0.083852	-0.036046	-0.245590	-0.075992	0.966391	-0.609515	0.787302	-0.092988	-0.753775	-0.611867	-0.239672
43601	9.918951	-1.292755	-1.591333	-0.190813	0.110733	-0.027563	-0.244646	-0.075522	0.966667	-0.608154	0.788433	-0.092315	-0.755181	-0.610467	-0.238816
43602	9.771147	-1.229848	-1.603432	-0.192763	0.121623	-0.023767	-0.243628	-0.074961	0.966967	-0.606783	0.789563	-0.091671	-0.756610	-0.609074	-0.237845
43603	9.679951	-1.166204	-1.563130	-0.198263	0.113205	-0.016298	-0.242731	-0.074390	0.967237	-0.605332	0.790743	-0.091094	-0.758060	-0.607611	-0.236969
43604	9.600071	-1.094236	-1.581472	-0.212449	0.110716	-0.017168	-0.241837	-0.073884	0.967500	-0.603899	0.791909	-0.090477	-0.759487	-0.606153	-0.236131
43605	9.594069	-1.073873	-1.644722	-0.220083	0.103856	-0.017111	-0.241003	-0.073379	0.967746	-0.602278	0.793214	-0.089843	-0.761038	-0.604505	-0.235362
43606	9.533658	-1.007392	-1.650834	-0.222702	0.099030	-0.027798	-0.240114	-0.072992	0.967997	-0.600668	0.794520	-0.089086	-0.762590	-0.602835	-0.234620
43607	9.555984	-0.918501	-1.678437	-0.219526	0.091735	-0.038435	-0.239242	-0.072734	0.968232	-0.599095	0.795799	-0.088250	-0.764100	-0.601176	-0.233963
43608	9.482707	-0.750349	-1.661734	-0.200733	0.083859	-0.042657	-0.238403	-0.072581	0.968450	-0.597757	0.796896	-0.087426	-0.765409	-0.599741	-0.233368
43609	9.473317	-0.729053	-1.542976	-0.195612	0.064765	-0.053905	-0.237644	-0.072611	0.968635	-0.596398	0.798015	-0.086499	-0.766704	-0.598248	-0.232948
43610	9.617642	-0.739475	-1.533807	-0.178888	0.038969	-0.058454	-0.237055	-0.072800	0.968765	-0.595100	0.799083	-0.085571	-0.767894	-0.596796	-0.232750
43611	9.696510	-0.757864	-1.478036	-0.165171	0.049420	-0.055193	-0.236405	-0.072935	0.968913	-0.593972	0.800014	-0.084703	-0.768967	-0.595532	-0.232449
43612	9.717790	-0.734891	-1.405567	-0.162069	0.055357	-0.042711	-0.235756	-0.072953	0.969070	-0.592899	0.800889	-0.083948	-0.769993	-0.594353	-0.232068
43613	9.824385	-0.689743	-1.311238	-0.167242	0.052968	-0.024971	-0.235258	-0.072827	0.969201	-0.591681	0.801850	-0.083369	-0.771082	-0.593071	-0.231732
43614	9.925218	-0.716829	-1.197946	-0.163315	0.075017	-0.019057	-0.234618	-0.072513	0.969379	-0.590469	0.802796	-0.082859	-0.772205	-0.591829	-0.231167
43615	9.995378	-0.725592	-0.981616	-0.154878	0.110552	-0.020431	-0.233702	-0.072011	0.969638	-0.589332	0.803683	-0.082354	-0.773351	-0.590685	-0.230261
43616	9.958959	-0.709852	-0.727828	-0.152910	0.145310	-0.017112	-0.232533	-0.071264	0.969974	-0.588184	0.804570	-0.081894	-0.774576	-0.589566	-0.229005
43617	9.923388	-0.759443	-0.595550	-0.159303	0.175136	-0.014665	-0.231148	-0.070338	0.970373	-0.586995	0.805484	-0.081439	-0.775892	-0.588428	-0.227474
43618	9.846145	-0.821391	-0.317157	-0.170754	0.191168	-0.017162	-0.229631	-0.069321	0.970806	-0.585703	0.806473	-0.080953	-0.777317	-0.587193	-0.225793
43619	9.872966	-1.063838	-0.191611	-0.161269	0.220089	-0.026103	-0.227825	-0.068228	0.971309	-0.584520	0.807387	-0.080388	-0.778738	-0.586064	-0.223823
43620	9.922497	-1.198880	0.002321	-0.141253	0.258666	-0.049741	-0.225561	-0.067102	0.971915	-0.583575	0.808145	-0.079641	-0.780104	-0.585149	-0.221445
43621	10.037626	-1.344976	0.098022	-0.092947	0.286034	-0.070480	-0.222976	-0.065986	0.972588	-0.583019	0.808628	-0.078802	-0.781262	-0.584608	-0.218775
43622	10.486917	-1.045303	0.521855	-0.034770	0.363834	-0.094150	-0.219626	-0.064586	0.973444	-0.582945	0.808772	-0.077862	-0.782265	-0.584565	-0.215278
43623	10.792913	-1.608302	0.772854	-0.026417	0.541500	-0.087713	-0.214934	-0.062117	0.974651	-0.582942	0.808857	-0.077002	-0.783570	-0.584715	-0.210061
43624	10.881230	-1.745423	1.252648	0.086262	0.726600	-0.061404	-0.208923	-0.058319	0.976192	-0.583723	0.808328	-0.076636	-0.784614	-0.585837	-0.202920
43625	10.810998	-1.540746	1.479318	0.167042	0.903343	-0.056198	-0.201561	-0.053460	0.978016	-0.585163	0.807302	-0.076469	-0.785466	-0.587712	-0.194004
43626	10.880788	-1.396309	1.582588	0.254006	1.071697	-0.077541	-0.192730	-0.047745	0.980090	-0.587345	0.805737	-0.076247	-0.786054	-0.590345	-0.183332
43627	10.992859	-1.283189	2.133521	0.389355	1.285985	-0.108833	-0.182039	-0.040992	0.982437	-0.590623	0.803368	-0.075918	-0.786146	-0.594070	-0.170455
43628	11.062668	-0.781733	3.120080	0.502603	1.543757	-0.131530	-0.169173	-0.032779	0.985041	-0.594739	0.800365	-0.075508	-0.785917	-0.598617	-0.154895
43629	11.327307	-0.968971	3.145417	0.587225	1.822353	-0.174029	-0.153876	-0.023200	0.987818	-0.599649	0.796769	-0.074696	-0.785330	-0.603838	-0.136515
43630	10.805678	0.083450	2.882059	0.691000	2.041977	-0.248207	-0.136401	-0.012751	0.990572	-0.605496	0.792477	-0.073175	-0.784072	-0.609768	-0.115816
43631	10.439186	0.253762	1.246300	0.756768	2.002687	-0.360656	-0.118583	-0.003316	0.992939	-0.611898	0.787793	-0.070446	-0.781997	-0.615931	-0.095448
43632	10.155453	0.943278	0.578176	0.822950	1.746097	-0.501197	-0.101940	0.003601	0.994784	-0.618920	0.782654	-0.066257	-0.778811	-0.622446	-0.077555
43633	10.902401	1.041973	0.380244	0.759332	1.457438	-0.677918	-0.086456	0.007436	0.996228	-0.625478	0.777925	-0.060088	-0.775437	-0.628313	-0.062605
43634	12.231542	0.631444	0.360448	0.806217	1.492115	-0.817957	-0.069820	0.010538	0.997504	-0.632469	0.772809	-0.052434	-0.771432	-0.634551	-0.047292
43635	12.628814	0.341290	0.590450	0.818564	1.785118	-0.925203	-0.050262	0.014803	0.998626	-0.639342	0.767688	-0.043559	-0.767278	-0.640653	-0.029122
43636	12.852797	0.184224	0.515444	0.888281	1.948281	-0.941624	-0.029368	0.020178	0.999365	-0.646597	0.762056	-0.034388	-0.762266	-0.647197	-0.009333
43637	12.979465	0.103292	0.485281	0.953063	2.030305	-0.943528	-0.007874	0.026233	0.999625	-0.654031	0.756054	-0.024993	-0.756426	-0.653983	0.011204
43638	12.822183	0.348314	0.375723	0.982413	2.083259	-0.934014	0.013890	0.032922	0.999361	-0.661545	0.749745	-0.015504	-0.749777	-0.660907	0.032194
43639	12.429987	0.645364	0.020797	0.835686	2.023531	-0.884046	0.034816	0.039754	0.998603	-0.667593	0.744499	-0.006363	-0.743712	-0.666439	0.052460
43640	11.820742	0.917389	-0.112257	0.605328	1.898761	-0.833917	0.054410	0.046274	0.997446	-0.671868	0.740667	0.002288	-0.738670	-0.670277	0.071390
43641	11.709800	0.934445	-0.237984	0.340451	1.803064	-0.781388	0.072895	0.052601	0.995952	-0.673904	0.738747	0.010307	-0.735214	-0.671927	0.089299
43642	11.408721	0.609394	-0.308192	0.158343	1.795617	-0.749240	0.091122	0.059157	0.994081	-0.674570	0.737993	0.017917	-0.732565	-0.672210	0.107153
43643	10.966600	0.008337	-0.504175	0.164046	1.743025	-0.715574	0.108635	0.065603	0.991915	-0.675081	0.737314	0.025171	-0.729702	-0.672357	0.124385
43644	10.560429	0.025416	-0.577202	0.231897	1.668043	-0.665450	0.125205	0.071952	0.989518	-0.676087	0.736126	0.032019	-0.726106	-0.673010	0.140812
43645	10.042758	0.498577	-1.001323	0.174623	1.596265	-0.656463	0.141148	0.077872	0.986921	-0.676505	0.735419	0.038725	-0.722785	-0.673123	0.156484
43646	9.636964	0.789902	-1.541357	0.038514	1.504653	-0.660607	0.156404	0.083165	0.984186	-0.675893	0.735609	0.045252	-0.720213	-0.672282	0.171263
43647	9.093778	0.749465	-1.899211	-0.064444	1.475509	-0.660916	0.171419	0.088213	0.981241	-0.674374	0.736585	0.051592	-0.718216	-0.670568	0.185753
43648	8.516847	0.854708	-1.795001	-0.100364	1.444239	-0.635791	0.185996	0.093223	0.978118	-0.672601	0.737762	0.057585	-0.716250	-0.668594	0.199923
43649	8.107536	0.739455	-1.352837	-0.099949	1.371227	-0.591234	0.199716	0.098018	0.974939	-0.670775	0.738971	0.063114	-0.714265	-0.666570	0.213332
43650	8.141760	0.663358	-0.988481	-0.093514	1.263025	-0.549026	0.212353	0.102388	0.971814	-0.669060	0.740070	0.068226	-0.712225	-0.664690	0.225660
43651	8.414329	0.093727	-0.910779	0.021605	1.189170	-0.520855	0.224229	0.106437	0.968707	-0.668107	0.740447	0.073292	-0.709474	-0.663634	0.237141
43652	8.164360	0.057745	-0.593211	0.255343	1.173781	-0.490476	0.235747	0.110623	0.965498	-0.668838	0.739240	0.078613	-0.705038	-0.664295	0.248263
43653	7.771495	0.225351	-0.329431	0.429987	1.099942	-0.487869	0.246680	0.114346	0.962327	-0.670713	0.736903	0.084368	-0.699495	-0.666257	0.258473
43654	7.573063	0.468351	-0.153268	0.525307	0.981400	-0.501790	0.256834	0.117227	0.959320	-0.673156	0.733937	0.090535	-0.693468	-0.669024	0.267412
43655	7.451062	0.730894	0.077922	0.598513	0.881050	-0.512401	0.266313	0.119390	0.956464	-0.675979	0.730505	0.097031	-0.687117	-0.672391	0.275249
43656	7.236778	0.979700	0.366554	0.617630	0.802481	-0.504258	0.275167	0.121143	0.953734	-0.678880	0.726913	0.103535	-0.680739	-0.675960	0.282264
43657	7.022352	1.051159	0.655788	0.593201	0.727960	-0.482058	0.283321	0.122585	0.951158	-0.681586	0.723455	0.109785	-0.674663	-0.679401	0.288522
43658	6.907429	1.080349	0.882896	0.557797	0.609869	-0.428474	0.290295	0.123660	0.948913	-0.684139	0.720157	0.115445	-0.669091	-0.682702	0.293659
43659	6.833160	1.183558	1.030542	0.469946	0.473801	-0.378993	0.295993	0.124182	0.947083	-0.686194	0.717386	0.120393	-0.664474	-0.685519	0.297555
43660	6.928382	1.364175	0.957826	0.337933	0.348327	-0.354154	0.300681	0.124047	0.945623	-0.687418	0.715473	0.124723	-0.661096	-0.687540	0.300401
43661	6.972427	1.657930	0.880775	0.188926	0.239980	-0.339991	0.304545	0.123272	0.944487	-0.687669	0.714568	0.128472	-0.659063	-0.688620	0.302388
43662	6.960803	1.912192	0.903409	0.057732	0.149860	-0.324594	0.307713	0.121993	0.943626	-0.687090	0.714540	0.131681	-0.658195	-0.688876	0.303693
43663	7.022028	2.047043	0.964035	-0.061676	0.056295	-0.305402	0.310121	0.120202	0.943067	-0.685774	0.715309	0.134340	-0.658437	-0.688393	0.304264
43664	7.016113	2.074462	1.128582	-0.151555	-0.039629	-0.289495	0.311792	0.117861	0.942812	-0.683906	0.716672	0.136579	-0.659589	-0.687380	0.304058
43665	7.136872	2.058861	1.281374	-0.242919	-0.165894	-0.271046	0.312488	0.114782	0.942962	-0.681489	0.718630	0.138364	-0.661758	-0.685855	0.302785
43666	7.131980	2.033940	1.567627	-0.300903	-0.275597	-0.234001	0.312202	0.111212	0.943484	-0.678791	0.720933	0.139635	-0.664660	-0.684023	0.300566
43667	7.418226	2.043599	1.902614	-0.394924	-0.382674	-0.208779	0.311007	0.107096	0.944354	-0.675541	0.723833	0.140391	-0.668520	-0.681613	0.297464
43668	7.788513	1.984564	2.297810	-0.439181	-0.454080	-0.175070	0.309092	0.102737	0.945467	-0.672080	0.726984	0.140720	-0.672882	-0.678925	0.293752
43669	8.150913	1.891642	2.826483	-0.450951	-0.491808	-0.132424	0.306601	0.098445	0.946734	-0.668661	0.730149	0.140623	-0.677413	-0.676159	0.289691
43670	8.508084	1.831664	3.466059	-0.422969	-0.495412	-0.077311	0.303701	0.094536	0.948066	-0.665577	0.733059	0.140113	-0.681742	-0.673563	0.285552
43671	8.822301	1.810504	4.292902	-0.405137	-0.494395	-0.002988	0.300282	0.091196	0.949481	-0.662831	0.735762	0.138957	-0.685920	-0.671072	0.281383
43672	9.151124	1.966532	5.099598	-0.427474	-0.467841	0.081477	0.296476	0.088665	0.950916	-0.660159	0.738533	0.136962	-0.690139	-0.668362	0.277490
43673	9.329751	2.149135	5.854360	-0.485709	-0.436582	0.151743	0.292395	0.086883	0.952343	-0.657276	0.741615	0.134144	-0.694617	-0.665175	0.273951
43674	9.640070	2.220474	6.432370	-0.548463	-0.411308	0.201125	0.288163	0.085654	0.953743	-0.654065	0.745060	0.130706	-0.699400	-0.661475	0.270722
43675	9.856098	2.412191	6.744619	-0.634454	-0.384682	0.244559	0.283809	0.084952	0.955110	-0.650344	0.749011	0.126628	-0.704631	-0.657088	0.267824
43676	10.173179	2.607243	7.096976	-0.725160	-0.319042	0.264033	0.279797	0.084855	0.956302	-0.645988	0.753512	0.122144	-0.710221	-0.651935	0.265646
43677	10.320365	2.542010	6.943207	-0.747170	-0.204517	0.262206	0.276593	0.085517	0.957175	-0.641424	0.758117	0.117618	-0.715592	-0.646487	0.264542
43678	10.078235	2.443684	6.777159	-0.699038	-0.040460	0.252571	0.274647	0.087189	0.957584	-0.637134	0.762376	0.113323	-0.720159	-0.641234	0.264936
43679	9.678024	1.891175	6.426135	-0.654365	0.058430	0.267436	0.273312	0.089615	0.957742	-0.633175	0.766297	0.108989	-0.724148	-0.636206	0.266180
43680	9.515445	1.284905	5.992627	-0.594414	0.089574	0.306540	0.271989	0.092553	0.957839	-0.629731	0.769761	0.104440	-0.727641	-0.631587	0.267650
43681	9.354055	0.752002	5.616294	-0.553330	0.133770	0.338775	0.270778	0.096017	0.957841	-0.626649	0.772902	0.099673	-0.730747	-0.627219	0.269454
43682	9.166390	0.245005	5.223078	-0.515241	0.132087	0.396829	0.269228	0.099936	0.957877	-0.623986	0.775707	0.094452	-0.733593	-0.623131	0.271200
43683	8.884135	-0.256636	4.760437	-0.501439	0.088588	0.451123	0.267011	0.104002	0.958065	-0.621543	0.778339	0.088731	-0.736471	-0.619171	0.272467
43684	8.799836	-0.679888	4.446657	-0.473718	0.054386	0.515028	0.264181	0.108377	0.958365	-0.619459	0.780685	0.082475	-0.739242	-0.615456	0.273377
43685	8.939194	-0.690111	4.435661	-0.436758	0.005233	0.586064	0.260536	0.113001	0.958828	-0.617795	0.782694	0.075626	-0.741923	-0.612063	0.273731
43686	10.056561	-0.584199	3.793776	-0.452644	-0.051211	0.662453	0.256032	0.117910	0.959450	-0.616188	0.784658	0.068003	-0.744822	-0.608613	0.273552
43687	11.462073	-0.042174	3.102204	-0.433991	-0.172487	0.734096	0.250167	0.122640	0.960404	-0.614840	0.786386	0.059736	-0.747922	-0.605439	0.272132
43688	13.415785	0.268961	3.476738	-0.368130	-0.214859	0.777665	0.243741	0.127494	0.961424	-0.614052	0.787601	0.051232	-0.750686	-0.602852	0.270259
43689	14.503142	-0.725422	3.710554	-0.084564	0.062734	0.788511	0.239307	0.134092	0.961640	-0.615354	0.787056	0.043385	-0.751047	-0.602132	0.270862
43690	12.185894	-1.393610	3.410820	0.454317	0.482241	0.732742	0.238352	0.142789	0.960625	-0.620560	0.783260	0.037550	-0.747057	-0.605075	0.275300
43691	9.149031	-0.741943	3.674592	1.138880	0.502881	0.559425	0.238530	0.150223	0.959446	-0.630387	0.775478	0.035304	-0.738726	-0.613243	0.279673
43692	7.832422	0.649200	4.330883	1.710425	0.029726	0.396990	0.236177	0.153497	0.959510	-0.643923	0.764231	0.036240	-0.727725	-0.626410	0.279335
43693	8.095780	1.671583	2.835650	1.930780	-0.509680	0.301810	0.230472	0.152561	0.961045	-0.658600	0.751500	0.038645	-0.716330	-0.641851	0.273677
43694	8.041996	2.521472	-0.001159	1.774040	-0.951842	0.248241	0.222009	0.148264	0.963706	-0.671836	0.739565	0.040990	-0.706646	-0.656553	0.263799
43695	7.907797	2.977287	-1.853538	1.380447	-1.250024	0.297264	0.211145	0.142172	0.967060	-0.682219	0.729961	0.041638	-0.699996	-0.668539	0.251120
43696	7.866302	3.350098	-2.395487	0.772219	-1.339688	0.528503	0.198123	0.137030	0.970551	-0.688739	0.723993	0.038376	-0.697414	-0.676060	0.237817
43697	7.419649	3.684878	-2.296654	0.032825	-1.093090	0.881822	0.184347	0.136014	0.973405	-0.690684	0.722541	0.029844	-0.699266	-0.677816	0.227141
43698	6.497015	3.537186	-2.203612	-0.794794	-0.885544	1.129301	0.170307	0.138225	0.975648	-0.687132	0.726333	0.017041	-0.706290	-0.673301	0.218678
43699	7.149206	2.743970	-0.595759	-1.411688	-0.917205	1.135947	0.155958	0.140392	0.977736	-0.678963	0.734166	0.002883	-0.717416	-0.664296	0.209820
43700	9.918449	0.922230	2.104155	-1.627956	-0.884539	1.137207	0.141857	0.142970	0.979508	-0.668901	0.743261	-0.011614	-0.729691	-0.653546	0.201069
43701	11.457185	-0.534281	3.182276	-1.416742	-0.748458	1.152894	0.128635	0.146734	0.980776	-0.660075	0.750758	-0.025748	-0.740104	-0.644074	0.193429
43702	10.267017	-1.468003	1.910096	-1.286057	-0.821310	1.077521	0.115414	0.149612	0.981986	-0.651835	0.757369	-0.038779	-0.749527	-0.635617	0.184934
43703	9.312645	-2.187887	-0.250831	-1.246423	-1.172223	0.887924	0.100763	0.148969	0.983695	-0.643421	0.763893	-0.049775	-0.758852	-0.627914	0.172821
43704	9.887901	-2.474537	-1.660292	-1.108479	-1.287385	0.655604	0.086710	0.145965	0.985482	-0.635602	0.769828	-0.058099	-0.767132	-0.621337	0.159527
43705	10.129600	-2.783818	-1.697978	-0.867613	-1.083918	0.478745	0.075272	0.142965	0.986861	-0.629332	0.774480	-0.064196	-0.773483	-0.616231	0.148269
43706	9.806219	-3.399463	-0.937751	-0.506277	-0.850086	0.373444	0.066295	0.140645	0.987838	-0.625696	0.777041	-0.068641	-0.777245	-0.613536	0.139515
43707	9.089603	-3.698550	-0.142429	-0.084440	-0.759905	0.343902	0.058174	0.138663	0.988630	-0.625279	0.777055	-0.072195	-0.778230	-0.613969	0.131907
43708	8.747899	-4.057065	0.041429	0.271319	-0.834343	0.353180	0.049428	0.136279	0.989437	-0.627608	0.774872	-0.075374	-0.776959	-0.617253	0.123830
43709	8.961248	-4.038500	-0.473012	0.509434	-0.931306	0.414020	0.039538	0.133716	0.990231	-0.631768	0.771131	-0.078905	-0.774148	-0.622476	0.114966
43710	9.491213	-3.294111	-0.791694	0.612003	-0.964074	0.505214	0.028839	0.131585	0.990885	-0.636696	0.766606	-0.083272	-0.770576	-0.628491	0.105888
43711	9.817701	-1.838959	-0.395821	0.553894	-0.963561	0.571713	0.017717	0.129882	0.991371	-0.641111	0.762338	-0.088419	-0.767243	-0.634013	0.096775
43712	9.670138	-0.312700	0.554626	0.205214	-0.933361	0.555789	0.006940	0.128197	0.991724	-0.642781	0.760288	-0.093782	-0.766019	-0.636810	0.087679
43713	9.710615	-0.300165	0.646213	-0.187213	-0.866415	0.435028	-0.002556	0.125998	0.992027	-0.641377	0.760903	-0.098295	-0.767221	-0.636515	0.078868
43714	9.172628	-0.735990	0.597013	-0.477221	-0.951998	0.434189	-0.012703	0.123272	0.992292	-0.637704	0.763364	-0.102996	-0.770177	-0.634097	0.068914
43715	8.812366	-0.982554	0.333676	-0.705157	-1.068067	0.414958	-0.023647	0.119706	0.992528	-0.632204	0.767293	-0.107603	-0.774441	-0.630025	0.057535
43716	8.756647	-1.184634	-0.334425	-0.825951	-1.164421	0.367797	-0.035056	0.115243	0.992719	-0.625706	0.772018	-0.111718	-0.779271	-0.625066	0.045045
43717	8.952141	-1.694414	-0.988929	-0.910652	-1.308510	0.356470	-0.047564	0.109872	0.992807	-0.618459	0.777260	-0.115647	-0.784376	-0.619512	0.030982
43718	9.292907	-2.268542	-1.372981	-0.919605	-1.444841	0.386277	-0.061359	0.103989	0.992684	-0.611033	0.782497	-0.119740	-0.789223	-0.613910	0.015527
43719	9.464045	-2.510530	-1.519990	-0.852872	-1.479481	0.366585	-0.075354	0.097833	0.992346	-0.604053	0.787318	-0.123488	-0.793373	-0.608735	-0.000231
43720	9.066145	-2.762871	-1.751912	-0.716192	-1.448263	0.287964	-0.088649	0.091340	0.991866	-0.598137	0.791373	-0.126336	-0.796475	-0.604472	-0.015521
43721	8.700719	-2.723856	-1.713476	-0.583208	-1.511475	0.244138	-0.102217	0.084176	0.991194	-0.593272	0.794653	-0.128666	-0.798486	-0.601200	-0.031288
43722	8.367703	-2.735310	-1.717354	-0.477962	-1.591850	0.246692	-0.116452	0.076609	0.990237	-0.589198	0.797303	-0.130972	-0.799553	-0.598697	-0.047710
43723	8.770953	-2.305666	-1.524517	-0.392249	-1.696364	0.286186	-0.131758	0.068765	0.988894	-0.585723	0.799419	-0.133630	-0.799730	-0.596825	-0.065052
43724	9.436402	-1.691826	-1.257737	-0.247005	-1.704859	0.222069	-0.146736	0.060391	0.987330	-0.583463	0.800724	-0.135690	-0.798774	-0.595981	-0.082259
43725	9.848602	-1.486134	-0.841837	-0.187434	-1.663047	0.166813	-0.161039	0.051832	0.985586	-0.581726	0.801727	-0.137214	-0.797284	-0.595438	-0.098957
43726	10.202459	-1.686667	-0.818074	-0.105217	-1.623776	0.137589	-0.174827	0.043287	0.983647	-0.580673	0.802268	-0.138510	-0.795145	-0.595392	-0.115122
43727	10.123371	-1.760724	-0.626154	-0.011590	-1.507656	0.156701	-0.187763	0.035576	0.981570	-0.580311	0.802256	-0.140084	-0.792454	-0.595919	-0.129989
43728	9.965047	-1.573077	-0.619013	0.063677	-1.439847	0.166581	-0.200174	0.028345	0.979350	-0.580508	0.801802	-0.141859	-0.789266	-0.596917	-0.144045
43729	9.785421	-1.487665	-0.625899	0.117538	-1.405448	0.134573	-0.212081	0.021037	0.977026	-0.581170	0.801048	-0.143401	-0.785661	-0.598230	-0.157662
43730	9.850977	-1.398207	-0.638365	0.139201	-1.402609	0.115826	-0.223802	0.013580	0.974540	-0.582030	0.800169	-0.144812	-0.781763	-0.599621	-0.171176
43731	9.928845	-1.241138	-0.752904	0.168837	-1.369977	0.106948	-0.235165	0.006222	0.971936	-0.583113	0.799127	-0.146202	-0.777610	-0.601130	-0.184299
43732	9.880164	-1.023854	-0.838823	0.161105	-1.337265	0.107485	-0.246203	-0.000953	0.969218	-0.584129	0.798128	-0.147597	-0.773419	-0.602488	-0.197058
43733	9.718234	-0.862267	-0.844678	0.068728	-1.313538	0.098302	-0.256970	-0.008074	0.966386	-0.584423	0.797701	-0.148738	-0.769685	-0.603000	-0.209704
43734	9.964302	-0.584341	-0.856963	-0.033325	-1.307869	0.111840	-0.267724	-0.015056	0.963378	-0.583901	0.797885	-0.149797	-0.766410	-0.602622	-0.222404
43735	9.627475	-0.209140	-0.394326	-0.286081	-1.337447	0.159636	-0.278949	-0.021812	0.960058	-0.581285	0.799618	-0.150728	-0.764392	-0.600112	-0.235731
43736	9.485640	-0.379051	-0.425371	-0.459088	-1.407953	0.122607	-0.290457	-0.029232	0.956441	-0.577446	0.802374	-0.150839	-0.763014	-0.596106	-0.249935
43737	9.894755	-0.605360	-0.393611	-0.605417	-1.451917	0.079270	-0.302043	-0.037199	0.952568	-0.572603	0.805977	-0.150088	-0.762165	-0.590777	-0.264740
43738	10.162869	-0.958635	-0.190595	-0.758943	-1.453764	0.073698	-0.313587	-0.045119	0.948487	-0.566605	0.810447	-0.148777	-0.761986	-0.584071	-0.279710
43739	10.326237	-1.274030	0.111532	-0.785223	-1.426296	0.077017	-0.324944	-0.052760	0.944260	-0.560383	0.815029	-0.147303	-0.761828	-0.577013	-0.294405
43740	10.591322	-1.548094	0.339422	-0.740552	-1.356791	0.074045	-0.335737	-0.059915	0.940048	-0.554514	0.819298	-0.145825	-0.761443	-0.570228	-0.308292
43741	10.779000	-1.753980	0.505973	-0.655711	-1.269531	0.083310	-0.345915	-0.066417	0.935912	-0.549246	0.823056	-0.144594	-0.760705	-0.564063	-0.321187
43742	10.862249	-1.783078	0.639247	-0.564369	-1.120458	0.103998	-0.355035	-0.071826	0.932090	-0.544612	0.826273	-0.143772	-0.759834	-0.558671	-0.332473
43743	10.802079	-1.747511	0.783791	-0.516743	-0.980665	0.109062	-0.363129	-0.076362	0.928604	-0.540302	0.829215	-0.143095	-0.759086	-0.553688	-0.342371
43744	10.700476	-1.953936	0.778860	-0.504441	-0.856586	0.110178	-0.370252	-0.080137	0.925468	-0.536089	0.832060	-0.142424	-0.758632	-0.548866	-0.351032
43745	10.635235	-2.203677	0.677374	-0.477590	-0.773895	0.091823	-0.376667	-0.083586	0.922570	-0.532129	0.834733	-0.141629	-0.758262	-0.544273	-0.358895
43746	10.513267	-2.464373	0.566499	-0.430797	-0.682419	0.074992	-0.382270	-0.086636	0.919981	-0.528611	0.837102	-0.140817	-0.757918	-0.540142	-0.365796
43747	10.439112	-2.478897	0.459044	-0.411897	-0.631378	0.068905	-0.387472	-0.089440	0.917533	-0.525230	0.839368	-0.139982	-0.757628	-0.536154	-0.372208
43748	10.709600	-2.502834	0.054802	-0.391816	-0.598906	0.059488	-0.392336	-0.092117	0.915198	-0.522071	0.841481	-0.139110	-0.757307	-0.532376	-0.378235
43749	11.160026	-2.104832	-0.228976	-0.357184	-0.531534	0.052478	-0.396689	-0.094478	0.913078	-0.519164	0.843414	-0.138282	-0.757038	-0.528892	-0.383622
43750	11.386261	-1.715438	-0.224913	-0.335975	-0.423308	0.045517	-0.400139	-0.096295	0.911381	-0.516480	0.845195	-0.137457	-0.757058	-0.525712	-0.387930
43751	11.587627	-1.137095	0.150759	-0.320663	-0.340284	0.040512	-0.402978	-0.097719	0.909978	-0.513893	0.846904	-0.136629	-0.757312	-0.522690	-0.391501
43752	11.811158	-0.752817	0.624082	-0.296597	-0.317512	0.001566	-0.405407	-0.099339	0.908723	-0.511694	0.848410	-0.135535	-0.757506	-0.519934	-0.394783
43753	12.661297	-0.766792	1.503772	-0.356690	-0.311760	-0.036563	-0.407637	-0.101248	0.907514	-0.509143	0.850212	-0.133842	-0.758027	-0.516613	-0.398127
43754	13.879001	-1.208679	1.860002	-0.374288	-0.210788	-0.123619	-0.408599	-0.103342	0.906845	-0.506851	0.851978	-0.131284	-0.759045	-0.513277	-0.400497
43755	14.426115	-1.634120	2.260192	-0.248482	0.035946	-0.144165	-0.407650	-0.104369	0.907154	-0.505555	0.853091	-0.129034	-0.760418	-0.511217	-0.400527
43756	14.343408	-1.417722	2.790038	0.015688	0.305815	-0.130945	-0.404650	-0.103894	0.908551	-0.506269	0.852829	-0.127960	-0.761544	-0.511750	-0.397696
43757	14.289473	-0.712987	3.988275	0.484055	0.630143	-0.208899	-0.398843	-0.102415	0.911282	-0.510799	0.850115	-0.128022	-0.761583	-0.516543	-0.391376
43758	14.148788	0.667892	5.124024	1.092423	1.214731	-0.391499	-0.387567	-0.099355	0.916471	-0.520718	0.843971	-0.128711	-0.760687	-0.527107	-0.378832
43759	12.765538	2.742676	4.426594	1.569880	1.741423	-0.573959	-0.371360	-0.094848	0.923632	-0.534830	0.835010	-0.129289	-0.758979	-0.541998	-0.360817
43760	10.939600	4.981711	3.821625	1.600757	1.774704	-0.819300	-0.353466	-0.091858	0.930926	-0.549997	0.825395	-0.127385	-0.756680	-0.557033	-0.342271
43761	11.055635	5.873046	4.421015	1.205189	1.635304	-1.124191	-0.334900	-0.091876	0.937764	-0.562986	0.817567	-0.120957	-0.755572	-0.568457	-0.325528
43762	11.899898	6.145076	4.482983	0.550229	1.863658	-1.341000	-0.313184	-0.092141	0.945212	-0.571576	0.813126	-0.110120	-0.758430	-0.574749	-0.307323
43763	12.853569	4.757606	3.335814	-0.403998	2.098534	-1.445129	-0.288964	-0.091837	0.952925	-0.572855	0.814104	-0.095253	-0.767032	-0.573412	-0.287856
43764	14.095706	1.813383	1.230747	-1.210657	2.304934	-1.410338	-0.263067	-0.090194	0.960552	-0.567446	0.819666	-0.078442	-0.780257	-0.565697	-0.266807
43765	15.438511	0.168233	-1.810412	-1.790419	2.488952	-1.144776	-0.237068	-0.085690	0.967707	-0.556204	0.828663	-0.062881	-0.796515	-0.553149	-0.244110
43766	15.476269	-0.094890	-3.918199	-2.225696	2.613046	-0.795068	-0.211634	-0.078018	0.974230	-0.540106	0.840107	-0.050051	-0.814553	-0.536780	-0.219933
43767	14.827500	-0.557674	-5.228063	-2.521413	2.584793	-0.473653	-0.187884	-0.068386	0.979808	-0.520294	0.853039	-0.040231	-0.833063	-0.517347	-0.195853
43768	15.216391	-1.577488	-6.189831	-2.784585	2.298826	-0.160592	-0.167652	-0.058077	0.984134	-0.497187	0.866995	-0.033534	-0.851292	-0.494921	-0.174228
43769	15.672876	-2.677230	-6.746519	-2.732356	2.311510	0.041445	-0.148035	-0.046515	0.987888	-0.473646	0.880220	-0.029531	-0.868185	-0.472281	-0.152335
43770	14.550376	-3.036453	-7.152930	-2.343982	2.624282	0.101130	-0.125479	-0.033419	0.991533	-0.453049	0.891067	-0.027301	-0.882611	-0.452639	-0.126951
43771	12.892843	-2.476797	-7.689416	-1.856878	2.745381	0.081520	-0.101509	-0.020457	0.994624	-0.436482	0.899336	-0.026049	-0.893969	-0.436779	-0.100220
43772	13.492604	-2.835112	-8.258091	-1.288931	2.717051	-0.204945	-0.076192	-0.010524	0.997038	-0.425156	0.904829	-0.022939	-0.901907	-0.425644	-0.073415
43773	13.364796	-4.895638	-8.274000	-0.451760	2.889119	-0.476040	-0.048120	-0.002569	0.998838	-0.421393	0.906700	-0.017968	-0.905601	-0.421768	-0.044713
43774	13.291088	-4.571847	-6.187864	0.662714	3.212090	-0.549205	-0.016712	0.006166	0.999841	-0.427644	0.903858	-0.012722	-0.903793	-0.427789	-0.012469
43775	13.213592	-3.752235	-4.492077	1.160626	3.445727	-0.471763	0.016333	0.016853	0.999725	-0.438133	0.898875	-0.007995	-0.898762	-0.437882	0.022065
43776	11.723465	-3.450658	-3.577397	1.388581	3.508723	-0.408988	0.049556	0.028828	0.998355	-0.450511	0.892764	-0.003416	-0.891395	-0.449600	0.057229
43777	10.379322	-3.021060	-3.307815	1.203460	3.267175	-0.427308	0.080449	0.039894	0.995960	-0.460945	0.887427	0.001687	-0.883775	-0.459218	0.089781
43778	9.918599	-2.826601	-3.962802	1.219466	2.919894	-0.412416	0.108043	0.049865	0.992895	-0.471370	0.881908	0.007002	-0.875292	-0.468778	0.118789
43779	9.522666	-1.832154	-4.138133	1.361692	2.688957	-0.431498	0.133452	0.058841	0.989307	-0.482734	0.875670	0.013035	-0.865540	-0.479311	0.145265
43780	8.523587	-1.391217	-4.274806	1.488874	2.553893	-0.485387	0.157775	0.067067	0.985195	-0.494923	0.868704	0.020123	-0.854493	-0.490771	0.170253
43781	7.983815	-0.368416	-4.154707	1.686668	2.399089	-0.523670	0.180697	0.074487	0.980714	-0.508377	0.860669	0.028299	-0.841963	-0.503686	0.193388
43782	7.288075	0.115516	-3.979016	1.747522	2.263893	-0.549649	0.202417	0.081403	0.975910	-0.522008	0.852129	0.037193	-0.828574	-0.516962	0.214978
43783	6.679893	0.310385	-4.040103	1.845395	2.097572	-0.551837	0.222511	0.087733	0.970975	-0.536030	0.842908	0.046676	-0.814347	-0.530857	0.234584
43784	5.895512	0.400219	-4.013806	1.851698	1.901371	-0.534028	0.240729	0.093548	0.966074	-0.549819	0.833384	0.056306	-0.799843	-0.544720	0.252054
43785	5.379484	0.615322	-3.868772	1.771518	1.702176	-0.520327	0.257062	0.098635	0.961348	-0.562604	0.824097	0.065886	-0.785746	-0.557795	0.267336
43786	4.803873	0.773617	-4.114555	1.684965	1.519684	-0.482042	0.271607	0.103313	0.956847	-0.574529	0.815033	0.075083	-0.772105	-0.570129	0.280725
43787	4.319819	0.746819	-4.252500	1.527211	1.294232	-0.469447	0.284184	0.106971	0.952784	-0.584956	0.806714	0.083902	-0.759648	-0.581180	0.291828
43788	3.745557	1.114146	-4.379924	1.487271	1.086637	-0.467087	0.295093	0.109647	0.949156	-0.594880	0.798450	0.092711	-0.747689	-0.591992	0.300844
43789	3.347052	1.448785	-4.167356	1.364149	0.847662	-0.482541	0.304220	0.110885	0.946126	-0.603596	0.790816	0.101400	-0.736968	-0.601926	0.307512
43790	3.436276	1.446649	-4.078578	1.244754	0.606482	-0.481180	0.311545	0.110817	0.943747	-0.611288	0.783759	0.109765	-0.727507	-0.611099	0.311917
43791	3.567335	1.745770	-3.735623	1.054968	0.405363	-0.442291	0.317139	0.109867	0.941994	-0.617568	0.777736	0.117206	-0.719745	-0.618915	0.314501
43792	3.574763	2.147703	-3.419263	0.838003	0.245801	-0.368683	0.321146	0.108570	0.940786	-0.622449	0.772889	0.123284	-0.713738	-0.625183	0.315790
43793	3.659589	2.737914	-3.104765	0.594674	0.027127	-0.256002	0.322880	0.106776	0.940397	-0.625893	0.769410	0.127535	-0.709934	-0.629767	0.315258
43794	3.733219	3.510061	-2.778958	0.346014	-0.239472	-0.112045	0.321842	0.104427	0.941017	-0.628030	0.767314	0.129645	-0.708517	-0.632712	0.312537
43795	4.314241	3.945129	-2.548802	0.136585	-0.586715	0.084053	0.317097	0.101364	0.942961	-0.629302	0.766339	0.129243	-0.709527	-0.634390	0.306792
43796	5.000664	3.634572	-2.027289	-0.060167	-0.982136	0.273107	0.308351	0.097236	0.946290	-0.629762	0.766426	0.126456	-0.712965	-0.634930	0.297563
43797	6.092756	2.942974	-1.140982	-0.159096	-1.317981	0.365164	0.296564	0.091676	0.950603	-0.629763	0.767068	0.122494	-0.717947	-0.634982	0.285219
43798	8.379471	2.817585	1.337123	-0.362667	-1.682814	0.431464	0.281666	0.084319	0.955800	-0.628419	0.768972	0.117352	-0.725089	-0.633698	0.269581
43799	12.590980	3.493830	6.668427	-0.850204	-1.725862	0.498061	0.265889	0.077278	0.960901	-0.623609	0.773913	0.110318	-0.735129	-0.628559	0.253967
43800	16.913407	3.204566	13.295000	-1.532250	-0.909235	0.490426	0.256078	0.075436	0.963708	-0.613557	0.783069	0.101739	-0.746975	-0.617343	0.246811
43801	18.102528	0.319940	15.500445	-1.557606	0.457988	0.453739	0.256700	0.081819	0.963022	-0.603054	0.792209	0.093441	-0.755269	-0.604740	0.252702
43802	13.051039	-2.187009	10.983373	0.073727	1.274056	0.410314	0.263788	0.092786	0.960108	-0.604710	0.791382	0.089663	-0.751493	-0.604239	0.264866
43803	9.396817	-0.305947	9.028270	1.330765	0.526694	0.416938	0.265119	0.099288	0.959090	-0.615784	0.782852	0.089176	-0.741971	-0.614235	0.268689
43804	9.322907	1.919809	8.814479	0.933910	-0.344632	0.230557	0.261111	0.098983	0.960220	-0.623341	0.776820	0.089427	-0.737067	-0.621895	0.264537
43805	10.496643	2.132506	7.736890	0.170090	-0.492179	-0.019845	0.257549	0.095774	0.961507	-0.624577	0.775757	0.090027	-0.737274	-0.623721	0.259614
43806	11.065188	2.101603	6.196259	-0.404194	-0.417688	-0.003096	0.254455	0.093182	0.962585	-0.621628	0.778242	0.088988	-0.740832	-0.621013	0.255952
43807	11.836147	1.845008	4.834495	-0.921426	-0.261010	0.188349	0.251291	0.093051	0.963428	-0.615282	0.783734	0.084788	-0.747182	-0.614086	0.254198
43808	12.894594	1.445806	3.852544	-1.218098	0.090900	0.449597	0.249201	0.097178	0.963564	-0.607309	0.790694	0.077321	-0.754370	-0.604450	0.256059
43809	13.417197	2.332286	2.133996	-1.312727	0.276463	0.693052	0.247058	0.104351	0.963366	-0.599112	0.797838	0.067223	-0.761595	-0.593772	0.259630
43810	12.485167	2.357505	-0.981551	-1.292309	-0.188039	0.793964	0.240869	0.109638	0.964345	-0.591201	0.804564	0.056195	-0.769717	-0.583657	0.258613
43811	13.466391	0.642224	-1.639235	-1.042500	-1.036933	0.728084	0.228504	0.109514	0.967364	-0.584874	0.809791	0.046480	-0.778273	-0.576407	0.249093
43812	14.436554	-0.653999	0.541707	-0.325244	-0.514731	0.544840	0.221281	0.110994	0.968873	-0.583604	0.811034	0.040377	-0.781307	-0.574373	0.244243
43813	11.160272	-0.781825	0.135113	0.520555	0.026077	0.308237	0.219620	0.113653	0.968943	-0.588376	0.807665	0.038625	-0.778191	-0.578585	0.244250
43814	7.885974	-1.268595	-1.169348	1.399158	-0.561798	0.163854	0.214266	0.111711	0.970366	-0.599610	0.799273	0.040385	-0.771076	-0.590494	0.238240
43815	6.329939	-0.700769	-1.980850	1.696453	-1.213310	0.266832	0.203281	0.106587	0.973302	-0.613214	0.788816	0.041690	-0.763312	-0.605317	0.225712
43816	4.907149	0.292095	-3.524404	1.136877	-1.373665	0.459069	0.189954	0.101826	0.976498	-0.622808	0.781368	0.039674	-0.758965	-0.615707	0.211842
43817	3.840097	-0.104786	-5.818509	-0.103671	-1.205349	0.593598	0.177032	0.099051	0.979208	-0.623140	0.781388	0.033617	-0.761811	-0.616135	0.200054
43818	3.087195	-1.422122	-8.082098	-0.882314	-1.221374	0.595456	0.163950	0.096243	0.981762	-0.617431	0.786194	0.026037	-0.769350	-0.610440	0.188320
43819	5.641448	-0.748442	-6.254755	-1.039650	-2.025609	0.642935	0.144263	0.089026	0.985526	-0.610404	0.791890	0.017818	-0.778842	-0.604140	0.168583
43820	11.534429	-1.266344	-0.347550	-0.944075	-2.425268	0.877010	0.119894	0.081416	0.989443	-0.604191	0.796803	0.007647	-0.787768	-0.598730	0.144723
43821	15.247122	-2.248206	3.162426	-0.205532	-1.403725	1.041968	0.102464	0.081331	0.991406	-0.603756	0.797163	-0.002997	-0.790557	-0.598261	0.130785
43822	11.938695	-2.509662	0.824622	0.216636	-0.809985	1.098306	0.089370	0.085231	0.992345	-0.606548	0.794930	-0.013650	-0.790008	-0.600685	0.122740
43823	8.958721	-2.063390	-1.595215	0.218494	-1.351260	0.880000	0.073289	0.084093	0.993759	-0.609016	0.792848	-0.022177	-0.789764	-0.603590	0.109321
43824	9.698915	-1.071831	-2.170024	0.135216	-1.676604	0.547486	0.056657	0.078303	0.995318	-0.610467	0.791563	-0.027523	-0.790013	-0.606050	0.092649
43825	9.998592	-0.514191	-1.391438	0.069191	-1.354698	0.282336	0.044169	0.072327	0.996402	-0.611182	0.790910	-0.030318	-0.790257	-0.607644	0.079139
43826	9.566235	-1.190665	-0.289940	0.045283	-1.099068	0.219368	0.034089	0.067389	0.997144	-0.611649	0.790461	-0.032510	-0.790394	-0.608794	0.068164
43827	9.145312	-2.186478	0.717085	0.106493	-1.108206	0.347222	0.023147	0.063388	0.997721	-0.612615	0.789564	-0.035950	-0.790043	-0.610386	0.057108
43828	9.073552	-3.042976	0.813409	0.100317	-1.249552	0.488121	0.010231	0.059615	0.998169	-0.613513	0.788629	-0.040812	-0.789618	-0.611972	0.044643
43829	9.642192	-3.804179	-0.079786	0.061766	-1.440674	0.623201	-0.005027	0.055712	0.998434	-0.614041	0.787871	-0.047054	-0.789258	-0.613316	0.030249
