// General information: 
//  MT Manager version: 2022.2.0 
//  XDA version: 2022.2.0 build 7381 rev 124627 built on 2023-07-19
// Device information: 
//  DeviceId: 00B4CAF0
//  ProductCode: MTW2-3A7G6
//  Firmware Version: 4.6.0
//  Hardware Version: 2.0.0
// Device settings: 
//  Filter Profile: human(46.1)
//  Option Flags: Orientation Smoother Disabled, Position/Velocity Smoother Disabled, Continuous Zero Rotation Update Disabled, AHS Disabled, ICC Disabled
// Coordinate system: ENU
PacketCounter	Acc_X	Acc_Y	Acc_Z	Gyr_X	Gyr_Y	Gyr_Z	Mat[1][1]	Mat[2][1]	Mat[3][1]	Mat[1][2]	Mat[2][2]	Mat[3][2]	Mat[1][3]	Mat[2][3]	Mat[3][3]
25693	4.498992	0.263581	9.142530	0.002989	0.006399	0.003364	0.859080	0.266855	0.436772	-0.309069	0.950654	0.027082	-0.407992	-0.158258	0.899165
25694	4.471024	0.282464	9.186061	0.001996	0.005479	0.005061	0.859085	0.266910	0.436728	-0.309115	0.950639	0.027068	-0.407946	-0.158253	0.899186
25695	4.436792	0.280448	9.179424	-0.001085	0.004493	0.005636	0.859064	0.266981	0.436726	-0.309177	0.950620	0.027031	-0.407944	-0.158247	0.899188
25696	4.470380	0.282122	9.186385	0.003571	0.000243	0.005982	0.859045	0.267037	0.436730	-0.309237	0.950601	0.027028	-0.407939	-0.158271	0.899186
25697	4.450418	0.310269	9.189265	-0.000092	0.005414	0.003939	0.859045	0.267011	0.436745	-0.309140	0.950637	0.026869	-0.408011	-0.158097	0.899184
25698	4.454565	0.293752	9.171793	-0.000765	0.001573	0.004371	0.859036	0.267053	0.436737	-0.309168	0.950629	0.026832	-0.408009	-0.158075	0.899189
25699	4.469692	0.281640	9.186735	0.001323	0.001638	0.005493	0.859044	0.267173	0.436648	-0.309336	0.950571	0.026948	-0.407865	-0.158221	0.899229
25700	4.489514	0.253214	9.183930	-0.001279	-0.003728	0.004170	0.859014	0.267205	0.436687	-0.309362	0.950564	0.026909	-0.407909	-0.158210	0.899211
25701	4.457725	0.318899	9.148984	0.003537	0.005971	0.004773	0.858951	0.267390	0.436699	-0.309642	0.950468	0.027070	-0.407830	-0.158472	0.899200
25702	4.492669	0.278649	9.161114	0.000363	-0.005011	0.008398	0.858902	0.267461	0.436751	-0.309712	0.950446	0.027030	-0.407879	-0.158483	0.899176
25703	4.469637	0.281176	9.186776	0.005078	0.006463	0.004486	0.858973	0.267403	0.436648	-0.309580	0.950492	0.026925	-0.407830	-0.158305	0.899230
25704	4.492395	0.278721	9.161246	0.001642	-0.001283	0.004228	0.858953	0.267439	0.436664	-0.309618	0.950480	0.026912	-0.407844	-0.158316	0.899222
25705	4.492392	0.278638	9.161250	0.001322	0.001638	0.005492	0.859036	0.267403	0.436524	-0.309521	0.950513	0.026849	-0.407743	-0.158177	0.899292
25706	4.438873	0.305049	9.157153	0.003182	-0.000791	0.003940	0.859020	0.267437	0.436535	-0.309562	0.950500	0.026851	-0.407746	-0.158200	0.899286
25707	4.473850	0.264932	9.169263	0.000935	0.000605	0.003451	0.858986	0.267498	0.436563	-0.309646	0.950472	0.026874	-0.407752	-0.158264	0.899272
25708	4.450974	0.267475	9.194848	0.001801	-0.002743	0.003595	0.858963	0.267526	0.436591	-0.309678	0.950462	0.026866	-0.407776	-0.158279	0.899259
25709	4.495971	0.304249	9.138221	0.001641	-0.001283	0.004228	0.858912	0.267574	0.436664	-0.309737	0.950443	0.026847	-0.407841	-0.158310	0.899224
25710	4.469835	0.281143	9.186680	0.001641	-0.001283	0.004228	0.858892	0.267610	0.436680	-0.309775	0.950431	0.026835	-0.407853	-0.158321	0.899217
25711	4.458959	0.276665	9.154218	0.001163	0.003098	0.006124	0.858830	0.267658	0.436772	-0.309800	0.950426	0.026733	-0.407964	-0.158271	0.899175
25712	4.489416	0.252819	9.183989	0.002794	-0.001824	0.001899	0.858815	0.267671	0.436793	-0.309822	0.950419	0.026741	-0.407979	-0.158293	0.899164
25713	4.451224	0.267312	9.194731	-0.001700	0.000968	0.000920	0.858845	0.267563	0.436802	-0.309617	0.950491	0.026549	-0.408072	-0.158043	0.899166
25714	4.503441	0.282733	9.193639	0.003410	0.001702	0.006614	0.858830	0.267626	0.436793	-0.309681	0.950470	0.026539	-0.408056	-0.158059	0.899171
25715	4.461975	0.302160	9.131470	0.000775	0.002065	0.004083	0.858736	0.267772	0.436887	-0.309896	0.950398	0.026618	-0.408089	-0.158247	0.899123
25716	4.473802	0.264398	9.169302	-0.000218	0.001145	0.005779	0.858721	0.267827	0.436884	-0.309939	0.950385	0.026580	-0.408089	-0.158232	0.899125
25717	4.453910	0.292409	9.172154	0.000616	0.003525	0.004715	0.858690	0.267862	0.436922	-0.309956	0.950381	0.026515	-0.408140	-0.158194	0.899109
25718	4.458462	0.275895	9.154484	-0.000575	-0.005616	0.004947	0.858650	0.267898	0.436980	-0.309990	0.950371	0.026477	-0.408200	-0.158193	0.899081
25719	4.492404	0.277564	9.161277	0.002316	0.002557	0.003795	0.858611	0.267935	0.437034	-0.310026	0.950360	0.026443	-0.408255	-0.158196	0.899056
25720	4.469399	0.279896	9.186931	-0.002594	-0.001726	0.007131	0.858579	0.267998	0.437058	-0.310070	0.950348	0.026377	-0.408288	-0.158166	0.899046
25721	4.474013	0.263401	9.169228	0.002794	-0.001824	0.001899	0.858539	0.268046	0.437106	-0.310158	0.950317	0.026433	-0.408304	-0.158266	0.899022
25722	4.469616	0.279650	9.186832	-0.000219	0.001145	0.005779	0.858523	0.268101	0.437104	-0.310201	0.950304	0.026395	-0.408305	-0.158251	0.899024
25723	4.492706	0.276913	9.161148	0.002346	-0.003172	0.005004	0.858432	0.268244	0.437196	-0.310429	0.950227	0.026507	-0.408325	-0.158473	0.898976
25724	4.473198	0.305024	9.163815	-0.000059	-0.000315	0.005147	0.858411	0.268291	0.437208	-0.310468	0.950215	0.026474	-0.408338	-0.158465	0.898971
25725	4.474443	0.262867	9.169033	0.000100	-0.001775	0.004515	0.858411	0.268261	0.437227	-0.310392	0.950243	0.026371	-0.408397	-0.158349	0.898965
25726	4.451660	0.265195	9.194581	-0.001441	-0.002267	0.004802	0.858383	0.268302	0.437256	-0.310422	0.950234	0.026327	-0.408432	-0.158332	0.898952
25727	4.488820	0.292405	9.178528	0.000388	0.001032	0.002041	0.858356	0.268382	0.437260	-0.310550	0.950190	0.026413	-0.408391	-0.158463	0.898947
25728	4.459438	0.274073	9.154063	-0.000666	-0.000202	0.008884	0.858324	0.268464	0.437271	-0.310619	0.950169	0.026359	-0.408405	-0.158449	0.898943
25729	4.493405	0.275649	9.160843	0.000865	-0.003349	0.000145	0.858229	0.268405	0.437496	-0.310522	0.950205	0.026192	-0.408681	-0.158330	0.898839
25730	4.475163	0.261978	9.168707	0.002346	-0.003173	0.005004	0.858196	0.268446	0.437535	-0.310569	0.950190	0.026180	-0.408713	-0.158352	0.898820
25731	4.483070	0.271188	9.128114	-0.000060	-0.000315	0.005147	0.858086	0.268616	0.437646	-0.310824	0.950104	0.026278	-0.408751	-0.158579	0.898763
25732	4.475443	0.261712	9.168578	0.002187	-0.001712	0.005636	0.858056	0.268666	0.437673	-0.310877	0.950087	0.026263	-0.408772	-0.158598	0.898750
25733	4.470989	0.278013	9.186214	0.002317	0.002556	0.003795	0.858035	0.268680	0.437706	-0.310876	0.950089	0.026213	-0.408817	-0.158564	0.898736
25734	4.478679	0.287163	9.145729	-0.001054	-0.001235	0.006843	0.858004	0.268741	0.437730	-0.310927	0.950074	0.026163	-0.408845	-0.158550	0.898726
25735	4.475345	0.261452	9.168633	0.003470	0.002015	0.001466	0.857995	0.268701	0.437771	-0.310857	0.950099	0.026089	-0.408916	-0.158468	0.898708
25736	4.474445	0.303623	9.163253	0.005297	-0.006459	0.006271	0.857944	0.268749	0.437842	-0.310928	0.950075	0.026098	-0.408969	-0.158528	0.898673
25737	4.494283	0.275324	9.160423	-0.000924	0.003034	0.005001	0.857936	0.268753	0.437857	-0.310887	0.950091	0.025993	-0.409018	-0.158424	0.898669
25738	4.494128	0.275135	9.160504	0.000934	0.000604	0.003450	0.857922	0.268785	0.437863	-0.310915	0.950083	0.025974	-0.409025	-0.158422	0.898666
25739	4.486389	0.265840	9.201018	0.002634	-0.000365	0.002530	0.857988	0.268765	0.437746	-0.310887	0.950091	0.026010	-0.408908	-0.158406	0.898722
25740	4.475547	0.261506	9.168533	0.000388	0.001032	0.002041	0.857981	0.268784	0.437747	-0.310901	0.950087	0.025993	-0.408912	-0.158397	0.898722
25741	4.478728	0.287125	9.145707	0.002863	0.002127	0.005203	0.858079	0.268830	0.437527	-0.310966	0.950062	0.026119	-0.408656	-0.158468	0.898826
25742	4.437105	0.276026	9.179407	0.001481	0.000176	0.004859	0.858062	0.268875	0.437534	-0.311008	0.950049	0.026100	-0.408661	-0.158472	0.898823
25743	4.486241	0.266058	9.201084	0.006033	-0.002304	0.000692	0.858098	0.268838	0.437486	-0.310979	0.950057	0.026148	-0.408607	-0.158486	0.898845
25744	4.470954	0.278365	9.186221	0.003311	0.003475	0.002098	0.858103	0.268862	0.437462	-0.311005	0.950048	0.026158	-0.408577	-0.158499	0.898857
25745	4.493928	0.275661	9.160587	-0.000350	-0.003123	0.007620	0.858086	0.268940	0.437446	-0.311102	0.950016	0.026186	-0.408538	-0.158560	0.898863
25746	4.475478	0.261828	9.168558	0.002475	0.001095	0.003162	0.858078	0.268970	0.437443	-0.311134	0.950005	0.026185	-0.408530	-0.158572	0.898865
25747	4.474400	0.303792	9.163270	0.001639	-0.001285	0.004227	0.858081	0.268942	0.437455	-0.311063	0.950031	0.026091	-0.408579	-0.158464	0.898862
25748	4.475691	0.261834	9.168453	0.001797	-0.002745	0.003595	0.858056	0.268970	0.437487	-0.311095	0.950021	0.026080	-0.408607	-0.158478	0.898846
25749	4.471447	0.278207	9.185985	0.003180	-0.000794	0.003939	0.858001	0.268953	0.437606	-0.311044	0.950041	0.025958	-0.408762	-0.158386	0.898792
25750	4.513286	0.289253	9.152176	0.001507	-0.005553	0.006069	0.857956	0.269000	0.437665	-0.311095	0.950025	0.025933	-0.408816	-0.158405	0.898764
25751	4.491639	0.250094	9.182976	0.005716	0.000616	0.001955	0.857942	0.269003	0.437692	-0.311113	0.950018	0.025953	-0.408834	-0.158438	0.898751
25752	4.491589	0.250460	9.182991	0.003628	0.000553	0.000834	0.857938	0.269009	0.437694	-0.311128	0.950013	0.025970	-0.408829	-0.158459	0.898749
25753	4.471695	0.278879	9.185844	0.001066	0.004872	0.001607	0.858004	0.268947	0.437604	-0.311002	0.950057	0.025881	-0.408788	-0.158302	0.898795
25754	4.509922	0.264437	9.175071	0.003655	-0.005176	0.002044	0.857974	0.268955	0.437658	-0.311026	0.950049	0.025892	-0.408832	-0.158338	0.898769
25755	4.495792	0.234643	9.165465	0.003153	0.004935	0.002728	0.857997	0.268956	0.437611	-0.311010	0.950055	0.025874	-0.408796	-0.158301	0.898792
25756	4.460775	0.275012	9.153383	0.002792	-0.001826	0.001899	0.857982	0.268968	0.437634	-0.311029	0.950048	0.025877	-0.408813	-0.158319	0.898781
25757	4.486713	0.267612	9.200808	0.003700	0.004506	0.004137	0.858013	0.268981	0.437566	-0.311027	0.950049	0.025872	-0.408750	-0.158293	0.898814
25758	4.478997	0.289148	9.145511	0.005715	0.000615	0.001955	0.858007	0.268997	0.437567	-0.311059	0.950038	0.025901	-0.408737	-0.158332	0.898813
25759	4.475529	0.263768	9.168477	0.002317	0.002555	0.003793	0.858076	0.268934	0.437471	-0.310925	0.950084	0.025802	-0.408695	-0.158161	0.898862
25760	4.498433	0.261384	9.142868	0.005873	-0.000846	0.001323	0.858067	0.268941	0.437484	-0.310951	0.950075	0.025835	-0.408695	-0.158204	0.898855
25761	4.486203	0.268744	9.201024	0.004404	0.002618	0.004914	0.857995	0.269014	0.437580	-0.311049	0.950043	0.025833	-0.408771	-0.158273	0.898808
25762	4.474146	0.306505	9.163303	0.004562	0.001157	0.004283	0.857984	0.269053	0.437577	-0.311095	0.950027	0.025840	-0.408758	-0.158299	0.898810
25763	4.466529	0.297359	9.203755	0.001408	-0.003777	0.001555	0.858002	0.269013	0.437566	-0.311039	0.950047	0.025818	-0.408763	-0.158252	0.898816
25764	4.504886	0.282833	9.192927	0.003021	0.000667	0.004570	0.857989	0.269054	0.437567	-0.311081	0.950033	0.025810	-0.408758	-0.158263	0.898816
25765	4.505081	0.282886	9.192830	0.002500	-0.004634	0.004373	0.858002	0.268921	0.437624	-0.310821	0.950125	0.025539	-0.408930	-0.157935	0.898795
25766	4.555505	0.230832	9.219711	0.003337	-0.002255	0.003308	0.857981	0.268945	0.437650	-0.310852	0.950115	0.025537	-0.408950	-0.157955	0.898782
25767	4.512862	0.292538	9.152281	0.005920	0.008836	0.003414	0.858032	0.268928	0.437561	-0.310799	0.950134	0.025500	-0.408883	-0.157873	0.898827
25768	4.588377	0.233043	9.227013	0.001067	0.004872	0.001606	0.858045	0.268946	0.437522	-0.310805	0.950132	0.025485	-0.408850	-0.157852	0.898846
25769	4.627763	0.214563	9.290196	0.020232	0.035730	-0.002617	0.858249	0.268888	0.437160	-0.310717	0.950158	0.025590	-0.408490	-0.157796	0.899020
25770	4.227728	0.386316	9.033716	0.008632	0.024192	0.001674	0.858341	0.268937	0.436947	-0.310754	0.950144	0.025642	-0.408267	-0.157793	0.899122
25771	4.660391	0.244380	9.276347	0.015612	0.013120	-0.001418	0.858491	0.268904	0.436673	-0.310773	0.950132	0.025880	-0.407937	-0.157923	0.899248
25772	4.289068	0.324807	9.077484	0.014354	0.036571	-0.003947	0.858653	0.268920	0.436346	-0.310785	0.950124	0.026008	-0.407589	-0.157942	0.899403
25773	4.495583	0.248055	9.203116	0.017159	-0.007527	-0.001362	0.858552	0.268933	0.436535	-0.310913	0.950078	0.026179	-0.407702	-0.158200	0.899306
25774	4.445659	0.410933	9.142843	0.009050	0.031260	-0.002654	0.858687	0.268952	0.436257	-0.310915	0.950075	0.026254	-0.407416	-0.158183	0.899439
25775	4.414823	0.242581	9.157922	0.015527	-0.002602	0.002859	0.858688	0.268955	0.436254	-0.310989	0.950046	0.026413	-0.407357	-0.158351	0.899436
25776	4.490319	0.335368	9.193847	0.007174	0.018283	-0.001978	0.858769	0.268961	0.436092	-0.310989	0.950045	0.026469	-0.407188	-0.158351	0.899513
25777	4.432039	0.258022	9.150515	0.007343	-0.004312	-0.002259	0.858793	0.268877	0.436095	-0.310914	0.950068	0.026506	-0.407194	-0.158352	0.899510
25778	4.472059	0.281240	9.207534	0.007771	0.006403	0.001863	0.858814	0.268900	0.436041	-0.310949	0.950056	0.026551	-0.407124	-0.158389	0.899535
25779	4.548316	0.252599	9.186264	0.006030	-0.002307	0.000698	0.858786	0.268869	0.436115	-0.310925	0.950064	0.026543	-0.407200	-0.158394	0.899500
25780	4.488627	0.338265	9.194567	0.012885	0.018896	-0.000023	0.858863	0.268894	0.435948	-0.310965	0.950048	0.026641	-0.407008	-0.158446	0.899577
25781	4.440673	0.265691	9.183959	0.010625	0.004887	-0.001381	0.858831	0.268941	0.435981	-0.311098	0.950000	0.026806	-0.406973	-0.158655	0.899556
25782	4.460722	0.347692	9.148005	0.007584	0.013589	0.001274	0.858882	0.268970	0.435863	-0.311128	0.949989	0.026851	-0.406843	-0.158671	0.899612
25783	4.476339	0.294384	9.168612	0.005711	0.000614	0.001958	0.858914	0.268897	0.435845	-0.311008	0.950030	0.026774	-0.406866	-0.158548	0.899624
25784	4.478664	0.290069	9.241920	0.006588	0.012672	0.002971	0.858956	0.268941	0.435735	-0.311048	0.950016	0.026802	-0.406747	-0.158556	0.899676
25785	4.395566	0.329227	9.117529	0.005233	0.004997	0.003847	0.858985	0.268926	0.435688	-0.311010	0.950029	0.026775	-0.406716	-0.158503	0.899699
25786	4.481896	0.274512	9.224915	0.006932	0.004025	0.002930	0.858992	0.268955	0.435656	-0.311050	0.950015	0.026806	-0.406671	-0.158537	0.899714
25787	4.561307	0.271322	9.180876	0.006773	0.005486	0.003559	0.858969	0.269044	0.435646	-0.311214	0.949958	0.026954	-0.406593	-0.158732	0.899714
25788	4.503382	0.272862	9.200058	0.008102	0.018885	0.001463	0.859041	0.269083	0.435480	-0.311247	0.949945	0.027003	-0.406416	-0.158739	0.899793
25789	4.672281	0.198982	9.246536	0.019017	0.026572	-0.002396	0.859152	0.269142	0.435225	-0.311399	0.949887	0.027309	-0.406064	-0.158991	0.899908
25790	4.459768	0.290522	9.213206	0.015150	0.044653	-0.006266	0.859353	0.269149	0.434824	-0.311395	0.949884	0.027455	-0.405643	-0.158996	0.900097
25791	4.902785	0.101510	9.405779	0.029173	0.043940	-0.017921	0.859561	0.269043	0.434478	-0.311359	0.949886	0.027785	-0.405229	-0.159162	0.900254
25792	4.345227	0.333751	9.192473	0.038475	0.129903	-0.021764	0.860154	0.269039	0.433306	-0.311316	0.949888	0.028210	-0.404002	-0.159160	0.900805
25793	4.417563	0.292516	9.157875	0.033250	0.057563	-0.027788	0.860408	0.268843	0.432923	-0.311160	0.949930	0.028510	-0.403582	-0.159239	0.900980
25794	4.530885	0.243494	9.275697	0.029447	0.089258	-0.026324	0.860849	0.268730	0.432116	-0.311040	0.949958	0.028872	-0.402733	-0.159260	0.901356
25795	4.501084	0.238764	9.214688	0.034795	0.094847	-0.032782	0.861318	0.268502	0.431321	-0.310777	0.950034	0.029195	-0.401931	-0.159191	0.901726
25796	4.610855	0.232378	9.328443	0.032657	0.100483	-0.035153	0.861830	0.268323	0.430409	-0.310593	0.950081	0.029623	-0.400975	-0.159212	0.902148
25797	4.621289	0.276955	9.303148	0.045286	0.147925	-0.041358	0.862551	0.268096	0.429103	-0.310295	0.950164	0.030087	-0.399652	-0.159100	0.902754
25798	4.344522	0.319158	9.206315	0.040581	0.152134	-0.041774	0.863287	0.267936	0.427722	-0.310083	0.950216	0.030613	-0.398226	-0.159057	0.903392
25799	4.486433	0.262317	9.244819	0.043692	0.143698	-0.049571	0.863939	0.267732	0.426531	-0.309899	0.950256	0.031229	-0.396953	-0.159161	0.903934
25800	4.422237	0.320750	9.223528	0.051120	0.162943	-0.049577	0.864737	0.267515	0.425048	-0.309660	0.950313	0.031883	-0.395399	-0.159190	0.904609
25801	4.233752	0.334798	9.211268	0.054965	0.166242	-0.051250	0.865628	0.267203	0.423427	-0.309296	0.950409	0.032551	-0.393731	-0.159141	0.905345
25802	4.269976	0.440616	9.205718	0.039191	0.129226	-0.046971	0.866280	0.266957	0.422246	-0.309030	0.950477	0.033085	-0.392503	-0.159148	0.905877
25803	4.409937	0.316993	9.273484	0.049328	0.152365	-0.046294	0.866952	0.266755	0.420995	-0.308806	0.950530	0.033639	-0.391195	-0.159170	0.906439
25804	3.998600	0.506000	9.030422	0.041739	0.132763	-0.041191	0.867596	0.266569	0.419783	-0.308599	0.950578	0.034171	-0.389928	-0.159191	0.906981
25805	4.105765	0.500398	9.145732	0.028781	0.091941	-0.025267	0.867982	0.266474	0.419046	-0.308491	0.950602	0.034493	-0.389154	-0.159211	0.907310
25806	3.962719	0.499761	9.045352	0.019872	0.058731	-0.012827	0.868248	0.266441	0.418515	-0.308444	0.950609	0.034706	-0.388597	-0.159222	0.907547
25807	4.047357	0.472657	9.133218	0.005838	0.028440	0.002312	0.868283	0.266608	0.418336	-0.308665	0.950531	0.034874	-0.388344	-0.159406	0.907623
25808	4.022408	0.437670	9.091394	-0.003480	-0.004050	0.008196	0.868240	0.266674	0.418382	-0.308710	0.950520	0.034789	-0.388403	-0.159364	0.907605
25809	4.216700	0.439524	9.176832	-0.007389	-0.019088	0.017479	0.868147	0.266754	0.418526	-0.308755	0.950511	0.034627	-0.388577	-0.159283	0.907545
25810	4.053773	0.495189	9.109112	-0.012490	-0.037534	0.025796	0.867919	0.266935	0.418882	-0.308918	0.950467	0.034386	-0.388955	-0.159245	0.907389
25811	4.171826	0.419154	9.173841	-0.022695	-0.062738	0.034773	0.867513	0.267187	0.419562	-0.309174	0.950396	0.034033	-0.389657	-0.159242	0.907088
25812	4.111064	0.411529	9.155988	-0.024615	-0.075973	0.040655	0.867089	0.267448	0.420272	-0.309419	0.950331	0.033620	-0.390407	-0.159192	0.906775
25813	4.120615	0.516288	9.118186	-0.031579	-0.097716	0.051722	0.866505	0.267791	0.421257	-0.309762	0.950238	0.033104	-0.391429	-0.159174	0.906337
25814	4.078122	0.457336	9.046647	-0.043302	-0.125187	0.065480	0.865809	0.268209	0.422420	-0.310147	0.950136	0.032416	-0.392662	-0.159079	0.905820
25815	4.298354	0.331437	9.175512	-0.051194	-0.157247	0.071029	0.864991	0.268547	0.423879	-0.310426	0.950073	0.031559	-0.394242	-0.158881	0.905169
25816	4.384511	0.239178	9.267884	-0.052161	-0.157912	0.067535	0.864155	0.268932	0.425337	-0.310792	0.949980	0.030780	-0.395784	-0.158790	0.904511
25817	4.400678	0.227325	9.334465	-0.044229	-0.143058	0.065656	0.863355	0.269345	0.426699	-0.311226	0.949858	0.030136	-0.397186	-0.158818	0.903892
25818	4.379023	0.302621	9.309594	-0.041618	-0.156786	0.057687	0.862549	0.269639	0.428140	-0.311546	0.949773	0.029494	-0.398684	-0.158825	0.903231
25819	4.560544	0.275678	9.435217	-0.033619	-0.145581	0.047377	0.861752	0.269935	0.429557	-0.311961	0.949650	0.029075	-0.400081	-0.159061	0.902571
25820	4.197613	0.532406	9.221088	-0.036623	-0.126945	0.046879	0.861094	0.270173	0.430725	-0.312206	0.949586	0.028524	-0.401304	-0.159037	0.902032
25821	4.735820	0.193114	9.494075	-0.024788	-0.183927	0.034710	0.860192	0.270241	0.432481	-0.312466	0.949511	0.028172	-0.403033	-0.159369	0.901203
25822	4.338439	0.379466	9.375485	0.007908	-0.080316	0.035738	0.859753	0.270447	0.433224	-0.312793	0.949406	0.028070	-0.403714	-0.159643	0.900849
25823	3.821814	0.626415	9.306930	-0.024904	-0.186069	0.044329	0.859004	0.270403	0.434735	-0.312808	0.949416	0.027555	-0.405293	-0.159659	0.900137
25824	3.868953	0.547907	9.611856	-0.073182	-0.231014	0.039771	0.857939	0.270407	0.436831	-0.312840	0.949430	0.026704	-0.407520	-0.159569	0.899147
25825	3.369197	0.510281	9.597170	-0.103396	-0.327509	0.070314	0.856435	0.270453	0.439743	-0.312863	0.949459	0.025387	-0.410652	-0.159321	0.897765
25826	1.261559	-0.732811	11.119725	-0.081969	-0.528380	0.191697	0.853650	0.271424	0.444535	-0.314150	0.949075	0.023784	-0.415441	-0.159954	0.895446
25827	0.686048	-1.062141	9.874040	0.140422	-1.120741	0.384741	0.847746	0.273270	0.454589	-0.318025	0.947796	0.023317	-0.424485	-0.164337	0.890396
25828	2.991946	0.069730	11.792867	0.306185	-1.592207	0.639455	0.838830	0.276644	0.468862	-0.324722	0.945528	0.023059	-0.436943	-0.171593	0.882970
25829	2.415078	0.139621	11.211125	0.467269	-1.757302	0.865195	0.828205	0.281710	0.484475	-0.333913	0.942326	0.022882	-0.450087	-0.180723	0.874506
25830	3.847500	0.907643	12.291807	0.593312	-2.014855	1.047194	0.815431	0.287797	0.502241	-0.345219	0.938244	0.022854	-0.464647	-0.192019	0.864426
25831	4.070311	0.317021	11.913459	0.702490	-2.177039	1.157165	0.801044	0.294391	0.521213	-0.357932	0.933468	0.022861	-0.479805	-0.204872	0.853120
25832	4.424269	1.164796	13.001226	1.033924	-2.156024	1.259348	0.785949	0.301514	0.539791	-0.372941	0.927520	0.024921	-0.493153	-0.220896	0.841430
25833	3.647191	3.810152	14.532278	0.895071	-2.079225	1.373259	0.770490	0.309464	0.557295	-0.387926	0.921359	0.024701	-0.505825	-0.235221	0.829947
25834	6.526720	4.617124	17.802957	0.494579	-1.783949	1.383554	0.755900	0.317881	0.572334	-0.401000	0.915839	0.020946	-0.517507	-0.245339	0.819753
25835	2.405985	4.009676	16.139595	0.125803	-0.633386	1.284758	0.747507	0.328100	0.577567	-0.411304	0.911381	0.014593	-0.521596	-0.248464	0.816213
25836	-1.690846	2.273732	12.976071	0.051832	-0.513748	1.060688	0.740409	0.336460	0.581885	-0.419449	0.907736	0.008847	-0.525221	-0.250621	0.813223
25837	-3.083792	1.195882	11.710247	0.249189	-0.426144	0.743616	0.735216	0.342185	0.585121	-0.426237	0.904588	0.006563	-0.527048	-0.254226	0.810919
25838	-3.189289	1.201297	11.817516	0.518616	-0.421825	0.396615	0.731286	0.344675	0.588574	-0.431863	0.901900	0.008415	-0.527935	-0.260337	0.808399
25839	-3.069225	1.684500	12.413055	0.601922	-0.201934	0.089702	0.730021	0.345111	0.589887	-0.435810	0.899947	0.012830	-0.526440	-0.266445	0.807384
25840	-3.321994	1.430530	12.507471	0.508605	-0.011027	-0.156143	0.730641	0.343671	0.589961	-0.437324	0.899127	0.017837	-0.524320	-0.271036	0.807235
25841	-3.322150	-0.025914	12.313785	0.443623	0.213994	-0.348244	0.733820	0.341255	0.587413	-0.437097	0.899102	0.023710	-0.520052	-0.274155	0.808940
25842	-3.188291	-0.977375	12.073972	0.488434	0.453523	-0.463025	0.738185	0.338335	0.583620	-0.436198	0.899338	0.030359	-0.514600	-0.276984	0.811459
25843	-2.899302	-1.513342	12.071040	0.527040	0.633277	-0.512258	0.744286	0.335703	0.577357	-0.435230	0.899515	0.038045	-0.506570	-0.279599	0.815605
25844	-1.475301	-1.843647	12.823514	0.568811	0.846567	-0.510018	0.750754	0.333486	0.570224	-0.434257	0.899634	0.045605	-0.497785	-0.281862	0.820222
25845	-0.548762	-1.749984	13.267529	0.561312	1.212538	-0.468015	0.759293	0.333063	0.559055	-0.433677	0.899501	0.053122	-0.485178	-0.282785	0.827427
25846	-0.103267	-1.779320	13.244770	0.478582	1.550567	-0.397254	0.768430	0.333862	0.545941	-0.432916	0.899483	0.059278	-0.471274	-0.281898	0.835724
25847	-0.026408	-1.905663	12.770485	0.390623	1.834762	-0.321690	0.778855	0.336570	0.529250	-0.432514	0.899311	0.064591	-0.454221	-0.279214	0.846004
25848	0.242428	-2.049804	12.324262	0.337408	2.032210	-0.246623	0.788977	0.339982	0.511789	-0.432069	0.899218	0.068728	-0.436844	-0.275353	0.856358
25849	0.679558	-1.896150	12.120268	0.308209	2.166110	-0.189596	0.799665	0.344686	0.491658	-0.432238	0.898809	0.072894	-0.416781	-0.270803	0.867732
25850	1.151805	-1.565823	12.036712	0.274263	2.276510	-0.158153	0.809618	0.349363	0.471661	-0.432068	0.898630	0.076033	-0.397286	-0.265348	0.878496
25851	1.401946	-1.239203	11.797854	0.229128	2.342393	-0.143695	0.819739	0.354834	0.449578	-0.432306	0.898233	0.079306	-0.375686	-0.259366	0.889713
25852	2.075484	-0.978228	11.868965	0.186173	2.331451	-0.152742	0.828928	0.359427	0.428591	-0.431716	0.898309	0.081628	-0.355667	-0.252693	0.899804
25853	3.044470	-0.824517	12.048088	0.166500	2.365611	-0.172258	0.838167	0.364524	0.405708	-0.431441	0.898193	0.084314	-0.333669	-0.245708	0.910106
25854	3.285703	-0.555040	11.793208	0.150616	2.427893	-0.183822	0.846808	0.368743	0.383334	-0.430369	0.898508	0.086405	-0.312567	-0.238143	0.919559
25855	3.276420	-0.348063	11.331878	0.133204	2.390893	-0.186896	0.854975	0.373641	0.359736	-0.429956	0.898488	0.088646	-0.290097	-0.230461	0.928833
25856	3.699115	-0.079220	11.103957	0.123253	2.283336	-0.183376	0.862161	0.377167	0.338266	-0.428718	0.898902	0.090424	-0.269963	-0.222980	0.936696
25857	4.710799	0.271410	11.399586	0.083204	2.144765	-0.155282	0.868189	0.381914	0.316844	-0.428821	0.898720	0.091732	-0.249720	-0.215510	0.944031
25858	6.938813	0.370026	12.331567	0.016110	2.084818	-0.125099	0.873745	0.385198	0.296972	-0.427763	0.899170	0.092257	-0.231491	-0.207643	0.950419
25859	8.561744	0.111067	12.618189	-0.028773	2.360410	-0.104403	0.879021	0.390645	0.273347	-0.428169	0.898991	0.092127	-0.209748	-0.198020	0.957494
25860	7.920214	-0.013839	11.495508	-0.041071	2.627674	-0.079227	0.884573	0.394994	0.248014	-0.427382	0.899385	0.091926	-0.186750	-0.187312	0.964385
25861	7.065501	-0.265540	10.083838	-0.062833	2.700705	-0.047566	0.889026	0.401041	0.220905	-0.428236	0.899048	0.091249	-0.162009	-0.175722	0.971017
25862	6.576952	-0.675056	8.922336	-0.046045	2.620734	-0.023577	0.893072	0.405289	0.195353	-0.427952	0.899225	0.090837	-0.138851	-0.164726	0.976517
25863	6.447601	-0.739816	8.259878	-0.022913	2.462418	0.000717	0.895737	0.410635	0.170394	-0.429183	0.898681	0.090412	-0.116003	-0.154116	0.981219
25864	6.951657	-0.395396	8.192302	-0.008940	2.276334	0.022667	0.898051	0.414238	0.148027	-0.429373	0.898604	0.090275	-0.095622	-0.144630	0.984855
25865	7.286256	0.284650	8.060021	-0.111929	2.167976	0.027235	0.899315	0.418788	0.125894	-0.430677	0.898115	0.088923	-0.075827	-0.134189	0.988050
25866	7.454058	0.392291	7.423606	-0.281552	2.033778	0.009480	0.900644	0.421490	0.105771	-0.430571	0.898439	0.086112	-0.058733	-0.123098	0.990655
25867	7.518822	0.361526	6.321241	-0.397872	1.883397	-0.017588	0.901312	0.424467	0.086400	-0.431047	0.898599	0.081970	-0.042845	-0.111123	0.992883
25868	7.827291	0.684998	4.986035	-0.471102	1.631846	-0.001563	0.901915	0.426175	0.070173	-0.430859	0.899104	0.077276	-0.030160	-0.099931	0.994537
25869	8.686332	1.057653	3.936243	-0.526925	1.301932	0.082784	0.901651	0.428730	0.056707	-0.431992	0.899017	0.071773	-0.020209	-0.089212	0.995808
25870	10.597827	0.907183	3.438106	-0.495946	0.947918	0.195856	0.900965	0.431296	0.047389	-0.433672	0.898597	0.066716	-0.013809	-0.080660	0.996646
25871	13.297884	0.850984	3.698589	-0.323947	0.828280	0.278696	0.899594	0.434994	0.038877	-0.436665	0.897402	0.063191	-0.007400	-0.073822	0.997244
25872	13.518804	1.490277	2.669562	-0.147434	0.913671	0.348841	0.898098	0.438773	0.029970	-0.439796	0.895984	0.061585	0.000169	-0.068490	0.997652
25873	12.643665	2.165142	1.070947	-0.063576	0.698102	0.410018	0.896174	0.443106	0.022994	-0.443657	0.894139	0.060696	0.006335	-0.064596	0.997891
25874	12.744115	3.216327	0.413027	-0.109107	0.273073	0.474267	0.894040	0.447517	0.020543	-0.447911	0.892097	0.059489	0.008296	-0.062387	0.998018
25875	12.583901	3.223377	-0.007500	-0.393503	-0.225944	0.563337	0.891432	0.452569	0.023028	-0.453132	0.889723	0.055353	0.004562	-0.059779	0.998201
25876	12.892254	2.278117	0.448069	-0.570069	-0.811433	0.679825	0.888328	0.458130	0.031474	-0.459180	0.886965	0.049462	-0.005256	-0.058391	0.998280
25877	12.862025	1.175749	1.086911	-0.587153	-1.301954	0.857725	0.884202	0.464938	0.044936	-0.466694	0.883361	0.043241	-0.019590	-0.059205	0.998054
25878	-7.428027	-1.730690	13.326154	0.023434	-1.353641	1.066759	0.878828	0.473491	0.058890	-0.476104	0.878342	0.042906	-0.031410	-0.065745	0.997342
25879	-15.026954	6.231756	14.958822	-0.719898	-2.132493	1.613456	0.870136	0.486132	0.080865	-0.489884	0.871102	0.034564	-0.053639	-0.069689	0.996126
25880	-1.146322	-3.005203	11.150216	-1.626668	-3.872715	1.373002	0.860453	0.495264	0.119724	-0.500555	0.865538	0.016993	-0.095210	-0.074550	0.992662
25881	2.375271	0.654439	6.179645	0.233064	-2.503366	0.314073	0.856180	0.496039	0.144572	-0.503599	0.863732	0.018855	-0.115519	-0.088949	0.989315
25882	3.586115	6.578899	10.359387	0.446215	-4.360793	-0.671147	0.853741	0.485803	0.187406	-0.498452	0.866575	0.024353	-0.150571	-0.114204	0.981981
25883	19.310433	6.221888	21.295170	-0.175356	-3.571841	-0.722294	0.851357	0.475211	0.222185	-0.492046	0.870235	0.024131	-0.181886	-0.129870	0.974706
25884	8.222506	-4.197156	12.083054	-0.493747	-1.284810	-0.567719	0.851713	0.468583	0.234553	-0.486279	0.873561	0.020607	-0.195240	-0.131610	0.971885
25885	8.090899	-5.032558	12.730511	0.165408	-2.236723	-0.414973	0.849179	0.461765	0.256258	-0.482996	0.875313	0.023264	-0.213564	-0.143527	0.966328
25886	5.026509	-5.234777	10.282642	0.261036	-1.310874	-0.179477	0.847183	0.458259	0.268848	-0.482041	0.875755	0.026238	-0.223421	-0.151824	0.962825
25887	3.778856	-1.545617	9.960641	0.555947	-1.772676	-0.175843	0.843950	0.453841	0.285966	-0.481775	0.875709	0.032034	-0.235885	-0.164806	0.957704
25888	4.324994	2.033452	10.737137	0.526903	-1.529905	-0.226086	0.841353	0.449254	0.300494	-0.481136	0.875834	0.037716	-0.246239	-0.176311	0.953038
25889	5.011568	2.747753	10.629150	0.352444	-1.639394	-0.288047	0.838585	0.443676	0.316113	-0.479547	0.876514	0.041924	-0.258477	-0.186748	0.947795
25890	6.032841	1.199539	10.899709	0.247021	-1.406001	-0.302581	0.836327	0.438341	0.329265	-0.477661	0.877379	0.045221	-0.269068	-0.195097	0.943154
25891	5.433840	-0.346026	10.306030	0.231506	-1.267142	-0.253977	0.834057	0.433481	0.341237	-0.476094	0.878070	0.048243	-0.278718	-0.202699	0.938738
25892	6.245090	1.003427	10.746710	0.293870	-1.201494	-0.158451	0.831413	0.429610	0.352402	-0.475602	0.878150	0.051531	-0.287323	-0.210447	0.934429
25893	10.125470	3.198465	12.561130	0.088205	-1.189649	0.041968	0.827722	0.427319	0.363696	-0.476122	0.877829	0.052195	-0.296959	-0.216367	0.930054
25894	8.800343	1.749324	11.828912	-0.054044	-0.112895	0.086553	0.826977	0.427837	0.364781	-0.476673	0.877579	0.051364	-0.298149	-0.216357	0.929676
25895	1.462686	-0.943931	8.046750	-0.149509	-0.188869	0.105633	0.825899	0.428181	0.366813	-0.476974	0.877516	0.049607	-0.300644	-0.215931	0.928971
25896	6.419636	0.692062	10.818392	0.020550	-0.615057	0.081406	0.823649	0.427561	0.372551	-0.477703	0.877127	0.049483	-0.305617	-0.218725	0.926692
25897	4.777307	0.775006	9.594951	-0.059382	-0.029738	0.071841	0.823201	0.427961	0.373081	-0.477997	0.877012	0.048675	-0.306365	-0.218401	0.926521
25898	3.870837	-0.103135	9.305132	-0.031748	-0.269329	0.062884	0.822075	0.427925	0.375596	-0.478412	0.876816	0.048132	-0.308732	-0.219258	0.925533
25899	4.767609	0.686187	9.733018	-0.014928	-0.185940	0.062710	0.821184	0.427904	0.377565	-0.478765	0.876643	0.047767	-0.310550	-0.219990	0.924750
25900	4.418974	0.147993	9.528332	-0.035281	-0.137071	0.053171	0.820506	0.428070	0.378848	-0.479087	0.876496	0.047226	-0.311843	-0.220251	0.924253
25901	4.489484	0.116713	9.564983	0.003894	-0.115303	0.042390	0.819927	0.428023	0.380152	-0.479330	0.876369	0.047110	-0.312990	-0.220845	0.923723
25902	4.308340	0.462563	9.501228	0.001560	-0.074994	0.031986	0.819542	0.428140	0.380851	-0.479592	0.876233	0.046989	-0.313596	-0.221163	0.923442
25903	4.333527	0.412214	9.483071	0.002681	-0.075100	0.023242	0.819177	0.428016	0.381773	-0.479677	0.876189	0.046932	-0.314418	-0.221573	0.923064
25904	4.310171	0.301335	9.490782	0.003001	-0.044317	0.017213	0.818959	0.428070	0.382181	-0.479822	0.876112	0.046880	-0.314766	-0.221772	0.922897
25905	3.961557	0.468930	9.310149	0.003277	-0.024193	0.017525	0.818781	0.428011	0.382628	-0.479863	0.876092	0.046848	-0.315166	-0.221968	0.922714
25906	3.905927	0.511999	9.208810	-0.016386	-0.074214	0.021731	0.818446	0.428038	0.383315	-0.479984	0.876039	0.046601	-0.315851	-0.222125	0.922441
25907	4.002467	0.497448	9.272241	-0.015080	-0.080720	0.035916	0.818000	0.428018	0.384287	-0.480120	0.875979	0.046329	-0.316798	-0.222401	0.922050
25908	3.625547	0.740354	9.031799	-0.033792	-0.075290	0.064551	0.817455	0.428417	0.385002	-0.480535	0.875781	0.045756	-0.317575	-0.222410	0.921781
25909	3.364465	0.882039	8.810555	-0.069027	-0.157400	0.100101	0.816456	0.428788	0.386705	-0.481022	0.875566	0.044740	-0.319401	-0.222542	0.921118
25910	3.726461	0.773961	8.971510	-0.081245	-0.255184	0.137532	0.814979	0.429424	0.389106	-0.481878	0.875161	0.043446	-0.321874	-0.222909	0.920168
25911	3.919591	0.652402	9.111710	-0.119275	-0.278129	0.166140	0.813265	0.430101	0.391934	-0.482732	0.874774	0.041710	-0.324915	-0.223121	0.919047
25912	4.073516	0.507628	9.266657	-0.122524	-0.292620	0.171828	0.811483	0.430951	0.394684	-0.483722	0.874312	0.039896	-0.327883	-0.223293	0.917950
25913	4.334177	0.316957	9.412325	-0.118905	-0.308582	0.151569	0.809720	0.431431	0.397769	-0.484447	0.873986	0.038218	-0.331156	-0.223644	0.916689
25914	4.391617	0.335418	9.513103	-0.103751	-0.279705	0.124125	0.808192	0.431890	0.400370	-0.485099	0.873686	0.036760	-0.333922	-0.223928	0.915616
25915	4.349951	0.248103	9.388688	-0.103246	-0.286422	0.091115	0.806775	0.431891	0.403217	-0.485379	0.873585	0.035459	-0.336929	-0.224321	0.914417
25916	4.344539	0.239746	9.368089	-0.070298	-0.308283	0.057460	0.805457	0.431701	0.406046	-0.485598	0.873499	0.034572	-0.339756	-0.225022	0.913198
25917	4.408198	0.208585	9.273209	-0.074271	-0.311167	0.035443	0.804208	0.431157	0.409087	-0.485519	0.873574	0.033760	-0.342812	-0.225769	0.911871
25918	4.017582	0.533612	9.124308	-0.104138	-0.285737	0.045907	0.803006	0.430912	0.411698	-0.485522	0.873616	0.032610	-0.345614	-0.226075	0.910737
25919	3.972159	0.387567	8.919424	-0.161207	-0.374165	0.037518	0.801508	0.430244	0.415300	-0.485154	0.873879	0.030998	-0.349585	-0.226330	0.909156
25920	4.505875	0.321673	9.127925	-0.149259	-0.464916	0.039831	0.799684	0.429538	0.419527	-0.484941	0.874051	0.029465	-0.354031	-0.227008	0.907265
25921	4.888135	0.182405	9.434674	-0.135415	-0.369733	0.043729	0.798142	0.428929	0.423072	-0.484697	0.874232	0.028065	-0.357825	-0.227462	0.905661
25922	4.455933	0.327126	9.334697	-0.209067	-0.282835	0.026581	0.797001	0.428518	0.425631	-0.484150	0.874597	0.026049	-0.361093	-0.226831	0.904522
25923	4.486435	-0.011624	9.168273	-0.109210	-0.342750	0.025671	0.795614	0.427820	0.428916	-0.483853	0.874793	0.024961	-0.364534	-0.227391	0.903000
25924	4.468638	0.197502	9.413950	-0.134768	-0.361412	0.010534	0.794244	0.427089	0.432171	-0.483436	0.875059	0.023688	-0.368059	-0.227741	0.901480
25925	4.808175	-0.182234	9.288388	-0.087635	-0.372854	-0.013941	0.792915	0.425971	0.435701	-0.482893	0.875378	0.022969	-0.371619	-0.228609	0.899798
25926	5.030036	-0.354617	9.580482	-0.110062	-0.341643	-0.052108	0.791896	0.424731	0.438753	-0.482061	0.875856	0.022196	-0.374857	-0.229083	0.898333
25927	4.691240	0.233360	9.460972	-0.051284	-0.201197	-0.036838	0.791293	0.423813	0.440725	-0.481478	0.876185	0.021899	-0.376876	-0.229528	0.897375
25928	4.399276	0.242526	8.969548	-0.110140	-0.236837	-0.028211	0.790538	0.423021	0.442836	-0.480830	0.876562	0.021025	-0.379279	-0.229550	0.896356
25929	4.492823	0.243185	9.247625	-0.042754	-0.297946	-0.007691	0.789413	0.422140	0.445674	-0.480514	0.876743	0.020678	-0.382013	-0.230477	0.894956
25930	4.333618	-0.204207	9.635831	-0.006926	-0.298200	0.051596	0.788027	0.421902	0.448345	-0.480887	0.876546	0.020375	-0.384398	-0.231659	0.893629
25931	3.643442	-0.706506	9.941429	0.140237	-0.386610	0.092818	0.786067	0.421683	0.451977	-0.482058	0.875882	0.021207	-0.386936	-0.234549	0.891778
25932	3.943042	-0.716726	9.680513	0.242200	-0.582451	0.057070	0.783532	0.420802	0.457168	-0.483439	0.875073	0.023094	-0.390338	-0.239108	0.889080
25933	3.920462	-0.667351	10.062536	0.287737	-0.699368	-0.002472	0.780776	0.418974	0.463520	-0.484461	0.874437	0.025649	-0.394573	-0.244583	0.885715
25934	3.874241	-0.974265	9.858107	0.383952	-0.899261	-0.042132	0.777413	0.416372	0.471447	-0.485649	0.873665	0.029228	-0.399717	-0.251680	0.881410
25935	3.817843	-0.796703	10.113441	0.578271	-1.097821	-0.057205	0.773232	0.412977	0.481210	-0.487474	0.872454	0.034553	-0.405564	-0.261295	0.875924
25936	3.778528	-0.764884	10.072620	0.750606	-1.303934	-0.096719	0.768379	0.408647	0.492545	-0.489788	0.870850	0.041564	-0.411948	-0.273179	0.869294
25937	3.288865	-0.451706	10.500352	0.997863	-1.573900	-0.128582	0.762428	0.403048	0.506217	-0.492906	0.868598	0.050806	-0.419222	-0.288254	0.860908
25938	3.149164	-0.527583	10.405466	1.139437	-1.970858	-0.155260	0.754847	0.395844	0.522985	-0.496549	0.865838	0.061344	-0.428538	-0.305993	0.850131
25939	2.552340	-0.127839	10.875165	1.389168	-2.430667	-0.156647	0.745021	0.386765	0.543466	-0.501388	0.862067	0.073836	-0.439947	-0.327496	0.836177
25940	1.578030	-0.295945	11.266026	1.526098	-3.023131	-0.188287	0.732453	0.374871	0.568317	-0.506814	0.857604	0.087498	-0.454590	-0.352119	0.818144
25941	0.801600	-1.164559	10.892967	1.640803	-3.829515	-0.291083	0.716094	0.358382	0.598976	-0.512340	0.852662	0.102350	-0.474043	-0.380171	0.794200
25942	1.446236	-1.032469	10.877365	1.691345	-4.840108	-0.355070	0.694365	0.336204	0.636258	-0.518061	0.847207	0.117702	-0.499471	-0.411349	0.762444
25943	2.689959	-0.700563	11.635873	1.667312	-5.674948	-0.306226	0.666692	0.309436	0.678064	-0.524623	0.841037	0.132015	-0.529426	-0.443742	0.723050
25944	2.888088	1.409615	12.466895	1.447894	-6.256342	-0.198540	0.633579	0.279045	0.721604	-0.531229	0.834980	0.143539	-0.562471	-0.474281	0.677262
25945	3.758237	1.887050	12.126280	0.962293	-6.976191	-0.172638	0.593859	0.243752	0.766757	-0.535875	0.830692	0.150962	-0.600142	-0.500536	0.623934
25946	4.958252	1.469676	11.083788	1.066797	-8.253119	-0.061848	0.542939	0.200785	0.815416	-0.542138	0.825349	0.157748	-0.641329	-0.527716	0.556968
25947	12.243161	4.187738	13.495521	1.593153	-9.973023	-0.252366	0.478144	0.144730	0.866274	-0.551550	0.817065	0.167922	-0.683499	-0.558085	0.470501
25948	16.839729	5.715722	17.891335	0.868276	-9.592867	-0.289032	0.412315	0.087922	0.906789	-0.556355	0.812481	0.174196	-0.721433	-0.576320	0.383914
25949	18.298835	5.957891	16.235465	0.107427	-8.858337	-0.446928	0.349415	0.033155	0.936381	-0.555577	0.812065	0.178563	-0.754482	-0.582624	0.302168
25950	14.407839	2.241750	16.438224	-0.279649	-8.775100	-0.665598	0.285567	-0.023335	0.958075	-0.551298	0.813734	0.184141	-0.783915	-0.580769	0.219511
25951	14.129599	-1.338860	21.933363	1.272561	-8.935159	-1.435602	0.222902	-0.086851	0.970964	-0.557870	0.805441	0.200114	-0.799434	-0.586278	0.131083
25952	3.547048	1.551855	23.981833	1.448471	-6.217737	-1.087635	0.179171	-0.132173	0.974899	-0.567286	0.795728	0.212140	-0.803793	-0.591056	0.067591
25953	-6.282505	-7.576664	13.956591	1.834982	-5.172687	-0.499634	0.140835	-0.166443	0.975942	-0.581439	0.783950	0.217605	-0.801308	-0.598097	0.013631
25954	23.138860	0.675864	16.808326	4.920266	-8.805326	0.690510	0.066970	-0.214759	0.974368	-0.621102	0.755303	0.209164	-0.780863	-0.619190	-0.082804
25955	47.833901	16.558402	47.934843	1.914231	-0.213862	1.223794	0.058047	-0.206357	0.976753	-0.636995	0.745693	0.195397	-0.768679	-0.633529	-0.088163
25956	1.864406	13.235894	20.920930	-0.267512	4.041353	1.550094	0.079235	-0.169036	0.982420	-0.635992	0.750314	0.180394	-0.767617	-0.639105	-0.048055
25957	-6.514322	8.574605	15.340394	-1.939674	3.375714	1.640915	0.095651	-0.134424	0.986297	-0.622838	0.764831	0.164643	-0.776482	-0.630051	-0.010567
25958	-9.629910	1.798549	8.085138	-2.914012	3.216113	1.619465	0.110952	-0.101903	0.988588	-0.601656	0.784843	0.148427	-0.791011	-0.611258	0.025770
25959	-5.675979	-3.574120	5.623562	-1.772924	1.499518	1.254397	0.116138	-0.082115	0.989833	-0.589408	0.796437	0.135227	-0.799443	-0.599121	0.044098
25960	2.935123	-3.290726	10.957761	-0.621174	1.673773	0.857758	0.124501	-0.065260	0.990071	-0.585457	0.800788	0.126405	-0.801086	-0.595382	0.061493
25961	3.618822	-0.532786	10.824553	-0.086590	3.494924	0.597452	0.149647	-0.038744	0.987980	-0.586076	0.801291	0.120195	-0.796317	-0.597019	0.097204
