// General information: 
//  MT Manager version: 2022.2.0 
//  XDA version: 2022.2.0 build 7381 rev 124627 built on 2023-07-19
// Device information: 
//  DeviceId: 00B4CB9F
//  ProductCode: MTW2-3A7G6
//  Firmware Version: 4.6.0
//  Hardware Version: 2.0.0
// Device settings: 
//  Filter Profile: human(46.1)
//  Option Flags: Orientation Smoother Disabled, Position/Velocity Smoother Disabled, Continuous Zero Rotation Update Disabled, AHS Disabled, ICC Disabled
// Coordinate system: ENU
PacketCounter	Acc_X	Acc_Y	Acc_Z	Gyr_X	Gyr_Y	Gyr_Z	Mat[1][1]	Mat[2][1]	Mat[3][1]	Mat[1][2]	Mat[2][2]	Mat[3][2]	Mat[1][3]	Mat[2][3]	Mat[3][3]
50796	9.654048	-1.264145	-1.280088	0.000661	-0.012191	-0.005238	-0.170311	0.057518	0.983710	-0.434471	0.891636	-0.127355	-0.884437	-0.449084	-0.126866
50797	9.622736	-1.274584	-1.271261	0.002010	-0.010665	-0.004520	-0.170505	0.057535	0.983676	-0.434381	0.891667	-0.127447	-0.884444	-0.449020	-0.127042
50798	9.618567	-1.252733	-1.261428	-0.000751	-0.009045	-0.002435	-0.170633	0.057481	0.983657	-0.434372	0.891670	-0.127455	-0.884423	-0.449021	-0.127180
50799	9.604270	-1.294717	-1.293774	0.003423	-0.013812	-0.007325	-0.170767	0.057426	0.983637	-0.434380	0.891665	-0.127468	-0.884394	-0.449039	-0.127323
50800	9.604171	-1.294162	-1.295058	0.004270	-0.013974	-0.005250	-0.170927	0.057324	0.983615	-0.434421	0.891647	-0.127455	-0.884343	-0.449088	-0.127503
50801	9.640009	-1.306513	-1.257239	0.004082	-0.012980	-0.003624	-0.170949	0.057192	0.983619	-0.434622	0.891560	-0.127375	-0.884240	-0.449277	-0.127554
50802	9.643983	-1.327662	-1.269256	0.004272	-0.013975	-0.005252	-0.171107	0.057090	0.983597	-0.434663	0.891542	-0.127362	-0.884189	-0.449326	-0.127734
50803	9.617415	-1.305018	-1.269395	0.004774	-0.012287	-0.006609	-0.171265	0.056957	0.983577	-0.434788	0.891485	-0.127332	-0.884097	-0.449455	-0.127916
50804	9.640405	-1.307078	-1.201160	0.008571	-0.015064	-0.008248	-0.171420	0.056824	0.983558	-0.434873	0.891449	-0.127294	-0.884025	-0.449543	-0.128101
50805	9.636218	-1.285197	-1.191592	0.008852	-0.012240	-0.001293	-0.171552	0.056779	0.983537	-0.434991	0.891386	-0.127332	-0.883942	-0.449674	-0.128221
50806	9.667337	-1.273910	-1.202701	0.007537	-0.013909	-0.008699	-0.171695	0.056646	0.983520	-0.435067	0.891355	-0.127289	-0.883876	-0.449752	-0.128396
50807	9.640122	-1.305857	-1.204758	-0.000022	-0.012889	-0.002259	-0.171811	0.056666	0.983499	-0.435018	0.891370	-0.127353	-0.883878	-0.449721	-0.128496
50808	9.622335	-1.271944	-1.224502	0.003052	-0.011825	-0.004077	-0.171956	0.056585	0.983478	-0.435047	0.891356	-0.127350	-0.883836	-0.449758	-0.128657
50809	9.679949	-1.282700	-1.236647	0.002205	-0.011665	-0.006153	-0.172168	0.056608	0.983440	-0.434943	0.891392	-0.127453	-0.883846	-0.449683	-0.128848
50810	9.630351	-1.314007	-1.248266	0.000670	-0.012197	-0.005245	-0.172311	0.056514	0.983420	-0.434952	0.891390	-0.127436	-0.883813	-0.449699	-0.129015
50811	9.621365	-1.268421	-1.287691	-0.000866	-0.012729	-0.004337	-0.172392	0.056432	0.983411	-0.435012	0.891365	-0.127408	-0.883768	-0.449759	-0.129116
50812	9.620647	-1.322694	-1.290524	-0.004542	-0.006272	-0.000798	-0.172502	0.056405	0.983393	-0.434968	0.891384	-0.127427	-0.883768	-0.449726	-0.129231
50813	9.585241	-1.311845	-1.270938	-0.001676	-0.017103	-0.003252	-0.172703	0.056415	0.983357	-0.434865	0.891422	-0.127514	-0.883780	-0.449649	-0.129418
50814	9.638672	-1.301191	-1.272912	-0.001675	-0.017104	-0.003253	-0.172897	0.056317	0.983328	-0.434850	0.891429	-0.127513	-0.883749	-0.449647	-0.129636
50815	9.624287	-1.343191	-1.305628	-0.000675	-0.013726	-0.005967	-0.173125	0.056299	0.983289	-0.434764	0.891460	-0.127589	-0.883747	-0.449587	-0.129857
50816	9.656167	-1.333705	-1.257107	-0.000175	-0.012038	-0.007325	-0.173257	0.056189	0.983272	-0.434769	0.891463	-0.127551	-0.883718	-0.449596	-0.130023
50817	9.633701	-1.332529	-1.267806	0.000983	-0.009514	-0.004979	-0.173472	0.056030	0.983244	-0.434907	0.891399	-0.127526	-0.883608	-0.449742	-0.130265
50818	9.616102	-1.354914	-1.229491	0.003934	-0.012130	-0.008699	-0.173600	0.055906	0.983228	-0.434952	0.891384	-0.127480	-0.883561	-0.449787	-0.130428
50819	9.620757	-1.321172	-1.239447	0.003746	-0.011135	-0.007071	-0.173778	0.055886	0.983198	-0.434919	0.891392	-0.127539	-0.883542	-0.449775	-0.130598
50820	9.643123	-1.320950	-1.231038	0.003815	-0.015812	-0.010600	-0.173930	0.055729	0.983180	-0.434966	0.891378	-0.127473	-0.883489	-0.449821	-0.130797
50821	9.674241	-1.309317	-1.242317	0.007169	-0.011920	-0.005461	-0.174108	0.055727	0.983148	-0.434956	0.891372	-0.127553	-0.883459	-0.449835	-0.130956
50822	9.666026	-1.265602	-1.221855	0.010619	-0.012848	-0.010540	-0.174235	0.055585	0.983134	-0.435063	0.891328	-0.127497	-0.883381	-0.449939	-0.131117
50823	9.643572	-1.264271	-1.232557	0.001176	-0.010512	-0.006610	-0.174427	0.055532	0.983103	-0.435059	0.891323	-0.127538	-0.883345	-0.449954	-0.131311
50824	9.630691	-1.253557	-1.203146	-0.001207	-0.010885	-0.007776	-0.174548	0.055422	0.983088	-0.435056	0.891331	-0.127494	-0.883323	-0.449952	-0.131468
50825	9.643497	-1.262826	-1.234627	-0.006353	-0.009637	-0.006848	-0.174723	0.055341	0.983061	-0.435027	0.891345	-0.127496	-0.883303	-0.449935	-0.131663
50826	9.653057	-1.252578	-1.195567	-0.011309	-0.009386	-0.007549	-0.174832	0.055240	0.983048	-0.434935	0.891398	-0.127442	-0.883326	-0.449842	-0.131819
50827	9.652161	-1.249774	-1.256531	-0.014875	-0.012142	-0.004372	-0.174932	0.055128	0.983036	-0.434909	0.891419	-0.127383	-0.883319	-0.449815	-0.131962
50828	9.657004	-1.272943	-1.208671	-0.017517	-0.006841	-0.000379	-0.175050	0.055103	0.983016	-0.434750	0.891496	-0.127390	-0.883374	-0.449666	-0.132101
50829	9.651995	-1.248802	-1.258765	-0.015722	-0.011982	-0.006451	-0.175284	0.055021	0.982979	-0.434617	0.891558	-0.127404	-0.883393	-0.449552	-0.132363
50830	9.637669	-1.290683	-1.291070	-0.013408	-0.006933	-0.001755	-0.175397	0.054983	0.982961	-0.434497	0.891617	-0.127404	-0.883430	-0.449440	-0.132497
50831	9.633528	-1.268677	-1.281199	-0.015601	-0.008302	-0.004551	-0.175457	0.054976	0.982951	-0.434343	0.891692	-0.127402	-0.883494	-0.449291	-0.132575
50832	9.624741	-1.279567	-1.262529	-0.015600	-0.008302	-0.004552	-0.175570	0.054907	0.982935	-0.434207	0.891763	-0.127371	-0.883538	-0.449160	-0.132725
50833	9.637490	-1.289044	-1.294045	-0.013712	-0.009620	-0.002032	-0.175660	0.054940	0.982917	-0.434033	0.891841	-0.127417	-0.883606	-0.449000	-0.132815
50834	9.663901	-1.310624	-1.296485	-0.009723	-0.013391	-0.005312	-0.175814	0.054842	0.982895	-0.433951	0.891885	-0.127386	-0.883615	-0.448924	-0.133007
50835	9.659706	-1.288746	-1.286891	-0.006372	-0.009498	-0.000169	-0.176004	0.054831	0.982861	-0.433897	0.891901	-0.127456	-0.883604	-0.448894	-0.133188
50836	9.673269	-1.300696	-1.258835	-0.005451	-0.014336	-0.001629	-0.176183	0.054761	0.982833	-0.433847	0.891924	-0.127467	-0.883593	-0.448856	-0.133384
50837	9.632918	-1.266417	-1.288002	-0.001109	-0.007063	0.000805	-0.176309	0.054677	0.982815	-0.433960	0.891869	-0.127466	-0.883512	-0.448976	-0.133517
50838	9.620004	-1.256438	-1.258357	-0.008942	-0.008876	0.000296	-0.176448	0.054649	0.982792	-0.433875	0.891907	-0.127492	-0.883526	-0.448905	-0.133664
50839	9.655139	-1.266790	-1.280187	-0.009791	-0.008715	-0.001780	-0.176537	0.054569	0.982780	-0.433894	0.891902	-0.127464	-0.883499	-0.448924	-0.133776
50840	9.632615	-1.265921	-1.290749	-0.012362	-0.008093	-0.001316	-0.176661	0.054530	0.982760	-0.433782	0.891956	-0.127469	-0.883529	-0.448822	-0.133920
50841	9.646257	-1.277858	-1.262220	-0.014816	-0.003790	0.001055	-0.176770	0.054569	0.982738	-0.433647	0.892012	-0.127533	-0.883574	-0.448706	-0.134017
50842	9.636564	-1.287111	-1.302831	-0.013282	-0.003256	0.000144	-0.176858	0.054565	0.982723	-0.433524	0.892069	-0.127552	-0.883616	-0.448593	-0.134115
50843	9.627782	-1.298566	-1.283738	-0.013776	-0.004948	0.001498	-0.176908	0.054576	0.982713	-0.433445	0.892105	-0.127572	-0.883646	-0.448520	-0.134165
50844	9.627713	-1.298422	-1.284404	-0.012053	-0.005408	-0.001043	-0.177010	0.054551	0.982696	-0.433335	0.892157	-0.127580	-0.883679	-0.448419	-0.134281
50845	9.635803	-1.341118	-1.306824	-0.013397	-0.006938	-0.001765	-0.177157	0.054567	0.982669	-0.433191	0.892218	-0.127640	-0.883720	-0.448296	-0.134425
50846	9.640403	-1.307831	-1.316176	-0.015544	0.000050	0.000884	-0.177219	0.054584	0.982657	-0.433047	0.892285	-0.127663	-0.883778	-0.448161	-0.134492
50847	9.614239	-1.342211	-1.257665	-0.007759	-0.006491	-0.004051	-0.177419	0.054536	0.982623	-0.433002	0.892301	-0.127704	-0.883760	-0.448135	-0.134697
50848	9.649414	-1.352374	-1.279338	-0.005871	-0.007810	-0.001532	-0.177541	0.054496	0.982603	-0.432947	0.892326	-0.127716	-0.883762	-0.448090	-0.134830
50849	9.626906	-1.351542	-1.289709	-0.009480	-0.006031	-0.001511	-0.177711	0.054557	0.982569	-0.432791	0.892386	-0.127825	-0.883805	-0.447963	-0.134975
50850	9.631905	-1.374949	-1.241290	-0.008679	-0.001654	-0.002588	-0.177773	0.054536	0.982559	-0.432714	0.892424	-0.127824	-0.883830	-0.447891	-0.135051
50851	9.626901	-1.350783	-1.290537	-0.005920	-0.003270	-0.004685	-0.177870	0.054540	0.982542	-0.432654	0.892447	-0.127862	-0.883840	-0.447844	-0.135142
50852	9.622852	-1.328694	-1.280121	-0.008302	-0.003643	-0.005851	-0.177936	0.054481	0.982533	-0.432586	0.892485	-0.127829	-0.883860	-0.447775	-0.135238
50853	9.614202	-1.339585	-1.260747	-0.009034	0.000200	-0.006017	-0.177868	0.054439	0.982547	-0.432580	0.892498	-0.127759	-0.883876	-0.447755	-0.135197
50854	9.636736	-1.339323	-1.251346	-0.008656	-0.001788	-0.009281	-0.177902	0.054358	0.982546	-0.432515	0.892539	-0.127691	-0.883901	-0.447682	-0.135274
50855	9.627725	-1.293101	-1.289671	-0.011226	-0.001168	-0.008816	-0.177900	0.054290	0.982550	-0.432477	0.892567	-0.127622	-0.883921	-0.447634	-0.135308
50856	9.645640	-1.325827	-1.271502	-0.008844	-0.000795	-0.007650	-0.177933	0.054228	0.982547	-0.432407	0.892609	-0.127570	-0.883948	-0.447559	-0.135376
50857	9.649834	-1.346398	-1.282466	-0.008349	0.000897	-0.009004	-0.177931	0.054120	0.982554	-0.432454	0.892599	-0.127479	-0.883926	-0.447591	-0.135416
50858	9.592270	-1.334491	-1.271239	-0.003891	-0.001042	-0.006950	-0.177969	0.054063	0.982550	-0.432427	0.892618	-0.127440	-0.883931	-0.447561	-0.135480
50859	9.619400	-1.301243	-1.270671	-0.005234	-0.002572	-0.007673	-0.178044	0.054061	0.982536	-0.432362	0.892646	-0.127463	-0.883948	-0.447505	-0.135557
50860	9.646017	-1.322429	-1.272179	-0.002169	-0.001500	-0.009492	-0.178076	0.053979	0.982535	-0.432355	0.892658	-0.127402	-0.883945	-0.447491	-0.135623
50861	9.641077	-1.297858	-1.321102	-0.003586	0.001644	-0.006672	-0.178194	0.053919	0.982517	-0.432396	0.892637	-0.127408	-0.883901	-0.447540	-0.135748
50862	9.628410	-1.287052	-1.290609	-0.005588	-0.000718	-0.011103	-0.178212	0.053827	0.982519	-0.432361	0.892665	-0.127327	-0.883914	-0.447494	-0.135811
50863	9.628523	-1.286082	-1.290732	0.000213	-0.001127	-0.008326	-0.178235	0.053794	0.982516	-0.432386	0.892656	-0.127312	-0.883897	-0.447518	-0.135842
50864	9.641440	-1.295000	-1.321260	-0.000142	0.000728	-0.011755	-0.178237	0.053702	0.982521	-0.432401	0.892660	-0.127232	-0.883890	-0.447521	-0.135884
50865	9.615027	-1.271992	-1.319998	-0.002357	-0.000507	-0.007861	-0.178137	0.053726	0.982538	-0.432362	0.892683	-0.127201	-0.883929	-0.447471	-0.135791
50866	9.637562	-1.271651	-1.310612	-0.003509	-0.003032	-0.010217	-0.178179	0.053631	0.982535	-0.432344	0.892702	-0.127131	-0.883929	-0.447446	-0.135874
50867	9.623868	-1.258548	-1.340323	-0.002964	-0.005881	-0.008420	-0.178300	0.053640	0.982513	-0.432255	0.892737	-0.127182	-0.883948	-0.447373	-0.135989
50868	9.615201	-1.269456	-1.321172	-0.005914	-0.003274	-0.004690	-0.178368	0.053594	0.982503	-0.432207	0.892764	-0.127164	-0.883958	-0.447326	-0.136077
50869	9.663248	-1.288968	-1.373205	-0.009256	-0.007167	-0.009847	-0.178450	0.053486	0.982494	-0.432187	0.892782	-0.127100	-0.883952	-0.447302	-0.136201
50870	9.623928	-1.256129	-1.342158	-0.004494	-0.006418	-0.007513	-0.178533	0.053401	0.982484	-0.432156	0.892804	-0.127056	-0.883950	-0.447270	-0.136317
50871	9.650483	-1.277340	-1.344182	-0.008406	-0.007330	-0.007771	-0.178711	0.053272	0.982458	-0.432182	0.892795	-0.127025	-0.883901	-0.447302	-0.136529
50872	9.641824	-1.288133	-1.325162	-0.001620	-0.004350	-0.007699	-0.178776	0.053194	0.982451	-0.432177	0.892804	-0.126983	-0.883890	-0.447294	-0.136622
50873	9.629064	-1.277490	-1.295216	-0.001922	-0.007037	-0.007980	-0.178859	0.053122	0.982440	-0.432199	0.892796	-0.126959	-0.883863	-0.447317	-0.136725
50874	9.628594	-1.331506	-1.297923	-0.001454	-0.005212	-0.002637	-0.178953	0.053085	0.982424	-0.432187	0.892801	-0.126967	-0.883850	-0.447312	-0.136827
50875	9.637259	-1.319480	-1.318066	0.001800	-0.005131	-0.006089	-0.179079	0.052981	0.982407	-0.432293	0.892753	-0.126947	-0.883772	-0.447421	-0.136970
50876	9.645919	-1.307442	-1.338237	0.003688	-0.006449	-0.003569	-0.179180	0.052930	0.982391	-0.432328	0.892735	-0.126953	-0.883735	-0.447462	-0.137077
50877	9.614772	-1.318091	-1.328751	0.005410	-0.006905	-0.006113	-0.179243	0.052892	0.982382	-0.432404	0.892697	-0.126959	-0.883685	-0.447542	-0.137139
50878	9.623427	-1.306050	-1.348935	0.002649	-0.005293	-0.004013	-0.179332	0.052842	0.982368	-0.432430	0.892685	-0.126959	-0.883654	-0.447573	-0.137236
50879	9.600959	-1.305062	-1.359059	0.007981	-0.007524	-0.006580	-0.179395	0.052742	0.982362	-0.432595	0.892610	-0.126922	-0.883561	-0.447734	-0.137314
50880	9.627484	-1.326620	-1.361054	0.007490	-0.009217	-0.005227	-0.179513	0.052664	0.982345	-0.432666	0.892576	-0.126917	-0.883502	-0.447810	-0.137443
50881	9.649901	-1.326703	-1.352185	0.007982	-0.007525	-0.006581	-0.179643	0.052612	0.982324	-0.432766	0.892524	-0.126945	-0.883426	-0.447921	-0.137567
50882	9.618789	-1.337252	-1.342588	0.008284	-0.004838	-0.006301	-0.179718	0.052544	0.982314	-0.432846	0.892487	-0.126930	-0.883372	-0.448002	-0.137653
50883	9.628505	-1.327316	-1.302861	0.010007	-0.005295	-0.008846	-0.179842	0.052489	0.982294	-0.432947	0.892435	-0.126953	-0.883297	-0.448113	-0.137772
50884	9.641769	-1.281938	-1.331553	0.007737	-0.001990	-0.008099	-0.179884	0.052418	0.982290	-0.433026	0.892401	-0.126920	-0.883250	-0.448188	-0.137831
50885	9.629060	-1.271255	-1.301372	0.003715	-0.006585	-0.010269	-0.179893	0.052329	0.982293	-0.433116	0.892366	-0.126858	-0.883204	-0.448268	-0.137866
50886	9.606686	-1.269741	-1.311297	0.001936	-0.001587	-0.010876	-0.179919	0.052235	0.982294	-0.433149	0.892360	-0.126789	-0.883182	-0.448291	-0.137927
50887	9.637858	-1.257890	-1.321664	-0.003340	-0.003898	-0.005157	-0.179944	0.052305	0.982285	-0.433054	0.892398	-0.126849	-0.883224	-0.448208	-0.137930
50888	9.642020	-1.278611	-1.332938	-0.005038	-0.003576	-0.009311	-0.179994	0.052216	0.982281	-0.433022	0.892422	-0.126787	-0.883229	-0.448170	-0.138020
50889	9.610987	-1.288723	-1.323251	-0.005038	-0.003577	-0.009311	-0.180119	0.052196	0.982259	-0.432961	0.892448	-0.126816	-0.883234	-0.448121	-0.138148
50890	9.642153	-1.276715	-1.333792	-0.006569	-0.004114	-0.008401	-0.180178	0.052113	0.982253	-0.432913	0.892478	-0.126761	-0.883245	-0.448070	-0.138245
50891	9.651889	-1.266560	-1.294136	-0.006759	-0.003120	-0.006768	-0.180231	0.052018	0.982248	-0.432969	0.892459	-0.126708	-0.883207	-0.448119	-0.138327
50892	9.606622	-1.319270	-1.315818	-0.005528	-0.005270	-0.007959	-0.180302	0.051934	0.982239	-0.432930	0.892485	-0.126658	-0.883211	-0.448078	-0.138433
50893	9.656098	-1.286370	-1.306017	-0.006567	-0.004115	-0.008403	-0.180487	0.052028	0.982200	-0.432726	0.892564	-0.126797	-0.883274	-0.447908	-0.138583
50894	9.633697	-1.284867	-1.316119	-0.003804	-0.005727	-0.010505	-0.180552	0.051920	0.982194	-0.432707	0.892584	-0.126725	-0.883270	-0.447882	-0.138692
50895	9.656216	-1.284657	-1.306829	-0.006841	0.001555	-0.003219	-0.180545	0.051936	0.982195	-0.432673	0.892599	-0.126732	-0.883288	-0.447850	-0.138683
50896	9.642472	-1.271918	-1.336069	0.000216	-0.001129	-0.008335	-0.180579	0.051867	0.982192	-0.432686	0.892599	-0.126687	-0.883275	-0.447857	-0.138742
50897	9.656401	-1.283270	-1.306825	0.000515	0.001558	-0.008054	-0.180679	0.051757	0.982179	-0.432806	0.892546	-0.126652	-0.883195	-0.447977	-0.138864
50898	9.659959	-1.247230	-1.375207	0.001364	0.001398	-0.005976	-0.180701	0.051721	0.982177	-0.432825	0.892539	-0.126632	-0.883181	-0.447994	-0.138897
50899	9.611682	-1.280966	-1.325735	0.002596	-0.000752	-0.007168	-0.180790	0.051616	0.982166	-0.432969	0.892474	-0.126600	-0.883093	-0.448136	-0.139003
50900	9.607601	-1.259068	-1.314881	-0.000849	0.000160	-0.002078	-0.180840	0.051608	0.982158	-0.432962	0.892476	-0.126615	-0.883086	-0.448134	-0.139051
50901	9.616265	-1.247039	-1.334711	-0.001805	-0.003361	-0.006071	-0.180955	0.051506	0.982142	-0.433064	0.892429	-0.126592	-0.883012	-0.448238	-0.139184
50902	9.638393	-1.301565	-1.327547	0.000575	-0.002983	-0.004904	-0.181020	0.051460	0.982132	-0.433074	0.892426	-0.126581	-0.882994	-0.448250	-0.139261
50903	9.674004	-1.256920	-1.346676	-0.007139	-0.001134	-0.003501	-0.181041	0.051439	0.982129	-0.433065	0.892432	-0.126571	-0.882994	-0.448240	-0.139291
50904	9.638839	-1.245977	-1.325787	-0.012640	0.001952	-0.005997	-0.181058	0.051405	0.982128	-0.432960	0.892488	-0.126531	-0.883042	-0.448132	-0.139336
50905	9.625811	-1.289987	-1.297344	-0.016742	0.002029	-0.004619	-0.181201	0.051465	0.982099	-0.432762	0.892572	-0.126620	-0.883110	-0.447958	-0.139463
50906	9.625891	-1.289276	-1.297460	-0.015509	-0.000121	-0.005812	-0.181237	0.051423	0.982094	-0.432632	0.892641	-0.126578	-0.883166	-0.447826	-0.139533
50907	9.652584	-1.310506	-1.298852	-0.017780	0.003182	-0.005064	-0.181160	0.051363	0.982111	-0.432594	0.892673	-0.126482	-0.883201	-0.447769	-0.139497
50908	9.638841	-1.297686	-1.328098	-0.013128	0.000257	-0.004647	-0.181198	0.051334	0.982106	-0.432483	0.892730	-0.126455	-0.883247	-0.447658	-0.139560
50909	9.616453	-1.296605	-1.337695	-0.016930	0.003020	-0.002988	-0.181294	0.051386	0.982086	-0.432332	0.892794	-0.126523	-0.883302	-0.447525	-0.139642
50910	9.634901	-1.275056	-1.316842	-0.020791	0.010326	-0.004479	-0.181244	0.051403	0.982094	-0.432153	0.892886	-0.126487	-0.883399	-0.447340	-0.139616
50911	9.653061	-1.307904	-1.297926	-0.014416	0.006947	-0.006607	-0.181174	0.051383	0.982108	-0.432109	0.892915	-0.126430	-0.883435	-0.447283	-0.139570
50912	9.618019	-1.296841	-1.276229	-0.017919	0.012396	-0.004666	-0.181105	0.051407	0.982119	-0.431956	0.892994	-0.126396	-0.883524	-0.447123	-0.139520
50913	9.590624	-1.271696	-1.333601	-0.024946	0.014940	-0.006257	-0.180998	0.051440	0.982137	-0.431794	0.893078	-0.126351	-0.883625	-0.446951	-0.139433
50914	9.627491	-1.228990	-1.291477	-0.025135	0.015932	-0.004625	-0.180897	0.051481	0.982154	-0.431577	0.893189	-0.126308	-0.883752	-0.446724	-0.139357
50915	9.618109	-1.237317	-1.330462	-0.024747	0.013945	-0.007900	-0.180814	0.051555	0.982165	-0.431346	0.893302	-0.126300	-0.883882	-0.446490	-0.139284
50916	9.632222	-1.248474	-1.300025	-0.020538	0.017550	-0.007358	-0.180688	0.051578	0.982187	-0.431174	0.893394	-0.126236	-0.883991	-0.446303	-0.139186
50917	9.637081	-1.214428	-1.306790	-0.030957	0.029218	-0.005095	-0.180442	0.051702	0.982226	-0.430937	0.893514	-0.126199	-0.884157	-0.446049	-0.138947
50918	9.646274	-1.201857	-1.323235	-0.026397	0.043731	-0.005499	-0.180092	0.051859	0.982282	-0.430710	0.893631	-0.126145	-0.884339	-0.445797	-0.138600
50919	9.667929	-1.308112	-1.373159	-0.033145	0.061846	-0.004499	-0.179598	0.052104	0.982359	-0.430478	0.893748	-0.126106	-0.884552	-0.445533	-0.138086
50920	9.658226	-1.368555	-1.468630	-0.061359	0.089685	0.001653	-0.178872	0.052529	0.982469	-0.429930	0.894017	-0.126075	-0.884966	-0.444944	-0.137331
50921	9.534929	-1.300753	-1.475491	-0.083380	0.106781	0.001808	-0.178016	0.053070	0.982596	-0.429201	0.894368	-0.126062	-0.885493	-0.444172	-0.136434
50922	9.256077	-0.947222	-1.228001	-0.106440	0.108335	-0.009473	-0.177076	0.053477	0.982743	-0.428272	0.894842	-0.125862	-0.886131	-0.443168	-0.135552
50923	9.014494	-1.063922	-0.974254	-0.165040	0.065273	-0.006892	-0.176441	0.053735	0.982843	-0.426862	0.895553	-0.125593	-0.886937	-0.441698	-0.135075
50924	9.239709	-1.352827	-1.078566	-0.209717	0.017977	-0.006255	-0.176315	0.053769	0.982864	-0.425009	0.896477	-0.125285	-0.887851	-0.439816	-0.135210
50925	9.503891	-1.502295	-1.330315	-0.239986	0.011116	-0.018417	-0.176233	0.053589	0.982889	-0.423042	0.897477	-0.124784	-0.888807	-0.437795	-0.135494
50926	9.531381	-1.746138	-1.595955	-0.209281	-0.003579	-0.027879	-0.176207	0.053335	0.982907	-0.421228	0.898402	-0.124263	-0.889673	-0.435924	-0.135839
50927	9.835908	-1.811659	-1.506807	-0.149273	-0.001354	-0.045352	-0.176026	0.052906	0.982963	-0.420081	0.899028	-0.123615	-0.890251	-0.434683	-0.136028
50928	9.778285	-1.676976	-1.239297	-0.075989	0.050121	-0.058402	-0.175395	0.052610	0.983091	-0.419504	0.899385	-0.122975	-0.890647	-0.433980	-0.135677
50929	9.514462	-1.512315	-1.103281	-0.028192	0.064495	-0.070950	-0.174567	0.052240	0.983259	-0.419474	0.899496	-0.122263	-0.890824	-0.433794	-0.135109
50930	9.450668	-1.346199	-0.999079	0.006861	0.043380	-0.081707	-0.173898	0.051705	0.983405	-0.419675	0.899505	-0.121506	-0.890860	-0.433840	-0.134723
50931	9.478110	-1.411759	-1.059921	0.030633	0.021354	-0.081275	-0.173490	0.051042	0.983512	-0.420186	0.899362	-0.120795	-0.890699	-0.434215	-0.134583
50932	9.584959	-1.540267	-1.186544	0.051095	-0.000699	-0.070693	-0.173259	0.050415	0.983585	-0.420762	0.899172	-0.120206	-0.890472	-0.434682	-0.134577
50933	9.603256	-1.674353	-1.234025	0.091414	-0.020035	-0.061896	-0.173104	0.049739	0.983647	-0.421841	0.898736	-0.119682	-0.889991	-0.435660	-0.134593
50934	9.576499	-1.699792	-1.296213	0.115073	-0.037313	-0.051190	-0.173280	0.049128	0.983647	-0.422952	0.898255	-0.119370	-0.889430	-0.436720	-0.134871
50935	9.617792	-1.679503	-1.208220	0.132177	-0.054043	-0.045432	-0.173590	0.048502	0.983623	-0.424293	0.897653	-0.119143	-0.888731	-0.438026	-0.135244
50936	9.562098	-1.674846	-1.021748	0.143599	-0.074275	-0.057907	-0.174063	0.047668	0.983580	-0.425667	0.897047	-0.118804	-0.887980	-0.439357	-0.135852
50937	9.550873	-1.721006	-0.880081	0.153938	-0.097053	-0.072799	-0.174660	0.046589	0.983526	-0.427267	0.896348	-0.118336	-0.887094	-0.440897	-0.136651
50938	9.566229	-1.838740	-0.803737	0.165314	-0.116467	-0.090437	-0.175366	0.045275	0.983462	-0.428889	0.895655	-0.117710	-0.886172	-0.442439	-0.137649
50939	9.634729	-1.940858	-0.788321	0.188728	-0.130418	-0.107010	-0.176092	0.043791	0.983399	-0.430816	0.894824	-0.116990	-0.885093	-0.444265	-0.138706
50940	9.737632	-2.037701	-0.603334	0.231817	-0.127815	-0.121613	-0.176757	0.042144	0.983352	-0.433080	0.893840	-0.116154	-0.883855	-0.446401	-0.139741
50941	9.841273	-2.077755	-0.414131	0.279000	-0.112416	-0.135412	-0.177268	0.040401	0.983333	-0.435926	0.892572	-0.115257	-0.882352	-0.449092	-0.140613
50942	9.878025	-2.060180	-0.248849	0.320379	-0.092032	-0.148627	-0.177489	0.038671	0.983363	-0.439013	0.891183	-0.114284	-0.880776	-0.451993	-0.141198
50943	9.990165	-1.920337	-0.068209	0.352320	-0.069284	-0.151310	-0.177404	0.037119	0.983438	-0.442440	0.889601	-0.113390	-0.879076	-0.455228	-0.141395
50944	10.053940	-1.758945	0.166270	0.376635	-0.032847	-0.152060	-0.177076	0.035628	0.983552	-0.446016	0.887931	-0.112464	-0.877333	-0.458594	-0.141341
50945	10.096033	-1.597292	0.453900	0.383916	0.006647	-0.149140	-0.176438	0.034433	0.983709	-0.449694	0.886174	-0.111676	-0.875583	-0.462072	-0.140870
50946	10.065359	-1.412705	0.726435	0.378358	0.048356	-0.138779	-0.175448	0.033438	0.983921	-0.453247	0.884462	-0.110879	-0.873948	-0.465412	-0.140021
50947	10.100560	-1.280298	0.969411	0.369881	0.088002	-0.128249	-0.174145	0.032773	0.984175	-0.456820	0.882703	-0.110226	-0.872347	-0.468786	-0.138747
50948	10.179405	-1.147364	1.234164	0.351954	0.120980	-0.107278	-0.172659	0.032405	0.984449	-0.460073	0.881079	-0.109693	-0.870932	-0.471858	-0.137217
50949	10.400665	-1.055604	1.539255	0.345611	0.170060	-0.102185	-0.170734	0.032365	0.984786	-0.463403	0.879388	-0.109242	-0.869544	-0.475004	-0.135143
50950	10.592497	-0.941528	1.851429	0.337395	0.243938	-0.080147	-0.168301	0.032832	0.985189	-0.466470	0.877803	-0.108941	-0.868378	-0.477896	-0.132420
50951	10.652687	-0.851838	2.223749	0.324733	0.336009	-0.063266	-0.165155	0.033937	0.985684	-0.469552	0.876170	-0.108842	-0.867320	-0.480805	-0.128769
50952	10.739635	-0.750366	2.716635	0.322153	0.456850	-0.046355	-0.161037	0.035742	0.986301	-0.472420	0.874629	-0.108829	-0.866537	-0.483474	-0.123962
50953	10.687330	-0.562384	3.154270	0.312376	0.599757	-0.041820	-0.155658	0.038464	0.987062	-0.475257	0.873073	-0.108969	-0.865969	-0.486070	-0.117620
50954	10.564602	-0.450484	3.506945	0.295916	0.763784	-0.045029	-0.148890	0.041801	0.987970	-0.477888	0.871645	-0.108899	-0.865711	-0.488353	-0.109803
50955	10.452528	-0.281365	3.825829	0.277718	0.952699	-0.068127	-0.140398	0.046010	0.989026	-0.480498	0.870234	-0.108693	-0.865685	-0.490485	-0.100071
50956	10.428692	-0.008611	4.114791	0.263640	1.173659	-0.100938	-0.129810	0.050908	0.990231	-0.482919	0.868982	-0.107980	-0.865990	-0.492218	-0.088218
50957	10.608145	0.046193	4.436823	0.303455	1.409310	-0.155310	-0.116814	0.056543	0.991543	-0.486029	0.867402	-0.106723	-0.866101	-0.494385	-0.073843
50958	10.347627	0.472669	4.840381	0.377126	1.627557	-0.188559	-0.101859	0.062983	0.992803	-0.489503	0.865640	-0.105137	-0.866032	-0.496690	-0.057343
50959	9.611267	1.090722	4.376853	0.226425	1.538139	-0.225173	-0.087518	0.068837	0.993782	-0.491816	0.864562	-0.103198	-0.866290	-0.497789	-0.041810
50960	9.787103	1.696786	3.267439	-0.143648	1.237938	-0.269170	-0.075522	0.072666	0.994493	-0.490794	0.865459	-0.100509	-0.867997	-0.495681	-0.029697
50961	10.996285	2.145240	2.723485	-0.543233	1.037072	-0.340248	-0.064873	0.074922	0.995077	-0.486559	0.868236	-0.097092	-0.871236	-0.490462	-0.019872
50962	12.502522	1.866633	2.597781	-0.768203	1.106697	-0.388527	-0.053391	0.076936	0.995605	-0.480084	0.872263	-0.093150	-0.875596	-0.482948	-0.009635
50963	13.430864	1.033562	2.485062	-0.811550	1.307900	-0.393210	-0.039993	0.079847	0.996005	-0.473428	0.876298	-0.089260	-0.879924	-0.475106	0.002756
50964	13.951499	0.278747	1.634719	-0.788120	1.524829	-0.331222	-0.025048	0.084130	0.996140	-0.466591	0.880275	-0.086077	-0.884118	-0.466946	0.017205
50965	12.928318	-0.330137	0.683872	-0.682750	1.640592	-0.218152	-0.009428	0.089946	0.995902	-0.460794	0.883508	-0.084157	-0.887457	-0.459699	0.033117
50966	11.366470	-0.626853	0.193664	-0.626045	1.549505	-0.104383	0.004763	0.096103	0.995360	-0.455239	0.886454	-0.083409	-0.890356	-0.452730	0.047972
50967	10.845299	-0.973343	-0.821709	-0.659146	1.345504	0.017797	0.016679	0.102398	0.994604	-0.449641	0.889250	-0.084011	-0.893054	-0.445813	0.060874
50968	10.390192	-1.188529	-1.934689	-0.729555	1.195535	0.033554	0.027163	0.107993	0.993780	-0.443131	0.892430	-0.084867	-0.896045	-0.438070	0.072096
50969	10.690787	-1.078554	-2.384518	-0.695664	1.085070	-0.013030	0.037001	0.112709	0.992939	-0.437129	0.895341	-0.085342	-0.898637	-0.430885	0.082397
50970	10.994358	-0.546946	-2.124634	-0.557239	1.165058	-0.103644	0.047872	0.116777	0.992004	-0.432083	0.897834	-0.084840	-0.900562	-0.424566	0.093438
50971	10.921117	-0.283908	-1.539174	-0.413680	1.323498	-0.170774	0.060650	0.120949	0.990804	-0.428539	0.899648	-0.083589	-0.901485	-0.419529	0.106395
50972	10.408816	-0.526570	-1.175379	-0.303383	1.426454	-0.192720	0.074275	0.125180	0.989350	-0.425686	0.901142	-0.082062	-0.901818	-0.415057	0.120219
50973	9.764453	-0.990265	-1.011338	-0.196261	1.443325	-0.182324	0.088071	0.129629	0.987644	-0.423825	0.902150	-0.080614	-0.901452	-0.411488	0.134394
50974	9.079451	-1.322307	-1.016437	-0.091840	1.367386	-0.175125	0.101073	0.133672	0.985858	-0.422845	0.902748	-0.079052	-0.900548	-0.408875	0.147766
50975	8.728505	-1.460407	-0.878305	0.015303	1.240828	-0.172946	0.113079	0.137310	0.984052	-0.422951	0.902843	-0.077377	-0.899069	-0.407457	0.160168
50976	8.534087	-1.486926	-0.869201	0.117960	1.140683	-0.175320	0.124007	0.140388	0.982300	-0.423817	0.902596	-0.075493	-0.897219	-0.406954	0.171427
50977	8.361650	-1.387584	-0.750275	0.205653	1.085942	-0.174355	0.134582	0.143378	0.980475	-0.425441	0.901996	-0.073505	-0.894923	-0.407241	0.182391
50978	8.123489	-1.276121	-0.532272	0.241031	1.050789	-0.168997	0.144634	0.146152	0.978632	-0.427374	0.901249	-0.071433	-0.892431	-0.407910	0.192813
50979	7.937103	-1.348244	-0.304790	0.273524	1.005547	-0.165565	0.154291	0.148881	0.976744	-0.429678	0.900315	-0.069358	-0.889703	-0.408984	0.202881
50980	7.782672	-1.444134	-0.263404	0.299419	0.954651	-0.169229	0.163441	0.151284	0.974885	-0.432084	0.899332	-0.067120	-0.886899	-0.410262	0.212355
50981	7.839572	-1.458238	-0.275475	0.376110	0.891709	-0.162861	0.172048	0.153605	0.973039	-0.435277	0.897963	-0.064790	-0.883705	-0.412394	0.221353
50982	7.903702	-1.379126	-0.091343	0.443214	0.838109	-0.164264	0.180099	0.155614	0.971261	-0.438913	0.896372	-0.062228	-0.880295	-0.415092	0.229737
50983	7.947964	-1.430975	0.044682	0.493550	0.779484	-0.147586	0.187496	0.157647	0.969532	-0.443138	0.894461	-0.059742	-0.876626	-0.418435	0.237567
50984	7.923795	-1.367628	0.167808	0.556105	0.705065	-0.129798	0.194183	0.159466	0.967917	-0.447772	0.892318	-0.057179	-0.872808	-0.422303	0.244677
50985	7.857785	-1.209249	0.283223	0.616532	0.619501	-0.112804	0.199998	0.161246	0.966437	-0.453348	0.889658	-0.054618	-0.868606	-0.427209	0.251031
50986	7.794379	-0.886142	0.407335	0.689931	0.521761	-0.106539	0.204946	0.162557	0.965180	-0.459129	0.886854	-0.051873	-0.864406	-0.432511	0.256392
50987	7.751306	-0.460009	0.660576	0.784121	0.443616	-0.121304	0.209264	0.163504	0.964093	-0.465681	0.883608	-0.048775	-0.859855	-0.438753	0.261048
50988	7.621420	-0.033081	1.050124	0.878611	0.374500	-0.146013	0.213101	0.163886	0.963187	-0.472924	0.879949	-0.045091	-0.854945	-0.445906	0.265024
50989	7.656667	0.445632	1.701532	0.949351	0.335123	-0.177929	0.216843	0.163937	0.962343	-0.480732	0.875914	-0.040891	-0.849633	-0.453762	0.268745
50990	7.557822	0.596101	2.267422	0.908736	0.333150	-0.203778	0.220593	0.163692	0.961532	-0.488003	0.872078	-0.036507	-0.844507	-0.461178	0.272256
50991	7.296063	0.695110	2.783869	0.828921	0.280440	-0.181408	0.223745	0.163577	0.960823	-0.494957	0.868307	-0.032566	-0.839616	-0.468279	0.275243
50992	6.956026	0.561474	2.925461	0.702849	0.121993	-0.116297	0.225287	0.163155	0.960534	-0.500604	0.865172	-0.029544	-0.835848	-0.474191	0.276588
50993	7.084071	0.449924	3.023360	0.614680	-0.077474	-0.042494	0.224761	0.162464	0.960775	-0.505601	0.862328	-0.027538	-0.832977	-0.479579	0.275960
50994	7.566831	0.536039	3.055062	0.536842	-0.273409	0.025658	0.222297	0.161378	0.961531	-0.510144	0.859685	-0.026344	-0.830865	-0.484663	0.273431
50995	8.014799	0.586352	3.012895	0.479361	-0.395317	0.072426	0.218526	0.160119	0.962605	-0.514257	0.857247	-0.025849	-0.829329	-0.489377	0.269673
50996	8.240731	0.530244	3.054791	0.470562	-0.449340	0.105782	0.214197	0.158825	0.963792	-0.518404	0.854751	-0.025644	-0.827875	-0.494141	0.265421
50997	8.426840	0.497537	3.333588	0.490817	-0.449620	0.134066	0.209652	0.157939	0.964936	-0.523255	0.851787	-0.025731	-0.825984	-0.499513	0.261221
50998	8.918241	0.535970	3.751409	0.498977	-0.423170	0.167239	0.205221	0.157246	0.966001	-0.527739	0.849006	-0.026087	-0.824242	-0.504443	0.257219
50999	9.498979	0.350825	3.914320	0.473187	-0.360731	0.195663	0.201115	0.157129	0.966883	-0.532039	0.846293	-0.026866	-0.822488	-0.509017	0.253801
51000	9.682776	0.408101	4.257576	0.458162	-0.258961	0.223389	0.197734	0.157701	0.967487	-0.536268	0.843586	-0.027903	-0.820559	-0.513315	0.251376
51001	9.782547	0.585126	4.321476	0.467988	-0.193048	0.257259	0.194717	0.159083	0.967873	-0.541114	0.840440	-0.029276	-0.818096	-0.518029	0.249730
51002	10.020493	0.737329	4.496729	0.508886	-0.159444	0.304315	0.191700	0.160814	0.968189	-0.545879	0.837291	-0.030989	-0.815639	-0.522573	0.248294
51003	10.082786	0.675787	4.887594	0.548142	-0.139751	0.352659	0.188530	0.163159	0.968419	-0.551270	0.833669	-0.033136	-0.812747	-0.527613	0.247117
51004	10.123437	0.660326	5.504271	0.558898	-0.119647	0.384234	0.185371	0.165729	0.968593	-0.556543	0.830060	-0.035514	-0.809875	-0.532480	0.246104
51005	10.069130	0.701053	5.964915	0.556131	-0.087118	0.411086	0.182267	0.168847	0.968643	-0.562184	0.826128	-0.038220	-0.806677	-0.537590	0.245499
51006	9.674729	0.849418	6.050709	0.469801	-0.101130	0.467039	0.178755	0.172159	0.968715	-0.566832	0.822781	-0.041627	-0.804207	-0.541657	0.244661
51007	8.917282	0.935348	5.708743	0.243877	-0.202468	0.513147	0.174248	0.175317	0.968969	-0.569649	0.820598	-0.046033	-0.803205	-0.543951	0.242857
51008	8.540578	0.958642	5.055849	-0.075672	-0.375508	0.535993	0.168115	0.177678	0.969623	-0.569978	0.820048	-0.051445	-0.804278	-0.544015	0.239135
51009	8.840001	0.861856	3.677639	-0.437434	-0.633233	0.518342	0.160016	0.178719	0.970801	-0.567824	0.821134	-0.057573	-0.807447	-0.542031	0.232876
51010	10.371694	0.843825	1.591467	-0.764457	-0.981209	0.450258	0.149459	0.177135	0.972772	-0.562346	0.824443	-0.063725	-0.813283	-0.537510	0.222832
51011	13.331800	1.686469	0.008841	-0.943697	-1.319301	0.341089	0.136717	0.173020	0.975383	-0.555345	0.828739	-0.069166	-0.820305	-0.532218	0.209389
51012	15.731451	2.156069	-0.724389	-1.144137	-1.412092	0.255748	0.123606	0.167690	0.978060	-0.546265	0.834336	-0.074012	-0.828442	-0.525132	0.194732
51013	15.930375	-0.213365	-0.834372	-1.051852	-1.195489	0.193052	0.112581	0.163164	0.980155	-0.537974	0.839351	-0.077933	-0.835410	-0.518524	0.182273
51014	14.621106	-3.503325	0.688503	-0.220474	-0.802158	0.177913	0.104854	0.160510	0.981449	-0.536343	0.840190	-0.080107	-0.837462	-0.517994	0.174186
51015	12.101003	-4.773195	2.994678	0.649604	-0.446920	0.313469	0.099411	0.160838	0.981962	-0.542109	0.836289	-0.082096	-0.834407	-0.524169	0.170328
51016	9.702674	-4.250758	3.662721	1.029055	-0.366203	0.496557	0.093589	0.163047	0.982169	-0.551166	0.830027	-0.085271	-0.829130	-0.533358	0.167547
51017	8.184574	-2.788297	2.835868	1.134063	-0.420216	0.621230	0.086636	0.166035	0.982307	-0.561387	0.822694	-0.089544	-0.823006	-0.543697	0.164485
51018	7.045247	-0.583049	1.123711	1.011544	-0.616460	0.698164	0.077566	0.168382	0.982665	-0.570278	0.815963	-0.094803	-0.817782	-0.553039	0.159316
51019	6.819842	0.933345	-1.115145	0.574914	-0.947011	0.689353	0.065881	0.168763	0.983452	-0.575431	0.811624	-0.100729	-0.815193	-0.559272	0.150582
51020	7.114000	1.012537	-2.734659	0.244371	-1.188679	0.569229	0.052851	0.166711	0.984588	-0.577777	0.809281	-0.106013	-0.814482	-0.563270	0.139093
51021	7.390624	-0.177567	-3.510916	0.256589	-1.287205	0.417383	0.039893	0.162880	0.985839	-0.580242	0.807002	-0.109853	-0.813467	-0.567643	0.126703
51022	8.157153	-1.308678	-3.034373	0.457321	-1.314368	0.369019	0.027005	0.158359	0.987012	-0.584097	0.803783	-0.112980	-0.811235	-0.573460	0.114203
51023	9.370894	-1.599701	-1.500202	0.398804	-1.255998	0.434711	0.014237	0.154626	0.987870	-0.587401	0.800811	-0.116881	-0.809170	-0.578612	0.102229
51024	9.966630	-1.202822	0.164612	0.031600	-1.115495	0.500970	0.002206	0.152175	0.988351	-0.587714	0.799842	-0.121839	-0.809066	-0.580599	0.091200
51025	9.611875	-1.472968	0.632028	-0.356879	-1.010681	0.476278	-0.008864	0.150162	0.988622	-0.584907	0.801108	-0.126924	-0.811052	-0.579377	0.080730
51026	9.111547	-1.905814	0.219833	-0.587598	-1.021061	0.401005	-0.019560	0.147486	0.988871	-0.580090	0.803889	-0.131371	-0.814318	-0.576203	0.069831
51027	8.998646	-2.815554	-0.869203	-0.514469	-1.112843	0.321504	-0.030519	0.143675	0.989154	-0.575693	0.806461	-0.134901	-0.817097	-0.573566	0.058100
51028	9.217337	-3.314876	-1.661694	-0.191557	-1.210237	0.244083	-0.041877	0.138707	0.989448	-0.574052	0.807199	-0.137455	-0.817747	-0.573751	0.045822
51029	9.936940	-3.201095	-1.692986	0.180076	-1.269418	0.196491	-0.053436	0.133020	0.989672	-0.575548	0.805802	-0.139383	-0.816021	-0.577051	0.033500
51030	10.693279	-2.711913	-1.127349	0.401821	-1.221925	0.181862	-0.064501	0.127408	0.989751	-0.578726	0.803221	-0.141111	-0.812967	-0.581896	0.021926
51031	10.847713	-2.051159	-0.313444	0.422102	-1.093914	0.185870	-0.074528	0.122536	0.989662	-0.582137	0.800427	-0.142945	-0.809668	-0.586772	0.011678
51032	10.550022	-1.274640	0.285983	0.367896	-0.980291	0.187682	-0.083608	0.118269	0.989455	-0.584974	0.798018	-0.144816	-0.806731	-0.590914	0.002463
51033	10.213771	-0.807929	0.677167	0.184834	-0.919084	0.203091	-0.092263	0.114474	0.989133	-0.586432	0.796568	-0.146888	-0.804726	-0.593612	-0.006363
51034	9.859488	-0.886786	0.782896	0.005283	-0.886582	0.231904	-0.100815	0.111057	0.988687	-0.586263	0.796259	-0.149223	-0.803824	-0.594674	-0.015166
51035	9.632511	-1.192714	1.046853	-0.138374	-0.873106	0.269396	-0.109472	0.108032	0.988102	-0.584915	0.796741	-0.151913	-0.803673	-0.594586	-0.024032
51036	9.605939	-1.274771	1.390223	-0.205861	-0.841805	0.279759	-0.117934	0.105264	0.987426	-0.582953	0.797650	-0.154659	-0.803901	-0.593863	-0.032706
51037	9.771840	-1.213279	1.628749	-0.328157	-0.790835	0.302357	-0.126105	0.103013	0.986654	-0.580152	0.799119	-0.157583	-0.804687	-0.592281	-0.041010
51038	9.848596	-0.886233	1.758840	-0.557727	-0.729278	0.342068	-0.134020	0.101450	0.985772	-0.575223	0.802047	-0.160746	-0.806943	-0.588582	-0.049134
51039	9.564301	-0.551112	1.695047	-0.882853	-0.662114	0.355791	-0.141437	0.100462	0.984836	-0.567589	0.806850	-0.163820	-0.811073	-0.582152	-0.057098
51040	8.975723	-0.664957	1.076631	-1.167004	-0.651732	0.312294	-0.148560	0.099232	0.983912	-0.557648	0.813265	-0.166221	-0.816675	-0.573370	-0.065482
51041	8.940844	-0.903596	0.264247	-1.389930	-0.679348	0.255100	-0.155548	0.097484	0.983006	-0.545899	0.820879	-0.167788	-0.823286	-0.562721	-0.074470
51042	9.003915	-1.539055	-0.722357	-1.471788	-0.745653	0.227775	-0.163003	0.095217	0.982020	-0.533379	0.828843	-0.168899	-0.830022	-0.551320	-0.084317
51043	9.353147	-2.057044	-1.403763	-1.458595	-0.798151	0.223312	-0.170829	0.092743	0.980926	-0.520933	0.836536	-0.169812	-0.836329	-0.540005	-0.094591
51044	9.652071	-2.409213	-1.554072	-1.385627	-0.757093	0.225251	-0.178403	0.090598	0.979778	-0.508920	0.843722	-0.170684	-0.842124	-0.529079	-0.104416
51045	9.466596	-2.656236	-1.705947	-1.269584	-0.666380	0.207062	-0.185085	0.088881	0.978695	-0.497926	0.850119	-0.171369	-0.847238	-0.519036	-0.113088
51046	9.275381	-2.798462	-1.714790	-1.140040	-0.617252	0.191918	-0.191335	0.087353	0.977630	-0.487890	0.855801	-0.171954	-0.851677	-0.509877	-0.121126
51047	9.180809	-2.781072	-1.680732	-1.000600	-0.592340	0.178881	-0.197237	0.085927	0.976583	-0.479017	0.860695	-0.172475	-0.855360	-0.501818	-0.128600
51048	9.145234	-2.625209	-1.452107	-0.907531	-0.570590	0.173232	-0.203009	0.084591	0.975516	-0.470902	0.865055	-0.173009	-0.858510	-0.494495	-0.135780
51049	8.958301	-2.774005	-1.443826	-0.837054	-0.556488	0.173267	-0.208613	0.083398	0.974436	-0.463398	0.868984	-0.173579	-0.861245	-0.487762	-0.142635
51050	8.998957	-2.748330	-1.387617	-0.783310	-0.558364	0.170991	-0.214275	0.082194	0.973309	-0.456289	0.872625	-0.174144	-0.863647	-0.481425	-0.149477
51051	9.055972	-2.757100	-1.371403	-0.741490	-0.561048	0.160471	-0.219862	0.080974	0.972165	-0.449497	0.876047	-0.174625	-0.865802	-0.475379	-0.156212
51052	9.241101	-2.596473	-1.385181	-0.712975	-0.560334	0.146039	-0.225430	0.079622	0.971000	-0.443000	0.879286	-0.174949	-0.867717	-0.469592	-0.162944
51053	9.252003	-2.468054	-1.491449	-0.690897	-0.556948	0.132364	-0.230866	0.078221	0.969836	-0.436819	0.882334	-0.175147	-0.869420	-0.464078	-0.169533
51054	9.282607	-2.298577	-1.504701	-0.675800	-0.551621	0.122387	-0.236256	0.076773	0.968653	-0.430660	0.885344	-0.175208	-0.871043	-0.458554	-0.176105
51055	9.359702	-2.131766	-1.497871	-0.668247	-0.546180	0.110810	-0.241487	0.075305	0.967478	-0.424681	0.888241	-0.175140	-0.872542	-0.453163	-0.182518
51056	9.367206	-2.072493	-1.460456	-0.635447	-0.540613	0.107699	-0.246720	0.073843	0.966269	-0.418877	0.891012	-0.175045	-0.873883	-0.447935	-0.188899
51057	9.295550	-1.808358	-1.303997	-0.608237	-0.541947	0.100217	-0.251904	0.072385	0.965041	-0.413356	0.893610	-0.174925	-0.875032	-0.442970	-0.195183
