// General information: 
//  MT Manager version: 2022.2.0 
//  XDA version: 2022.2.0 build 7381 rev 124627 built on 2023-07-19
// Device information: 
//  DeviceId: 00B4CBA7
//  ProductCode: MTW2-3A7G6
//  Firmware Version: 4.6.0
//  Hardware Version: 2.0.0
// Device settings: 
//  Filter Profile: human(46.1)
//  Option Flags: Orientation Smoother Disabled, Position/Velocity Smoother Disabled, Continuous Zero Rotation Update Disabled, AHS Disabled, ICC Disabled
// Coordinate system: ENU
PacketCounter	Acc_X	Acc_Y	Acc_Z	Gyr_X	Gyr_Y	Gyr_Z	Mat[1][1]	Mat[2][1]	Mat[3][1]	Mat[1][2]	Mat[2][2]	Mat[3][2]	Mat[1][3]	Mat[2][3]	Mat[3][3]
18848	9.722823	0.021955	-0.816926	0.026450	-0.008951	0.004387	0.078468	0.020085	0.996714	0.246063	-0.969254	0.000160	0.966072	0.245242	-0.080997
18849	9.718953	-0.011339	-0.828091	0.022423	-0.011808	0.002005	0.078579	0.020137	0.996704	0.246267	-0.969202	0.000165	0.966011	0.245442	-0.081118
18850	9.718856	-0.011601	-0.829228	0.024637	-0.011643	-0.000625	0.078672	0.020213	0.996696	0.246491	-0.969145	0.000198	0.965947	0.245661	-0.081227
18851	9.739386	-0.004311	-0.803671	0.020580	-0.010674	0.002363	0.078744	0.020265	0.996689	0.246711	-0.969089	0.000212	0.965885	0.245877	-0.081309
18852	9.756143	-0.030107	-0.788102	0.030315	-0.008636	0.005232	0.078822	0.020277	0.996682	0.246985	-0.969019	0.000182	0.965808	0.246152	-0.081388
18853	9.735436	-0.038237	-0.815682	0.032360	-0.011029	0.001058	0.078904	0.020341	0.996675	0.247314	-0.968935	0.000195	0.965717	0.246476	-0.081484
18854	9.737541	0.001513	-0.829695	0.034063	-0.007505	0.001365	0.078962	0.020388	0.996669	0.247628	-0.968855	0.000200	0.965632	0.246787	-0.081551
18855	9.723873	0.011680	-0.800454	0.028359	-0.006677	0.000883	0.079012	0.020438	0.996664	0.247885	-0.968790	0.000215	0.965562	0.247041	-0.081612
18856	9.735800	0.008341	-0.854391	0.023165	-0.009209	-0.002536	0.079076	0.020527	0.996657	0.248096	-0.968735	0.000268	0.965503	0.247246	-0.081697
18857	9.737348	0.000809	-0.831962	0.015050	-0.007275	0.003435	0.079130	0.020557	0.996652	0.248240	-0.968699	0.000271	0.965461	0.247387	-0.081756
18858	9.719874	-0.021411	-0.812993	0.012265	-0.010922	-0.006440	0.079201	0.020688	0.996644	0.248349	-0.968671	0.000372	0.965427	0.247486	-0.081858
18859	9.736654	-0.046232	-0.797232	0.015301	-0.005168	-0.003555	0.079228	0.020775	0.996640	0.248451	-0.968644	0.000441	0.965399	0.247581	-0.081905
18860	9.738792	-0.005950	-0.810830	0.017317	-0.003734	-0.002364	0.079240	0.020849	0.996638	0.248606	-0.968605	0.000497	0.965358	0.247730	-0.081935
18861	9.702889	0.004516	-0.831193	0.011441	-0.005473	-0.004391	0.079266	0.020947	0.996633	0.248692	-0.968582	0.000578	0.965334	0.247809	-0.081985
18862	9.737085	0.001962	-0.835031	0.010276	-0.005145	-0.005430	0.079284	0.021054	0.996630	0.248782	-0.968559	0.000670	0.965309	0.247890	-0.082029
18863	9.756078	0.017310	-0.831942	0.010132	-0.000498	-0.004777	0.079260	0.021144	0.996630	0.248867	-0.968537	0.000756	0.965289	0.247968	-0.082028
18864	9.738668	-0.004528	-0.812318	0.005735	-0.004651	-0.004877	0.079274	0.021244	0.996626	0.248912	-0.968526	0.000846	0.965276	0.248006	-0.082067
18865	9.740822	0.035974	-0.825591	0.011833	0.003024	-0.004476	0.079219	0.021325	0.996629	0.249045	-0.968491	0.000927	0.965246	0.248133	-0.082033
18866	9.740300	-0.010851	-0.789056	0.004623	-0.000950	-0.009085	0.079187	0.021457	0.996629	0.249083	-0.968481	0.001060	0.965239	0.248160	-0.082036
18867	9.757685	0.012108	-0.808920	0.005957	0.001284	-0.006504	0.079143	0.021556	0.996630	0.249098	-0.968477	0.001166	0.965239	0.248167	-0.082018
18868	9.742462	0.030514	-0.802161	0.004425	0.000323	-0.005263	0.079109	0.021648	0.996631	0.249131	-0.968469	0.001261	0.965233	0.248192	-0.082008
18869	9.740318	-0.009014	-0.788866	0.004792	0.001611	-0.007543	0.079062	0.021760	0.996632	0.249177	-0.968457	0.001378	0.965225	0.248229	-0.081990
18870	9.723466	0.016971	-0.805294	0.004309	0.001138	-0.009973	0.079008	0.021895	0.996634	0.249212	-0.968448	0.001520	0.965221	0.248253	-0.081971
18871	9.723480	0.017776	-0.805106	0.002946	0.002737	-0.007191	0.078939	0.022003	0.996637	0.249250	-0.968438	0.001639	0.965217	0.248282	-0.081931
18872	9.742502	0.033237	-0.801562	0.003745	0.001123	-0.003872	0.078900	0.022080	0.996638	0.249275	-0.968431	0.001721	0.965213	0.248301	-0.081913
18873	9.721872	0.026038	-0.828051	-0.001282	0.001141	-0.005750	0.078859	0.022173	0.996639	0.249234	-0.968442	0.001825	0.965227	0.248252	-0.081897
18874	9.737132	0.008949	-0.834437	-0.002395	0.004842	-0.009958	0.078769	0.022300	0.996643	0.249205	-0.968449	0.001973	0.965242	0.248213	-0.081841
18875	9.720286	0.035121	-0.850701	-0.004095	0.001321	-0.010258	0.078706	0.022440	0.996645	0.249168	-0.968458	0.002129	0.965257	0.248164	-0.081815
18876	9.723574	0.021175	-0.803885	-0.010880	0.005480	-0.001714	0.078631	0.022485	0.996650	0.249050	-0.968488	0.002201	0.965293	0.248043	-0.081753
18877	9.723616	0.021780	-0.803364	-0.014176	0.005189	-0.008652	0.078533	0.022601	0.996655	0.248921	-0.968521	0.002349	0.965335	0.247904	-0.081687
18878	9.756270	0.027076	-0.829426	-0.013011	0.004863	-0.007612	0.078449	0.022705	0.996660	0.248788	-0.968555	0.002482	0.965376	0.247762	-0.081630
18879	9.723698	0.023458	-0.802327	-0.010996	0.006298	-0.006422	0.078348	0.022796	0.996665	0.248691	-0.968579	0.002604	0.965409	0.247658	-0.081556
18880	9.737372	0.013553	-0.831563	-0.008981	0.007733	-0.005231	0.078242	0.022870	0.996672	0.248595	-0.968604	0.002710	0.965442	0.247555	-0.081471
18881	9.740690	-0.000194	-0.784309	-0.012958	0.008243	-0.010778	0.078105	0.022997	0.996680	0.248443	-0.968642	0.002881	0.965492	0.247393	-0.081369
18882	9.722241	0.033224	-0.823444	-0.009149	0.005175	-0.006772	0.078020	0.023092	0.996684	0.248346	-0.968667	0.003002	0.965524	0.247288	-0.081310
18883	9.742923	0.041565	-0.796039	-0.011142	0.010949	-0.005765	0.077873	0.023163	0.996694	0.248213	-0.968700	0.003119	0.965570	0.247149	-0.081185
18884	9.739257	0.009598	-0.805186	-0.011792	0.007919	-0.009737	0.077754	0.023280	0.996701	0.248093	-0.968731	0.003272	0.965611	0.247020	-0.081099
18885	9.727802	0.061181	-0.787599	-0.008613	0.009027	-0.007506	0.077631	0.023373	0.996708	0.248007	-0.968752	0.003401	0.965643	0.246927	-0.081002
18886	9.729494	0.054648	-0.763396	-0.007764	0.010789	-0.007354	0.077490	0.023460	0.996717	0.247924	-0.968773	0.003527	0.965675	0.246836	-0.080886
18887	9.722607	0.037320	-0.818930	-0.007081	0.009992	-0.008744	0.077362	0.023560	0.996725	0.247833	-0.968796	0.003664	0.965709	0.246737	-0.080787
18888	9.744893	0.038505	-0.768223	-0.009461	0.007268	-0.007657	0.077255	0.023658	0.996731	0.247733	-0.968821	0.003794	0.965743	0.246630	-0.080707
18889	9.741747	0.053875	-0.813621	-0.002205	0.014622	-0.006209	0.077082	0.023725	0.996742	0.247707	-0.968827	0.003905	0.965764	0.246599	-0.080556
18890	9.743441	0.047226	-0.789359	-0.003754	0.006452	-0.007169	0.076984	0.023821	0.996748	0.247662	-0.968838	0.004025	0.965783	0.246547	-0.080484
18891	9.707645	0.058236	-0.808449	-0.001688	0.011266	-0.009141	0.076839	0.023923	0.996756	0.247633	-0.968845	0.004163	0.965802	0.246510	-0.080369
18892	9.747300	0.081462	-0.777338	-0.004953	0.010608	-0.002843	0.076711	0.023966	0.996765	0.247573	-0.968860	0.004242	0.965828	0.246447	-0.080256
18893	9.728412	0.066904	-0.779562	-0.003736	0.013662	-0.004968	0.076546	0.024022	0.996777	0.247501	-0.968878	0.004343	0.965859	0.246370	-0.080109
18894	9.711629	0.092600	-0.794894	-0.000042	0.011411	-0.005671	0.076404	0.024091	0.996786	0.247490	-0.968880	0.004446	0.965873	0.246355	-0.079988
18895	9.714927	0.078310	-0.747198	0.005147	0.013952	-0.002247	0.076251	0.024120	0.996797	0.247519	-0.968873	0.004510	0.965878	0.246382	-0.079847
18896	9.709719	0.053089	-0.779321	0.009524	0.010904	-0.004340	0.076116	0.024176	0.996806	0.247600	-0.968851	0.004592	0.965868	0.246460	-0.079731
18897	9.744569	0.097857	-0.817838	0.016560	0.012321	-0.001267	0.075984	0.024201	0.996815	0.247750	-0.968813	0.004636	0.965840	0.246609	-0.079610
18898	9.712015	0.093265	-0.790086	0.022433	0.014068	0.000769	0.075832	0.024200	0.996827	0.247952	-0.968761	0.004656	0.965800	0.246812	-0.079463
18899	9.717417	0.118516	-0.755339	0.030522	0.015982	0.000178	0.075650	0.024203	0.996841	0.248222	-0.968692	0.004682	0.965745	0.247083	-0.079290
18900	9.698547	0.103549	-0.757422	0.030563	0.012157	-0.005182	0.075502	0.024265	0.996850	0.248506	-0.968619	0.004756	0.965683	0.247365	-0.079162
18901	9.595823	0.159038	-0.604596	0.039785	-0.008256	0.001912	0.075574	0.024308	0.996844	0.248856	-0.968529	0.004750	0.965587	0.247712	-0.079245
18902	9.630016	0.155619	-0.608962	0.043427	-0.013879	0.004383	0.075701	0.024341	0.996833	0.249258	-0.968426	0.004719	0.965474	0.248112	-0.079378
18903	9.632024	0.194599	-0.624039	0.086031	-0.022283	0.010826	0.075919	0.024336	0.996817	0.250067	-0.968218	0.004593	0.965248	0.248922	-0.079592
18904	9.584008	0.057286	-0.460887	0.111082	-0.032528	0.008019	0.076234	0.024382	0.996792	0.251118	-0.967946	0.004471	0.964950	0.249972	-0.079913
18905	9.606570	0.103407	-0.450521	0.197907	-0.026240	0.013078	0.076497	0.024366	0.996772	0.253011	-0.967454	0.004232	0.964434	0.251871	-0.080172
18906	9.483060	0.102224	-0.471262	0.267750	-0.050861	0.007392	0.076988	0.024465	0.996732	0.255573	-0.966782	0.003989	0.963720	0.254430	-0.080683
18907	9.458180	0.011408	-0.655347	0.316437	-0.053341	-0.000236	0.077485	0.024645	0.996689	0.258592	-0.965979	0.003782	0.962874	0.257442	-0.081222
18908	9.654186	-0.068824	-0.903274	0.379200	-0.077700	-0.004846	0.078201	0.024935	0.996626	0.262231	-0.964999	0.003568	0.961831	0.261067	-0.082003
18909	9.853963	-0.067936	-1.000530	0.386808	-0.081271	-0.019011	0.078907	0.025376	0.996559	0.265954	-0.963979	0.003489	0.960751	0.264764	-0.082814
18910	9.969155	0.060369	-1.003982	0.389638	-0.079201	-0.023493	0.079585	0.025855	0.996493	0.269700	-0.962938	0.003445	0.959650	0.268480	-0.083609
18911	9.800507	0.257460	-0.943268	0.324425	-0.087514	-0.032005	0.080336	0.026438	0.996417	0.272807	-0.962062	0.003532	0.958709	0.271546	-0.084500
18912	9.696251	0.174415	-0.867700	0.238188	-0.098888	-0.043681	0.081144	0.027169	0.996332	0.275111	-0.961405	0.003811	0.957982	0.273793	-0.085487
18913	9.633434	0.002021	-0.999585	0.157831	-0.109246	-0.061934	0.081984	0.028111	0.996237	0.276659	-0.960958	0.004348	0.957465	0.275261	-0.086560
18914	9.763284	-0.169764	-0.943460	0.087485	-0.122944	-0.073191	0.082939	0.029194	0.996127	0.277543	-0.960700	0.005047	0.957126	0.276049	-0.087782
18915	9.864804	-0.310195	-0.851762	0.037286	-0.114583	-0.083850	0.083789	0.030357	0.996021	0.277943	-0.960579	0.005895	0.956936	0.276344	-0.088923
18916	9.807254	-0.347302	-0.870951	0.018960	-0.108708	-0.089644	0.084560	0.031560	0.995918	0.278187	-0.960503	0.006817	0.956798	0.276475	-0.090000
18917	9.720534	-0.249742	-0.773789	-0.005412	-0.111154	-0.104226	0.085308	0.032913	0.995811	0.278234	-0.960481	0.007910	0.956718	0.276393	-0.091094
18918	9.744590	-0.243306	-0.711899	-0.036036	-0.116700	-0.118494	0.086076	0.034415	0.995694	0.277977	-0.960544	0.009169	0.956724	0.275991	-0.092246
18919	9.741751	-0.166938	-0.628928	-0.050004	-0.120452	-0.119809	0.086880	0.035938	0.995570	0.277591	-0.960643	0.010453	0.956763	0.275453	-0.093436
18920	9.695182	-0.100817	-0.621939	-0.066127	-0.124910	-0.126982	0.087703	0.037543	0.995439	0.277055	-0.960781	0.011826	0.956843	0.274754	-0.094665
18921	9.651510	-0.133388	-0.516565	-0.088990	-0.136284	-0.133019	0.088626	0.039232	0.995292	0.276292	-0.960982	0.013277	0.956979	0.273815	-0.096008
18922	9.677517	-0.142283	-0.590082	-0.104911	-0.148627	-0.137470	0.089650	0.041001	0.995129	0.275397	-0.961217	0.014794	0.957141	0.272730	-0.097465
18923	9.717948	-0.064876	-0.590728	-0.126092	-0.159203	-0.131476	0.090779	0.042742	0.994953	0.274324	-0.961499	0.016276	0.957343	0.271462	-0.099009
18924	9.761502	-0.012162	-0.700759	-0.175179	-0.153435	-0.120436	0.091900	0.044357	0.994780	0.272744	-0.961924	0.017696	0.957688	0.269694	-0.100499
18925	9.770425	0.043190	-0.806622	-0.213029	-0.154652	-0.119809	0.093039	0.045960	0.994601	0.270771	-0.962453	0.019146	0.958137	0.267528	-0.101990
18926	9.806783	0.174086	-0.867538	-0.251881	-0.149615	-0.121844	0.094125	0.047573	0.994423	0.268457	-0.963070	0.020663	0.958682	0.265015	-0.103420
18927	9.747684	0.189117	-0.926898	-0.302981	-0.148146	-0.121600	0.095193	0.049175	0.994244	0.265655	-0.963812	0.022235	0.959357	0.262009	-0.104811
18928	9.748135	0.054181	-0.985295	-0.338344	-0.146332	-0.121789	0.096257	0.050772	0.994061	0.262511	-0.964634	0.023849	0.960116	0.258656	-0.106180
18929	9.756864	-0.061092	-0.988317	-0.306965	-0.144549	-0.127319	0.097294	0.052407	0.993875	0.259648	-0.965367	0.025486	0.960790	0.255578	-0.107532
18930	9.779023	-0.044109	-0.953864	-0.262390	-0.155039	-0.136026	0.098414	0.054157	0.993671	0.257246	-0.965964	0.027169	0.961322	0.252944	-0.108996
18931	9.780096	-0.035438	-0.945370	-0.233719	-0.144444	-0.137902	0.099437	0.055888	0.993473	0.255119	-0.966480	0.028835	0.961783	0.250586	-0.110362
18932	9.674008	-0.133584	-0.906659	-0.218039	-0.150158	-0.145120	0.100494	0.057708	0.993263	0.253153	-0.966943	0.030566	0.962193	0.248376	-0.111781
18933	9.658778	-0.161777	-1.010803	-0.180724	-0.151396	-0.149655	0.101538	0.059570	0.993047	0.251562	-0.967302	0.032303	0.962500	0.246533	-0.113203
18934	9.674069	-0.082376	-1.059619	-0.142215	-0.156711	-0.158536	0.102630	0.061530	0.992815	0.250342	-0.967557	0.034086	0.962702	0.245045	-0.114704
18935	9.651707	0.148839	-1.057160	-0.124088	-0.160943	-0.170799	0.103736	0.063611	0.992569	0.249308	-0.967756	0.035965	0.962852	0.243724	-0.116250
18936	9.684956	0.286308	-1.116930	-0.136497	-0.170000	-0.188244	0.104886	0.065888	0.992299	0.248177	-0.967968	0.038040	0.963020	0.242276	-0.117878
18937	9.681459	0.407825	-1.049559	-0.152088	-0.176074	-0.194042	0.106083	0.068224	0.992014	0.246880	-0.968213	0.040186	0.963222	0.240645	-0.119553
18938	9.700465	0.517092	-1.066575	-0.158375	-0.183794	-0.196405	0.107351	0.070608	0.991711	0.245551	-0.968457	0.042372	0.963421	0.238967	-0.121303
18939	9.632040	0.574122	-1.064038	-0.167268	-0.186287	-0.200144	0.108627	0.073027	0.991397	0.244148	-0.968711	0.044605	0.963635	0.237203	-0.123058
18940	9.653184	0.596374	-1.032534	-0.177887	-0.194724	-0.205589	0.109985	0.075521	0.991060	0.242646	-0.968980	0.046910	0.963860	0.235317	-0.124898
18941	9.635531	0.494071	-1.114548	-0.177080	-0.200907	-0.205033	0.111422	0.078012	0.990706	0.241153	-0.969239	0.049200	0.964070	0.233430	-0.126807
18942	9.635540	0.468078	-1.097212	-0.159160	-0.199982	-0.208274	0.112831	0.080538	0.990345	0.239839	-0.969445	0.051513	0.964233	0.231711	-0.128700
18943	9.647995	0.473049	-1.123575	-0.143360	-0.202950	-0.214163	0.114253	0.083120	0.989968	0.238698	-0.969599	0.053862	0.964349	0.230150	-0.130620
18944	9.635729	0.457185	-1.076314	-0.136752	-0.207602	-0.220225	0.115713	0.085774	0.989572	0.237620	-0.969727	0.056268	0.964441	0.228631	-0.132591
18945	9.617836	0.416266	-1.063212	-0.149067	-0.218295	-0.222034	0.117263	0.088463	0.989153	0.236444	-0.969870	0.058708	0.964543	0.226995	-0.134646
18946	9.572615	0.361544	-1.000348	-0.153299	-0.236362	-0.228285	0.118986	0.091254	0.988694	0.235222	-0.970012	0.061221	0.964631	0.225278	-0.136883
18947	9.499661	0.333376	-0.900392	-0.160395	-0.254100	-0.238846	0.120861	0.094173	0.988192	0.233929	-0.970155	0.063843	0.964712	0.223450	-0.139283
18948	9.484978	0.327033	-0.882239	-0.160652	-0.287092	-0.254695	0.123019	0.097325	0.987621	0.232677	-0.970269	0.066632	0.964742	0.221600	-0.142006
18949	9.481990	0.258566	-0.786281	-0.155891	-0.322344	-0.270304	0.125478	0.100692	0.986973	0.231487	-0.970348	0.069565	0.964712	0.219743	-0.145066
18950	9.455422	0.263544	-0.743740	-0.135642	-0.355996	-0.283148	0.128241	0.104260	0.986247	0.230526	-0.970354	0.072605	0.964579	0.218045	-0.148474
18951	9.463059	0.268966	-0.710037	-0.118237	-0.389190	-0.300272	0.131290	0.108049	0.985438	0.229744	-0.970296	0.075780	0.964355	0.216450	-0.152214
18952	9.444967	0.275006	-0.727635	-0.093051	-0.421456	-0.316022	0.134611	0.112066	0.984541	0.229256	-0.970148	0.079083	0.964013	0.215066	-0.156284
18953	9.453148	0.356209	-0.702078	-0.074946	-0.462096	-0.330502	0.138282	0.116293	0.983542	0.228961	-0.969934	0.082493	0.963564	0.213785	-0.160751
18954	9.404799	0.430682	-0.699272	-0.073185	-0.504664	-0.352128	0.142321	0.120825	0.982418	0.228738	-0.969671	0.086121	0.963028	0.212460	-0.165642
18955	9.392046	0.466042	-0.694160	-0.066817	-0.543770	-0.369116	0.146692	0.125580	0.981178	0.228586	-0.969364	0.089893	0.962408	0.211097	-0.170904
18956	9.349253	0.568302	-0.664838	-0.074352	-0.590192	-0.385779	0.151471	0.130603	0.979796	0.228435	-0.969025	0.093852	0.961704	0.209604	-0.176613
18957	9.433415	0.567949	-0.622077	-0.100249	-0.642267	-0.411781	0.156680	0.135959	0.978247	0.228080	-0.968688	0.098100	0.960953	0.207748	-0.182783
18958	9.461169	0.481255	-0.524867	-0.124251	-0.696252	-0.435585	0.162358	0.141658	0.976511	0.227571	-0.968337	0.102636	0.960131	0.205562	-0.189455
18959	9.531760	0.422611	-0.407718	-0.132992	-0.760073	-0.464029	0.168573	0.147726	0.974556	0.227029	-0.967942	0.107454	0.959188	0.203138	-0.196707
18960	9.495510	0.314562	-0.396590	-0.122240	-0.827026	-0.495930	0.175358	0.154237	0.972348	0.226700	-0.967437	0.112574	0.958048	0.200690	-0.204614
18961	9.531558	0.276252	-0.385496	-0.051922	-0.890555	-0.529650	0.182650	0.161161	0.969879	0.227134	-0.966705	0.117859	0.956582	0.198765	-0.213174
18962	9.678113	0.547042	-0.330540	-0.001593	-0.951195	-0.567552	0.190432	0.168570	0.967119	0.228168	-0.965769	0.123407	0.954817	0.197165	-0.222375
18963	9.988182	0.737152	-0.490347	0.030121	-1.006463	-0.589124	0.198649	0.176248	0.964093	0.229553	-0.964701	0.129060	0.952809	0.195673	-0.232095
18964	10.156649	0.927773	-0.572832	0.042076	-1.069431	-0.615689	0.207391	0.184310	0.960739	0.231195	-0.963505	0.134934	0.950546	0.194134	-0.242434
18965	10.427720	1.232673	-0.846202	0.010837	-1.127216	-0.636039	0.216592	0.192626	0.957070	0.232623	-0.962287	0.141032	0.948143	0.192090	-0.253233
18966	11.084361	1.725217	-0.787959	-0.060192	-1.180568	-0.661239	0.226212	0.201278	0.953056	0.233510	-0.961094	0.147551	0.945675	0.189170	-0.264412
18967	11.845056	1.775187	-0.426026	-0.201590	-1.224625	-0.697990	0.236123	0.210283	0.948697	0.233188	-0.960038	0.154758	0.943329	0.184683	-0.275723
18968	11.702689	1.743205	-0.757598	-0.215647	-1.275525	-0.701591	0.246487	0.219382	0.943989	0.232843	-0.958918	0.162053	0.940759	0.179858	-0.287443
18969	11.659935	1.744381	-0.762702	-0.308549	-1.318770	-0.703717	0.257211	0.228467	0.938960	0.231677	-0.957893	0.169610	0.938173	0.173910	-0.299311
18970	12.043929	1.783704	-0.697760	-0.383715	-1.352774	-0.727204	0.268189	0.237777	0.933561	0.229987	-0.956844	0.177638	0.935511	0.167066	-0.311300
18971	12.247601	1.897525	-0.880457	-0.448838	-1.362850	-0.747674	0.279190	0.247156	0.927883	0.227795	-0.955771	0.186043	0.932825	0.159426	-0.323143
18972	12.608747	1.544147	-0.973608	-0.479819	-1.412642	-0.792759	0.290533	0.256964	0.921716	0.225580	-0.954509	0.195002	0.929895	0.151266	-0.335283
18973	12.720820	1.306249	-0.796600	-0.447071	-1.420984	-0.819248	0.301864	0.266869	0.915237	0.223810	-0.953029	0.204071	0.926708	0.143237	-0.347413
18974	12.451355	0.972337	-1.164312	-0.322217	-1.466575	-0.827593	0.313560	0.276839	0.908317	0.223373	-0.951220	0.212805	0.922922	0.136167	-0.360103
18975	12.014784	1.070616	-1.465098	-0.162490	-1.474346	-0.814724	0.325295	0.286536	0.901155	0.224427	-0.949151	0.220785	0.918595	0.130423	-0.373060
18976	11.554743	1.010207	-1.798700	-0.100667	-1.445336	-0.787723	0.336747	0.295894	0.893895	0.226109	-0.946975	0.228284	0.914044	0.125244	-0.385796
18977	10.874964	0.804558	-2.921963	0.015936	-1.446146	-0.725012	0.348267	0.304514	0.886556	0.228679	-0.944791	0.234684	0.909074	0.121004	-0.398675
18978	10.737641	0.999917	-3.946695	0.262066	-1.441061	-0.612245	0.359895	0.312063	0.879257	0.233221	-0.942577	0.239075	0.903373	0.119019	-0.412008
18979	10.973032	1.882965	-3.763775	0.268794	-1.362505	-0.541964	0.370877	0.318749	0.872267	0.237558	-0.940565	0.242700	0.897784	0.117202	-0.424556
18980	10.127277	2.369665	-4.752588	0.384908	-1.330513	-0.490956	0.381587	0.324958	0.865329	0.242850	-0.938523	0.245354	0.891861	0.116521	-0.437044
18981	9.711579	3.372169	-4.795694	0.321540	-1.298891	-0.441850	0.392039	0.330577	0.858501	0.247352	-0.936719	0.247740	0.886071	0.115228	-0.448999
18982	9.363963	3.428771	-4.685816	0.211664	-1.161962	-0.395769	0.401302	0.335650	0.852230	0.250793	-0.935145	0.250211	0.880942	0.113324	-0.459454
18983	9.089161	3.544009	-3.393642	0.003344	-1.002458	-0.283546	0.409388	0.339392	0.846885	0.251911	-0.934200	0.252608	0.876894	0.109925	-0.467947
18984	8.759801	3.285927	-1.895539	-0.231908	-0.708934	-0.171082	0.415149	0.341793	0.843107	0.250587	-0.933854	0.255192	0.874561	0.105329	-0.473337
18985	8.118895	2.905698	-0.568612	-0.352919	-0.349564	-0.055991	0.418053	0.342651	0.841322	0.247675	-0.934040	0.257343	0.874007	0.100791	-0.475344
18986	7.399273	2.437380	-0.571512	-0.255845	0.076113	0.043585	0.417477	0.342209	0.841787	0.245258	-0.934431	0.258237	0.874964	0.098647	-0.474033
18987	6.418875	1.926380	-1.334936	-0.004405	0.423955	0.160774	0.414143	0.340259	0.844221	0.244490	-0.934999	0.256909	0.876761	0.100007	-0.470414
18988	7.471491	1.456317	-0.128134	-0.002910	0.750924	0.307990	0.408281	0.336658	0.848509	0.243200	-0.936031	0.254362	0.879864	0.102506	-0.464039
18989	8.149081	1.279905	-0.019977	0.144778	1.136184	0.482629	0.399417	0.330916	0.854963	0.242464	-0.937505	0.249591	0.884125	0.107607	-0.454690
18990	7.743744	1.807255	-0.448691	0.366736	1.477851	0.633247	0.387834	0.323363	0.863146	0.243224	-0.939154	0.242552	0.889059	0.115868	-0.442886
18991	7.362615	2.561122	-0.493549	0.448940	1.769433	0.739496	0.373838	0.314243	0.872638	0.244343	-0.940987	0.234180	0.894730	0.125678	-0.428560
18992	7.458123	3.360949	-0.423636	0.347637	2.055537	0.809571	0.357338	0.303975	0.883124	0.244505	-0.943025	0.225659	0.901403	0.135291	-0.411302
18993	7.739813	3.640789	-0.537122	0.090287	2.312648	0.859975	0.338472	0.292608	0.894325	0.242261	-0.945481	0.217658	0.909256	0.142989	-0.390906
18994	8.128179	3.598987	-0.762673	-0.151725	2.548668	0.907271	0.317346	0.280339	0.905926	0.237897	-0.948292	0.210114	0.917985	0.148838	-0.367628
18995	8.374913	3.398733	-0.922763	-0.342941	2.768327	0.944933	0.293996	0.267161	0.917710	0.231776	-0.951412	0.202721	0.927279	0.153104	-0.341633
18996	8.666016	3.165880	-1.127444	-0.431988	2.957579	0.980933	0.268654	0.253272	0.929343	0.224985	-0.954625	0.195123	0.936593	0.156668	-0.313447
18997	9.090269	2.988561	-1.266601	-0.484156	3.136455	1.011972	0.241344	0.238616	0.940646	0.217780	-0.957893	0.187114	0.945687	0.159695	-0.283148
18998	9.456665	2.770969	-1.324588	-0.516343	3.294481	1.050176	0.212276	0.223274	0.951361	0.210485	-0.961143	0.178605	0.954272	0.162333	-0.251024
18999	9.717452	2.668496	-1.482642	-0.524654	3.439260	1.096912	0.181554	0.207079	0.961331	0.203229	-0.964374	0.169353	0.962152	0.164624	-0.217170
19000	10.058231	2.454822	-1.478751	-0.572920	3.540188	1.144919	0.149632	0.190204	0.970274	0.195789	-0.967590	0.159484	0.969163	0.166105	-0.182022
19001	10.381784	2.066193	-1.740676	-0.573721	3.635507	1.202152	0.116560	0.172489	0.978091	0.188543	-0.970738	0.148724	0.975123	0.167077	-0.145671
19002	10.550205	1.749909	-1.994830	-0.487804	3.693452	1.262258	0.082782	0.154063	0.984587	0.182502	-0.973614	0.137002	0.979714	0.168348	-0.108714
19003	10.767324	1.499795	-2.186270	-0.374992	3.731442	1.299524	0.048466	0.135078	0.989649	0.177901	-0.976138	0.124521	0.982854	0.170024	-0.071340
19004	10.535473	1.452537	-2.371568	-0.371381	3.761391	1.308898	0.013744	0.115910	0.993165	0.173822	-0.978412	0.111783	0.984681	0.171098	-0.033595
19005	10.911314	0.716987	-2.646779	-0.320023	3.673243	1.289851	-0.020255	0.096981	0.995080	0.170643	-0.980345	0.099019	0.985125	0.171809	0.003307
19006	11.042581	0.235868	-2.677445	-0.212204	3.563479	1.242384	-0.053252	0.078692	0.995476	0.168989	-0.981802	0.086651	0.984178	0.172839	0.038985
19007	10.917813	-0.119873	-2.705594	-0.025334	3.393775	1.166623	-0.084681	0.061338	0.994518	0.169474	-0.982674	0.075038	0.981890	0.174899	0.072819
19008	10.432728	-0.102081	-2.384100	0.149035	3.153851	1.072460	-0.113782	0.045273	0.992474	0.171976	-0.982984	0.064556	0.978508	0.178027	0.104060
19009	9.808638	0.143050	-2.186395	0.313735	2.850374	0.972431	-0.139961	0.030591	0.989684	0.176201	-0.982800	0.055296	0.974353	0.182122	0.132163
19010	9.119579	0.592659	-1.915352	0.351985	2.525695	0.875968	-0.162967	0.017374	0.986479	0.180924	-0.982364	0.047190	0.969901	0.186168	0.156949
19011	8.696445	0.930036	-1.935603	0.280916	2.145073	0.794243	-0.182312	0.005562	0.983225	0.184943	-0.981941	0.039847	0.965691	0.189105	0.177991
19012	8.386394	0.985537	-2.237771	0.019507	1.750825	0.702308	-0.197902	-0.004605	0.980211	0.186439	-0.981911	0.033028	0.962328	0.189286	0.195181
19013	7.887637	0.695498	-2.603672	-0.240346	1.370697	0.609936	-0.209979	-0.013154	0.977617	0.185305	-0.982321	0.026584	0.959985	0.186739	0.208705
19014	7.491097	0.247609	-2.982529	-0.457221	0.930429	0.535954	-0.217937	-0.020095	0.975756	0.182037	-0.983080	0.020413	0.958836	0.182073	0.217908
19015	7.196251	0.137261	-3.224148	-0.566751	0.515768	0.466333	-0.222077	-0.025584	0.974693	0.177566	-0.984000	0.014629	0.958724	0.176321	0.223067
19016	7.143328	-0.038892	-3.392514	-0.661649	0.062709	0.382703	-0.222025	-0.029418	0.974597	0.172041	-0.985044	0.009460	0.959743	0.169770	0.223766
19017	7.224120	-0.142930	-3.695976	-0.685285	-0.356248	0.279868	-0.218160	-0.031559	0.975403	0.166013	-0.986110	0.005225	0.961689	0.163069	0.220369
19018	7.183498	-0.104542	-4.162464	-0.674371	-0.751230	0.177127	-0.210651	-0.032064	0.977035	0.159870	-0.987136	0.002073	0.964400	0.156636	0.213068
19019	7.312625	-0.158871	-4.413326	-0.670003	-1.118500	0.074209	-0.199756	-0.031054	0.979353	0.153494	-0.988150	-0.000025	0.967748	0.150320	0.202156
19020	8.239686	-0.058517	-2.942297	-0.819574	-1.509621	-0.020450	-0.185160	-0.028598	0.982292	0.145479	-0.989360	-0.001381	0.971880	0.142647	0.187350
19021	12.697037	0.017091	2.872393	-1.225362	-1.742109	-0.143516	-0.168409	-0.024767	0.985406	0.133235	-0.991082	-0.002139	0.976671	0.130930	0.170207
19022	17.367402	1.223307	8.960637	-1.378240	-1.475368	-0.183884	-0.154214	-0.021067	0.987813	0.119422	-0.992840	-0.002530	0.980794	0.117577	0.155626
19023	16.518281	1.661571	8.305229	-0.571003	-0.729373	-0.249225	-0.147368	-0.017727	0.988923	0.113391	-0.993550	-0.000913	0.982561	0.112000	0.148428
19024	9.659884	1.343228	2.415661	0.932853	-0.627857	-0.278348	-0.141540	-0.014188	0.989831	0.122129	-0.992509	0.003238	0.982370	0.121345	0.142213
19025	6.749176	1.947907	1.627307	0.923753	-0.996334	-0.283623	-0.132136	-0.010091	0.991180	0.130770	-0.991386	0.007340	0.982568	0.130587	0.132317
19026	7.688606	-0.138985	0.281551	0.860061	-1.248720	-0.314543	-0.120301	-0.005247	0.992724	0.138801	-0.990252	0.011586	0.982986	0.139185	0.119857
19027	9.630478	-2.226163	-2.623993	1.269246	-1.566280	-0.279975	-0.105336	-0.000169	0.994437	0.150920	-0.988419	0.015818	0.982918	0.151746	0.104142
19028	12.146290	-2.151988	-3.424723	2.020451	-1.673483	-0.137090	-0.089135	0.003932	0.996012	0.170607	-0.985153	0.019157	0.981299	0.171634	0.087141
19029	11.750783	1.007587	-2.345746	2.640982	-1.475231	-0.003010	-0.074716	0.006710	0.997182	0.196429	-0.980286	0.021314	0.977667	0.197468	0.071925
19030	9.726720	2.854653	-1.524318	2.634619	-1.265878	0.011274	-0.062361	0.009303	0.998010	0.222114	-0.974750	0.022965	0.973024	0.223104	0.058720
19031	8.002923	3.428949	-2.275297	2.110752	-1.177579	0.006335	-0.050939	0.012018	0.998629	0.242575	-0.969835	0.024045	0.968794	0.243468	0.046487
19032	8.466631	3.465978	-2.431771	1.259115	-1.196321	0.076717	-0.039192	0.014300	0.999129	0.254771	-0.966708	0.023830	0.966207	0.255484	0.034244
19033	9.440350	3.215301	-2.110500	0.408810	-1.206077	0.136876	-0.027216	0.016120	0.999500	0.258743	-0.965681	0.022620	0.965563	0.259229	0.022111
19034	10.006251	2.468836	-1.667832	-0.357982	-1.206028	0.116524	-0.015283	0.018139	0.999719	0.255289	-0.966627	0.021441	0.966744	0.255545	0.010143
19035	10.096590	1.536100	-1.597402	-0.792065	-1.176147	0.112780	-0.003641	0.020053	0.999792	0.247622	-0.968643	0.020330	0.968850	0.247645	-0.001439
19036	9.965756	1.118721	-1.551336	-0.926010	-1.132290	0.130922	0.007642	0.021576	0.999738	0.238619	-0.970925	0.019130	0.971083	0.238410	-0.012568
19037	9.884067	0.775826	-1.303611	-0.918366	-1.139159	0.121022	0.018977	0.023115	0.999553	0.229669	-0.973100	0.018143	0.973084	0.229222	-0.023775
19038	10.194698	0.448890	-0.625297	-0.749029	-1.134751	0.095417	0.030225	0.024784	0.999236	0.222334	-0.974814	0.017454	0.974502	0.221636	-0.034974
19039	9.653205	-0.137795	-0.814632	-0.409340	-1.112557	0.085224	0.041236	0.026448	0.998799	0.218310	-0.975735	0.016825	0.975008	0.217354	-0.046009
19040	9.345299	-0.710038	-0.845222	0.001302	-1.122084	0.119377	0.052417	0.027762	0.998239	0.218250	-0.975767	0.015677	0.974484	0.217044	-0.057206
19041	9.542219	-0.785176	-1.108635	0.400873	-1.100071	0.179119	0.063502	0.028475	0.997575	0.222045	-0.974940	0.013694	0.972966	0.220637	-0.068233
19042	9.766371	-0.564868	-1.477170	0.641514	-1.080974	0.208122	0.074458	0.028905	0.996805	0.228121	-0.973569	0.011191	0.970782	0.226559	-0.079084
19043	9.979533	-0.330657	-1.919755	0.760502	-1.057312	0.209596	0.085173	0.029350	0.995934	0.235322	-0.971880	0.008516	0.968178	0.233639	-0.089685
19044	9.866476	0.298701	-1.953772	0.719781	-1.023518	0.189063	0.095503	0.029980	0.994978	0.242095	-0.970234	0.005997	0.965541	0.240307	-0.099918
19045	9.650379	0.863319	-1.951624	0.395417	-0.997492	0.165044	0.105505	0.030845	0.993940	0.245740	-0.969328	0.003996	0.963577	0.243829	-0.109849
19046	9.726176	0.723358	-2.044738	-0.045198	-0.968212	0.129333	0.115129	0.031989	0.992835	0.245148	-0.969481	0.002809	0.962625	0.243069	-0.119458
19047	9.798334	0.602376	-2.157688	-0.411645	-0.954582	0.091445	0.124519	0.033455	0.991653	0.241077	-0.970503	0.002470	0.962485	0.238757	-0.128912
19048	10.163058	-0.177268	-2.238460	-0.685203	-0.932756	0.052090	0.133605	0.035185	0.990410	0.234400	-0.972136	0.002915	0.962915	0.231763	-0.138129
19049	10.113874	-0.540374	-2.296285	-0.626475	-0.888027	0.062487	0.142282	0.036662	0.989147	0.228283	-0.973589	0.003248	0.963142	0.225343	-0.146893
19050	10.227609	-0.700389	-2.436991	-0.543286	-0.845001	0.044078	0.150502	0.038154	0.987873	0.222974	-0.974817	0.003680	0.963136	0.219716	-0.155220
19051	10.163335	-1.102946	-2.656713	-0.269297	-0.780257	0.040118	0.158085	0.039520	0.986634	0.220321	-0.975420	0.003770	0.962532	0.216780	-0.162906
19052	10.164562	-0.701399	-2.625855	-0.031209	-0.731838	0.034092	0.165183	0.040813	0.985418	0.219954	-0.975504	0.003532	0.961423	0.216163	-0.170114
19053	10.120537	-0.284370	-2.572403	0.169575	-0.666745	0.032509	0.171642	0.041995	0.984264	0.221529	-0.975149	0.002974	0.959929	0.217532	-0.176679
19054	10.003730	0.378083	-2.389265	0.169622	-0.617793	0.022705	0.177601	0.043163	0.983156	0.223105	-0.974791	0.002493	0.958479	0.218905	-0.182754
19055	9.882788	0.686307	-2.165985	-0.025452	-0.575487	0.019549	0.183140	0.044284	0.982089	0.222828	-0.974855	0.002405	0.957501	0.218396	-0.188402
19056	9.734137	0.524567	-2.042465	-0.248393	-0.554594	0.022564	0.188481	0.045309	0.981031	0.220398	-0.975406	0.002705	0.957026	0.215707	-0.193832
19057	9.622040	0.089765	-2.044709	-0.375178	-0.538698	0.016680	0.193655	0.046352	0.979974	0.216779	-0.976215	0.003336	0.956820	0.211792	-0.199097
19058	9.692281	-0.238950	-1.836082	-0.452521	-0.538459	0.009368	0.198810	0.047430	0.978890	0.212421	-0.977169	0.004205	0.956740	0.207101	-0.204346
19059	9.643210	-0.682326	-1.727461	-0.394811	-0.550255	-0.003730	0.204049	0.048650	0.977751	0.208656	-0.977976	0.005116	0.956466	0.202970	-0.209706
19060	9.539167	-0.838227	-1.743714	-0.277865	-0.561718	-0.015729	0.209370	0.049977	0.976558	0.206022	-0.978529	0.005907	0.955886	0.199956	-0.215172
19061	9.424467	-0.624942	-1.648447	-0.165960	-0.576536	-0.026520	0.214807	0.051436	0.975301	0.204494	-0.978846	0.006584	0.955008	0.198029	-0.220782
19062	9.468970	-0.526915	-1.735428	-0.077816	-0.601953	-0.038203	0.220458	0.053040	0.973953	0.203826	-0.978981	0.007177	0.953862	0.196935	-0.226635
19063	9.536822	-0.265978	-1.716713	-0.006452	-0.622105	-0.054806	0.226259	0.054851	0.972522	0.203886	-0.978964	0.007780	0.952490	0.196524	-0.232683
19064	9.530830	-0.139692	-1.866372	0.002171	-0.637015	-0.059808	0.232183	0.056729	0.971016	0.204036	-0.978927	0.008403	0.951031	0.196171	-0.238865
19065	9.548125	0.109366	-1.898211	-0.014454	-0.653229	-0.064790	0.238241	0.058691	0.969431	0.204050	-0.978918	0.009120	0.949529	0.195640	-0.245195
19066	9.582229	0.143209	-2.123505	-0.076854	-0.670182	-0.075164	0.244430	0.060776	0.967760	0.203495	-0.979024	0.010086	0.948074	0.194469	-0.251671
19067	9.542385	0.146509	-2.211075	-0.113936	-0.685603	-0.085365	0.250734	0.062988	0.966005	0.202626	-0.979192	0.011255	0.946612	0.192915	-0.258280
19068	9.790798	0.090022	-2.157045	-0.170048	-0.698181	-0.104526	0.257111	0.065393	0.964167	0.201276	-0.979452	0.012756	0.945189	0.190784	-0.264990
19069	9.875730	-0.030814	-2.034863	-0.207494	-0.704393	-0.125426	0.263495	0.068005	0.962261	0.199642	-0.979760	0.014574	0.943776	0.188268	-0.271738
19070	10.013523	-0.257566	-1.782447	-0.236346	-0.727169	-0.153580	0.270031	0.070911	0.960237	0.197817	-0.980096	0.016749	0.942312	0.185428	-0.278683
19071	9.914532	-0.208873	-1.335009	-0.260070	-0.764494	-0.175639	0.276865	0.074085	0.958049	0.195847	-0.980446	0.019220	0.940739	0.182310	-0.285961
19072	9.701907	-0.443926	-0.802887	-0.320274	-0.839522	-0.210525	0.284330	0.077706	0.955572	0.193422	-0.980864	0.022210	0.939013	0.178513	-0.293919
19073	9.576061	-0.578377	-0.288187	-0.293403	-0.924193	-0.263653	0.292472	0.081969	0.952754	0.191427	-0.981172	0.025651	0.936918	0.174880	-0.302657
19074	9.402964	-0.879183	-0.020372	-0.274268	-1.030385	-0.324376	0.301479	0.086978	0.949497	0.189819	-0.981372	0.029628	0.934387	0.171300	-0.312373
19075	9.367309	-1.462813	0.137461	-0.207832	-1.150293	-0.385248	0.311460	0.092750	0.945722	0.189053	-0.981379	0.033985	0.931263	0.168207	-0.323195
19076	9.603188	-1.723015	-0.205902	-0.105779	-1.276150	-0.453979	0.322445	0.099379	0.941357	0.189505	-0.981118	0.038665	0.927425	0.165925	-0.335190
19077	9.827157	-1.290020	-0.399967	-0.003144	-1.403741	-0.501497	0.334457	0.106647	0.936357	0.191109	-0.980608	0.043424	0.922830	0.164423	-0.348352
19078	9.972256	-0.919573	-0.640123	-0.040327	-1.524768	-0.554980	0.347408	0.114620	0.930682	0.192628	-0.980058	0.048797	0.917716	0.162323	-0.362559
19079	10.244431	-0.661774	-1.224762	-0.085782	-1.628114	-0.618837	0.361087	0.123326	0.924341	0.194015	-0.979462	0.054890	0.912126	0.159517	-0.377598
19080	10.713292	-0.449520	-1.378667	-0.111195	-1.741226	-0.689946	0.375556	0.132872	0.917226	0.195545	-0.978751	0.061719	0.905936	0.156180	-0.393558
19081	11.159424	-0.148590	-1.437062	-0.114263	-1.839348	-0.766979	0.390628	0.143231	0.909337	0.197428	-0.977871	0.069215	0.899128	0.152492	-0.410262
19082	11.524811	0.184662	-1.247506	-0.102775	-1.930772	-0.825279	0.406262	0.154245	0.900644	0.199797	-0.976794	0.077163	0.891646	0.148598	-0.427652
19083	11.740905	0.767912	-0.937057	-0.111623	-2.033793	-0.874281	0.422533	0.165769	0.891060	0.202403	-0.975562	0.085511	0.883459	0.144222	-0.445759
19084	12.281113	1.309634	-0.603136	-0.167837	-2.141368	-0.927626	0.439451	0.177885	0.880477	0.204928	-0.974201	0.094540	0.874578	0.138888	-0.464567
19085	13.014667	1.574552	-0.051403	-0.250710	-2.239129	-0.995102	0.456854	0.190615	0.868879	0.207179	-0.972710	0.104460	0.865079	0.132290	-0.483878
19086	14.138864	1.082869	0.641038	-0.367955	-2.320218	-1.074317	0.474559	0.204074	0.856240	0.209022	-0.971055	0.115591	0.855046	0.124118	-0.503479
19087	15.186082	0.788963	1.848994	-0.322665	-2.400704	-1.132016	0.492549	0.217937	0.842555	0.211723	-0.969058	0.126888	0.844138	0.115890	-0.523451
19088	15.392334	1.105532	3.987802	-0.248550	-2.532391	-1.160896	0.511277	0.232048	0.827496	0.215473	-0.966716	0.137956	0.831966	0.107769	-0.544260
19089	16.016050	1.120831	5.242887	-0.328623	-2.626115	-1.163285	0.530404	0.245975	0.811276	0.218780	-0.964280	0.149329	0.819028	0.098286	-0.565272
19090	16.538088	0.966026	5.905930	-0.509549	-2.674309	-1.173347	0.549535	0.259790	0.794054	0.220985	-0.961774	0.161727	0.805716	0.086599	-0.585938
19091	16.642946	0.402359	5.411329	-0.602063	-2.750871	-1.177502	0.568866	0.273275	0.775701	0.222710	-0.959128	0.174569	0.791702	0.073450	-0.606476
19092	15.432491	0.454973	4.105867	-0.820851	-2.824127	-1.152508	0.588437	0.286208	0.756192	0.222950	-0.956430	0.188504	0.777197	0.057670	-0.626609
19093	14.009079	-1.139336	-0.205579	-1.003029	-2.905440	-1.082104	0.608366	0.297913	0.735621	0.221642	-0.953773	0.202960	0.762080	0.039570	-0.646273
19094	13.003676	-1.874258	-4.036006	-0.965458	-3.195936	-0.978916	0.630262	0.308242	0.712570	0.220445	-0.951083	0.216436	0.744429	0.020671	-0.667382
19095	15.358867	-1.368860	-4.360726	-1.163889	-3.335128	-0.958599	0.652654	0.317612	0.687870	0.217959	-0.948220	0.231024	0.725628	-0.000852	-0.688087
19096	16.034738	-0.078214	-4.924065	-1.127103	-3.213704	-0.950853	0.673594	0.326291	0.663179	0.216207	-0.945016	0.245355	0.706772	-0.021886	-0.707103
19097	14.837450	1.847281	-5.260018	-1.040139	-2.989438	-0.891540	0.692515	0.333668	0.639601	0.214944	-0.941773	0.258579	0.688638	-0.041591	-0.723911
19098	13.600359	3.537411	-6.217773	-0.857104	-2.608088	-0.671925	0.708806	0.338724	0.618756	0.213838	-0.939069	0.269114	0.672211	-0.058436	-0.738050
19099	14.003255	4.971404	-4.609459	-1.171137	-2.240010	-0.530124	0.722578	0.342084	0.600716	0.209736	-0.936504	0.281019	0.658705	-0.077066	-0.748444
19100	13.017271	3.796119	-4.297576	-1.585564	-1.670595	-0.613866	0.732225	0.346405	0.586388	0.203846	-0.932988	0.296613	0.649841	-0.097655	-0.753770
19101	9.871839	2.289322	-7.401226	-1.136327	-0.940075	-0.662679	0.736958	0.351496	0.577359	0.201250	-0.929522	0.309012	0.645284	-0.111535	-0.755757
19102	5.314244	3.705886	-11.186134	-0.135471	-0.357829	-0.399847	0.738440	0.354848	0.573402	0.203347	-0.927939	0.312377	0.642928	-0.114072	-0.757384
19103	3.964633	2.713705	-5.474220	-1.318861	-0.677068	-0.422632	0.741927	0.357843	0.567003	0.197904	-0.924867	0.324738	0.640607	-0.128720	-0.757003
19104	7.863711	0.225596	-2.146691	-1.855876	-0.547542	-0.203146	0.745029	0.359003	0.562183	0.187549	-0.921554	0.339945	0.640123	-0.147832	-0.753915
19105	9.064890	-0.587055	-3.175908	-2.104395	0.276581	0.108008	0.743436	0.358342	0.564706	0.173100	-0.918674	0.355070	0.646017	-0.166221	-0.745005
19106	7.579799	-2.901908	-4.577062	-1.476985	0.886272	0.425522	0.738368	0.355996	0.572783	0.160358	-0.917643	0.363617	0.655056	-0.176632	-0.734645
19107	5.876622	-3.515445	-4.489573	-0.247847	1.388908	0.704649	0.730296	0.351837	0.585559	0.153419	-0.919744	0.361294	0.665681	-0.174016	-0.725663
19108	4.677242	-2.693945	-5.358375	0.926689	1.835024	0.908971	0.719352	0.346553	0.602025	0.153072	-0.924443	0.349247	0.677571	-0.159078	-0.718047
19109	4.155113	-1.330318	-5.793410	1.922095	2.264952	1.085473	0.705540	0.339656	0.621970	0.158345	-0.931027	0.328810	0.690753	-0.133502	-0.710660
19110	4.226936	0.577667	-5.349547	2.402513	2.699746	1.214193	0.688648	0.331529	0.644866	0.166673	-0.937915	0.304198	0.705679	-0.102004	-0.701150
19111	4.391548	2.240505	-4.581980	2.344421	3.142512	1.288619	0.668386	0.321952	0.670528	0.174528	-0.944187	0.279378	0.723049	-0.069707	-0.687271
19112	4.718097	3.395136	-4.061364	2.053466	3.574485	1.299754	0.644480	0.311627	0.698236	0.181061	-0.949406	0.256604	0.742874	-0.038953	-0.668297
19113	5.108918	4.432191	-3.676253	1.723778	3.953239	1.253198	0.616958	0.300536	0.727352	0.186003	-0.953713	0.236293	0.764700	-0.010493	-0.644301
19114	4.563949	5.358900	-3.497290	1.284888	4.309471	1.187973	0.585703	0.289139	0.757199	0.188847	-0.957178	0.219425	0.788219	0.014477	-0.615225
19115	4.205501	5.928906	-3.207418	0.822814	4.640080	1.146296	0.550680	0.276861	0.787464	0.188782	-0.960256	0.205595	0.813089	0.035441	-0.581060
