// General information: 
//  MT Manager version: 2022.2.0 
//  XDA version: 2022.2.0 build 7381 rev 124627 built on 2023-07-19
// Device information: 
//  DeviceId: 00B4CB9F
//  ProductCode: MTW2-3A7G6
//  Firmware Version: 4.6.0
//  Hardware Version: 2.0.0
// Device settings: 
//  Filter Profile: human(46.1)
//  Option Flags: Orientation Smoother Disabled, Position/Velocity Smoother Disabled, Continuous Zero Rotation Update Disabled, AHS Disabled, ICC Disabled
// Coordinate system: ENU
PacketCounter	Acc_X	Acc_Y	Acc_Z	Gyr_X	Gyr_Y	Gyr_Z	Mat[1][1]	Mat[2][1]	Mat[3][1]	Mat[1][2]	Mat[2][2]	Mat[3][2]	Mat[1][3]	Mat[2][3]	Mat[3][3]
01123	9.488611	0.694745	-2.442953	-0.003149	0.007153	-0.009641	-0.231001	-0.122989	0.965149	-0.176315	0.980846	0.082789	-0.956845	-0.151045	-0.248261
01124	9.488713	0.695585	-2.442315	-0.002761	0.005864	-0.006545	-0.230974	-0.122924	0.965163	-0.176217	0.980867	0.082753	-0.956869	-0.150965	-0.248216
01125	9.460352	0.682438	-2.469865	0.003510	0.005212	-0.007646	-0.230950	-0.122974	0.965163	-0.176269	0.980854	0.082795	-0.956865	-0.151007	-0.248205
01126	9.457337	0.702060	-2.454507	0.003953	0.003378	-0.006741	-0.230916	-0.123021	0.965165	-0.176313	0.980842	0.082836	-0.956866	-0.151043	-0.248182
01127	9.508440	0.680388	-2.494994	0.000323	0.002965	-0.007653	-0.230913	-0.123075	0.965159	-0.176335	0.980834	0.082886	-0.956862	-0.151052	-0.248189
01128	9.494926	0.703965	-2.407221	-0.000230	0.005892	-0.004175	-0.230922	-0.123099	0.965154	-0.176471	0.980811	0.082873	-0.956835	-0.151184	-0.248214
01129	9.492011	0.723506	-2.391451	0.001028	0.010880	-0.006713	-0.230845	-0.123131	0.965168	-0.176497	0.980803	0.082912	-0.956849	-0.151210	-0.248146
01130	9.480260	0.712384	-2.457442	-0.003646	0.009536	-0.008358	-0.230727	-0.123123	0.965197	-0.176518	0.980799	0.082917	-0.956873	-0.151244	-0.248030
01131	9.468322	0.745372	-2.459968	0.003226	0.011653	-0.009631	-0.230637	-0.123183	0.965211	-0.176572	0.980784	0.082979	-0.956885	-0.151292	-0.247956
01132	9.435733	0.698283	-2.444612	0.001084	0.010337	-0.008906	-0.230590	-0.123169	0.965224	-0.176580	0.980783	0.082970	-0.956895	-0.151308	-0.247908
01133	9.474833	0.708858	-2.488174	0.003512	0.005217	-0.007648	-0.230566	-0.123219	0.965224	-0.176633	0.980770	0.083011	-0.956891	-0.151351	-0.247896
01134	9.483938	0.696409	-2.469267	0.005054	0.003768	-0.008201	-0.230573	-0.123257	0.965217	-0.176676	0.980760	0.083037	-0.956881	-0.151385	-0.247913
01135	9.480909	0.715833	-2.453934	0.003843	0.004472	-0.002359	-0.230565	-0.123256	0.965219	-0.176720	0.980753	0.083026	-0.956875	-0.151431	-0.247909
01136	9.512512	0.710935	-2.440375	0.007142	0.005632	-0.006736	-0.230544	-0.123272	0.965222	-0.176857	0.980730	0.083010	-0.956855	-0.151569	-0.247903
01137	9.506449	0.749274	-2.409843	0.009173	0.008041	-0.003079	-0.230500	-0.123273	0.965232	-0.176953	0.980714	0.082993	-0.956847	-0.151671	-0.247868
01138	9.515687	0.736529	-2.390464	0.001028	0.010885	-0.006718	-0.230404	-0.123272	0.965255	-0.177037	0.980699	0.082986	-0.956855	-0.151766	-0.247781
01139	9.455957	0.728505	-2.430754	0.006257	0.009306	-0.008550	-0.230339	-0.123325	0.965264	-0.177118	0.980681	0.083029	-0.956856	-0.151841	-0.247732
01140	9.490755	0.704822	-2.431710	0.002515	0.009982	-0.005080	-0.230311	-0.123302	0.965274	-0.177172	0.980674	0.082997	-0.956853	-0.151904	-0.247705
01141	9.471601	0.678375	-2.440363	0.007301	0.010239	-0.007819	-0.230238	-0.123346	0.965286	-0.177261	0.980655	0.083030	-0.956854	-0.151991	-0.247648
01142	9.462715	0.691923	-2.458143	0.008187	0.006568	-0.006005	-0.230230	-0.123376	0.965284	-0.177352	0.980638	0.083039	-0.956839	-0.152077	-0.247653
01143	9.453759	0.705313	-2.476247	0.006486	0.003413	-0.004372	-0.230228	-0.123397	0.965281	-0.177425	0.980624	0.083041	-0.956826	-0.152147	-0.247661
01144	9.473179	0.732615	-2.466291	0.007144	0.005637	-0.006739	-0.230162	-0.123475	0.965287	-0.177632	0.980584	0.083078	-0.956803	-0.152344	-0.247627
01145	9.476100	0.758019	-2.417303	0.004501	0.006699	-0.004728	-0.230129	-0.123495	0.965293	-0.177688	0.980573	0.083088	-0.956801	-0.152400	-0.247601
01146	9.473065	0.777264	-2.401956	0.007973	0.002511	-0.002732	-0.230158	-0.123523	0.965282	-0.177874	0.980541	0.083064	-0.956759	-0.152580	-0.247651
01147	9.453794	0.750660	-2.411134	0.001972	0.006670	-0.007101	-0.230121	-0.123566	0.965285	-0.177911	0.980531	0.083104	-0.956761	-0.152611	-0.247624
01148	9.479454	0.740038	-2.431013	-0.000829	0.003127	-0.004007	-0.230082	-0.123467	0.965307	-0.177904	0.980540	0.083012	-0.956772	-0.152633	-0.247570
01149	9.479472	0.740533	-2.430792	-0.002914	0.001262	-0.005473	-0.230099	-0.123502	0.965299	-0.177891	0.980540	0.083048	-0.956770	-0.152609	-0.247591
01150	9.491597	0.708952	-2.427221	-0.004615	-0.001895	-0.003839	-0.230074	-0.123546	0.965299	-0.177888	0.980536	0.083097	-0.956777	-0.152597	-0.247573
01151	9.503724	0.677260	-2.423683	-0.005115	0.000487	-0.002554	-0.230104	-0.123553	0.965291	-0.177847	0.980542	0.083111	-0.956777	-0.152550	-0.247600
01152	9.514055	0.717846	-2.432325	-0.007487	0.005064	-0.006010	-0.230119	-0.123618	0.965279	-0.177937	0.980523	0.083151	-0.956757	-0.152624	-0.247633
01153	9.457008	0.734603	-2.424820	-0.001486	0.000904	-0.001641	-0.230146	-0.123616	0.965273	-0.177929	0.980524	0.083147	-0.956752	-0.152614	-0.247659
01154	9.491628	0.710620	-2.426611	-0.008358	-0.001221	-0.000369	-0.230285	-0.123551	0.965248	-0.177843	0.980545	0.083080	-0.956734	-0.152531	-0.247778
01155	9.514060	0.719037	-2.431953	-0.006543	0.000847	-0.006388	-0.230305	-0.123596	0.965238	-0.177798	0.980549	0.083134	-0.956738	-0.152471	-0.247800
01156	9.526228	0.687572	-2.428218	-0.010287	0.001521	-0.002917	-0.230392	-0.123554	0.965222	-0.177687	0.980572	0.083106	-0.956738	-0.152361	-0.247870
01157	9.494754	0.693268	-2.441097	-0.008144	0.002841	-0.003644	-0.230397	-0.123569	0.965219	-0.177621	0.980581	0.083137	-0.956749	-0.152288	-0.247872
01158	9.485786	0.706950	-2.459151	-0.006444	0.005999	-0.005278	-0.230388	-0.123493	0.965231	-0.177477	0.980610	0.083099	-0.956778	-0.152161	-0.247838
01159	9.466212	0.724517	-2.404766	-0.006058	0.004707	-0.002178	-0.230378	-0.123490	0.965234	-0.177426	0.980618	0.083111	-0.956789	-0.152111	-0.247824
01160	9.457321	0.738152	-2.422520	-0.006287	0.010606	-0.006360	-0.230224	-0.123508	0.965268	-0.177341	0.980628	0.083176	-0.956842	-0.152032	-0.247667
01161	9.483071	0.727656	-2.442074	-0.004958	0.005096	-0.003638	-0.230207	-0.123519	0.965271	-0.177305	0.980633	0.083200	-0.956853	-0.151994	-0.247649
01162	9.483164	0.727970	-2.441617	-0.004572	0.003803	-0.000538	-0.230233	-0.123507	0.965266	-0.177365	0.980625	0.083167	-0.956836	-0.152057	-0.247678
01163	9.463980	0.701524	-2.450543	-0.007329	0.009676	-0.007095	-0.230167	-0.123545	0.965277	-0.177315	0.980629	0.083229	-0.956861	-0.152001	-0.247614
01164	9.426709	0.701445	-2.496498	-0.006000	0.004164	-0.004373	-0.230179	-0.123525	0.965277	-0.177216	0.980646	0.083234	-0.956876	-0.151904	-0.247615
01165	9.452370	0.691125	-2.516395	-0.003740	0.004398	-0.009484	-0.230159	-0.123595	0.965273	-0.177205	0.980641	0.083310	-0.956883	-0.151877	-0.247605
01166	9.452383	0.691984	-2.516108	0.001875	0.001528	-0.008211	-0.230143	-0.123611	0.965274	-0.177254	0.980632	0.083316	-0.956878	-0.151924	-0.247596
01167	9.487012	0.668483	-2.517801	0.000774	0.001139	-0.006753	-0.230159	-0.123659	0.965264	-0.177280	0.980624	0.083355	-0.956869	-0.151937	-0.247621
01168	9.521210	0.688866	-2.456209	-0.000925	-0.002019	-0.005120	-0.230174	-0.123667	0.965260	-0.177254	0.980628	0.083368	-0.956870	-0.151907	-0.247636
01169	9.521206	0.689275	-2.456109	0.000214	0.004064	-0.003275	-0.230168	-0.123676	0.965260	-0.177267	0.980625	0.083375	-0.956869	-0.151918	-0.247632
01170	9.558742	0.690492	-2.408771	0.003614	0.010382	-0.006541	-0.230046	-0.123646	0.965293	-0.177389	0.980606	0.083333	-0.956876	-0.152062	-0.247518
01171	9.552637	0.729150	-2.377847	-0.003701	0.010094	-0.006182	-0.229977	-0.123674	0.965306	-0.177371	0.980606	0.083377	-0.956896	-0.152042	-0.247453
01172	9.521408	0.735164	-2.389671	-0.005473	0.017447	-0.009815	-0.229821	-0.123725	0.965336	-0.177437	0.980589	0.083436	-0.956921	-0.152111	-0.247314
01173	9.483171	0.682492	-2.407125	-0.008443	0.019261	-0.013101	-0.229652	-0.123807	0.965366	-0.177390	0.980587	0.083559	-0.956971	-0.152056	-0.247156
01174	9.506016	0.691836	-2.410542	-0.007400	0.020196	-0.012369	-0.229535	-0.123810	0.965394	-0.177381	0.980586	0.083584	-0.957000	-0.152057	-0.247040
01175	9.480120	0.607267	-2.424005	-0.003999	0.026521	-0.015638	-0.229292	-0.123906	0.965439	-0.177382	0.980575	0.083720	-0.957058	-0.152056	-0.246816
01176	9.423455	0.624933	-2.414721	-0.005854	0.018753	-0.012925	-0.229188	-0.123961	0.965457	-0.177309	0.980580	0.083811	-0.957097	-0.151975	-0.246717
01177	9.438737	0.619648	-2.360604	-0.007444	0.024486	-0.023143	-0.228951	-0.124133	0.965491	-0.177294	0.980564	0.084029	-0.957156	-0.151938	-0.246510
01178	9.394240	0.606076	-2.347673	0.002519	0.023724	-0.025510	-0.228610	-0.124365	0.965542	-0.177389	0.980524	0.084295	-0.957220	-0.152006	-0.246219
01179	9.381192	0.587500	-2.321658	-0.002148	0.022380	-0.027170	-0.228386	-0.124581	0.965567	-0.177435	0.980495	0.084538	-0.957265	-0.152018	-0.246037
01180	9.412148	0.569191	-2.445988	0.015037	0.016761	-0.030997	-0.228222	-0.124754	0.965583	-0.177620	0.980448	0.084693	-0.957270	-0.152178	-0.245918
01181	9.464181	0.505182	-2.549266	0.056386	0.002838	-0.031336	-0.228177	-0.125039	0.965557	-0.178235	0.980324	0.084832	-0.957166	-0.152740	-0.245974
01182	9.468891	0.496151	-2.656049	0.086525	-0.015299	-0.026782	-0.228289	-0.125319	0.965494	-0.179240	0.980140	0.084839	-0.956952	-0.153687	-0.246218
01183	9.571306	0.548945	-2.704074	0.106835	-0.033728	-0.024270	-0.228607	-0.125592	0.965384	-0.180322	0.979947	0.084786	-0.956673	-0.154697	-0.246669
01184	9.626180	0.620692	-2.588277	0.099535	-0.033976	-0.023953	-0.228910	-0.125812	0.965283	-0.181394	0.979758	0.084683	-0.956398	-0.155712	-0.247098
01185	9.631483	0.687231	-2.355293	0.076377	-0.018499	-0.021231	-0.229086	-0.126032	0.965213	-0.182177	0.979613	0.084674	-0.956206	-0.156442	-0.247376
01186	9.523553	0.742426	-2.169713	0.054462	0.001949	-0.021046	-0.229060	-0.126257	0.965190	-0.182813	0.979489	0.084742	-0.956091	-0.157038	-0.247443
01187	9.492892	0.765212	-2.043465	0.024509	0.008432	-0.024694	-0.228972	-0.126469	0.965183	-0.183109	0.979420	0.084895	-0.956056	-0.157295	-0.247418
01188	9.497767	0.756910	-2.148798	0.004608	0.003658	-0.025419	-0.228951	-0.126674	0.965161	-0.183354	0.979362	0.085043	-0.956014	-0.157495	-0.247452
01189	9.515894	0.769939	-2.278501	-0.007529	-0.002638	-0.025598	-0.228967	-0.126912	0.965126	-0.183345	0.979342	0.085284	-0.956012	-0.157424	-0.247506
01190	9.527415	0.821128	-2.378869	-0.011429	-0.006589	-0.021027	-0.228957	-0.127087	0.965105	-0.183365	0.979323	0.085459	-0.956010	-0.157400	-0.247526
01191	9.480549	0.835188	-2.445158	-0.011662	-0.016351	-0.021032	-0.229113	-0.127302	0.965040	-0.183307	0.979316	0.085666	-0.955984	-0.157271	-0.247709
01192	9.458537	0.882883	-2.468802	-0.020788	-0.015018	-0.027615	-0.229240	-0.127503	0.964983	-0.182948	0.979359	0.085942	-0.956023	-0.156840	-0.247834
01193	9.444614	0.864963	-2.446016	-0.023436	-0.013963	-0.025606	-0.229364	-0.127759	0.964920	-0.182788	0.979364	0.086222	-0.956023	-0.156599	-0.247984
01194	9.449517	0.776676	-2.449638	-0.016855	-0.021019	-0.024705	-0.229508	-0.127968	0.964858	-0.182660	0.979369	0.086443	-0.956013	-0.156402	-0.248148
01195	9.438779	0.739338	-2.442357	-0.009982	-0.018855	-0.025992	-0.229679	-0.128235	0.964782	-0.182630	0.979352	0.086694	-0.955978	-0.156286	-0.248356
01196	9.443681	0.650491	-2.446487	0.005936	-0.023173	-0.021802	-0.229893	-0.128399	0.964709	-0.182680	0.979332	0.086812	-0.955917	-0.156276	-0.248597
01197	9.427895	0.658936	-2.501210	0.015495	-0.032025	-0.017615	-0.230204	-0.128604	0.964607	-0.182874	0.979287	0.086918	-0.955805	-0.156393	-0.248954
01198	9.501737	0.662362	-2.411336	0.023060	-0.037595	-0.013792	-0.230615	-0.128735	0.964492	-0.183124	0.979240	0.086917	-0.955658	-0.156577	-0.249402
01199	9.519977	0.690554	-2.405139	0.025609	-0.028120	-0.021113	-0.230883	-0.128969	0.964396	-0.183423	0.979174	0.087032	-0.955536	-0.156798	-0.249730
01200	9.483740	0.760321	-2.342939	0.021534	-0.026711	-0.022942	-0.231177	-0.129183	0.964297	-0.183723	0.979110	0.087122	-0.955407	-0.157023	-0.250081
01201	9.466510	0.760489	-2.306319	0.012031	-0.018400	-0.029328	-0.231336	-0.129482	0.964219	-0.183911	0.979054	0.087350	-0.955333	-0.157124	-0.250304
01202	9.437565	0.749174	-2.336065	-0.000792	-0.016968	-0.034617	-0.231424	-0.129763	0.964160	-0.184006	0.979014	0.087596	-0.955293	-0.157140	-0.250444
01203	9.444144	0.767218	-2.395486	-0.011036	-0.025463	-0.030035	-0.231649	-0.130080	0.964063	-0.183976	0.978994	0.087888	-0.955244	-0.157005	-0.250715
01204	9.462958	0.753526	-2.451821	-0.016167	-0.030678	-0.035898	-0.231850	-0.130354	0.963978	-0.183794	0.979001	0.088181	-0.955230	-0.156729	-0.250940
01205	9.459172	0.732143	-2.503361	-0.022655	-0.039812	-0.034809	-0.232204	-0.130740	0.963840	-0.183664	0.978993	0.088548	-0.955170	-0.156462	-0.251338
01206	9.480235	0.743675	-2.512768	-0.014686	-0.046659	-0.027890	-0.232557	-0.131041	0.963714	-0.183661	0.978971	0.088796	-0.955084	-0.156346	-0.251734
01207	9.466383	0.778549	-2.520734	-0.020569	-0.047337	-0.023676	-0.233003	-0.131330	0.963568	-0.183525	0.978973	0.089051	-0.955002	-0.156090	-0.252206
01208	9.492882	0.840071	-2.433266	-0.023281	-0.036321	-0.029151	-0.233244	-0.131631	0.963468	-0.183445	0.978962	0.089338	-0.954958	-0.155905	-0.252484
01209	9.462289	0.820384	-2.373340	-0.026834	-0.031604	-0.028956	-0.233530	-0.131947	0.963356	-0.183262	0.978967	0.089660	-0.954924	-0.155608	-0.252799
01210	9.445453	0.777829	-2.400458	-0.031891	-0.031664	-0.033716	-0.233789	-0.132326	0.963240	-0.183204	0.978945	0.090018	-0.954871	-0.155425	-0.253110
01211	9.454246	0.724563	-2.447966	-0.031946	-0.031114	-0.031526	-0.234066	-0.132666	0.963127	-0.182979	0.978954	0.090377	-0.954847	-0.155078	-0.253415
01212	9.457014	0.665124	-2.529135	-0.022561	-0.034568	-0.033774	-0.234397	-0.133011	0.962999	-0.182954	0.978931	0.090680	-0.954770	-0.154929	-0.253793
01213	9.442734	0.647747	-2.508675	-0.009617	-0.042719	-0.036234	-0.234775	-0.133415	0.962851	-0.182953	0.978898	0.091028	-0.954677	-0.154785	-0.254230
01214	9.467469	0.693392	-2.560940	-0.000931	-0.047867	-0.033909	-0.235232	-0.133731	0.962695	-0.183030	0.978863	0.091254	-0.954550	-0.154736	-0.254737
01215	9.465551	0.740892	-2.501915	0.003982	-0.042948	-0.037768	-0.235610	-0.134149	0.962545	-0.183163	0.978808	0.091581	-0.954431	-0.154725	-0.255188
01216	9.476282	0.756353	-2.439202	0.003288	-0.044634	-0.033200	-0.235932	-0.134448	0.962424	-0.183239	0.978772	0.091812	-0.954337	-0.154692	-0.255559
01217	9.525632	0.781997	-2.421119	0.003351	-0.045151	-0.035414	-0.236334	-0.134847	0.962269	-0.183361	0.978720	0.092119	-0.954214	-0.154671	-0.256031
01218	9.530343	0.791472	-2.391941	-0.001827	-0.044143	-0.035768	-0.236678	-0.135259	0.962127	-0.183476	0.978667	0.092450	-0.954107	-0.154647	-0.256446
01219	9.519715	0.807789	-2.414373	-0.001760	-0.039001	-0.034655	-0.237023	-0.135641	0.961988	-0.183548	0.978624	0.092762	-0.954007	-0.154584	-0.256853
01220	9.569186	0.833774	-2.395797	-0.010108	-0.040265	-0.035001	-0.237374	-0.136020	0.961848	-0.183635	0.978579	0.093067	-0.953904	-0.154537	-0.257267
01221	9.634645	0.809385	-2.388225	-0.017528	-0.030634	-0.042086	-0.237625	-0.136462	0.961724	-0.183574	0.978550	0.093492	-0.953853	-0.154332	-0.257579
01222	9.656309	0.875299	-2.423353	-0.020283	-0.013980	-0.044202	-0.237745	-0.136825	0.961643	-0.183527	0.978524	0.093854	-0.953832	-0.154174	-0.257750
01223	9.665407	0.920634	-2.432614	-0.031219	0.005461	-0.049934	-0.237638	-0.137287	0.961603	-0.183354	0.978505	0.094389	-0.953892	-0.153884	-0.257702
01224	9.822090	0.940685	-2.531989	-0.034674	0.049547	-0.064574	-0.237046	-0.137754	0.961682	-0.183313	0.978456	0.094972	-0.954047	-0.153776	-0.257191
01225	9.843604	0.941577	-2.668984	-0.031217	0.104267	-0.094646	-0.235914	-0.138502	0.961853	-0.183245	0.978375	0.095937	-0.954340	-0.153622	-0.256192
01226	9.796032	0.886725	-2.742099	-0.023002	0.148651	-0.132029	-0.234293	-0.139545	0.962099	-0.183514	0.978201	0.097190	-0.954688	-0.153788	-0.254794
01227	9.726725	0.877658	-2.513333	-0.017951	0.165522	-0.165396	-0.232445	-0.140890	0.962351	-0.183736	0.977998	0.098801	-0.955097	-0.153852	-0.253217
01228	9.672220	0.923701	-2.029256	-0.011099	0.166697	-0.181058	-0.230606	-0.142318	0.962583	-0.184004	0.977776	0.100482	-0.955491	-0.153948	-0.251668
01229	9.605271	0.761881	-1.362508	-0.030935	0.177266	-0.188409	-0.228602	-0.143869	0.962831	-0.184149	0.977555	0.102347	-0.955945	-0.153907	-0.249964
01230	9.569628	0.710940	-0.828665	-0.042562	0.164740	-0.186846	-0.226665	-0.145419	0.963056	-0.184132	0.977358	0.104242	-0.956409	-0.153702	-0.248309
01231	9.573793	0.726150	-0.687780	-0.020335	0.175449	-0.190351	-0.224672	-0.146992	0.963284	-0.184375	0.977112	0.106099	-0.956832	-0.153768	-0.246632
01232	9.673391	0.812683	-0.929694	0.014338	0.206015	-0.199156	-0.222261	-0.148603	0.963596	-0.185037	0.976784	0.107956	-0.957268	-0.154306	-0.244598
01233	9.839924	0.708904	-1.428817	0.082057	0.244152	-0.197591	-0.219593	-0.150137	0.963970	-0.186267	0.976363	0.109635	-0.957645	-0.155480	-0.242368
01234	9.955304	0.414721	-1.897683	0.171193	0.286179	-0.195869	-0.216441	-0.151554	0.964461	-0.188446	0.975785	0.111043	-0.957936	-0.157715	-0.239760
01235	9.826602	0.282663	-1.998043	0.258449	0.312190	-0.177301	-0.213150	-0.152769	0.965002	-0.191311	0.975106	0.112112	-0.958106	-0.160719	-0.237070
01236	9.531008	0.248512	-2.073626	0.315679	0.298884	-0.160504	-0.209963	-0.153809	0.965535	-0.194830	0.974324	0.112842	-0.958101	-0.164423	-0.234538
01237	9.206143	0.265712	-2.070389	0.354488	0.263957	-0.155850	-0.207164	-0.154871	0.965970	-0.198559	0.973495	0.113494	-0.957944	-0.168291	-0.232424
01238	9.197616	0.251823	-2.025175	0.369346	0.219812	-0.164650	-0.204715	-0.156011	0.966309	-0.202637	0.972584	0.114094	-0.957617	-0.172453	-0.230716
01239	9.416173	0.227353	-1.942921	0.381163	0.198711	-0.170299	-0.202500	-0.157302	0.966566	-0.206642	0.971654	0.114838	-0.957232	-0.176479	-0.229265
01240	9.581070	0.277535	-1.849548	0.386070	0.211660	-0.167384	-0.200127	-0.158423	0.966877	-0.210789	0.970694	0.115418	-0.956827	-0.180709	-0.227656
01241	9.545874	0.328167	-1.689550	0.380987	0.245406	-0.160314	-0.197475	-0.159512	0.967243	-0.214761	0.969744	0.116079	-0.956494	-0.184804	-0.225757
01242	9.429851	0.542302	-1.479659	0.346311	0.267325	-0.159338	-0.194540	-0.160526	0.967670	-0.218513	0.968820	0.116787	-0.956246	-0.188729	-0.223552
01243	9.355936	0.774364	-1.528399	0.312497	0.290097	-0.175120	-0.191417	-0.161652	0.968105	-0.221848	0.967944	0.117761	-0.956108	-0.192231	-0.221144
01244	9.067333	1.064187	-1.596771	0.258387	0.298583	-0.194570	-0.188212	-0.162844	0.968534	-0.224821	0.967116	0.118917	-0.956050	-0.195366	-0.218634
01245	8.766149	1.174920	-1.805481	0.178107	0.260478	-0.209242	-0.185286	-0.164338	0.968846	-0.226925	0.966425	0.120530	-0.956125	-0.197522	-0.216357
01246	8.564656	1.124897	-2.103667	0.099652	0.183854	-0.213416	-0.182993	-0.165983	0.969001	-0.228429	0.965848	0.122305	-0.956208	-0.198967	-0.214659
01247	8.544799	0.830878	-2.519188	0.028968	0.090512	-0.209912	-0.181684	-0.167813	0.968932	-0.229099	0.965441	0.124250	-0.956297	-0.199407	-0.213851
01248	8.595672	0.572290	-2.921961	-0.045602	0.017853	-0.198699	-0.181103	-0.169607	0.968729	-0.229247	0.965162	0.126125	-0.956372	-0.199237	-0.213676
01249	8.709701	0.549508	-3.462353	-0.054104	-0.038299	-0.183768	-0.181085	-0.171439	0.968409	-0.229073	0.964958	0.127993	-0.956417	-0.198659	-0.214011
01250	8.791981	0.910830	-3.911975	-0.011754	-0.077270	-0.160418	-0.181461	-0.173078	0.968047	-0.229456	0.964671	0.129463	-0.956254	-0.198632	-0.214764
01251	9.008401	1.474262	-4.089507	-0.041107	-0.119943	-0.132694	-0.182340	-0.174579	0.967613	-0.229315	0.964523	0.130809	-0.956121	-0.198036	-0.215905
01252	9.465834	2.062146	-4.092500	-0.068480	-0.155307	-0.107630	-0.183570	-0.175842	0.967151	-0.229078	0.964435	0.131868	-0.955942	-0.197346	-0.217323
01253	9.824593	2.577937	-3.693971	-0.112555	-0.154035	-0.089611	-0.184874	-0.176992	0.966693	-0.228178	0.964499	0.132953	-0.955906	-0.195998	-0.218697
01254	9.818085	2.736279	-3.183105	-0.251879	-0.137407	-0.076082	-0.185995	-0.177971	0.966298	-0.226161	0.964806	0.134164	-0.956168	-0.193585	-0.219700
01255	9.630151	2.346897	-2.701227	-0.411584	-0.142998	-0.062089	-0.187261	-0.178827	0.965896	-0.222351	0.965485	0.135643	-0.956814	-0.189367	-0.220560
01256	9.387401	1.697585	-2.478099	-0.451939	-0.154250	-0.047678	-0.188669	-0.179530	0.965491	-0.218266	0.966223	0.137014	-0.957478	-0.184883	-0.221481
01257	9.341355	1.259659	-2.190260	-0.407271	-0.180275	-0.041771	-0.190342	-0.180245	0.965029	-0.214455	0.966894	0.138294	-0.958008	-0.180632	-0.222695
01258	9.335633	0.829141	-1.953192	-0.335225	-0.226013	-0.033094	-0.192496	-0.180912	0.964477	-0.211394	0.967427	0.139274	-0.958258	-0.177075	-0.224469
01259	9.324515	0.681505	-1.568159	-0.241420	-0.269500	-0.020710	-0.195071	-0.181567	0.963836	-0.209132	0.967815	0.139991	-0.958233	-0.174261	-0.226764
01260	9.403153	0.999379	-0.993362	-0.157442	-0.318769	-0.031629	-0.198034	-0.182420	0.963071	-0.207887	0.967994	0.140605	-0.957896	-0.172365	-0.229618
01261	9.635581	1.348067	-0.415164	-0.072370	-0.353046	-0.055445	-0.201336	-0.183544	0.962172	-0.207316	0.968019	0.141279	-0.957332	-0.171029	-0.232949
01262	9.767906	1.805669	0.028023	0.041937	-0.351115	-0.084519	-0.204603	-0.184907	0.961222	-0.208051	0.967773	0.141883	-0.956479	-0.170953	-0.236479
01263	9.739658	2.326082	0.462837	0.139788	-0.348531	-0.130232	-0.207699	-0.186746	0.960201	-0.209667	0.967293	0.142773	-0.955458	-0.171669	-0.240060
01264	9.778804	2.750304	0.763325	0.203225	-0.337874	-0.167601	-0.210665	-0.188828	0.959148	-0.211949	0.966650	0.143753	-0.954305	-0.173007	-0.243662
01265	9.803350	2.855694	0.989266	0.208473	-0.309529	-0.192521	-0.213243	-0.191208	0.958106	-0.214357	0.965924	0.145059	-0.953194	-0.174444	-0.246964
01266	9.741139	2.568174	0.725109	0.202666	-0.276698	-0.194708	-0.215463	-0.193530	0.957143	-0.216943	0.965157	0.146315	-0.952109	-0.176120	-0.249940
01267	9.753276	2.269216	0.420306	0.167893	-0.247436	-0.179694	-0.217462	-0.195683	0.956252	-0.218941	0.964512	0.147584	-0.951197	-0.177269	-0.252588
01268	9.635416	2.186296	0.202826	0.110037	-0.202268	-0.156324	-0.218989	-0.197547	0.955520	-0.220560	0.963965	0.148744	-0.950472	-0.178176	-0.254669
01269	9.441564	2.333624	-0.010489	0.007025	-0.175870	-0.134997	-0.220399	-0.199143	0.954864	-0.220935	0.963686	0.149988	-0.950059	-0.177906	-0.256393
01270	9.381562	2.498625	-0.406573	-0.098453	-0.168813	-0.123508	-0.221672	-0.200582	0.954268	-0.220408	0.963595	0.151343	-0.949885	-0.176780	-0.257812
01271	9.263434	2.432710	-0.883248	-0.171886	-0.151133	-0.120468	-0.222879	-0.201990	0.953690	-0.219055	0.963657	0.152908	-0.949916	-0.174830	-0.259026
01272	9.007423	2.131605	-1.338817	-0.220742	-0.163726	-0.118339	-0.224093	-0.203424	0.953101	-0.217441	0.963756	0.154574	-0.950001	-0.172604	-0.260204
01273	8.854625	1.623813	-1.860052	-0.225502	-0.200454	-0.124420	-0.225764	-0.204949	0.952379	-0.215590	0.963891	0.156320	-0.950027	-0.170032	-0.261797
01274	8.860048	1.106714	-2.322455	-0.202749	-0.245559	-0.121665	-0.227770	-0.206500	0.951566	-0.213948	0.963985	0.157984	-0.949920	-0.167602	-0.263747
01275	8.873509	0.666436	-2.521937	-0.168654	-0.277342	-0.121022	-0.230182	-0.208110	0.950635	-0.212635	0.964017	0.159553	-0.949633	-0.165412	-0.266151
01276	8.956780	0.349372	-2.460251	-0.129292	-0.318617	-0.115681	-0.232877	-0.209700	0.949628	-0.211783	0.963975	0.160933	-0.949166	-0.163638	-0.268899
01277	9.206782	0.122148	-2.147237	-0.095677	-0.338771	-0.106153	-0.235903	-0.211257	0.948536	-0.211136	0.963910	0.162171	-0.948563	-0.162013	-0.271993
01278	9.354102	0.032461	-1.685112	-0.042257	-0.335850	-0.095101	-0.238802	-0.212691	0.947489	-0.211151	0.963746	0.163123	-0.947834	-0.161110	-0.275054
01279	9.400370	-0.085053	-1.342523	0.045891	-0.337031	-0.091470	-0.241837	-0.214096	0.946403	-0.211817	0.963479	0.163833	-0.946915	-0.160844	-0.278354
01280	9.522878	-0.146005	-1.331152	0.193288	-0.348783	-0.090157	-0.244798	-0.215533	0.945314	-0.214072	0.962933	0.164114	-0.945646	-0.162191	-0.281864
01281	9.511830	-0.148387	-1.397480	0.383379	-0.355516	-0.086536	-0.248006	-0.216929	0.944158	-0.217919	0.962121	0.163814	-0.943930	-0.165123	-0.285884
01282	9.302760	0.145642	-1.381566	0.542568	-0.375792	-0.095788	-0.251268	-0.218422	0.942951	-0.223502	0.960971	0.163040	-0.941760	-0.169785	-0.290279
01283	9.021891	0.738679	-1.331285	0.634063	-0.413114	-0.125003	-0.254905	-0.220316	0.941533	-0.229793	0.959606	0.162332	-0.939265	-0.174978	-0.295235
01284	8.978101	1.402866	-1.228398	0.646953	-0.454874	-0.152346	-0.258711	-0.222508	0.939978	-0.236384	0.958104	0.161738	-0.936585	-0.180353	-0.300470
01285	9.223252	1.791887	-1.421782	0.627774	-0.472291	-0.176259	-0.262741	-0.225040	0.938256	-0.242725	0.956564	0.161461	-0.933837	-0.185316	-0.305952
01286	9.531298	1.628858	-1.776273	0.647371	-0.469294	-0.180793	-0.266490	-0.227643	0.936569	-0.249436	0.954893	0.161123	-0.931002	-0.190677	-0.311252
01287	9.761481	1.306071	-1.985708	0.724969	-0.467530	-0.170720	-0.270438	-0.230159	0.934821	-0.256643	0.953101	0.160414	-0.927900	-0.196533	-0.316824
01288	9.796698	1.170757	-1.925619	0.824748	-0.465436	-0.155847	-0.274123	-0.232624	0.933136	-0.265033	0.951003	0.159221	-0.924454	-0.203666	-0.322345
01289	10.035293	1.175464	-1.747587	0.879254	-0.466204	-0.136550	-0.278091	-0.234870	0.931397	-0.273532	0.948863	0.157605	-0.920785	-0.210938	-0.328115
01290	10.645395	1.193518	-1.478571	0.914070	-0.462981	-0.139068	-0.281885	-0.237133	0.929682	-0.282586	0.946514	0.155745	-0.916889	-0.218813	-0.333818
01291	11.354372	1.197860	-1.287110	0.940924	-0.441031	-0.138904	-0.285556	-0.239411	0.927976	-0.291598	0.944089	0.153838	-0.912923	-0.226667	-0.339402
01292	11.895516	1.062088	-1.199488	1.009901	-0.415460	-0.148544	-0.288863	-0.241712	0.926355	-0.301450	0.941349	0.151624	-0.908673	-0.235451	-0.344785
01293	12.139557	0.905733	-1.030413	1.084348	-0.414683	-0.163167	-0.292157	-0.244225	0.924661	-0.311763	0.938351	0.149336	-0.904128	-0.244645	-0.350286
01294	12.142210	0.992943	-0.483661	1.123199	-0.413981	-0.159243	-0.295233	-0.246785	0.923003	-0.322672	0.935058	0.146798	-0.899289	-0.254488	-0.355691
01295	12.022580	1.225775	0.179189	1.086756	-0.428887	-0.140150	-0.298656	-0.249188	0.921255	-0.332845	0.931897	0.144164	-0.894438	-0.263579	-0.361257
01296	12.332430	1.342472	0.750640	1.015183	-0.440126	-0.100802	-0.302135	-0.251223	0.919566	-0.342484	0.928848	0.141232	-0.889618	-0.272265	-0.366677
01297	12.646763	1.420403	1.204459	0.959872	-0.391237	-0.046579	-0.305481	-0.252720	0.918049	-0.351152	0.926080	0.138085	-0.885084	-0.280193	-0.371643
01298	12.734154	1.617601	1.587915	0.873785	-0.313504	0.009025	-0.308134	-0.253551	0.916933	-0.359129	0.923518	0.134687	-0.880954	-0.287795	-0.375624
01299	12.864905	1.964234	1.833600	0.778205	-0.235879	0.052813	-0.310435	-0.253735	0.916105	-0.365817	0.921388	0.131236	-0.877387	-0.294386	-0.378851
01300	12.964076	2.432257	2.006999	0.676223	-0.165431	0.093987	-0.312039	-0.253406	0.915651	-0.371835	0.919467	0.127746	-0.874283	-0.300609	-0.381135
01301	13.062531	2.897595	2.438434	0.534376	-0.059965	0.088731	-0.312930	-0.252758	0.915526	-0.376233	0.918073	0.124863	-0.872080	-0.305378	-0.382389
01302	13.218054	3.214496	3.121442	0.355562	0.070333	0.063842	-0.312361	-0.251930	0.915949	-0.379465	0.917018	0.122818	-0.870883	-0.309207	-0.382039
01303	13.349419	3.126172	4.093351	0.105816	0.202741	0.025485	-0.310728	-0.251054	0.916744	-0.380317	0.916754	0.122149	-0.871095	-0.310698	-0.380341
01304	13.498695	2.759108	4.580538	-0.149223	0.365337	0.008247	-0.307382	-0.249822	0.918208	-0.379393	0.917089	0.122511	-0.872684	-0.310704	-0.376677
01305	13.345906	1.711250	4.831560	-0.305254	0.557985	0.050257	-0.302730	-0.247617	0.920348	-0.376582	0.918160	0.123159	-0.875523	-0.309303	-0.371203
01306	12.045886	0.665784	4.094903	-0.287881	0.672689	0.151410	-0.297140	-0.244184	0.923083	-0.374057	0.919245	0.122760	-0.878515	-0.308809	-0.364483
01307	11.465300	-0.855357	2.809740	-0.159208	0.729185	0.272649	-0.291776	-0.239409	0.926040	-0.371865	0.920395	0.120783	-0.881239	-0.309121	-0.357577
01308	11.202605	-2.352732	2.078551	-0.015752	0.799315	0.385794	-0.285934	-0.233327	0.929409	-0.371035	0.921204	0.117118	-0.883502	-0.311355	-0.349976
01309	11.135778	-3.174016	2.126045	0.075380	0.953028	0.490739	-0.279357	-0.225808	0.933258	-0.370328	0.922093	0.112255	-0.885899	-0.314252	-0.341216
01310	11.295208	-2.970177	2.310596	0.209744	1.191811	0.547529	-0.270529	-0.216962	0.937945	-0.371228	0.922437	0.106302	-0.888259	-0.319433	-0.330088
01311	11.521026	-2.558077	1.926259	0.386369	1.527436	0.536638	-0.258974	-0.207066	0.943428	-0.373258	0.922325	0.099974	-0.890848	-0.326251	-0.316147
01312	11.467325	-1.692582	0.964725	0.747784	1.847076	0.473954	-0.244042	-0.196398	0.949669	-0.379266	0.920610	0.092926	-0.892525	-0.337500	-0.299155
01313	11.490016	-0.510898	-0.408034	1.280720	2.092157	0.357720	-0.226780	-0.185870	0.956046	-0.389871	0.916866	0.085773	-0.892509	-0.353282	-0.280392
01314	11.562087	0.584255	-2.169307	1.823028	2.273716	0.206552	-0.207164	-0.175545	0.962428	-0.406184	0.910402	0.078624	-0.889998	-0.374635	-0.259906
01315	11.731693	0.867104	-3.928078	2.244961	2.345126	0.036963	-0.186536	-0.166125	0.968301	-0.426058	0.901776	0.072635	-0.885257	-0.399003	-0.238993
01316	11.536822	1.699746	-4.930284	2.511956	2.316338	-0.107427	-0.165388	-0.157325	0.973599	-0.448990	0.890968	0.067701	-0.878097	-0.425939	-0.217993
01317	12.436035	1.468855	-5.383726	2.237506	2.167645	-0.272644	-0.145213	-0.150244	0.977926	-0.469004	0.880751	0.065672	-0.871177	-0.449115	-0.198361
01318	13.362811	2.397816	-5.200837	1.683404	2.142863	-0.361765	-0.124731	-0.143448	0.981766	-0.484623	0.872239	0.065875	-0.865784	-0.467570	-0.178314
01319	12.827327	3.877927	-4.292139	0.902130	2.222443	-0.312861	-0.104018	-0.135646	0.985282	-0.492804	0.867526	0.067408	-0.863901	-0.478539	-0.157085
01320	11.228728	4.284245	-5.104840	-0.156299	2.338068	-0.170667	-0.082901	-0.125631	0.988607	-0.492003	0.867852	0.069028	-0.866637	-0.480676	-0.133757
01321	11.940215	5.035798	-4.510140	-0.609675	2.015299	-0.124418	-0.064819	-0.117044	0.991009	-0.486821	0.870613	0.070983	-0.871094	-0.477843	-0.113411
01322	13.559745	5.480875	-4.385140	-1.185986	2.134671	-0.269820	-0.044786	-0.109065	0.993025	-0.477023	0.875713	0.074666	-0.877749	-0.470352	-0.091246
01323	13.456284	3.032387	-4.829769	-1.510070	2.304734	-0.468290	-0.022299	-0.102454	0.994488	-0.463891	0.882229	0.080487	-0.885612	-0.459539	-0.067200
01324	13.572667	3.254674	-4.683078	-1.268162	2.398084	-0.596135	0.001810	-0.096627	0.995319	-0.453124	0.887197	0.086954	-0.891446	-0.451160	-0.042178
01325	13.216890	1.931433	-3.780611	-1.159365	2.620593	-0.578083	0.027787	-0.090036	0.995551	-0.442703	0.891831	0.093012	-0.896238	-0.443317	-0.015077
01326	13.035013	0.375100	-4.160055	-0.882358	2.616015	-0.625176	0.054157	-0.083907	0.995001	-0.434979	0.894965	0.099147	-0.898811	-0.438174	0.011970
01327	12.028572	0.151338	-4.070892	-0.482558	2.612441	-0.606117	0.080228	-0.077905	0.993727	-0.430263	0.896573	0.105026	-0.899131	-0.435991	0.038411
01328	10.991240	0.069908	-3.799906	-0.109401	2.594687	-0.593482	0.106098	-0.071626	0.991773	-0.429006	0.896500	0.110640	-0.897049	-0.437215	0.064389
01329	10.220851	-0.054234	-3.700134	0.091217	2.535186	-0.618542	0.131415	-0.066038	0.989125	-0.429120	0.895662	0.116811	-0.893637	-0.439804	0.089365
01330	9.029412	0.236444	-3.784950	0.159564	2.509870	-0.595790	0.156491	-0.060092	0.985850	-0.430170	0.894357	0.122799	-0.889081	-0.443300	0.114109
01331	8.302537	0.261552	-3.449667	0.037022	2.428521	-0.565862	0.180427	-0.054351	0.982086	-0.429579	0.893856	0.128390	-0.884821	-0.445048	0.137928
01332	8.007143	1.685186	-3.518150	-0.270613	2.339800	-0.520582	0.203361	-0.048361	0.977909	-0.426491	0.894670	0.132936	-0.881334	-0.444103	0.161315
01333	7.296226	1.486474	-3.888758	-0.642436	2.271379	-0.475216	0.225330	-0.042572	0.973352	-0.419852	0.897278	0.136440	-0.879176	-0.439408	0.184310
01334	6.727700	1.554116	-4.056104	-0.871989	2.142346	-0.430247	0.245995	-0.036877	0.968569	-0.411381	0.900836	0.138780	-0.877640	-0.432590	0.206431
01335	5.878731	1.236795	-3.829984	-1.092168	1.984744	-0.388747	0.264951	-0.031879	0.963735	-0.400842	0.905364	0.140148	-0.876998	-0.423438	0.227099
01336	5.099001	1.189633	-3.423605	-1.303027	1.744323	-0.337721	0.281636	-0.027460	0.959128	-0.388690	0.910639	0.140205	-0.877269	-0.412290	0.245795
01337	4.740652	1.222859	-3.256634	-1.509106	1.495097	-0.269114	0.295755	-0.023839	0.954966	-0.374701	0.916678	0.138929	-0.878708	-0.398915	0.262180
01338	4.483569	0.921772	-3.309967	-1.730611	1.312789	-0.200861	0.308098	-0.020377	0.951136	-0.359065	0.923337	0.136092	-0.880992	-0.383450	0.277162
01339	4.335546	0.437355	-3.190712	-1.884148	1.162567	-0.114914	0.318727	-0.017067	0.947693	-0.342116	0.930366	0.131815	-0.883951	-0.366234	0.290693
01340	4.261720	-0.132266	-2.779474	-1.897021	1.032596	-0.011762	0.327948	-0.013328	0.944602	-0.325458	0.937095	0.126215	-0.886864	-0.348820	0.302981
01341	4.412166	-0.669382	-2.428569	-1.841305	0.923387	0.090857	0.335829	-0.009314	0.941877	-0.309443	0.943359	0.119661	-0.889643	-0.331643	0.313925
01342	4.771797	-1.098387	-2.257256	-1.746253	0.827207	0.179146	0.342684	-0.004797	0.939438	-0.294654	0.948979	0.112328	-0.892046	-0.315302	0.323787
01343	4.946736	-1.651437	-1.930462	-1.561431	0.739206	0.238057	0.348567	-0.000237	0.937284	-0.281573	0.953782	0.104956	-0.893990	-0.300498	0.332390
01344	5.359541	-2.076218	-1.229914	-1.245266	0.652375	0.258571	0.353710	0.004325	0.935345	-0.271542	0.957397	0.098260	-0.895072	-0.288741	0.339815
01345	6.023981	-2.435900	-0.667867	-0.905670	0.598818	0.240905	0.358393	0.008357	0.933533	-0.264334	0.959948	0.092887	-0.895367	-0.280055	0.346248
01346	6.565363	-2.316732	0.068526	-0.610844	0.626709	0.192450	0.363514	0.012127	0.931510	-0.259775	0.961572	0.088856	-0.894636	-0.274284	0.352695
01347	6.929130	-2.442221	0.998093	-0.340610	0.602525	0.120374	0.368558	0.014949	0.929485	-0.257213	0.962475	0.086510	-0.893312	-0.270960	0.358572
01348	7.052608	-2.817725	2.063111	-0.042650	0.458736	0.041776	0.372546	0.016784	0.927862	-0.257197	0.962538	0.085856	-0.891661	-0.270628	0.362907
01349	7.164304	-3.057071	3.307079	0.314817	0.265946	-0.029123	0.374959	0.017248	0.926881	-0.259935	0.961676	0.087258	-0.889854	-0.273647	0.365073
01350	7.650266	-2.695436	4.732907	0.600183	0.023322	-0.089922	0.375407	0.016665	0.926710	-0.265164	0.959979	0.090154	-0.888120	-0.279574	0.364802
01351	9.022579	-2.034575	5.912860	0.827259	-0.131513	-0.075022	0.374410	0.015593	0.927132	-0.272265	0.957635	0.093844	-0.886391	-0.287562	0.362794
01352	11.095419	-1.021027	6.814107	0.910641	-0.078456	-0.019421	0.373778	0.015442	0.927390	-0.280540	0.954911	0.097170	-0.884074	-0.296490	0.361257
01353	12.091422	0.319954	7.106624	0.890641	0.184829	0.000346	0.375376	0.016021	0.926734	-0.288444	0.952221	0.100373	-0.880848	-0.304989	0.362062
01354	10.911129	1.650524	7.515994	0.830175	0.305925	0.039581	0.377961	0.017621	0.925654	-0.296187	0.949575	0.102862	-0.877165	-0.313045	0.364121
01355	9.069394	2.193512	9.016263	0.749623	0.107757	0.082014	0.378626	0.018760	0.925359	-0.303107	0.947174	0.104819	-0.874510	-0.320170	0.364312
01356	9.353750	2.271056	9.795952	0.675427	-0.226809	0.060445	0.376470	0.018886	0.926236	-0.309545	0.944896	0.106549	-0.873185	-0.326824	0.361571
01357	11.245406	2.399544	10.379145	0.832490	-0.290832	-0.013388	0.373942	0.017817	0.927281	-0.316802	0.942132	0.109653	-0.871667	-0.334768	0.357947
01358	11.965944	3.368847	10.702602	0.940945	-0.017704	-0.127143	0.374223	0.016853	0.927186	-0.324826	0.938874	0.114038	-0.868588	-0.343849	0.356822
01359	10.429519	4.374352	9.688488	0.703349	0.110327	-0.273269	0.376041	0.014693	0.926486	-0.329944	0.936461	0.119066	-0.865869	-0.350463	0.356996
01360	8.338449	4.718327	7.354812	0.226896	-0.045188	-0.405044	0.377025	0.011034	0.926137	-0.330696	0.935625	0.123477	-0.865155	-0.352824	0.356403
01361	6.831765	4.703583	4.250600	-0.241063	-0.370495	-0.494353	0.375408	0.005123	0.926845	-0.326792	0.936499	0.127187	-0.867338	-0.350633	0.353243
01362	7.374372	4.574306	0.912009	-0.611323	-0.811582	-0.549837	0.370173	-0.002602	0.928959	-0.319696	0.938557	0.130022	-0.872219	-0.345115	0.346597
01363	9.719335	3.098739	-1.877484	-0.835116	-1.594747	-0.597098	0.358044	-0.013636	0.933605	-0.310247	0.941344	0.132731	-0.880654	-0.337172	0.332812
01364	12.629352	-0.206563	-3.803204	-0.996360	-2.616480	-0.502637	0.336423	-0.026850	0.941328	-0.299916	0.944489	0.134128	-0.892676	-0.327443	0.309695
01365	17.442820	-2.363816	-2.725381	-0.607466	-2.539837	-0.194659	0.314167	-0.036904	0.948650	-0.293874	0.946385	0.134139	-0.902739	-0.320926	0.286478
01366	19.544818	-0.036499	0.633064	-0.344072	-1.370882	0.064468	0.301599	-0.040458	0.952576	-0.291202	0.947450	0.132439	-0.907876	-0.317335	0.273968
01367	17.570804	2.171040	2.898702	-0.982546	-0.257983	-0.129498	0.299591	-0.042473	0.953122	-0.281919	0.950457	0.130968	-0.911464	-0.307940	0.272774
01368	11.150385	3.823152	6.196903	-2.115517	0.279615	-0.609241	0.303829	-0.047238	0.951555	-0.260995	0.956435	0.130816	-0.916280	-0.288097	0.278264
01369	5.597753	4.456104	8.155287	-3.065231	-0.136534	-1.096709	0.305231	-0.058122	0.950503	-0.229491	0.964228	0.132657	-0.924212	-0.258623	0.280974
01370	3.959381	1.786330	5.204182	-3.235073	-0.972051	-1.155404	0.298705	-0.071468	0.951666	-0.196177	0.971298	0.134518	-0.933964	-0.226876	0.276111
01371	5.187345	-0.311408	1.399613	-2.350672	-1.621248	-0.803509	0.284937	-0.082749	0.954968	-0.171816	0.975722	0.135813	-0.943022	-0.202777	0.263802
01372	8.876410	-3.430086	-2.747900	-1.067572	-2.029008	-0.392962	0.266441	-0.090382	0.959604	-0.160872	0.977458	0.136731	-0.950331	-0.190804	0.245895
01373	11.286182	-4.588760	-5.301148	0.575987	-1.926744	-0.043072	0.248132	-0.094491	0.964107	-0.166293	0.976304	0.138485	-0.954346	-0.194686	0.226539
01374	10.619567	-3.824289	-3.854077	1.639923	-1.665104	0.054911	0.232181	-0.097098	0.967814	-0.182364	0.973015	0.141369	-0.955424	-0.209318	0.208208
01375	9.099603	-0.949982	-3.199265	1.874544	-1.320598	-0.107788	0.219743	-0.100996	0.970316	-0.200071	0.968820	0.146149	-0.954822	-0.226248	0.192685
01376	7.610601	1.543588	-2.776107	1.567537	-1.146794	-0.291180	0.209434	-0.106270	0.972031	-0.214672	0.964828	0.151735	-0.953967	-0.240446	0.179255
01377	7.393683	0.971141	-2.771947	1.484316	-1.171735	-0.404645	0.199125	-0.113035	0.973433	-0.228044	0.960711	0.158207	-0.953071	-0.253489	0.165525
01378	8.021099	2.352683	-2.751345	2.432826	-1.256350	-0.562175	0.188545	-0.121527	0.974516	-0.250378	0.953574	0.167357	-0.949611	-0.275551	0.149364
01379	8.482173	1.138679	-1.453641	3.115396	-1.260496	-0.562585	0.178068	-0.130492	0.975327	-0.278886	0.943835	0.177195	-0.943671	-0.303558	0.131674
01380	9.131334	2.075511	-0.966150	3.426000	-1.018610	-0.308512	0.169420	-0.136441	0.976054	-0.310799	0.932438	0.184291	-0.935255	-0.334579	0.115568
01381	7.719828	2.960827	-1.333933	2.914781	-1.018261	0.080731	0.159640	-0.139209	0.977311	-0.338125	0.922412	0.186620	-0.927463	-0.360245	0.100184
01382	6.401124	4.887496	-2.235113	1.720630	-1.381748	0.470200	0.145243	-0.139792	0.979471	-0.354995	0.916688	0.183472	-0.923517	-0.374355	0.083517
01383	6.820024	6.551220	-3.093532	0.711561	-1.740251	0.579887	0.127058	-0.141012	0.981821	-0.362398	0.914812	0.178286	-0.923322	-0.378463	0.065131
01384	9.389128	8.046569	-3.345555	-0.163952	-2.075194	0.310061	0.106748	-0.145859	0.983529	-0.361421	0.915824	0.175045	-0.926272	-0.374154	0.045046
01385	12.107042	7.761344	-3.341627	-0.445356	-1.736186	0.020657	0.090528	-0.152088	0.984212	-0.357351	0.917496	0.174648	-0.929572	-0.367520	0.028710
