// General information: 
//  MT Manager version: 2022.2.0 
//  XDA version: 2022.2.0 build 7381 rev 124627 built on 2023-07-19
// Device information: 
//  DeviceId: 00B4CB9F
//  ProductCode: MTW2-3A7G6
//  Firmware Version: 4.6.0
//  Hardware Version: 2.0.0
// Device settings: 
//  Filter Profile: human(46.1)
//  Option Flags: Orientation Smoother Disabled, Position/Velocity Smoother Disabled, Continuous Zero Rotation Update Disabled, AHS Disabled, ICC Disabled
// Coordinate system: ENU
PacketCounter	Acc_X	Acc_Y	Acc_Z	Gyr_X	Gyr_Y	Gyr_Z	Mat[1][1]	Mat[2][1]	Mat[3][1]	Mat[1][2]	Mat[2][2]	Mat[3][2]	Mat[1][3]	Mat[2][3]	Mat[3][3]
04750	9.611311	-0.386436	-1.860451	-0.007449	0.000638	-0.002001	0.183553	0.058821	0.981248	0.483860	-0.874316	-0.038100	0.855680	0.481780	-0.188944
04751	9.635287	-0.346277	-1.889093	-0.002427	-0.001085	-0.002635	0.183608	0.058824	0.981238	0.483862	-0.874313	-0.038126	0.855667	0.481784	-0.188994
04752	9.642834	-0.336095	-1.848679	-0.005032	-0.000286	-0.008600	0.183587	0.058864	0.981239	0.483898	-0.874295	-0.038087	0.855651	0.481812	-0.188994
04753	9.635350	-0.344920	-1.889018	-0.006068	0.003873	-0.004683	0.183590	0.058861	0.981239	0.483874	-0.874309	-0.038086	0.855664	0.481788	-0.188996
04754	9.622002	-0.330745	-1.859978	-0.005199	0.003607	-0.002695	0.183554	0.058839	0.981247	0.483819	-0.874340	-0.038076	0.855703	0.481735	-0.188956
04755	9.598117	-0.370219	-1.831036	-0.003598	0.003985	-0.003524	0.183561	0.058825	0.981247	0.483813	-0.874342	-0.038090	0.855704	0.481732	-0.188956
04756	9.624069	-0.374750	-1.878655	-0.005805	0.000042	-0.004307	0.183626	0.058824	0.981234	0.483845	-0.874323	-0.038131	0.855672	0.481767	-0.189010
04757	9.644083	-0.355756	-1.857324	-0.002520	-0.001148	-0.008918	0.183651	0.058882	0.981226	0.483859	-0.874316	-0.038095	0.855659	0.481771	-0.189060
04758	9.615577	-0.360380	-1.909784	0.000859	-0.002275	-0.007247	0.183730	0.058936	0.981208	0.483968	-0.874255	-0.038110	0.855581	0.481876	-0.189150
04759	9.624096	-0.372528	-1.878961	-0.009184	0.001169	-0.005979	0.183749	0.058958	0.981203	0.483920	-0.874283	-0.038090	0.855604	0.481823	-0.189180
04760	9.645054	-0.375984	-1.867366	-0.005500	-0.004762	-0.005408	0.183791	0.058978	0.981195	0.483939	-0.874272	-0.038097	0.855584	0.481841	-0.189225
04761	9.631590	-0.361615	-1.838937	-0.004162	-0.000553	-0.006613	0.183822	0.059013	0.981187	0.483935	-0.874275	-0.038081	0.855580	0.481831	-0.189269
04762	9.645029	-0.374632	-1.867768	-0.003251	-0.001793	-0.006102	0.183871	0.059070	0.981174	0.483937	-0.874275	-0.038055	0.855568	0.481824	-0.189340
04763	9.627625	-0.381985	-1.789276	-0.002383	-0.002059	-0.004113	0.183927	0.059090	0.981162	0.483944	-0.874271	-0.038066	0.855552	0.481829	-0.189398
04764	9.644039	-0.351036	-1.858450	-0.000960	0.000204	-0.008271	0.183939	0.059167	0.981155	0.483930	-0.874281	-0.038001	0.855557	0.481800	-0.189447
04765	9.619140	-0.367790	-1.820292	0.002418	-0.000923	-0.006600	0.183973	0.059204	0.981147	0.483982	-0.874253	-0.037997	0.855521	0.481848	-0.189493
04766	9.645036	-0.372038	-1.868250	-0.001608	-0.002388	-0.008408	0.184071	0.059258	0.981125	0.484071	-0.874202	-0.038018	0.855449	0.481932	-0.189600
04767	9.611605	-0.375856	-1.861099	-0.004161	-0.000554	-0.006614	0.184103	0.059293	0.981117	0.484067	-0.874205	-0.038001	0.855445	0.481922	-0.189645
04768	9.611613	-0.375325	-1.861169	-0.000825	-0.000707	-0.003466	0.184191	0.059353	0.981097	0.484018	-0.874234	-0.037981	0.855454	0.481864	-0.189754
04769	9.631582	-0.356556	-1.839968	0.001772	-0.003514	-0.006737	0.184247	0.059404	0.981083	0.484064	-0.874208	-0.037974	0.855415	0.481904	-0.189825
04770	9.624022	-0.365480	-1.880724	-0.003250	-0.001794	-0.006103	0.184259	0.059496	0.981075	0.483999	-0.874248	-0.037884	0.855450	0.481820	-0.189884
04771	9.636438	-0.356242	-1.900111	0.001039	-0.004159	-0.003919	0.184334	0.059525	0.981059	0.484034	-0.874228	-0.037903	0.855414	0.481853	-0.189962
04772	9.622926	-0.342127	-1.871847	0.001082	-0.005132	-0.005396	0.184362	0.059555	0.981052	0.484119	-0.874181	-0.037910	0.855359	0.481935	-0.189997
04773	9.610426	-0.350177	-1.853128	0.002505	-0.002869	-0.009555	0.184399	0.059627	0.981041	0.484176	-0.874150	-0.037877	0.855319	0.481981	-0.190062
04774	9.632373	-0.376105	-1.851171	0.005798	-0.002048	-0.004930	0.184457	0.059648	0.981029	0.484304	-0.874078	-0.037916	0.855234	0.482110	-0.190118
04775	9.636276	-0.353985	-1.901352	0.000862	-0.002276	-0.007249	0.184500	0.059697	0.981018	0.484344	-0.874056	-0.037902	0.855202	0.482143	-0.190177
04776	9.644794	-0.366390	-1.870615	0.005755	-0.001075	-0.003453	0.184564	0.059708	0.981005	0.484422	-0.874011	-0.037942	0.855144	0.482223	-0.190235
04777	9.642813	-0.321208	-1.851435	0.002376	0.000050	-0.005125	0.184598	0.059728	0.980998	0.484470	-0.873984	-0.037952	0.855109	0.482270	-0.190272
04778	9.622822	-0.339048	-1.872943	0.001730	-0.002541	-0.005261	0.184553	0.059798	0.981002	0.484436	-0.874007	-0.037860	0.855138	0.482220	-0.190269
04779	9.632317	-0.373797	-1.851932	-0.002338	-0.003035	-0.005591	0.184610	0.059836	0.980989	0.484445	-0.874002	-0.037856	0.855121	0.482224	-0.190337
04780	9.636211	-0.351660	-1.902115	-0.003293	-0.000822	-0.004626	0.184498	0.059807	0.981012	0.484459	-0.873996	-0.037829	0.855138	0.482239	-0.190224
04781	9.622773	-0.337270	-1.873512	-0.002516	-0.001151	-0.008922	0.184522	0.059865	0.981003	0.484473	-0.873990	-0.037793	0.855124	0.482243	-0.190274
04782	9.645761	-0.385576	-1.881017	0.000776	-0.000329	-0.004296	0.184665	0.059865	0.980977	0.484613	-0.873907	-0.037896	0.855014	0.482392	-0.190391
04783	9.623781	-0.358611	-1.883276	-0.004893	-0.001202	-0.003797	0.184715	0.059878	0.980966	0.484598	-0.873916	-0.037905	0.855012	0.482376	-0.190442
04784	9.636262	-0.349341	-1.902283	-0.001957	0.003387	-0.005831	0.184715	0.059876	0.980966	0.484620	-0.873903	-0.037912	0.854999	0.482399	-0.190440
04785	9.611429	-0.366224	-1.863927	-0.000091	-0.000064	-0.006285	0.184743	0.059906	0.980959	0.484650	-0.873886	-0.037906	0.854976	0.482425	-0.190478
04786	9.623900	-0.356945	-1.882986	-0.000135	0.000910	-0.004808	0.184804	0.059935	0.980946	0.484661	-0.873880	-0.037914	0.854957	0.482433	-0.190544
04787	9.611473	-0.365186	-1.863905	0.000820	-0.001302	-0.005773	0.184845	0.059966	0.980936	0.484698	-0.873859	-0.037915	0.854927	0.482467	-0.190594
04788	9.624901	-0.378651	-1.892754	-0.000689	-0.001618	0.001341	0.184938	0.059932	0.980921	0.484769	-0.873816	-0.038008	0.854866	0.482550	-0.190655
04789	9.632424	-0.368690	-1.852398	-0.002515	-0.001152	-0.008923	0.184963	0.059990	0.980913	0.484784	-0.873809	-0.037972	0.854853	0.482554	-0.190704
04790	9.625880	-0.399899	-1.902745	0.005888	-0.003994	-0.007887	0.184994	0.060107	0.980900	0.484793	-0.873808	-0.037885	0.854841	0.482542	-0.190789
04791	9.645814	-0.381049	-1.881672	0.000131	-0.002921	-0.004433	0.185056	0.060135	0.980886	0.484822	-0.873792	-0.037898	0.854811	0.482568	-0.190855
04792	9.612378	-0.385103	-1.874546	-0.000047	-0.001038	-0.007763	0.185146	0.060203	0.980865	0.484887	-0.873755	-0.037898	0.854754	0.482626	-0.190964
04793	9.631312	-0.343717	-1.843818	0.002687	-0.004753	-0.006228	0.185215	0.060255	0.980849	0.484941	-0.873725	-0.037898	0.854709	0.482673	-0.191047
04794	9.624764	-0.375210	-1.894137	0.002377	0.000051	-0.005126	0.185273	0.060291	0.980836	0.484935	-0.873729	-0.037894	0.854700	0.482663	-0.191115
04795	9.624779	-0.374611	-1.894180	-0.000046	-0.001038	-0.007764	0.185303	0.060339	0.980827	0.484968	-0.873711	-0.037873	0.854675	0.482688	-0.191163
04796	9.624818	-0.373851	-1.894133	0.002199	0.001934	-0.008457	0.185296	0.060387	0.980826	0.485019	-0.873684	-0.037838	0.854647	0.482731	-0.191179
04797	9.632404	-0.363658	-1.853499	-0.000134	0.000909	-0.004809	0.185323	0.060400	0.980820	0.485046	-0.873669	-0.037847	0.854626	0.482756	-0.191208
04798	9.598031	-0.345371	-1.836335	0.007824	0.003783	-0.007480	0.185315	0.060415	0.980820	0.485173	-0.873598	-0.037857	0.854556	0.482883	-0.191203
04799	9.589571	-0.331685	-1.866893	0.008647	0.002479	-0.013255	0.185288	0.060494	0.980820	0.485291	-0.873535	-0.037800	0.854495	0.482987	-0.191213
04800	9.583151	-0.362592	-1.916758	0.011160	0.001621	-0.013573	0.185251	0.060600	0.980821	0.485402	-0.873477	-0.037712	0.854439	0.483079	-0.191228
04801	9.574718	-0.348653	-1.947250	0.024790	0.005370	-0.016747	0.185183	0.060695	0.980828	0.485664	-0.873334	-0.037651	0.854305	0.483325	-0.191204
04802	9.597991	-0.396624	-1.953729	0.046518	0.011085	-0.017788	0.185024	0.060759	0.980854	0.486136	-0.873073	-0.037620	0.854071	0.483790	-0.191076
04803	9.667298	-0.431307	-1.985761	0.064653	0.020772	-0.022366	0.184796	0.060829	0.980893	0.486749	-0.872733	-0.037580	0.853772	0.484393	-0.190886
04804	9.697110	-0.502883	-2.058750	0.076145	0.044966	-0.021685	0.184407	0.060739	0.980971	0.487579	-0.872267	-0.037649	0.853382	0.485244	-0.190468
04805	9.852920	-0.543692	-2.188134	0.084491	0.092795	-0.014724	0.183602	0.060392	0.981144	0.488347	-0.871834	-0.037721	0.853116	0.486064	-0.189563
04806	10.211454	-0.757756	-2.069348	0.039739	0.201977	0.009786	0.181925	0.059300	0.981523	0.488630	-0.871667	-0.037904	0.853313	0.486497	-0.187554
04807	10.283883	-0.750672	-2.055411	0.002473	0.347747	0.025550	0.179140	0.057360	0.982150	0.488625	-0.871657	-0.038216	0.853906	0.486749	-0.184176
04808	10.139478	-0.579175	-1.691737	-0.051412	0.438994	0.028747	0.175506	0.054933	0.982945	0.488138	-0.871920	-0.038429	0.854938	0.486557	-0.179842
04809	10.187744	-0.467920	-1.281699	-0.107309	0.505793	0.044638	0.171454	0.052059	0.983816	0.487162	-0.872452	-0.038734	0.856316	0.485919	-0.174947
04810	10.323186	-0.484879	-1.302529	-0.151723	0.605028	0.055079	0.166444	0.048611	0.984852	0.485769	-0.873217	-0.038996	0.858093	0.484902	-0.168956
04811	10.257477	-0.618657	-1.251025	-0.169579	0.723078	0.055555	0.160560	0.044599	0.986018	0.484242	-0.874050	-0.039318	0.860076	0.483785	-0.161934
04812	10.194549	-0.786140	-1.109551	-0.176697	0.811051	0.040590	0.153840	0.040352	0.987271	0.482588	-0.874959	-0.039437	0.862231	0.482513	-0.154077
04813	9.713534	-0.880602	-1.068708	-0.121267	0.797328	0.018899	0.147107	0.036317	0.988454	0.481534	-0.875537	-0.039496	0.863993	0.481784	-0.146286
04814	9.378064	-0.920023	-0.650570	-0.063430	0.681145	0.014302	0.141282	0.032884	0.989423	0.480954	-0.875853	-0.039567	0.865288	0.481457	-0.139558
04815	8.998097	-1.003069	-0.526049	-0.033157	0.524972	0.013339	0.136859	0.030215	0.990130	0.480670	-0.876002	-0.039708	0.866156	0.481360	-0.134412
04816	9.311163	-0.975332	-0.502411	-0.000986	0.364518	0.007058	0.133849	0.028358	0.990596	0.480695	-0.875981	-0.039875	0.866612	0.481511	-0.130881
04817	9.548843	-0.979399	-0.427393	0.019965	0.285493	0.024662	0.131551	0.026742	0.990949	0.480857	-0.875877	-0.040199	0.866874	0.481793	-0.128082
04818	9.182355	-0.701601	-0.250210	0.059106	0.185337	0.023893	0.130150	0.025572	0.991164	0.481367	-0.875578	-0.040618	0.866803	0.482400	-0.126266
04819	9.517083	-0.556133	-0.337154	0.105462	0.139686	0.023470	0.129111	0.024667	0.991323	0.482272	-0.875060	-0.041037	0.866455	0.483386	-0.124876
04820	9.570993	-0.332878	-0.469154	0.132818	0.135032	0.022018	0.128161	0.023778	0.991468	0.483367	-0.874433	-0.041510	0.865985	0.484563	-0.123562
04821	9.580565	-0.336598	-0.515331	0.095469	0.127206	0.028750	0.127257	0.022885	0.991606	0.484179	-0.873962	-0.041967	0.865665	0.485456	-0.122298
04822	9.430913	-0.253307	-0.609005	0.006904	0.106043	0.042159	0.126634	0.021942	0.991707	0.484193	-0.873929	-0.042492	0.865748	0.485559	-0.121294
04823	9.389119	-0.188521	-0.830404	-0.074596	0.064694	0.029511	0.126275	0.021345	0.991766	0.483532	-0.874282	-0.042749	0.866170	0.484949	-0.120721
04824	9.444794	-0.154336	-0.898135	-0.173083	0.042201	0.009252	0.126043	0.020991	0.991803	0.482051	-0.875100	-0.042740	0.867029	0.483487	-0.120419
04825	9.483883	-0.215209	-0.928777	-0.249832	0.029114	-0.005669	0.125822	0.020875	0.991833	0.479913	-0.876289	-0.042437	0.868247	0.481333	-0.120275
04826	9.502817	-0.269884	-0.974617	-0.294355	0.009713	-0.016152	0.125665	0.020898	0.991853	0.477399	-0.877683	-0.041993	0.869654	0.478786	-0.120271
04827	9.532114	-0.269838	-1.021616	-0.309224	-0.016998	-0.018566	0.125783	0.021117	0.991833	0.474753	-0.879140	-0.041490	0.871084	0.476095	-0.120606
04828	9.627597	-0.295399	-0.999944	-0.316178	-0.036132	-0.022427	0.126047	0.021404	0.991793	0.472057	-0.880614	-0.040989	0.872510	0.473350	-0.121103
04829	9.740049	-0.356144	-1.017864	-0.311913	-0.049737	-0.027325	0.126410	0.021854	0.991737	0.469391	-0.882066	-0.040393	0.873895	0.470618	-0.121760
04830	9.786392	-0.447856	-1.037029	-0.297004	-0.045471	-0.033029	0.126741	0.022332	0.991684	0.466795	-0.883471	-0.039763	0.875237	0.467953	-0.122397
04831	9.760441	-0.557209	-1.087984	-0.277171	-0.044751	-0.035748	0.127024	0.022831	0.991637	0.464435	-0.884743	-0.039122	0.876450	0.465520	-0.122987
04832	9.762607	-0.706538	-1.105229	-0.253294	-0.044446	-0.039392	0.127227	0.023388	0.991598	0.462163	-0.885963	-0.038402	0.877621	0.463166	-0.123528
04833	9.782465	-0.795246	-1.311496	-0.234047	-0.050956	-0.043232	0.127533	0.023980	0.991544	0.460185	-0.887021	-0.037737	0.878615	0.461107	-0.124160
04834	9.874356	-0.790681	-1.414630	-0.198573	-0.042473	-0.041284	0.127839	0.024479	0.991493	0.458479	-0.887927	-0.037192	0.879463	0.459333	-0.124735
04835	9.852042	-0.773335	-1.563533	-0.154112	-0.021212	-0.033943	0.127928	0.024850	0.991472	0.457189	-0.888611	-0.036718	0.880121	0.457987	-0.125039
04836	9.820991	-0.587217	-1.727736	-0.126500	0.012269	-0.025342	0.127833	0.024908	0.991483	0.456150	-0.889155	-0.036475	0.880673	0.456928	-0.125025
04837	9.756772	-0.391334	-1.742491	-0.102114	0.029198	-0.023365	0.127527	0.024955	0.991521	0.455303	-0.889602	-0.036170	0.881156	0.456055	-0.124811
04838	9.714562	-0.222476	-1.752350	-0.093127	0.046689	-0.023244	0.127091	0.024905	0.991578	0.454494	-0.890026	-0.035898	0.881636	0.455229	-0.124433
04839	9.644976	-0.072660	-1.725155	-0.092538	0.051106	-0.020171	0.126606	0.024825	0.991642	0.453726	-0.890428	-0.035638	0.882102	0.454446	-0.123997
04840	9.559245	-0.021237	-1.662213	-0.106522	0.045779	-0.035196	0.126111	0.024937	0.991703	0.452734	-0.890952	-0.035169	0.882682	0.453413	-0.123649
04841	9.550728	-0.016793	-1.599594	-0.121628	0.028674	-0.048311	0.125698	0.025210	0.991748	0.451743	-0.891477	-0.034594	0.883249	0.452364	-0.123445
04842	9.584936	-0.004606	-1.602243	-0.124688	0.015013	-0.063232	0.125372	0.025668	0.991778	0.450709	-0.892028	-0.033888	0.883823	0.451251	-0.123404
04843	9.481754	0.011141	-1.577021	-0.132643	-0.000846	-0.071098	0.125117	0.026278	0.991794	0.449647	-0.892594	-0.033074	0.884400	0.450095	-0.123495
04844	9.585543	-0.046427	-1.533994	-0.134247	-0.029967	-0.082488	0.125111	0.027150	0.991771	0.448517	-0.893197	-0.032129	0.884974	0.448846	-0.123926
04845	9.603106	-0.130439	-1.507475	-0.129216	-0.046456	-0.089749	0.125178	0.028132	0.991735	0.447508	-0.893738	-0.031133	0.885476	0.447707	-0.124466
04846	9.627030	-0.228444	-1.451910	-0.110613	-0.061989	-0.091385	0.125444	0.029178	0.991671	0.446644	-0.894202	-0.030189	0.885874	0.446712	-0.125205
04847	9.690322	-0.275668	-1.440336	-0.098131	-0.067054	-0.093932	0.125678	0.030289	0.991609	0.445915	-0.894599	-0.029190	0.886208	0.445842	-0.125938
04848	9.643933	-0.302098	-1.435179	-0.081887	-0.068801	-0.091512	0.125918	0.031404	0.991543	0.445300	-0.894937	-0.028205	0.886483	0.445086	-0.126673
04849	9.711012	-0.393920	-1.445435	-0.054340	-0.071534	-0.087684	0.126220	0.032479	0.991470	0.444951	-0.895138	-0.027322	0.886615	0.444604	-0.127436
04850	9.694365	-0.410754	-1.344657	-0.035172	-0.065773	-0.088979	0.126489	0.033518	0.991402	0.444728	-0.895274	-0.026473	0.886689	0.444253	-0.128148
04851	9.685006	-0.403747	-1.291720	-0.024945	-0.058895	-0.090389	0.126667	0.034560	0.991343	0.444643	-0.895342	-0.025600	0.886706	0.444037	-0.128777
04852	9.647113	-0.356236	-1.271159	-0.011564	-0.052192	-0.088486	0.126798	0.035472	0.991294	0.444710	-0.895330	-0.024846	0.886654	0.443989	-0.129301
04853	9.647520	-0.334190	-1.133952	-0.004699	-0.041324	-0.093568	0.126806	0.036464	0.991257	0.444809	-0.895305	-0.023968	0.886603	0.443960	-0.129750
04854	9.699027	-0.379319	-0.960390	0.000433	-0.032881	-0.088258	0.126815	0.037378	0.991222	0.444933	-0.895264	-0.023164	0.886540	0.443965	-0.130163
04855	9.684351	-0.345430	-0.793338	0.009287	-0.031116	-0.090025	0.126748	0.038294	0.991195	0.445152	-0.895177	-0.022339	0.886440	0.444064	-0.130508
04856	9.703510	-0.306447	-0.630695	0.004722	-0.023222	-0.083513	0.126667	0.039103	0.991174	0.445303	-0.895120	-0.021594	0.886375	0.444108	-0.130795
04857	9.713982	-0.270073	-0.408088	0.002507	-0.013269	-0.079054	0.126491	0.039841	0.991167	0.445447	-0.895065	-0.020869	0.886328	0.444152	-0.130965
04858	9.726413	-0.294651	-0.116231	0.000525	-0.010979	-0.067549	0.126336	0.040415	0.991164	0.445562	-0.895021	-0.020298	0.886292	0.444190	-0.131081
04859	9.771860	-0.404713	0.187267	0.003860	-0.017890	-0.055720	0.126305	0.040965	0.991145	0.445689	-0.894969	-0.019806	0.886233	0.444244	-0.131297
04860	9.867493	-0.509654	0.599419	0.011706	-0.006871	-0.036301	0.126212	0.041222	0.991146	0.445848	-0.894895	-0.019556	0.886166	0.444369	-0.131325
04861	9.892882	-0.733776	1.129277	0.003057	0.007568	-0.010044	0.126159	0.041249	0.991152	0.445910	-0.894865	-0.019516	0.886142	0.444427	-0.131288
04862	9.948732	-1.022491	1.684154	0.022481	0.042696	0.010777	0.125850	0.040868	0.991207	0.446099	-0.894766	-0.019748	0.886091	0.444662	-0.130838
04863	9.978676	-1.265456	2.252050	0.026736	0.098319	0.047497	0.125249	0.039977	0.991320	0.446298	-0.894654	-0.020309	0.886076	0.444968	-0.129897
04864	10.031144	-1.633149	2.744433	0.023211	0.152905	0.076794	0.124376	0.038511	0.991487	0.446348	-0.894607	-0.021243	0.886174	0.445191	-0.128458
04865	10.202618	-1.962884	3.296192	0.011582	0.269588	0.113036	0.122550	0.036271	0.991799	0.446333	-0.894586	-0.022435	0.886436	0.445422	-0.125820
04866	10.054433	-2.082837	3.637890	-0.014209	0.384318	0.152391	0.119858	0.033070	0.992240	0.445959	-0.894730	-0.024050	0.886992	0.445381	-0.121989
04867	10.165490	-2.183762	3.771616	0.015416	0.512913	0.165785	0.116105	0.029273	0.992805	0.445922	-0.894701	-0.025769	0.887509	0.445706	-0.116933
04868	10.258364	-2.062811	3.969630	0.099383	0.689569	0.178471	0.110762	0.024387	0.993548	0.446529	-0.894336	-0.027828	0.887887	0.446730	-0.109948
04869	10.492397	-1.729510	3.948442	0.155749	0.871708	0.180188	0.103885	0.018846	0.994411	0.447741	-0.893665	-0.029839	0.888108	0.448339	-0.101276
04870	10.634221	-1.228541	3.694098	0.189871	1.017682	0.165777	0.095604	0.012578	0.995340	0.449139	-0.892894	-0.031857	0.888332	0.450092	-0.091014
04871	10.688455	-0.607525	3.233062	0.181948	1.048843	0.162708	0.087077	0.006366	0.996181	0.450630	-0.892075	-0.033689	0.888454	0.451843	-0.080548
04872	11.157911	-0.159383	2.880315	0.146815	1.022535	0.141775	0.078596	0.000229	0.996907	0.451671	-0.891482	-0.035404	0.888716	0.453056	-0.070170
04873	12.969657	-0.103285	2.534992	0.121391	1.134089	0.064489	0.068865	-0.005519	0.997611	0.452727	-0.890915	-0.036181	0.888986	0.454136	-0.058854
04874	13.327987	-0.065609	2.360517	0.174563	1.398406	0.007291	0.056420	-0.012220	0.998332	0.454166	-0.890167	-0.036563	0.889129	0.455471	-0.044674
04875	12.986093	-0.365803	1.839448	0.255493	1.409192	-0.032536	0.043804	-0.018393	0.998871	0.456478	-0.888990	-0.036388	0.888656	0.457557	-0.030545
04876	13.790141	-0.727914	1.357942	0.414118	1.421360	-0.080463	0.030818	-0.024390	0.999227	0.460004	-0.887193	-0.035843	0.887382	0.460753	-0.016122
04877	14.468347	-0.951822	0.936664	0.563492	1.660309	-0.083881	0.015774	-0.031365	0.999384	0.465044	-0.884591	-0.035102	0.885147	0.465311	0.000633
04878	13.995192	-0.952046	0.774821	0.739870	1.902953	-0.013471	-0.001067	-0.040448	0.999181	0.471407	-0.881214	-0.035170	0.881915	0.470984	0.020007
04879	13.905210	-0.725484	-0.071866	0.901102	1.906322	0.032075	-0.017625	-0.049806	0.998603	0.479365	-0.876906	-0.035276	0.877439	0.478074	0.039331
04880	12.899904	-0.467149	-0.834866	1.040304	1.922273	0.066006	-0.034163	-0.059818	0.997624	0.488320	-0.871940	-0.035560	0.871996	0.485945	0.058999
04881	12.100060	0.034523	-0.487831	1.181686	1.834524	0.072617	-0.049682	-0.069477	0.996346	0.498645	-0.866078	-0.035529	0.865382	0.495057	0.077673
04882	11.947209	0.529973	-0.004279	1.245659	1.814037	0.060481	-0.064955	-0.079131	0.994746	0.509202	-0.859929	-0.035156	0.858192	0.504243	0.096151
04883	10.616189	0.628471	-0.216676	1.194037	1.754299	0.038956	-0.079685	-0.088416	0.992891	0.519463	-0.853803	-0.034340	0.850769	0.513034	0.113964
04884	10.505774	0.803512	-0.245362	1.040980	1.578964	-0.000326	-0.092923	-0.096731	0.990963	0.528059	-0.848554	-0.033314	0.844108	0.520191	0.129930
04885	10.403359	1.061313	-0.777654	0.900165	1.483849	-0.033047	-0.105516	-0.104243	0.988939	0.535627	-0.843856	-0.031800	0.837836	0.526347	0.144876
04886	9.947651	0.999097	-1.215260	0.862969	1.459054	-0.042252	-0.117814	-0.111761	0.986727	0.542585	-0.839455	-0.030296	0.831698	0.531813	0.159539
04887	9.220496	0.714591	-1.398999	0.773673	1.381721	-0.049486	-0.129473	-0.118755	0.984446	0.548966	-0.835356	-0.028570	0.825756	0.536729	0.173348
04888	8.834100	0.694735	-0.798340	0.709051	1.289358	-0.027466	-0.140089	-0.125654	0.982133	0.554551	-0.831701	-0.027308	0.820273	0.540818	0.186194
04889	8.584339	0.527413	-0.568965	0.701089	1.275961	-0.001136	-0.150463	-0.132598	0.979683	0.560313	-0.827873	-0.025996	0.814500	0.545017	0.198861
04890	8.475319	0.269008	-0.281222	0.703528	1.268516	0.029223	-0.160458	-0.139969	0.977068	0.565856	-0.824121	-0.025131	0.808740	0.548847	0.211439
04891	8.119159	-0.037963	-0.187993	0.709424	1.214438	0.038959	-0.169958	-0.147005	0.974425	0.571669	-0.820133	-0.024018	0.802688	0.552966	0.223427
04892	7.910621	-0.297707	-0.268718	0.720134	1.130805	0.033276	-0.178687	-0.153615	0.971840	0.577305	-0.816208	-0.022869	0.796737	0.556962	0.234529
04893	7.641908	-0.224045	-0.309699	0.760329	1.078441	0.022742	-0.187050	-0.159856	0.969257	0.583414	-0.811895	-0.021315	0.790342	0.561491	0.245127
04894	7.342215	0.161436	-0.192595	0.774875	1.034507	0.007648	-0.194951	-0.165782	0.966701	0.589269	-0.807698	-0.019678	0.784064	0.565810	0.255152
04895	7.026622	0.418512	-0.091072	0.760823	0.997138	-0.008124	-0.202721	-0.171405	0.964118	0.595227	-0.803363	-0.017670	0.777566	0.570287	0.264884
04896	6.806945	0.480371	0.182638	0.762152	0.933144	-0.017751	-0.209797	-0.176595	0.961665	0.600756	-0.799278	-0.015714	0.771413	0.574429	0.273776
04897	6.335959	0.494611	0.312491	0.780009	0.863628	-0.026567	-0.216526	-0.181388	0.959278	0.606725	-0.794800	-0.013339	0.764854	0.579130	0.282147
04898	6.323737	0.642128	0.663684	0.769054	0.764179	-0.031885	-0.222321	-0.185601	0.957145	0.612190	-0.790632	-0.011116	0.758813	0.583483	0.289397
04899	6.419252	0.812065	0.908690	0.719103	0.695123	-0.038369	-0.227745	-0.189392	0.955125	0.617573	-0.786465	-0.008691	0.752818	0.587880	0.296077
04900	6.437195	1.021066	0.994541	0.665059	0.602681	-0.054943	-0.232349	-0.192415	0.953410	0.622095	-0.782916	-0.006400	0.747671	0.591624	0.301610
04901	6.594888	1.193393	1.185107	0.672203	0.488126	-0.072564	-0.236372	-0.194769	0.951942	0.626967	-0.779037	-0.003713	0.742321	0.595958	0.306256
04902	6.727106	1.265407	1.665727	0.674047	0.382154	-0.068542	-0.239336	-0.196387	0.950868	0.631362	-0.775487	-0.001249	0.737632	0.600043	0.309593
04903	6.868936	1.128924	2.243061	0.687813	0.284147	-0.077185	-0.241847	-0.197523	0.949997	0.636267	-0.771468	0.001575	0.732581	0.604832	0.312255
04904	7.125209	1.079569	2.805726	0.677215	0.212611	-0.091140	-0.243749	-0.197936	0.949425	0.640725	-0.767757	0.004434	0.728050	0.609401	0.313963
04905	7.442006	1.057103	3.329124	0.630837	0.136546	-0.106406	-0.245357	-0.197977	0.949002	0.645078	-0.764081	0.007381	0.723653	0.613992	0.315183
04906	7.661310	1.021788	3.822614	0.539333	0.072892	-0.124325	-0.246468	-0.197329	0.948849	0.648416	-0.761219	0.010121	0.720284	0.617744	0.315568
04907	7.856651	0.923821	4.186966	0.422923	0.003872	-0.142078	-0.247351	-0.196293	0.948834	0.651140	-0.758851	0.012756	0.717520	0.620979	0.315517
04908	8.186905	0.834629	4.725708	0.309226	-0.041401	-0.147216	-0.247828	-0.194927	0.948991	0.652532	-0.757617	0.014790	0.716089	0.622912	0.314955
04909	8.412067	0.801700	5.212639	0.230977	-0.040953	-0.127967	-0.248302	-0.193722	0.949114	0.653900	-0.756397	0.016683	0.714675	0.624768	0.314490
04910	8.257263	0.921059	5.780912	0.195884	-0.042865	-0.103706	-0.248542	-0.192581	0.949284	0.654883	-0.755511	0.018192	0.713691	0.626191	0.313894
04911	8.600598	0.983595	6.507957	0.137753	-0.091800	-0.077625	-0.248327	-0.191438	0.949571	0.655706	-0.754769	0.019312	0.713010	0.627435	0.312957
04912	9.101808	1.028977	6.799496	0.132811	-0.082125	-0.039920	-0.247911	-0.190613	0.949846	0.656389	-0.754158	0.019976	0.712526	0.628421	0.312080
04913	9.584943	1.055227	6.961719	0.081785	-0.023479	0.012874	-0.247590	-0.190581	0.949936	0.657037	-0.753591	0.020059	0.712040	0.629109	0.311801
04914	9.968541	1.109602	7.046076	-0.009624	0.099778	0.071613	-0.247793	-0.191857	0.949626	0.656980	-0.753664	0.019165	0.712022	0.628634	0.312799
04915	9.969485	0.945568	6.861668	-0.050984	0.248288	0.147483	-0.248522	-0.194548	0.948888	0.657016	-0.753672	0.017555	0.711735	0.627798	0.315125
04916	9.757613	0.725263	6.671715	-0.099079	0.388543	0.240700	-0.249655	-0.198863	0.947695	0.656711	-0.753997	0.014782	0.711620	0.626052	0.318835
04917	9.299203	0.413172	6.492443	-0.174663	0.494557	0.332527	-0.250921	-0.204482	0.946164	0.656334	-0.754390	0.011023	0.711523	0.623765	0.323501
04918	8.740476	0.136302	6.172055	-0.261580	0.527022	0.414026	-0.251943	-0.210901	0.944482	0.655504	-0.755166	0.006231	0.711926	0.620681	0.328505
04919	8.309288	-0.329123	5.718626	-0.330604	0.486968	0.467079	-0.252284	-0.217465	0.942901	0.654360	-0.756183	0.000680	0.712858	0.617168	0.333073
04920	8.028145	-0.658160	5.227632	-0.361303	0.466777	0.502366	-0.252320	-0.224145	0.941326	0.652975	-0.757361	-0.005311	0.714114	0.613322	0.337458
04921	7.613763	-0.859562	4.499321	-0.372732	0.467211	0.526340	-0.252156	-0.231011	0.939708	0.651672	-0.758412	-0.011577	0.715361	0.609462	0.341782
04922	7.073584	-0.868315	3.672092	-0.371216	0.453171	0.557648	-0.251770	-0.238047	0.938054	0.650419	-0.759359	-0.018131	0.716636	0.605564	0.346014
04923	6.724841	-0.847777	3.183600	-0.317680	0.390233	0.588448	-0.250674	-0.244895	0.936584	0.649653	-0.759827	-0.024800	0.717715	0.602237	0.349565
04924	7.964001	-0.357711	4.874634	-0.136146	0.533247	0.622521	-0.250478	-0.252896	0.934508	0.650241	-0.759089	-0.031139	0.717250	0.599856	0.354579
04925	8.885955	-0.284222	6.330637	-0.131151	0.828664	0.640048	-0.252183	-0.262732	0.931330	0.650943	-0.758193	-0.037628	0.716014	0.596754	0.362227
04926	9.846336	-0.893877	5.423799	-0.207058	0.221729	0.574950	-0.250087	-0.268560	0.930232	0.650682	-0.758079	-0.043927	0.716986	0.594300	0.364333
04927	12.792474	0.432676	4.447158	-0.369872	-0.193776	0.306863	-0.246631	-0.269761	0.930807	0.648820	-0.759415	-0.048175	0.719865	0.592045	0.362322
04928	14.121947	0.759017	5.162669	-0.263055	0.018224	0.078630	-0.246278	-0.270540	0.930674	0.647087	-0.760780	-0.049919	0.721543	0.589934	0.362427
04929	11.943443	1.555160	7.062775	0.073622	0.059034	0.025986	-0.246466	-0.271109	0.930459	0.647715	-0.760244	-0.049942	0.720916	0.590364	0.362976
04930	10.018163	2.015505	6.895481	0.264634	-0.287707	0.026350	-0.244257	-0.269685	0.931455	0.649660	-0.758626	-0.049284	0.719917	0.593091	0.360503
04931	7.474566	2.319242	3.819902	0.275018	-0.855694	0.041309	-0.237757	-0.264927	0.934498	0.651772	-0.756847	-0.048738	0.720184	0.597492	0.352617
04932	5.819107	2.686128	-0.150579	0.032010	-1.646315	-0.004005	-0.225942	-0.255142	0.940135	0.651937	-0.756709	-0.048683	0.723829	0.601909	0.337308
04933	6.028505	3.843079	-2.915700	-0.750591	-2.016056	0.014093	-0.211093	-0.243143	0.946742	0.646531	-0.761159	-0.051325	0.733101	0.601264	0.317875
04934	6.655529	4.835342	-4.562559	-1.770722	-1.764595	0.171779	-0.196971	-0.234077	0.952056	0.633738	-0.771330	-0.058529	0.748050	0.591825	0.300274
04935	6.974436	4.430613	-3.765353	-2.367982	-1.242518	0.344879	-0.185344	-0.229527	0.955492	0.616509	-0.784334	-0.068823	0.765222	0.576314	0.286877
04936	7.397880	2.261709	-1.716905	-2.495883	-0.843113	0.416187	-0.176324	-0.228098	0.957539	0.598060	-0.797465	-0.079838	0.781815	0.558588	0.277029
04937	8.077347	-1.075169	0.816250	-2.624105	-0.853749	0.399418	-0.167159	-0.226651	0.959524	0.578037	-0.810937	-0.090852	0.798706	0.539454	0.266568
04938	9.640407	-4.830248	0.826339	-2.732553	-1.371439	0.338276	-0.154232	-0.222325	0.962696	0.556593	-0.824591	-0.101260	0.816343	0.520213	0.250924
04939	12.145189	-5.168529	-1.459771	-2.385862	-1.797690	0.330377	-0.137540	-0.215890	0.966682	0.537439	-0.836065	-0.110252	0.832011	0.504368	0.231020
04940	12.907656	-3.259783	-2.282568	-1.825265	-1.772367	0.407214	-0.120554	-0.210546	0.970122	0.522765	-0.844234	-0.118262	0.843910	0.492889	0.211842
04941	11.532085	-1.847141	-1.585577	-1.356818	-1.630685	0.446534	-0.104344	-0.206390	0.972890	0.511783	-0.849912	-0.125412	0.852754	0.484823	0.194310
04942	10.247555	-2.198074	-0.905077	-1.075311	-1.554705	0.326791	-0.089434	-0.201799	0.975335	0.503066	-0.854318	-0.130632	0.859608	0.478975	0.177923
04943	9.714441	-4.014279	-0.881467	-0.821461	-1.450967	0.178827	-0.075963	-0.196445	0.977568	0.496157	-0.857856	-0.133834	0.864904	0.474860	0.162633
04944	8.807045	-4.988803	-1.072101	-0.350484	-1.346228	0.058497	-0.064079	-0.190671	0.979560	0.493339	-0.859299	-0.134990	0.867474	0.474605	0.149128
04945	8.623613	-4.276449	-0.974683	0.112820	-1.320334	-0.019243	-0.052653	-0.184251	0.981468	0.494331	-0.858774	-0.134698	0.867678	0.478077	0.136298
04946	9.066436	-3.181373	-0.819220	0.413500	-1.300691	-0.007808	-0.041471	-0.177996	0.983157	0.498085	-0.856698	-0.134091	0.866136	0.484134	0.124185
04947	9.569522	-2.324466	-0.594133	0.448749	-1.291281	0.058179	-0.029942	-0.172237	0.984600	0.502011	-0.854387	-0.134192	0.864343	0.490263	0.112046
04948	9.910150	-1.835984	-0.648274	0.239081	-1.307326	0.157356	-0.017871	-0.167187	0.985763	0.504217	-0.852879	-0.135508	0.863392	0.494617	0.099541
04949	9.750710	-1.749992	-0.746540	-0.069330	-1.362592	0.271165	-0.004671	-0.162782	0.986651	0.503671	-0.852753	-0.138306	0.863883	0.496301	0.085971
04950	9.442060	-2.100453	-0.981742	-0.317568	-1.440314	0.329845	0.009414	-0.158495	0.987315	0.501041	-0.853723	-0.141827	0.865372	0.496020	0.071376
04951	9.371349	-1.957242	-0.958475	-0.471939	-1.551911	0.271097	0.024279	-0.153160	0.987903	0.496926	-0.855616	-0.144863	0.867453	0.494432	0.055336
04952	9.585315	-2.101530	-1.292136	-0.541464	-1.586506	0.140270	0.038736	-0.146485	0.988454	0.492345	-0.857992	-0.146446	0.869538	0.492333	0.038886
04953	9.392553	-1.785693	-1.275654	-0.522669	-1.586047	0.022240	0.052717	-0.138919	0.988900	0.487803	-0.860507	-0.146887	0.871360	0.490132	0.022402
04954	9.538761	-1.644811	-1.424095	-0.504494	-1.635562	-0.049278	0.066732	-0.130545	0.989194	0.483513	-0.862989	-0.146508	0.872790	0.488065	0.005532
04955	9.415091	-1.312915	-1.662666	-0.518613	-1.644309	-0.114421	0.080608	-0.121585	0.989303	0.479084	-0.865639	-0.145422	0.874060	0.485681	-0.011528
04956	9.821961	-1.112783	-2.040091	-0.599287	-1.699317	-0.167941	0.094661	-0.111901	0.989200	0.474103	-0.868674	-0.143636	0.875366	0.482580	-0.029177
04957	9.911123	-0.829400	-1.985222	-0.631809	-1.671342	-0.211055	0.108372	-0.102064	0.988857	0.468798	-0.871919	-0.141371	0.876632	0.478895	-0.046644
04958	9.838548	-0.578326	-1.851846	-0.658887	-1.632797	-0.230166	0.121647	-0.092300	0.988273	0.463334	-0.875250	-0.138777	0.877795	0.474782	-0.063706
04959	9.574418	-0.754055	-1.835278	-0.654380	-1.599722	-0.270924	0.134513	-0.082399	0.987480	0.457947	-0.878563	-0.135692	0.878744	0.470466	-0.080444
04960	9.369780	-1.041174	-1.676234	-0.517170	-1.578201	-0.322513	0.146932	-0.072176	0.986510	0.453926	-0.881196	-0.132079	0.878841	0.467209	-0.096713
04961	9.489818	-1.455264	-1.708394	-0.376599	-1.579769	-0.364639	0.159223	-0.061632	0.985317	0.451188	-0.883180	-0.128153	0.878110	0.464968	-0.112815
04962	9.785500	-1.726171	-1.707529	-0.171955	-1.560106	-0.356524	0.171350	-0.051245	0.983877	0.450303	-0.884157	-0.124475	0.876280	0.464371	-0.128425
04963	10.009546	-2.003469	-1.639650	0.015179	-1.482289	-0.348299	0.182813	-0.041311	0.982279	0.451063	-0.884233	-0.121135	0.873569	0.465215	-0.143015
04964	9.891197	-2.129931	-1.606810	0.255146	-1.485601	-0.361485	0.194170	-0.031183	0.980472	0.454008	-0.883149	-0.117999	0.869583	0.468054	-0.157324
04965	9.751744	-2.119214	-1.457365	0.418268	-1.441653	-0.362084	0.205084	-0.021247	0.978514	0.458367	-0.881265	-0.115203	0.864777	0.472145	-0.170994
04966	9.401480	-1.855992	-1.505581	0.504685	-1.466137	-0.381303	0.216010	-0.010944	0.976330	0.463553	-0.878910	-0.112412	0.859336	0.476862	-0.184780
04967	9.354817	-1.267513	-1.328866	0.498341	-1.543184	-0.423226	0.227317	0.000129	0.973821	0.468766	-0.876533	-0.109307	0.853572	0.481342	-0.199311
04968	9.637237	-0.668038	-1.438550	0.515521	-1.569558	-0.441143	0.238640	0.011555	0.971039	0.474195	-0.873999	-0.106136	0.847461	0.485791	-0.214050
04969	9.673648	-0.222262	-0.925261	0.366823	-1.581737	-0.455590	0.249894	0.023206	0.967995	0.478412	-0.872121	-0.102597	0.841828	0.488739	-0.229039
04970	9.700108	-0.134400	-0.432810	0.116443	-1.666542	-0.461690	0.261715	0.035361	0.964497	0.480594	-0.871398	-0.098461	0.836980	0.489300	-0.245052
04971	9.984734	-0.289586	0.180458	-0.189871	-1.758882	-0.454541	0.274282	0.047874	0.960457	0.480230	-0.872127	-0.093670	0.833156	0.486932	-0.262200
04972	10.452991	-0.651766	0.809534	-0.462053	-1.816714	-0.419669	0.287427	0.060314	0.955902	0.477578	-0.874126	-0.088447	0.830244	0.481940	-0.280052
04973	10.597071	-0.923973	1.765572	-0.663516	-1.822508	-0.351620	0.300930	0.072078	0.950918	0.473113	-0.877060	-0.083243	0.828013	0.474942	-0.298035
04974	10.935959	-1.539077	3.010546	-0.719142	-1.784632	-0.280567	0.314404	0.082906	0.945662	0.468025	-0.880228	-0.078434	0.825895	0.467253	-0.315549
04975	11.118038	-1.818068	4.413825	-0.730238	-1.623466	-0.224084	0.326817	0.092369	0.940563	0.462719	-0.883409	-0.074025	0.824064	0.459409	-0.331453
04976	11.062392	-2.038038	5.068403	-0.795764	-1.383153	-0.190437	0.337361	0.100265	0.936020	0.456762	-0.886860	-0.069627	0.823138	0.451028	-0.344990
04977	10.771503	-2.127314	4.687678	-0.912425	-1.142379	-0.191019	0.345961	0.107025	0.932125	0.449902	-0.890731	-0.064710	0.823346	0.441752	-0.356309
04978	10.804905	-3.045897	3.072255	-1.164215	-0.954795	-0.257936	0.352706	0.113354	0.928843	0.441128	-0.895554	-0.058217	0.825230	0.430272	-0.365871
04979	10.941664	-4.501092	1.151666	-1.280307	-0.882175	-0.288470	0.358799	0.119646	0.925715	0.431571	-0.900644	-0.050867	0.827653	0.417762	-0.374786
04980	11.069066	-5.431949	-0.449638	-1.129826	-0.885761	-0.246626	0.365107	0.125332	0.922491	0.422984	-0.905046	-0.044448	0.829326	0.406427	-0.383452
04981	11.671363	-5.265531	-1.150102	-0.794868	-0.830515	-0.166740	0.371354	0.130144	0.919325	0.417002	-0.908029	-0.039900	0.829582	0.398177	-0.391471
04982	11.918459	-4.217131	-0.836436	-0.567446	-0.658838	-0.085396	0.376496	0.133276	0.916781	0.412449	-0.910226	-0.037058	0.829540	0.392078	-0.397667
04983	11.868813	-3.137689	-0.326654	-0.426152	-0.544190	-0.038219	0.380911	0.135704	0.914599	0.409056	-0.911835	-0.035069	0.829204	0.387480	-0.402839
04984	12.231150	-2.333521	0.034032	-0.343802	-0.454317	-0.033356	0.384574	0.137466	0.912801	0.406131	-0.913198	-0.033582	0.828952	0.383632	-0.407021
04985	13.259365	-2.098960	0.557511	-0.187805	-0.382908	-0.058817	0.387566	0.139426	0.911237	0.404797	-0.913834	-0.032344	0.828210	0.381402	-0.410610
04986	14.758656	-2.280455	1.501482	-0.067761	-0.196377	-0.055798	0.388997	0.140353	0.910485	0.404221	-0.914109	-0.031788	0.827821	0.380402	-0.412319
04987	15.561006	-2.623810	3.174606	-0.032076	0.157461	0.023826	0.387847	0.139494	0.911107	0.403857	-0.914264	-0.031940	0.828537	0.380345	-0.410930
04988	16.044277	-2.494293	5.335663	-0.002745	0.613807	0.133333	0.383317	0.135560	0.913615	0.403050	-0.914568	-0.033403	0.831035	0.381037	-0.405207
04989	15.911695	-1.620445	8.634439	0.064601	1.339265	0.199614	0.373017	0.128572	0.918873	0.402829	-0.914584	-0.035557	0.835815	0.383412	-0.392948
04990	14.137784	0.944126	9.690115	0.263560	1.901678	0.181705	0.357808	0.119137	0.926164	0.404056	-0.913922	-0.038537	0.841851	0.388011	-0.375147
04991	12.708460	4.606943	7.556750	0.818283	1.718323	-0.025951	0.343272	0.112582	0.932464	0.411043	-0.910677	-0.041367	0.844516	0.397484	-0.358886
04992	11.887862	6.736791	6.704351	0.651598	1.687960	-0.300767	0.327729	0.108091	0.938568	0.417233	-0.907868	-0.041134	0.847650	0.405082	-0.342634
04993	11.984827	6.102869	5.419049	-0.376231	1.865138	-0.526806	0.309715	0.105291	0.944982	0.415707	-0.908826	-0.034984	0.855140	0.403671	-0.325247
04994	12.337530	4.043028	2.892942	-1.167934	2.080010	-0.536688	0.289564	0.101451	0.951767	0.406947	-0.913068	-0.026483	0.866341	0.394987	-0.305676
04995	13.073085	2.255715	0.940920	-1.931650	2.295098	-0.479524	0.267662	0.096912	0.958627	0.391412	-0.920072	-0.016273	0.880428	0.379573	-0.284201
04996	13.586390	0.235903	-1.808309	-2.595452	2.576096	-0.295740	0.243585	0.089745	0.965719	0.368788	-0.929490	-0.006642	0.897030	0.357763	-0.259506
04997	13.720347	-1.563942	-6.203390	-2.853415	2.422013	-0.026449	0.221628	0.081575	0.971713	0.343029	-0.939325	0.000618	0.912804	0.333189	-0.236164
04998	15.599188	-1.104270	-7.963769	-2.476532	2.161565	0.315500	0.202737	0.071237	0.976639	0.319275	-0.947658	0.002846	0.925722	0.311239	-0.214869
04999	17.439268	-1.239603	-6.527337	-1.844446	2.124682	0.522671	0.184639	0.059775	0.980987	0.301103	-0.953591	0.001432	0.935545	0.295114	-0.194069
05000	17.900861	-2.337521	-5.553094	-1.097684	2.305692	0.679324	0.164920	0.046206	0.985224	0.289292	-0.957234	-0.003533	0.942927	0.285600	-0.171234
05001	15.436250	-1.918573	-7.375797	-0.248606	2.278322	0.747763	0.145592	0.032500	0.988811	0.285790	-0.958234	-0.010584	0.947168	0.284133	-0.148799
05002	15.675844	-1.114578	-8.046651	0.366844	2.388239	0.674300	0.124807	0.018833	0.992002	0.288045	-0.957447	-0.018063	0.949449	0.287995	-0.124921
05003	14.921645	-1.512827	-6.987151	1.060568	2.990884	0.638050	0.098327	0.003909	0.995147	0.297416	-0.954404	-0.025637	0.949671	0.298493	-0.095006
05004	13.827867	-1.307866	-5.305015	1.379177	2.934839	0.704386	0.072544	-0.012098	0.997292	0.309605	-0.950255	-0.034048	0.948094	0.311237	-0.065190
05005	14.181349	-1.713378	-5.283298	1.500017	2.895429	0.658203	0.047273	-0.027599	0.998501	0.323425	-0.945346	-0.041442	0.945072	0.324900	-0.035763
05006	12.353818	-1.730401	-5.345543	1.512714	2.945730	0.618905	0.021463	-0.043523	0.998822	0.337199	-0.940198	-0.048214	0.941189	0.337837	-0.005503
05007	10.649600	-1.346271	-5.606683	1.444804	2.865122	0.588594	-0.003356	-0.058946	0.998256	0.350729	-0.934917	-0.054027	0.936471	0.349936	0.023812
05008	9.938575	-0.730812	-5.206834	1.412413	2.762754	0.546355	-0.027272	-0.074161	0.996873	0.363739	-0.929617	-0.059207	0.931101	0.360987	0.052328
05009	9.685376	-0.282612	-4.961118	1.448274	2.701077	0.531898	-0.050308	-0.089044	0.994756	0.377405	-0.923861	-0.063611	0.924681	0.372226	0.080083
05010	8.927600	0.285732	-5.136444	1.483593	2.664141	0.458691	-0.073149	-0.103595	0.991926	0.391118	-0.917897	-0.067021	0.917429	0.383057	0.107661
05011	8.438879	0.287975	-4.980121	1.497960	2.492101	0.383667	-0.094325	-0.116838	0.988662	0.405145	-0.911639	-0.069082	0.909374	0.394035	0.133327
05012	7.854574	0.465358	-4.908889	1.593261	2.308353	0.335832	-0.113886	-0.129346	0.985038	0.419709	-0.904932	-0.070303	0.900486	0.405422	0.157347
05013	7.049227	1.155218	-5.150564	1.678689	2.120878	0.296622	-0.131553	-0.140797	0.981260	0.435132	-0.897605	-0.070457	0.890704	0.417709	0.179348
05014	6.665168	1.242143	-5.571621	1.578781	1.943583	0.238157	-0.147764	-0.151347	0.977374	0.449284	-0.890643	-0.069992	0.881084	0.428776	0.199602
05015	6.063626	1.656160	-5.701381	1.488575	1.853946	0.212670	-0.162977	-0.161325	0.973351	0.462685	-0.883832	-0.069016	0.871413	0.439107	0.218687
