// General information: 
//  MT Manager version: 2022.2.0 
//  XDA version: 2022.2.0 build 7381 rev 124627 built on 2023-07-19
// Device information: 
//  DeviceId: 00B4CB9F
//  ProductCode: MTW2-3A7G6
//  Firmware Version: 4.6.0
//  Hardware Version: 2.0.0
// Device settings: 
//  Filter Profile: human(46.1)
//  Option Flags: Orientation Smoother Disabled, Position/Velocity Smoother Disabled, Continuous Zero Rotation Update Disabled, AHS Disabled, ICC Disabled
// Coordinate system: ENU
PacketCounter	Acc_X	Acc_Y	Acc_Z	Gyr_X	Gyr_Y	Gyr_Z	Mat[1][1]	Mat[2][1]	Mat[3][1]	Mat[1][2]	Mat[2][2]	Mat[3][2]	Mat[1][3]	Mat[2][3]	Mat[3][3]
25224	9.801924	0.876660	0.268535	0.091980	-0.062665	-0.015435	0.047845	-0.094459	0.994378	-0.436822	0.893296	0.105874	-0.898275	-0.439432	0.001478
25225	9.765477	0.879041	0.168203	0.116871	-0.051964	-0.003828	0.047306	-0.094676	0.994383	-0.437903	0.892771	0.105834	-0.897777	-0.440450	0.000775
25226	9.743400	0.982012	0.082893	0.127270	-0.051094	-0.000150	0.046789	-0.094889	0.994388	-0.439060	0.892207	0.105798	-0.897239	-0.441546	0.000084
25227	9.691025	1.008986	0.065355	0.125837	-0.056310	-0.004980	0.046178	-0.095144	0.994392	-0.440225	0.891637	0.105756	-0.896699	-0.442640	-0.000711
25228	9.669737	1.037094	0.009166	0.124215	-0.072845	-0.006344	0.045494	-0.095510	0.994388	-0.441351	0.891078	0.105779	-0.896181	-0.443687	-0.001615
25229	9.617321	1.051129	-0.042852	0.107566	-0.089378	-0.005957	0.044762	-0.095897	0.994384	-0.442488	0.890512	0.105798	-0.895657	-0.444739	-0.002572
25230	9.731701	1.053172	-0.053702	0.103177	-0.103202	-0.008582	0.043817	-0.096418	0.994376	-0.443423	0.890041	0.105841	-0.895241	-0.445567	-0.003755
25231	9.747016	1.054752	-0.083648	0.099079	-0.102969	-0.017316	0.042806	-0.097033	0.994360	-0.444436	0.889525	0.105935	-0.894787	-0.446464	-0.005048
25232	9.793189	1.030688	-0.214593	0.093093	-0.093532	-0.012071	0.041964	-0.097544	0.994346	-0.445279	0.889094	0.106011	-0.894408	-0.447210	-0.006125
25233	9.735592	1.024274	-0.239785	0.100630	-0.083477	-0.011605	0.041274	-0.097976	0.994333	-0.446354	0.888547	0.106080	-0.893904	-0.448203	-0.007058
25234	9.684160	1.003575	-0.164855	0.102270	-0.081399	-0.011254	0.040538	-0.098427	0.994318	-0.447279	0.888074	0.106145	-0.893475	-0.449040	-0.008024
25235	9.726759	0.910352	-0.172042	0.103390	-0.085643	-0.014041	0.039823	-0.098914	0.994299	-0.448469	0.887461	0.106247	-0.892911	-0.450143	-0.009018
25236	9.757183	0.898893	-0.251266	0.109784	-0.090979	-0.017223	0.039029	-0.099463	0.994276	-0.449458	0.886946	0.106369	-0.892449	-0.451036	-0.010088
25237	9.693641	0.960584	-0.248999	0.108731	-0.097850	-0.021717	0.038138	-0.100080	0.994248	-0.450603	0.886349	0.106503	-0.891909	-0.452073	-0.011292
25238	9.671621	1.002748	-0.276811	0.110324	-0.104359	-0.020508	0.037241	-0.100720	0.994218	-0.451595	0.885825	0.106655	-0.891446	-0.452956	-0.012496
25239	9.779420	1.046451	-0.325216	0.105822	-0.100715	-0.017733	0.036320	-0.101303	0.994192	-0.452603	0.885301	0.106742	-0.890972	-0.453851	-0.013696
25240	9.830297	1.109289	-0.325147	0.107158	-0.097659	-0.014015	0.035454	-0.101857	0.994167	-0.453568	0.884796	0.106827	-0.890516	-0.454710	-0.014830
25241	9.768456	1.109687	-0.259857	0.099825	-0.096494	-0.017971	0.034568	-0.102453	0.994137	-0.454651	0.884227	0.106934	-0.889999	-0.455682	-0.016015
25242	9.769213	1.023356	-0.270129	0.080315	-0.095256	-0.021449	0.033758	-0.103063	0.994102	-0.455374	0.883835	0.107095	-0.889660	-0.456304	-0.017096
25243	9.757553	1.031833	-0.320360	0.080993	-0.092057	-0.022768	0.032996	-0.103676	0.994064	-0.456364	0.883303	0.107272	-0.889181	-0.457195	-0.018168
25244	9.768229	1.027339	-0.289864	0.078617	-0.090984	-0.023745	0.032236	-0.104289	0.994025	-0.457072	0.882915	0.107454	-0.888845	-0.457805	-0.019206
25245	9.799393	1.070863	-0.242491	0.084005	-0.089381	-0.026829	0.031492	-0.104908	0.993983	-0.457909	0.882458	0.107645	-0.888441	-0.458544	-0.020248
25246	9.756688	1.065812	-0.285659	0.068661	-0.085002	-0.027925	0.030805	-0.105531	0.993939	-0.458527	0.882110	0.107869	-0.888147	-0.459070	-0.021215
25247	9.752232	1.061864	-0.235237	0.058987	-0.083332	-0.029126	0.030162	-0.106165	0.993891	-0.459386	0.881633	0.108115	-0.887725	-0.459840	-0.022179
25248	9.725165	1.070651	-0.265099	0.048361	-0.083895	-0.025627	0.029475	-0.106764	0.993847	-0.459824	0.881379	0.108319	-0.887521	-0.460188	-0.023114
25249	9.823941	1.074656	-0.257038	0.027467	-0.083258	-0.024649	0.028816	-0.107349	0.993804	-0.460339	0.881085	0.108521	-0.887275	-0.460614	-0.024028
25250	9.843409	1.111122	-0.280222	0.008827	-0.077254	-0.024638	0.028184	-0.107909	0.993761	-0.460427	0.881014	0.108725	-0.887250	-0.460619	-0.024854
25251	9.871310	1.188188	-0.357648	-0.009967	-0.064774	-0.026553	0.027631	-0.108444	0.993718	-0.460562	0.880917	0.108941	-0.887197	-0.460680	-0.025605
25252	9.790807	1.209692	-0.426838	-0.026479	-0.061383	-0.030293	0.027166	-0.108981	0.993673	-0.460336	0.881002	0.109209	-0.887329	-0.460390	-0.026235
25253	9.732179	1.191025	-0.477895	-0.048923	-0.049030	-0.025072	0.026786	-0.109415	0.993635	-0.460050	0.881124	0.109427	-0.887489	-0.460053	-0.026735
25254	9.741473	1.146432	-0.536782	-0.060152	-0.046743	-0.029238	0.026445	-0.109874	0.993594	-0.459526	0.881364	0.109694	-0.887771	-0.459483	-0.027182
25255	9.688664	1.189524	-0.519054	-0.058464	-0.041892	-0.031561	0.026140	-0.110303	0.993554	-0.459008	0.881603	0.109951	-0.888048	-0.458923	-0.027585
25256	9.720474	1.118853	-0.528636	-0.071494	-0.041356	-0.028988	0.025846	-0.110735	0.993514	-0.458382	0.881894	0.110219	-0.888379	-0.458258	-0.027966
25257	9.744879	1.074811	-0.605920	-0.087963	-0.041348	-0.026364	0.025486	-0.111135	0.993478	-0.457683	0.882230	0.110432	-0.888750	-0.457513	-0.028380
25258	9.867009	1.120675	-0.667066	-0.083296	-0.037102	-0.026388	0.025217	-0.111525	0.993442	-0.456954	0.882578	0.110678	-0.889133	-0.456748	-0.028705
25259	9.943796	1.165945	-0.670246	-0.081040	-0.031746	-0.027362	0.024988	-0.111880	0.993407	-0.456281	0.882897	0.110911	-0.889485	-0.456044	-0.028987
25260	9.863731	1.201429	-0.703129	-0.080917	-0.023783	-0.024557	0.024829	-0.112192	0.993376	-0.455572	0.883234	0.111139	-0.889853	-0.455314	-0.029182
25261	9.775608	1.195466	-0.680538	-0.086035	-0.026708	-0.014089	0.024551	-0.112484	0.993350	-0.455137	0.883440	0.111286	-0.890083	-0.454843	-0.029506
25262	9.668437	1.167922	-0.611485	-0.091426	-0.031139	-0.008354	0.024251	-0.112686	0.993335	-0.454339	0.883841	0.111357	-0.890499	-0.454011	-0.029763
25263	9.630494	1.141376	-0.488710	-0.086813	-0.040726	-0.012975	0.023807	-0.113001	0.993310	-0.453755	0.884129	0.111456	-0.890809	-0.453372	-0.030226
25264	9.747603	1.084095	-0.431413	-0.081583	-0.035966	-0.011645	0.023479	-0.113254	0.993289	-0.453043	0.884481	0.111556	-0.891179	-0.452622	-0.030542
25265	9.838057	1.032835	-0.394450	-0.069538	-0.024283	-0.008628	0.023118	-0.113454	0.993274	-0.452397	0.884807	0.111594	-0.891517	-0.451934	-0.030872
25266	9.811152	1.039886	-0.416817	-0.052343	-0.019170	-0.000766	0.022890	-0.113534	0.993270	-0.451949	0.885038	0.111578	-0.891750	-0.451461	-0.031053
25267	9.757920	0.997626	-0.305545	-0.035892	-0.016673	0.004707	0.022666	-0.113537	0.993275	-0.451797	0.885127	0.111484	-0.891833	-0.451286	-0.031234
25268	9.742228	0.983139	-0.319364	-0.022312	-0.014201	0.011577	0.022426	-0.113485	0.993287	-0.451620	0.885237	0.111337	-0.891929	-0.451085	-0.031399
25269	9.731967	1.015349	-0.296406	-0.011142	-0.002013	0.016651	0.022265	-0.113304	0.993311	-0.451591	0.885281	0.111104	-0.891947	-0.451044	-0.031456
25270	9.725738	1.068127	-0.300249	-0.000471	0.001341	0.010465	0.022170	-0.113192	0.993326	-0.451607	0.885290	0.110961	-0.891941	-0.451053	-0.031492
25271	9.755968	1.067949	-0.338143	-0.007352	0.008894	0.009718	0.022160	-0.113014	0.993346	-0.451549	0.885340	0.110799	-0.891971	-0.451000	-0.031412
25272	9.806637	1.115587	-0.358232	-0.005918	0.017520	0.008171	0.022219	-0.112849	0.993364	-0.451517	0.885372	0.110680	-0.891986	-0.450979	-0.031281
25273	9.765654	1.134104	-0.325900	-0.009819	0.024468	0.009714	0.022355	-0.112627	0.993386	-0.451656	0.885318	0.110538	-0.891912	-0.451140	-0.031077
25274	9.743764	1.173580	-0.339908	-0.017269	0.022907	0.008469	0.022461	-0.112435	0.993405	-0.451523	0.885401	0.110420	-0.891977	-0.451026	-0.030880
25275	9.728867	1.172488	-0.318137	-0.030393	0.024042	0.007372	0.022595	-0.112228	0.993426	-0.451291	0.885533	0.110304	-0.892091	-0.450816	-0.030639
25276	9.691918	1.211683	-0.312592	-0.036528	0.025598	0.009862	0.022718	-0.112012	0.993447	-0.450986	0.885704	0.110177	-0.892242	-0.450534	-0.030394
25277	9.692107	1.210863	-0.309873	-0.058365	0.018664	0.010102	0.022746	-0.111790	0.993471	-0.450427	0.886010	0.110011	-0.892524	-0.449989	-0.030200
25278	9.728763	1.157036	-0.341457	-0.074053	0.027384	0.006158	0.022903	-0.111599	0.993489	-0.449786	0.886345	0.109932	-0.892843	-0.449375	-0.029896
25279	9.760304	1.184599	-0.312662	-0.086749	0.024420	-0.002778	0.023068	-0.111498	0.993497	-0.449101	0.886692	0.109939	-0.893183	-0.448716	-0.029619
25280	9.759147	1.158373	-0.372668	-0.090527	0.030702	0.002452	0.023271	-0.111325	0.993512	-0.448312	0.887095	0.109901	-0.893574	-0.447960	-0.029264
25281	9.693578	1.109429	-0.328584	-0.091318	0.025309	0.002685	0.023517	-0.111170	0.993523	-0.447826	0.887342	0.109889	-0.893811	-0.447510	-0.028917
25282	9.736115	1.116538	-0.291918	-0.090741	0.017175	0.004854	0.023589	-0.111036	0.993536	-0.447036	0.887748	0.109827	-0.894205	-0.446737	-0.028696
25283	9.696614	1.047460	-0.260233	-0.087926	0.014432	0.006091	0.023628	-0.110910	0.993550	-0.446419	0.888068	0.109752	-0.894512	-0.446132	-0.028529
25284	9.800176	1.069355	-0.268920	-0.078868	0.018111	0.007704	0.023696	-0.110747	0.993566	-0.445734	0.888423	0.109658	-0.894852	-0.445465	-0.028312
25285	9.763608	0.994493	-0.328258	-0.084525	0.020779	0.007847	0.023782	-0.110576	0.993583	-0.445068	0.888769	0.109564	-0.895181	-0.444818	-0.028077
25286	9.758469	0.947050	-0.361837	-0.078440	0.025068	0.007171	0.023915	-0.110387	0.993601	-0.444387	0.889121	0.109475	-0.895516	-0.444161	-0.027791
25287	9.761388	0.884591	-0.295995	-0.064983	0.028162	0.010396	0.024013	-0.110174	0.993622	-0.443921	0.889370	0.109343	-0.895744	-0.443715	-0.027552
25288	9.767856	0.829495	-0.289397	-0.044432	0.028600	0.012782	0.024152	-0.109920	0.993647	-0.443546	0.889576	0.109188	-0.895926	-0.443365	-0.027269
25289	9.795326	0.834393	-0.233177	-0.015536	0.035324	0.019907	0.024250	-0.109588	0.993681	-0.443468	0.889646	0.108936	-0.895962	-0.443307	-0.027025
25290	9.811869	0.858700	-0.184336	0.007867	0.046839	0.028241	0.024484	-0.109115	0.993728	-0.443565	0.889637	0.108614	-0.895908	-0.443442	-0.026618
25291	9.807573	0.949312	-0.086456	0.028343	0.065138	0.025339	0.024849	-0.108614	0.993773	-0.443951	0.889480	0.108316	-0.895706	-0.443879	-0.026117
25292	9.845275	0.959684	0.418786	0.047733	0.098652	0.032564	0.025527	-0.107873	0.993837	-0.444407	0.889298	0.107941	-0.895461	-0.444424	-0.025238
25293	9.924251	0.788777	1.300636	0.080532	0.164102	0.045035	0.026840	-0.106721	0.993927	-0.445492	0.888813	0.107464	-0.894884	-0.445671	-0.023688
25294	9.876839	0.350119	1.835187	0.103975	0.247002	0.062026	0.028713	-0.105054	0.994052	-0.446460	0.888409	0.106785	-0.894343	-0.446870	-0.021394
25295	9.822642	0.199524	1.566217	0.125406	0.269435	0.073301	0.030704	-0.103166	0.994190	-0.447653	0.887907	0.105962	-0.893680	-0.448306	-0.018920
25296	10.071050	0.716250	1.244819	0.133767	0.292947	0.083387	0.032887	-0.101097	0.994333	-0.448895	0.887386	0.105070	-0.892979	-0.449807	-0.016199
25297	9.901636	1.223215	1.025097	0.100169	0.323726	0.104079	0.035295	-0.098685	0.994493	-0.450025	0.886941	0.103985	-0.892318	-0.451217	-0.013106
25298	9.457484	1.346316	0.665043	0.009173	0.306845	0.118498	0.037440	-0.096236	0.994654	-0.450171	0.887009	0.102766	-0.892157	-0.451612	-0.010113
25299	9.412188	1.472798	0.373277	-0.071722	0.258313	0.121703	0.039044	-0.093982	0.994808	-0.449618	0.887437	0.101485	-0.892367	-0.451246	-0.007607
25300	9.605213	1.477628	0.334927	-0.104613	0.227607	0.112806	0.040509	-0.091941	0.994940	-0.448751	0.888007	0.100330	-0.892738	-0.450545	-0.005286
25301	9.823283	1.629895	0.477295	-0.102384	0.204697	0.106247	0.041890	-0.090036	0.995057	-0.448119	0.888447	0.099255	-0.892992	-0.450062	-0.003130
25302	10.161569	1.657242	0.877547	-0.115751	0.218297	0.111885	0.043279	-0.088047	0.995176	-0.447154	0.889060	0.098105	-0.893409	-0.449243	-0.000893
25303	10.260011	1.560086	1.144263	-0.156225	0.257900	0.124115	0.044938	-0.085766	0.995301	-0.445858	0.889853	0.096810	-0.893975	-0.448113	0.001749
25304	9.785266	1.541107	1.190122	-0.229508	0.270182	0.143777	0.046654	-0.083263	0.995435	-0.443893	0.890994	0.095332	-0.894864	-0.446314	0.004609
25305	9.287457	1.724153	0.834293	-0.320887	0.232895	0.165219	0.048025	-0.080707	0.995580	-0.441140	0.892540	0.093634	-0.896152	-0.443687	0.007261
25306	9.041815	2.044651	0.499220	-0.414939	0.208755	0.173298	0.049077	-0.078222	0.995727	-0.437525	0.894505	0.091834	-0.897866	-0.440162	0.009675
25307	8.965526	2.077248	0.171721	-0.500917	0.192570	0.162910	0.050051	-0.075877	0.995860	-0.433217	0.896775	0.090100	-0.899899	-0.435933	0.012013
25308	9.073814	1.786619	-0.267529	-0.557162	0.143914	0.134129	0.050710	-0.074034	0.995966	-0.428287	0.899284	0.088654	-0.902219	-0.431054	0.013895
25309	9.148337	1.274628	-0.590144	-0.568447	0.083942	0.115864	0.050859	-0.072619	0.996062	-0.423238	0.901797	0.087357	-0.904590	-0.426014	0.015130
25310	9.226341	0.791835	-0.564394	-0.501300	0.025468	0.117259	0.050537	-0.071437	0.996164	-0.418780	0.903999	0.086073	-0.906680	-0.421523	0.015769
25311	9.464708	0.321576	-0.570505	-0.385572	-0.030209	0.127161	0.049694	-0.070405	0.996280	-0.415486	0.905645	0.084724	-0.908241	-0.418151	0.015752
25312	9.701744	0.147929	-0.474481	-0.203060	-0.067393	0.148701	0.048405	-0.069323	0.996419	-0.413737	0.906589	0.083172	-0.909109	-0.416281	0.015202
25313	9.901556	0.134856	-0.277681	-0.022358	-0.087177	0.164484	0.046870	-0.068191	0.996571	-0.413786	0.906719	0.081504	-0.909167	-0.416187	0.014281
25314	9.927697	0.197241	0.124390	0.119315	-0.115725	0.195011	0.044950	-0.066890	0.996747	-0.414983	0.906346	0.079537	-0.908718	-0.417208	0.012982
25315	9.900123	0.291619	0.381251	0.230384	-0.139854	0.239833	0.042740	-0.065235	0.996954	-0.417424	0.905432	0.077142	-0.907706	-0.419450	0.011467
25316	9.887618	0.465600	0.457395	0.319346	-0.154986	0.292123	0.040051	-0.063229	0.997195	-0.420465	0.904268	0.074224	-0.906425	-0.422258	0.009631
25317	9.708293	0.868416	0.073644	0.377576	-0.167695	0.338505	0.036946	-0.060848	0.997463	-0.423803	0.902984	0.070782	-0.905000	-0.425343	0.007574
25318	9.648839	1.501422	-0.144829	0.402031	-0.177169	0.357574	0.033762	-0.058363	0.997724	-0.427588	0.901472	0.067202	-0.903343	-0.428884	0.005480
25319	9.486915	1.869786	-0.174721	0.389006	-0.170465	0.371983	0.030506	-0.055757	0.997978	-0.431362	0.899944	0.063466	-0.901663	-0.432426	0.003402
25320	9.310071	1.802599	-0.129553	0.358714	-0.180538	0.378135	0.027182	-0.053125	0.998218	-0.434725	0.898585	0.059661	-0.900153	-0.435572	0.001331
25321	9.490919	1.507951	-0.294234	0.344951	-0.196691	0.373121	0.023799	-0.050599	0.998435	-0.438133	0.897170	0.055910	-0.898595	-0.438778	-0.000817
25322	9.656458	1.299618	-0.437946	0.376628	-0.203016	0.363381	0.020318	-0.048221	0.998630	-0.441616	0.895682	0.052235	-0.896974	-0.442073	-0.003097
25323	9.538378	1.339103	-0.342315	0.406419	-0.196616	0.375386	0.016845	-0.045721	0.998812	-0.445308	0.894066	0.048437	-0.895219	-0.445595	-0.005299
25324	9.301955	1.259652	-0.122184	0.433158	-0.213317	0.400538	0.013086	-0.043084	0.998986	-0.449264	0.892297	0.044368	-0.893303	-0.449388	-0.007680
25325	9.160166	1.076550	0.082910	0.415733	-0.236988	0.408260	0.008924	-0.040510	0.999139	-0.452734	0.890741	0.040159	-0.891601	-0.452702	-0.010391
25326	9.195344	0.922117	0.084902	0.404358	-0.262338	0.413644	0.004647	-0.038008	0.999267	-0.456385	0.889056	0.035939	-0.889770	-0.456217	-0.013215
25327	9.130937	0.752117	0.226254	0.419206	-0.290503	0.410830	0.000032	-0.035685	0.999363	-0.459887	0.887411	0.031702	-0.887977	-0.459595	-0.016383
25328	9.160009	0.673565	0.342387	0.448378	-0.346768	0.409155	-0.004994	-0.033646	0.999421	-0.463875	0.885474	0.027492	-0.885887	-0.463469	-0.020030
25329	9.422203	1.008658	0.303857	0.487592	-0.389198	0.391528	-0.010336	-0.032014	0.999434	-0.468272	0.883273	0.023450	-0.883524	-0.467765	-0.024120
25330	9.422939	1.728925	0.365039	0.493228	-0.409821	0.371542	-0.015761	-0.030649	0.999406	-0.472596	0.881062	0.019567	-0.881138	-0.472007	-0.028371
25331	9.146669	2.255585	0.520201	0.385578	-0.435286	0.364595	-0.021474	-0.029525	0.999333	-0.475855	0.879383	0.015756	-0.879262	-0.475199	-0.032934
25332	8.996033	2.168891	0.847701	0.208012	-0.465938	0.351771	-0.027307	-0.028640	0.999217	-0.477617	0.878484	0.012127	-0.878143	-0.476912	-0.037667
25333	9.142030	1.175157	1.016060	0.031641	-0.488940	0.333103	-0.033316	-0.028099	0.999050	-0.477833	0.878407	0.008771	-0.877819	-0.477087	-0.042691
25334	9.701444	0.022519	1.394978	-0.036287	-0.494857	0.315644	-0.039229	-0.027674	0.998847	-0.477420	0.878657	0.005594	-0.877799	-0.476650	-0.047681
25335	10.160406	-1.065014	1.690191	-0.056311	-0.457087	0.296839	-0.044787	-0.027286	0.998624	-0.476785	0.879016	0.002634	-0.877878	-0.476011	-0.052378
25336	10.650624	-2.386944	1.725799	-0.041671	-0.397743	0.284395	-0.049695	-0.026666	0.998408	-0.476304	0.879281	-0.000223	-0.877875	-0.475557	-0.056397
25337	10.346756	-3.420702	1.211116	-0.022651	-0.356408	0.287423	-0.054290	-0.025796	0.998192	-0.475852	0.879520	-0.003151	-0.877848	-0.475162	-0.060024
25338	9.821469	-3.001764	0.169032	0.012207	-0.382183	0.280383	-0.059040	-0.025134	0.997939	-0.475819	0.879523	-0.005998	-0.877559	-0.475193	-0.063886
25339	9.715316	-1.937483	-0.496567	0.022563	-0.391951	0.263488	-0.063694	-0.024662	0.997665	-0.476072	0.879364	-0.008656	-0.877097	-0.475511	-0.067751
25340	9.461397	-1.353632	-0.589392	0.003178	-0.391677	0.235970	-0.068313	-0.024438	0.997365	-0.475963	0.879396	-0.011053	-0.876808	-0.475464	-0.071706
25341	9.318389	-0.956298	-0.493988	-0.008039	-0.397373	0.209489	-0.072989	-0.024450	0.997033	-0.475559	0.879584	-0.013245	-0.876650	-0.475115	-0.075828
25342	9.440253	-0.616089	-0.687785	-0.019194	-0.430419	0.174760	-0.077654	-0.024945	0.996668	-0.475278	0.879708	-0.015013	-0.876402	-0.474860	-0.080169
25343	9.730264	-0.243583	-0.920126	-0.038976	-0.481053	0.144232	-0.082667	-0.025966	0.996239	-0.474886	0.879893	-0.016472	-0.876156	-0.474462	-0.085069
25344	10.034963	0.141021	-1.299387	-0.104178	-0.539997	0.100844	-0.087938	-0.027626	0.995743	-0.473906	0.880403	-0.017427	-0.876174	-0.473421	-0.090513
25345	9.627800	0.236489	-1.673220	-0.164402	-0.620985	0.086190	-0.093872	-0.029799	0.995138	-0.472505	0.881140	-0.018186	-0.876315	-0.471915	-0.096794
25346	9.335832	0.280539	-1.815230	-0.232375	-0.737648	0.076887	-0.100761	-0.032582	0.994377	-0.470412	0.882248	-0.018759	-0.876676	-0.469657	-0.104223
25347	8.935253	-0.127877	-1.785263	-0.291997	-0.830047	0.070476	-0.108466	-0.035901	0.993452	-0.467907	0.883570	-0.019157	-0.877096	-0.466921	-0.112636
25348	9.075211	-0.894174	-1.460036	-0.299391	-0.921447	0.063849	-0.116909	-0.039613	0.992352	-0.465226	0.884977	-0.019482	-0.877438	-0.463946	-0.121891
25349	9.518330	-1.633836	-1.191177	-0.228213	-0.970003	0.053685	-0.125653	-0.043626	0.991115	-0.463389	0.885935	-0.019752	-0.877201	-0.461754	-0.131536
25350	9.839962	-1.779395	-1.151918	-0.116862	-0.995871	0.044909	-0.134654	-0.047806	0.989739	-0.462324	0.886484	-0.020080	-0.876428	-0.460283	-0.141470
25351	9.915271	-1.522492	-1.017008	-0.001701	-0.996288	0.028076	-0.143446	-0.052264	0.988277	-0.462793	0.886234	-0.020305	-0.874783	-0.460280	-0.151315
25352	10.006661	-0.989273	-0.582717	0.117192	-0.984690	0.019669	-0.152202	-0.056613	0.986727	-0.463805	0.885695	-0.020726	-0.872766	-0.460803	-0.161062
25353	9.697652	-0.582402	-0.237595	0.182748	-0.961242	0.009138	-0.160589	-0.061047	0.985132	-0.465765	0.884657	-0.021105	-0.870215	-0.462229	-0.170499
25354	9.385663	-0.616374	0.060192	0.170181	-0.955569	0.005248	-0.168978	-0.065409	0.983447	-0.467251	0.883863	-0.021498	-0.867826	-0.463150	-0.179916
25355	9.288243	-1.002243	0.203234	0.154398	-0.941174	0.000867	-0.177205	-0.069825	0.981694	-0.468781	0.883045	-0.021811	-0.865357	-0.464065	-0.189213
25356	9.198672	-1.348180	0.293202	0.162437	-0.937428	-0.005547	-0.185340	-0.074216	0.979868	-0.470211	0.882277	-0.022115	-0.862874	-0.464843	-0.198418
25357	9.220791	-1.507928	0.373597	0.176139	-0.927155	-0.004391	-0.193447	-0.078508	0.977965	-0.471788	0.881423	-0.022565	-0.860229	-0.465757	-0.207548
25358	9.149837	-1.364823	0.654966	0.202668	-0.915574	0.008820	-0.201413	-0.082688	0.976010	-0.473527	0.880476	-0.023125	-0.857441	-0.466824	-0.216494
25359	9.057943	-1.119017	0.859426	0.210449	-0.919156	0.015636	-0.209473	-0.086834	0.973951	-0.475363	0.879467	-0.023828	-0.854489	-0.467972	-0.225502
25360	9.084881	-0.590916	0.903085	0.176884	-0.931863	0.008147	-0.217521	-0.091115	0.971794	-0.476869	0.878637	-0.024359	-0.851634	-0.468716	-0.234572
25361	9.340811	-0.135615	0.735945	0.114324	-0.907677	-0.008295	-0.225278	-0.095442	0.969609	-0.478075	0.877973	-0.024653	-0.848937	-0.469099	-0.243416
25362	9.620362	0.287521	0.336425	0.040901	-0.882165	-0.029142	-0.232678	-0.099822	0.967417	-0.478502	0.877744	-0.024517	-0.846698	-0.468616	-0.251997
25363	9.998317	0.455549	-0.236974	-0.062203	-0.882919	-0.056712	-0.240053	-0.104529	0.965116	-0.478207	0.877923	-0.023859	-0.844803	-0.467253	-0.260734
25364	10.416947	0.291065	-0.438634	-0.148599	-0.880944	-0.074895	-0.247191	-0.109281	0.962785	-0.477149	0.878527	-0.022789	-0.843342	-0.465025	-0.269307
25365	10.563572	0.151442	-0.610552	-0.205620	-0.895420	-0.077120	-0.254452	-0.114274	0.960310	-0.475910	0.879232	-0.021475	-0.841881	-0.462485	-0.278106
25366	10.508432	0.068621	-0.745469	-0.238861	-0.902639	-0.070543	-0.261770	-0.119043	0.957760	-0.474095	0.880243	-0.020169	-0.840661	-0.459349	-0.286859
25367	10.344320	-0.019779	-1.299028	-0.296921	-0.912282	-0.073108	-0.269066	-0.123914	0.955117	-0.472133	0.881330	-0.018663	-0.839461	-0.455964	-0.295640
25368	10.284937	-0.040773	-2.021405	-0.319255	-0.932638	-0.075638	-0.276593	-0.128803	0.952316	-0.469673	0.882676	-0.017029	-0.838393	-0.451988	-0.304638
25369	10.441559	-0.030744	-1.941709	-0.290290	-0.968510	-0.076283	-0.284448	-0.133836	0.949304	-0.467673	0.883765	-0.015537	-0.836882	-0.448383	-0.313976
25370	10.664037	-0.051532	-1.578420	-0.259935	-1.003211	-0.086143	-0.292492	-0.139064	0.946102	-0.465760	0.884801	-0.013938	-0.835174	-0.444734	-0.323568
25371	10.803431	-0.145549	-1.436596	-0.270814	-1.034949	-0.110716	-0.300656	-0.144765	0.942682	-0.464174	0.885662	-0.012034	-0.833156	-0.441186	-0.333475
25372	10.858081	-0.260532	-1.436315	-0.323882	-1.042879	-0.129870	-0.308793	-0.150480	0.939150	-0.461885	0.886886	-0.009762	-0.831450	-0.436794	-0.343369
25373	10.816508	-0.417363	-1.420142	-0.381694	-1.063504	-0.155503	-0.316871	-0.156504	0.935467	-0.459552	0.888123	-0.007081	-0.829702	-0.432139	-0.353342
25374	11.215784	-0.578205	-1.200574	-0.385800	-1.048255	-0.192847	-0.324735	-0.162707	0.931705	-0.456983	0.889467	-0.003945	-0.828078	-0.427055	-0.363196
25375	11.769470	-0.606615	-0.377479	-0.288982	-1.008581	-0.216765	-0.332183	-0.168961	0.927958	-0.455488	0.890242	-0.000958	-0.825945	-0.422992	-0.372683
25376	12.181737	-0.697022	0.803378	-0.206116	-0.938335	-0.217873	-0.338990	-0.174839	0.924401	-0.454529	0.890730	0.001789	-0.823705	-0.419561	-0.381418
25377	12.330816	-0.959385	1.904689	-0.123198	-0.837522	-0.198289	-0.345114	-0.180180	0.921103	-0.454405	0.890786	0.003996	-0.821226	-0.417175	-0.389298
25378	12.189153	-1.287571	3.104101	-0.056374	-0.718332	-0.164015	-0.350319	-0.184617	0.918256	-0.454523	0.890717	0.005677	-0.818954	-0.415379	-0.395947
25379	12.264921	-1.784841	4.361551	-0.041889	-0.612619	-0.141870	-0.354685	-0.188520	0.915783	-0.455051	0.890437	0.007060	-0.816778	-0.414224	-0.401611
25380	13.095100	-2.298067	5.823465	-0.070312	-0.502734	-0.143743	-0.358192	-0.191863	0.913722	-0.454999	0.890450	0.008611	-0.815276	-0.412659	-0.406250
25381	14.619976	-2.431777	7.479425	-0.046006	-0.312446	-0.142683	-0.360260	-0.194372	0.912377	-0.455231	0.890318	0.009921	-0.814235	-0.411768	-0.409230
25382	16.029074	-1.534329	9.790541	0.103485	0.121433	-0.093253	-0.358904	-0.194686	0.912844	-0.456418	0.889706	0.010301	-0.814168	-0.412942	-0.408178
25383	15.458147	-0.349893	12.707068	0.142235	0.953311	-0.019481	-0.351064	-0.190822	0.916701	-0.457926	0.888938	0.009673	-0.816736	-0.416385	-0.399456
25384	12.864879	0.334834	11.375237	-0.124717	1.480907	0.000712	-0.338989	-0.184621	0.922497	-0.456912	0.889455	0.010108	-0.822386	-0.418074	-0.385871
25385	11.735773	2.092540	8.547466	-0.273719	1.614356	-0.125402	-0.324817	-0.178926	0.928698	-0.455706	0.890048	0.012094	-0.828749	-0.419285	-0.370640
25386	11.108275	3.959922	5.776844	-0.509459	1.677883	-0.208649	-0.309959	-0.173747	0.934739	-0.452139	0.891807	0.015838	-0.836358	-0.417723	-0.354982
25387	10.774075	4.821952	2.841481	-0.768636	1.670779	-0.280611	-0.294516	-0.169144	0.940559	-0.447109	0.894237	0.020811	-0.844603	-0.414403	-0.338993
25388	11.256775	5.548744	1.193933	-1.008777	1.675640	-0.315626	-0.278945	-0.165064	0.946015	-0.439461	0.897853	0.027079	-0.853852	-0.408183	-0.322991
25389	12.289395	5.580529	0.327147	-1.339950	1.720228	-0.290237	-0.262794	-0.160798	0.951359	-0.429247	0.902548	0.033977	-0.864110	-0.399439	-0.306206
25390	12.868640	4.560587	-0.770105	-1.690229	1.806418	-0.261841	-0.246032	-0.156048	0.956618	-0.415225	0.908774	0.041452	-0.875818	-0.387013	-0.288382
25391	13.618693	3.406358	-1.945113	-1.990466	1.813352	-0.244878	-0.228904	-0.151285	0.961621	-0.398673	0.915774	0.049172	-0.888067	-0.372117	-0.269938
25392	15.231300	2.419379	-2.886139	-2.239200	1.763330	-0.236214	-0.212273	-0.147033	0.966086	-0.379185	0.923548	0.057243	-0.900643	-0.354174	-0.251797
25393	16.162517	1.605117	-3.526726	-2.340536	1.828730	-0.174563	-0.194813	-0.142263	0.970468	-0.358897	0.931149	0.064454	-0.912820	-0.335741	-0.232458
25394	16.161935	0.467689	-4.715437	-2.213058	1.938844	0.018598	-0.177128	-0.135731	0.974784	-0.338556	0.938402	0.069146	-0.924124	-0.317771	-0.212169
25395	16.572856	-0.701659	-5.064711	-1.854092	1.943816	0.271283	-0.159685	-0.127172	0.978942	-0.321661	0.944249	0.070196	-0.933293	-0.303678	-0.191688
25396	18.071257	-1.631375	-4.139621	-1.374070	2.019614	0.519382	-0.142454	-0.116203	0.982957	-0.308025	0.948977	0.067546	-0.940653	-0.293153	-0.170979
25397	18.733051	-3.084604	-4.307667	-0.746160	2.272884	0.749615	-0.123048	-0.102218	0.987122	-0.300657	0.951775	0.061080	-0.945761	-0.289269	-0.147846
25398	17.109698	-5.265418	-4.651681	-0.115713	2.622215	0.890754	-0.100930	-0.086104	0.991161	-0.298589	0.952943	0.052379	-0.949030	-0.290663	-0.121890
25399	15.272021	-3.954188	-4.860254	0.861418	2.673919	0.917708	-0.078175	-0.069184	0.994536	-0.306492	0.950944	0.042060	-0.948658	-0.301529	-0.095544
25400	14.686650	-2.243991	-4.967944	1.350805	2.824872	0.827598	-0.054053	-0.052578	0.997153	-0.318773	0.947268	0.032668	-0.946289	-0.316100	-0.067963
25401	12.881556	0.673355	-3.806030	1.560779	3.120183	0.530071	-0.026092	-0.037038	0.998973	-0.333861	0.942258	0.026215	-0.942261	-0.332834	-0.036951
25402	12.666248	1.958736	-4.050685	1.300840	3.099958	0.262518	0.002107	-0.024023	0.999709	-0.346093	0.937912	0.023267	-0.938198	-0.346042	-0.006338
25403	12.809866	4.873360	-3.636512	0.941559	3.166877	0.166046	0.031302	-0.010738	0.999452	-0.355312	0.934508	0.021168	-0.934224	-0.355780	0.025437
25404	11.842362	4.052193	-3.780747	0.358896	3.152480	0.147520	0.060128	0.001936	0.998189	-0.358762	0.933219	0.019800	-0.931491	-0.359302	0.056807
25405	10.917299	3.548678	-3.819834	-0.123171	3.029680	0.233404	0.087772	0.015678	0.996017	-0.358436	0.933401	0.016894	-0.929419	-0.358492	0.087546
25406	9.574335	2.074358	-4.613411	-0.410056	2.891540	0.402046	0.113135	0.029760	0.993134	-0.355069	0.934758	0.012438	-0.927969	-0.354038	0.116321
25407	8.762784	0.722755	-4.784239	-0.579234	2.724572	0.558233	0.136705	0.045037	0.989587	-0.350890	0.936398	0.005857	-0.926384	-0.348038	0.143813
25408	7.865373	-1.014954	-4.969975	-0.382880	2.592182	0.637399	0.158403	0.059993	0.985550	-0.348328	0.937372	-0.001075	-0.923892	-0.343124	0.169380
25409	7.202227	-1.426969	-4.557297	-0.259780	2.418856	0.654326	0.178620	0.075113	0.981047	-0.347488	0.937646	-0.008522	-0.920515	-0.339380	0.193583
25410	6.518286	-1.998670	-4.273586	-0.014147	2.253207	0.638885	0.197035	0.088754	0.976371	-0.348599	0.937154	-0.014841	-0.916327	-0.337438	0.215592
25411	5.581580	-1.542598	-4.266963	0.299454	2.126568	0.594108	0.214601	0.102195	0.971341	-0.353048	0.935382	-0.020412	-0.910661	-0.338550	0.236813
25412	4.535502	-1.498698	-4.782015	0.629746	2.033013	0.483353	0.231268	0.113658	0.966228	-0.359883	0.932700	-0.023576	-0.903880	-0.342276	0.256607
25413	4.122363	-1.127546	-5.257315	1.001745	1.940393	0.345208	0.247650	0.124317	0.960841	-0.369995	0.928703	-0.024795	-0.895418	-0.349366	0.275990
25414	3.923299	-0.298048	-5.408607	1.416940	1.947080	0.189560	0.264216	0.133006	0.955248	-0.383140	0.923414	-0.022600	-0.885095	-0.360022	0.294941
25415	3.844815	0.972228	-5.188340	1.854291	1.955805	0.079469	0.281220	0.141538	0.949148	-0.399823	0.916412	-0.018194	-0.872386	-0.374374	0.314304
25416	3.765594	2.291584	-4.452772	2.151541	1.953120	-0.025102	0.298166	0.148812	0.942843	-0.418411	0.908191	-0.011024	-0.857922	-0.391209	0.333056
25417	3.829631	2.640379	-3.406113	2.228589	1.886156	-0.117286	0.314822	0.155893	0.936261	-0.437116	0.899401	-0.002774	-0.842506	-0.408381	0.351295
25418	3.906096	1.810471	-2.464415	1.995596	1.726900	-0.176175	0.329976	0.161524	0.930068	-0.453263	0.891356	0.006011	-0.828051	-0.423549	0.367339
25419	4.381874	0.620296	-1.014971	1.619025	1.537792	-0.176559	0.343593	0.166960	0.924158	-0.465871	0.884751	0.013366	-0.815419	-0.435131	0.381776
25420	5.070182	-0.133042	-0.014241	1.340963	1.447198	-0.086090	0.355662	0.172589	0.918541	-0.476476	0.878975	0.019338	-0.804037	-0.444540	0.394852
25421	5.266278	-0.696406	0.346958	1.282665	1.453994	0.021537	0.367203	0.179662	0.912624	-0.486863	0.873148	0.024004	-0.792544	-0.453138	0.408094
25422	4.675009	-0.382609	0.644227	1.480783	1.378074	0.056052	0.377708	0.186488	0.906950	-0.498764	0.866233	0.029599	-0.780110	-0.463534	0.420196
25423	4.483011	-0.085990	1.147519	1.723679	1.110305	-0.009219	0.386374	0.191832	0.902173	-0.511877	0.858273	0.036724	-0.767266	-0.475991	0.429809
25424	5.229343	0.624348	2.238054	1.919586	0.852171	-0.100810	0.393323	0.195112	0.898459	-0.526133	0.849162	0.045922	-0.753977	-0.490771	0.436650
25425	6.271935	0.931720	3.732796	1.941621	0.735582	-0.197105	0.399916	0.197340	0.895056	-0.540098	0.839725	0.056177	-0.740515	-0.505884	0.442402
25426	7.513979	1.584273	5.126558	1.835801	0.663354	-0.278833	0.406253	0.198433	0.891955	-0.552499	0.830832	0.066808	-0.727807	-0.519945	0.447162
25427	8.783828	2.394577	6.095295	1.586753	0.597547	-0.324949	0.412385	0.199092	0.888989	-0.562857	0.822980	0.076790	-0.716331	-0.532040	0.451445
25428	9.161081	3.255038	6.637436	1.425053	0.456681	-0.311097	0.417343	0.199014	0.886690	-0.571750	0.815910	0.085980	-0.706348	-0.542848	0.454300
25429	9.061777	3.518494	8.049831	1.330444	0.226204	-0.179653	0.419957	0.198910	0.885478	-0.580404	0.808937	0.093553	-0.697687	-0.553223	0.455167
25430	9.271228	2.567680	9.812264	1.134960	0.070359	0.015560	0.420298	0.199444	0.885196	-0.588395	0.802545	0.098553	-0.690754	-0.562267	0.454660
25431	9.619404	1.345271	10.999065	0.708143	0.056976	0.153338	0.419739	0.201087	0.885089	-0.594020	0.798165	0.100366	-0.686265	-0.567888	0.454471
25432	9.699346	1.286974	10.511286	0.263968	0.096031	0.245603	0.418879	0.203607	0.884921	-0.596905	0.796135	0.099367	-0.684284	-0.569837	0.455018
25433	9.202916	2.299247	9.414355	-0.117871	0.136656	0.375657	0.417513	0.207508	0.884660	-0.597788	0.795955	0.095424	-0.684348	-0.568680	0.456367
25434	8.038925	2.612837	8.527499	-0.638693	0.090664	0.457750	0.415348	0.211686	0.884689	-0.595359	0.798579	0.088430	-0.687775	-0.563437	0.457717
25435	6.285394	2.209526	6.782140	-1.246306	-0.162344	0.455392	0.411516	0.214669	0.885761	-0.588873	0.804391	0.078636	-0.695617	-0.553961	0.457432
25436	6.480376	1.094441	4.380539	-1.800970	-0.605360	0.513055	0.404214	0.215522	0.888910	-0.578368	0.813113	0.065857	-0.708591	-0.540737	0.453323
25437	12.084146	-0.314107	3.056684	-1.761418	-0.854659	0.598481	0.394627	0.216076	0.893074	-0.568461	0.821031	0.052543	-0.721888	-0.528413	0.446831
25438	20.454555	-1.114792	3.982202	-1.002952	-0.817230	0.588345	0.385304	0.216645	0.896998	-0.563518	0.824994	0.042804	-0.730745	-0.521967	0.439957
25439	23.726723	-1.510631	7.872811	0.133633	-0.741991	0.653245	0.376151	0.218359	0.900461	-0.567220	0.822715	0.037440	-0.732647	-0.524842	0.433322
25440	16.140012	-5.909330	10.176326	0.955826	-0.505360	0.994400	0.366707	0.223847	0.903005	-0.577946	0.815425	0.032565	-0.729044	-0.533830	0.428393
25441	10.482921	-8.543909	3.105892	1.817799	-0.994146	1.207561	0.352346	0.228417	0.907567	-0.595659	0.802705	0.029228	-0.721833	-0.550899	0.418888
25442	9.171539	-2.440438	-3.408359	2.539755	-0.987672	1.212462	0.337858	0.232510	0.912026	-0.618070	0.785599	0.028684	-0.709817	-0.573387	0.409129
25443	5.287475	4.089860	-7.646435	2.507880	-0.874904	1.088091	0.324799	0.236040	0.915855	-0.639464	0.768282	0.028773	-0.696844	-0.595002	0.400477
25444	3.717795	8.517121	-8.100669	1.844792	-1.079067	0.922506	0.311294	0.236569	0.920397	-0.655219	0.754936	0.027565	-0.688320	-0.611642	0.390012
25445	4.606338	8.532272	-4.087467	0.703027	-1.181100	0.709271	0.298431	0.234747	0.925112	-0.662348	0.748823	0.023653	-0.687193	-0.619805	0.378956
25446	8.292634	3.383768	-0.188949	-0.294571	-1.325821	0.622784	0.285097	0.231200	0.930197	-0.662174	0.749163	0.016747	-0.692997	-0.620727	0.366679
25447	11.146417	-2.499842	-1.158774	-0.926534	-1.503017	0.625403	0.270420	0.226655	0.935682	-0.657522	0.753397	0.007530	-0.703234	-0.617268	0.352764
25448	11.433065	-5.489389	-2.718826	-1.030163	-1.609024	0.738937	0.254117	0.222353	0.941267	-0.652201	0.758041	-0.002993	-0.714184	-0.613134	0.337649
25449	11.238548	-5.463862	-2.372007	-0.635993	-1.723326	0.902206	0.235811	0.218708	0.946869	-0.649942	0.759861	-0.013650	-0.722474	-0.612191	0.321331
25450	10.709585	-3.264864	-0.916613	-0.279950	-1.696171	0.908315	0.217544	0.215224	0.952026	-0.650011	0.759571	-0.023185	-0.728122	-0.613783	0.305138
25451	9.243077	-1.907942	0.347806	-0.083398	-1.511080	0.771231	0.201443	0.211839	0.956318	-0.651089	0.758374	-0.030844	-0.731781	-0.616435	0.290695
25452	8.421469	-1.362341	0.862637	0.192395	-1.415769	0.575992	0.187253	0.207455	0.960156	-0.653657	0.755941	-0.035853	-0.733259	-0.620899	0.277156
25453	8.979109	-0.917825	0.322653	0.457148	-1.407461	0.407182	0.174215	0.201796	0.963809	-0.657823	0.752183	-0.038582	-0.732747	-0.627294	0.263788
25454	10.457694	0.343851	0.133183	0.444712	-1.435497	0.365675	0.161226	0.195503	0.967360	-0.661732	0.748618	-0.041007	-0.732200	-0.633521	0.250067
25455	10.340315	0.877349	-0.220179	0.275619	-1.424570	0.328082	0.148568	0.188938	0.970685	-0.664327	0.746172	-0.043560	-0.732528	-0.638381	0.236374
25456	9.096040	1.672240	-0.088194	-0.071816	-1.543575	0.330879	0.134980	0.181546	0.974075	-0.664305	0.745983	-0.046980	-0.735173	-0.640742	0.221295
25457	8.866332	2.589528	0.102119	-0.662751	-1.657945	0.330044	0.120505	0.173431	0.977446	-0.659881	0.749592	-0.051649	-0.741644	-0.638774	0.204774
25458	9.449231	0.993475	-0.115172	-1.185805	-1.768093	0.335648	0.105042	0.164729	0.980730	-0.651443	0.756531	-0.057298	-0.751391	-0.632871	0.186779
25459	9.061563	-1.005746	-0.076768	-1.257112	-1.677063	0.294122	0.090413	0.156416	0.983544	-0.642257	0.763941	-0.062452	-0.761138	-0.626042	0.169529
25460	8.820806	-2.831659	-0.107372	-1.140313	-1.687838	0.224461	0.075999	0.147636	0.986118	-0.633749	0.770671	-0.066538	-0.769796	-0.619895	0.152135
25461	9.150988	-3.273188	0.062340	-0.880866	-1.661681	0.157325	0.062113	0.138597	0.988399	-0.627078	0.775860	-0.069387	-0.776476	-0.615494	0.135102
25462	8.974584	-3.151372	0.617216	-0.662461	-1.603567	0.074869	0.049092	0.129347	0.990383	-0.621993	0.779796	-0.071012	-0.781482	-0.612526	0.118735
25463	9.849292	-1.444015	0.245523	-0.467408	-1.608978	0.065110	0.036035	0.120028	0.992116	-0.618398	0.782540	-0.072212	-0.785039	-0.610920	0.102425
25464	10.731568	-1.293523	0.285103	-0.405685	-1.508685	0.116380	0.023390	0.111749	0.993461	-0.615275	0.784851	-0.073797	-0.787966	-0.609525	0.087114
25465	9.451767	-1.915212	0.326324	-0.191475	-1.334815	0.107749	0.012149	0.104474	0.994453	-0.613820	0.785869	-0.075062	-0.789352	-0.609504	0.073676
25466	9.250190	-1.381640	0.838485	-0.059443	-1.319766	0.081881	0.001165	0.097082	0.995276	-0.613388	0.786120	-0.075962	-0.789781	-0.610402	0.060465
25467	9.435239	-1.004864	1.003609	-0.090743	-1.245800	0.052981	-0.009055	0.089911	0.995909	-0.612707	0.786591	-0.076584	-0.790258	-0.610894	0.047966
25468	9.038449	-0.877318	1.084253	-0.118389	-1.204035	0.031971	-0.018830	0.082821	0.996387	-0.611798	0.787257	-0.077000	-0.790790	-0.611037	0.035845
25469	8.973055	-0.711246	1.054349	-0.154517	-1.208309	0.047306	-0.028731	0.075833	0.996707	-0.610605	0.788128	-0.077564	-0.791414	-0.610822	0.023660
25470	8.666815	-0.717605	0.534819	-0.243989	-1.244906	0.061237	-0.039024	0.068732	0.996872	-0.608682	0.789545	-0.078266	-0.792454	-0.609832	0.011025
25471	8.469957	-0.834948	-0.043517	-0.323230	-1.307489	0.068889	-0.049864	0.061338	0.996871	-0.606130	0.791431	-0.079016	-0.793801	-0.608173	-0.002285
25472	8.222219	-1.079482	-0.520073	-0.405826	-1.386668	0.068250	-0.061357	0.053477	0.996682	-0.602896	0.793828	-0.079708	-0.795457	-0.605787	-0.016466
25473	8.237422	-1.207967	-1.036178	-0.445365	-1.514162	0.042609	-0.073721	0.044688	0.996277	-0.599362	0.796463	-0.080076	-0.797076	-0.603034	-0.031932
25474	8.558191	-1.223488	-1.221400	-0.433579	-1.642689	0.013537	-0.086967	0.034928	0.995599	-0.595921	0.799040	-0.080087	-0.798320	-0.600263	-0.048675
25475	8.922491	-0.959840	-0.687088	-0.333054	-1.743116	-0.008264	-0.100889	0.024440	0.994597	-0.593308	0.801004	-0.079866	-0.798628	-0.598160	-0.066312
25476	9.240502	-0.334844	0.393208	-0.208199	-1.802936	-0.024040	-0.115199	0.013490	0.993251	-0.591699	0.802227	-0.079522	-0.797886	-0.596866	-0.084434
25477	9.529101	0.194612	1.284760	-0.221481	-1.817192	-0.052672	-0.129430	0.002260	0.991586	-0.590036	0.803518	-0.078848	-0.796935	-0.595277	-0.102666
25478	9.488527	0.315440	2.298716	-0.357738	-1.757603	-0.093501	-0.142945	-0.008913	0.989691	-0.587338	0.805615	-0.077576	-0.796618	-0.592372	-0.120394
25479	9.263486	-0.180448	3.173692	-0.608265	-1.735414	-0.094579	-0.156271	-0.019885	0.987514	-0.582675	0.809152	-0.075913	-0.797539	-0.587263	-0.138033
25480	9.545655	-0.975541	3.357766	-0.772314	-1.688641	-0.082896	-0.169332	-0.030401	0.985090	-0.576668	0.813619	-0.074017	-0.799238	-0.580603	-0.155304
25481	10.099525	-1.368132	3.105570	-0.845319	-1.581243	-0.078213	-0.181577	-0.040123	0.982558	-0.570101	0.818420	-0.071935	-0.801258	-0.573219	-0.171481
25482	10.408697	-0.961728	2.918678	-0.815867	-1.431110	-0.059995	-0.192778	-0.048749	0.980031	-0.563691	0.823019	-0.069943	-0.803175	-0.565918	-0.186139
25483	10.321988	-0.506413	2.861293	-0.838097	-1.313175	-0.024597	-0.203232	-0.056283	0.977512	-0.557079	0.827657	-0.068166	-0.805208	-0.558405	-0.199561
25484	10.257982	-0.438007	2.234719	-0.950049	-1.250972	0.016873	-0.213474	-0.063056	0.974912	-0.549404	0.832912	-0.066430	-0.807827	-0.549801	-0.212448
25485	10.138386	-0.698943	1.401672	-1.067198	-1.236298	0.049798	-0.223774	-0.069318	0.972173	-0.540753	0.838692	-0.064670	-0.810870	-0.540177	-0.225162
25486	10.407389	-1.015222	0.862246	-1.139963	-1.245802	0.045591	-0.234199	-0.075578	0.969246	-0.531408	0.844805	-0.062530	-0.814098	-0.529710	-0.238015
25487	10.837879	-1.410068	0.544095	-1.121377	-1.202007	0.033556	-0.244195	-0.081533	0.966292	-0.522292	0.850638	-0.060216	-0.817056	-0.519391	-0.250306
