// General information: 
//  MT Manager version: 2022.2.0 
//  XDA version: 2022.2.0 build 7381 rev 124627 built on 2023-07-19
// Device information: 
//  DeviceId: 00B4CAF0
//  ProductCode: MTW2-3A7G6
//  Firmware Version: 4.6.0
//  Hardware Version: 2.0.0
// Device settings: 
//  Filter Profile: human(46.1)
//  Option Flags: Orientation Smoother Disabled, Position/Velocity Smoother Disabled, Continuous Zero Rotation Update Disabled, AHS Disabled, ICC Disabled
// Coordinate system: ENU
PacketCounter	Acc_X	Acc_Y	Acc_Z	Gyr_X	Gyr_Y	Gyr_Z	Mat[1][1]	Mat[2][1]	Mat[3][1]	Mat[1][2]	Mat[2][2]	Mat[3][2]	Mat[1][3]	Mat[2][3]	Mat[3][3]
21159	5.421419	-3.062416	8.024856	0.008163	0.008326	-0.002168	0.788829	0.304638	0.533802	-0.159356	0.940191	-0.301074	-0.593595	0.152432	0.790196
21160	5.409116	-3.025937	8.056589	0.009279	0.004346	-0.000199	0.788841	0.304625	0.533792	-0.159384	0.940205	-0.301017	-0.593571	0.152377	0.790224
21161	5.446906	-3.008780	8.014138	0.003763	0.005126	0.001072	0.788827	0.304706	0.533767	-0.159556	0.940205	-0.300926	-0.593544	0.152213	0.790276
21162	5.414252	-3.042692	8.041970	0.008961	0.005714	-0.004387	0.788853	0.304651	0.533759	-0.159550	0.940231	-0.300849	-0.593510	0.152164	0.790311
21163	5.419840	-3.059645	8.026979	0.009121	0.005030	-0.002293	0.788803	0.304674	0.533819	-0.159620	0.940243	-0.300773	-0.593558	0.152043	0.790299
21164	5.450268	-3.000958	8.049588	0.010765	0.005426	-0.002457	0.788825	0.304638	0.533808	-0.159640	0.940265	-0.300692	-0.593523	0.151976	0.790337
21165	5.424176	-3.016368	8.020936	0.010765	0.005426	-0.002457	0.788915	0.304498	0.533755	-0.159545	0.940307	-0.300613	-0.593430	0.152000	0.790403
21166	5.435629	-3.051169	7.990449	0.008750	0.006357	-0.002951	0.788943	0.304455	0.533738	-0.159549	0.940328	-0.300545	-0.593391	0.151956	0.790440
21167	5.435240	-3.049864	7.991213	0.017398	0.007053	-0.006643	0.789037	0.304219	0.533733	-0.159332	0.940392	-0.300461	-0.593325	0.152034	0.790475
21168	5.407828	-3.041552	8.011981	0.011937	0.001489	-0.004018	0.789038	0.304174	0.533758	-0.159346	0.940421	-0.300363	-0.593320	0.151946	0.790496
21169	5.412755	-2.998881	8.005282	0.014482	0.004934	-0.005660	0.789138	0.303997	0.533711	-0.159241	0.940479	-0.300236	-0.593215	0.151939	0.790576
21170	5.433263	-3.022662	8.042371	0.008064	0.002665	-0.002912	0.789144	0.303960	0.533723	-0.159241	0.940499	-0.300175	-0.593207	0.151890	0.790591
21171	5.433006	-3.021689	8.042911	0.012412	0.005823	-0.002623	0.789089	0.304027	0.533766	-0.159415	0.940513	-0.300036	-0.593233	0.151664	0.790615
21172	5.443509	-2.997139	8.020806	0.010024	0.008079	-0.003774	0.789128	0.303974	0.533738	-0.159420	0.940539	-0.299954	-0.593179	0.151613	0.790665
21173	5.421651	-3.007288	8.026050	0.006363	0.008613	-0.004105	0.789170	0.303910	0.533713	-0.159406	0.940565	-0.299878	-0.593128	0.151578	0.790711
21174	5.394589	-3.058774	8.038706	0.008537	0.013384	-0.006405	0.789245	0.303824	0.533651	-0.159381	0.940596	-0.299794	-0.593035	0.151557	0.790785
21175	5.404858	-3.034026	8.016837	0.015173	0.008626	-0.005702	0.789233	0.303749	0.533712	-0.159344	0.940631	-0.299704	-0.593061	0.151492	0.790777
21176	5.435965	-3.034060	8.031466	0.011513	0.009159	-0.006033	0.789282	0.303673	0.533682	-0.159340	0.940665	-0.299599	-0.592996	0.151431	0.790837
21177	5.419315	-3.002396	8.029459	0.012684	0.005220	-0.007591	0.789353	0.303492	0.533681	-0.159205	0.940722	-0.299491	-0.592939	0.151439	0.790879
21178	5.424876	-3.019247	8.014583	0.006523	0.007930	-0.002012	0.789388	0.303456	0.533648	-0.159203	0.940737	-0.299446	-0.592892	0.151421	0.790918
21179	5.413326	-3.041905	8.038109	0.007853	0.009691	-0.006365	0.789382	0.303426	0.533675	-0.159227	0.940761	-0.299359	-0.592894	0.151333	0.790933
21180	5.434938	-3.088871	8.026257	0.012630	0.011564	-0.008951	0.789450	0.303319	0.533635	-0.159206	0.940806	-0.299229	-0.592809	0.151269	0.791009
21181	5.401983	-3.026654	8.021560	0.014546	0.004974	-0.009191	0.789413	0.303306	0.533697	-0.159314	0.940846	-0.299046	-0.592829	0.151045	0.791037
21182	5.454787	-3.015289	8.031525	0.016192	0.005371	-0.009355	0.789445	0.303205	0.533707	-0.159311	0.940897	-0.298885	-0.592787	0.150928	0.791090
21183	5.422998	-3.011914	8.018612	0.017524	0.007131	-0.013710	0.789524	0.302968	0.533725	-0.159149	0.940978	-0.298719	-0.592725	0.150904	0.791141
21184	5.438039	-2.980933	8.030549	0.016724	0.009745	-0.011496	0.789585	0.302839	0.533707	-0.159132	0.941036	-0.298543	-0.592648	0.150795	0.791220
21185	5.432398	-3.020376	8.039034	0.017355	0.013399	-0.008009	0.789704	0.302687	0.533618	-0.159112	0.941099	-0.298354	-0.592496	0.150707	0.791351
21186	5.405967	-3.035039	8.010982	0.015769	0.013039	-0.011379	0.789785	0.302554	0.533574	-0.159090	0.941156	-0.298186	-0.592394	0.150617	0.791444
21187	5.391773	-2.974119	8.092350	0.012851	0.010920	-0.010393	0.789897	0.302380	0.533506	-0.159021	0.941220	-0.298022	-0.592262	0.150568	0.791552
21188	5.445719	-2.986150	8.053323	0.016299	0.011033	-0.008625	0.789962	0.302277	0.533469	-0.159024	0.941270	-0.297864	-0.592175	0.150467	0.791636
21189	5.392042	-2.994159	8.045201	0.013696	0.013931	-0.008345	0.790069	0.302109	0.533405	-0.158937	0.941326	-0.297733	-0.592056	0.150452	0.791729
21190	5.444198	-2.982949	8.055538	0.012639	0.011564	-0.008959	0.790138	0.302002	0.533365	-0.158915	0.941371	-0.297602	-0.591970	0.150387	0.791805
21191	5.417840	-2.998353	8.027177	0.007428	0.010980	-0.003501	0.790169	0.301917	0.533366	-0.158836	0.941393	-0.297573	-0.591949	0.150416	0.791815
21192	5.389870	-2.990450	8.048036	0.013324	0.008878	-0.004108	0.790214	0.301859	0.533333	-0.158856	0.941425	-0.297463	-0.591884	0.150336	0.791879
21193	5.452659	-2.991915	8.076393	0.008663	0.007076	-0.008587	0.790166	0.301908	0.533376	-0.159025	0.941447	-0.297303	-0.591903	0.150099	0.791910
21194	5.400124	-2.964858	8.026458	0.007857	0.003313	-0.001476	0.790173	0.301883	0.533379	-0.159034	0.941462	-0.297251	-0.591891	0.150054	0.791927
21195	5.426393	-3.006797	8.048175	0.008544	0.007005	-0.001523	0.790229	0.301847	0.533317	-0.159087	0.941488	-0.297139	-0.591802	0.149964	0.792011
21196	5.447143	-2.995051	8.044276	0.006527	0.007932	-0.002020	0.790264	0.301810	0.533285	-0.159085	0.941503	-0.297094	-0.591755	0.149945	0.792049
21197	5.425839	-2.969647	8.008290	0.005784	0.010582	-0.003341	0.790449	0.301550	0.533158	-0.158824	0.941555	-0.297067	-0.591578	0.150138	0.792145
21198	5.435240	-2.981385	8.027489	0.008428	0.013312	0.000641	0.790513	0.301530	0.533076	-0.158853	0.941565	-0.297021	-0.591486	0.150118	0.792218
21199	5.441792	-2.910627	8.104043	-0.000638	0.014688	-0.005494	0.790614	0.301415	0.532990	-0.158754	0.941590	-0.296995	-0.591376	0.150194	0.792285
21200	5.415875	-2.987048	8.067367	-0.016216	0.019351	0.002442	0.790711	0.301403	0.532854	-0.158652	0.941557	-0.297154	-0.591275	0.150425	0.792317
21201	5.437897	-2.965117	7.972945	-0.022360	0.022848	-0.004681	0.790803	0.301361	0.532741	-0.158522	0.941534	-0.297296	-0.591187	0.150652	0.792340
21202	5.408207	-2.995661	8.034674	-0.022202	0.022168	-0.002586	0.790923	0.301297	0.532598	-0.158344	0.941507	-0.297476	-0.591073	0.150947	0.792369
21203	5.444726	-2.980812	7.992424	-0.022633	0.023457	0.000285	0.791066	0.301217	0.532431	-0.158148	0.941481	-0.297663	-0.590935	0.151268	0.792410
21204	5.492651	-2.779373	8.200153	-0.037125	0.024895	0.001032	0.791197	0.301183	0.532256	-0.157911	0.941420	-0.297980	-0.590823	0.151712	0.792409
21205	5.455958	-2.908210	8.135959	-0.109220	0.042726	0.008315	0.791318	0.301333	0.531991	-0.157491	0.941211	-0.298862	-0.590772	0.152711	0.792255
21206	5.458933	-2.899873	8.078421	-0.116569	0.043748	0.011149	0.791545	0.301365	0.531635	-0.156865	0.940997	-0.299862	-0.590635	0.153959	0.792115
21207	5.404813	-3.002307	8.010331	-0.117093	0.044953	0.021063	0.791776	0.301519	0.531204	-0.156417	0.940759	-0.300843	-0.590445	0.155111	0.792033
21208	5.410733	-3.025118	8.027683	-0.110541	0.046502	0.023937	0.791998	0.301666	0.530788	-0.155929	0.940513	-0.301863	-0.590275	0.156309	0.791923
21209	5.397021	-3.081545	8.000295	-0.098109	0.045947	0.026221	0.792160	0.301934	0.530395	-0.155694	0.940274	-0.302729	-0.590120	0.157230	0.791857
21210	5.401976	-3.043548	8.026614	-0.082504	0.040524	0.027455	0.792342	0.302122	0.530015	-0.155400	0.940059	-0.303545	-0.589953	0.158147	0.791798
21211	5.434442	-3.011572	8.033279	-0.075607	0.040738	0.031004	0.792515	0.302325	0.529641	-0.155156	0.939851	-0.304314	-0.589785	0.158997	0.791754
21212	5.441275	-2.995736	8.010652	-0.072216	0.040794	0.036305	0.792685	0.302596	0.529232	-0.154993	0.939625	-0.305095	-0.589600	0.159817	0.791726
21213	5.419324	-3.009557	8.049092	-0.074746	0.049302	0.040853	0.792952	0.302773	0.528730	-0.154696	0.939399	-0.305938	-0.589319	0.160801	0.791736
21214	5.631154	-2.837387	8.346850	-0.101451	0.056987	0.039969	0.793211	0.303051	0.528181	-0.154390	0.939113	-0.306969	-0.589050	0.161945	0.791703
21215	5.831457	-2.594124	8.247129	-0.227383	0.109688	0.060337	0.793726	0.303496	0.527153	-0.153628	0.938559	-0.309038	-0.588556	0.164306	0.791584
21216	5.571650	-2.960680	8.082672	-0.277385	0.160817	0.083208	0.794530	0.304004	0.525646	-0.152632	0.937845	-0.311689	-0.587729	0.167415	0.791547
21217	5.569147	-2.945976	8.269284	-0.287633	0.185016	0.088571	0.795481	0.304523	0.523904	-0.151683	0.937099	-0.314385	-0.586687	0.170620	0.791636
21218	5.690648	-2.715907	8.410660	-0.367317	0.237490	0.106377	0.796698	0.305104	0.521712	-0.150352	0.936139	-0.317866	-0.585377	0.174803	0.791693
21219	5.437118	-2.992476	8.175222	-0.417031	0.283664	0.126145	0.798241	0.305609	0.519051	-0.148702	0.935040	-0.321850	-0.583694	0.179730	0.791832
21220	5.235037	-3.184142	8.165594	-0.395964	0.291323	0.129717	0.799733	0.306285	0.516349	-0.147405	0.933921	-0.325674	-0.581978	0.184340	0.792035
21221	4.987027	-3.618375	7.805126	-0.361813	0.250476	0.144683	0.801010	0.307092	0.513884	-0.146388	0.932821	-0.329264	-0.580477	0.188517	0.792154
21222	5.007540	-3.629197	7.796889	-0.296801	0.194156	0.138443	0.801920	0.308009	0.511913	-0.145751	0.931829	-0.332342	-0.579380	0.191900	0.792145
21223	4.580148	-3.889789	7.779724	-0.228438	0.132595	0.119230	0.802489	0.308858	0.510509	-0.145379	0.931027	-0.334745	-0.578686	0.194412	0.792040
21224	4.816309	-3.894313	7.819647	-0.147232	0.082138	0.086606	0.802824	0.309498	0.509592	-0.145197	0.930470	-0.336369	-0.578266	0.196054	0.791942
21225	5.053535	-3.623984	7.828850	-0.100644	0.055861	0.055366	0.803041	0.309894	0.509010	-0.145038	0.930105	-0.337446	-0.578005	0.197157	0.791858
21226	5.081458	-3.514094	7.898025	-0.075746	0.048544	0.047498	0.803238	0.310235	0.508490	-0.144956	0.929806	-0.338304	-0.577751	0.198030	0.791826
21227	5.082382	-3.479712	7.892464	-0.051158	0.036301	0.036733	0.803390	0.310492	0.508093	-0.144947	0.929597	-0.338881	-0.577542	0.198607	0.791834
21228	5.097452	-3.393664	7.949761	-0.032879	0.021053	0.030638	0.803454	0.310730	0.507847	-0.144978	0.929434	-0.339314	-0.577446	0.198996	0.791806
21229	4.965101	-3.487674	7.886227	-0.017274	0.009442	0.022744	0.803491	0.310837	0.507722	-0.144937	0.929340	-0.339590	-0.577404	0.199270	0.791768
21230	4.867279	-3.614726	7.910818	0.023400	-0.022753	0.004559	0.803340	0.310920	0.507912	-0.145084	0.929370	-0.339444	-0.577578	0.198999	0.791709
21231	5.058558	-3.495495	7.895244	0.073539	-0.058492	-0.008164	0.802941	0.310985	0.508502	-0.145433	0.929538	-0.338834	-0.578044	0.198111	0.791591
21232	5.201206	-3.389364	8.026476	0.098671	-0.067274	-0.011860	0.802555	0.311003	0.509100	-0.145884	0.929767	-0.338009	-0.578467	0.197002	0.791560
21233	5.182121	-3.395431	7.995763	0.107064	-0.072323	-0.012692	0.802173	0.310935	0.509743	-0.146266	0.930028	-0.337126	-0.578900	0.195876	0.791522
21234	5.202166	-3.454157	8.037286	0.108574	-0.077580	-0.013666	0.801730	0.310954	0.510429	-0.146759	0.930280	-0.336214	-0.579389	0.194643	0.791469
21235	5.198886	-3.372184	8.029386	0.113709	-0.076208	-0.021119	0.801361	0.310842	0.511076	-0.147186	0.930579	-0.335201	-0.579791	0.193394	0.791481
21236	5.215345	-3.375160	8.047394	0.113062	-0.073524	-0.022432	0.800953	0.310769	0.511758	-0.147637	0.930864	-0.334208	-0.580239	0.192131	0.791460
21237	5.240814	-3.273676	8.103830	0.104659	-0.074020	-0.025976	0.800557	0.310687	0.512428	-0.148077	0.931148	-0.333220	-0.580673	0.190883	0.791443
21238	5.454430	-3.161895	8.330395	0.064214	-0.054132	-0.019306	0.800258	0.310604	0.512945	-0.148270	0.931329	-0.332630	-0.581037	0.190135	0.791356
21239	5.973156	-2.693777	8.687633	-0.057018	0.010354	0.007196	0.800361	0.310548	0.512817	-0.147874	0.931213	-0.333129	-0.580995	0.190791	0.791229
21240	5.763908	-2.983242	8.463778	-0.215240	0.119243	0.049750	0.800967	0.310777	0.511732	-0.146997	0.930644	-0.335103	-0.580383	0.193183	0.791098
21241	5.438592	-3.219620	8.278449	-0.276694	0.169550	0.077786	0.801925	0.311014	0.510085	-0.145838	0.929886	-0.337702	-0.579351	0.196422	0.791057
21242	5.961471	-2.947824	8.641669	-0.344708	0.226126	0.100807	0.803074	0.311497	0.507978	-0.144626	0.928887	-0.340958	-0.578062	0.200348	0.791016
21243	5.718676	-3.003768	8.286588	-0.419107	0.344123	0.136325	0.804854	0.312018	0.504831	-0.143243	0.927623	-0.344958	-0.575926	0.205328	0.791296
21244	5.270253	-3.386141	8.093663	-0.433503	0.430988	0.148562	0.807105	0.312493	0.500928	-0.141924	0.926256	-0.349154	-0.573096	0.210710	0.791936
21245	5.149897	-3.641711	8.148882	-0.436556	0.444633	0.157155	0.809391	0.312959	0.496934	-0.140627	0.924843	-0.353398	-0.570185	0.216155	0.792569
21246	5.467793	-3.403835	8.217860	-0.474260	0.490817	0.169964	0.811930	0.313449	0.492463	-0.139283	0.923269	-0.358016	-0.566895	0.222092	0.793288
21247	4.950279	-3.625820	7.971271	-0.504893	0.539736	0.169592	0.814763	0.313713	0.487590	-0.137711	0.921616	-0.362849	-0.563202	0.228489	0.794101
21248	4.850990	-4.077820	7.725039	-0.467340	0.548697	0.156186	0.817616	0.313877	0.482686	-0.136337	0.920041	-0.367337	-0.559389	0.234533	0.795034
21249	4.674413	-3.996264	7.592992	-0.377814	0.491478	0.130976	0.820191	0.313843	0.478319	-0.135215	0.918749	-0.370967	-0.555880	0.239588	0.795986
21250	4.473577	-4.146892	7.586724	-0.299361	0.422776	0.102142	0.822385	0.313754	0.474596	-0.134369	0.917702	-0.373855	-0.552837	0.243682	0.796863
21251	4.534233	-4.177134	7.675100	-0.206294	0.365700	0.060523	0.824366	0.313285	0.471459	-0.133574	0.917023	-0.375803	-0.550072	0.246824	0.797809
21252	4.435954	-4.171299	7.634209	-0.140376	0.333254	0.020253	0.826155	0.312639	0.468748	-0.132945	0.916608	-0.377036	-0.547534	0.249172	0.798824
21253	4.444343	-4.121845	7.706750	-0.070849	0.292448	-0.017575	0.827839	0.311595	0.466466	-0.132232	0.916502	-0.377543	-0.545158	0.250863	0.799919
21254	4.291772	-4.132004	7.707658	-0.007254	0.244939	-0.043978	0.829218	0.310572	0.464697	-0.131803	0.916617	-0.377413	-0.543163	0.251710	0.801010
21255	4.084835	-3.927533	7.867848	0.056171	0.136756	-0.044565	0.830008	0.309760	0.463826	-0.131642	0.916904	-0.376771	-0.541993	0.251664	0.801816
21256	4.532297	-3.564989	8.169936	0.084174	0.031529	-0.041696	0.830222	0.309294	0.463755	-0.131726	0.917242	-0.375920	-0.541646	0.251008	0.802256
21257	4.205094	-3.830497	7.882357	0.090679	-0.015494	-0.038936	0.830265	0.308764	0.464031	-0.131626	0.917608	-0.375060	-0.541604	0.250321	0.802499
21258	4.047704	-3.943980	7.798544	0.146000	-0.118888	-0.066091	0.829696	0.308449	0.465258	-0.131843	0.918173	-0.373599	-0.542423	0.248633	0.802471
21259	4.067744	-3.921836	7.867162	0.195380	-0.217973	-0.095611	0.828682	0.308021	0.467343	-0.132009	0.918959	-0.371602	-0.543930	0.246246	0.802186
21260	4.117743	-3.623971	8.100331	0.253180	-0.350432	-0.119876	0.826917	0.307771	0.470621	-0.132371	0.919944	-0.369027	-0.546521	0.242858	0.801458
21261	4.241303	-3.855913	8.214778	0.286881	-0.447027	-0.146558	0.824635	0.307496	0.474788	-0.132714	0.921088	-0.366039	-0.549877	0.238837	0.800370
21262	4.135058	-4.229098	8.200227	0.358158	-0.553524	-0.204726	0.821839	0.306911	0.479985	-0.132979	0.922560	-0.362214	-0.553983	0.233854	0.799009
21263	3.941560	-4.695638	8.293238	0.478128	-0.668601	-0.279208	0.818549	0.305715	0.486329	-0.133138	0.924533	-0.357091	-0.558795	0.227547	0.797477
21264	3.968510	-4.788750	8.795183	0.616166	-0.837240	-0.375608	0.814333	0.304102	0.494351	-0.133506	0.927052	-0.350358	-0.564834	0.219309	0.795529
21265	4.231722	-4.646759	9.779117	0.708917	-1.004880	-0.473963	0.809313	0.301714	0.503966	-0.133491	0.930019	-0.342412	-0.572008	0.209843	0.792952
21266	4.161182	-3.620178	10.828390	0.679044	-1.234744	-0.592956	0.802970	0.298712	0.515762	-0.132598	0.933188	-0.334034	-0.581083	0.199830	0.788930
21267	3.710094	-3.117435	12.217211	0.018652	-1.500284	-0.699568	0.795032	0.295164	0.529908	-0.127115	0.935293	-0.330254	-0.593098	0.195203	0.781108
21268	2.932846	-7.206699	10.512170	-0.066675	-1.827234	-0.736961	0.784962	0.291780	0.546534	-0.120865	0.937326	-0.326821	-0.607640	0.190485	0.771031
21269	1.643645	-2.910337	13.028386	0.081387	-2.305585	-0.976994	0.771906	0.286939	0.567298	-0.113773	0.940292	-0.320791	-0.625473	0.183078	0.758463
21270	3.457063	-3.775627	13.195457	-0.768629	-2.388139	-1.224905	0.758031	0.279779	0.589162	-0.099492	0.942352	-0.319491	-0.644585	0.183567	0.742168
21271	3.238557	-3.796754	13.907718	-1.704488	-2.423902	-1.660573	0.743614	0.268774	0.612208	-0.075989	0.943685	-0.322001	-0.664277	0.192924	0.722161
21272	4.186166	-8.948563	13.267299	-2.251971	-2.287277	-2.117537	0.729477	0.253360	0.635353	-0.045195	0.944693	-0.324826	-0.682511	0.208238	0.700582
21273	-0.758422	-12.677699	14.602512	-2.029473	-1.710852	-2.317389	0.718218	0.235278	0.654833	-0.014548	0.945971	-0.323925	-0.695666	0.223122	0.682837
21274	-2.108907	-11.227203	17.555887	-1.584261	-0.764837	-1.906499	0.712900	0.218986	0.666197	0.010190	0.946657	-0.322081	-0.701192	0.236400	0.672641
21275	-6.767124	-12.619623	15.429860	-1.691439	-0.020986	-1.266588	0.712398	0.207311	0.670456	0.030823	0.945206	-0.325017	-0.701099	0.252206	0.666973
21276	-7.747821	-17.440012	12.960398	-1.370622	0.150833	-0.662537	0.713184	0.200660	0.671643	0.045173	0.943004	-0.329700	-0.699520	0.265477	0.663471
21277	-6.285295	-15.996819	14.145016	0.128696	0.611802	-0.317659	0.717247	0.196469	0.668548	0.046102	0.943947	-0.326862	-0.695292	0.265262	0.667986
21278	-10.150820	-8.808653	13.677556	0.095366	1.104139	0.077657	0.724897	0.194262	0.660898	0.044911	0.944043	-0.326749	-0.687391	0.266542	0.675610
21279	-8.189910	-6.811604	14.432315	-0.251548	1.383297	0.224457	0.734504	0.192929	0.650602	0.044936	0.942803	-0.330309	-0.677115	0.271848	0.683823
21280	-6.572262	-7.132398	14.552200	-0.545466	1.834414	0.237319	0.746889	0.190094	0.637197	0.046862	0.940836	-0.335607	-0.663295	0.280522	0.693792
21281	-5.231583	-7.197040	14.457958	-0.517884	2.335637	0.178129	0.762300	0.185626	0.620034	0.048453	0.938934	-0.340670	-0.645408	0.289735	0.706755
21282	-4.123656	-6.087479	14.238795	-0.474885	2.761099	0.096952	0.779855	0.178402	0.599999	0.050747	0.937352	-0.344669	-0.623899	0.299240	0.721945
21283	-3.246952	-5.574605	13.508687	-0.567531	3.059870	0.040013	0.798704	0.170126	0.577173	0.053232	0.935461	-0.349398	-0.599365	0.309790	0.738100
21284	-2.583932	-6.100517	12.351029	-0.567353	3.177354	0.011827	0.817328	0.160225	0.553447	0.056489	0.933646	-0.353716	-0.573397	0.320365	0.754044
21285	-1.836280	-6.534747	11.436613	-0.413222	3.118203	0.022478	0.834931	0.150985	0.529238	0.057952	0.932167	-0.357361	-0.547295	0.329042	0.769545
21286	-0.995604	-6.672013	11.006412	-0.183857	2.915767	0.067931	0.850556	0.141937	0.506368	0.058385	0.931448	-0.359160	-0.522634	0.335050	0.783961
21287	0.114218	-6.429406	10.943763	0.002788	2.616075	0.148018	0.864137	0.135169	0.484764	0.056464	0.931132	-0.360285	-0.500079	0.338708	0.796994
21288	1.471891	-6.228089	11.133143	0.101165	2.269330	0.268181	0.875398	0.129958	0.465607	0.053656	0.931111	-0.360768	-0.480417	0.340798	0.808119
21289	3.096725	-5.985699	11.225758	0.110858	1.925629	0.420805	0.884785	0.127958	0.448088	0.048802	0.930832	-0.362175	-0.463438	0.342314	0.817341
21290	4.784723	-6.339838	11.172305	0.130290	1.589226	0.592888	0.892298	0.128032	0.432911	0.042958	0.930510	-0.363739	-0.449398	0.343160	0.824792
21291	7.101818	-6.996220	11.318331	0.253249	1.343861	0.752753	0.898601	0.131086	0.418727	0.034463	0.930293	-0.365195	-0.437411	0.342596	0.831444
21292	9.989710	-6.919371	12.217690	0.467398	1.249660	0.944879	0.904262	0.135618	0.404867	0.023944	0.930618	-0.365207	-0.426305	0.339938	0.838276
21293	12.417407	-6.329053	12.912272	0.555847	1.365953	1.212002	0.910269	0.142934	0.388561	0.009987	0.930662	-0.365744	-0.413896	0.336806	0.845725
21294	15.245120	-5.224358	13.687322	0.520664	1.694241	1.566985	0.917168	0.151832	0.368442	-0.006431	0.930090	-0.367275	-0.398448	0.334483	0.854026
21295	15.918595	-3.907440	13.432018	0.318940	2.171956	2.021644	0.925300	0.163891	0.341994	-0.026808	0.927808	-0.372095	-0.378288	0.335131	0.862894
21296	14.399831	-2.873928	11.756154	0.006634	2.570670	2.479847	0.933758	0.178185	0.310397	-0.049873	0.923578	-0.380153	-0.354413	0.339490	0.871285
21297	12.482433	-2.886120	9.447902	-0.164743	2.701681	2.797012	0.941231	0.195164	0.275672	-0.076006	0.917619	-0.390125	-0.329100	0.346245	0.878526
21298	11.811272	-2.732171	7.723184	-0.144018	2.653552	2.979256	0.946950	0.213137	0.240539	-0.103670	0.911022	-0.399112	-0.304202	0.353003	0.884788
21299	11.039477	-2.672707	6.256486	0.004142	2.518893	3.054319	0.950662	0.232331	0.205581	-0.133101	0.904045	-0.406185	-0.280224	0.358782	0.890365
21300	10.727689	-1.957535	5.194288	0.282840	2.290070	3.024708	0.952346	0.251341	0.172814	-0.162638	0.897738	-0.409409	-0.258043	0.361794	0.895834
21301	11.467713	-0.922947	4.125115	0.502726	2.068985	2.922647	0.952226	0.270383	0.141978	-0.192114	0.891738	-0.409750	-0.237397	0.362899	0.901081
21302	12.558672	1.196077	2.942296	0.611266	1.905300	2.702394	0.951001	0.287508	0.113738	-0.219218	0.886406	-0.407710	-0.218038	0.362799	0.906000
21303	13.516481	5.170563	1.400996	0.449191	1.699864	2.376040	0.948994	0.302647	0.088400	-0.243070	0.880841	-0.406246	-0.200816	0.364037	0.909478
21304	13.726908	9.131891	-0.569791	-0.066476	1.416103	1.989267	0.946717	0.314927	0.067435	-0.261793	0.874443	-0.408428	-0.187593	0.369012	0.910296
21305	13.153871	9.433498	-3.055891	-0.597141	0.959057	1.473047	0.944469	0.324384	0.052474	-0.274854	0.867372	-0.414875	-0.180093	0.377414	0.908364
21306	12.884439	6.890169	-4.258983	-0.528348	0.396444	0.736961	0.943125	0.329264	0.045824	-0.280860	0.862941	-0.420059	-0.177853	0.383299	0.906339
21307	12.733725	4.463643	-3.405491	0.080220	-0.118446	-0.042348	0.942999	0.329465	0.046960	-0.280738	0.863310	-0.419383	-0.178713	0.382294	0.906594
21308	12.633889	3.844309	-0.988214	0.590692	-0.490777	-0.587563	0.943746	0.326252	0.053886	-0.276257	0.867462	-0.413752	-0.181731	0.375591	0.908793
21309	11.768117	2.278066	0.923968	0.748244	-0.726398	-0.900011	0.944851	0.321162	0.064128	-0.269195	0.873120	-0.406442	-0.186525	0.366764	0.911423
21310	11.118602	0.694838	2.262720	0.748007	-0.947806	-1.056016	0.945841	0.315352	0.077053	-0.260629	0.879177	-0.398898	-0.193537	0.357212	0.913752
21311	10.689671	-1.242961	2.963561	0.687008	-1.102615	-1.091391	0.946459	0.309604	0.091437	-0.251661	0.885009	-0.391696	-0.202193	0.347713	0.915540
21312	10.061899	-3.024403	3.344466	0.716002	-1.296853	-1.051136	0.946363	0.304725	0.107421	-0.243194	0.890680	-0.384118	-0.212728	0.337391	0.917014
21313	10.249755	-4.116948	4.016245	0.767853	-1.470136	-0.895389	0.945303	0.301567	0.124335	-0.236366	0.895956	-0.376023	-0.224795	0.326068	0.918230
21314	9.768381	-5.071903	4.016534	0.852777	-1.588560	-0.623849	0.943084	0.301055	0.141273	-0.232443	0.900553	-0.367388	-0.237828	0.313640	0.919276
21315	9.227383	-5.510216	3.824173	1.028289	-1.734787	-0.344134	0.939643	0.303219	0.158525	-0.231665	0.904761	-0.357405	-0.251799	0.299108	0.920397
21316	9.405625	-5.468687	4.103922	1.201089	-1.897958	-0.117320	0.934986	0.307684	0.176441	-0.233675	0.908603	-0.346176	-0.266827	0.282440	0.921429
21317	-1.695802	-7.360883	6.396600	1.324158	-1.607698	0.107814	0.930346	0.313029	0.190970	-0.238232	0.911910	-0.334165	-0.278751	0.265394	0.922965
21318	-7.421539	-9.503980	23.061814	1.397093	-1.487980	0.595001	0.924667	0.322288	0.202787	-0.247712	0.913597	-0.322458	-0.289190	0.247934	0.924607
21319	-26.610990	-5.113041	32.157712	0.551424	-1.937435	-0.290338	0.919607	0.324341	0.221642	-0.246668	0.915861	-0.316787	-0.305741	0.236648	0.922237
21320	1.795683	1.096266	13.881338	-0.314791	-3.727418	-2.716495	0.913898	0.308015	0.264417	-0.220734	0.923712	-0.313101	-0.340685	0.227776	0.912169
21321	33.576365	18.838688	18.631983	-0.395086	-3.148675	-1.072101	0.905008	0.305204	0.296330	-0.209596	0.926096	-0.313711	-0.370176	0.221801	0.902094
21322	11.274791	-5.732470	10.165785	-1.911323	-1.841298	0.091162	0.897803	0.310249	0.312562	-0.203136	0.921454	-0.331147	-0.390750	0.233812	0.890307
21323	6.852606	-6.129594	12.043796	-0.981941	-2.040433	-0.284056	0.890219	0.312280	0.331648	-0.196520	0.920087	-0.338850	-0.410961	0.236476	0.880449
21324	6.218633	-7.646965	10.006324	-1.194997	-1.998122	0.119254	0.881564	0.318156	0.348744	-0.192534	0.916849	-0.349740	-0.431018	0.241173	0.869517
21325	4.200124	-3.713291	7.980163	-0.823207	-2.123129	0.229037	0.871780	0.325246	0.366354	-0.190782	0.914175	-0.357611	-0.451224	0.241865	0.859010
21326	6.436484	-3.048599	9.460664	-1.235966	-2.125568	0.204450	0.861568	0.332306	0.383761	-0.186835	0.910479	-0.368945	-0.472009	0.246172	0.846527
21327	11.198490	-8.844374	10.168863	-0.778107	-1.551296	-0.229972	0.854576	0.333904	0.397754	-0.180994	0.909377	-0.374532	-0.486766	0.248075	0.837566
21328	7.555182	-9.606411	6.791383	-0.499000	-1.122300	0.016201	0.849012	0.336847	0.407079	-0.178663	0.908075	-0.378787	-0.497251	0.248865	0.831148
21329	7.120336	-5.071144	9.055236	0.077039	-1.070288	0.111784	0.843448	0.340391	0.415608	-0.179876	0.907928	-0.378565	-0.506202	0.244542	0.827018
21330	6.720802	-1.635538	10.813692	-0.049310	-0.707324	0.158623	0.839546	0.343561	0.420867	-0.180945	0.907258	-0.379661	-0.512271	0.242589	0.823850
21331	4.643434	-2.349731	9.088604	-0.322594	-0.540361	0.138994	0.836523	0.346004	0.424866	-0.180313	0.906044	-0.382846	-0.517414	0.243650	0.820315
21332	4.827454	-4.751689	8.026317	-0.269182	-0.489232	0.078508	0.833825	0.347916	0.428592	-0.179555	0.905107	-0.385410	-0.522012	0.244409	0.817171
21333	5.658108	-4.257962	8.737262	-0.003370	-0.403782	0.010164	0.831703	0.348857	0.431937	-0.179482	0.905115	-0.385425	-0.525411	0.243034	0.815400
21334	5.136497	-1.923229	9.355246	-0.091057	-0.298161	0.043489	0.830040	0.349981	0.434219	-0.179349	0.904735	-0.386380	-0.528079	0.242834	0.813735
21335	4.781006	-2.446770	9.173545	-0.282753	-0.260634	0.062979	0.828562	0.351037	0.436186	-0.178224	0.903882	-0.388887	-0.530774	0.244478	0.811486
21336	4.544604	-4.045593	8.365428	-0.297939	-0.277370	0.071369	0.826945	0.352369	0.438176	-0.177213	0.902893	-0.391638	-0.533627	0.246213	0.809087
21337	4.675982	-3.858076	8.231945	-0.236188	-0.272496	0.058658	0.825400	0.353415	0.440241	-0.176278	0.902164	-0.393735	-0.536321	0.247384	0.806945
21338	4.432545	-3.852996	8.082916	-0.236835	-0.262768	0.035154	0.823912	0.354390	0.442241	-0.175278	0.901444	-0.395823	-0.538932	0.248608	0.804827
21339	4.742888	-4.402678	8.106704	-0.215440	-0.250202	0.003000	0.822572	0.354884	0.444334	-0.173983	0.900958	-0.397498	-0.541392	0.249664	0.802846
21340	4.792391	-4.342923	8.200269	-0.192251	-0.221340	-0.005575	0.821366	0.355394	0.446153	-0.172877	0.900489	-0.399039	-0.543572	0.250628	0.801071
21341	4.744584	-4.434661	7.983673	-0.191455	-0.184496	-0.015444	0.820404	0.355565	0.447784	-0.171554	0.900123	-0.400435	-0.545441	0.251699	0.799463
21342	4.721931	-4.458757	8.074841	-0.143532	-0.179308	-0.035976	0.819472	0.355699	0.449382	-0.170458	0.899882	-0.401444	-0.547184	0.252371	0.798059
21343	5.084202	-4.114383	8.290928	-0.140501	-0.148082	-0.032817	0.818730	0.355630	0.450786	-0.169268	0.899700	-0.402352	-0.548661	0.253114	0.796809
21344	4.933214	-4.114128	8.027617	-0.157071	-0.108890	-0.017060	0.818147	0.355758	0.451744	-0.168248	0.899355	-0.403550	-0.549844	0.254158	0.795660
21345	4.869708	-4.407015	7.919649	-0.137944	-0.086500	-0.022767	0.817723	0.355624	0.452615	-0.167152	0.899142	-0.404479	-0.550808	0.255096	0.794692
21346	4.995624	-4.144751	8.178742	-0.130929	-0.051884	-0.013988	0.817446	0.355637	0.453106	-0.166298	0.898850	-0.405479	-0.551477	0.256107	0.793903
21347	4.696748	-3.859728	8.049630	-0.136688	-0.034242	-0.013616	0.817293	0.355455	0.453525	-0.165281	0.898604	-0.406438	-0.552010	0.257220	0.793173
21348	4.730462	-3.875224	8.058203	-0.143015	-0.037164	-0.009230	0.817088	0.355473	0.453878	-0.164398	0.898261	-0.407553	-0.552576	0.258390	0.792398
21349	4.481917	-4.136407	7.892922	-0.139477	-0.042127	-0.022251	0.816906	0.355233	0.454395	-0.163293	0.898036	-0.408493	-0.553173	0.259500	0.791618
21350	4.530366	-4.260348	7.803549	-0.108399	-0.045690	-0.046503	0.816714	0.354939	0.454968	-0.162295	0.897913	-0.409162	-0.553749	0.260329	0.790943
21351	4.634190	-4.160967	7.905907	-0.085381	-0.035234	-0.077347	0.816657	0.354190	0.455655	-0.161040	0.898020	-0.409422	-0.554200	0.260979	0.790413
21352	4.562839	-4.068452	7.813703	-0.077472	-0.029413	-0.091504	0.816626	0.353450	0.456283	-0.159845	0.898134	-0.409639	-0.554591	0.261588	0.789937
21353	4.471307	-4.419372	7.664876	-0.037933	-0.021077	-0.135950	0.816738	0.352138	0.457097	-0.158375	0.898569	-0.409256	-0.554848	0.261862	0.789666
21354	4.510522	-4.282726	7.757519	0.017973	-0.018751	-0.171816	0.816891	0.350647	0.457969	-0.157052	0.899213	-0.408351	-0.554999	0.261653	0.789629
21355	4.565452	-4.172684	7.852581	0.047061	-0.035153	-0.197328	0.817015	0.348823	0.459140	-0.155556	0.900079	-0.407015	-0.555238	0.261115	0.789639
21356	4.725833	-3.836732	8.117180	0.064879	-0.067985	-0.192233	0.816921	0.347273	0.460480	-0.154327	0.900910	-0.405641	-0.555719	0.260312	0.789566
21357	4.705106	-3.800030	8.151151	0.041249	-0.084536	-0.186138	0.816747	0.345674	0.461989	-0.152890	0.901714	-0.404397	-0.556371	0.259657	0.789322
21358	4.801854	-3.979964	8.085523	0.047983	-0.104665	-0.188916	0.816438	0.344245	0.463599	-0.151595	0.902483	-0.403166	-0.557179	0.258881	0.789007
21359	4.946617	-3.808268	8.219168	0.041295	-0.100438	-0.175785	0.816153	0.342775	0.465187	-0.150244	0.903245	-0.401964	-0.557961	0.258173	0.788686
21360	4.884364	-3.816264	8.169578	0.008180	-0.108517	-0.156786	0.815768	0.341642	0.466694	-0.148991	0.903796	-0.401190	-0.558860	0.257745	0.788189
21361	4.926244	-3.794048	8.230684	-0.000820	-0.116878	-0.139883	0.815332	0.340533	0.468263	-0.147696	0.904323	-0.400481	-0.559839	0.257364	0.787620
21362	5.028561	-3.862339	8.222639	-0.033838	-0.111809	-0.118116	0.814865	0.339756	0.469639	-0.146524	0.904632	-0.400215	-0.560826	0.257308	0.786935
21363	4.893592	-3.800379	8.100838	-0.061372	-0.115401	-0.095658	0.814368	0.339039	0.471017	-0.145249	0.904851	-0.400184	-0.561878	0.257482	0.786127
21364	4.801217	-4.006567	7.974882	-0.063052	-0.122937	-0.092441	0.813797	0.338522	0.472375	-0.144122	0.904996	-0.400265	-0.562996	0.257654	0.785271
21365	4.729857	-4.124317	7.911166	-0.039513	-0.139612	-0.104516	0.813171	0.337786	0.473977	-0.142897	0.905300	-0.400016	-0.564211	0.257551	0.784432
21366	4.873984	-4.119968	7.840704	-0.025333	-0.153602	-0.113110	0.812450	0.337160	0.475655	-0.141814	0.905610	-0.399699	-0.565521	0.257280	0.783577
21367	4.692797	-4.265846	7.840809	0.019914	-0.166493	-0.132721	0.811705	0.336238	0.477576	-0.140699	0.906160	-0.398846	-0.566868	0.256551	0.782843
21368	4.694048	-4.286099	7.785031	0.032111	-0.181961	-0.163047	0.810887	0.335228	0.479672	-0.139537	0.906783	-0.397836	-0.568324	0.255667	0.782075
21369	4.595913	-4.505646	7.647700	0.110923	-0.209788	-0.196894	0.809975	0.333834	0.482178	-0.138427	0.907774	-0.395961	-0.569894	0.253972	0.781485
21370	4.586810	-4.656867	7.554453	0.191379	-0.239687	-0.252139	0.808940	0.332152	0.485068	-0.137458	0.909091	-0.393267	-0.571595	0.251453	0.781057
21371	4.636577	-4.482406	7.594234	0.281082	-0.278928	-0.303034	0.807764	0.329955	0.488514	-0.136477	0.910842	-0.389541	-0.573490	0.247986	0.780777
21372	4.619804	-4.624324	7.543178	0.378747	-0.336557	-0.342247	0.806282	0.327663	0.492489	-0.135870	0.912892	-0.384926	-0.575715	0.243444	0.780568
21373	4.709893	-4.581150	7.855206	0.508637	-0.429439	-0.387063	0.804332	0.325031	0.497398	-0.135555	0.915419	-0.378989	-0.578511	0.237408	0.780360
21374	4.872641	-4.422739	7.978297	0.592805	-0.529725	-0.422232	0.801816	0.322400	0.503139	-0.135583	0.918167	-0.372273	-0.581986	0.230277	0.779913
21375	4.844268	-4.160177	8.178493	0.640175	-0.633816	-0.436735	0.798706	0.319702	0.509764	-0.135703	0.921055	-0.365025	-0.586220	0.222371	0.779036
21376	5.068400	-3.789812	8.318451	0.654188	-0.734310	-0.438679	0.794964	0.317258	0.517087	-0.136037	0.923874	-0.357701	-0.591207	0.214017	0.777606
21377	5.181311	-3.612329	8.463528	0.658152	-0.835090	-0.423576	0.790578	0.314974	0.525145	-0.136464	0.926629	-0.350338	-0.596962	0.205306	0.775555
21378	5.186560	-3.137888	8.790805	0.594819	-0.959061	-0.406559	0.785361	0.313130	0.534001	-0.136809	0.929097	-0.343601	-0.603731	0.196794	0.772516
21379	5.289455	-3.465542	8.556326	0.569738	-1.092688	-0.383972	0.779246	0.311543	0.543799	-0.137143	0.931428	-0.337095	-0.611529	0.188101	0.768538
21380	5.368987	-3.048380	8.826941	0.563971	-1.229474	-0.345732	0.772133	0.310575	0.554394	-0.137912	0.933536	-0.330895	-0.620315	0.179037	0.763646
21381	5.074212	-3.002382	8.984661	0.547095	-1.376164	-0.313709	0.763961	0.309923	0.565960	-0.138798	0.935498	-0.324928	-0.630157	0.169679	0.757701
21382	4.621428	-3.405165	8.723287	0.575748	-1.569053	-0.300498	0.754390	0.309690	0.578782	-0.140153	0.937374	-0.318885	-0.641290	0.159445	0.750549
21383	5.375078	-2.659354	9.282829	0.495371	-1.797126	-0.287221	0.743153	0.309651	0.593162	-0.141088	0.939062	-0.313459	-0.654078	0.149260	0.741554
21384	5.018781	-3.985851	8.199058	0.671609	-2.007363	-0.295124	0.730287	0.309745	0.608884	-0.143329	0.940935	-0.306756	-0.667936	0.136749	0.731547
21385	5.182926	-3.377117	8.700945	0.684277	-2.231039	-0.292844	0.715636	0.309773	0.626024	-0.145716	0.942766	-0.299930	-0.683105	0.123419	0.719816
21386	5.505343	-3.138030	8.671388	0.729103	-2.449669	-0.292555	0.699115	0.309855	0.644382	-0.148662	0.944519	-0.292889	-0.699384	0.108968	0.706391
21387	5.508833	-2.888526	8.747900	0.682446	-2.678529	-0.299840	0.680590	0.309638	0.664019	-0.151316	0.946172	-0.286117	-0.716868	0.094252	0.690808
21388	5.674606	-2.627707	8.453351	0.562495	-2.882252	-0.302002	0.660103	0.309286	0.684548	-0.153350	0.947596	-0.280260	-0.735356	0.080025	0.672940
21389	5.815849	-2.257986	8.553212	0.489830	-3.131369	-0.294544	0.637220	0.308671	0.706168	-0.154979	0.948894	-0.274920	-0.754939	0.065743	0.652492
21390	5.870947	-2.203352	8.473154	0.275622	-3.406618	-0.266121	0.611538	0.308156	0.728739	-0.155401	0.949879	-0.271259	-0.775804	0.052639	0.628775
21391	5.932574	-2.761250	8.089319	0.187682	-3.740206	-0.272483	0.582530	0.307180	0.752529	-0.155140	0.950836	-0.268035	-0.797866	0.039391	0.601546
21392	5.946616	-2.094862	8.213265	0.076205	-4.116027	-0.278417	0.549618	0.305872	0.777407	-0.154153	0.951716	-0.265470	-0.821071	0.026067	0.570231
21393	5.773506	-1.983904	8.147268	-0.088626	-4.527792	-0.228173	0.512239	0.304489	0.803055	-0.152099	0.952425	-0.264106	-0.845268	0.013142	0.534182
21394	5.385070	-2.248643	8.663931	-0.228216	-5.074477	-0.202002	0.468979	0.302889	0.829649	-0.149120	0.953026	-0.263638	-0.870530	-0.000077	0.492116
21395	5.240876	-2.691472	9.514214	-0.360630	-5.788979	-0.157579	0.418050	0.300885	0.857148	-0.145136	0.953557	-0.263942	-0.896755	-0.014062	0.442303
21396	4.720232	-3.425380	8.929661	-0.541582	-6.552020	-0.217969	0.358700	0.297404	0.884808	-0.139330	0.954327	-0.264286	-0.922996	-0.028481	0.383755
21397	5.942442	-2.011755	9.507079	-0.874348	-7.314940	-0.258862	0.290603	0.292297	0.911105	-0.130229	0.955420	-0.264976	-0.947940	-0.041650	0.315713
21398	8.481798	-2.284040	9.396607	-1.433278	-7.997993	-0.279110	0.214185	0.285909	0.934013	-0.115743	0.956896	-0.266372	-0.969912	-0.051052	0.238045
21399	14.676119	-4.546437	8.036322	-1.889501	-8.354357	-0.525622	0.132997	0.276323	0.951818	-0.096270	0.959410	-0.265076	-0.986430	-0.056378	0.154200
21400	16.879668	-7.812765	6.827201	-2.158525	-8.254258	-1.121736	0.052062	0.260808	0.963986	-0.073794	0.963661	-0.256735	-0.995914	-0.057770	0.069416
21401	17.719554	-8.977367	7.621047	-2.258599	-8.023696	-1.852655	-0.026808	0.238292	0.970823	-0.050984	0.969583	-0.239396	-0.998340	-0.055914	-0.013843
21402	17.300453	-8.804864	6.652747	-1.946606	-7.851719	-2.631061	-0.103989	0.208330	0.972515	-0.033273	0.976540	-0.212750	-0.994022	-0.054482	-0.094617
21403	20.190951	-4.481892	8.578256	-1.876033	-7.424444	-3.077468	-0.176621	0.174263	0.968730	-0.019036	0.983414	-0.180375	-0.984095	-0.050299	-0.170374
21404	22.549845	-7.259214	9.603139	-1.910510	-7.141938	-3.301565	-0.246002	0.138350	0.959345	-0.007320	0.989467	-0.144571	-0.969242	-0.042587	-0.242398
21405	22.746877	-8.364617	14.127997	-1.832131	-5.850555	-3.253977	-0.302104	0.103907	0.947595	0.001337	0.994087	-0.108578	-0.953274	-0.031535	-0.300457
21406	22.590406	-8.241530	16.532985	-2.598656	-4.032504	-2.850993	-0.340572	0.074684	0.937248	0.016806	0.997165	-0.073351	-0.940068	-0.009230	-0.340861
21407	15.776872	-6.168746	21.999263	-2.057909	-1.017136	-2.150826	-0.350495	0.053261	0.935049	0.028573	0.998525	-0.046166	-0.936129	0.010537	-0.351500
21408	18.702091	-6.180375	21.107063	-2.107434	0.249478	-2.061198	-0.348902	0.032614	0.936592	0.041121	0.998965	-0.019467	-0.936257	0.031721	-0.349882
21409	14.190041	-9.110630	20.683029	-1.973586	2.889043	-2.332199	-0.322633	0.008168	0.946489	0.051697	0.998622	0.009004	-0.945111	0.051836	-0.322611
21410	2.835933	-6.446824	12.345335	-2.331849	4.513048	-2.472393	-0.281178	-0.019374	0.959460	0.066444	0.997004	0.039604	-0.957353	0.074886	-0.279048
21411	4.330099	-7.972908	9.267020	-2.244976	4.876414	-2.443491	-0.235790	-0.047748	0.970630	0.081536	0.994299	0.068719	-0.968378	0.095345	-0.230552
21412	4.336838	-8.667569	8.117313	-1.935043	5.403632	-2.163408	-0.185130	-0.074817	0.979862	0.095847	0.990969	0.093774	-0.978029	0.111277	-0.176287
21413	4.668561	-9.230216	7.277656	-1.679914	5.877842	-1.676600	-0.128844	-0.098092	0.986801	0.109450	0.987610	0.112463	-0.985606	0.122496	-0.116512
21414	4.242661	-9.787814	6.211815	-1.421379	6.343806	-1.130130	-0.067488	-0.117245	0.990807	0.122416	0.984595	0.124848	-0.990182	0.129716	-0.052096
21415	3.165959	-10.274512	5.119502	-1.085900	6.623456	-0.647743	-0.002350	-0.131986	0.991249	0.132623	0.982454	0.131130	-0.991164	0.131770	0.015196
21416	2.751267	-11.010117	4.142840	-0.624252	6.664483	-0.275879	0.063234	-0.143382	0.987645	0.138917	0.981256	0.133560	-0.988283	0.128755	0.081967
21417	2.964669	-10.738760	3.598695	-0.090819	6.596671	0.028930	0.128639	-0.150863	0.980149	0.139376	0.981301	0.132748	-0.981849	0.119532	0.147260
21418	3.173853	-10.179962	3.609232	0.270076	6.450796	0.299294	0.192063	-0.155235	0.969027	0.136286	0.982062	0.130311	-0.971873	0.107037	0.209774
21419	4.454813	-9.520527	4.248024	0.473328	6.292902	0.664009	0.254085	-0.154408	0.954777	0.129741	0.983693	0.124558	-0.958440	0.092225	0.269975
21420	5.470884	-8.035443	5.018021	0.425003	6.195749	1.184298	0.314427	-0.148038	0.937668	0.122364	0.985845	0.114612	-0.941362	0.078699	0.328091
21421	5.447491	-6.758486	5.246914	0.127206	6.119492	1.809608	0.373939	-0.133962	0.917728	0.114374	0.988621	0.097708	-0.920374	0.068427	0.385005
21422	4.636611	-6.034082	5.180173	-0.275937	5.909329	2.444819	0.430318	-0.113659	0.895493	0.107074	0.991464	0.074387	-0.896304	0.063874	0.438815
21423	4.603567	-5.957131	5.089725	-0.667750	5.565046	3.002001	0.482931	-0.086598	0.871366	0.098614	0.994146	0.044146	-0.870088	0.064609	0.488644
21424	5.660725	-6.361138	5.691909	-0.858461	5.224485	3.509708	0.530948	-0.055163	0.845607	0.088196	0.996057	0.009600	-0.842802	0.069482	0.533720
21425	6.666002	-6.389271	6.604696	-0.907576	4.984632	3.948299	0.575754	-0.018521	0.817413	0.073139	0.996902	-0.028929	-0.814345	0.076441	0.575325
