// General information: 
//  MT Manager version: 2022.2.0 
//  XDA version: 2022.2.0 build 7381 rev 124627 built on 2023-07-19
// Device information: 
//  DeviceId: 00B4CBA7
//  ProductCode: MTW2-3A7G6
//  Firmware Version: 4.6.0
//  Hardware Version: 2.0.0
// Device settings: 
//  Filter Profile: human(46.1)
//  Option Flags: Orientation Smoother Disabled, Position/Velocity Smoother Disabled, Continuous Zero Rotation Update Disabled, AHS Disabled, ICC Disabled
// Coordinate system: ENU
PacketCounter	Acc_X	Acc_Y	Acc_Z	Gyr_X	Gyr_Y	Gyr_Z	Mat[1][1]	Mat[2][1]	Mat[3][1]	Mat[1][2]	Mat[2][2]	Mat[3][2]	Mat[1][3]	Mat[2][3]	Mat[3][3]
27132	8.368830	0.098135	-5.061826	-0.064087	-0.045095	-0.011801	0.482579	0.195500	0.853755	0.337232	-0.941093	0.024882	0.808327	0.275906	-0.520080
27133	8.332415	0.046669	-5.118784	-0.065781	-0.043311	-0.019285	0.482846	0.195825	0.853529	0.336777	-0.941241	0.025432	0.808357	0.275169	-0.520424
27134	8.253544	0.023394	-5.155591	-0.060164	-0.047126	-0.021745	0.483132	0.196199	0.853281	0.336401	-0.941361	0.025980	0.808343	0.274493	-0.520803
27135	8.232234	-0.037424	-5.167368	-0.050050	-0.043889	-0.032862	0.483356	0.196660	0.853049	0.336151	-0.941433	0.026566	0.808313	0.273912	-0.521155
27136	8.212877	-0.060711	-5.197686	-0.026068	-0.044107	-0.033825	0.483577	0.197139	0.852813	0.336108	-0.941435	0.027039	0.808198	0.273562	-0.521517
27137	8.193601	-0.084899	-5.227854	-0.006969	-0.040588	-0.038135	0.483754	0.197624	0.852600	0.336220	-0.941384	0.027437	0.808046	0.273388	-0.521843
27138	8.188130	-0.066376	-5.200481	0.014529	-0.042732	-0.045892	0.483923	0.198213	0.852367	0.336564	-0.941250	0.027801	0.807801	0.273422	-0.522204
27139	8.156287	-0.018252	-5.210386	0.033323	-0.043745	-0.050848	0.484082	0.198816	0.852136	0.337053	-0.941067	0.028091	0.807502	0.273617	-0.522565
27140	8.177819	-0.018837	-5.248732	0.058647	-0.040672	-0.056083	0.484200	0.199495	0.851911	0.337803	-0.940791	0.028312	0.807118	0.274069	-0.522921
27141	8.185231	0.015335	-5.247866	0.079278	-0.035422	-0.061512	0.484256	0.200170	0.851721	0.338707	-0.940462	0.028450	0.806705	0.274707	-0.523223
27142	8.170779	0.089673	-5.230543	0.091406	-0.033210	-0.069673	0.484266	0.200957	0.851530	0.339787	-0.940067	0.028614	0.806245	0.275482	-0.523525
27143	8.144109	0.158310	-5.289437	0.098892	-0.036489	-0.072332	0.484285	0.201734	0.851335	0.340910	-0.939657	0.028735	0.805760	0.276313	-0.523835
27144	8.131114	0.179332	-5.284360	0.100282	-0.033214	-0.076616	0.484269	0.202586	0.851142	0.342094	-0.939221	0.028911	0.805267	0.277170	-0.524139
27145	8.157366	0.188181	-5.268722	0.107768	-0.030755	-0.079577	0.484221	0.203471	0.850958	0.343367	-0.938751	0.029076	0.804754	0.278112	-0.524429
27146	8.112131	0.190288	-5.335017	0.110131	-0.027233	-0.075993	0.484157	0.204299	0.850796	0.344626	-0.938286	0.029194	0.804254	0.279072	-0.524685
27147	8.069547	0.255782	-5.336082	0.116300	-0.028031	-0.074702	0.484110	0.205108	0.850628	0.345911	-0.937811	0.029265	0.803731	0.280074	-0.524953
27148	8.067941	0.255307	-5.338531	0.120804	-0.025167	-0.070376	0.484046	0.205879	0.850478	0.347228	-0.937324	0.029278	0.803201	0.281138	-0.525194
27149	8.035402	0.272893	-5.431482	0.125626	-0.023484	-0.065129	0.483987	0.206595	0.850338	0.348560	-0.936831	0.029220	0.802660	0.282252	-0.525424
27150	8.010392	0.274183	-5.398631	0.116411	-0.020721	-0.062347	0.483913	0.207277	0.850214	0.349801	-0.936369	0.029187	0.802164	0.283281	-0.525627
27151	8.057547	0.293695	-5.386541	0.123188	-0.018147	-0.059523	0.483832	0.207943	0.850098	0.351095	-0.935887	0.029102	0.801647	0.284385	-0.525820
27152	8.068967	0.309475	-5.415292	0.109849	-0.015613	-0.055057	0.483741	0.208542	0.850003	0.352247	-0.935456	0.029041	0.801197	0.285363	-0.525977
27153	8.150970	0.295057	-5.342606	0.113702	-0.010363	-0.052589	0.483620	0.209101	0.849934	0.353415	-0.935019	0.028938	0.800756	0.286384	-0.526093
27154	8.206437	0.309931	-5.307163	0.111023	-0.009225	-0.049798	0.483495	0.209633	0.849874	0.354549	-0.934593	0.028826	0.800329	0.287385	-0.526196
27155	8.304688	0.297160	-5.291547	0.108159	-0.002712	-0.045082	0.483335	0.210097	0.849851	0.355636	-0.934184	0.028685	0.799944	0.288373	-0.526242
27156	8.341649	0.336656	-5.270315	0.111091	0.000360	-0.045079	0.483149	0.210556	0.849843	0.356747	-0.933765	0.028532	0.799561	0.289394	-0.526263
27157	8.385245	0.334090	-5.206909	0.103828	0.002102	-0.039282	0.482968	0.210946	0.849849	0.357768	-0.933380	0.028361	0.799215	0.290351	-0.526262
27158	8.394161	0.365453	-5.203943	0.093812	-0.002717	-0.040847	0.482821	0.211374	0.849826	0.358719	-0.933017	0.028263	0.798877	0.291203	-0.526304
27159	8.418646	0.388901	-5.155593	0.078663	0.001504	-0.043846	0.482630	0.211803	0.849828	0.359551	-0.932697	0.028262	0.798619	0.291916	-0.526301
27160	8.438808	0.401498	-5.160220	0.065874	0.001658	-0.037485	0.482459	0.212187	0.849829	0.360263	-0.932422	0.028283	0.798401	0.292517	-0.526298
27161	8.430980	0.405814	-5.182965	0.052892	0.003339	-0.034300	0.482292	0.212508	0.849844	0.360823	-0.932204	0.028333	0.798249	0.292978	-0.526272
27162	8.401766	0.360268	-5.181618	0.043251	0.003401	-0.037498	0.482107	0.212887	0.849854	0.361354	-0.931994	0.028473	0.798121	0.293371	-0.526248
27163	8.381617	0.348215	-5.176939	0.040512	0.004536	-0.034684	0.481924	0.213206	0.849878	0.361820	-0.931809	0.028589	0.798020	0.293725	-0.526204
27164	8.344673	0.307227	-5.198183	0.036719	0.003130	-0.032069	0.481760	0.213534	0.849888	0.362273	-0.931630	0.028717	0.797913	0.294057	-0.526180
27165	8.336845	0.312153	-5.220893	0.035397	-0.000103	-0.027774	0.481641	0.213837	0.849880	0.362697	-0.931461	0.028818	0.797793	0.294369	-0.526188
27166	8.269631	0.315674	-5.249467	0.035031	0.006805	-0.029057	0.481458	0.214127	0.849910	0.363121	-0.931293	0.028929	0.797710	0.294692	-0.526133
27167	8.256459	0.261429	-5.202060	0.037459	0.010709	-0.027729	0.481249	0.214402	0.849959	0.363571	-0.931114	0.029019	0.797631	0.295055	-0.526049
27168	8.253717	0.287393	-5.273979	0.039159	0.010895	-0.025668	0.481046	0.214648	0.850012	0.364012	-0.930940	0.029080	0.797552	0.295425	-0.525960
27169	8.246542	0.291467	-5.295727	0.049380	0.016094	-0.026402	0.480800	0.214868	0.850096	0.364521	-0.930741	0.029084	0.797468	0.295894	-0.525824
27170	8.255153	0.286869	-5.271760	0.044943	0.017043	-0.025653	0.480548	0.215096	0.850181	0.365008	-0.930549	0.029115	0.797398	0.296332	-0.525685
27171	8.280604	0.311442	-5.221732	0.037424	0.020300	-0.023017	0.480271	0.215269	0.850294	0.365417	-0.930387	0.029148	0.797377	0.296713	-0.525501
27172	8.312980	0.303812	-5.232483	0.042382	0.016658	-0.019655	0.480043	0.215441	0.850379	0.365854	-0.930216	0.029141	0.797314	0.297126	-0.525364
27173	8.274573	0.314630	-5.241736	0.043298	0.018857	-0.017212	0.479812	0.215599	0.850469	0.366298	-0.930042	0.029116	0.797250	0.297555	-0.525219
27174	8.267908	0.317792	-5.262766	0.046313	0.026141	-0.014378	0.479528	0.215694	0.850605	0.366741	-0.929870	0.029044	0.797217	0.298024	-0.525002
27175	8.328704	0.318248	-5.254644	0.040645	0.026065	-0.017013	0.479235	0.215801	0.850743	0.367141	-0.929712	0.029017	0.797208	0.298437	-0.524780
27176	8.315282	0.353974	-5.214535	0.035415	0.029020	-0.015884	0.478922	0.215901	0.850894	0.367505	-0.929569	0.029015	0.797229	0.298811	-0.524536
27177	8.313361	0.369214	-5.181689	0.040905	0.034488	-0.011369	0.478587	0.215978	0.851063	0.367921	-0.929406	0.028963	0.797238	0.299262	-0.524265
27178	8.246793	0.332947	-5.188138	0.043686	0.035364	-0.003674	0.478269	0.215945	0.851250	0.368291	-0.929264	0.028814	0.797258	0.299727	-0.523969
27179	8.244389	0.318925	-5.238493	0.045853	0.034723	-0.002929	0.477958	0.215924	0.851430	0.368696	-0.929108	0.028653	0.797258	0.300224	-0.523685
27180	8.218362	0.307886	-5.253857	0.052573	0.039209	-0.005555	0.477602	0.215897	0.851637	0.369146	-0.928935	0.028474	0.797263	0.300779	-0.523358
27181	8.248318	0.314011	-5.232602	0.058444	0.037780	0.000260	0.477285	0.215870	0.851821	0.369659	-0.928738	0.028238	0.797215	0.301406	-0.523071
27182	8.267214	0.340082	-5.203404	0.056058	0.049542	0.001008	0.476871	0.215750	0.852083	0.370106	-0.928568	0.027985	0.797255	0.302016	-0.522657
27183	8.262410	0.341391	-5.221742	0.049364	0.062588	0.000245	0.476356	0.215608	0.852407	0.370507	-0.928414	0.027780	0.797377	0.302590	-0.522140
27184	8.252908	0.292904	-5.272512	0.060244	0.069330	0.006439	0.475804	0.215377	0.852774	0.370962	-0.928242	0.027460	0.797495	0.303281	-0.521558
27185	8.228986	0.279982	-5.284815	0.069866	0.080773	0.008869	0.475169	0.215106	0.853196	0.371503	-0.928037	0.027075	0.797622	0.304099	-0.520887
27186	8.226496	0.288709	-5.404336	0.063757	0.081528	0.007524	0.474524	0.214827	0.853625	0.371980	-0.927856	0.026728	0.797783	0.304849	-0.520201
27187	8.334257	0.267702	-5.513769	0.051492	0.083031	0.004852	0.473861	0.214586	0.854054	0.372387	-0.927700	0.026476	0.797987	0.305492	-0.519510
27188	8.421299	0.225946	-5.514728	0.042074	0.095185	-0.003659	0.473065	0.214368	0.854550	0.372744	-0.927560	0.026338	0.798293	0.306069	-0.518700
27189	8.423049	0.240211	-5.476191	0.046977	0.104868	-0.006506	0.472192	0.214146	0.855089	0.373141	-0.927405	0.026203	0.798624	0.306696	-0.517819
27190	8.345411	0.240240	-5.439341	0.046558	0.107558	-0.010670	0.471270	0.213953	0.855645	0.373568	-0.927236	0.026102	0.798969	0.307340	-0.516904
27191	8.244020	0.215388	-5.450832	0.039488	0.115720	-0.009807	0.470292	0.213710	0.856244	0.373909	-0.927100	0.026025	0.799386	0.307918	-0.515916
27192	8.183247	0.245044	-5.387701	0.053551	0.118121	-0.015986	0.469264	0.213533	0.856852	0.374417	-0.926898	0.025935	0.799752	0.308650	-0.514910
27193	8.160648	0.197090	-5.376418	0.065909	0.124215	-0.019181	0.468175	0.213359	0.857491	0.375036	-0.926651	0.025804	0.800100	0.309509	-0.513852
27194	8.149286	0.157079	-5.288882	0.077369	0.126260	-0.019361	0.467069	0.213186	0.858137	0.375750	-0.926367	0.025622	0.800412	0.310478	-0.512782
27195	8.216177	0.093923	-5.178354	0.091920	0.131721	-0.021796	0.465913	0.213044	0.858800	0.376617	-0.926021	0.025399	0.800678	0.311605	-0.511681
27196	8.287002	0.013824	-5.097407	0.107723	0.132500	-0.020443	0.464751	0.212858	0.859475	0.377579	-0.925638	0.025073	0.800900	0.312867	-0.510562
27197	8.385358	-0.058256	-4.997413	0.131081	0.133922	-0.016607	0.463596	0.212617	0.860159	0.378696	-0.925195	0.024589	0.801042	0.314339	-0.509433
27198	8.529915	-0.147228	-4.862480	0.169255	0.132077	-0.008331	0.462483	0.212317	0.860832	0.380094	-0.924640	0.023849	0.801023	0.316167	-0.508330
27199	8.633313	-0.202790	-4.811713	0.219258	0.132949	-0.004703	0.461378	0.211987	0.861506	0.381888	-0.923927	0.022827	0.800807	0.318467	-0.507235
27200	8.728027	-0.227369	-4.700774	0.256412	0.124364	0.000595	0.460361	0.211622	0.862139	0.383942	-0.923105	0.021572	0.800410	0.321080	-0.506213
27201	8.806276	-0.155523	-4.647229	0.303000	0.114561	-0.000050	0.459422	0.211322	0.862713	0.386405	-0.922110	0.020099	0.799764	0.324123	-0.505293
27202	8.859398	-0.080849	-4.560628	0.319856	0.103423	-0.001479	0.458566	0.211038	0.863239	0.388972	-0.921063	0.018546	0.799011	0.327271	-0.504455
27203	8.991272	0.070024	-4.567049	0.304661	0.079425	-0.017209	0.457846	0.210975	0.863636	0.391488	-0.920022	0.017207	0.798195	0.330224	-0.503822
27204	9.171951	0.199865	-4.415989	0.252401	0.031353	-0.040992	0.457411	0.211287	0.863790	0.393693	-0.919097	0.016339	0.797359	0.332594	-0.503587
27205	9.397967	0.425443	-4.194246	0.174232	-0.023684	-0.066576	0.457324	0.212026	0.863655	0.395389	-0.918373	0.016092	0.796569	0.334120	-0.503827
27206	9.673453	0.468214	-4.021749	0.089200	-0.067540	-0.087598	0.457491	0.213095	0.863303	0.396504	-0.917886	0.016448	0.795919	0.334778	-0.504417
27207	9.752463	0.173954	-4.124549	0.028895	-0.074171	-0.106482	0.457643	0.214360	0.862909	0.397219	-0.917561	0.017272	0.795474	0.334860	-0.505064
27208	9.706591	-0.337039	-4.222435	0.061967	-0.123690	-0.109714	0.458166	0.215820	0.862268	0.398218	-0.917115	0.017954	0.794674	0.335145	-0.506134
27209	9.677257	-0.513984	-4.073591	0.195643	-0.161805	-0.117253	0.458974	0.217523	0.861410	0.400344	-0.916187	0.018045	0.793138	0.336578	-0.507590
27210	9.702873	-0.249478	-3.855434	0.326168	-0.186610	-0.119673	0.459947	0.219287	0.860443	0.403482	-0.914821	0.017466	0.790981	0.339139	-0.509247
27211	9.673301	0.129438	-3.554734	0.392977	-0.187010	-0.123421	0.460891	0.221084	0.859478	0.407166	-0.913204	0.016563	0.788540	0.342317	-0.510905
27212	9.649397	0.365165	-3.251034	0.416985	-0.170918	-0.127555	0.461690	0.222873	0.858586	0.411042	-0.911483	0.015574	0.786058	0.345724	-0.512433
27213	9.722788	0.475119	-3.382817	0.385360	-0.145367	-0.142274	0.462215	0.224752	0.857813	0.414777	-0.909801	0.014879	0.783784	0.348924	-0.513746
27214	9.870726	0.414941	-3.663549	0.266466	-0.148734	-0.146516	0.462745	0.226642	0.857030	0.417545	-0.908535	0.014813	0.781999	0.350994	-0.515054
27215	9.960000	0.297746	-3.856083	0.156183	-0.171814	-0.145853	0.463446	0.228592	0.856133	0.419440	-0.907654	0.015295	0.780569	0.352008	-0.516530
27216	10.081780	0.255991	-3.847263	0.075927	-0.218524	-0.132445	0.464569	0.230601	0.854985	0.420652	-0.907080	0.016085	0.779248	0.352178	-0.518404
27217	10.185043	0.180562	-3.764188	0.037348	-0.265182	-0.105627	0.466164	0.232524	0.853595	0.421434	-0.906703	0.016837	0.777872	0.351885	-0.520665
27218	10.284983	0.127901	-3.863278	0.027475	-0.297861	-0.070148	0.468158	0.234245	0.852032	0.421980	-0.906439	0.017341	0.776377	0.351422	-0.523203
27219	10.399590	0.105263	-4.046077	0.030967	-0.337512	-0.019166	0.470665	0.235612	0.850271	0.422293	-0.906293	0.017376	0.774689	0.350885	-0.526058
27220	10.539147	0.060881	-4.504671	0.046335	-0.372392	0.039600	0.473689	0.236597	0.848317	0.422470	-0.906220	0.016845	0.772747	0.350409	-0.529221
27221	10.449129	-0.107785	-4.537926	0.065594	-0.383315	0.075173	0.476933	0.237287	0.846304	0.422626	-0.906165	0.015901	0.770663	0.350086	-0.532463
27222	10.133604	-0.311247	-3.947730	0.036959	-0.366942	0.058306	0.479979	0.238080	0.844357	0.422637	-0.906170	0.015260	0.768764	0.349532	-0.535564
27223	9.714876	-0.599937	-3.529066	-0.014257	-0.251946	-0.014037	0.481834	0.239068	0.843020	0.422541	-0.906212	0.015481	0.767655	0.348751	-0.537660
27224	8.867941	-0.645029	-3.878250	0.049075	-0.126861	-0.081460	0.482438	0.240286	0.842328	0.423316	-0.905842	0.015952	0.766849	0.348875	-0.538729
27225	8.220972	-0.495622	-4.658043	0.150748	-0.110893	-0.124335	0.482735	0.241766	0.841734	0.425011	-0.905043	0.016206	0.765723	0.349923	-0.539649
27226	7.917956	-0.540352	-5.504439	0.173271	-0.123096	-0.132679	0.483086	0.243436	0.841051	0.426983	-0.904110	0.016435	0.764404	0.351175	-0.540706
27227	7.655673	-0.629512	-5.874362	0.175552	-0.125272	-0.106001	0.483558	0.244787	0.840387	0.428771	-0.903265	0.016387	0.763104	0.352409	-0.541738
27228	7.539601	-0.729815	-5.958649	0.141442	-0.132336	-0.031796	0.484405	0.245578	0.839668	0.430009	-0.902684	0.015936	0.761869	0.353345	-0.542866
27229	7.814694	-0.390837	-5.455394	0.123761	-0.071232	0.057076	0.485167	0.245299	0.839310	0.430634	-0.902405	0.014809	0.761030	0.354251	-0.543452
27230	8.095976	0.606925	-4.377277	0.187316	0.076436	0.125649	0.485102	0.243931	0.839746	0.431456	-0.902043	0.012786	0.760606	0.356111	-0.542829
27231	8.237119	1.380037	-3.778844	0.195313	0.298987	0.166085	0.483503	0.241309	0.841424	0.432078	-0.901777	0.010335	0.761271	0.358564	-0.540276
27232	8.073858	2.043512	-3.661976	0.107860	0.533662	0.191777	0.480237	0.237698	0.844317	0.431982	-0.901845	0.008187	0.763390	0.360798	-0.535781
27233	7.917988	2.573403	-3.747557	-0.141122	0.750327	0.240264	0.475479	0.232694	0.848395	0.429628	-0.902980	0.006882	0.767684	0.361222	-0.529320
27234	8.556420	2.933136	-3.106239	-0.487127	1.022168	0.304957	0.468874	0.226292	0.853786	0.424436	-0.905431	0.006892	0.774604	0.359146	-0.520579
27235	9.094756	2.985906	-2.754262	-0.733341	1.318375	0.349860	0.460010	0.218338	0.860651	0.417038	-0.908857	0.007664	0.783882	0.355399	-0.509138
27236	9.310093	2.357671	-2.932367	-0.945631	1.572579	0.388634	0.449173	0.209287	0.868586	0.407810	-0.913021	0.009103	0.794943	0.350129	-0.495454
27237	9.317313	1.486319	-3.061102	-1.024855	1.772860	0.397350	0.436531	0.199508	0.877290	0.397836	-0.917394	0.010669	0.806949	0.344360	-0.479843
27238	9.425168	0.745106	-3.044016	-0.941424	1.947714	0.380579	0.422168	0.189387	0.886514	0.388550	-0.921352	0.011798	0.819026	0.339474	-0.462552
27239	9.409682	0.174130	-2.963804	-0.756681	2.120196	0.369246	0.406028	0.178759	0.896207	0.380720	-0.924613	0.011939	0.830779	0.336356	-0.443476
27240	9.404716	-0.145733	-2.940769	-0.495138	2.280172	0.343164	0.388232	0.167958	0.906127	0.375217	-0.926871	0.011041	0.841717	0.335708	-0.422862
27241	9.449735	-0.435891	-2.835590	-0.229226	2.418680	0.316990	0.368863	0.156857	0.916153	0.372062	-0.928163	0.009113	0.851769	0.337504	-0.400726
27242	9.502982	-0.806408	-2.855988	0.052458	2.555002	0.287343	0.348029	0.145549	0.926116	0.371479	-0.928420	0.006311	0.860743	0.341836	-0.377185
27243	9.583110	-1.116349	-2.851477	0.357991	2.688112	0.252558	0.325634	0.133887	0.935968	0.373713	-0.927540	0.002662	0.868505	0.348917	-0.352074
27244	9.678315	-1.206286	-2.916422	0.670873	2.803425	0.200980	0.301928	0.122143	0.945474	0.378926	-0.925426	-0.001453	0.874788	0.358703	-0.325696
27245	9.796865	-1.172418	-2.869662	0.955496	2.907148	0.142274	0.276903	0.110192	0.954559	0.386825	-0.922135	-0.005763	0.879597	0.370843	-0.297967
27246	10.083469	-0.890235	-2.559225	1.208049	2.994779	0.064135	0.250738	0.098319	0.963049	0.397295	-0.917639	-0.009756	0.882772	0.385061	-0.269149
27247	10.317102	-0.461008	-2.408472	1.403654	3.082239	-0.024999	0.223333	0.086428	0.970903	0.409754	-0.912102	-0.013061	0.884434	0.400749	-0.239117
27248	10.428554	0.175274	-2.153542	1.489099	3.150344	-0.125916	0.194911	0.074730	0.977970	0.423183	-0.905918	-0.015117	0.884831	0.416806	-0.208198
27249	10.605026	0.687306	-1.796089	1.444105	3.175465	-0.223145	0.165796	0.063257	0.984129	0.436321	-0.899654	-0.015679	0.884384	0.431996	-0.176759
27250	10.821994	1.078172	-1.448520	1.326624	3.209484	-0.295726	0.136089	0.051858	0.989338	0.448482	-0.893668	-0.014848	0.883371	0.445721	-0.144876
27251	10.837513	1.342029	-1.194632	1.147420	3.261488	-0.350657	0.105644	0.040255	0.993589	0.458986	-0.888351	-0.012810	0.882140	0.457396	-0.112326
27252	10.701651	1.269056	-0.881494	0.978233	3.278788	-0.382821	0.074941	0.028524	0.996780	0.467939	-0.883705	-0.009893	0.880577	0.467174	-0.079573
27253	10.461764	1.027421	-0.574408	0.786053	3.254538	-0.391366	0.044411	0.016654	0.998875	0.475045	-0.879938	-0.006450	0.878840	0.474797	-0.046990
27254	10.268881	0.657570	-0.153776	0.661640	3.179967	-0.384087	0.014632	0.004865	0.999881	0.480949	-0.876744	-0.002772	0.876626	0.480933	-0.015168
27255	10.069587	0.123951	0.295498	0.597400	3.068771	-0.370121	-0.014070	-0.006721	0.999878	0.486135	-0.873883	0.000967	0.873770	0.486090	0.015563
27256	9.668908	-0.450427	0.424918	0.633441	2.947477	-0.350417	-0.041511	-0.018034	0.998975	0.491541	-0.870842	0.004704	0.869865	0.491233	0.045014
27257	9.259737	-0.886838	0.753254	0.741059	2.760764	-0.343838	-0.067210	-0.028674	0.997327	0.497735	-0.867287	0.008607	0.864721	0.496983	0.072562
27258	9.117675	-1.170267	0.933973	0.911843	2.542819	-0.362406	-0.090963	-0.038232	0.995120	0.505282	-0.862856	0.013037	0.858147	0.504002	0.097806
27259	9.228231	-1.306428	1.159933	1.101493	2.353818	-0.415514	-0.113242	-0.046609	0.992474	0.514215	-0.857464	0.018404	0.850152	0.512429	0.121068
27260	9.206012	-0.877046	1.335788	1.382167	2.213707	-0.475438	-0.134455	-0.053978	0.989449	0.525285	-0.850559	0.024979	0.840236	0.523101	0.142715
27261	8.814808	-0.034172	1.654969	1.589505	2.054349	-0.518958	-0.154414	-0.060446	0.986155	0.537746	-0.842478	0.032562	0.828846	0.535329	0.162595
27262	8.328860	0.958130	2.170831	1.669014	1.843829	-0.535192	-0.172530	-0.065917	0.982796	0.550579	-0.833789	0.040731	0.816759	0.548135	0.180146
27263	7.900909	2.036729	2.517156	1.625717	1.608892	-0.498616	-0.188408	-0.070689	0.979544	0.562804	-0.825154	0.048704	0.804831	0.560468	0.195250
27264	7.592293	2.898356	2.818760	1.325012	1.342228	-0.425816	-0.201592	-0.074748	0.976613	0.572546	-0.817987	0.055577	0.794702	0.570360	0.207697
27265	7.283205	3.496959	3.478106	0.833399	1.072596	-0.312759	-0.211938	-0.078333	0.974139	0.578438	-0.813485	0.060433	0.787713	0.576287	0.217719
27266	7.244047	3.480095	3.858052	0.269265	0.805915	-0.198506	-0.219455	-0.081340	0.972226	0.580100	-0.812105	0.062999	0.784425	0.577814	0.225406
27267	7.319915	2.866802	3.701183	-0.222376	0.572833	-0.101011	-0.224595	-0.083806	0.970842	0.578079	-0.813506	0.063508	0.784463	0.575487	0.231156
27268	7.479148	1.843468	3.133661	-0.579498	0.381564	-0.036401	-0.227834	-0.085665	0.969924	0.573417	-0.816873	0.062548	0.786947	0.570421	0.235234
27269	7.595835	0.840128	2.547963	-0.761468	0.244371	-0.009369	-0.229878	-0.086958	0.969327	0.567336	-0.821233	0.060873	0.790750	0.563927	0.238117
27270	7.589599	0.205523	2.075488	-0.794042	0.109730	0.005189	-0.230750	-0.087584	0.969063	0.561025	-0.825696	0.058963	0.794987	0.557274	0.239667
27271	7.636984	-0.260823	1.766987	-0.740445	-0.008747	0.003789	-0.230722	-0.087550	0.969073	0.555079	-0.829830	0.057186	0.799159	0.551106	0.240057
27272	7.840117	-0.765000	1.550044	-0.620618	-0.114194	-0.001093	-0.229845	-0.086883	0.969341	0.550078	-0.833251	0.055746	0.802861	0.546026	0.239311
27273	8.066926	-0.955239	1.378464	-0.435863	-0.190947	-0.010969	-0.228431	-0.085736	0.969778	0.546492	-0.835666	0.054847	0.805708	0.542504	0.237746
27274	8.239167	-0.905604	1.195516	-0.233494	-0.240376	-0.012169	-0.226589	-0.084300	0.970335	0.544553	-0.836957	0.054449	0.807539	0.540737	0.235551
27275	8.290721	-0.779281	1.274751	-0.063133	-0.303894	-0.001054	-0.224200	-0.082633	0.971034	0.543984	-0.837334	0.054344	0.808588	0.540411	0.232681
27276	8.322833	-0.579191	1.338168	0.081067	-0.364062	0.025560	-0.221147	-0.080846	0.971884	0.544670	-0.836889	0.054320	0.808968	0.541369	0.229110
27277	8.317900	-0.321239	1.375826	0.173624	-0.443225	0.066055	-0.217261	-0.078981	0.972913	0.546162	-0.835930	0.054103	0.809014	0.543123	0.224752
27278	8.327632	-0.085807	1.412617	0.209770	-0.532441	0.119883	-0.212329	-0.077053	0.974156	0.548090	-0.834711	0.053439	0.809020	0.545272	0.219466
27279	8.329322	0.004861	1.493471	0.166625	-0.635638	0.173241	-0.206294	-0.075014	0.975611	0.549744	-0.833704	0.052141	0.809459	0.547093	0.213226
27280	8.380685	-0.084754	1.402974	0.095939	-0.757854	0.227890	-0.198932	-0.072730	0.977311	0.550957	-0.833025	0.050155	0.810477	0.548433	0.205787
27281	8.377268	-0.220644	1.198267	0.026793	-0.857480	0.292412	-0.190423	-0.070447	0.979171	0.551687	-0.832704	0.047380	0.812022	0.549219	0.197430
27282	8.353438	-0.449079	1.033613	-0.071324	-0.958584	0.349617	-0.180731	-0.068062	0.981175	0.551731	-0.832869	0.043854	0.814205	0.549270	0.188077
27283	8.238494	-0.873224	0.721913	-0.137051	-1.069019	0.401332	-0.169858	-0.065525	0.983288	0.551261	-0.833388	0.039692	0.816860	0.548790	0.177678
27284	8.213358	-1.383437	0.313377	-0.157106	-1.194840	0.449089	-0.157637	-0.062683	0.985506	0.550686	-0.833977	0.035040	0.819692	0.548228	0.165985
27285	8.117460	-1.865831	-0.182387	-0.130716	-1.302596	0.490958	-0.144297	-0.059630	0.987736	0.550299	-0.834428	0.030017	0.822405	0.547881	0.153220
27286	8.079985	-2.463157	-0.832991	-0.020519	-1.379774	0.526776	-0.130066	-0.056430	0.989898	0.550829	-0.834249	0.024818	0.824421	0.548492	0.139591
27287	7.891222	-2.825253	-1.619906	0.091414	-1.431214	0.561997	-0.115213	-0.053249	0.991913	0.552216	-0.833475	0.019398	0.825701	0.549985	0.125432
27288	8.324376	-2.916568	-2.129365	0.197873	-1.450691	0.573291	-0.100090	-0.049996	0.993721	0.554445	-0.832103	0.013981	0.826179	0.552364	0.111005
27289	9.993061	-1.973361	-1.181258	0.386932	-1.328118	0.529881	-0.086227	-0.047033	0.995165	0.558079	-0.829737	0.009141	0.825295	0.556169	0.097794
27290	13.411305	0.546337	2.074299	0.669946	-0.965939	0.374587	-0.076200	-0.044702	0.996090	0.563882	-0.825833	0.006076	0.822333	0.562140	0.088135
27291	19.078690	4.223535	7.868891	1.111853	-0.201766	0.063109	-0.074239	-0.044074	0.996266	0.572985	-0.819541	0.006441	0.816197	0.571323	0.086096
27292	20.647854	2.688600	7.886391	1.900857	0.116392	-0.105115	-0.075826	-0.043862	0.996156	0.588294	-0.808595	0.009176	0.805084	0.586729	0.087117
27293	14.992385	0.377547	-2.337772	2.564004	-0.645816	0.091583	-0.070185	-0.040742	0.996702	0.608758	-0.793287	0.010440	0.790245	0.607483	0.080479
27294	9.999503	3.989350	-2.361827	2.625448	-1.381332	0.489198	-0.056380	-0.036016	0.997760	0.629595	-0.776887	0.007533	0.774875	0.628609	0.066476
27295	7.888504	9.156259	-0.544063	1.934603	-1.733351	0.759756	-0.038262	-0.030836	0.998792	0.644793	-0.764357	0.001103	0.763399	0.644056	0.049128
27296	8.252767	9.400563	1.030474	0.452937	-1.742645	0.969702	-0.018744	-0.026947	0.999461	0.648503	-0.761166	-0.008360	0.760981	0.647997	0.031742
27297	7.189271	4.872686	0.165603	-1.400680	-1.410889	1.028752	-0.001382	-0.025731	0.999668	0.637861	-0.769919	-0.018935	0.770151	0.637623	0.017477
27298	6.155217	-0.342456	-1.661426	-2.156652	-1.259719	0.971391	0.014485	-0.025318	0.999575	0.621024	-0.783261	-0.028838	0.783658	0.621178	0.004377
27299	6.650842	-4.858286	-3.989968	-1.886457	-1.383573	0.849851	0.030564	-0.023499	0.999257	0.605927	-0.794649	-0.037221	0.794933	0.606614	-0.010049
27300	8.605192	-8.804658	-6.444173	-0.926187	-1.440060	0.601284	0.045635	-0.019580	0.998766	0.598296	-0.800119	-0.043023	0.799975	0.599521	-0.024799
27301	10.531652	-9.004348	-6.785895	0.662065	-1.258083	0.386695	0.057945	-0.015062	0.998206	0.603360	-0.796081	-0.047037	0.795361	0.605003	-0.037041
27302	11.422386	-5.627884	-5.529819	2.002227	-1.122042	0.377101	0.069068	-0.011134	0.997550	0.618902	-0.783771	-0.051600	0.782426	0.620949	-0.047243
27303	11.341335	-1.750293	-4.352273	2.691233	-1.027230	0.455226	0.079837	-0.008154	0.996775	0.639366	-0.766751	-0.057483	0.764747	0.641893	-0.056002
27304	10.816044	2.064152	-2.837363	2.576469	-0.869620	0.497866	0.089608	-0.006235	0.995958	0.658411	-0.749938	-0.063933	0.747305	0.661478	-0.063095
27305	10.333254	5.201342	-1.527042	1.670152	-0.739417	0.591723	0.098981	-0.005673	0.995073	0.670227	-0.738764	-0.070880	0.735526	0.673941	-0.069321
27306	9.375390	6.193605	-0.905900	0.271498	-0.651204	0.721792	0.108569	-0.006577	0.994067	0.671460	-0.736902	-0.078210	0.733044	0.675968	-0.075588
27307	8.785705	4.145835	-1.443524	-1.005668	-0.636019	0.810269	0.118615	-0.008255	0.992906	0.663142	-0.743606	-0.085403	0.739036	0.668567	-0.082729
27308	8.850286	1.102277	-2.081378	-1.670127	-0.618738	0.848738	0.128756	-0.010489	0.991621	0.649652	-0.754603	-0.092335	0.749249	0.656098	-0.090345
27309	9.203594	-1.394946	-2.387634	-1.805685	-0.660015	0.847571	0.139140	-0.012593	0.990193	0.634903	-0.766227	-0.098960	0.759959	0.642446	-0.098617
27310	9.474241	-3.570128	-2.542965	-1.573574	-0.699327	0.795876	0.149452	-0.014252	0.988666	0.621716	-0.776150	-0.105171	0.768852	0.630387	-0.107136
27311	9.638757	-5.256408	-2.489138	-1.037533	-0.718191	0.691340	0.159222	-0.015084	0.987127	0.612658	-0.782546	-0.110779	0.774144	0.622410	-0.115357
27312	9.617247	-5.937966	-2.646229	-0.249879	-0.706359	0.588497	0.168255	-0.015276	0.985625	0.609750	-0.784024	-0.116241	0.774529	0.620543	-0.122602
27313	9.542205	-5.043501	-2.624404	0.466463	-0.712470	0.503437	0.176801	-0.014731	0.984136	0.612493	-0.781048	-0.121725	0.770451	0.624297	-0.129067
27314	9.868189	-3.624339	-2.436304	0.820264	-0.718278	0.449752	0.185045	-0.013696	0.982635	0.617964	-0.775851	-0.127186	0.764120	0.630768	-0.135104
27315	10.075219	-2.369562	-2.323348	0.788459	-0.668557	0.428921	0.192762	-0.012730	0.981163	0.623160	-0.770802	-0.132428	0.757968	0.636948	-0.140648
27316	9.956900	-1.509067	-1.984767	0.443002	-0.589892	0.407822	0.199734	-0.012072	0.979776	0.625701	-0.767936	-0.137015	0.754059	0.640413	-0.145829
27317	9.637839	-1.319574	-1.918656	-0.087628	-0.514653	0.382742	0.205973	-0.011673	0.978488	0.624269	-0.768457	-0.140577	0.753567	0.639795	-0.150994
27318	9.418754	-1.785332	-2.279066	-0.513446	-0.468191	0.349009	0.211643	-0.011346	0.977281	0.619659	-0.771706	-0.143155	0.755798	0.635878	-0.156295
27319	9.441002	-2.346059	-2.541037	-0.655216	-0.441700	0.328784	0.216984	-0.011046	0.976113	0.613999	-0.775824	-0.145268	0.758896	0.630853	-0.161560
27320	9.577692	-2.501937	-2.421978	-0.587724	-0.451112	0.322223	0.222350	-0.010688	0.974908	0.608816	-0.779497	-0.147400	0.761514	0.626314	-0.166815
27321	9.709747	-2.082524	-2.266717	-0.449137	-0.456815	0.312042	0.227696	-0.010224	0.973679	0.604697	-0.782275	-0.149624	0.763214	0.622849	-0.171938
27322	9.823264	-1.613577	-2.041316	-0.362465	-0.460687	0.308321	0.233040	-0.009748	0.972418	0.601212	-0.784511	-0.151945	0.764354	0.620039	-0.176962
27323	9.667801	-1.193314	-1.786359	-0.339193	-0.431724	0.298980	0.238106	-0.009378	0.971194	0.597921	-0.786586	-0.154187	0.765373	0.617410	-0.181683
27324	9.384267	-0.957034	-1.601127	-0.375706	-0.423288	0.299241	0.243099	-0.009099	0.969959	0.594317	-0.788886	-0.156353	0.766610	0.614472	-0.186370
27325	9.348447	-1.017232	-1.442581	-0.434585	-0.416381	0.300935	0.248047	-0.008877	0.968707	0.590252	-0.791527	-0.158393	0.768164	0.611070	-0.191096
27326	9.273052	-1.493012	-1.601530	-0.447464	-0.435744	0.319533	0.253244	-0.008726	0.967363	0.586004	-0.794239	-0.160574	0.769718	0.607543	-0.196023
27327	9.303024	-1.891150	-1.553444	-0.400234	-0.458750	0.334335	0.258702	-0.008557	0.965919	0.582075	-0.796640	-0.162954	0.770884	0.604394	-0.201111
27328	9.390194	-1.835451	-1.540233	-0.334748	-0.479611	0.338680	0.264334	-0.008337	0.964395	0.578602	-0.798644	-0.165494	0.771588	0.601747	-0.206285
27329	9.389268	-1.526386	-1.532549	-0.287231	-0.486430	0.348943	0.270072	-0.008157	0.962806	0.575461	-0.800346	-0.168200	0.771950	0.599483	-0.211456
27330	9.264849	-1.353444	-1.507739	-0.391842	-0.511299	0.347203	0.275980	-0.007853	0.961131	0.571482	-0.802674	-0.170654	0.772816	0.596366	-0.217034
27331	9.273624	-1.615599	-1.610260	-0.517785	-0.528463	0.344409	0.281998	-0.007436	0.959386	0.566523	-0.805731	-0.172766	0.774292	0.592234	-0.223002
27332	9.314702	-1.789327	-1.825965	-0.558470	-0.538626	0.337340	0.288043	-0.006951	0.957592	0.561229	-0.809015	-0.174690	0.775921	0.587747	-0.229130
27333	9.352018	-2.007000	-1.967684	-0.573440	-0.560128	0.324699	0.294177	-0.006258	0.955730	0.555837	-0.812358	-0.176408	0.777499	0.583126	-0.235499
27334	9.401064	-2.043756	-1.959509	-0.587422	-0.575811	0.312818	0.300358	-0.005431	0.953811	0.550332	-0.815764	-0.177946	0.779051	0.578360	-0.242032
27335	9.360679	-2.070680	-2.024792	-0.597859	-0.592646	0.307460	0.306633	-0.004486	0.951817	0.544743	-0.819199	-0.179353	0.780533	0.573492	-0.248749
27336	9.332955	-2.014841	-2.147682	-0.571581	-0.611409	0.313135	0.313075	-0.003534	0.949722	0.539305	-0.822464	-0.180842	0.781751	0.568807	-0.255587
27337	9.348805	-1.819081	-1.989102	-0.536290	-0.625207	0.314921	0.319626	-0.002543	0.947540	0.534120	-0.825501	-0.182386	0.782659	0.564395	-0.262493
27338	9.375369	-1.483946	-1.669049	-0.487055	-0.663619	0.322327	0.326505	-0.001445	0.945194	0.529263	-0.828246	-0.184093	0.783119	0.560363	-0.269662
27339	9.525546	-1.337601	-1.198360	-0.499741	-0.699081	0.333959	0.333710	-0.000270	0.942676	0.524252	-0.831041	-0.185825	0.783453	0.556211	-0.277185
27340	9.463020	-1.767348	-0.779995	-0.475457	-0.738384	0.337403	0.341225	0.001045	0.939981	0.519386	-0.833689	-0.187617	0.783456	0.552233	-0.285019
27341	9.358510	-2.018292	-0.841204	-0.406545	-0.806366	0.339179	0.349263	0.002692	0.937021	0.515035	-0.835943	-0.189572	0.782786	0.548809	-0.293350
27342	9.302433	-2.170656	-1.041032	-0.370580	-0.887556	0.342265	0.357931	0.004716	0.933736	0.510925	-0.837996	-0.191622	0.781563	0.545657	-0.302354
27343	9.427609	-2.141604	-1.299260	-0.341605	-0.962560	0.341847	0.367153	0.007120	0.930133	0.507020	-0.839886	-0.193708	0.779827	0.542716	-0.311976
27344	9.657434	-1.909478	-1.734284	-0.389053	-1.018400	0.337419	0.376760	0.009824	0.926259	0.502734	-0.842031	-0.195558	0.778017	0.539340	-0.322182
27345	10.072290	-1.623577	-2.179286	-0.508938	-1.062916	0.325177	0.386614	0.012820	0.922153	0.497536	-0.844813	-0.196848	0.776523	0.534908	-0.332995
27346	10.604081	-1.473442	-2.351357	-0.669129	-1.068751	0.317876	0.396451	0.015847	0.917919	0.491099	-0.848429	-0.197459	0.775660	0.529072	-0.344143
27347	10.927810	-1.256729	-2.160895	-0.765181	-1.057869	0.306573	0.406114	0.018830	0.913629	0.483934	-0.852517	-0.197542	0.775164	0.522360	-0.355331
27348	11.136075	-1.201706	-1.806610	-0.869704	-1.080403	0.288414	0.415843	0.021999	0.909170	0.476010	-0.857096	-0.196982	0.774912	0.514687	-0.366889
27349	11.226834	-1.025716	-1.290810	-0.925745	-1.104603	0.253314	0.425561	0.025489	0.904571	0.467770	-0.861894	-0.195779	0.774654	0.506447	-0.378711
27350	11.038148	-1.148255	-0.825683	-0.891413	-1.137329	0.231354	0.435413	0.029237	0.899756	0.459874	-0.866446	-0.194389	0.773907	0.498414	-0.390707
27351	10.361524	-1.670710	-1.023921	-0.939289	-1.271377	0.211919	0.446171	0.033702	0.894313	0.451674	-0.871166	-0.192510	0.772607	0.489831	-0.403911
27352	11.043587	-2.134365	-0.278982	-0.664498	-1.351693	0.126070	0.457132	0.039213	0.888534	0.445984	-0.874455	-0.190858	0.769499	0.483519	-0.417230
27353	10.933101	-2.511347	0.166194	-0.464523	-1.455230	0.099149	0.468695	0.045363	0.882194	0.441954	-0.876745	-0.189721	0.764854	0.478811	-0.430975
27354	11.222627	-3.057857	-0.747653	-0.286917	-1.596036	0.034977	0.480981	0.052705	0.875146	0.439607	-0.878140	-0.188723	0.758553	0.475492	-0.445538
27355	11.702565	-2.805211	-0.473524	-0.090859	-1.678568	0.003098	0.493618	0.060647	0.867562	0.438892	-0.878588	-0.188299	0.750810	0.473714	-0.460304
27356	11.701362	-1.798981	-0.136912	0.024609	-1.758799	-0.022856	0.506619	0.069205	0.859388	0.439196	-0.878464	-0.188169	0.741920	0.472770	-0.475441
27357	11.459126	-0.973541	0.080505	-0.049881	-1.842326	-0.020483	0.520065	0.078067	0.850551	0.438912	-0.878702	-0.187719	0.732727	0.470943	-0.491247
27358	10.721253	0.033111	0.306932	-0.239403	-1.939243	-0.004225	0.534142	0.087236	0.840882	0.437198	-0.879828	-0.186439	0.723568	0.467217	-0.508092
27359	10.346630	0.228956	0.973989	-0.476906	-2.041416	0.015767	0.548840	0.096553	0.830333	0.433659	-0.882075	-0.184073	0.714643	0.461108	-0.525989
27360	9.931917	-0.178539	1.282308	-0.660029	-2.159736	0.028500	0.564273	0.106208	0.818728	0.428822	-0.885127	-0.180726	0.705483	0.453068	-0.544998
27361	9.715066	-0.379722	1.481805	-0.676743	-2.300938	0.041771	0.580513	0.116135	0.805926	0.423815	-0.888230	-0.177281	0.695259	0.444478	-0.564849
27362	9.565996	0.079452	1.588953	-0.628331	-2.447886	0.068294	0.597653	0.126339	0.791739	0.419092	-0.891083	-0.174165	0.683501	0.435901	-0.585505
27363	9.681953	-0.028448	2.001213	-0.798058	-2.603588	0.101545	0.615654	0.136604	0.776086	0.413037	-0.894673	-0.170177	0.671097	0.425322	-0.607232
27364	11.137278	-1.887908	3.527029	-1.374333	-2.764269	0.066730	0.634294	0.147573	0.758876	0.403489	-0.900505	-0.162135	0.659445	0.409039	-0.630729
27365	13.344448	-0.665940	1.583226	-0.810382	-2.807277	0.022448	0.652634	0.158633	0.740881	0.398016	-0.903830	-0.157085	0.644711	0.397401	-0.653008
27366	14.793733	1.111038	0.276084	-1.061691	-2.984943	-0.024258	0.671529	0.170535	0.721088	0.391428	-0.907933	-0.149803	0.629153	0.382851	-0.676455
27367	14.900268	1.701793	1.996155	-1.207714	-2.847408	-0.011155	0.689135	0.181238	0.701602	0.383941	-0.912465	-0.141411	0.614558	0.366825	-0.698396
27368	13.053129	1.792148	2.588037	-1.711186	-2.901086	-0.006709	0.706719	0.191673	0.681036	0.373606	-0.918549	-0.129175	0.600806	0.345730	-0.720766
27369	12.062479	0.891694	2.211359	-2.365301	-3.164766	0.078391	0.725743	0.201365	0.657837	0.358936	-0.926574	-0.112362	0.586909	0.317667	-0.744732
27370	12.792927	-0.569920	-0.210715	-2.750341	-3.346936	0.223697	0.745902	0.209409	0.632280	0.341370	-0.935323	-0.092939	0.571924	0.285165	-0.769145
27371	14.140587	-2.235857	-3.878699	-3.128750	-3.348625	0.208513	0.765444	0.216290	0.606064	0.322055	-0.944144	-0.069804	0.557113	0.248617	-0.792347
27372	14.939253	-3.046506	-6.247649	-3.267207	-3.138127	0.048249	0.782842	0.223081	0.580856	0.303728	-0.951751	-0.043821	0.543054	0.210727	-0.812826
27373	14.837454	-3.313289	-7.804377	-3.283548	-2.921191	-0.105040	0.798154	0.229569	0.556999	0.286848	-0.957838	-0.016264	0.529781	0.172755	-0.830354
27374	15.693233	-3.160358	-8.999574	-2.821176	-2.369605	-0.158806	0.810115	0.234841	0.537180	0.273358	-0.961877	0.008260	0.518641	0.140151	-0.843427
27375	14.555989	-2.311817	-11.365974	-2.363821	-1.966045	-0.166804	0.819729	0.238796	0.520597	0.262453	-0.964504	0.029158	0.509081	0.112731	-0.853304
27376	13.644662	-2.165644	-15.461717	-2.242356	-1.884512	-0.139300	0.828857	0.242059	0.504385	0.252319	-0.966395	0.049147	0.499331	0.086530	-0.862079
27377	11.609888	-2.201504	-16.355275	-1.899630	-1.611598	-0.135380	0.836462	0.244430	0.490495	0.243907	-0.967536	0.066210	0.490755	0.064253	-0.868925
27378	9.457305	-0.450181	-12.361721	-1.462498	-1.235656	-0.160058	0.842083	0.246708	0.479616	0.238149	-0.967947	0.079771	0.483923	0.047046	-0.873845
27379	7.913155	1.019802	-7.064011	-1.529737	-0.499903	-0.101492	0.844230	0.247722	0.475299	0.231459	-0.968334	0.093569	0.483428	0.031019	-0.874834
27380	6.546100	1.841819	-6.368342	-1.536934	0.012842	0.029872	0.844221	0.247472	0.475446	0.223775	-0.968761	0.106901	0.487048	0.016145	-0.873226
27381	6.771927	1.260521	-8.843696	-1.552800	0.330468	0.171208	0.842942	0.245620	0.478664	0.214568	-0.969364	0.119554	0.493365	0.001929	-0.869820
27382	6.470157	-0.878177	-9.996679	-1.384780	0.712752	0.245170	0.839895	0.243312	0.485155	0.205636	-0.969899	0.130422	0.502285	-0.009776	-0.864647
27383	6.284149	-2.407223	-9.663011	-0.806989	1.125366	0.317096	0.834785	0.240206	0.495414	0.198725	-0.970608	0.135751	0.513461	-0.014872	-0.857984
27384	5.821525	-2.622637	-8.894041	-0.004630	1.538791	0.434411	0.827627	0.236231	0.509145	0.195115	-0.971632	0.133650	0.526274	-0.011270	-0.850241
27385	5.482976	-2.330223	-7.711136	0.695256	1.871072	0.534702	0.818649	0.230955	0.525807	0.194252	-0.972965	0.124925	0.540444	-0.000131	-0.841380
27386	5.227654	-2.272669	-7.144352	1.210196	2.217119	0.567387	0.807587	0.225289	0.545022	0.196296	-0.974149	0.111809	0.556122	0.016690	-0.830933
27387	5.102597	-1.983937	-7.214848	1.727190	2.626010	0.561673	0.793821	0.218881	0.567397	0.201380	-0.974958	0.094361	0.573842	0.039357	-0.818020
27388	4.844106	-1.132173	-7.700179	2.319060	3.080114	0.538318	0.776939	0.212011	0.592805	0.210707	-0.974858	0.072493	0.593269	0.068585	-0.802077
27389	4.290220	0.059972	-8.298466	2.790402	3.490358	0.472448	0.756837	0.204205	0.620885	0.223751	-0.973492	0.047431	0.614112	0.103026	-0.782465
27390	3.847564	1.001028	-8.828330	3.069598	3.809683	0.361118	0.733852	0.196095	0.650390	0.240258	-0.970471	0.021512	0.635403	0.140475	-0.759296
27391	3.848663	1.580921	-8.608630	3.126434	4.122442	0.210845	0.707658	0.187273	0.681285	0.258783	-0.965930	-0.003284	0.657459	0.178628	-0.732011
27392	3.756173	1.861828	-8.074102	3.152765	4.451707	0.031798	0.677951	0.178195	0.713182	0.279663	-0.959745	-0.026047	0.679832	0.217109	-0.700495
27393	3.791809	1.987683	-8.033889	3.179394	4.708815	-0.151315	0.644892	0.168320	0.745508	0.302479	-0.952011	-0.046711	0.701870	0.255624	-0.664857
27394	3.839402	1.994650	-8.122799	3.132226	4.938427	-0.329598	0.608641	0.157922	0.777571	0.326877	-0.942872	-0.064368	0.722986	0.293347	-0.625491
27395	3.819644	2.300365	-7.988023	2.929838	5.167172	-0.503793	0.568938	0.146405	0.809244	0.351195	-0.933039	-0.078107	0.743620	0.328640	-0.582258
27396	4.213166	2.573611	-7.759019	2.508336	5.383896	-0.660083	0.525924	0.134040	0.839903	0.373730	-0.923482	-0.086641	0.764022	0.359463	-0.535777
27397	4.838396	2.121373	-8.092373	1.883917	5.662938	-0.767418	0.478997	0.119899	0.869590	0.392062	-0.915553	-0.089723	0.785397	0.383910	-0.485555
27398	5.956889	2.199750	-8.231365	1.396911	6.111309	-0.794635	0.427106	0.103119	0.898302	0.406794	-0.909170	-0.089047	0.807527	0.403456	-0.430260
27399	6.314914	2.452572	-7.762122	0.963514	6.532764	-0.727845	0.370493	0.082757	0.925141	0.417475	-0.904584	-0.086270	0.829728	0.418186	-0.369691
