// General information: 
//  MT Manager version: 2022.2.0 
//  XDA version: 2022.2.0 build 7381 rev 124627 built on 2023-07-19
// Device information: 
//  DeviceId: 00B4CAF0
//  ProductCode: MTW2-3A7G6
//  Firmware Version: 4.6.0
//  Hardware Version: 2.0.0
// Device settings: 
//  Filter Profile: human(46.1)
//  Option Flags: Orientation Smoother Disabled, Position/Velocity Smoother Disabled, Continuous Zero Rotation Update Disabled, AHS Disabled, ICC Disabled
// Coordinate system: ENU
PacketCounter	Acc_X	Acc_Y	Acc_Z	Gyr_X	Gyr_Y	Gyr_Z	Mat[1][1]	Mat[2][1]	Mat[3][1]	Mat[1][2]	Mat[2][2]	Mat[3][2]	Mat[1][3]	Mat[2][3]	Mat[3][3]
65107	4.850560	1.570798	8.839005	0.003675	0.008051	-0.002168	0.820182	0.320245	0.474073	-0.432852	0.889201	0.148195	-0.374087	-0.326750	0.867924
65108	4.860778	1.534180	8.822106	0.005556	0.006940	0.000482	0.820198	0.320191	0.474081	-0.432804	0.889221	0.148210	-0.374108	-0.326746	0.867917
65109	4.834436	1.575670	8.787175	0.005366	0.008996	-0.002261	0.820238	0.320188	0.474014	-0.432789	0.889222	0.148248	-0.374037	-0.326747	0.867948
65110	4.843418	1.600858	8.809393	0.000962	0.008206	0.001517	0.820307	0.320101	0.473953	-0.432665	0.889285	0.148236	-0.374029	-0.326661	0.867983
65111	4.855580	1.539208	8.847063	0.003459	0.009898	0.003838	0.820324	0.320155	0.473887	-0.432693	0.889272	0.148228	-0.373958	-0.326642	0.868021
65112	4.837136	1.547395	8.818908	0.003594	0.008596	0.002750	0.820258	0.320258	0.473932	-0.432827	0.889206	0.148238	-0.373948	-0.326724	0.867994
65113	4.836483	1.547634	8.819224	0.002923	0.006549	-0.000752	0.820283	0.320260	0.473888	-0.432815	0.889210	0.148248	-0.373908	-0.326711	0.868017
65114	4.820226	1.531176	8.845422	0.003647	0.007842	0.006581	0.820222	0.320365	0.473923	-0.432942	0.889148	0.148245	-0.373895	-0.326775	0.867998
65115	4.811779	1.564187	8.838986	0.002172	0.005048	0.000666	0.820234	0.320375	0.473895	-0.432940	0.889150	0.148241	-0.373871	-0.326760	0.868014
65116	4.847720	1.568792	8.817933	0.004052	0.003938	0.003317	0.820230	0.320452	0.473849	-0.433041	0.889087	0.148324	-0.373763	-0.326856	0.868025
65117	4.819152	1.531811	8.845897	0.006149	0.000980	-0.000039	0.820230	0.320442	0.473855	-0.433047	0.889078	0.148358	-0.373754	-0.326890	0.868016
65118	4.834731	1.548848	8.819972	0.004322	0.001336	0.001141	0.820238	0.320385	0.473881	-0.433005	0.889095	0.148379	-0.373787	-0.326899	0.867998
65119	4.811188	1.565476	8.839080	0.004647	-0.002020	0.002797	0.820215	0.320391	0.473917	-0.433029	0.889082	0.148387	-0.373809	-0.326929	0.867977
65120	4.868409	1.558135	8.822314	0.006608	-0.003678	0.000529	0.820219	0.320197	0.474041	-0.432859	0.889169	0.148362	-0.373997	-0.326882	0.867914
65121	4.840189	1.521350	8.850062	0.007088	0.000425	0.001286	0.820211	0.320197	0.474054	-0.432880	0.889153	0.148398	-0.373990	-0.326926	0.867900
65122	4.838293	1.546730	8.795413	0.008379	-0.003281	-0.004483	0.820191	0.320084	0.474165	-0.432828	0.889169	0.148456	-0.374094	-0.326994	0.867830
65123	4.861047	1.593342	8.814880	0.012004	-0.004199	0.001907	0.820164	0.320074	0.474219	-0.432872	0.889135	0.148532	-0.374103	-0.327097	0.867787
65124	4.845638	1.577681	8.840479	0.008244	-0.001980	-0.003396	0.820191	0.319968	0.474245	-0.432808	0.889150	0.148626	-0.374119	-0.327159	0.867757
65125	4.861556	1.594981	8.814303	0.008352	-0.003486	0.004267	0.820155	0.319981	0.474296	-0.432857	0.889120	0.148659	-0.374138	-0.327226	0.867723
65126	4.825485	1.591259	8.835279	0.009048	-0.001234	-0.000983	0.820233	0.319847	0.474252	-0.432743	0.889157	0.148774	-0.374100	-0.327258	0.867728
65127	4.879641	1.588348	8.842385	0.005666	-0.003124	-0.000797	0.820222	0.319817	0.474293	-0.432741	0.889152	0.148807	-0.374128	-0.327301	0.867700
65128	4.849428	1.576085	8.815693	0.005396	-0.000521	0.001377	0.820248	0.319801	0.474257	-0.432754	0.889129	0.148910	-0.374054	-0.327380	0.867701
65129	4.865422	1.592918	8.789550	0.001534	-0.006514	0.000807	0.820217	0.319774	0.474329	-0.432750	0.889132	0.148901	-0.374127	-0.327397	0.867664
65130	4.840275	1.551621	8.793461	0.006066	0.001528	0.004877	0.820270	0.319627	0.474338	-0.432592	0.889210	0.148895	-0.374195	-0.327329	0.867660
65131	4.858122	1.543854	8.821881	0.003089	-0.004267	0.001801	0.820243	0.319615	0.474392	-0.432601	0.889206	0.148894	-0.374243	-0.327352	0.867630
65132	4.871051	1.564874	8.819663	0.006201	0.000226	0.003789	0.820223	0.319601	0.474436	-0.432619	0.889191	0.148931	-0.374265	-0.327406	0.867600
65133	4.847426	1.581566	8.838805	0.004321	0.001335	0.001139	0.820220	0.319602	0.474440	-0.432628	0.889184	0.148944	-0.374262	-0.327423	0.867596
65134	4.891472	1.553325	8.824357	0.003246	0.003191	0.000900	0.820243	0.319560	0.474429	-0.432593	0.889195	0.148980	-0.374252	-0.327435	0.867595
65135	4.859766	1.602881	8.836854	0.004321	0.001335	0.001139	0.820240	0.319561	0.474434	-0.432602	0.889189	0.148993	-0.374249	-0.327451	0.867591
65136	4.837113	1.557479	8.817145	0.004051	0.003939	0.003313	0.820188	0.319675	0.474447	-0.432759	0.889102	0.149057	-0.374182	-0.327576	0.867572
65137	4.816149	1.569845	8.812603	0.003111	0.004493	0.001987	0.820193	0.319694	0.474426	-0.432770	0.889096	0.149056	-0.374158	-0.327572	0.867584
65138	4.846289	1.582925	8.839185	0.006951	0.001725	0.002370	0.820195	0.319727	0.474398	-0.432841	0.889044	0.149163	-0.374070	-0.327681	0.867581
65139	4.836380	1.558081	8.817441	-0.002095	0.002961	0.003354	0.820189	0.319753	0.474392	-0.432844	0.889051	0.149110	-0.374081	-0.327636	0.867593
65140	4.859696	1.541603	8.798439	0.005659	0.005433	0.008137	0.820211	0.319787	0.474332	-0.432877	0.889027	0.149160	-0.373994	-0.327670	0.867618
65141	4.851635	1.574585	8.791760	0.000939	-0.000555	0.001325	0.820200	0.319784	0.474353	-0.432875	0.889031	0.149143	-0.374021	-0.327662	0.867609
65142	4.859357	1.541728	8.798604	0.002976	0.005794	0.003074	0.820216	0.319776	0.474331	-0.432866	0.889032	0.149163	-0.373997	-0.327668	0.867618
65143	4.845299	1.583053	8.839705	0.001744	0.000193	0.003738	0.820197	0.319796	0.474349	-0.432886	0.889025	0.149142	-0.374014	-0.327665	0.867611
65144	4.871734	1.562595	8.796716	0.004050	0.003938	0.003312	0.820269	0.319673	0.474308	-0.432741	0.889094	0.149154	-0.374024	-0.327599	0.867632
65145	4.852700	1.550262	8.846713	0.001150	0.006152	0.004253	0.820271	0.319717	0.474275	-0.432764	0.889088	0.149125	-0.373994	-0.327572	0.867655
65146	4.852291	1.550322	8.846926	0.002307	0.003745	-0.000426	0.820344	0.319589	0.474235	-0.432617	0.889155	0.149147	-0.374003	-0.327514	0.867673
65147	4.862619	1.595765	8.790585	0.003779	0.006541	0.005485	0.820342	0.319645	0.474201	-0.432659	0.889137	0.149136	-0.373959	-0.327509	0.867694
65148	4.879579	1.587629	8.819566	-0.001134	0.011166	0.004862	0.820368	0.319678	0.474133	-0.432661	0.889139	0.149120	-0.373899	-0.327472	0.867733
65149	4.835839	1.553856	8.795506	-0.000541	0.005207	0.004346	0.820366	0.319720	0.474108	-0.432677	0.889138	0.149076	-0.373885	-0.327433	0.867754
65150	4.854786	1.603575	8.839465	0.000961	0.008205	0.001508	0.820467	0.319582	0.474026	-0.432492	0.889229	0.149070	-0.373878	-0.327320	0.867800
65151	4.867977	1.562305	8.798847	0.001900	0.007650	0.002834	0.820481	0.319618	0.473978	-0.432505	0.889226	0.149055	-0.373833	-0.327294	0.867829
65152	4.854592	1.541588	8.801259	0.000961	0.008204	0.001508	0.820523	0.319588	0.473926	-0.432456	0.889247	0.149068	-0.373798	-0.327265	0.867855
65153	4.843004	1.578794	8.818740	0.003590	0.008593	0.002740	0.820540	0.319626	0.473870	-0.432474	0.889239	0.149067	-0.373738	-0.327252	0.867886
65154	4.850422	1.545802	8.825776	-0.003839	0.002769	-0.000386	0.820580	0.319559	0.473846	-0.432388	0.889282	0.149059	-0.373749	-0.327200	0.867901
65155	4.862591	1.566647	8.824015	0.006167	0.009734	0.000142	0.820614	0.319578	0.473775	-0.432395	0.889273	0.149094	-0.373669	-0.327206	0.867933
65156	4.825616	1.562632	8.845506	0.002170	0.005046	0.000660	0.820610	0.319548	0.473802	-0.432372	0.889284	0.149090	-0.373704	-0.327203	0.867919
65157	4.866152	1.620708	8.815831	0.000824	0.009505	0.002593	0.820631	0.319588	0.473738	-0.432378	0.889285	0.149066	-0.373648	-0.327163	0.867958
65158	4.837005	1.583411	8.844181	0.001898	0.007649	0.002833	0.820700	0.319551	0.473644	-0.432319	0.889307	0.149111	-0.373566	-0.327141	0.868002
65159	4.859893	1.566916	8.825454	-0.001003	0.009863	0.003772	0.820718	0.319602	0.473578	-0.432328	0.889310	0.149066	-0.373516	-0.327083	0.868046
65160	4.835381	1.665284	8.805687	-0.002028	0.010967	0.007363	0.820729	0.319686	0.473503	-0.432382	0.889286	0.149051	-0.373430	-0.327065	0.868089
65161	4.809002	1.540506	8.849910	-0.009521	0.014451	0.009333	0.820740	0.319802	0.473406	-0.432405	0.889299	0.148906	-0.373379	-0.326917	0.868167
65162	4.885603	1.519694	8.838856	-0.001004	0.009861	0.003771	0.820794	0.319791	0.473320	-0.432359	0.889321	0.148907	-0.373314	-0.326866	0.868214
65163	4.861044	1.618050	8.819137	-0.003906	0.012075	0.004709	0.820816	0.319858	0.473236	-0.432365	0.889331	0.148833	-0.373258	-0.326775	0.868272
65164	4.839456	1.547441	8.854458	0.001349	0.012852	0.007176	0.820816	0.319941	0.473180	-0.432428	0.889302	0.148821	-0.373186	-0.326771	0.868305
65165	4.833500	1.575961	8.824459	-0.001328	0.013215	0.002111	0.820854	0.319988	0.473082	-0.432422	0.889312	0.148782	-0.373109	-0.326699	0.868365
65166	4.852846	1.563471	8.829942	-0.002541	0.016372	0.002956	0.820895	0.319992	0.473008	-0.432372	0.889346	0.148724	-0.373077	-0.326602	0.868415
65167	4.841759	1.538198	8.808918	-0.001604	0.015816	0.004281	0.820933	0.320067	0.472892	-0.432383	0.889349	0.148672	-0.372981	-0.326520	0.868487
65168	4.839192	1.599856	8.848685	-0.003481	0.016925	0.001628	0.821053	0.319943	0.472766	-0.432167	0.889465	0.148603	-0.372965	-0.326325	0.868567
65169	4.835904	1.541528	8.834487	-0.004372	0.016727	0.004131	0.821096	0.320019	0.472641	-0.432167	0.889478	0.148528	-0.372872	-0.326215	0.868648
65170	4.831739	1.545381	8.859031	-0.000120	0.010055	0.001264	0.821172	0.319894	0.472593	-0.431994	0.889569	0.148486	-0.372904	-0.326090	0.868682
65171	4.813140	1.553231	8.831003	-0.000533	0.013958	0.004520	0.821202	0.319965	0.472493	-0.432010	0.889568	0.148442	-0.372819	-0.326022	0.868744
65172	4.834610	1.598516	8.851431	-0.003639	0.009470	0.002532	0.821330	0.319821	0.472368	-0.431795	0.889677	0.148420	-0.372787	-0.325868	0.868815
65173	4.803540	1.585483	8.825299	-0.000874	0.008557	0.002682	0.821348	0.319858	0.472312	-0.431795	0.889683	0.148381	-0.372747	-0.325815	0.868852
65174	4.836131	1.593685	8.828513	-0.003639	0.009469	0.002532	0.821450	0.319769	0.472195	-0.431651	0.889753	0.148381	-0.372689	-0.325711	0.868916
65175	4.822720	1.572478	8.830976	-0.004255	0.006670	0.002864	0.821460	0.319800	0.472155	-0.431640	0.889770	0.148312	-0.372679	-0.325634	0.868949
65176	4.819034	1.576164	8.855279	-0.001904	0.009659	0.006270	0.821448	0.319874	0.472127	-0.431695	0.889748	0.148280	-0.372643	-0.325619	0.868970
65177	4.844837	1.555080	8.812888	-0.003917	0.012070	0.004701	0.821470	0.319940	0.472043	-0.431700	0.889758	0.148206	-0.372587	-0.325528	0.869028
65178	4.817424	1.574912	8.856378	-0.007774	0.006085	0.004131	0.821448	0.319979	0.472056	-0.431709	0.889769	0.148115	-0.372627	-0.325459	0.869037
65179	4.827725	1.537254	8.839703	-0.000876	0.008555	0.002681	0.821466	0.320015	0.472000	-0.431709	0.889776	0.148077	-0.372587	-0.325407	0.869074
65180	4.803508	1.553079	8.859211	-0.006040	0.006274	0.007870	0.821434	0.320047	0.472035	-0.431708	0.889795	0.147962	-0.372659	-0.325322	0.869075
65181	4.826577	1.535938	8.840559	-0.005332	0.008525	0.002621	0.821452	0.320082	0.471979	-0.431691	0.889816	0.147885	-0.372639	-0.325230	0.869118
65182	4.841814	1.551952	8.815100	-0.002383	0.005558	0.005517	0.821454	0.320105	0.471959	-0.431697	0.889817	0.147861	-0.372626	-0.325204	0.869133
65183	4.825526	1.534882	8.841316	-0.003459	0.007414	0.005275	0.821457	0.320161	0.471917	-0.431709	0.889824	0.147788	-0.372607	-0.325132	0.869168
65184	4.817277	1.567343	8.834858	-0.001308	0.003702	0.005759	0.821379	0.320259	0.471986	-0.431823	0.889776	0.147742	-0.372646	-0.325167	0.869139
65185	4.834519	1.559047	8.863697	0.003806	0.005776	0.009317	0.821358	0.320344	0.471964	-0.431895	0.889746	0.147713	-0.372609	-0.325164	0.869155
65186	4.832400	1.500797	8.848803	-0.005626	0.002373	0.004612	0.821351	0.320324	0.471991	-0.431852	0.889779	0.147639	-0.372676	-0.325094	0.869153
65187	4.840124	1.550122	8.816350	0.004932	0.004127	0.000813	0.821360	0.320329	0.471971	-0.431858	0.889773	0.147660	-0.372647	-0.325107	0.869160
65188	4.813022	1.570746	8.859511	-0.001492	0.005756	0.003013	0.821339	0.320391	0.471966	-0.431924	0.889740	0.147661	-0.372618	-0.325133	0.869163
65189	4.815683	1.566314	8.835910	0.000381	0.004644	0.005667	0.821330	0.320441	0.471949	-0.431953	0.889733	0.147620	-0.372605	-0.325104	0.869179
65190	4.823157	1.533126	8.842913	-0.000556	0.005200	0.004340	0.821380	0.320377	0.471904	-0.431863	0.889778	0.147613	-0.372598	-0.325044	0.869205
65191	4.811970	1.570132	8.860191	0.002349	0.002986	0.003407	0.821374	0.320401	0.471898	-0.431881	0.889772	0.147599	-0.372590	-0.325038	0.869211
65192	4.814759	1.565861	8.836494	0.000380	0.004644	0.005667	0.821365	0.320397	0.471918	-0.431869	0.889783	0.147566	-0.372625	-0.325012	0.869205
65193	4.822516	1.532611	8.843352	-0.000850	-0.000952	0.006333	0.821331	0.320434	0.471950	-0.431899	0.889777	0.147511	-0.372663	-0.324990	0.869197
65194	4.802144	1.544659	8.838489	0.004541	-0.001479	0.007721	0.821268	0.320420	0.472069	-0.431915	0.889777	0.147470	-0.372784	-0.325006	0.869140
65195	4.851628	1.569580	8.815272	-0.000573	-0.003551	0.004163	0.821235	0.320429	0.472121	-0.431928	0.889777	0.147427	-0.372843	-0.324994	0.869119
65196	4.834098	1.495216	8.825922	0.007783	0.001704	0.008624	0.821203	0.320487	0.472138	-0.432021	0.889723	0.147483	-0.372806	-0.325087	0.869100
65197	4.823284	1.532489	8.842954	0.001872	-0.001112	0.002654	0.821185	0.320491	0.472167	-0.432031	0.889720	0.147469	-0.372834	-0.325090	0.869087
65198	4.833031	1.557441	8.864791	0.004220	0.001874	0.006060	0.821162	0.320490	0.472207	-0.432048	0.889711	0.147474	-0.372864	-0.325116	0.869064
65199	4.815508	1.565504	8.836149	0.003465	0.000376	0.007478	0.821129	0.320541	0.472230	-0.432103	0.889688	0.147451	-0.372873	-0.325128	0.869055
65200	4.799865	1.548984	8.861902	0.003743	-0.002224	0.005308	0.821107	0.320559	0.472255	-0.432154	0.889655	0.147502	-0.372861	-0.325202	0.869033
65201	4.819113	1.561362	8.811982	0.002191	-0.004466	0.004314	0.821070	0.320567	0.472315	-0.432179	0.889646	0.147483	-0.372915	-0.325218	0.869004
65202	4.857454	1.541123	8.845263	0.005155	0.001317	0.007387	0.821091	0.320529	0.472304	-0.432149	0.889655	0.147519	-0.372903	-0.325232	0.869004
65203	4.819489	1.561454	8.811760	0.006271	-0.001293	0.011458	0.821035	0.320610	0.472347	-0.432247	0.889610	0.147502	-0.372914	-0.325275	0.868983
65204	4.837198	1.553268	8.840322	0.001635	0.000734	0.008652	0.821027	0.320591	0.472373	-0.432229	0.889621	0.147484	-0.372951	-0.325262	0.868972
65205	4.824609	1.532484	8.842232	0.002945	-0.002969	0.002896	0.821001	0.320590	0.472418	-0.432245	0.889615	0.147478	-0.372990	-0.325280	0.868949
65206	4.827860	1.528438	8.818240	0.005293	0.000016	0.006301	0.821005	0.320558	0.472433	-0.432231	0.889616	0.147514	-0.372997	-0.325310	0.868934
65207	4.817269	1.565708	8.835153	0.005612	-0.003338	0.007961	0.820956	0.320601	0.472489	-0.432298	0.889584	0.147508	-0.373027	-0.325353	0.868905
65208	4.801746	1.549365	8.860816	0.005431	-0.001284	0.005216	0.820991	0.320522	0.472483	-0.432235	0.889605	0.147566	-0.373025	-0.325374	0.868898
65209	4.822552	1.537365	8.865430	0.006366	-0.001841	0.006543	0.820953	0.320558	0.472523	-0.432292	0.889576	0.147573	-0.373040	-0.325419	0.868875
65210	4.829114	1.528927	8.817469	0.000539	-0.006161	0.008234	0.820933	0.320516	0.472586	-0.432270	0.889588	0.147565	-0.373110	-0.325426	0.868842
65211	4.818829	1.566056	8.834240	0.007439	-0.003698	0.006785	0.820888	0.320548	0.472643	-0.432334	0.889555	0.147581	-0.373135	-0.325487	0.868809
65212	4.833917	1.562226	8.886401	0.000676	-0.007461	0.007150	0.820885	0.320463	0.472707	-0.432266	0.889588	0.147576	-0.373222	-0.325478	0.868775
65213	4.834740	1.562023	8.885989	0.005968	-0.007447	0.013449	0.820797	0.320541	0.472806	-0.432379	0.889538	0.147547	-0.373284	-0.325538	0.868725
65214	4.872155	1.566189	8.864358	0.009706	-0.009674	0.018754	0.820689	0.320649	0.472921	-0.432558	0.889445	0.147585	-0.373314	-0.325687	0.868656
65215	4.863427	1.541188	8.841968	0.007697	-0.007262	0.017184	0.820585	0.320761	0.473024	-0.432708	0.889377	0.147554	-0.373368	-0.325762	0.868606
65216	4.837551	1.561601	8.884533	0.007281	-0.003362	0.020435	0.820480	0.320919	0.473099	-0.432912	0.889277	0.147558	-0.373362	-0.325879	0.868564
65217	4.945492	1.471223	8.938916	0.005095	0.001106	0.016121	0.820413	0.321049	0.473128	-0.433044	0.889221	0.147510	-0.373358	-0.325904	0.868557
65218	4.852048	1.602273	8.804013	0.010127	0.004678	0.012017	0.820344	0.321163	0.473171	-0.433198	0.889141	0.147541	-0.373331	-0.326011	0.868528
65219	4.836354	1.668442	8.790462	0.005908	0.002809	0.005962	0.820327	0.321208	0.473170	-0.433249	0.889115	0.147547	-0.373309	-0.326037	0.868528
65220	4.895430	1.800188	8.749915	-0.000985	0.008142	0.020153	0.820292	0.321326	0.473150	-0.433327	0.889093	0.147451	-0.373294	-0.325981	0.868555
65221	4.836781	1.867464	8.806092	-0.030844	0.019865	0.039462	0.820193	0.321724	0.473050	-0.433516	0.889079	0.146979	-0.373292	-0.325626	0.868689
65222	4.880903	1.544942	8.794514	-0.028847	0.025229	0.053761	0.820055	0.322220	0.472952	-0.433798	0.889024	0.146479	-0.373267	-0.325287	0.868827
65223	4.795777	1.794475	8.815769	-0.042991	0.031441	0.067718	0.819877	0.322907	0.472793	-0.434173	0.888957	0.145769	-0.373223	-0.324787	0.869033
65224	4.848520	1.637982	8.826235	-0.060262	0.033167	0.079676	0.819691	0.323595	0.472645	-0.434473	0.888958	0.144869	-0.373283	-0.324099	0.869264
65225	4.767493	1.447300	8.825432	-0.056640	0.032420	0.077303	0.819474	0.324370	0.472490	-0.434875	0.888903	0.143994	-0.373291	-0.323474	0.869494
65226	4.826867	1.320013	8.881118	-0.043153	0.023387	0.063657	0.819331	0.324893	0.472378	-0.435117	0.888891	0.143339	-0.373322	-0.322982	0.869663
65227	4.827728	1.371739	8.897963	-0.026442	0.026056	0.059839	0.819166	0.325492	0.472251	-0.435489	0.888794	0.142810	-0.373251	-0.322645	0.869818
65228	4.908563	1.318058	8.918365	-0.010953	0.015381	0.043958	0.819082	0.325809	0.472179	-0.435683	0.888744	0.142530	-0.373209	-0.322465	0.869903
65229	4.946674	1.459465	8.874612	-0.011417	0.030305	0.035916	0.819037	0.326208	0.471982	-0.435915	0.888676	0.142245	-0.373037	-0.322248	0.870057
65230	4.886173	1.634029	8.837969	-0.016839	0.031613	0.030694	0.819005	0.326519	0.471822	-0.436053	0.888658	0.141930	-0.372946	-0.321980	0.870195
65231	4.837093	1.457431	8.839135	-0.023726	0.037905	0.032299	0.819004	0.326911	0.471553	-0.436209	0.888642	0.141554	-0.372766	-0.321629	0.870402
65232	4.816059	1.523740	8.851803	-0.027410	0.038619	0.034630	0.819051	0.327215	0.471259	-0.436260	0.888677	0.141176	-0.372602	-0.321222	0.870623
65233	4.811736	1.544310	8.799732	-0.026916	0.041934	0.039195	0.819035	0.327681	0.470965	-0.436461	0.888647	0.140741	-0.372404	-0.320829	0.870853
65234	4.739581	1.465705	8.780991	-0.032019	0.039119	0.039442	0.818986	0.328154	0.470720	-0.436689	0.888605	0.140301	-0.372244	-0.320462	0.871056
65235	4.664658	1.391437	8.785779	-0.027654	0.031915	0.031684	0.818965	0.328520	0.470501	-0.436825	0.888602	0.139894	-0.372131	-0.320095	0.871239
65236	4.661679	1.305405	8.826385	-0.023484	0.018037	0.021012	0.818987	0.328622	0.470391	-0.436764	0.888679	0.139596	-0.372152	-0.319777	0.871347
65237	4.728966	1.294324	8.887499	-0.014184	0.005430	0.017729	0.818929	0.328779	0.470383	-0.436836	0.888679	0.139373	-0.372197	-0.319616	0.871387
65238	4.750555	1.362687	8.853529	-0.009943	-0.000469	0.011064	0.818917	0.328776	0.470406	-0.436791	0.888719	0.139254	-0.372276	-0.319507	0.871393
65239	4.803646	1.275281	8.900223	0.002562	-0.007602	-0.002761	0.818899	0.328709	0.470483	-0.436757	0.888733	0.139273	-0.372354	-0.319537	0.871349
65240	4.819805	1.354542	8.913153	0.015320	-0.010368	-0.002208	0.818940	0.328505	0.470555	-0.436637	0.888765	0.139444	-0.372404	-0.319658	0.871283
65241	4.875787	1.434495	8.881071	0.019921	-0.011654	-0.003217	0.818909	0.328421	0.470667	-0.436665	0.888725	0.139616	-0.372440	-0.319856	0.871195
65242	4.827025	1.412297	8.903050	0.029311	-0.006780	-0.006136	0.818967	0.328228	0.470700	-0.436600	0.888708	0.139924	-0.372388	-0.320101	0.871127
65243	5.208695	1.356371	8.987327	0.033187	-0.000826	-0.005554	0.818987	0.328158	0.470714	-0.436657	0.888633	0.140223	-0.372277	-0.320382	0.871071
65244	4.908610	1.559044	8.789243	0.040712	0.032693	-0.009509	0.819188	0.328097	0.470407	-0.436657	0.888563	0.140664	-0.371835	-0.320637	0.871166
65245	4.729948	1.616413	8.808159	0.021212	0.040460	-0.009547	0.819379	0.328124	0.470056	-0.436637	0.888539	0.140878	-0.371438	-0.320676	0.871321
65246	4.777260	1.473952	8.841153	0.016519	0.024263	-0.008895	0.819531	0.328010	0.469870	-0.436518	0.888568	0.141063	-0.371242	-0.320713	0.871391
65247	4.676553	1.472138	8.754886	0.021600	0.027061	-0.009154	0.819671	0.327997	0.469636	-0.436502	0.888542	0.141278	-0.370953	-0.320799	0.871483
65248	4.687733	1.532084	8.847336	0.015244	0.019438	-0.012059	0.819883	0.327754	0.469436	-0.436245	0.888636	0.141481	-0.370786	-0.320787	0.871558
65249	4.747619	1.496508	8.862407	0.015092	0.010463	-0.003509	0.819936	0.327738	0.469354	-0.436251	0.888612	0.141613	-0.370662	-0.320870	0.871580
65250	4.724172	1.452545	8.842447	0.010579	0.002480	-0.007577	0.819886	0.327751	0.469431	-0.436345	0.888547	0.141727	-0.370661	-0.321034	0.871520
65251	4.774836	1.453893	8.873937	0.014712	-0.003660	-0.005511	0.819895	0.327672	0.469470	-0.436334	0.888531	0.141865	-0.370654	-0.321160	0.871477
65252	4.809652	1.546107	8.837256	0.014711	-0.003660	-0.005512	0.819855	0.327602	0.469589	-0.436359	0.888499	0.141990	-0.370713	-0.321320	0.871393
65253	4.738840	1.559796	8.800287	0.008575	-0.005367	-0.001680	0.819842	0.327551	0.469648	-0.436356	0.888490	0.142056	-0.370747	-0.321397	0.871350
65254	4.758763	1.465660	8.843978	0.005472	-0.009826	-0.003670	0.819882	0.327324	0.469736	-0.436173	0.888568	0.142126	-0.370871	-0.321413	0.871291
65255	4.900602	1.466044	8.862140	0.007807	-0.006864	-0.000267	0.819857	0.327281	0.469811	-0.436179	0.888557	0.142179	-0.370921	-0.321488	0.871242
65256	5.002239	1.466957	8.925234	0.012428	0.001351	-0.004927	0.819859	0.327264	0.469819	-0.436242	0.888497	0.142362	-0.370842	-0.321671	0.871208
65257	4.997598	1.435404	8.855964	0.015873	0.021459	-0.008585	0.819975	0.327238	0.469634	-0.436209	0.888487	0.142524	-0.370625	-0.321725	0.871281
65258	4.792980	1.619376	8.823333	0.017725	0.030595	-0.013410	0.820163	0.327112	0.469394	-0.436062	0.888527	0.142725	-0.370382	-0.321743	0.871378
65259	4.754688	1.555127	8.806278	0.011123	0.024038	-0.006504	0.820279	0.327113	0.469190	-0.436029	0.888525	0.142836	-0.370164	-0.321746	0.871469
65260	4.697428	1.478222	8.838721	0.007701	0.023693	-0.013977	0.820506	0.326862	0.468969	-0.435723	0.888654	0.142964	-0.370022	-0.321643	0.871567
65261	4.699762	1.450583	8.870225	0.006469	0.017347	-0.009488	0.820610	0.326815	0.468819	-0.435648	0.888678	0.143049	-0.369879	-0.321627	0.871634
65262	4.716893	1.525740	8.860142	0.003816	0.008238	-0.010894	0.820708	0.326631	0.468775	-0.435462	0.888757	0.143120	-0.369879	-0.321593	0.871646
65263	4.720662	1.497664	8.890958	0.001022	0.000425	-0.011220	0.820758	0.326514	0.468770	-0.435352	0.888804	0.143166	-0.369899	-0.321584	0.871641
65264	4.809606	1.522655	8.823637	-0.000193	0.003579	-0.010389	0.820798	0.326406	0.468776	-0.435258	0.888842	0.143216	-0.369921	-0.321590	0.871630
65265	4.853400	1.531509	8.903281	-0.000337	0.004875	-0.009309	0.820855	0.326319	0.468735	-0.435159	0.888886	0.143241	-0.369910	-0.321554	0.871648
65266	4.862217	1.519397	8.832075	-0.001425	0.007493	-0.013381	0.820952	0.326160	0.468676	-0.434991	0.888958	0.143306	-0.369893	-0.321518	0.871668
65267	4.734134	1.515600	8.866375	-0.008295	0.013028	-0.007971	0.821034	0.326112	0.468567	-0.434873	0.889024	0.143255	-0.369850	-0.321385	0.871736
65268	4.700587	1.445317	8.824973	-0.002481	0.008589	-0.009807	0.821183	0.325853	0.468484	-0.434569	0.889169	0.143275	-0.369875	-0.321243	0.871777
65269	4.604382	1.392118	8.846698	0.002126	-0.002954	-0.003326	0.821186	0.325795	0.468520	-0.434528	0.889187	0.143293	-0.369918	-0.321255	0.871755
65270	4.768759	1.438196	8.885197	0.009301	-0.011842	-0.007073	0.821203	0.325609	0.468620	-0.434424	0.889215	0.143429	-0.370002	-0.321364	0.871678
65271	4.818426	1.526119	8.900641	0.009732	-0.015732	-0.010314	0.821189	0.325447	0.468758	-0.434353	0.889231	0.143547	-0.370117	-0.321485	0.871585
65272	4.963492	1.379144	8.895271	0.014484	-0.008818	-0.016061	0.821219	0.325239	0.468849	-0.434254	0.889245	0.143758	-0.370166	-0.321656	0.871501
65273	5.140248	1.485193	9.025357	0.026209	0.007753	-0.015425	0.821314	0.325107	0.468774	-0.434203	0.889224	0.144043	-0.370016	-0.321847	0.871494
65274	4.951765	1.648871	8.872689	0.023167	0.030258	-0.020758	0.821556	0.324890	0.468500	-0.433989	0.889279	0.144350	-0.369729	-0.321915	0.871591
65275	4.884903	1.774622	8.843794	0.007749	0.039636	-0.006033	0.821728	0.324944	0.468161	-0.433946	0.889287	0.144430	-0.369398	-0.321839	0.871760
65276	5.050633	1.666905	8.838110	-0.018289	0.058306	0.001128	0.821980	0.325014	0.467669	-0.433764	0.889399	0.144287	-0.369048	-0.321459	0.872048
65277	4.994083	1.701666	8.903607	-0.032184	0.079394	0.013160	0.822215	0.325367	0.467010	-0.433732	0.889472	0.143929	-0.368563	-0.320898	0.872460
65278	5.105907	1.734026	8.868581	-0.041432	0.104875	0.039626	0.822466	0.325949	0.466162	-0.433802	0.889523	0.143401	-0.367921	-0.320165	0.873000
65279	5.201650	1.599870	8.838072	-0.043233	0.156046	0.049320	0.822824	0.326867	0.464885	-0.434027	0.889514	0.142778	-0.366852	-0.319254	0.873783
65280	4.615458	1.689312	8.800910	-0.035314	0.171724	0.059863	0.823223	0.327843	0.463491	-0.434293	0.889476	0.142206	-0.365642	-0.318358	0.874616
65281	4.608584	1.962730	8.761647	-0.055099	0.177634	0.076007	0.823540	0.329063	0.462059	-0.434695	0.889415	0.141357	-0.364447	-0.317268	0.875511
65282	4.594148	2.014932	8.809867	-0.088932	0.158381	0.072602	0.823876	0.330022	0.460775	-0.434772	0.889551	0.140257	-0.363595	-0.315887	0.876364
65283	4.881470	1.544345	8.717143	-0.096310	0.177395	0.068695	0.824221	0.331172	0.459331	-0.434966	0.889641	0.139081	-0.362580	-0.314427	0.877309
65284	4.853311	1.524483	8.877050	-0.099227	0.181281	0.053111	0.824642	0.332178	0.457847	-0.435030	0.889779	0.137990	-0.361545	-0.312970	0.878257
65285	5.164410	1.322133	8.745063	-0.098079	0.247147	0.048456	0.825322	0.333361	0.455757	-0.435054	0.889938	0.136891	-0.359961	-0.311258	0.879515
65286	4.509612	1.653427	8.731138	-0.093094	0.259489	0.035660	0.826116	0.334377	0.453568	-0.434917	0.890155	0.135911	-0.358300	-0.309543	0.880798
65287	4.623003	1.357345	8.788675	-0.110161	0.258200	0.031402	0.826903	0.335433	0.451350	-0.434760	0.890403	0.134782	-0.356673	-0.307681	0.882109
65288	4.504874	1.038639	8.889123	-0.086584	0.244519	-0.003616	0.827873	0.335911	0.449210	-0.434177	0.890799	0.134043	-0.355129	-0.306007	0.883314
65289	4.578821	0.985588	9.099011	-0.056953	0.235857	-0.015432	0.828776	0.336474	0.447120	-0.433824	0.891038	0.133593	-0.353451	-0.304690	0.884441
65290	4.729424	1.026550	9.230283	-0.028412	0.223229	-0.034164	0.829679	0.336838	0.445166	-0.433455	0.891233	0.133495	-0.351780	-0.303717	0.885441
65291	4.726604	1.007268	9.122640	0.001435	0.246758	-0.047476	0.830750	0.337143	0.442932	-0.433043	0.891402	0.133702	-0.349754	-0.302882	0.886530
65292	4.381198	1.243367	9.116902	0.021079	0.239185	-0.055928	0.831846	0.337307	0.440745	-0.432607	0.891542	0.134180	-0.347683	-0.302287	0.887547
65293	4.310130	1.248993	9.093032	0.034609	0.215408	-0.067446	0.832884	0.337336	0.438757	-0.432143	0.891678	0.134768	-0.345768	-0.301852	0.888442
65294	4.470135	1.061149	9.189730	0.054178	0.193882	-0.077740	0.833938	0.337062	0.436962	-0.431519	0.891855	0.135594	-0.344003	-0.301635	0.889201
65295	4.284958	1.260639	9.161436	0.070331	0.174821	-0.073529	0.834855	0.336913	0.435323	-0.431124	0.891904	0.136524	-0.342270	-0.301656	0.889862
65296	4.287051	1.319663	9.212379	0.074912	0.148013	-0.069946	0.835711	0.336591	0.433928	-0.430651	0.891982	0.137504	-0.340774	-0.301785	0.890392
65297	4.146450	1.206307	9.190735	0.086555	0.120853	-0.061022	0.836385	0.336390	0.432784	-0.430412	0.891940	0.138523	-0.339419	-0.302134	0.890792
65298	4.276168	1.217488	9.218694	0.106620	0.091750	-0.055196	0.836964	0.336076	0.431908	-0.430223	0.891841	0.139740	-0.338230	-0.302774	0.891027
65299	4.055926	1.415607	9.125588	0.114702	0.056693	-0.044041	0.837345	0.335834	0.431357	-0.430219	0.891655	0.140936	-0.337290	-0.303590	0.891105
65300	3.952732	1.547516	9.111855	0.115388	0.004759	-0.044567	0.837544	0.335430	0.431284	-0.430230	0.891454	0.142169	-0.336782	-0.304624	0.890944
65301	4.153129	1.464265	9.136299	0.099722	-0.039171	-0.038071	0.837576	0.334951	0.431595	-0.430224	0.891291	0.143206	-0.336710	-0.305628	0.890628
65302	4.280496	1.593755	9.058348	0.084225	-0.055135	-0.027846	0.837537	0.334438	0.432068	-0.430181	0.891171	0.144077	-0.336862	-0.306537	0.890258
65303	4.177898	1.729059	9.088194	0.058862	-0.077939	-0.018306	0.837353	0.334014	0.432751	-0.430203	0.891065	0.144663	-0.337290	-0.307305	0.889831
65304	4.555451	1.532580	9.108968	0.040236	-0.090415	-0.006154	0.837192	0.333447	0.433500	-0.430035	0.891078	0.145084	-0.337905	-0.307883	0.889398
65305	4.434366	1.634497	8.938908	0.038921	-0.074821	0.004110	0.836922	0.333232	0.434187	-0.430178	0.890958	0.145396	-0.338392	-0.308463	0.889012
65306	4.331696	1.537890	9.008523	0.021237	-0.093716	0.010965	0.836649	0.332819	0.435029	-0.430105	0.890970	0.145543	-0.339158	-0.308877	0.888576
65307	4.380434	1.337220	8.946397	0.028968	-0.092616	0.014807	0.836272	0.332643	0.435888	-0.430304	0.890845	0.145720	-0.339836	-0.309426	0.888125
65308	4.307343	1.508557	8.972819	0.036367	-0.104982	0.021691	0.835841	0.332403	0.436896	-0.430512	0.890706	0.145951	-0.340632	-0.310081	0.887592
65309	4.455350	1.563735	8.906166	0.024673	-0.114288	0.028717	0.835328	0.332283	0.437968	-0.430813	0.890548	0.146028	-0.341509	-0.310664	0.887051
65310	4.360484	1.630061	8.896246	0.015500	-0.113810	0.033271	0.834885	0.332022	0.439008	-0.430933	0.890486	0.146051	-0.342439	-0.311119	0.886533
65311	4.335477	1.649810	8.855725	0.004980	-0.133631	0.040507	0.834252	0.331945	0.440267	-0.431265	0.890350	0.145902	-0.343561	-0.311590	0.885933
65312	4.352225	1.643390	8.826141	-0.010786	-0.138908	0.048096	0.833663	0.331719	0.441553	-0.431395	0.890334	0.145615	-0.344826	-0.311878	0.885340
65313	4.367395	1.528853	8.890154	-0.018380	-0.160213	0.050624	0.832891	0.331648	0.443060	-0.431729	0.890238	0.145213	-0.346269	-0.312229	0.884653
65314	4.600493	1.479612	8.952104	-0.018942	-0.165092	0.053661	0.832043	0.331636	0.444660	-0.432163	0.890093	0.144810	-0.347765	-0.312654	0.883916
65315	4.981375	1.431095	9.113539	-0.007099	-0.124265	0.039848	0.831438	0.331580	0.445832	-0.432446	0.889997	0.144554	-0.348857	-0.312986	0.883368
65316	4.399348	1.310669	9.083241	0.007419	-0.132551	0.028903	0.830828	0.331421	0.447084	-0.432728	0.889869	0.144495	-0.349958	-0.313516	0.882744
65317	4.541471	1.252840	9.007754	0.030714	-0.133653	0.025959	0.830248	0.331211	0.448317	-0.433028	0.889701	0.144634	-0.350963	-0.314216	0.882096
65318	4.362194	1.268956	9.093396	0.053107	-0.157477	0.014759	0.829700	0.330693	0.449711	-0.433179	0.889557	0.145067	-0.352071	-0.315167	0.881315
65319	4.862187	0.981760	9.238141	0.091084	-0.187068	0.007182	0.829009	0.330144	0.451385	-0.433536	0.889260	0.145821	-0.353256	-0.316579	0.880334
65320	4.526839	1.367008	8.981374	0.138568	-0.154897	-0.005833	0.828506	0.329502	0.452776	-0.433884	0.888885	0.147062	-0.354009	-0.318294	0.879413
65321	4.474724	1.545598	9.056398	0.139132	-0.196470	-0.002975	0.827823	0.328826	0.454514	-0.434329	0.888465	0.148283	-0.355061	-0.320160	0.878310
65322	4.774289	1.583158	9.032688	0.159442	-0.206984	0.001215	0.827136	0.328050	0.456323	-0.434781	0.888006	0.149703	-0.356107	-0.322225	0.877131
65323	4.664624	2.137548	8.976256	0.144383	-0.215840	-0.011827	0.826417	0.327225	0.458212	-0.435174	0.887592	0.151008	-0.357292	-0.324198	0.875922
65324	4.680472	1.226464	8.959160	0.141992	-0.229719	-0.012728	0.825679	0.326295	0.460203	-0.435513	0.887199	0.152336	-0.358585	-0.326205	0.874647
65325	4.641547	1.519253	9.036039	0.172452	-0.233822	-0.021750	0.824934	0.325314	0.462228	-0.435929	0.886720	0.153929	-0.359792	-0.328480	0.873299
65326	4.680309	1.345952	8.960354	0.189064	-0.250769	-0.031899	0.824131	0.324192	0.464443	-0.436356	0.886199	0.155705	-0.361110	-0.330984	0.871808
65327	4.621390	1.741619	9.012518	0.194752	-0.266816	-0.036190	0.823324	0.322963	0.466725	-0.436739	0.885683	0.157556	-0.362486	-0.333557	0.870255
65328	4.643779	1.846260	8.979359	0.179505	-0.288947	-0.026321	0.822368	0.321781	0.469221	-0.437211	0.885147	0.159251	-0.364085	-0.336111	0.868603
65329	4.657858	1.883617	8.831189	0.142460	-0.305652	-0.014934	0.821317	0.320596	0.471864	-0.437584	0.884729	0.160543	-0.366002	-0.338337	0.866931
65330	4.687521	2.098526	8.824712	0.131406	-0.317169	0.001091	0.820111	0.319561	0.474656	-0.438125	0.884256	0.161671	-0.368054	-0.340547	0.865196
65331	4.781093	2.066011	8.798355	0.084838	-0.336775	0.021620	0.818773	0.318579	0.477617	-0.438592	0.883912	0.162287	-0.370470	-0.342355	0.863449
65332	4.855771	1.978921	8.729242	0.059510	-0.336923	0.033578	0.817431	0.317566	0.480581	-0.438929	0.883677	0.162654	-0.373025	-0.343899	0.861734
65333	4.840401	2.446832	8.738753	0.013942	-0.349166	0.068224	0.815824	0.316943	0.483713	-0.439514	0.883427	0.162431	-0.375843	-0.345114	0.860022
65334	4.856132	2.529658	8.652336	-0.057685	-0.357372	0.112247	0.814016	0.316609	0.486967	-0.440124	0.883309	0.161417	-0.379037	-0.345722	0.858375
65335	5.015492	2.149575	8.648186	-0.092254	-0.364557	0.138824	0.812016	0.316551	0.490332	-0.440877	0.883203	0.159934	-0.382435	-0.346045	0.856736
65336	4.756418	2.114822	8.854289	-0.119550	-0.363682	0.148205	0.809914	0.316611	0.493758	-0.441656	0.883133	0.158162	-0.385979	-0.346169	0.855095
65337	4.997314	1.847491	8.808770	-0.124047	-0.392368	0.147599	0.807739	0.316533	0.497357	-0.442344	0.883110	0.156358	-0.389729	-0.346300	0.853339
65338	5.079507	1.651111	8.755360	-0.116434	-0.397588	0.141477	0.805626	0.316236	0.500960	-0.442860	0.883144	0.154697	-0.393499	-0.346484	0.851532
65339	5.220142	1.179402	8.859341	-0.081305	-0.415206	0.111878	0.803488	0.315762	0.504679	-0.443414	0.883087	0.153430	-0.397228	-0.347061	0.849564
65340	5.305666	1.083417	9.058012	-0.007293	-0.444714	0.082095	0.801405	0.314776	0.508592	-0.443875	0.882937	0.152964	-0.400906	-0.348337	0.847311
65341	4.840713	0.875914	9.203615	0.059431	-0.498369	0.050020	0.799175	0.313453	0.512900	-0.444489	0.882587	0.153198	-0.404658	-0.350411	0.844668
65342	4.377024	0.564285	9.321889	0.207925	-0.600878	0.028440	0.796500	0.311733	0.518083	-0.445750	0.881673	0.154789	-0.408527	-0.354225	0.841208
65343	4.116445	1.042223	9.401677	0.294965	-0.749459	0.031961	0.793278	0.309318	0.524435	-0.447191	0.880537	0.157085	-0.413195	-0.359135	0.836834
65344	5.120170	1.596288	9.194482	0.425814	-0.885767	0.070356	0.789248	0.306741	0.531975	-0.449546	0.878765	0.160252	-0.418325	-0.365626	0.831458
65345	2.779430	2.588367	9.681731	0.268192	-1.025131	0.075410	0.784584	0.303604	0.540604	-0.451245	0.877562	0.162058	-0.425212	-0.371093	0.825521
65346	4.821147	1.418280	9.148663	0.300364	-1.320288	0.108057	0.778366	0.299648	0.551685	-0.453436	0.876089	0.163899	-0.434214	-0.377728	0.817790
65347	3.839127	1.565261	9.117593	0.275016	-1.453078	0.127156	0.771405	0.295200	0.563730	-0.455604	0.874679	0.165416	-0.444252	-0.384440	0.809226
65348	4.300445	1.261024	9.274493	0.393707	-1.724888	0.131724	0.763023	0.289650	0.577840	-0.458394	0.872762	0.167814	-0.455709	-0.392924	0.798711
65349	4.603600	1.409634	9.162306	0.409456	-1.963874	0.113030	0.753424	0.282804	0.593611	-0.461118	0.870827	0.170387	-0.468746	-0.402098	0.786508
65350	4.487100	1.295929	9.224403	0.481058	-2.208053	0.120850	0.742335	0.274886	0.611046	-0.464344	0.868514	0.173402	-0.483036	-0.412458	0.772370
65351	4.685476	1.564080	9.259484	0.533416	-2.489445	0.134926	0.729481	0.265622	0.630319	-0.467930	0.865935	0.176633	-0.498898	-0.423795	0.755975
65352	4.905663	1.740507	9.446833	0.514952	-2.777458	0.170288	0.714492	0.255244	0.651423	-0.471871	0.863240	0.179317	-0.516565	-0.435508	0.737220
65353	4.706252	1.465315	9.340934	0.492833	-3.074004	0.211065	0.697310	0.243467	0.674153	-0.475928	0.860554	0.181492	-0.535958	-0.447405	0.715946
65354	4.698095	1.221591	9.186632	0.544988	-3.445912	0.258898	0.677135	0.230220	0.698919	-0.480907	0.857352	0.183511	-0.556971	-0.460376	0.691257
65355	4.886120	1.482108	9.202998	0.621228	-3.833299	0.275752	0.654013	0.214640	0.725395	-0.486246	0.853852	0.185748	-0.579510	-0.474202	0.662797
65356	5.296034	1.076818	9.047147	0.671331	-4.190869	0.230700	0.627944	0.196615	0.753013	-0.491932	0.850031	0.188281	-0.603066	-0.488661	0.630493
65357	5.921316	0.599738	8.986396	0.895765	-4.543020	0.158779	0.599218	0.175367	0.781143	-0.498388	0.845302	0.192545	-0.626536	-0.504688	0.593921
65358	6.167728	1.472340	9.077095	1.076485	-4.923307	0.070932	0.567323	0.150869	0.809558	-0.505946	0.839508	0.198107	-0.649742	-0.521982	0.552603
65359	6.575519	1.540383	8.272218	1.128754	-5.256112	-0.009294	0.532596	0.122886	0.837401	-0.513334	0.833550	0.204165	-0.672926	-0.538604	0.507027
65360	9.115712	1.353453	9.519529	1.389832	-5.732037	-0.079142	0.493570	0.091040	0.864928	-0.522834	0.825797	0.211433	-0.695006	-0.556571	0.455187
65361	8.200864	4.906857	9.838029	1.227357	-5.993675	-0.033731	0.451417	0.056932	0.890495	-0.531315	0.818916	0.216983	-0.716887	-0.571083	0.399921
65362	10.534972	1.291278	10.612100	0.603704	-6.293597	0.001207	0.405256	0.020922	0.913964	-0.536151	0.815199	0.219071	-0.740479	-0.578802	0.341582
65363	11.268912	-2.078045	10.453396	1.207292	-6.398374	-0.126449	0.357964	-0.017495	0.933572	-0.544693	0.808167	0.223999	-0.758401	-0.588693	0.279765
65364	14.393199	2.725962	11.942012	1.597145	-6.493103	-0.216606	0.309200	-0.057694	0.949245	-0.556625	0.798339	0.229833	-0.771080	-0.599438	0.214733
65365	15.064206	5.860317	12.505617	1.603211	-6.547735	-0.101239	0.258941	-0.098037	0.960905	-0.568756	0.788600	0.233723	-0.780684	-0.607041	0.148441
65366	12.095577	6.709290	10.656208	1.386304	-6.313293	0.125595	0.208616	-0.135423	0.968576	-0.580198	0.780126	0.234040	-0.787305	-0.610790	0.084174
65367	16.473302	8.039733	14.103864	1.773625	-6.656139	0.451435	0.153475	-0.172735	0.972938	-0.594976	0.769967	0.230553	-0.788955	-0.614259	0.015397
65368	10.451864	2.826163	12.808017	1.955818	-5.962519	0.520849	0.103478	-0.205334	0.973206	-0.611167	0.758822	0.225085	-0.784708	-0.618083	-0.046972
65369	6.935799	1.616795	11.121546	3.304514	-5.745384	0.303237	0.056937	-0.238956	0.969360	-0.637064	0.738879	0.219559	-0.768705	-0.630046	-0.110161
65370	10.073670	12.141650	17.071885	3.691516	-4.246139	0.550440	0.021315	-0.261867	0.964869	-0.665409	0.716572	0.209178	-0.746174	-0.646491	-0.158975
65371	37.548971	19.981984	31.176924	1.773418	-1.521492	0.931429	0.003785	-0.265161	0.964197	-0.678636	0.707498	0.197231	-0.734465	-0.655085	-0.177270
65372	12.523847	15.645508	22.236846	-0.662981	1.985820	0.927254	0.012337	-0.245301	0.969368	-0.674040	0.714036	0.189267	-0.738592	-0.655728	-0.156534
65373	1.240064	8.874044	16.349579	-1.752093	2.943641	1.154214	0.026533	-0.217783	0.975636	-0.661204	0.728162	0.180523	-0.749737	-0.649885	-0.124679
65374	-0.920864	2.758037	12.333928	-1.856129	3.202473	1.377329	0.041917	-0.186643	0.981533	-0.647909	0.742754	0.168907	-0.760563	-0.643025	-0.089793
65375	0.117546	-0.813931	10.517207	-1.307510	3.342457	1.482725	0.057909	-0.154144	0.986350	-0.638638	0.753678	0.155278	-0.767325	-0.638913	-0.054798
65376	1.730227	-1.115596	10.065271	-0.579764	3.755043	1.370708	0.078217	-0.119396	0.989761	-0.635417	0.759041	0.141778	-0.768197	-0.640001	-0.016496
65377	2.393106	0.957933	9.815961	-0.126201	4.309196	1.179714	0.103754	-0.082795	0.991151	-0.635501	0.761060	0.130099	-0.765097	-0.643376	0.026347
