// General information: 
//  MT Manager version: 2022.2.0 
//  XDA version: 2022.2.0 build 7381 rev 124627 built on 2023-07-19
// Device information: 
//  DeviceId: 00B4CBA7
//  ProductCode: MTW2-3A7G6
//  Firmware Version: 4.6.0
//  Hardware Version: 2.0.0
// Device settings: 
//  Filter Profile: human(46.1)
//  Option Flags: Orientation Smoother Disabled, Position/Velocity Smoother Disabled, Continuous Zero Rotation Update Disabled, AHS Disabled, ICC Disabled
// Coordinate system: ENU
PacketCounter	Acc_X	Acc_Y	Acc_Z	Gyr_X	Gyr_Y	Gyr_Z	Mat[1][1]	Mat[2][1]	Mat[3][1]	Mat[1][2]	Mat[2][2]	Mat[3][2]	Mat[1][3]	Mat[2][3]	Mat[3][3]
33069	9.628785	0.062271	-1.836750	0.052132	-0.028771	0.014518	-0.125793	-0.110838	0.985845	-0.641768	0.766886	0.004331	-0.756511	-0.632139	-0.167601
33070	9.650398	0.129157	-1.865961	0.039479	-0.028660	0.013668	-0.126066	-0.110932	0.985800	-0.642060	0.766643	0.004162	-0.756218	-0.632418	-0.167873
33071	9.595479	0.148962	-1.879653	0.013413	-0.015510	0.015162	-0.126206	-0.110890	0.985787	-0.642145	0.766573	0.004020	-0.756123	-0.632511	-0.167953
33072	9.572603	0.125752	-1.866665	-0.017685	-0.013313	0.015830	-0.126376	-0.110870	0.985767	-0.642001	0.766693	0.003925	-0.756216	-0.632368	-0.168070
33073	9.618199	0.120995	-1.884130	-0.028872	-0.004026	0.013557	-0.126664	-0.110860	0.985731	-0.641727	0.766924	0.003791	-0.756401	-0.632091	-0.168283
33074	9.564127	0.094665	-1.883767	-0.036454	-0.000646	0.014505	-0.126731	-0.110770	0.985733	-0.641443	0.767161	0.003741	-0.756630	-0.631818	-0.168276
33075	9.658884	0.058293	-1.830055	-0.035517	0.005080	0.010487	-0.126730	-0.110612	0.985751	-0.641103	0.767446	0.003694	-0.756919	-0.631499	-0.168172
33076	9.705013	0.030368	-1.839893	-0.031972	0.011479	0.012165	-0.126690	-0.110463	0.985773	-0.640855	0.767653	0.003659	-0.757135	-0.631274	-0.168045
33077	9.676592	0.044900	-1.777666	-0.024146	0.014435	0.011938	-0.126662	-0.110415	0.985782	-0.640700	0.767783	0.003675	-0.757272	-0.631124	-0.167992
33078	9.639679	0.053904	-1.737265	-0.020446	0.018322	0.006091	-0.126532	-0.110271	0.985814	-0.640547	0.767910	0.003680	-0.757422	-0.630995	-0.167798
33079	9.642949	0.048815	-1.654689	-0.019900	0.018685	0.009072	-0.126460	-0.110200	0.985831	-0.640512	0.767939	0.003680	-0.757464	-0.630972	-0.167699
33080	9.574865	0.030440	-1.621878	-0.020452	0.019859	0.005900	-0.126318	-0.110048	0.985867	-0.640360	0.768066	0.003687	-0.757616	-0.630844	-0.167490
33081	9.529400	0.033893	-1.603556	-0.018645	0.015363	0.007698	-0.126262	-0.109946	0.985885	-0.640196	0.768203	0.003680	-0.757764	-0.630695	-0.167382
33082	9.555626	0.003205	-1.523728	-0.015883	0.013521	0.005867	-0.126167	-0.109834	0.985910	-0.640079	0.768300	0.003680	-0.757879	-0.630596	-0.167237
33083	9.572837	0.014064	-1.478332	-0.003211	0.008783	0.007294	-0.126149	-0.109836	0.985912	-0.640108	0.768276	0.003688	-0.757857	-0.630625	-0.167224
33084	9.626973	0.039072	-1.478318	0.003845	0.000423	0.003940	-0.126141	-0.109822	0.985915	-0.640143	0.768247	0.003674	-0.757829	-0.630663	-0.167209
33085	9.627164	0.015022	-1.472463	0.005099	-0.002897	0.002566	-0.126258	-0.109742	0.985909	-0.640047	0.768327	0.003557	-0.757891	-0.630579	-0.167247
33086	9.670583	-0.055365	-1.552367	0.011166	-0.006217	0.001885	-0.126288	-0.109784	0.985900	-0.640140	0.768250	0.003550	-0.757807	-0.630666	-0.167298
33087	9.622233	-0.094522	-1.605246	0.020253	-0.008121	0.000481	-0.126530	-0.109893	0.985857	-0.640247	0.768161	0.003454	-0.757677	-0.630755	-0.167554
33088	9.621476	-0.024034	-1.623974	0.032906	-0.008244	0.001334	-0.126573	-0.109953	0.985845	-0.640505	0.767946	0.003416	-0.757451	-0.631006	-0.167627
33089	9.637534	0.081399	-1.604589	0.034161	-0.011566	-0.000039	-0.126741	-0.110047	0.985812	-0.640717	0.767770	0.003333	-0.757244	-0.631204	-0.167817
33090	9.645047	0.181199	-1.607556	0.020541	-0.011018	0.002356	-0.126812	-0.110117	0.985796	-0.640880	0.767634	0.003305	-0.757094	-0.631358	-0.167917
33091	9.707684	0.188578	-1.580955	-0.006553	-0.010891	-0.000571	-0.127008	-0.110342	0.985745	-0.640904	0.767614	0.003348	-0.757041	-0.631343	-0.168211
33092	9.704575	0.193404	-1.662753	-0.017147	-0.010464	0.001293	-0.127068	-0.110417	0.985729	-0.640783	0.767714	0.003394	-0.757133	-0.631208	-0.168306
33093	9.689880	0.224828	-1.639125	-0.035314	-0.008194	0.004298	-0.126949	-0.110503	0.985735	-0.640551	0.767907	0.003590	-0.757349	-0.630958	-0.168268
33094	9.666242	0.297874	-1.649561	-0.053459	-0.010542	0.007879	-0.127051	-0.110528	0.985719	-0.640148	0.768243	0.003633	-0.757674	-0.630544	-0.168360
33095	9.611612	0.320249	-1.661743	-0.089907	-0.008697	0.004876	-0.127004	-0.110606	0.985716	-0.639441	0.768830	0.003881	-0.758277	-0.629815	-0.168371
33096	9.623727	0.224003	-1.749440	-0.129536	-0.002695	0.009747	-0.127059	-0.110568	0.985713	-0.638457	0.769647	0.004034	-0.759097	-0.628823	-0.168383
33097	9.627571	0.098888	-1.853119	-0.146454	0.000850	0.010813	-0.127062	-0.110493	0.985721	-0.637277	0.770623	0.004235	-0.760088	-0.627639	-0.168332
33098	9.671017	0.030856	-1.932492	-0.140409	0.005209	0.009182	-0.127053	-0.110409	0.985732	-0.636208	0.771505	0.004412	-0.760984	-0.626570	-0.168265
33099	9.716753	0.052478	-1.954012	-0.130539	0.014603	0.010931	-0.127005	-0.110350	0.985745	-0.635272	0.772275	0.004603	-0.761774	-0.625631	-0.168185
33100	9.693676	0.126926	-1.961182	-0.124243	0.023763	0.010238	-0.126861	-0.110142	0.985786	-0.634323	0.773054	0.004742	-0.762588	-0.624706	-0.167936
33101	9.696357	0.217698	-1.900886	-0.120681	0.028601	0.012132	-0.126624	-0.109796	0.985856	-0.633274	0.773913	0.004853	-0.763499	-0.623702	-0.167527
33102	9.653756	0.264315	-1.811668	-0.117125	0.034977	0.013845	-0.126416	-0.109490	0.985916	-0.632372	0.774649	0.004944	-0.764280	-0.622841	-0.167166
33103	9.642960	0.266622	-1.696552	-0.113558	0.038274	0.015929	-0.126102	-0.109196	0.985989	-0.631473	0.775381	0.005110	-0.765075	-0.621981	-0.166731
33104	9.639360	0.066009	-1.588491	-0.098426	0.037676	0.013270	-0.125868	-0.108878	0.986054	-0.630714	0.775998	0.005174	-0.765740	-0.621267	-0.166344
33105	9.607130	-0.121726	-1.634022	-0.056500	0.036782	0.012062	-0.125513	-0.108754	0.986113	-0.630438	0.776221	0.005363	-0.766025	-0.621010	-0.165988
33106	9.576791	-0.197485	-1.627606	0.009748	0.032969	0.016193	-0.125333	-0.108443	0.986170	-0.630504	0.776169	0.005220	-0.766000	-0.621130	-0.165653
33107	9.631702	-0.221800	-1.613132	0.067885	0.030639	0.018495	-0.125139	-0.108177	0.986224	-0.631000	0.775767	0.005027	-0.765624	-0.621678	-0.165338
33108	9.725516	-0.095592	-1.596697	0.111326	0.029673	0.017043	-0.124989	-0.107881	0.986275	-0.631842	0.775083	0.004708	-0.764953	-0.622582	-0.165041
33109	9.705039	0.015685	-1.533373	0.122736	0.029765	0.019667	-0.124939	-0.107643	0.986308	-0.632754	0.774341	0.004356	-0.764207	-0.623546	-0.164856
33110	9.606997	0.198316	-1.484993	0.117932	0.031295	0.018786	-0.124789	-0.107323	0.986362	-0.633643	0.773615	0.004009	-0.763495	-0.624501	-0.164543
33111	9.555183	0.306268	-1.436309	0.093476	0.027454	0.022077	-0.124741	-0.107193	0.986382	-0.634455	0.772951	0.003763	-0.762828	-0.625346	-0.164428
33112	9.601125	0.346784	-1.462438	0.051030	0.018796	0.021366	-0.124704	-0.106932	0.986415	-0.634829	0.772644	0.003502	-0.762522	-0.625769	-0.164235
33113	9.630821	0.234572	-1.498529	0.009105	0.016656	0.022893	-0.124671	-0.106736	0.986440	-0.634902	0.772585	0.003354	-0.762467	-0.625875	-0.164086
33114	9.721203	0.016813	-1.558076	-0.010145	0.021301	0.019532	-0.124604	-0.106473	0.986477	-0.634812	0.772660	0.003211	-0.762553	-0.625828	-0.163867
33115	9.702513	-0.085335	-1.657851	0.000169	0.023775	0.015824	-0.124389	-0.106317	0.986521	-0.634956	0.772542	0.003196	-0.762469	-0.626000	-0.163602
33116	9.708689	-0.052726	-1.719862	0.016652	0.024039	0.020650	-0.124307	-0.106028	0.986563	-0.635069	0.772449	0.002998	-0.762388	-0.626163	-0.163356
33117	9.648162	0.122314	-1.711209	0.014863	0.027001	0.019049	-0.124038	-0.105741	0.986627	-0.635212	0.772332	0.002916	-0.762312	-0.626356	-0.162967
33118	9.619006	0.324982	-1.694127	-0.020752	0.029430	0.020434	-0.123913	-0.105421	0.986677	-0.635041	0.772474	0.002782	-0.762476	-0.626235	-0.162666
33119	9.667821	0.338124	-1.632456	-0.056368	0.033398	0.021629	-0.123882	-0.105103	0.986715	-0.634561	0.772868	0.002656	-0.762880	-0.625802	-0.162439
33120	9.694174	0.211098	-1.527582	-0.080839	0.031127	0.024707	-0.123771	-0.104739	0.986768	-0.633925	0.773390	0.002577	-0.763426	-0.625218	-0.162120
33121	9.695033	0.091538	-1.495598	-0.089205	0.029366	0.021728	-0.123629	-0.104470	0.986814	-0.633246	0.773946	0.002601	-0.764013	-0.624574	-0.161838
33122	9.664383	-0.007791	-1.483883	-0.076553	0.026135	0.022986	-0.123545	-0.104151	0.986858	-0.632644	0.774438	0.002532	-0.764525	-0.624017	-0.161569
33123	9.596132	-0.074161	-1.439917	-0.061950	0.019012	0.018117	-0.123350	-0.103995	0.986899	-0.632199	0.774801	0.002628	-0.764924	-0.623593	-0.161317
33124	9.565149	-0.126072	-1.440866	-0.038714	0.016892	0.017359	-0.123300	-0.103777	0.986928	-0.631894	0.775051	0.002553	-0.765185	-0.623319	-0.161140
33125	9.579984	-0.181790	-1.458282	-0.030174	0.017716	0.012621	-0.123167	-0.103501	0.986974	-0.631512	0.775362	0.002502	-0.765521	-0.622978	-0.160861
33126	9.611444	-0.155323	-1.448652	-0.010767	0.009047	0.008642	-0.123121	-0.103399	0.986990	-0.631431	0.775428	0.002468	-0.765595	-0.622912	-0.160761
33127	9.609157	-0.102904	-1.539888	-0.002935	0.010450	0.008644	-0.122977	-0.103267	0.987022	-0.631362	0.775484	0.002471	-0.765676	-0.622864	-0.160565
33128	9.655129	-0.107348	-1.555413	-0.006764	0.006980	0.005054	-0.122924	-0.103206	0.987035	-0.631315	0.775522	0.002467	-0.765722	-0.622827	-0.160486
33129	9.724011	-0.113365	-1.579219	-0.007302	0.008175	0.001887	-0.122900	-0.103224	0.987036	-0.631299	0.775536	0.002500	-0.765740	-0.622808	-0.160478
33130	9.682061	-0.092516	-1.701320	-0.000811	0.007180	-0.005390	-0.122780	-0.103243	0.987049	-0.631311	0.775526	0.002589	-0.765749	-0.622817	-0.160397
33131	9.699034	-0.081349	-1.655757	0.011824	0.013186	-0.005224	-0.122677	-0.103370	0.987049	-0.631503	0.775368	0.002714	-0.765607	-0.622992	-0.160398
33132	9.644890	-0.011125	-1.677580	0.012533	0.012608	-0.009963	-0.122487	-0.103391	0.987070	-0.631624	0.775270	0.002827	-0.765538	-0.623110	-0.160265
33133	9.653435	0.042569	-1.665370	0.013775	0.015452	-0.012082	-0.122187	-0.103487	0.987097	-0.631770	0.775150	0.003063	-0.765466	-0.623244	-0.160093
33134	9.593227	0.102300	-1.628387	0.001132	0.018678	-0.013345	-0.121929	-0.103497	0.987128	-0.631807	0.775119	0.003228	-0.765476	-0.623280	-0.159899
33135	9.539262	0.125845	-1.638094	-0.020321	0.022443	-0.011552	-0.121674	-0.103495	0.987160	-0.631694	0.775210	0.003413	-0.765609	-0.623168	-0.159700
33136	9.548024	0.109275	-1.607971	-0.048893	0.021146	-0.014141	-0.121392	-0.103496	0.987194	-0.631349	0.775490	0.003666	-0.765939	-0.622819	-0.159481
33137	9.586105	-0.016099	-1.615944	-0.072926	0.022739	-0.017879	-0.121106	-0.103459	0.987233	-0.630746	0.775979	0.003945	-0.766480	-0.622216	-0.159232
33138	9.617892	-0.057165	-1.588193	-0.077730	0.024283	-0.018772	-0.120770	-0.103476	0.987273	-0.630185	0.776433	0.004289	-0.766995	-0.621646	-0.158979
33139	9.718566	-0.127727	-1.579188	-0.063575	0.024075	-0.018127	-0.120387	-0.103631	0.987303	-0.629811	0.776734	0.004733	-0.767363	-0.621244	-0.158777
33140	9.741907	-0.102957	-1.590376	-0.039641	0.030634	-0.024683	-0.119966	-0.103656	0.987352	-0.629548	0.776945	0.005075	-0.767644	-0.620977	-0.158463
33141	9.698263	0.040619	-1.524452	-0.032870	0.026745	-0.030101	-0.119480	-0.103869	0.987388	-0.629343	0.777107	0.005594	-0.767888	-0.620738	-0.158218
33142	9.635929	0.108343	-1.566875	-0.043199	0.031945	-0.027330	-0.119032	-0.103907	0.987439	-0.629056	0.777337	0.005968	-0.768193	-0.620444	-0.157891
33143	9.598733	0.144693	-1.530877	-0.056363	0.030198	-0.031047	-0.118615	-0.103939	0.987485	-0.628635	0.777675	0.006344	-0.768602	-0.620015	-0.157584
33144	9.630541	0.104729	-1.502689	-0.071033	0.025428	-0.034149	-0.118175	-0.104071	0.987524	-0.628141	0.778069	0.006829	-0.769073	-0.619498	-0.157319
33145	9.639455	0.043207	-1.461078	-0.076099	0.025259	-0.036358	-0.117731	-0.104236	0.987560	-0.627616	0.778488	0.007348	-0.769569	-0.618944	-0.157072
33146	9.617116	-0.021538	-1.433912	-0.069057	0.023087	-0.040461	-0.117269	-0.104432	0.987594	-0.627144	0.778863	0.007892	-0.770025	-0.618439	-0.156830
33147	9.654947	-0.001958	-1.476022	-0.059171	0.018624	-0.037000	-0.116760	-0.104590	0.987638	-0.626752	0.779173	0.008418	-0.770421	-0.618021	-0.156528
33148	9.609222	0.030292	-1.463308	-0.066822	0.023997	-0.045634	-0.116258	-0.104821	0.987672	-0.626302	0.779528	0.009009	-0.770863	-0.617534	-0.156276
33149	9.467861	0.035139	-1.568460	-0.068588	0.020802	-0.046516	-0.115795	-0.105075	0.987700	-0.625891	0.779852	0.009586	-0.771267	-0.617082	-0.156069
33150	9.420499	0.002978	-1.620043	-0.076409	0.019369	-0.046541	-0.115324	-0.105342	0.987726	-0.625367	0.780264	0.010200	-0.771762	-0.616515	-0.155861
33151	9.520963	0.006823	-1.628179	-0.074627	0.019473	-0.045305	-0.114922	-0.105680	0.987737	-0.624955	0.780586	0.010804	-0.772156	-0.616050	-0.155751
33152	9.683771	0.041330	-1.613011	-0.057463	0.022273	-0.045505	-0.114435	-0.105922	0.987768	-0.624575	0.780882	0.011379	-0.772535	-0.615633	-0.155516
33153	9.754029	0.177676	-1.587061	-0.041808	0.023595	-0.045271	-0.114053	-0.106185	0.987784	-0.624276	0.781114	0.011887	-0.772834	-0.615294	-0.155376
33154	9.785069	0.257368	-1.586558	-0.031685	0.027008	-0.041189	-0.113556	-0.106364	0.987822	-0.624090	0.781255	0.012379	-0.773057	-0.615083	-0.155097
33155	9.755189	0.370643	-1.544720	-0.037204	0.026012	-0.036997	-0.113106	-0.106494	0.987859	-0.623799	0.781480	0.012823	-0.773357	-0.614775	-0.154821
33156	9.632497	0.354235	-1.518601	-0.046548	0.027701	-0.037120	-0.112630	-0.106638	0.987898	-0.623493	0.781716	0.013298	-0.773674	-0.614450	-0.154533
33157	9.555445	0.381810	-1.519272	-0.057605	0.030319	-0.029258	-0.112087	-0.106830	0.987939	-0.623222	0.781922	0.013845	-0.773971	-0.614154	-0.154222
33158	9.518569	0.322454	-1.461728	-0.057578	0.024158	-0.028566	-0.111691	-0.106930	0.987973	-0.622820	0.782235	0.014252	-0.774351	-0.613738	-0.153967
33159	9.627202	0.329554	-1.446724	-0.058289	0.021621	-0.023481	-0.111363	-0.107066	0.987995	-0.622402	0.782561	0.014649	-0.774735	-0.613299	-0.153787
33160	9.659406	0.447891	-1.376547	-0.054915	0.016558	-0.012589	-0.111126	-0.107088	0.988020	-0.622002	0.782874	0.014894	-0.775090	-0.612895	-0.153607
33161	9.745944	0.543360	-1.294851	-0.064444	0.014491	-0.004472	-0.110853	-0.107108	0.988048	-0.621422	0.783328	0.015196	-0.775594	-0.612311	-0.153394
33162	9.807863	0.622646	-1.280636	-0.076717	0.008069	0.006165	-0.110798	-0.107035	0.988062	-0.620833	0.783794	0.015289	-0.776074	-0.611727	-0.153294
33163	9.801977	0.563165	-1.210777	-0.094573	0.001143	0.011590	-0.110769	-0.106932	0.988077	-0.620081	0.784387	0.015374	-0.776679	-0.610985	-0.153192
33164	9.817822	0.437382	-1.214358	-0.105393	-0.004828	0.012570	-0.110853	-0.106887	0.988072	-0.619260	0.785034	0.015448	-0.777321	-0.610162	-0.153214
33165	9.771391	0.280722	-1.242192	-0.104845	-0.009134	0.016067	-0.111015	-0.106792	0.988064	-0.618395	0.785716	0.015441	-0.777987	-0.609299	-0.153266
33166	9.670644	0.122158	-1.277290	-0.103557	-0.017052	0.015156	-0.111211	-0.106801	0.988041	-0.617584	0.786353	0.015487	-0.778603	-0.608476	-0.153409
33167	9.538176	0.007996	-1.338135	-0.105044	-0.021630	0.015915	-0.111296	-0.106909	0.988020	-0.616842	0.786931	0.015666	-0.779178	-0.607709	-0.153529
33168	9.542805	-0.019785	-1.468586	-0.110622	-0.022125	0.010707	-0.111503	-0.106984	0.987989	-0.615980	0.787604	0.015767	-0.779831	-0.606823	-0.153721
33169	9.618537	-0.106706	-1.532532	-0.124999	-0.025239	0.008869	-0.111611	-0.106944	0.987981	-0.614923	0.788427	0.015877	-0.780649	-0.605760	-0.153759
33170	9.654414	-0.153494	-1.643900	-0.118491	-0.023050	0.001273	-0.111767	-0.107098	0.987946	-0.614008	0.789136	0.016083	-0.781347	-0.604809	-0.153958
33171	9.652598	-0.191611	-1.716233	-0.100639	-0.014571	-0.004296	-0.111766	-0.107327	0.987922	-0.613330	0.789656	0.016400	-0.781879	-0.604089	-0.154084
33172	9.617408	-0.177361	-1.893016	-0.056559	-0.008151	-0.011093	-0.111729	-0.107489	0.987908	-0.612912	0.789976	0.016634	-0.782212	-0.603642	-0.154145
33173	9.608151	-0.060930	-1.941384	-0.011965	0.000130	-0.015063	-0.111660	-0.107590	0.987905	-0.612842	0.790027	0.016772	-0.782276	-0.603557	-0.154150
33174	9.584119	0.085182	-1.963194	0.027087	0.013543	-0.015497	-0.111427	-0.107656	0.987924	-0.613083	0.789837	0.016920	-0.782121	-0.603794	-0.154011
33175	9.584919	0.245381	-1.916712	0.048747	0.020868	-0.016929	-0.111123	-0.107637	0.987960	-0.613457	0.789544	0.017020	-0.781871	-0.604180	-0.153768
33176	9.618425	0.241920	-1.819445	0.054234	0.029599	-0.021927	-0.110726	-0.107656	0.988003	-0.613917	0.789183	0.017190	-0.781566	-0.604648	-0.153474
33177	9.606425	0.194039	-1.695146	0.063551	0.034077	-0.022466	-0.110274	-0.107741	0.988044	-0.614536	0.788697	0.017416	-0.781144	-0.605268	-0.153184
33178	9.617444	0.144533	-1.578386	0.088507	0.039918	-0.022750	-0.109791	-0.107703	0.988102	-0.615263	0.788127	0.017542	-0.780639	-0.606017	-0.152795
33179	9.620174	0.296730	-1.449282	0.115028	0.048237	-0.014223	-0.109158	-0.107563	0.988188	-0.616280	0.787330	0.017624	-0.779926	-0.607076	-0.152232
33180	9.584083	0.368581	-1.341562	0.086320	0.044541	-0.008854	-0.108723	-0.107387	0.988255	-0.616974	0.786787	0.017618	-0.779437	-0.607812	-0.151797
33181	9.595168	0.294644	-1.218785	0.041156	0.045171	-0.008904	-0.108326	-0.107253	0.988313	-0.617352	0.786488	0.017685	-0.779193	-0.608222	-0.151409
33182	9.612793	0.210081	-1.149218	0.020964	0.035252	-0.016799	-0.107915	-0.107195	0.988364	-0.617545	0.786333	0.017856	-0.779097	-0.608433	-0.151055
33183	9.691099	0.116798	-1.127514	0.002595	0.014666	-0.022292	-0.107536	-0.107366	0.988387	-0.617594	0.786286	0.018218	-0.779111	-0.608463	-0.150862
33184	9.806953	0.039989	-1.150632	0.004595	0.010851	-0.028450	-0.107243	-0.107548	0.988399	-0.617672	0.786218	0.018530	-0.779089	-0.608519	-0.150746
33185	9.757267	0.108259	-1.305431	0.005603	0.007404	-0.031363	-0.106958	-0.107869	0.988395	-0.617852	0.786066	0.018928	-0.778986	-0.608658	-0.150723
33186	9.724300	0.139049	-1.404992	-0.019120	0.007863	-0.030271	-0.106677	-0.108084	0.988402	-0.617747	0.786140	0.019294	-0.779108	-0.608524	-0.150631
33187	9.643638	0.180681	-1.569264	-0.044606	0.004760	-0.033332	-0.106367	-0.108212	0.988421	-0.617346	0.786446	0.019666	-0.779468	-0.608106	-0.150456
33188	9.649875	0.221184	-1.632157	-0.056482	0.002758	-0.038857	-0.106073	-0.108526	0.988418	-0.616958	0.786737	0.020172	-0.779815	-0.607673	-0.150407
33189	9.705008	0.291483	-1.559366	-0.051470	0.020863	-0.029226	-0.105667	-0.108763	0.988436	-0.616708	0.786921	0.020661	-0.780068	-0.607393	-0.150227
33190	9.654192	0.437380	-1.357269	-0.019759	0.039339	-0.027336	-0.105159	-0.108764	0.988490	-0.616593	0.787002	0.020999	-0.780227	-0.607288	-0.149823
33191	9.514827	0.549065	-0.954291	0.044942	0.078632	-0.016226	-0.104431	-0.108492	0.988597	-0.616990	0.786687	0.021157	-0.780011	-0.607745	-0.149093
33192	9.190416	0.561163	-0.990809	0.128615	0.102976	-0.011399	-0.103525	-0.107980	0.988748	-0.618016	0.785882	0.021117	-0.779320	-0.608876	-0.148092
33193	9.018763	0.357158	-1.221029	0.182271	0.065211	-0.022667	-0.102889	-0.107759	0.988839	-0.619510	0.784706	0.021054	-0.778217	-0.610429	-0.147496
33194	9.415340	0.062801	-1.213520	0.225598	0.023827	-0.039508	-0.102426	-0.107948	0.988866	-0.621316	0.783275	0.021150	-0.776837	-0.612232	-0.147298
33195	9.721408	-0.391390	-1.139285	0.339397	-0.019836	-0.054024	-0.102195	-0.108454	0.988835	-0.623928	0.781194	0.021198	-0.774771	-0.614796	-0.147502
33196	9.789038	-0.614131	-1.352313	0.524723	-0.051836	-0.052374	-0.102236	-0.109207	0.988748	-0.628049	0.777891	0.020978	-0.771428	-0.618838	-0.148115
33197	9.534202	-0.444974	-1.676986	0.607090	-0.071996	-0.053167	-0.102219	-0.110078	0.988653	-0.632851	0.773996	0.020746	-0.767497	-0.623549	-0.148780
33198	9.225460	0.050427	-1.774579	0.640044	-0.092860	-0.051619	-0.102569	-0.111081	0.988504	-0.637813	0.769923	0.020338	-0.763331	-0.628395	-0.149819
33199	9.094072	0.676683	-1.765028	0.520516	-0.133005	-0.046473	-0.103195	-0.112394	0.988291	-0.641942	0.766489	0.020140	-0.759777	-0.632347	-0.151248
33200	9.470429	0.894614	-1.629371	0.321639	-0.167737	-0.057818	-0.104061	-0.113923	0.988025	-0.644453	0.764376	0.020260	-0.757530	-0.634627	-0.152960
33201	9.714845	0.910750	-1.609119	0.143814	-0.188146	-0.065051	-0.104990	-0.115634	0.987728	-0.645670	0.763335	0.020732	-0.756364	-0.635570	-0.154804
33202	9.737955	0.564488	-1.331826	0.011603	-0.200747	-0.079479	-0.105961	-0.117539	0.987399	-0.645852	0.763158	0.021538	-0.756073	-0.635432	-0.156778
33203	9.747907	0.205193	-1.314398	-0.050727	-0.226939	-0.094901	-0.107124	-0.119693	0.987015	-0.645543	0.763392	0.022512	-0.756174	-0.634749	-0.159045
33204	9.869304	-0.605877	-1.409866	-0.046111	-0.255269	-0.120208	-0.108245	-0.122254	0.986578	-0.645335	0.763529	0.023810	-0.756192	-0.634096	-0.161543
33205	10.036061	-0.892947	-1.339895	0.078081	-0.267742	-0.132814	-0.109363	-0.124951	0.986117	-0.646072	0.762867	0.025011	-0.755401	-0.634367	-0.164157
33206	10.002201	-0.657366	-1.278675	0.187745	-0.271061	-0.148835	-0.110412	-0.127829	0.985631	-0.647663	0.761476	0.026206	-0.753885	-0.635463	-0.166866
33207	9.720941	-0.256409	-1.140082	0.199684	-0.260457	-0.161721	-0.111204	-0.130751	0.985159	-0.649460	0.759897	0.027544	-0.752220	-0.636758	-0.169421
33208	9.479752	0.132491	-0.960275	0.079874	-0.286654	-0.166315	-0.112243	-0.133863	0.984623	-0.650257	0.759157	0.029083	-0.751377	-0.636994	-0.172256
33209	9.560881	0.142190	-0.830424	-0.072688	-0.312192	-0.178923	-0.113309	-0.137195	0.984042	-0.649958	0.759337	0.031026	-0.751476	-0.636070	-0.175210
33210	9.610602	0.021428	-0.627154	-0.183116	-0.328964	-0.192393	-0.114498	-0.140769	0.983399	-0.648811	0.760222	0.033280	-0.752286	-0.634230	-0.178376
33211	9.687224	-0.184538	-0.277115	-0.248462	-0.342803	-0.216016	-0.115668	-0.144687	0.982693	-0.647285	0.761401	0.035916	-0.753421	-0.631929	-0.181724
33212	9.576279	-0.152099	-0.053151	-0.278051	-0.343983	-0.224406	-0.116777	-0.148590	0.981980	-0.645460	0.762814	0.038668	-0.754814	-0.629313	-0.184988
33213	9.218495	-0.350749	-0.103536	-0.301857	-0.400265	-0.234629	-0.118277	-0.152798	0.981154	-0.643455	0.764360	0.041468	-0.756291	-0.626424	-0.188724
33214	9.211583	-0.732248	0.155659	-0.291941	-0.470777	-0.257338	-0.120153	-0.157732	0.980145	-0.641563	0.765773	0.044586	-0.757601	-0.623468	-0.193204
33215	9.380791	-0.831723	0.804794	-0.199271	-0.547252	-0.265627	-0.122445	-0.163243	0.978958	-0.640611	0.766384	0.047671	-0.758040	-0.621294	-0.198415
33216	9.361828	-0.694562	1.844084	-0.131028	-0.651129	-0.280126	-0.125553	-0.169453	0.977508	-0.639976	0.766719	0.050712	-0.758068	-0.619215	-0.204710
33217	9.249424	-0.726142	3.454241	-0.104219	-0.815085	-0.308970	-0.129875	-0.176769	0.975646	-0.639705	0.766738	0.053763	-0.757568	-0.617144	-0.212661
33218	9.175629	-0.436720	5.343938	-0.150610	-1.038000	-0.362891	-0.135383	-0.185966	0.973185	-0.639058	0.766994	0.057663	-0.757150	-0.614115	-0.222681
33219	8.873382	-0.065520	6.928280	-0.284794	-1.339533	-0.415476	-0.142896	-0.197222	0.969889	-0.637639	0.767821	0.062187	-0.756966	-0.609552	-0.235475
33220	8.692984	-0.352406	7.889948	-0.520579	-1.698270	-0.459282	-0.152805	-0.211065	0.965454	-0.634387	0.770024	0.067935	-0.757762	-0.602091	-0.251560
33221	8.816854	-0.956615	7.977746	-0.682389	-2.045132	-0.480780	-0.165219	-0.226907	0.959800	-0.630136	0.772926	0.074257	-0.758703	-0.592536	-0.270685
33222	9.402863	-0.988500	6.419765	-0.633996	-2.361903	-0.485229	-0.180059	-0.244560	0.952769	-0.626178	0.775491	0.080717	-0.758604	-0.582069	-0.292772
33223	10.997994	-0.586317	3.792861	-0.553611	-2.612462	-0.464239	-0.196963	-0.263065	0.944459	-0.623093	0.777342	0.086573	-0.756942	-0.571434	-0.317021
33224	13.490220	-0.195306	1.338500	-0.531201	-2.734880	-0.427192	-0.214947	-0.281883	0.935061	-0.619973	0.779167	0.092371	-0.754606	-0.559858	-0.342240
33225	16.439553	-0.168825	-0.065735	-0.609117	-2.750736	-0.375296	-0.233152	-0.299966	0.925019	-0.616556	0.781198	0.097924	-0.751997	-0.547495	-0.367083
33226	17.872354	0.427107	-1.824264	-0.564086	-2.733889	-0.292597	-0.251839	-0.317071	0.914354	-0.613050	0.783330	0.102785	-0.748831	-0.534659	-0.391653
33227	17.641737	0.054715	-2.616544	-0.736548	-2.669257	-0.167234	-0.270872	-0.332232	0.903466	-0.608114	0.786613	0.106940	-0.746207	-0.520443	-0.415106
33228	16.870928	-1.202769	-3.679236	-0.753213	-2.531680	-0.023228	-0.289562	-0.345431	0.892654	-0.602588	0.790382	0.110386	-0.743668	-0.505939	-0.437017
33229	16.470342	-1.236910	-4.250565	-0.470679	-2.236556	0.177703	-0.307252	-0.355026	0.882923	-0.598857	0.793190	0.110546	-0.739572	-0.494779	-0.456319
33230	14.569456	0.283218	-4.388958	-0.080591	-1.807261	0.332769	-0.322533	-0.361285	0.874897	-0.597236	0.794758	0.108020	-0.734358	-0.487680	-0.472109
33231	12.825272	1.908273	-3.078464	0.112482	-1.289816	0.420086	-0.334746	-0.363843	0.869231	-0.596878	0.795669	0.103190	-0.729165	-0.484282	-0.483517
33232	12.198086	3.006509	-2.098579	0.229455	-0.653730	0.457968	-0.342208	-0.363385	0.866513	-0.597019	0.796204	0.098121	-0.725577	-0.483747	-0.489415
33233	11.681616	3.641867	-1.951223	0.336249	0.042682	0.498474	-0.345083	-0.358838	0.867268	-0.597929	0.796303	0.091561	-0.723463	-0.486968	-0.489350
33234	10.732742	3.869843	-1.863440	0.389007	0.728704	0.598224	-0.343365	-0.350525	0.871340	-0.598707	0.796499	0.084488	-0.723637	-0.492667	-0.483352
33235	10.128695	3.981844	-1.284130	0.411114	1.374087	0.690900	-0.337619	-0.337769	0.878593	-0.599498	0.796765	0.075940	-0.725682	-0.501076	-0.471495
33236	9.972525	4.151990	-0.680415	0.343343	1.957226	0.688642	-0.327477	-0.322403	0.888153	-0.599731	0.797283	0.068286	-0.730125	-0.510291	-0.454446
33237	9.632823	4.171701	-0.610572	0.289656	2.482224	0.601643	-0.312975	-0.304267	0.899705	-0.600007	0.797663	0.061037	-0.736232	-0.520726	-0.432211
33238	8.412004	3.727798	-1.818216	0.289838	2.868941	0.491865	-0.294680	-0.285266	0.912023	-0.600680	0.797569	0.055383	-0.743201	-0.531514	-0.406382
33239	7.433755	2.929123	-2.403361	0.269015	3.133897	0.381477	-0.273322	-0.265001	0.924700	-0.601791	0.797052	0.050543	-0.750428	-0.542662	-0.377327
33240	7.520053	2.168952	-2.359902	0.273644	3.291196	0.269383	-0.250106	-0.244836	0.936751	-0.603172	0.796221	0.047064	-0.757384	-0.553251	-0.346818
33241	8.641461	1.589894	-2.425414	0.404367	3.434527	0.159026	-0.224745	-0.223956	0.948332	-0.606041	0.794219	0.043936	-0.763023	-0.564854	-0.314223
33242	9.434690	1.104121	-2.578739	0.683433	3.590785	0.055594	-0.197596	-0.203011	0.959032	-0.611172	0.790415	0.041393	-0.766436	-0.577954	-0.280257
33243	9.444334	0.764749	-3.046794	1.082767	3.739400	-0.042713	-0.168370	-0.181087	0.968947	-0.619750	0.783840	0.038801	-0.766526	-0.593972	-0.244203
33244	8.856894	1.181473	-3.476522	1.499551	3.856381	-0.129538	-0.138037	-0.158850	0.977606	-0.631439	0.774557	0.036698	-0.763040	-0.612232	-0.207221
33245	8.617825	1.809440	-3.765088	1.741614	3.924154	-0.200508	-0.106570	-0.135579	0.985018	-0.645125	0.763263	0.035260	-0.756609	-0.631702	-0.168807
33246	8.854109	1.950501	-4.021322	1.830309	3.977941	-0.268422	-0.074857	-0.112118	0.990871	-0.659161	0.751177	0.035199	-0.748266	-0.650509	-0.130135
33247	9.363182	2.090923	-3.893483	1.879480	4.031159	-0.356226	-0.042192	-0.087802	0.995244	-0.673524	0.738260	0.036577	-0.737960	-0.668777	-0.090286
33248	9.442794	2.250666	-3.247155	1.902628	4.100701	-0.465138	-0.008978	-0.063438	0.997945	-0.687590	0.725002	0.039901	-0.726044	-0.685819	-0.050128
33249	8.858890	2.410965	-2.820849	1.939517	4.117768	-0.564380	0.024906	-0.038572	0.998945	-0.701661	0.711092	0.044951	-0.712076	-0.702040	-0.009354
33250	7.311343	2.683498	-3.498196	1.804042	3.967422	-0.606205	0.057194	-0.014722	0.998255	-0.714145	0.698122	0.051212	-0.697657	-0.715828	0.029415
33251	6.794777	2.600685	-3.533237	1.371140	3.689883	-0.550122	0.086978	0.008321	0.996176	-0.723362	0.688078	0.057410	-0.684969	-0.725589	0.065867
33252	7.589498	1.966977	-3.028700	0.899228	3.423241	-0.438067	0.113466	0.030248	0.993081	-0.729052	0.681596	0.062538	-0.674988	-0.731104	0.099391
33253	8.734987	1.130114	-2.963692	0.539084	3.259314	-0.339558	0.138066	0.052024	0.989056	-0.732345	0.677670	0.066585	-0.666790	-0.733523	0.131663
33254	8.779869	0.197033	-1.955856	0.447440	3.132831	-0.277307	0.160894	0.073141	0.984258	-0.734908	0.674543	0.070008	-0.658804	-0.734603	0.162282
33255	8.221779	0.856606	-1.437940	0.591589	2.943195	-0.237551	0.182107	0.093368	0.978836	-0.738452	0.670294	0.073447	-0.649250	-0.736199	0.191013
33256	7.480138	2.107878	-0.825433	0.530667	2.691604	-0.195535	0.200935	0.111882	0.973195	-0.741510	0.666570	0.076468	-0.640147	-0.736999	0.216899
33257	7.069785	2.751938	0.293377	0.185173	2.365426	-0.121850	0.217103	0.128638	0.967636	-0.742504	0.665267	0.078150	-0.633683	-0.735440	0.239946
33258	7.039803	2.120821	1.363061	-0.353098	2.004194	-0.029801	0.230033	0.143122	0.962601	-0.740213	0.667881	0.077586	-0.631799	-0.730377	0.259575
33259	7.102645	0.639968	2.117139	-0.692998	1.583529	0.049273	0.239877	0.155095	0.958334	-0.736005	0.672770	0.075347	-0.633053	-0.723412	0.275533
33260	7.155897	-0.823195	2.365546	-0.663661	1.127701	0.106994	0.246270	0.163933	0.955237	-0.732066	0.677366	0.072488	-0.635162	-0.717148	0.286825
33261	6.430293	-1.960867	2.012314	-0.488338	0.591052	0.113014	0.249390	0.169062	0.953532	-0.729304	0.680592	0.070075	-0.637119	-0.712890	0.293030
33262	6.136535	-2.525578	1.177592	-0.264078	-0.002746	0.104862	0.248635	0.169751	0.953606	-0.727890	0.682281	0.068331	-0.639028	-0.711110	0.293199
33263	6.521625	-2.432423	0.241063	-0.074939	-0.556536	0.097530	0.244536	0.166607	0.955220	-0.727724	0.682565	0.067245	-0.640796	-0.711580	0.288156
33264	7.247116	-2.088875	-0.683189	0.014236	-0.992509	0.114157	0.237361	0.160309	0.958103	-0.728101	0.682263	0.066224	-0.643062	-0.713315	0.278663
33265	8.179162	-1.409484	-1.808502	0.068927	-1.316601	0.158369	0.227881	0.152129	0.961731	-0.728990	0.681436	0.064942	-0.645479	-0.715892	0.266187
33266	8.738215	-0.465583	-2.872929	0.038483	-1.547360	0.248731	0.216081	0.142720	0.965888	-0.729803	0.680779	0.062674	-0.648611	-0.718450	0.251261
33267	9.658690	0.215759	-1.348463	-0.368897	-1.691036	0.398997	0.202295	0.133414	0.970195	-0.728300	0.682802	0.057964	-0.654718	-0.718319	0.235293
33268	11.626241	0.694950	0.704346	-0.621512	-1.770015	0.537377	0.186757	0.124390	0.974499	-0.725264	0.686552	0.051358	-0.662657	-0.716361	0.218434
33269	15.301335	2.338768	4.232554	-0.755346	-1.592417	0.526036	0.172471	0.116730	0.978073	-0.721233	0.691250	0.044682	-0.670877	-0.713125	0.203410
33270	17.147773	1.912914	5.999778	-0.477392	-1.340696	0.401581	0.160575	0.109957	0.980880	-0.718699	0.694179	0.039837	-0.676526	-0.711354	0.190494
33271	17.426580	-1.589760	1.997753	0.083200	-1.397893	0.437104	0.148109	0.103129	0.983579	-0.720002	0.693050	0.035752	-0.677983	-0.713474	0.176900
33272	13.084772	-4.100949	-1.574392	0.946751	-1.663427	0.576877	0.132722	0.095163	0.986574	-0.727224	0.685668	0.031693	-0.673447	-0.721667	0.160208
33273	9.292426	-3.883583	-3.233375	1.755278	-1.914096	0.673643	0.115118	0.085892	0.989631	-0.739855	0.672195	0.027722	-0.662845	-0.735375	0.140930
33274	8.049185	-2.274029	-4.435955	2.521709	-2.049743	0.679997	0.096640	0.075130	0.992480	-0.757095	0.652853	0.024299	-0.646117	-0.753750	0.119972
33275	8.751122	0.496882	-5.427631	3.061455	-1.994048	0.552531	0.079838	0.063514	0.994782	-0.777090	0.628998	0.022207	-0.624305	-0.774808	0.099574
33276	8.758658	3.210470	-3.867826	3.099947	-1.758143	0.529176	0.064928	0.052974	0.996483	-0.796484	0.604336	0.019770	-0.601163	-0.794967	0.081431
33277	8.252274	5.819148	-1.588795	2.380588	-1.522060	0.548615	0.051606	0.044056	0.997695	-0.810929	0.584923	0.016116	-0.582865	-0.809891	0.065911
33278	8.436995	6.088433	-1.234372	0.870472	-1.397864	0.689096	0.037925	0.036699	0.998606	-0.816297	0.577550	0.009776	-0.576386	-0.815530	0.051860
33279	8.954770	2.651669	-2.055206	-0.621391	-1.357076	0.847228	0.023277	0.030555	0.999262	-0.812967	0.582309	0.001132	-0.581845	-0.812393	0.038394
33280	9.892592	-0.977202	-3.271125	-1.241181	-1.353546	0.854544	0.008443	0.024622	0.999661	-0.805832	0.592093	-0.007777	-0.592084	-0.805493	0.024840
33281	11.159010	-2.419746	-3.786171	-0.996025	-1.362419	0.797109	-0.005970	0.018400	0.999813	-0.799902	0.599922	-0.015817	-0.600100	-0.799847	0.011136
33282	11.662176	-1.546325	-2.958760	-0.538209	-1.304675	0.734924	-0.019665	0.012406	0.999730	-0.796584	0.604084	-0.023165	-0.604208	-0.796824	-0.001997
33283	10.458575	-0.382120	-1.776493	-0.403477	-1.209595	0.665033	-0.032189	0.006759	0.999459	-0.793958	0.607248	-0.029677	-0.607120	-0.794484	-0.014181
33284	9.173489	-0.431956	-2.321502	-0.418266	-1.147281	0.635457	-0.044179	0.001524	0.999022	-0.791187	0.610518	-0.035920	-0.609976	-0.792001	-0.025766
33285	8.493340	-1.226952	-3.034394	-0.327273	-1.117981	0.639304	-0.055976	-0.003469	0.998426	-0.788852	0.613140	-0.042096	-0.612029	-0.789967	-0.037058
33286	9.206099	-1.260220	-3.164982	-0.104690	-1.083354	0.645888	-0.067671	-0.008063	0.997675	-0.787830	0.613982	-0.048475	-0.612164	-0.789278	-0.047901
33287	10.422508	-0.352296	-3.289774	-0.105885	-0.997133	0.619043	-0.078577	-0.012200	0.996833	-0.786706	0.614918	-0.054487	-0.612306	-0.788497	-0.057916
33288	11.055225	-0.398382	-3.273396	-0.243018	-0.910808	0.581901	-0.088703	-0.015793	0.995933	-0.784748	0.616893	-0.060111	-0.613434	-0.786889	-0.067114
33289	10.897548	-0.594235	-2.841150	-0.375494	-0.823809	0.568475	-0.098153	-0.018839	0.994993	-0.781877	0.619994	-0.065391	-0.615658	-0.784380	-0.075584
33290	10.132486	-0.612111	-2.634414	-0.380193	-0.784195	0.563842	-0.107361	-0.021479	0.993988	-0.778971	0.623064	-0.070674	-0.617800	-0.781876	-0.083624
33291	9.783146	-0.003765	-2.302628	-0.366008	-0.769448	0.538251	-0.116249	-0.024222	0.992925	-0.776064	0.626108	-0.075586	-0.619847	-0.779360	-0.091583
33292	9.643779	0.264897	-1.737342	-0.452876	-0.738468	0.518222	-0.124821	-0.026716	0.991820	-0.772646	0.629742	-0.080275	-0.622446	-0.776345	-0.099247
33293	9.463461	-0.142871	-1.581411	-0.644195	-0.710625	0.500014	-0.133053	-0.029163	0.990680	-0.767931	0.634941	-0.084446	-0.626561	-0.772010	-0.106876
33294	9.546519	-1.488171	-1.435798	-0.754138	-0.704749	0.494869	-0.141244	-0.031434	0.989476	-0.762529	0.640874	-0.088489	-0.631348	-0.767002	-0.114489
33295	9.512539	-1.599909	-0.912935	-0.808621	-0.703380	0.472475	-0.149237	-0.033873	0.988221	-0.756667	0.647283	-0.092082	-0.636540	-0.761497	-0.122230
33296	10.206973	-2.156528	-0.954041	-0.838568	-0.715189	0.433029	-0.157044	-0.036487	0.986917	-0.750664	0.653777	-0.095280	-0.641748	-0.755807	-0.130061
33297	10.355716	-2.461536	-0.834905	-0.718328	-0.704620	0.402413	-0.164539	-0.039251	0.985589	-0.745347	0.659409	-0.098171	-0.646053	-0.750759	-0.137755
33298	9.407106	-2.214370	-0.754769	-0.606773	-0.705259	0.382949	-0.171925	-0.042002	0.984214	-0.740793	0.664087	-0.101063	-0.649359	-0.746475	-0.145288
33299	9.043637	-2.591877	-0.777017	-0.457022	-0.726997	0.391739	-0.179499	-0.044895	0.982733	-0.737094	0.667719	-0.104129	-0.651515	-0.743058	-0.152947
33300	8.465251	-2.693027	-0.750947	-0.314989	-0.765739	0.391866	-0.187347	-0.047960	0.981122	-0.734343	0.670218	-0.107462	-0.652412	-0.740613	-0.160782
33301	8.763778	-2.472622	-0.410145	-0.212282	-0.819113	0.374708	-0.195394	-0.051578	0.979368	-0.732212	0.672022	-0.110692	-0.652447	-0.738733	-0.169075
33302	9.269240	-2.120936	-0.415967	-0.159943	-0.861221	0.363222	-0.203639	-0.055497	0.977472	-0.730465	0.673377	-0.113948	-0.651883	-0.737213	-0.177665
33303	9.421984	-1.747206	-0.189055	-0.207895	-0.913845	0.346706	-0.212079	-0.059947	0.975412	-0.728370	0.675143	-0.116872	-0.651537	-0.735247	-0.186848
33304	9.110970	-1.931036	-0.135958	-0.292817	-0.965451	0.320385	-0.220671	-0.064873	0.973188	-0.725790	0.677473	-0.119413	-0.651562	-0.732681	-0.196583
33305	8.655970	-2.535365	-0.115031	-0.282323	-1.023214	0.311936	-0.229551	-0.070288	0.970755	-0.723239	0.679772	-0.121802	-0.651331	-0.730047	-0.206877
33306	8.224126	-2.736930	-0.077770	-0.221307	-1.096056	0.314283	-0.238926	-0.076145	0.968048	-0.721084	0.681596	-0.124359	-0.650348	-0.727756	-0.217758
33307	8.270029	-2.682298	-0.032569	-0.237675	-1.165522	0.310672	-0.248688	-0.082523	0.965062	-0.718785	0.683577	-0.126771	-0.649232	-0.725198	-0.229314
33308	8.293918	-2.982563	-0.028963	-0.298705	-1.222879	0.302458	-0.258764	-0.089309	0.961803	-0.716102	0.685979	-0.128964	-0.648259	-0.722120	-0.241461
33309	8.105766	-3.194046	-0.180755	-0.247628	-1.296933	0.307808	-0.269314	-0.096553	0.958200	-0.713707	0.688035	-0.131266	-0.646601	-0.719226	-0.254208
33310	7.777230	-3.223142	0.035415	-0.173005	-1.366571	0.341446	-0.280539	-0.104020	0.954190	-0.711674	0.689599	-0.134062	-0.644064	-0.716682	-0.267488
33311	7.460060	-3.008506	0.078046	-0.109445	-1.450329	0.365573	-0.292408	-0.111875	0.949727	-0.709957	0.690747	-0.137218	-0.640670	-0.714390	-0.281407
33312	7.693785	-2.296076	-0.449298	-0.052534	-1.548889	0.379309	-0.304962	-0.120310	0.944735	-0.708512	0.691542	-0.140643	-0.636403	-0.712247	-0.296135
33313	8.381639	-0.871725	-1.298750	-0.066506	-1.640766	0.400939	-0.318151	-0.129183	0.939197	-0.706894	0.692462	-0.144213	-0.631729	-0.709794	-0.311626
33314	9.736426	0.860035	-1.945710	-0.323125	-1.722078	0.398153	-0.331782	-0.138612	0.933117	-0.703588	0.695261	-0.146891	-0.628399	-0.705265	-0.328201
33315	10.907225	1.544306	-2.853769	-0.681218	-1.762309	0.374277	-0.345409	-0.148353	0.926652	-0.698094	0.700529	-0.148063	-0.627181	-0.698033	-0.345534
33316	11.431603	1.515706	-3.253750	-0.878725	-1.775303	0.339906	-0.358878	-0.158282	0.919866	-0.691411	0.707125	-0.148072	-0.627023	-0.689145	-0.363209
33317	11.213862	1.488680	-3.314701	-0.979658	-1.795347	0.306447	-0.372178	-0.168390	0.912759	-0.684188	0.714296	-0.147201	-0.627193	-0.679283	-0.381056
33318	10.892748	0.781385	-3.132074	-1.001284	-1.830281	0.246223	-0.385306	-0.178970	0.905267	-0.677000	0.721453	-0.145520	-0.627064	-0.668936	-0.399143
33319	10.626208	-0.159375	-3.178831	-0.934149	-1.859845	0.163931	-0.397994	-0.190127	0.897470	-0.670552	0.727919	-0.143157	-0.626068	-0.658776	-0.417197
33320	10.526891	-1.327395	-2.916052	-0.735172	-1.928115	0.086202	-0.410588	-0.202120	0.889137	-0.665637	0.732877	-0.140781	-0.623173	-0.649645	-0.435449
33321	10.922456	-2.093578	-2.487701	-0.465318	-2.002972	0.039550	-0.423205	-0.214766	0.880212	-0.662634	0.735926	-0.139033	-0.617911	-0.642098	-0.453759
33322	11.955285	-2.410682	-1.371042	-0.157997	-2.124685	-0.004760	-0.436192	-0.228391	0.870387	-0.661710	0.736904	-0.138249	-0.609817	-0.636247	-0.472560
33323	12.913556	-1.748594	-0.226074	0.096287	-2.209402	-0.033539	-0.449241	-0.242643	0.859830	-0.662499	0.736167	-0.138395	-0.599397	-0.631809	-0.491467
33324	13.451714	-1.447610	1.135315	0.171112	-2.330848	-0.064278	-0.462624	-0.257799	0.848245	-0.663834	0.734907	-0.138695	-0.587625	-0.627257	-0.511121
33325	13.929661	-1.937170	1.992934	0.201502	-2.492655	-0.092883	-0.476375	-0.274028	0.835449	-0.665544	0.733306	-0.138970	-0.574559	-0.622231	-0.531706
33326	14.821845	-1.466179	2.711074	0.259512	-2.678221	-0.113861	-0.490783	-0.291461	0.821086	-0.667593	0.731354	-0.139428	-0.559867	-0.616581	-0.553514
33327	16.718776	-0.767708	3.860290	0.122652	-2.849364	-0.154701	-0.505343	-0.310019	0.805305	-0.669177	0.730008	-0.138889	-0.544821	-0.609078	-0.576363
33328	19.338388	1.757069	5.297806	-0.077080	-2.982567	-0.182014	-0.520131	-0.329375	0.788021	-0.669723	0.729869	-0.136980	-0.530034	-0.599003	-0.600217
33329	21.670607	5.958780	7.717026	-0.527190	-3.061821	-0.159100	-0.534904	-0.348619	0.769638	-0.667991	0.732266	-0.132568	-0.517364	-0.585022	-0.624567
33330	20.816236	8.621042	8.515472	-1.095423	-3.033696	-0.041088	-0.550164	-0.366394	0.750383	-0.662623	0.738401	-0.125277	-0.508184	-0.566144	-0.649023
