// General information: 
//  MT Manager version: 2022.2.0 
//  XDA version: 2022.2.0 build 7381 rev 124627 built on 2023-07-19
// Device information: 
//  DeviceId: 00B4CAF0
//  ProductCode: MTW2-3A7G6
//  Firmware Version: 4.6.0
//  Hardware Version: 2.0.0
// Device settings: 
//  Filter Profile: human(46.1)
//  Option Flags: Orientation Smoother Disabled, Position/Velocity Smoother Disabled, Continuous Zero Rotation Update Disabled, AHS Disabled, ICC Disabled
// Coordinate system: ENU
PacketCounter	Acc_X	Acc_Y	Acc_Z	Gyr_X	Gyr_Y	Gyr_Z	Mat[1][1]	Mat[2][1]	Mat[3][1]	Mat[1][2]	Mat[2][2]	Mat[3][2]	Mat[1][3]	Mat[2][3]	Mat[3][3]
60664	4.824547	1.494603	8.841200	0.000931	0.002043	0.003658	-0.769964	-0.426638	0.474485	0.548543	-0.822441	0.150635	0.325969	0.376258	0.867279
60665	4.823299	1.496767	8.865516	0.002039	0.000194	0.003767	-0.769942	-0.426648	0.474512	0.548566	-0.822426	0.150634	0.325983	0.376280	0.867265
60666	4.814422	1.527471	8.837731	0.003786	0.001242	0.003699	-0.769972	-0.426601	0.474504	0.548529	-0.822442	0.150679	0.325973	0.376298	0.867261
60667	4.823188	1.496971	8.865542	0.003727	0.002539	0.004882	-0.769952	-0.426629	0.474513	0.548566	-0.822416	0.150688	0.325959	0.376324	0.867255
60668	4.821990	1.499280	8.889806	0.001107	-0.001849	0.000109	-0.769961	-0.426445	0.474663	0.548427	-0.822515	0.150656	0.326171	0.376317	0.867178
60669	4.812997	1.473240	8.842620	0.000174	0.001740	0.006200	-0.769931	-0.426480	0.474681	0.548463	-0.822496	0.150627	0.326183	0.376317	0.867173
60670	4.813087	1.529842	8.862058	0.004543	0.001544	0.001156	-0.770014	-0.426368	0.474647	0.548369	-0.822538	0.150740	0.326145	0.376353	0.867172
60671	4.790017	1.486925	8.864912	-0.000117	0.002594	0.002366	-0.770007	-0.426375	0.474651	0.548374	-0.822537	0.150727	0.326152	0.376347	0.867172
60672	4.800060	1.510626	8.887919	0.002678	0.003091	0.003590	-0.770038	-0.426332	0.474640	0.548330	-0.822563	0.150746	0.326153	0.376339	0.867175
60673	4.822619	1.497068	8.865835	0.000931	0.002043	0.003657	-0.770023	-0.426347	0.474651	0.548348	-0.822553	0.150736	0.326159	0.376344	0.867171
60674	4.823570	1.494790	8.841702	0.001571	0.004939	0.003481	-0.770027	-0.426342	0.474648	0.548330	-0.822570	0.150708	0.326179	0.376313	0.867177
60675	4.813122	1.527602	8.838416	0.001571	0.004939	0.003480	-0.770022	-0.426366	0.474634	0.548349	-0.822558	0.150705	0.326159	0.376311	0.867185
60676	4.800116	1.508310	8.864275	0.001629	0.003642	0.002298	-0.770061	-0.426378	0.474561	0.548339	-0.822558	0.150737	0.326083	0.376297	0.867220
60677	4.801159	1.506408	8.840030	0.007397	0.000742	0.001197	-0.770055	-0.426368	0.474579	0.548359	-0.822535	0.150795	0.326064	0.376360	0.867200
60678	4.788433	1.487273	8.865710	0.000172	0.001740	0.006199	-0.770050	-0.426387	0.474570	0.548365	-0.822536	0.150767	0.326065	0.376336	0.867210
60679	4.822631	1.495107	8.842161	0.001048	-0.000552	0.001292	-0.770040	-0.426373	0.474600	0.548364	-0.822536	0.150770	0.326091	0.376352	0.867193
60680	4.822720	1.495247	8.842088	0.004892	-0.000608	0.003807	-0.770062	-0.426328	0.474604	0.548337	-0.822544	0.150820	0.326084	0.376384	0.867182
60681	4.821586	1.497703	8.866289	0.003843	-0.000056	0.002515	-0.770046	-0.426326	0.474631	0.548356	-0.822528	0.150841	0.326090	0.376421	0.867163
60682	4.810279	1.532941	8.887057	0.002736	0.001793	0.002406	-0.769997	-0.426307	0.474727	0.548344	-0.822554	0.150744	0.326226	0.376387	0.867127
60683	4.811414	1.530766	8.862807	0.000989	0.000745	0.002474	-0.769984	-0.426308	0.474748	0.548352	-0.822549	0.150741	0.326241	0.376397	0.867117
60684	4.800018	1.509288	8.864162	0.001107	-0.001849	0.000109	-0.769956	-0.426337	0.474767	0.548375	-0.822542	0.150694	0.326270	0.376378	0.867114
60685	4.834173	1.517301	8.840604	0.003666	0.003835	0.006063	-0.769934	-0.426379	0.474766	0.548420	-0.822512	0.150696	0.326248	0.376397	0.867114
60686	4.832873	1.519557	8.864930	0.001048	-0.000552	0.001292	-0.769912	-0.426413	0.474771	0.548443	-0.822504	0.150656	0.326259	0.376376	0.867119
60687	4.780750	1.516441	8.813532	0.005531	0.002288	0.003630	-0.769898	-0.426429	0.474779	0.548476	-0.822477	0.150686	0.326238	0.376417	0.867109
60688	4.821312	1.498379	8.866325	0.002037	0.000193	0.003766	-0.769910	-0.426439	0.474751	0.548479	-0.822472	0.150702	0.326204	0.376418	0.867122
60689	4.832724	1.519933	8.864947	0.003725	0.002538	0.004880	-0.769890	-0.426466	0.474759	0.548515	-0.822446	0.150710	0.326191	0.376443	0.867116
60690	4.843882	1.484985	8.844215	0.003784	0.001240	0.003697	-0.769881	-0.426540	0.474707	0.548573	-0.822406	0.150717	0.326115	0.376446	0.867143
60691	4.819885	1.500938	8.890667	0.003783	0.001240	0.003697	-0.769863	-0.426553	0.474725	0.548601	-0.822385	0.150732	0.326111	0.376477	0.867131
60692	4.820962	1.498930	8.866422	0.004483	0.002839	0.002337	-0.769847	-0.426575	0.474732	0.548618	-0.822377	0.150710	0.326119	0.376470	0.867131
60693	4.820956	1.499118	8.866393	0.003143	-0.001656	0.003875	-0.769818	-0.426578	0.474775	0.548645	-0.822358	0.150718	0.326142	0.376509	0.867106
60694	4.799223	1.510743	8.864345	0.005823	0.007334	0.000799	-0.769907	-0.426412	0.474780	0.548501	-0.822439	0.150801	0.326174	0.376520	0.867089
60695	4.831913	1.521146	8.865181	0.002036	0.000193	0.003765	-0.769885	-0.426421	0.474807	0.548523	-0.822424	0.150800	0.326189	0.376541	0.867074
60696	4.821566	1.497549	8.842328	0.004482	0.002839	0.002337	-0.769926	-0.426313	0.474838	0.548435	-0.822477	0.150834	0.326241	0.376549	0.867051
60697	4.831524	1.521415	8.865346	0.001570	0.004939	0.003478	-0.769921	-0.426337	0.474824	0.548453	-0.822466	0.150830	0.326222	0.376546	0.867060
60698	4.799319	1.509069	8.840575	0.003316	0.005985	0.003409	-0.769931	-0.426292	0.474848	0.548405	-0.822502	0.150802	0.326278	0.376517	0.867051
60699	4.786194	1.489853	8.866485	0.001569	0.004938	0.003477	-0.769927	-0.426316	0.474834	0.548423	-0.822491	0.150799	0.326259	0.376514	0.867060
60700	4.853024	1.508033	8.843828	0.002387	0.003943	-0.000247	-0.769922	-0.426326	0.474832	0.548416	-0.822504	0.150753	0.326281	0.376474	0.867069
60701	4.817330	1.502602	8.891771	0.006517	0.003031	0.006102	-0.769897	-0.426365	0.474838	0.548470	-0.822463	0.150780	0.326250	0.376520	0.867061
60702	4.819457	1.498348	8.843343	0.002328	0.005240	0.000935	-0.769865	-0.426379	0.474878	0.548467	-0.822483	0.150684	0.326331	0.376461	0.867056
60703	4.819041	1.498524	8.843539	0.003375	0.004687	0.002227	-0.769866	-0.426392	0.474864	0.548481	-0.822470	0.150701	0.326304	0.376474	0.867060
60704	4.817517	1.500781	8.867981	0.000868	0.003339	0.004837	-0.769867	-0.426371	0.474881	0.548453	-0.822496	0.150664	0.326349	0.376441	0.867057
60705	4.798196	1.507585	8.817439	0.001628	0.003641	0.002295	-0.769865	-0.426381	0.474876	0.548462	-0.822490	0.150666	0.326339	0.376444	0.867060
60706	4.828451	1.522144	8.866895	-0.000179	0.003892	0.003545	-0.769899	-0.426304	0.474890	0.548382	-0.822546	0.150653	0.326395	0.376409	0.867054
60707	4.828146	1.521941	8.867097	0.000808	0.004636	0.006018	-0.769879	-0.426348	0.474883	0.548416	-0.822527	0.150630	0.326383	0.376400	0.867062
60708	4.795978	1.509395	8.842332	0.001508	0.006235	0.004658	-0.769854	-0.426459	0.474823	0.548484	-0.822493	0.150568	0.326328	0.376348	0.867106
60709	4.828471	1.519454	8.843350	-0.000526	0.006042	0.000892	-0.769867	-0.426466	0.474796	0.548475	-0.822501	0.150558	0.326312	0.376323	0.867122
60710	4.805150	1.476333	8.846371	0.002901	0.003531	0.008602	-0.769849	-0.426483	0.474810	0.548486	-0.822499	0.150524	0.326335	0.376307	0.867121
60711	4.803814	1.478482	8.870725	0.000987	0.000745	0.002473	-0.769837	-0.426483	0.474830	0.548494	-0.822495	0.150519	0.326352	0.376317	0.867110
60712	4.803982	1.478448	8.870639	0.002439	-0.003256	0.005236	-0.769781	-0.426580	0.474833	0.548583	-0.822444	0.150475	0.326334	0.376318	0.867116
60713	4.783153	1.489953	8.868110	0.004831	-0.010846	0.001913	-0.769733	-0.426532	0.474953	0.548599	-0.822427	0.150506	0.326419	0.376409	0.867045
60714	4.839791	1.487008	8.846114	0.007337	-0.009499	-0.000698	-0.769707	-0.426483	0.475040	0.548599	-0.822421	0.150539	0.326480	0.376477	0.866992
60715	4.840576	1.487880	8.845538	0.010889	-0.008705	-0.002017	-0.769688	-0.426411	0.475135	0.548605	-0.822399	0.150642	0.326516	0.376609	0.866922
60716	4.819808	1.556623	8.862317	0.008785	-0.001967	0.005140	-0.769698	-0.426311	0.475209	0.548553	-0.822423	0.150697	0.326579	0.376669	0.866872
60717	4.819928	1.500744	8.842679	0.009723	-0.005559	-0.000946	-0.769684	-0.426259	0.475279	0.548564	-0.822400	0.150784	0.326596	0.376777	0.866818
60718	4.786172	1.549985	8.885345	0.003780	0.001239	0.003696	-0.769715	-0.426222	0.475263	0.548532	-0.822414	0.150827	0.326577	0.376790	0.866820
60719	4.819117	1.504045	8.866558	0.010709	-0.004815	0.001526	-0.769689	-0.426193	0.475330	0.548564	-0.822377	0.150911	0.326583	0.376903	0.866768
60720	4.855338	1.510417	8.818155	0.008726	-0.012204	0.003245	-0.769665	-0.426141	0.475416	0.548577	-0.822353	0.150989	0.326618	0.377013	0.866707
60721	4.753790	1.487799	8.888102	0.015888	-0.011915	-0.000576	-0.769627	-0.426068	0.475542	0.548610	-0.822306	0.151128	0.326650	0.377199	0.866614
60722	4.844961	1.493634	8.842167	0.017338	-0.015917	0.002185	-0.769602	-0.426004	0.475641	0.548652	-0.822247	0.151297	0.326641	0.377399	0.866531
60723	4.815963	1.536823	8.811254	0.013379	-0.013264	0.002033	-0.769546	-0.425947	0.475782	0.548696	-0.822198	0.151402	0.326698	0.377570	0.866435
60724	4.823554	1.455508	8.867372	0.018496	-0.019069	0.001111	-0.769494	-0.425864	0.475940	0.548737	-0.822144	0.151549	0.326752	0.377781	0.866322
60725	4.825588	1.457815	8.865887	0.032921	-0.026992	-0.002236	-0.769417	-0.425720	0.476193	0.548812	-0.822039	0.151843	0.326807	0.378172	0.866131
60726	4.797684	1.503221	8.833995	0.042221	-0.029115	-0.004667	-0.769400	-0.425456	0.476458	0.548806	-0.821969	0.152248	0.326859	0.378622	0.865915
60727	4.844617	1.538558	8.831208	0.038545	-0.027316	-0.000989	-0.769315	-0.425320	0.476716	0.548909	-0.821837	0.152585	0.326885	0.379060	0.865714
60728	4.868303	1.530851	8.831503	0.042669	-0.022336	-0.001321	-0.769280	-0.425186	0.476891	0.548994	-0.821709	0.152971	0.326825	0.379487	0.865549
60729	4.836051	1.526842	8.853432	0.041613	-0.021790	-0.002618	-0.769222	-0.425058	0.477098	0.549095	-0.821572	0.153342	0.326792	0.379926	0.865369
60730	4.860644	1.517196	8.829540	0.047242	-0.022111	-0.001371	-0.769164	-0.424908	0.477326	0.549182	-0.821444	0.153716	0.326782	0.380371	0.865177
60731	4.808449	1.579033	8.844125	0.041939	-0.023952	0.000023	-0.769084	-0.424794	0.477556	0.549304	-0.821295	0.154077	0.326763	0.380822	0.864986
60732	4.822662	1.544959	8.797599	0.036822	-0.018146	0.000941	-0.769076	-0.424632	0.477713	0.549335	-0.821210	0.154421	0.326731	0.381186	0.864838
60733	4.857381	1.557920	8.796742	0.031760	-0.019528	0.007354	-0.768971	-0.424594	0.477916	0.549480	-0.821068	0.154659	0.326734	0.381534	0.864683
60734	4.836319	1.573945	8.817598	0.027461	-0.014723	0.004552	-0.768938	-0.424460	0.478088	0.549498	-0.821016	0.154869	0.326783	0.381793	0.864550
60735	4.847529	1.543113	8.820271	0.021420	-0.010962	0.001826	-0.768891	-0.424409	0.478209	0.549567	-0.820937	0.155044	0.326777	0.382020	0.864452
60736	4.826855	1.555854	8.817443	0.012827	-0.007235	0.002901	-0.768886	-0.424332	0.478284	0.549558	-0.820925	0.155143	0.326803	0.382132	0.864393
60737	4.882874	1.552985	8.795527	0.005634	-0.000316	0.001247	-0.768878	-0.424317	0.478312	0.549570	-0.820908	0.155185	0.326802	0.382184	0.864370
60738	4.872458	1.529386	8.772814	0.001689	0.002346	0.001103	-0.768893	-0.424327	0.478278	0.549564	-0.820912	0.155185	0.326775	0.382165	0.864388
60739	4.826970	1.556727	8.817226	-0.002900	0.002111	0.001145	-0.768893	-0.424320	0.478285	0.549548	-0.820929	0.155153	0.326803	0.382137	0.864391
60740	4.792269	1.548643	8.841297	-0.002770	0.011059	0.001842	-0.768875	-0.424413	0.478231	0.549574	-0.820936	0.155024	0.326803	0.382018	0.864443
60741	4.825709	1.555880	8.818066	-0.004868	0.006273	0.005937	-0.768862	-0.424462	0.478209	0.549588	-0.820940	0.154953	0.326809	0.381955	0.864469
60742	4.824219	1.557194	8.842712	-0.013935	0.003200	0.003661	-0.768848	-0.424483	0.478213	0.549542	-0.821006	0.154767	0.326920	0.381790	0.864500
60743	4.836163	1.518115	8.798316	-0.014104	0.007103	0.007198	-0.768830	-0.424545	0.478185	0.549536	-0.821040	0.154609	0.326971	0.381648	0.864543
60744	4.878662	1.550326	8.822384	-0.018509	0.014513	0.006756	-0.768861	-0.424618	0.478072	0.549483	-0.821113	0.154406	0.326988	0.381409	0.864642
60745	4.822906	1.549448	8.820731	-0.022403	0.015872	0.005429	-0.768882	-0.424699	0.477966	0.549436	-0.821186	0.154185	0.327017	0.381162	0.864740
60746	4.853219	1.559461	8.846866	-0.026467	0.021132	0.007640	-0.768949	-0.424792	0.477776	0.549353	-0.821288	0.153938	0.327000	0.380838	0.864889
60747	4.842454	1.586819	8.820541	-0.034080	0.025603	0.011176	-0.768970	-0.424957	0.477594	0.549312	-0.821381	0.153589	0.327018	0.380454	0.865051
60748	4.850450	1.550381	8.825937	-0.037811	0.023057	0.006306	-0.769050	-0.425027	0.477404	0.549166	-0.821544	0.153241	0.327076	0.380024	0.865218
60749	4.804351	1.571576	8.847680	-0.039392	0.023758	0.012566	-0.769058	-0.425196	0.477240	0.549118	-0.821651	0.152839	0.327138	0.379603	0.865380
60750	4.866951	1.533603	8.855797	-0.035795	0.023241	0.010055	-0.769097	-0.425310	0.477075	0.549019	-0.821787	0.152460	0.327211	0.379180	0.865538
60751	4.842184	1.487169	8.860331	-0.030807	0.020024	0.011489	-0.769099	-0.425457	0.476941	0.548991	-0.821865	0.152138	0.327254	0.378846	0.865668
60752	4.843250	1.536098	8.832387	-0.027263	0.020809	0.010161	-0.769131	-0.425491	0.476860	0.548862	-0.822014	0.151800	0.327396	0.378485	0.865772
60753	4.849198	1.505180	8.885909	-0.022615	0.019744	0.008945	-0.769146	-0.425615	0.476725	0.548841	-0.822072	0.151561	0.327396	0.378218	0.865888
60754	4.817437	1.544863	8.857087	-0.019653	0.016337	0.006622	-0.769178	-0.425723	0.476577	0.548808	-0.822133	0.151352	0.327375	0.377966	0.866007
60755	4.836018	1.477166	8.865370	-0.015878	0.017571	0.010310	-0.769178	-0.425850	0.476463	0.548820	-0.822159	0.151164	0.327355	0.377764	0.866102
60756	4.835006	1.532135	8.885615	-0.012212	0.015763	0.006627	-0.769274	-0.425840	0.476317	0.548713	-0.822245	0.151088	0.327310	0.377590	0.866195
60757	4.845033	1.495677	8.865783	-0.012037	0.011869	0.003086	-0.769295	-0.425886	0.476242	0.548681	-0.822288	0.150968	0.327313	0.377444	0.866258
60758	4.789492	1.495848	8.863695	-0.011278	0.012167	0.000544	-0.769339	-0.425973	0.476092	0.548667	-0.822316	0.150868	0.327232	0.377285	0.866357
60759	4.865717	1.479892	8.845113	-0.007159	0.011251	0.006888	-0.769338	-0.426048	0.476028	0.548681	-0.822324	0.150772	0.327213	0.377182	0.866410
60760	4.843430	1.490263	8.843575	-0.008848	0.008909	0.005777	-0.769315	-0.426169	0.475956	0.548719	-0.822328	0.150617	0.327204	0.377038	0.866476
60761	4.827124	1.418116	8.899159	-0.006340	0.010252	0.003166	-0.769331	-0.426209	0.475895	0.548706	-0.822349	0.150545	0.327188	0.376946	0.866522
60762	4.819103	1.502545	8.866820	-0.000698	0.009935	0.004428	-0.769379	-0.426106	0.475908	0.548577	-0.822447	0.150478	0.327290	0.376847	0.866526
60763	4.828232	1.469517	8.870884	-0.000922	0.009491	-0.000584	-0.769413	-0.426113	0.475848	0.548553	-0.822464	0.150471	0.327250	0.376803	0.866561
60764	4.807608	1.535047	8.864131	-0.001342	0.007040	0.004608	-0.769408	-0.426216	0.475763	0.548605	-0.822440	0.150419	0.327176	0.376739	0.866616
60765	4.818222	1.499568	8.843809	-0.003372	0.006850	0.000846	-0.769426	-0.426225	0.475728	0.548584	-0.822460	0.150384	0.327169	0.376686	0.866642
60766	4.849517	1.511742	8.869110	0.001568	0.004935	0.003470	-0.769454	-0.426188	0.475715	0.548532	-0.822498	0.150366	0.327190	0.376645	0.866652
60767	4.797417	1.564740	8.837221	-0.002868	0.006439	0.009689	-0.769421	-0.426268	0.475697	0.548581	-0.822478	0.150294	0.327185	0.376597	0.866674
60768	4.835786	1.434861	8.876069	-0.005420	0.000760	0.003748	-0.769401	-0.426303	0.475698	0.548582	-0.822496	0.150193	0.327232	0.376517	0.866691
60769	4.794163	1.511628	8.866932	0.000523	0.005488	0.002179	-0.769406	-0.426317	0.475676	0.548584	-0.822496	0.150185	0.327215	0.376502	0.866705
60770	4.815308	1.500126	8.869291	0.000864	0.003337	0.004831	-0.769434	-0.426375	0.475579	0.548614	-0.822469	0.150221	0.327099	0.376495	0.866752
60771	4.803585	1.478515	8.870843	0.001908	0.002783	0.006122	-0.769409	-0.426412	0.475586	0.548651	-0.822447	0.150207	0.327095	0.376502	0.866750
60772	4.827663	1.518915	8.843884	-0.001987	0.004144	0.004788	-0.769379	-0.426526	0.475532	0.548720	-0.822415	0.150132	0.327050	0.376442	0.866793
60773	4.814776	1.499311	8.869718	-0.002570	-0.000047	0.003789	-0.769358	-0.426533	0.475561	0.548725	-0.822420	0.150090	0.327092	0.376425	0.866784
60774	4.803368	1.477462	8.871136	-0.000482	-0.001155	0.006372	-0.769375	-0.426446	0.475611	0.548644	-0.822479	0.150061	0.327187	0.376394	0.866762
60775	4.859138	1.473744	8.849754	0.002731	0.001786	0.002402	-0.769368	-0.426448	0.475621	0.548655	-0.822469	0.150072	0.327186	0.376412	0.866754
60776	4.837669	1.485458	8.847536	0.005702	-0.001615	0.000085	-0.769397	-0.426447	0.475575	0.548664	-0.822449	0.150155	0.327103	0.376459	0.866765
60777	4.835214	1.490543	8.895991	0.006345	0.001279	-0.000096	-0.769402	-0.426426	0.475585	0.548667	-0.822436	0.150209	0.327086	0.376509	0.866750
60778	4.859261	1.475170	8.849449	0.006805	-0.003467	0.000197	-0.769388	-0.426413	0.475620	0.548678	-0.822425	0.150231	0.327101	0.376548	0.866727
60779	4.816399	1.498550	8.844974	0.006344	0.001278	-0.000097	-0.769392	-0.426393	0.475631	0.548682	-0.822413	0.150285	0.327084	0.376598	0.866712
60780	4.850587	1.507044	8.821346	0.008211	-0.000273	-0.002525	-0.769399	-0.426355	0.475653	0.548664	-0.822419	0.150317	0.327098	0.376627	0.866694
60781	4.826442	1.523637	8.867733	0.005180	0.004426	0.000971	-0.769408	-0.426356	0.475638	0.548672	-0.822407	0.150356	0.327063	0.376654	0.866696
60782	4.839133	1.543293	8.841988	0.006744	-0.002170	0.001376	-0.769464	-0.426236	0.475655	0.548584	-0.822450	0.150442	0.327079	0.376696	0.866671
60783	4.816009	1.500843	8.844797	0.006224	0.003872	0.002262	-0.769465	-0.426244	0.475647	0.548605	-0.822428	0.150483	0.327043	0.376734	0.866669
60784	4.775670	1.504635	8.989645	-0.000303	-0.005045	0.002834	-0.769445	-0.426285	0.475642	0.548644	-0.822403	0.150477	0.327023	0.376742	0.866673
60785	4.762442	1.373967	9.000437	-0.014322	-0.029255	-0.008222	-0.769395	-0.426083	0.475905	0.548517	-0.822503	0.150391	0.327354	0.376752	0.866543
60786	4.913075	1.542021	8.966156	0.002434	-0.031955	-0.010626	-0.769353	-0.425778	0.476245	0.548349	-0.822615	0.150390	0.327734	0.376852	0.866356
60787	4.936505	1.190848	8.826630	0.036168	-0.036910	-0.010428	-0.769289	-0.425528	0.476571	0.548371	-0.822535	0.150751	0.327847	0.377309	0.866114
60788	5.108489	1.640234	8.937828	0.060997	-0.037298	-0.013020	-0.769286	-0.425162	0.476904	0.548355	-0.822438	0.151335	0.327882	0.377933	0.865829
60789	5.130908	1.591827	8.721076	0.055985	0.000257	0.011111	-0.769226	-0.425229	0.476940	0.548607	-0.822191	0.151765	0.327601	0.378395	0.865734
60790	4.675327	1.841867	8.748332	0.053591	0.025026	0.027202	-0.769201	-0.425503	0.476735	0.548940	-0.821902	0.152124	0.327101	0.378713	0.865784
60791	4.934860	1.629262	8.880754	0.025081	0.027221	0.033465	-0.769107	-0.425856	0.476572	0.549262	-0.821677	0.152180	0.326781	0.378806	0.865864
60792	5.151849	1.492418	9.004748	0.038539	0.051575	0.052021	-0.769051	-0.426334	0.476235	0.549650	-0.821400	0.152274	0.326260	0.378869	0.866033
60793	5.311298	1.426680	8.949371	0.024233	0.103039	0.065157	-0.769029	-0.427234	0.475464	0.550213	-0.821042	0.152172	0.325362	0.378631	0.866474
60794	4.902261	1.797936	8.825013	0.008762	0.146335	0.059868	-0.769177	-0.428269	0.474292	0.550682	-0.820772	0.151933	0.324217	0.378047	0.867158
60795	4.981777	1.477592	8.991181	-0.007815	0.163998	0.077578	-0.769280	-0.429500	0.473009	0.551236	-0.820480	0.151496	0.323027	0.377283	0.867935
60796	5.238595	1.596205	8.881081	-0.000099	0.214921	0.054006	-0.769688	-0.430738	0.471217	0.551628	-0.820266	0.151228	0.321383	0.376335	0.868956
60797	4.717198	1.645118	8.907616	-0.002603	0.218298	0.032245	-0.770210	-0.431798	0.469389	0.551851	-0.820149	0.151052	0.319745	0.375375	0.869975
60798	4.412988	1.461985	8.868637	-0.002702	0.187992	0.031599	-0.770638	-0.432735	0.467823	0.552052	-0.820052	0.150842	0.318365	0.374507	0.870855
60799	4.505973	1.516327	8.926585	-0.005620	0.155517	0.023595	-0.771002	-0.433485	0.466526	0.552199	-0.819983	0.150681	0.317225	0.373791	0.871578
60800	4.778257	1.469308	8.906441	-0.003978	0.139118	0.027146	-0.771289	-0.434225	0.465362	0.552384	-0.819894	0.150482	0.316204	0.373124	0.872235
60801	4.782603	1.538886	8.858298	0.000681	0.146890	0.026572	-0.771607	-0.434966	0.464142	0.552574	-0.819788	0.150363	0.315096	0.372494	0.872905
60802	4.521391	1.588088	8.843963	-0.007086	0.141109	0.028131	-0.771975	-0.435615	0.462920	0.552664	-0.819751	0.150236	0.314034	0.371818	0.873575
60803	4.616878	1.528569	8.862890	-0.006601	0.127875	0.032751	-0.772196	-0.436333	0.461874	0.552879	-0.819645	0.150025	0.313111	0.371209	0.874165
60804	4.631026	1.510212	8.822821	-0.007856	0.120782	0.031924	-0.772451	-0.436987	0.460827	0.553041	-0.819566	0.149857	0.312193	0.370613	0.874747
60805	4.587049	1.613475	8.889583	-0.015593	0.115028	0.033490	-0.772626	-0.437662	0.459892	0.553234	-0.819489	0.149564	0.311418	0.369985	0.875288
60806	4.400184	1.617501	8.783268	-0.016900	0.102080	0.039367	-0.772745	-0.438363	0.459023	0.553476	-0.819384	0.149249	0.310691	0.369390	0.875798
60807	4.382164	1.514451	8.894635	-0.030506	0.071321	0.038862	-0.772753	-0.438920	0.458478	0.553664	-0.819338	0.148801	0.310337	0.368830	0.876160
60808	4.588992	1.396630	8.948532	-0.035016	0.052469	0.041374	-0.772695	-0.439412	0.458104	0.553830	-0.819323	0.148267	0.310185	0.368277	0.876446
60809	4.777956	1.420106	8.864627	-0.029049	0.066008	0.040462	-0.772677	-0.439961	0.457607	0.554035	-0.819264	0.147825	0.309864	0.367752	0.876780
60810	4.403741	1.449951	8.837853	-0.023548	0.059202	0.022104	-0.772736	-0.440375	0.457109	0.554137	-0.819254	0.147496	0.309535	0.367277	0.877095
60811	4.557227	1.391696	8.906386	-0.030871	0.038177	0.017208	-0.772760	-0.440632	0.456821	0.554157	-0.819304	0.147145	0.309439	0.366858	0.877304
60812	4.471034	1.488951	8.892741	-0.026916	0.035511	0.017418	-0.772840	-0.440777	0.456546	0.554086	-0.819404	0.146855	0.309365	0.366461	0.877496
60813	4.591696	1.422926	8.983067	-0.032034	0.013811	0.020128	-0.772773	-0.440967	0.456476	0.554125	-0.819445	0.146480	0.309464	0.366140	0.877595
60814	4.690458	1.333699	8.926143	-0.016682	0.025210	0.016958	-0.772770	-0.441172	0.456282	0.554170	-0.819457	0.146236	0.309389	0.365865	0.877737
60815	4.549362	1.436319	8.931729	-0.014374	0.020234	0.016063	-0.772745	-0.441352	0.456150	0.554232	-0.819451	0.146034	0.309340	0.365660	0.877839
60816	4.574689	1.416159	8.862686	-0.011399	0.015133	0.007645	-0.772835	-0.441249	0.456098	0.554051	-0.819598	0.145897	0.309440	0.365456	0.877889
60817	4.515277	1.364837	8.888357	-0.008197	0.009174	0.003060	-0.772848	-0.441282	0.456044	0.554032	-0.819627	0.145809	0.309443	0.365351	0.877932
60818	4.474313	1.385031	8.858925	-0.007818	-0.006127	-0.003419	-0.772877	-0.441187	0.456087	0.553931	-0.819705	0.145756	0.309551	0.365292	0.877918
60819	4.599622	1.454092	8.836774	-0.013809	-0.012511	-0.008061	-0.772885	-0.441050	0.456207	0.553808	-0.819803	0.145670	0.309752	0.365237	0.877870
60820	4.398720	1.477180	8.769758	-0.015783	-0.019844	-0.006319	-0.772864	-0.440878	0.456408	0.553655	-0.819936	0.145501	0.310077	0.365145	0.877793
60821	4.377491	1.433106	8.771110	-0.027514	-0.036475	-0.019109	-0.772858	-0.440563	0.456722	0.553404	-0.820133	0.145345	0.310540	0.365083	0.877656
60822	4.361545	1.518738	8.636914	-0.032731	-0.056897	-0.015254	-0.772841	-0.440043	0.457252	0.553009	-0.820439	0.145127	0.311285	0.365025	0.877416
60823	4.274191	1.592930	8.595938	-0.054475	-0.084445	-0.027415	-0.772731	-0.439484	0.457975	0.552609	-0.820771	0.144773	0.312267	0.364951	0.877097
60824	4.369384	1.597258	8.598344	-0.063748	-0.106954	-0.037323	-0.772654	-0.438641	0.458911	0.551979	-0.821267	0.144358	0.313567	0.364848	0.876676
60825	4.483181	1.538050	8.631668	-0.066480	-0.114753	-0.054474	-0.772596	-0.437749	0.459861	0.551331	-0.821761	0.144024	0.314849	0.364808	0.876234
60826	4.298399	1.528363	8.589521	-0.061306	-0.135052	-0.065724	-0.772579	-0.436627	0.460955	0.550543	-0.822328	0.143804	0.316267	0.364876	0.875694
60827	3.952201	1.582113	8.578468	-0.071251	-0.190527	-0.054715	-0.772277	-0.435455	0.462566	0.549876	-0.822839	0.143432	0.318159	0.365123	0.874906
60828	5.546525	1.356173	9.579715	-0.069319	-0.230792	-0.053507	-0.771901	-0.434035	0.464523	0.549111	-0.823407	0.143098	0.320383	0.365533	0.873923
60829	5.793068	0.504802	9.100217	-0.016408	0.003274	-0.051869	-0.772198	-0.433593	0.464443	0.548639	-0.823705	0.143194	0.320476	0.365386	0.873950
60830	4.640981	0.226547	9.297494	0.024179	0.051140	-0.074817	-0.772756	-0.433210	0.463872	0.548168	-0.823928	0.143718	0.319937	0.365339	0.874167
60831	4.693433	0.461324	9.380549	0.110414	0.011887	-0.095720	-0.773320	-0.432438	0.463651	0.547762	-0.823951	0.145126	0.319268	0.366199	0.874052
60832	4.762964	1.081100	9.403207	0.148007	-0.017872	-0.104981	-0.773845	-0.431503	0.463648	0.547401	-0.823882	0.146870	0.318616	0.367455	0.873762
60833	4.597838	0.960285	9.229831	0.182520	-0.054477	-0.113856	-0.774296	-0.430338	0.463977	0.547081	-0.823713	0.148990	0.318068	0.369196	0.873228
60834	4.758536	1.427048	9.192883	0.235521	-0.083913	-0.124447	-0.774761	-0.428926	0.464508	0.546784	-0.823427	0.151639	0.317447	0.371470	0.872489
60835	4.927698	2.298950	9.015644	0.206367	-0.097143	-0.117581	-0.775097	-0.427570	0.465197	0.546509	-0.823175	0.153984	0.317100	0.373587	0.871711
60836	4.817886	1.636492	9.042062	0.164691	-0.099622	-0.101302	-0.775424	-0.426152	0.465953	0.546045	-0.823123	0.155898	0.317100	0.375318	0.870967
60837	4.867132	1.821927	8.946896	0.170204	-0.093963	-0.085427	-0.775594	-0.425069	0.466658	0.545903	-0.822859	0.157776	0.316928	0.377120	0.870251
60838	4.745181	1.964382	8.943356	0.144243	-0.095923	-0.070292	-0.775747	-0.423941	0.467430	0.545633	-0.822736	0.159342	0.317020	0.378654	0.869551
60839	4.781286	1.826633	8.953615	0.120920	-0.097820	-0.058893	-0.775760	-0.423059	0.468207	0.545540	-0.822540	0.160667	0.317148	0.380065	0.868889
60840	4.643197	1.782244	8.993044	0.110954	-0.105787	-0.050836	-0.775772	-0.422007	0.469136	0.545274	-0.822493	0.161807	0.317577	0.381333	0.868176
60841	4.697029	1.882268	9.003725	0.096637	-0.123727	-0.039535	-0.775596	-0.421182	0.470167	0.545254	-0.822304	0.162830	0.318039	0.382651	0.867427
60842	4.689230	1.840943	8.926601	0.076791	-0.132427	-0.028846	-0.775434	-0.420240	0.471275	0.545096	-0.822236	0.163704	0.318704	0.383832	0.866660
60843	4.692112	1.878001	8.890753	0.053994	-0.137700	-0.015836	-0.775083	-0.419552	0.472464	0.545125	-0.822108	0.164245	0.319507	0.384856	0.865911
60844	4.827405	1.783121	8.802389	0.035435	-0.140607	-0.005512	-0.774682	-0.418971	0.473637	0.545192	-0.821994	0.164595	0.320366	0.385732	0.865203
60845	4.819271	1.794083	8.768666	0.016002	-0.135334	0.003004	-0.774233	-0.418446	0.474833	0.545246	-0.821933	0.164718	0.321356	0.386431	0.864524
60846	4.800647	2.005436	8.787180	-0.019790	-0.128141	0.017822	-0.773829	-0.417837	0.476025	0.545079	-0.822092	0.164481	0.322610	0.386751	0.863913
60847	4.828371	2.012003	8.683288	-0.054649	-0.118876	0.036302	-0.773250	-0.417648	0.477133	0.545162	-0.822166	0.163835	0.323857	0.386800	0.863425
60848	4.901225	1.918086	8.716004	-0.086854	-0.106512	0.058351	-0.772618	-0.417621	0.478177	0.545235	-0.822326	0.162781	0.325237	0.386487	0.863046
60849	4.806022	2.070379	8.690816	-0.121219	-0.086067	0.088702	-0.771856	-0.417990	0.479085	0.545505	-0.822438	0.161309	0.326592	0.385851	0.862819
60850	4.892552	2.038121	8.670402	-0.161665	-0.079337	0.119987	-0.770985	-0.418632	0.479925	0.545867	-0.822569	0.159403	0.328041	0.384873	0.862706
60851	4.938795	1.661116	8.634928	-0.181379	-0.058686	0.135026	-0.770057	-0.419489	0.480667	0.546290	-0.822714	0.157189	0.329512	0.383628	0.862700
60852	4.909198	1.635756	8.707662	-0.182457	-0.044967	0.142810	-0.769206	-0.420339	0.481287	0.546646	-0.822899	0.154972	0.330910	0.382299	0.862755
60853	4.895810	1.734641	8.720286	-0.188201	-0.036081	0.158492	-0.768222	-0.421477	0.481864	0.547219	-0.822964	0.152584	0.332245	0.380904	0.862859
60854	4.885749	1.939872	8.723700	-0.213932	-0.027447	0.180584	-0.767195	-0.422758	0.482377	0.547799	-0.823071	0.149903	0.333658	0.379251	0.863042
60855	4.849638	1.871884	8.655402	-0.243647	-0.006256	0.220730	-0.765967	-0.424522	0.482780	0.548656	-0.823071	0.146734	0.335070	0.377273	0.863361
60856	4.932486	1.690932	8.750770	-0.261224	0.003939	0.229939	-0.764796	-0.426225	0.483135	0.549340	-0.823210	0.143356	0.336620	0.375043	0.863730
60857	4.966358	1.059871	8.834856	-0.251805	0.012885	0.222740	-0.763618	-0.428078	0.483361	0.550171	-0.823215	0.140104	0.337935	0.372917	0.864137
60858	4.836147	1.352707	8.852989	-0.220526	0.015891	0.214597	-0.762555	-0.429706	0.483594	0.550859	-0.823260	0.137100	0.339211	0.370939	0.864489
60859	4.874070	1.195100	8.917920	-0.217405	0.003602	0.208725	-0.761419	-0.431408	0.483868	0.551690	-0.823181	0.134210	0.340411	0.369135	0.864789
60860	4.836278	0.994759	8.932768	-0.185107	-0.008391	0.191497	-0.760408	-0.432823	0.484194	0.552397	-0.823105	0.131742	0.341522	0.367645	0.864986
60861	4.878651	0.645791	8.985984	-0.132509	-0.040996	0.151605	-0.759432	-0.433891	0.484769	0.553074	-0.822949	0.129860	0.342595	0.366733	0.864948
60862	4.630637	1.198404	9.098735	-0.082580	-0.072777	0.133033	-0.758522	-0.434546	0.485607	0.553630	-0.822789	0.128500	0.343713	0.366316	0.864681
60863	4.811157	1.223998	9.001142	-0.083543	-0.121062	0.130458	-0.757385	-0.435147	0.486842	0.554309	-0.822542	0.127142	0.345123	0.366157	0.864187
60864	4.799166	1.112406	8.977828	-0.063068	-0.148002	0.127920	-0.756240	-0.435551	0.488259	0.554964	-0.822269	0.126052	0.346578	0.366292	0.863547
60865	4.857741	1.077771	8.974051	-0.044281	-0.179864	0.121837	-0.754941	-0.435864	0.489987	0.555709	-0.821915	0.125073	0.348212	0.366713	0.862711
60866	4.845803	1.307984	8.920821	-0.027997	-0.200330	0.122642	-0.753628	-0.436029	0.491858	0.556438	-0.821541	0.124287	0.349889	0.367354	0.861759
60867	4.868407	1.161995	8.970480	-0.014634	-0.231171	0.125164	-0.752123	-0.436177	0.494026	0.557306	-0.821064	0.123544	0.351740	0.368244	0.860625
60868	4.890793	1.159981	9.006864	0.018462	-0.270864	0.120409	-0.750582	-0.436018	0.496503	0.558134	-0.820560	0.123154	0.353713	0.369552	0.859254
60869	4.872783	1.126612	8.993421	0.039758	-0.307679	0.110477	-0.748876	-0.435754	0.499302	0.559081	-0.819947	0.122945	0.355827	0.371221	0.857661
60870	4.857600	1.097685	9.002293	0.068385	-0.350934	0.111889	-0.747078	-0.435216	0.502455	0.560009	-0.819307	0.122986	0.358139	0.373260	0.855812
60871	4.599082	0.798435	9.123359	0.094616	-0.401268	0.098482	-0.745087	-0.434489	0.506028	0.561061	-0.818540	0.123299	0.360632	0.375781	0.853659
60872	4.934591	0.579246	9.076176	0.174791	-0.489110	0.082022	-0.742990	-0.433005	0.510365	0.561984	-0.817749	0.124341	0.363510	0.379201	0.850921
60873	4.606178	0.214713	9.345970	0.282195	-0.556502	0.058602	-0.740633	-0.431330	0.515186	0.563426	-0.816434	0.126438	0.366079	0.383913	0.847701
60874	3.893842	1.515967	9.495551	0.250880	-0.719164	0.010225	-0.738066	-0.428353	0.521318	0.564128	-0.815628	0.128497	0.370159	0.388929	0.843633
60875	5.043705	0.446828	9.163563	0.343515	-0.834007	-0.016457	-0.735058	-0.424917	0.528333	0.565262	-0.814367	0.131474	0.374392	0.395288	0.838796
60876	4.677818	-0.296487	9.218409	0.367843	-0.954264	-0.088324	-0.732022	-0.420285	0.536195	0.565874	-0.813364	0.135003	0.379382	0.402243	0.833228
60877	4.689603	-0.151387	9.138806	0.471091	-1.089806	-0.186036	-0.728914	-0.414311	0.545005	0.566291	-0.812242	0.139920	0.384705	0.410621	0.826676
60878	4.828177	0.313094	9.115519	0.535376	-1.218060	-0.253178	-0.725790	-0.406842	0.554714	0.566137	-0.811336	0.145680	0.390791	0.419777	0.819188
60879	4.249738	1.930888	9.135425	0.508193	-1.373948	-0.236295	-0.721713	-0.399060	0.565581	0.566407	-0.810147	0.151147	0.397887	0.429434	0.810723
60880	4.248415	2.046133	8.989136	0.449104	-1.590515	-0.160090	-0.716436	-0.390341	0.578233	0.566512	-0.809222	0.155642	0.407165	0.439084	0.800888
60881	4.488701	1.904390	8.946968	0.419362	-1.766900	-0.087640	-0.709650	-0.381750	0.592169	0.567592	-0.807714	0.159494	0.417416	0.449295	0.789872
60882	4.816663	2.081905	9.019159	0.448827	-1.945192	-0.039303	-0.701832	-0.372081	0.607444	0.568636	-0.806250	0.163137	0.429051	0.459910	0.777430
60883	4.752176	2.333588	8.861752	0.439635	-2.155668	0.019097	-0.692340	-0.362162	0.624102	0.570658	-0.804149	0.166411	0.441604	0.471362	0.763416
60884	5.264732	2.102786	8.957480	0.433823	-2.345286	0.073369	-0.681644	-0.350884	0.642061	0.572339	-0.802387	0.169123	0.455839	0.482758	0.747767
60885	5.415657	2.249302	8.913129	0.411621	-2.522979	0.138549	-0.669164	-0.339626	0.660965	0.575156	-0.799914	0.171268	0.470548	0.494765	0.730611
60886	5.492808	1.872250	8.620377	0.366764	-2.719653	0.189738	-0.655251	-0.326954	0.680990	0.577497	-0.797947	0.172564	0.486973	0.506342	0.711670
60887	5.659320	1.729239	8.546300	0.346485	-2.933864	0.251480	-0.639258	-0.313885	0.702015	0.580816	-0.795382	0.173262	0.503986	0.518501	0.690764
60888	5.439822	1.452970	8.351325	0.345427	-3.167018	0.305220	-0.621409	-0.298982	0.724197	0.583617	-0.793330	0.173259	0.522725	0.530319	0.667473
60889	5.430849	1.407633	8.331230	0.345793	-3.422552	0.342174	-0.601189	-0.283284	0.747210	0.587524	-0.790495	0.173015	0.541653	0.543018	0.641672
60890	5.834325	0.870888	8.360367	0.446309	-3.715142	0.345057	-0.578854	-0.264851	0.771221	0.591068	-0.787834	0.173080	0.561754	0.556032	0.612585
60891	5.857896	0.599286	7.915413	0.636139	-3.980598	0.301865	-0.554322	-0.244745	0.795504	0.596386	-0.783496	0.174521	0.580561	0.571169	0.580272
60892	6.606259	0.452164	8.239088	0.823268	-4.349140	0.166188	-0.527788	-0.220176	0.820343	0.601163	-0.779128	0.177659	0.600036	0.586926	0.543576
60893	6.873858	0.778993	7.954447	0.981113	-4.667977	0.032868	-0.499151	-0.192585	0.844843	0.607282	-0.773233	0.182534	0.618107	0.604170	0.502913
60894	8.051873	1.560539	8.298144	1.093139	-5.030254	-0.079810	-0.468105	-0.160686	0.868941	0.613001	-0.767306	0.188337	0.636480	0.620823	0.457681
60895	8.456901	2.320229	8.703246	1.210059	-5.379134	-0.128348	-0.434196	-0.125804	0.891991	0.620202	-0.759889	0.194724	0.653317	0.637763	0.407965
60896	9.610293	6.572563	9.450161	0.776855	-5.673023	-0.003110	-0.396567	-0.088923	0.913689	0.624666	-0.755479	0.197597	0.672701	0.649111	0.355145
60897	11.236702	0.729543	9.745218	0.429738	-5.966127	0.042961	-0.355559	-0.050245	0.933302	0.627737	-0.752658	0.198628	0.692477	0.656492	0.299155
60898	12.297224	1.471449	10.619651	0.833219	-5.963488	-0.002535	-0.313841	-0.010776	0.949414	0.633248	-0.747434	0.200845	0.707461	0.664248	0.241399
60899	13.993475	3.756479	10.154293	0.993426	-5.943326	-0.013430	-0.271534	0.029061	0.961990	0.640271	-0.740811	0.203105	0.718556	0.671084	0.182548
60900	17.974436	5.550798	12.593402	0.960553	-5.799572	0.089951	-0.229048	0.067393	0.971079	0.647215	-0.734604	0.203640	0.727083	0.675141	0.124642
60901	12.484882	5.707225	10.142845	1.064981	-5.551975	0.301737	-0.186572	0.102808	0.977047	0.655591	-0.727664	0.201755	0.731704	0.678185	0.068362
60902	14.898577	6.224636	11.884226	1.066507	-5.658428	0.731953	-0.140276	0.135807	0.980754	0.664363	-0.721541	0.194936	0.734128	0.678922	0.010990
60903	9.376729	4.811500	10.298790	1.497726	-5.140443	0.855998	-0.096888	0.164695	0.981574	0.676328	-0.712644	0.186331	0.730201	0.681919	-0.042341
60904	5.112177	4.071401	9.803114	2.367453	-4.837561	0.758427	-0.056671	0.192376	0.979684	0.693790	-0.698036	0.177203	0.717945	0.689737	-0.093910
60905	17.658819	12.040678	15.701273	2.363275	-3.663011	1.101899	-0.022904	0.210237	0.977382	0.711003	-0.683855	0.163760	0.702816	0.698672	-0.133816
60906	28.308851	16.787366	24.999321	0.957578	-0.830398	1.107177	-0.009206	0.208306	0.978020	0.717592	-0.679778	0.151539	0.696403	0.703214	-0.143220
60907	9.814912	13.192918	17.197976	-0.429281	1.295249	1.027800	-0.010886	0.192230	0.981290	0.714683	-0.684864	0.142090	0.699364	0.702858	-0.129928
60908	4.403246	9.130507	13.628260	-1.336361	2.150560	1.102318	-0.018262	0.169308	0.985394	0.705090	-0.696581	0.132752	0.708883	0.697216	-0.106656
60909	1.581418	5.116831	10.286307	-1.555054	2.441835	1.248174	-0.026966	0.143638	0.989263	0.694251	-0.709332	0.121917	0.719228	0.690084	-0.080592
60910	1.010315	2.873004	8.645763	-1.451496	2.573912	1.363919	-0.036303	0.115946	0.992592	0.683796	-0.721444	0.109282	0.728770	0.682697	-0.053093
60911	1.285516	1.611677	7.882679	-1.140803	2.760898	1.349632	-0.047339	0.087416	0.995046	0.675989	-0.730586	0.096343	0.735389	0.677202	-0.024507
60912	1.489153	1.823937	7.792138	-0.838484	3.006340	1.228458	-0.061383	0.057830	0.996438	0.670066	-0.737524	0.084081	0.739759	0.672840	0.006522
60913	1.560400	2.881579	7.907248	-0.695454	3.285639	1.068329	-0.078594	0.027919	0.996516	0.665640	-0.742664	0.073305	0.742123	0.669082	0.039785
60914	1.608827	3.624680	8.001713	-0.770760	3.610021	0.878226	-0.099783	-0.002951	0.995005	0.660263	-0.748303	0.063994	0.744376	0.663351	0.076616
60915	1.310669	3.669940	7.895412	-0.956752	3.924344	0.672885	-0.124613	-0.033844	0.991628	0.653864	-0.754506	0.056417	0.746280	0.655420	0.116151
60916	1.038125	3.336233	7.672004	-1.115002	4.176340	0.483533	-0.152903	-0.064906	0.986107	0.645752	-0.761910	0.049979	0.748081	0.644423	0.158411
60917	1.181523	2.787249	7.399158	-1.166850	4.370815	0.281547	-0.183802	-0.094916	0.978370	0.637470	-0.769152	0.045139	0.748231	0.631978	0.201878
60918	1.784432	2.399775	7.469288	-1.129922	4.541905	0.066306	-0.217601	-0.124030	0.968125	0.628684	-0.776536	0.041822	0.746596	0.617745	0.246951
60919	2.765629	2.394687	7.601135	-1.006773	4.728722	-0.135304	-0.253643	-0.151807	0.955311	0.620844	-0.782891	0.040431	0.741767	0.603354	0.292824
60920	3.773997	2.573964	7.817031	-0.858499	4.926699	-0.316477	-0.292257	-0.178842	0.939469	0.613155	-0.788921	0.040562	0.733912	0.587894	0.340225
60921	4.850513	2.814117	8.105104	-0.699501	5.124364	-0.481675	-0.332512	-0.204723	0.920611	0.606525	-0.793927	0.042517	0.722193	0.572511	0.388159
60922	6.243339	3.563064	8.584454	-0.534461	5.297085	-0.612514	-0.374406	-0.229857	0.898324	0.600032	-0.798668	0.045725	0.706953	0.556143	0.436948
60923	8.014935	4.323391	9.236679	-0.439111	5.474225	-0.752317	-0.417089	-0.253780	0.872716	0.593957	-0.802918	0.050381	0.687933	0.539369	0.485622
60924	10.084754	4.840400	9.550276	-0.400062	5.654141	-0.888342	-0.460974	-0.276656	0.843187	0.586856	-0.807766	0.055802	0.665660	0.520553	0.534716
60925	12.061291	5.260462	9.397769	-0.355009	5.832197	-1.042983	-0.505133	-0.297955	0.809977	0.579463	-0.812602	0.062454	0.639581	0.500899	0.583126
60926	13.132352	5.943334	8.902254	-0.335423	5.951478	-1.213650	-0.549683	-0.317206	0.772806	0.570468	-0.818343	0.069866	0.610258	0.479266	0.630785
60927	12.834242	6.353621	8.516677	-0.400861	5.944099	-1.386471	-0.592871	-0.333592	0.732954	0.560123	-0.824758	0.077696	0.578590	0.456608	0.675827
60928	12.908256	5.116341	8.624469	-0.444602	5.791099	-1.599970	-0.634640	-0.346002	0.691024	0.547340	-0.832496	0.085842	0.545573	0.432704	0.717717
60929	14.298466	3.210150	8.969909	-0.229067	5.629774	-1.843252	-0.674336	-0.354299	0.647876	0.534023	-0.839945	0.096499	0.509990	0.411054	0.755609
60930	15.743870	3.392822	9.465015	0.122525	5.504787	-2.019304	-0.712321	-0.359197	0.602973	0.520154	-0.846968	0.109936	0.471210	0.391948	0.790151
60931	16.672459	4.277501	9.731477	0.298326	5.354119	-2.081810	-0.747164	-0.361993	0.557411	0.506262	-0.853357	0.124418	0.430633	0.375157	0.820861
60932	17.571436	5.375182	9.743628	0.296935	5.177779	-2.034993	-0.778839	-0.363350	0.511260	0.491524	-0.859920	0.137632	0.389634	0.358490	0.848334
60933	18.468101	5.701811	9.335964	0.137815	4.978413	-1.956877	-0.806724	-0.363841	0.465635	0.476474	-0.866579	0.148369	0.349527	0.341556	0.872451
