// General information: 
//  MT Manager version: 2022.2.0 
//  XDA version: 2022.2.0 build 7381 rev 124627 built on 2023-07-19
// Device information: 
//  DeviceId: 00B4CBA7
//  ProductCode: MTW2-3A7G6
//  Firmware Version: 4.6.0
//  Hardware Version: 2.0.0
// Device settings: 
//  Filter Profile: human(46.1)
//  Option Flags: Orientation Smoother Disabled, Position/Velocity Smoother Disabled, Continuous Zero Rotation Update Disabled, AHS Disabled, ICC Disabled
// Coordinate system: ENU
PacketCounter	Acc_X	Acc_Y	Acc_Z	Gyr_X	Gyr_Y	Gyr_Z	Mat[1][1]	Mat[2][1]	Mat[3][1]	Mat[1][2]	Mat[2][2]	Mat[3][2]	Mat[1][3]	Mat[2][3]	Mat[3][3]
42787	9.585262	-0.075218	-1.865729	-0.011713	-0.010631	0.004120	-0.168349	-0.102519	0.980382	-0.576649	0.816879	-0.013600	-0.799459	-0.567625	-0.196638
42788	9.616610	-0.098163	-1.850079	-0.002422	-0.010665	0.004026	-0.168435	-0.102585	0.980360	-0.576603	0.816911	-0.013585	-0.799474	-0.567567	-0.196747
42789	9.616661	-0.123117	-1.848805	0.004652	-0.008911	0.008896	-0.168552	-0.102573	0.980341	-0.576643	0.816882	-0.013674	-0.799421	-0.567611	-0.196835
42790	9.593321	-0.099065	-1.843508	0.014648	-0.009168	0.004032	-0.168627	-0.102630	0.980322	-0.576733	0.816818	-0.013692	-0.799339	-0.567694	-0.196928
42791	9.601286	-0.073395	-1.823835	0.012180	-0.010544	0.007637	-0.168761	-0.102577	0.980305	-0.576658	0.816869	-0.013797	-0.799366	-0.567629	-0.197008
42792	9.623751	-0.050593	-1.835587	0.015203	-0.013675	0.007246	-0.168891	-0.102633	0.980277	-0.576748	0.816805	-0.013849	-0.799273	-0.567711	-0.197144
42793	9.654842	-0.049785	-1.822306	0.007135	-0.010631	0.005433	-0.168969	-0.102681	0.980258	-0.576802	0.816766	-0.013869	-0.799218	-0.567758	-0.197235
42794	9.608539	-0.025031	-1.808939	-0.003379	-0.013605	0.007439	-0.169099	-0.102735	0.980230	-0.576743	0.816808	-0.013886	-0.799233	-0.567689	-0.197373
42795	9.616705	-0.023509	-1.787347	-0.012410	-0.011952	0.008966	-0.169171	-0.102775	0.980213	-0.576587	0.816918	-0.013857	-0.799330	-0.567522	-0.197458
42796	9.583336	-0.081499	-1.875334	-0.016655	-0.011831	0.011266	-0.169309	-0.102788	0.980188	-0.576415	0.817039	-0.013885	-0.799425	-0.567346	-0.197581
42797	9.505924	-0.082547	-1.874214	-0.020457	-0.013551	0.007368	-0.169393	-0.102868	0.980165	-0.576259	0.817150	-0.013830	-0.799520	-0.567172	-0.197698
42798	9.460274	-0.130456	-1.854306	-0.023197	-0.013448	0.009402	-0.169533	-0.102906	0.980137	-0.576038	0.817306	-0.013826	-0.799649	-0.566940	-0.197838
42799	9.519924	-0.086095	-1.907955	-0.017189	-0.011971	0.008265	-0.169635	-0.103102	0.980099	-0.576442	0.817021	-0.013823	-0.799336	-0.567315	-0.198027
42800	9.550991	-0.085119	-1.894832	-0.016640	-0.014931	0.011406	-0.169798	-0.103132	0.980068	-0.576270	0.817142	-0.013852	-0.799425	-0.567136	-0.198181
42801	9.635674	-0.010326	-1.882218	-0.019668	-0.010252	0.011730	-0.169878	-0.103105	0.980056	-0.575927	0.817384	-0.013837	-0.799656	-0.566791	-0.198237
42802	9.598500	-0.056322	-1.839201	-0.021707	-0.010370	0.008996	-0.169992	-0.103129	0.980034	-0.575719	0.817531	-0.013832	-0.799782	-0.566575	-0.198347
42803	9.635694	-0.060026	-1.879915	-0.021700	-0.011919	0.009065	-0.170044	-0.103284	0.980009	-0.575799	0.817476	-0.013754	-0.799713	-0.566627	-0.198478
42804	9.652938	-0.129129	-1.828978	-0.015946	-0.013606	0.006565	-0.170169	-0.103346	0.979981	-0.575641	0.817587	-0.013737	-0.799800	-0.566455	-0.198618
42805	9.660886	-0.103045	-1.809752	-0.006916	-0.015261	0.005031	-0.170385	-0.103253	0.979953	-0.575304	0.817822	-0.013858	-0.799996	-0.566132	-0.198746
42806	9.591873	-0.101887	-1.785973	-0.003373	-0.015162	0.007497	-0.170528	-0.103316	0.979921	-0.575245	0.817863	-0.013875	-0.800008	-0.566061	-0.198901
42807	9.614697	-0.127574	-1.793742	0.000178	-0.016612	0.010033	-0.170586	-0.103522	0.979890	-0.575503	0.817683	-0.013802	-0.799810	-0.566284	-0.199063
42808	9.551455	-0.107189	-1.826442	-0.003353	-0.019808	0.007705	-0.170767	-0.103610	0.979849	-0.575444	0.817724	-0.013821	-0.799814	-0.566209	-0.199262
42809	9.542624	-0.109905	-1.851223	-0.005118	-0.021406	0.006542	-0.171037	-0.103621	0.979801	-0.575365	0.817778	-0.013951	-0.799814	-0.566129	-0.199490
42810	9.571139	-0.115777	-1.915682	-0.006628	-0.019840	0.006740	-0.171213	-0.103716	0.979760	-0.575281	0.817837	-0.013955	-0.799836	-0.566027	-0.199690
42811	9.576959	-0.145309	-1.969396	-0.011414	-0.018305	0.005975	-0.171371	-0.103850	0.979718	-0.575381	0.817766	-0.013961	-0.799731	-0.566103	-0.199895
42812	9.636459	-0.100736	-2.023496	-0.013199	-0.015258	0.004605	-0.171498	-0.103938	0.979686	-0.575249	0.817860	-0.013931	-0.799798	-0.565952	-0.200051
42813	9.604445	-0.053716	-2.043372	-0.021012	-0.009041	0.004171	-0.171569	-0.103994	0.979668	-0.575118	0.817953	-0.013893	-0.799877	-0.565808	-0.200144
42814	9.621066	-0.024920	-2.000437	-0.033879	-0.001356	0.001473	-0.171567	-0.104028	0.979665	-0.574825	0.818160	-0.013790	-0.800088	-0.565502	-0.200167
42815	9.566993	-0.049799	-2.004249	-0.045375	0.000467	0.006553	-0.171655	-0.104020	0.979650	-0.574755	0.818209	-0.013831	-0.800119	-0.565433	-0.200236
42816	9.575478	-0.047209	-1.981356	-0.050698	0.001868	0.002789	-0.171635	-0.104025	0.979653	-0.574326	0.818512	-0.013707	-0.800432	-0.564993	-0.200230
42817	9.575938	-0.095185	-1.976799	-0.047434	0.004994	0.003617	-0.171602	-0.104009	0.979661	-0.574019	0.818728	-0.013624	-0.800659	-0.564682	-0.200198
42818	9.538922	-0.115835	-1.934398	-0.045674	0.008137	0.004715	-0.171542	-0.103963	0.979676	-0.573627	0.819005	-0.013530	-0.800953	-0.564290	-0.200130
42819	9.561795	-0.091706	-1.944146	-0.037893	0.009662	0.004807	-0.171457	-0.103847	0.979703	-0.573123	0.819359	-0.013451	-0.801332	-0.563796	-0.200002
42820	9.607989	-0.116850	-1.957973	-0.028878	0.011105	0.003130	-0.171365	-0.103797	0.979724	-0.572867	0.819539	-0.013375	-0.801534	-0.563544	-0.199903
42821	9.631328	-0.141452	-1.963140	-0.024380	0.014150	0.002192	-0.171093	-0.103843	0.979767	-0.572673	0.819679	-0.013128	-0.801731	-0.563332	-0.199709
42822	9.631250	-0.092388	-1.965837	-0.018915	0.017049	-0.002014	-0.170923	-0.103802	0.979801	-0.572506	0.819797	-0.013021	-0.801887	-0.563167	-0.199550
42823	9.600280	-0.093589	-1.978362	-0.017859	0.021951	0.003790	-0.170813	-0.103527	0.979850	-0.572063	0.820105	-0.013076	-0.802226	-0.562769	-0.199308
42824	9.578184	-0.141560	-1.963699	-0.018396	0.021822	0.000789	-0.170621	-0.103436	0.979893	-0.571895	0.820224	-0.012998	-0.802387	-0.562614	-0.199102
42825	9.546932	-0.094092	-1.979956	-0.013903	0.026416	-0.000212	-0.170378	-0.103255	0.979954	-0.571570	0.820451	-0.012926	-0.802670	-0.562315	-0.198805
42826	9.587431	-0.114721	-1.938068	-0.010634	0.027993	0.000688	-0.170136	-0.103130	0.980009	-0.571465	0.820526	-0.012863	-0.802796	-0.562229	-0.198537
42827	9.573700	-0.136446	-1.901941	0.001651	0.031017	-0.000080	-0.169780	-0.103068	0.980077	-0.571535	0.820479	-0.012724	-0.802822	-0.562309	-0.198208
42828	9.582315	-0.085896	-1.880348	0.007940	0.029463	0.000418	-0.169525	-0.102937	0.980135	-0.571579	0.820449	-0.012694	-0.802844	-0.562377	-0.197923
42829	9.599702	-0.082068	-1.831781	0.013949	0.030942	-0.000715	-0.169214	-0.102854	0.980198	-0.571802	0.820294	-0.012636	-0.802751	-0.562617	-0.197617
42830	9.600082	-0.057930	-1.830874	0.013949	0.030941	-0.000715	-0.168940	-0.102724	0.980259	-0.571896	0.820229	-0.012608	-0.802742	-0.562736	-0.197317
42831	9.617184	-0.029777	-1.784674	0.013979	0.023198	-0.000385	-0.168667	-0.102658	0.980313	-0.571973	0.820177	-0.012521	-0.802744	-0.562824	-0.197054
42832	9.617840	-0.054299	-1.780058	0.010948	0.029425	-0.000117	-0.168409	-0.102532	0.980370	-0.572042	0.820129	-0.012493	-0.802749	-0.562917	-0.196770
42833	9.609767	-0.032260	-1.802292	0.009722	0.026409	0.001783	-0.168163	-0.102450	0.980421	-0.572265	0.819974	-0.012471	-0.802642	-0.563158	-0.196518
42834	9.587652	-0.080640	-1.787366	0.003452	0.023317	0.001477	-0.167963	-0.102345	0.980466	-0.572272	0.819970	-0.012443	-0.802679	-0.563183	-0.196294
42835	9.602641	-0.083329	-1.816257	-0.002835	0.024870	0.000972	-0.167633	-0.102314	0.980526	-0.572252	0.819986	-0.012271	-0.802762	-0.563165	-0.196006
42836	9.571790	-0.084770	-1.828368	-0.009117	0.024874	0.000532	-0.167415	-0.102208	0.980574	-0.572159	0.820052	-0.012209	-0.802874	-0.563088	-0.195768
42837	9.570293	-0.115494	-1.900733	-0.015404	0.026426	0.000026	-0.167099	-0.102193	0.980630	-0.572205	0.820022	-0.012048	-0.802907	-0.563134	-0.195500
42838	9.547704	-0.090180	-1.891818	-0.018955	0.029428	-0.002579	-0.166826	-0.102087	0.980687	-0.572038	0.820140	-0.011936	-0.803083	-0.562981	-0.195219
42839	9.571219	-0.090110	-1.897284	-0.018960	0.030975	-0.002645	-0.166508	-0.102021	0.980748	-0.572026	0.820151	-0.011801	-0.803157	-0.562978	-0.194921
42840	9.586412	-0.092037	-1.925519	-0.021968	0.031007	-0.002116	-0.166226	-0.101903	0.980808	-0.571834	0.820286	-0.011688	-0.803352	-0.562802	-0.194624
42841	9.595177	-0.065089	-1.901697	-0.014453	0.032469	-0.003503	-0.165845	-0.101701	0.980894	-0.571287	0.820670	-0.011501	-0.803820	-0.562279	-0.194204
42842	9.635594	-0.085335	-1.859040	-0.015963	0.034033	-0.003304	-0.165531	-0.101576	0.980960	-0.571145	0.820770	-0.011389	-0.803986	-0.562155	-0.193877
42843	9.644533	-0.082734	-1.832984	-0.008435	0.032400	-0.004558	-0.165193	-0.101462	0.981028	-0.571036	0.820848	-0.011260	-0.804132	-0.562063	-0.193536
42844	9.661611	-0.053890	-1.785956	-0.005180	0.037072	-0.003780	-0.164851	-0.101323	0.981100	-0.570982	0.820887	-0.011163	-0.804241	-0.562030	-0.193178
42845	9.608224	-0.078704	-1.786696	-0.002165	0.035489	-0.004241	-0.164521	-0.101231	0.981165	-0.571135	0.820781	-0.011084	-0.804200	-0.562201	-0.192852
42846	9.648213	-0.050473	-1.747946	0.000850	0.033907	-0.004702	-0.164200	-0.101117	0.981231	-0.571130	0.820786	-0.010990	-0.804269	-0.562215	-0.192524
42847	9.602695	-0.024582	-1.730188	-0.000918	0.033859	-0.005940	-0.163766	-0.101010	0.981314	-0.570907	0.820944	-0.010773	-0.804516	-0.562004	-0.192110
42848	9.634672	-0.046934	-1.710484	-0.005150	0.029329	-0.003455	-0.163489	-0.100912	0.981371	-0.570852	0.820983	-0.010680	-0.804611	-0.561964	-0.191827
42849	9.604118	-0.072236	-1.720237	-0.008422	0.029298	-0.004433	-0.163170	-0.100805	0.981435	-0.570671	0.821111	-0.010540	-0.804804	-0.561796	-0.191507
42850	9.641919	-0.025895	-1.760995	-0.016464	0.027706	-0.006061	-0.162891	-0.100738	0.981488	-0.570529	0.821211	-0.010399	-0.804962	-0.561661	-0.191241
42851	9.628079	-0.071093	-1.723032	-0.019741	0.029222	-0.007104	-0.162488	-0.100737	0.981555	-0.570386	0.821315	-0.010131	-0.805145	-0.561511	-0.190913
42852	9.580655	-0.051176	-1.782781	-0.027257	0.027755	-0.005731	-0.162210	-0.100667	0.981608	-0.570156	0.821476	-0.009973	-0.805363	-0.561287	-0.190648
42853	9.581340	-0.074470	-1.778103	-0.027257	0.027754	-0.005731	-0.161887	-0.100607	0.981667	-0.569915	0.821645	-0.009778	-0.805599	-0.561050	-0.190351
42854	9.650970	-0.099288	-1.798115	-0.024247	0.027720	-0.006253	-0.161606	-0.100541	0.981720	-0.569710	0.821789	-0.009621	-0.805800	-0.560851	-0.190086
42855	9.652998	-0.067593	-1.720563	-0.016462	0.027701	-0.006056	-0.161205	-0.100506	0.981790	-0.569432	0.821985	-0.009351	-0.806077	-0.560570	-0.189739
42856	9.653274	-0.042475	-1.719991	-0.011681	0.026168	-0.005272	-0.160942	-0.100442	0.981840	-0.569327	0.822060	-0.009227	-0.806204	-0.560473	-0.189488
42857	9.622518	-0.043153	-1.732170	-0.013446	0.026120	-0.006514	-0.160518	-0.100506	0.981902	-0.569289	0.822089	-0.008918	-0.806315	-0.560418	-0.189177
42858	9.599956	-0.041805	-1.721611	-0.010424	0.022993	-0.006907	-0.160272	-0.100473	0.981946	-0.569196	0.822155	-0.008780	-0.806429	-0.560327	-0.188957
42859	9.546342	-0.066341	-1.723985	-0.008653	0.021492	-0.005601	-0.159963	-0.100539	0.981990	-0.569317	0.822073	-0.008574	-0.806406	-0.560435	-0.188740
42860	9.577901	-0.064272	-1.707292	-0.000862	0.019928	-0.005336	-0.159749	-0.100510	0.982027	-0.569299	0.822087	-0.008470	-0.806461	-0.560420	-0.188548
42861	9.607821	-0.068725	-1.767655	0.006929	0.018365	-0.005069	-0.159605	-0.100456	0.982056	-0.569439	0.821990	-0.008464	-0.806391	-0.560572	-0.188397
42862	9.601334	-0.039845	-1.713953	0.009221	0.016988	-0.000759	-0.159441	-0.100405	0.982088	-0.569495	0.821952	-0.008423	-0.806383	-0.560637	-0.188233
42863	9.585242	-0.043781	-1.758150	0.007456	0.016941	-0.002001	-0.159245	-0.100408	0.982120	-0.569680	0.821824	-0.008350	-0.806291	-0.560823	-0.188072
42864	9.593714	-0.041538	-1.733693	0.014207	0.015129	-0.007742	-0.159057	-0.100426	0.982148	-0.569787	0.821751	-0.008251	-0.806253	-0.560928	-0.187926
42865	9.608966	-0.068138	-1.761441	0.018269	0.012252	-0.002124	-0.158890	-0.100478	0.982170	-0.570121	0.821520	-0.008188	-0.806050	-0.561256	-0.187816
42866	9.617379	-0.066208	-1.737264	0.028538	0.013627	-0.005506	-0.158727	-0.100485	0.982196	-0.570340	0.821368	-0.008137	-0.805927	-0.561477	-0.187684
42867	9.601461	-0.094469	-1.779738	0.031548	0.013595	-0.006024	-0.158546	-0.100428	0.982231	-0.570392	0.821333	-0.008092	-0.805926	-0.561539	-0.187503
42868	9.632486	-0.044226	-1.767733	0.031289	0.013531	-0.007526	-0.158372	-0.100453	0.982256	-0.570636	0.821164	-0.008027	-0.805787	-0.561782	-0.187371
42869	9.647520	-0.046707	-1.797712	0.031827	0.009015	-0.004327	-0.158148	-0.100488	0.982289	-0.570742	0.821092	-0.007892	-0.805756	-0.561881	-0.187207
42870	9.609735	-0.019210	-1.759138	0.023220	0.019668	-0.009498	-0.157913	-0.100494	0.982326	-0.570924	0.820966	-0.007792	-0.805673	-0.562064	-0.187016
42871	9.618182	-0.017006	-1.734681	0.018269	0.012250	-0.002126	-0.157718	-0.100587	0.982348	-0.571328	0.820686	-0.007694	-0.805425	-0.562456	-0.186905
42872	9.610259	-0.018974	-1.756275	0.011717	0.015279	-0.004227	-0.157548	-0.100574	0.982376	-0.571409	0.820630	-0.007624	-0.805401	-0.562540	-0.186758
42873	9.625598	-0.045462	-1.783737	0.011193	0.016698	-0.007297	-0.157409	-0.100579	0.982398	-0.571695	0.820431	-0.007605	-0.805225	-0.562829	-0.186644
42874	9.602888	-0.044459	-1.773981	0.005172	0.016761	-0.006263	-0.157216	-0.100575	0.982430	-0.571727	0.820410	-0.007504	-0.805240	-0.562861	-0.186483
42875	9.649450	-0.069110	-1.786432	0.007652	0.019694	-0.009916	-0.156999	-0.100545	0.982467	-0.571766	0.820383	-0.007411	-0.805254	-0.562905	-0.186287
42876	9.641255	-0.021730	-1.811518	0.000378	0.021383	-0.007189	-0.156763	-0.100522	0.982507	-0.571761	0.820388	-0.007291	-0.805304	-0.562903	-0.186081
42877	9.626359	0.030211	-1.782462	-0.016445	0.023037	-0.005918	-0.156507	-0.100540	0.982546	-0.571848	0.820328	-0.007148	-0.805292	-0.562986	-0.185881
42878	9.596801	0.060648	-1.720116	-0.039806	0.024624	-0.006623	-0.156249	-0.100494	0.982592	-0.571519	0.820559	-0.006959	-0.805576	-0.562657	-0.185646
42879	9.643239	0.060934	-1.734086	-0.068135	0.021883	-0.000094	-0.156050	-0.100411	0.982632	-0.571017	0.820910	-0.006797	-0.805970	-0.562160	-0.185440
42880	9.628981	0.040875	-1.698563	-0.091298	0.027770	-0.008769	-0.155754	-0.100366	0.982684	-0.570275	0.821428	-0.006492	-0.806553	-0.561411	-0.185177
42881	9.613205	0.039268	-1.741794	-0.107590	0.026441	-0.004371	-0.155443	-0.100282	0.982742	-0.569315	0.822096	-0.006161	-0.807290	-0.560447	-0.184881
42882	9.567825	0.018366	-1.721029	-0.120402	0.026361	-0.006822	-0.155169	-0.100230	0.982790	-0.568334	0.822777	-0.005821	-0.808034	-0.559456	-0.184634
42883	9.506444	-0.030361	-1.744296	-0.132955	0.026338	-0.007772	-0.154712	-0.100349	0.982850	-0.567480	0.823371	-0.005262	-0.808722	-0.558561	-0.184331
42884	9.444647	-0.029980	-1.771569	-0.139744	0.026196	-0.011253	-0.154414	-0.100335	0.982898	-0.566347	0.824153	-0.004844	-0.809572	-0.557409	-0.184085
42885	9.458840	-0.034434	-1.877004	-0.145040	0.029135	-0.015113	-0.154060	-0.100287	0.982959	-0.565053	0.825043	-0.004386	-0.810544	-0.556099	-0.183774
42886	9.505297	-0.006708	-1.891997	-0.160117	0.035430	-0.012785	-0.153678	-0.100235	0.983024	-0.563754	0.825933	-0.003916	-0.811520	-0.554786	-0.183436
42887	9.537042	-0.128513	-1.941624	-0.163129	0.036978	-0.012330	-0.153390	-0.100024	0.983090	-0.562211	0.826986	-0.003580	-0.812644	-0.553254	-0.183086
42888	9.623307	-0.273140	-1.982706	-0.138836	0.041116	-0.024366	-0.152897	-0.100037	0.983166	-0.561100	0.827742	-0.003037	-0.813504	-0.552119	-0.182690
42889	9.624998	-0.340991	-1.973437	-0.104766	0.050010	-0.033583	-0.152223	-0.100138	0.983260	-0.560419	0.828206	-0.002414	-0.814100	-0.551405	-0.182191
42890	9.625903	-0.311639	-1.970400	-0.055849	0.054456	-0.037403	-0.151548	-0.100187	0.983359	-0.560001	0.828490	-0.001895	-0.814513	-0.550970	-0.181661
42891	9.558509	-0.149078	-1.797301	-0.016723	0.057272	-0.044135	-0.150743	-0.100355	0.983466	-0.560095	0.828428	-0.001315	-0.814598	-0.551032	-0.181089
42892	9.520640	0.033557	-1.687767	0.004610	0.057180	-0.046193	-0.149997	-0.100462	0.983569	-0.560182	0.828369	-0.000819	-0.814676	-0.551100	-0.180530
42893	9.506581	0.118492	-1.579803	-0.009405	0.049423	-0.046644	-0.149314	-0.100502	0.983669	-0.559829	0.828608	-0.000319	-0.815044	-0.550734	-0.179987
42894	9.470581	0.082405	-1.455982	-0.024187	0.043047	-0.051664	-0.148652	-0.100732	0.983746	-0.559689	0.828703	0.000283	-0.815261	-0.550550	-0.179567
42895	9.511283	-0.006519	-1.407716	-0.033644	0.029071	-0.052666	-0.148095	-0.100952	0.983807	-0.559192	0.829038	0.000894	-0.815704	-0.550005	-0.179228
42896	9.576192	-0.192922	-1.361879	-0.023289	0.018130	-0.055565	-0.147614	-0.101352	0.983838	-0.559064	0.829123	0.001532	-0.815878	-0.549802	-0.179053
42897	9.591902	-0.213427	-1.389996	-0.001137	0.007074	-0.061991	-0.147162	-0.101860	0.983854	-0.559105	0.829094	0.002208	-0.815932	-0.549752	-0.178962
42898	9.669054	-0.128139	-1.318865	0.000706	-0.005253	-0.060312	-0.146846	-0.102428	0.983842	-0.559179	0.829042	0.002850	-0.815938	-0.549725	-0.179017
42899	9.707085	0.008267	-1.213203	-0.007767	-0.014715	-0.064742	-0.146515	-0.103075	0.983824	-0.559071	0.829112	0.003607	-0.816072	-0.549499	-0.179103
42900	9.723263	0.048062	-1.093808	-0.030030	-0.025723	-0.068346	-0.146321	-0.103822	0.983774	-0.558905	0.829220	0.004383	-0.816220	-0.549195	-0.179359
42901	9.670003	0.034825	-1.025386	-0.061034	-0.041289	-0.068766	-0.146321	-0.104591	0.983692	-0.558495	0.829492	0.005121	-0.816501	-0.548638	-0.179786
42902	9.632031	-0.057978	-1.061671	-0.084239	-0.060268	-0.078119	-0.146355	-0.105608	0.983579	-0.557901	0.829885	0.006091	-0.816901	-0.547848	-0.180377
42903	9.632630	-0.122572	-1.063372	-0.082851	-0.075806	-0.079356	-0.146529	-0.106762	0.983428	-0.557615	0.830070	0.007030	-0.817064	-0.547345	-0.181162
42904	9.624710	-0.164116	-1.091293	-0.068671	-0.091540	-0.087401	-0.146768	-0.108028	0.983254	-0.557162	0.830365	0.008064	-0.817331	-0.546648	-0.182060
42905	9.601637	-0.203491	-1.089914	-0.049164	-0.111759	-0.091561	-0.147139	-0.109390	0.983048	-0.556771	0.830616	0.009092	-0.817530	-0.545995	-0.183121
42906	9.639688	-0.190581	-1.063680	-0.033456	-0.129032	-0.099836	-0.147617	-0.110962	0.982800	-0.556625	0.830702	0.010184	-0.817544	-0.545547	-0.184390
42907	9.654094	-0.152530	-1.032568	-0.021026	-0.144805	-0.109164	-0.148109	-0.112761	0.982522	-0.556797	0.830571	0.011388	-0.817338	-0.545378	-0.185800
42908	9.606059	-0.117283	-1.032893	-0.016781	-0.166605	-0.112245	-0.148824	-0.114641	0.982196	-0.556806	0.830547	0.012572	-0.817202	-0.545022	-0.187438
42909	9.612530	-0.104368	-1.026872	-0.011573	-0.185424	-0.118696	-0.149610	-0.116659	0.981839	-0.556817	0.830520	0.013833	-0.817051	-0.544635	-0.189212
42910	9.611835	-0.141228	-1.042779	-0.014063	-0.210503	-0.125154	-0.150611	-0.118883	0.981419	-0.556870	0.830462	0.015139	-0.816831	-0.544242	-0.191279
42911	9.624407	-0.130310	-1.094989	-0.013654	-0.226304	-0.132434	-0.151589	-0.121360	0.980965	-0.557213	0.830204	0.016602	-0.816416	-0.544090	-0.193473
42912	9.616323	-0.138134	-1.062229	-0.007118	-0.249847	-0.140525	-0.152823	-0.123924	0.980453	-0.557349	0.830082	0.018044	-0.816093	-0.543697	-0.195925
42913	9.544215	-0.100451	-1.063653	-0.006079	-0.271764	-0.144609	-0.154259	-0.126562	0.979891	-0.557459	0.829977	0.019441	-0.815747	-0.543250	-0.198585
42914	9.520055	-0.057170	-1.006716	-0.003791	-0.293747	-0.150466	-0.155794	-0.129445	0.979271	-0.557642	0.829817	0.020973	-0.815330	-0.542815	-0.201465
42915	9.511334	0.038779	-0.909488	-0.007669	-0.322028	-0.156551	-0.157526	-0.132488	0.978587	-0.557806	0.829665	0.022534	-0.814885	-0.542312	-0.204596
42916	9.496777	0.060092	-0.833116	-0.005369	-0.351536	-0.154398	-0.159506	-0.135713	0.977824	-0.557988	0.829499	0.024106	-0.814375	-0.541769	-0.208037
42917	9.497172	0.157945	-0.718928	-0.008498	-0.389073	-0.157183	-0.161790	-0.139138	0.976967	-0.558268	0.829264	0.025651	-0.813733	-0.541259	-0.211843
42918	9.540198	0.210816	-0.568501	-0.008463	-0.424758	-0.151296	-0.164379	-0.142729	0.976016	-0.558426	0.829108	0.027197	-0.813105	-0.540563	-0.215992
42919	9.582367	0.311931	-0.424767	0.002342	-0.457247	-0.145981	-0.167213	-0.146429	0.974986	-0.558679	0.828888	0.028672	-0.812353	-0.539910	-0.220408
42920	9.637054	0.349454	-0.126231	0.016789	-0.491185	-0.138219	-0.170407	-0.150264	0.973849	-0.559029	0.828604	0.030032	-0.811448	-0.539293	-0.225201
42921	9.662062	0.416667	0.284360	0.067879	-0.529122	-0.126499	-0.174034	-0.154097	0.972608	-0.559739	0.828087	0.031043	-0.810188	-0.539004	-0.230369
42922	9.611682	0.459440	0.750503	0.109472	-0.593829	-0.118310	-0.178155	-0.158316	0.971183	-0.560815	0.827323	0.031988	-0.808546	-0.538955	-0.236178
42923	9.538953	0.553878	1.271010	0.175215	-0.664065	-0.099219	-0.183067	-0.162599	0.969561	-0.562335	0.826275	0.032392	-0.806391	-0.539288	-0.242698
42924	9.339979	0.715038	1.781162	0.210437	-0.779632	-0.066210	-0.188949	-0.167390	0.967615	-0.564135	0.825040	0.032565	-0.803773	-0.539712	-0.250321
42925	9.360490	0.847826	2.087119	0.231998	-0.914164	-0.026553	-0.196211	-0.172463	0.965276	-0.566091	0.823717	0.032102	-0.800651	-0.540136	-0.259252
42926	9.368286	1.113212	2.215841	0.240153	-1.052369	0.014574	-0.204679	-0.178066	0.962496	-0.567964	0.822455	0.031377	-0.797197	-0.540241	-0.269475
42927	9.445728	1.054227	1.926868	0.175250	-1.216515	0.075775	-0.214762	-0.183963	0.959184	-0.569178	0.821662	0.030148	-0.793671	-0.539472	-0.281170
42928	9.822499	0.958785	1.346381	0.103411	-1.364892	0.119652	-0.226231	-0.190370	0.955290	-0.569717	0.821338	0.028756	-0.790090	-0.537740	-0.294269
42929	10.330246	0.848343	0.537415	0.053659	-1.482127	0.165570	-0.238847	-0.197038	0.950856	-0.570195	0.821068	0.026915	-0.786021	-0.535745	-0.308460
42930	11.082070	0.889433	-0.310076	-0.001956	-1.574873	0.213848	-0.252393	-0.203732	0.945934	-0.569641	0.821515	0.024944	-0.782181	-0.532547	-0.323399
42931	11.687879	0.722811	-0.798587	-0.072732	-1.625513	0.272449	-0.266560	-0.210088	0.940643	-0.568385	0.822452	0.022622	-0.778386	-0.528617	-0.338643
42932	11.925337	0.608739	-1.597231	-0.081535	-1.661413	0.332678	-0.281325	-0.216136	0.934955	-0.566828	0.823597	0.019836	-0.774314	-0.524379	-0.354210
42933	12.160755	1.196954	-2.119602	-0.078552	-1.706286	0.333487	-0.296280	-0.222416	0.928843	-0.565624	0.824488	0.017006	-0.769603	-0.520337	-0.370083
42934	11.971609	1.162335	-2.204217	-0.194691	-1.712720	0.311375	-0.311162	-0.228749	0.922416	-0.563173	0.826204	0.014912	-0.765516	-0.514840	-0.385909
42935	11.692872	0.720441	-2.565275	-0.365255	-1.717441	0.311821	-0.326097	-0.234885	0.915691	-0.559519	0.828710	0.013317	-0.761970	-0.508004	-0.401663
42936	11.589933	0.185529	-3.528466	-0.493782	-1.719162	0.299810	-0.340821	-0.241097	0.908688	-0.554756	0.831917	0.012656	-0.759004	-0.499786	-0.417285
42937	11.530459	-0.118165	-4.115846	-0.604829	-1.675743	0.301293	-0.355328	-0.246815	0.901568	-0.549330	0.835516	0.012230	-0.756293	-0.490913	-0.432465
42938	11.532235	-0.446145	-4.331223	-0.543754	-1.575642	0.314499	-0.368922	-0.251889	0.894678	-0.544079	0.838950	0.011847	-0.753574	-0.482405	-0.446555
42939	11.452989	-0.165115	-4.395295	-0.360113	-1.424193	0.316139	-0.381447	-0.255979	0.888241	-0.540313	0.841399	0.010447	-0.750040	-0.475943	-0.459258
42940	11.042181	0.272842	-4.405092	-0.234810	-1.226099	0.296260	-0.392199	-0.259325	0.882570	-0.537404	0.843277	0.008966	-0.746577	-0.470780	-0.470095
42941	10.406695	0.874518	-4.451971	-0.214830	-0.977856	0.269680	-0.400959	-0.261736	0.877910	-0.535145	0.844728	0.007432	-0.743540	-0.466829	-0.478768
42942	9.835947	1.484847	-4.431947	-0.286462	-0.683732	0.249258	-0.407350	-0.262843	0.874631	-0.532004	0.846715	0.006679	-0.742319	-0.462587	-0.484743
42943	9.531526	1.873913	-4.088006	-0.474463	-0.365235	0.223814	-0.411286	-0.262721	0.872824	-0.527941	0.849254	0.006854	-0.743049	-0.457980	-0.487987
42944	9.475026	1.685292	-3.926159	-0.669963	-0.056321	0.181333	-0.412639	-0.261473	0.872560	-0.522201	0.852779	0.008593	-0.746348	-0.452105	-0.488432
42945	9.283551	1.007646	-4.164545	-0.768279	0.257872	0.135556	-0.411567	-0.259023	0.873796	-0.515922	0.856566	0.010911	-0.751290	-0.446320	-0.486170
42946	8.955511	0.286283	-4.577739	-0.730974	0.563091	0.109040	-0.407862	-0.255626	0.876530	-0.509958	0.860093	0.013542	-0.757359	-0.441470	-0.481157
42947	8.539514	-0.163296	-4.747910	-0.577584	0.862207	0.083083	-0.402033	-0.250792	0.880609	-0.505031	0.862967	0.015200	-0.763749	-0.438624	-0.473599
42948	8.355973	-0.393586	-4.733080	-0.385718	1.141560	0.052284	-0.393524	-0.245374	0.885963	-0.501860	0.864790	0.016595	-0.770244	-0.438098	-0.463459
42949	8.374949	-0.553493	-4.687916	-0.198292	1.406914	0.008552	-0.382924	-0.238816	0.892377	-0.500077	0.865812	0.017121	-0.776719	-0.439701	-0.450967
42950	8.440246	-0.717884	-4.615150	0.005650	1.653332	-0.048488	-0.369772	-0.231972	0.899699	-0.500298	0.865675	0.017579	-0.782925	-0.443617	-0.436157
42951	8.492874	-0.667410	-4.504781	0.195110	1.878720	-0.100896	-0.354601	-0.224271	0.907723	-0.502102	0.864632	0.017478	-0.788766	-0.449572	-0.419206
42952	8.525492	-0.523332	-4.415614	0.368674	2.073460	-0.148510	-0.337426	-0.216189	0.916191	-0.505526	0.862636	0.017370	-0.794095	-0.457297	-0.400365
42953	8.694993	-0.379538	-4.334472	0.505362	2.235972	-0.198194	-0.318578	-0.207548	0.924895	-0.510319	0.859814	0.017165	-0.798801	-0.466523	-0.379834
42954	8.894416	-0.162622	-4.193523	0.614281	2.387241	-0.240526	-0.298207	-0.198392	0.933656	-0.515971	0.856433	0.017183	-0.803023	-0.476616	-0.357759
42955	9.020919	0.053589	-4.020984	0.706020	2.522775	-0.283637	-0.276508	-0.188405	0.942362	-0.522199	0.852650	0.017246	-0.806754	-0.487332	-0.334150
42956	9.111943	0.343091	-3.903559	0.750209	2.623759	-0.324670	-0.253577	-0.178270	0.950746	-0.529112	0.848362	0.017951	-0.809777	-0.498499	-0.309450
42957	9.214694	0.615063	-3.648141	0.766625	2.708201	-0.360167	-0.229704	-0.167635	0.958715	-0.536367	0.843771	0.019025	-0.812125	-0.509853	-0.283731
42958	9.398878	0.918265	-3.428284	0.739608	2.777840	-0.390424	-0.204989	-0.156645	0.966148	-0.543217	0.839334	0.020829	-0.814184	-0.520558	-0.257147
42959	9.452892	1.123734	-3.246023	0.696090	2.844011	-0.420901	-0.179423	-0.145114	0.973011	-0.549580	0.835119	0.023206	-0.815947	-0.530584	-0.229591
42960	9.311086	1.276413	-3.086510	0.638965	2.891718	-0.438179	-0.153369	-0.133322	0.979134	-0.555512	0.831097	0.026151	-0.817242	-0.539910	-0.201526
42961	9.049556	1.501177	-2.899526	0.583579	2.906306	-0.433993	-0.127054	-0.121048	0.984482	-0.560811	0.827423	0.029361	-0.818137	-0.548378	-0.173012
42962	9.008308	1.499118	-2.604748	0.495058	2.899090	-0.436867	-0.100848	-0.108686	0.988948	-0.565343	0.824198	0.032929	-0.818668	-0.555774	-0.144563
42963	9.018411	1.400688	-2.373967	0.411724	2.889554	-0.438640	-0.074587	-0.096132	0.992570	-0.569140	0.821417	0.036787	-0.818851	-0.562167	-0.115980
42964	9.001694	1.016556	-2.061121	0.375985	2.877750	-0.455671	-0.048407	-0.083645	0.995319	-0.572478	0.818895	0.040976	-0.818490	-0.567815	-0.087525
42965	8.837776	0.719399	-2.127599	0.345270	2.860457	-0.473575	-0.022104	-0.071119	0.997223	-0.575090	0.816824	0.045507	-0.817792	-0.572487	-0.058955
42966	8.593230	0.292171	-2.198700	0.369936	2.820489	-0.455226	0.003581	-0.058652	0.998272	-0.578132	0.814415	0.049924	-0.815935	-0.577312	-0.030992
42967	8.387175	0.174464	-2.076177	0.457064	2.712104	-0.438866	0.028567	-0.046564	0.998507	-0.581723	0.811560	0.054488	-0.812885	-0.582411	-0.003903
42968	8.348668	0.455086	-1.721415	0.597939	2.571984	-0.428170	0.051937	-0.035010	0.998036	-0.586374	0.807900	0.058855	-0.808374	-0.588279	0.021431
42969	8.434833	0.582937	-1.285363	0.639866	2.420353	-0.434165	0.074313	-0.024222	0.996941	-0.590958	0.804192	0.063590	-0.803272	-0.593876	0.045447
42970	8.369328	0.538109	-1.049545	0.651471	2.257771	-0.442945	0.095033	-0.014338	0.995371	-0.595772	0.800235	0.068408	-0.797511	-0.599515	0.067506
42971	8.377815	0.334746	-1.161090	0.697422	2.083061	-0.448545	0.114706	-0.005451	0.993385	-0.600513	0.796210	0.073710	-0.791345	-0.604996	0.088057
42972	8.412096	0.307688	-1.235425	0.827808	1.922854	-0.439653	0.132526	0.002722	0.991176	-0.606463	0.791186	0.078915	-0.783989	-0.611570	0.106503
42973	8.436699	0.586289	-1.218426	0.965573	1.778924	-0.427001	0.149398	0.010243	0.988724	-0.612906	0.785628	0.084473	-0.775904	-0.618615	0.123649
42974	8.267231	0.976756	-0.716054	1.034922	1.626238	-0.406272	0.164471	0.017154	0.986233	-0.620224	0.779259	0.089879	-0.766989	-0.626468	0.138804
42975	8.131685	1.701048	-0.222090	1.101639	1.462710	-0.370963	0.178361	0.023386	0.983687	-0.627461	0.772782	0.095399	-0.757945	-0.634240	0.152508
42976	7.959044	2.350059	0.350985	1.058855	1.270052	-0.331979	0.190048	0.028902	0.981349	-0.634798	0.766131	0.100371	-0.748942	-0.642034	0.163949
42977	7.898523	2.936806	0.884342	0.916651	1.054861	-0.267949	0.200055	0.033507	0.979212	-0.640840	0.760473	0.104903	-0.741149	-0.648504	0.173609
42978	7.722175	3.040287	1.260749	0.647538	0.797115	-0.168998	0.207050	0.037380	0.977616	-0.645247	0.756339	0.107738	-0.735382	-0.653111	0.180719
42979	7.614877	2.683275	1.342252	0.314243	0.505821	-0.060219	0.211482	0.040101	0.976559	-0.647262	0.754407	0.109191	-0.732344	-0.655181	0.185499
42980	7.712884	1.822813	1.022270	0.045779	0.197104	0.034598	0.212724	0.041620	0.976225	-0.647640	0.754114	0.108973	-0.731649	-0.655424	0.187373
42981	7.862028	0.748835	0.529153	-0.120267	-0.095830	0.111516	0.211574	0.041752	0.976470	-0.646749	0.755039	0.107848	-0.732770	-0.654349	0.186750
42982	7.990347	-0.351398	-0.083765	-0.159386	-0.362079	0.163807	0.207883	0.040590	0.977311	-0.645893	0.756035	0.105988	-0.734579	-0.653271	0.183383
42983	8.145780	-0.649335	-0.581800	-0.092109	-0.591883	0.205139	0.202342	0.038241	0.978568	-0.645577	0.756591	0.103922	-0.736402	-0.652769	0.177778
42984	8.554186	-0.184136	-0.968916	0.016178	-0.771049	0.263193	0.194982	0.035164	0.980176	-0.646189	0.756410	0.101407	-0.737849	-0.653152	0.170209
42985	9.152878	0.882950	-0.771178	0.014659	-0.922372	0.330373	0.186150	0.031597	0.982013	-0.646852	0.756256	0.098284	-0.739548	-0.653513	0.161215
42986	11.500980	2.633581	0.076675	-0.217859	-0.894122	0.380752	0.177086	0.028609	0.983779	-0.645900	0.757584	0.094235	-0.742600	-0.652110	0.152636
42987	15.532833	3.646518	1.686312	-0.328862	-0.406479	0.273753	0.172371	0.028014	0.984634	-0.643859	0.759701	0.091100	-0.745475	-0.649669	0.148988
42988	17.180923	4.082373	2.745603	-0.333307	0.164132	0.196794	0.172355	0.030542	0.984561	-0.641681	0.761825	0.088699	-0.747354	-0.647062	0.150903
42989	13.681096	2.861579	3.601843	-0.594151	0.218301	0.344375	0.171907	0.034524	0.984508	-0.637763	0.765582	0.084514	-0.750804	-0.642411	0.153627
42990	9.435114	0.961463	3.587621	-0.801544	-0.234810	0.560318	0.166601	0.037292	0.985319	-0.632642	0.770526	0.077807	-0.756312	-0.636316	0.151964
42991	8.840170	-0.159968	2.740013	-0.768058	-0.652694	0.607929	0.157889	0.037819	0.986732	-0.627815	0.775140	0.070749	-0.762180	-0.630656	0.146130
42992	9.700313	-2.037766	1.563038	-0.496226	-0.813031	0.509076	0.148509	0.036626	0.988233	-0.624773	0.778092	0.065052	-0.766553	-0.627082	0.138437
42993	10.120838	-4.000729	-0.609164	0.133431	-0.828331	0.437605	0.139491	0.034801	0.989612	-0.626400	0.777114	0.060966	-0.766919	-0.628397	0.130200
42994	10.178522	-3.752029	-2.705121	1.187331	-0.890751	0.445608	0.129898	0.032574	0.990992	-0.636041	0.769466	0.058079	-0.760643	-0.637856	0.120670
42995	10.510237	-0.198768	-2.067614	2.008545	-0.885059	0.440181	0.120454	0.030188	0.992260	-0.651760	0.756347	0.056108	-0.748799	-0.653474	0.110780
42996	10.196122	3.124885	0.368414	2.016248	-0.760130	0.404399	0.112166	0.028161	0.993290	-0.667177	0.742919	0.054277	-0.736406	-0.668789	0.102119
42997	9.285522	4.538502	2.116266	1.341170	-0.657408	0.393845	0.104753	0.026609	0.994142	-0.677390	0.733802	0.051736	-0.728127	-0.678842	0.094893
42998	8.774096	3.851387	1.370299	0.532016	-0.708366	0.475695	0.096398	0.025236	0.995023	-0.681709	0.730078	0.047528	-0.725245	-0.682898	0.087581
42999	9.206539	2.302676	-0.106551	-0.016601	-0.767859	0.595197	0.086834	0.024299	0.995926	-0.682111	0.730061	0.041660	-0.726075	-0.682949	0.079968
43000	9.830083	0.996610	-0.827455	-0.275418	-0.731550	0.655455	0.077072	0.024068	0.996735	-0.680620	0.731802	0.034958	-0.728572	-0.681092	0.072783
43001	9.892616	0.136621	-0.659859	-0.398978	-0.634974	0.670646	0.067939	0.024624	0.997386	-0.678168	0.734371	0.028064	-0.731760	-0.678302	0.066592
43002	9.580300	-0.700658	-0.487295	-0.387850	-0.555231	0.630335	0.059626	0.025470	0.997896	-0.675702	0.736860	0.021567	-0.734760	-0.675566	0.061146
43003	9.451894	-0.921233	-0.492018	-0.274388	-0.513874	0.578966	0.051999	0.026230	0.998303	-0.673958	0.738603	0.015698	-0.736937	-0.673630	0.056084
43004	9.643537	-0.937970	-0.269977	-0.125214	-0.524936	0.543663	0.044490	0.026681	0.998653	-0.673273	0.739323	0.010242	-0.738054	-0.672822	0.050856
43005	10.006293	-0.965436	-0.319941	-0.022302	-0.581306	0.515298	0.036789	0.026532	0.998971	-0.673293	0.739358	0.005159	-0.738460	-0.672790	0.045064
43006	10.163460	-1.241732	-0.600610	0.108246	-0.618328	0.486023	0.028975	0.025928	0.999244	-0.674229	0.738522	0.000388	-0.737954	-0.673730	0.038880
43007	9.962088	-1.325305	-0.603741	0.303519	-0.616921	0.452918	0.021425	0.025058	0.999456	-0.676543	0.736393	-0.003960	-0.736092	-0.676090	0.032731
43008	9.698551	-0.999335	-0.255494	0.459599	-0.600528	0.429155	0.014128	0.024109	0.999610	-0.679973	0.733193	-0.008073	-0.733101	-0.679593	0.026752
43009	9.545557	-0.436562	0.228817	0.444038	-0.607509	0.421791	0.006870	0.023009	0.999712	-0.683238	0.730096	-0.012108	-0.730164	-0.682957	0.020737
43010	9.753631	0.000485	0.611578	0.313217	-0.628358	0.422460	-0.000577	0.021758	0.999763	-0.685513	0.727879	-0.016236	-0.728060	-0.685360	0.014496
43011	9.949694	0.282665	1.078471	0.074295	-0.626711	0.436436	-0.008075	0.020589	0.999755	-0.686025	0.727289	-0.020519	-0.727533	-0.686023	0.008252
43012	9.727666	0.160055	1.503654	-0.229299	-0.624614	0.451427	-0.015691	0.019564	0.999685	-0.684280	0.728790	-0.025003	-0.729050	-0.684457	0.001951
43013	9.480239	-0.281981	1.551473	-0.469552	-0.643492	0.454143	-0.023434	0.018445	0.999555	-0.680728	0.731944	-0.029466	-0.732162	-0.681115	-0.004596
43014	9.511415	-0.855613	1.397236	-0.622057	-0.681441	0.441857	-0.031409	0.017030	0.999362	-0.676019	0.736109	-0.033791	-0.736215	-0.676649	-0.011608
43015	9.746304	-1.210049	1.350096	-0.698955	-0.678922	0.436013	-0.039302	0.015635	0.999105	-0.670677	0.740777	-0.037975	-0.740707	-0.671569	-0.018628
43016	9.478823	-1.595923	1.295780	-0.718134	-0.683368	0.422963	-0.047180	0.014175	0.998786	-0.665138	0.745538	-0.042000	-0.745228	-0.666312	-0.025746
43017	9.446814	-1.841671	0.985088	-0.687089	-0.722661	0.415055	-0.055270	0.012446	0.998394	-0.659788	0.750051	-0.045875	-0.749417	-0.661263	-0.033244
43018	9.497990	-1.704255	0.706281	-0.617743	-0.721437	0.392935	-0.063248	0.010614	0.997941	-0.654894	0.754096	-0.049527	-0.753069	-0.656678	-0.040744
43019	9.444677	-1.490723	0.260336	-0.547299	-0.738462	0.373736	-0.071201	0.008575	0.997425	-0.650508	0.757652	-0.052950	-0.756155	-0.652603	-0.048368
43020	9.546750	-1.155249	-0.188539	-0.477577	-0.748674	0.361346	-0.079191	0.006412	0.996839	-0.646599	0.760752	-0.056261	-0.758708	-0.649011	-0.056099
43021	9.563738	-0.799249	-0.440976	-0.445090	-0.747279	0.343943	-0.087035	0.004169	0.996197	-0.642930	0.763620	-0.059366	-0.760964	-0.645652	-0.063781
43022	9.476411	-0.598721	-0.638095	-0.436107	-0.754266	0.326737	-0.094853	0.001778	0.995490	-0.639291	0.766438	-0.062282	-0.763092	-0.642315	-0.071563
43023	9.432631	-0.655636	-0.749396	-0.431229	-0.760649	0.314538	-0.102618	-0.000707	0.994721	-0.635680	0.769209	-0.065032	-0.765102	-0.638997	-0.079384
43024	9.427906	-0.835224	-0.851190	-0.392960	-0.767110	0.298253	-0.110361	-0.003333	0.993886	-0.632334	0.771738	-0.067627	-0.766794	-0.635931	-0.087278
43025	9.462874	-0.912367	-0.930661	-0.346554	-0.778084	0.287322	-0.118095	-0.006078	0.992984	-0.629347	0.773956	-0.070110	-0.768099	-0.633211	-0.095225
43026	9.506237	-0.851941	-0.932846	-0.315261	-0.783738	0.277706	-0.125839	-0.008913	0.992011	-0.626567	0.775987	-0.072510	-0.769141	-0.630686	-0.103234
43027	9.405467	-0.848441	-0.885743	-0.317793	-0.787927	0.269269	-0.133538	-0.011805	0.990973	-0.623763	0.778027	-0.074787	-0.770121	-0.628120	-0.111260
43028	9.399643	-0.915372	-0.931880	-0.341076	-0.795289	0.268589	-0.141316	-0.014731	0.989855	-0.620748	0.780219	-0.077009	-0.771169	-0.625334	-0.119401
43029	9.463378	-0.932968	-1.109522	-0.344817	-0.787128	0.259389	-0.148948	-0.017642	0.988688	-0.617707	0.782421	-0.079097	-0.772174	-0.622501	-0.127437
43030	9.364240	-1.153069	-1.233937	-0.337329	-0.757995	0.246997	-0.156304	-0.020449	0.987497	-0.614707	0.784580	-0.081051	-0.773114	-0.619690	-0.135203
43031	9.366375	-1.330822	-1.370170	-0.298669	-0.774762	0.239476	-0.163713	-0.023389	0.986231	-0.612021	0.786480	-0.082943	-0.773710	-0.617173	-0.143072
43032	9.606849	-1.378785	-1.527006	-0.248306	-0.791681	0.237721	-0.171269	-0.026430	0.984870	-0.609686	0.788086	-0.084876	-0.773919	-0.614998	-0.151088
43033	9.646888	-1.376024	-1.601196	-0.198019	-0.781320	0.227625	-0.178655	-0.029457	0.983471	-0.607749	0.789375	-0.086759	-0.773772	-0.613204	-0.158928
43034	9.499187	-1.399080	-1.606215	-0.142605	-0.774679	0.212093	-0.185913	-0.032561	0.982027	-0.606244	0.790332	-0.088566	-0.773243	-0.611814	-0.166672
43035	9.427833	-1.136253	-1.487477	-0.086701	-0.766333	0.199234	-0.193001	-0.035698	0.980549	-0.605200	0.790932	-0.090326	-0.772324	-0.610861	-0.174255
43036	9.390680	-1.108721	-1.270183	-0.070748	-0.770587	0.201610	-0.200145	-0.038841	0.978996	-0.604243	0.791456	-0.092130	-0.771254	-0.609991	-0.181875
43037	9.412871	-1.245971	-1.132443	-0.085100	-0.784413	0.202115	-0.207368	-0.042046	0.977359	-0.603174	0.792063	-0.093902	-0.770181	-0.608990	-0.189610
43038	9.430152	-1.561077	-1.024894	-0.075720	-0.792582	0.212042	-0.214724	-0.045223	0.975627	-0.602130	0.792632	-0.095780	-0.768982	-0.608021	-0.197427
43039	9.292967	-1.926348	-0.825175	-0.015768	-0.800531	0.217323	-0.222139	-0.048386	0.973814	-0.601531	0.792837	-0.097823	-0.767342	-0.607510	-0.205226
43040	9.167771	-2.228533	-0.687714	0.070926	-0.815959	0.225648	-0.229727	-0.051589	0.971887	-0.601552	0.792535	-0.100121	-0.765089	-0.607641	-0.213100
43041	8.977419	-2.088918	-0.600288	0.197446	-0.842511	0.240790	-0.237565	-0.054823	0.969823	-0.602501	0.791464	-0.102846	-0.761942	-0.608752	-0.221055
43042	8.978414	-1.505707	-0.591943	0.290922	-0.881090	0.240932	-0.245692	-0.058324	0.967592	-0.604117	0.789843	-0.105789	-0.758075	-0.610530	-0.229293
43043	9.132921	-0.546003	-0.488116	0.283442	-0.928706	0.238238	-0.254103	-0.062135	0.965179	-0.605675	0.788251	-0.108711	-0.754049	-0.612209	-0.237931
43044	9.301989	0.063050	-0.571177	0.188216	-0.982990	0.229183	-0.262864	-0.066386	0.962546	-0.606487	0.787260	-0.111330	-0.750384	-0.613037	-0.247204
43045	9.341395	0.701840	-0.852481	0.067440	-1.051407	0.222394	-0.272036	-0.071099	0.959657	-0.606419	0.786989	-0.113597	-0.747163	-0.612857	-0.257205
43046	9.512084	1.195267	-0.913126	-0.133195	-1.116918	0.216146	-0.281656	-0.076266	0.956480	-0.604817	0.787978	-0.115271	-0.744894	-0.610962	-0.268065
43047	9.589582	0.721644	-1.031656	-0.338454	-1.177654	0.210167	-0.291656	-0.081790	0.953020	-0.601700	0.790206	-0.116323	-0.743568	-0.607359	-0.279682
