// General information: 
//  MT Manager version: 2022.2.0 
//  XDA version: 2022.2.0 build 7381 rev 124627 built on 2023-07-19
// Device information: 
//  DeviceId: 00B4CBA7
//  ProductCode: MTW2-3A7G6
//  Firmware Version: 4.6.0
//  Hardware Version: 2.0.0
// Device settings: 
//  Filter Profile: human(46.1)
//  Option Flags: Orientation Smoother Disabled, Position/Velocity Smoother Disabled, Continuous Zero Rotation Update Disabled, AHS Disabled, ICC Disabled
// Coordinate system: ENU
PacketCounter	Acc_X	Acc_Y	Acc_Z	Gyr_X	Gyr_Y	Gyr_Z	Mat[1][1]	Mat[2][1]	Mat[3][1]	Mat[1][2]	Mat[2][2]	Mat[3][2]	Mat[1][3]	Mat[2][3]	Mat[3][3]
64144	9.655609	-0.341565	-1.506955	-0.003180	-0.014645	0.012262	0.142685	0.085879	0.986035	0.702985	-0.710086	-0.039881	0.696745	0.698858	-0.161691
64145	9.653160	-0.358918	-1.526590	-0.003333	-0.016060	0.012810	0.142792	0.085927	0.986016	0.703048	-0.710020	-0.039939	0.696659	0.698919	-0.161796
64146	9.624596	-0.387500	-1.566111	-0.002233	-0.020691	0.009655	0.142970	0.086024	0.985981	0.703008	-0.710056	-0.039988	0.696663	0.698870	-0.161992
64147	9.648324	-0.408065	-1.619128	-0.000378	-0.018893	0.010590	0.143204	0.086099	0.985941	0.703042	-0.710017	-0.040110	0.696581	0.698901	-0.162208
64148	9.621891	-0.420587	-1.640554	-0.000383	-0.019218	0.014005	0.143402	0.086154	0.985907	0.703009	-0.710044	-0.040206	0.696573	0.698867	-0.162389
64149	9.625937	-0.389394	-1.605990	0.006439	-0.016715	0.009688	0.143573	0.086224	0.985876	0.702850	-0.710198	-0.040243	0.696698	0.698701	-0.162568
64150	9.651744	-0.379065	-1.587820	0.001940	-0.012848	0.009880	0.143698	0.086264	0.985855	0.702839	-0.710206	-0.040301	0.696683	0.698689	-0.162685
64151	9.653691	-0.363987	-1.570978	-0.004726	-0.013934	0.013650	0.143800	0.086298	0.985837	0.702726	-0.710317	-0.040324	0.696777	0.698571	-0.162788
64152	9.603570	-0.386228	-1.646076	-0.003549	-0.017695	0.008513	0.143949	0.086382	0.985808	0.702678	-0.710362	-0.040360	0.696794	0.698515	-0.162955
64153	9.626998	-0.377240	-1.593759	-0.001772	-0.016768	0.011428	0.144028	0.086457	0.985790	0.702721	-0.710319	-0.040373	0.696735	0.698550	-0.163061
64154	9.624454	-0.394472	-1.613618	-0.000373	-0.018893	0.010591	0.144200	0.086534	0.985758	0.702693	-0.710344	-0.040435	0.696728	0.698516	-0.163238
64155	9.628704	-0.377849	-1.631481	-0.001464	-0.013937	0.010332	0.144323	0.086583	0.985735	0.702675	-0.710358	-0.040484	0.696720	0.698495	-0.163361
64156	9.626203	-0.394917	-1.651034	0.003267	-0.015520	0.007609	0.144450	0.086658	0.985710	0.702677	-0.710354	-0.040523	0.696692	0.698489	-0.163503
64157	9.630529	-0.377910	-1.668499	-0.004253	-0.009036	0.005177	0.144517	0.086713	0.985696	0.702656	-0.710375	-0.040527	0.696699	0.698461	-0.163590
64158	9.634817	-0.346297	-1.633080	-0.000851	-0.008599	0.011554	0.144623	0.086711	0.985680	0.702623	-0.710404	-0.040597	0.696710	0.698432	-0.163666
64159	9.649372	-0.387460	-1.600162	-0.006267	-0.012899	0.011624	0.144717	0.086747	0.985663	0.702475	-0.710549	-0.040604	0.696840	0.698280	-0.163766
64160	9.625352	-0.398182	-1.655204	-0.009135	-0.008869	0.008451	0.144804	0.086769	0.985649	0.702389	-0.710633	-0.040630	0.696909	0.698192	-0.163848
64161	9.622910	-0.415186	-1.674296	-0.002705	-0.010397	0.010622	0.144908	0.086788	0.985631	0.702264	-0.710754	-0.040663	0.697013	0.698066	-0.163943
64162	9.620423	-0.417520	-1.640682	-0.002245	-0.006149	0.008977	0.144980	0.086788	0.985621	0.702225	-0.710791	-0.040706	0.697037	0.698029	-0.163995
64163	9.624813	-0.400797	-1.657704	-0.000925	-0.009145	0.010121	0.145037	0.086811	0.985611	0.702225	-0.710789	-0.040731	0.697025	0.698028	-0.164051
64164	9.629163	-0.384097	-1.674961	-0.001154	-0.011106	0.009236	0.145145	0.086843	0.985592	0.702194	-0.710817	-0.040778	0.697035	0.697995	-0.164152
64165	9.624381	-0.387841	-1.606968	0.001010	-0.006479	0.009071	0.145113	0.086863	0.985595	0.702343	-0.710670	-0.040776	0.696891	0.698143	-0.164135
64166	9.624235	-0.388694	-1.607637	-0.005650	-0.007235	0.009432	0.145195	0.086867	0.985582	0.702280	-0.710730	-0.040817	0.696937	0.698081	-0.164199
64167	9.652489	-0.376872	-1.623393	-0.002703	-0.010397	0.010622	0.145277	0.086891	0.985568	0.702249	-0.710759	-0.040852	0.696952	0.698049	-0.164276
64168	9.617061	-0.424105	-1.611209	-0.007275	-0.006745	0.005970	0.145332	0.086916	0.985558	0.702179	-0.710827	-0.040856	0.697010	0.697976	-0.164336
64169	9.645353	-0.411994	-1.626794	-0.008902	-0.006905	0.009339	0.145395	0.086930	0.985547	0.702288	-0.710716	-0.040918	0.696888	0.698087	-0.164384
64170	9.647483	-0.396494	-1.609315	-0.007198	-0.006200	0.007404	0.145455	0.086941	0.985537	0.702217	-0.710785	-0.040937	0.696947	0.698015	-0.164439
64171	9.628011	-0.374606	-1.627728	-0.009132	-0.008866	0.008454	0.145377	0.086976	0.985546	0.702118	-0.710889	-0.040832	0.697062	0.697905	-0.164415
64172	9.647174	-0.397621	-1.610886	-0.007351	-0.007289	0.004537	0.145425	0.087015	0.985535	0.702050	-0.710957	-0.040822	0.697121	0.697831	-0.164480
64173	9.625424	-0.377076	-1.594889	-0.012307	-0.007991	0.009795	0.145488	0.087023	0.985525	0.701850	-0.711155	-0.040815	0.697309	0.697629	-0.164542
64174	9.599097	-0.389059	-1.615267	-0.007504	-0.009032	0.008501	0.145575	0.087046	0.985510	0.701775	-0.711227	-0.040843	0.697366	0.697552	-0.164624
64175	9.642111	-0.432002	-1.649643	-0.002394	-0.007567	0.009525	0.145704	0.087051	0.985491	0.701701	-0.711296	-0.040916	0.697414	0.697481	-0.164722
64176	9.618085	-0.413170	-1.599201	-0.004097	-0.007946	0.008045	0.145781	0.087069	0.985478	0.701650	-0.711344	-0.040946	0.697449	0.697430	-0.164793
64177	9.641788	-0.433510	-1.651129	-0.000690	-0.006862	0.007589	0.145834	0.087088	0.985468	0.701546	-0.711447	-0.040945	0.697543	0.697323	-0.164850
64178	9.617757	-0.429338	-1.653212	0.008992	-0.008400	0.006432	0.145902	0.087122	0.985455	0.701589	-0.711403	-0.040981	0.697485	0.697364	-0.164919
64179	9.648319	-0.401321	-1.650722	0.010696	-0.008021	0.007911	0.145971	0.087154	0.985442	0.701784	-0.711206	-0.041053	0.697275	0.697560	-0.164978
64180	9.648149	-0.402379	-1.651454	0.005818	-0.007850	0.011189	0.146069	0.087150	0.985428	0.701798	-0.711188	-0.041130	0.697240	0.697579	-0.165044
64181	9.624164	-0.383546	-1.600939	0.002563	-0.006866	0.004267	0.146110	0.087192	0.985418	0.701770	-0.711216	-0.041123	0.697260	0.697545	-0.165104
64182	9.621708	-0.400335	-1.619860	0.007213	-0.009650	0.006934	0.146190	0.087231	0.985403	0.701800	-0.711184	-0.041160	0.697213	0.697573	-0.165187
64183	9.656861	-0.354623	-1.633582	0.006125	-0.004692	0.006677	0.146247	0.087231	0.985395	0.701710	-0.711272	-0.041180	0.697292	0.697483	-0.165232
64184	9.626009	-0.384151	-1.637316	0.002641	-0.006321	0.005701	0.146296	0.087255	0.985385	0.701709	-0.711271	-0.041197	0.697281	0.697481	-0.165284
64185	9.623626	-0.386246	-1.603523	-0.000688	-0.006860	0.007591	0.146386	0.087271	0.985370	0.701603	-0.711374	-0.041226	0.697369	0.697374	-0.165365
64186	9.627978	-0.384034	-1.673064	0.000861	-0.007571	0.006203	0.146447	0.087300	0.985359	0.701590	-0.711386	-0.041246	0.697370	0.697358	-0.165429
64187	9.649470	-0.391060	-1.637920	0.001093	-0.005610	0.007089	0.146461	0.087321	0.985355	0.701616	-0.711360	-0.041247	0.697341	0.697382	-0.165452
64188	9.623224	-0.388361	-1.605425	0.001017	-0.006481	0.009071	0.146534	0.087322	0.985344	0.701600	-0.711374	-0.041295	0.697342	0.697368	-0.165506
64189	9.601470	-0.382751	-1.641753	0.007675	-0.005404	0.005288	0.146603	0.087355	0.985331	0.701708	-0.711264	-0.041347	0.697218	0.697476	-0.165571
64190	9.615151	-0.315822	-1.638365	0.006434	-0.001862	0.005579	0.146620	0.087349	0.985329	0.701735	-0.711236	-0.041369	0.697188	0.697505	-0.165577
64191	9.593546	-0.295599	-1.621728	0.008142	-0.001809	0.010474	0.146729	0.087296	0.985317	0.701576	-0.711389	-0.041449	0.697325	0.697356	-0.165627
64192	9.608170	-0.351500	-1.640400	0.006744	0.000644	0.007898	0.146745	0.087257	0.985318	0.701601	-0.711361	-0.041495	0.697297	0.697389	-0.165608
64193	9.667437	-0.310978	-1.651517	0.026026	0.011227	0.006875	0.146734	0.087144	0.985330	0.701692	-0.711265	-0.041589	0.697207	0.697501	-0.165515
64194	9.646027	-0.305888	-1.685807	0.023548	0.017988	0.010871	0.146650	0.086962	0.985358	0.701830	-0.711123	-0.041693	0.697086	0.697668	-0.165319
64195	9.637116	-0.342191	-1.651665	0.019597	0.012763	0.004711	0.146597	0.086857	0.985376	0.701905	-0.711046	-0.041749	0.697021	0.697761	-0.165203
64196	9.623541	-0.395664	-1.601735	0.007515	0.007722	0.005154	0.146545	0.086787	0.985390	0.701940	-0.711011	-0.041769	0.696997	0.697805	-0.165114
64197	9.605187	-0.496022	-1.641065	0.002092	0.003755	0.001814	0.146490	0.086781	0.985398	0.701920	-0.711032	-0.041730	0.697028	0.697784	-0.165072
64198	9.629070	-0.501083	-1.639579	-0.001781	-0.001249	0.000503	0.146467	0.086807	0.985399	0.701897	-0.711058	-0.041689	0.697057	0.697754	-0.165076
64199	9.626805	-0.502531	-1.605185	-0.003176	0.000879	0.001341	0.146397	0.086821	0.985409	0.701903	-0.711055	-0.041630	0.697065	0.697756	-0.165036
64200	9.640538	-0.449402	-1.654182	-0.015108	-0.002097	-0.005598	0.146338	0.086896	0.985411	0.701796	-0.711168	-0.041507	0.697186	0.697631	-0.165054
64201	9.631398	-0.468996	-1.569562	-0.040202	-0.006129	-0.002108	0.146282	0.086988	0.985411	0.701551	-0.711419	-0.041342	0.697444	0.697363	-0.165094
64202	9.642775	-0.416547	-1.584873	-0.063357	-0.007172	-0.003084	0.146275	0.087081	0.985404	0.701103	-0.711871	-0.041165	0.697896	0.696891	-0.165181
64203	9.681277	-0.460028	-1.550618	-0.078220	-0.007307	-0.007792	0.146174	0.087218	0.985407	0.700580	-0.712403	-0.040869	0.698442	0.696330	-0.165238
64204	9.624164	-0.512856	-1.627073	-0.078284	-0.008179	-0.005807	0.146156	0.087337	0.985399	0.700031	-0.712956	-0.040639	0.698996	0.695749	-0.165341
64205	9.619527	-0.528526	-1.611862	-0.060007	-0.005977	-0.011798	0.146101	0.087470	0.985395	0.699484	-0.713506	-0.040375	0.699554	0.695167	-0.165428
64206	9.664052	-0.430341	-1.605277	-0.038016	-0.000847	-0.009095	0.146008	0.087561	0.985401	0.699221	-0.713776	-0.040179	0.699837	0.694879	-0.165442
64207	9.575626	-0.360706	-1.555818	-0.017276	0.008488	-0.012927	0.145930	0.087616	0.985407	0.699112	-0.713890	-0.040058	0.699962	0.694755	-0.165432
64208	9.578150	-0.343408	-1.536605	0.007959	0.013288	-0.010134	0.145731	0.087617	0.985437	0.699171	-0.713838	-0.039928	0.699944	0.694808	-0.165288
64209	9.576274	-0.329194	-1.447793	0.023742	0.022912	-0.018948	0.145427	0.087628	0.985481	0.699460	-0.713565	-0.039770	0.699719	0.695088	-0.165064
64210	9.586760	-0.400083	-1.448443	0.039155	0.014287	-0.024025	0.145124	0.087721	0.985517	0.699758	-0.713284	-0.039555	0.699484	0.695364	-0.164898
64211	9.577764	-0.448299	-1.467981	0.056518	-0.006542	-0.026065	0.144910	0.087990	0.985525	0.700343	-0.712722	-0.039344	0.698943	0.695906	-0.164903
64212	9.625435	-0.456289	-1.466362	0.059714	-0.021631	-0.030151	0.144815	0.088376	0.985504	0.700793	-0.712292	-0.039102	0.698511	0.696297	-0.165084
64213	9.570589	-0.463903	-1.420865	0.051687	-0.035458	-0.021439	0.144794	0.088790	0.985470	0.701062	-0.712041	-0.038852	0.698246	0.696501	-0.165346
64214	9.570083	-0.477075	-1.476903	0.036213	-0.041269	-0.023953	0.144879	0.089269	0.985414	0.701339	-0.711780	-0.038633	0.697950	0.696707	-0.165729
64215	9.560390	-0.524963	-1.501240	0.016871	-0.052089	-0.027775	0.145041	0.089855	0.985337	0.701526	-0.711610	-0.038371	0.697728	0.696805	-0.166248
64216	9.566509	-0.488841	-1.504628	-0.000224	-0.058392	-0.023495	0.145248	0.090450	0.985252	0.701549	-0.711603	-0.038096	0.697662	0.696736	-0.166814
64217	9.642031	-0.468459	-1.470148	-0.020201	-0.060013	-0.029208	0.145417	0.091099	0.985168	0.701484	-0.711686	-0.037733	0.697692	0.696566	-0.167395
64218	9.636760	-0.482666	-1.460145	-0.039152	-0.067464	-0.032675	0.145623	0.091822	0.985070	0.701248	-0.711941	-0.037303	0.697887	0.696210	-0.168065
64219	9.642486	-0.459510	-1.517868	-0.046487	-0.073780	-0.038364	0.145836	0.092617	0.984964	0.700855	-0.712354	-0.036787	0.698236	0.695682	-0.168798
64220	9.670042	-0.427630	-1.488048	-0.058832	-0.081675	-0.036799	0.146114	0.093468	0.984842	0.700488	-0.712742	-0.036282	0.698547	0.695171	-0.169614
64221	9.656454	-0.351991	-1.459843	-0.061950	-0.094691	-0.041599	0.146505	0.094437	0.984692	0.700122	-0.713126	-0.035773	0.698831	0.694646	-0.170594
64222	9.648422	-0.380641	-1.471419	-0.077388	-0.100520	-0.044067	0.146864	0.095470	0.984539	0.699635	-0.713634	-0.035164	0.699243	0.693982	-0.171602
64223	9.705964	-0.333432	-1.493750	-0.083047	-0.107660	-0.042873	0.147329	0.096521	0.984367	0.698937	-0.714347	-0.034565	0.699843	0.693103	-0.172706
64224	9.717882	-0.260337	-1.501008	-0.093801	-0.116275	-0.042681	0.147810	0.097652	0.984183	0.698333	-0.714968	-0.033939	0.700345	0.692304	-0.173873
64225	9.624331	-0.341740	-1.522018	-0.108968	-0.120488	-0.040821	0.148303	0.098787	0.983996	0.697578	-0.715736	-0.033281	0.700993	0.691349	-0.175057
64226	9.591967	-0.364792	-1.537424	-0.122898	-0.127571	-0.046085	0.148842	0.100019	0.983790	0.696774	-0.716551	-0.032568	0.701678	0.690327	-0.176343
64227	9.587056	-0.388887	-1.621497	-0.132045	-0.137234	-0.043861	0.149449	0.101294	0.983567	0.695871	-0.717460	-0.031846	0.702445	0.689195	-0.177711
64228	9.647607	-0.446541	-1.652663	-0.132359	-0.140274	-0.047600	0.150069	0.102623	0.983335	0.695001	-0.718336	-0.031099	0.703173	0.688086	-0.179123
64229	9.693294	-0.448999	-1.665206	-0.136368	-0.146904	-0.053186	0.150679	0.104029	0.983094	0.694104	-0.719238	-0.030277	0.703929	0.686932	-0.180580
64230	9.661298	-0.456478	-1.630407	-0.120071	-0.148166	-0.056263	0.151297	0.105472	0.982845	0.693333	-0.720015	-0.029463	0.704556	0.685897	-0.182063
64231	9.612122	-0.425522	-1.594353	-0.103923	-0.150840	-0.058814	0.151879	0.106942	0.982597	0.692685	-0.720672	-0.028633	0.705067	0.684979	-0.183531
64232	9.557352	-0.414556	-1.507679	-0.081151	-0.152726	-0.061809	0.152493	0.108454	0.982336	0.692196	-0.721172	-0.027833	0.705415	0.684214	-0.185045
64233	9.550195	-0.401495	-1.332290	-0.058628	-0.157794	-0.060329	0.153239	0.109965	0.982052	0.691767	-0.721611	-0.027141	0.705674	0.683510	-0.186649
64234	9.509207	-0.323785	-1.241316	-0.035736	-0.158242	-0.063904	0.153879	0.111529	0.981775	0.691602	-0.721796	-0.026403	0.705696	0.683061	-0.188203
64235	9.471186	-0.354569	-1.122478	-0.021087	-0.176522	-0.060562	0.154692	0.113174	0.981459	0.691517	-0.721901	-0.025749	0.705602	0.682679	-0.189934
64236	9.425157	-0.297324	-0.983471	-0.010579	-0.201954	-0.064263	0.155638	0.115038	0.981093	0.691532	-0.721911	-0.025055	0.705380	0.682356	-0.191909
64237	9.456277	-0.246561	-0.983020	-0.021847	-0.235815	-0.052787	0.156824	0.117025	0.980669	0.691406	-0.722055	-0.024403	0.705241	0.681867	-0.194147
64238	9.404583	-0.098150	-0.896322	-0.039383	-0.265511	-0.049274	0.158321	0.119211	0.980165	0.691195	-0.722276	-0.023799	0.705113	0.681253	-0.196750
64239	9.447187	0.017208	-0.863190	-0.068721	-0.301049	-0.038297	0.160120	0.121534	0.979587	0.690720	-0.722749	-0.023234	0.705172	0.680340	-0.199672
64240	9.421242	0.037879	-0.806591	-0.101764	-0.339494	-0.035905	0.162232	0.124122	0.978915	0.690050	-0.723408	-0.022634	0.705346	0.679172	-0.203010
64241	9.389786	0.026273	-0.790178	-0.141223	-0.380355	-0.024163	0.164649	0.126868	0.978159	0.689059	-0.724371	-0.022034	0.705754	0.677637	-0.206686
64242	9.385126	0.025204	-0.758979	-0.161322	-0.423807	-0.018522	0.167478	0.129892	0.977281	0.687940	-0.725450	-0.021473	0.706179	0.675907	-0.210855
64243	9.428495	0.014299	-0.731741	-0.165056	-0.468828	-0.012794	0.170688	0.133130	0.976290	0.686724	-0.726615	-0.020978	0.706595	0.674022	-0.215448
64244	9.501909	-0.098651	-0.853716	-0.150413	-0.508618	-0.014598	0.174147	0.136682	0.975188	0.685676	-0.727619	-0.020464	0.706768	0.672227	-0.220432
64245	9.565190	0.000664	-0.966392	-0.143593	-0.548379	-0.009609	0.177882	0.140429	0.973980	0.684732	-0.728520	-0.020017	0.706753	0.670476	-0.225747
64246	9.525775	-0.042348	-1.041060	-0.136427	-0.587104	-0.001769	0.181985	0.144394	0.972642	0.683761	-0.729441	-0.019644	0.706649	0.668630	-0.231478
64247	9.552371	0.013614	-1.216249	-0.129020	-0.622632	0.001568	0.186302	0.148534	0.971200	0.682908	-0.730249	-0.019316	0.706349	0.666838	-0.237482
64248	9.685781	0.118874	-1.392349	-0.140097	-0.646720	0.004744	0.190867	0.152827	0.969646	0.681900	-0.731199	-0.018981	0.706104	0.664825	-0.243774
64249	9.722458	0.237121	-1.500149	-0.148580	-0.669110	0.021922	0.195743	0.157072	0.967994	0.680713	-0.732308	-0.018822	0.705914	0.662611	-0.250265
64250	9.742372	0.386674	-1.537856	-0.119798	-0.683603	0.047270	0.200854	0.161270	0.966255	0.679765	-0.733186	-0.018931	0.705392	0.660629	-0.256889
64251	9.773925	0.409487	-1.345273	-0.099500	-0.718835	0.067648	0.206351	0.165467	0.964386	0.678797	-0.734072	-0.019293	0.704737	0.658604	-0.263795
64252	9.840211	0.335125	-1.147450	-0.095380	-0.745698	0.076010	0.212084	0.169834	0.962381	0.677958	-0.734836	-0.019726	0.703842	0.656637	-0.270987
64253	9.822495	0.385960	-0.749702	-0.060973	-0.787902	0.089757	0.218213	0.174281	0.960213	0.677174	-0.735540	-0.020389	0.702722	0.654681	-0.278523
64254	9.682129	0.550887	-0.392997	-0.057421	-0.856985	0.112269	0.224955	0.179079	0.957771	0.676514	-0.736123	-0.021259	0.701230	0.652728	-0.286744
64255	9.868276	0.682908	-0.028886	-0.091035	-0.930592	0.140882	0.232356	0.184008	0.955066	0.675333	-0.737177	-0.022272	0.699954	0.650163	-0.295554
64256	10.131530	0.799260	0.283793	-0.066783	-1.006340	0.172519	0.240521	0.189288	0.952008	0.674450	-0.737941	-0.023672	0.698045	0.647776	-0.305155
64257	10.230418	0.699765	0.285232	-0.079234	-1.093141	0.219499	0.249649	0.194628	0.948575	0.673114	-0.739099	-0.025504	0.696127	0.644867	-0.315522
64258	10.567786	0.581940	-0.045186	-0.120364	-1.204327	0.270137	0.259801	0.200398	0.944640	0.671582	-0.740415	-0.027630	0.693888	0.641581	-0.326944
64259	10.962051	0.578485	-0.286225	-0.139626	-1.288381	0.328590	0.270935	0.206110	0.940273	0.669577	-0.742126	-0.030259	0.691564	0.637784	-0.339075
64260	11.409588	0.724914	-0.731328	-0.122380	-1.358334	0.371663	0.282760	0.212009	0.935467	0.667697	-0.743689	-0.033277	0.688641	0.634018	-0.351844
64261	11.567780	0.847666	-1.350423	-0.127739	-1.400176	0.406717	0.295036	0.217710	0.930353	0.665479	-0.745519	-0.036581	0.685632	0.629923	-0.364837
64262	11.495964	0.881707	-1.795032	-0.184409	-1.429127	0.453040	0.307788	0.223320	0.924876	0.662847	-0.747683	-0.040053	0.682569	0.625379	-0.378155
64263	11.386916	1.024544	-2.523110	-0.224095	-1.436503	0.486388	0.320813	0.228424	0.919185	0.659438	-0.750490	-0.043654	0.679868	0.620150	-0.391399
64264	11.246963	0.851780	-3.205019	-0.377786	-1.441625	0.511699	0.333928	0.233493	0.913221	0.655194	-0.754010	-0.046792	0.677652	0.613962	-0.404769
64265	11.164146	0.358637	-3.769740	-0.514409	-1.395424	0.546493	0.346981	0.237712	0.907247	0.649591	-0.758660	-0.049659	0.676488	0.606570	-0.417656
64266	11.198981	0.228687	-4.016372	-0.584482	-1.307669	0.596617	0.359646	0.241076	0.901408	0.643528	-0.763618	-0.052532	0.675668	0.598974	-0.429771
64267	11.109869	0.406351	-4.119041	-0.578288	-1.173022	0.637923	0.371663	0.242977	0.896007	0.637002	-0.768845	-0.055734	0.675348	0.591472	-0.440528
64268	10.807299	1.062417	-4.322057	-0.601558	-0.997941	0.643414	0.382448	0.243904	0.891204	0.630510	-0.773954	-0.058759	0.675419	0.584385	-0.449781
64269	10.384794	1.794138	-4.374971	-0.724943	-0.747969	0.610362	0.391473	0.243295	0.887444	0.622872	-0.779947	-0.060940	0.677332	0.576620	-0.456870
64270	10.108029	2.445358	-4.028033	-0.943261	-0.432991	0.552999	0.397804	0.241465	0.885125	0.614278	-0.786692	-0.061465	0.681479	0.568164	-0.461276
64271	9.745768	2.568391	-3.683111	-1.263267	-0.074673	0.483416	0.401305	0.237820	0.884531	0.603296	-0.795265	-0.059891	0.689194	0.557669	-0.462620
64272	9.436367	1.858905	-3.825250	-1.565208	0.265764	0.420000	0.401936	0.233018	0.885523	0.590737	-0.804895	-0.056332	0.699627	0.545753	-0.461169
64273	9.164479	0.602507	-4.142116	-1.679949	0.591802	0.371371	0.400085	0.226617	0.888019	0.576978	-0.815106	-0.051940	0.712059	0.533148	-0.456864
64274	9.204491	-0.212673	-3.986699	-1.523664	0.913130	0.319098	0.395317	0.219206	0.892005	0.564761	-0.823867	-0.047829	0.724409	0.522677	-0.449488
64275	9.111034	-0.799811	-3.888611	-1.262585	1.222553	0.248876	0.387815	0.210638	0.897347	0.554253	-0.831162	-0.044434	0.736481	0.514589	-0.439084
64276	8.969831	-0.990261	-3.891544	-0.977896	1.501779	0.179497	0.377628	0.201477	0.903772	0.546304	-0.836545	-0.041775	0.747629	0.509509	-0.425971
64277	8.873204	-0.684952	-3.744629	-0.745701	1.766730	0.099349	0.364929	0.191565	0.911114	0.540086	-0.840679	-0.039565	0.758376	0.506518	-0.410250
64278	8.939478	-0.397587	-3.442985	-0.642534	1.998472	0.018730	0.349738	0.181327	0.919132	0.535105	-0.843970	-0.037113	0.768990	0.504812	-0.392197
64279	9.104737	-0.174591	-3.291874	-0.583288	2.213610	-0.080358	0.332194	0.170753	0.927626	0.530657	-0.846899	-0.034142	0.779776	0.503593	-0.371946
64280	9.303122	-0.236165	-3.247231	-0.543347	2.397024	-0.188152	0.312350	0.160311	0.936343	0.526989	-0.849329	-0.030382	0.790393	0.502932	-0.349770
64281	9.354495	-0.298060	-3.183344	-0.480348	2.572336	-0.292990	0.290401	0.149895	0.945092	0.524066	-0.851280	-0.026015	0.800638	0.502846	-0.325767
64282	9.540809	-0.265598	-3.072619	-0.428493	2.725997	-0.386909	0.266387	0.139506	0.953717	0.521681	-0.852883	-0.020957	0.810486	0.503118	-0.299975
64283	9.662749	-0.217403	-2.899006	-0.403856	2.853767	-0.462965	0.240742	0.129088	0.961966	0.519515	-0.854323	-0.015371	0.819846	0.503456	-0.272735
64284	9.829111	-0.239439	-2.875470	-0.371514	2.940658	-0.535318	0.213699	0.118879	0.969639	0.517656	-0.855540	-0.009196	0.828472	0.503905	-0.244366
64285	9.841504	-0.234072	-2.706749	-0.330600	3.012194	-0.574358	0.185507	0.108647	0.976618	0.516409	-0.856337	-0.002825	0.836008	0.504859	-0.214963
64286	9.846014	-0.147994	-2.548578	-0.266929	3.043894	-0.601384	0.156826	0.098444	0.982708	0.515182	-0.857073	0.003643	0.842611	0.505702	-0.185128
64287	9.984513	-0.134171	-2.365679	-0.191312	3.059066	-0.610616	0.127812	0.088192	0.987870	0.514465	-0.857453	0.009986	0.847933	0.506948	-0.154964
64288	9.862292	-0.155042	-2.082278	-0.064092	3.080100	-0.603428	0.098500	0.077746	0.992095	0.514585	-0.857289	0.016091	0.851763	0.508932	-0.124449
64289	9.540683	-0.156423	-1.843004	0.046381	3.050403	-0.568644	0.069393	0.067034	0.995335	0.515925	-0.856358	0.021705	0.853818	0.512012	-0.094010
64290	9.299611	-0.169717	-1.489492	0.144042	2.999068	-0.533325	0.040986	0.056223	0.997577	0.517430	-0.855301	0.026946	0.854743	0.515072	-0.064146
64291	9.118221	-0.016350	-1.276770	0.236961	2.926279	-0.505670	0.013262	0.045379	0.998882	0.519947	-0.853603	0.031876	0.854095	0.518943	-0.034915
64292	8.801077	0.325236	-0.835390	0.335362	2.826481	-0.477710	-0.013377	0.034754	0.999306	0.522786	-0.851677	0.036618	0.852359	0.522914	-0.006776
64293	8.469649	0.592192	-0.665354	0.321445	2.693486	-0.455147	-0.038642	0.024482	0.998953	0.525812	-0.849604	0.041161	0.849722	0.526852	0.019958
64294	8.222128	0.861920	-0.464569	0.259522	2.539965	-0.434860	-0.062513	0.014783	0.997935	0.527771	-0.848161	0.045625	0.847083	0.529533	0.045220
64295	8.126586	0.900584	-0.478126	0.144718	2.380830	-0.416036	-0.085070	0.005535	0.996360	0.529045	-0.847127	0.049876	0.844319	0.531362	0.069137
64296	8.256440	0.690072	-0.530754	0.032703	2.213779	-0.401695	-0.105892	-0.002804	0.994374	0.528912	-0.846961	0.053936	0.842045	0.531647	0.091169
64297	8.556533	0.508885	-0.601528	-0.000886	2.094195	-0.396865	-0.125629	-0.010624	0.992020	0.528638	-0.846872	0.057877	0.839500	0.531690	0.112008
64298	8.675338	0.425826	-0.593187	-0.000959	1.998315	-0.389720	-0.144468	-0.017919	0.989347	0.528077	-0.846947	0.061771	0.836818	0.531375	0.131819
64299	8.393741	0.027372	-0.223316	-0.039111	1.877975	-0.362936	-0.162135	-0.024927	0.986454	0.527459	-0.847068	0.065289	0.833966	0.530899	0.150487
64300	8.223104	-0.172700	0.098575	0.059963	1.733729	-0.328640	-0.178329	-0.031322	0.983472	0.527371	-0.846857	0.068654	0.830710	0.530898	0.167537
64301	7.994414	0.083926	0.444279	0.203036	1.561867	-0.305827	-0.192975	-0.037085	0.980503	0.528500	-0.845873	0.072022	0.826710	0.532094	0.182832
64302	7.939069	0.641511	0.821564	0.260256	1.353349	-0.248794	-0.205483	-0.042169	0.977752	0.530122	-0.844600	0.074983	0.822647	0.533735	0.195905
64303	7.955785	1.136926	1.352933	0.189676	1.124626	-0.149168	-0.215581	-0.046919	0.975358	0.531286	-0.843701	0.076843	0.819305	0.534760	0.206813
64304	7.842945	1.113940	1.593134	-0.007645	0.860317	-0.036581	-0.222846	-0.051184	0.973509	0.531114	-0.843775	0.077215	0.817470	0.534251	0.215216
64305	7.854647	0.767842	1.475451	-0.180282	0.574681	0.068474	-0.227246	-0.054820	0.972293	0.529719	-0.844746	0.076178	0.817164	0.532353	0.221004
64306	7.955199	0.105816	1.159450	-0.288225	0.296357	0.144194	-0.228936	-0.057588	0.971737	0.527662	-0.846211	0.074166	0.818023	0.529727	0.224115
64307	8.072870	-0.417482	0.712396	-0.298832	0.043647	0.202224	-0.228293	-0.059527	0.971771	0.525604	-0.847716	0.071549	0.819526	0.527100	0.224815
64308	8.336323	-0.714074	0.424680	-0.247000	-0.188993	0.255373	-0.225432	-0.060673	0.972368	0.524127	-0.848877	0.068545	0.821262	0.525096	0.223164
64309	8.509267	-0.632862	-0.102119	-0.111367	-0.420652	0.315421	-0.220383	-0.061137	0.973496	0.523842	-0.849312	0.065251	0.822813	0.524338	0.219200
64310	8.300699	-0.284534	-0.343593	-0.054917	-0.679734	0.386759	-0.212787	-0.060833	0.975203	0.524199	-0.849380	0.061395	0.824583	0.524264	0.212626
64311	8.131334	-0.280130	-0.513133	-0.086331	-0.925598	0.458710	-0.202798	-0.059873	0.977389	0.524368	-0.849598	0.056756	0.826989	0.524021	0.203692
64312	8.841861	-0.742460	-0.781288	-0.075545	-1.125178	0.509642	-0.190834	-0.058282	0.979891	0.524717	-0.849708	0.051650	0.829611	0.524022	0.192735
64313	11.811068	-0.291058	-0.348070	0.067095	-1.087358	0.491389	-0.179278	-0.056745	0.982161	0.526119	-0.849112	0.046977	0.831299	0.525156	0.182081
64314	16.228313	1.181660	0.748356	0.507606	-0.597291	0.353237	-0.172480	-0.056563	0.983388	0.530929	-0.846250	0.044447	0.829678	0.529775	0.175992
64315	17.385661	1.969122	1.894086	0.969520	-0.133997	0.269997	-0.169979	-0.058114	0.983733	0.539356	-0.840952	0.043516	0.824744	0.537979	0.174289
64316	13.214743	1.655404	2.740496	1.056210	-0.192576	0.384106	-0.166337	-0.060264	0.984226	0.548657	-0.835012	0.041597	0.819333	0.546922	0.171957
64317	8.816732	1.672842	3.371670	1.074337	-0.600953	0.524036	-0.158580	-0.061294	0.985442	0.558239	-0.828797	0.038283	0.814385	0.556182	0.165647
64318	7.959006	2.606976	3.238137	0.978387	-0.947954	0.520589	-0.147981	-0.060256	0.987153	0.566958	-0.823013	0.034754	0.810346	0.564817	0.155953
64319	8.830002	1.377169	1.948972	0.867217	-1.125819	0.457189	-0.136322	-0.057590	0.988989	0.574578	-0.817841	0.031576	0.807017	0.572556	0.144580
64320	9.889540	-0.515802	-0.423971	1.065870	-1.195400	0.458135	-0.124081	-0.054398	0.990780	0.583726	-0.811449	0.028551	0.802414	0.581887	0.132439
64321	10.815762	-1.452085	-2.197052	1.533463	-1.249709	0.512467	-0.111130	-0.051163	0.992488	0.596538	-0.802182	0.025443	0.794854	0.594884	0.119667
64322	10.991252	-0.396865	-1.825617	1.939848	-1.193860	0.530031	-0.098531	-0.048163	0.993968	0.612387	-0.790240	0.022414	0.784394	0.610902	0.107358
64323	10.077682	0.791169	-0.259018	1.905046	-1.068702	0.526679	-0.086991	-0.045661	0.995162	0.627688	-0.778229	0.019161	0.773589	0.626318	0.096360
64324	9.091588	1.135230	0.385521	1.517367	-1.000618	0.534028	-0.075943	-0.043442	0.996165	0.639772	-0.768413	0.015263	0.764803	0.638478	0.086148
64325	8.879953	1.037415	-0.490678	1.099107	-0.998199	0.593801	-0.064565	-0.041540	0.997049	0.648540	-0.761111	0.010287	0.758437	0.647290	0.076082
64326	9.326253	1.240820	-1.072665	0.669607	-0.964366	0.674541	-0.052910	-0.040370	0.997783	0.653981	-0.756500	0.004071	0.754659	0.652746	0.066427
64327	9.927676	1.166215	-1.020418	0.142039	-0.880980	0.734939	-0.041501	-0.040134	0.998332	0.655390	-0.755284	-0.003119	0.754149	0.654168	0.057648
64328	10.001468	0.321268	-0.986283	-0.418678	-0.801157	0.763223	-0.030489	-0.040658	0.998708	0.652481	-0.757727	-0.010928	0.757192	0.651304	0.049631
64329	9.857406	-0.870928	-1.321151	-0.731840	-0.759158	0.749651	-0.019897	-0.041387	0.998945	0.647111	-0.762166	-0.018688	0.762136	0.646057	0.041947
64330	9.881230	-1.564690	-1.592061	-0.745414	-0.727463	0.709685	-0.009796	-0.042111	0.999065	0.641497	-0.766684	-0.026026	0.767063	0.640642	0.034525
64331	9.752650	-2.023938	-1.500191	-0.602281	-0.704606	0.663140	-0.000182	-0.042662	0.999090	0.636904	-0.770247	-0.032774	0.770943	0.636318	0.027311
64332	9.785454	-2.211940	-1.293808	-0.400096	-0.712359	0.625623	0.009261	-0.042944	0.999035	0.633766	-0.772537	-0.039083	0.773469	0.633516	0.020062
64333	9.849069	-1.821841	-1.056795	-0.144904	-0.718499	0.569243	0.018385	-0.042748	0.998917	0.632571	-0.773210	-0.044732	0.774284	0.632708	0.012826
64334	9.609716	-1.460794	-0.591972	0.065945	-0.707686	0.525718	0.027156	-0.042310	0.998735	0.632943	-0.772586	-0.049939	0.773722	0.633499	0.005799
64335	9.554938	-0.918775	-0.004933	0.187535	-0.730417	0.497816	0.035918	-0.041473	0.998494	0.634240	-0.771189	-0.054847	0.772302	0.635254	-0.001396
64336	9.767490	-0.290738	0.827243	0.172275	-0.749109	0.482543	0.044728	-0.040405	0.998182	0.635356	-0.769913	-0.059635	0.770923	0.636869	-0.008765
64337	9.608749	-0.043124	1.447275	-0.004216	-0.757155	0.497040	0.053682	-0.039366	0.997782	0.635082	-0.769744	-0.064537	0.770577	0.637138	-0.016321
64338	9.346601	-0.231304	1.811823	-0.280657	-0.802414	0.508219	0.063059	-0.038155	0.997280	0.632603	-0.771350	-0.069511	0.771905	0.635266	-0.024503
64339	9.448918	-1.122099	1.561089	-0.437004	-0.855030	0.509452	0.072840	-0.036634	0.996671	0.628877	-0.773936	-0.074407	0.774085	0.632203	-0.033335
64340	9.635638	-1.309011	1.564575	-0.535554	-0.876170	0.500343	0.082736	-0.034971	0.995958	0.624319	-0.777150	-0.079151	0.776776	0.628344	-0.042465
64341	9.463211	-1.308323	1.408188	-0.626890	-0.898369	0.471332	0.092615	-0.032989	0.995155	0.619015	-0.780928	-0.083496	0.779899	0.623749	-0.051905
64342	9.430779	-1.321004	0.956538	-0.690744	-0.932300	0.439439	0.102576	-0.030616	0.994254	0.613171	-0.785096	-0.087436	0.783262	0.618617	-0.061759
64343	9.391662	-1.325437	0.501925	-0.708127	-0.969100	0.411605	0.112649	-0.027868	0.993244	0.607152	-0.789357	-0.091008	0.786560	0.613302	-0.072000
64344	9.547796	-1.170260	0.012915	-0.744393	-1.000812	0.394886	0.122891	-0.024862	0.992109	0.600804	-0.793814	-0.094313	0.789894	0.607653	-0.082615
64345	9.609062	-1.093362	-0.382319	-0.782807	-1.007395	0.359065	0.132965	-0.021616	0.990885	0.594125	-0.798486	-0.097143	0.793307	0.601626	-0.093328
64346	9.524382	-1.376896	-0.753074	-0.788169	-1.018045	0.342776	0.143051	-0.018244	0.989547	0.587371	-0.803151	-0.099719	0.796575	0.595496	-0.104176
64347	9.457787	-1.491036	-1.148784	-0.768569	-1.023457	0.320002	0.153043	-0.014745	0.988109	0.580737	-0.807676	-0.102000	0.799577	0.589442	-0.115046
64348	9.452961	-1.466028	-1.229520	-0.719896	-1.027625	0.306167	0.163010	-0.011173	0.986561	0.574473	-0.811875	-0.104115	0.802127	0.583725	-0.125925
64349	9.476447	-1.257322	-1.255111	-0.713143	-1.029779	0.287101	0.172880	-0.007518	0.984914	0.568236	-0.816013	-0.105970	0.804500	0.577984	-0.136800
64350	9.445182	-1.306964	-1.280950	-0.739143	-1.025833	0.281327	0.182703	-0.003898	0.983160	0.561767	-0.820262	-0.107646	0.806869	0.571974	-0.147675
64351	9.311135	-1.454349	-1.461023	-0.755754	-1.031145	0.260531	0.192447	-0.000165	0.981307	0.555139	-0.824583	-0.109009	0.809188	0.565741	-0.158597
64352	9.388688	-1.578728	-1.776923	-0.721001	-1.037895	0.246669	0.202187	0.003661	0.979340	0.548798	-0.828659	-0.110203	0.811136	0.559741	-0.169553
64353	9.712625	-1.394567	-1.921410	-0.684830	-1.015822	0.238562	0.211695	0.007343	0.977308	0.542712	-0.832511	-0.111302	0.812803	0.553959	-0.180223
64354	9.380847	-1.558884	-2.279623	-0.641848	-1.011240	0.234974	0.221159	0.010981	0.975176	0.536970	-0.836085	-0.112364	0.814096	0.548491	-0.190804
64355	9.332200	-1.544884	-2.593155	-0.565358	-1.013634	0.220150	0.230547	0.014675	0.972950	0.531832	-0.839228	-0.113363	0.814864	0.543581	-0.201287
64356	9.539689	-1.073783	-2.679655	-0.523415	-1.003732	0.217709	0.239852	0.018303	0.970637	0.527041	-0.842110	-0.114356	0.815291	0.538994	-0.211628
64357	9.464055	-0.846629	-2.673551	-0.529535	-0.982642	0.216404	0.248961	0.021758	0.968269	0.522162	-0.845021	-0.115269	0.815699	0.534291	-0.221738
64358	9.261680	-0.837050	-2.737215	-0.547716	-0.975074	0.211715	0.257987	0.025177	0.965820	0.517145	-0.847996	-0.116033	0.816090	0.529404	-0.231793
64359	9.268140	-0.696797	-2.635605	-0.548581	-0.980817	0.209583	0.267033	0.028580	0.963263	0.512101	-0.850958	-0.116715	0.816361	0.524455	-0.241870
64360	9.388277	-0.671427	-2.614142	-0.558348	-0.989739	0.202606	0.276117	0.032045	0.960590	0.506982	-0.853946	-0.117243	0.816535	0.519374	-0.252035
64361	9.365296	-0.777773	-2.540893	-0.558409	-0.985368	0.191225	0.285097	0.035527	0.957840	0.501875	-0.856909	-0.117598	0.816603	0.514243	-0.262132
64362	9.345210	-0.840714	-2.349874	-0.545119	-0.993189	0.189979	0.294127	0.039004	0.954970	0.496864	-0.859780	-0.117915	0.816466	0.509172	-0.272264
64363	9.283227	-0.969951	-2.141047	-0.548172	-1.003187	0.189181	0.303211	0.042474	0.951976	0.491807	-0.862650	-0.118155	0.816204	0.504014	-0.282454
64364	9.254782	-1.262834	-2.086577	-0.543971	-1.020052	0.191103	0.312441	0.045964	0.948825	0.486771	-0.865474	-0.118364	0.815742	0.498842	-0.292783
64365	9.305788	-1.451718	-2.116858	-0.502295	-1.041872	0.190296	0.321818	0.049499	0.945507	0.482049	-0.868076	-0.118628	0.814900	0.493957	-0.303223
64366	9.334479	-1.453158	-2.043042	-0.457961	-1.077978	0.203905	0.331546	0.053053	0.941946	0.477646	-0.870443	-0.119095	0.813592	0.489402	-0.313932
64367	9.401461	-1.293631	-1.782658	-0.445261	-1.108839	0.213180	0.341538	0.056607	0.938162	0.473280	-0.872750	-0.119638	0.812009	0.484874	-0.324868
64368	9.397729	-0.994423	-1.514451	-0.486478	-1.151205	0.227294	0.351919	0.060201	0.934093	0.468538	-0.875240	-0.120114	0.810324	0.479928	-0.336220
64369	9.388642	-0.850059	-1.166055	-0.565566	-1.183803	0.232914	0.362558	0.063807	0.929774	0.463081	-0.878112	-0.120313	0.808769	0.474181	-0.347915
64370	9.273391	-1.164733	-1.097321	-0.654407	-1.232151	0.241303	0.373597	0.067514	0.925131	0.456898	-0.881362	-0.120191	0.807260	0.467593	-0.360121
64371	9.415986	-1.392289	-1.469547	-0.676136	-1.286786	0.240613	0.385025	0.071340	0.920145	0.450472	-0.884702	-0.119904	0.805500	0.460665	-0.372769
64372	9.747024	-1.163331	-1.836278	-0.628558	-1.329620	0.239365	0.396764	0.075327	0.914825	0.444475	-0.887762	-0.119672	0.803132	0.454098	-0.385713
64373	9.911901	-0.605689	-2.156791	-0.601432	-1.373565	0.241241	0.408807	0.079347	0.909165	0.438610	-0.890699	-0.119486	0.800311	0.447615	-0.398926
64374	10.025009	0.080177	-2.227547	-0.613733	-1.419397	0.238687	0.421158	0.083551	0.903131	0.432712	-0.893629	-0.119115	0.797111	0.440962	-0.412513
64375	9.898521	0.208085	-2.217120	-0.680998	-1.471884	0.229802	0.433815	0.087895	0.896704	0.426238	-0.896843	-0.118300	0.793805	0.433530	-0.426528
64376	9.924782	0.038225	-2.229070	-0.699589	-1.531746	0.201450	0.446772	0.092695	0.889833	0.419806	-0.900038	-0.117020	0.790036	0.425839	-0.441026
64377	9.986662	-0.495611	-2.130726	-0.649366	-1.590136	0.161217	0.459920	0.097917	0.882545	0.413897	-0.902965	-0.115511	0.785597	0.418409	-0.455819
64378	10.111645	-0.988056	-2.156915	-0.551550	-1.658116	0.116385	0.473355	0.103776	0.874737	0.409033	-0.905379	-0.113933	0.780145	0.411728	-0.471013
64379	10.404995	-1.106698	-2.130248	-0.420211	-1.731568	0.089052	0.487130	0.109963	0.866379	0.405207	-0.907254	-0.112681	0.773635	0.405953	-0.486508
64380	10.727506	-0.805706	-1.755489	-0.336799	-1.814424	0.076460	0.501382	0.116617	0.857331	0.402235	-0.908706	-0.111629	0.766044	0.400817	-0.502516
64381	11.071264	-0.430965	-1.255496	-0.327048	-1.894064	0.077640	0.516096	0.123389	0.847597	0.399241	-0.910151	-0.110600	0.757794	0.395476	-0.518987
64382	11.313416	0.013592	-0.673733	-0.447240	-1.992534	0.099817	0.531482	0.130323	0.836984	0.395348	-0.912037	-0.109036	0.749151	0.388851	-0.536254
64383	11.781173	-0.086717	0.034548	-0.708920	-2.113697	0.104105	0.547599	0.137414	0.825380	0.389394	-0.914949	-0.106019	0.740613	0.379454	-0.554534
64384	12.978505	0.115964	0.635199	-0.899554	-2.219874	0.089404	0.564264	0.144921	0.812776	0.382276	-0.918442	-0.101631	0.731759	0.368051	-0.573643
64385	14.127768	1.107964	1.636770	-1.090225	-2.302317	0.109055	0.581359	0.152083	0.799307	0.373555	-0.922611	-0.096154	0.722826	0.354486	-0.593180
64386	14.651260	1.670641	3.137008	-1.305799	-2.387393	0.165078	0.599092	0.158860	0.784763	0.363205	-0.927397	-0.089539	0.713562	0.338672	-0.613295
64387	14.769707	2.716430	3.790820	-1.388206	-2.477435	0.247316	0.617500	0.164572	0.769162	0.351659	-0.932458	-0.082808	0.703584	0.321617	-0.633666
64388	14.405056	3.863764	3.580397	-1.489110	-2.588136	0.350830	0.636757	0.169410	0.752224	0.339068	-0.937700	-0.075839	0.692512	0.303346	-0.654529
64389	13.212104	3.581233	2.550369	-1.668390	-2.734157	0.466086	0.656997	0.172884	0.733803	0.324446	-0.943442	-0.068212	0.680507	0.282894	-0.675929
64390	12.040279	1.186492	0.388821	-1.694902	-2.906244	0.536349	0.678252	0.175755	0.713502	0.309455	-0.948994	-0.060404	0.666492	0.261766	-0.698045
64391	11.573398	-1.333402	-1.827142	-1.619065	-3.088786	0.579509	0.700298	0.177855	0.691340	0.294632	-0.954141	-0.052987	0.650211	0.240798	-0.720584
64392	12.668120	-3.230746	-1.965479	-1.648901	-3.213112	0.529709	0.722405	0.180211	0.667574	0.280299	-0.958882	-0.044472	0.632110	0.219247	-0.743214
64393	14.732462	-4.579250	-4.312435	-1.504879	-3.128752	0.424465	0.743002	0.182500	0.643927	0.267641	-0.962848	-0.035933	0.613447	0.199040	-0.764242
64394	15.463299	-2.737969	-6.571411	-1.317676	-2.831008	0.335403	0.760980	0.184679	0.621935	0.257163	-0.965967	-0.027820	0.595631	0.181110	-0.782575
64395	14.492402	-2.061545	-7.771461	-1.252306	-2.524410	0.241186	0.776371	0.186507	0.602049	0.247772	-0.968623	-0.019447	0.579532	0.164269	-0.798222
64396	12.391182	-2.398587	-8.929861	-1.340136	-2.171902	0.141766	0.789138	0.188548	0.584561	0.239000	-0.970973	-0.009459	0.565810	0.147175	-0.811295
64397	10.499900	-2.768022	-9.816891	-1.365458	-1.813342	0.012490	0.799285	0.190721	0.569885	0.231050	-0.972941	0.001553	0.554760	0.130430	-0.821723
64398	9.003203	-2.902815	-9.932457	-1.122419	-1.334568	-0.115345	0.806356	0.193528	0.558872	0.225809	-0.974104	0.011513	0.546627	0.116915	-0.829174
64399	7.197572	-1.589357	-10.307948	-0.551788	-0.928935	-0.226869	0.810856	0.196553	0.551252	0.224434	-0.974336	0.017279	0.540501	0.109709	-0.834160
64400	5.453633	-1.537056	-11.155211	-0.699013	-0.656332	-0.312262	0.813677	0.200323	0.545711	0.223220	-0.974451	0.024877	0.536752	0.101571	-0.837604
64401	3.541380	-1.898419	-11.063949	-0.563184	-0.292205	-0.364512	0.814398	0.203907	0.543302	0.222938	-0.974324	0.031494	0.535774	0.095474	-0.838946
64402	3.126904	-1.269277	-9.934077	-0.340770	0.005166	-0.406570	0.813445	0.207896	0.543218	0.224434	-0.973801	0.036604	0.536596	0.092141	-0.838793
64403	4.569778	-1.352879	-8.639404	-0.035490	0.389560	-0.409296	0.810399	0.211264	0.546463	0.227335	-0.973034	0.039041	0.539975	0.092591	-0.836573
64404	5.618079	-2.543453	-8.238368	0.192355	0.815650	-0.381171	0.805079	0.214235	0.553129	0.231473	-0.972036	0.039575	0.546140	0.096173	-0.832155
64405	5.986856	-3.903978	-8.688160	0.593047	1.174672	-0.354861	0.797757	0.216232	0.562874	0.237338	-0.970740	0.036540	0.554305	0.104441	-0.825735
64406	5.413741	-3.859124	-9.529441	1.262610	1.466559	-0.355084	0.788688	0.218064	0.574822	0.247220	-0.968548	0.028228	0.562898	0.119844	-0.817792
64407	4.469706	-2.849866	-9.784550	1.918018	1.677255	-0.350371	0.778264	0.218947	0.588529	0.260570	-0.965345	0.014557	0.571321	0.142024	-0.808345
64408	4.209510	-1.979511	-9.764278	2.403704	1.874395	-0.290776	0.766680	0.218862	0.603574	0.276658	-0.960964	-0.002964	0.579364	0.169256	-0.797302
64409	4.497889	-1.512468	-9.768153	2.745195	2.100314	-0.323998	0.753476	0.217775	0.620361	0.294870	-0.955265	-0.022801	0.587644	0.200106	-0.783985
