// General information: 
//  MT Manager version: 2022.2.0 
//  XDA version: 2022.2.0 build 7381 rev 124627 built on 2023-07-19
// Device information: 
//  DeviceId: 00B4CAF0
//  ProductCode: MTW2-3A7G6
//  Firmware Version: 4.6.0
//  Hardware Version: 2.0.0
// Device settings: 
//  Filter Profile: human(46.1)
//  Option Flags: Orientation Smoother Disabled, Position/Velocity Smoother Disabled, Continuous Zero Rotation Update Disabled, AHS Disabled, ICC Disabled
// Coordinate system: ENU
PacketCounter	Acc_X	Acc_Y	Acc_Z	Gyr_X	Gyr_Y	Gyr_Z	Mat[1][1]	Mat[2][1]	Mat[3][1]	Mat[1][2]	Mat[2][2]	Mat[3][2]	Mat[1][3]	Mat[2][3]	Mat[3][3]
03504	4.815650	0.056350	9.017105	0.003603	0.002686	0.002172	0.784608	0.403800	0.470463	-0.456738	0.889600	-0.001829	-0.419263	-0.213443	0.882418
03505	4.830677	0.042839	8.972809	0.007256	-0.002158	-0.000232	0.784599	0.403781	0.470494	-0.456745	0.889596	-0.001786	-0.419270	-0.213495	0.882402
03506	4.830752	0.043216	8.972767	0.004586	0.000513	0.006638	0.784565	0.403778	0.470554	-0.456759	0.889589	-0.001785	-0.419320	-0.213529	0.882369
03507	4.811426	0.029433	8.997389	0.006875	-0.004806	0.000393	0.784542	0.403759	0.470608	-0.456769	0.889583	-0.001748	-0.419350	-0.213588	0.882341
03508	4.843544	0.040935	9.004619	0.005080	-0.000396	0.001750	0.784525	0.403708	0.470681	-0.456733	0.889602	-0.001744	-0.419423	-0.213608	0.882302
03509	4.803766	0.061455	8.984749	0.005603	0.000505	0.004140	0.784508	0.403733	0.470688	-0.456768	0.889584	-0.001735	-0.419417	-0.213634	0.882298
03510	4.831173	0.044719	8.972533	0.005080	-0.000396	0.001750	0.784527	0.403684	0.470698	-0.456749	0.889594	-0.001663	-0.419401	-0.213686	0.882293
03511	4.824153	0.027723	9.029277	0.002841	-0.002608	0.003421	0.784500	0.403697	0.470732	-0.456767	0.889585	-0.001675	-0.419432	-0.213701	0.882275
03512	4.823576	0.076484	8.959856	0.006937	-0.000832	0.000704	0.784549	0.403617	0.470720	-0.456703	0.889618	-0.001611	-0.419411	-0.213715	0.882281
03513	4.831965	0.021600	9.006968	0.006238	-0.002151	0.002266	0.784529	0.403619	0.470750	-0.456726	0.889606	-0.001589	-0.419424	-0.213758	0.882265
03514	4.784579	0.073074	8.974428	0.001125	-0.003918	0.007481	0.784458	0.403630	0.470859	-0.456758	0.889590	-0.001609	-0.419521	-0.213806	0.882207
03515	4.824848	0.052737	8.994035	0.000397	-0.007048	0.001766	0.784420	0.403618	0.470933	-0.456752	0.889593	-0.001636	-0.419599	-0.213817	0.882167
03516	4.813250	0.055943	8.961536	0.005095	-0.010092	0.004140	0.784332	0.403585	0.471107	-0.456771	0.889583	-0.001617	-0.419742	-0.213920	0.882074
03517	4.774698	0.076102	8.941016	-0.001969	-0.017210	0.002814	0.784247	0.403560	0.471271	-0.456764	0.889587	-0.001669	-0.419910	-0.213951	0.881987
03518	4.816298	0.031434	8.994775	-0.000748	-0.014990	0.003640	0.784139	0.403520	0.471484	-0.456772	0.889582	-0.001680	-0.420102	-0.214043	0.881873
03519	4.802212	0.069451	9.003712	0.000791	-0.014099	0.003530	0.784063	0.403509	0.471620	-0.456781	0.889577	-0.001711	-0.420233	-0.214086	0.881800
03520	4.838819	0.045063	8.968410	-0.005640	-0.023873	0.000330	0.783976	0.403378	0.471876	-0.456674	0.889632	-0.001773	-0.420511	-0.214104	0.881663
03521	4.868210	0.027821	8.955090	0.004582	-0.020693	0.004135	0.783870	0.403358	0.472071	-0.456704	0.889617	-0.001773	-0.420677	-0.214207	0.881559
03522	4.862257	0.034864	8.976412	-0.000052	-0.013673	0.002076	0.783837	0.403275	0.472196	-0.456651	0.889644	-0.001760	-0.420796	-0.214249	0.881492
03523	4.868077	0.062890	8.995263	0.001106	-0.015429	0.002590	0.783759	0.403252	0.472344	-0.456655	0.889642	-0.001784	-0.420937	-0.214300	0.881412
03524	4.880172	-0.003420	8.965389	0.002012	-0.011881	0.004353	0.783699	0.403201	0.472488	-0.456642	0.889649	-0.001773	-0.421063	-0.214368	0.881336
03525	4.870261	0.062679	8.994082	-0.001845	-0.009263	0.003435	0.783644	0.403199	0.472581	-0.456639	0.889650	-0.001827	-0.421169	-0.214367	0.881285
03526	4.866453	0.034470	8.974139	0.002775	-0.006586	0.003104	0.783667	0.403137	0.472596	-0.456606	0.889667	-0.001757	-0.421161	-0.214413	0.881278
03527	4.879166	0.031491	9.006045	0.003223	0.000038	0.002793	0.783654	0.403149	0.472607	-0.456620	0.889660	-0.001763	-0.421171	-0.214420	0.881271
03528	4.906701	0.014737	8.993701	0.006554	-0.003482	0.001322	0.783651	0.403074	0.472675	-0.456578	0.889682	-0.001712	-0.421221	-0.214471	0.881235
03529	4.887193	0.001183	9.018483	0.005319	0.003996	-0.001893	0.783676	0.403052	0.472652	-0.456564	0.889689	-0.001677	-0.421190	-0.214481	0.881247
03530	4.894353	-0.005024	8.996496	0.009032	0.003124	-0.003988	0.783735	0.402931	0.472659	-0.456459	0.889743	-0.001612	-0.421194	-0.214486	0.881244
03531	4.770351	0.004224	8.952452	0.009623	0.008001	-0.001287	0.783774	0.402923	0.472600	-0.456468	0.889739	-0.001542	-0.421112	-0.214518	0.881276
03532	4.965866	0.099136	9.016004	0.008160	0.001386	0.001524	0.783773	0.402900	0.472623	-0.456507	0.889719	-0.001417	-0.421072	-0.214645	0.881264
03533	4.754291	0.044001	8.962447	0.008715	0.004451	-0.003052	0.783805	0.402869	0.472595	-0.456498	0.889723	-0.001346	-0.421022	-0.214684	0.881278
03534	4.876998	0.060744	8.972293	0.008541	0.004034	0.000899	0.783824	0.402836	0.472592	-0.456519	0.889713	-0.001221	-0.420963	-0.214790	0.881280
03535	4.817372	0.067485	8.977418	0.006160	0.003568	-0.000443	0.783841	0.402826	0.472573	-0.456520	0.889713	-0.001186	-0.420932	-0.214810	0.881291
03536	4.824698	0.060842	8.955346	0.003223	0.000039	0.002792	0.783890	0.402756	0.472550	-0.456445	0.889751	-0.001163	-0.420920	-0.214781	0.881303
03537	4.837047	0.057982	8.987448	0.003921	0.001357	0.001230	0.783890	0.402756	0.472550	-0.456449	0.889749	-0.001155	-0.420916	-0.214790	0.881303
03538	4.837084	0.058354	8.987426	0.006237	-0.002153	0.002260	0.783888	0.402713	0.472590	-0.456455	0.889746	-0.001065	-0.420914	-0.214881	0.881282
03539	4.804932	0.071865	8.945352	0.003539	-0.001290	0.001856	0.783874	0.402713	0.472613	-0.456462	0.889742	-0.001063	-0.420932	-0.214897	0.881269
03540	4.837476	0.058784	8.987212	0.002142	-0.003927	0.004980	0.783884	0.402641	0.472658	-0.456372	0.889788	-0.001105	-0.421011	-0.214842	0.881245
03541	4.825984	0.037642	8.989558	0.001234	-0.007477	0.003217	0.783838	0.402640	0.472736	-0.456380	0.889784	-0.001130	-0.421088	-0.214862	0.881203
03542	4.834100	0.030473	8.967062	-0.001463	-0.006613	0.002813	0.783732	0.402631	0.472919	-0.456420	0.889763	-0.001132	-0.421242	-0.214963	0.881105
03543	4.826862	0.061507	8.954174	0.002075	-0.007904	0.004668	0.783677	0.402642	0.473001	-0.456444	0.889752	-0.001156	-0.421319	-0.214992	0.881061
03544	4.828461	0.037377	8.988229	0.002574	-0.018515	0.002171	0.783604	0.402566	0.473187	-0.456438	0.889755	-0.001097	-0.421462	-0.215121	0.880961
03545	4.881677	0.038181	9.004658	-0.002755	-0.012811	0.001676	0.783542	0.402540	0.473312	-0.456417	0.889765	-0.001149	-0.421599	-0.215127	0.880894
03546	4.882671	0.038246	9.004119	0.004420	-0.009254	-0.001268	0.783522	0.402457	0.473415	-0.456395	0.889776	-0.001057	-0.421659	-0.215236	0.880839
03547	4.883602	0.038748	9.003612	0.006418	-0.011437	0.000696	0.783471	0.402424	0.473528	-0.456406	0.889771	-0.001024	-0.421744	-0.215318	0.880778
03548	4.879892	0.011174	8.983633	0.005643	-0.007034	-0.000443	0.783423	0.402368	0.473654	-0.456426	0.889761	-0.000923	-0.421810	-0.215465	0.880710
03549	4.869885	0.078023	9.012338	0.005576	-0.011011	-0.000755	0.783380	0.402323	0.473764	-0.456421	0.889763	-0.000890	-0.421896	-0.215539	0.880652
03550	4.873911	0.019367	9.004987	0.008407	-0.003921	0.000270	0.783340	0.402282	0.473864	-0.456461	0.889743	-0.000767	-0.421926	-0.215699	0.880598
03551	4.873807	0.044453	8.970103	0.011802	-0.003467	-0.000891	0.783329	0.402252	0.473908	-0.456481	0.889733	-0.000679	-0.421924	-0.215798	0.880574
03552	4.849511	0.027266	8.940599	0.005251	0.000017	-0.002209	0.783359	0.402149	0.473947	-0.456393	0.889778	-0.000641	-0.421965	-0.215804	0.880553
03553	4.799135	0.114677	8.949782	0.011591	-0.005699	-0.004216	0.783353	0.402085	0.474010	-0.456387	0.889781	-0.000539	-0.421981	-0.215910	0.880519
03554	4.870694	0.018733	8.949801	0.002255	-0.017188	0.003108	0.783336	0.401986	0.474123	-0.456323	0.889814	-0.000503	-0.422083	-0.215959	0.880459
03555	4.813459	0.112512	8.980824	0.005394	-0.001728	0.000804	0.783325	0.401975	0.474150	-0.456330	0.889811	-0.000479	-0.422097	-0.215994	0.880444
03556	4.896610	0.037326	8.978412	0.003020	-0.011893	0.001856	0.783314	0.401873	0.474255	-0.456251	0.889851	-0.000462	-0.422202	-0.216018	0.880387
03557	4.842325	0.095992	8.967746	0.004101	-0.007927	-0.000333	0.783282	0.401838	0.474337	-0.456243	0.889855	-0.000444	-0.422270	-0.216066	0.880343
03558	4.870496	0.079011	8.955039	0.000850	-0.010126	0.003842	0.783267	0.401785	0.474406	-0.456229	0.889862	-0.000389	-0.422312	-0.216134	0.880306
03559	4.832022	0.074925	8.969482	0.000007	-0.009700	0.002391	0.783215	0.401771	0.474504	-0.456225	0.889864	-0.000419	-0.422412	-0.216152	0.880253
03560	4.852963	0.064695	8.978818	0.001308	-0.013201	0.005917	0.783139	0.401733	0.474662	-0.456228	0.889863	-0.000416	-0.422552	-0.216229	0.880168
03561	4.861495	0.057663	8.956066	0.001334	-0.011041	-0.001047	0.783097	0.401685	0.474772	-0.456203	0.889876	-0.000419	-0.422656	-0.216265	0.880109
03562	4.850477	0.036531	8.958191	-0.000692	-0.011019	0.003953	0.783062	0.401630	0.474876	-0.456178	0.889889	-0.000401	-0.422748	-0.216314	0.880053
03563	4.883328	0.047347	8.964909	0.000006	-0.009701	0.002390	0.783010	0.401615	0.474974	-0.456174	0.889891	-0.000431	-0.422848	-0.216333	0.880000
03564	4.845040	0.043271	8.979276	0.000778	-0.014106	0.003528	0.782878	0.401582	0.475221	-0.456200	0.889877	-0.000441	-0.423065	-0.216450	0.879867
03565	4.873019	0.050296	8.931679	0.002702	-0.010566	0.002789	0.782820	0.401569	0.475326	-0.456211	0.889872	-0.000450	-0.423160	-0.216497	0.879809
03566	4.906448	0.037217	8.973039	0.000633	-0.012361	0.000514	0.782854	0.401462	0.475361	-0.456135	0.889910	-0.000374	-0.423179	-0.216536	0.879791
03567	4.855556	0.036446	8.955439	0.002557	-0.008821	-0.000224	0.782818	0.401426	0.475451	-0.456122	0.889917	-0.000370	-0.423261	-0.216574	0.879742
03568	4.880846	0.054902	8.984380	0.006793	-0.008795	0.000062	0.782845	0.401315	0.475499	-0.456049	0.889955	-0.000287	-0.423287	-0.216627	0.879716
03569	4.874234	0.062471	9.006105	0.004410	-0.009260	-0.001275	0.782812	0.401269	0.475593	-0.456035	0.889962	-0.000261	-0.423364	-0.216683	0.879666
03570	4.870107	0.058806	8.951379	0.003014	-0.011897	0.001850	0.782727	0.401175	0.475811	-0.455964	0.889998	-0.000315	-0.423597	-0.216707	0.879547
03571	4.863518	0.065906	8.973096	-0.000454	-0.006627	0.000313	0.782698	0.401149	0.475882	-0.455942	0.890010	-0.000339	-0.423676	-0.216709	0.879509
03572	4.898867	0.041761	8.938301	0.002771	-0.006589	0.003100	0.782654	0.401097	0.475997	-0.455923	0.890019	-0.000323	-0.423776	-0.216765	0.879447
03573	4.872141	0.058912	8.950271	0.000388	-0.007054	0.001763	0.782617	0.401082	0.476072	-0.455916	0.890023	-0.000347	-0.423854	-0.216777	0.879406
03574	4.892597	0.048805	8.959846	0.001614	-0.004832	0.002587	0.782570	0.401042	0.476183	-0.455915	0.890023	-0.000318	-0.423941	-0.216850	0.879346
03575	4.897786	0.076845	8.979013	-0.000310	-0.008373	0.003326	0.782519	0.401038	0.476269	-0.455917	0.890022	-0.000355	-0.424033	-0.216861	0.879299
03576	4.913568	0.038571	8.969137	0.001156	-0.001757	0.000512	0.782495	0.400989	0.476350	-0.455898	0.890032	-0.000326	-0.424097	-0.216911	0.879256
03577	4.886450	0.055972	8.981327	0.007920	-0.003011	0.005146	0.782459	0.401013	0.476389	-0.455949	0.890006	-0.000300	-0.424109	-0.216974	0.879235
03578	4.894093	0.049490	8.959025	0.007246	-0.002169	-0.000254	0.782494	0.400929	0.476403	-0.455907	0.890027	-0.000197	-0.424091	-0.217041	0.879227
03579	4.913934	0.039909	8.968931	0.004307	0.004005	0.000597	0.782508	0.400928	0.476380	-0.455907	0.890028	-0.000181	-0.424064	-0.217043	0.879239
03580	4.893671	0.050359	8.959250	0.005150	0.003578	0.002046	0.782551	0.400867	0.476360	-0.455851	0.890056	-0.000141	-0.424044	-0.217039	0.879250
03581	4.880800	0.053835	8.927408	0.006690	0.004470	0.001932	0.782562	0.400878	0.476334	-0.455871	0.890046	-0.000110	-0.424003	-0.217061	0.879264
03582	4.904844	0.072235	8.957015	0.004523	0.006239	0.003921	0.782554	0.400870	0.476354	-0.455884	0.890039	-0.000076	-0.424004	-0.217103	0.879254
03583	4.876242	0.113780	8.935008	0.006134	0.011109	0.004118	0.782582	0.400915	0.476269	-0.455919	0.890021	-0.000060	-0.423914	-0.217093	0.879299
03584	4.843817	0.102931	8.928092	0.002213	0.000050	0.005286	0.782592	0.400880	0.476282	-0.455885	0.890039	-0.000056	-0.423932	-0.217086	0.879292
03585	4.848692	0.106769	8.982416	-0.000412	0.004895	0.005198	0.782589	0.400921	0.476252	-0.455900	0.890031	-0.000103	-0.423921	-0.217043	0.879309
03586	4.863286	0.092095	8.938216	-0.004888	0.000476	0.008552	0.782538	0.400962	0.476303	-0.455960	0.890000	-0.000106	-0.423952	-0.217092	0.879281
03587	4.937808	0.046927	8.923538	-0.002506	0.000940	0.009888	0.782497	0.401036	0.476307	-0.456004	0.889978	-0.000193	-0.423981	-0.217047	0.879279
03588	4.850761	0.069703	8.941191	0.001030	0.009349	0.009345	0.782522	0.401059	0.476247	-0.456001	0.889979	-0.000216	-0.423936	-0.217000	0.879312
03589	4.886122	-0.003212	8.976368	-0.001880	-0.001721	0.008013	0.782479	0.401110	0.476275	-0.456033	0.889963	-0.000289	-0.423983	-0.216971	0.879296
03590	4.787187	0.022895	8.961641	0.003367	-0.001708	0.005798	0.782476	0.401078	0.476307	-0.456014	0.889972	-0.000270	-0.424008	-0.216992	0.879279
03591	4.792766	0.051110	8.980604	0.005076	-0.019807	0.006515	0.782362	0.401077	0.476494	-0.456063	0.889947	-0.000274	-0.424165	-0.217097	0.879177
03592	4.697188	0.164889	8.991234	0.003748	-0.028168	0.012340	0.782239	0.401013	0.476750	-0.456028	0.889965	-0.000345	-0.424430	-0.217141	0.879039
03593	4.708285	0.133710	9.002116	0.010599	-0.042696	0.015097	0.781989	0.401038	0.477138	-0.456167	0.889894	-0.000342	-0.424740	-0.217387	0.878828
03594	4.518215	0.360730	9.023077	-0.004541	-0.074512	0.027028	0.781591	0.401020	0.477806	-0.456249	0.889852	-0.000519	-0.425385	-0.217592	0.878465
03595	4.612513	0.222851	9.009573	-0.028019	-0.115684	0.036814	0.780931	0.401080	0.478834	-0.456394	0.889777	-0.000960	-0.426441	-0.217787	0.877905
03596	4.510569	0.122372	9.076559	-0.051839	-0.153394	0.040543	0.780125	0.401018	0.480197	-0.456390	0.889778	-0.001615	-0.427917	-0.217898	0.877159
03597	4.680567	0.007146	9.127691	-0.040095	-0.179937	0.040012	0.779171	0.400965	0.481787	-0.456506	0.889717	-0.002177	-0.429527	-0.218243	0.876285
03598	4.456158	0.120499	9.189345	-0.051398	-0.214088	0.048753	0.778017	0.400876	0.483724	-0.456632	0.889651	-0.002837	-0.431483	-0.218676	0.875216
03599	3.281830	-0.401102	9.757518	-0.092268	-0.284339	0.050110	0.776558	0.400683	0.486222	-0.456598	0.889665	-0.003905	-0.434139	-0.218975	0.873827
03600	2.278465	-1.065162	10.046628	0.100382	-0.637088	0.103114	0.773339	0.400136	0.491771	-0.457800	0.889048	-0.003468	-0.438596	-0.222451	0.870717
03601	3.905885	-0.058610	10.140930	0.159104	-0.881464	0.131350	0.768843	0.399303	0.499436	-0.459491	0.888178	-0.002754	-0.444688	-0.227369	0.866346
03602	4.592488	-0.853377	10.375874	0.217107	-1.049594	0.130552	0.763556	0.397997	0.508509	-0.461413	0.887184	-0.001538	-0.451753	-0.233458	0.861056
03603	4.131775	-0.665599	10.537765	0.403763	-1.115609	0.155219	0.757760	0.396707	0.518095	-0.464407	0.885621	0.001113	-0.458395	-0.241451	0.855322
03604	3.949938	-0.477489	10.623965	0.596302	-1.326971	0.228035	0.750567	0.395421	0.529425	-0.468849	0.883264	0.004989	-0.465649	-0.251965	0.848342
03605	4.295008	0.298392	10.693709	0.760793	-1.689477	0.334057	0.741047	0.393980	0.543718	-0.474893	0.879991	0.009600	-0.474685	-0.265322	0.839213
03606	4.884865	1.801423	11.034867	0.866570	-1.937100	0.450848	0.729527	0.392652	0.560013	-0.482354	0.875861	0.014252	-0.484897	-0.280521	0.828361
03607	5.276261	2.668393	11.094122	0.660460	-2.087650	0.580503	0.716457	0.391705	0.577283	-0.489768	0.871699	0.016367	-0.496806	-0.294461	0.816380
03608	5.571165	2.360363	10.404093	0.410224	-2.243163	0.687838	0.701759	0.390926	0.595576	-0.496687	0.867789	0.015638	-0.510721	-0.306789	0.803147
03609	5.728101	1.318403	9.861453	0.318281	-2.321613	0.772490	0.685868	0.390337	0.614184	-0.503671	0.863791	0.013485	-0.525262	-0.318595	0.789048
03610	4.611508	3.177148	11.213272	0.400147	-2.287644	0.874647	0.669224	0.390419	0.632228	-0.511764	0.859053	0.011221	-0.538736	-0.331061	0.774701
03611	3.003320	5.060222	12.808524	-0.120785	-2.156763	0.968407	0.652459	0.391484	0.648874	-0.517479	0.855686	0.004078	-0.553636	-0.338439	0.760885
03612	2.681842	4.029697	13.313517	-0.583071	-1.883965	0.872449	0.637322	0.392515	0.663139	-0.519860	0.854230	-0.006001	-0.568828	-0.340915	0.748472
03613	5.935696	0.437834	14.821435	-0.451850	-1.291687	0.495473	0.627328	0.392317	0.672716	-0.520374	0.853845	-0.012684	-0.579371	-0.342107	0.739792
03614	2.664894	0.485344	14.018849	0.064942	-0.320228	0.082274	0.625031	0.391904	0.675091	-0.521278	0.853292	-0.012729	-0.581038	-0.343954	0.737625
03615	-1.110323	1.831428	12.258427	0.299805	0.118359	-0.219656	0.626861	0.390420	0.674253	-0.521616	0.853132	-0.009046	-0.578759	-0.346031	0.738445
03616	-2.243223	1.848633	11.122374	0.228265	0.180605	-0.413155	0.630056	0.387532	0.672940	-0.520389	0.853917	-0.004525	-0.576389	-0.347340	0.739683
03617	-1.327890	0.240658	11.265594	0.184087	0.276381	-0.552420	0.634512	0.383753	0.670916	-0.517930	0.855423	0.000539	-0.573710	-0.347829	0.741533
03618	-0.496246	-0.839591	11.773574	0.291648	0.533758	-0.649765	0.640984	0.380109	0.666826	-0.515465	0.856882	0.007043	-0.568714	-0.348240	0.745180
03619	-0.321933	-1.158156	11.949936	0.414115	0.850631	-0.698441	0.649381	0.377065	0.660399	-0.513272	0.858099	0.014764	-0.561121	-0.348552	0.750770
03620	-0.222029	-1.206556	12.033125	0.445601	1.120343	-0.684872	0.659100	0.375174	0.651791	-0.511412	0.859036	0.022682	-0.551403	-0.348283	0.758060
03621	0.323400	-1.402657	11.966239	0.412385	1.361426	-0.632493	0.669759	0.374450	0.641257	-0.509435	0.859989	0.029903	-0.540277	-0.346706	0.766744
03622	0.798057	-1.621500	11.843192	0.379782	1.603109	-0.564372	0.681238	0.375186	0.628609	-0.507823	0.860682	0.036641	-0.527285	-0.344184	0.776858
03623	1.246391	-1.711484	11.770203	0.344773	1.818437	-0.496500	0.693214	0.377117	0.614196	-0.506180	0.861384	0.042412	-0.513065	-0.340295	0.788013
03624	1.868320	-1.684093	11.811871	0.293429	1.994513	-0.431576	0.705484	0.380267	0.598072	-0.504855	0.861895	0.047514	-0.497407	-0.335460	0.800033
03625	2.788988	-1.678283	12.061744	0.244960	2.185379	-0.385559	0.718114	0.384188	0.580269	-0.503285	0.862570	0.051748	-0.480641	-0.329201	0.812779
03626	3.605325	-1.473755	12.189500	0.205981	2.415625	-0.357886	0.731364	0.389095	0.560100	-0.501875	0.863144	0.055720	-0.461766	-0.321851	0.826549
03627	3.808247	-1.015023	12.044156	0.128885	2.623787	-0.340098	0.744922	0.394465	0.538041	-0.499924	0.864081	0.058648	-0.441777	-0.312668	0.840876
03628	3.630010	-0.580231	11.689863	0.016361	2.746108	-0.325769	0.758415	0.400304	0.514356	-0.497788	0.865175	0.060653	-0.420729	-0.302041	0.855429
03629	3.853995	-0.617246	11.478737	-0.084687	2.794826	-0.325989	0.771501	0.405739	0.490064	-0.494926	0.866753	0.061544	-0.399793	-0.290026	0.869511
03630	4.371969	-0.651797	11.439302	-0.123369	2.833345	-0.355935	0.784281	0.410941	0.464791	-0.492002	0.868351	0.062451	-0.377938	-0.277657	0.883215
03631	4.640487	-0.270651	11.318597	-0.130820	2.872527	-0.396390	0.796766	0.415268	0.438995	-0.488368	0.870356	0.063062	-0.355895	-0.264637	0.896274
03632	4.854578	0.195552	11.336537	-0.171078	2.882313	-0.436451	0.808754	0.419287	0.412450	-0.484679	0.872381	0.063542	-0.333171	-0.251296	0.908761
03633	5.466498	0.479353	11.544473	-0.234858	2.889168	-0.475978	0.820355	0.422168	0.385735	-0.480026	0.874969	0.063276	-0.310793	-0.237072	0.920437
03634	5.857189	0.630843	11.583334	-0.288212	2.934666	-0.534869	0.831656	0.424549	0.357919	-0.475005	0.877757	0.062555	-0.287608	-0.222038	0.931655
03635	5.793466	0.999423	11.484313	-0.346913	2.961447	-0.603634	0.842683	0.425570	0.329811	-0.468975	0.881077	0.061362	-0.264476	-0.206382	0.942051
03636	5.849919	0.952006	11.272386	-0.415811	2.940603	-0.676854	0.853180	0.425784	0.301317	-0.462487	0.884628	0.059487	-0.241225	-0.190108	0.951667
03637	6.310930	0.805097	11.073934	-0.436307	2.900386	-0.772916	0.863393	0.424196	0.273149	-0.454834	0.888717	0.057516	-0.218355	-0.173896	0.960251
03638	6.551176	0.940504	10.707860	-0.442128	2.862522	-0.856922	0.873089	0.421643	0.244810	-0.446756	0.892941	0.055372	-0.195254	-0.157715	0.967989
03639	6.149943	1.254339	10.149213	-0.510299	2.775626	-0.917712	0.882264	0.417567	0.217366	-0.437746	0.897564	0.052514	-0.173171	-0.141482	0.974677
03640	6.169374	1.058210	9.572261	-0.623364	2.606532	-0.960418	0.890593	0.412666	0.191182	-0.428433	0.902286	0.048212	-0.152605	-0.124846	0.980370
03641	6.188033	0.539078	8.979890	-0.669428	2.428116	-0.989391	0.898263	0.406539	0.166879	-0.418611	0.907129	0.043382	-0.133745	-0.108826	0.985022
03642	6.443743	0.018283	8.525206	-0.644121	2.232340	-0.977783	0.905017	0.400166	0.144265	-0.409209	0.911633	0.038379	-0.116158	-0.093768	0.988795
03643	6.593277	-0.775242	7.776771	-0.545356	2.030351	-0.912660	0.910908	0.393587	0.123840	-0.400321	0.915738	0.034179	-0.099953	-0.080709	0.991713
03644	6.516197	-0.843810	7.045306	-0.416084	1.814517	-0.776911	0.915594	0.388042	0.105407	-0.393032	0.919010	0.030773	-0.084929	-0.069604	0.993953
03645	6.728681	-0.968216	6.610439	-0.345728	1.552535	-0.572688	0.919051	0.383771	0.089808	-0.387496	0.921450	0.027869	-0.072058	-0.060413	0.995569
03646	7.469536	-1.216487	6.433586	-0.263166	1.304237	-0.340168	0.921160	0.381576	0.076580	-0.384376	0.922828	0.025369	-0.060990	-0.052805	0.996741
03647	8.122328	-1.122816	6.250232	-0.160417	1.183582	-0.097441	0.922198	0.381256	0.064766	-0.383378	0.923284	0.023814	-0.050719	-0.046791	0.997616
03648	7.704626	-0.799701	5.704480	-0.092229	1.074642	0.142164	0.922079	0.383223	0.053955	-0.384813	0.922716	0.022656	-0.041103	-0.041653	0.998286
03649	7.065201	-0.570493	4.927771	-0.046304	0.888491	0.373794	0.920967	0.387013	0.045179	-0.388231	0.921300	0.021984	-0.033116	-0.037786	0.998737
03650	6.748699	-0.130091	4.563960	0.006358	0.663961	0.556807	0.918930	0.392531	0.038568	-0.393501	0.919069	0.021675	-0.026939	-0.035094	0.999021
03651	6.619514	0.403130	4.531188	0.022800	0.423428	0.677906	0.916350	0.398890	0.034497	-0.399718	0.916383	0.021630	-0.022985	-0.033609	0.999171
03652	6.504256	0.860122	4.650258	0.009378	0.210007	0.742139	0.913351	0.405877	0.032478	-0.406632	0.913342	0.021351	-0.020998	-0.032708	0.999244
03653	6.270156	1.049180	4.794063	-0.017153	0.011628	0.752655	0.910270	0.412735	0.032533	-0.413483	0.910272	0.020910	-0.020984	-0.032486	0.999252
03654	6.180525	1.119364	4.927597	-0.020772	-0.192414	0.734724	0.907124	0.419443	0.034552	-0.420245	0.907182	0.020356	-0.022807	-0.032985	0.999196
03655	6.188053	1.407586	5.193778	-0.027593	-0.378420	0.693612	0.904098	0.425590	0.038484	-0.426511	0.904265	0.019801	-0.026373	-0.034316	0.999063
03656	6.357331	1.632651	5.334760	-0.076414	-0.549458	0.660516	0.901073	0.431422	0.044067	-0.432510	0.901436	0.018688	-0.031661	-0.035898	0.998854
03657	6.688725	1.550983	5.488301	-0.108448	-0.691748	0.622247	0.898125	0.436760	0.051100	-0.438061	0.898779	0.017283	-0.038379	-0.037907	0.998544
03658	7.206931	1.574066	5.544503	-0.118879	-0.810138	0.587457	0.895178	0.441749	0.059274	-0.443309	0.896231	0.015717	-0.046181	-0.040346	0.998118
03659	7.407451	1.710201	5.366673	-0.146334	-0.934829	0.569777	0.892167	0.446450	0.068699	-0.448318	0.893766	0.013867	-0.055210	-0.043170	0.997541
03660	8.100573	1.789044	5.228801	-0.189714	-1.112575	0.636957	0.888623	0.451626	0.079893	-0.453864	0.890997	0.011474	-0.066003	-0.046457	0.996737
03661	8.771414	1.651807	5.255305	-0.188398	-1.258936	0.780428	0.884151	0.457948	0.092527	-0.460637	0.887544	0.008899	-0.078046	-0.050490	0.995670
03662	-6.717848	-3.948557	14.762314	0.017842	-0.844495	1.148687	0.878133	0.467617	0.101080	-0.470724	0.882245	0.007964	-0.085453	-0.054574	0.994846
03663	-8.062455	0.364511	12.389312	1.541837	-2.020213	1.049891	0.871306	0.475506	0.121324	-0.481296	0.876280	0.022093	-0.095809	-0.077642	0.992367
03664	-12.512700	6.667941	22.512891	-0.314995	-1.876674	1.477760	0.862136	0.486886	0.140229	-0.493769	0.869427	0.017006	-0.113638	-0.083902	0.989973
03665	-0.046543	-1.403950	3.470464	-0.549766	-1.597642	1.402980	0.853184	0.497666	0.156225	-0.505122	0.862996	0.009466	-0.130111	-0.086989	0.987676
03666	-2.896599	4.579389	3.697618	0.330003	-3.416352	0.491829	0.845767	0.498610	0.189911	-0.509786	0.860220	0.011829	-0.157468	-0.106818	0.981730
03667	17.039629	5.336507	19.437678	0.555848	-3.257779	-0.236982	0.841444	0.492741	0.221763	-0.508719	0.860750	0.017731	-0.182146	-0.127735	0.974939
03668	6.598419	5.060757	11.816623	-0.085433	-1.603335	-0.297587	0.839937	0.488034	0.237335	-0.506021	0.862342	0.017585	-0.196082	-0.134867	0.971269
03669	6.349150	-1.101240	12.372764	-0.269154	-1.979991	-0.269113	0.837236	0.482960	0.256486	-0.503200	0.864029	0.015619	-0.214068	-0.142141	0.966422
03670	7.297212	-4.020854	12.287633	0.094031	-1.809623	-0.267675	0.834603	0.477916	0.273923	-0.501108	0.865213	0.017257	-0.228754	-0.151668	0.961597
03671	6.261990	-3.423098	11.339609	0.272916	-1.477682	-0.113919	0.831713	0.474611	0.288092	-0.500785	0.865336	0.020174	-0.239722	-0.161051	0.957390
03672	3.952543	-0.735201	10.447749	0.469952	-1.381365	-0.060298	0.828662	0.471732	0.301312	-0.501380	0.864871	0.024849	-0.248874	-0.171663	0.953202
03673	3.215042	3.096217	9.944147	0.399425	-1.471347	-0.121305	0.825534	0.468071	0.315282	-0.501377	0.864743	0.028999	-0.259065	-0.182015	0.948555
03674	3.655579	3.719246	9.801841	0.221944	-1.501053	-0.254116	0.822855	0.463007	0.329446	-0.499813	0.865545	0.031931	-0.270366	-0.190936	0.943634
03675	4.540519	1.280193	10.052631	0.106774	-1.514851	-0.345266	0.820391	0.457054	0.343599	-0.497257	0.866934	0.034077	-0.282303	-0.198813	0.938498
03676	6.130862	-0.864384	10.566257	0.134622	-1.419374	-0.265881	0.817654	0.451785	0.356836	-0.495393	0.867910	0.036295	-0.293304	-0.206451	0.933462
03677	7.062069	-0.432070	10.966577	0.258535	-1.158863	-0.189259	0.815145	0.447696	0.367569	-0.494602	0.868227	0.039368	-0.301509	-0.213891	0.929163
03678	6.387975	1.955024	10.807578	0.226748	-0.936711	-0.192804	0.813270	0.443899	0.376227	-0.493648	0.868637	0.042214	-0.308066	-0.220055	0.925566
03679	7.091425	2.795988	11.045738	0.075722	-0.783854	-0.192220	0.811779	0.440477	0.383399	-0.492306	0.869328	0.043623	-0.314084	-0.224162	0.922552
03680	8.387883	-0.021060	11.152983	-0.075331	-0.486659	-0.091557	0.810725	0.438469	0.387903	-0.491230	0.869952	0.043324	-0.318461	-0.225674	0.920681
03681	4.796210	-0.341051	9.602279	0.028277	-0.190298	-0.036268	0.810296	0.437712	0.389650	-0.491011	0.870056	0.043705	-0.319887	-0.226737	0.919925
03682	3.640386	1.259504	9.308062	0.018827	-0.296452	-0.017925	0.809467	0.436762	0.392432	-0.490829	0.870145	0.043991	-0.322259	-0.228226	0.918729
03683	4.905713	0.551290	9.613754	-0.052888	-0.318358	0.004876	0.808413	0.436066	0.395368	-0.490681	0.870254	0.043466	-0.325117	-0.229138	0.917494
03684	4.503760	0.065552	9.435213	-0.024911	-0.226489	0.027380	0.807575	0.435659	0.397522	-0.490720	0.870247	0.043174	-0.327133	-0.229938	0.916576
03685	3.986177	0.735981	9.232744	-0.024861	-0.245912	0.048634	0.806530	0.435504	0.399807	-0.491015	0.870102	0.042733	-0.329263	-0.230777	0.915603
03686	4.477928	0.701180	9.407681	-0.064099	-0.260561	0.067343	0.805373	0.435363	0.402285	-0.491244	0.870012	0.041921	-0.331742	-0.231383	0.914554
03687	4.559199	0.261930	9.451502	-0.059260	-0.226878	0.079472	0.804228	0.435517	0.404403	-0.491671	0.869814	0.041040	-0.333882	-0.231839	0.913660
03688	4.357602	0.488617	9.338524	-0.049433	-0.205376	0.093164	0.803118	0.435725	0.406382	-0.492152	0.869578	0.040256	-0.335840	-0.232332	0.912816
03689	4.248957	0.494920	9.297148	-0.071382	-0.214016	0.102671	0.801891	0.436108	0.408387	-0.492719	0.869307	0.039167	-0.337932	-0.232628	0.911968
03690	4.430140	0.396465	9.361677	-0.071958	-0.224570	0.102987	0.800657	0.436355	0.410539	-0.493199	0.869080	0.038134	-0.340151	-0.233010	0.911045
03691	4.497269	0.439393	9.322513	-0.062652	-0.203601	0.098701	0.799476	0.436726	0.412442	-0.493758	0.868806	0.037139	-0.342113	-0.233338	0.910227
03692	4.287447	0.295914	9.215426	-0.060490	-0.199339	0.100054	0.798333	0.437004	0.414358	-0.494248	0.868566	0.036220	-0.344069	-0.233711	0.909393
03693	4.095799	0.536932	9.049476	-0.059784	-0.214341	0.113395	0.797033	0.437475	0.416358	-0.494930	0.868220	0.035187	-0.346097	-0.234113	0.908520
03694	3.900242	0.725758	8.901198	-0.076465	-0.254429	0.141590	0.795483	0.437982	0.418783	-0.495689	0.867836	0.033946	-0.348567	-0.234590	0.907452
03695	3.673827	0.790395	8.757432	-0.106571	-0.327605	0.184613	0.793420	0.438802	0.421826	-0.496766	0.867288	0.032185	-0.351722	-0.235085	0.906105
03696	3.883909	0.628223	8.898220	-0.140805	-0.429487	0.221138	0.790837	0.439580	0.425847	-0.497916	0.866706	0.030020	-0.355888	-0.235777	0.904297
03697	4.332409	0.459975	9.013188	-0.160101	-0.485615	0.238827	0.787908	0.440490	0.430314	-0.499210	0.866043	0.027534	-0.360543	-0.236511	0.902259
03698	4.464437	0.310410	9.102216	-0.159632	-0.491599	0.234507	0.784988	0.441227	0.434871	-0.500371	0.865446	0.025127	-0.365271	-0.237322	0.900142
03699	4.618300	0.216127	9.258677	-0.159623	-0.508331	0.220328	0.782016	0.441912	0.439506	-0.501493	0.864864	0.022711	-0.370076	-0.238170	0.897953
03700	5.002939	-0.044084	9.452336	-0.135254	-0.486217	0.180334	0.779335	0.442186	0.443970	-0.502296	0.864447	0.020747	-0.374614	-0.239173	0.895802
03701	5.012511	-0.014558	9.425876	-0.120648	-0.425250	0.134164	0.777059	0.442314	0.447814	-0.502868	0.864153	0.019051	-0.378553	-0.239995	0.893924
03702	4.862334	0.079124	9.350732	-0.103844	-0.390228	0.100716	0.775103	0.442119	0.451381	-0.503152	0.864016	0.017716	-0.382168	-0.240846	0.892155
03703	4.715964	0.227361	9.261186	-0.096433	-0.373729	0.070595	0.773314	0.441815	0.454737	-0.503310	0.863948	0.016520	-0.385570	-0.241649	0.890473
03704	4.708667	0.230187	9.167852	-0.103591	-0.388343	0.050646	0.771588	0.441188	0.458263	-0.503200	0.864033	0.015411	-0.389155	-0.242489	0.888683
03705	4.644617	0.204743	9.037864	-0.117755	-0.392495	0.041467	0.769846	0.440580	0.461765	-0.503040	0.864147	0.014158	-0.392795	-0.243186	0.886889
03706	4.791812	0.242542	8.871269	-0.175310	-0.453872	0.059085	0.767789	0.439861	0.465857	-0.502701	0.864372	0.012375	-0.397230	-0.243688	0.884774
03707	4.699913	0.276594	9.033152	-0.189389	-0.410642	0.069065	0.765803	0.439443	0.469506	-0.502455	0.864541	0.010362	-0.401354	-0.243841	0.882868
03708	4.471789	0.372512	8.716893	-0.290187	-0.465962	0.063242	0.763636	0.438730	0.473683	-0.501666	0.865028	0.007550	-0.406437	-0.243396	0.880663
03709	4.985740	0.260407	8.934398	-0.290293	-0.485637	0.061113	0.761344	0.438064	0.477970	-0.500925	0.865478	0.004689	-0.411618	-0.242997	0.878364
03710	5.183997	-0.079342	9.047841	-0.309907	-0.418813	0.046999	0.759409	0.437328	0.481708	-0.499897	0.866083	0.001792	-0.416415	-0.242165	0.876330
03711	5.046362	0.173299	9.008373	-0.246364	-0.351706	0.037546	0.757750	0.436789	0.484800	-0.499131	0.866526	-0.000562	-0.420337	-0.241553	0.874625
03712	5.426955	-0.824163	9.360424	-0.291766	-0.416719	-0.001118	0.756026	0.435649	0.488502	-0.497787	0.867294	-0.003060	-0.425008	-0.240857	0.872557
03713	5.866259	-0.584181	9.106580	-0.108253	-0.209614	-0.035570	0.755310	0.434821	0.490343	-0.497037	0.867721	-0.003846	-0.427153	-0.240814	0.871521
03714	4.428609	0.190371	8.861223	-0.223434	-0.195118	-0.039937	0.754702	0.433885	0.492106	-0.495680	0.868488	-0.005553	-0.429797	-0.239736	0.870518
03715	5.393492	-0.234607	9.062330	-0.127987	-0.280462	-0.029660	0.753640	0.432940	0.494560	-0.494884	0.868934	-0.006535	-0.432570	-0.239824	0.869119
03716	5.072253	-0.007457	8.838598	-0.142242	-0.179572	-0.026171	0.753021	0.432162	0.496181	-0.493971	0.869445	-0.007599	-0.434687	-0.239377	0.868186
03717	4.950707	0.091603	8.991070	-0.166979	-0.193327	-0.003769	0.752197	0.431653	0.497872	-0.493195	0.869872	-0.009045	-0.436989	-0.238744	0.867204
03718	5.110751	0.029306	8.880040	-0.145583	-0.169713	0.021833	0.751374	0.431319	0.499400	-0.492624	0.870181	-0.010373	-0.439043	-0.238222	0.866309
03719	5.022434	-0.017446	8.986408	-0.117617	-0.169765	0.044620	0.750408	0.431288	0.500878	-0.492421	0.870280	-0.011630	-0.440920	-0.237916	0.865440
03720	4.527471	-0.728606	9.496332	-0.015902	-0.180856	0.078512	0.749250	0.431423	0.502492	-0.492843	0.870034	-0.012120	-0.442414	-0.238569	0.864497
03721	4.323603	-0.831235	9.401265	0.092965	-0.340982	0.046712	0.747507	0.430997	0.505444	-0.493584	0.869621	-0.011568	-0.444530	-0.240832	0.862782
03722	4.755351	-1.000864	9.424139	0.164210	-0.466693	-0.022246	0.745563	0.429563	0.509522	-0.494060	0.869370	-0.010003	-0.447260	-0.244276	0.860400
03723	4.679064	-0.775226	9.457319	0.255444	-0.559766	-0.072188	0.743408	0.427540	0.514349	-0.494648	0.869062	-0.007454	-0.450188	-0.248880	0.857549
03724	4.547736	-1.012198	9.526478	0.388825	-0.675146	-0.109799	0.740922	0.424789	0.520182	-0.495509	0.868596	-0.003531	-0.453327	-0.255138	0.854048
03725	4.368898	-0.595121	9.700381	0.513198	-0.847494	-0.130446	0.737712	0.421445	0.527414	-0.496859	0.867830	0.001510	-0.457070	-0.263165	0.849607
03726	4.240311	-0.559293	9.723439	0.670914	-1.006655	-0.145141	0.733829	0.417401	0.535977	-0.498800	0.866680	0.007987	-0.461187	-0.273207	0.844195
03727	4.049097	-0.321354	9.681086	0.867539	-1.276533	-0.163547	0.728728	0.412400	0.546701	-0.501605	0.864946	0.016152	-0.466206	-0.285999	0.837172
03728	3.983762	0.214651	10.216888	1.098243	-1.544570	-0.140768	0.722205	0.406569	0.559572	-0.505674	0.862330	0.026097	-0.471926	-0.301808	0.828371
03729	3.196407	-0.261738	10.410519	1.330936	-1.910893	-0.142998	0.713847	0.399372	0.575260	-0.510953	0.858775	0.037846	-0.478905	-0.320947	0.817094
03730	1.710520	-0.369419	11.475747	1.529912	-2.537612	-0.187727	0.702537	0.389270	0.595743	-0.516981	0.854456	0.051337	-0.489052	-0.344054	0.801533
03731	1.431764	-0.773063	11.111702	1.588833	-3.409814	-0.274673	0.687024	0.374727	0.622557	-0.522945	0.849841	0.065564	-0.504507	-0.370607	0.779823
03732	1.856383	-0.212094	11.373760	1.533019	-4.392443	-0.237306	0.665632	0.355785	0.656011	-0.529220	0.844818	0.078797	-0.526175	-0.399624	0.750626
03733	3.257878	-0.145444	11.623556	1.298112	-5.298978	-0.095185	0.637517	0.333011	0.694749	-0.535589	0.839782	0.088938	-0.553820	-0.428800	0.713732
03734	4.069567	0.194242	12.144749	1.152395	-5.806607	0.103290	0.603919	0.308169	0.735060	-0.542793	0.834343	0.096162	-0.583658	-0.457060	0.671148
03735	3.433058	0.280807	10.595572	1.149276	-6.393293	0.149557	0.564777	0.279257	0.776558	-0.550534	0.828502	0.102458	-0.614768	-0.485387	0.621659
03736	3.897591	0.923025	10.127251	1.159017	-7.443006	0.224973	0.516450	0.243967	0.820829	-0.559121	0.822095	0.107446	-0.648585	-0.514433	0.560978
03737	7.781741	1.126868	10.954385	1.202436	-8.963125	-0.005217	0.456650	0.196438	0.867688	-0.567098	0.815754	0.113775	-0.685471	-0.544020	0.483914
03738	15.405384	2.732582	13.467374	1.275608	-9.646011	-0.204124	0.390022	0.141065	0.909936	-0.575250	0.808955	0.121156	-0.719007	-0.570694	0.396658
03739	18.430360	4.578661	14.290823	0.248594	-8.981152	-0.321894	0.325872	0.086603	0.941439	-0.575901	0.807903	0.125025	-0.749764	-0.582917	0.313148
03740	24.359767	3.298795	17.706543	0.019855	-8.644850	-0.461801	0.262608	0.032318	0.964361	-0.574756	0.808024	0.129434	-0.775044	-0.588263	0.230768
03741	16.081839	4.936949	18.838333	-0.725107	-7.021412	-0.599645	0.210858	-0.013699	0.977421	-0.567616	0.812342	0.133836	-0.795834	-0.583020	0.163514
03742	7.785567	1.006746	17.771382	-0.547407	-6.996010	-0.816439	0.159275	-0.060753	0.985363	-0.561806	0.815152	0.141070	-0.811791	-0.576052	0.095701
03743	-0.052546	-0.779779	18.624154	-0.125196	-6.188713	-0.791660	0.113172	-0.102700	0.988253	-0.559683	0.815236	0.148813	-0.820943	-0.569950	0.034782
03744	-3.486150	-9.688138	6.182145	1.082735	-6.339692	-0.334312	0.063128	-0.141380	0.987941	-0.568445	0.808552	0.152031	-0.820295	-0.571188	-0.029324
03745	33.907246	1.011772	25.686603	3.152795	-7.119361	0.465592	0.002556	-0.178849	0.983873	-0.594201	0.791075	0.145345	-0.804313	-0.584990	-0.104250
03746	28.499441	7.576360	28.624928	1.760844	-0.689029	0.972266	-0.008628	-0.174975	0.984535	-0.608493	0.782218	0.133686	-0.793512	-0.597929	-0.113219
03747	12.543310	9.571868	24.600409	0.457459	1.818878	1.344105	-0.002425	-0.153545	0.988139	-0.612023	0.781688	0.119963	-0.790836	-0.604473	-0.095869
03748	-2.732055	6.695843	14.268426	-0.809771	2.763647	1.462225	0.010808	-0.124990	0.992099	-0.605992	0.788386	0.105927	-0.795397	-0.602349	-0.067222
03749	-4.489371	2.974555	10.498550	-1.352727	2.304337	1.521890	0.020081	-0.099145	0.994870	-0.595394	0.798200	0.091563	-0.803183	-0.594178	-0.043002
03750	-2.041175	0.413017	8.676708	-1.251033	2.209498	1.418878	0.029737	-0.074283	0.996794	-0.586016	0.806576	0.077590	-0.809754	-0.586444	-0.019546
03751	0.183247	-0.135597	8.338313	-0.803843	2.513584	1.204681	0.043112	-0.049868	0.997825	-0.579909	0.812033	0.065638	-0.813540	-0.581477	0.006089
03752	1.403396	0.757850	8.483750	-0.359556	3.022904	0.968823	0.062306	-0.023951	0.997770	-0.577887	0.814219	0.055631	-0.813735	-0.580064	0.036890
03753	1.325572	2.569453	8.402837	-0.196598	3.569588	0.765589	0.086904	0.002960	0.996212	-0.576838	0.815453	0.047897	-0.812223	-0.578816	0.072573
03754	1.039534	3.813598	8.146297	-0.379415	3.968451	0.611822	0.115764	0.031391	0.992781	-0.574795	0.817261	0.041183	-0.810068	-0.575413	0.112653
03755	1.125888	3.600996	7.894596	-0.708900	4.247164	0.473889	0.147424	0.059539	0.987280	-0.569659	0.821112	0.035545	-0.808551	-0.567653	0.154968
03756	1.950742	2.342064	7.837399	-0.929991	4.459222	0.309403	0.181848	0.087738	0.979405	-0.563085	0.825834	0.030568	-0.806143	-0.557046	0.199580
03757	3.043510	1.000109	8.053660	-0.937019	4.716247	0.139264	0.218991	0.114861	0.968943	-0.555806	0.830869	0.027124	-0.801949	-0.544484	0.245793
03758	4.101151	0.041429	8.218615	-0.783244	4.992049	0.000567	0.258973	0.142359	0.955336	-0.550001	0.834798	0.024698	-0.793997	-0.531832	0.294488
03759	5.303512	-0.511522	8.652681	-0.567483	5.257248	-0.067266	0.300783	0.169412	0.938525	-0.545317	0.837900	0.023518	-0.782406	-0.518868	0.344409
03760	6.594746	-0.855866	8.956654	-0.302416	5.537362	-0.043799	0.344004	0.198121	0.917829	-0.543304	0.839235	0.022475	-0.765821	-0.506391	0.396340
03761	7.759886	-0.674074	9.229892	-0.058743	5.796559	0.065552	0.387441	0.227652	0.893345	-0.543078	0.839404	0.021625	-0.744954	-0.493534	0.448852
03762	8.714403	-0.424318	9.546154	0.118502	6.017703	0.228326	0.430327	0.259607	0.864536	-0.545369	0.837961	0.019833	-0.719299	-0.480026	0.502179
03763	9.538792	-0.309682	9.859292	0.249440	6.196635	0.389588	0.471868	0.292151	0.831859	-0.548865	0.835721	0.017834	-0.689991	-0.464994	0.554701
03764	10.323140	-0.329264	9.872457	0.390560	6.330064	0.520375	0.511622	0.326191	0.794885	-0.554554	0.832003	0.015511	-0.656287	-0.448742	0.606562
03765	11.060247	0.718063	9.919809	0.577560	6.414135	0.604356	0.549159	0.359443	0.754470	-0.561427	0.827400	0.014460	-0.619052	-0.431520	0.656175
03766	11.436962	2.829915	10.326178	0.559435	6.433502	0.581016	0.584369	0.392149	0.710445	-0.568568	0.822523	0.013655	-0.579003	-0.411916	0.703620
03767	11.352906	4.006491	11.020585	0.296348	6.365702	0.377770	0.617806	0.420732	0.664305	-0.572481	0.819812	0.013189	-0.539056	-0.388450	0.747346
03768	11.713165	3.797952	12.368476	-0.028661	6.205460	0.036477	0.649726	0.445026	0.616285	-0.573035	0.819437	0.012406	-0.499486	-0.361214	0.787425
03769	13.197735	1.712900	14.011385	-0.170423	6.031947	-0.401826	0.680975	0.462651	0.567651	-0.569530	0.821861	0.013390	-0.460335	-0.332412	0.823161
03770	16.186439	-0.508265	15.254652	0.119777	5.985699	-0.813075	0.711734	0.475717	0.516845	-0.564845	0.824990	0.018491	-0.417595	-0.305098	0.855880
03771	19.891535	0.129318	16.280602	0.608434	6.095756	-1.076233	0.741790	0.484681	0.463500	-0.559408	0.828384	0.029043	-0.369879	-0.280829	0.885621
