// General information: 
//  MT Manager version: 2022.2.0 
//  XDA version: 2022.2.0 build 7381 rev 124627 built on 2023-07-19
// Device information: 
//  DeviceId: 00B4CAF0
//  ProductCode: MTW2-3A7G6
//  Firmware Version: 4.6.0
//  Hardware Version: 2.0.0
// Device settings: 
//  Filter Profile: human(46.1)
//  Option Flags: Orientation Smoother Disabled, Position/Velocity Smoother Disabled, Continuous Zero Rotation Update Disabled, AHS Disabled, ICC Disabled
// Coordinate system: ENU
PacketCounter	Acc_X	Acc_Y	Acc_Z	Gyr_X	Gyr_Y	Gyr_Z	Mat[1][1]	Mat[2][1]	Mat[3][1]	Mat[1][2]	Mat[2][2]	Mat[3][2]	Mat[1][3]	Mat[2][3]	Mat[3][3]
08720	4.576156	0.179144	9.124416	0.000734	0.000159	0.005270	-0.735343	-0.503828	0.453242	0.573028	-0.819317	0.018925	0.361814	0.273637	0.891187
08721	4.583445	0.124337	9.101978	0.004819	0.005348	0.003087	-0.735309	-0.503855	0.453266	0.573023	-0.819323	0.018817	0.361890	0.273568	0.891177
08722	4.582975	0.137782	9.122593	0.002142	0.000306	0.003197	-0.735299	-0.503846	0.453292	0.573028	-0.819319	0.018833	0.361902	0.273597	0.891163
08723	4.630131	0.147878	9.087579	0.002018	0.004071	0.003904	-0.735296	-0.503899	0.453239	0.573068	-0.819292	0.018830	0.361847	0.273582	0.891190
08724	4.595544	0.168310	9.132349	0.002018	0.004071	0.003904	-0.735296	-0.503906	0.453232	0.573078	-0.819284	0.018841	0.361832	0.273591	0.891194
08725	4.615948	0.143930	9.119398	0.001384	0.001623	0.002922	-0.735333	-0.503906	0.453172	0.573083	-0.819279	0.018904	0.361749	0.273606	0.891222
08726	4.608620	0.172203	9.101093	0.002760	0.003738	0.007508	-0.735311	-0.503941	0.453169	0.573122	-0.819252	0.018906	0.361732	0.273623	0.891224
08727	4.581583	0.137783	9.123292	0.004169	0.003884	0.005435	-0.735286	-0.504010	0.453132	0.573171	-0.819218	0.018871	0.361703	0.273597	0.891244
08728	4.628300	0.161264	9.108887	0.002669	0.005534	0.001555	-0.735305	-0.504002	0.453111	0.573166	-0.819221	0.018899	0.361673	0.273604	0.891254
08729	4.614604	0.144089	9.120076	0.001376	0.002115	0.004586	-0.735290	-0.504054	0.453076	0.573202	-0.819197	0.018872	0.361645	0.273580	0.891272
08730	4.593472	0.168484	9.133388	0.003296	0.008474	0.004201	-0.735304	-0.504076	0.453029	0.573219	-0.819184	0.018893	0.361590	0.273577	0.891296
08731	4.606531	0.172444	9.102146	0.000626	0.002940	0.002646	-0.735333	-0.504044	0.453018	0.573179	-0.819213	0.018891	0.361596	0.273551	0.891301
08732	4.593201	0.141977	9.092770	0.003534	0.001436	0.004453	-0.735320	-0.504048	0.453034	0.573198	-0.819199	0.018913	0.361592	0.273585	0.891293
08733	4.626630	0.161352	9.109734	-0.000766	0.001809	0.001390	-0.735344	-0.504016	0.453030	0.573151	-0.819232	0.018888	0.361617	0.273544	0.891295
08734	4.592592	0.155133	9.113455	0.002760	0.003738	0.007507	-0.735322	-0.504052	0.453026	0.573190	-0.819205	0.018890	0.361600	0.273560	0.891297
08735	4.592408	0.155223	9.113547	0.003551	0.000452	0.001123	-0.735318	-0.504014	0.453075	0.573147	-0.819235	0.018849	0.361675	0.273538	0.891273
08736	4.605794	0.159356	9.082140	0.004169	0.003884	0.005434	-0.735309	-0.504033	0.453069	0.573176	-0.819215	0.018872	0.361649	0.273565	0.891276
08737	4.591970	0.155311	9.113766	-0.002174	0.001664	0.003463	-0.735347	-0.503997	0.453046	0.573130	-0.819247	0.018875	0.361644	0.273534	0.891287
08738	4.605365	0.159156	9.082361	0.004927	0.002567	0.005709	-0.735332	-0.504015	0.453052	0.573163	-0.819223	0.018904	0.361623	0.273574	0.891284
08739	4.591429	0.155293	9.114039	0.001262	0.005388	0.003627	-0.735357	-0.503966	0.453065	0.573088	-0.819277	0.018842	0.361690	0.273502	0.891278
08740	4.591154	0.155253	9.114178	0.002134	0.000798	0.004861	-0.735340	-0.503972	0.453087	0.573105	-0.819265	0.018850	0.361698	0.273528	0.891267
08741	4.591079	0.155162	9.114217	-0.000016	0.000985	0.003329	-0.735363	-0.503925	0.453102	0.573051	-0.819303	0.018834	0.361736	0.273501	0.891260
08742	4.604238	0.172245	9.103309	0.002761	0.003738	0.007506	-0.735341	-0.503960	0.453098	0.573090	-0.819276	0.018836	0.361720	0.273517	0.891262
08743	4.611162	0.130532	9.101448	-0.000130	0.004257	0.002370	-0.735371	-0.504005	0.452999	0.573123	-0.819252	0.018877	0.361606	0.273506	0.891311
08744	4.549285	0.177108	9.099840	0.002020	0.004070	0.003902	-0.735372	-0.504012	0.452991	0.573132	-0.819245	0.018889	0.361591	0.273514	0.891315
08745	4.590092	0.141439	9.094348	-0.000032	0.001970	0.006658	-0.735388	-0.503952	0.453031	0.573059	-0.819298	0.018835	0.361675	0.273465	0.891296
08746	4.589876	0.141253	9.094461	0.000627	0.002940	0.002645	-0.735391	-0.503946	0.453033	0.573054	-0.819301	0.018840	0.361676	0.273467	0.891295
08747	4.589651	0.141178	9.094575	0.001376	0.002115	0.004585	-0.735419	-0.503886	0.453054	0.572992	-0.819344	0.018834	0.361717	0.273447	0.891284
08748	4.602371	0.184935	9.124637	0.002777	0.002753	0.004177	-0.735412	-0.503892	0.453058	0.573006	-0.819334	0.018850	0.361707	0.273468	0.891282
08749	4.602517	0.171734	9.104189	0.002899	-0.001012	0.003471	-0.735424	-0.503845	0.453091	0.572966	-0.819363	0.018850	0.361748	0.273468	0.891265
08750	4.589207	0.154448	9.115172	0.001474	-0.000172	0.008873	-0.735381	-0.503881	0.453122	0.573009	-0.819332	0.018834	0.361767	0.273493	0.891250
08751	4.622769	0.160475	9.111709	0.002672	0.005533	0.001553	-0.735391	-0.503939	0.453041	0.573053	-0.819302	0.018848	0.361679	0.273477	0.891291
08752	4.588665	0.154257	9.115448	-0.001433	0.001332	0.007066	-0.735363	-0.503964	0.453058	0.573072	-0.819289	0.018814	0.361703	0.273470	0.891283
08753	4.622546	0.146926	9.091456	0.002794	0.001768	0.000848	-0.735364	-0.503929	0.453097	0.573023	-0.819325	0.018758	0.361781	0.273428	0.891264
08754	4.588200	0.167516	9.136055	0.002134	0.000798	0.004860	-0.735346	-0.503934	0.453118	0.573040	-0.819313	0.018765	0.361789	0.273453	0.891253
08755	4.608763	0.143013	9.123046	-0.000016	0.000985	0.003329	-0.735346	-0.503947	0.453105	0.573040	-0.819313	0.018743	0.361790	0.273430	0.891260
08756	4.588177	0.154093	9.115696	0.002778	0.002752	0.004176	-0.735340	-0.503952	0.453109	0.573054	-0.819303	0.018759	0.361780	0.273450	0.891258
08757	4.587886	0.167288	9.136217	-0.000660	-0.000970	0.004012	-0.735299	-0.503961	0.453165	0.573038	-0.819317	0.018648	0.361888	0.273393	0.891231
08758	4.622102	0.146545	9.091687	-0.000024	0.001477	0.004993	-0.735284	-0.503969	0.453181	0.573048	-0.819310	0.018635	0.361904	0.273397	0.891224
08759	4.601549	0.157553	9.084323	0.001385	0.001622	0.002920	-0.735282	-0.503954	0.453200	0.573018	-0.819332	0.018589	0.361953	0.273360	0.891215
08760	4.588101	0.140329	9.095370	0.002883	-0.000028	0.006800	-0.735251	-0.503974	0.453229	0.573052	-0.819308	0.018594	0.361963	0.273395	0.891200
08761	4.621653	0.159751	9.112288	0.003543	0.000942	0.002787	-0.735285	-0.503938	0.453213	0.573026	-0.819325	0.018641	0.361934	0.273410	0.891207
08762	4.601286	0.157548	9.084456	-0.000781	0.002795	0.004717	-0.735276	-0.503948	0.453216	0.573031	-0.819322	0.018623	0.361945	0.273400	0.891206
08763	4.600908	0.170788	9.105020	0.003543	0.000942	0.002787	-0.735251	-0.504017	0.453180	0.573096	-0.819276	0.018625	0.361892	0.273410	0.891224
08764	4.574033	0.136562	9.127098	0.003535	0.001435	0.004451	-0.735239	-0.504021	0.453196	0.573115	-0.819263	0.018646	0.361888	0.273443	0.891216
08765	4.600802	0.170943	9.105071	0.001490	-0.001157	0.005543	-0.735226	-0.503978	0.453264	0.573071	-0.819295	0.018598	0.361984	0.273426	0.891182
08766	4.621689	0.133194	9.071528	0.002142	0.000305	0.003195	-0.735217	-0.503969	0.453289	0.573075	-0.819291	0.018613	0.361996	0.273454	0.891169
08767	4.628062	0.144675	9.151426	0.000733	0.000160	0.005268	-0.735236	-0.503893	0.453342	0.572997	-0.819347	0.018583	0.362081	0.273427	0.891143
08768	4.607794	0.142491	9.123543	0.003535	0.001434	0.004451	-0.735224	-0.503897	0.453358	0.573015	-0.819333	0.018605	0.362077	0.273460	0.891134
08769	4.594399	0.112001	9.114190	0.000621	0.003433	0.004308	-0.735254	-0.503912	0.453293	0.573017	-0.819332	0.018624	0.362012	0.273438	0.891167
08770	4.579988	0.181781	9.097840	0.000733	0.000160	0.005267	-0.735232	-0.503919	0.453320	0.573031	-0.819322	0.018617	0.362033	0.273454	0.891154
08771	4.641311	0.135018	9.099745	0.002779	0.002752	0.004175	-0.735288	-0.503790	0.453373	0.572905	-0.819410	0.018615	0.362120	0.273427	0.891127
08772	4.600042	0.170710	9.105459	0.004929	0.002564	0.005706	-0.735273	-0.503807	0.453379	0.572937	-0.819387	0.018643	0.362100	0.273466	0.891123
08773	4.607175	0.129138	9.103486	0.000741	-0.000332	0.003603	-0.735321	-0.503715	0.453403	0.572858	-0.819442	0.018678	0.362130	0.273470	0.891110
08774	4.586660	0.140260	9.096098	0.002779	0.002752	0.004175	-0.735315	-0.503720	0.453407	0.572871	-0.819432	0.018694	0.362120	0.273490	0.891107
08775	4.599721	0.170678	9.105622	0.000733	0.000160	0.005267	-0.735347	-0.503716	0.453359	0.572877	-0.819427	0.018760	0.362045	0.273514	0.891130
08776	4.620401	0.145983	9.092561	0.000080	-0.001302	0.007615	-0.735307	-0.503738	0.453400	0.572906	-0.819407	0.018736	0.362081	0.273532	0.891110
08777	4.606708	0.142028	9.124099	0.004181	0.003388	0.003766	-0.735337	-0.503720	0.453372	0.572888	-0.819418	0.018767	0.362048	0.273532	0.891124
08778	4.593301	0.111542	9.114750	-0.000023	0.001478	0.004991	-0.735322	-0.503728	0.453387	0.572897	-0.819413	0.018755	0.362063	0.273535	0.891117
08779	4.619875	0.145825	9.092831	0.002031	0.003576	0.002235	-0.735338	-0.503769	0.453315	0.572933	-0.819387	0.018789	0.361975	0.273535	0.891152
08780	4.585576	0.153158	9.117021	0.002780	0.002751	0.004174	-0.735332	-0.503774	0.453319	0.572946	-0.819377	0.018805	0.361966	0.273555	0.891150
08781	4.619019	0.159195	9.113633	0.001267	0.005387	0.003622	-0.735359	-0.503746	0.453308	0.572892	-0.819416	0.018761	0.361997	0.273492	0.891157
08782	4.598250	0.170346	9.106371	0.002780	0.002751	0.004174	-0.735353	-0.503750	0.453311	0.572905	-0.819406	0.018777	0.361987	0.273512	0.891154
08783	4.618501	0.146081	9.093525	0.004827	0.005342	0.003081	-0.735400	-0.503719	0.453270	0.572873	-0.819428	0.018818	0.361943	0.273505	0.891175
08784	4.583977	0.166569	9.138192	-0.001433	0.001335	0.007062	-0.735373	-0.503743	0.453287	0.572892	-0.819416	0.018783	0.361968	0.273497	0.891167
08785	4.597367	0.170197	9.106820	-0.000118	0.003765	0.000703	-0.735392	-0.503713	0.453290	0.572832	-0.819459	0.018716	0.362025	0.273423	0.891166
08786	4.637998	0.134656	9.101439	0.003425	0.004705	0.003490	-0.735397	-0.503718	0.453276	0.572843	-0.819451	0.018741	0.361998	0.273438	0.891173
08787	4.596554	0.170515	9.107224	0.004835	0.004849	0.001418	-0.735378	-0.503756	0.453265	0.572861	-0.819439	0.018690	0.362008	0.273402	0.891180
08788	4.582452	0.153630	9.118584	0.003953	0.010425	0.003508	-0.735404	-0.503777	0.453200	0.572873	-0.819430	0.018719	0.361936	0.273392	0.891212
08789	4.697295	0.115108	9.145129	0.001378	0.002115	0.004582	-0.735387	-0.503808	0.453192	0.572886	-0.819422	0.018670	0.361950	0.273357	0.891217
08790	4.601207	0.156104	9.147226	0.007293	0.016923	0.001045	-0.735451	-0.503826	0.453069	0.572892	-0.819416	0.018740	0.361810	0.273342	0.891279
08791	4.796398	0.073544	9.204270	0.005680	0.022338	-0.002133	-0.735586	-0.503778	0.452903	0.572804	-0.819477	0.018795	0.361675	0.273250	0.891361
08792	4.746056	0.124895	9.172187	0.008886	0.033586	-0.000569	-0.735719	-0.503828	0.452631	0.572804	-0.819475	0.018886	0.361404	0.273164	0.891498
08793	4.328465	0.163615	9.000248	0.023916	0.075433	-0.002766	-0.736017	-0.503970	0.451989	0.572818	-0.819461	0.019071	0.360776	0.272944	0.891820
08794	4.865992	0.119134	9.212526	-0.011517	0.003246	-0.004616	-0.736063	-0.503904	0.451986	0.572715	-0.819534	0.018999	0.360845	0.272844	0.891823
08795	4.491363	0.087454	9.143176	0.020842	0.059923	-0.006702	-0.736342	-0.503879	0.451561	0.572591	-0.819618	0.019121	0.360473	0.272639	0.892035
08796	4.810005	0.098826	9.231570	0.014207	0.066041	-0.016568	-0.736683	-0.503886	0.450996	0.572492	-0.819682	0.019332	0.359933	0.272433	0.892317
08797	4.673943	0.222907	9.212050	0.019805	0.069568	-0.014885	-0.737048	-0.503941	0.450337	0.572443	-0.819710	0.019612	0.359263	0.272248	0.892643
08798	4.972863	-0.081184	9.275351	0.028232	0.117026	-0.028652	-0.737640	-0.503987	0.449314	0.572305	-0.819797	0.020003	0.358265	0.271900	0.893150
08799	4.424530	0.254169	9.086388	0.038491	0.130948	-0.030841	-0.738326	-0.504004	0.448169	0.572121	-0.819914	0.020464	0.357146	0.271516	0.893715
08800	4.677997	0.100882	9.170374	0.027368	0.122879	-0.037617	-0.738988	-0.503992	0.447090	0.571912	-0.820049	0.020887	0.356109	0.271131	0.894245
08801	4.449368	0.199752	9.110779	0.044306	0.128715	-0.036579	-0.739680	-0.504006	0.445927	0.571759	-0.820141	0.021446	0.354915	0.270826	0.894812
08802	4.695258	0.089257	9.197511	0.038629	0.128928	-0.037645	-0.740361	-0.504009	0.444793	0.571590	-0.820245	0.021968	0.353767	0.270503	0.895364
08803	4.330760	0.298247	9.033708	0.047706	0.135674	-0.037497	-0.741043	-0.504081	0.443575	0.571476	-0.820310	0.022511	0.352522	0.270174	0.895955
08804	4.339212	0.319145	9.087336	0.035211	0.103622	-0.031359	-0.741595	-0.504066	0.442666	0.571339	-0.820393	0.022974	0.351579	0.269950	0.896392
08805	4.285670	0.233367	9.003329	0.034317	0.087137	-0.024430	-0.742052	-0.504083	0.441882	0.571251	-0.820442	0.023371	0.350758	0.269768	0.896769
08806	4.297340	0.352918	9.047456	0.022552	0.053782	-0.017956	-0.742352	-0.504044	0.441422	0.571169	-0.820491	0.023662	0.350257	0.269692	0.896987
08807	4.335621	0.219259	9.051929	0.013103	0.036755	-0.009548	-0.742541	-0.504064	0.441082	0.571129	-0.820516	0.023792	0.349922	0.269581	0.897152
08808	4.379856	0.257443	9.059520	0.014346	0.019604	-0.002693	-0.742633	-0.504058	0.440932	0.571131	-0.820510	0.023941	0.349721	0.269610	0.897221
08809	4.295648	0.342773	9.090151	0.006868	0.007938	0.001983	-0.742677	-0.504083	0.440830	0.571153	-0.820492	0.024016	0.349591	0.269618	0.897269
08810	4.338599	0.207045	9.092545	0.000588	-0.019100	0.007553	-0.742576	-0.504056	0.441030	0.571184	-0.820472	0.023997	0.349757	0.269729	0.897171
08811	4.541386	0.223239	9.202928	-0.002243	-0.019877	0.010022	-0.742513	-0.503951	0.441257	0.571109	-0.820526	0.023912	0.350012	0.269761	0.897062
08812	4.489341	0.227381	9.197239	-0.004199	-0.025731	0.012099	-0.742363	-0.503944	0.441518	0.571156	-0.820495	0.023830	0.350254	0.269866	0.896936
08813	4.458333	0.193950	9.158699	0.002507	-0.012255	0.008794	-0.742260	-0.503996	0.441632	0.571231	-0.820445	0.023776	0.350352	0.269922	0.896881
08814	4.465576	0.265495	9.169152	-0.003604	-0.022292	0.016389	-0.742097	-0.504034	0.441863	0.571312	-0.820392	0.023680	0.350565	0.270014	0.896770
08815	4.624267	0.103959	9.219299	-0.003850	-0.013982	0.008460	-0.741983	-0.504118	0.441957	0.571400	-0.820332	0.023587	0.350660	0.270036	0.896726
08816	4.434972	0.244545	9.150604	0.000228	-0.007814	0.009589	-0.741910	-0.504139	0.442056	0.571444	-0.820303	0.023556	0.350744	0.270086	0.896678
08817	4.537500	0.188739	9.189026	-0.001811	-0.010898	0.009024	-0.741873	-0.504072	0.442195	0.571397	-0.820337	0.023506	0.350900	0.270107	0.896611
08818	4.559614	0.150412	9.155602	0.000862	-0.005367	0.010557	-0.741802	-0.504108	0.442272	0.571450	-0.820301	0.023476	0.350962	0.270151	0.896574
08819	4.498776	0.183396	9.132236	0.003471	0.002438	0.007786	-0.741777	-0.504132	0.442287	0.571467	-0.820290	0.023439	0.350987	0.270139	0.896567
08820	4.558252	0.190303	9.216757	0.002204	-0.002457	0.005848	-0.741744	-0.504136	0.442337	0.571490	-0.820274	0.023441	0.351020	0.270179	0.896542
08821	4.780748	0.069002	9.302743	0.011282	0.026348	0.001136	-0.741811	-0.504197	0.442157	0.571502	-0.820265	0.023456	0.350860	0.270094	0.896631
08822	4.513776	0.201023	9.182902	0.018582	0.044047	-0.007168	-0.742015	-0.504220	0.441788	0.571486	-0.820271	0.023663	0.350454	0.270033	0.896808
08823	4.469364	0.224909	9.169140	0.013080	0.037739	-0.006236	-0.742174	-0.504293	0.441437	0.571499	-0.820258	0.023791	0.350094	0.269938	0.896977
08824	4.546995	0.182291	9.202064	0.016529	0.041457	-0.006081	-0.742363	-0.504318	0.441091	0.571484	-0.820263	0.023974	0.349720	0.269874	0.897142
08825	4.583108	0.162263	9.219873	0.020353	0.056425	-0.011233	-0.742642	-0.504309	0.440631	0.571393	-0.820321	0.024160	0.349275	0.269715	0.897363
08826	4.457079	0.204472	9.134710	0.024619	0.057336	-0.015779	-0.742941	-0.504298	0.440139	0.571334	-0.820353	0.024458	0.348736	0.269638	0.897596
08827	4.564596	0.223083	9.247075	0.026054	0.057472	-0.017855	-0.743228	-0.504420	0.439514	0.571399	-0.820297	0.024813	0.348016	0.269580	0.897893
08828	4.708586	0.094423	9.282952	0.032701	0.073706	-0.023833	-0.743629	-0.504386	0.438873	0.571307	-0.820349	0.025220	0.347308	0.269486	0.898195
08829	4.490955	0.224635	9.169258	0.049502	0.107623	-0.031329	-0.744196	-0.504436	0.437855	0.571257	-0.820365	0.025821	0.346176	0.269344	0.898675
08830	4.378817	0.312312	9.174936	0.043503	0.095098	-0.032060	-0.744717	-0.504392	0.437019	0.571141	-0.820429	0.026361	0.345247	0.269231	0.899066
08831	4.634903	0.160861	9.261437	0.039516	0.086157	-0.030559	-0.745264	-0.504246	0.436254	0.570929	-0.820559	0.026885	0.344416	0.269106	0.899422
08832	4.402636	0.274558	9.158363	0.058376	0.123148	-0.037539	-0.745911	-0.504233	0.435162	0.570821	-0.820611	0.027582	0.343191	0.268974	0.899929
08833	4.303185	0.379618	9.153001	0.041351	0.096745	-0.028736	-0.746470	-0.504111	0.434344	0.570602	-0.820747	0.028065	0.342339	0.268787	0.900310
08834	4.419632	0.177755	9.151784	0.036512	0.092380	-0.028518	-0.746958	-0.504088	0.433531	0.570485	-0.820812	0.028525	0.341468	0.268630	0.900687
08835	4.294236	0.334018	9.138848	0.040891	0.088757	-0.024439	-0.747385	-0.504181	0.432685	0.570487	-0.820795	0.028991	0.340528	0.268509	0.901079
08836	4.307285	0.327213	9.150132	0.029408	0.067669	-0.019865	-0.747738	-0.504164	0.432096	0.570410	-0.820835	0.029350	0.339882	0.268418	0.901350
08837	4.236141	0.277620	9.097315	0.026792	0.058112	-0.011093	-0.747989	-0.504219	0.431596	0.570400	-0.820834	0.029596	0.339346	0.268320	0.901581
08838	4.182573	0.370224	9.125019	0.013386	0.028426	-0.001730	-0.748105	-0.504245	0.431366	0.570404	-0.820826	0.029732	0.339084	0.268295	0.901687
08839	4.336948	0.298263	9.151213	0.011695	0.012799	0.003378	-0.748137	-0.504313	0.431230	0.570471	-0.820776	0.029828	0.338901	0.268319	0.901749
08840	4.220699	0.349773	9.142221	0.004178	-0.000607	0.014075	-0.748064	-0.504390	0.431266	0.570562	-0.820713	0.029812	0.338909	0.268365	0.901732
08841	4.228341	0.394352	9.112149	-0.004693	-0.013892	0.015874	-0.747943	-0.504494	0.431355	0.570672	-0.820640	0.029726	0.338990	0.268396	0.901692
08842	4.218601	0.348495	9.081359	-0.014124	-0.034144	0.025354	-0.747692	-0.504574	0.431697	0.570786	-0.820569	0.029497	0.339353	0.268461	0.901536
08843	4.180790	0.394436	9.104026	-0.023458	-0.057659	0.035826	-0.747314	-0.504740	0.432156	0.570997	-0.820433	0.029177	0.339829	0.268564	0.901327
08844	4.214354	0.351213	9.128098	-0.029119	-0.084481	0.046776	-0.746769	-0.504860	0.432957	0.571219	-0.820295	0.028720	0.340653	0.268761	0.900957
08845	4.306695	0.261568	9.095164	-0.039731	-0.110640	0.050974	-0.746143	-0.505007	0.433865	0.571491	-0.820123	0.028225	0.341569	0.269009	0.900536
08846	4.263965	0.160682	9.093259	-0.029732	-0.111232	0.055082	-0.745457	-0.505123	0.434907	0.571771	-0.819944	0.027726	0.342595	0.269336	0.900048
08847	4.078647	0.351089	9.039164	-0.037430	-0.162414	0.061114	-0.744527	-0.505281	0.436315	0.572182	-0.819678	0.027130	0.343929	0.269850	0.899385
08848	4.150110	0.239266	9.044839	-0.047201	-0.192173	0.069828	-0.743474	-0.505298	0.438087	0.572510	-0.819472	0.026409	0.345655	0.270443	0.898545
08849	4.168167	0.272477	9.097029	-0.045621	-0.241399	0.071923	-0.742249	-0.505228	0.440240	0.572876	-0.819239	0.025699	0.347678	0.271277	0.897513
08850	4.264741	0.375584	9.131709	-0.061321	-0.284205	0.078146	-0.740819	-0.505060	0.442834	0.573213	-0.819031	0.024812	0.350163	0.272219	0.896260
08851	4.419121	0.312166	9.245778	-0.061364	-0.301282	0.075875	-0.739264	-0.504992	0.445501	0.573674	-0.818736	0.023887	0.352685	0.273231	0.894963
08852	4.359201	0.355566	9.312483	-0.071620	-0.333285	0.072406	-0.737678	-0.504636	0.448524	0.573927	-0.818586	0.022932	0.355583	0.274336	0.893477
08853	4.795890	0.203247	9.572534	-0.079221	-0.335937	0.059576	-0.736182	-0.504215	0.451446	0.574092	-0.818495	0.022016	0.358406	0.275379	0.892027
08854	3.489878	0.713062	9.435292	-0.098690	-0.325026	0.040897	-0.734787	-0.503617	0.454377	0.574010	-0.818580	0.020960	0.361388	0.276218	0.890563
08855	3.422069	0.518502	9.770487	-0.225198	-0.503178	0.061227	-0.732653	-0.502766	0.458744	0.573673	-0.818870	0.018754	0.366222	0.276909	0.888371
08856	0.419003	-1.452716	11.316058	-0.072700	-0.650166	0.130377	-0.729516	-0.501988	0.464558	0.574330	-0.818436	0.017517	0.371418	0.279588	0.885369
08857	0.709680	-0.293352	10.376513	0.000078	-1.419150	0.190475	-0.723066	-0.499603	0.477046	0.575767	-0.817445	0.016601	0.381665	0.286672	0.878721
08858	5.780782	-0.699932	11.745297	0.157431	-1.621296	0.323036	-0.714934	-0.497480	0.491307	0.578672	-0.815395	0.016425	0.392438	0.296048	0.870832
08859	1.350934	-0.309682	11.328406	0.369607	-1.869735	0.454582	-0.704884	-0.495562	0.507501	0.583374	-0.812018	0.017351	0.403501	0.308293	0.861477
08860	4.945091	-0.438586	12.552444	0.637398	-2.237855	0.526347	-0.692642	-0.492706	0.526771	0.589635	-0.807420	0.020095	0.415425	0.324521	0.849770
08861	5.270777	0.681750	11.785382	0.979965	-2.337770	0.621975	-0.679265	-0.489708	0.546612	0.597795	-0.801259	0.025024	0.425723	0.343760	0.837012
08862	5.411923	4.861860	12.531676	1.009646	-2.444668	0.835041	-0.663706	-0.487681	0.567153	0.607727	-0.793625	0.028768	0.436077	0.363767	0.823110
08863	3.309798	7.480928	14.192031	0.209274	-2.482750	0.983618	-0.646794	-0.486209	0.587587	0.615010	-0.788128	0.024829	0.451021	0.377431	0.808780
08864	4.096111	6.368606	16.024764	-0.519407	-2.422873	0.884622	-0.630193	-0.483895	0.607209	0.618242	-0.785837	0.015395	0.469717	0.385104	0.794393
08865	6.155236	3.911381	18.284903	-0.564922	-1.514273	0.505418	-0.620071	-0.481754	0.619213	0.618402	-0.785822	0.007881	0.482795	0.387809	0.785184
08866	-0.264340	3.421524	15.208939	-0.322301	-0.674333	0.039868	-0.616556	-0.479412	0.624518	0.617057	-0.786902	0.005125	0.488977	0.388523	0.780994
08867	-3.813773	3.485344	12.835484	-0.201381	-0.454098	-0.420165	-0.617073	-0.474205	0.627973	0.613290	-0.789833	0.006213	0.493048	0.388964	0.778210
08868	-4.009116	2.327246	12.471979	-0.148208	-0.516275	-0.834493	-0.619618	-0.465545	0.631935	0.607370	-0.794351	0.010335	0.497167	0.390223	0.774953
08869	-2.955691	1.412189	13.327925	-0.028876	-0.293613	-1.157161	-0.625379	-0.454961	0.633965	0.599715	-0.800023	0.017461	0.499243	0.391118	0.773165
08870	-2.948009	0.868209	13.677563	-0.009066	0.069214	-1.353686	-0.633792	-0.444321	0.633156	0.591120	-0.806165	0.025984	0.498883	0.390739	0.773588
08871	-3.350782	-0.393153	13.294020	-0.050693	0.378082	-1.437245	-0.644280	-0.433998	0.629722	0.581398	-0.812883	0.034608	0.496870	0.388416	0.776050
08872	-3.442719	-1.579350	12.773882	-0.016400	0.668679	-1.439073	-0.655894	-0.424802	0.623976	0.571934	-0.819145	0.043517	0.492640	0.385416	0.780231
08873	-3.119765	-2.195561	12.438497	0.039709	0.925513	-1.352207	-0.668378	-0.417057	0.615901	0.562829	-0.824924	0.052186	0.486307	0.381527	0.786093
08874	-2.687109	-2.352698	12.316002	0.041236	1.132049	-1.197521	-0.680539	-0.411404	0.606312	0.554922	-0.829747	0.059845	0.478465	0.377183	0.792972
08875	-1.121118	-2.745659	12.689782	0.012295	1.352113	-1.006076	-0.692856	-0.407698	0.594754	0.547456	-0.834236	0.065898	0.469299	0.371260	0.801202
08876	-0.330670	-2.840893	12.737618	0.007188	1.657503	-0.805362	-0.704933	-0.407023	0.580862	0.541831	-0.837508	0.070704	0.457699	0.364571	0.810925
08877	0.068268	-2.582085	12.487442	-0.032267	1.921511	-0.620206	-0.717377	-0.408224	0.564556	0.536511	-0.840654	0.073873	0.444440	0.355886	0.822082
08878	0.390907	-2.359486	12.164867	-0.090668	2.112341	-0.462254	-0.729089	-0.411710	0.546739	0.532740	-0.842886	0.075704	0.429671	0.346465	0.833873
08879	1.215947	-2.089182	12.188086	-0.140528	2.231874	-0.374668	-0.740751	-0.415963	0.527507	0.528973	-0.845198	0.076334	0.414096	0.335581	0.846115
08880	2.616335	-1.523798	12.544693	-0.170372	2.410144	-0.355313	-0.752409	-0.420864	0.506709	0.525597	-0.847267	0.076729	0.397025	0.324056	0.858696
08881	3.401900	-0.921647	12.539266	-0.255267	2.612339	-0.372690	-0.764787	-0.425862	0.483470	0.521424	-0.849888	0.076205	0.378442	0.310373	0.872038
08882	3.676446	-0.648853	12.115723	-0.345947	2.756881	-0.400432	-0.777043	-0.430766	0.458961	0.517027	-0.852672	0.075060	0.359010	0.295620	0.885280
08883	3.773891	-0.462064	11.441399	-0.408238	2.810547	-0.439149	-0.789411	-0.434802	0.433334	0.511663	-0.856068	0.073135	0.339164	0.279454	0.898261
08884	3.791291	-0.302028	10.763121	-0.446470	2.747168	-0.477679	-0.800903	-0.438124	0.408168	0.506358	-0.859386	0.071113	0.319618	0.263634	0.910133
08885	4.774139	-0.354331	10.740801	-0.444241	2.605918	-0.529235	-0.811917	-0.439962	0.383698	0.500261	-0.863131	0.068871	0.300882	0.247867	0.920887
08886	6.247240	-0.073174	11.112311	-0.385315	2.571486	-0.589743	-0.822355	-0.441006	0.359509	0.494283	-0.866677	0.067498	0.281811	0.233206	0.930697
08887	7.112710	0.593996	11.426454	-0.396761	2.616247	-0.623460	-0.832725	-0.441318	0.334377	0.487715	-0.870531	0.065648	0.262114	0.217747	0.940150
08888	7.534597	0.813487	11.416148	-0.497735	2.687843	-0.627401	-0.842553	-0.441439	0.308603	0.481168	-0.874365	0.062963	0.242037	0.201539	0.949105
08889	7.389478	0.588071	10.965191	-0.598998	2.724948	-0.620264	-0.851935	-0.441171	0.282092	0.474314	-0.878396	0.058709	0.221888	0.183816	0.957589
08890	7.405216	0.382942	10.623981	-0.662903	2.685853	-0.609807	-0.860514	-0.440463	0.255946	0.467649	-0.882265	0.053973	0.202039	0.166138	0.965183
08891	8.047237	0.230061	10.501498	-0.689307	2.639042	-0.596188	-0.868378	-0.439389	0.229908	0.461115	-0.886023	0.048340	0.182463	0.147992	0.972011
08892	8.484728	0.550835	10.168376	-0.694647	2.648008	-0.586837	-0.875648	-0.437823	0.203841	0.454762	-0.889583	0.042834	0.162580	0.130206	0.978066
08893	8.451102	0.888465	9.196706	-0.742779	2.621967	-0.592117	-0.882430	-0.435580	0.177729	0.448207	-0.893192	0.036318	0.142927	0.111707	0.983409
08894	8.442271	0.754894	7.726986	-0.801587	2.504544	-0.609059	-0.888502	-0.432662	0.152864	0.441705	-0.896678	0.029415	0.124343	0.093656	0.987809
08895	8.528303	0.379425	5.983617	-0.788088	2.272552	-0.589204	-0.893870	-0.429001	0.130207	0.435190	-0.900068	0.022069	0.107728	0.076392	0.991241
08896	8.968283	0.296743	4.359898	-0.674011	1.933246	-0.486936	-0.897936	-0.425912	0.110950	0.430112	-0.902634	0.015955	0.093352	0.062048	0.993698
08897	9.979642	0.549966	3.355544	-0.515108	1.531217	-0.276382	-0.900643	-0.423879	0.095755	0.426745	-0.904308	0.010736	0.082041	0.050532	0.995347
08898	11.863294	0.924643	2.939838	-0.346215	1.192476	-0.031383	-0.901715	-0.424111	0.083899	0.426157	-0.904620	0.007303	0.072799	0.042339	0.996448
08899	12.884802	1.377573	2.150032	-0.153593	0.986444	0.201037	-0.901737	-0.425851	0.074304	0.427374	-0.904060	0.005174	0.064972	0.036421	0.997222
08900	12.958393	2.097380	1.102278	-0.003760	0.753366	0.383734	-0.900570	-0.429542	0.066832	0.430793	-0.902438	0.004851	0.058228	0.033159	0.997752
08901	12.280072	2.921661	-0.000229	0.056843	0.420720	0.501726	-0.898809	-0.433813	0.062830	0.434933	-0.900450	0.004689	0.054541	0.031541	0.998013
08902	11.626680	3.253641	-0.735325	0.037991	-0.091269	0.572066	-0.896273	-0.438892	0.063791	0.440052	-0.897960	0.004690	0.055223	0.032275	0.997952
08903	11.751942	3.384666	-0.375584	0.067157	-0.640174	0.610576	-0.893388	-0.443729	0.070440	0.445119	-0.895460	0.004577	0.061046	0.035443	0.997505
08904	12.164602	3.942230	0.641669	0.141526	-1.091694	0.643043	-0.889807	-0.449021	0.081382	0.450908	-0.892553	0.005484	0.070175	0.041576	0.996668
08905	12.457488	4.502767	1.918163	0.200925	-1.453344	0.707124	-0.885591	-0.454441	0.095978	0.457109	-0.889386	0.006652	0.082338	0.049764	0.995361
08906	13.084378	4.538841	3.379428	0.332620	-1.664661	0.775741	-0.880553	-0.460373	0.112618	0.464218	-0.885674	0.009137	0.095537	0.060325	0.993596
08907	12.614023	4.851514	4.360336	0.549171	-1.694667	0.837682	-0.874927	-0.466601	0.129559	0.472078	-0.881454	0.013481	0.107910	0.072957	0.991480
08908	-10.715684	7.887731	15.226048	1.145429	-1.503997	0.411388	-0.871310	-0.468959	0.144555	0.476913	-0.878616	0.024248	0.115637	0.090068	0.989200
08909	-22.596603	3.010914	19.084124	-1.059586	-2.315057	0.396914	-0.866447	-0.470320	0.167540	0.478986	-0.877724	0.013164	0.140862	0.091655	0.985777
08910	-3.445583	-3.245908	16.996651	-0.635266	-3.366747	-0.497255	-0.863546	-0.462654	0.200600	0.473650	-0.880678	0.007825	0.173044	0.101771	0.979642
08911	-6.863607	3.221850	-1.505119	0.792250	-1.729086	-1.147720	-0.865884	-0.450560	0.217351	0.465060	-0.885097	0.017939	0.184294	0.116614	0.975929
08912	7.285448	3.655737	12.589263	-0.408616	-6.671330	-1.340126	-0.857766	-0.429970	0.281716	0.452593	-0.891549	0.017320	0.243717	0.142360	0.959341
08913	26.852255	-5.336973	21.693146	-0.358415	-2.728675	-0.840799	-0.854575	-0.418396	0.307645	0.444411	-0.895673	0.016372	0.268700	0.150712	0.951360
08914	11.577753	-7.753524	11.874362	0.020755	-2.528461	-0.398023	-0.849283	-0.410842	0.331553	0.441039	-0.897311	0.017835	0.290179	0.161375	0.943268
08915	12.532942	-6.508627	13.903762	0.318260	-1.606171	0.038266	-0.844372	-0.408472	0.346680	0.442254	-0.896651	0.020681	0.302404	0.170783	0.937755
08916	7.134783	0.378507	11.483717	0.578559	-1.418103	0.032379	-0.839883	-0.406223	0.359971	0.444264	-0.895519	0.025974	0.311810	0.181738	0.932602
08917	4.745215	3.593479	10.515773	0.482545	-1.325349	-0.118930	-0.836235	-0.402635	0.372284	0.444739	-0.895128	0.030881	0.320808	0.191393	0.927605
08918	4.091978	2.015209	9.544090	0.253718	-1.301960	-0.187113	-0.832836	-0.398379	0.384289	0.443964	-0.895402	0.033933	0.330575	0.198871	0.922589
08919	4.957407	2.075011	10.003511	0.222874	-1.526687	-0.058178	-0.827965	-0.394721	0.398332	0.444193	-0.895199	0.036207	0.342295	0.206915	0.916526
08920	13.034420	3.133871	13.232398	-0.234146	-1.349287	0.271837	-0.822064	-0.394300	0.410777	0.445581	-0.894634	0.032967	0.354497	0.210135	0.911139
08921	3.992720	3.323085	9.440150	-0.258640	-0.295793	0.291377	-0.819703	-0.396262	0.413599	0.447042	-0.894029	0.029427	0.358108	0.209017	0.909984
08922	2.990962	-0.991865	8.419963	-0.417103	-1.085925	0.340318	-0.814241	-0.396991	0.423568	0.448266	-0.893572	0.024216	0.368875	0.209589	0.905540
08923	8.398281	0.545388	10.712431	-0.324546	-0.891716	0.279238	-0.809650	-0.397592	0.431726	0.449317	-0.893146	0.020109	0.377600	0.210263	0.901781
08924	4.703352	-0.209577	9.272011	-0.309643	-0.426658	0.246302	-0.806930	-0.398856	0.435636	0.450091	-0.892835	0.016252	0.382469	0.209190	0.899976
08925	5.218186	-0.626209	9.531293	-0.279251	-0.654330	0.190790	-0.803534	-0.399170	0.441584	0.450549	-0.892658	0.012929	0.389023	0.209344	0.897127
08926	5.825642	-0.400871	9.742347	-0.206356	-0.411477	0.138893	-0.801307	-0.399508	0.445309	0.450817	-0.892555	0.010464	0.393283	0.209138	0.895316
08927	4.793659	-0.282427	9.186788	-0.172812	-0.357259	0.107648	-0.799395	-0.399704	0.448558	0.450996	-0.892486	0.008459	0.396950	0.209060	0.893714
08928	5.312848	-0.287640	9.395940	-0.135572	-0.338883	0.078886	-0.797697	-0.399659	0.451611	0.451047	-0.892474	0.006895	0.400296	0.209198	0.892188
08929	4.855897	-0.070852	9.214860	-0.115536	-0.249649	0.069517	-0.796368	-0.399736	0.453883	0.451133	-0.892439	0.005570	0.402836	0.209198	0.891044
08930	4.868165	-0.162304	9.217418	-0.095560	-0.255830	0.049990	-0.795117	-0.399606	0.456185	0.451106	-0.892459	0.004493	0.405331	0.209360	0.889874
08931	4.715767	-0.026353	9.168869	-0.069170	-0.224347	0.045103	-0.793989	-0.399516	0.458223	0.451177	-0.892427	0.003692	0.407456	0.209671	0.888829
08932	4.841563	0.169087	9.192376	-0.066593	-0.227613	0.034400	-0.792912	-0.399305	0.460268	0.451139	-0.892449	0.002944	0.409590	0.209979	0.887775
08933	5.224311	0.032809	9.164920	-0.050294	-0.194647	0.030468	-0.791965	-0.399141	0.462036	0.451165	-0.892438	0.002376	0.411390	0.210336	0.886858
08934	4.598162	0.301985	9.021477	-0.042926	-0.117772	0.037896	-0.791317	-0.399191	0.463102	0.451249	-0.892396	0.001822	0.412543	0.210416	0.886303
08935	4.743398	0.049434	9.046868	-0.050542	-0.175288	0.034229	-0.790425	-0.399105	0.464697	0.451305	-0.892369	0.001236	0.414187	0.210697	0.885469
08936	4.864539	0.067906	9.087744	-0.052204	-0.147432	0.024885	-0.789709	-0.398976	0.466023	0.451246	-0.892399	0.000661	0.415615	0.210813	0.884772
08937	4.747700	0.178176	9.037650	-0.041254	-0.143124	0.029603	-0.788970	-0.398910	0.467329	0.451297	-0.892374	0.000177	0.416962	0.211044	0.884083
08938	4.770594	0.203465	9.042470	-0.054978	-0.139442	0.026635	-0.788275	-0.398813	0.468583	0.451238	-0.892403	-0.000431	0.418337	0.211103	0.883419
08939	4.676110	0.232454	8.983092	-0.056543	-0.137340	0.024350	-0.787576	-0.398718	0.469837	0.451190	-0.892427	-0.001022	0.419703	0.211181	0.882752
08940	4.721493	0.187369	8.998778	-0.075158	-0.158380	0.023181	-0.786813	-0.398550	0.471256	0.451018	-0.892513	-0.001792	0.421317	0.211135	0.881995
08941	4.778118	0.172322	9.025221	-0.077733	-0.160746	0.020364	-0.786037	-0.398359	0.472711	0.450831	-0.892605	-0.002554	0.422962	0.211105	0.881214
08942	4.742157	0.117027	8.929621	-0.082850	-0.158383	0.020314	-0.785282	-0.398166	0.474127	0.450601	-0.892719	-0.003377	0.424607	0.210990	0.880450
08943	4.876615	-0.085979	8.977610	-0.080919	-0.179728	0.005319	-0.784487	-0.397801	0.475746	0.450282	-0.892877	-0.004094	0.426412	0.211008	0.879573
08944	4.844681	0.079848	9.012515	-0.072068	-0.151500	0.007584	-0.783813	-0.397509	0.477100	0.449994	-0.893019	-0.004761	0.427951	0.210961	0.878836
08945	4.829816	-0.042881	8.927623	-0.073465	-0.159319	0.002365	-0.783118	-0.397154	0.478534	0.449671	-0.893178	-0.005399	0.429560	0.210955	0.878052
08946	5.080277	-0.334448	9.110592	-0.090786	-0.178986	-0.010515	-0.782402	-0.396642	0.480127	0.449159	-0.893431	-0.006142	0.431397	0.210848	0.877177
08947	5.094173	-0.075826	9.016741	-0.030596	-0.101103	-0.017208	-0.782039	-0.396239	0.481051	0.448871	-0.893574	-0.006309	0.432354	0.210996	0.876670
08948	4.727675	-0.055573	8.817440	-0.065634	-0.104231	-0.017169	-0.781672	-0.395825	0.481987	0.448414	-0.893800	-0.006798	0.433491	0.210816	0.876152
08949	4.864743	-0.058734	8.954496	-0.050297	-0.140987	-0.017061	-0.781133	-0.395339	0.483259	0.448039	-0.893985	-0.007138	0.434848	0.210943	0.875449
08950	4.909002	-0.052506	8.944153	-0.052710	-0.114184	-0.021975	-0.780741	-0.394861	0.484281	0.447599	-0.894203	-0.007489	0.436003	0.210917	0.874880
08951	4.790158	0.036607	8.856028	-0.059993	-0.118999	-0.016059	-0.780292	-0.394428	0.485356	0.447186	-0.894406	-0.007919	0.437229	0.210866	0.874281
08952	4.868073	-0.067736	8.849970	-0.063522	-0.141734	-0.009695	-0.779721	-0.394002	0.486618	0.446794	-0.894597	-0.008423	0.438646	0.210850	0.873574
08953	4.822936	-0.027257	8.927665	-0.061164	-0.136112	-0.007860	-0.779157	-0.393603	0.487843	0.446434	-0.894772	-0.008901	0.440012	0.210854	0.872886
08954	4.791928	-0.061819	8.934941	-0.061823	-0.151205	-0.000221	-0.778499	-0.393242	0.489184	0.446121	-0.894923	-0.009436	0.441493	0.210890	0.872130
08955	4.925490	-0.083281	8.967246	-0.050234	-0.169189	0.002722	-0.777736	-0.392871	0.490693	0.445895	-0.895031	-0.009869	0.443063	0.211122	0.871277
08956	4.916233	-0.140137	9.069344	-0.041721	-0.161049	0.006730	-0.776998	-0.392550	0.492117	0.445724	-0.895112	-0.010262	0.444528	0.211375	0.870469
08957	4.799741	-0.015981	9.044746	-0.029651	-0.176153	0.012519	-0.776159	-0.392246	0.493681	0.445656	-0.895142	-0.010565	0.446059	0.211811	0.869579
08958	4.727375	-0.380197	9.308410	0.003294	-0.214827	0.049095	-0.774986	-0.392189	0.495564	0.446013	-0.894962	-0.010776	0.447737	0.212677	0.868504
08959	3.916672	-0.767255	9.652596	0.117845	-0.276812	0.050155	-0.773533	-0.391989	0.497988	0.446877	-0.894540	-0.009991	0.449386	0.214811	0.867127
08960	4.384330	-0.800940	9.366235	0.163890	-0.506971	-0.005566	-0.771278	-0.390801	0.502399	0.447535	-0.894226	-0.008540	0.452596	0.218254	0.864593
08961	4.845177	-0.665619	9.537042	0.214327	-0.526444	-0.036813	-0.769057	-0.389266	0.506975	0.448184	-0.893918	-0.006494	0.455722	0.222224	0.861936
08962	4.662729	-0.962460	9.462874	0.323000	-0.619143	-0.082857	-0.766603	-0.387092	0.512327	0.448987	-0.893532	-0.003288	0.459054	0.227508	0.858784
08963	4.640969	-0.994127	9.556890	0.404582	-0.723693	-0.137601	-0.763887	-0.384153	0.518559	0.449766	-0.893146	0.000898	0.462804	0.233916	0.855042
08964	4.267974	-0.587229	9.664957	0.500429	-0.857537	-0.173598	-0.760688	-0.380523	0.525887	0.450731	-0.892639	0.006077	0.467114	0.241656	0.850533
08965	4.204202	-0.221470	9.684285	0.642833	-1.023700	-0.179312	-0.756691	-0.376361	0.534575	0.452356	-0.891750	0.012484	0.472009	0.251265	0.845029
08966	3.822226	-0.214306	9.914786	0.834381	-1.257061	-0.186856	-0.751576	-0.371420	0.545144	0.454871	-0.890321	0.020521	0.477731	0.263393	0.838091
08967	3.667894	0.488001	10.286191	1.100098	-1.589580	-0.146525	-0.744604	-0.365761	0.558377	0.459023	-0.887901	0.030502	0.484627	0.279020	0.829026
08968	3.084811	0.183322	10.798000	1.280262	-1.969224	-0.103886	-0.735460	-0.359121	0.574570	0.464477	-0.884606	0.041637	0.493315	0.297497	0.817396
08969	1.160226	-0.438871	11.682595	1.390282	-2.630384	-0.134601	-0.722957	-0.349777	0.595810	0.470392	-0.880824	0.053677	0.506029	0.319070	0.801329
08970	1.217328	-0.100405	11.129754	1.328062	-3.599988	-0.179396	-0.705242	-0.336237	0.624162	0.475923	-0.877061	0.065273	0.525481	0.343087	0.778563
08971	1.957295	0.648263	11.599939	1.172386	-4.575606	-0.078247	-0.680999	-0.319217	0.659046	0.481614	-0.873193	0.074714	0.551624	0.368286	0.748383
08972	3.389321	0.425266	11.599682	0.914357	-5.391359	0.103087	-0.649908	-0.299547	0.698492	0.487452	-0.869412	0.080702	0.583104	0.392930	0.711053
08973	3.609794	0.957061	11.801857	0.811793	-5.969476	0.329207	-0.612503	-0.278161	0.739910	0.494299	-0.865233	0.083910	0.616854	0.417132	0.667452
08974	3.878407	-0.014144	10.738121	0.655680	-6.781249	0.520070	-0.566823	-0.253506	0.783866	0.501499	-0.861054	0.084171	0.653613	0.440818	0.615198
08975	5.225655	1.191607	10.898224	0.927943	-7.791412	0.663795	-0.511101	-0.223765	0.829882	0.511192	-0.855332	0.084202	0.690983	0.467265	0.551548
08976	9.351506	2.688809	11.724394	1.016508	-9.021350	0.682342	-0.443491	-0.186130	0.876739	0.521641	-0.849058	0.083614	0.728840	0.494425	0.473642
08977	14.980009	3.755681	14.379142	1.085054	-9.684338	0.446429	-0.368911	-0.140765	0.918744	0.531419	-0.842910	0.084240	0.762560	0.519315	0.385764
08978	19.772465	6.040771	16.533643	0.378982	-9.419198	0.517970	-0.292891	-0.095455	0.951369	0.536054	-0.840315	0.080719	0.791745	0.533628	0.297290
08979	21.645333	6.079485	21.014331	-0.512467	-8.645301	0.462376	-0.220899	-0.053107	0.973850	0.532971	-0.842809	0.074933	0.816790	0.535586	0.214480
08980	12.166234	3.527323	17.780548	-1.314782	-7.167759	0.196813	-0.160549	-0.016630	0.986888	0.522444	-0.849740	0.070673	0.837423	0.526940	0.145114
08981	5.354368	1.467210	19.670726	-0.626901	-7.142750	0.063786	-0.099992	0.020223	0.994783	0.517047	-0.853146	0.069315	0.850097	0.521280	0.074851
08982	-5.308615	0.384805	17.650645	-0.176993	-6.121273	0.031494	-0.047609	0.051806	0.997522	0.515541	-0.854085	0.068962	0.855541	0.517547	0.013955
08983	8.412977	-7.624453	6.614341	0.993068	-7.459354	0.243694	0.017284	0.088334	0.995941	0.523805	-0.849259	0.066234	0.851663	0.520534	-0.060948
08984	42.336387	6.623575	38.497896	2.523684	-3.964822	0.391573	0.052854	0.106067	0.992953	0.544963	-0.836287	0.060324	0.836793	0.537934	-0.102004
08985	17.431313	10.653332	27.580187	1.255745	1.195225	0.525311	0.045686	0.094953	0.994433	0.554820	-0.830230	0.053785	0.830715	0.549274	-0.090611
08986	0.656278	11.221094	19.725754	-0.410029	3.107855	0.618233	0.023230	0.072798	0.997076	0.551178	-0.833007	0.047978	0.834064	0.548452	-0.059476
08987	-8.272359	5.979158	11.083906	-1.515469	2.749664	0.710914	0.003900	0.051661	0.998657	0.537973	-0.841942	0.041453	0.842953	0.537089	-0.031076
08988	-4.715039	0.441141	9.583138	-1.555559	2.002533	0.642244	-0.009653	0.035640	0.999318	0.524797	-0.850491	0.035402	0.851173	0.524780	-0.010494
