// General information: 
//  MT Manager version: 2022.2.0 
//  XDA version: 2022.2.0 build 7381 rev 124627 built on 2023-07-19
// Device information: 
//  DeviceId: 00B4CBA7
//  ProductCode: MTW2-3A7G6
//  Firmware Version: 4.6.0
//  Hardware Version: 2.0.0
// Device settings: 
//  Filter Profile: human(46.1)
//  Option Flags: Orientation Smoother Disabled, Position/Velocity Smoother Disabled, Continuous Zero Rotation Update Disabled, AHS Disabled, ICC Disabled
// Coordinate system: ENU
PacketCounter	Acc_X	Acc_Y	Acc_Z	Gyr_X	Gyr_Y	Gyr_Z	Mat[1][1]	Mat[2][1]	Mat[3][1]	Mat[1][2]	Mat[2][2]	Mat[3][2]	Mat[1][3]	Mat[2][3]	Mat[3][3]
55147	9.581222	-0.444512	-1.976630	-0.028751	-0.000241	-0.009036	0.182629	0.088862	0.979158	0.601555	-0.797840	-0.039793	0.777675	0.596284	-0.199164
55148	9.555138	-0.428844	-1.959121	-0.022004	-0.002587	-0.016058	0.182521	0.089030	0.979163	0.601399	-0.797970	-0.039549	0.777821	0.596086	-0.199189
55149	9.532600	-0.423902	-1.994972	-0.015607	-0.000504	-0.014931	0.182401	0.089170	0.979172	0.601301	-0.798054	-0.039334	0.777925	0.595952	-0.199184
55150	9.553486	-0.390968	-1.955322	-0.012321	0.000513	-0.016779	0.182265	0.089325	0.979184	0.601221	-0.798125	-0.039103	0.778018	0.595833	-0.199175
55151	9.558866	-0.395883	-2.042978	-0.012379	-0.000432	-0.014839	0.182162	0.089462	0.979190	0.601267	-0.798099	-0.038939	0.778007	0.595848	-0.199174
55152	9.607675	-0.391838	-2.040038	-0.009034	0.004418	-0.019623	0.181979	0.089616	0.979210	0.601218	-0.798148	-0.038686	0.778087	0.595759	-0.199125
55153	9.632202	-0.369737	-2.053221	-0.009268	0.006407	-0.013857	0.181805	0.089705	0.979234	0.601229	-0.798148	-0.038508	0.778120	0.595745	-0.199041
55154	9.583710	-0.370171	-2.055364	-0.007478	0.007838	-0.019132	0.181599	0.089835	0.979261	0.601192	-0.798188	-0.038264	0.778197	0.595672	-0.198958
55155	9.557816	-0.392658	-2.006765	-0.010703	0.007766	-0.019225	0.181325	0.089949	0.979301	0.601199	-0.798195	-0.038002	0.778255	0.595646	-0.198810
55156	9.582456	-0.408379	-1.989408	-0.013752	0.011976	-0.025635	0.181047	0.090106	0.979338	0.601125	-0.798266	-0.037681	0.778377	0.595527	-0.198689
55157	9.558440	-0.406996	-1.989724	-0.007416	0.011673	-0.022068	0.180706	0.090220	0.979390	0.601216	-0.798211	-0.037400	0.778386	0.595584	-0.198483
55158	9.555179	-0.374688	-1.950234	-0.007415	0.013116	-0.022566	0.180437	0.090346	0.979428	0.601186	-0.798246	-0.037122	0.778471	0.595517	-0.198348
55159	9.555497	-0.391469	-1.934159	-0.005621	0.008777	-0.025849	0.180231	0.090539	0.979449	0.601037	-0.798374	-0.036797	0.778634	0.595317	-0.198309
55160	9.578338	-0.372872	-1.912558	-0.009026	0.013079	-0.022613	0.179962	0.090666	0.979486	0.600994	-0.798419	-0.036515	0.778730	0.595237	-0.198175
55161	9.576778	-0.316854	-1.922502	-0.008784	0.008206	-0.027384	0.179664	0.090859	0.979523	0.600975	-0.798449	-0.036168	0.778813	0.595167	-0.198056
55162	9.575199	-0.299421	-1.902516	-0.015595	0.009591	-0.018424	0.179447	0.090973	0.979552	0.600873	-0.798537	-0.035914	0.778942	0.595031	-0.197958
55163	9.577270	-0.312115	-1.920825	-0.017026	0.009508	-0.023294	0.179220	0.091136	0.979579	0.600870	-0.798552	-0.035639	0.778997	0.594987	-0.197877
55164	9.575648	-0.275265	-1.915922	-0.025087	0.007874	-0.023032	0.178989	0.091297	0.979606	0.600702	-0.798692	-0.035321	0.779179	0.594774	-0.197799
55165	9.605731	-0.316337	-1.971292	-0.028312	0.009242	-0.023624	0.178720	0.091466	0.979639	0.600552	-0.798820	-0.034978	0.779356	0.594576	-0.197696
55166	9.606024	-0.332802	-1.955450	-0.023471	0.009357	-0.023482	0.178475	0.091622	0.979669	0.600398	-0.798950	-0.034659	0.779532	0.594377	-0.197602
55167	9.608212	-0.364138	-1.958620	-0.020125	0.012775	-0.027763	0.178157	0.091774	0.979713	0.600334	-0.799012	-0.034321	0.779653	0.594270	-0.197445
55168	9.580481	-0.332380	-1.920649	-0.016896	0.009965	-0.026674	0.177888	0.091952	0.979745	0.600237	-0.799100	-0.033984	0.779790	0.594124	-0.197343
55169	9.533941	-0.347043	-1.941755	-0.010567	0.011111	-0.023600	0.177639	0.092103	0.979776	0.600176	-0.799158	-0.033691	0.779893	0.594023	-0.197240
55170	9.579229	-0.312029	-1.899310	-0.013672	0.014374	-0.028069	0.177327	0.092266	0.979817	0.600106	-0.799225	-0.033346	0.780018	0.593908	-0.197094
55171	9.577503	-0.236492	-1.924095	-0.010438	0.008678	-0.025987	0.176964	0.092436	0.979867	0.600055	-0.799279	-0.032970	0.780140	0.593808	-0.196910
55172	9.577680	-0.214562	-1.938281	-0.021847	0.009391	-0.023438	0.176718	0.092591	0.979897	0.599912	-0.799399	-0.032655	0.780305	0.593623	-0.196815
55173	9.555434	-0.227887	-1.958197	-0.033067	0.007174	-0.024719	0.176382	0.092747	0.979943	0.599654	-0.799609	-0.032253	0.780580	0.593315	-0.196653
55174	9.585867	-0.345459	-1.953867	-0.032937	0.004741	-0.027108	0.176150	0.092960	0.979964	0.599431	-0.799791	-0.031880	0.780803	0.593036	-0.196607
55175	9.616160	-0.405222	-1.994600	-0.026550	0.006841	-0.025969	0.175915	0.093163	0.979987	0.599237	-0.799951	-0.031519	0.781005	0.592790	-0.196550
55176	9.620248	-0.432161	-2.032229	-0.007148	0.011163	-0.028322	0.175626	0.093348	0.980021	0.599218	-0.799978	-0.031185	0.781085	0.592723	-0.196432
55177	9.590392	-0.347214	-2.004969	-0.002311	0.011285	-0.028178	0.175416	0.093560	0.980039	0.599256	-0.799961	-0.030891	0.781102	0.592713	-0.196393
55178	9.583025	-0.265156	-1.941884	-0.008638	0.014467	-0.032743	0.175075	0.093761	0.980080	0.599233	-0.799993	-0.030511	0.781197	0.592638	-0.196243
55179	9.607690	-0.241097	-1.953863	-0.029661	0.018761	-0.033416	0.174598	0.093937	0.980149	0.598964	-0.800214	-0.030004	0.781510	0.592312	-0.195981
55180	9.606413	-0.280408	-1.888206	-0.032997	0.013889	-0.028647	0.174286	0.094109	0.980188	0.598742	-0.800394	-0.029615	0.781749	0.592042	-0.195844
55181	9.629253	-0.279871	-1.851293	-0.042538	0.014098	-0.032319	0.173959	0.094324	0.980225	0.598404	-0.800664	-0.029152	0.782081	0.591642	-0.195726
55182	9.560570	-0.328709	-1.878045	-0.045628	0.013029	-0.035303	0.173613	0.094554	0.980264	0.598095	-0.800912	-0.028674	0.782394	0.591269	-0.195601
55183	9.557098	-0.314017	-1.823656	-0.039106	0.009815	-0.035561	0.173189	0.094791	0.980316	0.597818	-0.801137	-0.028149	0.782700	0.590926	-0.195416
55184	9.559527	-0.363433	-1.812333	-0.034196	0.006561	-0.035869	0.172891	0.095064	0.980343	0.597599	-0.801317	-0.027687	0.782933	0.590638	-0.195351
55185	9.580162	-0.328204	-1.771966	-0.027549	0.003810	-0.039508	0.172631	0.095388	0.980357	0.597387	-0.801491	-0.027209	0.783152	0.590350	-0.195346
55186	9.582036	-0.300304	-1.821098	-0.019409	-0.002248	-0.038731	0.172385	0.095736	0.980366	0.597288	-0.801581	-0.026749	0.783282	0.590172	-0.195362
55187	9.606439	-0.294759	-1.819942	-0.022497	-0.003317	-0.041715	0.172204	0.096111	0.980361	0.597156	-0.801694	-0.026298	0.783422	0.589958	-0.195448
55188	9.602208	-0.221974	-1.811974	-0.024021	-0.009633	-0.041234	0.172002	0.096523	0.980357	0.597025	-0.801807	-0.025804	0.783566	0.589736	-0.195538
55189	9.628599	-0.250278	-1.815770	-0.036909	-0.008537	-0.042120	0.171727	0.096958	0.980362	0.596733	-0.802044	-0.025205	0.783849	0.589342	-0.195591
55190	9.557523	-0.264311	-1.840506	-0.043275	-0.010649	-0.043266	0.171520	0.097392	0.980355	0.596453	-0.802269	-0.024653	0.784107	0.588965	-0.195695
55191	9.561204	-0.269770	-1.895399	-0.043182	-0.016920	-0.042739	0.171410	0.097879	0.980326	0.596129	-0.802527	-0.024106	0.784378	0.588533	-0.195910
55192	9.535018	-0.289977	-1.849555	-0.038211	-0.017766	-0.045480	0.171246	0.098373	0.980305	0.595893	-0.802719	-0.023542	0.784593	0.588188	-0.196083
55193	9.534796	-0.285099	-1.851455	-0.039935	-0.019722	-0.041658	0.171185	0.098849	0.980268	0.595682	-0.802889	-0.023062	0.784767	0.587875	-0.196325
55194	9.532339	-0.245993	-1.849112	-0.041341	-0.021236	-0.046038	0.171046	0.099368	0.980239	0.595422	-0.803099	-0.022486	0.784994	0.587502	-0.196533
55195	9.558333	-0.254256	-1.869392	-0.037953	-0.027905	-0.046863	0.170952	0.099944	0.980197	0.595116	-0.803342	-0.021880	0.785246	0.587072	-0.196811
55196	9.580052	-0.213367	-1.866151	-0.039504	-0.025548	-0.049339	0.170827	0.100515	0.980161	0.594876	-0.803536	-0.021276	0.785456	0.586708	-0.197060
55197	9.577647	-0.192906	-1.849510	-0.040899	-0.028506	-0.053229	0.170772	0.101165	0.980103	0.594498	-0.803833	-0.020614	0.785754	0.586190	-0.197414
55198	9.551084	-0.193225	-1.819829	-0.047429	-0.033499	-0.048569	0.170715	0.101776	0.980050	0.594194	-0.804073	-0.020001	0.785996	0.585754	-0.197742
55199	9.579145	-0.234927	-1.845749	-0.053574	-0.038532	-0.053556	0.170622	0.102452	0.979996	0.593849	-0.804345	-0.019303	0.786277	0.585263	-0.198080
55200	9.580849	-0.262824	-1.854116	-0.053429	-0.039506	-0.056446	0.170566	0.103162	0.979931	0.593511	-0.804611	-0.018601	0.786545	0.584772	-0.198467
55201	9.551865	-0.228398	-1.820986	-0.051711	-0.044283	-0.056376	0.170508	0.103877	0.979866	0.593135	-0.804905	-0.017883	0.786841	0.584241	-0.198856
55202	9.569417	-0.176208	-1.766217	-0.056284	-0.051673	-0.058895	0.170534	0.104678	0.979776	0.592777	-0.805184	-0.017150	0.787104	0.583714	-0.199362
55203	9.540238	-0.141447	-1.734036	-0.067453	-0.053947	-0.060175	0.170546	0.105498	0.979686	0.592331	-0.805529	-0.016371	0.787438	0.583090	-0.199869
55204	9.511284	-0.126100	-1.687763	-0.081807	-0.067410	-0.056194	0.170712	0.106368	0.979563	0.591767	-0.805957	-0.015613	0.787825	0.582339	-0.200532
55205	9.530123	-0.068831	-1.669100	-0.092884	-0.071620	-0.058428	0.170807	0.107270	0.979448	0.591008	-0.806531	-0.014735	0.788375	0.581378	-0.201158
55206	9.505353	-0.102163	-1.648344	-0.107237	-0.082198	-0.055424	0.171096	0.108219	0.979293	0.590242	-0.807106	-0.013932	0.788886	0.580403	-0.201968
55207	9.482486	-0.149994	-1.648027	-0.110018	-0.091951	-0.060314	0.171427	0.109237	0.979122	0.589561	-0.807617	-0.013119	0.789323	0.579501	-0.202850
55208	9.501291	-0.111734	-1.617519	-0.112899	-0.108938	-0.057957	0.171914	0.110361	0.978911	0.588755	-0.808219	-0.012278	0.789819	0.578449	-0.203920
55209	9.500985	-0.162669	-1.584254	-0.107658	-0.115533	-0.063612	0.172444	0.111579	0.978679	0.587948	-0.808818	-0.011384	0.790304	0.577376	-0.205078
55210	9.493263	-0.111384	-1.537799	-0.105738	-0.133334	-0.059216	0.173118	0.112852	0.978414	0.587200	-0.809373	-0.010543	0.790713	0.576350	-0.206384
55211	9.465748	-0.066710	-1.581662	-0.105413	-0.145876	-0.058251	0.173938	0.114204	0.978112	0.586374	-0.809982	-0.009701	0.791145	0.575227	-0.207853
55212	9.456852	-0.040559	-1.489099	-0.108214	-0.164317	-0.055445	0.174881	0.115623	0.977777	0.585600	-0.810552	-0.008890	0.791511	0.574140	-0.209459
55213	9.424908	-0.011268	-1.433522	-0.122170	-0.183609	-0.054363	0.176094	0.117156	0.977377	0.584628	-0.811261	-0.008089	0.791960	0.572827	-0.211351
55214	9.468389	-0.011235	-1.381380	-0.132800	-0.204723	-0.054177	0.177368	0.118792	0.976949	0.583657	-0.811968	-0.007234	0.792392	0.571486	-0.213351
55215	9.442497	-0.045288	-1.373431	-0.137286	-0.219366	-0.049498	0.178893	0.120473	0.976465	0.582582	-0.812746	-0.006458	0.792840	0.570026	-0.215580
55216	9.434429	-0.039837	-1.273287	-0.141411	-0.241715	-0.048709	0.180495	0.122270	0.975946	0.581533	-0.813503	-0.005632	0.793247	0.568562	-0.217938
55217	9.451084	-0.008431	-1.223113	-0.134225	-0.269006	-0.044353	0.182418	0.124176	0.975348	0.580581	-0.814188	-0.004927	0.793505	0.567168	-0.220616
55218	9.367794	-0.000302	-1.076630	-0.128714	-0.295403	-0.037157	0.184516	0.126177	0.974697	0.579613	-0.814881	-0.004235	0.793727	0.565728	-0.223492
55219	9.357108	0.056535	-0.993227	-0.124310	-0.332922	-0.034418	0.186905	0.128349	0.973957	0.578580	-0.815618	-0.003548	0.793922	0.564175	-0.226703
55220	9.321353	0.130785	-0.928456	-0.122951	-0.374901	-0.030343	0.189675	0.130734	0.973104	0.577646	-0.816282	-0.002928	0.793945	0.562665	-0.230346
55221	9.338934	0.134384	-0.843009	-0.124412	-0.426635	-0.026412	0.192872	0.133349	0.972121	0.576567	-0.817047	-0.002316	0.793959	0.560939	-0.234470
55222	9.359452	0.103501	-0.767781	-0.124204	-0.474427	-0.025369	0.196461	0.136239	0.971000	0.575616	-0.817719	-0.001732	0.793769	0.559263	-0.239071
55223	9.553069	0.097642	-0.884847	-0.114121	-0.522305	-0.030558	0.200438	0.139408	0.969737	0.574675	-0.818381	-0.001132	0.793456	0.557511	-0.244149
55224	9.611356	0.248006	-0.947879	-0.105904	-0.564052	-0.026595	0.204729	0.142791	0.968347	0.573874	-0.818943	-0.000569	0.792940	0.555826	-0.249606
55225	9.537367	0.177717	-1.015349	-0.102507	-0.607051	-0.011130	0.209377	0.146226	0.966840	0.572830	-0.819674	-0.000083	0.792481	0.553852	-0.255384
55226	9.510228	0.124288	-1.066434	-0.097166	-0.649845	-0.010194	0.214435	0.149928	0.965163	0.572068	-0.820206	0.000312	0.791679	0.552071	-0.261650
55227	9.473089	0.197890	-1.152944	-0.120386	-0.699054	-0.001094	0.219985	0.153771	0.963307	0.570944	-0.820988	0.000669	0.790967	0.549848	-0.268400
55228	9.463825	0.213421	-1.201222	-0.137047	-0.746073	0.004160	0.225877	0.157856	0.961281	0.569837	-0.821757	0.001047	0.790104	0.547537	-0.275568
55229	9.496203	0.320193	-1.257605	-0.161374	-0.796694	0.004144	0.232143	0.162141	0.959072	0.568508	-0.822676	0.001475	0.789245	0.544898	-0.283157
55230	9.609031	0.360978	-1.211505	-0.196256	-0.857957	0.012372	0.238951	0.166727	0.956611	0.566917	-0.823772	0.001965	0.788357	0.541850	-0.291361
55231	9.624111	0.357436	-1.262765	-0.223030	-0.912829	0.029782	0.246238	0.171355	0.953941	0.564924	-0.825140	0.002396	0.787545	0.538314	-0.299983
55232	9.804471	0.488241	-1.235963	-0.236548	-0.970204	0.047853	0.254114	0.176190	0.950991	0.562929	-0.826501	0.002706	0.786471	0.534653	-0.309208
55233	9.991674	0.515461	-1.236175	-0.270557	-1.027820	0.063070	0.262488	0.181068	0.947795	0.560415	-0.828207	0.003017	0.785516	0.530366	-0.318867
55234	10.244440	0.488374	-1.418982	-0.256187	-1.083462	0.083097	0.271426	0.186129	0.944290	0.558169	-0.829721	0.003107	0.784076	0.526231	-0.329099
55235	10.399380	0.371464	-1.638428	-0.275019	-1.141707	0.099808	0.280815	0.191197	0.940525	0.555527	-0.831492	0.003166	0.782644	0.521598	-0.339711
55236	10.695772	0.216886	-1.907869	-0.257806	-1.193011	0.092382	0.290623	0.196650	0.936412	0.553235	-0.833019	0.003236	0.780685	0.517116	-0.350888
55237	10.704855	0.017840	-1.847141	-0.263187	-1.224698	0.100362	0.300687	0.202037	0.932077	0.550674	-0.834714	0.003286	0.778682	0.512283	-0.362245
55238	11.151572	-0.202702	-1.868842	-0.211622	-1.256070	0.126443	0.311117	0.207414	0.927462	0.548630	-0.836060	0.002936	0.776023	0.507920	-0.373906
55239	11.682458	-0.164206	-1.884291	-0.080061	-1.280946	0.123683	0.321654	0.212736	0.922649	0.547345	-0.836904	0.002150	0.772626	0.504316	-0.385634
55240	11.519793	-0.261325	-1.994736	0.013120	-1.304731	0.120297	0.332336	0.218317	0.917546	0.547042	-0.837105	0.001039	0.768309	0.501591	-0.397628
55241	11.298313	-0.417081	-2.176703	0.071465	-1.327409	0.121355	0.343195	0.223774	0.912218	0.546767	-0.837284	-0.000313	0.763716	0.498878	-0.409705
55242	11.249916	-0.217756	-2.352931	0.173106	-1.343274	0.126433	0.354079	0.229433	0.906636	0.547633	-0.836716	-0.002135	0.758107	0.497259	-0.421908
55243	11.048319	-0.138179	-2.847334	0.226715	-1.380601	0.133054	0.365294	0.234982	0.900746	0.548468	-0.836160	-0.004295	0.752159	0.495600	-0.434324
55244	10.761080	-0.139633	-3.483199	0.206752	-1.396674	0.134276	0.376463	0.240797	0.894591	0.549509	-0.835464	-0.006363	0.745866	0.493981	-0.446841
55245	10.366657	-0.167013	-4.078900	0.133598	-1.395955	0.143456	0.387520	0.246243	0.888365	0.549588	-0.835396	-0.008179	0.740123	0.491404	-0.459065
55246	10.423981	-0.437636	-4.549796	0.019795	-1.366440	0.166086	0.398479	0.251573	0.882001	0.549071	-0.835719	-0.009693	0.734667	0.488144	-0.471148
55247	10.697042	-0.472772	-4.865578	0.016989	-1.287935	0.189988	0.409095	0.255989	0.875849	0.547849	-0.836499	-0.011404	0.729728	0.484498	-0.482451
55248	10.659808	-0.393067	-5.076170	0.034354	-1.208126	0.224176	0.419078	0.259975	0.869935	0.547161	-0.836919	-0.013479	0.724561	0.481644	-0.492982
55249	10.070665	-0.317356	-5.453461	0.044116	-1.132013	0.247528	0.428540	0.263065	0.864379	0.546029	-0.837618	-0.015788	0.719865	0.478741	-0.502594
55250	9.517547	-0.131038	-5.836135	0.037980	-1.047208	0.265436	0.437473	0.265867	0.859030	0.545143	-0.838145	-0.018218	0.715148	0.476264	-0.511601
55251	9.228642	0.291174	-5.604673	0.032085	-0.870080	0.284240	0.445318	0.267308	0.854540	0.543590	-0.839093	-0.020799	0.711479	0.473781	-0.518969
55252	9.150367	0.911651	-5.020402	0.000753	-0.631593	0.302499	0.451416	0.267781	0.851186	0.542230	-0.839906	-0.023333	0.708668	0.472071	-0.524346
55253	8.994391	1.312978	-4.440869	-0.092378	-0.338596	0.321208	0.455610	0.266345	0.849400	0.539584	-0.841544	-0.025546	0.708003	0.469961	-0.527131
55254	8.618176	1.533915	-4.308042	-0.199169	-0.015114	0.336305	0.457498	0.263607	0.849239	0.536628	-0.843377	-0.027302	0.709032	0.468216	-0.527303
55255	8.064884	1.119377	-4.345774	-0.342893	0.300865	0.344907	0.457289	0.258991	0.850771	0.532110	-0.846199	-0.028410	0.712563	0.465695	-0.524769
55256	7.937954	0.576146	-4.352109	-0.439414	0.616470	0.348860	0.454700	0.253194	0.853897	0.527366	-0.849142	-0.029038	0.717728	0.463520	-0.519630
55257	8.395459	0.284841	-4.087217	-0.452937	0.940654	0.329349	0.449640	0.245758	0.858735	0.522175	-0.852328	-0.029490	0.724677	0.461670	-0.511570
55258	8.678902	0.069806	-3.885771	-0.413531	1.267599	0.284746	0.441857	0.237503	0.865075	0.517881	-0.854934	-0.029801	0.732504	0.461174	-0.500757
55259	8.415947	-0.101401	-4.025635	-0.362729	1.548607	0.243306	0.431793	0.228006	0.872678	0.513646	-0.857474	-0.030114	0.741433	0.461251	-0.487366
55260	8.237262	0.007952	-4.052523	-0.320044	1.800392	0.210501	0.419410	0.217908	0.881256	0.510348	-0.859431	-0.030375	0.750760	0.462487	-0.471663
55261	8.146517	0.122541	-3.846076	-0.296874	2.048966	0.167035	0.404701	0.206742	0.890772	0.507089	-0.861355	-0.030469	0.760972	0.464032	-0.453428
55262	8.333108	0.107674	-3.766612	-0.335872	2.267406	0.102319	0.387813	0.195344	0.900801	0.504094	-0.863133	-0.029847	0.771680	0.465663	-0.433206
55263	8.602700	-0.074722	-3.681098	-0.347850	2.479705	0.019228	0.368621	0.183419	0.911305	0.500986	-0.864984	-0.028552	0.783027	0.467076	-0.410741
55264	8.736990	-0.165953	-3.687570	-0.346011	2.675617	-0.077601	0.347101	0.171594	0.921996	0.498516	-0.866478	-0.026414	0.794356	0.468798	-0.386298
55265	8.836050	-0.216007	-3.659887	-0.313096	2.845280	-0.174986	0.323363	0.159570	0.932724	0.496332	-0.867812	-0.023607	0.805661	0.470575	-0.359818
55266	8.979730	-0.181782	-3.493955	-0.259542	2.972884	-0.260774	0.297932	0.147834	0.943070	0.495016	-0.868648	-0.020217	0.816208	0.472858	-0.331978
55267	9.298704	-0.212353	-3.305620	-0.203805	3.069988	-0.332285	0.271005	0.136086	0.952910	0.494176	-0.869207	-0.016410	0.826043	0.475353	-0.302810
55268	9.627057	-0.533883	-3.111506	-0.112804	3.168862	-0.413413	0.242616	0.124589	0.962089	0.494277	-0.869220	-0.012082	0.834762	0.478470	-0.272469
55269	9.778706	-0.635438	-2.854501	0.063312	3.254293	-0.465604	0.212925	0.112934	0.970520	0.495837	-0.868381	-0.007734	0.841908	0.482866	-0.240897
55270	9.657447	-0.606326	-2.736663	0.249998	3.283517	-0.511592	0.182618	0.101447	0.977936	0.498933	-0.866634	-0.003269	0.847181	0.488522	-0.208878
55271	9.699516	-0.466644	-2.538368	0.417676	3.268733	-0.545755	0.152102	0.090048	0.984254	0.503312	-0.864104	0.001276	0.850613	0.495192	-0.176754
55272	9.859043	-0.100960	-2.206943	0.602184	3.244556	-0.576647	0.121529	0.078847	0.989451	0.509198	-0.860628	0.006039	0.852026	0.503093	-0.144740
55273	9.879451	0.314096	-1.896539	0.726784	3.208474	-0.598469	0.091064	0.067663	0.993544	0.516119	-0.856446	0.011021	0.851662	0.511783	-0.112913
55274	9.603688	0.511967	-1.455995	0.821480	3.154191	-0.596060	0.061099	0.056492	0.996532	0.523531	-0.851853	0.016192	0.849813	0.520726	-0.081622
55275	9.305283	0.696056	-1.155360	0.848405	3.074817	-0.602298	0.031611	0.045367	0.998470	0.531277	-0.846921	0.021661	0.846608	0.529780	-0.050874
55276	9.088954	0.736051	-0.913235	0.832031	2.986601	-0.584434	0.003226	0.034379	0.999404	0.538374	-0.842266	0.027236	0.842700	0.537965	-0.021226
55277	8.975641	0.777970	-0.630966	0.803921	2.871412	-0.570900	-0.024104	0.023541	0.999432	0.545386	-0.837540	0.032881	0.837838	0.545869	0.007350
55278	8.912856	0.677914	-0.524652	0.714580	2.744451	-0.567519	-0.050175	0.013233	0.998653	0.551111	-0.833533	0.038735	0.832922	0.552312	0.034530
55279	8.926133	0.389983	-0.519449	0.648630	2.609456	-0.568317	-0.075322	0.003279	0.997154	0.556328	-0.829757	0.044752	0.827542	0.558116	0.060675
55280	8.896523	0.099200	-0.445580	0.666367	2.485993	-0.563263	-0.099002	-0.005981	0.995069	0.561296	-0.826050	0.050880	0.821672	0.563566	0.085138
55281	8.846185	0.217119	-0.311814	0.762973	2.357254	-0.548868	-0.121562	-0.015026	0.992470	0.567283	-0.821544	0.057045	0.814501	0.569946	0.108392
55282	8.718396	0.579905	-0.157681	0.869080	2.223744	-0.527595	-0.142629	-0.023434	0.989499	0.573594	-0.816687	0.063338	0.806627	0.576605	0.129925
55283	8.587478	1.031823	-0.067781	0.923030	2.053566	-0.480624	-0.162018	-0.031562	0.986283	0.580383	-0.811383	0.069375	0.798063	0.583662	0.149777
55284	8.315682	1.255693	0.201921	0.831156	1.874835	-0.429848	-0.179445	-0.039066	0.982992	0.586212	-0.806683	0.074954	0.790035	0.589692	0.167656
55285	8.042720	0.994998	0.956693	0.651377	1.668903	-0.381065	-0.194993	-0.045953	0.979728	0.590583	-0.803014	0.079878	0.783064	0.594186	0.183721
55286	7.897606	1.454539	0.955001	0.657358	1.482909	-0.334969	-0.208572	-0.052096	0.976618	0.594994	-0.799283	0.084434	0.776196	0.598692	0.197705
55287	7.724111	1.496581	1.195680	0.519688	1.261165	-0.286237	-0.220115	-0.057417	0.973783	0.598339	-0.796363	0.088294	0.770415	0.602087	0.209647
55288	7.832140	1.387882	1.297331	0.414351	1.029105	-0.197136	-0.229234	-0.062042	0.971392	0.601040	-0.794007	0.091124	0.765638	0.604735	0.219303
55289	7.969248	0.894274	1.261417	0.311667	0.777778	-0.112101	-0.235939	-0.065871	0.969533	0.603078	-0.792250	0.092935	0.761991	0.606631	0.226648
55290	8.075198	0.547787	1.118673	0.236979	0.511025	-0.030429	-0.240042	-0.068717	0.968327	0.604770	-0.790858	0.093796	0.759364	0.608130	0.231397
55291	8.078679	0.574702	1.019367	0.215835	0.253510	0.036308	-0.241833	-0.070552	0.967749	0.606416	-0.789575	0.093976	0.757480	0.609585	0.233730
55292	7.863239	0.653955	0.873155	0.157666	-0.014871	0.101889	-0.241135	-0.071249	0.967873	0.607817	-0.788568	0.093381	0.756580	0.610807	0.233457
55293	7.599919	0.532996	0.398439	0.029621	-0.293357	0.176912	-0.237922	-0.070854	0.968696	0.608390	-0.788315	0.091767	0.757135	0.611179	0.230664
55294	7.683287	0.449177	-0.187616	-0.139005	-0.577211	0.254584	-0.232030	-0.069319	0.970236	0.607896	-0.789012	0.089006	0.759358	0.610454	0.225213
55295	8.054107	0.326448	-0.595689	-0.303118	-0.795683	0.325288	-0.224077	-0.067038	0.972263	0.606263	-0.790687	0.085207	0.763043	0.608540	0.217817
55296	8.526478	0.126412	-0.886847	-0.417340	-0.964839	0.395488	-0.214332	-0.064294	0.974643	0.603897	-0.792988	0.080491	0.767705	0.605835	0.208789
55297	9.127673	-0.031394	-0.938790	-0.486744	-1.124445	0.452665	-0.203013	-0.061089	0.977268	0.601034	-0.795685	0.075118	0.773009	0.602622	0.198251
55298	11.243624	0.781736	-0.630055	-0.511013	-1.091732	0.468110	-0.191772	-0.058243	0.979710	0.597957	-0.798503	0.069576	0.778249	0.599167	0.187957
55299	14.900751	2.168313	0.978428	-0.360431	-0.639865	0.364766	-0.184667	-0.057318	0.981128	0.595787	-0.800477	0.065374	0.781624	0.596616	0.181971
55300	17.236744	2.666329	2.354261	-0.118296	-0.039164	0.270143	-0.182785	-0.059231	0.981367	0.595320	-0.801051	0.062534	0.782422	0.595658	0.181681
55301	14.812016	2.396350	3.327300	0.126857	0.135380	0.330742	-0.181931	-0.062659	0.981313	0.596885	-0.800113	0.059571	0.781428	0.596568	0.182966
55302	9.837974	2.420831	3.896528	0.141643	-0.233645	0.470919	-0.177323	-0.065012	0.982003	0.598799	-0.798992	0.055231	0.781022	0.597817	0.180609
55303	8.425439	2.725559	4.046005	0.073971	-0.677201	0.504784	-0.169071	-0.064964	0.983461	0.600224	-0.798239	0.050458	0.781759	0.598827	0.173952
55304	8.927684	1.129486	3.021006	-0.024737	-0.955645	0.420370	-0.159100	-0.062577	0.985277	0.600683	-0.798146	0.046305	0.783497	0.599206	0.164574
55305	9.428263	-1.320778	0.767564	0.251382	-1.053948	0.357473	-0.148762	-0.059071	0.987107	0.603174	-0.796436	0.043241	0.783614	0.601830	0.154109
55306	9.632076	-2.559568	-0.679203	0.896178	-1.062996	0.353896	-0.138338	-0.055424	0.988833	0.610651	-0.790832	0.041104	0.779723	0.609518	0.143246
55307	10.116157	-2.691946	-0.580213	1.562217	-1.044487	0.371212	-0.128012	-0.051886	0.990414	0.623230	-0.781033	0.039636	0.771490	0.622330	0.132319
55308	10.255762	-2.109713	0.357533	1.966058	-1.010665	0.376771	-0.117927	-0.048420	0.991841	0.638717	-0.768481	0.038426	0.760351	0.638038	0.121551
55309	9.964881	-0.876877	1.137826	2.069657	-0.969533	0.414811	-0.107989	-0.045303	0.993119	0.654755	-0.754947	0.036758	0.748087	0.654220	0.111188
55310	9.530402	0.274718	1.092847	1.923866	-0.949253	0.498634	-0.097676	-0.042740	0.994300	0.669514	-0.742026	0.033875	0.736349	0.669007	0.101093
55311	9.340801	1.057169	0.279121	1.570936	-0.936071	0.597941	-0.086850	-0.040818	0.995385	0.681518	-0.731208	0.029479	0.726630	0.680932	0.091323
55312	9.465763	1.721277	-0.149146	1.064489	-0.875209	0.679789	-0.075893	-0.039755	0.996323	0.689739	-0.723671	0.023664	0.720070	0.688999	0.082342
55313	9.637709	1.782955	-0.079268	0.471515	-0.827604	0.726487	-0.064978	-0.039262	0.997114	0.693612	-0.720152	0.016844	0.717413	0.692704	0.074027
55314	9.817691	1.610578	-0.161839	-0.043223	-0.789687	0.726087	-0.054308	-0.039007	0.997762	0.693703	-0.720197	0.009602	0.718210	0.692672	0.066172
55315	9.715716	0.651432	-0.526813	-0.411171	-0.776473	0.694775	-0.043967	-0.038625	0.998286	0.691066	-0.722787	0.002471	0.721453	0.689990	0.058471
55316	9.803847	-0.579003	-1.140447	-0.498877	-0.796690	0.654547	-0.033727	-0.037869	0.998713	0.687681	-0.726000	-0.004305	0.725229	0.686651	0.050528
55317	9.981640	-1.646613	-1.516231	-0.361464	-0.807748	0.608694	-0.023734	-0.036722	0.999044	0.685219	-0.728262	-0.010490	0.727951	0.684314	0.042447
55318	10.006374	-2.269015	-1.573463	-0.077445	-0.790748	0.562615	-0.014156	-0.035397	0.999273	0.684731	-0.728618	-0.016109	0.728658	0.684005	0.034552
55319	9.909932	-2.312189	-1.579414	0.255569	-0.766743	0.519908	-0.005058	-0.033890	0.999413	0.686631	-0.726698	-0.021167	0.726988	0.686121	0.026946
55320	9.792985	-1.816089	-1.382752	0.542752	-0.738811	0.481937	0.003583	-0.032285	0.999472	0.690541	-0.722832	-0.025824	0.723284	0.690269	0.019704
55321	9.749828	-1.033138	-1.132672	0.686341	-0.717480	0.455822	0.011869	-0.030555	0.999463	0.695451	-0.717938	-0.030207	0.718475	0.695436	0.012728
55322	9.831497	-0.249606	-0.737169	0.634383	-0.711364	0.450856	0.020074	-0.028805	0.999383	0.699894	-0.713407	-0.034621	0.713964	0.700158	0.005839
55323	9.742638	0.400946	-0.483769	0.429342	-0.702100	0.448541	0.028183	-0.027034	0.999237	0.702836	-0.710280	-0.039039	0.710794	0.703400	-0.001017
55324	9.692740	0.474722	-0.070060	0.098877	-0.696299	0.465192	0.036364	-0.025423	0.999015	0.703360	-0.709491	-0.043658	0.709903	0.704255	-0.007919
55325	9.688078	0.026932	0.224716	-0.210229	-0.713670	0.482736	0.044787	-0.023787	0.998713	0.701667	-0.710859	-0.048397	0.711096	0.702932	-0.015147
55326	9.746807	-0.865136	0.134529	-0.396001	-0.706634	0.471495	0.053087	-0.022174	0.998344	0.698589	-0.713558	-0.052996	0.713552	0.700245	-0.022390
55327	9.517235	-1.189815	0.371601	-0.451492	-0.705560	0.462733	0.061313	-0.020509	0.997908	0.695096	-0.716619	-0.057436	0.716298	0.697163	-0.029683
55328	9.465824	-1.682695	0.400972	-0.462073	-0.717620	0.425015	0.069375	-0.018556	0.997418	0.691475	-0.719779	-0.061486	0.719061	0.693956	-0.037104
55329	9.490338	-1.273758	0.326107	-0.386590	-0.721580	0.421858	0.077440	-0.016561	0.996859	0.688375	-0.722393	-0.065477	0.721209	0.691284	-0.044542
55330	9.303738	-0.623280	0.667431	-0.418232	-0.734054	0.405525	0.085493	-0.014419	0.996234	0.684997	-0.725244	-0.069281	0.723512	0.688341	-0.052126
55331	9.254123	-0.215470	0.652823	-0.527310	-0.770701	0.394929	0.093738	-0.011980	0.995525	0.680797	-0.728838	-0.072874	0.726449	0.684582	-0.060164
55332	9.493294	-0.076729	0.480592	-0.683733	-0.796100	0.400411	0.102217	-0.009463	0.994717	0.675399	-0.733486	-0.076382	0.730334	0.679638	-0.068583
55333	9.403747	-0.293070	0.245752	-0.821463	-0.825633	0.408373	0.110965	-0.006854	0.993801	0.668932	-0.739029	-0.079788	0.734995	0.673639	-0.077422
55334	9.374780	-0.881505	-0.199116	-0.895404	-0.860841	0.393366	0.119897	-0.003987	0.992778	0.661848	-0.745037	-0.082923	0.739987	0.667011	-0.086689
55335	9.395045	-1.344263	-0.416782	-0.864914	-0.875891	0.380663	0.128859	-0.001001	0.991662	0.654934	-0.750792	-0.085861	0.744618	0.660538	-0.096091
55336	9.382524	-1.781319	-0.803109	-0.756681	-0.893384	0.358176	0.137829	0.002192	0.990454	0.648783	-0.755797	-0.088610	0.748388	0.654802	-0.105593
55337	9.305290	-1.805924	-0.977304	-0.586307	-0.898082	0.334421	0.146676	0.005539	0.989169	0.643891	-0.759660	-0.091224	0.750927	0.650297	-0.114990
55338	9.498904	-1.401458	-0.974325	-0.435133	-0.911139	0.313435	0.155503	0.009079	0.987794	0.640122	-0.762531	-0.093763	0.752372	0.646888	-0.124388
55339	9.472677	-1.189923	-0.951533	-0.379425	-0.882337	0.305706	0.164056	0.012455	0.986372	0.636746	-0.765044	-0.096245	0.753419	0.643858	-0.133440
55340	9.202729	-0.978578	-0.918027	-0.382489	-0.910038	0.296714	0.172767	0.016042	0.984832	0.633338	-0.767568	-0.098602	0.754344	0.640767	-0.142771
55341	9.360962	-1.003529	-0.990493	-0.415455	-0.941995	0.296040	0.181707	0.019793	0.983153	0.629639	-0.770313	-0.100862	0.755339	0.637359	-0.152434
55342	9.459648	-1.156175	-1.254628	-0.393832	-0.962448	0.290238	0.190769	0.023689	0.981349	0.626098	-0.772904	-0.103053	0.756048	0.634080	-0.162278
55343	9.494422	-1.246293	-1.384484	-0.347368	-0.959337	0.287728	0.199783	0.027529	0.979453	0.622863	-0.775217	-0.105259	0.756391	0.631095	-0.172023
55344	9.271234	-1.291976	-1.339212	-0.299285	-0.955993	0.281669	0.208732	0.031380	0.977469	0.620001	-0.777209	-0.107446	0.756327	0.628459	-0.181684
55345	9.130006	-1.212444	-1.364170	-0.263365	-0.981564	0.276125	0.217820	0.035391	0.975347	0.617381	-0.778990	-0.109611	0.755907	0.626036	-0.191529
55346	9.279936	-1.075231	-1.299924	-0.240447	-1.002581	0.273245	0.227046	0.039542	0.973081	0.614934	-0.780619	-0.111760	0.755186	0.623755	-0.201552
55347	9.433336	-0.970874	-1.276135	-0.243118	-1.008666	0.260929	0.236209	0.043795	0.970715	0.612470	-0.782268	-0.113742	0.754378	0.621400	-0.211602
55348	9.413178	-1.033833	-1.273723	-0.244518	-1.027115	0.254881	0.245478	0.048186	0.968204	0.609990	-0.783925	-0.115642	0.753427	0.618982	-0.221829
55349	9.498785	-0.965289	-1.451895	-0.234663	-1.053809	0.253585	0.254913	0.052699	0.965527	0.607542	-0.785545	-0.117524	0.752272	0.616556	-0.232263
55350	9.657761	-0.814361	-1.609288	-0.214817	-1.072656	0.247670	0.264444	0.057370	0.962693	0.605263	-0.787026	-0.119359	0.750817	0.614246	-0.242848
55351	9.694404	-0.638390	-1.595754	-0.228915	-1.083847	0.252001	0.274058	0.062011	0.959712	0.602808	-0.788630	-0.121183	0.749343	0.611733	-0.253511
55352	9.582874	-0.517345	-1.690403	-0.286810	-1.095646	0.257131	0.283775	0.066684	0.956569	0.599922	-0.790568	-0.122861	0.748040	0.608732	-0.264349
55353	9.346501	-0.501431	-1.686692	-0.365962	-1.124464	0.259449	0.293692	0.071440	0.953227	0.596390	-0.793009	-0.124318	0.747037	0.605006	-0.275507
55354	9.247699	-0.755398	-1.623084	-0.422362	-1.159741	0.254273	0.303830	0.076429	0.949656	0.592457	-0.795766	-0.125505	0.746111	0.600763	-0.287059
55355	9.390311	-0.995339	-1.659957	-0.458984	-1.207336	0.256507	0.314302	0.081594	0.945810	0.588193	-0.798757	-0.126555	0.745146	0.596096	-0.299044
55356	9.417228	-1.036683	-1.732846	-0.449518	-1.248155	0.266113	0.325123	0.086894	0.941671	0.583977	-0.801671	-0.127650	0.743819	0.591416	-0.311385
55357	9.442251	-0.851581	-1.648730	-0.486882	-1.298074	0.275969	0.336329	0.092298	0.937211	0.579390	-0.804831	-0.128660	0.742422	0.586283	-0.324164
55358	9.443938	-0.855137	-1.761396	-0.540262	-1.352578	0.281909	0.347956	0.097934	0.932382	0.574400	-0.808272	-0.129463	0.740940	0.580607	-0.337496
55359	9.575208	-0.831215	-2.046630	-0.590137	-1.405397	0.284052	0.359936	0.103720	0.927194	0.568968	-0.812014	-0.130037	0.739407	0.574348	-0.351286
55360	9.668425	-0.925106	-2.334396	-0.620410	-1.453612	0.281911	0.372236	0.109744	0.921627	0.563336	-0.815877	-0.130374	0.737626	0.567716	-0.365522
55361	9.947297	-0.935766	-2.697294	-0.604424	-1.495707	0.266278	0.384693	0.115978	0.915729	0.557821	-0.819633	-0.130530	0.735423	0.561027	-0.380002
55362	10.132381	-1.118405	-2.732723	-0.583118	-1.529821	0.255306	0.397310	0.122432	0.909481	0.552526	-0.823208	-0.130555	0.732707	0.554382	-0.394715
55363	10.393319	-0.961955	-2.901934	-0.464058	-1.567671	0.235026	0.410019	0.129095	0.902895	0.548114	-0.826115	-0.130790	0.729010	0.548515	-0.409481
55364	10.121438	-0.826075	-2.568654	-0.399119	-1.608310	0.224687	0.422905	0.136033	0.895905	0.544262	-0.828609	-0.131099	0.724521	0.543049	-0.424460
55365	9.833750	-0.927170	-2.545613	-0.368265	-1.674264	0.196647	0.436005	0.143423	0.888442	0.540719	-0.830905	-0.131224	0.719391	0.537612	-0.439830
55366	9.884276	-0.942426	-2.612757	-0.333021	-1.744025	0.177029	0.449425	0.151299	0.880412	0.537535	-0.832964	-0.131251	0.713494	0.532240	-0.455683
55367	10.103114	-0.669894	-2.483912	-0.326870	-1.803872	0.168550	0.463085	0.159400	0.871862	0.534388	-0.834998	-0.131178	0.707093	0.526660	-0.471857
55368	10.481478	-0.189692	-2.226966	-0.371590	-1.863760	0.176330	0.477111	0.167703	0.862694	0.530931	-0.837248	-0.130874	0.700340	0.520473	-0.488499
55369	10.655021	0.033051	-1.882634	-0.457704	-1.918704	0.196738	0.491468	0.175917	0.852943	0.526727	-0.839995	-0.130255	0.693554	0.513285	-0.505491
55370	10.737907	0.304541	-1.838721	-0.610114	-1.999516	0.221728	0.506402	0.184246	0.842384	0.521398	-0.843514	-0.128947	0.686805	0.504516	-0.523223
55371	10.812286	0.321147	-1.387975	-0.783512	-2.080649	0.240109	0.521812	0.192531	0.831050	0.514731	-0.847930	-0.126755	0.680267	0.493910	-0.541562
55372	11.149035	0.348713	-0.933734	-0.969313	-2.186558	0.252080	0.537874	0.201070	0.818695	0.506823	-0.853166	-0.123442	0.673662	0.481330	-0.560803
55373	12.140753	0.474707	-0.726244	-1.155770	-2.297637	0.242815	0.554431	0.209806	0.805350	0.497677	-0.859190	-0.118787	0.667026	0.466663	-0.580777
55374	13.476813	1.393882	0.238101	-1.352566	-2.392827	0.249860	0.571515	0.218637	0.790929	0.487285	-0.865935	-0.112735	0.660245	0.449837	-0.601434
55375	14.600876	1.945777	1.509565	-1.545552	-2.471182	0.293139	0.589091	0.226871	0.775565	0.475343	-0.873447	-0.105549	0.653468	0.430837	-0.622381
55376	15.408190	2.639147	2.378541	-1.655366	-2.540010	0.375248	0.607330	0.234286	0.759118	0.462334	-0.881285	-0.097899	0.646063	0.410423	-0.643549
55377	15.734306	3.486867	2.318343	-1.792798	-2.589225	0.458838	0.625973	0.240440	0.741853	0.447884	-0.889591	-0.089599	0.638403	0.388351	-0.664549
55378	14.790994	3.392151	1.245018	-1.823885	-2.623399	0.527706	0.644908	0.245638	0.723709	0.432959	-0.897758	-0.081103	0.629794	0.365641	-0.685323
55379	12.601888	1.707610	-0.408328	-1.886638	-2.693652	0.565342	0.664067	0.249925	0.704665	0.417343	-0.905892	-0.072003	0.620355	0.341902	-0.705878
55380	10.663175	-1.200416	-2.033051	-2.023042	-2.839230	0.573585	0.683852	0.254075	0.683954	0.401031	-0.914002	-0.061439	0.609525	0.316302	-0.726934
55381	10.823082	-2.578593	-3.582373	-2.051300	-2.926197	0.505123	0.703418	0.258139	0.662244	0.385003	-0.921575	-0.049714	0.597475	0.289936	-0.747637
55382	12.204697	-3.045142	-5.875658	-2.029223	-2.828826	0.374674	0.721538	0.262532	0.640672	0.370333	-0.928173	-0.036734	0.585010	0.263767	-0.766935
55383	12.705146	-2.880484	-8.664406	-1.998091	-2.587436	0.228409	0.737291	0.266686	0.620710	0.356908	-0.933863	-0.022711	0.573602	0.238281	-0.783711
55384	11.560108	-2.484323	-10.243257	-2.125034	-2.273418	0.103828	0.750568	0.270861	0.602729	0.344046	-0.938931	-0.006487	0.564164	0.212235	-0.797920
55385	10.168238	-2.584516	-11.456354	-2.142074	-1.935007	0.002271	0.761369	0.274450	0.587362	0.331803	-0.943289	0.010660	0.556978	0.186772	-0.809254
55386	8.848983	-2.472173	-11.313262	-1.906046	-1.565357	-0.113154	0.769653	0.278296	0.574618	0.322108	-0.946321	0.026880	0.551254	0.164401	-0.817980
55387	7.210831	-2.475581	-10.705617	-1.492548	-1.105339	-0.197304	0.775056	0.281610	0.565671	0.315186	-0.948179	0.040182	0.547673	0.147148	-0.823651
55388	5.913403	-2.030425	-9.859006	-0.788107	-0.718050	-0.279610	0.778080	0.285312	0.559633	0.313055	-0.948505	0.048314	0.544600	0.137603	-0.827331
55389	5.005075	-1.106991	-10.049655	-0.274297	-0.438376	-0.390951	0.779205	0.289316	0.556000	0.314343	-0.947847	0.052679	0.542244	0.133727	-0.829511
55390	3.558350	-1.886696	-11.261161	-0.239161	-0.149253	-0.446781	0.778585	0.293774	0.554530	0.316528	-0.946857	0.057198	0.541864	0.130991	-0.830196
55391	1.970718	-1.823908	-10.778334	0.050537	0.138515	-0.411973	0.776500	0.297185	0.555634	0.319733	-0.945671	0.058971	0.542972	0.131863	-0.829333
55392	2.383910	-0.772072	-8.914802	0.471198	0.364221	-0.328048	0.773443	0.299821	0.558475	0.324838	-0.944054	0.056948	0.544304	0.137367	-0.827565
55393	3.752045	-0.712078	-7.778297	0.648459	0.640802	-0.218946	0.769211	0.300675	0.563834	0.329794	-0.942579	0.052727	0.547312	0.145391	-0.824203
55394	5.310251	-1.614916	-7.408477	0.864521	0.925443	-0.088315	0.763812	0.300137	0.571409	0.335221	-0.941007	0.046177	0.551560	0.156278	-0.819365
55395	6.025962	-2.492509	-8.222610	1.332165	1.241915	0.003936	0.756927	0.297743	0.581731	0.342295	-0.938934	0.035186	0.556683	0.172490	-0.812620
55396	5.412756	-2.418289	-9.209577	1.926345	1.504063	0.029158	0.748599	0.294731	0.593914	0.352842	-0.935480	0.019493	0.561340	0.194965	-0.804292
55397	4.628157	-1.714181	-8.688755	2.337614	1.758580	-0.023331	0.738584	0.290943	0.608150	0.365905	-0.930652	0.000847	0.566222	0.221900	-0.793822
55398	3.987438	-0.934941	-7.958632	2.451646	2.052865	-0.149492	0.726318	0.287504	0.624343	0.380953	-0.924429	-0.017484	0.572134	0.250544	-0.780955
55399	4.395243	-0.589430	-7.617745	2.373952	2.383048	-0.285527	0.711455	0.283478	0.643017	0.396400	-0.917443	-0.034130	0.580257	0.279174	-0.765091
55400	4.676279	0.104736	-7.395445	2.195528	2.790242	-0.409202	0.693435	0.279059	0.664284	0.412129	-0.909861	-0.047991	0.591014	0.307049	-0.745938
55401	4.801052	1.036598	-7.228622	1.959389	3.178147	-0.526239	0.672193	0.273315	0.688081	0.427167	-0.902251	-0.058917	0.604719	0.333529	-0.723238
55402	5.106487	1.946366	-7.217147	1.614974	3.518666	-0.624382	0.647890	0.266787	0.713487	0.441179	-0.894992	-0.065962	0.620967	0.357511	-0.697557
55403	5.063709	2.665332	-7.237987	1.271546	3.826442	-0.651606	0.620805	0.258207	0.740223	0.453082	-0.888718	-0.069982	0.639780	0.378827	-0.668709
55404	5.476804	3.219580	-6.859481	0.787473	4.039038	-0.640065	0.591582	0.248249	0.767074	0.462072	-0.884056	-0.070250	0.660697	0.396002	-0.637700
55405	6.416892	3.138119	-6.906435	0.151727	4.176764	-0.612085	0.560580	0.236621	0.793575	0.466403	-0.882072	-0.066458	0.684265	0.407381	-0.604833
55406	7.478149	3.086425	-6.875000	-0.566561	4.416926	-0.546865	0.527186	0.223356	0.819871	0.465409	-0.883149	-0.058668	0.710964	0.412504	-0.569535
55407	6.853760	2.345700	-7.012678	-1.206884	4.610060	-0.449643	0.491562	0.208129	0.845606	0.458750	-0.887252	-0.048298	0.740213	0.411663	-0.531619
55408	6.618912	1.369514	-7.444397	-1.737029	4.756916	-0.375430	0.453890	0.192046	0.870116	0.447380	-0.893614	-0.036141	0.770607	0.405676	-0.491520
55409	6.637996	0.379755	-7.825416	-2.108207	4.867947	-0.293252	0.414232	0.175007	0.893188	0.431907	-0.901608	-0.023648	0.801167	0.395570	-0.449062
55410	7.087513	-0.284341	-7.914869	-2.209660	4.981426	-0.171016	0.372837	0.157158	0.914491	0.414526	-0.909950	-0.012624	0.830157	0.383787	-0.404409
55411	8.115094	-0.908817	-7.626874	-2.157319	5.018343	-0.023877	0.330295	0.138290	0.933692	0.396245	-0.918135	-0.004186	0.856677	0.371353	-0.358052
55412	8.985764	-1.741698	-7.591374	-1.859664	5.056868	0.128842	0.286856	0.118608	0.950603	0.379668	-0.925122	0.000859	0.879526	0.360667	-0.310408
