// General information: 
//  MT Manager version: 2022.2.0 
//  XDA version: 2022.2.0 build 7381 rev 124627 built on 2023-07-19
// Device information: 
//  DeviceId: 00B4CAF0
//  ProductCode: MTW2-3A7G6
//  Firmware Version: 4.6.0
//  Hardware Version: 2.0.0
// Device settings: 
//  Filter Profile: human(46.1)
//  Option Flags: Orientation Smoother Disabled, Position/Velocity Smoother Disabled, Continuous Zero Rotation Update Disabled, AHS Disabled, ICC Disabled
// Coordinate system: ENU
PacketCounter	Acc_X	Acc_Y	Acc_Z	Gyr_X	Gyr_Y	Gyr_Z	Mat[1][1]	Mat[2][1]	Mat[3][1]	Mat[1][2]	Mat[2][2]	Mat[3][2]	Mat[1][3]	Mat[2][3]	Mat[3][3]
57492	6.151475	2.007928	7.796566	0.006644	0.003825	0.000029	0.727362	0.325370	0.604217	-0.534369	0.820957	0.201194	-0.430573	-0.469216	0.771001
57493	6.143555	2.102512	7.831582	0.004629	0.006909	0.000367	0.727400	0.325377	0.604169	-0.534357	0.820959	0.201219	-0.430525	-0.469208	0.771033
57494	6.117145	2.067285	7.768451	0.005636	0.005368	0.000198	0.727418	0.325402	0.604132	-0.534372	0.820944	0.201239	-0.430475	-0.469216	0.771056
57495	6.138838	2.058027	7.765037	0.001865	0.007245	0.000879	0.727325	0.325510	0.604187	-0.534497	0.820878	0.201178	-0.430478	-0.469258	0.771029
57496	6.125476	2.059465	7.845145	0.007651	0.002284	-0.000140	0.727332	0.325518	0.604174	-0.534518	0.820855	0.201215	-0.430440	-0.469292	0.771029
57497	6.147351	2.050549	7.841500	0.005649	0.004621	-0.002429	0.727354	0.325489	0.604163	-0.534468	0.820892	0.201199	-0.430465	-0.469248	0.771042
57498	6.121624	2.073822	7.792261	0.008685	-0.000752	-0.005563	0.727377	0.325437	0.604163	-0.534454	0.820882	0.201276	-0.430444	-0.469301	0.771022
57499	6.149420	2.069771	7.811739	0.008412	0.004287	-0.002942	0.727419	0.325395	0.604135	-0.534363	0.820952	0.201233	-0.430485	-0.469208	0.771055
57500	6.135279	2.102146	7.809101	0.006669	0.002332	-0.005225	0.727454	0.325361	0.604112	-0.534342	0.820950	0.201293	-0.430453	-0.469234	0.771058
57501	6.115444	2.129623	7.783167	0.005868	0.002574	0.005455	0.727457	0.325387	0.604094	-0.534371	0.820926	0.201316	-0.430411	-0.469259	0.771066
57502	6.112929	2.112170	7.812817	0.000994	-0.000794	0.002458	0.727437	0.325402	0.604110	-0.534382	0.820926	0.201285	-0.430431	-0.469248	0.771061
57503	6.145746	2.083821	7.758793	-0.000775	-0.001254	0.005427	0.727290	0.325504	0.604232	-0.534507	0.820877	0.201154	-0.430524	-0.469264	0.771000
57504	6.121204	2.075568	7.792127	0.002356	0.000160	0.006141	0.727254	0.325553	0.604249	-0.534551	0.820859	0.201111	-0.430531	-0.469261	0.770998
57505	6.163067	2.038772	7.814401	-0.001402	0.001289	0.004196	0.727216	0.325590	0.604275	-0.534574	0.820860	0.201046	-0.430567	-0.469233	0.770994
57506	6.157213	2.033987	7.791206	0.001362	0.000954	0.003684	0.727197	0.325622	0.604281	-0.534595	0.820855	0.201011	-0.430573	-0.469220	0.770999
57507	6.121136	2.074918	7.792353	-0.000640	0.003290	0.001395	0.727203	0.325622	0.604273	-0.534564	0.820886	0.200966	-0.430600	-0.469166	0.771017
57508	6.148877	2.069882	7.812138	0.001116	0.004497	0.001051	0.727213	0.325650	0.604246	-0.534565	0.820891	0.200944	-0.430583	-0.469138	0.771043
57509	6.145246	2.082881	7.759442	0.003866	0.004910	0.003166	0.727176	0.325747	0.604239	-0.534765	0.820719	0.201115	-0.430398	-0.469371	0.771005
57510	6.170526	2.060702	7.808748	0.005894	0.001078	0.000202	0.727175	0.325751	0.604237	-0.534780	0.820703	0.201136	-0.430379	-0.469395	0.771001
57511	6.150747	2.087977	7.782829	0.002123	0.002955	0.000882	0.727244	0.325724	0.604169	-0.534769	0.820681	0.201256	-0.430276	-0.469454	0.771023
57512	6.142263	2.066059	7.789288	0.002750	0.000413	0.002114	0.727231	0.325741	0.604176	-0.534786	0.820674	0.201243	-0.430278	-0.469454	0.771021
57513	6.139672	2.048606	7.818993	0.000367	0.001749	0.001226	0.727202	0.325752	0.604205	-0.534742	0.820736	0.201106	-0.430382	-0.469338	0.771034
57514	6.139632	2.048830	7.818966	0.005527	-0.000670	-0.001024	0.727200	0.325738	0.604214	-0.534747	0.820726	0.201132	-0.430378	-0.469365	0.771020
57515	6.150690	2.088510	7.782731	0.003363	-0.001381	0.005972	0.727061	0.325837	0.604328	-0.534927	0.820614	0.201113	-0.430389	-0.469493	0.770936
57516	6.153945	2.075627	7.835695	0.001130	0.003749	-0.001575	0.727082	0.325840	0.604302	-0.534910	0.820626	0.201108	-0.430377	-0.469469	0.770957
57517	6.111597	2.054122	7.799343	0.002369	-0.000587	0.003515	0.727127	0.325821	0.604258	-0.534904	0.820609	0.201192	-0.430307	-0.469513	0.770970
57518	6.150726	2.088762	7.782635	0.006139	-0.002464	0.002834	0.727097	0.325830	0.604288	-0.534941	0.820583	0.201200	-0.430312	-0.469551	0.770944
57519	6.156751	2.093344	7.805748	0.000980	-0.000045	0.005084	0.727025	0.325884	0.604346	-0.534994	0.820569	0.201116	-0.430367	-0.469538	0.770921
57520	6.164739	2.056974	7.785222	-0.000027	0.001497	0.005252	0.727000	0.325932	0.604351	-0.535021	0.820565	0.201061	-0.430377	-0.469512	0.770931
57521	6.150948	2.088169	7.782619	-0.001402	0.001291	0.004195	0.726948	0.325967	0.604394	-0.535072	0.820540	0.201028	-0.430401	-0.469531	0.770906
57522	6.142492	2.065787	7.789180	0.000340	0.003246	0.006477	0.726923	0.326033	0.604388	-0.535109	0.820530	0.200969	-0.430396	-0.469503	0.770926
57523	6.148267	2.069883	7.812618	-0.001416	0.002040	0.006820	0.726979	0.326021	0.604327	-0.535003	0.820621	0.200878	-0.430434	-0.469351	0.770997
57524	6.142463	2.064852	7.789450	-0.000409	0.000498	0.006652	0.726942	0.326076	0.604343	-0.535039	0.820614	0.200812	-0.430452	-0.469325	0.771002
57525	6.134511	2.100371	7.810182	-0.005173	0.003169	0.004875	0.726879	0.326157	0.604375	-0.535150	0.820542	0.200809	-0.430420	-0.469395	0.770978
57526	6.125962	2.077473	7.816946	-0.006576	0.004461	0.009069	0.726845	0.326250	0.604364	-0.535177	0.820556	0.200681	-0.430443	-0.469306	0.771019
57527	6.172702	2.075003	7.780213	-0.003799	0.003376	0.005931	0.726908	0.326265	0.604281	-0.535152	0.820566	0.200709	-0.430368	-0.469279	0.771077
57528	6.156182	2.088396	7.807521	-0.003431	0.005126	0.007156	0.726889	0.326345	0.604262	-0.535178	0.820571	0.200618	-0.430369	-0.469214	0.771116
57529	6.161123	2.034179	7.817130	-0.005050	0.008462	0.003467	0.726889	0.326411	0.604225	-0.535115	0.820662	0.200416	-0.430446	-0.469010	0.771198
57530	6.107785	2.118997	7.762993	-0.006563	0.003714	0.006442	0.726867	0.326479	0.604215	-0.535122	0.820684	0.200304	-0.430475	-0.468923	0.771234
57531	6.163074	2.049509	7.788508	-0.014502	0.007222	0.011825	0.726772	0.326642	0.604241	-0.535186	0.820703	0.200057	-0.430555	-0.468777	0.771279
57532	6.137368	2.069944	7.740040	-0.019023	0.006355	0.012677	0.726728	0.326774	0.604223	-0.535185	0.820763	0.199811	-0.430631	-0.468579	0.771356
57533	6.154762	2.081274	7.810542	-0.017025	0.004019	0.014965	0.726651	0.326913	0.604241	-0.535221	0.820798	0.199572	-0.430717	-0.468421	0.771404
57534	6.126754	2.083929	7.791615	-0.019791	0.004359	0.015473	0.726583	0.327058	0.604244	-0.535237	0.820853	0.199303	-0.430812	-0.468224	0.771471
57535	6.151117	1.942755	7.813076	-0.018418	0.004566	0.016529	0.726479	0.327216	0.604283	-0.535292	0.820882	0.199034	-0.430918	-0.468062	0.771510
57536	6.162652	2.038447	7.791745	-0.008721	0.002261	0.010805	0.726427	0.327313	0.604293	-0.535322	0.820901	0.198878	-0.430969	-0.467962	0.771542
57537	6.129468	2.007205	7.831818	-0.008339	0.003261	0.009405	0.726387	0.327379	0.604305	-0.535340	0.820917	0.198761	-0.431014	-0.467886	0.771563
57538	6.170961	2.058039	7.786098	-0.005207	0.004672	0.010121	0.726349	0.327482	0.604295	-0.535379	0.820921	0.198637	-0.431029	-0.467807	0.771603
57539	6.140281	2.044768	7.796466	-0.004170	0.001631	0.004702	0.726341	0.327513	0.604289	-0.535415	0.820896	0.198647	-0.430999	-0.467830	0.771605
57540	6.148619	2.065955	7.790384	-0.005208	0.004672	0.010120	0.726303	0.327615	0.604279	-0.535455	0.820900	0.198523	-0.431013	-0.467752	0.771645
57541	6.160026	2.074126	7.837361	-0.004426	0.005924	0.004697	0.726279	0.327678	0.604273	-0.535485	0.820897	0.198456	-0.431016	-0.467713	0.771667
57542	6.141741	2.002145	7.753585	0.001727	0.002702	0.004909	0.726261	0.327729	0.604268	-0.535517	0.820885	0.198417	-0.431007	-0.467698	0.771681
57543	6.145288	2.046940	7.821001	-0.001662	0.005585	0.004187	0.726226	0.327823	0.604258	-0.535645	0.820789	0.198468	-0.430906	-0.467800	0.771676
57544	6.150771	2.051073	7.844647	-0.000287	0.005790	0.005245	0.726219	0.327891	0.604229	-0.535671	0.820786	0.198412	-0.430886	-0.467759	0.771712
57545	6.138760	2.041628	7.798486	-0.001678	0.006335	0.006812	0.726126	0.328001	0.604281	-0.535794	0.820722	0.198345	-0.430889	-0.467794	0.771689
57546	6.140962	2.058623	7.769301	-0.002669	0.007130	0.004355	0.726129	0.328068	0.604241	-0.535804	0.820732	0.198277	-0.430872	-0.467729	0.771738
57547	6.143823	2.045145	7.822622	-0.000672	0.004791	0.006643	0.726081	0.328114	0.604274	-0.535826	0.820740	0.198182	-0.430926	-0.467682	0.771736
57548	6.115647	2.049556	7.803368	-0.005195	0.003927	0.007493	0.726054	0.328192	0.604265	-0.535847	0.820752	0.198075	-0.430946	-0.467607	0.771771
57549	6.151810	2.065654	7.817011	-0.004444	0.006676	0.007320	0.726027	0.328292	0.604243	-0.535887	0.820751	0.197971	-0.430941	-0.467538	0.771814
57550	6.129487	2.074032	7.821157	-0.011494	0.002608	0.011306	0.725973	0.328394	0.604252	-0.535909	0.820780	0.197792	-0.431005	-0.467416	0.771853
57551	6.117850	2.063136	7.775096	-0.017041	0.004039	0.014947	0.725892	0.328527	0.604276	-0.535947	0.820811	0.197560	-0.431093	-0.467267	0.771894
57552	6.143123	2.038132	7.825002	-0.019441	0.006131	0.016679	0.725825	0.328690	0.604269	-0.535974	0.820859	0.197287	-0.431173	-0.467068	0.771970
57553	6.164566	1.968409	7.807649	-0.009755	0.004564	0.013587	0.725837	0.328767	0.604212	-0.535936	0.820921	0.197132	-0.431200	-0.466905	0.772053
57554	6.106381	2.017539	7.812966	-0.013126	0.006703	0.010240	0.725807	0.328880	0.604187	-0.535943	0.820961	0.196947	-0.431242	-0.466755	0.772120
57555	6.112247	2.020691	7.836557	-0.002964	-0.001958	0.012406	0.725829	0.328872	0.604165	-0.535867	0.821032	0.196855	-0.431299	-0.466636	0.772161
57556	6.145871	2.050010	7.796762	0.001594	-0.002593	0.006310	0.725780	0.328909	0.604204	-0.535909	0.821017	0.196808	-0.431329	-0.466637	0.772143
57557	6.136983	1.969343	7.788812	-0.005950	0.001182	0.007662	0.725696	0.329012	0.604249	-0.536012	0.820968	0.196730	-0.431342	-0.466651	0.772127
57558	6.117668	1.996621	7.762697	0.015823	-0.004054	-0.000251	0.725676	0.328988	0.604286	-0.536067	0.820907	0.196832	-0.431307	-0.466774	0.772072
57559	6.143854	2.033102	7.825736	0.010677	-0.002369	-0.000634	0.725730	0.328921	0.604258	-0.536028	0.820910	0.196930	-0.431267	-0.466817	0.772070
57560	6.171840	2.029059	7.845032	0.013205	0.000835	-0.003770	0.725750	0.328892	0.604250	-0.536046	0.820873	0.197033	-0.431210	-0.466902	0.772049
57561	6.072578	1.961635	7.754957	0.022401	0.007103	-0.009494	0.725852	0.328827	0.604162	-0.536010	0.820855	0.197207	-0.431083	-0.466980	0.772073
57562	6.163177	2.069246	7.865214	0.022522	-0.002482	-0.008088	0.725881	0.328746	0.604172	-0.536037	0.820789	0.197408	-0.431000	-0.467153	0.772015
57563	6.101405	2.077536	7.802075	0.029809	-0.001959	-0.009447	0.725968	0.328611	0.604139	-0.536034	0.820717	0.197715	-0.430856	-0.467374	0.771961
57564	6.156040	1.953933	7.812171	0.026035	-0.000070	-0.008773	0.726012	0.328536	0.604128	-0.536071	0.820637	0.197947	-0.430737	-0.467568	0.771911
57565	6.122925	2.015668	7.782666	0.035603	-0.007677	-0.013088	0.725978	0.328413	0.604235	-0.536191	0.820478	0.198279	-0.430644	-0.467932	0.771742
57566	6.115216	2.055286	7.802198	0.032597	-0.003789	-0.015214	0.726040	0.328268	0.604240	-0.536210	0.820388	0.198601	-0.430518	-0.468192	0.771655
57567	6.145118	2.013190	7.777110	0.033361	-0.001786	-0.018016	0.726237	0.328074	0.604108	-0.536210	0.820253	0.199156	-0.430184	-0.468563	0.771615
57568	6.171055	2.052713	7.839494	0.040129	-0.007545	-0.016575	0.726290	0.327900	0.604139	-0.536251	0.820132	0.199544	-0.430043	-0.468898	0.771491
57569	6.143317	2.061788	7.818649	0.037361	-0.007200	-0.016071	0.726349	0.327708	0.604173	-0.536246	0.820053	0.199883	-0.429951	-0.469170	0.771377
57570	6.146702	2.141040	7.801913	0.034577	-0.006105	-0.012941	0.726389	0.327570	0.604199	-0.536289	0.819946	0.200206	-0.429829	-0.469453	0.771272
57571	6.146458	2.086257	7.786679	0.031060	-0.008512	-0.012257	0.726475	0.327393	0.604192	-0.536304	0.819839	0.200601	-0.429665	-0.469763	0.771175
57572	6.138777	2.125101	7.806282	0.022498	-0.002452	-0.008113	0.726505	0.327312	0.604200	-0.536331	0.819773	0.200803	-0.429581	-0.469935	0.771117
57573	6.138368	2.069114	7.791547	0.021731	-0.004447	-0.005313	0.726492	0.327249	0.604250	-0.536386	0.819696	0.200969	-0.429535	-0.470113	0.771034
57574	6.149778	2.110086	7.754683	0.013684	-0.006975	-0.001145	0.726465	0.327203	0.604307	-0.536425	0.819648	0.201060	-0.429531	-0.470228	0.770966
57575	6.175459	2.088773	7.803456	0.012421	-0.001139	-0.000990	0.726485	0.327157	0.604308	-0.536450	0.819598	0.201199	-0.429465	-0.470349	0.770929
57576	6.139062	2.072984	7.789971	0.015565	-0.000476	-0.002904	0.726496	0.327128	0.604311	-0.536484	0.819546	0.201316	-0.429405	-0.470459	0.770896
57577	6.172852	2.073861	7.832510	0.012803	-0.000139	-0.002393	0.726654	0.327027	0.604175	-0.536427	0.819518	0.201584	-0.429209	-0.470578	0.770932
57578	6.160979	2.065712	7.785885	0.011158	0.004699	-0.000838	0.726676	0.327039	0.604142	-0.536457	0.819481	0.201655	-0.429134	-0.470634	0.770940
57579	6.146954	2.097865	7.783167	0.002138	0.002205	-0.001747	0.726684	0.327025	0.604140	-0.536418	0.819516	0.201615	-0.429170	-0.470582	0.770951
57580	6.138270	2.076195	7.789741	0.006624	0.004582	0.002643	0.726687	0.327065	0.604115	-0.536454	0.819489	0.201630	-0.429120	-0.470602	0.770967
57581	6.152314	2.102806	7.806703	-0.002395	0.002088	0.001734	0.726653	0.327077	0.604150	-0.536441	0.819520	0.201539	-0.429194	-0.470540	0.770964
57582	6.129959	2.111755	7.810686	-0.006194	0.005475	0.007659	0.726632	0.327162	0.604128	-0.536458	0.819537	0.201425	-0.429206	-0.470451	0.771011
57583	6.146075	2.096554	7.784215	-0.007950	0.004268	0.008004	0.726645	0.327204	0.604090	-0.536370	0.819642	0.201230	-0.429295	-0.470239	0.771091
57584	6.159624	2.063760	7.787475	-0.010712	0.004606	0.008515	0.726617	0.327292	0.604077	-0.536374	0.819678	0.201075	-0.429338	-0.470115	0.771142
57585	6.129499	2.108013	7.812058	-0.011479	0.002610	0.011317	0.726584	0.327372	0.604073	-0.536367	0.819724	0.200905	-0.429402	-0.469980	0.771189
57586	6.123698	2.101634	7.789261	-0.014258	0.003702	0.014450	0.726520	0.327504	0.604078	-0.536399	0.819757	0.200688	-0.429471	-0.469830	0.771242
57587	6.143295	2.072612	7.815804	-0.018745	0.001328	0.010058	0.726519	0.327539	0.604060	-0.536328	0.819846	0.200511	-0.429561	-0.469650	0.771302
57588	6.159887	2.056135	7.789283	-0.018541	-0.000703	0.017939	0.726417	0.327679	0.604106	-0.536366	0.819887	0.200239	-0.429685	-0.469480	0.771336
57589	6.129947	2.099334	7.814043	-0.021782	0.006717	0.013178	0.726441	0.327730	0.604050	-0.536274	0.819996	0.200041	-0.429759	-0.469254	0.771432
57590	6.140699	2.047602	7.847480	-0.024196	0.009563	0.017532	0.726386	0.327915	0.604016	-0.536285	0.820065	0.199728	-0.429838	-0.469004	0.771540
57591	6.154728	2.159319	7.796849	-0.029103	0.007702	0.019783	0.726328	0.328064	0.604005	-0.536252	0.820171	0.199380	-0.429978	-0.468714	0.771638
57592	6.176016	2.087649	7.780368	-0.037046	0.011230	0.025154	0.726239	0.328319	0.603973	-0.536263	0.820276	0.198921	-0.430115	-0.468353	0.771782
57593	6.161981	2.114512	7.779185	-0.039851	0.013084	0.030902	0.726112	0.328625	0.603959	-0.536336	0.820342	0.198449	-0.430238	-0.468022	0.771914
57594	6.123062	2.132790	7.811640	-0.051903	0.015251	0.030472	0.726012	0.328942	0.603907	-0.536322	0.820498	0.197844	-0.430425	-0.467526	0.772110
57595	6.171406	1.995591	7.801260	-0.054112	0.015320	0.040069	0.725865	0.329296	0.603891	-0.536285	0.820705	0.197081	-0.430718	-0.466912	0.772318
57596	6.165735	2.043171	7.794149	-0.046009	0.015593	0.028036	0.725780	0.329595	0.603830	-0.536277	0.820841	0.196536	-0.430871	-0.466463	0.772504
57597	6.162361	2.019696	7.825891	-0.057117	0.018484	0.035299	0.725686	0.329909	0.603772	-0.536210	0.821048	0.195851	-0.431113	-0.465875	0.772724
57598	6.180615	2.016779	7.771541	-0.051211	0.018809	0.032875	0.725589	0.330262	0.603695	-0.536215	0.821192	0.195237	-0.431270	-0.465372	0.772939
57599	6.154835	2.002532	7.807221	-0.058767	0.022610	0.034208	0.725582	0.330562	0.603538	-0.536092	0.821424	0.194597	-0.431435	-0.464748	0.773223
57600	6.137378	2.009994	7.836779	-0.057020	0.023828	0.033855	0.725502	0.330947	0.603424	-0.536078	0.821591	0.193931	-0.431587	-0.464180	0.773479
57601	6.156115	2.064852	7.797149	-0.059184	0.021646	0.035574	0.725423	0.331290	0.603331	-0.536015	0.821795	0.193236	-0.431797	-0.463572	0.773726
57602	6.154431	1.999832	7.785298	-0.062355	0.021014	0.037458	0.725312	0.331691	0.603245	-0.536004	0.821974	0.192507	-0.431999	-0.462969	0.773975
57603	6.113393	1.900179	7.789725	-0.063031	0.025081	0.041456	0.725173	0.332122	0.603175	-0.536037	0.822123	0.191776	-0.432191	-0.462395	0.774211
57604	5.952494	1.739577	7.886296	-0.033485	0.019046	0.022980	0.725130	0.332395	0.603076	-0.536046	0.822215	0.191358	-0.432252	-0.462035	0.774391
57605	6.120578	1.883138	7.869154	-0.003225	0.001597	0.009761	0.725079	0.332449	0.603107	-0.536095	0.822196	0.191297	-0.432276	-0.462029	0.774382
57606	6.141306	2.002260	7.841726	0.003092	0.002895	0.005969	0.725058	0.332507	0.603101	-0.536139	0.822176	0.191265	-0.432257	-0.462024	0.774395
57607	6.153861	1.912523	7.829952	0.003482	0.003895	0.004575	0.724969	0.332597	0.603157	-0.536212	0.822156	0.191146	-0.432314	-0.461995	0.774380
57608	6.126650	1.976203	7.824818	0.010047	0.000893	0.000783	0.724967	0.332603	0.603156	-0.536248	0.822120	0.191198	-0.432274	-0.462054	0.774368
57609	6.132251	1.981079	7.848147	0.003894	0.004146	0.000558	0.725017	0.332573	0.603113	-0.536189	0.822157	0.191206	-0.432263	-0.462010	0.774400
57610	6.109831	1.991146	7.851958	0.006663	0.003795	0.000057	0.725031	0.332587	0.603088	-0.536204	0.822140	0.191236	-0.432220	-0.462031	0.774412
57611	6.157518	2.047426	7.829655	-0.001441	0.002048	0.006804	0.725051	0.332604	0.603055	-0.536159	0.822186	0.191162	-0.432242	-0.461936	0.774456
57612	6.311306	1.860725	7.954648	0.020790	0.012635	-0.005241	0.725132	0.332614	0.602952	-0.536197	0.822122	0.191333	-0.432059	-0.462043	0.774494
57613	6.291983	2.095844	7.890771	0.034745	0.039178	-0.018581	0.725353	0.332654	0.602664	-0.536245	0.822008	0.191687	-0.431629	-0.462217	0.774630
57614	6.359138	2.287894	7.994189	0.002084	0.090047	-0.004020	0.725761	0.333033	0.601963	-0.536212	0.822025	0.191707	-0.430984	-0.461913	0.775170
57615	6.012751	2.002550	7.677128	-0.014627	0.094431	0.006816	0.726117	0.333507	0.601271	-0.536185	0.822084	0.191531	-0.430419	-0.461466	0.775751
57616	6.072034	2.282633	7.817971	-0.053609	0.073315	0.032476	0.726256	0.334108	0.600769	-0.536176	0.822236	0.190899	-0.430194	-0.460759	0.776295
57617	6.064943	2.070473	7.862554	-0.070620	0.067105	0.046086	0.726374	0.334708	0.600292	-0.536100	0.822468	0.190113	-0.430089	-0.459910	0.776857
57618	6.164755	2.137095	7.803152	-0.097363	0.062525	0.062716	0.726306	0.335506	0.599930	-0.536123	0.822719	0.188959	-0.430177	-0.458878	0.777418
57619	6.076886	2.051637	7.817737	-0.115681	0.062219	0.076433	0.726202	0.336365	0.599574	-0.536152	0.822993	0.187682	-0.430315	-0.457758	0.778002
57620	5.960015	2.196707	7.847574	-0.137631	0.045375	0.096181	0.725881	0.337359	0.599405	-0.536244	0.823311	0.186014	-0.430744	-0.456451	0.778532
57621	5.950565	2.156758	7.859248	-0.162586	0.031744	0.111129	0.725441	0.338381	0.599361	-0.536302	0.823709	0.184075	-0.431411	-0.454975	0.779027
57622	6.052393	1.878534	7.860539	-0.175660	0.017966	0.118672	0.724880	0.339436	0.599443	-0.536390	0.824118	0.181975	-0.432243	-0.453445	0.779457
57623	6.125070	1.832797	7.877353	-0.167054	0.018023	0.115698	0.724375	0.340416	0.599498	-0.536438	0.824524	0.179985	-0.433031	-0.451970	0.779876
57624	6.168562	1.735568	7.859212	-0.161384	0.021249	0.108000	0.723886	0.341397	0.599530	-0.536506	0.824898	0.178058	-0.433763	-0.450545	0.780294
57625	6.010775	1.902976	7.716481	-0.146661	0.027577	0.103954	0.723524	0.342306	0.599449	-0.536526	0.825257	0.176327	-0.434341	-0.449197	0.780749
57626	6.063170	1.857396	7.789141	-0.117181	0.016831	0.089628	0.723116	0.343116	0.599479	-0.536651	0.825489	0.174855	-0.434868	-0.448151	0.781057
57627	6.173198	1.511259	7.720173	-0.063267	0.005939	0.072414	0.722868	0.343640	0.599477	-0.536750	0.825613	0.173962	-0.435156	-0.447521	0.781258
57628	6.237357	1.636802	7.912758	-0.044001	0.023169	0.053274	0.722682	0.344178	0.599392	-0.536929	0.825640	0.173279	-0.435244	-0.447057	0.781475
57629	6.135068	1.604191	7.867681	-0.037303	0.035063	0.046812	0.722627	0.344652	0.599187	-0.537055	0.825664	0.172773	-0.435181	-0.446647	0.781744
57630	6.114744	1.782196	7.920361	-0.029923	0.042903	0.036337	0.722618	0.345138	0.598919	-0.537172	0.825686	0.172301	-0.435051	-0.446230	0.782054
57631	6.031986	1.586784	7.796960	-0.025686	0.049377	0.025110	0.722775	0.345497	0.598521	-0.537141	0.825775	0.171973	-0.434828	-0.445788	0.782431
57632	6.070216	1.683267	7.620727	0.006817	0.044141	0.011686	0.722904	0.345785	0.598199	-0.537240	0.825718	0.171937	-0.434491	-0.445671	0.782685
57633	6.080469	1.347131	7.803967	0.028210	0.048578	-0.006394	0.723171	0.345908	0.597805	-0.537242	0.825674	0.172147	-0.434045	-0.445657	0.782939
57634	6.029658	1.355580	7.841989	0.107815	0.032148	-0.039619	0.723523	0.345719	0.597489	-0.537407	0.825344	0.173207	-0.433253	-0.446415	0.782947
57635	6.136024	1.875108	7.780641	0.097947	0.035241	-0.047129	0.724023	0.345388	0.597075	-0.537353	0.825154	0.174278	-0.432485	-0.447021	0.783025
57636	6.162225	1.638389	7.816517	0.091677	0.048249	-0.048788	0.724493	0.345196	0.596615	-0.537380	0.824927	0.175267	-0.431662	-0.447589	0.783155
57637	6.148696	1.653902	7.921116	0.111602	0.053318	-0.065381	0.725088	0.344844	0.596095	-0.537323	0.824700	0.176505	-0.430733	-0.448277	0.783273
57638	6.153432	1.650121	7.872591	0.132549	0.072567	-0.082296	0.725842	0.344486	0.595384	-0.537281	0.824403	0.178014	-0.429513	-0.449098	0.783472
57639	6.195310	1.261823	7.959909	0.125830	0.084460	-0.098339	0.726807	0.343985	0.594496	-0.537003	0.824240	0.179599	-0.428228	-0.449780	0.783785
57640	6.053923	1.541871	7.922544	0.205557	0.070924	-0.127821	0.727797	0.343246	0.593713	-0.536937	0.823768	0.181950	-0.426628	-0.451208	0.783837
57641	5.940069	2.135315	7.871896	0.175953	0.079690	-0.121681	0.728829	0.342548	0.592849	-0.536710	0.823455	0.184021	-0.425148	-0.452308	0.784007
57642	5.603040	1.843276	8.031233	0.181192	0.050699	-0.111926	0.729645	0.341850	0.592247	-0.536647	0.823032	0.186085	-0.423826	-0.453604	0.783974
57643	6.003527	1.939343	7.997611	0.214667	0.010213	-0.104273	0.730318	0.340961	0.591930	-0.536701	0.822465	0.188424	-0.422596	-0.455298	0.783655
57644	6.104843	1.561728	8.070276	0.199164	0.021645	-0.104538	0.730971	0.340195	0.591565	-0.536762	0.821927	0.190583	-0.421388	-0.456840	0.783409
57645	6.166731	1.656218	8.115745	0.246174	-0.000123	-0.128349	0.731647	0.339112	0.591351	-0.536847	0.821245	0.193266	-0.420106	-0.458867	0.782912
57646	6.277067	1.868517	8.152533	0.250360	0.018023	-0.140150	0.732475	0.338038	0.590940	-0.536855	0.820583	0.196034	-0.418649	-0.460840	0.782534
57647	6.309727	1.815865	8.106223	0.244173	0.055305	-0.153149	0.733446	0.337081	0.590282	-0.536804	0.819961	0.198759	-0.417011	-0.462645	0.782344
57648	6.130972	1.899738	8.057479	0.254784	0.050194	-0.164411	0.734538	0.335960	0.589564	-0.536642	0.819348	0.201702	-0.415294	-0.464542	0.782132
57649	6.124732	2.018675	7.986873	0.255859	0.058095	-0.172974	0.735680	0.334814	0.588791	-0.536395	0.818788	0.204612	-0.413588	-0.466354	0.781959
57650	5.942194	2.143910	7.980335	0.264778	0.050565	-0.173414	0.736819	0.333624	0.588041	-0.536195	0.818146	0.207683	-0.411815	-0.468329	0.781713
57651	5.565855	2.417870	8.036801	0.267119	0.024973	-0.168273	0.737786	0.332377	0.587534	-0.536083	0.817437	0.210741	-0.410227	-0.470450	0.781275
57652	5.888757	2.399785	7.838285	0.263547	-0.006778	-0.146064	0.738542	0.331145	0.587281	-0.536069	0.816694	0.213637	-0.408884	-0.472603	0.780680
57653	5.709109	2.590201	7.786268	0.230251	-0.015751	-0.116365	0.739067	0.330137	0.587187	-0.536166	0.815990	0.216072	-0.407805	-0.474521	0.780080
57654	5.683794	2.749581	7.755510	0.177106	-0.032702	-0.073464	0.739328	0.329376	0.587286	-0.536329	0.815406	0.217864	-0.407117	-0.476052	0.779506
57655	5.446042	2.932410	7.818299	0.134951	-0.062429	-0.032045	0.739224	0.328810	0.587734	-0.536633	0.814884	0.219062	-0.406905	-0.477334	0.778833
57656	5.530392	3.242268	7.829449	0.057577	-0.108583	0.029607	0.738624	0.328526	0.588647	-0.537071	0.814528	0.219316	-0.407419	-0.478138	0.778071
57657	5.794293	2.661586	7.762422	-0.037680	-0.112527	0.084102	0.737688	0.328670	0.589739	-0.537547	0.814431	0.218508	-0.408485	-0.478203	0.777472
57658	5.717453	2.866190	7.807463	-0.040592	-0.136557	0.108968	0.736543	0.328898	0.591041	-0.538168	0.814283	0.217529	-0.409730	-0.478299	0.776757
57659	6.078561	2.649149	7.841662	-0.120749	-0.129041	0.151101	0.735248	0.329440	0.592351	-0.538671	0.814447	0.215659	-0.411392	-0.477645	0.776280
57660	5.914704	2.471248	7.810638	-0.155000	-0.134890	0.186343	0.733688	0.330307	0.593801	-0.539385	0.814588	0.213330	-0.413239	-0.476805	0.775816
57661	6.114272	2.605192	7.857838	-0.238879	-0.122143	0.219653	0.731983	0.331488	0.595245	-0.539983	0.815019	0.210147	-0.415475	-0.475247	0.775578
57662	6.493421	2.252616	7.632104	-0.241441	-0.091441	0.238668	0.730313	0.332993	0.596455	-0.540706	0.815388	0.206832	-0.417469	-0.473559	0.775539
57663	6.289180	1.516360	7.727667	-0.198354	-0.025419	0.213071	0.728964	0.334634	0.597187	-0.541516	0.815562	0.204009	-0.418775	-0.472101	0.775724
57664	6.144281	2.221963	7.972839	-0.166022	-0.073724	0.206586	0.727535	0.335964	0.598181	-0.542308	0.815668	0.201466	-0.420232	-0.470972	0.775623
57665	5.760038	2.202984	7.835674	-0.167553	-0.081733	0.212019	0.726052	0.337270	0.599247	-0.543098	0.815775	0.198885	-0.421773	-0.469851	0.775466
57666	6.068193	2.642222	7.873327	-0.202279	-0.132189	0.240010	0.724189	0.338601	0.600749	-0.543966	0.815929	0.195856	-0.423852	-0.468624	0.775075
57667	6.046699	2.190373	7.783421	-0.238114	-0.149551	0.267405	0.722156	0.340001	0.602404	-0.544799	0.816187	0.192439	-0.426245	-0.467160	0.774646
57668	6.051433	2.330425	7.875221	-0.150104	-0.209954	0.272655	0.719771	0.341238	0.604554	-0.546107	0.815975	0.189611	-0.428598	-0.466627	0.773668
57669	6.446049	1.560282	7.888911	-0.107971	-0.236770	0.249141	0.717386	0.342126	0.606883	-0.547398	0.815655	0.187250	-0.430944	-0.466537	0.772418
57670	6.439923	1.911609	7.810664	-0.121212	-0.255851	0.222644	0.715060	0.342741	0.609276	-0.548452	0.815474	0.184940	-0.433462	-0.466402	0.771090
57671	6.018303	2.075472	8.182909	-0.102285	-0.265266	0.227947	0.712674	0.343321	0.611741	-0.549585	0.815204	0.182754	-0.435950	-0.466448	0.769658
57672	6.198845	1.674968	8.019480	-0.058763	-0.301681	0.235370	0.710060	0.343823	0.614492	-0.550985	0.814686	0.180839	-0.438441	-0.466983	0.767917
57673	5.598700	1.782593	8.270933	0.086407	-0.366031	0.277182	0.707029	0.344232	0.617750	-0.553149	0.813447	0.179809	-0.440610	-0.468838	0.765541
57674	7.272571	1.939285	7.491960	0.079383	-0.457016	0.257426	0.703582	0.344169	0.621707	-0.555297	0.812204	0.178801	-0.443415	-0.471033	0.762569
57675	4.061677	0.706046	8.992178	0.270158	-0.512007	0.345022	0.699440	0.344470	0.626199	-0.558837	0.809786	0.178738	-0.445517	-0.474959	0.758899
57676	7.619024	3.097098	8.327267	0.424854	-0.414393	0.286858	0.695984	0.344802	0.629855	-0.562714	0.806786	0.180134	-0.446048	-0.479799	0.755536
57677	3.871303	0.109233	9.176498	0.212204	-0.751058	0.232684	0.691351	0.343005	0.635910	-0.565175	0.805047	0.180213	-0.450123	-0.483991	0.750428
57678	4.696891	0.185725	9.217887	0.509740	-1.301509	0.124306	0.684749	0.337642	0.645846	-0.568322	0.802152	0.183199	-0.456211	-0.492494	0.741162
57679	7.141342	1.829902	7.283839	0.812961	-1.456183	0.033223	0.677891	0.330651	0.656608	-0.572231	0.798039	0.188907	-0.461536	-0.503790	0.730192
57680	7.149658	1.161014	6.988408	0.668691	-1.305799	0.007517	0.671789	0.324062	0.666096	-0.575366	0.794631	0.193688	-0.466533	-0.513366	0.720279
57681	6.554954	1.918319	8.048504	0.721929	-1.309210	-0.094200	0.666224	0.316495	0.675260	-0.578039	0.791262	0.199438	-0.471186	-0.523197	0.710105
57682	7.283141	2.355911	7.555050	0.526634	-1.362583	-0.129068	0.660511	0.308281	0.684608	-0.579660	0.788907	0.204010	-0.477199	-0.531591	0.699780
57683	6.952673	2.497601	8.198728	0.374121	-1.311411	-0.092220	0.654678	0.300588	0.693573	-0.580897	0.787172	0.207169	-0.483689	-0.538523	0.689955
57684	6.402824	1.761761	8.647079	0.533158	-1.457309	-0.024970	0.647729	0.292473	0.703496	-0.583311	0.784371	0.210974	-0.490098	-0.547011	0.678663
57685	4.675440	1.689581	9.820404	0.541125	-1.795091	-0.015088	0.638919	0.282462	0.715541	-0.585897	0.781431	0.214686	-0.498505	-0.556400	0.664764
57686	2.452160	0.712677	9.951777	0.821431	-2.778629	-0.051623	0.625193	0.266395	0.733599	-0.589699	0.776964	0.220415	-0.511262	-0.570404	0.642845
57687	4.458240	0.887670	8.027226	1.559107	-3.844440	-0.220804	0.606582	0.242373	0.757175	-0.596394	0.768499	0.231781	-0.525711	-0.592169	0.610708
57688	5.900506	3.580702	7.968597	1.591538	-4.398352	-0.209489	0.584346	0.214226	0.782718	-0.603627	0.759396	0.242802	-0.542378	-0.614350	0.573062
57689	5.492547	2.965741	7.533893	1.576688	-4.976512	0.002063	0.556843	0.183179	0.810168	-0.612379	0.749515	0.251433	-0.561176	-0.636138	0.529537
57690	6.363343	2.842735	7.005981	1.786772	-5.618805	0.178815	0.523654	0.148112	0.838957	-0.623526	0.737669	0.258957	-0.580518	-0.658716	0.478635
57691	7.463058	3.672929	7.751737	1.744542	-6.079684	0.365671	0.485249	0.110279	0.867393	-0.635889	0.725401	0.263511	-0.600148	-0.679435	0.422126
57692	8.812748	3.322023	8.173634	1.727573	-6.399156	0.588198	0.442454	0.070426	0.894021	-0.649129	0.712993	0.265090	-0.618761	-0.697626	0.361182
57693	11.818257	4.388844	8.722134	1.728511	-6.577937	0.849288	0.395378	0.030063	0.918026	-0.663801	0.700158	0.262959	-0.634858	-0.713355	0.296783
57694	13.427968	5.028057	8.479372	1.362858	-6.438191	1.096633	0.346660	-0.008589	0.937951	-0.676605	0.690268	0.256389	-0.649640	-0.723503	0.233477
57695	13.618543	4.979164	8.137084	1.318574	-6.262016	1.319157	0.296267	-0.044984	0.954045	-0.689821	0.680791	0.246315	-0.660586	-0.731095	0.170665
57696	13.384574	7.132218	8.165615	1.217967	-6.122916	1.614027	0.244318	-0.078979	0.966473	-0.702260	0.672880	0.232514	-0.668684	-0.735523	0.108933
57697	13.369821	6.170057	8.152305	0.837564	-5.955549	1.774142	0.191231	-0.110802	0.975271	-0.712162	0.668106	0.215545	-0.675467	-0.735770	0.048853
57698	13.144517	6.268756	9.702161	0.785102	-5.995879	1.908872	0.136908	-0.142143	0.980332	-0.720595	0.664775	0.197023	-0.679706	-0.733396	-0.011415
57699	12.313373	6.229235	12.146081	0.068944	-5.831858	1.903472	0.082768	-0.171940	0.981624	-0.723613	0.666904	0.177828	-0.685225	-0.725035	-0.069220
57700	12.145199	3.890875	13.595711	-0.147136	-5.865360	1.875539	0.028857	-0.201581	0.979047	-0.723627	0.671489	0.159585	-0.689588	-0.713070	-0.126492
57701	12.445389	2.451307	16.922342	0.028537	-5.348800	1.566821	-0.019742	-0.228836	0.973265	-0.724276	0.674336	0.143860	-0.689228	-0.702072	-0.179053
57702	-3.498079	4.404498	16.517727	-1.676797	-3.120112	1.160783	-0.049764	-0.242545	0.968863	-0.712200	0.688710	0.135831	-0.700211	-0.683265	-0.207013
57703	-10.175917	-9.217129	0.318291	3.264657	-8.148057	0.921252	-0.112091	-0.291805	0.949887	-0.734019	0.668659	0.118794	-0.669815	-0.683919	-0.289141
57704	52.943247	45.820318	27.304661	5.364100	-4.397507	-0.385083	-0.137660	-0.324868	0.935687	-0.769194	0.630221	0.105646	-0.624011	-0.705182	-0.336643
57705	23.252205	-0.518367	12.482495	-4.419978	2.213759	2.560871	-0.142398	-0.292590	0.945576	-0.737386	0.668636	0.095851	-0.660291	-0.683606	-0.310964
57706	7.872141	7.319838	25.222731	2.042468	3.230290	-2.061996	-0.105879	-0.283723	0.953043	-0.753300	0.648519	0.109377	-0.649099	-0.706346	-0.282394
57707	12.491977	17.745249	19.416737	-1.459973	4.115703	-0.698078	-0.073204	-0.258760	0.963164	-0.744578	0.656691	0.119833	-0.663509	-0.708379	-0.240740
57708	2.890233	1.376661	10.271859	-1.788856	4.863500	-0.359337	-0.037890	-0.226687	0.973230	-0.732742	0.668515	0.127185	-0.679450	-0.708308	-0.191433
57709	4.582868	2.825391	10.427034	-1.430248	4.804912	-0.411432	-0.001503	-0.194901	0.980822	-0.723289	0.677513	0.133522	-0.690543	-0.709217	-0.141988
57710	6.391374	1.079069	10.066066	-1.286123	5.292483	-0.333319	0.037664	-0.159615	0.986461	-0.714270	0.686073	0.138283	-0.698856	-0.709808	-0.088168
57711	7.734149	0.734004	9.698995	-1.284249	5.953451	-0.200153	0.081329	-0.118132	0.989662	-0.705444	0.694622	0.140887	-0.704084	-0.709609	-0.026842
57712	7.354285	-0.715117	9.009486	-0.938527	6.617590	-0.154310	0.129006	-0.072242	0.989009	-0.698651	0.701159	0.142348	-0.703736	-0.709336	0.039982
57713	7.886096	-0.936082	8.431891	-0.555180	7.179286	-0.176996	0.180940	-0.021835	0.983252	-0.694834	0.704706	0.143514	-0.696037	-0.709164	0.112338
57714	7.785049	-1.673517	6.269259	-0.248229	7.612049	-0.152412	0.234464	0.031018	0.971630	-0.692785	0.706493	0.144623	-0.681964	-0.707040	0.187136
57715	5.602460	-1.217584	3.319730	0.106400	7.710225	-0.070780	0.287097	0.085753	0.954056	-0.693696	0.705451	0.145341	-0.660576	-0.703552	0.262019
57716	2.674064	0.931903	1.945244	0.315897	7.421981	0.131488	0.334289	0.138697	0.932209	-0.696135	0.703111	0.145022	-0.635332	-0.697422	0.331594
57717	1.247874	3.981121	2.694369	0.077177	6.759215	0.331918	0.374354	0.188702	0.907882	-0.698178	0.701693	0.142039	-0.610252	-0.687036	0.394429
57718	1.844431	3.825134	4.148140	-0.304261	5.937009	0.221205	0.408418	0.230629	0.883179	-0.697203	0.703317	0.138754	-0.589154	-0.672425	0.448043
57719	3.842878	4.047929	6.060164	-0.415217	5.154544	-0.275004	0.440403	0.263822	0.858162	-0.694013	0.706419	0.138991	-0.569553	-0.656788	0.494205
57720	5.821890	5.324621	7.592506	-0.539638	4.711181	-0.867386	0.472806	0.288226	0.832694	-0.687013	0.712330	0.143524	-0.551786	-0.639931	0.534809
57721	8.014940	5.751315	7.870375	-0.889052	4.551675	-1.150437	0.505546	0.309523	0.805369	-0.676936	0.721048	0.147810	-0.534959	-0.619908	0.574050
57722	8.757199	3.670102	7.274148	-1.227529	4.822767	-1.109236	0.538378	0.330786	0.775067	-0.664670	0.732077	0.149256	-0.518037	-0.595520	0.613998
57723	6.779962	2.207146	7.188471	-0.988950	4.824999	-1.022671	0.569734	0.352264	0.742505	-0.654368	0.741041	0.150535	-0.497199	-0.571636	0.652707
57724	5.306665	2.434493	8.170955	-0.733810	4.354194	-0.847456	0.596440	0.370396	0.712086	-0.645844	0.748235	0.151758	-0.476597	-0.550411	0.685495
57725	7.490282	3.582377	9.068875	-0.572364	3.616447	-0.526854	0.616787	0.386861	0.685501	-0.640369	0.753037	0.151204	-0.457713	-0.532235	0.712198
57726	12.306588	3.350400	11.097135	-0.356313	3.161908	-0.265858	0.632675	0.401458	0.662234	-0.637103	0.755965	0.150387	-0.440252	-0.517057	0.734051
57727	17.368435	3.686395	13.334311	-0.045598	3.338824	-0.270041	0.648758	0.417254	0.636406	-0.635567	0.757021	0.151568	-0.418530	-0.502810	0.756317
57728	17.365243	4.183136	13.454571	0.091026	3.740828	-0.389447	0.666408	0.432843	0.607080	-0.633373	0.758235	0.154655	-0.393368	-0.487572	0.779445
57729	15.009547	4.112735	11.665553	0.089808	3.787776	-0.435253	0.683542	0.448457	0.575896	-0.631147	0.759458	0.157722	-0.366638	-0.471285	0.802164
57730	14.682723	2.892501	9.601518	0.011996	3.547054	-0.393811	0.698584	0.461911	0.546460	-0.628469	0.761202	0.159994	-0.342064	-0.455202	0.822060
57731	16.532107	0.448046	9.350697	0.222504	3.309608	-0.397836	0.711939	0.474405	0.517767	-0.626742	0.761826	0.163758	-0.316760	-0.441092	0.839703
57732	20.713504	-1.003672	10.979569	0.647878	3.284754	-0.525973	0.725173	0.484727	0.489043	-0.624929	0.761530	0.171861	-0.289116	-0.430246	0.855161
57733	24.178683	-1.093622	11.155488	1.157117	3.534587	-0.735284	0.739307	0.494811	0.456713	-0.623015	0.759987	0.185126	-0.255493	-0.421404	0.870139
57734	25.002403	0.218139	9.659066	1.355234	3.910219	-0.904227	0.754172	0.504260	0.420651	-0.619477	0.758859	0.200950	-0.217884	-0.412135	0.884687
57735	23.300699	0.548030	5.966992	1.290148	4.104176	-0.995776	0.768346	0.513906	0.381504	-0.614717	0.758518	0.216272	-0.178234	-0.400689	0.898711
57736	21.332789	0.350718	3.084175	0.948331	4.005834	-0.932959	0.780447	0.522623	0.343173	-0.609018	0.759619	0.228200	-0.141418	-0.387097	0.911129
57737	21.374528	-1.817406	0.623817	0.651530	3.709785	-0.790178	0.789760	0.531104	0.306932	-0.603839	0.761182	0.236602	-0.107971	-0.372196	0.921853
57738	22.328408	-4.285304	-2.968824	0.679675	3.383559	-0.688088	0.797017	0.538257	0.273940	-0.599022	0.762376	0.244860	-0.077048	-0.359253	0.930054
57739	21.959447	-4.013337	-6.860071	0.794499	3.096439	-0.635345	0.802636	0.544656	0.243154	-0.594592	0.762918	0.253802	-0.047272	-0.348289	0.936195
57740	19.825330	-4.844172	-11.030392	0.776294	2.548490	-0.436240	0.806096	0.550122	0.218117	-0.591369	0.762633	0.262057	-0.022180	-0.340231	0.940080
57741	18.354442	-5.039275	-13.891306	0.778582	1.745104	-0.419969	0.808710	0.553025	0.200379	-0.588198	0.762248	0.270186	-0.003319	-0.336365	0.941726
57742	18.118819	-3.708937	-14.646958	0.553192	0.867416	-0.460274	0.811380	0.552450	0.190950	-0.584478	0.762931	0.276263	0.006939	-0.335760	0.941922
57743	18.482467	-2.784641	-13.088148	0.193703	0.085988	-0.529610	0.814436	0.548758	0.188570	-0.580187	0.765187	0.279056	0.008842	-0.336679	0.941578
57744	18.816877	-1.778149	-9.936396	-0.004715	-0.586222	-0.702689	0.818517	0.541405	0.192120	-0.574468	0.769032	0.280315	0.004018	-0.339809	0.940486
57745	8.677442	-0.628756	-1.833300	-0.119426	-1.027405	-0.950381	0.823951	0.530534	0.199095	-0.566638	0.774546	0.281070	-0.005091	-0.344402	0.938808
57746	10.583474	1.791477	-6.726589	0.485141	-4.822944	-0.257211	0.824255	0.511252	0.243361	-0.564650	0.774144	0.286131	-0.042111	-0.373258	0.926771
57747	-11.438288	3.586016	16.501164	0.501600	-0.862885	-0.026941	0.824049	0.507735	0.251296	-0.564615	0.772396	0.290884	-0.046408	-0.381588	0.923167
57748	-4.510090	12.089405	24.149692	1.191125	-5.613626	0.150313	0.819474	0.486445	0.303042	-0.566655	0.766883	0.301318	-0.085823	-0.418642	0.904087
57749	41.022207	31.830401	15.570462	-1.924749	-2.305617	1.027746	0.811314	0.484684	0.326880	-0.573062	0.769940	0.280702	-0.115626	-0.415060	0.902417
57750	-1.412055	-5.828036	3.527273	-3.595347	-0.649346	2.759358	0.794409	0.503349	0.339932	-0.590605	0.770792	0.238884	-0.141775	-0.390538	0.909605
57751	-3.539337	-5.926032	-2.388940	-0.562679	-3.977937	-0.303832	0.789936	0.484987	0.375218	-0.587187	0.774590	0.234994	-0.176671	-0.405953	0.896655
57752	15.260594	0.061451	8.918035	-0.171325	-3.864468	-0.118415	0.783184	0.468070	0.409308	-0.585937	0.775867	0.233898	-0.208088	-0.423014	0.881906
57753	14.129523	-1.693151	18.151911	-0.280054	-3.214356	0.104575	0.775497	0.454922	0.437779	-0.586040	0.776630	0.231091	-0.234864	-0.435766	0.868877
57754	7.629702	-1.157925	11.358292	-0.279036	-3.059141	0.296611	0.766174	0.443737	0.464838	-0.587645	0.776533	0.227309	-0.260097	-0.447318	0.855720
57755	24.863864	-4.358013	11.001817	-0.867729	-3.188134	2.225407	0.744203	0.446436	0.496846	-0.601995	0.770580	0.209305	-0.289418	-0.454865	0.842220
57756	3.633427	1.093683	9.009742	0.188599	-1.850775	-0.205759	0.739957	0.436363	0.511909	-0.601032	0.770626	0.211885	-0.302031	-0.464460	0.832499
57757	13.287316	7.960334	11.293128	-0.346246	-2.072789	0.457858	0.730787	0.430037	0.530112	-0.603232	0.770318	0.206690	-0.319471	-0.470827	0.822350
57758	12.302860	0.981143	11.237453	-0.458508	-1.276717	0.666138	0.722591	0.429162	0.541924	-0.606586	0.769625	0.199325	-0.331536	-0.472754	0.816448
57759	6.230756	-1.944642	8.569041	-0.406135	-0.677473	0.230557	0.718967	0.427525	0.548004	-0.606757	0.770640	0.194834	-0.339017	-0.472584	0.813469
57760	8.646855	3.765148	9.758881	0.166056	-0.634529	-0.007358	0.716839	0.424477	0.553137	-0.607274	0.769889	0.196186	-0.342578	-0.476539	0.809661
