// General information: 
//  MT Manager version: 2022.2.0 
//  XDA version: 2022.2.0 build 7381 rev 124627 built on 2023-07-19
// Device information: 
//  DeviceId: 00B4CAF0
//  ProductCode: MTW2-3A7G6
//  Firmware Version: 4.6.0
//  Hardware Version: 2.0.0
// Device settings: 
//  Filter Profile: human(46.1)
//  Option Flags: Orientation Smoother Disabled, Position/Velocity Smoother Disabled, Continuous Zero Rotation Update Disabled, AHS Disabled, ICC Disabled
// Coordinate system: ENU
PacketCounter	Acc_X	Acc_Y	Acc_Z	Gyr_X	Gyr_Y	Gyr_Z	Mat[1][1]	Mat[2][1]	Mat[3][1]	Mat[1][2]	Mat[2][2]	Mat[3][2]	Mat[1][3]	Mat[2][3]	Mat[3][3]
13766	5.377258	0.250789	8.628923	0.001068	-0.001797	0.000536	0.788719	0.317728	0.526280	-0.384868	0.922762	0.019695	-0.479373	-0.218082	0.850083
13767	5.385184	0.221357	8.645078	0.002475	-0.001145	0.004229	0.788693	0.317760	0.526301	-0.384901	0.922748	0.019678	-0.479390	-0.218093	0.850071
13768	5.397645	0.241462	8.638870	0.000825	-0.000382	0.001410	0.788681	0.317695	0.526358	-0.384788	0.922797	0.019582	-0.479500	-0.217981	0.850037
13769	5.371613	0.261001	8.650104	0.003299	-0.001527	0.005639	0.788647	0.317738	0.526383	-0.384837	0.922777	0.019564	-0.479518	-0.218000	0.850023
13770	5.397941	0.241398	8.638687	0.000388	-0.003001	0.002198	0.788584	0.317721	0.526487	-0.384842	0.922775	0.019553	-0.479617	-0.218034	0.849958
13771	5.392073	0.251598	8.660008	0.002911	0.001473	0.003441	0.788572	0.317751	0.526486	-0.384871	0.922763	0.019543	-0.479612	-0.218041	0.849959
13772	5.418212	0.232110	8.648704	0.001068	-0.001797	0.000536	0.788573	0.317678	0.526530	-0.384765	0.922809	0.019486	-0.479696	-0.217957	0.849933
13773	5.359450	0.241106	8.656123	0.005095	0.003499	0.001527	0.788579	0.317694	0.526511	-0.384790	0.922798	0.019504	-0.479667	-0.217977	0.849945
13774	5.404335	0.272089	8.653911	0.000145	-0.001586	0.003071	0.788576	0.317682	0.526522	-0.384799	0.922793	0.019540	-0.479664	-0.218014	0.849937
13775	5.377575	0.251353	8.628709	0.008928	0.004761	0.002432	0.788584	0.317710	0.526493	-0.384849	0.922772	0.019586	-0.479610	-0.218066	0.849954
13776	5.397497	0.242470	8.638934	0.003833	0.001262	0.000905	0.788560	0.317657	0.526562	-0.384777	0.922803	0.019533	-0.479708	-0.218012	0.849912
13777	5.362838	0.251225	8.597556	0.005676	0.004532	0.003809	0.788562	0.317697	0.526535	-0.384822	0.922784	0.019544	-0.479669	-0.218034	0.849929
13778	5.409324	0.263115	8.633104	0.002766	0.003059	0.000369	0.788591	0.317661	0.526513	-0.384799	0.922793	0.019589	-0.479640	-0.218049	0.849941
13779	5.376394	0.252605	8.629409	0.004027	0.005296	0.000990	0.788607	0.317676	0.526480	-0.384813	0.922786	0.019601	-0.479601	-0.218054	0.849962
13780	5.343941	0.282427	8.662290	0.000096	0.003864	0.004029	0.788616	0.317654	0.526480	-0.384752	0.922813	0.019537	-0.479637	-0.217971	0.849963
13781	5.389943	0.253528	8.661277	0.002765	0.003059	0.000369	0.788624	0.317659	0.526465	-0.384755	0.922812	0.019541	-0.479621	-0.217971	0.849972
13782	5.369631	0.262941	8.651276	0.002230	0.000270	0.005102	0.788497	0.317672	0.526647	-0.384767	0.922809	0.019439	-0.479819	-0.217963	0.849862
13783	5.395757	0.243226	8.640000	-0.000098	-0.000170	0.003944	0.788476	0.317702	0.526660	-0.384785	0.922802	0.019399	-0.479840	-0.217947	0.849854
13784	5.409401	0.203591	8.634941	0.002184	0.002025	-0.001914	0.788570	0.317593	0.526585	-0.384635	0.922865	0.019400	-0.479806	-0.217842	0.849901
13785	5.467916	0.235709	8.664554	0.006743	0.013802	0.002314	0.788622	0.317639	0.526480	-0.384673	0.922849	0.019428	-0.479690	-0.217844	0.849966
13786	5.380099	0.283982	8.646276	0.008588	0.013378	-0.002755	0.788662	0.317590	0.526449	-0.384624	0.922868	0.019459	-0.479663	-0.217832	0.849984
13787	5.412710	0.235791	8.652049	0.008101	0.016208	-0.001011	0.788738	0.317610	0.526323	-0.384642	0.922860	0.019516	-0.479524	-0.217838	0.850061
13788	5.397658	0.276250	8.657945	0.009168	0.014410	-0.000474	0.788813	0.317591	0.526222	-0.384640	0.922858	0.019608	-0.479401	-0.217873	0.850121
13789	5.369505	0.256016	8.633596	0.008873	0.021273	0.001352	0.788905	0.317644	0.526053	-0.384680	0.922841	0.019658	-0.479219	-0.217871	0.850225
13790	5.355701	0.236733	8.640612	0.010477	0.011197	-0.000810	0.788897	0.317619	0.526079	-0.384675	0.922842	0.019688	-0.479235	-0.217901	0.850208
13791	5.318827	0.305807	8.598656	0.008098	0.016205	-0.001014	0.788973	0.317639	0.525953	-0.384693	0.922833	0.019744	-0.479096	-0.217908	0.850284
13792	5.418469	0.259681	8.649929	0.006300	0.011181	0.003100	0.789043	0.317671	0.525830	-0.384781	0.922793	0.019899	-0.478911	-0.218031	0.850357
13793	5.310742	0.317264	8.621265	0.011299	0.010814	0.000600	0.789086	0.317695	0.525750	-0.384827	0.922773	0.019975	-0.478802	-0.218084	0.850405
13794	5.376759	0.320356	8.667325	0.008870	0.010205	0.003385	0.789118	0.317714	0.525691	-0.384888	0.922745	0.020075	-0.478701	-0.218174	0.850439
13795	5.329378	0.309127	8.632281	0.005670	0.004530	0.003808	0.789119	0.317753	0.525665	-0.384933	0.922726	0.020086	-0.478663	-0.218196	0.850454
13796	5.349248	0.299931	8.642578	0.003486	0.002507	0.005722	0.789134	0.317765	0.525636	-0.384966	0.922711	0.020136	-0.478612	-0.218241	0.850471
13797	5.342805	0.269577	8.627412	0.004116	-0.001907	0.007052	0.789092	0.317820	0.525665	-0.385028	0.922686	0.020116	-0.478631	-0.218270	0.850454
13798	5.361850	0.319816	8.636294	0.000864	-0.002133	0.008427	0.789073	0.317808	0.525702	-0.384972	0.922711	0.020022	-0.478708	-0.218179	0.850433
13799	5.363544	0.259763	8.637189	0.001596	-0.006379	0.005813	0.789014	0.317842	0.525769	-0.385012	0.922695	0.019987	-0.478772	-0.218198	0.850393
13800	5.352087	0.279869	8.679586	-0.003546	-0.004427	0.005239	0.788995	0.317846	0.525796	-0.385040	0.922683	0.020014	-0.478781	-0.218244	0.850375
13801	5.364620	0.258962	8.636545	0.001158	-0.008997	0.006603	0.788921	0.317882	0.525885	-0.385085	0.922665	0.019972	-0.478867	-0.218267	0.850321
13802	5.377990	0.278513	8.629792	-0.004035	-0.012661	0.009021	0.788844	0.317848	0.526020	-0.384998	0.922705	0.019817	-0.479062	-0.218149	0.850241
13803	5.366512	0.257878	8.635401	0.000334	-0.008616	0.005192	0.788778	0.317871	0.526106	-0.385028	0.922693	0.019775	-0.479149	-0.218163	0.850189
13804	5.413611	0.228436	8.633786	-0.003598	-0.010044	0.008230	0.788698	0.317841	0.526244	-0.384946	0.922730	0.019620	-0.479345	-0.218050	0.850107
13805	5.328401	0.316081	8.650669	-0.000347	-0.009819	0.006853	0.788619	0.317877	0.526341	-0.384985	0.922715	0.019563	-0.479444	-0.218061	0.850049
13806	5.409607	0.237622	8.653939	-0.002047	-0.014673	0.007024	0.788507	0.317898	0.526496	-0.385079	0.922675	0.019603	-0.479553	-0.218200	0.849952
13807	5.336662	0.304779	8.627935	-0.002290	-0.013258	0.007895	0.788407	0.317936	0.526622	-0.385117	0.922661	0.019525	-0.479686	-0.218205	0.849875
13808	5.432040	0.226982	8.662656	-0.002777	-0.010428	0.009638	0.788265	0.317972	0.526813	-0.385168	0.922642	0.019439	-0.479879	-0.218235	0.849759
13809	5.384866	0.274384	8.625636	-0.004424	-0.009664	0.006819	0.788187	0.318007	0.526909	-0.385187	0.922636	0.019348	-0.479992	-0.218208	0.849702
13810	5.393536	0.244220	8.641358	-0.003358	-0.011462	0.007356	0.788097	0.317986	0.527056	-0.385151	0.922653	0.019250	-0.480169	-0.218167	0.849612
13811	5.394455	0.243679	8.640800	-0.001173	-0.009439	0.005441	0.788025	0.318009	0.527150	-0.385175	0.922644	0.019194	-0.480268	-0.218170	0.849556
13812	5.393531	0.262415	8.602632	-0.001855	-0.010642	0.007103	0.787969	0.317952	0.527268	-0.385064	0.922693	0.019055	-0.480448	-0.218047	0.849485
13813	5.390189	0.252913	8.661143	-0.000835	-0.006991	0.008594	0.787896	0.318009	0.527342	-0.385114	0.922674	0.018985	-0.480527	-0.218045	0.849441
13814	5.403385	0.272636	8.654486	0.001396	-0.010418	0.005725	0.787859	0.317951	0.527433	-0.385045	0.922704	0.018934	-0.480644	-0.218003	0.849386
13815	5.383114	0.241117	8.607596	-0.001023	0.000043	0.006477	0.787829	0.318005	0.527446	-0.385077	0.922691	0.018873	-0.480668	-0.217976	0.849379
13816	5.404208	0.271763	8.654000	-0.002340	-0.007812	0.008846	0.787851	0.318006	0.527411	-0.385103	0.922679	0.018935	-0.480610	-0.218026	0.849399
13817	5.383916	0.240031	8.607125	0.000866	-0.002138	0.008423	0.787803	0.318073	0.527443	-0.385160	0.922657	0.018881	-0.480643	-0.218024	0.849381
13818	5.420351	0.211877	8.686154	-0.001462	-0.002576	0.007266	0.787742	0.318096	0.527520	-0.385194	0.922643	0.018852	-0.480716	-0.218048	0.849334
13819	5.380268	0.230103	8.665847	-0.001463	-0.002576	0.007266	0.787697	0.318151	0.527555	-0.385230	0.922629	0.018783	-0.480762	-0.218026	0.849313
13820	5.386354	0.219483	8.644397	0.001547	-0.000936	0.006761	0.787660	0.318183	0.527590	-0.385308	0.922596	0.018836	-0.480759	-0.218121	0.849290
13821	5.412378	0.199676	8.633166	0.000340	0.002448	0.003153	0.787654	0.318210	0.527582	-0.385320	0.922591	0.018805	-0.480758	-0.218100	0.849296
13822	5.378694	0.248561	8.628092	0.001349	-0.004970	0.006678	0.787619	0.318218	0.527630	-0.385362	0.922573	0.018837	-0.480783	-0.218164	0.849266
13823	5.405076	0.228561	8.616641	-0.003110	-0.001810	0.004448	0.787588	0.318249	0.527658	-0.385368	0.922572	0.018770	-0.480829	-0.218125	0.849250
13824	5.413614	0.239270	8.669316	-0.000540	-0.002789	0.004732	0.787553	0.318236	0.527718	-0.385365	0.922574	0.018757	-0.480890	-0.218136	0.849212
13825	5.393689	0.248349	8.659095	-0.001363	-0.002406	0.003323	0.787523	0.318255	0.527752	-0.385370	0.922572	0.018711	-0.480934	-0.218115	0.849193
13826	5.405733	0.227559	8.616256	-0.001363	-0.002406	0.003323	0.787574	0.318186	0.527717	-0.385262	0.922618	0.018682	-0.480937	-0.218022	0.849215
13827	5.361165	0.237250	8.655167	0.002285	0.005886	0.002111	0.787589	0.318211	0.527679	-0.385276	0.922613	0.018673	-0.480901	-0.218009	0.849239
13828	5.399507	0.237486	8.637816	-0.003110	-0.001810	0.004448	0.787537	0.318205	0.527761	-0.385264	0.922618	0.018622	-0.480996	-0.217993	0.849189
13829	5.412024	0.257199	8.631590	-0.000923	0.000212	0.002534	0.787523	0.318222	0.527772	-0.385266	0.922619	0.018584	-0.481018	-0.217968	0.849183
13830	5.411791	0.257238	8.631735	0.004032	0.005290	0.000986	0.787523	0.318205	0.527782	-0.385275	0.922614	0.018631	-0.481010	-0.218014	0.849176
13831	5.399022	0.237240	8.638126	0.000340	0.002448	0.003153	0.787517	0.318232	0.527774	-0.385288	0.922609	0.018600	-0.481010	-0.217993	0.849181
13832	5.390989	0.266597	8.622055	0.000780	0.005066	0.002364	0.787540	0.318195	0.527762	-0.385224	0.922636	0.018571	-0.481023	-0.217932	0.849189
13833	5.390702	0.266710	8.622231	0.003010	0.001639	-0.000505	0.787544	0.318187	0.527761	-0.385220	0.922638	0.018582	-0.481019	-0.217939	0.849190
13834	5.378093	0.246818	8.628517	0.001263	0.002235	0.000619	0.787614	0.318110	0.527702	-0.385121	0.922679	0.018597	-0.480984	-0.217876	0.849226
13835	5.377902	0.246893	8.628634	0.001263	0.002235	0.000619	0.787617	0.318114	0.527695	-0.385118	0.922680	0.018587	-0.480981	-0.217865	0.849230
13836	5.403921	0.227402	8.617397	0.002570	-0.000979	0.000284	0.787625	0.318046	0.527725	-0.385055	0.922706	0.018600	-0.481019	-0.217853	0.849212
13837	5.425844	0.199126	8.665125	0.006161	0.001693	0.002060	0.787620	0.318061	0.527723	-0.385086	0.922693	0.018624	-0.481002	-0.217888	0.849212
13838	5.371613	0.258066	8.650192	0.004955	0.005077	-0.001548	0.787634	0.317995	0.527742	-0.385018	0.922721	0.018633	-0.481033	-0.217866	0.849200
13839	5.389747	0.268494	8.622772	0.007326	0.000064	-0.001346	0.787635	0.317975	0.527753	-0.385028	0.922716	0.018685	-0.481025	-0.217917	0.849192
13840	5.377330	0.248987	8.628930	0.002670	-0.000809	-0.003658	0.787650	0.317886	0.527784	-0.384969	0.922739	0.018748	-0.481047	-0.217947	0.849172
13841	5.377452	0.249515	8.628839	0.006062	-0.002171	-0.001965	0.787642	0.317856	0.527814	-0.384968	0.922739	0.018793	-0.481061	-0.217994	0.849152
13842	5.404385	0.270950	8.653915	0.003053	-0.003810	-0.001459	0.787624	0.317793	0.527879	-0.384956	0.922742	0.018868	-0.481100	-0.218071	0.849110
13843	5.398187	0.240964	8.638545	0.003053	-0.003810	-0.001459	0.787606	0.317763	0.527924	-0.384945	0.922746	0.018885	-0.481139	-0.218095	0.849082
13844	5.405037	0.271636	8.653487	0.003053	-0.003810	-0.001459	0.787536	0.317701	0.528065	-0.384913	0.922760	0.018884	-0.481278	-0.218131	0.848994
13845	5.372730	0.261355	8.649400	0.004557	-0.002991	-0.001713	0.787523	0.317671	0.528103	-0.384907	0.922762	0.018915	-0.481304	-0.218166	0.848970
13846	5.419208	0.232723	8.648063	0.003634	-0.002778	0.000821	0.787537	0.317612	0.528118	-0.384884	0.922770	0.018988	-0.481300	-0.218218	0.848959
13847	5.391519	0.271891	8.621558	0.004316	-0.001575	-0.000841	0.787528	0.317593	0.528143	-0.384883	0.922769	0.019012	-0.481316	-0.218246	0.848942
13848	5.436717	0.302831	8.619140	-0.001263	-0.002235	-0.000619	0.787516	0.317534	0.528196	-0.384844	0.922785	0.019036	-0.481366	-0.218265	0.848909
13849	5.406054	0.273256	8.652800	0.008971	-0.000702	0.001470	0.787502	0.317539	0.528214	-0.384884	0.922767	0.019088	-0.481358	-0.218333	0.848896
13850	5.406034	0.273746	8.652797	0.003833	0.001256	0.000902	0.787469	0.317476	0.528301	-0.384798	0.922805	0.019020	-0.481480	-0.218267	0.848844
13851	5.379244	0.253070	8.627619	0.003832	0.001256	0.000902	0.787466	0.317479	0.528303	-0.384809	0.922800	0.019031	-0.481476	-0.218282	0.848843
13852	5.413540	0.244867	8.669207	0.003832	0.001256	0.000902	0.787462	0.317433	0.528337	-0.384776	0.922814	0.019049	-0.481510	-0.218291	0.848821
13853	5.391340	0.273814	8.621609	0.006600	0.004311	0.001267	0.787472	0.317446	0.528314	-0.384802	0.922802	0.019081	-0.481472	-0.218322	0.848835
13854	5.385206	0.284401	8.643083	0.001505	0.000819	-0.000253	0.787541	0.317367	0.528259	-0.384728	0.922832	0.019143	-0.481419	-0.218312	0.848867
13855	5.431309	0.255607	8.641995	0.002186	0.002021	-0.001915	0.787553	0.317345	0.528255	-0.384708	0.922840	0.019155	-0.481415	-0.218309	0.848870
13856	5.409245	0.284438	8.594314	0.005478	0.000491	0.003720	0.787510	0.317332	0.528326	-0.384725	0.922832	0.019174	-0.481471	-0.218360	0.848825
13857	5.384887	0.284788	8.643269	-0.002088	0.001844	0.005939	0.787491	0.317383	0.528324	-0.384746	0.922825	0.019108	-0.481486	-0.218318	0.848828
13858	5.352116	0.273775	8.639497	0.000340	0.002449	0.003152	0.787504	0.317343	0.528329	-0.384688	0.922849	0.019085	-0.481512	-0.218271	0.848825
13859	5.390559	0.274017	8.622091	0.000722	-0.000552	0.005351	0.787475	0.317383	0.528348	-0.384718	0.922838	0.019046	-0.481534	-0.218263	0.848814
13860	5.392429	0.254438	8.659703	-0.002529	-0.000774	0.006729	0.787450	0.317370	0.528392	-0.384671	0.922859	0.018967	-0.481612	-0.218193	0.848789
13861	5.352211	0.272721	8.639472	-0.001605	-0.000988	0.004196	0.787424	0.317398	0.528414	-0.384681	0.922856	0.018914	-0.481647	-0.218165	0.848776
13862	5.435539	0.263055	8.582975	0.001828	-0.007801	0.004936	0.787300	0.317410	0.528593	-0.384757	0.922824	0.018929	-0.481790	-0.218282	0.848665
13863	5.373264	0.262898	8.649021	0.001104	-0.003553	0.007550	0.787248	0.317463	0.528637	-0.384806	0.922804	0.018882	-0.481835	-0.218288	0.848638
13864	5.423997	0.242427	8.588625	-0.000982	-0.005405	0.005523	0.787243	0.317407	0.528678	-0.384719	0.922842	0.018822	-0.481912	-0.218210	0.848614
13865	5.452053	0.203369	8.614897	0.000582	0.001033	0.002280	0.787234	0.317421	0.528683	-0.384724	0.922840	0.018798	-0.481923	-0.218196	0.848611
13866	5.438375	0.243008	8.619989	0.001404	0.000650	0.003689	0.787182	0.317412	0.528767	-0.384724	0.922841	0.018773	-0.482009	-0.218207	0.848559
13867	5.381310	0.232840	8.665127	0.003350	0.004087	0.002645	0.787186	0.317437	0.528746	-0.384745	0.922832	0.018770	-0.481985	-0.218208	0.848572
13868	5.425513	0.223014	8.626453	0.000581	0.001033	0.002280	0.787196	0.317415	0.528743	-0.384757	0.922826	0.018838	-0.481958	-0.218267	0.848573
13869	5.380902	0.233022	8.665375	0.005096	0.003490	0.001520	0.787202	0.317428	0.528727	-0.384778	0.922816	0.018857	-0.481932	-0.218286	0.848582
13870	5.419272	0.233782	8.647995	0.004074	-0.000161	0.000030	0.787290	0.317349	0.528643	-0.384737	0.922831	0.018992	-0.481821	-0.218340	0.848632
13871	5.426691	0.204627	8.664467	0.003791	0.006704	0.001853	0.787310	0.317372	0.528600	-0.384754	0.922824	0.018998	-0.481775	-0.218338	0.848659
13872	5.404194	0.233732	8.617056	0.006561	0.006062	-0.005747	0.787355	0.317297	0.528579	-0.384746	0.922824	0.019150	-0.481709	-0.218446	0.848668
13873	5.448593	0.265348	8.615123	0.009228	0.008947	-0.001441	0.787398	0.317294	0.528515	-0.384763	0.922815	0.019220	-0.481624	-0.218487	0.848706
13874	5.370845	0.265449	8.650446	0.009469	0.007530	-0.002312	0.787417	0.317247	0.528516	-0.384770	0.922810	0.019328	-0.481588	-0.218576	0.848703
13875	5.396253	0.246668	8.639592	0.006319	0.007477	-0.004877	0.787466	0.317210	0.528465	-0.384746	0.922819	0.019391	-0.481526	-0.218595	0.848734
13876	5.393714	0.266563	8.602390	0.006658	0.009926	-0.001726	0.787544	0.317130	0.528396	-0.384656	0.922855	0.019434	-0.481471	-0.218556	0.848775
13877	5.379602	0.306865	8.607699	0.003933	0.001423	-0.003040	0.787558	0.317096	0.528397	-0.384635	0.922863	0.019467	-0.481465	-0.218571	0.848774
13878	5.408674	0.249628	8.672107	0.010489	0.011180	-0.000825	0.787611	0.317064	0.528336	-0.384654	0.922853	0.019598	-0.481363	-0.218662	0.848809
13879	5.380217	0.289065	8.646034	0.000542	0.002785	-0.004734	0.787638	0.317017	0.528325	-0.384603	0.922874	0.019611	-0.481360	-0.218642	0.848816
13880	5.393238	0.249795	8.641385	0.007237	0.010959	0.000552	0.787671	0.317017	0.528275	-0.384657	0.922849	0.019733	-0.481262	-0.218748	0.848844
13881	5.391481	0.309912	8.640534	0.000440	0.002617	-0.000792	0.787682	0.317006	0.528266	-0.384637	0.922857	0.019726	-0.481261	-0.218728	0.848850
13882	5.372207	0.259797	8.631803	0.006598	0.004308	0.001266	0.787664	0.316990	0.528302	-0.384670	0.922842	0.019798	-0.481264	-0.218816	0.848826
13883	5.404453	0.270917	8.635913	0.004271	0.003872	0.000110	0.787677	0.316990	0.528283	-0.384676	0.922839	0.019818	-0.481238	-0.218828	0.848837
13884	5.365646	0.270806	8.653505	0.003589	0.002671	0.001772	0.787695	0.316927	0.528294	-0.384599	0.922871	0.019806	-0.481270	-0.218782	0.848831
13885	5.398114	0.281671	8.657486	0.002326	0.000436	0.001156	0.787687	0.316930	0.528304	-0.384603	0.922869	0.019804	-0.481279	-0.218787	0.848824
13886	5.389774	0.270605	8.604733	0.001504	0.000818	-0.000254	0.787712	0.316829	0.528327	-0.384467	0.922927	0.019758	-0.481348	-0.218688	0.848811
13887	5.396281	0.301022	8.619857	0.000822	-0.000382	0.001409	0.787699	0.316832	0.528344	-0.384466	0.922928	0.019742	-0.481369	-0.218681	0.848801
13888	5.450185	0.242451	8.635108	-0.001746	0.000598	0.001124	0.787726	0.316770	0.528341	-0.384396	0.922957	0.019748	-0.481381	-0.218648	0.848802
13889	5.389442	0.270640	8.604939	0.006935	0.006757	0.004415	0.787736	0.316816	0.528298	-0.384448	0.922935	0.019767	-0.481322	-0.218674	0.848829
13890	5.448269	0.302485	8.634354	0.001020	0.003651	0.001487	0.787730	0.316782	0.528328	-0.384423	0.922945	0.019777	-0.481353	-0.218680	0.848810
13891	5.382649	0.281229	8.626799	0.004609	0.006321	0.003259	0.787743	0.316817	0.528288	-0.384454	0.922932	0.019783	-0.481307	-0.218687	0.848835
13892	5.422335	0.262606	8.647419	0.001219	0.007683	0.001565	0.787779	0.316779	0.528256	-0.384405	0.922952	0.019791	-0.481286	-0.218655	0.848854
13893	5.414094	0.292193	8.631422	0.004029	0.005287	0.000980	0.787796	0.316790	0.528225	-0.384416	0.922947	0.019804	-0.481251	-0.218660	0.848873
13894	5.380845	0.281771	8.627907	0.005628	0.009971	0.004746	0.787833	0.316797	0.528166	-0.384442	0.922936	0.019865	-0.481170	-0.218699	0.848909
13895	5.380016	0.281933	8.628419	0.003302	0.009535	0.003590	0.787860	0.316841	0.528099	-0.384469	0.922924	0.019859	-0.481103	-0.218684	0.848951
13896	5.391892	0.301997	8.622569	0.002421	0.004301	0.005175	0.787865	0.316818	0.528105	-0.384426	0.922943	0.019826	-0.481129	-0.218637	0.848948
13897	5.378972	0.281737	8.629076	-0.000390	0.006698	0.005759	0.787870	0.316876	0.528063	-0.384453	0.922933	0.019777	-0.481100	-0.218597	0.848975
13898	5.366509	0.302345	8.672088	0.006112	0.007137	0.003005	0.787838	0.316885	0.528106	-0.384501	0.922912	0.019821	-0.481114	-0.218673	0.848947
13899	5.404093	0.262181	8.618479	0.001979	0.001685	0.005968	0.787817	0.316934	0.528107	-0.384541	0.922896	0.019790	-0.481115	-0.218670	0.848947
13900	5.430397	0.283151	8.643950	0.006008	0.006970	0.006947	0.787828	0.316959	0.528076	-0.384596	0.922872	0.019851	-0.481055	-0.218735	0.848965
13901	5.397274	0.272655	8.640347	0.006250	0.005554	0.006077	0.787826	0.317017	0.528044	-0.384657	0.922846	0.019856	-0.481009	-0.218759	0.848985
13902	5.383178	0.312777	8.645606	0.008679	0.006156	0.003291	0.787840	0.317002	0.528032	-0.384682	0.922834	0.019936	-0.480966	-0.218831	0.848991
13903	5.436721	0.254611	8.661119	0.002904	0.001469	0.003435	0.787829	0.317027	0.528034	-0.384706	0.922824	0.019927	-0.480965	-0.218837	0.848989
13904	5.409889	0.274842	8.672752	0.014410	0.016289	0.004091	0.787936	0.316997	0.527892	-0.384674	0.922836	0.020008	-0.480816	-0.218831	0.849076
13905	5.440848	0.245617	8.640905	0.006794	0.008335	0.001340	0.787965	0.317017	0.527836	-0.384700	0.922824	0.020043	-0.480746	-0.218852	0.849110
13906	5.346692	0.263712	8.607233	0.010777	0.019067	0.003262	0.788101	0.317015	0.527635	-0.384724	0.922811	0.020196	-0.480505	-0.218910	0.849231
13907	5.404732	0.296067	8.637156	0.008297	0.009152	0.001086	0.788135	0.317035	0.527571	-0.384756	0.922796	0.020245	-0.480422	-0.218942	0.849270
13908	5.384736	0.246467	8.628874	0.013144	0.014053	0.003473	0.788247	0.316991	0.527431	-0.384710	0.922814	0.020329	-0.480276	-0.218933	0.849355
13909	5.363505	0.256684	8.619379	0.008737	0.011766	0.000291	0.788297	0.317009	0.527345	-0.384737	0.922801	0.020387	-0.480172	-0.218960	0.849407
13910	5.342952	0.307477	8.646206	0.009557	0.011384	0.001700	0.788413	0.316955	0.527205	-0.384696	0.922816	0.020501	-0.480015	-0.218976	0.849491
13911	5.388574	0.279055	8.645571	0.008477	0.002122	0.003215	0.788406	0.316978	0.527201	-0.384744	0.922795	0.020541	-0.479987	-0.219032	0.849492
13912	5.361646	0.258663	8.620476	0.008917	0.004736	0.002420	0.788435	0.316957	0.527171	-0.384787	0.922774	0.020676	-0.479906	-0.219150	0.849508
13913	5.393890	0.269719	8.624636	0.004162	0.003702	0.004049	0.788432	0.316992	0.527154	-0.384822	0.922759	0.020675	-0.479882	-0.219161	0.849518
13914	5.375337	0.260249	8.652224	0.005711	-0.000929	0.002854	0.788476	0.316950	0.527112	-0.384842	0.922748	0.020819	-0.479793	-0.219270	0.849540
13915	5.373648	0.279534	8.614527	0.002901	0.001469	0.003434	0.788466	0.316974	0.527114	-0.384866	0.922738	0.020811	-0.479792	-0.219277	0.849540
13916	5.335241	0.279289	8.631782	0.004586	-0.004743	0.005312	0.788426	0.316948	0.527190	-0.384874	0.922734	0.020839	-0.479851	-0.219332	0.849492
13917	5.375952	0.260512	8.651834	0.000758	-0.005994	0.004410	0.788375	0.316964	0.527255	-0.384895	0.922726	0.020807	-0.479916	-0.219342	0.849452
13918	5.401336	0.300384	8.639130	-0.001945	-0.003432	0.001049	0.788337	0.316916	0.527341	-0.384867	0.922737	0.020811	-0.480002	-0.219363	0.849399
13919	5.342444	0.268569	8.609721	0.003659	-0.004526	0.007844	0.788281	0.316967	0.527395	-0.384929	0.922712	0.020786	-0.480045	-0.219395	0.849366
13920	5.375569	0.278948	8.613348	-0.003071	-0.007246	0.003507	0.788260	0.316903	0.527464	-0.384860	0.922742	0.020760	-0.480134	-0.219364	0.849324
13921	5.416319	0.259737	8.633377	-0.000412	-0.004361	0.007809	0.788205	0.316954	0.527516	-0.384902	0.922725	0.020701	-0.480191	-0.219359	0.849293
13922	5.390690	0.279027	8.644252	-0.000990	-0.005395	0.005531	0.788146	0.316926	0.527620	-0.384875	0.922738	0.020656	-0.480309	-0.219348	0.849229
13923	5.397180	0.268345	8.622621	-0.000748	-0.006812	0.004663	0.788091	0.316942	0.527693	-0.384891	0.922732	0.020611	-0.480387	-0.219347	0.849185
13924	5.410168	0.287989	8.616092	-0.000413	-0.004362	0.007809	0.788045	0.316926	0.527772	-0.384865	0.922744	0.020558	-0.480483	-0.219322	0.849137
13925	5.398117	0.267538	8.622059	-0.000991	-0.005396	0.005531	0.787993	0.316954	0.527833	-0.384887	0.922736	0.020506	-0.480551	-0.219314	0.849101
13926	5.406496	0.278379	8.674754	-0.002915	0.002234	0.004523	0.788030	0.316902	0.527809	-0.384792	0.922776	0.020458	-0.480567	-0.219218	0.849117
13927	5.366146	0.296822	8.654512	0.003615	0.000920	0.008784	0.787996	0.316974	0.527817	-0.384861	0.922748	0.020427	-0.480567	-0.219233	0.849113
13928	5.372116	0.245472	8.596436	-0.003474	-0.015309	0.003360	0.787939	0.316891	0.527951	-0.384793	0.922777	0.020407	-0.480714	-0.219232	0.849030
13929	5.457736	0.257342	8.614283	0.008193	0.008982	0.005022	0.787958	0.316945	0.527889	-0.384854	0.922751	0.020436	-0.480633	-0.219263	0.849067
13930	5.333085	0.304900	8.612132	-0.002655	-0.015692	0.004769	0.787882	0.316873	0.528047	-0.384792	0.922778	0.020390	-0.480809	-0.219253	0.848970
13931	5.373858	0.285774	8.632129	0.000914	0.003484	0.005424	0.787873	0.316919	0.528032	-0.384821	0.922767	0.020355	-0.480800	-0.219235	0.848980
13932	5.353359	0.354551	8.620246	-0.002279	-0.018690	0.006972	0.787757	0.316870	0.528235	-0.384791	0.922780	0.020295	-0.481014	-0.219248	0.848855
13933	5.344833	0.255076	8.664756	-0.002119	-0.009211	0.007988	0.787677	0.316912	0.528329	-0.384826	0.922768	0.020221	-0.481117	-0.219242	0.848799
13934	5.364688	0.263921	8.636352	-0.008057	-0.023373	0.007119	0.787526	0.316860	0.528586	-0.384783	0.922788	0.020114	-0.481399	-0.219231	0.848641
13935	5.386876	0.253726	8.645238	-0.002242	-0.024142	0.006026	0.787382	0.316851	0.528806	-0.384802	0.922781	0.020049	-0.481620	-0.219272	0.848506
13936	5.427427	0.253293	8.626590	-0.007376	-0.022177	0.005453	0.787298	0.316742	0.528996	-0.384662	0.922842	0.019925	-0.481869	-0.219172	0.848390
13937	5.436994	0.223221	8.641766	-0.002381	-0.022562	0.002951	0.787173	0.316708	0.529202	-0.384655	0.922846	0.019875	-0.482078	-0.219205	0.848263
13938	5.431321	0.252278	8.624169	-0.002383	-0.022563	0.002950	0.787110	0.316564	0.529381	-0.384500	0.922912	0.019802	-0.482304	-0.219134	0.848153
13939	5.427008	0.262327	8.644495	0.000348	-0.014065	0.004253	0.787022	0.316560	0.529515	-0.384517	0.922906	0.019768	-0.482435	-0.219165	0.848070
13940	5.441963	0.222402	8.638658	-0.001257	-0.018749	0.000492	0.786911	0.316458	0.529741	-0.384452	0.922934	0.019746	-0.482667	-0.219198	0.847930
13941	5.428156	0.281120	8.604998	-0.000234	-0.015100	0.001975	0.786826	0.316431	0.529883	-0.384448	0.922936	0.019719	-0.482809	-0.219228	0.847841
13942	5.469533	0.262262	8.624533	0.002295	-0.010634	0.003203	0.786791	0.316333	0.529993	-0.384350	0.922978	0.019688	-0.482944	-0.219193	0.847773
13943	5.462684	0.291710	8.607662	0.004141	-0.007367	0.006095	0.786728	0.316361	0.530071	-0.384399	0.922958	0.019676	-0.483008	-0.219238	0.847725
13944	5.412440	0.271259	8.630899	-0.002597	-0.010083	0.001766	0.786656	0.316299	0.530215	-0.384362	0.922973	0.019663	-0.483155	-0.219262	0.847635
13945	5.431371	0.280811	8.602979	0.002703	-0.002567	0.003354	0.786626	0.316312	0.530251	-0.384383	0.922965	0.019653	-0.483187	-0.219279	0.847613
13946	5.413253	0.270996	8.630397	0.000274	-0.003167	0.006142	0.786599	0.316288	0.530305	-0.384366	0.922972	0.019643	-0.483243	-0.219283	0.847579
13947	5.406064	0.300175	8.613755	0.002395	-0.006768	0.007218	0.786535	0.316327	0.530378	-0.384415	0.922952	0.019611	-0.483310	-0.219310	0.847535
13948	5.354079	0.298715	8.599313	-0.000957	-0.010851	0.004582	0.786389	0.316338	0.530588	-0.384501	0.922916	0.019628	-0.483479	-0.219447	0.847403
13949	5.415490	0.269910	8.629027	-0.004891	-0.012267	0.007624	0.786295	0.316368	0.530708	-0.384519	0.922911	0.019532	-0.483617	-0.219425	0.847330
13950	5.416666	0.269103	8.628314	-0.003011	-0.014452	0.009569	0.786208	0.316333	0.530857	-0.384473	0.922931	0.019444	-0.483794	-0.219388	0.847238
13951	5.398939	0.217849	8.618657	-0.005783	-0.017502	0.009210	0.786084	0.316367	0.531022	-0.384499	0.922923	0.019332	-0.483976	-0.219374	0.847138
13952	5.425467	0.256883	8.605200	-0.005784	-0.017503	0.009209	0.785970	0.316333	0.531210	-0.384459	0.922942	0.019232	-0.484192	-0.219344	0.847022
13953	5.428780	0.236895	8.641944	-0.004862	-0.017721	0.006675	0.785854	0.316343	0.531376	-0.384469	0.922940	0.019141	-0.484373	-0.219339	0.846920
13954	5.448622	0.245759	8.613437	-0.005102	-0.016304	0.007544	0.785734	0.316323	0.531565	-0.384478	0.922937	0.019097	-0.484560	-0.219380	0.846802
13955	5.464321	0.245931	8.643984	-0.005001	-0.016138	0.003604	0.785638	0.316308	0.531717	-0.384462	0.922945	0.019021	-0.484729	-0.219369	0.846708
13956	5.398599	0.243367	8.597829	-0.001169	-0.014890	0.004499	0.785528	0.316241	0.531918	-0.384401	0.922972	0.018945	-0.484954	-0.219351	0.846584
13957	5.452665	0.244013	8.610928	-0.005241	-0.014722	0.004473	0.785435	0.316236	0.532058	-0.384391	0.922977	0.018862	-0.485113	-0.219333	0.846498
13958	5.449127	0.294422	8.667749	-0.003705	-0.019358	0.003268	0.785355	0.316117	0.532248	-0.384256	0.923036	0.018770	-0.485351	-0.219260	0.846380
13959	5.428799	0.222148	8.583952	0.001156	-0.014460	0.005648	0.785259	0.316124	0.532386	-0.384286	0.923024	0.018735	-0.485483	-0.219300	0.846294
13960	5.430812	0.262517	8.619621	-0.003053	-0.012706	0.002554	0.785168	0.316048	0.532564	-0.384208	0.923058	0.018660	-0.485690	-0.219267	0.846184
13961	5.431130	0.221477	8.582495	-0.002816	-0.014124	0.001683	0.785089	0.316019	0.532698	-0.384188	0.923067	0.018613	-0.485834	-0.219269	0.846101
13962	5.425401	0.291433	8.601889	0.002286	-0.010643	0.003192	0.785098	0.315899	0.532756	-0.384073	0.923115	0.018627	-0.485910	-0.219241	0.846064
13963	5.433344	0.221198	8.581101	-0.001757	-0.015927	0.002218	0.785008	0.315871	0.532905	-0.384061	0.923120	0.018586	-0.486065	-0.219259	0.845971
13964	5.433418	0.280718	8.579174	-0.000518	-0.008240	0.003782	0.784901	0.315841	0.533081	-0.384048	0.923127	0.018530	-0.486249	-0.219273	0.845861
13965	5.454482	0.271136	8.588655	0.001016	-0.012877	0.002576	0.784824	0.315823	0.533205	-0.384053	0.923125	0.018511	-0.486369	-0.219307	0.845783
13966	5.428784	0.250278	8.562816	0.002759	-0.013479	0.001448	0.784728	0.315724	0.533404	-0.383968	0.923162	0.018458	-0.486591	-0.219294	0.845659
13967	5.446137	0.232052	8.631148	-0.000491	-0.013695	0.002831	0.784646	0.315707	0.533535	-0.383967	0.923163	0.018424	-0.486724	-0.219316	0.845577
13968	5.446318	0.291533	8.629160	-0.003056	-0.012709	0.002552	0.784614	0.315605	0.533643	-0.383877	0.923201	0.018417	-0.486847	-0.219303	0.845509
13969	5.428551	0.241015	8.619495	0.002100	-0.020136	0.002159	0.784503	0.315567	0.533829	-0.383883	0.923198	0.018408	-0.487021	-0.219369	0.845392
13970	5.428424	0.260013	8.580730	-0.001972	-0.019967	0.002136	0.784338	0.315520	0.534098	-0.383912	0.923186	0.018410	-0.487263	-0.219486	0.845222
13971	5.456042	0.240038	8.568371	-0.001290	-0.018767	0.000473	0.784240	0.315470	0.534271	-0.383889	0.923196	0.018382	-0.487438	-0.219517	0.845113
13972	5.484574	0.260841	8.592400	-0.001054	-0.020185	-0.000399	0.784109	0.315356	0.534531	-0.383814	0.923228	0.018346	-0.487709	-0.219546	0.844950
13973	5.465836	0.270213	8.581463	0.001012	-0.012882	0.002571	0.784032	0.315337	0.534656	-0.383818	0.923227	0.018326	-0.487830	-0.219579	0.844871
13974	5.474749	0.240674	8.596998	0.001387	-0.015886	0.004767	0.783933	0.315270	0.534839	-0.383788	0.923239	0.018313	-0.488011	-0.219622	0.844755
13975	5.463310	0.220579	8.602629	0.000400	-0.008460	0.001245	0.783883	0.315249	0.534926	-0.383780	0.923243	0.018295	-0.488100	-0.219635	0.844701
13976	5.470045	0.210132	8.580671	-0.000495	-0.013699	0.002827	0.783793	0.315161	0.535109	-0.383694	0.923280	0.018229	-0.488311	-0.219606	0.844586
13977	5.451568	0.260201	8.606579	0.002117	-0.003606	0.001068	0.783766	0.315149	0.535156	-0.383692	0.923281	0.018226	-0.488355	-0.219620	0.844557
13978	5.477965	0.240731	8.594947	0.004331	-0.007044	-0.001804	0.783795	0.315004	0.535199	-0.383573	0.923329	0.018293	-0.488402	-0.219626	0.844528
13979	5.425880	0.240128	8.580730	0.005625	-0.010265	-0.002142	0.783748	0.314947	0.535300	-0.383563	0.923333	0.018337	-0.488485	-0.219693	0.844463
13980	5.427625	0.281373	8.616607	0.004566	-0.008463	-0.002676	0.783729	0.314809	0.535411	-0.383447	0.923380	0.018361	-0.488608	-0.219691	0.844392
13981	5.466267	0.241486	8.561811	0.006023	-0.018727	-0.000898	0.783636	0.314745	0.535584	-0.383449	0.923379	0.018401	-0.488755	-0.219789	0.844281
13982	5.434195	0.291330	8.555821	0.006705	-0.017526	-0.002561	0.783568	0.314597	0.535770	-0.383366	0.923412	0.018460	-0.488929	-0.219861	0.844162
13983	5.490413	0.273812	8.606257	0.000892	-0.016755	-0.001451	0.783487	0.314532	0.535927	-0.383337	0.923424	0.018461	-0.489081	-0.219905	0.844062
13984	5.451388	0.292869	8.585395	0.001339	-0.014136	-0.002242	0.783460	0.314388	0.536051	-0.383240	0.923463	0.018519	-0.489201	-0.219945	0.843983
13985	5.466080	0.253326	8.579566	0.002985	-0.014906	0.000567	0.783380	0.314345	0.536192	-0.383237	0.923464	0.018527	-0.489330	-0.220002	0.843893
13986	5.493385	0.233745	8.567328	0.001713	-0.017142	-0.000047	0.783339	0.314189	0.536345	-0.383094	0.923524	0.018518	-0.489509	-0.219977	0.843796
13987	5.481067	0.273791	8.571630	0.003056	-0.009282	-0.002421	0.783298	0.314131	0.536438	-0.383069	0.923534	0.018542	-0.489594	-0.220017	0.843736
13988	5.502138	0.264499	8.581051	0.000774	-0.011468	0.003439	0.783287	0.314031	0.536513	-0.382998	0.923562	0.018583	-0.489667	-0.220039	0.843688
13989	5.483747	0.214141	8.571822	0.001903	-0.007646	0.000985	0.783241	0.314008	0.536593	-0.382993	0.923564	0.018579	-0.489744	-0.220063	0.843637
13990	5.485332	0.254728	8.607832	-0.002402	-0.006057	0.001841	0.783188	0.313962	0.536697	-0.382979	0.923570	0.018592	-0.489841	-0.220105	0.843570
13991	5.524146	0.255114	8.589870	0.008517	-0.003346	0.002227	0.783159	0.313960	0.536742	-0.383016	0.923553	0.018637	-0.489858	-0.220177	0.843541
13992	5.504203	0.264831	8.579717	0.004119	-0.001925	0.007022	0.783089	0.313938	0.536856	-0.382971	0.923574	0.018545	-0.490004	-0.220123	0.843470
13993	5.504087	0.264958	8.579787	0.004874	0.004902	0.002372	0.783100	0.313955	0.536831	-0.382992	0.923565	0.018558	-0.489972	-0.220135	0.843486
13994	5.465232	0.265090	8.597759	0.006379	0.005719	0.002114	0.783123	0.313917	0.536818	-0.382985	0.923566	0.018631	-0.489939	-0.220184	0.843492
13995	5.475315	0.304603	8.554013	0.008027	0.004949	0.004923	0.783124	0.313958	0.536793	-0.383041	0.923543	0.018658	-0.489894	-0.220226	0.843508
13996	5.456594	0.295229	8.582006	0.006051	0.006970	0.006924	0.783103	0.313988	0.536807	-0.383098	0.923519	0.018687	-0.489883	-0.220283	0.843498
13997	5.468713	0.315291	8.575903	0.004331	0.002114	0.007102	0.783082	0.314043	0.536806	-0.383153	0.923496	0.018671	-0.489875	-0.220300	0.843499
13998	5.463561	0.265922	8.598795	0.006874	0.006584	0.008328	0.783048	0.314075	0.536835	-0.383194	0.923480	0.018659	-0.489896	-0.220323	0.843481
13999	5.455627	0.295549	8.582610	0.007129	-0.000293	0.006505	0.783017	0.314119	0.536855	-0.383257	0.923453	0.018670	-0.489895	-0.220372	0.843468
14000	5.415663	0.314551	8.562358	0.005783	-0.008153	0.008881	0.782942	0.314099	0.536976	-0.383262	0.923451	0.018655	-0.490012	-0.220408	0.843391
14001	5.424194	0.285312	8.578154	0.007168	-0.011209	0.004603	0.782865	0.314101	0.537087	-0.383311	0.923430	0.018676	-0.490097	-0.220493	0.843320
14002	5.433218	0.256299	8.593635	0.010714	-0.019627	0.008398	0.782737	0.314050	0.537303	-0.383338	0.923418	0.018712	-0.490279	-0.220616	0.843181
14003	5.441845	0.287112	8.607444	0.009674	-0.023283	0.006913	0.782592	0.314046	0.537517	-0.383418	0.923385	0.018742	-0.490449	-0.220761	0.843044
14004	5.391471	0.286222	8.592246	0.004723	-0.033811	0.007530	0.782416	0.313930	0.537842	-0.383356	0.923411	0.018698	-0.490779	-0.220814	0.842839
14005	5.440632	0.357127	8.624029	-0.002596	-0.033853	0.008904	0.782211	0.313922	0.538145	-0.383390	0.923399	0.018614	-0.491079	-0.220879	0.842647
14006	5.399986	0.265862	8.625883	-0.006122	-0.049195	0.012247	0.781941	0.313842	0.538583	-0.383390	0.923400	0.018542	-0.491508	-0.220986	0.842369
14007	5.378505	0.284262	8.634567	-0.009825	-0.052035	0.014423	0.781625	0.313844	0.539040	-0.383432	0.923387	0.018367	-0.491978	-0.221041	0.842080
14008	5.307622	0.222349	8.668444	-0.013284	-0.061757	0.014774	0.781290	0.313744	0.539584	-0.383372	0.923415	0.018178	-0.492556	-0.221064	0.841736
14009	5.124746	0.288167	8.693417	-0.005389	-0.079004	0.023733	0.780805	0.313772	0.540269	-0.383508	0.923362	0.017990	-0.493219	-0.221244	0.841300
14010	5.120426	0.178180	8.792757	-0.012729	-0.121154	0.040290	0.780029	0.313799	0.541372	-0.383663	0.923305	0.017615	-0.494324	-0.221445	0.840598
14011	4.384740	-0.003440	9.178462	0.070549	-0.179923	0.081437	0.778821	0.314135	0.542915	-0.384624	0.922903	0.017751	-0.495481	-0.222643	0.839600
14012	3.944456	-0.407684	9.130179	0.016027	-0.411628	0.025418	0.776750	0.313307	0.546350	-0.384706	0.922869	0.017716	-0.498659	-0.223945	0.837369
14013	5.007777	0.218883	9.486849	0.141754	-0.523051	0.031428	0.774007	0.312401	0.550744	-0.385635	0.922461	0.018714	-0.502194	-0.226871	0.834464
14014	4.532079	-0.233191	9.133811	0.129176	-0.658614	0.018978	0.770583	0.311031	0.556293	-0.386408	0.922118	0.019688	-0.506844	-0.230127	0.830753
14015	5.174973	-0.173467	9.412138	0.190074	-0.776198	0.002865	0.766612	0.309239	0.562741	-0.387375	0.921678	0.021232	-0.512100	-0.234269	0.826361
14016	4.983147	-0.334946	9.395399	0.244253	-0.904447	-0.022676	0.762038	0.306836	0.570220	-0.388408	0.921191	0.023372	-0.518110	-0.239288	0.821160
14017	5.578738	-0.907841	9.615727	0.344109	-1.076454	-0.069402	0.756688	0.303569	0.579024	-0.389652	0.920579	0.026572	-0.524971	-0.245725	0.814877
14018	5.345437	-0.374165	9.657707	0.523084	-1.198250	-0.111303	0.750726	0.299548	0.588797	-0.391568	0.919613	0.031406	-0.532057	-0.254132	0.807671
14019	5.494233	-0.264523	9.515216	0.617462	-1.390294	-0.165839	0.743919	0.294406	0.599925	-0.393615	0.918517	0.037340	-0.540048	-0.263917	0.799184
14020	6.326773	0.964948	9.531127	0.750555	-1.524264	-0.149837	0.736215	0.288891	0.611988	-0.396527	0.916960	0.044164	-0.548410	-0.275184	0.789633
14021	6.269594	2.268852	9.643382	0.546911	-1.577674	-0.072688	0.727772	0.283790	0.624349	-0.398995	0.915649	0.048892	-0.557809	-0.284694	0.779614
14022	6.806998	1.951633	10.052091	0.313557	-1.717272	0.003160	0.718054	0.278850	0.637684	-0.400765	0.914745	0.051270	-0.569022	-0.292376	0.768590
14023	6.244281	0.694122	8.667411	0.187830	-1.690204	0.039837	0.708174	0.274201	0.650618	-0.402104	0.914091	0.052435	-0.580346	-0.298749	0.757593
14024	6.639517	1.585329	8.927612	0.239729	-1.834542	0.115607	0.696873	0.269724	0.664543	-0.404295	0.913070	0.053368	-0.592380	-0.305862	0.745342
14025	6.716376	1.421055	8.581327	0.257898	-1.785671	0.195880	0.685392	0.265967	0.677864	-0.407166	0.911759	0.053949	-0.603700	-0.312980	0.733205
14026	5.389188	2.750981	9.299671	0.117938	-1.737208	0.291947	0.673587	0.263127	0.690684	-0.409831	0.910634	0.052765	-0.615076	-0.318605	0.721229
14027	4.267142	2.878065	10.017786	-0.137184	-1.680602	0.386152	0.661558	0.261243	0.702918	-0.411531	0.910073	0.049083	-0.626884	-0.321744	0.709575
14028	3.387262	1.598089	10.088686	-0.352752	-1.531097	0.422649	0.650098	0.260123	0.713939	-0.412102	0.910091	0.043661	-0.638392	-0.322600	0.698846
14029	2.537247	1.780246	10.860364	-0.374278	-1.344029	0.418999	0.639714	0.259582	0.723452	-0.412370	0.910222	0.038043	-0.648627	-0.322667	0.689325
14030	3.663442	0.458170	11.141175	-0.387800	-1.162313	0.335992	0.630714	0.258870	0.731564	-0.412007	0.910583	0.032991	-0.657610	-0.322217	0.680974
14031	5.330755	-0.184194	12.874205	-0.109539	-0.550438	0.176368	0.626348	0.258683	0.735372	-0.412367	0.910492	0.030946	-0.661545	-0.322626	0.676957
14032	3.154518	0.522894	12.063768	0.134193	0.123481	0.040404	0.626960	0.259505	0.734560	-0.413509	0.909956	0.031469	-0.660251	-0.323478	0.677813
14033	0.743480	1.361777	10.934087	0.160516	0.434029	-0.041274	0.629981	0.260515	0.731612	-0.414282	0.909556	0.032854	-0.656883	-0.323791	0.680929
14034	0.237496	1.220750	10.380328	0.053676	0.462048	-0.103503	0.633389	0.261166	0.728430	-0.414023	0.909636	0.033870	-0.653760	-0.323040	0.684283
14035	0.918152	0.437410	10.657465	0.012791	0.584810	-0.170324	0.637898	0.261483	0.724371	-0.412999	0.910052	0.035186	-0.650014	-0.321609	0.688512
14036	1.499527	-0.098326	11.037813	0.066014	0.794808	-0.226156	0.644011	0.262012	0.718749	-0.412020	0.910411	0.037297	-0.644585	-0.320159	0.694269
