// General information: 
//  MT Manager version: 2022.2.0 
//  XDA version: 2022.2.0 build 7381 rev 124627 built on 2023-07-19
// Device information: 
//  DeviceId: 00B4CAF0
//  ProductCode: MTW2-3A7G6
//  Firmware Version: 4.6.0
//  Hardware Version: 2.0.0
// Device settings: 
//  Filter Profile: human(46.1)
//  Option Flags: Orientation Smoother Disabled, Position/Velocity Smoother Disabled, Continuous Zero Rotation Update Disabled, AHS Disabled, ICC Disabled
// Coordinate system: ENU
PacketCounter	Acc_X	Acc_Y	Acc_Z	Gyr_X	Gyr_Y	Gyr_Z	Mat[1][1]	Mat[2][1]	Mat[3][1]	Mat[1][2]	Mat[2][2]	Mat[3][2]	Mat[1][3]	Mat[2][3]	Mat[3][3]
13713	4.910764	1.576701	8.775691	0.003373	0.004612	0.000308	-0.801770	-0.354920	0.480829	0.477956	-0.863805	0.159369	0.358779	0.357592	0.862210
13714	4.929075	1.595036	8.798555	0.002205	0.001173	0.002851	-0.801712	-0.354912	0.480932	0.477966	-0.863812	0.159302	0.358897	0.357583	0.862164
13715	4.877845	1.567861	8.783472	0.004768	0.006058	0.001097	-0.801724	-0.354925	0.480901	0.477983	-0.863795	0.159342	0.358846	0.357611	0.862174
13716	4.895983	1.586311	8.806411	0.001979	0.003166	-0.000482	-0.801788	-0.354719	0.480947	0.477829	-0.863859	0.159457	0.358908	0.357661	0.862127
13717	4.863231	1.577672	8.814060	0.009063	0.004084	-0.003216	-0.801815	-0.354687	0.480926	0.477827	-0.863842	0.159555	0.358852	0.357733	0.862121
13718	4.905966	1.599813	8.788208	0.008340	0.003284	-0.000354	-0.801695	-0.354851	0.481005	0.477976	-0.863787	0.159407	0.358920	0.357705	0.862104
13719	4.888587	1.630698	8.830535	0.009203	0.003165	-0.004808	-0.801726	-0.354803	0.480990	0.477962	-0.863775	0.159514	0.358871	0.357781	0.862093
13720	4.861821	1.607282	8.766723	0.007391	0.004475	-0.000825	-0.801766	-0.354679	0.481013	0.477885	-0.863798	0.159624	0.358883	0.357850	0.862059
13721	4.891010	1.611276	8.818678	0.007530	0.003556	-0.002416	-0.801787	-0.354652	0.480999	0.477883	-0.863783	0.159705	0.358839	0.357911	0.862052
13722	4.879654	1.626888	8.789612	0.005997	0.003029	-0.001615	-0.801846	-0.354677	0.480882	0.477903	-0.863752	0.159814	0.358681	0.357961	0.862097
13723	4.904156	1.603492	8.788547	0.004769	0.006058	0.001095	-0.801859	-0.354689	0.480851	0.477920	-0.863736	0.159854	0.358630	0.357989	0.862107
13724	4.900738	1.624764	8.800611	0.003154	-0.000017	0.003322	-0.801812	-0.354841	0.480818	0.478044	-0.863677	0.159798	0.358568	0.357980	0.862136
13725	4.878764	1.627737	8.789948	0.002286	0.006722	0.001425	-0.801826	-0.354859	0.480781	0.478055	-0.863668	0.159815	0.358524	0.357984	0.862153
13726	4.859756	1.609497	8.767462	0.000028	0.005396	0.005089	-0.801870	-0.354882	0.480690	0.478057	-0.863659	0.159859	0.358422	0.357983	0.862196
13727	4.888918	1.612520	8.819610	0.000028	0.005395	0.005089	-0.801862	-0.354927	0.480671	0.478088	-0.863645	0.159839	0.358398	0.357972	0.862211
13728	4.902404	1.603302	8.789559	0.000028	0.005395	0.005089	-0.801937	-0.354784	0.480651	0.477971	-0.863690	0.159948	0.358386	0.358005	0.862202
13729	4.888101	1.612115	8.820137	0.001562	0.005922	0.004287	-0.801935	-0.354823	0.480626	0.478001	-0.863674	0.159946	0.358351	0.358006	0.862216
13730	4.882921	1.584743	8.767395	-0.001869	0.007778	0.004145	-0.801901	-0.354994	0.480557	0.478104	-0.863639	0.159826	0.358290	0.357921	0.862276
13731	4.890360	1.590410	8.808796	-0.002091	0.003149	0.007162	-0.801874	-0.355049	0.480560	0.478145	-0.863625	0.159779	0.358294	0.357900	0.862283
13732	4.900778	1.602212	8.790665	0.001702	0.005003	0.002697	-0.801944	-0.354771	0.480649	0.477940	-0.863715	0.159908	0.358413	0.357958	0.862210
13733	4.874287	1.550797	8.774527	-0.000920	0.006587	0.004616	-0.801943	-0.354815	0.480619	0.477963	-0.863706	0.159883	0.358384	0.357935	0.862231
13734	4.889091	1.589788	8.809613	0.000615	0.007113	0.003815	-0.801913	-0.354773	0.480699	0.477926	-0.863740	0.159815	0.358501	0.357896	0.862199
13735	4.885037	1.637668	8.774469	0.000615	0.007113	0.003815	-0.801917	-0.354812	0.480664	0.477948	-0.863729	0.159807	0.358462	0.357885	0.862220
13736	4.876955	1.604442	8.781160	0.000615	0.007113	0.003815	-0.801966	-0.354888	0.480526	0.477987	-0.863699	0.159850	0.358301	0.357880	0.862289
13737	4.887157	1.616326	8.763143	-0.000780	0.005667	0.003025	-0.801969	-0.354915	0.480501	0.477998	-0.863696	0.159835	0.358279	0.357861	0.862306
13738	4.901907	1.655153	8.798294	-0.002146	0.009616	0.007323	-0.802000	-0.354899	0.480462	0.477962	-0.863717	0.159832	0.358258	0.357827	0.862329
13739	4.864480	1.591170	8.800689	-0.005884	0.007916	0.005272	-0.802000	-0.354953	0.480422	0.477973	-0.863724	0.159762	0.358244	0.357757	0.862364
13740	4.916936	1.522367	8.786643	0.009738	0.004726	0.000437	-0.802024	-0.354915	0.480410	0.477965	-0.863711	0.159854	0.358200	0.357826	0.862353
13741	4.884827	1.615650	8.764566	-0.001141	0.008577	0.001280	-0.802045	-0.354936	0.480357	0.477961	-0.863715	0.159844	0.358157	0.357794	0.862384
13742	4.890823	1.546587	8.788440	0.002290	0.006720	0.001423	-0.802103	-0.354660	0.480466	0.477754	-0.863811	0.159945	0.358306	0.357837	0.862305
13743	4.897642	1.579909	8.782444	0.004273	0.009884	0.000939	-0.802131	-0.354682	0.480403	0.477765	-0.863797	0.159984	0.358227	0.357848	0.862333
13744	4.864510	1.570948	8.790313	0.002291	0.006720	0.001423	-0.802174	-0.354590	0.480399	0.477687	-0.863830	0.160038	0.358235	0.357858	0.862325
13745	4.890128	1.622389	8.806949	0.004996	0.004064	0.004429	-0.802164	-0.354621	0.480391	0.477729	-0.863802	0.160066	0.358200	0.357896	0.862324
13746	4.871271	1.604542	8.784297	0.005722	0.004863	0.001566	-0.802182	-0.354522	0.480435	0.477666	-0.863826	0.160125	0.358244	0.357936	0.862289
13747	4.938626	1.602033	8.757656	0.002321	0.012114	0.006507	-0.802192	-0.354600	0.480362	0.477714	-0.863800	0.160120	0.358158	0.357923	0.862331
13748	4.876529	1.535897	8.808510	0.011079	0.006017	0.007740	-0.802141	-0.354803	0.480297	0.477893	-0.863706	0.160092	0.358034	0.357947	0.862372
13749	4.887899	1.623855	8.807917	0.013203	0.008261	0.005665	-0.802140	-0.354860	0.480255	0.477975	-0.863644	0.160185	0.357926	0.358041	0.862378
13750	4.893724	1.582527	8.784156	0.010272	0.006289	0.005677	-0.802131	-0.354954	0.480201	0.478067	-0.863586	0.160221	0.357824	0.358086	0.862401
13751	4.882296	1.571603	8.802670	0.018537	0.010636	0.000399	-0.802165	-0.354975	0.480130	0.478125	-0.863524	0.160385	0.357671	0.358218	0.862410
13752	4.967410	1.460280	8.875925	0.038740	0.007644	0.011115	-0.802145	-0.355115	0.480059	0.478363	-0.863338	0.160673	0.357396	0.358526	0.862396
13753	5.042817	1.585990	9.031239	0.084461	-0.001368	0.022190	-0.802031	-0.355280	0.480127	0.478832	-0.862961	0.161301	0.357024	0.359269	0.862241
13754	5.068872	1.253475	8.887909	0.093687	0.009597	-0.000443	-0.802075	-0.355264	0.480066	0.479126	-0.862645	0.162120	0.356531	0.360045	0.862122
13755	4.886350	1.682213	8.698514	0.116824	0.036065	-0.020166	-0.802297	-0.355198	0.479743	0.479369	-0.862300	0.163230	0.355703	0.360933	0.862092
13756	4.714925	1.817523	8.682013	0.090218	0.038779	-0.024530	-0.802594	-0.355141	0.479288	0.479496	-0.862048	0.164185	0.354861	0.361591	0.862163
13757	4.754925	1.819593	8.703950	0.064157	0.030009	-0.017411	-0.802782	-0.355078	0.479021	0.479572	-0.861883	0.164828	0.354333	0.362046	0.862189
13758	4.766755	1.735703	8.816907	0.043950	0.025186	-0.010316	-0.802923	-0.355035	0.478817	0.479608	-0.861782	0.165251	0.353966	0.362328	0.862222
13759	4.768124	1.718184	8.805360	0.030155	0.014014	-0.003223	-0.802985	-0.355037	0.478710	0.479677	-0.861690	0.165533	0.353730	0.362547	0.862227
13760	4.807182	1.735969	8.839090	0.018716	0.009698	-0.001244	-0.803070	-0.354848	0.478709	0.479574	-0.861699	0.165779	0.353677	0.362709	0.862181
13761	4.802177	1.709341	8.786288	0.004272	0.003283	0.007274	-0.803044	-0.354900	0.478713	0.479636	-0.861663	0.165788	0.353651	0.362743	0.862177
13762	4.820701	1.727591	8.808974	0.001025	-0.002246	0.005405	-0.802996	-0.354913	0.478784	0.479662	-0.861658	0.165738	0.353726	0.362742	0.862147
13763	4.831884	1.738466	8.790573	-0.014866	-0.003642	0.013277	-0.802917	-0.354992	0.478858	0.479704	-0.861670	0.165553	0.353848	0.362636	0.862141
13764	4.864181	1.643435	8.813556	-0.021191	-0.010217	0.013014	-0.802772	-0.355028	0.479075	0.479702	-0.861737	0.165215	0.354180	0.362443	0.862086
13765	4.825033	1.625317	8.779906	-0.022417	-0.007179	0.015707	-0.802668	-0.355116	0.479183	0.479737	-0.861767	0.164953	0.354367	0.362284	0.862075
13766	4.866131	1.638019	8.813488	-0.026829	-0.009538	0.010016	-0.802619	-0.355025	0.479333	0.479614	-0.861879	0.164726	0.354646	0.362107	0.862035
13767	4.856415	1.649993	8.784103	-0.026188	-0.014290	0.008596	-0.802524	-0.355025	0.479491	0.479578	-0.861949	0.164465	0.354908	0.361941	0.861997
13768	4.882580	1.622956	8.782981	-0.033784	-0.011363	0.011163	-0.802431	-0.355069	0.479615	0.479534	-0.862042	0.164107	0.355179	0.361677	0.861996
13769	4.883728	1.619651	8.782953	-0.033580	-0.012151	0.003059	-0.802370	-0.355029	0.479746	0.479427	-0.862158	0.163810	0.355460	0.361439	0.861980
13770	4.856900	1.661294	8.795777	-0.037381	-0.013991	0.007525	-0.802294	-0.355016	0.479884	0.479334	-0.862274	0.163469	0.355757	0.361175	0.861968
13771	4.883016	1.633522	8.794786	-0.040948	-0.011212	0.008959	-0.802209	-0.355030	0.480016	0.479248	-0.862395	0.163080	0.356065	0.360871	0.861969
13772	4.894961	1.641357	8.776536	-0.041671	-0.012008	0.011817	-0.802101	-0.355046	0.480184	0.479159	-0.862529	0.162639	0.356429	0.360537	0.861958
13773	4.909970	1.628138	8.746453	-0.040486	-0.008580	0.009257	-0.802023	-0.355072	0.480294	0.479077	-0.862647	0.162252	0.356714	0.360227	0.861970
13774	4.940521	1.600810	8.846135	-0.034980	-0.008347	0.013831	-0.801894	-0.355051	0.480526	0.478978	-0.862783	0.161817	0.357137	0.359922	0.861922
13775	4.950469	1.561326	8.763084	-0.018545	0.000033	0.016282	-0.801813	-0.355169	0.480574	0.479030	-0.862798	0.161585	0.357248	0.359771	0.861939
13776	4.829901	1.630603	8.804320	-0.018323	-0.001956	0.019616	-0.801700	-0.355268	0.480689	0.479071	-0.862828	0.161303	0.357446	0.359601	0.861928
13777	4.909318	1.610307	8.806815	-0.019268	-0.000765	0.019140	-0.801603	-0.355407	0.480748	0.479143	-0.862835	0.161051	0.357568	0.359446	0.861942
13778	4.877218	1.598513	8.814613	-0.019404	0.000155	0.020725	-0.801550	-0.355584	0.480706	0.479234	-0.862821	0.160856	0.357565	0.359304	0.862002
13779	4.866772	1.583855	8.833258	-0.020073	-0.000495	0.017074	-0.801463	-0.355707	0.480759	0.479287	-0.862838	0.160607	0.357688	0.359142	0.862019
13780	4.902913	1.569411	8.813973	-0.016283	-0.005266	0.018965	-0.801325	-0.355879	0.480862	0.479396	-0.862832	0.160312	0.357852	0.358985	0.862016
13781	4.874341	1.536972	8.809534	-0.014744	-0.004743	0.018162	-0.801218	-0.355996	0.480954	0.479477	-0.862826	0.160104	0.357983	0.358884	0.862004
13782	4.910517	1.523095	8.790106	-0.010944	-0.002898	0.013699	-0.801122	-0.356020	0.481097	0.479484	-0.862859	0.159905	0.358189	0.358782	0.861961
13783	4.903323	1.488487	8.796523	-0.009407	-0.002375	0.012897	-0.801048	-0.356100	0.481160	0.479541	-0.862853	0.159768	0.358276	0.358718	0.861951
13784	4.851026	1.556315	8.810618	-0.004304	-0.004633	0.010655	-0.801005	-0.356072	0.481253	0.479530	-0.862869	0.159713	0.358389	0.358705	0.861909
13785	4.866756	1.621683	8.797721	-0.002178	-0.002392	0.008581	-0.800952	-0.356114	0.481309	0.479578	-0.862852	0.159659	0.358442	0.358704	0.861888
13786	4.902775	1.609301	8.778111	0.000578	-0.004901	0.005079	-0.800918	-0.356195	0.481305	0.479656	-0.862812	0.159641	0.358413	0.358720	0.861893
13787	4.895705	1.576001	8.784226	-0.000821	-0.006344	0.004292	-0.800872	-0.356187	0.481388	0.479675	-0.862806	0.159619	0.358490	0.358745	0.861851
13788	4.914833	1.593627	8.806773	-0.005786	-0.005005	0.004947	-0.800827	-0.356337	0.481352	0.479782	-0.862763	0.159525	0.358448	0.358696	0.861889
13789	4.918307	1.572072	8.794723	0.000084	-0.001071	0.004920	-0.800797	-0.356353	0.481390	0.479809	-0.862751	0.159509	0.358478	0.358710	0.861870
13790	4.881506	1.508774	8.796595	0.001757	-0.001467	0.002532	-0.800754	-0.356387	0.481436	0.479846	-0.862740	0.159458	0.358526	0.358702	0.861854
13791	4.963773	1.470391	8.786663	0.015969	-0.000888	0.008501	-0.800707	-0.356435	0.481479	0.479959	-0.862658	0.159561	0.358479	0.358852	0.861811
13792	4.957719	1.514260	8.810139	0.032719	-0.000828	0.007633	-0.800655	-0.356483	0.481530	0.480119	-0.862531	0.159766	0.358381	0.359110	0.861745
13793	5.018005	1.454330	8.836739	0.043384	0.009148	0.008684	-0.800644	-0.356568	0.481486	0.480332	-0.862350	0.160104	0.358121	0.359460	0.861706
13794	5.134375	1.354501	8.902774	0.071411	0.027508	0.001227	-0.800682	-0.356548	0.481437	0.480499	-0.862163	0.160612	0.357812	0.359929	0.861639
13795	4.856797	1.657161	8.707466	0.073844	0.034508	-0.010399	-0.800852	-0.356560	0.481145	0.480667	-0.861940	0.161304	0.357204	0.360451	0.861673
13796	4.751231	1.781114	8.723936	0.067823	0.032699	-0.020228	-0.800990	-0.356608	0.480880	0.480823	-0.861752	0.161841	0.356685	0.360851	0.861720
13797	4.805665	1.745254	8.763418	0.047627	0.027895	-0.013153	-0.801149	-0.356574	0.480640	0.480876	-0.861633	0.162320	0.356256	0.361171	0.861764
13798	4.821752	1.767522	8.786679	0.032981	0.023468	-0.008000	-0.801321	-0.356509	0.480402	0.480861	-0.861567	0.162714	0.355890	0.361392	0.861823
13799	4.815243	1.715734	8.781960	0.015705	0.020638	-0.000930	-0.801396	-0.356553	0.480245	0.480897	-0.861519	0.162859	0.355672	0.361463	0.861883
13800	4.846084	1.725939	8.775142	0.010636	0.016438	0.001168	-0.801439	-0.356527	0.480192	0.480869	-0.861524	0.162916	0.355613	0.361476	0.861902
13801	4.841662	1.747155	8.787674	-0.002759	0.014384	0.008696	-0.801445	-0.356631	0.480104	0.480917	-0.861509	0.162855	0.355535	0.361410	0.861962
13802	4.825275	1.680192	8.801459	-0.008992	0.013360	0.006981	-0.801448	-0.356823	0.479956	0.480995	-0.861493	0.162705	0.355422	0.361256	0.862072
13803	4.996396	1.580515	8.872065	-0.010235	0.009793	0.016043	-0.801403	-0.356975	0.479920	0.481075	-0.861479	0.162545	0.355416	0.361141	0.862123
13804	5.043323	1.429585	8.901469	0.005971	0.026598	0.015281	-0.801418	-0.357170	0.479749	0.481189	-0.861424	0.162500	0.355227	0.361080	0.862227
13805	5.028307	1.396633	8.808882	0.024273	0.040232	0.007376	-0.801522	-0.357357	0.479436	0.481323	-0.861315	0.162679	0.354811	0.361154	0.862367
13806	4.812059	1.653704	8.753104	0.036246	0.047298	-0.000802	-0.801803	-0.357375	0.478952	0.481325	-0.861222	0.163165	0.354173	0.361358	0.862544
13807	4.764749	1.635906	8.780482	0.031381	0.042311	-0.006804	-0.801983	-0.357447	0.478597	0.481369	-0.861139	0.163474	0.353705	0.361485	0.862682
13808	4.827970	1.533785	8.785693	0.027396	0.035997	-0.005817	-0.802129	-0.357491	0.478319	0.481387	-0.861084	0.163707	0.353349	0.361571	0.862792
13809	4.908177	1.546412	8.842485	0.032514	0.033727	-0.008056	-0.802284	-0.357521	0.478037	0.481425	-0.861002	0.164032	0.352946	0.361739	0.862887
13810	4.929399	1.526365	8.842925	0.042612	0.043168	-0.017195	-0.802486	-0.357570	0.477662	0.481463	-0.860908	0.164410	0.352435	0.361913	0.863023
13811	4.859740	1.737367	8.809960	0.031731	0.047043	-0.016393	-0.802727	-0.357576	0.477250	0.481431	-0.860858	0.164767	0.351928	0.362026	0.863182
13812	4.969899	1.710987	8.795332	0.031463	0.048885	-0.013240	-0.802953	-0.357510	0.476921	0.481334	-0.860854	0.165068	0.351546	0.362100	0.863307
13813	4.892086	1.689564	8.771333	0.024410	0.066449	-0.011743	-0.803240	-0.357627	0.476350	0.481313	-0.860814	0.165340	0.350919	0.362081	0.863570
13814	4.836286	1.739836	8.775868	0.016823	0.069381	-0.009214	-0.803475	-0.357879	0.475763	0.481353	-0.860776	0.165420	0.350326	0.361920	0.863878
13815	4.769589	1.777074	8.798867	0.002603	0.067603	-0.003780	-0.803727	-0.358069	0.475195	0.481319	-0.860786	0.165465	0.349794	0.361709	0.864182
13816	4.691314	1.725610	8.823115	-0.010792	0.059101	0.003599	-0.803963	-0.358137	0.474743	0.481171	-0.860878	0.165420	0.349453	0.361424	0.864439
13817	4.719339	1.733093	8.818524	-0.016387	0.045685	0.011787	-0.804063	-0.358380	0.474390	0.481196	-0.860901	0.165227	0.349188	0.361128	0.864670
13818	4.729781	1.695090	8.838374	-0.022308	0.036354	0.006777	-0.804187	-0.358477	0.474107	0.481099	-0.860991	0.165042	0.349038	0.360817	0.864861
13819	4.781076	1.698956	8.844121	-0.018614	0.031458	0.015210	-0.804221	-0.358699	0.473882	0.481143	-0.861010	0.164814	0.348899	0.360552	0.865027
13820	4.749736	1.665836	8.841260	-0.027194	0.022540	0.023532	-0.804164	-0.358867	0.473851	0.481147	-0.861084	0.164411	0.349024	0.360205	0.865121
13821	4.808784	1.626310	8.822984	-0.026905	0.020691	0.020364	-0.804135	-0.359094	0.473728	0.481204	-0.861114	0.164086	0.349011	0.359908	0.865250
13822	4.761043	1.649718	8.814023	-0.028905	0.017537	0.020859	-0.804124	-0.359293	0.473595	0.481231	-0.861160	0.163770	0.348999	0.359600	0.865383
13823	4.770818	1.631282	8.844509	-0.031828	0.009118	0.020754	-0.804053	-0.359481	0.473573	0.481274	-0.861206	0.163402	0.349104	0.359302	0.865465
13824	4.838463	1.597929	8.866725	-0.027314	0.005140	0.019819	-0.803945	-0.359749	0.473554	0.481391	-0.861216	0.163001	0.349193	0.359008	0.865550
13825	4.809307	1.590902	8.815268	-0.030077	0.007653	0.023291	-0.803856	-0.359954	0.473548	0.481460	-0.861247	0.162635	0.349301	0.358730	0.865622
13826	4.813220	1.614829	8.868998	-0.027965	0.004485	0.016167	-0.803857	-0.360030	0.473490	0.481424	-0.861310	0.162408	0.349350	0.358502	0.865697
13827	4.746133	1.689623	8.913120	-0.032734	0.003846	0.020134	-0.803770	-0.360194	0.473512	0.481459	-0.861361	0.162034	0.349501	0.358215	0.865755
13828	4.801229	1.493290	8.918632	-0.034647	-0.013281	0.025308	-0.803626	-0.360270	0.473699	0.481461	-0.861435	0.161634	0.349828	0.357961	0.865727
13829	4.846460	1.510276	8.892908	-0.026249	-0.016492	0.024842	-0.803446	-0.360401	0.473904	0.481556	-0.861445	0.161295	0.350111	0.357803	0.865678
13830	4.690058	1.687371	8.980158	-0.028375	-0.025182	0.026788	-0.803280	-0.360300	0.474262	0.481475	-0.861550	0.160973	0.350602	0.357652	0.865542
13831	4.653368	1.641215	8.992658	-0.032429	-0.044546	0.034019	-0.802958	-0.360409	0.474725	0.481621	-0.861550	0.160537	0.351140	0.357542	0.865369
13832	4.567727	1.540857	9.035891	-0.029334	-0.075945	0.038278	-0.802521	-0.360413	0.475460	0.481773	-0.861547	0.160098	0.351930	0.357545	0.865047
13833	4.466910	1.593940	9.101125	-0.025661	-0.118706	0.047470	-0.801871	-0.360373	0.476585	0.482050	-0.861475	0.159655	0.353030	0.357760	0.864510
13834	4.409088	1.388237	9.181951	-0.033971	-0.172735	0.048253	-0.801035	-0.360264	0.478071	0.482379	-0.861388	0.159129	0.354476	0.358079	0.863786
13835	4.483042	1.041821	9.243707	-0.004058	-0.226415	0.056313	-0.799956	-0.359914	0.480137	0.482801	-0.861206	0.158830	0.356332	0.358868	0.862694
13836	4.186572	1.366904	9.576550	0.098216	-0.292490	0.092672	-0.798448	-0.359669	0.482824	0.483886	-0.860535	0.159168	0.358239	0.360719	0.861131
13837	3.828153	1.911846	9.452605	0.059611	-0.401447	0.109573	-0.796471	-0.359136	0.486473	0.484961	-0.859932	0.159155	0.361175	0.362683	0.859077
13838	4.399917	1.942060	9.209613	0.053123	-0.520987	0.116575	-0.794005	-0.358091	0.491250	0.485947	-0.859408	0.158978	0.365256	0.364951	0.856387
13839	4.608869	2.301513	9.082464	0.085593	-0.617953	0.151938	-0.790991	-0.357108	0.496796	0.487452	-0.858557	0.158964	0.369761	0.367904	0.853184
13840	3.283120	1.114212	9.494747	0.108442	-0.709740	0.192728	-0.787374	-0.356146	0.503192	0.489364	-0.857495	0.158824	0.374920	0.371298	0.849454
13841	3.155957	0.891537	9.897515	0.427403	-0.977261	0.316273	-0.782125	-0.355166	0.511994	0.493447	-0.854775	0.160843	0.380513	0.378441	0.843796
13842	2.400091	4.311339	10.339549	0.271276	-1.235590	0.427240	-0.775259	-0.353933	0.523168	0.497665	-0.852324	0.160854	0.388977	0.385065	0.836912
13843	3.896334	1.950913	9.656568	0.177342	-1.554937	0.425266	-0.766995	-0.351486	0.536820	0.501630	-0.850142	0.160082	0.400107	0.392067	0.828371
13844	4.584702	0.598955	10.156598	0.409091	-1.753684	0.501301	-0.757399	-0.348670	0.552065	0.506995	-0.846830	0.160730	0.411463	0.401631	0.818163
13845	5.384211	1.065648	10.561634	0.598943	-1.877684	0.591337	-0.746546	-0.345989	0.568296	0.513927	-0.842343	0.162290	0.422550	0.413219	0.806661
13846	7.032655	3.028690	11.389802	0.731829	-1.917779	0.656759	-0.735003	-0.343377	0.584691	0.521818	-0.837071	0.164371	0.432987	0.425916	0.794430
13847	4.625634	3.033009	9.898921	0.536554	-1.871583	0.769013	-0.722749	-0.341695	0.600732	0.529762	-0.832130	0.164051	0.443831	0.436812	0.782438
13848	5.696914	3.832098	9.889486	0.502979	-2.101484	0.891305	-0.708514	-0.339839	0.618480	0.538390	-0.826898	0.162406	0.456229	0.448050	0.768835
13849	5.280896	4.168099	9.235018	0.191401	-2.075003	0.978944	-0.693592	-0.338500	0.635883	0.546126	-0.822719	0.157732	0.469761	0.456674	0.755495
13850	5.246699	3.167909	9.972165	0.096651	-2.136637	1.025046	-0.677735	-0.336782	0.653646	0.553341	-0.819016	0.151746	0.484241	0.464533	0.741431
13851	4.870233	2.740726	11.719696	0.068343	-1.837853	1.017846	-0.663050	-0.336473	0.668693	0.560487	-0.815277	0.145527	0.496205	0.471285	0.729158
13852	3.391273	2.776158	12.297970	0.142105	-1.424741	0.928182	-0.650653	-0.336994	0.680504	0.567009	-0.811697	0.140175	0.505125	0.477057	0.719212
13853	6.791255	3.570624	13.950684	0.253989	-0.928131	0.744200	-0.641695	-0.338541	0.688199	0.573094	-0.807972	0.136908	0.509697	0.482256	0.712487
13854	3.499869	4.428427	12.774527	0.105565	-0.142169	0.492125	-0.638229	-0.341545	0.689935	0.576485	-0.805998	0.134281	0.510224	0.483439	0.711307
13855	0.326843	3.921192	10.762548	-0.040154	0.176745	0.285199	-0.637477	-0.344668	0.689077	0.578087	-0.805222	0.132036	0.509352	0.482516	0.712558
13856	-0.543208	2.728114	9.958615	-0.072907	0.212052	0.127721	-0.637894	-0.346567	0.687738	0.578315	-0.805293	0.130596	0.508570	0.481036	0.714116
13857	0.844143	2.266930	10.601352	0.012873	0.310554	-0.059540	-0.639807	-0.347550	0.685460	0.577987	-0.805446	0.131105	0.506535	0.480068	0.716210
13858	1.562309	2.867406	11.133681	0.030668	0.562277	-0.245664	-0.644149	-0.348098	0.681102	0.576304	-0.806353	0.132925	0.502938	0.478145	0.720021
13859	1.259748	3.037437	11.119940	-0.079165	0.839804	-0.400817	-0.650649	-0.348833	0.674516	0.573299	-0.808135	0.135077	0.497980	0.474587	0.725798
13860	0.932745	2.208316	10.887656	-0.176320	1.037895	-0.517034	-0.658850	-0.349361	0.666231	0.568747	-0.810993	0.137175	0.492385	0.469294	0.733021
13861	1.144691	1.462255	10.786683	-0.163677	1.218486	-0.596462	-0.668178	-0.350170	0.656444	0.563975	-0.813852	0.139919	0.485253	0.463709	0.741285
13862	1.519656	1.452113	10.863342	-0.122015	1.408011	-0.651132	-0.678794	-0.351169	0.644918	0.558698	-0.816911	0.143223	0.476545	0.457533	0.750712
13863	1.818807	1.506031	10.904418	-0.123817	1.618027	-0.679671	-0.690195	-0.352926	0.631724	0.553447	-0.819876	0.146632	0.466185	0.450830	0.761199
13864	1.740496	1.508946	10.813934	-0.160905	1.812930	-0.689787	-0.702527	-0.355324	0.616604	0.547708	-0.823174	0.149668	0.454392	0.442865	0.772916
13865	1.593548	1.294776	10.768870	-0.180078	1.965902	-0.690439	-0.715090	-0.358223	0.600269	0.541991	-0.826437	0.152471	0.441466	0.434371	0.785130
13866	1.657667	1.151353	10.804254	-0.170739	2.085367	-0.687588	-0.728073	-0.361308	0.582551	0.535955	-0.829871	0.155137	0.427390	0.425172	0.797851
13867	1.876131	1.165313	10.830935	-0.142845	2.199373	-0.684550	-0.740950	-0.364838	0.563814	0.530310	-0.832967	0.157916	0.412025	0.416004	0.810664
13868	2.077273	1.420065	10.849630	-0.128247	2.316068	-0.671685	-0.754011	-0.368880	0.543502	0.524701	-0.836017	0.160515	0.395166	0.406206	0.823918
13869	2.183685	1.585873	10.789716	-0.138649	2.400722	-0.661836	-0.766740	-0.372940	0.522519	0.519115	-0.839038	0.162894	0.377664	0.396145	0.836922
13870	2.362788	1.707196	10.792345	-0.150280	2.460319	-0.646087	-0.779445	-0.376922	0.500396	0.513198	-0.842270	0.164949	0.359296	0.385371	0.849939
13871	2.613328	1.760890	10.910894	-0.138388	2.495443	-0.642927	-0.791456	-0.380953	0.477988	0.507646	-0.845243	0.166911	0.340431	0.374752	0.862362
13872	3.016550	1.860581	11.174832	-0.104429	2.533845	-0.653670	-0.803324	-0.384787	0.454544	0.501916	-0.848250	0.168973	0.320548	0.363882	0.874550
13873	3.616841	2.040682	11.453444	-0.044032	2.579287	-0.685811	-0.814749	-0.388184	0.430694	0.496212	-0.851070	0.171621	0.299931	0.353544	0.886030
13874	4.243309	2.285001	11.700593	0.014356	2.648526	-0.746236	-0.826219	-0.391230	0.405342	0.490113	-0.853955	0.174785	0.277763	0.343074	0.897301
13875	4.728388	2.611227	11.775160	0.056715	2.721694	-0.837749	-0.837546	-0.393235	0.379320	0.483276	-0.857060	0.178582	0.254875	0.332887	0.907868
13876	4.829038	2.939205	11.595736	0.041114	2.771855	-0.929900	-0.848892	-0.394435	0.351858	0.475457	-0.860643	0.182301	0.230919	0.322047	0.918130
13877	4.804445	2.911908	11.255597	-0.005621	2.763349	-1.026362	-0.859785	-0.394302	0.324492	0.466657	-0.864720	0.185717	0.207367	0.311103	0.927477
13878	5.029439	2.670289	10.918562	-0.034542	2.713034	-1.110709	-0.870412	-0.392961	0.296587	0.456810	-0.869281	0.188881	0.183595	0.299888	0.936141
13879	5.239807	2.479343	10.663850	-0.042136	2.634321	-1.191245	-0.880332	-0.390310	0.269582	0.446289	-0.874081	0.191853	0.160755	0.289205	0.943673
13880	5.533181	2.416338	10.336302	-0.079350	2.534023	-1.253540	-0.889795	-0.386609	0.242485	0.434986	-0.879199	0.194412	0.138031	0.278464	0.950476
13881	5.826341	2.141215	9.931991	-0.137690	2.410174	-1.270272	-0.898327	-0.381966	0.217049	0.423432	-0.884468	0.196012	0.117103	0.267989	0.956279
13882	6.278196	1.789562	9.626452	-0.186758	2.284531	-1.232168	-0.905887	-0.377505	0.191985	0.412377	-0.889520	0.196725	0.096510	0.257380	0.961479
13883	6.512452	1.130404	9.126328	-0.212623	2.177639	-1.149435	-0.912468	-0.372722	0.168761	0.401720	-0.894379	0.196742	0.077606	0.247315	0.965822
13884	6.649525	0.643457	8.754844	-0.164719	2.059242	-1.004377	-0.917908	-0.368904	0.146132	0.392427	-0.898485	0.196792	0.058700	0.237983	0.969494
13885	7.162846	0.511532	8.316714	-0.090014	1.952267	-0.811244	-0.922043	-0.366144	0.125601	0.384898	-0.901687	0.197012	0.041118	0.229997	0.972322
13886	7.107098	0.679229	7.596402	-0.080262	1.866362	-0.594595	-0.924876	-0.365352	0.105463	0.379549	-0.903964	0.196955	0.023377	0.222187	0.974724
13887	6.604889	0.534367	6.764761	-0.104563	1.721669	-0.371910	-0.926558	-0.365724	0.087955	0.376070	-0.905563	0.196285	0.007862	0.214947	0.976594
13888	6.110933	0.284290	5.999393	-0.099005	1.507317	-0.164727	-0.927342	-0.367150	0.072372	0.374163	-0.906502	0.195593	-0.006207	0.208461	0.978011
13889	5.956615	0.402849	5.606232	-0.072469	1.250907	0.006824	-0.927177	-0.369761	0.060165	0.374214	-0.906636	0.194870	-0.017508	0.203193	0.978982
13890	5.927323	0.648678	5.465931	-0.065435	0.986939	0.141254	-0.926434	-0.373088	0.050249	0.375494	-0.906259	0.194162	-0.026901	0.198747	0.979682
13891	5.800242	0.973287	5.251121	-0.084831	0.735562	0.217930	-0.925401	-0.376486	0.043482	0.377517	-0.905620	0.193219	-0.033366	0.195220	0.980192
13892	5.362067	1.271816	5.094124	-0.149254	0.464716	0.285472	-0.924135	-0.380068	0.039024	0.380220	-0.904832	0.191604	-0.037512	0.191906	0.980696
13893	5.510493	1.625477	5.501535	-0.204565	0.188083	0.330081	-0.922813	-0.383386	0.037827	0.383324	-0.903973	0.189460	-0.038442	0.189337	0.981159
13894	5.739737	1.347098	5.938832	-0.204290	0.019433	0.336561	-0.921567	-0.386358	0.037979	0.386349	-0.903131	0.187319	-0.038072	0.187300	0.981565
13895	5.147188	1.190267	5.966200	-0.110056	-0.106115	0.292634	-0.920482	-0.388775	0.039585	0.389064	-0.902214	0.186115	-0.036642	0.186717	0.981730
13896	4.295894	1.532552	5.911922	0.017088	-0.281517	0.228865	-0.919758	-0.390165	0.042615	0.390991	-0.901372	0.186156	-0.034219	0.187881	0.981596
13897	4.004447	2.049413	6.082795	0.087429	-0.487159	0.169473	-0.919261	-0.390744	0.047730	0.392500	-0.900557	0.186927	-0.030057	0.190569	0.981214
13898	3.973233	2.268353	6.345183	0.099415	-0.662620	0.111870	-0.919032	-0.390429	0.054269	0.393422	-0.899973	0.187797	-0.024481	0.193942	0.980708
13899	4.030205	2.298357	6.591509	0.117046	-0.800789	0.060125	-0.918974	-0.389375	0.062250	0.393928	-0.899521	0.188899	-0.017557	0.198115	0.980021
13900	3.948274	2.347266	6.703529	0.120236	-0.905257	0.035112	-0.919021	-0.387737	0.071134	0.394089	-0.899217	0.190008	-0.009708	0.202654	0.979202
13901	3.852310	2.209311	6.821581	0.161687	-1.018787	0.049823	-0.918889	-0.386067	0.081217	0.394516	-0.898704	0.191542	-0.000958	0.208047	0.978118
13902	3.968429	2.224399	6.740424	0.198103	-1.135881	0.093954	-0.918509	-0.384444	0.092439	0.395306	-0.897963	0.193380	0.008663	0.214163	0.976760
13903	-2.011211	1.479143	3.374159	0.217168	-1.805535	0.177287	-0.917517	-0.382061	0.110416	0.396947	-0.896821	0.195310	0.024403	0.223029	0.974506
13904	-4.308393	2.454334	0.848436	-0.076169	-2.722282	0.386217	-0.915001	-0.379256	0.137614	0.400384	-0.895569	0.194035	0.049654	0.232640	0.971294
13905	6.155989	4.322195	12.150502	0.046464	-3.728277	0.543752	-0.910336	-0.375149	0.174792	0.405355	-0.893418	0.193627	0.083523	0.247118	0.965379
13906	7.323542	4.658574	14.599434	-0.110886	-2.993563	0.467239	-0.905552	-0.371681	0.204519	0.409408	-0.891984	0.191701	0.111176	0.257327	0.959908
13907	5.114842	3.830133	11.166148	-0.634726	-2.621092	0.602381	-0.899820	-0.370227	0.230771	0.414033	-0.891408	0.184304	0.137477	0.261388	0.955393
13908	3.748429	-0.182075	9.268928	-0.194172	-2.783884	0.396625	-0.894007	-0.366330	0.257981	0.417257	-0.890482	0.181490	0.163242	0.269898	0.948951
13909	6.891114	0.387854	11.223682	-0.008998	-2.965280	0.227663	-0.887827	-0.360166	0.286432	0.419246	-0.889692	0.180780	0.189725	0.280587	0.940891
13910	9.616019	-0.062382	12.330836	-0.075550	-2.669338	0.296202	-0.881213	-0.355134	0.312000	0.421656	-0.888880	0.179159	0.213705	0.289434	0.933037
13911	9.368669	-1.580225	11.663997	0.096514	-2.322570	0.378352	-0.874420	-0.351638	0.334276	0.425169	-0.887272	0.178830	0.233710	0.298496	0.925354
13912	9.331556	0.901044	11.904660	0.066059	-2.041272	0.516780	-0.867270	-0.349980	0.354058	0.429790	-0.885270	0.177702	0.251245	0.306286	0.918186
13913	6.888042	2.497001	10.541032	0.147024	-1.760960	0.441145	-0.860816	-0.348393	0.370969	0.433958	-0.883286	0.177445	0.265851	0.313732	0.911535
13914	4.983893	3.093359	9.144161	0.187535	-1.734582	0.185737	-0.855276	-0.344478	0.387088	0.436029	-0.882063	0.178444	0.279966	0.321401	0.904611
13915	4.657194	2.578884	9.064942	0.161127	-1.733923	0.019162	-0.850220	-0.338982	0.402762	0.436631	-0.881487	0.179819	0.294074	0.328744	0.897467
13916	4.296508	1.431449	9.004026	0.178428	-1.776251	0.043488	-0.844665	-0.333388	0.418800	0.437503	-0.880760	0.181253	0.308435	0.336324	0.889805
13917	18.668513	3.705459	15.162100	-0.220294	-1.681500	0.349670	-0.837821	-0.330752	0.434349	0.439724	-0.880356	0.177808	0.323571	0.339965	0.883020
13918	8.514806	2.930950	8.342433	-0.344251	-0.273816	0.238320	-0.835854	-0.331871	0.437276	0.440579	-0.880743	0.173727	0.327472	0.337865	0.882388
13919	3.935247	2.867602	8.869702	-0.286057	-0.601594	0.198835	-0.832991	-0.331562	0.442935	0.441268	-0.881062	0.170331	0.333778	0.337338	0.880225
13920	5.400771	1.075527	9.720313	-0.390940	-0.477387	0.168561	-0.830612	-0.331412	0.447494	0.441350	-0.881822	0.166135	0.339551	0.335495	0.878720
13921	5.837822	0.536328	9.015960	-0.215090	-0.481388	0.155485	-0.828281	-0.331139	0.451992	0.441879	-0.882040	0.163548	0.344518	0.335189	0.876901
13922	5.275531	1.903525	9.109754	-0.156285	-0.346893	0.096318	-0.826621	-0.330790	0.455276	0.442128	-0.882251	0.161731	0.348168	0.334980	0.875538
13923	4.980709	1.940598	9.961633	-0.152054	-0.443759	0.131160	-0.824488	-0.330431	0.459384	0.442654	-0.882338	0.159802	0.352529	0.335103	0.873745
13924	6.641247	1.315665	8.629986	-0.004426	-0.163598	0.123187	-0.823336	-0.330944	0.461078	0.443649	-0.881950	0.159184	0.353967	0.335619	0.872965
13925	5.555212	1.708350	9.677877	-0.136959	-0.136021	0.091653	-0.822450	-0.331268	0.462426	0.443893	-0.882118	0.157566	0.355718	0.334858	0.872545
13926	4.450425	1.238386	9.221655	-0.035925	-0.108757	0.039036	-0.821859	-0.331224	0.463506	0.444095	-0.882102	0.157085	0.356829	0.334943	0.872059
13927	4.770297	1.241074	9.205594	-0.027555	-0.110654	0.003631	-0.821450	-0.330856	0.464493	0.444002	-0.882194	0.156829	0.357885	0.335063	0.871580
13928	4.969238	0.859497	9.175859	0.024241	-0.124101	-0.019701	-0.821065	-0.330242	0.465610	0.443924	-0.882182	0.157121	0.358865	0.335702	0.870931
13929	4.991818	0.878358	9.150708	0.071071	-0.145039	-0.056149	-0.820796	-0.329230	0.466800	0.443694	-0.882140	0.158002	0.359764	0.336804	0.870134
13930	5.210680	1.889651	9.068474	0.109416	-0.153303	-0.076964	-0.820553	-0.328004	0.468087	0.443453	-0.882027	0.159304	0.360613	0.338292	0.869205
13931	4.812695	1.585803	8.930960	0.066617	-0.151252	-0.057518	-0.820265	-0.326955	0.469325	0.443198	-0.882002	0.160154	0.361582	0.339372	0.868380
13932	4.907567	1.661282	8.883538	0.082383	-0.167502	-0.049667	-0.819854	-0.325932	0.470752	0.443091	-0.881883	0.161097	0.362641	0.340662	0.867433
13933	4.955818	1.809578	8.891485	0.073441	-0.167480	-0.036496	-0.819410	-0.325009	0.472161	0.443035	-0.881763	0.161907	0.363713	0.341852	0.866516
13934	4.976851	2.311550	8.868556	0.024016	-0.164879	-0.008867	-0.818821	-0.324346	0.473637	0.443049	-0.881712	0.162147	0.365020	0.342613	0.865665
13935	4.879517	2.499311	8.796961	-0.043278	-0.151919	0.041029	-0.818086	-0.324158	0.475034	0.443203	-0.881739	0.161579	0.366479	0.342722	0.865006
13936	4.858328	2.499111	8.811614	-0.125362	-0.141848	0.099272	-0.817097	-0.324522	0.476485	0.443565	-0.881836	0.160047	0.368243	0.342126	0.864492
13937	4.990136	2.303206	8.753267	-0.190020	-0.134049	0.145220	-0.815960	-0.325316	0.477890	0.444025	-0.882025	0.157713	0.370205	0.340883	0.864145
13938	4.948998	2.187216	8.789176	-0.233795	-0.119220	0.176202	-0.814707	-0.326450	0.479252	0.444602	-0.882241	0.154852	0.372264	0.339235	0.863909
13939	5.050143	1.690315	8.776545	-0.251275	-0.107974	0.193115	-0.813447	-0.327760	0.480497	0.445213	-0.882472	0.151756	0.374285	0.337368	0.863767
13940	5.049345	1.517478	8.767429	-0.232669	-0.104107	0.206214	-0.812105	-0.329212	0.481772	0.446032	-0.882566	0.148770	0.376219	0.335703	0.863576
13941	4.923253	1.407330	8.860823	-0.206511	-0.096167	0.203890	-0.810835	-0.330660	0.482919	0.446883	-0.882597	0.146005	0.377945	0.334195	0.863407
13942	4.827076	1.440109	8.872208	-0.190768	-0.105047	0.206629	-0.809490	-0.332112	0.484178	0.447844	-0.882540	0.143384	0.379686	0.332905	0.863141
13943	4.878772	1.307617	8.816912	-0.176856	-0.123611	0.209517	-0.808082	-0.333521	0.485559	0.448842	-0.882442	0.140844	0.381503	0.331753	0.862784
13944	4.982583	1.101723	8.802424	-0.150914	-0.136390	0.194629	-0.806653	-0.334767	0.487076	0.449849	-0.882284	0.138608	0.383338	0.330919	0.862290
13945	4.950242	1.107938	8.788426	-0.105689	-0.151080	0.168893	-0.805313	-0.335728	0.488628	0.450780	-0.882079	0.136875	0.385055	0.330491	0.861689
13946	5.001297	1.258335	8.754808	-0.085048	-0.154938	0.150115	-0.804017	-0.336513	0.490220	0.451665	-0.881848	0.135434	0.386725	0.330306	0.861012
13947	4.903538	1.169537	8.794045	-0.063892	-0.180518	0.140275	-0.802685	-0.337125	0.491980	0.452521	-0.881599	0.134197	0.388487	0.330349	0.860202
13948	4.907667	0.885492	8.849157	-0.040528	-0.199385	0.131974	-0.801276	-0.337606	0.493943	0.453433	-0.881279	0.133215	0.390327	0.330712	0.859229
13949	5.000041	0.621944	8.896921	0.017097	-0.236792	0.103524	-0.799881	-0.337705	0.496130	0.454305	-0.880884	0.132851	0.392169	0.331660	0.858024
13950	5.093059	0.702412	8.816266	0.071489	-0.262136	0.070641	-0.798518	-0.337414	0.498520	0.455142	-0.880407	0.133150	0.393974	0.333220	0.856592
13951	5.222243	0.947358	8.765596	0.112929	-0.273726	0.033106	-0.797288	-0.336761	0.500923	0.455829	-0.879930	0.133954	0.395667	0.335135	0.855063
13952	5.240199	1.203632	8.722105	0.122876	-0.269459	0.018688	-0.796116	-0.335991	0.503299	0.456459	-0.879455	0.134921	0.397296	0.337148	0.853514
13953	5.215294	1.166563	8.679264	0.134848	-0.268499	0.003514	-0.795033	-0.335085	0.505610	0.457000	-0.878999	0.136056	0.398840	0.339233	0.851967
13954	5.362480	1.162686	8.623392	0.143973	-0.264202	-0.006481	-0.793989	-0.334092	0.507902	0.457512	-0.878535	0.137326	0.400330	0.341407	0.850398
13955	5.120675	1.715176	8.702663	0.140096	-0.257498	-0.011807	-0.793012	-0.333077	0.510090	0.457957	-0.878107	0.138580	0.401756	0.343494	0.848884
13956	5.149075	1.676813	8.720828	0.101347	-0.283059	0.011329	-0.791798	-0.332172	0.512560	0.458448	-0.877723	0.139385	0.403586	0.345346	0.847263
13957	5.211034	1.482003	8.619304	0.093203	-0.289895	0.030533	-0.790487	-0.331407	0.515073	0.459043	-0.877311	0.140020	0.405476	0.347124	0.845632
13958	5.287228	1.720589	8.561299	0.097144	-0.291912	0.057915	-0.789006	-0.330881	0.517674	0.459897	-0.876781	0.140534	0.407387	0.348959	0.843957
13959	5.147982	1.726687	8.554284	0.096158	-0.286333	0.092891	-0.787411	-0.330665	0.520235	0.460998	-0.876149	0.140866	0.409224	0.350747	0.842325
13960	4.942952	1.255841	8.610545	0.111786	-0.303245	0.110642	-0.785627	-0.330544	0.523001	0.462328	-0.875390	0.141228	0.411148	0.352751	0.840550
13961	5.217055	1.609248	8.634221	0.127769	-0.328313	0.118196	-0.783728	-0.330387	0.525941	0.463759	-0.874559	0.141684	0.413156	0.354952	0.838637
13962	4.978827	1.565682	8.731636	0.052762	-0.369570	0.133026	-0.781555	-0.330201	0.529282	0.465009	-0.873936	0.141429	0.415859	0.356656	0.836575
13963	5.207716	1.114334	8.735959	0.089833	-0.403801	0.126143	-0.779284	-0.329829	0.532851	0.466345	-0.873210	0.141513	0.418615	0.358772	0.834293
13964	5.293438	0.789809	8.743547	0.119219	-0.449016	0.085440	-0.776984	-0.328922	0.536755	0.467493	-0.872509	0.142053	0.421599	0.361302	0.831694
13965	5.340826	1.049626	8.726345	0.139018	-0.502241	0.056757	-0.774594	-0.327566	0.541022	0.468498	-0.871830	0.142905	0.424868	0.364161	0.828778
13966	5.271560	1.015321	8.704193	0.155816	-0.556501	0.022934	-0.772093	-0.325703	0.545702	0.469330	-0.871192	0.144065	0.428488	0.367345	0.825503
13967	5.240459	1.286999	8.702968	0.167371	-0.625504	-0.000590	-0.769404	-0.323360	0.550869	0.470023	-0.870588	0.145451	0.432546	0.370831	0.821820
13968	5.251326	1.711045	8.592826	0.167133	-0.698462	0.001199	-0.766350	-0.320731	0.556633	0.470734	-0.869975	0.146809	0.437171	0.374532	0.817684
13969	5.268370	1.847488	8.577160	0.157072	-0.757987	0.019387	-0.762926	-0.318017	0.562858	0.471549	-0.869334	0.147986	0.442250	0.378317	0.813198
13970	5.367354	1.669694	8.520512	0.156166	-0.813883	0.051186	-0.759043	-0.315337	0.569576	0.472620	-0.868587	0.148956	0.447755	0.382257	0.808329
13971	5.458632	1.902219	8.434341	0.159461	-0.884918	0.075024	-0.754700	-0.312557	0.576833	0.473884	-0.867750	0.149815	0.453721	0.386417	0.803006
13972	5.254146	2.104908	8.592458	0.137137	-0.948383	0.124738	-0.749763	-0.309912	0.584646	0.475418	-0.866846	0.150184	0.460254	0.390553	0.797267
13973	5.148287	2.241069	8.626452	0.127244	-1.053966	0.187958	-0.743978	-0.307371	0.593312	0.477389	-0.865778	0.150093	0.467543	0.394906	0.790856
13974	5.269920	2.296349	8.761025	0.116896	-1.170245	0.271777	-0.737147	-0.305040	0.602963	0.479930	-0.864495	0.149385	0.475690	0.399499	0.783658
13975	5.194592	2.521540	8.907734	0.083552	-1.303973	0.371157	-0.729098	-0.302975	0.613696	0.483030	-0.863042	0.147785	0.484870	0.404183	0.775588
13976	5.233015	2.222675	8.925730	0.074528	-1.472462	0.462003	-0.719629	-0.300925	0.625763	0.486712	-0.861361	0.145497	0.495224	0.409269	0.766324
13977	5.234703	2.299846	9.053332	0.020839	-1.661902	0.543091	-0.708646	-0.298724	0.639207	0.490672	-0.859658	0.142227	0.507013	0.414429	0.755769
13978	5.421262	1.532215	9.153751	-0.058089	-1.910245	0.566793	-0.696029	-0.295578	0.654353	0.494318	-0.858237	0.138127	0.520762	0.419599	0.743467
13979	4.898062	0.622080	9.111608	0.079898	-2.161636	0.593044	-0.681669	-0.291485	0.671092	0.498803	-0.856170	0.134793	0.535278	0.426627	0.729018
13980	4.994811	0.984997	9.354776	0.032074	-2.494349	0.606614	-0.665075	-0.285895	0.689883	0.503015	-0.854308	0.130893	0.551951	0.434076	0.711989
13981	4.763448	1.150319	9.417691	0.062832	-2.836748	0.681458	-0.645712	-0.279243	0.710689	0.507813	-0.852119	0.126571	0.570248	0.442625	0.692026
13982	4.755020	-0.047285	9.081219	0.071888	-3.252859	0.751673	-0.623000	-0.271028	0.733767	0.512925	-0.849775	0.121619	0.590575	0.452136	0.668427
