// General information: 
//  MT Manager version: 2022.2.0 
//  XDA version: 2022.2.0 build 7381 rev 124627 built on 2023-07-19
// Device information: 
//  DeviceId: 00B4CB9F
//  ProductCode: MTW2-3A7G6
//  Firmware Version: 4.6.0
//  Hardware Version: 2.0.0
// Device settings: 
//  Filter Profile: human(46.1)
//  Option Flags: Orientation Smoother Disabled, Position/Velocity Smoother Disabled, Continuous Zero Rotation Update Disabled, AHS Disabled, ICC Disabled
// Coordinate system: ENU
PacketCounter	Acc_X	Acc_Y	Acc_Z	Gyr_X	Gyr_Y	Gyr_Z	Mat[1][1]	Mat[2][1]	Mat[3][1]	Mat[1][2]	Mat[2][2]	Mat[3][2]	Mat[1][3]	Mat[2][3]	Mat[3][3]
25693	9.698111	0.983721	0.523115	-0.004118	0.010601	-0.006149	0.069128	-0.088301	0.993692	-0.123207	0.987694	0.096339	-0.989970	-0.129089	0.057398
25694	9.711516	0.979950	0.543735	-0.000604	0.003931	-0.004454	0.069179	-0.088362	0.993683	-0.123232	0.987684	0.096408	-0.989964	-0.129123	0.057438
25695	9.691340	0.974130	0.556115	-0.009668	-0.001997	-0.010380	0.069160	-0.088460	0.993676	-0.123125	0.987689	0.096497	-0.989978	-0.129020	0.057417
25696	9.714569	0.958024	0.536438	-0.009933	-0.006616	-0.001388	0.068814	-0.088551	0.993692	-0.123276	0.987664	0.096551	-0.989984	-0.129142	0.057049
25697	9.731210	0.931135	0.548709	-0.026494	-0.007145	-0.011401	0.068742	-0.088667	0.993686	-0.123003	0.987690	0.096641	-0.990023	-0.128869	0.056989
25698	9.720805	0.913369	0.521149	-0.024742	-0.008911	-0.013858	0.068550	-0.088966	0.993673	-0.123099	0.987650	0.096919	-0.990024	-0.128964	0.056752
25699	9.737409	0.887103	0.533197	-0.018440	-0.009588	-0.012060	0.068453	-0.089094	0.993668	-0.122907	0.987664	0.097022	-0.990055	-0.128770	0.056659
25700	9.737355	0.888120	0.532486	0.001271	-0.006561	-0.009779	0.068199	-0.089080	0.993687	-0.122703	0.987695	0.096964	-0.990097	-0.128541	0.056429
25701	9.713826	0.848361	0.569090	0.008392	-0.005324	-0.004475	0.068133	-0.089126	0.993687	-0.122781	0.987681	0.097006	-0.990092	-0.128616	0.056350
25702	9.720430	0.859266	0.536445	0.017493	-0.003145	0.004037	0.067940	-0.089076	0.993705	-0.122986	0.987662	0.096942	-0.990080	-0.128798	0.056147
25703	9.694293	0.955837	0.544303	0.022446	-0.009307	0.003055	0.067823	-0.089052	0.993715	-0.123208	0.987637	0.096917	-0.990060	-0.129007	0.056013
25704	9.748055	0.964311	0.538835	0.023796	-0.003822	0.005836	0.067658	-0.089025	0.993729	-0.123561	0.987596	0.096888	-0.990028	-0.129341	0.055819
25705	9.741755	1.010416	0.552618	0.003478	-0.002917	-0.000898	0.067608	-0.089033	0.993731	-0.123594	0.987591	0.096891	-0.990027	-0.129370	0.055765
25706	9.688060	1.001919	0.556937	-0.006807	-0.003511	-0.005088	0.067498	-0.089056	0.993737	-0.123489	0.987604	0.096895	-0.990048	-0.129256	0.055663
25707	9.728171	1.015594	0.532356	-0.013992	-0.000384	-0.008960	0.067482	-0.089141	0.993730	-0.123344	0.987615	0.096968	-0.990067	-0.129114	0.055652
25708	9.714338	0.963681	0.530462	-0.023709	-0.001159	-0.011286	0.067295	-0.089210	0.993737	-0.123060	0.987648	0.096996	-0.990115	-0.128817	0.055486
25709	9.724366	0.926378	0.575328	-0.029972	-0.004239	-0.010486	0.067242	-0.089313	0.993731	-0.122755	0.987678	0.097076	-0.990156	-0.128513	0.055450
25710	9.720537	0.919128	0.515991	-0.023669	-0.004915	-0.008689	0.067049	-0.089258	0.993749	-0.122230	0.987754	0.096967	-0.990234	-0.127968	0.055318
25711	9.720513	0.919523	0.515749	-0.011404	-0.003378	-0.001295	0.066991	-0.089268	0.993752	-0.122114	0.987768	0.096963	-0.990253	-0.127846	0.055271
25712	9.720529	0.919518	0.515461	-0.009677	-0.004530	0.000266	0.066789	-0.089369	0.993757	-0.122292	0.987738	0.097047	-0.990244	-0.128010	0.055041
25713	9.730901	0.938307	0.541915	-0.011617	-0.009225	-0.000351	0.066671	-0.089378	0.993764	-0.122176	0.987754	0.097035	-0.990267	-0.127883	0.054934
25714	9.710865	0.931888	0.553172	-0.012121	-0.013410	-0.003643	0.066439	-0.089459	0.993772	-0.122153	0.987752	0.097083	-0.990285	-0.127843	0.054698
25715	9.711095	0.989273	0.534290	-0.017011	-0.011617	-0.004086	0.066302	-0.089509	0.993777	-0.121981	0.987771	0.097106	-0.990315	-0.127661	0.054572
25716	9.751058	0.945790	0.526591	-0.021562	-0.012708	-0.008335	0.066109	-0.089630	0.993779	-0.121843	0.987779	0.097194	-0.990345	-0.127510	0.054380
25717	9.734123	0.916927	0.530987	-0.023078	-0.005710	-0.010834	0.066037	-0.089739	0.993774	-0.121607	0.987800	0.097281	-0.990379	-0.127274	0.054319
25718	9.703619	0.892539	0.516085	-0.026281	-0.001315	-0.012302	0.065862	-0.089867	0.993774	-0.121407	0.987815	0.097374	-0.990415	-0.127064	0.054149
25719	9.729974	0.853838	0.489469	-0.016248	-0.002810	-0.009771	0.065816	-0.089963	0.993768	-0.121239	0.987828	0.097454	-0.990439	-0.126898	0.054108
25720	9.749973	0.861265	0.477150	-0.003685	-0.000398	-0.008786	0.065640	-0.090136	0.993764	-0.121456	0.987785	0.097616	-0.990424	-0.127106	0.053890
25721	9.743374	0.851129	0.509144	0.015495	-0.000929	-0.005802	0.065606	-0.090191	0.993761	-0.121608	0.987761	0.097675	-0.990408	-0.127257	0.053835
25722	9.733191	0.889515	0.464224	0.022004	0.001711	0.005676	0.065470	-0.090105	0.993778	-0.121827	0.987743	0.097583	-0.990390	-0.127458	0.053691
25723	9.720309	0.924563	0.510555	0.023755	-0.000052	0.003215	0.065433	-0.090069	0.993784	-0.122066	0.987716	0.097557	-0.990363	-0.127691	0.053635
25724	9.700437	0.974972	0.504582	0.019246	-0.004898	0.001556	0.065405	-0.090144	0.993779	-0.122484	0.987655	0.097650	-0.990313	-0.128109	0.053557
25725	9.737253	0.954241	0.504278	0.018426	-0.006811	-0.001949	0.065308	-0.090170	0.993783	-0.122668	0.987630	0.097673	-0.990297	-0.128284	0.053439
25726	9.737281	0.954468	0.503319	0.012165	-0.009895	-0.001147	0.065038	-0.090065	0.993810	-0.122582	0.987655	0.097529	-0.990325	-0.128166	0.053194
25727	9.706888	0.929451	0.487400	0.013347	-0.011479	-0.005468	0.064897	-0.090130	0.993813	-0.122712	0.987633	0.097583	-0.990318	-0.128286	0.053035
25728	9.723783	0.959580	0.481086	0.015328	-0.010537	-0.002261	0.064585	-0.090250	0.993823	-0.123124	0.987572	0.097684	-0.990287	-0.128672	0.052670
25729	9.716623	0.918083	0.445893	0.018449	-0.007426	-0.005966	0.064483	-0.090316	0.993823	-0.123306	0.987543	0.097746	-0.990271	-0.128847	0.052543
25730	9.739892	0.901773	0.425535	0.018722	-0.008474	0.002292	0.064390	-0.090243	0.993836	-0.123398	0.987539	0.097666	-0.990266	-0.128926	0.052452
25731	9.730223	0.914066	0.463992	0.009530	-0.005681	-0.000756	0.064300	-0.090255	0.993841	-0.123495	0.987527	0.097672	-0.990260	-0.129014	0.052351
25732	9.737401	0.956230	0.497608	0.006642	-0.003558	-0.002016	0.064146	-0.090190	0.993857	-0.123420	0.987545	0.097584	-0.990279	-0.128921	0.052216
25733	9.703812	0.953974	0.489642	0.002046	-0.003424	0.001776	0.064074	-0.090174	0.993863	-0.123443	0.987544	0.097559	-0.990281	-0.128936	0.052145
25734	9.710852	0.938935	0.541363	-0.007399	-0.002724	-0.002918	0.064047	-0.090170	0.993865	-0.123325	0.987561	0.097546	-0.990297	-0.128816	0.052130
25735	9.753640	0.954863	0.425543	-0.013471	0.000655	0.000959	0.064017	-0.090156	0.993868	-0.123194	0.987579	0.097521	-0.990316	-0.128681	0.052115
25736	9.733527	0.948603	0.438347	-0.008961	0.008028	-0.008016	0.064096	-0.090247	0.993855	-0.123177	0.987572	0.097621	-0.990313	-0.128677	0.052183
25737	9.750138	0.922121	0.451830	-0.023506	0.004673	-0.012204	0.064123	-0.090359	0.993843	-0.122939	0.987591	0.097722	-0.990341	-0.128448	0.052218
25738	9.699566	0.891076	0.449625	-0.018253	-0.003147	-0.008953	0.064215	-0.090595	0.993815	-0.123074	0.987549	0.097976	-0.990318	-0.128604	0.052265
25739	9.733123	0.894127	0.456738	-0.012728	-0.009486	-0.008079	0.064097	-0.090685	0.993815	-0.122946	0.987558	0.098044	-0.990341	-0.128470	0.052151
25740	9.736419	0.928671	0.431001	-0.006172	-0.008063	-0.004647	0.063978	-0.090750	0.993816	-0.122941	0.987554	0.098093	-0.990350	-0.128457	0.052025
25741	9.749988	0.924553	0.450093	-0.004465	-0.008602	0.000933	0.063859	-0.090751	0.993824	-0.122901	0.987561	0.098076	-0.990362	-0.128405	0.051911
25742	9.726772	0.941141	0.468694	-0.006446	-0.009545	-0.002271	0.063899	-0.090863	0.993811	-0.123025	0.987533	0.098199	-0.990344	-0.128539	0.051924
25743	9.723510	0.907330	0.492453	-0.005493	-0.016365	-0.001625	0.063708	-0.090899	0.993820	-0.122974	0.987539	0.098208	-0.990363	-0.128471	0.051735
25744	9.737116	0.903149	0.511144	-0.005034	-0.008423	-0.000925	0.063613	-0.090924	0.993824	-0.122981	0.987537	0.098221	-0.990368	-0.128469	0.051638
25745	9.737146	0.903259	0.510379	0.001543	-0.007611	-0.001516	0.063508	-0.090949	0.993828	-0.123000	0.987533	0.098233	-0.990373	-0.128479	0.051530
25746	9.722900	0.876800	0.423673	0.010077	-0.002714	-0.005514	0.063472	-0.090986	0.993827	-0.123104	0.987516	0.098270	-0.990362	-0.128581	0.051479
25747	9.746808	0.891691	0.470261	0.020616	-0.000016	0.000301	0.063440	-0.090983	0.993830	-0.123313	0.987490	0.098274	-0.990338	-0.128786	0.051427
25748	9.733225	0.896295	0.450264	0.023482	0.001002	-0.005049	0.063389	-0.091081	0.993824	-0.123705	0.987430	0.098385	-0.990292	-0.129178	0.051325
25749	9.746753	0.892468	0.469923	0.021207	-0.000810	-0.001855	0.063353	-0.091101	0.993824	-0.123919	0.987400	0.098411	-0.990268	-0.129389	0.051265
25750	9.720304	0.932385	0.496227	0.019205	-0.001141	-0.001037	0.063395	-0.091029	0.993828	-0.124001	0.987396	0.098350	-0.990255	-0.129470	0.051308
25751	9.726796	0.943297	0.463839	0.018615	-0.000349	0.001125	0.063360	-0.091019	0.993832	-0.124190	0.987373	0.098345	-0.990233	-0.129655	0.051256
25752	9.710067	0.970688	0.450531	0.009008	-0.009254	-0.000023	0.063097	-0.090991	0.993851	-0.124251	0.987371	0.098286	-0.990243	-0.129688	0.050995
25753	9.710072	0.971122	0.449485	0.009049	-0.010483	-0.008062	0.062972	-0.091084	0.993850	-0.124340	0.987352	0.098367	-0.990239	-0.129769	0.050851
25754	9.710106	0.971453	0.448039	0.011692	-0.017225	0.002188	0.062594	-0.091047	0.993877	-0.124435	0.987348	0.098285	-0.990251	-0.129825	0.050473
25755	9.736631	0.931675	0.419586	0.011440	-0.019320	0.000547	0.062370	-0.091066	0.993890	-0.124553	0.987333	0.098282	-0.990251	-0.129922	0.050237
25756	9.737452	0.962729	0.483888	0.008848	-0.018857	0.003525	0.062121	-0.091015	0.993910	-0.124603	0.987335	0.098200	-0.990260	-0.129944	0.049993
25757	9.751124	0.958532	0.501743	0.011460	-0.019938	-0.003468	0.061895	-0.091074	0.993919	-0.124718	0.987317	0.098236	-0.990260	-0.130040	0.049752
25758	9.733680	0.954969	0.420770	0.010871	-0.019145	-0.001307	0.061531	-0.091080	0.993941	-0.124826	0.987307	0.098200	-0.990269	-0.130112	0.049380
25759	9.717587	0.899633	0.508248	-0.003172	-0.018314	-0.002200	0.061319	-0.091125	0.993950	-0.124798	0.987309	0.098215	-0.990286	-0.130065	0.049168
25760	9.744914	0.948224	0.528407	-0.012657	-0.016387	0.001153	0.060905	-0.091113	0.993976	-0.124694	0.987329	0.098144	-0.990324	-0.129920	0.048772
25761	9.701774	0.957933	0.558805	-0.009831	-0.014141	0.003837	0.060725	-0.091093	0.993989	-0.124603	0.987345	0.098097	-0.990347	-0.129811	0.048606
25762	9.712261	0.976532	0.584898	-0.015089	-0.006320	0.000583	0.060558	-0.090849	0.994022	-0.123964	0.987455	0.097801	-0.990437	-0.129146	0.048536
25763	9.761939	0.977225	0.521104	-0.022415	0.005540	-0.000429	0.060578	-0.090844	0.994021	-0.123744	0.987484	0.097788	-0.990463	-0.128928	0.048579
25764	9.689816	0.876452	0.399459	-0.012724	0.009462	-0.004735	0.060536	-0.090806	0.994027	-0.123525	0.987517	0.097733	-0.990493	-0.128703	0.048563
25765	9.696170	0.887884	0.367991	0.003973	0.003800	-0.008249	0.060547	-0.090879	0.994020	-0.123562	0.987505	0.097810	-0.990488	-0.128745	0.048562
25766	9.712864	0.861503	0.380593	0.006106	-0.004608	-0.011916	0.060500	-0.090918	0.994019	-0.123467	0.987514	0.097838	-0.990503	-0.128648	0.048519
25767	9.692093	0.939154	0.289552	0.021235	-0.020997	-0.013221	0.060273	-0.091072	0.994019	-0.123672	0.987475	0.097971	-0.990491	-0.128837	0.048255
25768	9.679240	0.918605	0.350764	0.019194	-0.039058	-0.007676	0.059790	-0.091278	0.994029	-0.124128	0.987401	0.098136	-0.990463	-0.129254	0.047707
25769	9.706602	1.024947	0.350207	0.007319	-0.049783	-0.005602	0.059268	-0.091395	0.994049	-0.124200	0.987387	0.098187	-0.990486	-0.129280	0.047169
25770	9.718029	1.018160	0.456504	-0.030468	-0.051441	0.000974	0.058677	-0.091525	0.994073	-0.124119	0.987393	0.098236	-0.990531	-0.129147	0.046577
25771	9.752763	1.108672	0.508025	-0.048293	-0.046046	-0.003224	0.058188	-0.091614	0.994093	-0.123642	0.987452	0.098239	-0.990619	-0.128628	0.046130
25772	9.732926	1.159392	0.498850	-0.061224	-0.042446	-0.006973	0.057692	-0.091751	0.994109	-0.123109	0.987514	0.098286	-0.990715	-0.128055	0.045677
25773	9.699368	1.100790	0.506140	-0.075034	-0.037008	-0.016805	0.057309	-0.091962	0.994112	-0.122360	0.987594	0.098413	-0.990830	-0.127280	0.045346
25774	9.674275	1.056461	0.390509	-0.066521	-0.031501	-0.016787	0.056840	-0.092198	0.994117	-0.121815	0.987647	0.098563	-0.990924	-0.126701	0.044906
25775	9.710104	0.949340	0.339275	-0.062373	-0.040198	-0.025273	0.056434	-0.092497	0.994112	-0.121187	0.987702	0.098780	-0.991024	-0.126048	0.044530
25776	9.784752	0.940325	0.402045	-0.080772	-0.054316	-0.011907	0.055889	-0.092680	0.994126	-0.120392	0.987792	0.098858	-0.991152	-0.125210	0.044049
25777	9.764821	0.991559	0.392006	-0.084121	-0.059556	-0.009786	0.055273	-0.092850	0.994145	-0.119557	0.987888	0.098912	-0.991288	-0.124324	0.043502
25778	9.708092	1.063318	0.381187	-0.095650	-0.072607	-0.007417	0.054270	-0.093121	0.994175	-0.118922	0.987953	0.099029	-0.991419	-0.123604	0.042542
25779	9.664005	1.099755	0.322445	-0.092231	-0.089541	-0.006161	0.053350	-0.093291	0.994209	-0.118010	0.988060	0.099047	-0.991578	-0.122611	0.041703
25780	9.694705	1.125630	0.329121	-0.090409	-0.095700	-0.009990	0.052214	-0.093491	0.994250	-0.117092	0.988168	0.099068	-0.991748	-0.121591	0.040649
25781	9.699477	1.076884	0.397119	-0.084017	-0.101369	-0.013625	0.051184	-0.093748	0.994279	-0.116257	0.988256	0.099164	-0.991899	-0.120668	0.039684
25782	9.739913	0.976933	0.398340	-0.081815	-0.095200	-0.015339	0.050231	-0.094052	0.994299	-0.115529	0.988326	0.099323	-0.992033	-0.119860	0.038778
25783	9.726563	0.925154	0.387905	-0.080776	-0.087457	-0.012734	0.049337	-0.094282	0.994322	-0.114728	0.988410	0.099414	-0.992171	-0.118981	0.037948
25784	9.693306	0.866506	0.390841	-0.090107	-0.075959	-0.012776	0.048500	-0.094650	0.994328	-0.114209	0.988445	0.099661	-0.992272	-0.118395	0.037130
25785	9.696438	0.901124	0.359431	-0.075151	-0.078049	-0.001879	0.047687	-0.094762	0.994357	-0.113470	0.988532	0.099648	-0.992396	-0.117581	0.036387
25786	9.687237	0.970235	0.375041	-0.053195	-0.073120	-0.003022	0.046822	-0.095000	0.994376	-0.113245	0.988545	0.099775	-0.992463	-0.117280	0.035528
25787	9.669234	0.910018	0.306473	-0.034188	-0.079484	0.000714	0.045991	-0.095088	0.994406	-0.112915	0.988585	0.099753	-0.992540	-0.116871	0.034729
25788	9.701874	0.824623	0.256420	0.006759	-0.081484	-0.000786	0.045132	-0.095265	0.994428	-0.113175	0.988546	0.099838	-0.992550	-0.117050	0.033833
25789	9.703868	0.713863	0.191148	0.030340	-0.087352	0.003103	0.044219	-0.095339	0.994462	-0.113486	0.988513	0.099815	-0.992555	-0.117271	0.032891
25790	9.752455	0.772217	0.100157	0.030247	-0.096429	0.010702	0.042938	-0.095315	0.994521	-0.113722	0.988503	0.099648	-0.992584	-0.117378	0.031604
25791	9.723167	0.890565	0.108238	0.032011	-0.097013	0.016296	0.041912	-0.095270	0.994569	-0.114056	0.988480	0.099493	-0.992590	-0.117606	0.030563
25792	9.702378	0.935908	0.184677	0.028733	-0.107253	0.013025	0.040711	-0.095275	0.994618	-0.114394	0.988453	0.099367	-0.992601	-0.117824	0.029342
25793	9.703097	0.995926	0.065862	0.031164	-0.099560	0.008882	0.039668	-0.095307	0.994657	-0.114716	0.988424	0.099284	-0.992606	-0.118042	0.028275
25794	9.746259	0.928116	0.040724	0.013087	-0.095089	0.011332	0.038453	-0.095336	0.994702	-0.114935	0.988410	0.099176	-0.992628	-0.118140	0.027050
25795	9.696340	0.837427	0.047227	0.007323	-0.089656	0.016953	0.037498	-0.095277	0.994744	-0.115024	0.988416	0.099007	-0.992655	-0.118132	0.026104
25796	9.711649	0.838347	-0.123681	0.018244	-0.070225	0.026105	0.036684	-0.095292	0.994773	-0.115743	0.988339	0.098944	-0.992602	-0.118768	0.025227
25797	9.643902	0.887985	-0.161675	0.044389	-0.070988	0.036375	0.035891	-0.095021	0.994828	-0.116208	0.988319	0.098592	-0.992576	-0.119146	0.024430
25798	9.693887	0.969271	-0.094182	0.068777	-0.084053	0.051315	0.034814	-0.094719	0.994895	-0.117143	0.988250	0.098185	-0.992505	-0.119964	0.023309
25799	9.712727	1.138513	-0.077221	0.064555	-0.099711	0.061671	0.033705	-0.094234	0.994979	-0.117817	0.988229	0.097586	-0.992463	-0.120515	0.022206
25800	9.717910	1.250729	0.027096	0.050892	-0.119051	0.066110	0.032190	-0.093848	0.995066	-0.118655	0.988183	0.097037	-0.992414	-0.121193	0.020674
25801	9.749179	1.323343	0.101859	0.025790	-0.142408	0.065497	0.030650	-0.093379	0.995159	-0.118945	0.988211	0.096391	-0.992428	-0.121323	0.019181
25802	9.693196	1.438557	0.248549	0.007418	-0.154077	0.068641	0.028831	-0.093060	0.995243	-0.119448	0.988202	0.095862	-0.992422	-0.121644	0.017375
25803	9.708857	1.424113	0.343732	-0.037876	-0.170047	0.064793	0.027016	-0.092634	0.995334	-0.119105	0.988306	0.095213	-0.992514	-0.121122	0.015667
25804	9.716774	1.364274	0.495635	-0.060998	-0.169650	0.068043	0.024945	-0.092534	0.995397	-0.119341	0.988311	0.094866	-0.992540	-0.121158	0.013610
25805	9.652019	1.288694	0.667169	-0.071594	-0.167426	0.068015	0.023150	-0.092074	0.995483	-0.118664	0.988457	0.094184	-0.992664	-0.120309	0.011957
25806	9.556724	1.188020	0.824737	-0.074669	-0.176240	0.062549	0.021137	-0.091901	0.995544	-0.118381	0.988531	0.093767	-0.992743	-0.119836	0.010015
25807	9.629725	1.105221	0.831105	-0.061747	-0.176192	0.063620	0.019260	-0.091494	0.995619	-0.117800	0.988660	0.093133	-0.992851	-0.119078	0.008263
25808	9.662627	1.024234	1.053281	-0.039601	-0.169604	0.074330	0.017339	-0.091196	0.995682	-0.117963	0.988690	0.092610	-0.992867	-0.119059	0.006386
25809	9.655590	1.047053	1.175948	-0.004109	-0.164009	0.094173	0.015546	-0.090473	0.995778	-0.117958	0.988778	0.091678	-0.992897	-0.118885	0.004700
25810	9.675062	1.082449	1.345451	0.026274	-0.144613	0.109751	0.013761	-0.089743	0.995870	-0.118550	0.988793	0.090743	-0.992853	-0.119309	0.002968
25811	9.675283	1.167725	1.512485	0.044225	-0.122316	0.119613	0.012350	-0.088720	0.995980	-0.119027	0.988844	0.089561	-0.992814	-0.119654	0.001652
25812	9.674479	1.199046	1.607935	0.049391	-0.090405	0.124901	0.011259	-0.087642	0.996088	-0.119558	0.988887	0.088360	-0.992763	-0.120085	0.000656
25813	9.679680	1.164629	1.593155	0.043756	-0.048525	0.124728	0.010573	-0.086481	0.996197	-0.120028	0.988940	0.087125	-0.992714	-0.120493	0.000076
25814	9.644978	1.059897	1.626285	0.043309	-0.001962	0.127852	0.010455	-0.085405	0.996291	-0.120988	0.988918	0.086042	-0.992599	-0.121439	0.000006
25815	9.554901	0.966555	1.768824	0.039852	0.023271	0.125281	0.010479	-0.084153	0.996398	-0.121419	0.988972	0.084803	-0.992546	-0.121871	0.000145
25816	9.618837	0.962762	2.005483	0.010328	0.028615	0.138868	0.010578	-0.083056	0.996489	-0.122302	0.988955	0.083726	-0.992437	-0.122758	0.000303
25817	9.812256	1.086003	2.365857	-0.045795	0.077429	0.158634	0.011097	-0.081409	0.996619	-0.121890	0.989138	0.082155	-0.992482	-0.122389	0.001054
25818	9.832382	1.277711	2.693101	-0.079268	0.157488	0.176575	0.012402	-0.079648	0.996746	-0.121466	0.989321	0.080565	-0.992518	-0.122070	0.002595
25819	9.612512	1.457084	2.985615	-0.074803	0.240183	0.170190	0.014522	-0.077689	0.996872	-0.120772	0.989542	0.078877	-0.992574	-0.121540	0.004988
25820	9.470368	1.523049	3.349811	-0.031893	0.293634	0.138080	0.017621	-0.076011	0.996951	-0.120648	0.989659	0.077588	-0.992539	-0.121648	0.008268
25821	9.451864	1.479341	3.718135	0.012571	0.338331	0.071463	0.020837	-0.074910	0.996973	-0.120813	0.989693	0.076888	-0.992457	-0.122049	0.011572
25822	9.611214	1.313073	4.079585	0.059313	0.426624	-0.010829	0.025476	-0.074646	0.996885	-0.121933	0.989531	0.077211	-0.992211	-0.123520	0.016107
25823	9.676889	1.126235	4.354473	0.050239	0.575998	-0.072579	0.031225	-0.074669	0.996719	-0.122437	0.989410	0.077957	-0.991985	-0.124470	0.021752
25824	9.594720	0.747268	4.328191	0.055519	0.712697	-0.110190	0.038574	-0.075041	0.996434	-0.123206	0.989210	0.079267	-0.991631	-0.125825	0.028912
25825	9.788709	0.235526	4.356366	0.126068	0.788991	-0.137033	0.046510	-0.075417	0.996067	-0.124425	0.988943	0.080688	-0.991138	-0.127688	0.036612
25826	10.539733	-0.183848	4.488110	0.165552	0.915693	-0.116217	0.056139	-0.075444	0.995569	-0.126357	0.988587	0.082040	-0.990395	-0.130402	0.045965
25827	10.975115	-0.321340	4.470514	0.392738	1.017976	-0.103605	0.066293	-0.075138	0.994967	-0.130208	0.987983	0.083286	-0.989268	-0.135074	0.055713
25828	12.374583	-0.305086	4.707175	0.290374	1.136930	-0.065586	0.077939	-0.074312	0.994185	-0.133363	0.987478	0.084266	-0.987998	-0.139155	0.067053
25829	12.873831	-0.423239	4.446937	0.149343	1.379637	-0.037193	0.091555	-0.072764	0.993138	-0.134833	0.987236	0.084762	-0.986629	-0.141669	0.080576
25830	12.552403	-0.217723	4.281361	-0.059843	1.536761	-0.007474	0.107387	-0.070666	0.991703	-0.134885	0.987213	0.084952	-0.985025	-0.142889	0.096482
25831	12.241767	0.288914	4.098308	-0.412452	1.596145	0.023318	0.123015	-0.068201	0.990059	-0.130880	0.987807	0.084308	-0.983737	-0.139950	0.112589
25832	12.189998	-0.352900	3.403928	-0.450618	1.652726	-0.080834	0.140017	-0.066792	0.987894	-0.127144	0.988250	0.084836	-0.981952	-0.137483	0.129880
25833	11.874903	-0.378532	2.889164	-0.311490	1.685807	-0.142543	0.156680	-0.065923	0.985447	-0.123905	0.988575	0.085833	-0.979846	-0.135550	0.146722
25834	11.651102	-0.625539	2.253112	-0.072200	1.759485	-0.195274	0.174719	-0.065557	0.982433	-0.123726	0.988410	0.087960	-0.976814	-0.136921	0.164583
25835	10.936202	-1.038743	1.138123	0.277537	1.645736	-0.191653	0.190956	-0.065192	0.979431	-0.126112	0.987894	0.090343	-0.973464	-0.140769	0.180423
25836	10.702618	-1.111376	0.290003	0.599446	1.444786	-0.160359	0.205735	-0.064745	0.976464	-0.132681	0.986750	0.093382	-0.969571	-0.148770	0.194419
25837	10.719863	-1.081201	-0.223168	0.825878	1.271827	-0.108919	0.218141	-0.063899	0.973823	-0.140472	0.985407	0.096126	-0.965755	-0.157764	0.205981
25838	10.597556	-1.119274	-0.087754	0.842437	1.198164	-0.074853	0.230314	-0.062777	0.971089	-0.149277	0.983826	0.099004	-0.961599	-0.167763	0.217218
25839	10.413358	-0.623597	0.492109	1.072243	1.222161	-0.004496	0.241997	-0.060734	0.968374	-0.159584	0.981956	0.101466	-0.957063	-0.179092	0.227938
25840	9.728869	-0.301692	-0.214908	0.693712	1.214145	-0.077160	0.254053	-0.059380	0.965366	-0.166702	0.980488	0.104181	-0.952716	-0.187396	0.239197
25841	9.828513	0.985427	1.347639	0.923694	1.117538	-0.066051	0.264740	-0.057915	0.962579	-0.175343	0.978664	0.107108	-0.948244	-0.197137	0.248937
25842	9.929876	0.915786	1.513985	0.570420	1.512795	-0.110426	0.279406	-0.055951	0.958542	-0.180570	0.977427	0.109688	-0.943041	-0.203731	0.262996
25843	8.503343	1.494635	1.663961	0.515117	1.418684	-0.083907	0.292855	-0.053877	0.954638	-0.185207	0.976306	0.111916	-0.938048	-0.209581	0.275938
25844	8.519928	2.076973	2.125685	0.449367	1.332004	-0.023909	0.305568	-0.051171	0.950794	-0.189412	0.975331	0.113365	-0.933141	-0.214733	0.288337
25845	8.111969	2.555837	2.274904	0.111353	1.369021	0.047214	0.318176	-0.047797	0.946826	-0.190628	0.975104	0.113284	-0.928668	-0.216536	0.301143
25846	7.483135	3.128790	2.296965	-0.285513	1.172897	0.070087	0.329169	-0.044467	0.943224	-0.188290	0.975740	0.111710	-0.925308	-0.214371	0.312810
25847	7.770795	3.261709	2.343659	-0.963277	0.987419	0.050174	0.338159	-0.041942	0.940154	-0.179583	0.977773	0.108214	-0.923796	-0.205429	0.323111
25848	8.073811	2.554050	2.014856	-1.282829	0.894769	0.020495	0.346636	-0.039856	0.937152	-0.167848	0.980335	0.103777	-0.922860	-0.193272	0.333130
25849	8.222238	2.139066	1.952550	-1.419529	0.844675	-0.013216	0.354403	-0.038448	0.934302	-0.154737	0.982968	0.099146	-0.922201	-0.179709	0.342418
25850	8.337838	1.966792	2.120442	-1.717525	0.871197	0.002886	0.362668	-0.036851	0.931189	-0.138956	0.985909	0.093135	-0.921500	-0.163172	0.352437
25851	8.069989	1.136928	1.882989	-1.862636	0.865176	0.033936	0.370546	-0.035217	0.928146	-0.121953	0.988785	0.086206	-0.920773	-0.145134	0.362096
25852	7.730761	0.687733	2.336010	-1.990287	0.805122	0.077324	0.378082	-0.033303	0.925173	-0.103968	0.991503	0.078179	-0.919916	-0.125746	0.371407
25853	7.452175	-0.198769	2.125056	-1.907493	0.768935	0.109374	0.384999	-0.031356	0.922384	-0.086878	0.993753	0.070044	-0.918819	-0.107102	0.379870
25854	7.287837	-0.447497	2.449526	-1.826276	0.695153	0.124987	0.391475	-0.029368	0.919720	-0.070644	0.995582	0.061860	-0.917473	-0.089189	0.387671
25855	7.434388	-1.335484	2.346588	-1.568949	0.662234	0.137206	0.397409	-0.027493	0.917230	-0.056832	0.996895	0.054505	-0.915880	-0.073789	0.394612
25856	6.993201	-1.192371	2.772516	-1.251647	0.608508	0.129994	0.403083	-0.025702	0.914803	-0.045957	0.997776	0.048283	-0.914009	-0.061504	0.401005
25857	6.930909	-1.465643	2.894155	-1.094590	0.480242	0.111143	0.407373	-0.024353	0.912937	-0.036441	0.998415	0.042894	-0.912534	-0.050742	0.405840
25858	6.759082	-1.581540	3.237672	-0.886014	0.365044	0.109155	0.410829	-0.022986	0.911423	-0.028873	0.998853	0.038205	-0.911255	-0.042011	0.409694
25859	6.655648	-1.534929	3.819403	-0.742688	0.215373	0.092199	0.412717	-0.022011	0.910593	-0.022517	0.999156	0.034357	-0.910581	-0.034683	0.411873
25860	6.754543	-1.719725	4.614084	-0.714092	0.110163	0.092099	0.413863	-0.020920	0.910099	-0.016470	0.999400	0.030463	-0.910190	-0.027597	0.413270
25861	6.948525	-1.682286	5.089457	-0.487273	0.092386	0.112506	0.414637	-0.019800	0.909771	-0.012532	0.999544	0.027465	-0.909900	-0.022789	0.414200
25862	6.865885	-0.900811	5.307646	-0.326723	0.109895	0.111178	0.415799	-0.018500	0.909268	-0.010105	0.999637	0.024960	-0.909400	-0.019566	0.415462
25863	6.957162	-0.707913	5.365046	-0.314439	0.118714	0.101517	0.416820	-0.017491	0.908821	-0.007698	0.999711	0.022771	-0.908957	-0.016488	0.416565
25864	6.716203	-0.246786	4.853932	-0.104685	0.144445	0.113912	0.418317	-0.016151	0.908157	-0.007312	0.999750	0.021148	-0.908272	-0.015487	0.418094
25865	6.441579	-0.158014	4.402787	0.042572	0.110487	0.099123	0.419263	-0.015169	0.907738	-0.008144	0.999757	0.020469	-0.907828	-0.015974	0.419038
25866	6.391408	0.390739	4.481744	0.066244	0.091922	0.101798	0.420293	-0.013956	0.907281	-0.009264	0.999764	0.019671	-0.907341	-0.016673	0.420065
25867	6.218572	-0.160365	4.545693	0.029405	0.075313	0.075920	0.420920	-0.013212	0.907002	-0.009880	0.999768	0.019148	-0.907044	-0.017021	0.420692
25868	6.273493	-0.587375	4.835068	0.118948	-0.030165	0.059470	0.420856	-0.012445	0.907042	-0.011303	0.999756	0.018962	-0.907057	-0.018233	0.420612
25869	6.877646	-1.193044	5.351606	0.183593	-0.170244	0.026669	0.419258	-0.012238	0.907784	-0.013111	0.999723	0.019533	-0.907772	-0.020092	0.418982
25870	7.633170	-2.246449	5.588928	0.106414	-0.310013	-0.014920	0.416676	-0.012262	0.908972	-0.014114	0.999701	0.019956	-0.908946	-0.021144	0.416378
25871	8.514265	-3.216640	6.238964	0.374566	-0.437410	-0.069295	0.412658	-0.013082	0.910792	-0.017265	0.999605	0.022180	-0.910722	-0.024878	0.412269
25872	9.411676	-2.849398	7.177410	0.659015	-0.434882	-0.114610	0.408967	-0.014119	0.912440	-0.022911	0.999406	0.025734	-0.912262	-0.031430	0.408400
25873	9.928963	-1.965079	7.183880	0.681938	-0.281173	-0.154362	0.406391	-0.015787	0.913563	-0.028538	0.999144	0.029960	-0.913253	-0.038247	0.405593
25874	9.614235	-0.804556	7.002471	0.994152	-0.196284	-0.177616	0.404930	-0.017378	0.914182	-0.037018	0.998688	0.035381	-0.913598	-0.048168	0.403756
25875	9.264525	0.914736	6.672771	0.986385	-0.117197	-0.202453	0.403895	-0.019490	0.914598	-0.045243	0.998124	0.041249	-0.913686	-0.058039	0.402255
25876	8.647016	1.172587	5.685021	0.779229	-0.084161	-0.221529	0.403528	-0.021484	0.914715	-0.051586	0.997600	0.046188	-0.913512	-0.065825	0.401452
25877	8.104788	1.196423	5.113416	0.707427	-0.122652	-0.198508	0.402468	-0.023578	0.915130	-0.057281	0.997061	0.050880	-0.913640	-0.072897	0.399935
25878	7.653643	0.652308	4.280573	0.592611	-0.233404	-0.179100	0.400748	-0.025288	0.915839	-0.062090	0.996571	0.054687	-0.914082	-0.078780	0.397804
25879	7.957600	0.618394	3.578300	0.699221	-0.485501	-0.223146	0.396404	-0.027939	0.917651	-0.067630	0.995932	0.059537	-0.915582	-0.085662	0.392902
25880	9.348669	0.373690	3.047327	0.833632	-0.956871	-0.355686	0.388185	-0.032095	0.921022	-0.073989	0.995082	0.065860	-0.918607	-0.093712	0.383901
25881	12.020277	-0.874352	3.647269	0.916559	-1.634533	-0.470522	0.373441	-0.038406	0.926859	-0.080676	0.994012	0.073694	-0.924139	-0.102296	0.368107
25882	16.079720	-2.598822	3.836992	1.015346	-1.912294	-0.438201	0.356370	-0.044556	0.933282	-0.088599	0.992750	0.081226	-0.930135	-0.111634	0.349839
25883	19.223904	-3.383195	3.598059	1.215594	-1.316522	-0.462986	0.344487	-0.050724	0.937420	-0.098340	0.991096	0.089766	-0.933626	-0.123109	0.336431
25884	21.002134	-2.537511	4.802340	1.441051	-0.376455	-0.512989	0.341756	-0.055992	0.938119	-0.110151	0.988957	0.099154	-0.933311	-0.137221	0.331814
25885	21.595518	1.095401	8.220405	1.400969	1.046749	-0.626203	0.352176	-0.060696	0.933964	-0.121053	0.986559	0.109760	-0.928072	-0.151714	0.340095
25886	11.776401	5.727879	10.912826	1.095166	2.865030	-1.219777	0.380335	-0.067856	0.922356	-0.126807	0.984060	0.124684	-0.916114	-0.164383	0.365668
25887	1.331192	6.822395	9.367846	0.187664	2.002293	-1.636474	0.400591	-0.080654	0.912700	-0.122162	0.982523	0.140442	-0.908077	-0.167758	0.383737
25888	-1.611484	4.542772	-0.059707	-0.414630	0.016109	-1.299429	0.402568	-0.093124	0.910641	-0.113270	0.982099	0.150505	-0.908355	-0.163736	0.384814
25889	0.490628	-2.282678	-9.669019	-0.584537	-1.460287	-0.500483	0.389760	-0.100410	0.915426	-0.105993	0.982541	0.152900	-0.914797	-0.156623	0.372312
25890	5.053627	-5.513550	-12.044110	-0.065249	-1.911115	0.136385	0.372313	-0.101807	0.922507	-0.105999	0.982797	0.151241	-0.922034	-0.154094	0.355116
25891	6.727844	-3.546440	-6.666070	0.627866	-1.549223	0.325682	0.357587	-0.101061	0.928396	-0.113029	0.982136	0.150445	-0.927015	-0.158733	0.339776
25892	5.737650	-2.903731	0.877472	0.853550	-1.292679	0.460956	0.345161	-0.098364	0.933375	-0.122686	0.981231	0.148776	-0.930490	-0.165864	0.326614
25893	9.018280	-2.252471	3.119651	1.580611	-1.624844	0.219198	0.329682	-0.099054	0.938881	-0.138199	0.978705	0.151783	-0.933922	-0.179792	0.308972
25894	14.311512	1.089207	2.509922	2.706061	-1.783986	-0.060805	0.313209	-0.102764	0.944108	-0.163424	0.973466	0.160176	-0.935517	-0.204458	0.288104
25895	15.627720	4.633973	-0.143373	3.048300	-1.510713	-0.161554	0.299323	-0.107665	0.948058	-0.191476	0.966623	0.170226	-0.934742	-0.232483	0.268717
25896	13.675147	6.176411	-1.971051	2.823709	-1.251165	-0.286476	0.288303	-0.113209	0.950823	-0.217119	0.959394	0.180063	-0.932599	-0.258355	0.252016
25897	9.894540	6.100044	-1.458072	2.122953	-0.895707	-0.425155	0.280878	-0.119710	0.952248	-0.235724	0.953193	0.189359	-0.930345	-0.277655	0.239513
25898	6.706475	6.105775	0.465211	1.298739	-0.902990	-0.394948	0.273467	-0.125819	0.953617	-0.246809	0.949038	0.195992	-0.929678	-0.288958	0.228477
25899	6.236006	5.281739	1.364053	0.556421	-1.152210	-0.227888	0.263270	-0.131366	0.955736	-0.251415	0.947109	0.199436	-0.931386	-0.292792	0.216318
25900	7.580688	4.353393	1.025086	0.075662	-1.323180	-0.052426	0.251092	-0.135588	0.958420	-0.252069	0.946820	0.199985	-0.934566	-0.291802	0.203561
25901	9.211671	3.359195	0.635026	-0.107301	-1.373750	0.112654	0.237902	-0.138545	0.961357	-0.251380	0.947268	0.198722	-0.938196	-0.288942	0.190529
25902	10.257631	2.842429	0.332365	-0.019211	-1.275990	0.261678	0.225281	-0.139634	0.964236	-0.251881	0.947685	0.196085	-0.941172	-0.287047	0.178324
25903	9.878182	3.355379	0.170529	0.063928	-1.147713	0.338759	0.213566	-0.139746	0.966882	-0.253268	0.947958	0.192953	-0.943528	-0.286089	0.167058
25904	8.993057	3.787753	-0.078615	-0.000205	-1.169166	0.259332	0.201875	-0.140539	0.969276	-0.253877	0.948316	0.190376	-0.945935	-0.284509	0.155761
25905	8.659158	3.825313	0.074432	-0.192324	-1.343650	0.127078	0.188778	-0.143165	0.971528	-0.252346	0.949023	0.188883	-0.949044	-0.280818	0.143028
25906	8.795709	3.507138	0.187141	-0.496677	-1.500243	0.060491	0.174359	-0.146703	0.973693	-0.247796	0.950480	0.187578	-0.952993	-0.273983	0.129372
25907	9.223419	2.847578	0.453307	-0.731841	-1.550605	0.062448	0.159351	-0.150319	0.975711	-0.240954	0.952527	0.186099	-0.957365	-0.264756	0.115566
25908	9.405668	2.071556	0.703450	-0.815905	-1.494592	0.075281	0.144824	-0.153455	0.977485	-0.233300	0.954751	0.184452	-0.961560	-0.254760	0.102470
25909	9.253213	1.419824	0.785884	-0.777399	-1.422237	0.099029	0.130849	-0.156096	0.979036	-0.225991	0.956832	0.182760	-0.965301	-0.245167	0.089925
25910	9.081188	1.073688	0.957995	-0.594053	-1.409488	0.100091	0.116987	-0.158512	0.980402	-0.220432	0.958413	0.181260	-0.968361	-0.237317	0.077181
25911	9.228505	0.724543	1.102141	-0.439224	-1.422713	0.110417	0.102905	-0.160815	0.981605	-0.216340	0.959602	0.179890	-0.970880	-0.230872	0.063957
25912	9.380889	0.737252	1.443368	-0.282785	-1.404156	0.124311	0.088981	-0.162793	0.982640	-0.213776	0.960441	0.178474	-0.972822	-0.225946	0.050660
25913	9.453732	0.868470	1.617576	-0.202051	-1.358205	0.136107	0.075422	-0.164557	0.983480	-0.211968	0.961102	0.177068	-0.974362	-0.221821	0.037607
25914	9.431334	0.931048	1.560852	-0.119959	-1.299606	0.123407	0.062489	-0.166185	0.984113	-0.210953	0.961563	0.175772	-0.975497	-0.218585	0.025030
25915	9.359363	0.730060	1.520789	0.081788	-1.240441	0.083364	0.050163	-0.168117	0.984490	-0.211845	0.961510	0.174987	-0.976015	-0.217337	0.012617
25916	9.104266	0.511270	1.435834	0.285127	-1.212166	0.045251	0.038245	-0.170262	0.984656	-0.214722	0.960959	0.174504	-0.975926	-0.218101	0.000193
25917	9.032876	0.095006	1.292237	0.548144	-1.238510	0.022825	0.026068	-0.172794	0.984613	-0.220124	0.959780	0.174264	-0.975123	-0.221280	-0.013017
25918	9.002693	0.137449	1.093025	0.876072	-1.259073	0.034696	0.013744	-0.175212	0.984435	-0.228747	0.957868	0.173677	-0.973389	-0.227573	-0.026914
25919	8.861931	0.407479	1.149929	1.170745	-1.274609	0.051096	0.001189	-0.177712	0.984082	-0.240179	0.955226	0.172791	-0.970728	-0.236561	-0.041547
25920	8.918355	1.022778	1.188396	1.367722	-1.322242	0.101861	-0.011843	-0.179849	0.983623	-0.253513	0.952092	0.171032	-0.967259	-0.247336	-0.056870
25921	9.261211	1.835520	1.232719	1.439491	-1.324614	0.137089	-0.025031	-0.181929	0.982993	-0.267431	0.948682	0.168769	-0.963252	-0.258659	-0.072400
25922	9.519833	2.524091	1.287360	1.380877	-1.292983	0.148911	-0.037818	-0.183841	0.982228	-0.280745	0.945297	0.166120	-0.959037	-0.269473	-0.087362
25923	9.707516	2.871962	1.189195	1.188150	-1.216268	0.147643	-0.049925	-0.185813	0.981316	-0.292100	0.942297	0.163564	-0.955084	-0.278477	-0.101320
25924	9.597066	3.026668	0.734102	0.977855	-1.106468	0.113030	-0.060739	-0.187788	0.980330	-0.301445	0.939735	0.161335	-0.951547	-0.285716	-0.113686
25925	9.126416	3.069936	0.283116	0.764936	-1.070378	0.065438	-0.071150	-0.190292	0.979146	-0.308718	0.937635	0.159792	-0.948489	-0.290910	-0.125459
25926	8.932503	2.958655	-0.156608	0.546773	-1.178822	0.018330	-0.082286	-0.193499	0.977644	-0.313963	0.936054	0.158842	-0.945863	-0.293874	-0.137776
25927	9.272681	2.865693	-0.137696	0.368180	-1.325080	-0.005304	-0.094829	-0.197482	0.975709	-0.317495	0.934941	0.158373	-0.943506	-0.294765	-0.151359
25928	9.323160	2.712592	0.158011	0.236288	-1.389310	-0.059994	-0.107633	-0.202081	0.973436	-0.319860	0.934105	0.158549	-0.941331	-0.294298	-0.165178
25929	9.133435	2.594828	0.494619	0.162303	-1.465594	-0.109589	-0.121103	-0.207439	0.970723	-0.321560	0.933385	0.159344	-0.939113	-0.292849	-0.179741
25930	9.250469	2.497701	0.874119	0.123728	-1.542045	-0.165965	-0.134917	-0.213444	0.967595	-0.323008	0.932654	0.160697	-0.936730	-0.290860	-0.194775
25931	9.627610	2.306295	1.339700	0.120278	-1.574306	-0.213446	-0.148994	-0.220027	0.964048	-0.324485	0.931824	0.162523	-0.934082	-0.288605	-0.210231
25932	10.257410	2.231177	1.966113	0.138933	-1.563082	-0.226289	-0.162695	-0.226587	0.960307	-0.326208	0.930896	0.164381	-0.931192	-0.286515	-0.225366
25933	10.555372	1.850830	2.284621	0.145675	-1.499094	-0.215626	-0.175967	-0.232905	0.956447	-0.327977	0.929966	0.166115	-0.928152	-0.284462	-0.240031
25934	10.767517	1.468155	2.681371	0.201226	-1.442257	-0.174002	-0.188579	-0.238564	0.952641	-0.330235	0.928961	0.167263	-0.924869	-0.283053	-0.253965
25935	11.242191	0.850790	3.053360	0.232689	-1.388753	-0.104011	-0.201095	-0.243485	0.948829	-0.332636	0.928034	0.167649	-0.921365	-0.281902	-0.267614
25936	11.732113	0.208899	3.421321	0.378736	-1.269041	-0.054552	-0.212358	-0.247502	0.945329	-0.336316	0.926805	0.167102	-0.917494	-0.282444	-0.280053
25937	12.365800	-0.566873	3.708385	0.580801	-1.105757	-0.042940	-0.222373	-0.251069	0.942080	-0.341776	0.925031	0.165851	-0.913093	-0.285100	-0.291511
25938	12.856082	-1.546746	3.976578	0.749016	-0.885339	-0.056694	-0.229968	-0.254033	0.939458	-0.348827	0.922706	0.164115	-0.908534	-0.289967	-0.300806
25939	13.344569	-2.092569	4.296531	0.965358	-0.646169	-0.025209	-0.235772	-0.256194	0.937431	-0.357683	0.919788	0.161412	-0.903590	-0.297246	-0.308496
25940	13.843601	-2.114522	4.762162	1.226281	-0.382686	0.032550	-0.239009	-0.256895	0.936418	-0.368778	0.916128	0.157202	-0.898263	-0.307758	-0.313700
25941	14.497659	-1.338323	5.138647	1.531293	-0.040992	0.154518	-0.239994	-0.255644	0.936509	-0.382168	0.911684	0.150931	-0.892385	-0.321682	-0.316498
25942	15.055724	0.302468	5.029598	1.882274	0.388141	0.292117	-0.237290	-0.251488	0.938322	-0.398362	0.906150	0.142125	-0.886003	-0.340067	-0.315203
25943	15.658966	2.233835	4.322085	2.209648	0.819206	0.403303	-0.231741	-0.245004	0.941419	-0.416966	0.899371	0.131420	-0.878883	-0.362084	-0.310579
25944	16.011547	3.731888	3.352593	2.294557	1.233790	0.437374	-0.222342	-0.236218	0.945920	-0.436236	0.891774	0.120157	-0.871930	-0.385929	-0.301326
25945	16.034577	3.422066	3.595787	1.857808	1.600933	0.378756	-0.210137	-0.226545	0.951062	-0.451621	0.885267	0.111087	-0.867111	-0.406176	-0.288340
25946	15.503662	2.061822	5.156308	1.021708	2.119851	0.325663	-0.192715	-0.214634	0.957493	-0.460013	0.881676	0.105051	-0.866746	-0.420215	-0.268647
25947	14.105339	0.130102	6.641771	0.020118	2.727296	0.249002	-0.170189	-0.200931	0.964708	-0.459785	0.882082	0.102609	-0.871570	-0.426096	-0.242506
25948	11.909920	-0.325527	5.223814	-0.179006	3.137024	0.072055	-0.142490	-0.186520	0.972063	-0.458320	0.882889	0.102226	-0.877291	-0.430950	-0.211289
25949	11.326800	0.894951	2.178723	0.417675	2.881780	-0.195136	-0.116317	-0.175727	0.977543	-0.462290	0.880690	0.103309	-0.879067	-0.439891	-0.183676
25950	13.644047	1.499921	-1.613829	1.460445	3.623510	-0.346491	-0.082264	-0.162095	0.983340	-0.475675	0.873430	0.104183	-0.875766	-0.459179	-0.148956
25951	13.723308	3.154030	-5.166875	2.402125	3.646283	-0.396979	-0.048599	-0.148345	0.987741	-0.496910	0.861435	0.104926	-0.866440	-0.485719	-0.115578
25952	14.157545	4.116529	-6.214630	2.849708	3.651910	-0.394827	-0.014576	-0.133052	0.991002	-0.521749	0.846491	0.105976	-0.852974	-0.515510	-0.081758
25953	14.236749	3.821900	-6.322545	2.843700	3.479414	-0.595090	0.017987	-0.119648	0.992653	-0.545828	0.830644	0.110011	-0.837704	-0.543796	-0.050366
25954	15.058033	4.448977	-4.307782	1.766359	2.824343	-0.843466	0.046728	-0.110656	0.992760	-0.560435	0.819784	0.117755	-0.826879	-0.561880	-0.023709
25955	15.062719	4.107718	-2.113684	0.219371	2.412871	-0.893439	0.071631	-0.104397	0.991953	-0.561761	0.817554	0.126608	-0.824193	-0.566310	-0.000084
25956	13.936132	3.551255	-0.859570	-0.808455	2.310793	-0.773194	0.095562	-0.097390	0.990648	-0.554594	0.821223	0.134232	-0.826615	-0.562235	0.024465
25957	13.573962	3.805391	-0.314010	-1.312390	2.241597	-0.656105	0.117716	-0.090330	0.988930	-0.543058	0.827897	0.140264	-0.831403	-0.553558	0.048402
25958	13.400463	4.190002	-0.155410	-1.742074	2.297410	-0.600774	0.140631	-0.082470	0.986621	-0.527885	0.836813	0.145192	-0.837592	-0.541241	0.074147
25959	12.582507	4.109460	-0.639243	-2.121747	2.492176	-0.533251	0.164331	-0.073705	0.983648	-0.509267	0.847683	0.148597	-0.844773	-0.525359	0.101765
