// General information: 
//  MT Manager version: 2022.2.0 
//  XDA version: 2022.2.0 build 7381 rev 124627 built on 2023-07-19
// Device information: 
//  DeviceId: 00B4CB9F
//  ProductCode: MTW2-3A7G6
//  Firmware Version: 4.6.0
//  Hardware Version: 2.0.0
// Device settings: 
//  Filter Profile: human(46.1)
//  Option Flags: Orientation Smoother Disabled, Position/Velocity Smoother Disabled, Continuous Zero Rotation Update Disabled, AHS Disabled, ICC Disabled
// Coordinate system: ENU
PacketCounter	Acc_X	Acc_Y	Acc_Z	Gyr_X	Gyr_Y	Gyr_Z	Mat[1][1]	Mat[2][1]	Mat[3][1]	Mat[1][2]	Mat[2][2]	Mat[3][2]	Mat[1][3]	Mat[2][3]	Mat[3][3]
01023	9.600321	-0.267205	-2.100895	-0.008116	0.010604	-0.003345	-0.204812	-0.047354	0.977655	-0.325591	0.945245	-0.022425	-0.923062	-0.322909	-0.209015
01024	9.582639	-0.253713	-2.050040	-0.005527	0.009516	-0.003918	-0.204779	-0.047365	0.977662	-0.325653	0.945224	-0.022417	-0.923047	-0.322969	-0.208986
01025	9.590780	-0.271436	-2.077266	-0.004871	0.012151	-0.003909	-0.204706	-0.047345	0.977678	-0.325610	0.945239	-0.022402	-0.923078	-0.322928	-0.208913
01026	9.613194	-0.275610	-2.067058	-0.007005	0.010348	-0.001510	-0.204732	-0.047193	0.977680	-0.325409	0.945305	-0.022512	-0.923143	-0.322755	-0.208891
01027	9.605518	-0.257025	-2.037741	-0.004869	0.012150	-0.003910	-0.204660	-0.047173	0.977696	-0.325366	0.945320	-0.022497	-0.923174	-0.322714	-0.208818
01028	9.573596	-0.257274	-2.024084	-0.002185	0.012133	-0.003064	-0.204581	-0.047094	0.977716	-0.325319	0.945336	-0.022537	-0.923208	-0.322681	-0.208719
01029	9.596019	-0.261389	-2.013794	-0.009127	0.011926	-0.003768	-0.204512	-0.047074	0.977732	-0.325237	0.945365	-0.022514	-0.923253	-0.322599	-0.208648
01030	9.574085	-0.256318	-2.021891	-0.008112	0.010600	-0.003350	-0.204482	-0.047067	0.977738	-0.325256	0.945358	-0.022515	-0.923253	-0.322619	-0.208618
01031	9.618626	-0.265075	-2.002656	-0.005988	0.009021	-0.001094	-0.204448	-0.047030	0.977747	-0.325197	0.945378	-0.022526	-0.923281	-0.322566	-0.208575
01032	9.624690	-0.306391	-2.036540	-0.008015	0.011670	-0.001932	-0.204317	-0.047067	0.977773	-0.325330	0.945333	-0.022476	-0.923263	-0.322691	-0.208460
01033	9.617002	-0.287857	-2.007158	-0.002182	0.012132	-0.003065	-0.204247	-0.047040	0.977788	-0.325311	0.945340	-0.022474	-0.923285	-0.322675	-0.208386
01034	9.607196	-0.254296	-2.030160	-0.009028	0.012994	-0.002353	-0.203996	-0.046972	0.977844	-0.325243	0.945364	-0.022439	-0.923365	-0.322614	-0.208128
01035	9.585300	-0.287835	-1.992454	-0.005986	0.009019	-0.001096	-0.203961	-0.046936	0.977853	-0.325184	0.945384	-0.022449	-0.923393	-0.322561	-0.208084
01036	9.597583	-0.259044	-2.006628	-0.003303	0.009003	-0.000248	-0.203967	-0.046971	0.977850	-0.325292	0.945347	-0.022442	-0.923354	-0.322664	-0.208098
01037	9.595682	-0.243779	-2.058112	-0.012270	0.011444	-0.001795	-0.203907	-0.046934	0.977865	-0.325177	0.945387	-0.022432	-0.923408	-0.322553	-0.208033
01038	9.605992	-0.276587	-2.032791	-0.010599	0.012753	-0.001366	-0.203815	-0.046927	0.977884	-0.325214	0.945375	-0.022415	-0.923415	-0.322590	-0.207943
01039	9.606241	-0.276271	-2.031657	-0.009585	0.011428	-0.000947	-0.203758	-0.046882	0.977898	-0.325122	0.945406	-0.022419	-0.923460	-0.322504	-0.207877
01040	9.584342	-0.309796	-1.993918	-0.006435	0.011906	-0.002926	-0.203835	-0.046703	0.977891	-0.324870	0.945490	-0.022562	-0.923532	-0.322286	-0.207896
01041	9.606769	-0.313985	-1.983505	-0.007352	0.014299	-0.001927	-0.203749	-0.046658	0.977911	-0.324800	0.945513	-0.022561	-0.923575	-0.322223	-0.207802
01042	9.594890	-0.303748	-2.013226	-0.001352	0.008665	-0.005484	-0.203641	-0.046664	0.977933	-0.324822	0.945507	-0.022523	-0.923591	-0.322241	-0.207701
01043	9.575003	-0.313770	-1.969105	-0.002832	0.009495	-0.003077	-0.203595	-0.046645	0.977943	-0.324797	0.945516	-0.022520	-0.923610	-0.322218	-0.207653
01044	9.595285	-0.303010	-2.011455	-0.000150	0.009480	-0.002227	-0.203577	-0.046511	0.977954	-0.324735	0.945534	-0.022630	-0.923636	-0.322182	-0.207593
01045	9.641827	-0.288290	-1.985729	-0.006265	0.005806	-0.005357	-0.203558	-0.046525	0.977957	-0.324682	0.945553	-0.022598	-0.923659	-0.322125	-0.207581
01046	9.617761	-0.268093	-2.046700	-0.007183	0.008199	-0.004359	-0.203645	-0.046395	0.977945	-0.324517	0.945607	-0.022716	-0.923698	-0.321986	-0.207624
01047	9.609967	-0.287782	-1.971806	-0.008195	0.009523	-0.004779	-0.203594	-0.046391	0.977956	-0.324446	0.945632	-0.022686	-0.923734	-0.321912	-0.207576
01048	9.575914	-0.272904	-2.010882	-0.009675	0.010353	-0.002372	-0.203554	-0.046295	0.977969	-0.324322	0.945673	-0.022738	-0.923786	-0.321805	-0.207510
01049	9.610358	-0.286636	-1.970064	-0.009957	0.007143	-0.006630	-0.203519	-0.046317	0.977975	-0.324238	0.945703	-0.022687	-0.923823	-0.321714	-0.207487
01050	9.584277	-0.289931	-2.037545	-0.010143	0.009857	0.000454	-0.203418	-0.046172	0.978003	-0.324070	0.945759	-0.022754	-0.923905	-0.321570	-0.207347
01051	9.606631	-0.294162	-2.027444	-0.005511	0.009507	-0.003930	-0.203369	-0.046160	0.978013	-0.324021	0.945776	-0.022739	-0.923932	-0.321522	-0.207299
01052	9.588750	-0.280838	-1.976792	-0.003486	0.006859	-0.003089	-0.203453	-0.046033	0.978002	-0.323839	0.945836	-0.022849	-0.923978	-0.321364	-0.207340
01053	9.629122	-0.297823	-2.016764	-0.007179	0.008197	-0.004362	-0.203416	-0.046029	0.978010	-0.323775	0.945859	-0.022826	-0.924008	-0.321299	-0.207306
01054	9.587043	-0.303255	-1.981901	-0.005510	0.009506	-0.003931	-0.203485	-0.045955	0.977999	-0.323709	0.945879	-0.022906	-0.924016	-0.321248	-0.207348
01055	9.629520	-0.296775	-2.015018	-0.003934	0.009746	-0.004919	-0.203433	-0.045951	0.978010	-0.323677	0.945891	-0.022885	-0.924039	-0.321214	-0.207298
01056	9.587473	-0.263643	-2.025902	-0.004027	0.008677	-0.006338	-0.203360	-0.045829	0.978031	-0.323532	0.945939	-0.022946	-0.924106	-0.321091	-0.207193
01057	9.597669	-0.296330	-2.001048	-0.000897	0.005775	-0.003657	-0.203348	-0.045826	0.978034	-0.323525	0.945941	-0.022943	-0.924111	-0.321084	-0.207181
01058	9.599874	-0.272399	-1.993711	-0.004026	0.008676	-0.006339	-0.203322	-0.045865	0.978037	-0.323606	0.945915	-0.022915	-0.924089	-0.321157	-0.207167
01059	9.585908	-0.285257	-2.030522	-0.000520	0.005200	-0.007905	-0.203301	-0.045904	0.978040	-0.323611	0.945914	-0.022872	-0.924091	-0.321154	-0.207161
01060	9.600173	-0.271107	-1.992447	0.002348	0.007325	-0.004213	-0.203241	-0.045818	0.978056	-0.323496	0.945952	-0.022908	-0.924145	-0.321053	-0.207078
01061	9.596236	-0.279024	-2.051042	-0.005810	0.002914	-0.003535	-0.203256	-0.045823	0.978053	-0.323443	0.945970	-0.022897	-0.924160	-0.320999	-0.207095
01062	9.608430	-0.288362	-2.019738	-0.000333	0.007338	-0.005066	-0.203215	-0.045817	0.978062	-0.323500	0.945951	-0.022902	-0.924149	-0.321057	-0.207053
01063	9.598523	-0.293067	-1.997429	-0.003013	0.007351	-0.005920	-0.203181	-0.045830	0.978068	-0.323478	0.945959	-0.022873	-0.924164	-0.321031	-0.207026
01064	9.586605	-0.282556	-2.027606	-0.003106	0.006282	-0.007339	-0.203143	-0.045814	0.978077	-0.323459	0.945966	-0.022871	-0.924179	-0.321014	-0.206985
01065	9.586718	-0.281845	-2.027167	-0.006913	0.003167	-0.005377	-0.203149	-0.045836	0.978074	-0.323400	0.945987	-0.022839	-0.924199	-0.320949	-0.207000
01066	9.608954	-0.285707	-2.017622	0.000494	0.003876	-0.007485	-0.203126	-0.045929	0.978075	-0.323577	0.945927	-0.022781	-0.924141	-0.321110	-0.207005
01067	9.586916	-0.280352	-2.026437	-0.009029	0.004743	-0.007639	-0.203111	-0.045967	0.978076	-0.323504	0.945954	-0.022723	-0.924171	-0.321026	-0.207004
01068	9.609185	-0.284051	-2.016756	-0.000517	0.005199	-0.007906	-0.203092	-0.045956	0.978081	-0.323472	0.945965	-0.022720	-0.924186	-0.320996	-0.206983
01069	9.599238	-0.288489	-1.994658	-0.003197	0.005212	-0.008760	-0.203068	-0.046003	0.978083	-0.323454	0.945972	-0.022663	-0.924197	-0.320967	-0.206977
01070	9.599405	-0.287696	-1.993971	0.001808	0.009142	-0.007463	-0.203116	-0.046023	0.978073	-0.323604	0.945921	-0.022693	-0.924135	-0.321117	-0.207024
01071	9.599565	-0.287071	-1.993291	0.000588	0.004945	-0.006066	-0.203104	-0.046045	0.978074	-0.323615	0.945917	-0.022670	-0.924133	-0.321124	-0.207020
01072	9.587634	-0.276662	-2.023547	0.005408	0.006737	-0.007607	-0.203007	-0.046089	0.978092	-0.323775	0.945863	-0.022631	-0.924098	-0.321276	-0.206940
01073	9.575701	-0.304622	-2.007932	0.004305	0.006990	-0.009449	-0.202965	-0.046136	0.978098	-0.323829	0.945846	-0.022583	-0.924089	-0.321320	-0.206914
01074	9.622162	-0.289660	-1.982159	0.006513	0.006483	-0.005767	-0.202975	-0.046095	0.978098	-0.323852	0.945837	-0.022631	-0.924078	-0.321353	-0.206909
01075	9.610225	-0.279455	-2.012439	0.001693	0.004691	-0.004226	-0.202971	-0.046100	0.978099	-0.323871	0.945831	-0.022629	-0.924073	-0.321371	-0.206907
01076	9.602285	-0.260563	-1.983655	0.003111	0.006173	-0.012711	-0.202933	-0.046107	0.978106	-0.323844	0.945841	-0.022603	-0.924091	-0.321340	-0.206874
01077	9.610487	-0.277956	-2.011395	0.000117	0.004449	-0.003239	-0.202935	-0.046104	0.978106	-0.323846	0.945840	-0.022608	-0.924090	-0.321343	-0.206875
01078	9.592428	-0.264566	-1.961128	0.002075	0.004115	-0.008475	-0.202976	-0.046158	0.978095	-0.323959	0.945801	-0.022595	-0.924041	-0.321449	-0.206928
01079	9.622749	-0.286437	-1.979778	-0.003758	0.003644	-0.007356	-0.202972	-0.046196	0.978094	-0.323933	0.945811	-0.022551	-0.924051	-0.321414	-0.206937
01080	9.622847	-0.285556	-1.979428	-0.004861	0.003896	-0.009197	-0.202818	-0.046226	0.978125	-0.323850	0.945842	-0.022451	-0.924114	-0.321319	-0.206804
01081	9.621004	-0.269631	-2.031345	-0.007266	0.007116	-0.005793	-0.202786	-0.046239	0.978131	-0.323789	0.945864	-0.022415	-0.924142	-0.321253	-0.206780
01082	9.613073	-0.250743	-2.002446	-0.001524	0.006518	-0.008332	-0.202766	-0.046228	0.978136	-0.323802	0.945859	-0.022421	-0.924142	-0.321269	-0.206756
01083	9.589093	-0.268763	-2.017688	-0.008368	0.007367	-0.007636	-0.202726	-0.046257	0.978142	-0.323735	0.945883	-0.022365	-0.924174	-0.321193	-0.206730
01084	9.609384	-0.295841	-2.014552	-0.006344	0.004723	-0.006793	-0.202681	-0.046269	0.978151	-0.323705	0.945894	-0.022331	-0.924194	-0.321159	-0.206693
01085	9.589362	-0.267113	-2.016630	-0.007355	0.006045	-0.007215	-0.202655	-0.046298	0.978155	-0.323646	0.945916	-0.022281	-0.924221	-0.321092	-0.206679
01086	9.589494	-0.266204	-2.016122	-0.007445	0.004975	-0.008635	-0.202677	-0.046360	0.978148	-0.323702	0.945898	-0.022241	-0.924197	-0.321136	-0.206719
01087	9.599691	-0.260098	-2.037312	-0.001075	0.003632	-0.006502	-0.202676	-0.046390	0.978146	-0.323700	0.945899	-0.022211	-0.924198	-0.321127	-0.206727
01088	9.555475	-0.288865	-2.009696	-0.003754	0.003642	-0.007358	-0.202545	-0.046496	0.978169	-0.323837	0.945855	-0.022096	-0.924178	-0.321243	-0.206635
01089	9.611913	-0.268506	-2.005855	-0.000063	0.002310	-0.006080	-0.202557	-0.046526	0.978165	-0.323844	0.945853	-0.022072	-0.924173	-0.321244	-0.206656
01090	9.601954	-0.273169	-1.983712	0.001813	0.009139	-0.007467	-0.202500	-0.046376	0.978184	-0.323606	0.945933	-0.022145	-0.924269	-0.321031	-0.206559
01091	9.610213	-0.290478	-2.011379	0.001989	0.003046	-0.009896	-0.202493	-0.046440	0.978182	-0.323639	0.945923	-0.022088	-0.924259	-0.321051	-0.206572
01092	9.567993	-0.295730	-1.977048	-0.000509	0.005194	-0.007912	-0.202500	-0.046467	0.978179	-0.323648	0.945920	-0.022066	-0.924254	-0.321054	-0.206587
01093	9.626449	-0.252031	-1.966272	0.000683	0.006011	-0.004650	-0.202482	-0.046472	0.978183	-0.323659	0.945917	-0.022058	-0.924254	-0.321064	-0.206572
01094	9.630792	-0.277905	-2.052980	-0.003007	0.007342	-0.005929	-0.202461	-0.046421	0.978189	-0.323590	0.945940	-0.022085	-0.924283	-0.321004	-0.206537
01095	9.592523	-0.275034	-1.959377	-0.002085	0.004952	-0.006926	-0.202446	-0.046451	0.978191	-0.323580	0.945944	-0.022048	-0.924290	-0.320987	-0.206533
01096	9.592661	-0.235755	-2.004666	-0.004763	0.004961	-0.007783	-0.202383	-0.046493	0.978202	-0.323546	0.945957	-0.021978	-0.924316	-0.320941	-0.206488
01097	9.612976	-0.262852	-2.001507	-0.005684	0.007351	-0.006786	-0.202345	-0.046514	0.978209	-0.323502	0.945973	-0.021936	-0.924339	-0.320891	-0.206461
01098	9.597157	-0.299049	-2.045063	-0.007351	0.006039	-0.007221	-0.202365	-0.046446	0.978208	-0.323347	0.946025	-0.021974	-0.924389	-0.320748	-0.206460
01099	9.613275	-0.261172	-2.000287	-0.014193	0.006884	-0.006529	-0.202333	-0.046465	0.978214	-0.323224	0.946069	-0.021917	-0.924439	-0.320617	-0.206440
01100	9.587366	-0.302702	-2.022267	-0.008837	0.006865	-0.004815	-0.202307	-0.046516	0.978217	-0.323315	0.946038	-0.021880	-0.924413	-0.320699	-0.206429
01101	9.623637	-0.292897	-1.974962	-0.006337	0.004717	-0.006799	-0.202294	-0.046545	0.978218	-0.323265	0.946056	-0.021836	-0.924433	-0.320641	-0.206428
01102	9.601668	-0.287738	-1.983491	-0.006514	0.010809	-0.004369	-0.202351	-0.046414	0.978213	-0.323059	0.946125	-0.021936	-0.924493	-0.320459	-0.206444
01103	9.587883	-0.300737	-2.020107	-0.005592	0.008418	-0.005367	-0.202309	-0.046417	0.978221	-0.323013	0.946141	-0.021908	-0.924518	-0.320411	-0.206406
01104	9.614076	-0.296336	-1.951002	-0.003003	0.007341	-0.005930	-0.202300	-0.046431	0.978222	-0.323020	0.946139	-0.021893	-0.924518	-0.320414	-0.206402
01105	9.622400	-0.313923	-1.978512	-0.000236	0.008401	-0.003652	-0.202263	-0.046419	0.978230	-0.323020	0.946139	-0.021893	-0.924525	-0.320417	-0.206363
01106	9.614440	-0.295194	-1.949381	0.002295	0.009633	-0.010297	-0.202195	-0.046473	0.978242	-0.323206	0.946076	-0.021859	-0.924475	-0.320594	-0.206313
01107	9.578517	-0.303642	-1.995352	0.002353	0.007323	-0.004215	-0.202167	-0.046469	0.978248	-0.323232	0.946067	-0.021859	-0.924473	-0.320620	-0.206284
01108	9.604697	-0.260635	-1.972089	-0.000025	0.005687	-0.010745	-0.202196	-0.046399	0.978245	-0.323099	0.946112	-0.021907	-0.924513	-0.320499	-0.206291
01109	9.590892	-0.273501	-2.008927	0.001342	0.008643	-0.004639	-0.202154	-0.046394	0.978254	-0.323116	0.946106	-0.021901	-0.924516	-0.320517	-0.206250
01110	9.617093	-0.230529	-1.985498	-0.002524	0.007833	-0.008763	-0.202066	-0.046393	0.978273	-0.323077	0.946120	-0.021865	-0.924549	-0.320475	-0.206167
01111	9.603304	-0.243293	-2.022308	-0.005678	0.007346	-0.006792	-0.202029	-0.046413	0.978279	-0.323033	0.946136	-0.021823	-0.924572	-0.320426	-0.206140
01112	9.615457	-0.252359	-1.990912	-0.007910	0.004470	-0.005819	-0.202087	-0.046379	0.978269	-0.322986	0.946151	-0.021865	-0.924576	-0.320386	-0.206184
01113	9.611718	-0.298381	-2.003757	-0.009931	0.007110	-0.006667	-0.202053	-0.046398	0.978275	-0.322903	0.946181	-0.021816	-0.924613	-0.320295	-0.206161
01114	9.591696	-0.269599	-2.005611	-0.009364	0.008672	-0.008076	-0.202029	-0.046361	0.978282	-0.322733	0.946239	-0.021806	-0.924677	-0.320130	-0.206130
01115	9.601959	-0.302017	-1.980708	-0.002999	0.007337	-0.005934	-0.201996	-0.046373	0.978288	-0.322713	0.946246	-0.021779	-0.924691	-0.320105	-0.206103
01116	9.592028	-0.268041	-2.004236	0.002656	0.005680	-0.009887	-0.202050	-0.046385	0.978276	-0.322726	0.946241	-0.021789	-0.924675	-0.320118	-0.206158
01117	9.602271	-0.300295	-1.979454	0.003223	0.007243	-0.011296	-0.202001	-0.046447	0.978283	-0.322774	0.946227	-0.021723	-0.924669	-0.320153	-0.206131
01118	9.568315	-0.285166	-2.018808	0.010243	0.008541	-0.009142	-0.201866	-0.046501	0.978309	-0.322971	0.946161	-0.021669	-0.924629	-0.320340	-0.206017
01119	9.590635	-0.289035	-2.008721	0.015509	0.007457	-0.008844	-0.201823	-0.046540	0.978316	-0.323128	0.946108	-0.021652	-0.924584	-0.320491	-0.205984
01120	9.590813	-0.288335	-2.007970	0.020157	0.007118	-0.013222	-0.201711	-0.046584	0.978337	-0.323355	0.946030	-0.021623	-0.924529	-0.320712	-0.205888
01121	9.590987	-0.287507	-2.007260	0.027004	0.006277	-0.013911	-0.201662	-0.046674	0.978342	-0.323629	0.945938	-0.021580	-0.924444	-0.320971	-0.205865
01122	9.589238	-0.310394	-2.013238	0.037717	0.006248	-0.010476	-0.201599	-0.046797	0.978349	-0.324195	0.945744	-0.021566	-0.924259	-0.321524	-0.205833
01123	9.633648	-0.319009	-1.993997	0.036056	0.004931	-0.010915	-0.201572	-0.046864	0.978352	-0.324546	0.945624	-0.021570	-0.924142	-0.321869	-0.205821
01124	9.583256	-0.268224	-1.976842	0.040529	0.010676	-0.012873	-0.201601	-0.046836	0.978347	-0.324863	0.945513	-0.021678	-0.924024	-0.322199	-0.205832
01125	9.605627	-0.272223	-1.966438	0.034699	0.010193	-0.011765	-0.201523	-0.046894	0.978361	-0.325203	0.945396	-0.021672	-0.923922	-0.322533	-0.205769
01126	9.603952	-0.295391	-1.972023	0.036901	0.009693	-0.008079	-0.201425	-0.046871	0.978382	-0.325467	0.945304	-0.021719	-0.923850	-0.322806	-0.205663
01127	9.638380	-0.270939	-1.976368	0.032858	0.014964	-0.009786	-0.201309	-0.046895	0.978405	-0.325786	0.945194	-0.021728	-0.923763	-0.323125	-0.205554
01128	9.650650	-0.280367	-1.944169	0.027381	0.010534	-0.008256	-0.201197	-0.046883	0.978428	-0.326003	0.945119	-0.021749	-0.923711	-0.323346	-0.205439
01129	9.620540	-0.257381	-1.924021	0.021669	0.014494	-0.010396	-0.201083	-0.046914	0.978450	-0.326219	0.945044	-0.021729	-0.923659	-0.323559	-0.205336
01130	9.596831	-0.275909	-1.938500	0.014337	0.014845	-0.006877	-0.201029	-0.046903	0.978462	-0.326424	0.944973	-0.021767	-0.923599	-0.323769	-0.205278
01131	9.611037	-0.261689	-1.899371	0.005462	0.018323	-0.007044	-0.200891	-0.046890	0.978491	-0.326484	0.944953	-0.021747	-0.923608	-0.323830	-0.205141
01132	9.619686	-0.279142	-1.925721	0.011787	0.019287	-0.010992	-0.200681	-0.046927	0.978532	-0.326704	0.944878	-0.021689	-0.923575	-0.324043	-0.204950
01133	9.549172	-0.199682	-1.910584	0.009336	0.016563	-0.018943	-0.200520	-0.047032	0.978560	-0.326824	0.944839	-0.021560	-0.923568	-0.324140	-0.204830
01134	9.521832	-0.263852	-1.937975	0.014738	0.019915	-0.021901	-0.200339	-0.047199	0.978589	-0.327158	0.944727	-0.021410	-0.923489	-0.324443	-0.204707
01135	9.504695	-0.322522	-1.986924	0.035620	0.015732	-0.029635	-0.200150	-0.047408	0.978618	-0.327543	0.944598	-0.021230	-0.923393	-0.324789	-0.204590
01136	9.553878	-0.432723	-1.962130	0.058877	0.013197	-0.030844	-0.199956	-0.047671	0.978645	-0.328306	0.944336	-0.021079	-0.923165	-0.325510	-0.204476
01137	9.593079	-0.471568	-2.007296	0.086012	0.017126	-0.038714	-0.199724	-0.047961	0.978678	-0.329174	0.944038	-0.020913	-0.922906	-0.326332	-0.204335
01138	9.561285	-0.432481	-2.039265	0.120797	0.010013	-0.040345	-0.199549	-0.048248	0.978699	-0.330350	0.943628	-0.020837	-0.922523	-0.327472	-0.204239
01139	9.573752	-0.402085	-2.052420	0.131147	0.018460	-0.049595	-0.199268	-0.048635	0.978737	-0.331656	0.943174	-0.020656	-0.922115	-0.328720	-0.204075
01140	9.638955	-0.398145	-2.074311	0.144072	0.022460	-0.054741	-0.198921	-0.048933	0.978793	-0.332938	0.942725	-0.020533	-0.921728	-0.329962	-0.203820
01141	9.614739	-0.302399	-2.032624	0.133206	0.042378	-0.061406	-0.198380	-0.049352	0.978882	-0.334284	0.942255	-0.020241	-0.921357	-0.331240	-0.203422
01142	9.573430	-0.266936	-2.040046	0.126756	0.053082	-0.065919	-0.197733	-0.049779	0.978991	-0.335708	0.941755	-0.019919	-0.920979	-0.332594	-0.202928
01143	9.503407	-0.184765	-2.022205	0.113329	0.051953	-0.071684	-0.197068	-0.050261	0.979101	-0.336890	0.941342	-0.019484	-0.920690	-0.333689	-0.202441
01144	9.518190	-0.127542	-2.026213	0.094801	0.045805	-0.080123	-0.196458	-0.050882	0.979191	-0.338123	0.940911	-0.018945	-0.920368	-0.334809	-0.202054
01145	9.466396	-0.056282	-2.059424	0.062176	0.037026	-0.092820	-0.195857	-0.051612	0.979273	-0.338874	0.940656	-0.018199	-0.920220	-0.335415	-0.201724
01146	9.478978	-0.057083	-2.025563	0.014908	0.021807	-0.102230	-0.195388	-0.052438	0.979323	-0.339220	0.940548	-0.017317	-0.920192	-0.335590	-0.201560
01147	9.503395	-0.163411	-2.067800	-0.020903	0.012533	-0.112935	-0.194944	-0.053438	0.979358	-0.339245	0.940558	-0.016207	-0.920277	-0.335402	-0.201484
01148	9.604613	-0.313651	-2.057676	-0.050350	0.007954	-0.110167	-0.194552	-0.054357	0.979385	-0.339003	0.940664	-0.015135	-0.920449	-0.334959	-0.201435
01149	9.561057	-0.369059	-1.984097	-0.076024	-0.003984	-0.117461	-0.194245	-0.055455	0.979384	-0.338528	0.940854	-0.013869	-0.920688	-0.334243	-0.201530
01150	9.616646	-0.532692	-2.001724	-0.103680	-0.015576	-0.119528	-0.193987	-0.056597	0.979370	-0.337858	0.941114	-0.012534	-0.920989	-0.333319	-0.201685
01151	9.707655	-0.587607	-1.866943	-0.111932	-0.010655	-0.121216	-0.193730	-0.057753	0.979354	-0.337059	0.941417	-0.011159	-0.921336	-0.332262	-0.201847
01152	9.809510	-0.675138	-1.706723	-0.124414	0.006674	-0.120837	-0.193467	-0.058818	0.979342	-0.336226	0.941730	-0.009862	-0.921696	-0.331188	-0.201970
01153	9.857401	-0.760222	-1.542337	-0.132987	0.025937	-0.114900	-0.192897	-0.059794	0.979396	-0.335219	0.942102	-0.008506	-0.922182	-0.329952	-0.201772
01154	9.867625	-0.782283	-1.322987	-0.119729	0.046972	-0.112433	-0.192160	-0.060663	0.979487	-0.334439	0.942389	-0.007247	-0.922619	-0.328971	-0.201377
01155	9.897806	-0.756618	-1.191283	-0.114894	0.054726	-0.102684	-0.191366	-0.061430	0.979594	-0.333573	0.942705	-0.006048	-0.923097	-0.327924	-0.200893
01156	9.952829	-0.688740	-1.036113	-0.112885	0.062556	-0.102770	-0.190524	-0.062094	0.979717	-0.332716	0.943014	-0.004935	-0.923580	-0.326907	-0.200327
01157	9.984078	-0.640982	-0.895827	-0.113801	0.074202	-0.095177	-0.189577	-0.062728	0.979860	-0.331843	0.943327	-0.003814	-0.924089	-0.325882	-0.199649
01158	10.002753	-0.546549	-0.830911	-0.122478	0.090076	-0.084501	-0.188478	-0.063066	0.980050	-0.330761	0.943710	-0.002883	-0.924702	-0.324706	-0.198728
01159	9.956516	-0.456601	-0.740512	-0.145578	0.101498	-0.067805	-0.187369	-0.063355	0.980244	-0.329539	0.944140	-0.001968	-0.925363	-0.323398	-0.197781
01160	9.884491	-0.334042	-0.763933	-0.180324	0.101407	-0.057090	-0.186261	-0.063600	0.980440	-0.328279	0.944580	-0.001092	-0.926034	-0.322062	-0.196816
01161	9.877770	-0.286309	-0.719545	-0.214894	0.103404	-0.043589	-0.185214	-0.063658	0.980634	-0.326367	0.945243	-0.000281	-0.926920	-0.320099	-0.195848
01162	9.899481	-0.308075	-0.706973	-0.228199	0.107978	-0.038207	-0.184101	-0.063687	0.980842	-0.324574	0.945860	0.000494	-0.927771	-0.318265	-0.194805
01163	9.878556	-0.337937	-0.660314	-0.232552	0.122884	-0.029161	-0.182920	-0.063551	0.981072	-0.322468	0.946580	0.001193	-0.928738	-0.316146	-0.193642
01164	9.921590	-0.466594	-0.552576	-0.229935	0.126532	-0.019911	-0.181729	-0.063296	0.981309	-0.320504	0.947246	0.001744	-0.929651	-0.314197	-0.192428
01165	9.910960	-0.532395	-0.480723	-0.213698	0.139041	-0.003709	-0.180478	-0.062873	0.981567	-0.318522	0.947913	0.002152	-0.930576	-0.312262	-0.191104
01166	9.935219	-0.629512	-0.315181	-0.208198	0.149274	0.006068	-0.179144	-0.062280	0.981850	-0.316704	0.948521	0.002382	-0.931454	-0.310529	-0.189646
01167	10.043491	-0.775668	-0.176022	-0.200563	0.171636	0.021654	-0.177667	-0.061521	0.982166	-0.314796	0.949156	0.002509	-0.932383	-0.308736	-0.188000
01168	10.185979	-0.914834	0.013726	-0.194889	0.209156	0.038417	-0.175949	-0.060432	0.982543	-0.313058	0.949731	0.002353	-0.933293	-0.307179	-0.186023
01169	10.273867	-1.070650	0.262380	-0.182430	0.266636	0.061954	-0.173707	-0.059004	0.983028	-0.311246	0.950327	0.002043	-0.934319	-0.305609	-0.183443
01170	10.363019	-1.199765	0.584441	-0.170546	0.342086	0.092770	-0.170779	-0.057040	0.983657	-0.309763	0.950813	0.001355	-0.935351	-0.304469	-0.180048
01171	10.488003	-1.434453	0.906867	-0.160255	0.445236	0.117646	-0.167030	-0.054546	0.984442	-0.308065	0.951365	0.000444	-0.936588	-0.303198	-0.175710
01172	10.406934	-1.541059	1.260982	-0.146270	0.558789	0.148457	-0.162288	-0.051249	0.985412	-0.306399	0.951903	-0.000955	-0.937967	-0.302084	-0.170185
01173	10.287338	-1.653010	1.636337	-0.134676	0.663202	0.175415	-0.156653	-0.047555	0.986508	-0.304856	0.952395	-0.002499	-0.939427	-0.301134	-0.163693
01174	10.083104	-1.569417	1.977116	-0.110029	0.723141	0.163662	-0.150358	-0.043642	0.987668	-0.303597	0.952792	-0.004117	-0.940862	-0.300472	-0.156509
01175	11.159300	-1.747731	2.862207	-0.120819	0.905676	0.218991	-0.142547	-0.038813	0.989027	-0.302140	0.953244	-0.006138	-0.942546	-0.299699	-0.147609
01176	10.904600	-2.293112	3.486390	-0.146611	1.235742	0.327537	-0.131765	-0.031852	0.990769	-0.300625	0.953697	-0.009321	-0.944597	-0.299078	-0.135240
01177	10.255022	-2.341288	3.803686	-0.106356	1.338449	0.412029	-0.120398	-0.023899	0.992438	-0.299102	0.954128	-0.013309	-0.946595	-0.298442	-0.122024
01178	10.296083	-2.208757	4.085157	-0.083093	1.393512	0.434937	-0.108605	-0.015377	0.993966	-0.297946	0.954417	-0.017790	-0.948384	-0.298081	-0.108236
01179	10.500228	-1.617949	4.773652	0.009628	1.610051	0.398539	-0.094564	-0.006748	0.995496	-0.297637	0.954430	-0.021804	-0.949984	-0.298358	-0.092263
01180	10.446347	-1.101047	6.221968	-0.119622	1.874371	0.395755	-0.077919	0.002823	0.996956	-0.296412	0.954710	-0.025870	-0.951876	-0.297526	-0.073553
01181	9.567035	-0.857924	5.906084	-0.567991	1.863324	0.354584	-0.061250	0.011729	0.998054	-0.290756	0.956355	-0.029082	-0.954835	-0.291971	-0.055167
01182	9.317001	-0.510766	3.185209	-0.656402	1.255133	0.191128	-0.049849	0.017408	0.998605	-0.284673	0.958126	-0.030913	-0.957328	-0.285817	-0.042806
01183	12.431635	-0.148947	0.980975	-0.292985	0.986612	0.053637	-0.040604	0.020753	0.998960	-0.281849	0.958946	-0.031378	-0.958599	-0.282830	-0.033087
01184	14.110017	-0.187771	-0.206448	0.107165	1.417112	-0.015472	-0.026952	0.024832	0.999328	-0.283420	0.958480	-0.031461	-0.958617	-0.284078	-0.018795
01185	13.986512	0.101143	-0.812728	0.574267	1.651160	-0.028457	-0.011107	0.029317	0.999508	-0.288936	0.956837	-0.031277	-0.957284	-0.289142	-0.002157
01186	14.493324	-0.199523	-1.182870	1.001275	1.675655	-0.029777	0.005000	0.034171	0.999403	-0.299172	0.953692	-0.031111	-0.954186	-0.298838	0.014991
01187	15.226521	-0.425579	-1.096343	1.421708	1.798922	0.007310	0.022047	0.039757	0.998966	-0.312718	0.949344	-0.030880	-0.949590	-0.311714	0.033363
01188	14.405875	-0.468797	-0.842031	1.695731	2.173062	0.041656	0.042411	0.047322	0.997979	-0.329173	0.943769	-0.030762	-0.943317	-0.327203	0.055604
01189	12.579757	-0.454833	-0.153869	1.682434	2.238759	0.063558	0.063184	0.055433	0.996461	-0.345033	0.938101	-0.030308	-0.936461	-0.341897	0.078400
01190	12.058233	-0.102632	0.191095	1.617382	2.126780	0.095138	0.082690	0.064000	0.994518	-0.360531	0.932264	-0.030017	-0.929075	-0.356073	0.100163
01191	11.620646	0.388176	0.275036	1.386304	2.135869	0.059644	0.102184	0.072304	0.992134	-0.373433	0.927200	-0.029110	-0.922012	-0.367521	0.121746
01192	10.735792	0.668151	0.141500	1.275007	2.024180	0.046854	0.120637	0.080558	0.989423	-0.385747	0.922178	-0.028049	-0.914683	-0.378283	0.142324
01193	9.919150	0.601185	0.030107	1.185769	1.803928	0.018504	0.136946	0.087657	0.986692	-0.396594	0.917612	-0.026476	-0.907722	-0.387690	0.160428
01194	9.656379	0.861174	0.013293	1.094023	1.555511	-0.035364	0.151048	0.093668	0.984079	-0.406786	0.913196	-0.024483	-0.900950	-0.396611	0.176039
01195	9.485359	0.937409	-0.707885	1.005380	1.364341	-0.095289	0.163632	0.098285	0.981613	-0.415681	0.909250	-0.021746	-0.894670	-0.404480	0.189638
01196	9.230733	1.365770	-1.153765	0.854550	1.239091	-0.113091	0.175048	0.102527	0.979207	-0.423346	0.905765	-0.019158	-0.888896	-0.411190	0.201957
01197	8.913979	1.399352	-1.416590	0.719435	1.115906	-0.102042	0.185317	0.106241	0.976919	-0.429559	0.902884	-0.016704	-0.883819	-0.416549	0.212957
01198	8.820996	1.202837	-1.792763	0.569723	1.016595	-0.049899	0.194266	0.110223	0.974737	-0.434736	0.900430	-0.015177	-0.879355	-0.420805	0.222841
01199	8.670853	0.856717	-1.938164	0.466738	0.990515	0.024756	0.202791	0.114647	0.972488	-0.438902	0.898420	-0.014392	-0.875352	-0.423908	0.232510
01200	8.253448	0.848557	-1.378587	0.463220	1.018880	0.089199	0.210959	0.119977	0.970104	-0.443606	0.896107	-0.014359	-0.871040	-0.427315	0.242264
01201	8.118064	0.442199	-0.901361	0.466670	1.017138	0.145155	0.219091	0.125655	0.967579	-0.447996	0.893916	-0.014648	-0.866775	-0.430262	0.252142
01202	7.982827	-0.096873	-0.674126	0.467710	0.965143	0.166045	0.226402	0.131549	0.965110	-0.453047	0.891357	-0.015217	-0.862259	-0.433795	0.261402
01203	7.603780	-0.357373	-0.537572	0.531561	0.898709	0.158014	0.233352	0.136887	0.962709	-0.458006	0.888816	-0.015363	-0.857775	-0.437341	0.270102
01204	7.236223	-0.135832	-0.303118	0.587278	0.814404	0.123459	0.239491	0.141699	0.960503	-0.463575	0.885929	-0.015110	-0.853078	-0.441647	0.277860
01205	6.961323	0.310976	-0.040060	0.582800	0.740213	0.074256	0.245383	0.145657	0.958421	-0.468739	0.883222	-0.014218	-0.848570	-0.445761	0.285003
01206	6.838474	0.667819	0.233955	0.525372	0.681587	0.020370	0.250895	0.149000	0.956478	-0.473379	0.880762	-0.013032	-0.844372	-0.449507	0.291513
01207	6.739336	0.805765	0.333042	0.437704	0.634286	-0.008892	0.256222	0.151798	0.954624	-0.477070	0.878788	-0.011693	-0.840687	-0.452426	0.297583
01208	6.730395	0.852728	0.411035	0.342032	0.591350	-0.035335	0.261158	0.154376	0.952872	-0.480292	0.877047	-0.010456	-0.837327	-0.454926	0.303193
01209	6.603152	0.886548	0.572120	0.317116	0.542441	-0.045778	0.265853	0.156464	0.951232	-0.482848	0.875657	-0.009086	-0.834374	-0.456885	0.308344
01210	6.624585	0.947248	0.770767	0.344766	0.448201	-0.062118	0.269640	0.158052	0.949902	-0.485689	0.874099	-0.007571	-0.831505	-0.459315	0.312456
01211	6.822183	1.119399	0.933488	0.339395	0.354788	-0.093556	0.272981	0.158884	0.948808	-0.488279	0.872669	-0.005651	-0.828894	-0.461741	0.315802
01212	7.169024	1.234048	1.250558	0.301044	0.317451	-0.110278	0.276038	0.159483	0.947823	-0.490607	0.871373	-0.003738	-0.826503	-0.463977	0.318775
01213	7.187759	1.341858	1.530038	0.258755	0.288496	-0.113966	0.278920	0.159847	0.946918	-0.492454	0.870336	-0.001864	-0.824435	-0.465794	0.321471
01214	7.181362	1.441624	1.641177	0.246139	0.185105	-0.101016	0.280828	0.159967	0.946333	-0.494464	0.869198	-0.000195	-0.822582	-0.467873	0.323193
01215	7.416342	1.288577	1.916623	0.237790	0.092289	-0.089958	0.281972	0.159634	0.946049	-0.496193	0.868211	0.001392	-0.821148	-0.469815	0.324020
01216	7.538374	1.065398	2.354616	0.250765	0.036080	-0.065870	0.282553	0.159322	0.945928	-0.498215	0.867049	0.002783	-0.819723	-0.472062	0.324363
01217	7.765779	0.862080	2.896466	0.258710	-0.032661	-0.044020	0.282445	0.158800	0.946048	-0.500238	0.865879	0.004004	-0.818527	-0.474380	0.324001
01218	7.999719	0.628147	3.519304	0.243016	-0.100583	-0.036061	0.281757	0.158075	0.946375	-0.502229	0.864719	0.005089	-0.817544	-0.476731	0.323030
01219	8.209803	0.440211	4.189774	0.246132	-0.169588	-0.040858	0.280516	0.156926	0.946935	-0.504154	0.863591	0.006235	-0.816786	-0.479150	0.321366
01220	8.455256	0.231031	4.891411	0.251232	-0.259128	-0.073066	0.278733	0.155099	0.947762	-0.506071	0.862458	0.007694	-0.816211	-0.481779	0.318886
01221	8.536352	0.237818	5.631183	0.267952	-0.315593	-0.102059	0.276615	0.152709	0.948770	-0.508002	0.861304	0.009477	-0.815732	-0.484598	0.315826
01222	8.636547	0.448184	6.366419	0.284341	-0.397657	-0.118175	0.273955	0.149816	0.950002	-0.510068	0.860058	0.011458	-0.815340	-0.487704	0.312033
01223	9.012026	0.571489	6.865068	0.259231	-0.423367	-0.102940	0.270969	0.146874	0.951317	-0.511928	0.858927	0.013206	-0.815172	-0.490584	0.307932
01224	9.446845	0.882954	7.175935	0.218482	-0.371525	-0.076608	0.268312	0.144446	0.952441	-0.513563	0.857928	0.014563	-0.815023	-0.493046	0.304375
01225	9.832746	1.042685	7.487052	0.212046	-0.292346	-0.041391	0.266082	0.142660	0.953335	-0.515208	0.856924	0.015565	-0.814715	-0.495307	0.301512
01226	10.308644	1.235641	7.735567	0.238465	-0.145979	0.000779	0.264877	0.142044	0.953763	-0.517280	0.855662	0.016225	-0.813794	-0.497660	0.300122
01227	10.757938	1.245114	7.790148	0.255029	0.043276	0.047263	0.264924	0.142677	0.953655	-0.519507	0.854307	0.016505	-0.812360	-0.499803	0.300448
01228	10.799544	1.134098	7.484865	0.235619	0.227834	0.092828	0.266295	0.144697	0.952969	-0.521760	0.852937	0.016290	-0.810465	-0.501559	0.302630
01229	10.367385	0.837414	6.957953	0.196630	0.342477	0.128029	0.268337	0.147522	0.951962	-0.523722	0.851746	0.015634	-0.808524	-0.502759	0.305816
01230	9.809954	0.642942	6.531566	0.162374	0.370222	0.186588	0.270347	0.151079	0.950835	-0.525653	0.850579	0.014307	-0.806599	-0.503677	0.309366
01231	9.338842	0.268306	6.157998	0.107256	0.388751	0.268668	0.272004	0.155335	0.949676	-0.527274	0.849610	0.012053	-0.804982	-0.504018	0.313002
01232	8.972729	-0.037232	5.770139	0.043281	0.398038	0.346418	0.273382	0.160409	0.948436	-0.528708	0.848758	0.008847	-0.803573	-0.503865	0.316844
01233	8.625527	-0.219447	5.251044	-0.022354	0.382849	0.403495	0.274261	0.165773	0.947259	-0.529662	0.848195	0.004917	-0.802645	-0.503076	0.320430
01234	8.211877	-0.321600	4.510383	-0.075463	0.344645	0.445592	0.274671	0.171423	0.946134	-0.530434	0.847726	0.000397	-0.801995	-0.501971	0.323774
01235	7.838838	-0.356181	3.861508	-0.121737	0.297873	0.478327	0.274461	0.176983	0.945171	-0.530800	0.847485	-0.004557	-0.801824	-0.500446	0.326544
01236	8.283973	0.111183	4.124920	-0.091545	0.353928	0.504241	0.274625	0.183176	0.943943	-0.531621	0.846927	-0.009683	-0.801224	-0.499161	0.329968
01237	9.430307	0.452373	4.204720	-0.187490	0.539695	0.480901	0.276331	0.189950	0.942104	-0.531473	0.846945	-0.014875	-0.800736	-0.496592	0.334990
01238	10.911311	0.961799	3.999293	-0.173004	0.640326	0.350474	0.279601	0.196240	0.939848	-0.531232	0.847018	-0.018818	-0.799760	-0.494015	0.341075
01239	12.019750	2.732538	5.460975	-0.140037	0.954536	0.185280	0.286181	0.202524	0.936528	-0.530667	0.847318	-0.021073	-0.797805	-0.490953	0.349960
01240	10.373237	3.470190	5.481629	-0.394005	0.818018	0.078330	0.292305	0.207310	0.933584	-0.527890	0.848994	-0.023244	-0.797427	-0.486036	0.357603
01241	9.262661	2.857990	4.319847	-0.576175	0.137887	-0.020448	0.293454	0.207818	0.933111	-0.523258	0.851803	-0.025149	-0.800053	-0.480878	0.358708
01242	9.185526	2.065222	3.593634	-0.497795	-0.247803	-0.075147	0.291869	0.206129	0.933982	-0.519225	0.854234	-0.026271	-0.803255	-0.477279	0.356352
01243	8.726927	1.704090	3.536347	-0.476921	-0.372151	0.016198	0.288730	0.204513	0.935313	-0.515463	0.856450	-0.028147	-0.806804	-0.473992	0.352701
01244	7.731680	1.058473	2.391129	-0.497925	-0.614520	0.118242	0.283173	0.202714	0.937401	-0.511884	0.858494	-0.031018	-0.811041	-0.471057	0.346868
01245	6.894773	0.621822	0.182176	-0.738536	-1.112934	0.129366	0.273390	0.198622	0.941173	-0.506259	0.861679	-0.034789	-0.817899	-0.466967	0.336129
01246	6.913274	0.962630	-1.554214	-1.251446	-1.512770	0.111386	0.260404	0.192660	0.946082	-0.496365	0.867193	-0.039973	-0.828137	-0.459193	0.321451
01247	7.611729	1.314193	-2.740120	-1.842852	-1.646947	0.151152	0.245857	0.186538	0.951188	-0.481394	0.875232	-0.047214	-0.841317	-0.446288	0.304980
01248	8.205793	1.036422	-2.677887	-2.146202	-1.457423	0.270225	0.232245	0.182570	0.955369	-0.463902	0.884103	-0.056179	-0.854902	-0.430150	0.290023
01249	8.377071	-0.037175	-1.615510	-2.201715	-1.244525	0.336447	0.219935	0.180332	0.958702	-0.445727	0.892757	-0.065674	-0.867730	-0.412875	0.276727
01250	8.970975	-1.548485	-0.549051	-2.249687	-1.212725	0.352544	0.207817	0.178620	0.961721	-0.426870	0.901186	-0.075135	-0.880110	-0.394916	0.263529
01251	9.746813	-3.045889	-0.144268	-2.273680	-1.391604	0.370461	0.193878	0.176625	0.964995	-0.407491	0.909286	-0.084559	-0.892391	-0.376833	0.248264
01252	10.481628	-3.522285	-0.030548	-2.048467	-1.599193	0.380585	0.178018	0.174225	0.968481	-0.389850	0.916155	-0.093153	-0.903508	-0.360979	0.231013
01253	10.723977	-2.736526	-0.166832	-1.715529	-1.707606	0.374942	0.161015	0.171639	0.971913	-0.374931	0.921574	-0.100635	-0.912963	-0.348197	0.212740
01254	10.508854	-2.098411	-0.513254	-1.427573	-1.724164	0.357878	0.143895	0.169064	0.975044	-0.362442	0.925839	-0.107044	-0.920831	-0.337994	0.194500
01255	10.243788	-2.267193	-0.807844	-1.130003	-1.696307	0.320115	0.127018	0.166389	0.977845	-0.352461	0.929063	-0.112305	-0.927166	-0.330387	0.176654
01256	9.974557	-2.586528	-0.716803	-0.800495	-1.611679	0.258559	0.111130	0.163541	0.980257	-0.345381	0.931240	-0.116208	-0.931859	-0.325648	0.159973
01257	9.603123	-2.985661	-0.306488	-0.500421	-1.490423	0.187711	0.096515	0.160479	0.982309	-0.340930	0.932545	-0.118852	-0.935121	-0.323428	0.144717
01258	9.448638	-3.140919	-0.209667	-0.163927	-1.393278	0.136164	0.083003	0.157282	0.984059	-0.339588	0.932830	-0.120450	-0.936905	-0.324177	0.130838
01259	9.349045	-2.952392	-0.386303	0.127350	-1.338284	0.106359	0.070040	0.153939	0.985595	-0.340887	0.932235	-0.121380	-0.937491	-0.327475	0.117770
01260	9.529256	-2.667939	-0.597810	0.316318	-1.280257	0.091590	0.057707	0.150629	0.986905	-0.344029	0.931002	-0.121981	-0.937184	-0.332484	0.105546
01261	9.697755	-2.338586	-0.704045	0.414389	-1.260641	0.100606	0.045491	0.147363	0.988036	-0.347986	0.929448	-0.122603	-0.936395	-0.338245	0.093562
01262	9.930638	-1.666183	-0.445122	0.391631	-1.222159	0.153683	0.033496	0.144662	0.988914	-0.351745	0.927871	-0.123818	-0.935496	-0.343698	0.081964
01263	9.822370	-1.251320	0.004500	0.279149	-1.178254	0.232733	0.021597	0.142770	0.989520	-0.354442	0.926557	-0.125949	-0.934829	-0.348007	0.070615
01264	9.642119	-1.252886	0.233862	0.067781	-1.171181	0.274039	0.009656	0.141275	0.989923	-0.355216	0.925886	-0.128671	-0.934734	-0.350395	0.059123
01265	9.753621	-1.225609	0.161917	-0.156084	-1.188567	0.252443	-0.002411	0.139471	0.990223	-0.353788	0.926065	-0.131296	-0.935323	-0.350645	0.047110
01266	9.515609	-1.238313	0.103411	-0.367517	-1.175652	0.194938	-0.014133	0.137195	0.990443	-0.350353	0.927067	-0.133415	-0.936511	-0.348890	0.034964
01267	9.321247	-1.237931	-0.172741	-0.523546	-1.219826	0.127979	-0.026070	0.134171	0.990615	-0.345440	0.928698	-0.134875	-0.938078	-0.345715	0.022137
01268	9.429903	-1.164757	-0.539387	-0.667126	-1.295328	0.092726	-0.038576	0.130616	0.990682	-0.339160	0.930856	-0.135934	-0.939937	-0.341244	0.008391
01269	9.331896	-1.402120	-0.787715	-0.809679	-1.308036	0.026889	-0.051033	0.126466	0.990657	-0.331549	0.933547	-0.136255	-0.942057	-0.335405	-0.005712
01270	9.516516	-1.535822	-1.048670	-0.807493	-1.304430	-0.033613	-0.063249	0.121865	0.990529	-0.324051	0.936231	-0.135876	-0.943923	-0.329576	-0.019725
01271	9.457406	-1.647174	-1.089910	-0.804553	-1.279476	-0.088409	-0.075111	0.116883	0.990301	-0.316529	0.938952	-0.134830	-0.945604	-0.323586	-0.033529
01272	9.642035	-1.783659	-1.144698	-0.802264	-1.290152	-0.122565	-0.086952	0.111658	0.989935	-0.309200	0.941599	-0.133365	-0.947013	-0.317685	-0.047349
01273	9.649656	-1.772397	-1.177907	-0.763694	-1.265754	-0.135967	-0.098588	0.106419	0.989422	-0.302107	0.944139	-0.131651	-0.948162	-0.311891	-0.060931
01274	9.899899	-1.902563	-1.196226	-0.726220	-1.262215	-0.168003	-0.110096	0.100957	0.988780	-0.295373	0.946560	-0.129535	-0.949017	-0.306320	-0.074393
01275	9.871071	-2.103299	-1.034806	-0.597146	-1.189640	-0.190399	-0.120888	0.095563	0.988056	-0.289941	0.948552	-0.127216	-0.949379	-0.301857	-0.086960
01276	9.780918	-2.338963	-1.279920	-0.450692	-1.189305	-0.201444	-0.131615	0.090133	0.987195	-0.285993	0.950061	-0.124872	-0.949150	-0.298766	-0.099265
01277	9.727669	-2.351886	-1.350811	-0.270605	-1.163652	-0.206986	-0.142122	0.084726	0.986216	-0.283724	0.951037	-0.122591	-0.948315	-0.297237	-0.111124
01278	9.513586	-2.196386	-1.384194	-0.098918	-1.131557	-0.204946	-0.152280	0.079472	0.985137	-0.283222	0.951450	-0.120535	-0.946888	-0.297367	-0.122379
01279	9.469880	-1.938316	-1.336455	0.017201	-1.136494	-0.199764	-0.162521	0.074214	0.983910	-0.283714	0.951542	-0.118636	-0.945036	-0.298430	-0.133590
01280	9.610569	-1.587838	-1.415449	0.080579	-1.128273	-0.208629	-0.172615	0.068899	0.982577	-0.284924	0.951411	-0.116767	-0.942880	-0.300115	-0.144597
01281	9.471669	-1.238257	-1.284152	0.117753	-1.144078	-0.227749	-0.182793	0.063316	0.981110	-0.286451	0.951198	-0.114755	-0.940496	-0.302017	-0.155736
01282	9.283906	-0.786962	-1.271961	0.093015	-1.177826	-0.254562	-0.193142	0.057395	0.979491	-0.287841	0.951049	-0.112486	-0.938000	-0.303663	-0.167167
01283	9.278920	-0.700188	-1.420082	0.032749	-1.233232	-0.282086	-0.203936	0.050989	0.977656	-0.288721	0.951093	-0.109830	-0.935441	-0.304668	-0.179240
01284	9.213738	-0.397830	-1.240011	-0.086064	-1.246969	-0.301806	-0.214726	0.044378	0.975666	-0.288664	0.951454	-0.106807	-0.933041	-0.304574	-0.191491
