// General information: 
//  MT Manager version: 2022.2.0 
//  XDA version: 2022.2.0 build 7381 rev 124627 built on 2023-07-19
// Device information: 
//  DeviceId: 00B4CBA7
//  ProductCode: MTW2-3A7G6
//  Firmware Version: 4.6.0
//  Hardware Version: 2.0.0
// Device settings: 
//  Filter Profile: human(46.1)
//  Option Flags: Orientation Smoother Disabled, Position/Velocity Smoother Disabled, Continuous Zero Rotation Update Disabled, AHS Disabled, ICC Disabled
// Coordinate system: ENU
PacketCounter	Acc_X	Acc_Y	Acc_Z	Gyr_X	Gyr_Y	Gyr_Z	Mat[1][1]	Mat[2][1]	Mat[3][1]	Mat[1][2]	Mat[2][2]	Mat[3][2]	Mat[1][3]	Mat[2][3]	Mat[3][3]
29106	9.633279	0.012320	-1.489870	0.003135	-0.001360	-0.000337	0.136803	0.076499	0.987640	0.493797	-0.869576	-0.001044	0.858749	0.487837	-0.156735
29107	9.649642	0.063146	-1.501272	-0.003024	-0.000174	0.000413	0.136778	0.076518	0.987642	0.493754	-0.869601	-0.001007	0.858777	0.487790	-0.156723
29108	9.693665	0.041429	-1.535646	-0.007312	-0.006671	-0.000177	0.136697	0.076570	0.987649	0.493783	-0.869585	-0.000926	0.858774	0.487811	-0.156679
29109	9.673739	0.014864	-1.527078	-0.009462	-0.000726	-0.001788	0.136666	0.076611	0.987650	0.493688	-0.869639	-0.000857	0.858833	0.487708	-0.156672
29110	9.613811	0.054534	-1.542532	-0.013666	-0.005587	-0.000941	0.136714	0.076723	0.987635	0.493447	-0.869775	-0.000739	0.858964	0.487447	-0.156769
29111	9.634458	0.030100	-1.570430	-0.011791	-0.002127	0.003241	0.136720	0.076728	0.987634	0.493325	-0.869845	-0.000715	0.859033	0.487323	-0.156777
29112	9.679729	0.018634	-1.504721	-0.012349	-0.005602	-0.002661	0.136888	0.076848	0.987601	0.493046	-0.870003	-0.000642	0.859167	0.487021	-0.156983
29113	9.673512	0.015791	-1.528508	-0.010863	-0.002347	-0.001505	0.136873	0.076896	0.987600	0.492938	-0.870064	-0.000573	0.859231	0.486904	-0.156993
29114	9.634283	0.030962	-1.571487	-0.015288	-0.004141	-0.000810	0.136849	0.076983	0.987596	0.492835	-0.870122	-0.000465	0.859294	0.486786	-0.157015
29115	9.643902	0.010305	-1.545930	-0.012096	-0.000697	0.001652	0.136835	0.076995	0.987597	0.492712	-0.870192	-0.000425	0.859366	0.486659	-0.157009
29116	9.650028	0.013604	-1.522731	-0.007533	-0.003604	-0.000330	0.136864	0.076981	0.987594	0.492792	-0.870147	-0.000467	0.859316	0.486743	-0.157027
29117	9.643806	0.010309	-1.546530	-0.002302	-0.004572	0.003665	0.136893	0.076993	0.987589	0.492751	-0.870170	-0.000463	0.859335	0.486699	-0.157059
29118	9.667132	0.012980	-1.553291	-0.003219	-0.000276	-0.001100	0.136894	0.077126	0.987579	0.492506	-0.870309	-0.000302	0.859475	0.486430	-0.157125
29119	9.663627	0.036722	-1.555722	0.004109	-0.000852	0.007228	0.136910	0.077090	0.987579	0.492515	-0.870304	-0.000342	0.859468	0.486444	-0.157121
29120	9.657454	0.033041	-1.579214	0.009377	-0.000910	0.000349	0.136884	0.077171	0.987577	0.492578	-0.870268	-0.000270	0.859436	0.486495	-0.157139
29121	9.657466	0.032717	-1.579143	0.011058	0.002448	0.003018	0.136850	0.077156	0.987582	0.492651	-0.870227	-0.000280	0.859399	0.486572	-0.157102
29122	9.630635	0.053474	-1.574847	0.006828	0.000755	0.005227	0.136872	0.077121	0.987582	0.492726	-0.870185	-0.000335	0.859353	0.486653	-0.157104
29123	9.654009	0.055767	-1.581330	0.000390	0.000203	0.003027	0.136858	0.077117	0.987584	0.492708	-0.870195	-0.000328	0.859365	0.486636	-0.157089
29124	9.652657	0.038342	-1.501980	-0.005990	0.004456	0.003627	0.136762	0.077171	0.987593	0.492502	-0.870311	-0.000195	0.859499	0.486419	-0.157032
29125	9.653538	-0.013377	-1.520249	-0.003977	0.003213	0.006522	0.136738	0.077122	0.987600	0.492442	-0.870345	-0.000215	0.859537	0.486365	-0.156988
29126	9.656248	0.013301	-1.498973	0.002181	0.002027	0.005771	0.136528	0.077133	0.987629	0.492500	-0.870312	-0.000112	0.859537	0.486423	-0.156810
29127	9.676944	-0.011435	-1.526511	-0.003109	-0.001809	-0.001025	0.136510	0.077174	0.987628	0.492458	-0.870336	-0.000059	0.859564	0.486373	-0.156815
29128	9.658925	0.040039	-1.477920	0.003888	0.002215	0.007078	0.136489	0.077204	0.987629	0.492343	-0.870401	-0.000001	0.859633	0.486252	-0.156811
29129	9.619739	0.054313	-1.520691	-0.000596	-0.004382	0.004972	0.136522	0.077206	0.987624	0.492313	-0.870418	-0.000010	0.859645	0.486222	-0.156841
29130	9.640363	0.029401	-1.548667	-0.000791	-0.004484	0.003459	0.136600	0.077274	0.987608	0.492148	-0.870512	0.000042	0.859727	0.486043	-0.156942
29131	9.666350	0.059008	-1.534529	-0.002218	-0.002936	0.005104	0.136622	0.077269	0.987605	0.492104	-0.870536	0.000034	0.859749	0.486000	-0.156958
29132	9.663626	0.031370	-1.555848	-0.005437	-0.003211	0.004004	0.136702	0.077160	0.987603	0.492228	-0.870467	-0.000125	0.859665	0.486142	-0.156975
29133	9.677319	0.054729	-1.588325	-0.005853	-0.000245	0.002340	0.136688	0.077164	0.987604	0.492157	-0.870507	-0.000101	0.859708	0.486070	-0.156964
29134	9.646384	0.031265	-1.526181	-0.012717	-0.001907	0.007988	0.136643	0.077090	0.987616	0.492143	-0.870514	-0.000142	0.859723	0.486068	-0.156889
29135	9.646367	0.030842	-1.526297	-0.013218	-0.000577	0.004886	0.136643	0.077074	0.987617	0.492006	-0.870592	-0.000131	0.859802	0.485932	-0.156881
29136	9.640989	-0.023925	-1.568409	-0.010194	-0.000404	0.004473	0.136480	0.077084	0.987639	0.491913	-0.870645	-0.000023	0.859881	0.485835	-0.156744
29137	9.664317	-0.021637	-1.575161	0.001111	-0.004196	0.006278	0.136518	0.077074	0.987635	0.491897	-0.870654	-0.000049	0.859884	0.485821	-0.156772
29138	9.646279	0.029498	-1.526880	0.005537	-0.002403	0.005583	0.136584	0.077061	0.987627	0.491884	-0.870661	-0.000091	0.859881	0.485810	-0.156823
29139	9.681943	0.038080	-1.486839	0.005341	-0.002504	0.004070	0.136596	0.077061	0.987625	0.491907	-0.870648	-0.000101	0.859865	0.485834	-0.156834
29140	9.679822	0.078756	-1.568561	0.008561	-0.002230	0.005170	0.136544	0.076949	0.987641	0.492207	-0.870478	-0.000228	0.859702	0.486155	-0.156733
29141	9.662594	0.078525	-1.538854	0.004220	-0.002388	0.007303	0.136571	0.076920	0.987639	0.492217	-0.870472	-0.000269	0.859692	0.486170	-0.156743
29142	9.650207	0.071430	-1.585992	-0.003425	-0.004455	0.006898	0.136606	0.076911	0.987635	0.492216	-0.870473	-0.000294	0.859688	0.486170	-0.156768
29143	9.663278	0.025853	-1.558112	-0.001938	-0.001200	0.008055	0.136627	0.076869	0.987636	0.492172	-0.870498	-0.000333	0.859709	0.486132	-0.156766
29144	9.657082	0.021816	-1.581680	0.005927	-0.002201	0.008609	0.136645	0.076858	0.987634	0.492237	-0.870461	-0.000364	0.859669	0.486199	-0.156777
29145	9.650877	0.017688	-1.605293	0.007439	-0.002115	0.008402	0.136675	0.076819	0.987633	0.492273	-0.870441	-0.000421	0.859644	0.486242	-0.156783
29146	9.619168	0.045049	-1.524599	0.008756	-0.002130	0.006682	0.136787	0.076758	0.987622	0.492418	-0.870359	-0.000557	0.859543	0.486399	-0.156851
29147	9.652140	0.026072	-1.505561	0.007439	-0.002115	0.008402	0.136818	0.076718	0.987621	0.492454	-0.870338	-0.000614	0.859517	0.486442	-0.156858
29148	9.708488	0.009809	-1.492979	0.010158	-0.000511	0.006400	0.136898	0.076672	0.987614	0.492525	-0.870298	-0.000707	0.859464	0.486521	-0.156905
29149	9.705778	-0.018439	-1.513966	0.007611	0.001155	0.011278	0.136915	0.076591	0.987617	0.492559	-0.870279	-0.000793	0.859442	0.486568	-0.156880
29150	9.669322	0.022588	-1.535610	0.019731	-0.001328	0.008261	0.137030	0.076581	0.987602	0.492720	-0.870187	-0.000889	0.859331	0.486733	-0.156974
29151	9.671312	0.099764	-1.496010	0.026451	0.000955	0.013410	0.137060	0.076482	0.987606	0.492913	-0.870078	-0.001026	0.859215	0.486945	-0.156952
29152	9.611494	0.249722	-1.373294	0.041273	0.010308	0.024786	0.137121	0.076215	0.987618	0.493275	-0.869872	-0.001358	0.858998	0.487354	-0.156872
29153	9.619924	0.201312	-1.087382	0.043845	0.026850	0.040461	0.137062	0.075755	0.987662	0.493581	-0.869698	-0.001790	0.858832	0.487736	-0.156593
29154	9.480332	0.067247	-1.181584	0.107766	0.056071	0.047196	0.136702	0.075150	0.987758	0.494369	-0.869249	-0.002285	0.858436	0.488629	-0.155980
29155	9.213947	-0.001445	-1.428958	0.103361	0.044024	0.031502	0.136452	0.074684	0.987827	0.495197	-0.868776	-0.002720	0.857998	0.489540	-0.155530
29156	9.599674	-0.143975	-1.380829	0.107944	0.009285	0.014445	0.136448	0.074651	0.987831	0.495908	-0.868370	-0.002876	0.857588	0.490266	-0.155507
29157	9.908896	-0.177581	-1.381058	0.154920	-0.008053	0.010795	0.136542	0.074620	0.987820	0.497205	-0.867627	-0.003186	0.856821	0.491584	-0.155569
29158	9.817657	-0.107018	-1.495502	0.157197	-0.004391	0.017985	0.136504	0.074606	0.987826	0.498411	-0.866934	-0.003398	0.856127	0.492807	-0.155524
29159	9.614676	-0.113834	-1.493921	0.107650	-0.025197	0.007330	0.136727	0.074690	0.987789	0.499306	-0.866418	-0.003600	0.855570	0.493701	-0.155756
29160	9.548616	-0.369705	-1.467613	0.088158	-0.030120	-0.002128	0.136919	0.074944	0.987743	0.499948	-0.866048	-0.003592	0.855164	0.494312	-0.156046
29161	9.670328	-0.536164	-1.555071	0.104969	-0.040281	-0.008367	0.137193	0.075239	0.987683	0.500840	-0.865532	-0.003635	0.854598	0.495170	-0.156427
29162	9.760592	-0.435136	-1.648664	0.142295	-0.044130	-0.008481	0.137551	0.075557	0.987609	0.501972	-0.864876	-0.003746	0.853876	0.496268	-0.156892
29163	9.814462	-0.177967	-1.628906	0.149279	-0.044066	-0.014065	0.137827	0.075921	0.987542	0.503249	-0.864133	-0.003803	0.853079	0.497504	-0.157308
29164	9.943181	0.079610	-1.706249	0.142040	-0.041898	-0.020971	0.137992	0.076379	0.987484	0.504391	-0.863467	-0.003697	0.852378	0.498588	-0.157677
29165	9.826529	0.249098	-1.603167	0.081920	-0.037757	-0.017801	0.138195	0.076745	0.987427	0.505097	-0.863055	-0.003612	0.851927	0.499245	-0.158034
29166	9.602579	0.152049	-1.532513	0.037139	-0.035863	-0.016533	0.138229	0.077144	0.987391	0.505460	-0.862843	-0.003348	0.851706	0.499550	-0.158263
29167	9.594304	0.018900	-1.615392	-0.005934	-0.033773	-0.013953	0.138417	0.077457	0.987341	0.505412	-0.862872	-0.003162	0.851704	0.499451	-0.158583
29168	9.744525	-0.202940	-1.803764	0.000946	-0.039355	-0.011419	0.138580	0.077767	0.987293	0.505490	-0.862827	-0.002989	0.851631	0.499481	-0.158881
29169	9.830996	-0.076700	-1.900832	0.032341	-0.030681	-0.003876	0.138792	0.077978	0.987247	0.505754	-0.862673	-0.002963	0.851440	0.499715	-0.159169
29170	9.805094	0.194563	-1.887407	0.020923	-0.025348	-0.005779	0.138892	0.078163	0.987218	0.506019	-0.862518	-0.002902	0.851266	0.499954	-0.159349
29171	9.637685	0.320325	-1.889485	-0.021974	-0.015969	-0.009868	0.138948	0.078352	0.987195	0.505829	-0.862629	-0.002730	0.851370	0.499731	-0.159494
29172	9.591371	0.265450	-1.895009	-0.069101	-0.008258	-0.011722	0.138976	0.078564	0.987175	0.505203	-0.862997	-0.002442	0.851737	0.499063	-0.159626
29173	9.558401	0.166768	-1.870762	-0.073196	0.003729	-0.013512	0.138846	0.078685	0.987183	0.504581	-0.863362	-0.002153	0.852127	0.498413	-0.159577
29174	9.618314	0.129799	-1.854732	-0.051229	0.005329	-0.010413	0.138767	0.078803	0.987185	0.504094	-0.863647	-0.001918	0.852428	0.497900	-0.159569
29175	9.668431	0.159984	-1.667154	-0.040881	0.012151	-0.010720	0.138579	0.078859	0.987207	0.503744	-0.863852	-0.001708	0.852665	0.497536	-0.159437
29176	9.605570	0.105959	-1.640086	-0.052431	0.022193	-0.011362	0.138243	0.078998	0.987243	0.503162	-0.864191	-0.001306	0.853063	0.496924	-0.159217
29177	9.592462	-0.034313	-1.561720	-0.055762	0.023447	-0.012540	0.137950	0.079014	0.987282	0.502686	-0.864468	-0.001054	0.853391	0.496439	-0.158973
29178	9.630035	-0.125471	-1.555378	-0.048791	0.023526	-0.018127	0.137684	0.079103	0.987312	0.502277	-0.864706	-0.000764	0.853675	0.496010	-0.158788
29179	9.611541	-0.206139	-1.382771	-0.032833	0.018445	-0.016861	0.137412	0.079182	0.987344	0.502003	-0.864866	-0.000505	0.853880	0.495719	-0.158593
29180	9.580268	-0.174875	-1.300795	-0.024722	0.011194	-0.017487	0.137227	0.079306	0.987360	0.501855	-0.864952	-0.000276	0.853997	0.495549	-0.158495
29181	9.545406	-0.119467	-1.222123	-0.024873	0.004728	-0.021686	0.137048	0.079495	0.987369	0.501655	-0.865068	0.000018	0.854143	0.495316	-0.158435
29182	9.600336	-0.029102	-1.173387	-0.030741	-0.006673	-0.024797	0.137010	0.079801	0.987350	0.501330	-0.865256	0.000365	0.854340	0.494938	-0.158556
29183	9.650866	0.022758	-1.246181	-0.032009	-0.013003	-0.025765	0.136963	0.080113	0.987331	0.501074	-0.865404	0.000710	0.854497	0.494629	-0.158671
29184	9.690789	0.146779	-1.327528	-0.058787	-0.020657	-0.021661	0.136985	0.080451	0.987301	0.500564	-0.865699	0.001090	0.854793	0.494058	-0.158859
29185	9.701345	0.145571	-1.382973	-0.081641	-0.025217	-0.021378	0.137065	0.080785	0.987262	0.499878	-0.866095	0.001471	0.855182	0.493309	-0.159094
29186	9.733601	0.136392	-1.545323	-0.089593	-0.025866	-0.023357	0.137131	0.081197	0.987219	0.499031	-0.866582	0.001956	0.855665	0.492385	-0.159355
29187	9.679416	0.068742	-1.676148	-0.090794	-0.027382	-0.021556	0.137229	0.081543	0.987177	0.498265	-0.867021	0.002354	0.856096	0.491553	-0.159611
29188	9.648586	0.117611	-1.677117	-0.086169	-0.025490	-0.020757	0.137257	0.081950	0.987140	0.497390	-0.867523	0.002860	0.856600	0.490600	-0.159835
29189	9.641081	0.168955	-1.684595	-0.084147	-0.026729	-0.017864	0.137368	0.082262	0.987098	0.496675	-0.867931	0.003212	0.856997	0.489826	-0.160083
29190	9.655038	0.144355	-1.737386	-0.091567	-0.016664	-0.022123	0.137318	0.082575	0.987079	0.495902	-0.868371	0.003657	0.857453	0.488992	-0.160192
29191	9.634968	0.121270	-1.729452	-0.099371	-0.010863	-0.019879	0.137283	0.082826	0.987063	0.495059	-0.868850	0.004053	0.857945	0.488098	-0.160282
29192	9.617485	0.057181	-1.639554	-0.103817	-0.009493	-0.017817	0.137156	0.083083	0.987059	0.494220	-0.869325	0.004499	0.858449	0.487207	-0.160294
29193	9.675435	-0.057337	-1.664850	-0.096256	-0.009063	-0.018872	0.137111	0.083317	0.987046	0.493401	-0.869788	0.004881	0.858927	0.486341	-0.160366
29194	9.731799	-0.069371	-1.653036	-0.073210	-0.004373	-0.017641	0.137109	0.083537	0.987027	0.492730	-0.870167	0.005201	0.859313	0.485625	-0.160469
29195	9.694110	-0.041699	-1.595511	-0.050391	0.003390	-0.016561	0.136969	0.083690	0.987034	0.492301	-0.870408	0.005486	0.859581	0.485166	-0.160420
29196	9.635818	0.009910	-1.510141	-0.040389	-0.000375	-0.013056	0.136856	0.083897	0.987032	0.491786	-0.870697	0.005821	0.859893	0.484612	-0.160419
29197	9.611586	0.060264	-1.485178	-0.023313	-0.005539	-0.015064	0.136800	0.084081	0.987024	0.491588	-0.870807	0.006048	0.860016	0.484382	-0.160460
29198	9.606256	0.075472	-1.588048	0.000435	-0.002061	-0.009212	0.136736	0.084197	0.987023	0.491613	-0.870792	0.006177	0.860011	0.484389	-0.160461
29199	9.602793	0.168661	-1.651058	0.003742	-0.000145	-0.006682	0.136674	0.084282	0.987024	0.491636	-0.870778	0.006279	0.860008	0.484399	-0.160449
29200	9.616288	0.193075	-1.683422	-0.004523	0.000638	-0.010246	0.136587	0.084410	0.987025	0.491606	-0.870794	0.006440	0.860039	0.484348	-0.160435
29201	9.726691	0.204775	-1.739732	-0.001329	0.004088	-0.007791	0.136483	0.084484	0.987033	0.491587	-0.870804	0.006561	0.860066	0.484318	-0.160381
29202	9.695337	0.233743	-1.658045	-0.015384	0.009424	-0.006202	0.136361	0.084543	0.987045	0.491467	-0.870871	0.006696	0.860155	0.484187	-0.160303
29203	9.634417	0.256930	-1.592875	-0.037138	0.007871	-0.007802	0.136225	0.084599	0.987059	0.491139	-0.871054	0.006874	0.860363	0.483847	-0.160209
29204	9.620903	0.166284	-1.499174	-0.067676	0.007520	-0.005195	0.136000	0.084710	0.987081	0.490491	-0.871417	0.007204	0.860769	0.483174	-0.160062
29205	9.626367	0.041198	-1.533391	-0.069186	0.007427	-0.004987	0.135882	0.084744	0.987094	0.489883	-0.871757	0.007405	0.861133	0.482554	-0.159970
29206	9.646998	-0.050239	-1.500087	-0.062913	0.004714	-0.005679	0.135810	0.084828	0.987097	0.489286	-0.872090	0.007626	0.861484	0.481937	-0.159943
29207	9.655936	-0.018228	-1.455565	-0.056697	-0.002801	-0.009177	0.135759	0.084948	0.987093	0.488791	-0.872365	0.007849	0.861773	0.481417	-0.159953
29208	9.686494	0.006551	-1.518072	-0.034746	-0.001144	-0.006057	0.135721	0.084985	0.987095	0.488541	-0.872505	0.007948	0.861921	0.481158	-0.159936
29209	9.627198	0.107572	-1.413788	-0.005156	0.002598	-0.002544	0.135656	0.085022	0.987101	0.488482	-0.872537	0.008022	0.861965	0.481093	-0.159897
29210	9.505375	0.288046	-1.405034	0.041906	0.012531	0.007528	0.135500	0.084949	0.987129	0.488746	-0.872390	0.007987	0.861840	0.481373	-0.159728
29211	9.359368	0.447214	-1.309919	0.060465	0.021778	0.012216	0.135342	0.084765	0.987166	0.489231	-0.872119	0.007811	0.861589	0.481896	-0.159504
29212	9.319393	0.511735	-1.332014	0.045989	0.018931	0.006606	0.135195	0.084677	0.987194	0.489565	-0.871932	0.007745	0.861422	0.482249	-0.159335
29213	9.485321	0.059132	-1.390171	0.007078	-0.001390	-0.005511	0.135150	0.084758	0.987193	0.489615	-0.871904	0.007830	0.861401	0.482286	-0.159336
29214	9.744140	-0.449584	-1.416463	0.020218	-0.028790	-0.013420	0.135208	0.085093	0.987156	0.489759	-0.871820	0.008070	0.861310	0.482378	-0.159553
29215	9.903456	-0.654570	-1.484613	0.100001	-0.034674	-0.020766	0.135375	0.085468	0.987101	0.490629	-0.871330	0.008158	0.860788	0.483197	-0.159890
29216	9.875358	-0.445394	-1.585461	0.176414	-0.037056	-0.017060	0.135703	0.085853	0.987023	0.492000	-0.870558	0.008079	0.859954	0.484519	-0.160377
29217	9.558175	-0.052111	-1.635920	0.166495	-0.043733	-0.013782	0.135981	0.086212	0.986953	0.493431	-0.869748	0.007990	0.859090	0.485907	-0.160809
29218	9.438021	0.200845	-1.414581	0.070097	-0.049090	-0.020469	0.136263	0.086697	0.986872	0.493950	-0.869452	0.008179	0.858747	0.486351	-0.161298
29219	9.727871	0.096006	-1.431562	0.001721	-0.055596	-0.026230	0.136581	0.087222	0.986782	0.493982	-0.869431	0.008477	0.858678	0.486294	-0.161834
29220	9.895738	-0.189676	-1.594539	0.001040	-0.057555	-0.032205	0.136827	0.087836	0.986693	0.494047	-0.869390	0.008883	0.858601	0.486257	-0.162351
29221	9.961236	-0.041028	-1.485891	0.067084	-0.059534	-0.036474	0.137127	0.088470	0.986595	0.494653	-0.869042	0.009176	0.858204	0.486764	-0.162931
29222	9.787095	0.211583	-1.454550	0.120549	-0.041756	-0.032519	0.137316	0.088947	0.986526	0.495733	-0.868425	0.009296	0.857550	0.487777	-0.163343
29223	9.439061	0.515187	-1.382712	0.135268	-0.030796	-0.021304	0.137444	0.089309	0.986475	0.496903	-0.867756	0.009328	0.856852	0.488901	-0.163646
29224	9.147641	0.621808	-1.374731	0.103571	-0.047030	-0.023672	0.137729	0.089763	0.986394	0.497883	-0.867193	0.009397	0.856238	0.489815	-0.164129
29225	9.332007	0.431187	-1.351053	0.023272	-0.062194	-0.030222	0.138081	0.090356	0.986291	0.498106	-0.867062	0.009699	0.856052	0.489938	-0.164732
29226	9.655168	0.128551	-1.426764	-0.012813	-0.083409	-0.033185	0.138486	0.091104	0.986165	0.498077	-0.867073	0.010157	0.856003	0.489780	-0.165454
29227	9.857737	-0.096029	-1.533426	0.021125	-0.079468	-0.031947	0.138977	0.091797	0.986032	0.498283	-0.866951	0.010480	0.855803	0.489867	-0.166227
29228	9.552475	-0.010808	-1.495663	0.037981	-0.081551	-0.034159	0.139443	0.092497	0.985901	0.498669	-0.866725	0.010785	0.855503	0.490134	-0.166985
29229	9.374135	0.000559	-1.405715	0.019631	-0.101928	-0.042693	0.140072	0.093393	0.985727	0.498878	-0.866600	0.011216	0.855278	0.490186	-0.167978
29230	9.430888	-0.327646	-1.357035	0.002559	-0.119155	-0.051597	0.140743	0.094422	0.985533	0.499109	-0.866460	0.011737	0.855033	0.490237	-0.169075
29231	9.710302	-0.589871	-1.483633	0.066291	-0.130456	-0.055192	0.141551	0.095566	0.985307	0.499735	-0.866092	0.012210	0.854534	0.490664	-0.170354
29232	9.837719	-0.333961	-1.646424	0.165265	-0.126609	-0.053933	0.142363	0.096657	0.985084	0.501233	-0.865222	0.012459	0.853521	0.491983	-0.171623
29233	9.779259	0.210701	-1.623209	0.180154	-0.133853	-0.061785	0.143164	0.097877	0.984847	0.502840	-0.864285	0.012799	0.852441	0.493389	-0.172951
29234	9.553326	0.613484	-1.532570	0.120313	-0.130703	-0.067415	0.143847	0.099175	0.984618	0.503807	-0.863712	0.013394	0.851755	0.494131	-0.174208
29235	9.285654	0.753950	-1.517710	0.040606	-0.142538	-0.067617	0.144689	0.100490	0.984361	0.504232	-0.863454	0.014031	0.851361	0.494316	-0.175603
29236	9.143564	0.433994	-1.363807	-0.053061	-0.156170	-0.079571	0.145506	0.102019	0.984083	0.503834	-0.863670	0.015039	0.851457	0.493626	-0.177070
29237	9.216879	-0.167454	-1.383037	-0.069243	-0.187411	-0.089119	0.146622	0.103740	0.983738	0.503356	-0.863929	0.016083	0.851548	0.492812	-0.178889
29238	9.419920	-0.599360	-1.418314	0.010303	-0.222934	-0.103028	0.147919	0.105787	0.983326	0.503560	-0.863789	0.017178	0.851203	0.492623	-0.181041
29239	9.443254	-0.635684	-1.209723	0.116816	-0.258625	-0.102384	0.149571	0.107973	0.982838	0.504688	-0.863114	0.018015	0.850246	0.493332	-0.183590
29240	9.371051	-0.418227	-1.042360	0.197515	-0.307963	-0.115745	0.151378	0.110505	0.982280	0.506607	-0.861970	0.018898	0.848784	0.494769	-0.186465
29241	9.299631	-0.068342	-0.825672	0.186036	-0.396916	-0.132902	0.154037	0.113642	0.981508	0.508370	-0.860909	0.019896	0.847250	0.495904	-0.190384
29242	9.387632	0.028689	-0.469819	0.134814	-0.495202	-0.151079	0.157318	0.117382	0.980547	0.509871	-0.859991	0.021147	0.845744	0.496625	-0.195142
29243	9.371082	0.022870	-0.022512	0.060518	-0.608236	-0.175401	0.161531	0.121936	0.979305	0.510644	-0.859490	0.022790	0.844482	0.496396	-0.201101
29244	9.136847	-0.170483	1.060653	-0.032509	-0.727905	-0.203903	0.166649	0.127301	0.977764	0.510534	-0.859497	0.024888	0.843554	0.495034	-0.208226
29245	8.973815	-0.267907	2.698364	-0.146681	-0.896266	-0.233225	0.172985	0.133759	0.975800	0.509676	-0.859926	0.027522	0.842797	0.492581	-0.216928
29246	9.017814	-0.225842	4.707825	-0.298465	-1.133449	-0.260819	0.181079	0.141553	0.973228	0.507513	-0.861093	0.030815	0.842402	0.488346	-0.227766
29247	9.214881	0.014431	6.677020	-0.458295	-1.414230	-0.285600	0.191514	0.150905	0.969820	0.504169	-0.862908	0.034709	0.842102	0.482305	-0.241340
29248	9.018467	-0.189755	7.724564	-0.594728	-1.709720	-0.302806	0.204349	0.161654	0.965458	0.499500	-0.865428	0.039181	0.841868	0.474240	-0.257595
29249	8.549931	-0.654621	7.515413	-0.642869	-2.020740	-0.309467	0.219780	0.173855	0.959933	0.494731	-0.867935	0.043923	0.840796	0.465255	-0.276767
29250	8.689693	-1.183285	5.839988	-0.581963	-2.295392	-0.306550	0.237517	0.186960	0.953222	0.490257	-0.870226	0.048523	0.838590	0.455799	-0.298352
29251	10.080689	-1.699891	2.895385	-0.450667	-2.499788	-0.308565	0.256891	0.200959	0.945316	0.487235	-0.871668	0.052896	0.834631	0.447002	-0.321838
29252	12.543472	-0.822685	0.519601	-0.268835	-2.573961	-0.293189	0.276805	0.214725	0.936628	0.485450	-0.872434	0.056542	0.829287	0.439036	-0.345732
29253	15.437039	0.641158	-0.356293	-0.318818	-2.593039	-0.225572	0.297109	0.227996	0.927224	0.483449	-0.873325	0.059831	0.823409	0.430489	-0.369698
29254	18.283306	2.049352	-2.353968	-0.438813	-2.477491	-0.126960	0.316714	0.239395	0.917814	0.479783	-0.875144	0.062704	0.818230	0.420493	-0.392028
29255	18.178723	2.221093	-3.522659	-0.793036	-2.164002	0.031542	0.334506	0.248113	0.909146	0.473192	-0.878510	0.065649	0.814982	0.408241	-0.411272
29256	16.463260	1.520029	-2.656593	-1.063749	-1.760914	0.209937	0.349757	0.253007	0.902030	0.463183	-0.883631	0.068249	0.814329	0.393934	-0.426245
29257	14.856745	1.422628	-2.708602	-1.101243	-1.309964	0.344696	0.361976	0.255054	0.896616	0.452974	-0.888775	0.069952	0.814732	0.380823	-0.437249
29258	13.476891	1.580913	-2.237928	-1.072908	-0.868819	0.397771	0.370738	0.254438	0.893205	0.442249	-0.894068	0.071121	0.816682	0.368652	-0.443990
29259	13.051425	1.455174	-1.021668	-0.879407	-0.368573	0.385750	0.375412	0.252351	0.891843	0.433605	-0.898251	0.071643	0.819178	0.359812	-0.446635
29260	12.827012	1.362808	-0.847875	-0.555688	0.154159	0.350800	0.375567	0.248297	0.892915	0.427219	-0.901360	0.070954	0.822456	0.354822	-0.444598
29261	12.190517	1.186275	-1.243248	-0.232477	0.646911	0.367962	0.371772	0.242712	0.896034	0.423915	-0.903090	0.068738	0.825883	0.354287	-0.438632
29262	11.769958	1.535093	-1.271703	0.063615	1.133606	0.392877	0.363881	0.234773	0.901373	0.422549	-0.904015	0.064879	0.830086	0.357266	-0.428157
29263	11.778601	2.078276	-0.982053	0.293242	1.587953	0.361314	0.352163	0.225811	0.908290	0.423682	-0.903794	0.060423	0.834551	0.363547	-0.413954
29264	11.125156	2.409569	-1.804760	0.364484	1.953453	0.302973	0.336979	0.215554	0.916505	0.425282	-0.903322	0.056086	0.839989	0.370873	-0.396071
29265	10.535223	2.020367	-2.071124	0.320100	2.236768	0.210606	0.318990	0.205298	0.925256	0.427273	-0.902570	0.052959	0.845981	0.378443	-0.375629
29266	10.350235	1.086421	-1.854987	0.333656	2.456818	0.104872	0.298500	0.194617	0.934357	0.429293	-0.901742	0.050677	0.852411	0.385986	-0.352717
29267	10.329570	-0.078651	-1.928010	0.503963	2.635742	-0.000258	0.275928	0.184345	0.943335	0.433585	-0.899779	0.049009	0.857828	0.395492	-0.328203
29268	10.203229	-0.764802	-1.989449	0.808284	2.793264	-0.110151	0.251265	0.173875	0.952173	0.440615	-0.896443	0.047426	0.861815	0.407625	-0.301856
29269	9.905132	-0.619655	-2.194791	1.191075	2.928964	-0.218898	0.224988	0.163689	0.960514	0.451390	-0.891133	0.046132	0.863497	0.423187	-0.274382
29270	9.625975	0.413415	-2.375935	1.500599	3.051650	-0.315077	0.197099	0.153027	0.968367	0.464524	-0.884406	0.045211	0.863348	0.440918	-0.245400
29271	9.453645	1.615353	-2.414775	1.568679	3.162524	-0.373319	0.168025	0.142101	0.975487	0.478713	-0.876804	0.045269	0.861743	0.459372	-0.215350
29272	9.529999	2.398889	-2.354192	1.473860	3.253634	-0.411530	0.137678	0.130227	0.981879	0.492061	-0.869328	0.046303	0.859605	0.476769	-0.183767
29273	9.565252	2.954806	-2.046755	1.324242	3.389684	-0.426591	0.106420	0.117515	0.987353	0.503923	-0.862395	0.048328	0.857167	0.492407	-0.150995
29274	8.988954	2.954943	-1.727033	1.255887	3.546811	-0.443848	0.073464	0.103373	0.991926	0.515251	-0.855521	0.050998	0.853885	0.507344	-0.116113
29275	7.469595	3.020254	-3.035554	1.233744	3.598912	-0.417637	0.040599	0.088441	0.995254	0.525969	-0.848789	0.053970	0.849534	0.521282	-0.080978
29276	6.445008	2.628025	-3.425951	0.885331	3.463830	-0.338022	0.009105	0.072858	0.997301	0.533697	-0.843768	0.056769	0.845627	0.531740	-0.046567
29277	6.766361	1.643060	-3.004649	0.531947	3.314097	-0.222570	-0.020100	0.057018	0.998171	0.538145	-0.840794	0.058865	0.842613	0.538343	-0.013784
29278	7.765589	0.332988	-2.583210	0.308033	3.176152	-0.107254	-0.047726	0.040463	0.998041	0.541109	-0.838818	0.059884	0.839597	0.542907	0.018139
29279	8.595874	-0.867015	-1.911863	0.375041	3.129564	-0.019207	-0.074082	0.023586	0.996973	0.544206	-0.836786	0.060235	0.835674	0.547021	0.049155
29280	8.347105	-1.262865	-1.545982	0.720256	3.101307	-0.002305	-0.100280	0.006322	0.994939	0.550271	-0.832773	0.060753	0.828943	0.553578	0.080032
29281	7.833689	-0.207162	-1.764631	1.014773	3.041909	-0.038953	-0.125612	-0.010305	0.992026	0.558559	-0.827134	0.062133	0.819898	0.561910	0.109654
29282	8.167672	1.557753	-1.932156	1.018816	2.984823	-0.068888	-0.150556	-0.026765	0.988239	0.566622	-0.821483	0.064075	0.810106	0.569605	0.138844
29283	8.260425	2.484305	-1.244983	0.543727	2.964092	-0.077631	-0.174930	-0.043048	0.983639	0.570844	-0.818426	0.065701	0.802207	0.572998	0.167740
29284	7.939153	2.378232	-0.535501	-0.044505	2.863840	-0.032142	-0.198227	-0.059256	0.978363	0.570260	-0.818812	0.065948	0.797188	0.570995	0.196102
29285	7.526346	2.068708	-0.585692	-0.415547	2.726324	0.054512	-0.219642	-0.075184	0.972679	0.567032	-0.821161	0.064570	0.793872	0.565722	0.222993
29286	6.596063	1.469961	-0.421288	-0.676584	2.515914	0.165253	-0.238862	-0.090741	0.966804	0.561893	-0.824929	0.061398	0.791973	0.557906	0.248031
29287	5.498598	0.639003	0.054051	-0.865949	2.144705	0.280005	-0.254314	-0.104908	0.961415	0.555689	-0.829470	0.056481	0.791539	0.548611	0.269242
29288	5.505115	-0.512998	0.596583	-1.106977	1.677036	0.366780	-0.265777	-0.117114	0.956895	0.547730	-0.835165	0.049916	0.793319	0.537387	0.286114
29289	6.533046	-1.921450	1.193375	-1.204436	1.206961	0.403833	-0.273212	-0.126898	0.953547	0.539204	-0.841099	0.042560	0.796627	0.525785	0.298222
29290	7.556449	-2.274580	1.389176	-0.996884	0.779724	0.394172	-0.277514	-0.134332	0.951284	0.532188	-0.845869	0.035807	0.799851	0.516199	0.306230
29291	7.767865	-1.613705	1.427576	-0.680655	0.375610	0.376569	-0.278562	-0.139433	0.950243	0.527742	-0.848869	0.030149	0.802428	0.509882	0.310047
29292	7.501888	-0.672827	1.191871	-0.517603	-0.032606	0.366837	-0.276553	-0.142438	0.950384	0.524448	-0.851074	0.025056	0.805278	0.505357	0.310068
29293	7.271753	0.072742	0.675329	-0.576711	-0.426951	0.371286	-0.271200	-0.143437	0.951775	0.520769	-0.853469	0.019767	0.809475	0.501016	0.306158
29294	7.649043	0.150453	-0.121402	-0.747733	-0.786413	0.392875	-0.262950	-0.142929	0.954164	0.515597	-0.856721	0.013757	0.815486	0.495581	0.298969
29295	8.272507	-0.311019	-0.780576	-0.881572	-1.090849	0.430571	-0.251842	-0.141236	0.957407	0.509444	-0.860475	0.007071	0.822826	0.489526	0.288655
29296	8.806336	-0.685266	-1.109619	-0.897867	-1.373651	0.485085	-0.238192	-0.138781	0.961251	0.503075	-0.864243	-0.000117	0.830771	0.483554	0.275673
29297	8.714653	-1.138873	-1.495974	-0.884065	-1.633596	0.554143	-0.221816	-0.135708	0.965599	0.496929	-0.867756	-0.007803	0.838963	0.478104	0.259919
29298	8.653653	-1.936127	-1.276588	-0.793681	-1.828336	0.588490	-0.203644	-0.132166	0.970083	0.491370	-0.870813	-0.015491	0.846808	0.473515	0.242279
29299	10.723264	-2.560146	2.687504	-0.711245	-1.839960	0.553771	-0.185324	-0.128301	0.974266	0.486360	-0.873469	-0.022512	0.853879	0.469672	0.224275
29300	15.701332	-0.993934	7.328770	-0.184857	-1.559744	0.421243	-0.170069	-0.124705	0.977510	0.485400	-0.873874	-0.027033	0.857591	0.469886	0.209151
29301	19.211584	0.457486	9.370779	0.645107	-1.244666	0.227783	-0.158323	-0.120781	0.979972	0.491265	-0.870562	-0.027929	0.856500	0.477004	0.197166
29302	19.064859	-0.403084	1.992466	1.586576	-1.466167	0.203178	-0.144948	-0.115505	0.982674	0.504978	-0.862713	-0.026919	0.850875	0.492327	0.183376
29303	13.725688	-2.106201	-0.759214	2.055844	-1.789914	0.245232	-0.128564	-0.108604	0.985737	0.522686	-0.852137	-0.025713	0.842775	0.511925	0.166320
29304	8.680688	-1.672607	-2.214495	2.396950	-2.003904	0.313029	-0.110253	-0.100840	0.988775	0.543008	-0.839353	-0.025053	0.832458	0.534151	0.147298
29305	6.167790	-1.493461	-4.382269	2.618954	-2.231041	0.459101	-0.089307	-0.092460	0.991703	0.565074	-0.824630	-0.025996	0.820192	0.558064	0.125892
29306	7.326659	0.393045	-6.613333	2.848302	-2.342977	0.555486	-0.067177	-0.083690	0.994225	0.588552	-0.807965	-0.028244	0.805663	0.583256	0.103533
29307	9.000811	2.758521	-4.786959	2.763143	-2.193023	0.601576	-0.046103	-0.075434	0.996084	0.610913	-0.791066	-0.031632	0.790355	0.607062	0.082555
29308	9.620906	3.756898	-2.022880	1.876259	-1.894743	0.558339	-0.027880	-0.068193	0.997283	0.625778	-0.779180	-0.035785	0.779503	0.623080	0.064397
29309	9.315987	3.120132	-1.889706	0.494447	-1.626076	0.639526	-0.011249	-0.062983	0.997951	0.629720	-0.775694	-0.041858	0.776741	0.627959	0.048387
29310	8.985459	1.593851	-3.576043	-0.677359	-1.465994	0.780066	0.004963	-0.059869	0.998194	0.624433	-0.779486	-0.049856	0.781063	0.623553	0.033515
29311	8.968746	0.412303	-4.220320	-1.329577	-1.409478	0.807763	0.020994	-0.057464	0.998127	0.613859	-0.787265	-0.058236	0.789137	0.613931	0.018747
29312	9.963112	-1.256845	-4.714281	-1.549805	-1.406283	0.710112	0.036384	-0.054495	0.997851	0.601348	-0.796305	-0.065414	0.798159	0.602435	0.003798
29313	10.946307	-3.227515	-4.645134	-1.398995	-1.411944	0.586279	0.051164	-0.050743	0.997400	0.589840	-0.804377	-0.071180	0.805898	0.591948	-0.011225
29314	11.333607	-3.460618	-3.902095	-0.733777	-1.342661	0.497702	0.064861	-0.046788	0.996797	0.583631	-0.808461	-0.075924	0.809424	0.586686	-0.025131
29315	10.439338	-2.161673	-2.702302	0.013898	-1.226125	0.483550	0.077565	-0.043486	0.996038	0.583370	-0.808186	-0.080714	0.808494	0.587319	-0.037318
29316	9.515211	-0.439765	-2.138987	0.470466	-1.122438	0.523859	0.089629	-0.041036	0.995130	0.586737	-0.805193	-0.086049	0.804802	0.591592	-0.048091
29317	9.652903	0.672350	-2.418600	0.441786	-1.045526	0.530836	0.101111	-0.039084	0.994107	0.589750	-0.802382	-0.091530	0.801231	0.595529	-0.058080
29318	9.894974	1.236039	-2.706878	0.047276	-0.985416	0.507974	0.111944	-0.037210	0.993018	0.589611	-0.801900	-0.096516	0.799892	0.596298	-0.067829
29319	9.905084	0.481923	-2.623840	-0.446137	-0.932794	0.487564	0.122241	-0.035566	0.991863	0.585440	-0.804400	-0.100996	0.801447	0.593022	-0.077509
29320	10.100902	-0.636410	-2.566844	-0.787353	-0.888457	0.472762	0.132081	-0.034035	0.990654	0.578558	-0.808864	-0.104927	0.804876	0.587010	-0.087144
29321	9.786711	-1.771401	-1.990967	-0.911722	-0.846810	0.460232	0.141522	-0.032816	0.989391	0.570544	-0.814053	-0.108611	0.808981	0.579862	-0.096484
29322	9.406266	-2.339085	-1.542540	-0.940315	-0.818621	0.446444	0.150647	-0.031633	0.988081	0.562316	-0.819307	-0.111963	0.813084	0.572481	-0.105638
29323	9.175546	-2.139043	-1.482532	-0.909556	-0.801740	0.425363	0.159521	-0.030555	0.986722	0.554217	-0.824372	-0.115126	0.816944	0.565223	-0.114570
29324	9.397827	-2.098302	-1.422039	-0.997766	-0.803003	0.380959	0.168153	-0.029093	0.985332	0.545466	-0.829843	-0.117589	0.821092	0.557238	-0.123671
29325	9.720117	-2.465909	-1.439512	-1.008449	-0.795852	0.339890	0.176507	-0.027506	0.983915	0.536553	-0.835348	-0.119606	0.825201	0.549034	-0.132687
29326	10.318176	-2.738081	-1.665608	-0.903448	-0.779522	0.310301	0.184568	-0.025754	0.982482	0.528562	-0.840181	-0.121319	0.828587	0.541695	-0.141458
29327	9.961291	-2.193568	-1.925109	-0.776379	-0.761412	0.263230	0.192235	-0.023855	0.981059	0.521597	-0.844318	-0.122735	0.831254	0.535311	-0.149864
29328	9.676506	-1.985811	-2.154950	-0.660034	-0.744057	0.240522	0.199640	-0.021835	0.979626	0.515667	-0.847771	-0.123985	0.833206	0.529913	-0.157989
29329	9.671894	-1.620952	-2.045598	-0.523881	-0.717732	0.269493	0.206973	-0.020320	0.978136	0.510725	-0.850500	-0.125737	0.834459	0.525583	-0.165653
29330	9.173885	-1.506661	-1.864607	-0.446763	-0.739731	0.234864	0.214311	-0.018355	0.976593	0.506532	-0.852789	-0.127185	0.835163	0.521932	-0.173465
29331	8.927179	-1.354396	-1.787235	-0.416625	-0.745619	0.247701	0.221755	-0.016575	0.974961	0.502486	-0.854934	-0.128825	0.835663	0.518472	-0.181258
29332	9.191142	-1.973425	-1.810451	-0.307501	-0.768562	0.221308	0.229255	-0.014403	0.973260	0.499450	-0.856485	-0.130322	0.835459	0.515971	-0.189160
29333	8.863721	-1.358742	-1.405302	-0.294452	-0.765923	0.223664	0.236732	-0.012361	0.971496	0.496444	-0.857991	-0.131889	0.835165	0.513516	-0.196978
29334	9.088612	-1.761305	-1.273692	-0.350574	-0.821697	0.230716	0.244704	-0.010047	0.969546	0.492992	-0.859756	-0.133336	0.834912	0.510606	-0.205432
29335	9.037399	-2.000447	-0.997978	-0.377112	-0.842344	0.210293	0.252734	-0.007552	0.967506	0.489297	-0.861677	-0.134542	0.834694	0.507402	-0.214080
29336	9.156422	-1.999689	-0.793387	-0.401638	-0.883554	0.184738	0.260976	-0.004600	0.965334	0.485495	-0.863696	-0.135368	0.834378	0.503993	-0.223170
29337	9.191411	-1.810467	-0.849492	-0.432680	-0.932063	0.167042	0.269525	-0.001347	0.962992	0.481419	-0.865882	-0.135952	0.834021	0.500246	-0.232729
29338	9.115616	-1.858935	-0.837029	-0.447570	-0.988807	0.170225	0.278551	0.002167	0.960419	0.477233	-0.868118	-0.136453	0.833462	0.496352	-0.242849
29339	8.749237	-1.831297	-0.774266	-0.436057	-1.047449	0.173134	0.288066	0.005859	0.957593	0.473087	-0.870300	-0.136990	0.832590	0.492487	-0.253476
29340	8.403448	-1.909067	-0.332720	-0.449959	-1.114112	0.173481	0.298113	0.009862	0.954480	0.468835	-0.872531	-0.137416	0.831458	0.488459	-0.264737
29341	8.509889	-1.868111	-0.172913	-0.419990	-1.203014	0.175526	0.308892	0.014200	0.950991	0.464792	-0.874614	-0.137909	0.829792	0.484612	-0.276761
29342	8.835862	-1.723148	0.031937	-0.390637	-1.303760	0.167030	0.320430	0.019067	0.947080	0.461023	-0.876539	-0.138333	0.827516	0.480952	-0.289660
29343	8.975513	-1.802341	0.224516	-0.337187	-1.413459	0.147181	0.332748	0.024569	0.942696	0.457737	-0.878205	-0.138681	0.824473	0.477653	-0.303468
29344	8.972703	-1.664265	0.128042	-0.255075	-1.518995	0.129574	0.345779	0.030673	0.937815	0.455164	-0.879482	-0.139057	0.820526	0.474942	-0.318068
29345	9.113422	-1.513972	-0.402916	-0.127000	-1.617072	0.120652	0.359522	0.037297	0.932391	0.453680	-0.880142	-0.139728	0.815425	0.473242	-0.333352
29346	9.533024	-0.587031	-1.336921	-0.079780	-1.690687	0.133391	0.373810	0.044103	0.926456	0.452502	-0.880601	-0.140657	0.809635	0.471802	-0.349134
29347	10.268722	0.167906	-1.790447	-0.194746	-1.757415	0.150815	0.388637	0.051062	0.919975	0.450337	-0.881605	-0.141309	0.803839	0.469217	-0.365620
29348	10.656109	0.746902	-2.010944	-0.381929	-1.805937	0.156935	0.403755	0.058085	0.913021	0.446591	-0.883513	-0.141283	0.798460	0.464791	-0.382663
29349	10.412063	0.410056	-1.710462	-0.560848	-1.839023	0.171284	0.419122	0.065080	0.905595	0.441405	-0.886224	-0.140601	0.793409	0.458663	-0.400162
29350	9.832235	-0.549253	-1.804645	-0.659132	-1.885546	0.157627	0.434657	0.072244	0.897694	0.435466	-0.889366	-0.139276	0.788316	0.451453	-0.418029
29351	9.490355	-1.707329	-1.686877	-0.644947	-1.970495	0.128288	0.450657	0.079945	0.889110	0.429818	-0.892366	-0.137621	0.782410	0.444175	-0.436513
29352	9.967194	-2.377522	-1.744245	-0.493103	-2.090911	0.081118	0.467223	0.088397	0.879710	0.425522	-0.894655	-0.136100	0.775006	0.437925	-0.455618
29353	11.214159	-2.559007	-1.989093	-0.326401	-2.192527	0.050679	0.484301	0.097511	0.869450	0.422752	-0.896137	-0.134978	0.765985	0.432932	-0.475223
29354	12.203913	-2.052756	-2.580776	-0.172943	-2.237661	0.057513	0.501498	0.106603	0.858566	0.421102	-0.896970	-0.134599	0.755760	0.429045	-0.494719
29355	12.509445	-0.999517	-2.376126	-0.207371	-2.260959	0.097068	0.518844	0.115403	0.847044	0.419038	-0.897976	-0.134334	0.745123	0.424642	-0.514268
29356	12.614000	0.317743	-2.622580	-0.358786	-2.278376	0.128888	0.536173	0.123755	0.834987	0.415592	-0.899698	-0.133519	0.734712	0.418603	-0.533825
29357	12.483580	0.910653	-3.234328	-0.684247	-2.272464	0.141506	0.553316	0.131910	0.822460	0.409816	-0.902724	-0.130923	0.725184	0.409499	-0.553550
29358	12.474819	1.016250	-2.956296	-0.937265	-2.294865	0.120293	0.570270	0.140009	0.809438	0.402298	-0.906714	-0.126595	0.716204	0.397829	-0.573397
29359	13.541341	0.455369	-1.704050	-1.116075	-2.350870	0.057537	0.587202	0.148701	0.795665	0.394014	-0.911172	-0.120495	0.707070	0.384258	-0.593632
29360	15.579734	-0.010302	-0.250418	-1.106968	-2.400349	-0.048970	0.603796	0.158043	0.781315	0.386348	-0.915354	-0.113411	0.697256	0.370337	-0.613747
29361	17.807820	0.686820	2.272341	-0.919985	-2.430894	-0.148894	0.620010	0.168282	0.766335	0.380889	-0.918470	-0.106472	0.685938	0.357902	-0.633557
29362	18.234683	1.720921	4.458631	-0.648612	-2.459746	-0.178276	0.635954	0.178391	0.750825	0.377390	-0.920537	-0.100939	0.673156	0.347547	-0.652742
29363	16.724279	2.722443	4.193969	-0.449045	-2.580951	-0.121385	0.652653	0.188386	0.733863	0.375177	-0.921863	-0.097013	0.658244	0.338644	-0.672335
29364	14.433455	2.671004	2.424793	-0.519868	-2.889725	-0.026536	0.671224	0.198005	0.714319	0.371724	-0.923646	-0.093269	0.641311	0.328134	-0.693577
29365	13.909399	0.768873	0.619210	-0.835524	-3.269029	0.074680	0.692127	0.207828	0.691207	0.365933	-0.926486	-0.087849	0.622136	0.313738	-0.717297
29366	15.380731	-0.381204	-0.515506	-1.155252	-3.488837	0.152785	0.713905	0.216865	0.665815	0.357645	-0.930387	-0.080438	0.602021	0.295551	-0.741769
29367	16.137695	-1.771776	-2.272948	-1.359349	-3.380690	0.148679	0.734428	0.225153	0.640251	0.348517	-0.934601	-0.071117	0.582367	0.275369	-0.764867
29368	15.060461	-2.567894	-4.204817	-1.391157	-3.080808	0.176925	0.752580	0.231460	0.616481	0.339058	-0.938756	-0.061451	0.564502	0.255270	-0.784968
29369	13.919205	-1.807635	-4.654513	-1.358206	-2.703249	0.225411	0.768356	0.236006	0.594920	0.329785	-0.942623	-0.051987	0.548517	0.236141	-0.802102
29370	13.214748	-0.230618	-5.047943	-1.214876	-2.227940	0.236839	0.781081	0.238593	0.577050	0.321171	-0.946018	-0.043580	0.535501	0.219371	-0.815546
29371	11.828227	1.350491	-8.796309	-1.064092	-1.798125	0.188870	0.791192	0.240643	0.562234	0.314048	-0.948729	-0.035870	0.524776	0.204948	-0.826200
29372	9.366555	-1.123726	-9.494772	-1.658748	-1.432004	0.141020	0.798983	0.241839	0.550582	0.304062	-0.952377	-0.022918	0.518819	0.185722	-0.834467
