// General information: 
//  MT Manager version: 2022.2.0 
//  XDA version: 2022.2.0 build 7381 rev 124627 built on 2023-07-19
// Device information: 
//  DeviceId: 00B4CAF0
//  ProductCode: MTW2-3A7G6
//  Firmware Version: 4.6.0
//  Hardware Version: 2.0.0
// Device settings: 
//  Filter Profile: human(46.1)
//  Option Flags: Orientation Smoother Disabled, Position/Velocity Smoother Disabled, Continuous Zero Rotation Update Disabled, AHS Disabled, ICC Disabled
// Coordinate system: ENU
PacketCounter	Acc_X	Acc_Y	Acc_Z	Gyr_X	Gyr_Y	Gyr_Z	Mat[1][1]	Mat[2][1]	Mat[3][1]	Mat[1][2]	Mat[2][2]	Mat[3][2]	Mat[1][3]	Mat[2][3]	Mat[3][3]
51034	5.172719	1.726484	8.592027	-0.004590	0.017536	0.015461	0.708152	0.487900	0.510367	-0.639829	0.749101	0.171660	-0.298563	-0.448109	0.842650
51035	5.134106	1.734576	8.575629	-0.004151	0.016564	0.016557	0.708031	0.488153	0.510292	-0.640002	0.748986	0.171513	-0.298477	-0.448025	0.842725
51036	5.154524	1.742812	8.569737	-0.005974	0.013960	0.016925	0.707980	0.488305	0.510218	-0.640071	0.748959	0.171373	-0.298450	-0.447904	0.842798
51037	5.138298	1.735338	8.600625	-0.006565	0.008127	0.013921	0.707971	0.488328	0.510208	-0.640036	0.749025	0.171218	-0.298548	-0.447769	0.842836
51038	5.211065	1.686671	8.589562	-0.003329	0.005314	0.010255	0.707937	0.488391	0.510195	-0.640065	0.749019	0.171134	-0.298565	-0.447710	0.842861
51039	5.121364	1.752465	8.577421	0.000826	0.012949	0.011571	0.707921	0.488517	0.510097	-0.640131	0.748972	0.171097	-0.298465	-0.447651	0.842928
51040	5.173770	1.748452	8.565091	-0.008038	0.004238	0.008723	0.707893	0.488564	0.510090	-0.640135	0.748994	0.170981	-0.298519	-0.447563	0.842955
51041	5.178219	1.696888	8.596932	-0.003149	0.003127	0.010326	0.707862	0.488609	0.510090	-0.640154	0.748997	0.170899	-0.298553	-0.447509	0.842972
51042	5.110532	1.771910	8.577767	-0.007158	0.002294	0.010916	0.707815	0.488664	0.510103	-0.640177	0.749005	0.170780	-0.298616	-0.447437	0.842988
51043	5.160161	1.768230	8.642000	-0.007639	-0.009125	0.007030	0.707709	0.488721	0.510196	-0.640255	0.748960	0.170684	-0.298699	-0.447450	0.842952
51044	5.188158	1.721194	8.489234	-0.009883	0.007535	0.016633	0.707641	0.488842	0.510174	-0.640310	0.748951	0.170512	-0.298742	-0.447331	0.842999
51045	5.150203	1.811902	8.587442	-0.022395	-0.006379	0.014516	0.707632	0.488759	0.510265	-0.640178	0.749126	0.170242	-0.299046	-0.447129	0.842999
51046	5.105381	1.707879	8.562540	-0.009893	-0.013846	0.012004	0.707530	0.488750	0.510416	-0.640200	0.749141	0.170094	-0.299240	-0.447115	0.842937
51047	5.143974	1.696211	8.579647	-0.029372	-0.009085	0.012255	0.707523	0.488624	0.510547	-0.640020	0.749371	0.169756	-0.299642	-0.446866	0.842926
51048	5.161083	1.674528	8.603611	-0.019852	-0.012527	0.014433	0.707409	0.488639	0.510691	-0.640030	0.749418	0.169511	-0.299891	-0.446771	0.842888
51049	5.199665	1.662896	8.620687	-0.016723	-0.009751	0.011650	0.707298	0.488680	0.510805	-0.640064	0.749435	0.169305	-0.300079	-0.446697	0.842861
51050	5.212265	1.692698	8.612944	-0.014356	-0.013710	0.011495	0.707199	0.488668	0.510954	-0.640070	0.749472	0.169122	-0.300301	-0.446649	0.842807
51051	5.335640	1.641024	8.665163	-0.003639	-0.008298	0.006435	0.707147	0.488622	0.511070	-0.640053	0.749507	0.169029	-0.300459	-0.446640	0.842755
51052	5.202164	1.659719	8.619792	0.008800	0.005305	0.001896	0.707166	0.488622	0.511042	-0.640060	0.749488	0.169090	-0.300399	-0.446673	0.842760
51053	5.223084	1.670128	8.613184	0.010976	0.006626	-0.004034	0.707284	0.488505	0.510992	-0.639945	0.749562	0.169197	-0.300367	-0.446677	0.842769
51054	5.163970	1.671403	8.602486	0.015455	-0.002505	-0.005371	0.707327	0.488416	0.511018	-0.639920	0.749548	0.169351	-0.300319	-0.446797	0.842722
51055	5.205275	1.638010	8.596866	0.014728	0.006242	-0.005652	0.707400	0.488379	0.510952	-0.639902	0.749527	0.169514	-0.300186	-0.446873	0.842730
51056	5.175019	1.681750	8.649133	0.024860	0.002731	-0.008014	0.707475	0.488293	0.510929	-0.639886	0.749484	0.169761	-0.300040	-0.447038	0.842694
51057	5.194321	1.664571	8.595929	0.018659	0.003671	-0.007198	0.707532	0.488287	0.510857	-0.639921	0.749403	0.169990	-0.299834	-0.447181	0.842691
51058	5.227112	1.682875	8.635944	0.020662	0.004085	-0.007494	0.707608	0.488212	0.510823	-0.639897	0.749376	0.170199	-0.299706	-0.447308	0.842669
51059	5.241816	1.691337	8.605794	0.024381	0.012690	-0.007273	0.707692	0.488191	0.510726	-0.639901	0.749321	0.170426	-0.299497	-0.447423	0.842683
51060	5.156838	1.788837	8.562649	0.025320	0.017234	-0.009834	0.707823	0.488157	0.510578	-0.639874	0.749285	0.170686	-0.299247	-0.447521	0.842720
51061	5.144192	1.759100	8.570426	0.012787	0.009224	-0.004404	0.707844	0.488231	0.510477	-0.639950	0.749185	0.170838	-0.299034	-0.447606	0.842750
51062	5.142235	1.706482	8.578653	0.012894	0.003635	-0.005286	0.707905	0.488170	0.510451	-0.639918	0.749183	0.170970	-0.298959	-0.447678	0.842739
51063	5.163483	1.717306	8.571752	0.010557	-0.001397	-0.006968	0.708004	0.487990	0.510486	-0.639780	0.749279	0.171065	-0.299018	-0.447713	0.842699
51064	5.137682	1.734628	8.601136	0.011585	0.003463	-0.002869	0.708049	0.487946	0.510465	-0.639761	0.749270	0.171174	-0.298952	-0.447775	0.842689
51065	5.154427	1.795292	8.562749	-0.000257	-0.001215	-0.001025	0.708065	0.487878	0.510509	-0.639703	0.749325	0.171148	-0.299038	-0.447758	0.842668
51066	5.149134	1.766893	8.593539	-0.002079	-0.003817	-0.000657	0.708074	0.487818	0.510554	-0.639659	0.749367	0.171130	-0.299112	-0.447753	0.842644
51067	5.153607	1.741016	8.570653	-0.003826	-0.003017	0.000663	0.708064	0.487795	0.510589	-0.639640	0.749392	0.171091	-0.299174	-0.447737	0.842631
51068	5.120396	1.808562	8.645201	0.006336	-0.015519	-0.003527	0.708056	0.487661	0.510728	-0.639601	0.749410	0.171159	-0.299277	-0.447852	0.842533
51069	5.405387	1.669311	8.644228	-0.008953	-0.009024	-0.009504	0.708053	0.487614	0.510778	-0.639575	0.749435	0.171148	-0.299341	-0.447862	0.842505
51070	5.193317	1.709085	8.640763	0.040280	0.000217	-0.013382	0.708155	0.487477	0.510767	-0.639568	0.749348	0.171552	-0.299115	-0.448156	0.842429
51071	5.199440	1.632469	8.548657	0.024729	0.005492	-0.020384	0.708390	0.487239	0.510668	-0.639379	0.749433	0.171887	-0.298961	-0.448273	0.842421
51072	5.232206	1.815125	8.640964	0.038870	-0.000274	-0.017625	0.708518	0.487068	0.510653	-0.639337	0.749373	0.172301	-0.298748	-0.448558	0.842345
51073	5.112535	1.789521	8.572917	0.030411	-0.000968	-0.017540	0.708627	0.486937	0.510627	-0.639310	0.749315	0.172656	-0.298548	-0.448798	0.842288
51074	5.214416	1.786994	8.623867	0.023168	0.001016	-0.013284	0.708730	0.486805	0.510610	-0.639252	0.749304	0.172916	-0.298426	-0.448959	0.842246
51075	5.218134	1.764101	8.600867	0.025241	0.004833	-0.012631	0.708801	0.486755	0.510560	-0.639267	0.749229	0.173186	-0.298227	-0.449138	0.842221
51076	5.172841	1.718833	8.568133	0.028451	0.007926	-0.008758	0.708896	0.486688	0.510491	-0.639257	0.749173	0.173467	-0.298022	-0.449305	0.842204
51077	5.163477	1.772696	8.613608	0.019375	0.010389	-0.009844	0.708974	0.486703	0.510369	-0.639287	0.749092	0.173704	-0.297771	-0.449424	0.842230
51078	5.091676	1.767579	8.556390	0.017443	0.013376	-0.008600	0.709085	0.486661	0.510255	-0.639245	0.749085	0.173892	-0.297598	-0.449482	0.842260
51079	5.092709	1.798660	8.602499	0.019427	-0.001682	-0.005955	0.709152	0.486535	0.510282	-0.639189	0.749091	0.174067	-0.297558	-0.449607	0.842207
51080	5.133961	1.790097	8.542452	0.012632	-0.000664	-0.000603	0.709170	0.486490	0.510300	-0.639189	0.749066	0.174173	-0.297515	-0.449697	0.842174
51081	5.188679	1.816983	8.575519	0.008629	-0.001495	-0.000011	0.709100	0.486594	0.510297	-0.639331	0.748923	0.174268	-0.297376	-0.449822	0.842157
51082	5.224298	1.779230	8.546748	0.006075	0.004649	0.000059	0.709130	0.486578	0.510272	-0.639317	0.748925	0.174315	-0.297337	-0.449837	0.842162
51083	5.172567	1.811975	8.605859	0.004331	0.005450	0.001378	0.709102	0.486693	0.510200	-0.639420	0.748821	0.174379	-0.297179	-0.449884	0.842193
51084	5.150276	1.827326	8.558469	0.001282	0.006084	0.005115	0.709103	0.486722	0.510171	-0.639427	0.748820	0.174360	-0.297161	-0.449857	0.842214
51085	5.144415	1.798549	8.589797	-0.007162	0.005393	0.005200	0.709023	0.486895	0.510116	-0.639558	0.748723	0.174297	-0.297071	-0.449830	0.842260
51086	5.159668	1.803677	8.559953	-0.006025	0.004670	0.008420	0.708999	0.486942	0.510105	-0.639567	0.748738	0.174200	-0.297109	-0.449754	0.842287
51087	5.165188	1.805805	8.583890	-0.014399	0.007382	0.009453	0.708943	0.487062	0.510069	-0.639612	0.748740	0.174027	-0.297147	-0.449621	0.842345
51088	5.169203	1.778312	8.561701	-0.015593	0.001624	0.010997	0.708894	0.487114	0.510088	-0.639610	0.748785	0.173836	-0.297268	-0.449489	0.842372
51089	5.233846	1.780499	8.596151	-0.008029	0.004254	0.008716	0.708836	0.487245	0.510043	-0.639694	0.748733	0.173754	-0.297225	-0.449434	0.842417
51090	5.335603	1.774274	8.648024	0.001538	0.007298	0.006140	0.708835	0.487287	0.510005	-0.639709	0.748725	0.173732	-0.297196	-0.449403	0.842444
51091	5.220850	1.748072	8.604812	0.003811	0.024401	0.003925	0.708923	0.487366	0.509806	-0.639687	0.748740	0.173750	-0.297032	-0.449292	0.842561
51092	5.139913	1.792579	8.593739	0.008436	0.022074	0.004508	0.708976	0.487461	0.509641	-0.639711	0.748709	0.173795	-0.296855	-0.449239	0.842651
51093	5.158486	1.748478	8.596135	0.004104	0.016625	0.003127	0.709148	0.487310	0.509547	-0.639492	0.748900	0.173777	-0.296916	-0.449085	0.842712
51094	5.237257	1.758432	8.600938	0.007566	0.020934	0.008023	0.709175	0.487427	0.509398	-0.639539	0.748856	0.173797	-0.296752	-0.449032	0.842798
51095	5.145028	1.771594	8.597214	0.013298	0.024037	0.000403	0.709169	0.487652	0.509191	-0.639702	0.748688	0.173919	-0.296413	-0.449069	0.842898
51096	5.084405	1.772364	8.587358	0.012798	0.018527	0.004069	0.709214	0.487728	0.509055	-0.639736	0.748639	0.174003	-0.296232	-0.449066	0.842963
51097	5.140182	1.744461	8.552612	0.014287	0.016508	0.001728	0.709309	0.487709	0.508941	-0.639685	0.748661	0.174097	-0.296116	-0.449051	0.843012
51098	5.118999	1.764980	8.606100	0.008282	0.015265	0.002611	0.709353	0.487760	0.508831	-0.639695	0.748640	0.174150	-0.295988	-0.449031	0.843067
51099	5.068968	1.767917	8.542170	0.008142	0.008460	0.000717	0.709389	0.487777	0.508764	-0.639699	0.748621	0.174217	-0.295892	-0.449044	0.843094
51100	5.096328	1.756708	8.613314	0.007067	-0.002882	0.001392	0.709387	0.487737	0.508804	-0.639697	0.748611	0.174267	-0.295900	-0.449103	0.843060
51101	5.143719	1.750274	8.576965	0.000185	-0.002186	0.000076	0.709353	0.487777	0.508814	-0.639750	0.748562	0.174282	-0.295869	-0.449141	0.843050
51102	5.150094	1.753718	8.600099	0.002568	-0.009218	0.005648	0.709305	0.487741	0.508915	-0.639765	0.748552	0.174271	-0.295951	-0.449198	0.842991
51103	5.209535	1.753819	8.610498	-0.001376	-0.003569	0.001470	0.709366	0.487577	0.508988	-0.639613	0.748694	0.174217	-0.296132	-0.449139	0.842959
51104	5.209438	1.778574	8.555950	0.002440	-0.000555	0.000805	0.709375	0.487543	0.509008	-0.639593	0.748708	0.174230	-0.296154	-0.449152	0.842944
51105	5.140948	1.775931	8.598759	0.003574	-0.001278	0.004026	0.709305	0.487640	0.509012	-0.639709	0.748603	0.174259	-0.296072	-0.449222	0.842936
51106	5.166771	1.759630	8.569288	-0.000613	0.000080	0.004538	0.709292	0.487637	0.509033	-0.639706	0.748613	0.174227	-0.296109	-0.449209	0.842930
51107	5.161369	1.731000	8.600263	-0.002174	-0.001303	0.005931	0.709193	0.487761	0.509053	-0.639833	0.748514	0.174186	-0.296072	-0.449240	0.842926
51108	5.135568	1.771401	8.575253	-0.004614	-0.000748	0.005127	0.709174	0.487758	0.509082	-0.639823	0.748538	0.174118	-0.296140	-0.449202	0.842923
51109	5.131767	1.796096	8.597872	-0.008166	-0.005620	0.012528	0.709053	0.487857	0.509156	-0.639923	0.748484	0.173986	-0.296214	-0.449185	0.842905
51110	5.120543	1.787838	8.550974	-0.009670	-0.000526	0.009155	0.709009	0.487886	0.509189	-0.639926	0.748511	0.173854	-0.296313	-0.449108	0.842912
51111	5.158568	1.776980	8.568389	-0.014243	-0.010264	0.012463	0.708871	0.487979	0.509292	-0.640021	0.748470	0.173682	-0.296437	-0.449076	0.842886
51112	5.143640	1.793816	8.543978	-0.012786	-0.006371	0.017654	0.708755	0.488046	0.509390	-0.640076	0.748470	0.173481	-0.296597	-0.449003	0.842868
51113	5.176416	1.753795	8.592351	-0.022797	-0.008440	0.019126	0.708632	0.488118	0.509492	-0.640110	0.748507	0.173198	-0.296817	-0.448864	0.842864
51114	5.136069	1.785742	8.597460	-0.024181	-0.012011	0.020594	0.708480	0.488180	0.509642	-0.640151	0.748544	0.172886	-0.297090	-0.448734	0.842838
51115	5.177615	1.693465	8.600362	-0.028374	-0.010654	0.021107	0.708416	0.488083	0.509826	-0.640010	0.748756	0.172487	-0.297548	-0.448486	0.842808
51116	5.138755	1.778923	8.597269	-0.024552	-0.010723	0.026154	0.708232	0.488193	0.509975	-0.640089	0.748767	0.172143	-0.297814	-0.448347	0.842788
51117	5.146055	1.778250	8.620706	-0.034677	-0.010286	0.034211	0.708034	0.488307	0.510141	-0.640133	0.748841	0.171661	-0.298191	-0.448100	0.842786
51118	5.178785	1.785251	8.560453	-0.043834	-0.011216	0.032169	0.707811	0.488461	0.510304	-0.640197	0.748909	0.171125	-0.298584	-0.447819	0.842797
51119	5.200108	1.735239	8.562267	-0.042312	-0.003933	0.038312	0.707614	0.488589	0.510454	-0.640205	0.749038	0.170526	-0.299032	-0.447462	0.842827
51120	5.196979	1.755401	8.585504	-0.041272	-0.004982	0.034871	0.707391	0.488791	0.510569	-0.640295	0.749081	0.169997	-0.299365	-0.447169	0.842864
51121	5.153242	1.701838	8.553340	-0.047226	-0.002825	0.036704	0.707122	0.489057	0.510687	-0.640426	0.749108	0.169385	-0.299721	-0.446833	0.842916
51122	5.149942	1.721719	8.576752	-0.043231	-0.002006	0.036115	0.706900	0.489282	0.510779	-0.640519	0.749154	0.168832	-0.300045	-0.446511	0.842971
51123	5.094034	1.744552	8.612852	-0.053099	-0.009352	0.043362	0.706647	0.489496	0.510925	-0.640593	0.749238	0.168174	-0.300484	-0.446135	0.843014
51124	5.148856	1.733875	8.600428	-0.062104	-0.015556	0.047095	0.706314	0.489742	0.511149	-0.640706	0.749313	0.167407	-0.301025	-0.445738	0.843031
51125	5.188234	1.741526	8.563738	-0.063269	-0.017926	0.049579	0.706051	0.489855	0.511404	-0.640682	0.749513	0.166603	-0.301693	-0.445278	0.843036
51126	5.241927	1.675803	8.559187	-0.069247	-0.015775	0.051415	0.705689	0.490133	0.511637	-0.640803	0.749598	0.165753	-0.302281	-0.444828	0.843062
51127	5.244093	1.642455	8.613871	-0.062986	-0.010240	0.045855	0.705440	0.490315	0.511807	-0.640816	0.749757	0.164984	-0.302836	-0.444360	0.843110
51128	5.218152	1.622283	8.597658	-0.058547	-0.007299	0.040659	0.705173	0.490550	0.511949	-0.640892	0.749846	0.164279	-0.303296	-0.443949	0.843161
51129	5.252634	1.657046	8.583989	-0.043342	-0.011045	0.034265	0.704930	0.490722	0.512119	-0.640970	0.749902	0.163723	-0.303697	-0.443666	0.843166
51130	5.197799	1.546920	8.612770	-0.049633	-0.010390	0.028419	0.704732	0.490851	0.512267	-0.640986	0.750011	0.163156	-0.304121	-0.443337	0.843186
51131	5.246398	1.510274	8.630690	-0.028122	-0.011687	0.022170	0.704564	0.490957	0.512397	-0.641048	0.750032	0.162816	-0.304379	-0.443185	0.843173
51132	5.206126	1.567603	8.581835	-0.021726	-0.011720	0.015722	0.704444	0.490985	0.512535	-0.641059	0.750080	0.162549	-0.304634	-0.443072	0.843140
51133	5.199035	1.641630	8.573191	-0.010024	-0.007988	0.019524	0.704354	0.491013	0.512632	-0.641080	0.750102	0.162372	-0.304799	-0.443005	0.843116
51134	5.296642	1.604700	8.654889	-0.011391	-0.014327	0.007724	0.704277	0.490971	0.512779	-0.641066	0.750143	0.162233	-0.305006	-0.442982	0.843053
51135	5.275403	1.645596	8.552800	0.016147	0.000467	0.010004	0.704257	0.490994	0.512783	-0.641129	0.750068	0.162332	-0.304918	-0.443083	0.843032
51136	5.189015	1.741744	8.586750	0.003015	-0.000968	0.015212	0.704173	0.491067	0.512830	-0.641212	0.750009	0.162276	-0.304938	-0.443103	0.843014
51137	5.217265	1.620385	8.596162	0.004592	0.000420	0.013824	0.704084	0.491171	0.512851	-0.641325	0.749919	0.162247	-0.304906	-0.443140	0.843006
51138	5.185809	1.658283	8.548064	0.003898	0.000187	0.011702	0.704026	0.491222	0.512883	-0.641386	0.749873	0.162216	-0.304913	-0.443160	0.842993
51139	5.170576	1.626732	8.632388	0.004524	0.000132	0.007165	0.704035	0.491154	0.512935	-0.641330	0.749929	0.162180	-0.305009	-0.443141	0.842968
51140	5.159555	1.594956	8.639317	-0.000017	-0.012093	0.003840	0.703990	0.491092	0.513057	-0.641324	0.749939	0.162157	-0.305127	-0.443193	0.842898
51141	5.164373	1.570182	8.615761	0.019669	-0.007011	-0.000197	0.703977	0.491038	0.513125	-0.641364	0.749870	0.162320	-0.305072	-0.443369	0.842825
51142	5.194593	1.638443	8.623725	0.017396	-0.017616	-0.002788	0.703957	0.490902	0.513283	-0.641364	0.749836	0.162477	-0.305118	-0.443578	0.842699
51143	5.160175	1.728751	8.543234	0.011185	-0.016660	-0.001970	0.703970	0.490709	0.513450	-0.641280	0.749890	0.162556	-0.305263	-0.443700	0.842582
51144	5.183556	1.713610	8.589598	0.007142	-0.020590	0.004317	0.703896	0.490612	0.513644	-0.641299	0.749867	0.162591	-0.305396	-0.443847	0.842457
51145	5.189361	1.687960	8.565603	-0.002398	-0.020221	0.007847	0.703783	0.490581	0.513828	-0.641349	0.749836	0.162535	-0.305550	-0.443933	0.842356
51146	5.179679	1.655538	8.571873	-0.003285	-0.021377	0.011358	0.703661	0.490534	0.514041	-0.641386	0.749824	0.162446	-0.305754	-0.444005	0.842243
51147	5.193814	1.660826	8.617664	-0.008718	-0.025774	0.013404	0.703516	0.490475	0.514295	-0.641410	0.749836	0.162293	-0.306036	-0.444050	0.842117
51148	5.215890	1.639911	8.563276	-0.010824	-0.029584	0.012738	0.703359	0.490402	0.514579	-0.641434	0.749850	0.162133	-0.306347	-0.444106	0.841975
51149	5.275471	1.584168	8.580375	-0.004180	-0.022536	0.014866	0.703227	0.490347	0.514812	-0.641460	0.749855	0.162006	-0.306596	-0.444159	0.841856
51150	5.267570	1.605130	8.578867	-0.008288	-0.017770	0.016354	0.703083	0.490353	0.515002	-0.641516	0.749841	0.161849	-0.306807	-0.444176	0.841770
51151	5.247649	1.594653	8.584864	-0.002496	-0.014641	0.008740	0.703012	0.490325	0.515126	-0.641539	0.749831	0.161802	-0.306922	-0.444223	0.841704
51152	5.243302	1.565690	8.614912	0.001789	-0.012611	0.009175	0.702930	0.490301	0.515261	-0.641576	0.749808	0.161767	-0.307032	-0.444290	0.841628
51153	5.257978	1.650869	8.599080	-0.002931	-0.013663	0.007647	0.702833	0.490344	0.515353	-0.641666	0.749736	0.161745	-0.307068	-0.444364	0.841576
51154	5.213896	1.602842	8.565732	-0.000998	-0.007666	0.008246	0.702773	0.490334	0.515445	-0.641687	0.749729	0.161691	-0.307161	-0.444387	0.841530
51155	5.222589	1.659553	8.580866	-0.001091	-0.011066	0.007284	0.702738	0.490255	0.515568	-0.641650	0.749774	0.161630	-0.307319	-0.444398	0.841466
51156	5.170407	1.687858	8.539154	-0.002841	-0.010265	0.008609	0.702667	0.490236	0.515682	-0.641668	0.749774	0.161559	-0.307443	-0.444419	0.841410
51157	5.178169	1.664821	8.616141	-0.007245	-0.018806	0.012910	0.702485	0.490321	0.515848	-0.641813	0.749673	0.161451	-0.307555	-0.444495	0.841329
51158	5.242256	1.662820	8.548662	-0.007848	-0.015640	0.011751	0.702378	0.490302	0.516013	-0.641838	0.749679	0.161321	-0.307748	-0.444505	0.841253
51159	5.234657	1.658209	8.601498	-0.014700	-0.023613	0.015257	0.702267	0.490222	0.516240	-0.641807	0.749750	0.161119	-0.308067	-0.444475	0.841152
51160	5.267842	1.643533	8.594447	-0.008022	-0.013453	0.011685	0.702166	0.490212	0.516386	-0.641831	0.749757	0.160988	-0.308246	-0.444473	0.841087
51161	5.273225	1.616687	8.570822	-0.006992	-0.017601	0.013936	0.702111	0.490053	0.516612	-0.641721	0.749891	0.160804	-0.308600	-0.444423	0.840984
51162	5.361840	1.602878	8.651029	0.009879	-0.019686	0.012777	0.701984	0.490023	0.516812	-0.641808	0.749814	0.160818	-0.308708	-0.444586	0.840858
51163	5.549851	1.472145	8.619886	0.029932	-0.015882	0.003138	0.701959	0.489939	0.516927	-0.641880	0.749695	0.161083	-0.308616	-0.444879	0.840737
51164	5.247892	1.797797	8.627061	0.087782	0.002533	-0.005707	0.702019	0.489870	0.516910	-0.642077	0.749361	0.161848	-0.308068	-0.445517	0.840600
51165	5.155319	1.546187	8.507127	0.034872	-0.001815	-0.004808	0.702096	0.489725	0.516943	-0.642050	0.749321	0.162144	-0.307950	-0.445744	0.840523
51166	5.193154	1.649162	8.584618	0.063504	-0.005781	-0.003089	0.702114	0.489639	0.517001	-0.642190	0.749082	0.162691	-0.307616	-0.446240	0.840382
51167	5.175932	1.619329	8.567319	0.050559	-0.006279	-0.003485	0.702169	0.489513	0.517045	-0.642246	0.748936	0.163141	-0.307374	-0.446623	0.840267
51168	5.184305	1.680346	8.581732	0.033603	-0.007589	-0.003282	0.702183	0.489417	0.517118	-0.642293	0.748831	0.163437	-0.307245	-0.446904	0.840165
51169	5.304706	1.603024	8.586598	0.036303	-0.006949	-0.001461	0.702238	0.489255	0.517196	-0.642272	0.748785	0.163730	-0.307163	-0.447158	0.840060
51170	5.349815	1.678791	8.564130	0.035795	-0.000384	-0.001668	0.702263	0.489203	0.517211	-0.642337	0.748663	0.164036	-0.306969	-0.447420	0.839991
51171	5.385433	1.594079	8.643095	0.052147	0.007188	-0.008740	0.702420	0.489020	0.517171	-0.642283	0.748609	0.164488	-0.306721	-0.447709	0.839928
51172	5.233384	1.688519	8.465722	0.062414	0.028115	-0.012190	0.702601	0.489016	0.516928	-0.642355	0.748419	0.165072	-0.306156	-0.448031	0.839962
51173	5.364113	1.678545	8.688413	0.046306	0.015861	-0.011635	0.702651	0.489127	0.516757	-0.642548	0.748148	0.165547	-0.305637	-0.448363	0.839974
51174	5.502599	1.530271	8.572715	0.079240	0.032198	-0.024761	0.702924	0.489048	0.516459	-0.642583	0.747943	0.166338	-0.304935	-0.448790	0.840001
51175	5.357210	1.610852	8.574186	0.103502	0.050056	-0.037863	0.703321	0.489013	0.515952	-0.642654	0.747638	0.167433	-0.303868	-0.449337	0.840095
51176	5.436645	1.580854	8.610505	0.108006	0.053554	-0.055370	0.703855	0.488802	0.515422	-0.642559	0.747452	0.168622	-0.302831	-0.449875	0.840182
51177	5.147634	1.627174	8.552049	0.127985	0.069665	-0.062252	0.704442	0.488680	0.514735	-0.642541	0.747151	0.170020	-0.301499	-0.450508	0.840322
51178	5.065611	1.793064	8.524809	0.107589	0.064349	-0.060297	0.705040	0.488482	0.514105	-0.642407	0.746990	0.171231	-0.300388	-0.450989	0.840462
51179	5.008504	1.861981	8.530351	0.092173	0.049239	-0.051896	0.705552	0.488248	0.513625	-0.642250	0.746889	0.172253	-0.299519	-0.451409	0.840546
51180	5.007731	1.870160	8.453837	0.069928	0.034867	-0.044794	0.705960	0.488033	0.513268	-0.642110	0.746821	0.173068	-0.298857	-0.451754	0.840597
51181	5.016772	1.859282	8.555530	0.043357	0.020992	-0.031535	0.706249	0.487833	0.513061	-0.641960	0.746833	0.173574	-0.298496	-0.451951	0.840619
51182	5.052940	1.745084	8.512945	0.027935	0.008432	-0.016542	0.706397	0.487710	0.512975	-0.641893	0.746817	0.173890	-0.298291	-0.452110	0.840606
51183	5.093234	1.820978	8.567767	0.009740	0.000816	-0.002508	0.706444	0.487656	0.512960	-0.641864	0.746818	0.173992	-0.298240	-0.452167	0.840594
51184	5.085725	1.764133	8.552733	0.002175	-0.001781	-0.000218	0.706457	0.487608	0.512988	-0.641836	0.746839	0.174009	-0.298272	-0.452184	0.840574
51185	5.374145	1.547608	8.639533	-0.013986	-0.011841	0.000283	0.706465	0.487461	0.513117	-0.641701	0.746988	0.173863	-0.298541	-0.452096	0.840525
51186	5.347351	1.402533	8.617290	0.036009	0.013461	-0.016794	0.706629	0.487358	0.512988	-0.641656	0.746937	0.174249	-0.298248	-0.452292	0.840524
51187	5.428761	1.525779	8.604265	0.071919	0.026579	-0.040248	0.706928	0.487274	0.512656	-0.641682	0.746715	0.175104	-0.297484	-0.452748	0.840549
51188	5.212911	1.598991	8.546781	0.097866	0.037983	-0.055559	0.707414	0.486993	0.512253	-0.641546	0.746572	0.176208	-0.296621	-0.453286	0.840564
51189	5.162697	1.695710	8.520326	0.092511	0.043117	-0.063993	0.707890	0.486790	0.511788	-0.641454	0.746391	0.177306	-0.295684	-0.453802	0.840616
51190	5.114716	1.797127	8.594055	0.088477	0.030224	-0.059468	0.708377	0.486445	0.511442	-0.641261	0.746308	0.178351	-0.294935	-0.454307	0.840606
51191	5.143883	1.660848	8.583112	0.077248	0.025481	-0.062141	0.708834	0.486120	0.511118	-0.641073	0.746237	0.179320	-0.294244	-0.454772	0.840597
51192	5.173790	1.899460	8.564516	0.086990	0.026629	-0.057991	0.709301	0.485771	0.510803	-0.640884	0.746152	0.180344	-0.293531	-0.455284	0.840569
51193	5.097621	1.956321	8.575149	0.056255	0.022793	-0.049084	0.709758	0.485377	0.510541	-0.640567	0.746254	0.181050	-0.293116	-0.455538	0.840576
51194	5.094911	1.986740	8.520519	0.038126	0.015206	-0.035042	0.710043	0.485147	0.510363	-0.640397	0.746279	0.181546	-0.292797	-0.455741	0.840577
51195	5.135238	1.931331	8.570358	0.016390	0.005487	-0.025959	0.710229	0.484954	0.510288	-0.640240	0.746352	0.181800	-0.292690	-0.455827	0.840568
51196	5.117475	1.874069	8.609428	0.011360	0.002692	-0.016202	0.710357	0.484808	0.510249	-0.640125	0.746408	0.181975	-0.292631	-0.455890	0.840554
51197	5.175866	1.899837	8.565300	0.003581	-0.004172	-0.009197	0.710376	0.484768	0.510261	-0.640120	0.746391	0.182062	-0.292596	-0.455961	0.840528
51198	5.200154	1.830070	8.544809	-0.001894	0.000092	-0.012002	0.710470	0.484641	0.510251	-0.639996	0.746488	0.182104	-0.292641	-0.455938	0.840525
51199	5.135732	1.778456	8.620044	0.007452	0.002236	-0.008951	0.710544	0.484566	0.510219	-0.639936	0.746512	0.182213	-0.292590	-0.455978	0.840521
51200	5.115557	1.847832	8.563049	0.001089	-0.010068	-0.005204	0.710564	0.484444	0.510307	-0.639869	0.746561	0.182245	-0.292688	-0.456027	0.840460
51201	5.065729	1.982642	8.502968	-0.012196	-0.006716	0.006497	0.710455	0.484536	0.510372	-0.639958	0.746517	0.182116	-0.292759	-0.456002	0.840449
51202	4.959167	1.980431	8.427911	-0.053001	-0.016498	0.028263	0.710242	0.484634	0.510575	-0.639970	0.746651	0.181523	-0.293249	-0.455678	0.840454
51203	4.782668	2.051341	8.409647	-0.093045	-0.031632	0.051304	0.709827	0.484847	0.510949	-0.640038	0.746848	0.180467	-0.294102	-0.455127	0.840454
51204	4.924120	2.103375	8.493001	-0.141679	-0.047975	0.086724	0.709147	0.485239	0.511521	-0.640203	0.747101	0.178829	-0.295383	-0.454293	0.840456
51205	4.931876	2.246386	8.544886	-0.208687	-0.069273	0.123790	0.708192	0.485794	0.512317	-0.640402	0.747496	0.176450	-0.297237	-0.453050	0.840474
51206	5.276716	1.863374	8.592355	-0.261120	-0.062553	0.147383	0.707077	0.486575	0.513114	-0.640633	0.747990	0.173497	-0.299385	-0.451393	0.840603
51207	5.435043	1.662786	8.657430	-0.239856	-0.062834	0.142118	0.706011	0.487284	0.513909	-0.640847	0.748443	0.170732	-0.301436	-0.449875	0.840683
51208	5.419987	1.493101	8.659551	-0.210118	-0.020615	0.125944	0.705158	0.488097	0.514309	-0.641067	0.748801	0.168315	-0.302961	-0.448395	0.840926
51209	5.329186	1.750988	8.746458	-0.176965	-0.031999	0.115105	0.704336	0.488800	0.514767	-0.641325	0.749043	0.166242	-0.304324	-0.447223	0.841058
51210	5.362822	1.578917	8.634834	-0.180535	-0.020871	0.107274	0.703600	0.489473	0.515134	-0.641496	0.749354	0.164168	-0.305662	-0.445965	0.841241
51211	5.383540	1.619571	8.598077	-0.142515	-0.019084	0.094083	0.703040	0.489913	0.515481	-0.641536	0.749693	0.162453	-0.306865	-0.444911	0.841361
51212	5.364921	1.593391	8.606179	-0.136582	-0.014804	0.087484	0.702449	0.490465	0.515761	-0.641698	0.749901	0.160849	-0.307878	-0.443951	0.841498
51213	5.284760	1.515308	8.611769	-0.120095	-0.006344	0.074805	0.702026	0.490855	0.515967	-0.641707	0.750198	0.159422	-0.308824	-0.443018	0.841643
51214	5.303075	1.591485	8.698184	-0.088198	-0.018762	0.071978	0.701522	0.491274	0.516253	-0.641906	0.750264	0.158305	-0.309555	-0.442440	0.841678
51215	5.374344	1.582982	8.655236	-0.074508	-0.020543	0.067911	0.701021	0.491689	0.516538	-0.642150	0.750261	0.157327	-0.310182	-0.441984	0.841687
51216	5.337307	1.714509	8.545106	-0.048036	-0.010948	0.059398	0.700622	0.492049	0.516737	-0.642384	0.750210	0.156613	-0.310600	-0.441670	0.841698
51217	5.089787	1.597992	8.572983	-0.073466	-0.003631	0.068196	0.700142	0.492590	0.516872	-0.642683	0.750154	0.155650	-0.311062	-0.441162	0.841794
51218	5.088484	1.747576	8.604304	-0.058990	-0.013630	0.077692	0.699616	0.493075	0.517121	-0.643010	0.750061	0.154749	-0.311570	-0.440779	0.841807
51219	4.949609	1.913030	8.567083	-0.103023	-0.035125	0.102412	0.698834	0.493704	0.517578	-0.643424	0.749992	0.153354	-0.312468	-0.440191	0.841781
51220	5.076023	1.923118	8.634436	-0.145896	-0.059601	0.130392	0.697825	0.494383	0.518292	-0.643844	0.750019	0.151447	-0.313856	-0.439383	0.841687
51221	5.219383	1.801125	8.662935	-0.175133	-0.077167	0.149512	0.696644	0.495126	0.519169	-0.644296	0.750081	0.149201	-0.315545	-0.438439	0.841548
51222	5.356809	1.726932	8.736781	-0.179819	-0.085326	0.167075	0.695313	0.495969	0.520148	-0.644857	0.750070	0.146817	-0.317331	-0.437505	0.841362
51223	5.306405	1.862278	8.756772	-0.178449	-0.089392	0.171404	0.693965	0.496783	0.521170	-0.645398	0.750072	0.144408	-0.319176	-0.436576	0.841147
51224	5.273054	2.029505	8.870559	-0.212547	-0.115829	0.188092	0.692396	0.497652	0.522428	-0.645988	0.750092	0.141636	-0.321384	-0.435550	0.840838
51225	4.402829	2.240981	9.453923	-0.225236	-0.093113	0.181260	0.690965	0.498525	0.523488	-0.646433	0.750243	0.138776	-0.323560	-0.434290	0.840655
51226	4.629805	2.662100	9.115657	-0.271098	-0.349441	0.246588	0.688248	0.498821	0.526776	-0.647218	0.750220	0.135202	-0.327756	-0.433991	0.839183
51227	4.111420	3.917333	10.003914	-0.387214	-0.421446	0.338160	0.684608	0.499591	0.530773	-0.648332	0.750149	0.130160	-0.333132	-0.433226	0.837459
51228	2.795643	1.269246	10.754125	-0.543266	-0.711784	0.515320	0.678877	0.500337	0.537390	-0.649979	0.749954	0.122864	-0.341544	-0.432702	0.834336
51229	3.722863	1.736836	10.776643	-0.069693	-1.100640	0.612295	0.671089	0.500142	0.547264	-0.653884	0.747179	0.118990	-0.349392	-0.437700	0.828459
51230	4.060198	2.766948	10.774816	-0.232823	-1.436779	0.749868	0.661085	0.499370	0.559996	-0.658020	0.744486	0.112917	-0.360522	-0.443136	0.820764
51231	4.734303	2.434944	10.278475	-0.211992	-1.763566	0.935944	0.648396	0.498503	0.575394	-0.663441	0.740697	0.105898	-0.373402	-0.450403	0.810992
51232	5.714553	2.995527	9.979429	-0.153863	-2.077150	1.178641	0.632644	0.497714	0.593331	-0.670372	0.735556	0.097772	-0.387766	-0.459607	0.798999
51233	6.281138	5.420063	10.110299	-0.174022	-2.148522	1.404535	0.614699	0.498015	0.611659	-0.678434	0.729378	0.087944	-0.402334	-0.469029	0.786218
51234	6.819858	7.081068	10.737300	-0.557572	-2.126048	1.614596	0.594967	0.499669	0.629559	-0.685878	0.723987	0.073577	-0.419029	-0.475576	0.773461
51235	7.060680	3.886109	10.578315	-1.199999	-2.049720	1.787305	0.573892	0.502737	0.646454	-0.691092	0.720825	0.052946	-0.439362	-0.477144	0.761114
51236	4.484727	1.056580	8.767640	-0.916944	-1.743678	1.858406	0.553201	0.507711	0.660453	-0.697431	0.715851	0.033876	-0.455587	-0.479361	0.750103
51237	5.247239	1.012170	9.628988	-0.778597	-2.129274	1.766778	0.530945	0.510033	0.676730	-0.703396	0.710611	0.016298	-0.472579	-0.484662	0.736051
51238	5.251640	2.017180	11.864920	-0.147029	-1.389765	1.486208	0.513827	0.513729	0.687069	-0.710428	0.703752	0.005094	-0.480909	-0.490730	0.726574
51239	-0.382830	6.567100	11.019510	0.088543	-1.014793	1.083881	0.501229	0.516273	0.694429	-0.716314	0.697776	-0.001736	-0.485452	-0.496559	0.719559
51240	5.658696	3.255872	12.357786	-0.544424	-1.414573	0.560633	0.490283	0.513099	0.704522	-0.716390	0.697635	-0.009541	-0.496395	-0.500035	0.709618
51241	4.571321	3.153922	13.155517	0.670215	-0.017061	-0.115156	0.491063	0.512155	0.704666	-0.719073	0.694923	-0.003972	-0.491723	-0.504756	0.709528
51242	1.710196	4.136762	12.193836	0.594559	0.253881	-0.449326	0.495551	0.510283	0.702880	-0.719733	0.694242	0.003421	-0.486224	-0.507582	0.711300
51243	0.024479	4.027097	11.218054	0.822594	0.721084	-0.616769	0.503509	0.509634	0.697676	-0.720567	0.693251	0.013629	-0.476719	-0.509585	0.716284
51244	-0.380306	3.137779	10.544697	0.622912	0.704333	-0.616655	0.511297	0.508914	0.692519	-0.720353	0.693246	0.022398	-0.468688	-0.510310	0.721052
51245	0.354916	2.022781	10.581955	0.733007	0.885142	-0.618534	0.519925	0.509098	0.685927	-0.720488	0.692730	0.031975	-0.458884	-0.510827	0.726967
51246	1.021129	1.421137	10.928086	0.820218	1.039036	-0.623968	0.529147	0.510052	0.678123	-0.720902	0.691749	0.042227	-0.447553	-0.511205	0.733735
51247	1.558373	1.379285	11.238537	0.947593	1.304008	-0.639971	0.539491	0.512332	0.668181	-0.721710	0.690120	0.053557	-0.433686	-0.511126	0.742069
51248	1.925251	1.317265	11.256742	1.023690	1.546287	-0.669473	0.550925	0.515578	0.656248	-0.722389	0.688365	0.065641	-0.417895	-0.510229	0.751685
51249	2.025078	1.457094	11.196857	1.043010	1.769211	-0.716145	0.563389	0.519655	0.642302	-0.722631	0.686797	0.078196	-0.400496	-0.508202	0.762452
51250	2.196074	1.424094	11.045674	1.005024	1.916682	-0.788495	0.576604	0.523918	0.626927	-0.722040	0.685851	0.090923	-0.382342	-0.505093	0.773754
51251	2.535085	1.388882	11.131873	0.942020	2.024353	-0.886787	0.590573	0.528054	0.610231	-0.720394	0.685757	0.103779	-0.363669	-0.500896	0.785397
51252	3.046447	1.133136	11.122533	0.851894	2.104009	-1.005227	0.605273	0.531602	0.592489	-0.717372	0.686870	0.116566	-0.344996	-0.495589	0.797100
51253	3.753729	1.025815	11.140430	0.794134	2.163165	-1.117186	0.620566	0.534587	0.573686	-0.713166	0.688937	0.129460	-0.326026	-0.489472	0.808780
51254	4.528616	1.057864	11.133786	0.710055	2.220811	-1.220434	0.636285	0.536916	0.553951	-0.707713	0.692057	0.142125	-0.307057	-0.482471	0.820328
51255	5.285980	1.072465	11.102752	0.627612	2.282450	-1.293677	0.652214	0.538889	0.533118	-0.701241	0.696017	0.154343	-0.287886	-0.474509	0.831843
51256	5.808751	1.006167	10.962770	0.505730	2.334834	-1.320236	0.667944	0.540606	0.511464	-0.693903	0.700798	0.165472	-0.268978	-0.465433	0.843222
51257	6.125116	0.641594	10.679801	0.430522	2.366292	-1.323986	0.683244	0.542226	0.489049	-0.686071	0.705988	0.175747	-0.249968	-0.455601	0.854368
51258	6.310968	0.451252	10.375679	0.398423	2.374224	-1.297399	0.697821	0.543694	0.466308	-0.678039	0.711268	0.185365	-0.230888	-0.445527	0.864984
51259	6.455100	0.415283	10.047356	0.390179	2.332437	-1.245018	0.711388	0.545125	0.443582	-0.670136	0.716324	0.194418	-0.211767	-0.435567	0.874892
51260	7.022413	0.583064	10.057180	0.397604	2.268253	-1.187829	0.723911	0.546325	0.421286	-0.662384	0.721124	0.203044	-0.192872	-0.426039	0.883907
51261	8.032404	0.843351	10.297899	0.397265	2.240854	-1.146697	0.735592	0.547471	0.398973	-0.654719	0.725758	0.211229	-0.173917	-0.416594	0.892302
51262	9.199641	0.971834	10.453918	0.445674	2.342203	-1.144583	0.746898	0.548748	0.375524	-0.646934	0.730227	0.219647	-0.153687	-0.406994	0.900409
51263	8.571222	1.521769	9.967830	0.451240	2.509638	-1.140756	0.757830	0.550504	0.350200	-0.638989	0.734697	0.227846	-0.131861	-0.396442	0.908541
51264	7.312484	1.214054	9.016217	0.345626	2.517435	-1.096348	0.767863	0.552225	0.324706	-0.631014	0.739421	0.234688	-0.110494	-0.385102	0.916236
51265	6.162284	0.483179	8.061495	0.311807	2.356476	-1.032442	0.776720	0.553511	0.300551	-0.623331	0.743979	0.240734	-0.090355	-0.374326	0.922885
51266	5.888376	-0.281458	7.477884	0.374156	2.114349	-0.962625	0.784418	0.554116	0.278647	-0.616090	0.747956	0.246971	-0.071565	-0.365400	0.928095
51267	6.072047	-0.454393	7.209923	0.528107	1.898133	-0.877697	0.790988	0.554412	0.258774	-0.609497	0.750931	0.254197	-0.053391	-0.358789	0.931890
51268	6.708175	-0.250500	7.402625	0.634790	1.684526	-0.772547	0.796450	0.554574	0.241072	-0.603620	0.752980	0.262037	-0.036204	-0.354215	0.934463
51269	8.425042	-0.283300	7.832739	0.752726	1.631806	-0.672585	0.800962	0.555246	0.223967	-0.598424	0.754100	0.270595	-0.018647	-0.350763	0.936279
51270	8.623492	0.063644	7.520109	0.815966	1.782504	-0.555764	0.804459	0.557239	0.205746	-0.594008	0.754373	0.279419	0.000494	-0.346996	0.937867
51271	7.499096	-0.096261	6.451769	0.735988	1.818993	-0.374459	0.806494	0.560696	0.187583	-0.590921	0.753941	0.287028	0.019509	-0.342333	0.939376
51272	6.486157	-0.658929	5.089762	0.697607	1.682248	-0.140938	0.806870	0.565324	0.171373	-0.589558	0.752390	0.293820	0.037164	-0.338109	0.940373
51273	6.503017	-0.972325	4.152989	0.701377	1.396250	0.098653	0.805680	0.570750	0.158509	-0.590017	0.749503	0.300209	0.052541	-0.335395	0.940611
51274	7.116477	-0.748278	3.645386	0.747430	1.135982	0.287097	0.803332	0.576667	0.148708	-0.591856	0.745381	0.306778	0.066064	-0.334458	0.940092
51275	7.361105	-0.085082	3.276568	0.733898	0.930567	0.398492	0.800307	0.582735	0.141168	-0.594512	0.740642	0.313058	0.077875	-0.334469	0.939184
51276	7.790738	0.487115	3.166590	0.624903	0.675370	0.435157	0.797180	0.588176	0.136212	-0.597447	0.736031	0.318301	0.086961	-0.335123	0.938153
51277	7.770182	0.732369	2.771261	0.456349	0.502825	0.412133	0.794279	0.592863	0.132793	-0.600288	0.732108	0.321983	0.093673	-0.335458	0.937386
51278	7.346473	0.766176	2.321325	0.228205	0.211070	0.370366	0.791874	0.596244	0.132020	-0.602983	0.729169	0.323612	0.096687	-0.335865	0.936934
51279	7.540359	0.745190	2.173841	0.021882	-0.146468	0.353472	0.789913	0.598276	0.134548	-0.605722	0.727040	0.323286	0.095592	-0.336866	0.936687
51280	8.045996	0.616786	2.418805	-0.207766	-0.467821	0.359841	0.788187	0.599278	0.140098	-0.608730	0.725616	0.320826	0.090606	-0.338153	0.936719
51281	8.800891	0.521233	2.996278	-0.372583	-0.740508	0.389057	0.786479	0.599549	0.148296	-0.612089	0.724585	0.316739	0.082447	-0.339879	0.936848
51282	-5.336799	-2.055089	11.418260	-0.534230	-0.456679	0.659756	0.782806	0.602740	0.154656	-0.617662	0.722461	0.310713	0.075546	-0.338754	0.937837
51283	-1.789691	6.814062	17.514538	0.896388	-0.996666	0.667643	0.779434	0.604067	0.166089	-0.622185	0.715380	0.317990	0.073270	-0.351190	0.933433
51284	-2.294079	7.381875	16.163948	-0.598866	-0.655815	1.002321	0.773632	0.608882	0.175374	-0.630355	0.711434	0.310668	0.064394	-0.350891	0.934200
51285	-4.709693	5.591548	7.824811	-0.222456	-0.623094	1.278119	0.765904	0.615725	0.185133	-0.640320	0.704413	0.306257	0.058160	-0.353107	0.933773
51286	-2.341846	2.689687	4.344400	-1.079974	-2.117514	1.544468	0.756929	0.618993	0.209536	-0.652558	0.698752	0.293111	0.035020	-0.358599	0.932835
51287	5.032799	2.409780	7.744545	-0.281113	-2.206703	1.204641	0.749591	0.619314	0.233586	-0.661695	0.692343	0.287786	0.016509	-0.370285	0.928772
51288	4.516545	5.862794	8.885003	-0.412292	-1.825207	0.773826	0.744624	0.617791	0.252724	-0.667485	0.689132	0.282067	0.000098	-0.378723	0.925510
51289	1.196449	5.324063	8.659973	-0.444008	-1.809951	0.402746	0.741805	0.613615	0.270558	-0.670416	0.688385	0.276891	-0.016343	-0.386786	0.922025
51290	0.781233	4.840106	9.070349	-0.290503	-2.325965	0.073786	0.740730	0.604952	0.292152	-0.670861	0.689108	0.274000	-0.035568	-0.398953	0.916281
51291	4.881730	2.998146	10.136052	-0.276279	-2.489376	-0.138402	0.740539	0.593884	0.314490	-0.669687	0.691085	0.271883	-0.055872	-0.411950	0.909492
51292	6.318274	-0.409011	10.650602	-0.263751	-2.371054	-0.175210	0.740179	0.582726	0.335508	-0.668189	0.693250	0.270051	-0.075225	-0.424069	0.902500
51293	6.529536	-4.043178	10.778394	0.035644	-2.288190	-0.098742	0.738937	0.572165	0.355807	-0.667472	0.693691	0.270692	-0.091940	-0.437516	0.894498
51294	6.899499	-2.944243	11.360307	0.593909	-2.225992	-0.010387	0.736842	0.562133	0.375593	-0.667950	0.691133	0.276003	-0.104434	-0.454248	0.884733
51295	9.710878	4.822597	13.066287	0.587555	-2.105897	0.194416	0.733199	0.553764	0.394670	-0.670051	0.687314	0.280413	-0.115980	-0.470048	0.874988
51296	9.387084	7.120714	10.166329	-0.106302	-1.532690	0.295044	0.729371	0.548492	0.408870	-0.672050	0.686223	0.278292	-0.127935	-0.477760	0.869125
51297	6.235941	8.477922	8.958422	-0.262299	-1.546739	0.290624	0.725348	0.543019	0.423085	-0.673789	0.685931	0.274786	-0.140993	-0.484385	0.863419
51298	8.774299	4.957069	9.939707	-0.844802	-1.290296	0.447618	0.720431	0.539801	0.435424	-0.675741	0.687636	0.265577	-0.156054	-0.485564	0.860160
51299	7.300212	1.652676	8.753895	-0.770094	-0.974660	0.556070	0.715107	0.538857	0.445258	-0.678451	0.688411	0.256502	-0.168303	-0.485513	0.857876
51300	6.853363	2.714461	9.085752	-0.517943	-0.851915	0.598308	0.709583	0.538799	0.454080	-0.681787	0.687736	0.249369	-0.177928	-0.486534	0.855352
51301	6.315821	3.465798	8.777128	-0.657531	-0.683723	0.627140	0.704067	0.539754	0.461471	-0.684992	0.687579	0.240875	-0.187285	-0.485696	0.853829
51302	6.329880	2.219073	9.070237	-0.698268	-0.630159	0.635197	0.698517	0.541030	0.468360	-0.688077	0.687565	0.231959	-0.196531	-0.484295	0.852546
51303	6.501022	0.567906	9.385063	-0.663151	-0.483761	0.575915	0.693601	0.542611	0.473805	-0.690721	0.687685	0.223592	-0.204505	-0.482351	0.851772
