// General information: 
//  MT Manager version: 2022.2.0 
//  XDA version: 2022.2.0 build 7381 rev 124627 built on 2023-07-19
// Device information: 
//  DeviceId: 00B4CAF0
//  ProductCode: MTW2-3A7G6
//  Firmware Version: 4.6.0
//  Hardware Version: 2.0.0
// Device settings: 
//  Filter Profile: human(46.1)
//  Option Flags: Orientation Smoother Disabled, Position/Velocity Smoother Disabled, Continuous Zero Rotation Update Disabled, AHS Disabled, ICC Disabled
// Coordinate system: ENU
PacketCounter	Acc_X	Acc_Y	Acc_Z	Gyr_X	Gyr_Y	Gyr_Z	Mat[1][1]	Mat[2][1]	Mat[3][1]	Mat[1][2]	Mat[2][2]	Mat[3][2]	Mat[1][3]	Mat[2][3]	Mat[3][3]
05255	5.893614	2.123177	7.960029	0.007492	0.007665	-0.005234	-0.746977	-0.316697	0.584575	0.516827	-0.829703	0.210911	0.418229	0.459670	0.783446
05256	5.908601	2.142507	7.957180	0.006915	0.006220	-0.003691	-0.747018	-0.316670	0.584538	0.516816	-0.829688	0.210993	0.418169	0.459714	0.783452
05257	5.897334	2.159605	8.001988	0.002859	0.004142	0.001566	-0.746968	-0.316759	0.584553	0.516894	-0.829655	0.210935	0.418162	0.459713	0.783457
05258	5.922694	2.105647	8.001884	0.002168	0.005446	0.003687	-0.746968	-0.316790	0.584537	0.516919	-0.829639	0.210936	0.418132	0.459721	0.783468
05259	5.874007	2.138171	7.951446	0.003732	0.002293	0.002024	-0.746993	-0.316758	0.584522	0.516891	-0.829648	0.210969	0.418121	0.459726	0.783471
05260	5.888674	2.100704	7.995887	-0.003014	0.003557	0.002747	-0.746990	-0.316772	0.584518	0.516887	-0.829659	0.210936	0.418132	0.459696	0.783482
05261	5.933036	2.088771	7.957704	0.001633	-0.000949	0.001495	-0.746987	-0.316697	0.584562	0.516837	-0.829688	0.210945	0.418198	0.459697	0.783447
05262	5.897164	2.115981	7.938808	0.000760	0.000899	0.001036	-0.746982	-0.316685	0.584576	0.516836	-0.829687	0.210951	0.418210	0.459707	0.783435
05263	5.925176	2.129090	7.967588	-0.000803	0.004052	0.002698	-0.747030	-0.316580	0.584571	0.516736	-0.829740	0.210989	0.418247	0.459684	0.783429
05264	5.909488	2.110529	7.970748	0.004027	-0.000999	0.004027	-0.747001	-0.316584	0.584606	0.516770	-0.829714	0.211003	0.418256	0.459727	0.783399
05265	5.937689	2.123790	7.999347	0.001521	0.001798	0.002073	-0.746969	-0.316694	0.584587	0.516852	-0.829677	0.210949	0.418213	0.459717	0.783427
05266	5.901458	2.051646	7.964176	-0.000112	0.002748	0.000577	-0.746973	-0.316687	0.584586	0.516844	-0.829682	0.210951	0.418215	0.459714	0.783428
05267	5.960763	2.102093	7.986641	0.005873	0.000583	-0.001181	-0.746974	-0.316568	0.584649	0.516780	-0.829708	0.211003	0.418291	0.459749	0.783367
05268	5.891184	2.124928	7.961360	0.006634	0.001482	-0.000145	-0.746977	-0.316548	0.584656	0.516795	-0.829684	0.211062	0.418268	0.459806	0.783346
05269	5.942505	2.116544	7.977207	-0.000295	0.003292	-0.002003	-0.746993	-0.316555	0.584632	0.516781	-0.829696	0.211052	0.418257	0.459781	0.783366
05270	5.890754	2.125539	7.961515	0.003480	0.000633	-0.003713	-0.747011	-0.316502	0.584638	0.516755	-0.829697	0.211107	0.418257	0.459814	0.783347
05271	5.924250	2.130683	7.967850	0.000760	0.000899	0.001036	-0.746998	-0.316557	0.584625	0.516789	-0.829685	0.211072	0.418238	0.459798	0.783366
05272	5.924082	2.130840	7.967933	0.004311	0.003736	0.000481	-0.747007	-0.316553	0.584615	0.516799	-0.829670	0.211109	0.418211	0.459828	0.783363
05273	5.936958	2.082141	7.936077	-0.000803	0.004052	0.002698	-0.747001	-0.316625	0.584584	0.516837	-0.829656	0.211070	0.418174	0.459804	0.783397
05274	5.917842	2.040193	7.974226	0.008551	0.005267	-0.002195	-0.747030	-0.316606	0.584557	0.516844	-0.829630	0.211156	0.418112	0.459865	0.783394
05275	5.928323	2.123726	7.946189	0.009130	0.006710	-0.003739	-0.747041	-0.316587	0.584554	0.516843	-0.829620	0.211196	0.418096	0.459894	0.783386
05276	5.930040	2.092504	7.958957	0.006919	0.006215	-0.003691	-0.747081	-0.316560	0.584516	0.516832	-0.829606	0.211278	0.418036	0.459938	0.783392
05277	5.916357	2.142047	7.991168	0.008553	0.005266	-0.002196	-0.747199	-0.316450	0.584426	0.516739	-0.829621	0.211445	0.417941	0.459987	0.783414
05278	5.921397	2.134543	7.968938	0.009426	0.003417	-0.001736	-0.747218	-0.316426	0.584414	0.516754	-0.829590	0.211535	0.417889	0.460061	0.783398
05279	5.910714	2.108344	7.949938	0.004778	0.007924	-0.000487	-0.747251	-0.316438	0.584365	0.516751	-0.829583	0.211566	0.417832	0.460064	0.783427
05280	5.899319	2.125547	7.994781	0.006342	0.004771	-0.002148	-0.747278	-0.316417	0.584342	0.516749	-0.829567	0.211634	0.417786	0.460108	0.783425
05281	5.919878	2.136217	7.969618	0.004018	0.007024	-0.001524	-0.747364	-0.316277	0.584309	0.516624	-0.829621	0.211730	0.417789	0.460107	0.783424
05282	5.898318	2.126502	7.995266	0.004130	0.004277	-0.002100	-0.747388	-0.316254	0.584289	0.516612	-0.829615	0.211781	0.417758	0.460134	0.783425
05283	5.903387	2.118522	7.973148	0.001918	0.003783	-0.002052	-0.747443	-0.316170	0.584266	0.516529	-0.829654	0.211829	0.417765	0.460120	0.783430
05284	5.906252	2.142637	7.938379	0.004243	0.001530	-0.002676	-0.747459	-0.316129	0.584267	0.516514	-0.829650	0.211884	0.417754	0.460156	0.783414
05285	5.918478	2.137803	7.970232	0.005833	0.005532	0.002552	-0.747468	-0.316219	0.584206	0.516583	-0.829602	0.211900	0.417652	0.460179	0.783455
05286	5.913499	2.102777	7.928883	0.000760	0.000899	0.001036	-0.747463	-0.316207	0.584220	0.516581	-0.829602	0.211906	0.417664	0.460189	0.783443
05287	5.900110	2.151430	7.961071	0.000717	0.005850	0.004768	-0.747458	-0.316360	0.584143	0.516673	-0.829558	0.211853	0.417559	0.460162	0.783514
05288	5.914712	2.113939	8.005602	0.002463	0.002155	0.005688	-0.747434	-0.316391	0.584157	0.516713	-0.829535	0.211845	0.417553	0.460182	0.783506
05289	5.912535	2.145825	7.992983	0.001996	-0.002034	0.006657	-0.747408	-0.316381	0.584196	0.516721	-0.829534	0.211833	0.417590	0.460192	0.783481
05290	5.911202	2.133951	7.916544	-0.000908	-0.001223	0.008824	-0.747353	-0.316424	0.584242	0.516770	-0.829516	0.211781	0.417626	0.460194	0.783460
05291	5.895089	2.158653	7.983357	0.003336	0.000306	0.006149	-0.747345	-0.316578	0.584169	0.516886	-0.829448	0.211767	0.417497	0.460211	0.783519
05292	5.962191	2.068748	7.979763	-0.001779	0.000625	0.008364	-0.747301	-0.316625	0.584200	0.516928	-0.829436	0.211710	0.417524	0.460201	0.783511
05293	5.923160	2.072333	7.995672	0.010301	0.001565	-0.001275	-0.747283	-0.316683	0.584192	0.517006	-0.829379	0.211744	0.417461	0.460263	0.783508
05294	5.917999	2.136729	7.970876	-0.002770	0.013241	0.002926	-0.747319	-0.316744	0.584112	0.517003	-0.829389	0.211711	0.417398	0.460204	0.783576
05295	5.925236	2.096577	7.961463	0.011173	-0.000284	-0.000814	-0.747382	-0.316560	0.584132	0.516897	-0.829415	0.211869	0.417419	0.460283	0.783519
05296	5.932777	2.156069	7.968179	0.004851	0.010124	0.002666	-0.747407	-0.316604	0.584076	0.516924	-0.829391	0.211898	0.417340	0.460297	0.783552
05297	5.916437	2.137905	7.971720	0.004782	0.007920	-0.000489	-0.747443	-0.316573	0.584046	0.516892	-0.829401	0.211938	0.417315	0.460300	0.783564
05298	5.921263	2.129889	7.949803	0.005724	0.008275	0.003127	-0.747458	-0.316612	0.584006	0.516926	-0.829371	0.211971	0.417245	0.460327	0.783585
05299	5.897388	2.151947	7.962948	0.002932	0.006341	0.004719	-0.747444	-0.316642	0.584008	0.516937	-0.829375	0.211926	0.417257	0.460298	0.783596
05300	5.932640	2.124683	7.982384	0.002710	0.011833	0.005869	-0.747459	-0.316720	0.583946	0.516979	-0.829351	0.211919	0.417177	0.460289	0.783644
05301	5.952928	2.134850	7.957585	0.005615	0.011019	0.003702	-0.747461	-0.316831	0.583884	0.517051	-0.829312	0.211898	0.417086	0.460283	0.783696
05302	5.938629	2.084508	7.973921	0.006266	0.014663	0.005312	-0.747491	-0.316918	0.583798	0.517104	-0.829273	0.211922	0.416966	0.460294	0.783753
05303	5.917341	2.130777	7.952485	0.011894	0.013578	-0.001601	-0.747597	-0.316863	0.583693	0.517047	-0.829273	0.212058	0.416847	0.460331	0.783795
05304	5.926246	2.158260	7.972445	0.004344	0.018898	0.001808	-0.747662	-0.316939	0.583567	0.517066	-0.829254	0.212088	0.416706	0.460312	0.783880
05305	5.873487	2.167172	7.957433	0.006268	0.014659	0.005311	-0.747667	-0.317084	0.583483	0.517156	-0.829205	0.212059	0.416587	0.460301	0.783951
05306	5.902844	2.148191	7.999508	-0.001062	0.014489	0.007570	-0.747684	-0.317188	0.583404	0.517195	-0.829192	0.212012	0.416506	0.460252	0.784022
05307	5.909476	2.107294	7.990769	0.000281	0.016826	0.007061	-0.747654	-0.317445	0.583303	0.517351	-0.829126	0.211892	0.416368	0.460194	0.784129
05308	5.867594	2.141876	7.807521	-0.023345	0.009250	0.017894	-0.747596	-0.317611	0.583287	0.517375	-0.829183	0.211610	0.416442	0.459977	0.784218
05309	6.000304	2.058300	8.193276	-0.012381	0.022463	0.012679	-0.747532	-0.317920	0.583200	0.517508	-0.829173	0.211322	0.416390	0.459781	0.784360
05310	5.853314	2.100261	7.901996	0.014768	0.017701	-0.000031	-0.747602	-0.317977	0.583079	0.517557	-0.829112	0.211443	0.416204	0.459852	0.784417
05311	5.966352	2.121082	8.030575	-0.010524	0.024036	0.007469	-0.747746	-0.317919	0.582927	0.517384	-0.829224	0.211426	0.416161	0.459690	0.784535
05312	5.846837	2.075812	7.939450	0.002975	0.021490	0.006046	-0.747800	-0.318043	0.582789	0.517429	-0.829198	0.211420	0.416007	0.459652	0.784639
05313	5.882357	2.059921	8.036130	-0.002675	0.023439	0.000513	-0.747815	-0.318206	0.582682	0.517475	-0.829200	0.211297	0.415924	0.459535	0.784752
05314	5.897321	2.134861	7.986687	0.015872	0.018373	-0.006269	-0.747920	-0.318213	0.582543	0.517481	-0.829154	0.211464	0.415727	0.459613	0.784810
05315	5.833262	2.161514	8.016096	0.007850	0.019505	-0.001899	-0.747992	-0.318324	0.582389	0.517522	-0.829120	0.211497	0.415546	0.459597	0.784915
05316	5.731422	2.147502	7.997382	0.008707	0.009647	0.004122	-0.748007	-0.318377	0.582341	0.517576	-0.829074	0.211547	0.415452	0.459644	0.784938
05317	5.843118	2.245253	7.988493	0.007618	-0.003118	-0.000245	-0.748033	-0.318362	0.582316	0.517586	-0.829047	0.211627	0.415394	0.459702	0.784934
05318	5.889977	2.101964	7.946587	-0.004834	-0.002962	0.004214	-0.747995	-0.318359	0.582367	0.517584	-0.829062	0.211570	0.415464	0.459677	0.784912
05319	5.869149	2.091526	7.971762	0.002676	-0.003338	0.004543	-0.747970	-0.318399	0.582377	0.517634	-0.829032	0.211566	0.415447	0.459703	0.784906
05320	5.867341	2.123628	7.958838	0.002607	-0.005538	0.001389	-0.747936	-0.318361	0.582442	0.517643	-0.829023	0.211584	0.415497	0.459748	0.784853
05321	5.872373	2.059825	7.983540	0.005621	-0.009095	-0.001347	-0.747909	-0.318292	0.582514	0.517647	-0.829004	0.211646	0.415541	0.459828	0.784783
05322	5.912486	2.156122	7.983233	0.003516	-0.012329	-0.001875	-0.747864	-0.318195	0.582625	0.517634	-0.829001	0.211690	0.415638	0.459902	0.784688
05323	5.962314	2.080572	7.969644	0.005622	-0.009096	-0.001347	-0.747830	-0.318017	0.582766	0.517554	-0.829039	0.211739	0.415799	0.459957	0.784570
05324	5.897860	2.039504	7.968836	0.008133	-0.003881	-0.004945	-0.747835	-0.317933	0.582804	0.517538	-0.829024	0.211836	0.415809	0.460042	0.784515
05325	5.895958	2.172370	7.971968	0.017502	-0.002684	-0.009825	-0.747924	-0.317658	0.582841	0.517396	-0.829045	0.212099	0.415826	0.460193	0.784417
05326	5.913646	2.160152	7.981284	0.004655	0.003503	-0.006797	-0.747970	-0.317593	0.582817	0.517352	-0.829052	0.212180	0.415799	0.460226	0.784413
05327	5.880134	2.156352	7.974508	0.012780	-0.008390	-0.006182	-0.748036	-0.317455	0.582807	0.517299	-0.829033	0.212383	0.415744	0.460356	0.784365
05328	5.898382	2.143926	7.983474	0.008896	-0.002986	-0.003909	-0.748041	-0.317383	0.582840	0.517294	-0.829011	0.212482	0.415743	0.460445	0.784314
05329	5.862842	2.171721	7.964040	0.005585	-0.004152	0.002380	-0.747991	-0.317353	0.582921	0.517309	-0.829003	0.212474	0.415815	0.460478	0.784256
05330	5.927970	2.114582	7.947691	0.005516	-0.006355	-0.000774	-0.747965	-0.317292	0.582988	0.517313	-0.828987	0.212527	0.415856	0.460550	0.784192
05331	5.917429	2.131755	7.991784	0.005585	-0.004152	0.002380	-0.747978	-0.317255	0.582991	0.517315	-0.828966	0.212605	0.415830	0.460614	0.784169
05332	5.879801	2.191036	7.959754	0.002858	-0.003879	0.007124	-0.747922	-0.317270	0.583055	0.517367	-0.828937	0.212592	0.415866	0.460655	0.784125
05333	5.957407	2.128377	7.975235	0.006456	-0.006000	0.002843	-0.747840	-0.317298	0.583144	0.517439	-0.828899	0.212561	0.415922	0.460703	0.784067
05334	5.910980	2.073413	7.984008	0.007148	-0.007305	0.000725	-0.747803	-0.317245	0.583220	0.517461	-0.828871	0.212619	0.415962	0.460791	0.783994
05335	5.934723	2.151305	7.987182	0.006534	0.004213	0.000433	-0.747891	-0.317213	0.583126	0.517419	-0.828871	0.212723	0.415858	0.460814	0.784037
05336	5.906383	2.138454	7.958568	0.005951	0.002774	0.001979	-0.747889	-0.317217	0.583126	0.517445	-0.828844	0.212764	0.415828	0.460859	0.784025
05337	5.908364	2.106740	7.971312	0.005081	0.004620	0.001515	-0.747896	-0.317169	0.583142	0.517414	-0.828858	0.212784	0.415854	0.460867	0.784007
05338	5.884723	2.129150	7.984107	0.007405	0.002365	0.000897	-0.747898	-0.317162	0.583144	0.517438	-0.828828	0.212843	0.415820	0.460926	0.783991
05339	5.900319	2.148085	7.980925	0.006061	0.000029	0.001407	-0.747981	-0.317002	0.583125	0.517315	-0.828872	0.212969	0.415824	0.460956	0.783970
05340	5.908028	2.107765	7.971290	0.002463	0.002151	0.005687	-0.747957	-0.317033	0.583138	0.517354	-0.828850	0.212962	0.415818	0.460975	0.783963
05341	5.893267	2.145192	7.926871	0.007405	0.002364	0.000897	-0.748028	-0.316970	0.583081	0.517310	-0.828846	0.213081	0.415745	0.461025	0.783972
05342	5.915551	2.167105	7.977987	0.000544	0.006386	0.002179	-0.748041	-0.316991	0.583054	0.517315	-0.828844	0.213079	0.415716	0.461014	0.783993
05343	5.896163	2.124845	8.016390	0.002246	0.007639	0.006830	-0.748051	-0.317078	0.582994	0.517357	-0.828825	0.213051	0.415646	0.460989	0.784046
05344	5.858101	2.183678	7.984776	0.000713	-0.002164	0.010323	-0.747986	-0.317128	0.583050	0.517423	-0.828796	0.213002	0.415681	0.461006	0.784017
05345	5.878661	2.137315	8.006851	-0.003716	-0.003142	0.010415	-0.747951	-0.317137	0.583090	0.517423	-0.828814	0.212933	0.415744	0.460967	0.784006
05346	5.888039	2.151683	7.949455	-0.001976	-0.006837	0.011343	-0.747861	-0.317174	0.583185	0.517486	-0.828795	0.212857	0.415828	0.460978	0.783956
05347	5.893382	2.086603	7.974352	-0.005535	-0.009662	0.011899	-0.747803	-0.317052	0.583325	0.517402	-0.828866	0.212783	0.416035	0.460933	0.783872
05348	5.894308	2.085619	7.973925	-0.002736	-0.007736	0.010307	-0.747715	-0.317075	0.583425	0.517453	-0.828853	0.212708	0.416130	0.460940	0.783818
05349	5.903484	2.144055	7.979668	0.004339	-0.017249	0.007880	-0.747611	-0.317004	0.583598	0.517477	-0.828842	0.212691	0.416287	0.461008	0.783694
05350	5.906939	2.111533	7.991525	-0.004259	-0.009531	0.008236	-0.747526	-0.317002	0.583707	0.517507	-0.828843	0.212616	0.416403	0.461008	0.783633
05351	5.928975	2.120749	7.965714	-0.002734	-0.007738	0.010307	-0.747454	-0.316943	0.583832	0.517481	-0.828880	0.212536	0.416565	0.460983	0.783561
05352	5.900911	2.150405	8.000339	-0.002151	-0.006299	0.008761	-0.747380	-0.316960	0.583918	0.517523	-0.828870	0.212475	0.416646	0.460990	0.783514
05353	5.879030	2.128080	7.949017	-0.001280	-0.008148	0.009224	-0.747270	-0.317035	0.584018	0.517607	-0.828848	0.212354	0.416739	0.460977	0.783472
05354	5.798748	2.110518	8.015132	-0.009088	-0.012492	0.012455	-0.747151	-0.317054	0.584160	0.517648	-0.828858	0.212216	0.416902	0.460946	0.783404
05355	5.894248	2.120567	7.979364	-0.005573	-0.024834	0.010582	-0.747038	-0.316873	0.584402	0.517568	-0.828925	0.212147	0.417202	0.460950	0.783242
05356	5.925605	2.188368	7.959171	-0.003102	-0.022691	0.016266	-0.746857	-0.316876	0.584632	0.517662	-0.828895	0.212034	0.417410	0.461001	0.783101
05357	5.904046	2.109797	7.954506	-0.007020	-0.024432	0.011663	-0.746749	-0.316888	0.584764	0.517725	-0.828873	0.211967	0.417526	0.461032	0.783021
05358	5.888477	2.122230	7.943587	-0.001355	-0.026398	0.017189	-0.746547	-0.316882	0.585024	0.517833	-0.828833	0.211862	0.417752	0.461110	0.782854
05359	5.905285	2.270797	7.942177	-0.002117	-0.035321	0.021711	-0.746306	-0.316805	0.585374	0.517903	-0.828823	0.211726	0.418096	0.461179	0.782630
05360	5.910347	2.137236	7.936788	-0.012847	-0.033910	0.030836	-0.746002	-0.316877	0.585722	0.518065	-0.828793	0.211451	0.418438	0.461185	0.782444
05361	5.888561	2.188775	7.934880	-0.004059	-0.042199	0.033043	-0.745664	-0.317047	0.586060	0.518352	-0.828671	0.211221	0.418684	0.461286	0.782252
05362	5.851413	2.264971	7.999419	-0.014775	-0.048825	0.047726	-0.745209	-0.317191	0.586560	0.518632	-0.828596	0.210833	0.419147	0.461323	0.781982
05363	5.821610	2.244309	7.913943	-0.015724	-0.060318	0.058943	-0.744750	-0.317293	0.587089	0.518896	-0.828523	0.210467	0.419637	0.461383	0.781684
05364	5.757602	2.436109	7.952426	-0.031381	-0.082386	0.077090	-0.744001	-0.317525	0.587912	0.519323	-0.828431	0.209776	0.420435	0.461390	0.781252
05365	5.682246	2.432042	7.925944	-0.047776	-0.108497	0.103471	-0.743006	-0.317798	0.589022	0.519826	-0.828365	0.208788	0.421573	0.461319	0.780680
05366	5.709426	2.571465	7.920609	-0.056366	-0.142435	0.115980	-0.741799	-0.318074	0.590392	0.520434	-0.828264	0.207671	0.422946	0.461310	0.779942
05367	6.153832	1.965209	7.944289	-0.120147	-0.138416	0.147386	-0.740469	-0.318518	0.591821	0.520896	-0.828423	0.205871	0.424704	0.460718	0.779336
05368	6.202100	1.505425	7.979272	-0.043267	-0.130725	0.104832	-0.739364	-0.318757	0.593072	0.521472	-0.828296	0.204920	0.425919	0.460781	0.778636
05369	6.118729	2.078378	7.865796	-0.058042	-0.109497	0.099467	-0.738389	-0.319024	0.594142	0.521911	-0.828276	0.203880	0.427071	0.460633	0.778092
05370	6.056924	2.110047	7.934791	-0.062475	-0.097939	0.107604	-0.737406	-0.319437	0.595140	0.522423	-0.828228	0.202761	0.428143	0.460433	0.777622
05371	5.992165	2.217600	7.867963	-0.070684	-0.111997	0.117886	-0.736272	-0.319948	0.596269	0.523024	-0.828170	0.201448	0.429359	0.460183	0.777098
05372	6.119229	2.179078	7.925414	-0.095517	-0.101357	0.131820	-0.735144	-0.320546	0.597338	0.523568	-0.828195	0.199926	0.430627	0.459721	0.776670
05373	6.277588	2.086641	8.037245	-0.101646	-0.073056	0.137298	-0.734110	-0.321285	0.598213	0.524083	-0.828259	0.198303	0.431763	0.459089	0.776413
05374	6.312360	2.128151	7.940325	-0.087246	-0.046607	0.136406	-0.733191	-0.322174	0.598861	0.524692	-0.828228	0.196816	0.432585	0.458521	0.776291
05375	6.582584	2.221393	7.854154	-0.132495	0.032982	0.160980	-0.732514	-0.323570	0.598938	0.525217	-0.828363	0.194836	0.433095	0.457292	0.776732
05376	5.907973	2.334088	7.686611	-0.160227	0.066429	0.209785	-0.731696	-0.325584	0.598845	0.526043	-0.828422	0.192342	0.433473	0.455754	0.777425
05377	5.910315	2.539426	7.529123	-0.214062	0.041904	0.249067	-0.730575	-0.327811	0.599000	0.526912	-0.828595	0.189192	0.434309	0.453839	0.778078
05378	5.696076	2.135751	7.915515	-0.312121	0.030979	0.299781	-0.729126	-0.330409	0.599337	0.527727	-0.829029	0.184973	0.435751	0.451155	0.778832
05379	5.971116	1.844083	7.860003	-0.311256	-0.022362	0.291857	-0.727488	-0.332651	0.600088	0.528426	-0.829508	0.180785	0.437639	0.448621	0.779238
05380	6.213578	1.154981	8.228003	-0.327163	-0.014822	0.263905	-0.726025	-0.334747	0.600693	0.528894	-0.830099	0.176658	0.439498	0.445960	0.779718
05381	6.413018	0.896485	7.955781	-0.241222	0.010801	0.191146	-0.725109	-0.336180	0.601000	0.529043	-0.830636	0.173661	0.440830	0.443878	0.780155
05382	6.460650	1.330505	7.807463	-0.181533	0.063659	0.132590	-0.724685	-0.337537	0.600750	0.529188	-0.831001	0.171455	0.441352	0.442160	0.780835
05383	5.886986	1.806822	7.462233	-0.081169	0.063909	0.086750	-0.724464	-0.338533	0.600456	0.529443	-0.831093	0.170220	0.441410	0.441226	0.781331
05384	6.170743	0.489830	7.990305	-0.091927	0.070877	0.054667	-0.724485	-0.339273	0.600013	0.529418	-0.831321	0.169181	0.441405	0.440226	0.781896
05385	6.093286	0.718950	7.975784	0.092968	0.029180	-0.038827	-0.724913	-0.338854	0.599733	0.529347	-0.831153	0.170228	0.440787	0.440867	0.781884
05386	5.945839	1.589646	7.985637	0.078843	0.043050	-0.062820	-0.725433	-0.338494	0.599307	0.529223	-0.831026	0.171228	0.440080	0.441381	0.781992
05387	6.297292	1.440114	7.963515	0.088495	0.054004	-0.067388	-0.726055	-0.337945	0.598863	0.528911	-0.831002	0.172303	0.439428	0.441847	0.782096
05388	6.073784	1.956202	7.607371	0.098942	0.084350	-0.071346	-0.726800	-0.337697	0.598099	0.528811	-0.830815	0.173511	0.438315	0.442389	0.782414
05389	6.158847	1.926768	7.699503	0.033696	0.116888	-0.045262	-0.727546	-0.337877	0.597089	0.528655	-0.830805	0.174030	0.437264	0.442269	0.783070
05390	5.973284	1.352057	7.846786	0.057240	0.117908	-0.037584	-0.728258	-0.338058	0.596119	0.528616	-0.830688	0.174709	0.436126	0.442351	0.783658
05391	6.307377	1.714828	7.883726	0.063976	0.135042	-0.038787	-0.729037	-0.338300	0.595028	0.528572	-0.830571	0.175397	0.434876	0.442386	0.784333
05392	6.012262	1.846985	7.915340	0.038347	0.158275	-0.022944	-0.729843	-0.338782	0.593764	0.528555	-0.830487	0.175841	0.433542	0.442174	0.785191
05393	5.755044	2.268914	8.141463	0.005926	0.126141	0.014621	-0.730355	-0.339305	0.592835	0.528541	-0.830502	0.175815	0.432695	0.441745	0.785898
05394	6.052685	2.083860	8.125161	-0.059635	0.118963	0.048038	-0.730614	-0.340201	0.592002	0.528618	-0.830611	0.175068	0.432165	0.440850	0.786692
05395	6.034604	1.550827	8.106989	-0.062726	0.125712	0.048816	-0.730986	-0.340866	0.591160	0.528434	-0.830883	0.174332	0.431760	0.439823	0.787489
05396	5.913867	1.549250	8.140464	-0.039317	0.117618	0.039221	-0.731284	-0.341680	0.590320	0.528534	-0.830931	0.173797	0.431132	0.439100	0.788236
05397	5.822895	1.756557	8.184773	-0.040440	0.093406	0.042098	-0.731528	-0.342351	0.589629	0.528587	-0.831001	0.173298	0.430654	0.438443	0.788863
05398	5.832839	1.645909	8.257317	-0.063230	0.063191	0.050422	-0.731532	-0.343019	0.589237	0.528667	-0.831115	0.172509	0.430550	0.437706	0.789329
05399	5.875108	1.788320	8.218326	-0.078443	0.037999	0.053039	-0.731434	-0.343580	0.589030	0.528669	-0.831306	0.171581	0.430712	0.436902	0.789686
05400	5.772425	1.724106	8.136872	-0.120883	0.013111	0.069147	-0.731123	-0.344184	0.589064	0.528637	-0.831605	0.170226	0.431279	0.435857	0.789954
05401	5.768586	1.791948	8.214267	-0.130972	-0.028757	0.073142	-0.730688	-0.344519	0.589408	0.528468	-0.831998	0.168823	0.432224	0.434840	0.789998
05402	5.954650	1.792495	8.091892	-0.153920	-0.048185	0.083806	-0.730035	-0.344979	0.589948	0.528397	-0.832387	0.167120	0.433412	0.433730	0.789957
05403	5.898546	1.832706	8.109115	-0.183661	-0.069155	0.101774	-0.729253	-0.345296	0.590729	0.528115	-0.832976	0.165062	0.435068	0.432345	0.789806
05404	5.976918	2.134717	8.037439	-0.220783	-0.090502	0.129160	-0.728175	-0.345953	0.591674	0.528077	-0.833492	0.162562	0.436917	0.430823	0.789617
05405	5.833755	1.914210	8.015855	-0.217256	-0.098987	0.140608	-0.727085	-0.346485	0.592702	0.527946	-0.834057	0.160070	0.438885	0.429299	0.789355
05406	5.844346	1.995983	8.055910	-0.185744	-0.115659	0.147524	-0.725795	-0.347190	0.593869	0.528184	-0.834351	0.157736	0.440730	0.428156	0.788948
05407	5.850100	1.864992	7.956021	-0.194090	-0.118579	0.150113	-0.724552	-0.347770	0.595047	0.528259	-0.834748	0.155366	0.442682	0.426909	0.788531
05408	5.892160	1.712249	7.950292	-0.200719	-0.115020	0.158607	-0.723202	-0.348575	0.596217	0.528499	-0.835061	0.152847	0.444600	0.425639	0.788139
05409	5.982029	1.751749	7.968867	-0.188359	-0.109928	0.155368	-0.721949	-0.349317	0.597300	0.528703	-0.835359	0.150497	0.446388	0.424445	0.787771
05410	5.951334	1.429807	7.951682	-0.188917	-0.097382	0.150156	-0.720718	-0.350129	0.598310	0.528923	-0.835644	0.148119	0.448114	0.423212	0.787455
05411	5.811734	1.385784	8.002043	-0.160417	-0.095342	0.136090	-0.719614	-0.350660	0.599328	0.528972	-0.835984	0.146012	0.449828	0.422100	0.787075
05412	5.997744	1.496868	7.940254	-0.123204	-0.107742	0.125330	-0.718463	-0.351223	0.600377	0.529300	-0.836074	0.144299	0.451279	0.421453	0.786591
05413	6.140962	1.311609	7.862791	-0.131629	-0.094075	0.124550	-0.717449	-0.351667	0.601330	0.529397	-0.836315	0.142536	0.452776	0.420604	0.786185
05414	5.922960	1.147007	7.912299	-0.057882	-0.090472	0.099649	-0.716509	-0.352090	0.602202	0.529831	-0.836218	0.141489	0.453755	0.420443	0.785706
05415	6.165686	1.375491	8.061525	-0.038550	-0.101336	0.097629	-0.715600	-0.352310	0.603154	0.530189	-0.836134	0.140636	0.454770	0.420425	0.785129
05416	6.137942	1.695821	8.017788	-0.092331	-0.089757	0.117567	-0.714566	-0.352885	0.604043	0.530591	-0.836118	0.139210	0.455926	0.419974	0.784700
05417	6.087872	1.723841	7.934626	-0.135518	-0.086356	0.146691	-0.713459	-0.353602	0.604932	0.530875	-0.836254	0.137298	0.457328	0.419100	0.784351
05418	6.138206	1.448088	7.814540	-0.122149	-0.087231	0.155571	-0.712231	-0.354507	0.605848	0.531406	-0.836225	0.135407	0.458623	0.418392	0.783973
05419	6.106607	1.041065	7.903235	-0.114062	-0.086339	0.154333	-0.711102	-0.355304	0.606706	0.531872	-0.836206	0.133686	0.459832	0.417754	0.783604
05420	5.910237	1.210592	8.083855	-0.063002	-0.100196	0.135760	-0.709917	-0.355989	0.607692	0.532527	-0.835997	0.132377	0.460904	0.417589	0.783063
05421	5.902332	1.345123	8.026169	-0.038604	-0.130489	0.126884	-0.708718	-0.356256	0.608934	0.532982	-0.835879	0.131290	0.462222	0.417598	0.782280
05422	6.334954	0.715544	7.884810	-0.019139	-0.179936	0.122851	-0.707228	-0.356500	0.610521	0.533744	-0.835532	0.130400	0.463623	0.418084	0.781191
05423	6.010585	1.223621	8.004605	0.097318	-0.186640	0.091327	-0.705941	-0.356366	0.612087	0.534736	-0.834856	0.130663	0.464441	0.419545	0.779921
05424	6.404104	0.754942	7.931274	0.071115	-0.219572	0.089898	-0.704437	-0.356162	0.613935	0.535681	-0.834248	0.130675	0.465633	0.420925	0.778465
05425	6.228932	1.264534	8.026006	0.123592	-0.228405	0.064072	-0.703146	-0.355520	0.615785	0.536506	-0.833614	0.131337	0.466633	0.422722	0.776891
05426	5.990250	1.293303	7.873225	0.079102	-0.269093	0.068583	-0.701519	-0.354920	0.617982	0.537338	-0.833046	0.131537	0.468123	0.424341	0.775110
05427	6.519635	2.067558	8.087159	0.031122	-0.293094	0.063750	-0.699917	-0.353876	0.620394	0.537566	-0.832926	0.131366	0.470255	0.425448	0.773210
05428	6.203116	1.057328	7.996793	0.055373	-0.326496	0.065861	-0.698023	-0.353000	0.623021	0.538267	-0.832469	0.131393	0.472264	0.427067	0.771090
05429	6.545424	1.378148	8.058000	0.011866	-0.305896	0.059553	-0.696351	-0.351930	0.625493	0.538455	-0.832392	0.131112	0.474513	0.428099	0.769135
05430	6.009177	1.523161	8.331527	0.076912	-0.339894	0.071899	-0.694346	-0.351037	0.628217	0.539300	-0.831821	0.131261	0.476486	0.429938	0.766886
05431	5.888602	1.329682	8.265233	0.145745	-0.487053	0.106291	-0.691562	-0.349515	0.632125	0.540391	-0.831043	0.131701	0.479291	0.432674	0.763592
05432	5.455810	-0.513238	8.462553	0.397155	-0.512726	0.063314	-0.688757	-0.347776	0.636134	0.542713	-0.829106	0.134334	0.480704	0.437762	0.759795
05433	3.410205	1.458700	10.605852	0.519830	-1.176130	0.046057	-0.682915	-0.342700	0.645123	0.545235	-0.826857	0.137935	0.486154	0.445942	0.751525
05434	6.603445	1.472031	8.361046	0.600696	-1.222773	0.050342	-0.676663	-0.337573	0.654348	0.548492	-0.823992	0.142105	0.491207	0.455062	0.742721
05435	6.530115	-0.165509	7.428458	0.854005	-1.371602	0.041033	-0.669862	-0.331080	0.664583	0.552389	-0.820323	0.148110	0.496137	0.466322	0.732388
05436	6.282881	0.696903	8.080528	0.984552	-1.384100	-0.040027	-0.663189	-0.324176	0.674603	0.557004	-0.815813	0.155547	0.499926	0.478914	0.721606
05437	6.445414	1.387649	8.205104	1.067380	-1.535323	-0.117025	-0.656297	-0.315330	0.685450	0.561063	-0.811377	0.163939	0.504463	0.492174	0.709424
05438	6.928257	1.996373	7.946707	0.998926	-1.637905	-0.118629	-0.648659	-0.306165	0.696781	0.565332	-0.806776	0.171792	0.509549	0.505348	0.696407
05439	8.161930	2.762461	7.866356	0.746350	-1.549073	-0.104272	-0.641466	-0.297049	0.707307	0.568053	-0.803580	0.177693	0.515594	0.515772	0.684209
05440	7.852835	3.334758	8.313240	0.332881	-1.322811	0.025008	-0.634459	-0.290347	0.716352	0.569918	-0.801792	0.179789	0.522164	0.522331	0.674178
05441	4.927869	2.723528	10.069944	0.149184	-1.364775	0.210715	-0.626299	-0.284316	0.725888	0.571373	-0.800865	0.179299	0.530361	0.527047	0.664032
05442	0.978171	1.737616	11.784708	0.272320	-2.583219	0.348808	-0.610411	-0.273331	0.743430	0.574971	-0.798458	0.178531	0.544800	0.536428	0.644545
05443	2.990774	-0.327144	8.743669	0.993429	-4.241208	0.334881	-0.585126	-0.252244	0.770714	0.581656	-0.792784	0.182125	0.565070	0.554856	0.610598
05444	6.127589	1.782109	8.218586	1.424963	-5.146910	0.316699	-0.553635	-0.225531	0.801638	0.591640	-0.783965	0.188046	0.586046	0.578390	0.567464
05445	5.486429	1.477938	7.662293	1.429869	-5.749797	0.522946	-0.516256	-0.195036	0.833931	0.601975	-0.775249	0.191349	0.609185	0.600791	0.517634
05446	5.232886	2.309255	8.130814	1.706585	-6.610973	0.821387	-0.470223	-0.160758	0.867783	0.616596	-0.763331	0.192705	0.631427	0.625686	0.458058
05447	6.762204	2.664057	9.001774	1.665977	-7.215948	1.145034	-0.416690	-0.122629	0.900740	0.630994	-0.752291	0.189484	0.654383	0.647317	0.390850
05448	8.386242	2.550632	8.359332	1.362883	-7.531529	1.396824	-0.357686	-0.083572	0.930095	0.645447	-0.741914	0.181555	0.674877	0.665266	0.319314
05449	12.281330	3.202343	9.096572	1.068047	-7.627389	1.530738	-0.295362	-0.043016	0.954416	0.656442	-0.734967	0.170023	0.694151	0.676737	0.245319
05450	14.002559	2.809451	8.142832	0.557360	-7.405968	1.549547	-0.233098	-0.003974	0.972445	0.664434	-0.730824	0.156280	0.710065	0.682554	0.172994
05451	15.177929	3.885255	8.209053	0.651698	-7.274541	1.508995	-0.170771	0.034943	0.984691	0.671469	-0.727250	0.142258	0.721087	0.685483	0.100730
05452	15.883859	3.702016	8.209626	0.452634	-6.975271	1.467562	-0.110316	0.072147	0.991275	0.676797	-0.724942	0.128081	0.727858	0.685021	0.031144
05453	15.245721	4.040654	8.359263	0.896551	-6.823585	1.412125	-0.051071	0.108623	0.992770	0.684222	-0.720307	0.114010	0.727484	0.685098	-0.037535
05454	14.912237	6.070996	11.356898	0.495844	-6.456693	1.360761	0.005199	0.142977	0.989712	0.688125	-0.718640	0.100203	0.725574	0.680525	-0.102122
05455	12.596843	3.821567	12.723724	-0.352706	-6.210400	1.238065	0.058738	0.175770	0.982677	0.684961	-0.723195	0.088414	0.726208	0.667902	-0.162875
05456	12.122956	1.374779	15.033458	-0.444183	-5.761057	0.910407	0.106759	0.207286	0.972438	0.680975	-0.727881	0.080395	0.724483	0.653623	-0.218864
05457	6.039537	3.935117	19.074493	-0.562690	-4.199634	0.051605	0.137460	0.233820	0.962514	0.676570	-0.731891	0.081172	0.723435	0.640050	-0.258802
05458	-4.024258	-2.630863	-1.813081	-0.618379	-5.923556	-0.054767	0.179804	0.271612	0.945461	0.672190	-0.735655	0.083505	0.718214	0.620515	-0.314849
05459	49.120245	20.032276	19.994859	5.017834	-3.088773	-0.196123	0.199982	0.292303	0.935183	0.707307	-0.703564	0.068655	0.678029	0.647732	-0.347448
05460	18.722172	3.409447	22.336585	-1.206645	2.798129	0.051027	0.181173	0.273869	0.944549	0.698938	-0.711524	0.072241	0.691854	0.647093	-0.320326
05461	14.864965	11.752945	17.751842	1.599194	2.580103	-1.625791	0.151851	0.267966	0.951386	0.712271	-0.697023	0.082637	0.685282	0.665096	-0.296708
05462	9.944208	9.452823	12.691129	-1.069797	3.824237	-0.255748	0.123580	0.244320	0.961788	0.705213	-0.703501	0.088095	0.698142	0.667378	-0.259237
05463	3.005455	0.775471	7.266457	-1.078598	4.198019	0.256348	0.095655	0.214007	0.972137	0.696901	-0.711734	0.088109	0.710760	0.669055	-0.217222
05464	4.294131	1.159431	6.909100	-0.888429	4.274918	0.359590	0.067553	0.182829	0.980821	0.690236	-0.718410	0.086375	0.720424	0.671164	-0.174726
05465	7.218894	0.779279	6.577523	-1.261334	4.652262	1.042013	0.040705	0.143653	0.988791	0.680039	-0.729024	0.077919	0.732046	0.669244	-0.127365
05466	5.853671	-2.132726	6.543165	-1.188041	5.118199	1.538858	0.013384	0.098205	0.995076	0.670851	-0.738834	0.063893	0.741471	0.666693	-0.075770
05467	6.476664	-2.335424	7.252841	-0.642447	5.361499	1.549447	-0.016409	0.050536	0.998587	0.665581	-0.744740	0.048626	0.746145	0.665439	-0.021415
05468	7.585066	-1.713728	6.869069	-0.192383	5.717990	1.527520	-0.048907	0.001128	0.998803	0.664626	-0.746430	0.033387	0.745574	0.665463	0.035755
05469	5.713943	-0.108973	5.445729	0.138021	6.036170	1.336949	-0.085227	-0.049444	0.995134	0.665997	-0.745686	0.019988	0.741070	0.664460	0.096482
05470	2.411709	1.191933	3.666670	0.429082	6.026716	1.082678	-0.122393	-0.097474	0.987684	0.670260	-0.742061	0.009825	0.731964	0.663208	0.156156
05471	2.251353	3.906584	3.526405	0.567034	5.565675	0.728999	-0.158334	-0.140098	0.977396	0.674847	-0.737949	0.003546	0.720771	0.660155	0.211387
05472	3.657355	5.777068	4.076533	0.241448	5.317766	0.232400	-0.194811	-0.176702	0.964793	0.676960	-0.736018	0.001890	0.709771	0.653494	0.263004
05473	4.318955	5.956364	4.191719	-0.176128	5.173032	-0.278068	-0.233628	-0.208470	0.949715	0.674581	-0.738191	0.003907	0.700256	0.641572	0.313092
05474	4.377824	5.995974	5.537160	-0.535242	5.111439	-0.760579	-0.274304	-0.235198	0.932437	0.668896	-0.743298	0.009286	0.690895	0.626251	0.361213
05475	5.642133	4.409068	6.162947	-0.756640	4.976663	-1.171591	-0.316737	-0.257380	0.912926	0.659704	-0.751332	0.017060	0.681519	0.607665	0.407769
05476	6.516035	3.263936	6.541808	-0.696728	4.932270	-1.594187	-0.360502	-0.274811	0.891357	0.649565	-0.759773	0.028469	0.669405	0.589257	0.452408
05477	6.690946	3.129330	6.771546	-0.657434	4.901404	-1.816114	-0.405166	-0.289478	0.867204	0.637706	-0.769178	0.041187	0.655111	0.569709	0.496247
05478	6.802774	3.061079	7.053078	-0.696349	4.805376	-1.828878	-0.447825	-0.302188	0.841508	0.625362	-0.778517	0.053231	0.639043	0.550085	0.537616
05479	7.391251	2.589470	7.328332	-0.783146	4.700767	-1.725726	-0.488654	-0.314086	0.813982	0.611774	-0.788520	0.063002	0.622053	0.528759	0.577464
05480	6.617751	1.678789	6.766507	-0.787844	4.497169	-1.543983	-0.525584	-0.325114	0.786169	0.599073	-0.797569	0.070675	0.604047	0.508118	0.613957
05481	6.032354	0.408138	6.733076	-0.525628	4.079927	-1.373269	-0.558499	-0.334452	0.759092	0.587922	-0.805167	0.077809	0.585173	0.489743	0.646316
05482	7.085146	0.054905	7.687584	-0.125515	3.716295	-1.270742	-0.587294	-0.342092	0.733525	0.579878	-0.810102	0.086471	0.564649	0.476139	0.674139
05483	8.152826	0.556854	8.704505	0.239565	3.326044	-1.162201	-0.612919	-0.348247	0.709264	0.573631	-0.813431	0.096317	0.543395	0.465890	0.698332
05484	7.275928	2.377676	9.265794	0.248638	2.867243	-0.943404	-0.633622	-0.353761	0.688024	0.569035	-0.815624	0.104672	0.524140	0.457832	0.718099
05485	19.389899	-1.789405	10.065648	0.752503	2.207886	-0.539612	-0.648546	-0.359319	0.671027	0.568844	-0.814561	0.113609	0.505770	0.455390	0.732677
05486	12.940838	2.719183	18.641300	0.839500	3.790877	-1.229874	-0.674138	-0.366385	0.641327	0.564787	-0.815260	0.127931	0.475976	0.448456	0.756527
05487	11.300072	1.960349	13.232321	0.950814	2.973054	-0.796536	-0.692870	-0.372993	0.617095	0.563135	-0.814416	0.140023	0.450344	0.444526	0.774330
05488	26.077911	0.609025	13.320995	1.827328	3.043499	-1.138561	-0.712519	-0.377279	0.591589	0.563030	-0.810564	0.161194	0.418706	0.447936	0.789961
05489	24.257322	4.246542	15.625941	1.316599	4.360388	-1.106086	-0.736579	-0.387486	0.554352	0.559674	-0.809395	0.177892	0.379759	0.441287	0.813049
05490	21.878882	2.781028	12.321041	1.101689	4.568954	-0.949757	-0.758327	-0.399715	0.514944	0.556491	-0.808354	0.192043	0.339495	0.432193	0.835435
05491	19.911671	2.305073	8.973440	0.593210	4.749369	-0.624271	-0.777366	-0.414576	0.473105	0.553040	-0.808801	0.199967	0.299747	0.417094	0.858012
05492	17.365584	0.747698	8.137523	0.190594	4.007347	-0.493127	-0.791464	-0.426948	0.437379	0.549668	-0.810130	0.203849	0.267301	0.401752	0.875868
05493	24.693323	-0.579433	-0.743682	0.314597	4.056369	-0.143478	-0.802755	-0.441486	0.400844	0.548806	-0.809901	0.207057	0.233231	0.386202	0.892441
05494	17.369783	-3.301962	5.132331	0.468251	4.356549	-0.483112	-0.814756	-0.454012	0.360618	0.545860	-0.810326	0.213092	0.195472	0.370465	0.908045
05495	23.132069	-1.764115	-1.057077	1.159144	4.231394	-0.615447	-0.825805	-0.464198	0.320259	0.542396	-0.809261	0.225619	0.154441	0.360025	0.920071
05496	15.554042	-5.165588	-1.378579	1.482472	3.767304	-0.540091	-0.833827	-0.473248	0.284198	0.539872	-0.806531	0.240926	0.115197	0.354321	0.928001
05497	17.643430	-2.648784	-4.141825	2.113412	2.966653	-0.663684	-0.840524	-0.478182	0.254680	0.535985	-0.802477	0.262203	0.078994	0.356893	0.930799
05498	17.172820	-3.181737	-7.191495	2.097495	2.472115	-0.372181	-0.844094	-0.484046	0.230664	0.534133	-0.796766	0.282605	0.046991	0.361751	0.931090
05499	17.213874	-4.875917	-8.850129	2.557332	1.866753	-0.531529	-0.847720	-0.486442	0.211530	0.530151	-0.790211	0.307418	0.017612	0.372748	0.927766
05500	19.281031	-2.183226	-8.592570	2.910649	1.263109	-0.852510	-0.852290	-0.484505	0.197121	0.523002	-0.783293	0.336037	-0.008408	0.389496	0.920990
05501	21.182294	2.623196	-8.316526	2.301346	0.902499	-0.840814	-0.856630	-0.481325	0.185770	0.515169	-0.778434	0.358666	-0.028026	0.402947	0.914794
05502	19.002031	4.958395	-8.262623	1.046830	0.560836	-0.391147	-0.858475	-0.480516	0.179233	0.511433	-0.776107	0.368910	-0.038164	0.408366	0.912020
05503	13.479575	3.738320	-8.036178	-0.061534	-0.067082	0.064446	-0.858231	-0.480657	0.180023	0.511910	-0.776134	0.368191	-0.037251	0.408149	0.912155
05504	7.076888	8.301311	-3.308085	-1.604115	-2.574877	0.279155	-0.857389	-0.472280	0.204538	0.514623	-0.781388	0.352982	-0.006883	0.407903	0.912999
05505	5.691631	8.234320	-17.922387	-2.186398	-2.950302	2.378669	-0.844577	-0.478841	0.239585	0.534610	-0.778961	0.327738	0.029693	0.404884	0.913886
05506	-21.331537	-3.910173	21.695508	-1.996068	-2.557732	2.091688	-0.832069	-0.484755	0.269580	0.551194	-0.776971	0.304141	0.062022	0.401657	0.913687
05507	4.609231	8.918283	17.974165	0.160474	-6.384353	-0.806108	-0.830884	-0.451804	0.324815	0.544594	-0.780098	0.308001	0.114232	0.432806	0.894221
05508	32.763612	28.798835	12.661655	-0.969972	-3.727434	-1.648573	-0.834824	-0.422505	0.352929	0.529536	-0.791584	0.304936	0.150536	0.441456	0.884565
05509	3.643668	3.094153	7.264018	-3.500783	-2.535368	-0.029369	-0.830619	-0.411352	0.375314	0.523416	-0.806769	0.274151	0.190019	0.424161	0.885427
05510	2.846307	-10.293042	2.613013	-2.134939	-4.105607	-1.193732	-0.828069	-0.384195	0.408283	0.508930	-0.820600	0.260012	0.235142	0.423095	0.875042
05511	17.730836	-5.390792	10.666434	-1.725785	-4.062114	-0.157514	-0.818433	-0.365712	0.443194	0.503271	-0.828442	0.245767	0.277281	0.424191	0.862077
05512	13.713480	-20.431469	12.983029	-2.124380	-2.645833	1.540077	-0.802884	-0.367332	0.469515	0.509476	-0.831758	0.220480	0.309534	0.416227	0.854953
05513	10.732161	-13.180525	12.422003	-0.145738	-3.684607	1.329600	-0.784077	-0.362774	0.503605	0.519546	-0.827522	0.212787	0.339550	0.428488	0.837319
05514	19.071028	2.942196	12.163052	0.058044	-2.904213	0.739190	-0.770042	-0.356231	0.529278	0.525446	-0.824647	0.209438	0.361859	0.439383	0.822193
05515	10.320437	18.307062	6.051616	-0.101313	-2.733699	-0.204107	-0.760922	-0.342369	0.551164	0.523468	-0.825838	0.209696	0.383379	0.448079	0.807617
05516	15.089693	12.016180	9.638672	-2.075444	-1.545361	1.746795	-0.745646	-0.349943	0.567055	0.528387	-0.829002	0.183202	0.405979	0.436228	0.803048
05517	9.438773	-3.478355	13.790655	-2.340117	-0.467547	2.040315	-0.732823	-0.364882	0.574309	0.533847	-0.831660	0.152806	0.421874	0.418573	0.804251
05518	9.178568	-5.540417	8.400610	-0.935792	-0.725741	0.558150	-0.726756	-0.366464	0.580974	0.533875	-0.833545	0.142059	0.432208	0.413409	0.801429
05519	8.430382	4.358751	9.138038	-1.020990	-0.190660	0.389937	-0.723807	-0.368915	0.583100	0.532279	-0.836273	0.131629	0.439071	0.405646	0.801666
05520	5.772662	-0.659077	8.024879	-1.219811	-0.043195	0.659800	-0.720117	-0.374222	0.584286	0.531595	-0.838741	0.117982	0.445913	0.395564	0.802926
05521	6.034112	-0.331021	8.292674	-0.679396	-0.114828	0.324933	-0.717833	-0.376476	0.585647	0.530914	-0.840170	0.110654	0.450385	0.390359	0.802978
05522	6.306741	0.982049	8.434920	-0.644625	-0.049029	0.266313	-0.716209	-0.378479	0.586343	0.529859	-0.841697	0.103907	0.454197	0.385098	0.803371
05523	6.287267	-1.027945	8.305691	-0.546606	-0.053993	0.196466	-0.714881	-0.379902	0.587043	0.528794	-0.843028	0.098385	0.457517	0.380759	0.803555
05524	6.581249	-1.368942	7.616804	-0.337486	-0.073883	0.083343	-0.714112	-0.380279	0.587735	0.527792	-0.844024	0.095175	0.459869	0.378168	0.803436
