// General information: 
//  MT Manager version: 2022.2.0 
//  XDA version: 2022.2.0 build 7381 rev 124627 built on 2023-07-19
// Device information: 
//  DeviceId: 00B4CB9F
//  ProductCode: MTW2-3A7G6
//  Firmware Version: 4.6.0
//  Hardware Version: 2.0.0
// Device settings: 
//  Filter Profile: human(46.1)
//  Option Flags: Orientation Smoother Disabled, Position/Velocity Smoother Disabled, Continuous Zero Rotation Update Disabled, AHS Disabled, ICC Disabled
// Coordinate system: ENU
PacketCounter	Acc_X	Acc_Y	Acc_Z	Gyr_X	Gyr_Y	Gyr_Z	Mat[1][1]	Mat[2][1]	Mat[3][1]	Mat[1][2]	Mat[2][2]	Mat[3][2]	Mat[1][3]	Mat[2][3]	Mat[3][3]
52856	9.916858	-0.261672	0.192482	-0.040080	0.026849	0.066420	0.010825	0.001990	0.999939	-0.281148	0.959664	0.001134	-0.959603	-0.281143	0.010948
52857	9.922687	-0.215601	0.182725	-0.070949	0.044593	0.063780	0.011032	0.002730	0.999935	-0.280434	0.959873	0.000474	-0.959810	-0.280421	0.011354
52858	9.934643	-0.228359	0.167728	-0.098161	0.063019	0.060585	0.011412	0.003514	0.999929	-0.279546	0.960132	-0.000184	-0.960064	-0.279524	0.011940
52859	9.945468	-0.157857	0.216801	-0.110443	0.096238	0.064276	0.012193	0.004382	0.999916	-0.278149	0.960538	-0.000817	-0.960461	-0.278116	0.012930
52860	9.899207	-0.109262	0.152164	-0.142877	0.114092	0.056221	0.013078	0.005265	0.999901	-0.276831	0.960917	-0.001439	-0.960830	-0.276785	0.014025
52861	9.869233	-0.098448	0.170415	-0.193137	0.130266	0.051000	0.014180	0.006094	0.999881	-0.274937	0.961460	-0.001960	-0.961358	-0.274877	0.015309
52862	9.803917	-0.039798	0.182978	-0.232261	0.140789	0.052984	0.015335	0.007016	0.999858	-0.272759	0.962079	-0.002567	-0.961960	-0.272681	0.016667
52863	9.786601	-0.062744	0.162586	-0.272945	0.149649	0.048014	0.016611	0.007875	0.999831	-0.270154	0.962812	-0.003095	-0.962674	-0.270057	0.018120
52864	9.739619	-0.068807	0.148741	-0.326571	0.148899	0.044628	0.017871	0.008732	0.999802	-0.267065	0.963672	-0.003642	-0.963513	-0.266947	0.019554
52865	9.748944	-0.193425	0.234691	-0.374699	0.138573	0.041969	0.019062	0.009496	0.999773	-0.263464	0.964660	-0.004139	-0.964481	-0.263326	0.020891
52866	9.834780	-0.361257	0.320162	-0.389580	0.137448	0.035937	0.020241	0.010230	0.999743	-0.259760	0.965662	-0.004622	-0.965461	-0.259600	0.022203
52867	9.910484	-0.381552	0.355349	-0.371488	0.157459	0.032342	0.021697	0.010930	0.999705	-0.255963	0.966674	-0.005014	-0.966443	-0.255778	0.023771
52868	9.825957	-0.368671	0.401867	-0.365351	0.165893	0.030678	0.023170	0.011676	0.999663	-0.252485	0.967585	-0.005450	-0.967323	-0.252274	0.025367
52869	9.822893	-0.403438	0.483305	-0.368515	0.163558	0.028382	0.024649	0.012362	0.999620	-0.248876	0.968518	-0.005840	-0.968222	-0.248638	0.026949
52870	9.799954	-0.458395	0.616973	-0.360690	0.159656	0.021358	0.026089	0.012991	0.999575	-0.245436	0.969393	-0.006193	-0.969062	-0.245170	0.028479
52871	9.803554	-0.467337	0.665180	-0.355945	0.166696	0.017723	0.027652	0.013558	0.999526	-0.241903	0.970279	-0.006469	-0.969906	-0.241610	0.030110
52872	9.782525	-0.491284	0.732760	-0.337115	0.172772	0.005359	0.029263	0.014053	0.999473	-0.238683	0.971075	-0.006666	-0.970657	-0.238362	0.031771
52873	9.785145	-0.472326	0.803624	-0.314999	0.173548	0.004231	0.030914	0.014514	0.999417	-0.235480	0.971855	-0.006830	-0.971388	-0.235131	0.033461
52874	9.789729	-0.395122	0.830180	-0.300547	0.167999	0.000973	0.032491	0.014945	0.999360	-0.232608	0.972546	-0.006981	-0.972028	-0.232232	0.035076
52875	9.795029	-0.344449	0.835093	-0.295435	0.166722	-0.000496	0.034076	0.015334	0.999302	-0.229686	0.973239	-0.007102	-0.972668	-0.229284	0.036686
52876	9.790707	-0.256336	0.794816	-0.303483	0.172377	-0.001492	0.035704	0.015741	0.999238	-0.226782	0.973919	-0.007239	-0.973291	-0.226350	0.038343
52877	9.753163	-0.172707	0.705938	-0.315099	0.172222	-0.006670	0.037329	0.016076	0.999174	-0.223837	0.974599	-0.007318	-0.973911	-0.223379	0.039979
52878	9.687009	-0.098748	0.601196	-0.348260	0.160005	-0.006616	0.038850	0.016396	0.999111	-0.220491	0.975361	-0.007432	-0.974615	-0.220006	0.041508
52879	9.693721	-0.073006	0.584189	-0.390535	0.151625	-0.016254	0.040367	0.016564	0.999048	-0.216484	0.976258	-0.007439	-0.975451	-0.215978	0.042994
52880	9.637840	-0.173179	0.498883	-0.425610	0.126601	-0.021309	0.041596	0.016657	0.998996	-0.212371	0.977161	-0.007450	-0.976303	-0.211848	0.044184
52881	9.680357	-0.181207	0.361112	-0.439569	0.102314	-0.029622	0.042631	0.016589	0.998953	-0.207991	0.978103	-0.007367	-0.977201	-0.207459	0.045147
52882	9.652174	-0.215923	0.330958	-0.459811	0.086472	-0.036943	0.043500	0.016435	0.998918	-0.203529	0.979042	-0.007245	-0.978102	-0.202993	0.045934
52883	9.699912	-0.266651	0.321820	-0.460217	0.070132	-0.044567	0.044242	0.016147	0.998890	-0.198977	0.979979	-0.007028	-0.979005	-0.198445	0.046569
52884	9.734869	-0.311882	0.331202	-0.448363	0.060440	-0.048508	0.044878	0.015821	0.998867	-0.194613	0.980857	-0.006792	-0.979853	-0.194088	0.047098
52885	9.718212	-0.338195	0.420730	-0.418997	0.064168	-0.048911	0.045594	0.015458	0.998840	-0.190389	0.981687	-0.006502	-0.980649	-0.189872	0.047703
52886	9.738843	-0.311729	0.373742	-0.394423	0.047574	-0.052065	0.046108	0.015068	0.998823	-0.186545	0.982427	-0.006209	-0.981364	-0.186039	0.048109
52887	9.758432	-0.258600	0.349069	-0.376840	0.042759	-0.059412	0.046666	0.014541	0.998805	-0.182625	0.983166	-0.005781	-0.982075	-0.182137	0.048536
52888	9.756158	-0.202698	0.398276	-0.368805	0.035671	-0.064810	0.047083	0.014000	0.998793	-0.179021	0.983831	-0.005351	-0.982718	-0.178553	0.048828
52889	9.723634	-0.242884	0.448866	-0.364741	0.038068	-0.065020	0.047508	0.013454	0.998780	-0.175439	0.984478	-0.004916	-0.983343	-0.174991	0.049131
52890	9.709362	-0.320220	0.488449	-0.370135	0.023212	-0.066317	0.047802	0.012873	0.998774	-0.171816	0.985119	-0.004474	-0.983969	-0.171391	0.049302
52891	9.745936	-0.388927	0.468819	-0.349613	0.015979	-0.069475	0.048091	0.012212	0.998768	-0.168100	0.985762	-0.003959	-0.984596	-0.167702	0.049459
52892	9.768379	-0.316075	0.499225	-0.326698	0.018001	-0.072018	0.048338	0.011564	0.998764	-0.164897	0.986305	-0.003439	-0.985126	-0.164527	0.049583
52893	9.726794	-0.316107	0.503455	-0.317293	0.012192	-0.075466	0.048573	0.010849	0.998761	-0.161528	0.986864	-0.002864	-0.985672	-0.161189	0.049688
52894	9.737432	-0.263995	0.530173	-0.303457	0.000174	-0.077494	0.048649	0.010117	0.998765	-0.158548	0.987349	-0.002278	-0.986152	-0.158241	0.049638
52895	9.729717	-0.175382	0.566745	-0.292346	-0.011064	-0.075452	0.048690	0.009351	0.998770	-0.155271	0.987871	-0.001680	-0.986671	-0.154998	0.049551
52896	9.713356	-0.202608	0.648382	-0.289271	-0.018411	-0.075983	0.048575	0.008605	0.998782	-0.152428	0.988314	-0.001101	-0.987120	-0.152189	0.049319
52897	9.749945	-0.158342	0.633041	-0.272431	-0.014732	-0.078862	0.048532	0.007822	0.998791	-0.149476	0.988765	-0.000480	-0.987574	-0.149272	0.049156
52898	9.739077	-0.218541	0.724078	-0.256870	-0.012358	-0.078843	0.048477	0.007057	0.998799	-0.146950	0.989144	0.000144	-0.987955	-0.146780	0.048988
52899	9.718811	-0.238091	0.772129	-0.242008	-0.016420	-0.082370	0.048440	0.006212	0.998807	-0.144372	0.989523	0.000847	-0.988337	-0.144241	0.048830
52900	9.702761	-0.331643	0.747640	-0.217128	-0.016687	-0.082782	0.048345	0.005402	0.998816	-0.142235	0.989832	0.001531	-0.988652	-0.142140	0.048622
52901	9.764772	-0.380111	0.706136	-0.193035	-0.020055	-0.083472	0.048259	0.004554	0.998824	-0.140127	0.990131	0.002256	-0.988957	-0.140071	0.048421
52902	9.763761	-0.348725	0.728364	-0.158599	-0.006494	-0.080900	0.048258	0.003777	0.998828	-0.138569	0.990348	0.002950	-0.989176	-0.138548	0.048316
52903	9.718272	-0.339845	0.697471	-0.121493	-0.010254	-0.075938	0.048247	0.003024	0.998831	-0.137186	0.990539	0.003627	-0.989370	-0.137201	0.048205
52904	9.709769	-0.337862	0.749532	-0.086357	-0.015069	-0.081545	0.048160	0.002229	0.998837	-0.136342	0.990652	0.004363	-0.989491	-0.136393	0.048014
52905	9.763364	-0.303204	0.748065	-0.059678	-0.014239	-0.081494	0.048125	0.001416	0.998840	-0.135482	0.990767	0.005123	-0.989610	-0.135571	0.047872
52906	9.733553	-0.280448	0.754178	-0.030320	-0.012485	-0.083920	0.048066	0.000602	0.998844	-0.135190	0.990802	0.005909	-0.989653	-0.135318	0.047705
52907	9.756891	-0.230141	0.760461	-0.008896	-0.016804	-0.082242	0.047972	-0.000213	0.998849	-0.135040	0.990817	0.006697	-0.989678	-0.135206	0.047503
52908	9.735822	-0.202305	0.712813	0.010000	-0.015470	-0.078008	0.047876	-0.000973	0.998853	-0.135151	0.990797	0.007443	-0.989668	-0.135352	0.047304
52909	9.694449	-0.113978	0.700819	0.022148	-0.018840	-0.077557	0.047765	-0.001745	0.998857	-0.135242	0.990779	0.008198	-0.989661	-0.135479	0.047088
52910	9.710372	-0.093401	0.735576	0.027304	-0.030176	-0.077678	0.047522	-0.002522	0.998867	-0.135524	0.990734	0.008949	-0.989634	-0.135795	0.046740
52911	9.722126	-0.064274	0.736193	0.034505	-0.037097	-0.080438	0.047221	-0.003343	0.998879	-0.135821	0.990686	0.009737	-0.989607	-0.136129	0.046327
52912	9.718197	-0.047923	0.699324	0.043786	-0.038004	-0.079206	0.046904	-0.004146	0.998891	-0.136266	0.990617	0.010510	-0.989561	-0.136607	0.045899
52913	9.678450	-0.070837	0.674991	0.050886	-0.041604	-0.078669	0.046563	-0.004961	0.998903	-0.136720	0.990545	0.011293	-0.989515	-0.137096	0.045444
52914	9.709074	-0.077616	0.662602	0.069677	-0.058318	-0.079547	0.046046	-0.005796	0.998923	-0.137421	0.990439	0.012081	-0.989442	-0.137829	0.044809
52915	9.749984	-0.125188	0.691763	0.082017	-0.056726	-0.080653	0.045579	-0.006656	0.998939	-0.138091	0.990335	0.012900	-0.989370	-0.138533	0.044219
52916	9.759066	-0.112010	0.632801	0.101299	-0.053758	-0.076302	0.045104	-0.007453	0.998955	-0.139107	0.990183	0.013669	-0.989250	-0.139578	0.043624
52917	9.756749	-0.120294	0.569664	0.108333	-0.065551	-0.077465	0.044537	-0.008292	0.998973	-0.140074	0.990035	0.014462	-0.989139	-0.140575	0.042932
52918	9.876658	-0.146748	0.557186	0.107842	-0.063748	-0.074278	0.043962	-0.009084	0.998992	-0.141156	0.989870	0.015213	-0.989011	-0.141683	0.042234
52919	9.826631	-0.129105	0.489355	0.131288	-0.045347	-0.075187	0.043559	-0.009859	0.999002	-0.142490	0.989667	0.015979	-0.988837	-0.143043	0.041704
52920	9.733279	-0.093589	0.450488	0.151654	-0.045905	-0.072171	0.043159	-0.010606	0.999012	-0.144006	0.989435	0.016725	-0.988635	-0.144586	0.041176
52921	9.814627	-0.027183	0.340973	0.152998	-0.064352	-0.076716	0.042556	-0.011415	0.999029	-0.145589	0.989190	0.017504	-0.988429	-0.146193	0.040434
52922	9.858060	-0.037242	0.306354	0.145009	-0.070384	-0.077497	0.041924	-0.012251	0.999046	-0.147038	0.988962	0.018298	-0.988242	-0.147664	0.039660
52923	9.881844	-0.073243	0.322127	0.159786	-0.061135	-0.074538	0.041399	-0.013056	0.999057	-0.148534	0.988723	0.019076	-0.988040	-0.149184	0.038992
52924	9.840510	-0.072202	0.321146	0.182924	-0.044231	-0.070652	0.041018	-0.013788	0.999063	-0.150360	0.988433	0.019815	-0.987780	-0.151032	0.038470
52925	9.774335	0.059202	0.283253	0.206391	-0.043873	-0.071613	0.040628	-0.014531	0.999069	-0.152481	0.988092	0.020572	-0.987471	-0.153175	0.037928
52926	9.776855	0.165452	0.175862	0.200472	-0.047161	-0.076661	0.040230	-0.015329	0.999073	-0.154477	0.987765	0.021376	-0.987177	-0.155194	0.037370
52927	9.836146	0.230839	0.139049	0.182512	-0.067022	-0.083731	0.039666	-0.016238	0.999081	-0.156221	0.987471	0.022252	-0.986925	-0.156960	0.036632
52928	9.886581	0.169879	0.234879	0.178411	-0.054353	-0.091560	0.039224	-0.017196	0.999082	-0.157993	0.987168	0.023193	-0.986661	-0.158758	0.036004
52929	9.903862	0.106631	0.282755	0.197885	-0.038028	-0.087221	0.038935	-0.018085	0.999078	-0.159928	0.986835	0.024095	-0.986360	-0.160719	0.035530
52930	9.862351	0.108728	0.283636	0.228720	-0.026321	-0.081018	0.038756	-0.018894	0.999070	-0.162200	0.986442	0.024948	-0.985996	-0.163016	0.035166
52931	9.835005	0.210938	0.305754	0.237328	-0.013657	-0.076716	0.038686	-0.019636	0.999058	-0.164525	0.986037	0.025751	-0.985614	-0.165366	0.034915
52932	9.775825	0.345999	0.215277	0.222725	-0.003189	-0.084496	0.038744	-0.020442	0.999040	-0.166735	0.985642	0.026635	-0.985240	-0.167607	0.034780
52933	9.745090	0.430610	0.181215	0.200560	-0.003903	-0.087957	0.038803	-0.021288	0.999020	-0.168706	0.985281	0.027548	-0.984902	-0.169610	0.034640
52934	9.771594	0.475788	0.219117	0.188848	-0.010687	-0.093094	0.038806	-0.022191	0.999000	-0.170577	0.984932	0.028505	-0.984580	-0.171513	0.034436
52935	9.796828	0.478200	0.176513	0.166331	-0.008137	-0.103300	0.038829	-0.023191	0.998977	-0.172334	0.984595	0.029556	-0.984273	-0.173305	0.034234
52936	9.780569	0.473832	0.138680	0.149646	-0.005357	-0.100202	0.038900	-0.024155	0.998951	-0.173815	0.984304	0.030570	-0.984010	-0.174822	0.034091
52937	9.693957	0.512002	0.048791	0.127969	-0.004610	-0.098637	0.038966	-0.025104	0.998925	-0.175102	0.984044	0.031560	-0.983779	-0.176144	0.033949
52938	9.682453	0.500000	0.044728	0.107398	-0.007476	-0.098346	0.039015	-0.026053	0.998899	-0.176168	0.983822	0.032540	-0.983587	-0.177244	0.033794
52939	9.658130	0.491771	0.061165	0.081473	-0.005693	-0.098125	0.039087	-0.027001	0.998871	-0.176895	0.983659	0.033512	-0.983453	-0.178005	0.033672
52940	9.669091	0.462203	0.104158	0.060597	-0.003588	-0.098001	0.039176	-0.027940	0.998842	-0.177501	0.983517	0.034473	-0.983341	-0.178646	0.033571
52941	9.634461	0.371400	0.159561	0.052523	0.001841	-0.093967	0.039302	-0.028831	0.998811	-0.178030	0.983388	0.035391	-0.983240	-0.179209	0.033516
52942	9.625739	0.272596	0.174834	0.049928	0.007485	-0.091534	0.039489	-0.029686	0.998779	-0.178532	0.983265	0.036284	-0.983141	-0.179747	0.033528
52943	9.606963	0.091046	0.228904	0.043881	0.010767	-0.085210	0.039685	-0.030478	0.998747	-0.179046	0.983140	0.037117	-0.983040	-0.180294	0.033559
52944	9.587183	-0.126652	0.347724	0.057896	0.013978	-0.069399	0.039897	-0.031104	0.998720	-0.179635	0.983007	0.037791	-0.982924	-0.180913	0.033632
52945	9.533011	-0.385317	0.482402	0.104218	0.025459	-0.050271	0.040172	-0.031517	0.998696	-0.180682	0.982796	0.038283	-0.982721	-0.181984	0.033786
52946	9.522361	-0.663611	0.591088	0.184237	0.030099	-0.028821	0.040470	-0.031714	0.998677	-0.182528	0.982443	0.038595	-0.982367	-0.183848	0.033971
52947	9.651445	-0.800752	0.763046	0.287355	0.033904	-0.008348	0.040771	-0.031710	0.998665	-0.185406	0.981898	0.038747	-0.981816	-0.186738	0.034153
52948	9.886733	-0.800128	0.948963	0.400254	0.048457	0.005267	0.041186	-0.031536	0.998654	-0.189384	0.981136	0.038794	-0.981039	-0.190727	0.034437
52949	10.228008	-0.399723	1.038067	0.546917	0.077466	0.001390	0.041877	-0.031338	0.998631	-0.194821	0.980066	0.038925	-0.979944	-0.196184	0.034937
52950	10.473291	0.404680	1.161221	0.615353	0.139177	-0.025695	0.043240	-0.031282	0.998575	-0.200884	0.978824	0.039362	-0.978660	-0.202300	0.036041
52951	10.154587	1.055474	1.014491	0.526551	0.211004	-0.041585	0.045314	-0.031219	0.998485	-0.206156	0.977704	0.039926	-0.977469	-0.207653	0.037868
52952	9.550414	1.343244	0.700063	0.401254	0.202847	-0.057578	0.047365	-0.031327	0.998386	-0.210098	0.976836	0.040618	-0.976532	-0.211683	0.039686
52953	9.200465	1.256412	0.388260	0.307082	0.120361	-0.090009	0.048678	-0.031921	0.998304	-0.213086	0.976147	0.041602	-0.975820	-0.214750	0.040715
52954	9.297226	0.899154	0.302017	0.270999	0.056374	-0.114403	0.049422	-0.032886	0.998236	-0.215722	0.975516	0.042817	-0.975203	-0.217457	0.041118
52955	9.488869	0.567325	0.329616	0.285938	0.047992	-0.110925	0.050062	-0.033829	0.998173	-0.218566	0.974830	0.044000	-0.974537	-0.220369	0.041408
52956	9.580527	0.241778	0.232575	0.317617	0.055626	-0.095963	0.050764	-0.034612	0.998111	-0.221659	0.974083	0.045052	-0.973802	-0.223528	0.041776
52957	9.656403	0.051546	0.213581	0.343892	0.043641	-0.068916	0.051291	-0.035158	0.998065	-0.225006	0.973278	0.045849	-0.973007	-0.226922	0.042010
52958	9.775350	-0.053908	0.203262	0.362897	0.051690	-0.039876	0.051833	-0.035399	0.998028	-0.228562	0.972425	0.046362	-0.972148	-0.230515	0.042313
52959	9.826629	-0.159478	0.240583	0.363420	0.091945	-0.021183	0.052690	-0.035349	0.997985	-0.232213	0.971545	0.046672	-0.971237	-0.234204	0.042983
52960	9.697023	-0.313011	0.264892	0.367343	0.142861	-0.005126	0.054037	-0.035033	0.997924	-0.235824	0.970666	0.046846	-0.970292	-0.237866	0.044191
52961	9.561448	-0.365445	0.413977	0.372574	0.167224	0.012307	0.055562	-0.034478	0.997860	-0.239522	0.969760	0.046844	-0.969300	-0.241612	0.045623
52962	9.509376	-0.577474	0.691470	0.409169	0.192329	0.030031	0.057300	-0.033690	0.997788	-0.243551	0.968763	0.046697	-0.968194	-0.245688	0.047305
52963	9.657975	-0.755468	1.042578	0.525371	0.264253	0.045579	0.059680	-0.032558	0.997686	-0.248706	0.967465	0.046449	-0.966739	-0.250902	0.049641
52964	9.697338	-0.708015	1.307021	0.734320	0.388460	0.058363	0.063232	-0.030978	0.997518	-0.255881	0.965603	0.046207	-0.964638	-0.258168	0.053130
52965	9.646658	-0.420365	1.548788	0.929028	0.455569	0.063145	0.067381	-0.029130	0.997302	-0.264932	0.963168	0.046032	-0.961910	-0.267319	0.057182
52966	9.782916	-0.162405	1.746070	1.053724	0.442778	0.067461	0.071398	-0.027248	0.997076	-0.275146	0.960304	0.045946	-0.958748	-0.277622	0.061067
52967	10.020335	0.116291	1.666856	1.148605	0.421078	0.071169	0.075135	-0.025324	0.996852	-0.286353	0.957024	0.045896	-0.955174	-0.288900	0.064655
52968	9.983894	0.296356	1.201687	1.209522	0.416662	0.056142	0.078890	-0.023535	0.996606	-0.297974	0.953460	0.046103	-0.951309	-0.300600	0.068205
52969	9.742735	0.544883	0.616283	1.242493	0.372043	0.032785	0.082215	-0.022026	0.996371	-0.309971	0.949605	0.046570	-0.947185	-0.312674	0.071244
52970	9.616667	0.833030	0.234982	1.205865	0.279240	0.015359	0.084752	-0.020968	0.996181	-0.321429	0.945754	0.047252	-0.943133	-0.324206	0.073415
52971	9.629538	0.964716	0.148146	1.126583	0.185692	-0.003651	0.086443	-0.020356	0.996049	-0.332119	0.942012	0.048075	-0.939268	-0.334962	0.074669
52972	9.684245	1.130493	0.101796	1.046289	0.136530	-0.023407	0.087747	-0.020089	0.995940	-0.341955	0.938435	0.049057	-0.935611	-0.344871	0.075475
52973	9.629430	1.294634	-0.063387	0.942832	0.084342	-0.054696	0.088656	-0.020278	0.995856	-0.350839	0.935085	0.050274	-0.932230	-0.353842	0.075786
52974	9.585531	1.317803	-0.204827	0.790721	0.006542	-0.078023	0.088938	-0.020962	0.995817	-0.358178	0.932226	0.051613	-0.929408	-0.361270	0.075402
52975	9.665977	1.315206	-0.121028	0.628730	-0.078992	-0.092646	0.088431	-0.022067	0.995838	-0.364149	0.929835	0.052941	-0.927133	-0.367315	0.074190
52976	9.764175	1.145499	0.007843	0.484645	-0.133530	-0.100606	0.087507	-0.023475	0.995887	-0.368598	0.928004	0.054263	-0.925461	-0.371830	0.072554
52977	9.721319	0.964877	0.130717	0.386837	-0.171443	-0.101849	0.086203	-0.025022	0.995963	-0.372237	0.926477	0.055495	-0.924126	-0.375518	0.070551
52978	9.655816	0.881544	0.323250	0.300897	-0.213717	-0.101624	0.084553	-0.026748	0.996060	-0.374977	0.925300	0.056679	-0.923170	-0.378292	0.068207
52979	9.636160	0.776775	0.492525	0.238885	-0.239137	-0.111132	0.082678	-0.028652	0.996164	-0.377233	0.924307	0.057894	-0.922420	-0.380573	0.065611
52980	9.624977	0.725020	0.677368	0.222991	-0.244300	-0.116154	0.080809	-0.030637	0.996259	-0.379242	0.923405	0.059158	-0.921762	-0.382603	0.063000
52981	9.556550	0.725765	0.798611	0.217292	-0.235213	-0.122390	0.079017	-0.032638	0.996339	-0.381294	0.922475	0.060458	-0.921071	-0.384675	0.060447
52982	9.550412	0.647038	0.967091	0.201232	-0.246233	-0.135098	0.077211	-0.034813	0.996407	-0.383088	0.921636	0.061886	-0.920479	-0.386490	0.057824
52983	9.534362	0.466882	1.139038	0.196574	-0.232447	-0.141498	0.075506	-0.036975	0.996460	-0.384934	0.920768	0.063335	-0.919850	-0.388353	0.055291
52984	9.557282	0.294230	1.273986	0.207155	-0.222939	-0.142008	0.073948	-0.039130	0.996494	-0.386780	0.919891	0.064824	-0.919202	-0.390217	0.052890
52985	9.650173	0.063811	1.421902	0.247853	-0.204901	-0.142783	0.072536	-0.041216	0.996514	-0.389091	0.918809	0.066324	-0.918339	-0.392545	0.050610
52986	9.691719	-0.143645	1.526427	0.323632	-0.169250	-0.143155	0.071485	-0.043178	0.996507	-0.392005	0.917456	0.067873	-0.917182	-0.395487	0.048659
52987	9.685898	-0.215526	1.671958	0.429256	-0.138958	-0.137375	0.070660	-0.044953	0.996487	-0.395963	0.915642	0.069384	-0.915544	-0.399474	0.046900
52988	9.731865	-0.255875	1.814471	0.540672	-0.108725	-0.124562	0.070106	-0.046510	0.996455	-0.400866	0.913394	0.070837	-0.913450	-0.404411	0.045390
52989	9.779012	-0.230757	2.062630	0.650380	-0.072902	-0.112987	0.069818	-0.047808	0.996413	-0.406853	0.910636	0.072200	-0.910822	-0.410435	0.044128
52990	9.865668	-0.068740	2.477898	0.761112	-0.026977	-0.088964	0.069881	-0.048710	0.996365	-0.413758	0.907425	0.073382	-0.907701	-0.417382	0.043257
52991	9.966374	-0.005199	2.987642	0.856552	0.043122	-0.073385	0.070466	-0.049148	0.996303	-0.421649	0.903701	0.074402	-0.904017	-0.425333	0.042957
52992	9.979945	0.100847	3.687112	0.951564	0.151155	-0.039721	0.071941	-0.048839	0.996212	-0.430249	0.899575	0.075172	-0.899839	-0.434028	0.043704
52993	10.093393	0.361707	4.409180	1.027562	0.285079	-0.008190	0.074435	-0.047621	0.996088	-0.439662	0.894973	0.075641	-0.895074	-0.443572	0.045680
52994	10.061465	0.640327	5.103288	1.064523	0.436571	0.016522	0.078200	-0.045499	0.995899	-0.449222	0.890187	0.075944	-0.889991	-0.453318	0.049174
52995	9.835933	0.970510	5.682528	1.038400	0.588757	0.036023	0.083170	-0.042438	0.995631	-0.458557	0.885405	0.076045	-0.884764	-0.462879	0.054179
52996	9.291309	1.390517	5.850159	0.990348	0.668116	0.039376	0.088824	-0.038952	0.995285	-0.467374	0.880771	0.076181	-0.879586	-0.471937	0.060028
52997	8.703205	1.922616	5.542357	0.924829	0.604238	-0.017354	0.094120	-0.036186	0.994903	-0.475604	0.876295	0.076865	-0.874610	-0.480414	0.065267
52998	8.841950	2.418444	5.432574	0.762145	0.449117	-0.116758	0.098540	-0.035020	0.994517	-0.482187	0.872544	0.078502	-0.870509	-0.487279	0.069094
52999	10.025712	2.344139	5.863165	0.419031	0.442021	-0.222681	0.103398	-0.034760	0.994032	-0.485643	0.870401	0.080953	-0.868021	-0.491115	0.073117
53000	11.189362	1.849000	6.101591	0.011093	0.655738	-0.282111	0.110400	-0.033980	0.993306	-0.485484	0.870227	0.083728	-0.867247	-0.491477	0.079576
53001	11.902012	1.550715	6.072973	-0.357179	0.831213	-0.315779	0.119089	-0.032625	0.992347	-0.482142	0.871810	0.086523	-0.867961	-0.488756	0.088093
53002	12.367821	1.166336	5.591877	-0.710522	0.903096	-0.292024	0.128279	-0.030774	0.991261	-0.475652	0.875147	0.088724	-0.870229	-0.482877	0.097625
53003	12.437023	0.740645	3.772886	-1.051507	0.930780	-0.231662	0.137434	-0.028314	0.990106	-0.466279	0.880059	0.089890	-0.873897	-0.474019	0.107748
53004	12.007147	0.609394	1.509573	-1.074966	0.938323	-0.149175	0.146283	-0.025211	0.988922	-0.456701	0.885044	0.090119	-0.877511	-0.464824	0.117952
53005	11.590639	0.877533	-0.314341	-0.739756	0.896527	-0.089615	0.154520	-0.021828	0.987749	-0.450193	0.888378	0.090059	-0.879460	-0.458593	0.127445
53006	11.591030	1.433615	-0.952180	-0.105920	0.865129	-0.073921	0.162400	-0.018505	0.986551	-0.449193	0.888827	0.090616	-0.878551	-0.457868	0.136033
53007	11.478625	2.441477	-0.016664	0.283693	1.016667	-0.085921	0.171651	-0.014559	0.985050	-0.451636	0.887465	0.091817	-0.875535	-0.460644	0.145759
53008	11.583385	3.119890	0.282551	0.131773	1.162671	-0.077389	0.182108	-0.009866	0.983229	-0.452700	0.886826	0.092745	-0.872868	-0.461998	0.157032
53009	11.352142	3.545236	0.019710	-0.347356	1.248489	-0.060330	0.193240	-0.004623	0.981141	-0.449649	0.888377	0.092747	-0.872051	-0.459092	0.169591
53010	10.962769	3.337321	-0.344765	-0.900110	1.240479	-0.040863	0.204193	0.000675	0.978930	-0.441762	0.892451	0.091531	-0.873586	-0.451144	0.182530
53011	10.734608	2.964902	-0.140990	-1.386028	1.091857	0.031060	0.213568	0.005843	0.976911	-0.429797	0.898569	0.088586	-0.877304	-0.438792	0.194417
53012	10.561910	1.908539	0.002006	-1.749730	0.966540	0.113328	0.221539	0.011048	0.975089	-0.414698	0.906078	0.083953	-0.882579	-0.422966	0.205313
53013	10.151653	0.575396	0.068734	-1.656081	1.000655	0.166137	0.229675	0.016742	0.973123	-0.400468	0.912915	0.078811	-0.887060	-0.407806	0.216378
53014	9.433097	-0.402633	0.005750	-1.327765	1.048839	0.192155	0.238179	0.022733	0.970955	-0.389173	0.918190	0.073968	-0.889840	-0.395487	0.227541
53015	8.997171	-1.132048	-0.063374	-0.973165	0.960114	0.199389	0.245946	0.028336	0.968869	-0.380985	0.921947	0.069749	-0.891270	-0.386279	0.237544
53016	8.904961	-1.667725	-0.218224	-0.578187	0.860717	0.210645	0.252765	0.033601	0.966944	-0.376409	0.924079	0.066284	-0.891306	-0.380721	0.246223
53017	8.893252	-1.967400	-0.442161	-0.137306	0.845784	0.213964	0.259458	0.038818	0.964974	-0.375749	0.924520	0.063839	-0.889660	-0.379152	0.254459
53018	8.785590	-2.032829	-0.651655	0.319132	0.883837	0.223405	0.266407	0.044265	0.962844	-0.379223	0.923193	0.062484	-0.886125	-0.381779	0.262732
53019	8.620091	-1.783590	-0.652558	0.732517	0.932616	0.232890	0.273717	0.050029	0.960508	-0.386342	0.920258	0.062164	-0.880806	-0.388100	0.271219
53020	8.375931	-1.341752	-0.489720	1.066508	0.977128	0.238346	0.281303	0.056075	0.957979	-0.396415	0.915922	0.062791	-0.873913	-0.397420	0.279880
53021	8.274137	-0.944320	-0.138594	1.317899	1.034244	0.221914	0.289333	0.062315	0.955198	-0.408625	0.910429	0.064379	-0.865628	-0.408944	0.288881
53022	8.102927	-0.472631	-0.031820	1.517817	1.116044	0.168689	0.298185	0.068501	0.952047	-0.422240	0.903990	0.067204	-0.856037	-0.422031	0.298480
53023	7.759676	-0.044447	-0.084073	1.610622	1.136876	0.100370	0.307380	0.074311	0.948681	-0.436309	0.896983	0.071106	-0.845666	-0.435775	0.308138
53024	7.631402	0.173895	-0.264688	1.661398	1.089303	0.053965	0.316239	0.079634	0.945331	-0.450491	0.889560	0.075766	-0.834895	-0.449824	0.317188
53025	7.771111	0.479708	-0.211091	1.817118	1.035532	0.032782	0.324603	0.084698	0.942050	-0.465749	0.881178	0.081259	-0.823232	-0.465136	0.325481
53026	7.898427	0.901789	-0.132108	2.025048	1.030591	0.037065	0.332790	0.089918	0.938704	-0.482463	0.871529	0.087560	-0.810235	-0.482029	0.333418
53027	7.947999	1.505948	0.102486	2.274749	1.038565	0.045301	0.340831	0.095446	0.935267	-0.500964	0.860264	0.094771	-0.795530	-0.500836	0.341020
53028	8.092713	2.204783	0.725181	2.543195	1.069280	0.077912	0.348795	0.101589	0.931677	-0.521306	0.847157	0.102790	-0.778834	-0.521541	0.348444
53029	8.251677	2.933809	1.804391	2.788276	1.130226	0.126073	0.356751	0.108692	0.927855	-0.543278	0.832128	0.111407	-0.759986	-0.543827	0.355912
53030	8.293995	3.509585	3.251211	2.967701	1.191544	0.203963	0.364496	0.116999	0.923826	-0.566312	0.815383	0.120173	-0.739211	-0.566976	0.363462
53031	8.193264	3.528983	4.838218	2.998819	1.224790	0.312310	0.371553	0.126615	0.919737	-0.589360	0.797620	0.128284	-0.717359	-0.589721	0.370980
53032	8.290517	3.158264	6.106663	2.938696	1.249894	0.440834	0.377677	0.137602	0.915656	-0.611815	0.779355	0.135233	-0.695013	-0.611286	0.378532
53033	8.376885	2.861145	6.939371	2.853153	1.300752	0.580619	0.382903	0.150163	0.911502	-0.633578	0.760755	0.140825	-0.672283	-0.631430	0.386435
53034	8.046131	2.849031	7.211835	2.625204	1.301958	0.702725	0.386935	0.163785	0.907445	-0.653693	0.742804	0.144666	-0.650359	-0.649166	0.394482
53035	7.746865	3.071206	7.128433	2.240212	1.157363	0.709801	0.389602	0.176601	0.903893	-0.670845	0.726854	0.147141	-0.631013	-0.663698	0.401656
53036	7.921515	3.528577	7.794779	1.891281	1.112422	0.717988	0.391602	0.189218	0.900469	-0.685468	0.712838	0.148311	-0.613826	-0.675321	0.408852
53037	7.768878	4.329077	8.564049	1.492706	1.275387	0.721540	0.394303	0.202984	0.896283	-0.697389	0.701247	0.147990	-0.598476	-0.683411	0.418063
53038	7.284090	4.741579	8.940733	1.027518	1.267326	0.627699	0.397351	0.216048	0.891872	-0.706005	0.692845	0.146708	-0.586233	-0.687961	0.427833
53039	6.003040	5.519817	9.025255	0.689177	1.070655	0.529924	0.399787	0.227080	0.888034	-0.712159	0.686888	0.144964	-0.577062	-0.690376	0.436326
53040	5.487347	5.883818	8.978468	0.160957	0.709686	0.377163	0.401123	0.234562	0.885483	-0.714638	0.684864	0.142312	-0.573055	-0.689885	0.442342
53041	5.365601	4.954921	8.373111	-0.291594	0.498916	0.224077	0.402359	0.239527	0.883591	-0.713893	0.686313	0.139036	-0.573118	-0.686732	0.447141
53042	5.626201	3.455527	7.343150	-0.693177	0.314074	0.175930	0.402858	0.242884	0.882447	-0.710660	0.690587	0.134356	-0.576774	-0.681246	0.450816
53043	6.487569	1.898562	6.195586	-1.117018	0.173666	0.213207	0.402341	0.245534	0.881949	-0.705057	0.697608	0.127430	-0.583966	-0.673095	0.453792
53044	6.855856	0.569302	4.909217	-1.354883	0.128476	0.284952	0.401043	0.248391	0.881740	-0.698273	0.705915	0.118736	-0.592941	-0.663314	0.456547
53045	6.742922	-0.033750	3.818042	-1.346993	0.117245	0.321408	0.399496	0.251442	0.881578	-0.691535	0.713958	0.109742	-0.601816	-0.653483	0.459104
53046	6.760246	-0.217078	3.166684	-1.225955	0.083594	0.297724	0.397898	0.254121	0.881532	-0.685339	0.721121	0.101463	-0.609907	-0.644521	0.461092
53047	6.799641	-0.104015	2.798316	-1.067683	0.064562	0.266077	0.396462	0.256462	0.881502	-0.679871	0.727258	0.094191	-0.616922	-0.636650	0.462691
53048	6.667892	-0.031497	2.488645	-0.930905	0.016036	0.229099	0.394955	0.258237	0.881660	-0.675051	0.732522	0.087846	-0.623150	-0.629861	0.463636
53049	6.665792	-0.032503	2.333114	-0.813102	-0.101661	0.211296	0.392878	0.259155	0.882318	-0.670820	0.737049	0.082216	-0.629005	-0.624177	0.463417
53050	6.889592	-0.064849	2.477229	-0.712203	-0.249466	0.234018	0.389681	0.259335	0.883682	-0.667281	0.740831	0.076842	-0.634731	-0.619608	0.461737
53051	7.071108	-0.187865	2.801570	-0.579925	-0.400795	0.315587	0.385005	0.259204	0.885768	-0.664835	0.743572	0.071382	-0.640129	-0.616372	0.458606
53052	7.131236	-0.262387	3.319531	-0.382864	-0.548074	0.436031	0.378531	0.259077	0.888591	-0.664086	0.744759	0.065753	-0.644751	-0.614991	0.453964
53053	7.800204	-0.382414	4.019336	-0.183427	-0.746606	0.553936	0.369999	0.258612	0.892312	-0.665003	0.744427	0.059993	-0.648746	-0.615587	0.447416
53054	9.800346	-0.440816	4.128005	0.058356	-0.944419	0.638238	0.359549	0.257532	0.896884	-0.667757	0.742380	0.054527	-0.651786	-0.618505	0.438891
53055	14.358750	0.888552	4.524524	0.332682	-1.219442	0.659830	0.347143	0.254848	0.902521	-0.672291	0.738595	0.050029	-0.653847	-0.624124	0.427730
53056	20.572559	4.565294	7.068849	0.880776	-1.366289	0.531707	0.334567	0.250163	0.908561	-0.679902	0.731670	0.048908	-0.652532	-0.634095	0.414879
53057	21.521322	5.675988	12.018848	1.402496	-0.107410	0.541341	0.330138	0.253410	0.909281	-0.690816	0.721314	0.049793	-0.643259	-0.644584	0.413193
53058	12.451901	3.851877	13.099374	2.317798	1.211541	0.757843	0.332452	0.266703	0.904624	-0.708046	0.704205	0.052594	-0.623014	-0.658001	0.422953
53059	4.122270	2.465825	9.342595	2.858241	0.430324	0.790077	0.329398	0.275051	0.903241	-0.728177	0.682967	0.057581	-0.601046	-0.676686	0.425254
53060	3.293350	1.608600	5.154256	2.554016	-1.035461	0.699148	0.318046	0.272644	0.908026	-0.745636	0.663468	0.061954	-0.585555	-0.696761	0.414306
53061	5.785902	1.235008	1.499549	1.662872	-1.658666	0.586129	0.303982	0.264803	0.915136	-0.757152	0.650157	0.063375	-0.578200	-0.712162	0.398133
53062	7.135538	0.618574	-1.218459	0.670711	-1.703497	0.438561	0.290744	0.255429	0.922076	-0.762374	0.644165	0.061945	-0.578146	-0.720977	0.382020
53063	8.395521	0.857005	-2.616631	-0.241990	-1.674648	0.364520	0.278220	0.245674	0.928568	-0.762020	0.644980	0.057674	-0.584739	-0.723633	0.366655
53064	10.036352	1.722172	-3.418392	-1.204377	-1.307962	0.406040	0.267350	0.238868	0.933524	-0.756048	0.652640	0.049527	-0.597424	-0.719030	0.355079
53065	9.952945	1.155414	-3.174737	-1.798611	-0.697109	0.457760	0.259681	0.236891	0.936188	-0.746385	0.664375	0.038921	-0.612760	-0.708864	0.349337
53066	8.827549	-0.366166	-1.198309	-1.633633	-0.526962	0.622979	0.251735	0.237347	0.938241	-0.737898	0.674356	0.027390	-0.626207	-0.699221	0.344897
53067	8.959522	-2.302675	1.789585	-1.120300	-0.912482	0.762584	0.240350	0.236139	0.941525	-0.732715	0.680338	0.016413	-0.636679	-0.693815	0.336542
53068	9.630355	-3.056632	2.159717	-0.813968	-1.354039	0.812083	0.225673	0.232297	0.946102	-0.729428	0.684031	0.006039	-0.645761	-0.691476	0.323811
53069	10.060881	-1.692952	-0.498486	-0.694378	-1.513082	0.769380	0.210215	0.227106	0.950912	-0.726611	0.687041	-0.003456	-0.654100	-0.690216	0.309444
53070	10.283776	0.515987	-1.684494	-0.506307	-1.436251	0.632734	0.196123	0.221545	0.955224	-0.724608	0.689073	-0.011043	-0.660666	-0.689997	0.295676
53071	9.975477	2.092199	-0.914144	-0.287151	-1.233137	0.481948	0.184433	0.216340	0.958740	-0.723640	0.689981	-0.016488	-0.665079	-0.690742	0.283807
53072	9.704498	2.544160	0.227557	-0.242379	-1.104572	0.348034	0.174490	0.211106	0.961763	-0.722687	0.690870	-0.020530	-0.668787	-0.691471	0.273114
53073	9.498037	1.765075	0.981283	-0.342912	-1.002922	0.250501	0.165928	0.205885	0.964406	-0.720829	0.692702	-0.023861	-0.672959	-0.691213	0.263347
53074	9.107230	0.319671	1.614614	-0.457015	-0.975286	0.221389	0.157690	0.200684	0.966882	-0.718139	0.695367	-0.027207	-0.677798	-0.690066	0.253771
53075	8.879150	-1.448535	1.616107	-0.595657	-1.031628	0.230527	0.148991	0.195160	0.969389	-0.714452	0.699002	-0.030917	-0.683638	-0.687975	0.243577
53076	8.769745	-3.115294	1.352689	-0.633909	-1.140398	0.259821	0.139249	0.189146	0.972025	-0.710512	0.702816	-0.034975	-0.689770	-0.685765	0.232257
53077	9.083067	-4.060182	1.052835	-0.543539	-1.231497	0.276976	0.128728	0.182643	0.974716	-0.707134	0.706008	-0.038903	-0.695262	-0.684247	0.220036
53078	9.728934	-4.156940	1.043631	-0.298248	-1.226652	0.287587	0.118087	0.176279	0.977231	-0.705449	0.707493	-0.042377	-0.698854	-0.684383	0.207902
53079	10.484215	-3.364111	1.391316	-0.017875	-1.083177	0.262357	0.108622	0.170698	0.979318	-0.705642	0.707139	-0.044989	-0.700193	-0.686161	0.197263
53080	10.476580	-2.264043	1.828571	0.152529	-0.871077	0.233933	0.100812	0.166360	0.980898	-0.706992	0.705656	-0.047018	-0.699999	-0.688748	0.188754
53081	9.843692	-1.499280	2.142633	0.168076	-0.751275	0.202497	0.094082	0.162592	0.982198	-0.708389	0.704139	-0.048708	-0.699524	-0.691196	0.181425
53082	9.168974	-1.049384	1.910078	0.100528	-0.764547	0.184077	0.087370	0.158593	0.983471	-0.709296	0.703108	-0.050370	-0.699475	-0.693172	0.173920
53083	8.866796	-1.007659	1.465817	-0.059321	-0.863622	0.159740	0.080149	0.153716	0.984859	-0.709039	0.703245	-0.052059	-0.700599	-0.694131	0.165355
53084	8.936592	-1.362566	1.070879	-0.160174	-0.972466	0.147929	0.072219	0.148002	0.986347	-0.708065	0.704094	-0.053807	-0.702445	-0.694512	0.155644
53085	9.060464	-1.570497	0.735567	-0.182423	-1.021026	0.135373	0.064035	0.141854	0.987814	-0.706899	0.705139	-0.055436	-0.704410	-0.694735	0.145430
53086	9.158116	-1.582998	0.503831	-0.182830	-1.047905	0.122259	0.055721	0.135433	0.989218	-0.705719	0.706201	-0.056934	-0.706297	-0.694938	0.134928
53087	9.289783	-1.583745	0.428378	-0.171660	-1.081456	0.107811	0.047266	0.128670	0.990560	-0.704586	0.707224	-0.058245	-0.708042	-0.695182	0.124087
53088	9.505911	-1.528166	0.543054	-0.161124	-1.094424	0.105847	0.038704	0.121807	0.991799	-0.703525	0.708173	-0.059520	-0.709615	-0.695452	0.113104
53089	9.654829	-1.499318	0.837272	-0.163620	-1.070553	0.108856	0.030285	0.115125	0.992889	-0.702427	0.709154	-0.060801	-0.711111	-0.695591	0.102344
53090	9.609948	-1.496915	1.103437	-0.153137	-1.055384	0.122125	0.021856	0.108648	0.993840	-0.701404	0.710045	-0.062198	-0.712429	-0.695724	0.091725
53091	9.625449	-1.277429	1.299715	-0.104051	-1.054227	0.136928	0.013331	0.102277	0.994667	-0.700714	0.710595	-0.063676	-0.713318	-0.696128	0.081140
53092	9.539462	-0.901511	1.523298	-0.077861	-1.049662	0.140641	0.004796	0.095965	0.995373	-0.700206	0.710960	-0.065171	-0.713925	-0.696653	0.070605
53093	9.478979	-0.603734	1.684199	-0.080464	-1.051188	0.137864	-0.003727	0.089616	0.995969	-0.699659	0.711364	-0.066626	-0.714468	-0.697087	0.060049
53094	9.419322	-0.427416	1.725379	-0.139780	-1.067313	0.136358	-0.012370	0.083144	0.996461	-0.698682	0.712184	-0.068098	-0.715325	-0.697052	0.049281
53095	9.527264	-0.382635	1.549707	-0.199416	-1.070151	0.121843	-0.020932	0.076552	0.996846	-0.697262	0.713446	-0.069429	-0.716511	-0.696516	0.038443
53096	9.537682	-0.319535	1.398300	-0.273448	-1.088908	0.112718	-0.029587	0.069776	0.997124	-0.695305	0.715230	-0.070682	-0.718105	-0.695397	0.027354
53097	9.628427	-0.372334	1.068991	-0.350542	-1.107118	0.108024	-0.038346	0.062859	0.997285	-0.692773	0.717566	-0.071866	-0.720136	-0.693648	0.016031
53098	9.625879	-0.574323	0.509615	-0.340025	-1.113118	0.110336	-0.047195	0.055939	0.997318	-0.690306	0.719821	-0.073041	-0.721976	-0.691902	0.004643
53099	9.528609	-0.770423	-0.036105	-0.281498	-1.131873	0.106874	-0.056160	0.048884	0.997224	-0.688243	0.721683	-0.074136	-0.723304	-0.690496	-0.006886
53100	9.462545	-0.844895	-0.674127	-0.217928	-1.193750	0.091553	-0.065488	0.041307	0.996998	-0.686642	0.723110	-0.075061	-0.724040	-0.689496	-0.018992
53101	9.519400	-0.924658	-1.212941	-0.126057	-1.279227	0.069785	-0.075278	0.032993	0.996617	-0.685706	0.723926	-0.075759	-0.723976	-0.689089	-0.031872
53102	9.645317	-1.092639	-1.577592	0.001677	-1.367049	0.062824	-0.085657	0.024023	0.996035	-0.685698	0.723862	-0.076427	-0.722828	-0.689526	-0.045532
53103	9.723000	-1.075323	-1.595234	0.155424	-1.426267	0.089193	-0.096609	0.014822	0.995212	-0.686760	0.722748	-0.077431	-0.720435	-0.690953	-0.059645
53104	9.845511	-1.122247	-1.495156	0.267567	-1.474425	0.129782	-0.108159	0.005554	0.994118	-0.688581	0.720850	-0.078944	-0.717048	-0.693069	-0.074142
53105	10.118486	-0.996839	-1.262623	0.335072	-1.511363	0.158260	-0.120106	-0.003803	0.992754	-0.690819	0.718496	-0.080824	-0.712983	-0.695520	-0.088923
53106	10.289271	-0.862925	-0.817061	0.385119	-1.484600	0.160767	-0.131829	-0.012998	0.991187	-0.693382	0.715793	-0.082834	-0.708408	-0.698191	-0.103375
53107	10.179485	-0.748563	-0.520798	0.421103	-1.426136	0.162796	-0.143077	-0.021816	0.989471	-0.696154	0.712849	-0.084946	-0.703491	-0.700978	-0.117180
53108	10.133435	-0.497064	-0.211242	0.437103	-1.395745	0.171315	-0.154114	-0.030403	0.987585	-0.698990	0.709792	-0.087227	-0.698328	-0.703755	-0.130641
53109	10.253293	0.008003	0.080440	0.370832	-1.385635	0.172438	-0.165017	-0.038952	0.985521	-0.701318	0.707210	-0.089477	-0.693486	-0.705929	-0.144019
53110	10.577038	0.431080	0.327902	0.240213	-1.392074	0.178162	-0.175951	-0.047531	0.983251	-0.702702	0.705558	-0.091640	-0.689385	-0.707056	-0.157544
53111	10.875895	0.811571	0.520468	0.072027	-1.316951	0.168803	-0.186243	-0.055649	0.980926	-0.702905	0.705117	-0.093455	-0.686468	-0.706904	-0.170439
53112	11.099036	1.171629	0.656661	-0.061010	-1.225286	0.184358	-0.195996	-0.063006	0.978578	-0.702160	0.705626	-0.095201	-0.684512	-0.705777	-0.182540
53113	11.136615	1.320053	0.805532	-0.220048	-1.131505	0.202907	-0.205200	-0.069549	0.976246	-0.700262	0.707292	-0.096802	-0.683758	-0.703492	-0.193839
53114	10.804408	1.111840	1.031645	-0.367614	-1.040532	0.221173	-0.213921	-0.075287	0.973946	-0.697309	0.710002	-0.098276	-0.684104	-0.700164	-0.204382
53115	10.215452	0.683887	1.154042	-0.489123	-0.992851	0.218390	-0.222277	-0.080664	0.971641	-0.693497	0.713568	-0.099409	-0.685314	-0.695926	-0.214550
53116	9.760192	0.256363	1.307052	-0.578831	-1.025177	0.183523	-0.230638	-0.086461	0.969191	-0.689133	0.717706	-0.099967	-0.686951	-0.690958	-0.225113
53117	9.824816	-0.099587	1.293852	-0.661641	-1.082514	0.080666	-0.238678	-0.093322	0.966604	-0.684402	0.722317	-0.099259	-0.688932	-0.685236	-0.236271
53118	10.227346	-0.355825	1.215849	-0.746001	-1.114372	-0.052508	-0.246068	-0.101304	0.963944	-0.679404	0.727325	-0.096996	-0.691275	-0.678775	-0.247798
53119	10.781951	-0.514470	1.138915	-0.805305	-1.109405	-0.178367	-0.252572	-0.110089	0.961295	-0.674277	0.732566	-0.093265	-0.693944	-0.671735	-0.259256
53120	11.216138	-0.414819	1.263459	-0.882637	-1.061443	-0.287016	-0.258084	-0.119289	0.958730	-0.668893	0.738104	-0.088224	-0.697118	-0.664057	-0.270285
53121	11.470881	-0.334151	1.242795	-1.069031	-1.011755	-0.307004	-0.263152	-0.128216	0.956196	-0.662220	0.744767	-0.082383	-0.701580	-0.654892	-0.280894
53122	11.512526	-0.511791	1.043262	-1.185656	-0.891602	-0.311005	-0.267441	-0.136336	0.953880	-0.654718	0.752035	-0.076078	-0.706979	-0.644869	-0.290387
