// General information: 
//  MT Manager version: 2022.2.0 
//  XDA version: 2022.2.0 build 7381 rev 124627 built on 2023-07-19
// Device information: 
//  DeviceId: 00B4CB9F
//  ProductCode: MTW2-3A7G6
//  Firmware Version: 4.6.0
//  Hardware Version: 2.0.0
// Device settings: 
//  Filter Profile: human(46.1)
//  Option Flags: Orientation Smoother Disabled, Position/Velocity Smoother Disabled, Continuous Zero Rotation Update Disabled, AHS Disabled, ICC Disabled
// Coordinate system: ENU
PacketCounter	Acc_X	Acc_Y	Acc_Z	Gyr_X	Gyr_Y	Gyr_Z	Mat[1][1]	Mat[2][1]	Mat[3][1]	Mat[1][2]	Mat[2][2]	Mat[3][2]	Mat[1][3]	Mat[2][3]	Mat[3][3]
45144	9.693868	0.697272	-1.505182	0.011772	-0.001758	-0.006861	0.075423	0.152452	0.985429	0.643204	-0.762603	0.068750	0.761972	0.628646	-0.155575
45145	9.708435	0.699310	-1.524469	0.007543	0.008235	-0.006916	0.075331	0.152423	0.985440	0.643283	-0.762534	0.068770	0.761914	0.628737	-0.155493
45146	9.680693	0.681048	-1.515594	0.011137	0.004237	-0.005247	0.075329	0.152423	0.985440	0.643383	-0.762451	0.068751	0.761829	0.628837	-0.155501
45147	9.667474	0.664261	-1.526566	0.012650	0.002079	-0.006966	0.075231	0.152501	0.985436	0.643464	-0.762373	0.068857	0.761771	0.628912	-0.155483
45148	9.680691	0.681958	-1.515200	0.007211	0.002829	-0.006457	0.075232	0.152519	0.985433	0.643535	-0.762314	0.068856	0.761711	0.628980	-0.155501
45149	9.680796	0.701288	-1.543981	0.005248	0.002125	-0.007061	0.075139	0.152480	0.985446	0.643629	-0.762233	0.068866	0.761640	0.629088	-0.155414
45150	9.679449	0.717530	-1.513001	0.000307	0.003521	-0.005213	0.075142	0.152484	0.985445	0.643647	-0.762218	0.068863	0.761625	0.629104	-0.155420
45151	9.653146	0.702411	-1.563975	-0.005132	0.004271	-0.004704	0.075174	0.152390	0.985457	0.643690	-0.762191	0.068761	0.761585	0.629160	-0.155389
45152	9.610905	0.701575	-1.564773	-0.007049	0.001353	-0.006293	0.075187	0.152415	0.985452	0.643653	-0.762221	0.068781	0.761615	0.629118	-0.155412
45153	9.638571	0.702324	-1.543823	-0.010099	0.003782	-0.007608	0.075028	0.152316	0.985480	0.643653	-0.762218	0.068805	0.761631	0.629145	-0.155226
45154	9.653040	0.685794	-1.533984	-0.013456	0.002690	-0.003710	0.075046	0.152313	0.985479	0.643565	-0.762292	0.068809	0.761703	0.629056	-0.155230
45155	9.696560	0.653508	-1.534129	-0.008679	0.006053	-0.007358	0.074965	0.152392	0.985473	0.643465	-0.762364	0.068943	0.761796	0.628949	-0.155210
45156	9.667579	0.670040	-1.523373	-0.006716	0.006757	-0.006753	0.074932	0.152387	0.985476	0.643431	-0.762391	0.068966	0.761828	0.628918	-0.155178
45157	9.668908	0.636204	-1.524356	-0.000827	0.008869	-0.004938	0.074931	0.152196	0.985506	0.643559	-0.762299	0.068793	0.761720	0.629076	-0.155067
45158	9.669006	0.636653	-1.523545	0.003146	0.008064	-0.004712	0.074902	0.152166	0.985513	0.643599	-0.762266	0.068781	0.761689	0.629123	-0.155029
45159	9.640078	0.652877	-1.512557	0.004991	0.011312	-0.006891	0.074897	0.152152	0.985515	0.643655	-0.762221	0.068762	0.761642	0.629182	-0.155022
45160	9.682416	0.654794	-1.510644	0.007662	0.005692	-0.004131	0.074890	0.152133	0.985519	0.643729	-0.762160	0.068736	0.761580	0.629259	-0.155011
45161	9.668028	0.672531	-1.519420	0.005039	0.009098	-0.007876	0.074731	0.151971	0.985556	0.643876	-0.762041	0.068682	0.761472	0.629443	-0.154799
45162	9.681319	0.690262	-1.507407	0.001680	0.008005	-0.003979	0.074707	0.151935	0.985563	0.643904	-0.762019	0.068664	0.761450	0.629479	-0.154760
45163	9.639269	0.708072	-1.536823	0.002154	0.006768	-0.007392	0.074621	0.151993	0.985561	0.643894	-0.762018	0.068767	0.761467	0.629465	-0.154730
45164	9.653922	0.710255	-1.555622	-0.001322	0.008220	-0.006280	0.074580	0.151974	0.985567	0.643902	-0.762011	0.068776	0.761465	0.629479	-0.154687
45165	9.697499	0.678030	-1.555481	-0.003781	0.006868	-0.008225	0.074495	0.151996	0.985570	0.643892	-0.762012	0.068850	0.761481	0.629472	-0.154635
45166	9.694903	0.729001	-1.522197	-0.002362	0.009138	-0.007975	0.074436	0.151984	0.985576	0.643893	-0.762009	0.068878	0.761486	0.629479	-0.154582
45167	9.725377	0.679363	-1.532807	0.000497	0.015564	-0.002722	0.074460	0.151885	0.985589	0.643945	-0.761974	0.068775	0.761440	0.629544	-0.154543
45168	9.840453	0.613843	-1.510613	-0.001226	0.039604	-0.005884	0.074183	0.151665	0.985644	0.643953	-0.761967	0.068781	0.761460	0.629606	-0.154191
45169	10.254978	0.546920	-1.565227	-0.017354	0.117623	-0.012404	0.073289	0.150900	0.985829	0.643911	-0.762003	0.068770	0.761582	0.629746	-0.153013
45170	10.763283	0.407821	-1.758145	-0.065939	0.264479	-0.052517	0.070998	0.149619	0.986191	0.643460	-0.762333	0.069333	0.762180	0.629652	-0.150398
45171	10.697404	0.416641	-2.113459	-0.086824	0.406000	-0.080188	0.067512	0.147626	0.986736	0.642912	-0.762723	0.070124	0.762959	0.629651	-0.146403
45172	9.721704	0.571708	-1.946529	-0.015096	0.425727	-0.085920	0.063773	0.145584	0.987288	0.642868	-0.762685	0.070939	0.763318	0.630172	-0.142230
45173	9.066262	0.750469	-1.416729	0.040992	0.346133	-0.046588	0.060836	0.143692	0.987751	0.643232	-0.762346	0.071285	0.763250	0.631016	-0.138806
45174	8.883026	0.704554	-0.950381	0.066822	0.265900	-0.005261	0.058836	0.142037	0.988111	0.643760	-0.761909	0.071190	0.762963	0.631918	-0.136266
45175	8.966698	0.776048	-0.923876	0.066490	0.173249	0.005943	0.057717	0.140871	0.988344	0.644292	-0.761485	0.070911	0.762598	0.632690	-0.134713
45176	9.217320	0.796172	-1.118788	0.039058	0.108764	-0.006741	0.056907	0.140218	0.988484	0.644609	-0.761221	0.070870	0.762392	0.633152	-0.133705
45177	9.394744	0.866378	-1.308821	-0.005719	0.064487	-0.022897	0.056280	0.139912	0.988563	0.644637	-0.761182	0.071030	0.762415	0.633267	-0.133032
45178	9.523134	0.911351	-1.356209	-0.016510	0.023713	-0.027216	0.055987	0.139952	0.988574	0.644541	-0.761241	0.071266	0.762517	0.633187	-0.132824
45179	9.535898	0.930924	-1.343926	-0.018034	-0.010746	-0.016479	0.056032	0.140162	0.988542	0.644422	-0.761328	0.071419	0.762615	0.633036	-0.132982
45180	9.470414	0.938471	-1.179140	-0.010810	-0.040445	-0.008095	0.056351	0.140463	0.988481	0.644359	-0.761378	0.071458	0.762644	0.632909	-0.133413
45181	9.435534	0.967059	-1.084050	-0.014167	-0.061108	0.001679	0.056990	0.140802	0.988396	0.644314	-0.761428	0.071318	0.762635	0.632773	-0.134114
45182	9.436188	0.932403	-1.092748	-0.019789	-0.089742	0.006542	0.057780	0.141303	0.988279	0.644174	-0.761555	0.071225	0.762693	0.632508	-0.135026
45183	9.469976	0.850338	-1.175196	-0.037080	-0.123283	0.015188	0.058935	0.142014	0.988109	0.643868	-0.761827	0.071090	0.762864	0.632022	-0.136337
45184	9.543995	0.803988	-1.257151	-0.047454	-0.157203	0.018878	0.060319	0.142847	0.987905	0.643509	-0.762147	0.070913	0.763058	0.631449	-0.137895
45185	9.616890	0.738440	-1.313113	-0.044774	-0.179924	0.024738	0.061984	0.143799	0.987664	0.643182	-0.762447	0.070643	0.763200	0.630869	-0.139749
45186	9.713961	0.741050	-1.346354	-0.033016	-0.190637	0.032500	0.063712	0.144737	0.987417	0.642924	-0.762696	0.070313	0.763275	0.630354	-0.141648
45187	9.784506	0.689820	-1.374014	-0.020895	-0.180772	0.031945	0.065493	0.145576	0.987177	0.642821	-0.762825	0.069844	0.763211	0.630004	-0.143539
45188	9.816076	0.586569	-1.434902	-0.005025	-0.162861	0.035575	0.067029	0.146314	0.986965	0.642774	-0.762902	0.069444	0.763118	0.629740	-0.145183
45189	9.847418	0.463510	-1.464673	0.033159	-0.130798	0.043104	0.068426	0.146764	0.986802	0.643058	-0.762717	0.068846	0.762755	0.629860	-0.146568
45190	9.905187	0.373495	-1.469140	0.078450	-0.106359	0.050222	0.069625	0.147035	0.986678	0.643636	-0.762289	0.068179	0.762158	0.630314	-0.147711
45191	9.945625	0.330746	-1.418935	0.125415	-0.071736	0.054311	0.070711	0.147096	0.986591	0.644588	-0.761558	0.067346	0.761253	0.631183	-0.148667
45192	9.946688	0.307843	-1.455236	0.142591	-0.031903	0.052270	0.071356	0.146883	0.986577	0.645649	-0.760728	0.066561	0.760293	0.632233	-0.149118
45193	9.855033	0.433309	-1.393925	0.133772	-0.003748	0.036162	0.071614	0.146585	0.986602	0.646654	-0.759925	0.065968	0.759414	0.633266	-0.149211
45194	9.751275	0.581397	-1.399877	0.089623	0.013659	0.013803	0.071664	0.146378	0.986630	0.647339	-0.759370	0.065642	0.758826	0.633980	-0.149176
45195	9.633889	0.786828	-1.472544	0.053692	0.018095	-0.009188	0.071439	0.146300	0.986657	0.647773	-0.759000	0.065642	0.758476	0.634441	-0.148991
45196	9.578427	0.859156	-1.569714	0.029601	0.011224	-0.016874	0.071309	0.146341	0.986661	0.648024	-0.758780	0.065707	0.758274	0.634694	-0.148940
45197	9.580653	0.881972	-1.658307	0.014200	-0.003887	-0.018124	0.071275	0.146445	0.986648	0.648167	-0.758651	0.065781	0.758155	0.634824	-0.148994
45198	9.638930	0.870407	-1.708035	0.012151	-0.017261	-0.013649	0.071382	0.146642	0.986611	0.648284	-0.758547	0.065841	0.758046	0.634904	-0.149212
45199	9.626692	0.819237	-1.722907	0.018351	-0.022751	-0.003442	0.071626	0.146831	0.986565	0.648434	-0.758422	0.065799	0.757894	0.635010	-0.149533
45200	9.654798	0.765696	-1.676827	0.027787	-0.020527	0.005804	0.071884	0.146902	0.986536	0.648655	-0.758246	0.065644	0.757680	0.635202	-0.149794
45201	9.680129	0.761702	-1.598303	0.019410	-0.017992	0.012497	0.072090	0.147019	0.986503	0.648750	-0.758170	0.065582	0.757579	0.635266	-0.150035
45202	9.635747	0.755835	-1.542166	0.016131	-0.023495	0.014434	0.072426	0.147043	0.986475	0.648876	-0.758082	0.065359	0.757440	0.635366	-0.150317
45203	9.664312	0.719793	-1.525124	0.007205	-0.021286	0.016020	0.072909	0.147115	0.986429	0.648931	-0.758057	0.065092	0.757346	0.635379	-0.150737
45204	9.678189	0.682445	-1.488437	-0.002707	-0.020374	0.014931	0.073225	0.147116	0.986405	0.648914	-0.758090	0.064893	0.757330	0.635340	-0.150977
45205	9.664585	0.645240	-1.472204	-0.004871	-0.014120	0.013481	0.073454	0.147152	0.986383	0.648842	-0.758160	0.064787	0.757370	0.635248	-0.151168
45206	9.625011	0.592399	-1.507295	-0.005810	-0.017631	0.009827	0.073716	0.147174	0.986360	0.648804	-0.758205	0.064643	0.757376	0.635189	-0.151379
45207	9.668604	0.577235	-1.538159	-0.008314	-0.016770	0.008857	0.073871	0.147208	0.986343	0.648755	-0.758253	0.064579	0.757404	0.635124	-0.151514
45208	9.669657	0.542084	-1.541225	-0.007384	-0.015154	0.007764	0.074100	0.147230	0.986323	0.648706	-0.758304	0.064457	0.757423	0.635058	-0.151699
45209	9.682296	0.540554	-1.502335	-0.011971	-0.014354	-0.001352	0.074137	0.147376	0.986298	0.648580	-0.758403	0.064571	0.757527	0.634906	-0.151810
45210	9.711431	0.543598	-1.542757	-0.008383	-0.018346	0.000340	0.074342	0.147474	0.986268	0.648529	-0.758450	0.064525	0.757551	0.634827	-0.152026
45211	9.712172	0.490595	-1.516611	-0.001716	-0.009875	-0.000746	0.074595	0.147476	0.986249	0.648595	-0.758408	0.064350	0.757469	0.634876	-0.152226
45212	9.696127	0.523739	-1.496246	0.002058	-0.003724	-0.001347	0.074679	0.147495	0.986239	0.648625	-0.758387	0.064304	0.757435	0.634898	-0.152305
45213	9.680142	0.556972	-1.475465	-0.000989	-0.001297	-0.002677	0.074728	0.147519	0.986232	0.648633	-0.758381	0.064290	0.757424	0.634899	-0.152358
45214	9.691977	0.609401	-1.462838	-0.006507	-0.002114	-0.010699	0.074739	0.147599	0.986219	0.648605	-0.758400	0.064350	0.757446	0.634858	-0.152415
45215	9.660546	0.713919	-1.479140	-0.018276	-0.004436	-0.009596	0.074803	0.147601	0.986214	0.648556	-0.758445	0.064320	0.757483	0.634803	-0.152462
45216	9.634061	0.680958	-1.502027	-0.029082	-0.009247	-0.015311	0.074838	0.147760	0.986188	0.648361	-0.758600	0.064459	0.757646	0.634581	-0.152574
45217	9.633768	0.682828	-1.503055	-0.028877	-0.016211	-0.014476	0.074907	0.148019	0.986144	0.648132	-0.758778	0.064660	0.757835	0.634308	-0.152773
45218	9.647597	0.648534	-1.465765	-0.028320	-0.015887	-0.009369	0.075031	0.148175	0.986111	0.647938	-0.758936	0.064740	0.757988	0.634082	-0.152952
45219	9.719717	0.582050	-1.447943	-0.022463	-0.009676	-0.001822	0.075094	0.148161	0.986108	0.647828	-0.759034	0.064710	0.758077	0.633969	-0.152982
45220	9.721091	0.566727	-1.479444	-0.013586	-0.009671	-0.002441	0.075216	0.148225	0.986089	0.647740	-0.759109	0.064699	0.758139	0.633863	-0.153108
45221	9.720710	0.548542	-1.451062	-0.004867	-0.004916	-0.004872	0.075175	0.148256	0.986088	0.647718	-0.759124	0.064754	0.758162	0.633839	-0.153095
45222	9.719362	0.583370	-1.449794	-0.001915	-0.002916	-0.001586	0.075250	0.148271	0.986080	0.647718	-0.759126	0.064716	0.758154	0.633832	-0.153162
45223	9.621735	0.563436	-1.463547	-0.003156	0.004962	-0.004118	0.075342	0.148301	0.986068	0.647711	-0.759136	0.064682	0.758152	0.633814	-0.153251
45224	9.649295	0.564055	-1.442583	-0.003012	-0.001677	-0.007055	0.075373	0.148349	0.986059	0.647707	-0.759137	0.064700	0.758152	0.633800	-0.153305
45225	9.649252	0.564994	-1.442505	-0.011070	0.002470	-0.010318	0.075396	0.148397	0.986050	0.647663	-0.759172	0.064731	0.758187	0.633748	-0.153350
45226	9.677272	0.603693	-1.479541	-0.012057	0.001173	-0.012996	0.075367	0.148473	0.986040	0.647596	-0.759222	0.064822	0.758248	0.633670	-0.153371
45227	9.664283	0.606702	-1.519765	-0.015934	-0.002448	-0.015191	0.075265	0.148599	0.986029	0.647488	-0.759298	0.065005	0.758349	0.633550	-0.153364
45228	9.662837	0.643060	-1.518319	-0.013982	-0.003635	-0.019333	0.075231	0.148753	0.986009	0.647411	-0.759351	0.065162	0.758419	0.633450	-0.153431
45229	9.690712	0.682374	-1.555835	-0.010489	-0.003200	-0.015687	0.075114	0.148919	0.985992	0.647317	-0.759412	0.065384	0.758511	0.633338	-0.153440
45230	9.646806	0.698217	-1.526589	-0.007106	-0.000227	-0.014831	0.075083	0.149018	0.985980	0.647288	-0.759428	0.065486	0.758539	0.633296	-0.153477
45231	9.647789	0.646524	-1.499167	-0.006612	0.000421	-0.013492	0.074935	0.149154	0.985970	0.647224	-0.759463	0.065699	0.758608	0.633221	-0.153446
45232	9.646197	0.663633	-1.468216	-0.008672	0.004141	-0.012141	0.074888	0.149205	0.985966	0.647181	-0.759493	0.065777	0.758649	0.633173	-0.153439
45233	9.629962	0.679536	-1.417450	-0.017716	0.006985	-0.018082	0.074794	0.149303	0.985959	0.647082	-0.759564	0.065933	0.758743	0.633065	-0.153422
45234	9.602378	0.681314	-1.437488	-0.021085	0.005898	-0.014190	0.074720	0.149358	0.985956	0.646946	-0.759670	0.066050	0.758866	0.632925	-0.153389
45235	9.631477	0.667565	-1.446605	-0.037421	0.006242	-0.017458	0.074568	0.149472	0.985950	0.646647	-0.759903	0.066297	0.759136	0.632618	-0.153320
45236	9.661895	0.619761	-1.457411	-0.039871	0.004883	-0.019409	0.074468	0.149574	0.985942	0.646372	-0.760120	0.066495	0.759380	0.632334	-0.153285
45237	9.705415	0.589204	-1.457181	-0.039758	0.002341	-0.016623	0.074362	0.149648	0.985939	0.646121	-0.760318	0.066671	0.759604	0.632078	-0.153229
45238	9.706922	0.575700	-1.487403	-0.034856	0.003159	-0.017477	0.074287	0.149746	0.985930	0.645883	-0.760505	0.066842	0.759814	0.631829	-0.153214
45239	9.651750	0.577615	-1.528554	-0.030821	0.002031	-0.013472	0.074293	0.149722	0.985933	0.645752	-0.760616	0.066846	0.759925	0.631702	-0.153191
45240	9.624189	0.579577	-1.548600	-0.026192	0.010140	-0.018917	0.074156	0.149786	0.985934	0.645581	-0.760746	0.067018	0.760083	0.631530	-0.153113
45241	9.593902	0.650820	-1.564962	-0.018253	0.006657	-0.023196	0.074004	0.150000	0.985913	0.645412	-0.760862	0.067315	0.760241	0.631339	-0.153118
45242	9.664309	0.711703	-1.628600	-0.026415	0.013325	-0.029247	0.073776	0.150123	0.985911	0.645247	-0.760978	0.067589	0.760404	0.631169	-0.153008
45243	9.677486	0.732952	-1.614988	-0.028591	0.030702	-0.044257	0.073316	0.150229	0.985929	0.645098	-0.761068	0.067996	0.760574	0.631036	-0.152711
45244	9.708583	0.707185	-1.651275	-0.055510	0.053101	-0.054859	0.072621	0.150296	0.985970	0.644729	-0.761329	0.068566	0.760953	0.630705	-0.152189
45245	9.841572	0.581524	-1.647789	-0.073931	0.070441	-0.069391	0.071699	0.150316	0.986035	0.644272	-0.761654	0.069263	0.761428	0.630308	-0.151454
45246	9.874080	0.467296	-1.595546	-0.063400	0.082533	-0.068247	0.070693	0.150300	0.986110	0.643852	-0.761944	0.069976	0.761878	0.629961	-0.150635
45247	9.794615	0.329336	-1.537834	-0.023734	0.082460	-0.050579	0.069846	0.150203	0.986185	0.643707	-0.762020	0.070471	0.762078	0.629892	-0.149911
45248	9.734914	0.342035	-1.422211	0.014002	0.066483	-0.025671	0.069237	0.149964	0.986264	0.643846	-0.761887	0.070648	0.762016	0.630111	-0.149304
45249	9.588932	0.383437	-1.309706	0.040323	0.047892	-0.014410	0.068852	0.149735	0.986326	0.644195	-0.761592	0.070649	0.761756	0.630522	-0.148895
45250	9.554113	0.537596	-1.289072	0.040876	0.029559	-0.014748	0.068595	0.149645	0.986358	0.644530	-0.761305	0.070678	0.761495	0.630889	-0.148672
45251	9.578013	0.699496	-1.347585	0.001748	0.013457	-0.031822	0.068288	0.149764	0.986361	0.644579	-0.761238	0.070957	0.761482	0.630942	-0.148518
45252	9.874053	0.754232	-1.392438	-0.045690	0.025495	-0.056090	0.067795	0.150015	0.986357	0.644283	-0.761435	0.071523	0.761776	0.630644	-0.148273
45253	10.349446	0.669628	-1.524313	-0.087791	0.089588	-0.081571	0.066627	0.150024	0.986435	0.643704	-0.761843	0.072388	0.762369	0.630149	-0.147330
45254	10.859630	0.542186	-1.716739	-0.095624	0.213501	-0.101327	0.064409	0.149435	0.986671	0.643055	-0.762287	0.073473	0.763106	0.629752	-0.145193
45255	11.181165	0.431626	-1.697011	-0.069189	0.404598	-0.096305	0.060852	0.147549	0.987181	0.642663	-0.762532	0.074357	0.763728	0.629900	-0.141226
45256	11.483497	0.419003	-1.568748	-0.042109	0.600879	-0.095667	0.055709	0.144476	0.987939	0.642413	-0.762650	0.075305	0.764331	0.630469	-0.135299
45257	11.494220	0.116931	-1.485965	0.004655	0.803083	-0.066744	0.049078	0.139959	0.988940	0.642439	-0.762555	0.076038	0.764763	0.631603	-0.127339
45258	10.695834	0.132318	-1.094354	0.087910	0.936875	0.004832	0.042007	0.133979	0.990093	0.643125	-0.761998	0.075827	0.764608	0.633569	-0.118175
45259	9.602433	0.171597	-0.249522	0.168724	0.916246	0.047797	0.035439	0.127756	0.991172	0.644424	-0.760977	0.075044	0.763847	0.636076	-0.109297
45260	9.089319	0.188642	0.235322	0.245578	0.832388	0.070906	0.029607	0.121894	0.992101	0.646291	-0.759491	0.074028	0.762516	0.638995	-0.101265
45261	9.497455	0.149930	0.331864	0.309250	0.776139	0.083973	0.024462	0.116259	0.992918	0.648641	-0.757612	0.072728	0.760702	0.642268	-0.093943
45262	10.288989	0.298469	0.913324	0.378140	0.865471	0.105360	0.018636	0.109872	0.993771	0.651507	-0.755286	0.071287	0.758414	0.646120	-0.085658
45263	9.630062	0.776656	1.448960	0.432259	0.924384	0.150756	0.012803	0.102803	0.994619	0.654728	-0.752674	0.069368	0.755756	0.650317	-0.076945
45264	8.179296	1.359153	1.963215	0.401384	0.844938	0.168277	0.007596	0.096014	0.995351	0.657756	-0.750214	0.067347	0.753192	0.654187	-0.068852
45265	7.729486	1.745252	2.084483	0.344924	0.745987	0.185229	0.003305	0.089706	0.995963	0.660321	-0.748148	0.065194	0.750976	0.657440	-0.061707
45266	7.867520	1.858230	1.712064	0.198826	0.591997	0.182276	0.000132	0.084431	0.996429	0.661827	-0.746988	0.063207	0.749657	0.659455	-0.055978
45267	8.854889	1.866436	1.241574	0.013893	0.474150	0.179291	-0.002136	0.079910	0.996800	0.661928	-0.747056	0.061308	0.749565	0.659940	-0.051299
45268	9.400518	1.745982	0.852405	-0.167262	0.433689	0.155314	-0.004298	0.075875	0.997108	0.660695	-0.748270	0.059788	0.750642	0.659041	-0.046914
45269	9.458415	1.741395	0.581324	-0.289082	0.386000	0.135945	-0.006197	0.072241	0.997368	0.658526	-0.750286	0.058436	0.752532	0.657155	-0.042923
45270	9.577476	1.740606	0.295074	-0.345303	0.313173	0.149353	-0.007511	0.069050	0.997585	0.655951	-0.752645	0.057034	0.754766	0.654796	-0.039640
45271	9.844443	1.680182	-0.097128	-0.371719	0.265333	0.156162	-0.008421	0.066051	0.997781	0.653127	-0.755212	0.055506	0.757202	0.652145	-0.036780
45272	9.729817	1.733392	-0.615405	-0.388414	0.243383	0.164499	-0.009130	0.063208	0.997959	0.650213	-0.757834	0.053948	0.759697	0.649378	-0.034179
45273	9.357612	1.619950	-0.992859	-0.413112	0.202696	0.174605	-0.009538	0.060493	0.998123	0.647072	-0.760634	0.052283	0.762369	0.646356	-0.031888
45274	9.155262	1.449709	-1.081251	-0.419016	0.138870	0.193190	-0.009287	0.058110	0.998267	0.643908	-0.763439	0.050431	0.765047	0.643260	-0.030327
45275	9.246412	1.174249	-1.309054	-0.416239	0.066131	0.202668	-0.008333	0.056115	0.998390	0.640707	-0.766258	0.048416	0.767741	0.640078	-0.029568
45276	9.368881	1.095868	-1.325717	-0.380395	0.020905	0.210864	-0.007081	0.054347	0.998497	0.637815	-0.768792	0.046368	0.770157	0.637185	-0.029219
45277	9.315075	1.091414	-1.238786	-0.308597	-0.012389	0.217480	-0.005611	0.052665	0.998596	0.635471	-0.770857	0.044225	0.772104	0.634827	-0.029141
45278	9.164559	1.101653	-1.180869	-0.236585	-0.065020	0.224325	-0.003621	0.051329	0.998675	0.633671	-0.772462	0.042000	0.773595	0.632983	-0.029729
45279	9.233838	1.013969	-1.161477	-0.179958	-0.135928	0.228376	-0.001091	0.050365	0.998730	0.632319	-0.773690	0.039707	0.774708	0.631559	-0.031002
45280	9.497036	1.013292	-1.122402	-0.125300	-0.183296	0.234715	0.001877	0.049688	0.998763	0.631364	-0.774587	0.037349	0.775484	0.630513	-0.032824
45281	9.487654	1.097467	-1.174758	-0.059340	-0.207411	0.245172	0.005173	0.049087	0.998781	0.630899	-0.775083	0.034825	0.775848	0.629950	-0.034978
45282	9.455842	1.009258	-1.265103	0.008877	-0.230220	0.248760	0.008593	0.048591	0.998782	0.630968	-0.775137	0.032282	0.775762	0.629922	-0.037320
45283	9.570747	0.761434	-1.296363	0.075191	-0.258627	0.262212	0.012339	0.048127	0.998765	0.631555	-0.774768	0.029531	0.775233	0.630411	-0.039954
45284	9.711951	0.666154	-1.328202	0.157366	-0.312535	0.280361	0.016597	0.047910	0.998714	0.632750	-0.773898	0.026610	0.774178	0.631495	-0.043160
45285	9.780537	0.570647	-1.163705	0.262470	-0.347136	0.315120	0.021405	0.047618	0.998636	0.634763	-0.772358	0.023223	0.772411	0.633400	-0.046758
45286	9.606868	0.240840	-1.211866	0.321431	-0.378231	0.355182	0.026646	0.047261	0.998527	0.637173	-0.770475	0.019464	0.770260	0.635716	-0.050644
45287	9.544883	-0.171862	-1.693474	0.377220	-0.442541	0.380564	0.032479	0.047228	0.998356	0.639983	-0.768232	0.015521	0.767702	0.638427	-0.055177
45288	9.446094	-0.258599	-1.921826	0.527081	-0.483903	0.397717	0.038804	0.047261	0.998129	0.643894	-0.765033	0.011192	0.764130	0.642255	-0.060117
45289	9.316036	-0.112323	-1.672586	0.711235	-0.523966	0.389970	0.045406	0.047642	0.997832	0.649187	-0.760599	0.006774	0.759272	0.647472	-0.065464
45290	9.423908	0.327312	-1.438454	0.872401	-0.536069	0.380537	0.052009	0.048230	0.997481	0.655614	-0.755093	0.002326	0.753303	0.653842	-0.070892
45291	9.710656	1.148978	-1.283569	0.948120	-0.501730	0.357618	0.058146	0.048855	0.997112	0.662583	-0.748986	-0.001940	0.746728	0.660783	-0.075921
45292	10.108685	1.829836	-0.953219	0.907744	-0.446304	0.336481	0.063771	0.049294	0.996746	0.669142	-0.743110	-0.006060	0.740394	0.667351	-0.080373
45293	10.435142	1.932023	-0.563849	0.718707	-0.397756	0.307946	0.068816	0.049729	0.996389	0.674283	-0.738409	-0.009716	0.735259	0.672517	-0.084346
45294	10.516746	1.532037	-0.377702	0.438326	-0.386745	0.280992	0.073618	0.050252	0.996020	0.677312	-0.735582	-0.012950	0.732003	0.675569	-0.088188
45295	10.080926	0.893799	-0.627465	0.171333	-0.430014	0.272658	0.078607	0.051227	0.995589	0.678430	-0.734496	-0.015773	0.730447	0.676677	-0.092490
45296	9.655480	0.154261	-0.632116	-0.015162	-0.490982	0.283903	0.084184	0.052450	0.995069	0.678101	-0.734732	-0.018641	0.730132	0.676326	-0.097419
45297	9.506922	-0.385541	-0.371831	-0.095191	-0.516075	0.280360	0.089874	0.053945	0.994491	0.677224	-0.735468	-0.021307	0.730267	0.675408	-0.102633
45298	9.452153	-0.685396	-0.104313	-0.116643	-0.502596	0.257496	0.095353	0.055429	0.993899	0.676146	-0.736383	-0.023801	0.730571	0.674290	-0.107695
45299	9.487776	-0.970084	0.302515	-0.105329	-0.464110	0.232767	0.100307	0.056887	0.993329	0.675225	-0.737155	-0.025969	0.730760	0.673325	-0.112353
45300	9.581855	-1.100709	0.626616	-0.099419	-0.418473	0.218697	0.104907	0.058076	0.992785	0.674286	-0.737937	-0.028083	0.730981	0.672367	-0.116574
45301	9.597789	-1.312782	0.636325	-0.161662	-0.412063	0.203943	0.109218	0.059286	0.992248	0.672979	-0.739056	-0.029918	0.731553	0.671030	-0.120616
45302	9.531211	-1.484472	0.418117	-0.204307	-0.446775	0.196260	0.113872	0.060814	0.991632	0.671276	-0.740530	-0.031670	0.732408	0.669266	-0.125149
45303	9.235846	-1.437418	0.382020	-0.204392	-0.501535	0.197741	0.118776	0.062733	0.990937	0.669624	-0.741954	-0.033292	0.733141	0.667509	-0.130134
45304	9.165834	-1.452069	0.305304	-0.221446	-0.577243	0.186471	0.124321	0.065182	0.990099	0.667784	-0.743537	-0.034900	0.733900	0.665511	-0.135965
45305	9.203492	-1.451259	0.059091	-0.269396	-0.624856	0.159088	0.129788	0.068305	0.989186	0.665677	-0.745377	-0.035872	0.734867	0.663134	-0.142210
45306	9.251808	-1.695411	0.165510	-0.281660	-0.652598	0.148203	0.135635	0.071504	0.988175	0.663419	-0.747333	-0.036983	0.735852	0.660591	-0.148802
45307	9.493070	-1.952948	0.415229	-0.252614	-0.657196	0.140533	0.141289	0.074838	0.987136	0.661399	-0.749078	-0.037876	0.736607	0.658242	-0.155334
45308	9.611845	-2.028425	0.500956	-0.188209	-0.653238	0.133625	0.147047	0.078117	0.986040	0.659829	-0.750405	-0.038951	0.736887	0.656346	-0.161888
45309	9.418870	-1.862797	0.713290	-0.108008	-0.643618	0.138305	0.152658	0.081343	0.984926	0.658827	-0.751226	-0.040072	0.736643	0.655013	-0.168272
45310	9.286133	-1.699908	0.911115	-0.049741	-0.646463	0.134924	0.158369	0.084547	0.983754	0.658260	-0.751653	-0.041370	0.735943	0.654118	-0.174693
45311	9.400244	-1.497720	1.044675	-0.018062	-0.656247	0.116487	0.163914	0.087897	0.982551	0.657949	-0.751863	-0.042502	0.735007	0.653435	-0.181073
45312	9.432789	-1.512437	1.122081	-0.000169	-0.663919	0.100556	0.169514	0.091464	0.981274	0.657788	-0.751943	-0.043544	0.733880	0.652852	-0.187629
45313	9.462013	-1.593443	1.078601	0.017307	-0.654106	0.111164	0.174860	0.094843	0.980015	0.657759	-0.751907	-0.044594	0.732651	0.652411	-0.193862
45314	9.522911	-1.547078	0.548331	0.026734	-0.669509	0.107999	0.180532	0.098384	0.978636	0.657771	-0.751827	-0.045759	0.731263	0.651979	-0.200443
45315	9.465071	-1.058977	-0.043110	0.023076	-0.661473	0.095358	0.185866	0.101914	0.977275	0.657756	-0.751782	-0.046698	0.729939	0.651488	-0.206765
45316	9.449331	-0.541588	-0.454737	0.018357	-0.662073	0.084750	0.191312	0.105575	0.975835	0.657737	-0.751741	-0.047619	0.728547	0.650953	-0.213258
45317	9.510561	-0.189444	-0.603062	-0.003166	-0.675974	0.086463	0.196668	0.109175	0.974373	0.657569	-0.751832	-0.048485	0.727272	0.650253	-0.219652
45318	9.485183	-0.318685	-0.619463	-0.025741	-0.687208	0.100769	0.202385	0.112868	0.972780	0.657188	-0.752102	-0.049463	0.726047	0.649310	-0.226390
45319	9.564712	-0.440030	-0.511890	-0.071547	-0.709181	0.089253	0.207903	0.116729	0.971160	0.656515	-0.752649	-0.050080	0.725096	0.647992	-0.233112
45320	9.779887	-0.354575	-0.849288	-0.133275	-0.721579	0.062501	0.213602	0.120913	0.969409	0.655424	-0.753576	-0.050426	0.724427	0.646145	-0.240214
45321	9.817649	0.129798	-1.252803	-0.170823	-0.736719	0.021540	0.219001	0.125404	0.967632	0.654070	-0.754766	-0.050216	0.724038	0.643897	-0.247317
45322	9.788057	0.634940	-1.323435	-0.189670	-0.766290	-0.007651	0.224556	0.130372	0.965701	0.652720	-0.755966	-0.049721	0.723555	0.641497	-0.254853
45323	9.894906	0.727425	-1.044607	-0.218643	-0.788913	-0.022579	0.229849	0.135520	0.963745	0.651251	-0.757290	-0.048832	0.723216	0.638864	-0.262320
45324	10.397917	0.301151	-0.554660	-0.226582	-0.810282	-0.020026	0.235635	0.140822	0.961585	0.649665	-0.758698	-0.048090	0.722781	0.636040	-0.270263
45325	11.027799	-0.018474	0.047802	-0.260189	-0.795439	-0.006926	0.241041	0.145881	0.959488	0.647805	-0.760347	-0.047137	0.722667	0.632923	-0.277778
45326	11.024263	-0.349764	0.022606	-0.373896	-0.741178	0.025022	0.246619	0.150352	0.957378	0.645046	-0.762735	-0.046378	0.723253	0.628991	-0.285089
45327	10.885102	-0.450231	-0.499882	-0.513010	-0.717626	0.025409	0.251662	0.154601	0.955387	0.641247	-0.766017	-0.044956	0.724892	0.623953	-0.291915
45328	11.126584	-0.300598	-0.890657	-0.622510	-0.687393	0.008134	0.256760	0.158792	0.953341	0.636712	-0.769888	-0.043248	0.727099	0.618108	-0.298781
45329	11.261078	-0.163046	-1.056914	-0.663177	-0.643281	-0.005616	0.260982	0.162750	0.951526	0.632017	-0.773870	-0.040984	0.729687	0.612077	-0.304827
45330	11.332268	-0.078737	-1.004795	-0.689133	-0.638012	-0.030813	0.265506	0.166857	0.949560	0.627065	-0.778009	-0.038621	0.732322	0.605691	-0.311196
45331	11.354266	-0.235058	-0.568544	-0.692654	-0.642909	-0.050639	0.269653	0.171000	0.947653	0.622098	-0.782117	-0.035887	0.735039	0.599210	-0.317279
45332	11.341216	-0.423607	-0.214195	-0.704635	-0.679323	-0.052356	0.274383	0.175441	0.945481	0.617057	-0.786219	-0.033184	0.737533	0.592520	-0.323983
45333	11.863391	-0.649518	0.540793	-0.678726	-0.690079	-0.053974	0.278877	0.179791	0.943347	0.612161	-0.790150	-0.030377	0.739924	0.585951	-0.330415
45334	12.376334	-0.798112	1.310763	-0.580996	-0.607182	-0.054081	0.283097	0.183741	0.941326	0.608013	-0.793434	-0.027982	0.741739	0.580260	-0.336336
45335	12.258881	-0.626840	2.519273	-0.422676	-0.490059	-0.049497	0.286143	0.186809	0.939800	0.605123	-0.795705	-0.026077	0.742932	0.576156	-0.340728
45336	12.179413	-0.374572	4.144851	-0.240594	-0.367606	-0.049610	0.288627	0.189298	0.938542	0.603482	-0.796990	-0.024839	0.743306	0.573562	-0.344271
45337	12.361308	0.197331	6.095386	-0.114528	-0.159640	-0.063318	0.289250	0.190440	0.938119	0.602636	-0.797658	-0.023885	0.743750	0.572253	-0.345489
45338	12.062005	0.373681	6.761272	-0.145103	-0.000334	-0.087425	0.288777	0.191120	0.938126	0.601813	-0.798317	-0.022615	0.744600	0.571108	-0.345554
45339	12.631693	0.327225	7.045508	-0.212499	0.119346	-0.134291	0.286865	0.191198	0.938697	0.600499	-0.799358	-0.020695	0.746397	0.569623	-0.344122
45340	13.689173	0.512648	7.687498	-0.274332	0.298662	-0.176408	0.283625	0.190890	0.939743	0.598955	-0.800577	-0.018150	0.748872	0.568012	-0.341398
45341	13.928651	1.188977	8.332939	-0.321292	0.595057	-0.172599	0.277780	0.188589	0.941951	0.597069	-0.802040	-0.015498	0.752560	0.566715	-0.335391
45342	12.695601	2.069546	8.343855	-0.379346	0.880710	-0.170340	0.270167	0.184950	0.944883	0.594677	-0.803864	-0.012686	0.757211	0.565328	-0.327163
45343	11.664526	2.632069	7.478122	-0.549576	1.064694	-0.218573	0.260528	0.180247	0.948492	0.590829	-0.806747	-0.008976	0.763575	0.562735	-0.316675
45344	11.956553	2.798912	6.329117	-0.839984	1.279118	-0.343152	0.248740	0.175831	0.952477	0.585260	-0.810839	-0.003157	0.771751	0.558232	-0.304595
45345	13.721006	2.180006	4.429139	-1.173819	1.619607	-0.434915	0.233357	0.169906	0.957432	0.576973	-0.816752	0.004314	0.782718	0.551405	-0.288626
45346	14.097679	1.045855	1.776172	-1.450003	2.024886	-0.415513	0.215051	0.162212	0.963037	0.566468	-0.823992	0.012296	0.795529	0.542886	-0.269088
45347	13.007533	0.156977	-1.724206	-1.704736	2.126872	-0.261356	0.196175	0.152450	0.968646	0.553081	-0.832909	0.019074	0.809702	0.531998	-0.247713
45348	13.028490	0.381253	-4.226630	-1.874632	2.015210	-0.114233	0.179141	0.142787	0.973407	0.537993	-0.842591	0.024589	0.823694	0.519281	-0.227761
45349	14.130242	0.984133	-4.849004	-1.843407	2.008167	0.044294	0.162374	0.131635	0.977909	0.522467	-0.852201	0.027962	0.837056	0.506385	-0.207150
45350	14.982878	0.987365	-4.174506	-1.562228	2.159020	0.166167	0.145082	0.119365	0.982193	0.509055	-0.860233	0.029350	0.848418	0.495733	-0.185568
45351	14.870632	0.777582	-4.235786	-1.471696	2.306638	0.259020	0.126465	0.105318	0.986364	0.495864	-0.867912	0.029094	0.859142	0.485424	-0.161984
45352	14.435465	0.632217	-5.479284	-1.237847	2.340315	0.344797	0.107990	0.091022	0.989976	0.484782	-0.874202	0.027496	0.867942	0.476954	-0.138532
45353	14.474163	1.618238	-5.618823	-0.926720	2.276121	0.323687	0.089530	0.076923	0.993009	0.476025	-0.879071	0.025179	0.874862	0.470443	-0.115320
45354	15.745041	2.155819	-4.531686	-0.794699	2.259323	0.265492	0.070999	0.063984	0.995422	0.468851	-0.882970	0.023314	0.880419	0.465049	-0.092689
45355	16.111784	-0.238067	-4.487091	-0.765911	2.399359	0.337929	0.051189	0.049466	0.997463	0.461556	-0.886879	0.020295	0.885633	0.459346	-0.068230
45356	15.498382	-1.241067	-4.923040	-0.564855	2.434166	0.525287	0.032042	0.033633	0.998920	0.456340	-0.889674	0.015317	0.889229	0.455356	-0.043855
45357	13.454731	-1.862623	-4.879034	-0.627709	2.390157	0.603921	0.013307	0.017022	0.999767	0.450250	-0.892855	0.009209	0.892803	0.450023	-0.019545
45358	11.930076	-1.614614	-4.491315	-0.478343	2.369352	0.604269	-0.005123	0.000970	0.999986	0.445966	-0.895044	0.003153	0.895035	0.445976	0.004152
45359	10.612496	-0.687980	-4.375603	-0.185843	2.435685	0.569922	-0.024566	-0.015358	0.999580	0.444049	-0.895998	-0.002854	0.895666	0.443792	0.028831
45360	9.605213	1.199146	-4.082686	0.184518	2.506942	0.520782	-0.044638	-0.031197	0.998516	0.445898	-0.895048	-0.008031	0.893970	0.444878	0.053864
45361	9.143774	2.489516	-3.955910	0.327161	2.499045	0.490289	-0.064919	-0.047070	0.996780	0.448776	-0.893550	-0.012967	0.891283	0.446489	0.079133
45362	9.362858	3.857587	-3.994480	0.312583	2.477929	0.407202	-0.085088	-0.061824	0.994454	0.451881	-0.891920	-0.016786	0.888011	0.447947	0.103828
45363	9.712029	4.114700	-4.193334	0.069245	2.446912	0.353261	-0.105349	-0.076211	0.991511	0.452567	-0.891496	-0.020438	0.885486	0.446572	0.128409
45364	9.126605	3.511366	-4.206853	-0.180126	2.443923	0.263322	-0.125732	-0.089466	0.988022	0.451299	-0.892067	-0.023347	0.883471	0.442958	0.152538
45365	8.054080	2.152043	-4.007997	-0.305460	2.361272	0.206086	-0.145795	-0.101938	0.984049	0.448670	-0.893318	-0.026065	0.881725	0.437713	0.175978
45366	7.167639	1.360356	-3.618809	-0.334711	2.253915	0.182785	-0.164786	-0.113414	0.979787	0.446028	-0.894564	-0.028534	0.879719	0.432310	0.197997
45367	6.317852	0.483878	-3.411495	-0.297216	2.124064	0.164679	-0.182850	-0.124208	0.975263	0.443527	-0.895728	-0.030923	0.877411	0.426901	0.218873
45368	5.982258	0.296528	-3.351111	-0.246994	1.958573	0.173264	-0.199199	-0.134114	0.970738	0.441718	-0.896539	-0.033220	0.874760	0.422175	0.237830
45369	5.692817	-0.434687	-3.666197	-0.148689	1.840589	0.173994	-0.214624	-0.143575	0.966086	0.440628	-0.896991	-0.035417	0.871656	0.418083	0.255779
45370	5.542167	-1.092164	-3.828763	0.138257	1.717308	0.160561	-0.228804	-0.152222	0.961497	0.442211	-0.896162	-0.036647	0.867236	0.416800	0.272360
45371	5.589637	-1.149015	-3.552977	0.516467	1.577381	0.157107	-0.241840	-0.160367	0.956972	0.446912	-0.893819	-0.036842	0.861268	0.418773	0.287831
45372	5.598413	-1.256439	-3.517548	0.841726	1.456098	0.158486	-0.253571	-0.167954	0.952624	0.454550	-0.889997	-0.035920	0.853866	0.423907	0.302021
45373	5.515403	-1.002364	-3.420872	1.230230	1.363699	0.148301	-0.264555	-0.175242	0.948315	0.465266	-0.884531	-0.033658	0.844712	0.432314	0.315541
45374	5.267206	-0.584036	-3.272705	1.521607	1.261906	0.130105	-0.274491	-0.181952	0.944218	0.478417	-0.877619	-0.030039	0.834130	0.443484	0.327947
45375	5.051088	-0.017412	-2.956122	1.661568	1.183117	0.097977	-0.283883	-0.188245	0.940199	0.492358	-0.870018	-0.025531	0.822796	0.455667	0.339668
45376	4.984258	0.098793	-2.641699	1.668931	1.117083	0.043110	-0.292751	-0.193815	0.936340	0.506146	-0.862211	-0.020222	0.811242	0.468005	0.350511
45377	4.915673	0.179673	-2.022862	1.669806	1.039856	-0.001596	-0.301183	-0.198832	0.932606	0.519514	-0.854341	-0.014369	0.799621	0.480175	0.360609
45378	4.948931	0.069255	-0.815089	1.572077	0.906259	-0.041066	-0.308551	-0.202922	0.929311	0.531901	-0.846766	-0.008295	0.788592	0.491742	0.369205
45379	5.466189	-0.208778	0.008328	1.523019	0.741390	-0.079848	-0.314824	-0.206024	0.926520	0.543524	-0.839392	-0.001965	0.778118	0.502967	0.376240
45380	6.002221	0.539636	0.734405	1.529260	0.544078	-0.157338	-0.319849	-0.207512	0.924465	0.554875	-0.831917	0.005239	0.767991	0.514638	0.381231
45381	6.341319	1.730352	1.538263	1.511264	0.321814	-0.342107	-0.324249	-0.206433	0.923173	0.565259	-0.824793	0.014104	0.758515	0.526405	0.384126
45382	6.803007	3.087278	2.738827	1.585838	0.143525	-0.563376	-0.328497	-0.202604	0.922519	0.575402	-0.817478	0.025358	0.749001	0.539149	0.385118
45383	7.771368	3.259737	4.930289	1.801381	0.015991	-0.727453	-0.332866	-0.196842	0.922200	0.586361	-0.809113	0.038942	0.738499	0.553705	0.384746
45384	9.503725	3.253456	7.555787	2.173899	0.027433	-0.787352	-0.337688	-0.190700	0.921738	0.599663	-0.798394	0.054512	0.725514	0.571140	0.383964
45385	11.102869	3.073382	10.654719	2.387189	0.263364	-0.717604	-0.343964	-0.186604	0.920254	0.614325	-0.785920	0.070253	0.710136	0.589499	0.384964
45386	11.322749	2.084181	12.379291	2.351950	0.553321	-0.596931	-0.351510	-0.185291	0.917664	0.628786	-0.772942	0.084787	0.693591	0.606818	0.388205
45387	10.353960	1.040068	12.696923	1.959728	0.691265	-0.446397	-0.359136	-0.186176	0.914527	0.640596	-0.761793	0.096480	0.678718	0.620492	0.392851
45388	9.663530	1.147934	12.520827	1.470852	0.665038	-0.201546	-0.364862	-0.188838	0.911711	0.649791	-0.752953	0.104088	0.666819	0.630399	0.397429
45389	10.297965	2.152262	12.386331	0.959155	0.660134	0.106083	-0.368615	-0.193901	0.909134	0.656447	-0.746761	0.106891	0.658179	0.636200	0.402553
45390	10.384553	2.803841	11.077561	0.260810	0.715418	0.323344	-0.371132	-0.200893	0.906589	0.659383	-0.744443	0.104970	0.653816	0.636747	0.408752
45391	9.194335	2.639120	8.220330	-0.422264	0.714783	0.389713	-0.373334	-0.208434	0.903979	0.657960	-0.746434	0.099623	0.653996	0.631974	0.415810
45392	8.288464	2.665076	5.429456	-1.037987	0.634483	0.320368	-0.375349	-0.214844	0.901640	0.652377	-0.752249	0.092336	0.658420	0.622867	0.422515
45393	7.419637	2.780451	3.752165	-1.443345	0.583578	0.280801	-0.377498	-0.220669	0.899333	0.643762	-0.760647	0.083581	0.665632	0.610509	0.429201
45394	7.457296	3.442685	3.329544	-1.605847	0.388665	0.235983	-0.378546	-0.224852	0.897856	0.633924	-0.769800	0.074486	0.674421	0.597369	0.433944
45395	9.189857	3.209762	1.222277	-1.841331	-0.040457	0.237078	-0.376886	-0.226547	0.898128	0.622189	-0.780223	0.064286	0.686176	0.583033	0.435010
45396	15.920629	2.160023	1.751433	-1.429268	-0.615287	0.258121	-0.370988	-0.225045	0.900957	0.613296	-0.787884	0.055736	0.697306	0.573231	0.430315
45397	19.867780	-0.661277	5.643261	-0.797916	-0.730618	0.567730	-0.362483	-0.225439	0.904314	0.609710	-0.791221	0.047149	0.704883	0.568460	0.424257
45398	15.023057	-6.712137	6.843457	-0.397263	-0.457271	1.060854	-0.352729	-0.231270	0.906695	0.610724	-0.791033	0.035820	0.708942	0.566375	0.420263
45399	9.676482	-9.445203	0.877335	0.280111	-1.012553	1.248228	-0.337962	-0.235455	0.911231	0.616938	-0.786597	0.025563	0.710753	0.570812	0.411101
45400	8.599276	-5.199108	-3.889838	1.099450	-1.150696	1.184849	-0.322373	-0.238119	0.916174	0.628674	-0.777433	0.019152	0.707703	0.582149	0.400323
45401	7.148728	0.333618	-6.198350	1.511396	-0.823024	1.043027	-0.310012	-0.241433	0.919567	0.642520	-0.766113	0.015468	0.700757	0.595635	0.392630
45402	4.802592	3.626808	-6.170300	1.333906	-0.630197	0.861266	-0.299982	-0.244228	0.922152	0.654475	-0.755977	0.012687	0.694027	0.607331	0.386621
45403	4.552269	3.971547	-4.190613	0.949092	-0.935304	0.594184	-0.289628	-0.243054	0.925765	0.662751	-0.748763	0.010760	0.690563	0.616668	0.377946
45404	8.128809	2.118362	-2.345792	0.695800	-1.312808	0.412589	-0.277770	-0.238011	0.930696	0.668747	-0.743430	0.009470	0.689653	0.625030	0.365672
45405	11.406768	0.275871	-1.199384	0.392922	-1.529036	0.451794	-0.264197	-0.231806	0.936198	0.672676	-0.739908	0.006627	0.691164	0.631508	0.351411
45406	12.083010	-0.881361	-1.611735	0.221042	-1.625899	0.646319	-0.248528	-0.226296	0.941819	0.675886	-0.737005	0.001269	0.693839	0.636878	0.336117
45407	11.127909	-0.653784	-0.678680	0.224372	-1.636317	0.802111	-0.231712	-0.221764	0.947170	0.679383	-0.733763	-0.005597	0.696239	0.642194	0.320684
45408	10.462620	0.026678	0.668736	0.098065	-1.555326	0.791828	-0.215420	-0.217573	0.951975	0.681858	-0.731372	-0.012858	0.699045	0.646342	0.305906
45409	9.367931	0.381975	0.640098	-0.212121	-1.408432	0.610796	-0.201361	-0.212946	0.956090	0.681672	-0.731403	-0.019336	0.703404	0.647846	0.292435
45410	8.538661	0.570081	0.375951	-0.454324	-1.345729	0.385444	-0.189182	-0.207083	0.959858	0.679235	-0.733516	-0.024378	0.709119	0.647357	0.279426
45411	8.993853	0.308787	0.995687	-0.498813	-1.334181	0.279287	-0.177762	-0.200507	0.963430	0.676237	-0.736135	-0.028430	0.714916	0.646453	0.266447
45412	9.711240	-0.290135	1.311884	-0.540036	-1.321405	0.246798	-0.166560	-0.193823	0.966794	0.672803	-0.739118	-0.032267	0.720829	0.645087	0.253512
