// General information: 
//  MT Manager version: 2022.2.0 
//  XDA version: 2022.2.0 build 7381 rev 124627 built on 2023-07-19
// Device information: 
//  DeviceId: 00B4CB9F
//  ProductCode: MTW2-3A7G6
//  Firmware Version: 4.6.0
//  Hardware Version: 2.0.0
// Device settings: 
//  Filter Profile: human(46.1)
//  Option Flags: Orientation Smoother Disabled, Position/Velocity Smoother Disabled, Continuous Zero Rotation Update Disabled, AHS Disabled, ICC Disabled
// Coordinate system: ENU
PacketCounter	Acc_X	Acc_Y	Acc_Z	Gyr_X	Gyr_Y	Gyr_Z	Mat[1][1]	Mat[2][1]	Mat[3][1]	Mat[1][2]	Mat[2][2]	Mat[3][2]	Mat[1][3]	Mat[2][3]	Mat[3][3]
09522	9.690452	0.368908	-1.521224	-0.003178	-0.025310	0.001895	-0.132607	-0.101489	0.985959	-0.385854	0.921559	0.042964	-0.912980	-0.374739	-0.161365
09523	9.676701	0.361982	-1.492607	-0.003803	-0.026773	0.004484	-0.132950	-0.101444	0.985918	-0.385690	0.921634	0.042820	-0.912999	-0.374566	-0.161657
09524	9.748129	0.318732	-1.569417	0.002592	-0.028350	-0.001574	-0.133268	-0.101557	0.985863	-0.385706	0.921628	0.042801	-0.912946	-0.374549	-0.161995
09525	9.676606	0.300778	-1.606308	0.017009	-0.023614	-0.001007	-0.133678	-0.101483	0.985815	-0.385545	0.921705	0.042603	-0.912954	-0.374381	-0.162338
09526	9.685163	0.288872	-1.569299	0.017224	-0.029339	-0.000876	-0.134008	-0.101593	0.985759	-0.385693	0.921645	0.042553	-0.912843	-0.374498	-0.162692
09527	9.675489	0.315196	-1.532316	0.016974	-0.031873	-0.001884	-0.134155	-0.101790	0.985719	-0.386131	0.921460	0.042602	-0.912636	-0.374901	-0.162923
09528	9.679620	0.301869	-1.555218	0.021254	-0.026926	-0.002239	-0.134458	-0.101904	0.985666	-0.386318	0.921383	0.042559	-0.912513	-0.375058	-0.163254
09529	9.656803	0.306560	-1.566756	0.023812	-0.035158	0.002514	-0.134669	-0.102051	0.985622	-0.386728	0.921212	0.042543	-0.912308	-0.375438	-0.163524
09530	9.647132	0.332474	-1.530076	0.032770	-0.031523	0.000137	-0.135022	-0.102161	0.985562	-0.387017	0.921095	0.042457	-0.912133	-0.375696	-0.163906
09531	9.695894	0.308927	-1.536275	0.022099	-0.031192	-0.004713	-0.135428	-0.102292	0.985492	-0.387228	0.921009	0.042386	-0.911984	-0.375870	-0.164341
09532	9.731063	0.310627	-1.561860	0.011122	-0.026718	-0.003161	-0.135725	-0.102414	0.985439	-0.387324	0.920970	0.042368	-0.911899	-0.375934	-0.164666
09533	9.717047	0.335676	-1.583869	0.013154	-0.021381	-0.003409	-0.135927	-0.102444	0.985408	-0.387376	0.920951	0.042308	-0.911846	-0.375972	-0.164866
09534	9.703478	0.329288	-1.554478	0.025228	-0.014140	-0.007490	-0.136092	-0.102558	0.985373	-0.387606	0.920854	0.042310	-0.911724	-0.376179	-0.165073
09535	9.694215	0.341529	-1.595103	0.027597	-0.004690	-0.013267	-0.136332	-0.102599	0.985336	-0.387911	0.920730	0.042200	-0.911558	-0.376470	-0.165324
09536	9.662999	0.342419	-1.513370	0.024915	-0.006300	-0.012363	-0.136407	-0.102729	0.985312	-0.388146	0.920629	0.042250	-0.911447	-0.376681	-0.165454
09537	9.681047	0.304927	-1.514551	0.018025	-0.009786	-0.008297	-0.136704	-0.102848	0.985258	-0.388645	0.920423	0.042156	-0.911190	-0.377153	-0.165797
09538	9.675969	0.349988	-1.546176	0.035850	-0.004093	-0.006535	-0.136782	-0.102916	0.985241	-0.388971	0.920286	0.042130	-0.911039	-0.377467	-0.165910
09539	9.689555	0.325256	-1.526899	0.022370	-0.001766	-0.005862	-0.136964	-0.102723	0.985235	-0.388580	0.920460	0.041950	-0.911179	-0.377097	-0.165986
09540	9.693248	0.390309	-1.569214	0.007916	-0.001319	-0.008328	-0.137010	-0.102796	0.985221	-0.388653	0.920427	0.041987	-0.911140	-0.377157	-0.166060
09541	9.662136	0.376016	-1.566678	0.009543	-0.003166	-0.005846	-0.137411	-0.102950	0.985149	-0.389461	0.920093	0.041829	-0.910735	-0.377929	-0.166526
09542	9.703090	0.287115	-1.587342	0.005384	0.001719	-0.011153	-0.137419	-0.103038	0.985139	-0.389516	0.920066	0.041898	-0.910710	-0.377969	-0.166570
09543	9.680833	0.292846	-1.595064	0.011134	0.013621	-0.006374	-0.137314	-0.103026	0.985155	-0.389802	0.919946	0.041875	-0.910604	-0.378265	-0.166481
09544	9.645347	0.291963	-1.571436	0.006978	0.005059	-0.010608	-0.137293	-0.103096	0.985151	-0.389870	0.919914	0.041936	-0.910578	-0.378323	-0.166492
09545	9.645717	0.261462	-1.520613	-0.006503	-0.006063	-0.008857	-0.137037	-0.103050	0.985191	-0.389471	0.920078	0.042065	-0.910787	-0.377939	-0.166219
09546	9.667552	0.288944	-1.563537	0.009379	-0.004127	-0.013383	-0.137088	-0.103180	0.985170	-0.389565	0.920034	0.042150	-0.910739	-0.378009	-0.166321
09547	9.666997	0.336095	-1.535372	0.019441	-0.005906	-0.005958	-0.137043	-0.103303	0.985164	-0.389991	0.919851	0.042204	-0.910564	-0.378422	-0.166346
09548	9.702488	0.338146	-1.558750	0.013069	-0.005822	-0.009217	-0.137126	-0.103402	0.985142	-0.390113	0.919797	0.042242	-0.910499	-0.378525	-0.166466
09549	9.675510	0.356975	-1.547447	0.020998	0.002620	-0.007354	-0.137056	-0.103447	0.985147	-0.390418	0.919668	0.042255	-0.910379	-0.378827	-0.166434
09550	9.680477	0.312664	-1.516616	0.011794	-0.003553	-0.005964	-0.137131	-0.103507	0.985130	-0.390524	0.919622	0.042263	-0.910322	-0.378921	-0.166531
09551	9.698186	0.321580	-1.488598	0.001832	-0.003888	-0.008651	-0.137088	-0.103563	0.985130	-0.390581	0.919595	0.042322	-0.910304	-0.378972	-0.166515
09552	9.671652	0.294376	-1.505996	-0.004290	-0.001269	-0.010907	-0.137123	-0.103660	0.985115	-0.390548	0.919605	0.042405	-0.910313	-0.378920	-0.166583
09553	9.711785	0.283783	-1.548757	0.004229	0.000372	-0.012503	-0.136936	-0.103529	0.985155	-0.389940	0.919861	0.042466	-0.910602	-0.378336	-0.166332
09554	9.689393	0.289377	-1.557287	0.012766	-0.001668	-0.002824	-0.137006	-0.103553	0.985143	-0.390050	0.919815	0.042441	-0.910544	-0.378440	-0.166410
09555	9.684760	0.303098	-1.537638	0.013508	-0.003825	-0.010020	-0.137068	-0.103584	0.985131	-0.390134	0.919780	0.042431	-0.910499	-0.378517	-0.166484
09556	9.639937	0.313571	-1.555059	0.015857	-0.006321	-0.005396	-0.137169	-0.103649	0.985110	-0.390275	0.919720	0.042426	-0.910423	-0.378644	-0.166609
09557	9.639324	0.345096	-1.606895	0.027571	-0.011443	-0.004828	-0.137381	-0.103629	0.985082	-0.390332	0.919701	0.042315	-0.910367	-0.378696	-0.166799
09558	9.706218	0.345480	-1.503096	0.027285	-0.008795	-0.007771	-0.137496	-0.103725	0.985056	-0.390581	0.919596	0.042314	-0.910243	-0.378926	-0.166954
09559	9.687772	0.384171	-1.503854	-0.002874	-0.010840	-0.007482	-0.137581	-0.103883	0.985028	-0.390978	0.919425	0.042356	-0.910059	-0.379297	-0.167111
09560	9.709474	0.411250	-1.547343	-0.008897	-0.010332	-0.004997	-0.137720	-0.103959	0.985000	-0.390894	0.919459	0.042388	-0.910074	-0.379193	-0.167265
09561	9.691497	0.403646	-1.576635	-0.011866	-0.009294	-0.007024	-0.137886	-0.104080	0.984964	-0.391082	0.919379	0.042401	-0.909968	-0.379355	-0.167473
09562	9.709639	0.366917	-1.577385	-0.021971	-0.002341	-0.016386	-0.137909	-0.104231	0.984945	-0.390895	0.919450	0.042568	-0.910045	-0.379140	-0.167544
09563	9.692333	0.329274	-1.554412	-0.028978	0.009726	-0.018125	-0.137563	-0.104229	0.984994	-0.390293	0.919695	0.042811	-0.910356	-0.378547	-0.167196
09564	9.643558	0.307881	-1.579360	-0.022090	0.001273	-0.011794	-0.137570	-0.104324	0.984983	-0.390099	0.919772	0.042933	-0.910438	-0.378334	-0.167230
09565	9.665872	0.304313	-1.570989	-0.022048	-0.003912	-0.009857	-0.137462	-0.104411	0.984989	-0.390005	0.919805	0.043074	-0.910494	-0.378230	-0.167159
09566	9.630163	0.288774	-1.628276	-0.015016	-0.007719	-0.007263	-0.137568	-0.104498	0.984965	-0.389869	0.919859	0.043139	-0.910537	-0.378072	-0.167284
09567	9.665637	0.291316	-1.651565	-0.012086	-0.003571	-0.007174	-0.137857	-0.104441	0.984930	-0.389673	0.919949	0.043009	-0.910577	-0.377872	-0.167519
09568	9.647711	0.298746	-1.601073	-0.004394	-0.011104	-0.005239	-0.138003	-0.104522	0.984901	-0.389630	0.919965	0.043036	-0.910573	-0.377808	-0.167682
09569	9.615984	0.330922	-1.570708	-0.012725	-0.013291	-0.005443	-0.138055	-0.104537	0.984892	-0.389461	0.920036	0.043061	-0.910638	-0.377632	-0.167729
09570	9.673652	0.328405	-1.586655	-0.019488	-0.020396	-0.005968	-0.138283	-0.104660	0.984847	-0.389282	0.920109	0.043121	-0.910680	-0.377420	-0.167977
09571	9.677844	0.315920	-1.608746	-0.008681	-0.024319	-0.005747	-0.138349	-0.104776	0.984826	-0.389098	0.920181	0.043238	-0.910748	-0.377211	-0.168075
09572	9.735388	0.313110	-1.625472	-0.004554	-0.024013	-0.002378	-0.138623	-0.104880	0.984776	-0.389050	0.920202	0.043237	-0.910727	-0.377133	-0.168365
09573	9.713131	0.272223	-1.664671	-0.002887	-0.019097	-0.008371	-0.138939	-0.104971	0.984722	-0.389091	0.920186	0.043193	-0.910661	-0.377145	-0.168693
09574	9.650844	0.258004	-1.581529	-0.002119	-0.024937	-0.004298	-0.139214	-0.105095	0.984670	-0.389067	0.920195	0.043207	-0.910629	-0.377088	-0.168994
09575	9.650417	0.258394	-1.584069	0.001946	-0.027705	-0.003736	-0.139478	-0.105204	0.984621	-0.389143	0.920164	0.043193	-0.910557	-0.377134	-0.169282
09576	9.649441	0.289730	-1.637132	0.024569	-0.017142	0.001583	-0.139705	-0.105245	0.984584	-0.389355	0.920079	0.043104	-0.910431	-0.377331	-0.169517
09577	9.661389	0.388452	-1.612664	0.035873	-0.015992	0.003801	-0.140176	-0.105171	0.984525	-0.389509	0.920026	0.042823	-0.910293	-0.377479	-0.169930
09578	9.665869	0.389646	-1.554544	0.022463	-0.012111	-0.002041	-0.140343	-0.105226	0.984495	-0.389707	0.919945	0.042773	-0.910183	-0.377662	-0.170115
09579	9.630518	0.341316	-1.562142	0.013316	-0.023481	0.001290	-0.140659	-0.105254	0.984447	-0.390019	0.919820	0.042618	-0.910000	-0.377959	-0.170432
09580	9.678855	0.349370	-1.618314	0.020631	-0.017992	-0.003597	-0.140874	-0.105346	0.984407	-0.390202	0.919744	0.042586	-0.909888	-0.378118	-0.170674
09581	9.651610	0.367908	-1.608577	0.013099	-0.019262	-0.008191	-0.140957	-0.105506	0.984378	-0.390614	0.919567	0.042626	-0.909699	-0.378503	-0.170832
09582	9.674041	0.316906	-1.631263	0.007358	-0.029671	-0.003631	-0.141278	-0.105642	0.984317	-0.390676	0.919541	0.042617	-0.909622	-0.378529	-0.171183
09583	9.633256	0.313692	-1.670887	0.011857	-0.030441	-0.003872	-0.141596	-0.105660	0.984269	-0.390541	0.919602	0.042535	-0.909631	-0.378375	-0.171477
09584	9.681966	0.290601	-1.677642	0.006303	-0.041390	-0.001114	-0.142033	-0.105818	0.984190	-0.390590	0.919583	0.042503	-0.909541	-0.378378	-0.171943
09585	9.761614	0.282210	-1.687712	0.017134	-0.037050	-0.000050	-0.142338	-0.105962	0.984130	-0.390870	0.919466	0.042467	-0.909374	-0.378622	-0.172292
09586	9.711702	0.304953	-1.687938	0.023038	-0.033937	0.002050	-0.142719	-0.106062	0.984064	-0.391067	0.919386	0.042375	-0.909229	-0.378787	-0.172692
09587	9.688810	0.309420	-1.699112	0.013332	-0.023483	0.001262	-0.143049	-0.106062	0.984016	-0.391118	0.919371	0.042236	-0.909156	-0.378825	-0.172998
09588	9.640645	0.269964	-1.596249	0.012243	-0.023263	-0.006622	-0.143299	-0.106201	0.983965	-0.391229	0.919323	0.042248	-0.909068	-0.378901	-0.173287
09589	9.618540	0.243988	-1.556483	0.009124	-0.035137	-0.005782	-0.143750	-0.106274	0.983891	-0.391122	0.919372	0.042161	-0.909043	-0.378761	-0.173726
09590	9.687762	0.325178	-1.627859	0.012845	-0.028559	-0.000757	-0.144072	-0.106380	0.983833	-0.391230	0.919329	0.042113	-0.908946	-0.378838	-0.174068
09591	9.686524	0.356381	-1.681276	0.017538	-0.021606	-0.001933	-0.144424	-0.106356	0.983784	-0.391223	0.919339	0.041955	-0.908893	-0.378820	-0.174384
09592	9.695160	0.391274	-1.615355	0.019360	-0.023989	-0.001261	-0.144703	-0.106449	0.983733	-0.391391	0.919270	0.041901	-0.908776	-0.378961	-0.174684
09593	9.712771	0.399924	-1.589147	0.007696	-0.017311	-0.008321	-0.145053	-0.106583	0.983666	-0.391614	0.919177	0.041847	-0.908624	-0.379148	-0.175069
09594	9.659956	0.359729	-1.544801	-0.000383	-0.010212	-0.015962	-0.145149	-0.106758	0.983633	-0.391624	0.919168	0.041972	-0.908605	-0.379122	-0.175225
09595	9.686605	0.343181	-1.557581	-0.002697	-0.012907	-0.018646	-0.145357	-0.106908	0.983586	-0.391702	0.919132	0.042015	-0.908538	-0.379166	-0.175478
09596	9.628046	0.333086	-1.623177	0.002239	-0.003414	-0.018818	-0.145380	-0.107084	0.983564	-0.391740	0.919109	0.042163	-0.908518	-0.379172	-0.175569
09597	9.628747	0.303311	-1.573039	-0.013090	-0.013741	-0.011152	-0.145532	-0.107080	0.983542	-0.391434	0.919240	0.042160	-0.908625	-0.378856	-0.175693
09598	9.667987	0.339360	-1.588826	-0.007679	-0.015701	-0.011065	-0.145697	-0.107231	0.983501	-0.391370	0.919263	0.042249	-0.908626	-0.378757	-0.175901
09599	9.725104	0.321580	-1.684313	0.014096	-0.009113	-0.004222	-0.145984	-0.107265	0.983455	-0.391792	0.919091	0.042088	-0.908398	-0.379165	-0.176198
09600	9.751457	0.349931	-1.668299	0.026927	-0.007689	-0.004302	-0.146103	-0.107324	0.983430	-0.392032	0.918990	0.042049	-0.908276	-0.379393	-0.176342
09601	9.716342	0.302117	-1.674223	0.027175	0.001598	-0.011774	-0.146281	-0.107398	0.983396	-0.392498	0.918795	0.041959	-0.908046	-0.379843	-0.176556
09602	9.739464	0.375260	-1.477979	0.018483	0.007236	-0.016814	-0.146216	-0.107515	0.983393	-0.392680	0.918713	0.042058	-0.907978	-0.380009	-0.176549
09603	9.672584	0.576889	-1.177431	0.002194	0.018295	-0.019010	-0.145975	-0.107637	0.983415	-0.393056	0.918546	0.042193	-0.907854	-0.380378	-0.176392
09604	9.683867	1.065762	-0.630613	-0.054647	0.039923	-0.030257	-0.145560	-0.107753	0.983464	-0.392594	0.918727	0.042553	-0.908120	-0.379908	-0.176033
09605	10.070535	1.270451	-0.401782	-0.155829	0.078920	-0.040831	-0.144745	-0.107881	0.983570	-0.391630	0.919109	0.043177	-0.908667	-0.378946	-0.175285
09606	10.314249	1.034967	-0.470679	-0.189250	0.153937	-0.061134	-0.143173	-0.107850	0.983804	-0.389988	0.919764	0.044075	-0.909621	-0.377362	-0.173745
09607	10.205088	0.539053	-0.738195	-0.163374	0.196661	-0.082316	-0.141108	-0.107750	0.984113	-0.388452	0.920366	0.045072	-0.910601	-0.375921	-0.171727
09608	10.064797	0.155462	-0.995630	-0.149921	0.203845	-0.110598	-0.138888	-0.107993	0.984402	-0.387232	0.920815	0.046383	-0.911461	-0.374750	-0.169708
09609	9.993725	-0.004621	-1.234874	-0.136226	0.206817	-0.129393	-0.136618	-0.108375	0.984678	-0.386351	0.921114	0.047775	-0.912178	-0.373904	-0.167711
09610	9.876955	0.186983	-1.148140	-0.129968	0.236364	-0.147384	-0.133959	-0.108839	0.984992	-0.385355	0.921445	0.049409	-0.912993	-0.372953	-0.165377
09611	9.678035	0.212318	-0.939155	-0.153630	0.264659	-0.157755	-0.130992	-0.109309	0.985339	-0.384515	0.921702	0.051132	-0.913778	-0.372180	-0.162766
09612	9.588452	0.169292	-0.984471	-0.142604	0.289212	-0.166592	-0.127774	-0.109759	0.985711	-0.383418	0.922055	0.052970	-0.914694	-0.371171	-0.159899
09613	9.459217	0.186850	-1.167151	-0.102240	0.301637	-0.169994	-0.124420	-0.110123	0.986100	-0.382677	0.922261	0.054710	-0.915466	-0.370550	-0.156889
09614	9.414884	0.229969	-1.347889	-0.070593	0.256622	-0.166678	-0.121500	-0.110698	0.986399	-0.382227	0.922344	0.056429	-0.916046	-0.370172	-0.154376
09615	9.579903	0.281953	-1.515951	-0.030859	0.209243	-0.159115	-0.119082	-0.111354	0.986620	-0.382149	0.922281	0.057968	-0.916396	-0.370133	-0.152381
09616	9.577161	0.342219	-1.527310	-0.007243	0.188810	-0.153989	-0.116830	-0.112064	0.986809	-0.382256	0.922141	0.059464	-0.916641	-0.370267	-0.150571
09617	9.531515	0.301192	-1.486900	-0.005870	0.160198	-0.153445	-0.115000	-0.112917	0.986927	-0.382723	0.921855	0.060876	-0.916678	-0.370719	-0.149229
09618	9.495192	0.359546	-1.421062	-0.027260	0.146110	-0.154164	-0.113138	-0.113785	0.987042	-0.382641	0.921787	0.062403	-0.916944	-0.370623	-0.147828
09619	9.421259	0.431899	-1.524722	-0.066277	0.127961	-0.141715	-0.111483	-0.114583	0.987138	-0.382436	0.921776	0.063806	-0.917232	-0.370404	-0.146583
09620	9.445609	0.553538	-1.515340	-0.109988	0.127271	-0.147432	-0.109819	-0.115460	0.987223	-0.381583	0.922019	0.065387	-0.917788	-0.369527	-0.145313
09621	9.569441	0.600503	-1.459352	-0.202977	0.123988	-0.147694	-0.108148	-0.116256	0.987314	-0.379864	0.922611	0.067028	-0.918699	-0.367796	-0.143940
09622	9.661506	0.475423	-1.477900	-0.276487	0.136710	-0.154108	-0.106375	-0.117166	0.987399	-0.377480	0.923450	0.068911	-0.919887	-0.365393	-0.142460
09623	9.576171	0.337584	-1.327752	-0.309001	0.136796	-0.163647	-0.104562	-0.118089	0.987483	-0.374708	0.924430	0.070872	-0.921228	-0.362607	-0.140909
09624	9.646648	0.232939	-1.217016	-0.296485	0.117331	-0.165854	-0.102928	-0.119187	0.987522	-0.372140	0.925310	0.072890	-0.922452	-0.359994	-0.139594
09625	9.697804	0.118732	-1.196556	-0.239400	0.119585	-0.156083	-0.101301	-0.120088	0.987581	-0.370047	0.926010	0.074643	-0.923474	-0.357890	-0.138244
09626	9.732779	-0.036874	-1.154785	-0.220378	0.138931	-0.163314	-0.099482	-0.121092	0.987644	-0.368167	0.926605	0.076524	-0.924422	-0.356005	-0.136763
09627	9.646154	-0.223590	-1.157564	-0.177205	0.134391	-0.165466	-0.097629	-0.122055	0.987710	-0.366713	0.927032	0.078310	-0.925197	-0.354561	-0.135265
09628	9.595945	-0.296011	-1.192507	-0.102175	0.137896	-0.167085	-0.095808	-0.123103	0.987758	-0.365922	0.927195	0.080062	-0.925701	-0.353772	-0.133879
09629	9.619479	-0.204988	-1.130361	-0.038772	0.138125	-0.170386	-0.093857	-0.124182	0.987811	-0.366131	0.926966	0.081745	-0.925818	-0.353996	-0.132469
09630	9.624924	-0.200379	-1.197035	0.000261	0.138580	-0.177769	-0.091990	-0.125326	0.987842	-0.366292	0.926749	0.083465	-0.925942	-0.354161	-0.131157
09631	9.586304	-0.154468	-1.331644	0.073244	0.139942	-0.176117	-0.090164	-0.126382	0.987876	-0.367330	0.926202	0.084965	-0.925710	-0.355216	-0.129934
09632	9.479471	-0.084496	-1.355228	0.144591	0.116494	-0.178901	-0.088495	-0.127610	0.987869	-0.368822	0.925466	0.086510	-0.925278	-0.356692	-0.128964
09633	9.505407	-0.040794	-1.326356	0.171745	0.088307	-0.180500	-0.086968	-0.128824	0.987847	-0.370315	0.924730	0.087991	-0.924826	-0.358162	-0.128127
09634	9.474201	-0.009959	-1.427701	0.203785	0.064529	-0.180138	-0.085769	-0.130244	0.987765	-0.372347	0.923770	0.089475	-0.924122	-0.360118	-0.127727
09635	9.345597	0.015621	-1.558891	0.250704	0.023698	-0.180398	-0.084889	-0.131798	0.987635	-0.375212	0.922476	0.090853	-0.923044	-0.362860	-0.127760
09636	9.384020	0.129947	-1.670682	0.300372	-0.019722	-0.171902	-0.084490	-0.133442	0.987448	-0.378122	0.921160	0.092131	-0.921892	-0.365592	-0.128287
09637	9.449525	0.305519	-1.698971	0.308596	-0.058623	-0.163973	-0.084381	-0.135131	0.987228	-0.381434	0.919677	0.093282	-0.920537	-0.368691	-0.129147
09638	9.417239	0.411029	-1.657079	0.285378	-0.082220	-0.153421	-0.084618	-0.136833	0.986973	-0.384183	0.918419	0.094391	-0.919371	-0.371192	-0.130283
09639	9.378321	0.528558	-1.597736	0.267648	-0.102035	-0.138638	-0.084921	-0.138427	0.986725	-0.386955	0.917154	0.095365	-0.918180	-0.373719	-0.131450
09640	9.310479	0.613788	-1.678660	0.249333	-0.122134	-0.133673	-0.085589	-0.140098	0.986431	-0.389351	0.916040	0.096318	-0.917104	-0.375824	-0.132951
09641	9.340843	0.786385	-1.578644	0.205679	-0.162704	-0.136627	-0.086476	-0.141862	0.986102	-0.391454	0.915038	0.097310	-0.916125	-0.377598	-0.134661
09642	9.374426	0.736053	-1.516462	0.115657	-0.187747	-0.117450	-0.087801	-0.143634	0.985728	-0.392609	0.914440	0.098275	-0.915505	-0.378378	-0.136681
09643	9.485818	0.793789	-1.471403	0.047018	-0.200255	-0.112938	-0.089097	-0.145385	0.985355	-0.393554	0.913927	0.099261	-0.914974	-0.378946	-0.138646
09644	9.485451	0.692927	-1.477109	-0.024081	-0.185742	-0.106643	-0.090444	-0.147052	0.984985	-0.393424	0.913869	0.100310	-0.914898	-0.378444	-0.140507
09645	9.336098	0.476710	-1.421474	-0.091109	-0.171794	-0.104452	-0.091494	-0.148600	0.984656	-0.393068	0.913901	0.101399	-0.914946	-0.377760	-0.142027
09646	9.344835	0.300328	-1.343906	-0.164329	-0.188444	-0.095793	-0.092909	-0.150174	0.984284	-0.391647	0.914384	0.102541	-0.915413	-0.375965	-0.143770
09647	9.537926	0.260124	-1.539981	-0.194332	-0.207158	-0.074026	-0.094636	-0.151498	0.983917	-0.389842	0.915058	0.103400	-0.916006	-0.373787	-0.145658
09648	9.633157	0.277855	-1.804463	-0.147535	-0.215428	-0.052978	-0.096470	-0.152774	0.983541	-0.388535	0.915534	0.104101	-0.916370	-0.372098	-0.147679
09649	9.677602	0.474528	-1.872519	-0.096956	-0.245654	-0.043974	-0.098233	-0.154036	0.983170	-0.387993	0.915696	0.104699	-0.916413	-0.371178	-0.149717
09650	9.786836	0.883841	-1.823019	-0.067588	-0.309355	-0.042539	-0.100969	-0.155560	0.982653	-0.387410	0.915888	0.105184	-0.916362	-0.370069	-0.152742
09651	9.896736	1.326062	-1.770302	-0.055660	-0.363929	-0.045327	-0.104141	-0.157254	0.982052	-0.387144	0.915950	0.105615	-0.916119	-0.369196	-0.156268
09652	9.982283	1.590411	-1.527073	-0.093776	-0.386331	-0.058103	-0.107521	-0.159197	0.981374	-0.386340	0.916211	0.106298	-0.916068	-0.367715	-0.160016
09653	10.034417	1.674788	-1.268199	-0.178783	-0.372442	-0.076370	-0.110703	-0.161189	0.980695	-0.384921	0.916700	0.107220	-0.916286	-0.365621	-0.163527
09654	9.933877	1.463646	-1.070392	-0.257326	-0.333954	-0.080218	-0.113522	-0.163128	0.980052	-0.382647	0.917514	0.108396	-0.916894	-0.362708	-0.166579
09655	9.942924	1.251608	-1.016767	-0.244525	-0.301047	-0.062104	-0.115855	-0.164750	0.979508	-0.380757	0.918181	0.109399	-0.917388	-0.360280	-0.169106
09656	9.923192	1.072706	-1.079405	-0.214610	-0.271557	-0.040101	-0.118260	-0.166080	0.978995	-0.378829	0.918892	0.110122	-0.917880	-0.357849	-0.171584
09657	9.799606	0.687000	-1.162391	-0.102329	-0.276215	-0.027250	-0.120863	-0.167186	0.978489	-0.377866	0.919256	0.110391	-0.917938	-0.356396	-0.174278
09658	9.966259	0.597651	-0.974108	0.091697	-0.304690	0.010741	-0.123765	-0.168160	0.977959	-0.378688	0.918954	0.110089	-0.917212	-0.356716	-0.177414
09659	9.873319	0.568178	-0.838353	0.274542	-0.320149	0.036366	-0.126792	-0.168915	0.977441	-0.381350	0.917962	0.109168	-0.915694	-0.358905	-0.180806
09660	9.739685	0.668407	-0.973360	0.452577	-0.350819	0.052996	-0.130269	-0.169681	0.976851	-0.385415	0.916426	0.107787	-0.913502	-0.362452	-0.184780
09661	9.636247	1.006232	-1.022493	0.634309	-0.438082	0.062475	-0.134480	-0.170684	0.976106	-0.391498	0.914065	0.105898	-0.910299	-0.367902	-0.189746
09662	9.694914	1.551617	-1.236983	0.807466	-0.530430	0.060694	-0.139603	-0.172086	0.975140	-0.398743	0.911179	0.103714	-0.906375	-0.374351	-0.195822
09663	9.735388	1.918214	-1.270887	0.878921	-0.568773	0.032329	-0.145000	-0.173826	0.974043	-0.406666	0.907922	0.101488	-0.901997	-0.381394	-0.202338
09664	9.696736	1.914381	-1.089243	0.857388	-0.575455	0.012873	-0.150297	-0.175912	0.972865	-0.414355	0.904653	0.099565	-0.897620	-0.388147	-0.208856
09665	9.736666	1.730654	-0.825086	0.821932	-0.555976	0.016169	-0.155327	-0.177775	0.971735	-0.421462	0.901582	0.097572	-0.893445	-0.394393	-0.214966
09666	9.799943	1.644710	-0.733934	0.801849	-0.515284	0.032216	-0.160123	-0.179522	0.970635	-0.428551	0.898459	0.095476	-0.889216	-0.400678	-0.220798
09667	9.743994	1.620966	-0.798333	0.793102	-0.480660	0.051358	-0.164655	-0.180825	0.969635	-0.435200	0.895507	0.093099	-0.885149	-0.406656	-0.226145
09668	9.648943	1.703788	-0.851638	0.766245	-0.456782	0.042723	-0.168941	-0.182304	0.968620	-0.441888	0.892453	0.090897	-0.881019	-0.412665	-0.231330
09669	9.487344	1.797708	-1.016420	0.720422	-0.452295	0.038781	-0.173215	-0.183779	0.967586	-0.448293	0.889476	0.088691	-0.876943	-0.418400	-0.236457
09670	9.316328	1.885220	-1.239026	0.679767	-0.448967	0.037023	-0.177376	-0.185331	0.966535	-0.454168	0.886690	0.086673	-0.873080	-0.423596	-0.241448
09671	9.247156	1.998288	-1.367462	0.611052	-0.470000	0.035544	-0.181717	-0.186964	0.965414	-0.459616	0.884070	0.084699	-0.869328	-0.428329	-0.246582
09672	9.303245	2.101486	-1.494816	0.481679	-0.501767	0.041042	-0.186326	-0.188750	0.964187	-0.463712	0.882083	0.083067	-0.866172	-0.431628	-0.251881
09673	9.408657	1.877162	-1.676573	0.356032	-0.496600	0.038405	-0.190838	-0.190551	0.962949	-0.466898	0.880528	0.081712	-0.863474	-0.434006	-0.257006
09674	9.353533	1.482303	-1.912192	0.283734	-0.477039	0.042075	-0.195214	-0.192247	0.961734	-0.469255	0.879382	0.080535	-0.861215	-0.435577	-0.261880
09675	9.264992	0.987456	-2.168278	0.274799	-0.485160	0.056030	-0.199614	-0.193807	0.960517	-0.471565	0.878267	0.079211	-0.858942	-0.437134	-0.266707
09676	9.217783	0.631086	-2.242552	0.286355	-0.509347	0.076693	-0.204411	-0.195356	0.959194	-0.473857	0.877170	0.077668	-0.856549	-0.438645	-0.271874
09677	9.119505	0.523358	-2.114397	0.275912	-0.557206	0.098294	-0.209749	-0.196862	0.957732	-0.476012	0.876162	0.075846	-0.854060	-0.439984	-0.277482
09678	9.118384	0.614766	-1.969897	0.231264	-0.619985	0.115647	-0.215653	-0.198571	0.956067	-0.477730	0.875380	0.074054	-0.851627	-0.440771	-0.283641
09679	9.248503	0.858684	-1.863959	0.163454	-0.677441	0.131218	-0.222092	-0.200434	0.954202	-0.479122	0.874771	0.072233	-0.849187	-0.441136	-0.290312
09680	9.322026	1.004908	-1.883228	0.113933	-0.693593	0.124789	-0.228638	-0.202393	0.952240	-0.479797	0.874528	0.070674	-0.847065	-0.440724	-0.297058
09681	9.483262	1.006407	-2.026967	0.096126	-0.693257	0.105512	-0.235040	-0.204517	0.950226	-0.480550	0.874225	0.069295	-0.844883	-0.440344	-0.303759
09682	9.554988	0.881477	-2.085327	0.121048	-0.656816	0.073729	-0.241002	-0.206756	0.948246	-0.481387	0.873852	0.068188	-0.842724	-0.440040	-0.310130
09683	9.534900	0.754730	-2.183388	0.184177	-0.634987	0.068604	-0.246684	-0.208986	0.946294	-0.483051	0.873034	0.066882	-0.840124	-0.440610	-0.316314
09684	9.601893	0.579659	-2.139268	0.197457	-0.634541	0.069959	-0.252410	-0.211164	0.944298	-0.484524	0.872318	0.065555	-0.837571	-0.440988	-0.322496
09685	9.629722	0.381450	-2.267842	0.244240	-0.612257	0.067872	-0.257930	-0.213284	0.942328	-0.486612	0.871270	0.064008	-0.834674	-0.442039	-0.328513
09686	9.443701	0.321870	-2.372645	0.331713	-0.592664	0.069855	-0.263273	-0.215293	0.940392	-0.489184	0.869959	0.062215	-0.831497	-0.443645	-0.334354
09687	9.197962	0.583119	-2.237140	0.375984	-0.634717	0.063190	-0.268857	-0.217602	0.938278	-0.492438	0.868259	0.060259	-0.827780	-0.445843	-0.340593
09688	9.174969	1.063255	-2.067613	0.328335	-0.703486	0.069245	-0.275074	-0.220135	0.935882	-0.494952	0.866952	0.058445	-0.824231	-0.447140	-0.347432
09689	9.261382	1.555200	-2.057799	0.251424	-0.712632	0.070156	-0.281219	-0.222745	0.933435	-0.497033	0.865866	0.056878	-0.820898	-0.447953	-0.354209
09690	9.359787	1.830939	-2.124945	0.165134	-0.691526	0.049848	-0.287199	-0.225403	0.930973	-0.498235	0.865246	0.055787	-0.818095	-0.447821	-0.360801
09691	9.656379	1.704545	-2.195749	0.094065	-0.667097	0.027174	-0.292764	-0.228210	0.928552	-0.499203	0.864730	0.055131	-0.815528	-0.447396	-0.367084
09692	9.627250	1.643472	-1.932437	0.080440	-0.615784	0.005366	-0.297869	-0.230909	0.926259	-0.499832	0.864390	0.054748	-0.813291	-0.446666	-0.372891
09693	9.568088	1.710914	-1.516591	-0.012764	-0.603712	-0.018502	-0.302588	-0.233832	0.923993	-0.500060	0.864245	0.054953	-0.811406	-0.445424	-0.378441
09694	9.875442	1.467444	-1.420007	-0.107212	-0.604851	-0.024200	-0.307435	-0.236720	0.921655	-0.499255	0.864673	0.055549	-0.810079	-0.443063	-0.384014
09695	9.922680	1.069682	-1.525425	-0.060623	-0.513556	-0.040213	-0.311226	-0.239362	0.919698	-0.499055	0.864747	0.056181	-0.808754	-0.441495	-0.388587
09696	9.888974	0.360854	-2.008114	0.117601	-0.481877	-0.048143	-0.314941	-0.241898	0.917768	-0.500145	0.864121	0.056128	-0.806640	-0.441340	-0.393131
09697	10.026774	-0.307013	-2.455097	0.334287	-0.492083	-0.028582	-0.318705	-0.244379	0.915809	-0.503188	0.862424	0.055023	-0.803262	-0.443288	-0.397828
09698	9.967932	-0.518271	-2.531406	0.460991	-0.503088	0.027466	-0.322938	-0.246372	0.913790	-0.506783	0.860450	0.052891	-0.799301	-0.446013	-0.402729
09699	9.931303	-0.198183	-2.290320	0.400711	-0.569029	0.079334	-0.327713	-0.248400	0.911538	-0.510119	0.858615	0.050582	-0.795225	-0.448416	-0.408093
09700	10.089011	0.098045	-2.030814	0.264463	-0.599570	0.102128	-0.333056	-0.250207	0.909104	-0.511870	0.857691	0.048531	-0.791873	-0.449179	-0.413732
09701	10.081490	0.467092	-1.931307	0.241529	-0.553529	0.102858	-0.337888	-0.251841	0.906867	-0.513665	0.856728	0.046532	-0.788657	-0.450103	-0.418840
09702	10.108761	0.710304	-1.819559	0.278294	-0.528666	0.087735	-0.342563	-0.253465	0.904658	-0.515546	0.855704	0.044529	-0.785406	-0.451139	-0.423805
09703	10.130467	1.078147	-1.715741	0.361549	-0.507403	0.083210	-0.346787	-0.255245	0.902546	-0.518548	0.854003	0.042273	-0.781567	-0.453354	-0.428514
09704	10.506869	1.377978	-1.524255	0.396205	-0.513164	0.087947	-0.351307	-0.256819	0.900348	-0.521320	0.852436	0.039738	-0.777695	-0.455409	-0.433352
09705	10.813912	1.545502	-1.512927	0.395651	-0.472142	0.092651	-0.355340	-0.258334	0.898330	-0.524435	0.850638	0.037175	-0.773757	-0.457906	-0.437745
09706	10.906420	1.851541	-1.394363	0.395882	-0.435607	0.094663	-0.359263	-0.259522	0.896426	-0.527143	0.849074	0.034549	-0.770098	-0.460132	-0.441846
09707	11.024720	2.124310	-1.310569	0.434115	-0.406866	0.074779	-0.362818	-0.260769	0.894630	-0.530400	0.847150	0.031825	-0.766185	-0.462965	-0.445674
09708	10.963275	2.191967	-1.171189	0.475834	-0.341592	0.035936	-0.365682	-0.262046	0.893089	-0.533895	0.845041	0.029341	-0.762386	-0.466087	-0.448922
09709	11.110677	2.135874	-1.047713	0.497067	-0.297182	0.004822	-0.367860	-0.263472	0.891774	-0.537933	0.842554	0.027031	-0.758490	-0.469771	-0.451673
09710	11.503772	1.911241	-0.868487	0.546402	-0.219695	-0.024443	-0.369452	-0.264709	0.890749	-0.542147	0.839919	0.024740	-0.754706	-0.473777	-0.453821
09711	11.976968	1.508945	-0.714140	0.594654	-0.108065	-0.034359	-0.370051	-0.265707	0.890203	-0.547136	0.836746	0.022310	-0.750802	-0.478807	-0.455016
09712	12.113673	0.977683	-0.544099	0.679937	0.056649	-0.049499	-0.369416	-0.265843	0.890427	-0.552402	0.833347	0.019623	-0.747251	-0.484625	-0.454704
09713	12.227108	0.276724	-0.321646	0.782968	0.212308	-0.042921	-0.367406	-0.265295	0.891421	-0.558745	0.829176	0.016479	-0.743517	-0.492022	-0.452877
09714	12.099323	-0.716913	0.247023	0.851048	0.385897	-0.046034	-0.364346	-0.263758	0.893131	-0.565217	0.824840	0.013014	-0.740123	-0.500071	-0.449608
09715	11.832391	-1.845641	1.028259	0.894984	0.581239	-0.055831	-0.359691	-0.261319	0.895732	-0.572290	0.819998	0.009415	-0.736958	-0.509231	-0.444495
09716	11.648225	-2.997073	2.085182	0.830904	0.777861	-0.016048	-0.353935	-0.257452	0.899138	-0.578453	0.815695	0.005859	-0.734930	-0.518035	-0.437627
09717	11.598610	-4.296050	2.957544	0.705500	1.037762	0.072828	-0.346450	-0.251652	0.903683	-0.583877	0.811839	0.002231	-0.734207	-0.526867	-0.428196
09718	11.258612	-5.092201	3.682747	0.718604	1.332863	0.168454	-0.337711	-0.243203	0.909287	-0.588570	0.808443	-0.002366	-0.734532	-0.535978	-0.416162
09719	10.888160	-4.582481	4.337252	0.807243	1.562521	0.273071	-0.328004	-0.232324	0.915663	-0.593729	0.804620	-0.008533	-0.734778	-0.546454	-0.401856
09720	10.835391	-3.277910	4.440120	0.925323	1.688438	0.362315	-0.317822	-0.220095	0.922251	-0.599351	0.800336	-0.015546	-0.734689	-0.557693	-0.386278
09721	11.004208	-0.631910	3.492818	1.324975	1.778201	0.356991	-0.307007	-0.207135	0.928893	-0.608291	0.793347	-0.024136	-0.731935	-0.572447	-0.369562
09722	11.037280	1.626065	2.321166	1.691057	1.902862	0.213051	-0.294495	-0.194400	0.935672	-0.619983	0.783952	-0.032257	-0.727251	-0.589600	-0.351395
09723	10.969152	4.261352	0.878298	2.203102	2.056013	0.067860	-0.280149	-0.181486	0.942645	-0.636098	0.770534	-0.040695	-0.718955	-0.611015	-0.331308
09724	11.104138	6.099506	-0.707314	2.180035	2.128924	-0.166148	-0.263923	-0.169534	0.949528	-0.652130	0.756701	-0.046155	-0.710683	-0.631397	-0.310269
09725	11.832338	5.995718	-2.046370	1.681615	2.187737	-0.430378	-0.245683	-0.158773	0.956259	-0.665505	0.744893	-0.047304	-0.704800	-0.648017	-0.288671
09726	12.362997	4.852203	-2.772499	0.967985	2.308704	-0.615132	-0.225367	-0.148255	0.962928	-0.673769	0.737623	-0.044125	-0.703736	-0.658735	-0.266125
09727	12.937272	3.778075	-2.770535	0.252399	2.389086	-0.733228	-0.203411	-0.138150	0.969298	-0.677789	0.734296	-0.037580	-0.706559	-0.664623	-0.243001
09728	13.637533	2.963072	-2.427890	-0.435846	2.531669	-0.810431	-0.180001	-0.127289	0.975396	-0.676246	0.736115	-0.028733	-0.714347	-0.664779	-0.218580
09729	14.239042	2.566673	-1.934991	-1.111303	2.696096	-0.861359	-0.154659	-0.115982	0.981136	-0.670239	0.741929	-0.017946	-0.725852	-0.660371	-0.192482
09730	14.245375	1.714060	-1.969691	-1.647168	2.872998	-0.864425	-0.127905	-0.103604	0.986360	-0.659382	0.751780	-0.006541	-0.740848	-0.651225	-0.164471
09731	14.161175	0.258043	-2.091368	-2.012918	2.911284	-0.792921	-0.100868	-0.090912	0.990737	-0.645643	0.763627	0.004339	-0.756949	-0.639225	-0.135722
09732	15.252115	-1.503604	-2.688713	-1.975030	2.902276	-0.615153	-0.074815	-0.077284	0.994198	-0.631088	0.775606	0.012801	-0.772095	-0.626468	-0.106800
09733	15.810276	-2.622895	-3.290520	-1.648070	2.990841	-0.490200	-0.048305	-0.062567	0.996871	-0.619081	0.785091	0.019277	-0.783840	-0.616212	-0.076658
09734	15.723758	-3.188574	-3.739648	-1.243071	2.932887	-0.522991	-0.022040	-0.048742	0.998568	-0.609475	0.792404	0.025227	-0.792499	-0.608046	-0.047172
09735	15.081986	-2.427250	-4.203714	-0.582620	3.040783	-0.526241	0.005203	-0.034413	0.999394	-0.605197	0.795490	0.030543	-0.796059	-0.604989	-0.016688
09736	13.313041	-2.034140	-4.235654	-0.094067	3.010571	-0.609964	0.032793	-0.021054	0.999240	-0.604343	0.795883	0.036603	-0.796049	-0.605084	0.013376
09737	12.101657	-1.612793	-4.092181	0.228725	2.808821	-0.679280	0.059155	-0.009320	0.998205	-0.606068	0.794232	0.043332	-0.793210	-0.607544	0.041334
09738	11.414589	-1.506470	-3.932795	0.470144	2.639022	-0.731508	0.084406	0.000961	0.996431	-0.609275	0.791327	0.050847	-0.788454	-0.611392	0.067378
09739	10.794997	-1.004696	-3.406333	0.738961	2.405097	-0.729795	0.107724	0.010095	0.994130	-0.614687	0.786590	0.058620	-0.781380	-0.617394	0.090940
09740	10.887168	-0.317012	-3.538128	0.863468	2.259734	-0.760134	0.129920	0.018156	0.991358	-0.620512	0.781328	0.067010	-0.773360	-0.623856	0.112777
09741	10.339545	0.226995	-3.611451	0.983461	2.317213	-0.767796	0.152442	0.026884	0.987947	-0.627141	0.775221	0.075674	-0.763842	-0.631118	0.135036
09742	9.778437	1.174669	-3.877216	0.928006	2.215602	-0.785777	0.174147	0.034864	0.984102	-0.632920	0.769566	0.084738	-0.754377	-0.637615	0.156084
09743	9.427746	1.972127	-4.278192	0.627389	2.165483	-0.764069	0.195137	0.042982	0.979834	-0.636437	0.765682	0.093161	-0.746236	-0.641782	0.176768
09744	8.453625	1.828675	-4.225251	0.112723	2.114202	-0.765649	0.215667	0.050682	0.975151	-0.635722	0.765305	0.100822	-0.741178	-0.641669	0.197271
09745	7.801572	1.567253	-4.015224	-0.306404	2.002965	-0.727852	0.235008	0.058076	0.970257	-0.632032	0.767499	0.107146	-0.738449	-0.638414	0.217074
09746	7.102448	0.775105	-3.864825	-0.749135	1.848666	-0.717624	0.253107	0.064283	0.965300	-0.624769	0.772683	0.112362	-0.738648	-0.631529	0.235734
09747	6.749618	0.421263	-3.809409	-0.978242	1.763701	-0.693108	0.270417	0.070142	0.960185	-0.615903	0.779155	0.116539	-0.739958	-0.622895	0.253897
09748	6.441950	0.133332	-3.523331	-1.240136	1.654232	-0.660239	0.286649	0.075181	0.955081	-0.604891	0.787279	0.119574	-0.742926	-0.611996	0.271150
09749	6.387625	-0.341103	-3.268053	-1.452644	1.490826	-0.607972	0.301375	0.079563	0.950180	-0.592464	0.796423	0.121228	-0.747100	-0.599483	0.287160
09750	6.467267	-0.308070	-2.827204	-1.587785	1.323711	-0.531955	0.314352	0.083143	0.945658	-0.578946	0.806253	0.121565	-0.752332	-0.585700	0.301583
09751	6.647202	-0.483677	-2.496871	-1.806447	1.212503	-0.436277	0.325986	0.086764	0.941385	-0.564068	0.816958	0.120031	-0.758657	-0.570133	0.315257
09752	6.536180	-0.341861	-1.900406	-2.096361	1.158375	-0.343829	0.336667	0.090434	0.937271	-0.546967	0.829011	0.116482	-0.766474	-0.551871	0.328565
09753	6.552246	-0.235155	-1.607355	-2.489882	1.106302	-0.266614	0.346609	0.094338	0.933254	-0.527012	0.842636	0.110553	-0.775964	-0.530155	0.341782
09754	6.444456	-0.689166	-1.554763	-2.798875	1.085359	-0.205707	0.356088	0.098214	0.929277	-0.504447	0.857314	0.102690	-0.786597	-0.505337	0.354823
09755	6.394569	-0.873292	-1.362196	-2.945507	0.986806	-0.116585	0.364451	0.102206	0.925597	-0.480855	0.871847	0.093064	-0.797468	-0.478995	0.366891
09756	6.229353	-1.072375	-0.954380	-3.044315	0.896243	-0.004000	0.371605	0.106348	0.922280	-0.456421	0.886002	0.081736	-0.808449	-0.451321	0.377782
09757	6.532677	-1.720469	-0.631330	-2.976011	0.775966	0.157084	0.377184	0.111290	0.919427	-0.432956	0.898784	0.068823	-0.818707	-0.424031	0.387191
09758	6.816774	-1.592866	-0.012974	-2.804184	0.771688	0.348377	0.382005	0.117625	0.916644	-0.411223	0.909897	0.054615	-0.827628	-0.397808	0.395956
09759	6.873880	-1.265083	0.835705	-2.507765	0.771676	0.519637	0.386287	0.125507	0.913800	-0.392546	0.918873	0.039735	-0.834679	-0.374058	0.404217
09760	6.921213	-1.266268	2.210075	-1.985836	0.677449	0.529076	0.389861	0.132871	0.911238	-0.378003	0.925417	0.026784	-0.839716	-0.354892	0.411009
09761	7.072414	-1.164344	3.635187	-1.093995	0.578053	0.433064	0.393052	0.139067	0.908939	-0.370679	0.928582	0.018220	-0.841491	-0.344086	0.416530
09762	6.497711	-1.162070	5.106561	-0.270260	0.413801	0.294707	0.395382	0.143239	0.907279	-0.369597	0.929081	0.014386	-0.840875	-0.341015	0.420283
09763	6.072447	-1.471562	5.441411	0.180327	0.021742	0.151226	0.394952	0.144888	0.907205	-0.371897	0.928173	0.013669	-0.840063	-0.342786	0.420467
09764	6.223657	-1.649550	5.585453	0.359879	-0.385842	-0.018652	0.391720	0.143402	0.908841	-0.374877	0.926948	0.015317	-0.840252	-0.346704	0.416862
09765	6.712653	-1.537709	5.751209	0.357903	-0.742577	-0.175112	0.386081	0.139383	0.911874	-0.377422	0.925861	0.018277	-0.841721	-0.351218	0.410063
09766	7.878083	-1.048825	6.203749	0.346791	-0.994781	-0.283972	0.378709	0.133255	0.915872	-0.379289	0.925011	0.022250	-0.844227	-0.355806	0.400852
09767	9.621487	-0.297324	6.900775	0.390679	-0.978604	-0.317846	0.371594	0.127019	0.919665	-0.381633	0.923931	0.026592	-0.846330	-0.360856	0.391802
09768	11.160341	1.101772	7.686880	0.436591	-0.601394	-0.304194	0.367607	0.122042	0.921939	-0.384234	0.922713	0.031062	-0.846894	-0.365659	0.386088
09769	12.571069	2.402089	8.538631	0.342461	-0.036885	-0.239499	0.368170	0.119907	0.921994	-0.386482	0.921653	0.034467	-0.845625	-0.369024	0.385667
09770	12.387159	2.746821	8.548729	-0.020060	0.553463	-0.172521	0.373451	0.120373	0.919807	-0.385703	0.921922	0.035949	-0.843663	-0.368197	0.390721
09771	9.917290	1.449636	7.794506	-0.413043	0.851989	-0.258542	0.381583	0.121312	0.916339	-0.381478	0.923654	0.036575	-0.841944	-0.363519	0.398729
09772	8.196330	-0.205828	7.056416	-0.332393	0.755456	-0.405282	0.389415	0.120313	0.913171	-0.377150	0.925334	0.038917	-0.840306	-0.359557	0.405715
09773	7.775810	-1.012745	6.111396	0.019399	0.620555	-0.521954	0.396550	0.117928	0.910407	-0.375497	0.925796	0.043636	-0.837705	-0.359159	0.411406
09774	8.476247	-1.354871	5.413787	0.418371	0.527658	-0.574995	0.403064	0.114527	0.907977	-0.376726	0.924944	0.050566	-0.834037	-0.362440	0.415957
09775	10.170603	-1.453849	4.948746	0.857724	0.569498	-0.583467	0.409975	0.111454	0.905262	-0.381730	0.922369	0.059318	-0.828374	-0.369884	0.420693
09776	10.633896	-1.477259	5.143249	1.313686	0.683374	-0.522942	0.417569	0.109224	0.902057	-0.390428	0.918001	0.069578	-0.820489	-0.381242	0.425973
09777	10.630565	-0.836820	6.793095	1.559692	0.512194	-0.372426	0.423188	0.108063	0.899575	-0.401871	0.912241	0.079468	-0.812042	-0.395143	0.429477
09778	11.263000	-0.697598	7.171629	1.673418	0.055448	-0.248782	0.424593	0.106039	0.899153	-0.414379	0.905756	0.088858	-0.804992	-0.410318	0.428518
09779	11.069336	-0.312634	5.760971	1.849858	-0.504290	-0.272567	0.421657	0.101737	0.901030	-0.428345	0.898171	0.099040	-0.799203	-0.427713	0.422299
09780	10.699448	0.481751	4.785715	1.697367	-0.941400	-0.349559	0.415608	0.094519	0.904619	-0.440451	0.891105	0.109249	-0.795785	-0.443845	0.411981
09781	10.714988	1.103021	3.778237	1.136199	-0.970055	-0.205445	0.408771	0.088602	0.908326	-0.448918	0.886065	0.115594	-0.794594	-0.455015	0.401973
09782	8.827261	0.526488	3.370513	0.348320	-0.624810	0.042338	0.403552	0.086134	0.910893	-0.451891	0.884424	0.116570	-0.795575	-0.458666	0.395834
09783	7.485653	-1.123646	2.871328	-0.112600	-0.593986	0.268546	0.397568	0.086050	0.913529	-0.452347	0.884585	0.113538	-0.798324	-0.458371	0.390608
09784	6.843769	-2.562635	0.181396	-0.082653	-0.976557	0.273796	0.388452	0.084006	0.917632	-0.452793	0.884719	0.110683	-0.802548	-0.458492	0.381709
