// General information: 
//  MT Manager version: 2022.2.0 
//  XDA version: 2022.2.0 build 7381 rev 124627 built on 2023-07-19
// Device information: 
//  DeviceId: 00B4CAF0
//  ProductCode: MTW2-3A7G6
//  Firmware Version: 4.6.0
//  Hardware Version: 2.0.0
// Device settings: 
//  Filter Profile: human(46.1)
//  Option Flags: Orientation Smoother Disabled, Position/Velocity Smoother Disabled, Continuous Zero Rotation Update Disabled, AHS Disabled, ICC Disabled
// Coordinate system: ENU
PacketCounter	Acc_X	Acc_Y	Acc_Z	Gyr_X	Gyr_Y	Gyr_Z	Mat[1][1]	Mat[2][1]	Mat[3][1]	Mat[1][2]	Mat[2][2]	Mat[3][2]	Mat[1][3]	Mat[2][3]	Mat[3][3]
02269	5.612063	-3.174389	7.856579	0.017442	0.002869	-0.016782	0.086759	-0.820913	0.564424	0.940315	-0.119659	-0.318574	0.329060	0.558376	0.761535
02270	5.644586	-3.165475	7.846885	0.009953	0.003021	-0.016542	0.086421	-0.820932	0.564448	0.940316	-0.119970	-0.318453	0.329146	0.558281	0.761568
02271	5.569211	-3.186071	7.828009	0.007378	0.005904	-0.010865	0.086310	-0.820920	0.564483	0.940343	-0.120038	-0.318348	0.329098	0.558285	0.761586
02272	5.577678	-3.201372	7.844465	0.006855	0.005272	-0.008352	0.085960	-0.821005	0.564412	0.940343	-0.120325	-0.318241	0.329190	0.558097	0.761683
02273	5.577556	-3.200290	7.844993	0.008390	0.004926	-0.009022	0.085869	-0.820990	0.564449	0.940372	-0.120372	-0.318139	0.329132	0.558110	0.761699
02274	5.579742	-3.174734	7.869587	0.004462	0.006579	-0.005789	0.085419	-0.821062	0.564411	0.940322	-0.120845	-0.318106	0.329391	0.557901	0.761740
02275	5.585703	-3.166775	7.836913	0.000193	0.006024	-0.003156	0.085380	-0.821060	0.564421	0.940318	-0.120889	-0.318099	0.329411	0.557895	0.761736
02276	5.570392	-3.206374	7.879283	0.000340	0.002208	0.000600	0.085137	-0.821111	0.564384	0.940263	-0.121186	-0.318150	0.329632	0.557756	0.761742
02277	5.550615	-3.198566	7.823366	-0.005129	0.000407	0.004525	0.085189	-0.821086	0.564412	0.940235	-0.121197	-0.318228	0.329697	0.557789	0.761689
02278	5.524386	-3.246765	7.825544	0.002551	0.002478	0.001152	0.085392	-0.821082	0.564387	0.940236	-0.121005	-0.318299	0.329643	0.557837	0.761678
02279	5.550203	-3.247232	7.848483	0.001535	-0.000346	-0.000670	0.085398	-0.821047	0.564437	0.940235	-0.121021	-0.318296	0.329645	0.557885	0.761642
02280	5.541720	-3.230551	7.832600	0.006627	-0.002991	0.001675	0.086083	-0.820939	0.564489	0.940320	-0.120282	-0.318323	0.329222	0.558203	0.761592
02281	5.550553	-3.246565	7.848511	0.002730	-0.002900	-0.001941	0.086085	-0.820889	0.564563	0.940324	-0.120302	-0.318304	0.329211	0.558273	0.761545
02282	5.548513	-3.222180	7.799512	0.006140	-0.001384	-0.002682	0.086589	-0.820810	0.564599	0.940415	-0.119709	-0.318259	0.328818	0.558516	0.761537
02283	5.559711	-3.213192	7.839658	0.005653	0.000223	-0.007038	0.086533	-0.820771	0.564665	0.940433	-0.119755	-0.318189	0.328781	0.558564	0.761518
02284	5.566130	-3.253238	7.831775	0.009399	0.000147	-0.007158	0.085912	-0.820861	0.564629	0.940397	-0.120360	-0.318068	0.329049	0.558301	0.761595
02285	5.577318	-3.243754	7.872130	0.010598	0.001392	-0.008450	0.085839	-0.820827	0.564690	0.940432	-0.120390	-0.317953	0.328967	0.558346	0.761598
02286	5.540817	-3.249799	7.809719	0.015724	-0.002817	-0.012952	0.085529	-0.820838	0.564721	0.940456	-0.120639	-0.317787	0.328979	0.558275	0.761644
02287	5.561083	-3.207496	7.841017	0.014866	-0.001856	-0.011060	0.085441	-0.820782	0.564815	0.940508	-0.120666	-0.317624	0.328854	0.558351	0.761642
02288	5.576534	-3.214517	7.824224	0.017413	-0.003179	-0.009887	0.084958	-0.820794	0.564871	0.940469	-0.121187	-0.317541	0.329091	0.558221	0.761635
02289	5.579625	-3.187616	7.848681	0.022881	-0.005182	-0.013790	0.084856	-0.820716	0.564999	0.940549	-0.121192	-0.317302	0.328888	0.558335	0.761640
02290	5.589144	-3.153028	7.840003	0.018125	-0.004133	-0.015514	0.085020	-0.820636	0.565091	0.940680	-0.120859	-0.317041	0.328472	0.558525	0.761680
02291	5.598568	-3.167201	7.856249	0.018614	-0.005738	-0.011157	0.084944	-0.820558	0.565215	0.940743	-0.120865	-0.316849	0.328308	0.558637	0.761668
02292	5.599381	-3.165126	7.856506	0.019627	-0.006714	-0.009313	0.084649	-0.820532	0.565298	0.940754	-0.121144	-0.316711	0.328354	0.558616	0.761664
02293	5.582753	-3.179020	7.849943	0.015883	-0.002838	-0.009218	0.084582	-0.820473	0.565394	0.940807	-0.121151	-0.316551	0.328220	0.558701	0.761659
02294	5.592011	-3.193789	7.866081	0.014834	-0.007896	-0.004164	0.084282	-0.820449	0.565473	0.940777	-0.121500	-0.316506	0.328382	0.558660	0.761620
02295	5.583931	-3.176075	7.850297	0.009252	0.000149	-0.010895	0.084190	-0.820405	0.565551	0.940810	-0.121558	-0.316387	0.328312	0.558712	0.761611
02296	5.616423	-3.167754	7.840345	0.013151	0.000062	-0.007279	0.083531	-0.820463	0.565564	0.940747	-0.122259	-0.316304	0.328661	0.558473	0.761636
02297	5.635057	-3.192799	7.766635	0.003449	0.011346	-0.007666	0.083432	-0.820485	0.565546	0.940757	-0.122322	-0.316248	0.328656	0.558427	0.761672
02298	5.554125	-3.408643	7.775484	0.011844	0.016258	-0.016695	0.082716	-0.820665	0.565392	0.940744	-0.122924	-0.316053	0.328874	0.558032	0.761868
02299	5.563809	-3.192163	7.953053	0.020090	0.017375	-0.029432	0.082392	-0.820694	0.565397	0.940828	-0.123073	-0.315747	0.328716	0.557956	0.761991
02300	5.902044	-2.718600	8.179890	-0.033943	0.046949	-0.020433	0.081858	-0.821001	0.565027	0.940705	-0.123617	-0.315902	0.329203	0.557383	0.762201
02301	5.666882	-3.207742	7.884242	-0.080316	0.076335	-0.007942	0.081541	-0.821385	0.564515	0.940439	-0.124149	-0.316482	0.330038	0.556699	0.762340
02302	5.702902	-3.168487	7.760875	-0.093762	0.096809	-0.001415	0.080698	-0.821920	0.563858	0.939980	-0.125418	-0.317345	0.331550	0.555624	0.762467
02303	5.520776	-3.291760	7.775584	-0.087900	0.104567	-0.004755	0.080316	-0.822463	0.563120	0.939685	-0.125965	-0.318002	0.332478	0.554696	0.762739
02304	5.569160	-3.201361	7.847596	-0.079695	0.101194	-0.003737	0.079779	-0.823044	0.562347	0.939382	-0.126645	-0.318625	0.333461	0.553678	0.763049
02305	5.540114	-3.157485	7.875930	-0.073232	0.095953	0.001084	0.079480	-0.823545	0.561656	0.939130	-0.127062	-0.319204	0.334243	0.552838	0.763316
02306	5.558758	-3.115585	7.876717	-0.074469	0.084840	0.009274	0.077642	-0.824233	0.560903	0.938619	-0.129233	-0.319833	0.336104	0.551306	0.763607
02307	5.502350	-3.144797	7.882050	-0.072099	0.081267	0.013585	0.077507	-0.824667	0.560283	0.938359	-0.129539	-0.320473	0.336862	0.550585	0.763793
02308	5.519547	-3.127591	7.858195	-0.063462	0.072520	0.018983	0.078025	-0.825026	0.559683	0.938207	-0.129097	-0.321095	0.337165	0.550152	0.763972
02309	5.470391	-3.197270	7.854665	-0.057712	0.062891	0.022595	0.078035	-0.825369	0.559174	0.937987	-0.129248	-0.321676	0.337773	0.549600	0.764100
02310	5.484651	-3.276758	7.806427	-0.046643	0.047523	0.018597	0.078605	-0.825597	0.558758	0.937893	-0.128736	-0.322156	0.337903	0.549378	0.764202
02311	5.503933	-3.306429	7.806381	-0.039356	0.045150	0.021520	0.078665	-0.825842	0.558388	0.937735	-0.128794	-0.322590	0.338326	0.548997	0.764289
02312	5.489215	-3.252536	7.873040	-0.031351	0.038060	0.018828	0.077224	-0.826250	0.557984	0.937358	-0.130516	-0.322993	0.339699	0.547974	0.764414
02313	5.521942	-3.248478	7.937381	-0.028735	0.038986	0.013145	0.077225	-0.826450	0.557688	0.937243	-0.130585	-0.323300	0.340017	0.547656	0.764500
02314	6.135214	-2.930683	8.320123	-0.079233	0.075176	0.028131	0.076427	-0.826985	0.557006	0.936806	-0.131720	-0.324104	0.341398	0.546577	0.764658
02315	5.970394	-2.955109	8.055408	-0.151326	0.175994	0.058517	0.076384	-0.827992	0.555514	0.936236	-0.132082	-0.325601	0.342968	0.544963	0.765107
02316	5.650904	-3.384932	7.866329	-0.159911	0.223232	0.069904	0.077325	-0.829153	0.553648	0.935703	-0.131365	-0.327420	0.344211	0.543368	0.765683
02317	5.500206	-3.306864	7.815427	-0.149041	0.244912	0.068389	0.077131	-0.830540	0.551592	0.935128	-0.131626	-0.328953	0.345813	0.541182	0.766509
02318	5.397289	-3.302703	7.811604	-0.143974	0.249683	0.063294	0.076276	-0.832022	0.549474	0.934478	-0.132548	-0.330428	0.347755	0.538675	0.767396
02319	5.277221	-3.362484	7.823871	-0.135916	0.224984	0.071197	0.076168	-0.833296	0.547555	0.933942	-0.132706	-0.331876	0.349215	0.536663	0.768142
02320	5.202961	-3.357831	7.840847	-0.113504	0.178996	0.078124	0.077404	-0.834240	0.545942	0.933627	-0.131462	-0.333254	0.349785	0.535501	0.768693
02321	5.235645	-3.372232	7.819074	-0.103994	0.137429	0.082198	0.077701	-0.835053	0.544655	0.933191	-0.131353	-0.334516	0.350881	0.534260	0.769057
02322	5.208890	-3.400084	7.887850	-0.089042	0.109119	0.078710	0.078935	-0.835579	0.543670	0.932873	-0.130357	-0.335790	0.351450	0.533681	0.769199
02323	5.234632	-3.444151	7.798821	-0.080997	0.085400	0.072870	0.079325	-0.836099	0.542813	0.932522	-0.130200	-0.336824	0.352292	0.532904	0.769353
02324	5.230490	-3.518597	7.767041	-0.066416	0.070104	0.065064	0.079734	-0.836541	0.542071	0.932212	-0.130010	-0.337755	0.353020	0.532256	0.769468
02325	5.167673	-3.507477	7.778656	-0.046143	0.055138	0.050301	0.080019	-0.836870	0.541522	0.932001	-0.129854	-0.338397	0.353513	0.531777	0.769573
02326	5.253389	-3.525390	7.833366	-0.038249	0.042911	0.037020	0.078891	-0.837311	0.541005	0.931617	-0.131213	-0.338928	0.354775	0.530748	0.769702
02327	5.591853	-3.367855	8.133627	-0.036159	0.050823	0.030165	0.079002	-0.837590	0.540556	0.931457	-0.131173	-0.339385	0.355171	0.530317	0.769816
02328	6.038689	-3.077096	8.222180	-0.076857	0.129173	0.051196	0.079466	-0.838260	0.539450	0.931206	-0.130691	-0.340258	0.355726	0.529378	0.770206
02329	5.456198	-3.224392	7.993224	-0.107640	0.185655	0.066346	0.079434	-0.839298	0.537838	0.930761	-0.130724	-0.341460	0.356895	0.527722	0.770802
02330	5.227446	-3.519534	7.880646	-0.112363	0.191866	0.067709	0.079721	-0.840339	0.536166	0.930294	-0.130479	-0.342823	0.358046	0.526123	0.771361
02331	5.116249	-3.478811	7.914112	-0.098200	0.164377	0.073559	0.079827	-0.841269	0.534690	0.929875	-0.130397	-0.343990	0.359110	0.524655	0.771866
02332	5.140825	-3.549179	7.949107	-0.088929	0.134291	0.073847	0.078589	-0.842266	0.533303	0.929317	-0.131728	-0.344990	0.360824	0.522720	0.772379
02333	4.786985	-3.605242	7.732594	-0.062268	0.097438	0.068235	0.078883	-0.842835	0.532360	0.929030	-0.131499	-0.345849	0.361498	0.521860	0.772646
02334	4.181766	-4.039341	7.684701	-0.031281	0.001074	0.040297	0.079472	-0.842856	0.532239	0.928888	-0.131138	-0.346367	0.361734	0.521917	0.772497
02335	4.592504	-4.017735	7.656210	0.032721	-0.095538	-0.006782	0.079766	-0.842318	0.533045	0.929003	-0.131044	-0.346093	0.361373	0.522807	0.772063
02336	4.905057	-3.780239	7.599904	0.094270	-0.137299	-0.052796	0.080356	-0.841478	0.534283	0.929467	-0.130360	-0.345105	0.360047	0.524329	0.771651
02337	5.086610	-3.761253	7.747017	0.139170	-0.159015	-0.084740	0.080151	-0.840503	0.535846	0.930027	-0.130363	-0.343593	0.358645	0.525890	0.771241
02338	5.260378	-3.718819	7.805693	0.179175	-0.153988	-0.119572	0.079386	-0.839543	0.537462	0.930711	-0.130687	-0.341610	0.357036	0.527341	0.770997
02339	5.599548	-3.363614	8.034403	0.190497	-0.135360	-0.130855	0.078661	-0.838627	0.538996	0.931485	-0.130799	-0.339452	0.355174	0.528768	0.770880
02340	5.519336	-3.215766	7.989069	0.165502	-0.102822	-0.122191	0.076812	-0.838054	0.540153	0.931998	-0.132124	-0.337526	0.354232	0.529348	0.770916
02341	5.474310	-3.340285	7.941058	0.156299	-0.084285	-0.118847	0.076013	-0.837420	0.541248	0.932633	-0.132312	-0.335693	0.352730	0.530302	0.770948
02342	5.384590	-3.341681	7.896268	0.152001	-0.077344	-0.123733	0.075131	-0.836824	0.542293	0.933231	-0.132601	-0.333912	0.351334	0.531172	0.770987
02343	5.329001	-3.311847	7.867122	0.166233	-0.080621	-0.118378	0.074319	-0.836208	0.543353	0.933894	-0.132728	-0.332002	0.349741	0.532108	0.771065
02344	5.225453	-3.490899	7.831091	0.182135	-0.098561	-0.127406	0.073989	-0.835429	0.544595	0.934673	-0.132319	-0.329968	0.347725	0.533432	0.771063
02345	5.308606	-3.381516	7.886822	0.207065	-0.109438	-0.140950	0.073062	-0.834628	0.545947	0.935486	-0.132411	-0.327618	0.345728	0.534662	0.771109
02346	5.295378	-3.380547	7.840219	0.221285	-0.118009	-0.149931	0.070946	-0.833896	0.547342	0.936153	-0.133771	-0.325150	0.344360	0.535464	0.771164
02347	5.406422	-3.340541	7.992140	0.233321	-0.130672	-0.159483	0.069912	-0.832952	0.548911	0.937058	-0.133870	-0.322491	0.342103	0.536907	0.771165
02348	6.248983	-2.864454	8.583534	0.188940	-0.090831	-0.144368	0.067636	-0.832416	0.550008	0.937647	-0.135352	-0.320154	0.340946	0.537367	0.771357
02349	6.013742	-2.679468	8.137826	0.077666	0.025106	-0.095797	0.066662	-0.832391	0.550165	0.937967	-0.135753	-0.319043	0.340255	0.537305	0.771706
02350	5.736596	-3.045445	8.050654	0.036544	0.068188	-0.067101	0.066039	-0.832651	0.549847	0.938190	-0.135821	-0.318359	0.339763	0.536885	0.772215
02351	5.556625	-3.084665	7.990255	-0.002355	0.106902	-0.069609	0.065033	-0.833100	0.549287	0.938219	-0.136434	-0.318009	0.339875	0.536032	0.772757
02352	5.466294	-3.087760	7.959030	-0.010742	0.124593	-0.060800	0.064810	-0.833608	0.548541	0.938323	-0.136181	-0.317814	0.339633	0.535306	0.773367
02353	5.360177	-3.083324	7.944279	-0.016740	0.110780	-0.050653	0.063968	-0.834101	0.547889	0.938290	-0.136713	-0.317680	0.339881	0.534401	0.773884
02354	5.337624	-3.121948	7.990910	-0.015697	0.094678	-0.044992	0.061901	-0.834650	0.547292	0.938062	-0.138634	-0.317522	0.340893	0.533049	0.774371
02355	5.321790	-3.177600	7.979676	-0.012878	0.080457	-0.043111	0.061232	-0.834988	0.546850	0.938037	-0.139083	-0.317401	0.341083	0.532401	0.774733
02356	5.363449	-3.202006	7.933266	-0.006131	0.075943	-0.048195	0.059812	-0.835397	0.546383	0.937945	-0.140273	-0.317147	0.341586	0.531446	0.775167
02357	5.372784	-3.232682	7.896580	-0.000059	0.085905	-0.058310	0.058982	-0.835742	0.545946	0.937972	-0.140781	-0.316844	0.341658	0.530770	0.775598
02358	5.401430	-3.197548	7.916378	-0.004304	0.098840	-0.070132	0.055444	-0.836380	0.545340	0.937590	-0.144178	-0.316446	0.343295	0.528850	0.776187
02359	5.378361	-3.160754	7.890197	-0.003073	0.132421	-0.093346	0.054124	-0.836915	0.544651	0.937622	-0.144996	-0.315976	0.343417	0.527778	0.776862
02360	5.376492	-3.245451	7.914689	-0.008741	0.160696	-0.104590	0.051719	-0.837631	0.543783	0.937471	-0.146949	-0.315521	0.344198	0.526099	0.777655
02361	5.394958	-3.306400	7.842224	-0.015034	0.198051	-0.135179	0.049780	-0.838442	0.542712	0.937480	-0.148182	-0.314918	0.344461	0.524458	0.778646
02362	5.425820	-3.211174	7.884180	-0.022222	0.241585	-0.153322	0.048422	-0.839444	0.541284	0.937672	-0.148506	-0.314191	0.344130	0.522761	0.779933
02363	5.359268	-3.350030	7.924250	-0.038736	0.287004	-0.175095	0.045802	-0.840651	0.539638	0.937613	-0.150199	-0.313562	0.344650	0.520333	0.781326
02364	5.341028	-3.392356	7.963779	-0.054901	0.323198	-0.199966	0.041809	-0.842084	0.537724	0.937355	-0.153243	-0.312862	0.345858	0.517118	0.782925
02365	5.361073	-3.419525	7.962903	-0.069264	0.351415	-0.214250	0.038594	-0.843536	0.535684	0.937193	-0.155426	-0.312270	0.346670	0.514091	0.784558
02366	5.234929	-3.419994	7.988913	-0.062322	0.344353	-0.216145	0.034611	-0.845027	0.533603	0.936913	-0.158398	-0.311614	0.347844	0.510725	0.786235
02367	4.777627	-3.506734	7.983345	-0.035410	0.237290	-0.174262	0.032163	-0.845930	0.532323	0.936840	-0.160072	-0.310979	0.348276	0.508703	0.787353
02368	5.060607	-3.141106	8.165753	0.074321	0.072842	-0.145702	0.028700	-0.846135	0.532195	0.936806	-0.162945	-0.309587	0.348671	0.507448	0.787988
02369	5.260508	-2.737692	8.312946	0.088807	0.023388	-0.120699	0.027498	-0.846029	0.532428	0.937140	-0.163536	-0.308259	0.347867	0.507436	0.788351
02370	5.312175	-2.700580	8.314923	0.090539	-0.018140	-0.091283	0.024834	-0.845876	0.532802	0.937146	-0.165860	-0.306999	0.348053	0.506937	0.788590
02371	5.355440	-2.772206	8.177735	0.078557	-0.035842	-0.063127	0.024377	-0.845561	0.533322	0.937426	-0.166015	-0.306058	0.347330	0.507411	0.788604
02372	5.335868	-2.836181	8.227261	0.064023	-0.044791	-0.043710	0.021726	-0.845321	0.533817	0.937188	-0.168714	-0.305309	0.348146	0.506921	0.788559
02373	5.323199	-2.919552	8.146099	0.053503	-0.047837	-0.031185	0.021611	-0.844997	0.534334	0.937373	-0.168726	-0.304735	0.347657	0.507456	0.788431
02374	5.392748	-2.946799	8.152917	0.044173	-0.042170	-0.027428	0.020690	-0.844732	0.534789	0.937359	-0.169663	-0.304258	0.347750	0.507584	0.788307
02375	5.469308	-2.943231	8.151348	0.018283	-0.021108	-0.023038	0.020558	-0.844558	0.535070	0.937419	-0.169785	-0.304006	0.347597	0.507834	0.788214
02376	5.379806	-3.031577	8.071602	-0.002897	0.002771	-0.013081	0.018836	-0.844599	0.535067	0.937107	-0.171641	-0.303924	0.348534	0.507140	0.788247
02377	5.338065	-3.120674	8.040858	-0.003561	0.017119	-0.018136	0.018617	-0.844627	0.535032	0.937089	-0.171833	-0.303870	0.348593	0.507030	0.788292
02378	5.311984	-3.193256	8.018520	-0.005803	0.028023	-0.026279	0.017407	-0.844725	0.534917	0.936894	-0.173058	-0.303776	0.349179	0.506448	0.788406
02379	5.319295	-3.158715	8.084801	0.000088	0.035770	-0.033202	0.016981	-0.844821	0.534780	0.936892	-0.173359	-0.303613	0.349207	0.506186	0.788562
02380	5.268058	-3.205564	8.063498	0.000656	0.043835	-0.043214	0.017269	-0.844930	0.534599	0.937059	-0.172817	-0.303405	0.348744	0.506190	0.788764
02381	5.265660	-3.227365	8.041852	0.004960	0.048116	-0.056961	0.016578	-0.845046	0.534436	0.937077	-0.173293	-0.303076	0.348728	0.505833	0.789001
02382	5.279851	-3.182520	8.076988	0.007705	0.063948	-0.070138	0.015310	-0.845289	0.534090	0.937046	-0.174242	-0.302629	0.348870	0.505100	0.789407
02383	5.268790	-3.137238	8.088524	0.009896	0.067959	-0.073283	0.014397	-0.845476	0.533819	0.937083	-0.174831	-0.302175	0.348810	0.504583	0.789764
02384	5.177364	-3.025365	8.205690	0.014941	0.057945	-0.070757	0.015685	-0.845598	0.533589	0.937576	-0.172990	-0.301705	0.347427	0.505013	0.790099
02385	5.274013	-2.824556	8.278843	0.020684	0.026164	-0.055657	0.015083	-0.845606	0.533595	0.937648	-0.173377	-0.301260	0.347260	0.504868	0.790265
02386	5.256842	-2.960060	8.151777	0.018887	0.009375	-0.044346	0.012821	-0.845617	0.533636	0.937378	-0.175613	-0.300804	0.348079	0.504075	0.790411
02387	5.242500	-2.947026	8.241866	0.024898	-0.012751	-0.036145	0.012537	-0.845461	0.533889	0.937460	-0.175813	-0.300429	0.347866	0.504267	0.790382
02388	5.245003	-2.894993	8.216405	0.022177	-0.032329	-0.022942	0.010638	-0.845281	0.534217	0.937208	-0.177826	-0.300034	0.348610	0.503864	0.790312
02389	5.313755	-2.900974	8.173708	0.020409	-0.052834	-0.007866	0.010759	-0.844972	0.534702	0.937271	-0.177809	-0.299845	0.348435	0.504387	0.790055
02390	5.237595	-3.103060	8.157780	0.016441	-0.069933	0.002841	0.012581	-0.844573	0.535293	0.937635	-0.176022	-0.299761	0.347394	0.505680	0.789687
02391	5.212210	-3.206224	8.212869	0.034319	-0.091544	0.001025	0.012919	-0.844083	0.536056	0.937746	-0.175859	-0.299510	0.347082	0.506554	0.789264
02392	5.147423	-3.373759	8.187412	0.051863	-0.111664	-0.008900	0.010794	-0.843542	0.536955	0.937460	-0.178305	-0.298957	0.347925	0.506601	0.788862
02393	5.118777	-3.601868	8.227674	0.099382	-0.143269	-0.037603	0.010949	-0.842720	0.538241	0.937801	-0.178137	-0.297986	0.346999	0.508026	0.788353
02394	5.076551	-3.768389	8.186832	0.154433	-0.171259	-0.070132	0.009072	-0.841762	0.539773	0.937994	-0.179900	-0.296315	0.346532	0.508992	0.787936
02395	5.024797	-3.819429	8.332866	0.215786	-0.208299	-0.120103	0.008676	-0.840455	0.541812	0.938742	-0.179829	-0.293980	0.344510	0.511172	0.787411
02396	5.046629	-3.721085	8.654630	0.260146	-0.253335	-0.170519	0.005241	-0.838889	0.544277	0.939118	-0.182865	-0.290892	0.343555	0.512665	0.786857
02397	5.169425	-3.202472	8.963759	0.227435	-0.274017	-0.224216	0.004083	-0.837041	0.547125	0.939899	-0.183594	-0.287894	0.341428	0.515418	0.785985
02398	5.191377	-3.065422	9.138194	0.062989	-0.313998	-0.321109	-0.002952	-0.834818	0.550518	0.939030	-0.191597	-0.285507	0.343824	0.516110	0.784484
02399	4.713734	-2.225059	9.937013	-0.127826	-0.346728	-0.358940	-0.005117	-0.832301	0.554301	0.938567	-0.195269	-0.284539	0.345060	0.518792	0.782169
02400	4.119063	-2.220511	10.014552	-0.322188	-0.390383	-0.466711	-0.007430	-0.829354	0.558674	0.937585	-0.200027	-0.284471	0.347677	0.521691	0.779076
02401	4.393819	-2.254848	10.303212	-0.836865	-0.417261	-0.606739	-0.011632	-0.825902	0.563694	0.934576	-0.209441	-0.287580	0.355573	0.523470	0.774304
02402	4.148925	-3.136074	10.414578	-1.236732	-0.420202	-0.829701	-0.019609	-0.821869	0.569339	0.929558	-0.224672	-0.292310	0.368155	0.523502	0.768380
02403	3.953740	-4.738326	10.156687	-1.503139	-0.388490	-1.029701	-0.027680	-0.817408	0.575393	0.923666	-0.240998	-0.297929	0.382198	0.523224	0.761683
02404	2.661360	-6.282514	10.162350	-1.582124	-0.322025	-1.219211	-0.035067	-0.812777	0.581519	0.917890	-0.256341	-0.302931	0.395282	0.523148	0.755029
02405	2.649208	-7.396302	11.420596	-1.473519	-0.175192	-1.335860	-0.046567	-0.808284	0.586948	0.911411	-0.274878	-0.306224	0.408855	0.520691	0.749479
02406	0.578804	-7.236756	11.506056	-1.434073	0.082391	-1.224138	-0.060234	-0.805156	0.589997	0.904077	-0.294544	-0.309659	0.423103	0.514750	0.745665
02407	-0.058918	-11.867688	10.931502	-1.534323	0.076618	-1.043641	-0.069946	-0.802360	0.592728	0.896790	-0.310809	-0.314907	0.436893	0.509526	0.741288
02408	0.553146	-14.063940	11.266128	-0.344259	0.256151	-0.995714	-0.079839	-0.800583	0.593879	0.894610	-0.320327	-0.311551	0.439658	0.506416	0.741784
02409	-2.903446	-10.152381	11.248679	0.033115	0.499174	-0.747205	-0.088699	-0.800657	0.592520	0.894115	-0.326160	-0.306885	0.438966	0.502561	0.744810
02410	-3.872422	-7.802263	11.494873	0.012601	0.596092	-0.535873	-0.096843	-0.801887	0.589575	0.893399	-0.331133	-0.303628	0.438703	0.497322	0.748472
02411	-3.978415	-7.360894	11.505706	-0.276940	0.727655	-0.343839	-0.103094	-0.804307	0.585202	0.891827	-0.335279	-0.303698	0.440473	0.490590	0.751868
02412	-4.455441	-8.109095	11.076910	-0.360803	0.899994	-0.182457	-0.107081	-0.808340	0.578896	0.890684	-0.336731	-0.305440	0.441831	0.482907	0.756033
02413	-4.805761	-7.941538	11.014644	-0.233231	1.017000	-0.087112	-0.112338	-0.812884	0.571489	0.889547	-0.338569	-0.306721	0.442817	0.473910	0.761132
02414	-4.411946	-6.796025	11.493406	-0.166650	1.095529	0.009371	-0.113023	-0.818732	0.562942	0.890437	-0.334847	-0.308220	0.440849	0.466429	0.766874
02415	-3.142097	-5.663346	12.278064	-0.330848	1.208235	0.176411	-0.116772	-0.824865	0.553138	0.889168	-0.334938	-0.311764	0.442430	0.455427	0.772555
02416	-2.649164	-5.298912	12.113651	-0.603522	1.364474	0.379007	-0.117635	-0.832640	0.541177	0.887613	-0.332536	-0.318690	0.445315	0.442867	0.778180
02417	-2.602897	-5.753919	11.378990	-0.753455	1.412661	0.548682	-0.119081	-0.840592	0.528418	0.884878	-0.331243	-0.327521	0.450346	0.428584	0.783265
02418	-2.333611	-6.213872	10.656730	-0.727262	1.314332	0.654171	-0.117273	-0.848732	0.515655	0.883080	-0.326667	-0.336836	0.454331	0.415863	0.787808
02419	-1.265503	-6.083018	10.738246	-0.643429	1.127517	0.729822	-0.115965	-0.855703	0.504305	0.880983	-0.323100	-0.345653	0.458717	0.404201	0.791328
02420	0.424878	-5.932942	11.056908	-0.646881	0.989975	0.853324	-0.111075	-0.862785	0.493218	0.879631	-0.316317	-0.355236	0.462505	0.394393	0.794068
02421	1.689774	-6.561765	11.021463	-0.634819	0.911145	0.998724	-0.106515	-0.869440	0.482419	0.877756	-0.310152	-0.365170	0.467117	0.384550	0.796193
02422	2.755456	-7.292186	10.731792	-0.495149	0.841372	1.115519	-0.097002	-0.876552	0.471430	0.877684	-0.298690	-0.374774	0.469321	0.377413	0.798309
02423	4.201560	-7.452573	10.830797	-0.271252	0.779240	1.203312	-0.090085	-0.882980	0.460686	0.877523	-0.289129	-0.382567	0.470996	0.369799	0.800882
02424	5.916744	-6.960988	11.037608	-0.140607	0.790792	1.309800	-0.079814	-0.889938	0.449043	0.878653	-0.275549	-0.389925	0.470742	0.363431	0.803940
02425	7.062951	-6.952974	10.701079	-0.076320	0.859002	1.429740	-0.071270	-0.896857	0.436540	0.879363	-0.263062	-0.396886	0.470787	0.355591	0.807412
02426	8.676930	-7.003691	10.638042	-0.029188	0.933137	1.552440	-0.057563	-0.904534	0.422497	0.881353	-0.244826	-0.404074	0.468938	0.349110	0.811308
02427	10.724751	-6.820848	10.679167	-0.030288	1.155048	1.746041	-0.047561	-0.912625	0.406022	0.882119	-0.229077	-0.411570	0.468619	0.338584	0.815939
02428	10.566017	-6.384557	9.933267	-0.018414	1.431008	2.004279	-0.033543	-0.921971	0.385803	0.883389	-0.207892	-0.420005	0.467438	0.326726	0.821433
02429	9.080359	-5.525564	8.615398	-0.011749	1.556997	2.254225	-0.020877	-0.931381	0.363446	0.883938	-0.187049	-0.428564	0.467139	0.312317	0.827188
02430	7.603234	-4.660432	7.235759	0.034358	1.472780	2.443922	-0.004794	-0.940254	0.340441	0.884475	-0.162828	-0.437254	0.466563	0.299015	0.832411
02431	6.824983	-3.550011	6.672447	0.101273	1.230045	2.583250	0.012347	-0.947734	0.318823	0.884839	-0.138153	-0.444942	0.465733	0.287600	0.836886
02432	6.913480	-3.465529	6.428285	0.221647	0.992857	2.654179	0.032099	-0.953879	0.298471	0.885224	-0.111518	-0.451599	0.464056	0.278710	0.840817
02433	7.786665	-3.464776	6.313653	0.481341	0.830554	2.630728	0.051585	-0.958734	0.279585	0.886337	-0.085044	-0.455163	0.460157	0.271286	0.845375
02434	8.115286	-2.912102	6.014072	0.790049	0.778822	2.502965	0.070904	-0.962618	0.261418	0.888356	-0.058251	-0.455445	0.453647	0.264525	0.851018
02435	7.667008	-1.372043	5.642687	0.987737	0.716450	2.278889	0.087979	-0.965525	0.244993	0.890976	-0.033707	-0.452797	0.445444	0.258120	0.857294
02436	7.347009	0.291985	5.407955	0.954974	0.628250	1.983253	0.103263	-0.967578	0.230498	0.893216	-0.011748	-0.449475	0.437610	0.252298	0.863043
02437	7.264539	1.548976	5.454905	0.748827	0.525635	1.634494	0.115610	-0.968926	0.218670	0.894672	0.005941	-0.446685	0.431505	0.247279	0.867558
02438	7.206822	2.121817	5.503212	0.489744	0.451563	1.253491	0.125206	-0.969861	0.209028	0.895191	0.019604	-0.445251	0.427734	0.242868	0.870665
02439	7.044768	1.611565	5.417162	0.311062	0.403665	0.842456	0.131046	-0.970619	0.201808	0.895429	0.028519	-0.444290	0.425480	0.238927	0.872858
02440	7.036447	0.794615	5.552424	0.319620	0.381533	0.424003	0.133489	-0.971377	0.196487	0.896160	0.033654	-0.442453	0.423176	0.235147	0.875002
02441	6.856874	0.226049	5.742006	0.433938	0.412981	0.075708	0.132447	-0.972302	0.192580	0.897879	0.035394	-0.438817	0.419846	0.231034	0.877697
02442	6.081707	0.067163	5.923556	0.553318	0.442040	-0.210255	0.128929	-0.973374	0.189525	0.900413	0.034832	-0.433639	0.415492	0.226559	0.880930
02443	5.364817	-0.255610	6.015482	0.584734	0.417217	-0.434698	0.123305	-0.974444	0.187760	0.903368	0.031904	-0.427678	0.410759	0.222351	0.884216
02444	5.118385	-0.948629	5.974976	0.589585	0.354212	-0.612936	0.116495	-0.975398	0.187156	0.906470	0.027410	-0.421379	0.405882	0.218740	0.887363
02445	5.387854	-1.847756	6.020497	0.628087	0.296543	-0.738752	0.108609	-0.976212	0.187653	0.909825	0.021559	-0.414431	0.400527	0.215743	0.890524
02446	5.762502	-2.536701	5.968590	0.726152	0.269760	-0.800055	0.100401	-0.976932	0.188475	0.913516	0.015458	-0.406509	0.394218	0.212989	0.893996
02447	5.970570	-2.573873	5.667584	0.859200	0.224040	-0.797456	0.092244	-0.977496	0.189719	0.917630	0.009480	-0.397323	0.386583	0.210742	0.897854
02448	6.036951	-2.124984	5.156530	0.948324	0.123042	-0.732786	0.085172	-0.977801	0.191444	0.921881	0.004443	-0.387447	0.377996	0.209488	0.901795
02449	6.134545	-1.822216	4.327913	0.993224	-0.054910	-0.659788	0.079298	-0.977690	0.194509	0.926124	0.000069	-0.377219	0.368790	0.210052	0.905468
02450	6.882075	-1.749181	3.620200	1.073753	-0.316964	-0.643603	0.074594	-0.977004	0.199746	0.930506	-0.003836	-0.366256	0.358600	0.213185	0.908822
02451	8.166496	-1.606445	3.424140	1.185735	-0.579713	-0.676800	0.070343	-0.975701	0.207508	0.935173	-0.007888	-0.354104	0.347136	0.218964	0.911894
02452	9.302089	-1.302427	3.556516	1.269068	-0.782992	-0.737730	0.066187	-0.973879	0.217207	0.939990	-0.012166	-0.340984	0.334720	0.226741	0.914632
02453	9.811687	-1.105080	3.679774	1.255011	-0.937578	-0.813809	0.061614	-0.971578	0.228560	0.944626	-0.017185	-0.327699	0.322313	0.236095	0.916719
02454	9.921560	-0.877981	3.935543	1.103237	-1.083596	-0.892321	0.056657	-0.968777	0.241373	0.948642	-0.023130	-0.315506	0.311238	0.246852	0.917712
02455	5.938786	-1.370577	4.507527	0.801064	-1.073149	-0.908890	0.051332	-0.965817	0.254091	0.951586	-0.029908	-0.305924	0.303066	0.257493	0.917523
02456	3.113581	-4.644690	7.946089	0.421393	-1.279280	-0.744473	0.048118	-0.962191	0.268090	0.953220	-0.035954	-0.300130	0.298421	0.269990	0.915451
02457	-0.511235	-6.997371	12.706741	0.812250	-1.221735	-0.542101	0.046552	-0.958602	0.280918	0.955861	-0.038926	-0.291230	0.290109	0.282076	0.914478
02458	-1.810641	-5.446395	13.539219	0.698409	-1.531426	-0.653912	0.044731	-0.953894	0.296793	0.958154	-0.043118	-0.282988	0.282737	0.297032	0.912048
02459	-3.554873	3.008998	16.154718	0.091898	-2.611167	-0.875952	0.043704	-0.945383	0.323017	0.958794	-0.051161	-0.279458	0.280721	0.321921	0.904192
02460	15.009308	3.559652	15.660772	-0.467802	-2.933771	-0.850796	0.043888	-0.935058	0.351767	0.957842	-0.060685	-0.280814	0.283924	0.349262	0.892974
02461	16.652452	5.035220	15.714918	-0.779908	-2.012343	-0.382997	0.046016	-0.927583	0.370774	0.955767	-0.067056	-0.286377	0.290501	0.367552	0.883467
02462	6.172796	-1.519300	10.572906	-1.280209	-1.552380	-0.193443	0.048728	-0.921624	0.385013	0.952073	-0.073678	-0.296864	0.301964	0.381026	0.873863
02463	6.433220	-6.120757	9.833960	-1.087277	-1.732904	-0.224080	0.051928	-0.914698	0.400788	0.948844	-0.079971	-0.305450	0.311446	0.396147	0.863753
02464	6.456199	-7.391272	8.944473	-0.974015	-1.687594	-0.008696	0.057127	-0.907868	0.415345	0.945781	-0.084025	-0.313748	0.319741	0.410749	0.853845
02465	10.005311	-7.688636	9.772166	-0.538531	-1.645196	-0.254403	0.060032	-0.900751	0.430167	0.944190	-0.088588	-0.317266	0.323885	0.425206	0.845162
02466	8.273656	-2.588040	10.276233	-0.461224	-1.002871	-0.196893	0.061412	-0.896250	0.439278	0.942811	-0.092373	-0.320274	0.327623	0.433824	0.839321
02467	6.978019	-3.504474	8.650193	-0.422184	-0.763419	-0.181353	0.062233	-0.892720	0.446293	0.941525	-0.095852	-0.323023	0.331147	0.440299	0.834553
02468	7.902585	-4.785847	8.942933	-0.410535	-0.418138	-0.099381	0.062648	-0.890758	0.450140	0.940224	-0.098600	-0.325970	0.334745	0.443654	0.831335
02469	5.467172	-4.204509	8.460292	-0.246531	-0.172951	-0.044035	0.062831	-0.889923	0.451763	0.939416	-0.100099	-0.327838	0.336971	0.444991	0.829719
02470	4.843955	-3.786149	8.489432	-0.163349	-0.126879	-0.072850	0.062534	-0.889265	0.453096	0.938914	-0.101523	-0.328838	0.338424	0.445982	0.828595
02471	4.548456	-3.611194	8.342820	-0.068962	-0.044348	-0.132213	0.061459	-0.888910	0.453941	0.938754	-0.103017	-0.328827	0.339062	0.446349	0.828137
02472	4.921237	-4.210140	7.978056	0.079363	-0.020294	-0.196115	0.059649	-0.888597	0.454794	0.939145	-0.104452	-0.327256	0.338303	0.446638	0.828291
02473	4.031751	-2.599865	8.639732	0.186271	-0.032021	-0.254201	0.057384	-0.888164	0.455931	0.939915	-0.105889	-0.324573	0.336552	0.447161	0.828722
02474	4.791006	-2.501855	8.999251	0.175455	-0.067395	-0.281614	0.054926	-0.887542	0.457441	0.940664	-0.107648	-0.321811	0.334864	0.447974	0.828967
02475	4.836859	-3.017777	8.819747	0.145389	-0.066717	-0.267622	0.052646	-0.886930	0.458894	0.941287	-0.109383	-0.319398	0.333478	0.448766	0.829097
02476	4.772558	-3.497279	8.649265	0.166103	-0.091834	-0.229859	0.050747	-0.886245	0.460429	0.941961	-0.110721	-0.316939	0.331865	0.449790	0.829189
02477	4.388542	-3.695212	8.378463	0.181429	-0.120737	-0.226501	0.049028	-0.885426	0.462188	0.942667	-0.111922	-0.314408	0.330114	0.451104	0.829174
02478	4.571134	-3.955794	8.187280	0.260809	-0.143347	-0.253002	0.047076	-0.884474	0.464208	0.943648	-0.113027	-0.311051	0.327585	0.452693	0.829312
02479	4.790213	-3.867517	8.340653	0.308870	-0.144854	-0.265830	0.045053	-0.883492	0.466274	0.944771	-0.113988	-0.307271	0.324621	0.454366	0.829562
02480	5.041734	-3.854656	8.303938	0.344249	-0.130877	-0.256252	0.043022	-0.882584	0.468182	0.945997	-0.114723	-0.303198	0.321309	0.455943	0.829986
02481	5.069764	-3.228417	8.672332	0.384623	-0.133558	-0.238791	0.041203	-0.881676	0.470052	0.947319	-0.115085	-0.298902	0.317631	0.457605	0.830487
02482	4.626965	-3.073555	8.647481	0.330647	-0.088132	-0.196965	0.039586	-0.881026	0.471409	0.948444	-0.115343	-0.295211	0.314463	0.458791	0.831038
02483	5.130218	-3.251085	8.543817	0.355004	-0.099214	-0.212232	0.037896	-0.880302	0.472898	0.949630	-0.115593	-0.291276	0.311075	0.460116	0.831580
02484	5.065410	-2.981191	8.478640	0.396449	-0.081187	-0.198389	0.036234	-0.879679	0.474186	0.950929	-0.115549	-0.287022	0.307279	0.461318	0.832325
02485	4.993308	-2.854384	8.697511	0.327754	-0.042126	-0.174446	0.034716	-0.879259	0.475077	0.951986	-0.115582	-0.283483	0.304165	0.462109	0.833030
02486	4.899144	-2.552976	8.741711	0.309685	-0.022281	-0.144292	0.033381	-0.878969	0.475709	0.952973	-0.115456	-0.280200	0.301210	0.462691	0.833780
02487	4.891184	-2.698906	8.765980	0.269021	-0.018419	-0.132412	0.032188	-0.878708	0.476274	0.953817	-0.115386	-0.277343	0.298659	0.463205	0.834412
02488	4.817377	-2.730975	8.682150	0.243407	0.001575	-0.113747	0.031067	-0.878563	0.476614	0.954577	-0.115296	-0.274752	0.296339	0.463501	0.835075
02489	4.755420	-2.646378	8.697763	0.219520	0.008401	-0.105877	0.030045	-0.878457	0.476876	0.955251	-0.115220	-0.272432	0.294265	0.463722	0.835685
02490	4.749900	-2.733348	8.645284	0.188782	0.019680	-0.100841	0.028994	-0.878412	0.477025	0.955835	-0.115268	-0.270355	0.292469	0.463796	0.836275
02491	4.756922	-2.671110	8.550737	0.165317	0.028530	-0.099904	0.027968	-0.878405	0.477098	0.956340	-0.115391	-0.268513	0.290916	0.463778	0.836826
02492	4.679937	-2.771430	8.584959	0.154544	0.034467	-0.103518	0.026848	-0.878425	0.477125	0.956817	-0.115621	-0.266709	0.289449	0.463682	0.837388
02493	4.660473	-2.067498	8.851046	0.122173	0.015923	-0.091307	0.025941	-0.878370	0.477278	0.957187	-0.115869	-0.265268	0.288305	0.463725	0.837758
02494	4.605585	-2.605986	8.538415	0.084282	0.001789	-0.071291	0.025223	-0.878275	0.477490	0.957449	-0.116142	-0.264203	0.287499	0.463836	0.837974
02495	4.630068	-2.568533	8.588452	0.075207	-0.015346	-0.065323	0.024654	-0.878104	0.477834	0.957674	-0.116379	-0.263279	0.286796	0.464100	0.838069
02496	4.579263	-2.620953	8.525083	0.051880	-0.029298	-0.057990	0.024153	-0.877880	0.478271	0.957838	-0.116684	-0.262549	0.286293	0.464447	0.838049
02497	4.712643	-2.904446	8.495271	0.033076	-0.054240	-0.063847	0.023709	-0.877530	0.478935	0.957941	-0.117103	-0.261984	0.285984	0.465003	0.837846
02498	4.723880	-2.835461	8.578824	0.027628	-0.065102	-0.070462	0.023192	-0.877124	0.479703	0.958037	-0.117628	-0.261398	0.285705	0.465635	0.837589
02499	4.772912	-2.765101	8.581876	0.014737	-0.068419	-0.077551	0.022657	-0.876690	0.480521	0.958090	-0.118252	-0.260920	0.285569	0.466294	0.837269
02500	4.749718	-2.625519	8.738863	0.012304	-0.074820	-0.086113	0.022019	-0.876219	0.481409	0.958145	-0.118983	-0.260387	0.285436	0.466993	0.836925
02501	4.801684	-2.285301	8.769412	-0.016260	-0.097260	-0.077320	0.021568	-0.875649	0.482467	0.958109	-0.119749	-0.260169	0.285591	0.467867	0.836384
02502	4.680468	-2.583863	8.762149	-0.023295	-0.137680	-0.065428	0.021309	-0.874905	0.483825	0.958057	-0.120464	-0.260031	0.285786	0.469073	0.835642
02503	4.757020	-2.187812	8.931612	-0.030893	-0.211351	-0.052343	0.021424	-0.873825	0.485769	0.957973	-0.121079	-0.260053	0.286057	0.470925	0.834506
02504	4.742560	-2.457623	8.806025	-0.035732	-0.287652	-0.029746	0.021936	-0.872410	0.488281	0.957877	-0.121541	-0.260189	0.286338	0.473421	0.832996
02505	4.759685	-2.260773	8.929912	-0.018219	-0.375449	-0.026806	0.022766	-0.870570	0.491518	0.957825	-0.121874	-0.260227	0.286449	0.476712	0.831079
02506	4.978249	-2.110161	8.897339	-0.034409	-0.461463	-0.004725	0.024015	-0.868335	0.495396	0.957728	-0.122115	-0.260472	0.286672	0.480710	0.828696
02507	4.750754	-2.526729	8.867402	-0.035515	-0.536607	0.000439	0.025570	-0.865719	0.499877	0.957619	-0.122296	-0.260785	0.286899	0.485360	0.825902
02508	4.846479	-2.990464	8.897143	-0.024619	-0.640432	-0.011270	0.027270	-0.862559	0.505222	0.957552	-0.122549	-0.260913	0.286967	0.490891	0.822603
02509	4.709615	-2.824801	9.091929	0.007718	-0.742685	-0.049609	0.028938	-0.858803	0.511488	0.957582	-0.122951	-0.260614	0.286704	0.497334	0.818816
02510	4.634634	-3.285243	9.060138	-0.024716	-0.856601	-0.108182	0.030333	-0.854357	0.518800	0.957544	-0.124032	-0.260241	0.286687	0.504668	0.814323
02511	4.021810	-3.257060	9.151054	0.038199	-0.993164	-0.136065	0.031887	-0.849107	0.527257	0.957689	-0.125010	-0.259237	0.286032	0.513214	0.809195
02512	4.562910	-2.688637	9.490105	0.095614	-1.202979	-0.167231	0.033697	-0.842643	0.537418	0.958017	-0.125956	-0.257562	0.284724	0.523535	0.803022
02513	4.960430	-2.654408	9.175470	0.177234	-1.354863	-0.175947	0.035866	-0.835221	0.548743	0.958575	-0.126508	-0.255206	0.282574	0.535164	0.796085
02514	4.627809	-1.612211	9.609693	0.214719	-1.577401	-0.140136	0.038942	-0.826477	0.561622	0.959232	-0.126531	-0.252714	0.279925	0.548567	0.787856
02515	5.184307	-1.755865	9.421219	0.237512	-1.789372	-0.077049	0.043197	-0.816401	0.575868	0.959919	-0.125857	-0.250432	0.276930	0.563604	0.778242
02516	5.044400	-2.121664	9.330923	0.289469	-1.981368	-0.034895	0.048292	-0.805007	0.591296	0.960732	-0.124509	-0.247975	0.273244	0.580052	0.767384
02517	5.076856	-2.593750	8.984329	0.353105	-2.168988	-0.031057	0.053883	-0.792164	0.607925	0.961699	-0.122693	-0.245116	0.268760	0.597848	0.755212
02518	5.079016	-2.538502	8.906911	0.460110	-2.365998	-0.051239	0.059662	-0.777711	0.625785	0.962953	-0.120320	-0.241338	0.262986	0.617000	0.741721
02519	5.143262	-2.722493	8.793074	0.520576	-2.567780	-0.077921	0.065590	-0.761480	0.644861	0.964348	-0.117671	-0.237036	0.256379	0.637418	0.726614
02520	4.760040	-3.193150	8.614195	0.538057	-2.760281	-0.136537	0.071237	-0.743411	0.665030	0.965804	-0.115226	-0.232262	0.249295	0.658835	0.709781
02521	5.096900	-3.226001	8.499773	0.506235	-2.984216	-0.259190	0.076076	-0.723082	0.686560	0.967234	-0.113751	-0.226979	0.242221	0.681332	0.690736
02522	5.200785	-3.055152	8.243617	0.425631	-3.205342	-0.381203	0.080039	-0.700417	0.709232	0.968551	-0.113517	-0.221410	0.235589	0.704649	0.669304
02523	5.698705	-3.111506	7.798688	0.381083	-3.438857	-0.493586	0.083255	-0.675170	0.732949	0.969835	-0.114199	-0.215358	0.229105	0.728769	0.645295
02524	5.642008	-2.536254	7.598985	0.324574	-3.671906	-0.580359	0.085927	-0.647270	0.757403	0.971060	-0.115627	-0.208979	0.222842	0.753441	0.618602
02525	6.194720	-2.251123	7.408511	0.232953	-3.920934	-0.609355	0.088641	-0.616482	0.782363	0.972100	-0.117712	-0.202892	0.217173	0.778520	0.588848
02526	6.060960	-2.139141	7.503202	0.187916	-4.192216	-0.590461	0.091894	-0.582593	0.807553	0.973039	-0.119750	-0.197116	0.211543	0.803894	0.555881
02527	5.513564	-1.886892	8.405768	0.222673	-4.638228	-0.584213	0.095876	-0.543941	0.833628	0.974047	-0.121242	-0.191135	0.205036	0.830318	0.518200
02528	5.103260	-2.304089	8.764421	0.135672	-5.257664	-0.547114	0.101168	-0.498869	0.860752	0.974863	-0.122927	-0.185825	0.198512	0.857915	0.473893
02529	4.777188	-3.690229	8.180461	0.058532	-5.891358	-0.685465	0.105991	-0.446592	0.888438	0.975683	-0.125679	-0.179574	0.191854	0.885867	0.422411
02530	5.914920	-2.754463	8.563771	-0.022256	-6.545361	-0.897222	0.109591	-0.386544	0.915737	0.976614	-0.129573	-0.171570	0.184974	0.913123	0.363305
02531	6.764734	-1.654151	8.431665	-0.190434	-7.134483	-1.088615	0.111944	-0.318991	0.941124	0.977470	-0.135200	-0.162093	0.178946	0.938065	0.296669
02532	10.662565	-1.913703	8.334054	-0.565888	-7.636143	-1.148034	0.114294	-0.244930	0.962780	0.977772	-0.143746	-0.152642	0.175782	0.958826	0.223056
02533	16.883712	-3.354451	7.214266	-0.911502	-7.887155	-1.309951	0.115352	-0.166669	0.979242	0.977670	-0.155278	-0.141596	0.175654	0.973709	0.145036
02534	18.089187	-5.245577	6.983391	-1.272918	-7.845492	-1.643749	0.113221	-0.087263	0.989730	0.977301	-0.169743	-0.126765	0.179062	0.981617	0.066063
02535	16.671420	-7.970623	7.635730	-1.455556	-7.740428	-2.181794	0.105987	-0.007274	0.994341	0.977040	-0.185101	-0.105497	0.184821	0.982693	-0.012511
