// General information: 
//  MT Manager version: 2022.2.0 
//  XDA version: 2022.2.0 build 7381 rev 124627 built on 2023-07-19
// Device information: 
//  DeviceId: 00B4CAF0
//  ProductCode: MTW2-3A7G6
//  Firmware Version: 4.6.0
//  Hardware Version: 2.0.0
// Device settings: 
//  Filter Profile: human(46.1)
//  Option Flags: Orientation Smoother Disabled, Position/Velocity Smoother Disabled, Continuous Zero Rotation Update Disabled, AHS Disabled, ICC Disabled
// Coordinate system: ENU
PacketCounter	Acc_X	Acc_Y	Acc_Z	Gyr_X	Gyr_Y	Gyr_Z	Mat[1][1]	Mat[2][1]	Mat[3][1]	Mat[1][2]	Mat[2][2]	Mat[3][2]	Mat[1][3]	Mat[2][3]	Mat[3][3]
41397	5.985371	-0.467344	8.201372	0.001101	0.004100	0.002268	0.648990	0.486482	0.584933	-0.570291	0.819967	-0.049212	-0.503567	-0.301645	0.809587
41398	5.963299	-0.457728	8.207125	0.005304	0.002566	0.003575	0.648979	0.486517	0.584916	-0.570332	0.819939	-0.049205	-0.503535	-0.301663	0.809600
41399	5.954025	-0.487104	8.222684	0.003680	0.003125	0.002266	0.648940	0.486544	0.584938	-0.570407	0.819890	-0.049156	-0.503501	-0.301753	0.809587
41400	5.952074	-0.477881	8.200142	0.005748	-0.000631	0.001626	0.648924	0.486554	0.584948	-0.570437	0.819871	-0.049135	-0.503488	-0.301791	0.809581
41401	5.984770	-0.466418	8.201863	0.005748	-0.000631	0.001626	0.648911	0.486561	0.584956	-0.570491	0.819837	-0.049069	-0.503443	-0.301870	0.809580
41402	5.964773	-0.465382	8.230103	0.007212	0.001733	0.000952	0.648910	0.486572	0.584947	-0.570524	0.819816	-0.049032	-0.503406	-0.301909	0.809588
41403	6.006299	-0.474935	8.196572	0.007132	0.003193	-0.000039	0.648823	0.486594	0.585025	-0.570593	0.819768	-0.049024	-0.503440	-0.302003	0.809532
41404	5.982522	-0.405046	8.199642	0.009872	-0.000702	0.001942	0.648805	0.486606	0.585036	-0.570646	0.819735	-0.048971	-0.503404	-0.302075	0.809528
41405	6.006103	-0.473787	8.196782	0.004634	0.002708	0.000954	0.648807	0.486597	0.585041	-0.570653	0.819731	-0.048945	-0.503393	-0.302100	0.809525
41406	5.982303	-0.404295	8.199838	0.003170	0.000345	0.001627	0.648795	0.486609	0.585044	-0.570670	0.819719	-0.048944	-0.503389	-0.302112	0.809523
41407	6.005916	-0.473462	8.196938	0.002216	0.000763	0.002938	0.648704	0.486613	0.585143	-0.570641	0.819732	-0.049074	-0.503540	-0.302072	0.809444
41408	6.004003	-0.464566	8.174348	0.002888	0.000622	0.005558	0.648671	0.486658	0.585141	-0.570682	0.819702	-0.049100	-0.503536	-0.302080	0.809444
41409	5.973086	-0.433834	8.215355	0.003841	0.000205	0.004247	0.648582	0.486681	0.585221	-0.570718	0.819674	-0.049147	-0.503609	-0.302120	0.809383
41410	5.953122	-0.484029	8.223519	0.002888	0.000623	0.005558	0.648549	0.486726	0.585220	-0.570759	0.819644	-0.049173	-0.503606	-0.302128	0.809382
41411	5.942155	-0.504559	8.216334	0.004715	0.001248	0.001945	0.648465	0.486788	0.585262	-0.570935	0.819529	-0.049047	-0.503514	-0.302341	0.809360
41412	5.983892	-0.463545	8.202667	0.006783	-0.002508	0.001306	0.648440	0.486789	0.585288	-0.570968	0.819508	-0.049016	-0.503509	-0.302397	0.809342
41413	5.949600	-0.465369	8.178168	0.002659	-0.002435	0.000990	0.648410	0.486765	0.585341	-0.570963	0.819511	-0.049017	-0.503553	-0.302425	0.809304
41414	5.997108	-0.501952	8.212221	0.007817	-0.004385	0.000986	0.648378	0.486758	0.585383	-0.570999	0.819488	-0.048975	-0.503553	-0.302499	0.809277
41415	5.986382	-0.471180	8.224909	0.008248	-0.000144	0.000631	0.648390	0.486747	0.585378	-0.571077	0.819443	-0.048826	-0.503450	-0.302638	0.809289
41416	6.006472	-0.471123	8.196665	0.009363	-0.003482	0.001303	0.648360	0.486745	0.585412	-0.571123	0.819414	-0.048773	-0.503436	-0.302720	0.809267
41417	6.006558	-0.470484	8.196639	0.008840	0.001177	0.002259	0.648407	0.486702	0.585397	-0.571089	0.819441	-0.048728	-0.503415	-0.302718	0.809281
41418	5.993729	-0.430673	8.186870	0.009122	0.000898	-0.001672	0.648417	0.486688	0.585398	-0.571114	0.819427	-0.048660	-0.503373	-0.302777	0.809285
41419	6.008259	-0.478027	8.219467	0.007295	0.000274	0.001942	0.648337	0.486688	0.585487	-0.571129	0.819414	-0.048702	-0.503459	-0.302814	0.809218
41420	5.995410	-0.438243	8.209705	0.009042	0.002358	-0.002664	0.648359	0.486671	0.585476	-0.571148	0.819405	-0.048629	-0.503409	-0.302864	0.809230
41421	5.984314	-0.458172	8.202661	0.007807	0.003056	0.002578	0.648268	0.486750	0.585511	-0.571368	0.819262	-0.048464	-0.503277	-0.303124	0.809215
41422	5.971463	-0.418651	8.192878	0.005750	-0.000628	0.001624	0.648251	0.486760	0.585522	-0.571398	0.819242	-0.048443	-0.503264	-0.303163	0.809208
41423	5.975099	-0.436169	8.238223	0.004716	0.001250	0.001943	0.648200	0.486767	0.585573	-0.571429	0.819220	-0.048446	-0.503295	-0.303210	0.809171
41424	5.973345	-0.427138	8.215518	0.001786	-0.003476	0.003293	0.648159	0.486781	0.585606	-0.571450	0.819204	-0.048467	-0.503324	-0.303231	0.809145
41425	5.971754	-0.468829	8.172717	0.005159	-0.001949	-0.000004	0.648229	0.486660	0.585629	-0.571277	0.819322	-0.048516	-0.503430	-0.303107	0.809126
41426	5.995499	-0.436388	8.209739	0.003050	-0.002293	0.007541	0.648170	0.486712	0.585651	-0.571332	0.819282	-0.048552	-0.503444	-0.303131	0.809108
41427	5.984754	-0.457349	8.202386	-0.003373	-0.001526	0.003297	0.648036	0.486743	0.585774	-0.571390	0.819238	-0.048615	-0.503551	-0.303200	0.809015
41428	5.972285	-0.418729	8.192275	0.000040	-0.005558	0.007899	0.647958	0.486789	0.585822	-0.571431	0.819205	-0.048678	-0.503604	-0.303216	0.808976
41429	5.963737	-0.448795	8.207301	-0.003723	-0.007226	0.004645	0.647813	0.486768	0.585999	-0.571380	0.819230	-0.048852	-0.503848	-0.303181	0.808838
41430	5.975267	-0.428915	8.214027	-0.006141	-0.009170	0.006630	0.647724	0.486792	0.586078	-0.571383	0.819222	-0.048957	-0.503960	-0.303164	0.808774
41431	5.994207	-0.421370	8.162542	-0.002527	-0.012022	0.006308	0.647641	0.486795	0.586167	-0.571399	0.819208	-0.049005	-0.504048	-0.303197	0.808707
41432	5.931792	-0.453165	8.180966	-0.007163	-0.014729	0.005357	0.647531	0.486792	0.586291	-0.571388	0.819210	-0.049111	-0.504202	-0.303198	0.808610
41433	5.934953	-0.463017	8.202610	-0.005374	-0.018204	0.008648	0.647317	0.486851	0.586478	-0.571543	0.819100	-0.049125	-0.504301	-0.303399	0.808474
41434	5.927741	-0.493944	8.216618	-0.016028	-0.027438	0.008412	0.647125	0.486834	0.586704	-0.571507	0.819114	-0.049320	-0.504588	-0.303390	0.808298
41435	6.080626	-0.452034	8.193386	-0.014038	-0.029731	0.006778	0.646826	0.486819	0.587046	-0.571540	0.819080	-0.049497	-0.504934	-0.303505	0.808039
41436	5.939527	-0.458385	8.175061	-0.005275	-0.027095	0.008038	0.646637	0.486800	0.587270	-0.571556	0.819062	-0.049603	-0.505157	-0.303582	0.807870
41437	6.039553	-0.528367	8.138373	-0.021176	-0.025477	0.008415	0.646490	0.486754	0.587470	-0.571449	0.819123	-0.049833	-0.505467	-0.303492	0.807710
41438	6.045301	-0.446578	8.222211	-0.014715	-0.022147	0.005749	0.646340	0.486731	0.587654	-0.571402	0.819146	-0.050002	-0.505712	-0.303468	0.807566
41439	6.008555	-0.482651	8.131343	-0.003539	-0.017573	0.005023	0.646289	0.486671	0.587760	-0.571365	0.819170	-0.050019	-0.505818	-0.303499	0.807488
41440	6.000915	-0.462015	8.165782	-0.005247	-0.015556	0.002725	0.646190	0.486643	0.587892	-0.571346	0.819179	-0.050093	-0.505967	-0.303520	0.807387
41441	6.025846	-0.430125	8.201968	0.000423	-0.014728	0.003352	0.646246	0.486487	0.587960	-0.571167	0.819303	-0.050116	-0.506098	-0.303436	0.807336
41442	6.016141	-0.451082	8.193828	-0.001397	-0.015350	0.006966	0.646123	0.486494	0.588088	-0.571195	0.819279	-0.050184	-0.506223	-0.303488	0.807238
41443	6.007929	-0.531913	8.188493	-0.004388	-0.007080	0.002021	0.646008	0.486497	0.588213	-0.571205	0.819267	-0.050268	-0.506359	-0.303517	0.807142
41444	6.004993	-0.463991	8.162672	-0.005960	-0.012078	0.008605	0.645892	0.486528	0.588314	-0.571220	0.819249	-0.050383	-0.506489	-0.303515	0.807061
41445	6.062200	-0.472395	8.180638	-0.006718	-0.010479	0.004997	0.645753	0.486524	0.588470	-0.571207	0.819250	-0.050514	-0.506681	-0.303519	0.806939
41446	6.017411	-0.495801	8.148578	-0.003710	-0.007218	0.004639	0.645685	0.486537	0.588535	-0.571208	0.819245	-0.050588	-0.506767	-0.303512	0.806888
41447	6.061484	-0.464510	8.157068	0.001876	-0.004934	0.004275	0.645631	0.486545	0.588587	-0.571235	0.819225	-0.050599	-0.506804	-0.303553	0.806849
41448	6.029130	-0.475831	8.155184	-0.001654	-0.003539	0.005594	0.645576	0.486577	0.588621	-0.571253	0.819209	-0.050662	-0.506855	-0.303545	0.806820
41449	6.020175	-0.455052	8.190645	-0.000713	0.003475	0.005882	0.645561	0.486626	0.588597	-0.571329	0.819159	-0.050622	-0.506788	-0.303603	0.806840
41450	6.019911	-0.506239	8.170673	-0.003447	-0.000064	0.002308	0.645542	0.486641	0.588605	-0.571316	0.819164	-0.050680	-0.506827	-0.303564	0.806831
41451	6.021918	-0.413881	8.233498	0.002816	0.002080	0.004563	0.645486	0.486696	0.588621	-0.571420	0.819094	-0.050636	-0.506780	-0.303665	0.806822
41452	6.016175	-0.489041	8.125325	-0.005612	-0.006380	0.007263	0.645407	0.486733	0.588677	-0.571428	0.819082	-0.050740	-0.506872	-0.303639	0.806774
41453	6.007812	-0.417892	8.180484	-0.004067	-0.005479	0.007579	0.645323	0.486767	0.588742	-0.571494	0.819035	-0.050755	-0.506906	-0.303709	0.806726
41454	6.029566	-0.529554	8.134531	-0.000191	-0.001180	0.004920	0.645283	0.486800	0.588757	-0.571514	0.819018	-0.050801	-0.506932	-0.303702	0.806712
41455	6.018866	-0.449187	8.167410	-0.004670	0.000635	0.007551	0.645264	0.486825	0.588758	-0.571504	0.819021	-0.050869	-0.506970	-0.303654	0.806707
41456	5.996776	-0.491078	8.153066	-0.001662	0.003894	0.007194	0.645237	0.486892	0.588731	-0.571532	0.818997	-0.050940	-0.506972	-0.303610	0.806722
41457	6.048908	-0.481021	8.126736	0.001702	0.005416	0.003896	0.645293	0.486876	0.588684	-0.571505	0.819018	-0.050914	-0.506932	-0.303581	0.806758
41458	6.019618	-0.510038	8.170653	0.003412	0.003399	0.006191	0.645270	0.486934	0.588662	-0.571552	0.818983	-0.050939	-0.506908	-0.303582	0.806773
41459	6.028025	-0.531012	8.135578	0.008157	0.008737	0.001230	0.645275	0.486946	0.588646	-0.571600	0.818953	-0.050875	-0.506847	-0.303642	0.806789
41460	6.014542	-0.491086	8.126410	0.009894	0.010817	-0.003373	0.645344	0.486948	0.588569	-0.571619	0.818946	-0.050791	-0.506738	-0.303660	0.806850
41461	6.026436	-0.478667	8.157009	0.007042	0.012075	0.000562	0.645328	0.486999	0.588544	-0.571727	0.818876	-0.050701	-0.506636	-0.303768	0.806874
41462	5.990881	-0.429126	8.153658	0.014176	0.015258	0.000514	0.645397	0.487046	0.588429	-0.571793	0.818836	-0.050605	-0.506474	-0.303799	0.806964
41463	6.013133	-0.497622	8.151624	0.005929	0.015413	-0.000107	0.645411	0.487111	0.588360	-0.571899	0.818767	-0.050514	-0.506336	-0.303880	0.807020
41464	6.010144	-0.437227	8.149979	0.011682	0.014779	0.001509	0.645472	0.487165	0.588248	-0.571958	0.818730	-0.050444	-0.506191	-0.303893	0.807106
41465	6.012626	-0.454559	8.196216	0.005656	0.015695	0.003821	0.645534	0.487203	0.588149	-0.571948	0.818736	-0.050461	-0.506124	-0.303816	0.807177
41466	6.011327	-0.504847	8.177077	0.007916	0.013118	-0.001742	0.645605	0.487225	0.588053	-0.571967	0.818726	-0.050402	-0.506012	-0.303807	0.807251
41467	5.983220	-0.490884	8.264263	0.017437	0.014148	0.003125	0.645756	0.487220	0.587892	-0.571998	0.818716	-0.050219	-0.505784	-0.303843	0.807379
41468	5.996583	-0.463816	8.168862	0.008162	0.008743	0.001227	0.645788	0.487253	0.587829	-0.572037	0.818691	-0.050176	-0.505699	-0.303857	0.807428
41469	5.984761	-0.483794	8.162325	0.008595	0.012981	0.000873	0.645871	0.487262	0.587729	-0.572020	0.818705	-0.050146	-0.505611	-0.303806	0.807502
41470	6.009320	-0.459617	8.222858	0.012126	0.011586	-0.000443	0.645928	0.487290	0.587645	-0.572069	0.818677	-0.050060	-0.505485	-0.303838	0.807569
41471	6.019272	-0.438442	8.230830	0.003601	0.012019	0.002862	0.645926	0.487325	0.587617	-0.572091	0.818660	-0.050075	-0.505461	-0.303826	0.807589
41472	6.129566	-0.293619	8.306226	-0.033119	0.005409	0.005006	0.645920	0.487379	0.587579	-0.571946	0.818742	-0.050387	-0.505633	-0.303518	0.807596
41473	6.363189	-0.512200	8.309631	-0.110658	0.043221	-0.004765	0.646119	0.487492	0.587266	-0.571444	0.819044	-0.051181	-0.505947	-0.302521	0.807774
41474	6.899662	-0.078707	8.607202	-0.223731	0.166046	-0.000567	0.646957	0.487984	0.585933	-0.570298	0.819726	-0.053001	-0.506169	-0.299867	0.808624
41475	6.569602	0.115118	8.628847	-0.367281	0.257120	0.044505	0.647978	0.489080	0.583889	-0.568697	0.820621	-0.056255	-0.506665	-0.295603	0.809882
41476	5.904243	-0.646573	8.456945	-0.449188	0.346147	0.056054	0.649409	0.490550	0.581058	-0.566774	0.821668	-0.060239	-0.506987	-0.290209	0.811630
41477	5.436626	-0.782420	7.883131	-0.314401	0.335127	0.054227	0.650781	0.491937	0.578344	-0.565544	0.822303	-0.063070	-0.506600	-0.286034	0.813351
41478	5.551235	-1.292171	7.978388	-0.318751	0.235775	0.021155	0.651851	0.492777	0.576420	-0.564057	0.823110	-0.065801	-0.506883	-0.282241	0.814500
41479	5.690274	-0.964035	8.014640	-0.079297	0.208097	-0.020255	0.653149	0.493104	0.574670	-0.563392	0.823524	-0.066306	-0.505951	-0.280457	0.815695
41480	6.047667	-0.301379	8.357786	-0.093979	0.178143	-0.073847	0.654460	0.492990	0.573274	-0.562424	0.824157	-0.066665	-0.505332	-0.278794	0.816648
41481	5.861312	-1.225201	8.181899	-0.180684	0.195868	-0.077094	0.656006	0.492818	0.571652	-0.560893	0.825118	-0.067670	-0.505029	-0.276244	0.817701
41482	6.305782	-0.808807	8.445731	0.023725	0.215400	-0.083203	0.657555	0.492722	0.569954	-0.560456	0.825469	-0.067016	-0.503499	-0.275367	0.818939
41483	6.354511	-0.003025	8.554369	-0.057746	0.278916	-0.078762	0.659362	0.492824	0.567773	-0.559652	0.826011	-0.067042	-0.502027	-0.273550	0.820450
41484	5.784397	-0.393625	8.360912	-0.079626	0.317009	-0.101576	0.661514	0.492844	0.565246	-0.558572	0.826735	-0.067136	-0.500396	-0.271319	0.822186
41485	5.649326	-0.626612	8.445680	-0.090211	0.281741	-0.089824	0.663480	0.492812	0.562966	-0.557490	0.827450	-0.067312	-0.498998	-0.269188	0.823735
41486	5.996889	-0.760161	8.306426	-0.065825	0.255586	-0.054179	0.665051	0.493046	0.560904	-0.556792	0.827900	-0.067565	-0.497684	-0.267372	0.825119
41487	6.673810	-0.574145	8.765662	-0.102824	0.271624	-0.007837	0.666417	0.493685	0.558717	-0.556224	0.828215	-0.068372	-0.496492	-0.265207	0.826535
41488	6.020459	-0.249868	8.398966	-0.061872	0.390705	0.002396	0.668334	0.494732	0.555490	-0.555923	0.828372	-0.068912	-0.494246	-0.262753	0.828663
41489	5.771940	-0.204343	8.560477	-0.171600	0.374843	0.000971	0.670219	0.495690	0.552356	-0.555091	0.828818	-0.070252	-0.492625	-0.259524	0.830643
41490	5.411968	-0.823274	8.257139	-0.175733	0.379873	-0.015917	0.672172	0.496534	0.549217	-0.554110	0.829355	-0.071640	-0.491067	-0.256172	0.832604
41491	5.329860	-0.977133	8.189948	-0.125965	0.356006	-0.030329	0.674067	0.497153	0.546327	-0.553261	0.829845	-0.072529	-0.489424	-0.253372	0.834426
41492	5.218916	-1.107479	8.183160	-0.096009	0.311620	-0.026393	0.675732	0.497715	0.543752	-0.552603	0.830224	-0.073202	-0.487869	-0.251014	0.836047
41493	5.170528	-1.001685	8.245519	-0.030911	0.273952	-0.028486	0.677304	0.498107	0.541432	-0.552189	0.830493	-0.073277	-0.486155	-0.249342	0.837545
41494	5.191627	-0.890137	8.358461	-0.019288	0.220045	-0.016641	0.678461	0.498512	0.539608	-0.551972	0.830629	-0.073363	-0.484787	-0.248075	0.838714
41495	5.338358	-0.885169	8.367212	-0.005241	0.187621	-0.006338	0.679482	0.498847	0.538010	-0.551811	0.830737	-0.073354	-0.483537	-0.247037	0.839741
41496	5.740528	-0.578594	8.605856	0.011890	0.188619	0.003671	0.680370	0.499339	0.536431	-0.551883	0.830695	-0.073288	-0.482206	-0.246184	0.840756
41497	5.741469	-0.500409	8.545088	-0.026506	0.224049	0.016868	0.681459	0.499940	0.534485	-0.551753	0.830755	-0.073585	-0.480814	-0.244759	0.841969
41498	5.244566	-0.599675	8.525236	-0.034646	0.224411	0.009242	0.682482	0.500560	0.532595	-0.551640	0.830799	-0.073941	-0.479491	-0.243338	0.843134
41499	5.157102	-0.838890	8.276303	-0.051370	0.199538	0.008300	0.683414	0.501085	0.530904	-0.551435	0.830895	-0.074384	-0.478398	-0.241924	0.844161
41500	4.807817	-0.944280	8.165595	-0.007282	0.133586	0.020725	0.683935	0.501576	0.529769	-0.551531	0.830814	-0.074570	-0.477542	-0.241183	0.844858
41501	5.023899	-0.786658	8.288810	0.017273	0.060140	0.027925	0.683981	0.501945	0.529359	-0.551828	0.830616	-0.074588	-0.477133	-0.241098	0.845113
41502	5.075227	-0.463854	8.296055	0.058540	0.029810	0.024111	0.683987	0.502213	0.529097	-0.552261	0.830359	-0.074235	-0.476623	-0.241424	0.845308
41503	4.998919	-0.470841	8.479000	0.036697	-0.032748	0.018674	0.683908	0.502161	0.529249	-0.552369	0.830307	-0.074026	-0.476612	-0.241713	0.845231
41504	5.270943	-0.631256	8.403070	0.038364	-0.081660	0.038683	0.683302	0.502280	0.529918	-0.552805	0.830025	-0.073922	-0.476975	-0.242431	0.844821
41505	4.890121	-0.424938	8.172377	0.077665	-0.115359	0.057403	0.682373	0.502471	0.530933	-0.553595	0.829531	-0.073562	-0.477388	-0.243726	0.844215
41506	4.410987	-0.366411	8.275672	0.044721	-0.230661	0.064285	0.680911	0.502435	0.532840	-0.554236	0.829104	-0.073541	-0.478729	-0.245245	0.843014
41507	5.141533	-0.686177	8.167335	0.017626	-0.317788	0.067205	0.678956	0.502232	0.535520	-0.554830	0.828689	-0.073741	-0.480815	-0.247056	0.841297
41508	3.793188	-0.502927	7.646017	0.127693	-0.346224	0.076796	0.676858	0.502004	0.538382	-0.555955	0.827993	-0.073095	-0.482470	-0.249841	0.839525
41509	3.203578	-0.498664	8.121701	0.045824	-0.641491	0.072948	0.673283	0.501055	0.543723	-0.556798	0.827432	-0.073026	-0.486483	-0.253576	0.836082
41510	6.295418	-0.646465	8.416931	0.048820	-0.727838	0.078182	0.669287	0.499836	0.549744	-0.557551	0.826922	-0.073060	-0.491114	-0.257612	0.832132
41511	5.858609	-0.159580	8.387462	0.121010	-0.632334	0.102660	0.665672	0.498994	0.554875	-0.558766	0.826141	-0.072601	-0.494633	-0.261717	0.828760
41512	6.830611	0.096773	10.087720	0.052309	-0.716236	0.122464	0.661425	0.498112	0.560716	-0.559828	0.825399	-0.072865	-0.499109	-0.265709	0.824796
41513	7.436440	-1.050696	7.898733	-0.218192	-0.272879	0.114023	0.659490	0.498315	0.562810	-0.559472	0.825425	-0.075257	-0.502059	-0.265245	0.823154
41514	6.339795	-0.932663	8.943363	-0.115799	-0.524648	0.114309	0.656203	0.497858	0.567041	-0.559629	0.825170	-0.076868	-0.506174	-0.266892	0.820095
41515	6.203557	-1.326913	8.337376	-0.029378	-0.289671	0.079644	0.654332	0.497753	0.569291	-0.560055	0.824826	-0.077460	-0.508122	-0.268150	0.818479
41516	6.792803	-0.790582	8.760765	-0.121975	-0.252556	0.073081	0.652634	0.497673	0.571306	-0.559900	0.824796	-0.078887	-0.510471	-0.268390	0.816937
41517	6.155738	-1.123782	8.221712	-0.066218	-0.160311	0.066626	0.651452	0.497757	0.572580	-0.559991	0.824651	-0.079760	-0.511879	-0.268680	0.815960
41518	6.052438	-1.146019	8.106655	-0.057265	-0.131711	0.045260	0.650521	0.497772	0.573625	-0.559981	0.824586	-0.080499	-0.513073	-0.268853	0.815153
41519	5.934924	-0.859744	8.285184	0.044932	-0.110815	0.022355	0.649857	0.497674	0.574462	-0.560410	0.824325	-0.080178	-0.513446	-0.269830	0.814595
41520	6.004831	-0.757667	8.238747	0.022248	-0.098909	0.016269	0.649255	0.497536	0.575262	-0.560619	0.824191	-0.080103	-0.513979	-0.270495	0.814038
41521	5.938118	-0.606593	8.329280	0.043962	-0.083835	0.015267	0.648697	0.497427	0.575985	-0.560967	0.823981	-0.079816	-0.514304	-0.271332	0.813554
41522	5.939947	-0.714434	8.384149	0.003839	-0.091563	0.013488	0.648148	0.497284	0.576726	-0.561063	0.823910	-0.079875	-0.514891	-0.271809	0.813023
41523	5.800114	-0.848441	8.251105	0.020401	-0.081917	0.010751	0.647746	0.497159	0.577285	-0.561262	0.823793	-0.079684	-0.515179	-0.272393	0.812645
41524	5.443634	-0.813342	8.364052	0.018904	-0.140472	0.012925	0.646947	0.496877	0.578422	-0.561432	0.823684	-0.079618	-0.515997	-0.273237	0.811843
41525	6.015829	-0.873731	8.184655	0.012581	-0.161516	0.013982	0.646061	0.496524	0.579715	-0.561583	0.823588	-0.079546	-0.516943	-0.274166	0.810927
41526	5.836172	-0.695434	8.291367	0.030772	-0.168769	0.010081	0.645129	0.496138	0.581081	-0.561796	0.823460	-0.079367	-0.517874	-0.275247	0.809966
41527	5.881325	-0.934688	8.175721	0.006736	-0.184150	0.012026	0.644153	0.495747	0.582497	-0.561985	0.823342	-0.079254	-0.518884	-0.276303	0.808960
41528	6.054421	-0.900275	8.087531	0.065690	-0.176691	0.003516	0.643214	0.495281	0.583929	-0.562337	0.823149	-0.078755	-0.519666	-0.277709	0.807976
41529	5.930401	-0.876408	8.149343	0.070168	-0.163886	-0.006240	0.642349	0.494817	0.585272	-0.562802	0.822900	-0.078031	-0.520232	-0.279269	0.807073
41530	6.219608	-0.781834	8.210000	0.112958	-0.138342	-0.018699	0.641732	0.494271	0.586409	-0.563260	0.822682	-0.077022	-0.520498	-0.280873	0.806345
41531	6.157876	-1.024872	8.047667	0.100726	-0.102853	-0.031265	0.641381	0.493755	0.587228	-0.563668	0.822504	-0.075932	-0.520489	-0.282301	0.805852
41532	6.020181	-0.872211	8.194137	0.169687	-0.074508	-0.047327	0.641259	0.493150	0.587870	-0.564237	0.822263	-0.074297	-0.520023	-0.284054	0.805537
41533	5.641200	-0.945814	8.130940	0.137694	-0.080998	-0.049115	0.641068	0.492577	0.588557	-0.564798	0.822014	-0.072773	-0.519649	-0.285764	0.805173
41534	5.978930	-0.992888	8.127044	0.171609	-0.103329	-0.057815	0.640856	0.491801	0.589437	-0.565309	0.821812	-0.071062	-0.519355	-0.287674	0.804683
41535	5.866824	-0.515385	8.245554	0.204563	-0.096727	-0.053648	0.640608	0.491094	0.590296	-0.566112	0.821433	-0.069025	-0.518786	-0.289956	0.804230
41536	6.165949	-0.610748	8.274893	0.125355	-0.124610	-0.056390	0.640278	0.490263	0.591342	-0.566392	0.821351	-0.067694	-0.518887	-0.291588	0.803575
41537	6.220495	-0.708083	8.112274	0.160484	-0.092700	-0.060658	0.640114	0.489543	0.592116	-0.566935	0.821116	-0.065981	-0.518497	-0.293456	0.803147
41538	6.331693	-0.510788	8.095126	0.134373	-0.061721	-0.057259	0.640117	0.488887	0.592655	-0.567256	0.821006	-0.064573	-0.518142	-0.294853	0.802864
41539	6.096767	-0.543826	8.094098	0.089875	-0.051776	-0.057435	0.640163	0.488309	0.593081	-0.567459	0.820956	-0.063422	-0.517863	-0.295949	0.802641
41540	5.953869	-0.484080	8.177147	0.097280	-0.060398	-0.056215	0.640168	0.487664	0.593607	-0.567593	0.820947	-0.062317	-0.517710	-0.297034	0.802339
41541	6.212283	-0.291521	8.093843	0.052311	-0.081947	-0.038751	0.639976	0.487147	0.594238	-0.567655	0.820954	-0.061659	-0.517879	-0.297862	0.801922
41542	5.687120	-0.490515	8.476260	-0.036206	-0.129322	-0.021430	0.639425	0.486581	0.595293	-0.567321	0.821172	-0.061831	-0.518924	-0.298186	0.801126
41543	6.010289	-0.798768	8.286779	-0.032827	-0.171553	-0.020321	0.638626	0.485986	0.596636	-0.567168	0.821274	-0.061879	-0.520074	-0.298875	0.800122
41544	6.013670	-0.498644	8.347267	-0.016046	-0.201103	-0.015377	0.637664	0.485253	0.598259	-0.566977	0.821402	-0.061925	-0.521461	-0.299712	0.798906
41545	5.862110	-0.451905	8.529587	-0.105998	-0.256942	-0.010480	0.636378	0.484417	0.600303	-0.566424	0.821730	-0.062635	-0.523628	-0.300167	0.797316
41546	5.975235	-0.231329	8.466259	-0.134650	-0.309504	-0.000244	0.634753	0.483480	0.602773	-0.565707	0.822141	-0.063714	-0.526369	-0.300550	0.795365
41547	4.705524	0.386972	9.452539	-0.349483	-0.502123	0.002353	0.632042	0.482198	0.606637	-0.564214	0.822962	-0.066306	-0.531212	-0.300365	0.792209
41548	6.522867	-1.279039	8.710304	-0.800327	-0.737058	-0.002275	0.628104	0.479972	0.612464	-0.559902	0.825370	-0.072620	-0.540365	-0.297307	0.787156
41549	5.572681	-1.198501	8.344954	-0.048804	-0.722919	-0.002588	0.624181	0.477893	0.618074	-0.559833	0.825399	-0.072831	-0.544963	-0.300559	0.782739
41550	6.367317	-0.404478	9.203476	-0.569512	-0.820823	-0.041304	0.619904	0.475084	0.624512	-0.556440	0.827310	-0.077024	-0.553258	-0.299756	0.777208
41551	5.938610	-1.674745	8.298220	-0.477329	-0.950422	-0.083322	0.615045	0.471690	0.631845	-0.553505	0.828987	-0.080074	-0.561561	-0.300480	0.770948
41552	6.620145	-0.786189	8.905556	-0.335700	-0.937079	-0.111935	0.610364	0.467934	0.639135	-0.550913	0.830530	-0.081947	-0.569166	-0.302090	0.764717
41553	6.350612	-1.339387	8.713811	-0.648308	-0.953396	-0.172328	0.605831	0.463679	0.646506	-0.546238	0.833232	-0.085729	-0.578440	-0.301209	0.758077
41554	6.978147	-1.172706	8.353269	-0.637799	-0.882454	-0.213048	0.601845	0.459244	0.653358	-0.541225	0.836137	-0.089166	-0.587246	-0.299950	0.751779
41555	6.990764	-0.463689	9.058058	-0.786754	-0.802602	-0.236182	0.598378	0.454865	0.659577	-0.535161	0.839562	-0.093482	-0.596277	-0.297042	0.745801
41556	6.519037	-0.446933	10.236726	-1.141153	-0.879321	-0.289233	0.594619	0.449838	0.666388	-0.526558	0.844233	-0.100042	-0.607589	-0.291405	0.738863
41557	4.914161	-1.770869	10.673661	-1.187294	-1.264110	-0.382168	0.588873	0.443037	0.675979	-0.517175	0.849280	-0.106086	-0.621095	-0.287128	0.729245
41558	3.431915	-2.175040	9.155425	-0.314544	-1.986019	-0.402433	0.578478	0.433847	0.690753	-0.512843	0.851961	-0.105613	-0.634315	-0.293153	0.715336
41559	4.223111	-0.815621	9.980621	0.198630	-2.681766	-0.420468	0.563473	0.422280	0.710055	-0.511810	0.853116	-0.101208	-0.648497	-0.306386	0.696835
41560	3.630094	-0.477307	10.179785	-0.208468	-3.342369	-0.503997	0.544036	0.407526	0.733449	-0.507638	0.855864	-0.099002	-0.668078	-0.318466	0.672496
41561	1.825896	-1.596522	9.717098	-0.451818	-4.258224	-0.749296	0.518872	0.387299	0.762084	-0.500654	0.860272	-0.096324	-0.692905	-0.331561	0.640273
41562	-0.550199	-1.212831	9.377297	0.069820	-5.429304	-0.941788	0.485206	0.360602	0.796581	-0.496409	0.863560	-0.088554	-0.719828	-0.352463	0.598011
41563	3.521241	-0.435443	10.985483	-0.411845	-6.643413	-1.182182	0.442136	0.326090	0.835572	-0.487706	0.869227	-0.081159	-0.752768	-0.371630	0.543353
41564	7.733837	-2.619687	9.155671	-0.587087	-6.682789	-1.309262	0.397098	0.289299	0.870988	-0.477689	0.875490	-0.073008	-0.783662	-0.387070	0.485850
41565	8.359019	-0.519799	10.261429	-0.114107	-6.687392	-1.523803	0.351093	0.249190	0.902573	-0.470879	0.880166	-0.059836	-0.809325	-0.403995	0.426359
41566	8.970573	-2.163079	9.700901	-0.756846	-7.416829	-1.779350	0.298286	0.203101	0.932618	-0.458857	0.887294	-0.046471	-0.836944	-0.414077	0.357861
41567	14.103120	-1.060502	8.899953	-0.113907	-7.950751	-1.527731	0.237654	0.155716	0.958787	-0.453444	0.890701	-0.032263	-0.859016	-0.427089	0.282287
41568	14.449016	1.387070	8.690008	-0.554024	-8.205757	-1.152868	0.171518	0.110103	0.979009	-0.446260	0.894622	-0.022430	-0.878313	-0.433045	0.202579
41569	14.253317	1.398565	10.208345	-0.985981	-8.481852	-0.942509	0.099930	0.064636	0.992893	-0.436073	0.899791	-0.014687	-0.894346	-0.431506	0.118103
41570	15.372424	-1.691523	12.004677	-1.708601	-8.637614	-0.809545	0.025542	0.020524	0.999463	-0.420156	0.907417	-0.007896	-0.907092	-0.419729	0.031801
41571	16.804707	-5.719138	14.454402	-2.029425	-8.514448	-0.841643	-0.048766	-0.022116	0.998565	-0.401834	0.915712	0.000657	-0.914413	-0.401225	-0.053543
41572	20.666091	-5.950546	17.609463	-1.734866	-7.908311	-0.884694	-0.117646	-0.061241	0.991165	-0.386687	0.922144	0.011079	-0.914676	-0.381968	-0.132168
41573	23.196039	-0.878519	20.707589	-1.527525	-5.836185	-0.973953	-0.167096	-0.091794	0.981658	-0.374368	0.926996	0.022958	-0.912100	-0.363666	-0.189262
41574	9.520968	-1.840694	15.855468	-2.694013	-0.194850	-1.686692	-0.162757	-0.108184	0.980717	-0.352441	0.934770	0.044625	-0.921572	-0.338381	-0.190269
41575	-61.075097	-13.870836	-14.777235	0.122362	-1.958533	-1.942893	-0.173597	-0.132653	0.975842	-0.357154	0.931909	0.063145	-0.917772	-0.337564	-0.209154
41576	84.256221	-4.092274	42.079122	-5.462517	-6.041719	0.091460	-0.229566	-0.150388	0.961604	-0.306638	0.948852	0.075189	-0.923728	-0.277603	-0.263939
41577	24.030660	-36.088317	7.038563	-3.168590	1.701482	0.945166	-0.216143	-0.136528	0.966769	-0.275489	0.958470	0.073764	-0.936690	-0.250390	-0.244779
41578	16.805163	-12.124433	15.573374	6.637308	2.114616	1.080695	-0.199800	-0.120268	0.972428	-0.334902	0.941051	0.047577	-0.920826	-0.316162	-0.228300
41579	-6.913715	3.068871	13.165113	5.384101	3.538364	0.857695	-0.170126	-0.099537	0.980382	-0.383218	0.923256	0.027237	-0.907855	-0.371066	-0.195214
41580	2.495040	8.601443	16.576772	1.679084	3.077983	0.563550	-0.144411	-0.082646	0.986060	-0.397554	0.917389	0.018668	-0.906144	-0.389316	-0.165337
41581	10.599038	5.325224	15.104323	-0.071266	4.114530	0.539040	-0.108740	-0.060995	0.992197	-0.396872	0.917783	0.012926	-0.911410	-0.392369	-0.124007
41582	10.873955	3.744677	14.935799	-0.637378	5.299424	0.323532	-0.061522	-0.037307	0.997408	-0.390755	0.920437	0.010325	-0.918437	-0.389107	-0.071205
41583	7.353697	1.231410	12.234779	-1.115204	6.499037	-0.172006	-0.000511	-0.013138	0.999914	-0.381198	0.924416	0.011951	-0.924493	-0.381159	-0.005481
41584	3.172142	0.419513	9.903631	-0.716295	7.287699	-0.770313	0.069807	0.007288	0.997534	-0.374297	0.927105	0.019420	-0.924678	-0.374730	0.067446
41585	1.547229	1.756354	8.211548	-0.456393	7.596849	-1.300509	0.145106	0.024360	0.989116	-0.369385	0.928749	0.031317	-0.917878	-0.369909	0.143765
41586	1.038674	3.616028	6.703856	-0.801672	7.492576	-1.474098	0.218880	0.038006	0.975011	-0.359375	0.932139	0.044341	-0.907161	-0.360100	0.217685
41587	0.596048	2.423353	5.591150	-1.786101	6.967956	-1.266521	0.286568	0.051518	0.956674	-0.340754	0.938740	0.051519	-0.895413	-0.340754	0.286568
41588	2.819548	-0.652619	5.298493	-2.401453	6.499805	-0.757703	0.346868	0.065676	0.935612	-0.316989	0.947055	0.051041	-0.882723	-0.314283	0.349322
41589	4.097640	-3.403533	5.268621	-2.299989	6.193878	-0.135983	0.401859	0.084050	0.911836	-0.297063	0.953889	0.042993	-0.866177	-0.288150	0.408297
41590	4.992820	-4.698127	6.064840	-1.311977	6.020490	0.472630	0.451979	0.105383	0.885782	-0.287855	0.957105	0.033013	-0.844307	-0.269898	0.462926
41591	5.477826	-2.540327	8.001305	-0.435561	5.919710	1.001184	0.498603	0.131717	0.856765	-0.289750	0.956860	0.021518	-0.816970	-0.258977	0.515258
41592	6.645077	-0.924858	9.384551	-0.467120	5.784036	1.378242	0.541018	0.159527	0.825742	-0.293167	0.956033	0.007382	-0.788259	-0.246074	0.563999
41593	7.659612	-0.287422	10.202856	-0.425891	5.762963	1.559309	0.581185	0.189346	0.791436	-0.299417	0.954085	-0.008384	-0.756686	-0.232097	0.611194
41594	8.881814	0.436248	10.964398	-0.376792	5.748846	1.537192	0.619082	0.216922	0.754773	-0.305859	0.951807	-0.022677	-0.723317	-0.216815	0.655594
41595	10.268186	0.385839	11.847436	-0.622690	5.766693	1.416987	0.655591	0.243497	0.714780	-0.311303	0.949553	-0.037949	-0.687961	-0.197634	0.698319
41596	11.095642	-1.289337	11.166706	-0.801242	5.657879	1.415312	0.689080	0.267503	0.673506	-0.315457	0.947428	-0.053547	-0.652423	-0.175564	0.737239
41597	12.517394	-1.888634	9.622898	-0.383915	5.327619	1.755953	0.717328	0.294087	0.631627	-0.326188	0.942817	-0.068531	-0.615663	-0.156870	0.772237
41598	14.008929	0.946178	9.221873	0.434219	4.869134	2.247160	0.738865	0.322586	0.591623	-0.345157	0.935225	-0.078878	-0.578745	-0.145923	0.802347
41599	13.891810	3.104626	10.479456	0.183612	4.440110	2.411244	0.755246	0.352282	0.552722	-0.365000	0.926475	-0.091757	-0.544407	-0.132444	0.828299
41600	14.037479	1.369478	10.029549	-0.327388	3.910179	2.249102	0.767588	0.377897	0.517689	-0.380404	0.918661	-0.106561	-0.515849	-0.115136	0.848907
41601	14.628901	-0.213080	9.828263	0.129183	3.548499	1.961861	0.777705	0.400659	0.484405	-0.396957	0.910505	-0.115786	-0.487443	-0.102240	0.867148
41602	15.712906	-1.419170	10.411339	0.328741	3.166334	1.584731	0.786318	0.418137	0.454825	-0.410925	0.903688	-0.120371	-0.461351	-0.092249	0.882409
41603	20.658823	-1.840832	11.126836	0.371279	3.046156	1.336382	0.794285	0.433706	0.425453	-0.423850	0.897287	-0.123399	-0.435272	-0.082314	0.896528
41604	24.700947	-1.580339	10.397384	0.248012	3.300746	1.219642	0.802957	0.447153	0.394099	-0.434654	0.891715	-0.126174	-0.407843	-0.069984	0.910366
41605	24.980536	-1.613804	8.635790	-0.184717	3.603725	1.189771	0.811764	0.460678	0.358907	-0.444156	0.886062	-0.132736	-0.379163	-0.051661	0.923887
41606	22.564984	-0.757507	5.512168	-0.540949	3.731943	1.153189	0.820218	0.472406	0.322608	-0.451611	0.880889	-0.141713	-0.351128	-0.029457	0.935864
41607	20.918739	2.322387	2.333946	-0.839513	3.561763	1.042883	0.827358	0.482792	0.287039	-0.457895	0.875722	-0.153110	-0.325287	-0.004756	0.945603
41608	20.267701	6.453228	-0.511026	-1.356882	3.214436	0.982503	0.832957	0.491108	0.254942	-0.461798	0.870801	-0.168665	-0.304837	0.022759	0.952133
41609	20.832541	8.473959	-2.346540	-2.658327	2.659947	0.839083	0.836914	0.497751	0.227639	-0.461250	0.865294	-0.196250	-0.294658	0.059246	0.953764
41610	23.597436	4.466079	-7.956536	-3.662310	2.034508	0.596497	0.840161	0.501289	0.206974	-0.455487	0.859364	-0.232432	-0.294382	0.101007	0.950335
41611	25.607233	0.520334	-13.730297	-2.424323	1.627476	0.239068	0.843751	0.501734	0.190649	-0.450677	0.855180	-0.256040	-0.291503	0.130113	0.947680
41612	23.326969	-0.659930	-15.788561	0.163616	1.097171	-0.298967	0.848228	0.497749	0.180985	-0.448640	0.856875	-0.253945	-0.281482	0.134206	0.950135
41613	19.529977	3.058604	-12.472375	2.168764	0.329710	-0.883890	0.853033	0.489898	0.179818	-0.447259	0.863856	-0.231758	-0.268875	0.117272	0.956009
41614	18.545929	6.524902	-6.750101	2.081739	-0.435815	-1.206412	0.857230	0.479919	0.186641	-0.442506	0.871923	-0.209618	-0.263336	0.097101	0.959805
41615	19.189985	6.082248	-1.821781	0.646364	-1.018162	-1.125143	0.859438	0.471063	0.198658	-0.434625	0.877835	-0.201262	-0.269197	0.086631	0.959181
41616	14.230962	-4.328299	5.700602	-1.416310	-1.457865	-1.247155	0.860697	0.461417	0.215164	-0.419977	0.882368	-0.212239	-0.287784	0.092309	0.953236
41617	5.779209	-11.824342	-8.365837	0.789806	-2.449224	-1.521635	0.859752	0.449939	0.241621	-0.409207	0.889978	-0.201219	-0.305574	0.074125	0.949279
41618	-0.621321	-0.860410	18.817380	4.829589	-2.692357	-0.876274	0.855090	0.443391	0.268748	-0.416553	0.896128	-0.153098	-0.308715	0.018965	0.950965
41619	5.908897	-0.707158	21.167074	-0.485170	-3.544296	0.160731	0.842903	0.445309	0.302017	-0.416348	0.895345	-0.158150	-0.340835	0.007561	0.940093
41620	18.381497	-1.339199	6.757147	-1.044318	-3.410177	0.574463	0.828314	0.450629	0.332911	-0.417440	0.892710	-0.169744	-0.373685	0.001631	0.927554
41621	16.537190	7.179398	9.411635	3.954088	-3.218753	0.949202	0.812065	0.458292	0.361274	-0.440161	0.887493	-0.136438	-0.383157	-0.048222	0.922424
41622	8.679641	16.177963	22.209393	1.818962	-3.007738	0.149936	0.799620	0.457748	0.388683	-0.448507	0.885644	-0.120320	-0.399311	-0.078117	0.913482
41623	20.796846	8.373218	15.112775	-1.770477	-3.633788	-0.982548	0.788826	0.445992	0.422900	-0.433175	0.891555	-0.132245	-0.436019	-0.078872	0.896475
41624	4.786599	-2.178172	8.461310	-1.369201	-2.083898	-0.483240	0.781568	0.440090	0.442122	-0.423278	0.894743	-0.142375	-0.458244	-0.075865	0.885583
41625	4.122695	-9.986448	5.704421	-1.304806	-3.171963	-0.049172	0.766827	0.436970	0.470142	-0.416539	0.896074	-0.153450	-0.488335	-0.078162	0.869149
41626	10.641387	-9.937220	6.587558	1.032281	-2.551141	0.057206	0.753928	0.435255	0.492083	-0.422111	0.894900	-0.144829	-0.503403	-0.098523	0.858416
41627	8.308995	0.820919	10.163825	2.465362	-1.437801	-0.052209	0.746945	0.432993	0.504569	-0.433998	0.892428	-0.123358	-0.503705	-0.126840	0.854513
41628	5.474584	2.515888	11.291053	0.521559	-1.503946	-0.202099	0.740172	0.429224	0.517602	-0.435163	0.892598	-0.117908	-0.512619	-0.137969	0.847459
41629	9.180315	-5.106802	9.786777	-0.929615	-1.625718	-0.281811	0.732964	0.424280	0.531743	-0.428099	0.895163	-0.124155	-0.528673	-0.136637	0.837756
41630	12.967872	-2.783302	6.737830	0.778276	-0.269071	-0.199987	0.732394	0.422137	0.534228	-0.430759	0.894904	-0.116593	-0.527301	-0.144732	0.837261
41631	3.556454	3.718177	10.457591	1.962007	-0.409075	-0.075860	0.730607	0.420643	0.537841	-0.440354	0.892276	-0.099664	-0.521825	-0.164025	0.837135
41632	7.158172	1.818017	10.393483	-0.929060	-0.515281	-0.028416	0.728014	0.419585	0.542166	-0.435278	0.893880	-0.107292	-0.529649	-0.157882	0.833394
41633	6.278579	-1.775743	7.560411	-0.014978	-0.467521	0.069304	0.725266	0.419263	0.546084	-0.435551	0.893700	-0.107686	-0.533184	-0.159746	0.830780
41634	5.284846	1.600312	9.721904	0.223174	-0.354986	0.148911	0.722712	0.420046	0.548862	-0.437836	0.892704	-0.106671	-0.534778	-0.163219	0.829079
41635	6.455452	-0.443774	8.639307	-0.556219	-0.546765	0.205868	0.718908	0.420804	0.553259	-0.436180	0.892825	-0.112300	-0.541219	-0.160586	0.825405
41636	6.092664	-1.462874	8.211587	-0.143372	-0.408921	0.190195	0.715849	0.421869	0.556405	-0.436780	0.892244	-0.114559	-0.544777	-0.161020	0.822976
41637	6.176333	-1.425289	8.411416	-0.267831	-0.421255	0.150560	0.712924	0.422349	0.559786	-0.436249	0.892122	-0.117499	-0.549023	-0.160438	0.820264
41638	6.220817	-2.427533	7.715195	-0.084462	-0.351434	0.082224	0.710623	0.422542	0.562560	-0.436383	0.891900	-0.118673	-0.551891	-0.161160	0.818195
41639	5.847967	-1.647403	8.210242	0.081609	-0.319152	0.029243	0.708763	0.422113	0.565223	-0.436910	0.891721	-0.118080	-0.553864	-0.163261	0.816444
41640	5.856630	-2.203863	8.045069	0.086596	-0.325744	-0.018981	0.707030	0.421432	0.567893	-0.437270	0.891649	-0.117287	-0.555790	-0.165397	0.814703
41641	5.999036	-1.834017	7.990691	0.284364	-0.305339	-0.058260	0.705614	0.420245	0.570529	-0.438319	0.891489	-0.114560	-0.556763	-0.169238	0.813249
41642	6.239399	-1.082984	8.104904	0.310796	-0.269174	-0.084272	0.704477	0.419057	0.572803	-0.439470	0.891301	-0.111574	-0.557296	-0.173129	0.812064
41643	6.221156	-1.007705	8.094505	0.300182	-0.224880	-0.087997	0.703634	0.417733	0.574803	-0.440410	0.891209	-0.108558	-0.557618	-0.176764	0.811059
41644	6.239941	-0.898309	8.100103	0.301143	-0.195224	-0.093206	0.702949	0.416578	0.576478	-0.441448	0.891051	-0.105602	-0.557662	-0.180252	0.810260
41645	6.200104	-0.681893	8.173289	0.280393	-0.155231	-0.088403	0.702496	0.415367	0.577901	-0.442281	0.890971	-0.102750	-0.557572	-0.183413	0.809613
41646	6.146368	-1.025897	8.028577	0.222548	-0.134057	-0.094919	0.702161	0.414297	0.579075	-0.442868	0.890945	-0.100421	-0.557528	-0.185942	0.809066
41647	5.908334	-1.201931	8.001738	0.299193	-0.107746	-0.111104	0.702074	0.412969	0.580128	-0.443650	0.890904	-0.097289	-0.557016	-0.189070	0.808694
41648	5.686305	-1.082715	8.020785	0.315025	-0.106616	-0.122991	0.702019	0.411693	0.581101	-0.444553	0.890801	-0.094049	-0.556365	-0.192306	0.808379
41649	5.935587	-1.024406	7.998930	0.352641	-0.127856	-0.136303	0.701933	0.410105	0.582326	-0.445460	0.890732	-0.090345	-0.555747	-0.195987	0.807919
41650	6.119682	-0.654197	8.175893	0.372766	-0.118633	-0.137369	0.701879	0.408670	0.583399	-0.446579	0.890548	-0.086554	-0.554917	-0.199784	0.807560
41651	6.109522	-0.726675	8.116205	0.330238	-0.114922	-0.145688	0.701910	0.407024	0.584512	-0.447298	0.890527	-0.082981	-0.554299	-0.203206	0.807131
41652	6.346217	-0.434440	8.102793	0.374212	-0.084226	-0.143450	0.702078	0.405597	0.585302	-0.448376	0.890335	-0.079143	-0.553214	-0.206871	0.806944
41653	6.210443	-0.169883	8.292112	0.285339	-0.081039	-0.132102	0.702239	0.404136	0.586119	-0.448937	0.890325	-0.076011	-0.552555	-0.209753	0.806652
41654	6.223822	-0.572553	8.094134	0.192910	-0.067991	-0.126154	0.702422	0.402892	0.586755	-0.449129	0.890419	-0.073736	-0.552166	-0.211735	0.806400
41655	6.226503	-0.510967	8.138709	0.217522	-0.041905	-0.127241	0.702778	0.401559	0.587243	-0.449350	0.890515	-0.071182	-0.551533	-0.213853	0.806275
41656	6.255619	-0.505133	8.152692	0.152181	-0.025265	-0.133545	0.703231	0.400337	0.587534	-0.449263	0.890716	-0.069191	-0.551026	-0.215300	0.806236
41657	6.067478	-0.721106	8.088115	0.121376	0.002896	-0.156143	0.703962	0.398843	0.587675	-0.448749	0.891124	-0.067242	-0.550510	-0.216383	0.806298
41658	5.853623	-0.628980	8.184079	0.094520	-0.007979	-0.175792	0.704699	0.397281	0.587850	-0.448043	0.891612	-0.065467	-0.550142	-0.217248	0.806317
41659	5.875767	-0.652234	8.381301	0.014970	-0.034543	-0.201153	0.705422	0.395312	0.588309	-0.446630	0.892418	-0.064117	-0.550364	-0.217527	0.806090
41660	5.583902	-0.329387	8.601957	0.137313	-0.098129	-0.187929	0.705713	0.393442	0.589213	-0.446072	0.892852	-0.061924	-0.550444	-0.219131	0.805601
41661	5.735055	0.155611	8.888690	0.023261	-0.275926	-0.144875	0.704850	0.391445	0.591572	-0.445104	0.893410	-0.060836	-0.552330	-0.220431	0.803954
41662	5.976762	-0.562835	9.028275	-0.104635	-0.308976	-0.135811	0.703735	0.389571	0.594130	-0.443580	0.894164	-0.060892	-0.554971	-0.220693	0.802061
