// General information: 
//  MT Manager version: 2022.2.0 
//  XDA version: 2022.2.0 build 7381 rev 124627 built on 2023-07-19
// Device information: 
//  DeviceId: 00B4CAF0
//  ProductCode: MTW2-3A7G6
//  Firmware Version: 4.6.0
//  Hardware Version: 2.0.0
// Device settings: 
//  Filter Profile: human(46.1)
//  Option Flags: Orientation Smoother Disabled, Position/Velocity Smoother Disabled, Continuous Zero Rotation Update Disabled, AHS Disabled, ICC Disabled
// Coordinate system: ENU
PacketCounter	Acc_X	Acc_Y	Acc_Z	Gyr_X	Gyr_Y	Gyr_Z	Mat[1][1]	Mat[2][1]	Mat[3][1]	Mat[1][2]	Mat[2][2]	Mat[3][2]	Mat[1][3]	Mat[2][3]	Mat[3][3]
29738	4.445617	0.257207	9.185930	0.001437	-0.003944	0.002530	-0.796649	-0.420518	0.434183	0.479207	-0.877200	0.029669	0.368389	0.231700	0.900336
29739	4.418886	0.319251	9.213224	-0.001370	-0.008254	0.001236	-0.796609	-0.420491	0.434283	0.479200	-0.877204	0.029656	0.368484	0.231733	0.900288
29740	4.450876	0.305327	9.210654	0.002840	-0.001788	0.003177	-0.796615	-0.420456	0.434305	0.479188	-0.877209	0.029704	0.368488	0.231777	0.900276
29741	4.403978	0.289881	9.177141	0.001971	-0.002938	0.005427	-0.796574	-0.420478	0.434358	0.479227	-0.877188	0.029703	0.368525	0.231817	0.900250
29742	4.451484	0.305327	9.210360	0.002094	-0.004923	0.004339	-0.796507	-0.420561	0.434403	0.479295	-0.877154	0.029617	0.368582	0.231797	0.900232
29743	4.412535	0.304509	9.194655	0.001972	-0.002938	0.005427	-0.796466	-0.420583	0.434455	0.479334	-0.877133	0.029615	0.368619	0.231837	0.900206
29744	4.412867	0.304670	9.194491	0.004221	-0.004107	0.000200	-0.796511	-0.420527	0.434427	0.479334	-0.877127	0.029784	0.368523	0.231959	0.900214
29745	4.432279	0.300575	9.222779	-0.000601	-0.000646	0.003698	-0.796488	-0.420539	0.434458	0.479349	-0.877119	0.029768	0.368553	0.231967	0.900200
29746	4.476445	0.276800	9.189530	0.000033	-0.006099	0.001883	-0.796477	-0.420371	0.434641	0.479243	-0.877175	0.029834	0.368715	0.232061	0.900110
29747	4.437696	0.275804	9.173737	-0.000301	-0.006242	0.007030	-0.796417	-0.420399	0.434724	0.479286	-0.877152	0.029807	0.368788	0.232096	0.900070
29748	4.425774	0.285441	9.204295	0.002573	-0.002292	0.001728	-0.796362	-0.420530	0.434697	0.479401	-0.877091	0.029753	0.368757	0.232089	0.900085
29749	4.415627	0.313608	9.152349	0.002963	-0.003774	0.002089	-0.796335	-0.420521	0.434756	0.479417	-0.877082	0.029776	0.368795	0.232141	0.900056
29750	4.457915	0.271786	9.201631	0.001705	-0.003441	0.003978	-0.796242	-0.420647	0.434805	0.479513	-0.877034	0.029638	0.368872	0.232094	0.900037
29751	4.427672	0.294805	9.162552	0.001705	-0.003441	0.003978	-0.796206	-0.420656	0.434862	0.479540	-0.877019	0.029640	0.368914	0.232133	0.900009
29752	4.435032	0.300379	9.221462	0.002216	-0.006909	0.003251	-0.796262	-0.420560	0.434851	0.479512	-0.877028	0.029838	0.368828	0.232275	0.900008
29753	4.439889	0.275882	9.172673	-0.000601	-0.000646	0.003698	-0.796239	-0.420572	0.434882	0.479528	-0.877020	0.029822	0.368858	0.232283	0.899994
29754	4.408498	0.289742	9.174975	0.002841	-0.001789	0.003176	-0.796159	-0.420536	0.435064	0.479513	-0.877030	0.029755	0.369051	0.232309	0.899908
29755	4.424313	0.319235	9.210620	0.002841	-0.001789	0.003176	-0.796134	-0.420541	0.435106	0.479537	-0.877017	0.029772	0.369074	0.232352	0.899887
29756	4.455995	0.305264	9.208180	0.000057	-0.001625	0.005507	-0.796112	-0.420343	0.435336	0.479395	-0.877093	0.029797	0.369306	0.232419	0.899775
29757	4.416832	0.304431	9.192594	0.002841	-0.001789	0.003176	-0.796086	-0.420347	0.435379	0.479418	-0.877080	0.029814	0.369330	0.232463	0.899753
29758	4.440770	0.275881	9.172247	0.001705	-0.003441	0.003978	-0.795983	-0.420423	0.435494	0.479483	-0.877049	0.029687	0.369469	0.232443	0.899702
29759	4.449080	0.290587	9.189876	0.002216	-0.006909	0.003251	-0.795938	-0.420416	0.435584	0.479505	-0.877037	0.029698	0.369537	0.232502	0.899658
29760	4.417057	0.295567	9.233308	0.004099	-0.002123	0.001286	-0.795944	-0.420395	0.435594	0.479509	-0.877032	0.029759	0.369519	0.232558	0.899651
29761	4.449717	0.290936	9.189556	0.001047	-0.002462	0.002169	-0.795920	-0.420388	0.435642	0.479518	-0.877027	0.029764	0.369558	0.232589	0.899628
29762	4.442328	0.276278	9.171481	0.002216	-0.006909	0.003251	-0.795873	-0.420482	0.435638	0.479614	-0.876975	0.029749	0.369534	0.232615	0.899630
29763	4.442680	0.276457	9.171305	0.003710	-0.000641	0.000926	-0.795863	-0.420470	0.435669	0.479624	-0.876969	0.029783	0.369546	0.232661	0.899614
29764	4.439398	0.310158	9.178507	0.002095	-0.004924	0.004339	-0.795818	-0.420432	0.435788	0.479620	-0.876970	0.029793	0.369647	0.232722	0.899556
29765	4.443221	0.276596	9.171038	0.000658	-0.000979	0.001809	-0.795801	-0.420426	0.435823	0.479625	-0.876968	0.029796	0.369676	0.232743	0.899539
29766	4.423380	0.271742	9.183788	0.003353	-0.005258	0.002449	-0.795830	-0.420146	0.436041	0.479448	-0.877059	0.029965	0.369844	0.232906	0.899428
29767	4.471652	0.296435	9.175771	0.002331	0.001679	0.003903	-0.795814	-0.420164	0.436054	0.479475	-0.877044	0.029975	0.369844	0.232931	0.899421
29768	4.412272	0.290739	9.173129	0.001705	-0.003441	0.003978	-0.795857	-0.420037	0.436097	0.479414	-0.877071	0.030137	0.369830	0.233056	0.899395
29769	4.428260	0.320176	9.208690	0.003231	-0.003272	0.003536	-0.795825	-0.420039	0.436154	0.479441	-0.877056	0.030157	0.369865	0.233110	0.899366
29770	4.452092	0.291582	9.188385	0.001195	0.000027	0.004705	-0.795747	-0.420051	0.436284	0.479451	-0.877054	0.030057	0.370019	0.233094	0.899307
29771	4.428556	0.320279	9.208544	0.005026	-0.002600	0.004543	-0.795712	-0.420064	0.436336	0.479492	-0.877030	0.030089	0.370041	0.233162	0.899281
29772	4.413138	0.291132	9.172700	0.002305	-0.002796	0.000280	-0.795740	-0.419857	0.436483	0.479365	-0.877095	0.030231	0.370145	0.233291	0.899204
29773	4.433613	0.296117	9.159636	-0.000357	-0.004617	0.001524	-0.795712	-0.419837	0.436553	0.479362	-0.877097	0.030228	0.370209	0.233319	0.899170
29774	4.445352	0.277271	9.169985	0.003232	-0.003272	0.003536	-0.795708	-0.419853	0.436546	0.479394	-0.877078	0.030269	0.370176	0.233363	0.899173
29775	4.441171	0.301785	9.218461	0.001048	-0.002462	0.002169	-0.795685	-0.419844	0.436597	0.479401	-0.877074	0.030276	0.370216	0.233395	0.899148
29776	4.473798	0.297024	9.174706	0.002842	-0.001790	0.003175	-0.795666	-0.419886	0.436591	0.479452	-0.877045	0.030290	0.370192	0.233425	0.899150
29777	4.421177	0.297324	9.231279	0.007778	0.003334	0.000326	-0.795673	-0.419874	0.436589	0.479469	-0.877033	0.030366	0.370153	0.233492	0.899149
29778	4.473885	0.297971	9.174633	0.005268	-0.006572	0.002368	-0.795573	-0.419940	0.436707	0.479529	-0.877005	0.030250	0.370291	0.233480	0.899095
29779	4.493317	0.294347	9.202891	0.008167	0.001851	0.000686	-0.795573	-0.419929	0.436719	0.479551	-0.876990	0.030327	0.370263	0.233556	0.899087
29780	4.465466	0.275554	9.197856	0.008261	-0.004610	-0.004023	-0.795633	-0.419779	0.436754	0.479484	-0.877019	0.030540	0.370221	0.233715	0.899062
29781	4.477677	0.266768	9.167114	0.009783	0.006133	-0.002729	-0.795665	-0.419747	0.436725	0.479484	-0.877015	0.030647	0.370151	0.233788	0.899073
29782	4.423065	0.319291	9.148560	0.008168	0.001851	0.000686	-0.795670	-0.419679	0.436782	0.479466	-0.877021	0.030748	0.370163	0.233887	0.899042
29783	4.511898	0.293963	9.231462	0.015678	0.004681	-0.000438	-0.795686	-0.419663	0.436768	0.479507	-0.876994	0.030898	0.370076	0.234018	0.899043
29784	4.417480	0.273082	9.123957	0.008190	0.016902	0.006041	-0.795741	-0.419730	0.436604	0.479571	-0.876956	0.030987	0.369876	0.234040	0.899120
29785	4.466601	0.319307	9.265242	0.010115	-0.005562	0.002492	-0.795705	-0.419716	0.436682	0.479614	-0.876929	0.031075	0.369897	0.234165	0.899079
29786	4.451364	0.299910	9.188470	0.012232	0.016400	0.001818	-0.795725	-0.419794	0.436571	0.479694	-0.876883	0.031138	0.369750	0.234198	0.899131
29787	4.438792	0.319659	9.178474	0.008017	0.009935	-0.000115	-0.795760	-0.419793	0.436509	0.479708	-0.876873	0.031218	0.369658	0.234239	0.899158
29788	4.428413	0.287400	9.243516	0.007058	0.004676	0.005110	-0.795840	-0.419784	0.436372	0.479743	-0.876846	0.031426	0.369439	0.234357	0.899217
29789	4.437293	0.320502	9.179170	0.003465	0.013906	0.004829	-0.795866	-0.419835	0.436275	0.479780	-0.876825	0.031444	0.369336	0.234342	0.899264
29790	4.455493	0.316758	9.208035	0.009333	0.007977	0.003503	-0.795877	-0.419893	0.436199	0.479848	-0.876786	0.031508	0.369223	0.234386	0.899298
29791	4.446789	0.302631	9.190596	0.007297	0.011277	0.004669	-0.795894	-0.419937	0.436126	0.479897	-0.876757	0.031562	0.369122	0.234415	0.899332
29792	4.406535	0.302277	9.175514	0.005891	0.009122	0.004024	-0.795927	-0.419944	0.436059	0.479904	-0.876751	0.031607	0.369043	0.234423	0.899363
29793	4.397294	0.278834	9.199172	0.003321	0.000840	0.000565	-0.795925	-0.419927	0.436079	0.479906	-0.876749	0.031642	0.369044	0.234462	0.899352
29794	4.445777	0.303675	9.191051	0.006581	-0.008528	0.005993	-0.795805	-0.419853	0.436369	0.479884	-0.876763	0.031582	0.369333	0.234540	0.899213
29795	4.419345	0.293283	9.144517	0.001435	-0.003943	0.002533	-0.795775	-0.419843	0.436433	0.479894	-0.876757	0.031592	0.369382	0.234582	0.899182
29796	4.407697	0.303168	9.174926	0.002723	-0.010377	0.002534	-0.795693	-0.419716	0.436705	0.479818	-0.876800	0.031557	0.369658	0.234649	0.899051
29797	4.487254	0.304823	9.205508	0.002334	-0.008894	0.002172	-0.795646	-0.419690	0.436814	0.479830	-0.876793	0.031576	0.369744	0.234720	0.898997
29798	4.428437	0.299313	9.202573	0.003351	-0.005258	0.002453	-0.795670	-0.419569	0.436887	0.479768	-0.876822	0.031700	0.369772	0.234828	0.898958
29799	4.450199	0.313262	9.148054	-0.000719	-0.009231	0.003055	-0.795619	-0.419550	0.437000	0.479775	-0.876819	0.031688	0.369875	0.234873	0.898903
29800	4.462016	0.294196	9.158399	-0.000600	-0.000642	0.003699	-0.795548	-0.419599	0.437082	0.479800	-0.876810	0.031560	0.369995	0.234819	0.898868
29801	4.438513	0.322751	9.178501	0.001047	-0.002461	0.002171	-0.795525	-0.419589	0.437133	0.479806	-0.876807	0.031568	0.370036	0.234852	0.898843
29802	4.422299	0.284110	9.183934	-0.000302	-0.006236	0.007036	-0.795480	-0.419645	0.437160	0.479866	-0.876775	0.031543	0.370054	0.234870	0.898830
29803	4.430624	0.298663	9.201542	0.001436	-0.003943	0.002533	-0.795450	-0.419635	0.437225	0.479877	-0.876768	0.031553	0.370104	0.234912	0.898799
29804	4.426880	0.250271	9.176153	-0.000450	-0.008727	0.004503	-0.795434	-0.419496	0.437387	0.479792	-0.876813	0.031605	0.370248	0.234994	0.898718
29805	4.472310	0.308110	9.175066	-0.000450	-0.008727	0.004502	-0.795378	-0.419491	0.437495	0.479811	-0.876803	0.031589	0.370346	0.235040	0.898666
29806	4.445060	0.288328	9.169785	0.000688	-0.007077	0.003698	-0.795364	-0.419511	0.437501	0.479852	-0.876779	0.031631	0.370322	0.235094	0.898661
29807	4.415240	0.311341	9.130477	0.002334	-0.008896	0.002171	-0.795317	-0.419485	0.437610	0.479863	-0.876772	0.031651	0.370408	0.235165	0.898607
29808	4.442411	0.312930	9.217492	0.001975	-0.013511	0.003698	-0.795258	-0.419474	0.437729	0.479897	-0.876753	0.031678	0.370492	0.235257	0.898549
29809	4.467319	0.284083	9.196697	-0.003800	-0.014045	0.000321	-0.795201	-0.419419	0.437884	0.479870	-0.876769	0.031651	0.370648	0.235296	0.898474
29810	4.477370	0.307404	9.172621	-0.002334	-0.013511	0.006472	-0.795143	-0.419268	0.438135	0.479766	-0.876826	0.031630	0.370907	0.235352	0.898353
29811	4.477608	0.298035	9.213370	-0.000598	-0.011219	0.001969	-0.795089	-0.419234	0.438265	0.479764	-0.876827	0.031624	0.371025	0.235408	0.898289
29812	4.451469	0.287304	9.166708	-0.000717	-0.009232	0.003054	-0.794998	-0.419228	0.438436	0.479767	-0.876830	0.031525	0.371218	0.235409	0.898209
29813	4.460114	0.301881	9.184161	0.000420	-0.007582	0.002250	-0.794956	-0.419206	0.438534	0.479771	-0.876827	0.031527	0.371303	0.235458	0.898161
29814	4.460942	0.301739	9.183764	-0.000058	-0.010211	0.004863	-0.794871	-0.419203	0.438691	0.479785	-0.876822	0.031460	0.371466	0.235484	0.898087
29815	4.450479	0.320468	9.172785	0.000809	-0.009065	0.002611	-0.794821	-0.419179	0.438803	0.479793	-0.876817	0.031463	0.371561	0.235542	0.898032
29816	4.467049	0.277119	9.134352	0.002335	-0.008897	0.002168	-0.794813	-0.419253	0.438748	0.479889	-0.876762	0.031537	0.371455	0.235617	0.898057
29817	4.451300	0.311279	9.213259	-0.004039	-0.010072	0.002493	-0.794760	-0.419227	0.438868	0.479879	-0.876769	0.031498	0.371581	0.235637	0.898000
29818	4.469151	0.276436	9.133344	-0.004277	-0.016675	0.002934	-0.794679	-0.419283	0.438961	0.479955	-0.876729	0.031466	0.371657	0.235687	0.897955
29819	4.485159	0.296641	9.209741	0.004402	-0.007722	0.004619	-0.794625	-0.419281	0.439060	0.479993	-0.876707	0.031493	0.371723	0.235771	0.897905
29820	4.436184	0.323664	9.142052	-0.003379	-0.011051	0.004302	-0.794596	-0.419178	0.439211	0.479929	-0.876741	0.031509	0.371867	0.235827	0.897831
29821	4.487363	0.296043	9.208687	-0.002091	-0.017487	0.004299	-0.794508	-0.419149	0.439398	0.479939	-0.876737	0.031480	0.372042	0.235895	0.897741
29822	4.438098	0.313933	9.182026	0.000182	-0.014187	0.002689	-0.794502	-0.419122	0.439434	0.479957	-0.876724	0.031570	0.372031	0.235992	0.897720
29823	4.440445	0.322938	9.140009	0.000421	-0.018161	0.000517	-0.794430	-0.419059	0.439625	0.479947	-0.876729	0.031580	0.372198	0.236085	0.897626
29824	4.495629	0.262008	9.199079	-0.000650	-0.021434	0.006828	-0.794336	-0.418884	0.439961	0.479854	-0.876780	0.031585	0.372519	0.236206	0.897461
29825	4.501701	0.309948	9.223388	-0.001071	-0.013851	0.004580	-0.794261	-0.418866	0.440115	0.479870	-0.876772	0.031564	0.372659	0.236268	0.897386
29826	4.480172	0.274719	9.127995	-0.000358	-0.015196	-0.000206	-0.794321	-0.418532	0.440324	0.479638	-0.876892	0.031748	0.372829	0.236414	0.897278
29827	4.497249	0.303954	9.163007	-0.001460	-0.012368	0.004218	-0.794253	-0.418513	0.440465	0.479649	-0.876886	0.031726	0.372960	0.236467	0.897209
29828	4.466803	0.317613	9.164946	-0.002510	-0.009906	0.002050	-0.794311	-0.418308	0.440554	0.479511	-0.876957	0.031875	0.373013	0.236569	0.897160
29829	4.473738	0.241169	9.191269	-0.001374	-0.008255	0.001245	-0.794273	-0.418272	0.440657	0.479498	-0.876964	0.031868	0.373111	0.236606	0.897110
29830	4.535887	0.337808	9.184350	0.005779	-0.010048	0.001636	-0.794229	-0.418252	0.440756	0.479524	-0.876948	0.031914	0.373172	0.236700	0.897060
29831	4.501291	0.161682	9.245254	0.009966	-0.018642	-0.001791	-0.794167	-0.418165	0.440951	0.479529	-0.876941	0.032022	0.373297	0.236880	0.896960
29832	4.594548	0.379146	9.192643	0.017171	-0.010222	-0.006262	-0.794069	-0.418153	0.441137	0.479582	-0.876911	0.032049	0.373437	0.237011	0.896867
29833	4.619813	0.227464	9.173976	0.011460	0.008785	-0.000659	-0.794103	-0.418141	0.441087	0.479603	-0.876896	0.032165	0.373338	0.237089	0.896888
29834	4.536066	0.334144	9.224965	0.022972	0.027782	-0.006181	-0.794278	-0.417946	0.440958	0.479465	-0.876961	0.032445	0.373143	0.237194	0.896941
29835	4.723568	0.119150	9.254434	0.020397	0.019495	-0.009637	-0.794395	-0.417880	0.440809	0.479447	-0.876962	0.032681	0.372917	0.237306	0.897006
29836	4.705326	0.338550	9.318397	0.038496	0.094679	-0.010915	-0.794812	-0.417870	0.440065	0.479380	-0.876984	0.033067	0.372113	0.237241	0.897357
29837	4.371502	0.291104	9.073578	0.028034	0.085042	-0.013606	-0.795192	-0.417925	0.439327	0.479359	-0.876984	0.033389	0.371329	0.237146	0.897706
29838	4.634553	0.315571	9.274967	0.033523	0.070003	-0.017025	-0.795592	-0.417749	0.438771	0.479199	-0.877053	0.033866	0.370678	0.237202	0.897961
29839	4.448141	0.311389	9.230195	0.031533	0.121326	-0.017478	-0.796123	-0.417855	0.437705	0.479158	-0.877060	0.034236	0.369588	0.236986	0.898467
29840	4.349781	0.341292	9.151565	0.030832	0.080357	-0.019578	-0.796507	-0.417750	0.437106	0.479001	-0.877134	0.034559	0.368963	0.236900	0.898746
29841	4.715616	0.215191	9.367010	0.038067	0.088757	-0.024055	-0.796948	-0.417720	0.436330	0.478931	-0.877154	0.035016	0.368101	0.236878	0.899105
29842	4.434170	0.332000	9.130141	0.040894	0.153245	-0.028232	-0.797737	-0.417725	0.434880	0.478795	-0.877200	0.035697	0.366566	0.236696	0.899780
29843	4.203740	0.451950	9.068225	0.030890	0.108785	-0.030195	-0.798279	-0.417689	0.433920	0.478649	-0.877263	0.036118	0.365577	0.236527	0.900227
29844	4.469932	0.328494	9.225725	0.031119	0.092993	-0.021969	-0.798735	-0.417647	0.433121	0.478528	-0.877313	0.036501	0.364738	0.236416	0.900596
29845	4.370506	0.349364	9.188045	0.030215	0.114585	-0.021836	-0.799256	-0.417697	0.432111	0.478445	-0.877343	0.036880	0.363705	0.236217	0.901066
29846	4.279933	0.393547	9.126745	0.026322	0.096438	-0.018515	-0.799667	-0.417774	0.431274	0.478389	-0.877363	0.037128	0.362873	0.236006	0.901457
29847	4.247833	0.425054	9.150322	0.020905	0.082611	-0.011145	-0.800019	-0.417842	0.430556	0.478356	-0.877370	0.037375	0.362140	0.235860	0.901790
29848	4.257497	0.383516	9.115617	0.015358	0.060210	-0.004388	-0.800348	-0.417661	0.430119	0.478139	-0.877477	0.037640	0.361699	0.235782	0.901987
29849	4.293985	0.343387	9.168020	0.013479	0.049347	-0.000504	-0.800528	-0.417742	0.429705	0.478164	-0.877458	0.037775	0.361268	0.235709	0.902179
29850	4.336490	0.360231	9.203729	0.011582	0.044571	0.001471	-0.800720	-0.417685	0.429403	0.478069	-0.877504	0.037910	0.360968	0.235640	0.902317
29851	4.321371	0.379858	9.194731	0.010591	0.039332	0.006711	-0.800829	-0.417806	0.429082	0.478141	-0.877461	0.037989	0.360630	0.235584	0.902467
29852	4.310430	0.365555	9.178423	0.006638	0.033377	0.006228	-0.800969	-0.417752	0.428872	0.478058	-0.877502	0.038079	0.360429	0.235526	0.902562
29853	4.272467	0.413354	9.188684	0.006914	0.027799	0.009586	-0.801023	-0.417871	0.428656	0.478140	-0.877457	0.038112	0.360201	0.235486	0.902664
29854	4.325003	0.361665	9.209076	-0.002006	0.006177	0.010261	-0.801125	-0.417664	0.428668	0.477997	-0.877526	0.038314	0.360165	0.235596	0.902650
29855	4.331546	0.375936	9.227450	0.001577	0.018089	0.013976	-0.801123	-0.417797	0.428541	0.478093	-0.877474	0.038281	0.360040	0.235550	0.902711
29856	4.262691	0.405885	9.131235	-0.003253	0.004914	0.017657	-0.801120	-0.417633	0.428708	0.477933	-0.877565	0.038212	0.360260	0.235506	0.902635
29857	4.270005	0.419432	9.149283	-0.004500	0.003651	0.025053	-0.801013	-0.417828	0.428717	0.478096	-0.877482	0.038077	0.360281	0.235468	0.902636
29858	4.199860	0.430593	9.135066	-0.011624	-0.012814	0.030341	-0.800936	-0.417747	0.428939	0.478060	-0.877503	0.038051	0.360499	0.235535	0.902532
29859	4.232085	0.405158	9.173637	-0.018000	-0.030635	0.030851	-0.800679	-0.417911	0.429259	0.478219	-0.877428	0.037770	0.360859	0.235522	0.902391
29860	4.283479	0.426525	9.164762	-0.018995	-0.035876	0.036088	-0.800475	-0.417855	0.429695	0.478220	-0.877434	0.037615	0.361311	0.235598	0.902190
29861	4.343503	0.328946	9.216965	-0.023711	-0.044955	0.036774	-0.800137	-0.418036	0.430147	0.478405	-0.877349	0.037257	0.361814	0.235595	0.901990
29862	4.254603	0.375938	9.179635	-0.026145	-0.044658	0.033943	-0.799871	-0.418172	0.430510	0.478559	-0.877275	0.037013	0.362198	0.235630	0.901827
29863	4.344109	0.297674	9.236153	-0.025006	-0.070235	0.031649	-0.799466	-0.418248	0.431187	0.478698	-0.877214	0.036666	0.362908	0.235722	0.901517
29864	4.214648	0.317746	9.305820	-0.022099	-0.076883	0.024639	-0.799169	-0.417910	0.432065	0.478501	-0.877329	0.036471	0.363821	0.235890	0.901105
29865	4.409078	0.213767	9.372695	-0.005937	-0.095234	0.014616	-0.798753	-0.417777	0.432961	0.478572	-0.877295	0.036370	0.364640	0.236254	0.900679
29866	4.223628	0.299186	9.280520	-0.017552	-0.089842	0.012500	-0.798469	-0.417448	0.433802	0.478447	-0.877363	0.036356	0.365425	0.236580	0.900275
29867	4.197564	0.470412	9.282934	0.008603	-0.134534	0.008175	-0.797939	-0.417164	0.435048	0.478519	-0.877322	0.036415	0.366486	0.237236	0.899670
29868	4.150064	0.314371	9.399819	0.012457	-0.164427	0.006501	-0.797384	-0.416487	0.436711	0.478301	-0.877436	0.036520	0.367976	0.238000	0.898860
29869	4.104073	0.343162	9.396685	0.008156	-0.196177	0.004117	-0.796643	-0.416017	0.438509	0.478338	-0.877413	0.036592	0.369531	0.238907	0.897981
29870	3.146929	0.892767	9.497106	-0.022746	-0.249702	-0.008109	-0.795842	-0.415113	0.440814	0.477987	-0.877608	0.036514	0.371704	0.239763	0.896856
29871	2.672980	0.151468	9.620002	-0.064080	-0.459155	0.039391	-0.793939	-0.414315	0.444975	0.478035	-0.877612	0.035783	0.375690	0.241124	0.894828
29872	-1.044049	-1.318937	12.073088	0.131040	-0.753172	0.272751	-0.789879	-0.414460	0.452011	0.480275	-0.876392	0.035683	0.381350	0.245275	0.891298
29873	1.985398	0.095672	9.999330	0.283356	-1.702085	0.375822	-0.781473	-0.413454	0.467285	0.484300	-0.874141	0.036487	0.393387	0.254820	0.883354
29874	3.219292	0.541974	12.571277	0.346962	-1.870903	0.520113	-0.771629	-0.412733	0.483984	0.489392	-0.871268	0.037249	0.406306	0.265600	0.874283
29875	3.211488	-0.924186	12.171149	0.614746	-2.225051	0.616855	-0.759391	-0.411981	0.503584	0.496630	-0.867061	0.039563	0.420339	0.280138	0.863040
29876	4.823178	-0.512651	12.709907	1.056881	-2.486048	0.703481	-0.745346	-0.410682	0.525166	0.506273	-0.861195	0.045073	0.433760	0.299472	0.849805
29877	3.549748	3.636481	12.210049	1.354347	-2.730813	0.929677	-0.728553	-0.410118	0.548647	0.519064	-0.853182	0.051509	0.446971	0.322310	0.834466
29878	5.221721	7.688859	13.256586	0.960850	-3.236688	1.190722	-0.707738	-0.409043	0.576013	0.531649	-0.845308	0.052952	0.465249	0.343713	0.815724
29879	6.052965	8.228519	13.667520	-0.205551	-3.275578	1.441704	-0.684374	-0.409696	0.603142	0.540680	-0.840138	0.042819	0.489180	0.355411	0.796484
29880	1.642030	8.965774	15.380745	-0.833030	-3.018358	1.503267	-0.661262	-0.410976	0.627560	0.546144	-0.837250	0.027176	0.514257	0.360709	0.778093
29881	1.412210	7.995285	15.580712	-1.746520	-3.082340	1.094316	-0.638986	-0.409013	0.651464	0.543995	-0.839061	0.006782	0.543845	0.358727	0.758649
29882	7.296505	0.949808	19.238334	-1.216828	-2.189411	0.258815	-0.625701	-0.402697	0.668082	0.538265	-0.842767	-0.003872	0.564597	0.357182	0.744077
29883	0.525469	0.805530	16.619240	-0.179655	-0.159440	-0.507164	-0.627515	-0.397798	0.669314	0.534048	-0.845452	-0.001788	0.566585	0.356324	0.742977
29884	-5.623387	3.435540	12.890566	0.391330	0.010023	-1.048112	-0.633409	-0.388203	0.669396	0.528792	-0.848712	0.008170	0.564953	0.359146	0.742861
29885	-6.489238	3.645261	11.984870	0.185481	-0.183650	-1.360538	-0.639510	-0.375913	0.670609	0.521156	-0.853257	0.018691	0.565176	0.361445	0.741575
29886	-4.155993	0.401887	12.979594	0.032917	-0.234389	-1.533878	-0.646464	-0.361184	0.672034	0.510601	-0.859317	0.029334	0.566896	0.362104	0.739939
29887	-3.275558	-2.117794	13.624178	0.204666	0.307715	-1.602488	-0.656307	-0.348437	0.669218	0.501293	-0.864275	0.041626	0.563885	0.362794	0.741899
29888	-3.815730	-3.005742	13.195383	0.448235	0.732348	-1.562621	-0.668560	-0.337091	0.662870	0.492906	-0.868306	0.055576	0.556840	0.363888	0.746669
29889	-3.810880	-3.072753	12.861750	0.536887	1.080214	-1.410849	-0.681425	-0.328703	0.653922	0.486317	-0.871060	0.068921	0.546951	0.364978	0.753416
29890	-3.308610	-3.345527	12.518194	0.506537	1.344215	-1.186393	-0.694830	-0.322846	0.642636	0.480262	-0.873425	0.080479	0.535312	0.364553	0.761933
29891	-2.435838	-3.678415	12.434639	0.429017	1.594469	-0.928749	-0.707698	-0.320473	0.629652	0.475986	-0.874866	0.089705	0.522112	0.363190	0.771681
29892	-1.673609	-3.787152	12.250821	0.362744	1.845250	-0.659174	-0.720719	-0.321180	0.614335	0.472678	-0.875926	0.096589	0.507089	0.359997	0.783111
29893	-1.336751	-3.552139	11.855650	0.260687	2.046341	-0.392368	-0.732781	-0.325010	0.597830	0.471096	-0.876275	0.101052	0.491021	0.355684	0.795228
29894	-0.918208	-3.131450	11.515647	0.117258	2.125144	-0.159512	-0.744235	-0.330898	0.580191	0.469996	-0.876649	0.102907	0.474572	0.349274	0.807954
29895	-0.393905	-2.365631	11.521870	-0.041785	2.145814	0.022931	-0.754140	-0.338458	0.562778	0.469939	-0.876732	0.102461	0.458727	0.341741	0.820233
29896	0.625762	-1.943430	11.686994	-0.266216	2.077343	0.143140	-0.763341	-0.346414	0.545259	0.469250	-0.877445	0.099473	0.443976	0.331795	0.832345
29897	2.436329	-2.005037	12.708643	-0.413712	2.039748	0.169876	-0.771463	-0.354507	0.528365	0.468708	-0.878217	0.095117	0.430299	0.321029	0.843672
29898	5.914396	-2.372925	14.236067	-0.370183	2.186594	0.073546	-0.780732	-0.362212	0.509177	0.467573	-0.879206	0.091501	0.414528	0.309515	0.855784
29899	7.226282	-1.630779	14.737800	-0.221156	2.871561	-0.094432	-0.792771	-0.370035	0.484343	0.465899	-0.880241	0.090083	0.393004	0.297070	0.870228
29900	6.084743	-0.191676	13.493602	-0.149635	3.274643	-0.282480	-0.806906	-0.377082	0.454656	0.462817	-0.881875	0.089982	0.367019	0.283030	0.886110
29901	5.456067	1.271952	12.480901	-0.275092	3.429960	-0.439251	-0.821069	-0.382591	0.423639	0.458228	-0.884320	0.089470	0.340402	0.267585	0.901402
29902	5.259389	1.534431	11.492585	-0.504849	3.351996	-0.566820	-0.834869	-0.386579	0.391856	0.451941	-0.887790	0.087049	0.314234	0.249770	0.915899
29903	6.065516	1.238763	11.385294	-0.637422	3.262756	-0.674036	-0.847751	-0.388378	0.361221	0.444302	-0.891956	0.083722	0.289677	0.231467	0.928714
29904	6.651629	1.192886	11.370265	-0.669584	3.210345	-0.763079	-0.860202	-0.388929	0.329829	0.435933	-0.896428	0.079873	0.264603	0.212490	0.940656
29905	7.015037	1.608316	11.344189	-0.722536	3.203141	-0.808624	-0.871785	-0.388111	0.298933	0.427063	-0.901057	0.075590	0.240018	0.193562	0.951275
29906	6.675512	1.731377	10.823695	-0.829430	3.142879	-0.800827	-0.882466	-0.386903	0.267508	0.418208	-0.905673	0.069704	0.215306	0.173386	0.961031
29907	6.559160	1.622347	10.159122	-0.952674	2.993876	-0.751899	-0.891699	-0.384913	0.238151	0.409548	-0.910151	0.062417	0.192728	0.153191	0.969220
29908	6.817961	1.514787	9.662703	-1.058969	2.770413	-0.694927	-0.899668	-0.382741	0.210015	0.401451	-0.914320	0.053448	0.171564	0.132396	0.976236
29909	8.333458	0.541007	9.471534	-1.080732	2.454877	-0.634917	-0.906200	-0.379887	0.185709	0.393913	-0.918088	0.044127	0.153734	0.113141	0.981613
29910	11.558008	-0.493980	9.698995	-0.851850	2.358082	-0.595022	-0.911975	-0.377082	0.161587	0.387361	-0.921206	0.036470	0.135103	0.095853	0.986184
29911	13.283541	0.010149	8.863823	-0.485464	2.559320	-0.495200	-0.917078	-0.374737	0.136162	0.382181	-0.923519	0.032410	0.113603	0.081761	0.990156
29912	14.231566	1.890314	7.685758	-0.244535	2.672997	-0.257142	-0.920829	-0.374431	0.108976	0.379554	-0.924682	0.030048	0.089517	0.069031	0.993590
29913	14.005332	2.794189	5.219912	-0.258952	2.751942	0.093407	-0.922619	-0.376970	0.081658	0.380167	-0.924512	0.027379	0.065173	0.056304	0.996284
29914	13.484649	2.083778	2.040479	-0.195397	2.562886	0.451142	-0.922194	-0.382699	0.055679	0.384452	-0.922812	0.024797	0.041891	0.044273	0.998141
29915	13.142964	1.544362	-0.989688	0.128246	2.120017	0.741056	-0.920014	-0.390343	0.034732	0.391273	-0.919915	0.025736	0.021904	0.037267	0.999065
29916	13.646041	2.084946	-2.952866	0.560390	1.366847	0.950749	-0.916307	-0.399932	0.020889	0.400419	-0.915818	0.030697	0.006854	0.036493	0.999310
29917	14.930675	3.579227	-3.289628	0.851048	0.606412	1.078072	-0.911971	-0.409971	0.015241	0.410248	-0.911140	0.038998	-0.002102	0.041817	0.999123
29918	15.655811	5.141294	-3.105867	0.872525	-0.050172	1.165975	-0.906998	-0.420835	0.015880	0.421099	-0.905783	0.047249	-0.005500	0.049542	0.998757
29919	16.092325	5.643580	-2.288294	0.763191	-0.700909	1.215655	-0.901862	-0.431383	0.023532	0.432018	-0.900209	0.054621	-0.002379	0.059427	0.998230
29920	16.533732	5.425036	-1.127894	0.733784	-1.194356	1.228097	-0.896358	-0.441873	0.035919	0.443302	-0.894269	0.061371	0.005003	0.070934	0.997468
29921	15.856859	5.717423	0.044240	0.785163	-1.546179	1.203008	-0.890825	-0.451344	0.052148	0.454087	-0.888308	0.068661	0.015334	0.084844	0.996276
29922	13.752007	6.121564	1.244490	0.845248	-1.878405	1.108109	-0.885206	-0.459659	0.071587	0.464351	-0.882356	0.076323	0.028083	0.100803	0.994510
29923	-12.984449	27.186810	17.752735	0.446394	-1.532864	0.418206	-0.882759	-0.461667	0.087180	0.468155	-0.879979	0.080421	0.039589	0.111806	0.992941
29924	-26.418160	-7.647005	15.111146	-5.762025	-2.810327	0.436671	-0.878722	-0.463215	0.115237	0.468530	-0.883156	0.022705	0.091256	0.073943	0.993078
29925	-8.155377	-10.602206	17.623606	0.689208	-5.134887	-1.492536	-0.879877	-0.445383	0.165682	0.456132	-0.889350	0.031618	0.133267	0.103393	0.985672
29926	2.523668	1.084307	3.597735	-0.712023	-2.013212	-1.922240	-0.885525	-0.426256	0.184799	0.438271	-0.898411	0.027853	0.154153	0.105657	0.982382
29927	-1.926081	-2.021882	1.649715	-0.669344	-5.440099	-1.660594	-0.882911	-0.405020	0.237544	0.422335	-0.906100	0.024821	0.205186	0.122238	0.971060
29928	35.092570	-10.420119	28.921573	-0.428745	-7.327275	-1.077155	-0.869913	-0.385511	0.307624	0.411984	-0.910888	0.023512	0.271147	0.147190	0.951218
29929	16.652259	-13.809254	13.738215	0.003985	0.107132	-0.114802	-0.870686	-0.384573	0.306610	0.410950	-0.911344	0.023907	0.270233	0.146817	0.951535
29930	7.059663	-3.845696	11.433715	0.684215	-2.570724	0.195637	-0.862611	-0.382442	0.331121	0.414583	-0.909532	0.029535	0.289869	0.162754	0.943126
29931	9.399171	2.305973	12.975153	0.734060	-1.180547	0.040859	-0.858986	-0.380776	0.342275	0.417043	-0.908161	0.036311	0.297015	0.173934	0.938898
29932	0.313591	5.159554	8.433819	0.437789	-1.338974	-0.187163	-0.855653	-0.376717	0.354884	0.416784	-0.908083	0.040949	0.306838	0.182948	0.934013
29933	3.980866	-0.695805	8.986734	0.267388	-2.029623	-0.188508	-0.850054	-0.371139	0.373716	0.415973	-0.908306	0.044130	0.323070	0.192969	0.926493
29934	10.052174	4.040078	12.769652	0.204660	-2.393866	0.238208	-0.841088	-0.368519	0.395935	0.418636	-0.907034	0.045083	0.342512	0.203672	0.917171
29935	16.706954	5.929763	15.481893	-0.320908	-1.153953	0.319046	-0.835742	-0.369003	0.406660	0.420149	-0.906534	0.040876	0.353568	0.205019	0.912665
29936	0.381484	-0.634429	7.886774	-0.731970	0.516025	0.325717	-0.836115	-0.372986	0.402236	0.420306	-0.906788	0.032830	0.352497	0.196512	0.914947
29937	5.115653	-1.495698	8.554105	-0.020495	-1.824338	0.200228	-0.828709	-0.371104	0.418955	0.421854	-0.906105	0.031830	0.367805	0.203116	0.907449
29938	9.704121	1.188192	12.449312	-0.261457	-0.396566	0.163789	-0.826518	-0.371760	0.422684	0.422234	-0.906030	0.028765	0.372271	0.202246	0.905821
29939	3.047586	-1.180180	8.043091	-0.238017	0.029734	0.185207	-0.825854	-0.373446	0.422496	0.422832	-0.905840	0.025835	0.373065	0.199981	0.905997
29940	5.111110	0.505326	9.734400	-0.078137	-0.648547	0.113244	-0.822926	-0.373078	0.428492	0.423384	-0.905616	0.024616	0.378865	0.201674	0.903210
29941	5.767069	-0.378917	10.029508	-0.155527	-0.162769	0.097052	-0.821904	-0.373579	0.430016	0.423547	-0.905587	0.022805	0.380897	0.200876	0.902533
29942	4.484695	0.194366	9.119314	-0.111893	-0.077058	0.093981	-0.821149	-0.374257	0.430867	0.423902	-0.905456	0.021384	0.382128	0.200205	0.902162
29943	4.537308	0.209514	9.237808	-0.100746	-0.185989	0.073768	-0.820131	-0.374501	0.432591	0.424077	-0.905402	0.020167	0.384115	0.199992	0.901365
29944	4.928820	0.006686	9.491848	-0.079826	-0.153711	0.065606	-0.819228	-0.374747	0.434085	0.424301	-0.905318	0.019199	0.385790	0.199911	0.900668
29945	4.558400	0.237215	9.384062	-0.074150	-0.039438	0.063471	-0.818814	-0.375192	0.434483	0.424490	-0.905248	0.018266	0.386462	0.199390	0.900495
29946	4.632402	0.136899	9.067158	-0.081383	-0.118522	0.050380	-0.818080	-0.375368	0.435710	0.424578	-0.905225	0.017321	0.387915	0.199163	0.899920
29947	4.713774	0.269303	9.478221	-0.006823	-0.044755	0.040074	-0.817743	-0.375590	0.436152	0.424835	-0.905109	0.017095	0.388344	0.199272	0.899711
29948	4.433246	0.253065	9.078591	-0.075898	-0.000547	0.043999	-0.817535	-0.375879	0.436292	0.424829	-0.905128	0.016259	0.388788	0.198642	0.899658
29949	4.362801	0.086666	9.166386	-0.044096	-0.067508	0.030950	-0.817148	-0.375974	0.436936	0.424866	-0.905119	0.015738	0.389562	0.198499	0.899355
29950	4.638040	0.216682	9.274101	-0.052309	-0.063419	0.028420	-0.816764	-0.376002	0.437628	0.424815	-0.905153	0.015160	0.390420	0.198293	0.899028
29951	4.526651	0.135423	9.149665	-0.057954	-0.029218	0.029704	-0.816531	-0.376162	0.437927	0.424787	-0.905177	0.014520	0.390939	0.197881	0.898893
29952	4.440472	0.293475	9.088282	-0.060678	-0.037738	0.031224	-0.816267	-0.376213	0.438373	0.424694	-0.905230	0.013925	0.391590	0.197541	0.898685
29953	4.485629	0.196741	9.107161	-0.065283	-0.053575	0.032027	-0.815928	-0.376347	0.438891	0.424656	-0.905259	0.013209	0.392339	0.197155	0.898443
29954	4.485535	0.211620	9.154430	-0.068715	-0.052524	0.032559	-0.815578	-0.376412	0.439484	0.424578	-0.905305	0.012536	0.393148	0.196819	0.898163
29955	4.561976	-0.047609	9.188679	-0.068577	-0.061383	0.025102	-0.815236	-0.376467	0.440070	0.424469	-0.905365	0.011821	0.393974	0.196433	0.897885
29956	4.582536	0.123553	9.204323	-0.053255	-0.024728	0.018853	-0.815051	-0.376501	0.440385	0.424363	-0.905422	0.011319	0.394472	0.196109	0.897738
29957	4.385579	0.072938	9.058866	-0.071870	-0.032644	0.017455	-0.814854	-0.376544	0.440712	0.424177	-0.905517	0.010608	0.395078	0.195584	0.897586
29958	4.538296	0.138372	9.135209	-0.059643	-0.060897	0.014340	-0.814544	-0.376427	0.441385	0.423959	-0.905626	0.010041	0.395950	0.195308	0.897262
29959	4.544435	0.030032	9.178758	-0.067306	-0.047490	0.008975	-0.814324	-0.376364	0.441844	0.423722	-0.905744	0.009409	0.396656	0.194881	0.897043
29960	4.470179	0.020809	9.146096	-0.063798	-0.052978	0.004688	-0.814089	-0.376205	0.442414	0.423439	-0.905881	0.008861	0.397440	0.194549	0.896767
29961	4.443572	0.038375	9.105967	-0.064574	-0.058612	0.003179	-0.813848	-0.376068	0.442972	0.423164	-0.906015	0.008280	0.398225	0.194188	0.896497
29962	4.548081	0.030391	9.161382	-0.066562	-0.072559	0.002726	-0.813551	-0.375806	0.443740	0.422820	-0.906181	0.007747	0.399197	0.193924	0.896122
29963	4.568220	-0.085500	9.172509	-0.060172	-0.071488	-0.004204	-0.813289	-0.375578	0.444413	0.422501	-0.906333	0.007238	0.400068	0.193652	0.895793
29964	4.552767	-0.005602	9.177696	-0.055037	-0.054686	-0.002038	-0.813094	-0.375287	0.445015	0.422164	-0.906493	0.006885	0.400819	0.193468	0.895497
29965	4.489845	0.069930	9.108936	-0.056745	-0.059804	-0.006809	-0.812888	-0.375058	0.445583	0.421837	-0.906649	0.006420	0.401579	0.193182	0.895218
29966	4.368243	0.093457	9.201020	-0.070344	-0.077171	-0.010056	-0.812629	-0.374718	0.446340	0.421428	-0.906843	0.005946	0.402532	0.192932	0.894844
29967	4.413112	0.063784	9.103160	-0.066812	-0.103775	-0.006586	-0.812245	-0.374407	0.447301	0.421061	-0.907016	0.005390	0.403691	0.192719	0.894367
29968	4.445797	0.100295	9.153672	-0.065807	-0.112903	-0.004215	-0.811803	-0.374059	0.448392	0.420705	-0.907185	0.004882	0.404948	0.192604	0.893824
29969	4.350392	0.060301	9.153858	-0.061674	-0.127521	0.005627	-0.811268	-0.373813	0.449565	0.420456	-0.907303	0.004319	0.406277	0.192526	0.893237
29970	4.384125	0.050100	9.175112	-0.044880	-0.176070	0.015363	-0.810498	-0.373540	0.451177	0.420365	-0.907347	0.003934	0.407905	0.192847	0.892426
29971	4.485770	-0.016989	9.309772	-0.008043	-0.203497	0.030588	-0.809543	-0.373373	0.453026	0.420536	-0.907268	0.003737	0.409621	0.193539	0.891489
29972	4.411517	-0.071416	9.315543	0.021054	-0.225410	0.059505	-0.808397	-0.373288	0.455138	0.420988	-0.907058	0.003802	0.411417	0.194681	0.890413
29973	3.824902	-0.513142	9.773998	0.081766	-0.256849	0.059623	-0.807092	-0.373275	0.457458	0.421763	-0.906696	0.004272	0.413181	0.196386	0.889221
29974	3.347351	-1.282410	10.256343	0.181351	-0.519398	0.045825	-0.804749	-0.372562	0.462143	0.422826	-0.906193	0.005747	0.416649	0.200030	0.886787
29975	4.184440	-0.933032	10.005721	0.278819	-0.671437	-0.016515	-0.802013	-0.371000	0.468117	0.423817	-0.905710	0.008306	0.420897	0.205057	0.883627
29976	4.060631	-0.810978	10.226351	0.351106	-0.727109	-0.060413	-0.799201	-0.368800	0.474620	0.424715	-0.905251	0.011749	0.425317	0.210968	0.880112
29977	3.769550	-1.067870	10.276490	0.476369	-0.873207	-0.097858	-0.795887	-0.365987	0.482305	0.425929	-0.904608	0.016415	0.430289	0.218492	0.875850
29978	3.585869	-0.726900	10.488654	0.654304	-1.064184	-0.137590	-0.791904	-0.362190	0.491636	0.427542	-0.903705	0.022901	0.436000	0.228330	0.870500
29979	3.153814	-0.752124	10.542056	0.859956	-1.295441	-0.159584	-0.786903	-0.357657	0.502857	0.430016	-0.902283	0.031169	0.442572	0.240763	0.863807
29980	2.620477	-0.393700	10.608191	1.142859	-1.700901	-0.182842	-0.780113	-0.351665	0.517451	0.433595	-0.900131	0.041953	0.451021	0.257092	0.854684
29981	2.347725	-0.383846	10.791304	1.393855	-2.247187	-0.164285	-0.770571	-0.344127	0.536467	0.438644	-0.896997	0.054663	0.462399	0.277440	0.842149
29982	0.658498	0.859571	12.284788	1.721621	-2.822599	-0.102260	-0.757839	-0.334768	0.560009	0.445720	-0.892457	0.069673	0.476459	0.302408	0.825552
29983	-1.886209	1.158003	12.650051	1.266941	-3.845346	-0.016420	-0.739149	-0.322475	0.591328	0.451738	-0.888547	0.080103	0.499592	0.326334	0.802443
29984	-0.836212	1.453475	10.717895	1.131129	-5.422549	0.181185	-0.710366	-0.305407	0.634119	0.458663	-0.884249	0.087937	0.533862	0.353314	0.768219
29985	2.145947	1.967193	11.705911	0.899513	-6.851155	0.457340	-0.670182	-0.284204	0.685627	0.466779	-0.879612	0.091650	0.577039	0.381458	0.722161
29986	4.480068	0.527860	11.556420	0.781355	-7.393444	0.758837	-0.622310	-0.261214	0.737901	0.475950	-0.874672	0.091763	0.621452	0.408309	0.668642
29987	6.117418	0.630253	11.959387	1.066884	-8.004071	0.994172	-0.566044	-0.235950	0.789887	0.488684	-0.867702	0.091003	0.663914	0.437517	0.606462
29988	7.790595	2.011280	12.844239	1.006073	-8.744056	1.148144	-0.500411	-0.205884	0.840953	0.501186	-0.860908	0.087462	0.705976	0.465241	0.533994
29989	12.843266	2.126091	12.262184	1.516546	-9.879893	0.946250	-0.423904	-0.166375	0.890295	0.516535	-0.851860	0.086750	0.743974	0.496642	0.447045
29990	17.022221	9.887426	18.045540	1.072541	-10.325904	1.077248	-0.339537	-0.122725	0.932552	0.528483	-0.845051	0.081208	0.778088	0.520411	0.351784
29991	21.808674	4.972818	20.973093	-0.385924	-9.976633	0.870046	-0.255657	-0.077725	0.963638	0.527983	-0.846212	0.071822	0.809860	0.527147	0.257378
29992	15.640247	6.165074	22.951363	-1.127559	-7.532064	0.772441	-0.189817	-0.044777	0.980798	0.520294	-0.851747	0.061809	0.832625	0.522036	0.184973
29993	2.767793	2.111376	18.366106	-1.315067	-6.664600	0.471663	-0.131286	-0.014252	0.991242	0.509965	-0.858422	0.055201	0.850117	0.512746	0.119967
29994	-7.672598	1.403880	17.599336	-0.689712	-6.817497	0.344887	-0.071404	0.017428	0.997295	0.504251	-0.862040	0.051167	0.860600	0.506541	0.052765
29995	7.593466	-6.757751	3.975537	-0.204624	-7.384703	0.096008	-0.007188	0.053924	0.998519	0.502511	-0.863110	0.050229	0.864541	0.502128	-0.020894
29996	40.875805	6.841703	41.432566	2.495733	-6.539059	-0.071891	0.048312	0.087736	0.994971	0.523731	-0.850441	0.049561	0.850513	0.518703	-0.087037
29997	20.601820	10.035826	30.006822	1.038469	2.486997	-0.285157	0.025712	0.077182	0.996685	0.532638	-0.844764	0.051677	0.845953	0.529544	-0.062831
29998	-1.195718	11.576258	19.018951	-0.452642	2.297449	-0.282988	0.004360	0.067135	0.997734	0.528557	-0.847134	0.054692	0.848887	0.527121	-0.039178
29999	-3.914950	6.652722	15.224749	-1.744221	2.836728	-0.191424	-0.020843	0.054062	0.998320	0.513645	-0.856102	0.057085	0.857750	0.513972	-0.009925
30000	-5.668279	-0.796504	8.682918	-1.923701	2.824822	-0.230669	-0.046835	0.041454	0.998042	0.496677	-0.865909	0.059273	0.866671	0.498481	0.019966
30001	-2.807609	-3.456238	8.228253	-0.770434	2.019857	-0.407927	-0.066376	0.035050	0.997179	0.489744	-0.869575	0.063163	0.869336	0.492555	0.040553
30002	1.635925	-2.858548	10.795356	0.107105	2.619964	-0.543178	-0.092278	0.026531	0.995380	0.489895	-0.869080	0.068581	0.866884	0.493960	0.067199
30003	1.284988	-0.970535	9.572748	0.566607	3.686750	-0.576560	-0.126949	0.013282	0.991820	0.494137	-0.866156	0.074847	0.860065	0.499597	0.103395
30004	1.273234	1.472032	9.380174	0.678248	3.953253	-0.553297	-0.164057	-0.002131	0.986449	0.498736	-0.862954	0.081081	0.851087	0.505279	0.142636
30005	2.363513	2.429603	9.965450	0.252100	4.452579	-0.456585	-0.204027	-0.020666	0.978747	0.500006	-0.861738	0.086034	0.841645	0.506933	0.186151
30006	2.018178	1.375317	8.894072	-0.230729	4.860095	-0.375170	-0.247148	-0.042283	0.968055	0.496799	-0.863277	0.089129	0.831930	0.502957	0.234364
