// General information: 
//  MT Manager version: 2022.2.0 
//  XDA version: 2022.2.0 build 7381 rev 124627 built on 2023-07-19
// Device information: 
//  DeviceId: 00B4CB9F
//  ProductCode: MTW2-3A7G6
//  Firmware Version: 4.6.0
//  Hardware Version: 2.0.0
// Device settings: 
//  Filter Profile: human(46.1)
//  Option Flags: Orientation Smoother Disabled, Position/Velocity Smoother Disabled, Continuous Zero Rotation Update Disabled, AHS Disabled, ICC Disabled
// Coordinate system: ENU
PacketCounter	Acc_X	Acc_Y	Acc_Z	Gyr_X	Gyr_Y	Gyr_Z	Mat[1][1]	Mat[2][1]	Mat[3][1]	Mat[1][2]	Mat[2][2]	Mat[3][2]	Mat[1][3]	Mat[2][3]	Mat[3][3]
65107	9.703727	0.238890	-1.590310	0.021407	-0.025728	-0.018111	-0.147003	-0.071074	0.986579	-0.252667	0.967024	0.032017	-0.956321	-0.244569	-0.160113
65108	9.721195	0.275196	-1.609015	0.014536	-0.016455	-0.024097	-0.147156	-0.071323	0.986538	-0.252843	0.966972	0.032193	-0.956251	-0.244702	-0.160329
65109	9.679036	0.329678	-1.581727	0.023274	-0.013952	-0.017912	-0.147331	-0.071498	0.986500	-0.253160	0.966886	0.032268	-0.956140	-0.244988	-0.160553
65110	9.703176	0.344080	-1.529765	0.006272	-0.007590	-0.016734	-0.147419	-0.071654	0.986475	-0.253247	0.966860	0.032384	-0.956104	-0.245048	-0.160679
65111	9.687053	0.295412	-1.544058	0.005189	0.003222	-0.017793	-0.147321	-0.071789	0.986480	-0.253507	0.966787	0.032497	-0.956050	-0.245292	-0.160627
65112	9.663777	0.309870	-1.435219	-0.015203	-0.000990	-0.019691	-0.147338	-0.071957	0.986465	-0.253393	0.966811	0.032677	-0.956077	-0.245149	-0.160681
65113	9.729952	0.272359	-1.411028	-0.017436	-0.000869	-0.021756	-0.147252	-0.072017	0.986474	-0.253181	0.966863	0.032793	-0.956146	-0.244928	-0.160606
65114	9.717686	0.243047	-1.453594	0.000429	0.006074	-0.021579	-0.147196	-0.072186	0.986470	-0.253220	0.966847	0.032966	-0.956145	-0.244941	-0.160595
65115	9.693386	0.232118	-1.505967	0.004069	0.008125	-0.021150	-0.147113	-0.072193	0.986482	-0.253080	0.966882	0.033017	-0.956195	-0.244801	-0.160512
65116	9.669084	0.221074	-1.558457	0.007592	0.003876	-0.020590	-0.147081	-0.072358	0.986474	-0.253185	0.966849	0.033169	-0.956172	-0.244882	-0.160525
65117	9.642942	0.225808	-1.580381	0.010692	0.005612	-0.024211	-0.146890	-0.072488	0.986493	-0.253405	0.966787	0.033308	-0.956143	-0.245090	-0.160381
65118	9.670877	0.209284	-1.588819	0.025813	-0.006985	-0.020832	-0.146961	-0.072681	0.986468	-0.253685	0.966709	0.033432	-0.956058	-0.245339	-0.160506
65119	9.670748	0.260784	-1.557291	0.025540	-0.014054	-0.015825	-0.147053	-0.072831	0.986444	-0.254097	0.966599	0.033487	-0.955934	-0.245728	-0.160647
65120	9.690015	0.280809	-1.606455	0.021792	-0.022406	-0.016114	-0.147282	-0.073017	0.986396	-0.254331	0.966534	0.033571	-0.955837	-0.245927	-0.160924
65121	9.684070	0.279204	-1.549175	0.015629	-0.021734	-0.018261	-0.147518	-0.073202	0.986347	-0.254561	0.966471	0.033655	-0.955739	-0.246121	-0.161206
65122	9.664074	0.211522	-1.536388	0.018194	-0.018543	-0.014234	-0.147715	-0.073360	0.986306	-0.254759	0.966416	0.033726	-0.955656	-0.246288	-0.161443
65123	9.663809	0.262525	-1.505834	0.026898	-0.021939	-0.010356	-0.147920	-0.073420	0.986270	-0.255048	0.966341	0.033685	-0.955547	-0.246564	-0.161667
65124	9.698831	0.282014	-1.574050	0.030135	-0.023579	-0.009446	-0.148177	-0.073544	0.986222	-0.255352	0.966261	0.033689	-0.955426	-0.246842	-0.161958
65125	9.718115	0.351162	-1.590878	0.042998	-0.014928	-0.005759	-0.148350	-0.073514	0.986199	-0.255697	0.966174	0.033558	-0.955307	-0.247190	-0.162129
65126	9.705710	0.369514	-1.602647	0.042009	-0.013407	-0.004591	-0.148523	-0.073566	0.986169	-0.256108	0.966068	0.033495	-0.955170	-0.247591	-0.162324
65127	9.721346	0.369702	-1.622449	0.034008	-0.008930	-0.009285	-0.148525	-0.073632	0.986164	-0.256620	0.965933	0.033473	-0.955032	-0.248097	-0.162360
65128	9.717561	0.401874	-1.562146	0.022582	-0.009498	-0.012311	-0.148640	-0.073749	0.986138	-0.256856	0.965868	0.033518	-0.954951	-0.248313	-0.162509
65129	9.706981	0.355439	-1.636090	0.013282	-0.000893	-0.015513	-0.148623	-0.073821	0.986135	-0.257033	0.965820	0.033562	-0.954906	-0.248481	-0.162518
65130	9.675121	0.306645	-1.631756	0.004843	-0.006030	-0.022019	-0.148680	-0.074023	0.986111	-0.257114	0.965792	0.033731	-0.954875	-0.248528	-0.162627
65131	9.671347	0.239889	-1.635351	-0.003515	0.006587	-0.021658	-0.148601	-0.074221	0.986108	-0.257282	0.965741	0.033917	-0.954842	-0.248667	-0.162606
65132	9.641432	0.225744	-1.628840	-0.003885	-0.006773	-0.016497	-0.148679	-0.074372	0.986085	-0.257272	0.965739	0.034046	-0.954833	-0.248630	-0.162719
65133	9.667486	0.224828	-1.607226	0.010323	-0.007779	-0.019042	-0.148661	-0.074528	0.986076	-0.257570	0.965656	0.034153	-0.954755	-0.248906	-0.162752
65134	9.679555	0.258067	-1.565205	0.016201	-0.005837	-0.016551	-0.148730	-0.074676	0.986054	-0.257752	0.965604	0.034250	-0.954695	-0.249064	-0.162862
65135	9.711137	0.259525	-1.602702	0.024800	0.000066	-0.014911	-0.148539	-0.074807	0.986073	-0.258362	0.965438	0.034323	-0.954560	-0.249665	-0.162733
65136	9.684924	0.313085	-1.592541	0.042194	0.002966	-0.011822	-0.148535	-0.074888	0.986067	-0.258786	0.965325	0.034331	-0.954446	-0.250081	-0.162765
65137	9.688565	0.332243	-1.621277	0.041581	0.002260	-0.013427	-0.148545	-0.074896	0.986065	-0.259128	0.965235	0.034277	-0.954352	-0.250425	-0.162789
65138	9.702616	0.298482	-1.641296	0.049568	0.007459	-0.013394	-0.148495	-0.074981	0.986067	-0.259624	0.965101	0.034289	-0.954225	-0.250915	-0.162779
65139	9.642967	0.267201	-1.627750	0.038519	0.004649	-0.019189	-0.148406	-0.075054	0.986074	-0.260048	0.964986	0.034311	-0.954123	-0.251335	-0.162728
65140	9.643003	0.268261	-1.627358	0.035124	0.005526	-0.015227	-0.148369	-0.075161	0.986072	-0.260409	0.964887	0.034364	-0.954030	-0.251684	-0.162732
65141	9.686850	0.301165	-1.621785	0.038969	-0.001323	-0.014978	-0.148440	-0.075206	0.986058	-0.260722	0.964803	0.034337	-0.953934	-0.251990	-0.162823
65142	9.686874	0.251543	-1.654035	0.041316	0.004866	-0.013058	-0.148415	-0.075294	0.986055	-0.261139	0.964690	0.034358	-0.953824	-0.252398	-0.162836
65143	9.702717	0.302552	-1.639957	0.043644	0.005133	-0.013417	-0.148458	-0.075317	0.986046	-0.261474	0.964600	0.034312	-0.953725	-0.252732	-0.162896
65144	9.690511	0.321409	-1.650172	0.042468	-0.000019	-0.009665	-0.148488	-0.075385	0.986037	-0.261896	0.964486	0.034298	-0.953605	-0.253147	-0.162958
65145	9.699049	0.335236	-1.578550	0.048302	0.005666	-0.014132	-0.148391	-0.075443	0.986047	-0.262469	0.964331	0.034282	-0.953462	-0.253720	-0.162900
65146	9.683386	0.285540	-1.591352	0.034959	0.014424	-0.015023	-0.148270	-0.075525	0.986059	-0.262828	0.964232	0.034333	-0.953382	-0.254073	-0.162816
65147	9.706762	0.323544	-1.665958	0.036167	0.025497	-0.016489	-0.148042	-0.075564	0.986090	-0.263239	0.964119	0.034360	-0.953304	-0.254490	-0.162621
65148	9.659563	0.323984	-1.608080	0.047142	0.022022	-0.010506	-0.147860	-0.075583	0.986116	-0.263707	0.963991	0.034347	-0.953203	-0.254967	-0.162467
65149	9.679382	0.342750	-1.653582	0.056447	0.023092	-0.011944	-0.147554	-0.075533	0.986166	-0.264329	0.963823	0.034271	-0.953078	-0.255615	-0.162182
65150	9.691948	0.324758	-1.641052	0.050976	0.024826	-0.014923	-0.147333	-0.075587	0.986194	-0.264840	0.963682	0.034295	-0.952970	-0.256131	-0.162001
65151	9.656925	0.307137	-1.572728	0.030937	0.024241	-0.017350	-0.147148	-0.075606	0.986221	-0.265110	0.963607	0.034317	-0.952924	-0.256407	-0.161837
65152	9.655484	0.273815	-1.572192	0.017914	0.020734	-0.013898	-0.146969	-0.075660	0.986243	-0.265304	0.963551	0.034384	-0.952898	-0.256601	-0.161685
65153	9.673395	0.309273	-1.587183	0.023186	0.021981	-0.013004	-0.146784	-0.075705	0.986267	-0.265634	0.963459	0.034421	-0.952834	-0.256934	-0.161530
65154	9.667937	0.358134	-1.493622	0.013804	0.020536	-0.009128	-0.146619	-0.075714	0.986291	-0.265783	0.963417	0.034448	-0.952818	-0.257088	-0.161379
65155	9.724432	0.322043	-1.507749	0.003201	0.023596	-0.006210	-0.146470	-0.075661	0.986317	-0.265829	0.963405	0.034428	-0.952828	-0.257149	-0.161223
65156	9.698426	0.375537	-1.495608	0.006016	0.027926	-0.009492	-0.146234	-0.075655	0.986353	-0.265903	0.963383	0.034471	-0.952844	-0.257234	-0.160996
65157	9.741093	0.323553	-1.520985	0.014317	0.030525	-0.009774	-0.145952	-0.075606	0.986398	-0.266099	0.963329	0.034464	-0.952832	-0.257450	-0.160718
65158	9.721076	0.328694	-1.599671	0.034479	0.037415	-0.007470	-0.145631	-0.075555	0.986450	-0.266442	0.963235	0.034441	-0.952786	-0.257816	-0.160408
65159	9.717720	0.360888	-1.535061	0.046738	0.039469	-0.007635	-0.145309	-0.075491	0.986502	-0.266939	0.963100	0.034381	-0.952696	-0.258340	-0.160098
65160	9.688705	0.294582	-1.556960	0.031644	0.036802	-0.011139	-0.144984	-0.075476	0.986551	-0.267261	0.963010	0.034399	-0.952655	-0.258679	-0.159792
65161	9.661142	0.313505	-1.545331	0.031353	0.039409	-0.010802	-0.144544	-0.075359	0.986625	-0.267603	0.962917	0.034343	-0.952626	-0.259060	-0.159350
65162	9.679005	0.399127	-1.526905	0.023358	0.034200	-0.010848	-0.144244	-0.075348	0.986669	-0.267845	0.962849	0.034372	-0.952603	-0.259316	-0.159067
65163	9.702172	0.328776	-1.504216	0.007161	0.032687	-0.010791	-0.143906	-0.075246	0.986726	-0.267907	0.962832	0.034352	-0.952637	-0.259408	-0.158717
65164	9.748516	0.345679	-1.525375	0.013265	0.047245	-0.008597	-0.143488	-0.075180	0.986792	-0.268050	0.962792	0.034375	-0.952660	-0.259577	-0.158301
65165	9.705170	0.364459	-1.494051	0.009250	0.053349	-0.003999	-0.143007	-0.074941	0.986880	-0.268073	0.962789	0.034265	-0.952725	-0.259656	-0.157776
65166	9.688364	0.330243	-1.471483	0.006741	0.061984	-0.003469	-0.142462	-0.074786	0.986971	-0.268146	0.962769	0.034247	-0.952787	-0.259773	-0.157212
65167	9.691383	0.314554	-1.495753	0.000978	0.066315	-0.006137	-0.141732	-0.074631	0.987088	-0.268372	0.962706	0.034253	-0.952832	-0.260052	-0.156475
65168	9.715452	0.193465	-1.501624	0.001702	0.067395	-0.006939	-0.141126	-0.074496	0.987185	-0.268402	0.962697	0.034278	-0.952913	-0.260125	-0.155856
65169	9.744264	0.226338	-1.470376	0.011259	0.081063	-0.008636	-0.140342	-0.074355	0.987307	-0.268679	0.962619	0.034304	-0.952951	-0.260455	-0.155074
65170	9.663526	0.215385	-1.501472	-0.000065	0.077108	-0.007198	-0.139643	-0.074197	0.987418	-0.268693	0.962614	0.034334	-0.953050	-0.260518	-0.154358
65171	9.696025	0.266272	-1.500142	0.010850	0.052162	-0.001012	-0.139232	-0.073986	0.987492	-0.268743	0.962603	0.034230	-0.953096	-0.260616	-0.153909
65172	9.716090	0.335191	-1.511220	0.012344	0.039124	-0.002658	-0.138907	-0.073883	0.987546	-0.268869	0.962570	0.034196	-0.953108	-0.260770	-0.153572
65173	9.735026	0.319045	-1.555683	0.024136	0.052693	-0.002260	-0.138450	-0.073753	0.987619	-0.269208	0.962477	0.034136	-0.953078	-0.261149	-0.153110
65174	9.637492	0.358140	-1.538848	0.010285	0.061084	-0.007284	-0.137903	-0.073637	0.987705	-0.269321	0.962445	0.034151	-0.953126	-0.261300	-0.152556
65175	9.630362	0.322378	-1.476242	-0.019464	0.034584	-0.010284	-0.137564	-0.073533	0.987760	-0.269124	0.962499	0.034171	-0.953230	-0.261129	-0.152195
65176	9.705635	0.270730	-1.536871	-0.015785	0.042576	-0.007542	-0.137192	-0.073467	0.987816	-0.268989	0.962535	0.034228	-0.953322	-0.261015	-0.151814
65177	9.690270	0.271641	-1.513852	-0.026279	0.051926	-0.004825	-0.136774	-0.073328	0.987885	-0.268734	0.962605	0.034245	-0.953454	-0.260795	-0.151365
65178	9.741645	0.256774	-1.593886	-0.029178	0.060581	-0.010756	-0.136222	-0.073246	0.987967	-0.268475	0.962674	0.034353	-0.953606	-0.260565	-0.150802
65179	9.707145	0.189321	-1.553782	-0.033992	0.068943	-0.009861	-0.135563	-0.073117	0.988067	-0.268246	0.962735	0.034439	-0.953764	-0.260376	-0.150124
65180	9.635572	0.227281	-1.513581	-0.017596	0.061559	-0.010006	-0.135003	-0.073026	0.988150	-0.268096	0.962773	0.034523	-0.953886	-0.260259	-0.149556
65181	9.670353	0.189125	-1.446136	-0.007628	0.044439	-0.002850	-0.134762	-0.072874	0.988195	-0.267880	0.962835	0.034473	-0.953981	-0.260072	-0.149275
65182	9.647470	0.175537	-1.495164	0.008165	0.042271	-0.002330	-0.134407	-0.072759	0.988251	-0.267966	0.962813	0.034442	-0.954007	-0.260188	-0.148906
65183	9.665828	0.210046	-1.508233	0.025259	0.035972	-0.003291	-0.134035	-0.072651	0.988310	-0.268355	0.962707	0.034375	-0.953950	-0.260611	-0.148532
65184	9.675984	0.207834	-1.464317	0.022785	0.023480	-0.005097	-0.133852	-0.072612	0.988338	-0.268584	0.962644	0.034349	-0.953911	-0.260854	-0.148354
65185	9.719908	0.240248	-1.456418	0.027323	0.017725	-0.005634	-0.133714	-0.072575	0.988359	-0.268933	0.962548	0.034296	-0.953832	-0.261216	-0.148224
65186	9.770335	0.275116	-1.507488	0.026788	0.032576	-0.009617	-0.133432	-0.072555	0.988399	-0.269206	0.962471	0.034310	-0.953795	-0.261505	-0.147957
65187	9.652951	0.245590	-1.477729	0.018734	0.042560	-0.009679	-0.133030	-0.072443	0.988461	-0.269392	0.962420	0.034279	-0.953798	-0.261724	-0.147546
65188	9.723700	0.225677	-1.477483	0.021716	0.028347	-0.008451	-0.132791	-0.072422	0.988495	-0.269615	0.962357	0.034288	-0.953768	-0.261960	-0.147319
65189	9.693480	0.260162	-1.436236	0.038166	0.038751	-0.001707	-0.132479	-0.072228	0.988551	-0.269914	0.962279	0.034137	-0.953727	-0.262302	-0.146977
65190	9.661648	0.260064	-1.396199	0.032697	0.034542	-0.007024	-0.132185	-0.072178	0.988594	-0.270240	0.962188	0.034116	-0.953676	-0.262648	-0.146693
65191	9.731465	0.290448	-1.364539	0.024252	0.025640	-0.006679	-0.131933	-0.072122	0.988631	-0.270578	0.962095	0.034078	-0.953615	-0.263006	-0.146447
65192	9.720530	0.258451	-1.404858	0.021499	0.021682	-0.005865	-0.131765	-0.072094	0.988656	-0.270796	0.962034	0.034062	-0.953576	-0.263236	-0.146285
65193	9.755678	0.242671	-1.469714	0.030946	0.023128	-0.009629	-0.131677	-0.072109	0.988667	-0.271085	0.961953	0.034056	-0.953506	-0.263529	-0.146215
65194	9.707457	0.243082	-1.412481	0.047602	0.028341	-0.010011	-0.131434	-0.072103	0.988699	-0.271557	0.961820	0.034043	-0.953405	-0.264014	-0.145996
65195	9.698272	0.245516	-1.450799	0.048038	0.032027	-0.010474	-0.131181	-0.072089	0.988734	-0.272083	0.961672	0.034017	-0.953290	-0.264556	-0.145768
65196	9.683390	0.195061	-1.461480	0.054518	0.028785	-0.008558	-0.130938	-0.072068	0.988768	-0.272619	0.961522	0.033980	-0.953170	-0.265108	-0.145547
65197	9.650389	0.245811	-1.391046	0.049302	0.018262	-0.007263	-0.130740	-0.072017	0.988797	-0.273193	0.961362	0.033897	-0.953033	-0.265701	-0.145364
65198	9.738701	0.259730	-1.409234	0.057218	0.017182	-0.006962	-0.130613	-0.072011	0.988815	-0.273753	0.961205	0.033841	-0.952890	-0.266271	-0.145259
65199	9.745654	0.261683	-1.466645	0.059521	0.026714	-0.009519	-0.130344	-0.071977	0.988853	-0.274437	0.961012	0.033776	-0.952730	-0.266976	-0.145015
65200	9.743518	0.278126	-1.433543	0.055110	0.032829	-0.011416	-0.130055	-0.071972	0.988891	-0.274983	0.960856	0.033767	-0.952612	-0.267536	-0.144755
65201	9.697828	0.262492	-1.406145	0.043551	0.031838	-0.012182	-0.129728	-0.071936	0.988937	-0.275490	0.960712	0.033744	-0.952510	-0.268065	-0.144448
65202	9.668338	0.246998	-1.397086	0.038281	0.030578	-0.013133	-0.129455	-0.071953	0.988971	-0.275877	0.960599	0.033777	-0.952435	-0.268462	-0.144204
65203	9.667114	0.213411	-1.395731	0.036651	0.025453	-0.015883	-0.129213	-0.072009	0.988999	-0.276351	0.960461	0.033826	-0.952331	-0.268940	-0.144004
65204	9.657908	0.216232	-1.434780	0.048101	0.020150	-0.014937	-0.129035	-0.072071	0.989018	-0.276834	0.960321	0.033862	-0.952215	-0.269425	-0.143866
65205	9.704275	0.232560	-1.457553	0.075585	0.015663	-0.008990	-0.128854	-0.072059	0.989042	-0.277703	0.960073	0.033769	-0.951986	-0.270309	-0.143720
65206	9.754918	0.279123	-1.378680	0.071240	0.018449	-0.006370	-0.128715	-0.072043	0.989061	-0.278395	0.959876	0.033687	-0.951803	-0.271014	-0.143607
65207	9.693825	0.212138	-1.365792	0.062441	0.021410	-0.007957	-0.128526	-0.072045	0.989086	-0.279126	0.959665	0.033631	-0.951614	-0.271757	-0.143451
65208	9.767534	0.260412	-1.364059	0.069969	0.022585	-0.004869	-0.128352	-0.072003	0.989111	-0.279804	0.959471	0.033536	-0.951439	-0.272453	-0.143297
65209	9.730078	0.280099	-1.395678	0.073481	0.027616	-0.006463	-0.128155	-0.071997	0.989137	-0.280631	0.959232	0.033461	-0.951222	-0.273294	-0.143135
65210	9.694795	0.211640	-1.358964	0.062376	0.028038	-0.016962	-0.127896	-0.072056	0.989167	-0.281252	0.959049	0.033497	-0.951073	-0.273921	-0.142924
65211	9.693533	0.178120	-1.357862	0.056361	0.019757	-0.019378	-0.127694	-0.072128	0.989187	-0.281871	0.958866	0.033530	-0.950917	-0.274542	-0.142772
65212	9.720964	0.211489	-1.332314	0.062915	0.013214	-0.012888	-0.127587	-0.072188	0.989197	-0.282492	0.958684	0.033526	-0.950747	-0.275163	-0.142708
65213	9.784742	0.176722	-1.404511	0.074494	0.023463	-0.014315	-0.127390	-0.072229	0.989219	-0.283292	0.958449	0.033500	-0.950535	-0.275970	-0.142558
65214	9.699568	0.146822	-1.413081	0.083703	0.021560	-0.019939	-0.127183	-0.072334	0.989238	-0.284119	0.958202	0.033536	-0.950316	-0.276796	-0.142419
65215	9.727009	0.180364	-1.387372	0.090750	0.016426	-0.023127	-0.127028	-0.072497	0.989246	-0.285118	0.957904	0.033589	-0.950038	-0.277785	-0.142351
65216	9.679871	0.216301	-1.330318	0.099031	0.018687	-0.020812	-0.126846	-0.072618	0.989261	-0.286092	0.957613	0.033611	-0.949769	-0.278756	-0.142245
65217	9.669482	0.269602	-1.338988	0.097016	0.015806	-0.020776	-0.126582	-0.072665	0.989291	-0.287152	0.957297	0.033573	-0.949484	-0.279827	-0.142042
65218	9.692868	0.371177	-1.252771	0.083618	0.012614	-0.026440	-0.126441	-0.072856	0.989295	-0.287986	0.957042	0.033673	-0.949251	-0.280645	-0.141991
65219	9.718866	0.456651	-1.196959	0.074976	0.012606	-0.025959	-0.126374	-0.072974	0.989295	-0.288620	0.956850	0.033712	-0.949067	-0.281270	-0.141983
65220	9.736942	0.578404	-1.181300	0.052608	0.017957	-0.028626	-0.126176	-0.073170	0.989306	-0.289162	0.956680	0.033878	-0.948928	-0.281795	-0.141868
65221	9.697971	0.651844	-1.182843	0.035345	0.021581	-0.034676	-0.125879	-0.073414	0.989325	-0.289711	0.956506	0.034117	-0.948800	-0.282323	-0.141673
65222	9.665307	0.655707	-1.145117	0.029855	0.011364	-0.042257	-0.125703	-0.073760	0.989322	-0.290054	0.956390	0.034450	-0.948719	-0.282626	-0.141616
65223	9.770481	0.636934	-1.082293	0.010647	0.006495	-0.052985	-0.125580	-0.074163	0.989308	-0.290157	0.956344	0.034860	-0.948704	-0.282677	-0.141616
65224	9.809443	0.571914	-1.077041	-0.038620	0.032496	-0.062644	-0.125144	-0.074643	0.989327	-0.289876	0.956406	0.035492	-0.948847	-0.282341	-0.141326
65225	9.756853	0.461753	-1.151250	-0.087159	0.052620	-0.061591	-0.124523	-0.075015	0.989377	-0.289143	0.956603	0.036138	-0.949152	-0.281572	-0.140810
65226	9.763778	0.398478	-1.105703	-0.117250	0.061986	-0.060230	-0.123816	-0.075390	0.989437	-0.288112	0.956887	0.036856	-0.949558	-0.280505	-0.140199
65227	9.879921	0.196136	-1.188869	-0.144985	0.092752	-0.056906	-0.122800	-0.075626	0.989546	-0.286895	0.957226	0.037553	-0.950059	-0.279284	-0.139244
65228	9.803403	0.002894	-1.312628	-0.130264	0.119567	-0.059315	-0.121549	-0.075833	0.989684	-0.285736	0.957543	0.038277	-0.950569	-0.278136	-0.138057
65229	9.666456	-0.124089	-1.262293	-0.094687	0.087063	-0.057309	-0.120562	-0.076118	0.989783	-0.285074	0.957715	0.038927	-0.950893	-0.277469	-0.137163
65230	9.692948	-0.119362	-1.232545	-0.029535	0.050811	-0.058473	-0.119967	-0.076509	0.989825	-0.284871	0.957751	0.039504	-0.951029	-0.277234	-0.136694
65231	9.627334	-0.075615	-1.255566	0.028909	0.035931	-0.063689	-0.119503	-0.076982	0.989845	-0.285302	0.957601	0.040030	-0.950958	-0.277621	-0.136399
65232	9.664370	0.033809	-1.285353	0.051940	0.032400	-0.073072	-0.119041	-0.077564	0.989855	-0.285890	0.957400	0.040639	-0.950840	-0.278152	-0.136145
65233	9.660552	0.179589	-1.319354	0.049918	0.035453	-0.070788	-0.118497	-0.078076	0.989880	-0.286574	0.957172	0.041191	-0.950702	-0.278793	-0.135797
65234	9.631638	0.289286	-1.277014	0.053189	0.033854	-0.069774	-0.118030	-0.078622	0.989893	-0.287170	0.956969	0.041766	-0.950580	-0.279338	-0.135529
65235	9.656077	0.416883	-1.318129	0.023988	0.035312	-0.069437	-0.117593	-0.079152	0.989903	-0.287524	0.956837	0.042352	-0.950527	-0.279640	-0.135275
65236	9.673503	0.337837	-1.364773	-0.010947	0.037723	-0.067375	-0.117095	-0.079664	0.989920	-0.287506	0.956813	0.042991	-0.950594	-0.279574	-0.134942
65237	9.773902	0.221746	-1.401459	-0.046935	0.044954	-0.068696	-0.116565	-0.080161	0.989943	-0.287190	0.956878	0.043667	-0.950755	-0.279212	-0.134560
65238	9.756053	-0.007992	-1.545317	-0.063229	0.055201	-0.064396	-0.115910	-0.080596	0.989984	-0.286672	0.957002	0.044346	-0.950991	-0.278661	-0.134031
65239	9.619773	-0.184483	-1.632552	-0.032310	0.046372	-0.055166	-0.115253	-0.080941	0.990033	-0.286662	0.956981	0.044868	-0.951074	-0.278634	-0.133498
65240	9.640491	-0.233204	-1.578421	0.018362	0.010884	-0.051693	-0.115056	-0.081378	0.990020	-0.286904	0.956887	0.045312	-0.951025	-0.278828	-0.133444
65241	9.628410	-0.211347	-1.589302	0.066042	-0.007782	-0.042711	-0.114978	-0.081732	0.990000	-0.287741	0.956624	0.045559	-0.950782	-0.279625	-0.133508
65242	9.672359	-0.140993	-1.582812	0.103236	-0.010198	-0.042585	-0.115006	-0.082141	0.989963	-0.288779	0.956300	0.045800	-0.950463	-0.280614	-0.133701
65243	9.650149	0.049222	-1.472048	0.129344	-0.021894	-0.048316	-0.115070	-0.082581	0.989919	-0.290180	0.955865	0.046010	-0.950029	-0.281961	-0.133955
65244	9.619228	0.203474	-1.304432	0.152125	-0.033003	-0.041317	-0.115318	-0.083042	0.989851	-0.291681	0.955401	0.046171	-0.949539	-0.283397	-0.134396
65245	9.649526	0.460553	-1.148208	0.143973	-0.034692	-0.054809	-0.115556	-0.083594	0.989777	-0.293144	0.954940	0.046428	-0.949059	-0.284783	-0.134854
65246	9.741562	0.581254	-1.067458	0.095415	-0.023477	-0.062874	-0.115649	-0.084234	0.989712	-0.294131	0.954615	0.046878	-0.948742	-0.285684	-0.135176
65247	9.794392	0.533320	-1.052860	0.052106	0.010515	-0.070160	-0.115376	-0.084774	0.989698	-0.294731	0.954404	0.047392	-0.948589	-0.286227	-0.135101
65248	9.717549	0.472487	-1.021585	0.017243	0.031982	-0.077542	-0.114899	-0.085395	0.989700	-0.294993	0.954288	0.048092	-0.948566	-0.286428	-0.134837
65249	9.839999	0.409702	-1.104319	0.003334	0.046117	-0.080551	-0.114229	-0.085990	0.989726	-0.295302	0.954156	0.048817	-0.948551	-0.286692	-0.134386
65250	9.764510	0.301175	-1.201108	-0.009698	0.061666	-0.086761	-0.113443	-0.086614	0.989762	-0.295318	0.954108	0.049646	-0.948640	-0.286662	-0.133815
65251	9.704931	0.241740	-1.183672	-0.003058	0.064803	-0.084894	-0.112622	-0.087201	0.989804	-0.295524	0.954004	0.050422	-0.948674	-0.286833	-0.133212
65252	9.705799	0.166774	-1.309448	0.011401	0.067237	-0.091456	-0.111768	-0.087854	0.989843	-0.295744	0.953890	0.051269	-0.948706	-0.287010	-0.132597
65253	9.633447	0.161657	-1.403979	0.041931	0.045938	-0.088203	-0.111099	-0.088474	0.989863	-0.296303	0.953678	0.051984	-0.948610	-0.287524	-0.132167
65254	9.645535	0.188306	-1.489142	0.067747	0.027351	-0.088841	-0.110630	-0.089215	0.989849	-0.297053	0.953404	0.052730	-0.948430	-0.288205	-0.131977
65255	9.675920	0.247173	-1.492749	0.070596	0.009850	-0.089394	-0.110309	-0.089919	0.989822	-0.297803	0.953133	0.053398	-0.948233	-0.288882	-0.131917
65256	9.625504	0.220061	-1.439664	0.075976	-0.010300	-0.088143	-0.110198	-0.090761	0.989757	-0.298630	0.952833	0.054126	-0.947986	-0.289606	-0.132104
65257	9.657495	0.192975	-1.477627	0.077972	-0.013691	-0.087907	-0.110057	-0.091563	0.989699	-0.299614	0.952485	0.054803	-0.947692	-0.290496	-0.132261
65258	9.629516	0.216515	-1.372255	0.084487	-0.022508	-0.096899	-0.110033	-0.092524	0.989612	-0.300530	0.952150	0.055606	-0.947404	-0.291290	-0.132575
65259	9.698990	0.290190	-1.243870	0.090818	-0.016740	-0.094695	-0.109943	-0.093438	0.989536	-0.301666	0.951747	0.056353	-0.947054	-0.292313	-0.132825
65260	9.659129	0.366838	-1.148725	0.072791	-0.005216	-0.102257	-0.109738	-0.094399	0.989468	-0.302477	0.951437	0.057224	-0.946819	-0.293011	-0.132962
65261	9.755093	0.356797	-1.127114	0.067149	0.001996	-0.100696	-0.109503	-0.095260	0.989411	-0.303200	0.951159	0.058021	-0.946614	-0.293636	-0.133038
65262	9.780760	0.400098	-1.102460	0.061869	0.019438	-0.108616	-0.109044	-0.096209	0.989370	-0.303914	0.950873	0.058969	-0.946438	-0.294253	-0.132926
65263	9.769419	0.343400	-1.242921	0.049924	0.036380	-0.111659	-0.108404	-0.097077	0.989356	-0.304561	0.950607	0.059904	-0.946304	-0.294826	-0.132615
65264	9.671731	0.373747	-1.362294	0.065774	0.037427	-0.112835	-0.107760	-0.098011	0.989334	-0.305315	0.950303	0.060889	-0.946134	-0.295497	-0.132329
65265	9.664390	0.417819	-1.300423	0.064602	0.011093	-0.117637	-0.107410	-0.099038	0.989270	-0.306080	0.949993	0.061873	-0.945927	-0.296150	-0.132352
65266	9.651389	0.446087	-1.311686	0.057782	-0.001750	-0.121129	-0.107110	-0.100166	0.989189	-0.306766	0.949701	0.062951	-0.945739	-0.296707	-0.132450
65267	9.608789	0.457593	-1.318053	0.038098	-0.014615	-0.122085	-0.106876	-0.101280	0.989101	-0.307361	0.949438	0.064007	-0.945572	-0.297171	-0.132601
65268	9.628818	0.347475	-1.268343	0.024988	-0.021024	-0.125694	-0.106742	-0.102508	0.988988	-0.307742	0.949235	0.065173	-0.945463	-0.297396	-0.132870
65269	9.636591	0.255151	-1.229472	0.024466	-0.003235	-0.125416	-0.106419	-0.103645	0.988905	-0.308241	0.948996	0.066292	-0.945337	-0.297766	-0.132939
65270	9.752980	0.231746	-1.255603	0.045467	-0.004348	-0.118675	-0.106149	-0.104757	0.988817	-0.308807	0.948737	0.067361	-0.945183	-0.298203	-0.133057
65271	9.784190	0.209223	-1.393029	0.073380	-0.001574	-0.114884	-0.105782	-0.105789	0.988746	-0.309839	0.948332	0.068316	-0.944886	-0.299126	-0.133094
65272	9.645456	0.305840	-1.420753	0.126850	-0.011589	-0.113332	-0.105594	-0.106871	0.988650	-0.311168	0.947831	0.069223	-0.944471	-0.300326	-0.133340
65273	9.549553	0.435313	-1.344770	0.137455	-0.049270	-0.116647	-0.105804	-0.108040	0.988500	-0.312579	0.947303	0.070081	-0.943981	-0.301570	-0.133999
65274	9.604297	0.668460	-1.231900	0.165281	-0.068135	-0.125191	-0.106109	-0.109404	0.988318	-0.314282	0.946667	0.071051	-0.943381	-0.303071	-0.134834
65275	9.519799	0.953993	-1.147968	0.159638	-0.067255	-0.123375	-0.106405	-0.110686	0.988143	-0.315967	0.946038	0.071946	-0.942785	-0.304565	-0.135637
65276	9.502460	1.102975	-1.036431	0.093677	-0.068661	-0.146536	-0.106643	-0.112254	0.987940	-0.317016	0.945589	0.073222	-0.942405	-0.305385	-0.136427
65277	9.565187	1.202673	-0.884276	0.035631	-0.062188	-0.154075	-0.106778	-0.113821	0.987747	-0.317598	0.945287	0.074595	-0.942194	-0.305741	-0.137085
65278	9.552760	1.338133	-0.699133	-0.031193	-0.040144	-0.166200	-0.106683	-0.115487	0.987563	-0.317492	0.945192	0.076234	-0.942241	-0.305410	-0.137502
65279	9.529988	1.372092	-0.653138	-0.115316	-0.018267	-0.179956	-0.106396	-0.117168	0.987396	-0.316598	0.945342	0.078063	-0.942574	-0.304302	-0.137676
65280	9.571204	1.562690	-0.444473	-0.191127	-0.000247	-0.191040	-0.105850	-0.118948	0.987242	-0.315009	0.945697	0.080168	-0.943168	-0.302504	-0.137572
65281	9.633571	1.617985	-0.511455	-0.296927	0.023510	-0.192542	-0.105056	-0.120617	0.987124	-0.312468	0.946349	0.082380	-0.944101	-0.299791	-0.137109
65282	9.604732	1.556010	-0.857884	-0.344924	0.062847	-0.204071	-0.103882	-0.122334	0.987037	-0.309434	0.947130	0.084821	-0.945230	-0.296611	-0.136244
65283	9.483461	1.476710	-1.023040	-0.413659	0.064976	-0.218378	-0.102618	-0.124139	0.986944	-0.305826	0.948063	0.087450	-0.946541	-0.292859	-0.135254
65284	9.352040	1.279045	-1.202457	-0.507316	0.051234	-0.218489	-0.101524	-0.126035	0.986817	-0.301254	0.949264	0.090245	-0.948124	-0.288120	-0.134342
65285	9.328302	1.223064	-1.346054	-0.577994	0.058238	-0.218496	-0.100397	-0.127892	0.986694	-0.296069	0.950619	0.093091	-0.949876	-0.282783	-0.133304
65286	9.268161	1.117400	-1.525649	-0.624295	0.065754	-0.206409	-0.099221	-0.129642	0.986584	-0.290350	0.952102	0.095911	-0.951763	-0.276939	-0.132110
65287	9.220657	1.000320	-1.795156	-0.666001	0.073821	-0.207297	-0.097897	-0.131384	0.986486	-0.284454	0.953588	0.098774	-0.953678	-0.270940	-0.130726
65288	9.415602	0.744675	-1.820574	-0.727255	0.067549	-0.201760	-0.096738	-0.133099	0.986370	-0.277718	0.955268	0.101665	-0.955779	-0.264098	-0.129375
65289	9.702142	0.436742	-1.770412	-0.750958	0.069449	-0.187849	-0.095526	-0.134652	0.986278	-0.270856	0.956941	0.104413	-0.957868	-0.257165	-0.127884
65290	9.893970	0.324095	-1.896086	-0.711718	0.060810	-0.149832	-0.094595	-0.135902	0.986196	-0.264186	0.958546	0.106751	-0.959822	-0.250441	-0.126577
65291	9.931996	0.244516	-1.830843	-0.650720	0.042199	-0.133440	-0.093823	-0.137012	0.986116	-0.258194	0.959946	0.108811	-0.961527	-0.244400	-0.125440
65292	9.815175	0.385239	-1.822620	-0.564806	0.014638	-0.118667	-0.093431	-0.138086	0.986004	-0.252882	0.961150	0.110642	-0.962975	-0.239005	-0.124721
65293	9.755516	0.703125	-1.643869	-0.539291	-0.043543	-0.121725	-0.093623	-0.139290	0.985816	-0.247851	0.962253	0.112423	-0.964264	-0.233810	-0.124612
65294	9.784438	0.848473	-1.469553	-0.496873	-0.072619	-0.117728	-0.094087	-0.140560	0.985591	-0.243179	0.963240	0.114158	-0.965407	-0.228935	-0.124810
65295	9.817518	1.002662	-1.223981	-0.492657	-0.086757	-0.116099	-0.094678	-0.141808	0.985356	-0.238631	0.964178	0.115831	-0.966484	-0.224169	-0.125127
65296	9.792494	0.977054	-1.155168	-0.475452	-0.113353	-0.104883	-0.095579	-0.143039	0.985091	-0.234145	0.965085	0.117416	-0.967492	-0.219432	-0.125734
65297	9.830866	0.987724	-0.926225	-0.392539	-0.137015	-0.094219	-0.096678	-0.144155	0.984821	-0.230477	0.965805	0.118746	-0.968263	-0.215499	-0.126597
65298	9.916946	0.923378	-0.833185	-0.314388	-0.154673	-0.085539	-0.098032	-0.145280	0.984522	-0.227528	0.966356	0.119944	-0.968825	-0.212248	-0.127789
65299	9.893681	0.767866	-0.756512	-0.225599	-0.173735	-0.091105	-0.099534	-0.146429	0.984201	-0.225416	0.966716	0.121031	-0.969165	-0.209808	-0.129228
65300	9.836839	0.818415	-0.685455	-0.082874	-0.208542	-0.087113	-0.101410	-0.147675	0.983823	-0.224713	0.966764	0.121951	-0.969134	-0.208711	-0.131224
65301	9.834003	0.974209	-0.621643	0.073363	-0.260553	-0.087257	-0.103682	-0.148973	0.983391	-0.225600	0.966472	0.122624	-0.968687	-0.209139	-0.133814
65302	9.768872	1.080932	-0.626467	0.226799	-0.291437	-0.086347	-0.106360	-0.150386	0.982889	-0.227898	0.965869	0.123121	-0.967858	-0.210904	-0.137002
65303	9.589945	1.110415	-0.616382	0.339631	-0.325323	-0.085548	-0.109298	-0.151844	0.982343	-0.231464	0.964984	0.123408	-0.966684	-0.213889	-0.140617
65304	9.545919	1.169126	-0.681558	0.433663	-0.334517	-0.081006	-0.112391	-0.153314	0.981765	-0.235755	0.963928	0.123540	-0.965292	-0.217571	-0.144482
65305	9.457014	1.209733	-0.593372	0.495855	-0.333216	-0.069227	-0.115470	-0.154621	0.981203	-0.240641	0.962739	0.123393	-0.963721	-0.221869	-0.148375
65306	9.481497	1.277780	-0.370922	0.520013	-0.336737	-0.060657	-0.118616	-0.155927	0.980621	-0.245730	0.961482	0.123160	-0.962053	-0.226359	-0.152363
65307	9.558542	1.285030	-0.209334	0.530990	-0.312645	-0.044833	-0.121583	-0.156988	0.980088	-0.250921	0.960203	0.122675	-0.960342	-0.231010	-0.156136
65308	9.533295	1.403964	-0.186894	0.520940	-0.277915	-0.045587	-0.124186	-0.158042	0.979592	-0.255987	0.958918	0.122254	-0.958670	-0.235580	-0.159541
65309	9.580530	1.521207	-0.327099	0.491398	-0.263992	-0.046296	-0.126583	-0.159080	0.979117	-0.261025	0.957612	0.121840	-0.956997	-0.240151	-0.162741
65310	9.435507	1.562715	-0.508884	0.453992	-0.238943	-0.050182	-0.128788	-0.160107	0.978662	-0.265442	0.956435	0.121540	-0.955486	-0.244125	-0.165677
65311	9.310519	1.545221	-0.580649	0.396724	-0.248432	-0.052917	-0.131065	-0.161137	0.978191	-0.269326	0.955380	0.121293	-0.954089	-0.247555	-0.168615
65312	9.363052	1.381612	-0.675792	0.325472	-0.253143	-0.058417	-0.133373	-0.162294	0.977687	-0.272517	0.954478	0.121265	-0.952862	-0.250263	-0.171529
65313	9.295369	1.128639	-0.814977	0.269471	-0.257130	-0.054789	-0.135734	-0.163392	0.977179	-0.275236	0.953702	0.121235	-0.951747	-0.252499	-0.174421
65314	9.333305	0.927753	-0.891613	0.232654	-0.281113	-0.038328	-0.138355	-0.164438	0.976636	-0.277512	0.953052	0.121154	-0.950708	-0.254267	-0.177493
65315	9.369302	0.759961	-0.968402	0.212854	-0.320923	-0.026253	-0.141366	-0.165414	0.976040	-0.279578	0.952477	0.120928	-0.949659	-0.255784	-0.180894
65316	9.438861	0.765262	-1.036353	0.199162	-0.360682	-0.020599	-0.144784	-0.166504	0.975353	-0.281508	0.951935	0.120718	-0.948573	-0.257092	-0.184697
65317	9.498318	0.683117	-1.123727	0.215926	-0.399594	-0.004240	-0.148567	-0.167524	0.974609	-0.283741	0.951329	0.120269	-0.947322	-0.258669	-0.188869
65318	9.589555	0.514763	-1.227318	0.247962	-0.440653	0.004718	-0.152805	-0.168591	0.973770	-0.286092	0.950696	0.119703	-0.945940	-0.260296	-0.193503
65319	9.669376	0.407520	-1.212388	0.303722	-0.474950	0.020558	-0.157396	-0.169577	0.972867	-0.289083	0.949903	0.118805	-0.944276	-0.262540	-0.198533
65320	9.519279	0.409444	-1.219133	0.384120	-0.514346	0.038997	-0.162415	-0.170534	0.971874	-0.292654	0.948959	0.117606	-0.942324	-0.265322	-0.204032
65321	9.350614	0.548351	-1.264615	0.460295	-0.570518	0.044741	-0.167941	-0.171532	0.970759	-0.296941	0.947811	0.116106	-0.940012	-0.268759	-0.210111
65322	9.383810	0.663149	-1.407895	0.522719	-0.646472	0.049092	-0.174209	-0.172787	0.969431	-0.301773	0.946483	0.114467	-0.937328	-0.272607	-0.217029
65323	9.405228	0.838679	-1.378748	0.579275	-0.710568	0.064931	-0.181113	-0.174083	0.967933	-0.307305	0.944944	0.112448	-0.934217	-0.277085	-0.224638
65324	9.391823	1.130731	-1.286361	0.599127	-0.763676	0.081930	-0.188542	-0.175412	0.966273	-0.312750	0.943417	0.110238	-0.930935	-0.281418	-0.232734
65325	9.468142	1.286230	-1.081357	0.582341	-0.777213	0.095865	-0.196143	-0.176613	0.964539	-0.318028	0.941933	0.107802	-0.927570	-0.285606	-0.240921
65326	9.608763	1.377642	-0.959822	0.562528	-0.781520	0.105393	-0.203770	-0.177839	0.962731	-0.323034	0.940504	0.105360	-0.924190	-0.289526	-0.249095
65327	9.742178	1.401116	-1.061046	0.569057	-0.771537	0.121695	-0.211256	-0.178886	0.960922	-0.328174	0.939022	0.102661	-0.920691	-0.293662	-0.257080
65328	9.721696	1.364671	-1.274171	0.608446	-0.776626	0.127926	-0.218869	-0.179954	0.959017	-0.333498	0.937454	0.099796	-0.916993	-0.297987	-0.265194
65329	9.528208	1.371708	-1.398108	0.685528	-0.806694	0.120763	-0.226725	-0.181149	0.956964	-0.339556	0.935606	0.096658	-0.912851	-0.303028	-0.273636
65330	9.317593	1.482434	-1.385938	0.737182	-0.866425	0.121672	-0.235086	-0.182632	0.954662	-0.345995	0.933576	0.093396	-0.908307	-0.308352	-0.282660
65331	9.285351	1.737318	-1.405720	0.743677	-0.924852	0.130072	-0.243856	-0.184304	0.952138	-0.352682	0.931409	0.089964	-0.903410	-0.313864	-0.292130
65332	9.357425	1.821891	-1.450951	0.706956	-0.939069	0.144332	-0.252884	-0.185903	0.949468	-0.358700	0.929442	0.086445	-0.898546	-0.318713	-0.301724
65333	9.366483	1.786399	-1.421323	0.630647	-0.933048	0.137048	-0.261738	-0.187580	0.946735	-0.364135	0.927629	0.083125	-0.893812	-0.322982	-0.311100
65334	9.358418	1.820687	-1.432153	0.545248	-0.944091	0.128964	-0.270681	-0.189422	0.943849	-0.368659	0.926104	0.080135	-0.889282	-0.326267	-0.320511
65335	9.378343	2.121591	-1.347567	0.503592	-0.961099	0.117549	-0.279688	-0.191398	0.940819	-0.372859	0.924665	0.077267	-0.884732	-0.329182	-0.329983
65336	9.464932	2.388138	-1.369264	0.427320	-0.965450	0.101266	-0.288642	-0.193623	0.937654	-0.376347	0.923451	0.074838	-0.880368	-0.331282	-0.339417
65337	9.666141	2.222840	-1.507553	0.354194	-0.921933	0.071172	-0.297016	-0.196057	0.934528	-0.379469	0.922329	0.072893	-0.876233	-0.332974	-0.348344
65338	9.913225	1.678652	-1.683764	0.330504	-0.839389	0.042436	-0.304571	-0.198439	0.931589	-0.382235	0.921311	0.071283	-0.872429	-0.334376	-0.356455
65339	9.805994	1.396736	-1.641437	0.361398	-0.745543	0.035071	-0.311247	-0.200492	0.928939	-0.385265	0.920184	0.069517	-0.868732	-0.336251	-0.363647
65340	9.830145	1.182181	-1.689865	0.311271	-0.747834	0.049027	-0.317974	-0.202534	0.926214	-0.387813	0.919236	0.067870	-0.865155	-0.337617	-0.370838
65341	10.081513	0.931589	-1.861149	0.229481	-0.742029	0.055268	-0.324624	-0.204485	0.923474	-0.389707	0.918542	0.066401	-0.861828	-0.338329	-0.377870
65342	10.250113	0.565146	-1.903742	0.267914	-0.704886	0.056140	-0.330960	-0.206331	0.920811	-0.391830	0.917752	0.064813	-0.858449	-0.339351	-0.384586
65343	10.388916	0.465180	-1.808611	0.367038	-0.681971	0.059554	-0.336987	-0.208113	0.918220	-0.394924	0.916565	0.062801	-0.854678	-0.341464	-0.391059
65344	10.484995	0.466933	-1.714633	0.404094	-0.662354	0.062031	-0.342935	-0.209788	0.915634	-0.398161	0.915312	0.060589	-0.850801	-0.343792	-0.397422
65345	10.422721	0.818057	-1.311976	0.391689	-0.644217	0.051686	-0.348553	-0.211541	0.913105	-0.401456	0.914008	0.058506	-0.846962	-0.346179	-0.403505
65346	10.599438	1.262471	-0.963957	0.355899	-0.659377	0.051199	-0.354385	-0.213336	0.910439	-0.404285	0.912884	0.056542	-0.843187	-0.348039	-0.409761
65347	10.679361	1.344380	-1.026375	0.385058	-0.598500	0.028571	-0.359518	-0.215121	0.908003	-0.407533	0.911557	0.054603	-0.839443	-0.350410	-0.415390
65348	10.698848	1.676470	-0.997796	0.502019	-0.556209	0.006024	-0.364254	-0.216999	0.905666	-0.411716	0.909804	0.052400	-0.835350	-0.353790	-0.420742
65349	10.946298	1.735799	-1.001756	0.555724	-0.519081	0.003141	-0.368498	-0.218912	0.903486	-0.416530	0.907743	0.050056	-0.831090	-0.357884	-0.425685
65350	11.229268	1.504990	-1.314670	0.646439	-0.430733	-0.003921	-0.372106	-0.220474	0.901625	-0.421904	0.905407	0.047276	-0.826761	-0.362808	-0.429926
65351	11.419505	1.209932	-1.494219	0.723462	-0.352419	0.013357	-0.375009	-0.221674	0.900127	-0.427968	0.902722	0.044014	-0.822321	-0.368720	-0.433399
65352	11.909551	0.909792	-1.280264	0.778716	-0.297978	0.039566	-0.377677	-0.222401	0.898831	-0.434206	0.899915	0.040222	-0.817817	-0.375087	-0.436445
65353	12.524673	0.583875	-0.858079	0.783265	-0.155783	0.077761	-0.379225	-0.222316	0.898200	-0.440451	0.897052	0.036071	-0.813751	-0.381934	-0.438104
65354	12.958753	0.309413	-0.395040	0.769308	0.028418	0.099073	-0.379487	-0.221295	0.898342	-0.446323	0.894308	0.031761	-0.810423	-0.388898	-0.438148
65355	12.924693	0.030548	0.122163	0.756388	0.203377	0.100678	-0.378223	-0.219681	0.899271	-0.452230	0.891475	0.027574	-0.807735	-0.396248	-0.436523
65356	12.705267	-0.595052	0.759993	0.786826	0.328624	0.060265	-0.375901	-0.217807	0.900699	-0.458350	0.888460	0.023558	-0.805366	-0.403980	-0.433804
65357	12.330417	-1.384355	2.115606	0.845416	0.505483	0.052758	-0.372022	-0.215222	0.902928	-0.465082	0.885056	0.019341	-0.803305	-0.412740	-0.429356
65358	12.059754	-2.142858	3.975076	0.837057	0.739574	0.085192	-0.366538	-0.211362	0.906077	-0.471487	0.881746	0.014954	-0.802091	-0.421723	-0.422848
65359	11.573681	-2.767043	5.851024	0.661381	1.049067	0.163221	-0.358846	-0.205529	0.910487	-0.476387	0.879170	0.010703	-0.802673	-0.429904	-0.413398
65360	11.343814	-2.972000	6.987694	0.487089	1.335285	0.254890	-0.349385	-0.197482	0.915932	-0.479402	0.877572	0.006342	-0.805049	-0.436884	-0.401284
65361	11.627115	-2.241884	7.083717	0.534626	1.613081	0.314284	-0.337811	-0.187651	0.922318	-0.482877	0.875687	0.001304	-0.807907	-0.444925	-0.386429
65362	11.985017	-1.028320	6.213466	0.745877	1.833627	0.309432	-0.324532	-0.176677	0.929228	-0.487890	0.872894	-0.004429	-0.810335	-0.454799	-0.369480
65363	11.959906	0.914431	4.754640	1.292615	2.020534	0.298779	-0.309523	-0.164656	0.936528	-0.497722	0.867254	-0.012021	-0.810227	-0.469851	-0.350388
65364	11.965882	2.940560	2.788290	1.655181	2.159542	0.150241	-0.292859	-0.153001	0.943835	-0.510670	0.859564	-0.019114	-0.808362	-0.487586	-0.329864
65365	11.868969	4.528170	0.330022	1.939744	2.322959	-0.076747	-0.273528	-0.142211	0.951293	-0.526867	0.849595	-0.024484	-0.804732	-0.507902	-0.307314
65366	12.120823	5.092372	-2.640166	1.953055	2.337105	-0.349021	-0.252959	-0.133040	0.958286	-0.543469	0.838996	-0.026981	-0.800408	-0.527624	-0.284534
65367	13.155343	4.880807	-4.630919	1.673839	2.352012	-0.547162	-0.231059	-0.125104	0.964863	-0.558399	0.829158	-0.026213	-0.796745	-0.544836	-0.261442
65368	14.604480	3.713374	-4.678946	0.977676	2.488394	-0.713275	-0.207273	-0.117285	0.971227	-0.567761	0.822905	-0.021794	-0.796671	-0.555942	-0.237156
65369	15.250561	2.396891	-3.728877	0.177929	2.714372	-0.828534	-0.180798	-0.108953	0.977467	-0.570983	0.820840	-0.014118	-0.800806	-0.560670	-0.210617
