// General information: 
//  MT Manager version: 2022.2.0 
//  XDA version: 2022.2.0 build 7381 rev 124627 built on 2023-07-19
// Device information: 
//  DeviceId: 00B4CBA7
//  ProductCode: MTW2-3A7G6
//  Firmware Version: 4.6.0
//  Hardware Version: 2.0.0
// Device settings: 
//  Filter Profile: human(46.1)
//  Option Flags: Orientation Smoother Disabled, Position/Velocity Smoother Disabled, Continuous Zero Rotation Update Disabled, AHS Disabled, ICC Disabled
// Coordinate system: ENU
PacketCounter	Acc_X	Acc_Y	Acc_Z	Gyr_X	Gyr_Y	Gyr_Z	Mat[1][1]	Mat[2][1]	Mat[3][1]	Mat[1][2]	Mat[2][2]	Mat[3][2]	Mat[1][3]	Mat[2][3]	Mat[3][3]
53839	9.748448	0.267068	-0.509022	-0.000239	-0.000132	0.007395	0.041998	0.037455	0.998415	0.246979	-0.968673	0.025950	0.968110	0.245497	-0.049933
53840	9.748467	0.266348	-0.509034	-0.000239	-0.000132	0.007395	0.041996	0.037425	0.998417	0.246954	-0.968681	0.025923	0.968117	0.245474	-0.049923
53841	9.724569	0.260901	-0.508200	-0.002554	-0.000602	0.005115	0.041970	0.037427	0.998418	0.246955	-0.968680	0.025932	0.968118	0.245475	-0.049898
53842	9.751987	0.251390	-0.489219	-0.001419	-0.001026	0.009041	0.041980	0.037384	0.998419	0.246917	-0.968691	0.025889	0.968127	0.245440	-0.049896
53843	9.748552	0.270158	-0.474990	-0.001949	0.003847	0.008935	0.041958	0.037338	0.998421	0.246895	-0.968697	0.025851	0.968133	0.245421	-0.049863
53844	9.748546	0.263324	-0.509095	-0.000889	-0.005900	0.009148	0.042016	0.037306	0.998420	0.246863	-0.968707	0.025807	0.968139	0.245389	-0.049911
53845	9.731583	0.224487	-0.502709	-0.002553	-0.000602	0.005115	0.041967	0.037310	0.998422	0.246777	-0.968728	0.025828	0.968163	0.245303	-0.049862
53846	9.745096	0.281846	-0.495380	-0.003711	-0.000836	0.003975	0.041963	0.037316	0.998422	0.246719	-0.968742	0.025837	0.968178	0.245246	-0.049857
53847	9.745112	0.281166	-0.495453	-0.000260	-0.000794	0.010182	0.041975	0.037270	0.998423	0.246709	-0.968746	0.025791	0.968180	0.245237	-0.049858
53848	9.748613	0.266778	-0.475647	-0.001203	-0.001553	0.004433	0.041980	0.037273	0.998423	0.246675	-0.968755	0.025794	0.968188	0.245204	-0.049862
53849	9.724704	0.261385	-0.474960	-0.001226	-0.002213	0.007220	0.042048	0.037266	0.998420	0.246636	-0.968766	0.025772	0.968196	0.245162	-0.049926
53850	9.752084	0.246065	-0.490008	-0.001372	0.000291	0.003469	0.042032	0.037273	0.998421	0.246601	-0.968774	0.025785	0.968205	0.245128	-0.049911
53851	9.772514	0.264062	-0.511057	0.006487	-0.005549	0.006771	0.042107	0.037277	0.998417	0.246675	-0.968756	0.025766	0.968183	0.245200	-0.049987
53852	9.745152	0.278077	-0.496414	0.003429	-0.000619	0.008994	0.042114	0.037233	0.998419	0.246685	-0.968754	0.025721	0.968180	0.245212	-0.049983
53853	9.769082	0.282126	-0.497459	0.004970	-0.002755	0.006489	0.042114	0.037225	0.998419	0.246769	-0.968733	0.025709	0.968159	0.245297	-0.049984
53854	9.745206	0.282634	-0.462825	0.002463	-0.002037	0.006032	0.042127	0.037213	0.998419	0.246771	-0.968733	0.025694	0.968158	0.245299	-0.049993
53855	9.748619	0.256473	-0.511188	-0.001034	-0.003398	0.005398	0.042102	0.037219	0.998420	0.246675	-0.968757	0.025711	0.968183	0.245203	-0.049968
53856	9.748663	0.261785	-0.477389	0.002272	-0.000853	0.007854	0.042108	0.037186	0.998421	0.246675	-0.968758	0.025678	0.968183	0.245204	-0.049965
53857	9.752111	0.241555	-0.491695	-0.002192	-0.003632	0.004259	0.042137	0.037209	0.998419	0.246620	-0.968772	0.025696	0.968196	0.245147	-0.049998
53858	9.745190	0.274332	-0.497743	0.005960	-0.000678	0.006665	0.042138	0.037188	0.998419	0.246655	-0.968763	0.025673	0.968187	0.245183	-0.049995
53859	9.772595	0.264648	-0.479048	0.006467	-0.006213	0.009560	0.042146	0.037154	0.998420	0.246757	-0.968738	0.025633	0.968160	0.245287	-0.049996
53860	9.717836	0.287587	-0.483597	0.003813	-0.002990	0.005350	0.042166	0.037151	0.998420	0.246773	-0.968735	0.025625	0.968156	0.245302	-0.050016
53861	9.769109	0.276934	-0.499830	0.000294	-0.005011	0.007504	0.042259	0.037151	0.998416	0.246748	-0.968742	0.025603	0.968158	0.245275	-0.050105
53862	9.724749	0.253007	-0.478563	-0.001033	-0.003399	0.005399	0.042284	0.037149	0.998415	0.246716	-0.968750	0.025596	0.968165	0.245243	-0.050128
53863	9.745281	0.282914	-0.431689	-0.005879	-0.003807	0.005449	0.042295	0.037160	0.998414	0.246634	-0.968770	0.025609	0.968185	0.245160	-0.050139
53864	9.741685	0.284038	-0.520285	0.000822	-0.009887	0.007612	0.042388	0.037152	0.998410	0.246620	-0.968775	0.025579	0.968185	0.245143	-0.050227
53865	9.775933	0.234993	-0.530080	0.001264	-0.003595	0.010467	0.042429	0.037116	0.998410	0.246567	-0.968789	0.025537	0.968196	0.245091	-0.050257
53866	9.748697	0.260930	-0.447514	0.003982	-0.004838	0.006315	0.042470	0.037109	0.998408	0.246583	-0.968786	0.025519	0.968191	0.245107	-0.050295
53867	9.745159	0.267937	-0.501815	0.006132	-0.002528	0.007630	0.042491	0.037092	0.998408	0.246647	-0.968770	0.025494	0.968173	0.245171	-0.050313
53868	9.721237	0.262249	-0.501425	0.004131	-0.007345	0.010068	0.042565	0.037054	0.998406	0.246663	-0.968767	0.025438	0.968166	0.245188	-0.050376
53869	9.741744	0.285757	-0.488637	-0.001411	-0.001032	0.009045	0.042553	0.037016	0.998408	0.246704	-0.968758	0.025402	0.968156	0.245230	-0.050355
53870	9.741692	0.278955	-0.522888	-0.001053	-0.004062	0.008188	0.042590	0.036989	0.998408	0.246671	-0.968767	0.025368	0.968163	0.245198	-0.050384
53871	9.745238	0.270463	-0.469366	-0.005899	-0.004469	0.008239	0.042581	0.036963	0.998409	0.246685	-0.968764	0.025344	0.968160	0.245213	-0.050369
53872	9.748650	0.249936	-0.483953	-0.004571	-0.006083	0.010344	0.042643	0.036919	0.998408	0.246617	-0.968783	0.025290	0.968174	0.245146	-0.050417
53873	9.752054	0.229276	-0.498661	-0.002063	-0.006804	0.010802	0.042701	0.036884	0.998407	0.246588	-0.968792	0.025244	0.968179	0.245117	-0.050464
53874	9.745237	0.267841	-0.470901	-0.006046	-0.001962	0.004487	0.042709	0.036888	0.998406	0.246508	-0.968812	0.025249	0.968199	0.245037	-0.050471
53875	9.748555	0.241607	-0.519574	-0.002864	-0.010067	0.008805	0.042786	0.036874	0.998404	0.246507	-0.968813	0.025218	0.968196	0.245034	-0.050542
53876	9.721280	0.261605	-0.471503	-0.000525	-0.008942	0.008297	0.042871	0.036858	0.998400	0.246479	-0.968821	0.025182	0.968199	0.245005	-0.050619
53877	9.745189	0.265687	-0.473100	-0.005708	-0.005656	0.006418	0.042970	0.036867	0.998396	0.246435	-0.968832	0.025169	0.968206	0.244959	-0.050716
53878	9.748582	0.245269	-0.487700	-0.002229	-0.004961	0.009838	0.043021	0.036826	0.998395	0.246390	-0.968845	0.025119	0.968215	0.244914	-0.050754
53879	9.748570	0.244314	-0.488416	-0.001703	-0.009839	0.009946	0.043130	0.036808	0.998391	0.246377	-0.968850	0.025075	0.968214	0.244899	-0.050855
53880	9.741681	0.276779	-0.495012	-0.002040	-0.006146	0.008016	0.043187	0.036787	0.998389	0.246335	-0.968861	0.025043	0.968222	0.244857	-0.050904
53881	9.734901	0.315364	-0.467274	0.000130	-0.003173	0.006542	0.043217	0.036784	0.998388	0.246332	-0.968862	0.025033	0.968221	0.244853	-0.050933
53882	9.714358	0.290063	-0.481126	0.001966	-0.010330	0.011543	0.043324	0.036739	0.998385	0.246327	-0.968865	0.024964	0.968218	0.244848	-0.051025
53883	9.741760	0.280175	-0.462805	0.003798	-0.003664	0.008138	0.043403	0.036718	0.998383	0.246456	-0.968834	0.024917	0.968181	0.244976	-0.051100
53884	9.741852	0.285024	-0.429680	0.014504	-0.013939	0.013827	0.043550	0.036660	0.998378	0.246572	-0.968807	0.024819	0.968145	0.245091	-0.051231
53885	9.690711	0.299888	-0.380950	0.031235	-0.009095	0.009406	0.043643	0.036643	0.998375	0.246850	-0.968737	0.024764	0.968070	0.245368	-0.051324
53886	9.687111	0.306236	-0.436093	0.055965	-0.013296	0.014834	0.043786	0.036574	0.998371	0.247366	-0.968609	0.024635	0.967932	0.245885	-0.051459
53887	9.632585	0.340055	-0.374856	0.081819	-0.039116	0.020541	0.044126	0.036516	0.998358	0.248226	-0.968394	0.024448	0.967697	0.246740	-0.051796
53888	9.676948	0.242626	-0.362786	0.107691	-0.051154	0.017849	0.044644	0.036511	0.998336	0.249241	-0.968138	0.024261	0.967412	0.247743	-0.052321
53889	9.612161	0.204811	-0.291788	0.132025	-0.062420	0.023260	0.045331	0.036505	0.998305	0.250410	-0.967842	0.024021	0.967078	0.248897	-0.053014
53890	9.601956	0.136487	-0.251263	0.205397	-0.063553	0.031011	0.046001	0.036406	0.998278	0.252363	-0.967344	0.023649	0.966539	0.250841	-0.053686
53891	9.632391	0.341024	-0.331997	0.252125	-0.084647	0.023870	0.046805	0.036437	0.998239	0.254763	-0.966722	0.023341	0.965870	0.253222	-0.054530
53892	9.518798	0.386530	-0.436846	0.261725	-0.080536	0.021960	0.047617	0.036472	0.998200	0.257261	-0.966068	0.023026	0.965168	0.255701	-0.055384
53893	9.679094	0.207516	-0.414786	0.274554	-0.104512	0.015313	0.048599	0.036643	0.998146	0.259880	-0.965372	0.022786	0.964417	0.258291	-0.056439
53894	9.713724	0.208974	-0.725032	0.289898	-0.096863	0.015343	0.049550	0.036788	0.998094	0.262648	-0.964629	0.022516	0.963619	0.261032	-0.057460
53895	9.749075	0.196786	-0.540377	0.287043	-0.100398	0.008495	0.050528	0.037018	0.998036	0.265480	-0.963858	0.022309	0.962791	0.263831	-0.058529
53896	9.807397	0.288567	-0.499503	0.272705	-0.100599	0.003247	0.051482	0.037295	0.997977	0.268084	-0.963140	0.022163	0.962019	0.266401	-0.059583
53897	9.508821	0.438132	-0.888445	0.273259	-0.090898	-0.003191	0.052327	0.037621	0.997921	0.270703	-0.962409	0.022088	0.961240	0.268985	-0.060544
53898	9.826317	0.422591	-0.583633	0.163035	-0.122434	-0.022442	0.053419	0.038209	0.997841	0.272264	-0.961965	0.022260	0.960739	0.270487	-0.061791
53899	9.795486	0.398271	-0.784261	0.118819	-0.120700	-0.029446	0.054455	0.038872	0.997759	0.273387	-0.961640	0.022544	0.960362	0.271546	-0.062993
53900	9.796377	0.304380	-0.653884	0.036716	-0.132632	-0.037413	0.055603	0.039633	0.997666	0.273741	-0.961530	0.022941	0.960195	0.271827	-0.064313
53901	9.694855	0.289103	-0.749076	-0.006595	-0.126843	-0.052672	0.056607	0.040535	0.997573	0.273667	-0.961536	0.023542	0.960157	0.271670	-0.065523
53902	9.796988	-0.030349	-0.520847	-0.048072	-0.137674	-0.066325	0.057724	0.041588	0.997466	0.273225	-0.961644	0.024283	0.960217	0.271131	-0.066873
53903	9.821610	-0.183518	-0.643043	-0.033162	-0.136732	-0.073881	0.058802	0.042724	0.997355	0.272985	-0.961691	0.025101	0.960219	0.270787	-0.068212
53904	9.746663	-0.162834	-0.605102	-0.006022	-0.144673	-0.087476	0.059929	0.043998	0.997233	0.272961	-0.961673	0.026025	0.960157	0.270646	-0.069642
53905	9.710830	-0.064524	-0.495877	-0.003858	-0.149442	-0.100889	0.061035	0.045422	0.997102	0.272977	-0.961639	0.027097	0.960082	0.270532	-0.071093
53906	9.704383	-0.138433	-0.475533	-0.015717	-0.150747	-0.110317	0.062158	0.046932	0.996962	0.272876	-0.961634	0.028256	0.960039	0.270291	-0.072580
53907	9.700618	-0.107307	-0.477046	-0.014295	-0.160761	-0.117249	0.063350	0.048543	0.996810	0.272706	-0.961645	0.029499	0.960010	0.269967	-0.074158
53908	9.687315	-0.146649	-0.464341	-0.011471	-0.161681	-0.124106	0.064541	0.050214	0.996651	0.272657	-0.961618	0.030792	0.959944	0.269757	-0.075755
53909	9.681731	-0.128085	-0.534197	0.005229	-0.165483	-0.130367	0.065764	0.051958	0.996482	0.272799	-0.961534	0.032132	0.959821	0.269726	-0.077409
53910	9.677836	-0.004847	-0.625663	0.028002	-0.168691	-0.135605	0.066990	0.053759	0.996304	0.273140	-0.961391	0.033509	0.959639	0.269885	-0.079087
53911	9.704123	0.221803	-0.686412	0.020895	-0.169157	-0.140449	0.068179	0.055606	0.996122	0.273385	-0.961270	0.034949	0.959485	0.269942	-0.080741
53912	9.759787	0.414014	-0.776555	-0.018995	-0.173835	-0.142432	0.069434	0.057486	0.995929	0.273283	-0.961244	0.036431	0.959424	0.269641	-0.082453
53913	9.785118	0.510862	-0.863804	-0.076875	-0.172140	-0.145686	0.070686	0.059392	0.995729	0.272594	-0.961379	0.037992	0.959529	0.268744	-0.084145
53914	9.816255	0.471624	-0.922761	-0.147254	-0.168106	-0.152864	0.071860	0.061353	0.995526	0.271272	-0.961684	0.039686	0.959816	0.267207	-0.085750
53915	9.810551	0.370666	-0.985087	-0.210863	-0.168592	-0.158721	0.073045	0.063371	0.995313	0.269250	-0.962176	0.041501	0.960296	0.264957	-0.087345
53916	9.838943	0.256456	-0.975411	-0.242991	-0.164544	-0.163971	0.074163	0.065425	0.995098	0.267019	-0.962714	0.043395	0.960833	0.262492	-0.088867
53917	9.784913	0.213524	-0.870709	-0.261094	-0.154428	-0.169732	0.075129	0.067505	0.994886	0.264684	-0.963267	0.045372	0.961404	0.259922	-0.090236
53918	9.775018	0.161292	-0.870899	-0.268584	-0.150366	-0.174548	0.076092	0.069617	0.994668	0.262216	-0.963844	0.047400	0.962005	0.257211	-0.091595
53919	9.752206	0.084296	-0.795450	-0.268083	-0.150343	-0.184459	0.077046	0.071824	0.994437	0.259849	-0.964379	0.049521	0.962571	0.254588	-0.092965
53920	9.749034	0.026275	-0.742173	-0.245831	-0.148021	-0.192748	0.077949	0.074100	0.994200	0.257614	-0.964863	0.051716	0.963099	0.252089	-0.094300
53921	9.751013	-0.044726	-0.669579	-0.210109	-0.154728	-0.203425	0.078894	0.076491	0.993944	0.255762	-0.965232	0.053980	0.963515	0.249954	-0.095714
53922	9.678890	-0.039299	-0.678785	-0.179743	-0.158054	-0.215963	0.079844	0.079011	0.993671	0.254184	-0.965513	0.056348	0.963855	0.248076	-0.097174
53923	9.670162	-0.056256	-0.599836	-0.161456	-0.180780	-0.228396	0.080956	0.081693	0.993364	0.252718	-0.965750	0.058827	0.964147	0.246279	-0.098828
53924	9.623343	-0.037468	-0.579850	-0.149361	-0.193421	-0.243756	0.082184	0.084564	0.993023	0.251460	-0.965915	0.061445	0.964372	0.244656	-0.100647
53925	9.600180	-0.011600	-0.563277	-0.159648	-0.211400	-0.265306	0.083536	0.087670	0.992641	0.250074	-0.966091	0.064280	0.964616	0.242864	-0.102628
53926	9.543166	-0.010102	-0.437084	-0.175784	-0.239342	-0.286714	0.085108	0.091062	0.992202	0.248603	-0.966261	0.067356	0.964859	0.240931	-0.104875
53927	9.535293	0.089717	-0.350599	-0.196159	-0.270536	-0.311450	0.086969	0.094741	0.991696	0.246818	-0.966480	0.070687	0.965151	0.238621	-0.107437
53928	9.440242	0.192020	-0.121906	-0.217969	-0.306992	-0.340895	0.089072	0.098807	0.991112	0.244997	-0.966668	0.074352	0.965423	0.236197	-0.110310
53929	9.392720	0.276087	0.016913	-0.246971	-0.351513	-0.367596	0.091554	0.103203	0.990438	0.242822	-0.966905	0.078305	0.965741	0.233331	-0.113584
53930	9.340740	0.320422	0.246435	-0.273079	-0.413461	-0.392762	0.094577	0.108002	0.989642	0.240533	-0.967124	0.082557	0.966022	0.230234	-0.117445
53931	9.319351	0.241990	0.437131	-0.318406	-0.474008	-0.428830	0.098079	0.113235	0.988716	0.237652	-0.967426	0.087222	0.966386	0.226415	-0.121795
53932	9.244617	0.124358	0.701076	-0.317230	-0.564007	-0.454401	0.102434	0.118940	0.987603	0.235025	-0.967611	0.092155	0.966577	0.222671	-0.127070
53933	9.382642	0.003810	0.766721	-0.267093	-0.651220	-0.478682	0.107628	0.125020	0.986299	0.232869	-0.967634	0.097243	0.966534	0.219213	-0.133258
53934	9.350001	-0.088743	0.709723	-0.176633	-0.720416	-0.505911	0.113393	0.131527	0.984806	0.231705	-0.967369	0.102519	0.966155	0.216560	-0.140168
53935	9.320081	-0.008186	0.828849	-0.128475	-0.810613	-0.537946	0.119975	0.138457	0.983075	0.230850	-0.966975	0.108017	0.965564	0.213984	-0.147976
53936	9.485977	0.109219	0.740809	-0.078081	-0.909011	-0.576059	0.127397	0.146004	0.981047	0.230794	-0.966320	0.113842	0.964627	0.211916	-0.156803
53937	9.626402	0.292543	0.598401	-0.036365	-1.008272	-0.614253	0.135695	0.154036	0.978703	0.231010	-0.965531	0.119934	0.963442	0.209816	-0.166601
53938	9.836385	0.507925	0.467250	-0.026992	-1.092361	-0.651907	0.144681	0.162650	0.976019	0.231649	-0.964552	0.126401	0.961980	0.207806	-0.177231
53939	10.258497	0.712272	0.194542	-0.007301	-1.161275	-0.670673	0.154255	0.171472	0.973038	0.232331	-0.963506	0.132961	0.960327	0.205557	-0.188464
53940	10.473574	0.968536	-0.391559	0.027142	-1.201900	-0.689353	0.164158	0.180611	0.969759	0.233675	-0.962233	0.139653	0.958357	0.203683	-0.200162
53941	10.687322	1.308975	-0.648799	-0.013502	-1.243925	-0.704182	0.174419	0.189840	0.966198	0.234459	-0.961024	0.146499	0.956351	0.200982	-0.212130
53942	11.216074	1.650889	-1.000494	-0.090292	-1.279552	-0.703175	0.184971	0.199186	0.962346	0.234847	-0.959832	0.153526	0.954271	0.197606	-0.224319
53943	12.205875	1.873151	-0.520251	-0.237828	-1.286599	-0.698551	0.195555	0.208339	0.958307	0.233695	-0.958924	0.160784	0.952442	0.192509	-0.236210
53944	12.443052	1.657552	-0.600152	-0.226079	-1.299766	-0.710835	0.206241	0.217663	0.953985	0.232960	-0.957834	0.168178	0.950365	0.187555	-0.248251
53945	11.955306	1.799829	-0.836832	-0.195569	-1.299675	-0.694801	0.216949	0.226634	0.949510	0.232277	-0.956725	0.175284	0.948146	0.182521	-0.260202
53946	12.019911	2.214109	-0.793918	-0.245186	-1.333706	-0.676568	0.227989	0.235543	0.944744	0.231449	-0.955596	0.182395	0.945755	0.177076	-0.272381
53947	12.225608	2.008102	-1.096695	-0.281976	-1.351154	-0.676770	0.239151	0.244244	0.939761	0.230010	-0.954549	0.189554	0.943346	0.170823	-0.284460
53948	12.064609	1.857069	-1.189385	-0.329132	-1.384769	-0.676131	0.250625	0.253055	0.934425	0.228555	-0.953412	0.196896	0.940718	0.164220	-0.296786
53949	12.437780	1.662495	-1.296482	-0.267021	-1.365141	-0.630364	0.261984	0.261112	0.929077	0.227238	-0.952325	0.203569	0.937938	0.157790	-0.308829
53950	11.840625	1.347277	-1.845751	-0.186276	-1.321836	-0.595791	0.272987	0.268875	0.923680	0.227077	-0.951027	0.209724	0.934834	0.152495	-0.320674
53951	11.030382	1.134213	-2.433486	-0.026822	-1.337908	-0.538040	0.284205	0.275846	0.918225	0.227942	-0.949697	0.214749	0.931273	0.148270	-0.332786
53952	10.470016	1.015426	-3.548404	0.149389	-1.313273	-0.434864	0.295390	0.281946	0.912826	0.230582	-0.948256	0.218273	0.927134	0.146005	-0.345117
53953	10.776205	1.369265	-3.407013	0.236422	-1.270260	-0.337038	0.306368	0.286856	0.907663	0.233490	-0.947031	0.220487	0.922833	0.144380	-0.357118
53954	10.534042	1.922952	-3.881670	0.307558	-1.164750	-0.323300	0.316309	0.291636	0.902716	0.237320	-0.945643	0.222348	0.918492	0.143902	-0.368327
53955	9.426018	2.565406	-4.455245	0.411983	-1.101795	-0.289890	0.325594	0.295861	0.898028	0.241882	-0.944241	0.223388	0.914047	0.144483	-0.379002
53956	9.572232	3.142440	-3.809994	0.249788	-1.033604	-0.220331	0.334462	0.299471	0.893561	0.244881	-0.943215	0.224453	0.910038	0.143745	-0.388804
53957	8.419390	3.280275	-3.340191	0.111966	-0.828942	-0.184322	0.341501	0.302295	0.889941	0.246352	-0.942550	0.225632	0.907021	0.142185	-0.396353
53958	8.084856	3.605209	-2.517266	-0.041685	-0.649191	-0.118717	0.347068	0.304370	0.887075	0.246376	-0.942239	0.226903	0.904899	0.139804	-0.402011
53959	7.805652	3.526627	-1.605871	-0.214239	-0.378984	-0.055745	0.350299	0.305341	0.885470	0.244515	-0.942400	0.228241	0.904159	0.136558	-0.404782
53960	7.306402	3.231648	-1.083324	-0.301118	-0.074462	0.005427	0.350964	0.305431	0.885176	0.241766	-0.942813	0.229461	0.904640	0.133473	-0.404736
53961	6.921150	2.593844	-1.038834	-0.270856	0.223621	0.075409	0.349075	0.304354	0.886293	0.238934	-0.943435	0.229871	0.906122	0.131523	-0.402050
53962	6.797852	1.934815	-1.201706	-0.124749	0.476275	0.167503	0.345132	0.302187	0.888576	0.237214	-0.944097	0.228933	0.908082	0.131771	-0.397521
53963	7.447297	1.231116	-0.743916	-0.013369	0.738282	0.280875	0.339020	0.298495	0.892169	0.236047	-0.944983	0.226469	0.910685	0.133817	-0.390827
53964	7.782631	1.166368	-0.562098	0.230682	1.016544	0.390431	0.330649	0.293458	0.896969	0.236837	-0.945814	0.222134	0.913553	0.138987	-0.382234
53965	7.799953	1.700193	-0.540646	0.427392	1.284976	0.493281	0.320030	0.286880	0.902929	0.239011	-0.946673	0.216064	0.916763	0.146663	-0.371532
53966	7.976729	2.367965	-0.541651	0.530017	1.527337	0.560999	0.307329	0.279296	0.909694	0.242111	-0.947450	0.209094	0.920289	0.155986	-0.358799
53967	8.105678	2.948618	-0.475534	0.468197	1.754600	0.602117	0.292574	0.270716	0.917122	0.244528	-0.948382	0.201936	0.924449	0.165181	-0.343670
53968	8.395393	3.208711	-0.484667	0.305453	1.948187	0.633984	0.276048	0.261443	0.924903	0.245546	-0.949544	0.195122	0.929250	0.173243	-0.326316
53969	8.791526	3.238195	-0.520349	0.117999	2.135907	0.651520	0.257681	0.251421	0.932946	0.244805	-0.951036	0.188681	0.934704	0.179770	-0.306613
53970	9.128986	3.173785	-0.577140	-0.050686	2.308403	0.671127	0.237649	0.240862	0.941014	0.242655	-0.952774	0.182591	0.940554	0.184949	-0.284873
53971	9.563125	3.085013	-0.596167	-0.199461	2.472342	0.676270	0.215902	0.229759	0.948998	0.239168	-0.954757	0.176741	0.946670	0.188812	-0.261085
53972	9.921344	2.984052	-0.701784	-0.330894	2.611723	0.687794	0.192703	0.218258	0.956676	0.234606	-0.956922	0.171058	0.952799	0.191478	-0.235606
53973	10.305950	2.870909	-0.720520	-0.444780	2.745422	0.714075	0.168060	0.206094	0.963992	0.228946	-0.959322	0.165182	0.958822	0.192942	-0.208408
53974	10.484972	2.741463	-0.745286	-0.547274	2.842797	0.756111	0.142405	0.193380	0.970734	0.222492	-0.961885	0.158978	0.964478	0.193341	-0.180003
53975	10.681818	2.593542	-0.730462	-0.642175	2.933361	0.808344	0.115749	0.179904	0.976851	0.215135	-0.964657	0.152166	0.969701	0.192542	-0.150361
53976	10.836054	2.369968	-0.665087	-0.736063	2.991546	0.870150	0.088483	0.165805	0.982181	0.207071	-0.967568	0.144684	0.974316	0.190579	-0.119947
53977	10.819902	2.152200	-0.772287	-0.823898	3.025174	0.920968	0.060758	0.151143	0.986643	0.198246	-0.970604	0.136479	0.978267	0.187305	-0.088935
53978	10.951627	1.927467	-0.830370	-0.861573	3.023118	0.978118	0.033009	0.136073	0.990149	0.189322	-0.973604	0.127488	0.981360	0.183248	-0.057899
53979	10.925040	1.751728	-0.927778	-0.876010	3.004474	1.023892	0.005339	0.120648	0.992681	0.180419	-0.976521	0.117713	0.983575	0.178470	-0.026980
53980	10.792196	1.467046	-1.061296	-0.882117	2.957161	1.062682	-0.021918	0.105096	0.994221	0.171799	-0.979271	0.107303	0.984888	0.173158	0.003408
53981	10.656411	0.938746	-0.999978	-0.845687	2.884556	1.069281	-0.048595	0.089693	0.994783	0.163746	-0.981770	0.096519	0.985305	0.167582	0.033022
53982	10.553265	0.437232	-0.858724	-0.738977	2.796580	1.051105	-0.074478	0.074786	0.994414	0.157085	-0.983855	0.085757	0.984773	0.162595	0.061528
53983	10.254679	0.208254	-0.821723	-0.587526	2.695858	1.004774	-0.099504	0.060565	0.993192	0.152078	-0.985494	0.075331	0.983347	0.158538	0.088851
53984	9.865531	0.228026	-0.744281	-0.410702	2.549855	0.937213	-0.123160	0.047355	0.991256	0.149057	-0.986647	0.065655	0.981129	0.155840	0.114456
53985	9.510812	0.387596	-0.602850	-0.278589	2.353476	0.847275	-0.145012	0.035352	0.988798	0.147362	-0.987444	0.056915	0.978395	0.153964	0.137982
53986	9.130115	0.664628	-0.476351	-0.216190	2.117888	0.757711	-0.164609	0.024665	0.986050	0.146391	-0.988005	0.049152	0.975435	0.152440	0.159024
53987	8.568741	0.622188	-0.507801	-0.192584	1.841598	0.658919	-0.181633	0.015371	0.983246	0.145557	-0.988443	0.042340	0.972534	0.150809	0.177297
53988	8.058335	0.624030	-0.718191	-0.206597	1.537083	0.568455	-0.195756	0.007489	0.980624	0.144590	-0.988821	0.036415	0.969935	0.148917	0.192485
53989	7.673090	0.540156	-0.950229	-0.217107	1.214402	0.482517	-0.206875	0.000937	0.978367	0.143364	-0.989176	0.031261	0.967807	0.146729	0.204501
53990	7.491644	0.469195	-1.200954	-0.204395	0.893193	0.403342	-0.214955	-0.004314	0.976614	0.142204	-0.989471	0.026929	0.966216	0.144667	0.213305
53991	7.519164	0.485085	-1.555780	-0.152064	0.568642	0.332395	-0.220020	-0.008402	0.975459	0.141370	-0.989681	0.023362	0.965197	0.143041	0.218937
53992	7.246704	0.615406	-1.645847	-0.128306	0.280489	0.253982	-0.222387	-0.011274	0.974893	0.140660	-0.989843	0.020640	0.964759	0.141718	0.221714
53993	7.219307	0.258686	-1.960526	-0.055858	-0.066248	0.165577	-0.221557	-0.012796	0.975064	0.140408	-0.989913	0.018913	0.964986	0.141097	0.221119
53994	7.260962	0.371738	-2.348977	0.017703	-0.355329	0.077821	-0.218036	-0.013023	0.975854	0.140716	-0.989882	0.018230	0.965743	0.141293	0.217662
53995	7.235969	0.424027	-2.786139	0.084348	-0.622128	-0.014495	-0.212083	-0.011972	0.977178	0.141427	-0.989774	0.018568	0.966964	0.142138	0.211607
53996	7.347433	0.327323	-3.103134	0.128964	-0.876252	-0.087602	-0.203745	-0.009813	0.978975	0.142459	-0.989604	0.019730	0.968604	0.143484	0.203025
53997	7.510985	0.100547	-3.609462	0.192151	-1.096917	-0.148377	-0.193357	-0.006731	0.981105	0.143965	-0.989347	0.021585	0.970509	0.145418	0.192266
53998	7.664202	-0.120168	-3.937948	0.292551	-1.296180	-0.180063	-0.181044	-0.003005	0.983470	0.146437	-0.988930	0.023936	0.972512	0.148350	0.179480
53999	7.707109	-0.128171	-4.392622	0.427421	-1.445470	-0.187480	-0.167281	0.001054	0.985909	0.150216	-0.988297	0.026544	0.974398	0.152540	0.165165
54000	9.632196	0.230921	-0.074992	0.023059	-1.649526	-0.160244	-0.151446	0.005197	0.988452	0.150154	-0.988260	0.028201	0.976994	0.152691	0.148888
54001	16.423043	1.002740	9.402757	-0.841704	-1.363921	-0.091366	-0.138258	0.008158	0.990363	0.141736	-0.989510	0.027937	0.980202	0.144232	0.135652
54002	18.770254	1.320005	10.711666	-0.730343	-0.554887	0.015044	-0.132812	0.008830	0.991102	0.134560	-0.990541	0.026857	0.981965	0.136929	0.130368
54003	12.307238	2.946084	4.181843	0.821108	-0.295982	0.055328	-0.129863	0.008729	0.991494	0.142637	-0.989396	0.027392	0.981219	0.144981	0.127241
54004	8.022097	4.855879	1.297914	1.104046	-0.530316	-0.096033	-0.124823	0.010517	0.992123	0.153312	-0.987730	0.029759	0.980263	0.155819	0.121679
54005	7.822235	3.079347	1.102138	0.416103	-0.927023	-0.223623	-0.116114	0.014230	0.993134	0.157090	-0.987049	0.032510	0.980735	0.159786	0.112375
54006	9.373343	-1.621607	-2.313381	0.074387	-1.354640	-0.194387	-0.103145	0.018358	0.994497	0.157577	-0.986902	0.034561	0.982105	0.160274	0.098901
54007	12.021668	-3.563006	-4.438652	0.853346	-1.627521	-0.014129	-0.087215	0.021217	0.995964	0.165919	-0.985499	0.035524	0.982275	0.168348	0.082430
54008	12.445003	1.291332	-3.081936	1.736911	-1.564809	0.124862	-0.071660	0.022795	0.997169	0.183036	-0.982461	0.035612	0.980491	0.185070	0.066231
54009	10.863056	3.810001	-0.305077	1.742376	-1.342544	0.086774	-0.058376	0.024583	0.997992	0.200129	-0.979114	0.035825	0.978029	0.201818	0.052237
54010	7.982378	2.836389	-1.636691	1.100364	-1.172805	0.098674	-0.046734	0.026087	0.998567	0.210906	-0.976865	0.035390	0.976388	0.212258	0.040151
54011	7.669751	1.872211	-3.002018	0.357155	-1.208140	0.222791	-0.034495	0.026553	0.999052	0.214480	-0.976159	0.033350	0.976119	0.215428	0.027977
54012	9.540072	1.964859	-2.586089	-0.061879	-1.181905	0.285789	-0.022365	0.026343	0.999403	0.213931	-0.976372	0.030523	0.976593	0.214486	0.016201
54013	9.956796	1.713922	-2.579889	-0.544962	-1.131995	0.225916	-0.010852	0.026602	0.999587	0.208657	-0.977580	0.028282	0.977929	0.208878	0.005058
54014	10.518524	0.998144	-2.642391	-0.921704	-1.118043	0.169120	0.000417	0.027271	0.999628	0.199618	-0.979512	0.026639	0.979874	0.199532	-0.005852
54015	10.595364	1.098800	-2.353634	-1.083792	-1.041039	0.156309	0.010908	0.027838	0.999553	0.189005	-0.981651	0.025277	0.981916	0.188645	-0.015969
54016	10.392362	1.149430	-1.555186	-1.185445	-1.036395	0.123883	0.021301	0.028555	0.999365	0.177308	-0.983855	0.024332	0.983925	0.176677	-0.026020
54017	10.259144	0.392048	-0.821493	-1.135022	-0.994632	0.081928	0.031216	0.029536	0.999076	0.166146	-0.985810	0.023952	0.985607	0.165244	-0.035680
54018	9.738327	-0.693406	-0.883620	-0.799233	-0.953294	0.095805	0.040752	0.030168	0.998714	0.158206	-0.987130	0.023363	0.986565	0.157051	-0.045000
54019	9.326909	-1.311698	-0.833474	-0.278705	-0.926571	0.143191	0.050097	0.030283	0.998285	0.155426	-0.987599	0.022159	0.986576	0.154050	-0.054182
54020	9.560255	-1.710504	-0.993544	0.256595	-0.915321	0.195855	0.059410	0.029810	0.997788	0.157827	-0.987262	0.020098	0.985678	0.156284	-0.063358
54021	10.060786	-1.539489	-1.555005	0.703037	-0.884431	0.215260	0.068447	0.029177	0.997228	0.164637	-0.986198	0.017554	0.983976	0.162979	-0.072306
54022	10.138852	-0.653120	-1.796855	0.936777	-0.846814	0.185469	0.077064	0.028808	0.996610	0.173688	-0.984686	0.015033	0.981781	0.171940	-0.080888
54023	9.837791	0.531036	-1.702617	0.850344	-0.808723	0.155798	0.085252	0.028772	0.995944	0.181918	-0.983230	0.012833	0.979611	0.180087	-0.089057
54024	9.564017	1.225170	-1.542100	0.427147	-0.783188	0.127404	0.093132	0.028986	0.995232	0.185965	-0.982492	0.011213	0.978133	0.184034	-0.096892
54025	9.743485	0.936882	-1.717821	-0.116265	-0.750799	0.090042	0.100621	0.029557	0.994486	0.184765	-0.982726	0.010513	0.977618	0.182689	-0.104344
54026	9.948086	0.125138	-1.812034	-0.502828	-0.733351	0.070458	0.107899	0.030226	0.993702	0.179755	-0.983656	0.010402	0.977776	0.177501	-0.111569
54027	10.104475	-0.459353	-1.726637	-0.629573	-0.720906	0.066897	0.115048	0.030906	0.992879	0.173552	-0.984768	0.010543	0.978082	0.171104	-0.118660
54028	10.060554	-0.788273	-1.710751	-0.532470	-0.691694	0.059091	0.121895	0.031529	0.992042	0.168254	-0.985686	0.010654	0.978178	0.165617	-0.125455
54029	9.945964	-0.849307	-1.679892	-0.310439	-0.671557	0.039758	0.128511	0.032318	0.991181	0.165194	-0.986203	0.010737	0.977853	0.162357	-0.132077
54030	9.852190	-0.731898	-1.628018	-0.053926	-0.633662	0.024240	0.134725	0.033146	0.990328	0.164615	-0.986301	0.010617	0.977114	0.161593	-0.138336
54031	9.893608	-0.561011	-1.623714	0.131804	-0.596626	0.015554	0.140560	0.034035	0.989487	0.165901	-0.986088	0.010351	0.976074	0.162702	-0.144251
54032	9.912157	-0.334569	-1.724448	0.225642	-0.572105	0.013971	0.146144	0.034875	0.988648	0.168063	-0.985726	0.009929	0.974883	0.164705	-0.149919
54033	9.826198	-0.055556	-1.782431	0.252295	-0.545216	0.022106	0.151475	0.035633	0.987819	0.170505	-0.985312	0.009397	0.973644	0.167005	-0.155326
54034	9.663204	0.304043	-1.750646	0.194848	-0.529122	0.024217	0.156646	0.036324	0.986987	0.172346	-0.984996	0.008897	0.972501	0.168710	-0.160556
54035	9.693968	0.439571	-1.700007	0.033049	-0.536596	0.017800	0.161875	0.037126	0.986113	0.172656	-0.984943	0.008740	0.971590	0.168843	-0.165847
54036	9.556697	0.104439	-1.663738	-0.114149	-0.526178	0.012546	0.166987	0.037929	0.985229	0.171509	-0.985143	0.008856	0.970927	0.167497	-0.171011
54037	9.614826	-0.191450	-1.621491	-0.150782	-0.526519	0.007772	0.172093	0.038803	0.984316	0.170052	-0.985393	0.009114	0.970292	0.165816	-0.176177
54038	9.641578	-0.433330	-1.721718	-0.129556	-0.520498	-0.000810	0.177120	0.039711	0.983388	0.168780	-0.985609	0.009402	0.969609	0.164311	-0.181274
54039	9.560517	-0.508794	-1.683234	-0.048363	-0.514887	-0.009185	0.182077	0.040717	0.982441	0.168344	-0.985681	0.009652	0.968766	0.163630	-0.186324
54040	9.550831	-0.252804	-1.618729	0.044457	-0.522996	-0.009431	0.187105	0.041708	0.981454	0.168775	-0.985607	0.009709	0.967733	0.163828	-0.191451
54041	9.567253	-0.049133	-1.606433	0.073906	-0.535384	-0.018325	0.192234	0.042834	0.980414	0.169537	-0.985475	0.009813	0.966594	0.164330	-0.196704
54042	9.533178	0.003670	-1.607544	0.075438	-0.563452	-0.027078	0.197611	0.044070	0.979289	0.170303	-0.985341	0.009977	0.965374	0.164804	-0.202220
54043	9.558807	0.044347	-1.707482	0.061647	-0.584811	-0.038232	0.203170	0.045477	0.978087	0.170985	-0.985220	0.010291	0.964099	0.165147	-0.207943
54044	9.577035	0.112149	-1.688005	0.037448	-0.603786	-0.059545	0.208865	0.047102	0.976810	0.171453	-0.985133	0.010843	0.962798	0.165212	-0.213836
54045	9.647779	-0.050830	-1.619344	0.002703	-0.612509	-0.073006	0.214614	0.048898	0.975474	0.171644	-0.985090	0.011617	0.961498	0.164941	-0.219808
54046	9.640398	-0.163374	-1.649329	-0.009245	-0.633913	-0.096217	0.220520	0.050932	0.974052	0.171750	-0.985060	0.012624	0.960142	0.164510	-0.225973
54047	9.736666	-0.391653	-1.653827	-0.024090	-0.664030	-0.128412	0.226651	0.053351	0.972514	0.171817	-0.985030	0.013994	0.958701	0.163922	-0.232425
54048	9.833525	-0.485602	-1.553014	-0.032384	-0.695654	-0.156737	0.233026	0.056074	0.970853	0.171853	-0.984998	0.015643	0.957165	0.163198	-0.239167
54049	9.789456	-0.539571	-1.272468	-0.090002	-0.744935	-0.189188	0.239805	0.059208	0.969014	0.171445	-0.985034	0.017759	0.955563	0.161874	-0.246367
54050	9.693470	-0.689596	-0.991323	-0.147104	-0.790469	-0.226969	0.246945	0.062757	0.966995	0.170579	-0.985133	0.020373	0.953898	0.159919	-0.253978
54051	9.487488	-0.722380	-0.470096	-0.183736	-0.860758	-0.269184	0.254670	0.066828	0.964716	0.169502	-0.985250	0.023504	0.952057	0.157535	-0.262241
54052	9.200664	-1.079379	-0.058591	-0.211713	-0.955205	-0.315455	0.263201	0.071469	0.962090	0.168293	-0.985363	0.027158	0.949949	0.154765	-0.271377
54053	9.041280	-1.312022	0.199205	-0.207709	-1.060640	-0.367941	0.272626	0.076764	0.959053	0.167296	-0.985409	0.031317	0.947464	0.151908	-0.281490
54054	9.107701	-1.614583	0.150437	-0.192547	-1.188218	-0.426119	0.283135	0.082793	0.955500	0.166648	-0.985359	0.035999	0.944491	0.149039	-0.292787
54055	9.219404	-1.626604	-0.095811	-0.144024	-1.304094	-0.478859	0.294607	0.089461	0.951422	0.166641	-0.985163	0.041033	0.940977	0.146457	-0.305144
54056	9.573344	-1.363749	-0.380089	-0.091319	-1.420237	-0.525463	0.307045	0.096743	0.946765	0.167354	-0.984806	0.046355	0.936865	0.144212	-0.318570
54057	9.921273	-0.970267	-0.752651	-0.026711	-1.545321	-0.566504	0.320512	0.104545	0.941457	0.168840	-0.984280	0.051820	0.932076	0.142347	-0.333125
54058	10.330164	-0.462324	-1.162281	0.019882	-1.630405	-0.607920	0.334613	0.112877	0.935571	0.171007	-0.983590	0.057508	0.926710	0.140746	-0.348425
54059	10.476674	-0.086900	-1.260528	0.030527	-1.739538	-0.654522	0.349531	0.121743	0.928982	0.173475	-0.982787	0.063523	0.920725	0.138952	-0.364634
54060	10.663620	0.035376	-1.564550	0.024128	-1.837521	-0.695213	0.365154	0.131148	0.921663	0.176174	-0.981873	0.069917	0.914125	0.136842	-0.381640
54061	10.825873	0.471503	-1.452968	0.022854	-1.920472	-0.719806	0.381338	0.140807	0.913649	0.179013	-0.980872	0.076450	0.906937	0.134402	-0.399250
54062	11.035321	0.621508	-1.434400	0.006521	-2.018475	-0.762983	0.398169	0.151012	0.904797	0.182041	-0.979747	0.083412	0.899068	0.131498	-0.417595
54063	11.229222	1.116465	-1.264351	0.028892	-2.123129	-0.795069	0.415681	0.161536	0.895050	0.185469	-0.978478	0.090457	0.890399	0.128403	-0.436695
54064	11.919297	1.349862	-1.125945	-0.035516	-2.214612	-0.834148	0.433718	0.172533	0.884376	0.188694	-0.977125	0.098088	0.881070	0.124334	-0.456352
54065	13.069184	1.289021	-1.216286	-0.083858	-2.275411	-0.893902	0.451924	0.184005	0.872873	0.191843	-0.975647	0.106344	0.871184	0.119396	-0.476218
54066	14.379705	1.144965	-0.072521	-0.173794	-2.354632	-0.976869	0.470406	0.196308	0.860338	0.194842	-0.973986	0.115706	0.860671	0.113201	-0.496418
54067	15.365093	0.963673	0.994400	-0.124867	-2.418757	-1.045012	0.489004	0.209092	0.846851	0.198692	-0.972024	0.125265	0.849351	0.107007	-0.516868
54068	15.495609	1.407991	2.556216	-0.038797	-2.507678	-1.027056	0.508064	0.221716	0.832294	0.203486	-0.969845	0.134143	0.836938	0.101207	-0.537859
54069	15.860221	1.354657	3.623059	-0.147912	-2.595133	-1.001063	0.527536	0.233886	0.816702	0.207346	-0.967729	0.143205	0.823840	0.093794	-0.559008
54070	16.662975	1.156153	4.210652	-0.406189	-2.654713	-0.993571	0.547140	0.245886	0.800111	0.209369	-0.965697	0.153601	0.810433	0.083477	-0.579853
54071	17.355167	0.573606	4.354942	-0.701822	-2.700535	-0.986102	0.566751	0.257378	0.782655	0.209097	-0.963784	0.165528	0.796914	0.069838	-0.600043
54072	16.909442	-0.294950	3.061651	-0.955269	-2.713537	-0.922531	0.586254	0.267977	0.764522	0.206873	-0.961939	0.178539	0.783269	0.053489	-0.619378
54073	15.500583	-1.320415	0.424284	-1.102441	-2.735953	-0.815907	0.605812	0.276893	0.745870	0.203000	-0.960251	0.191597	0.769274	0.035339	-0.637941
54074	14.151615	-1.956456	-3.266616	-1.124456	-2.853596	-0.681477	0.626161	0.284213	0.726048	0.198640	-0.958619	0.203941	0.753966	0.016522	-0.656705
54075	14.763678	-1.500590	-4.340290	-1.307804	-2.909789	-0.679718	0.646544	0.290701	0.705318	0.192977	-0.956804	0.217455	0.738065	-0.004484	-0.674714
54076	16.173343	-0.633583	-5.502200	-1.040450	-2.848326	-0.667770	0.666035	0.296736	0.684358	0.189777	-0.954687	0.229255	0.721375	-0.022817	-0.692168
54077	13.840539	1.157743	-5.833214	-1.074505	-2.483985	-0.642297	0.682580	0.301862	0.665555	0.186222	-0.952488	0.241015	0.706687	-0.040571	-0.706362
54078	11.652989	2.170968	-7.343726	-0.783877	-2.226165	-0.579120	0.697067	0.306353	0.648264	0.184743	-0.950338	0.250454	0.692797	-0.054820	-0.719046
54079	11.600534	3.895255	-4.970466	-0.917836	-2.138485	-0.520241	0.710799	0.309704	0.631544	0.181850	-0.948238	0.260337	0.679481	-0.070201	-0.730327
54080	11.640549	3.058524	-7.135737	-1.094116	-1.487539	-0.626688	0.719696	0.314524	0.618961	0.178958	-0.945416	0.272328	0.670829	-0.085225	-0.736698
54081	7.304477	3.914921	-8.518885	-0.425029	-0.875629	-0.706480	0.724262	0.320200	0.610669	0.181014	-0.942868	0.279702	0.665341	-0.092038	-0.740844
54082	4.704693	3.865689	-9.773811	-0.241716	-0.540988	-0.709957	0.726538	0.326418	0.604644	0.184574	-0.940329	0.285856	0.661873	-0.096084	-0.743433
54083	3.426869	2.500363	-6.708376	-0.885457	-0.503407	-0.707167	0.728555	0.332301	0.598986	0.183609	-0.937186	0.296598	0.659921	-0.106109	-0.743805
54084	6.088974	0.070833	-2.621386	-1.500086	-0.361816	-0.451151	0.730113	0.336151	0.594926	0.177013	-0.933954	0.310477	0.660001	-0.121374	-0.741395
54085	6.776190	-1.507755	-3.064622	-1.605001	0.340344	-0.178189	0.727560	0.338006	0.597000	0.167422	-0.931374	0.323284	0.665302	-0.135257	-0.734220
54086	5.309372	-2.744213	-4.451530	-0.673889	0.865753	0.104523	0.721924	0.338260	0.603660	0.162169	-0.930786	0.327624	0.672701	-0.138625	-0.726813
54087	3.812588	-3.226282	-4.610700	0.507357	1.377705	0.335987	0.713158	0.336716	0.614840	0.162937	-0.932685	0.321791	0.681805	-0.129308	-0.720015
54088	2.978672	-2.200959	-5.213254	1.836621	1.819805	0.503676	0.701488	0.334191	0.629469	0.171999	-0.936519	0.305530	0.691615	-0.106058	-0.714437
54089	2.676386	-0.471221	-5.579529	2.624189	2.239448	0.615461	0.687004	0.330120	0.647338	0.185703	-0.941028	0.282809	0.702524	-0.074079	-0.707794
54090	3.021368	1.356151	-5.154604	2.760149	2.610818	0.708877	0.669850	0.324958	0.667610	0.200466	-0.944902	0.258791	0.714923	-0.039517	-0.698086
54091	3.355271	2.993035	-5.010806	2.521433	2.984121	0.781373	0.649923	0.317934	0.690303	0.213205	-0.948093	0.235931	0.729482	-0.006161	-0.683972
54092	3.385270	4.082929	-5.041516	2.137043	3.309896	0.852898	0.627345	0.309572	0.714565	0.223531	-0.950560	0.215566	0.745970	0.024493	-0.665529
54093	3.509290	4.924646	-4.444035	1.755321	3.586380	0.911242	0.602339	0.299255	0.740023	0.230904	-0.952755	0.197338	0.764114	0.052010	-0.642981
54094	4.070907	5.336664	-3.494157	1.352765	3.827228	0.927217	0.574864	0.287998	0.765891	0.235918	-0.954600	0.181883	0.783501	0.076130	-0.616709
54095	4.818446	5.804539	-2.844777	0.906876	4.108518	0.916499	0.544434	0.275451	0.792286	0.237699	-0.956489	0.169200	0.804419	0.096207	-0.586220
54096	5.332623	5.806069	-2.773143	0.358825	4.389098	0.914454	0.510776	0.262175	0.818763	0.235799	-0.958567	0.159841	0.826745	0.111421	-0.551433
54097	6.270215	6.276621	-3.022874	-0.084182	4.592917	0.894284	0.474327	0.248031	0.844686	0.230462	-0.961013	0.152775	0.849648	0.122203	-0.512996
54098	7.210228	5.867316	-3.181372	-0.707634	4.785652	0.899035	0.435103	0.233453	0.869589	0.220272	-0.964053	0.148599	0.873021	0.126890	-0.470886
54099	8.007116	5.318938	-4.190024	-1.053109	4.973091	0.974427	0.393136	0.217553	0.893373	0.206718	-0.967646	0.144672	0.895942	0.127800	-0.425389
54100	8.686070	4.286087	-4.700006	-1.362636	5.176713	1.105429	0.348351	0.200315	0.915710	0.190247	-0.971676	0.140184	0.917855	0.125378	-0.376594
54101	10.150082	3.326243	-5.515068	-1.446747	5.412698	1.282684	0.300374	0.181021	0.936486	0.172468	-0.975950	0.133331	0.938099	0.121465	-0.324370
54102	11.220911	2.384879	-6.039247	-1.367088	5.692903	1.461882	0.248821	0.159946	0.955251	0.155486	-0.980075	0.123602	0.955987	0.117774	-0.268733
54103	11.929669	2.368872	-6.025026	-1.202396	5.899339	1.635836	0.194314	0.136929	0.971335	0.140093	-0.983933	0.110680	0.970884	0.114570	-0.210375
54104	12.819474	2.539492	-6.332281	-1.096680	6.002465	1.760391	0.138002	0.112832	0.983984	0.126431	-0.987369	0.095488	0.982329	0.111229	-0.150524
54105	13.401530	1.745034	-6.905619	-1.093092	6.054589	1.841031	0.080396	0.087964	0.992874	0.113465	-0.990431	0.078560	0.990284	0.106340	-0.089608
54106	13.353855	0.569411	-6.814496	-0.917143	5.930144	1.814219	0.023480	0.063836	0.997684	0.103392	-0.992763	0.061088	0.994364	0.101718	-0.029911
