// General information: 
//  MT Manager version: 2022.2.0 
//  XDA version: 2022.2.0 build 7381 rev 124627 built on 2023-07-19
// Device information: 
//  DeviceId: 00B4CAF0
//  ProductCode: MTW2-3A7G6
//  Firmware Version: 4.6.0
//  Hardware Version: 2.0.0
// Device settings: 
//  Filter Profile: human(46.1)
//  Option Flags: Orientation Smoother Disabled, Position/Velocity Smoother Disabled, Continuous Zero Rotation Update Disabled, AHS Disabled, ICC Disabled
// Coordinate system: ENU
PacketCounter	Acc_X	Acc_Y	Acc_Z	Gyr_X	Gyr_Y	Gyr_Z	Mat[1][1]	Mat[2][1]	Mat[3][1]	Mat[1][2]	Mat[2][2]	Mat[3][2]	Mat[1][3]	Mat[2][3]	Mat[3][3]
19718	4.580544	0.225904	9.110321	-0.001037	-0.008486	0.002475	-0.801767	-0.395232	0.448286	0.451866	-0.891817	0.021898	0.391135	0.220122	0.893622
19719	4.602183	0.224421	9.137359	0.000720	-0.003737	0.004345	-0.801749	-0.395216	0.448333	0.451856	-0.891822	0.021887	0.391184	0.220130	0.893598
19720	4.563348	0.240042	9.102786	-0.000189	-0.008932	0.005912	-0.801698	-0.395202	0.448438	0.451857	-0.891822	0.021861	0.391287	0.220156	0.893547
19721	4.597970	0.197607	9.096040	0.001374	-0.005124	0.004593	-0.801654	-0.395238	0.448484	0.451911	-0.891795	0.021862	0.391315	0.220200	0.893524
19722	4.564691	0.239735	9.102121	-0.000383	-0.009873	0.002722	-0.801613	-0.395193	0.448596	0.451886	-0.891808	0.021848	0.391427	0.220228	0.893468
19723	4.589110	0.209372	9.147515	0.002487	-0.008839	0.001899	-0.801534	-0.395217	0.448716	0.451947	-0.891777	0.021851	0.391519	0.220310	0.893407
19724	4.584624	0.225286	9.108284	0.001931	-0.006982	0.003246	-0.801503	-0.395184	0.448802	0.451935	-0.891783	0.021856	0.391597	0.220347	0.893364
19725	4.585399	0.225220	9.107896	-0.000383	-0.009873	0.002722	-0.801445	-0.395168	0.448918	0.451941	-0.891781	0.021836	0.391708	0.220385	0.893306
19726	4.570241	0.210615	9.119097	0.001277	-0.005595	0.002997	-0.801420	-0.395135	0.448992	0.451924	-0.891789	0.021836	0.391778	0.220411	0.893269
19727	4.586368	0.225153	9.107409	0.002284	0.000071	0.003025	-0.801410	-0.395099	0.449041	0.451895	-0.891804	0.021828	0.391833	0.220413	0.893244
19728	4.570785	0.210482	9.118827	-0.001495	-0.006158	0.005415	-0.801372	-0.395087	0.449121	0.451887	-0.891809	0.021793	0.391920	0.220416	0.893205
19729	4.605481	0.210385	9.113986	0.004245	-0.004090	0.003768	-0.801332	-0.395081	0.449198	0.451906	-0.891799	0.021803	0.391980	0.220467	0.893166
19730	4.556106	0.238229	9.131756	0.001277	-0.005595	0.002997	-0.801306	-0.395048	0.449272	0.451890	-0.891807	0.021803	0.392051	0.220493	0.893129
19731	4.553613	0.182755	9.109317	0.001277	-0.005595	0.002997	-0.801292	-0.394990	0.449348	0.451844	-0.891831	0.021798	0.392132	0.220502	0.893091
19732	4.533552	0.226359	9.083464	0.001608	-0.011214	0.000963	-0.801254	-0.394926	0.449472	0.451812	-0.891846	0.021810	0.392246	0.220552	0.893028
19733	4.665823	0.180268	9.153894	0.003366	-0.006465	0.002833	-0.801232	-0.394887	0.449545	0.451798	-0.891853	0.021829	0.392308	0.220594	0.892991
19734	4.532407	0.255688	9.064273	0.002713	-0.005078	0.002585	-0.801211	-0.394852	0.449614	0.451784	-0.891860	0.021844	0.392368	0.220630	0.892956
19735	4.627629	0.196420	9.119002	0.000758	-0.010769	-0.002474	-0.801179	-0.394766	0.449746	0.451728	-0.891888	0.021853	0.392496	0.220671	0.892889
19736	4.536800	0.226915	9.081828	0.002233	-0.015422	0.003711	-0.801112	-0.394718	0.449908	0.451722	-0.891891	0.021859	0.392641	0.220744	0.892807
19737	4.632646	0.209974	9.138192	0.005357	-0.007806	0.001072	-0.801059	-0.394747	0.449976	0.451797	-0.891852	0.021912	0.392663	0.220850	0.892772
19738	4.575672	0.198184	9.094624	-0.000637	-0.016456	0.004535	-0.800984	-0.394704	0.450147	0.451785	-0.891858	0.021888	0.392828	0.220901	0.892686
19739	4.611447	0.240252	9.091171	0.000174	-0.011732	0.001374	-0.800968	-0.394613	0.450256	0.451714	-0.891894	0.021890	0.392943	0.220920	0.892631
19740	4.578096	0.197898	9.093410	-0.000509	-0.013165	0.003627	-0.800910	-0.394569	0.450398	0.451696	-0.891904	0.021871	0.393082	0.220960	0.892560
19741	4.600380	0.196411	9.120109	0.001025	-0.012178	0.004809	-0.800867	-0.394547	0.450494	0.451700	-0.891902	0.021874	0.393166	0.221007	0.892511
19742	4.617443	0.210810	9.107921	-0.000706	-0.014107	0.000438	-0.800819	-0.394473	0.450643	0.451656	-0.891924	0.021868	0.393313	0.221048	0.892436
19743	4.618534	0.210863	9.107367	0.005528	-0.009687	0.006759	-0.800750	-0.394506	0.450737	0.451730	-0.891886	0.021894	0.393369	0.221143	0.892388
19744	4.600751	0.183313	9.098176	0.002488	-0.008841	0.001894	-0.800717	-0.394456	0.450840	0.451709	-0.891896	0.021909	0.393460	0.221192	0.892336
19745	4.620069	0.211119	9.106582	0.001181	-0.006066	0.001400	-0.800719	-0.394384	0.450899	0.451651	-0.891925	0.021920	0.393524	0.221201	0.892306
19746	4.602290	0.225725	9.099360	0.001082	-0.006537	-0.000194	-0.800704	-0.394321	0.450981	0.451608	-0.891947	0.021933	0.393602	0.221228	0.892264
19747	4.605316	0.196917	9.117607	0.004050	-0.005033	0.000574	-0.800718	-0.394225	0.451041	0.451534	-0.891984	0.021968	0.393661	0.221251	0.892233
19748	4.608608	0.210324	9.137685	0.001181	-0.006066	0.001400	-0.800698	-0.394177	0.451118	0.451504	-0.891998	0.021975	0.393735	0.221277	0.892194
19749	4.625040	0.224901	9.125799	0.001082	-0.006537	-0.000194	-0.800679	-0.394100	0.451218	0.451446	-0.892028	0.021974	0.393839	0.221295	0.892143
19750	4.606824	0.197322	9.116836	0.003595	-0.002704	0.003516	-0.800663	-0.394078	0.451266	0.451443	-0.892029	0.021993	0.393876	0.221330	0.892118
19751	4.623079	0.212034	9.105034	0.002516	-0.006021	-0.000607	-0.800623	-0.394069	0.451345	0.451464	-0.892018	0.022015	0.393933	0.221392	0.892078
19752	4.610517	0.211050	9.136705	0.004050	-0.005033	0.000574	-0.800611	-0.394016	0.451414	0.451440	-0.892029	0.022051	0.393986	0.221440	0.892042
19753	4.621445	0.199424	9.084095	0.004677	-0.009242	0.003321	-0.800583	-0.393973	0.451499	0.451431	-0.892033	0.022086	0.394051	0.221502	0.891998
19754	4.590467	0.212983	9.108877	0.003523	-0.000354	-0.000580	-0.800595	-0.393920	0.451525	0.451395	-0.892050	0.022122	0.394069	0.221527	0.891984
19755	4.606588	0.227751	9.097134	0.002616	-0.005550	0.000987	-0.800615	-0.393809	0.451586	0.451299	-0.892098	0.022144	0.394138	0.221529	0.891953
19756	4.591311	0.213364	9.108442	0.001935	-0.006983	0.003241	-0.800583	-0.393776	0.451672	0.451287	-0.892104	0.022149	0.394217	0.221566	0.891909
19757	4.607738	0.227971	9.096546	0.002616	-0.005550	0.000987	-0.800536	-0.393790	0.451742	0.451331	-0.892081	0.022168	0.394261	0.221631	0.891873
19758	4.629025	0.184549	9.121776	0.002062	-0.003692	0.002334	-0.800521	-0.393756	0.451799	0.451313	-0.892090	0.022178	0.394312	0.221656	0.891844
19759	4.571600	0.215091	9.080449	0.002516	-0.006021	-0.000608	-0.800542	-0.393628	0.451874	0.451201	-0.892146	0.022202	0.394398	0.221659	0.891806
19760	4.627573	0.214094	9.102702	0.007747	-0.007267	0.005682	-0.800498	-0.393615	0.451963	0.451232	-0.892129	0.022247	0.394453	0.221749	0.891759
19761	4.606962	0.215729	9.075164	0.001862	-0.004634	-0.000855	-0.800452	-0.393624	0.452037	0.451269	-0.892110	0.022262	0.394504	0.221810	0.891722
19762	4.597183	0.227773	9.127198	0.001282	-0.005596	0.002994	-0.800426	-0.393591	0.452110	0.451253	-0.892118	0.022262	0.394574	0.221835	0.891684
19763	4.610722	0.229098	9.095006	0.002716	-0.005079	0.002580	-0.800437	-0.393536	0.452139	0.451212	-0.892138	0.022292	0.394598	0.221854	0.891669
19764	4.595361	0.214801	9.106366	0.004905	-0.005480	0.004007	-0.800408	-0.393512	0.452212	0.451218	-0.892134	0.022320	0.394651	0.221911	0.891631
19765	4.614421	0.200427	9.112926	0.000955	-0.009830	0.000712	-0.800398	-0.393417	0.452312	0.451144	-0.892172	0.022328	0.394756	0.221929	0.891580
19766	4.612656	0.229531	9.094014	0.001082	-0.006538	-0.000195	-0.800383	-0.393354	0.452394	0.451102	-0.892193	0.022341	0.394835	0.221957	0.891538
19767	4.615834	0.200460	9.112209	0.001356	-0.007945	0.007089	-0.800270	-0.393462	0.452499	0.451240	-0.892124	0.022315	0.394905	0.222043	0.891486
19768	4.598123	0.214913	9.104969	0.001182	-0.006067	0.001399	-0.800250	-0.393414	0.452576	0.451211	-0.892138	0.022321	0.394979	0.222070	0.891446
19769	4.611944	0.216251	9.072621	0.001610	-0.011218	0.000958	-0.800173	-0.393421	0.452707	0.451257	-0.892115	0.022326	0.395083	0.222152	0.891380
19770	4.612924	0.216288	9.072121	0.001810	-0.010275	0.004146	-0.800123	-0.393388	0.452823	0.451252	-0.892117	0.022326	0.395188	0.222201	0.891321
19771	4.635063	0.214983	9.098869	0.001710	-0.010747	0.002552	-0.800095	-0.393332	0.452922	0.451223	-0.892132	0.022337	0.395280	0.222241	0.891270
19772	4.654382	0.200561	9.105286	0.003145	-0.010231	0.002137	-0.800055	-0.393281	0.453037	0.451207	-0.892139	0.022358	0.395379	0.222301	0.891211
19773	4.621359	0.243019	9.111349	0.002491	-0.008843	0.001891	-0.800047	-0.393192	0.453127	0.451141	-0.892172	0.022375	0.395470	0.222325	0.891165
19774	4.637577	0.215384	9.097579	0.003472	-0.005997	0.004419	-0.800014	-0.393171	0.453205	0.451145	-0.892170	0.022388	0.395533	0.222372	0.891125
19775	4.635327	0.202193	9.076958	0.002038	-0.006513	0.004833	-0.799982	-0.393117	0.453308	0.451106	-0.892190	0.022372	0.395642	0.222387	0.891073
19776	4.622952	0.201069	9.108587	0.003170	-0.007411	-0.000364	-0.799964	-0.393050	0.453397	0.451071	-0.892207	0.022405	0.395718	0.222437	0.891027
19777	4.620648	0.188101	9.087989	0.004253	-0.004093	0.003758	-0.799917	-0.393055	0.453476	0.451102	-0.892191	0.022415	0.395777	0.222494	0.890987
19778	4.639498	0.173651	9.094642	0.002038	-0.006513	0.004833	-0.799880	-0.393036	0.453558	0.451104	-0.892190	0.022413	0.395851	0.222530	0.890945
19779	4.621842	0.230400	9.089327	0.001510	-0.001833	0.003680	-0.799792	-0.393159	0.453607	0.451250	-0.892116	0.022405	0.395861	0.222609	0.890920
19780	4.637560	0.202633	9.075808	0.001409	-0.002304	0.002086	-0.799784	-0.393125	0.453651	0.451227	-0.892128	0.022410	0.395904	0.222623	0.890898
19781	4.637841	0.202581	9.075666	0.000730	-0.003737	0.004340	-0.799750	-0.393144	0.453694	0.451257	-0.892113	0.022402	0.395939	0.222649	0.890876
19782	4.622581	0.230265	9.088955	0.001510	-0.001833	0.003680	-0.799736	-0.393126	0.453734	0.451247	-0.892118	0.022401	0.395978	0.222661	0.890856
19783	4.625486	0.201211	9.107297	0.002038	-0.006513	0.004832	-0.799696	-0.393106	0.453822	0.451246	-0.892118	0.022393	0.396060	0.222693	0.890811
19784	4.639051	0.244698	9.076998	0.001637	0.001459	0.002773	-0.799699	-0.393087	0.453833	0.451230	-0.892127	0.022397	0.396072	0.222694	0.890805
19785	4.620383	0.174823	9.066359	0.002490	-0.008844	0.001890	-0.799632	-0.393106	0.453935	0.451285	-0.892098	0.022410	0.396145	0.222774	0.890753
19786	4.624621	0.272697	9.089858	0.004127	-0.007385	0.004663	-0.799591	-0.393084	0.454024	0.451294	-0.892093	0.022428	0.396216	0.222831	0.890707
19787	4.658364	0.188062	9.081457	-0.000249	0.003274	0.006130	-0.799563	-0.393130	0.454034	0.451330	-0.892076	0.022389	0.396231	0.222821	0.890703
19788	4.645815	0.228793	9.115144	-0.000050	-0.005641	0.005001	-0.799529	-0.393115	0.454109	0.451325	-0.892079	0.022368	0.396308	0.222835	0.890665
19789	4.624896	0.230088	9.087781	0.004481	-0.000331	0.004444	-0.799536	-0.393058	0.454144	0.451277	-0.892103	0.022381	0.396346	0.222840	0.890647
19790	4.624732	0.187949	9.085915	0.002165	-0.003221	0.003925	-0.799516	-0.393038	0.454197	0.451272	-0.892106	0.022385	0.396393	0.222864	0.890620
19791	4.643910	0.257942	9.096288	0.002291	0.000070	0.003019	-0.799516	-0.392997	0.454232	0.451235	-0.892125	0.022384	0.396435	0.222862	0.890602
19792	4.646194	0.186621	9.113001	0.000077	-0.002349	0.004094	-0.799499	-0.392981	0.454277	0.451223	-0.892131	0.022368	0.396485	0.222864	0.890579
19793	4.659490	0.230109	9.082832	0.004709	0.003432	0.005130	-0.799491	-0.392995	0.454280	0.451244	-0.892120	0.022381	0.396476	0.222885	0.890578
19794	4.659467	0.230285	9.082839	0.003599	-0.002706	0.003510	-0.799474	-0.392973	0.454328	0.451242	-0.892121	0.022400	0.396513	0.222919	0.890553
19795	4.622482	0.217257	9.067232	0.003929	0.001529	0.005791	-0.799422	-0.393049	0.454353	0.451333	-0.892074	0.022400	0.396512	0.222972	0.890540
19796	4.659425	0.230530	9.082855	0.003828	0.001057	0.004197	-0.799418	-0.393041	0.454368	0.451337	-0.892072	0.022417	0.396518	0.222994	0.890532
19797	4.627864	0.243952	9.108022	0.002520	0.003834	0.003705	-0.799408	-0.393061	0.454367	0.451359	-0.892061	0.022417	0.396512	0.223003	0.890532
19798	4.640717	0.245170	9.076133	0.000857	-0.000445	0.003433	-0.799401	-0.393044	0.454395	0.451345	-0.892068	0.022411	0.396543	0.223004	0.890518
19799	4.643028	0.216188	9.094779	0.004056	0.004820	0.004884	-0.799395	-0.393082	0.454373	0.451387	-0.892046	0.022425	0.396507	0.223024	0.890529
19800	4.645630	0.229357	9.115224	0.001162	0.000970	0.008214	-0.799372	-0.393110	0.454389	0.451412	-0.892034	0.022400	0.396525	0.223023	0.890522
19801	4.645298	0.229199	9.115397	0.001213	0.006610	0.003213	-0.799354	-0.393161	0.454376	0.451458	-0.892011	0.022385	0.396508	0.223025	0.890529
19802	4.607827	0.215915	9.100038	-0.000349	0.002803	0.004535	-0.799355	-0.393160	0.454375	0.451448	-0.892017	0.022364	0.396518	0.223003	0.890530
19803	4.644497	0.229017	9.115810	0.003301	0.005737	0.003044	-0.799414	-0.393080	0.454341	0.451356	-0.892063	0.022380	0.396504	0.222961	0.890547
19804	4.619830	0.217275	9.068583	0.004184	0.008111	0.003976	-0.799438	-0.393087	0.454293	0.451360	-0.892061	0.022401	0.396451	0.222958	0.890571
19805	4.627374	0.214884	9.128090	0.003403	0.006208	0.004637	-0.799396	-0.393177	0.454288	0.451457	-0.892012	0.022397	0.396424	0.222996	0.890573
19806	4.639978	0.216137	9.096337	0.000984	0.002846	0.002526	-0.799406	-0.393158	0.454286	0.451436	-0.892022	0.022397	0.396428	0.222985	0.890574
19807	4.586861	0.230819	9.094444	0.003632	0.009971	0.005323	-0.799477	-0.393119	0.454196	0.451375	-0.892053	0.022415	0.396355	0.222933	0.890620
19808	4.638698	0.216252	9.096987	0.001011	0.005666	0.000025	-0.799509	-0.393085	0.454169	0.451334	-0.892073	0.022426	0.396337	0.222912	0.890633
19809	4.638163	0.216345	9.097257	0.003403	0.006208	0.004637	-0.799511	-0.393095	0.454157	0.451341	-0.892070	0.022424	0.396324	0.222908	0.890640
19810	4.637696	0.216389	9.097494	0.002622	0.004305	0.005298	-0.799514	-0.393105	0.454143	0.451349	-0.892066	0.022426	0.396309	0.222907	0.890647
19811	4.653049	0.230859	9.086114	0.000358	0.007054	-0.000222	-0.799551	-0.393065	0.454112	0.451295	-0.892093	0.022424	0.396296	0.222868	0.890662
19812	4.618245	0.231139	9.091136	0.004737	0.006251	0.002628	-0.799574	-0.393055	0.454080	0.451290	-0.892095	0.022457	0.396256	0.222877	0.890678
19813	4.630707	0.232658	9.059461	0.004737	0.006251	0.002628	-0.799624	-0.393007	0.454035	0.451238	-0.892120	0.022491	0.396214	0.222862	0.890700
19814	4.635480	0.217126	9.098606	0.003302	0.005736	0.003043	-0.799643	-0.392999	0.454007	0.451231	-0.892124	0.022509	0.396185	0.222861	0.890714
19815	4.634873	0.217443	9.098908	0.005418	0.007682	0.000373	-0.799734	-0.392871	0.453958	0.451094	-0.892192	0.022555	0.396156	0.222816	0.890738
19816	4.581895	0.232573	9.096903	0.006697	0.002086	0.003368	-0.799737	-0.392858	0.453963	0.451102	-0.892186	0.022602	0.396140	0.222859	0.890734
19817	4.649935	0.232629	9.087664	0.003403	0.006208	0.004636	-0.799750	-0.392855	0.453943	0.451093	-0.892191	0.022604	0.396124	0.222848	0.890744
19818	4.599262	0.218396	9.104311	0.002649	0.007124	0.002795	-0.799776	-0.392848	0.453904	0.451081	-0.892196	0.022617	0.396086	0.222836	0.890764
19819	4.617416	0.246149	9.113264	0.001867	0.005221	0.003457	-0.799829	-0.392802	0.453851	0.451020	-0.892227	0.022630	0.396049	0.222796	0.890790
19820	4.629567	0.205011	9.079834	-0.000221	0.006095	0.003624	-0.799846	-0.392800	0.453821	0.451003	-0.892236	0.022614	0.396033	0.222762	0.890806
19821	4.613563	0.232868	9.093469	0.005492	0.005334	0.004468	-0.799909	-0.392719	0.453781	0.450917	-0.892279	0.022648	0.396005	0.222734	0.890825
19822	4.647321	0.232829	9.088995	0.000432	0.004707	0.003871	-0.799920	-0.392717	0.453763	0.450904	-0.892285	0.022636	0.395997	0.222711	0.890835
19823	4.665353	0.218317	9.096083	0.005362	0.002042	0.005376	-0.799925	-0.392686	0.453781	0.450882	-0.892296	0.022652	0.396012	0.222721	0.890825
19824	4.612070	0.190914	9.092287	0.003404	0.006207	0.004635	-0.799939	-0.392694	0.453750	0.450887	-0.892293	0.022663	0.395978	0.222719	0.890841
19825	4.614835	0.246703	9.114556	0.005189	0.003918	-0.000312	-0.799986	-0.392596	0.453752	0.450795	-0.892339	0.022702	0.395988	0.222710	0.890839
19826	4.627299	0.205782	9.080973	0.001057	0.000499	0.006619	-0.799968	-0.392609	0.453772	0.450807	-0.892333	0.022684	0.396010	0.222710	0.890829
19827	4.624737	0.234623	9.062460	0.001839	0.002402	0.005958	-0.799959	-0.392600	0.453795	0.450794	-0.892341	0.022661	0.396043	0.222696	0.890818
19828	4.611152	0.191174	9.092747	0.001536	0.000986	0.001179	-0.799968	-0.392566	0.453810	0.450764	-0.892355	0.022672	0.396059	0.222698	0.890810
19829	4.629348	0.176632	9.099755	0.001738	0.001930	0.004365	-0.799973	-0.392550	0.453814	0.450745	-0.892365	0.022667	0.396070	0.222688	0.890808
19830	4.648310	0.246697	9.110232	0.005262	0.001570	0.003783	-0.799972	-0.392540	0.453824	0.450751	-0.892361	0.022699	0.396065	0.222720	0.890802
19831	4.608240	0.220463	9.074401	0.000985	0.002846	0.002524	-0.799988	-0.392504	0.453829	0.450709	-0.892383	0.022691	0.396082	0.222697	0.890800
19832	4.650384	0.217899	9.128993	0.003826	0.001056	0.004197	-0.799983	-0.392496	0.453843	0.450712	-0.892380	0.022709	0.396088	0.222719	0.890792
19833	4.644911	0.234032	9.090196	0.007379	0.003514	0.001114	-0.800041	-0.392394	0.453830	0.450621	-0.892425	0.022769	0.396074	0.222722	0.890797
19834	4.628807	0.219813	9.101938	0.000303	0.001416	0.004779	-0.800035	-0.392392	0.453841	0.450615	-0.892428	0.022753	0.396093	0.222711	0.890792
19835	4.628701	0.219900	9.101990	0.005161	0.001098	0.002190	-0.800078	-0.392334	0.453816	0.450566	-0.892452	0.022806	0.396061	0.222721	0.890804
19836	4.628542	0.220245	9.102063	0.004508	0.002486	0.001942	-0.800090	-0.392309	0.453817	0.450554	-0.892457	0.022839	0.396052	0.222743	0.890802
19837	4.631135	0.233754	9.122485	0.002319	0.002888	0.000516	-0.800144	-0.392210	0.453806	0.450450	-0.892509	0.022859	0.396061	0.222708	0.890807
19838	4.625671	0.249704	9.083687	0.002972	0.001500	0.000764	-0.800157	-0.392173	0.453816	0.450422	-0.892522	0.022885	0.396066	0.222720	0.890801
19839	4.604106	0.209046	9.054711	0.004277	-0.001277	0.001259	-0.800182	-0.392081	0.453851	0.450343	-0.892562	0.022915	0.396106	0.222725	0.890783
19840	4.641569	0.264656	9.072030	0.003826	0.001056	0.004197	-0.800178	-0.392073	0.453866	0.450346	-0.892560	0.022932	0.396111	0.222746	0.890775
19841	4.625050	0.207804	9.082073	-0.002336	0.004152	0.006290	-0.800245	-0.391958	0.453846	0.450191	-0.892639	0.022883	0.396152	0.222629	0.890786
19842	4.622244	0.236755	9.063676	0.005292	0.004388	0.001280	-0.800267	-0.391932	0.453831	0.450176	-0.892645	0.022926	0.396124	0.222651	0.890793
19843	4.645857	0.249050	9.111419	0.003856	0.003874	0.001694	-0.800313	-0.391868	0.453805	0.450112	-0.892677	0.022958	0.396105	0.222637	0.890805
19844	4.645078	0.207041	9.109891	0.003957	0.004346	0.003287	-0.800325	-0.391860	0.453790	0.450108	-0.892678	0.022981	0.396084	0.222647	0.890812
19845	4.651101	0.276278	9.152220	0.008453	-0.003026	0.000926	-0.800359	-0.391730	0.453841	0.450009	-0.892727	0.023049	0.396127	0.222680	0.890784
19846	4.847675	0.090204	9.187734	0.005568	-0.013913	-0.002548	-0.800326	-0.391629	0.453988	0.449965	-0.892747	0.023112	0.396245	0.222776	0.890708
19847	5.026538	0.109548	9.355793	-0.015353	0.034738	-0.001170	-0.800567	-0.391490	0.453682	0.449669	-0.892899	0.022987	0.396093	0.222409	0.890867
19848	5.088538	-0.026111	9.233916	0.031108	0.123950	-0.009775	-0.801112	-0.391631	0.452598	0.449668	-0.892892	0.023311	0.394992	0.222193	0.891410
19849	4.773593	0.127753	9.066599	0.016439	0.165254	-0.019874	-0.801904	-0.391692	0.451140	0.449435	-0.893002	0.023546	0.393646	0.221640	0.892143
19850	4.730078	0.222888	9.253186	0.031629	0.172263	-0.024731	-0.802703	-0.391805	0.449619	0.449316	-0.893052	0.023942	0.392153	0.221239	0.892899
19851	4.974502	0.135554	9.405148	0.047105	0.208830	-0.042861	-0.803763	-0.391756	0.447763	0.449019	-0.893185	0.024553	0.390317	0.220789	0.893815
19852	5.017548	0.021521	9.252813	0.049727	0.268423	-0.057908	-0.805078	-0.391783	0.445371	0.448701	-0.893325	0.025259	0.387965	0.220173	0.894990
19853	4.689407	0.288543	9.225043	0.082732	0.328920	-0.066864	-0.806693	-0.391830	0.442397	0.448397	-0.893447	0.026311	0.384949	0.219594	0.896433
19854	4.489338	0.276249	9.129131	0.076961	0.315957	-0.072930	-0.808243	-0.391823	0.439566	0.448058	-0.893587	0.027324	0.382084	0.219036	0.897794
19855	4.418788	0.247430	9.086158	0.092410	0.313513	-0.080572	-0.809834	-0.391713	0.436726	0.447677	-0.893740	0.028517	0.379149	0.218606	0.899143
19856	4.197692	0.416211	9.077075	0.092598	0.286244	-0.078538	-0.811278	-0.391589	0.434150	0.447345	-0.893869	0.029693	0.376446	0.218304	0.900351
19857	4.314340	0.284979	9.106986	0.079243	0.246386	-0.075698	-0.812593	-0.391339	0.431911	0.446909	-0.894051	0.030742	0.374120	0.218005	0.901392
19858	4.257378	0.296070	9.121124	0.093641	0.245854	-0.074836	-0.813855	-0.391158	0.429693	0.446604	-0.894163	0.031910	0.371734	0.217872	0.902411
19859	4.072621	0.394352	9.060876	0.078806	0.205513	-0.071498	-0.814963	-0.390909	0.427815	0.446254	-0.894300	0.032936	0.369720	0.217756	0.903266
19860	4.051132	0.419163	9.029047	0.070178	0.170122	-0.060157	-0.815870	-0.390694	0.426281	0.445976	-0.894405	0.033828	0.368051	0.217710	0.903958
19861	4.001196	0.455681	9.019437	0.053851	0.124668	-0.048046	-0.816597	-0.390400	0.425155	0.445638	-0.894547	0.034518	0.366846	0.217652	0.904462
19862	3.951289	0.547772	8.970096	0.039886	0.080285	-0.029649	-0.817034	-0.390262	0.424441	0.445496	-0.894599	0.035005	0.366044	0.217687	0.904779
19863	4.002702	0.521564	9.015528	0.018749	0.033822	-0.007623	-0.817237	-0.390161	0.424145	0.445389	-0.894644	0.035209	0.365722	0.217684	0.904910
19864	4.132644	0.449360	9.110530	0.007943	-0.000644	0.003994	-0.817228	-0.390147	0.424175	0.445405	-0.894634	0.035264	0.365723	0.217749	0.904893
19865	4.006708	0.465247	9.053378	0.002560	-0.029750	0.020100	-0.817074	-0.390170	0.424449	0.445481	-0.894599	0.035211	0.365973	0.217855	0.904767
19866	4.288371	0.402286	9.211189	-0.012149	-0.068581	0.028415	-0.816707	-0.390227	0.425102	0.445623	-0.894537	0.034981	0.366619	0.218005	0.904469
19867	4.380908	0.301622	9.206463	-0.002732	-0.053752	0.029518	-0.816412	-0.390274	0.425626	0.445749	-0.894480	0.034826	0.367122	0.218155	0.904229
19868	4.170400	0.485666	9.132098	-0.006209	-0.067890	0.034101	-0.816022	-0.390383	0.426274	0.445958	-0.894384	0.034625	0.367736	0.218356	0.903931
19869	4.300806	0.355761	9.141917	-0.012147	-0.088196	0.039109	-0.815582	-0.390399	0.427100	0.446083	-0.894332	0.034350	0.368559	0.218537	0.903552
19870	4.204564	0.465971	9.132699	-0.011549	-0.097020	0.050151	-0.815011	-0.390588	0.428016	0.446403	-0.894185	0.034032	0.369433	0.218804	0.903130
19871	4.337962	0.419203	9.143612	-0.019792	-0.120223	0.054623	-0.814374	-0.390692	0.429133	0.446647	-0.894078	0.033622	0.370542	0.219051	0.902616
19872	4.367243	0.358321	9.144712	-0.016636	-0.120094	0.062674	-0.813659	-0.390941	0.430260	0.447049	-0.893893	0.033203	0.371626	0.219363	0.902094
19873	4.419664	0.351638	9.194996	-0.024691	-0.127371	0.067857	-0.812878	-0.391265	0.431441	0.447510	-0.893681	0.032692	0.372780	0.219649	0.901548
19874	4.485988	0.345801	9.213577	-0.017232	-0.118748	0.062318	-0.812166	-0.391513	0.432555	0.447906	-0.893498	0.032269	0.373853	0.219952	0.901030
19875	4.444245	0.313404	9.203390	-0.021955	-0.115160	0.063876	-0.811527	-0.391669	0.433611	0.448169	-0.893383	0.031805	0.374924	0.220142	0.900539
19876	4.473468	0.336425	9.207200	-0.020487	-0.114664	0.063432	-0.810823	-0.391935	0.434686	0.448560	-0.893203	0.031347	0.375977	0.220400	0.900036
19877	4.522334	0.274062	9.236104	-0.019459	-0.106702	0.059258	-0.810195	-0.392146	0.435667	0.448881	-0.893056	0.030923	0.376948	0.220616	0.899577
19878	4.493135	0.285490	9.196392	-0.016453	-0.097762	0.049244	-0.809616	-0.392322	0.436584	0.449171	-0.892923	0.030562	0.377845	0.220844	0.899144
19879	4.449761	0.338716	9.190201	-0.016877	-0.090304	0.045493	-0.809118	-0.392413	0.437424	0.449353	-0.892843	0.030214	0.378694	0.221005	0.898748
19880	4.426059	0.264142	9.207546	-0.018858	-0.098820	0.042976	-0.808561	-0.392530	0.438347	0.449583	-0.892739	0.029858	0.379610	0.221216	0.898310
19881	4.543233	0.160237	9.226615	-0.021651	-0.126623	0.028549	-0.808006	-0.392368	0.439514	0.449586	-0.892748	0.029538	0.380786	0.221466	0.897750
19882	4.549579	0.252883	9.336109	-0.003584	-0.079248	0.020788	-0.807622	-0.392330	0.440255	0.449694	-0.892698	0.029416	0.381474	0.221737	0.897391
19883	4.305160	0.232871	9.110812	-0.011483	-0.102946	0.016605	-0.807195	-0.392143	0.441203	0.449671	-0.892715	0.029240	0.382402	0.221998	0.896931
19884	4.278479	0.284123	9.222645	-0.010695	-0.135775	0.009825	-0.806642	-0.391881	0.442445	0.449663	-0.892724	0.029102	0.383577	0.222427	0.896323
19885	4.414014	0.351987	9.213722	-0.015747	-0.161275	0.007307	-0.806011	-0.391516	0.443917	0.449588	-0.892767	0.028926	0.384989	0.222895	0.895601
19886	4.414712	0.222657	9.233927	-0.011166	-0.171006	0.009059	-0.805321	-0.391167	0.445473	0.449572	-0.892780	0.028788	0.386449	0.223456	0.894832
19887	4.055167	0.505418	9.263694	-0.015078	-0.195527	0.014712	-0.804551	-0.390737	0.447238	0.449501	-0.892822	0.028592	0.388132	0.224037	0.893958
19888	3.352254	0.741616	9.427363	-0.081212	-0.275457	0.005550	-0.803464	-0.390121	0.449723	0.449183	-0.893006	0.027843	0.390743	0.224379	0.892734
19889	2.916285	0.274314	9.693198	-0.130689	-0.455731	0.055165	-0.801468	-0.389476	0.453826	0.448991	-0.893146	0.026426	0.395040	0.224943	0.890698
19890	0.586949	-1.141834	11.627467	0.070979	-0.725408	0.201549	-0.797686	-0.389583	0.460351	0.450838	-0.892223	0.026138	0.400552	0.228394	0.887352
19891	0.774481	-0.826451	10.079827	0.108181	-1.378048	0.249260	-0.791012	-0.388520	0.472602	0.453153	-0.891055	0.025935	0.411038	0.234677	0.880894
19892	3.365848	0.184134	12.185214	0.393834	-1.847597	0.397185	-0.781500	-0.387571	0.488923	0.457874	-0.888592	0.027481	0.423803	0.245342	0.871894
19893	2.283922	-0.493021	11.579032	0.502524	-2.148307	0.484028	-0.770045	-0.386382	0.507680	0.463710	-0.885499	0.029422	0.438182	0.258073	0.861043
19894	4.470191	-1.023688	12.307459	0.784158	-2.566395	0.521130	-0.756169	-0.384098	0.529791	0.471140	-0.881425	0.033424	0.454132	0.274880	0.847470
19895	5.503746	-1.687366	11.724797	1.338599	-2.725774	0.571538	-0.740947	-0.381182	0.552900	0.481426	-0.875500	0.041573	0.468217	0.296984	0.832210
19896	4.789334	3.354771	12.049063	1.764495	-2.765183	0.774325	-0.724065	-0.379309	0.576068	0.495419	-0.867111	0.051751	0.479885	0.322866	0.815762
19897	5.559777	7.645892	12.594822	1.119798	-3.132808	1.002240	-0.703817	-0.377326	0.601886	0.507828	-0.859709	0.054873	0.496742	0.344275	0.796694
19898	7.104392	3.216592	11.749241	0.387367	-3.194132	1.069473	-0.682156	-0.375200	0.627606	0.517159	-0.854347	0.051358	0.516924	0.359606	0.776836
19899	2.511136	7.638501	14.104142	0.514239	-2.710239	1.040097	-0.662554	-0.373999	0.648959	0.526720	-0.848644	0.048676	0.532530	0.374071	0.759265
19900	-1.006485	11.370359	14.051426	-0.539731	-2.747310	0.733645	-0.643776	-0.369817	0.669917	0.528539	-0.847975	0.039803	0.553353	0.379701	0.741369
19901	5.375305	6.138419	17.194578	-1.275887	-2.550371	-0.094073	-0.629908	-0.359229	0.688600	0.520598	-0.853235	0.031109	0.576363	0.378080	0.724473
19902	4.190828	1.747014	17.876383	-0.751162	-0.631877	-0.931010	-0.631049	-0.348830	0.692889	0.510326	-0.859380	0.032131	0.584247	0.373876	0.720328
19903	-2.852090	1.485876	13.840024	-0.120154	0.116867	-1.513992	-0.639425	-0.336093	0.691504	0.499872	-0.865092	0.041763	0.584178	0.372367	0.721165
19904	-5.643285	2.166274	11.704053	-0.095368	0.265159	-1.757234	-0.649660	-0.321771	0.688771	0.487945	-0.871250	0.053219	0.582968	0.370657	0.723023
19905	-4.471177	-0.064684	11.521178	-0.253556	0.059964	-1.816493	-0.658796	-0.306006	0.687276	0.474456	-0.877958	0.063889	0.583849	0.368172	0.723581
19906	-2.271718	-2.570132	12.599977	-0.204554	0.404791	-1.779788	-0.669491	-0.291758	0.683124	0.461398	-0.884050	0.074618	0.582146	0.365149	0.726480
19907	-1.824851	-3.515461	12.857880	0.012008	0.829043	-1.651758	-0.681870	-0.280056	0.675738	0.450184	-0.888793	0.085914	0.576531	0.362788	0.732118
19908	-1.958276	-3.358449	12.588229	0.102728	1.246377	-1.414442	-0.695309	-0.271913	0.665289	0.440986	-0.892347	0.096170	0.567518	0.360251	0.740366
19909	-1.508287	-3.274298	12.257430	0.043906	1.515597	-1.111209	-0.708747	-0.267325	0.652852	0.433279	-0.895264	0.103788	0.556729	0.356427	0.750342
19910	-0.861510	-3.428026	11.886189	-0.046159	1.764425	-0.796281	-0.721893	-0.266379	0.638681	0.427283	-0.897573	0.108596	0.544335	0.351292	0.761770
19911	-0.285861	-3.351311	11.630405	-0.109360	1.965464	-0.509987	-0.734699	-0.268552	0.622974	0.422811	-0.899404	0.110924	0.530517	0.344896	0.774338
19912	0.195102	-3.106782	11.418298	-0.151110	2.109202	-0.282124	-0.746926	-0.273160	0.606205	0.419884	-0.900704	0.111490	0.515557	0.337810	0.787455
19913	0.901896	-2.421765	11.421537	-0.173154	2.206103	-0.122943	-0.758722	-0.279312	0.588495	0.417879	-0.901724	0.110776	0.499719	0.329968	0.800876
19914	1.682773	-1.268511	11.607897	-0.258011	2.294794	-0.003592	-0.770023	-0.286699	0.569972	0.416536	-0.902595	0.108723	0.483283	0.321133	0.814439
19915	2.609293	-0.704136	11.741592	-0.428555	2.340700	0.109065	-0.780780	-0.294950	0.550805	0.415125	-0.903742	0.104506	0.466962	0.310249	0.828065
19916	3.788714	-0.528295	12.058513	-0.552476	2.392186	0.189857	-0.790975	-0.303893	0.531044	0.414035	-0.904875	0.098874	0.450482	0.298077	0.841556
19917	5.577381	-0.674863	12.677047	-0.564879	2.504054	0.215106	-0.801242	-0.313015	0.509934	0.413030	-0.905970	0.092865	0.432917	0.285025	0.855186
19918	6.858792	-0.429389	12.998763	-0.455268	2.802578	0.184992	-0.812331	-0.322447	0.485950	0.412551	-0.906672	0.088022	0.412214	0.271982	0.869543
19919	6.734500	0.381300	12.588834	-0.345316	3.092064	0.127753	-0.824281	-0.331667	0.458865	0.411984	-0.907285	0.084283	0.388368	0.258518	0.884499
19920	6.162890	1.286618	11.829541	-0.310541	3.226465	0.064037	-0.836148	-0.340319	0.430162	0.411301	-0.907873	0.081230	0.362888	0.244847	0.899090
19921	5.766303	1.897227	11.145598	-0.348669	3.223977	-0.005583	-0.847559	-0.347772	0.400872	0.409800	-0.908835	0.077987	0.337205	0.230376	0.912809
19922	5.649787	1.987301	10.605360	-0.385415	3.125961	-0.093100	-0.858101	-0.353851	0.372092	0.407706	-0.910044	0.074802	0.312151	0.215892	0.925177
19923	5.808092	1.885064	10.294557	-0.356242	2.995385	-0.204721	-0.868015	-0.358085	0.343984	0.404650	-0.911624	0.072106	0.287764	0.201783	0.936203
19924	5.891902	1.920203	10.055927	-0.279592	2.862616	-0.337951	-0.877285	-0.360545	0.316825	0.400882	-0.913407	0.070586	0.263940	0.188934	0.945854
19925	6.177727	2.220688	10.018054	-0.229790	2.701550	-0.469015	-0.886071	-0.361030	0.290750	0.395950	-0.915621	0.069725	0.241044	0.176904	0.954255
19926	6.324701	2.608860	9.899116	-0.284128	2.543218	-0.569427	-0.894179	-0.360110	0.266015	0.390178	-0.918182	0.068580	0.219554	0.165116	0.961526
19927	6.877081	2.302237	9.923246	-0.407362	2.340319	-0.645638	-0.901674	-0.357722	0.242937	0.383318	-0.921242	0.066187	0.200127	0.152802	0.967781
19928	8.068034	1.731533	10.090988	-0.514659	2.196400	-0.698568	-0.908539	-0.354445	0.221192	0.375963	-0.924504	0.062803	0.182233	0.140219	0.973206
19929	10.248572	1.052771	10.527414	-0.571323	2.154016	-0.740246	-0.915109	-0.350295	0.199673	0.368021	-0.927964	0.058685	0.164732	0.127187	0.978104
19930	13.053121	0.126497	10.312469	-0.548906	2.388099	-0.739400	-0.921512	-0.346251	0.175860	0.360333	-0.931220	0.054677	0.144832	0.113754	0.982896
19931	13.523649	0.032727	8.641312	-0.419945	2.778045	-0.588836	-0.927370	-0.343578	0.148115	0.354159	-0.933772	0.051399	0.120646	0.100123	0.987634
19932	12.360159	0.094905	5.704785	-0.380838	2.929606	-0.288244	-0.931557	-0.343571	0.118999	0.351022	-0.935136	0.047998	0.094790	0.086485	0.991733
19933	11.159547	-0.159392	2.233406	-0.316786	2.691717	0.126655	-0.933403	-0.346759	0.092290	0.351773	-0.935021	0.044631	0.070817	0.074124	0.994731
19934	12.075696	-0.191642	-0.466128	-0.109216	2.094036	0.573629	-0.932668	-0.353534	0.071716	0.357011	-0.933107	0.043054	0.051698	0.065759	0.996495
19935	13.820671	0.328905	-2.331790	0.162713	1.485764	0.999310	-0.929769	-0.363656	0.057304	0.366251	-0.929478	0.043950	0.037280	0.061851	0.997389
19936	15.240315	1.481677	-3.477709	0.408893	0.874525	1.314212	-0.925176	-0.376335	0.049204	0.378527	-0.924381	0.047308	0.027679	0.062393	0.997668
19937	15.551334	2.977402	-4.160498	0.490973	0.227225	1.520568	-0.919420	-0.390377	0.047673	0.392562	-0.918288	0.051405	0.023711	0.065978	0.997539
19938	15.699289	3.957070	-3.798590	0.411508	-0.528761	1.624856	-0.912805	-0.404833	0.053832	0.407507	-0.911565	0.054664	0.026942	0.071834	0.997053
19939	16.012669	4.106369	-2.651437	0.294320	-1.232234	1.674096	-0.905495	-0.419026	0.067049	0.422744	-0.904483	0.056545	0.036951	0.079546	0.996146
19940	16.286999	3.946616	-0.954943	0.272524	-1.838394	1.708640	-0.897338	-0.432814	0.086350	0.438224	-0.896997	0.057928	0.052383	0.089821	0.994579
19941	16.108582	4.076997	0.706474	0.345948	-2.287783	1.736599	-0.888192	-0.446080	0.110125	0.453906	-0.889051	0.059645	0.071300	0.102963	0.992127
19942	-3.671814	15.236672	13.344902	0.667340	-2.478703	1.482828	-0.879379	-0.456399	0.135618	0.467506	-0.881640	0.064416	0.090167	0.120048	0.988665
19943	-13.389410	3.522805	12.404465	-3.519508	-3.596787	1.853416	-0.866486	-0.468632	0.172005	0.479668	-0.877040	0.026842	0.138276	0.105763	0.984730
19944	-10.474639	-11.922473	21.774064	-0.257579	-4.668124	0.766885	-0.855378	-0.469904	0.217986	0.485816	-0.873763	0.022807	0.179751	0.125410	0.975685
19945	-3.973581	1.513454	30.552166	0.297771	-2.585754	-0.694498	-0.853837	-0.460349	0.242986	0.480403	-0.876623	0.027300	0.200440	0.140041	0.969646
19946	3.552143	2.004924	2.860017	-1.075745	-1.496719	-0.764665	-0.854360	-0.451504	0.257321	0.471573	-0.881627	0.018790	0.218378	0.137399	0.966143
19947	2.251668	-2.483024	6.658468	0.182411	-4.314016	-1.012537	-0.848915	-0.436131	0.298552	0.463332	-0.885877	0.023350	0.254297	0.158151	0.954108
19948	25.713564	-4.912508	22.362662	-0.244225	-3.553750	-0.525829	-0.841761	-0.425564	0.332167	0.458180	-0.888570	0.022685	0.285499	0.171288	0.942948
19949	6.717951	-6.201426	9.276022	0.113820	-0.301368	-0.030140	-0.841049	-0.424731	0.335024	0.458208	-0.888525	0.023854	0.287546	0.173573	0.941908
19950	4.912689	-1.415695	10.950502	0.432296	-2.194568	-0.060242	-0.834848	-0.420195	0.355619	0.458935	-0.888025	0.028112	0.303986	0.186675	0.934208
19951	5.174513	1.369386	10.362413	0.434275	-1.207311	-0.115435	-0.831676	-0.416810	0.366857	0.459257	-0.887706	0.032569	0.312086	0.195568	0.929707
19952	4.677760	1.886153	9.972764	0.272939	-1.713905	-0.229647	-0.827283	-0.411289	0.382679	0.458174	-0.888135	0.035955	0.325083	0.205078	0.923181
19953	7.967766	3.208589	11.936385	0.154866	-1.548819	-0.023263	-0.822275	-0.407798	0.396944	0.458446	-0.887932	0.037467	0.337181	0.212786	0.917078
19954	14.702490	1.094027	13.722379	-0.235871	-1.223460	0.172728	-0.817303	-0.406662	0.408219	0.459006	-0.887759	0.034613	0.348325	0.215664	0.912228
19955	2.648067	2.251764	9.217682	-0.195025	0.223135	0.192489	-0.817200	-0.408808	0.406277	0.459866	-0.887409	0.032055	0.347430	0.213028	0.913188
19956	3.242607	-0.865804	8.342519	-0.181303	-1.137174	0.141266	-0.812554	-0.407573	0.416701	0.460331	-0.887247	0.029821	0.357563	0.216051	0.908554
19957	9.537765	0.188670	11.622576	-0.111717	-0.580960	0.099268	-0.810011	-0.407153	0.422030	0.460699	-0.887102	0.028398	0.362822	0.217431	0.906137
19958	3.867139	-0.174585	8.911031	-0.061690	-0.039866	0.103589	-0.809401	-0.407936	0.422443	0.461266	-0.886839	0.027401	0.363461	0.217036	0.905975
19959	4.731475	0.176587	9.417694	-0.025508	-0.448750	0.066530	-0.807459	-0.407508	0.426552	0.461677	-0.886640	0.026896	0.367238	0.218646	0.904063
19960	5.299690	-0.137491	9.808793	-0.045736	-0.183099	0.050901	-0.806563	-0.407510	0.428242	0.461872	-0.886558	0.026264	0.368959	0.218977	0.903282
19961	4.140780	0.177615	9.111216	-0.003829	-0.183781	0.041641	-0.805695	-0.407436	0.429943	0.462160	-0.886414	0.026059	0.370490	0.219698	0.902480
19962	4.129400	0.695747	9.171260	-0.025951	-0.242341	0.032520	-0.804657	-0.407142	0.432160	0.462278	-0.886363	0.025685	0.372593	0.220445	0.901431
19963	4.401320	0.147362	9.166774	-0.053554	-0.299156	0.025581	-0.803425	-0.406667	0.434892	0.462250	-0.886394	0.025100	0.375278	0.221194	0.900133
19964	4.600138	0.175502	9.286068	-0.038727	-0.274583	0.029672	-0.802266	-0.406273	0.437391	0.462295	-0.886384	0.024622	0.377693	0.221957	0.898934
19965	4.467079	0.391659	9.058017	-0.058584	-0.270753	0.042557	-0.801048	-0.406008	0.439864	0.462381	-0.886359	0.023918	0.380167	0.222544	0.897746
19966	4.421321	0.371498	9.033809	-0.079668	-0.289885	0.062021	-0.799667	-0.405863	0.442501	0.462525	-0.886310	0.022930	0.382887	0.223004	0.896475
19967	4.493298	0.441632	9.078165	-0.105887	-0.319472	0.076644	-0.798089	-0.405788	0.445411	0.462697	-0.886252	0.021650	0.385961	0.223369	0.895065
19968	4.779726	0.104138	9.241912	-0.117831	-0.323587	0.067684	-0.796534	-0.405616	0.448341	0.462733	-0.886266	0.020295	0.389117	0.223627	0.893632
19969	5.330126	-0.186583	9.421781	-0.106359	-0.285532	0.056611	-0.795160	-0.405438	0.450932	0.462735	-0.886291	0.019100	0.391914	0.223850	0.892354
19970	4.837121	0.216125	9.391921	-0.057037	-0.136977	0.042993	-0.794436	-0.405463	0.452185	0.462805	-0.886269	0.018398	0.393298	0.223889	0.891735
19971	4.625593	0.015093	9.045532	-0.076890	-0.157550	0.029860	-0.793681	-0.405334	0.453625	0.462706	-0.886338	0.017587	0.394936	0.223853	0.891019
19972	4.756263	0.153933	9.219107	-0.038398	-0.165829	0.022769	-0.792931	-0.405115	0.455128	0.462687	-0.886356	0.017143	0.396461	0.224175	0.890261
19973	4.589245	0.256849	9.139980	-0.040247	-0.135388	0.016618	-0.792320	-0.404918	0.456367	0.462625	-0.886396	0.016718	0.397752	0.224373	0.889635
19974	4.619772	0.142527	9.025959	-0.044134	-0.166936	0.008491	-0.791627	-0.404570	0.457875	0.462469	-0.886486	0.016288	0.399310	0.224647	0.888867
19975	4.744077	0.215100	9.157004	-0.028971	-0.172338	0.003414	-0.790926	-0.404171	0.459437	0.462346	-0.886555	0.016025	0.400839	0.225093	0.888066
19976	4.708839	0.146207	9.052969	-0.045049	-0.161852	-0.003189	-0.790303	-0.403729	0.460896	0.462093	-0.886694	0.015641	0.402359	0.225338	0.887316
19977	4.675536	0.284706	9.047905	-0.047783	-0.155822	0.004348	-0.789658	-0.403374	0.462309	0.461900	-0.886801	0.015207	0.403842	0.225549	0.886589
19978	4.752689	0.108058	9.024555	-0.074760	-0.171826	0.000087	-0.788974	-0.402939	0.463854	0.461551	-0.886994	0.014546	0.405575	0.225568	0.885792
19979	5.095578	-0.225506	9.177311	-0.060439	-0.159385	-0.014825	-0.788398	-0.402406	0.465293	0.461155	-0.887208	0.014089	0.407142	0.225680	0.885044
19980	4.898665	0.315923	9.083816	-0.070601	-0.043066	-0.010748	-0.788284	-0.402165	0.465695	0.460735	-0.887435	0.013517	0.407839	0.225217	0.884842
19981	4.565890	-0.250321	8.915775	-0.064795	-0.073980	-0.012413	-0.788042	-0.401846	0.466379	0.460338	-0.887648	0.013011	0.408752	0.224945	0.884489
19982	4.675721	0.580417	9.083897	-0.082553	-0.084653	-0.011233	-0.787759	-0.401507	0.467148	0.459864	-0.887904	0.012335	0.409830	0.224542	0.884093
19983	4.638760	-0.111236	8.915910	-0.100938	-0.087365	-0.005107	-0.787427	-0.401224	0.467950	0.459376	-0.888168	0.011477	0.411014	0.224002	0.883680
19984	4.630778	0.326352	9.065086	-0.093990	-0.096670	0.001096	-0.787036	-0.400969	0.468827	0.458950	-0.888399	0.010644	0.412237	0.223545	0.883226
19985	4.543320	0.038410	9.052464	-0.110165	-0.106397	0.003413	-0.786584	-0.400719	0.469797	0.458487	-0.888648	0.009664	0.413612	0.222998	0.882722
19986	4.711392	0.051414	9.033825	-0.110346	-0.160511	0.008878	-0.785890	-0.400392	0.471237	0.458052	-0.888883	0.008651	0.415411	0.222650	0.881964
19987	4.793026	0.120794	9.110833	-0.083985	-0.145977	0.015251	-0.785216	-0.400160	0.472555	0.457787	-0.889027	0.007848	0.416974	0.222492	0.881266
