// General information: 
//  MT Manager version: 2022.2.0 
//  XDA version: 2022.2.0 build 7381 rev 124627 built on 2023-07-19
// Device information: 
//  DeviceId: 00B4CAF0
//  ProductCode: MTW2-3A7G6
//  Firmware Version: 4.6.0
//  Hardware Version: 2.0.0
// Device settings: 
//  Filter Profile: human(46.1)
//  Option Flags: Orientation Smoother Disabled, Position/Velocity Smoother Disabled, Continuous Zero Rotation Update Disabled, AHS Disabled, ICC Disabled
// Coordinate system: ENU
PacketCounter	Acc_X	Acc_Y	Acc_Z	Gyr_X	Gyr_Y	Gyr_Z	Mat[1][1]	Mat[2][1]	Mat[3][1]	Mat[1][2]	Mat[2][2]	Mat[3][2]	Mat[1][3]	Mat[2][3]	Mat[3][3]
29106	6.098639	-0.430654	8.101780	0.004935	0.006171	0.000660	-0.736635	-0.311117	0.600479	0.361478	-0.931556	-0.039210	0.571579	0.188177	0.798678
29107	6.087438	-0.436699	8.123058	0.005303	0.003858	0.001895	-0.736641	-0.311118	0.600471	0.361506	-0.931547	-0.039170	0.571553	0.188219	0.798687
29108	6.084274	-0.409730	8.101562	0.004306	0.004835	0.000202	-0.736697	-0.311062	0.600432	0.361488	-0.931557	-0.039080	0.571493	0.188259	0.798720
29109	6.070463	-0.389111	8.100911	0.005438	0.000444	0.001008	-0.736687	-0.311047	0.600451	0.361509	-0.931551	-0.039033	0.571492	0.188314	0.798708
29110	6.086597	-0.435710	8.123741	0.004539	0.005937	0.002323	-0.736747	-0.310973	0.600416	0.361479	-0.931567	-0.038929	0.571434	0.188357	0.798740
29111	6.089673	-0.403309	8.135793	0.001124	0.006086	0.001803	-0.736767	-0.310976	0.600390	0.361481	-0.931567	-0.038921	0.571406	0.188354	0.798760
29112	6.079332	-0.440926	8.090974	0.007487	0.003583	-0.001399	-0.736725	-0.310911	0.600476	0.361437	-0.931585	-0.038902	0.571489	0.188374	0.798696
29113	6.093348	-0.401805	8.081984	0.005537	0.004961	0.004016	-0.736730	-0.310933	0.600458	0.361481	-0.931569	-0.038872	0.571455	0.188416	0.798711
29114	6.095748	-0.428239	8.104083	0.003910	0.004601	0.001865	-0.736736	-0.310822	0.600508	0.361404	-0.931601	-0.038805	0.571495	0.188437	0.798677
29115	6.088173	-0.402056	8.136977	0.005303	0.003859	0.001896	-0.736743	-0.310822	0.600500	0.361431	-0.931593	-0.038764	0.571470	0.188480	0.798685
29116	6.078025	-0.439792	8.092017	0.003649	0.000953	0.002641	-0.736682	-0.310831	0.600569	0.361434	-0.931590	-0.038805	0.571546	0.188479	0.798630
29117	6.098672	-0.395255	8.116273	0.004044	0.001187	0.000979	-0.736676	-0.310818	0.600584	0.361447	-0.931586	-0.038769	0.571546	0.188519	0.798621
29118	6.073296	-0.440070	8.146672	0.004907	0.003625	0.003558	-0.736763	-0.310723	0.600526	0.361426	-0.931601	-0.038607	0.571447	0.188601	0.798672
29119	6.098214	-0.394861	8.116636	0.004278	0.002289	0.003100	-0.736756	-0.310730	0.600531	0.361455	-0.931591	-0.038581	0.571437	0.188640	0.798670
29120	6.094550	-0.427026	8.105047	0.003019	-0.000383	0.002183	-0.736730	-0.310824	0.600514	0.361541	-0.931556	-0.038620	0.571416	0.188658	0.798681
29121	6.067275	-0.386297	8.103433	0.004674	0.002523	0.001438	-0.736731	-0.310817	0.600517	0.361561	-0.931550	-0.038581	0.571403	0.188700	0.798681
29122	6.111394	-0.414686	8.117815	0.002489	0.002799	0.004732	-0.736791	-0.310743	0.600481	0.361533	-0.931565	-0.038474	0.571343	0.188746	0.798713
29123	6.097639	-0.394587	8.117082	-0.000163	0.000869	0.003784	-0.736774	-0.310753	0.600496	0.361541	-0.931561	-0.038487	0.571359	0.188748	0.798701
29124	6.069614	-0.413175	8.125555	0.001230	0.000127	0.003815	-0.736871	-0.310594	0.600461	0.361458	-0.931601	-0.038307	0.571288	0.188814	0.798736
29125	6.113820	-0.441780	8.139861	0.002489	0.002799	0.004732	-0.736862	-0.310616	0.600460	0.361488	-0.931590	-0.038304	0.571280	0.188834	0.798737
29126	6.054895	-0.452166	8.135078	-0.001556	0.001612	0.003753	-0.736892	-0.310657	0.600401	0.361517	-0.931578	-0.038312	0.571223	0.188823	0.798781
29127	6.093577	-0.427394	8.105760	0.005437	0.000443	0.001011	-0.736884	-0.310641	0.600420	0.361537	-0.931572	-0.038263	0.571221	0.188879	0.798769
29128	6.086097	-0.401407	8.138563	0.000332	0.005620	0.005128	-0.736897	-0.310448	0.600504	0.361360	-0.931643	-0.038203	0.571316	0.188847	0.798708
29129	6.079377	-0.406944	8.105378	0.005466	0.002988	-0.001887	-0.736913	-0.310408	0.600504	0.361358	-0.931647	-0.038136	0.571296	0.188894	0.798711
29130	6.068299	-0.412933	8.126549	0.004907	0.003625	0.003560	-0.736943	-0.310394	0.600476	0.361377	-0.931642	-0.038074	0.571246	0.188940	0.798736
29131	6.085183	-0.400784	8.139276	0.002885	0.003032	0.003070	-0.736941	-0.310401	0.600474	0.361397	-0.931635	-0.038057	0.571235	0.188964	0.798738
29132	6.092263	-0.426771	8.106780	0.001230	0.000127	0.003815	-0.736951	-0.310272	0.600528	0.361299	-0.931676	-0.037990	0.571284	0.188973	0.798701
29133	6.095695	-0.394567	8.118543	-0.000134	0.003415	0.000886	-0.736960	-0.310259	0.600524	0.361285	-0.931682	-0.037983	0.571282	0.188968	0.798704
29134	6.122615	-0.435181	8.120438	0.000862	0.002439	0.002580	-0.737012	-0.310177	0.600503	0.361230	-0.931706	-0.037907	0.571250	0.188982	0.798724
29135	6.102521	-0.420688	8.086233	0.000233	0.001103	0.002121	-0.737003	-0.310170	0.600517	0.361227	-0.931707	-0.037905	0.571263	0.188987	0.798713
29136	6.077859	-0.406595	8.106534	0.006328	0.005427	0.000693	-0.737055	-0.310062	0.600510	0.361168	-0.931735	-0.037793	0.571234	0.189029	0.798724
29137	6.094738	-0.394380	8.119271	0.001859	0.001463	0.004274	-0.737041	-0.310076	0.600520	0.361190	-0.931726	-0.037791	0.571238	0.189048	0.798716
29138	6.077428	-0.406456	8.106864	0.002255	0.001696	0.002612	-0.737085	-0.310048	0.600480	0.361191	-0.931729	-0.037723	0.571180	0.189083	0.798750
29139	6.090835	-0.426825	8.107850	0.000466	0.002206	0.004243	-0.737076	-0.310062	0.600484	0.361204	-0.931723	-0.037731	0.571184	0.189086	0.798746
29140	6.087902	-0.400178	8.086168	0.005670	0.001546	0.003133	-0.737085	-0.310093	0.600456	0.361259	-0.931703	-0.037697	0.571137	0.189135	0.798768
29141	6.094200	-0.394496	8.119668	-0.000793	-0.000466	0.003326	-0.737064	-0.310094	0.600482	0.361259	-0.931703	-0.037710	0.571164	0.189135	0.798749
29142	6.090529	-0.427110	8.108065	0.000070	0.001974	0.005906	-0.737018	-0.310059	0.600556	0.361202	-0.931723	-0.037759	0.571260	0.189093	0.798690
29143	6.107506	-0.415177	8.120715	0.004277	0.002289	0.003102	-0.737013	-0.310063	0.600560	0.361229	-0.931714	-0.037730	0.571249	0.189132	0.798689
29144	6.083736	-0.432977	8.074927	0.000699	0.003310	0.006364	-0.736901	-0.310284	0.600584	0.361363	-0.931653	-0.037943	0.571309	0.189068	0.798661
29145	6.082562	-0.401537	8.141199	0.001492	0.003775	0.003039	-0.736904	-0.310291	0.600576	0.361374	-0.931649	-0.037937	0.571298	0.189077	0.798667
29146	6.082334	-0.401623	8.141365	0.001858	0.001463	0.004275	-0.736886	-0.310160	0.600666	0.361259	-0.931695	-0.037905	0.571394	0.189064	0.798601
29147	6.093010	-0.395508	8.120513	-0.001556	0.001614	0.003753	-0.736875	-0.310169	0.600675	0.361257	-0.931695	-0.037927	0.571410	0.189050	0.798593
29148	6.062304	-0.387660	8.107087	-0.000823	-0.003010	0.006225	-0.736832	-0.310098	0.600764	0.361188	-0.931721	-0.037934	0.571508	0.189038	0.798526
29149	6.081589	-0.461492	8.151407	-0.000030	-0.002545	0.002899	-0.736800	-0.310090	0.600807	0.361189	-0.931721	-0.037938	0.571549	0.189052	0.798493
29150	6.106909	-0.416654	8.121089	0.001229	0.000127	0.003816	-0.736791	-0.310078	0.600824	0.361175	-0.931726	-0.037944	0.571569	0.189046	0.798480
29151	6.079878	-0.376133	8.119274	0.001759	-0.003055	0.001268	-0.736762	-0.310055	0.600872	0.361173	-0.931727	-0.037924	0.571608	0.189078	0.798445
29152	6.122524	-0.229492	8.157211	-0.020315	-0.003080	0.004788	-0.736740	-0.309951	0.600953	0.360962	-0.931803	-0.038069	0.571770	0.188874	0.798377
29153	6.280005	-0.545048	8.002334	-0.063130	0.020772	-0.006653	-0.736875	-0.309899	0.600814	0.360532	-0.931951	-0.038520	0.571867	0.188228	0.798460
29154	6.289718	-0.117988	8.285655	-0.083158	0.071469	-0.016122	-0.737322	-0.309981	0.600223	0.360008	-0.932127	-0.039152	0.571621	0.187218	0.798874
29155	6.028476	-0.184977	8.170508	-0.157540	0.107827	0.008255	-0.737901	-0.310230	0.599382	0.359148	-0.932404	-0.040447	0.571414	0.185421	0.799440
29156	6.026909	-0.332229	8.480890	-0.224406	0.076981	0.021327	-0.738211	-0.310550	0.598835	0.357969	-0.932768	-0.042439	0.571754	0.183035	0.799747
29157	6.153014	-0.666107	7.941884	-0.196877	0.065815	0.035530	-0.738453	-0.310972	0.598318	0.357085	-0.933025	-0.044214	0.571995	0.181000	0.800038
29158	5.967863	-0.292193	8.288569	-0.217156	0.083475	0.029933	-0.738881	-0.311189	0.597675	0.355911	-0.933388	-0.045985	0.572173	0.178741	0.800418
29159	6.127801	-0.736899	8.044967	-0.178348	0.063495	0.034593	-0.739114	-0.311595	0.597175	0.355125	-0.933606	-0.047607	0.572361	0.176885	0.800697
29160	5.938743	-0.576407	8.178259	-0.139445	0.059084	0.034489	-0.739340	-0.312013	0.596678	0.354581	-0.933745	-0.048912	0.572406	0.175408	0.800989
29161	5.962820	-0.839319	8.001422	-0.109526	0.047948	0.023851	-0.739523	-0.312290	0.596306	0.354109	-0.933871	-0.049919	0.572462	0.174242	0.801203
29162	5.855171	-0.707522	8.107225	-0.052911	0.032246	0.010929	-0.739620	-0.312440	0.596107	0.353842	-0.933942	-0.050481	0.572502	0.173591	0.801316
29163	5.930861	-0.631100	8.116629	-0.041735	-0.005156	0.007868	-0.739555	-0.312475	0.596169	0.353640	-0.933998	-0.050850	0.572711	0.173223	0.801247
29164	5.972046	-0.604568	8.175040	-0.006511	-0.015041	0.001968	-0.739376	-0.312583	0.596335	0.353650	-0.933982	-0.051089	0.572935	0.173120	0.801108
29165	5.922592	-0.640772	8.135216	-0.015688	-0.031363	-0.005831	-0.739209	-0.312445	0.596614	0.353497	-0.934035	-0.051167	0.573246	0.173078	0.800895
29166	6.035847	-0.450513	8.136283	0.004935	-0.059263	-0.002940	-0.738851	-0.312309	0.597128	0.353470	-0.934046	-0.051160	0.573723	0.173267	0.800513
29167	5.992984	-0.746547	8.098338	0.008150	-0.067782	-0.017314	-0.738515	-0.312002	0.597704	0.353369	-0.934094	-0.050980	0.574218	0.173561	0.800094
29168	6.056938	-0.642707	8.157303	0.062195	-0.059951	-0.026046	-0.738237	-0.311512	0.598303	0.353394	-0.934121	-0.050310	0.574559	0.174296	0.799689
29169	6.126907	-0.565427	8.095228	0.069984	-0.074295	-0.021507	-0.737878	-0.311152	0.598933	0.353617	-0.934074	-0.049610	0.574884	0.175187	0.799261
29170	6.118257	-0.507089	8.157086	0.080954	-0.068935	-0.016425	-0.737566	-0.310768	0.599517	0.353877	-0.934018	-0.048798	0.575124	0.176163	0.798873
29171	6.174145	-0.408256	8.094413	0.094648	-0.056526	-0.016152	-0.737289	-0.310488	0.600001	0.354282	-0.933909	-0.047933	0.575229	0.177229	0.798562
29172	6.145022	-0.480078	8.163480	0.060400	-0.050203	-0.005633	-0.737013	-0.310390	0.600392	0.354608	-0.933810	-0.047459	0.575383	0.177926	0.798297
29173	6.147818	-0.329787	8.120454	0.065436	-0.039537	-0.001895	-0.736784	-0.310272	0.600733	0.354950	-0.933708	-0.046913	0.575465	0.178665	0.798072
29174	6.160762	-0.378186	8.107018	0.040833	-0.035024	0.009685	-0.736510	-0.310290	0.601060	0.355226	-0.933614	-0.046691	0.575646	0.179124	0.797839
29175	6.182737	-0.391269	8.139708	0.018424	-0.017126	0.007316	-0.736377	-0.310299	0.601219	0.355365	-0.933567	-0.046576	0.575730	0.179355	0.797726
29176	6.100700	-0.477194	8.097214	0.005680	-0.012124	0.013773	-0.736182	-0.310481	0.601363	0.355512	-0.933502	-0.046750	0.575888	0.179375	0.797607
29177	6.132260	-0.486419	8.109842	-0.002717	-0.010210	0.016514	-0.736056	-0.310589	0.601462	0.355597	-0.933464	-0.046860	0.575997	0.179387	0.797526
29178	6.093770	-0.602229	8.081790	0.005050	-0.002983	0.014357	-0.735970	-0.310551	0.601586	0.355581	-0.933470	-0.046866	0.576117	0.179421	0.797432
29179	6.122864	-0.524995	8.063840	0.006641	-0.002023	0.007704	-0.735922	-0.310591	0.601625	0.355655	-0.933443	-0.046847	0.576132	0.179495	0.797404
29180	6.080089	-0.581465	8.081262	0.019488	0.007949	0.005324	-0.735967	-0.310599	0.601565	0.355768	-0.933408	-0.046682	0.576004	0.179661	0.797459
29181	6.038076	-0.488368	8.146102	0.015204	0.005682	0.002221	-0.735983	-0.310601	0.601544	0.355851	-0.933382	-0.046562	0.575933	0.179791	0.797482
29182	6.096088	-0.656277	8.038214	0.036708	0.006915	-0.004701	-0.736027	-0.310497	0.601544	0.355956	-0.933358	-0.046233	0.575812	0.180095	0.797500
29183	6.044403	-0.508996	8.114219	0.025554	0.002407	-0.005943	-0.736053	-0.310417	0.601554	0.356039	-0.933339	-0.045982	0.575727	0.180331	0.797508
29184	6.079528	-0.512864	8.073418	0.049645	0.000447	-0.006129	-0.736048	-0.310343	0.601598	0.356239	-0.933282	-0.045593	0.575610	0.180755	0.797497
29185	6.061676	-0.489440	8.127244	0.042704	-0.003742	-0.010180	-0.736054	-0.310212	0.601659	0.356389	-0.933245	-0.045179	0.575510	0.181170	0.797475
29186	6.074963	-0.564980	8.137389	0.036329	-0.011711	-0.007990	-0.736018	-0.309964	0.601830	0.356409	-0.933256	-0.044784	0.575543	0.181536	0.797368
29187	6.111877	-0.418898	8.142895	0.056369	-0.004366	-0.008110	-0.736013	-0.309851	0.601894	0.356652	-0.933188	-0.044274	0.575399	0.182081	0.797348
29188	6.130599	-0.433531	8.088935	0.046577	-0.012178	-0.006430	-0.735942	-0.309596	0.602112	0.356706	-0.933188	-0.043840	0.575456	0.182513	0.797207
29189	6.089123	-0.487213	8.105732	0.032942	-0.012150	0.000317	-0.735862	-0.309547	0.602235	0.356876	-0.933135	-0.043567	0.575453	0.182864	0.797129
29190	6.142220	-0.389570	8.133372	0.034897	-0.003041	-0.004078	-0.735859	-0.309552	0.602237	0.357085	-0.933068	-0.043287	0.575328	0.183197	0.797143
29191	6.076655	-0.461657	8.104488	0.023786	-0.008153	0.003487	-0.735790	-0.309539	0.602327	0.357226	-0.933023	-0.043106	0.575328	0.183449	0.797085
29192	6.094305	-0.447958	8.116816	0.023055	-0.003521	0.001030	-0.735776	-0.309430	0.602401	0.357263	-0.933018	-0.042892	0.575324	0.183657	0.797040
29193	6.090976	-0.478520	8.104857	0.020633	-0.004346	0.002205	-0.735734	-0.309413	0.602461	0.357376	-0.932983	-0.042729	0.575307	0.183868	0.797004
29194	6.111204	-0.491452	8.138978	0.026867	-0.003439	-0.000114	-0.735722	-0.309370	0.602498	0.357504	-0.932944	-0.042492	0.575243	0.184134	0.796988
29195	6.105114	-0.494961	8.105404	0.023052	-0.003520	0.001034	-0.735689	-0.309343	0.602552	0.357623	-0.932908	-0.042302	0.575211	0.184365	0.796958
29196	6.094540	-0.499573	8.126252	0.022056	-0.002538	-0.000656	-0.735671	-0.309361	0.602564	0.357768	-0.932859	-0.042138	0.575144	0.184578	0.796957
29197	6.129735	-0.504941	8.085299	0.022515	0.002799	-0.008107	-0.735708	-0.309260	0.602571	0.357815	-0.932852	-0.041898	0.575067	0.184785	0.796964
29198	6.130282	-0.444057	8.075772	0.013760	0.007032	-0.006613	-0.735750	-0.309195	0.602553	0.357806	-0.932860	-0.041788	0.575019	0.184852	0.796984
29199	6.105088	-0.428854	8.096611	0.010080	0.014014	-0.005344	-0.735841	-0.309141	0.602470	0.357803	-0.932867	-0.041663	0.574904	0.184908	0.797053
29200	6.110582	-0.422483	8.130789	0.005970	0.007734	-0.000533	-0.735885	-0.309052	0.602461	0.357743	-0.932894	-0.041588	0.574885	0.184922	0.797064
29201	6.103542	-0.427687	8.097838	0.002787	0.008987	0.001073	-0.735924	-0.309048	0.602415	0.357744	-0.932894	-0.041560	0.574834	0.184926	0.797100
29202	6.102962	-0.427628	8.098279	0.002124	0.005103	0.003507	-0.735970	-0.309112	0.602327	0.357820	-0.932867	-0.041532	0.574729	0.184958	0.797168
29203	6.089039	-0.407388	8.097769	0.001494	0.003768	0.003046	-0.735972	-0.309118	0.602322	0.357829	-0.932863	-0.041527	0.574720	0.184966	0.797173
29204	6.098709	-0.460023	8.086967	0.003485	0.001808	0.006430	-0.735944	-0.309224	0.602301	0.357922	-0.932825	-0.041577	0.574698	0.184978	0.797186
29205	6.063303	-0.452598	8.128166	0.005508	0.002398	0.006921	-0.735925	-0.309263	0.602305	0.357982	-0.932803	-0.041563	0.574685	0.185027	0.797184
29206	6.083884	-0.498276	8.096414	0.011276	0.001106	0.000354	-0.735968	-0.309189	0.602290	0.357990	-0.932806	-0.041416	0.574626	0.185133	0.797202
29207	6.076777	-0.471705	8.129080	0.008590	-0.003368	0.002299	-0.735932	-0.309174	0.602342	0.358034	-0.932793	-0.041349	0.574644	0.185229	0.797166
29208	6.166905	-0.500491	8.081453	0.013597	0.007894	-0.002821	-0.735993	-0.309224	0.602242	0.358142	-0.932755	-0.041245	0.574498	0.185332	0.797247
29209	6.143203	-0.367718	8.082593	0.003382	0.021384	-0.006261	-0.736130	-0.309175	0.602100	0.358094	-0.932778	-0.041169	0.574353	0.185303	0.797359
29210	6.258219	-0.258370	8.150698	-0.038437	0.041174	-0.004244	-0.736422	-0.309101	0.601780	0.357753	-0.932899	-0.041382	0.574192	0.184814	0.797589
29211	6.273507	-0.008689	8.357172	-0.117382	0.072213	0.009045	-0.736796	-0.309288	0.601226	0.357123	-0.933096	-0.042361	0.574103	0.183500	0.797955
29212	6.073128	-0.244416	8.221618	-0.172358	0.096218	0.028041	-0.737198	-0.309745	0.600497	0.356320	-0.933328	-0.043989	0.574086	0.181540	0.798416
29213	6.095344	-0.455641	8.038457	-0.215267	0.068829	0.047767	-0.737415	-0.310285	0.599952	0.355414	-0.933577	-0.045983	0.574369	0.179323	0.798714
29214	5.975387	-0.664438	8.093616	-0.143367	0.067839	0.043290	-0.737695	-0.310724	0.599380	0.354852	-0.933725	-0.047312	0.574357	0.177789	0.799065
29215	6.036781	-0.839011	8.109265	-0.144319	0.053013	0.033781	-0.737872	-0.311103	0.598966	0.354250	-0.933884	-0.048656	0.574502	0.176281	0.799295
29216	6.110933	-0.739934	8.044663	-0.060909	0.063300	0.018056	-0.738133	-0.311356	0.598513	0.353980	-0.933953	-0.049300	0.574332	0.175472	0.799595
29217	6.033974	-0.531595	7.992390	-0.067088	0.067527	0.014628	-0.738460	-0.311581	0.597991	0.353681	-0.934033	-0.049913	0.574096	0.174640	0.799947
29218	5.883176	-0.779019	8.042236	-0.048847	0.044553	0.004170	-0.738717	-0.311827	0.597546	0.353550	-0.934059	-0.050358	0.573846	0.174062	0.800252
29219	5.813274	-0.824031	8.080893	0.003855	0.024226	-0.010663	-0.738886	-0.311740	0.597383	0.353471	-0.934095	-0.050252	0.573678	0.174027	0.800380
29220	5.981813	-0.528084	8.235965	0.031879	0.005865	-0.011076	-0.738868	-0.311733	0.597408	0.353592	-0.934058	-0.050081	0.573626	0.174236	0.800372
29221	6.156944	-0.555216	8.261836	0.003498	-0.004885	-0.015127	-0.738885	-0.311554	0.597481	0.353478	-0.934108	-0.049951	0.573674	0.174288	0.800326
29222	6.165098	-0.372728	8.268165	-0.016254	0.035294	-0.005560	-0.739113	-0.311679	0.597134	0.353438	-0.934116	-0.050095	0.573406	0.174023	0.800576
29223	6.340468	-0.135018	8.413840	-0.075099	0.062403	0.002945	-0.739452	-0.311786	0.596658	0.353007	-0.934246	-0.050703	0.573234	0.173132	0.800892
29224	6.035655	-0.265057	8.136267	-0.149805	0.091744	0.027446	-0.739820	-0.312175	0.595997	0.352293	-0.934436	-0.052139	0.573198	0.171392	0.801292
29225	5.999845	-0.446339	8.100575	-0.154609	0.073657	0.030715	-0.740125	-0.312559	0.595417	0.351612	-0.934613	-0.053551	0.573222	0.169722	0.801630
29226	6.096770	-0.624533	8.163674	-0.139979	0.072025	0.034558	-0.740428	-0.312957	0.594831	0.351023	-0.934758	-0.054859	0.573192	0.168180	0.801977
29227	6.267676	-0.457765	8.321660	-0.159886	0.097260	0.040165	-0.740836	-0.313467	0.594054	0.350382	-0.934909	-0.056370	0.573057	0.166385	0.802448
29228	6.223237	-0.354244	8.263380	-0.210826	0.145166	0.056032	-0.741446	-0.314337	0.592832	0.349668	-0.935048	-0.058465	0.572704	0.163946	0.803201
29229	6.012245	-0.601205	8.091299	-0.249109	0.151515	0.067854	-0.742068	-0.315190	0.591600	0.348724	-0.935248	-0.060858	0.572474	0.161144	0.803931
29230	5.743490	-0.999128	8.037647	-0.204338	0.135968	0.051314	-0.742666	-0.315868	0.590487	0.347913	-0.935421	-0.062807	0.572192	0.158794	0.804600
29231	5.721466	-0.935536	8.033679	-0.136265	0.100976	0.027627	-0.743139	-0.316258	0.589683	0.347317	-0.935557	-0.064056	0.571940	0.157204	0.805091
29232	5.854792	-0.764455	8.058995	-0.081436	0.078600	0.016047	-0.743514	-0.316570	0.589042	0.346990	-0.935624	-0.064849	0.571651	0.156175	0.805497
29233	5.944331	-0.529121	8.224818	-0.072020	0.065199	0.013819	-0.743830	-0.316773	0.588533	0.346660	-0.935701	-0.065501	0.571440	0.155299	0.805815
29234	6.261713	-0.498579	8.274138	-0.108288	0.091152	0.022433	-0.744278	-0.317034	0.587827	0.346121	-0.935831	-0.066482	0.571184	0.153978	0.806250
29235	6.110104	-0.192895	8.367459	-0.130321	0.127510	0.043692	-0.744846	-0.317610	0.586795	0.345681	-0.935901	-0.067780	0.570710	0.152358	0.806894
29236	6.122844	-0.459891	8.245984	-0.198918	0.146581	0.061241	-0.745515	-0.318218	0.585615	0.344851	-0.936070	-0.069641	0.570338	0.150032	0.807592
29237	6.239006	-0.480197	8.357231	-0.206755	0.198888	0.069883	-0.746399	-0.319140	0.583984	0.344172	-0.936164	-0.071710	0.569591	0.147467	0.808591
29238	6.201897	-0.811316	8.341138	-0.304044	0.223954	0.082719	-0.747421	-0.320261	0.582061	0.343097	-0.936331	-0.074619	0.568899	0.143932	0.809714
29239	6.217256	-0.461373	8.389738	-0.198262	0.298445	0.066931	-0.748879	-0.321285	0.579618	0.342450	-0.936408	-0.076604	0.567370	0.141122	0.811280
29240	6.245235	-0.684424	8.546468	-0.363759	0.328045	0.078649	-0.750460	-0.322468	0.576909	0.340963	-0.936665	-0.080022	0.566175	0.136651	0.812879
29241	6.126086	-0.688722	8.348302	-0.218297	0.375108	0.083928	-0.752286	-0.323733	0.573815	0.340338	-0.936697	-0.082272	0.564125	0.133399	0.814842
29242	6.148472	-0.356182	8.617487	-0.311531	0.367794	0.095133	-0.754063	-0.325058	0.570725	0.339271	-0.936813	-0.085307	0.562392	0.129304	0.816698
29243	6.218594	-0.469961	8.493140	-0.290404	0.393321	0.123593	-0.755844	-0.326689	0.567428	0.338551	-0.936789	-0.088375	0.560431	0.125306	0.818667
29244	5.941297	-0.603979	8.544382	-0.349011	0.391496	0.138866	-0.757601	-0.328505	0.564026	0.337710	-0.936746	-0.091974	0.558563	0.120798	0.820619
29245	5.907761	-0.991450	8.497569	-0.348035	0.400141	0.157084	-0.759294	-0.330423	0.560618	0.336939	-0.936649	-0.095707	0.556726	0.116224	0.822525
29246	5.231447	-1.268364	8.488702	-0.339855	0.357851	0.133335	-0.760821	-0.332091	0.557554	0.336072	-0.936591	-0.099261	0.555164	0.111858	0.824185
29247	4.948815	-2.135465	8.302496	-0.340146	0.268394	0.065513	-0.762083	-0.332973	0.555301	0.334661	-0.936756	-0.102421	0.554285	0.107784	0.825319
29248	4.509470	-2.779192	8.055549	-0.211993	0.186813	-0.051855	-0.763268	-0.332803	0.553773	0.333190	-0.937113	-0.103944	0.553540	0.105175	0.826155
29249	4.133858	-3.105200	8.310890	-0.039861	0.056039	-0.175514	-0.764153	-0.331191	0.553518	0.331607	-0.937746	-0.103292	0.553269	0.104620	0.826407
29250	4.765471	-3.500397	8.810830	0.019322	-0.032464	-0.284265	-0.764885	-0.328496	0.554113	0.329513	-0.938667	-0.101619	0.553509	0.104860	0.826216
29251	4.232582	-3.150756	9.534719	0.220353	-0.054421	-0.424136	-0.765969	-0.324428	0.555011	0.327464	-0.939826	-0.097437	0.553226	0.107112	0.826116
29252	2.921899	-1.812240	12.205658	0.206934	-0.067292	-0.582809	-0.767540	-0.318768	0.556120	0.324032	-0.941517	-0.092458	0.553069	0.109235	0.825943
29253	1.440653	-3.809429	14.715035	-0.477093	-0.690923	-1.223733	-0.767578	-0.306446	0.562952	0.311962	-0.945867	-0.089532	0.559914	0.106897	0.821626
29254	2.317768	-4.541780	16.206619	-0.071868	-0.171479	-1.659664	-0.771668	-0.290492	0.565811	0.298678	-0.950922	-0.080867	0.561534	0.106593	0.820560
29255	0.101395	-7.180131	18.953025	-0.326229	-0.841654	-2.155813	-0.773141	-0.269002	0.574362	0.280159	-0.957307	-0.071236	0.569003	0.105837	0.815496
29256	-3.171794	-10.967954	16.540216	-0.215392	-0.467175	-2.361926	-0.776956	-0.245693	0.579632	0.260430	-0.963665	-0.059388	0.573162	0.104812	0.812711
29257	1.018563	-8.120724	17.266351	1.299126	-0.220154	-2.058573	-0.780959	-0.225547	0.582436	0.251807	-0.967075	-0.036862	0.571574	0.117874	0.812040
29258	-7.172605	-5.662611	16.940296	0.528225	0.092434	-1.497554	-0.785287	-0.210845	0.582124	0.242652	-0.969818	-0.023929	0.569600	0.122462	0.812748
29259	-9.533243	-8.000743	13.172614	-0.015973	-0.019972	-1.050844	-0.787669	-0.200589	0.582531	0.234272	-0.972006	-0.017930	0.569820	0.122348	0.812611
29260	-9.660687	-6.595278	13.135916	0.351895	-0.063835	-0.680145	-0.788973	-0.193520	0.583156	0.230327	-0.973048	-0.011287	0.569623	0.125412	0.812282
29261	-9.263601	-5.102115	13.825515	0.171149	-0.074323	-0.340041	-0.789319	-0.190087	0.583817	0.228594	-0.973490	-0.007903	0.569842	0.127219	0.811847
29262	-8.867072	-3.761626	13.909415	0.199034	-0.076603	-0.005202	-0.789111	-0.189459	0.584302	0.228995	-0.973407	-0.006364	0.569969	0.128781	0.811511
29263	-7.185255	-2.853944	15.844327	-0.158375	-0.049641	0.274256	-0.788188	-0.192034	0.584708	0.230228	-0.973093	-0.009242	0.570750	0.127332	0.811191
29264	-2.605913	-1.799191	16.971738	-0.413489	0.217706	0.661691	-0.788151	-0.198069	0.582740	0.232169	-0.972535	-0.016551	0.570013	0.122250	0.812490
29265	0.541377	-1.857502	18.024166	-0.851783	0.718388	1.124390	-0.789590	-0.209808	0.576653	0.236171	-0.971248	-0.029997	0.566366	0.112503	0.816439
29266	1.975722	-3.335077	16.739370	-0.855989	1.241190	1.454354	-0.793370	-0.224541	0.565815	0.241877	-0.969240	-0.045485	0.558623	0.100771	0.823277
29267	2.692718	-3.035799	15.258334	-0.241478	1.769411	1.625534	-0.799100	-0.241961	0.550358	0.253458	-0.965692	-0.056549	0.545159	0.094304	0.833012
29268	2.343797	-1.644590	13.921593	0.170556	2.090207	1.661820	-0.806313	-0.259332	0.531607	0.266849	-0.961588	-0.064347	0.527874	0.089975	0.844544
29269	1.898052	-0.514653	12.560615	0.391924	2.240410	1.632218	-0.813439	-0.276947	0.511486	0.282068	-0.956872	-0.069520	0.508680	0.087723	0.856475
29270	1.501201	-0.124917	11.177446	0.364695	2.194268	1.579822	-0.820216	-0.293211	0.491195	0.295840	-0.952330	-0.074472	0.489616	0.084232	0.867860
29271	0.467060	-1.076311	9.014204	0.385672	1.953086	1.477881	-0.825131	-0.308840	0.473050	0.309820	-0.947572	-0.078227	0.472408	0.082012	0.877556
29272	-1.221662	-1.753186	6.657744	0.719259	1.469418	1.316238	-0.828203	-0.321973	0.458708	0.323312	-0.943056	-0.078198	0.457765	0.083542	0.885139
29273	-1.418157	-1.426236	6.906061	0.953643	0.790331	1.127516	-0.828058	-0.333231	0.450862	0.336934	-0.938547	-0.074861	0.448101	0.089921	0.889449
29274	3.644376	-0.013242	10.938656	0.617034	0.336608	1.078963	-0.826204	-0.343408	0.446607	0.348118	-0.934482	-0.074544	0.442946	0.093883	0.891619
29275	11.675446	1.820862	13.937381	-0.181241	0.558117	1.453649	-0.823523	-0.357435	0.440511	0.359274	-0.929569	-0.082609	0.439013	0.090233	0.893938
29276	15.956160	-0.738546	15.303171	-1.518036	1.119644	1.868958	-0.821964	-0.375426	0.428287	0.367539	-0.924100	-0.104664	0.435074	0.071382	0.897561
29277	14.804238	-6.048737	11.882623	-1.631785	1.983449	2.036195	-0.822911	-0.395331	0.408082	0.377234	-0.917246	-0.127881	0.424867	0.048708	0.903944
29278	10.677184	-7.177492	8.172606	0.038504	2.605120	1.904907	-0.826688	-0.413610	0.381463	0.392663	-0.909666	-0.135365	0.402992	0.037882	0.914419
29279	6.856313	-2.211986	6.617332	1.326542	2.806293	1.637082	-0.831019	-0.429475	0.353495	0.411354	-0.902276	-0.129174	0.374427	0.038065	0.926475
29280	5.546294	2.682130	6.341624	1.401534	2.596007	1.430028	-0.834693	-0.443059	0.327088	0.427885	-0.895656	-0.121303	0.346703	0.038706	0.937176
29281	4.555852	4.876701	6.286016	0.304881	2.098240	1.171292	-0.836701	-0.454228	0.305954	0.438665	-0.890310	-0.122149	0.327878	0.032009	0.944178
29282	4.299025	2.039344	4.808919	-0.734046	1.477721	0.887431	-0.837855	-0.462214	0.290443	0.443334	-0.886582	-0.132008	0.318517	0.018159	0.947743
29283	4.451823	0.261249	4.066391	-0.542307	1.000099	0.596796	-0.838363	-0.467599	0.280176	0.446588	-0.883898	-0.138866	0.312581	0.008703	0.949851
29284	6.147515	0.756843	4.406457	-0.452279	0.556118	0.285883	-0.839090	-0.469889	0.274101	0.447217	-0.882724	-0.144204	0.309716	0.001582	0.950828
29285	9.250171	0.843175	4.987662	-0.702748	0.302822	0.067783	-0.839735	-0.470448	0.271153	0.445570	-0.882407	-0.151081	0.310343	-0.006050	0.950605
29286	13.214143	1.807628	5.512993	-0.930720	0.354801	0.049984	-0.840866	-0.470602	0.267354	0.442768	-0.882193	-0.160288	0.311290	-0.016405	0.950174
29287	16.161997	1.920492	5.089234	-1.426201	0.572876	0.130698	-0.842085	-0.471585	0.261726	0.439379	-0.881251	-0.174191	0.312792	-0.031686	0.949293
29288	15.413239	0.664825	2.740699	-1.490777	0.880297	0.106792	-0.844568	-0.471961	0.252899	0.435361	-0.880237	-0.188795	0.311715	-0.049348	0.948893
29289	12.258068	0.759595	0.658859	-1.064733	0.945034	-0.122148	-0.848035	-0.470323	0.244199	0.430987	-0.880230	-0.198610	0.308362	-0.063181	0.949169
29290	10.960316	1.150680	-0.823892	-0.767258	0.675765	-0.493226	-0.852373	-0.465343	0.238570	0.424228	-0.882082	-0.204848	0.305762	-0.073399	0.949274
29291	11.210157	1.555904	-1.121389	-0.373568	0.297828	-0.818185	-0.856728	-0.457855	0.237458	0.416056	-0.885591	-0.206460	0.304819	-0.078085	0.949204
29292	11.486003	2.225273	-0.234512	-0.217804	-0.083180	-1.007221	-0.860734	-0.448835	0.240174	0.406567	-0.890038	-0.206241	0.306332	-0.079872	0.948568
29293	10.971406	1.332924	0.716041	-0.293703	-0.431309	-1.103118	-0.863837	-0.439306	0.246570	0.396108	-0.894716	-0.206354	0.311263	-0.080588	0.946901
29294	10.766107	0.226491	1.971151	-0.290164	-0.699632	-1.181480	-0.866326	-0.429165	0.255531	0.384847	-0.899649	-0.206216	0.318388	-0.080310	0.944552
29295	11.207561	-0.608126	3.098544	-0.268905	-0.869268	-1.225047	-0.868171	-0.418774	0.266284	0.373314	-0.904642	-0.205569	0.326979	-0.079062	0.941719
29296	12.417136	-0.889676	3.375620	-0.229589	-0.915412	-1.260689	-0.869822	-0.407973	0.277430	0.361495	-0.909701	-0.204365	0.335753	-0.077471	0.938759
29297	12.387990	-1.175486	2.874760	-0.208296	-0.937412	-1.256108	-0.871105	-0.397200	0.288804	0.349811	-0.914612	-0.202774	0.344686	-0.075610	0.935668
29298	2.681334	-12.963331	4.251079	-1.531249	-1.441382	-1.976346	-0.872721	-0.380155	0.306333	0.327089	-0.921089	-0.211206	0.362451	-0.084125	0.928198
29299	-4.626507	-6.995361	1.542411	5.704504	-2.205614	-1.431809	-0.869467	-0.368051	0.329493	0.335263	-0.929519	-0.153601	0.362803	-0.023084	0.931580
29300	4.026264	5.661868	26.270405	3.022778	-1.911555	-0.952685	-0.865726	-0.359185	0.348574	0.337911	-0.933191	-0.122357	0.369235	0.011860	0.929260
29301	12.368324	-2.234808	13.278396	-2.489684	-3.504348	-0.225676	-0.852864	-0.356815	0.381191	0.326256	-0.934174	-0.144481	0.407652	0.001143	0.913137
29302	10.516025	-5.868797	2.168967	0.779737	-2.927767	0.331674	-0.839545	-0.359546	0.407297	0.332214	-0.932938	-0.138784	0.429882	0.018794	0.902690
29303	15.801639	6.063381	12.768191	3.927216	-2.849873	0.719674	-0.824673	-0.365007	0.432070	0.355248	-0.928686	-0.106495	0.440129	0.065668	0.895530
29304	15.651955	9.983446	19.203750	0.275478	-2.827892	0.214619	-0.811156	-0.364907	0.457022	0.358165	-0.927730	-0.105046	0.462325	0.078480	0.883231
29305	16.495220	6.601541	12.272762	-0.058244	-1.724716	-0.625228	-0.805283	-0.357660	0.472861	0.352795	-0.930052	-0.102656	0.476502	0.084156	0.875136
29306	1.822156	5.430605	10.140727	0.772219	-1.275040	-0.311469	-0.800225	-0.353599	0.484363	0.354019	-0.930464	-0.094384	0.484056	0.095945	0.869761
29307	5.184632	-2.123755	10.767353	-2.187888	-2.228790	-0.208400	-0.789878	-0.349621	0.503843	0.341450	-0.933174	-0.112243	0.509416	0.083379	0.856472
29308	7.047233	-13.360181	3.588745	-1.614588	-1.668107	-0.263205	-0.782073	-0.345834	0.518421	0.331035	-0.935359	-0.124581	0.527994	0.074184	0.846002
29309	5.651252	-4.414906	6.754101	2.836878	-1.180866	-0.131972	-0.776285	-0.343507	0.528568	0.344938	-0.933290	-0.099932	0.527635	0.104748	0.842988
29310	6.395057	3.657677	11.883036	1.515560	-1.202133	-0.195965	-0.770573	-0.340277	0.538915	0.351426	-0.932244	-0.086139	0.531712	0.123012	0.837944
29311	8.090706	0.128619	9.629045	-0.623692	-1.202895	-0.208761	-0.764835	-0.336822	0.549161	0.346429	-0.933729	-0.090208	0.543152	0.121251	0.830834
29312	8.527389	-2.883170	9.000859	0.286019	-0.825175	-0.120281	-0.760713	-0.334648	0.556170	0.347073	-0.933781	-0.087141	0.548503	0.126742	0.826487
29313	10.132924	-0.424380	8.481566	0.267535	-0.296918	-0.049560	-0.759254	-0.333766	0.558690	0.348123	-0.933619	-0.084655	0.549858	0.130218	0.825045
29314	5.042751	2.076937	9.880596	0.563411	-0.546878	0.028770	-0.756099	-0.333275	0.563242	0.351449	-0.932771	-0.080142	0.552085	0.137355	0.822396
29315	5.625060	-0.508546	8.112207	-0.443683	-0.445425	0.071265	-0.753378	-0.333296	0.566864	0.349484	-0.933153	-0.084187	0.557030	0.134685	0.819498
29316	6.802089	-0.592295	9.078365	-0.044496	-0.454653	0.114826	-0.750393	-0.333727	0.570559	0.350112	-0.932829	-0.085159	0.560653	0.135857	0.816830
29317	5.923784	-0.131110	8.708920	-0.228584	-0.431918	0.134473	-0.747490	-0.334357	0.573989	0.349791	-0.932705	-0.087791	0.564716	0.135153	0.814143
29318	6.473914	-0.684450	8.277932	-0.256098	-0.392787	0.152649	-0.744686	-0.335227	0.577118	0.349496	-0.932537	-0.090704	0.568591	0.134154	0.811608
29319	6.244964	-0.526206	8.519051	-0.261342	-0.348384	0.154458	-0.742157	-0.336164	0.579824	0.349112	-0.932383	-0.093714	0.572122	0.132873	0.809334
29320	6.129676	-1.055167	8.192855	-0.309875	-0.326878	0.154810	-0.739696	-0.337151	0.582390	0.348501	-0.932269	-0.097066	0.575670	0.131165	0.807093
29321	6.219394	-1.101790	8.232060	-0.217691	-0.285303	0.143224	-0.737549	-0.338075	0.584574	0.348261	-0.932085	-0.099654	0.578564	0.130085	0.805197
29322	5.971342	-1.208736	8.181319	-0.233073	-0.269899	0.132817	-0.735474	-0.338939	0.586685	0.347908	-0.931935	-0.102256	0.581411	0.128906	0.803333
29323	5.939474	-1.407961	8.103951	-0.165721	-0.267115	0.119738	-0.733498	-0.339673	0.588729	0.347780	-0.931758	-0.104287	0.583977	0.128254	0.801575
29324	5.755776	-1.321425	8.182295	-0.095175	-0.288958	0.103401	-0.731401	-0.340240	0.591007	0.347998	-0.931528	-0.105610	0.586472	0.128426	0.799723
29325	6.050110	-1.255390	8.280868	-0.083145	-0.308938	0.105266	-0.729217	-0.340785	0.593388	0.348237	-0.931292	-0.106895	0.589045	0.128690	0.797787
29326	6.067873	-1.215926	8.362753	-0.088402	-0.299468	0.102035	-0.727048	-0.341323	0.595735	0.348474	-0.931057	-0.108160	0.591581	0.128961	0.795865
29327	6.033215	-1.546919	8.089234	-0.063453	-0.294637	0.087690	-0.724993	-0.341721	0.598007	0.348693	-0.930856	-0.109184	0.593969	0.129363	0.794019
29328	6.314901	-1.168814	8.137504	0.011243	-0.286304	0.071283	-0.722997	-0.341985	0.600268	0.349289	-0.930598	-0.109476	0.596047	0.130516	0.792271
29329	6.385324	-0.971118	8.071394	-0.013926	-0.231214	0.069006	-0.721373	-0.342286	0.602047	0.349663	-0.930396	-0.109998	0.597793	0.131164	0.790848
29330	6.344946	-1.068710	8.025752	-0.046020	-0.192872	0.062514	-0.719959	-0.342582	0.603570	0.349847	-0.930244	-0.110691	0.599389	0.131464	0.789589
29331	6.315517	-1.100479	7.954941	-0.034682	-0.148463	0.057239	-0.718865	-0.342881	0.604703	0.350010	-0.930110	-0.111307	0.600605	0.131637	0.788635
29332	6.186270	-1.191009	7.930245	-0.050772	-0.129437	0.042092	-0.717894	-0.343074	0.605746	0.350019	-0.930033	-0.111916	0.601759	0.131679	0.787748
29333	6.287040	-1.423718	7.750081	-0.041448	-0.121612	0.022136	-0.717082	-0.343082	0.606704	0.349888	-0.930027	-0.112373	0.602804	0.131697	0.786945
29334	6.294162	-1.258218	7.884932	0.008898	-0.093914	0.010592	-0.716433	-0.343026	0.607500	0.350027	-0.929981	-0.112324	0.603494	0.132169	0.786338
29335	6.077841	-1.364878	7.812436	-0.047999	-0.099716	-0.008919	-0.715859	-0.342773	0.608319	0.349632	-0.930091	-0.112643	0.604403	0.132051	0.785659
29336	6.091807	-1.677321	7.819686	-0.039793	-0.102076	-0.035689	-0.715323	-0.342277	0.609229	0.349146	-0.930267	-0.112695	0.605318	0.132097	0.784946
29337	6.138955	-1.793154	7.764538	0.018452	-0.105176	-0.082429	-0.714970	-0.341333	0.610172	0.348627	-0.930540	-0.112043	0.606033	0.132615	0.784307
29338	6.274978	-1.507663	7.773938	0.065312	-0.091041	-0.122250	-0.714801	-0.340044	0.611089	0.348155	-0.930872	-0.110747	0.606505	0.133592	0.783776
29339	6.268261	-1.219250	7.796136	0.048499	-0.085341	-0.146759	-0.714790	-0.338525	0.611945	0.347359	-0.931321	-0.109465	0.606973	0.134320	0.783289
29340	6.123141	-1.245538	7.898985	0.016372	-0.095089	-0.176169	-0.714781	-0.336724	0.612947	0.346201	-0.931897	-0.108221	0.607645	0.134849	0.782677
29341	6.046188	-1.572068	7.877661	-0.003717	-0.099346	-0.216687	-0.714922	-0.334532	0.613982	0.344589	-0.932645	-0.106916	0.608395	0.135135	0.782045
29342	6.105538	-1.300692	8.011284	0.051198	-0.099061	-0.242840	-0.715114	-0.332100	0.615079	0.343164	-0.933389	-0.104989	0.608975	0.135994	0.781445
29343	6.094126	-0.981783	8.065886	0.044675	-0.119656	-0.253144	-0.715248	-0.329535	0.616301	0.341586	-0.934181	-0.103077	0.609704	0.136794	0.780735
29344	5.612152	-1.221177	8.317647	0.029202	-0.203656	-0.246534	-0.714805	-0.326919	0.618205	0.340000	-0.934954	-0.101294	0.611109	0.137784	0.779462
29345	5.752415	-0.639621	8.464558	0.231220	-0.329010	-0.221684	-0.713541	-0.324349	0.621012	0.339791	-0.935369	-0.098115	0.612699	0.141005	0.777636
29346	6.035580	-0.452797	9.079862	-0.107153	-0.426505	-0.203147	-0.711571	-0.321813	0.624582	0.337683	-0.936181	-0.097649	0.616146	0.141427	0.774830
29347	6.063269	-0.941592	8.789997	-0.053425	-0.535939	-0.196749	-0.708917	-0.319171	0.628941	0.335915	-0.936903	-0.096823	0.620160	0.142631	0.771400
29348	6.109029	-0.572742	8.873643	-0.172669	-0.643335	-0.202478	-0.705552	-0.316321	0.634143	0.333407	-0.937797	-0.096838	0.625329	0.143103	0.767128
29349	6.093428	-0.824817	8.679706	-0.240969	-0.757578	-0.213116	-0.701494	-0.313199	0.640166	0.330353	-0.938827	-0.097317	0.631485	0.143214	0.762047
29350	6.294914	-0.632510	8.699862	-0.131971	-0.851390	-0.208794	-0.696743	-0.309979	0.646886	0.328055	-0.939672	-0.096938	0.637910	0.144673	0.756400
29351	6.340025	-0.524798	8.943946	-0.138393	-0.949521	-0.198307	-0.691295	-0.306695	0.654254	0.325751	-0.940499	-0.096684	0.644978	0.146287	0.750069
29352	6.608685	-0.749613	9.161593	-0.205901	-1.029960	-0.200302	-0.685228	-0.303264	0.662188	0.323039	-0.941415	-0.096863	0.652770	0.147540	0.743050
29353	6.707803	-1.057903	9.626367	-0.264279	-1.086810	-0.201017	-0.678729	-0.299724	0.670442	0.319893	-0.942427	-0.097470	0.661057	0.148314	0.735532
29354	6.169595	-1.031049	10.291995	-0.345677	-1.194842	-0.204389	-0.671393	-0.295987	0.679428	0.316211	-0.943553	-0.098579	0.670255	0.148657	0.727090
29355	4.614543	-1.635130	10.455474	-0.505082	-1.623691	-0.250485	-0.661188	-0.291169	0.691412	0.311086	-0.945054	-0.100496	0.682683	0.148641	0.715437
29356	4.362492	-3.000625	9.929092	-0.418286	-2.225848	-0.425159	-0.647106	-0.283773	0.707620	0.305405	-0.946910	-0.100447	0.698557	0.151111	0.699417
29357	3.820290	-1.959042	9.004483	0.466967	-2.788276	-0.525435	-0.628995	-0.274373	0.727382	0.305313	-0.947656	-0.093445	0.714947	0.163303	0.679841
29358	2.385757	0.614131	10.685176	0.440755	-3.654467	-0.611665	-0.604330	-0.262311	0.752316	0.304712	-0.948557	-0.085961	0.736163	0.177291	0.653171
29359	-0.351317	0.726922	9.998249	-0.347687	-4.969818	-0.756059	-0.569253	-0.246043	0.784483	0.297624	-0.951126	-0.082341	0.766402	0.186608	0.614659
29360	1.796414	1.183029	11.672410	-0.599311	-6.433322	-0.881641	-0.521332	-0.225281	0.823080	0.288064	-0.954367	-0.078757	0.803263	0.196041	0.562438
29361	4.526584	-1.966532	10.447366	-1.156244	-7.113140	-0.658217	-0.464648	-0.204842	0.861476	0.275267	-0.958088	-0.079346	0.841623	0.200269	0.501560
29362	9.369014	-0.796083	11.028177	-0.543240	-7.440259	-0.374844	-0.401790	-0.185961	0.896651	0.268935	-0.959948	-0.078578	0.875350	0.209569	0.435709
29363	16.129493	2.024520	13.091519	-1.284386	-7.687282	-0.237684	-0.333858	-0.167468	0.927628	0.256575	-0.963080	-0.081526	0.907033	0.210788	0.364500
29364	22.400899	-1.972760	12.386915	-2.254857	-7.851589	-0.166597	-0.261919	-0.149634	0.953419	0.235250	-0.968007	-0.087296	0.935979	0.201428	0.288740
29365	18.809794	-2.412419	13.724985	-1.613456	-7.532974	-0.133949	-0.190883	-0.133301	0.972520	0.219641	-0.971417	-0.090039	0.956725	0.196418	0.214705
29366	18.902462	-3.214173	16.667302	-2.427793	-7.249066	-0.255813	-0.121494	-0.117075	0.985664	0.195762	-0.976342	-0.091838	0.973096	0.181798	0.141538
29367	17.065320	-5.393222	18.060778	-2.087736	-6.374868	-0.831365	-0.060649	-0.097735	0.993363	0.174555	-0.980898	-0.085851	0.982778	0.168189	0.076550
29368	10.385625	-4.441204	20.184102	-2.438860	-5.145348	-1.506457	-0.012467	-0.074788	0.997122	0.149875	-0.986074	-0.072085	0.988626	0.148545	0.023502
29369	-3.389858	-3.689837	17.646081	-2.534226	-3.655167	-2.198109	0.020739	-0.048002	0.998632	0.124842	-0.990905	-0.050223	0.991960	0.125713	-0.014558
29370	-33.019754	-8.554967	0.182052	-1.973178	-3.772646	-2.683990	0.054931	-0.017045	0.998345	0.106132	-0.994090	-0.022812	0.992834	0.107210	-0.052798
29371	35.175340	-2.903059	19.324524	-4.046366	-7.337291	-2.282826	0.125744	0.012140	0.991988	0.068040	-0.997676	0.003584	0.989727	0.067045	-0.126278
