// General information: 
//  MT Manager version: 2022.2.0 
//  XDA version: 2022.2.0 build 7381 rev 124627 built on 2023-07-19
// Device information: 
//  DeviceId: 00B4CB9F
//  ProductCode: MTW2-3A7G6
//  Firmware Version: 4.6.0
//  Hardware Version: 2.0.0
// Device settings: 
//  Filter Profile: human(46.1)
//  Option Flags: Orientation Smoother Disabled, Position/Velocity Smoother Disabled, Continuous Zero Rotation Update Disabled, AHS Disabled, ICC Disabled
// Coordinate system: ENU
PacketCounter	Acc_X	Acc_Y	Acc_Z	Gyr_X	Gyr_Y	Gyr_Z	Mat[1][1]	Mat[2][1]	Mat[3][1]	Mat[1][2]	Mat[2][2]	Mat[3][2]	Mat[1][3]	Mat[2][3]	Mat[3][3]
56163	9.710429	-0.067235	-1.572758	0.003656	-0.001168	-0.000834	-0.152834	-0.038036	0.987520	-0.298968	0.954216	-0.009517	-0.941945	-0.296692	-0.157209
56164	9.694383	-0.077568	-1.601656	0.001669	-0.001170	0.000189	-0.152898	-0.038010	0.987511	-0.299014	0.954201	-0.009569	-0.941920	-0.296743	-0.157261
56165	9.667758	-0.050005	-1.534912	-0.005224	-0.004413	0.001610	-0.152973	-0.037963	0.987501	-0.298821	0.954261	-0.009605	-0.941969	-0.296556	-0.157320
56166	9.688105	-0.075950	-1.578705	-0.009704	-0.002520	-0.000292	-0.153048	-0.037945	0.987490	-0.298761	0.954279	-0.009636	-0.941976	-0.296498	-0.157387
56167	9.686240	-0.054657	-1.605900	-0.005008	0.003510	-0.000567	-0.153093	-0.037910	0.987484	-0.298759	0.954280	-0.009682	-0.941969	-0.296502	-0.157419
56168	9.710331	-0.066951	-1.573374	-0.004588	-0.002069	-0.000813	-0.153162	-0.037896	0.987474	-0.298747	0.954283	-0.009715	-0.941962	-0.296493	-0.157481
56169	9.697985	-0.063679	-1.526212	-0.002197	0.002787	0.001146	-0.153189	-0.037862	0.987471	-0.298748	0.954282	-0.009756	-0.941957	-0.296500	-0.157497
56170	9.698021	-0.063523	-1.525986	-0.000507	0.001897	-0.003947	-0.153212	-0.037865	0.987468	-0.298779	0.954272	-0.009765	-0.941943	-0.296531	-0.157519
56171	9.666016	-0.083922	-1.583255	0.005223	0.004413	-0.001610	-0.153244	-0.037863	0.987463	-0.298962	0.954215	-0.009808	-0.941880	-0.296717	-0.157547
56172	9.714919	-0.102740	-1.644376	0.015563	0.009278	-0.003740	-0.153197	-0.037842	0.987471	-0.299144	0.954157	-0.009844	-0.941830	-0.296904	-0.157495
56173	9.686721	-0.109749	-1.624937	0.025588	0.012969	-0.004657	-0.153116	-0.037845	0.987483	-0.299472	0.954054	-0.009872	-0.941739	-0.297235	-0.157415
56174	9.662113	-0.103293	-1.529925	0.025585	0.002255	-0.002600	-0.153140	-0.037835	0.987480	-0.299747	0.953967	-0.009934	-0.941647	-0.297516	-0.157431
56175	9.682528	-0.073690	-1.551443	0.021193	0.007829	-0.000308	-0.153135	-0.037802	0.987482	-0.300028	0.953878	-0.010012	-0.941559	-0.297805	-0.157413
56176	9.658566	-0.061544	-1.583254	0.014616	0.005758	-0.000100	-0.153132	-0.037757	0.987484	-0.300196	0.953824	-0.010082	-0.941506	-0.297983	-0.157396
56177	9.672844	-0.029882	-1.580949	0.006818	0.010267	-0.007667	-0.153103	-0.037763	0.987488	-0.300312	0.953788	-0.010087	-0.941473	-0.298099	-0.157369
56178	9.682901	-0.073301	-1.549129	-0.004901	0.007470	-0.001660	-0.153080	-0.037728	0.987493	-0.300298	0.953792	-0.010112	-0.941481	-0.298091	-0.157336
56179	9.717584	-0.067681	-1.590410	-0.001561	0.005130	-0.001279	-0.153105	-0.037690	0.987491	-0.300299	0.953791	-0.010156	-0.941477	-0.298097	-0.157348
56180	9.679402	-0.030704	-1.602297	-0.005110	0.010259	-0.001537	-0.153056	-0.037646	0.987500	-0.300283	0.953796	-0.010181	-0.941490	-0.298088	-0.157288
56181	9.683261	-0.072805	-1.546902	-0.005746	0.007916	0.000886	-0.153060	-0.037583	0.987502	-0.300258	0.953803	-0.010239	-0.941498	-0.298072	-0.157274
56182	9.732134	-0.035752	-1.586426	0.000538	0.009092	-0.003388	-0.153017	-0.037560	0.987510	-0.300298	0.953790	-0.010254	-0.941492	-0.298117	-0.157225
56183	9.673621	-0.028521	-1.576216	0.000219	0.007920	-0.002177	-0.152986	-0.037520	0.987516	-0.300244	0.953807	-0.010275	-0.941514	-0.298068	-0.157184
56184	9.691698	-0.094992	-1.540820	0.005019	0.007200	-0.001482	-0.152966	-0.037484	0.987520	-0.300324	0.953781	-0.010316	-0.941492	-0.298154	-0.157154
56185	9.671313	-0.068855	-1.496948	-0.001351	0.002341	-0.001402	-0.153025	-0.037476	0.987511	-0.300425	0.953749	-0.010359	-0.941450	-0.298258	-0.157206
56186	9.667639	-0.026334	-1.551307	-0.010740	0.000993	-0.002913	-0.153060	-0.037473	0.987506	-0.300358	0.953770	-0.010362	-0.941466	-0.298192	-0.157239
56187	9.690031	-0.072913	-1.566986	-0.010519	0.008912	-0.005088	-0.153004	-0.037474	0.987515	-0.300256	0.953803	-0.010326	-0.941507	-0.298087	-0.157188
56188	9.714200	-0.084669	-1.533743	-0.005192	0.006574	-0.005728	-0.152977	-0.037481	0.987519	-0.300246	0.953806	-0.010310	-0.941515	-0.298076	-0.157164
56189	9.692133	-0.092987	-1.538208	0.001680	0.009539	-0.001861	-0.152945	-0.037457	0.987525	-0.300327	0.953780	-0.010336	-0.941494	-0.298161	-0.157125
56190	9.686083	-0.091192	-1.513648	0.005130	0.011159	-0.002567	-0.152884	-0.037420	0.987535	-0.300410	0.953754	-0.010367	-0.941478	-0.298250	-0.157056
56191	9.696836	-0.073091	-1.586948	0.003989	0.010711	-0.004091	-0.152833	-0.037379	0.987545	-0.300383	0.953762	-0.010387	-0.941495	-0.298229	-0.156995
56192	9.705059	-0.095644	-1.582236	0.004811	0.009988	-0.001355	-0.152787	-0.037334	0.987554	-0.300460	0.953737	-0.010429	-0.941477	-0.298314	-0.156936
56193	9.668714	-0.079809	-1.566907	0.002419	0.005132	-0.003318	-0.152778	-0.037324	0.987555	-0.300467	0.953735	-0.010437	-0.941477	-0.298322	-0.156924
56194	9.652638	-0.034026	-1.574092	0.002837	-0.000445	-0.003565	-0.152824	-0.037331	0.987548	-0.300529	0.953715	-0.010455	-0.941449	-0.298385	-0.156969
56195	9.654533	-0.054835	-1.546494	-0.002908	0.007469	-0.002679	-0.152794	-0.037306	0.987554	-0.300475	0.953732	-0.010461	-0.941472	-0.298333	-0.156934
56196	9.684749	-0.012582	-1.515426	-0.015954	0.007286	-0.003363	-0.152768	-0.037288	0.987558	-0.300360	0.953769	-0.010451	-0.941513	-0.298219	-0.156905
56197	9.662813	-0.076662	-1.541447	-0.018261	0.006112	-0.001131	-0.152778	-0.037269	0.987558	-0.300280	0.953794	-0.010459	-0.941536	-0.298142	-0.156910
56198	9.655037	-0.109323	-1.565771	-0.013030	0.010523	-0.002731	-0.152723	-0.037236	0.987567	-0.300191	0.953822	-0.010460	-0.941574	-0.298057	-0.156848
56199	9.663069	-0.075926	-1.539873	-0.010332	0.005842	0.000070	-0.152699	-0.037191	0.987573	-0.300029	0.953872	-0.010469	-0.941629	-0.297899	-0.156814
56200	9.685335	-0.067232	-1.534115	-0.002725	0.004402	0.002481	-0.152717	-0.037126	0.987572	-0.300030	0.953872	-0.010537	-0.941626	-0.297911	-0.156812
56201	9.691660	-0.068814	-1.557069	0.002212	0.007921	-0.003190	-0.152713	-0.037115	0.987573	-0.300142	0.953836	-0.010566	-0.941591	-0.298025	-0.156803
56202	9.704221	-0.071861	-1.603561	-0.008662	0.004673	0.000260	-0.152723	-0.037070	0.987574	-0.300090	0.953852	-0.010603	-0.941606	-0.297980	-0.156799
56203	9.685574	-0.066842	-1.532622	-0.011582	0.001434	-0.000370	-0.152780	-0.037043	0.987566	-0.300018	0.953874	-0.010635	-0.941619	-0.297912	-0.156847
56204	9.714004	-0.059467	-1.550845	-0.011053	-0.000183	-0.001705	-0.152829	-0.037031	0.987559	-0.299947	0.953896	-0.010649	-0.941634	-0.297842	-0.156891
56205	9.715816	-0.080274	-1.523710	-0.014501	-0.001805	-0.000999	-0.152923	-0.037026	0.987544	-0.299888	0.953915	-0.010673	-0.941638	-0.297785	-0.156979
56206	9.715817	-0.079822	-1.523727	-0.015528	0.001706	-0.003607	-0.152948	-0.037027	0.987540	-0.299777	0.953950	-0.010661	-0.941669	-0.297673	-0.157005
56207	9.698247	-0.124473	-1.600980	0.000112	0.003959	-0.001083	-0.152996	-0.036984	0.987534	-0.299797	0.953943	-0.010721	-0.941655	-0.297700	-0.157037
56208	9.698389	-0.124498	-1.600118	0.010859	0.013677	-0.000211	-0.152919	-0.036917	0.987549	-0.299930	0.953900	-0.010784	-0.941625	-0.297845	-0.156942
56209	9.676371	-0.133281	-1.604380	0.018910	0.006942	-0.003333	-0.152893	-0.036887	0.987554	-0.300038	0.953866	-0.010823	-0.941595	-0.297959	-0.156907
56210	9.692460	-0.123099	-1.574675	0.020984	0.010624	-0.000154	-0.152845	-0.036828	0.987564	-0.300266	0.953793	-0.010903	-0.941530	-0.298199	-0.156841
56211	9.632104	-0.095363	-1.591796	0.017745	0.006213	0.000426	-0.152848	-0.036774	0.987565	-0.300419	0.953744	-0.010982	-0.941481	-0.298362	-0.156825
56212	9.636656	-0.076177	-1.641820	0.024646	0.009455	-0.000979	-0.152808	-0.036727	0.987573	-0.300683	0.953660	-0.011059	-0.941403	-0.298636	-0.156770
56213	9.654286	-0.031277	-1.564011	0.014103	-0.003049	-0.001979	-0.152869	-0.036719	0.987564	-0.300736	0.953643	-0.011095	-0.941376	-0.298693	-0.156825
56214	9.684466	-0.045320	-1.555413	0.005535	-0.005123	-0.000763	-0.152967	-0.036713	0.987549	-0.300820	0.953616	-0.011144	-0.941333	-0.298779	-0.156916
56215	9.655991	-0.052137	-1.537456	-0.001430	-0.001343	-0.005596	-0.152998	-0.036739	0.987543	-0.300739	0.953642	-0.011115	-0.941354	-0.298693	-0.156954
56216	9.702147	-0.055349	-1.499856	-0.010848	-0.002970	-0.001835	-0.153072	-0.036737	0.987532	-0.300670	0.953663	-0.011128	-0.941364	-0.298624	-0.157025
56217	9.730578	-0.047933	-1.518094	-0.014922	0.003771	-0.000755	-0.153095	-0.036739	0.987528	-0.300659	0.953667	-0.011131	-0.941364	-0.298614	-0.157047
56218	9.705023	-0.070069	-1.598777	-0.015978	0.007004	0.001916	-0.153087	-0.036672	0.987532	-0.300536	0.953705	-0.011173	-0.941405	-0.298499	-0.157021
56219	9.680210	-0.063524	-1.503574	-0.012943	0.014199	0.001465	-0.152994	-0.036576	0.987550	-0.300313	0.953775	-0.011200	-0.941491	-0.298287	-0.156906
56220	9.678774	-0.098050	-1.551041	-0.011884	0.010966	-0.001205	-0.152940	-0.036526	0.987560	-0.300232	0.953800	-0.011218	-0.941525	-0.298213	-0.156840
56221	9.661217	-0.087067	-1.606002	-0.000509	0.012320	-0.000704	-0.152841	-0.036465	0.987578	-0.300120	0.953835	-0.011228	-0.941577	-0.298108	-0.156729
56222	9.663186	-0.108124	-1.577781	-0.003751	0.007911	-0.000127	-0.152819	-0.036415	0.987583	-0.300115	0.953837	-0.011269	-0.941583	-0.298110	-0.156693
56223	9.664870	-0.073354	-1.528656	-0.015559	0.001427	0.001665	-0.152870	-0.036378	0.987577	-0.300008	0.953870	-0.011303	-0.941608	-0.298008	-0.156731
56224	9.679184	-0.097764	-1.548498	-0.002310	-0.001174	0.002228	-0.152940	-0.036332	0.987567	-0.300012	0.953868	-0.011369	-0.941596	-0.298021	-0.156784
56225	9.679268	-0.097463	-1.547993	-0.006732	0.011696	-0.006994	-0.152888	-0.036347	0.987575	-0.300049	0.953856	-0.011345	-0.941592	-0.298056	-0.156739
56226	9.627172	-0.147590	-1.582988	0.012016	0.003698	-0.001917	-0.152900	-0.036326	0.987574	-0.300195	0.953810	-0.011393	-0.941544	-0.298207	-0.156742
56227	9.687426	-0.120019	-1.543698	0.006028	-0.007015	0.003178	-0.153091	-0.036291	0.987546	-0.300391	0.953747	-0.011519	-0.941450	-0.298413	-0.156911
56228	9.671465	-0.130678	-1.572747	0.007717	0.002520	0.001330	-0.153123	-0.036242	0.987542	-0.300492	0.953714	-0.011592	-0.941413	-0.298523	-0.156926
56229	9.728410	-0.116837	-1.608779	0.018884	0.006661	0.001959	-0.153126	-0.036184	0.987544	-0.300698	0.953648	-0.011684	-0.941346	-0.298742	-0.156909
56230	9.684208	-0.134678	-1.618399	0.015665	0.012955	0.000498	-0.153058	-0.036112	0.987557	-0.300875	0.953591	-0.011761	-0.941301	-0.298931	-0.156820
56231	9.704712	-0.105029	-1.639612	0.006579	0.002071	-0.000194	-0.153125	-0.036081	0.987548	-0.301006	0.953549	-0.011834	-0.941248	-0.299070	-0.156873
56232	9.698224	-0.047775	-1.594812	0.011469	-0.005391	0.001462	-0.153232	-0.036055	0.987532	-0.301142	0.953505	-0.011915	-0.941187	-0.299213	-0.156966
56233	9.699969	-0.069281	-1.567858	0.010734	-0.000988	0.002923	-0.153292	-0.035981	0.987526	-0.301116	0.953512	-0.012000	-0.941186	-0.299199	-0.157000
56234	9.676015	-0.056826	-1.600275	-0.006961	0.003779	-0.004834	-0.153294	-0.035988	0.987525	-0.301088	0.953521	-0.011990	-0.941195	-0.299169	-0.157005
56235	9.700029	-0.068824	-1.567506	-0.002807	0.000720	-0.001717	-0.153334	-0.035979	0.987519	-0.301066	0.953528	-0.012006	-0.941195	-0.299150	-0.157040
56236	9.685898	-0.100164	-1.569163	0.007316	-0.002332	-0.001655	-0.153404	-0.035974	0.987509	-0.301168	0.953495	-0.012050	-0.941151	-0.299254	-0.157104
56237	9.679641	-0.098483	-1.545595	0.001783	0.002789	-0.000892	-0.153442	-0.035938	0.987504	-0.301174	0.953492	-0.012097	-0.941143	-0.299267	-0.157129
56238	9.678172	-0.133274	-1.593477	0.003762	0.013217	0.001329	-0.153374	-0.035858	0.987517	-0.301237	0.953472	-0.012165	-0.941134	-0.299343	-0.157039
56239	9.665640	-0.074243	-1.523737	0.004613	0.012770	-0.001215	-0.153342	-0.035795	0.987525	-0.301332	0.953441	-0.012231	-0.941109	-0.299448	-0.156989
56240	9.680158	-0.098405	-1.542359	0.002336	0.011873	-0.004267	-0.153270	-0.035772	0.987537	-0.301390	0.953422	-0.012241	-0.941102	-0.299510	-0.156913
56241	9.715058	-0.092737	-1.583015	0.001163	0.011149	-0.000513	-0.153250	-0.035756	0.987540	-0.301618	0.953350	-0.012288	-0.941032	-0.299743	-0.156885
56242	9.636178	-0.115578	-1.550666	-0.002172	0.013485	-0.000895	-0.153173	-0.035696	0.987555	-0.301629	0.953346	-0.012324	-0.941041	-0.299762	-0.156793
56243	9.634487	-0.094467	-1.577366	0.008455	-0.001884	-0.000126	-0.153236	-0.035676	0.987545	-0.301680	0.953329	-0.012371	-0.941014	-0.299819	-0.156847
56244	9.694712	-0.066870	-1.538036	0.014715	-0.000984	0.000893	-0.153301	-0.035642	0.987537	-0.301847	0.953275	-0.012452	-0.940950	-0.299994	-0.156896
56245	9.686678	-0.044367	-1.541605	0.013163	0.004140	-0.000381	-0.153329	-0.035609	0.987533	-0.302004	0.953225	-0.012519	-0.940895	-0.300158	-0.156911
56246	9.693268	-0.102143	-1.585920	0.003327	0.008088	0.003623	-0.153316	-0.035522	0.987539	-0.302059	0.953206	-0.012608	-0.940879	-0.300228	-0.156872
56247	9.642796	-0.118276	-1.572021	0.005434	0.012046	0.001523	-0.153270	-0.035461	0.987548	-0.302181	0.953166	-0.012673	-0.940848	-0.300361	-0.156808
56248	9.700154	-0.160040	-1.628473	0.011524	0.016006	-0.002610	-0.153164	-0.035409	0.987566	-0.302324	0.953121	-0.012714	-0.940819	-0.300512	-0.156689
56249	9.659125	-0.108213	-1.540430	0.002593	0.012490	0.005085	-0.153093	-0.035282	0.987582	-0.302221	0.953152	-0.012798	-0.940864	-0.300427	-0.156584
56250	9.710169	-0.148558	-1.573525	0.004298	0.011596	-0.000002	-0.153036	-0.035219	0.987593	-0.302291	0.953129	-0.012853	-0.940851	-0.300508	-0.156510
56251	9.683361	-0.120944	-1.505923	0.010037	0.003688	-0.000885	-0.153051	-0.035210	0.987591	-0.302450	0.953078	-0.012892	-0.940797	-0.300670	-0.156519
56252	9.645342	-0.140233	-1.539860	0.018172	0.000633	0.000204	-0.153098	-0.035178	0.987585	-0.302650	0.953013	-0.012971	-0.940725	-0.300879	-0.156551
56253	9.679880	-0.079181	-1.560180	0.022157	0.000634	-0.001827	-0.153168	-0.035185	0.987574	-0.302984	0.952906	-0.013042	-0.940606	-0.301217	-0.156615
56254	9.687970	-0.101972	-1.556199	0.014023	0.003688	-0.002916	-0.153177	-0.035173	0.987573	-0.303151	0.952853	-0.013084	-0.940551	-0.301387	-0.156618
56255	9.708663	-0.128061	-1.599184	0.011708	0.002518	-0.000690	-0.153267	-0.035159	0.987559	-0.303448	0.952757	-0.013174	-0.940441	-0.301692	-0.156695
56256	9.722876	-0.096573	-1.597040	0.001698	0.009528	-0.001849	-0.153224	-0.035120	0.987567	-0.303497	0.952741	-0.013207	-0.940432	-0.301747	-0.156642
56257	9.713467	-0.108544	-1.648408	0.001169	0.011145	-0.000515	-0.153180	-0.035069	0.987576	-0.303535	0.952728	-0.013249	-0.940427	-0.301794	-0.156584
56258	9.693302	-0.138217	-1.624965	0.001407	0.019054	-0.002681	-0.153046	-0.035009	0.987599	-0.303583	0.952713	-0.013273	-0.940433	-0.301849	-0.156436
56259	9.657067	-0.122458	-1.608795	-0.001232	0.016715	0.000753	-0.152948	-0.034914	0.987617	-0.303531	0.952728	-0.013325	-0.940466	-0.301811	-0.156315
56260	9.638304	-0.117343	-1.537265	-0.006143	0.003056	-0.002109	-0.152965	-0.034897	0.987615	-0.303507	0.952736	-0.013343	-0.940471	-0.301789	-0.156327
56261	9.703337	-0.125803	-1.569730	0.005123	0.000450	-0.000502	-0.153021	-0.034864	0.987608	-0.303523	0.952730	-0.013396	-0.940457	-0.301812	-0.156369
56262	9.660555	-0.108644	-1.531407	0.008983	0.006920	0.001790	-0.153014	-0.034797	0.987611	-0.303635	0.952693	-0.013476	-0.940422	-0.301935	-0.156341
56263	9.696894	-0.068690	-1.524140	0.006262	0.000899	0.001026	-0.153087	-0.034758	0.987601	-0.303738	0.952659	-0.013554	-0.940376	-0.302047	-0.156397
56264	9.733217	-0.028591	-1.516976	0.008374	0.004853	-0.001072	-0.153091	-0.034725	0.987602	-0.303849	0.952623	-0.013605	-0.940340	-0.302164	-0.156389
56265	9.735071	-0.049370	-1.488962	-0.000252	0.009797	-0.006112	-0.153081	-0.034764	0.987602	-0.304095	0.952545	-0.013605	-0.940262	-0.302408	-0.156388
56266	9.714840	-0.078889	-1.465728	-0.006353	0.016263	0.001255	-0.152984	-0.034675	0.987620	-0.304063	0.952554	-0.013656	-0.940288	-0.302388	-0.156269
56267	9.656034	-0.015895	-1.434313	-0.014602	0.004941	-0.001996	-0.152964	-0.034656	0.987624	-0.303884	0.952612	-0.013639	-0.940349	-0.302209	-0.156247
56268	9.686636	-0.085284	-1.445723	-0.012693	0.011681	-0.003966	-0.152895	-0.034630	0.987635	-0.303800	0.952638	-0.013628	-0.940387	-0.302128	-0.156175
56269	9.672740	-0.116432	-1.445892	-0.006026	0.017430	0.000052	-0.152775	-0.034556	0.987657	-0.303732	0.952660	-0.013651	-0.940429	-0.302069	-0.156038
56270	9.676128	-0.131628	-1.543721	-0.003503	0.015813	-0.002296	-0.152672	-0.034502	0.987674	-0.303733	0.952659	-0.013671	-0.940445	-0.302076	-0.155924
56271	9.712718	-0.091403	-1.534777	0.020324	0.025699	-0.000664	-0.152431	-0.034410	0.987715	-0.303820	0.952631	-0.013700	-0.940457	-0.302176	-0.155665
56272	9.624176	-0.070956	-1.532456	0.018823	0.023808	0.004299	-0.152273	-0.034269	0.987744	-0.304020	0.952565	-0.013820	-0.940417	-0.302398	-0.155468
56273	9.657845	-0.072027	-1.445295	0.014719	0.019851	0.007410	-0.152139	-0.034107	0.987770	-0.304067	0.952548	-0.013943	-0.940424	-0.302470	-0.155291
56274	9.678858	-0.098561	-1.486705	-0.016796	0.018144	0.002381	-0.152029	-0.034001	0.987791	-0.303936	0.952590	-0.013989	-0.940484	-0.302352	-0.155155
56275	9.742845	-0.141864	-1.565705	-0.002638	0.025779	-0.001591	-0.151847	-0.033956	0.987821	-0.304099	0.952538	-0.014002	-0.940461	-0.302522	-0.154966
56276	9.760747	-0.125907	-1.660374	0.010218	0.039159	0.002519	-0.151539	-0.033786	0.987874	-0.304221	0.952497	-0.014091	-0.940471	-0.302668	-0.154619
56277	9.729543	-0.091356	-1.692894	0.019948	0.041669	0.002871	-0.151229	-0.033643	0.987926	-0.304581	0.952381	-0.014192	-0.940404	-0.303050	-0.154275
56278	9.687384	-0.074461	-1.650476	0.008090	0.052619	0.001643	-0.150792	-0.033440	0.988000	-0.304685	0.952346	-0.014269	-0.940441	-0.303181	-0.153795
56279	9.594833	-0.073155	-1.593401	-0.004025	0.083494	0.002852	-0.150065	-0.033146	0.988120	-0.304675	0.952349	-0.014324	-0.940560	-0.303205	-0.153013
56280	9.492518	-0.054222	-1.412035	-0.049616	0.084824	-0.000268	-0.149319	-0.032864	0.988243	-0.304239	0.952489	-0.014294	-0.940820	-0.302796	-0.152223
56281	9.681604	0.063635	-1.257166	-0.104597	0.129739	-0.002306	-0.148166	-0.032462	0.988430	-0.303280	0.952796	-0.014170	-0.941312	-0.301871	-0.151017
56282	9.613851	0.201738	-1.066270	-0.207869	0.207449	-0.013872	-0.146223	-0.031942	0.988736	-0.301374	0.953407	-0.013769	-0.942228	-0.299992	-0.149036
56283	9.667831	0.110156	-1.100043	-0.259768	0.233335	-0.020174	-0.144007	-0.031410	0.989078	-0.298922	0.954186	-0.013220	-0.943349	-0.297561	-0.146798
56284	9.666445	-0.016131	-1.068119	-0.266919	0.271711	-0.022400	-0.141428	-0.030791	0.989470	-0.296465	0.954960	-0.012658	-0.944514	-0.295133	-0.144186
56285	9.434509	-0.024155	-1.258976	-0.285552	0.300735	-0.022920	-0.138543	-0.030123	0.989898	-0.293817	0.955786	-0.012037	-0.945768	-0.292516	-0.141268
56286	9.403885	0.148890	-1.253192	-0.273512	0.237033	-0.007546	-0.136330	-0.029476	0.990225	-0.291270	0.956570	-0.011627	-0.946877	-0.290007	-0.138995
56287	9.742950	0.303305	-1.193518	-0.282809	0.213163	-0.008942	-0.134352	-0.028937	0.990511	-0.288699	0.957355	-0.011191	-0.947946	-0.287463	-0.136977
56288	9.832274	0.452503	-1.101389	-0.291338	0.252813	0.003660	-0.132017	-0.028150	0.990848	-0.285962	0.958179	-0.010879	-0.949103	-0.284781	-0.134546
56289	9.748757	0.310229	-1.143268	-0.313612	0.275279	0.000991	-0.129465	-0.027329	0.991207	-0.282970	0.959071	-0.010517	-0.950351	-0.281844	-0.131899
56290	9.643810	0.194246	-1.141615	-0.294193	0.284461	-0.015832	-0.126767	-0.026654	0.991574	-0.280225	0.959882	-0.010023	-0.951527	-0.279134	-0.129151
56291	9.766685	0.108639	-1.125842	-0.268937	0.260456	-0.017117	-0.124295	-0.026064	0.991903	-0.277668	0.960630	-0.009552	-0.952602	-0.276607	-0.126638
56292	9.972140	-0.052269	-1.109928	-0.232101	0.229701	-0.018560	-0.122106	-0.025580	0.992187	-0.275511	0.961255	-0.009124	-0.953511	-0.274472	-0.124423
56293	9.948097	-0.121732	-0.989932	-0.200449	0.235267	-0.013928	-0.119858	-0.025045	0.992475	-0.273566	0.961813	-0.008767	-0.954356	-0.272558	-0.122133
56294	9.819413	-0.103723	-0.727778	-0.147178	0.208281	-0.007288	-0.117902	-0.024519	0.992722	-0.272201	0.962202	-0.008563	-0.954990	-0.271230	-0.120120
56295	9.848748	0.015610	-0.499318	-0.116072	0.189967	0.000387	-0.116138	-0.023983	0.992943	-0.271118	0.962509	-0.008463	-0.955514	-0.270188	-0.118286
56296	9.819258	0.062860	-0.440241	-0.073640	0.196760	0.010776	-0.114339	-0.023319	0.993168	-0.270434	0.962701	-0.008531	-0.955925	-0.269562	-0.116380
56297	9.743151	0.212564	-0.271676	-0.029215	0.184371	0.026442	-0.112665	-0.022546	0.993377	-0.270053	0.962806	-0.008777	-0.956231	-0.269253	-0.114563
56298	9.808940	0.257492	-0.082137	-0.009063	0.159581	0.027644	-0.111265	-0.021820	0.993551	-0.269967	0.962827	-0.009088	-0.956419	-0.269237	-0.113020
56299	9.833172	0.175479	-0.132254	0.025163	0.174775	0.022847	-0.109722	-0.021113	0.993738	-0.270263	0.962741	-0.009387	-0.956514	-0.269600	-0.111340
56300	9.775246	0.146685	-0.159217	0.072854	0.160030	0.024269	-0.108309	-0.020417	0.993908	-0.270966	0.962540	-0.009755	-0.956476	-0.270371	-0.109784
56301	9.717241	0.106656	-0.086133	0.124219	0.118659	0.026574	-0.107298	-0.019829	0.994029	-0.272193	0.962189	-0.010187	-0.956242	-0.271661	-0.108638
56302	9.702752	0.083126	-0.003150	0.175032	0.088715	0.039237	-0.106609	-0.019180	0.994116	-0.273857	0.961710	-0.010813	-0.955844	-0.273398	-0.107780
56303	9.673064	0.093281	-0.006131	0.214553	0.063164	0.046486	-0.106119	-0.018534	0.994181	-0.275689	0.961178	-0.011509	-0.955371	-0.275306	-0.107109
56304	9.685383	0.164069	0.127826	0.257839	0.040488	0.066759	-0.105969	-0.017751	0.994211	-0.278113	0.960467	-0.012495	-0.954685	-0.277827	-0.106717
56305	9.755784	0.260831	0.303157	0.272011	0.031226	0.075319	-0.105947	-0.016930	0.994228	-0.280739	0.959688	-0.013574	-0.953919	-0.280557	-0.106429
56306	9.804105	0.370503	0.444380	0.270669	0.039000	0.089382	-0.105880	-0.015934	0.994251	-0.283258	0.958930	-0.014797	-0.953181	-0.283196	-0.106045
56307	9.881591	0.455854	0.700317	0.239586	0.065461	0.097151	-0.105575	-0.014775	0.994302	-0.285354	0.958288	-0.016059	-0.952590	-0.285423	-0.105387
56308	10.016393	0.537190	1.132088	0.188787	0.092466	0.104037	-0.105044	-0.013484	0.994376	-0.287075	0.957751	-0.017338	-0.952131	-0.287281	-0.104477
56309	10.150302	0.554489	1.650231	0.141855	0.169654	0.101089	-0.103757	-0.012014	0.994530	-0.288345	0.957348	-0.018518	-0.951888	-0.288689	-0.102796
56310	10.207177	0.570585	2.156062	0.112660	0.311532	0.086798	-0.101095	-0.010253	0.994824	-0.289361	0.957021	-0.019541	-0.951867	-0.289839	-0.099717
56311	10.185870	0.595115	2.549986	0.040149	0.464061	0.055146	-0.096881	-0.008344	0.995261	-0.289644	0.956922	-0.020172	-0.952219	-0.290225	-0.095124
56312	10.116221	0.514538	2.874736	-0.040266	0.619559	0.025450	-0.091106	-0.006274	0.995821	-0.289269	0.957030	-0.020435	-0.952903	-0.289922	-0.089006
56313	10.132865	0.446532	3.246928	-0.076864	0.773246	-0.010132	-0.083720	-0.004121	0.996481	-0.288544	0.957252	-0.020284	-0.953799	-0.289226	-0.081330
56314	10.072611	0.431432	3.609463	-0.124168	0.946262	-0.038045	-0.074632	-0.001725	0.997210	-0.287422	0.957598	-0.019855	-0.954892	-0.288102	-0.071964
56315	10.025877	0.335042	3.769360	-0.120355	1.139244	-0.069751	-0.063545	0.000871	0.997979	-0.286395	0.957922	-0.019072	-0.956002	-0.287028	-0.060621
56316	9.869275	0.496931	3.947012	-0.019613	1.325556	-0.091006	-0.050659	0.003832	0.998709	-0.286294	0.957969	-0.018198	-0.956802	-0.286846	-0.047433
56317	9.684143	0.455743	4.036286	0.039416	1.476645	-0.102792	-0.036230	0.007090	0.999318	-0.286723	0.957859	-0.017191	-0.957328	-0.287150	-0.032670
56318	9.535432	-0.044287	3.431469	0.077560	1.524587	-0.088032	-0.021432	0.010659	0.999713	-0.287526	0.957633	-0.016374	-0.957533	-0.287795	-0.017459
56319	9.480375	-1.097112	2.300644	0.168451	1.475004	-0.037280	-0.007167	0.014580	0.999868	-0.288937	0.957214	-0.016029	-0.957321	-0.289013	-0.002647
56320	9.597656	-1.742438	1.580849	0.280389	1.408010	0.044621	0.006125	0.019122	0.999798	-0.291656	0.956381	-0.016505	-0.956504	-0.291496	0.011435
56321	10.474349	-2.504915	0.973788	0.391562	1.328024	0.091285	0.018552	0.023890	0.999542	-0.295482	0.955191	-0.017346	-0.955168	-0.295025	0.024780
56322	11.507948	-3.201763	0.646153	0.532407	1.273572	0.101763	0.030349	0.028677	0.999128	-0.300625	0.953568	-0.018238	-0.953259	-0.299810	0.037561
56323	12.829861	-3.467214	0.845108	0.772312	1.261053	0.090541	0.042121	0.033356	0.998556	-0.308008	0.951198	-0.018781	-0.950451	-0.306772	0.050339
56324	13.444641	-3.046379	1.114349	1.087150	1.359668	0.039178	0.054841	0.037993	0.997772	-0.318376	0.947782	-0.018591	-0.946377	-0.316647	0.064073
56325	12.793147	-2.087899	0.853657	1.318284	1.523147	-0.085768	0.069495	0.042116	0.996693	-0.330726	0.943577	-0.016811	-0.941164	-0.328464	0.079503
56326	11.811923	-1.048178	0.535549	1.290686	1.575975	-0.247905	0.085066	0.045075	0.995355	-0.342686	0.939357	-0.013253	-0.935591	-0.339967	0.095354
56327	11.284286	-0.417364	0.300722	1.113740	1.563789	-0.347576	0.100868	0.047223	0.993779	-0.352762	0.935673	-0.008656	-0.930260	-0.349695	0.111038
56328	11.272978	-0.044178	0.256080	0.887119	1.478359	-0.383758	0.115900	0.048889	0.992057	-0.360618	0.932706	-0.003833	-0.925485	-0.357310	0.125731
56329	11.770874	0.006677	-0.106629	0.740219	1.443245	-0.380945	0.130612	0.050549	0.990144	-0.367068	0.930194	0.000932	-0.920979	-0.363571	0.140049
56330	11.872263	-0.080432	-0.641639	0.641511	1.464165	-0.366453	0.145366	0.052530	0.987982	-0.372497	0.928017	0.005465	-0.916578	-0.368815	0.154469
56331	11.818259	-0.048807	-1.046206	0.579507	1.362703	-0.331535	0.159036	0.054537	0.985765	-0.377388	0.926005	0.009654	-0.912297	-0.373551	0.167850
56332	11.677426	-0.260414	-0.833645	0.529617	1.349993	-0.302331	0.172417	0.056835	0.983383	-0.381749	0.924167	0.013520	-0.908042	-0.377737	0.181039
56333	11.552409	-0.503179	-0.422468	0.612347	1.388830	-0.274383	0.186008	0.059606	0.980739	-0.386936	0.921943	0.017354	-0.903151	-0.382711	0.194553
56334	10.903859	-0.316120	0.031742	0.713464	1.437055	-0.220366	0.199752	0.063141	0.977810	-0.392977	0.919310	0.020916	-0.897590	-0.388435	0.208447
56335	10.183708	-0.101189	0.382650	0.726325	1.376281	-0.175979	0.212735	0.066929	0.974815	-0.399179	0.916554	0.024185	-0.891852	-0.394270	0.221700
56336	9.511164	-0.091338	0.505634	0.646855	1.346362	-0.169188	0.225331	0.070745	0.971710	-0.404603	0.914086	0.027275	-0.886297	-0.399303	0.234596
56337	8.964804	0.281756	0.733674	0.561967	1.302230	-0.176334	0.237490	0.074395	0.968537	-0.409282	0.911904	0.030313	-0.880958	-0.403604	0.247016
56338	8.479398	0.743935	0.910036	0.435197	1.203110	-0.178906	0.248741	0.077661	0.965451	-0.412715	0.910258	0.033112	-0.876239	-0.406693	0.258471
56339	8.396244	1.167673	1.089777	0.274088	1.091744	-0.213785	0.259134	0.080183	0.962507	-0.414613	0.909290	0.035876	-0.872322	-0.408365	0.268873
56340	8.460934	2.257755	1.417109	0.064689	0.993279	-0.222599	0.268653	0.082235	0.959720	-0.414633	0.909188	0.038162	-0.869428	-0.408184	0.278354
56341	8.496102	2.339705	1.240724	-0.245417	0.956598	-0.234972	0.277890	0.084005	0.956933	-0.411889	0.910369	0.039694	-0.867827	-0.405181	0.287584
56342	8.323378	2.275606	1.371326	-0.542162	0.902722	-0.248284	0.286686	0.085396	0.954211	-0.406529	0.912742	0.040454	-0.867494	-0.399513	0.296386
56343	8.144401	1.883816	1.456440	-0.856245	0.834791	-0.281567	0.295029	0.086132	0.951598	-0.398310	0.916354	0.040549	-0.868509	-0.390994	0.304658
56344	8.101958	1.443982	1.530941	-1.103308	0.780746	-0.331279	0.303067	0.086122	0.949070	-0.387772	0.920876	0.040264	-0.870508	-0.380225	0.312483
56345	7.811953	1.541961	1.742001	-1.307142	0.709154	-0.328332	0.310470	0.085751	0.946708	-0.375392	0.926035	0.039230	-0.873321	-0.367567	0.319697
56346	7.735698	1.427354	1.843226	-1.520947	0.612805	-0.296064	0.316871	0.085233	0.944631	-0.361200	0.931750	0.037092	-0.876999	-0.352954	0.326031
56347	7.772105	1.051799	1.905974	-1.742100	0.553476	-0.266355	0.322643	0.084660	0.942727	-0.345060	0.937969	0.033862	-0.881382	-0.336223	0.331842
56348	7.839249	0.652861	2.253507	-1.918693	0.478362	-0.211588	0.327531	0.084259	0.941076	-0.327462	0.944407	0.029412	-0.886280	-0.317800	0.336914
56349	8.062134	0.077207	2.475459	-2.090146	0.448583	-0.133715	0.331910	0.084383	0.939529	-0.308471	0.950942	0.023567	-0.891449	-0.297639	0.341657
56350	8.133695	-0.537892	2.732864	-2.155816	0.437556	-0.020593	0.335833	0.085471	0.938036	-0.289178	0.957136	0.016319	-0.896433	-0.276740	0.346155
56351	8.035494	-1.213572	2.973886	-2.087126	0.447969	0.092197	0.339566	0.087564	0.936497	-0.270763	0.962611	0.008171	-0.900767	-0.256344	0.350580
56352	8.046992	-1.908815	3.338543	-1.861763	0.457259	0.186901	0.343153	0.090528	0.934907	-0.254649	0.967034	-0.000171	-0.904102	-0.238014	0.354893
56353	7.879826	-2.177879	3.923588	-1.526095	0.468607	0.254991	0.346729	0.094096	0.933234	-0.241746	0.970306	-0.008017	-0.906277	-0.222826	0.359181
56354	7.926395	-2.803394	4.243707	-1.216532	0.438761	0.283435	0.349990	0.097833	0.931631	-0.231750	0.972659	-0.015079	-0.907634	-0.210628	0.363093
56355	7.874564	-3.131763	4.256257	-0.806026	0.422507	0.290009	0.353128	0.101552	0.930047	-0.225489	0.974025	-0.020738	-0.907995	-0.202392	0.366855
56356	7.589253	-3.068629	4.141102	-0.580037	0.400364	0.254001	0.356149	0.104858	0.928527	-0.221173	0.974907	-0.025262	-0.907877	-0.196369	0.370404
56357	7.098593	-3.386198	3.765899	-0.510219	0.304453	0.204910	0.358430	0.107475	0.927349	-0.217314	0.975668	-0.029081	-0.907911	-0.191102	0.373065
56358	6.770432	-3.289928	3.512522	-0.326997	0.125470	0.172098	0.359150	0.109426	0.926843	-0.215012	0.976089	-0.031923	-0.908174	-0.187817	0.374091
56359	6.872049	-3.163334	3.586967	-0.103272	-0.078063	0.172196	0.358036	0.110995	0.927087	-0.214737	0.976082	-0.033931	-0.908679	-0.186932	0.373308
56360	7.259979	-2.467328	3.921735	0.195524	-0.212458	0.160416	0.355712	0.112195	0.927837	-0.217137	0.975524	-0.034716	-0.909022	-0.189119	0.371367
56361	7.861619	-1.735648	4.258855	0.470099	-0.206833	0.132309	0.353507	0.113128	0.928566	-0.221926	0.974462	-0.034232	-0.908725	-0.193972	0.369585
56362	8.721009	-0.713017	4.866878	0.709556	-0.019800	0.101705	0.353051	0.114112	0.928619	-0.228778	0.972933	-0.032579	-0.907202	-0.200946	0.369601
56363	9.088177	-0.129631	5.229781	0.686066	0.242516	0.040798	0.355117	0.115044	0.927716	-0.235188	0.971473	-0.030443	-0.904753	-0.207377	0.372044
56364	8.715732	-0.012463	5.204128	0.543735	0.381586	-0.028240	0.358584	0.115603	0.926312	-0.240049	0.970352	-0.028173	-0.902105	-0.212258	0.375703
56365	8.165172	0.328232	5.206140	0.458622	0.380582	-0.082624	0.362179	0.115655	0.924905	-0.243930	0.969452	-0.025707	-0.899625	-0.216302	0.379327
56366	7.678142	0.628815	5.193352	0.389307	0.300140	-0.118530	0.365119	0.115193	0.923806	-0.247047	0.968727	-0.023153	-0.897583	-0.219770	0.382159
56367	7.714017	0.907300	5.327496	0.319263	0.176348	-0.153818	0.367051	0.114131	0.923173	-0.249395	0.968184	-0.020537	-0.896145	-0.222696	0.383837
56368	8.372544	1.032918	5.511997	0.220781	0.134079	-0.191921	0.368684	0.112605	0.922709	-0.250716	0.967894	-0.017941	-0.895105	-0.224724	0.385079
56369	9.036854	0.817784	5.576705	0.130760	0.248910	-0.250136	0.371510	0.110779	0.921796	-0.251002	0.967868	-0.015155	-0.893856	-0.225743	0.387379
56370	9.149070	0.219537	5.469893	0.073610	0.353495	-0.289520	0.375346	0.108807	0.920476	-0.250629	0.968006	-0.012226	-0.892357	-0.226109	0.390607
56371	8.772965	-0.263482	5.346194	0.176128	0.421944	-0.314890	0.379870	0.106749	0.918860	-0.251051	0.967935	-0.008663	-0.890321	-0.227390	0.394489
56372	8.121511	-0.540747	5.062265	0.370824	0.422260	-0.299042	0.384330	0.104854	0.917222	-0.253256	0.967389	-0.004471	-0.887779	-0.230574	0.398352
56373	7.406852	-0.733049	4.579673	0.527598	0.239754	-0.240950	0.387044	0.103117	0.916277	-0.257048	0.966399	-0.000178	-0.885507	-0.235459	0.400545
56374	7.725267	-0.679992	4.360592	0.640511	-0.095236	-0.160029	0.386569	0.101375	0.916672	-0.262147	0.965020	0.003828	-0.884219	-0.241783	0.399622
56375	9.104692	-0.574291	4.405473	0.668251	-0.256737	-0.122032	0.384598	0.099604	0.917695	-0.267624	0.963494	0.007585	-0.883437	-0.248514	0.397214
56376	9.520899	-0.449806	4.503820	0.638153	-0.198178	-0.139666	0.383178	0.097790	0.918483	-0.272773	0.962011	0.011372	-0.882479	-0.254894	0.395296
56377	9.644699	0.130684	4.516977	0.590319	-0.239889	-0.170250	0.381505	0.095570	0.919413	-0.277370	0.960642	0.015238	-0.881771	-0.260831	0.392998
56378	10.800648	0.167091	4.714999	0.386246	-0.398561	-0.223034	0.378563	0.092410	0.920951	-0.279979	0.959822	0.018777	-0.882214	-0.264955	0.389226
56379	11.069532	-0.616340	4.937346	0.261383	-0.407689	-0.296036	0.375770	0.088518	0.922476	-0.281210	0.959383	0.022492	-0.883016	-0.267861	0.385399
56380	10.491456	-1.043833	5.378072	0.348624	-0.427232	-0.363659	0.372973	0.083907	0.924040	-0.282978	0.958742	0.027161	-0.883637	-0.271613	0.381329
56381	10.248114	-0.872182	5.825603	0.357211	-0.467203	-0.400451	0.369954	0.078827	0.925700	-0.284692	0.958078	0.032192	-0.884356	-0.275449	0.376886
56382	10.324561	-0.553574	6.211609	0.207435	-0.420941	-0.426771	0.367396	0.073604	0.927148	-0.285003	0.957816	0.036898	-0.885321	-0.277796	0.372875
56383	9.675102	-0.342935	6.589163	0.018773	-0.382167	-0.446691	0.365255	0.068300	0.928398	-0.283576	0.958069	0.041083	-0.886664	-0.278277	0.369308
56384	8.908820	-0.363402	6.323912	-0.015929	-0.486519	-0.440660	0.362134	0.062752	0.930011	-0.281881	0.958389	0.045094	-0.888483	-0.278483	0.364754
56385	8.677670	-0.687074	5.486329	0.057521	-0.632321	-0.403018	0.357621	0.057165	0.932116	-0.280985	0.958459	0.049023	-0.890593	-0.279442	0.358827
56386	8.817220	-1.404936	4.402840	0.162258	-0.703523	-0.378242	0.352362	0.051596	0.934440	-0.281138	0.958197	0.053104	-0.892638	-0.281419	0.352138
56387	9.012186	-1.942883	3.484119	0.344700	-0.667210	-0.322084	0.347288	0.046664	0.936597	-0.283133	0.957368	0.057287	-0.893995	-0.285077	0.345695
56388	8.309276	-2.068599	1.829365	0.542363	-0.674250	-0.285191	0.342022	0.042023	0.938752	-0.287050	0.955921	0.061791	-0.894776	-0.290603	0.339008
56389	7.940254	-2.010081	0.455005	0.767738	-0.808983	-0.275539	0.335556	0.037056	0.941291	-0.293035	0.953757	0.066915	-0.895284	-0.298285	0.330897
56390	7.773178	-1.771744	-0.543792	1.086606	-0.911496	-0.305773	0.328255	0.031405	0.944067	-0.301796	0.950549	0.073315	-0.895080	-0.308982	0.321501
56391	7.814380	-1.180986	-1.015261	1.421983	-0.999941	-0.369392	0.320418	0.024792	0.946952	-0.313369	0.946148	0.081263	-0.893942	-0.322784	0.310931
56392	7.906299	-0.402984	-1.030296	1.604243	-1.136254	-0.393610	0.311477	0.017349	0.950095	-0.326502	0.940915	0.089859	-0.892400	-0.338197	0.298738
56393	7.907674	0.682306	-0.849487	1.673382	-1.297670	-0.366784	0.301095	0.009464	0.953547	-0.340353	0.935157	0.098189	-0.890787	-0.354107	0.284792
56394	8.409887	1.854325	-0.837848	1.703762	-1.482988	-0.312087	0.288928	0.001210	0.957350	-0.354643	0.928990	0.105858	-0.889240	-0.370103	0.268840
56395	9.148280	2.968757	-0.649332	1.565415	-1.595321	-0.288249	0.275754	-0.007435	0.961200	-0.367794	0.923058	0.112654	-0.888081	-0.384588	0.251802
56396	9.789673	4.082292	-0.187528	1.277282	-1.634418	-0.254012	0.262136	-0.016131	0.964896	-0.378497	0.918027	0.118175	-0.887707	-0.396189	0.234543
56397	10.354270	4.691925	-0.089475	0.943073	-1.579036	-0.208056	0.248871	-0.024320	0.968231	-0.386388	0.914195	0.122279	-0.888126	-0.404544	0.218119
56398	10.632458	4.638246	-0.327614	0.560636	-1.422470	-0.157110	0.236786	-0.031522	0.971050	-0.391033	0.911855	0.124951	-0.889396	-0.409300	0.203588
56399	10.675704	3.896215	-0.636774	0.140496	-1.303712	-0.090078	0.225485	-0.037653	0.973519	-0.392121	0.911235	0.126066	-0.891851	-0.410163	0.190706
56400	9.827452	1.872468	-0.816786	-0.106090	-1.217458	-0.082273	0.214877	-0.043366	0.975678	-0.391035	0.911622	0.126638	-0.894941	-0.408736	0.178929
56401	9.773955	1.779767	-0.653096	-0.197809	-1.251131	-0.029032	0.203728	-0.048701	0.977815	-0.389242	0.912402	0.126542	-0.898324	-0.406387	0.166925
56402	10.102530	1.684644	-0.885185	-0.270100	-1.258484	0.010349	0.192306	-0.053680	0.979866	-0.386874	0.913488	0.125970	-0.901857	-0.403310	0.154902
56403	10.199732	1.713490	-1.052955	-0.218790	-1.192061	0.033169	0.181364	-0.058141	0.981696	-0.385001	0.914374	0.125281	-0.904921	-0.400675	0.143450
56404	10.002265	1.913389	-1.310266	-0.235206	-1.147111	0.061391	0.170677	-0.062138	0.983366	-0.383019	0.915337	0.124317	-0.907836	-0.397866	0.132427
56405	9.618109	1.907409	-1.511510	-0.305669	-1.170275	0.073910	0.159704	-0.066070	0.984951	-0.380401	0.916584	0.123164	-0.910928	-0.394347	0.121249
56406	9.599828	1.749411	-1.433582	-0.367567	-1.241355	0.067088	0.148067	-0.070302	0.986475	-0.377192	0.918059	0.122041	-0.914222	-0.390161	0.109417
56407	9.909936	1.863302	-0.874302	-0.388850	-1.294013	0.057912	0.135949	-0.074765	0.987891	-0.373751	0.919599	0.121030	-0.917512	-0.385679	0.097075
56408	10.404839	2.026814	-0.230251	-0.429793	-1.299073	0.075256	0.123674	-0.079027	0.989171	-0.369939	0.921292	0.119857	-0.920788	-0.380756	0.084705
56409	10.793976	1.730877	-0.079971	-0.447482	-1.253882	0.100429	0.111687	-0.082820	0.990286	-0.365971	0.923054	0.118473	-0.923900	-0.375648	0.072783
56410	10.703377	1.204390	-0.185598	-0.416493	-1.164106	0.127311	0.100398	-0.085965	0.991227	-0.362293	0.924705	0.116892	-0.926641	-0.370850	0.061694
56411	10.082772	0.743633	-0.187528	-0.316103	-1.132417	0.128035	0.089380	-0.088935	0.992019	-0.359519	0.925974	0.115406	-0.928847	-0.366965	0.050789
56412	9.887386	0.486531	-0.165682	-0.142227	-1.187314	0.149423	0.077752	-0.091870	0.992731	-0.358361	0.926619	0.113819	-0.930340	-0.364606	0.039124
56413	9.674660	0.423688	-0.032064	0.012687	-1.237895	0.139746	0.065674	-0.095058	0.993303	-0.358619	0.926693	0.112394	-0.931171	-0.363599	0.026770
56414	9.498003	0.061383	-0.106568	0.220068	-1.281773	0.136117	0.053195	-0.098439	0.993720	-0.360787	0.926014	0.111045	-0.931130	-0.364429	0.013744
56415	9.488184	0.418938	-0.100424	0.461949	-1.333335	0.158139	0.040157	-0.101830	0.993991	-0.365202	0.924470	0.109462	-0.930062	-0.367403	-0.000064
56416	9.642144	0.637542	-0.070205	0.580409	-1.355866	0.165457	0.026895	-0.105286	0.994078	-0.370688	0.922488	0.107733	-0.928368	-0.371390	-0.014218
56417	9.472625	0.594825	-0.116803	0.660941	-1.362926	0.153517	0.013630	-0.108941	0.993955	-0.376887	0.920172	0.106022	-0.926159	-0.376053	-0.028517
56418	9.559301	0.892612	-0.191505	0.807854	-1.407646	0.166015	-0.000073	-0.112727	0.993626	-0.384404	0.917284	0.104038	-0.923165	-0.381946	-0.043400
56419	9.657603	1.024261	-0.280362	0.848271	-1.389895	0.161411	-0.013563	-0.116577	0.993089	-0.392248	0.914191	0.101958	-0.919760	-0.388154	-0.058126
56420	9.603851	0.984565	-0.226958	0.852684	-1.336150	0.146650	-0.026464	-0.120444	0.992367	-0.400080	0.911019	0.099902	-0.916098	-0.394383	-0.072297
56421	9.604991	0.932141	-0.303043	0.832451	-1.293624	0.130093	-0.038871	-0.124378	0.991473	-0.407684	0.907859	0.097906	-0.912295	-0.400402	-0.085996
56422	9.590648	1.007320	-0.578348	0.837566	-1.224870	0.123331	-0.050584	-0.128181	0.990460	-0.415287	0.904625	0.095863	-0.908283	-0.406476	-0.098991
56423	9.573790	1.209412	-0.708602	0.818661	-1.155320	0.125735	-0.061637	-0.131752	0.989365	-0.422671	0.901426	0.093709	-0.904185	-0.412399	-0.111249
56424	9.608322	1.421228	-0.611897	0.777091	-1.107873	0.156164	-0.072353	-0.134926	0.988211	-0.429608	0.898397	0.091209	-0.900112	-0.417944	-0.122967
56425	9.686398	2.098758	-0.365024	0.734608	-1.047148	0.185959	-0.082616	-0.137640	0.987031	-0.436094	0.895551	0.088381	-0.896101	-0.423137	-0.134011
