// General information: 
//  MT Manager version: 2022.2.0 
//  XDA version: 2022.2.0 build 7381 rev 124627 built on 2023-07-19
// Device information: 
//  DeviceId: 00B4CBA7
//  ProductCode: MTW2-3A7G6
//  Firmware Version: 4.6.0
//  Hardware Version: 2.0.0
// Device settings: 
//  Filter Profile: human(46.1)
//  Option Flags: Orientation Smoother Disabled, Position/Velocity Smoother Disabled, Continuous Zero Rotation Update Disabled, AHS Disabled, ICC Disabled
// Coordinate system: ENU
PacketCounter	Acc_X	Acc_Y	Acc_Z	Gyr_X	Gyr_Y	Gyr_Z	Mat[1][1]	Mat[2][1]	Mat[3][1]	Mat[1][2]	Mat[2][2]	Mat[3][2]	Mat[1][3]	Mat[2][3]	Mat[3][3]
43567	9.706341	-0.262389	-0.986348	0.004133	-0.019733	0.005977	-0.104249	-0.045429	0.993513	-0.604575	0.796089	-0.027036	-0.789697	-0.603472	-0.110457
43568	9.714376	-0.281521	-1.001857	0.001080	-0.018008	0.007257	-0.104388	-0.045493	0.993496	-0.604505	0.796142	-0.027060	-0.789732	-0.603398	-0.110608
43569	9.707461	-0.270183	-1.023873	-0.004744	-0.019467	0.006201	-0.104547	-0.045595	0.993474	-0.604449	0.796184	-0.027068	-0.789754	-0.603335	-0.110799
43570	9.707225	-0.270773	-1.025952	0.001182	-0.023268	0.006319	-0.104742	-0.045707	0.993449	-0.604446	0.796185	-0.027097	-0.789731	-0.603324	-0.111021
43571	9.693217	-0.300513	-1.040788	0.000685	-0.021912	0.008054	-0.104931	-0.045810	0.993424	-0.604431	0.796195	-0.027129	-0.789717	-0.603303	-0.111235
43572	9.728722	-0.261619	-1.031220	-0.002183	-0.019842	0.006657	-0.105082	-0.045897	0.993404	-0.604383	0.796231	-0.027144	-0.789734	-0.603249	-0.111409
43573	9.676299	-0.264992	-1.017467	-0.005635	-0.022016	0.008735	-0.105276	-0.045995	0.993379	-0.604318	0.796280	-0.027175	-0.789758	-0.603177	-0.111625
43574	9.684254	-0.284235	-1.033416	-0.006347	-0.024216	0.008587	-0.105486	-0.046092	0.993352	-0.604232	0.796343	-0.027214	-0.789795	-0.603086	-0.111853
43575	9.675459	-0.319452	-0.994314	-0.005133	-0.023380	0.007003	-0.105681	-0.046212	0.993326	-0.604173	0.796388	-0.027228	-0.789814	-0.603018	-0.112083
43576	9.712439	-0.286836	-1.018981	0.000661	-0.025136	0.003494	-0.105855	-0.046356	0.993300	-0.604154	0.796403	-0.027217	-0.789805	-0.602987	-0.112310
43577	9.697238	-0.256875	-1.027816	-0.005128	-0.023385	0.007005	-0.106050	-0.046476	0.993274	-0.604095	0.796447	-0.027232	-0.789825	-0.602919	-0.112539
43578	9.680587	-0.220512	-1.002707	-0.006155	-0.023882	0.005913	-0.106236	-0.046596	0.993249	-0.604033	0.796494	-0.027240	-0.789847	-0.602848	-0.112762
43579	9.658311	-0.231793	-1.004251	-0.012738	-0.029936	0.011019	-0.106506	-0.046723	0.993214	-0.603909	0.796586	-0.027286	-0.789905	-0.602717	-0.113058
43580	9.680273	-0.169121	-1.035980	-0.007441	-0.030336	0.009242	-0.106734	-0.046855	0.993183	-0.603815	0.796656	-0.027306	-0.789946	-0.602614	-0.113323
43581	9.674340	-0.217370	-1.065019	-0.004801	-0.025102	0.007952	-0.106948	-0.046978	0.993154	-0.603757	0.796699	-0.027331	-0.789961	-0.602547	-0.113569
43582	9.705341	-0.285571	-1.088408	0.017752	-0.024685	0.007432	-0.107147	-0.047074	0.993128	-0.603793	0.796671	-0.027380	-0.789907	-0.602578	-0.113784
43583	9.732521	-0.281823	-1.036562	0.098882	-0.001363	0.006651	-0.107165	-0.047064	0.993127	-0.604555	0.796088	-0.027509	-0.789322	-0.603348	-0.113766
43584	9.627193	-0.229075	-0.997383	0.135807	0.020399	-0.000167	-0.106953	-0.046977	0.993154	-0.605672	0.795236	-0.027610	-0.788494	-0.604478	-0.113506
43585	9.580529	-0.238250	-0.925651	0.159152	0.008814	-0.004248	-0.106826	-0.046992	0.993167	-0.606919	0.794281	-0.027699	-0.787552	-0.605731	-0.113370
43586	9.647730	-0.267230	-0.933521	0.182238	0.012975	-0.005523	-0.106653	-0.046996	0.993185	-0.608443	0.793110	-0.027808	-0.786398	-0.607262	-0.113182
43587	9.663094	-0.245925	-0.953284	0.205966	0.010452	-0.009434	-0.106481	-0.047042	0.993201	-0.610060	0.791864	-0.027899	-0.785168	-0.608883	-0.113017
43588	9.722442	-0.203455	-0.975481	0.215925	0.012498	-0.012140	-0.106272	-0.047099	0.993221	-0.611840	0.790487	-0.027980	-0.783810	-0.610666	-0.112824
43589	9.704014	-0.393597	-0.989174	0.204427	0.012671	-0.009631	-0.106081	-0.047132	0.993240	-0.613440	0.789243	-0.028066	-0.782585	-0.612270	-0.112636
43590	9.718349	-0.388323	-1.164833	0.206630	-0.000615	-0.011064	-0.105972	-0.047258	0.993245	-0.615119	0.787932	-0.028140	-0.781280	-0.613946	-0.112568
43591	9.774976	-0.279647	-1.149343	0.199172	-0.004908	-0.013280	-0.105896	-0.047427	0.993246	-0.616677	0.786712	-0.028183	-0.780061	-0.615496	-0.112556
43592	9.772535	-0.161316	-1.139860	0.131170	-0.022295	-0.009156	-0.105980	-0.047662	0.993225	-0.617725	0.785888	-0.028201	-0.779220	-0.616529	-0.112730
43593	9.769650	-0.095038	-1.103488	0.060082	-0.032220	-0.005577	-0.106164	-0.047939	0.993192	-0.618188	0.785525	-0.028164	-0.778828	-0.616970	-0.113029
43594	9.617889	-0.158692	-0.976611	-0.029488	-0.046556	-0.008913	-0.106420	-0.048330	0.993146	-0.618014	0.785668	-0.027989	-0.778931	-0.616757	-0.113480
43595	9.611300	-0.310290	-0.950088	-0.099769	-0.059545	-0.006071	-0.106813	-0.048779	0.993082	-0.617232	0.786291	-0.027766	-0.779497	-0.615928	-0.114095
43596	9.614307	-0.410806	-0.812235	-0.128506	-0.082269	-0.016625	-0.107300	-0.049446	0.992996	-0.616267	0.787060	-0.027400	-0.780193	-0.614891	-0.114923
43597	9.609473	-0.439694	-0.691193	-0.155796	-0.088878	-0.016936	-0.107856	-0.050159	0.992900	-0.615058	0.788019	-0.027003	-0.781070	-0.613604	-0.115844
43598	9.629304	-0.524309	-0.611621	-0.167625	-0.098723	-0.025356	-0.108427	-0.051021	0.992794	-0.613944	0.788905	-0.026508	-0.781868	-0.612394	-0.116862
43599	9.639979	-0.530109	-0.514574	-0.172967	-0.113810	-0.035359	-0.109068	-0.052031	0.992672	-0.612618	0.789955	-0.025905	-0.782818	-0.610954	-0.118033
43600	9.654548	-0.608485	-0.492490	-0.177631	-0.132335	-0.043452	-0.109764	-0.053227	0.992531	-0.611369	0.790945	-0.025195	-0.783696	-0.609568	-0.119359
43601	9.744391	-0.627058	-0.551550	-0.145857	-0.140991	-0.049663	-0.110534	-0.054512	0.992376	-0.610269	0.791816	-0.024478	-0.784445	-0.608322	-0.120790
43602	9.756467	-0.532831	-0.548449	-0.131226	-0.149194	-0.048942	-0.111365	-0.055853	0.992209	-0.609413	0.792496	-0.023789	-0.784993	-0.607314	-0.122293
43603	9.632001	-0.503421	-0.626011	-0.151412	-0.165853	-0.057019	-0.112287	-0.057345	0.992020	-0.608276	0.793392	-0.022988	-0.785743	-0.606003	-0.123970
43604	9.642672	-0.401832	-0.591358	-0.136984	-0.183301	-0.056425	-0.113344	-0.058913	0.991808	-0.607202	0.794237	-0.022214	-0.786421	-0.604746	-0.125794
43605	9.560526	-0.343594	-0.639962	-0.143207	-0.193382	-0.069264	-0.114413	-0.060666	0.991579	-0.606144	0.795070	-0.021296	-0.787083	-0.603476	-0.127738
43606	9.523227	-0.322737	-0.698954	-0.140917	-0.221360	-0.071762	-0.115654	-0.062613	0.991314	-0.605209	0.795806	-0.020343	-0.787620	-0.602305	-0.129932
43607	9.614925	-0.271196	-0.639314	-0.144468	-0.236698	-0.071533	-0.117054	-0.064642	0.991020	-0.604143	0.796640	-0.019395	-0.788232	-0.600988	-0.132302
43608	9.584384	-0.262119	-0.681676	-0.139099	-0.252326	-0.071621	-0.118564	-0.066753	0.990700	-0.603154	0.797411	-0.018454	-0.788763	-0.599733	-0.134807
43609	9.598722	-0.291048	-0.735401	-0.127223	-0.278840	-0.071650	-0.120300	-0.069030	0.990335	-0.602225	0.798134	-0.017522	-0.789210	-0.598513	-0.137587
43610	9.595579	-0.270473	-0.695666	-0.125182	-0.300041	-0.074165	-0.122187	-0.071445	0.989932	-0.601370	0.798799	-0.016577	-0.789572	-0.597341	-0.140568
43611	9.578652	-0.279257	-0.670558	-0.116009	-0.327042	-0.069271	-0.124322	-0.073985	0.989480	-0.600529	0.799450	-0.015677	-0.789879	-0.596160	-0.143819
43612	9.552050	-0.204389	-0.593004	-0.120111	-0.348559	-0.070976	-0.126621	-0.076652	0.988985	-0.599692	0.800095	-0.014768	-0.790150	-0.594956	-0.147276
43613	9.525327	-0.117354	-0.449705	-0.139524	-0.379804	-0.068903	-0.129178	-0.079495	0.988430	-0.598667	0.800879	-0.013829	-0.790513	-0.593527	-0.151047
43614	9.491857	-0.018750	-0.329127	-0.184246	-0.419141	-0.067243	-0.132054	-0.082549	0.987799	-0.597356	0.801873	-0.012846	-0.791030	-0.591764	-0.155202
43615	9.462338	-0.051354	-0.293616	-0.237930	-0.460175	-0.070482	-0.135243	-0.085868	0.987085	-0.595557	0.803227	-0.011725	-0.791847	-0.589451	-0.159770
43616	9.475258	-0.002759	-0.259077	-0.273894	-0.505954	-0.073652	-0.138781	-0.089458	0.986274	-0.593513	0.804756	-0.010520	-0.792769	-0.586826	-0.164779
43617	9.413357	-0.116889	-0.147293	-0.303838	-0.550960	-0.073113	-0.142687	-0.093307	0.985360	-0.591196	0.806475	-0.009241	-0.793806	-0.583859	-0.170236
43618	9.391059	-0.245182	-0.003545	-0.311419	-0.606201	-0.081978	-0.146974	-0.097520	0.984321	-0.588852	0.808203	-0.007853	-0.794766	-0.580773	-0.176209
43619	9.397954	-0.327352	0.090833	-0.293697	-0.667560	-0.087318	-0.151737	-0.102128	0.983131	-0.586638	0.809824	-0.006417	-0.795508	-0.577715	-0.182792
43620	9.363907	-0.496344	0.142550	-0.266994	-0.714210	-0.094818	-0.156835	-0.107040	0.981807	-0.584709	0.811228	-0.004959	-0.795938	-0.574850	-0.189816
43621	9.390822	-0.622597	0.406581	-0.199900	-0.795181	-0.101179	-0.162541	-0.112458	0.980272	-0.583271	0.812270	-0.003529	-0.795849	-0.572338	-0.197621
43622	9.384051	-0.282893	0.485721	-0.105490	-0.855667	-0.109201	-0.168688	-0.118231	0.978553	-0.582554	0.812789	-0.002221	-0.795095	-0.570434	-0.205984
43623	9.414369	-0.042688	0.853453	-0.101143	-0.936684	-0.114110	-0.175436	-0.124528	0.976583	-0.581938	0.813232	-0.000842	-0.794084	-0.568459	-0.215138
43624	9.389408	-0.092495	0.894506	-0.101832	-1.038642	-0.115440	-0.182980	-0.131388	0.974297	-0.581399	0.813619	0.000529	-0.792776	-0.566359	-0.225265
43625	9.462370	0.044219	0.907651	-0.113565	-1.141065	-0.125060	-0.191260	-0.138890	0.971663	-0.580726	0.814096	0.002058	-0.791313	-0.563876	-0.236361
43626	9.700108	0.254645	0.779681	-0.098490	-1.234939	-0.129511	-0.200288	-0.146898	0.968662	-0.580204	0.814463	0.003546	-0.789461	-0.561311	-0.248358
43627	9.925372	0.728208	0.562765	-0.099876	-1.321363	-0.126500	-0.209941	-0.155362	0.965291	-0.579670	0.814836	0.005075	-0.787342	-0.558485	-0.261126
43628	10.165876	1.184804	0.244771	-0.154936	-1.417386	-0.116172	-0.220396	-0.164242	0.961483	-0.578812	0.815434	0.006615	-0.785113	-0.555060	-0.274784
43629	10.479407	1.534847	-0.239304	-0.270352	-1.511016	-0.105277	-0.231606	-0.173488	0.957215	-0.576924	0.816754	0.008439	-0.783273	-0.550286	-0.289255
43630	11.015104	1.501672	-0.218979	-0.478782	-1.582684	-0.103227	-0.243390	-0.182998	0.952509	-0.573437	0.819178	0.010855	-0.782260	-0.543562	-0.304317
43631	11.554162	0.874211	-0.610307	-0.538142	-1.614538	-0.099130	-0.255415	-0.192563	0.947461	-0.569473	0.821899	0.013526	-0.781322	-0.536099	-0.319585
43632	11.854412	0.344088	-0.950413	-0.533388	-1.668473	-0.086758	-0.267926	-0.202199	0.941983	-0.565627	0.824504	0.016102	-0.779924	-0.528497	-0.335275
43633	12.130372	0.191110	-1.678170	-0.425475	-1.698702	-0.094826	-0.280590	-0.211936	0.936137	-0.562570	0.826542	0.018504	-0.777678	-0.521451	-0.351149
43634	12.364396	0.438175	-1.721690	-0.246142	-1.724846	-0.110159	-0.293352	-0.221841	0.929909	-0.561085	0.827507	0.020410	-0.774034	-0.515770	-0.367222
43635	12.483159	0.876873	-1.614205	-0.120466	-1.741067	-0.112178	-0.306130	-0.231743	0.923352	-0.560490	0.827870	0.021953	-0.769503	-0.510809	-0.383326
43636	12.566318	1.034739	-1.768360	-0.068191	-1.720708	-0.110315	-0.318627	-0.241503	0.916599	-0.560501	0.827827	0.023273	-0.764405	-0.506339	-0.399130
43637	12.430472	1.051464	-1.938075	-0.101198	-1.712513	-0.110300	-0.331027	-0.251081	0.909604	-0.560088	0.828063	0.024743	-0.759422	-0.501268	-0.414739
43638	12.126865	0.752384	-2.658178	-0.068312	-1.596347	-0.125132	-0.342384	-0.260113	0.902837	-0.560054	0.828042	0.026174	-0.754395	-0.496676	-0.429186
43639	11.494347	0.365687	-3.540077	-0.112994	-1.467886	-0.145883	-0.352579	-0.268613	0.896401	-0.559713	0.828213	0.028030	-0.749940	-0.491845	-0.442356
43640	10.600897	0.031852	-5.017103	-0.170557	-1.406408	-0.136350	-0.362301	-0.276662	0.890054	-0.558997	0.828626	0.030025	-0.745829	-0.486659	-0.454865
43641	10.566847	-0.160637	-5.604822	-0.099287	-1.358939	-0.131664	-0.371641	-0.284371	0.883751	-0.558744	0.828734	0.031701	-0.741409	-0.482009	-0.466882
43642	11.037256	0.280264	-6.003877	-0.016191	-1.269826	-0.133665	-0.380228	-0.291608	0.877719	-0.559187	0.828386	0.032978	-0.736707	-0.478270	-0.478039
43643	10.757934	0.493137	-6.404631	0.031075	-1.155075	-0.103150	-0.388104	-0.298005	0.872106	-0.559815	0.827929	0.033781	-0.732108	-0.475107	-0.488150
43644	9.677398	0.599350	-6.736079	0.062000	-0.990404	-0.077616	-0.394825	-0.303371	0.867225	-0.560624	0.827364	0.034189	-0.727883	-0.472688	-0.496741
43645	8.585043	0.974304	-6.373963	0.119980	-0.830887	-0.050286	-0.400544	-0.307744	0.863051	-0.561699	0.826640	0.034075	-0.723919	-0.471127	-0.503966
43646	8.016460	1.475606	-5.521680	0.134637	-0.627311	-0.058788	-0.404672	-0.311209	0.859878	-0.562951	0.825793	0.033939	-0.720643	-0.470335	-0.509370
43647	7.750807	2.097500	-4.620575	0.097962	-0.341508	-0.091301	-0.406585	-0.313604	0.858103	-0.564031	0.825042	0.034273	-0.718719	-0.470062	-0.512332
43648	7.217636	2.474369	-4.031388	-0.102325	-0.029561	-0.116629	-0.406062	-0.314734	0.857937	-0.563813	0.825125	0.035843	-0.719186	-0.469161	-0.512502
43649	6.655207	2.056828	-4.074384	-0.395592	0.205639	-0.116073	-0.403897	-0.314766	0.858947	-0.561436	0.826604	0.038914	-0.722258	-0.466527	-0.510584
43650	7.058390	1.669181	-3.617435	-0.429795	0.484253	-0.117902	-0.399649	-0.313518	0.861387	-0.558838	0.828204	0.042162	-0.726623	-0.464526	-0.506197
43651	7.836668	1.564696	-3.295792	-0.396026	0.831594	-0.132070	-0.392817	-0.310789	0.865508	-0.556477	0.829625	0.045343	-0.732139	-0.463824	-0.498838
43652	8.214287	1.195828	-3.733296	-0.423884	1.187877	-0.153028	-0.383146	-0.306576	0.871327	-0.553989	0.831092	0.048815	-0.739118	-0.464002	-0.488269
43653	7.709637	0.959821	-4.073976	-0.304410	1.482219	-0.169016	-0.371172	-0.301126	0.878382	-0.552368	0.831988	0.051810	-0.746405	-0.465960	-0.475143
43654	7.425769	1.096359	-3.881711	-0.181856	1.721169	-0.188036	-0.357145	-0.294668	0.886351	-0.551727	0.832251	0.054370	-0.753687	-0.469606	-0.459811
43655	7.227279	1.319894	-3.718996	-0.140250	1.961851	-0.207437	-0.341110	-0.287173	0.895084	-0.551390	0.832305	0.056901	-0.761323	-0.474131	-0.442252
43656	7.222742	1.434435	-3.537919	-0.132940	2.158992	-0.235152	-0.323208	-0.278866	0.904307	-0.551187	0.832247	0.059645	-0.769239	-0.479165	-0.422696
43657	7.598687	1.419510	-3.430770	-0.155439	2.339140	-0.269810	-0.303601	-0.269880	0.913779	-0.550830	0.832252	0.062789	-0.777439	-0.484274	-0.401331
43658	7.878647	1.252567	-3.449049	-0.134450	2.513171	-0.301360	-0.282221	-0.260169	0.923398	-0.550691	0.832085	0.066132	-0.785551	-0.489843	-0.378104
43659	8.104720	1.088794	-3.464841	-0.046030	2.668475	-0.330712	-0.259305	-0.249799	0.932932	-0.551221	0.831467	0.069421	-0.793043	-0.496250	-0.353298
43660	8.376890	1.107393	-3.345609	0.066873	2.803611	-0.344137	-0.234990	-0.238662	0.942242	-0.552628	0.830271	0.072479	-0.799614	-0.503677	-0.326996
43661	8.606566	1.096658	-3.227882	0.143297	2.941961	-0.358559	-0.209364	-0.226736	0.951188	-0.554569	0.828708	0.075475	-0.805370	-0.511697	-0.299242
43662	8.668024	0.977813	-3.123954	0.168781	3.082184	-0.365136	-0.182342	-0.213882	0.959691	-0.556670	0.827012	0.078545	-0.810475	-0.519909	-0.269860
43663	8.727782	0.875796	-2.992389	0.195242	3.175263	-0.380838	-0.154382	-0.200425	0.967469	-0.558890	0.825201	0.081768	-0.814745	-0.528085	-0.239412
43664	8.931305	0.817760	-2.899754	0.220129	3.265531	-0.396139	-0.125414	-0.186334	0.974449	-0.561262	0.823243	0.085185	-0.818081	-0.536238	-0.207828
43665	9.195155	0.854125	-2.819320	0.236790	3.336168	-0.404664	-0.095772	-0.171674	0.980487	-0.563639	0.821241	0.088737	-0.820451	-0.544142	-0.175414
43666	9.446881	0.907736	-2.826544	0.253439	3.361507	-0.395249	-0.065843	-0.156508	0.985479	-0.566047	0.819191	0.092280	-0.821739	-0.551752	-0.142529
43667	9.814370	0.949436	-2.533371	0.206899	3.364651	-0.404488	-0.035858	-0.141175	0.989335	-0.567940	0.817445	0.096062	-0.822288	-0.558439	-0.109491
43668	10.150543	0.666220	-2.021589	0.107081	3.337081	-0.398384	-0.006052	-0.125716	0.992048	-0.568908	0.816302	0.099974	-0.822379	-0.563779	-0.076461
43669	10.327610	0.219154	-1.068514	0.038339	3.246141	-0.386193	0.022867	-0.110533	0.993609	-0.569174	0.815634	0.103834	-0.821899	-0.567911	-0.044262
43670	10.345767	-0.186207	-1.120275	-0.036580	3.177966	-0.358561	0.051107	-0.095368	0.994129	-0.568738	0.815468	0.107467	-0.820929	-0.570892	-0.012564
43671	10.061818	-0.371302	-0.896410	0.028206	3.029294	-0.342225	0.077923	-0.080855	0.993675	-0.568730	0.815012	0.110916	-0.818825	-0.573776	0.017523
43672	9.722293	-0.059768	-0.337229	0.037767	2.868812	-0.317578	0.103271	-0.066956	0.992397	-0.568751	0.814552	0.114142	-0.816001	-0.576214	0.046039
43673	9.350052	0.216391	0.167087	0.036009	2.648482	-0.268750	0.126401	-0.053893	0.990514	-0.568714	0.814190	0.116874	-0.812765	-0.578092	0.072265
43674	9.075770	0.542996	0.580162	-0.060487	2.382681	-0.181751	0.146849	-0.041598	0.988284	-0.567974	0.814445	0.118676	-0.809840	-0.578747	0.095974
43675	8.820837	0.736524	0.765114	-0.180353	2.121283	-0.087257	0.164531	-0.030075	0.985913	-0.566357	0.815467	0.119390	-0.807570	-0.578022	0.117136
43676	8.444377	1.097106	1.185053	-0.351027	1.839586	0.031654	0.179266	-0.019210	0.983613	-0.563576	0.817494	0.118679	-0.806378	-0.575616	0.135723
43677	7.886280	1.076459	1.211145	-0.627804	1.515764	0.145992	0.190706	-0.009361	0.981603	-0.558757	0.821124	0.116386	-0.807107	-0.570673	0.151363
43678	7.672782	0.375933	0.948071	-0.864094	1.123313	0.268647	0.198360	-0.000785	0.980129	-0.552296	0.826031	0.112436	-0.809705	-0.563624	0.163418
43679	7.174702	-0.142152	0.589804	-0.996375	0.728929	0.380112	0.202221	0.006408	0.979319	-0.544944	0.831606	0.107085	-0.813722	-0.555329	0.171661
43680	7.014515	-0.830996	0.266328	-1.087011	0.306724	0.461379	0.202293	0.011942	0.979252	-0.537003	0.837546	0.100720	-0.818966	-0.546236	0.175843
43681	6.983024	-1.509372	-0.054329	-1.060583	-0.079785	0.519521	0.198897	0.015839	0.979892	-0.529303	0.843231	0.093807	-0.824790	-0.537317	0.176100
43682	7.096491	-1.926817	-0.675004	-0.978904	-0.445378	0.546080	0.192398	0.018077	0.981150	-0.522270	0.848353	0.086784	-0.830793	-0.529123	0.172663
43683	7.325297	-2.047759	-1.267471	-0.806032	-0.780802	0.565530	0.182981	0.018745	0.982938	-0.516587	0.852498	0.079909	-0.836454	-0.522395	0.165674
43684	8.198629	-2.132537	-0.459033	-0.480797	-1.040209	0.568404	0.171385	0.018178	0.985036	-0.513568	0.854888	0.073579	-0.840759	-0.518493	0.155851
43685	10.636041	-0.694310	0.477199	0.183834	-1.232612	0.467029	0.158640	0.015729	0.987211	-0.515861	0.853866	0.069292	-0.841856	-0.520256	0.143571
43686	14.841694	1.875582	3.831709	0.700069	-1.110559	0.300328	0.147796	0.012471	0.988939	-0.522214	0.850153	0.067323	-0.839910	-0.526388	0.132162
43687	16.124514	3.150512	4.474144	0.753604	-0.685237	0.212318	0.140964	0.010606	0.989958	-0.528816	0.846148	0.066235	-0.836949	-0.532842	0.124885
43688	12.762395	2.509297	3.396207	0.996056	-0.523568	0.237111	0.135388	0.009789	0.990744	-0.537464	0.840767	0.065139	-0.832347	-0.541309	0.119091
43689	9.222266	1.905868	2.474828	1.021898	-0.774287	0.288126	0.127429	0.007942	0.991816	-0.546303	0.835177	0.063501	-0.827837	-0.549924	0.110764
43690	7.466825	1.115769	1.268498	1.090137	-0.988881	0.301880	0.117663	0.004965	0.993041	-0.555680	0.829104	0.061696	-0.823028	-0.559072	0.100314
43691	7.734038	-0.546546	0.598396	1.124040	-1.343203	0.351942	0.104699	0.000264	0.994504	-0.565274	0.822770	0.059292	-0.818232	-0.568375	0.086292
43692	9.477661	-2.288361	-3.039897	1.309745	-1.645814	0.363045	0.089270	-0.006211	0.995988	-0.576314	0.815257	0.056738	-0.812338	-0.579066	0.069198
43693	10.800678	-0.471909	-4.303374	2.172335	-1.692848	0.361610	0.073528	-0.013271	0.997205	-0.594113	0.802534	0.054487	-0.801014	-0.596459	0.051125
43694	11.112054	2.121731	-2.200304	2.403755	-1.421164	0.351041	0.060179	-0.019097	0.998005	-0.613448	0.788016	0.052070	-0.787439	-0.615358	0.035707
43695	9.978778	0.968643	-2.395903	1.986176	-1.167285	0.383993	0.048703	-0.023401	0.998539	-0.629164	0.775735	0.048866	-0.775745	-0.630625	0.023057
43696	8.668821	0.510314	-2.919169	1.923854	-1.046525	0.487167	0.037603	-0.026337	0.998946	-0.644191	0.763576	0.044381	-0.763940	-0.645181	0.011746
43697	8.764489	1.764461	-2.081430	1.769219	-0.991677	0.593627	0.026252	-0.028334	0.999254	-0.657782	0.752218	0.038610	-0.752751	-0.658305	0.001110
43698	9.388486	3.447089	-0.796462	1.232877	-0.965856	0.650071	0.014772	-0.029884	0.999444	-0.667150	0.744231	0.032114	-0.744777	-0.667254	-0.008943
43699	9.753642	4.149130	-0.088681	0.202944	-0.960873	0.693759	0.003023	-0.031173	0.999509	-0.668707	0.743099	0.025199	-0.743520	-0.668455	-0.018599
43700	9.779644	2.638677	-1.846681	-0.696645	-1.015916	0.767792	-0.009609	-0.032230	0.999434	-0.663488	0.747976	0.017742	-0.748125	-0.662942	-0.028571
43701	9.696820	2.466082	-2.627975	-1.028029	-1.086744	0.806012	-0.023056	-0.033365	0.999177	-0.655617	0.755026	0.010083	-0.754741	-0.654845	-0.039282
43702	9.731566	2.081109	-2.186670	-1.331818	-1.117165	0.750247	-0.036355	-0.034947	0.998728	-0.645288	0.763932	0.003242	-0.763074	-0.644349	-0.050324
43703	9.446984	0.598170	-2.064406	-1.430188	-1.108713	0.657294	-0.049034	-0.037009	0.998111	-0.634019	0.773314	-0.002474	-0.771762	-0.632943	-0.061383
43704	9.859341	-1.146369	-1.728589	-1.248123	-1.131452	0.578186	-0.061386	-0.039645	0.997326	-0.624019	0.781374	-0.007349	-0.778994	-0.622802	-0.072705
43705	10.020207	-2.818416	-1.721825	-0.851585	-1.054742	0.542060	-0.072957	-0.041959	0.996452	-0.616990	0.786879	-0.012040	-0.783582	-0.615679	-0.083297
43706	9.828334	-4.131192	-2.368098	-0.230518	-0.979563	0.541925	-0.083919	-0.043737	0.995512	-0.614757	0.788529	-0.017179	-0.784239	-0.613440	-0.093060
43707	9.609884	-4.417125	-2.736029	0.490936	-0.916481	0.553518	-0.094468	-0.045051	0.994508	-0.618093	0.785765	-0.023117	-0.780408	-0.616882	-0.102076
43708	9.504240	-3.701926	-2.904347	1.051562	-0.850064	0.539059	-0.104372	-0.046134	0.993468	-0.625729	0.779481	-0.029541	-0.773027	-0.624724	-0.110223
43709	9.679714	-2.383866	-2.785337	1.303324	-0.778493	0.476245	-0.113324	-0.047375	0.992428	-0.635217	0.771508	-0.035705	-0.763975	-0.634453	-0.117524
43710	9.839363	-0.401604	-2.354445	1.252550	-0.692408	0.402950	-0.121112	-0.048729	0.991442	-0.644263	0.763695	-0.041166	-0.755154	-0.643735	-0.123887
43711	10.058854	1.201800	-1.528398	0.767012	-0.654569	0.349765	-0.128264	-0.050330	0.990462	-0.649588	0.758920	-0.045557	-0.749389	-0.649236	-0.130036
43712	10.125029	1.512814	-1.436373	0.040838	-0.618384	0.340906	-0.135060	-0.051781	0.989483	-0.649449	0.758829	-0.048936	-0.748314	-0.649229	-0.136117
43713	9.536221	0.926248	-1.503200	-0.562624	-0.648612	0.352803	-0.142171	-0.053325	0.988405	-0.644734	0.762664	-0.051592	-0.751069	-0.644593	-0.142810
43714	9.700349	-0.605574	-2.472386	-0.870034	-0.712782	0.333511	-0.149630	-0.055367	0.987191	-0.637696	0.768424	-0.053559	-0.755616	-0.637541	-0.150286
43715	10.138079	-1.490518	-2.879475	-0.887493	-0.752166	0.342543	-0.157468	-0.057525	0.985847	-0.630436	0.774253	-0.055520	-0.760101	-0.630256	-0.158186
43716	9.924695	-1.960513	-3.330664	-0.697060	-0.607086	0.300475	-0.163931	-0.059028	0.984704	-0.624647	0.778802	-0.057305	-0.763507	-0.624487	-0.164541
43717	10.062861	-2.006410	-2.833907	-0.516561	-0.630828	0.299076	-0.170582	-0.060652	0.983475	-0.620190	0.782205	-0.059332	-0.765680	-0.620062	-0.171046
43718	10.168940	-2.381042	-3.340120	-0.293554	-0.545537	0.263107	-0.176345	-0.061994	0.982374	-0.617489	0.784183	-0.061358	-0.766557	-0.617426	-0.176567
43719	9.832633	-1.757030	-2.831580	-0.038897	-0.436970	0.213553	-0.180978	-0.063049	0.981464	-0.616803	0.784565	-0.063335	-0.766030	-0.616832	-0.180878
43720	9.703727	-1.009920	-2.435178	0.019328	-0.467066	0.209757	-0.185804	-0.064311	0.980480	-0.616570	0.784580	-0.065380	-0.765061	-0.616683	-0.185430
43721	9.671744	-0.621968	-2.316349	0.016283	-0.406008	0.189018	-0.190040	-0.065365	0.979598	-0.616333	0.784612	-0.067214	-0.764211	-0.616532	-0.189394
43722	9.556090	-0.468326	-1.823670	-0.036431	-0.455161	0.159005	-0.194454	-0.066949	0.978624	-0.615754	0.784942	-0.068652	-0.763567	-0.615941	-0.193859
43723	9.472657	-0.208131	-1.759254	-0.098870	-0.381101	0.161543	-0.198325	-0.068059	0.977771	-0.614676	0.785668	-0.069989	-0.763440	-0.614893	-0.197652
43724	9.345252	-0.187856	-1.426787	-0.195447	-0.427287	0.177270	-0.202633	-0.069316	0.976798	-0.612833	0.786991	-0.071283	-0.763790	-0.613059	-0.201950
43725	9.419959	-0.552920	-1.380998	-0.265485	-0.422236	0.197976	-0.207037	-0.070374	0.975799	-0.610394	0.788762	-0.072624	-0.764562	-0.610657	-0.206259
43726	9.465862	-0.804285	-1.378681	-0.271571	-0.455914	0.197801	-0.211686	-0.071618	0.974710	-0.607908	0.790558	-0.073937	-0.765269	-0.608185	-0.210887
43727	9.515133	-1.009342	-1.566305	-0.212168	-0.465002	0.190371	-0.216368	-0.072969	0.973581	-0.605871	0.791992	-0.075289	-0.765575	-0.606155	-0.215571
43728	9.513272	-0.971434	-1.429918	-0.138385	-0.477756	0.186396	-0.221110	-0.074412	0.972406	-0.604411	0.792967	-0.076753	-0.765374	-0.604704	-0.220308
43729	9.471237	-0.873431	-1.391510	-0.087800	-0.498056	0.183077	-0.225993	-0.076003	0.971159	-0.603326	0.793643	-0.078286	-0.764804	-0.603617	-0.225213
43730	9.482373	-0.748997	-1.452419	-0.069739	-0.517661	0.178462	-0.230982	-0.077736	0.969848	-0.602392	0.794200	-0.079811	-0.764049	-0.602663	-0.230274
43731	9.456200	-0.793201	-1.513765	-0.074981	-0.544402	0.181987	-0.236203	-0.079602	0.968438	-0.601391	0.794803	-0.081350	-0.763242	-0.601624	-0.235606
43732	9.504203	-0.764332	-1.440418	-0.095187	-0.570698	0.187460	-0.241638	-0.081569	0.966932	-0.600226	0.795524	-0.082889	-0.762457	-0.600406	-0.241189
43733	9.562583	-0.831328	-1.529369	-0.158210	-0.593968	0.188262	-0.247262	-0.083665	0.965330	-0.598556	0.796636	-0.084271	-0.761966	-0.598641	-0.247056
43734	9.549556	-0.847733	-1.464374	-0.226067	-0.616636	0.178869	-0.252983	-0.085950	0.963645	-0.596397	0.798136	-0.085383	-0.761781	-0.596315	-0.253176
43735	9.695857	-0.982044	-1.522627	-0.263873	-0.650189	0.182880	-0.258993	-0.088392	0.961826	-0.593916	0.799873	-0.086417	-0.761700	-0.593625	-0.259658
43736	9.697921	-0.737297	-1.268951	-0.307821	-0.687933	0.176580	-0.265233	-0.091078	0.959873	-0.591121	0.801850	-0.087255	-0.761727	-0.590544	-0.266515
43737	9.728567	-0.721808	-0.961085	-0.373978	-0.725026	0.174862	-0.271756	-0.093976	0.957767	-0.587800	0.804220	-0.087871	-0.761998	-0.586855	-0.273791
43738	9.675696	-0.797814	-0.611927	-0.426366	-0.776294	0.180290	-0.278682	-0.097090	0.955463	-0.584068	0.806881	-0.088364	-0.762366	-0.582681	-0.281571
43739	9.640966	-0.933033	-0.313855	-0.429305	-0.846157	0.177303	-0.286134	-0.100604	0.952894	-0.580292	0.809555	-0.088779	-0.762488	-0.578359	-0.290021
43740	9.575421	-1.165437	0.123027	-0.419250	-0.917081	0.176817	-0.294100	-0.104482	0.950047	-0.576600	0.812145	-0.089179	-0.762258	-0.574025	-0.299096
43741	9.474886	-1.408600	0.471958	-0.350867	-1.003026	0.175038	-0.302716	-0.108831	0.946847	-0.573404	0.814345	-0.089722	-0.761295	-0.570086	-0.308920
43742	9.411854	-1.648904	0.505403	-0.294663	-1.093592	0.166387	-0.311933	-0.113715	0.943274	-0.570674	0.816194	-0.090322	-0.759624	-0.566476	-0.319492
43743	9.438699	-1.589956	0.501571	-0.192225	-1.189639	0.160898	-0.321840	-0.119157	0.939266	-0.568706	0.817473	-0.091161	-0.756962	-0.563506	-0.330861
43744	9.543195	-1.381034	0.288853	-0.150761	-1.296379	0.146667	-0.332410	-0.125270	0.934779	-0.567115	0.818486	-0.091982	-0.753581	-0.560703	-0.343115
43745	9.666152	-1.299972	-0.044551	-0.142756	-1.394980	0.128928	-0.343594	-0.132051	0.929788	-0.565608	0.819455	-0.092634	-0.749687	-0.557724	-0.356249
43746	9.747352	-1.350873	-0.503664	-0.117911	-1.474547	0.114157	-0.355205	-0.139341	0.924345	-0.564360	0.820249	-0.093222	-0.745203	-0.554776	-0.369995
43747	9.899056	-1.302178	-0.848380	-0.090833	-1.587966	0.099920	-0.367531	-0.147343	0.918265	-0.563326	0.820899	-0.093749	-0.739990	-0.551739	-0.384707
43748	10.210985	-1.056721	-0.957566	-0.026141	-1.666717	0.070859	-0.380153	-0.155958	0.911680	-0.562905	0.821130	-0.094253	-0.733909	-0.549020	-0.399944
43749	10.452875	-0.587297	-0.863784	0.030063	-1.744565	0.055598	-0.393179	-0.165092	0.904519	-0.562913	0.821058	-0.094830	-0.727007	-0.546451	-0.415755
43750	10.580948	-0.029735	-0.563654	0.004637	-1.834970	0.044180	-0.406637	-0.174755	0.896720	-0.562812	0.821084	-0.095204	-0.719645	-0.543398	-0.432238
43751	10.839545	0.292180	-0.518387	-0.064513	-1.942092	0.031582	-0.420687	-0.185046	0.888133	-0.562225	0.821492	-0.095151	-0.711987	-0.539360	-0.449628
43752	11.348485	0.439632	-0.424163	-0.167374	-2.074083	0.005119	-0.435334	-0.196162	0.878638	-0.561064	0.822374	-0.094386	-0.704054	-0.534062	-0.468067
43753	12.385468	0.304888	-0.496933	-0.211978	-2.208726	-0.040388	-0.450534	-0.208258	0.868129	-0.559767	0.823418	-0.092970	-0.695472	-0.527836	-0.487554
43754	13.547977	0.881824	-0.396593	-0.027987	-2.284694	-0.075515	-0.465811	-0.220910	0.856866	-0.559971	0.823373	-0.092137	-0.685167	-0.522738	-0.507239
43755	13.908759	1.616747	0.913790	0.135743	-2.294351	-0.053264	-0.481069	-0.233331	0.845062	-0.561154	0.822545	-0.092335	-0.673557	-0.518629	-0.526636
43756	13.672298	1.975395	2.200062	0.098350	-2.338619	-0.008702	-0.496552	-0.245507	0.832564	-0.561912	0.821982	-0.092744	-0.661583	-0.513880	-0.546110
43757	13.859844	2.252911	3.037580	0.035064	-2.450258	0.021628	-0.512701	-0.257885	0.818922	-0.562043	0.821855	-0.093069	-0.649034	-0.507986	-0.566308
43758	14.193592	2.767075	3.530641	-0.123613	-2.530493	0.035873	-0.529077	-0.270382	0.804345	-0.561128	0.822533	-0.092600	-0.636563	-0.500333	-0.586902
43759	14.375114	2.674068	3.809263	-0.401170	-2.618778	0.088206	-0.546057	-0.282656	0.788623	-0.558137	0.824759	-0.090856	-0.624744	-0.489773	-0.608127
43760	13.681181	2.524915	3.257014	-0.777316	-2.681276	0.173582	-0.563529	-0.294203	0.771932	-0.552435	0.828966	-0.087350	-0.614207	-0.475667	-0.629675
43761	13.195890	1.686325	2.089172	-1.300629	-2.848738	0.313690	-0.582585	-0.304904	0.753411	-0.542723	0.835962	-0.081356	-0.605017	-0.456290	-0.652497
43762	12.354505	-0.055615	-0.153661	-1.800065	-3.007390	0.469050	-0.603062	-0.314362	0.733139	-0.529211	0.845359	-0.072834	-0.596869	-0.431909	-0.676167
43763	12.940875	-0.518412	-2.251416	-2.047420	-3.245540	0.499176	-0.624862	-0.323723	0.710458	-0.514035	0.855504	-0.062291	-0.587635	-0.404124	-0.700977
43764	14.243519	-0.788380	-3.507524	-2.347131	-3.272076	0.425537	-0.645985	-0.332832	0.686969	-0.497736	0.865972	-0.048484	-0.578759	-0.373249	-0.725068
43765	14.478757	-1.370223	-5.455463	-2.501916	-2.998324	0.370453	-0.665016	-0.340358	0.664763	-0.480938	0.876151	-0.032533	-0.571360	-0.341345	-0.746345
43766	13.117402	-1.250358	-7.769548	-2.508605	-2.531392	0.325597	-0.680837	-0.345804	0.645662	-0.464580	0.885392	-0.015691	-0.566239	-0.310645	-0.763462
43767	12.540799	-0.978615	-9.090930	-2.155136	-2.069117	0.211660	-0.693454	-0.350118	0.629714	-0.450989	0.892529	-0.000397	-0.561899	-0.284269	-0.776827
43768	12.254720	0.200883	-8.685603	-1.598024	-1.582223	0.164275	-0.702928	-0.353057	0.617449	-0.441001	0.897438	0.011101	-0.558041	-0.264493	-0.786532
43769	11.935664	0.930839	-9.855302	-1.474629	-1.104601	0.099619	-0.709496	-0.355028	0.608745	-0.432101	0.901553	0.022181	-0.556691	-0.247302	-0.793056
43770	9.221067	0.677663	-11.928250	-1.779314	-0.592167	-0.026332	-0.712571	-0.356748	0.604131	-0.422461	0.905646	0.036506	-0.560152	-0.229208	-0.796048
43771	5.112612	0.369130	-12.497179	-1.707712	-0.291213	-0.122088	-0.713676	-0.358540	0.601761	-0.413745	0.908970	0.050889	-0.565228	-0.212657	-0.797054
43772	3.165599	0.085715	-9.681863	-1.373107	-0.402953	-0.125298	-0.715328	-0.360582	0.598570	-0.406964	0.911295	0.062622	-0.568055	-0.198802	-0.798619
43773	4.909520	-0.174921	-6.861179	-1.172601	-0.318114	-0.127426	-0.716602	-0.362399	0.595944	-0.401224	0.913083	0.072797	-0.570527	-0.186940	-0.799720
43774	6.860283	-0.437193	-5.448147	-1.219938	0.213967	-0.065632	-0.714999	-0.362682	0.597695	-0.394796	0.915016	0.082954	-0.576986	-0.176655	-0.797421
43775	7.312336	-1.509853	-6.900379	-1.419216	0.789490	0.003332	-0.710390	-0.361339	0.603970	-0.386526	0.917450	0.094252	-0.588169	-0.166494	-0.791414
43776	7.085780	-2.315077	-8.959573	-0.867283	1.322907	-0.071049	-0.702135	-0.359880	0.614404	-0.381975	0.918579	0.101530	-0.600918	-0.163399	-0.782431
43777	6.348930	-2.566207	-9.416989	0.157578	1.832682	-0.189564	-0.690262	-0.358594	0.628449	-0.384272	0.917620	0.101528	-0.613085	-0.171415	-0.771196
43778	5.155558	-2.783443	-9.602002	1.168391	2.202991	-0.212128	-0.675695	-0.356622	0.645180	-0.393051	0.914703	0.093960	-0.623656	-0.190101	-0.758231
43779	4.681120	-1.932076	-8.667871	2.016765	2.349407	-0.095369	-0.660548	-0.352754	0.662753	-0.406364	0.910249	0.079473	-0.631304	-0.216823	-0.744609
43780	4.712298	-0.851889	-7.408243	2.231687	2.708667	-0.003099	-0.643197	-0.346563	0.682782	-0.420675	0.905016	0.063077	-0.639789	-0.246658	-0.727894
43781	4.888168	-0.417650	-7.545206	2.293702	3.084791	0.002124	-0.623293	-0.338493	0.704931	-0.435468	0.898995	0.046642	-0.649518	-0.277903	-0.707741
43782	4.443992	0.714375	-7.114129	2.422701	3.530406	-0.072434	-0.599722	-0.328787	0.729543	-0.451887	0.891560	0.030329	-0.660403	-0.311481	-0.683263
43783	3.858742	2.068742	-6.298857	2.203501	3.857217	-0.217285	-0.572979	-0.318121	0.755311	-0.467868	0.883630	0.017242	-0.672901	-0.343506	-0.655140
43784	3.848470	2.732170	-6.113825	1.879760	4.158493	-0.382539	-0.542750	-0.306623	0.781923	-0.482888	0.875644	0.008192	-0.687198	-0.373135	-0.623321
43785	3.951413	3.762604	-6.720520	1.604503	4.355304	-0.539814	-0.509814	-0.294525	0.808297	-0.496890	0.867809	0.002808	-0.702275	-0.400203	-0.588768
43786	4.366935	4.781048	-6.871548	1.355848	4.580902	-0.655972	-0.473849	-0.281315	0.834463	-0.509837	0.860271	0.000505	-0.718007	-0.425201	-0.551063
43787	4.771254	5.441015	-6.672645	0.982127	4.845786	-0.760527	-0.434690	-0.266738	0.860172	-0.520436	0.853899	0.001788	-0.734977	-0.446887	-0.510001
43788	5.106459	5.290104	-6.528292	0.451933	5.118055	-0.839992	-0.392056	-0.250600	0.885151	-0.527350	0.849620	0.006963	-0.753786	-0.464054	-0.465252
43789	5.404624	4.640096	-6.613635	-0.300440	5.354218	-0.893637	-0.346366	-0.233097	0.908678	-0.528356	0.848865	0.016357	-0.775158	-0.474440	-0.417177
43790	5.574766	3.376041	-7.570234	-1.159441	5.558388	-0.911852	-0.297685	-0.214420	0.930273	-0.522225	0.852303	0.029338	-0.799165	-0.477078	-0.365693
43791	6.561624	2.108725	-9.182160	-1.593803	5.748984	-0.893180	-0.246392	-0.194716	0.949409	-0.511721	0.858066	0.043180	-0.823063	-0.475193	-0.311061
43792	7.747979	1.908601	-10.071089	-1.442026	5.989232	-0.827531	-0.192155	-0.173424	0.965919	-0.501562	0.863357	0.055232	-0.843512	-0.473855	-0.252881
43793	8.324054	1.078216	-9.196867	-1.349640	6.119014	-0.739024	-0.136311	-0.150913	0.979104	-0.491266	0.868545	0.065478	-0.860277	-0.472075	-0.192531
43794	8.261354	-1.177256	-7.177446	-1.230660	5.943704	-0.605676	-0.081737	-0.128205	0.988374	-0.481292	0.873474	0.073499	-0.872741	-0.469688	-0.133099
43795	9.110440	-3.779887	-8.108704	-1.083658	5.586301	-0.424002	-0.030688	-0.105795	0.993914	-0.472011	0.878056	0.078889	-0.881059	-0.466717	-0.076882
43796	10.210408	-6.301811	-8.413563	0.174225	5.201175	-0.415213	0.017198	-0.084994	0.996233	-0.473598	0.876823	0.082982	-0.880573	-0.473241	-0.025173
43797	11.069326	-6.110575	-7.340814	1.730566	5.064560	-0.642675	0.064663	-0.066187	0.995710	-0.488469	0.867987	0.089420	-0.870182	-0.492156	0.023797
43798	9.719333	-2.483233	-6.384543	2.584226	4.893091	-0.876528	0.111295	-0.049032	0.992577	-0.509989	0.854420	0.099391	-0.852951	-0.517265	0.070087
43799	8.936646	1.151570	-4.564232	2.748248	4.379215	-0.861058	0.152733	-0.033156	0.987711	-0.532000	0.839510	0.110446	-0.832856	-0.542331	0.110582
43800	8.149281	4.073430	-2.423792	1.939902	3.637781	-0.593143	0.186012	-0.018054	0.982382	-0.547004	0.828657	0.118803	-0.816202	-0.559466	0.144264
43801	7.377088	3.412681	-1.138504	0.680252	2.866395	-0.205077	0.210432	-0.003663	0.977602	-0.552094	0.824819	0.121930	-0.806791	-0.565386	0.171546
43802	6.001903	1.154682	-1.098091	-0.159609	2.012331	0.106484	0.226122	0.008582	0.974061	-0.551045	0.825708	0.120646	-0.803255	-0.564032	0.191440
43803	5.296319	-0.655595	-1.101494	-0.576610	1.052673	0.329623	0.232803	0.017186	0.972372	-0.547141	0.828915	0.116345	-0.804015	-0.559110	0.202377
43804	5.256880	-1.974196	-1.907383	-1.010357	0.125535	0.499927	0.231171	0.022040	0.972664	-0.540153	0.834417	0.109469	-0.809194	-0.550693	0.204798
43805	5.267126	-3.030840	-3.447129	-1.001456	-0.633836	0.589925	0.222884	0.023478	0.974562	-0.533328	0.839767	0.101742	-0.816017	-0.542438	0.199693
43806	6.892907	-2.696337	-3.994310	-0.364146	-1.204435	0.567928	0.210072	0.021736	0.977444	-0.531582	0.841602	0.095532	-0.820543	-0.539660	0.188351
43807	8.788434	-1.484399	-3.044851	0.307905	-1.640273	0.495384	0.193987	0.016989	0.980857	-0.535086	0.839852	0.091279	-0.822224	-0.542550	0.172011
43808	17.352508	3.191668	2.391747	2.390531	-1.707224	0.161916	0.179212	0.008901	0.983770	-0.554931	0.826613	0.093612	-0.812363	-0.562701	0.153079
43809	23.035837	11.986186	7.156677	1.367311	-0.946527	0.062320	0.171234	0.003999	0.985222	-0.566084	0.818848	0.095063	-0.806367	-0.573996	0.142478
43810	15.197913	3.674135	2.868555	-1.033664	-0.716119	0.544299	0.162442	0.004384	0.986708	-0.558620	0.824710	0.088301	-0.813361	-0.565539	0.136416
43811	7.304408	-0.452837	-0.566136	-0.783001	-1.580086	0.918487	0.144459	0.003059	0.989506	-0.553612	0.829090	0.078260	-0.820150	-0.559107	0.121463
43812	7.538704	-2.697601	-4.047442	-0.904154	-2.025370	1.042243	0.122099	0.000466	0.992518	-0.547551	0.834088	0.066968	-0.827816	-0.551631	0.102097
43813	7.890082	-2.619075	-7.678922	0.234965	-2.265975	0.844604	0.098721	-0.005051	0.995102	-0.550410	0.832819	0.058832	-0.829038	-0.553522	0.079436
43814	10.184478	-0.787875	-5.448564	1.364234	-2.016324	0.426840	0.079748	-0.012800	0.996733	-0.562062	0.825226	0.055568	-0.823241	-0.564658	0.058616
43815	9.075216	-1.937111	-4.920382	1.027303	-1.742468	0.341335	0.063542	-0.019938	0.997780	-0.570722	0.819449	0.052720	-0.818681	-0.572805	0.040690
43816	9.208951	-3.350019	-8.546439	1.600024	-1.740765	0.443535	0.046856	-0.026422	0.998552	-0.584000	0.810283	0.048844	-0.810400	-0.585443	0.022536
43817	10.526908	-1.190953	-7.037891	2.863287	-1.499670	0.565420	0.031490	-0.030871	0.999027	-0.607175	0.793368	0.043655	-0.793944	-0.607959	0.006239
43818	11.719908	3.346842	-0.999487	2.832192	-1.086448	0.601188	0.019286	-0.032898	0.999273	-0.629567	0.776031	0.037699	-0.776706	-0.629837	-0.005744
43819	9.559766	4.194058	0.145937	1.061198	-0.799330	0.598274	0.009348	-0.033372	0.999399	-0.637845	0.769513	0.031662	-0.770108	-0.637758	-0.014093
43820	8.896233	3.173055	-1.859933	0.082661	-0.910185	0.641590	-0.001704	-0.034266	0.999411	-0.638500	0.769206	0.025284	-0.769620	-0.638082	-0.023189
43821	9.798836	3.344338	-1.690667	-0.778071	-1.075618	0.674828	-0.014262	-0.035918	0.999253	-0.632425	0.774393	0.018810	-0.774490	-0.631684	-0.033760
43822	9.710969	2.006453	-2.868717	-1.211529	-1.128283	0.624877	-0.026914	-0.038156	0.998909	-0.622860	0.782224	0.013097	-0.781870	-0.621828	-0.044818
43823	9.618399	0.192693	-2.037611	-1.242500	-1.202785	0.584477	-0.039939	-0.041011	0.998360	-0.612891	0.790127	0.007938	-0.789157	-0.611569	-0.056692
43824	10.048432	-3.450223	-2.747000	-0.996003	-1.208619	0.602285	-0.053130	-0.043607	0.997635	-0.604714	0.796439	0.002608	-0.794669	-0.603145	-0.068684
43825	10.402944	-5.349071	-2.752615	-0.070052	-1.099316	0.578549	-0.065327	-0.045655	0.996819	-0.603802	0.797128	-0.003061	-0.794453	-0.602081	-0.079640
43826	9.736800	-4.227685	-1.714008	0.707245	-0.921695	0.486513	-0.075534	-0.047390	0.996016	-0.609054	0.793084	-0.008454	-0.789524	-0.607266	-0.088768
43827	9.762522	-2.664682	-0.901607	0.913546	-0.872118	0.397386	-0.084792	-0.049608	0.995163	-0.615909	0.787707	-0.013212	-0.783241	-0.614050	-0.097345
