// General information: 
//  MT Manager version: 2022.2.0 
//  XDA version: 2022.2.0 build 7381 rev 124627 built on 2023-07-19
// Device information: 
//  DeviceId: 00B4CAF0
//  ProductCode: MTW2-3A7G6
//  Firmware Version: 4.6.0
//  Hardware Version: 2.0.0
// Device settings: 
//  Filter Profile: human(46.1)
//  Option Flags: Orientation Smoother Disabled, Position/Velocity Smoother Disabled, Continuous Zero Rotation Update Disabled, AHS Disabled, ICC Disabled
// Coordinate system: ENU
PacketCounter	Acc_X	Acc_Y	Acc_Z	Gyr_X	Gyr_Y	Gyr_Z	Mat[1][1]	Mat[2][1]	Mat[3][1]	Mat[1][2]	Mat[2][2]	Mat[3][2]	Mat[1][3]	Mat[2][3]	Mat[3][3]
01695	5.051690	0.686859	8.941273	0.000389	0.007445	-0.000970	-0.825874	-0.211747	0.522586	0.285133	-0.956410	0.063084	0.486448	0.201106	0.850250
01696	5.054273	0.715042	8.894987	0.003205	0.009765	0.002424	-0.825900	-0.211760	0.522540	0.285140	-0.956407	0.063093	0.486400	0.201106	0.850277
01697	5.117690	0.747321	8.881090	0.003020	0.008647	0.004834	-0.825972	-0.211835	0.522395	0.285174	-0.956398	0.063070	0.486257	0.201068	0.850368
01698	5.121952	0.786775	8.867262	-0.001652	0.005392	0.000857	-0.825981	-0.211823	0.522385	0.285145	-0.956409	0.063046	0.486259	0.201030	0.850376
01699	5.155053	0.816607	8.837165	-0.001633	0.010602	0.004707	-0.826067	-0.211897	0.522219	0.285149	-0.956412	0.062984	0.486110	0.200939	0.850482
01700	5.131069	0.792205	8.847268	-0.003719	0.011925	0.005345	-0.826095	-0.211941	0.522156	0.285146	-0.956417	0.062920	0.486064	0.200868	0.850526
01701	5.094620	0.749951	8.845976	-0.005139	0.015057	0.004979	-0.826202	-0.212023	0.521954	0.285133	-0.956427	0.062827	0.485890	0.200735	0.850657
01702	5.088465	0.709879	8.860932	-0.001196	0.014668	0.004923	-0.826245	-0.212070	0.521867	0.285140	-0.956427	0.062786	0.485813	0.200682	0.850713
01703	5.092811	0.676267	8.855008	-0.001764	0.020727	0.001141	-0.826391	-0.212127	0.521614	0.285113	-0.956438	0.062744	0.485582	0.200569	0.850872
01704	5.143525	0.774739	8.855423	-0.003805	0.018674	0.002966	-0.826458	-0.212162	0.521492	0.285090	-0.956448	0.062691	0.485480	0.200483	0.850950
01705	5.173997	0.793136	8.793523	0.001240	0.024160	0.002124	-0.826618	-0.212229	0.521211	0.285079	-0.956453	0.062669	0.485214	0.200389	0.851124
01706	5.123598	0.728308	8.893115	-0.008772	0.029634	0.001678	-0.826743	-0.212274	0.520995	0.285021	-0.956476	0.062580	0.485035	0.200232	0.851263
01707	5.102825	0.743081	8.889995	-0.008770	0.029631	0.001677	-0.826926	-0.212359	0.520670	0.284971	-0.956498	0.062476	0.484752	0.200039	0.851469
01708	5.069739	0.739963	8.875382	-0.011753	0.031400	0.004538	-0.827051	-0.212435	0.520441	0.284923	-0.956521	0.062347	0.484568	0.199849	0.851619
01709	5.091001	0.689889	8.874934	-0.008997	0.031883	0.002895	-0.827235	-0.212559	0.520097	0.284908	-0.956533	0.062232	0.484261	0.199660	0.851837
01710	5.059497	0.698294	8.892745	-0.010100	0.026006	0.003680	-0.827336	-0.212616	0.519913	0.284861	-0.956554	0.062121	0.484116	0.199498	0.851958
01711	5.101776	0.733764	8.842804	-0.006198	0.028990	0.002440	-0.827513	-0.212713	0.519592	0.284838	-0.956566	0.062034	0.483829	0.199333	0.852159
01712	5.060777	0.747717	8.914146	-0.006905	0.030553	0.002253	-0.827640	-0.212765	0.519369	0.284794	-0.956584	0.061958	0.483637	0.199192	0.852301
01713	5.078695	0.747956	8.841050	-0.007780	0.022421	0.001818	-0.827787	-0.212834	0.519104	0.284749	-0.956604	0.061863	0.483411	0.199024	0.852469
01714	5.053947	0.807621	8.876978	-0.006154	0.025610	0.003624	-0.827887	-0.212890	0.518924	0.284720	-0.956617	0.061786	0.483258	0.198900	0.852585
01715	4.818132	0.702077	8.924892	-0.006512	0.014797	0.005784	-0.827990	-0.212974	0.518724	0.284706	-0.956628	0.061682	0.483090	0.198756	0.852714
01716	4.741585	0.651696	8.927434	0.002300	-0.012988	0.009158	-0.827887	-0.213006	0.518876	0.284764	-0.956613	0.061649	0.483232	0.198795	0.852624
01717	4.801031	0.627995	9.005482	0.015683	-0.035982	0.010290	-0.827727	-0.213044	0.519115	0.284907	-0.956567	0.061710	0.483421	0.198979	0.852474
01718	5.130299	0.660628	8.868195	0.018791	-0.047879	0.010992	-0.827450	-0.213023	0.519566	0.285060	-0.956515	0.061808	0.483806	0.199251	0.852192
01719	5.198879	0.778529	8.876957	0.022807	-0.037034	0.004961	-0.827299	-0.213011	0.519811	0.285197	-0.956464	0.061957	0.483983	0.199506	0.852032
01720	5.229312	0.758962	8.826321	0.014904	-0.027680	0.007718	-0.827128	-0.212999	0.520087	0.285305	-0.956427	0.062039	0.484211	0.199697	0.851857
01721	5.293434	0.937340	8.796399	0.006210	-0.010007	0.007916	-0.827099	-0.213076	0.520102	0.285394	-0.956401	0.062030	0.484209	0.199739	0.851848
01722	5.224599	0.865488	8.824542	0.001789	0.003477	0.013068	-0.827064	-0.213178	0.520116	0.285482	-0.956378	0.061972	0.484217	0.199739	0.851844
01723	5.136908	0.808509	8.848468	-0.009368	0.006456	0.012217	-0.827094	-0.213344	0.520000	0.285550	-0.956369	0.061809	0.484125	0.199608	0.851927
01724	5.067059	0.735444	8.877287	-0.007740	0.009645	0.014023	-0.827086	-0.213467	0.519962	0.285600	-0.956363	0.061665	0.484109	0.199503	0.851961
01725	5.101168	0.691365	8.854686	-0.005654	0.008321	0.013386	-0.827133	-0.213616	0.519826	0.285659	-0.956354	0.061530	0.483994	0.199387	0.852053
01726	5.071177	0.615456	8.846108	-0.003340	0.004740	0.011529	-0.827109	-0.213706	0.519828	0.285709	-0.956345	0.061436	0.484006	0.199334	0.852059
01727	5.061437	0.620276	8.899868	0.002586	0.004570	0.004617	-0.827161	-0.213766	0.519719	0.285740	-0.956337	0.061418	0.483897	0.199307	0.852127
01728	5.119582	0.685707	8.892715	0.003295	0.003004	0.004801	-0.827148	-0.213788	0.519732	0.285767	-0.956329	0.061416	0.483905	0.199322	0.852119
01729	5.117710	0.674561	8.860403	0.007387	0.007106	0.001152	-0.827225	-0.213800	0.519604	0.285770	-0.956325	0.061458	0.483771	0.199327	0.852194
01730	5.111114	0.708436	8.867618	0.007638	0.010052	0.003778	-0.827248	-0.213826	0.519556	0.285810	-0.956311	0.061498	0.483707	0.199368	0.852220
01731	5.133174	0.732818	8.858738	0.005932	0.013612	-0.000407	-0.827363	-0.213838	0.519369	0.285795	-0.956313	0.061536	0.483520	0.199345	0.852332
01732	5.083357	0.746889	8.838461	0.004806	0.016316	0.003039	-0.827419	-0.213869	0.519267	0.285814	-0.956306	0.061555	0.483413	0.199346	0.852393
01733	5.065326	0.774167	8.867021	0.001094	0.014450	0.001867	-0.827524	-0.213923	0.519077	0.285816	-0.956306	0.061540	0.483232	0.199286	0.852509
01734	5.106508	0.793322	8.895740	-0.006958	0.019318	0.008221	-0.827580	-0.214010	0.518952	0.285822	-0.956312	0.061432	0.483133	0.199168	0.852593
01735	5.057609	0.733072	8.882870	-0.008318	0.010498	0.006384	-0.827651	-0.214113	0.518796	0.285830	-0.956317	0.061311	0.483006	0.199032	0.852696
01736	5.108530	0.746289	8.857965	-0.009483	0.016576	0.008639	-0.827692	-0.214198	0.518696	0.285828	-0.956326	0.061180	0.482937	0.198896	0.852767
01737	5.114552	0.723026	8.884506	-0.010822	0.012959	0.010647	-0.827762	-0.214342	0.518525	0.285856	-0.956328	0.061018	0.482801	0.198732	0.852883
01738	5.120473	0.699733	8.911098	-0.011853	0.018325	0.005457	-0.827820	-0.214401	0.518407	0.285816	-0.956349	0.060883	0.482725	0.198569	0.852964
01739	5.097859	0.691377	8.842345	-0.008427	0.020616	0.002813	-0.827947	-0.214500	0.518163	0.285806	-0.956358	0.060780	0.482512	0.198417	0.853119
01740	5.079429	0.717566	8.871209	-0.009097	0.018807	0.003817	-0.828013	-0.214543	0.518040	0.285765	-0.956377	0.060677	0.482424	0.198280	0.853201
01741	5.023483	0.763859	8.857970	-0.003777	0.018657	0.002950	-0.828139	-0.214605	0.517813	0.285741	-0.956388	0.060616	0.482222	0.198159	0.853343
01742	5.040560	0.831777	8.888931	-0.007910	0.017929	0.005405	-0.828196	-0.214662	0.517699	0.285719	-0.956401	0.060515	0.482138	0.198035	0.853420
01743	5.046197	0.724632	8.890051	-0.007860	0.005982	0.003937	-0.828258	-0.214703	0.517582	0.285679	-0.956419	0.060415	0.482054	0.197902	0.853498
01744	5.092537	0.698562	8.879082	-0.006460	0.011423	0.006965	-0.828279	-0.214762	0.517524	0.285677	-0.956426	0.060319	0.482019	0.197805	0.853540
01745	5.114822	0.721351	8.870286	-0.006845	0.009185	0.011783	-0.828335	-0.214884	0.517384	0.285706	-0.956425	0.060188	0.481906	0.197675	0.853634
01746	5.078582	0.678778	8.868632	-0.006458	0.011422	0.006964	-0.828356	-0.214943	0.517326	0.285704	-0.956432	0.060091	0.481871	0.197579	0.853676
01747	5.076275	0.666683	8.836671	-0.001618	0.010583	0.004695	-0.828437	-0.215003	0.517172	0.285705	-0.956435	0.060042	0.481732	0.197499	0.853773
01748	5.024744	0.663505	8.895239	0.001173	0.007694	0.004248	-0.828447	-0.215029	0.517144	0.285717	-0.956432	0.060024	0.481706	0.197484	0.853791
01749	5.040755	0.636336	8.867854	0.001366	0.008813	0.001839	-0.828528	-0.215059	0.517002	0.285709	-0.956435	0.060015	0.481573	0.197436	0.853877
01750	4.970554	0.722069	8.914235	0.005626	0.004617	0.006798	-0.828516	-0.215103	0.517002	0.285764	-0.956418	0.060022	0.481560	0.197470	0.853877
01751	5.058795	0.705174	8.898230	0.001891	-0.002442	0.001777	-0.828530	-0.215159	0.516958	0.285812	-0.956405	0.060015	0.481508	0.197477	0.853905
01752	5.152048	0.727798	8.868139	0.004442	0.005494	0.005207	-0.828527	-0.215189	0.516949	0.285848	-0.956393	0.060020	0.481491	0.197498	0.853909
01753	5.162372	0.734009	8.847519	-0.000489	0.007881	0.001250	-0.828609	-0.215201	0.516813	0.285813	-0.956405	0.059999	0.481371	0.197428	0.853993
01754	5.097074	0.701721	8.862015	-0.003507	0.013024	0.002916	-0.828649	-0.215224	0.516739	0.285792	-0.956415	0.059949	0.481314	0.197356	0.854042
01755	5.087891	0.795991	8.829774	-0.003734	0.015277	0.004135	-0.828749	-0.215306	0.516545	0.285799	-0.956417	0.059884	0.481139	0.197257	0.854164
01756	5.111979	0.757658	8.860998	-0.007641	0.012297	0.005367	-0.828779	-0.215352	0.516478	0.285778	-0.956429	0.059786	0.481100	0.197147	0.854211
01757	5.063820	0.781523	8.873150	-0.013381	0.013581	0.009856	-0.828855	-0.215469	0.516306	0.285769	-0.956443	0.059610	0.480973	0.196953	0.854327
01758	5.046082	0.806666	8.901682	-0.018188	0.011046	0.013310	-0.828856	-0.215588	0.516255	0.285763	-0.956459	0.059381	0.480975	0.196745	0.854374
01759	5.073135	0.782950	8.853541	-0.025240	0.005340	0.020991	-0.828861	-0.215804	0.516157	0.285798	-0.956469	0.059047	0.480946	0.196458	0.854456
01760	5.079115	0.830206	8.872615	-0.032867	0.009063	0.023699	-0.828823	-0.216018	0.516129	0.285808	-0.956491	0.058638	0.481006	0.196114	0.854501
01761	5.072970	0.702165	8.861922	-0.035167	0.004068	0.022888	-0.828818	-0.216245	0.516041	0.285806	-0.956518	0.058210	0.481015	0.195733	0.854584
01762	5.067362	0.658388	8.876584	-0.033565	0.010619	0.023508	-0.828788	-0.216460	0.516000	0.285810	-0.956542	0.057796	0.481065	0.195379	0.854637
01763	5.032586	0.624294	8.907473	-0.030775	0.007727	0.023059	-0.828789	-0.216736	0.515883	0.285877	-0.956546	0.057403	0.481024	0.195054	0.854734
01764	5.055916	0.571781	8.905850	-0.023656	0.006686	0.017755	-0.828756	-0.216889	0.515871	0.285881	-0.956562	0.057104	0.481078	0.194803	0.854761
01765	4.931964	0.544872	8.919709	-0.016000	-0.000414	0.016231	-0.828747	-0.217045	0.515820	0.285919	-0.956565	0.056874	0.481071	0.194617	0.854807
01766	5.007932	0.581401	8.884762	-0.004660	-0.010845	0.012039	-0.828646	-0.217109	0.515955	0.285968	-0.956556	0.056767	0.481216	0.194586	0.854732
01767	5.054044	0.617281	8.833070	0.006872	-0.011589	0.008104	-0.828597	-0.217196	0.515997	0.286082	-0.956522	0.056773	0.481231	0.194659	0.854707
01768	5.067382	0.635074	8.844100	0.005211	-0.011396	0.005106	-0.828514	-0.217192	0.516132	0.286121	-0.956509	0.056786	0.481352	0.194724	0.854624
01769	5.044713	0.684309	8.845603	0.004058	-0.013891	0.004700	-0.828460	-0.217256	0.516192	0.286210	-0.956483	0.056785	0.481392	0.194784	0.854588
01770	5.136327	0.762592	8.886951	-0.000300	-0.012369	0.008370	-0.828362	-0.217282	0.516338	0.286249	-0.956474	0.056734	0.481537	0.194798	0.854503
01771	5.062597	0.650907	8.928285	-0.004462	-0.009723	0.009633	-0.828324	-0.217357	0.516368	0.286290	-0.956467	0.056638	0.481578	0.194746	0.854492
01772	5.016014	0.591312	8.913649	0.000629	-0.016188	0.007331	-0.828210	-0.217366	0.516546	0.286326	-0.956459	0.056600	0.481752	0.194777	0.854387
01773	5.042472	0.626505	8.935876	0.005946	-0.024906	0.003808	-0.828114	-0.217362	0.516702	0.286376	-0.956443	0.056624	0.481888	0.194862	0.854291
01774	5.038020	0.806061	8.927124	0.007580	-0.030293	0.002953	-0.827945	-0.217301	0.516998	0.286408	-0.956430	0.056668	0.482159	0.194990	0.854109
01775	4.974957	0.835703	8.899431	0.001298	-0.044325	0.013179	-0.827733	-0.217335	0.517323	0.286497	-0.956408	0.056604	0.482470	0.195064	0.853916
01776	4.887497	0.667149	8.941231	0.003925	-0.060289	0.013650	-0.827389	-0.217317	0.517881	0.286600	-0.956379	0.056561	0.482999	0.195223	0.853581
01777	4.894933	0.521698	8.952026	0.017893	-0.078135	0.012571	-0.827014	-0.217288	0.518491	0.286773	-0.956323	0.056641	0.483538	0.195533	0.853205
01778	4.949485	0.498121	8.936178	0.029173	-0.090418	0.003308	-0.826553	-0.217113	0.519300	0.286913	-0.956267	0.056867	0.484243	0.195998	0.852698
01779	5.000993	0.520857	8.958968	0.047061	-0.105310	0.000971	-0.826089	-0.216879	0.520136	0.287087	-0.956192	0.057259	0.484931	0.196625	0.852162
01780	5.077567	0.495872	8.978634	0.055893	-0.118544	-0.002869	-0.825507	-0.216587	0.521179	0.287306	-0.956097	0.057744	0.485791	0.197407	0.851492
01781	4.891505	0.523602	9.046770	0.064881	-0.145317	-0.001990	-0.824846	-0.216281	0.522352	0.287585	-0.955979	0.058300	0.486748	0.198309	0.850735
01782	4.789743	0.636052	9.208719	0.077428	-0.171389	0.002437	-0.823989	-0.215933	0.523846	0.287954	-0.955829	0.058940	0.487980	0.199409	0.849772
01783	4.485309	0.619864	9.480457	0.081504	-0.227676	0.001137	-0.822906	-0.215517	0.525717	0.288372	-0.955661	0.059618	0.489559	0.200662	0.848568
01784	2.548166	0.631746	10.764663	-0.008830	-0.397272	-0.069577	-0.821140	-0.214022	0.529078	0.287728	-0.955837	0.059905	0.492891	0.201421	0.846456
01785	2.081625	1.126651	10.936082	-0.031791	-0.897701	-0.011659	-0.816754	-0.212113	0.536583	0.287472	-0.955927	0.059691	0.500273	0.203005	0.841734
01786	3.488447	0.944921	10.625631	-0.194589	-1.105131	-0.002504	-0.811164	-0.209813	0.545886	0.286440	-0.956337	0.058068	0.509868	0.203466	0.835845
01787	3.440128	0.332404	11.189759	-0.243821	-1.433133	0.008444	-0.803791	-0.206995	0.557740	0.285251	-0.956816	0.055986	0.522066	0.204097	0.828126
01788	3.243129	0.469995	11.593050	-0.168973	-1.779455	0.013009	-0.794316	-0.203439	0.572429	0.284431	-0.957145	0.054518	0.536806	0.206121	0.818140
01789	3.600859	0.658250	11.422282	-0.134289	-2.173895	-0.069745	-0.782706	-0.198265	0.589969	0.283133	-0.957569	0.053828	0.554263	0.209171	0.805630
01790	3.966412	0.400897	11.222036	-0.183814	-2.533429	-0.258054	-0.769116	-0.190423	0.610082	0.280064	-0.958466	0.053907	0.574478	0.212323	0.790502
01791	5.689837	0.185210	10.903691	-0.320329	-2.811507	-0.446131	-0.753949	-0.180158	0.631747	0.274779	-0.959980	0.054169	0.596705	0.214431	0.773280
01792	5.700678	-0.600831	10.060337	-0.435737	-2.943013	-0.658387	-0.737810	-0.167474	0.653903	0.267187	-0.962070	0.055072	0.619877	0.215347	0.754572
01793	6.682058	-2.013032	10.329341	-0.436122	-2.964246	-0.892866	-0.721500	-0.152498	0.675412	0.257908	-0.964442	0.057750	0.642589	0.215861	0.735176
01794	7.260328	-6.148476	9.907787	-0.086674	-2.834594	-1.128084	-0.705832	-0.135411	0.695316	0.249262	-0.966262	0.064855	0.663076	0.219092	0.715772
01795	5.482326	-6.396723	12.052507	0.656644	-2.428356	-1.324674	-0.692884	-0.117163	0.711466	0.244347	-0.966480	0.078807	0.678385	0.228448	0.698287
01796	3.731109	-2.775600	14.608300	1.301392	-1.717066	-1.561369	-0.684937	-0.098004	0.721981	0.242446	-0.965100	0.099000	0.687082	0.242851	0.684794
01797	8.801387	5.193403	18.370952	0.912354	-0.895184	-1.475907	-0.682397	-0.081534	0.726420	0.238565	-0.964187	0.115887	0.690956	0.252379	0.677410
01798	1.916680	5.439018	15.155801	-0.165640	-0.278930	-1.213714	-0.683280	-0.069088	0.726880	0.229102	-0.965525	0.123589	0.693282	0.250975	0.675552
01799	-0.312094	1.143903	12.121687	-1.007633	-0.001138	-1.089089	-0.685775	-0.058553	0.725455	0.214595	-0.968714	0.124670	0.695458	0.241175	0.676884
01800	0.543220	-2.513938	11.067843	-1.149688	0.198333	-1.046091	-0.689295	-0.048837	0.722833	0.199372	-0.971989	0.124450	0.696508	0.229895	0.679724
01801	1.457819	-3.330894	10.720816	-0.912558	0.477348	-1.028745	-0.694710	-0.039853	0.718185	0.185783	-0.974526	0.125633	0.694883	0.220705	0.684417
01802	1.992309	-1.888542	10.515604	-0.731386	0.806016	-0.942984	-0.701965	-0.032371	0.711475	0.174101	-0.976459	0.127346	0.690604	0.213262	0.691076
01803	2.204176	-0.549702	9.894688	-0.799474	1.087609	-0.791922	-0.710893	-0.026864	0.702787	0.162890	-0.978388	0.127370	0.684177	0.205023	0.699906
01804	2.571176	-0.465452	9.064851	-0.974490	1.311385	-0.616389	-0.720759	-0.023419	0.692790	0.151818	-0.980498	0.124802	0.676357	0.195130	0.710258
01805	2.879155	-0.847667	8.334676	-1.084205	1.494316	-0.470572	-0.731608	-0.021649	0.681382	0.141049	-0.982676	0.120224	0.666975	0.184065	0.721987
01806	3.353579	-0.548842	8.006870	-1.126168	1.646017	-0.374649	-0.742984	-0.020869	0.668984	0.130805	-0.984768	0.114554	0.656404	0.172618	0.734396
01807	3.832484	0.238930	7.793224	-1.189517	1.783935	-0.316789	-0.755113	-0.020789	0.655265	0.120677	-0.986826	0.107758	0.644392	0.160445	0.747674
01808	4.259649	0.951932	7.581119	-1.300621	1.890927	-0.297294	-0.767495	-0.020731	0.640719	0.110086	-0.988892	0.099871	0.631532	0.147185	0.761252
01809	4.592870	1.223857	7.335086	-1.419867	1.966786	-0.281573	-0.780200	-0.020722	0.625187	0.098982	-0.990949	0.090679	0.617649	0.132630	0.775189
01810	5.185892	1.025178	7.232010	-1.475292	1.988646	-0.248849	-0.792550	-0.020714	0.609455	0.087987	-0.992849	0.080677	0.603425	0.117565	0.788705
01811	6.046654	0.755398	7.287281	-1.445952	2.004993	-0.169085	-0.804758	-0.021284	0.593221	0.077986	-0.994486	0.070113	0.588458	0.102687	0.801981
01812	6.671293	0.262480	7.180903	-1.314467	2.024642	-0.018401	-0.816507	-0.023016	0.576876	0.070172	-0.995753	0.059593	0.573055	0.089138	0.814655
01813	7.119019	-0.287608	7.135529	-1.070583	2.034163	0.204630	-0.827970	-0.026807	0.560131	0.065789	-0.996602	0.049552	0.556899	0.077878	0.826921
01814	7.604647	-0.580981	7.133520	-0.763674	2.043295	0.486500	-0.838840	-0.033138	0.543369	0.065624	-0.997022	0.040504	0.540409	0.069634	0.838516
01815	7.886134	-0.459577	7.140695	-0.430165	2.059520	0.777865	-0.849362	-0.042335	0.526110	0.069897	-0.997021	0.032616	0.523162	0.064476	0.849791
01816	7.841533	0.304490	7.033571	-0.166954	2.071727	1.062909	-0.859212	-0.054213	0.508739	0.078089	-0.996616	0.025683	0.505625	0.061794	0.860538
01817	7.618456	0.874824	7.089660	0.016979	2.041878	1.298783	-0.868353	-0.068457	0.491199	0.089389	-0.995811	0.019241	0.487825	0.060616	0.870835
01818	7.945431	2.053042	7.466356	0.146964	2.013090	1.451209	-0.876583	-0.084095	0.473846	0.102726	-0.994618	0.013518	0.470158	0.060526	0.880504
01819	8.385716	3.627389	7.470082	0.174286	1.986388	1.493591	-0.884182	-0.100190	0.456273	0.116678	-0.993137	0.008028	0.452337	0.060335	0.889804
01820	8.692315	4.477137	6.688562	0.124855	1.926754	1.378373	-0.891019	-0.114998	0.439159	0.129438	-0.991583	0.002965	0.435122	0.059486	0.898404
01821	8.675199	4.770557	5.382172	0.093340	1.787838	1.116179	-0.897213	-0.127148	0.422896	0.139816	-0.990177	-0.001074	0.418879	0.058164	0.906177
01822	8.519839	4.629324	4.301196	0.114610	1.543337	0.758073	-0.902468	-0.135516	0.408884	0.147081	-0.989119	-0.003194	0.404868	0.057257	0.912581
01823	8.781222	4.724262	3.721948	0.160295	1.246406	0.368335	-0.906945	-0.139899	0.397339	0.151051	-0.988521	-0.003266	0.393235	0.057056	0.917666
01824	9.660110	4.435706	3.749373	0.153137	0.966397	0.013848	-0.910668	-0.140563	0.388492	0.151744	-0.988418	-0.001922	0.384263	0.057201	0.921450
01825	10.336398	3.416547	3.523473	0.136569	0.720239	-0.301501	-0.913908	-0.138014	0.381739	0.149509	-0.988760	0.000458	0.377385	0.057492	0.924270
01826	10.296981	1.804078	3.059574	0.118691	0.453228	-0.497359	-0.916329	-0.133332	0.377576	0.145375	-0.989371	0.003434	0.373105	0.058037	0.925972
01827	10.898635	0.844551	3.188503	0.063738	0.150752	-0.497630	-0.917637	-0.128505	0.376071	0.141040	-0.989986	0.005864	0.371552	0.058422	0.926572
01828	11.753631	0.310215	3.691458	-0.077376	-0.083312	-0.289123	-0.917717	-0.125569	0.376865	0.138071	-0.990403	0.006226	0.372467	0.057748	0.926247
01829	6.910935	-16.183826	-0.429542	0.946704	-0.631756	0.120985	-0.915205	-0.126375	0.382661	0.142714	-0.989658	0.014490	0.376873	0.067872	0.923775
01830	2.551530	6.242689	9.477959	1.953205	-0.936731	-0.198600	-0.911923	-0.123653	0.391287	0.148288	-0.988385	0.033252	0.382631	0.088347	0.919668
01831	2.918454	5.483439	14.326663	1.013422	-1.030608	0.402014	-0.907350	-0.126661	0.400839	0.155844	-0.986934	0.040911	0.390420	0.099589	0.915235
01832	2.897087	6.016238	11.131110	0.632650	-0.955294	0.707422	-0.902437	-0.132624	0.409901	0.164712	-0.985368	0.043812	0.398093	0.107053	0.911077
01833	-0.108257	6.788695	8.569195	0.487605	-1.090559	0.516333	-0.897206	-0.136510	0.419985	0.171303	-0.984141	0.046071	0.407035	0.113280	0.906361
01834	2.820533	8.766215	8.879041	0.257990	-1.384146	0.154215	-0.891209	-0.136402	0.432599	0.173719	-0.983638	0.047736	0.419009	0.117693	0.900322
01835	9.099973	7.349613	10.625035	-0.010932	-1.608920	-0.086354	-0.884534	-0.133639	0.446923	0.172891	-0.983770	0.048011	0.433254	0.119736	0.893283
01836	8.284760	2.603221	11.102766	-0.327450	-1.348686	0.000146	-0.878591	-0.132008	0.458968	0.171424	-0.984165	0.045087	0.445749	0.118291	0.887308
01837	16.092241	-9.091736	15.329264	0.263327	-1.554360	-0.354972	-0.872196	-0.126631	0.472482	0.169492	-0.984309	0.049073	0.458854	0.122883	0.879973
01838	10.606558	3.088012	13.403600	-0.156896	0.086658	0.022947	-0.872538	-0.126935	0.471767	0.168943	-0.984477	0.047577	0.458405	0.121214	0.880438
01839	2.619422	0.596852	6.649775	-0.050896	-0.463383	0.006599	-0.870417	-0.126430	0.475805	0.168748	-0.984534	0.047093	0.462492	0.121281	0.878289
01840	8.835945	4.240466	11.630528	-0.130483	-0.329643	0.055775	-0.868777	-0.126553	0.478760	0.168599	-0.984626	0.045675	0.465619	0.120399	0.876757
01841	2.881415	-0.687973	8.223357	-0.062278	-0.162771	0.043711	-0.867967	-0.126777	0.480169	0.168669	-0.984649	0.044920	0.467102	0.119978	0.876025
01842	6.808818	1.479443	9.851756	-0.066563	-0.205461	0.074083	-0.866863	-0.127233	0.482037	0.168971	-0.984640	0.043974	0.469038	0.119570	0.875047
01843	4.235337	0.606931	9.079107	-0.037312	-0.130608	0.065888	-0.866161	-0.127714	0.483171	0.169349	-0.984603	0.043329	0.470198	0.119355	0.874453
01844	5.453099	-0.087872	8.979327	-0.020761	-0.111638	0.066410	-0.865506	-0.128208	0.484212	0.169797	-0.984548	0.042820	0.471240	0.119279	0.873902
01845	4.966544	0.636452	9.052904	-0.017301	-0.095153	0.049393	-0.864996	-0.128570	0.485028	0.170125	-0.984509	0.042429	0.472059	0.119217	0.873469
01846	4.793750	0.294731	9.013193	-0.006860	-0.068260	0.036786	-0.864594	-0.128823	0.485676	0.170382	-0.984475	0.042184	0.472702	0.119223	0.873120
01847	4.817211	0.247201	9.058475	0.004656	-0.069504	0.024008	-0.864247	-0.128966	0.486257	0.170593	-0.984441	0.042108	0.473261	0.119344	0.872801
01848	4.895335	0.303462	9.058574	0.012852	-0.070379	0.016516	-0.863869	-0.129017	0.486915	0.170768	-0.984410	0.042133	0.473888	0.119547	0.872433
01849	4.793941	0.072776	9.045466	0.027718	-0.069098	0.001214	-0.863561	-0.128935	0.487482	0.170891	-0.984379	0.042369	0.474404	0.119894	0.872104
01850	4.728427	0.029474	9.071854	0.056076	-0.077981	-0.011383	-0.863193	-0.128702	0.488194	0.171030	-0.984331	0.042907	0.475022	0.120533	0.871680
01851	4.950821	0.423054	8.964541	0.071888	-0.078692	-0.022668	-0.862880	-0.128373	0.488834	0.171158	-0.984277	0.043642	0.475545	0.121326	0.871285
01852	5.004351	0.977694	9.043531	0.066712	-0.062335	-0.018281	-0.862598	-0.128090	0.489406	0.171288	-0.984224	0.044306	0.476010	0.122048	0.870930
01853	4.932569	1.099496	9.079093	0.043769	-0.045844	-0.007169	-0.862413	-0.127953	0.489766	0.171417	-0.984183	0.044722	0.476298	0.122523	0.870706
01854	4.885082	1.090525	9.133065	0.017538	-0.039739	0.011125	-0.862188	-0.127986	0.490154	0.171567	-0.984153	0.044814	0.476651	0.122732	0.870483
01855	4.916354	0.984427	9.070891	-0.009971	-0.040231	0.028556	-0.861969	-0.128206	0.490482	0.171747	-0.984131	0.044588	0.476982	0.122672	0.870310
01856	4.942489	0.753172	9.042686	-0.031923	-0.034859	0.039306	-0.861718	-0.128522	0.490839	0.171905	-0.984126	0.044111	0.477378	0.122388	0.870133
01857	4.947445	0.485005	8.988402	-0.031107	-0.033477	0.042229	-0.861507	-0.128885	0.491115	0.172102	-0.984112	0.043634	0.477688	0.122113	0.870001
01858	4.888784	0.450818	9.030370	-0.033413	-0.030238	0.032674	-0.861290	-0.129142	0.491428	0.172195	-0.984116	0.043177	0.478047	0.121809	0.869847
01859	4.791582	0.446153	9.064058	-0.018116	-0.037774	0.029728	-0.861079	-0.129377	0.491736	0.172346	-0.984103	0.042875	0.478372	0.121667	0.869688
01860	4.725780	0.419474	9.014552	0.002745	-0.050228	0.021959	-0.860784	-0.129504	0.492219	0.172519	-0.984077	0.042785	0.478840	0.121745	0.869420
01861	4.676654	0.536392	8.943804	0.047321	-0.067041	0.004082	-0.860477	-0.129451	0.492769	0.172763	-0.984017	0.043178	0.479304	0.122286	0.869088
01862	4.820092	0.414896	8.868162	0.088581	-0.097201	-0.009443	-0.860011	-0.129211	0.493646	0.173077	-0.983925	0.043988	0.480027	0.123269	0.868550
01863	4.951173	0.510920	8.875686	0.111836	-0.094428	-0.025705	-0.859623	-0.128829	0.494421	0.173375	-0.983823	0.045088	0.480614	0.124479	0.868053
01864	5.121560	0.647396	8.979716	0.094097	-0.083536	-0.020839	-0.859240	-0.128492	0.495172	0.173620	-0.983738	0.046001	0.481209	0.125498	0.867576
01865	4.967957	0.657232	9.010315	0.071035	-0.062018	-0.017059	-0.858992	-0.128234	0.495669	0.173797	-0.983673	0.046704	0.481588	0.126264	0.867255
01866	4.820933	0.583228	9.010930	0.058724	-0.063454	-0.016229	-0.858698	-0.127966	0.496248	0.173911	-0.983625	0.047287	0.482071	0.126909	0.866892
01867	4.120151	0.403216	9.236677	0.066380	-0.091029	-0.006500	-0.858291	-0.127774	0.497001	0.174157	-0.983552	0.047898	0.482706	0.127666	0.866427
01868	4.496632	0.247925	9.115895	0.110580	-0.169967	-0.004443	-0.857461	-0.127484	0.498507	0.174625	-0.983422	0.048871	0.484012	0.128957	0.865507
01869	5.187519	0.401173	8.870203	0.136606	-0.168246	-0.016157	-0.856695	-0.127095	0.499920	0.175130	-0.983268	0.050136	0.485183	0.130502	0.864619
01870	5.178562	0.642098	8.887022	0.135254	-0.128832	-0.021848	-0.856091	-0.126684	0.501059	0.175570	-0.983124	0.051408	0.486090	0.131981	0.863885
01871	5.114269	0.812019	8.907377	0.125310	-0.102889	-0.022309	-0.855651	-0.126315	0.501902	0.175970	-0.982989	0.052605	0.486719	0.133331	0.863323
01872	5.160389	1.049321	8.926392	0.107741	-0.090794	-0.019783	-0.855227	-0.125971	0.502711	0.176297	-0.982875	0.053628	0.487347	0.134490	0.862789
01873	5.097293	0.757929	8.936148	0.095309	-0.076712	-0.012842	-0.854896	-0.125729	0.503333	0.176633	-0.982766	0.054518	0.487804	0.135512	0.862371
01874	5.086522	0.839784	8.982206	0.070533	-0.077747	-0.005827	-0.854510	-0.125538	0.504036	0.176898	-0.982683	0.055150	0.488384	0.136289	0.861920
01875	4.869250	0.708448	8.982944	0.061465	-0.076444	0.004002	-0.854151	-0.125459	0.504665	0.177214	-0.982597	0.055663	0.488899	0.136978	0.861519
01876	4.891951	0.577662	9.017727	0.059938	-0.091690	0.006338	-0.853674	-0.125368	0.505494	0.177532	-0.982512	0.056142	0.489616	0.137668	0.861002
01877	4.848056	0.493256	8.949186	0.069929	-0.106975	0.004800	-0.853162	-0.125254	0.506385	0.177897	-0.982413	0.056723	0.490374	0.138478	0.860440
01878	4.981691	0.617394	8.908059	0.079018	-0.112874	-0.001568	-0.852594	-0.125053	0.507391	0.178242	-0.982311	0.057405	0.491237	0.139382	0.859802
01879	5.083517	0.688363	8.828515	0.085113	-0.109760	-0.005807	-0.852086	-0.124829	0.508298	0.178592	-0.982202	0.058170	0.491990	0.140344	0.859214
01880	5.094053	0.715818	8.888514	0.091015	-0.112299	-0.004088	-0.851523	-0.124603	0.509296	0.178976	-0.982085	0.058967	0.492825	0.141364	0.858569
01881	4.885398	0.758501	8.874954	0.083060	-0.104154	-0.008780	-0.851046	-0.124355	0.510153	0.179292	-0.981981	0.059729	0.493533	0.142299	0.858007
01882	4.810243	0.589627	8.957862	0.085406	-0.131566	-0.002129	-0.850383	-0.124118	0.511316	0.179667	-0.981867	0.060467	0.494539	0.143287	0.857263
01883	4.954586	0.651701	8.950340	0.081834	-0.154947	-0.003545	-0.849643	-0.123847	0.512609	0.180022	-0.981757	0.061191	0.495679	0.144272	0.856439
01884	4.887707	0.330961	8.914746	0.095312	-0.169646	-0.012946	-0.848807	-0.123446	0.514089	0.180356	-0.981641	0.062068	0.496989	0.145403	0.855488
01885	4.810781	0.532531	8.994644	0.114753	-0.179411	-0.021425	-0.847975	-0.122960	0.515577	0.180726	-0.981503	0.063164	0.498274	0.146740	0.854512
01886	5.251227	0.986007	8.933851	0.103054	-0.200315	-0.021515	-0.846997	-0.122425	0.517309	0.181029	-0.981383	0.064150	0.499825	0.147983	0.853391
01887	4.978228	0.891469	9.086270	0.085258	-0.201280	-0.012106	-0.846033	-0.121994	0.518986	0.181334	-0.981275	0.064944	0.501345	0.149055	0.852312
01888	5.238112	1.225630	9.060507	0.061875	-0.230468	0.006512	-0.844846	-0.121684	0.520988	0.181671	-0.981180	0.065432	0.503221	0.149928	0.851052
01889	5.239572	0.948537	9.042862	0.029437	-0.233012	0.008654	-0.843677	-0.121406	0.522943	0.181873	-0.981129	0.065643	0.505105	0.150491	0.849836
01890	4.951283	0.799350	9.283298	-0.003238	-0.237255	-0.009712	-0.842476	-0.120924	0.524987	0.181745	-0.981151	0.065661	0.507151	0.150732	0.848574
01891	4.754641	0.254935	9.153401	-0.000425	-0.279713	-0.023169	-0.841119	-0.120261	0.527310	0.181529	-0.981183	0.065786	0.509476	0.151056	0.847122
01892	4.131294	0.989648	9.607216	-0.003327	-0.350164	-0.031439	-0.839369	-0.119394	0.530288	0.181218	-0.981231	0.065919	0.512465	0.151428	0.845251
01893	4.837903	1.462789	9.166043	-0.037206	-0.581959	0.010874	-0.836376	-0.118605	0.535171	0.181099	-0.981278	0.065554	0.517376	0.151746	0.842197
01894	4.847784	1.088250	9.088739	-0.090168	-0.589496	0.038860	-0.833223	-0.118064	0.540186	0.180925	-0.981374	0.064582	0.522500	0.151544	0.839064
01895	4.897465	1.261341	9.184299	-0.117508	-0.677635	0.070274	-0.829560	-0.117714	0.545870	0.180874	-0.981472	0.063225	0.528313	0.151182	0.835481
01896	4.904787	0.951764	9.151117	-0.152154	-0.770553	0.104968	-0.825254	-0.117553	0.552391	0.180904	-0.981584	0.061376	0.535004	0.150580	0.831322
01897	4.879349	0.727942	9.215393	-0.188781	-0.868017	0.120412	-0.820387	-0.117418	0.559624	0.180859	-0.981729	0.059151	0.542453	0.149740	0.826633
01898	4.706545	0.484238	9.454582	-0.197690	-0.992924	0.112089	-0.814736	-0.117007	0.567904	0.180666	-0.981898	0.056886	0.550967	0.148948	0.821127
01899	4.574802	0.409140	9.512672	-0.169771	-1.158818	0.102401	-0.808139	-0.116275	0.577401	0.180536	-0.982034	0.054922	0.560642	0.148626	0.814611
01900	4.789542	0.653417	9.512878	-0.174981	-1.343323	0.100139	-0.800331	-0.115234	0.588380	0.180321	-0.982183	0.052916	0.571799	0.148447	0.806851
01901	4.679314	0.350041	9.572554	-0.160101	-1.561295	0.081986	-0.791188	-0.113708	0.600909	0.180031	-0.982330	0.051155	0.584475	0.148655	0.797679
01902	4.453281	0.190564	9.657676	-0.163969	-1.821634	0.044333	-0.780306	-0.111403	0.615395	0.179379	-0.982530	0.049584	0.599121	0.149080	0.786657
01903	4.451562	0.176402	9.778761	-0.146163	-2.127891	0.005081	-0.767406	-0.108260	0.631956	0.178515	-0.982745	0.048423	0.615809	0.149973	0.773490
01904	4.441907	0.411764	9.425108	-0.160940	-2.473974	-0.033206	-0.751969	-0.104182	0.650913	0.177226	-0.983028	0.047403	0.634927	0.151004	0.757671
01905	4.229957	0.471936	9.524526	-0.095980	-2.877225	-0.041143	-0.733504	-0.099394	0.672378	0.176286	-0.983218	0.046968	0.656426	0.152982	0.738716
01906	3.827173	0.255700	9.561796	0.044549	-3.321745	-0.123214	-0.711491	-0.093011	0.696512	0.175663	-0.983273	0.048137	0.680384	0.156600	0.715929
01907	4.055881	-0.414229	9.855816	0.138694	-3.765500	-0.282282	-0.685922	-0.084241	0.722783	0.174638	-0.983304	0.051128	0.706408	0.161295	0.689182
01908	5.929773	-0.879567	11.232395	0.201250	-4.115123	-0.454872	-0.657050	-0.072992	0.750305	0.173003	-0.983337	0.055838	0.733727	0.166494	0.658729
01909	7.608364	-1.085454	11.862616	0.220193	-4.336143	-0.737300	-0.625959	-0.058406	0.777666	0.169905	-0.983451	0.062898	0.761123	0.171500	0.625524
01910	9.439219	-0.556008	12.515542	0.139973	-4.376721	-0.919419	-0.593573	-0.041747	0.803696	0.165352	-0.983674	0.071026	0.787610	0.175052	0.590785
01911	10.215568	-0.685600	11.800409	-0.044201	-4.456438	-1.037044	-0.559648	-0.023716	0.828391	0.159003	-0.984093	0.079246	0.813334	0.176066	0.554516
01912	11.051212	-1.566123	11.508978	-0.129879	-4.484190	-1.144930	-0.524366	-0.004533	0.851481	0.151695	-0.984486	0.088176	0.837872	0.175402	0.516919
01913	11.106189	-3.265579	10.671681	0.039841	-4.475525	-1.257374	-0.488306	0.015696	0.872531	0.145649	-0.984349	0.099219	0.860432	0.175533	0.478378
01914	10.842471	-3.340459	10.834525	0.477684	-4.281616	-1.394985	-0.453023	0.037044	0.890729	0.143211	-0.983136	0.113725	0.879921	0.179082	0.440078
01915	8.778389	-2.932088	10.095466	1.015588	-3.975522	-1.513108	-0.419998	0.059168	0.905594	0.145604	-0.980552	0.131594	0.895768	0.187127	0.403215
01916	4.142714	-3.727207	8.481694	1.633541	-3.892490	-1.684561	-0.387350	0.083224	0.918169	0.153519	-0.976190	0.153249	0.909061	0.200317	0.365351
01917	-1.716921	-0.395336	9.234153	2.079126	-3.820954	-1.970535	-0.355649	0.110347	0.928083	0.165188	-0.969951	0.178626	0.919906	0.216836	0.326734
01918	14.443327	7.242064	17.052461	1.477291	-3.388549	-2.085884	-0.327796	0.138071	0.934605	0.171692	-0.964084	0.202644	0.929016	0.226890	0.292317
01919	12.929152	5.349930	21.469029	0.271391	-1.287376	-1.723142	-0.318877	0.157555	0.934609	0.168613	-0.960927	0.219521	0.932677	0.227588	0.279852
01920	4.307320	-0.398957	16.626735	-0.503561	-0.068546	-1.424313	-0.320537	0.171419	0.931596	0.159334	-0.959718	0.231416	0.933739	0.222613	0.280312
01921	0.205778	-4.626370	11.631532	-0.651241	0.683506	-1.034252	-0.328682	0.179802	0.927168	0.149861	-0.959344	0.239168	0.932475	0.217556	0.288373
01922	-0.977934	-6.075473	8.867626	-0.400391	1.006196	-0.579978	-0.338866	0.183218	0.922822	0.144171	-0.959158	0.243373	0.929723	0.215515	0.298612
01923	0.142077	-5.110684	8.522077	-0.143175	1.214131	-0.160109	-0.350544	0.182077	0.918676	0.142247	-0.959188	0.244385	0.925680	0.216347	0.310338
01924	2.115161	-2.864805	9.706865	-0.041676	1.537960	0.236138	-0.364367	0.176498	0.914377	0.142680	-0.959702	0.242103	0.920260	0.218678	0.324501
01925	3.698952	-0.239510	10.644926	-0.155247	1.995359	0.553008	-0.382065	0.166736	0.908970	0.143276	-0.961009	0.236504	0.912961	0.220594	0.343278
01926	4.217850	1.983988	10.214301	-0.444145	2.521571	0.706319	-0.403927	0.154412	0.901665	0.141990	-0.963123	0.228545	0.903704	0.220343	0.367106
01927	3.703898	3.315068	8.835153	-0.818272	2.954280	0.685639	-0.429713	0.141266	0.891847	0.137457	-0.965941	0.219233	0.892442	0.216798	0.395660
01928	3.256105	3.722370	7.120590	-1.149280	3.182804	0.547639	-0.457154	0.129206	0.879952	0.129673	-0.969136	0.209669	0.879884	0.209957	0.426290
01929	3.211395	3.610032	5.991553	-1.368587	3.231184	0.339406	-0.485161	0.119203	0.866262	0.119285	-0.972381	0.200613	0.866251	0.200661	0.457542
01930	3.817349	2.796546	5.510549	-1.458934	3.195591	0.124948	-0.512441	0.111772	0.851417	0.107344	-0.975378	0.192653	0.851987	0.190118	0.487826
01931	4.754324	1.969779	5.761854	-1.358107	3.143159	-0.052632	-0.539249	0.106395	0.835398	0.095567	-0.977848	0.186225	0.836706	0.180258	0.517136
01932	6.177528	1.905935	6.550344	-1.180771	3.162329	-0.156926	-0.565560	0.102391	0.818326	0.084887	-0.979765	0.181257	0.820327	0.171977	0.545424
01933	7.397506	2.436579	7.272208	-1.067001	3.282566	-0.186912	-0.592545	0.098626	0.799477	0.075118	-0.981387	0.176742	0.802027	0.164783	0.574108
01934	7.887024	2.518855	7.255688	-1.080014	3.445389	-0.140613	-0.619902	0.094484	0.778970	0.065682	-0.982992	0.171500	0.781926	0.157477	0.603152
01935	7.686820	1.622297	6.781235	-1.102904	3.547200	-0.023775	-0.647462	0.089198	0.756860	0.057001	-0.984677	0.164808	0.759963	0.149849	0.632457
01936	7.417040	0.473449	6.599076	-1.032414	3.574395	0.146927	-0.674107	0.082549	0.734006	0.050214	-0.986315	0.157040	0.736924	0.142720	0.660737
01937	7.878717	0.089631	7.126627	-0.875933	3.559999	0.336527	-0.699934	0.074182	0.710345	0.046154	-0.987814	0.148636	0.712715	0.136821	0.687981
01938	8.803834	0.467476	7.963989	-0.756979	3.602699	0.547050	-0.724880	0.063962	0.685899	0.044722	-0.989210	0.139510	0.687422	0.131803	0.714198
01939	10.153833	1.004643	8.737343	-0.718009	3.697730	0.784264	-0.749612	0.051348	0.659882	0.045648	-0.990602	0.128937	0.660301	0.126775	0.740223
01940	11.383439	1.515045	9.008571	-0.722705	3.837894	1.059538	-0.773875	0.036111	0.632308	0.049022	-0.991963	0.116647	0.631438	0.121267	0.765885
01941	12.029096	1.621134	8.566192	-0.717306	3.976227	1.336615	-0.797819	0.018075	0.602626	0.055097	-0.993182	0.102733	0.600374	0.115165	0.791384
01942	12.002364	1.410370	7.891389	-0.579973	4.035929	1.562784	-0.820445	-0.001966	0.571722	0.064325	-0.993962	0.088892	0.568095	0.109707	0.815618
01943	12.636347	2.476952	7.634855	-0.334096	3.988643	1.702919	-0.841370	-0.023255	0.539958	0.076629	-0.994114	0.076591	0.534999	0.105818	0.838200
01944	14.306344	4.498810	7.302399	-0.154182	3.920486	1.689664	-0.860267	-0.044117	0.507931	0.090179	-0.993708	0.066423	0.501805	0.102946	0.858833
01945	15.435701	6.099620	6.122335	-0.122968	3.831420	1.454886	-0.877556	-0.062502	0.475384	0.102224	-0.993061	0.058141	0.468451	0.099618	0.877855
01946	14.754707	6.466029	4.249133	-0.198840	3.582565	1.013621	-0.892682	-0.076029	0.444227	0.110268	-0.992556	0.051710	0.436989	0.095145	0.894421
01947	13.103128	5.670526	2.916626	-0.321646	3.076242	0.478365	-0.905243	-0.083652	0.416578	0.113207	-0.992473	0.046708	0.409535	0.089441	0.907899
01948	9.893055	-5.532297	-6.069065	0.351884	0.721376	0.648810	-0.907400	-0.090717	0.410361	0.120487	-0.991591	0.047216	0.402627	0.092287	0.910700
01949	21.370300	1.647537	-7.971236	0.872624	-0.127208	0.592982	-0.906206	-0.096498	0.411679	0.129373	-0.990196	0.052679	0.402559	0.100999	0.909805
01950	27.242585	3.294473	-6.636278	0.879045	-0.660036	1.225877	-0.901843	-0.107899	0.418374	0.143987	-0.988018	0.055566	0.407366	0.110353	0.906573
01951	24.747628	1.057446	-6.874077	0.451254	-0.866125	1.737545	-0.895667	-0.124077	0.427067	0.161445	-0.985497	0.052271	0.414388	0.115765	0.902708
01952	23.046202	-2.786224	-8.505168	1.011835	-1.238198	2.141787	-0.886756	-0.143609	0.439364	0.184745	-0.981405	0.052088	0.423714	0.127360	0.896798
01953	9.370504	12.062448	3.422777	1.005124	-1.478314	1.780710	-0.876955	-0.159075	0.453482	0.204742	-0.977375	0.053086	0.434777	0.139401	0.889683
01954	9.970058	20.611964	14.188645	0.428781	-1.273631	0.059652	-0.871215	-0.157814	0.464844	0.207121	-0.976676	0.056607	0.445069	0.145596	0.883581
01955	13.738568	23.769374	19.291401	-0.444193	-1.020521	-0.483296	-0.867620	-0.151601	0.473553	0.200901	-0.978068	0.054968	0.454834	0.142829	0.879048
01956	9.942935	-3.140619	11.703953	-0.342172	-0.236910	0.037413	-0.866449	-0.151604	0.475691	0.199636	-0.978501	0.051778	0.457615	0.139828	0.878087
01957	-0.241288	-13.452414	7.124796	-0.004934	-0.632692	-0.046845	-0.863639	-0.150230	0.481205	0.199191	-0.978581	0.051990	0.463087	0.140752	0.875065
01958	13.953837	3.367780	11.513398	0.220694	-0.604043	-0.117600	-0.861046	-0.148191	0.486455	0.199175	-0.978448	0.054480	0.467898	0.143800	0.872005
01959	2.741355	3.744499	7.668235	-0.040744	-0.010589	0.035444	-0.860933	-0.148498	0.486562	0.199270	-0.978457	0.053969	0.468066	0.143421	0.871977
01960	7.371329	-2.429283	9.548727	-0.026830	-0.148474	0.043545	-0.860134	-0.148683	0.487916	0.199491	-0.978437	0.053517	0.469438	0.143366	0.871248
01961	3.829970	1.700308	9.634827	0.020483	-0.090201	-0.037051	-0.859791	-0.148166	0.488678	0.199249	-0.978466	0.053894	0.470170	0.143706	0.870798
01962	4.732189	1.952906	9.178526	0.023304	-0.125940	0.041030	-0.859100	-0.148358	0.489833	0.199682	-0.978378	0.053889	0.471247	0.144107	0.870149
01963	5.565351	0.857258	8.890902	0.013859	-0.109746	0.055176	-0.858480	-0.148714	0.490812	0.200202	-0.978279	0.053760	0.472156	0.144413	0.869605
