// General information: 
//  MT Manager version: 2022.2.0 
//  XDA version: 2022.2.0 build 7381 rev 124627 built on 2023-07-19
// Device information: 
//  DeviceId: 00B4CAF0
//  ProductCode: MTW2-3A7G6
//  Firmware Version: 4.6.0
//  Hardware Version: 2.0.0
// Device settings: 
//  Filter Profile: human(46.1)
//  Option Flags: Orientation Smoother Disabled, Position/Velocity Smoother Disabled, Continuous Zero Rotation Update Disabled, AHS Disabled, ICC Disabled
// Coordinate system: ENU
PacketCounter	Acc_X	Acc_Y	Acc_Z	Gyr_X	Gyr_Y	Gyr_Z	Mat[1][1]	Mat[2][1]	Mat[3][1]	Mat[1][2]	Mat[2][2]	Mat[3][2]	Mat[1][3]	Mat[2][3]	Mat[3][3]
45663	6.449842	0.728997	7.834001	-0.006710	0.003742	0.021663	-0.692164	-0.352940	0.629557	0.510227	-0.856222	0.080954	0.510469	0.377250	0.772725
45664	6.331546	0.773524	7.835654	-0.004892	0.004766	0.018540	-0.692076	-0.353085	0.629572	0.510316	-0.856182	0.080805	0.510498	0.377204	0.772729
45665	6.285636	0.769373	7.865097	-0.009815	-0.002815	0.021940	-0.691873	-0.353167	0.629750	0.510289	-0.856232	0.080448	0.510801	0.377014	0.772621
45666	6.169520	0.867342	7.892346	-0.004621	-0.013026	0.024791	-0.691663	-0.353298	0.629907	0.510423	-0.856170	0.080261	0.510952	0.377033	0.772512
45667	6.169528	1.014526	7.879767	-0.020234	-0.025833	0.036254	-0.691313	-0.353537	0.630157	0.510550	-0.856139	0.079778	0.511298	0.376878	0.772358
45668	6.245856	0.926014	7.863763	-0.035244	-0.048242	0.050680	-0.690790	-0.353757	0.630607	0.510706	-0.856101	0.079191	0.511849	0.376759	0.772052
45669	6.161716	0.818424	7.957210	-0.046712	-0.062259	0.060191	-0.690161	-0.354014	0.631151	0.510860	-0.856077	0.078448	0.512542	0.376572	0.771683
45670	6.642280	0.608617	7.889622	-0.048001	-0.067811	0.057308	-0.689503	-0.354218	0.631756	0.510995	-0.856063	0.077721	0.513292	0.376413	0.771262
45671	6.829189	0.353750	7.727071	-0.032193	-0.036638	0.041403	-0.689079	-0.354402	0.632115	0.511066	-0.856072	0.077155	0.513792	0.376219	0.771024
45672	6.735749	0.273754	7.773513	-0.001678	-0.009955	0.014563	-0.688936	-0.354457	0.632240	0.511144	-0.856034	0.077055	0.513906	0.376252	0.770931
45673	6.389940	0.444193	7.853377	0.037303	0.001604	-0.002144	-0.688935	-0.354353	0.632300	0.511242	-0.855950	0.077343	0.513810	0.376542	0.770853
45674	6.024445	0.847997	7.939393	0.043264	-0.015998	-0.013407	-0.688903	-0.354146	0.632450	0.511358	-0.855842	0.077766	0.513737	0.376981	0.770688
45675	6.223680	0.698255	7.969941	0.047501	-0.040990	-0.022910	-0.688796	-0.353665	0.632836	0.511342	-0.855804	0.078286	0.513896	0.377519	0.770318
45676	6.631071	0.603693	7.900931	0.050570	-0.048068	-0.031943	-0.688694	-0.353178	0.633218	0.511368	-0.855734	0.078883	0.514006	0.378134	0.769943
45677	6.584140	0.899233	7.740861	0.055377	-0.031604	-0.030131	-0.688685	-0.352742	0.633472	0.511401	-0.855656	0.079511	0.513987	0.378716	0.769670
45678	6.572477	0.907931	7.778731	0.046276	-0.019277	-0.025011	-0.688696	-0.352423	0.633637	0.511452	-0.855577	0.080030	0.513921	0.379191	0.769480
45679	6.733696	0.716441	7.831112	0.047137	0.000587	-0.021637	-0.688788	-0.352233	0.633642	0.511513	-0.855499	0.080470	0.513737	0.379543	0.769430
45680	6.691816	0.810468	7.856471	0.046197	0.033070	-0.023098	-0.689059	-0.352128	0.633406	0.511577	-0.855413	0.080977	0.513310	0.379834	0.769571
45681	6.444527	1.002517	7.897065	0.045562	0.045202	-0.022210	-0.689442	-0.352110	0.632999	0.511685	-0.855294	0.081548	0.512686	0.380119	0.769846
45682	6.379600	0.865042	7.874869	0.035246	0.046914	-0.010999	-0.689722	-0.352162	0.632665	0.511776	-0.855207	0.081894	0.512220	0.380267	0.770083
45683	6.324143	0.889830	7.857858	0.032967	0.031680	-0.001704	-0.689884	-0.352230	0.632451	0.511888	-0.855117	0.082134	0.511889	0.380407	0.770234
45684	6.363887	0.856594	7.861056	0.019179	0.019917	0.006676	-0.689935	-0.352330	0.632339	0.512018	-0.855028	0.082245	0.511691	0.380513	0.770313
45685	6.378436	0.792896	7.901866	0.013598	0.010852	0.018956	-0.689879	-0.352524	0.632293	0.512195	-0.854927	0.082194	0.511590	0.380561	0.770357
45686	6.410466	0.877628	7.817128	0.012814	0.002079	0.020445	-0.689767	-0.352674	0.632331	0.512387	-0.854814	0.082168	0.511547	0.380675	0.770329
45687	6.467407	0.689120	7.790979	0.010779	0.000132	0.017533	-0.689664	-0.352773	0.632389	0.512511	-0.854745	0.082117	0.511562	0.380740	0.770286
45688	6.433544	0.551033	7.849980	0.027638	0.006073	0.010417	-0.689624	-0.352852	0.632387	0.512710	-0.854611	0.082269	0.511416	0.380966	0.770271
45689	6.441684	0.716599	7.855788	0.034611	0.014307	-0.000377	-0.689698	-0.352835	0.632316	0.512835	-0.854509	0.082555	0.511192	0.381211	0.770299
45690	6.480490	0.666387	7.873644	0.046418	0.005385	-0.011449	-0.689768	-0.352725	0.632302	0.512978	-0.854380	0.082989	0.510954	0.381601	0.770264
45691	6.432852	0.704180	7.945128	0.048571	0.014590	-0.017871	-0.689927	-0.352628	0.632182	0.513087	-0.854271	0.083445	0.510630	0.381935	0.770314
45692	6.442146	0.722593	7.963120	0.047440	0.013787	-0.017213	-0.690069	-0.352502	0.632098	0.513196	-0.854159	0.083924	0.510329	0.382303	0.770330
45693	6.498286	0.707562	7.909956	0.038294	0.012487	-0.020814	-0.690253	-0.352386	0.631961	0.513255	-0.854080	0.084357	0.510019	0.382585	0.770396
45694	6.425326	0.849490	7.950101	0.038942	0.015250	-0.019410	-0.690414	-0.352246	0.631863	0.513305	-0.854008	0.084784	0.509751	0.382875	0.770429
45695	6.391126	1.051533	7.953661	0.022276	0.011513	-0.012656	-0.690503	-0.352184	0.631800	0.513293	-0.854000	0.084941	0.509643	0.382950	0.770463
45696	6.396669	1.108952	7.906984	0.007251	0.005346	-0.002236	-0.690525	-0.352153	0.631794	0.513300	-0.853988	0.085015	0.509606	0.383005	0.770460
45697	6.433674	0.947514	7.872854	-0.005959	0.000192	0.005057	-0.690501	-0.352162	0.631816	0.513273	-0.854012	0.084937	0.509667	0.382943	0.770451
45698	6.437999	0.983735	7.841494	-0.006388	-0.001640	0.009680	-0.690425	-0.352206	0.631873	0.513293	-0.854011	0.084832	0.509748	0.382906	0.770415
45699	6.396225	0.848679	7.867625	-0.015063	-0.003616	0.014288	-0.690351	-0.352329	0.631886	0.513332	-0.854005	0.084649	0.509809	0.382805	0.770425
45700	6.358375	0.954382	7.875734	-0.011568	-0.007590	0.010949	-0.690239	-0.352362	0.631990	0.513335	-0.854019	0.084496	0.509958	0.382744	0.770357
45701	6.428062	0.911051	7.797228	-0.014911	-0.013782	0.015500	-0.690092	-0.352383	0.632138	0.513319	-0.854048	0.084294	0.510173	0.382659	0.770257
45702	6.433496	0.866834	7.860898	-0.009185	-0.013616	0.014688	-0.689930	-0.352425	0.632292	0.513359	-0.854040	0.084135	0.510351	0.382640	0.770148
45703	6.395067	0.918908	7.842493	-0.009185	-0.013618	0.014686	-0.689775	-0.352473	0.632435	0.513379	-0.854047	0.083941	0.510542	0.382579	0.770052
45704	6.418254	0.908842	7.834791	-0.011452	-0.015209	0.016024	-0.689598	-0.352520	0.632602	0.513417	-0.854042	0.083756	0.510743	0.382546	0.769935
45705	6.388257	0.787348	7.877175	-0.005149	-0.023375	0.011800	-0.689437	-0.352507	0.632784	0.513464	-0.854021	0.083682	0.510913	0.382605	0.769793
45706	6.405833	0.801401	7.820038	-0.008097	-0.025186	0.015594	-0.689211	-0.352512	0.633027	0.513515	-0.854005	0.083525	0.511165	0.382636	0.769610
45707	6.478223	0.325513	7.835038	-0.002454	-0.019952	0.005835	-0.689081	-0.352338	0.633265	0.513441	-0.854051	0.083516	0.511415	0.382694	0.769415
45708	6.286471	0.642094	7.878113	0.026373	-0.018220	-0.008877	-0.689017	-0.352160	0.633435	0.513500	-0.853990	0.083780	0.511443	0.382994	0.769247
45709	6.363193	0.500216	7.943050	0.018456	-0.026369	-0.024746	-0.689003	-0.351784	0.633659	0.513367	-0.854041	0.084073	0.511595	0.383226	0.769031
45710	6.504660	0.732931	7.850530	0.037962	-0.029388	-0.036278	-0.689022	-0.351329	0.633890	0.513297	-0.854031	0.084600	0.511640	0.383665	0.768782
45711	6.471757	0.714458	7.853877	0.034837	-0.019779	-0.040108	-0.689135	-0.350787	0.634067	0.513112	-0.854086	0.085167	0.511673	0.384039	0.768573
45712	6.485879	0.920461	7.825782	0.032997	-0.019544	-0.043401	-0.689241	-0.350308	0.634217	0.512967	-0.854120	0.085700	0.511676	0.384400	0.768391
45713	6.379362	0.985617	7.843156	0.034551	-0.015625	-0.038426	-0.689341	-0.349877	0.634346	0.512822	-0.854160	0.086164	0.511687	0.384703	0.768232
45714	6.232006	1.006148	7.954093	0.031412	-0.034550	-0.036541	-0.689335	-0.349399	0.634616	0.512716	-0.854176	0.086642	0.511801	0.385103	0.767955
45715	6.471736	0.962631	7.810391	0.035621	-0.054493	-0.038237	-0.689251	-0.348826	0.635022	0.512598	-0.854194	0.087153	0.512031	0.385582	0.767562
45716	6.439526	0.890012	7.786254	0.036624	-0.044789	-0.033727	-0.689178	-0.348332	0.635373	0.512538	-0.854179	0.087653	0.512189	0.386062	0.767215
45717	6.547464	0.683931	7.850118	0.037465	-0.041146	-0.043000	-0.689152	-0.347676	0.635761	0.512305	-0.854267	0.088158	0.512459	0.386457	0.766836
45718	6.490902	0.859464	7.888284	0.039922	-0.037375	-0.044745	-0.689172	-0.347116	0.636044	0.512186	-0.854277	0.088753	0.512550	0.386939	0.766532
45719	6.444278	0.958581	7.876431	0.026444	-0.038365	-0.035710	-0.689166	-0.346622	0.636321	0.512043	-0.854316	0.089198	0.512701	0.387296	0.766250
45720	6.528292	0.953060	7.796880	0.020640	-0.045784	-0.025551	-0.689045	-0.346193	0.636685	0.511958	-0.854333	0.089523	0.512949	0.387642	0.765910
45721	5.995902	0.971651	7.971764	0.023788	-0.056731	-0.032046	-0.688915	-0.345687	0.637100	0.511835	-0.854369	0.089885	0.513246	0.388013	0.765522
45722	5.962901	0.985753	8.086267	0.029219	-0.120718	-0.041322	-0.688489	-0.344832	0.638023	0.511685	-0.854406	0.090377	0.513966	0.388690	0.764695
45723	6.346812	0.815596	7.917086	0.021859	-0.158207	-0.043347	-0.687897	-0.343734	0.639253	0.511413	-0.854520	0.090842	0.515029	0.389412	0.763612
45724	6.369435	1.002213	7.894778	0.025341	-0.172080	-0.041376	-0.687204	-0.342677	0.640565	0.511243	-0.854572	0.091305	0.516121	0.390230	0.762457
45725	6.226760	1.284391	8.002148	0.017206	-0.200903	-0.035794	-0.686338	-0.341507	0.642116	0.511009	-0.854675	0.091647	0.517503	0.391028	0.761110
45726	6.184390	1.136017	8.144630	-0.007539	-0.243338	-0.017931	-0.685151	-0.340368	0.643986	0.510832	-0.854775	0.091710	0.519248	0.391803	0.759521
45727	6.402364	1.061377	8.063920	-0.032995	-0.282251	-0.000219	-0.683687	-0.339291	0.646106	0.510666	-0.854904	0.091432	0.521336	0.392455	0.757751
45728	6.401795	1.215091	8.039572	-0.058990	-0.312872	0.020855	-0.681929	-0.338207	0.648528	0.510485	-0.855073	0.090855	0.523811	0.393021	0.755749
45729	6.407666	1.011786	8.014043	-0.080265	-0.335604	0.042644	-0.679953	-0.337217	0.651114	0.510316	-0.855268	0.089968	0.526538	0.393448	0.753629
45730	6.349103	1.105219	8.105360	-0.077772	-0.359993	0.071154	-0.677671	-0.336375	0.653922	0.510373	-0.855343	0.088924	0.529416	0.394005	0.751318
45731	6.245383	1.325118	8.229100	-0.096711	-0.407087	0.104960	-0.675000	-0.335671	0.657039	0.510575	-0.855366	0.087539	0.532624	0.394556	0.748757
45732	5.747637	2.378398	8.961089	-0.150389	-0.510713	0.144221	-0.671515	-0.334855	0.661015	0.510726	-0.855484	0.085470	0.536868	0.394992	0.745489
45733	2.356535	-0.596380	10.954861	-0.171455	-0.798620	0.217744	-0.666079	-0.333553	0.667144	0.511230	-0.855454	0.082712	0.543122	0.396157	0.740323
45734	5.055452	1.508345	10.497865	0.206380	-1.239303	0.230095	-0.658106	-0.330540	0.676491	0.513867	-0.853875	0.082690	0.550306	0.402045	0.731794
45735	5.043658	0.424070	10.377853	0.078669	-1.584892	0.250747	-0.648026	-0.326053	0.688296	0.515763	-0.852838	0.081588	0.560403	0.407869	0.720827
45736	5.224990	0.088675	10.197974	0.123430	-1.907929	0.235156	-0.635988	-0.320172	0.702147	0.517956	-0.851579	0.080841	0.572050	0.415095	0.707428
45737	5.165811	0.157689	10.383462	0.103716	-2.236452	0.214225	-0.621931	-0.312484	0.718022	0.519743	-0.850567	0.080020	0.585721	0.422954	0.691405
45738	5.451254	1.354137	10.565770	0.077576	-2.645036	0.249911	-0.604906	-0.303268	0.736286	0.521722	-0.849474	0.078738	0.601578	0.431766	0.672073
45739	5.580641	1.346595	10.935904	0.020562	-3.038121	0.322727	-0.584623	-0.292643	0.756687	0.523587	-0.848544	0.076360	0.619736	0.440833	0.649302
45740	5.587016	2.209864	11.754101	0.008023	-3.479403	0.474359	-0.560199	-0.281114	0.779200	0.526338	-0.847155	0.072776	0.639645	0.450891	0.622536
45741	7.284786	2.903126	11.926769	-0.012094	-3.971242	0.629338	-0.531086	-0.268134	0.803774	0.529476	-0.845615	0.067754	0.661515	0.461563	0.591065
45742	8.834826	3.401298	11.370219	-0.023859	-4.343065	0.833664	-0.497406	-0.254847	0.829241	0.533589	-0.843554	0.060819	0.684010	0.472725	0.555573
45743	10.988181	4.067316	11.833239	-0.012138	-4.408222	1.014863	-0.461282	-0.242059	0.853596	0.538031	-0.841309	0.052177	0.705508	0.483330	0.518316
45744	11.426967	8.279883	10.432613	0.093535	-4.493551	1.140595	-0.422941	-0.229621	0.876581	0.543730	-0.838169	0.042785	0.724899	0.494719	0.479348
45745	10.455179	13.599175	12.925891	-1.006166	-4.137623	1.421279	-0.384627	-0.220801	0.896275	0.541689	-0.840193	0.025475	0.747419	0.495301	0.442766
45746	10.740669	11.366591	14.083935	-2.250118	-3.571458	1.135604	-0.351370	-0.212861	0.911718	0.528751	-0.848758	0.005615	0.772633	0.484045	0.410779
45747	17.862262	-0.836347	15.766210	-1.867047	-2.445162	0.105107	-0.331507	-0.201711	0.921638	0.514059	-0.857750	-0.002825	0.791105	0.472840	0.388041
45748	8.243039	-1.549361	14.732751	-0.506087	-1.216283	-0.852900	-0.326168	-0.188599	0.926307	0.507220	-0.861811	0.003134	0.797710	0.470864	0.376757
45749	-0.192079	3.735828	12.469761	0.091962	-0.519731	-1.173641	-0.327778	-0.175686	0.928276	0.503593	-0.863822	0.014334	0.799347	0.472172	0.371616
45750	-4.215562	4.136970	10.794806	-0.116766	-0.323336	-0.874063	-0.329543	-0.166560	0.929333	0.499772	-0.865877	0.022033	0.801018	0.471715	0.368586
45751	-3.806026	-0.817911	10.855442	-0.227416	-0.139639	-0.454708	-0.330613	-0.161628	0.929823	0.495907	-0.868003	0.025446	0.802977	0.469519	0.367125
45752	-1.698180	-4.218877	11.862302	0.211930	0.263756	-0.198841	-0.333683	-0.161102	0.928818	0.496931	-0.867335	0.028087	0.801071	0.470931	0.369471
45753	0.094151	-3.095839	12.666366	0.677409	0.893143	-0.023904	-0.340809	-0.164862	0.925565	0.501709	-0.864490	0.030754	0.795071	0.474845	0.377338
45754	1.131565	-1.759365	12.683737	0.793525	1.608276	0.156487	-0.352697	-0.173840	0.919448	0.508507	-0.860449	0.032376	0.785510	0.478965	0.391876
45755	1.809179	-1.959189	12.141734	0.747797	2.292178	0.325579	-0.369068	-0.187360	0.910321	0.514912	-0.856629	0.032449	0.773728	0.480711	0.412628
45756	2.165249	-2.858886	10.924299	0.769996	2.892951	0.437888	-0.388936	-0.204980	0.898172	0.522455	-0.852074	0.031779	0.758795	0.481615	0.438495
45757	2.453156	-3.085074	9.541729	0.868219	3.336874	0.519773	-0.411461	-0.225264	0.883151	0.530516	-0.847105	0.031098	0.741116	0.481321	0.468056
45758	3.101945	-2.578147	8.419560	0.949375	3.640650	0.600459	-0.434831	-0.247805	0.865745	0.539978	-0.841128	0.030452	0.720656	0.480725	0.499558
45759	4.019766	-2.301643	7.894856	0.942888	3.821393	0.630639	-0.458873	-0.271137	0.846121	0.548853	-0.835382	0.029961	0.698711	0.478144	0.532148
45760	5.661541	-2.939265	7.679642	0.952640	3.928852	0.584797	-0.482600	-0.294688	0.824777	0.558130	-0.829200	0.030310	0.674972	0.474960	0.564646
45761	7.338658	-3.229617	7.264242	1.046362	4.018903	0.496123	-0.506825	-0.317683	0.801378	0.567099	-0.823012	0.032398	0.649252	0.470880	0.597280
45762	7.627340	-2.433376	6.750818	1.098141	4.008613	0.411067	-0.529942	-0.339805	0.776977	0.576191	-0.816526	0.035893	0.622226	0.466709	0.628504
45763	8.015336	-1.596607	6.494999	1.019994	3.903218	0.345429	-0.552081	-0.360613	0.751775	0.583875	-0.810867	0.039821	0.595229	0.460927	0.658217
45764	8.575036	-1.254104	6.428527	0.890235	3.757441	0.210362	-0.572702	-0.379467	0.726648	0.590218	-0.806030	0.044255	0.568906	0.454225	0.685584
45765	9.386971	-0.667381	6.685041	0.755113	3.610812	-0.009724	-0.593167	-0.395543	0.701212	0.594005	-0.802933	0.049557	0.543425	0.445919	0.711228
45766	10.359411	0.106716	7.090717	0.548444	3.506620	-0.298141	-0.613557	-0.408577	0.675731	0.595097	-0.801729	0.055580	0.519044	0.436227	0.735050
45767	11.341966	0.174150	7.218252	0.289749	3.426194	-0.649722	-0.635118	-0.417937	0.649579	0.592121	-0.803461	0.061994	0.496002	0.424003	0.757762
45768	12.604807	-0.853938	6.812768	0.055590	3.345691	-1.048556	-0.657512	-0.423409	0.623220	0.585589	-0.807658	0.069097	0.474092	0.410383	0.778988
45769	13.663465	-1.100497	5.921670	-0.114871	3.207670	-1.357236	-0.680546	-0.425129	0.596759	0.575584	-0.814167	0.076388	0.453387	0.395470	0.798776
45770	14.449151	-0.895413	4.605953	-0.348359	2.961398	-1.499351	-0.702233	-0.424307	0.571692	0.563644	-0.821904	0.082335	0.434941	0.380049	0.816327
45771	15.237191	-0.800944	3.261379	-0.637668	2.634783	-1.466801	-0.721909	-0.421765	0.548599	0.550100	-0.830740	0.085208	0.419806	0.363297	0.831732
45772	15.606139	-0.894509	2.080502	-0.885485	2.232723	-1.305139	-0.738241	-0.418752	0.528817	0.536879	-0.839385	0.084816	0.408364	0.346525	0.844488
45773	15.312396	-1.169401	1.180471	-0.998721	1.799846	-1.027478	-0.751180	-0.415963	0.512546	0.524849	-0.847276	0.081593	0.400329	0.330300	0.854774
45774	14.995254	-1.582336	0.715215	-0.911184	1.381450	-0.657948	-0.760089	-0.414802	0.500204	0.516229	-0.852974	0.077097	0.394681	0.316820	0.862468
45775	14.860075	-2.303914	0.546982	-0.581493	1.030902	-0.260045	-0.765639	-0.415600	0.490993	0.511665	-0.856055	0.073267	0.389867	0.307320	0.868077
45776	14.604056	-2.149598	0.325112	-0.097648	0.736654	0.095844	-0.767994	-0.418634	0.484697	0.511996	-0.855970	0.071946	0.384767	0.303416	0.871718
45777	14.042645	-1.146520	0.190383	0.349622	0.462550	0.336455	-0.768174	-0.422736	0.480836	0.515654	-0.853657	0.073290	0.379487	0.304244	0.873742
45778	13.405272	0.501139	0.045003	0.632404	0.191237	0.424161	-0.766690	-0.426898	0.479525	0.521267	-0.849933	0.076775	0.374789	0.308824	0.874163
45779	11.244734	1.640190	-0.117288	0.666459	-0.215272	0.357907	-0.764118	-0.429114	0.481648	0.526290	-0.846457	0.080808	0.373018	0.315233	0.872631
45780	8.179545	5.524635	-3.895351	0.490420	-1.021840	0.113891	-0.759673	-0.426775	0.490673	0.528973	-0.844420	0.084515	0.378265	0.323757	0.867235
45781	10.836427	3.982493	-3.564249	-0.026261	-1.726092	-0.015524	-0.753180	-0.420887	0.505543	0.528609	-0.844667	0.084323	0.391525	0.330745	0.858671
45782	12.342246	2.933101	-1.882663	-0.137322	-2.140333	-0.383233	-0.746632	-0.410445	0.523522	0.525159	-0.846737	0.085119	0.408348	0.338484	0.847750
45783	11.006026	3.631777	5.783501	-0.018453	-2.100236	-0.699052	-0.741567	-0.397254	0.540618	0.519804	-0.849672	0.088665	0.424125	0.346766	0.836583
45784	14.212545	2.638508	13.242626	-0.269427	-1.489422	-0.686172	-0.738694	-0.386180	0.552445	0.513538	-0.853316	0.090169	0.436589	0.350309	0.828658
45785	9.225502	-1.203088	10.472364	-0.262349	-0.872523	-0.626859	-0.738051	-0.377714	0.559118	0.507716	-0.856653	0.091484	0.444415	0.351393	0.824025
45786	2.451149	-3.467925	7.252295	-0.106811	-1.005997	-0.405552	-0.735582	-0.370647	0.567045	0.504221	-0.858564	0.092888	0.452416	0.354243	0.818433
45787	3.746585	-3.165378	8.275190	0.168898	-1.477895	0.012490	-0.728766	-0.365410	0.579116	0.505023	-0.857953	0.094176	0.462441	0.361099	0.809787
45788	11.257003	-0.959002	10.648837	0.277434	-1.651098	0.255368	-0.719739	-0.361527	0.592684	0.508142	-0.856028	0.094911	0.473041	0.369479	0.799823
45789	13.328396	2.996412	10.102570	0.218631	-1.257419	0.107399	-0.713205	-0.357695	0.602820	0.509878	-0.854874	0.095988	0.481001	0.375824	0.792082
45790	10.898003	3.024737	8.281425	-0.006400	-0.895745	-0.028472	-0.709001	-0.354031	0.609901	0.509617	-0.855017	0.096109	0.487450	0.378958	0.786628
45791	9.630160	-0.863928	9.261856	-0.027700	-0.731212	-0.057067	-0.705707	-0.350711	0.615613	0.509023	-0.855357	0.096227	0.492821	0.381269	0.782152
45792	11.614199	-1.839354	10.140586	-0.027704	-0.517050	0.182847	-0.702205	-0.350258	0.619861	0.510145	-0.854839	0.094881	0.496648	0.382845	0.778955
45793	8.919956	-0.324937	8.468513	-0.078888	-0.155944	0.165024	-0.700580	-0.351017	0.621268	0.510856	-0.854596	0.093226	0.498210	0.382691	0.778033
45794	4.861722	5.297571	6.110245	-0.098434	-0.227499	0.178198	-0.698521	-0.351628	0.623238	0.511583	-0.854364	0.091352	0.500350	0.382649	0.776678
45795	5.558891	4.113489	7.576721	-0.404262	-0.320791	0.363212	-0.695039	-0.353460	0.626088	0.512040	-0.854652	0.085935	0.504713	0.380310	0.775002
45796	8.004424	0.532222	8.386560	-0.432126	-0.293208	0.332460	-0.691838	-0.355150	0.628672	0.512127	-0.855129	0.080503	0.509005	0.377655	0.773492
45797	8.235593	-1.952883	8.180030	-0.063413	-0.127594	0.126802	-0.690522	-0.355708	0.629802	0.512647	-0.854938	0.079209	0.510267	0.377561	0.772707
45798	5.895151	0.792901	7.639915	-0.074507	-0.187270	0.100386	-0.689038	-0.355818	0.631364	0.512930	-0.854879	0.078001	0.511986	0.377591	0.771554
45799	6.485108	1.114744	7.845272	-0.053936	-0.111729	0.049313	-0.688199	-0.355771	0.632305	0.512952	-0.854933	0.077262	0.513091	0.377514	0.770858
45800	6.742672	-1.226785	8.080492	-0.009397	-0.117555	0.013233	-0.687515	-0.355399	0.633258	0.512967	-0.854938	0.077106	0.513993	0.377852	0.770091
45801	6.484336	0.187800	7.800831	0.054102	-0.089324	-0.032467	-0.687211	-0.354734	0.633960	0.512976	-0.854878	0.077715	0.514390	0.378612	0.769452
45802	6.799813	0.552630	7.808915	0.050355	-0.078664	-0.040273	-0.687000	-0.354051	0.634570	0.512930	-0.854847	0.078358	0.514718	0.379322	0.768883
45803	6.711477	0.247649	7.725920	0.068834	-0.041390	-0.054254	-0.687053	-0.353381	0.634886	0.512866	-0.854806	0.079218	0.514710	0.380038	0.768534
45804	6.688374	0.953635	7.818162	0.083045	-0.015239	-0.064719	-0.687294	-0.352728	0.634988	0.512820	-0.854735	0.080267	0.514434	0.380802	0.768341
45805	6.484816	1.134870	7.912276	0.059064	0.002156	-0.061137	-0.687608	-0.352163	0.634962	0.512654	-0.854757	0.081093	0.514180	0.381276	0.768276
45806	6.554005	1.303872	7.846539	0.046224	0.004013	-0.050782	-0.687876	-0.351703	0.634926	0.512514	-0.854776	0.081771	0.513961	0.381657	0.768233
45807	6.292798	1.501356	7.994541	0.025489	-0.007237	-0.030615	-0.687984	-0.351365	0.634997	0.512389	-0.854815	0.082148	0.513941	0.381882	0.768135
45808	6.349110	1.464844	7.955202	0.001961	-0.038086	-0.016927	-0.687862	-0.351033	0.635312	0.512254	-0.854884	0.082271	0.514238	0.382032	0.767861
45809	6.349042	1.093056	7.969275	-0.005637	-0.056628	-0.002429	-0.687570	-0.350749	0.635785	0.512168	-0.854940	0.082232	0.514716	0.382169	0.767473
45810	6.459591	0.941653	7.880004	-0.011696	-0.068758	0.004231	-0.687181	-0.350481	0.636353	0.512108	-0.854987	0.082116	0.515293	0.382310	0.767015
45811	6.609460	0.885781	7.794683	-0.012603	-0.069920	0.000657	-0.686805	-0.350171	0.636930	0.512005	-0.855059	0.082003	0.515897	0.382432	0.766548
45812	6.647585	0.818552	7.718308	-0.011396	-0.051676	0.006045	-0.686494	-0.349984	0.637367	0.511960	-0.855098	0.081878	0.516356	0.382515	0.766198
45813	6.439745	0.844241	7.791169	0.000223	-0.045426	0.001461	-0.686239	-0.349775	0.637756	0.511929	-0.855119	0.081859	0.516725	0.382661	0.765876
45814	6.559835	0.636371	7.637147	0.004270	-0.039048	-0.005557	-0.686053	-0.349537	0.638087	0.511885	-0.855138	0.081928	0.517016	0.382834	0.765593
45815	6.830213	0.063186	7.642286	0.030467	-0.004769	-0.025207	-0.686144	-0.349257	0.638143	0.511830	-0.855134	0.082313	0.516949	0.383099	0.765505
45816	6.546499	0.604054	7.813542	0.048545	0.017993	-0.037233	-0.686415	-0.348966	0.638011	0.511797	-0.855095	0.082923	0.516623	0.383451	0.765550
45817	6.406487	0.906070	7.875941	0.049450	0.017828	-0.043932	-0.686718	-0.348611	0.637878	0.511710	-0.855084	0.083571	0.516306	0.383799	0.765589
45818	6.448502	1.044969	7.848922	0.038609	0.004161	-0.036725	-0.686914	-0.348272	0.637852	0.511629	-0.855081	0.084102	0.516125	0.384114	0.765553
45819	6.360879	1.084197	7.875870	0.035518	-0.006184	-0.033852	-0.687043	-0.347910	0.637911	0.511536	-0.855089	0.084578	0.516045	0.384423	0.765452
45820	6.257679	0.903925	7.945869	0.026815	-0.026827	-0.028900	-0.687040	-0.347519	0.638128	0.511447	-0.855104	0.084968	0.516138	0.384745	0.765228
45821	6.070340	0.961554	8.053769	0.031898	-0.053324	-0.038519	-0.686949	-0.346935	0.638542	0.511304	-0.855142	0.085446	0.516400	0.385186	0.764828
45822	6.225905	0.924140	8.058287	0.024263	-0.089443	-0.046727	-0.686713	-0.346150	0.639223	0.511080	-0.855227	0.085930	0.516936	0.385703	0.764206
45823	6.521584	0.934033	7.834102	0.017362	-0.107885	-0.051336	-0.686404	-0.345246	0.640043	0.510774	-0.855364	0.086380	0.517647	0.386209	0.763468
45824	6.663508	0.720445	7.742394	0.009709	-0.098871	-0.048646	-0.686128	-0.344406	0.640791	0.510462	-0.855511	0.086767	0.518321	0.386633	0.762796
45825	6.852638	0.490957	7.564463	0.012242	-0.080192	-0.048188	-0.685947	-0.343634	0.641399	0.510150	-0.855658	0.087157	0.518868	0.386995	0.762241
45826	6.891779	0.519540	7.554448	0.028755	-0.045091	-0.052765	-0.685969	-0.342967	0.641733	0.509909	-0.855744	0.087716	0.519075	0.387396	0.761896
45827	6.748544	0.729058	7.620044	0.022199	-0.013945	-0.047147	-0.686124	-0.342460	0.641837	0.509656	-0.855848	0.088175	0.519119	0.387615	0.761755
45828	6.679663	0.926295	7.683492	0.026625	0.000716	-0.040849	-0.686323	-0.342071	0.641832	0.509485	-0.855902	0.088640	0.519023	0.387840	0.761705
45829	6.644178	0.906897	7.689381	0.019397	0.012915	-0.032460	-0.686543	-0.341794	0.641744	0.509319	-0.855965	0.088985	0.518896	0.387944	0.761739
45830	6.593623	0.800609	7.669212	0.018646	0.019081	-0.028695	-0.686775	-0.341581	0.641609	0.509190	-0.856008	0.089311	0.518715	0.388038	0.761814
45831	6.562748	0.871505	7.669818	0.024033	0.027199	-0.030410	-0.687059	-0.341377	0.641414	0.509060	-0.856047	0.089676	0.518467	0.388131	0.761935
45832	6.486403	0.827189	7.755935	0.029221	0.033121	-0.031745	-0.687379	-0.341192	0.641170	0.508965	-0.856059	0.090103	0.518136	0.388268	0.762091
45833	6.418416	0.652910	7.766829	0.030125	0.016767	-0.034281	-0.687627	-0.340914	0.641051	0.508842	-0.856085	0.090541	0.517928	0.388452	0.762139
45834	6.468277	0.750591	7.731486	0.042255	0.017239	-0.038462	-0.687898	-0.340610	0.640921	0.508768	-0.856069	0.091110	0.517640	0.388754	0.762180
45835	6.224962	0.991825	7.972551	0.037938	-0.003821	-0.046072	-0.688103	-0.340150	0.640946	0.508598	-0.856109	0.091679	0.517536	0.389069	0.762091
45836	6.189998	1.327761	7.973222	0.040720	-0.036579	-0.041150	-0.688110	-0.339614	0.641223	0.508497	-0.856108	0.092254	0.517626	0.389541	0.761788
45837	6.157614	1.698215	8.012527	0.022673	-0.084107	-0.025733	-0.687792	-0.339016	0.641881	0.508393	-0.856134	0.092580	0.518150	0.390003	0.761195
45838	6.109019	1.523074	7.869753	0.001772	-0.119703	0.002130	-0.687147	-0.338525	0.642829	0.508388	-0.856137	0.092580	0.519009	0.390423	0.760394
45839	6.125180	1.103225	8.124404	0.011512	-0.172930	0.001874	-0.686226	-0.337818	0.644184	0.508420	-0.856111	0.092647	0.520195	0.391093	0.759239
45840	6.073212	1.253090	8.313651	-0.002352	-0.236792	0.012920	-0.684913	-0.336959	0.646028	0.508468	-0.856093	0.092547	0.521876	0.391871	0.757683
45841	5.977364	1.474496	8.505890	-0.055107	-0.309412	0.044976	-0.683054	-0.336082	0.648449	0.508444	-0.856185	0.091829	0.524330	0.392424	0.755700
45842	6.026452	1.454744	8.551756	-0.107324	-0.401816	0.068527	-0.680579	-0.335049	0.651578	0.508318	-0.856393	0.090575	0.527660	0.392852	0.753155
45843	6.222574	2.009785	8.422482	-0.172576	-0.443051	0.115154	-0.677637	-0.334246	0.655048	0.508142	-0.856713	0.088517	0.531601	0.392840	0.750384
45844	6.271120	2.108408	8.432744	-0.245657	-0.486221	0.216158	-0.673929	-0.334147	0.658913	0.508262	-0.856972	0.085259	0.536180	0.392359	0.747372
45845	3.802926	1.975123	10.530401	-0.144391	-0.647388	0.434389	-0.668219	-0.335277	0.664133	0.510356	-0.856111	0.081303	0.541312	0.393273	0.743181
45846	2.142076	0.715531	12.123034	0.228837	-1.242219	0.492126	-0.658914	-0.334518	0.673743	0.514840	-0.853573	0.079704	0.548427	0.399388	0.734654
45847	3.938810	0.231638	12.327786	0.358400	-1.727721	0.503702	-0.646754	-0.331779	0.686755	0.520048	-0.850487	0.078878	0.557906	0.408160	0.722597
45848	3.477858	0.000300	12.832097	0.250006	-2.386169	0.578847	-0.630234	-0.326792	0.704282	0.525128	-0.847565	0.076640	0.571879	0.418139	0.705772
45849	3.661393	-0.489382	13.180368	0.384222	-3.132605	0.677234	-0.608478	-0.319152	0.726564	0.531470	-0.843800	0.074442	0.589317	0.431443	0.683054
45850	4.972525	-0.532058	12.689670	0.651453	-4.006806	0.921244	-0.579498	-0.309205	0.754039	0.540820	-0.838053	0.071978	0.609668	0.449511	0.652874
45851	5.972339	2.563457	12.776257	0.905366	-4.717378	1.182462	-0.543776	-0.297281	0.784813	0.552961	-0.830379	0.068591	0.631302	0.471269	0.615925
45852	9.177680	4.371795	13.129107	0.888990	-5.072050	1.394744	-0.503377	-0.284292	0.815959	0.565948	-0.822051	0.062727	0.652928	0.493366	0.574696
45853	11.951420	4.912676	12.635207	0.902426	-5.199965	1.580442	-0.459837	-0.270922	0.845666	0.579424	-0.813199	0.054545	0.672917	0.515081	0.530918
45854	11.491811	6.022786	11.495800	0.953421	-5.034430	1.741719	-0.415300	-0.258490	0.872186	0.593517	-0.803593	0.044447	0.689394	0.536116	0.487151
45855	11.673751	13.198351	11.998977	0.584414	-4.945613	1.903456	-0.369385	-0.246710	0.895929	0.604951	-0.795686	0.030311	0.705400	0.553189	0.443162
45856	7.368123	15.541948	15.625421	-0.633997	-4.338961	1.989550	-0.326279	-0.238356	0.914729	0.607315	-0.794403	0.009624	0.724370	0.558668	0.403954
45857	21.087166	5.419132	18.129775	-1.507940	-3.352565	1.254298	-0.294092	-0.229643	0.927779	0.600072	-0.799908	-0.007779	0.743925	0.554446	0.373048
45858	9.957310	0.288552	16.814012	-0.748286	-1.898796	0.124314	-0.279106	-0.220079	0.934700	0.594800	-0.803789	-0.011645	0.753865	0.552710	0.355246
45859	2.368035	4.114874	14.658460	0.166454	-0.996674	-0.707692	-0.275777	-0.208796	0.938270	0.593992	-0.804458	-0.004432	0.755725	0.556103	0.345875
45860	-3.592928	6.779114	11.686287	0.082084	-0.725864	-0.888498	-0.275533	-0.197549	0.940774	0.592141	-0.805824	0.004214	0.757266	0.558232	0.339008
45861	-3.041310	4.460010	11.065144	-0.319913	-0.628715	-0.728912	-0.275136	-0.188122	0.942821	0.587580	-0.809104	0.010028	0.760954	0.556741	0.333150
45862	-0.263960	-0.138769	11.676106	-0.365257	-0.288728	-0.645156	-0.276687	-0.181238	0.943714	0.582991	-0.812342	0.014919	0.763915	0.554305	0.330425
45863	1.811109	-1.750809	12.372252	-0.069147	0.323055	-0.642196	-0.283017	-0.177783	0.942494	0.580493	-0.814000	0.020768	0.763498	0.552989	0.333578
45864	2.272829	-1.335965	12.015091	0.101865	1.020200	-0.530481	-0.293843	-0.179051	0.938934	0.579714	-0.814401	0.026121	0.759992	0.551989	0.343104
45865	1.841737	-1.824723	10.833693	0.108598	1.637299	-0.276622	-0.307997	-0.185802	0.933068	0.579476	-0.814470	0.029093	0.754550	0.549651	0.358522
45866	1.673571	-2.835123	9.523379	0.180697	2.112449	0.026401	-0.323680	-0.197552	0.925313	0.580890	-0.813446	0.029530	0.746858	0.547064	0.378052
45867	2.055262	-2.745735	8.584106	0.318065	2.479353	0.287658	-0.340579	-0.213401	0.915678	0.583923	-0.811323	0.028104	0.736913	0.544257	0.400929
45868	2.819871	-1.629360	8.079687	0.375101	2.792670	0.452536	-0.358320	-0.232173	0.904269	0.588220	-0.808297	0.025553	0.724986	0.541065	0.426197
45869	3.676875	-0.424665	7.760391	0.309180	3.070240	0.500320	-0.377636	-0.252712	0.890801	0.591959	-0.805657	0.022391	0.712022	0.535773	0.453841
45870	4.273634	0.193458	7.501348	0.157620	3.314356	0.414627	-0.398530	-0.273636	0.875384	0.594653	-0.803747	0.019481	0.698256	0.528313	0.483036
45871	4.992612	0.051538	7.311627	0.010508	3.503211	0.210216	-0.421726	-0.293606	0.857871	0.595242	-0.803352	0.017672	0.683984	0.518094	0.513561
45872	6.090878	-0.478778	6.972336	-0.053358	3.646196	-0.054484	-0.446693	-0.311804	0.838596	0.594617	-0.803811	0.017863	0.668503	0.506623	0.544460
45873	7.293991	-0.344430	6.602080	-0.036724	3.782350	-0.298285	-0.473681	-0.328248	0.817239	0.592639	-0.805218	0.020081	0.651464	0.493840	0.575949
45874	7.842228	0.354214	6.115444	-0.044920	3.853732	-0.462127	-0.501152	-0.343253	0.794371	0.590069	-0.807009	0.023548	0.632982	0.480534	0.606977
45875	8.112272	1.022820	5.728008	-0.107767	3.884278	-0.542119	-0.528816	-0.357140	0.769938	0.586237	-0.809688	0.027066	0.613743	0.465679	0.637544
45876	8.308753	0.431916	5.472195	-0.145268	3.884041	-0.619207	-0.555869	-0.369863	0.744453	0.581970	-0.812626	0.030813	0.593566	0.450378	0.666963
45877	8.405488	-0.736751	5.697815	-0.004032	3.872977	-0.761996	-0.583110	-0.380677	0.717682	0.577243	-0.815765	0.036303	0.571640	0.435446	0.695424
45878	8.737441	-1.112793	6.225301	0.247289	3.841283	-0.953680	-0.610079	-0.389322	0.690096	0.572906	-0.818398	0.044772	0.547342	0.422674	0.722332
45879	9.677695	-0.680288	6.900795	0.459785	3.786918	-1.120298	-0.636959	-0.395760	0.661556	0.568009	-0.821138	0.055664	0.521199	0.411226	0.747827
45880	10.962843	-0.211790	7.567283	0.529951	3.751042	-1.227728	-0.662933	-0.400846	0.632331	0.562687	-0.823899	0.067634	0.493866	0.400641	0.771740
45881	12.308579	-0.510615	7.760063	0.484636	3.727595	-1.262203	-0.688130	-0.404953	0.602071	0.556121	-0.827323	0.079155	0.466053	0.389293	0.794509
45882	12.788586	-2.165131	7.271838	0.404786	3.664589	-1.271456	-0.711722	-0.408423	0.571527	0.549019	-0.830964	0.089872	0.438213	0.377743	0.815647
45883	12.269203	-3.526771	6.914465	0.504973	3.508344	-1.198759	-0.733374	-0.411294	0.541295	0.542141	-0.834240	0.100637	0.410178	0.367263	0.834788
45884	12.267495	-3.092950	6.915012	0.606716	3.263819	-1.002507	-0.751721	-0.414728	0.512753	0.537069	-0.836199	0.111029	0.382717	0.358847	0.851326
45885	12.865317	-1.788742	7.210903	0.541879	3.002515	-0.717317	-0.766884	-0.419137	0.486018	0.533268	-0.837509	0.119180	0.357092	0.350575	0.865784
45886	13.998285	-0.837193	7.342355	0.367426	2.774142	-0.420698	-0.778705	-0.425176	0.461349	0.531253	-0.838035	0.124368	0.333749	0.341939	0.878459
45887	15.029273	0.065691	7.003877	0.203868	2.580779	-0.173076	-0.788164	-0.432184	0.438195	0.530217	-0.838318	0.126862	0.312519	0.332326	0.889883
45888	15.793633	0.565780	5.635437	0.089347	2.386030	0.013528	-0.795320	-0.440071	0.416898	0.530562	-0.837988	0.127592	0.293206	0.322666	0.899954
45889	15.979854	1.099569	3.252958	0.087506	2.110851	0.086615	-0.801041	-0.447291	0.397825	0.531208	-0.837524	0.127951	0.275957	0.313822	0.908495
45890	16.030447	1.102201	0.578415	0.136067	1.708042	0.010802	-0.805577	-0.452646	0.382306	0.531629	-0.837075	0.129135	0.261567	0.307273	0.914968
45891	15.187773	2.940830	-2.582528	0.054690	1.048162	-0.211999	-0.809531	-0.453885	0.372355	0.529828	-0.838025	0.130373	0.252868	0.302825	0.918888
45892	14.669941	1.261257	-6.960812	-0.226730	0.185279	-0.453502	-0.812396	-0.450597	0.370102	0.525545	-0.840782	0.129957	0.252616	0.300082	0.919856
45893	16.031480	-0.900288	-7.967061	-0.461683	-0.698411	-0.808392	-0.814899	-0.441564	0.375447	0.517636	-0.845867	0.128690	0.260754	0.299214	0.917866
45894	17.010484	-1.362795	-8.089452	-0.565506	-1.519319	-1.039704	-0.816153	-0.428137	0.388063	0.507606	-0.852108	0.127468	0.276098	0.301016	0.912776
45895	16.806505	-3.449044	-7.942634	-0.628781	-2.239558	-0.886297	-0.814216	-0.413705	0.407309	0.498505	-0.857789	0.125259	0.297565	0.305034	0.904660
45896	10.355157	-0.715824	0.095682	-0.326477	-2.621407	-0.528972	-0.808737	-0.401018	0.430265	0.493170	-0.860974	0.124525	0.320511	0.312902	0.894072
45897	8.376339	0.815154	12.152250	-0.683145	-2.468921	-0.041936	-0.800738	-0.392846	0.452206	0.490536	-0.863309	0.118627	0.343791	0.316813	0.883989
45898	7.996075	-1.236783	16.113496	-0.499056	-1.897768	0.275498	-0.792692	-0.389141	0.469263	0.490937	-0.863841	0.112955	0.361413	0.319917	0.875804
45899	2.968907	-1.267529	17.877703	-0.342179	-1.445085	0.574696	-0.784542	-0.389416	0.482545	0.494172	-0.862727	0.107220	0.374552	0.322579	0.869284
45900	1.779002	-2.473466	8.646086	-0.304907	-1.370617	0.602042	-0.776335	-0.390124	0.495083	0.497675	-0.861390	0.101627	0.386813	0.325287	0.862881
45901	1.151799	1.127419	4.903773	-0.068307	-1.884596	0.446594	-0.766691	-0.387704	0.511733	0.500772	-0.859927	0.098763	0.401762	0.331982	0.853449
45902	9.469389	1.742182	7.585536	0.040119	-1.948453	0.241828	-0.757502	-0.383195	0.528539	0.502744	-0.858881	0.097837	0.416461	0.339831	0.843253
45903	15.798912	2.699707	10.638474	0.176985	-1.401679	-0.213238	-0.752677	-0.376488	0.540124	0.501810	-0.859127	0.100438	0.426221	0.346637	0.835571
45904	13.054481	3.014938	9.529174	0.021085	-0.764954	-0.479930	-0.751789	-0.369655	0.546048	0.498254	-0.860866	0.103213	0.431921	0.349665	0.831371
45905	5.051739	0.971611	8.085855	-0.043132	-0.695668	-0.384841	-0.750665	-0.363856	0.551462	0.495144	-0.862448	0.104957	0.437419	0.351840	0.827571
45906	3.851051	-3.309260	8.898650	0.072668	-1.076634	-0.184470	-0.746820	-0.358409	0.560181	0.494047	-0.862878	0.106574	0.445171	0.356348	0.821486
45907	7.268141	-4.532543	10.132339	0.261868	-1.209266	-0.100637	-0.741882	-0.353139	0.570003	0.494423	-0.862327	0.109267	0.452943	0.362885	0.814345
45908	8.689069	-3.568125	9.046850	0.445660	-1.103259	-0.110696	-0.737393	-0.348095	0.578862	0.495600	-0.861102	0.113510	0.458947	0.370586	0.807486
45909	7.761755	-1.218074	8.303647	0.589230	-1.004825	-0.109587	-0.733307	-0.343314	0.586853	0.497428	-0.859325	0.118853	0.463493	0.379073	0.800923
45910	6.961415	2.024895	8.179572	0.616582	-0.966272	-0.097119	-0.729286	-0.338731	0.594477	0.499552	-0.857314	0.124340	0.467536	0.387652	0.794441
45911	11.213612	10.941210	9.318291	0.368339	-0.989401	0.160987	-0.723830	-0.336170	0.602545	0.502369	-0.855386	0.126256	0.472964	0.394088	0.788035
45912	11.249534	7.656846	7.733617	-0.655624	-0.242677	0.448865	-0.720413	-0.339016	0.605039	0.502457	-0.856460	0.118377	0.478060	0.389287	0.787346
45913	3.110121	6.836171	5.074126	-0.405370	-0.496726	0.428375	-0.715845	-0.340720	0.609488	0.503567	-0.856589	0.112585	0.483721	0.387511	0.784760
45914	6.791434	0.152128	9.465294	-0.784332	-0.467701	0.676891	-0.710146	-0.344675	0.613916	0.504534	-0.857311	0.102293	0.491059	0.382384	0.782716
45915	7.366242	-1.527665	8.466402	-0.472250	-0.425869	0.502015	-0.705477	-0.347327	0.617791	0.505752	-0.857375	0.095514	0.496504	0.379832	0.780520
45916	8.176123	-1.580143	8.196615	-0.350085	-0.452026	0.389212	-0.701243	-0.348905	0.621710	0.506707	-0.857369	0.090370	0.501505	0.378396	0.778016
45917	9.596322	-4.253732	9.136463	-0.072269	-0.243631	0.119576	-0.699386	-0.348972	0.623761	0.507164	-0.857236	0.089059	0.503632	0.378636	0.776524
45918	6.045619	0.129369	7.649012	0.025210	-0.240179	0.028912	-0.698019	-0.348264	0.625685	0.507457	-0.857061	0.089071	0.505230	0.379681	0.774974
45919	7.118352	1.293840	7.941807	0.050326	-0.118115	-0.021309	-0.697508	-0.347588	0.626630	0.507528	-0.856966	0.089581	0.505863	0.380516	0.774151
45920	7.129964	0.030026	7.971975	0.045783	-0.085075	-0.042317	-0.697284	-0.346856	0.627285	0.507428	-0.856960	0.090197	0.506273	0.381195	0.773549
45921	6.960382	1.010460	7.750246	0.064106	-0.007783	-0.049705	-0.697474	-0.346356	0.627349	0.507372	-0.856910	0.090992	0.506066	0.381764	0.773404
45922	6.844781	1.055404	7.962251	0.044839	0.041122	-0.055143	-0.697953	-0.345995	0.627016	0.507178	-0.856951	0.091681	0.505601	0.381998	0.773593
45923	6.433142	1.148055	8.038558	0.038117	0.066182	-0.046973	-0.698503	-0.345801	0.626511	0.507011	-0.856988	0.092258	0.505009	0.382090	0.773933
45924	6.324688	1.459289	7.929294	0.014147	0.046063	-0.030117	-0.698879	-0.345675	0.626161	0.506836	-0.857060	0.092553	0.504664	0.382044	0.774181
45925	6.302434	1.337988	7.937285	-0.006659	0.028680	-0.011057	-0.699056	-0.345646	0.625979	0.506695	-0.857143	0.092559	0.504560	0.381884	0.774328
45926	6.246401	1.077415	8.005613	-0.015679	0.008566	-0.001662	-0.699099	-0.345620	0.625945	0.506568	-0.857230	0.092444	0.504628	0.381712	0.774368
45927	6.096454	1.176580	7.911852	-0.030807	-0.023570	0.014540	-0.698882	-0.345612	0.626192	0.506485	-0.857315	0.092104	0.505011	0.381527	0.774210
45928	6.116910	1.185972	7.853843	-0.048406	-0.068210	0.044078	-0.698305	-0.345685	0.626795	0.506512	-0.857369	0.091450	0.505781	0.381339	0.773799
45929	6.245907	0.963190	7.808583	-0.074065	-0.102025	0.061550	-0.697453	-0.345782	0.627690	0.506539	-0.857456	0.090481	0.506930	0.381056	0.773188
45930	6.526209	0.696144	7.773587	-0.073162	-0.105900	0.074012	-0.696531	-0.345969	0.628609	0.506647	-0.857501	0.089448	0.508087	0.380786	0.772560
45931	6.545019	0.700328	7.784724	-0.061454	-0.097330	0.056521	-0.695726	-0.346040	0.629461	0.506700	-0.857557	0.088607	0.509137	0.380594	0.771963
