// General information: 
//  MT Manager version: 2022.2.0 
//  XDA version: 2022.2.0 build 7381 rev 124627 built on 2023-07-19
// Device information: 
//  DeviceId: 00B4CB9F
//  ProductCode: MTW2-3A7G6
//  Firmware Version: 4.6.0
//  Hardware Version: 2.0.0
// Device settings: 
//  Filter Profile: human(46.1)
//  Option Flags: Orientation Smoother Disabled, Position/Velocity Smoother Disabled, Continuous Zero Rotation Update Disabled, AHS Disabled, ICC Disabled
// Coordinate system: ENU
PacketCounter	Acc_X	Acc_Y	Acc_Z	Gyr_X	Gyr_Y	Gyr_Z	Mat[1][1]	Mat[2][1]	Mat[3][1]	Mat[1][2]	Mat[2][2]	Mat[3][2]	Mat[1][3]	Mat[2][3]	Mat[3][3]
22567	9.218295	-0.961788	-3.275072	-0.007763	0.005262	-0.004148	0.344247	-0.022292	0.938614	0.206695	-0.973392	-0.098925	0.915845	0.228061	-0.330480
22568	9.228403	-0.961832	-3.275230	-0.007716	0.006548	-0.005314	0.344233	-0.022273	0.938620	0.206716	-0.973389	-0.098910	0.915845	0.228076	-0.330469
22569	9.239642	-0.962903	-3.265813	-0.006073	0.004557	-0.005524	0.344307	-0.022260	0.938593	0.206865	-0.973351	-0.098969	0.915784	0.228237	-0.330527
22570	9.227619	-0.968080	-3.273953	-0.001632	0.005313	-0.004539	0.344135	-0.022351	0.938654	0.207188	-0.973265	-0.099136	0.915775	0.228594	-0.330304
22571	9.226335	-0.976318	-3.273510	-0.003370	0.006732	-0.004969	0.344310	-0.022272	0.938592	0.207491	-0.973193	-0.099209	0.915641	0.228908	-0.330459
22572	9.229283	-0.976965	-3.252822	0.000070	0.005931	-0.007692	0.344267	-0.022201	0.938609	0.207914	-0.973096	-0.099277	0.915561	0.229328	-0.330389
22573	9.235113	-0.969107	-3.222032	-0.003156	0.003063	-0.005789	0.344174	-0.022246	0.938642	0.207924	-0.973091	-0.099303	0.915594	0.229344	-0.330287
22574	9.251667	-0.979087	-3.234221	-0.008431	0.006707	-0.007106	0.344146	-0.022207	0.938654	0.208111	-0.973049	-0.099322	0.915562	0.229525	-0.330250
22575	9.230245	-0.982000	-3.240903	-0.006586	0.005184	-0.004843	0.344126	-0.022239	0.938660	0.208161	-0.973034	-0.099368	0.915558	0.229588	-0.330217
22576	9.211688	-0.942369	-3.282919	-0.008657	0.003596	-0.006024	0.344081	-0.022308	0.938675	0.208165	-0.973027	-0.099429	0.915574	0.229611	-0.330156
22577	9.219636	-0.951488	-3.284876	-0.012562	0.000852	-0.005304	0.344157	-0.022258	0.938648	0.207968	-0.973079	-0.099327	0.915590	0.229393	-0.330263
22578	9.223919	-0.979547	-3.288408	-0.006765	0.005362	-0.007897	0.344275	-0.022111	0.938608	0.208032	-0.973076	-0.099228	0.915531	0.229423	-0.330406
22579	9.248884	-0.975015	-3.259968	0.001414	0.006362	-0.006521	0.344367	-0.022040	0.938576	0.208279	-0.973019	-0.099268	0.915440	0.229671	-0.330485
22580	9.224317	-0.937195	-3.271344	-0.000751	0.004202	-0.008342	0.344409	-0.021994	0.938562	0.208555	-0.972953	-0.099330	0.915362	0.229952	-0.330507
22581	9.237053	-0.966174	-3.285601	-0.007502	0.002876	-0.006136	0.344398	-0.021946	0.938567	0.208346	-0.973011	-0.099202	0.915413	0.229712	-0.330531
22582	9.240147	-0.978337	-3.247259	-0.001895	0.004241	-0.007037	0.344504	-0.021950	0.938528	0.208964	-0.972853	-0.099457	0.915233	0.230382	-0.330565
22583	9.212826	-0.960890	-3.251108	-0.001181	0.004079	-0.005245	0.344474	-0.021995	0.938538	0.208996	-0.972841	-0.099507	0.915237	0.230428	-0.330522
22584	9.235675	-0.931538	-3.269586	-0.005250	0.002834	-0.009358	0.344286	-0.021962	0.938608	0.208656	-0.972935	-0.099301	0.915385	0.230034	-0.330386
22585	9.229824	-0.968456	-3.262845	-0.007968	0.004789	-0.006621	0.344241	-0.021971	0.938624	0.208641	-0.972939	-0.099293	0.915405	0.230017	-0.330341
22586	9.222287	-0.943423	-3.278143	-0.004919	0.003836	-0.005635	0.344063	-0.022020	0.938688	0.208558	-0.972959	-0.099268	0.915491	0.229925	-0.330166
22587	9.229765	-0.963538	-3.270583	-0.005363	0.006394	-0.006701	0.344006	-0.021985	0.938710	0.208627	-0.972947	-0.099242	0.915497	0.229980	-0.330113
22588	9.220946	-0.959905	-3.267847	-0.002875	0.006784	-0.006838	0.343926	-0.021932	0.938741	0.208746	-0.972925	-0.099209	0.915500	0.230078	-0.330036
22589	9.223014	-0.936956	-3.284099	-0.004183	0.004317	-0.004426	0.343826	-0.021962	0.938776	0.208812	-0.972908	-0.099238	0.915522	0.230148	-0.329925
22590	9.207451	-0.923369	-3.270023	-0.008540	0.004806	-0.005969	0.343866	-0.021884	0.938764	0.208812	-0.972915	-0.099167	0.915507	0.230125	-0.329982
22591	9.200763	-0.936804	-3.300272	-0.012536	0.001485	-0.005893	0.343842	-0.021854	0.938773	0.208667	-0.972955	-0.099078	0.915550	0.229958	-0.329982
22592	9.283740	-0.977878	-3.225291	-0.007781	0.005932	-0.005341	0.343653	-0.021914	0.938841	0.208271	-0.973053	-0.098948	0.915711	0.229537	-0.329829
22593	9.248705	-0.971820	-3.198869	0.001950	0.011161	-0.005060	0.343538	-0.021963	0.938882	0.208477	-0.973000	-0.099042	0.915707	0.229760	-0.329683
22594	9.206597	-0.947183	-3.248529	-0.002291	0.006086	-0.006295	0.343378	-0.021995	0.938940	0.208486	-0.972998	-0.099038	0.915765	0.229763	-0.329521
22595	9.215915	-0.923453	-3.285493	-0.012745	0.004469	-0.003878	0.343347	-0.021973	0.938952	0.208203	-0.973072	-0.098905	0.915841	0.229451	-0.329526
22596	9.217087	-0.982428	-3.272229	-0.006893	0.004823	-0.009147	0.343332	-0.021865	0.938960	0.208334	-0.973051	-0.098837	0.915817	0.229551	-0.329524
22597	9.236857	-0.945966	-3.249515	0.010675	0.003969	-0.012144	0.343224	-0.021734	0.939002	0.208877	-0.972931	-0.098868	0.915733	0.230070	-0.329394
22598	9.264673	-0.933675	-3.210331	0.010651	0.006094	-0.005877	0.343209	-0.021711	0.939008	0.209496	-0.972779	-0.099063	0.915598	0.230717	-0.329318
22599	9.224809	-0.924134	-3.223177	0.006190	0.002680	-0.003320	0.343197	-0.021743	0.939012	0.209900	-0.972674	-0.099238	0.915510	0.231157	-0.329255
22600	9.228603	-0.904470	-3.221207	0.004347	-0.002577	-0.005331	0.343159	-0.021772	0.939025	0.209999	-0.972647	-0.099293	0.915501	0.231268	-0.329200
22601	9.253310	-0.927710	-3.227747	-0.003105	-0.004433	-0.003732	0.343211	-0.021810	0.939005	0.209862	-0.972676	-0.099298	0.915513	0.231141	-0.329256
22602	9.262936	-0.940675	-3.211682	-0.002136	-0.003523	0.000561	0.343249	-0.021916	0.938989	0.209708	-0.972702	-0.099362	0.915534	0.231019	-0.329283
22603	9.254661	-0.917611	-3.228401	-0.004870	-0.000892	0.002104	0.343470	-0.021982	0.938906	0.209795	-0.972667	-0.099519	0.915431	0.231160	-0.329471
22604	9.225103	-0.888932	-3.261756	-0.020558	-0.001601	0.007973	0.343635	-0.022233	0.938840	0.209412	-0.972733	-0.099685	0.915457	0.230860	-0.329609
22605	9.230810	-0.924601	-3.317365	-0.030510	-0.003169	0.008516	0.343996	-0.022418	0.938703	0.208897	-0.972833	-0.099785	0.915439	0.230418	-0.329968
22606	9.196351	-0.985168	-3.341344	-0.026985	0.002069	0.007964	0.343892	-0.022757	0.938734	0.207989	-0.973028	-0.099782	0.915685	0.229561	-0.329883
22607	9.173254	-1.026458	-3.382898	-0.008494	0.004848	0.004491	0.343758	-0.023011	0.938776	0.208083	-0.972981	-0.100044	0.915714	0.229735	-0.329682
22608	9.168165	-0.979926	-3.336385	0.000070	0.001934	-0.001744	0.343798	-0.023110	0.938759	0.208163	-0.972949	-0.100187	0.915680	0.229859	-0.329688
22609	9.248857	-0.981881	-3.256549	-0.002302	0.002002	-0.010202	0.343755	-0.022940	0.938779	0.208106	-0.972983	-0.099979	0.915710	0.229733	-0.329694
22610	9.293720	-1.039035	-3.148179	0.010451	0.012418	-0.008589	0.343571	-0.022845	0.938849	0.208629	-0.972867	-0.100020	0.915660	0.230236	-0.329483
22611	9.235770	-0.950364	-3.107523	0.022156	0.013898	-0.010472	0.343418	-0.022724	0.938908	0.209451	-0.972677	-0.100151	0.915530	0.231049	-0.329275
22612	9.305753	-0.963166	-3.094574	0.019207	0.005874	-0.016258	0.343302	-0.022454	0.938957	0.210321	-0.972489	-0.100153	0.915373	0.231866	-0.329135
22613	9.257203	-1.012583	-3.093501	0.030912	0.001339	-0.009238	0.343410	-0.022244	0.938922	0.211208	-0.972283	-0.100284	0.915129	0.232746	-0.329194
22614	9.314393	-0.970560	-3.024599	0.042383	0.000388	-0.011234	0.343282	-0.022127	0.938972	0.212413	-0.971992	-0.100562	0.914898	0.233971	-0.328967
22615	9.292690	-0.939473	-3.007019	0.038276	0.002714	-0.001628	0.343296	-0.022139	0.938966	0.213579	-0.971691	-0.100997	0.914621	0.235215	-0.328849
22616	9.231153	-0.905296	-3.064895	0.024851	-0.008817	0.007212	0.343667	-0.022293	0.938827	0.214124	-0.971524	-0.101451	0.914354	0.235891	-0.329108
22617	9.247667	-0.877076	-3.125724	0.002164	-0.020716	0.015999	0.344462	-0.022572	0.938529	0.214366	-0.971409	-0.102040	0.913998	0.236338	-0.329775
22618	9.249890	-0.889480	-3.161824	-0.000090	-0.022677	0.022188	0.345117	-0.023072	0.938276	0.214200	-0.971379	-0.102673	0.913790	0.236413	-0.330297
22619	9.235591	-0.891249	-3.185588	-0.009152	-0.026581	0.030550	0.346002	-0.023719	0.937934	0.213951	-0.971347	-0.103490	0.913514	0.236480	-0.331013
22620	9.233615	-0.914123	-3.234883	-0.015423	-0.037287	0.034693	0.347246	-0.024383	0.937457	0.213628	-0.971321	-0.104395	0.913117	0.236518	-0.332079
22621	9.215047	-0.937538	-3.254857	-0.026634	-0.044031	0.042438	0.348649	-0.025188	0.936915	0.212944	-0.971368	-0.105356	0.912742	0.236242	-0.333303
22622	9.186303	-1.061602	-3.356061	-0.032339	-0.045973	0.042707	0.350049	-0.025982	0.936371	0.211930	-0.971499	-0.106183	0.912443	0.235614	-0.334566
22623	9.101343	-1.066305	-3.437844	-0.028352	-0.054896	0.041364	0.351535	-0.026713	0.935794	0.210956	-0.971624	-0.106982	0.912097	0.235019	-0.335924
22624	9.137185	-0.910586	-3.437972	-0.045977	-0.062317	0.027361	0.353386	-0.026998	0.935088	0.209987	-0.971786	-0.107415	0.911605	0.234315	-0.337746
22625	9.227475	-0.746017	-3.485067	-0.149744	-0.056224	0.040752	0.354837	-0.027779	0.934515	0.206313	-0.972591	-0.107248	0.911880	0.230858	-0.339380
22626	9.102904	-1.140785	-3.665729	-0.246541	-0.044827	0.068266	0.356308	-0.029241	0.933911	0.200112	-0.973930	-0.106841	0.912688	0.224955	-0.341168
22627	8.934655	-1.034759	-4.085208	-0.228876	-0.036618	0.045460	0.357458	-0.030195	0.933441	0.194759	-0.975093	-0.106124	0.913396	0.219731	-0.342674
22628	8.928487	-0.968233	-4.370177	-0.233027	-0.036563	0.030422	0.358774	-0.030673	0.932920	0.189468	-0.976261	-0.104962	0.913993	0.214416	-0.344446
22629	9.056969	-0.869818	-4.269354	-0.208663	-0.034958	0.015958	0.359873	-0.030858	0.932491	0.184980	-0.977253	-0.103727	0.914480	0.209820	-0.345979
22630	9.185773	-0.844075	-3.895429	-0.225906	0.001594	0.009838	0.360007	-0.031096	0.932431	0.180002	-0.978350	-0.102125	0.915420	0.204605	-0.346616
22631	9.226305	-1.477993	-3.193273	-0.174560	0.054467	0.001364	0.358778	-0.031453	0.932893	0.176060	-0.979213	-0.100725	0.916668	0.200383	-0.345783
22632	9.464424	-1.250543	-2.521059	-0.112304	0.070956	-0.012243	0.357254	-0.031528	0.933475	0.173798	-0.979731	-0.099605	0.917695	0.197821	-0.344534
22633	9.505232	-0.970796	-2.337487	-0.178099	0.085146	0.014972	0.355543	-0.032313	0.934101	0.169745	-0.980550	-0.098529	0.919117	0.193590	-0.343143
22634	9.390056	-1.026222	-2.569599	-0.256377	0.069935	0.046353	0.354107	-0.033912	0.934590	0.163555	-0.981695	-0.097590	0.920792	0.187414	-0.342079
22635	9.342473	-1.008913	-2.711234	-0.257476	0.068890	0.059998	0.352861	-0.035803	0.934990	0.156979	-0.982839	-0.096878	0.922414	0.180958	-0.341185
22636	9.364429	-1.021537	-2.825085	-0.225083	0.076433	0.064080	0.351319	-0.037821	0.935491	0.151237	-0.983769	-0.096569	0.923960	0.175408	-0.339897
22637	9.335563	-1.010289	-2.845149	-0.167575	0.084265	0.064694	0.349726	-0.039821	0.936005	0.146998	-0.984388	-0.096804	0.925248	0.171446	-0.338413
22638	9.222150	-0.961056	-2.946012	-0.115510	0.078839	0.067625	0.348344	-0.041788	0.936435	0.144070	-0.984749	-0.097536	0.926229	0.168888	-0.337011
22639	8.890109	-0.847882	-3.585873	-0.068549	0.025664	0.064757	0.348100	-0.043538	0.936446	0.141996	-0.984947	-0.098576	0.926641	0.167286	-0.336678
22640	8.634379	-0.673911	-4.439467	-0.037719	-0.070042	0.031238	0.349903	-0.044085	0.935748	0.140843	-0.985062	-0.099074	0.926138	0.166460	-0.338467
22641	8.729753	-0.784364	-4.684140	0.059955	-0.130185	-0.005926	0.353165	-0.043366	0.934556	0.142563	-0.984765	-0.099570	0.924635	0.168397	-0.341602
22642	8.865244	-0.674968	-4.657881	0.193421	-0.158352	-0.034627	0.356842	-0.041846	0.933227	0.147389	-0.983962	-0.100479	0.922464	0.173402	-0.344951
22643	9.040739	-0.696479	-4.161616	0.253656	-0.144792	-0.047966	0.360139	-0.040030	0.932040	0.153716	-0.982877	-0.101609	0.920148	0.179863	-0.347819
22644	9.283365	-0.802263	-3.301643	0.299100	-0.094203	-0.051700	0.362346	-0.038274	0.931257	0.161370	-0.981491	-0.103127	0.917968	0.187644	-0.349463
22645	9.531530	-0.623458	-2.584303	0.230619	-0.061738	-0.018218	0.363792	-0.037546	0.930723	0.166829	-0.980405	-0.104759	0.916419	0.193382	-0.350400
22646	9.444103	-0.571574	-2.503895	0.032017	-0.049835	0.060465	0.365366	-0.038735	0.930058	0.167243	-0.980144	-0.106521	0.915717	0.194465	-0.351634
22647	9.402013	-0.815786	-2.910998	-0.176669	-0.053994	0.115295	0.367102	-0.041367	0.929261	0.162150	-0.980869	-0.107721	0.915939	0.190224	-0.353371
22648	9.284418	-1.047997	-3.468912	-0.281398	-0.023428	0.151976	0.368469	-0.044900	0.928555	0.154652	-0.981954	-0.108851	0.916686	0.183711	-0.354876
22649	9.129940	-1.224336	-3.812673	-0.336103	-0.005252	0.156420	0.369282	-0.048740	0.928038	0.145700	-0.983238	-0.109615	0.917825	0.175694	-0.355991
22650	9.122646	-1.257042	-3.805913	-0.360523	0.032438	0.141939	0.369090	-0.052411	0.927915	0.136052	-0.984606	-0.109729	0.919381	0.166744	-0.356278
22651	9.113173	-1.470219	-3.480319	-0.380850	0.048703	0.121660	0.368470	-0.055637	0.927973	0.126174	-0.985978	-0.109214	0.921037	0.157328	-0.356284
22652	9.239684	-1.437980	-3.008365	-0.322075	0.057399	0.086216	0.367234	-0.058182	0.928307	0.117563	-0.987134	-0.108376	0.922669	0.148934	-0.355669
22653	9.363896	-1.353868	-2.678504	-0.239661	0.067448	0.074526	0.365926	-0.060325	0.928687	0.111221	-0.987910	-0.107996	0.923974	0.142808	-0.354793
22654	9.233569	-1.084260	-2.646222	-0.217216	0.037310	0.072305	0.365397	-0.062253	0.928768	0.105597	-0.988548	-0.107804	0.924843	0.137466	-0.354639
22655	9.150613	-1.061067	-2.924798	-0.242179	0.002553	0.080982	0.365795	-0.064245	0.928475	0.099502	-0.989197	-0.107648	0.925361	0.131762	-0.355451
22656	9.019668	-1.298613	-3.271519	-0.226055	-0.049674	0.077220	0.367286	-0.065985	0.927764	0.093694	-0.989782	-0.107488	0.925377	0.126405	-0.357351
22657	9.003968	-1.204319	-3.624028	-0.128011	-0.095224	0.048185	0.369789	-0.066844	0.926708	0.090569	-0.990065	-0.107554	0.924691	0.123703	-0.360062
22658	9.000792	-1.156231	-3.780212	-0.050197	-0.104864	0.017734	0.372245	-0.067068	0.925708	0.089234	-0.990179	-0.107622	0.923835	0.122666	-0.362605
22659	9.067578	-1.208474	-3.654533	0.031008	-0.105832	-0.005279	0.374891	-0.066625	0.924672	0.090271	-0.990051	-0.107935	0.922663	0.123935	-0.365147
22660	9.279300	-1.164483	-3.245139	0.069688	-0.083941	-0.002017	0.376998	-0.066321	0.923836	0.092127	-0.989802	-0.108652	0.921621	0.126072	-0.367044
22661	9.328038	-1.086081	-2.950874	0.063546	-0.050296	0.013474	0.378387	-0.066512	0.923255	0.093390	-0.989583	-0.109566	0.920924	0.127681	-0.368234
22662	9.168026	-1.060091	-3.184927	0.025662	-0.045604	0.037461	0.379817	-0.067204	0.922617	0.093822	-0.989416	-0.110694	0.920291	0.128605	-0.369492
22663	8.891444	-0.919415	-3.785623	-0.030095	-0.084671	0.055470	0.382020	-0.068290	0.921628	0.092801	-0.989391	-0.111777	0.919483	0.128229	-0.371629
22664	8.792272	-0.940465	-4.419632	-0.057729	-0.121471	0.057892	0.385130	-0.069295	0.920257	0.091135	-0.989447	-0.112645	0.918352	0.127251	-0.374750
22665	8.792375	-0.628186	-4.982600	-0.074259	-0.137877	0.038802	0.388640	-0.069699	0.918749	0.089588	-0.989552	-0.112967	0.917024	0.126212	-0.378336
22666	8.584493	-0.836885	-5.327441	-0.150328	-0.149480	0.043895	0.392384	-0.070283	0.917113	0.085940	-0.989913	-0.112631	0.915778	0.123011	-0.382386
22667	8.624964	-1.218427	-5.196009	-0.090446	-0.146039	0.006930	0.395852	-0.070004	0.915642	0.083920	-0.990160	-0.111981	0.914472	0.121169	-0.386082
22668	8.877119	-1.204371	-4.571002	0.002085	-0.107444	-0.044450	0.398432	-0.068491	0.914637	0.084815	-0.990184	-0.111095	0.913268	0.121839	-0.388711
22669	9.140647	-1.420028	-3.544069	0.056715	-0.042442	-0.060326	0.399464	-0.066796	0.914312	0.087115	-0.990063	-0.110391	0.912601	0.123747	-0.389675
22670	9.277881	-1.468794	-2.730066	0.061525	-0.028180	-0.059709	0.400229	-0.065113	0.914099	0.089616	-0.989911	-0.109750	0.912023	0.125843	-0.390356
22671	9.266834	-1.234120	-2.382441	-0.018868	-0.036382	-0.031678	0.401148	-0.064149	0.913764	0.089948	-0.989965	-0.108986	0.911586	0.125911	-0.391353
22672	9.288558	-1.184423	-2.564073	-0.134692	-0.070603	-0.012083	0.402971	-0.063452	0.913010	0.087496	-0.990353	-0.107445	0.911021	0.123182	-0.393532
22673	9.115582	-1.281686	-3.121946	-0.204786	-0.105211	0.012704	0.405551	-0.063379	0.911873	0.083088	-0.990907	-0.105826	0.910288	0.118683	-0.396597
22674	8.932618	-1.341145	-3.925297	-0.183359	-0.146299	0.007735	0.409005	-0.063113	0.910347	0.079218	-0.991384	-0.104322	0.909087	0.114784	-0.400481
22675	8.688525	-0.902789	-4.334844	-0.123763	-0.159798	-0.015067	0.412781	-0.062196	0.908705	0.077004	-0.991711	-0.102856	0.907570	0.112431	-0.404570
22676	8.728046	-0.856864	-4.234863	-0.135789	-0.188175	-0.046541	0.417076	-0.060495	0.906856	0.074797	-0.992113	-0.100583	0.905788	0.109781	-0.409262
22677	9.239180	-1.038825	-3.493002	-0.107561	-0.183062	-0.049284	0.421429	-0.058492	0.904973	0.073692	-0.992409	-0.098460	0.903862	0.108183	-0.413920
22678	9.367354	-1.035280	-2.800475	-0.074010	-0.147141	-0.004613	0.424956	-0.057823	0.903365	0.072677	-0.992557	-0.097720	0.902292	0.107181	-0.417590
22679	9.301671	-0.844152	-2.462477	-0.143529	-0.120960	0.028437	0.427924	-0.058095	0.901946	0.069660	-0.992844	-0.096999	0.901126	0.104338	-0.420815
22680	9.091029	-0.797981	-2.850759	-0.282433	-0.150454	0.066972	0.431540	-0.059356	0.900139	0.062925	-0.993422	-0.095674	0.899897	0.097929	-0.424966
22681	8.834208	-0.528736	-3.779932	-0.427812	-0.216316	0.092460	0.436751	-0.060970	0.897514	0.052909	-0.994232	-0.093287	0.898025	0.088230	-0.431006
22682	8.556573	-1.044211	-5.159477	-0.532078	-0.296923	0.097323	0.443580	-0.062877	0.894027	0.040024	-0.995151	-0.089847	0.895341	0.075637	-0.438912
22683	8.314829	-0.935371	-6.228845	-0.461698	-0.356106	0.043046	0.451673	-0.063371	0.889930	0.029401	-0.995875	-0.085837	0.891699	0.064935	-0.447947
22684	8.396954	-0.412081	-5.934645	-0.399227	-0.353443	-0.053190	0.459588	-0.061603	0.885993	0.021218	-0.996545	-0.080297	0.887879	0.055703	-0.456693
22685	8.904421	-0.659867	-5.112707	-0.335805	-0.304332	-0.094071	0.466366	-0.058968	0.882624	0.014929	-0.997109	-0.074506	0.884466	0.047924	-0.464137
22686	9.185613	-0.758135	-4.019342	-0.261234	-0.226547	-0.051908	0.471426	-0.057536	0.880027	0.009810	-0.997466	-0.070469	0.881851	0.041854	-0.469667
22687	9.309245	-0.468805	-3.435315	-0.285019	-0.175655	-0.000826	0.475369	-0.057455	0.877908	0.003595	-0.997730	-0.067243	0.879779	0.035121	-0.474083
22688	9.148275	-0.179237	-3.536322	-0.475269	-0.158192	0.037958	0.478914	-0.058394	0.875918	-0.007248	-0.998014	-0.062571	0.877832	0.023617	-0.478386
22689	9.253170	0.032473	-3.846732	-0.674126	-0.205637	0.024464	0.483478	-0.059035	0.873364	-0.022264	-0.998230	-0.055150	0.875074	0.007220	-0.483936
22690	8.952516	-0.267132	-4.226650	-0.738491	-0.172774	0.053635	0.487275	-0.060478	0.871152	-0.038980	-0.998111	-0.047488	0.872378	-0.010817	-0.488712
22691	8.656265	-0.822461	-4.820297	-0.670618	-0.200724	0.077665	0.491616	-0.062607	0.868559	-0.054462	-0.997670	-0.041088	0.869108	-0.027105	-0.493880
22692	8.720020	-0.667754	-4.908637	-0.548702	-0.174484	0.054194	0.495378	-0.064210	0.866301	-0.066974	-0.997119	-0.035609	0.866092	-0.040380	-0.498251
22693	8.704041	-0.532737	-4.652717	-0.530309	-0.173191	0.021655	0.499139	-0.065062	0.864076	-0.078652	-0.996463	-0.029597	0.862945	-0.053188	-0.502490
22694	7.970096	-0.116143	-5.231389	-0.380188	-0.139283	-0.026314	0.502249	-0.064718	0.862298	-0.086459	-0.995957	-0.024392	0.860390	-0.062303	-0.505814
22695	8.539705	-0.848694	-5.424718	-0.445331	-0.238911	-0.047136	0.507539	-0.064062	0.859244	-0.095370	-0.995281	-0.017871	0.856335	-0.072876	-0.511253
22696	8.488995	-0.324277	-5.199672	-0.313022	-0.199127	-0.041996	0.511951	-0.063519	0.856663	-0.101482	-0.994751	-0.013112	0.852999	-0.080223	-0.515709
22697	8.478662	0.143056	-5.067061	-0.292302	-0.219980	-0.069073	0.516865	-0.062387	0.853791	-0.106777	-0.994251	-0.008011	0.849382	-0.087024	-0.520554
22698	9.000732	-0.503609	-4.933165	-0.226622	-0.211789	-0.091687	0.521654	-0.060705	0.850995	-0.110349	-0.993888	-0.003255	0.845990	-0.092208	-0.525165
22699	8.674562	-0.245465	-4.705922	-0.009639	-0.122490	-0.062918	0.524466	-0.059551	0.849346	-0.109696	-0.993963	-0.001954	0.844335	-0.092145	-0.527833
22700	8.447928	0.772759	-4.588725	-0.007616	-0.149547	-0.077134	0.527880	-0.058109	0.847329	-0.108811	-0.994062	-0.000383	0.842320	-0.091997	-0.531068
22701	8.775667	0.856124	-4.597947	-0.150044	-0.148423	-0.076333	0.531260	-0.056679	0.845311	-0.110915	-0.993825	0.003071	0.839917	-0.095389	-0.534266
22702	9.132912	0.489128	-4.201158	-0.185514	-0.096272	-0.077614	0.533547	-0.055093	0.843974	-0.113720	-0.993488	0.007039	0.838090	-0.099733	-0.536337
22703	8.867733	0.163933	-3.950568	-0.136795	0.039860	-0.012419	0.532795	-0.054784	0.844469	-0.116362	-0.993166	0.008984	0.838206	-0.103051	-0.535529
22704	8.885286	0.085109	-3.516917	-0.113655	0.061244	-0.000056	0.531556	-0.054722	0.845253	-0.118682	-0.992878	0.010357	0.838667	-0.105821	-0.534265
22705	8.789273	0.127608	-3.294017	-0.130158	0.185729	0.027999	0.527616	-0.055015	0.847700	-0.121721	-0.992500	0.011348	0.840717	-0.109170	-0.530355
22706	8.826133	-0.025970	-2.909809	-0.166603	0.254560	0.026747	0.522213	-0.055066	0.851036	-0.125513	-0.992009	0.012829	0.843529	-0.113516	-0.524951
22707	9.031444	0.154743	-2.782930	-0.150882	0.340329	-0.007697	0.515079	-0.053989	0.855441	-0.128535	-0.991594	0.014812	0.847451	-0.117583	-0.517689
22708	9.494276	1.085085	-1.853139	-0.195226	0.489827	-0.101656	0.505028	-0.050091	0.861648	-0.131316	-0.991152	0.019348	0.853055	-0.122920	-0.507138
22709	9.609457	1.745839	-0.488470	-0.522190	0.616533	-0.175231	0.492456	-0.043834	0.869233	-0.140218	-0.989680	0.029532	0.858968	-0.136425	-0.493520
22710	10.164608	1.841001	0.419694	-0.903709	0.711365	-0.249381	0.478078	-0.035101	0.877616	-0.156544	-0.986608	0.045817	0.864254	-0.159290	-0.477170
22711	11.778008	1.920662	0.501930	-1.173998	0.973251	-0.243257	0.458000	-0.024916	0.888603	-0.179019	-0.981713	0.064742	0.870740	-0.188728	-0.454085
22712	12.456559	1.402066	-0.318662	-1.335247	1.456461	-0.227995	0.427207	-0.011877	0.904076	-0.205559	-0.975005	0.084324	0.880477	-0.221865	-0.418970
22713	13.142379	1.029011	-1.881832	-1.416723	1.381650	-0.032992	0.396845	-0.002823	0.917881	-0.236337	-0.966593	0.099207	0.886938	-0.256299	-0.384255
22714	14.041248	0.134285	-4.117190	-1.249716	1.279294	0.162533	0.367360	0.001935	0.930077	-0.265481	-0.958177	0.106852	0.891385	-0.286171	-0.351483
22715	12.236713	-0.935786	-6.091580	-0.939599	1.171287	0.274301	0.339268	0.004066	0.940681	-0.288710	-0.951278	0.108238	0.895290	-0.308306	-0.321564
22716	10.836329	-2.318842	-7.909102	-0.286311	1.074188	0.404756	0.312131	0.002756	0.950035	-0.298292	-0.949142	0.100757	0.901996	-0.314837	-0.295434
22717	9.892883	-2.599783	-7.252429	0.810617	1.546761	0.336244	0.274443	0.006434	0.961582	-0.282207	-0.955406	0.086937	0.919261	-0.295224	-0.260389
22718	10.049357	-0.114674	-6.409712	1.608469	1.965593	0.051033	0.228333	0.018592	0.973406	-0.245047	-0.966532	0.075942	0.942240	-0.255870	-0.216135
22719	10.227770	0.460625	-5.485799	1.449066	2.020585	-0.089240	0.180749	0.032591	0.982989	-0.210083	-0.975105	0.070959	0.960830	-0.219335	-0.169403
22720	10.556305	1.311826	-4.948326	1.471908	2.157825	-0.102683	0.128977	0.045733	0.990592	-0.174012	-0.982392	0.068012	0.976261	-0.181147	-0.118748
22721	9.729852	2.855399	-4.270349	1.143033	2.451063	-0.213704	0.069674	0.060967	0.995705	-0.145391	-0.986852	0.070598	0.986918	-0.149686	-0.059894
22722	8.181190	2.405862	-3.756041	0.759748	2.466284	-0.182111	0.009293	0.073841	0.997227	-0.126351	-0.989190	0.074423	0.991942	-0.126692	0.000137
22723	8.165719	1.972089	-3.303417	0.754837	2.318424	-0.283136	-0.047385	0.087384	0.995047	-0.107662	-0.990810	0.081885	0.993058	-0.103249	0.056357
22724	7.965021	2.379693	-2.502843	0.917979	2.121108	-0.342479	-0.099141	0.100491	0.989986	-0.085402	-0.992076	0.092151	0.991402	-0.075411	0.106937
22725	7.575491	2.771651	-1.218215	0.849797	1.733173	-0.247501	-0.141506	0.109233	0.983892	-0.064983	-0.992775	0.100873	0.987802	-0.049662	0.147582
22726	7.934162	2.953560	0.145988	0.470208	1.471245	-0.196192	-0.177395	0.115538	0.977334	-0.054015	-0.992731	0.107554	0.982656	-0.033711	0.182347
22727	8.435853	1.637985	0.812579	0.027893	1.230456	-0.085268	-0.207358	0.118534	0.971057	-0.053544	-0.992519	0.109720	0.976799	-0.029243	0.212153
22728	8.430664	0.977014	0.999111	-0.065879	0.921230	0.085914	-0.229848	0.116973	0.966171	-0.054469	-0.992741	0.107232	0.971701	-0.027980	0.234551
22729	8.957202	0.394308	2.034761	-0.223300	0.811595	0.213017	-0.249747	0.112195	0.961789	-0.058392	-0.993202	0.100697	0.966549	-0.031012	0.254600
22730	8.307786	0.032753	2.086569	-0.430720	0.703002	0.283277	-0.267066	0.105687	0.957865	-0.066738	-0.993610	0.091023	0.961365	-0.039616	0.272413
22731	6.901507	-0.008714	2.185008	-0.645112	0.352706	0.355741	-0.276113	0.097167	0.956201	-0.079605	-0.993770	0.077998	0.957823	-0.054582	0.282128
22732	5.987779	-0.268922	1.720425	-0.777267	-0.229254	0.435490	-0.271509	0.085878	0.958597	-0.095051	-0.993534	0.062086	0.957731	-0.074259	0.277917
22733	5.309464	-0.372593	0.071499	-0.706959	-0.911643	0.423541	-0.250649	0.073343	0.965296	-0.109078	-0.992916	0.047118	0.961913	-0.093482	0.256874
22734	5.430825	-0.637797	-2.434553	-0.696349	-1.606565	0.420784	-0.213018	0.058641	0.975287	-0.123289	-0.991832	0.032707	0.969238	-0.113275	0.218508
22735	6.615280	-1.987059	-3.917032	-0.879645	-2.103326	0.596143	-0.163756	0.037161	0.985801	-0.141734	-0.989809	0.013768	0.976266	-0.137467	0.167354
22736	11.891083	-5.489087	0.181112	-1.050211	-1.692121	0.725418	-0.125104	0.012723	0.992062	-0.164672	-0.986315	-0.008117	0.978382	-0.164381	0.125487
22737	22.293826	-5.398332	11.556107	1.307349	0.141814	-0.152754	-0.127937	0.016862	0.991639	-0.133071	-0.991106	-0.000315	0.982814	-0.131999	0.129043
22738	13.653130	1.587641	-0.702386	4.833213	0.504800	-0.563906	-0.139290	0.031636	0.989746	-0.015641	-0.999435	0.029745	0.990128	-0.011337	0.139707
22739	6.177616	8.292823	0.307322	2.972561	-0.398662	0.277632	-0.129190	0.024794	0.991310	0.058889	-0.997731	0.032629	0.989870	0.062593	0.127436
22740	6.165130	7.080165	0.418293	-0.847440	-0.908603	0.843220	-0.105524	0.004807	0.994405	0.040451	-0.999140	0.009122	0.993594	0.041187	0.105239
22741	8.328584	-1.064754	-1.430216	-2.391234	-1.412970	0.264094	-0.070180	-0.001469	0.997533	-0.018311	-0.999829	-0.002761	0.997366	-0.018460	0.070141
22742	12.016662	-2.865007	-1.784196	-1.072232	-1.260351	-0.120397	-0.038549	0.000454	0.999257	-0.045050	-0.998984	-0.001284	0.998241	-0.045066	0.038530
22743	12.860743	-1.615368	-0.842385	0.130356	-0.646663	0.459462	-0.022809	-0.011826	0.999670	-0.041307	-0.999065	-0.012762	0.998886	-0.041585	0.022299
22744	9.421479	-0.562044	-0.191376	0.667028	-0.203917	0.272751	-0.017845	-0.018923	0.999662	-0.024391	-0.999515	-0.019356	0.999543	-0.024728	0.017375
22745	9.377907	0.153250	-0.305174	0.706186	-0.605707	0.335637	-0.002739	-0.027663	0.999614	-0.006545	-0.999595	-0.027681	0.999975	-0.006618	0.002557
22746	9.865006	0.486896	-0.506014	0.377157	-0.582252	0.324238	0.011902	-0.035900	0.999285	0.002959	-0.999350	-0.035937	0.999925	0.003385	-0.011788
22747	9.523267	0.193700	-0.835748	0.037334	-0.778215	0.285981	0.031478	-0.043064	0.998576	0.003859	-0.999059	-0.043206	0.999497	0.005214	-0.031282
22748	10.047989	0.054078	-1.065350	-0.212396	-0.893492	0.308789	0.053907	-0.050804	0.997253	-0.001648	-0.998708	-0.050789	0.998545	0.001095	-0.053921
22749	9.910273	-0.461790	-1.142007	-0.504511	-0.826007	0.225766	0.074573	-0.056629	0.995606	-0.014464	-0.998343	-0.055701	0.997111	-0.010247	-0.075269
22750	9.643521	-1.032955	-0.881929	-0.497962	-0.808599	0.206154	0.094709	-0.062186	0.993561	-0.027170	-0.997837	-0.059864	0.995134	-0.021326	-0.096194
22751	10.066078	-0.848909	-0.357244	-0.263116	-0.787793	0.184643	0.114248	-0.067360	0.991166	-0.034069	-0.997377	-0.063856	0.992868	-0.026472	-0.116243
22752	9.863043	-1.057900	-0.507237	-0.245991	-0.608585	0.166556	0.129283	-0.072054	0.988986	-0.040558	-0.996906	-0.067329	0.990778	-0.031407	-0.131806
22753	9.361922	-1.025326	-0.819412	-0.269483	-0.666700	0.173998	0.145680	-0.077063	0.986326	-0.047714	-0.996349	-0.070799	0.988180	-0.036747	-0.148825
22754	9.628716	-1.028292	-1.483268	-0.376975	-0.743750	0.173262	0.163889	-0.082243	0.983045	-0.057580	-0.995617	-0.073696	0.984797	-0.044526	-0.167906
22755	9.776619	-0.588532	-1.952786	-0.428980	-0.747201	0.178188	0.182058	-0.087706	0.979368	-0.068796	-0.994709	-0.076291	0.980878	-0.053488	-0.187129
22756	9.596686	-0.660404	-2.179854	-0.505222	-0.661590	0.131702	0.198090	-0.092068	0.975850	-0.081691	-0.993666	-0.077166	0.976774	-0.064432	-0.204357
22757	9.692447	-1.097181	-2.286768	-0.384640	-0.586363	0.053193	0.212355	-0.094505	0.972612	-0.091244	-0.992882	-0.076553	0.972923	-0.072489	-0.219467
22758	10.056195	-1.165363	-2.182566	-0.228369	-0.395088	0.001583	0.222035	-0.095400	0.970360	-0.096712	-0.992449	-0.075442	0.970230	-0.077094	-0.229585
22759	9.434058	-0.915648	-1.965183	-0.097678	-0.292160	0.000730	0.229199	-0.096108	0.968623	-0.099001	-0.992255	-0.075027	0.968332	-0.078698	-0.236938
22760	9.444308	-0.597999	-2.134365	-0.152219	-0.399725	0.022257	0.238889	-0.097583	0.966131	-0.102732	-0.991894	-0.074783	0.965597	-0.081388	-0.246978
22761	9.515470	-0.707997	-2.282484	-0.327404	-0.353603	0.029602	0.247416	-0.099190	0.963819	-0.110724	-0.991124	-0.073577	0.962562	-0.088514	-0.256202
22762	9.372172	-1.122287	-2.669771	-0.344088	-0.379244	0.036105	0.256503	-0.101081	0.961243	-0.119139	-0.990239	-0.072338	0.959172	-0.095967	-0.266042
22763	9.337688	-1.041343	-3.185992	-0.256749	-0.417527	0.041787	0.266448	-0.103271	0.958301	-0.125486	-0.989498	-0.071743	0.955646	-0.101138	-0.276609
22764	9.170500	-0.802557	-3.352381	-0.192357	-0.453632	-0.018993	0.277404	-0.104100	0.955097	-0.129879	-0.989050	-0.070078	0.951934	-0.104607	-0.287887
22765	9.245152	-1.046090	-3.642913	-0.127650	-0.520329	-0.066264	0.290056	-0.103967	0.951346	-0.132378	-0.988884	-0.067708	0.947810	-0.106298	-0.300595
22766	9.483293	-1.407960	-2.807406	-0.019289	-0.534860	-0.078786	0.303042	-0.103571	0.947332	-0.132194	-0.989035	-0.065843	0.943764	-0.105279	-0.313410
22767	9.594955	-1.405575	-1.461353	0.195558	-0.506594	-0.125053	0.315454	-0.101918	0.943452	-0.126577	-0.989850	-0.064608	0.940461	-0.099039	-0.325153
22768	9.173315	-1.255977	0.119064	0.063216	-0.517826	-0.167819	0.328198	-0.099181	0.939388	-0.123711	-0.990420	-0.061347	0.936473	-0.096078	-0.337324
22769	9.096593	-1.789299	0.001742	-0.188974	-0.780398	-0.235773	0.347197	-0.095405	0.932927	-0.126105	-0.990526	-0.054364	0.929275	-0.098771	-0.355939
22770	11.101119	-0.720796	-1.411730	-0.022115	-0.742207	-0.176537	0.364984	-0.093030	0.926354	-0.125040	-0.990879	-0.050244	0.922579	-0.097494	-0.373287
22771	9.566226	-0.376219	-1.571158	-0.238295	-0.458300	-0.044760	0.375713	-0.093244	0.922033	-0.130105	-0.990379	-0.047140	0.917558	-0.102250	-0.384230
22772	8.853163	-0.468097	-2.095389	-0.603448	-0.646893	-0.035648	0.390646	-0.094300	0.915698	-0.143542	-0.988811	-0.040593	0.909281	-0.115584	-0.399812
22773	9.031119	-1.267272	-2.680134	-0.885147	-0.768223	-0.070672	0.408308	-0.095145	0.907872	-0.162837	-0.986193	-0.030119	0.898203	-0.135537	-0.418164
22774	9.079664	-0.661911	-3.239686	-0.847068	-0.851548	-0.164181	0.428027	-0.094379	0.898824	-0.180025	-0.983506	-0.017542	0.885654	-0.154302	-0.437958
22775	9.735361	-0.063371	-4.492275	-0.926416	-1.002170	-0.181737	0.450905	-0.094237	0.887583	-0.198387	-0.980118	-0.003278	0.870245	-0.174607	-0.460636
22776	10.752899	0.441524	-3.679154	-0.847375	-0.707627	-0.324702	0.467878	-0.089749	0.879224	-0.212988	-0.976960	0.013615	0.857745	-0.193635	-0.476213
22777	10.979660	1.417458	-1.797474	-0.621858	-0.095346	-0.410448	0.472160	-0.080408	0.877838	-0.221486	-0.974707	0.029849	0.853234	-0.208523	-0.478027
22778	9.768566	0.951098	-1.903183	-0.834003	0.163670	-0.359519	0.470736	-0.070941	0.879418	-0.235011	-0.970832	0.047481	0.850399	-0.229024	-0.473677
22779	9.137137	0.072681	-2.553368	-1.112142	0.008678	-0.237683	0.472014	-0.065299	0.879169	-0.255751	-0.964510	0.065672	0.843679	-0.255847	-0.471962
22780	8.976192	0.457208	-2.417219	-1.213850	-0.080439	-0.182221	0.474917	-0.061630	0.877870	-0.279055	-0.956611	0.083807	0.834615	-0.284775	-0.471509
22781	9.496510	0.355560	-2.326551	-1.290709	-0.184405	-0.287641	0.480819	-0.056331	0.875009	-0.302360	-0.947376	0.105157	0.823038	-0.315129	-0.472548
22782	11.445432	0.040245	-1.713107	-0.907573	0.070146	-0.354281	0.482104	-0.047565	0.874822	-0.316699	-0.940465	0.123395	0.816870	-0.336545	-0.468466
22783	12.024514	-0.272328	-1.253951	-0.460083	0.671723	-0.360623	0.471200	-0.033526	0.881389	-0.321829	-0.936919	0.136415	0.821217	-0.347935	-0.452266
22784	11.701964	-0.199743	-1.685170	-0.139486	1.069917	-0.294255	0.451410	-0.017459	0.892146	-0.321334	-0.935911	0.144274	0.832450	-0.351803	-0.428090
22785	11.265296	-0.736075	-2.962959	-0.161714	1.110067	-0.225104	0.429918	-0.002567	0.902864	-0.322267	-0.934561	0.150797	0.843394	-0.355794	-0.402612
22786	12.316567	-1.318897	-4.781436	0.047344	0.960389	0.021830	0.409312	0.005237	0.912380	-0.321540	-0.935001	0.149616	0.853859	-0.354606	-0.381023
22787	11.473768	-1.027475	-6.355114	0.398683	0.988952	0.122301	0.387006	0.010772	0.922014	-0.314267	-0.938522	0.142875	0.866869	-0.345052	-0.359829
22788	9.833777	-0.121044	-7.052732	0.845311	0.903205	0.162480	0.365959	0.014224	0.930522	-0.297439	-0.945651	0.131433	0.881819	-0.324873	-0.341838
22789	8.892207	0.199132	-7.276624	1.071128	0.901773	0.157450	0.344718	0.017212	0.938548	-0.275158	-0.954061	0.118559	0.897473	-0.299118	-0.324146
22790	8.533357	-0.034343	-6.613601	1.337485	1.294270	-0.067551	0.315755	0.027660	0.948437	-0.244425	-0.963469	0.109473	0.916818	-0.266388	-0.297459
22791	9.067792	-0.199946	-6.086381	1.604090	1.549090	-0.240523	0.281164	0.042695	0.958710	-0.205620	-0.973129	0.103640	0.937373	-0.226269	-0.264830
22792	10.360148	-0.651183	-5.671903	2.122366	1.823566	-0.196572	0.238793	0.056254	0.969440	-0.154210	-0.983455	0.095053	0.958748	-0.172195	-0.226168
22793	9.787245	1.148194	-4.986215	2.399302	2.197112	-0.153192	0.186053	0.067444	0.980222	-0.095491	-0.991677	0.086357	0.977888	-0.109669	-0.178065
22794	9.013952	1.927115	-4.825798	2.333637	2.294087	-0.154830	0.129840	0.075490	0.988657	-0.037616	-0.996005	0.080991	0.990821	-0.047705	-0.126482
22795	7.887197	2.954388	-4.513542	2.032523	2.261353	-0.109532	0.073684	0.079081	0.994141	0.013028	-0.996842	0.078330	0.997197	0.007180	-0.074482
22796	7.824082	2.692128	-4.069653	1.708639	2.055402	-0.175669	0.022296	0.081646	0.996412	0.055752	-0.995210	0.080300	0.998196	0.053762	-0.026741
22797	7.901719	3.214933	-3.165511	1.642939	1.861503	-0.258149	-0.024527	0.084310	0.996138	0.096617	-0.991573	0.086302	0.995019	0.098361	0.016174
22798	7.993645	3.502727	-2.038364	1.553147	1.645762	-0.270531	-0.066052	0.085916	0.994110	0.134808	-0.986383	0.094205	0.988668	0.140237	0.053571
22799	7.580768	4.382762	-0.838021	1.188360	1.360583	-0.265613	-0.100468	0.086988	0.991130	0.163550	-0.981176	0.102693	0.981406	0.172417	0.084350
22800	7.436980	3.099283	-0.486853	0.508295	0.860171	-0.187228	-0.122227	0.087597	0.988629	0.175553	-0.978484	0.108402	0.976853	0.186807	0.104219
22801	7.927411	1.052034	-0.077748	0.339524	0.563387	-0.006124	-0.135895	0.084950	0.987075	0.183929	-0.976834	0.109391	0.973500	0.196417	0.117122
22802	8.674430	0.162273	1.048393	0.457647	0.522834	0.209861	-0.147498	0.077087	0.986054	0.195914	-0.974927	0.105523	0.969465	0.208746	0.128697
22803	9.601224	0.269620	1.351235	0.295583	0.456921	0.253804	-0.157185	0.068377	0.985199	0.204149	-0.973803	0.100157	0.966238	0.216871	0.139108
22804	9.927892	1.238947	1.270468	-0.101805	0.437470	0.393403	-0.165643	0.056330	0.984576	0.203388	-0.974953	0.089997	0.964985	0.215158	0.150037
22805	9.373603	1.154772	1.667023	-0.758600	0.459784	0.641340	-0.173509	0.038189	0.984091	0.187903	-0.979608	0.071145	0.966740	0.197258	0.162795
22806	9.010876	0.090095	1.847616	-1.160242	0.323425	0.829740	-0.177600	0.016224	0.983969	0.163566	-0.985470	0.045771	0.970415	0.169073	0.172366
22807	7.572976	-0.782202	1.016478	-1.267059	-0.154306	0.902598	-0.170364	-0.005587	0.985365	0.136777	-0.990438	0.018032	0.975842	0.137847	0.169499
22808	6.848135	-1.918399	1.225467	-1.440411	-0.684261	0.940608	-0.150671	-0.026988	0.988216	0.105378	-0.994370	-0.011089	0.982952	0.102466	0.152666
22809	8.200389	-5.404511	0.953824	-1.242392	-1.088674	0.738105	-0.122056	-0.043107	0.991587	0.077331	-0.996432	-0.033799	0.989506	0.072555	0.124954
22810	8.877762	-5.953821	-1.654401	0.466617	-1.580713	0.050997	-0.082708	-0.041413	0.995713	0.089029	-0.995448	-0.034006	0.992589	0.085834	0.086018
22811	14.536002	0.730387	1.871034	3.575474	-0.429330	-0.663012	-0.074226	-0.023791	0.996958	0.175959	-0.984343	-0.010390	0.981595	0.174653	0.077251
22812	11.182393	4.511698	1.924443	4.083368	0.543853	-0.502364	-0.090160	-0.014791	0.995817	0.273942	-0.961689	0.010518	0.957511	0.273745	0.090757
22813	9.354931	6.071296	2.041178	2.639504	-0.160666	-0.008805	-0.086320	-0.013498	0.996176	0.336481	-0.941548	0.016399	0.937726	0.336609	0.085816
22814	10.094460	4.185984	1.563034	-0.020489	-0.778357	0.334780	-0.065136	-0.014936	0.997765	0.336698	-0.941580	0.007886	0.939357	0.336459	0.066360
22815	6.586243	-0.619079	-2.776181	-1.536236	-1.300249	0.407867	-0.031018	-0.014330	0.999416	0.300942	-0.953633	-0.004333	0.953138	0.300632	0.033892
22816	6.338578	0.488200	-2.783261	-1.413274	-2.173008	0.353484	0.023677	-0.007453	0.999692	0.267217	-0.963542	-0.013512	0.963346	0.267454	-0.020822
22817	13.356833	0.697975	-3.195511	-1.140161	-2.186211	-0.170237	0.075502	0.010460	0.997091	0.240022	-0.970734	-0.007992	0.967827	0.239928	-0.075803
22818	14.483649	-2.179612	-2.958595	-0.278947	-0.493845	0.133087	0.088362	0.010087	0.996037	0.233144	-0.972382	-0.010836	0.968419	0.233178	-0.088273
22819	8.721196	-1.426186	-1.114725	0.763963	-0.018627	0.296990	0.090734	0.002925	0.995871	0.251059	-0.967764	-0.020031	0.963710	0.251840	-0.088543
22820	9.374728	0.500020	-0.930800	0.502941	-0.491247	0.200262	0.103954	0.001177	0.994581	0.262774	-0.964498	-0.026324	0.959241	0.264086	-0.100573
22821	9.919055	0.730660	-0.969261	-0.015325	-0.454904	0.202907	0.116315	-0.000787	0.993212	0.261967	-0.964565	-0.031443	0.958042	0.263846	-0.111987
22822	9.737481	0.562489	-1.242642	-0.596851	-0.581670	0.271039	0.132112	-0.003667	0.991228	0.246944	-0.968342	-0.036495	0.959982	0.249599	-0.127024
22823	9.735083	-0.096333	-2.009478	-0.964605	-0.639470	0.328069	0.149538	-0.007886	0.988725	0.222734	-0.973997	-0.041455	0.963342	0.226422	-0.143893
22824	9.615266	-0.930073	-2.746762	-1.224045	-0.647610	0.358244	0.167148	-0.013267	0.985843	0.191919	-0.980345	-0.045733	0.967072	0.196846	-0.161317
22825	9.417626	-1.360602	-2.830813	-0.828509	-0.581860	0.227051	0.182380	-0.016183	0.983095	0.171023	-0.984101	-0.047927	0.968240	0.176872	-0.176713
22826	9.600847	-0.980778	-2.678174	-0.444579	-0.572706	0.176092	0.197091	-0.018128	0.980218	0.159562	-0.985905	-0.050316	0.967313	0.166323	-0.191420
22827	9.368015	-0.635743	-1.967747	-0.276839	-0.531990	0.122718	0.210550	-0.019053	0.977397	0.152375	-0.986951	-0.052063	0.965635	0.159893	-0.204900
22828	9.481585	-0.712379	-1.709242	-0.256936	-0.543906	0.092277	0.224137	-0.019266	0.974367	0.145800	-0.987889	-0.053073	0.963590	0.153959	-0.218613
22829	9.632608	-0.953169	-1.492914	-0.262644	-0.527736	0.061151	0.237177	-0.018860	0.971283	0.139245	-0.988828	-0.053202	0.961435	0.147864	-0.231901
22830	10.062731	-0.868477	-1.135700	-0.250252	-0.450033	0.069089	0.248338	-0.019018	0.968487	0.132923	-0.989680	-0.053518	0.959510	0.142025	-0.243247
