// General information: 
//  MT Manager version: 2022.2.0 
//  XDA version: 2022.2.0 build 7381 rev 124627 built on 2023-07-19
// Device information: 
//  DeviceId: 00B4CBA7
//  ProductCode: MTW2-3A7G6
//  Firmware Version: 4.6.0
//  Hardware Version: 2.0.0
// Device settings: 
//  Filter Profile: human(46.1)
//  Option Flags: Orientation Smoother Disabled, Position/Velocity Smoother Disabled, Continuous Zero Rotation Update Disabled, AHS Disabled, ICC Disabled
// Coordinate system: ENU
PacketCounter	Acc_X	Acc_Y	Acc_Z	Gyr_X	Gyr_Y	Gyr_Z	Mat[1][1]	Mat[2][1]	Mat[3][1]	Mat[1][2]	Mat[2][2]	Mat[3][2]	Mat[1][3]	Mat[2][3]	Mat[3][3]
64754	9.473728	0.647640	-2.206501	-0.006728	-0.006754	0.001135	-0.112817	-0.220164	0.968917	-0.706719	0.703236	0.077507	-0.698442	-0.676008	-0.234931
64755	9.498206	0.716551	-2.205439	-0.001319	-0.003043	0.002177	-0.112818	-0.220193	0.968910	-0.706707	0.703245	0.077531	-0.698453	-0.675989	-0.234951
64756	9.452535	0.750323	-2.224139	0.008224	-0.000955	-0.000190	-0.112801	-0.220182	0.968915	-0.706663	0.703288	0.077549	-0.698501	-0.675948	-0.234926
64757	9.492998	0.797186	-2.270316	0.005954	-0.004008	0.000670	-0.112799	-0.220228	0.968905	-0.706703	0.703245	0.077571	-0.698460	-0.675978	-0.234961
64758	9.527663	0.766409	-2.219678	-0.011315	-0.006281	0.000572	-0.112847	-0.220252	0.968893	-0.706497	0.703446	0.077624	-0.698661	-0.675761	-0.234990
64759	9.484851	0.678519	-2.244201	0.003973	-0.006429	-0.000521	-0.112854	-0.220323	0.968877	-0.706525	0.703413	0.077661	-0.698631	-0.675772	-0.235047
64760	9.475225	0.750199	-2.218609	0.001127	-0.010745	0.004439	-0.112978	-0.220333	0.968860	-0.706339	0.703603	0.077644	-0.698800	-0.675571	-0.235121
64761	9.469924	0.768646	-2.204929	0.001624	-0.011886	0.001783	-0.113039	-0.220424	0.968832	-0.706348	0.703592	0.077665	-0.698781	-0.675553	-0.235229
64762	9.503646	0.765621	-2.231176	0.001089	-0.015439	-0.000746	-0.113129	-0.220574	0.968787	-0.706342	0.703592	0.077711	-0.698772	-0.675504	-0.235397
64763	9.480837	0.799949	-2.243340	-0.001021	-0.013686	-0.002775	-0.113170	-0.220709	0.968752	-0.706338	0.703588	0.077783	-0.698770	-0.675463	-0.235521
64764	9.473984	0.750164	-2.223914	-0.003371	-0.019144	-0.000471	-0.113261	-0.220898	0.968698	-0.706375	0.703544	0.077843	-0.698717	-0.675448	-0.235721
64765	9.490962	0.734910	-2.200177	0.001504	-0.018987	-0.001960	-0.113345	-0.221064	0.968650	-0.706388	0.703525	0.077901	-0.698691	-0.675413	-0.235898
64766	9.451467	0.756724	-2.162271	0.007329	-0.018821	-0.002133	-0.113489	-0.221205	0.968601	-0.706297	0.703613	0.077932	-0.698760	-0.675276	-0.236089
64767	9.445803	0.837746	-2.228628	0.009934	-0.021718	-0.002763	-0.113587	-0.221394	0.968547	-0.706369	0.703535	0.077977	-0.698671	-0.675294	-0.236298
64768	9.490208	0.769689	-2.209396	-0.003493	-0.026250	-0.004212	-0.113810	-0.221676	0.968456	-0.706259	0.703637	0.078062	-0.698746	-0.675096	-0.236642
64769	9.475044	0.663441	-2.243256	0.008414	-0.034273	-0.002887	-0.113995	-0.221952	0.968371	-0.706321	0.703569	0.078112	-0.698653	-0.675076	-0.236972
64770	9.496939	0.787917	-2.397511	0.034526	-0.038281	-0.004829	-0.114158	-0.222253	0.968283	-0.706591	0.703296	0.078125	-0.698353	-0.675262	-0.237329
64771	9.495522	0.911666	-2.559629	0.040885	-0.034568	-0.002483	-0.114347	-0.222528	0.968197	-0.706879	0.703010	0.078094	-0.698030	-0.675469	-0.237687
64772	9.473571	1.014036	-2.579906	0.008740	-0.028958	0.000249	-0.114473	-0.222698	0.968143	-0.706912	0.702975	0.078117	-0.697977	-0.675450	-0.237900
64773	9.523317	0.864391	-2.496320	-0.013023	-0.021355	0.009992	-0.114658	-0.222796	0.968099	-0.706809	0.703081	0.078093	-0.698050	-0.675307	-0.238088
64774	9.503146	0.876269	-2.359855	0.010324	-0.015994	0.014456	-0.114893	-0.222851	0.968058	-0.706816	0.703087	0.077966	-0.698005	-0.675282	-0.238295
64775	9.476104	0.961654	-2.360585	0.022434	-0.014514	0.018066	-0.115087	-0.222846	0.968036	-0.706952	0.702972	0.077780	-0.697835	-0.675404	-0.238445
64776	9.449502	0.984266	-2.281993	0.011421	-0.013172	0.028420	-0.115322	-0.222742	0.968032	-0.706991	0.702961	0.077525	-0.697757	-0.675450	-0.238544
64777	9.459775	0.881329	-2.233854	0.008294	-0.018124	0.035433	-0.115665	-0.222639	0.968015	-0.707008	0.702979	0.077204	-0.697683	-0.675464	-0.238717
64778	9.447753	0.750098	-2.117635	0.015480	-0.021509	0.035351	-0.115974	-0.222572	0.967994	-0.707174	0.702847	0.076881	-0.697463	-0.675624	-0.238910
64779	9.417112	0.661547	-2.103446	0.037378	-0.026329	0.038238	-0.116393	-0.222505	0.967959	-0.707390	0.702675	0.076463	-0.697174	-0.675825	-0.239185
64780	9.484596	0.650877	-2.156538	0.061078	-0.029262	0.036281	-0.116845	-0.222465	0.967914	-0.707708	0.702404	0.076007	-0.696776	-0.676119	-0.239512
64781	9.433541	0.698929	-2.163525	0.067302	-0.032680	0.034874	-0.117284	-0.222465	0.967860	-0.708136	0.702022	0.075550	-0.696267	-0.676516	-0.239871
64782	9.420448	0.690690	-2.207753	0.075088	-0.041426	0.032963	-0.117709	-0.222528	0.967794	-0.708699	0.701502	0.075102	-0.695623	-0.677035	-0.240278
64783	9.468499	0.789394	-2.206962	0.077674	-0.044365	0.032315	-0.118211	-0.222625	0.967711	-0.709201	0.701044	0.074645	-0.695026	-0.677477	-0.240757
64784	9.419084	0.844480	-2.142675	0.063746	-0.047743	0.033555	-0.118744	-0.222739	0.967619	-0.709600	0.700685	0.074212	-0.694527	-0.677811	-0.241257
64785	9.418266	0.839329	-2.148289	0.067139	-0.059776	0.046027	-0.119451	-0.222845	0.967508	-0.710011	0.700328	0.073646	-0.693985	-0.678145	-0.241877
64786	9.482614	0.948845	-2.200097	0.076092	-0.059022	0.047696	-0.120228	-0.222945	0.967389	-0.710395	0.700004	0.073035	-0.693458	-0.678447	-0.242539
64787	9.449614	1.014246	-2.188114	0.065410	-0.063621	0.058297	-0.121049	-0.222993	0.967275	-0.710778	0.699686	0.072354	-0.692923	-0.678760	-0.243194
64788	9.427305	1.075171	-2.209255	0.062175	-0.068696	0.073373	-0.122016	-0.223016	0.967148	-0.711184	0.699356	0.071542	-0.692336	-0.679091	-0.243938
64789	9.447646	1.059546	-2.281958	0.049301	-0.073934	0.083408	-0.123086	-0.222958	0.967026	-0.711423	0.699203	0.070657	-0.691901	-0.679268	-0.244680
64790	9.452038	0.969815	-2.224588	0.030608	-0.079301	0.093654	-0.124262	-0.222847	0.966901	-0.711481	0.699238	0.069721	-0.691631	-0.679268	-0.245440
64791	9.441323	0.868388	-2.280479	0.031084	-0.082496	0.106494	-0.125555	-0.222686	0.966771	-0.711563	0.699260	0.068657	-0.691313	-0.679298	-0.246251
64792	9.444051	0.804237	-2.300074	0.035943	-0.089050	0.107235	-0.126938	-0.222551	0.966622	-0.711583	0.699345	0.067568	-0.691040	-0.679255	-0.247138
64793	9.382633	0.788519	-2.199934	0.018852	-0.090742	0.113250	-0.128336	-0.222399	0.966472	-0.711569	0.699465	0.066469	-0.690796	-0.679181	-0.248019
64794	9.394722	0.719473	-2.089294	0.011601	-0.103006	0.119362	-0.129912	-0.222263	0.966293	-0.711364	0.699781	0.065322	-0.690713	-0.678900	-0.249020
64795	9.421621	0.627613	-2.027247	0.036178	-0.115134	0.114221	-0.131485	-0.222269	0.966079	-0.711465	0.699785	0.064170	-0.690311	-0.678894	-0.250148
64796	9.437826	0.757591	-2.175754	0.050552	-0.110821	0.116792	-0.133080	-0.222239	0.965867	-0.711618	0.699740	0.062956	-0.689847	-0.678950	-0.251270
64797	9.417003	0.787404	-2.288757	0.055490	-0.119341	0.124951	-0.134757	-0.222199	0.965644	-0.711834	0.699637	0.061652	-0.689299	-0.679070	-0.252449
64798	9.489845	0.911841	-2.456651	0.046497	-0.124506	0.132160	-0.136450	-0.222211	0.965403	-0.712189	0.699391	0.060321	-0.688599	-0.679319	-0.253688
64799	9.362120	0.997701	-2.555199	0.022196	-0.116197	0.144100	-0.138241	-0.222016	0.965193	-0.712145	0.699556	0.058915	-0.688287	-0.679213	-0.254815
64800	9.303777	0.987474	-2.548090	-0.016727	-0.123722	0.158653	-0.140190	-0.221786	0.964965	-0.711818	0.700008	0.057476	-0.688231	-0.678823	-0.256005
64801	9.279681	0.789983	-2.490984	-0.043187	-0.129176	0.166583	-0.142229	-0.221519	0.964728	-0.711287	0.700666	0.056021	-0.688362	-0.678230	-0.257219
64802	9.374290	0.598978	-2.489093	-0.029269	-0.123840	0.171718	-0.144232	-0.221196	0.964505	-0.710905	0.701174	0.054496	-0.688339	-0.677811	-0.258381
64803	9.393687	0.609569	-2.569659	0.003929	-0.120729	0.180138	-0.146309	-0.220774	0.964289	-0.710671	0.701541	0.052790	-0.688142	-0.677569	-0.259540
64804	9.516785	0.736241	-2.650221	-0.021901	-0.115952	0.188319	-0.148520	-0.220234	0.964074	-0.710035	0.702313	0.051053	-0.688325	-0.676944	-0.260681
64805	9.555338	0.494223	-2.803661	-0.053397	-0.102149	0.193048	-0.150558	-0.219593	0.963904	-0.709380	0.703095	0.049374	-0.688558	-0.676341	-0.261631
64806	9.490593	0.169792	-2.959144	-0.009024	-0.089109	0.185808	-0.152464	-0.218978	0.963744	-0.709123	0.703472	0.047657	-0.688403	-0.676148	-0.262537
64807	9.393789	0.268196	-2.900319	0.029712	-0.084422	0.172462	-0.154233	-0.218360	0.963603	-0.709065	0.703644	0.045959	-0.688069	-0.676169	-0.263356
64808	9.388924	0.418328	-2.801467	0.045434	-0.072992	0.171900	-0.155993	-0.217721	0.963464	-0.709080	0.703740	0.044223	-0.687657	-0.676275	-0.264160
64809	9.429924	0.497885	-2.518007	0.038025	-0.085349	0.177997	-0.157808	-0.217069	0.963316	-0.709063	0.703866	0.042449	-0.687260	-0.676353	-0.264991
64810	9.532120	0.465731	-2.276821	0.026986	-0.092747	0.176047	-0.159678	-0.216537	0.963127	-0.709025	0.704006	0.040730	-0.686867	-0.676377	-0.265945
64811	9.467000	0.421874	-1.904328	0.023243	-0.124879	0.178073	-0.161764	-0.216152	0.962866	-0.708900	0.704231	0.038995	-0.686508	-0.676267	-0.267149
64812	9.470345	0.393150	-2.024191	-0.012414	-0.174268	0.188928	-0.164222	-0.216039	0.962475	-0.708585	0.704641	0.037263	-0.686249	-0.675876	-0.268800
64813	9.299153	0.444569	-1.809738	-0.056674	-0.210315	0.191641	-0.166988	-0.216133	0.961978	-0.707881	0.705434	0.035614	-0.686309	-0.675018	-0.270795
64814	9.219742	0.521292	-1.646953	-0.085993	-0.251663	0.187802	-0.170038	-0.216520	0.961356	-0.706910	0.706482	0.034083	-0.686561	-0.673797	-0.273189
64815	9.375708	0.493948	-1.696297	-0.139841	-0.278411	0.173932	-0.173144	-0.217188	0.960651	-0.705653	0.707796	0.032837	-0.687077	-0.672201	-0.275811
64816	9.253725	0.027513	-1.809797	-0.187221	-0.286650	0.166397	-0.176279	-0.217949	0.959908	-0.704020	0.709468	0.031799	-0.687955	-0.670189	-0.278504
64817	9.251297	-0.443352	-2.089516	-0.160312	-0.314361	0.144343	-0.179423	-0.219052	0.959074	-0.702662	0.710852	0.030905	-0.688530	-0.668360	-0.281463
64818	9.238575	-0.600657	-2.212026	-0.110070	-0.322707	0.124342	-0.182437	-0.220414	0.958193	-0.701848	0.711691	0.030081	-0.688568	-0.667018	-0.284536
64819	9.298799	-0.638156	-2.311130	-0.037799	-0.335855	0.104556	-0.185449	-0.221932	0.957264	-0.701398	0.712170	0.029229	-0.688222	-0.666003	-0.287734
64820	9.344068	-0.564679	-2.714973	0.035370	-0.335973	0.075542	-0.188270	-0.223678	0.956307	-0.701519	0.712082	0.028445	-0.687332	-0.665512	-0.290979
64821	9.285191	-0.306294	-2.896989	0.107471	-0.321933	0.059361	-0.190863	-0.225423	0.955382	-0.702148	0.711496	0.027605	-0.685974	-0.665551	-0.294079
64822	9.251054	-0.156370	-3.094848	0.160843	-0.317174	0.046449	-0.193265	-0.227273	0.954461	-0.703316	0.710374	0.026740	-0.684102	-0.666119	-0.297136
64823	9.329266	0.068127	-3.325918	0.201118	-0.301170	0.042551	-0.195588	-0.229003	0.953574	-0.704610	0.709127	0.025775	-0.682107	-0.666856	-0.300054
64824	9.405149	0.644756	-3.492984	0.250218	-0.285594	0.049993	-0.197776	-0.230595	0.952739	-0.706347	0.707439	0.024596	-0.679676	-0.668099	-0.302794
64825	9.381137	1.260782	-3.655852	0.224832	-0.259972	0.078582	-0.200061	-0.231802	0.951968	-0.707720	0.706112	0.023205	-0.677575	-0.669084	-0.305316
64826	9.441289	1.319260	-3.441646	0.140711	-0.252065	0.102464	-0.202512	-0.232778	0.951211	-0.708385	0.705489	0.021831	-0.676150	-0.669403	-0.307767
64827	9.417951	0.916171	-3.367431	0.103502	-0.245340	0.120639	-0.204990	-0.233594	0.950480	-0.708842	0.705072	0.020406	-0.674924	-0.669557	-0.310114
64828	9.537839	0.837546	-3.405850	0.088704	-0.234550	0.143156	-0.207642	-0.234180	0.949760	-0.709030	0.704928	0.018800	-0.673915	-0.669504	-0.312413
64829	9.532530	0.470459	-3.293247	0.045753	-0.229263	0.153249	-0.210238	-0.234658	0.949071	-0.709021	0.704976	0.017243	-0.673119	-0.669286	-0.314591
64830	9.526610	0.211006	-3.157883	0.015044	-0.224494	0.157863	-0.212994	-0.234961	0.948381	-0.708437	0.705599	0.015706	-0.672867	-0.668523	-0.316743
64831	9.446606	-0.196872	-3.163099	-0.020689	-0.229696	0.149228	-0.215561	-0.235466	0.947675	-0.707982	0.706083	0.014399	-0.672528	-0.667834	-0.318910
64832	9.387081	-0.572410	-3.042475	-0.012774	-0.236049	0.122738	-0.218009	-0.236204	0.946932	-0.707606	0.706482	0.013316	-0.672135	-0.667152	-0.321158
64833	9.350916	-0.638028	-2.957204	0.018292	-0.246938	0.095275	-0.220308	-0.237202	0.946150	-0.707524	0.706581	0.012397	-0.671472	-0.666693	-0.323491
64834	9.325964	-0.511216	-2.876836	0.025085	-0.247054	0.067343	-0.222463	-0.238328	0.945362	-0.707387	0.706729	0.011706	-0.670905	-0.666133	-0.325811
64835	9.223379	-0.267199	-2.758286	0.020301	-0.260318	0.050693	-0.224533	-0.239727	0.944519	-0.707414	0.706711	0.011202	-0.670187	-0.665651	-0.328266
64836	9.188969	-0.219593	-2.653414	-0.018410	-0.281990	0.039670	-0.226719	-0.241369	0.943578	-0.707176	0.706953	0.010923	-0.669702	-0.664800	-0.330970
64837	9.235767	-0.537742	-2.662401	-0.036017	-0.297680	0.024107	-0.228848	-0.243201	0.942593	-0.706885	0.707246	0.010857	-0.669285	-0.663820	-0.333767
64838	9.149187	-0.539560	-2.903080	-0.011726	-0.311645	0.012987	-0.231055	-0.245208	0.941534	-0.706719	0.707412	0.010803	-0.668702	-0.662904	-0.336744
64839	9.086766	-0.327671	-3.094975	-0.011163	-0.309050	-0.003281	-0.233064	-0.247303	0.940491	-0.706656	0.707473	0.010913	-0.668071	-0.662060	-0.339644
64840	9.022001	-0.297181	-3.209988	-0.021492	-0.322014	-0.013539	-0.235200	-0.249475	0.939384	-0.706322	0.707804	0.011126	-0.667675	-0.660891	-0.342685
64841	9.019401	0.040504	-3.192592	-0.019457	-0.326229	-0.012469	-0.237256	-0.251742	0.938262	-0.706226	0.707896	0.011352	-0.667049	-0.659932	-0.345739
64842	9.074815	0.150121	-3.151981	-0.041538	-0.332015	-0.011209	-0.239368	-0.254125	0.937082	-0.706092	0.708024	0.011643	-0.666436	-0.658879	-0.348914
64843	9.073376	0.182021	-3.219901	-0.029284	-0.339562	-0.009019	-0.241532	-0.256449	0.935893	-0.705923	0.708189	0.011872	-0.665834	-0.657801	-0.352084
64844	9.030314	0.441418	-3.148733	-0.019711	-0.349091	-0.003237	-0.243938	-0.258795	0.934623	-0.705673	0.708436	0.011982	-0.665221	-0.656615	-0.355439
64845	9.204865	0.486955	-2.974488	-0.050567	-0.372630	0.005982	-0.246425	-0.261221	0.933294	-0.705327	0.708778	0.012148	-0.664672	-0.655284	-0.358907
64846	9.139461	0.494161	-2.984598	-0.059245	-0.384883	0.021481	-0.249151	-0.263634	0.931891	-0.704866	0.709236	0.012191	-0.664144	-0.653821	-0.362533
64847	9.057948	0.588484	-3.151034	-0.078054	-0.402049	0.035395	-0.252036	-0.266033	0.930432	-0.704264	0.709833	0.012187	-0.663694	-0.652199	-0.366261
64848	8.978338	0.424003	-3.143877	-0.131747	-0.430624	0.043001	-0.255192	-0.268593	0.928835	-0.703310	0.710777	0.012306	-0.663500	-0.650119	-0.370288
64849	9.054185	0.133277	-3.078278	-0.155735	-0.454132	0.050819	-0.258529	-0.271203	0.927153	-0.702152	0.711918	0.012455	-0.663435	-0.647782	-0.374477
64850	9.087600	0.004624	-3.148893	-0.154228	-0.468535	0.055135	-0.262037	-0.273914	0.925369	-0.701012	0.713039	0.012557	-0.663264	-0.645404	-0.378859
64851	9.206791	-0.120886	-3.296689	-0.162026	-0.501500	0.048654	-0.265671	-0.276822	0.923466	-0.699815	0.714210	0.012766	-0.663083	-0.642863	-0.383468
64852	9.292787	-0.148035	-3.376869	-0.177965	-0.516206	0.042048	-0.269564	-0.279825	0.921430	-0.698291	0.715694	0.013062	-0.663117	-0.639906	-0.388325
64853	9.342928	-0.309917	-3.291053	-0.187838	-0.542358	0.030865	-0.273342	-0.283092	0.919317	-0.696968	0.716974	0.013552	-0.662963	-0.637030	-0.393285
64854	9.091752	0.026113	-3.152714	-0.151369	-0.570716	0.026401	-0.277314	-0.286609	0.917034	-0.695940	0.717965	0.013938	-0.662393	-0.634336	-0.398565
64855	9.131019	0.399025	-3.117405	-0.170900	-0.603533	0.031578	-0.281497	-0.290227	0.914619	-0.694726	0.719131	0.014375	-0.661902	-0.631363	-0.404062
64856	9.103584	0.389959	-3.120495	-0.214605	-0.638283	0.050199	-0.286050	-0.294001	0.911997	-0.693273	0.720522	0.014828	-0.661474	-0.628022	-0.409928
64857	9.060731	0.355623	-3.213279	-0.227418	-0.677569	0.053683	-0.290870	-0.297882	0.909209	-0.691621	0.722098	0.015319	-0.661102	-0.624372	-0.416058
64858	8.999277	0.245452	-3.215615	-0.260039	-0.717818	0.058785	-0.296128	-0.301870	0.906191	-0.689532	0.724081	0.015877	-0.660949	-0.620147	-0.422570
64859	9.028132	0.027671	-3.007500	-0.298160	-0.753208	0.074478	-0.301586	-0.306010	0.902997	-0.687346	0.726142	0.016514	-0.660758	-0.615691	-0.429329
64860	9.181527	-0.254874	-2.838889	-0.362002	-0.817327	0.072515	-0.307585	-0.310577	0.899407	-0.684705	0.728612	0.017440	-0.660735	-0.610465	-0.436763
64861	9.584626	-0.149331	-2.224990	-0.398906	-0.887243	0.072653	-0.313911	-0.315464	0.895512	-0.681851	0.731255	0.018586	-0.660711	-0.604772	-0.444648
64862	9.982644	0.145502	-1.593014	-0.464327	-0.983404	0.092677	-0.321240	-0.320695	0.891044	-0.678287	0.734529	0.019827	-0.660857	-0.598015	-0.453483
64863	10.634295	0.238929	-0.176966	-0.596419	-1.100503	0.092367	-0.329108	-0.326579	0.886022	-0.674052	0.738363	0.021780	-0.661318	-0.590057	-0.463132
64864	10.993557	-0.484893	0.872077	-0.636592	-1.289549	0.064911	-0.338312	-0.333598	0.879919	-0.669360	0.742545	0.024160	-0.661439	-0.580809	-0.474510
64865	11.662149	-0.656843	1.037787	-0.530587	-1.498656	0.017674	-0.348300	-0.342130	0.872716	-0.665803	0.745654	0.026597	-0.659844	-0.571793	-0.487503
64866	12.023944	0.563577	0.358565	-0.417135	-1.675336	-0.006931	-0.359469	-0.351709	0.864340	-0.662964	0.748101	0.028692	-0.656705	-0.562712	-0.502090
64867	11.663927	1.922161	-1.449873	-0.402774	-1.798608	0.006494	-0.371258	-0.361724	0.855174	-0.660312	0.750362	0.030728	-0.652806	-0.553274	-0.517429
64868	10.759424	2.663006	-3.600976	-0.491755	-1.867288	0.031454	-0.383803	-0.371632	0.845331	-0.656780	0.753360	0.033003	-0.649104	-0.542530	-0.533222
64869	10.051755	3.020863	-5.246420	-0.684778	-1.917870	0.047013	-0.396501	-0.381591	0.834970	-0.652172	0.757199	0.036352	-0.646111	-0.530130	-0.549093
64870	9.928467	2.793650	-6.211671	-0.867992	-1.873705	0.033651	-0.409019	-0.391117	0.824458	-0.646293	0.761995	0.040854	-0.644212	-0.516131	-0.564447
64871	9.032318	2.417341	-7.100360	-0.965591	-1.802164	0.047067	-0.420892	-0.399956	0.814178	-0.639894	0.767084	0.046026	-0.642951	-0.501615	-0.578788
64872	8.224068	2.368086	-8.406558	-1.023791	-1.687267	0.047853	-0.432156	-0.407973	0.804238	-0.633096	0.772351	0.051605	-0.642208	-0.486858	-0.592063
64873	7.677261	2.301472	-8.853632	-1.155298	-1.569674	0.064456	-0.442617	-0.415024	0.794887	-0.625404	0.778140	0.058036	-0.642620	-0.471438	-0.603976
64874	7.474455	1.827017	-8.305093	-1.232815	-1.475774	0.086453	-0.452673	-0.421238	0.785904	-0.617120	0.784191	0.064865	-0.643623	-0.455634	-0.614937
64875	7.474965	1.364985	-7.503704	-1.295037	-1.449676	0.116198	-0.462697	-0.426840	0.776994	-0.608257	0.790466	0.072025	-0.644930	-0.439286	-0.625374
64876	7.917544	0.998881	-7.152723	-1.363687	-1.409483	0.121302	-0.472484	-0.431978	0.768215	-0.598929	0.796826	0.079702	-0.646563	-0.422448	-0.635212
64877	8.344533	0.439293	-6.125684	-1.429765	-1.353402	0.097401	-0.481800	-0.436830	0.759637	-0.589218	0.803152	0.088141	-0.648607	-0.405126	-0.644346
64878	8.701069	-0.032003	-5.174901	-1.517552	-1.356843	0.066428	-0.490916	-0.441703	0.750932	-0.579103	0.809402	0.097511	-0.650877	-0.386997	-0.653140
64879	9.285264	-0.541884	-5.992354	-1.492299	-1.353089	0.046353	-0.499976	-0.446471	0.742083	-0.569160	0.815233	0.107012	-0.652749	-0.368861	-0.661710
64880	9.944367	-0.953335	-6.007422	-1.393666	-1.347489	0.016177	-0.508777	-0.451230	0.733170	-0.560050	0.820270	0.116194	-0.653827	-0.351495	-0.670046
64881	10.350275	-1.210085	-4.943646	-1.303964	-1.403059	-0.013548	-0.517850	-0.456184	0.723690	-0.551608	0.824665	0.125121	-0.653880	-0.334399	-0.678688
64882	10.579667	-1.040637	-4.364868	-1.243703	-1.500920	-0.050529	-0.527277	-0.461535	0.713417	-0.543836	0.828425	0.133995	-0.652856	-0.317330	-0.687809
64883	10.527610	-0.431259	-4.998142	-1.104893	-1.607803	-0.105935	-0.537156	-0.467414	0.702131	-0.537216	0.831331	0.142433	-0.650279	-0.300687	-0.697657
64884	10.783942	0.452072	-4.422591	-1.066237	-1.713608	-0.154853	-0.547329	-0.473758	0.689916	-0.531246	0.833651	0.151007	-0.646691	-0.283865	-0.707963
64885	10.766078	1.047682	-4.112602	-1.017792	-1.751823	-0.193450	-0.557574	-0.480229	0.677120	-0.525771	0.835515	0.159622	-0.642399	-0.267009	-0.718352
64886	10.570758	1.696277	-4.421847	-0.994346	-1.766862	-0.213074	-0.567645	-0.486635	0.664053	-0.520722	0.836985	0.168241	-0.637674	-0.250286	-0.728512
64887	11.624385	3.274902	-4.483998	-1.109318	-1.695627	-0.273644	-0.576983	-0.493054	0.651144	-0.515254	0.838306	0.178206	-0.633723	-0.232683	-0.737736
64888	9.036520	3.045491	-5.213794	-1.325796	-1.637194	-0.259970	-0.585873	-0.498949	0.638594	-0.508505	0.839900	0.189710	-0.631011	-0.213583	-0.745793
64889	8.605337	4.055220	-5.301844	-1.387733	-1.580552	-0.181460	-0.594889	-0.503728	0.626390	-0.500854	0.841800	0.201289	-0.628691	-0.193985	-0.753072
64890	8.616517	3.858464	-4.693030	-1.472560	-1.365519	-0.055686	-0.603057	-0.506782	0.616031	-0.492061	0.844163	0.212757	-0.627852	-0.174820	-0.758446
64891	8.128061	4.078923	-4.708201	-1.417499	-1.034461	0.067630	-0.609862	-0.507962	0.608312	-0.482765	0.846843	0.223148	-0.628495	-0.157582	-0.761683
64892	7.756507	3.701049	-5.947232	-1.290334	-0.715895	0.168760	-0.615038	-0.507677	0.603318	-0.473735	0.849571	0.231956	-0.630321	-0.143151	-0.763023
64893	7.761144	3.217674	-5.095810	-1.145225	-0.390801	0.289103	-0.618841	-0.505787	0.601012	-0.464735	0.852589	0.238982	-0.633291	-0.131419	-0.762674
64894	8.366594	2.750076	-3.666124	-1.100547	0.021824	0.420757	-0.620499	-0.502237	0.602278	-0.455254	0.856041	0.244822	-0.638534	-0.122278	-0.759818
64895	8.318535	1.888750	-4.112775	-0.877956	0.493767	0.565186	-0.619854	-0.496830	0.607405	-0.446131	0.859897	0.248082	-0.645560	-0.117208	-0.754662
64896	7.759473	2.279730	-4.759277	-0.499854	0.942144	0.696255	-0.616670	-0.489797	0.616293	-0.438711	0.863854	0.247566	-0.653645	-0.117708	-0.747592
64897	6.972938	3.219667	-5.350992	-0.280101	1.351463	0.788333	-0.611182	-0.481386	0.628271	-0.432046	0.867999	0.244773	-0.663169	-0.121841	-0.738486
64898	6.471869	3.161092	-5.474916	-0.249388	1.728029	0.873592	-0.603220	-0.471696	0.643140	-0.425206	0.872411	0.241035	-0.674778	-0.128070	-0.726824
64899	6.545819	2.418056	-5.682332	-0.199927	2.088540	0.970110	-0.593057	-0.460485	0.660483	-0.418060	0.877179	0.236183	-0.688121	-0.136052	-0.712727
64900	6.473711	1.845655	-6.008563	-0.036939	2.453471	1.063104	-0.580259	-0.447726	0.680324	-0.411700	0.881999	0.229305	-0.702712	-0.147033	-0.696116
64901	6.452414	2.201085	-6.139185	0.094072	2.769197	1.119367	-0.565139	-0.433608	0.701856	-0.405974	0.886771	0.220956	-0.718194	-0.160065	-0.677183
64902	6.381364	2.714996	-6.150498	0.071041	3.031380	1.144893	-0.547585	-0.418425	0.724618	-0.400255	0.891472	0.212305	-0.734811	-0.173777	-0.655633
64903	6.420736	2.877117	-6.260639	-0.076405	3.245632	1.142985	-0.527961	-0.402396	0.747887	-0.393556	0.896286	0.204416	-0.752576	-0.186411	-0.631569
64904	6.620326	2.860093	-6.254355	-0.234109	3.435855	1.133389	-0.506057	-0.385652	0.771479	-0.386043	0.901147	0.197244	-0.771283	-0.198007	-0.604910
64905	6.909619	2.802384	-6.214466	-0.379366	3.593626	1.121597	-0.482254	-0.368252	0.794872	-0.377551	0.906132	0.190735	-0.790498	-0.208122	-0.576019
64906	7.226368	2.758678	-6.238872	-0.517446	3.718584	1.087515	-0.456414	-0.350503	0.817823	-0.368432	0.911090	0.184859	-0.809904	-0.216939	-0.544970
64907	7.474335	2.788144	-6.175493	-0.632035	3.831870	1.053491	-0.428816	-0.332458	0.839993	-0.358599	0.916070	0.179504	-0.829170	-0.224246	-0.512045
64908	7.678518	2.534336	-6.022966	-0.691433	3.910494	1.021505	-0.399504	-0.314206	0.861204	-0.348690	0.920901	0.174232	-0.847828	-0.230686	-0.477464
64909	7.786493	2.305493	-5.785044	-0.662824	3.968290	0.992655	-0.368902	-0.295802	0.881143	-0.339206	0.925468	0.168668	-0.865362	-0.236667	-0.441745
64910	7.830473	2.026441	-5.552037	-0.537377	4.000104	0.967780	-0.337082	-0.277241	0.899729	-0.331209	0.929490	0.162324	-0.881292	-0.243282	-0.405140
64911	7.997682	1.840976	-5.241849	-0.351711	4.020727	0.955165	-0.304476	-0.258448	0.916787	-0.325027	0.932908	0.155047	-0.895350	-0.250772	-0.368050
64912	7.910458	1.868828	-4.912263	-0.130538	4.019113	0.943113	-0.271173	-0.239384	0.932288	-0.321243	0.935552	0.146783	-0.907341	-0.259688	-0.330597
64913	7.922393	1.961505	-4.928201	0.093589	3.995342	0.931969	-0.237688	-0.220114	0.946073	-0.319729	0.937438	0.137777	-0.917212	-0.269739	-0.293195
64914	7.895955	2.394365	-5.131185	0.309275	3.991813	0.939530	-0.203809	-0.200304	0.958301	-0.320606	0.938526	0.127985	-0.925026	-0.281152	-0.255498
64915	7.876077	3.111646	-5.087848	0.396554	3.979016	0.967089	-0.169965	-0.179845	0.968900	-0.322480	0.939222	0.117767	-0.931192	-0.292435	-0.217631
64916	7.708669	3.407327	-4.939856	0.354652	3.927554	1.019806	-0.136486	-0.158574	0.977868	-0.324318	0.939861	0.107144	-0.936050	-0.302516	-0.179706
64917	7.464695	3.100434	-4.804978	0.219833	3.847516	1.072426	-0.103854	-0.136735	0.985149	-0.325089	0.940767	0.096304	-0.939964	-0.310259	-0.142154
64918	7.538892	2.694571	-4.927825	0.124039	3.754262	1.096468	-0.071979	-0.114649	0.990795	-0.325366	0.941730	0.085335	-0.942845	-0.316229	-0.105088
64919	9.026518	2.338773	-3.117554	-0.072783	3.641640	1.120424	-0.041217	-0.092551	0.994854	-0.324040	0.943120	0.074313	-0.945145	-0.319310	-0.068863
64920	8.969392	-0.110750	-0.274130	-0.290189	3.415601	1.064594	-0.012248	-0.071591	0.997359	-0.321070	0.944898	0.063882	-0.946976	-0.319440	-0.034559
64921	8.082637	0.152959	-3.015766	-0.293088	2.634307	0.858768	0.009987	-0.055104	0.998431	-0.318277	0.946377	0.055415	-0.947945	-0.318331	-0.008087
64922	6.560463	1.619779	-6.216169	-0.333392	1.700332	0.605806	0.024274	-0.043970	0.998738	-0.315278	0.947713	0.049387	-0.948689	-0.316079	0.009142
64923	4.006492	-0.307458	-8.065145	-0.397379	0.560559	0.381182	0.028419	-0.038629	0.998849	-0.311598	0.949120	0.045572	-0.949789	-0.312535	0.014936
64924	2.430381	-0.968985	-10.504227	-0.051703	-0.730855	0.157869	0.021055	-0.039418	0.999001	-0.311192	0.949327	0.044016	-0.950114	-0.311808	0.007721
64925	6.021782	2.182101	-8.153914	0.211852	-1.910645	0.051984	0.002762	-0.044930	0.998986	-0.313203	0.948688	0.043533	-0.949682	-0.313006	-0.011452
64926	13.696038	2.179825	5.639481	-1.248833	-1.755327	0.206354	-0.014519	-0.048368	0.998724	-0.301337	0.952603	0.041754	-0.953407	-0.300347	-0.028406
64927	14.840274	-9.493329	1.047942	-0.983943	-1.507423	0.048993	-0.029038	-0.052389	0.998205	-0.291927	0.955533	0.041657	-0.956000	-0.290193	-0.043040
64928	10.954154	-5.381481	-4.706678	1.109458	-1.500474	-0.118102	-0.042941	-0.057948	0.997396	-0.302607	0.952177	0.042292	-0.952147	-0.300003	-0.058423
64929	8.590237	2.812265	-5.645852	1.647210	-1.389183	0.045500	-0.056250	-0.061822	0.996501	-0.318217	0.947140	0.040797	-0.946348	-0.314808	-0.072950
64930	8.764526	7.429932	-6.108502	1.089189	-1.379640	0.140320	-0.069674	-0.064910	0.995456	-0.328464	0.943729	0.038547	-0.941943	-0.324286	-0.087074
64931	10.152696	7.625946	-5.141994	-0.157124	-1.433883	0.166907	-0.083704	-0.068002	0.994168	-0.326853	0.944348	0.037075	-0.941361	-0.321843	-0.101272
64932	10.995946	2.171312	-5.132932	-0.664896	-1.392869	0.137161	-0.097217	-0.071166	0.992716	-0.320486	0.946551	0.036472	-0.942251	-0.314606	-0.114828
64933	10.967811	-0.118483	-4.547412	-0.038367	-1.240116	0.086090	-0.109151	-0.074281	0.991246	-0.320033	0.946733	0.035705	-0.941098	-0.313334	-0.127109
64934	10.229053	0.487026	-3.549395	0.530870	-1.086957	0.132777	-0.119748	-0.076486	0.989854	-0.324881	0.945153	0.033729	-0.938143	-0.317545	-0.138030
64935	10.034135	1.481127	-3.517341	0.615811	-1.046613	0.199343	-0.130183	-0.077989	0.988418	-0.330397	0.943336	0.030916	-0.934821	-0.322546	-0.148574
64936	9.906298	1.145484	-2.978089	0.385136	-1.040018	0.254860	-0.140697	-0.078991	0.986897	-0.333653	0.942284	0.027853	-0.932137	-0.325363	-0.158932
64937	9.801596	-0.327138	-2.813685	0.282290	-1.031267	0.227473	-0.151039	-0.080249	0.985265	-0.335949	0.941543	0.025188	-0.929691	-0.327194	-0.169169
64938	9.795005	-1.293261	-2.416893	0.328269	-0.997170	0.156288	-0.160784	-0.082090	0.983570	-0.338758	0.940589	0.023126	-0.927034	-0.329473	-0.179041
64939	9.715197	-1.322437	-2.512317	0.335362	-0.959110	0.119457	-0.170049	-0.084174	0.981834	-0.341664	0.939579	0.021376	-0.924310	-0.331823	-0.188533
64940	9.775340	-1.123492	-2.850392	0.297569	-0.920540	0.111113	-0.178888	-0.086228	0.980083	-0.344227	0.938679	0.019756	-0.921687	-0.333837	-0.197601
64941	9.688699	-0.828343	-3.232510	0.386691	-0.868583	0.090828	-0.187175	-0.088324	0.978348	-0.347620	0.937460	0.018127	-0.918763	-0.336701	-0.206172
64942	9.840927	-0.288591	-3.381263	0.477798	-0.802338	0.076523	-0.194765	-0.090357	0.976679	-0.351869	0.935905	0.016416	-0.915562	-0.340466	-0.214075
64943	9.715404	0.212968	-3.600162	0.563140	-0.725118	0.079767	-0.201653	-0.092132	0.975114	-0.356859	0.934046	0.014453	-0.912134	-0.345064	-0.221231
64944	9.572078	0.807031	-3.648779	0.598662	-0.668563	0.108117	-0.208093	-0.093480	0.973632	-0.362100	0.932061	0.012097	-0.908615	-0.350034	-0.227804
64945	9.607721	0.934822	-3.376828	0.530274	-0.630962	0.131157	-0.214273	-0.094516	0.972190	-0.366634	0.930315	0.009638	-0.905354	-0.354373	-0.233994
64946	9.657702	0.676356	-3.154147	0.430494	-0.595077	0.149222	-0.220169	-0.095282	0.970797	-0.370208	0.928921	0.007212	-0.902481	-0.357809	-0.239794
64947	9.694118	0.049913	-2.961753	0.383148	-0.573657	0.150778	-0.225877	-0.095979	0.969416	-0.373327	0.927687	0.004861	-0.899781	-0.360811	-0.245375
64948	9.607291	0.043882	-2.719569	0.365978	-0.558199	0.152528	-0.231431	-0.096623	0.968041	-0.376273	0.926506	0.002521	-0.897139	-0.363664	-0.250779
64949	9.551174	-0.172899	-2.514683	0.266814	-0.561365	0.148790	-0.237001	-0.097327	0.966622	-0.378318	0.925676	0.000446	-0.894822	-0.365584	-0.256207
64950	9.383633	-0.700517	-2.209095	0.206826	-0.569836	0.131065	-0.242558	-0.098237	0.965150	-0.379859	0.925044	-0.001310	-0.892677	-0.366938	-0.261693
64951	9.504186	-1.045706	-1.906022	0.214054	-0.587987	0.100943	-0.248163	-0.099500	0.963595	-0.381523	0.924355	-0.002809	-0.890424	-0.368331	-0.267352
64952	9.450935	-0.969261	-1.787888	0.255899	-0.601770	0.081212	-0.253792	-0.101006	0.961971	-0.383605	0.923488	-0.004239	-0.887940	-0.370092	-0.273120
64953	9.380123	-0.752181	-1.758162	0.249426	-0.628819	0.044892	-0.259518	-0.102958	0.960234	-0.385705	0.922607	-0.005319	-0.885371	-0.371748	-0.279145
64954	9.374852	-0.669001	-1.613785	0.210686	-0.660434	0.024003	-0.265415	-0.105229	0.958374	-0.387520	0.921841	-0.006103	-0.882827	-0.373010	-0.285449
64955	9.199428	-0.576152	-1.627693	0.182297	-0.689270	0.001733	-0.271476	-0.107822	0.956386	-0.389127	0.921160	-0.006606	-0.880273	-0.373949	-0.292030
64956	9.112440	-0.617715	-1.755981	0.136275	-0.726418	-0.010594	-0.277784	-0.110669	0.954248	-0.390375	0.920630	-0.006869	-0.877749	-0.374422	-0.298938
64957	9.034550	-0.468579	-2.063309	0.129658	-0.751002	-0.028871	-0.284231	-0.113782	0.951980	-0.391597	0.920111	-0.006945	-0.875137	-0.374767	-0.306081
64958	8.960180	-0.155753	-2.446702	0.099102	-0.776098	-0.032689	-0.290847	-0.117021	0.949586	-0.392580	0.919692	-0.006905	-0.872519	-0.374797	-0.313430
64959	8.927623	-0.168733	-2.884011	0.064301	-0.790368	-0.036086	-0.297569	-0.120349	0.947084	-0.393252	0.919406	-0.006726	-0.869946	-0.374445	-0.320914
64960	8.888605	-0.181412	-3.321416	0.058500	-0.786552	-0.039648	-0.304207	-0.123688	0.944542	-0.393905	0.919128	-0.006505	-0.867350	-0.374039	-0.328327
64961	8.961368	-0.316966	-3.593675	0.065626	-0.784151	-0.046897	-0.310791	-0.127085	0.941944	-0.394624	0.918821	-0.006240	-0.864685	-0.373653	-0.335712
64962	9.016172	-0.152134	-3.739234	0.092783	-0.765549	-0.053427	-0.317151	-0.130466	0.939358	-0.395618	0.918395	-0.006016	-0.861917	-0.373535	-0.342885
64963	9.085877	-0.117631	-3.888305	0.081012	-0.748235	-0.057909	-0.323339	-0.133826	0.936772	-0.396508	0.918014	-0.005713	-0.859205	-0.373285	-0.349892
64964	9.106990	-0.048754	-3.825467	0.080728	-0.736460	-0.067430	-0.329351	-0.137224	0.934183	-0.397446	0.917610	-0.005332	-0.856484	-0.373043	-0.356755
64965	9.088852	0.034381	-3.624547	0.091534	-0.728490	-0.069996	-0.335280	-0.140617	0.931565	-0.398469	0.917169	-0.004969	-0.853704	-0.372865	-0.363540
64966	9.130921	0.055176	-3.211048	0.082902	-0.736227	-0.077601	-0.341208	-0.144106	0.928876	-0.399463	0.916738	-0.004514	-0.850885	-0.372592	-0.370363
64967	9.075262	-0.197152	-2.762427	0.081704	-0.751628	-0.082102	-0.347242	-0.147692	0.926072	-0.400448	0.916311	-0.004018	-0.847977	-0.372239	-0.377325
64968	9.129093	-0.486862	-2.412702	0.064223	-0.800600	-0.093178	-0.353609	-0.151555	0.923034	-0.401343	0.915921	-0.003365	-0.844917	-0.371643	-0.384703
64969	9.166058	-0.548355	-2.242766	0.053068	-0.850583	-0.098893	-0.360362	-0.155653	0.919734	-0.402152	0.915569	-0.002620	-0.841672	-0.370818	-0.392533
64970	8.998750	-0.626573	-2.343448	-0.002604	-0.904926	-0.101075	-0.367517	-0.159958	0.916158	-0.402530	0.915405	-0.001648	-0.838392	-0.369387	-0.400815
64971	9.319074	-0.663562	-2.424446	-0.007988	-0.969470	-0.133449	-0.375068	-0.164787	0.912233	-0.402968	0.915214	-0.000356	-0.834830	-0.367734	-0.409671
64972	9.194142	-0.347168	-2.792459	-0.024006	-1.021849	-0.152915	-0.382919	-0.169967	0.908011	-0.403386	0.915029	0.001168	-0.831055	-0.365831	-0.418945
64973	9.616775	-0.482046	-3.040132	-0.028863	-1.068677	-0.171747	-0.391064	-0.175471	0.903482	-0.403821	0.914833	0.002885	-0.827042	-0.363716	-0.428617
64974	9.615384	0.192462	-3.371162	0.033380	-1.097025	-0.178832	-0.399346	-0.181118	0.898732	-0.404842	0.914376	0.004382	-0.822573	-0.362094	-0.438477
64975	9.197363	0.915484	-3.893160	-0.034493	-1.117283	-0.159528	-0.407844	-0.186643	0.893772	-0.405213	0.914202	0.006004	-0.818209	-0.359720	-0.448482
64976	8.810651	0.656592	-4.181868	-0.132605	-1.139338	-0.149541	-0.416490	-0.192122	0.888608	-0.404789	0.914375	0.007968	-0.814052	-0.356380	-0.458598
64977	8.552720	0.301792	-4.772331	-0.121262	-1.157745	-0.147789	-0.425270	-0.197614	0.883229	-0.404438	0.914512	0.009879	-0.809676	-0.353010	-0.468837
64978	8.605523	0.222293	-5.498552	-0.126950	-1.151911	-0.144287	-0.433942	-0.203012	0.877770	-0.404073	0.914651	0.011781	-0.805245	-0.349571	-0.478938
64979	8.755252	0.189545	-5.507732	-0.182832	-1.125905	-0.126049	-0.442454	-0.208114	0.872309	-0.403169	0.915021	0.013808	-0.801055	-0.345579	-0.488760
64980	8.946696	-0.088235	-5.512630	-0.231350	-1.106047	-0.115220	-0.450783	-0.213000	0.866848	-0.401876	0.915555	0.015983	-0.797052	-0.341160	-0.498316
64981	9.120575	-0.331172	-5.657056	-0.267909	-1.087735	-0.120256	-0.458927	-0.217821	0.861359	-0.400305	0.916197	0.018408	-0.793184	-0.336359	-0.507663
64982	9.610196	-0.348068	-5.510737	-0.231809	-1.081705	-0.153837	-0.466826	-0.222880	0.855802	-0.399224	0.916614	0.020947	-0.789109	-0.331878	-0.516879
64983	10.097320	0.015388	-5.351596	-0.211028	-1.067828	-0.182890	-0.474479	-0.228112	0.850197	-0.398437	0.916891	0.023645	-0.784931	-0.327531	-0.525934
64984	10.588631	-0.186866	-4.982210	-0.199038	-1.062595	-0.240477	-0.481794	-0.233809	0.844516	-0.398072	0.916963	0.026768	-0.780649	-0.323282	-0.534861
64985	11.357233	-0.281126	-4.750607	-0.086710	-1.084290	-0.321613	-0.488929	-0.240280	0.838579	-0.398973	0.916473	0.029980	-0.775738	-0.319912	-0.543955
64986	12.014658	0.804163	-4.735683	0.065792	-1.108790	-0.379158	-0.495932	-0.247324	0.832395	-0.401398	0.915316	0.032813	-0.770020	-0.317849	-0.553210
64987	12.074950	2.273880	-4.160026	0.034064	-1.115871	-0.382629	-0.502931	-0.254392	0.826042	-0.403585	0.914240	0.035833	-0.764316	-0.315356	-0.562468
64988	11.692322	2.961240	-2.489543	-0.197620	-1.192702	-0.366556	-0.510483	-0.261511	0.819158	-0.403988	0.913890	0.039997	-0.759079	-0.310512	-0.572172
64989	11.499899	2.567881	-0.874381	-0.493356	-1.393051	-0.356977	-0.519561	-0.269078	0.810959	-0.402110	0.914446	0.045794	-0.753900	-0.302302	-0.583309
64990	11.902674	2.305840	-0.526450	-0.815869	-1.544679	-0.371529	-0.529622	-0.277098	0.801697	-0.397981	0.915825	0.053628	-0.749074	-0.290658	-0.595321
64991	11.551878	1.445392	-0.258737	-1.171940	-1.621634	-0.375516	-0.540234	-0.285165	0.791725	-0.391251	0.918076	0.063705	-0.745030	-0.275348	-0.607547
64992	11.225253	0.345553	-0.134990	-1.381748	-1.750994	-0.356497	-0.551792	-0.293154	0.780760	-0.382994	0.920699	0.075021	-0.740838	-0.257631	-0.620311
64993	11.189233	0.053783	-0.270294	-1.545115	-1.879861	-0.328845	-0.564411	-0.300879	0.768708	-0.373436	0.923540	0.087292	-0.736197	-0.237795	-0.633615
64994	11.086886	-0.183945	-1.144025	-1.730895	-1.992204	-0.300112	-0.577843	-0.308221	0.755710	-0.362526	0.926519	0.100687	-0.731213	-0.215783	-0.647120
64995	11.036555	-0.535495	-2.218231	-1.810850	-2.096212	-0.312856	-0.591974	-0.315439	0.741663	-0.351185	0.929228	0.114908	-0.725421	-0.192438	-0.660857
64996	11.392939	-0.864251	-3.263999	-1.879612	-2.165655	-0.345783	-0.606330	-0.322616	0.726831	-0.339772	0.931478	0.130011	-0.718971	-0.168127	-0.674399
64997	11.425349	-0.661378	-4.732717	-1.735615	-2.258007	-0.392976	-0.621140	-0.329847	0.710905	-0.329794	0.932898	0.144696	-0.710930	-0.144576	-0.688242
64998	11.081111	-0.158986	-5.772069	-1.592669	-2.330044	-0.458732	-0.636002	-0.337297	0.694069	-0.321535	0.933454	0.158996	-0.701510	-0.122046	-0.702131
64999	10.711120	0.615389	-6.081568	-1.437040	-2.477771	-0.545368	-0.651490	-0.345177	0.675584	-0.315067	0.933176	0.172959	-0.690140	-0.100173	-0.716709
65000	11.025582	2.014298	-6.138033	-1.468221	-2.502822	-0.603303	-0.666628	-0.353104	0.656449	-0.309112	0.932339	0.187600	-0.678275	-0.077857	-0.730672
65001	10.851535	2.265284	-6.294747	-1.559784	-2.380601	-0.614128	-0.680745	-0.360443	0.637704	-0.302780	0.931169	0.203099	-0.667016	-0.054825	-0.743024
65002	11.000992	3.111055	-6.110453	-1.745120	-2.128492	-0.659888	-0.692759	-0.367575	0.620463	-0.295872	0.929478	0.220295	-0.657681	-0.030966	-0.752659
65003	7.491405	2.129586	-6.886196	-1.811789	-1.932101	-0.563083	-0.703727	-0.373208	0.604553	-0.287985	0.927722	0.237481	-0.649487	-0.006980	-0.760341
65004	6.463392	2.422655	-7.043698	-1.782134	-1.767946	-0.412298	-0.713863	-0.377035	0.590122	-0.279518	0.926060	0.253540	-0.642082	0.016043	-0.766468
65005	6.383519	2.268313	-6.645279	-1.619932	-1.477630	-0.227351	-0.722664	-0.378788	0.578167	-0.270824	0.924759	0.267349	-0.635934	0.036622	-0.770874
65006	6.201200	2.037242	-8.648199	-1.269091	-1.162725	-0.151530	-0.729513	-0.379759	0.568853	-0.264004	0.923587	0.278010	-0.630962	0.052632	-0.774027
65007	6.785563	2.177398	-7.445162	-1.071360	-0.865421	-0.083980	-0.734724	-0.380060	0.561904	-0.257903	0.922617	0.286815	-0.627429	0.065813	-0.775888
65008	7.768330	1.427650	-4.069066	-1.187842	-0.465509	0.012569	-0.737565	-0.379702	0.558412	-0.250480	0.921780	0.295940	-0.627103	0.078404	-0.774981
65009	8.072690	-0.421612	-4.452782	-0.982288	0.022802	0.125265	-0.737716	-0.378604	0.558958	-0.243409	0.921425	0.302866	-0.629704	0.087374	-0.771906
65010	7.775776	-1.242869	-5.456259	-0.337820	0.475590	0.207342	-0.735094	-0.377210	0.563337	-0.239876	0.921885	0.304281	-0.634110	0.088544	-0.768156
65011	7.635754	-0.016238	-6.380805	0.379222	0.928881	0.237231	-0.729732	-0.375850	0.571164	-0.240580	0.923085	0.300058	-0.640010	0.081551	-0.764027
65012	6.911581	1.293930	-6.771556	0.747158	1.340577	0.242933	-0.721560	-0.374719	0.582183	-0.243773	0.924533	0.292938	-0.648017	0.069452	-0.758453
65013	6.757282	1.206060	-6.646134	0.876692	1.731556	0.291376	-0.710950	-0.373137	0.596086	-0.247437	0.926152	0.284634	-0.658274	0.054867	-0.750776
65014	6.643256	0.470713	-6.472308	1.069832	2.098812	0.382232	-0.697828	-0.370655	0.612904	-0.252004	0.928035	0.274309	-0.670471	0.036967	-0.741015
65015	6.539443	0.510996	-6.373662	1.350945	2.452896	0.475303	-0.682411	-0.366918	0.632207	-0.257896	0.930126	0.261447	-0.683962	0.015371	-0.729355
