// General information: 
//  MT Manager version: 2022.2.0 
//  XDA version: 2022.2.0 build 7381 rev 124627 built on 2023-07-19
// Device information: 
//  DeviceId: 00B4CBA7
//  ProductCode: MTW2-3A7G6
//  Firmware Version: 4.6.0
//  Hardware Version: 2.0.0
// Device settings: 
//  Filter Profile: human(46.1)
//  Option Flags: Orientation Smoother Disabled, Position/Velocity Smoother Disabled, Continuous Zero Rotation Update Disabled, AHS Disabled, ICC Disabled
// Coordinate system: ENU
PacketCounter	Acc_X	Acc_Y	Acc_Z	Gyr_X	Gyr_Y	Gyr_Z	Mat[1][1]	Mat[2][1]	Mat[3][1]	Mat[1][2]	Mat[2][2]	Mat[3][2]	Mat[1][3]	Mat[2][3]	Mat[3][3]
15570	9.532716	-0.872591	-2.172234	0.028688	-0.017410	-0.006789	0.198981	-0.129144	0.971457	-0.186944	-0.978078	-0.091733	0.962007	-0.163355	-0.218762
15571	9.532664	-0.864657	-2.232693	0.024591	-0.012195	-0.006518	0.199115	-0.128873	0.971465	-0.186912	-0.978111	-0.091445	0.961986	-0.163371	-0.218844
15572	9.524629	-0.815680	-2.156784	0.017752	-0.010929	-0.007279	0.199236	-0.128792	0.971451	-0.186746	-0.978149	-0.091380	0.961993	-0.163208	-0.218934
15573	9.547379	-0.796322	-2.175002	0.005170	-0.005900	-0.004925	0.199377	-0.128704	0.971434	-0.186803	-0.978150	-0.091255	0.961953	-0.163272	-0.219063
15574	9.501724	-0.826105	-2.199801	-0.013074	-0.004705	-0.001786	0.199429	-0.128666	0.971428	-0.186943	-0.978130	-0.091175	0.961915	-0.163419	-0.219121
15575	9.510417	-0.866683	-2.165459	-0.019865	-0.001674	-0.002803	0.199367	-0.128519	0.971461	-0.187198	-0.978100	-0.090980	0.961878	-0.163718	-0.219059
15576	9.498943	-0.879299	-2.127131	-0.013882	0.003401	-0.007204	0.199350	-0.128414	0.971478	-0.187337	-0.978086	-0.090845	0.961855	-0.163883	-0.219038
15577	9.510368	-0.872880	-2.106224	-0.019816	0.000096	-0.003060	0.199302	-0.128252	0.971509	-0.187645	-0.978048	-0.090620	0.961805	-0.164238	-0.218993
15578	9.510390	-0.872326	-2.106352	-0.017969	0.000669	-0.000221	0.199299	-0.128219	0.971514	-0.187837	-0.978018	-0.090544	0.961768	-0.164441	-0.219002
15579	9.501486	-0.838694	-2.081812	-0.014477	0.002689	-0.000226	0.199381	-0.128132	0.971509	-0.188229	-0.977960	-0.090353	0.961674	-0.164851	-0.219105
15580	9.510499	-0.871681	-2.106127	-0.017348	0.004572	0.001333	0.199338	-0.128108	0.971521	-0.188418	-0.977929	-0.090293	0.961646	-0.165053	-0.219076
15581	9.496818	-0.915786	-2.172301	-0.010283	0.001014	-0.001012	0.199096	-0.127919	0.971595	-0.188571	-0.977917	-0.090110	0.961666	-0.165274	-0.218821
15582	9.500523	-0.853586	-2.133761	0.001847	0.000571	0.002840	0.199087	-0.127915	0.971598	-0.188579	-0.977916	-0.090106	0.961667	-0.165284	-0.218812
15583	9.522131	-0.858000	-2.144169	-0.007589	0.003194	0.000278	0.199084	-0.127990	0.971588	-0.188606	-0.977904	-0.090175	0.961662	-0.165295	-0.218825
15584	9.507040	-0.925982	-2.203708	-0.008378	-0.004594	0.008279	0.199115	-0.128048	0.971574	-0.188723	-0.977879	-0.090202	0.961632	-0.165398	-0.218876
15585	9.490398	-0.836526	-2.161646	0.010379	0.002520	0.000500	0.199245	-0.127953	0.971560	-0.188811	-0.977875	-0.090064	0.961588	-0.165497	-0.218995
15586	9.511789	-0.849082	-2.112777	0.010283	-0.001015	0.001012	0.199256	-0.127934	0.971561	-0.188734	-0.977890	-0.090061	0.961601	-0.165422	-0.218996
15587	9.491496	-0.821681	-2.109077	0.008210	0.000708	0.001277	0.199129	-0.127836	0.971600	-0.188593	-0.977921	-0.090015	0.961655	-0.165312	-0.218842
15588	9.514398	-0.802925	-2.126368	0.004016	0.002385	0.002062	0.199105	-0.127821	0.971606	-0.188579	-0.977925	-0.090008	0.961663	-0.165303	-0.218814
15589	9.501556	-0.839986	-2.080970	-0.009282	-0.000021	0.003378	0.199090	-0.127785	0.971614	-0.188672	-0.977912	-0.089953	0.961648	-0.165407	-0.218802
15590	9.499121	-0.879036	-2.126444	-0.006637	0.000390	0.004923	0.199080	-0.127802	0.971614	-0.188766	-0.977894	-0.089950	0.961631	-0.165500	-0.218803
15591	9.487555	-0.892543	-2.088157	-0.010331	-0.000752	-0.000756	0.199110	-0.127767	0.971613	-0.188870	-0.977880	-0.089887	0.961605	-0.165611	-0.218837
15592	9.485064	-0.931514	-2.133902	-0.004136	-0.004502	0.007237	0.199142	-0.127815	0.971600	-0.188944	-0.977863	-0.089912	0.961583	-0.165673	-0.218883
15593	9.523144	-0.837226	-2.151344	0.006137	0.002429	0.001542	0.199069	-0.127774	0.971620	-0.188867	-0.977879	-0.089902	0.961614	-0.165610	-0.218798
15594	9.523151	-0.837476	-2.151216	-0.005838	0.000230	0.003630	0.199063	-0.127779	0.971621	-0.188950	-0.977864	-0.089888	0.961599	-0.165695	-0.218800
15595	9.513106	-0.819963	-2.178953	-0.005266	0.002364	0.005440	0.198927	-0.127777	0.971649	-0.189014	-0.977851	-0.089896	0.961614	-0.165773	-0.218672
15596	9.501578	-0.833700	-2.140408	-0.002871	0.001883	0.001559	0.198907	-0.127759	0.971655	-0.189065	-0.977844	-0.089869	0.961608	-0.165830	-0.218655
15597	9.522977	-0.846167	-2.091513	-0.000226	0.002294	0.003105	0.198825	-0.127705	0.971679	-0.189105	-0.977840	-0.089820	0.961617	-0.165891	-0.218569
15598	9.490109	-0.847755	-2.101454	-0.001725	0.006150	0.005180	0.198758	-0.127715	0.971691	-0.189153	-0.977830	-0.089831	0.961622	-0.165943	-0.218509
15599	9.520655	-0.885733	-2.136234	0.001847	0.000571	0.002840	0.198714	-0.127575	0.971719	-0.189277	-0.977821	-0.089669	0.961606	-0.166106	-0.218454
15600	9.477493	-0.877464	-2.114951	0.000299	0.002660	0.005171	0.198680	-0.127589	0.971724	-0.189306	-0.977814	-0.089683	0.961608	-0.166135	-0.218425
15601	9.495202	-0.763361	-2.069141	0.016694	0.000885	-0.000805	0.198533	-0.127353	0.971785	-0.189227	-0.977847	-0.089489	0.961654	-0.166122	-0.218234
15602	9.505029	-0.789460	-1.981852	-0.005266	0.002365	0.005440	0.198501	-0.127369	0.971789	-0.189310	-0.977831	-0.089492	0.961644	-0.166205	-0.218212
15603	9.543125	-0.883990	-2.034554	-0.017766	-0.000197	0.005459	0.198542	-0.127396	0.971777	-0.189565	-0.977785	-0.089453	0.961585	-0.166455	-0.218281
15604	9.484796	-0.943369	-2.073155	-0.013895	-0.003117	0.008290	0.198557	-0.127449	0.971767	-0.189737	-0.977750	-0.089466	0.961548	-0.166616	-0.218321
15605	9.508018	-0.908888	-2.209439	-0.001121	-0.001081	0.004910	0.198478	-0.127466	0.971781	-0.189658	-0.977761	-0.089514	0.961580	-0.166540	-0.218239
15606	9.524302	-0.818264	-2.157247	0.007217	-0.006207	0.003594	0.198531	-0.127479	0.971769	-0.189617	-0.977768	-0.089527	0.961577	-0.166490	-0.218290
15607	9.535537	-0.813446	-2.136556	-0.002942	0.001534	0.010603	0.198414	-0.127419	0.971800	-0.189740	-0.977750	-0.089460	0.961577	-0.166639	-0.218176
15608	9.488834	-0.860002	-2.212876	0.006164	0.005613	0.010075	0.198341	-0.127475	0.971808	-0.189722	-0.977747	-0.089533	0.961596	-0.166616	-0.218112
15609	9.501584	-0.831950	-2.198201	0.000971	0.008329	0.006471	0.198013	-0.127441	0.971879	-0.189662	-0.977755	-0.089570	0.961675	-0.166592	-0.217779
15610	9.513019	-0.827169	-2.176611	-0.007037	0.006752	0.010876	0.197925	-0.127503	0.971889	-0.189772	-0.977729	-0.089622	0.961671	-0.166699	-0.217714
15611	9.535762	-0.816925	-2.134221	-0.004118	0.006635	0.009062	0.197961	-0.127556	0.971875	-0.189928	-0.977698	-0.089634	0.961633	-0.166842	-0.217773
15612	9.501365	-0.849957	-2.077789	-0.012803	0.007336	0.005460	0.197879	-0.127564	0.971891	-0.190083	-0.977669	-0.089621	0.961620	-0.167006	-0.217708
15613	9.507687	-0.930289	-2.088013	-0.013650	0.005730	0.007010	0.197730	-0.127504	0.971929	-0.190311	-0.977632	-0.089535	0.961605	-0.167265	-0.217573
15614	9.463271	-0.945273	-2.059489	0.004116	0.005918	0.001553	0.197669	-0.127475	0.971945	-0.190297	-0.977637	-0.089520	0.961621	-0.167263	-0.217507
15615	9.521876	-0.878753	-2.079775	0.005164	0.006649	0.005687	0.197584	-0.127511	0.971957	-0.190156	-0.977656	-0.089603	0.961666	-0.167119	-0.217417
15616	9.521901	-0.879442	-2.079372	0.000774	0.001258	0.007494	0.197557	-0.127549	0.971958	-0.190185	-0.977647	-0.089639	0.961666	-0.167143	-0.217399
15617	9.532098	-0.889959	-2.110782	0.004442	-0.000789	0.004643	0.197391	-0.127485	0.972000	-0.190058	-0.977673	-0.089632	0.961725	-0.167044	-0.217214
15618	9.502935	-0.829318	-2.082529	0.013250	0.000626	-0.001054	0.197385	-0.127440	0.972007	-0.189950	-0.977695	-0.089612	0.961747	-0.166945	-0.217190
15619	9.491570	-0.835260	-2.103403	0.012079	-0.002221	0.004111	0.197440	-0.127529	0.971984	-0.189762	-0.977721	-0.089736	0.961773	-0.166729	-0.217241
15620	9.501495	-0.853643	-2.075685	0.000999	-0.001036	0.004390	0.197439	-0.127541	0.971983	-0.189783	-0.977716	-0.089742	0.961769	-0.166747	-0.217245
15621	9.497636	-0.916370	-2.114338	0.005716	-0.002351	0.005672	0.197500	-0.127518	0.971974	-0.189864	-0.977705	-0.089690	0.961741	-0.166829	-0.217308
15622	9.511553	-0.864697	-2.107498	0.012827	-0.004150	0.003073	0.197532	-0.127521	0.971967	-0.189768	-0.977722	-0.089710	0.961753	-0.166727	-0.217331
15623	9.501449	-0.847624	-2.135503	0.009684	-0.001736	0.007991	0.197387	-0.127516	0.971997	-0.189651	-0.977740	-0.089756	0.961806	-0.166624	-0.217177
15624	9.512716	-0.842731	-2.114672	0.006039	-0.001110	0.002055	0.197392	-0.127504	0.971998	-0.189619	-0.977747	-0.089751	0.961811	-0.166593	-0.217176
15625	9.522859	-0.853198	-2.146328	0.002747	-0.003999	0.007742	0.197399	-0.127488	0.971998	-0.189643	-0.977745	-0.089728	0.961805	-0.166620	-0.217183
15626	9.497149	-0.919601	-2.115125	0.002372	0.000938	0.004907	0.197378	-0.127500	0.972001	-0.189651	-0.977742	-0.089742	0.961808	-0.166628	-0.217165
15627	9.534051	-0.849009	-2.125555	0.008361	-0.001940	0.007218	0.197555	-0.127486	0.971967	-0.189848	-0.977712	-0.089653	0.961733	-0.166815	-0.217355
15628	9.491055	-0.833197	-2.163768	0.006290	-0.000215	0.007482	0.197541	-0.127525	0.971964	-0.189825	-0.977712	-0.089700	0.961740	-0.166784	-0.217346
15629	9.512323	-0.846332	-2.115001	0.008412	-0.000171	0.006962	0.197550	-0.127454	0.971972	-0.189928	-0.977701	-0.089602	0.961718	-0.166904	-0.217352
15630	9.492036	-0.819425	-2.111338	0.006291	-0.000214	0.007482	0.197537	-0.127492	0.971970	-0.189905	-0.977701	-0.089649	0.961725	-0.166873	-0.217343
15631	9.511918	-0.855895	-2.055780	-0.001446	-0.002315	0.008527	0.197507	-0.127480	0.971977	-0.190026	-0.977681	-0.089614	0.961707	-0.167002	-0.217323
15632	9.488867	-0.875659	-2.038518	0.000675	-0.002272	0.008006	0.197512	-0.127527	0.971970	-0.190059	-0.977671	-0.089653	0.961700	-0.167024	-0.217339
15633	9.498736	-0.894264	-2.010899	0.000676	-0.002272	0.008006	0.197530	-0.127542	0.971965	-0.190148	-0.977654	-0.089645	0.961679	-0.167109	-0.217367
15634	9.512608	-0.842815	-2.004437	-0.003768	-0.009428	0.010073	0.197600	-0.127621	0.971940	-0.190227	-0.977634	-0.089694	0.961649	-0.167165	-0.217457
15635	9.489613	-0.854783	-2.047250	-0.005939	-0.011237	0.010850	0.197625	-0.127631	0.971933	-0.190406	-0.977603	-0.089660	0.961608	-0.167343	-0.217500
15636	9.500909	-0.842125	-2.086633	-0.012726	-0.008195	0.009833	0.197683	-0.127705	0.971912	-0.190571	-0.977568	-0.089687	0.961563	-0.167488	-0.217586
15637	9.509685	-0.868185	-2.171501	-0.014948	-0.011771	0.010866	0.197699	-0.127741	0.971904	-0.190751	-0.977533	-0.089680	0.961524	-0.167663	-0.217624
15638	9.488934	-0.848955	-2.109804	-0.021785	-0.010494	0.010106	0.197779	-0.127821	0.971877	-0.191004	-0.977483	-0.089689	0.961458	-0.167894	-0.217740
15639	9.531711	-0.858267	-2.132322	-0.028248	-0.014152	0.012181	0.197842	-0.128007	0.971840	-0.191198	-0.977433	-0.089821	0.961406	-0.168044	-0.217852
15640	9.499601	-0.844499	-2.091623	-0.028095	-0.008846	0.011413	0.197903	-0.128098	0.971815	-0.191514	-0.977370	-0.089830	0.961331	-0.168339	-0.217957
15641	9.467690	-0.822771	-2.110237	-0.024056	-0.015830	0.011392	0.198056	-0.128225	0.971767	-0.191777	-0.977315	-0.089871	0.961247	-0.168563	-0.218154
15642	9.556079	-0.802233	-2.108671	-0.021358	-0.013654	0.012682	0.198161	-0.128337	0.971731	-0.192030	-0.977262	-0.089907	0.961175	-0.168786	-0.218300
15643	9.527405	-0.907310	-2.124539	-0.033063	-0.016352	0.011411	0.198397	-0.128409	0.971674	-0.192498	-0.977177	-0.089831	0.961032	-0.169223	-0.218587
15644	9.485209	-0.875786	-2.112055	-0.015894	-0.016899	0.012920	0.198533	-0.128528	0.971630	-0.192699	-0.977133	-0.089881	0.960964	-0.169388	-0.218760
15645	9.532004	-0.815303	-2.155570	-0.020083	-0.015211	0.013708	0.198687	-0.128589	0.971591	-0.193056	-0.977067	-0.089835	0.960860	-0.169722	-0.218955
15646	9.523770	-0.932262	-2.293603	-0.034025	-0.012115	0.015559	0.198772	-0.128726	0.971555	-0.193437	-0.976988	-0.089870	0.960766	-0.170071	-0.219098
15647	9.417831	-0.888469	-2.078384	0.027052	-0.025096	0.002452	0.199268	-0.128824	0.971440	-0.193331	-0.977006	-0.089905	0.960685	-0.169895	-0.219592
15648	9.584265	-0.671683	-1.999826	-0.003865	-0.012957	0.010573	0.199372	-0.128914	0.971407	-0.193413	-0.976985	-0.089958	0.960647	-0.169947	-0.219717
15649	9.504274	-0.900105	-2.012510	-0.044713	-0.017256	0.009898	0.199340	-0.129014	0.971401	-0.193697	-0.976925	-0.089999	0.960596	-0.170217	-0.219730
15650	9.451496	-1.023039	-2.182285	-0.038940	-0.017845	0.015306	0.199481	-0.129158	0.971352	-0.194125	-0.976838	-0.090021	0.960481	-0.170606	-0.219933
15651	9.500836	-0.923646	-2.180746	-0.014451	-0.022510	0.011088	0.199571	-0.129341	0.971310	-0.194047	-0.976836	-0.090207	0.960478	-0.170477	-0.220046
15652	9.528541	-0.828102	-2.109376	-0.023674	-0.020734	0.014221	0.199741	-0.129480	0.971256	-0.194325	-0.976776	-0.090252	0.960386	-0.170712	-0.220264
15653	9.506474	-0.824300	-2.100918	-0.032360	-0.020006	0.010632	0.199865	-0.129651	0.971208	-0.194580	-0.976717	-0.090343	0.960309	-0.170921	-0.220439
15654	9.478938	-0.905516	-2.124388	-0.038451	-0.020641	0.008840	0.200044	-0.129738	0.971159	-0.194989	-0.976639	-0.090305	0.960188	-0.171301	-0.220668
15655	9.501238	-0.894924	-2.085011	-0.029017	-0.023291	0.011384	0.200265	-0.129859	0.971097	-0.195314	-0.976574	-0.090313	0.960076	-0.171582	-0.220937
15656	9.510744	-0.905000	-2.119088	-0.036431	-0.024123	0.008821	0.200479	-0.129952	0.971041	-0.195703	-0.976499	-0.090278	0.959952	-0.171937	-0.221199
15657	9.508726	-0.928384	-2.115071	-0.034943	-0.027974	0.006734	0.200685	-0.130002	0.970992	-0.196044	-0.976437	-0.090212	0.959840	-0.172253	-0.221443
15658	9.508044	-0.928445	-2.118107	-0.018357	-0.030679	0.006405	0.200966	-0.130082	0.970923	-0.196255	-0.976396	-0.090194	0.959738	-0.172422	-0.221751
15659	9.500068	-0.863888	-2.162455	-0.012794	-0.030402	0.006126	0.201217	-0.130227	0.970851	-0.196242	-0.976389	-0.090297	0.959688	-0.172353	-0.222022
15660	9.473690	-0.921553	-2.193506	-0.022226	-0.027737	0.003590	0.201475	-0.130276	0.970791	-0.196484	-0.976345	-0.090244	0.959584	-0.172563	-0.222306
15661	9.503232	-0.967174	-2.172606	-0.015126	-0.029550	0.000970	0.201861	-0.130294	0.970709	-0.196716	-0.976308	-0.090138	0.959456	-0.172759	-0.222709
15662	9.515415	-0.938215	-2.161583	-0.003310	-0.032694	-0.000386	0.202174	-0.130312	0.970641	-0.196769	-0.976302	-0.090088	0.959379	-0.172778	-0.223025
15663	9.473065	-0.905650	-2.150371	-0.009242	-0.037375	-0.005031	0.202694	-0.130326	0.970531	-0.196947	-0.976278	-0.089966	0.959233	-0.172908	-0.223553
15664	9.493925	-0.917714	-2.105313	-0.012844	-0.033555	-0.002415	0.203020	-0.130326	0.970463	-0.197087	-0.976258	-0.089874	0.959135	-0.173019	-0.223886
15665	9.471881	-0.929057	-1.980029	-0.015275	-0.045578	-0.009175	0.203498	-0.130249	0.970373	-0.197291	-0.976236	-0.089662	0.958992	-0.173199	-0.224359
15666	9.505275	-0.895150	-2.040449	-0.027189	-0.045953	-0.007311	0.203953	-0.130223	0.970281	-0.197558	-0.976198	-0.089490	0.958840	-0.173435	-0.224825
15667	9.457237	-0.955413	-2.003629	-0.037186	-0.053345	-0.004970	0.204612	-0.130291	0.970133	-0.197935	-0.976134	-0.089351	0.958622	-0.173741	-0.225518
15668	9.447993	-1.094589	-1.968594	-0.014622	-0.060344	-0.011845	0.205214	-0.130246	0.970012	-0.198072	-0.976124	-0.089163	0.958465	-0.173834	-0.226113
15669	9.564006	-0.959409	-2.016662	0.000055	-0.065365	-0.014797	0.205827	-0.130192	0.969889	-0.198011	-0.976150	-0.089011	0.958346	-0.173728	-0.226698
15670	9.433957	-0.931664	-1.958655	-0.011005	-0.073466	-0.016581	0.206564	-0.130124	0.969742	-0.198103	-0.976152	-0.088786	0.958168	-0.173769	-0.227416
15671	9.395269	-0.992373	-2.014935	-0.012497	-0.080329	-0.025393	0.207327	-0.129946	0.969603	-0.198301	-0.976145	-0.088421	0.957962	-0.173941	-0.228150
15672	9.475498	-0.912074	-2.002254	0.008532	-0.085220	-0.029956	0.208204	-0.129768	0.969439	-0.198178	-0.976198	-0.088110	0.957798	-0.173777	-0.228965
15673	9.498049	-0.866770	-2.035079	-0.005429	-0.093185	-0.029899	0.209082	-0.129631	0.969268	-0.198199	-0.976221	-0.087808	0.957602	-0.173749	-0.229803
15674	9.477088	-0.804151	-2.105874	-0.015703	-0.092102	-0.030851	0.210025	-0.129456	0.969087	-0.198306	-0.976233	-0.087433	0.957374	-0.173812	-0.230705
15675	9.469084	-0.877589	-2.206389	-0.036450	-0.097009	-0.031745	0.211093	-0.129341	0.968871	-0.198590	-0.976209	-0.087053	0.957080	-0.174032	-0.231757
15676	9.453043	-0.925827	-2.223116	-0.027728	-0.097335	-0.037252	0.212099	-0.129113	0.968681	-0.198798	-0.976208	-0.086588	0.956814	-0.174206	-0.232720
15677	9.517285	-0.879218	-2.338052	-0.038790	-0.096090	-0.036890	0.212987	-0.128785	0.968530	-0.199183	-0.976181	-0.086000	0.956537	-0.174598	-0.233566
15678	9.456441	-0.933644	-2.385159	-0.024962	-0.093349	-0.036234	0.213953	-0.128560	0.968347	-0.199365	-0.976184	-0.085551	0.956283	-0.174751	-0.234487
15679	9.536639	-0.820111	-2.439702	-0.002585	-0.086935	-0.038231	0.214775	-0.128314	0.968198	-0.199220	-0.976245	-0.085188	0.956129	-0.174588	-0.235236
15680	9.487711	-0.672984	-2.486794	-0.023405	-0.075379	-0.025541	0.215546	-0.128162	0.968047	-0.199410	-0.976236	-0.084846	0.955916	-0.174750	-0.235981
15681	9.464942	-0.830491	-2.527058	-0.055173	-0.077334	-0.026246	0.216092	-0.128000	0.967946	-0.199753	-0.976196	-0.084497	0.955721	-0.175091	-0.236516
15682	9.489561	-0.934399	-2.550116	-0.017961	-0.068883	-0.032295	0.216813	-0.127772	0.967815	-0.199876	-0.976205	-0.084102	0.955532	-0.175208	-0.237193
15683	9.484492	-0.804309	-2.558267	-0.004796	-0.060727	-0.031102	0.217517	-0.127466	0.967698	-0.200084	-0.976205	-0.083612	0.955329	-0.175434	-0.237845
15684	9.458561	-0.835312	-2.598472	0.002463	-0.055472	-0.034772	0.218116	-0.127189	0.967599	-0.200006	-0.976252	-0.083242	0.955208	-0.175369	-0.238375
15685	9.479878	-0.844947	-2.555278	0.021336	-0.051062	-0.036782	0.218622	-0.126899	0.967523	-0.199653	-0.976350	-0.082943	0.955167	-0.175035	-0.238788
15686	9.484657	-0.756827	-2.527218	0.029766	-0.041586	-0.036825	0.219092	-0.126578	0.967459	-0.199308	-0.976448	-0.082618	0.955131	-0.174722	-0.239160
15687	9.474374	-0.744145	-2.499117	0.017648	-0.039331	-0.040794	0.219533	-0.126240	0.967403	-0.199022	-0.976536	-0.082268	0.955089	-0.174474	-0.239506
15688	9.482270	-0.805464	-2.461322	0.013125	-0.029218	-0.043257	0.219897	-0.125834	0.967373	-0.198822	-0.976612	-0.081841	0.955047	-0.174338	-0.239773
15689	9.448728	-0.802895	-2.473674	0.010973	-0.031010	-0.042466	0.220284	-0.125318	0.967352	-0.198871	-0.976653	-0.081237	0.954948	-0.174483	-0.240063
15690	9.438885	-0.821343	-2.378673	0.005499	-0.027775	-0.042633	0.220633	-0.124916	0.967325	-0.198745	-0.976715	-0.080797	0.954893	-0.174425	-0.240322
15691	9.462200	-0.806520	-2.339916	0.007069	-0.028074	-0.045241	0.220830	-0.124440	0.967341	-0.198527	-0.976797	-0.080336	0.954893	-0.174303	-0.240411
15692	9.461909	-0.802403	-2.342504	0.009184	-0.028020	-0.045787	0.221187	-0.124007	0.967315	-0.198360	-0.976869	-0.079874	0.954845	-0.174209	-0.240668
15693	9.452069	-0.788757	-2.313401	0.006251	-0.029661	-0.043690	0.221402	-0.123589	0.967319	-0.198147	-0.976946	-0.079467	0.954840	-0.174077	-0.240786
15694	9.462298	-0.771079	-2.354604	0.018696	-0.028868	-0.043598	0.221761	-0.123179	0.967290	-0.197892	-0.977031	-0.079050	0.954809	-0.173889	-0.241044
15695	9.424936	-0.705424	-2.236933	0.027349	-0.030930	-0.048901	0.222079	-0.122715	0.967275	-0.197542	-0.977137	-0.078612	0.954808	-0.173619	-0.241243
15696	9.442609	-0.743947	-2.296348	-0.004779	-0.026721	-0.043516	0.222417	-0.122302	0.967250	-0.197512	-0.977181	-0.078140	0.954735	-0.173664	-0.241498
15697	9.423063	-0.877234	-2.338421	-0.008096	-0.032733	-0.046349	0.222812	-0.121788	0.967224	-0.197727	-0.977189	-0.077494	0.954599	-0.173980	-0.241810
15698	9.391522	-0.827661	-2.364454	0.024188	-0.032036	-0.043448	0.223201	-0.121383	0.967185	-0.197421	-0.977283	-0.077091	0.954571	-0.173735	-0.242094
15699	9.434845	-0.651985	-2.293788	0.023571	-0.035888	-0.045014	0.223690	-0.120948	0.967127	-0.197236	-0.977358	-0.076608	0.954495	-0.173616	-0.242481
15700	9.481210	-0.751348	-2.383078	0.010420	-0.033019	-0.044289	0.224090	-0.120537	0.967086	-0.197059	-0.977429	-0.076164	0.954438	-0.173506	-0.242785
15701	9.430001	-0.738226	-2.272926	0.033871	-0.036863	-0.044143	0.224578	-0.120067	0.967031	-0.196956	-0.977491	-0.075625	0.954344	-0.173479	-0.243171
15702	9.472094	-0.742848	-2.298692	0.013728	-0.039772	-0.043082	0.225040	-0.119678	0.966972	-0.196750	-0.977565	-0.075201	0.954278	-0.173329	-0.243538
15703	9.414652	-0.908824	-2.455316	0.016810	-0.033239	-0.036890	0.225344	-0.119319	0.966945	-0.196510	-0.977641	-0.074843	0.954256	-0.173149	-0.243753
15704	9.402233	-0.754233	-2.376540	0.060460	-0.041250	-0.049241	0.225832	-0.118873	0.966886	-0.195844	-0.977803	-0.074473	0.954277	-0.172541	-0.244100
15705	9.496863	-0.651406	-2.288118	0.042467	-0.042361	-0.048967	0.226416	-0.118429	0.966804	-0.195574	-0.977894	-0.073986	0.954194	-0.172330	-0.244572
15706	9.530323	-0.622453	-2.289259	0.024771	-0.040475	-0.052557	0.226902	-0.117949	0.966749	-0.195240	-0.977998	-0.073497	0.954147	-0.172072	-0.244938
15707	9.440302	-0.663278	-2.286926	-0.024351	-0.038166	-0.051499	0.227318	-0.117455	0.966711	-0.195364	-0.978018	-0.072890	0.954023	-0.172292	-0.245267
15708	9.401523	-0.744562	-2.332075	-0.052093	-0.037966	-0.050015	0.227775	-0.116995	0.966659	-0.195770	-0.977986	-0.072236	0.953831	-0.172789	-0.245665
15709	9.471008	-0.798614	-2.447183	-0.079832	-0.037761	-0.048526	0.228260	-0.116582	0.966595	-0.196491	-0.977892	-0.071543	0.953566	-0.173597	-0.246121
15710	9.412671	-0.883421	-2.422195	-0.066573	-0.035294	-0.050028	0.228693	-0.116118	0.966549	-0.197034	-0.977833	-0.070854	0.953351	-0.174239	-0.246502
15711	9.458150	-0.791056	-2.475697	-0.062663	-0.036003	-0.056565	0.229121	-0.115521	0.966519	-0.197703	-0.977760	-0.069997	0.953109	-0.175046	-0.246864
15712	9.440051	-0.843149	-2.597993	-0.058344	-0.030604	-0.058416	0.229526	-0.114967	0.966489	-0.198148	-0.977723	-0.069246	0.952919	-0.175614	-0.247193
15713	9.467279	-0.887661	-2.689751	-0.036649	-0.023980	-0.071673	0.229706	-0.114239	0.966532	-0.198288	-0.977752	-0.068440	0.952847	-0.175930	-0.247247
15714	9.461045	-0.776713	-2.687068	-0.012784	-0.017714	-0.076438	0.230024	-0.113486	0.966546	-0.198256	-0.977814	-0.067627	0.952777	-0.176068	-0.247420
15715	9.442422	-0.749998	-2.625022	-0.015935	-0.014939	-0.080504	0.230394	-0.112718	0.966547	-0.198361	-0.977853	-0.066754	0.952666	-0.176346	-0.247650
15716	9.485189	-0.703682	-2.400617	-0.015646	-0.011899	-0.084369	0.230672	-0.111877	0.966578	-0.198338	-0.977919	-0.065857	0.952603	-0.176518	-0.247768
15717	9.476136	-0.685337	-2.369972	-0.045755	-0.009130	-0.088225	0.230996	-0.111056	0.966596	-0.198698	-0.977911	-0.064871	0.952449	-0.177076	-0.247960
15718	9.375220	-0.931027	-2.475329	-0.073982	-0.005811	-0.089265	0.231227	-0.110156	0.966644	-0.199219	-0.977877	-0.063782	0.952285	-0.177826	-0.248057
15719	9.403190	-1.130218	-2.406834	-0.040773	-0.006871	-0.099942	0.231488	-0.109166	0.966694	-0.199501	-0.977892	-0.062657	0.952162	-0.178352	-0.248149
15720	9.469416	-1.083973	-2.455121	-0.025525	-0.007355	-0.110560	0.231776	-0.108061	0.966748	-0.199510	-0.977965	-0.061482	0.952090	-0.178626	-0.248228
15721	9.451624	-0.975309	-2.471239	0.008829	-0.004181	-0.117606	0.231997	-0.106860	0.966829	-0.199275	-0.978087	-0.060287	0.952085	-0.178679	-0.248208
15722	9.467287	-0.762429	-2.563869	0.020890	-0.009345	-0.122260	0.232327	-0.105644	0.966883	-0.198815	-0.978253	-0.059114	0.952101	-0.178497	-0.248278
15723	9.371425	-0.866140	-2.708954	0.025104	-0.005194	-0.132913	0.232715	-0.104359	0.966930	-0.198452	-0.978403	-0.057835	0.952082	-0.178430	-0.248399
15724	9.262995	-1.124271	-2.774596	0.059633	-0.001938	-0.152386	0.233033	-0.102835	0.967016	-0.197552	-0.978665	-0.056467	0.952192	-0.177877	-0.248377
15725	9.483724	-0.900747	-2.639974	0.167783	-0.012315	-0.167578	0.233417	-0.101201	0.967096	-0.195605	-0.979125	-0.055249	0.952499	-0.176273	-0.248340
15726	9.697548	-0.308369	-2.372999	0.179804	-0.008513	-0.161063	0.233809	-0.099601	0.967167	-0.193539	-0.979600	-0.054094	0.952825	-0.174537	-0.248316
15727	9.547357	-0.215930	-2.366916	0.118625	-0.001376	-0.155290	0.234065	-0.098040	0.967265	-0.192207	-0.979932	-0.052812	0.953032	-0.173554	-0.248212
15728	9.453555	-0.477499	-2.351369	0.100652	-0.004348	-0.154738	0.234400	-0.096494	0.967339	-0.190908	-0.980255	-0.051522	0.953211	-0.172596	-0.248193
15729	9.376580	-0.335199	-2.169943	0.094920	-0.008111	-0.141468	0.234731	-0.095159	0.967391	-0.189611	-0.980563	-0.050447	0.953388	-0.171586	-0.248212
15730	9.338405	-0.309128	-2.036436	0.004328	-0.008151	-0.130523	0.235054	-0.093856	0.967440	-0.189286	-0.980691	-0.049152	0.953373	-0.171569	-0.248281
15731	9.276842	-0.559787	-2.071587	-0.063682	-0.014240	-0.135790	0.235433	-0.092539	0.967475	-0.189521	-0.980718	-0.047686	0.953233	-0.172130	-0.248432
15732	9.298070	-0.814511	-1.950539	-0.059632	-0.027107	-0.153007	0.235979	-0.091049	0.967483	-0.189751	-0.980753	-0.046015	0.953052	-0.172723	-0.248714
15733	9.294168	-1.095011	-1.924404	-0.024941	-0.043285	-0.173137	0.236699	-0.089423	0.967459	-0.189658	-0.980852	-0.044259	0.952892	-0.173011	-0.249127
15734	9.260500	-0.627579	-1.604493	0.039165	-0.070897	-0.177831	0.237709	-0.087764	0.967363	-0.188886	-0.981075	-0.042593	0.952794	-0.172596	-0.249787
15735	9.336790	-0.498608	-1.658983	-0.047197	-0.076324	-0.167180	0.238681	-0.086296	0.967256	-0.188924	-0.981139	-0.040915	0.952543	-0.172973	-0.250483
15736	9.212980	-0.736113	-1.929426	-0.076819	-0.096339	-0.165685	0.239909	-0.084801	0.967084	-0.189282	-0.981145	-0.039077	0.952164	-0.173676	-0.251437
15737	9.387583	-0.574238	-1.967227	0.009106	-0.130686	-0.194239	0.241431	-0.083093	0.966854	-0.188861	-0.981300	-0.037175	0.951863	-0.173626	-0.252609
15738	9.561114	-0.364305	-2.020718	0.038693	-0.137903	-0.200859	0.243118	-0.081325	0.966581	-0.188028	-0.981530	-0.035289	0.951598	-0.173165	-0.253919
15739	9.464245	-0.464635	-2.177663	0.049078	-0.152526	-0.198070	0.244865	-0.079638	0.966281	-0.187141	-0.981762	-0.033491	0.951325	-0.172630	-0.255302
15740	9.538118	-0.178382	-2.229553	0.101310	-0.169884	-0.190004	0.246831	-0.078028	0.965912	-0.185732	-0.982083	-0.031872	0.951093	-0.171533	-0.256901
15741	9.527327	0.181833	-2.198877	0.080855	-0.179144	-0.181064	0.248777	-0.076497	0.965535	-0.184738	-0.982323	-0.030228	0.950780	-0.170851	-0.258511
15742	9.582567	0.228419	-2.114853	0.045260	-0.194730	-0.181867	0.250959	-0.075006	0.965087	-0.183875	-0.982535	-0.028547	0.950373	-0.170291	-0.260368
15743	9.462810	-0.144042	-2.241192	0.034405	-0.205844	-0.192037	0.253281	-0.073444	0.964601	-0.183269	-0.982700	-0.026700	0.949874	-0.170019	-0.262360
15744	9.491485	-0.124343	-2.252729	0.074336	-0.224024	-0.184104	0.255742	-0.071978	0.964062	-0.182117	-0.982957	-0.025077	0.949436	-0.169159	-0.264491
15745	9.549284	-0.080071	-2.525043	0.041732	-0.217963	-0.171844	0.258136	-0.070632	0.963523	-0.181530	-0.983106	-0.023434	0.948901	-0.168859	-0.266597
15746	9.450533	-0.155433	-2.844728	0.036633	-0.222649	-0.165275	0.260544	-0.069345	0.962968	-0.180776	-0.983280	-0.021897	0.948386	-0.168377	-0.268724
15747	9.513982	0.113295	-2.957042	0.068997	-0.222539	-0.162628	0.263016	-0.068119	0.962384	-0.179925	-0.983468	-0.020438	0.947866	-0.167782	-0.270924
15748	9.398305	-0.006308	-2.988505	0.043294	-0.212360	-0.162891	0.265318	-0.066835	0.961842	-0.179107	-0.983647	-0.018945	0.947379	-0.167246	-0.272950
15749	9.568046	0.071272	-2.810412	0.084384	-0.219113	-0.165016	0.267813	-0.065607	0.961235	-0.178186	-0.983841	-0.017505	0.946851	-0.166591	-0.275176
15750	9.428060	-0.038848	-2.888473	0.081076	-0.212791	-0.157154	0.270104	-0.064377	0.960677	-0.177018	-0.984075	-0.016175	0.946419	-0.165688	-0.277198
15751	9.464782	0.156523	-2.727190	0.111720	-0.223563	-0.155914	0.272580	-0.063187	0.960056	-0.175916	-0.984293	-0.014836	0.945914	-0.164845	-0.279414
15752	9.488418	0.368130	-2.594253	0.132090	-0.225448	-0.147595	0.274968	-0.062067	0.959448	-0.174285	-0.984599	-0.013746	0.945525	-0.163438	-0.281551
15753	9.465606	0.586847	-2.346966	0.108122	-0.229587	-0.135886	0.277296	-0.061107	0.958839	-0.173099	-0.984822	-0.012703	0.945063	-0.162452	-0.283665
15754	9.430042	0.494785	-2.198866	0.058225	-0.238686	-0.127589	0.279769	-0.060200	0.958178	-0.172216	-0.984991	-0.011601	0.944495	-0.161768	-0.285937
15755	9.533846	0.283103	-2.127729	0.039417	-0.251396	-0.117052	0.282358	-0.059431	0.957466	-0.171798	-0.985077	-0.010482	0.943801	-0.161531	-0.288354
15756	9.251844	-0.123154	-2.141265	-0.006340	-0.266709	-0.117872	0.285074	-0.058663	0.956709	-0.171545	-0.985132	-0.009290	0.943030	-0.161470	-0.290899
15757	9.343243	-0.317702	-2.100331	0.045827	-0.296650	-0.119817	0.288137	-0.057877	0.955839	-0.171155	-0.985211	-0.008061	0.942169	-0.161274	-0.293781
15758	9.372055	-0.063545	-2.172439	0.053646	-0.318966	-0.123068	0.291349	-0.057139	0.954909	-0.170316	-0.985365	-0.006997	0.941333	-0.160597	-0.296816
15759	9.412205	0.158935	-2.603858	0.030530	-0.315008	-0.117173	0.294364	-0.056369	0.954029	-0.169864	-0.985450	-0.005814	0.940476	-0.160343	-0.299656
15760	9.237833	0.259591	-2.980060	0.023862	-0.320641	-0.116668	0.297574	-0.055694	0.953073	-0.169317	-0.985550	-0.004727	0.939565	-0.159965	-0.302704
15761	9.324202	0.156248	-3.063731	-0.003166	-0.327374	-0.107920	0.300850	-0.055120	0.952077	-0.169497	-0.985524	-0.003497	0.938488	-0.160323	-0.305838
15762	9.381870	0.129935	-2.973772	-0.048399	-0.314057	-0.092514	0.303950	-0.054674	0.951118	-0.169695	-0.985494	-0.002420	0.937453	-0.160664	-0.308819
15763	9.229459	-0.257043	-3.107890	-0.095348	-0.315064	-0.090195	0.307027	-0.054159	0.950158	-0.170660	-0.985329	-0.001018	0.936274	-0.161842	-0.311766
15764	9.281861	-0.253768	-3.175467	-0.063047	-0.320811	-0.096363	0.310191	-0.053691	0.949157	-0.170977	-0.985275	0.000142	0.935173	-0.162328	-0.314804
15765	9.228108	0.070877	-2.918920	-0.064813	-0.324507	-0.098674	0.313531	-0.053252	0.948084	-0.171799	-0.985131	0.001481	0.933908	-0.163344	-0.318017
15766	9.408426	0.057926	-2.731557	-0.107115	-0.331237	-0.103426	0.316798	-0.052737	0.947026	-0.172497	-0.985006	0.002852	0.932676	-0.164262	-0.321145
15767	9.346176	-0.256991	-2.737829	-0.111240	-0.345666	-0.105644	0.320217	-0.052263	0.945902	-0.173584	-0.984809	0.004351	0.931305	-0.165587	-0.324425
15768	9.245535	-0.398087	-2.839997	-0.086114	-0.354932	-0.120739	0.323728	-0.051623	0.944741	-0.174021	-0.984725	0.005823	0.930009	-0.166290	-0.327767
15769	9.248630	-0.379415	-2.945832	-0.044162	-0.374111	-0.132531	0.327464	-0.050974	0.943488	-0.174426	-0.984643	0.007342	0.928624	-0.166973	-0.331327
15770	9.213281	-0.207428	-2.957570	-0.028136	-0.386808	-0.139914	0.331297	-0.050203	0.942190	-0.174250	-0.984662	0.008805	0.927297	-0.167094	-0.334963
15771	9.153159	-0.181127	-3.026076	-0.018364	-0.396903	-0.149264	0.335212	-0.049326	0.940851	-0.174246	-0.984647	0.010459	0.925889	-0.167446	-0.338660
15772	9.207489	-0.159510	-3.141922	0.011986	-0.401558	-0.162317	0.339209	-0.048359	0.939467	-0.173612	-0.984741	0.011995	0.924552	-0.167171	-0.342428
15773	9.135496	-0.135949	-3.048159	0.020077	-0.417654	-0.177106	0.343306	-0.047339	0.938030	-0.173239	-0.984784	0.013705	0.923108	-0.167209	-0.346284
15774	9.142294	-0.378192	-3.102388	0.031464	-0.429858	-0.192399	0.347602	-0.046122	0.936507	-0.172308	-0.984922	0.015449	0.921674	-0.166738	-0.350308
15775	9.113087	-0.430608	-3.198818	0.047980	-0.434204	-0.205976	0.351808	-0.044759	0.935002	-0.171330	-0.985062	0.017310	0.920259	-0.166284	-0.354221
15776	9.122048	-0.377902	-3.299203	0.072163	-0.456394	-0.216890	0.356373	-0.043338	0.933338	-0.169923	-0.985272	0.019131	0.918763	-0.165413	-0.358488
15777	9.082075	-0.336494	-3.425463	0.088967	-0.467385	-0.229590	0.360981	-0.041883	0.931632	-0.168704	-0.985442	0.021065	0.917187	-0.164774	-0.362792
15778	9.084077	-0.016627	-3.403074	0.156345	-0.479853	-0.248982	0.365794	-0.040175	0.929828	-0.166390	-0.985795	0.022864	0.915702	-0.163078	-0.367282
15779	9.136229	-0.049961	-3.383494	0.142411	-0.486138	-0.250395	0.370566	-0.038497	0.928008	-0.164450	-0.986075	0.024761	0.914132	-0.161786	-0.371737
15780	9.111522	0.036457	-3.194885	0.201233	-0.509549	-0.254095	0.375632	-0.036769	0.926039	-0.161688	-0.986488	0.026417	0.912555	-0.159652	-0.376502
15781	9.145396	0.177018	-3.104632	0.213844	-0.533137	-0.255490	0.380789	-0.035104	0.923996	-0.159098	-0.986864	0.028074	0.910872	-0.157696	-0.381371
15782	9.093474	0.495423	-3.245668	0.211169	-0.542303	-0.250812	0.386116	-0.033436	0.921844	-0.156238	-0.987275	0.029631	0.909123	-0.155469	-0.386427
15783	9.073785	0.499586	-3.420489	0.179154	-0.557280	-0.248096	0.391503	-0.031832	0.919626	-0.154002	-0.987572	0.031377	0.907198	-0.153908	-0.391540
15784	9.207589	0.326151	-3.484489	0.181759	-0.584452	-0.255927	0.397187	-0.030157	0.917242	-0.151370	-0.987924	0.033065	0.905168	-0.151976	-0.396955
15785	9.266042	0.348067	-3.473313	0.181654	-0.588730	-0.257495	0.402842	-0.028513	0.914825	-0.148923	-0.988237	0.034777	0.903073	-0.150249	-0.402350
15786	9.321921	0.357151	-3.587999	0.213691	-0.608968	-0.256859	0.408710	-0.026841	0.912269	-0.145978	-0.988621	0.036313	0.900914	-0.148012	-0.407978
15787	9.580992	0.471432	-3.289168	0.221665	-0.640998	-0.256396	0.414778	-0.025283	0.909571	-0.143321	-0.988952	0.037867	0.898565	-0.146067	-0.413819
15788	9.871926	0.603240	-2.961557	0.205901	-0.676229	-0.241341	0.421184	-0.023835	0.906662	-0.140489	-0.989304	0.039256	0.896028	-0.143910	-0.420027
15789	9.889013	0.244712	-2.933105	0.122135	-0.708068	-0.231932	0.427792	-0.022588	0.903595	-0.138666	-0.989494	0.040913	0.893177	-0.142800	-0.426430
15790	9.840113	-0.197911	-2.982422	0.159529	-0.764110	-0.242233	0.434934	-0.021235	0.900212	-0.136223	-0.989768	0.042468	0.890099	-0.141100	-0.433376
15791	9.938102	-0.132459	-2.642475	0.222179	-0.823073	-0.254185	0.442506	-0.019877	0.896545	-0.133321	-0.990102	0.043852	0.886800	-0.138933	-0.440776
15792	9.949984	-0.038635	-2.346749	0.181165	-0.889143	-0.257721	0.450710	-0.018511	0.892478	-0.130590	-0.990396	0.045408	0.883067	-0.137015	-0.448799
15793	9.929232	-0.342669	-2.322853	0.149317	-0.957833	-0.268583	0.459403	-0.017162	0.888062	-0.128184	-0.990628	0.047167	0.878930	-0.135504	-0.457297
15794	10.011757	-0.367896	-2.631361	0.164057	-1.023534	-0.273815	0.468719	-0.015786	0.883206	-0.125498	-0.990888	0.048891	0.874387	-0.133757	-0.466429
15795	9.960784	-0.001819	-2.950365	0.206967	-1.088862	-0.273418	0.478490	-0.014538	0.877973	-0.122526	-0.991187	0.050363	0.869503	-0.131673	-0.476054
15796	10.088310	0.098129	-3.072730	0.114148	-1.137819	-0.259258	0.488663	-0.013419	0.872370	-0.120304	-0.991367	0.052140	0.864139	-0.130429	-0.486058
15797	9.810527	-0.536698	-3.313321	0.070604	-1.190171	-0.254932	0.499140	-0.012432	0.866432	-0.118497	-0.991483	0.054039	0.858381	-0.129643	-0.496362
15798	9.933039	-0.712637	-3.417403	0.139690	-1.240599	-0.261303	0.510053	-0.011399	0.860067	-0.116004	-0.991688	0.055651	0.852285	-0.128157	-0.507136
15799	9.647736	-0.866161	-3.353567	0.205504	-1.282565	-0.267209	0.521171	-0.010375	0.853389	-0.112934	-0.991971	0.056909	0.845947	-0.126036	-0.518158
15800	9.429652	-0.686538	-3.008923	0.305506	-1.348989	-0.276969	0.532839	-0.009266	0.846166	-0.108919	-0.992373	0.057721	0.839177	-0.122919	-0.529785
15801	9.585831	-0.506344	-2.750438	0.360879	-1.403319	-0.268596	0.544767	-0.008315	0.838546	-0.104530	-0.992825	0.058064	0.832047	-0.119285	-0.541728
15802	9.696553	-0.087126	-2.542304	0.389342	-1.461357	-0.257811	0.557129	-0.007429	0.830393	-0.099902	-0.993297	0.058141	0.824395	-0.115350	-0.554137
15803	9.833932	0.217885	-2.147551	0.353701	-1.529872	-0.231383	0.569810	-0.006885	0.821748	-0.095767	-0.993708	0.058081	0.816177	-0.111791	-0.566884
15804	9.840157	0.447497	-2.317294	0.250647	-1.584260	-0.198967	0.582852	-0.006618	0.812552	-0.092601	-0.993993	0.058329	0.807285	-0.109240	-0.579964
15805	9.828929	0.500628	-2.619424	0.279045	-1.654182	-0.171595	0.596179	-0.006711	0.802823	-0.089417	-0.994299	0.058090	0.797856	-0.106418	-0.593380
15806	9.907216	0.966326	-2.435487	0.331103	-1.721814	-0.136428	0.609944	-0.007117	0.792412	-0.085983	-0.994650	0.057250	0.787766	-0.103053	-0.607293
15807	9.430191	1.236058	-3.085252	0.221765	-1.760674	-0.106212	0.623697	-0.007864	0.781627	-0.083652	-0.994878	0.056740	0.777177	-0.100774	-0.621161
15808	8.750380	1.172970	-4.707501	0.126789	-1.748328	-0.080550	0.637251	-0.008773	0.770606	-0.082178	-0.995008	0.056629	0.766262	-0.099414	-0.634790
15809	8.510146	0.979018	-5.266526	0.033151	-1.634093	-0.064096	0.649622	-0.009757	0.760195	-0.081565	-0.995041	0.056930	0.755869	-0.098988	-0.647196
15810	8.108307	1.052935	-5.915458	-0.016573	-1.499705	-0.012884	0.660889	-0.011073	0.750402	-0.081615	-0.995021	0.057196	0.746032	-0.099044	-0.658503
15811	8.565842	1.553688	-5.685130	-0.166522	-1.350517	0.022134	0.670769	-0.012637	0.741559	-0.083042	-0.994847	0.058162	0.737003	-0.100594	-0.668362
15812	8.426593	2.007548	-6.204039	-0.394266	-1.216668	0.055558	0.679632	-0.014396	0.733412	-0.086315	-0.994431	0.060466	0.728458	-0.104399	-0.677090
15813	8.216070	2.044330	-6.305038	-0.478993	-1.372203	0.055949	0.689396	-0.016398	0.724199	-0.090199	-0.993906	0.063359	0.718747	-0.109001	-0.686674
15814	8.845871	2.271648	-6.003586	-0.950162	-1.372234	0.079291	0.699109	-0.018705	0.714771	-0.097536	-0.992808	0.069418	0.708332	-0.118246	-0.695905
15815	8.516608	1.059551	-6.670785	-1.048526	-1.430006	0.051430	0.708993	-0.020943	0.704904	-0.105289	-0.991499	0.076441	0.697311	-0.128415	-0.705171
15816	8.603957	0.429782	-6.630636	-0.918331	-1.489507	0.032138	0.719255	-0.023200	0.694359	-0.111874	-0.990267	0.082798	0.685680	-0.137233	-0.714849
15817	8.763787	0.130194	-7.152834	-0.666471	-1.525230	0.003436	0.729507	-0.025339	0.683503	-0.116451	-0.989325	0.087613	0.673987	-0.143509	-0.724670
15818	8.860185	0.376501	-7.004043	-0.527310	-1.495436	-0.040684	0.739545	-0.027079	0.672562	-0.119679	-0.988560	0.091796	0.662382	-0.148379	-0.734325
15819	8.585535	0.062365	-7.576984	-0.469903	-1.419619	-0.063103	0.748835	-0.028563	0.662141	-0.122323	-0.987863	0.095725	0.651371	-0.152677	-0.743240
15820	8.178360	-0.247066	-7.790130	-0.388832	-1.296742	-0.080523	0.757311	-0.029730	0.652377	-0.124231	-0.987280	0.099221	0.641129	-0.156187	-0.751372
15821	7.762750	-0.506516	-7.939410	-0.282983	-1.122170	-0.094456	0.764464	-0.030545	0.643942	-0.125349	-0.986856	0.101998	0.632363	-0.158691	-0.758244
15822	7.407898	-1.079824	-8.254515	-0.189432	-0.889592	-0.101418	0.770183	-0.030923	0.637073	-0.125762	-0.986578	0.104150	0.625302	-0.160334	-0.763735
15823	7.158022	-1.913364	-8.632629	0.023250	-0.603406	-0.108018	0.773968	-0.030825	0.632474	-0.124833	-0.986641	0.104674	0.620798	-0.159968	-0.767477
15824	6.614359	-2.592733	-9.142057	0.435131	-0.346531	-0.122564	0.776264	-0.030122	0.629688	-0.121186	-0.987358	0.102163	0.618650	-0.155615	-0.770101
15825	7.646548	-2.765396	-7.173138	0.855971	0.004390	-0.146312	0.776300	-0.028707	0.629709	-0.114827	-0.988689	0.096485	0.619816	-0.147209	-0.770816
15826	9.000966	-2.051360	-6.357304	1.014730	0.515219	-0.084318	0.773185	-0.027100	0.633602	-0.107858	-0.990150	0.089269	0.624942	-0.137360	-0.768492
15827	8.702170	-1.384259	-6.261503	1.052902	0.943774	-0.024301	0.767155	-0.025682	0.640948	-0.101149	-0.991541	0.081337	0.633437	-0.127229	-0.763263
15828	8.159289	-1.032593	-6.575500	0.955628	1.310350	0.000164	0.758779	-0.024036	0.650905	-0.095046	-0.992708	0.074140	0.644377	-0.118122	-0.755530
15829	7.818388	-0.921430	-6.664595	0.931894	1.647455	0.046081	0.747883	-0.022710	0.663442	-0.089444	-0.993748	0.066812	0.657777	-0.109309	-0.745239
15830	7.826566	-0.743543	-6.453863	0.842073	2.007271	0.134527	0.734400	-0.021893	0.678363	-0.084840	-0.994602	0.059749	0.673393	-0.101432	-0.732293
