// General information: 
//  MT Manager version: 2022.2.0 
//  XDA version: 2022.2.0 build 7381 rev 124627 built on 2023-07-19
// Device information: 
//  DeviceId: 00B4CAF0
//  ProductCode: MTW2-3A7G6
//  Firmware Version: 4.6.0
//  Hardware Version: 2.0.0
// Device settings: 
//  Filter Profile: human(46.1)
//  Option Flags: Orientation Smoother Disabled, Position/Velocity Smoother Disabled, Continuous Zero Rotation Update Disabled, AHS Disabled, ICC Disabled
// Coordinate system: ENU
PacketCounter	Acc_X	Acc_Y	Acc_Z	Gyr_X	Gyr_Y	Gyr_Z	Mat[1][1]	Mat[2][1]	Mat[3][1]	Mat[1][2]	Mat[2][2]	Mat[3][2]	Mat[1][3]	Mat[2][3]	Mat[3][3]
33289	4.398346	-0.649568	9.298035	-0.024874	-0.059334	-0.007529	0.897129	0.114239	0.426742	-0.094309	0.993243	-0.067630	-0.431584	0.020427	0.901841
33290	4.477420	-0.628285	9.296116	-0.023311	-0.056303	-0.009058	0.896910	0.114201	0.427212	-0.094203	0.993246	-0.067737	-0.432063	0.020509	0.901610
33291	4.532215	-0.631351	9.245236	-0.021829	-0.057821	-0.004463	0.896647	0.114164	0.427774	-0.094050	0.993247	-0.067940	-0.432642	0.020686	0.901329
33292	4.537883	-0.608721	9.218080	-0.015657	-0.048711	-0.002938	0.896396	0.114067	0.428327	-0.093841	0.993254	-0.068123	-0.433207	0.020870	0.901053
33293	4.615904	-0.587246	9.167990	-0.012502	-0.033458	0.001594	0.896232	0.114085	0.428665	-0.093783	0.993249	-0.068267	-0.433559	0.020982	0.900881
33294	4.593066	-0.612210	9.191094	-0.009334	-0.016680	0.006119	0.896211	0.114058	0.428716	-0.093678	0.993249	-0.068420	-0.433625	0.021157	0.900845
33295	4.545169	-0.587751	9.214267	-0.004644	-0.001448	0.009135	0.896179	0.114144	0.428760	-0.093721	0.993237	-0.068526	-0.433682	0.021228	0.900816
33296	4.543971	-0.662370	9.166233	-0.004574	0.010785	0.015188	0.896228	0.114125	0.428661	-0.093598	0.993234	-0.068742	-0.433606	0.021487	0.900846
33297	4.492227	-0.686103	9.239832	0.000136	0.022933	0.010587	0.896301	0.114220	0.428484	-0.093675	0.993222	-0.068812	-0.433440	0.021538	0.900925
33298	4.441074	-0.685395	9.240357	0.007783	0.025924	0.012147	0.896388	0.114192	0.428310	-0.093602	0.993222	-0.068909	-0.433276	0.021678	0.901001
33299	4.438519	-0.685319	9.241591	0.006261	0.027470	0.013657	0.896477	0.114316	0.428090	-0.093732	0.993208	-0.068937	-0.433063	0.021675	0.901103
33300	4.435502	-0.660445	9.291572	0.006321	0.032034	0.010586	0.896508	0.114509	0.427974	-0.093964	0.993188	-0.068904	-0.432949	0.021559	0.901161
33301	4.408496	-0.660104	9.268239	0.007800	0.028982	0.013661	0.896603	0.114633	0.427741	-0.094101	0.993174	-0.068919	-0.432722	0.021542	0.901270
33302	4.357213	-0.609897	9.317280	0.006270	0.027464	0.012131	0.896692	0.114644	0.427552	-0.094090	0.993171	-0.068978	-0.432540	0.021623	0.901355
33303	4.354489	-0.659196	9.270040	0.004707	0.024433	0.013660	0.896767	0.114769	0.427360	-0.094213	0.993157	-0.069020	-0.432357	0.021632	0.901443
33304	4.351875	-0.658893	9.295526	0.009281	0.022858	0.012172	0.896853	0.114849	0.427158	-0.094322	0.993148	-0.068990	-0.432154	0.021584	0.901541
33305	4.325163	-0.682878	9.296259	0.001581	0.015299	0.012152	0.896891	0.114961	0.427049	-0.094418	0.993135	-0.069054	-0.432056	0.021613	0.901588
33306	4.348215	-0.683463	9.297228	0.006141	0.012198	0.010672	0.896863	0.115084	0.427075	-0.094546	0.993122	-0.069070	-0.432086	0.021568	0.901574
33307	4.346942	-0.732550	9.249341	0.006134	0.009133	0.007633	0.896877	0.115153	0.427026	-0.094621	0.993114	-0.069074	-0.432039	0.021545	0.901597
33308	4.395402	-0.708643	9.250245	0.007679	0.007572	0.003073	0.896860	0.115138	0.427066	-0.094609	0.993116	-0.069061	-0.432078	0.021534	0.901579
33309	4.394675	-0.708031	9.250637	0.009193	0.007565	0.004610	0.896871	0.115176	0.427033	-0.094670	0.993113	-0.069025	-0.432042	0.021479	0.901598
33310	4.369570	-0.682432	9.274892	0.006156	0.009119	0.004581	0.896847	0.115150	0.427089	-0.094615	0.993114	-0.069077	-0.432103	0.021542	0.901567
33311	4.418015	-0.682996	9.251582	0.009201	0.006025	0.001565	0.896854	0.115159	0.427073	-0.094649	0.993115	-0.069027	-0.432081	0.021485	0.901579
33312	4.392619	-0.681562	9.275990	0.007701	0.007558	0.000021	0.896893	0.115107	0.427005	-0.094624	0.993122	-0.068962	-0.432006	0.021447	0.901616
33313	4.416374	-0.681302	9.276713	0.010693	0.006032	0.006155	0.896896	0.115161	0.426985	-0.094705	0.993117	-0.068919	-0.431983	0.021375	0.901628
33314	4.416251	-0.656476	9.252572	0.007736	0.013676	0.003045	0.896968	0.115082	0.426855	-0.094624	0.993125	-0.068912	-0.431851	0.021421	0.901690
33315	4.439230	-0.655733	9.277927	0.015333	0.009019	0.001597	0.896987	0.115090	0.426811	-0.094685	0.993127	-0.068808	-0.431797	0.021307	0.901719
33316	4.486837	-0.655402	9.279333	0.013868	0.016670	0.003075	0.897021	0.115150	0.426724	-0.094818	0.993123	-0.068671	-0.431697	0.021138	0.901771
33317	4.509915	-0.630125	9.280431	0.019981	0.021213	0.007678	0.897088	0.115216	0.426566	-0.094953	0.993119	-0.068551	-0.431529	0.020992	0.901855
33318	4.483226	-0.628502	9.257026	0.018574	0.034968	0.009124	0.897184	0.115297	0.426342	-0.095107	0.993112	-0.068428	-0.431295	0.020844	0.901970
33319	4.381684	-0.674331	9.233270	0.020115	0.036479	0.009128	0.897315	0.115374	0.426046	-0.095256	0.993106	-0.068312	-0.430990	0.020714	0.902119
33320	4.352373	-0.720997	9.259579	0.018630	0.039537	0.007575	0.897525	0.115423	0.425590	-0.095418	0.993104	-0.068110	-0.430517	0.020522	0.902349
33321	4.300134	-0.718564	9.260487	0.020110	0.033411	0.006093	0.897645	0.115471	0.425322	-0.095539	0.993102	-0.067981	-0.430238	0.020388	0.902485
33322	4.296934	-0.692198	9.310478	0.015486	0.027343	0.004561	0.897691	0.115391	0.425249	-0.095446	0.993110	-0.067995	-0.430165	0.020450	0.902519
33323	4.295002	-0.666429	9.335622	0.009316	0.015162	-0.001529	0.897740	0.115366	0.425152	-0.095452	0.993113	-0.067931	-0.430061	0.020403	0.902569
33324	4.343592	-0.667124	9.288198	0.007690	0.007564	0.001551	0.897678	0.115442	0.425262	-0.095554	0.993107	-0.067886	-0.430167	0.020305	0.902521
33325	4.368240	-0.618168	9.288465	0.006177	0.007570	0.000012	0.897692	0.115435	0.425233	-0.095561	0.993108	-0.067858	-0.430135	0.020280	0.902537
33326	4.392102	-0.642823	9.265017	0.004607	0.003008	0.000023	0.897673	0.115473	0.425263	-0.095634	0.993105	-0.067791	-0.430159	0.020184	0.902527
33327	4.416676	-0.593700	9.289519	0.007647	0.004521	0.003093	0.897672	0.115497	0.425260	-0.095674	0.993104	-0.067762	-0.430153	0.020142	0.902531
33328	4.415574	-0.642257	9.265962	0.006164	0.007579	0.001537	0.897683	0.115488	0.425238	-0.095687	0.993105	-0.067717	-0.430127	0.020098	0.902545
33329	4.414310	-0.666125	9.266649	0.007692	0.009099	0.003068	0.897701	0.115511	0.425194	-0.095727	0.993104	-0.067687	-0.430080	0.020060	0.902568
33330	4.437641	-0.665876	9.267648	0.010788	0.013647	0.003069	0.897725	0.115576	0.425126	-0.095855	0.993099	-0.067573	-0.430002	0.019911	0.902608
33331	4.435054	-0.713578	9.269066	0.015453	0.021223	0.001541	0.897797	0.115581	0.424973	-0.095915	0.993100	-0.067466	-0.429838	0.019810	0.902689
33332	4.409904	-0.638376	9.268930	0.017051	0.025768	-0.001523	0.897908	0.115511	0.424758	-0.095911	0.993111	-0.067322	-0.429608	0.019710	0.902800
33333	4.383357	-0.636338	9.245429	0.021673	0.030301	-0.001507	0.898021	0.115484	0.424525	-0.095971	0.993117	-0.067147	-0.429357	0.019558	0.902923
33334	4.259215	-0.607850	9.244188	0.015497	0.025801	0.001514	0.898065	0.115475	0.424434	-0.096015	0.993120	-0.067037	-0.429255	0.019452	0.902974
33335	4.158913	-0.604556	9.292013	0.003157	0.012187	0.001481	0.898098	0.115481	0.424363	-0.096022	0.993119	-0.067042	-0.429185	0.019462	0.903007
33336	4.230350	-0.654335	9.318576	0.001467	-0.004583	0.001568	0.898090	0.115429	0.424393	-0.095961	0.993125	-0.067045	-0.429214	0.019487	0.902992
33337	4.329135	-0.656893	9.295674	-0.009245	-0.010602	-0.001548	0.898029	0.115409	0.424530	-0.095887	0.993125	-0.067148	-0.429361	0.019594	0.902921
33338	4.355356	-0.633963	9.295149	-0.012400	-0.018182	0.001520	0.897951	0.115427	0.424689	-0.095864	0.993121	-0.067230	-0.429528	0.019656	0.902840
33339	4.405303	-0.660431	9.295514	-0.010845	-0.016681	-0.000001	0.897862	0.115424	0.424879	-0.095797	0.993120	-0.067354	-0.429730	0.019772	0.902741
33340	4.456585	-0.638096	9.270930	-0.006282	-0.016716	0.001568	0.897756	0.115448	0.425095	-0.095788	0.993116	-0.067417	-0.429951	0.019805	0.902635
33341	4.458694	-0.614559	9.245626	-0.004681	-0.009101	0.001537	0.897698	0.115459	0.425215	-0.095762	0.993114	-0.067492	-0.430080	0.019868	0.902572
33342	4.483133	-0.615202	9.270221	-0.003094	-0.001478	0.003033	0.897642	0.115484	0.425327	-0.095762	0.993110	-0.067546	-0.430197	0.019903	0.902516
33343	4.432678	-0.663299	9.294383	-0.004559	0.006175	0.004500	0.897646	0.115522	0.425308	-0.095762	0.993104	-0.067633	-0.430188	0.019982	0.902518
33344	4.432379	-0.663929	9.270305	0.001575	0.009167	0.004539	0.897677	0.115496	0.425250	-0.095727	0.993106	-0.067650	-0.430131	0.020020	0.902544
33345	4.407189	-0.639088	9.294349	-0.003046	0.007705	0.007557	0.897685	0.115563	0.425215	-0.095761	0.993097	-0.067736	-0.430107	0.020087	0.902554
33346	4.381177	-0.688121	9.270537	-0.002886	0.015279	-0.001642	0.897830	0.115476	0.424931	-0.095685	0.993106	-0.067707	-0.429820	0.020130	0.902690
33347	4.404640	-0.664384	9.271374	0.000109	0.015286	0.004490	0.897874	0.115511	0.424829	-0.095706	0.993101	-0.067752	-0.429724	0.020174	0.902735
33348	4.427079	-0.664514	9.296965	0.004716	0.016757	0.002998	0.897933	0.115416	0.424729	-0.095579	0.993110	-0.067800	-0.429628	0.020285	0.902778
33349	4.400949	-0.663690	9.297344	0.006258	0.019803	0.004521	0.897996	0.115450	0.424587	-0.095626	0.993106	-0.067789	-0.429486	0.020273	0.902846
33350	4.399876	-0.663577	9.249528	0.012405	0.022786	0.003036	0.898037	0.115511	0.424484	-0.095745	0.993102	-0.067686	-0.429374	0.020142	0.902902
33351	4.397137	-0.662053	9.275101	0.017013	0.025792	0.003062	0.898127	0.115529	0.424288	-0.095824	0.993102	-0.067572	-0.429168	0.020031	0.903002
33352	4.346883	-0.635467	9.250685	0.018539	0.025777	0.003078	0.898178	0.115630	0.424152	-0.096030	0.993095	-0.067380	-0.429015	0.019788	0.903081
33353	4.295811	-0.608380	9.274978	0.015442	0.022765	0.004591	0.898254	0.115664	0.423983	-0.096117	0.993093	-0.067286	-0.428837	0.019688	0.903167
33354	4.196609	-0.605879	9.273774	0.001572	0.010704	0.006053	0.898249	0.115840	0.423946	-0.096343	0.993076	-0.067220	-0.428797	0.019537	0.903190
33355	4.268331	-0.631456	9.300194	0.000015	-0.000010	-0.001526	0.898233	0.115818	0.423986	-0.096309	0.993078	-0.067240	-0.428839	0.019563	0.903169
33356	4.317546	-0.632958	9.300960	-0.009308	-0.009025	0.006067	0.898221	0.115780	0.424021	-0.096197	0.993079	-0.067384	-0.428888	0.019736	0.903142
33357	4.392130	-0.611038	9.301661	-0.007782	-0.010576	0.004565	0.898154	0.115821	0.424153	-0.096185	0.993072	-0.067500	-0.429032	0.019828	0.903072
33358	4.465738	-0.613301	9.327049	-0.010834	-0.009010	0.006051	0.898082	0.115854	0.424295	-0.096167	0.993067	-0.067606	-0.429185	0.019913	0.902997
33359	4.418052	-0.638501	9.277159	-0.007766	-0.005980	0.007590	0.898032	0.115924	0.424383	-0.096181	0.993056	-0.067734	-0.429288	0.020010	0.902946
33360	4.441466	-0.688822	9.278153	-0.006146	0.004695	0.009067	0.898047	0.115865	0.424367	-0.096036	0.993059	-0.067904	-0.429289	0.020226	0.902941
33361	4.440815	-0.714323	9.254278	-0.003049	0.007707	0.007554	0.898055	0.115932	0.424331	-0.096070	0.993050	-0.067989	-0.429264	0.020292	0.902951
33362	4.366175	-0.663598	9.325883	0.000050	0.012253	0.007557	0.898098	0.115857	0.424261	-0.095936	0.993055	-0.068101	-0.429205	0.020459	0.902976
33363	4.389586	-0.689353	9.278520	0.000143	0.018338	0.004470	0.898154	0.115891	0.424132	-0.095956	0.993050	-0.068145	-0.429082	0.020506	0.903033
33364	4.339133	-0.663941	9.302404	-0.002909	0.016834	0.002922	0.898152	0.116035	0.424098	-0.096119	0.993035	-0.068137	-0.429050	0.020434	0.903050
33365	4.338197	-0.639791	9.302771	0.000111	0.013751	0.002971	0.898190	0.116054	0.424011	-0.096125	0.993032	-0.068175	-0.428969	0.020476	0.903087
33366	4.386340	-0.641456	9.279892	-0.004513	0.010756	0.004467	0.898190	0.116088	0.424003	-0.096134	0.993027	-0.068235	-0.428968	0.020527	0.903086
33367	4.335585	-0.615597	9.352230	-0.001462	0.009189	0.002982	0.898208	0.116109	0.423958	-0.096133	0.993023	-0.068287	-0.428929	0.020579	0.903104
33368	4.383717	-0.691228	9.281155	-0.007597	0.004665	0.001419	0.898206	0.116109	0.423964	-0.096099	0.993022	-0.068358	-0.428943	0.020657	0.903096
33369	4.407609	-0.667407	9.306004	0.001558	0.006106	0.003032	0.898211	0.116131	0.423947	-0.096112	0.993019	-0.068383	-0.428928	0.020675	0.903102
33370	4.431227	-0.717443	9.258631	-0.004434	0.010710	-0.003162	0.898235	0.116068	0.423912	-0.096024	0.993024	-0.068426	-0.428897	0.020757	0.903115
33371	4.382273	-0.642737	9.281725	0.003290	0.015181	-0.007686	0.898290	0.115982	0.423820	-0.095948	0.993034	-0.068390	-0.428800	0.020769	0.903161
33372	4.308702	-0.591672	9.280296	0.007819	0.015162	-0.003059	0.898385	0.115807	0.423667	-0.095781	0.993054	-0.068343	-0.428639	0.020819	0.903236
33373	4.185579	-0.613690	9.254090	-0.005992	0.009208	-0.001645	0.898408	0.115782	0.423625	-0.095719	0.993054	-0.068416	-0.428604	0.020916	0.903250
33374	4.281572	-0.640563	9.305244	-0.016878	-0.007448	0.001390	0.898339	0.115803	0.423765	-0.095671	0.993049	-0.068559	-0.428758	0.021047	0.903174
33375	4.332287	-0.594452	9.305200	-0.018451	-0.012010	0.001400	0.898268	0.115812	0.423912	-0.095583	0.993044	-0.068757	-0.428926	0.021244	0.903090
33376	4.333754	-0.621137	9.280258	-0.023108	-0.019593	0.001394	0.898122	0.115892	0.424200	-0.095571	0.993032	-0.068953	-0.429235	0.021387	0.902940
33377	4.432497	-0.674573	9.257512	-0.021646	-0.016504	0.010549	0.898023	0.115993	0.424382	-0.095551	0.993015	-0.069219	-0.429446	0.021610	0.902834
33378	4.482056	-0.677709	9.282160	-0.021566	-0.011944	0.007472	0.897969	0.116032	0.424486	-0.095490	0.993006	-0.069434	-0.429574	0.021816	0.902768
33379	4.433448	-0.703331	9.280899	-0.019945	-0.004338	0.005922	0.897927	0.116085	0.424561	-0.095436	0.992995	-0.069665	-0.429674	0.022035	0.902715
33380	4.434254	-0.680684	9.280372	-0.012300	-0.002892	0.005993	0.897891	0.116095	0.424634	-0.095370	0.992990	-0.069822	-0.429763	0.022195	0.902669
33381	4.384958	-0.705550	9.279490	-0.015273	0.001701	0.002886	0.897878	0.116116	0.424656	-0.095309	0.992984	-0.069998	-0.429805	0.022375	0.902645
33382	4.361318	-0.682256	9.254346	-0.010695	0.003187	0.004451	0.897833	0.116271	0.424709	-0.095453	0.992966	-0.070052	-0.429867	0.022356	0.902616
33383	4.384404	-0.683443	9.303728	-0.012189	0.003187	0.001384	0.897827	0.116277	0.424719	-0.095392	0.992962	-0.070194	-0.429892	0.022507	0.902600
33384	4.360121	-0.684271	9.278913	-0.009137	0.004689	0.002934	0.897802	0.116255	0.424778	-0.095306	0.992961	-0.070319	-0.429963	0.022648	0.902562
33385	4.360191	-0.636216	9.302985	-0.009153	0.004697	0.004460	0.897800	0.116291	0.424773	-0.095286	0.992954	-0.070446	-0.429972	0.022771	0.902555
33386	4.335082	-0.661264	9.302721	-0.010759	-0.001383	0.006000	0.897765	0.116366	0.424826	-0.095311	0.992943	-0.070566	-0.430039	0.022861	0.902521
33387	4.336840	-0.638469	9.253483	-0.007740	-0.004466	0.006046	0.897722	0.116420	0.424902	-0.095311	0.992935	-0.070687	-0.430129	0.022959	0.902475
33388	4.335808	-0.688373	9.278022	-0.015401	-0.007438	0.005981	0.897611	0.116540	0.425104	-0.095378	0.992919	-0.070813	-0.430346	0.023017	0.902370
33389	4.410329	-0.666962	9.278832	-0.009347	-0.010546	0.007585	0.897540	0.116611	0.425234	-0.095385	0.992908	-0.070955	-0.430493	0.023124	0.902298
33390	4.336882	-0.690843	9.301494	-0.010840	-0.007478	0.007555	0.897483	0.116726	0.425322	-0.095472	0.992894	-0.071034	-0.430591	0.023146	0.902250
33391	4.386377	-0.717901	9.277872	-0.012366	-0.008995	0.006020	0.897421	0.116781	0.425439	-0.095452	0.992885	-0.071196	-0.430727	0.023284	0.902182
33392	4.413179	-0.671462	9.252995	-0.015465	-0.010474	0.009048	0.897379	0.116822	0.425516	-0.095400	0.992875	-0.071394	-0.430825	0.023473	0.902130
33393	4.412841	-0.672591	9.301389	-0.012302	-0.004425	0.004474	0.897337	0.116860	0.425593	-0.095366	0.992868	-0.071549	-0.430919	0.023617	0.902081
33394	4.388871	-0.722776	9.252155	-0.013876	-0.007453	0.005998	0.897207	0.116975	0.425836	-0.095418	0.992852	-0.071693	-0.431178	0.023691	0.901956
33395	4.340659	-0.674008	9.299205	-0.013842	-0.004401	0.005985	0.897164	0.117029	0.425912	-0.095391	0.992842	-0.071868	-0.431274	0.023849	0.901906
33396	4.414395	-0.702018	9.276078	-0.018485	-0.008922	0.007484	0.897119	0.116956	0.426026	-0.095183	0.992843	-0.072128	-0.431413	0.024157	0.901831
33397	4.415753	-0.654999	9.299564	-0.016974	-0.008932	0.009025	0.897054	0.117041	0.426141	-0.095170	0.992829	-0.072345	-0.431552	0.024342	0.901760
33398	4.415600	-0.705865	9.299376	-0.020029	-0.011964	0.005955	0.896906	0.117229	0.426400	-0.095303	0.992806	-0.072486	-0.431830	0.024376	0.901626
33399	4.418092	-0.683953	9.249735	-0.018502	-0.010448	0.007490	0.896835	0.117299	0.426530	-0.095270	0.992793	-0.072709	-0.431985	0.024573	0.901546
33400	4.418449	-0.685864	9.273589	-0.018515	-0.008910	0.010536	0.896771	0.117289	0.426666	-0.095143	0.992788	-0.072942	-0.432145	0.024818	0.901463
33401	4.419812	-0.688222	9.224430	-0.015349	-0.001327	0.007485	0.896740	0.117357	0.426714	-0.095123	0.992775	-0.073137	-0.432214	0.024995	0.901424
33402	4.395527	-0.689565	9.223753	-0.015425	-0.002828	0.013595	0.896753	0.117313	0.426699	-0.094953	0.992773	-0.073391	-0.432225	0.025298	0.901411
33403	4.394475	-0.715770	9.248203	-0.016855	0.001749	0.008985	0.896733	0.117395	0.426718	-0.094939	0.992758	-0.073607	-0.432268	0.025493	0.901385
33404	4.368882	-0.741645	9.272212	-0.021464	0.000280	0.010472	0.896715	0.117407	0.426754	-0.094828	0.992750	-0.073863	-0.432332	0.025766	0.901347
33405	4.420137	-0.671873	9.223767	-0.012278	0.001697	0.009030	0.896695	0.117488	0.426773	-0.094835	0.992736	-0.074037	-0.432371	0.025916	0.901323
33406	4.419150	-0.673434	9.248294	-0.015289	0.007846	0.012031	0.896671	0.117561	0.426803	-0.094810	0.992722	-0.074255	-0.432426	0.026117	0.901291
33407	4.418137	-0.650761	9.272925	-0.013709	0.013937	0.013552	0.896700	0.117685	0.426708	-0.094851	0.992703	-0.074462	-0.432358	0.026296	0.901319
33408	4.417913	-0.677570	9.176085	-0.010605	0.018480	0.013567	0.896784	0.117702	0.426526	-0.094790	0.992695	-0.074641	-0.432196	0.026507	0.901390
33409	4.414506	-0.678745	9.250123	-0.010615	0.021548	0.018135	0.896842	0.117869	0.426359	-0.094885	0.992671	-0.074839	-0.432056	0.026664	0.901453
33410	4.388590	-0.630562	9.274660	-0.004433	0.022982	0.012089	0.896924	0.117872	0.426185	-0.094839	0.992667	-0.074953	-0.431894	0.026808	0.901526
33411	4.386375	-0.607602	9.299892	-0.018162	0.024673	0.013470	0.896999	0.117991	0.425993	-0.094859	0.992646	-0.075199	-0.431733	0.027044	0.901596
33412	4.384801	-0.634585	9.227860	-0.015059	0.027684	0.011966	0.897074	0.118196	0.425779	-0.095035	0.992620	-0.075322	-0.431539	0.027105	0.901687
33413	4.428035	-0.711158	9.279290	-0.024256	0.030868	0.019491	0.897170	0.118374	0.425527	-0.095084	0.992591	-0.075648	-0.431329	0.027409	0.901778
33414	4.374985	-0.785522	9.255518	-0.001419	0.030610	0.024312	0.897250	0.118518	0.425319	-0.095175	0.992570	-0.075805	-0.431144	0.027537	0.901863
33415	4.370225	-0.811314	9.305797	-0.010587	0.032256	0.027261	0.897344	0.118772	0.425049	-0.095352	0.992535	-0.076042	-0.430908	0.027707	0.901971
33416	4.365955	-0.861988	9.307345	-0.004505	0.029125	0.025810	0.897442	0.118858	0.424818	-0.095367	0.992519	-0.076227	-0.430700	0.027896	0.902064
33417	4.388446	-0.863972	9.260378	0.004684	0.030534	0.024382	0.897532	0.119083	0.424565	-0.095583	0.992492	-0.076314	-0.430465	0.027912	0.902175
33418	4.337736	-0.839070	9.236130	0.001754	0.032070	0.015188	0.897597	0.119115	0.424419	-0.095565	0.992484	-0.076435	-0.430333	0.028048	0.902234
33419	4.260913	-0.837237	9.284418	0.004687	0.019816	0.012205	0.897652	0.119222	0.424272	-0.095672	0.992471	-0.076470	-0.430195	0.028052	0.902300
33420	4.284085	-0.813256	9.285709	0.007789	0.018233	0.006141	0.897755	0.119065	0.424098	-0.095502	0.992487	-0.076476	-0.430017	0.028155	0.902382
33421	4.308290	-0.789094	9.262411	0.007728	0.010595	0.003110	0.897779	0.119085	0.424041	-0.095540	0.992486	-0.076445	-0.429958	0.028117	0.902411
33422	4.260006	-0.738653	9.261362	0.003092	0.004544	0.001548	0.897755	0.119103	0.424087	-0.095565	0.992484	-0.076434	-0.430004	0.028091	0.902390
33423	4.307195	-0.763732	9.311410	0.002955	-0.007668	0.000058	0.897704	0.119098	0.424198	-0.095555	0.992485	-0.076433	-0.430113	0.028079	0.902338
33424	4.382229	-0.765718	9.263986	0.001411	-0.007644	0.001566	0.897689	0.118963	0.424266	-0.095394	0.992499	-0.076453	-0.430179	0.028158	0.902305
33425	4.358040	-0.764852	9.287470	0.001410	-0.009174	0.000044	0.897631	0.118957	0.424390	-0.095377	0.992500	-0.076465	-0.430303	0.028161	0.902245
33426	4.409265	-0.717222	9.263628	0.004484	-0.004625	0.003118	0.897585	0.118946	0.424492	-0.095372	0.992502	-0.076444	-0.430402	0.028130	0.902199
33427	4.359296	-0.764628	9.262767	0.000056	0.003047	-0.001535	0.897581	0.118922	0.424507	-0.095336	0.992504	-0.076462	-0.430418	0.028161	0.902190
33428	4.410302	-0.692585	9.239175	0.004579	0.001473	0.001574	0.897571	0.118907	0.424532	-0.095338	0.992507	-0.076422	-0.430438	0.028120	0.902182
33429	4.358797	-0.763986	9.263055	0.006143	0.004506	0.001583	0.897570	0.118913	0.424532	-0.095356	0.992507	-0.076399	-0.430436	0.028092	0.902184
33430	4.333466	-0.738393	9.311379	0.000058	0.004578	-0.000014	0.897561	0.118909	0.424552	-0.095349	0.992508	-0.076401	-0.430456	0.028093	0.902174
33431	4.383857	-0.690688	9.287934	0.006103	-0.000077	0.000071	0.897542	0.118901	0.424595	-0.095353	0.992510	-0.076371	-0.430495	0.028060	0.902157
33432	4.382589	-0.689903	9.336849	0.004598	0.002999	0.001570	0.897509	0.118980	0.424643	-0.095471	0.992503	-0.076302	-0.430538	0.027941	0.902140
33433	4.334761	-0.688812	9.286987	0.001490	-0.000009	0.003070	0.897487	0.119002	0.424683	-0.095483	0.992501	-0.076327	-0.430581	0.027953	0.902119
33434	4.359223	-0.689357	9.287530	0.001506	-0.001545	0.000022	0.897506	0.118801	0.424700	-0.095244	0.992521	-0.076361	-0.430595	0.028084	0.902108
33435	4.311416	-0.712965	9.237495	-0.003185	-0.009111	0.001518	0.897446	0.118810	0.424823	-0.095221	0.992518	-0.076421	-0.430724	0.028132	0.902045
33436	4.262548	-0.736408	9.260371	-0.004789	-0.015196	0.001519	0.897371	0.118767	0.424993	-0.095143	0.992522	-0.076472	-0.430897	0.028189	0.901961
33437	4.312825	-0.787533	9.212163	-0.010932	-0.019701	-0.000063	0.897268	0.118763	0.425212	-0.095072	0.992519	-0.076596	-0.431128	0.028301	0.901847
33438	4.289712	-0.787452	9.235097	-0.006303	-0.019774	-0.004589	0.897141	0.118730	0.425489	-0.095011	0.992523	-0.076627	-0.431405	0.028319	0.901714
33439	4.314873	-0.837547	9.234942	-0.012445	-0.022748	-0.004649	0.897029	0.118682	0.425739	-0.094892	0.992525	-0.076745	-0.431665	0.028443	0.901585
33440	4.389300	-0.889021	9.235620	-0.013946	-0.028861	-0.013803	0.896911	0.118493	0.426041	-0.094639	0.992543	-0.076818	-0.431966	0.028579	0.901437
33441	4.345608	-0.766194	9.257002	-0.010854	-0.024317	-0.012257	0.896798	0.118370	0.426311	-0.094458	0.992555	-0.076888	-0.432239	0.028685	0.901303
33442	4.345666	-0.790956	9.353388	-0.021632	-0.033343	-0.013874	0.896685	0.118210	0.426594	-0.094224	0.992570	-0.076989	-0.432525	0.028839	0.901161
33443	4.426700	-0.647404	9.327985	-0.012559	-0.042621	-0.016803	0.896498	0.118047	0.427033	-0.093995	0.992586	-0.077055	-0.432963	0.028940	0.900947
33444	4.382135	-0.671914	9.300544	-0.024920	-0.048552	-0.009286	0.896384	0.117654	0.427379	-0.093425	0.992620	-0.077312	-0.433321	0.029374	0.900761
33445	4.386247	-0.649280	9.371146	-0.028131	-0.057657	-0.004717	0.896120	0.117615	0.427943	-0.093237	0.992618	-0.077571	-0.433907	0.029613	0.900471
33446	4.341904	-0.724698	9.367344	-0.046710	-0.075730	-0.000279	0.895702	0.117736	0.428784	-0.093150	0.992595	-0.077964	-0.434788	0.029891	0.900037
33447	4.498086	-0.609659	9.366205	-0.028264	-0.068336	-0.004696	0.895391	0.117701	0.429444	-0.092961	0.992592	-0.078223	-0.435470	0.030118	0.899699
33448	4.404925	-0.781294	9.288146	-0.034667	-0.088083	0.001390	0.894990	0.117658	0.430289	-0.092715	0.992588	-0.078567	-0.436344	0.030422	0.899265
33449	4.439411	-0.736566	9.259679	-0.039279	-0.094139	-0.003216	0.894563	0.117645	0.431180	-0.092491	0.992580	-0.078931	-0.437266	0.030729	0.898807
33450	4.470825	-0.838277	9.207154	-0.037678	-0.091114	-0.007785	0.894199	0.117505	0.431973	-0.092163	0.992587	-0.079222	-0.438080	0.031028	0.898401
33451	4.380784	-0.789256	9.347567	-0.028537	-0.094282	-0.010760	0.893777	0.117418	0.432869	-0.091918	0.992591	-0.079456	-0.438992	0.031228	0.897948
33452	4.386350	-0.963181	9.294677	-0.043842	-0.097146	-0.009343	0.893352	0.117325	0.433771	-0.091612	0.992592	-0.079797	-0.439920	0.031548	0.897482
33453	4.445406	-0.918811	9.314857	-0.042288	-0.101757	-0.021534	0.892905	0.117134	0.434743	-0.091210	0.992604	-0.080108	-0.440911	0.031876	0.896985
33454	4.406038	-0.945048	9.309211	-0.049893	-0.107784	-0.036836	0.892459	0.116749	0.435761	-0.090604	0.992637	-0.080385	-0.441937	0.032259	0.896466
33455	4.417504	-0.874774	9.401334	-0.062055	-0.115287	-0.059790	0.891984	0.116184	0.436883	-0.089772	0.992687	-0.080705	-0.443065	0.032767	0.895891
33456	4.309173	-0.802194	9.418413	-0.074392	-0.133463	-0.075106	0.891504	0.115378	0.438073	-0.088664	0.992760	-0.081033	-0.444251	0.033400	0.895280
33457	4.110509	-0.434404	9.605008	-0.057985	-0.164164	-0.067396	0.890814	0.114755	0.439637	-0.087781	0.992818	-0.081281	-0.445807	0.033814	0.894490
33458	4.570657	-0.401515	9.477358	-0.128928	-0.225965	-0.046310	0.889816	0.114287	0.441776	-0.086677	0.992834	-0.082263	-0.448011	0.034907	0.893346
33459	4.491317	-0.628169	9.294424	-0.106232	-0.239952	-0.029473	0.888745	0.114070	0.443983	-0.085913	0.992831	-0.083105	-0.450279	0.035715	0.892173
33460	4.587737	-0.664313	9.282263	-0.137050	-0.267111	-0.018868	0.887501	0.113965	0.446490	-0.085105	0.992804	-0.084244	-0.452878	0.036768	0.890814
33461	4.539772	-0.673873	9.293463	-0.112719	-0.275015	-0.008195	0.886240	0.113977	0.448986	-0.084496	0.992772	-0.085235	-0.455455	0.037601	0.889464
33462	4.517119	-0.708120	9.255185	-0.128236	-0.300816	-0.000607	0.884861	0.114056	0.451677	-0.083887	0.992728	-0.086342	-0.458240	0.038511	0.887994
33463	4.639487	-0.867796	9.140941	-0.129906	-0.314535	-0.000640	0.883396	0.114163	0.454509	-0.083259	0.992678	-0.087516	-0.461172	0.039469	0.886433
33464	4.691819	-0.878858	9.051770	-0.116167	-0.313147	-0.002215	0.881931	0.114286	0.457314	-0.082745	0.992634	-0.088492	-0.464059	0.040203	0.884892
33465	4.625036	-0.888456	9.208141	-0.107062	-0.317822	-0.002284	0.880434	0.114383	0.460166	-0.082202	0.992593	-0.089451	-0.466989	0.040929	0.883315
33466	4.580009	-0.970949	9.192594	-0.133155	-0.326677	-0.009755	0.878920	0.114296	0.463073	-0.081336	0.992560	-0.090607	-0.469984	0.041972	0.881677
33467	4.658212	-1.031834	9.149972	-0.133483	-0.341837	-0.028142	0.877310	0.114153	0.466150	-0.080434	0.992535	-0.091676	-0.473135	0.042934	0.879943
33468	4.620796	-0.994367	9.256763	-0.145903	-0.349274	-0.040254	0.875616	0.113972	0.469368	-0.079487	0.992515	-0.092718	-0.476422	0.043877	0.878121
33469	4.751651	-0.958149	9.187901	-0.147771	-0.367494	-0.052558	0.873880	0.113605	0.472681	-0.078295	0.992509	-0.093790	-0.479795	0.044953	0.876228
33470	4.716277	-0.920280	9.220160	-0.160288	-0.391769	-0.057132	0.872047	0.113102	0.476175	-0.076890	0.992510	-0.094930	-0.483345	0.046170	0.874211
33471	4.710291	-0.760351	9.253026	-0.136147	-0.419477	-0.057755	0.870034	0.112715	0.479933	-0.075701	0.992512	-0.095865	-0.487144	0.047075	0.872052
33472	4.731933	-0.624598	9.283434	-0.136356	-0.468457	-0.044449	0.867758	0.112443	0.484101	-0.074593	0.992503	-0.096821	-0.491358	0.047907	0.869639
33473	4.566535	-0.634921	9.439381	-0.128914	-0.529777	-0.026874	0.865141	0.112422	0.488767	-0.073698	0.992470	-0.097832	-0.496085	0.048617	0.866912
33474	4.503121	-0.792909	9.536836	-0.128235	-0.633660	-0.023371	0.861994	0.112424	0.494295	-0.072776	0.992441	-0.098811	-0.501668	0.049202	0.863660
33475	4.423085	-1.071879	9.604751	-0.121673	-0.735999	-0.029228	0.858277	0.112489	0.500706	-0.071884	0.992414	-0.099737	-0.508127	0.049609	0.859852
33476	4.389176	-1.253306	9.791555	-0.073336	-0.852160	-0.062549	0.853961	0.112157	0.508106	-0.070802	0.992458	-0.100075	-0.515498	0.049485	0.855461
33477	4.292178	-1.572421	9.928006	-0.018001	-0.977430	-0.108677	0.848935	0.111549	0.516591	-0.069757	0.992570	-0.099694	-0.523873	0.048598	0.850409
33478	4.082869	-1.392924	10.183611	0.100199	-1.113644	-0.180611	0.843166	0.110189	0.526241	-0.068636	0.992825	-0.097915	-0.533255	0.046439	0.844679
33479	3.998891	-1.421257	10.252408	0.116644	-1.305704	-0.258327	0.836284	0.108204	0.537514	-0.067068	0.993160	-0.095580	-0.544180	0.043883	0.837820
33480	4.179988	-1.537800	10.067860	0.182134	-1.498114	-0.356915	0.828193	0.105229	0.550475	-0.064991	0.993621	-0.092163	-0.556661	0.040553	0.829749
33481	4.221795	-1.525301	10.191083	0.245900	-1.676885	-0.478534	0.819024	0.101108	0.564780	-0.062407	0.994209	-0.087485	-0.570355	0.036406	0.820591
33482	4.303466	-1.619891	10.057714	0.285902	-1.884979	-0.625155	0.808438	0.095563	0.580771	-0.059025	0.994920	-0.081547	-0.585614	0.031645	0.809972
33483	3.934160	-1.917782	9.572304	0.424898	-2.181006	-0.789373	0.795901	0.088318	0.598950	-0.055189	0.995767	-0.073494	-0.602906	0.025439	0.797407
33484	5.081542	-1.972406	9.659766	0.533598	-2.555030	-0.947733	0.780696	0.079397	0.619847	-0.050932	0.996680	-0.063518	-0.622832	0.018018	0.782148
33485	6.066761	-1.919476	9.676070	0.658880	-2.815791	-1.066929	0.763348	0.069132	0.642277	-0.046839	0.997563	-0.051705	-0.644287	0.009385	0.764726
33486	7.753519	-2.769784	9.903988	0.530979	-2.932607	-1.152418	0.744585	0.057799	0.665020	-0.041634	0.998326	-0.040152	-0.666228	0.002209	0.745745
33487	8.695010	-3.043433	10.562389	0.669606	-2.952658	-1.251451	0.725056	0.045232	0.687203	-0.036940	0.998959	-0.026778	-0.687698	-0.005970	0.725972
33488	9.339408	-5.087402	11.220220	0.539279	-2.866881	-1.297908	0.705391	0.032005	0.708095	-0.031332	0.999412	-0.013959	-0.708125	-0.012340	0.705979
33489	10.011689	-6.422581	10.375726	1.118144	-2.567397	-1.431671	0.687386	0.017213	0.726089	-0.029347	0.999561	0.004086	-0.725700	-0.024117	0.687589
33490	9.529608	-3.638741	10.872376	1.523197	-2.440332	-1.540490	0.669787	0.001121	0.742552	-0.030050	0.999221	0.025597	-0.741945	-0.039458	0.669299
33491	7.184336	-2.688260	9.034494	1.683707	-2.293697	-1.593991	0.653060	-0.015910	0.757139	-0.032091	0.998300	0.048658	-0.756626	-0.056073	0.651439
33492	6.502137	-0.975315	8.076591	1.822175	-2.297108	-1.669431	0.635838	-0.033859	0.771080	-0.035436	0.996703	0.072988	-0.771009	-0.073733	0.632541
33493	5.979430	0.491345	7.365902	1.708474	-2.314043	-1.699603	0.618422	-0.052689	0.784078	-0.038036	0.994573	0.096835	-0.784925	-0.089708	0.613062
33494	5.676396	1.187143	6.782216	1.357477	-2.359630	-1.633158	0.600209	-0.071028	0.796684	-0.039005	0.992265	0.117851	-0.798892	-0.101810	0.592796
33495	5.779279	1.013704	5.688581	1.002035	-2.356255	-1.583030	0.581793	-0.089228	0.808428	-0.037689	0.989939	0.136385	-0.812463	-0.109817	0.572576
33496	5.468461	0.473764	4.308456	0.856604	-2.248727	-1.553426	0.563626	-0.106921	0.819081	-0.036032	0.987461	0.153695	-0.825244	-0.116140	0.552706
33497	4.473488	-0.136096	4.009908	0.887183	-1.995216	-1.487602	0.547542	-0.123988	0.827542	-0.035103	0.984687	0.170759	-0.836042	-0.122546	0.534805
33498	2.595453	-1.373917	5.379737	0.798653	-1.703796	-1.248618	0.533496	-0.138250	0.834427	-0.035294	0.982053	0.185274	-0.845066	-0.128293	0.519042
33499	4.395007	-3.580723	8.183151	0.625425	-1.242301	-0.521812	0.523108	-0.145008	0.839840	-0.037809	0.980501	0.192844	-0.851427	-0.132632	0.507425
33500	10.140860	-6.269464	9.863054	0.335021	-0.504393	0.510520	0.518481	-0.140507	0.843466	-0.043580	0.980783	0.190171	-0.853978	-0.135359	0.502394
33501	7.487354	-6.112117	10.219588	0.576618	0.631961	1.390801	0.523135	-0.126000	0.842884	-0.055704	0.981841	0.181345	-0.850427	-0.141820	0.506617
33502	3.436310	-5.726078	8.690675	0.358400	1.330222	2.113026	0.533084	-0.103064	0.839762	-0.070091	0.983761	0.165231	-0.843154	-0.146942	0.517203
33503	0.996697	-5.751454	6.737215	0.481348	1.774871	2.565523	0.545894	-0.075157	0.834476	-0.087934	0.985329	0.146268	-0.833227	-0.153226	0.531277
33504	-0.225048	-4.284854	6.245503	0.904796	1.890822	2.791881	0.558807	-0.044297	0.828114	-0.111078	0.985576	0.127674	-0.821825	-0.163330	0.545827
33505	-0.177811	-2.506082	6.470062	0.942471	1.934020	2.920574	0.570951	-0.012283	0.820892	-0.135234	0.984822	0.108795	-0.809770	-0.173129	0.560624
33506	0.425129	-1.412248	6.961926	0.881601	1.964418	2.959408	0.582428	0.020700	0.812619	-0.159655	0.983118	0.089386	-0.797050	-0.181800	0.575900
33507	1.474136	-0.427468	8.049101	0.766427	2.062028	2.903142	0.593719	0.053010	0.802925	-0.182756	0.980635	0.070396	-0.783644	-0.188535	0.591909
33508	2.688892	0.382445	9.082305	0.493419	2.257093	2.790199	0.605904	0.085083	0.790975	-0.203634	0.977727	0.050816	-0.769035	-0.191859	0.609734
33509	13.973648	2.803848	11.791288	0.676467	2.337335	1.968713	0.619482	0.108820	0.777432	-0.220816	0.974513	0.039547	-0.753314	-0.196168	0.627723
33510	3.572368	6.906178	10.127846	0.455802	3.975977	1.437942	0.645685	0.131029	0.752278	-0.233583	0.971836	0.031215	-0.727001	-0.195874	0.658106
33511	-1.660571	4.130555	9.508903	-0.958828	2.991244	1.674435	0.663196	0.152940	0.732653	-0.237625	0.971278	0.012346	-0.709722	-0.182284	0.680491
33512	8.823135	0.186092	9.297091	-1.289302	3.197620	1.317143	0.682513	0.171653	0.710431	-0.237723	0.971312	-0.006306	-0.691132	-0.164582	0.703739
33513	4.082108	1.218283	10.826946	-0.479849	2.995896	0.731437	0.701150	0.183524	0.688990	-0.239487	0.970786	-0.014871	-0.671591	-0.154577	0.724618
33514	4.893230	0.584835	10.220064	-0.884868	2.944856	0.350980	0.719864	0.191680	0.667125	-0.236411	0.971357	-0.023992	-0.652615	-0.140444	0.744560
33515	5.058084	0.324943	10.359052	-0.749981	2.807189	-0.010840	0.737919	0.195327	0.646006	-0.231482	0.972389	-0.029596	-0.633950	-0.127699	0.762758
33516	5.802468	0.174799	10.863529	-0.844167	2.694820	-0.298352	0.755465	0.196100	0.625154	-0.224286	0.973914	-0.034463	-0.615604	-0.114178	0.779740
33517	5.472078	-0.177202	10.975994	-1.015022	2.594161	-0.496481	0.772269	0.194018	0.604945	-0.214309	0.975970	-0.039427	-0.598057	-0.099197	0.795291
33518	7.028268	-0.738966	11.063287	-1.176883	2.462466	-0.660952	0.788189	0.190216	0.585300	-0.202521	0.978235	-0.045192	-0.581157	-0.082916	0.809556
33519	6.010539	-0.213244	11.240925	-1.205732	2.383072	-0.743401	0.803273	0.184709	0.566247	-0.189675	0.980533	-0.050778	-0.564603	-0.066614	0.822670
33520	7.463558	-0.104512	11.474670	-1.349291	2.254653	-0.718530	0.817160	0.179383	0.547788	-0.176658	0.982549	-0.058223	-0.548673	-0.049193	0.834589
33521	8.900365	-0.180052	12.453196	-1.541553	2.187226	-0.579174	0.829953	0.174549	0.529821	-0.163527	0.984187	-0.068080	-0.533326	-0.030137	0.845373
33522	7.923723	-0.455619	11.459043	-1.504096	2.225466	-0.395494	0.842279	0.171538	0.511020	-0.152642	0.985112	-0.079091	-0.516979	-0.011387	0.855923
33523	7.812420	-1.234931	11.457205	-1.505427	2.138278	-0.161747	0.853380	0.169988	0.492795	-0.143588	0.985420	-0.091265	-0.501125	0.007124	0.865346
33524	11.261747	-4.688407	11.815529	-1.256498	2.045149	0.056533	0.863394	0.170580	0.474819	-0.138141	0.985073	-0.102700	-0.485250	0.023079	0.874071
33525	5.957787	1.586515	8.998280	0.669668	2.199597	-0.245638	0.874166	0.167683	0.455758	-0.139172	0.985633	-0.095697	-0.465257	0.020226	0.884944
33526	8.123116	5.390595	11.295510	-0.590874	1.978860	0.094619	0.883085	0.168451	0.437933	-0.137565	0.985269	-0.101588	-0.448595	0.029466	0.893249
33527	6.447469	2.244026	10.422193	-1.132767	1.720274	0.505211	0.889970	0.172798	0.422012	-0.137023	0.983993	-0.113944	-0.434946	0.043582	0.899401
33528	3.151352	-1.244359	7.896169	-1.463286	1.203990	0.824625	0.894026	0.180558	0.410020	-0.138310	0.981722	-0.130736	-0.426131	0.060171	0.902658
33529	8.843672	-0.665246	6.043795	-0.395400	0.496996	0.405972	0.895549	0.184233	0.405032	-0.140250	0.980732	-0.135994	-0.422283	0.064983	0.904132
33530	10.497319	-0.727806	8.957659	-0.007805	0.713620	0.527989	0.897785	0.189299	0.397678	-0.145257	0.979666	-0.138404	-0.415791	0.066491	0.907026
33531	11.295198	1.190923	10.179516	0.144029	0.855556	0.591586	0.900412	0.194525	0.389124	-0.151155	0.978624	-0.139454	-0.407934	0.066748	0.910568
33532	9.044544	0.778899	8.821106	0.121531	1.016133	0.697092	0.903418	0.200950	0.378755	-0.158170	0.977261	-0.141218	-0.398520	0.067672	0.914660
33533	7.342037	1.188188	8.165831	0.038093	0.987950	0.767826	0.906050	0.207775	0.368650	-0.165253	0.975716	-0.143771	-0.389569	0.069343	0.918383
33534	6.237301	0.357609	7.695309	-0.019782	0.902139	0.830881	0.908108	0.215480	0.359038	-0.172913	0.973884	-0.147140	-0.381367	0.071537	0.921652
33535	5.637657	-0.104366	7.913649	-0.072813	0.811567	0.901504	0.909561	0.223664	0.350246	-0.180819	0.971849	-0.151042	-0.374169	0.074051	0.924399
33536	5.217501	-0.408925	7.966812	-0.050702	0.745516	0.955831	0.910543	0.232571	0.341793	-0.189483	0.969579	-0.154958	-0.367435	0.076332	0.926912
33537	4.858704	-0.836573	7.941550	-0.014272	0.686121	0.998833	0.911087	0.241719	0.333904	-0.198517	0.967197	-0.158498	-0.361263	0.078120	0.929186
33538	4.665059	-0.904956	7.786670	0.077726	0.644349	0.994648	0.911353	0.251005	0.326240	-0.208004	0.964752	-0.161210	-0.355205	0.079060	0.931439
33539	4.378102	-0.868637	7.543807	0.180150	0.580123	0.961983	0.911334	0.259822	0.319317	-0.217394	0.962434	-0.162669	-0.349586	0.078828	0.933582
33540	4.237783	-0.791814	7.238991	0.261704	0.502105	0.897546	0.911062	0.268218	0.313089	-0.226601	0.960216	-0.163210	-0.344409	0.077748	0.935595
33541	4.266716	-0.619472	7.196258	0.306309	0.397832	0.820016	0.910514	0.275784	0.308071	-0.235108	0.958217	-0.162923	-0.340130	0.075913	0.937309
33542	4.522156	-0.431314	7.054304	0.323522	0.302008	0.724020	0.909785	0.282633	0.303990	-0.242915	0.956391	-0.162201	-0.336576	0.073724	0.938766
33543	5.009939	-0.386370	6.914382	0.326259	0.208875	0.616383	0.908951	0.288378	0.301076	-0.249604	0.954864	-0.161035	-0.333925	0.071223	0.939905
33544	5.402666	-0.352051	6.955113	0.289507	0.133279	0.503095	0.908103	0.293221	0.298948	-0.255258	0.953559	-0.159904	-0.331952	0.068901	0.940777
33545	6.277110	-0.313099	6.836755	0.283559	0.065154	0.376563	0.907333	0.296772	0.297780	-0.259606	0.952637	-0.158393	-0.330683	0.066410	0.941402
33546	6.672080	-0.639297	6.381827	0.285747	0.003658	0.230631	0.906724	0.299084	0.297323	-0.262741	0.952095	-0.156470	-0.329877	0.063756	0.941869
33547	7.220031	-0.638683	5.890218	0.362982	-0.078326	0.057699	0.906297	0.299687	0.298016	-0.264452	0.952144	-0.153257	-0.329683	0.060085	0.942178
33548	7.668852	-0.805002	5.504436	0.394363	-0.169619	-0.112100	0.906021	0.298790	0.299750	-0.264789	0.952681	-0.149282	-0.330170	0.055882	0.942266
33549	8.327840	-1.074611	4.918697	0.461283	-0.304918	-0.285170	0.905749	0.296239	0.303085	-0.263723	0.953773	-0.144110	-0.331765	0.050597	0.942004
33550	9.198384	-0.873999	4.063142	0.570745	-0.455232	-0.405659	0.905286	0.292621	0.307946	-0.261972	0.955223	-0.137551	-0.334408	0.043850	0.941408
33551	8.026390	-1.763871	4.395901	0.606436	-0.567414	-0.372665	0.904335	0.289291	0.313829	-0.260630	0.956548	-0.130721	-0.338009	0.036422	0.940438
33552	9.550349	-2.910545	4.780077	0.844984	-0.755530	-0.405363	0.902803	0.285677	0.321458	-0.259856	0.957968	-0.121540	-0.342667	0.026194	0.939092
33553	7.447323	-0.227468	3.047892	1.522916	-1.075051	-0.568519	0.900549	0.280415	0.332233	-0.259983	0.959841	-0.105428	-0.348455	0.008568	0.937286
33554	7.384387	2.844705	3.316752	0.788216	-1.472862	0.144007	0.894938	0.281857	0.345893	-0.264071	0.959451	-0.098588	-0.359655	-0.003110	0.933080
33555	3.502458	0.326179	12.227404	0.446848	-1.392563	1.023028	0.887077	0.291559	0.357894	-0.274808	0.956485	-0.098062	-0.370911	-0.011363	0.928599
33556	4.511860	2.846290	9.737048	0.935331	-1.193157	0.686493	0.880666	0.297903	0.368349	-0.284368	0.954299	-0.091910	-0.378895	-0.023805	0.925133
