// General information: 
//  MT Manager version: 2022.2.0 
//  XDA version: 2022.2.0 build 7381 rev 124627 built on 2023-07-19
// Device information: 
//  DeviceId: 00B4CBA7
//  ProductCode: MTW2-3A7G6
//  Firmware Version: 4.6.0
//  Hardware Version: 2.0.0
// Device settings: 
//  Filter Profile: human(46.1)
//  Option Flags: Orientation Smoother Disabled, Position/Velocity Smoother Disabled, Continuous Zero Rotation Update Disabled, AHS Disabled, ICC Disabled
// Coordinate system: ENU
PacketCounter	Acc_X	Acc_Y	Acc_Z	Gyr_X	Gyr_Y	Gyr_Z	Mat[1][1]	Mat[2][1]	Mat[3][1]	Mat[1][2]	Mat[2][2]	Mat[3][2]	Mat[1][3]	Mat[2][3]	Mat[3][3]
14079	9.174820	0.229230	-3.812562	-0.023712	0.088603	0.048555	-0.218877	-0.151346	0.963944	-0.399705	0.915115	0.052921	-0.890129	-0.373710	-0.260791
14080	9.162391	0.006310	-3.800855	-0.057534	0.124581	0.039037	-0.217896	-0.150547	0.964291	-0.399117	0.915383	0.052725	-0.890633	-0.373377	-0.259544
14081	9.229610	-0.135526	-3.608027	-0.055885	0.162670	0.021987	-0.216312	-0.150066	0.964723	-0.398817	0.915499	0.052986	-0.891153	-0.373286	-0.257882
14082	9.253513	-0.279106	-3.465355	-0.032843	0.190484	0.009108	-0.214621	-0.149296	0.965219	-0.398515	0.915628	0.053014	-0.891697	-0.373277	-0.256009
14083	9.297092	-0.275316	-3.320265	0.014918	0.217173	-0.008646	-0.212893	-0.148667	0.965699	-0.398571	0.915600	0.053088	-0.892086	-0.373598	-0.254179
14084	9.353635	-0.147574	-3.099418	0.079742	0.241084	-0.030064	-0.210594	-0.148065	0.966295	-0.399357	0.915250	0.053208	-0.892280	-0.374692	-0.251877
14085	9.443834	0.251531	-2.828205	0.138628	0.257255	-0.051655	-0.208001	-0.147811	0.966896	-0.400835	0.914582	0.053585	-0.892226	-0.376419	-0.249482
14086	9.500523	0.725733	-2.512087	0.124247	0.262954	-0.070807	-0.205342	-0.147493	0.967513	-0.402101	0.914002	0.053995	-0.892272	-0.377950	-0.246990
14087	9.461125	0.732183	-2.296475	0.113668	0.262761	-0.072909	-0.202773	-0.147167	0.968104	-0.403219	0.913485	0.054408	-0.892355	-0.379325	-0.244570
14088	9.466377	0.741018	-2.051847	0.162534	0.257626	-0.070181	-0.200162	-0.146855	0.968695	-0.404822	0.912757	0.054726	-0.892219	-0.381195	-0.242149
14089	9.441431	0.869947	-1.814576	0.205046	0.238734	-0.058419	-0.197833	-0.146558	0.969218	-0.406789	0.911874	0.054854	-0.891843	-0.383415	-0.240017
14090	9.406545	1.072767	-1.533483	0.205076	0.218965	-0.052070	-0.195639	-0.146217	0.969714	-0.408732	0.911002	0.054903	-0.891439	-0.385612	-0.237991
14091	9.484070	1.131188	-1.336598	0.184973	0.192768	-0.039145	-0.193776	-0.145839	0.970145	-0.410433	0.910239	0.054854	-0.891064	-0.387551	-0.236240
14092	9.552944	1.136396	-1.264043	0.152467	0.172447	-0.025504	-0.192106	-0.145427	0.970539	-0.411852	0.909603	0.054776	-0.890771	-0.389196	-0.234635
14093	9.544754	1.090324	-1.152178	0.106234	0.138141	-0.007901	-0.190784	-0.145141	0.970843	-0.412833	0.909157	0.054792	-0.890601	-0.390342	-0.233371
14094	9.575256	1.040955	-1.160959	0.066177	0.108506	0.006936	-0.189816	-0.144681	0.971101	-0.413420	0.908902	0.054605	-0.890535	-0.391108	-0.232338
14095	9.609732	1.038089	-1.222065	0.026269	0.080355	0.018691	-0.189208	-0.144203	0.971291	-0.413464	0.908894	0.054396	-0.890645	-0.391302	-0.231593
14096	9.559099	0.961945	-1.170963	-0.013495	0.049128	0.028965	-0.188861	-0.143774	0.971422	-0.413300	0.908981	0.054181	-0.890794	-0.391256	-0.231093
14097	9.524219	0.857297	-1.242858	-0.028710	0.018375	0.037686	-0.188811	-0.143400	0.971487	-0.413037	0.909117	0.053919	-0.890927	-0.391080	-0.230880
14098	9.473908	0.749071	-1.393066	-0.040782	-0.007772	0.043465	-0.189030	-0.143062	0.971494	-0.412603	0.909331	0.053625	-0.891082	-0.390705	-0.230918
14099	9.474602	0.641872	-1.564010	-0.026686	-0.033447	0.046272	-0.189513	-0.142877	0.971427	-0.412248	0.909508	0.053346	-0.891143	-0.390359	-0.231264
14100	9.461536	0.730866	-1.695342	-0.023340	-0.054758	0.048339	-0.190171	-0.142678	0.971328	-0.411960	0.909661	0.052965	-0.891136	-0.390076	-0.231769
14101	9.425349	0.697307	-1.803030	-0.048183	-0.070358	0.059279	-0.190753	-0.142470	0.971244	-0.411491	0.909891	0.052653	-0.891228	-0.389615	-0.232190
14102	9.471241	0.640037	-1.974931	-0.071154	-0.084477	0.064198	-0.191739	-0.142242	0.971084	-0.410746	0.910253	0.052230	-0.891361	-0.388854	-0.232957
14103	9.493247	0.557727	-2.149957	-0.075548	-0.089166	0.062469	-0.192622	-0.142057	0.970936	-0.409968	0.910622	0.051900	-0.891529	-0.388055	-0.233645
14104	9.488447	0.451113	-2.303383	-0.066197	-0.090555	0.059996	-0.193644	-0.141889	0.970757	-0.409273	0.910957	0.051507	-0.891626	-0.387331	-0.234473
14105	9.536707	0.369810	-2.500365	-0.061377	-0.088996	0.055674	-0.194429	-0.141732	0.970623	-0.408640	0.911258	0.051208	-0.891746	-0.386679	-0.235092
14106	9.479016	0.286973	-2.635999	-0.038359	-0.082516	0.052369	-0.195347	-0.141601	0.970458	-0.408207	0.911474	0.050825	-0.891744	-0.386219	-0.235856
14107	9.478655	0.234668	-2.642013	-0.028597	-0.076387	0.040631	-0.196015	-0.141621	0.970320	-0.407959	0.911595	0.050638	-0.891711	-0.385925	-0.236461
14108	9.486232	0.205314	-2.720769	-0.011722	-0.066972	0.036909	-0.196730	-0.141570	0.970183	-0.407794	0.911685	0.050343	-0.891629	-0.385730	-0.237087
14109	9.462491	0.225344	-2.754222	-0.002268	-0.053169	0.028102	-0.197275	-0.141563	0.970073	-0.407667	0.911753	0.050149	-0.891566	-0.385574	-0.237577
14110	9.484747	0.248267	-2.756415	-0.000633	-0.037936	0.021877	-0.197670	-0.141537	0.969997	-0.407630	0.911779	0.049974	-0.891496	-0.385521	-0.237926
14111	9.496010	0.219580	-2.855703	0.005620	-0.025681	0.015959	-0.197853	-0.141498	0.969965	-0.407562	0.911814	0.049881	-0.891486	-0.385451	-0.238074
14112	9.496844	0.266390	-2.882943	0.013476	-0.007325	0.006994	-0.197914	-0.141490	0.969954	-0.407679	0.911765	0.049817	-0.891419	-0.385571	-0.238134
14113	9.488830	0.340137	-2.836803	0.007568	0.003189	0.000395	-0.197748	-0.141580	0.969975	-0.407684	0.911755	0.049968	-0.891454	-0.385562	-0.238018
14114	9.447101	0.367333	-2.694057	-0.014104	0.013552	0.002057	-0.197602	-0.141537	0.970011	-0.407566	0.911805	0.050018	-0.891540	-0.385459	-0.237860
14115	9.434221	0.346418	-2.570309	-0.015530	0.024165	-0.002755	-0.197115	-0.141535	0.970110	-0.407361	0.911883	0.050268	-0.891741	-0.385277	-0.237402
14116	9.462711	0.377651	-2.393158	-0.002884	0.028848	-0.011257	-0.196777	-0.141554	0.970176	-0.407370	0.911870	0.050422	-0.891812	-0.385298	-0.237100
14117	9.444715	0.431200	-2.246473	0.012639	0.027529	-0.014922	-0.196307	-0.141527	0.970275	-0.407515	0.911798	0.050549	-0.891849	-0.385479	-0.236666
14118	9.455743	0.508774	-2.146332	0.014187	0.026028	-0.014812	-0.195979	-0.141589	0.970332	-0.407682	0.911716	0.050696	-0.891845	-0.385652	-0.236400
14119	9.476770	0.535751	-2.117793	0.012737	0.021417	-0.014834	-0.195737	-0.141838	0.970345	-0.407802	0.911645	0.050997	-0.891843	-0.385726	-0.236285
14120	9.556302	0.513769	-2.155325	0.029745	0.017092	-0.016837	-0.195480	-0.141955	0.970379	-0.408112	0.911499	0.051128	-0.891758	-0.386029	-0.236114
14121	9.575542	0.589173	-2.129160	0.035733	0.012655	-0.013367	-0.195250	-0.142044	0.970413	-0.408466	0.911336	0.051211	-0.891646	-0.386382	-0.235959
14122	9.530553	0.659504	-2.184944	0.033909	0.003558	-0.005703	-0.195160	-0.142110	0.970421	-0.408792	0.911189	0.051225	-0.891517	-0.386703	-0.235921
14123	9.478440	0.682845	-2.167061	0.020315	0.001764	-0.008005	-0.194827	-0.142232	0.970470	-0.408967	0.911099	0.051428	-0.891509	-0.386871	-0.235675
14124	9.454961	0.657757	-2.169292	-0.001473	-0.003084	-0.000043	-0.194817	-0.142273	0.970466	-0.408966	0.911097	0.051471	-0.891512	-0.386860	-0.235682
14125	9.459291	0.608349	-2.192598	-0.010693	-0.009321	0.002562	-0.194842	-0.142273	0.970461	-0.408868	0.911140	0.051486	-0.891551	-0.386759	-0.235699
14126	9.498778	0.484780	-2.283763	-0.015287	-0.007875	0.002272	-0.194885	-0.142311	0.970447	-0.408739	0.911195	0.051539	-0.891601	-0.386616	-0.235746
14127	9.588057	0.411479	-2.394643	0.000473	-0.001628	-0.007594	-0.194865	-0.142460	0.970429	-0.408817	0.911153	0.051667	-0.891570	-0.386660	-0.235791
14128	9.572845	0.481782	-2.496718	0.001792	-0.000032	-0.004481	-0.194810	-0.142530	0.970430	-0.408854	0.911132	0.051745	-0.891565	-0.386684	-0.235771
14129	9.495285	0.456761	-2.455630	-0.030499	0.007072	-0.003417	-0.194559	-0.142495	0.970485	-0.408575	0.911249	0.051887	-0.891747	-0.386420	-0.235512
14130	9.477256	0.359193	-2.478998	-0.043938	0.006766	-0.008788	-0.194425	-0.142577	0.970500	-0.408211	0.911399	0.052115	-0.891943	-0.386036	-0.235400
14131	9.515644	0.286670	-2.569593	-0.043779	0.018914	-0.015061	-0.194173	-0.142698	0.970533	-0.407921	0.911512	0.052408	-0.892131	-0.385724	-0.235200
14132	9.514817	0.241120	-2.542041	-0.025052	0.019151	-0.021607	-0.193876	-0.142849	0.970570	-0.407750	0.911570	0.052716	-0.892273	-0.385530	-0.234979
14133	9.513750	0.292985	-2.541058	-0.012323	0.029920	-0.033232	-0.193477	-0.142934	0.970637	-0.407720	0.911569	0.052965	-0.892374	-0.385501	-0.234645
14134	9.460172	0.295999	-2.495443	-0.002823	0.030014	-0.038788	-0.193014	-0.143200	0.970690	-0.407781	0.911518	0.053386	-0.892446	-0.385525	-0.234330
14135	9.477643	0.350969	-2.442356	-0.007133	0.035968	-0.045238	-0.192434	-0.143470	0.970765	-0.407846	0.911461	0.053858	-0.892542	-0.385558	-0.233910
14136	9.507658	0.379784	-2.484774	-0.002358	0.045150	-0.051192	-0.191785	-0.143789	0.970847	-0.407933	0.911390	0.054399	-0.892641	-0.385608	-0.233447
14137	9.495238	0.435958	-2.384785	-0.005365	0.048132	-0.052940	-0.191185	-0.144108	0.970918	-0.408005	0.911326	0.054922	-0.892738	-0.385639	-0.233029
14138	9.476071	0.488159	-2.432802	-0.006484	0.051069	-0.060692	-0.190445	-0.144491	0.971006	-0.408073	0.911257	0.055564	-0.892865	-0.385660	-0.232507
14139	9.449948	0.493603	-2.406260	-0.005190	0.058760	-0.059186	-0.189737	-0.144853	0.971091	-0.408104	0.911205	0.056183	-0.893001	-0.385646	-0.232005
14140	9.424740	0.474747	-2.378843	-0.004856	0.055651	-0.063713	-0.188944	-0.145246	0.971187	-0.408191	0.911125	0.056850	-0.893129	-0.385689	-0.231440
14141	9.497265	0.435868	-2.339049	-0.010790	0.057023	-0.067150	-0.188165	-0.145603	0.971284	-0.408188	0.911085	0.057501	-0.893295	-0.385647	-0.230868
14142	9.546774	0.444556	-2.327470	0.006249	0.061882	-0.072291	-0.187281	-0.146050	0.971388	-0.408390	0.910948	0.058226	-0.893389	-0.385801	-0.230249
14143	9.567188	0.501945	-2.295782	0.008147	0.061845	-0.078292	-0.186288	-0.146593	0.971497	-0.408645	0.910780	0.059072	-0.893480	-0.385994	-0.229572
14144	9.596549	0.558108	-2.336586	0.000568	0.064725	-0.080327	-0.185344	-0.147102	0.971601	-0.408810	0.910652	0.059889	-0.893600	-0.386100	-0.228921
14145	9.576438	0.564236	-2.357585	-0.008662	0.064548	-0.079369	-0.184323	-0.147520	0.971732	-0.408975	0.910528	0.060652	-0.893736	-0.386235	-0.228163
14146	9.554443	0.619493	-2.379506	-0.025503	0.073335	-0.082062	-0.183294	-0.148010	0.971852	-0.408908	0.910498	0.061545	-0.893979	-0.386117	-0.227412
14147	9.505185	0.602217	-2.353630	-0.046756	0.069803	-0.083350	-0.182283	-0.148510	0.971966	-0.408601	0.910571	0.062500	-0.894325	-0.385754	-0.226663
14148	9.431811	0.584089	-2.330503	-0.045363	0.080525	-0.084928	-0.181179	-0.149000	0.972097	-0.408359	0.910612	0.063466	-0.894660	-0.385466	-0.225829
14149	9.396535	0.594203	-2.228971	-0.037425	0.079129	-0.088997	-0.180062	-0.149473	0.972232	-0.408093	0.910664	0.064426	-0.895007	-0.385161	-0.224975
14150	9.430362	0.554972	-2.265332	-0.030943	0.079213	-0.094704	-0.178929	-0.150056	0.972352	-0.407996	0.910635	0.065454	-0.895279	-0.385004	-0.224161
14151	9.393751	0.589923	-2.164567	-0.029258	0.080752	-0.097675	-0.177789	-0.150673	0.972465	-0.407944	0.910582	0.066503	-0.895529	-0.384888	-0.223357
14152	9.474888	0.578037	-2.195301	-0.027565	0.077722	-0.099062	-0.176651	-0.151302	0.972575	-0.407882	0.910531	0.067565	-0.895783	-0.384760	-0.222559
14153	9.510458	0.616920	-2.085307	-0.021177	0.077835	-0.103238	-0.175468	-0.151926	0.972692	-0.407859	0.910462	0.068631	-0.896026	-0.384679	-0.221721
14154	9.478454	0.675634	-2.033976	-0.016436	0.074885	-0.104426	-0.174333	-0.152615	0.972788	-0.407903	0.910359	0.069720	-0.896227	-0.384649	-0.220958
14155	9.517527	0.762433	-1.973943	-0.018020	0.073337	-0.102985	-0.173133	-0.153276	0.972899	-0.408048	0.910212	0.070785	-0.896394	-0.384734	-0.220131
14156	9.512386	0.821869	-1.944304	-0.023879	0.064009	-0.103270	-0.172099	-0.153995	0.972968	-0.408021	0.910138	0.071880	-0.896605	-0.384621	-0.219467
14157	9.506948	0.881411	-1.915325	-0.034478	0.057625	-0.102377	-0.171056	-0.154757	0.973031	-0.407949	0.910079	0.073029	-0.896837	-0.384456	-0.218808
14158	9.496545	0.844815	-1.811969	-0.041951	0.048262	-0.101247	-0.170172	-0.155519	0.973065	-0.407755	0.910076	0.074143	-0.897094	-0.384155	-0.218283
14159	9.485958	0.808014	-1.709607	-0.057257	0.035664	-0.096023	-0.169544	-0.156212	0.973064	-0.407517	0.910104	0.075100	-0.897321	-0.383807	-0.217961
14160	9.462211	0.744129	-1.683654	-0.056720	0.023414	-0.098922	-0.168893	-0.157048	0.973042	-0.407183	0.910160	0.076223	-0.897595	-0.383333	-0.217667
14161	9.464777	0.782950	-1.533799	-0.048053	0.011323	-0.108928	-0.168250	-0.158049	0.972992	-0.406962	0.910154	0.077469	-0.897816	-0.382936	-0.217453
14162	9.413147	0.916411	-1.394300	-0.049284	-0.010083	-0.104215	-0.167878	-0.159061	0.972891	-0.406703	0.910171	0.078628	-0.898003	-0.382478	-0.217489
14163	9.499128	0.982384	-1.335274	-0.067022	-0.028968	-0.105235	-0.167500	-0.160150	0.972777	-0.406430	0.910185	0.079863	-0.898198	-0.381988	-0.217545
14164	9.569965	0.997860	-1.328858	-0.042968	-0.052780	-0.111051	-0.167484	-0.161387	0.972576	-0.406238	0.910164	0.081074	-0.898287	-0.381518	-0.217999
14165	9.641001	1.138463	-1.203281	-0.057769	-0.077670	-0.107238	-0.167809	-0.162720	0.972297	-0.405932	0.910193	0.082266	-0.898365	-0.380882	-0.218792
14166	9.688556	1.127720	-1.204189	-0.077778	-0.101123	-0.094607	-0.168296	-0.163991	0.972000	-0.405401	0.910327	0.083393	-0.898514	-0.380015	-0.219686
14167	9.680137	1.234725	-1.216369	-0.091494	-0.130508	-0.081513	-0.169135	-0.165274	0.971637	-0.404819	0.910493	0.084406	-0.898619	-0.379061	-0.220902
14168	9.673520	1.070533	-1.301333	-0.111361	-0.150944	-0.071958	-0.170162	-0.166526	0.971244	-0.403948	0.910788	0.085388	-0.898816	-0.377802	-0.222249
14169	9.605259	0.924013	-1.495514	-0.050010	-0.173384	-0.063239	-0.171418	-0.167781	0.970807	-0.403685	0.910834	0.086136	-0.898696	-0.377135	-0.223864
14170	9.672938	0.910745	-1.478858	0.020537	-0.187889	-0.058633	-0.172831	-0.169049	0.970336	-0.403979	0.910651	0.086696	-0.898293	-0.377011	-0.225681
14171	9.593915	0.863061	-1.458420	0.078556	-0.212053	-0.068588	-0.174528	-0.170524	0.969774	-0.404883	0.910203	0.087183	-0.897558	-0.377429	-0.227898
14172	9.659199	0.970582	-1.497637	0.119348	-0.230618	-0.075117	-0.176256	-0.172104	0.969182	-0.406094	0.909616	0.087674	-0.896672	-0.378126	-0.230215
14173	9.636877	0.925433	-1.547792	0.149040	-0.238823	-0.080910	-0.178091	-0.173939	0.968519	-0.407506	0.908923	0.088304	-0.895669	-0.378952	-0.232752
14174	9.688007	0.909426	-1.615360	0.182210	-0.254566	-0.089526	-0.179967	-0.175745	0.967846	-0.409307	0.908067	0.088781	-0.894472	-0.380169	-0.235355
14175	9.907078	1.151652	-1.595765	0.205953	-0.275141	-0.091034	-0.181847	-0.177685	0.967140	-0.411328	0.907101	0.089315	-0.893164	-0.381570	-0.238041
14176	10.047593	1.313405	-1.709524	0.134886	-0.279236	-0.102703	-0.183879	-0.179710	0.966381	-0.412730	0.906394	0.090022	-0.892100	-0.382301	-0.240838
14177	9.838306	0.930519	-2.098895	0.104056	-0.286322	-0.093651	-0.186014	-0.181654	0.965609	-0.413765	0.905854	0.090706	-0.891177	-0.382663	-0.243664
14178	9.853385	0.704132	-2.637359	0.200518	-0.285904	-0.096112	-0.188124	-0.183647	0.964823	-0.415741	0.904901	0.091179	-0.889814	-0.383963	-0.246583
14179	9.717425	0.836844	-2.952761	0.227126	-0.275597	-0.085687	-0.190015	-0.185441	0.964109	-0.417960	0.903848	0.091474	-0.888371	-0.385578	-0.249252
14180	9.581783	0.942067	-3.266341	0.205824	-0.266896	-0.063978	-0.192078	-0.187076	0.963384	-0.419920	0.902926	0.091612	-0.887002	-0.386947	-0.251989
14181	9.451275	0.932555	-3.305551	0.151967	-0.270279	-0.054399	-0.194193	-0.188666	0.962650	-0.421427	0.902204	0.091806	-0.885826	-0.387858	-0.254711
14182	9.437535	0.839306	-3.206850	0.079223	-0.257591	-0.045891	-0.196243	-0.190105	0.961951	-0.422228	0.901801	0.092082	-0.884993	-0.388092	-0.257239
14183	9.505789	0.408872	-3.163072	0.066853	-0.241378	-0.055904	-0.198141	-0.191610	0.961263	-0.423033	0.901383	0.092476	-0.884185	-0.388322	-0.259658
14184	9.614399	0.104344	-3.117821	0.109694	-0.235223	-0.061690	-0.199921	-0.193107	0.960594	-0.424136	0.900829	0.092820	-0.883256	-0.388866	-0.261998
14185	9.768440	0.003638	-2.927430	0.182315	-0.244764	-0.070541	-0.201741	-0.194709	0.959890	-0.425934	0.899958	0.093033	-0.881975	-0.390081	-0.264492
14186	9.827319	0.117845	-2.679974	0.244059	-0.256137	-0.073808	-0.203645	-0.196401	0.959143	-0.428245	0.898851	0.093130	-0.880417	-0.391783	-0.267154
14187	9.949852	0.288817	-2.357755	0.271696	-0.270113	-0.063251	-0.205751	-0.198098	0.958344	-0.430867	0.897607	0.093038	-0.878647	-0.393776	-0.270037
14188	10.059123	0.430480	-2.137364	0.283135	-0.296975	-0.054660	-0.208084	-0.199787	0.957490	-0.433476	0.896371	0.092830	-0.876812	-0.395733	-0.273123
14189	10.220754	0.752698	-1.826078	0.277776	-0.322980	-0.046731	-0.210703	-0.201580	0.956540	-0.436196	0.895080	0.092545	-0.874836	-0.397740	-0.276525
14190	10.206488	1.089366	-1.460557	0.255560	-0.349606	-0.036322	-0.213562	-0.203325	0.955537	-0.438518	0.893979	0.092217	-0.872979	-0.399326	-0.280082
14191	10.129202	1.346769	-1.124839	0.231626	-0.377648	-0.018229	-0.216829	-0.205103	0.954420	-0.440602	0.892996	0.091805	-0.871123	-0.400614	-0.283996
14192	10.252375	1.573148	-0.777796	0.242340	-0.407938	-0.026352	-0.220226	-0.207001	0.953232	-0.442781	0.891959	0.091399	-0.869164	-0.401945	-0.288089
14193	10.199778	1.749527	-0.665717	0.276976	-0.441306	-0.013767	-0.223934	-0.208900	0.951953	-0.445270	0.890787	0.090734	-0.866942	-0.403557	-0.292494
14194	10.103480	1.827037	-0.482585	0.303969	-0.482283	0.010975	-0.228122	-0.210779	0.950543	-0.447890	0.889571	0.089769	-0.864497	-0.405260	-0.297336
14195	9.948236	1.702197	-0.712877	0.357578	-0.534438	0.032137	-0.232917	-0.212668	0.948958	-0.450924	0.888177	0.088369	-0.861636	-0.407325	-0.302769
14196	9.810274	1.711558	-1.101465	0.449206	-0.590562	0.071064	-0.238281	-0.214477	0.947218	-0.454633	0.886482	0.086358	-0.858214	-0.410059	-0.308740
14197	9.834290	1.734107	-1.391329	0.431024	-0.651028	0.113739	-0.244305	-0.216234	0.945282	-0.458179	0.884882	0.084002	-0.854627	-0.412586	-0.315255
14198	9.549954	1.406953	-2.016315	0.384192	-0.691812	0.182924	-0.251010	-0.217504	0.943232	-0.461017	0.883679	0.081087	-0.851151	-0.414493	-0.322085
14199	9.525871	1.029568	-2.480682	0.375537	-0.723528	0.244918	-0.258237	-0.218357	0.941081	-0.463609	0.882637	0.077580	-0.847573	-0.416259	-0.329162
14200	9.234436	0.806188	-2.815160	0.286040	-0.756388	0.316887	-0.266071	-0.218739	0.938807	-0.465213	0.882127	0.073685	-0.844265	-0.417140	-0.336469
14201	9.169704	0.404896	-3.080851	0.158369	-0.784186	0.393383	-0.274434	-0.218500	0.936453	-0.465524	0.882307	0.069441	-0.841412	-0.416884	-0.343852
14202	9.135262	-0.182475	-3.526398	-0.006849	-0.779593	0.465985	-0.283116	-0.217656	0.934062	-0.464183	0.883340	0.065142	-0.839273	-0.415133	-0.351120
14203	9.281745	-0.644024	-3.443183	-0.188742	-0.768446	0.555812	-0.292138	-0.215866	0.931696	-0.461059	0.885301	0.060549	-0.837902	-0.411878	-0.358157
14204	9.145634	-1.417236	-3.653414	-0.283282	-0.711727	0.598325	-0.300810	-0.213505	0.929478	-0.456930	0.887736	0.056039	-0.837095	-0.407849	-0.364596
14205	8.721892	-1.510023	-3.758406	-0.244492	-0.675888	0.588905	-0.309094	-0.210996	0.927330	-0.453268	0.889891	0.051396	-0.836067	-0.404443	-0.370698
14206	8.439492	-1.576207	-4.006204	-0.203197	-0.630381	0.551562	-0.316818	-0.208648	0.925253	-0.449862	0.891856	0.047079	-0.835015	-0.401320	-0.376419
14207	8.310279	-1.240633	-4.277316	-0.121388	-0.567893	0.494626	-0.323852	-0.206491	0.923299	-0.447321	0.893345	0.042892	-0.833681	-0.399120	-0.381679
14208	8.094720	-0.945223	-4.410686	-0.093400	-0.486683	0.440954	-0.329841	-0.204514	0.921618	-0.445120	0.894612	0.039215	-0.832510	-0.397295	-0.386113
14209	7.950658	-0.488959	-4.057395	-0.059803	-0.392064	0.374500	-0.334927	-0.202727	0.920177	-0.443517	0.895548	0.035869	-0.831334	-0.396100	-0.389856
14210	7.928253	-0.507342	-3.226393	-0.107915	-0.257748	0.302525	-0.338377	-0.201062	0.919280	-0.441621	0.896575	0.033541	-0.830947	-0.394623	-0.392173
14211	7.972155	-2.124952	-2.601377	0.017643	-0.091767	0.228513	-0.340094	-0.199268	0.919037	-0.441099	0.896914	0.031241	-0.830523	-0.394762	-0.392932
14212	8.194621	-4.317340	-2.584248	0.525926	0.079960	0.126381	-0.339959	-0.197844	0.919394	-0.445051	0.895066	0.028045	-0.828467	-0.399644	-0.392336
14213	8.545355	-5.674765	-3.030766	1.468089	0.239175	0.006028	-0.338106	-0.196762	0.920309	-0.457323	0.889027	0.022061	-0.822521	-0.413420	-0.390569
14214	8.890638	-4.943855	-3.248742	2.558493	0.418694	-0.151109	-0.333945	-0.196342	0.921917	-0.478760	0.877841	0.013534	-0.811954	-0.436857	-0.387151
14215	9.055526	-3.101976	-3.328009	3.348144	0.638006	-0.310640	-0.327419	-0.196056	0.924315	-0.506985	0.861949	0.003238	-0.797347	-0.467554	-0.381616
14216	9.085390	-1.606099	-3.505081	3.714211	0.862285	-0.461401	-0.318172	-0.195836	0.927585	-0.537804	0.843045	-0.006485	-0.780727	-0.500922	-0.373555
14217	9.250800	-0.226230	-3.427972	3.743260	1.087814	-0.587596	-0.306476	-0.194974	0.931696	-0.568732	0.822387	-0.014983	-0.763293	-0.534477	-0.362930
14218	8.282154	1.599357	-0.924191	3.565384	1.138951	-0.688151	-0.293833	-0.194316	0.935897	-0.597723	0.801420	-0.021266	-0.745915	-0.565656	-0.351631
14219	9.357512	2.504109	-2.577587	2.937469	1.296294	-0.786016	-0.279387	-0.192904	0.940601	-0.621823	0.782785	-0.024162	-0.731628	-0.591638	-0.338652
14220	9.532632	2.182497	-2.129685	2.233941	1.416338	-0.897696	-0.263396	-0.191359	0.945518	-0.640506	0.767606	-0.023076	-0.721369	-0.611689	-0.324751
14221	9.607288	2.379430	-2.055349	1.627681	1.467872	-0.908594	-0.246669	-0.189057	0.950480	-0.654674	0.755658	-0.019596	-0.714533	-0.627088	-0.310168
14222	10.230387	3.125338	-2.009633	0.962724	1.525075	-0.889410	-0.229894	-0.186119	0.955253	-0.663675	0.747890	-0.014005	-0.711818	-0.637197	-0.295457
14223	10.744756	1.939008	-2.225465	0.204319	1.571024	-0.740163	-0.213446	-0.181576	0.959933	-0.667043	0.744983	-0.007403	-0.713789	-0.641896	-0.280133
14224	10.883489	2.471882	-2.236591	-0.069925	1.502208	-0.559034	-0.198929	-0.176095	0.964063	-0.667709	0.744420	-0.001803	-0.717350	-0.644073	-0.265667
14225	11.291558	4.290729	-1.844674	-0.671454	1.460587	-0.397339	-0.185317	-0.169741	0.967908	-0.663735	0.747957	0.004089	-0.724647	-0.641676	-0.251273
14226	10.480063	3.928894	-2.406942	-1.366026	1.443190	-0.204459	-0.173391	-0.162090	0.971423	-0.654137	0.756318	0.009441	-0.736234	-0.633806	-0.237168
14227	9.820523	3.327076	-2.583738	-1.711190	1.323342	-0.045470	-0.162857	-0.154059	0.974548	-0.641662	0.766860	0.013999	-0.749498	-0.623050	-0.223743
14228	9.884670	3.232175	-2.351663	-1.950041	1.226358	0.097958	-0.154161	-0.145758	0.977235	-0.626764	0.779017	0.017320	-0.763807	-0.609826	-0.211450
14229	9.833119	2.843638	-2.196123	-2.065755	1.155706	0.225377	-0.146208	-0.136926	0.979732	-0.610725	0.791603	0.019493	-0.778228	-0.595497	-0.199363
14230	9.424799	2.739134	-1.842928	-2.095436	1.065122	0.314311	-0.139698	-0.128173	0.981864	-0.593832	0.804328	0.020508	-0.792369	-0.580197	-0.188477
14231	9.173399	2.136197	-1.981940	-2.026007	0.984920	0.381442	-0.133602	-0.119398	0.983816	-0.577374	0.816219	0.020651	-0.805475	-0.565271	-0.177986
14232	9.272140	1.787802	-1.285263	-1.801191	0.881738	0.409029	-0.128742	-0.111132	0.985431	-0.562238	0.826739	0.019782	-0.816893	-0.551500	-0.168919
14233	9.137112	1.969953	-2.033430	-1.444189	0.787497	0.372752	-0.123980	-0.103685	0.986853	-0.550107	0.834887	0.018608	-0.825840	-0.540567	-0.160547
14234	8.466505	2.064064	-2.001391	-1.182845	0.609374	0.345350	-0.120770	-0.097543	0.987876	-0.539885	0.841565	0.017095	-0.833030	-0.531275	-0.154298
14235	8.413941	1.253181	-2.266729	-1.069667	0.386172	0.367133	-0.119124	-0.092317	0.988578	-0.530683	0.847434	0.015189	-0.839157	-0.522813	-0.149940
14236	8.924287	0.705669	-2.366534	-0.856975	0.183299	0.382556	-0.119558	-0.088133	0.988908	-0.523026	0.852222	0.012718	-0.843890	-0.515704	-0.147986
14237	9.082583	0.097583	-2.503991	-0.630982	0.037948	0.374123	-0.120840	-0.084758	0.989047	-0.517407	0.855680	0.010113	-0.847164	-0.510518	-0.147255
14238	8.645491	-0.880890	-2.778999	-0.296279	-0.106976	0.365612	-0.123595	-0.082191	0.988923	-0.514459	0.857487	0.006970	-0.848561	-0.507899	-0.148265
14239	8.212038	-1.368623	-3.216193	0.158967	-0.264633	0.348370	-0.127426	-0.080431	0.988582	-0.515561	0.856847	0.003259	-0.847325	-0.509259	-0.150651
14240	8.106791	-1.249424	-3.810349	0.571588	-0.391189	0.307050	-0.132285	-0.079824	0.987992	-0.520006	0.854162	-0.000614	-0.843857	-0.513843	-0.154502
14241	8.104021	-0.736609	-3.877049	0.787455	-0.513428	0.279457	-0.137831	-0.080136	0.987209	-0.526347	0.850258	-0.004468	-0.839024	-0.520230	-0.159371
14242	7.994187	-0.287744	-4.447970	0.875016	-0.588496	0.272518	-0.144158	-0.080925	0.986240	-0.533291	0.845888	-0.008542	-0.833558	-0.527185	-0.165098
14243	7.824194	0.056255	-5.276496	0.896868	-0.661210	0.277841	-0.150910	-0.082075	0.985134	-0.540440	0.841287	-0.012697	-0.827739	-0.534322	-0.171315
14244	7.897064	0.221564	-5.281127	0.769652	-0.749772	0.299356	-0.158683	-0.083608	0.983783	-0.546338	0.837393	-0.016956	-0.822396	-0.540169	-0.178558
14245	8.348192	0.582659	-5.065632	0.563057	-0.765260	0.329462	-0.166686	-0.085047	0.982335	-0.550476	0.834583	-0.021151	-0.818042	-0.544277	-0.185929
14246	8.871392	0.231581	-4.244500	0.260758	-0.670761	0.304826	-0.173805	-0.086178	0.981002	-0.552098	0.833416	-0.024603	-0.815463	-0.545886	-0.192431
14247	9.684568	-1.261618	-3.814309	0.165887	-0.472814	0.222113	-0.178617	-0.086884	0.980075	-0.553324	0.832527	-0.027039	-0.813590	-0.547129	-0.196778
14248	10.333948	-2.905936	-4.364525	0.468861	-0.256853	0.124349	-0.181353	-0.087276	0.979538	-0.556920	0.830055	-0.029151	-0.810526	-0.550810	-0.199139
14249	10.608090	-3.424209	-4.923613	0.993587	-0.119626	0.087089	-0.182802	-0.087277	0.979268	-0.564742	0.824650	-0.031925	-0.804767	-0.558870	-0.200036
14250	10.565666	-1.817667	-5.157384	1.172682	-0.074562	0.089073	-0.183866	-0.086982	0.979095	-0.573989	0.818110	-0.035111	-0.797954	-0.568445	-0.200349
14251	10.298718	0.664138	-5.137650	0.707323	-0.132215	0.142041	-0.185575	-0.086592	0.978807	-0.579441	0.814136	-0.037834	-0.793606	-0.574182	-0.201258
14252	10.285927	1.605879	-4.861775	-0.043377	-0.204530	0.170656	-0.188146	-0.086391	0.978334	-0.578789	0.814526	-0.039383	-0.793476	-0.573659	-0.203252
14253	10.348197	0.553323	-4.234577	-0.729241	-0.201324	0.157205	-0.190482	-0.086330	0.977888	-0.572695	0.818828	-0.039267	-0.797331	-0.567511	-0.205412
14254	10.497585	-1.936458	-4.152492	-0.977163	-0.116303	0.124016	-0.192077	-0.085982	0.977606	-0.564652	0.824434	-0.038431	-0.802667	-0.559389	-0.206904
14255	10.282603	-3.701116	-4.363055	-0.567509	-0.032882	0.084569	-0.192710	-0.085485	0.977525	-0.560138	0.827524	-0.038059	-0.805672	-0.554883	-0.207356
14256	10.079856	-3.005303	-4.199623	0.101867	0.005381	0.040254	-0.192852	-0.085138	0.977527	-0.560893	0.826987	-0.038629	-0.805113	-0.555738	-0.207239
14257	9.991709	-1.084663	-4.150835	0.519411	0.067332	-0.008538	-0.192120	-0.084885	0.977693	-0.565261	0.823964	-0.039538	-0.802228	-0.560248	-0.206283
14258	9.766480	0.486035	-3.976251	0.668544	0.119074	-0.022426	-0.190999	-0.084414	0.977954	-0.570667	0.820174	-0.040659	-0.798661	-0.565852	-0.204825
14259	9.735364	1.373303	-3.399958	0.566146	0.163801	-0.026950	-0.189422	-0.083762	0.978317	-0.575477	0.816764	-0.041494	-0.795579	-0.570859	-0.202916
14260	9.474798	1.545822	-2.735895	0.294471	0.201459	0.008014	-0.187825	-0.082559	0.978727	-0.577814	0.815080	-0.042132	-0.794262	-0.573435	-0.200796
14261	9.363521	0.974631	-2.040332	0.038452	0.234710	0.058160	-0.186173	-0.080860	0.979184	-0.578030	0.814903	-0.042607	-0.794494	-0.573930	-0.198452
14262	9.305009	0.229010	-1.543813	-0.127882	0.240577	0.100834	-0.184801	-0.078673	0.979622	-0.576836	0.815711	-0.043308	-0.795681	-0.573085	-0.196125
14263	9.213568	-0.499985	-1.184811	-0.138656	0.229228	0.121407	-0.183660	-0.076494	0.980009	-0.575483	0.816623	-0.044109	-0.796924	-0.572080	-0.194002
14264	9.034468	-0.763854	-0.776585	-0.050302	0.203027	0.112614	-0.182648	-0.074428	0.980357	-0.574886	0.816990	-0.045080	-0.797587	-0.571828	-0.192009
14265	8.826239	-0.524711	-0.369798	0.037423	0.160580	0.110375	-0.181948	-0.072631	0.980622	-0.575081	0.816791	-0.046206	-0.797607	-0.572344	-0.190382
14266	8.833303	-0.358515	-0.245859	0.113696	0.125391	0.117267	-0.181581	-0.070970	0.980812	-0.575784	0.816219	-0.047537	-0.797183	-0.573367	-0.189073
14267	9.040137	-0.191402	-0.298336	0.194926	0.077929	0.138384	-0.181656	-0.069359	0.980913	-0.577244	0.815084	-0.049267	-0.796110	-0.575175	-0.188102
14268	9.540955	0.003731	-0.495145	0.274697	0.028747	0.158129	-0.182300	-0.067920	0.980894	-0.579150	0.813605	-0.051299	-0.794576	-0.577437	-0.187656
14269	9.746860	0.318196	-0.545085	0.338071	-0.014914	0.171394	-0.183271	-0.066619	0.980803	-0.581681	0.811652	-0.053562	-0.792502	-0.580330	-0.187503
14270	9.829950	0.458255	-0.602983	0.334383	-0.062944	0.193946	-0.184857	-0.065426	0.980585	-0.583979	0.809831	-0.056057	-0.790440	-0.583004	-0.187911
14271	9.643554	0.401480	-0.683020	0.320586	-0.096290	0.209364	-0.186708	-0.064389	0.980303	-0.586311	0.807964	-0.058600	-0.788276	-0.585704	-0.188605
14272	9.577038	0.164958	-0.752253	0.281291	-0.140541	0.233525	-0.189143	-0.063341	0.979904	-0.588096	0.806458	-0.061386	-0.786364	-0.587889	-0.189787
14273	9.698139	-0.212447	-0.937372	0.268580	-0.176266	0.254088	-0.191946	-0.062417	0.979419	-0.589883	0.804924	-0.064309	-0.784343	-0.590086	-0.191321
14274	9.828009	-0.664111	-1.205092	0.251793	-0.201392	0.248366	-0.194948	-0.061622	0.978876	-0.591385	0.803586	-0.067190	-0.782470	-0.591991	-0.193100
14275	9.937572	-1.085338	-1.356442	0.241581	-0.216314	0.238768	-0.197936	-0.061087	0.978310	-0.592811	0.802308	-0.069843	-0.780639	-0.593777	-0.195018
14276	9.843652	-1.327876	-1.635725	0.278286	-0.226859	0.221216	-0.200975	-0.060676	0.977715	-0.594548	0.800783	-0.072517	-0.778538	-0.595873	-0.197012
14277	9.620577	-1.217157	-1.849725	0.321667	-0.229014	0.198363	-0.203809	-0.060486	0.977140	-0.596705	0.798948	-0.075004	-0.776148	-0.598351	-0.198925
14278	9.521359	-0.983107	-2.055372	0.296376	-0.234928	0.185062	-0.206693	-0.060430	0.976538	-0.598631	0.797280	-0.077369	-0.773898	-0.600577	-0.200968
14279	9.624269	-1.032832	-2.333794	0.257053	-0.227571	0.176749	-0.209520	-0.060420	0.975936	-0.600253	0.795840	-0.079596	-0.771880	-0.602485	-0.203012
14280	9.678079	-1.135392	-2.628933	0.225426	-0.218761	0.168790	-0.212179	-0.060410	0.975362	-0.601644	0.794578	-0.081668	-0.770068	-0.604149	-0.204938
14281	9.741752	-1.181251	-2.631108	0.183548	-0.212619	0.151283	-0.214495	-0.060583	0.974844	-0.602996	0.793376	-0.083372	-0.768367	-0.605710	-0.206707
14282	9.574999	-1.270154	-2.572172	0.155412	-0.201653	0.137122	-0.216828	-0.060730	0.974319	-0.603903	0.792513	-0.084996	-0.766999	-0.606823	-0.208514
14283	9.396942	-1.060992	-2.368719	0.158328	-0.193403	0.119168	-0.218976	-0.061014	0.973821	-0.604934	0.791571	-0.086432	-0.765574	-0.608024	-0.210245
14284	9.297315	-1.018847	-2.029474	0.130566	-0.200837	0.116939	-0.221177	-0.061323	0.973304	-0.605685	0.790844	-0.087811	-0.764347	-0.608937	-0.212059
14285	9.398798	-1.215420	-1.954664	0.104643	-0.204172	0.111186	-0.223327	-0.061711	0.972788	-0.606336	0.790204	-0.089070	-0.763205	-0.609729	-0.213891
14286	9.445404	-1.258585	-1.803911	0.139087	-0.214102	0.100801	-0.225528	-0.062233	0.972247	-0.607180	0.789415	-0.090315	-0.761886	-0.610697	-0.215821
14287	9.468160	-1.054935	-1.601838	0.120789	-0.222275	0.094715	-0.227735	-0.062907	0.971689	-0.607924	0.788715	-0.091418	-0.760634	-0.611533	-0.217861
14288	9.298347	-1.036185	-1.470768	0.072485	-0.246026	0.093783	-0.230132	-0.063684	0.971073	-0.608270	0.788327	-0.092453	-0.759636	-0.611951	-0.220157
14289	9.391577	-1.078572	-1.499322	0.019638	-0.269910	0.091139	-0.232626	-0.064678	0.970413	-0.608413	0.788115	-0.093320	-0.758761	-0.612121	-0.222687
14290	9.466995	-1.056025	-1.577505	-0.017367	-0.290333	0.082778	-0.235289	-0.065813	0.969695	-0.608097	0.788272	-0.094050	-0.758193	-0.611797	-0.225492
14291	9.528496	-1.036748	-1.761157	-0.033584	-0.313830	0.088400	-0.238026	-0.067070	0.968940	-0.607808	0.788413	-0.094737	-0.757571	-0.611479	-0.228428
14292	9.601414	-0.638773	-1.956513	-0.019669	-0.330450	0.082283	-0.240984	-0.068453	0.968112	-0.607471	0.788586	-0.095454	-0.756905	-0.611103	-0.231620
14293	9.527880	-0.328340	-1.962242	-0.083658	-0.343007	0.091670	-0.243981	-0.069849	0.967261	-0.606866	0.788973	-0.096100	-0.756431	-0.610444	-0.234883
14294	9.503092	-0.637924	-2.163159	-0.125995	-0.351127	0.103133	-0.247218	-0.071187	0.966341	-0.605669	0.789812	-0.096765	-0.756339	-0.609205	-0.238372
14295	9.445524	-1.009823	-2.323895	-0.102757	-0.354939	0.101707	-0.250482	-0.072683	0.965389	-0.604730	0.790453	-0.097392	-0.756016	-0.608195	-0.241948
14296	9.364231	-1.189651	-2.441447	-0.064116	-0.360761	0.099678	-0.253768	-0.074099	0.964423	-0.604004	0.790913	-0.098163	-0.755501	-0.607426	-0.245464
14297	9.351704	-1.274235	-2.478964	-0.052830	-0.360714	0.090919	-0.256983	-0.075628	0.963452	-0.603381	0.791306	-0.098826	-0.754912	-0.606725	-0.248984
14298	9.361402	-1.352332	-2.491363	-0.052729	-0.369108	0.085967	-0.260243	-0.077197	0.962452	-0.602770	0.791688	-0.099486	-0.754282	-0.606028	-0.252563
14299	9.419385	-1.401311	-2.483782	-0.058456	-0.370262	0.076665	-0.263404	-0.078879	0.961455	-0.602300	0.791977	-0.100034	-0.753560	-0.605434	-0.256119
14300	9.532061	-1.387644	-2.517084	-0.067353	-0.379558	0.063785	-0.266604	-0.080681	0.960423	-0.601634	0.792432	-0.100438	-0.752967	-0.604600	-0.259806
14301	9.624662	-1.331969	-2.590588	-0.048372	-0.385069	0.049838	-0.269685	-0.082693	0.959392	-0.601456	0.792527	-0.100758	-0.752011	-0.604205	-0.263468
14302	9.695486	-0.895249	-2.497241	-0.053012	-0.396390	0.045136	-0.272892	-0.084740	0.958305	-0.600945	0.792881	-0.101016	-0.751262	-0.603455	-0.267295
14303	9.745433	-0.530736	-2.487077	-0.100853	-0.406415	0.041972	-0.276250	-0.086940	0.957145	-0.600331	0.793322	-0.101207	-0.750526	-0.602562	-0.271348
14304	9.813583	-0.192796	-2.393021	-0.164618	-0.423681	0.050249	-0.279688	-0.089102	0.955947	-0.598966	0.794353	-0.101204	-0.750343	-0.600886	-0.275540
14305	9.706374	-0.109760	-1.981710	-0.270417	-0.449377	0.067935	-0.283519	-0.091324	0.954608	-0.596714	0.796064	-0.101068	-0.750699	-0.598283	-0.280193
14306	9.583464	-0.550873	-1.627812	-0.334194	-0.474586	0.074495	-0.287484	-0.093574	0.953203	-0.594002	0.798123	-0.100800	-0.751342	-0.595183	-0.285031
14307	9.426129	-0.847665	-1.397180	-0.298112	-0.514641	0.080856	-0.291829	-0.096019	0.951639	-0.591591	0.799924	-0.100706	-0.751569	-0.592370	-0.290245
14308	9.427260	-1.001376	-1.256208	-0.274222	-0.555276	0.080737	-0.296437	-0.098666	0.949942	-0.589304	0.801619	-0.100636	-0.751562	-0.589637	-0.295774
14309	9.728069	-0.822305	-1.507422	-0.222621	-0.598461	0.078238	-0.301425	-0.101523	0.948070	-0.587526	0.802900	-0.100818	-0.750970	-0.587405	-0.301661
14310	9.783667	-0.735378	-1.971435	-0.235061	-0.623259	0.062946	-0.306431	-0.104682	0.946119	-0.585581	0.804339	-0.100664	-0.750463	-0.584877	-0.307774
14311	9.678721	-0.712587	-2.246323	-0.232908	-0.670187	0.069238	-0.311843	-0.108044	0.943971	-0.583707	0.805707	-0.100611	-0.749693	-0.582377	-0.314320
14312	9.712602	-0.778393	-2.549248	-0.256257	-0.696728	0.061837	-0.317383	-0.111605	0.941707	-0.581604	0.807259	-0.100347	-0.749002	-0.579549	-0.321120
14313	9.416590	-1.040797	-3.003436	-0.246727	-0.703111	0.038146	-0.322910	-0.115405	0.939367	-0.579645	0.808722	-0.099899	-0.748158	-0.576758	-0.328039
14314	9.340328	-1.160932	-3.267131	-0.193027	-0.724705	0.024085	-0.328426	-0.119394	0.936953	-0.578135	0.809857	-0.099453	-0.746924	-0.574349	-0.335004
14315	9.514801	-1.083728	-3.409922	-0.169884	-0.734966	0.008463	-0.334038	-0.123493	0.934435	-0.576819	0.810846	-0.099039	-0.745452	-0.572083	-0.342086
14316	9.632919	-1.138306	-3.495129	-0.166764	-0.743421	-0.008880	-0.339482	-0.127822	0.931887	-0.575620	0.811782	-0.098348	-0.743918	-0.569800	-0.349162
14317	9.729838	-1.142628	-3.494109	-0.119196	-0.753713	-0.032640	-0.344925	-0.132464	0.929236	-0.574903	0.812380	-0.097594	-0.741966	-0.567884	-0.356364
14318	9.941575	-0.901466	-3.310342	-0.097949	-0.770557	-0.052299	-0.350293	-0.137270	0.926527	-0.574372	0.812860	-0.096724	-0.739859	-0.566053	-0.363583
14319	9.840437	-0.638164	-3.096145	-0.114875	-0.779297	-0.063132	-0.355641	-0.142248	0.923734	-0.573868	0.813338	-0.095693	-0.737696	-0.564133	-0.370888
14320	9.698738	-0.289530	-2.850759	-0.128918	-0.811031	-0.060323	-0.361229	-0.147318	0.920766	-0.573147	0.813971	-0.094622	-0.735538	-0.561915	-0.378465
14321	9.700947	0.354061	-2.512638	-0.216229	-0.854754	-0.029438	-0.367532	-0.152299	0.917456	-0.571593	0.815174	-0.093659	-0.733622	-0.558834	-0.386655
14322	9.668622	0.286564	-2.298436	-0.367601	-0.876253	-0.002079	-0.373904	-0.157207	0.914047	-0.568920	0.817211	-0.092172	-0.732479	-0.554483	-0.394997
14323	9.794319	0.074386	-2.241753	-0.457748	-0.931082	0.027837	-0.381020	-0.162176	0.910232	-0.565572	0.819696	-0.090701	-0.731404	-0.549361	-0.404043
14324	10.178189	0.174249	-2.217658	-0.494034	-0.989138	0.053238	-0.388511	-0.167159	0.906155	-0.561771	0.822477	-0.089135	-0.730392	-0.543681	-0.413446
14325	10.565176	0.559997	-2.047339	-0.560967	-1.051533	0.077495	-0.396732	-0.172181	0.901641	-0.557569	0.825485	-0.087698	-0.729191	-0.537520	-0.423500
14326	10.588378	0.678013	-1.760847	-0.648620	-1.105143	0.109677	-0.405358	-0.177188	0.896822	-0.552417	0.829133	-0.085874	-0.728368	-0.530229	-0.433977
14327	10.527867	0.486868	-1.502701	-0.680376	-1.177284	0.124231	-0.414689	-0.182378	0.891500	-0.547021	0.832888	-0.084063	-0.727188	-0.522529	-0.445154
14328	10.902260	0.259852	-1.356598	-0.616225	-1.269544	0.125773	-0.424557	-0.187930	0.885683	-0.542033	0.836310	-0.082373	-0.725225	-0.515041	-0.456925
14329	11.503235	0.526542	-1.219413	-0.465369	-1.367871	0.113667	-0.435206	-0.193975	0.879187	-0.538200	0.838884	-0.081332	-0.721759	-0.508575	-0.469484
14330	11.958869	1.475688	-0.694852	-0.364471	-1.479498	0.114648	-0.446431	-0.200507	0.872065	-0.535089	0.840945	-0.080573	-0.717203	-0.502602	-0.482713
14331	11.893519	2.217795	-0.103667	-0.372542	-1.579767	0.151796	-0.458649	-0.207123	0.864142	-0.531727	0.843116	-0.080134	-0.711974	-0.496241	-0.496827
14332	11.561917	2.861636	0.279064	-0.430731	-1.685159	0.226263	-0.471764	-0.213530	0.855479	-0.527637	0.845706	-0.079881	-0.706426	-0.489067	-0.511640
14333	11.484196	3.264569	0.154026	-0.509471	-1.787590	0.333657	-0.486216	-0.219436	0.845838	-0.522579	0.848811	-0.080189	-0.700360	-0.481006	-0.527378
14334	11.334126	2.792956	-0.327749	-0.593421	-1.860718	0.464097	-0.501569	-0.224369	0.835516	-0.516167	0.852660	-0.080888	-0.694262	-0.471837	-0.543479
14335	11.227255	1.830164	-1.280016	-0.576214	-1.911963	0.575146	-0.517746	-0.228483	0.824460	-0.509493	0.856502	-0.082590	-0.687281	-0.462818	-0.559861
14336	10.930408	0.618135	-2.263426	-0.436461	-1.959170	0.645252	-0.534368	-0.231948	0.812805	-0.503136	0.859980	-0.085369	-0.679195	-0.454570	-0.576247
14337	10.741897	-0.078996	-2.561712	-0.265663	-2.041918	0.715843	-0.551738	-0.235094	0.800198	-0.497636	0.862740	-0.089652	-0.669286	-0.447672	-0.592998
14338	11.009380	-1.781449	-2.979714	-0.202222	-2.049694	0.775758	-0.569157	-0.237516	0.787176	-0.491966	0.865463	-0.094571	-0.658810	-0.441089	-0.609434
14339	11.127993	-3.818887	-3.423870	0.031293	-2.003479	0.818924	-0.586292	-0.239322	0.773942	-0.487603	0.867178	-0.101226	-0.646920	-0.436724	-0.625113
