// General information: 
//  MT Manager version: 2022.2.0 
//  XDA version: 2022.2.0 build 7381 rev 124627 built on 2023-07-19
// Device information: 
//  DeviceId: 00B4CB9F
//  ProductCode: MTW2-3A7G6
//  Firmware Version: 4.6.0
//  Hardware Version: 2.0.0
// Device settings: 
//  Filter Profile: human(46.1)
//  Option Flags: Orientation Smoother Disabled, Position/Velocity Smoother Disabled, Continuous Zero Rotation Update Disabled, AHS Disabled, ICC Disabled
// Coordinate system: ENU
PacketCounter	Acc_X	Acc_Y	Acc_Z	Gyr_X	Gyr_Y	Gyr_Z	Mat[1][1]	Mat[2][1]	Mat[3][1]	Mat[1][2]	Mat[2][2]	Mat[3][2]	Mat[1][3]	Mat[2][3]	Mat[3][3]
65034	9.766873	0.543500	0.102296	-0.587636	-0.222152	0.039483	-0.096102	0.018992	0.995190	0.495020	-0.866496	0.064338	0.863551	0.498822	0.073871
65035	9.862625	0.781646	0.377224	-0.639517	-0.227393	0.025399	-0.093886	0.019965	0.995383	0.489557	-0.869647	0.063619	0.866902	0.493270	0.071873
65036	9.994550	0.784455	0.386250	-0.638647	-0.221578	0.017914	-0.091805	0.020889	0.995558	0.484070	-0.872762	0.062951	0.870200	0.487698	0.070012
65037	10.042205	0.644296	0.354877	-0.571133	-0.207799	0.021680	-0.089765	0.021773	0.995725	0.479157	-0.875512	0.062341	0.873127	0.482705	0.068158
65038	9.967578	0.408812	0.321690	-0.448072	-0.189540	0.046689	-0.087816	0.022267	0.995888	0.475324	-0.877656	0.061537	0.875417	0.478774	0.066489
65039	9.818002	0.152995	0.372580	-0.302301	-0.177573	0.082311	-0.085745	0.022457	0.996064	0.472793	-0.879093	0.060520	0.876992	0.476122	0.064761
65040	9.695054	-0.040351	0.502975	-0.169278	-0.166299	0.113640	-0.083681	0.022239	0.996244	0.471447	-0.879902	0.059242	0.877915	0.474634	0.063146
65041	9.631720	-0.173627	0.615307	-0.067570	-0.161200	0.130263	-0.081526	0.021921	0.996430	0.471008	-0.880227	0.057901	0.878354	0.474047	0.061436
65042	9.693245	-0.240537	0.676117	0.007096	-0.161085	0.119985	-0.079476	0.021619	0.996602	0.471209	-0.880199	0.056672	0.878433	0.474112	0.059768
65043	9.750522	-0.135872	0.839217	0.052078	-0.153549	0.104441	-0.077509	0.021489	0.996760	0.471795	-0.879950	0.055658	0.878295	0.474580	0.058066
65044	9.849725	0.096499	0.848811	0.067516	-0.139342	0.069009	-0.075891	0.021535	0.996884	0.472483	-0.879624	0.054971	0.878066	0.475183	0.056580
65045	9.791551	0.373096	0.842485	0.072981	-0.133131	0.043698	-0.074389	0.021842	0.996990	0.473202	-0.879262	0.054571	0.877807	0.475838	0.055072
65046	9.772003	0.716541	0.882479	0.084419	-0.136053	0.015376	-0.073053	0.022347	0.997078	0.473997	-0.878843	0.054425	0.877491	0.476588	0.053610
65047	9.745571	0.880016	0.780948	0.092003	-0.137715	0.001413	-0.071713	0.023049	0.997159	0.474851	-0.878380	0.054453	0.877140	0.477407	0.052047
65048	9.704743	0.960380	0.677630	0.098098	-0.138645	0.007633	-0.070392	0.023636	0.997239	0.475759	-0.877893	0.054390	0.876754	0.478274	0.050552
65049	9.737387	0.968769	0.636377	0.101893	-0.144037	0.026036	-0.068882	0.024155	0.997332	0.476715	-0.877387	0.054175	0.876355	0.479175	0.048921
65050	9.731385	0.910420	0.548871	0.101230	-0.141608	0.057118	-0.067300	0.024325	0.997436	0.477683	-0.876894	0.053616	0.875951	0.480067	0.047395
65051	9.793581	0.823643	0.466757	0.094376	-0.129478	0.071793	-0.065700	0.024376	0.997542	0.478603	-0.876434	0.052939	0.875570	0.480904	0.045915
65052	9.746780	0.826158	0.311533	0.085170	-0.119691	0.087569	-0.064164	0.024177	0.997646	0.479447	-0.876025	0.052065	0.875222	0.481659	0.044618
65053	9.693055	0.798700	0.228926	0.072471	-0.111592	0.103618	-0.062569	0.023867	0.997755	0.480192	-0.875676	0.051059	0.874929	0.482308	0.043329
65054	9.645178	0.840460	0.200422	0.066440	-0.103183	0.102515	-0.061104	0.023459	0.997856	0.480878	-0.875359	0.050026	0.874656	0.482904	0.042207
65055	9.666251	0.869698	0.248697	0.059537	-0.102864	0.100364	-0.059600	0.023138	0.997954	0.481504	-0.875071	0.049045	0.874415	0.483442	0.041014
65056	9.663688	0.789035	0.276609	0.055216	-0.102380	0.097661	-0.058166	0.022770	0.998047	0.482086	-0.874805	0.048054	0.874191	0.483939	0.039906
65057	9.661917	0.722031	0.376372	0.054238	-0.107443	0.100293	-0.056622	0.022474	0.998143	0.482661	-0.874541	0.047071	0.873975	0.484430	0.038671
65058	9.710942	0.588296	0.512250	0.061155	-0.117775	0.104680	-0.055018	0.022122	0.998240	0.483296	-0.874247	0.046011	0.873727	0.484977	0.037408
65059	9.784051	0.522143	0.542232	0.069476	-0.137442	0.109765	-0.053166	0.021890	0.998346	0.484006	-0.873910	0.044937	0.873448	0.485594	0.035867
65060	9.804028	0.464625	0.644557	0.092208	-0.141573	0.116371	-0.051297	0.021554	0.998451	0.484913	-0.873466	0.043769	0.873056	0.486407	0.034354
65061	9.783032	0.500566	0.729875	0.108140	-0.131691	0.115845	-0.049466	0.021244	0.998550	0.485959	-0.872941	0.042645	0.872581	0.487364	0.032857
65062	9.753330	0.481281	0.743751	0.130533	-0.127886	0.118464	-0.047705	0.020826	0.998644	0.487196	-0.872307	0.041464	0.871988	0.488514	0.031467
65063	9.706183	0.522714	0.713668	0.150214	-0.118480	0.118221	-0.045977	0.020434	0.998733	0.488604	-0.871573	0.040326	0.871293	0.489840	0.030088
65064	9.727024	0.537513	0.688238	0.163885	-0.107315	0.115995	-0.044406	0.019943	0.998814	0.490125	-0.870771	0.039177	0.870520	0.491284	0.028893
65065	9.734135	0.583987	0.658297	0.166524	-0.087550	0.107188	-0.043002	0.019500	0.998885	0.491664	-0.869949	0.038149	0.869723	0.492756	0.027822
65066	9.793772	0.620702	0.556190	0.166196	-0.066442	0.104711	-0.041839	0.018910	0.998945	0.493194	-0.869128	0.037109	0.868913	0.494226	0.027037
65067	9.827698	0.605745	0.542050	0.148176	-0.041649	0.090401	-0.040916	0.018390	0.998993	0.494560	-0.868387	0.036241	0.868180	0.495545	0.026436
65068	9.888799	0.599656	0.412228	0.127312	-0.008160	0.087248	-0.040344	0.017666	0.999030	0.495741	-0.867750	0.035364	0.867533	0.496687	0.026251
65069	9.932047	0.525168	0.266907	0.100083	0.021837	0.076582	-0.040040	0.016952	0.999054	0.496682	-0.867242	0.034621	0.867008	0.497599	0.026305
65070	9.914644	0.361737	0.095020	0.079227	0.055286	0.073329	-0.040085	0.016034	0.999068	0.497439	-0.866837	0.033870	0.866572	0.498333	0.026772
65071	9.850696	0.236185	-0.071980	0.075768	0.079608	0.065852	-0.040334	0.015125	0.999072	0.498164	-0.866446	0.033229	0.866144	0.499042	0.027412
65072	9.798421	0.123727	-0.198132	0.084451	0.097472	0.058845	-0.040815	0.014122	0.999067	0.498960	-0.866011	0.032625	0.865664	0.499826	0.028300
65073	9.790844	0.017754	-0.292011	0.107774	0.105466	0.054656	-0.041341	0.013180	0.999058	0.499957	-0.865455	0.032105	0.865063	0.500813	0.029189
65074	9.750354	-0.081728	-0.377291	0.134546	0.111587	0.053082	-0.041971	0.012155	0.999045	0.501183	-0.864765	0.031576	0.864323	0.502029	0.030203
65075	9.774002	-0.120840	-0.392826	0.152503	0.114918	0.048781	-0.042603	0.011214	0.999029	0.502563	-0.863980	0.031129	0.863490	0.503401	0.031172
65076	9.815928	-0.150631	-0.493367	0.177046	0.119635	0.052631	-0.043301	0.010150	0.999011	0.504154	-0.863071	0.030621	0.862527	0.504981	0.032255
65077	9.796936	-0.211446	-0.519261	0.197466	0.119896	0.061362	-0.043906	0.009072	0.998994	0.505925	-0.862053	0.030064	0.861459	0.506736	0.033260
65078	9.863191	-0.201876	-0.470646	0.218145	0.111189	0.059488	-0.044492	0.007989	0.998978	0.507870	-0.860928	0.029505	0.860284	0.508663	0.034247
65079	9.894369	-0.141253	-0.382968	0.233041	0.108648	0.056891	-0.045016	0.007004	0.998962	0.509941	-0.859720	0.029007	0.859031	0.510717	0.035130
65080	9.920776	-0.037003	-0.354922	0.245655	0.110069	0.045544	-0.045659	0.006044	0.998939	0.512110	-0.858443	0.028601	0.857705	0.512873	0.036100
65081	9.897811	-0.008302	-0.317501	0.255208	0.115982	0.044126	-0.046304	0.005127	0.998914	0.514360	-0.857109	0.028242	0.856324	0.515109	0.037050
65082	9.842770	0.044140	-0.201133	0.247713	0.118963	0.032480	-0.047085	0.004230	0.998882	0.516535	-0.855809	0.027972	0.854971	0.517274	0.038111
65083	9.850712	0.112571	-0.139173	0.237416	0.121239	0.027763	-0.047853	0.003422	0.998849	0.518618	-0.854555	0.027774	0.853666	0.519350	0.039118
65084	9.825463	0.189034	-0.070253	0.207456	0.120323	0.013223	-0.048741	0.002678	0.998808	0.520435	-0.853453	0.027685	0.852509	0.521164	0.040204
65085	9.800073	0.266599	-0.001171	0.171301	0.131047	0.011258	-0.049674	0.001957	0.998764	0.521942	-0.852534	0.027629	0.851534	0.522669	0.041327
65086	9.851070	0.327640	0.021937	0.131818	0.144473	0.010732	-0.050778	0.001105	0.998709	0.523109	-0.851821	0.027539	0.850752	0.523833	0.042676
65087	9.762711	0.360453	0.096217	0.100137	0.162306	0.016327	-0.051947	0.000174	0.998650	0.524011	-0.851270	0.027406	0.850126	0.524727	0.044130
65088	9.707255	0.386318	0.164898	0.070529	0.177104	0.015315	-0.053302	-0.000891	0.998578	0.524659	-0.850876	0.027246	0.849642	0.525365	0.045821
65089	9.741721	0.381045	0.267209	0.038555	0.196199	0.016049	-0.054759	-0.002000	0.998498	0.525037	-0.850648	0.027090	0.849316	0.525732	0.047631
65090	9.762717	0.406841	0.364283	0.011795	0.215645	0.015781	-0.056438	-0.003272	0.998401	0.525187	-0.850562	0.026900	0.849113	0.525865	0.049723
65091	9.708660	0.387523	0.407294	-0.010090	0.238036	0.024524	-0.058205	-0.004673	0.998294	0.525157	-0.850588	0.026637	0.849012	0.525811	0.051962
65092	9.708730	0.387766	0.522321	-0.014873	0.249897	0.031832	-0.060090	-0.006263	0.998173	0.525090	-0.850641	0.026273	0.848923	0.525710	0.054403
65093	9.655167	0.353469	0.587705	-0.015545	0.258747	0.029577	-0.062006	-0.007815	0.998045	0.525019	-0.850695	0.025957	0.848829	0.525602	0.056851
65094	9.672971	0.408530	0.741229	-0.019018	0.257268	0.030040	-0.063962	-0.009427	0.997908	0.524917	-0.850768	0.025608	0.848747	0.525456	0.059366
65095	9.745958	0.432938	0.751866	-0.022839	0.254390	0.032756	-0.065825	-0.010984	0.997771	0.524786	-0.850859	0.025255	0.848685	0.525279	0.061772
65096	9.782318	0.525873	0.870270	-0.040929	0.227409	0.027156	-0.067543	-0.012414	0.997639	0.524498	-0.851047	0.024921	0.848728	0.524943	0.063994
65097	9.770319	0.509032	0.854325	-0.071207	0.232971	0.029854	-0.069242	-0.013831	0.997504	0.523956	-0.851391	0.024565	0.848926	0.524349	0.066199
65098	9.501540	0.751475	0.999236	-0.107313	0.227380	0.002916	-0.071088	-0.015052	0.997356	0.523088	-0.851928	0.024426	0.849309	0.523442	0.068435
65099	9.732708	0.525788	0.882639	-0.121104	0.154918	0.012493	-0.072218	-0.015911	0.997262	0.522111	-0.852534	0.024208	0.849815	0.522429	0.069875
65100	9.654952	0.698836	0.961688	-0.114914	0.095367	0.019293	-0.072858	-0.016578	0.997205	0.521189	-0.853107	0.023897	0.850326	0.521473	0.070796
65101	9.720901	0.682652	0.957239	-0.177367	0.043406	0.000190	-0.073107	-0.016747	0.997183	0.519723	-0.854005	0.023760	0.851201	0.519996	0.071138
65102	9.949899	0.355001	0.723134	-0.233111	0.009059	0.003452	-0.073097	-0.016829	0.997183	0.517781	-0.855190	0.023523	0.852385	0.518042	0.071225
65103	9.671257	0.623865	0.657517	-0.235305	0.004741	0.005329	-0.072992	-0.016841	0.997190	0.515820	-0.856380	0.023294	0.853582	0.516071	0.071195
65104	9.570084	0.670625	0.636553	-0.280036	-0.029604	0.005140	-0.072643	-0.016738	0.997218	0.513473	-0.857797	0.023006	0.855026	0.513715	0.070907
65105	9.943244	0.315180	0.427208	-0.300228	-0.069818	0.020471	-0.071823	-0.016498	0.997281	0.510961	-0.859307	0.022584	0.856598	0.511193	0.070148
65106	10.085633	-0.209983	0.221355	-0.281922	-0.057965	0.045588	-0.071025	-0.016600	0.997336	0.508618	-0.860714	0.021895	0.858058	0.508818	0.069575
65107	10.031528	-0.418781	0.340968	-0.257602	-0.057584	0.048839	-0.070164	-0.016671	0.997396	0.506483	-0.861989	0.021222	0.859391	0.506653	0.068924
65108	9.938793	-0.521302	0.327923	-0.199166	-0.060783	0.062242	-0.069257	-0.016907	0.997456	0.504855	-0.862962	0.020427	0.860421	0.504985	0.068302
65109	9.839283	-0.521311	0.449733	-0.118898	-0.086624	0.066506	-0.068057	-0.016988	0.997537	0.503920	-0.863526	0.019674	0.861065	0.504017	0.067329
65110	9.814686	-0.479697	0.445716	-0.044320	-0.110219	0.062061	-0.066726	-0.016975	0.997627	0.503621	-0.863716	0.018988	0.861344	0.503693	0.066181
65111	9.804769	-0.310642	0.472073	0.008569	-0.124069	0.058582	-0.065241	-0.016802	0.997728	0.503776	-0.863638	0.018397	0.861367	0.503832	0.064809
65112	9.826007	-0.104296	0.431973	0.041491	-0.133441	0.047528	-0.063783	-0.016547	0.997827	0.504206	-0.863398	0.017912	0.861225	0.504252	0.063413
65113	9.781833	0.102434	0.423494	0.055505	-0.140829	0.041030	-0.062242	-0.016138	0.997931	0.504752	-0.863087	0.017525	0.861018	0.504798	0.061866
65114	9.798737	0.195277	0.297199	0.065968	-0.155635	0.038188	-0.060640	-0.015688	0.998036	0.505384	-0.862724	0.017146	0.860761	0.505432	0.060244
65115	9.820574	0.201728	0.288989	0.064841	-0.139474	0.038347	-0.059124	-0.015260	0.998134	0.506007	-0.862366	0.016788	0.860500	0.506056	0.058708
65116	9.864616	0.203896	0.307957	0.053168	-0.131373	0.035531	-0.057744	-0.014908	0.998220	0.506527	-0.862068	0.016427	0.860289	0.506574	0.057331
65117	9.845007	0.161155	0.237580	0.044331	-0.112951	0.030094	-0.056498	-0.014542	0.998297	0.506967	-0.861814	0.016137	0.860112	0.507015	0.056063
65118	9.889913	-0.068881	0.151419	0.058301	-0.086585	0.048596	-0.055438	-0.014528	0.998356	0.507536	-0.861488	0.015647	0.859845	0.507570	0.055132
65119	9.718865	-0.340772	0.200944	0.126318	-0.054537	0.077195	-0.054454	-0.014863	0.998406	0.508706	-0.860811	0.014931	0.859216	0.508708	0.054435
65120	9.597057	-0.275443	0.496573	0.211765	-0.051106	0.093243	-0.053471	-0.015411	0.998451	0.510616	-0.859694	0.014076	0.858145	0.510577	0.053837
65121	9.605368	-0.629024	0.634480	0.302581	-0.056019	0.108352	-0.052312	-0.016003	0.998503	0.513309	-0.858103	0.013140	0.856608	0.513228	0.053104
65122	9.709391	-0.544841	0.602170	0.402169	-0.063571	0.110556	-0.051129	-0.016629	0.998554	0.516848	-0.855990	0.012210	0.854549	0.516724	0.052361
65123	9.839290	-0.321818	0.546072	0.490256	-0.064139	0.095311	-0.049964	-0.017061	0.998605	0.521120	-0.853406	0.011493	0.852020	0.520968	0.051530
65124	9.913912	0.145641	0.481806	0.516305	-0.057221	0.063930	-0.049073	-0.017311	0.998645	0.525584	-0.850669	0.011081	0.849325	0.525416	0.050843
65125	9.947913	0.567547	0.441910	0.469855	-0.044588	0.033407	-0.048395	-0.017310	0.998678	0.529626	-0.848160	0.010964	0.846850	0.529457	0.050215
65126	9.972029	0.964705	0.381910	0.366909	-0.020851	-0.004833	-0.048175	-0.017163	0.998691	0.532767	-0.846188	0.011158	0.844889	0.532608	0.049909
65127	9.961563	1.368262	0.238163	0.195938	0.003398	-0.038686	-0.048287	-0.016803	0.998692	0.534444	-0.845124	0.011622	0.843824	0.534306	0.049789
65128	9.929904	1.483837	-0.039985	-0.017310	0.028299	-0.070635	-0.048834	-0.016361	0.998673	0.534303	-0.845204	0.012280	0.843881	0.534194	0.050016
65129	9.835031	1.343760	-0.249195	-0.213131	0.056013	-0.082976	-0.049629	-0.015903	0.998641	0.532503	-0.846328	0.012986	0.844972	0.532424	0.050471
65130	9.748139	1.094148	-0.293992	-0.357353	0.069515	-0.070396	-0.050521	-0.015680	0.998600	0.529485	-0.848212	0.013469	0.846813	0.529424	0.051155
65131	9.692683	0.697218	-0.203822	-0.439051	0.064533	-0.044283	-0.051181	-0.015587	0.998568	0.525781	-0.850510	0.013673	0.849079	0.525727	0.051725
65132	9.727122	0.264087	-0.085143	-0.458671	0.045100	-0.006212	-0.051528	-0.015775	0.998547	0.521918	-0.852890	0.013458	0.851438	0.521853	0.052181
65133	9.781197	-0.134271	-0.006602	-0.433602	0.012601	0.005545	-0.051485	-0.015830	0.998548	0.518265	-0.855119	0.013166	0.853669	0.518191	0.052230
65134	9.840153	-0.420876	0.056547	-0.382481	-0.019542	0.027570	-0.051106	-0.015970	0.998566	0.515051	-0.857066	0.012653	0.855635	0.514959	0.052027
65135	9.900963	-0.521269	0.190124	-0.316613	-0.043369	0.039666	-0.050408	-0.016031	0.998600	0.512401	-0.858661	0.012081	0.857266	0.512292	0.051498
65136	9.877427	-0.476090	0.280736	-0.249259	-0.063978	0.043035	-0.049570	-0.016080	0.998641	0.510324	-0.859905	0.011485	0.858552	0.510200	0.050831
65137	9.896979	-0.426699	0.311108	-0.187599	-0.075839	0.038325	-0.048599	-0.015968	0.998691	0.508773	-0.860830	0.010995	0.859528	0.508641	0.049960
65138	9.870977	-0.353285	0.269475	-0.119662	-0.082465	0.029843	-0.047669	-0.015812	0.998738	0.507799	-0.861410	0.010599	0.860156	0.507664	0.049092
65139	9.797545	-0.196590	0.260116	-0.038316	-0.088070	0.031888	-0.046625	-0.015587	0.998791	0.507526	-0.861576	0.010247	0.860374	0.507390	0.048082
65140	9.782603	-0.094020	0.328774	0.046112	-0.092532	0.020414	-0.045656	-0.015299	0.998840	0.507972	-0.861315	0.010026	0.860163	0.507841	0.047096
65141	9.796978	0.060027	0.311638	0.107085	-0.089341	0.013702	-0.044693	-0.014910	0.998889	0.508941	-0.860744	0.009923	0.859641	0.508819	0.046058
65142	9.810674	0.244135	0.346514	0.136656	-0.082429	0.016190	-0.043833	-0.014636	0.998932	0.510162	-0.860022	0.009785	0.858960	0.510046	0.045164
65143	9.791693	0.390251	0.265382	0.132521	-0.068753	0.014820	-0.043042	-0.014359	0.998970	0.511348	-0.859319	0.009680	0.858295	0.511238	0.044330
65144	9.840125	0.522656	0.263130	0.100336	-0.047618	0.021724	-0.042453	-0.014308	0.998996	0.512258	-0.858779	0.009469	0.857782	0.512146	0.043787
65145	9.826737	0.566367	0.232970	0.045760	-0.017764	0.022902	-0.042059	-0.014361	0.999012	0.512701	-0.858517	0.009244	0.857536	0.512583	0.043471
65146	9.831538	0.476897	0.259885	-0.007076	0.011561	0.027464	-0.041948	-0.014661	0.999012	0.512692	-0.858526	0.008928	0.857547	0.512560	0.043530
65147	9.764409	0.271838	0.240275	-0.028721	0.036710	0.029344	-0.041989	-0.015047	0.999005	0.512499	-0.858645	0.008608	0.857660	0.512351	0.043766
65148	9.700527	0.039288	0.353308	-0.025316	0.050186	0.032806	-0.042182	-0.015592	0.998988	0.512336	-0.858746	0.008230	0.857748	0.512165	0.044212
65149	9.710432	-0.152727	0.432147	0.011281	0.042313	0.041011	-0.042212	-0.016107	0.998979	0.512491	-0.858657	0.007811	0.857654	0.512297	0.044500
65150	9.779538	-0.198416	0.552818	0.050442	0.030620	0.040914	-0.042195	-0.016621	0.998971	0.512981	-0.858368	0.007386	0.857362	0.512765	0.044745
65151	9.789903	-0.204778	0.522549	0.094360	0.016897	0.037888	-0.042022	-0.016980	0.998972	0.513846	-0.857853	0.007034	0.856852	0.513614	0.044774
65152	9.786303	-0.135062	0.516225	0.135004	0.006000	0.036475	-0.041817	-0.017329	0.998975	0.515058	-0.857129	0.006692	0.856135	0.514810	0.044768
65153	9.812733	0.016074	0.565871	0.161639	0.001754	0.037500	-0.041516	-0.017607	0.998983	0.516498	-0.856265	0.006373	0.855282	0.516237	0.044642
65154	9.808725	0.116174	0.609841	0.185790	0.004029	0.039786	-0.041275	-0.017974	0.998986	0.518142	-0.855273	0.006020	0.854298	0.517865	0.044614
65155	9.795372	0.159076	0.583030	0.211155	0.002652	0.039417	-0.040971	-0.018273	0.998993	0.520002	-0.854146	0.005703	0.853182	0.519712	0.044497
65156	9.812659	0.253068	0.560791	0.227092	0.002333	0.041392	-0.040706	-0.018644	0.998997	0.521995	-0.852932	0.005351	0.851977	0.521689	0.044451
65157	9.787901	0.313410	0.546158	0.223661	0.003469	0.034717	-0.040433	-0.018907	0.999003	0.523953	-0.851732	0.005087	0.850787	0.523637	0.044344
65158	9.813482	0.463336	0.502006	0.192965	0.002986	0.027930	-0.040242	-0.019165	0.999006	0.525645	-0.850690	0.004855	0.849752	0.525318	0.044307
65159	9.817607	0.603654	0.451331	0.137755	-0.001194	0.021092	-0.040001	-0.019286	0.999014	0.526864	-0.849937	0.004688	0.849008	0.526531	0.044159
65160	9.829372	0.537189	0.315672	0.074581	0.006011	0.019277	-0.039881	-0.019486	0.999014	0.527544	-0.849516	0.004490	0.848591	0.527203	0.044159
65161	9.802218	0.363683	0.198006	0.039209	0.012348	0.027189	-0.039723	-0.019729	0.999016	0.527928	-0.849279	0.004220	0.848360	0.527576	0.044152
65162	9.720317	0.234437	0.204278	0.030138	0.013080	0.038489	-0.039561	-0.020130	0.999014	0.528238	-0.849088	0.003810	0.848174	0.527868	0.044224
65163	9.759263	0.108215	0.267155	0.029104	0.003283	0.048900	-0.039212	-0.020509	0.999020	0.528544	-0.848899	0.003319	0.848000	0.528157	0.044127
65164	9.763367	0.016282	0.295554	0.051770	-0.012239	0.063229	-0.038705	-0.020985	0.999030	0.529048	-0.848588	0.002672	0.847709	0.528638	0.043947
65165	9.829371	0.042914	0.402107	0.070782	-0.037462	0.062255	-0.037939	-0.021262	0.999054	0.529711	-0.848176	0.002065	0.847329	0.529288	0.043442
65166	9.875336	0.226916	0.318695	0.039223	-0.054593	0.047827	-0.037154	-0.021383	0.999081	0.530101	-0.847933	0.001566	0.847120	0.529672	0.042839
65167	9.848341	0.327182	0.238559	-0.008295	-0.049718	0.039355	-0.036406	-0.021400	0.999108	0.530085	-0.847944	0.001153	0.847163	0.529654	0.042214
65168	9.770333	0.370193	0.240161	-0.056667	-0.045424	0.034839	-0.035767	-0.021459	0.999130	0.529657	-0.848212	0.000743	0.847457	0.529223	0.041704
65169	9.732201	0.246632	0.273307	-0.090096	-0.043084	0.031941	-0.035115	-0.021449	0.999153	0.528944	-0.848657	0.000372	0.847930	0.528509	0.041146
65170	9.747946	0.108858	0.234067	-0.109772	-0.046111	0.021974	-0.034539	-0.021396	0.999174	0.528060	-0.849207	0.000069	0.848504	0.527627	0.040629
65171	9.819304	-0.070441	0.161718	-0.123397	-0.053948	0.010632	-0.033907	-0.021149	0.999201	0.527056	-0.849831	-0.000102	0.849154	0.526632	0.039962
65172	9.853492	-0.123640	0.117572	-0.126162	-0.064637	0.002761	-0.033274	-0.020837	0.999229	0.526025	-0.850469	-0.000218	0.849818	0.525612	0.039259
65173	9.875354	-0.144439	0.065527	-0.143899	-0.064536	-0.006610	-0.032643	-0.020388	0.999259	0.524839	-0.851202	-0.000223	0.850576	0.524443	0.038486
65174	9.895109	-0.106043	0.025327	-0.166475	-0.056185	-0.005844	-0.032126	-0.020049	0.999283	0.523460	-0.852050	-0.000267	0.851445	0.523076	0.037868
65175	9.874625	-0.159799	-0.017332	-0.189206	-0.045651	-0.005656	-0.031648	-0.019710	0.999305	0.521886	-0.853015	-0.000296	0.852428	0.521513	0.037283
65176	9.863401	-0.172567	-0.060218	-0.196429	-0.033912	0.002210	-0.031278	-0.019557	0.999319	0.520250	-0.854014	-0.000430	0.853441	0.519883	0.036887
65177	9.776976	-0.211723	-0.086784	-0.187721	-0.020091	0.004711	-0.030963	-0.019441	0.999331	0.518689	-0.854963	-0.000561	0.854402	0.518324	0.036556
65178	9.778892	-0.240346	-0.049110	-0.174570	-0.012799	0.002933	-0.030769	-0.019405	0.999338	0.517237	-0.855842	-0.000693	0.855289	0.516873	0.036371
65179	9.843695	-0.211118	-0.032851	-0.166070	-0.009590	-0.003084	-0.030583	-0.019278	0.999346	0.515855	-0.856676	-0.000739	0.856130	0.515495	0.036145
65180	9.883812	-0.088001	0.021990	-0.167243	-0.007135	-0.015190	-0.030531	-0.019117	0.999351	0.514457	-0.857516	-0.000686	0.856972	0.514102	0.036016
65181	9.882668	-0.011904	0.105058	-0.184616	-0.005475	-0.026693	-0.030501	-0.018809	0.999358	0.512906	-0.858445	-0.000502	0.857903	0.512561	0.035830
65182	9.911582	0.070606	0.069873	-0.198538	-0.014439	-0.035614	-0.030490	-0.018435	0.999365	0.511231	-0.859444	-0.000256	0.858903	0.510898	0.035629
65183	9.910573	0.088203	0.049193	-0.211347	-0.008270	-0.032112	-0.030462	-0.018066	0.999373	0.509444	-0.860504	-0.000027	0.859964	0.509124	0.035416
65184	9.855123	0.073778	-0.021426	-0.209762	0.002265	-0.029021	-0.030560	-0.017834	0.999374	0.507670	-0.861551	0.000150	0.861009	0.507357	0.035383
65185	9.802571	0.045197	0.019664	-0.200900	0.008174	-0.022359	-0.030623	-0.017632	0.999375	0.505973	-0.862549	0.000286	0.862006	0.505666	0.035335
65186	9.805693	-0.025802	0.027362	-0.194923	0.009516	-0.016513	-0.030719	-0.017544	0.999374	0.504327	-0.863513	0.000344	0.862966	0.504022	0.035374
65187	9.816055	-0.026908	-0.004506	-0.193296	0.011266	-0.013559	-0.030764	-0.017433	0.999375	0.502694	-0.864465	0.000395	0.863917	0.502391	0.035358
65188	9.785113	-0.047197	0.042667	-0.185761	0.007278	-0.016371	-0.030839	-0.017335	0.999374	0.501123	-0.865376	0.000454	0.864826	0.500823	0.035374
65189	9.830444	-0.084489	0.042241	-0.182121	0.005983	-0.020128	-0.030871	-0.017140	0.999376	0.499581	-0.866267	0.000575	0.865717	0.499287	0.035305
65190	9.861403	-0.060439	-0.003433	-0.177695	0.008360	-0.024217	-0.030995	-0.016979	0.999375	0.498075	-0.867134	0.000715	0.866580	0.497786	0.035333
65191	9.903564	-0.023658	-0.010031	-0.182571	0.005787	-0.033127	-0.031088	-0.016671	0.999378	0.496522	-0.868024	0.000965	0.867467	0.496243	0.035263
65192	9.880796	0.013599	0.017407	-0.188506	0.007751	-0.035044	-0.031259	-0.016412	0.999377	0.494915	-0.868940	0.001210	0.868379	0.494644	0.035285
65193	9.824019	0.073075	0.033224	-0.206886	0.014196	-0.039347	-0.031455	-0.016091	0.999376	0.493146	-0.869945	0.001514	0.869378	0.492885	0.035300
65194	9.791016	0.084103	0.042524	-0.216921	0.024091	-0.039064	-0.031788	-0.015877	0.999369	0.491287	-0.870996	0.001789	0.870418	0.491033	0.035487
65195	9.801111	0.114535	0.064893	-0.231843	0.025630	-0.044340	-0.032106	-0.015568	0.999363	0.489294	-0.872116	0.002134	0.871528	0.489051	0.035617
65196	9.844882	0.151130	0.152559	-0.242533	0.032731	-0.039452	-0.032515	-0.015391	0.999353	0.487207	-0.873283	0.002402	0.872681	0.486969	0.035893
65197	9.835669	0.113361	0.156347	-0.251937	0.048541	-0.039920	-0.033011	-0.015229	0.999339	0.485034	-0.874491	0.002695	0.873872	0.484802	0.036254
65198	9.762517	0.059655	0.214031	-0.257269	0.053711	-0.035488	-0.033583	-0.015187	0.999321	0.482813	-0.875718	0.002917	0.875079	0.482583	0.036741
65199	9.744870	-0.007181	0.290216	-0.250795	0.060052	-0.034656	-0.034154	-0.015124	0.999302	0.480646	-0.876909	0.003156	0.876249	0.480419	0.037219
65200	9.736645	-0.061064	0.314523	-0.240953	0.064380	-0.031283	-0.034799	-0.015167	0.999279	0.478564	-0.878046	0.003339	0.877363	0.478335	0.037813
65201	9.739437	-0.104175	0.378053	-0.222513	0.063896	-0.030159	-0.035382	-0.015160	0.999259	0.476641	-0.879091	0.003541	0.878386	0.476413	0.038330
65202	9.751207	-0.106279	0.442273	-0.198573	0.059221	-0.029073	-0.035972	-0.015194	0.999237	0.474926	-0.880018	0.003716	0.879290	0.474698	0.038872
65203	9.795960	-0.114951	0.498715	-0.176087	0.052794	-0.041552	-0.036512	-0.015033	0.999220	0.473404	-0.880836	0.004047	0.880089	0.473182	0.039278
65204	9.827787	-0.103380	0.477581	-0.152863	0.056745	-0.042782	-0.037145	-0.014933	0.999198	0.472083	-0.881543	0.004375	0.880771	0.471867	0.039794
65205	9.859633	-0.091381	0.456558	-0.131819	0.053257	-0.046046	-0.037711	-0.014733	0.999180	0.470946	-0.882149	0.004767	0.881356	0.470739	0.040205
65206	9.836019	-0.066199	0.416941	-0.111905	0.050426	-0.050180	-0.038322	-0.014536	0.999160	0.469981	-0.882661	0.005184	0.881844	0.469785	0.040657
65207	9.856103	-0.048726	0.336981	-0.095430	0.046760	-0.049844	-0.038848	-0.014272	0.999143	0.469162	-0.883094	0.005628	0.882257	0.468979	0.041003
65208	9.779009	-0.041236	0.316708	-0.081964	0.050299	-0.046385	-0.039441	-0.014107	0.999122	0.468462	-0.883463	0.006019	0.882603	0.468288	0.041453
65209	9.797434	0.018320	0.271222	-0.069618	0.048693	-0.040445	-0.039940	-0.013935	0.999105	0.467873	-0.883773	0.006377	0.882893	0.467709	0.041817
65210	9.861649	0.050596	0.295732	-0.067533	0.043728	-0.035954	-0.040425	-0.013831	0.999087	0.467303	-0.884072	0.006670	0.883172	0.467146	0.042202
65211	9.838154	0.074983	0.255018	-0.071484	0.034105	-0.034325	-0.040767	-0.013644	0.999076	0.466700	-0.884388	0.006966	0.883476	0.466552	0.042421
65212	9.847850	0.104024	0.278537	-0.081723	0.024962	-0.032419	-0.041069	-0.013483	0.999065	0.466006	-0.884752	0.007216	0.883828	0.465867	0.042619
65213	9.781584	0.120479	0.295291	-0.091358	0.021687	-0.031298	-0.041287	-0.013265	0.999059	0.465227	-0.885160	0.007474	0.884228	0.465098	0.042717
65214	9.781496	0.122962	0.297152	-0.105203	0.013897	-0.025441	-0.041459	-0.013114	0.999054	0.464328	-0.885631	0.007644	0.884693	0.464205	0.042806
65215	9.753138	0.043469	0.327301	-0.112590	-0.000261	-0.027229	-0.041464	-0.012829	0.999058	0.463362	-0.886134	0.007852	0.885199	0.463251	0.042687
65216	9.743421	0.030916	0.378348	-0.115573	-0.014196	-0.021996	-0.041371	-0.012578	0.999065	0.462371	-0.886651	0.007984	0.885721	0.462269	0.042497
65217	9.768811	-0.019496	0.458661	-0.121667	-0.025376	-0.025715	-0.041145	-0.012192	0.999079	0.461324	-0.887194	0.008172	0.886277	0.461236	0.042128
65218	9.789393	0.007517	0.443583	-0.128786	-0.035106	-0.026039	-0.040885	-0.011809	0.999094	0.460213	-0.887769	0.008340	0.886866	0.460138	0.041731
65219	9.801225	-0.006333	0.425859	-0.134367	-0.041143	-0.034735	-0.040561	-0.011271	0.999113	0.459049	-0.888369	0.008614	0.887484	0.458992	0.041207
65220	9.790735	-0.002713	0.454860	-0.140468	-0.036935	-0.037108	-0.040334	-0.010782	0.999128	0.457829	-0.888996	0.008889	0.888125	0.457788	0.040793
65221	9.780261	0.001148	0.484023	-0.134256	-0.038101	-0.041556	-0.040067	-0.010199	0.999145	0.456661	-0.889593	0.009232	0.888738	0.456641	0.040301
65222	9.770841	-0.010418	0.532015	-0.134413	-0.035851	-0.042006	-0.039871	-0.009672	0.999158	0.455491	-0.890189	0.009559	0.889347	0.455489	0.039898
65223	9.771035	-0.006908	0.528502	-0.135000	-0.035810	-0.044448	-0.039637	-0.009075	0.999173	0.454315	-0.890786	0.009932	0.889959	0.454333	0.039431
65224	9.759355	0.002565	0.466672	-0.125271	-0.035379	-0.049190	-0.039477	-0.008486	0.999184	0.453222	-0.891338	0.010336	0.890523	0.453260	0.039033
65225	9.739179	-0.018308	0.475196	-0.118639	-0.034339	-0.051671	-0.039287	-0.007833	0.999197	0.452187	-0.891858	0.010788	0.891058	0.452248	0.038581
65226	9.726582	0.017997	0.467243	-0.110707	-0.036178	-0.052813	-0.039135	-0.007208	0.999208	0.451221	-0.892342	0.011235	0.891554	0.451303	0.038174
65227	9.786793	0.124652	0.481860	-0.111728	-0.038345	-0.057266	-0.038934	-0.006488	0.999221	0.450244	-0.892828	0.011746	0.892056	0.450351	0.037683
65228	9.785758	0.145355	0.460093	-0.124384	-0.028543	-0.056087	-0.038863	-0.005869	0.999227	0.449154	-0.893371	0.012221	0.892609	0.449282	0.037355
65229	9.786932	0.134406	0.476394	-0.125757	-0.022704	-0.053658	-0.038785	-0.005252	0.999234	0.448053	-0.893917	0.012692	0.893165	0.448202	0.037024
65230	9.785815	0.154826	0.455775	-0.129439	-0.022050	-0.053819	-0.038760	-0.004683	0.999238	0.446918	-0.894479	0.013144	0.893735	0.447086	0.036763
65231	9.784674	0.175183	0.435168	-0.129751	-0.023473	-0.051526	-0.038665	-0.004082	0.999244	0.445780	-0.895039	0.013593	0.894307	0.445968	0.036427
65232	9.762126	0.185903	0.407548	-0.127911	-0.026993	-0.051820	-0.038586	-0.003509	0.999249	0.444657	-0.895591	0.014025	0.894869	0.444865	0.036117
65233	9.740756	0.180901	0.398159	-0.123496	-0.030415	-0.052705	-0.038433	-0.002867	0.999257	0.443574	-0.896120	0.014489	0.895413	0.443802	0.035713
65234	9.714950	0.248941	0.386967	-0.124745	-0.033338	-0.050719	-0.038290	-0.002276	0.999264	0.442479	-0.896655	0.014913	0.895961	0.442725	0.035340
65235	9.779941	0.256436	0.350606	-0.127907	-0.029799	-0.044654	-0.038107	-0.001710	0.999272	0.441359	-0.897200	0.015296	0.896521	0.441620	0.034944
65236	9.807272	0.343441	0.320677	-0.132293	-0.029831	-0.051523	-0.037998	-0.001127	0.999277	0.440194	-0.897765	0.015726	0.897098	0.440474	0.034609
65237	9.833122	0.284494	0.326467	-0.142944	-0.025786	-0.050088	-0.037873	-0.000530	0.999282	0.438935	-0.898373	0.016159	0.897720	0.439232	0.034257
65238	9.834305	0.272902	0.343208	-0.148211	-0.017165	-0.048330	-0.037862	-0.000032	0.999283	0.437628	-0.899004	0.016553	0.898359	0.437941	0.034052
65239	9.812862	0.267275	0.335239	-0.148795	-0.013530	-0.042830	-0.037815	0.000446	0.999285	0.436317	-0.899634	0.016913	0.898998	0.436645	0.033825
65240	9.790575	0.286397	0.381979	-0.149665	-0.008390	-0.042045	-0.037854	0.000849	0.999283	0.434997	-0.900267	0.017243	0.899636	0.435338	0.033710
65241	9.789215	0.305923	0.362979	-0.145568	-0.013299	-0.040745	-0.037800	0.001307	0.999284	0.433715	-0.900879	0.017584	0.900257	0.434069	0.033486
65242	9.732088	0.337904	0.326169	-0.138670	-0.013752	-0.038553	-0.037774	0.001702	0.999285	0.432493	-0.901460	0.017884	0.900845	0.432860	0.033316
65243	9.777333	0.328256	0.375338	-0.127604	-0.022057	-0.038887	-0.037632	0.002181	0.999289	0.431372	-0.901990	0.018214	0.901389	0.431751	0.033003
65244	9.789052	0.316010	0.358714	-0.120426	-0.027574	-0.039935	-0.037487	0.002648	0.999294	0.430313	-0.902489	0.018534	0.901901	0.430704	0.032692
65245	9.801651	0.278631	0.286874	-0.114633	-0.036276	-0.028473	-0.037172	0.003094	0.999304	0.429311	-0.902962	0.018765	0.902391	0.429710	0.032236
65246	9.778988	0.287496	0.258561	-0.108449	-0.033891	-0.025117	-0.036905	0.003454	0.999313	0.428365	-0.903407	0.018942	0.902852	0.428770	0.031861
65247	9.815617	0.226679	0.229644	-0.109691	-0.036845	-0.023167	-0.036561	0.003853	0.999324	0.427409	-0.903856	0.019122	0.903319	0.427819	0.031399
65248	9.828199	0.188613	0.156970	-0.113181	-0.038385	-0.022808	-0.036243	0.004211	0.999334	0.426420	-0.904320	0.019276	0.903799	0.426835	0.030980
65249	9.771020	0.219548	0.117819	-0.112655	-0.039019	-0.024459	-0.035884	0.004631	0.999345	0.425436	-0.904779	0.019469	0.904277	0.425856	0.030497
65250	9.773152	0.181299	0.077669	-0.113993	-0.042618	-0.026716	-0.035544	0.005041	0.999355	0.424437	-0.905244	0.019662	0.904760	0.424862	0.030036
65251	9.781362	0.224915	0.077420	-0.112017	-0.038963	-0.021845	-0.035174	0.005436	0.999366	0.423459	-0.905698	0.019830	0.905232	0.423888	0.029555
65252	9.879244	0.225805	0.032191	-0.121549	-0.039109	-0.027444	-0.034867	0.005837	0.999375	0.422391	-0.906193	0.020030	0.905743	0.422825	0.029131
65253	9.867456	0.243673	0.043621	-0.125833	-0.034941	-0.022124	-0.034534	0.006217	0.999384	0.421286	-0.906703	0.020198	0.906270	0.421724	0.028693
65254	9.846056	0.236256	0.033929	-0.128040	-0.026930	-0.022598	-0.034316	0.006522	0.999390	0.420159	-0.907222	0.020348	0.906801	0.420601	0.028392
65255	9.839251	0.180740	0.045768	-0.120444	-0.030300	-0.021711	-0.034022	0.006878	0.999397	0.419103	-0.907707	0.020514	0.907301	0.419548	0.028000
65256	9.840664	0.166490	0.060651	-0.109381	-0.038636	-0.022200	-0.033696	0.007228	0.999406	0.418145	-0.908145	0.020666	0.907755	0.418593	0.027579
65257	9.830363	0.167496	0.089877	-0.095110	-0.040393	-0.019784	-0.033302	0.007608	0.999416	0.417318	-0.908522	0.020821	0.908150	0.417767	0.027080
65258	9.843557	0.137644	0.089232	-0.085346	-0.039308	-0.020527	-0.032962	0.007945	0.999425	0.416578	-0.908858	0.020964	0.908502	0.417029	0.026648
65259	9.805437	0.218218	0.094164	-0.074157	-0.040513	-0.015808	-0.032549	0.008288	0.999436	0.415942	-0.909147	0.021085	0.908809	0.416393	0.026144
65260	9.793708	0.235251	0.105309	-0.067069	-0.040156	-0.020155	-0.032199	0.008625	0.999444	0.415368	-0.909406	0.021230	0.909083	0.415821	0.025700
65261	9.799758	0.318812	0.142481	-0.071570	-0.037278	-0.023261	-0.031846	0.009021	0.999452	0.414753	-0.909682	0.021427	0.909377	0.415208	0.025228
65262	9.774204	0.391662	0.206274	-0.080363	-0.030304	-0.021077	-0.031590	0.009326	0.999457	0.414057	-0.909995	0.021578	0.909702	0.414514	0.024885
65263	9.805183	0.427843	0.232934	-0.092847	-0.022707	-0.019034	-0.031352	0.009623	0.999462	0.413250	-0.910359	0.021728	0.910078	0.413709	0.024565
65264	9.829530	0.406053	0.274588	-0.103161	-0.010624	-0.018563	-0.031263	0.009822	0.999463	0.412347	-0.910765	0.021849	0.910490	0.412809	0.024423
65265	9.799421	0.380056	0.318635	-0.116129	0.004173	-0.013713	-0.031248	0.009960	0.999462	0.411328	-0.911223	0.021941	0.910951	0.411793	0.024378
65266	9.784043	0.305629	0.384628	-0.121220	0.013663	-0.018201	-0.031379	0.010056	0.999457	0.410260	-0.911702	0.022054	0.911428	0.410729	0.024483
65267	9.795050	0.314962	0.427003	-0.125366	0.028040	-0.014430	-0.031586	0.010102	0.999450	0.409156	-0.912196	0.022151	0.911918	0.409631	0.024679
65268	9.811148	0.251153	0.468983	-0.131183	0.033881	-0.018720	-0.031903	0.010120	0.999440	0.407996	-0.912712	0.022266	0.912426	0.408478	0.024989
65269	9.786572	0.275918	0.429962	-0.127061	0.035443	-0.016489	-0.032186	0.010155	0.999430	0.406874	-0.913210	0.022382	0.912917	0.407363	0.025261
65270	9.784854	0.293889	0.416034	-0.122223	0.037282	-0.022371	-0.032549	0.010194	0.999418	0.405793	-0.913687	0.022535	0.913385	0.406291	0.025603
65271	9.770553	0.320898	0.344156	-0.107870	0.032684	-0.023784	-0.032837	0.010307	0.999408	0.404843	-0.914103	0.022729	0.913796	0.405350	0.025844
65272	9.790916	0.325816	0.281661	-0.105409	0.029081	-0.021724	-0.033123	0.010374	0.999397	0.403915	-0.914510	0.022879	0.914197	0.404430	0.026101
65273	9.814335	0.297257	0.254487	-0.102535	0.027602	-0.017644	-0.033340	0.010452	0.999389	0.403015	-0.914904	0.023013	0.914586	0.403536	0.026291
65274	9.792893	0.259805	0.122019	-0.102639	0.023896	-0.014958	-0.033551	0.010478	0.999382	0.402114	-0.915298	0.023096	0.914975	0.402640	0.026496
65275	9.773000	0.234853	0.135263	-0.103142	0.024584	-0.013197	-0.033723	0.010527	0.999376	0.401209	-0.915693	0.023184	0.915366	0.401740	0.026657
65276	9.741324	0.224680	0.163089	-0.101013	0.012900	-0.010087	-0.033814	0.010554	0.999372	0.400323	-0.916080	0.023219	0.915750	0.400857	0.026751
65277	9.807517	0.214536	0.148741	-0.096278	0.017513	-0.012244	-0.033917	0.010623	0.999368	0.399481	-0.916446	0.023299	0.916114	0.400018	0.026840
65278	9.818477	0.223208	0.190462	-0.104485	0.011395	-0.009683	-0.033992	0.010652	0.999365	0.398562	-0.916844	0.023329	0.916511	0.399102	0.026920
65279	9.807426	0.216586	0.151766	-0.112561	0.012201	-0.016589	-0.034065	0.010782	0.999361	0.397568	-0.917273	0.023448	0.916940	0.398113	0.026960
65280	9.783748	0.247929	0.183471	-0.123013	0.007552	-0.015549	-0.034128	0.010880	0.999358	0.396477	-0.917743	0.023531	0.917410	0.397026	0.027007
65281	9.805010	0.258772	0.191457	-0.134998	0.001522	-0.017298	-0.034105	0.011059	0.999357	0.395276	-0.918258	0.023651	0.917929	0.395829	0.026946
65282	9.803456	0.277399	0.174075	-0.145639	-0.004239	-0.024650	-0.034095	0.011287	0.999355	0.393973	-0.918813	0.023819	0.918489	0.394531	0.026880
65283	9.796929	0.221223	0.186721	-0.148086	-0.003703	-0.019713	-0.034033	0.011509	0.999354	0.392650	-0.919376	0.023959	0.919058	0.393212	0.026771
65284	9.796899	0.222744	0.186471	-0.144496	-0.008037	-0.016897	-0.033958	0.011681	0.999355	0.391358	-0.919924	0.024050	0.919612	0.391923	0.026667
65285	9.803089	0.128712	0.127396	-0.135174	-0.012287	-0.012903	-0.033790	0.011873	0.999358	0.390154	-0.920433	0.024127	0.920129	0.390719	0.026470
65286	9.795125	0.088503	0.121460	-0.115804	-0.007474	-0.010820	-0.033696	0.011986	0.999360	0.389128	-0.920867	0.024165	0.920567	0.389693	0.026365
65287	9.778387	0.029187	0.165814	-0.093175	-0.011951	-0.011849	-0.033527	0.012166	0.999364	0.388309	-0.921210	0.024242	0.920919	0.388875	0.026161
65288	9.765756	0.067092	0.235636	-0.067780	-0.012043	-0.011957	-0.033394	0.012308	0.999366	0.387724	-0.921455	0.024304	0.921170	0.388290	0.025999
65289	9.764960	0.090190	0.290040	-0.046996	-0.012969	-0.012507	-0.033218	0.012497	0.999370	0.387330	-0.921618	0.024400	0.921342	0.387897	0.025774
65290	9.805250	0.149210	0.341444	-0.030822	-0.014722	-0.013491	-0.033067	0.012664	0.999373	0.387085	-0.921719	0.024487	0.921451	0.387652	0.025577
65291	9.798311	0.240299	0.325966	-0.018636	-0.010882	-0.011257	-0.032906	0.012832	0.999376	0.386953	-0.921772	0.024577	0.921512	0.387520	0.025366
65292	9.807787	0.265850	0.347748	-0.013818	-0.009042	-0.017210	-0.032821	0.013011	0.999377	0.386862	-0.921806	0.024706	0.921553	0.387432	0.025221
65293	9.817243	0.291398	0.369965	-0.016270	-0.002076	-0.011186	-0.032741	0.013144	0.999377	0.386753	-0.921850	0.024795	0.921602	0.387324	0.025099
65294	9.780987	0.331783	0.343133	-0.016472	0.000128	-0.011624	-0.032719	0.013236	0.999377	0.386640	-0.921896	0.024868	0.921650	0.387212	0.025046
65295	9.804599	0.303376	0.312593	-0.020560	0.005180	-0.012605	-0.032712	0.013354	0.999376	0.386489	-0.921956	0.024970	0.921714	0.387065	0.024998
65296	9.772961	0.292788	0.338917	-0.016667	0.008844	-0.010898	-0.032768	0.013405	0.999373	0.386375	-0.922002	0.025036	0.921759	0.386953	0.025033
65297	9.755524	0.228541	0.311873	-0.013797	0.010500	-0.013715	-0.032815	0.013513	0.999370	0.386287	-0.922036	0.025151	0.921795	0.386869	0.025037
65298	9.692309	0.206491	0.363649	0.005542	0.002227	-0.014051	-0.032822	0.013618	0.999368	0.386377	-0.921995	0.025254	0.921757	0.386961	0.025000
65299	9.670996	0.197923	0.356347	0.023851	-0.001481	-0.002960	-0.032718	0.013672	0.999371	0.386639	-0.921885	0.025270	0.921651	0.387223	0.024876
65300	9.685967	0.149260	0.375212	0.055878	-0.009771	0.004026	-0.032544	0.013658	0.999377	0.387198	-0.921652	0.025205	0.921422	0.387777	0.024706
65301	9.739718	0.147420	0.300335	0.085350	-0.008334	0.020820	-0.032285	0.013519	0.999387	0.388035	-0.921306	0.024998	0.921079	0.388604	0.024499
65302	9.714556	0.192072	0.312796	0.106035	-0.006485	0.024053	-0.032064	0.013308	0.999397	0.389062	-0.920879	0.024745	0.920654	0.389621	0.024350
65303	9.758768	0.191888	0.344257	0.116593	-0.001224	0.027301	-0.031845	0.013081	0.999407	0.390187	-0.920410	0.024480	0.920185	0.390735	0.024207
