// General information: 
//  MT Manager version: 2022.2.0 
//  XDA version: 2022.2.0 build 7381 rev 124627 built on 2023-07-19
// Device information: 
//  DeviceId: 00B4CAF0
//  ProductCode: MTW2-3A7G6
//  Firmware Version: 4.6.0
//  Hardware Version: 2.0.0
// Device settings: 
//  Filter Profile: human(46.1)
//  Option Flags: Orientation Smoother Disabled, Position/Velocity Smoother Disabled, Continuous Zero Rotation Update Disabled, AHS Disabled, ICC Disabled
// Coordinate system: ENU
PacketCounter	Acc_X	Acc_Y	Acc_Z	Gyr_X	Gyr_Y	Gyr_Z	Mat[1][1]	Mat[2][1]	Mat[3][1]	Mat[1][2]	Mat[2][2]	Mat[3][2]	Mat[1][3]	Mat[2][3]	Mat[3][3]
49640	5.198053	-0.903460	8.831817	-0.032212	-0.003284	0.020796	-0.687715	-0.520667	0.505919	0.555157	-0.826226	-0.095666	0.467813	0.215074	0.857260
49641	5.133665	-0.959411	8.849253	-0.035034	-0.002180	0.024883	-0.687566	-0.520829	0.505955	0.555130	-0.826195	-0.096092	0.468064	0.214801	0.857191
49642	5.181444	-1.083064	8.810216	-0.043459	-0.003333	0.028878	-0.687350	-0.521098	0.505971	0.555166	-0.826108	-0.096625	0.468338	0.214482	0.857121
49643	5.117851	-1.120266	8.752634	-0.037333	-0.007876	0.023802	-0.687181	-0.521239	0.506056	0.555120	-0.826087	-0.097066	0.468641	0.214220	0.857021
49644	5.073070	-1.114021	8.817837	-0.029824	-0.014858	0.023057	-0.686968	-0.521405	0.506175	0.555150	-0.826023	-0.097441	0.468918	0.214064	0.856909
49645	5.104075	-1.139116	8.795324	-0.031764	-0.020210	0.019870	-0.686762	-0.521487	0.506369	0.555103	-0.826010	-0.097814	0.469275	0.213912	0.856751
49646	5.139433	-1.092939	8.791096	-0.019059	-0.027138	0.021079	-0.686608	-0.521481	0.506583	0.555018	-0.826037	-0.098073	0.469599	0.213825	0.856595
49647	5.210780	-1.104951	8.811541	-0.017625	-0.025800	0.012658	-0.686416	-0.521492	0.506832	0.554988	-0.826031	-0.098288	0.469916	0.213819	0.856423
49648	5.305531	-1.100314	8.764791	-0.017476	-0.020211	0.013380	-0.686224	-0.521543	0.507040	0.554984	-0.826006	-0.098523	0.470202	0.213790	0.856273
49649	5.217096	-1.042339	8.746875	-0.009570	-0.012278	0.014553	-0.686085	-0.521599	0.507171	0.555005	-0.825974	-0.098678	0.470381	0.213781	0.856177
49650	5.208571	-0.937323	8.822086	-0.016281	-0.009154	0.016057	-0.685950	-0.521670	0.507280	0.554989	-0.825955	-0.098922	0.470595	0.213679	0.856085
49651	5.233565	-1.055768	8.775312	-0.026756	-0.006668	0.020178	-0.685806	-0.521784	0.507358	0.554967	-0.825930	-0.099253	0.470831	0.213499	0.856000
49652	5.287628	-1.060171	8.767058	-0.025120	0.000199	0.025713	-0.685772	-0.521826	0.507361	0.554834	-0.825979	-0.099589	0.471038	0.213206	0.855959
49653	5.181838	-1.150217	8.735225	-0.019335	0.003586	0.018256	-0.685686	-0.521945	0.507353	0.554834	-0.825948	-0.099847	0.471162	0.213033	0.855934
49654	5.188998	-1.011106	8.772669	-0.012422	0.007915	0.017717	-0.685701	-0.521987	0.507290	0.554759	-0.825975	-0.100038	0.471228	0.212828	0.855949
49655	5.136908	-0.965144	8.793089	-0.012346	0.003383	0.022675	-0.685591	-0.522143	0.507279	0.554823	-0.825906	-0.100259	0.471314	0.212713	0.855930
49656	5.136627	-0.968441	8.792891	-0.034139	-0.002369	0.026129	-0.685506	-0.522222	0.507313	0.554693	-0.825940	-0.100685	0.471590	0.212383	0.855860
49657	5.170373	-1.059432	8.729754	-0.035909	-0.008520	0.028378	-0.685307	-0.522400	0.507398	0.554684	-0.825891	-0.101136	0.471889	0.212136	0.855756
49658	5.178174	-1.078108	8.781104	-0.031660	-0.010216	0.028856	-0.685140	-0.522537	0.507483	0.554649	-0.825865	-0.101546	0.472174	0.211901	0.855657
49659	5.237312	-1.145022	8.812104	-0.036271	-0.008875	0.030481	-0.684928	-0.522731	0.507569	0.554652	-0.825806	-0.102011	0.472478	0.211654	0.855551
49660	5.195261	-1.207998	8.755559	-0.029533	-0.003743	0.024503	-0.684938	-0.522682	0.507606	0.554406	-0.825926	-0.102369	0.472751	0.211304	0.855487
49661	5.215941	-1.125902	8.809860	-0.016679	-0.005088	0.026424	-0.684767	-0.522851	0.507663	0.554474	-0.825846	-0.102645	0.472920	0.211198	0.855420
49662	5.219741	-1.194093	8.768222	-0.022669	-0.001284	0.023725	-0.684652	-0.522978	0.507687	0.554454	-0.825819	-0.102970	0.473109	0.210990	0.855366
49663	5.184946	-1.133593	8.824316	-0.006639	-0.003380	0.019449	-0.684528	-0.523093	0.507736	0.554522	-0.825755	-0.103126	0.473210	0.210958	0.855318
49664	5.218250	-1.222179	8.761396	-0.020337	-0.000047	0.016540	-0.684466	-0.523133	0.507779	0.554431	-0.825781	-0.103400	0.473406	0.210754	0.855260
49665	5.199215	-1.149797	8.772775	0.003044	-0.002010	0.014579	-0.684375	-0.523210	0.507821	0.554511	-0.825722	-0.103448	0.473444	0.210795	0.855229
49666	5.214888	-1.139927	8.727820	-0.013165	0.000897	0.013414	-0.684385	-0.523175	0.507843	0.554378	-0.825789	-0.103623	0.473584	0.210619	0.855194
49667	5.178610	-1.101685	8.777920	0.001664	0.000451	0.010254	-0.684330	-0.523222	0.507869	0.554421	-0.825755	-0.103661	0.473613	0.210636	0.855174
49668	5.176927	-1.125954	8.771722	-0.005042	0.003576	0.011764	-0.684384	-0.523166	0.507854	0.554300	-0.825825	-0.103750	0.473677	0.210498	0.855173
49669	5.153670	-1.123687	8.764403	-0.005204	-0.002016	0.011031	-0.684313	-0.523215	0.507900	0.554316	-0.825802	-0.103851	0.473761	0.210471	0.855133
49670	5.207564	-1.125662	8.756534	-0.002585	0.002140	0.009776	-0.684313	-0.523205	0.507909	0.554270	-0.825824	-0.103918	0.473814	0.210407	0.855119
49671	5.177624	-1.105194	8.778060	-0.002354	0.003189	0.015461	-0.684242	-0.523301	0.507907	0.554331	-0.825771	-0.104016	0.473847	0.210376	0.855109
49672	5.218921	-1.051629	8.753122	-0.008863	0.001067	0.014134	-0.684221	-0.523315	0.507920	0.554265	-0.825795	-0.104173	0.473953	0.210246	0.855082
49673	5.132304	-1.077757	8.769752	-0.007071	0.000808	0.016599	-0.684132	-0.523415	0.507937	0.554311	-0.825747	-0.104317	0.474028	0.210188	0.855055
49674	5.173739	-1.024725	8.744692	-0.012094	-0.000052	0.020085	-0.684126	-0.523411	0.507950	0.554200	-0.825796	-0.104515	0.474167	0.210004	0.855023
49675	5.176752	-1.112149	8.777696	-0.018122	-0.004511	0.021850	-0.683983	-0.523543	0.508006	0.554229	-0.825743	-0.104781	0.474340	0.209883	0.854957
49676	5.145092	-1.120608	8.711565	-0.015917	-0.002565	0.022455	-0.683921	-0.523572	0.508059	0.554132	-0.825774	-0.105047	0.474541	0.209688	0.854893
49677	5.162151	-1.108709	8.746952	-0.022703	-0.014004	0.019904	-0.683744	-0.523668	0.508198	0.554126	-0.825741	-0.105342	0.474804	0.209579	0.854773
49678	5.205901	-1.165206	8.748296	-0.015557	-0.002226	0.020352	-0.683808	-0.523565	0.508218	0.553901	-0.825867	-0.105533	0.474974	0.209338	0.854738
49679	5.200972	-1.125899	8.782980	-0.011365	-0.005786	0.020582	-0.683666	-0.523684	0.508287	0.553953	-0.825807	-0.105735	0.475118	0.209280	0.854672
49680	5.165825	-1.068643	8.758212	-0.012205	-0.003794	0.019595	-0.683587	-0.523750	0.508325	0.553935	-0.825793	-0.105928	0.475252	0.209168	0.854625
49681	5.195488	-1.092490	8.736370	-0.019381	-0.004742	0.022721	-0.683438	-0.523889	0.508382	0.553964	-0.825738	-0.106209	0.475433	0.209038	0.854557
49682	5.215165	-1.165721	8.805139	-0.018126	-0.004530	0.021849	-0.683398	-0.523880	0.508445	0.553828	-0.825796	-0.106468	0.475649	0.208831	0.854487
49683	5.226669	-1.227903	8.740927	-0.015918	-0.002585	0.022455	-0.683261	-0.524021	0.508484	0.553871	-0.825735	-0.106718	0.475796	0.208718	0.854433
49684	5.238299	-1.173932	8.811738	-0.008799	-0.003505	0.019083	-0.683198	-0.524064	0.508524	0.553841	-0.825733	-0.106887	0.475921	0.208616	0.854388
49685	5.248265	-1.258777	8.741324	-0.010535	-0.001380	0.016865	-0.683098	-0.524162	0.508559	0.553871	-0.825690	-0.107063	0.476030	0.208542	0.854345
49686	5.244297	-1.194919	8.782845	-0.000260	0.007796	0.010877	-0.683154	-0.524118	0.508528	0.553773	-0.825748	-0.107126	0.476063	0.208426	0.854355
49687	5.197472	-1.188934	8.768590	-0.002293	0.005022	0.015709	-0.683091	-0.524219	0.508509	0.553835	-0.825693	-0.107225	0.476082	0.208385	0.854354
49688	5.219877	-1.192977	8.776174	0.002195	0.006362	0.008888	-0.683247	-0.524039	0.508484	0.553619	-0.825840	-0.107209	0.476108	0.208257	0.854371
49689	5.196323	-1.189754	8.769159	0.004233	0.002718	0.008756	-0.683211	-0.524078	0.508492	0.553664	-0.825809	-0.107217	0.476108	0.208282	0.854365
49690	5.234525	-1.182260	8.731979	0.003205	0.009956	0.010612	-0.683344	-0.523957	0.508438	0.553497	-0.825920	-0.107226	0.476111	0.208147	0.854397
49691	5.224123	-1.211287	8.748685	0.009126	0.010683	0.008358	-0.683349	-0.524009	0.508378	0.553562	-0.825881	-0.107190	0.476028	0.208171	0.854437
49692	5.188721	-1.148063	8.805820	0.006916	0.008736	0.007751	-0.683445	-0.523925	0.508336	0.553465	-0.825950	-0.107160	0.476003	0.208108	0.854466
49693	5.231460	-1.181611	8.733903	0.007810	0.015019	0.004282	-0.683493	-0.523952	0.508243	0.553496	-0.825935	-0.107114	0.475899	0.208099	0.854526
49694	5.201981	-1.135954	8.762639	0.014322	0.017128	0.005611	-0.683679	-0.523816	0.508133	0.553361	-0.826040	-0.107002	0.475787	0.208026	0.854606
49695	5.212762	-1.191234	8.780639	0.008647	0.013022	0.005268	-0.683712	-0.523847	0.508057	0.553403	-0.826018	-0.106954	0.475692	0.208034	0.854657
49696	5.208592	-1.237658	8.768811	0.012055	0.013317	0.004758	-0.683918	-0.523649	0.507984	0.553199	-0.826168	-0.106852	0.475633	0.207938	0.854713
49697	5.184385	-1.233040	8.762359	0.019175	0.012393	0.001391	-0.683969	-0.523646	0.507918	0.553264	-0.826145	-0.106695	0.475484	0.208037	0.854772
49698	5.225228	-1.176661	8.738301	0.019479	0.010875	-0.000958	-0.684145	-0.523472	0.507861	0.553151	-0.826247	-0.106488	0.475363	0.208071	0.854832
49699	5.188135	-1.135118	8.789384	0.027305	0.015057	-0.000254	-0.684218	-0.523461	0.507774	0.553244	-0.826215	-0.106253	0.475150	0.208222	0.854913
49700	5.150421	-1.097121	8.759510	0.017993	0.009619	-0.005772	-0.684432	-0.523206	0.507747	0.553028	-0.826383	-0.106074	0.475092	0.208198	0.854951
49701	5.194335	-1.125713	8.768495	0.019002	0.006799	0.000655	-0.684461	-0.523186	0.507729	0.553087	-0.826364	-0.105915	0.474982	0.208324	0.854981
49702	5.198509	-1.166092	8.734132	0.010205	0.011714	0.002044	-0.684653	-0.523005	0.507658	0.552933	-0.826487	-0.105760	0.474885	0.208292	0.855043
49703	5.183029	-1.152596	8.786018	0.012719	0.012139	0.000303	-0.684709	-0.522993	0.507594	0.552959	-0.826483	-0.105652	0.474773	0.208338	0.855094
49704	5.191964	-1.234458	8.716841	0.016489	0.012778	-0.002310	-0.684930	-0.522770	0.507526	0.552782	-0.826627	-0.105450	0.474660	0.208326	0.855160
49705	5.225513	-1.179637	8.796097	0.022715	0.011979	-0.006907	-0.685025	-0.522698	0.507471	0.552807	-0.826640	-0.105220	0.474494	0.208455	0.855220
49706	5.184941	-1.188234	8.753659	0.029530	0.012564	-0.007923	-0.685252	-0.522459	0.507412	0.552680	-0.826766	-0.104896	0.474314	0.208556	0.855295
49707	5.208354	-1.165101	8.768323	0.026903	0.014817	-0.011379	-0.685386	-0.522356	0.507337	0.552694	-0.826793	-0.104608	0.474106	0.208705	0.855375
49708	5.196435	-1.214128	8.779307	0.040952	0.011787	-0.010560	-0.685610	-0.522114	0.507284	0.552634	-0.826889	-0.104160	0.473851	0.208929	0.855461
49709	5.203917	-1.200523	8.839004	0.042152	0.016533	-0.016386	-0.685779	-0.521973	0.507200	0.552686	-0.826911	-0.103716	0.473546	0.209196	0.855565
49710	5.210668	-1.189920	8.817992	0.053573	0.015751	-0.019023	-0.686106	-0.521617	0.507124	0.552579	-0.827060	-0.103094	0.473198	0.209492	0.855685
49711	5.189621	-1.133802	8.824378	0.050357	0.010203	-0.021346	-0.686272	-0.521422	0.507099	0.552634	-0.827090	-0.102555	0.472891	0.209860	0.855765
49712	5.169143	-1.077745	8.830350	0.051025	0.002613	-0.021080	-0.686439	-0.521179	0.507124	0.552687	-0.827131	-0.101942	0.472588	0.210303	0.855823
49713	5.169967	-1.053201	8.756311	0.036556	0.003431	-0.020044	-0.686566	-0.520980	0.507155	0.552686	-0.827183	-0.101527	0.472404	0.210592	0.855854
49714	5.160490	-1.078106	8.773082	0.034041	0.003005	-0.018303	-0.686811	-0.520622	0.507192	0.552478	-0.827368	-0.101143	0.472292	0.210746	0.855878
49715	5.173276	-1.110763	8.716454	0.027755	0.008344	-0.018672	-0.686954	-0.520445	0.507180	0.552444	-0.827431	-0.100810	0.472122	0.210937	0.855924
49716	5.202698	-1.124515	8.776975	0.035572	0.012516	-0.017973	-0.687284	-0.520049	0.507139	0.552179	-0.827658	-0.100405	0.471953	0.211025	0.855996
49717	5.157314	-1.090169	8.769348	0.035824	0.009123	-0.020557	-0.687441	-0.519858	0.507122	0.552170	-0.827713	-0.099993	0.471734	0.211278	0.856054
49718	5.147246	-0.983174	8.765073	0.033001	0.010223	-0.016473	-0.687695	-0.519552	0.507092	0.552000	-0.827872	-0.099617	0.471563	0.211409	0.856116
49719	5.167912	-1.006670	8.767246	0.024564	0.015481	-0.017209	-0.687863	-0.519401	0.507017	0.551961	-0.827934	-0.099319	0.471363	0.211536	0.856195
49720	5.157436	-1.032638	8.784518	0.026826	0.012894	-0.011642	-0.688079	-0.519175	0.506957	0.551849	-0.828048	-0.098995	0.471180	0.211648	0.856268
49721	5.113166	-0.976077	8.782939	0.024312	0.012473	-0.009902	-0.688193	-0.519079	0.506900	0.551859	-0.828072	-0.098735	0.471001	0.211788	0.856331
49722	5.143373	-0.971817	8.768612	0.015771	0.007624	-0.006391	-0.688418	-0.518790	0.506890	0.551599	-0.828265	-0.098571	0.470977	0.211742	0.856356
49723	5.159240	-0.955659	8.805072	0.006445	0.006628	-0.003637	-0.688470	-0.518733	0.506877	0.551567	-0.828294	-0.098497	0.470937	0.211765	0.856373
49724	5.192281	-1.041778	8.743342	0.008123	0.002648	-0.001645	-0.688583	-0.518565	0.506896	0.551430	-0.828399	-0.098390	0.470933	0.211768	0.856374
49725	5.191152	-1.060449	8.818276	0.007760	0.002312	0.000460	-0.688593	-0.518533	0.506916	0.551433	-0.828404	-0.098325	0.470916	0.211824	0.856369
49726	5.220400	-1.081319	8.797403	0.006082	0.006291	-0.001533	-0.688761	-0.518318	0.506907	0.551223	-0.828555	-0.098232	0.470916	0.211760	0.856385
49727	5.222632	-1.033334	8.810102	0.013061	0.006069	0.002898	-0.688775	-0.518314	0.506892	0.551267	-0.828537	-0.098134	0.470844	0.211841	0.856405
49728	5.183925	-1.020581	8.773314	0.007922	0.007897	0.001173	-0.688907	-0.518164	0.506866	0.551118	-0.828645	-0.098064	0.470825	0.211786	0.856429
49729	5.155851	-1.087432	8.748092	0.008923	0.011492	0.002883	-0.688946	-0.518171	0.506805	0.551143	-0.828636	-0.098001	0.470738	0.211805	0.856472
49730	5.165949	-1.030035	8.819513	0.008977	0.013353	0.003121	-0.689124	-0.518005	0.506734	0.550950	-0.828770	-0.097949	0.470704	0.211686	0.856520
49731	5.201064	-1.069311	8.770511	0.006409	0.011075	0.004624	-0.689152	-0.518025	0.506675	0.550975	-0.828757	-0.097916	0.470634	0.211686	0.856559
49732	5.182597	-0.971485	8.788220	0.004788	0.010532	0.007598	-0.689263	-0.517930	0.506622	0.550870	-0.828833	-0.097871	0.470595	0.211624	0.856595
49733	5.149370	-0.997503	8.797541	-0.002497	0.005897	0.010238	-0.689235	-0.517986	0.506602	0.550891	-0.828810	-0.097943	0.470610	0.211577	0.856599
49734	5.147283	-1.022070	8.791706	-0.005321	0.007008	0.014320	-0.689366	-0.517838	0.506574	0.550641	-0.828962	-0.098060	0.470710	0.211341	0.856602
49735	5.104764	-0.945986	8.795487	-0.006632	0.004938	0.014952	-0.689309	-0.517931	0.506558	0.550676	-0.828924	-0.098192	0.470754	0.211265	0.856596
49736	5.186579	-0.994327	8.760687	-0.017636	0.001542	0.020439	-0.689376	-0.517825	0.506574	0.550426	-0.829062	-0.098423	0.470947	0.210981	0.856561
49737	5.152308	-1.046078	8.763385	-0.015432	0.003480	0.021041	-0.689278	-0.517966	0.506564	0.550461	-0.829010	-0.098660	0.471049	0.210839	0.856539
49738	5.171973	-1.098987	8.758553	-0.013647	0.003221	0.023510	-0.689307	-0.517931	0.506560	0.550288	-0.829097	-0.098897	0.471209	0.210584	0.856514
49739	5.166343	-1.059590	8.793237	-0.014595	0.001486	0.022037	-0.689195	-0.518075	0.506566	0.550334	-0.829039	-0.099132	0.471321	0.210459	0.856483
49740	5.199242	-1.148949	8.731190	-0.013648	0.003215	0.023510	-0.689165	-0.518119	0.506562	0.550274	-0.829054	-0.099335	0.471435	0.210290	0.856462
49741	5.165348	-1.064183	8.793267	-0.008984	0.003707	0.022135	-0.689062	-0.518268	0.506549	0.550347	-0.828984	-0.099523	0.471500	0.210200	0.856448
49742	5.172571	-1.061019	8.771040	-0.015268	0.009052	0.021755	-0.689066	-0.518321	0.506489	0.550262	-0.829011	-0.099761	0.471594	0.209959	0.856456
49743	5.205403	-1.146330	8.790060	-0.013960	0.004731	0.025851	-0.688947	-0.518504	0.506463	0.550336	-0.828932	-0.100011	0.471680	0.209823	0.856442
49744	5.239621	-1.207826	8.815266	-0.008819	0.009281	0.022851	-0.688950	-0.518559	0.506403	0.550288	-0.828943	-0.100187	0.471732	0.209644	0.856457
49745	5.235681	-1.256259	8.803392	0.001551	0.009421	0.013553	-0.688921	-0.518650	0.506350	0.550351	-0.828894	-0.100242	0.471700	0.209611	0.856482
49746	5.211478	-1.252936	8.796660	0.010467	0.014597	0.007945	-0.689026	-0.518600	0.506258	0.550304	-0.828934	-0.100169	0.471602	0.209577	0.856545
49747	5.206123	-1.190819	8.757587	0.014023	0.014165	-0.000344	-0.689096	-0.518585	0.506178	0.550330	-0.828932	-0.100046	0.471469	0.209623	0.856607
49748	5.168680	-1.149362	8.808265	0.022095	0.014941	-0.002220	-0.689220	-0.518509	0.506087	0.550322	-0.828961	-0.099845	0.471297	0.209696	0.856683
49749	5.146000	-1.120428	8.807881	0.021617	0.010880	-0.000593	-0.689276	-0.518485	0.506035	0.550382	-0.828944	-0.099656	0.471145	0.209822	0.856736
49750	5.182464	-1.135031	8.765242	0.011769	0.016747	-0.005916	-0.689465	-0.518330	0.505937	0.550244	-0.829053	-0.099517	0.471031	0.209775	0.856811
49751	5.174693	-1.115179	8.794704	0.018941	0.011267	-0.004297	-0.689543	-0.518276	0.505885	0.550265	-0.829060	-0.099332	0.470891	0.209877	0.856863
49752	5.172314	-1.136970	8.789347	0.015900	0.011318	-0.005899	-0.689682	-0.518146	0.505830	0.550181	-0.829136	-0.099172	0.470787	0.209901	0.856914
49753	5.186105	-1.147774	8.739154	0.023916	0.010231	-0.008011	-0.689776	-0.518059	0.505791	0.550200	-0.829152	-0.098925	0.470627	0.210050	0.856965
49754	5.142450	-1.087009	8.818163	0.025540	0.010771	-0.010984	-0.689927	-0.517905	0.505743	0.550147	-0.829219	-0.098658	0.470467	0.210166	0.857025
49755	5.180655	-1.077032	8.781639	0.023079	0.012215	-0.009009	-0.690036	-0.517814	0.505687	0.550156	-0.829243	-0.098414	0.470297	0.210298	0.857085
49756	5.179598	-1.074556	8.782566	0.021351	0.014330	-0.011243	-0.690197	-0.517677	0.505606	0.550091	-0.829312	-0.098189	0.470136	0.210359	0.857159
49757	5.201541	-1.075394	8.790971	0.024860	0.011952	-0.006539	-0.690292	-0.517606	0.505551	0.550124	-0.829319	-0.097942	0.469958	0.210507	0.857220
49758	5.157079	-1.150907	8.810971	0.023499	0.014401	-0.010878	-0.690449	-0.517474	0.505470	0.550081	-0.829378	-0.097689	0.469777	0.210600	0.857296
49759	5.188405	-1.122440	8.803183	0.029055	0.014757	-0.011013	-0.690581	-0.517372	0.505395	0.550103	-0.829399	-0.097383	0.469557	0.210768	0.857375
49760	5.183204	-1.058282	8.764105	0.026014	0.014805	-0.012616	-0.690772	-0.517195	0.505315	0.550024	-0.829485	-0.097097	0.469369	0.210864	0.857455
49761	5.173955	-1.060393	8.787612	0.032460	0.015031	-0.011514	-0.690908	-0.517089	0.505238	0.550059	-0.829502	-0.096759	0.469129	0.211059	0.857539
49762	5.186572	-0.957561	8.790522	0.025590	0.012604	-0.010748	-0.691030	-0.516990	0.505173	0.550073	-0.829525	-0.096480	0.468933	0.211211	0.857608
49763	5.159524	-0.998963	8.771876	0.023393	0.016976	-0.002861	-0.691127	-0.516960	0.505070	0.550125	-0.829516	-0.096264	0.468728	0.211321	0.857693
49764	5.158074	-0.996940	8.772959	0.018205	0.016947	-0.004832	-0.691274	-0.516873	0.504958	0.550074	-0.829568	-0.096107	0.468572	0.211328	0.857777
49765	5.127064	-0.973746	8.794903	0.016679	0.013757	0.003350	-0.691322	-0.516888	0.504877	0.550137	-0.829541	-0.095980	0.468427	0.211398	0.857838
49766	5.114842	-1.024891	8.806130	0.015320	0.016202	-0.000992	-0.691405	-0.516882	0.504770	0.550171	-0.829533	-0.095845	0.468264	0.211442	0.857916
49767	5.137693	-1.007744	8.739833	0.014952	0.015868	0.001112	-0.691475	-0.516882	0.504673	0.550210	-0.829522	-0.095722	0.468114	0.211487	0.857987
49768	5.154092	-0.967982	8.782783	0.013271	0.013472	0.003850	-0.691576	-0.516832	0.504586	0.550163	-0.829561	-0.095651	0.468020	0.211454	0.858047
49769	5.175784	-0.970399	8.791168	0.011176	0.015254	0.003716	-0.691629	-0.516853	0.504492	0.550203	-0.829544	-0.095573	0.467895	0.211472	0.858111
49770	5.140706	-1.019258	8.794694	0.003517	0.010312	0.008455	-0.691648	-0.516892	0.504425	0.550219	-0.829531	-0.095594	0.467848	0.211426	0.858147
49771	5.139783	-1.019154	8.795245	0.006348	0.009191	0.004381	-0.691670	-0.516906	0.504382	0.550240	-0.829520	-0.095561	0.467792	0.211435	0.858176
49772	5.153644	-1.027308	8.825845	0.007715	0.013112	0.003981	-0.691728	-0.516912	0.504296	0.550239	-0.829524	-0.095531	0.467707	0.211402	0.858231
49773	5.149727	-1.074208	8.814436	0.005143	0.010845	0.005483	-0.691751	-0.516938	0.504238	0.550263	-0.829511	-0.095513	0.467645	0.211392	0.858267
49774	5.177152	-1.119140	8.788007	0.007552	0.007534	0.003279	-0.691792	-0.516920	0.504200	0.550249	-0.829524	-0.095477	0.467600	0.211385	0.858293
49775	5.179002	-1.071185	8.800752	0.013270	0.013464	0.003851	-0.691836	-0.516938	0.504121	0.550299	-0.829502	-0.095382	0.467476	0.211429	0.858350
49776	5.161573	-1.085058	8.765572	0.015212	0.012469	-0.001459	-0.691935	-0.516879	0.504046	0.550273	-0.829533	-0.095259	0.467360	0.211450	0.858407
49777	5.122596	-1.067152	8.809767	0.017415	0.014402	-0.000856	-0.692009	-0.516860	0.503964	0.550310	-0.829526	-0.095104	0.467207	0.211523	0.858473
49778	5.152517	-1.063551	8.795787	0.017729	0.012872	-0.003194	-0.692101	-0.516814	0.503885	0.550317	-0.829540	-0.094950	0.467064	0.211581	0.858536
49779	5.139351	-1.005828	8.778753	0.021505	0.013478	-0.005797	-0.692198	-0.516752	0.503815	0.550338	-0.829550	-0.094735	0.466894	0.211693	0.858601
49780	5.108811	-0.982658	8.800297	0.010013	0.006078	0.001310	-0.692241	-0.516716	0.503793	0.550328	-0.829565	-0.094662	0.466842	0.211722	0.858622
49781	5.154129	-0.988271	8.815899	0.012585	0.008341	-0.000191	-0.692283	-0.516690	0.503761	0.550347	-0.829565	-0.094553	0.466757	0.211786	0.858653
49782	5.134364	-1.049800	8.768368	0.007549	0.007531	0.003278	-0.692321	-0.516675	0.503724	0.550338	-0.829575	-0.094517	0.466712	0.211783	0.858678
49783	5.146137	-0.972739	8.764440	0.015883	0.004901	-0.001154	-0.692353	-0.516634	0.503723	0.550366	-0.829573	-0.094374	0.466632	0.211892	0.858694
49784	5.105040	-1.002788	8.796048	0.002829	0.005193	0.004409	-0.692379	-0.516617	0.503705	0.550333	-0.829593	-0.094385	0.466631	0.211855	0.858704
49785	5.119635	-1.015670	8.745385	0.009110	-0.000157	0.004821	-0.692354	-0.516614	0.503742	0.550371	-0.829574	-0.094331	0.466624	0.211935	0.858688
49786	5.108972	-0.931561	8.814283	-0.000222	-0.001115	0.007550	-0.692322	-0.516626	0.503774	0.550366	-0.829572	-0.094383	0.466677	0.211917	0.858664
49787	5.106284	-0.979351	8.802131	-0.001905	-0.003505	0.010289	-0.692251	-0.516662	0.503834	0.550390	-0.829548	-0.094451	0.466754	0.211922	0.858621
49788	5.144247	-0.996596	8.758685	-0.003110	-0.001849	0.011389	-0.692179	-0.516724	0.503870	0.550432	-0.829511	-0.094531	0.466812	0.211914	0.858591
49789	5.167267	-1.000667	8.766137	-0.000962	-0.001775	0.011759	-0.692108	-0.516776	0.503914	0.550470	-0.829478	-0.094597	0.466871	0.211918	0.858558
49790	5.149644	-1.035718	8.804818	-0.004221	-0.002839	0.017702	-0.692024	-0.516851	0.503952	0.550495	-0.829446	-0.094738	0.466966	0.211862	0.858520
49791	5.157903	-1.031388	8.782219	0.002020	-0.003689	0.013133	-0.691937	-0.516909	0.504011	0.550557	-0.829399	-0.094787	0.467023	0.211900	0.858480
49792	5.113642	-1.001635	8.772889	0.003742	-0.005803	0.015374	-0.691842	-0.516975	0.504075	0.550622	-0.829349	-0.094845	0.467087	0.211937	0.858436
49793	5.157119	-1.056286	8.775680	-0.003961	-0.006228	0.015133	-0.691732	-0.517045	0.504154	0.550670	-0.829305	-0.094955	0.467193	0.211940	0.858377
49794	5.109123	-0.961255	8.806710	0.004260	-0.006264	0.018715	-0.691627	-0.517118	0.504223	0.550742	-0.829249	-0.095020	0.467263	0.211978	0.858330
49795	5.116216	-0.980651	8.777937	-0.004702	-0.006889	0.019341	-0.691491	-0.517221	0.504304	0.550815	-0.829185	-0.095157	0.467378	0.211978	0.858267
49796	5.159695	-1.035783	8.780649	-0.002184	-0.006487	0.017606	-0.691387	-0.517293	0.504373	0.550857	-0.829144	-0.095275	0.467483	0.211966	0.858213
49797	5.155018	-0.995065	8.814615	-0.003406	-0.011197	0.023454	-0.691208	-0.517421	0.504487	0.550965	-0.829055	-0.095422	0.467621	0.211998	0.858130
49798	5.159470	-1.062303	8.773571	-0.005499	-0.009414	0.023317	-0.691065	-0.517526	0.504575	0.551018	-0.828999	-0.095605	0.467770	0.211961	0.858058
49799	5.117162	-1.009835	8.769897	-0.001835	-0.012528	0.020249	-0.690897	-0.517625	0.504704	0.551110	-0.828924	-0.095722	0.467909	0.212013	0.857969
49800	5.135947	-0.972903	8.811113	-0.011594	-0.015670	0.024853	-0.690711	-0.517737	0.504844	0.551155	-0.828866	-0.095963	0.468132	0.211964	0.857860
49801	5.214933	-1.093247	8.757821	-0.020186	-0.015963	0.023377	-0.690510	-0.517855	0.504998	0.551183	-0.828814	-0.096254	0.468395	0.211882	0.857737
49802	5.176752	-1.102897	8.794194	-0.011168	-0.013489	0.022980	-0.690347	-0.517949	0.505124	0.551212	-0.828769	-0.096477	0.468601	0.211828	0.857638
49803	5.202126	-1.084503	8.806984	-0.005244	-0.012814	0.020745	-0.690175	-0.518051	0.505254	0.551291	-0.828699	-0.096626	0.468760	0.211853	0.857544
49804	5.222616	-1.136598	8.801991	-0.006365	-0.002930	0.017334	-0.690090	-0.518126	0.505292	0.551309	-0.828669	-0.096781	0.468865	0.211785	0.857504
49805	5.224397	-1.114102	8.807703	0.002054	-0.008222	0.018108	-0.689954	-0.518217	0.505386	0.551404	-0.828597	-0.096854	0.468952	0.211847	0.857441
49806	5.178863	-1.107733	8.792343	0.007518	-0.005226	0.012765	-0.689890	-0.518240	0.505449	0.551443	-0.828569	-0.096870	0.469001	0.211897	0.857402
49807	5.183594	-1.036908	8.810276	0.006686	-0.003237	0.011761	-0.689813	-0.518289	0.505505	0.551517	-0.828520	-0.096871	0.469028	0.211971	0.857368
49808	5.154050	-1.019989	8.750224	0.002909	-0.003842	0.014365	-0.689738	-0.518340	0.505553	0.551559	-0.828484	-0.096934	0.469088	0.211983	0.857333
49809	5.147467	-1.002144	8.778594	0.002655	-0.000458	0.016936	-0.689645	-0.518437	0.505581	0.551649	-0.828417	-0.096996	0.469119	0.212010	0.857309
49810	5.124542	-0.999626	8.770937	-0.002128	-0.004650	0.017838	-0.689550	-0.518513	0.505633	0.551689	-0.828376	-0.097119	0.469212	0.211984	0.857265
49811	5.111371	-0.968981	8.746724	-0.008734	-0.004132	0.024515	-0.689398	-0.518665	0.505685	0.551778	-0.828294	-0.097318	0.469331	0.211935	0.857212
49812	4.932064	-0.759720	8.756711	0.004069	-0.011948	0.031236	-0.689198	-0.518830	0.505788	0.551931	-0.828175	-0.097455	0.469444	0.211995	0.857135
49813	5.050579	-0.747268	8.960734	-0.038521	-0.034791	0.041219	-0.688810	-0.519055	0.506086	0.551996	-0.828069	-0.097993	0.469938	0.211859	0.856898
49814	5.080610	-1.057683	8.658385	-0.058168	-0.044804	0.049968	-0.688349	-0.519311	0.506451	0.551991	-0.827981	-0.098759	0.470618	0.211575	0.856595
49815	5.036579	-0.846023	8.901502	-0.027595	-0.050630	0.049962	-0.687837	-0.519575	0.506875	0.552166	-0.827806	-0.099248	0.471161	0.211613	0.856287
49816	5.198615	-1.042079	8.804975	-0.077947	-0.058572	0.058258	-0.687264	-0.519872	0.507347	0.552125	-0.827715	-0.100227	0.472044	0.211237	0.855893
49817	5.253828	-1.212480	8.728972	-0.054807	-0.051002	0.054204	-0.686726	-0.520170	0.507769	0.552200	-0.827575	-0.100971	0.472739	0.211051	0.855556
49818	5.203917	-1.213181	8.814145	-0.038664	-0.049541	0.050449	-0.686242	-0.520417	0.508172	0.552283	-0.827446	-0.101574	0.473346	0.210951	0.855245
49819	5.267801	-1.239025	8.775254	-0.033383	-0.041309	0.047913	-0.685784	-0.520683	0.508517	0.552414	-0.827293	-0.102102	0.473855	0.210892	0.854977
49820	5.290237	-1.298877	8.687044	-0.025227	-0.043148	0.038013	-0.685395	-0.520845	0.508876	0.552480	-0.827196	-0.102527	0.474341	0.210872	0.854712
49821	5.263693	-1.275591	8.787143	-0.000526	-0.021506	0.029291	-0.685134	-0.520999	0.509070	0.552639	-0.827071	-0.102680	0.474533	0.210983	0.854579
49822	5.194365	-1.181428	8.729758	0.006593	-0.022491	0.025938	-0.684910	-0.521102	0.509265	0.552771	-0.826972	-0.102773	0.474702	0.211117	0.854451
49823	5.244376	-1.161721	8.830286	-0.005700	-0.025934	0.019074	-0.684684	-0.521163	0.509507	0.552835	-0.826910	-0.102918	0.474953	0.211207	0.854290
49824	5.190628	-1.189277	8.749295	-0.006915	-0.035105	0.016657	-0.684452	-0.521163	0.509818	0.552839	-0.826888	-0.103079	0.475284	0.211295	0.854084
49825	5.210117	-1.175555	8.783405	0.000267	-0.034232	0.013538	-0.684217	-0.521160	0.510137	0.552894	-0.826843	-0.103145	0.475558	0.211478	0.853886
49826	5.246754	-1.240408	8.725888	-0.009923	-0.028640	0.010329	-0.684051	-0.521121	0.510400	0.552839	-0.826860	-0.103299	0.475861	0.211507	0.853710
49827	5.326216	-1.247004	8.723938	-0.008890	-0.029483	0.003780	-0.683892	-0.521047	0.510688	0.552784	-0.826886	-0.103394	0.476153	0.211590	0.853527
49828	5.254978	-1.194848	8.734942	0.003548	-0.026752	0.002851	-0.683777	-0.520948	0.510942	0.552740	-0.826915	-0.103395	0.476369	0.211719	0.853374
49829	5.292247	-1.141562	8.811590	0.000043	-0.024341	-0.001844	-0.683674	-0.520839	0.511192	0.552689	-0.826950	-0.103385	0.476577	0.211849	0.853226
49830	5.267966	-1.185301	8.790746	-0.002772	-0.023229	0.002239	-0.683578	-0.520744	0.511416	0.552611	-0.826995	-0.103438	0.476804	0.211907	0.853085
49831	5.207921	-1.079955	8.791787	0.011919	-0.027539	-0.001383	-0.683457	-0.520632	0.511693	0.552620	-0.827003	-0.103329	0.476968	0.212151	0.852932
49832	5.180338	-1.076118	8.886315	0.012979	-0.032926	-0.002965	-0.683344	-0.520473	0.512006	0.552582	-0.827042	-0.103220	0.477173	0.212390	0.852758
49833	5.270483	-1.145552	8.740119	-0.002802	-0.034071	-0.001281	-0.683191	-0.520347	0.512337	0.552521	-0.827081	-0.103237	0.477463	0.212547	0.852556
49834	5.253051	-1.113271	8.817963	0.020190	-0.036602	-0.001129	-0.683050	-0.520195	0.512679	0.552530	-0.827095	-0.103077	0.477654	0.212864	0.852370
49835	5.230876	-1.136369	8.721856	0.009537	-0.039617	0.002277	-0.682850	-0.520087	0.513055	0.552552	-0.827089	-0.103006	0.477914	0.213152	0.852153
49836	5.249590	-1.143869	8.749635	0.019029	-0.043931	-0.003309	-0.682686	-0.519901	0.513461	0.552540	-0.827117	-0.102845	0.478162	0.213497	0.851928
49837	5.267672	-1.155392	8.696457	0.016152	-0.044685	0.000541	-0.682472	-0.519767	0.513881	0.552582	-0.827106	-0.102710	0.478419	0.213865	0.851691
49838	5.243891	-1.108134	8.721740	0.023392	-0.041953	-0.002358	-0.682312	-0.519593	0.514269	0.552598	-0.827119	-0.102516	0.478628	0.214236	0.851480
49839	5.252537	-1.035535	8.738052	0.017604	-0.038905	0.000375	-0.682126	-0.519470	0.514640	0.552646	-0.827106	-0.102367	0.478838	0.214586	0.851273
49840	5.260208	-1.076307	8.701662	0.011883	-0.033990	0.003346	-0.681973	-0.519360	0.514955	0.552646	-0.827114	-0.102301	0.479057	0.214821	0.851091
49841	5.264677	-1.051939	8.706150	0.011653	-0.030605	0.005922	-0.681796	-0.519300	0.515249	0.552703	-0.827084	-0.102231	0.479243	0.215078	0.850921
49842	5.251227	-1.061730	8.749808	0.011491	-0.025353	0.008733	-0.681654	-0.519253	0.515484	0.552737	-0.827065	-0.102196	0.479405	0.215265	0.850783
49843	5.259474	-1.079961	8.720025	0.005279	-0.024502	0.013341	-0.681465	-0.519268	0.515719	0.552814	-0.827011	-0.102219	0.479585	0.215438	0.850638
49844	5.238328	-1.076344	8.711631	0.011263	-0.021969	0.011308	-0.681325	-0.519249	0.515923	0.552866	-0.826979	-0.102200	0.479725	0.215605	0.850517
49845	5.243205	-1.048202	8.797301	0.007830	-0.028652	0.016563	-0.681098	-0.519282	0.516190	0.552977	-0.826903	-0.102218	0.479918	0.215821	0.850353
49846	5.202109	-1.105897	8.740873	0.026474	-0.026786	0.010986	-0.680937	-0.519250	0.516435	0.553099	-0.826839	-0.102067	0.480007	0.216139	0.850222
49847	5.279580	-1.045586	8.778887	-0.002887	-0.048933	0.021217	-0.680587	-0.519277	0.516869	0.553190	-0.826762	-0.102200	0.480398	0.216371	0.849942
49848	5.190271	-1.145222	8.694856	-0.000285	-0.040256	0.014964	-0.680338	-0.519249	0.517224	0.553212	-0.826736	-0.102298	0.480726	0.216537	0.849714
49849	5.100002	-1.079472	8.860033	0.030964	-0.051902	0.015299	-0.680006	-0.519220	0.517689	0.553425	-0.826616	-0.102113	0.480949	0.217065	0.849453
49850	5.225537	-1.228287	8.811873	-0.014687	-0.066307	0.006225	-0.679681	-0.519062	0.518274	0.553316	-0.826667	-0.102288	0.481534	0.217246	0.849075
49851	5.118273	-1.185199	8.778461	0.055561	-0.076393	-0.002432	-0.679329	-0.518833	0.518965	0.553528	-0.826585	-0.101803	0.481787	0.218104	0.848712
49852	5.192121	-1.057222	8.957585	0.011557	-0.112228	0.004969	-0.678789	-0.518563	0.519940	0.553535	-0.826587	-0.101749	0.482539	0.218739	0.848121
49853	5.042650	-1.297103	8.762324	0.053047	-0.110304	-0.005801	-0.678291	-0.518230	0.520921	0.553713	-0.826527	-0.101268	0.483035	0.219752	0.847577
49854	5.229721	-1.059231	8.975117	0.028964	-0.164124	0.001589	-0.677519	-0.517815	0.522337	0.553780	-0.826509	-0.101049	0.484041	0.220797	0.846731
49855	5.091496	-1.113433	8.848203	0.079865	-0.173053	-0.010133	-0.676739	-0.517305	0.523851	0.554059	-0.826411	-0.100319	0.484812	0.222354	0.845882
49856	5.298847	-1.066167	8.913149	0.021268	-0.211819	-0.001911	-0.675752	-0.516750	0.525670	0.554065	-0.826427	-0.100149	0.486180	0.223580	0.844773
49857	5.266547	-1.195828	8.749087	0.073653	-0.219588	-0.008940	-0.674735	-0.516140	0.527572	0.554324	-0.826335	-0.099478	0.487296	0.225324	0.843665
49858	5.410282	-1.024804	8.841878	0.034353	-0.259789	0.002259	-0.673486	-0.515503	0.529786	0.554421	-0.826300	-0.099220	0.488911	0.226902	0.842307
49859	5.355731	-1.176392	8.662685	0.030483	-0.256069	-0.000082	-0.672234	-0.514876	0.531981	0.554531	-0.826258	-0.098962	0.490507	0.228474	0.840954
49860	5.458811	-1.131403	8.658829	0.047099	-0.261804	0.004002	-0.670957	-0.514241	0.534203	0.554703	-0.826185	-0.098607	0.492058	0.230163	0.839586
49861	5.422396	-1.107221	8.682635	0.038888	-0.267279	-0.002261	-0.669655	-0.513561	0.536486	0.554840	-0.826133	-0.098266	0.493675	0.231859	0.838168
49862	5.406805	-1.090603	8.632361	0.062566	-0.274082	-0.001682	-0.668340	-0.512842	0.538809	0.555053	-0.826051	-0.097752	0.495215	0.233735	0.836737
49863	5.481038	-1.089077	8.711492	0.020555	-0.292093	-0.000095	-0.666893	-0.512112	0.541290	0.555114	-0.826031	-0.097578	0.497093	0.235404	0.835155
49864	5.479746	-1.131592	8.677090	0.006016	-0.300526	-0.002087	-0.665439	-0.511317	0.543825	0.555044	-0.826083	-0.097536	0.499116	0.236942	0.833512
49865	5.435385	-1.054638	8.681061	0.005010	-0.316323	-0.001838	-0.663869	-0.510506	0.546499	0.555017	-0.826107	-0.097482	0.501232	0.238601	0.831767
49866	5.477686	-1.087290	8.686798	-0.019567	-0.329059	-0.004621	-0.662274	-0.509612	0.549263	0.554801	-0.826234	-0.097638	0.503577	0.240068	0.829926
49867	5.522607	-1.055733	8.628328	-0.038452	-0.337737	-0.007179	-0.660610	-0.508695	0.552108	0.554520	-0.826390	-0.097915	0.506065	0.241471	0.828003
49868	5.554803	-1.035074	8.614401	-0.040723	-0.361145	-0.009074	-0.658860	-0.507677	0.555128	0.554164	-0.826592	-0.098220	0.508729	0.242919	0.825945
49869	5.529565	-1.061243	8.701329	-0.067001	-0.384935	-0.004450	-0.656923	-0.506658	0.558346	0.553754	-0.826805	-0.098745	0.511673	0.244318	0.823711
49870	5.583368	-1.118439	8.672880	-0.086202	-0.407980	-0.003113	-0.654877	-0.505565	0.561729	0.553203	-0.827088	-0.099456	0.514881	0.245619	0.821322
49871	5.504553	-1.085262	8.727444	-0.096996	-0.449278	-0.007118	-0.652597	-0.504355	0.565459	0.552615	-0.827390	-0.100208	0.518395	0.247086	0.818667
49872	5.481378	-1.144201	8.722893	-0.107979	-0.487327	-0.008552	-0.650141	-0.503008	0.569473	0.551907	-0.827759	-0.101061	0.522221	0.248593	0.815774
49873	5.564469	-1.123725	8.762645	-0.120154	-0.536604	-0.014721	-0.647410	-0.501502	0.573895	0.551142	-0.828160	-0.101951	0.526406	0.250294	0.812558
49874	5.524677	-1.139194	8.781931	-0.141519	-0.590662	-0.020392	-0.644432	-0.499781	0.578728	0.550170	-0.828676	-0.103001	0.531056	0.252022	0.808990
49875	5.545385	-1.199069	8.751561	-0.139249	-0.651718	-0.026096	-0.641099	-0.497871	0.584052	0.549220	-0.829185	-0.103968	0.536050	0.254119	0.805030
49876	5.533121	-1.181195	8.828473	-0.124732	-0.720891	-0.029102	-0.637410	-0.495718	0.589892	0.548266	-0.829709	-0.104819	0.541400	0.256605	0.800650
49877	5.602337	-1.167108	8.790840	-0.134565	-0.790575	-0.040545	-0.633329	-0.493296	0.596283	0.547236	-0.830284	-0.105647	0.547200	0.259398	0.795792
49878	5.670699	-1.223731	8.730700	-0.138592	-0.861443	-0.047044	-0.628880	-0.490588	0.603186	0.546079	-0.830938	-0.106485	0.553450	0.262421	0.790461
49879	5.720878	-1.228285	8.569787	-0.147700	-0.925286	-0.054322	-0.624024	-0.487648	0.610568	0.544877	-0.831621	-0.107312	0.560092	0.265719	0.784659
49880	5.778195	-1.299575	8.466685	-0.159246	-1.000978	-0.067596	-0.618787	-0.484337	0.618483	0.543457	-0.832439	-0.108162	0.567236	0.269190	0.778319
49881	5.919516	-1.278770	8.269080	-0.145626	-1.063522	-0.085487	-0.613178	-0.480695	0.626854	0.542060	-0.833273	-0.108752	0.574617	0.273108	0.771510
49882	5.851420	-1.449678	8.413092	-0.145911	-1.112210	-0.087743	-0.607256	-0.476832	0.635508	0.540576	-0.834160	-0.109339	0.582252	0.277144	0.764313
49883	5.793330	-1.338095	8.340733	-0.154161	-1.220053	-0.105480	-0.600669	-0.472497	0.644936	0.538995	-0.835118	-0.109828	0.590491	0.281647	0.756303
49884	6.122809	-1.328252	8.104763	-0.179241	-1.281434	-0.125402	-0.593760	-0.467741	0.654727	0.537073	-0.836282	-0.110383	0.599167	0.286096	0.747762
49885	6.230679	-1.413232	8.129281	-0.195349	-1.347743	-0.155981	-0.586457	-0.462501	0.664952	0.534934	-0.837598	-0.110797	0.608206	0.290728	0.738622
49886	6.275319	-1.384635	8.037696	-0.192599	-1.415270	-0.180924	-0.578787	-0.456766	0.675552	0.532589	-0.839061	-0.111019	0.617539	0.295535	0.728907
49887	6.455134	-1.259370	8.007699	-0.192840	-1.487074	-0.202193	-0.570603	-0.450588	0.686573	0.530187	-0.840580	-0.111027	0.627147	0.300660	0.718533
49888	6.659583	-1.165091	7.989347	-0.202835	-1.557909	-0.229269	-0.562007	-0.443863	0.697949	0.527490	-0.842291	-0.110908	0.637104	0.305830	0.707507
49889	6.982162	-1.270859	8.100424	-0.207889	-1.620330	-0.240788	-0.552864	-0.436786	0.709619	0.524774	-0.844018	-0.110661	0.647267	0.311209	0.695841
49890	6.886221	-1.056470	8.244056	-0.189584	-1.659393	-0.229951	-0.543278	-0.429564	0.721335	0.522158	-0.845680	-0.110346	0.657419	0.316702	0.683740
49891	6.942189	-1.172583	8.014027	-0.263683	-1.733250	-0.229429	-0.532979	-0.422039	0.733360	0.519137	-0.847524	-0.110450	0.668154	0.321847	0.670809
49892	7.284103	-1.180607	7.717898	-0.185738	-1.812728	-0.228234	-0.521983	-0.414154	0.745661	0.516572	-0.849146	-0.110018	0.678740	0.327760	0.657180
49893	7.633610	-1.119874	7.953135	-0.100135	-1.870163	-0.213966	-0.510290	-0.406093	0.758085	0.514744	-0.850381	-0.109045	0.688943	0.334575	0.642975
49894	8.038622	-1.148489	8.327898	-0.027962	-1.899217	-0.203418	-0.498187	-0.397878	0.770392	0.513407	-0.851361	-0.107691	0.698729	0.341874	0.628410
49895	7.647643	-1.524549	7.877242	-0.131663	-1.953243	-0.188435	-0.485396	-0.389480	0.782749	0.511516	-0.852582	-0.107028	0.709043	0.348437	0.613065
49896	8.241917	-1.425277	7.453360	0.111971	-2.021391	-0.198299	-0.472013	-0.380601	0.795202	0.511247	-0.853019	-0.104809	0.718213	0.357073	0.597218
49897	8.478504	-0.815166	7.732754	0.068863	-2.083484	-0.179431	-0.457860	-0.371492	0.807687	0.510873	-0.853470	-0.102947	0.727580	0.365490	0.580555
49898	8.781227	-1.671229	7.522201	0.018967	-2.085453	-0.183900	-0.443563	-0.362157	0.819813	0.510049	-0.854152	-0.101363	0.736954	0.373184	0.563588
49899	8.479622	-2.121675	7.058565	0.165085	-2.127385	-0.205921	-0.428835	-0.352312	0.831851	0.510338	-0.854288	-0.098726	0.745423	0.382188	0.546147
49900	8.811600	-1.754781	6.993330	0.425502	-2.160736	-0.236427	-0.413899	-0.341859	0.843694	0.512389	-0.853540	-0.094481	0.752426	0.393194	0.528444
49901	8.608335	-1.329239	6.951840	0.430656	-2.179293	-0.228657	-0.398593	-0.331167	0.855250	0.514679	-0.852617	-0.090279	0.759098	0.404194	0.510291
49902	8.981619	-1.333865	6.514507	0.419847	-2.188138	-0.238065	-0.383178	-0.320126	0.866426	0.516805	-0.851758	-0.086148	0.765563	0.414763	0.491818
49903	8.753583	-0.997026	6.435712	0.510773	-2.180781	-0.222283	-0.367564	-0.309013	0.877159	0.519860	-0.850334	-0.081721	0.771131	0.425962	0.473195
49904	8.529748	-0.668818	6.390377	0.419985	-2.188751	-0.191168	-0.351659	-0.297906	0.887462	0.522272	-0.849194	-0.078109	0.776897	0.436028	0.454214
49905	8.513489	-0.792602	5.868872	0.295527	-2.193943	-0.162479	-0.335387	-0.286809	0.897361	0.523984	-0.848391	-0.075319	0.782915	0.444942	0.434823
