// General information: 
//  MT Manager version: 2022.2.0 
//  XDA version: 2022.2.0 build 7381 rev 124627 built on 2023-07-19
// Device information: 
//  DeviceId: 00B4CBA7
//  ProductCode: MTW2-3A7G6
//  Firmware Version: 4.6.0
//  Hardware Version: 2.0.0
// Device settings: 
//  Filter Profile: human(46.1)
//  Option Flags: Orientation Smoother Disabled, Position/Velocity Smoother Disabled, Continuous Zero Rotation Update Disabled, AHS Disabled, ICC Disabled
// Coordinate system: ENU
PacketCounter	Acc_X	Acc_Y	Acc_Z	Gyr_X	Gyr_Y	Gyr_Z	Mat[1][1]	Mat[2][1]	Mat[3][1]	Mat[1][2]	Mat[2][2]	Mat[3][2]	Mat[1][3]	Mat[2][3]	Mat[3][3]
18714	10.229148	0.209239	0.770157	0.713669	-0.708656	0.023881	0.247528	0.090914	0.964606	0.321898	-0.946751	0.006629	0.913844	0.308864	-0.263612
18715	10.655458	-0.197161	1.518062	0.742838	-0.806661	0.070403	0.255078	0.092803	0.962457	0.328495	-0.944497	0.004011	0.909410	0.315139	-0.271406
18716	11.036266	-0.082973	1.495206	0.681689	-0.915212	0.121390	0.263741	0.094598	0.959944	0.334354	-0.942447	0.001012	0.904792	0.320695	-0.280191
18717	11.000349	-0.150336	1.708202	0.456425	-0.970350	0.102793	0.272813	0.096796	0.957185	0.338202	-0.941073	-0.001227	0.900662	0.324057	-0.289474
18718	11.077004	-1.255617	1.555720	0.051719	-1.084104	0.118023	0.282905	0.099223	0.954002	0.338338	-0.941021	-0.002460	0.897492	0.323471	-0.299791
18719	11.192604	-3.281868	0.648769	-0.197726	-1.215536	0.110177	0.294136	0.102136	0.950290	0.336253	-0.941767	-0.002857	0.894661	0.320378	-0.311352
18720	11.184763	-3.881519	0.416557	-0.071438	-1.318492	0.081100	0.306128	0.105581	0.946118	0.335341	-0.942091	-0.003372	0.890973	0.318304	-0.323806
18721	11.730946	-3.353662	0.421191	-0.010718	-1.415282	0.057811	0.318868	0.109567	0.941445	0.335070	-0.942185	-0.003835	0.886595	0.316673	-0.337146
18722	11.835632	-3.139801	-0.098447	-0.099622	-1.525860	0.014305	0.332382	0.114170	0.936209	0.334031	-0.942555	-0.003647	0.882012	0.313935	-0.351424
18723	11.841945	-3.660011	-1.412530	-0.087106	-1.617342	-0.010222	0.346539	0.119359	0.930411	0.333306	-0.942813	-0.003192	0.876823	0.311217	-0.366505
18724	11.793914	-4.421545	-2.720821	0.030477	-1.660430	-0.031805	0.360890	0.124752	0.924227	0.333633	-0.942698	-0.003031	0.870889	0.309446	-0.381832
18725	10.906609	-4.091690	-3.789554	0.322546	-1.667466	-0.057417	0.375128	0.130498	0.917742	0.336650	-0.941623	-0.003712	0.863682	0.310350	-0.397161
18726	9.810305	-2.659216	-5.431777	0.566864	-1.651229	-0.096521	0.388969	0.136435	0.911092	0.341760	-0.939773	-0.005176	0.855513	0.313388	-0.412171
18727	9.143707	-1.005572	-7.338247	0.580131	-1.538737	-0.091786	0.401724	0.142181	0.904656	0.347072	-0.937814	-0.006729	0.847443	0.316684	-0.426089
18728	7.580217	0.024061	-8.629283	0.654520	-1.413729	-0.051185	0.413433	0.147069	0.898579	0.352699	-0.935692	-0.009132	0.839450	0.320703	-0.438717
18729	6.339020	0.972064	-9.392225	0.672010	-1.312684	0.031220	0.424480	0.151052	0.892749	0.358193	-0.933566	-0.012354	0.831574	0.325020	-0.450386
18730	5.353775	2.049932	-9.136120	0.560423	-1.172661	0.103719	0.434529	0.153844	0.887421	0.362303	-0.931926	-0.015844	0.824573	0.328400	-0.460687
18731	4.455697	2.612320	-9.650869	0.342457	-1.092582	0.181812	0.444134	0.155782	0.882313	0.364329	-0.931076	-0.019002	0.818541	0.329892	-0.470279
18732	4.054407	2.590544	-10.069012	0.098202	-1.019278	0.286186	0.453462	0.156437	0.877439	0.363792	-0.931221	-0.021982	0.813651	0.329174	-0.479184
18733	3.982698	2.202283	-10.293748	0.070072	-0.934956	0.429788	0.462576	0.155544	0.872828	0.362404	-0.931657	-0.026037	0.809127	0.328361	-0.487332
18734	3.925415	2.035942	-9.604065	0.148032	-0.761854	0.620541	0.470940	0.152259	0.868926	0.360680	-0.932135	-0.032146	0.805062	0.328543	-0.493897
18735	3.524356	2.896067	-8.980369	0.381345	-0.539218	0.848786	0.478296	0.146162	0.865950	0.359727	-0.932141	-0.041356	0.801143	0.331286	-0.498418
18736	3.572957	4.813670	-8.076185	0.441951	-0.253755	1.061046	0.484107	0.137147	0.864194	0.358164	-0.932170	-0.052702	0.798348	0.335036	-0.500392
18737	3.222067	7.117154	-9.051357	-0.061248	0.131773	1.222209	0.487362	0.125338	0.864158	0.351751	-0.933977	-0.062914	0.799218	0.334630	-0.499272
18738	2.315178	8.376293	-10.960314	-0.860023	0.407737	1.232174	0.488317	0.112545	0.865379	0.338906	-0.938271	-0.069213	0.804170	0.327080	-0.496315
18739	2.067050	7.508893	-10.371315	-1.599417	0.483199	1.199979	0.488336	0.099739	0.866937	0.320136	-0.944658	-0.071649	0.811813	0.312526	-0.493241
18740	2.099350	5.261600	-9.970708	-2.213725	0.585204	1.110089	0.486949	0.087612	0.869025	0.296775	-0.952358	-0.070281	0.821465	0.292128	-0.489751
18741	2.646558	2.257786	-9.964308	-2.391858	0.685996	0.940120	0.483926	0.076734	0.871738	0.272453	-0.959850	-0.066757	0.831616	0.269813	-0.485403
18742	3.595395	-0.263534	-10.068514	-2.154954	0.853401	0.718459	0.478646	0.067816	0.875385	0.251141	-0.965931	-0.062489	0.841324	0.249755	-0.479371
18743	4.357665	-2.399817	-10.610678	-1.557810	1.140209	0.470887	0.470120	0.060532	0.880524	0.235741	-0.970012	-0.059181	0.850537	0.235398	-0.470292
18744	5.118323	-3.605472	-9.573302	-0.575730	1.464421	0.234895	0.458147	0.055058	0.887170	0.229904	-0.971457	-0.058437	0.858630	0.230737	-0.457728
18745	6.017718	-3.283851	-8.522809	0.329812	1.741292	0.026933	0.443169	0.050783	0.894998	0.232638	-0.970704	-0.060115	0.865725	0.234852	-0.442000
18746	6.997034	-1.839328	-8.746834	0.940666	1.958297	-0.164493	0.425775	0.047878	0.903561	0.241681	-0.968336	-0.062574	0.871955	0.245016	-0.423865
18747	7.905191	-1.578710	-7.389655	1.017528	2.019548	-0.259563	0.407437	0.045371	0.912106	0.251675	-0.965667	-0.064388	0.877869	0.255789	-0.404867
18748	9.192535	-2.576255	-5.151381	1.030541	1.906627	-0.505759	0.389371	0.045457	0.919959	0.262910	-0.962715	-0.063706	0.882762	0.266672	-0.386804
18749	14.003903	-2.987986	0.939838	1.744408	1.520526	-0.874426	0.373529	0.049705	0.926286	0.281663	-0.957495	-0.062203	0.883822	0.284135	-0.371652
18750	25.654512	-3.664014	5.630042	1.244185	0.871386	-0.699416	0.363829	0.054025	0.929898	0.295362	-0.953489	-0.060167	0.883397	0.296547	-0.362863
18751	25.710735	-5.210523	7.405825	0.713637	0.516939	0.226331	0.359907	0.050356	0.931628	0.300854	-0.951466	-0.064798	0.883150	0.303606	-0.357589
18752	15.049221	-6.565983	6.288289	-0.103538	0.269195	0.688488	0.359582	0.043105	0.932118	0.297544	-0.952083	-0.070755	0.884403	0.302788	-0.355177
18753	10.912874	-6.004471	4.696997	-0.215847	0.139364	0.513520	0.359836	0.037831	0.932248	0.293794	-0.952943	-0.074730	0.885552	0.300780	-0.354018
18754	7.536632	-1.421481	2.914105	-0.688007	0.079375	0.234650	0.359799	0.035419	0.932357	0.286878	-0.955072	-0.074425	0.887832	0.294251	-0.353795
18755	4.462351	1.894090	-3.648567	-1.581907	0.111087	0.039664	0.358891	0.034760	0.932732	0.272660	-0.959622	-0.069151	0.892666	0.279137	-0.353878
18756	5.557264	2.551535	-4.884557	-2.688220	0.200319	-0.086734	0.356852	0.035126	0.933500	0.248899	-0.966745	-0.058770	0.900392	0.253320	-0.353727
18757	8.198727	-2.522964	-6.713457	-3.226939	0.175054	-0.151749	0.354884	0.036224	0.934208	0.220257	-0.974362	-0.045890	0.908595	0.222051	-0.353764
18758	9.105752	-5.975726	-9.529071	-2.462715	0.204713	-0.223379	0.352539	0.038050	0.935023	0.198635	-0.979447	-0.035036	0.914473	0.198080	-0.352852
18759	8.107578	-7.518198	-11.196803	-0.847493	0.375230	-0.364827	0.348363	0.040940	0.936465	0.192158	-0.980947	-0.028598	0.917452	0.189912	-0.349593
18760	7.242823	-5.342038	-8.792429	1.235708	0.472095	-0.497062	0.343057	0.044919	0.938240	0.205207	-0.978312	-0.028194	0.916625	0.202205	-0.344835
18761	8.433634	0.320803	-6.035045	2.614631	0.473688	-0.476863	0.337658	0.048593	0.940014	0.230751	-0.972466	-0.032617	0.912546	0.227922	-0.339574
18762	10.493333	4.616948	-3.495246	2.643445	0.530851	-0.412947	0.331841	0.051339	0.941937	0.256181	-0.965897	-0.037607	0.907884	0.253786	-0.333676
18763	11.618171	5.926586	-2.929195	1.729223	0.588851	-0.286836	0.325715	0.052598	0.944004	0.272807	-0.961213	-0.040571	0.905255	0.270745	-0.327430
18764	10.153487	5.123113	-2.511605	0.552653	0.602653	-0.130596	0.319907	0.052264	0.946006	0.278257	-0.959628	-0.041081	0.905667	0.276374	-0.321535
18765	8.720367	3.006833	-2.871873	-0.483410	0.548442	-0.062803	0.314729	0.051402	0.947789	0.274076	-0.960921	-0.038897	0.908751	0.272008	-0.316517
18766	8.866963	1.010780	-3.914057	-1.148435	0.591954	-0.120904	0.309011	0.051076	0.949686	0.264040	-0.963910	-0.034073	0.913671	0.261284	-0.311345
18767	9.137619	-1.210741	-4.005663	-1.322064	0.730219	-0.158248	0.301881	0.050782	0.951992	0.252412	-0.967202	-0.028448	0.919324	0.248882	-0.304797
18768	8.983215	-1.864692	-4.084404	-1.060325	0.822170	-0.084248	0.294096	0.049684	0.954484	0.242944	-0.969734	-0.024379	0.924384	0.239056	-0.297266
18769	8.408886	-1.243282	-2.946191	-0.873410	0.780800	-0.082022	0.286637	0.048686	0.956801	0.235094	-0.971746	-0.020983	0.928746	0.230953	-0.289985
18770	8.691306	-1.370963	-3.575487	-0.910066	0.649397	-0.100880	0.280368	0.048278	0.958678	0.226956	-0.973751	-0.017337	0.932676	0.222438	-0.283966
18771	9.656868	-1.830356	-3.189641	-0.759888	0.642230	-0.174182	0.273950	0.048611	0.960515	0.220342	-0.975330	-0.013483	0.936163	0.215335	-0.277903
18772	9.545730	-1.467664	-1.588425	-0.432969	0.670521	-0.137386	0.267375	0.048595	0.962366	0.216691	-0.976179	-0.010911	0.938912	0.211453	-0.271536
18773	9.267043	0.130140	-0.562343	-0.293883	0.613805	-0.094675	0.261374	0.048271	0.964030	0.214181	-0.976751	-0.009162	0.941175	0.208872	-0.265636
18774	9.656349	1.277719	-0.820073	-0.473180	0.582336	-0.125219	0.255630	0.048360	0.965565	0.210076	-0.977662	-0.006651	0.943674	0.204542	-0.260079
18775	9.226889	0.780891	-0.935671	-0.802604	0.539001	-0.141932	0.250215	0.048709	0.966964	0.202851	-0.979204	-0.003165	0.946702	0.196942	-0.254892
18776	9.065088	-0.273638	-1.142915	-0.993690	0.469145	-0.156590	0.245461	0.049415	0.968146	0.193851	-0.981030	0.000924	0.949826	0.187450	-0.250384
18777	9.215164	-1.316517	-1.812499	-0.892255	0.429578	-0.186114	0.240995	0.050498	0.969212	0.185819	-0.982571	0.004990	0.952572	0.178895	-0.246179
18778	9.440594	-1.920509	-1.964474	-0.543472	0.401903	-0.203243	0.236796	0.051854	0.970175	0.181150	-0.983420	0.008348	0.954522	0.173770	-0.242263
18779	9.307340	-1.045206	-1.578832	-0.116854	0.343235	-0.208428	0.233115	0.053352	0.970985	0.180525	-0.983512	0.010700	0.955546	0.172793	-0.238903
18780	9.642316	0.422965	-1.180011	0.078013	0.301454	-0.206710	0.229865	0.054920	0.971672	0.181767	-0.983261	0.012575	0.956098	0.173727	-0.236000
18781	9.743972	1.309880	-0.741431	0.016115	0.273471	-0.189985	0.226878	0.056355	0.972291	0.182356	-0.983127	0.014431	0.956699	0.174029	-0.233326
18782	9.629210	1.666228	-0.551383	-0.139328	0.227643	-0.144903	0.224437	0.057446	0.972794	0.181371	-0.983281	0.016220	0.957462	0.172796	-0.231104
18783	9.768275	1.523344	-0.740903	-0.288186	0.187242	-0.107327	0.222424	0.058223	0.973210	0.178851	-0.983712	0.017976	0.958405	0.170061	-0.229215
18784	9.588826	1.307203	-0.182873	-0.368892	0.140292	-0.089936	0.220917	0.058940	0.973510	0.175541	-0.984274	0.019756	0.959365	0.166526	-0.227789
18785	9.526878	1.564552	-0.237848	-0.370804	0.089393	-0.039508	0.219965	0.059224	0.973708	0.172070	-0.984860	0.021031	0.960212	0.162919	-0.226825
18786	9.776817	1.341339	-0.439138	-0.487843	0.059270	-0.016344	0.219358	0.059366	0.973837	0.167456	-0.985626	0.022365	0.961166	0.158169	-0.226146
18787	9.096553	0.825197	-0.194789	-0.552702	-0.008291	-0.011684	0.219393	0.059537	0.973818	0.162168	-0.986477	0.023776	0.962065	0.152706	-0.226082
18788	9.439653	0.137715	-0.337746	-0.425410	-0.080007	-0.006324	0.220139	0.059800	0.973634	0.158130	-0.987105	0.024874	0.962566	0.148485	-0.226757
18789	9.806959	0.062538	-0.728000	-0.190779	-0.113758	-0.014452	0.221187	0.060154	0.973375	0.156326	-0.987376	0.025496	0.962621	0.146525	-0.227798
18790	9.514415	0.063481	-1.055198	-0.007618	-0.157032	-0.036409	0.222624	0.060821	0.973005	0.156373	-0.987357	0.025940	0.962282	0.146377	-0.229320
18791	9.599699	0.193322	-2.040323	0.173071	-0.193842	-0.047354	0.224389	0.061617	0.972550	0.158145	-0.987072	0.026050	0.961582	0.147959	-0.231233
18792	9.665387	0.072779	-2.939125	0.281654	-0.202679	-0.058846	0.226225	0.062576	0.972063	0.161021	-0.986607	0.026038	0.960674	0.150632	-0.233271
18793	9.454894	-0.087883	-3.581149	0.420877	-0.198393	-0.061859	0.228004	0.063532	0.971585	0.165204	-0.985925	0.025701	0.959543	0.154650	-0.235290
18794	9.708774	0.157400	-4.391886	0.506414	-0.168087	-0.039414	0.229533	0.064259	0.971177	0.170187	-0.985096	0.024958	0.958306	0.159553	-0.237048
18795	9.531129	0.226027	-4.204615	0.552651	-0.115953	-0.013965	0.230594	0.064628	0.970902	0.175513	-0.984189	0.023827	0.957090	0.164912	-0.238291
18796	9.299363	0.746359	-3.963528	0.561428	-0.088126	0.008676	0.231439	0.064766	0.970691	0.180900	-0.983245	0.022472	0.955882	0.170397	-0.239277
18797	9.417435	0.826085	-3.677316	0.446698	-0.047674	0.034695	0.231932	0.064550	0.970588	0.185089	-0.982495	0.021113	0.954961	0.174749	-0.239819
18798	9.255012	0.921122	-2.816720	0.350745	-0.015638	0.042716	0.232150	0.064237	0.970557	0.188380	-0.981894	0.019928	0.954264	0.178207	-0.240047
18799	9.366801	0.999266	-2.577340	0.237296	-0.009532	0.049396	0.232308	0.063812	0.970547	0.190530	-0.981499	0.018927	0.953798	0.180522	-0.240168
18800	9.518517	0.415073	-2.244866	0.112541	0.000412	0.050593	0.232389	0.063398	0.970554	0.191532	-0.981317	0.018240	0.953578	0.181653	-0.240190
18801	9.252056	-0.227323	-1.845391	0.048418	-0.017498	0.046095	0.232618	0.063020	0.970524	0.191888	-0.981257	0.017725	0.953450	0.182109	-0.240351
18802	9.349401	-0.638823	-1.865640	0.080648	-0.045847	0.034060	0.233109	0.062851	0.970417	0.192621	-0.981121	0.017274	0.953183	0.182896	-0.240815
18803	9.367783	-0.720208	-1.808240	0.109664	-0.060484	0.020720	0.233699	0.062802	0.970279	0.193620	-0.980932	0.016856	0.952836	0.183926	-0.241403
18804	9.334879	-0.291748	-1.814968	0.157620	-0.071159	0.006378	0.234377	0.062948	0.970106	0.195147	-0.980635	0.016484	0.952358	0.185450	-0.242122
18805	9.588169	0.349556	-2.546688	0.140383	-0.086466	-0.007011	0.235160	0.063220	0.969898	0.196502	-0.980369	0.016259	0.951886	0.186764	-0.242966
18806	9.591878	0.268912	-2.741166	0.069617	-0.071115	-0.020995	0.235784	0.063633	0.969720	0.197249	-0.980217	0.016362	0.951577	0.187419	-0.243671
18807	9.449783	0.412048	-3.149538	0.120055	-0.071021	-0.011168	0.236411	0.063919	0.969549	0.198420	-0.979983	0.016225	0.951178	0.188542	-0.244361
18808	9.861934	0.834268	-3.797772	0.128210	-0.032838	-0.007021	0.236697	0.064127	0.969465	0.199695	-0.979727	0.016049	0.950840	0.189799	-0.244704
18809	9.515006	0.726462	-3.537976	0.102702	0.026657	0.013410	0.236444	0.063987	0.969536	0.200642	-0.979539	0.015716	0.950703	0.190814	-0.244444
18810	9.278208	1.071071	-3.230086	0.066052	0.027290	0.062154	0.236299	0.063406	0.969609	0.201167	-0.979442	0.015024	0.950628	0.191503	-0.244197
18811	9.299294	0.823810	-2.811361	-0.104875	0.053482	0.077748	0.235920	0.062585	0.969755	0.199988	-0.979690	0.014574	0.950971	0.190501	-0.243645
18812	9.336974	0.308736	-1.922808	-0.193293	0.060250	0.092925	0.235522	0.061647	0.969912	0.197980	-0.980103	0.014219	0.951490	0.188674	-0.243041
18813	9.219950	0.155499	-0.989168	-0.233911	0.028045	0.093745	0.235413	0.060718	0.969997	0.195535	-0.980598	0.013926	0.952022	0.186390	-0.242718
18814	9.698368	0.026880	-0.596073	-0.261185	-0.004169	0.095264	0.235627	0.059876	0.969997	0.192872	-0.981128	0.013712	0.952513	0.183854	-0.242728
18815	9.514580	-0.011861	-0.328722	-0.316875	-0.038297	0.086033	0.236130	0.059145	0.969920	0.189652	-0.981756	0.013695	0.953035	0.180713	-0.243039
18816	9.574405	-0.234573	-0.908993	-0.352510	-0.097560	0.067599	0.237172	0.058739	0.969690	0.186177	-0.982417	0.013973	0.953461	0.177220	-0.243938
18817	9.559529	-0.491270	-1.620587	-0.312143	-0.130199	0.038019	0.238458	0.058637	0.969381	0.183112	-0.982986	0.014416	0.953734	0.174067	-0.245138
18818	9.422092	-0.606648	-2.289525	-0.185255	-0.147330	0.020385	0.239883	0.058772	0.969021	0.181336	-0.983311	0.014748	0.953715	0.172181	-0.246537
18819	9.472227	-0.585080	-3.060569	-0.016043	-0.154192	0.004568	0.241336	0.059036	0.968644	0.181175	-0.983340	0.014792	0.953380	0.171924	-0.248011
18820	9.542551	-0.279593	-3.743885	0.133186	-0.135417	-0.000624	0.242610	0.059351	0.968307	0.182482	-0.983102	0.014537	0.952807	0.173172	-0.249341
18821	9.408119	-0.162894	-3.760940	0.237087	-0.111018	0.001860	0.243645	0.059570	0.968033	0.184738	-0.982688	0.013975	0.952108	0.175428	-0.250432
18822	9.521032	0.259068	-3.921243	0.296880	-0.090542	0.021907	0.244537	0.059585	0.967808	0.187547	-0.982169	0.013082	0.951330	0.178310	-0.251351
18823	9.318594	0.431878	-3.239364	0.283811	-0.043895	0.031364	0.244987	0.059399	0.967705	0.190172	-0.981676	0.012113	0.950692	0.181063	-0.251794
18824	9.114036	0.908083	-2.265188	0.231778	-0.058348	0.066578	0.245658	0.058929	0.967564	0.192252	-0.981284	0.010953	0.950101	0.183325	-0.252389
18825	9.355740	0.497223	-1.576077	0.044742	-0.081425	0.065023	0.246530	0.058483	0.967369	0.192520	-0.981239	0.010259	0.949821	0.183708	-0.253164
18826	9.552123	0.044684	-0.822589	-0.035454	-0.105229	0.072596	0.247656	0.058044	0.967108	0.192047	-0.981338	0.009719	0.949623	0.183323	-0.254181
18827	9.261622	-0.541333	-0.347337	-0.116763	-0.174536	0.059743	0.249401	0.057820	0.966673	0.190793	-0.981585	0.009487	0.949419	0.182068	-0.255840
18828	9.357992	-0.854728	-0.525286	-0.059445	-0.224480	0.031421	0.251580	0.057987	0.966098	0.190179	-0.981704	0.009400	0.948968	0.181367	-0.258005
18829	9.543634	-0.601689	-1.152956	0.014056	-0.250726	0.003452	0.253939	0.058451	0.965452	0.190307	-0.981680	0.009378	0.948313	0.181350	-0.260410
18830	9.567638	-0.266673	-2.127201	0.022683	-0.269936	-0.028704	0.256427	0.059287	0.964744	0.190617	-0.981617	0.009659	0.947581	0.181420	-0.263014
18831	9.511407	-0.124487	-3.509169	0.017748	-0.276598	-0.049283	0.258927	0.060316	0.964012	0.190915	-0.981554	0.010135	0.946841	0.181420	-0.265666
18832	9.412279	-0.020109	-4.516759	0.051133	-0.245545	-0.062839	0.261112	0.061447	0.963351	0.191596	-0.981416	0.010668	0.946103	0.181789	-0.268033
18833	9.411327	0.328226	-5.592652	0.114786	-0.197136	-0.041817	0.262870	0.062260	0.962820	0.192795	-0.981180	0.010810	0.945373	0.182785	-0.269926
18834	9.208961	0.579415	-5.747148	0.128879	-0.117726	-0.032567	0.263916	0.062850	0.962496	0.194104	-0.980921	0.010830	0.944813	0.183966	-0.271080
18835	9.075086	0.984320	-5.051591	0.116644	-0.056245	-0.009927	0.264401	0.063094	0.962347	0.195235	-0.980698	0.010657	0.944444	0.185066	-0.271616
18836	9.248212	1.180532	-4.245047	-0.085031	-0.013178	0.018318	0.264555	0.063011	0.962310	0.194421	-0.980859	0.010776	0.944569	0.184242	-0.271742
18837	9.338849	0.669629	-3.083790	-0.289918	0.018202	0.034298	0.264423	0.062685	0.962367	0.191595	-0.981409	0.011282	0.945184	0.181401	-0.271517
18838	9.341085	0.079723	-1.862407	-0.427098	0.010321	0.054870	0.264417	0.062218	0.962400	0.187459	-0.982199	0.011994	0.946014	0.177239	-0.271373
18839	9.288456	-0.543767	-1.124053	-0.534324	-0.027678	0.050033	0.264745	0.061818	0.962335	0.182274	-0.983162	0.013011	0.946935	0.171964	-0.271555
18840	9.244837	-1.309529	-0.537728	-0.553882	-0.078682	0.025711	0.265529	0.061775	0.962122	0.176995	-0.984107	0.014339	0.947717	0.166483	-0.272243
18841	9.307196	-1.499762	-0.408234	-0.444244	-0.136790	0.004755	0.266809	0.061996	0.961753	0.172775	-0.984839	0.015554	0.948136	0.162017	-0.273475
18842	9.430425	-1.168105	-0.679740	-0.313873	-0.182096	-0.027198	0.268482	0.062616	0.961247	0.169889	-0.985321	0.016733	0.948185	0.158813	-0.275179
18843	9.618788	-0.649562	-1.397281	-0.189094	-0.223821	-0.054995	0.270486	0.063555	0.960624	0.168249	-0.985583	0.017832	0.947908	0.156800	-0.277280
18844	9.682997	0.194237	-2.814072	-0.119531	-0.226507	-0.061610	0.272519	0.064571	0.959981	0.167308	-0.985725	0.018807	0.947492	0.155488	-0.279432
18845	9.471274	0.328235	-4.235348	-0.169401	-0.182664	-0.083646	0.274086	0.065722	0.959457	0.165936	-0.985931	0.020133	0.947281	0.153691	-0.281135
18846	9.239888	-0.111910	-5.643488	-0.154889	-0.135903	-0.097135	0.275193	0.066959	0.959054	0.164788	-0.986093	0.021562	0.947161	0.152107	-0.282400
18847	9.255186	-0.573780	-6.455183	-0.027701	-0.061853	-0.107654	0.275577	0.068158	0.958860	0.164827	-0.986061	0.022721	0.947042	0.151784	-0.282970
18848	9.350205	-0.712151	-6.594649	0.160378	0.018070	-0.103804	0.275233	0.069208	0.958883	0.166644	-0.985742	0.023314	0.946825	0.153375	-0.282841
18849	9.297370	-0.203498	-6.028419	0.333546	0.083343	-0.084042	0.274278	0.069951	0.959103	0.170036	-0.985164	0.023226	0.946499	0.156712	-0.282103
18850	9.026923	0.736037	-4.560623	0.321921	0.128197	-0.079976	0.272937	0.070582	0.959439	0.173294	-0.984598	0.023135	0.946295	0.159950	-0.280964
18851	9.031645	0.848777	-3.259397	0.189114	0.142127	-0.068600	0.271447	0.071073	0.959826	0.175274	-0.984244	0.023312	0.946359	0.161905	-0.279627
18852	9.315272	0.629492	-2.006429	-0.015416	0.149716	-0.040845	0.269957	0.071302	0.960229	0.175279	-0.984231	0.023807	0.946784	0.161881	-0.278197
18853	9.169135	0.469042	-0.913744	-0.199194	0.130756	-0.057326	0.268593	0.071700	0.960582	0.173550	-0.984509	0.024959	0.947490	0.160006	-0.276876
18854	9.235827	-0.045442	-0.293049	-0.358727	0.070548	-0.100242	0.267754	0.072637	0.960745	0.170446	-0.984998	0.026968	0.948291	0.156535	-0.276118
18855	9.389153	-0.395367	0.011389	-0.382649	0.011900	-0.120225	0.267413	0.073847	0.960748	0.167142	-0.985499	0.029227	0.948975	0.152766	-0.275879
18856	9.465541	-0.301026	-0.174475	-0.301598	-0.046273	-0.148878	0.267613	0.075427	0.960570	0.164668	-0.985845	0.031536	0.949351	0.149736	-0.276245
18857	9.821327	0.277339	-1.238770	-0.218633	-0.096088	-0.149065	0.268256	0.077084	0.960259	0.162996	-0.986054	0.033620	0.949458	0.147499	-0.277079
18858	9.650920	0.546619	-2.100937	-0.203849	-0.109691	-0.150813	0.269065	0.078758	0.959896	0.161439	-0.986238	0.035667	0.949495	0.145368	-0.278077
18859	9.507632	0.551366	-3.584985	-0.180501	-0.122172	-0.145366	0.269967	0.080413	0.959506	0.160121	-0.986381	0.037614	0.949463	0.143482	-0.279166
18860	9.400204	0.008312	-4.694046	-0.152735	-0.080138	-0.148193	0.270495	0.082029	0.959220	0.159069	-0.986477	0.039503	0.949489	0.141897	-0.279885
18861	9.187622	-0.264885	-5.242650	-0.015719	-0.045273	-0.147441	0.270666	0.083592	0.959037	0.159323	-0.986374	0.041009	0.949398	0.141697	-0.280296
18862	9.263698	-0.015011	-4.936298	0.124818	0.001686	-0.127778	0.270438	0.084910	0.958986	0.160890	-0.986081	0.041938	0.949198	0.142949	-0.280335
18863	8.992113	0.969287	-3.684856	0.175814	0.046285	-0.120048	0.269780	0.086072	0.959067	0.162887	-0.985723	0.042645	0.949045	0.144715	-0.279948
18864	9.107659	1.274750	-2.447824	0.014457	0.034022	-0.088335	0.269321	0.086939	0.959118	0.163260	-0.985624	0.043498	0.949111	0.144871	-0.279643
18865	9.238834	0.838683	-1.542003	-0.169134	0.009527	-0.082280	0.269072	0.087781	0.959111	0.161880	-0.985793	0.044808	0.949418	0.143204	-0.279459
18866	9.380252	0.071140	-1.333701	-0.250939	-0.020827	-0.103957	0.269093	0.088905	0.959002	0.159822	-0.986047	0.046567	0.949761	0.140739	-0.279547
18867	9.691593	-0.686547	-1.922357	-0.114332	-0.055386	-0.134876	0.269380	0.090357	0.958786	0.159103	-0.986083	0.048228	0.949800	0.139554	-0.280007
18868	9.709406	-0.146428	-2.764179	0.133652	-0.062924	-0.156889	0.269726	0.092042	0.958528	0.160810	-0.985748	0.049404	0.949415	0.140816	-0.280683
18869	9.427398	0.578202	-3.504775	0.214707	-0.061829	-0.153786	0.270039	0.093690	0.958280	0.163268	-0.985298	0.050323	0.948906	0.142867	-0.281365
18870	9.353119	0.999173	-4.512415	0.221469	-0.045676	-0.144818	0.270249	0.095211	0.958071	0.165742	-0.984843	0.051119	0.948417	0.144978	-0.281933
18871	9.443255	1.069026	-5.018782	0.160099	0.014538	-0.126721	0.269875	0.096482	0.958049	0.167606	-0.984485	0.051930	0.948196	0.146561	-0.281859
18872	9.066508	0.889799	-4.883687	0.109113	0.053464	-0.105760	0.269185	0.097507	0.958140	0.168973	-0.984211	0.052688	0.948149	0.147717	-0.281411
18873	9.314182	0.775403	-4.606710	0.107195	0.085836	-0.091505	0.268191	0.098324	0.958335	0.170240	-0.983960	0.053312	0.948205	0.148849	-0.280628
18874	9.397845	0.876196	-3.938352	0.084274	0.139370	-0.087603	0.266728	0.099032	0.958670	0.171297	-0.983740	0.053962	0.948427	0.149824	-0.279355
18875	9.071418	0.832565	-2.918408	-0.019404	0.146318	-0.078556	0.265180	0.099630	0.959038	0.171326	-0.983688	0.054818	0.948856	0.149772	-0.277924
18876	9.248324	0.523324	-2.514594	-0.115703	0.144763	-0.065693	0.263697	0.100123	0.959395	0.170439	-0.983786	0.055822	0.949428	0.148798	-0.276486
18877	9.162420	0.249422	-1.835452	-0.215263	0.147008	-0.083780	0.262134	0.100774	0.959755	0.168618	-0.984016	0.057267	0.950186	0.146821	-0.274937
18878	9.019325	-0.010388	-1.413527	-0.254861	0.106623	-0.085770	0.260983	0.101521	0.959990	0.166439	-0.984294	0.058843	0.950887	0.144423	-0.273781
18879	9.493393	0.282690	-1.723419	-0.228859	0.069671	-0.107058	0.260118	0.102519	0.960119	0.164545	-0.984510	0.060544	0.951453	0.142234	-0.272958
18880	9.504318	0.327001	-1.918270	-0.247965	0.065843	-0.134285	0.259277	0.103802	0.960209	0.162547	-0.984715	0.062560	0.952026	0.139859	-0.272187
18881	9.276790	0.298424	-2.096465	-0.145855	0.028048	-0.135982	0.258765	0.105147	0.960200	0.161514	-0.984773	0.064311	0.952341	0.138445	-0.271808
18882	9.527498	0.693086	-2.454786	0.014171	0.008744	-0.141175	0.258456	0.106578	0.960126	0.162031	-0.984598	0.065678	0.952337	0.138595	-0.271744
18883	9.544595	0.833378	-2.576412	0.090150	0.013511	-0.149842	0.258059	0.108079	0.960065	0.163280	-0.984308	0.066920	0.952232	0.139490	-0.271657
18884	9.459388	1.083657	-2.873947	0.191312	0.009006	-0.140729	0.257742	0.109507	0.959988	0.165492	-0.983878	0.067800	0.951936	0.141396	-0.271709
18885	9.626554	1.304438	-3.478373	0.170145	0.037356	-0.128732	0.257147	0.110764	0.960003	0.167446	-0.983490	0.068622	0.951755	0.143103	-0.271449
18886	9.251523	0.803767	-3.447902	0.098639	0.051722	-0.105241	0.256481	0.111779	0.960064	0.168678	-0.983224	0.069413	0.951717	0.144139	-0.271033
18887	9.201012	0.718533	-3.287950	0.088280	0.053463	-0.081911	0.255809	0.112551	0.960153	0.169732	-0.983000	0.070009	0.951710	0.145060	-0.270564
18888	9.380506	0.912946	-3.052579	0.031277	0.070882	-0.075390	0.255011	0.113245	0.960284	0.170236	-0.982864	0.070700	0.951835	0.145445	-0.269920
18889	9.198682	0.829455	-2.681115	-0.091439	0.078019	-0.074151	0.254118	0.113905	0.960442	0.169557	-0.982908	0.071707	0.952195	0.144628	-0.269088
18890	9.238733	0.396708	-2.559804	-0.170279	0.060973	-0.079650	0.253410	0.114653	0.960540	0.168150	-0.983056	0.072979	0.952632	0.143021	-0.268396
18891	9.485071	-0.237357	-2.709372	-0.113151	0.054101	-0.094607	0.252712	0.115551	0.960617	0.167315	-0.983104	0.074240	0.952965	0.141964	-0.267775
18892	9.259528	-0.001507	-2.847047	0.099767	0.045311	-0.116198	0.252093	0.116676	0.960643	0.168578	-0.982821	0.075132	0.952906	0.143003	-0.267431
18893	10.011221	0.941324	-3.471051	0.280050	0.041633	-0.137249	0.251438	0.118009	0.960652	0.171595	-0.982251	0.075750	0.952541	0.145796	-0.267225
18894	10.021517	1.277676	-3.771343	0.282204	0.102752	-0.144553	0.250217	0.119328	0.960808	0.174656	-0.981659	0.076433	0.952306	0.148686	-0.266468
18895	9.398651	1.375146	-4.042091	0.261873	0.114305	-0.108999	0.248911	0.120270	0.961030	0.177424	-0.981131	0.076832	0.952136	0.151386	-0.265553
18896	9.466299	1.678281	-4.195918	0.220061	0.141735	-0.083955	0.247418	0.120935	0.961332	0.179743	-0.980687	0.077109	0.952091	0.153714	-0.264377
18897	9.211672	1.532420	-3.689539	0.096407	0.185136	-0.052215	0.245536	0.121205	0.961780	0.180792	-0.980471	0.077406	0.952379	0.154877	-0.262654
18898	8.935087	1.552470	-2.905606	-0.007354	0.205350	-0.035665	0.243526	0.121296	0.962280	0.180831	-0.980431	0.077821	0.952888	0.155058	-0.260694
18899	9.145006	1.209512	-2.250193	-0.148381	0.198101	-0.037461	0.241545	0.121401	0.962766	0.179510	-0.980610	0.078615	0.953642	0.153837	-0.258654
18900	9.305561	0.733068	-1.680271	-0.174839	0.186954	-0.030446	0.239711	0.121482	0.963214	0.177955	-0.980829	0.079416	0.954395	0.152372	-0.256734
18901	9.277969	0.296457	-1.214366	-0.180712	0.154250	-0.049040	0.238127	0.121773	0.963570	0.176350	-0.981039	0.080399	0.955090	0.150780	-0.255086
18902	9.394473	-0.441289	-1.313625	-0.098735	0.102580	-0.068282	0.237033	0.122350	0.963766	0.175590	-0.981095	0.081365	0.955502	0.149941	-0.254036
18903	9.631611	-0.855779	-1.648189	0.152806	0.069398	-0.113845	0.236145	0.123407	0.963850	0.177321	-0.980721	0.082123	0.955402	0.151518	-0.253475
18904	9.809905	-0.150665	-1.844137	0.533504	0.062048	-0.142723	0.235303	0.124761	0.963881	0.182764	-0.979715	0.082194	0.954584	0.156822	-0.253332
18905	10.061262	1.423622	-2.612501	0.763107	0.051688	-0.113714	0.234573	0.125835	0.963920	0.190313	-0.978343	0.081405	0.953287	0.164351	-0.253440
18906	9.700301	2.338727	-2.884051	0.654781	0.081520	-0.084780	0.233637	0.126577	0.964050	0.196763	-0.977132	0.080609	0.952207	0.170856	-0.253200
18907	9.078278	2.182896	-3.064425	0.496083	0.069510	-0.043019	0.232864	0.126921	0.964192	0.201588	-0.976213	0.079817	0.951387	0.175783	-0.252911
18908	9.021179	2.036310	-2.529354	0.396673	0.097997	-0.025494	0.231882	0.127056	0.964411	0.205445	-0.975466	0.079115	0.950801	0.179788	-0.252296
18909	8.751509	1.913697	-1.832508	0.284981	0.092282	0.003252	0.230985	0.126900	0.964646	0.208149	-0.974949	0.078414	0.950431	0.182677	-0.251613
18910	9.055059	1.959098	-1.288069	0.160985	0.072870	0.021016	0.230336	0.126628	0.964837	0.209662	-0.974669	0.077865	0.950256	0.184354	-0.251051
18911	9.317320	1.621862	-0.908171	0.014659	0.054095	0.033303	0.229866	0.126247	0.964999	0.209727	-0.974679	0.077556	0.950356	0.184559	-0.250523
18912	9.255862	1.101568	-0.780148	-0.052536	0.006501	0.042653	0.229887	0.125894	0.965040	0.209165	-0.974817	0.077343	0.950475	0.184072	-0.250430
18913	9.442951	0.806414	-1.068006	-0.026377	-0.035074	0.047485	0.230293	0.125539	0.964990	0.208807	-0.974921	0.076999	0.950455	0.183764	-0.250731
18914	9.467049	0.487087	-1.382174	-0.057201	-0.057055	0.050498	0.230935	0.125221	0.964878	0.208175	-0.975078	0.076720	0.950438	0.183146	-0.251247
18915	9.198940	0.058005	-1.632047	-0.064055	-0.105105	0.061280	0.232035	0.124859	0.964661	0.207427	-0.975267	0.076338	0.950334	0.182383	-0.252195
18916	9.106358	-0.032318	-1.799858	-0.023754	-0.143727	0.064090	0.233523	0.124564	0.964340	0.207089	-0.975378	0.075841	0.950043	0.181993	-0.253569
18917	9.065373	0.259868	-1.771141	-0.006839	-0.171604	0.057836	0.235247	0.124355	0.963947	0.206891	-0.975458	0.075349	0.949660	0.181706	-0.255201
18918	9.175561	0.835637	-1.834241	-0.025125	-0.193651	0.046726	0.237175	0.124312	0.963480	0.206561	-0.975553	0.075021	0.949252	0.181225	-0.257055
18919	9.606687	1.492208	-2.377330	-0.141598	-0.196757	0.038624	0.239096	0.124333	0.963003	0.205128	-0.975852	0.075063	0.949081	0.179592	-0.258827
18920	9.731316	1.590847	-3.299994	-0.295526	-0.181836	0.038362	0.240891	0.124347	0.962554	0.202255	-0.976417	0.075521	0.949244	0.176489	-0.260360
18921	9.901698	1.453099	-4.427074	-0.397448	-0.137182	0.055961	0.242280	0.124083	0.962239	0.198349	-0.977175	0.076067	0.949715	0.172429	-0.261362
18922	9.619691	1.216764	-4.809222	-0.451847	-0.073374	0.083785	0.243131	0.123462	0.962104	0.193888	-0.978036	0.076510	0.950418	0.167938	-0.261728
18923	8.968252	1.027915	-4.501329	-0.483771	-0.040308	0.102496	0.243685	0.122570	0.962078	0.189042	-0.978958	0.076838	0.951252	0.163148	-0.261728
18924	9.019727	0.786388	-4.150008	-0.511319	-0.009521	0.101755	0.243963	0.121661	0.962123	0.183953	-0.979894	0.077264	0.952178	0.158136	-0.261438
18925	9.205258	0.354938	-3.254307	-0.537805	0.026876	0.087440	0.243841	0.120806	0.962262	0.178619	-0.980832	0.077875	0.953224	0.152890	-0.260745
18926	9.172916	0.077667	-2.188077	-0.561562	0.015115	0.075935	0.243831	0.120111	0.962351	0.173106	-0.981756	0.078673	0.954243	0.147406	-0.260174
18927	9.505072	-0.459274	-1.503401	-0.540576	-0.023923	0.057352	0.244133	0.119627	0.962335	0.167809	-0.982603	0.079575	0.955112	0.142061	-0.259960
18928	9.616478	-0.677160	-0.983137	-0.423784	-0.070831	0.030317	0.244860	0.119495	0.962167	0.163708	-0.983223	0.080449	0.955638	0.137816	-0.260314
18929	9.760997	-0.504887	-0.990189	-0.277486	-0.120221	-0.007645	0.245973	0.119779	0.961847	0.161078	-0.983588	0.081294	0.955799	0.134936	-0.261230
18930	10.036958	-0.235712	-1.453667	-0.082488	-0.154766	-0.023747	0.247408	0.120283	0.961416	0.160385	-0.983660	0.081792	0.955545	0.133961	-0.262657
18931	9.752530	0.330530	-2.035987	0.156318	-0.168606	-0.021383	0.248960	0.120765	0.960955	0.161935	-0.983419	0.081634	0.954880	0.135289	-0.264388
18932	9.379684	1.226804	-3.345851	0.239570	-0.168854	-0.016888	0.250539	0.121216	0.960488	0.164288	-0.983064	0.081211	0.954065	0.137450	-0.266210
18933	9.251762	0.886845	-4.209977	0.158622	-0.138826	-0.023086	0.251801	0.121679	0.960099	0.165863	-0.982812	0.081058	0.953460	0.138834	-0.267655
18934	9.077466	0.305182	-4.746627	0.180589	-0.113288	-0.018088	0.252850	0.122070	0.959774	0.167654	-0.982529	0.080796	0.952869	0.140481	-0.268898
18935	9.281479	0.033415	-4.738303	0.280748	-0.071069	-0.018986	0.253471	0.122402	0.959568	0.170380	-0.982104	0.080270	0.952220	0.143145	-0.269789
18936	9.267650	0.478384	-3.988968	0.340293	-0.022132	-0.007873	0.253678	0.122557	0.959493	0.173631	-0.981599	0.079475	0.951577	0.146437	-0.270290
18937	9.174336	1.261908	-3.003146	0.214682	-0.012590	0.009177	0.253790	0.122530	0.959467	0.175654	-0.981289	0.078855	0.951176	0.148522	-0.270564
18938	9.171367	1.284774	-2.235033	-0.025358	-0.003400	0.004562	0.253839	0.122540	0.959453	0.175410	-0.981327	0.078926	0.951208	0.148263	-0.270594
18939	9.132906	0.888373	-1.578296	-0.152631	-0.030474	-0.017393	0.254074	0.122800	0.959357	0.174006	-0.981526	0.079555	0.951403	0.146721	-0.270749
18940	9.288914	0.554590	-1.295693	-0.191701	-0.059708	-0.044824	0.254565	0.123386	0.959152	0.172322	-0.981741	0.080557	0.951579	0.144776	-0.271179
18941	9.671234	0.306617	-1.524922	-0.146023	-0.080837	-0.064277	0.255200	0.124178	0.958881	0.171099	-0.981867	0.081618	0.951629	0.143235	-0.271819
18942	9.532302	0.449627	-2.060500	-0.074319	-0.097939	-0.052042	0.256048	0.124879	0.958564	0.170519	-0.981905	0.082372	0.951506	0.142362	-0.272709
18943	9.571374	0.717762	-3.287441	-0.041975	-0.100499	-0.050164	0.256894	0.125559	0.958249	0.170252	-0.981898	0.083016	0.951325	0.141817	-0.273620
18944	9.597491	0.539402	-4.307880	-0.046471	-0.054676	-0.038427	0.257343	0.126074	0.958061	0.169933	-0.981906	0.083566	0.951261	0.141301	-0.274111
18945	8.947555	0.829654	-4.450859	-0.020854	-0.032814	-0.017581	0.257601	0.126337	0.957956	0.169784	-0.981908	0.083840	0.951218	0.141048	-0.274391
18946	9.188118	1.040304	-4.535075	-0.032249	0.006073	-0.011335	0.257543	0.126476	0.957954	0.169490	-0.981939	0.084076	0.951286	0.140710	-0.274328
18947	9.216231	1.189708	-3.851816	-0.058247	0.050376	-0.027406	0.256993	0.126719	0.958069	0.169010	-0.981981	0.084546	0.951520	0.140195	-0.273779
18948	8.933094	1.232384	-2.976961	-0.100384	0.059741	-0.025885	0.256385	0.126949	0.958202	0.168132	-0.982082	0.085125	0.951839	0.139280	-0.273136
18949	9.252651	0.770455	-2.168289	-0.143204	0.042601	-0.038858	0.255891	0.127316	0.958285	0.166872	-0.982226	0.085937	0.952194	0.137921	-0.272588
18950	9.341602	0.087368	-1.632994	-0.108884	0.016159	-0.050832	0.255653	0.127856	0.958277	0.165993	-0.982301	0.086777	0.952412	0.136883	-0.272351
18951	9.348779	-0.272171	-1.339088	-0.057526	-0.032466	-0.068319	0.255825	0.128616	0.958129	0.165623	-0.982287	0.087637	0.952430	0.136269	-0.272595
18952	9.625592	-0.573172	-2.015238	0.018010	-0.079800	-0.091222	0.256439	0.129669	0.957823	0.166050	-0.982138	0.088504	0.952190	0.136350	-0.273390
18953	9.621435	-0.117361	-3.099320	0.162198	-0.083382	-0.106691	0.257031	0.130876	0.957500	0.167871	-0.981771	0.089130	0.951711	0.137828	-0.274316
18954	9.656212	1.000379	-4.215098	0.279540	-0.067451	-0.101925	0.257497	0.132021	0.957218	0.170827	-0.981239	0.089381	0.951059	0.140503	-0.275219
18955	9.542549	1.795028	-5.198157	0.206620	-0.006635	-0.085391	0.257389	0.132913	0.957123	0.173015	-0.980828	0.089678	0.950693	0.142515	-0.275451
18956	9.161500	1.731574	-5.531942	0.128744	0.031166	-0.059237	0.256998	0.133497	0.957147	0.174403	-0.980559	0.089935	0.950545	0.143816	-0.275284
18957	9.423594	1.587444	-5.445298	0.137738	0.096403	-0.039991	0.255987	0.133795	0.957376	0.175818	-0.980301	0.089987	0.950557	0.145289	-0.274468
18958	9.220943	1.635852	-4.390380	0.128754	0.166703	-0.021230	0.254381	0.133808	0.957803	0.177119	-0.980077	0.089879	0.950747	0.146782	-0.273013
18959	9.127321	2.079350	-2.916688	0.028720	0.219642	0.007887	0.252282	0.133452	0.958407	0.177376	-0.980040	0.089773	0.951258	0.147351	-0.270918
18960	8.883711	2.366902	-1.145068	-0.227751	0.214543	0.026995	0.250279	0.132953	0.959001	0.175236	-0.980387	0.090184	0.952183	0.145480	-0.268669
18961	9.168422	1.923694	-0.117817	-0.494298	0.161788	0.050498	0.248801	0.132270	0.959480	0.170404	-0.981157	0.091071	0.953447	0.140840	-0.266652
18962	9.445052	1.221875	0.301380	-0.668006	0.109245	0.040555	0.247837	0.131784	0.959797	0.163947	-0.982121	0.092515	0.954829	0.134427	-0.265012
18963	9.433787	0.343268	0.785910	-0.645501	0.019206	0.036434	0.247689	0.131446	0.959881	0.157693	-0.983011	0.093922	0.955920	0.128103	-0.264209
18964	9.465545	0.156428	0.792579	-0.369348	-0.092976	0.028376	0.248625	0.131346	0.959653	0.154121	-0.983505	0.094681	0.956259	0.124363	-0.264767
18965	9.720616	0.592696	0.154654	-0.080234	-0.172356	0.028864	0.250294	0.131321	0.959222	0.153285	-0.983637	0.094666	0.955958	0.123341	-0.266328
18966	9.604794	1.199169	-0.624934	0.150833	-0.233968	0.023826	0.252552	0.131445	0.958613	0.154714	-0.983468	0.094093	0.955134	0.124547	-0.268714
18967	9.585398	1.578701	-1.907884	0.245402	-0.276761	0.029574	0.255217	0.131547	0.957893	0.156985	-0.983194	0.093195	0.954054	0.126590	-0.271579
18968	9.466297	0.993837	-3.421293	0.332101	-0.285123	0.051066	0.258018	0.131462	0.957154	0.160005	-0.982833	0.091856	0.952798	0.129449	-0.274624
18969	9.534858	1.261042	-4.972368	0.456254	-0.249879	0.058967	0.260470	0.131256	0.956518	0.164200	-0.982305	0.090081	0.951417	0.133597	-0.277413
18970	9.443590	1.271573	-5.479472	0.402490	-0.170635	0.081472	0.262212	0.130761	0.956110	0.167846	-0.981855	0.088251	0.950302	0.137339	-0.279401
18971	8.948842	1.376916	-5.518088	0.277696	-0.130185	0.128522	0.263642	0.129724	0.955858	0.170150	-0.981633	0.086292	0.949496	0.139889	-0.280872
18972	9.186920	1.427354	-5.002982	0.096007	-0.077218	0.147681	0.264634	0.128440	0.955757	0.170678	-0.981683	0.084666	0.949125	0.140721	-0.281709
18973	9.164046	1.165160	-4.011991	-0.105369	-0.034733	0.155328	0.265204	0.127009	0.955790	0.169270	-0.982024	0.083527	0.949218	0.139635	-0.281936
18974	9.118396	0.738069	-2.895066	-0.222931	-0.027534	0.160036	0.265744	0.125537	0.955835	0.166743	-0.982527	0.082685	0.949514	0.137406	-0.282033
18975	9.213733	0.033691	-1.909531	-0.229481	-0.050332	0.146319	0.266440	0.124213	0.955814	0.164179	-0.983018	0.081982	0.949766	0.135081	-0.282309
18976	9.401526	0.158789	-1.106770	-0.064781	-0.089482	0.128386	0.267515	0.123124	0.955655	0.163243	-0.983257	0.080984	0.949625	0.134339	-0.283135
18977	9.647535	1.087458	-1.006679	0.051850	-0.115002	0.114557	0.268771	0.122197	0.955421	0.163432	-0.983323	0.079790	0.949238	0.134701	-0.284260
18978	9.859407	1.626920	-1.503504	0.041673	-0.141535	0.107341	0.270300	0.121385	0.955094	0.163553	-0.983391	0.078695	0.948783	0.134937	-0.285663
18979	9.510353	1.530934	-2.395852	0.022799	-0.160587	0.119908	0.271996	0.120467	0.954728	0.163448	-0.983501	0.077533	0.948316	0.134960	-0.287198
18980	9.465453	1.090432	-3.337149	0.044190	-0.153139	0.120731	0.273671	0.119522	0.954368	0.163477	-0.983592	0.076304	0.947829	0.135135	-0.288719
18981	8.896719	0.629179	-3.484248	0.088025	-0.130526	0.119801	0.275080	0.118566	0.954082	0.163987	-0.983611	0.074955	0.947333	0.135838	-0.290015
18982	8.810497	0.099367	-3.606146	0.123501	-0.131654	0.123885	0.276544	0.117579	0.953781	0.164794	-0.983588	0.073472	0.946766	0.136859	-0.291381
