// General information: 
//  MT Manager version: 2022.2.0 
//  XDA version: 2022.2.0 build 7381 rev 124627 built on 2023-07-19
// Device information: 
//  DeviceId: 00B4CB9F
//  ProductCode: MTW2-3A7G6
//  Firmware Version: 4.6.0
//  Hardware Version: 2.0.0
// Device settings: 
//  Filter Profile: human(46.1)
//  Option Flags: Orientation Smoother Disabled, Position/Velocity Smoother Disabled, Continuous Zero Rotation Update Disabled, AHS Disabled, ICC Disabled
// Coordinate system: ENU
PacketCounter	Acc_X	Acc_Y	Acc_Z	Gyr_X	Gyr_Y	Gyr_Z	Mat[1][1]	Mat[2][1]	Mat[3][1]	Mat[1][2]	Mat[2][2]	Mat[3][2]	Mat[1][3]	Mat[2][3]	Mat[3][3]
16740	9.860865	-0.413897	0.803644	0.045384	-0.011524	-0.000844	0.042360	0.095735	0.994505	-0.577271	0.814775	-0.053845	-0.815453	-0.571818	0.089779
16741	9.765011	-0.430711	0.931539	0.015645	-0.019509	-0.001558	0.042124	0.095670	0.994521	-0.577448	0.814646	-0.053908	-0.815340	-0.572014	0.089561
16742	9.724398	-0.484628	0.892048	0.016500	-0.024422	0.006831	0.041827	0.095582	0.994542	-0.577601	0.814532	-0.053989	-0.815247	-0.572191	0.089278
16743	9.760932	-0.496373	0.850777	0.022551	-0.022618	0.002021	0.041598	0.095533	0.994557	-0.577749	0.814422	-0.054065	-0.815154	-0.572355	0.089072
16744	9.800126	-0.479798	0.925892	0.019600	-0.021577	-0.000046	0.041364	0.095404	0.994579	-0.577924	0.814297	-0.054075	-0.815042	-0.572554	0.088819
16745	9.798482	-0.517033	0.963984	0.020483	-0.015248	0.002059	0.041151	0.095403	0.994588	-0.577990	0.814243	-0.054189	-0.815006	-0.572632	0.088649
16746	9.734536	-0.610951	0.976827	0.025866	-0.008539	0.002791	0.041007	0.095373	0.994597	-0.578217	0.814079	-0.054223	-0.814851	-0.572870	0.088529
16747	9.693560	-0.579301	0.959531	0.028217	-0.001401	0.005666	0.040937	0.095449	0.994592	-0.578553	0.813836	-0.054289	-0.814617	-0.573202	0.088539
16748	9.692143	-0.593673	0.901835	0.032583	0.006337	0.006935	0.040891	0.095537	0.994586	-0.578837	0.813630	-0.054357	-0.814418	-0.573480	0.088571
16749	9.704995	-0.560349	0.935015	0.030941	0.004308	0.014573	0.040801	0.095682	0.994575	-0.579225	0.813345	-0.054485	-0.814146	-0.573860	0.088607
16750	9.739268	-0.524038	0.956758	0.021272	0.007018	0.001035	0.040794	0.095727	0.994571	-0.579415	0.813208	-0.054505	-0.814011	-0.574046	0.088639
16751	9.716402	-0.541041	0.911128	0.008200	0.013029	0.005431	0.040783	0.095883	0.994557	-0.579523	0.813123	-0.054628	-0.813935	-0.574141	0.088728
16752	9.701986	-0.589503	0.821601	0.009330	0.007298	0.001724	0.040774	0.095935	0.994552	-0.579615	0.813055	-0.054665	-0.813869	-0.574229	0.088757
16753	9.726635	-0.621139	0.808902	0.005383	0.006709	0.000725	0.040758	0.095995	0.994547	-0.579791	0.812927	-0.054704	-0.813745	-0.574400	0.088790
16754	9.733075	-0.603936	0.825725	0.000523	0.005102	-0.003417	0.040761	0.095992	0.994547	-0.579810	0.812914	-0.054698	-0.813732	-0.574419	0.088792
16755	9.721298	-0.537947	0.871994	-0.011867	0.003545	-0.004038	0.040709	0.096007	0.994548	-0.579800	0.812918	-0.054741	-0.813741	-0.574410	0.088758
16756	9.734250	-0.503504	0.904682	-0.029685	0.003247	-0.006953	0.040718	0.095965	0.994552	-0.579572	0.813082	-0.054727	-0.813903	-0.574185	0.088726
16757	9.727253	-0.543434	0.986712	-0.040181	0.006992	-0.006022	0.040740	0.095987	0.994549	-0.579379	0.813217	-0.054753	-0.814040	-0.573990	0.088743
16758	9.708633	-0.603192	1.094460	-0.041014	0.006587	-0.013382	0.040813	0.095912	0.994553	-0.579055	0.813452	-0.054685	-0.814266	-0.573669	0.088737
16759	9.825451	-0.606054	1.052179	-0.042138	0.009662	-0.009162	0.040889	0.095938	0.994547	-0.578827	0.813615	-0.054687	-0.814425	-0.573435	0.088800
16760	9.742261	-0.641749	0.940722	-0.042278	0.017020	-0.006524	0.041008	0.095979	0.994538	-0.578496	0.813850	-0.054688	-0.814654	-0.573094	0.088897
16761	9.750105	-0.696077	0.995979	-0.032802	0.014306	-0.006920	0.041146	0.096033	0.994527	-0.578374	0.813938	-0.054667	-0.814733	-0.572959	0.089033
16762	9.694844	-0.711808	0.889316	-0.009891	0.009464	-0.006693	0.041203	0.096029	0.994525	-0.578307	0.813988	-0.054637	-0.814778	-0.572890	0.089073
16763	9.697245	-0.650462	0.752087	0.000640	0.000408	-0.006582	0.041214	0.096044	0.994523	-0.578191	0.814069	-0.054656	-0.814860	-0.572771	0.089083
16764	9.713317	-0.564529	0.802983	-0.010294	-0.000342	-0.006450	0.041191	0.095986	0.994530	-0.578120	0.814121	-0.054630	-0.814911	-0.572708	0.089026
16765	9.729645	-0.564156	0.832886	-0.020077	-0.009475	-0.009511	0.041164	0.095887	0.994541	-0.577940	0.814252	-0.054584	-0.815041	-0.572538	0.088935
16766	9.709630	-0.552595	0.901430	-0.034152	-0.007758	-0.003553	0.041063	0.095810	0.994552	-0.577676	0.814437	-0.054608	-0.815232	-0.572287	0.088791
16767	9.730400	-0.487348	1.007418	-0.045921	-0.008905	-0.010787	0.040989	0.095732	0.994563	-0.577319	0.814689	-0.054625	-0.815489	-0.571941	0.088661
16768	9.713735	-0.509965	1.074077	-0.064370	-0.001023	-0.012926	0.040997	0.095618	0.994574	-0.576805	0.815056	-0.054582	-0.815852	-0.571437	0.088568
16769	9.797589	-0.535424	1.068356	-0.077342	0.011531	-0.018018	0.041163	0.095576	0.994571	-0.576235	0.815464	-0.054515	-0.816247	-0.570863	0.088641
16770	9.767129	-0.581871	0.947975	-0.090829	0.016321	-0.019200	0.041349	0.095509	0.994569	-0.575502	0.815987	-0.054433	-0.816754	-0.570126	0.088706
16771	9.749872	-0.679524	0.839749	-0.078357	0.018507	-0.022781	0.041597	0.095469	0.994563	-0.574886	0.816428	-0.054325	-0.817175	-0.569501	0.088845
16772	9.707919	-0.745525	0.744864	-0.061486	0.011858	-0.017746	0.041738	0.095388	0.994565	-0.574393	0.816781	-0.054232	-0.817515	-0.569007	0.088881
16773	9.642154	-0.680896	0.742326	-0.041046	0.009902	-0.018235	0.041883	0.095342	0.994563	-0.574077	0.817009	-0.054145	-0.817730	-0.568688	0.088953
16774	9.684164	-0.611914	0.838638	-0.033916	0.002722	-0.022033	0.041974	0.095174	0.994575	-0.573807	0.817209	-0.053985	-0.817914	-0.568428	0.088913
16775	9.698335	-0.562549	0.929801	-0.038917	0.005821	-0.023031	0.042046	0.095046	0.994585	-0.573576	0.817380	-0.053864	-0.818073	-0.568205	0.088884
16776	9.768860	-0.644821	0.989414	-0.041068	0.009904	-0.018261	0.042174	0.094950	0.994588	-0.573249	0.817616	-0.053748	-0.818295	-0.567880	0.088912
16777	9.778680	-0.660720	1.004401	-0.030138	0.013320	-0.018876	0.042409	0.094945	0.994579	-0.572958	0.817827	-0.053641	-0.818487	-0.567577	0.089082
16778	9.827430	-0.551151	1.020649	-0.038776	0.022351	-0.016390	0.042628	0.094935	0.994570	-0.572651	0.818049	-0.053542	-0.818691	-0.567259	0.089236
16779	9.834202	-0.543460	1.195658	-0.065253	0.037033	-0.022157	0.042990	0.094989	0.994550	-0.572132	0.818419	-0.053436	-0.819034	-0.566716	0.089530
16780	9.782319	-0.591686	1.088863	-0.060782	0.040087	-0.024046	0.043398	0.095017	0.994529	-0.571641	0.818772	-0.053280	-0.819356	-0.566201	0.089849
16781	9.808211	-0.572615	0.883777	-0.049349	0.048633	-0.028060	0.043931	0.095089	0.994499	-0.571334	0.819000	-0.053071	-0.819541	-0.565859	0.090307
16782	9.753631	-0.671000	0.758963	-0.066232	0.047315	-0.031665	0.044442	0.095095	0.994476	-0.570794	0.819391	-0.052845	-0.819890	-0.565292	0.090695
16783	9.780883	-0.931686	0.587623	-0.046274	0.040251	-0.028706	0.044837	0.095124	0.994455	-0.570547	0.819574	-0.052671	-0.820040	-0.565022	0.091020
16784	9.724297	-0.982784	0.521862	0.010508	0.021488	-0.013901	0.045035	0.095129	0.994446	-0.570644	0.819514	-0.052552	-0.819962	-0.565108	0.091191
16785	9.714325	-0.779772	0.610573	0.050976	0.012485	-0.011311	0.045152	0.095176	0.994436	-0.571035	0.819247	-0.052481	-0.819683	-0.565488	0.091339
16786	9.715161	-0.580541	0.770843	0.060066	0.005296	-0.012478	0.045209	0.095101	0.994440	-0.571538	0.818905	-0.052331	-0.819329	-0.565995	0.091376
16787	9.686360	-0.438618	0.964910	0.056539	0.006540	-0.012201	0.045275	0.095109	0.994437	-0.571952	0.818621	-0.052254	-0.819037	-0.566404	0.091461
16788	9.702824	-0.338308	1.075946	0.037580	0.012575	-0.015744	0.045410	0.095049	0.994436	-0.572269	0.818410	-0.052092	-0.818808	-0.566720	0.091558
16789	9.706404	-0.381356	1.231076	0.010626	0.016793	-0.017126	0.045554	0.095063	0.994428	-0.572378	0.818339	-0.052009	-0.818724	-0.566819	0.091690
16790	9.706882	-0.464875	1.212259	0.001559	0.029934	-0.021226	0.045863	0.095057	0.994415	-0.572398	0.818337	-0.051826	-0.818692	-0.566824	0.091941
16791	9.761814	-0.521815	1.146687	0.003472	0.041187	-0.024888	0.046260	0.095099	0.994392	-0.572551	0.818243	-0.051617	-0.818563	-0.566952	0.092301
16792	9.721080	-0.573294	1.113161	0.015165	0.050311	-0.019140	0.046724	0.095225	0.994359	-0.572683	0.818161	-0.051442	-0.818444	-0.567049	0.092761
16793	9.731264	-0.663599	0.955012	0.038060	0.044884	-0.014576	0.047158	0.095366	0.994325	-0.573162	0.817837	-0.051255	-0.818084	-0.567492	0.093228
16794	9.761497	-0.580233	0.827710	0.069356	0.045770	-0.011367	0.047540	0.095530	0.994291	-0.573742	0.817440	-0.051107	-0.817655	-0.568036	0.093671
16795	9.722025	-0.509346	0.775601	0.076883	0.037151	-0.009100	0.047781	0.095733	0.994260	-0.574283	0.817062	-0.051074	-0.817261	-0.568546	0.094018
16796	9.741608	-0.433082	0.730937	0.069423	0.035141	-0.009351	0.048063	0.095855	0.994234	-0.574863	0.816662	-0.050945	-0.816837	-0.569100	0.094355
16797	9.726205	-0.417565	0.761770	0.046225	0.025428	-0.012662	0.048245	0.095943	0.994217	-0.575350	0.816325	-0.050857	-0.816483	-0.569569	0.094584
16798	9.699171	-0.422036	0.817177	0.016545	0.020648	-0.018279	0.048460	0.095909	0.994210	-0.575494	0.816234	-0.050689	-0.816369	-0.569705	0.094750
16799	9.687415	-0.440783	0.844158	-0.001400	0.011080	-0.011317	0.048619	0.095925	0.994201	-0.575552	0.816198	-0.050604	-0.816319	-0.569753	0.094892
16800	9.751848	-0.430479	0.811274	-0.023519	0.006278	-0.020408	0.048729	0.095792	0.994208	-0.575367	0.816338	-0.050453	-0.816442	-0.569576	0.094895
16801	9.797113	-0.381903	0.964229	-0.055550	0.012924	-0.018617	0.048889	0.095759	0.994203	-0.574941	0.816642	-0.050384	-0.816733	-0.569145	0.094981
16802	9.813235	-0.480301	0.916777	-0.092985	0.015504	-0.018146	0.049062	0.095697	0.994201	-0.574190	0.817174	-0.050322	-0.817251	-0.568391	0.095041
16803	9.794756	-0.628825	0.789444	-0.084372	0.017766	-0.026936	0.049299	0.095653	0.994193	-0.573437	0.817708	-0.050238	-0.817765	-0.567630	0.095163
16804	9.691410	-0.665290	0.688395	-0.066319	0.016713	-0.031815	0.049560	0.095486	0.994196	-0.572896	0.818101	-0.050014	-0.818128	-0.567092	0.095249
16805	9.759513	-0.687884	0.654351	-0.063103	0.030812	-0.031029	0.049916	0.095457	0.994181	-0.572390	0.818465	-0.049847	-0.818461	-0.566571	0.095493
16806	9.781385	-0.780863	0.566372	-0.056028	0.031640	-0.036363	0.050325	0.095337	0.994172	-0.571931	0.818803	-0.049568	-0.818757	-0.566103	0.095733
16807	9.800401	-0.826278	0.538767	-0.053231	0.026668	-0.025324	0.050619	0.095320	0.994159	-0.571559	0.819071	-0.049431	-0.818998	-0.565718	0.095942
16808	9.782184	-0.762322	0.629077	-0.053556	0.022816	-0.030370	0.050922	0.095199	0.994155	-0.571123	0.819388	-0.049210	-0.819284	-0.565279	0.096095
16809	9.806878	-0.692229	0.697158	-0.058716	0.027930	-0.027718	0.051320	0.095158	0.994138	-0.570714	0.819686	-0.048998	-0.819543	-0.564854	0.096374
16810	9.885429	-0.718470	0.736541	-0.068201	0.039881	-0.037451	0.051802	0.095075	0.994121	-0.570154	0.820092	-0.048721	-0.819903	-0.564278	0.096690
16811	9.858309	-0.722088	0.793265	-0.063438	0.046806	-0.034303	0.052394	0.095099	0.994088	-0.569700	0.820423	-0.048459	-0.820181	-0.563793	0.097164
16812	9.810951	-0.704321	0.763908	-0.044446	0.046779	-0.035953	0.052925	0.095067	0.994063	-0.569335	0.820693	-0.048174	-0.820400	-0.563405	0.097560
16813	9.597690	-0.694363	0.839960	-0.023345	0.042050	-0.038133	0.053435	0.095030	0.994039	-0.569179	0.820819	-0.047873	-0.820476	-0.563228	0.097950
16814	9.449019	-0.549751	1.079018	-0.000419	0.045288	-0.039220	0.053972	0.094962	0.994017	-0.569172	0.820844	-0.047514	-0.820445	-0.563202	0.098353
16815	9.464944	-0.173017	1.490020	-0.025663	0.066040	-0.045498	0.054735	0.094993	0.993972	-0.569063	0.820943	-0.047120	-0.820471	-0.563053	0.098991
16816	9.608646	0.002412	1.988894	-0.088935	0.090140	-0.053389	0.055720	0.095061	0.993911	-0.568321	0.821480	-0.046708	-0.820918	-0.562258	0.099798
16817	9.793115	-0.352704	1.935227	-0.157943	0.114205	-0.055337	0.056966	0.095311	0.993816	-0.566936	0.822455	-0.046380	-0.821790	-0.560788	0.100887
16818	9.865076	-0.852725	1.782676	-0.143637	0.127008	-0.044344	0.058204	0.095657	0.993711	-0.565747	0.823288	-0.046115	-0.822522	-0.559505	0.102036
16819	9.800191	-0.750892	1.537192	-0.071749	0.121781	-0.038461	0.059339	0.096056	0.993606	-0.565217	0.823666	-0.045871	-0.822805	-0.558881	0.103168
16820	9.701101	-0.476564	1.273591	-0.021540	0.107596	-0.035211	0.060366	0.096366	0.993514	-0.565037	0.823806	-0.045573	-0.822854	-0.558621	0.104181
16821	9.602002	-0.448279	1.042842	0.017435	0.088767	-0.036990	0.061217	0.096596	0.993439	-0.565223	0.823695	-0.045261	-0.822663	-0.558744	0.105023
16822	9.613188	-0.450241	0.908579	0.042692	0.064702	-0.025844	0.061838	0.096744	0.993386	-0.565577	0.823467	-0.044989	-0.822374	-0.559055	0.105638
16823	9.648270	-0.372300	0.897309	0.051236	0.043232	-0.027458	0.062246	0.096800	0.993355	-0.565967	0.823212	-0.044756	-0.822075	-0.559420	0.106027
16824	9.663709	-0.369920	0.931451	0.036633	0.023157	-0.024933	0.062520	0.096724	0.993346	-0.566271	0.823017	-0.044499	-0.821845	-0.559721	0.106227
16825	9.667462	-0.388500	0.988757	0.021994	0.005745	-0.022919	0.062652	0.096609	0.993349	-0.566632	0.822780	-0.044282	-0.821586	-0.560089	0.106291
16826	9.584814	-0.394429	1.204967	0.009186	-0.006365	-0.019292	0.062652	0.096414	0.993368	-0.566714	0.822733	-0.044110	-0.821529	-0.560192	0.106185
16827	9.467241	-0.378444	1.302624	0.008972	-0.018855	-0.018515	0.062591	0.096203	0.993392	-0.566800	0.822682	-0.043958	-0.821474	-0.560303	0.106020
16828	9.753858	-0.414318	1.309369	0.024060	-0.025425	-0.015806	0.062414	0.095930	0.993429	-0.567007	0.822548	-0.043805	-0.821345	-0.560547	0.105731
16829	10.144528	-0.263226	1.304953	0.004388	-0.016613	-0.017745	0.062263	0.095722	0.993459	-0.567174	0.822438	-0.043697	-0.821241	-0.560743	0.105499
16830	9.456447	-0.380601	1.379936	-0.015242	-0.027636	-0.021559	0.062101	0.095389	0.993501	-0.567054	0.822529	-0.043529	-0.821336	-0.560666	0.105171
16831	9.743203	-0.455870	1.211446	-0.017778	-0.013582	-0.014668	0.062052	0.095221	0.993520	-0.567133	0.822481	-0.043407	-0.821285	-0.560765	0.105040
16832	9.720046	-0.560585	0.968542	-0.012549	-0.009364	-0.027359	0.062073	0.094943	0.993546	-0.567033	0.822563	-0.043178	-0.821353	-0.560693	0.104895
16833	9.808630	-0.643280	0.843416	0.018994	-0.016348	-0.022202	0.062025	0.094714	0.993570	-0.567314	0.822379	-0.042980	-0.821162	-0.561001	0.104740
16834	9.759833	-0.651622	0.905748	0.035711	-0.012925	-0.014712	0.061945	0.094520	0.993594	-0.567618	0.822178	-0.042826	-0.820958	-0.561329	0.104581
16835	9.809019	-0.613491	0.957912	0.040554	-0.011322	-0.010458	0.061851	0.094389	0.993612	-0.567986	0.821929	-0.042724	-0.820711	-0.561715	0.104448
16836	9.801290	-0.543638	0.962219	0.045490	-0.009065	-0.010446	0.061778	0.094252	0.993630	-0.568372	0.821668	-0.042602	-0.820449	-0.562120	0.104331
16837	9.777692	-0.323697	1.035387	0.027843	0.000361	-0.013951	0.061782	0.094181	0.993636	-0.568678	0.821461	-0.042502	-0.820237	-0.562433	0.104310
16838	9.720573	-0.114164	1.203987	-0.009319	0.016564	-0.023077	0.061992	0.094084	0.993632	-0.568607	0.821520	-0.042312	-0.820270	-0.562363	0.104424
16839	9.684716	0.001885	1.497689	-0.061679	0.038665	-0.030678	0.062425	0.094080	0.993606	-0.568214	0.821802	-0.042114	-0.820509	-0.561952	0.104759
16840	9.672372	-0.126414	1.603045	-0.121140	0.055349	-0.050313	0.063108	0.093977	0.993572	-0.567208	0.822515	-0.041771	-0.821153	-0.560926	0.105211
16841	9.696379	-0.627584	1.394220	-0.131621	0.065531	-0.045148	0.063868	0.094005	0.993521	-0.566231	0.823202	-0.041490	-0.821769	-0.559912	0.105805
16842	9.753095	-0.806134	1.348767	-0.085601	0.075370	-0.037792	0.064644	0.094116	0.993460	-0.565523	0.823701	-0.041236	-0.822195	-0.559159	0.106472
16843	9.723278	-0.777247	1.197063	-0.043985	0.085436	-0.033313	0.065459	0.094378	0.993382	-0.565139	0.823974	-0.041043	-0.822395	-0.558712	0.107273
16844	9.684344	-0.756590	0.915108	-0.008998	0.082602	-0.029394	0.066247	0.094597	0.993309	-0.565065	0.824037	-0.040791	-0.822382	-0.558582	0.108043
16845	9.678426	-0.783185	0.847669	0.032355	0.074342	-0.032840	0.067012	0.094799	0.993238	-0.565403	0.823821	-0.040483	-0.822088	-0.558867	0.108806
16846	9.585894	-0.699638	0.805668	0.054767	0.060694	-0.033773	0.067644	0.094861	0.993190	-0.565850	0.823532	-0.040117	-0.821729	-0.559283	0.109384
16847	9.744809	-0.727456	0.788671	0.061194	0.046608	-0.035354	0.068194	0.094876	0.993151	-0.566464	0.823128	-0.039738	-0.821260	-0.559874	0.109876
16848	9.934836	-0.645774	0.756685	0.071010	0.033313	-0.033449	0.068600	0.094788	0.993131	-0.567045	0.822746	-0.039357	-0.820826	-0.560450	0.110189
16849	9.688316	-0.487524	0.866088	0.055712	0.012850	-0.038360	0.068787	0.094577	0.993138	-0.567479	0.822463	-0.039019	-0.820509	-0.560901	0.110246
16850	9.687005	-0.333927	0.966371	0.021602	0.002134	-0.042073	0.068986	0.094244	0.993156	-0.567648	0.822366	-0.038607	-0.820376	-0.561100	0.110229
16851	9.766603	-0.293219	1.081602	-0.037431	0.000048	-0.058198	0.069189	0.093807	0.993183	-0.567335	0.822602	-0.038173	-0.820576	-0.560826	0.110135
16852	9.690864	-0.442257	1.155548	-0.083007	-0.010702	-0.063884	0.069405	0.093221	0.993223	-0.566630	0.823112	-0.037660	-0.821044	-0.560176	0.109950
16853	9.669592	-0.530191	0.970357	-0.079338	-0.013911	-0.067893	0.069609	0.092650	0.993263	-0.565793	0.823708	-0.037183	-0.821604	-0.559393	0.109758
16854	9.759905	-0.331872	1.100421	-0.113679	-0.008140	-0.065052	0.069852	0.092069	0.993300	-0.564834	0.824388	-0.036691	-0.822243	-0.558486	0.109589
16855	10.161048	-0.181665	1.675008	-0.184623	0.036077	-0.089194	0.070599	0.091586	0.993291	-0.563375	0.825414	-0.036065	-0.823180	-0.557049	0.109871
16856	9.926434	-0.258004	2.124945	-0.265216	0.086099	-0.104064	0.071836	0.091206	0.993238	-0.561136	0.826968	-0.035354	-0.824600	-0.554802	0.110585
16857	9.709090	-0.627117	1.904982	-0.238793	0.081236	-0.122267	0.073083	0.090703	0.993193	-0.559047	0.828417	-0.034518	-0.825908	-0.552719	0.111250
16858	9.643899	-0.659976	1.266735	-0.158726	0.066557	-0.121293	0.074253	0.090066	0.993164	-0.557667	0.829388	-0.033520	-0.826737	-0.551366	0.111811
16859	9.713636	-0.725499	0.830790	-0.144614	0.073600	-0.118871	0.075465	0.089547	0.993120	-0.556305	0.830339	-0.032597	-0.827544	-0.550018	0.112477
16860	9.644732	-1.131384	0.495181	-0.112091	0.067751	-0.110299	0.076581	0.089004	0.993083	-0.555314	0.831038	-0.031658	-0.828107	-0.549048	0.113067
16861	9.533543	-1.082751	0.286425	-0.019666	0.042939	-0.094877	0.077457	0.088511	0.993059	-0.555129	0.831195	-0.030785	-0.828150	-0.548891	0.113517
16862	9.610149	-0.867164	0.237310	0.017042	0.023226	-0.087998	0.078080	0.087908	0.993064	-0.555222	0.831164	-0.029922	-0.828029	-0.549034	0.113706
16863	9.627067	-0.808979	0.289974	0.002103	0.012305	-0.079242	0.078543	0.087379	0.993074	-0.555257	0.831165	-0.029217	-0.827961	-0.549117	0.113800
16864	9.618214	-0.982298	0.542125	-0.004229	0.003166	-0.074868	0.078928	0.086775	0.993096	-0.555184	0.831239	-0.028509	-0.827974	-0.549101	0.113784
16865	9.579368	-1.005188	0.618543	0.037867	-0.015756	-0.061714	0.079059	0.086236	0.993133	-0.555593	0.830985	-0.027928	-0.827687	-0.549570	0.113609
16866	9.766888	-0.668500	0.723354	0.102334	-0.036787	-0.055716	0.079007	0.085572	0.993195	-0.556416	0.830455	-0.027289	-0.827139	-0.550474	0.113225
16867	9.765072	-0.073200	0.983296	0.120032	-0.040060	-0.057405	0.078987	0.084943	0.993250	-0.557388	0.829824	-0.026641	-0.826486	-0.551522	0.112891
16868	9.754345	0.366119	1.224000	0.072021	-0.040327	-0.068352	0.078977	0.084155	0.993318	-0.557950	0.829470	-0.025912	-0.826108	-0.552176	0.112463
16869	9.694983	0.292938	1.461069	0.011522	-0.027192	-0.081529	0.079198	0.083385	0.993365	-0.558069	0.829414	-0.025129	-0.826007	-0.552376	0.112223
16870	9.670816	0.007480	1.582127	-0.004993	-0.014399	-0.084971	0.079496	0.082603	0.993407	-0.557981	0.829497	-0.024322	-0.826037	-0.552369	0.112033
16871	9.736826	-0.134750	1.604252	0.014195	0.004137	-0.078253	0.079890	0.082023	0.993423	-0.558185	0.829381	-0.023590	-0.825862	-0.552629	0.112043
16872	9.667585	-0.167859	1.561584	0.051095	0.006920	-0.072406	0.080294	0.081462	0.993437	-0.558570	0.829143	-0.022844	-0.825562	-0.553070	0.112078
16873	9.525762	-0.169899	1.440201	0.074301	0.010939	-0.063276	0.080617	0.081049	0.993445	-0.559310	0.828661	-0.022218	-0.825029	-0.553852	0.112136
16874	9.669849	-0.104889	1.196672	0.096695	0.011320	-0.056862	0.080971	0.080642	0.993449	-0.560083	0.828156	-0.021575	-0.824470	-0.554667	0.112223
16875	9.949964	0.016170	1.136800	0.073504	0.013093	-0.057214	0.081350	0.080300	0.993446	-0.560694	0.827757	-0.020994	-0.824017	-0.555312	0.112361
16876	9.879297	0.057797	1.231622	0.035902	0.016441	-0.066039	0.081798	0.079846	0.993445	-0.560958	0.827595	-0.020328	-0.823793	-0.555618	0.112486
16877	9.726932	0.020955	1.076059	0.034390	-0.006042	-0.070134	0.082091	0.079288	0.993466	-0.561094	0.827518	-0.019680	-0.823671	-0.555813	0.112420
16878	9.753435	-0.002010	1.061999	0.008321	-0.005951	-0.072097	0.082389	0.078660	0.993491	-0.561125	0.827514	-0.018985	-0.823621	-0.555908	0.112316
16879	9.744777	-0.075998	1.180675	-0.035772	-0.007158	-0.073213	0.082740	0.078062	0.993509	-0.560997	0.827615	-0.018307	-0.823672	-0.555841	0.112269
16880	9.809542	-0.245009	1.300605	-0.053133	-0.002120	-0.070238	0.083059	0.077471	0.993529	-0.560523	0.827950	-0.017700	-0.823963	-0.555425	0.112193
16881	9.811806	-0.235105	1.473249	-0.055979	0.006068	-0.072182	0.083486	0.076960	0.993533	-0.560067	0.828271	-0.017097	-0.824230	-0.555017	0.112252
16882	9.621973	0.002995	1.513390	-0.049495	0.019750	-0.075878	0.084016	0.076443	0.993528	-0.559617	0.828589	-0.016430	-0.824482	-0.554614	0.112394
16883	9.569900	0.158876	1.523267	-0.067505	0.019132	-0.079395	0.084550	0.075934	0.993522	-0.559044	0.828988	-0.015783	-0.824816	-0.554088	0.112542
16884	9.573669	0.245460	1.621125	-0.104377	0.035199	-0.081560	0.085239	0.075455	0.993499	-0.558136	0.829612	-0.015121	-0.825360	-0.553218	0.112829
16885	9.533768	0.273006	1.722059	-0.145286	0.045511	-0.098128	0.086154	0.074948	0.993459	-0.556899	0.830456	-0.014356	-0.826100	-0.552019	0.113286
16886	9.502520	-0.009439	1.777059	-0.186835	0.051927	-0.103256	0.087100	0.074379	0.993419	-0.555287	0.831548	-0.013573	-0.827085	-0.550450	0.113730
16887	9.495013	-0.234866	2.013386	-0.194169	0.054301	-0.103071	0.088088	0.073876	0.993369	-0.553704	0.832615	-0.012820	-0.828041	-0.548903	0.114249
16888	9.617572	-0.309642	1.955531	-0.165450	0.048819	-0.099837	0.088987	0.073314	0.993331	-0.552267	0.833580	-0.012049	-0.828904	-0.547512	0.114667
16889	9.780124	-0.556303	1.740152	-0.127546	0.050118	-0.090109	0.089839	0.072887	0.993286	-0.550975	0.834444	-0.011398	-0.829672	-0.546252	0.115125
16890	9.781202	-0.384037	1.476748	-0.061505	0.045646	-0.084335	0.090625	0.072436	0.993247	-0.550410	0.834826	-0.010662	-0.829961	-0.545727	0.115525
16891	9.622862	-0.095713	1.216420	-0.038588	0.029681	-0.084550	0.091263	0.071951	0.993224	-0.550150	0.835007	-0.009939	-0.830064	-0.545515	0.115789
16892	9.596037	-0.122434	0.980729	-0.050851	0.013367	-0.088720	0.091805	0.071286	0.993222	-0.549669	0.835333	-0.009147	-0.830323	-0.545103	0.115871
16893	9.636268	-0.235812	0.843752	-0.047120	-0.003686	-0.083387	0.092155	0.070629	0.993237	-0.549305	0.835579	-0.008453	-0.830525	-0.544811	0.115800
16894	9.677421	-0.246809	0.918376	-0.036485	-0.018421	-0.075185	0.092357	0.069904	0.993269	-0.548954	0.835816	-0.007779	-0.830734	-0.544541	0.115568
16895	9.645556	-0.176069	0.932617	-0.038465	-0.037354	-0.081872	0.092478	0.069078	0.993316	-0.548705	0.835986	-0.007052	-0.830885	-0.544385	0.115214
16896	9.646992	-0.129487	0.889571	-0.051927	-0.059857	-0.085879	0.092395	0.068037	0.993395	-0.548216	0.836313	-0.006290	-0.831217	-0.544014	0.114570
16897	9.712356	-0.108228	0.850695	-0.069818	-0.085564	-0.088149	0.092171	0.066894	0.993494	-0.547638	0.836697	-0.005530	-0.831623	-0.543565	0.113753
16898	9.836225	-0.078255	0.819227	-0.091587	-0.104770	-0.091315	0.091742	0.065564	0.993622	-0.546814	0.837240	-0.004758	-0.832213	-0.542890	0.112662
16899	9.848808	-0.098701	0.763245	-0.115108	-0.119456	-0.096431	0.091261	0.064161	0.993758	-0.545775	0.837922	-0.003979	-0.832947	-0.542005	0.111486
16900	9.795870	-0.120780	0.796349	-0.126550	-0.134075	-0.101893	0.090642	0.062584	0.993915	-0.544650	0.838657	-0.003138	-0.833751	-0.541052	0.110104
16901	9.814559	-0.151013	1.024312	-0.139507	-0.140408	-0.104094	0.089993	0.061009	0.994072	-0.543540	0.839380	-0.002309	-0.834545	-0.540110	0.108699
16902	9.716805	-0.237666	1.271175	-0.141770	-0.136193	-0.116264	0.089430	0.059302	0.994226	-0.542275	0.840200	-0.001338	-0.835428	-0.539024	0.107297
16903	9.777337	-0.348531	1.322251	-0.146105	-0.134882	-0.113881	0.088811	0.057656	0.994378	-0.540784	0.841162	-0.000473	-0.836460	-0.537702	0.105884
16904	9.752193	-0.349339	1.361538	-0.148019	-0.120483	-0.116118	0.088373	0.056036	0.994510	-0.539464	0.842008	0.000494	-0.837358	-0.536546	0.104640
16905	9.785462	-0.341208	1.411170	-0.149530	-0.113365	-0.121162	0.087987	0.054468	0.994631	-0.538262	0.842777	0.001464	-0.838172	-0.535501	0.103471
16906	9.745334	-0.312555	1.325201	-0.150378	-0.099951	-0.123891	0.087758	0.052893	0.994737	-0.536914	0.843633	0.002509	-0.839060	-0.534308	0.102434
16907	9.732776	-0.362723	1.204700	-0.135576	-0.094728	-0.127500	0.087596	0.051377	0.994830	-0.535822	0.844324	0.003576	-0.839775	-0.533365	0.101488
16908	9.829806	-0.338419	1.224576	-0.123041	-0.084110	-0.134829	0.087554	0.049794	0.994914	-0.534693	0.845033	0.004761	-0.840499	-0.532390	0.100611
16909	9.688535	-0.165939	1.449288	-0.124896	-0.068332	-0.145343	0.087753	0.048270	0.994972	-0.533626	0.845699	0.006036	-0.841156	-0.531473	0.099970
16910	9.589733	-0.222230	1.433566	-0.114561	-0.073809	-0.160302	0.087929	0.046526	0.995040	-0.532544	0.846369	0.007485	-0.841823	-0.530561	0.099198
16911	9.831102	-0.712328	1.113991	-0.102233	-0.082926	-0.151219	0.088024	0.044873	0.995107	-0.531650	0.846918	0.008837	-0.842377	-0.529827	0.098406
16912	9.725408	-1.100715	0.760946	-0.042472	-0.094916	-0.143713	0.087931	0.043158	0.995191	-0.531189	0.847192	0.010194	-0.842678	-0.529531	0.097419
16913	9.644160	-0.636111	0.689488	0.062117	-0.106739	-0.125585	0.087705	0.041589	0.995278	-0.531536	0.846958	0.011448	-0.842483	-0.530030	0.096389
16914	9.557276	-0.000085	0.798752	0.093801	-0.116267	-0.126161	0.087340	0.039909	0.995379	-0.532239	0.846498	0.012762	-0.842077	-0.530894	0.095175
16915	9.592321	0.375119	0.913949	0.050685	-0.128346	-0.134997	0.086893	0.038134	0.995488	-0.532377	0.846391	0.014047	-0.842035	-0.531196	0.093847
16916	9.562515	0.321711	0.974638	-0.014197	-0.123223	-0.146736	0.086580	0.036242	0.995585	-0.532153	0.846507	0.015463	-0.842209	-0.531143	0.092577
16917	9.554965	0.245492	1.121024	-0.036704	-0.127437	-0.164672	0.086338	0.034231	0.995678	-0.531638	0.846801	0.016987	-0.842559	-0.530807	0.091310
16918	9.593581	0.454571	1.327653	-0.072291	-0.121469	-0.180882	0.086219	0.032060	0.995760	-0.530895	0.847231	0.018690	-0.843040	-0.530256	0.090068
16919	9.471594	0.298843	1.377820	-0.134191	-0.113985	-0.181959	0.086154	0.029985	0.995831	-0.529729	0.847924	0.020298	-0.843780	-0.529269	0.088936
16920	9.708549	0.285417	1.535790	-0.175956	-0.098632	-0.189382	0.086266	0.027862	0.995882	-0.528103	0.848895	0.021996	-0.844787	-0.527826	0.087945
16921	9.621446	0.243896	1.709822	-0.207543	-0.077249	-0.191144	0.086566	0.025883	0.995910	-0.526077	0.850109	0.023633	-0.846020	-0.525971	0.087207
16922	9.546406	-0.055041	1.403269	-0.200074	-0.079062	-0.181994	0.086796	0.023926	0.995939	-0.524248	0.851192	0.025240	-0.847131	-0.524310	0.086423
16923	9.723188	-0.384412	1.020051	-0.180035	-0.075778	-0.159592	0.086903	0.022243	0.995968	-0.522645	0.852136	0.026572	-0.848110	-0.522847	0.085678
16924	9.786299	-0.531871	0.563778	-0.084041	-0.086877	-0.131057	0.086793	0.020678	0.996012	-0.521840	0.852591	0.027773	-0.848616	-0.522170	0.084790
16925	9.738814	0.124491	0.302364	0.041812	-0.114041	-0.122932	0.086456	0.019106	0.996072	-0.522166	0.852351	0.028973	-0.848450	-0.522620	0.083668
16926	9.749845	1.034687	0.227197	0.054012	-0.141078	-0.136266	0.085915	0.017213	0.996154	-0.522530	0.852081	0.030343	-0.848281	-0.523127	0.082201
16927	9.733645	1.242112	0.068254	-0.049614	-0.159079	-0.153228	0.085303	0.015130	0.996240	-0.521877	0.852430	0.031739	-0.848745	-0.522622	0.080611
16928	9.657047	0.518826	0.018051	-0.175165	-0.165290	-0.156391	0.084657	0.012940	0.996326	-0.520279	0.853354	0.033124	-0.849790	-0.521171	0.078975
16929	9.638007	-0.064587	0.194610	-0.212573	-0.167443	-0.144987	0.083967	0.010896	0.996409	-0.518472	0.854404	0.034349	-0.850962	-0.519494	0.077391
16930	9.745016	-0.938285	-0.079618	-0.176464	-0.168649	-0.099087	0.082987	0.009180	0.996508	-0.516909	0.855318	0.035168	-0.852008	-0.518023	0.075726
16931	10.128798	-0.761173	0.012730	-0.041824	-0.170973	-0.050647	0.081671	0.007927	0.996628	-0.516535	0.855529	0.035524	-0.852362	-0.517695	0.073967
16932	10.070611	0.139918	0.880040	0.013057	-0.139675	-0.031489	0.080587	0.006941	0.996723	-0.516644	0.855451	0.035814	-0.852400	-0.517837	0.072524
16933	10.219057	0.847450	1.395265	0.037266	-0.125370	-0.040392	0.079638	0.005984	0.996806	-0.516654	0.855431	0.036142	-0.852483	-0.517882	0.071216
16934	10.127491	1.573555	1.690495	-0.000919	-0.088506	-0.054291	0.079107	0.005068	0.996853	-0.516625	0.855427	0.036649	-0.852549	-0.517899	0.070289
16935	9.885600	1.726042	1.683371	-0.057374	-0.048660	-0.083062	0.079079	0.004153	0.996860	-0.515976	0.855788	0.037367	-0.852945	-0.517311	0.069818
16936	9.668335	1.406374	1.536883	-0.114144	-0.002337	-0.088584	0.079459	0.003389	0.996832	-0.514954	0.856369	0.038136	-0.853527	-0.516353	0.069792
16937	9.530127	0.663989	0.845048	-0.120879	0.015859	-0.085430	0.080010	0.002776	0.996790	-0.513708	0.857085	0.038847	-0.854226	-0.515167	0.070001
16938	9.623772	0.085074	0.344690	-0.043529	0.008687	-0.067731	0.080375	0.002247	0.996762	-0.513304	0.857300	0.039458	-0.854435	-0.514813	0.070059
16939	9.614285	0.452462	0.043923	0.030120	-0.008163	-0.058486	0.080532	0.001740	0.996750	-0.513301	0.857277	0.039976	-0.854422	-0.514852	0.069931
16940	9.540352	0.967133	-0.141022	0.005300	-0.038084	-0.056157	0.080439	0.001069	0.996759	-0.513323	0.857239	0.040506	-0.854418	-0.514917	0.069504
16941	9.381792	1.160944	-0.073505	-0.114025	-0.082102	-0.063855	0.079959	0.000139	0.996798	-0.512113	0.857941	0.040960	-0.855188	-0.513749	0.068671
16942	9.385805	0.780365	0.142870	-0.237947	-0.112515	-0.085170	0.079375	-0.001161	0.996844	-0.510030	0.859149	0.041613	-0.856486	-0.511724	0.067602
16943	9.451435	0.545736	0.543247	-0.288523	-0.147397	-0.097378	0.078535	-0.002709	0.996908	-0.507422	0.860658	0.042313	-0.858111	-0.509176	0.066217
16944	9.787148	0.409044	1.011135	-0.305204	-0.154088	-0.094685	0.077634	-0.004300	0.996973	-0.504748	0.862194	0.043023	-0.859769	-0.506560	0.064765
16945	9.783049	0.264289	1.272436	-0.283640	-0.149531	-0.088172	0.076829	-0.005801	0.997027	-0.502114	0.863696	0.043717	-0.861382	-0.503981	0.063444
16946	9.719823	0.203844	1.471066	-0.218699	-0.148728	-0.074629	0.075865	-0.007186	0.997092	-0.500194	0.864780	0.044290	-0.862584	-0.502099	0.062012
16947	9.671586	0.393251	1.572045	-0.112036	-0.144283	-0.059166	0.074886	-0.008388	0.997157	-0.499089	0.865394	0.044761	-0.863309	-0.501022	0.060620
16948	9.777188	0.591887	1.487886	-0.018826	-0.131100	-0.046787	0.073932	-0.009441	0.997219	-0.498913	0.865473	0.045182	-0.863493	-0.500866	0.059275
16949	9.903751	0.690865	1.388412	0.066012	-0.114242	-0.037196	0.073082	-0.010295	0.997273	-0.499364	0.865196	0.045526	-0.863305	-0.501329	0.058089
16950	9.939727	0.730854	1.199034	0.150672	-0.111018	-0.017304	0.072154	-0.010994	0.997333	-0.500672	0.864427	0.045751	-0.862625	-0.502638	0.056868
16951	9.985918	0.829151	0.646691	0.221724	-0.118038	-0.005285	0.071110	-0.011595	0.997401	-0.502463	0.863382	0.045860	-0.861670	-0.504418	0.055569
16952	10.097371	1.364884	0.447712	0.227516	-0.122265	0.016772	0.069916	-0.012060	0.997480	-0.504454	0.862224	0.045783	-0.860603	-0.506384	0.054200
16953	9.940716	1.680114	0.014699	0.126436	-0.138044	0.022848	0.068599	-0.012547	0.997565	-0.505331	0.861721	0.045588	-0.860195	-0.507228	0.052773
16954	9.741828	1.607749	-0.288059	0.001472	-0.179178	0.026752	0.066866	-0.013217	0.997674	-0.505382	0.861706	0.045287	-0.860301	-0.507235	0.050940
16955	9.638572	1.223411	-0.638576	-0.118316	-0.229578	0.042627	0.064568	-0.013969	0.997816	-0.504278	0.862383	0.044705	-0.861124	-0.506063	0.048638
16956	9.735800	0.811900	-0.551885	-0.180708	-0.271589	0.071387	0.061812	-0.014717	0.997979	-0.502786	0.863297	0.043872	-0.862198	-0.504482	0.045963
16957	9.705021	0.850194	0.101071	-0.229571	-0.320165	0.103666	0.058509	-0.015432	0.998168	-0.500596	0.864627	0.042710	-0.863702	-0.502177	0.042864
16958	9.669248	1.177504	0.788272	-0.288271	-0.355340	0.141259	0.054676	-0.015981	0.998376	-0.498203	0.866084	0.041147	-0.865335	-0.499644	0.039392
16959	9.780127	1.323085	1.627462	-0.392945	-0.342028	0.151688	0.050987	-0.016373	0.998565	-0.494729	0.868149	0.039495	-0.867550	-0.496033	0.036164
16960	9.725619	0.853571	2.261965	-0.445336	-0.291485	0.148337	0.047668	-0.016515	0.998727	-0.490953	0.870364	0.037825	-0.869881	-0.492131	0.033380
16961	9.328458	0.181206	2.510558	-0.400030	-0.210744	0.149693	0.045040	-0.016209	0.998854	-0.487477	0.872388	0.036138	-0.871973	-0.488546	0.031391
16962	9.354838	-0.161939	3.006071	-0.217365	-0.207441	0.153670	0.042427	-0.015870	0.998974	-0.485666	0.873463	0.034503	-0.873114	-0.486632	0.029351
16963	9.424457	-0.193469	2.542512	-0.010227	-0.190712	0.158793	0.039997	-0.015387	0.999081	-0.485601	0.873562	0.032894	-0.873265	-0.486470	0.027467
16964	9.305370	-0.389969	2.122782	0.149640	-0.195084	0.149420	0.037511	-0.015024	0.999183	-0.486984	0.872846	0.031406	-0.872605	-0.487764	0.025425
16965	9.275822	-0.061004	1.677693	0.300695	-0.234720	0.147209	0.034691	-0.014842	0.999288	-0.489486	0.871497	0.029937	-0.871321	-0.490176	0.022969
16966	9.164311	0.652017	1.380448	0.357291	-0.291550	0.163195	0.031296	-0.014845	0.999400	-0.492668	0.869756	0.028347	-0.869654	-0.493259	0.019906
16967	9.313472	0.895735	1.274503	0.301939	-0.326221	0.171549	0.027564	-0.014919	0.999509	-0.495103	0.868426	0.026616	-0.868397	-0.495593	0.016551
16968	9.174579	0.685163	1.198007	0.266366	-0.354318	0.171809	0.023580	-0.015179	0.999607	-0.497476	0.867120	0.024903	-0.867157	-0.497868	0.012896
16969	9.064350	0.709005	1.133921	0.296864	-0.411631	0.175185	0.019090	-0.015654	0.999695	-0.500089	0.865665	0.023105	-0.865763	-0.500378	0.008697
16970	9.095625	0.970990	1.070031	0.274850	-0.452748	0.186778	0.014181	-0.016301	0.999767	-0.502516	0.864308	0.021220	-0.864452	-0.502699	0.004065
16971	9.602272	0.863212	0.408731	0.198145	-0.522751	0.204481	0.008588	-0.017107	0.999817	-0.504199	0.863376	0.019103	-0.863545	-0.504270	-0.001211
16972	9.759754	0.827415	0.730049	0.035553	-0.540456	0.201604	0.002848	-0.018084	0.999832	-0.504534	0.863224	0.017051	-0.863387	-0.504498	-0.006665
16973	9.385408	0.474378	0.680255	-0.044476	-0.604256	0.196556	-0.003486	-0.019345	0.999807	-0.504300	0.863399	0.014947	-0.863522	-0.504150	-0.012766
16974	9.611696	0.279275	0.838624	-0.045009	-0.644686	0.203222	-0.010134	-0.020830	0.999732	-0.503913	0.863658	0.012887	-0.863695	-0.503648	-0.019249
16975	9.715017	0.506269	1.935745	-0.055104	-0.638902	0.184746	-0.016592	-0.022403	0.999611	-0.503275	0.864056	0.011011	-0.863967	-0.502896	-0.025612
16976	9.490803	0.399394	2.787123	-0.028254	-0.638712	0.171243	-0.023028	-0.024126	0.999444	-0.503012	0.864229	0.009272	-0.863972	-0.502519	-0.032037
16977	9.382926	0.221080	3.141661	0.084545	-0.645093	0.172460	-0.029542	-0.025812	0.999230	-0.503977	0.863685	0.007411	-0.863212	-0.503370	-0.038523
16978	9.561250	0.610383	3.161735	0.257288	-0.647609	0.195715	-0.036171	-0.027380	0.998970	-0.506147	0.862431	0.005311	-0.861688	-0.505434	-0.045054
16979	9.829631	1.404465	3.286222	0.376099	-0.630148	0.218623	-0.042732	-0.028613	0.998677	-0.509177	0.860657	0.002872	-0.859601	-0.508380	-0.051347
16980	9.923570	1.975743	3.628197	0.416563	-0.580730	0.231906	-0.048958	-0.029574	0.998363	-0.512661	0.858591	0.000294	-0.857194	-0.511807	-0.057196
16981	10.582096	2.307830	4.019240	0.445094	-0.480393	0.234807	-0.054344	-0.029945	0.998073	-0.516506	0.856280	-0.002433	-0.854557	-0.515643	-0.062000
16982	11.133538	2.410954	4.439747	0.502331	-0.299674	0.234073	-0.058171	-0.029487	0.997871	-0.520675	0.853740	-0.005125	-0.851771	-0.519864	-0.065016
16983	12.224380	1.797297	4.568136	0.484417	-0.104570	0.201427	-0.060120	-0.028240	0.997792	-0.524584	0.851326	-0.007513	-0.849233	-0.523877	-0.065996
16984	11.201762	0.343330	4.098338	0.365047	0.135913	0.167301	-0.059903	-0.026096	0.997863	-0.527595	0.849444	-0.009458	-0.847382	-0.527034	-0.064653
16985	10.649814	-0.550560	3.412549	0.355392	0.290010	0.172154	-0.058429	-0.022990	0.998027	-0.530603	0.847542	-0.011541	-0.845604	-0.530230	-0.061719
16986	10.931085	-0.368454	2.899716	0.459384	0.372722	0.196771	-0.056386	-0.019333	0.998222	-0.534383	0.845129	-0.013817	-0.843359	-0.534212	-0.057984
16987	12.622170	0.705811	3.152469	0.468377	0.382113	0.222570	-0.054470	-0.015266	0.998399	-0.538450	0.842496	-0.016494	-0.840895	-0.538486	-0.054111
16988	12.568206	0.685431	3.450854	0.163885	0.547751	0.229574	-0.051160	-0.010373	0.998637	-0.539721	0.841632	-0.018908	-0.840288	-0.539952	-0.048656
16989	11.593969	1.025321	3.790203	0.030331	0.611831	0.222049	-0.047241	-0.005074	0.998871	-0.539992	0.841401	-0.021265	-0.840343	-0.540387	-0.042489
16990	11.348235	1.068718	4.045801	-0.101472	0.691356	0.221008	-0.042678	0.000527	0.999089	-0.539055	0.841944	-0.023471	-0.841189	-0.539565	-0.035648
16991	11.329572	1.075403	4.818809	-0.135615	0.805567	0.213042	-0.037091	0.006769	0.999289	-0.538240	0.842400	-0.025684	-0.841975	-0.538810	-0.027602
16992	11.259590	1.180533	5.632303	-0.109697	0.940906	0.171852	-0.030146	0.013289	0.999457	-0.537274	0.842962	-0.027414	-0.842869	-0.537808	-0.018271
16993	11.436957	1.249593	6.096519	-0.142268	1.149905	0.102473	-0.021096	0.020496	0.999567	-0.536451	0.843446	-0.028616	-0.843668	-0.536823	-0.006799
16994	11.934679	1.083891	6.321812	-0.326383	1.444794	0.013939	-0.009024	0.028355	0.999557	-0.533709	0.845178	-0.028794	-0.845620	-0.533732	0.007506
16995	12.510432	0.494956	6.010548	-0.689152	1.819104	-0.106624	0.006936	0.037250	0.999282	-0.528139	0.848697	-0.027971	-0.849129	-0.527566	0.025560
16996	12.588319	-0.527463	5.444149	-1.199100	2.145596	-0.219605	0.026311	0.046589	0.998568	-0.517903	0.855037	-0.026246	-0.855035	-0.516470	0.046626
16997	11.943420	-1.343916	4.480957	-1.455474	2.146853	-0.296420	0.046282	0.055137	0.997406	-0.505442	0.862520	-0.024227	-0.861618	-0.503009	0.067788
16998	11.797374	-1.270161	1.832295	-1.169274	1.901275	-0.330863	0.064309	0.061742	0.996018	-0.495176	0.868518	-0.021866	-0.866409	-0.491798	0.086427
16999	12.500103	-1.026492	-1.601003	-0.413752	1.694711	-0.324717	0.080532	0.067420	0.994469	-0.491735	0.870533	-0.019197	-0.867013	-0.487469	0.103259
17000	13.735475	-0.785107	-2.406581	0.092713	1.834200	-0.210253	0.097395	0.074538	0.992451	-0.492372	0.870218	-0.017039	-0.864918	-0.486995	0.121455
17001	13.416436	-1.261615	-2.176799	-0.084117	2.100705	-0.100923	0.115992	0.084086	0.989684	-0.491763	0.870576	-0.016332	-0.862969	-0.484796	0.142330
17002	11.830258	-2.247140	-2.143046	-0.374612	2.122615	-0.107295	0.134771	0.093400	0.986465	-0.488420	0.872464	-0.015878	-0.862138	-0.479669	0.163201
17003	10.873286	-3.211815	-2.844171	-0.323495	2.032721	-0.126878	0.152852	0.102215	0.982949	-0.485681	0.874001	-0.015361	-0.860668	-0.475051	0.183237
17004	10.396121	-3.321409	-3.134286	0.041117	2.005868	-0.063818	0.170337	0.111182	0.979093	-0.485955	0.873860	-0.014688	-0.857224	-0.473294	0.202880
17005	10.342864	-3.407232	-2.995474	0.370576	1.963660	0.046052	0.186749	0.121142	0.974910	-0.489582	0.871836	-0.014552	-0.851724	-0.474581	0.222123
