// General information: 
//  MT Manager version: 2022.2.0 
//  XDA version: 2022.2.0 build 7381 rev 124627 built on 2023-07-19
// Device information: 
//  DeviceId: 00B4CBA7
//  ProductCode: MTW2-3A7G6
//  Firmware Version: 4.6.0
//  Hardware Version: 2.0.0
// Device settings: 
//  Filter Profile: human(46.1)
//  Option Flags: Orientation Smoother Disabled, Position/Velocity Smoother Disabled, Continuous Zero Rotation Update Disabled, AHS Disabled, ICC Disabled
// Coordinate system: ENU
PacketCounter	Acc_X	Acc_Y	Acc_Z	Gyr_X	Gyr_Y	Gyr_Z	Mat[1][1]	Mat[2][1]	Mat[3][1]	Mat[1][2]	Mat[2][2]	Mat[3][2]	Mat[1][3]	Mat[2][3]	Mat[3][3]
04556	9.591054	-0.231418	-2.411883	-0.241717	-0.410270	0.071453	0.211301	0.119121	0.970135	0.581881	-0.812828	-0.026931	0.785345	0.570194	-0.241066
04557	9.675327	-0.688191	-2.237036	-0.233705	-0.415441	0.070305	0.214944	0.120940	0.969109	0.579895	-0.814243	-0.027005	0.785825	0.567787	-0.245149
04558	9.744749	-0.805066	-1.994231	-0.205709	-0.422758	0.064541	0.218603	0.122846	0.968050	0.578136	-0.815491	-0.027067	0.786111	0.565582	-0.249291
04559	9.735749	-0.660072	-1.820734	-0.202335	-0.436325	0.051047	0.222299	0.124919	0.966943	0.576433	-0.816698	-0.027012	0.786325	0.563383	-0.253559
04560	9.694483	-0.489027	-1.774644	-0.239981	-0.446969	0.045598	0.226040	0.127096	0.965791	0.574442	-0.818107	-0.026785	0.786716	0.560845	-0.257934
04561	9.615436	-0.579652	-2.026830	-0.279427	-0.465722	0.039065	0.229900	0.129408	0.964572	0.572155	-0.819721	-0.026395	0.787264	0.557953	-0.262495
04562	9.674948	-0.652516	-2.292521	-0.270113	-0.473085	0.030323	0.233762	0.131829	0.963315	0.569956	-0.821267	-0.025918	0.787722	0.555106	-0.267117
04563	9.725131	-0.637572	-2.487781	-0.263268	-0.479203	0.010357	0.237567	0.134424	0.962025	0.567858	-0.822738	-0.025269	0.788098	0.552297	-0.271789
04564	9.729369	-1.036957	-2.740926	-0.231334	-0.472010	-0.007551	0.241208	0.137124	0.960737	0.566052	-0.824005	-0.024507	0.788292	0.549738	-0.276376
04565	9.638627	-1.040467	-2.692253	-0.157188	-0.469848	-0.033095	0.244695	0.140002	0.959439	0.564895	-0.824822	-0.023712	0.788047	0.547785	-0.280916
04566	9.435391	-0.896938	-2.519471	-0.133173	-0.475383	-0.050047	0.248121	0.143052	0.958108	0.563968	-0.825482	-0.022801	0.787639	0.546000	-0.285496
04567	9.399476	-0.946350	-2.499533	-0.109020	-0.479060	-0.072354	0.251457	0.146288	0.956749	0.563293	-0.825971	-0.021755	0.787064	0.544401	-0.290099
04568	9.328967	-0.595855	-2.357467	-0.090820	-0.498223	-0.090837	0.254828	0.149784	0.955315	0.562808	-0.826332	-0.020567	0.786327	0.542900	-0.294873
04569	9.518536	-0.302738	-2.301772	-0.108966	-0.526762	-0.107852	0.258333	0.153557	0.953774	0.562231	-0.826758	-0.019175	0.785595	0.541195	-0.299913
04570	9.496348	-0.505162	-2.259234	-0.097357	-0.547323	-0.119966	0.261920	0.157544	0.952144	0.561779	-0.827098	-0.017682	0.784731	0.539526	-0.305139
04571	9.500714	-0.492984	-2.155722	-0.045457	-0.579559	-0.130769	0.265700	0.161775	0.950385	0.561771	-0.827133	-0.016260	0.783465	0.538219	-0.310650
04572	9.800464	-0.401381	-2.227657	0.009980	-0.613040	-0.148535	0.269627	0.166338	0.948490	0.562247	-0.826837	-0.014826	0.781780	0.537283	-0.316460
04573	10.134321	0.303326	-2.229956	0.058109	-0.649559	-0.152542	0.273810	0.171112	0.946440	0.563119	-0.826265	-0.013528	0.779695	0.536663	-0.322597
04574	10.000773	1.133857	-1.886169	-0.015356	-0.697654	-0.146013	0.278385	0.176096	0.944189	0.563403	-0.826094	-0.012043	0.777868	0.535312	-0.329185
04575	9.679845	1.432590	-1.509153	-0.114370	-0.764993	-0.133032	0.283550	0.181307	0.941662	0.562893	-0.826465	-0.010369	0.776370	0.532995	-0.336401
04576	9.505775	1.394511	-1.197474	-0.175993	-0.839772	-0.113655	0.289388	0.186748	0.938818	0.561855	-0.827191	-0.008647	0.774967	0.529982	-0.344305
04577	9.626612	1.258659	-1.041242	-0.153878	-0.919618	-0.093717	0.295949	0.192410	0.935624	0.560943	-0.827823	-0.007192	0.773147	0.526961	-0.352924
04578	9.685928	1.355479	-0.875037	-0.127391	-1.001743	-0.063138	0.303292	0.198234	0.932050	0.560151	-0.828368	-0.006093	0.770873	0.523937	-0.362279
04579	9.687250	1.373121	-0.907310	-0.142645	-1.086809	-0.024771	0.311484	0.204142	0.928064	0.559136	-0.829059	-0.005297	0.768339	0.520564	-0.372382
04580	9.894681	1.108081	-1.291645	-0.159341	-1.166501	0.006066	0.320429	0.210180	0.923661	0.557898	-0.829896	-0.004697	0.765556	0.516813	-0.383182
04581	10.126941	1.117502	-1.905295	-0.149435	-1.226304	0.039010	0.329980	0.216197	0.918897	0.556636	-0.830744	-0.004434	0.762410	0.512955	-0.394472
04582	10.177254	1.581749	-2.325536	-0.188024	-1.281086	0.075121	0.340108	0.222154	0.913769	0.554958	-0.831867	-0.004315	0.759176	0.508571	-0.406211
04583	9.989717	1.784029	-2.527814	-0.289685	-1.343543	0.117008	0.350899	0.228003	0.908231	0.552368	-0.833590	-0.004144	0.756148	0.503132	-0.418448
04584	9.884567	1.898578	-2.356535	-0.376852	-1.406816	0.149117	0.362302	0.233830	0.902253	0.548997	-0.835815	-0.003839	0.753219	0.496725	-0.431190
04585	9.731574	1.910303	-2.048317	-0.431200	-1.474354	0.174225	0.374300	0.239671	0.895800	0.545124	-0.838348	-0.003474	0.750159	0.489622	-0.444445
04586	10.005273	1.925477	-1.440199	-0.453867	-1.562422	0.201423	0.387053	0.245610	0.888744	0.540967	-0.841038	-0.003169	0.746689	0.482008	-0.458393
04587	10.485317	1.858226	-0.964543	-0.401326	-1.647368	0.219328	0.400462	0.251670	0.881075	0.537127	-0.843496	-0.003196	0.742378	0.474529	-0.472967
04588	11.376422	2.059458	-0.206932	-0.346172	-1.769949	0.250469	0.414861	0.257927	0.872562	0.533553	-0.845759	-0.003675	0.737029	0.467083	-0.488490
04589	12.783990	2.534229	0.247034	-0.295599	-1.900338	0.294071	0.430329	0.264272	0.863121	0.530154	-0.847888	-0.004713	0.730584	0.459615	-0.504976
04590	14.184797	3.324593	0.649936	-0.318998	-2.030575	0.350406	0.446909	0.270586	0.852676	0.526308	-0.850272	-0.006028	0.723376	0.451464	-0.522406
04591	14.586417	4.338367	1.072297	-0.403494	-2.154808	0.438131	0.464665	0.276512	0.841206	0.521423	-0.853265	-0.007548	0.715684	0.442132	-0.540662
04592	14.053066	4.208416	0.240566	-0.562000	-2.235740	0.561679	0.483457	0.281510	0.828867	0.514772	-0.857279	-0.009094	0.708010	0.431074	-0.559371
04593	13.055248	2.159648	-1.284276	-0.483995	-2.255157	0.666633	0.502689	0.285415	0.815991	0.508097	-0.861219	-0.011777	0.699386	0.420523	-0.577944
04594	11.883923	0.424567	-2.936326	-0.115728	-2.244694	0.710728	0.521829	0.288682	0.802718	0.503667	-0.863734	-0.016798	0.688486	0.413069	-0.596122
04595	10.993385	-0.595928	-3.728842	0.141541	-2.247416	0.699035	0.540623	0.291894	0.789002	0.500940	-0.865172	-0.023170	0.675859	0.407769	-0.613954
04596	10.893950	-2.691423	-4.902799	0.271376	-2.223120	0.676129	0.558847	0.295102	0.774987	0.499056	-0.866047	-0.030096	0.662294	0.403581	-0.631260
04597	11.065925	-5.074612	-5.371471	0.571742	-2.173770	0.647880	0.576263	0.298280	0.760887	0.499146	-0.865654	-0.038682	0.647127	0.402085	-0.647730
04598	11.572089	-6.167823	-5.968223	0.938986	-2.085330	0.667816	0.592891	0.300950	0.746933	0.501259	-0.863862	-0.049821	0.630253	0.403945	-0.663030
04599	11.807024	-5.072230	-5.779459	1.279691	-1.990312	0.650049	0.608476	0.303465	0.733258	0.505330	-0.860611	-0.063164	0.611882	0.408971	-0.677011
04600	10.742242	-3.918338	-5.688490	1.202834	-1.857819	0.570968	0.622545	0.306242	0.720176	0.509092	-0.857396	-0.075484	0.594360	0.413628	-0.689673
04601	9.215861	-3.207099	-5.556913	1.014941	-1.754351	0.445321	0.635055	0.309744	0.707646	0.512273	-0.854538	-0.085683	0.578171	0.416922	-0.701352
04602	8.011956	-3.583239	-6.571758	0.776766	-1.586458	0.326338	0.645759	0.313627	0.696156	0.514643	-0.852301	-0.093414	0.564037	0.418594	-0.711787
04603	6.829641	-4.061735	-7.154051	0.802078	-1.367506	0.173773	0.654232	0.317918	0.686228	0.518019	-0.849466	-0.100322	0.551033	0.421113	-0.720435
04604	5.787981	-3.787762	-7.123268	0.822589	-1.115476	0.033809	0.660457	0.322388	0.678131	0.522306	-0.846087	-0.106458	0.539437	0.424503	-0.727190
04605	4.832734	-3.415335	-6.820238	0.814083	-0.868123	-0.082102	0.664617	0.326812	0.671921	0.527236	-0.842331	-0.111809	0.529439	0.428571	-0.732134
04606	4.307037	-2.920067	-6.495110	0.738877	-0.609390	-0.186006	0.666802	0.331039	0.667674	0.532382	-0.838527	-0.115937	0.521483	0.432765	-0.735370
04607	3.747832	-2.318165	-6.936674	0.664367	-0.410485	-0.256858	0.667507	0.335000	0.664988	0.537575	-0.834764	-0.119084	0.515216	0.436971	-0.737299
04608	2.184513	-2.960591	-7.957090	0.212873	-0.293488	-0.283269	0.667455	0.338685	0.663172	0.540585	-0.832869	-0.118727	0.512125	0.437746	-0.738991
04609	0.736938	-5.077982	-8.433156	0.129471	-0.494761	-0.293194	0.668343	0.343315	0.659888	0.543240	-0.831285	-0.117713	0.508143	0.437150	-0.742086
04610	3.498609	-3.390943	-6.216828	0.637882	-0.631158	-0.381721	0.669408	0.349288	0.655661	0.549036	-0.827154	-0.119899	0.500453	0.440243	-0.745475
04611	5.830609	-1.505453	-4.790249	0.474374	-0.151536	-0.579643	0.666917	0.354767	0.655257	0.555310	-0.822998	-0.119606	0.496843	0.443638	-0.745877
04612	5.345433	-1.635148	-4.752652	0.293046	0.324157	-0.705754	0.661331	0.359156	0.658519	0.561479	-0.819163	-0.117105	0.497375	0.447190	-0.743397
04613	4.747928	-2.299347	-4.938221	0.294383	0.722511	-0.689880	0.653785	0.361571	0.664704	0.567519	-0.815333	-0.114690	0.500487	0.452215	-0.738251
04614	4.671951	-3.108166	-5.153090	0.519220	1.145862	-0.689522	0.644052	0.361984	0.673917	0.574629	-0.810458	-0.113840	0.504973	0.460571	-0.729984
04615	4.520684	-3.338454	-5.442930	0.846485	1.503897	-0.716038	0.632228	0.360768	0.685663	0.583527	-0.803900	-0.115072	0.509690	0.472855	-0.718766
04616	4.639149	-2.207733	-5.286065	1.118045	1.804109	-0.797250	0.618260	0.358511	0.699446	0.594261	-0.795649	-0.117462	0.514402	0.488275	-0.704967
04617	5.068996	-1.012949	-4.917697	1.171971	2.061605	-0.924922	0.601997	0.355611	0.714941	0.605998	-0.786506	-0.119057	0.519967	0.504925	-0.688974
04618	5.572888	-0.230900	-5.388758	0.836397	2.259627	-1.024854	0.583852	0.352093	0.731538	0.616480	-0.778586	-0.117286	0.528269	0.519456	-0.671637
04619	5.681907	-0.299045	-5.635568	0.386905	2.399475	-1.061932	0.564398	0.347748	0.748683	0.624674	-0.772819	-0.111955	0.539664	0.530870	-0.653406
04620	6.071883	-0.464069	-5.670829	-0.083863	2.491942	-1.049844	0.544146	0.342551	0.765875	0.630053	-0.769635	-0.103414	0.554019	0.538814	-0.634619
04621	6.728397	-0.733946	-5.695616	-0.477869	2.607321	-1.005917	0.523076	0.336189	0.783178	0.632760	-0.768791	-0.092601	0.570969	0.544001	-0.614863
04622	7.463715	-1.138923	-5.726059	-0.774822	2.703836	-0.946704	0.501352	0.328756	0.800353	0.633129	-0.769863	-0.080369	0.589740	0.547020	-0.594118
04623	8.209197	-1.635723	-5.760736	-0.964144	2.809016	-0.889256	0.478830	0.320238	0.817416	0.631729	-0.772244	-0.067516	0.609623	0.548714	-0.572077
04624	8.786955	-1.972961	-5.722875	-0.962738	2.935107	-0.843060	0.455288	0.310662	0.834387	0.629715	-0.774869	-0.055106	0.629421	0.550515	-0.548417
04625	9.048784	-2.342047	-5.932819	-0.848499	3.083962	-0.824671	0.430344	0.300052	0.851336	0.627966	-0.777020	-0.043572	0.648431	0.553361	-0.522809
04626	9.204127	-2.370676	-6.001406	-0.600599	3.210802	-0.811098	0.404116	0.288549	0.868003	0.627414	-0.777965	-0.033487	0.665614	0.558130	-0.495428
04627	9.446496	-1.872050	-6.017641	-0.345278	3.319711	-0.817695	0.376580	0.276280	0.884227	0.628299	-0.777582	-0.024625	0.680756	0.564832	-0.466408
04628	9.596439	-0.942249	-5.807728	-0.179941	3.397531	-0.829537	0.347961	0.263436	0.899736	0.630074	-0.776363	-0.016359	0.694212	0.572592	-0.436128
04629	9.738472	-0.019227	-5.366112	-0.201193	3.417817	-0.828342	0.318738	0.250178	0.914230	0.631439	-0.775385	-0.007963	0.706888	0.579818	-0.405117
04630	9.967577	0.682478	-4.970172	-0.330569	3.417371	-0.814921	0.289179	0.236617	0.927571	0.631562	-0.775325	0.000884	0.719378	0.585563	-0.373646
04631	10.163242	0.644050	-4.845742	-0.448245	3.416314	-0.804059	0.259266	0.222782	0.939760	0.630524	-0.776105	0.010033	0.731587	0.589940	-0.341687
04632	10.563770	0.928536	-4.643439	-0.525861	3.389474	-0.770508	0.229379	0.208751	0.950688	0.628529	-0.777552	0.019084	0.743194	0.593158	-0.309560
04633	10.929722	1.700037	-4.095591	-0.719010	3.320503	-0.685565	0.200159	0.194384	0.960287	0.624621	-0.780434	0.027784	0.754841	0.594254	-0.277627
04634	11.265970	1.623330	-3.953179	-1.033484	3.237567	-0.567812	0.171949	0.179657	0.968585	0.617808	-0.785504	0.036021	0.767299	0.592205	-0.246060
04635	11.427038	0.784226	-3.742526	-1.217990	3.131868	-0.459693	0.144850	0.164809	0.975631	0.609115	-0.791897	0.043337	0.779742	0.587995	-0.215094
04636	11.445823	0.608505	-3.233291	-1.232453	3.000814	-0.380281	0.118941	0.150299	0.981460	0.599929	-0.798516	0.049579	0.791163	0.582909	-0.185144
04637	11.317438	0.964535	-2.781935	-1.230197	2.836083	-0.306199	0.094482	0.136312	0.986150	0.590457	-0.805211	0.054731	0.801519	0.577108	-0.156565
04638	10.978470	1.424956	-2.373086	-1.299628	2.637382	-0.215447	0.071913	0.122964	0.989802	0.580145	-0.812390	0.058774	0.811332	0.570003	-0.129758
04639	11.834977	1.671945	0.098721	-1.568958	2.368657	-0.021554	0.052398	0.109767	0.992575	0.567342	-0.821229	0.060868	0.821813	0.559941	-0.105306
04640	10.787067	0.527142	-2.964808	-1.347099	2.135389	0.072311	0.035127	0.097345	0.994631	0.556170	-0.828792	0.061472	0.830326	0.551024	-0.083253
04641	8.972113	0.720116	-2.014023	-1.091611	1.735229	0.105123	0.021195	0.086984	0.995984	0.547035	-0.834865	0.061272	0.836842	0.543539	-0.065278
04642	8.581323	1.304906	-2.957293	-0.754529	1.320239	0.222210	0.011290	0.078021	0.996888	0.540654	-0.839135	0.059551	0.841169	0.538299	-0.051657
04643	8.815546	2.794277	-2.516988	-0.562433	0.963407	0.297504	0.004728	0.070365	0.997510	0.535883	-0.842374	0.056882	0.844279	0.534280	-0.041690
04644	8.713892	3.212127	-2.757296	-0.590738	0.708165	0.417395	0.000928	0.063113	0.998006	0.530860	-0.845801	0.052994	0.847459	0.529752	-0.034289
04645	8.327885	2.288512	-2.837889	-0.492909	0.499562	0.489142	-0.000770	0.056347	0.998411	0.526667	-0.848698	0.048303	0.850071	0.525868	-0.029023
04646	7.899489	1.471381	-2.633563	-0.272696	0.350637	0.547716	-0.000910	0.049892	0.998754	0.524337	-0.850426	0.042960	0.851510	0.523723	-0.025387
04647	8.054621	1.007319	-2.227652	-0.089796	0.204314	0.590431	0.000401	0.043816	0.999040	0.523565	-0.851177	0.037121	0.851986	0.523047	-0.023282
04648	8.170415	0.377499	-3.058573	0.173417	0.096794	0.581775	0.002592	0.038398	0.999259	0.525018	-0.850514	0.031321	0.851087	0.524548	-0.022364
04649	7.325561	0.265542	-3.278774	0.401915	-0.058719	0.552375	0.005958	0.034032	0.999403	0.528402	-0.848604	0.025746	0.848973	0.527934	-0.023039
04650	7.202720	0.564326	-3.822294	0.535181	-0.226858	0.491351	0.010453	0.031110	0.999461	0.532884	-0.845934	0.020758	0.846124	0.532380	-0.025421
04651	7.243095	0.559730	-4.199119	0.596773	-0.355299	0.404878	0.015581	0.029610	0.999440	0.537862	-0.842869	0.016586	0.842889	0.537303	-0.029059
04652	7.226838	-0.084375	-4.955874	0.665985	-0.431017	0.309399	0.020843	0.029374	0.999351	0.543394	-0.839372	0.013338	0.839219	0.542763	-0.033456
04653	6.888559	-0.851563	-5.901215	0.906075	-0.440953	0.198636	0.025580	0.030140	0.999218	0.550920	-0.834484	0.011068	0.834166	0.550207	-0.037951
04654	6.399046	-1.276258	-6.487864	1.158572	-0.410438	0.072818	0.029359	0.031851	0.999061	0.560514	-0.828085	0.009928	0.827624	0.559697	-0.042164
04655	6.083998	-1.305319	-6.641684	1.360459	-0.348850	-0.067344	0.031815	0.034398	0.998902	0.571733	-0.820378	0.010040	0.819823	0.570786	-0.045767
04656	5.878515	-0.986132	-6.734502	1.445260	-0.275092	-0.227694	0.032706	0.037879	0.998747	0.583582	-0.811970	0.011685	0.811395	0.582469	-0.048662
04657	5.964836	-0.868495	-7.098922	1.426682	-0.183798	-0.402550	0.031784	0.042233	0.998602	0.595219	-0.803423	0.015033	0.802935	0.593909	-0.050674
04658	6.229786	-0.801965	-6.831649	1.347945	-0.098900	-0.571101	0.029105	0.047426	0.998451	0.606149	-0.795097	0.020097	0.794818	0.604625	-0.051888
04659	8.412626	-0.558851	-4.566465	0.938214	-0.030667	-0.635455	0.025441	0.052668	0.998288	0.613744	-0.789077	0.025989	0.789095	0.612032	-0.052400
04660	9.064708	-1.734728	-5.525343	0.902220	0.149638	-0.633776	0.020313	0.056764	0.998181	0.620971	-0.783184	0.031901	0.783570	0.619194	-0.051157
04661	8.976108	-2.041227	-3.943062	0.550332	0.063787	-0.385863	0.017382	0.059405	0.998083	0.625337	-0.779546	0.035507	0.780161	0.623521	-0.050698
04662	11.555617	-1.426759	0.693097	-0.338682	-0.185190	0.180238	0.019913	0.059184	0.998048	0.622645	-0.781768	0.033936	0.782251	0.620754	-0.052418
04663	14.434136	-3.575102	2.044479	-1.101054	-0.204040	0.717446	0.025925	0.054829	0.998159	0.613821	-0.788970	0.027395	0.789019	0.611981	-0.054110
04664	16.346121	3.731971	1.517237	-0.280586	-0.442093	0.863381	0.034667	0.050743	0.998110	0.611331	-0.791147	0.018988	0.790615	0.609517	-0.058448
04665	16.322021	13.329315	5.737372	-1.952822	-0.759085	0.474918	0.043551	0.051545	0.997721	0.595585	-0.803143	0.015495	0.802111	0.593552	-0.065678
04666	17.785626	-1.993004	-1.699875	-3.371704	-0.802029	-0.126659	0.049288	0.057261	0.997142	0.568260	-0.822626	0.019151	0.821372	0.565692	-0.073084
04667	11.707267	-5.859578	-4.282227	-1.154596	-0.632901	-0.315356	0.052699	0.063439	0.996593	0.558893	-0.828915	0.023211	0.827564	0.555765	-0.079139
04668	7.742551	-8.760205	-6.807275	1.510071	-0.600286	-0.355225	0.055596	0.069778	0.996012	0.571504	-0.820201	0.025560	0.818714	0.567804	-0.085478
04669	7.238509	-4.449409	-7.047298	4.223456	-0.504676	-0.245619	0.058194	0.074735	0.995504	0.605688	-0.795331	0.024301	0.793571	0.601551	-0.091550
04670	8.092777	4.196788	-5.620412	4.743527	-0.352656	-0.141156	0.060020	0.078058	0.995140	0.642705	-0.765818	0.021307	0.763759	0.638302	-0.096133
04671	8.894411	10.637024	-3.000850	3.166661	-0.181537	-0.120335	0.060575	0.080168	0.994939	0.666628	-0.745137	0.019454	0.742925	0.662076	-0.098579
04672	8.859655	10.580282	-1.473785	0.330988	-0.205389	0.090055	0.062658	0.080893	0.994751	0.669018	-0.743022	0.018281	0.740601	0.664361	-0.100675
04673	8.974305	5.913777	-1.422653	-2.045588	-0.575868	0.466727	0.070019	0.081198	0.994235	0.653415	-0.756835	0.015794	0.753755	0.648543	-0.106049
04674	10.199109	-0.002820	-2.067455	-3.145193	-0.756489	0.575887	0.079448	0.081627	0.993491	0.628958	-0.777321	0.013569	0.773369	0.623786	-0.113097
04675	10.901923	-5.191211	-2.573977	-2.759226	-0.591979	0.438247	0.086756	0.081839	0.992862	0.607016	-0.794592	0.012455	0.789940	0.601603	-0.118614
04676	10.613872	-8.135607	-2.648178	-1.323144	-0.408066	0.212290	0.091234	0.082612	0.992397	0.596316	-0.802660	0.011997	0.797549	0.590687	-0.122493
04677	9.860105	-6.039382	-2.098003	0.441173	-0.281881	0.008562	0.093506	0.084241	0.992048	0.599813	-0.800059	0.011403	0.794658	0.593977	-0.125339
04678	9.243094	-0.779154	-0.915356	1.327766	-0.252122	-0.027224	0.095296	0.086004	0.991727	0.610326	-0.792087	0.010044	0.786397	0.604320	-0.127973
04679	9.181800	3.031530	-0.165475	1.244672	-0.274511	0.022698	0.097560	0.087522	0.991374	0.620037	-0.784529	0.008244	0.778483	0.613884	-0.130806
04680	9.284300	3.823409	0.008642	0.734054	-0.311394	0.100838	0.100565	0.088688	0.990970	0.625625	-0.780098	0.006326	0.773615	0.619339	-0.133936
04681	9.267976	2.883935	0.002729	0.249163	-0.373900	0.193040	0.104638	0.089528	0.990472	0.627346	-0.778730	0.004113	0.771679	0.620938	-0.137650
04682	9.550392	1.637868	0.213843	-0.013840	-0.442854	0.272194	0.109722	0.090191	0.989862	0.626940	-0.779066	0.001491	0.771303	0.620420	-0.142026
04683	9.799427	0.604634	0.199198	-0.059971	-0.497056	0.319603	0.115531	0.090808	0.989144	0.626111	-0.779732	-0.001546	0.771127	0.619493	-0.146940
04684	9.854969	0.155364	-0.024805	0.004667	-0.543187	0.333831	0.121768	0.091603	0.988323	0.625744	-0.780014	-0.004800	0.770466	0.619021	-0.152301
04685	9.738077	0.351409	-0.271700	0.017934	-0.581229	0.348419	0.128396	0.092508	0.987399	0.625441	-0.780228	-0.008230	0.769635	0.618616	-0.158036
04686	9.740581	0.125960	-0.743574	-0.068426	-0.608652	0.354525	0.135255	0.093537	0.986386	0.624440	-0.780987	-0.011565	0.769273	0.617503	-0.164041
04687	9.744730	-0.169126	-1.092564	-0.126406	-0.639598	0.358030	0.142380	0.094709	0.985271	0.622966	-0.782108	-0.014843	0.769182	0.615904	-0.170357
04688	9.730349	-0.399875	-1.479283	-0.144388	-0.654469	0.356613	0.149593	0.095978	0.984078	0.621330	-0.783341	-0.018050	0.769137	0.614137	-0.176816
04689	9.780674	-0.549363	-1.832828	-0.099143	-0.656588	0.336548	0.156702	0.097394	0.982832	0.620048	-0.784279	-0.021142	0.768756	0.612716	-0.183287
04690	9.815227	-0.492640	-2.150942	-0.038362	-0.649141	0.321119	0.163640	0.098883	0.981552	0.619234	-0.784835	-0.024170	0.767966	0.611765	-0.189663
04691	9.665227	-0.359920	-2.471288	-0.000818	-0.638278	0.313831	0.170453	0.100349	0.980243	0.618700	-0.785156	-0.027207	0.766913	0.611114	-0.195918
04692	9.506699	-0.449019	-2.694896	0.012151	-0.619873	0.306776	0.177062	0.101761	0.978925	0.618256	-0.785397	-0.030183	0.765773	0.610570	-0.201978
04693	9.493328	-0.809358	-2.916314	0.068245	-0.596939	0.285502	0.183366	0.103190	0.977614	0.618261	-0.785277	-0.033076	0.764284	0.610485	-0.207791
04694	9.645767	-1.174622	-3.135204	0.167748	-0.569699	0.246137	0.189197	0.104773	0.976333	0.619079	-0.784513	-0.035780	0.762198	0.611197	-0.213290
04695	9.595948	-1.298002	-3.035554	0.277813	-0.534687	0.226740	0.194644	0.106294	0.975098	0.620756	-0.783056	-0.038552	0.759458	0.612801	-0.218400
04696	9.618186	-1.054768	-2.905039	0.271593	-0.500022	0.216150	0.199739	0.107706	0.973912	0.622385	-0.781626	-0.041204	0.756796	0.614378	-0.223156
04697	9.618393	-1.109328	-2.781585	0.153963	-0.470581	0.214664	0.204606	0.108948	0.972762	0.623114	-0.780915	-0.043602	0.754895	0.615063	-0.227667
04698	9.469393	-1.067888	-2.640536	0.048474	-0.454255	0.208600	0.209293	0.110147	0.971630	0.623045	-0.780850	-0.045687	0.753665	0.614931	-0.232053
04699	9.349721	-1.210844	-2.734449	-0.052893	-0.439342	0.192398	0.213775	0.111370	0.970514	0.622239	-0.781392	-0.047393	0.753073	0.614023	-0.236340
04700	9.341481	-1.374916	-2.825104	-0.036907	-0.419897	0.177939	0.218003	0.112590	0.969432	0.621575	-0.781822	-0.048977	0.752409	0.613251	-0.240423
04701	9.300252	-1.321445	-2.916597	0.032752	-0.404134	0.161629	0.222021	0.113831	0.968375	0.621465	-0.781807	-0.050584	0.751324	0.613041	-0.244319
04702	9.372198	-0.996196	-2.977854	0.084570	-0.390073	0.150387	0.225844	0.115082	0.967342	0.621761	-0.781466	-0.052194	0.749938	0.613243	-0.248043
04703	9.377623	-0.663554	-2.983014	0.060395	-0.379071	0.144531	0.229559	0.116303	0.966321	0.621884	-0.781265	-0.053704	0.748707	0.613268	-0.251673
04704	9.447415	-0.833056	-3.196485	0.008861	-0.374621	0.142554	0.233209	0.117520	0.965299	0.621620	-0.781382	-0.055049	0.747798	0.612887	-0.255278
04705	9.410083	-0.674489	-3.061144	-0.025677	-0.366405	0.135612	0.236766	0.118731	0.964285	0.621109	-0.781702	-0.056254	0.747105	0.612245	-0.258825
04706	9.323775	-0.742031	-2.860243	-0.091834	-0.368306	0.125659	0.240258	0.120036	0.963259	0.620123	-0.782419	-0.057172	0.746809	0.611075	-0.262419
04707	9.259776	-0.977140	-2.632948	-0.092673	-0.363046	0.114007	0.243650	0.121386	0.962237	0.619155	-0.783125	-0.057987	0.746513	0.609903	-0.265965
04708	9.224343	-1.208201	-2.426261	-0.060602	-0.362220	0.101271	0.246941	0.122835	0.961214	0.618455	-0.783622	-0.058744	0.746012	0.608973	-0.269476
04709	9.275643	-1.131875	-2.255194	-0.009703	-0.372508	0.089585	0.250249	0.124426	0.960153	0.618160	-0.783794	-0.059542	0.745154	0.608428	-0.273059
04710	9.266931	-0.982837	-2.206949	0.011424	-0.388429	0.079499	0.253593	0.126201	0.959043	0.618045	-0.783828	-0.060282	0.744117	0.608019	-0.276771
04711	9.298969	-0.687838	-2.113404	-0.009060	-0.410444	0.081338	0.257124	0.128083	0.957853	0.617771	-0.783989	-0.060999	0.743133	0.607418	-0.280709
04712	9.323478	-0.797206	-2.182607	-0.056611	-0.432118	0.085707	0.260824	0.130068	0.956584	0.617129	-0.784447	-0.061605	0.742376	0.606404	-0.284872
04713	9.498729	-0.730348	-2.423950	-0.042919	-0.445194	0.080451	0.264599	0.132160	0.955260	0.616601	-0.784814	-0.062214	0.741479	0.605476	-0.289151
04714	9.652100	-0.395081	-2.594079	-0.039983	-0.464501	0.085064	0.268527	0.134338	0.953859	0.616079	-0.785173	-0.062855	0.740500	0.604531	-0.293602
04715	9.739806	0.071004	-2.633417	-0.045026	-0.485932	0.089584	0.272650	0.136595	0.952368	0.615505	-0.785567	-0.063539	0.739470	0.603511	-0.298260
04716	9.624248	0.526663	-2.432981	-0.095380	-0.506623	0.099361	0.276966	0.138903	0.950787	0.614529	-0.786283	-0.064143	0.738677	0.602051	-0.303134
04717	9.428726	0.322955	-2.353452	-0.145466	-0.520411	0.107417	0.281443	0.141212	0.949131	0.613157	-0.787309	-0.064682	0.738125	0.600170	-0.308168
04718	9.339473	-0.063964	-2.365643	-0.114844	-0.544261	0.114488	0.286121	0.143607	0.947371	0.611987	-0.788163	-0.065356	0.737297	0.598478	-0.313396
04719	9.236125	-0.429816	-2.258368	-0.072219	-0.571343	0.123420	0.291059	0.146076	0.945487	0.611101	-0.788774	-0.066258	0.736097	0.597074	-0.318847
04720	9.249303	-0.912410	-2.300803	-0.052327	-0.591000	0.126230	0.296138	0.148640	0.943509	0.610349	-0.789275	-0.067227	0.734695	0.595778	-0.324457
04721	9.087400	-1.278437	-2.314546	-0.005173	-0.611388	0.118698	0.301323	0.151369	0.941431	0.609960	-0.789484	-0.068291	0.732908	0.594812	-0.330218
04722	8.962495	-1.762012	-2.303153	-0.002543	-0.634992	0.102484	0.306557	0.154369	0.939251	0.609633	-0.789659	-0.069192	0.731007	0.593809	-0.336184
04723	9.246108	-2.150878	-2.471331	0.073818	-0.648205	0.081468	0.311758	0.157599	0.937000	0.609924	-0.789347	-0.070169	0.728560	0.593375	-0.342209
04724	9.532935	-1.940887	-2.601956	0.153899	-0.668631	0.051479	0.316895	0.161196	0.934662	0.610885	-0.788518	-0.071128	0.725532	0.593511	-0.348350
04725	9.782138	-1.357454	-2.775975	0.183700	-0.687942	0.028280	0.322022	0.165082	0.932228	0.612129	-0.787473	-0.072001	0.722219	0.593830	-0.354635
04726	9.911340	-0.615467	-2.960432	0.143180	-0.717276	0.021674	0.327285	0.169205	0.929653	0.613095	-0.786661	-0.072661	0.719026	0.593746	-0.361201
04727	9.899501	0.297700	-2.772611	0.068104	-0.764616	0.019243	0.332863	0.173615	0.926855	0.613526	-0.786288	-0.073052	0.716092	0.592966	-0.368244
04728	9.977836	0.961599	-2.558983	-0.001937	-0.823326	0.018793	0.338824	0.178378	0.923785	0.613454	-0.786334	-0.073165	0.713353	0.591490	-0.375856
04729	9.904026	1.343922	-2.225653	-0.056121	-0.877891	0.032975	0.345250	0.183327	0.920431	0.612948	-0.786723	-0.073218	0.710702	0.589456	-0.383986
04730	9.975592	1.454773	-1.891337	-0.076818	-0.959401	0.061262	0.352391	0.188524	0.916667	0.612196	-0.787289	-0.073428	0.707840	0.587055	-0.392848
04731	10.168469	1.625960	-1.590934	-0.061170	-1.031531	0.084854	0.360165	0.193924	0.912510	0.611469	-0.787808	-0.073923	0.704547	0.584596	-0.402320
04732	10.038975	1.898442	-1.123462	-0.098454	-1.112156	0.129936	0.368738	0.199420	0.907890	0.610310	-0.788637	-0.074650	0.701109	0.581621	-0.412508
04733	9.830638	2.105449	-0.658863	-0.167688	-1.216102	0.189107	0.378363	0.205003	0.902671	0.608440	-0.789989	-0.075621	0.697597	0.577833	-0.423635
04734	9.737911	1.978037	-0.450661	-0.271991	-1.320379	0.262190	0.389105	0.210562	0.896806	0.605549	-0.792098	-0.076757	0.694196	0.572926	-0.435715
04735	9.961578	1.810272	-0.512270	-0.354457	-1.427856	0.340659	0.401014	0.216024	0.890237	0.601759	-0.794841	-0.078191	0.690705	0.567064	-0.448737
04736	10.562537	2.121777	-0.754820	-0.429267	-1.543975	0.419172	0.414125	0.221424	0.882877	0.597103	-0.798176	-0.079898	0.687000	0.560256	-0.462758
04737	11.207452	2.717225	-1.556485	-0.553156	-1.620384	0.487882	0.428090	0.226560	0.874877	0.591270	-0.802341	-0.081542	0.683475	0.552196	-0.477432
04738	11.540406	3.399456	-2.114279	-0.701212	-1.708636	0.556133	0.442972	0.231474	0.866138	0.584078	-0.807451	-0.082927	0.680168	0.542627	-0.492877
04739	11.527637	4.143442	-2.142159	-0.900091	-1.812660	0.626938	0.458869	0.236152	0.856546	0.575156	-0.813743	-0.083772	0.677226	0.531088	-0.509225
04740	11.803451	4.609886	-1.772369	-1.039014	-1.945182	0.686755	0.475891	0.240779	0.845904	0.564938	-0.820828	-0.084183	0.674072	0.517945	-0.526650
04741	12.291713	5.500269	-0.919513	-1.140789	-2.077369	0.745071	0.493981	0.245276	0.834160	0.553672	-0.828459	-0.084280	0.670395	0.503484	-0.545045
04742	13.007846	6.362940	0.380814	-1.276065	-2.236647	0.843702	0.513512	0.249369	0.821048	0.540908	-0.836863	-0.084130	0.666126	0.487314	-0.564625
04743	13.539218	7.185779	1.067924	-1.376614	-2.354800	0.982300	0.534337	0.252407	0.806706	0.526645	-0.845909	-0.084160	0.661157	0.469817	-0.584930
04744	13.750999	6.127139	0.111277	-1.677558	-2.414003	1.175239	0.556300	0.253538	0.791359	0.509197	-0.856588	-0.083513	0.656695	0.449416	-0.605621
04745	13.048854	2.179593	-2.331079	-1.646070	-2.362881	1.287470	0.578146	0.252859	0.775764	0.491148	-0.867073	-0.083412	0.651552	0.429239	-0.625487
04746	12.178313	-1.729608	-4.197906	-1.281854	-2.337517	1.264685	0.599371	0.251714	0.759865	0.475417	-0.875651	-0.084932	0.643998	0.412158	-0.644509
04747	11.765527	-4.592959	-6.096798	-0.756882	-2.301854	1.172870	0.619530	0.250790	0.743833	0.463459	-0.881663	-0.088749	0.633552	0.399719	-0.662448
04748	11.789572	-7.787708	-7.296311	-0.198145	-2.298081	1.044843	0.638707	0.250702	0.727463	0.455665	-0.885061	-0.095056	0.620018	0.392193	-0.679531
04749	12.561009	-10.226242	-8.133476	0.602519	-2.340087	0.918104	0.657131	0.251784	0.710481	0.453428	-0.884997	-0.105751	0.602147	0.391644	-0.695725
04750	13.290871	-9.384665	-6.889206	1.443180	-2.358730	0.761331	0.674509	0.254420	0.693042	0.456913	-0.881216	-0.121194	0.579886	0.398407	-0.710636
04751	12.826839	-8.370437	-5.979485	1.802048	-2.190554	0.602313	0.689680	0.258002	0.676591	0.463080	-0.875476	-0.138197	0.556684	0.408628	-0.723274
04752	11.369521	-7.503816	-5.034539	2.110910	-1.958805	0.357749	0.701999	0.263060	0.661813	0.472121	-0.867635	-0.155918	0.533197	0.421911	-0.733275
04753	9.526539	-6.879300	-5.497306	2.153937	-1.652830	0.112299	0.711117	0.269212	0.649490	0.482616	-0.858679	-0.172490	0.511267	0.436115	-0.740547
04754	7.565663	-6.369715	-5.681642	2.215826	-1.447489	-0.123742	0.717731	0.276729	0.638971	0.494623	-0.848505	-0.188116	0.490112	0.451066	-0.745875
04755	6.327405	-5.291378	-5.517181	2.226142	-1.221231	-0.347269	0.721803	0.285287	0.630564	0.507855	-0.837299	-0.202519	0.470195	0.466414	-0.749250
04756	5.135966	-4.238937	-5.008303	1.978646	-0.986828	-0.552946	0.723483	0.294595	0.624329	0.521013	-0.826326	-0.213850	0.452900	0.480000	-0.751320
04757	4.641182	-3.905220	-6.432365	1.615533	-0.729616	-0.724027	0.722868	0.304110	0.620467	0.533498	-0.816295	-0.221456	0.439137	0.491101	-0.752315
04758	3.787892	-4.003941	-8.005850	1.280149	-0.576416	-0.788921	0.721082	0.313408	0.617912	0.544775	-0.807509	-0.226161	0.428089	0.499704	-0.753018
04759	2.764991	-4.051333	-8.342581	0.969727	-0.577523	-0.789841	0.719134	0.322684	0.615403	0.554612	-0.800102	-0.228566	0.418631	0.505679	-0.754345
04760	2.387934	-2.914211	-7.213204	0.863275	-0.743077	-0.790664	0.717753	0.332793	0.611620	0.563892	-0.793118	-0.230194	0.408480	0.510110	-0.756922
04761	3.638264	-0.444231	-5.444186	0.607774	-0.752715	-0.816541	0.716105	0.343117	0.607835	0.572245	-0.787230	-0.229792	0.399660	0.512386	-0.760087
04762	4.173912	0.590289	-4.744897	-0.064654	-0.489927	-0.863944	0.713053	0.352448	0.606083	0.578192	-0.784547	-0.224011	0.396548	0.510164	-0.763205
04763	4.221255	0.372853	-4.599453	-0.733452	-0.150231	-0.855985	0.708637	0.359952	0.606852	0.581398	-0.785195	-0.213179	0.399763	0.503889	-0.765693
04764	4.099084	-0.359571	-4.897650	-1.249367	0.243329	-0.807319	0.702922	0.365125	0.610397	0.582075	-0.788497	-0.198647	0.408765	0.494930	-0.766782
04765	3.796728	-1.675851	-5.203482	-1.395855	0.695688	-0.783914	0.695419	0.367932	0.617267	0.581800	-0.792452	-0.183108	0.421783	0.486463	-0.765149
04766	3.819051	-1.859431	-5.132397	-1.337258	1.134165	-0.834342	0.685658	0.369114	0.627398	0.581845	-0.795829	-0.167669	0.437413	0.480012	-0.760433
04767	4.263070	-1.747983	-5.204746	-1.294528	1.538257	-0.928305	0.673333	0.369189	0.640563	0.582412	-0.798565	-0.151953	0.455432	0.475387	-0.752721
04768	4.596916	-2.417524	-5.670236	-1.203666	1.874716	-1.020670	0.658626	0.368500	0.656063	0.583637	-0.800495	-0.136292	0.474952	0.472668	-0.742298
04769	4.513735	-2.840486	-6.192413	-1.021225	2.115917	-1.037610	0.642248	0.366837	0.673015	0.585470	-0.801485	-0.121844	0.494715	0.472284	-0.729524
04770	4.405958	-3.443054	-6.830401	-0.867433	2.310767	-1.042900	0.624434	0.364303	0.690916	0.587722	-0.801765	-0.108419	0.514455	0.473768	-0.714759
04771	4.724449	-3.880105	-7.153405	-0.611989	2.459797	-1.039310	0.605369	0.360948	0.709398	0.590940	-0.800889	-0.096782	0.533215	0.477800	-0.698132
04772	5.548279	-3.554799	-6.983516	-0.331881	2.622384	-1.071754	0.584760	0.356938	0.728458	0.595540	-0.798629	-0.086741	0.550806	0.484549	-0.679577
04773	6.345362	-2.935770	-6.489624	-0.133833	2.811360	-1.117414	0.562295	0.352113	0.748225	0.601230	-0.795303	-0.077559	0.567756	0.493467	-0.658896
04774	6.517434	-2.491059	-6.035843	-0.030904	2.976095	-1.159339	0.538106	0.346510	0.768357	0.607450	-0.791398	-0.068517	0.584335	0.503608	-0.636343
04775	6.478463	-2.179767	-5.546934	0.104843	3.133194	-1.204459	0.512134	0.340067	0.788716	0.614422	-0.786712	-0.059757	0.600171	0.515208	-0.611846
04776	6.571253	-2.171083	-5.122553	0.174036	3.273968	-1.257565	0.484421	0.332892	0.809023	0.621762	-0.781564	-0.050701	0.615425	0.527580	-0.585586
04777	6.868947	-2.441020	-5.656778	0.351540	3.452736	-1.350710	0.454415	0.324957	0.829403	0.630313	-0.775225	-0.041607	0.629454	0.541690	-0.557099
04778	7.186091	-2.297742	-5.920410	0.526121	3.587762	-1.448145	0.422368	0.316449	0.849391	0.640019	-0.767682	-0.032248	0.641857	0.557247	-0.526778
04779	7.461342	-2.381776	-8.390750	0.609864	3.653856	-1.503467	0.388958	0.307282	0.868499	0.650085	-0.759531	-0.022413	0.652765	0.573315	-0.495185
04780	8.233970	-1.487350	-6.485497	0.743197	3.499323	-1.445295	0.356458	0.297883	0.885553	0.660362	-0.750830	-0.013248	0.660953	0.589508	-0.464350
04781	9.753343	1.549138	-5.360310	0.360579	3.448418	-1.380282	0.324281	0.287658	0.901163	0.667475	-0.744628	-0.002498	0.670313	0.602313	-0.433473
04782	9.194788	2.057592	-5.907122	-0.328750	3.543480	-1.377977	0.291040	0.276461	0.915896	0.669493	-0.742730	0.011449	0.683429	0.609854	-0.401253
04783	8.868143	0.868967	-5.848898	-0.831962	3.560425	-1.291552	0.257740	0.264292	0.929365	0.667296	-0.744317	0.026607	0.698775	0.613304	-0.368201
04784	9.466032	0.764034	-5.562870	-1.014214	3.656273	-1.207490	0.223829	0.250871	0.941788	0.663037	-0.747434	0.041520	0.714340	0.615147	-0.333635
04785	9.888495	1.112933	-5.310644	-1.228605	3.772381	-1.143862	0.188974	0.236245	0.953141	0.656527	-0.752200	0.056274	0.730247	0.615128	-0.297248
04786	10.208076	1.454969	-4.973778	-1.549058	3.745319	-1.008754	0.154695	0.220921	0.962945	0.646815	-0.759399	0.070313	0.746793	0.611970	-0.260370
04787	11.116397	1.740429	-4.449461	-1.967020	3.634465	-0.798704	0.122063	0.204921	0.971138	0.633055	-0.769662	0.082838	0.764423	0.604672	-0.223673
04788	12.609602	1.312277	-3.434606	-2.530840	3.455890	-0.498184	0.092158	0.188148	0.977807	0.613985	-0.783826	0.092955	0.783920	0.591792	-0.187756
04789	13.526386	-0.193293	-3.866481	-2.627664	3.313622	-0.239818	0.064372	0.170686	0.983220	0.593323	-0.798752	0.099817	0.802386	0.576942	-0.152690
04790	13.152067	2.356142	-1.096467	-2.227257	3.137574	-0.229129	0.037587	0.154664	0.987252	0.575392	-0.811089	0.105159	0.817013	0.564105	-0.119479
04791	11.088495	3.700687	-3.068076	-2.095682	2.790862	-0.226923	0.013272	0.140962	0.989926	0.558187	-0.822441	0.109629	0.829609	0.551109	-0.089598
04792	8.702524	1.306645	-3.766169	-2.256002	2.157495	-0.085820	-0.005270	0.129990	0.991501	0.539318	-0.834583	0.112284	0.842086	0.535326	-0.065707
04793	6.803585	-0.642216	-4.483574	-1.520027	1.392092	0.213720	-0.015957	0.120832	0.992545	0.526469	-0.842907	0.111079	0.850044	0.524317	-0.050164
04794	7.083930	1.399068	-3.629089	-1.007927	0.604294	0.445360	-0.018818	0.113959	0.993307	0.517937	-0.848678	0.107178	0.855212	0.516488	-0.043053
04795	8.313755	1.165549	-4.068461	-0.663953	0.051562	0.576301	-0.016335	0.108804	0.993929	0.512338	-0.852733	0.101767	0.858628	0.510890	-0.041815
04796	8.045050	-1.091570	-4.907813	0.120260	-0.351264	0.605020	-0.010251	0.105479	0.994369	0.513435	-0.852769	0.095752	0.858067	0.511526	-0.045415
04797	7.552977	-2.006215	-7.046391	1.321518	-0.577810	0.575013	-0.002368	0.103594	0.994617	0.524756	-0.846543	0.089420	0.851249	0.522143	-0.052357
04798	7.056885	-0.939209	-6.251664	2.123760	-0.731554	0.590628	0.006935	0.102546	0.994704	0.542687	-0.835884	0.082389	0.839906	0.539242	-0.061447
04799	7.333513	1.723354	-6.166555	2.484131	-0.738130	0.623774	0.016497	0.101439	0.994705	0.563299	-0.822881	0.074575	0.826088	0.559086	-0.070716
04800	7.047321	4.434854	-5.789978	2.068506	-0.722901	0.616630	0.025914	0.100536	0.994596	0.580120	-0.811776	0.066941	0.814119	0.575250	-0.079360
04801	5.970161	4.180125	-5.901810	1.069859	-0.758270	0.640905	0.035773	0.099760	0.994368	0.588589	-0.806224	0.059709	0.807640	0.583138	-0.087559
04802	5.387959	1.868007	-7.253000	0.311982	-0.762096	0.584087	0.045326	0.099541	0.994001	0.590857	-0.804989	0.053670	0.805502	0.584879	-0.095302
04803	5.186394	-0.387084	-7.614164	-0.089979	-0.676774	0.448571	0.053394	0.099902	0.993564	0.589902	-0.805966	0.049338	0.805707	0.583471	-0.101966
04804	5.595591	-2.975393	-7.317357	-0.504632	-0.605236	0.332586	0.060195	0.100770	0.993087	0.585630	-0.809237	0.046617	0.808340	0.578775	-0.107726
04805	7.628616	-4.941227	-8.662135	0.055474	-0.572608	0.280404	0.066438	0.101838	0.992580	0.585892	-0.809204	0.043807	0.807661	0.578635	-0.113427
04806	10.113858	-3.548855	-8.151917	0.779963	-0.729791	0.261939	0.073818	0.104003	0.991834	0.591978	-0.804944	0.040347	0.802566	0.584166	-0.120987
04807	14.233589	-3.013136	-5.316894	0.860968	-0.982693	0.242493	0.083099	0.107849	0.990688	0.598665	-0.800150	0.036890	0.796677	0.590025	-0.131057
04808	15.784152	-1.177479	-2.994450	1.133062	-0.801617	0.167309	0.090426	0.111314	0.989663	0.607495	-0.793606	0.033755	0.789160	0.598163	-0.139385
04809	13.725964	0.099975	-2.746160	1.482614	-0.594466	0.092648	0.095639	0.114193	0.988844	0.619031	-0.784764	0.030754	0.779521	0.609184	-0.145743
04810	11.892207	2.867484	-2.230759	1.651588	-0.496462	0.103064	0.100087	0.116479	0.988137	0.631708	-0.774724	0.027338	0.768718	0.621478	-0.151120
04811	9.253314	5.074597	-2.579398	0.833698	-0.480563	0.143745	0.104660	0.118391	0.987436	0.637939	-0.769691	0.024668	0.762941	0.627343	-0.156082
04812	8.741577	3.585141	-4.423387	-0.204035	-0.648443	0.223016	0.110990	0.120767	0.986457	0.636134	-0.771240	0.022845	0.763554	0.624983	-0.162424
04813	9.677286	1.327006	-4.948828	-0.675456	-0.735980	0.315399	0.118600	0.122930	0.985303	0.630597	-0.775829	0.020891	0.766995	0.618851	-0.169532
04814	10.126141	-0.444105	-4.366535	-0.768708	-0.662731	0.355054	0.125884	0.124279	0.984230	0.624244	-0.781004	0.018776	0.771020	0.612036	-0.175897
04815	9.829114	-2.040096	-3.962066	-0.482003	-0.538285	0.294156	0.131853	0.125287	0.983320	0.620137	-0.784314	0.016777	0.773333	0.607581	-0.181109
04816	9.644269	-1.914894	-3.128654	-0.041093	-0.446854	0.214009	0.136595	0.126356	0.982535	0.619526	-0.784837	0.014802	0.773000	0.606684	-0.185486
04817	9.662143	-0.958475	-2.434061	0.164505	-0.390034	0.168564	0.140637	0.127428	0.981827	0.620557	-0.784055	0.012871	0.771447	0.607469	-0.189344
04818	9.454151	0.105774	-2.123610	0.137197	-0.370334	0.163505	0.144467	0.128432	0.981139	0.621376	-0.783435	0.011058	0.770079	0.608059	-0.192985
04819	9.114214	0.680837	-1.725651	-0.072998	-0.398203	0.178182	0.148625	0.129482	0.980380	0.620547	-0.784112	0.009485	0.769956	0.606963	-0.196888
04820	8.899661	0.060171	-1.592155	-0.198581	-0.418769	0.201991	0.153063	0.130469	0.979566	0.618708	-0.785581	0.007955	0.770566	0.604847	-0.200965
04821	9.064852	-0.717641	-1.473822	-0.050057	-0.426429	0.202674	0.157586	0.131480	0.978713	0.618002	-0.786153	0.006105	0.770221	0.603885	-0.205142
04822	9.537245	-0.765627	-1.346068	0.240655	-0.418582	0.186571	0.161921	0.132580	0.977857	0.619550	-0.784948	0.003835	0.768075	0.605211	-0.209239
