// General information: 
//  MT Manager version: 2022.2.0 
//  XDA version: 2022.2.0 build 7381 rev 124627 built on 2023-07-19
// Device information: 
//  DeviceId: 00B4CBA7
//  ProductCode: MTW2-3A7G6
//  Firmware Version: 4.6.0
//  Hardware Version: 2.0.0
// Device settings: 
//  Filter Profile: human(46.1)
//  Option Flags: Orientation Smoother Disabled, Position/Velocity Smoother Disabled, Continuous Zero Rotation Update Disabled, AHS Disabled, ICC Disabled
// Coordinate system: ENU
PacketCounter	Acc_X	Acc_Y	Acc_Z	Gyr_X	Gyr_Y	Gyr_Z	Mat[1][1]	Mat[2][1]	Mat[3][1]	Mat[1][2]	Mat[2][2]	Mat[3][2]	Mat[1][3]	Mat[2][3]	Mat[3][3]
41544	9.021486	0.154578	-3.970037	-0.019354	0.096276	-0.174142	0.396762	0.069850	0.915260	0.133394	-0.990903	0.017797	0.908177	0.115030	-0.402471
41545	9.008246	0.163450	-3.894533	-0.020659	0.102495	-0.176882	0.395582	0.071511	0.915642	0.133893	-0.990803	0.019536	0.908618	0.114870	-0.401519
41546	9.040724	0.229833	-3.818627	-0.030555	0.095251	-0.180685	0.394429	0.073218	0.916005	0.134534	-0.990681	0.021257	0.909025	0.114849	-0.400603
41547	9.026939	0.239890	-3.743425	-0.038549	0.096135	-0.186468	0.393291	0.074981	0.916352	0.134904	-0.990588	0.023156	0.909463	0.114512	-0.399704
41548	8.972648	0.325299	-3.759672	-0.061239	0.087603	-0.185265	0.392151	0.076667	0.916701	0.135133	-0.990511	0.025032	0.909921	0.114060	-0.398790
41549	8.908070	0.251037	-3.654770	-0.061511	0.081219	-0.188486	0.391144	0.078468	0.916978	0.135297	-0.990436	0.027041	0.910330	0.113488	-0.398019
41550	8.918406	0.294884	-3.624861	-0.061098	0.070215	-0.196723	0.390235	0.080380	0.917200	0.135809	-0.990310	0.029006	0.910644	0.113245	-0.397370
41551	8.941417	0.246709	-3.657215	-0.040816	0.070618	-0.203768	0.389302	0.082344	0.917422	0.136218	-0.990192	0.031073	0.910982	0.112872	-0.396700
41552	8.910405	0.260927	-3.660366	-0.017738	0.061684	-0.203765	0.388418	0.084347	0.917615	0.136975	-0.990024	0.033022	0.911246	0.112864	-0.396096
41553	8.875791	0.382332	-3.777280	-0.010660	0.060783	-0.207283	0.387566	0.086356	0.917788	0.137669	-0.989860	0.035003	0.911504	0.112785	-0.395525
41554	8.881421	0.533303	-3.862272	-0.024132	0.054528	-0.200623	0.386747	0.088265	0.917952	0.138200	-0.989715	0.036940	0.911772	0.112575	-0.394967
41555	8.902308	0.577507	-3.812993	-0.070304	0.052864	-0.189923	0.385989	0.090112	0.918092	0.138279	-0.989625	0.038997	0.912081	0.111901	-0.394445
41556	8.924080	0.549951	-3.790571	-0.085234	0.049674	-0.187596	0.385246	0.091909	0.918226	0.138287	-0.989542	0.041029	0.912394	0.111172	-0.393927
41557	8.952419	0.567301	-3.689253	-0.080114	0.042225	-0.189095	0.384586	0.093760	0.918315	0.138271	-0.989456	0.043116	0.912675	0.110394	-0.393495
41558	8.983479	0.632530	-3.563518	-0.065686	0.035664	-0.185123	0.383840	0.095461	0.918452	0.138397	-0.989354	0.044991	0.912969	0.109842	-0.392965
41559	9.067102	0.759912	-3.470217	-0.055615	0.030402	-0.191079	0.383284	0.097344	0.918487	0.138610	-0.989231	0.047000	0.913171	0.109297	-0.392649
41560	9.156229	0.650617	-3.514991	-0.061670	0.020142	-0.188058	0.382710	0.099122	0.918536	0.138874	-0.989103	0.048875	0.913371	0.108856	-0.392305
41561	9.271227	0.611202	-3.436807	-0.037299	0.013257	-0.194664	0.382304	0.101058	0.918494	0.139266	-0.988949	0.050844	0.913482	0.108477	-0.392153
41562	9.354242	0.630696	-3.540120	-0.054465	-0.004602	-0.188804	0.382082	0.103025	0.918368	0.139872	-0.988765	0.052729	0.913482	0.108307	-0.392200
41563	9.368336	0.381488	-3.878182	-0.031288	-0.002119	-0.190186	0.381821	0.104933	0.918260	0.140300	-0.988601	0.054633	0.913525	0.107972	-0.392191
41564	9.330308	0.450096	-3.971299	-0.014334	-0.006785	-0.182081	0.381528	0.106704	0.918178	0.141007	-0.988408	0.056273	0.913539	0.108000	-0.392151
41565	9.206227	0.533095	-4.156676	-0.020804	-0.004463	-0.175580	0.381306	0.108470	0.918063	0.141475	-0.988241	0.058001	0.913559	0.107767	-0.392168
41566	9.111364	0.472241	-4.353347	-0.000987	0.008870	-0.179084	0.380917	0.110227	0.918015	0.142227	-0.988037	0.059620	0.913605	0.107856	-0.392037
41567	9.044438	0.681357	-4.432643	0.011954	0.024552	-0.177552	0.380425	0.111980	0.918007	0.143001	-0.987826	0.061237	0.913689	0.107980	-0.391807
41568	8.990964	0.839274	-4.459934	-0.019977	0.044780	-0.181498	0.379712	0.113718	0.918089	0.143696	-0.987621	0.062899	0.913876	0.108042	-0.391352
41569	8.910903	0.815745	-4.463402	-0.044657	0.067326	-0.180998	0.378822	0.115458	0.918239	0.143964	-0.987461	0.064769	0.914204	0.107657	-0.390694
41570	8.864676	0.799105	-4.455363	-0.069520	0.091409	-0.180440	0.377669	0.117109	0.918505	0.144162	-0.987310	0.066605	0.914649	0.107258	-0.389759
41571	8.874344	0.742344	-4.418693	-0.075540	0.112904	-0.181748	0.376360	0.118808	0.918824	0.144146	-0.987176	0.068602	0.915191	0.106625	-0.388659
41572	8.900489	0.615108	-4.386207	-0.089949	0.135093	-0.190367	0.374704	0.120483	0.919283	0.144158	-0.987033	0.070603	0.915869	0.106067	-0.387213
41573	8.873091	0.528845	-4.378695	-0.063940	0.155644	-0.196968	0.372979	0.122288	0.919746	0.144299	-0.986860	0.072694	0.916550	0.105605	-0.385724
41574	8.890452	0.618095	-4.260642	-0.066581	0.172740	-0.199249	0.371023	0.124129	0.920290	0.144749	-0.986643	0.074721	0.917273	0.105488	-0.384034
41575	8.966786	0.595789	-4.141428	-0.092212	0.191847	-0.203432	0.368953	0.125959	0.920874	0.144646	-0.986484	0.076980	0.918124	0.104799	-0.382186
41576	8.922252	0.553912	-4.092375	-0.104535	0.201437	-0.209664	0.366710	0.127765	0.921521	0.144617	-0.986313	0.079200	0.919027	0.104225	-0.380168
41577	8.983000	0.605090	-3.964210	-0.110261	0.215030	-0.219156	0.364401	0.129729	0.922162	0.144396	-0.986144	0.081670	0.919979	0.103396	-0.378084
41578	9.018407	0.574394	-3.817796	-0.110095	0.226112	-0.225457	0.361918	0.131680	0.922863	0.144404	-0.985943	0.084050	0.920958	0.102845	-0.375845
41579	9.002084	0.612067	-3.728823	-0.076328	0.227074	-0.229440	0.359479	0.133734	0.923521	0.144519	-0.985715	0.086486	0.921894	0.102377	-0.373671
41580	9.036779	0.761822	-3.644737	-0.040372	0.222021	-0.234030	0.356951	0.135684	0.924216	0.145032	-0.985447	0.088659	0.922796	0.102394	-0.371435
41581	9.012317	1.018107	-3.506069	-0.006794	0.221485	-0.239494	0.354542	0.137842	0.924824	0.145813	-0.985124	0.090930	0.923601	0.102613	-0.369368
41582	9.020235	1.179860	-3.354903	-0.007318	0.213266	-0.233195	0.352144	0.139863	0.925437	0.146814	-0.984786	0.092968	0.924359	0.103129	-0.367320
41583	9.001500	1.343522	-3.301951	0.002623	0.204866	-0.229539	0.349896	0.141936	0.925974	0.147636	-0.984458	0.095114	0.925082	0.103427	-0.365413
41584	9.089753	1.528338	-3.197480	-0.014766	0.194364	-0.215840	0.347694	0.143887	0.926502	0.148762	-0.984104	0.097005	0.925731	0.104100	-0.363572
41585	9.139999	1.537237	-3.204229	-0.043757	0.187167	-0.208718	0.345634	0.145770	0.926978	0.149073	-0.983845	0.099129	0.926452	0.103926	-0.361781
41586	9.253977	1.608589	-3.164742	-0.074172	0.173291	-0.191831	0.343677	0.147344	0.927457	0.148929	-0.983667	0.101087	0.927203	0.103384	-0.360008
41587	9.345506	1.452253	-3.186764	-0.106810	0.162277	-0.175967	0.341894	0.148932	0.927862	0.148535	-0.983515	0.103133	0.927926	0.102559	-0.358379
41588	9.478504	1.356320	-3.205858	-0.096669	0.155571	-0.170683	0.340151	0.150507	0.928248	0.148581	-0.983311	0.104988	0.928559	0.102208	-0.356837
41589	9.477509	1.346227	-3.159637	-0.105057	0.144693	-0.159279	0.338554	0.151950	0.928597	0.148139	-0.983175	0.106871	0.929212	0.101380	-0.355368
41590	9.444133	1.327879	-3.125387	-0.099242	0.127881	-0.151457	0.337056	0.153217	0.928934	0.147812	-0.983045	0.108510	0.929809	0.100734	-0.353989
41591	9.452080	1.321068	-3.114815	-0.078400	0.116336	-0.144079	0.335745	0.154541	0.929189	0.147562	-0.982900	0.110155	0.930323	0.100129	-0.352808
41592	9.394993	1.389437	-3.020796	-0.069649	0.099885	-0.130617	0.334541	0.155601	0.929446	0.147303	-0.982785	0.111511	0.930798	0.099606	-0.351703
41593	9.444007	1.435497	-2.955319	-0.052570	0.076630	-0.112934	0.333645	0.156658	0.929591	0.147185	-0.982659	0.112774	0.931138	0.099196	-0.350917
41594	9.439671	1.465042	-2.892077	-0.037523	0.051389	-0.085259	0.332978	0.157378	0.929708	0.147128	-0.982569	0.113632	0.931385	0.098949	-0.350329
41595	9.438118	1.352291	-2.690509	-0.034666	0.013248	-0.050026	0.332765	0.157880	0.929700	0.146966	-0.982521	0.114247	0.931487	0.098617	-0.350152
41596	9.397231	1.381764	-2.534202	-0.006381	-0.027537	-0.022609	0.332927	0.158101	0.929604	0.147242	-0.982467	0.114358	0.931386	0.098804	-0.350369
41597	9.384164	1.386635	-2.340919	0.005621	-0.072150	0.000793	0.333583	0.158187	0.929354	0.147287	-0.982460	0.114359	0.931144	0.098733	-0.351031
41598	9.462887	1.339607	-2.169504	0.048275	-0.107434	0.005734	0.334514	0.158105	0.929034	0.147520	-0.982458	0.114079	0.930773	0.098890	-0.351970
41599	9.513593	1.437852	-2.021727	0.063389	-0.146737	0.018921	0.335891	0.158087	0.928540	0.148042	-0.982423	0.113708	0.930194	0.099269	-0.353390
41600	9.603627	1.470919	-1.895426	0.045412	-0.184405	0.033902	0.337575	0.157914	0.927958	0.148506	-0.982416	0.113157	0.929510	0.099608	-0.355091
41601	9.710610	1.264323	-1.881286	0.003598	-0.225419	0.046797	0.339722	0.157702	0.927210	0.148377	-0.982484	0.112738	0.928748	0.099277	-0.357171
41602	9.793257	0.929006	-1.935868	-0.011237	-0.264535	0.080036	0.342235	0.157151	0.926379	0.148044	-0.982619	0.111999	0.927878	0.098815	-0.359552
41603	9.889655	0.792943	-1.956365	0.031663	-0.305155	0.114737	0.345218	0.156348	0.925408	0.147939	-0.982765	0.110850	0.926789	0.098637	-0.362398
41604	9.937130	0.571963	-2.062968	0.052470	-0.339385	0.147046	0.348515	0.155253	0.924356	0.148100	-0.982920	0.109250	0.925529	0.098822	-0.365556
41605	9.922342	0.476462	-2.368151	0.078647	-0.374563	0.181106	0.352231	0.153866	0.923179	0.148190	-0.983119	0.107316	0.924107	0.099006	-0.369086
41606	9.984933	0.560507	-2.533218	0.046290	-0.403841	0.231673	0.356224	0.151989	0.921956	0.147877	-0.983418	0.104985	0.922625	0.098938	-0.372793
41607	9.940625	0.579541	-2.612542	-0.053777	-0.418813	0.298290	0.360507	0.149490	0.920699	0.146310	-0.983918	0.102466	0.921210	0.097768	-0.376581
41608	9.808093	0.544661	-2.668856	-0.199094	-0.418137	0.394517	0.364909	0.146121	0.919506	0.143257	-0.984659	0.099622	0.919956	0.095373	-0.380243
41609	9.498484	0.551366	-2.347092	-0.375814	-0.429403	0.473498	0.369506	0.141879	0.918333	0.138061	-0.985688	0.096734	0.918915	0.091042	-0.383806
41610	9.371265	-0.093239	-2.862102	-0.568422	-0.414064	0.541476	0.374010	0.137005	0.917249	0.130999	-0.986916	0.093996	0.918126	0.085003	-0.387064
41611	9.488586	-0.448337	-2.940398	-0.690015	-0.380608	0.627958	0.378282	0.131136	0.916355	0.122302	-0.988317	0.090947	0.917576	0.077668	-0.389901
41612	9.395985	-1.029294	-3.239920	-0.750776	-0.345493	0.692175	0.382231	0.124640	0.915622	0.112936	-0.989735	0.087583	0.917139	0.069930	-0.392384
41613	9.280229	-1.153981	-3.589990	-0.636919	-0.335231	0.718727	0.386070	0.117769	0.914921	0.104334	-0.991028	0.083539	0.916550	0.063206	-0.394893
41614	9.095288	-0.681658	-3.805355	-0.529004	-0.315948	0.732898	0.389668	0.110742	0.914273	0.096786	-0.992171	0.078927	0.915855	0.057733	-0.397336
41615	8.850245	-0.050736	-3.799700	-0.544134	-0.308900	0.757404	0.393184	0.103416	0.913625	0.088838	-0.993278	0.074200	0.915158	0.051991	-0.399729
41616	8.656040	0.402092	-3.701243	-0.570183	-0.291513	0.769453	0.396464	0.095932	0.913024	0.080635	-0.994321	0.069460	0.914502	0.046083	-0.401948
41617	8.395311	0.867673	-3.918613	-0.555160	-0.265511	0.766117	0.399463	0.088449	0.912472	0.072510	-0.995265	0.064731	0.913877	0.040305	-0.403985
41618	7.970646	1.335381	-3.824977	-0.580960	-0.229685	0.792044	0.402072	0.080682	0.912046	0.064071	-0.996147	0.059876	0.913364	0.034362	-0.405692
41619	7.900897	0.860244	-3.707267	-0.647001	-0.220204	0.811639	0.404551	0.072686	0.911622	0.054889	-0.996969	0.055133	0.912867	0.027734	-0.407314
41620	8.237692	-1.130126	-3.161522	-0.573331	-0.197024	0.793986	0.406717	0.064840	0.911250	0.046440	-0.997656	0.050261	0.912373	0.021877	-0.408775
41621	8.660525	-3.955531	-3.140476	-0.062425	-0.158848	0.708763	0.408469	0.057826	0.910939	0.042981	-0.998103	0.044086	0.911760	0.021145	-0.410179
41622	8.936168	-6.152698	-3.157491	0.967679	-0.106312	0.535949	0.409649	0.052493	0.910732	0.049569	-0.998149	0.035235	0.910895	0.030710	-0.411493
41623	9.289707	-6.511419	-3.400451	2.290632	-0.050083	0.350789	0.410299	0.049038	0.910632	0.068978	-0.997361	0.022629	0.909339	0.053529	-0.412599
41624	9.497515	-4.819616	-3.549835	3.514691	0.050036	0.157476	0.409941	0.047358	0.910882	0.100149	-0.994950	0.006657	0.906597	0.088495	-0.412613
41625	9.056037	-2.494230	-3.125406	4.294210	0.167486	0.009357	0.408421	0.047104	0.911577	0.138952	-0.990237	-0.011087	0.902155	0.131194	-0.410979
41626	8.809456	0.285581	-1.503509	4.504288	0.192693	-0.086121	0.406513	0.047546	0.912407	0.179673	-0.983304	-0.028811	0.895804	0.175647	-0.408268
41627	9.471881	1.549405	-2.766093	4.328716	0.311128	-0.176939	0.403366	0.048687	0.913742	0.219012	-0.974696	-0.044747	0.888442	0.218170	-0.403822
41628	9.358925	2.300826	-2.880128	3.738111	0.477533	-0.261334	0.398478	0.049988	0.915814	0.253027	-0.965756	-0.057380	0.881585	0.254590	-0.397481
41629	9.524787	2.317258	-3.011869	3.023777	0.614016	-0.304248	0.392251	0.051280	0.918428	0.280803	-0.957461	-0.066468	0.875950	0.283969	-0.389965
41630	9.503873	1.828965	-3.362093	2.209492	0.746146	-0.318570	0.384751	0.052039	0.921552	0.301261	-0.950813	-0.072086	0.872473	0.305362	-0.381504
41631	9.527845	1.635079	-3.577803	1.754174	0.832930	-0.282423	0.376599	0.052120	0.924909	0.317619	-0.945162	-0.076065	0.870225	0.322415	-0.372502
41632	9.815442	4.118669	-2.978892	1.271998	0.906468	-0.306716	0.367669	0.051973	0.928503	0.329749	-0.940848	-0.077910	0.869532	0.334818	-0.363059
41633	9.310527	4.445797	-3.552655	0.213239	1.089449	-0.220376	0.357428	0.050401	0.932580	0.332403	-0.940022	-0.076596	0.872785	0.337370	-0.352744
41634	8.968334	3.640647	-4.066942	-0.523005	1.144699	-0.098425	0.347021	0.047472	0.936655	0.328131	-0.941742	-0.073839	0.878582	0.332969	-0.342381
41635	9.211881	4.325010	-4.148883	-1.136770	1.224458	-0.022042	0.336123	0.043683	0.940805	0.318171	-0.945462	-0.069774	0.886447	0.322789	-0.331690
41636	9.238943	4.357895	-3.753624	-1.887761	1.305668	0.088219	0.324694	0.038770	0.945024	0.301047	-0.951432	-0.064402	0.896629	0.305408	-0.320596
41637	9.423263	3.359584	-3.458717	-2.487199	1.368021	0.194783	0.312892	0.032909	0.949218	0.277976	-0.958812	-0.058388	0.908200	0.282129	-0.309153
41638	9.667319	2.144368	-3.212452	-2.752942	1.435998	0.232683	0.300320	0.026868	0.953460	0.252132	-0.966285	-0.052187	0.919911	0.256071	-0.296969
41639	9.903858	1.070968	-2.633091	-2.740364	1.482537	0.234002	0.287141	0.021016	0.957658	0.226080	-0.973001	-0.046434	0.930827	0.229840	-0.284140
41640	10.335062	0.142492	-2.186708	-2.599446	1.482482	0.226408	0.273690	0.015666	0.961690	0.201172	-0.978685	-0.041309	0.940544	0.204771	-0.271008
41641	10.238913	-0.494802	-2.595444	-2.013382	1.431806	0.172177	0.260479	0.011206	0.965414	0.181691	-0.982636	-0.037616	0.948229	0.185206	-0.257992
41642	9.936756	0.134243	-2.384580	-1.457288	1.360448	0.058903	0.247579	0.008285	0.968832	0.167730	-0.985231	-0.034437	0.954239	0.171028	-0.245312
41643	10.032971	1.055026	-2.047759	-1.126917	1.284222	-0.031280	0.235224	0.006489	0.971920	0.157018	-0.987096	-0.031411	0.959174	0.159998	-0.233208
41644	9.859569	1.669078	-1.804108	-0.931551	1.201171	-0.080966	0.223492	0.005509	0.974690	0.148306	-0.988533	-0.028419	0.963357	0.150904	-0.221746
41645	9.633171	1.764962	-1.823357	-0.853560	1.112920	-0.112328	0.212570	0.005009	0.977133	0.140306	-0.989781	-0.025449	0.967020	0.142507	-0.211101
41646	9.809830	1.102540	-1.830820	-0.746453	1.013372	-0.151462	0.202485	0.005203	0.979271	0.133463	-0.990802	-0.022332	0.970148	0.135219	-0.201317
41647	9.811543	0.555631	-2.185323	-0.456672	0.899477	-0.218325	0.193444	0.006193	0.981092	0.129452	-0.991398	-0.019267	0.972534	0.130732	-0.192582
41648	9.269350	0.328690	-2.513853	-0.062177	0.745910	-0.279007	0.185761	0.008093	0.982562	0.129457	-0.991451	-0.016308	0.974030	0.130229	-0.185220
41649	8.773387	-0.361718	-3.032047	0.195090	0.570548	-0.287801	0.179808	0.010220	0.983649	0.131877	-0.991170	-0.013808	0.974822	0.132203	-0.179568
41650	8.889731	-0.348608	-3.249226	0.516554	0.389394	-0.285212	0.175567	0.012630	0.984386	0.137502	-0.990431	-0.011817	0.974818	0.137429	-0.175624
41651	9.065651	0.492920	-3.102907	0.696011	0.259996	-0.297303	0.172596	0.015229	0.984875	0.144795	-0.989410	-0.010076	0.974292	0.144344	-0.172974
41652	8.798199	0.627823	-2.983928	0.678514	0.145309	-0.274969	0.170716	0.017844	0.985159	0.151962	-0.988350	-0.008431	0.973532	0.151146	-0.171438
41653	8.398604	-0.023191	-3.019400	0.691060	0.014514	-0.225657	0.170206	0.020073	0.985204	0.159063	-0.987241	-0.007365	0.972486	0.157963	-0.171227
41654	8.105591	-0.442373	-3.174427	0.808467	-0.108265	-0.196054	0.170883	0.022298	0.985039	0.167346	-0.985875	-0.006714	0.970976	0.165990	-0.172201
41655	8.028841	-0.342270	-3.194397	0.887077	-0.247935	-0.166363	0.172984	0.024381	0.984623	0.176230	-0.984327	-0.006587	0.969030	0.174659	-0.174569
41656	7.877899	-0.005738	-2.835558	0.805147	-0.370195	-0.115455	0.176307	0.026293	0.983984	0.184318	-0.982843	-0.006763	0.966924	0.182558	-0.178129
41657	7.568564	-0.398919	-3.493605	0.636520	-0.451879	-0.034350	0.180589	0.027492	0.983174	0.190520	-0.981654	-0.007546	0.964930	0.188678	-0.182514
41658	7.279136	-1.381652	-4.808960	0.587953	-0.494719	0.040467	0.185388	0.028159	0.982262	0.196209	-0.980522	-0.008923	0.962878	0.194383	-0.187302
41659	7.252056	-1.673756	-4.330317	0.550625	-0.548510	0.131107	0.190905	0.027977	0.981210	0.201252	-0.979475	-0.011228	0.960756	0.199614	-0.192618
41660	7.827219	-1.315133	-4.180057	0.532246	-0.592268	0.246605	0.197050	0.026872	0.980025	0.205972	-0.978449	-0.014585	0.958513	0.204731	-0.198339
41661	8.498788	-0.877586	-4.109390	0.491902	-0.626105	0.325282	0.203702	0.025009	0.978713	0.210023	-0.977517	-0.018734	0.956240	0.209369	-0.204375
41662	9.478670	-0.270277	-3.271139	0.292373	-0.691693	0.393025	0.211104	0.022736	0.977199	0.212089	-0.976978	-0.023086	0.954177	0.212127	-0.211066
41663	10.787955	1.330544	-2.238886	0.162177	-0.700488	0.371859	0.218552	0.020617	0.975607	0.212831	-0.976715	-0.027037	0.952333	0.213549	-0.217851
41664	10.881579	2.143342	-1.096879	-0.159663	-0.630595	0.343296	0.225247	0.018722	0.974122	0.210646	-0.977104	-0.029928	0.951258	0.211936	-0.224034
41665	10.660946	0.829325	-0.915787	-0.367206	-0.604641	0.338822	0.231685	0.016703	0.972648	0.206375	-0.977938	-0.032365	0.950648	0.208229	-0.230020
41666	10.758613	-0.848918	-1.245150	-0.147509	-0.587118	0.304611	0.237852	0.015071	0.971185	0.204366	-0.978273	-0.034870	0.949558	0.206771	-0.235764
41667	10.463335	-1.432135	-1.940012	0.281215	-0.587138	0.284693	0.243987	0.013531	0.969684	0.206343	-0.977731	-0.038275	0.947572	0.209426	-0.241346
41668	9.933594	-1.004472	-2.887858	0.710575	-0.618235	0.298371	0.250423	0.012054	0.968062	0.212426	-0.976240	-0.042796	0.944544	0.216358	-0.247033
41669	9.267517	0.051477	-3.318187	0.825625	-0.645881	0.320582	0.257185	0.010373	0.966306	0.219393	-0.974458	-0.047932	0.941128	0.224328	-0.252892
41670	8.920774	0.969084	-3.792680	0.696211	-0.633575	0.338732	0.263855	0.008640	0.964524	0.225150	-0.972888	-0.052877	0.937917	0.231115	-0.258646
41671	8.912269	0.948896	-3.754068	0.389244	-0.585534	0.352171	0.270118	0.006602	0.962805	0.227853	-0.972010	-0.057260	0.935478	0.234845	-0.264061
41672	9.005788	0.321622	-3.923511	0.167074	-0.519184	0.373774	0.275789	0.004331	0.961208	0.228508	-0.971617	-0.061186	0.933662	0.236519	-0.268951
41673	8.849048	-0.547946	-4.460207	0.058960	-0.442423	0.375469	0.280754	0.001753	0.959778	0.228011	-0.971492	-0.064923	0.932302	0.237067	-0.273150
41674	8.891757	-1.064437	-4.873907	0.021996	-0.387124	0.368321	0.285170	-0.000761	0.958477	0.227296	-0.971421	-0.068397	0.931136	0.237363	-0.276847
41675	9.147794	-1.159633	-5.259395	-0.063085	-0.316952	0.358223	0.288912	-0.003467	0.957349	0.225678	-0.971565	-0.071624	0.930376	0.236746	-0.279915
41676	9.285324	-1.350467	-5.445700	-0.150786	-0.253207	0.341317	0.292010	-0.006038	0.956396	0.223409	-0.971885	-0.074348	0.929956	0.235378	-0.282451
41677	9.438490	-1.426810	-5.458423	-0.237851	-0.200174	0.324869	0.294573	-0.008704	0.955589	0.220243	-0.972421	-0.076750	0.929903	0.233070	-0.284532
41678	9.660294	-1.600666	-5.219897	-0.338662	-0.145216	0.288006	0.296534	-0.011021	0.954959	0.216367	-0.973158	-0.078417	0.930189	0.229875	-0.286190
41679	10.018292	-1.880389	-5.000436	-0.361749	-0.079920	0.221921	0.297735	-0.012976	0.954560	0.212341	-0.973959	-0.079470	0.930734	0.226353	-0.287226
41680	10.277159	-2.042008	-4.687012	-0.305522	-0.010181	0.184234	0.298205	-0.014602	0.954390	0.209070	-0.974603	-0.080236	0.931324	0.223461	-0.287579
41681	10.080504	-1.956694	-4.451288	-0.230398	0.041815	0.150994	0.298110	-0.016143	0.954395	0.206472	-0.975095	-0.080986	0.931933	0.221199	-0.287353
41682	9.837877	-1.602759	-4.155551	-0.240023	0.081075	0.120656	0.297592	-0.017359	0.954535	0.203992	-0.975588	-0.081340	0.932645	0.218923	-0.286786
41683	9.802211	-1.478476	-4.035460	-0.313300	0.117796	0.091477	0.296660	-0.018484	0.954804	0.200795	-0.976255	-0.081286	0.933635	0.215835	-0.285904
41684	9.630429	-1.511106	-3.947193	-0.346216	0.148868	0.082007	0.295425	-0.019468	0.955167	0.197431	-0.976967	-0.080976	0.934743	0.212502	-0.284777
41685	9.357212	-1.426519	-3.766653	-0.318802	0.169781	0.067882	0.293952	-0.020465	0.955601	0.194248	-0.977628	-0.080690	0.935874	0.209343	-0.283400
41686	9.118241	-0.966843	-3.383092	-0.285734	0.178521	0.056028	0.292383	-0.021254	0.956065	0.191517	-0.978198	-0.080315	0.936927	0.206586	-0.281938
41687	8.967001	-0.653203	-3.185962	-0.235748	0.191093	0.043727	0.290657	-0.022049	0.956573	0.189179	-0.978675	-0.080041	0.937939	0.204228	-0.280287
41688	8.822158	-0.270450	-3.020098	-0.041392	0.200545	0.049880	0.288866	-0.022816	0.957098	0.188755	-0.978736	-0.080301	0.938578	0.203853	-0.278417
41689	8.630989	0.348132	-2.795446	0.149206	0.186571	0.063709	0.287217	-0.023796	0.957570	0.189971	-0.978418	-0.081295	0.938838	0.205260	-0.276497
41690	8.785262	0.948925	-2.270296	0.231146	0.159296	0.100378	0.285910	-0.024970	0.957931	0.191970	-0.977903	-0.082787	0.938831	0.207563	-0.274799
41691	9.134980	0.807945	-1.601605	0.182395	0.127097	0.145365	0.284978	-0.026631	0.958164	0.193266	-0.977488	-0.084650	0.938848	0.209304	-0.273416
41692	9.632246	-0.233667	-1.101121	0.175780	0.086879	0.174099	0.284497	-0.028367	0.958257	0.194548	-0.977055	-0.086683	0.938729	0.211088	-0.272450
41693	9.978336	-1.215666	-0.621776	0.276613	0.029768	0.176609	0.284544	-0.030130	0.958189	0.196640	-0.976419	-0.089098	0.938279	0.213771	-0.271909
41694	9.940709	-1.399696	-0.352576	0.406422	-0.036310	0.159454	0.285193	-0.031464	0.957953	0.200120	-0.975478	-0.091618	0.937345	0.217835	-0.271903
41695	9.623706	-0.740775	-0.001969	0.449108	-0.111700	0.149524	0.286523	-0.032651	0.957517	0.203899	-0.974445	-0.094243	0.936125	0.222239	-0.272543
41696	9.287159	-0.079658	0.345884	0.269389	-0.189154	0.165160	0.288619	-0.033702	0.956851	0.206058	-0.973775	-0.096452	0.935008	0.225005	-0.274105
41697	9.040110	-0.139519	0.301053	0.075143	-0.277180	0.199979	0.291602	-0.034999	0.955899	0.206180	-0.973540	-0.098541	0.934055	0.225822	-0.276670
41698	9.173782	-0.476924	0.051370	0.026500	-0.362625	0.215686	0.295413	-0.036144	0.954686	0.205906	-0.973390	-0.100567	0.932917	0.226284	-0.280110
41699	9.394505	-0.790067	-0.301825	0.069713	-0.446928	0.230897	0.300036	-0.037353	0.953196	0.205868	-0.973151	-0.102935	0.931449	0.227117	-0.284291
41700	9.595026	-0.919448	-0.857434	0.192702	-0.515607	0.227073	0.305279	-0.038254	0.951494	0.207082	-0.972614	-0.105544	0.929474	0.229257	-0.288997
41701	9.827400	-0.737026	-1.541090	0.237877	-0.558477	0.227968	0.310919	-0.039158	0.949629	0.208588	-0.971981	-0.108373	0.927265	0.231777	-0.294039
41702	9.687884	-1.037383	-2.537691	0.205904	-0.567516	0.230466	0.316631	-0.039946	0.947707	0.209876	-0.971399	-0.111065	0.925039	0.234068	-0.299191
41703	9.276967	-1.211200	-3.556169	0.217193	-0.561375	0.232418	0.322288	-0.040857	0.945760	0.211142	-0.970798	-0.113890	0.922794	0.236395	-0.304250
41704	8.970041	-1.126630	-3.967474	0.083344	-0.547652	0.236853	0.327811	-0.041730	0.943821	0.211244	-0.970492	-0.116279	0.920824	0.237494	-0.309322
41705	8.774824	-1.692289	-4.405319	-0.037180	-0.508819	0.226876	0.332951	-0.042698	0.941977	0.210154	-0.970488	-0.118272	0.919227	0.237339	-0.314152
41706	8.789825	-2.245518	-4.454628	-0.052661	-0.475992	0.196450	0.337711	-0.043346	0.940251	0.209116	-0.970519	-0.119850	0.917726	0.237096	-0.318691
41707	8.888504	-2.537996	-4.317160	-0.001531	-0.449848	0.155528	0.342142	-0.043763	0.938629	0.208575	-0.970458	-0.121275	0.916207	0.237268	-0.322907
41708	9.068474	-2.446920	-3.944581	0.067335	-0.426394	0.116678	0.346268	-0.043759	0.937114	0.208887	-0.970238	-0.122491	0.914584	0.238166	-0.326822
41709	9.239848	-2.089805	-3.639008	0.121636	-0.417250	0.081555	0.350233	-0.043528	0.935651	0.209717	-0.969916	-0.123623	0.912883	0.239519	-0.330568
41710	9.383845	-1.536477	-3.333494	0.130276	-0.411757	0.058890	0.354092	-0.042995	0.934222	0.210787	-0.969569	-0.124515	0.911146	0.241011	-0.334254
41711	9.404915	-1.087095	-3.067830	0.096567	-0.423745	0.054822	0.358046	-0.042477	0.932737	0.211473	-0.969316	-0.125321	0.909440	0.242119	-0.338077
41712	9.501086	-0.808423	-2.884148	0.104126	-0.442800	0.052017	0.362159	-0.041794	0.931179	0.212320	-0.969034	-0.126069	0.907613	0.243365	-0.342071
41713	9.539683	-0.186834	-2.645493	0.108122	-0.469473	0.059762	0.366524	-0.041201	0.929496	0.213085	-0.968749	-0.126966	0.905679	0.244598	-0.346290
41714	9.411873	-0.051902	-2.641756	0.049004	-0.490392	0.086133	0.371123	-0.040717	0.927691	0.213303	-0.968586	-0.127843	0.903753	0.245325	-0.350779
41715	9.370404	-0.133982	-2.640762	0.006912	-0.523700	0.110387	0.376067	-0.040474	0.925708	0.212957	-0.968527	-0.128859	0.901789	0.245595	-0.355612
41716	9.359350	-0.218038	-2.687163	-0.043010	-0.552459	0.135019	0.381307	-0.040300	0.923570	0.212157	-0.968570	-0.129855	0.899775	0.245457	-0.360773
41717	9.466905	-0.375629	-2.824182	-0.077246	-0.570173	0.153824	0.386738	-0.040366	0.921306	0.210876	-0.968700	-0.130962	0.897755	0.244930	-0.366121
41718	9.265853	-0.470104	-2.910109	-0.186741	-0.586323	0.162247	0.392312	-0.040374	0.918946	0.208675	-0.969082	-0.131663	0.895849	0.243414	-0.371758
41719	8.566487	-1.944548	-3.313710	-0.251640	-0.600756	0.154467	0.397990	-0.040389	0.916500	0.205817	-0.969633	-0.132107	0.894004	0.241208	-0.377591
41720	8.589616	-2.795973	-3.702110	-0.131625	-0.617655	0.129334	0.403745	-0.040026	0.913996	0.204227	-0.969889	-0.132688	0.891785	0.240235	-0.383414
41721	8.585699	-3.312553	-4.214797	-0.010654	-0.606441	0.091654	0.409314	-0.039431	0.911541	0.203765	-0.969882	-0.133452	0.889349	0.240364	-0.388952
41722	8.495721	-3.373396	-4.850293	0.051015	-0.594902	0.039672	0.414654	-0.038267	0.909174	0.204144	-0.969737	-0.133922	0.886785	0.241133	-0.394293
41723	9.011563	-3.090939	-5.501013	0.110600	-0.561212	-0.012605	0.419579	-0.036761	0.906974	0.205181	-0.969478	-0.134215	0.884225	0.242408	-0.399229
41724	9.664246	-2.070422	-5.720104	0.106418	-0.506009	-0.059059	0.423903	-0.034857	0.905037	0.206447	-0.969235	-0.134026	0.881865	0.243656	-0.403665
41725	9.835916	-1.369278	-5.708725	-0.019934	-0.444181	-0.093569	0.427604	-0.032841	0.903369	0.206676	-0.969318	-0.133067	0.880023	0.243604	-0.407697
41726	9.810256	-0.904535	-5.466778	-0.000948	-0.408297	-0.114344	0.430936	-0.030635	0.901862	0.207236	-0.969352	-0.131950	0.878264	0.243760	-0.411380
41727	9.822198	-0.395394	-4.843336	0.057289	-0.395653	-0.137758	0.434103	-0.028307	0.900419	0.208341	-0.969255	-0.130914	0.876441	0.244424	-0.414859
41728	9.843613	0.115071	-4.165680	0.170790	-0.397534	-0.146602	0.437256	-0.025799	0.898967	0.210560	-0.968869	-0.130221	0.874341	0.246226	-0.418211
41729	9.731015	0.806100	-3.157561	0.184401	-0.427269	-0.128956	0.440695	-0.023467	0.897350	0.212743	-0.968448	-0.129806	0.872083	0.248110	-0.421798
41730	9.288476	0.938981	-2.239092	0.024577	-0.463733	-0.079390	0.444543	-0.021420	0.895501	0.213407	-0.968395	-0.129103	0.869965	0.248498	-0.425922
41731	8.888006	0.488571	-1.730896	-0.121680	-0.527295	-0.034115	0.449034	-0.019755	0.893296	0.212509	-0.968707	-0.128245	0.867876	0.247420	-0.430784
41732	8.631140	-0.154003	-1.242508	-0.297534	-0.610986	0.006670	0.454318	-0.018180	0.890654	0.210009	-0.969428	-0.126912	0.865732	0.244703	-0.436610
41733	8.834496	-1.370847	-1.462095	-0.366352	-0.706747	0.020775	0.460452	-0.016636	0.887528	0.206754	-0.970317	-0.125453	0.863271	0.241266	-0.443345
41734	9.512181	-1.486368	-1.695756	-0.257339	-0.801123	0.031701	0.467390	-0.014888	0.883926	0.204495	-0.970920	-0.124482	0.860075	0.238940	-0.450754
41735	9.808335	-0.687719	-1.815535	-0.304904	-0.876326	0.048443	0.474992	-0.013249	0.879890	0.201658	-0.971640	-0.123491	0.856573	0.236094	-0.458849
41736	9.844596	-0.155386	-2.192326	-0.399464	-0.959397	0.062644	0.483281	-0.011484	0.875390	0.198042	-0.972560	-0.122093	0.852771	0.232369	-0.467746
41737	9.938258	0.589308	-2.182703	-0.513664	-1.041186	0.105787	0.492328	-0.010092	0.870351	0.193165	-0.973732	-0.120557	0.848705	0.227475	-0.477446
41738	10.078129	1.135818	-2.287544	-0.619417	-1.122185	0.140140	0.502055	-0.008804	0.864791	0.187329	-0.975101	-0.118681	0.844304	0.221585	-0.487905
41739	10.093297	1.405098	-2.411715	-0.636661	-1.205203	0.179306	0.512513	-0.007892	0.858643	0.181070	-0.976480	-0.117053	0.839371	0.215465	-0.499030
41740	10.209130	1.653608	-2.250714	-0.636821	-1.307757	0.233770	0.523825	-0.007249	0.851795	0.174649	-0.977806	-0.115724	0.833729	0.209385	-0.510934
41741	10.687850	1.738566	-1.973680	-0.627098	-1.416044	0.278128	0.536046	-0.007019	0.844160	0.167978	-0.979083	-0.114808	0.827308	0.203343	-0.523654
41742	11.629299	1.758738	-1.902342	-0.618924	-1.525536	0.308073	0.549069	-0.006811	0.835749	0.161344	-0.980293	-0.113989	0.820055	0.197431	-0.537150
41743	12.324301	2.102814	-2.148044	-0.518043	-1.614562	0.334845	0.562758	-0.006919	0.826593	0.155267	-0.981282	-0.113922	0.811908	0.192453	-0.551150
41744	12.454449	2.510389	-2.096158	-0.578938	-1.696622	0.407520	0.577022	-0.007511	0.816694	0.148423	-0.982343	-0.113901	0.803129	0.186940	-0.565719
41745	12.829717	2.358718	-2.332931	-0.622829	-1.791190	0.480609	0.592002	-0.008911	0.805887	0.140655	-0.983450	-0.114199	0.793568	0.180958	-0.580951
41746	13.241162	2.548673	-2.030151	-0.727757	-1.885162	0.535159	0.607533	-0.010615	0.794224	0.131883	-0.984683	-0.114043	0.783269	0.174030	-0.596828
41747	13.573443	2.255240	-1.699264	-0.885720	-1.963852	0.593811	0.623545	-0.013102	0.781677	0.121353	-0.986118	-0.113333	0.772311	0.165527	-0.613299
41748	13.652389	1.178782	-1.291123	-0.956951	-2.029653	0.647943	0.639785	-0.015988	0.768388	0.110123	-0.987560	-0.112240	0.760624	0.156427	-0.630065
41749	13.494243	0.186331	-1.005050	-0.901824	-2.081953	0.707372	0.656216	-0.019780	0.754314	0.098752	-0.988808	-0.111838	0.748084	0.147880	-0.646918
41750	13.134405	-2.224761	-1.305778	-0.879809	-2.106446	0.778240	0.672486	-0.024204	0.739714	0.087259	-0.989901	-0.111719	0.734948	0.139677	-0.663582
41751	12.591684	-5.561575	-2.973173	-0.572629	-2.121476	0.793396	0.688572	-0.029120	0.724583	0.077709	-0.990477	-0.113653	0.720992	0.134565	-0.679752
41752	11.623700	-8.451651	-4.126719	0.225159	-2.226109	0.686022	0.704893	-0.032678	0.708561	0.074704	-0.989962	-0.119973	0.705369	0.137501	-0.695376
41753	11.397050	-8.690931	-4.374975	0.980549	-2.330615	0.555705	0.721542	-0.034816	0.691495	0.077592	-0.988377	-0.130728	0.688009	0.147980	-0.710454
41754	11.333494	-7.933909	-4.869286	1.540538	-2.301108	0.483580	0.737477	-0.035877	0.674418	0.084627	-0.985809	-0.144982	0.670049	0.163995	-0.723975
41755	10.733406	-6.070322	-4.913336	1.842031	-2.197881	0.431452	0.752380	-0.036280	0.657730	0.093612	-0.982460	-0.161274	0.652044	0.182911	-0.735787
41756	9.851263	-4.432804	-4.980815	1.862879	-2.007736	0.371340	0.765580	-0.036000	0.642333	0.102836	-0.978747	-0.177422	0.635069	0.201885	-0.745607
41757	8.540890	-3.121904	-5.381462	1.638874	-1.822814	0.319589	0.777341	-0.035260	0.628090	0.110671	-0.975191	-0.191716	0.619268	0.218540	-0.754154
41758	7.318524	-2.222838	-6.104997	1.415847	-1.607830	0.248856	0.787381	-0.034025	0.615527	0.117428	-0.971915	-0.203939	0.605179	0.232858	-0.761272
41759	5.969649	-1.627270	-6.805909	1.146162	-1.321136	0.177826	0.795500	-0.032568	0.605078	0.122912	-0.969124	-0.213757	0.593357	0.244415	-0.766935
41760	4.804981	-1.350653	-6.940553	0.865193	-1.031882	0.118047	0.801637	-0.031118	0.597001	0.127100	-0.966941	-0.221068	0.584144	0.253095	-0.771180
41761	4.538006	-1.112492	-6.236208	0.574038	-0.762194	0.076251	0.806148	-0.029875	0.590959	0.129844	-0.965451	-0.225932	0.577291	0.258867	-0.774418
41762	5.721281	-0.322251	-7.374507	0.374625	-0.382648	0.026880	0.808302	-0.029104	0.588048	0.131827	-0.964473	-0.228938	0.573820	0.262572	-0.775749
41763	2.830844	-1.804035	-8.283980	-0.666419	0.192186	0.035154	0.807230	-0.029913	0.589478	0.127735	-0.966194	-0.223949	0.576249	0.256075	-0.776120
41764	0.257411	-4.961902	-8.152885	-0.785068	-0.178763	0.065418	0.808261	-0.030049	0.588058	0.122737	-0.968162	-0.218169	0.575891	0.248514	-0.778839
41765	5.385910	-1.910841	-5.044911	0.305466	-0.561369	-0.125901	0.811311	-0.027397	0.583972	0.125532	-0.967437	-0.219789	0.570978	0.251625	-0.781453
41766	8.045939	0.105458	-3.373486	-0.724179	0.616789	-0.279650	0.807344	-0.026189	0.589500	0.123679	-0.969315	-0.212445	0.576975	0.244424	-0.779331
41767	5.573162	-2.985705	-4.917439	-0.921452	1.256460	-0.317231	0.799623	-0.026093	0.599935	0.120883	-0.971610	-0.203377	0.588209	0.235147	-0.773767
41768	5.354115	-3.861655	-4.472017	-0.494415	1.658124	-0.327727	0.789275	-0.026736	0.613458	0.120578	-0.972852	-0.197534	0.602085	0.229878	-0.764624
41769	4.848832	-4.819672	-5.029565	0.112588	2.124280	-0.417658	0.775784	-0.027531	0.630397	0.124556	-0.972709	-0.195764	0.618583	0.230390	-0.751183
41770	4.553054	-4.100762	-5.313228	0.833710	2.464028	-0.578576	0.759481	-0.027681	0.649940	0.134237	-0.970923	-0.198213	0.636529	0.237785	-0.733682
41771	4.609624	-2.772338	-5.100445	1.190661	2.721234	-0.756864	0.740823	-0.026931	0.671161	0.147627	-0.968237	-0.201801	0.655277	0.248580	-0.713316
41772	5.262571	-1.338217	-5.463179	1.155396	2.935626	-0.964088	0.719704	-0.025082	0.693828	0.162343	-0.965563	-0.203303	0.675034	0.258956	-0.690848
41773	5.400830	-0.270505	-5.614849	0.607763	3.181064	-1.112460	0.695998	-0.022637	0.717687	0.174406	-0.964242	-0.199550	0.696541	0.264055	-0.667162
41774	5.400760	-0.079751	-5.602240	-0.170119	3.341583	-1.181882	0.670128	-0.020034	0.741975	0.181269	-0.964950	-0.189770	0.719771	0.261667	-0.643008
41775	6.124793	-0.035849	-5.383468	-0.939231	3.441725	-1.091102	0.642937	-0.018299	0.765700	0.181575	-0.967574	-0.175588	0.744085	0.251924	-0.618767
41776	7.293808	-0.244599	-5.211494	-1.713067	3.523177	-0.840986	0.614671	-0.018710	0.788562	0.173900	-0.971906	-0.158613	0.769375	0.234626	-0.594148
41777	7.946840	-1.869875	-5.407140	-2.364342	3.722467	-0.659658	0.584421	-0.020543	0.811191	0.159367	-0.977304	-0.139565	0.795647	0.210842	-0.567883
41778	8.407874	-4.600554	-7.284580	-2.491284	3.867101	-0.554883	0.552198	-0.022759	0.833402	0.142371	-0.982370	-0.121160	0.821467	0.185557	-0.539223
41779	8.983181	-6.414203	-7.144457	-2.022491	3.847513	-0.452251	0.519510	-0.025016	0.854098	0.127955	-0.986023	-0.106709	0.844830	0.164722	-0.509047
41780	9.648302	-4.164389	-6.390939	-1.406394	3.870141	-0.409192	0.485780	-0.027083	0.873661	0.117938	-0.988349	-0.096215	0.866088	0.149777	-0.476926
41781	9.340037	-2.367822	-6.232115	-1.042681	3.991925	-0.449713	0.450273	-0.028354	0.892441	0.110917	-0.989978	-0.087415	0.885975	0.138348	-0.442615
41782	8.785912	-2.144858	-6.456865	-0.720261	4.035229	-0.473863	0.413517	-0.029108	0.910031	0.106453	-0.991088	-0.080072	0.904252	0.129986	-0.406733
41783	9.006674	-0.624758	-6.057301	-0.436248	4.000097	-0.508433	0.376462	-0.029125	0.925974	0.104488	-0.991793	-0.073675	0.920521	0.124489	-0.370330
41784	9.991385	1.168729	-5.108474	-0.506116	3.939942	-0.540952	0.339226	-0.028568	0.940271	0.101662	-0.992571	-0.066834	0.935196	0.118261	-0.333802
41785	10.677324	1.791075	-4.214557	-0.901658	3.896093	-0.492132	0.302023	-0.028060	0.952887	0.094751	-0.993734	-0.059294	0.948580	0.108195	-0.297472
41786	11.177449	0.339180	-3.214731	-1.262216	3.821845	-0.427371	0.265038	-0.027687	0.963840	0.083861	-0.995138	-0.051646	0.960584	0.094517	-0.261428
41787	12.499641	-3.045188	-2.877501	-1.527744	3.612720	-0.202242	0.229975	-0.028762	0.972771	0.069609	-0.996517	-0.045920	0.970704	0.078274	-0.227172
41788	11.658080	-2.611343	-3.359259	-0.106740	3.292605	-0.346176	0.197535	-0.027861	0.979900	0.069251	-0.996702	-0.042299	0.977847	0.076214	-0.194954
41789	11.594054	1.276966	-1.059626	0.272161	3.010948	-0.576943	0.167583	-0.024402	0.985556	0.072972	-0.996644	-0.037085	0.983154	0.078133	-0.165240
41790	11.204448	1.332685	-2.982323	0.419166	2.687024	-0.614755	0.140529	-0.020423	0.989866	0.077985	-0.996453	-0.031630	0.987000	0.081640	-0.138438
41791	9.466915	2.068084	-2.650757	0.976401	2.241271	-0.721969	0.117764	-0.015133	0.992926	0.088563	-0.995739	-0.025680	0.989084	0.090961	-0.115922
41792	8.129836	1.812602	-3.149012	0.625785	1.731608	-0.432807	0.100115	-0.012437	0.994898	0.095181	-0.995216	-0.022019	0.990413	0.096899	-0.098453
41793	8.122150	1.279142	-3.253296	0.845941	1.152464	-0.165450	0.088517	-0.011923	0.996003	0.103713	-0.994383	-0.021121	0.990661	0.105168	-0.086783
41794	8.686598	1.880951	-2.984703	0.865262	0.704674	0.008284	0.081437	-0.012750	0.996597	0.112246	-0.993440	-0.021881	0.990338	0.113646	-0.079471
41795	8.828781	0.566939	-3.802427	1.184276	0.320450	0.092052	0.078355	-0.014015	0.996827	0.123890	-0.992013	-0.023685	0.989198	0.125353	-0.075992
41796	8.655090	0.517706	-4.183725	1.661477	-0.015942	0.087777	0.078520	-0.014825	0.996802	0.140227	-0.989784	-0.025766	0.987001	0.141802	-0.075639
41797	8.117448	1.105414	-4.184745	1.963530	-0.324644	0.120123	0.081879	-0.015489	0.996522	0.159476	-0.986792	-0.028441	0.983800	0.161250	-0.078327
41798	8.032911	1.887057	-4.307095	1.907734	-0.544611	0.209057	0.087479	-0.016569	0.996029	0.178039	-0.983503	-0.031997	0.980127	0.180131	-0.083086
41799	7.822336	1.647354	-4.290503	1.573331	-0.685708	0.323964	0.094768	-0.018432	0.995329	0.193133	-0.980492	-0.036546	0.976585	0.195694	-0.089359
41800	7.620666	0.456935	-5.535696	1.260009	-0.742520	0.421903	0.102756	-0.020994	0.994485	0.205032	-0.977861	-0.041828	0.973346	0.208199	-0.096177
41801	6.869147	-0.583074	-6.115223	1.078260	-0.764646	0.461102	0.111133	-0.023834	0.993520	0.215014	-0.975457	-0.047452	0.970267	0.218894	-0.103281
41802	6.010941	-1.061977	-6.613561	1.004894	-0.742720	0.433127	0.119195	-0.026321	0.992522	0.224293	-0.973094	-0.052742	0.967205	0.228902	-0.110084
41803	5.402534	-1.244438	-7.178897	0.912665	-0.631789	0.375015	0.126131	-0.028462	0.991605	0.232645	-0.970863	-0.057459	0.964348	0.237939	-0.115834
41804	5.286523	-1.469586	-7.418454	0.766893	-0.498476	0.279457	0.131513	-0.029880	0.990864	0.239735	-0.968918	-0.061038	0.961889	0.245572	-0.120262
41805	5.190549	-1.229560	-7.294175	0.561250	-0.310742	0.145884	0.134830	-0.030492	0.990399	0.244933	-0.967483	-0.063131	0.960119	0.251093	-0.122977
41806	4.764821	-2.006591	-7.995474	0.336905	-0.072954	-0.054121	0.135334	-0.029695	0.990355	0.248307	-0.966636	-0.062915	0.959181	0.254427	-0.123445
41807	4.255086	-3.492304	-8.140830	0.249166	0.088171	-0.235969	0.133876	-0.027611	0.990613	0.251012	-0.966069	-0.060849	0.958681	0.256802	-0.122403
41808	5.076310	-5.976602	-7.165276	-0.165663	0.027034	-0.197337	0.133075	-0.025694	0.990773	0.249747	-0.966536	-0.058610	0.959123	0.255242	-0.122205
41809	8.078414	-11.692048	-9.889590	-0.164048	-0.204589	0.244691	0.135623	-0.027509	0.990379	0.247843	-0.966891	-0.060797	0.959260	0.253704	-0.124315
41810	14.245440	-6.506889	-12.554865	2.731856	-1.278007	0.208922	0.148338	-0.026051	0.988594	0.273660	-0.959535	-0.066348	0.950319	0.280380	-0.135206
