// General information: 
//  MT Manager version: 2022.2.0 
//  XDA version: 2022.2.0 build 7381 rev 124627 built on 2023-07-19
// Device information: 
//  DeviceId: 00B4CBA7
//  ProductCode: MTW2-3A7G6
//  Firmware Version: 4.6.0
//  Hardware Version: 2.0.0
// Device settings: 
//  Filter Profile: human(46.1)
//  Option Flags: Orientation Smoother Disabled, Position/Velocity Smoother Disabled, Continuous Zero Rotation Update Disabled, AHS Disabled, ICC Disabled
// Coordinate system: ENU
PacketCounter	Acc_X	Acc_Y	Acc_Z	Gyr_X	Gyr_Y	Gyr_Z	Mat[1][1]	Mat[2][1]	Mat[3][1]	Mat[1][2]	Mat[2][2]	Mat[3][2]	Mat[1][3]	Mat[2][3]	Mat[3][3]
51685	9.495528	-0.122116	-1.313869	-0.177319	-0.027950	-0.184115	-0.163485	-0.074490	0.983730	-0.620283	0.783155	-0.043782	-0.767152	-0.617349	-0.174239
51686	9.582838	0.318723	-0.854538	-0.100603	-0.025635	-0.185450	-0.162501	-0.076127	0.983767	-0.619803	0.783646	-0.041740	-0.767748	-0.616525	-0.174527
51687	9.499334	0.297039	-0.599450	-0.303952	-0.048911	-0.192653	-0.161652	-0.077959	0.983764	-0.617763	0.785383	-0.039273	-0.769569	-0.614082	-0.175119
51688	9.419232	-0.809566	-1.180946	-0.279494	-0.089160	-0.201368	-0.161066	-0.080115	0.983687	-0.615925	0.786947	-0.036758	-0.771164	-0.611798	-0.176096
51689	9.622291	-0.706681	-1.002621	-0.012591	-0.111182	-0.208444	-0.160611	-0.082466	0.983567	-0.616186	0.786838	-0.034648	-0.771050	-0.611625	-0.177189
51690	9.550074	-0.487145	-0.891088	-0.075269	-0.135358	-0.206368	-0.160352	-0.084944	0.983398	-0.615927	0.787135	-0.032441	-0.771311	-0.610904	-0.178538
51691	9.666969	-0.954368	-1.362257	-0.050573	-0.163313	-0.211971	-0.160278	-0.087642	0.983173	-0.615906	0.787240	-0.030230	-0.771344	-0.610387	-0.180156
51692	9.714028	-0.595976	-1.324550	-0.017174	-0.160209	-0.204986	-0.160220	-0.090260	0.982946	-0.616092	0.787171	-0.028140	-0.771207	-0.610094	-0.181729
51693	9.672616	-0.238505	-1.959806	-0.104690	-0.159677	-0.197543	-0.160200	-0.092810	0.982712	-0.615607	0.787625	-0.025969	-0.771598	-0.609125	-0.183312
51694	9.786885	0.347450	-2.194707	-0.055583	-0.158526	-0.183919	-0.160260	-0.095251	0.982468	-0.615463	0.787800	-0.024017	-0.771701	-0.608522	-0.184876
51695	9.934783	0.816676	-2.210804	-0.205133	-0.135775	-0.169191	-0.160242	-0.097435	0.982257	-0.614163	0.788874	-0.021940	-0.772740	-0.606781	-0.186252
51696	9.845034	0.722515	-2.495929	-0.334188	-0.112088	-0.160359	-0.160095	-0.099407	0.982083	-0.611824	0.790749	-0.019697	-0.774623	-0.604016	-0.187415
51697	9.700598	-0.052139	-2.449723	-0.404522	-0.112301	-0.145399	-0.160072	-0.101274	0.981896	-0.608968	0.793002	-0.017485	-0.776875	-0.600742	-0.188610
51698	9.595006	-1.245131	-2.728926	-0.259615	-0.115813	-0.155768	-0.159995	-0.103231	0.981705	-0.607188	0.794408	-0.015421	-0.778283	-0.598547	-0.189782
51699	9.804461	-0.863996	-2.558185	0.205799	-0.112199	-0.157437	-0.159890	-0.105186	0.981515	-0.609063	0.792994	-0.014234	-0.776838	-0.600080	-0.190856
51700	9.914458	0.600690	-1.408536	0.361659	-0.112326	-0.139572	-0.159878	-0.106993	0.981321	-0.612081	0.790679	-0.013514	-0.774465	-0.602809	-0.191901
51701	9.752941	1.139753	-0.854482	0.115451	-0.120261	-0.113129	-0.160107	-0.108644	0.981102	-0.613185	0.789839	-0.012602	-0.773544	-0.603615	-0.193078
51702	9.535005	1.027557	-0.927181	-0.032378	-0.120867	-0.084583	-0.160493	-0.110069	0.980881	-0.613060	0.789950	-0.011666	-0.773563	-0.603211	-0.194260
51703	9.552717	1.315029	-0.684580	-0.059593	-0.141206	-0.062087	-0.161166	-0.111438	0.980616	-0.612699	0.790242	-0.010894	-0.773709	-0.602578	-0.195638
51704	9.668915	1.249872	-0.569659	-0.251087	-0.160129	-0.041329	-0.162122	-0.112755	0.980307	-0.610811	0.791714	-0.009952	-0.775001	-0.600396	-0.197226
51705	9.550335	0.335627	-1.146916	-0.368515	-0.177085	-0.045655	-0.163201	-0.114204	0.979961	-0.608028	0.793867	-0.008744	-0.776960	-0.597271	-0.198999
51706	9.451399	-0.374842	-1.806846	-0.154558	-0.206478	-0.047734	-0.164486	-0.115841	0.979554	-0.606895	0.794742	-0.007923	-0.777575	-0.595790	-0.201027
51707	9.442393	0.338217	-1.381183	0.054576	-0.214377	-0.043383	-0.165851	-0.117500	0.979126	-0.607418	0.794347	-0.007563	-0.776877	-0.595993	-0.203114
51708	9.474705	0.634730	-1.530127	-0.137059	-0.248654	-0.025708	-0.167596	-0.119211	0.978622	-0.606386	0.795140	-0.006988	-0.777308	-0.594593	-0.205551
51709	9.477986	0.034896	-2.082876	-0.222935	-0.254929	-0.019247	-0.169427	-0.120903	0.978099	-0.604680	0.796443	-0.006295	-0.778239	-0.592503	-0.208046
51710	9.632860	-0.397826	-2.542516	-0.195039	-0.253299	-0.009485	-0.171312	-0.122504	0.977571	-0.603168	0.797593	-0.005750	-0.779000	-0.590625	-0.210527
51711	9.479990	-0.284952	-2.553652	-0.088230	-0.232698	-0.014057	-0.173018	-0.124022	0.977079	-0.602523	0.798083	-0.005391	-0.779122	-0.589645	-0.212809
51712	9.258758	-0.547073	-2.337252	-0.115325	-0.260798	-0.014696	-0.174931	-0.125703	0.976523	-0.601640	0.798752	-0.004957	-0.779377	-0.588383	-0.215355
51713	9.288791	-1.212588	-2.447582	0.082769	-0.287278	-0.031375	-0.176933	-0.127675	0.975907	-0.602348	0.798220	-0.004778	-0.778378	-0.588680	-0.218136
51714	9.344677	-0.162275	-1.503448	0.342073	-0.283939	-0.030425	-0.178925	-0.129619	0.975287	-0.605051	0.796170	-0.005188	-0.775822	-0.591026	-0.220881
51715	9.405619	0.773700	-0.934484	0.224959	-0.328779	-0.015112	-0.181375	-0.131715	0.974554	-0.606839	0.794806	-0.005518	-0.773854	-0.592398	-0.224087
51716	9.548515	1.089664	-0.783258	0.068393	-0.364580	0.010484	-0.184227	-0.133818	0.973731	-0.607340	0.794421	-0.005731	-0.772786	-0.592442	-0.227627
51717	9.500269	1.096357	-1.090365	-0.016133	-0.404344	0.030848	-0.187527	-0.135996	0.972799	-0.607173	0.794547	-0.005968	-0.772124	-0.591776	-0.231572
51718	9.648795	1.061750	-1.316394	-0.037466	-0.437469	0.053225	-0.191196	-0.138187	0.971776	-0.606774	0.794849	-0.006355	-0.771537	-0.590863	-0.235821
51719	9.608331	0.715992	-1.828595	-0.032834	-0.458677	0.068633	-0.195165	-0.140380	0.970672	-0.606408	0.795123	-0.006934	-0.770831	-0.589976	-0.240308
51720	9.560068	0.391892	-2.586212	0.060109	-0.460962	0.075235	-0.199142	-0.142528	0.969551	-0.606714	0.794882	-0.007766	-0.769572	-0.589787	-0.244768
51721	9.473445	0.338055	-3.063116	0.210568	-0.461029	0.093862	-0.203256	-0.144553	0.968396	-0.608211	0.793722	-0.009178	-0.767311	-0.590855	-0.249248
51722	9.734561	0.491669	-3.241015	0.301672	-0.453805	0.112054	-0.207385	-0.146377	0.967246	-0.610284	0.792107	-0.010977	-0.764556	-0.592571	-0.253602
51723	9.814962	0.561962	-3.274284	0.237240	-0.424021	0.136256	-0.211438	-0.147837	0.966146	-0.611798	0.790909	-0.012867	-0.762232	-0.593807	-0.257675
51724	10.365874	0.267107	-3.327948	0.130259	-0.379981	0.158631	-0.215272	-0.148867	0.965141	-0.612444	0.790377	-0.014693	-0.760638	-0.594258	-0.261319
51725	10.156164	-0.151898	-3.332712	-0.012997	-0.288553	0.175583	-0.218544	-0.149229	0.964349	-0.611979	0.790705	-0.016330	-0.760079	-0.593731	-0.264129
51726	9.426585	-1.454814	-3.975455	-0.090508	-0.301327	0.172762	-0.221860	-0.149676	0.963522	-0.610904	0.791507	-0.017711	-0.759983	-0.592549	-0.267042
51727	9.270351	-2.521476	-4.052744	0.489168	-0.337716	0.128990	-0.225182	-0.150693	0.962593	-0.614319	0.788798	-0.020223	-0.756244	-0.595893	-0.270197
51728	9.279504	-0.644886	-2.118721	1.068936	-0.295036	0.118755	-0.228106	-0.151557	0.961768	-0.622089	0.782572	-0.024224	-0.748982	-0.603831	-0.272791
51729	9.218182	1.068826	0.051865	1.057807	-0.362987	0.138309	-0.231687	-0.152696	0.960732	-0.629620	0.776382	-0.028442	-0.741552	-0.611486	-0.276018
51730	9.299952	1.288229	1.897480	0.662273	-0.468264	0.153673	-0.236087	-0.154405	0.959386	-0.634148	0.772561	-0.031715	-0.736287	-0.615881	-0.280307
51731	9.345017	0.793373	1.562721	0.388519	-0.586686	0.177499	-0.241476	-0.156693	0.957672	-0.636606	0.770419	-0.034464	-0.732409	-0.617982	-0.285789
51732	9.075474	1.575069	1.685155	0.561605	-0.662321	0.224888	-0.247714	-0.159094	0.955681	-0.640149	0.767301	-0.038194	-0.727219	-0.621239	-0.291915
51733	8.890957	2.121045	1.675991	0.009680	-0.790006	0.261452	-0.255131	-0.162018	0.953236	-0.639582	0.767644	-0.040709	-0.725150	-0.620059	-0.299474
51734	9.001309	0.389773	-0.864966	-0.361585	-0.954850	0.278535	-0.263800	-0.165802	0.950221	-0.636233	0.770341	-0.042216	-0.724994	-0.615698	-0.308705
51735	8.945645	-0.258055	-1.891671	0.103569	-0.985383	0.300592	-0.272802	-0.169586	0.947006	-0.636215	0.770178	-0.045353	-0.721671	-0.614871	-0.317999
51736	8.967459	0.654803	-1.516954	0.298941	-1.081366	0.314316	-0.282550	-0.173844	0.943368	-0.637488	0.768885	-0.049245	-0.716780	-0.615300	-0.328072
51737	9.539895	0.923039	-0.878801	0.166620	-1.140598	0.353802	-0.292942	-0.178175	0.939382	-0.637700	0.768452	-0.053109	-0.712407	-0.614602	-0.338734
51738	9.446281	0.675508	-1.113076	-0.064405	-1.201669	0.376677	-0.303852	-0.182674	0.935042	-0.636115	0.769532	-0.056373	-0.709247	-0.611924	-0.350026
51739	9.944251	0.362214	-1.768416	0.033260	-1.289795	0.404863	-0.315550	-0.187439	0.930212	-0.635082	0.770090	-0.060260	-0.705052	-0.609776	-0.362041
51740	11.043857	1.068927	-1.719094	0.074205	-1.323568	0.437764	-0.327598	-0.192151	0.925071	-0.634194	0.770475	-0.064550	-0.700341	-0.607821	-0.374267
51741	12.007067	0.844738	-2.225339	-0.217590	-1.353472	0.461550	-0.340001	-0.196805	0.919602	-0.631142	0.772682	-0.067988	-0.697179	-0.603516	-0.386924
51742	12.606362	-0.204454	-3.142105	-0.148345	-1.407361	0.466265	-0.352692	-0.201689	0.913745	-0.628495	0.774508	-0.071634	-0.693255	-0.599549	-0.399923
51743	12.954603	-1.081465	-2.618499	0.269899	-1.455091	0.465752	-0.365637	-0.206855	0.907481	-0.628748	0.773792	-0.076950	-0.686284	-0.598712	-0.412986
51744	14.325029	-0.948453	0.126507	0.652212	-1.466540	0.454235	-0.378463	-0.212168	0.900972	-0.631504	0.770837	-0.083748	-0.676734	-0.600662	-0.425718
51745	13.289177	-1.410174	0.772632	0.190747	-1.522587	0.522275	-0.391998	-0.217325	0.893928	-0.630842	0.770762	-0.089249	-0.669609	-0.598913	-0.439235
51746	13.285054	-2.371578	0.819830	0.330197	-1.695498	0.553285	-0.406737	-0.223233	0.885851	-0.630831	0.770008	-0.095603	-0.660771	-0.597707	-0.454013
51747	13.178558	-1.174336	2.470534	0.654593	-1.772450	0.648000	-0.422454	-0.228902	0.877004	-0.632502	0.767497	-0.104357	-0.649210	-0.598793	-0.469013
51748	13.156174	0.545734	3.923010	0.356234	-1.939285	0.739390	-0.439585	-0.234850	0.866955	-0.631613	0.767084	-0.112460	-0.638616	-0.597015	-0.485533
51749	13.123608	0.297906	4.037826	-0.275477	-2.141704	0.808009	-0.458242	-0.241367	0.855427	-0.626296	0.770592	-0.118069	-0.630688	-0.589855	-0.504286
51750	13.475269	-0.427156	3.343854	-0.461624	-2.320167	0.819444	-0.477859	-0.248638	0.842514	-0.619573	0.775304	-0.122607	-0.622720	-0.580588	-0.524536
51751	14.064260	-0.682293	2.165665	-0.601379	-2.473674	0.785840	-0.497991	-0.256753	0.828301	-0.612073	0.780700	-0.125993	-0.614305	-0.569724	-0.545934
51752	14.528947	-1.469252	-0.051641	-0.817508	-2.613626	0.701191	-0.518173	-0.266001	0.812859	-0.603529	0.787138	-0.127148	-0.606011	-0.556469	-0.568413
51753	14.414026	-3.107581	-3.193574	-0.517307	-2.709850	0.559428	-0.537747	-0.276544	0.796462	-0.597573	0.791423	-0.128669	-0.594756	-0.545136	-0.590841
51754	14.252043	-1.898908	-3.790704	0.045243	-2.561116	0.405409	-0.555188	-0.287235	0.780552	-0.595633	0.792321	-0.132094	-0.580506	-0.538260	-0.610974
51755	12.888904	0.216718	-4.827627	-0.241527	-2.403640	0.251614	-0.570412	-0.298108	0.765351	-0.592949	0.794254	-0.132557	-0.568367	-0.529426	-0.629815
51756	11.263410	0.350784	-6.966558	-0.597219	-2.337297	0.127643	-0.584308	-0.309355	0.750256	-0.588859	0.797767	-0.129664	-0.558417	-0.517559	-0.648308
51757	9.731153	0.577198	-8.867176	-0.492854	-2.240812	0.006561	-0.596648	-0.320828	0.735582	-0.586223	0.800215	-0.126482	-0.548045	-0.506680	-0.665524
51758	8.912193	0.992756	-9.526202	-0.218353	-2.136122	-0.132936	-0.607425	-0.332650	0.721373	-0.585852	0.800875	-0.124000	-0.536481	-0.497939	-0.681356
51759	7.209968	0.722962	-10.936728	-0.240148	-2.082165	-0.173545	-0.617364	-0.344370	0.707298	-0.585764	0.801382	-0.121106	-0.525111	-0.489076	-0.696465
51760	8.039316	-1.604149	-9.606570	0.412878	-1.951946	-0.219194	-0.626157	-0.355664	0.693852	-0.589280	0.798599	-0.122431	-0.510565	-0.485534	-0.709634
51761	8.419548	-1.277827	-6.330346	0.901073	-1.418349	-0.206992	-0.631977	-0.364268	0.684042	-0.595234	0.793383	-0.127435	-0.496287	-0.487701	-0.718224
51762	7.426767	0.152243	-4.513498	0.909294	-0.774627	-0.252491	-0.634243	-0.370086	0.678802	-0.601314	0.787997	-0.132222	-0.485960	-0.492034	-0.722320
51763	6.254271	1.081148	-4.136898	0.268589	-0.182872	-0.371709	-0.632789	-0.373967	0.678031	-0.605088	0.785201	-0.131637	-0.483163	-0.493567	-0.723149
51764	4.802911	-0.738406	-6.197992	-0.101646	0.270824	-0.551824	-0.628102	-0.376986	0.680712	-0.608090	0.783625	-0.127113	-0.485504	-0.493774	-0.721438
51765	4.224096	-2.289698	-6.875339	0.255112	0.680582	-0.731957	-0.620218	-0.379383	0.686584	-0.614015	0.779503	-0.123937	-0.488175	-0.498441	-0.716409
51766	4.078410	-2.637088	-7.003665	0.723620	1.104360	-0.867441	-0.609421	-0.380582	0.695531	-0.622904	0.772560	-0.123054	-0.490507	-0.508240	-0.707880
51767	4.160293	-2.177422	-6.629394	1.123595	1.541147	-0.953421	-0.595753	-0.380006	0.707583	-0.634283	0.763052	-0.124242	-0.492711	-0.522825	-0.695622
51768	4.176484	-1.523564	-6.257692	1.240588	1.985182	-1.016760	-0.579394	-0.377190	0.722517	-0.646407	0.752607	-0.125462	-0.496449	-0.539732	-0.679874
51769	4.037726	-1.007997	-5.819360	1.240250	2.384954	-1.079023	-0.560347	-0.372201	0.739917	-0.658852	0.741667	-0.125874	-0.501922	-0.558029	-0.660816
51770	4.224614	-0.729216	-5.992060	1.010457	2.734611	-1.138014	-0.538913	-0.365110	0.759123	-0.670233	0.731740	-0.123869	-0.510255	-0.575544	-0.639053
51771	4.488983	-0.867541	-6.241749	0.780698	3.050315	-1.162488	-0.515234	-0.355784	0.779713	-0.680482	0.722905	-0.119800	-0.521035	-0.592306	-0.614570
51772	4.773211	-1.921293	-6.917208	0.496327	3.301900	-1.156788	-0.489857	-0.344321	0.800926	-0.688925	0.715876	-0.113599	-0.534249	-0.607425	-0.587888
51773	4.987456	-3.522410	-7.560067	0.745379	3.490012	-1.130147	-0.463076	-0.330887	0.822238	-0.698422	0.707387	-0.108676	-0.545681	-0.624594	-0.558672
51774	5.261160	-2.767957	-6.674636	1.142711	3.683264	-1.084722	-0.435148	-0.315150	0.843402	-0.709586	0.696630	-0.105800	-0.554196	-0.644505	-0.526763
51775	5.594991	-1.208476	-6.062857	0.993043	3.827702	-1.033631	-0.406276	-0.297288	0.864037	-0.719565	0.686892	-0.102006	-0.563175	-0.663174	-0.492985
51776	5.885504	-0.813266	-6.049995	0.514323	3.918547	-0.977857	-0.376873	-0.277716	0.883652	-0.726326	0.680633	-0.095863	-0.574820	-0.677947	-0.458225
51777	6.150148	-1.716584	-6.158153	0.225530	3.972192	-0.917511	-0.347019	-0.256754	0.902028	-0.731020	0.676573	-0.088650	-0.587527	-0.690164	-0.422476
51778	6.243475	-1.946404	-5.608192	0.056321	4.042856	-0.873848	-0.316563	-0.234563	0.919113	-0.734256	0.674038	-0.080876	-0.600547	-0.700466	-0.385604
51779	6.459622	-2.625883	-6.093539	-0.335935	4.073552	-0.822831	-0.285665	-0.211434	0.934714	-0.734753	0.674505	-0.071980	-0.615251	-0.707346	-0.348034
51780	6.749425	-4.075386	-6.700910	-0.130306	4.039267	-0.807852	-0.254594	-0.188181	0.948562	-0.736125	0.673823	-0.063899	-0.627138	-0.714528	-0.310076
51781	7.427104	-3.514976	-5.715097	0.171955	4.055537	-0.776585	-0.223169	-0.164243	0.960843	-0.739119	0.671163	-0.056944	-0.635530	-0.722886	-0.271177
51782	7.849956	-2.721264	-5.594855	0.127055	4.025969	-0.708965	-0.192146	-0.139768	0.971362	-0.741400	0.669170	-0.050371	-0.642967	-0.729847	-0.232202
51783	7.890827	-2.265102	-4.873363	0.243682	3.898556	-0.642272	-0.162133	-0.115452	0.979992	-0.744155	0.666516	-0.044594	-0.648032	-0.736496	-0.193979
51784	8.337213	-1.762822	-4.201382	0.113548	3.751728	-0.564884	-0.133486	-0.091512	0.986817	-0.745722	0.665103	-0.039195	-0.652748	-0.741123	-0.157025
51785	8.606528	-1.457668	-4.087119	-0.030574	3.613810	-0.491793	-0.106066	-0.067925	0.992036	-0.746149	0.664898	-0.034250	-0.657277	-0.743839	-0.121205
51786	9.250965	-1.225292	-3.859692	-0.259776	3.472506	-0.443404	-0.079809	-0.045061	0.995791	-0.744837	0.666592	-0.029531	-0.662456	-0.744059	-0.086763
51787	9.941479	-1.777120	-4.233923	-0.330804	3.292155	-0.368107	-0.055118	-0.023027	0.998214	-0.742921	0.668890	-0.025592	-0.667106	-0.743005	-0.053975
51788	9.815659	-1.472295	-4.017330	-0.103604	3.082207	-0.264594	-0.032522	-0.001920	0.999469	-0.742333	0.669640	-0.022869	-0.669241	-0.742683	-0.023204
51789	9.427886	-0.196515	-3.237023	0.049426	2.784095	-0.172533	-0.012553	0.017617	0.999766	-0.742729	0.669259	-0.021119	-0.669475	-0.742820	0.004684
51790	9.207835	0.676766	-2.131807	-0.196565	2.404893	-0.109644	0.004416	0.034704	0.999388	-0.741403	0.670761	-0.020016	-0.671046	-0.740861	0.028691
51791	9.074011	0.334188	-1.606283	-0.752235	1.982702	-0.044430	0.018150	0.049044	0.998632	-0.736347	0.676313	-0.019831	-0.676360	-0.734980	0.048388
51792	9.353459	-1.165924	-1.358577	-1.326065	1.547280	0.012740	0.028629	0.060406	0.997763	-0.727305	0.686003	-0.020663	-0.685717	-0.725087	0.063573
51793	9.312697	-3.531954	-3.134331	-1.351871	1.079732	0.074861	0.035588	0.068702	0.997002	-0.718009	0.695676	-0.022308	-0.695124	-0.715063	0.074086
51794	8.572630	-3.400419	-3.460204	-0.315310	0.674223	0.129136	0.039390	0.074392	0.996451	-0.715848	0.697851	-0.023802	-0.697145	-0.712369	0.080742
51795	7.684681	-0.551712	-1.934681	-0.144164	0.271152	0.181020	0.040029	0.077588	0.996182	-0.714924	0.698729	-0.025693	-0.698055	-0.711166	0.083438
51796	7.032056	0.013860	-2.209396	-0.825972	-0.189075	0.233269	0.037076	0.077863	0.996274	-0.709209	0.704415	-0.028660	-0.704023	-0.705504	0.081338
51797	6.826446	-1.030937	-3.993242	-1.055313	-0.551995	0.267186	0.031325	0.075876	0.996625	-0.701836	0.711614	-0.032118	-0.711649	-0.698461	0.075544
51798	8.388012	-0.931119	-4.619758	-0.728109	-0.856564	0.247669	0.023508	0.071659	0.997152	-0.696688	0.716517	-0.035067	-0.716989	-0.693880	0.066767
51799	8.891313	-0.353951	-4.344058	-0.578455	-0.929431	0.227416	0.015284	0.066847	0.997646	-0.692570	0.720367	-0.037657	-0.721189	-0.690364	0.057306
51800	9.834070	-0.614649	-4.657523	0.173086	-0.936006	0.166935	0.007415	0.061555	0.998076	-0.693822	0.719079	-0.039194	-0.720109	-0.692196	0.048040
51801	11.568410	2.388453	-0.973490	0.762116	-0.610499	0.121273	0.002229	0.058158	0.998305	-0.699283	0.713724	-0.040018	-0.714841	-0.698009	0.042260
51802	12.302843	4.078742	1.948152	-0.167884	-0.222563	0.100392	-0.000032	0.057301	0.998357	-0.698070	0.714852	-0.041051	-0.716030	-0.696924	0.039977
51803	11.655001	3.052885	0.824616	-1.300017	0.136065	0.076645	0.000458	0.058766	0.998272	-0.688683	0.723828	-0.042294	-0.725062	-0.687474	0.040802
51804	10.629900	2.101477	0.599618	-2.121888	0.402213	0.081116	0.002884	0.062069	0.998068	-0.673131	0.738215	-0.043964	-0.739517	-0.671704	0.043909
51805	9.897541	-1.309014	-1.021446	-2.647522	0.497905	0.111427	0.005911	0.066161	0.997791	-0.653299	0.755687	-0.046237	-0.757077	-0.651582	0.047690
51806	9.624052	-3.456595	-0.736517	-2.114006	0.432972	0.133362	0.008390	0.069939	0.997516	-0.637144	0.769213	-0.048573	-0.770699	-0.635154	0.051015
51807	10.754000	-4.218214	-0.365827	-1.699987	-0.035774	0.123957	0.007369	0.070640	0.997475	-0.623935	0.779835	-0.050618	-0.781442	-0.621986	0.049822
51808	12.232961	-3.635383	0.734998	-1.150098	-0.437009	0.105489	0.003316	0.068742	0.997629	-0.614897	0.786880	-0.052176	-0.788601	-0.613266	0.044878
51809	12.916074	-3.972967	1.979435	-1.165858	-0.612680	0.075074	-0.001959	0.065575	0.997846	-0.605643	0.793945	-0.053365	-0.795734	-0.604443	0.038160
51810	12.099659	-4.817661	1.062504	-1.140484	-0.533515	0.058925	-0.006547	0.062817	0.998004	-0.596511	0.800765	-0.054315	-0.802578	-0.595676	0.032229
51811	9.661707	-4.358100	-1.773538	-0.642940	-0.617816	-0.046562	-0.011206	0.058756	0.998209	-0.591335	0.804616	-0.054000	-0.806348	-0.590881	0.025728
51812	9.554542	-2.416731	-3.111912	0.051939	-0.809785	-0.200570	-0.016518	0.052328	0.998493	-0.591767	0.804434	-0.051947	-0.805940	-0.591733	0.017678
51813	10.060891	-0.584260	-3.373351	0.458316	-0.771007	-0.234321	-0.021298	0.045847	0.998721	-0.595492	0.801834	-0.049508	-0.803079	-0.595785	0.010224
51814	9.942900	0.416169	-3.391924	0.340443	-0.634484	-0.224627	-0.025016	0.040232	0.998877	-0.598260	0.799911	-0.047201	-0.800911	-0.598769	0.004059
51815	9.676698	0.255102	-3.604853	0.376281	-0.517843	-0.218801	-0.027813	0.035349	0.998988	-0.601313	0.797747	-0.044970	-0.798529	-0.601955	-0.000932
51816	9.528477	0.165755	-2.369515	0.294260	-0.462161	-0.239951	-0.030023	0.030623	0.999080	-0.603715	0.796064	-0.042542	-0.796634	-0.604437	-0.005413
51817	9.599295	-1.575720	-0.925337	0.170976	-0.414144	-0.246774	-0.031798	0.026122	0.999153	-0.605132	0.795118	-0.040046	-0.795490	-0.605892	-0.009476
51818	9.263488	-2.958815	-0.286215	0.213458	-0.378623	-0.240138	-0.033322	0.021890	0.999205	-0.606892	0.793893	-0.037631	-0.794085	-0.607664	-0.013169
51819	9.535530	-1.886424	0.386619	0.440222	-0.380399	-0.232819	-0.034891	0.017698	0.999234	-0.610444	0.791271	-0.035330	-0.791291	-0.611209	-0.016805
51820	9.777847	0.082167	0.894123	0.340969	-0.431267	-0.190119	-0.037105	0.013527	0.999220	-0.613193	0.789224	-0.033455	-0.789061	-0.613956	-0.020989
51821	10.158372	1.420268	1.000042	0.063383	-0.504604	-0.157224	-0.040091	0.009161	0.999154	-0.613739	0.788866	-0.031859	-0.788490	-0.614497	-0.026004
51822	10.001772	1.453312	0.485360	-0.257104	-0.554458	-0.121275	-0.043693	0.004776	0.999034	-0.611748	0.790464	-0.030534	-0.789845	-0.612490	-0.031616
51823	9.817212	0.622657	-0.131711	-0.384222	-0.580140	-0.115693	-0.047544	0.000288	0.998869	-0.608745	0.792828	-0.029203	-0.791940	-0.609445	-0.037519
51824	9.745940	-0.628044	-1.130501	-0.203622	-0.600435	-0.143339	-0.051400	-0.004530	0.998668	-0.607190	0.794076	-0.027649	-0.792893	-0.607802	-0.043566
51825	10.094791	-0.469446	-0.949610	0.312688	-0.600976	-0.204807	-0.054882	-0.009844	0.998444	-0.609758	0.792171	-0.025707	-0.790686	-0.610220	-0.049478
51826	10.185460	0.532258	-0.477450	0.571114	-0.584751	-0.237721	-0.058009	-0.015330	0.998198	-0.614384	0.788655	-0.023592	-0.786872	-0.614645	-0.055167
51827	9.796031	0.995965	-0.017762	0.584196	-0.593205	-0.210409	-0.061337	-0.020674	0.997903	-0.619077	0.785028	-0.021788	-0.782931	-0.619115	-0.060950
51828	9.726062	1.178296	0.402737	0.437856	-0.630548	-0.147386	-0.065318	-0.025769	0.997532	-0.622579	0.782287	-0.020557	-0.779826	-0.622385	-0.067141
51829	10.102153	1.045788	0.436339	0.162264	-0.658448	-0.084786	-0.069887	-0.030564	0.997087	-0.623882	0.781268	-0.019781	-0.778387	-0.623447	-0.073669
51830	9.954181	0.328598	0.165969	-0.021364	-0.671282	-0.044849	-0.074801	-0.035123	0.996580	-0.623737	0.781397	-0.019277	-0.778047	-0.623045	-0.080357
51831	9.542860	-0.360358	0.001498	-0.131320	-0.662526	-0.031032	-0.079732	-0.039520	0.996033	-0.622721	0.782218	-0.018812	-0.778371	-0.621750	-0.086977
51832	9.334178	-1.135527	-0.766875	-0.019557	-0.693805	-0.047477	-0.084804	-0.044229	0.995416	-0.622596	0.782330	-0.018281	-0.777935	-0.621292	-0.093881
51833	9.587136	-0.942269	-1.000462	0.431348	-0.720672	-0.049282	-0.090057	-0.049131	0.994724	-0.625973	0.779633	-0.018166	-0.774627	-0.624307	-0.100966
51834	9.728317	0.502505	-0.454319	0.653740	-0.718632	-0.038361	-0.095335	-0.053958	0.993982	-0.631046	0.775526	-0.018426	-0.769865	-0.629005	-0.107984
51835	9.690504	1.300337	-0.380625	0.388236	-0.716049	-0.011499	-0.100732	-0.058588	0.993187	-0.634027	0.773085	-0.018701	-0.766723	-0.631591	-0.115020
51836	9.512755	0.951883	-0.823347	0.181311	-0.738585	0.019600	-0.106481	-0.063130	0.992309	-0.635384	0.771961	-0.019069	-0.764820	-0.632528	-0.122310
51837	9.589112	0.714010	-1.076196	0.147232	-0.741159	0.037284	-0.112347	-0.067561	0.991370	-0.636453	0.771067	-0.019578	-0.763090	-0.633160	-0.129626
51838	9.482729	0.526983	-1.395336	0.109666	-0.739872	0.051431	-0.118283	-0.071876	0.990375	-0.637220	0.770418	-0.020193	-0.761551	-0.633475	-0.136928
51839	9.386854	0.390026	-1.720347	0.186248	-0.736502	0.056400	-0.124210	-0.076140	0.989330	-0.638552	0.769293	-0.020964	-0.759489	-0.634343	-0.144173
51840	9.549937	0.581924	-1.727925	0.216696	-0.727252	0.062492	-0.130093	-0.080302	0.988245	-0.640106	0.767975	-0.021861	-0.757192	-0.635425	-0.151310
51841	9.555878	0.304174	-1.934521	0.098952	-0.718487	0.069982	-0.135942	-0.084361	0.987118	-0.640744	0.767420	-0.022656	-0.755623	-0.635570	-0.158379
51842	9.228715	-0.829980	-2.262061	-0.007837	-0.718955	0.082705	-0.141870	-0.088318	0.985937	-0.640561	0.767550	-0.023417	-0.754688	-0.634875	-0.165466
51843	9.184195	-1.939034	-2.759415	0.238575	-0.741669	0.067155	-0.147855	-0.092548	0.984669	-0.642244	0.766111	-0.024432	-0.752105	-0.636010	-0.172712
51844	9.598046	-0.988715	-2.088323	0.803360	-0.735356	0.077183	-0.153829	-0.096680	0.983356	-0.648136	0.761061	-0.026565	-0.745826	-0.641435	-0.179736
51845	9.683311	1.019085	-0.608618	0.876346	-0.733959	0.106511	-0.159941	-0.100632	0.981984	-0.654458	0.755535	-0.029169	-0.738988	-0.647333	-0.186700
51846	9.743323	1.787403	0.227627	0.387838	-0.770057	0.141205	-0.166511	-0.104584	0.980478	-0.657079	0.753174	-0.031251	-0.735202	-0.649455	-0.194132
51847	9.732638	1.055621	-0.221617	-0.032252	-0.789905	0.174899	-0.173429	-0.108422	0.978860	-0.656529	0.753585	-0.032851	-0.734093	-0.648348	-0.201875
51848	9.797253	-0.245483	-0.849172	-0.107436	-0.828320	0.159999	-0.180524	-0.112603	0.977104	-0.655451	0.754465	-0.034152	-0.733345	-0.646608	-0.210005
51849	9.610238	-0.870277	-2.349017	0.233017	-0.820570	0.146732	-0.187458	-0.116834	0.975300	-0.656872	0.753140	-0.036034	-0.730328	-0.647402	-0.217927
51850	9.805658	0.321030	-2.449782	0.801694	-0.800056	0.163814	-0.194322	-0.120828	0.973468	-0.662381	0.748132	-0.039365	-0.723526	-0.652456	-0.225413
51851	9.548227	1.609405	-1.477160	0.412059	-0.766380	0.198864	-0.201136	-0.124380	0.971635	-0.664947	0.745698	-0.042192	-0.719298	-0.654572	-0.232693
51852	9.271548	-0.089014	-3.304932	-0.087211	-0.827340	0.219627	-0.208510	-0.128173	0.969585	-0.663865	0.746553	-0.044075	-0.718197	-0.652863	-0.240753
51853	9.294611	-1.135273	-3.450052	0.442346	-0.811259	0.243364	-0.215902	-0.131695	0.967493	-0.666501	0.743992	-0.047461	-0.713557	-0.655082	-0.248404
51854	9.264993	-0.373582	-1.849527	0.668890	-0.829028	0.254295	-0.223459	-0.135279	0.965280	-0.670689	0.739944	-0.051563	-0.707278	-0.658925	-0.256078
51855	9.401691	-0.266030	-1.112533	0.831144	-0.897148	0.268919	-0.231547	-0.139259	0.962805	-0.675910	0.734833	-0.056265	-0.699665	-0.663798	-0.264275
51856	9.562688	0.722267	0.678733	0.996248	-0.935646	0.286439	-0.239964	-0.143425	0.960128	-0.682157	0.728602	-0.061651	-0.690709	-0.669752	-0.272676
51857	9.104638	1.178983	1.542088	0.612438	-1.016992	0.312560	-0.249055	-0.148007	0.957113	-0.685594	0.724960	-0.066295	-0.684056	-0.672702	-0.282028
51858	8.850943	0.619882	0.839212	0.307650	-1.140204	0.344612	-0.259159	-0.153207	0.953606	-0.686812	0.723415	-0.070428	-0.679063	-0.673200	-0.292704
51859	9.087067	0.397297	0.373208	0.313588	-1.251646	0.389587	-0.270262	-0.158845	0.949593	-0.687898	0.721919	-0.075021	-0.673613	-0.673499	-0.304377
51860	8.944601	0.532476	0.245328	0.220520	-1.350551	0.418259	-0.282170	-0.164942	0.945079	-0.688221	0.721118	-0.079626	-0.668380	-0.672891	-0.316994
51861	9.031081	0.086867	-0.368175	0.152692	-1.491126	0.443038	-0.295104	-0.171794	0.939894	-0.687961	0.720841	-0.084248	-0.663041	-0.671472	-0.330910
51862	9.795680	0.231581	-0.359297	0.608436	-1.620352	0.464570	-0.308944	-0.179368	0.934013	-0.690564	0.717573	-0.090615	-0.653969	-0.672991	-0.345555
51863	10.438906	1.909697	1.314650	0.968037	-1.708425	0.502269	-0.323448	-0.187330	0.927518	-0.695256	0.711959	-0.098659	-0.641873	-0.676773	-0.360524
51864	11.730413	2.963654	2.372493	0.641525	-1.911865	0.525263	-0.339243	-0.196569	0.919932	-0.697600	0.708628	-0.105835	-0.631086	-0.677648	-0.377524
51865	13.602996	3.214533	2.215522	0.377947	-2.093818	0.555911	-0.356184	-0.206826	0.911239	-0.698048	0.707183	-0.112341	-0.621178	-0.676103	-0.396262
51866	17.390737	3.845760	2.654329	0.775852	-2.413711	0.523755	-0.374637	-0.219479	0.900820	-0.700901	0.703057	-0.120199	-0.606946	-0.676417	-0.417224
51867	19.428540	1.822814	7.382120	-0.048650	-2.415583	0.708279	-0.394087	-0.230782	0.889626	-0.697912	0.704962	-0.126284	-0.598008	-0.670648	-0.438882
51868	17.202089	-2.235772	3.894291	-1.106513	-2.645982	0.775210	-0.415212	-0.242863	0.876708	-0.688179	0.714144	-0.128094	-0.594986	-0.656518	-0.463655
51869	16.713650	-3.944311	2.381568	0.117843	-2.808958	0.854084	-0.437540	-0.255133	0.862244	-0.685284	0.715457	-0.136043	-0.582189	-0.650406	-0.487880
51870	15.856518	-0.519668	3.883736	0.601982	-2.893143	0.966038	-0.460723	-0.267022	0.846424	-0.684405	0.714075	-0.147263	-0.565088	-0.647144	-0.511742
51871	15.107480	-0.073323	1.276825	-0.094246	-3.119337	1.011067	-0.484940	-0.279852	0.828563	-0.679176	0.717377	-0.155209	-0.550956	-0.638007	-0.537953
51872	14.699188	0.329944	-0.646021	0.335727	-3.109211	1.019376	-0.508673	-0.292295	0.809824	-0.675941	0.718163	-0.165366	-0.533250	-0.631511	-0.562884
51873	13.769598	2.457667	-1.310071	-0.128043	-3.066519	0.997731	-0.531416	-0.304352	0.790548	-0.670174	0.721858	-0.172592	-0.518135	-0.621523	-0.587576
51874	13.246735	1.646353	-4.736528	-1.082891	-3.087239	0.902982	-0.553241	-0.316734	0.770457	-0.659728	0.731299	-0.173094	-0.508609	-0.604054	-0.613543
51875	13.408632	0.274255	-6.705272	-1.140145	-2.873038	0.777746	-0.572723	-0.328151	0.751203	-0.649702	0.740508	-0.171859	-0.499876	-0.586486	-0.637306
51876	12.523748	1.690641	-6.657968	-1.295961	-2.351236	0.684954	-0.588800	-0.336654	0.734832	-0.639293	0.750270	-0.168520	-0.494590	-0.568998	-0.656980
51877	9.873171	3.188288	-7.929298	-1.784738	-2.117347	0.544671	-0.602608	-0.344409	0.719893	-0.627338	0.762013	-0.160572	-0.493265	-0.548378	-0.675256
51878	8.773724	1.054727	-8.629024	-2.081454	-2.150794	0.338432	-0.615290	-0.353378	0.704658	-0.615025	0.774361	-0.148693	-0.493115	-0.524871	-0.693793
51879	6.661882	-1.570985	-11.505192	-1.735772	-2.039861	0.370532	-0.627490	-0.361033	0.689864	-0.604282	0.784541	-0.139064	-0.491020	-0.504133	-0.710457
51880	7.124287	-2.782793	-10.077109	-0.555777	-2.034829	0.345599	-0.639437	-0.368480	0.674791	-0.599405	0.788566	-0.137392	-0.481491	-0.492327	-0.725107
51881	8.869487	-2.297334	-5.673512	0.228046	-1.540770	0.372689	-0.648907	-0.373148	0.663084	-0.598187	0.788760	-0.141525	-0.470205	-0.488485	-0.735044
51882	8.583951	0.970376	-2.446444	0.261670	-0.673951	0.328321	-0.653991	-0.373876	0.657657	-0.597288	0.788704	-0.145582	-0.464267	-0.488020	-0.739116
51883	7.214857	2.249319	-3.139504	-1.007477	0.005341	0.151149	-0.654767	-0.372709	0.657547	-0.591695	0.794071	-0.139101	-0.470295	-0.480146	-0.740461
51884	5.484625	-1.121493	-6.814327	-1.558567	0.497884	-0.121687	-0.651651	-0.371342	0.661404	-0.585079	0.801013	-0.126727	-0.482735	-0.469556	-0.739246
51885	4.186224	-4.705939	-8.261646	-0.797157	0.953328	-0.407850	-0.644516	-0.370204	0.668990	-0.583933	0.803163	-0.118119	-0.493580	-0.466775	-0.733826
51886	3.474113	-4.928775	-8.242664	0.277862	1.448210	-0.634539	-0.633563	-0.368501	0.680298	-0.589386	0.799506	-0.115823	-0.501221	-0.474339	-0.723727
51887	3.453579	-3.749652	-8.038135	1.059093	1.853205	-0.776148	-0.619512	-0.365793	0.694550	-0.599688	0.791478	-0.118057	-0.506536	-0.489651	-0.709692
51888	3.717995	-2.609405	-7.349788	1.531257	2.262593	-0.846412	-0.602840	-0.361165	0.711438	-0.612668	0.780743	-0.122798	-0.511099	-0.509903	-0.691937
51889	3.590693	-1.538873	-6.650489	1.636656	2.675860	-0.875692	-0.583563	-0.354050	0.730824	-0.626373	0.769008	-0.127610	-0.516829	-0.532236	-0.670532
51890	3.349287	-0.823768	-6.474767	1.411598	3.043194	-0.923745	-0.561829	-0.344605	0.752061	-0.639033	0.758112	-0.130013	-0.525343	-0.553637	-0.646143
51891	3.252789	-1.108679	-6.871068	1.057542	3.357313	-1.003331	-0.537431	-0.333284	0.774655	-0.650254	0.748682	-0.129016	-0.536971	-0.573060	-0.619084
51892	3.318734	-2.071385	-7.486685	0.879223	3.638324	-1.082528	-0.510522	-0.320179	0.798030	-0.660718	0.740022	-0.125774	-0.550290	-0.591483	-0.589346
51893	3.592904	-3.425231	-8.305789	1.042724	3.849770	-1.146554	-0.481366	-0.305479	0.821565	-0.672284	0.730099	-0.122431	-0.562423	-0.611260	-0.556814
51894	3.908878	-3.254790	-7.160116	1.574640	4.044386	-1.216709	-0.450149	-0.289106	0.844857	-0.686882	0.716670	-0.120738	-0.570577	-0.634667	-0.521190
51895	4.469896	-1.914260	-5.620968	1.394733	4.165331	-1.268678	-0.417315	-0.271245	0.867337	-0.700471	0.704050	-0.116848	-0.578955	-0.656307	-0.483810
51896	5.102264	-1.885650	-5.362186	0.690462	4.234321	-1.305180	-0.383303	-0.252273	0.888503	-0.709742	0.696048	-0.108555	-0.591055	-0.672217	-0.445846
51897	5.643264	-2.894178	-5.986573	0.217039	4.287497	-1.357265	-0.347893	-0.232616	0.908218	-0.716062	0.691230	-0.097247	-0.605166	-0.684172	-0.407042
51898	6.355274	-3.038388	-6.116601	-0.027632	4.351873	-1.381451	-0.311278	-0.212182	0.926329	-0.720448	0.688351	-0.084423	-0.619726	-0.693651	-0.367135
51899	6.872779	-2.921699	-6.872074	-0.323222	4.386983	-1.341040	-0.273997	-0.190833	0.942607	-0.722397	0.687852	-0.070730	-0.634877	-0.700316	-0.326326
51900	7.299180	-2.833474	-7.294711	-0.223209	4.371184	-1.222255	-0.237086	-0.168503	0.956764	-0.724087	0.687232	-0.058395	-0.647679	-0.706625	-0.284944
51901	8.055195	-1.487397	-6.371078	-0.251215	4.362941	-1.061321	-0.200812	-0.144850	0.968862	-0.724811	0.687310	-0.047472	-0.659032	-0.711775	-0.243009
51902	8.886243	-1.205386	-6.342619	-0.594805	4.330069	-0.888285	-0.165542	-0.120130	0.978859	-0.722477	0.690380	-0.037457	-0.671285	-0.713403	-0.201078
51903	9.332672	-1.683496	-6.243508	-0.623284	4.265239	-0.702436	-0.131542	-0.094552	0.986791	-0.719333	0.694043	-0.029388	-0.682097	-0.713697	-0.159311
51904	9.840162	-1.840101	-5.942522	-0.383204	4.170688	-0.525748	-0.099121	-0.068443	0.992719	-0.717303	0.696362	-0.023610	-0.689675	-0.714420	-0.118118
51905	10.110294	-1.225221	-5.736389	-0.294627	4.118208	-0.376129	-0.067844	-0.041636	0.996827	-0.715598	0.698239	-0.019539	-0.695210	-0.714653	-0.077166
51906	10.343572	-1.521482	-5.761796	-0.422677	3.968284	-0.281502	-0.038105	-0.015300	0.999157	-0.712787	0.701188	-0.016446	-0.700345	-0.712812	-0.037625
51907	10.412524	-2.358201	-5.119304	-0.165301	3.727910	-0.233602	-0.010235	0.009613	0.999901	-0.711695	0.702349	-0.014037	-0.702414	-0.711768	-0.000347
51908	10.124116	-1.769925	-3.358756	0.108281	3.433710	-0.204786	0.015364	0.032596	0.999350	-0.712437	0.701635	-0.011932	-0.701568	-0.711791	0.034003
51909	9.809619	-1.193052	-1.774187	0.132371	3.019724	-0.231767	0.038230	0.052454	0.997891	-0.713306	0.700788	-0.009510	-0.699809	-0.711438	0.064207
51910	9.649761	-1.454844	-1.272766	-0.135280	2.560408	-0.270770	0.058109	0.068719	0.995942	-0.712214	0.701928	-0.006877	-0.699553	-0.708925	0.089731
51911	9.189904	-2.623864	-1.325684	-0.103870	2.006289	-0.288462	0.074242	0.080885	0.993955	-0.711297	0.702880	-0.004069	-0.698960	-0.706695	0.109717
51912	8.302166	-3.159159	-0.857177	0.131250	1.486223	-0.300045	0.086784	0.089257	0.992221	-0.711956	0.702224	-0.000899	-0.696841	-0.706339	0.124489
51913	7.513610	-1.874122	-1.462098	0.250246	0.954416	-0.228049	0.095095	0.094396	0.990983	-0.713488	0.700665	0.001725	-0.694184	-0.707218	0.133980
51914	7.579303	-0.477325	-1.268300	0.191375	0.367890	-0.066179	0.098152	0.096515	0.990480	-0.714735	0.699391	0.002677	-0.692474	-0.708193	0.137629
51915	7.338686	0.287408	-1.291530	-0.197518	-0.131776	0.117062	0.096448	0.096393	0.990659	-0.713476	0.700679	0.001285	-0.694010	-0.706936	0.136353
51916	8.127061	1.218861	-2.546662	-0.515991	-0.654763	0.256138	0.090101	0.093552	0.991529	-0.710106	0.704092	-0.001904	-0.698306	-0.703919	0.129871
51917	7.315861	2.030615	-2.960127	-1.115973	-0.995390	0.419597	0.080188	0.089532	0.992751	-0.702612	0.711535	-0.007418	-0.707041	-0.696924	0.119963
51918	6.607855	0.066724	-5.703755	-1.880586	-1.451270	0.411106	0.066995	0.082436	0.994342	-0.689468	0.724189	-0.013585	-0.721211	-0.684657	0.105354
51919	9.545504	-3.468276	-7.381392	-0.466323	-1.575762	0.303955	0.053551	0.073840	0.995831	-0.686257	0.727160	-0.017015	-0.725385	-0.682485	0.089614
51920	11.041478	0.860665	-2.478268	0.303797	-1.034807	0.259523	0.044302	0.068625	0.996658	-0.688571	0.724912	-0.019306	-0.723815	-0.685414	0.079368
51921	11.079281	1.801667	-0.816091	-1.093216	-0.639830	0.190445	0.038383	0.065613	0.997107	-0.680664	0.732265	-0.021984	-0.731589	-0.677851	0.072767
51922	12.262140	-1.678457	-1.002248	-0.905532	-0.119098	0.083455	0.036976	0.065400	0.997174	-0.674028	0.738334	-0.023431	-0.737780	-0.671257	0.071382
51923	10.657651	1.764612	2.057585	-1.136793	0.513926	0.119229	0.040028	0.069670	0.996767	-0.665611	0.745867	-0.025403	-0.745225	-0.662442	0.076228
51924	8.067220	1.698656	-0.944400	-2.380919	0.193607	0.074769	0.041027	0.071474	0.996598	-0.647696	0.761386	-0.027942	-0.760793	-0.644347	0.077531
51925	9.896765	-1.255856	-0.939610	-1.892195	-0.224084	0.048951	0.039035	0.070375	0.996757	-0.633165	0.773442	-0.029812	-0.773032	-0.629948	0.074751
51926	12.623783	-1.606819	2.331366	-1.882888	-0.307959	0.070162	0.036229	0.068979	0.996960	-0.618508	0.785133	-0.031847	-0.784943	-0.615474	0.071108
51927	13.907588	-4.669706	2.811599	-2.168491	-0.325560	0.107157	0.033036	0.067805	0.997151	-0.601340	0.798254	-0.034357	-0.798310	-0.598492	0.067145
51928	12.140411	-8.232986	1.392917	-2.070171	-0.433765	0.137284	0.028763	0.066322	0.997384	-0.584711	0.810396	-0.037026	-0.810731	-0.582117	0.062089
51929	9.904361	-10.781845	-0.854908	-0.915183	-0.634151	0.020144	0.023522	0.062783	0.997750	-0.577249	0.815697	-0.037719	-0.816229	-0.575063	0.055428
51930	9.846208	-6.435089	-0.597764	1.174874	-0.752054	-0.093637	0.017983	0.057633	0.998176	-0.586764	0.808951	-0.036137	-0.809558	-0.585044	0.048365
51931	10.000356	1.975162	0.843709	1.690883	-0.708364	-0.144517	0.013171	0.052258	0.998547	-0.600340	0.799026	-0.033898	-0.799636	-0.599021	0.041897
51932	9.257367	6.960617	-0.847255	1.029921	-0.819524	-0.080893	0.007163	0.046644	0.998886	-0.608521	0.792865	-0.032660	-0.793505	-0.607609	0.034063
51933	10.246703	7.831175	-1.259090	-0.104749	-0.899022	-0.145846	0.000945	0.039999	0.999199	-0.607667	0.793579	-0.031193	-0.794192	-0.607150	0.025056
51934	9.447238	2.543027	-3.323437	-1.073478	-0.858913	-0.074671	-0.005423	0.034198	0.999400	-0.599093	0.800093	-0.030629	-0.800661	-0.598900	0.016149
51935	9.147562	-3.751068	-3.732752	-0.869063	-0.849834	-0.099496	-0.011622	0.028296	0.999532	-0.592088	0.805326	-0.029683	-0.805789	-0.592156	0.007394
51936	9.593889	-8.453325	-5.271169	0.111398	-0.782942	-0.223500	-0.016574	0.021830	0.999624	-0.593003	0.804734	-0.027406	-0.805030	-0.593234	-0.000392
51937	10.094933	-4.875905	-3.199428	2.162991	-0.682886	-0.345630	-0.019919	0.014922	0.999690	-0.610309	0.791801	-0.023980	-0.791913	-0.610597	-0.006664
51938	10.512838	1.490583	0.546175	1.944321	-0.598671	-0.357880	-0.022381	0.008383	0.999714	-0.625651	0.779833	-0.020546	-0.779782	-0.625932	-0.012208
51939	10.113582	2.712803	0.973291	0.767995	-0.626423	-0.225635	-0.025804	0.002653	0.999663	-0.631648	0.775038	-0.018362	-0.774826	-0.631909	-0.018323
51940	10.196998	2.515139	0.497355	-0.060397	-0.639833	-0.121751	-0.029962	-0.002357	0.999548	-0.631201	0.775431	-0.017092	-0.775041	-0.631428	-0.024721
51941	10.052939	1.407159	-0.713534	-0.700924	-0.649936	-0.028254	-0.034806	-0.006701	0.999372	-0.625732	0.779862	-0.016564	-0.779261	-0.625916	-0.031337
51942	9.997530	-0.538005	-1.836884	-0.609689	-0.692788	-0.004552	-0.040158	-0.011082	0.999132	-0.620959	0.783674	-0.016266	-0.782814	-0.621073	-0.038352
51943	10.283686	-0.634938	-1.406130	-0.133330	-0.653234	-0.046507	-0.044956	-0.015541	0.998868	-0.619902	0.784522	-0.015694	-0.783390	-0.619906	-0.044903
51944	10.129576	0.140772	-1.211667	0.175255	-0.605709	-0.099589	-0.049048	-0.020106	0.998594	-0.621308	0.783428	-0.014743	-0.782030	-0.621158	-0.050917
51945	9.930831	1.177212	-0.855292	0.449774	-0.589860	-0.118527	-0.052886	-0.024748	0.998294	-0.624845	0.780628	-0.013750	-0.778955	-0.624506	-0.056748
