// General information: 
//  MT Manager version: 2022.2.0 
//  XDA version: 2022.2.0 build 7381 rev 124627 built on 2023-07-19
// Device information: 
//  DeviceId: 00B4CBA7
//  ProductCode: MTW2-3A7G6
//  Firmware Version: 4.6.0
//  Hardware Version: 2.0.0
// Device settings: 
//  Filter Profile: human(46.1)
//  Option Flags: Orientation Smoother Disabled, Position/Velocity Smoother Disabled, Continuous Zero Rotation Update Disabled, AHS Disabled, ICC Disabled
// Coordinate system: ENU
PacketCounter	Acc_X	Acc_Y	Acc_Z	Gyr_X	Gyr_Y	Gyr_Z	Mat[1][1]	Mat[2][1]	Mat[3][1]	Mat[1][2]	Mat[2][2]	Mat[3][2]	Mat[1][3]	Mat[2][3]	Mat[3][3]
10068	9.911834	0.569447	-0.013079	-0.472217	0.300925	-0.039162	0.042808	0.089821	0.995037	0.942265	-0.334709	-0.010324	0.332121	0.938031	-0.098964
10069	9.789100	0.377219	-0.201962	-0.762832	0.461000	-0.021580	0.041018	0.085585	0.995486	0.939709	-0.341848	-0.009330	0.339506	0.935850	-0.094448
10070	9.087177	-0.589454	-0.589651	-0.633309	0.362184	-0.021893	0.039531	0.082281	0.995825	0.937544	-0.347763	-0.008484	0.345613	0.933965	-0.090889
10071	9.455800	-1.532321	-0.208638	-0.274207	0.181630	-0.006438	0.038802	0.080618	0.995990	0.936592	-0.350328	-0.008132	0.348268	0.933151	-0.089100
10072	9.549681	-1.048159	0.243662	0.171301	0.065368	-0.002448	0.038511	0.080023	0.996049	0.937184	-0.348740	-0.008217	0.346704	0.933797	-0.088426
10073	9.640068	0.199198	0.684563	0.393580	-0.043424	0.005456	0.038674	0.080419	0.996011	0.938535	-0.345077	-0.008580	0.343011	0.935123	-0.088822
10074	9.654131	1.041369	0.919730	0.434597	-0.098015	0.022603	0.039179	0.081265	0.995922	0.940004	-0.341041	-0.009152	0.338906	0.936529	-0.089751
10075	9.593659	2.009813	0.980983	0.290800	-0.156355	0.046104	0.040102	0.082581	0.995777	0.940963	-0.338365	-0.009833	0.336124	0.937384	-0.091275
10076	9.657793	1.196347	-0.159686	0.110431	-0.214837	0.045496	0.041210	0.084447	0.995575	0.941312	-0.337380	-0.010346	0.335014	0.937573	-0.093395
10077	9.670541	0.844162	-1.177474	0.227792	-0.230698	0.051820	0.042428	0.086444	0.995353	0.942047	-0.335300	-0.011035	0.332788	0.938137	-0.095661
10078	9.692108	0.619999	-1.812757	0.219903	-0.237029	0.065552	0.043791	0.088455	0.995117	0.942744	-0.333306	-0.011859	0.330629	0.938660	-0.097986
10079	9.675407	-0.181555	-2.409260	0.150009	-0.233241	0.075128	0.045228	0.090403	0.994878	0.943202	-0.331976	-0.012713	0.329126	0.938946	-0.100283
10080	9.963294	-0.741528	-2.782755	0.296696	-0.213683	0.089097	0.046728	0.092121	0.994651	0.944130	-0.329282	-0.013857	0.326244	0.939727	-0.102361
10081	10.106784	-0.197531	-2.473212	0.327874	-0.179797	0.100884	0.048224	0.093490	0.994452	0.945143	-0.326305	-0.015157	0.323077	0.940630	-0.104097
10082	10.447070	-0.018306	-2.226618	0.273560	-0.164381	0.106175	0.049716	0.094696	0.994264	0.945968	-0.323842	-0.016458	0.320426	0.941360	-0.105680
10083	10.308110	-0.295532	-1.220113	-0.042195	-0.016820	0.076541	0.050454	0.094616	0.994234	0.945791	-0.324323	-0.017132	0.320832	0.941203	-0.105850
10084	10.025650	-0.353705	-1.671116	-0.421324	0.232682	0.061668	0.050244	0.092231	0.994469	0.944397	-0.328355	-0.017261	0.324947	0.940041	-0.103601
10085	9.752331	-0.699640	-1.993623	-0.276025	0.265501	0.085265	0.050143	0.089465	0.994727	0.943450	-0.331038	-0.017785	0.327701	0.939367	-0.101005
10086	9.918084	-0.106637	-0.977561	-0.174704	0.303206	0.085171	0.049909	0.086340	0.995015	0.942830	-0.332765	-0.018416	0.329516	0.939049	-0.098012
10087	9.553003	0.260897	-0.986069	-0.291090	0.315631	0.100473	0.049771	0.083052	0.995302	0.941813	-0.335594	-0.019093	0.332432	0.938338	-0.094922
10088	9.464695	-0.326752	-1.016896	-0.107455	0.224621	0.130692	0.050213	0.080511	0.995488	0.941386	-0.336722	-0.020252	0.333572	0.938156	-0.092699
10089	9.579075	0.141750	-0.482041	0.062842	0.153791	0.137954	0.050960	0.078614	0.995602	0.941523	-0.336253	-0.021641	0.333073	0.938485	-0.091152
10090	9.459943	0.567055	-0.482380	0.080526	0.091230	0.159291	0.052115	0.077228	0.995650	0.941705	-0.335634	-0.023258	0.332378	0.938821	-0.090217
10091	9.577927	0.745029	-0.517417	0.068446	0.035354	0.179375	0.053647	0.076305	0.995640	0.941835	-0.335141	-0.025063	0.331767	0.939073	-0.089846
10092	9.500466	0.587249	-0.633470	0.030331	-0.013949	0.194566	0.055484	0.075789	0.995579	0.941826	-0.335016	-0.026985	0.331490	0.939159	-0.089968
10093	9.714225	0.250839	-0.611496	0.046165	-0.054707	0.202479	0.057532	0.075635	0.995474	0.941861	-0.334748	-0.029000	0.331040	0.939267	-0.090497
10094	9.837302	0.125511	-0.616326	0.020144	-0.067143	0.204016	0.059635	0.075588	0.995354	0.941805	-0.334726	-0.031007	0.330827	0.939279	-0.091151
10095	9.796594	-0.043746	-0.703547	-0.014801	-0.076770	0.198279	0.061715	0.075656	0.995222	0.941633	-0.335027	-0.032923	0.330935	0.939166	-0.091916
10096	9.799692	-0.295583	-0.748609	-0.041918	-0.081062	0.201944	0.063844	0.075745	0.995081	0.941365	-0.335586	-0.034853	0.331295	0.938959	-0.092729
10097	9.812621	-0.579759	-0.798784	-0.003356	-0.082833	0.195761	0.065920	0.075876	0.994936	0.941224	-0.335778	-0.036754	0.331289	0.938880	-0.093551
10098	9.925266	-0.444746	-0.722729	0.034142	-0.090258	0.198512	0.068046	0.076063	0.994778	0.941201	-0.335621	-0.038719	0.330923	0.938921	-0.094428
10099	9.898498	-0.716844	-0.695838	0.003982	-0.100536	0.199260	0.070213	0.076347	0.994606	0.941074	-0.335747	-0.040661	0.330832	0.938853	-0.095422
10100	9.564293	-1.417292	-0.939303	0.043773	-0.117446	0.198713	0.072430	0.076789	0.994413	0.941074	-0.335501	-0.042638	0.330352	0.938905	-0.096564
10101	9.496059	-1.734097	-1.197841	0.286165	-0.149980	0.186802	0.074642	0.077583	0.994188	0.941876	-0.332969	-0.044730	0.327564	0.939741	-0.097927
10102	9.462954	-1.475937	-1.176592	0.448911	-0.171124	0.171878	0.076777	0.078629	0.993943	0.943204	-0.328894	-0.046840	0.323219	0.941088	-0.099415
10103	9.481952	-1.521592	-1.763426	0.577040	-0.180934	0.165297	0.078878	0.079803	0.993685	0.944923	-0.323602	-0.049019	0.317646	0.942822	-0.100933
10104	9.570657	-0.444773	-1.608031	0.826425	-0.167386	0.161940	0.080894	0.080870	0.993437	0.947384	-0.315942	-0.051425	0.309710	0.945326	-0.102173
10105	9.575976	0.329414	-1.289590	0.594829	-0.136761	0.159117	0.082783	0.081675	0.993215	0.949077	-0.310455	-0.053574	0.303973	0.947073	-0.103216
10106	9.578596	-0.300487	-2.003813	0.396004	-0.120197	0.154951	0.084576	0.082340	0.993009	0.950142	-0.306842	-0.055482	0.300128	0.948192	-0.104186
10107	9.743852	-0.545424	-2.009775	0.566876	-0.091600	0.149304	0.086229	0.082764	0.992832	0.951699	-0.301597	-0.057515	0.294675	0.949837	-0.104773
10108	9.981717	-0.277054	-1.174167	0.512114	-0.013029	0.138664	0.087546	0.082477	0.992740	0.953074	-0.296856	-0.059385	0.289803	0.951354	-0.104595
10109	9.983116	-0.438998	-0.648055	0.251050	0.109349	0.123817	0.088371	0.081079	0.992782	0.953689	-0.294580	-0.060833	0.287521	0.952181	-0.103357
10110	9.989303	-0.207958	-0.158534	-0.172662	0.284228	0.128739	0.088737	0.077997	0.992997	0.953075	-0.296338	-0.061893	0.289435	0.951893	-0.100633
10111	9.184755	-0.579436	-0.632252	-0.336380	0.264541	0.143278	0.089292	0.075061	0.993173	0.951967	-0.299661	-0.062940	0.292891	0.951088	-0.098213
10112	9.448330	-1.046234	-0.352782	-0.169386	0.153953	0.139232	0.090123	0.073183	0.993238	0.951344	-0.301387	-0.064115	0.294657	0.950689	-0.096784
10113	9.499265	-0.696516	0.486545	-0.110084	0.102240	0.139140	0.091105	0.071800	0.993250	0.950892	-0.302547	-0.065349	0.295813	0.950426	-0.095837
10114	9.322342	-1.189259	0.400416	-0.344336	0.044550	0.136103	0.092225	0.070967	0.993206	0.949741	-0.305928	-0.066330	0.299142	0.949406	-0.095614
10115	9.435589	-2.468342	-0.461302	-0.122790	-0.041550	0.125795	0.093504	0.070983	0.993085	0.949255	-0.307195	-0.067419	0.300285	0.948996	-0.096105
10116	9.869016	-1.816784	-0.354221	0.419858	-0.082200	0.100501	0.094662	0.071461	0.992941	0.950412	-0.303293	-0.068780	0.296237	0.950214	-0.096628
10117	9.991863	0.015172	-0.300416	0.494580	-0.079373	0.088639	0.095699	0.071956	0.992806	0.951780	-0.298665	-0.070098	0.291473	0.951641	-0.097069
10118	9.685757	0.650509	-0.796920	0.339086	-0.081744	0.105757	0.096902	0.072424	0.992655	0.952660	-0.295526	-0.071436	0.288182	0.952586	-0.097633
10119	9.802408	0.370750	-1.595692	0.230825	-0.097395	0.108252	0.098173	0.073040	0.992485	0.953216	-0.293418	-0.072696	0.285903	0.953190	-0.098429
10120	9.866071	-0.050473	-2.064312	0.243437	-0.075840	0.116488	0.099459	0.073426	0.992329	0.953794	-0.291195	-0.074050	0.283524	0.953842	-0.098996
10121	9.741100	-0.367964	-1.953358	0.273315	-0.055593	0.123354	0.100753	0.073606	0.992185	0.954441	-0.288690	-0.075503	0.280876	0.954589	-0.099339
10122	9.516610	-0.560840	-1.746423	0.269540	-0.035110	0.138678	0.102134	0.073546	0.992048	0.955053	-0.286231	-0.077105	0.278284	0.955334	-0.099475
10123	9.521363	-0.595041	-1.350276	0.295384	-0.034075	0.148621	0.103607	0.073456	0.991902	0.955718	-0.283529	-0.078831	0.275443	0.956146	-0.099579
10124	9.600784	-0.421685	-0.799219	0.276815	-0.032812	0.163051	0.105215	0.073313	0.991743	0.956306	-0.281014	-0.080682	0.272779	0.956899	-0.099677
10125	9.668223	-0.324469	-0.436157	0.147005	-0.033939	0.172409	0.106916	0.073162	0.991573	0.956523	-0.279746	-0.082496	0.271353	0.957282	-0.099890
10126	9.704080	-0.576280	-0.526033	0.061091	-0.047328	0.176305	0.108690	0.073125	0.991383	0.956499	-0.279303	-0.084263	0.270734	0.957415	-0.100301
10127	9.988843	-0.613706	-0.174593	0.025182	-0.042028	0.168156	0.110371	0.073065	0.991201	0.956383	-0.279198	-0.085913	0.270464	0.957450	-0.100693
10128	10.127749	-0.225533	0.407523	-0.300552	0.086031	0.160013	0.111625	0.071796	0.991153	0.955388	-0.282203	-0.087155	0.273449	0.956664	-0.100094
10129	9.532569	-0.274662	-0.094995	-0.647860	0.121753	0.158880	0.112764	0.070185	0.991140	0.953417	-0.288521	-0.088041	0.279785	0.954898	-0.099451
10130	9.853510	-1.088839	-0.204578	-0.634259	0.110225	0.171256	0.114042	0.068638	0.991102	0.951429	-0.294704	-0.089067	0.285968	0.953120	-0.098913
10131	9.265643	-1.197537	-0.005490	-0.396940	0.088967	0.198712	0.115633	0.067208	0.991016	0.950058	-0.298633	-0.090602	0.289861	0.951999	-0.098383
10132	9.229567	-1.110201	0.616018	-0.472308	-0.061295	0.198542	0.117656	0.067197	0.990778	0.948447	-0.303272	-0.092060	0.294289	0.950532	-0.099415
10133	9.178514	-1.844792	0.086587	-0.362987	-0.204276	0.202296	0.120136	0.068527	0.990389	0.947132	-0.306871	-0.093656	0.297504	0.949281	-0.101771
10134	9.268739	-1.531851	0.539341	-0.073320	-0.319252	0.198991	0.122930	0.070950	0.989876	0.946672	-0.307719	-0.095509	0.297827	0.948828	-0.104994
10135	9.449049	-1.086281	0.652793	0.046878	-0.420095	0.182323	0.125864	0.074380	0.989255	0.946584	-0.307419	-0.097321	0.296877	0.948663	-0.109100
10136	9.593441	-0.815734	0.793494	0.137193	-0.505190	0.175066	0.128975	0.078640	0.988525	0.946768	-0.306264	-0.099163	0.294952	0.948693	-0.113954
10137	9.616066	-0.812319	0.625604	0.173050	-0.592053	0.159894	0.132187	0.083772	0.987678	0.947068	-0.304765	-0.100902	0.292557	0.948736	-0.119624
10138	9.611216	-0.729570	0.489022	0.280376	-0.659784	0.155163	0.135535	0.089566	0.986716	0.947676	-0.302252	-0.102736	0.289035	0.949011	-0.125845
10139	9.544130	-0.519197	0.508642	0.352385	-0.730143	0.156789	0.139074	0.096028	0.985615	0.948472	-0.299064	-0.104695	0.284709	0.949389	-0.132672
10140	9.748726	-0.454151	0.520222	0.397838	-0.792130	0.160000	0.142787	0.103079	0.984371	0.949371	-0.295458	-0.106772	0.279834	0.949779	-0.140047
10141	9.969609	-0.197425	0.430308	0.402643	-0.839308	0.172593	0.146712	0.110546	0.982983	0.950239	-0.291829	-0.109005	0.274813	0.950061	-0.147860
10142	10.268894	-0.460449	0.674132	0.242918	-0.897473	0.175474	0.150789	0.118565	0.981430	0.950642	-0.289734	-0.111056	0.271186	0.949735	-0.156401
10143	10.264447	-1.317823	-0.283406	0.185881	-0.925095	0.175843	0.154912	0.126841	0.979752	0.950876	-0.288196	-0.113036	0.268023	0.949133	-0.165255
10144	10.425640	-0.887417	-0.518364	0.432901	-0.920158	0.157494	0.158811	0.135127	0.978018	0.951779	-0.284304	-0.115269	0.262479	0.949164	-0.173762
10145	10.943437	0.211285	0.010119	-0.039177	-0.761849	0.142394	0.162118	0.141948	0.976508	0.951450	-0.284885	-0.116546	0.261649	0.947993	-0.181242
10146	10.525092	0.268281	-1.803158	-0.717629	-0.607332	0.153164	0.165140	0.147259	0.975215	0.949303	-0.291909	-0.116673	0.267493	0.945042	-0.187999
10147	10.345154	-0.248718	-2.371073	-0.918635	-0.469426	0.170763	0.167989	0.151181	0.974127	0.946527	-0.300841	-0.116540	0.275439	0.941615	-0.193635
10148	9.658879	-0.909827	-3.187352	-1.027495	-0.407335	0.179835	0.170788	0.154463	0.973125	0.943348	-0.310781	-0.116232	0.284476	0.937847	-0.198790
10149	9.752951	-1.970739	-3.677688	-0.985041	-0.497429	0.189239	0.173962	0.158523	0.971909	0.940180	-0.320307	-0.116039	0.292915	0.933956	-0.204761
10150	9.975720	-2.615419	-3.660476	-0.601417	-0.504420	0.221256	0.177489	0.162517	0.970611	0.938017	-0.326280	-0.116897	0.297693	0.931198	-0.210355
10151	9.892906	-1.318138	-2.390381	-0.486716	-0.377634	0.234100	0.180771	0.165262	0.969541	0.936142	-0.331201	-0.118089	0.301597	0.928975	-0.214580
10152	9.277196	-1.356440	-3.053417	-0.871542	-0.319460	0.191974	0.183500	0.167586	0.968629	0.933133	-0.339610	-0.118018	0.309178	0.925516	-0.218699
10153	8.765253	-1.624724	-3.678489	-0.816683	-0.254631	0.149671	0.185648	0.169428	0.967899	0.930304	-0.347417	-0.117623	0.316336	0.922277	-0.222117
10154	8.411712	-1.506396	-4.365885	-0.837500	-0.392946	0.062038	0.187441	0.172833	0.966951	0.927512	-0.355241	-0.116300	0.323400	0.918658	-0.226892
10155	8.844060	-1.500977	-4.804776	-0.558509	-0.435871	-0.011722	0.188709	0.176878	0.965972	0.925718	-0.360352	-0.114862	0.327774	0.915893	-0.231741
10156	8.970257	-1.129580	-4.697851	-0.450675	-0.433245	-0.053537	0.189601	0.181042	0.965026	0.924336	-0.364386	-0.113247	0.331140	0.913480	-0.236432
10157	9.277621	-1.779727	-5.058759	-0.290841	-0.376227	-0.094565	0.189935	0.184828	0.964242	0.923552	-0.366876	-0.111597	0.333131	0.911724	-0.240381
10158	9.558556	-1.347852	-4.492882	-0.090202	-0.177570	-0.134570	0.189244	0.186948	0.963970	0.923509	-0.367455	-0.110039	0.333644	0.911058	-0.242186
10159	9.019619	-0.938377	-4.523338	-0.114278	0.089009	-0.170447	0.187332	0.186772	0.964377	0.923450	-0.368185	-0.108075	0.334884	0.910799	-0.241447
10160	8.526350	-1.482974	-5.107178	-0.145767	0.319428	-0.185424	0.184506	0.184553	0.965348	0.923307	-0.369176	-0.105893	0.336841	0.910851	-0.238515
10161	8.250908	-2.280212	-5.308826	0.107577	0.515051	-0.182102	0.181049	0.180539	0.966761	0.924004	-0.367871	-0.104343	0.336805	0.912182	-0.233422
10162	8.318613	-2.330983	-5.048386	0.391773	0.681889	-0.172986	0.177121	0.174950	0.968515	0.925630	-0.363993	-0.103527	0.334420	0.914823	-0.226410
10163	8.710767	-2.489744	-4.734642	0.729490	0.795226	-0.172195	0.172847	0.168291	0.970465	0.928353	-0.357017	-0.103436	0.329065	0.918813	-0.217943
10164	8.618423	-1.646379	-3.379608	1.089587	0.927377	-0.149434	0.168404	0.160278	0.972600	0.932149	-0.346739	-0.104260	0.320528	0.924166	-0.207795
10165	8.179411	-0.227015	-2.271338	0.964646	0.964050	-0.126270	0.164133	0.151788	0.974690	0.935417	-0.337612	-0.104943	0.313138	0.928966	-0.197399
10166	8.425239	0.252275	-1.646537	0.630523	0.838369	-0.107108	0.160483	0.144350	0.976426	0.937552	-0.331595	-0.105072	0.308611	0.932313	-0.188551
10167	10.787083	-0.060064	0.396739	0.105098	0.688879	0.013175	0.158441	0.137890	0.977693	0.937857	-0.330642	-0.105353	0.308739	0.933628	-0.181709
10168	7.896626	0.013663	-1.708407	-0.845072	0.455583	0.231095	0.159138	0.132874	0.978274	0.934846	-0.338846	-0.106050	0.317393	0.931412	-0.178140
10169	7.856765	-1.009142	-2.432824	-1.013621	0.034109	0.231427	0.161148	0.131772	0.978094	0.931211	-0.348585	-0.106461	0.326920	0.927968	-0.178882
10170	10.315838	-4.783187	-1.849754	-0.630951	-0.011956	0.111046	0.162180	0.131499	0.977960	0.928952	-0.354590	-0.106374	0.332786	0.925729	-0.179664
10171	11.457474	-4.639219	-0.419437	0.252039	0.355361	0.056889	0.161491	0.128017	0.978536	0.929697	-0.352338	-0.107336	0.331034	0.927076	-0.175917
10172	11.095494	-1.915670	0.734230	-0.022335	0.600621	0.046783	0.159894	0.122288	0.979530	0.929549	-0.352614	-0.107713	0.332224	0.927744	-0.170054
10173	9.227117	-2.448157	-1.417312	-0.702005	0.612121	-0.002133	0.157780	0.116632	0.980562	0.927195	-0.359127	-0.106476	0.339728	0.925972	-0.164804
10174	8.136421	-2.674280	-5.748937	0.439451	0.307485	-0.129132	0.155502	0.114250	0.981207	0.928883	-0.354916	-0.105884	0.336148	0.927891	-0.161315
10175	8.708782	0.696070	-3.608823	0.980120	0.189210	-0.136149	0.153571	0.112978	0.981658	0.932346	-0.345658	-0.106075	0.327334	0.931535	-0.158417
10176	9.180825	0.601192	-3.079620	0.652724	0.170354	-0.118820	0.151868	0.111802	0.982057	0.934646	-0.339447	-0.105892	0.321518	0.933957	-0.156046
10177	9.303399	-1.434571	-3.429214	0.005297	0.319096	-0.100597	0.149865	0.109174	0.982660	0.934815	-0.339296	-0.104872	0.321964	0.934323	-0.152906
10178	9.401719	-2.312665	-3.510420	0.556560	0.462035	-0.096726	0.147442	0.105183	0.983462	0.936739	-0.333997	-0.104716	0.317459	0.936687	-0.147774
10179	8.847536	-0.431575	-1.374699	0.395510	0.423567	-0.082708	0.145292	0.101498	0.984169	0.938111	-0.330213	-0.104438	0.314385	0.938433	-0.143194
10180	9.877445	-1.236011	-1.678378	0.081099	0.396710	-0.082639	0.143229	0.098052	0.984820	0.938486	-0.329381	-0.103696	0.314214	0.939092	-0.139197
10181	10.451305	-1.495508	-1.290448	0.197692	0.410218	-0.078251	0.141172	0.094466	0.985468	0.939218	-0.327458	-0.103157	0.312955	0.940131	-0.134953
10182	10.342264	-0.891013	-0.450289	0.118218	0.413771	-0.084075	0.139048	0.090855	0.986109	0.939706	-0.326281	-0.102443	0.312441	0.940897	-0.130745
10183	10.269282	-1.253665	-0.199780	0.005978	0.375906	-0.085116	0.137037	0.087607	0.986684	0.939842	-0.326159	-0.101572	0.312917	0.941247	-0.127032
10184	10.123958	-2.147583	0.124631	0.127599	0.317220	-0.097412	0.135089	0.084942	0.987186	0.940374	-0.324885	-0.100728	0.312166	0.941931	-0.123765
10185	10.067175	-2.384620	0.292211	0.338512	0.296826	-0.113398	0.133063	0.082521	0.987666	0.941579	-0.321610	-0.099983	0.309393	0.943269	-0.120494
10186	9.767848	-1.744681	-0.125713	0.607756	0.261215	-0.130433	0.130991	0.080475	0.988112	0.943615	-0.315777	-0.099375	0.304026	0.945415	-0.117301
10187	9.885608	-0.266480	-0.383083	0.699107	0.252196	-0.140889	0.128866	0.078537	0.988547	0.945902	-0.309058	-0.098753	0.297763	0.947795	-0.114115
10188	9.764420	1.425780	-0.274055	0.568590	0.314855	-0.107749	0.126875	0.075884	0.989012	0.947719	-0.303593	-0.098284	0.292799	0.949775	-0.110435
10189	9.463944	1.776053	-0.823860	0.019762	0.260423	-0.082492	0.125294	0.073668	0.989381	0.947881	-0.303355	-0.097451	0.292954	0.950026	-0.107837
10190	9.802767	-0.065964	-1.805220	-0.086131	0.215049	-0.064926	0.124006	0.071827	0.989678	0.947710	-0.304139	-0.096675	0.294056	0.949916	-0.105786
10191	9.729660	-0.467943	-1.184528	0.054224	0.227843	-0.048933	0.122835	0.069819	0.989968	0.947930	-0.303601	-0.096207	0.293838	0.950238	-0.103477
10192	9.696499	-0.612707	-1.038486	0.112683	0.213144	-0.046021	0.121732	0.067937	0.990235	0.948317	-0.302511	-0.095825	0.293047	0.950722	-0.101251
10193	9.874077	-0.141339	-0.584446	0.123204	0.213502	-0.034552	0.120742	0.066020	0.990486	0.948720	-0.301328	-0.095566	0.292152	0.951232	-0.099017
10194	10.121906	0.308391	-0.426334	-0.079116	0.243381	-0.022872	0.119771	0.063778	0.990751	0.948515	-0.302079	-0.095220	0.293212	0.951147	-0.096675
10195	9.996899	0.141254	-0.118546	-0.511906	0.333742	-0.026446	0.118494	0.060695	0.991098	0.947033	-0.306941	-0.094429	0.298477	0.949791	-0.093851
10196	9.551256	-0.469045	-0.644328	-0.970550	0.508380	-0.030275	0.116625	0.055972	0.991598	0.944123	-0.316141	-0.093196	0.308269	0.947060	-0.089715
10197	8.840957	-1.487770	-1.304186	-0.825131	0.499295	-0.020952	0.114828	0.051325	0.992059	0.941569	-0.323948	-0.092224	0.316642	0.944682	-0.085525
10198	9.352397	-1.569616	-0.165360	-0.542706	0.365223	-0.011303	0.113514	0.047920	0.992380	0.939848	-0.329078	-0.091615	0.322180	0.943086	-0.082393
10199	9.543906	-1.306990	0.328402	-0.445753	0.272044	-0.001325	0.112580	0.045370	0.992606	0.938403	-0.333291	-0.091198	0.326689	0.941732	-0.080097
10200	9.586109	-1.081693	0.489678	-0.360754	0.166469	0.005004	0.112039	0.043792	0.992738	0.937211	-0.336702	-0.090920	0.330276	0.940592	-0.078766
10201	9.627698	-1.124678	0.487379	-0.236568	0.049185	-0.002378	0.111815	0.043346	0.992783	0.936429	-0.338938	-0.090670	0.332562	0.939810	-0.078489
10202	9.799709	-1.177426	0.160650	-0.081458	-0.019513	-0.013405	0.111714	0.043580	0.992784	0.936172	-0.339711	-0.090431	0.333319	0.939519	-0.078749
10203	9.735764	-1.172499	-0.520506	0.035274	-0.058694	-0.017879	0.111703	0.044200	0.992758	0.936309	-0.339385	-0.090241	0.332939	0.939608	-0.079295
10204	9.660694	-1.397875	-1.126373	0.133396	-0.092031	-0.027704	0.111708	0.045165	0.992714	0.936782	-0.338133	-0.090031	0.331603	0.940014	-0.080082
10205	9.567021	-1.799937	-1.676459	0.240682	-0.105982	-0.036857	0.111674	0.046294	0.992666	0.937618	-0.335866	-0.089817	0.329245	0.940771	-0.080913
10206	9.475535	-1.982799	-1.858925	0.383815	-0.111226	-0.045789	0.111567	0.047499	0.992621	0.938924	-0.332245	-0.089633	0.325536	0.941996	-0.081666
10207	9.646776	-1.672436	-1.838704	0.538247	-0.113872	-0.040791	0.111513	0.048716	0.992568	0.940707	-0.327164	-0.089629	0.320367	0.943711	-0.082310
10208	9.964658	-0.668722	-1.292421	0.639069	-0.099296	-0.022419	0.111576	0.049732	0.992511	0.942759	-0.321130	-0.089893	0.314254	0.945729	-0.082715
10209	10.098198	0.003214	-0.461723	0.476939	-0.092115	-0.014690	0.111687	0.050657	0.992451	0.944263	-0.316620	-0.090103	0.309665	0.947199	-0.083196
10210	10.000098	-0.200020	-0.658475	0.342296	-0.072657	-0.026640	0.111619	0.051434	0.992419	0.945347	-0.313376	-0.090083	0.306367	0.948235	-0.083602
10211	9.907724	-0.396504	-1.066439	0.435042	-0.070214	-0.038650	0.111428	0.052228	0.992399	0.946713	-0.309240	-0.090023	0.302188	0.949549	-0.083903
10212	9.831025	-0.034385	-0.264999	0.436101	-0.027612	-0.051841	0.110978	0.052654	0.992427	0.948079	-0.305083	-0.089833	0.298042	0.950869	-0.083778
10213	10.209372	0.608364	0.850679	-0.253930	0.234180	-0.078835	0.109491	0.050677	0.992695	0.947406	-0.307468	-0.088800	0.300722	0.950208	-0.081676
10214	8.991405	-0.011379	-0.459312	-0.786626	0.376400	-0.038556	0.107939	0.047229	0.993035	0.945051	-0.314929	-0.087745	0.308591	0.947940	-0.078627
10215	9.138559	-1.689337	-0.486473	-0.561894	0.202706	-0.016584	0.107111	0.045369	0.993211	0.943318	-0.320256	-0.087101	0.314131	0.946244	-0.077101
10216	9.531957	-1.339714	0.401162	-0.411690	0.160964	0.004436	0.106603	0.043838	0.993335	0.942011	-0.324165	-0.086789	0.318200	0.944984	-0.075853
10217	9.397914	-1.367543	0.020287	-0.331953	0.034143	0.002983	0.106483	0.043513	0.993362	0.940946	-0.327314	-0.086527	0.321376	0.943913	-0.075796
10218	9.560973	-0.957134	-0.307676	-0.190822	-0.031796	-0.001940	0.106526	0.043824	0.993344	0.940332	-0.329128	-0.086321	0.323154	0.943268	-0.076270
10219	9.658338	-0.535884	-0.857792	-0.099142	-0.082055	-0.001513	0.106739	0.044610	0.993286	0.940012	-0.330075	-0.086190	0.324013	0.942900	-0.077166
10220	9.788614	-0.558891	-1.527545	-0.072741	-0.106572	0.001336	0.107056	0.045615	0.993206	0.939773	-0.330775	-0.086105	0.324600	0.942607	-0.078280
10221	9.720609	-0.947883	-2.308037	0.027126	-0.103887	0.008046	0.107430	0.046576	0.993121	0.939852	-0.330535	-0.086166	0.324248	0.942644	-0.079284
10222	9.732159	-0.820209	-2.320756	0.152228	-0.096014	0.011004	0.107803	0.047450	0.993039	0.940332	-0.329119	-0.086355	0.322730	0.943096	-0.080099
10223	9.748627	-0.789090	-2.141888	0.150609	-0.083766	0.011572	0.108143	0.048211	0.992966	0.940803	-0.327718	-0.086550	0.321240	0.943545	-0.080797
10224	9.861308	-1.011527	-1.739864	0.144105	-0.064707	0.017226	0.108471	0.048770	0.992903	0.941245	-0.326380	-0.086796	0.319830	0.943980	-0.081307
10225	9.929034	-1.075862	-1.543632	0.159777	-0.040953	0.020290	0.108754	0.049100	0.992855	0.941732	-0.324894	-0.087087	0.318297	0.944475	-0.081572
10226	9.963984	-0.956468	-1.152732	0.161563	-0.003180	0.028342	0.108990	0.049043	0.992832	0.942214	-0.323395	-0.087459	0.316788	0.944992	-0.081456
10227	9.689424	-1.118191	-0.916252	0.030636	0.009399	0.024297	0.109150	0.048885	0.992823	0.942283	-0.323132	-0.087683	0.316526	0.945091	-0.081333
10228	9.339985	-2.360036	-1.291844	-0.000316	-0.008473	0.007312	0.109205	0.048946	0.992813	0.942273	-0.323152	-0.087714	0.316536	0.945080	-0.081411
10229	9.635349	-2.652906	-1.350026	0.451013	-0.025507	-0.005199	0.109198	0.049213	0.992801	0.943697	-0.318896	-0.087989	0.312270	0.946511	-0.081265
10230	9.684536	-1.092747	-0.266041	0.706842	-0.014724	-0.004324	0.109161	0.049371	0.992797	0.945884	-0.312209	-0.088477	0.305593	0.948730	-0.080780
10231	9.631761	-0.072576	0.316968	0.552533	-0.031387	0.000615	0.109225	0.049677	0.992775	0.947557	-0.306977	-0.088890	0.300344	0.950419	-0.080601
10232	9.802447	-0.209372	0.367521	0.376344	-0.054006	-0.008496	0.109265	0.050221	0.992743	0.948689	-0.303408	-0.089067	0.296733	0.951536	-0.080795
10233	9.969715	-0.227419	0.313339	0.265678	-0.018625	-0.028344	0.109012	0.050491	0.992757	0.949504	-0.300878	-0.088960	0.294207	0.952325	-0.080741
10234	10.369367	0.351102	1.089726	-0.132439	0.182286	-0.055260	0.107909	0.048926	0.992956	0.949173	-0.302125	-0.088264	0.295678	0.952012	-0.079042
10235	9.685267	1.079094	0.603530	-0.796967	0.457062	-0.022332	0.106288	0.044655	0.993332	0.946808	-0.309707	-0.087387	0.303739	0.949783	-0.075198
10236	9.003279	-0.538224	-0.798086	-0.937790	0.360043	-0.024893	0.104901	0.041323	0.993624	0.943942	-0.318604	-0.086406	0.313002	0.946987	-0.072428
10237	9.498201	-1.552265	-0.435013	-0.452932	0.202141	0.003159	0.104255	0.039406	0.993770	0.942510	-0.322903	-0.086073	0.317500	0.945611	-0.070805
10238	9.665920	-1.026673	0.097827	-0.393932	0.103408	0.015876	0.104033	0.038383	0.993833	0.941234	-0.326646	-0.085912	0.321334	0.944367	-0.070109
10239	9.735127	-1.372666	-0.466819	-0.320149	0.009799	0.016912	0.104122	0.038242	0.993829	0.940182	-0.329687	-0.085815	0.324371	0.943315	-0.070282
10240	9.702771	-1.033638	-0.664798	-0.105219	-0.059301	0.024878	0.104507	0.038724	0.993770	0.939813	-0.330703	-0.085946	0.325315	0.942940	-0.070954
10241	9.630566	-0.414172	-0.749403	-0.011285	-0.106313	0.022326	0.105023	0.039660	0.993679	0.939752	-0.330833	-0.086119	0.325326	0.942855	-0.072016
10242	9.793197	-0.267700	-1.009294	0.007955	-0.146913	0.025127	0.105696	0.040968	0.993554	0.939750	-0.330782	-0.086333	0.325113	0.942817	-0.073462
10243	9.759111	-0.363774	-1.214441	0.014964	-0.159227	0.032885	0.106482	0.042368	0.993412	0.939762	-0.330669	-0.086629	0.324820	0.942795	-0.075026
10244	9.767841	-0.745827	-1.495282	0.044953	-0.171283	0.035898	0.107335	0.043869	0.993255	0.939869	-0.330275	-0.086978	0.324231	0.942865	-0.076681
10245	9.681004	-1.006681	-1.524204	0.138927	-0.161270	0.037710	0.108171	0.045273	0.993101	0.940277	-0.328995	-0.087419	0.322767	0.943246	-0.078157
10246	9.664263	-1.041515	-1.339290	0.188985	-0.159536	0.037605	0.108997	0.046660	0.992946	0.940843	-0.327243	-0.087900	0.320833	0.943788	-0.079569
10247	9.698570	-1.077738	-1.174676	0.211764	-0.162916	0.036732	0.109826	0.048086	0.992787	0.941480	-0.325272	-0.088395	0.318675	0.944397	-0.080995
10248	9.892312	-1.173457	-1.048833	0.243752	-0.146854	0.036390	0.110594	0.049361	0.992639	0.942213	-0.323001	-0.088914	0.316234	0.945111	-0.082230
10249	9.956651	-1.114708	-0.847684	0.248204	-0.108574	0.034469	0.111221	0.050284	0.992523	0.942955	-0.320686	-0.089419	0.313791	0.945850	-0.083083
10250	9.882050	-0.958521	-1.016880	0.155541	-0.069520	0.031636	0.111696	0.050846	0.992441	0.943406	-0.319244	-0.089821	0.312264	0.946308	-0.083626
10251	9.657630	-1.272628	-1.501812	0.091495	-0.034349	0.012513	0.111883	0.051140	0.992405	0.943677	-0.318397	-0.089982	0.311377	0.946577	-0.083883
10252	9.752751	-1.209795	-0.737318	0.106882	0.044391	-0.025766	0.111461	0.050806	0.992469	0.944038	-0.317386	-0.089774	0.310435	0.946935	-0.083339
10253	10.082595	-0.153971	0.296437	-0.489659	0.411006	-0.044444	0.109715	0.047067	0.992848	0.942553	-0.322011	-0.088892	0.315524	0.945565	-0.079692
10254	8.501564	-0.433022	-0.762156	-0.772693	0.392307	0.002577	0.108445	0.043358	0.993156	0.940082	-0.329324	-0.088273	0.323242	0.943221	-0.076474
10255	9.560867	-2.261672	-0.928490	-0.425048	0.150276	0.004330	0.107959	0.041937	0.993270	0.938693	-0.333346	-0.087952	0.327414	0.941871	-0.075353
10256	9.921967	-0.991065	0.485905	0.049165	0.126793	0.018191	0.107674	0.040687	0.993353	0.938833	-0.332904	-0.088128	0.327106	0.942082	-0.074044
10257	9.764380	-0.433525	0.295491	-0.198623	0.040697	0.021409	0.107701	0.040240	0.993369	0.938158	-0.334797	-0.088153	0.329030	0.941431	-0.073810
10258	9.648446	-0.942564	-0.624895	-0.100460	-0.026734	0.024153	0.107975	0.040416	0.993332	0.937800	-0.335766	-0.088277	0.329960	0.941078	-0.074157
10259	10.006048	-0.318083	-0.106700	-0.152649	0.031901	-0.008149	0.107755	0.040152	0.993366	0.937303	-0.337212	-0.088044	0.331440	0.940572	-0.073970
10260	9.320136	0.196602	-1.019570	-0.426537	0.171661	0.006943	0.107207	0.038520	0.993490	0.935872	-0.341237	-0.087759	0.335635	0.939188	-0.072633
10261	9.215464	-1.367097	-1.637254	-0.452042	0.001136	0.017882	0.107330	0.038457	0.993479	0.934324	-0.345501	-0.087566	0.339880	0.937630	-0.073014
10262	9.778118	-2.423390	-1.753978	-0.115787	-0.038945	0.034411	0.107744	0.038709	0.993425	0.933892	-0.346614	-0.087781	0.340937	0.937209	-0.073495
10263	9.787086	-1.248896	-0.873531	0.080553	-0.052780	0.031027	0.108173	0.039104	0.993363	0.934131	-0.345885	-0.088107	0.340144	0.937462	-0.073944
10264	9.863808	-0.941233	-0.882038	0.009859	-0.059770	0.021635	0.108538	0.039596	0.993303	0.934140	-0.345815	-0.088288	0.340003	0.937467	-0.074522
10265	9.860141	-0.845316	-1.077013	0.011174	-0.068240	0.024540	0.108963	0.040160	0.993234	0.934151	-0.345731	-0.088502	0.339838	0.937474	-0.075187
10266	9.860773	-0.850999	-1.312240	0.067250	-0.064863	0.017241	0.109303	0.040714	0.993174	0.934359	-0.345122	-0.088682	0.339155	0.937674	-0.075765
10267	9.766677	-0.567975	-1.218089	0.128669	-0.056096	0.009899	0.109546	0.041216	0.993127	0.934782	-0.343934	-0.088837	0.337908	0.938089	-0.076204
10268	9.737490	-0.323368	-1.106517	0.108843	-0.040075	0.005943	0.109696	0.041577	0.993095	0.935142	-0.342929	-0.088938	0.336863	0.938441	-0.076499
10269	9.758272	-0.488624	-0.929435	0.072722	-0.023901	0.005717	0.109793	0.041790	0.993076	0.935380	-0.342260	-0.089011	0.336170	0.938676	-0.076667
10270	9.727400	-0.917012	-0.772149	0.045398	-0.003894	0.005033	0.109812	0.041815	0.993072	0.935526	-0.341849	-0.089055	0.335757	0.938824	-0.076659
10271	9.786774	-1.748171	-0.651886	0.131150	-0.003329	-0.004187	0.109745	0.041869	0.993078	0.935969	-0.340629	-0.089072	0.334542	0.939265	-0.076570
10272	9.782257	-1.859016	-0.243471	0.335778	0.027437	-0.008346	0.109534	0.041645	0.993110	0.937095	-0.337484	-0.089204	0.331444	0.940410	-0.075992
10273	9.633384	-1.051859	0.177219	0.481061	0.010819	-0.011974	0.109348	0.041591	0.993133	0.938691	-0.332963	-0.089410	0.326958	0.942022	-0.075450
10274	9.609266	-0.178308	0.222706	0.487460	-0.036205	-0.020658	0.109231	0.042006	0.993128	0.940295	-0.328373	-0.089531	0.322356	0.943614	-0.075367
10275	9.843179	0.268204	0.059497	0.425839	-0.049092	-0.029226	0.109075	0.042573	0.993121	0.941691	-0.324352	-0.089522	0.318310	0.944978	-0.075469
10276	9.952048	0.380570	-0.002769	0.158200	0.035895	-0.038985	0.108553	0.042365	0.993188	0.942235	-0.322854	-0.089212	0.316875	0.945500	-0.074964
10277	9.313538	-0.075161	-0.632229	-0.078161	0.015105	-0.026913	0.108213	0.042316	0.993227	0.942015	-0.323594	-0.088847	0.317643	0.945249	-0.074880
10278	9.484009	-1.756663	-1.228184	-0.068328	-0.071598	-0.012479	0.108282	0.043039	0.993188	0.941811	-0.324249	-0.088630	0.318226	0.944992	-0.075645
10279	9.709025	-1.936551	-0.720712	0.224483	-0.072815	0.001825	0.108490	0.043729	0.993135	0.942520	-0.322142	-0.088777	0.316049	0.945681	-0.076165
10280	9.703177	-0.968281	-0.100005	0.140189	-0.051026	0.005575	0.108663	0.044199	0.993096	0.942955	-0.320833	-0.088898	0.314688	0.946104	-0.076540
10281	9.693218	-0.622905	-0.159852	-0.141323	-0.040917	0.004489	0.108796	0.044578	0.993064	0.942504	-0.322184	-0.088794	0.315991	0.945627	-0.077067
10282	9.519508	-0.908256	-0.737750	-0.257833	-0.031635	0.008392	0.108934	0.044855	0.993036	0.941676	-0.324639	-0.088636	0.318402	0.944774	-0.077603
10283	9.609381	-0.658972	-0.803560	-0.216072	-0.032666	0.001874	0.109017	0.045165	0.993013	0.940983	-0.326694	-0.088445	0.320417	0.944050	-0.078114
10284	9.527685	-0.461741	-0.965561	-0.254731	-0.026408	0.003865	0.109097	0.045407	0.992994	0.940158	-0.329114	-0.088243	0.322801	0.943198	-0.078595
10285	9.597149	-0.677100	-1.099130	-0.215106	-0.053708	0.008589	0.109311	0.045892	0.992948	0.939451	-0.331162	-0.088116	0.324782	0.942457	-0.079313
10286	9.830264	-0.779189	-0.931038	-0.163596	-0.064106	0.011610	0.109587	0.046463	0.992891	0.938904	-0.332722	-0.088059	0.326265	0.941880	-0.080087
10287	9.783047	-1.046772	-0.916513	-0.155334	-0.079727	0.010181	0.109904	0.047188	0.992821	0.938384	-0.334204	-0.087993	0.327653	0.941319	-0.081011
10288	9.872177	-1.209525	-1.010178	-0.100262	-0.082782	0.012920	0.110256	0.047930	0.992747	0.938040	-0.335168	-0.087998	0.328519	0.940939	-0.081914
10289	9.799505	-1.191771	-1.165503	-0.084474	-0.080686	0.012128	0.110596	0.048655	0.992674	0.937748	-0.335981	-0.088009	0.329237	0.940611	-0.082784
10290	9.690493	-1.209570	-1.262201	-0.057636	-0.082427	0.011899	0.110938	0.049396	0.992599	0.937544	-0.336542	-0.088037	0.329703	0.940372	-0.083646
10291	9.676418	-1.151050	-1.334749	-0.005961	-0.089236	0.010882	0.111296	0.050207	0.992518	0.937511	-0.336617	-0.088100	0.329675	0.940302	-0.084534
10292	9.718280	-1.020368	-1.164449	0.034671	-0.092200	0.009285	0.111646	0.051049	0.992436	0.937614	-0.336309	-0.088180	0.329264	0.940367	-0.085412
10293	9.730884	-0.910380	-1.034912	0.050982	-0.086974	0.009584	0.111983	0.051842	0.992357	0.937770	-0.335848	-0.088278	0.328705	0.940488	-0.086225
10294	9.769158	-0.921488	-0.891564	0.086956	-0.083547	0.005620	0.112269	0.052614	0.992284	0.938049	-0.335047	-0.088367	0.327812	0.940731	-0.086970
10295	9.726071	-0.748512	-0.532370	0.122871	-0.063876	0.001478	0.112453	0.053217	0.992231	0.938449	-0.333901	-0.088450	0.326600	0.941105	-0.087489
10296	9.600542	-0.621557	-0.394840	0.094711	-0.069970	-0.001009	0.112631	0.053884	0.992175	0.938758	-0.333023	-0.088481	0.325649	0.941378	-0.088093
10297	9.534673	-0.677946	-0.384664	0.095258	-0.099424	0.000459	0.112920	0.054825	0.992090	0.939067	-0.332137	-0.088531	0.324656	0.941637	-0.088990
10298	9.762913	-1.115705	-0.296475	0.126728	-0.147775	-0.012995	0.113236	0.056266	0.991974	0.939492	-0.330949	-0.088474	0.323315	0.941970	-0.090336
10299	9.924894	-1.444278	-0.346031	0.326292	-0.136397	-0.024898	0.113402	0.057639	0.991876	0.940570	-0.327871	-0.088483	0.320108	0.942962	-0.091395
10300	9.833686	-0.593760	-0.137094	0.511050	-0.119928	-0.037048	0.113393	0.058897	0.991803	0.942234	-0.323040	-0.088543	0.315177	0.944551	-0.092125
10301	9.807895	-0.302943	-0.205667	0.178828	-0.140317	-0.027643	0.113534	0.060318	0.991701	0.942827	-0.321347	-0.088393	0.313349	0.945038	-0.093353
10302	9.647883	-1.629594	-1.335118	0.048869	-0.134299	-0.048574	0.113455	0.061748	0.991622	0.943034	-0.320869	-0.087916	0.312752	0.945109	-0.094635
10303	10.378811	-0.771250	-0.954451	-0.002683	0.100112	-0.062445	0.112514	0.061008	0.991776	0.943096	-0.320870	-0.087253	0.312907	0.945156	-0.093639
10304	8.911969	-0.095527	-1.263826	-0.435644	0.218567	-0.039630	0.111410	0.059077	0.992017	0.941767	-0.324974	-0.086414	0.317274	0.943876	-0.091842
10305	8.980600	-1.718617	-2.306374	-0.472487	0.070557	-0.039067	0.110777	0.058546	0.992119	0.940300	-0.329420	-0.085552	0.321815	0.942367	-0.091543
10306	9.622309	-1.140608	-0.896373	-0.137335	0.094304	-0.017696	0.110266	0.057721	0.992225	0.939875	-0.330717	-0.085210	0.323227	0.941963	-0.090717
10307	9.373157	-0.843529	-0.887408	-0.482346	0.064873	-0.031781	0.109716	0.057222	0.992314	0.938339	-0.335251	-0.084416	0.327844	0.940389	-0.090476
10308	9.588294	-1.672282	-1.613218	-0.276732	0.022226	-0.030233	0.109319	0.057121	0.992364	0.937460	-0.337848	-0.083824	0.330480	0.939466	-0.090481
10309	9.805881	-0.898244	-1.123448	-0.087320	0.009006	-0.037453	0.108899	0.057170	0.992407	0.937211	-0.338660	-0.083333	0.331325	0.939170	-0.090461
10310	9.703125	-0.652119	-1.242480	-0.116341	0.001831	-0.041770	0.108461	0.057301	0.992448	0.936869	-0.339742	-0.082771	0.332433	0.938772	-0.090532
10311	9.714526	-0.806017	-1.375462	-0.043525	-0.006127	-0.044128	0.108029	0.057516	0.992483	0.936771	-0.340138	-0.082253	0.332850	0.938615	-0.090624
10312	9.744459	-0.781224	-1.335405	0.036192	-0.011840	-0.043256	0.107622	0.057780	0.992511	0.936937	-0.339786	-0.081815	0.332515	0.938726	-0.090704
10313	9.790152	-0.791982	-1.144071	0.066301	-0.020321	-0.044429	0.107235	0.058130	0.992533	0.937204	-0.339152	-0.081394	0.331888	0.938934	-0.090849
10314	9.849481	-0.917766	-1.138405	0.076142	-0.026530	-0.042592	0.106883	0.058530	0.992547	0.937501	-0.338425	-0.080999	0.331162	0.939171	-0.091043
10315	9.850674	-0.987410	-1.133415	0.080034	-0.025035	-0.041917	0.106536	0.058914	0.992562	0.937810	-0.337659	-0.080617	0.330398	0.939423	-0.091223
10316	9.857805	-1.060738	-1.085665	0.047990	-0.004060	-0.048872	0.106050	0.059123	0.992602	0.938019	-0.337192	-0.080134	0.329960	0.939578	-0.091218
10317	9.626479	-0.999354	-1.047678	0.054532	0.003754	-0.050285	0.105528	0.059266	0.992649	0.938251	-0.336663	-0.079644	0.329468	0.939758	-0.091134
10318	9.679375	-0.800963	-0.906425	0.066599	-0.002939	-0.051470	0.105013	0.059472	0.992691	0.938523	-0.336020	-0.079152	0.328856	0.939975	-0.091103
10319	9.878308	-0.694175	-0.723761	0.063932	-0.012748	-0.045472	0.104590	0.059753	0.992719	0.938780	-0.335404	-0.078719	0.328258	0.940178	-0.091175
10320	10.107788	-1.040337	-0.331875	0.130665	-0.002301	-0.057023	0.104022	0.059971	0.992765	0.939266	-0.334154	-0.078230	0.327045	0.940609	-0.091088
10321	9.905534	-1.129925	0.233698	0.224916	0.039832	-0.071142	0.103184	0.059840	0.992861	0.940072	-0.332008	-0.077688	0.324989	0.941376	-0.090512
10322	9.482214	-0.671928	0.724489	0.217385	0.016307	-0.079574	0.102342	0.059956	0.992941	0.940857	-0.329927	-0.077052	0.322978	0.942101	-0.090175
10323	9.372469	-0.747015	0.160840	0.178298	-0.038766	-0.094231	0.101541	0.060637	0.992982	0.941526	-0.328202	-0.076237	0.321276	0.942659	-0.090417
10324	9.623772	-0.672732	-0.514552	0.372448	-0.087228	-0.090122	0.100929	0.061759	0.992975	0.942806	-0.324647	-0.075638	0.317695	0.943817	-0.090993
10325	9.726208	0.090807	-0.129631	0.328925	-0.110313	-0.074620	0.100536	0.063048	0.992934	0.943920	-0.321506	-0.075159	0.314495	0.944806	-0.091835
10326	9.620671	-0.421230	-1.025955	-0.005100	-0.126235	-0.054392	0.100379	0.064420	0.992862	0.943958	-0.321532	-0.074572	0.314433	0.944705	-0.093085
10327	9.571192	-1.205706	-1.938550	0.096813	-0.133032	-0.055408	0.100235	0.065862	0.992782	0.944316	-0.320593	-0.074074	0.313400	0.944925	-0.094329
10328	9.524298	-0.994758	-1.982797	0.190304	-0.117375	-0.062966	0.099966	0.067177	0.992721	0.944973	-0.318765	-0.073587	0.311501	0.945450	-0.095346
10329	9.371972	-1.183264	-2.413443	0.171871	-0.106684	-0.071579	0.099583	0.068421	0.992674	0.945577	-0.317104	-0.073001	0.309786	0.945919	-0.096275
10330	9.516873	-1.370987	-2.455748	0.284878	-0.094302	-0.071681	0.099155	0.069544	0.992639	0.946526	-0.314372	-0.072523	0.307014	0.946749	-0.096997
10331	9.486468	-1.159177	-2.182067	0.364238	-0.064802	-0.074393	0.098610	0.070397	0.992633	0.947711	-0.310879	-0.072100	0.303513	0.947839	-0.097372
10332	9.652970	-0.942821	-1.921098	0.390063	-0.044712	-0.076176	0.097981	0.071061	0.992648	0.948961	-0.307139	-0.071682	0.299787	0.949008	-0.097528
10333	9.776114	-0.567666	-1.385695	0.401185	-0.011587	-0.074835	0.097268	0.071406	0.992693	0.950229	-0.303286	-0.071291	0.295979	0.950220	-0.097352
10334	9.921118	-0.225749	-0.768848	0.233770	0.046792	-0.072404	0.096400	0.071184	0.992794	0.950988	-0.301025	-0.070757	0.293819	0.950956	-0.096714
