// General information: 
//  MT Manager version: 2022.2.0 
//  XDA version: 2022.2.0 build 7381 rev 124627 built on 2023-07-19
// Device information: 
//  DeviceId: 00B4CAF0
//  ProductCode: MTW2-3A7G6
//  Firmware Version: 4.6.0
//  Hardware Version: 2.0.0
// Device settings: 
//  Filter Profile: human(46.1)
//  Option Flags: Orientation Smoother Disabled, Position/Velocity Smoother Disabled, Continuous Zero Rotation Update Disabled, AHS Disabled, ICC Disabled
// Coordinate system: ENU
PacketCounter	Acc_X	Acc_Y	Acc_Z	Gyr_X	Gyr_Y	Gyr_Z	Mat[1][1]	Mat[2][1]	Mat[3][1]	Mat[1][2]	Mat[2][2]	Mat[3][2]	Mat[1][3]	Mat[2][3]	Mat[3][3]
57742	4.483956	0.708514	9.264896	-0.001485	0.004687	0.002914	-0.900889	0.044836	0.431728	-0.014265	-0.997172	0.073793	0.433815	0.060321	0.898980
57743	4.437018	0.710585	9.236823	0.001340	0.001593	0.006137	-0.900877	0.044830	0.431753	-0.014273	-0.997174	0.073759	0.433839	0.060285	0.898971
57744	4.436620	0.710558	9.237016	0.001727	0.007609	0.001460	-0.900889	0.044847	0.431726	-0.014287	-0.997173	0.073772	0.433814	0.060292	0.898983
57745	4.462036	0.733413	9.238409	0.003087	0.004536	0.003097	-0.900897	0.044849	0.431709	-0.014292	-0.997173	0.073770	0.433797	0.060290	0.898991
57746	4.411469	0.712223	9.235479	-0.000132	0.003169	0.006051	-0.900891	0.044823	0.431725	-0.014272	-0.997175	0.073747	0.433811	0.060276	0.898985
57747	4.435423	0.710408	9.237602	0.000039	0.004637	0.002975	-0.900893	0.044890	0.431714	-0.014358	-0.997175	0.073725	0.433804	0.060220	0.898992
57748	4.461125	0.732968	9.238884	-0.000125	0.001614	0.004551	-0.900879	0.044879	0.431744	-0.014352	-0.997177	0.073708	0.433833	0.060206	0.898980
57749	4.459191	0.708555	9.239819	0.003028	0.004565	0.004622	-0.900853	0.044979	0.431788	-0.014467	-0.997176	0.073692	0.433883	0.060139	0.898960
57750	4.460761	0.707549	9.215658	-0.000072	0.003140	0.004525	-0.900846	0.044968	0.431804	-0.014461	-0.997177	0.073676	0.433898	0.060126	0.898953
57751	4.435726	0.734460	9.237479	0.003305	0.009084	0.001496	-0.900869	0.045036	0.431749	-0.014534	-0.997175	0.073689	0.433848	0.060109	0.898979
57752	4.433437	0.710238	9.238569	0.002969	0.004594	0.006148	-0.900869	0.045007	0.431752	-0.014501	-0.997176	0.073693	0.433850	0.060127	0.898977
57753	4.436566	0.733681	9.213652	0.003081	0.006091	0.004597	-0.900852	0.045070	0.431780	-0.014579	-0.997176	0.073670	0.433881	0.060071	0.898965
57754	4.456721	0.708571	9.241009	-0.001432	0.006213	0.002888	-0.900858	0.045073	0.431767	-0.014594	-0.997177	0.073649	0.433868	0.060046	0.898973
57755	4.458077	0.707471	9.216963	0.001557	0.006141	0.004536	-0.900845	0.045107	0.431791	-0.014651	-0.997180	0.073605	0.433893	0.059980	0.898966
57756	4.431503	0.684868	9.216094	0.004717	0.007537	0.003108	-0.900857	0.045107	0.431766	-0.014637	-0.997178	0.073637	0.433869	0.060017	0.898975
57757	4.458280	0.757407	9.240254	0.003134	0.007617	0.004572	-0.900857	0.045207	0.431755	-0.014747	-0.997176	0.073640	0.433865	0.059972	0.898980
57758	4.456126	0.733004	9.241294	-0.000073	0.003140	0.004525	-0.900850	0.045196	0.431771	-0.014742	-0.997177	0.073623	0.433880	0.059958	0.898974
57759	4.431369	0.734395	9.239575	-0.001378	0.007740	0.002862	-0.900876	0.045159	0.431722	-0.014729	-0.997181	0.073572	0.433827	0.059920	0.899002
57760	4.430759	0.734203	9.239883	0.001497	0.006171	0.006061	-0.900882	0.045131	0.431711	-0.014703	-0.997182	0.073563	0.433814	0.059924	0.899007
57761	4.453023	0.682825	9.219421	0.000093	0.006163	0.002949	-0.900879	0.045198	0.431711	-0.014793	-0.997183	0.073531	0.433818	0.059856	0.899010
57762	4.427907	0.709722	9.241260	0.001730	0.007608	0.001460	-0.900891	0.045215	0.431684	-0.014808	-0.997182	0.073544	0.433793	0.059863	0.899022
57763	4.451502	0.708117	9.243559	0.001610	0.007668	0.004511	-0.900887	0.045322	0.431681	-0.014934	-0.997181	0.073527	0.433797	0.059793	0.899025
57764	4.454438	0.731462	9.218757	0.001610	0.007668	0.004511	-0.900900	0.045308	0.431656	-0.014922	-0.997182	0.073525	0.433771	0.059798	0.899037
57765	4.429479	0.733180	9.217101	0.003254	0.007557	0.001522	-0.900895	0.045430	0.431654	-0.015053	-0.997179	0.073533	0.433776	0.059748	0.899037
57766	4.427255	0.709162	9.218141	0.007539	0.004442	0.006334	-0.900894	0.045400	0.431659	-0.014998	-0.997177	0.073577	0.433781	0.059811	0.899031
57767	4.452720	0.732018	9.219543	0.001550	0.007697	0.006036	-0.900915	0.045395	0.431614	-0.015008	-0.997178	0.073553	0.433735	0.059787	0.899055
57768	4.448713	0.708488	9.244874	0.001337	0.001594	0.006138	-0.900902	0.045369	0.431645	-0.014982	-0.997180	0.073542	0.433764	0.059787	0.899041
57769	4.424115	0.735331	9.266452	0.002861	0.001543	0.006200	-0.900879	0.045397	0.431691	-0.015020	-0.997181	0.073520	0.433811	0.059748	0.899021
57770	4.450214	0.732773	9.244160	0.002921	0.001513	0.004674	-0.900865	0.045386	0.431721	-0.015001	-0.997180	0.073529	0.433841	0.059764	0.899005
57771	4.451889	0.731891	9.219954	0.003028	0.004565	0.004623	-0.900861	0.045374	0.431729	-0.014998	-0.997182	0.073506	0.433848	0.059743	0.899003
57772	4.445873	0.709567	9.269624	0.003141	0.006061	0.003072	-0.900867	0.045376	0.431717	-0.014992	-0.997181	0.073524	0.433836	0.059763	0.899007
57773	4.421130	0.711319	9.267853	0.003028	0.004565	0.004623	-0.900867	0.045393	0.431715	-0.015017	-0.997181	0.073514	0.433835	0.059743	0.899010
57774	4.448655	0.733038	9.244890	0.001443	0.004646	0.006087	-0.900867	0.045366	0.431718	-0.014991	-0.997182	0.073504	0.433836	0.059745	0.899009
57775	4.442910	0.685459	9.271026	0.004733	0.004424	0.000110	-0.900854	0.045516	0.431730	-0.015141	-0.997178	0.073537	0.433859	0.059709	0.899000
57776	4.423584	0.734973	9.243259	0.001443	0.004646	0.006086	-0.900853	0.045489	0.431734	-0.015115	-0.997179	0.073527	0.433860	0.059711	0.898999
57777	4.425409	0.708726	9.195594	0.003034	0.003009	0.003124	-0.900830	0.045599	0.431772	-0.015234	-0.997177	0.073527	0.433905	0.059658	0.898981
57778	4.447288	0.733371	9.245521	0.001450	0.003090	0.004587	-0.900822	0.045588	0.431788	-0.015222	-0.997177	0.073524	0.433921	0.059659	0.898974
57779	4.447108	0.708222	9.222203	0.004726	0.005980	0.001609	-0.900797	0.045750	0.431824	-0.015392	-0.997174	0.073539	0.433968	0.059597	0.898955
57780	4.446493	0.708346	9.222489	0.000147	0.007690	0.002922	-0.900809	0.045753	0.431797	-0.015401	-0.997174	0.073531	0.433941	0.059587	0.898968
57781	4.445587	0.733702	9.246312	0.003256	0.007557	0.001522	-0.900800	0.045888	0.431803	-0.015549	-0.997171	0.073534	0.433956	0.059526	0.898966
57782	4.446923	0.732827	9.222276	0.002960	0.006151	0.007648	-0.900806	0.045845	0.431794	-0.015503	-0.997172	0.073531	0.433944	0.059543	0.898970
57783	4.418600	0.711028	9.245613	0.000047	0.003082	0.001474	-0.900815	0.045829	0.431778	-0.015498	-0.997174	0.073508	0.433926	0.059526	0.898980
57784	4.418480	0.711026	9.245671	0.002866	-0.000013	0.004701	-0.900794	0.045819	0.431822	-0.015479	-0.997174	0.073517	0.433970	0.059540	0.898958
57785	4.446527	0.707590	9.199073	0.004498	0.002987	0.004712	-0.900803	0.045822	0.431805	-0.015475	-0.997173	0.073535	0.433953	0.059559	0.898965
57786	4.442477	0.709646	9.247783	0.002920	0.001513	0.004675	-0.900788	0.045811	0.431835	-0.015456	-0.997172	0.073545	0.433983	0.059574	0.898949
57787	4.444166	0.708857	9.223572	0.004612	0.004483	0.003161	-0.900798	0.045782	0.431818	-0.015424	-0.997172	0.073547	0.433964	0.059591	0.898957
57788	4.441910	0.710066	9.248023	0.004498	0.002987	0.004712	-0.900790	0.045770	0.431835	-0.015398	-0.997171	0.073571	0.433981	0.059622	0.898947
57789	4.469457	0.731901	9.225061	0.001618	0.006113	0.003010	-0.900789	0.045783	0.431837	-0.015427	-0.997173	0.073539	0.433983	0.059581	0.898949
57790	4.443004	0.709428	9.224088	0.007539	0.004440	0.006337	-0.900788	0.045754	0.431842	-0.015373	-0.997171	0.073583	0.433987	0.059644	0.898943
57791	4.462719	0.710006	9.275030	0.001902	0.010630	-0.000119	-0.900819	0.045832	0.431769	-0.015459	-0.997168	0.073597	0.433919	0.059623	0.898977
57792	4.443164	0.734269	9.223973	0.004713	0.009091	0.004608	-0.900838	0.045818	0.431731	-0.015433	-0.997167	0.073623	0.433881	0.059659	0.898993
57793	4.438390	0.736546	9.273002	0.006352	0.010535	0.003120	-0.900851	0.045808	0.431704	-0.015424	-0.997167	0.073623	0.433854	0.059664	0.899006
57794	4.439311	0.735891	9.249154	0.003359	0.012165	0.002968	-0.900883	0.045808	0.431638	-0.015419	-0.997165	0.073644	0.433788	0.059689	0.899036
57795	4.412416	0.713378	9.248385	0.003196	0.007587	0.003046	-0.900899	0.045819	0.431603	-0.015437	-0.997166	0.073638	0.433754	0.059677	0.899053
57796	4.436016	0.711740	9.250723	0.001550	0.007700	0.006034	-0.900912	0.045791	0.431579	-0.015411	-0.997167	0.073629	0.433728	0.059682	0.899065
57797	4.435337	0.711795	9.251045	0.003258	0.007557	0.001521	-0.900935	0.045863	0.431524	-0.015483	-0.997164	0.073654	0.433678	0.059676	0.899090
57798	4.436827	0.710973	9.226941	0.002972	0.003040	0.004650	-0.900927	0.045851	0.431541	-0.015464	-0.997163	0.073664	0.433694	0.059692	0.899081
57799	4.436282	0.736462	9.250561	0.004612	0.004483	0.003162	-0.900940	0.045814	0.431519	-0.015422	-0.997164	0.073669	0.433670	0.059716	0.899091
57800	4.409882	0.713896	9.249554	0.001503	0.004618	0.004561	-0.900939	0.045802	0.431521	-0.015410	-0.997164	0.073666	0.433672	0.059719	0.899090
57801	4.437597	0.735634	9.226544	0.002979	0.001483	0.003151	-0.900911	0.045881	0.431571	-0.015499	-0.997163	0.073657	0.433726	0.059669	0.899067
57802	4.459947	0.709704	9.229490	0.001510	0.003061	0.003061	-0.900904	0.045886	0.431586	-0.015501	-0.997163	0.073660	0.433742	0.059671	0.899059
57803	4.461578	0.708733	9.205335	0.001564	0.004587	0.003035	-0.900915	0.045877	0.431564	-0.015501	-0.997164	0.073643	0.433718	0.059656	0.899071
57804	4.436544	0.735758	9.227040	0.003135	0.007618	0.004572	-0.900928	0.045864	0.431539	-0.015483	-0.997164	0.073655	0.433693	0.059676	0.899082
57805	4.458409	0.709843	9.230223	0.003135	0.007618	0.004572	-0.900947	0.045885	0.431496	-0.015511	-0.997163	0.073652	0.433652	0.059664	0.899103
57806	4.457804	0.709787	9.230520	0.000033	0.006196	0.004471	-0.900953	0.045874	0.431484	-0.015507	-0.997165	0.073636	0.433639	0.059652	0.899110
57807	4.408491	0.738240	9.250207	0.000033	0.006196	0.004471	-0.900979	0.045859	0.431433	-0.015507	-0.997167	0.073610	0.433586	0.059631	0.899137
57808	4.456947	0.709556	9.230951	0.004380	0.001492	0.006266	-0.900965	0.045832	0.431465	-0.015468	-0.997166	0.073625	0.433616	0.059660	0.899120
57809	4.406266	0.713933	9.251274	0.002910	0.003070	0.006176	-0.900936	0.045942	0.431512	-0.015592	-0.997165	0.073612	0.433671	0.059591	0.899099
57810	4.434169	0.710300	9.204828	0.002965	0.004596	0.006149	-0.900936	0.045915	0.431516	-0.015560	-0.997165	0.073615	0.433673	0.059608	0.899097
57811	4.429911	0.712124	9.253619	-0.000138	0.003175	0.006048	-0.900924	0.045966	0.431537	-0.015635	-0.997167	0.073576	0.433696	0.059539	0.899090
57812	4.431628	0.736203	9.252813	0.001161	-0.001425	0.007716	-0.900897	0.045927	0.431596	-0.015597	-0.997169	0.073556	0.433752	0.059535	0.899063
57813	4.433713	0.735026	9.228459	0.001277	0.000071	0.006165	-0.900893	0.045900	0.431608	-0.015578	-0.997171	0.073530	0.433762	0.059519	0.899060
57814	4.433892	0.734970	9.228378	0.002753	-0.003065	0.004756	-0.900859	0.045892	0.431679	-0.015560	-0.997171	0.073538	0.433833	0.059530	0.899025
57815	4.435962	0.759349	9.227379	0.002753	-0.003065	0.004756	-0.900836	0.045814	0.431736	-0.015483	-0.997174	0.073509	0.433883	0.059535	0.899000
57816	4.430737	0.711671	9.253258	0.002746	-0.001508	0.006255	-0.900809	0.045789	0.431794	-0.015451	-0.997175	0.073510	0.433940	0.059547	0.898972
57817	4.457016	0.734231	9.254335	0.001167	-0.002981	0.006218	-0.900762	0.045791	0.431893	-0.015469	-0.997178	0.073463	0.434038	0.059492	0.898928
57818	4.455797	0.684542	9.231555	0.004215	-0.003086	0.006345	-0.900728	0.045767	0.431966	-0.015430	-0.997178	0.073477	0.434109	0.059517	0.898892
57819	4.457602	0.708997	9.230678	0.004435	0.003017	0.006239	-0.900710	0.045845	0.431995	-0.015514	-0.997176	0.073479	0.434144	0.059481	0.898878
57820	4.462717	0.756992	9.204826	0.007655	0.005933	0.004788	-0.900715	0.045831	0.431986	-0.015474	-0.997173	0.073530	0.434134	0.059545	0.898878
57821	4.430605	0.712371	9.253268	0.004559	0.002956	0.003189	-0.900691	0.045974	0.432021	-0.015619	-0.997169	0.073551	0.434179	0.059499	0.898859
57822	4.454567	0.711033	9.255425	0.007538	0.004438	0.006340	-0.900690	0.045945	0.432026	-0.015566	-0.997167	0.073595	0.434183	0.059561	0.898853
57823	4.431898	0.712004	9.229231	0.004490	0.004544	0.006213	-0.900687	0.045966	0.432030	-0.015589	-0.997166	0.073595	0.434189	0.059551	0.898851
57824	4.455870	0.735841	9.254758	0.005793	-0.001613	0.006383	-0.900660	0.045941	0.432090	-0.015543	-0.997165	0.073623	0.434247	0.059593	0.898820
57825	4.454428	0.686397	9.232078	0.004386	-0.000065	0.004767	-0.900641	0.046007	0.432122	-0.015607	-0.997163	0.073637	0.434283	0.059576	0.898804
57826	4.433662	0.736954	9.228330	0.004442	0.001461	0.004740	-0.900627	0.045996	0.432152	-0.015582	-0.997162	0.073659	0.434314	0.059606	0.898787
57827	4.454168	0.712154	9.255531	0.005849	-0.000087	0.006356	-0.900600	0.046060	0.432201	-0.015641	-0.997160	0.073676	0.434367	0.059592	0.898762
57828	4.456398	0.686146	9.207709	0.007373	-0.000140	0.006420	-0.900579	0.046033	0.432248	-0.015588	-0.997157	0.073717	0.434412	0.059650	0.898737
57829	4.430077	0.714538	9.253353	0.005855	-0.001644	0.004858	-0.900572	0.045925	0.432274	-0.015464	-0.997159	0.073721	0.434432	0.059707	0.898724
57830	4.482612	0.709502	9.208751	0.007428	0.001386	0.006393	-0.900558	0.045897	0.432307	-0.015411	-0.997157	0.073763	0.434463	0.059766	0.898704
57831	4.454385	0.713712	9.255306	0.008958	-0.000224	0.004959	-0.900542	0.045871	0.432342	-0.015361	-0.997155	0.073801	0.434497	0.059819	0.898685
57832	4.456282	0.713419	9.230974	0.012055	0.002753	0.006558	-0.900534	0.045841	0.432362	-0.015287	-0.997150	0.073884	0.434517	0.059925	0.898668
57833	4.481905	0.736745	9.232299	0.009174	0.007437	0.006349	-0.900541	0.045825	0.432350	-0.015254	-0.997148	0.073916	0.434504	0.059970	0.898671
57834	4.453516	0.690546	9.232209	0.013691	0.005751	0.006568	-0.900546	0.045793	0.432343	-0.015172	-0.997142	0.074014	0.434497	0.060093	0.898666
57835	4.452764	0.716872	9.255842	0.013746	0.007277	0.006540	-0.900561	0.045730	0.432319	-0.015071	-0.997138	0.074081	0.434469	0.060199	0.898673
57836	4.453921	0.742080	9.255198	0.012161	0.007363	0.008002	-0.900572	0.045683	0.432299	-0.014983	-0.997134	0.074159	0.434448	0.060308	0.898676
57837	4.429147	0.719380	9.229979	0.013926	0.008739	0.003462	-0.900573	0.045769	0.432288	-0.015035	-0.997126	0.074250	0.434444	0.060368	0.898674
57838	4.452634	0.718700	9.232325	0.012340	0.008825	0.004924	-0.900591	0.045752	0.432252	-0.014974	-0.997120	0.074342	0.434409	0.060480	0.898683
57839	4.449948	0.720680	9.256901	0.013746	0.007278	0.006541	-0.900608	0.045736	0.432219	-0.014920	-0.997115	0.074423	0.434376	0.060577	0.898692
57840	4.453169	0.745025	9.231885	0.015214	0.005698	0.006633	-0.900612	0.045704	0.432213	-0.014831	-0.997108	0.074534	0.434370	0.060716	0.898686
57841	4.428493	0.747772	9.229942	0.013634	0.004226	0.006597	-0.900603	0.045780	0.432226	-0.014873	-0.997101	0.074620	0.434389	0.060774	0.898673
57842	4.446645	0.724747	9.281608	0.012173	0.004247	0.005007	-0.900600	0.045765	0.432232	-0.014812	-0.997095	0.074711	0.434395	0.060882	0.898662
57843	4.429787	0.748596	9.205813	0.013634	0.004226	0.006597	-0.900584	0.045823	0.432261	-0.014836	-0.997089	0.074789	0.434429	0.060940	0.898642
57844	4.449938	0.749725	9.256498	0.008894	-0.000191	0.006488	-0.900563	0.045795	0.432308	-0.014776	-0.997086	0.074843	0.434475	0.061014	0.898615
57845	4.429733	0.750007	9.205724	0.013341	-0.000286	0.009732	-0.900546	0.045718	0.432350	-0.014660	-0.997083	0.074898	0.434514	0.061111	0.898590
57846	4.451829	0.775326	9.255444	0.007427	0.001389	0.006395	-0.900532	0.045691	0.432383	-0.014607	-0.997081	0.074940	0.434545	0.061170	0.898570
57847	4.446635	0.703074	9.258011	0.013421	-0.004996	0.003716	-0.900476	0.045733	0.432494	-0.014608	-0.997075	0.075018	0.434660	0.061234	0.898510
57848	4.422857	0.705589	9.255658	0.008725	-0.004768	0.006573	-0.900435	0.045708	0.432583	-0.014548	-0.997072	0.075071	0.434747	0.061303	0.898463
57849	4.451584	0.702264	9.208823	0.008725	-0.004768	0.006573	-0.900409	0.045640	0.432644	-0.014454	-0.997071	0.075101	0.434805	0.061368	0.898431
57850	4.423906	0.706689	9.255072	0.010193	-0.006348	0.006667	-0.900361	0.045615	0.432747	-0.014387	-0.997067	0.075167	0.434906	0.061451	0.898376
57851	4.452523	0.728812	9.231586	0.008725	-0.004768	0.006573	-0.900302	0.045641	0.432866	-0.014395	-0.997065	0.075189	0.435027	0.061462	0.898317
57852	4.452980	0.754504	9.254647	0.005440	-0.007645	0.009553	-0.900249	0.045588	0.432982	-0.014322	-0.997066	0.075200	0.435139	0.061497	0.898260
57853	4.429934	0.731008	9.228688	0.005400	-0.013849	0.005093	-0.900157	0.045653	0.433166	-0.014377	-0.997064	0.075208	0.435328	0.061471	0.898171
57854	4.429421	0.732377	9.252272	0.006749	-0.016921	0.006740	-0.900063	0.045634	0.433363	-0.014324	-0.997062	0.075242	0.435524	0.061515	0.898073
57855	4.429434	0.707909	9.252335	-0.001226	-0.021127	0.011083	-0.899929	0.045710	0.433635	-0.014423	-0.997066	0.075170	0.435799	0.061394	0.897948
57856	4.457751	0.730176	9.252401	0.001898	-0.025947	0.005196	-0.899795	0.045712	0.433912	-0.014405	-0.997067	0.075168	0.436075	0.061385	0.897814
57857	4.484452	0.728142	9.253283	-0.002735	-0.025751	0.006531	-0.899673	0.045674	0.434169	-0.014379	-0.997073	0.075095	0.436328	0.061318	0.897696
57858	4.464559	0.728334	9.225809	-0.002613	-0.025818	0.003480	-0.899539	0.045693	0.434443	-0.014396	-0.997075	0.075059	0.436602	0.061265	0.897566
57859	4.463132	0.704682	9.249948	-0.002556	-0.024292	0.003451	-0.899418	0.045661	0.434698	-0.014375	-0.997081	0.074992	0.436853	0.061200	0.897449
57860	4.491562	0.726774	9.249942	-0.004197	-0.025729	0.004943	-0.899285	0.045665	0.434973	-0.014386	-0.997085	0.074935	0.437127	0.061131	0.897320
57861	4.471557	0.726878	9.222534	-0.005483	-0.024250	0.000275	-0.899164	0.045715	0.435218	-0.014456	-0.997089	0.074868	0.437373	0.061027	0.897207
57862	4.447550	0.754070	9.267203	-0.014804	-0.025382	0.002978	-0.899032	0.045738	0.435488	-0.014531	-0.997098	0.074725	0.437642	0.060852	0.897088
57863	4.446923	0.703985	9.267714	-0.013732	-0.039201	0.001775	-0.898832	0.045873	0.435886	-0.014719	-0.997106	0.074584	0.438046	0.060623	0.896906
57864	4.450763	0.702314	9.265997	-0.021462	-0.043539	0.000025	-0.898620	0.045937	0.436317	-0.014850	-0.997118	0.074394	0.438477	0.060373	0.896712
57865	4.451429	0.676893	9.289282	-0.024795	-0.051059	0.000045	-0.898365	0.046054	0.436829	-0.015060	-0.997133	0.074153	0.438991	0.060037	0.896483
57866	4.383846	0.705127	9.304455	-0.026714	-0.063242	-0.001313	-0.898065	0.046142	0.437435	-0.015227	-0.997148	0.073922	0.439598	0.059726	0.896207
57867	4.332513	0.711070	9.419297	-0.036191	-0.078302	-0.007497	-0.897694	0.046367	0.438173	-0.015571	-0.997165	0.073619	0.440344	0.059264	0.895871
57868	4.550368	0.087631	9.039321	-0.132454	-0.170487	-0.055258	-0.896911	0.047056	0.439700	-0.016688	-0.997216	0.072678	0.441895	0.057848	0.895199
57869	3.976690	1.279389	9.797412	-0.038529	-0.136944	-0.041626	-0.896278	0.047665	0.440924	-0.017361	-0.997217	0.072511	0.443153	0.057335	0.894610
57870	3.771903	0.926717	9.836774	-0.049419	-0.273371	-0.004280	-0.895040	0.047901	0.443406	-0.017657	-0.997242	0.072091	0.445636	0.056695	0.893417
57871	3.883430	0.885311	9.756972	-0.132524	-0.447380	0.008258	-0.893009	0.048137	0.447457	-0.018259	-0.997320	0.070849	0.449668	0.055099	0.891495
57872	3.772270	0.930568	9.651886	-0.115282	-0.591301	0.023740	-0.890316	0.048259	0.452778	-0.018606	-0.997393	0.069719	0.454962	0.053648	0.888893
57873	3.862161	0.649162	9.712241	-0.131966	-0.752453	0.030760	-0.886830	0.048437	0.459549	-0.019045	-0.997477	0.068383	0.461702	0.051892	0.885516
57874	3.896558	0.661713	9.677323	-0.159272	-0.919450	0.028454	-0.882530	0.048658	0.467731	-0.019572	-0.997571	0.066848	0.469848	0.049841	0.881339
57875	3.914072	0.605269	9.734620	-0.156583	-1.101223	0.027144	-0.877255	0.049036	0.477513	-0.020212	-0.997660	0.065318	0.479598	0.047649	0.876193
57876	4.006975	0.589389	9.638717	-0.156815	-1.284565	0.015071	-0.871001	0.049520	0.488778	-0.020878	-0.997739	0.063881	0.490837	0.045435	0.870066
57877	4.113939	0.551827	9.559309	-0.135969	-1.477994	-0.007328	-0.863607	0.050347	0.501645	-0.021737	-0.997794	0.062719	0.503696	0.043260	0.862797
57878	4.412929	0.578483	9.468153	-0.102656	-1.661115	-0.022348	-0.855091	0.051309	0.515933	-0.022491	-0.997825	0.061957	0.517990	0.041376	0.854386
57879	4.554738	0.618580	9.266792	-0.067945	-1.847384	-0.032957	-0.845301	0.052555	0.531700	-0.023332	-0.997832	0.061536	0.533781	0.039611	0.844694
57880	4.709336	0.641356	9.153049	-0.025107	-2.021862	-0.039490	-0.834300	0.053773	0.548682	-0.023836	-0.997820	0.061546	0.550795	0.038269	0.833762
57881	4.880045	0.646506	9.101742	0.022022	-2.202976	-0.050885	-0.821862	0.055331	0.566994	-0.024400	-0.997778	0.062001	0.569164	0.037122	0.821386
57882	4.978477	0.594356	9.219152	0.053517	-2.363917	-0.050119	-0.808137	0.056735	0.586255	-0.024535	-0.997729	0.062735	0.588483	0.036314	0.807694
57883	5.191177	0.625086	8.997435	0.097620	-2.482917	-0.043153	-0.793172	0.058250	0.606206	-0.024539	-0.997664	0.063758	0.608503	0.035695	0.792748
57884	6.232389	0.568005	9.100508	0.090044	-2.553733	-0.061812	-0.777329	0.059807	0.626246	-0.024503	-0.997594	0.064856	0.628617	0.035070	0.776924
57885	6.968429	0.348925	9.434207	0.104654	-2.509030	-0.058015	-0.761174	0.061578	0.645618	-0.024684	-0.997512	0.066040	0.648078	0.034332	0.760800
57886	7.499850	0.657516	9.688921	0.105200	-2.468754	-0.056271	-0.744897	0.063018	0.664197	-0.024452	-0.997439	0.067213	0.666732	0.033826	0.744530
57887	8.314659	0.525436	9.738482	0.120817	-2.270834	-0.047049	-0.729431	0.064457	0.681011	-0.024266	-0.997362	0.068408	0.683624	0.033374	0.729071
57888	7.696065	0.956156	9.077674	0.095386	-2.192430	-0.026683	-0.714227	0.065486	0.696843	-0.023834	-0.997311	0.069294	0.699508	0.032883	0.713868
57889	8.744862	1.091784	9.063838	0.007268	-2.091751	0.002448	-0.699285	0.066438	0.711749	-0.024182	-0.997300	0.069335	0.714434	0.031273	0.699004
57890	8.515699	0.803256	8.579955	-0.032130	-1.926622	0.010717	-0.685358	0.066955	0.725122	-0.024374	-0.997315	0.069051	0.727798	0.029650	0.685150
57891	8.034719	0.474714	8.061841	-0.009715	-1.806713	-0.002305	-0.671834	0.067893	0.737584	-0.025037	-0.997303	0.068995	0.740279	0.027886	0.671722
57892	7.588507	0.419727	7.621362	0.054293	-1.688013	-0.024951	-0.659199	0.068644	0.748829	-0.024832	-0.997269	0.069559	0.751558	0.027258	0.659103
57893	7.137647	0.553667	7.452773	0.085092	-1.550835	-0.045011	-0.647221	0.069821	0.759098	-0.024961	-0.997204	0.070440	0.761894	0.026643	0.647154
57894	6.023751	0.600296	7.257946	0.124588	-1.358695	-0.105445	-0.636745	0.071273	0.767774	-0.024717	-0.997094	0.072063	0.770678	0.026909	0.636656
57895	4.671376	1.117131	8.287801	-0.003057	-1.041423	-0.165415	-0.628459	0.073508	0.774361	-0.026257	-0.996962	0.073329	0.777399	0.025752	0.628480
57896	2.862005	1.467883	8.833136	-0.065851	-0.578035	-0.289945	-0.623836	0.076580	0.777794	-0.028619	-0.996759	0.075185	0.781031	0.024643	0.624006
57897	1.016060	1.859700	9.125100	-0.177947	-0.173275	-0.473803	-0.622067	0.081802	0.778679	-0.033660	-0.996402	0.077783	0.782240	0.022176	0.622582
57898	0.381931	2.160832	9.640802	-0.378058	0.140458	-0.653004	-0.622882	0.088315	0.777315	-0.040715	-0.995921	0.080526	0.781255	0.018510	0.623937
57899	0.403069	1.749806	10.162985	-0.579108	0.510139	-0.788010	-0.626243	0.096553	0.773626	-0.050859	-0.995247	0.083043	0.777967	0.012659	0.628177
57900	0.403672	0.992449	10.559906	-0.726781	0.912787	-0.864628	-0.632788	0.105105	0.767158	-0.061968	-0.994441	0.085129	0.771841	0.006329	0.635784
57901	1.117196	0.541694	10.700949	-0.791431	1.297305	-0.855651	-0.641956	0.113904	0.758234	-0.073992	-0.993492	0.086599	0.763163	-0.000511	0.646206
57902	1.736238	-0.119511	10.935952	-0.788745	1.710185	-0.777129	-0.654250	0.121715	0.746420	-0.085038	-0.992545	0.087313	0.751482	-0.006349	0.659723
57903	1.575885	-0.370268	10.545400	-0.728666	2.075378	-0.661126	-0.668962	0.128819	0.732049	-0.095332	-0.991603	0.087376	0.737158	-0.011336	0.675625
57904	1.752871	-0.316071	10.225820	-0.676898	2.322403	-0.510521	-0.685344	0.134221	0.715743	-0.103759	-0.990838	0.086456	0.720789	-0.015013	0.692992
57905	2.358878	-0.100059	10.337938	-0.659760	2.491549	-0.336815	-0.702637	0.138209	0.697997	-0.111105	-0.990233	0.084229	0.702820	-0.018368	0.711130
57906	3.277409	0.047300	10.739689	-0.656175	2.630677	-0.153306	-0.720658	0.140283	0.678949	-0.116782	-0.989884	0.080572	0.683384	-0.021224	0.729751
57907	4.275509	0.116730	11.153846	-0.633996	2.769253	0.028287	-0.739303	0.140705	0.658508	-0.120946	-0.989768	0.075700	0.662422	-0.023679	0.748757
57908	5.069377	0.178871	11.395128	-0.574105	2.904555	0.183681	-0.758407	0.139633	0.636649	-0.123347	-0.989880	0.070169	0.640003	-0.025313	0.767955
57909	5.694084	0.411534	11.401260	-0.484897	2.998703	0.293076	-0.777591	0.137552	0.613540	-0.124212	-0.990153	0.064563	0.616379	-0.026006	0.787020
57910	6.037527	0.820427	11.202234	-0.387282	3.046069	0.344870	-0.796389	0.134960	0.589534	-0.123876	-0.990517	0.059414	0.591962	-0.025713	0.805556
57911	6.299996	1.211059	11.022011	-0.325328	3.024054	0.339751	-0.814323	0.132406	0.565107	-0.123087	-0.990882	0.054796	0.567210	-0.024936	0.823196
57912	6.535292	1.534917	10.844371	-0.297504	2.963685	0.276809	-0.831077	0.130423	0.540649	-0.122500	-0.991168	0.050799	0.542499	-0.024012	0.839713
57913	6.570728	1.724012	10.494058	-0.295506	2.861856	0.179132	-0.846462	0.129365	0.516494	-0.122618	-0.991324	0.047341	0.518138	-0.023259	0.854981
57914	6.594144	1.873677	10.098533	-0.330562	2.721664	0.047470	-0.860273	0.129560	0.493097	-0.123926	-0.991304	0.044258	0.494543	-0.023034	0.868848
57915	6.344258	2.012357	9.524829	-0.395715	2.553580	-0.106943	-0.872469	0.131250	0.470714	-0.126807	-0.991067	0.041305	0.471930	-0.023652	0.881319
57916	5.770416	2.130721	9.015497	-0.479365	2.374631	-0.301302	-0.883005	0.134852	0.449575	-0.131702	-0.990544	0.038444	0.450508	-0.025264	0.892415
57917	5.255989	2.556146	8.837208	-0.623008	2.197158	-0.546377	-0.891931	0.140874	0.429667	-0.139321	-0.989620	0.035253	0.430173	-0.028418	0.902299
57918	4.882694	3.031040	8.584919	-0.861163	2.065830	-0.802744	-0.899426	0.149492	0.410712	-0.150171	-0.988180	0.030819	0.410464	-0.033958	0.911244
57919	4.175790	3.341734	7.913703	-1.152959	1.962841	-1.036904	-0.905657	0.160481	0.392468	-0.164153	-0.986132	0.024433	0.390947	-0.042297	0.919441
57920	3.651457	3.830581	7.096610	-1.483037	1.876177	-1.262964	-0.910602	0.173854	0.374939	-0.181316	-0.983301	0.015587	0.371388	-0.053789	0.926918
57921	2.146102	0.454730	3.400049	-1.228499	0.394285	-1.252055	-0.909685	0.186358	0.371138	-0.197208	-0.980321	0.008873	0.365488	-0.065120	0.928535
57922	10.167755	0.541862	-9.016738	0.248016	-0.615419	-1.694998	-0.903926	0.202584	0.376667	-0.211704	-0.977177	0.017510	0.371618	-0.063914	0.926183
57923	21.103162	10.696699	-9.246349	0.442794	-1.895011	-1.767806	-0.892842	0.218605	0.393758	-0.225881	-0.973740	0.028416	0.389630	-0.063572	0.918775
57924	41.216704	3.496161	-1.616669	-0.671562	-3.029388	-2.168198	-0.875490	0.237564	0.420809	-0.247794	-0.968313	0.031118	0.414867	-0.077030	0.906615
57925	46.848586	6.464287	13.567254	-0.099972	-0.529290	-1.634623	-0.869101	0.252933	0.425075	-0.262451	-0.964230	0.037144	0.419265	-0.079280	0.904396
57926	-0.666925	-15.567277	7.576108	-0.228151	1.124824	-0.581085	-0.872185	0.259451	0.414702	-0.268494	-0.962550	0.037517	0.408905	-0.078623	0.909184
57927	-4.992192	-6.548587	8.196295	0.751229	-0.516211	-0.235090	-0.869388	0.261379	0.419338	-0.267515	-0.962488	0.045309	0.415451	-0.072788	0.906699
57928	8.224988	2.742645	13.371527	0.338830	-0.514812	-0.133837	-0.866847	0.262329	0.423980	-0.267299	-0.962370	0.048943	0.420865	-0.070903	0.904348
57929	4.225990	1.319079	8.470648	0.348232	-0.327050	-0.073757	-0.865225	0.262878	0.426943	-0.266550	-0.962396	0.052389	0.424660	-0.068473	0.902760
57930	5.597511	-2.024909	9.740675	0.124541	-0.250969	-0.088228	-0.863890	0.263588	0.429203	-0.266821	-0.962238	0.053892	0.427201	-0.067963	0.901599
57931	4.515402	2.036184	9.434436	0.458682	-0.141464	-0.045858	-0.863117	0.264010	0.430498	-0.265346	-0.962395	0.058205	0.429676	-0.063993	0.900713
57932	5.619127	1.874232	9.675619	0.102660	-0.120476	-0.027609	-0.862494	0.264231	0.431609	-0.265181	-0.962377	0.059251	0.431026	-0.063351	0.900113
57933	4.100032	1.587825	9.512756	0.161201	-0.089678	-0.010321	-0.862037	0.264339	0.432455	-0.264656	-0.962429	0.060733	0.432261	-0.062098	0.899608
57934	5.396448	0.750291	9.684710	0.074081	-0.145249	0.004014	-0.861387	0.264243	0.433806	-0.264339	-0.962474	0.061384	0.433747	-0.061797	0.898913
57935	4.340453	1.296205	9.460559	0.139288	-0.096904	0.016061	-0.860967	0.264090	0.434731	-0.263673	-0.962582	0.062555	0.434984	-0.060770	0.898385
57936	4.732027	1.095275	9.338042	0.058457	-0.087756	0.032003	-0.860638	0.263762	0.435582	-0.263182	-0.962691	0.062942	0.435932	-0.060467	0.897946
57937	4.692824	0.921629	9.290382	0.030316	-0.080574	0.034397	-0.860337	0.263439	0.436371	-0.262825	-0.962781	0.063055	0.436741	-0.060441	0.897555
57938	4.587600	0.660057	9.280736	0.023965	-0.077999	0.035819	-0.860059	0.263080	0.437136	-0.262451	-0.962879	0.063116	0.437513	-0.060443	0.897178
57939	4.638284	0.518932	9.267677	0.016652	-0.058412	0.031799	-0.859847	0.262794	0.437724	-0.262175	-0.962954	0.063118	0.438095	-0.060489	0.896891
57940	4.631003	0.618190	9.248778	0.028990	-0.036068	0.030083	-0.859736	0.262516	0.438109	-0.261828	-0.963040	0.063248	0.438520	-0.060332	0.896694
57941	4.526112	0.676782	9.270218	0.023888	-0.027102	0.027225	-0.859649	0.262294	0.438413	-0.261561	-0.963107	0.063334	0.438851	-0.060227	0.896539
57942	4.529454	0.708321	9.198116	0.024833	-0.017803	0.026112	-0.859607	0.262064	0.438631	-0.261266	-0.963179	0.063445	0.439107	-0.060062	0.896425
57943	4.445965	0.767972	9.246249	0.026114	-0.016381	0.030807	-0.859576	0.261814	0.438842	-0.260957	-0.963257	0.063535	0.439352	-0.059906	0.896315
57944	4.509724	0.679037	9.240894	0.027079	-0.028358	0.025747	-0.859487	0.261582	0.439155	-0.260656	-0.963330	0.063667	0.439705	-0.059747	0.896153
57945	4.542643	0.663709	9.190789	0.029769	-0.023659	0.027560	-0.859415	0.261358	0.439428	-0.260358	-0.963402	0.063804	0.440022	-0.059574	0.896009
57946	4.543190	0.663139	9.213974	0.029344	-0.015917	0.024802	-0.859378	0.261143	0.439629	-0.260054	-0.963473	0.063960	0.440273	-0.059361	0.895899
57947	4.522419	0.635428	9.233790	0.029332	-0.014263	0.021806	-0.859333	0.260979	0.439814	-0.259807	-0.963529	0.064119	0.440508	-0.059167	0.895797
57948	4.554079	0.591937	9.231157	0.027090	-0.003707	0.022164	-0.859343	0.260797	0.439904	-0.259536	-0.963593	0.064266	0.440649	-0.058944	0.895742
57949	4.600890	0.597802	9.258761	0.028076	0.007307	0.016519	-0.859378	0.260697	0.439893	-0.259340	-0.963634	0.064437	0.440695	-0.058706	0.895735
57950	4.538305	0.690026	9.263278	0.030291	0.021333	0.014098	-0.859477	0.260607	0.439753	-0.259124	-0.963678	0.064649	0.440628	-0.058387	0.895789
57951	4.584888	0.698190	9.267394	0.024403	0.017896	0.013767	-0.859552	0.260540	0.439646	-0.258968	-0.963710	0.064798	0.440574	-0.058157	0.895831
57952	4.554862	0.749029	9.221810	0.023427	0.033182	0.012819	-0.859700	0.260469	0.439399	-0.258794	-0.963746	0.064954	0.440387	-0.057872	0.895941
57953	4.524440	0.771324	9.223314	0.017233	0.034313	0.012661	-0.859845	0.260422	0.439144	-0.258678	-0.963771	0.065045	0.440173	-0.057668	0.896059
57954	4.474943	0.739513	9.243711	0.008197	0.032203	0.012278	-0.859987	0.260355	0.438905	-0.258575	-0.963797	0.065067	0.439956	-0.057533	0.896175
57955	4.488574	0.619145	9.235789	0.008650	0.026178	0.010521	-0.860091	0.260323	0.438721	-0.258515	-0.963812	0.065090	0.439789	-0.057432	0.896263
57956	4.492501	0.571267	9.233351	0.009868	0.030843	0.010747	-0.860222	0.260270	0.438494	-0.258418	-0.963835	0.065134	0.439588	-0.057285	0.896371
57957	4.511939	0.601385	9.214032	0.017372	0.034504	0.008081	-0.860356	0.260267	0.438234	-0.258340	-0.963848	0.065246	0.439372	-0.057078	0.896490
57958	4.473550	0.669774	9.243414	0.013148	0.031359	0.003220	-0.860471	0.260287	0.437997	-0.258294	-0.963853	0.065352	0.439175	-0.056898	0.896598
57959	4.400038	0.663347	9.215023	0.010414	0.024947	0.005935	-0.860557	0.260298	0.437821	-0.258265	-0.963857	0.065412	0.439023	-0.056783	0.896680
57960	4.375762	0.635017	9.236541	0.015593	0.016106	0.005760	-0.860611	0.260285	0.437722	-0.258186	-0.963870	0.065529	0.438963	-0.056619	0.896719
57961	4.403544	0.617520	9.212652	0.020765	0.008914	0.002588	-0.860618	0.260320	0.437688	-0.258141	-0.963871	0.065696	0.438976	-0.056446	0.896724
57962	4.470344	0.679392	9.197463	0.031581	0.006490	0.004390	-0.860626	0.260314	0.437674	-0.258003	-0.963890	0.065962	0.439040	-0.056153	0.896711
57963	4.444475	0.676868	9.219880	0.030471	-0.001346	0.007106	-0.860600	0.260299	0.437735	-0.257876	-0.963908	0.066196	0.439167	-0.055913	0.896664
57964	4.500712	0.639613	9.195388	0.036305	0.003675	0.005969	-0.860600	0.260277	0.437748	-0.257704	-0.963933	0.066498	0.439267	-0.055582	0.896635
57965	4.542131	0.697680	9.202429	0.046911	0.005943	0.004886	-0.860600	0.260288	0.437741	-0.257524	-0.963954	0.066889	0.439373	-0.055164	0.896609
57966	4.483202	0.767616	9.204352	0.038735	0.014652	0.003414	-0.860642	0.260296	0.437654	-0.257363	-0.963974	0.067224	0.439385	-0.054781	0.896627
57967	4.485198	0.746794	9.202923	0.037266	0.012970	0.004830	-0.860673	0.260310	0.437585	-0.257225	-0.963989	0.067529	0.439406	-0.054437	0.896638
57968	4.479680	0.743823	9.275995	0.031430	0.007952	0.005969	-0.860692	0.260290	0.437560	-0.257075	-0.964011	0.067787	0.439457	-0.054142	0.896631
57969	4.413091	0.688605	9.267291	0.025440	0.006040	0.005692	-0.860695	0.260292	0.437553	-0.256980	-0.964023	0.067983	0.439506	-0.053930	0.896619
57970	4.453736	0.743041	9.298291	0.020565	-0.012619	0.004815	-0.860620	0.260272	0.437711	-0.256888	-0.964036	0.068148	0.439706	-0.053793	0.896529
57971	4.437613	0.693215	9.292186	0.016551	-0.020462	0.002849	-0.860500	0.260287	0.437940	-0.256856	-0.964035	0.068277	0.439961	-0.053735	0.896408
57972	4.413012	0.687061	9.337699	0.003757	-0.035040	0.001863	-0.860319	0.260283	0.438297	-0.256863	-0.964031	0.068305	0.440311	-0.053818	0.896231
57973	4.355655	0.579662	9.348036	0.005934	-0.044016	0.000065	-0.860087	0.260312	0.438735	-0.256901	-0.964018	0.068350	0.440741	-0.053924	0.896013
57974	4.391605	0.535747	9.343750	0.018558	-0.070555	-0.005111	-0.859731	0.260356	0.439405	-0.256902	-0.964004	0.068541	0.441434	-0.053957	0.895670
57975	4.387485	0.608540	9.369770	0.026833	-0.080784	-0.003693	-0.859326	0.260402	0.440169	-0.256882	-0.963991	0.068791	0.442233	-0.053958	0.895276
57976	4.397550	0.641470	9.294230	0.029132	-0.110867	-0.013941	-0.858768	0.260509	0.441194	-0.256912	-0.963960	0.069115	0.443298	-0.053994	0.894746
57977	4.317440	0.752288	9.340807	0.030613	-0.135403	-0.010227	-0.858103	0.260588	0.442441	-0.256930	-0.963933	0.069427	0.444575	-0.054101	0.894106
57978	4.260527	0.689952	9.422666	0.022840	-0.180290	-0.010631	-0.857241	0.260626	0.444086	-0.256958	-0.963907	0.069680	0.446219	-0.054379	0.893270
57979	4.092012	0.618177	9.421780	0.038921	-0.238930	-0.010816	-0.856106	0.260652	0.446254	-0.256942	-0.963883	0.070069	0.448401	-0.054675	0.892159
57980	4.032103	0.450665	9.563935	0.001145	-0.322584	-0.050282	-0.854494	0.260993	0.449136	-0.257406	-0.963742	0.070307	0.451201	-0.055534	0.890693
57981	3.680435	0.736731	10.042875	0.010253	-0.408653	-0.065540	-0.852435	0.261447	0.452768	-0.257984	-0.963560	0.070687	0.454750	-0.056551	0.888822
57982	2.517631	0.714336	10.800753	-0.030131	-0.768206	-0.017419	-0.848840	0.261205	0.459612	-0.258310	-0.963486	0.070502	0.461245	-0.058877	0.885317
57983	2.912995	0.386290	10.663118	-0.077243	-1.123043	-0.023014	-0.843511	0.260793	0.469550	-0.258925	-0.963363	0.069922	0.470582	-0.062598	0.880133
57984	2.467222	0.677734	10.856298	-0.082928	-1.551329	-0.035668	-0.835985	0.260160	0.483163	-0.259659	-0.963206	0.069369	0.483432	-0.067466	0.872778
57985	2.569051	0.623522	10.953327	-0.047870	-2.067679	-0.075258	-0.825580	0.259473	0.501090	-0.260576	-0.962962	0.069321	0.500517	-0.073342	0.862614
57986	2.564862	0.700345	10.779895	0.038056	-2.580726	-0.156133	-0.811945	0.259034	0.523112	-0.261698	-0.962575	0.070452	0.521784	-0.079694	0.849347
57987	2.295864	1.039728	10.339797	0.102450	-3.162931	-0.241955	-0.794364	0.258764	0.549570	-0.263142	-0.962021	0.072612	0.547487	-0.086934	0.832286
57988	2.387050	0.868845	10.309607	0.087065	-3.843057	-0.382693	-0.771688	0.258959	0.580895	-0.265688	-0.961098	0.075499	0.577848	-0.096075	0.810470
57989	3.916508	0.060203	11.476286	0.268699	-4.353132	-0.492784	-0.744446	0.259349	0.615254	-0.267862	-0.960080	0.080596	0.611596	-0.104803	0.784198
57990	5.620176	-0.779530	11.934107	0.697206	-4.643659	-0.578516	-0.713620	0.259940	0.650522	-0.267728	-0.959316	0.089634	0.647355	-0.110199	0.754180
57991	8.103252	-0.173096	12.013146	0.935231	-4.800637	-0.665179	-0.679861	0.260973	0.685333	-0.266179	-0.958619	0.100986	0.683328	-0.113765	0.721194
57992	11.249561	-0.666842	12.978938	0.904965	-4.619467	-0.667959	-0.645709	0.262070	0.717203	-0.264308	-0.957906	0.112063	0.716381	-0.117203	0.687795
57993	11.746426	-1.510244	13.066253	1.103372	-4.322433	-0.731695	-0.612126	0.264027	0.745380	-0.260892	-0.957263	0.124829	0.746483	-0.118052	0.654848
57994	10.710192	-0.074928	11.843954	1.295318	-4.025007	-0.756241	-0.579524	0.266578	0.770122	-0.255585	-0.956763	0.138854	0.773840	-0.116362	0.622601
57995	9.389035	-0.943701	10.576944	1.059956	-3.894097	-0.871549	-0.546647	0.270414	0.792499	-0.252232	-0.955639	0.152096	0.798472	-0.116750	0.590604
57996	7.854692	-1.403358	10.013831	1.021251	-3.678134	-1.030207	-0.514233	0.275981	0.812034	-0.249461	-0.954006	0.166256	0.820569	-0.117076	0.559428
57997	6.210178	-1.609540	9.286140	1.106899	-3.507527	-1.237778	-0.481972	0.283723	0.828978	-0.246524	-0.951811	0.182433	0.840791	-0.116436	0.528691
57998	4.055894	-1.295309	9.579836	1.095392	-3.161373	-1.400601	-0.451627	0.293405	0.842583	-0.243788	-0.949025	0.199799	0.858255	-0.115177	0.500133
57999	0.674216	-2.754040	9.469605	0.948611	-2.510429	-1.264280	-0.426791	0.302553	0.852239	-0.241244	-0.946317	0.215140	0.871580	-0.113778	0.476868
58000	14.838210	0.579874	16.105438	0.087521	-1.788668	-0.478997	-0.409921	0.305036	0.859604	-0.242511	-0.944950	0.219675	0.879291	-0.118414	0.461329
58001	5.534226	-4.634960	16.153192	0.188355	0.267612	0.152606	-0.412585	0.303946	0.858714	-0.240354	-0.945607	0.219220	0.878637	-0.115949	0.463198
58002	-1.551761	-5.570908	9.499972	0.115002	0.829594	0.406989	-0.420781	0.301072	0.855745	-0.237680	-0.946956	0.216292	0.875472	-0.112381	0.470020
58003	-3.236805	-3.180811	7.463063	0.358253	0.860021	0.651248	-0.429769	0.295886	0.853083	-0.231943	-0.949258	0.212394	0.872640	-0.106587	0.476590
58004	-1.549657	-1.230114	8.768945	0.176304	0.790015	0.846580	-0.438541	0.288695	0.851080	-0.226763	-0.951904	0.206050	0.869633	-0.102632	0.482914
58005	-0.104837	0.035574	10.301524	-0.052359	1.079529	0.917166	-0.449914	0.281098	0.847680	-0.223313	-0.954431	0.197972	0.864702	-0.100228	0.492184
58006	0.494714	0.514233	10.895807	-0.271771	1.568619	0.900726	-0.465369	0.274081	0.841612	-0.221562	-0.956649	0.189031	0.856937	-0.098500	0.505921
58007	0.348522	0.720549	10.452309	-0.427879	2.018246	0.812661	-0.484318	0.268327	0.832729	-0.221507	-0.958403	0.179993	0.846387	-0.097281	0.523608
58008	0.409093	1.100524	10.024877	-0.520975	2.346238	0.692098	-0.505514	0.263989	0.821441	-0.222491	-0.959730	0.171510	0.833639	-0.096062	0.543892
58009	0.934651	1.476617	9.954554	-0.629353	2.577155	0.557176	-0.528025	0.261160	0.808075	-0.224956	-0.960562	0.163449	0.818892	-0.095476	0.565950
58010	1.951351	1.164640	10.322571	-0.440463	2.829571	0.450966	-0.551936	0.259516	0.792476	-0.226126	-0.961311	0.157316	0.802642	-0.092371	0.589266
58011	2.563245	1.845812	10.604903	-0.872572	3.004400	0.368655	-0.576588	0.258812	0.774960	-0.231094	-0.961431	0.149148	0.783672	-0.093092	0.614160
