// General information: 
//  MT Manager version: 2022.2.0 
//  XDA version: 2022.2.0 build 7381 rev 124627 built on 2023-07-19
// Device information: 
//  DeviceId: 00B4CB9F
//  ProductCode: MTW2-3A7G6
//  Firmware Version: 4.6.0
//  Hardware Version: 2.0.0
// Device settings: 
//  Filter Profile: human(46.1)
//  Option Flags: Orientation Smoother Disabled, Position/Velocity Smoother Disabled, Continuous Zero Rotation Update Disabled, AHS Disabled, ICC Disabled
// Coordinate system: ENU
PacketCounter	Acc_X	Acc_Y	Acc_Z	Gyr_X	Gyr_Y	Gyr_Z	Mat[1][1]	Mat[2][1]	Mat[3][1]	Mat[1][2]	Mat[2][2]	Mat[3][2]	Mat[1][3]	Mat[2][3]	Mat[3][3]
04556	9.683494	-0.674889	0.077856	-0.204499	-0.490413	-0.214766	-0.002804	-0.156432	0.987685	0.001447	-0.987688	-0.156429	0.999995	0.000990	0.002995
04557	9.811352	-1.312930	0.145592	-0.305263	-0.510919	-0.224348	0.002342	-0.154267	0.988026	-0.001554	-0.988029	-0.154263	0.999996	-0.001174	-0.002553
04558	9.962174	-1.953788	0.272771	-0.361105	-0.504732	-0.215853	0.007452	-0.152194	0.988323	-0.005107	-0.988343	-0.152159	0.999959	-0.003914	-0.008143
04559	10.009809	-2.383449	0.237002	-0.367146	-0.497741	-0.189958	0.012478	-0.150394	0.988547	-0.008707	-0.988603	-0.150292	0.999884	-0.006732	-0.013645
04560	10.036465	-2.546128	0.201661	-0.324461	-0.463895	-0.175020	0.017190	-0.148748	0.988726	-0.011879	-0.988832	-0.148557	0.999782	-0.009191	-0.018765
04561	9.923462	-2.615299	0.272185	-0.277165	-0.410922	-0.179417	0.021357	-0.147067	0.988896	-0.014563	-0.989062	-0.146777	0.999666	-0.011267	-0.023265
04562	9.733848	-2.452599	0.258352	-0.238838	-0.376482	-0.193591	0.025206	-0.145246	0.989074	-0.016859	-0.989310	-0.144851	0.999540	-0.013024	-0.027385
04563	9.679553	-2.337823	0.240272	-0.237390	-0.370907	-0.240765	0.028991	-0.142968	0.989303	-0.019115	-0.989617	-0.142453	0.999397	-0.014781	-0.031423
04564	9.501273	-2.447520	0.085513	-0.289048	-0.387490	-0.286384	0.032977	-0.140243	0.989568	-0.021869	-0.989971	-0.139571	0.999217	-0.017038	-0.035714
04565	9.484032	-2.538028	-0.123282	-0.316422	-0.432120	-0.313022	0.037402	-0.137276	0.989826	-0.024870	-0.990341	-0.136407	0.998991	-0.019515	-0.040455
04566	9.282916	-2.591203	-0.201633	-0.302433	-0.472070	-0.324042	0.042258	-0.134212	0.990051	-0.027716	-0.990713	-0.133119	0.998722	-0.021815	-0.045585
04567	9.240583	-2.644689	-0.024957	-0.267892	-0.520099	-0.334312	0.047582	-0.131072	0.990230	-0.030191	-0.991089	-0.129735	0.998411	-0.023723	-0.051115
04568	9.290758	-2.580118	0.144691	-0.219698	-0.549125	-0.348635	0.053227	-0.127799	0.990371	-0.032163	-0.991482	-0.126214	0.998064	-0.025135	-0.056884
04569	9.473894	-2.525302	0.120204	-0.152166	-0.581454	-0.366470	0.059182	-0.124368	0.990470	-0.033426	-0.991899	-0.122551	0.997687	-0.025854	-0.062860
04570	9.613241	-2.366949	0.263695	-0.138334	-0.549312	-0.385855	0.064847	-0.120733	0.990565	-0.034522	-0.992331	-0.118688	0.997298	-0.026500	-0.068518
04571	9.367845	-2.304249	0.430309	-0.078122	-0.558759	-0.405015	0.070592	-0.116917	0.990630	-0.034978	-0.992787	-0.114679	0.996892	-0.026554	-0.074172
04572	9.553609	-2.271764	0.605484	-0.042863	-0.592894	-0.425239	0.076704	-0.112900	0.990641	-0.035048	-0.993260	-0.110485	0.996438	-0.026245	-0.080144
04573	10.601797	-1.983850	0.821510	-0.037078	-0.616040	-0.438469	0.083027	-0.108761	0.990595	-0.035019	-0.993731	-0.106171	0.995932	-0.025874	-0.086315
04574	10.763040	-1.418973	0.863656	-0.043068	-0.558679	-0.445528	0.088800	-0.104526	0.990550	-0.035022	-0.994191	-0.101770	0.995434	-0.025653	-0.091945
04575	10.546599	-1.080665	1.282658	-0.043367	-0.496453	-0.468051	0.093935	-0.100056	0.990538	-0.034978	-0.994655	-0.097154	0.994964	-0.025521	-0.096933
04576	10.289346	-1.015493	1.972269	-0.055924	-0.405713	-0.502679	0.098201	-0.095207	0.990602	-0.035008	-0.995128	-0.092172	0.994551	-0.025628	-0.101056
04577	10.332658	-1.185252	2.635662	-0.105166	-0.292667	-0.523101	0.101325	-0.090134	0.990762	-0.035485	-0.995581	-0.086943	0.994220	-0.026348	-0.104076
04578	10.291241	-1.227125	2.941986	-0.156448	-0.189852	-0.521890	0.103455	-0.085037	0.990992	-0.036464	-0.995993	-0.081660	0.993966	-0.027687	-0.106141
04579	10.145422	-1.242796	3.319128	-0.224205	-0.107156	-0.500847	0.104733	-0.080136	0.991266	-0.038123	-0.996339	-0.076518	0.993769	-0.029777	-0.107405
04580	10.119412	-1.124883	3.570081	-0.350571	-0.013844	-0.479591	0.105114	-0.075411	0.991597	-0.041062	-0.996599	-0.071438	0.993612	-0.033207	-0.107854
04581	10.324085	-0.643444	3.345678	-0.494465	0.045598	-0.478671	0.104892	-0.070682	0.991969	-0.045424	-0.996771	-0.066220	0.993446	-0.038114	-0.107764
04582	10.346265	0.186198	2.889119	-0.705756	0.102956	-0.493612	0.104163	-0.065768	0.992383	-0.051877	-0.996812	-0.060617	0.993206	-0.045168	-0.107243
04583	9.994051	0.806335	2.188542	-0.916766	0.112234	-0.543038	0.103374	-0.060358	0.992810	-0.060370	-0.996698	-0.054308	0.992809	-0.054322	-0.106676
04584	10.071794	0.936600	1.919223	-1.089446	0.093898	-0.620052	0.102900	-0.054174	0.993215	-0.070501	-0.996402	-0.047043	0.992190	-0.065182	-0.106349
04585	10.165422	0.483920	2.286687	-1.223195	0.132346	-0.673248	0.102118	-0.047431	0.993641	-0.081896	-0.995873	-0.039121	0.991395	-0.077380	-0.105581
04586	10.356242	-0.423698	2.868367	-1.255347	0.240045	-0.703542	0.100409	-0.040279	0.994131	-0.093581	-0.995133	-0.030867	0.990536	-0.089932	-0.103689
04587	10.396709	-1.444867	3.698242	-1.166861	0.386035	-0.688426	0.097282	-0.033120	0.994706	-0.104408	-0.994271	-0.022895	0.989765	-0.101628	-0.100183
04588	10.657296	-2.541595	4.617323	-0.987725	0.571454	-0.646119	0.092382	-0.026143	0.995380	-0.113526	-0.993413	-0.015555	0.989231	-0.111565	-0.094741
04589	11.203374	-3.428136	5.403279	-0.722726	0.807018	-0.599588	0.085109	-0.019320	0.996184	-0.120096	-0.992722	-0.008992	0.989107	-0.118873	-0.086810
04590	11.956517	-3.828032	5.957133	-0.440656	1.088976	-0.550055	0.075057	-0.012596	0.997100	-0.123972	-0.992281	-0.003203	0.989443	-0.123372	-0.076040
04591	12.577878	-3.547579	6.306937	-0.159344	1.479637	-0.507947	0.061049	-0.005781	0.998118	-0.125156	-0.992135	0.001908	0.990257	-0.125037	-0.061292
04592	12.515249	-2.753005	7.080736	0.226520	1.981144	-0.511034	0.042100	0.001690	0.999112	-0.122603	-0.992432	0.006845	0.991562	-0.122782	-0.041574
04593	10.838727	-0.998046	6.490658	0.787297	2.280033	-0.567197	0.020146	0.009966	0.999747	-0.114563	-0.993341	0.012211	0.993212	-0.114780	-0.018870
04594	9.151977	0.804306	4.032666	1.213225	2.030157	-0.585413	0.000651	0.017936	0.999839	-0.102396	-0.994583	0.017909	0.994744	-0.102391	0.001189
04595	9.106250	1.331036	0.636422	1.231563	1.605289	-0.579861	-0.014770	0.025186	0.999574	-0.090127	-0.995647	0.023755	0.995821	-0.089738	0.016975
04596	10.183257	1.359813	-0.230105	0.742960	1.356557	-0.539362	-0.027763	0.031669	0.999113	-0.082794	-0.996137	0.029274	0.996180	-0.081908	0.030278
04597	11.722607	1.016245	0.241081	0.097545	1.369291	-0.406238	-0.041067	0.036765	0.998480	-0.081910	-0.996083	0.033308	0.995793	-0.080418	0.043918
04598	13.282281	0.320091	0.778688	-0.287291	1.550786	-0.229758	-0.056259	0.040266	0.997604	-0.084832	-0.995766	0.035408	0.994806	-0.082636	0.059436
04599	13.881761	-1.155063	0.206614	-0.525444	1.706827	-0.042457	-0.073189	0.042075	0.996430	-0.090029	-0.995309	0.035415	0.993246	-0.087116	0.076633
04600	13.581095	-2.967321	-0.696863	-0.627075	1.817457	0.141481	-0.091303	0.042248	0.994927	-0.096084	-0.994812	0.033425	0.991177	-0.092545	0.094888
04601	12.648113	-4.683470	-1.747914	-0.652261	1.794023	0.332269	-0.109393	0.040590	0.993170	-0.102153	-0.994335	0.029386	0.988736	-0.098240	0.112919
04602	11.560705	-5.936576	-2.502692	-0.349447	1.670649	0.484739	-0.126343	0.037382	0.991282	-0.104980	-0.994182	0.024111	0.986416	-0.101019	0.129533
04603	10.713486	-6.100260	-2.312750	0.250898	1.512736	0.574702	-0.141845	0.033103	0.989335	-0.101680	-0.994641	0.018703	0.984653	-0.097943	0.144450
04604	10.025986	-5.089352	-2.027816	0.915221	1.379887	0.575483	-0.155930	0.028609	0.987354	-0.091762	-0.995677	0.014358	0.983497	-0.088363	0.157881
04605	9.211159	-3.208070	-2.100314	1.540261	1.235549	0.522434	-0.168510	0.024327	0.985400	-0.075713	-0.997061	0.011667	0.982788	-0.072642	0.169857
04606	8.945696	-1.143602	-2.028921	2.019114	1.091711	0.463369	-0.179488	0.020334	0.983550	-0.055013	-0.998429	0.010602	0.982221	-0.052205	0.180324
04607	9.110616	0.262187	-1.730674	2.178197	1.025507	0.430290	-0.189736	0.016387	0.981698	-0.032774	-0.999409	0.010349	0.981288	-0.030210	0.190161
04608	8.893296	0.954940	-2.046922	2.026510	0.960522	0.438191	-0.199199	0.012150	0.979884	-0.011993	-0.999878	0.009960	0.979886	-0.009768	0.199321
04609	8.590279	1.425076	-2.048902	1.763446	0.837805	0.461461	-0.207402	0.007475	0.978227	0.006271	-0.999940	0.008971	0.978236	0.007995	0.207343
04610	9.114984	1.798249	-1.628015	1.480292	0.770870	0.478997	-0.214813	0.002520	0.976652	0.021806	-0.999735	0.007376	0.976412	0.022882	0.214701
04611	9.846809	1.982193	-1.354645	1.157674	0.732850	0.480152	-0.221810	-0.002555	0.975087	0.034208	-0.999401	0.005163	0.974490	0.034501	0.221765
04612	10.121443	1.818646	-1.278650	0.821127	0.672638	0.434519	-0.228134	-0.007202	0.973603	0.043237	-0.999061	0.002741	0.972669	0.042721	0.228231
04613	10.040247	1.339527	-1.529724	0.525174	0.603864	0.347096	-0.233822	-0.011006	0.972217	0.049203	-0.998789	0.000526	0.971034	0.047960	0.234080
04614	9.697966	0.913134	-1.581457	0.346234	0.557930	0.295417	-0.239027	-0.014279	0.970908	0.053319	-0.998576	-0.001559	0.969548	0.051395	0.239448
04615	9.347321	0.606986	-1.555201	0.259979	0.550391	0.310948	-0.244165	-0.017735	0.969571	0.056650	-0.998386	-0.003996	0.968078	0.053950	0.244776
04616	9.133467	0.486841	-1.424415	0.265294	0.562715	0.387782	-0.249325	-0.021962	0.968171	0.060231	-0.998159	-0.007131	0.966545	0.056536	0.250189
04617	8.894885	0.392626	-1.365317	0.378243	0.574333	0.476732	-0.254547	-0.027115	0.966680	0.065146	-0.997817	-0.010834	0.964864	0.060217	0.255757
04618	8.720896	0.272850	-1.170693	0.561497	0.556431	0.544804	-0.259479	-0.032944	0.965187	0.072017	-0.997295	-0.014679	0.963060	0.065701	0.261150
04619	8.604468	0.283258	-0.989260	0.738661	0.541139	0.580594	-0.264214	-0.039167	0.963669	0.080705	-0.996569	-0.018377	0.961082	0.072918	0.266468
04620	8.638226	0.340943	-0.694785	0.817300	0.530895	0.604216	-0.268736	-0.045637	0.962132	0.090220	-0.995678	-0.022029	0.958979	0.080884	0.271692
04621	8.779427	0.514298	-0.361283	0.789554	0.507390	0.644536	-0.272953	-0.052540	0.960592	0.099591	-0.994686	-0.026105	0.956858	0.088541	0.276735
04622	9.030062	0.700312	-0.187834	0.688187	0.497323	0.707848	-0.276913	-0.060076	0.959015	0.108174	-0.993648	-0.031011	0.954787	0.095153	0.281653
04623	9.360983	0.927639	0.033308	0.552122	0.499787	0.769639	-0.280785	-0.068264	0.957340	0.115648	-0.992606	-0.036860	0.952778	0.100365	0.286603
04624	9.537121	1.152982	0.358691	0.360672	0.506395	0.833896	-0.284557	-0.077096	0.955554	0.121497	-0.991624	-0.043825	0.950929	0.103627	0.291540
04625	9.539139	1.309261	0.813337	0.114198	0.520991	0.877708	-0.288389	-0.086392	0.953608	0.125159	-0.990778	-0.051909	0.949298	0.104383	0.296542
04626	9.498165	1.352274	1.335109	-0.142219	0.527508	0.880193	-0.292226	-0.095698	0.951549	0.126425	-0.990114	-0.060750	0.947956	0.102546	0.301436
04627	9.281531	1.291522	1.866122	-0.346826	0.510355	0.841749	-0.295964	-0.104597	0.949455	0.125677	-0.989610	-0.069844	0.946895	0.098653	0.306034
04628	9.015964	1.266523	2.181204	-0.499016	0.462198	0.753463	-0.299342	-0.112537	0.947486	0.123256	-0.989261	-0.078559	0.946151	0.093267	0.309998
04629	8.708759	1.099426	2.468175	-0.631253	0.375444	0.676172	-0.302036	-0.119616	0.945762	0.119381	-0.989033	-0.086964	0.945792	0.086640	0.313003
04630	8.653809	0.979137	2.592548	-0.732876	0.265569	0.605369	-0.303782	-0.125866	0.944391	0.114342	-0.988887	-0.095016	0.945855	0.079120	0.314797
04631	8.736281	0.897754	2.744220	-0.828818	0.177058	0.543989	-0.304814	-0.131430	0.943300	0.108221	-0.988798	-0.102799	0.946243	0.070750	0.315623
04632	8.840605	0.578358	2.909787	-0.899016	0.155171	0.492869	-0.305709	-0.136450	0.942297	0.101276	-0.988723	-0.110316	0.946724	0.061707	0.316080
04633	8.817335	0.141256	3.282502	-0.903264	0.197065	0.458670	-0.307090	-0.141149	0.941155	0.094193	-0.988592	-0.117530	0.947008	0.052558	0.316882
04634	9.058237	-0.369131	3.770318	-0.827453	0.242146	0.437350	-0.308928	-0.145634	0.939869	0.087763	-0.988356	-0.124300	0.947028	0.044086	0.318112
04635	9.495282	-1.031588	4.393612	-0.704821	0.302440	0.433108	-0.311387	-0.150089	0.938356	0.082498	-0.987990	-0.130651	0.946695	0.036729	0.320029
04636	9.943125	-1.744789	4.883683	-0.513359	0.379266	0.452265	-0.314554	-0.154730	0.936544	0.079115	-0.987466	-0.136571	0.945937	0.031136	0.322853
04637	10.013052	-2.294629	5.635259	-0.307081	0.486178	0.500408	-0.318722	-0.159865	0.934269	0.077863	-0.986759	-0.142284	0.944645	0.027396	0.326949
04638	9.726860	-2.666401	6.407097	-0.143255	0.558889	0.572692	-0.323493	-0.165706	0.931608	0.078410	-0.985855	-0.148128	0.942976	0.025129	0.331910
04639	9.500031	-2.884313	7.649899	-0.067731	0.601789	0.652989	-0.328612	-0.172340	0.928608	0.079967	-0.984757	-0.154462	0.941074	0.023500	0.337384
04640	9.541664	-3.203518	8.832635	-0.064258	0.670516	0.716728	-0.334278	-0.179591	0.925205	0.081799	-0.983501	-0.161353	0.938918	0.021745	0.343453
04641	9.088085	-3.272380	8.873065	0.059707	0.746842	0.809322	-0.340574	-0.187760	0.921279	0.085158	-0.981990	-0.168652	0.936353	0.021016	0.350430
04642	8.246860	-2.991788	8.733835	0.192108	0.770586	0.892734	-0.346940	-0.196728	0.917023	0.090084	-0.980223	-0.176204	0.933551	0.021477	0.357800
04643	7.778113	-2.393345	7.875418	0.295073	0.737105	0.852785	-0.352989	-0.205299	0.912826	0.095888	-0.978430	-0.182974	0.930701	0.022942	0.365061
04644	7.720454	-1.557315	6.667133	0.426403	0.668056	0.689940	-0.358457	-0.212252	0.909097	0.102367	-0.976875	-0.187714	0.927917	0.025774	0.371895
04645	8.123453	-0.526627	5.413466	0.555289	0.638151	0.470604	-0.363844	-0.217080	0.905811	0.109282	-0.975696	-0.189932	0.925027	0.029883	0.378724
04646	8.313176	0.610335	4.541218	0.616606	0.684149	0.255259	-0.369817	-0.219835	0.902723	0.115973	-0.974928	-0.189908	0.921838	0.034461	0.386040
04647	8.198994	1.514553	4.616763	0.584455	0.743049	0.062874	-0.376552	-0.220773	0.899704	0.121657	-0.974562	-0.188225	0.918372	0.038579	0.393832
04648	8.583129	1.916511	5.833841	0.589630	0.901880	-0.099609	-0.384883	-0.220212	0.896310	0.126742	-0.974530	-0.185005	0.914222	0.042395	0.402990
04649	6.833256	1.392121	4.884767	0.468639	0.984133	-0.065572	-0.393917	-0.220054	0.892416	0.130833	-0.974456	-0.182533	0.909787	0.044854	0.412645
04650	5.954208	0.091164	3.120393	0.068365	0.626339	0.029640	-0.399511	-0.220665	0.889774	0.131633	-0.974348	-0.182536	0.907229	0.044199	0.418309
04651	6.779848	-1.277519	2.082684	-0.246552	0.333740	0.104660	-0.402375	-0.221878	0.888181	0.129890	-0.974207	-0.184524	0.906214	0.041117	0.420816
04652	7.961595	-2.246655	2.416390	-0.348921	0.240312	0.112885	-0.404349	-0.223116	0.886973	0.127246	-0.974080	-0.187019	0.905710	0.037243	0.422259
04653	8.003256	-2.935224	1.954030	-0.375824	0.145155	0.053953	-0.405570	-0.223744	0.886257	0.124133	-0.974078	-0.189109	0.905596	0.033317	0.422831
04654	7.480718	-2.860309	-1.063290	-0.335375	-0.172095	0.053346	-0.403889	-0.224253	0.886896	0.121372	-0.974054	-0.191019	0.906721	0.030494	0.420627
04655	7.223184	-1.991463	-3.707922	-0.200506	-0.506458	0.019035	-0.399240	-0.224338	0.888977	0.119700	-0.974058	-0.192051	0.908999	0.029736	0.415736
04656	7.032678	-0.934222	-4.037744	-0.045088	-0.720266	-0.074478	-0.392714	-0.223439	0.892104	0.119057	-0.974226	-0.191597	0.911922	0.030968	0.409194
04657	7.015083	-0.655908	-3.464467	-0.003724	-0.896974	-0.136072	-0.384649	-0.221878	0.896000	0.118564	-0.974516	-0.190422	0.915417	0.032988	0.401154
04658	7.336259	-1.103481	-3.374002	-0.065043	-1.064808	-0.137156	-0.374984	-0.220225	0.900493	0.117508	-0.974829	-0.189472	0.919553	0.034766	0.391424
04659	8.140804	-1.329721	-2.706324	-0.056067	-1.216304	-0.138653	-0.363899	-0.218488	0.905450	0.116548	-0.975140	-0.188464	0.924118	0.036946	0.380317
04660	9.476415	-1.564383	-0.379439	0.163143	-1.252357	-0.182148	-0.352454	-0.216265	0.910497	0.117468	-0.975460	-0.186224	0.928427	0.041318	0.369209
04661	10.198568	-1.310794	2.927589	0.540162	-1.156593	-0.241361	-0.341947	-0.213437	0.915159	0.121721	-0.975721	-0.182081	0.931803	0.049132	0.359624
04662	11.027877	0.028185	5.501367	0.938050	-0.992021	-0.336582	-0.333056	-0.209653	0.919304	0.129396	-0.975906	-0.175682	0.933986	0.060442	0.352160
04663	12.227386	1.185412	6.704137	0.920969	-0.897309	-0.333848	-0.325074	-0.205851	0.923013	0.136973	-0.975979	-0.169423	0.935717	0.071353	0.345461
04664	14.049936	-0.579396	9.561986	-0.058676	-1.034196	-0.018102	-0.315344	-0.204971	0.926577	0.136425	-0.976045	-0.169484	0.939120	0.072963	0.335753
04665	16.451469	-4.581788	13.116979	-1.581489	-1.216760	0.470765	-0.303234	-0.208803	0.929758	0.123048	-0.976109	-0.179081	0.944938	0.060102	0.321682
04666	16.040296	-7.781074	9.227060	-2.071381	-1.234484	0.630397	-0.290752	-0.214365	0.932475	0.105343	-0.975826	-0.191485	0.950982	0.042555	0.306306
04667	10.584089	-6.037129	2.646240	-0.823174	-1.252856	0.517343	-0.278248	-0.218961	0.935219	0.099035	-0.975020	-0.198815	0.955390	0.037300	0.292982
04668	6.116274	-1.696908	-0.368064	0.321055	-1.300910	0.307673	-0.265429	-0.221480	0.938347	0.103003	-0.974201	-0.200806	0.958613	0.043352	0.281394
04669	5.654777	1.082001	-1.074008	0.967543	-1.332148	-0.015352	-0.252624	-0.220720	0.942053	0.112315	-0.973741	-0.198026	0.961024	0.055781	0.270780
04670	7.890662	3.188657	-1.411795	1.268364	-1.134500	-0.371518	-0.242092	-0.216428	0.945807	0.123652	-0.973737	-0.191169	0.962342	0.070670	0.262496
04671	9.961062	5.178284	0.078756	1.224273	-0.969529	-0.513334	-0.233383	-0.210722	0.949278	0.134281	-0.973868	-0.183167	0.963069	0.084722	0.255580
04672	10.843282	5.440715	0.798330	0.506470	-1.068403	-0.399803	-0.223568	-0.205926	0.952687	0.138307	-0.974239	-0.178128	0.964826	0.091940	0.246290
04673	11.261452	2.711497	0.044618	-0.434211	-1.268346	-0.206112	-0.211551	-0.202802	0.956095	0.133724	-0.975042	-0.177232	0.968176	0.090359	0.233390
04674	11.352547	-0.151780	-0.357519	-1.194761	-1.353822	-0.033334	-0.198396	-0.201355	0.959216	0.122118	-0.976122	-0.179646	0.972485	0.081497	0.218248
04675	9.967119	-1.919739	-0.348533	-1.506002	-1.303291	0.055354	-0.185590	-0.200952	0.961860	0.107608	-0.977135	-0.183380	0.976717	0.069470	0.202971
04676	8.340201	-3.520207	0.307377	-1.252324	-1.266459	0.055967	-0.173081	-0.200723	0.964237	0.095509	-0.977819	-0.186406	0.980266	0.059830	0.188413
04677	7.729752	-4.605587	1.429750	-0.820587	-1.299449	0.036394	-0.160251	-0.200378	0.966524	0.087574	-0.978203	-0.188279	0.983184	0.054470	0.174306
04678	9.037369	-5.053918	1.948376	-0.348104	-1.322354	0.023874	-0.147154	-0.199939	0.968695	0.084238	-0.978332	-0.189132	0.985520	0.053770	0.160808
04679	10.248362	-4.478900	2.218132	0.141852	-1.165212	0.020875	-0.135604	-0.199538	0.970462	0.085726	-0.978199	-0.189151	0.987047	0.057544	0.149753
04680	10.036965	-2.937321	2.314199	0.581998	-0.978584	0.021253	-0.125862	-0.199189	0.971845	0.091554	-0.977787	-0.188549	0.987814	0.065245	0.141303
04681	9.669097	-0.697928	2.802534	0.824120	-0.869767	0.026916	-0.117203	-0.198885	0.972989	0.099787	-0.977142	-0.187714	0.988082	0.075091	0.134370
04682	9.652840	0.673380	3.086596	0.721611	-0.815890	0.024077	-0.109055	-0.198514	0.974012	0.106997	-0.976507	-0.187043	0.988260	0.083819	0.127734
04683	9.714307	0.643442	3.055805	0.418713	-0.752627	-0.006966	-0.101584	-0.197835	0.974957	0.111187	-0.976145	-0.186491	0.988594	0.089458	0.121157
04684	9.766821	-0.148997	2.920029	0.041822	-0.669137	-0.031956	-0.094942	-0.196960	0.975804	0.111621	-0.976156	-0.186171	0.989205	0.091244	0.114663
04685	9.778377	-0.977534	2.660261	-0.234726	-0.584572	-0.033673	-0.089155	-0.196142	0.976514	0.109324	-0.976422	-0.186142	0.990000	0.090161	0.108496
04686	9.455663	-1.527006	2.270656	-0.369516	-0.561717	-0.021703	-0.083554	-0.195472	0.977144	0.105697	-0.976779	-0.186361	0.990882	0.087710	0.102275
04687	9.418277	-1.995162	1.749590	-0.480462	-0.580492	-0.019481	-0.077782	-0.194822	0.977750	0.100975	-0.977217	-0.186683	0.991844	0.084208	0.095682
04688	9.525001	-2.357126	1.187491	-0.545937	-0.595264	-0.029956	-0.071844	-0.194083	0.978351	0.095586	-0.977711	-0.186936	0.992825	0.080087	0.088794
04689	9.541883	-2.432028	0.730775	-0.546917	-0.599924	-0.045281	-0.065890	-0.193212	0.978942	0.090180	-0.978212	-0.186999	0.993743	0.075959	0.081878
04690	9.800804	-2.278836	0.444366	-0.496480	-0.591880	-0.070405	-0.060008	-0.192127	0.979534	0.085250	-0.978703	-0.186742	0.994551	0.072299	0.075108
04691	9.843810	-2.037417	0.185925	-0.408780	-0.555294	-0.072615	-0.054507	-0.191065	0.980063	0.081198	-0.979120	-0.186365	0.995206	0.069421	0.068883
04692	9.528609	-1.836079	-0.111546	-0.346492	-0.547209	-0.066425	-0.049052	-0.190083	0.980542	0.077764	-0.979470	-0.185985	0.995764	0.067128	0.062827
04693	9.453746	-1.913005	-0.257411	-0.292225	-0.559062	-0.062925	-0.043495	-0.189138	0.980987	0.074880	-0.979771	-0.185584	0.996244	0.065384	0.056778
04694	9.708061	-2.129094	-0.494359	-0.251979	-0.560603	-0.070363	-0.037901	-0.188129	0.981413	0.072390	-0.980055	-0.185073	0.996656	0.064030	0.050764
04695	9.823873	-2.079659	-0.723835	-0.208504	-0.549291	-0.054221	-0.032427	-0.187291	0.981769	0.070348	-0.980277	-0.184683	0.996995	0.063076	0.044963
04696	9.423355	-1.830002	-1.008650	-0.184785	-0.548085	-0.030650	-0.026924	-0.186690	0.982050	0.068545	-0.980439	-0.184504	0.997285	0.062347	0.039194
04697	9.752167	-1.754265	-1.115629	-0.213205	-0.605084	-0.024048	-0.020867	-0.186122	0.982305	0.066467	-0.980604	-0.184387	0.997570	0.061443	0.032833
04698	9.736463	-1.929375	-1.068227	-0.291444	-0.615567	-0.007117	-0.014671	-0.185722	0.982493	0.063606	-0.980782	-0.184449	0.997867	0.059786	0.026202
04699	9.598417	-2.069357	-1.098741	-0.338740	-0.622302	-0.008433	-0.008426	-0.185316	0.982643	0.060278	-0.980985	-0.184487	0.998146	0.057677	0.019437
04700	9.498842	-2.116113	-1.299546	-0.342007	-0.591449	-0.031676	-0.002482	-0.184715	0.982789	0.056910	-0.981225	-0.184277	0.998376	0.055473	0.012947
04701	9.597287	-2.105191	-1.138774	-0.296804	-0.550711	-0.066647	0.003019	-0.183803	0.982959	0.053999	-0.981499	-0.183696	0.998536	0.053634	0.006962
04702	9.694917	-1.963331	-0.918671	-0.268966	-0.495885	-0.103593	0.007975	-0.182568	0.983161	0.051366	-0.981819	-0.182736	0.998648	0.051959	0.001548
04703	9.666838	-1.823345	-0.836989	-0.240185	-0.468894	-0.116326	0.012640	-0.181228	0.983360	0.049032	-0.982143	-0.181634	0.998717	0.050511	-0.003528
04704	9.673519	-1.731827	-0.745493	-0.247542	-0.479068	-0.122829	0.017424	-0.179828	0.983544	0.046625	-0.982477	-0.180459	0.998761	0.049002	-0.008734
04705	9.664635	-1.690552	-0.668912	-0.260495	-0.502166	-0.127092	0.022422	-0.178380	0.983706	0.044099	-0.982819	-0.179224	0.998775	0.047399	-0.014170
04706	9.255120	-1.724939	-0.617874	-0.259739	-0.525976	-0.134308	0.027676	-0.176859	0.983847	0.041585	-0.983168	-0.177907	0.998752	0.045837	-0.019855
04707	9.663642	-1.821194	-0.367250	-0.297503	-0.563523	-0.126025	0.033294	-0.175410	0.983932	0.038703	-0.983513	-0.176645	0.998696	0.043962	-0.025956
04708	9.191778	-1.982340	-0.264047	-0.328211	-0.582925	-0.126777	0.039126	-0.173957	0.983976	0.035517	-0.983865	-0.175350	0.998603	0.041809	-0.032316
04709	9.353623	-2.263580	0.034566	-0.319793	-0.618398	-0.123757	0.045299	-0.172531	0.983962	0.032426	-0.984200	-0.174065	0.998447	0.039791	-0.038989
04710	9.355613	-2.469992	0.201768	-0.312007	-0.617596	-0.119755	0.051485	-0.171157	0.983898	0.029414	-0.984517	-0.172804	0.998240	0.037838	-0.045654
04711	9.431286	-2.378084	0.187051	-0.299006	-0.618654	-0.119195	0.057667	-0.169799	0.983790	0.026545	-0.984821	-0.171533	0.997983	0.036006	-0.052284
04712	9.436514	-2.515981	0.100392	-0.282321	-0.595027	-0.121454	0.063631	-0.168439	0.983656	0.023846	-0.985116	-0.170232	0.997689	0.034288	-0.058667
04713	9.634674	-2.475166	0.044406	-0.240301	-0.580657	-0.131365	0.069432	-0.166995	0.983510	0.021585	-0.985407	-0.168841	0.997353	0.032952	-0.064814
04714	9.880488	-2.200054	-0.003037	-0.191139	-0.567669	-0.160772	0.075116	-0.165271	0.983383	0.019839	-0.985727	-0.167180	0.996977	0.032067	-0.070765
04715	10.128838	-1.698179	0.085178	-0.174336	-0.534030	-0.182541	0.080443	-0.163348	0.983283	0.018292	-0.986072	-0.165308	0.996591	0.031284	-0.076335
04716	10.178682	-1.228727	0.284905	-0.152379	-0.499053	-0.219663	0.085434	-0.161072	0.983238	0.016999	-0.986467	-0.163078	0.996199	0.030647	-0.081539
04717	9.937780	-0.997326	0.591365	-0.128504	-0.444333	-0.251129	0.089856	-0.158505	0.983261	0.015987	-0.986898	-0.160552	0.995826	0.030146	-0.086144
04718	9.592411	-1.036039	0.807157	-0.138300	-0.412402	-0.273587	0.093976	-0.155727	0.983320	0.014905	-0.987360	-0.157791	0.995463	0.029485	-0.090467
04719	9.663345	-1.341952	1.027992	-0.194404	-0.368689	-0.270161	0.097644	-0.152998	0.983391	0.013276	-0.987824	-0.155006	0.995133	0.028191	-0.094424
04720	9.065435	-1.799038	0.687325	-0.310595	-0.383267	-0.256323	0.101483	-0.150408	0.983402	0.010484	-0.988288	-0.152237	0.994782	0.025759	-0.098718
04721	8.890462	-2.220273	0.308093	-0.414760	-0.454497	-0.233452	0.106019	-0.148036	0.983283	0.006648	-0.988728	-0.149573	0.994342	0.022395	-0.103840
04722	8.641675	-2.752756	0.017360	-0.471749	-0.529115	-0.222892	0.111325	-0.145770	0.983035	0.002243	-0.989144	-0.146930	0.993782	0.018562	-0.109789
04723	8.886523	-3.346386	-0.207132	-0.531227	-0.604550	-0.223825	0.117365	-0.143503	0.982666	-0.002732	-0.989547	-0.144182	0.993085	0.014238	-0.116530
04724	9.372746	-3.641042	-0.420048	-0.554612	-0.650904	-0.232640	0.123894	-0.141169	0.982202	-0.007915	-0.989938	-0.141283	0.992264	0.009730	-0.123765
04725	9.252153	-3.587633	-0.577734	-0.530391	-0.660469	-0.267628	0.130506	-0.138518	0.981723	-0.012789	-0.990345	-0.138034	0.991365	0.005459	-0.131017
04726	10.105822	-3.221464	-0.455639	-0.508906	-0.668416	-0.321056	0.137232	-0.135362	0.981246	-0.017361	-0.990795	-0.134251	0.990387	0.001388	-0.138319
04727	10.174284	-2.520672	-0.069118	-0.436220	-0.634840	-0.383193	0.143622	-0.131617	0.980841	-0.021096	-0.991299	-0.129931	0.989408	-0.002030	-0.145149
04728	10.498592	-1.572077	0.590181	-0.349536	-0.604274	-0.431429	0.149750	-0.127407	0.980481	-0.023879	-0.991840	-0.125236	0.988436	-0.004659	-0.151570
04729	10.649895	-0.719432	1.291832	-0.300976	-0.551022	-0.471805	0.155342	-0.122810	0.980197	-0.026089	-0.992406	-0.120205	0.987516	-0.006899	-0.157366
04730	10.827190	-0.342604	2.054960	-0.310117	-0.484137	-0.495148	0.160310	-0.117981	0.979990	-0.028329	-0.992972	-0.114910	0.986660	-0.009341	-0.162526
04731	11.154416	-0.313648	2.524676	-0.371651	-0.410079	-0.502643	0.164532	-0.113085	0.979868	-0.031134	-0.993507	-0.109431	0.985880	-0.012502	-0.166984
04732	11.155735	-0.430527	2.820461	-0.467002	-0.304075	-0.476278	0.167740	-0.108445	0.979849	-0.034906	-0.993961	-0.104031	0.985213	-0.016752	-0.170512
04733	10.918084	-0.614826	3.236217	-0.564408	-0.174028	-0.435113	0.169641	-0.104204	0.979981	-0.039687	-0.994310	-0.098858	0.984707	-0.022122	-0.172811
04734	10.511925	-0.895502	3.853594	-0.644114	-0.008881	-0.397633	0.169951	-0.100301	0.980335	-0.045315	-0.994550	-0.093900	0.984410	-0.028465	-0.173569
04735	10.436276	-0.918980	4.290326	-0.754605	0.153541	-0.370579	0.168640	-0.096617	0.980931	-0.052071	-0.994668	-0.089018	0.984301	-0.036066	-0.172772
04736	10.887140	-0.840653	4.654544	-0.838269	0.336463	-0.364211	0.165584	-0.092908	0.981809	-0.059675	-0.994672	-0.084061	0.984388	-0.044670	-0.170247
04737	11.058889	-0.482333	5.024350	-0.923948	0.563201	-0.385194	0.160301	-0.088851	0.983061	-0.068099	-0.994563	-0.078786	0.984716	-0.054316	-0.165480
04738	10.939396	0.076308	4.425863	-1.094582	0.709422	-0.446217	0.153692	-0.084038	0.984539	-0.078140	-0.994290	-0.072672	0.985024	-0.065762	-0.159382
04739	10.953333	0.800233	4.092372	-1.195252	0.796326	-0.552620	0.146320	-0.078024	0.986156	-0.089040	-0.993877	-0.065424	0.985222	-0.078234	-0.152371
04740	11.034301	1.141725	4.580021	-1.225348	0.906602	-0.670071	0.138072	-0.070651	0.987899	-0.100120	-0.993339	-0.057047	0.985349	-0.091032	-0.144226
04741	11.197393	0.954401	5.472811	-1.244904	1.087836	-0.779951	0.128182	-0.061897	0.989817	-0.111303	-0.992643	-0.047660	0.985485	-0.104061	-0.134128
04742	11.236650	0.534586	6.322548	-1.166324	1.357374	-0.875736	0.115873	-0.051765	0.991914	-0.121689	-0.991858	-0.037547	0.985782	-0.116355	-0.121229
04743	11.031385	0.333366	6.901921	-0.910104	1.730601	-0.970989	0.100025	-0.040091	0.994177	-0.129569	-0.991204	-0.026935	0.986512	-0.126120	-0.104340
04744	10.910244	0.576174	7.621867	-0.566419	2.138889	-1.057981	0.080356	-0.026896	0.996403	-0.134164	-0.990831	-0.015926	0.987696	-0.132401	-0.083227
04745	9.960700	1.553808	6.122954	-0.222759	2.291206	-1.127516	0.059223	-0.012712	0.998164	-0.135530	-0.990763	-0.004577	0.989002	-0.135010	-0.060399
04746	10.008406	1.667378	2.762061	-0.427044	1.963338	-1.120413	0.041389	0.001024	0.999143	-0.139146	-0.990249	0.006779	0.989407	-0.139307	-0.040843
04747	11.806696	0.555363	-0.779970	-1.126502	1.702167	-1.002981	0.025995	0.013361	0.999573	-0.149899	-0.988553	0.017112	0.988360	-0.150280	-0.023695
04748	13.485562	-0.813267	-1.728293	-1.677574	1.754114	-0.863623	0.010091	0.024609	0.999646	-0.166259	-0.985741	0.025945	0.986031	-0.166462	-0.005855
04749	14.782166	-2.572369	-1.239572	-2.089170	1.886206	-0.675970	-0.007293	0.034535	0.999377	-0.186763	-0.981865	0.032567	0.982378	-0.186409	0.013610
04750	15.466037	-5.775676	-1.596447	-2.421031	1.925388	-0.386689	-0.025346	0.042074	0.998793	-0.210502	-0.976937	0.035812	0.977265	-0.209340	0.033618
04751	14.441784	-9.597494	-2.470557	-2.165500	1.870222	-0.084652	-0.043400	0.046945	0.997954	-0.231586	-0.972161	0.035660	0.971846	-0.229565	0.053063
04752	13.015093	-12.387740	-2.796899	-1.317134	1.695576	0.196620	-0.060270	0.048971	0.996980	-0.244210	-0.969166	0.032841	0.967848	-0.241494	0.070370
04753	12.470917	-13.447158	-3.187402	-0.063194	1.530469	0.507057	-0.076327	0.047683	0.995942	-0.244423	-0.969274	0.027674	0.966660	-0.241319	0.085636
04754	11.693938	-12.338241	-3.424755	1.325278	1.478867	0.750483	-0.092378	0.043804	0.994760	-0.230916	-0.972738	0.021391	0.968578	-0.227730	0.099974
04755	11.077351	-9.335973	-3.539910	2.523092	1.439679	0.861227	-0.108244	0.038421	0.993382	-0.205507	-0.978534	0.015454	0.972651	-0.202474	0.113816
04756	10.598861	-5.730489	-3.568668	3.402721	1.368287	0.879402	-0.123198	0.032267	0.991857	-0.171254	-0.985168	0.010778	0.977494	-0.168532	0.126897
04757	10.618079	-2.116515	-3.240267	3.944173	1.313632	0.887364	-0.137418	0.025373	0.990188	-0.131397	-0.991304	0.007166	0.981759	-0.129123	0.139557
04758	10.515955	0.393447	-2.465032	4.070997	1.350223	0.870620	-0.151607	0.018135	0.988274	-0.090059	-0.995926	0.004460	0.984330	-0.088327	0.152623
04759	10.043517	1.884422	-1.982832	3.900299	1.373757	0.813435	-0.165705	0.010890	0.986115	-0.050301	-0.998731	0.002577	0.984892	-0.049176	0.166042
04760	9.575490	3.192939	-1.571452	3.551756	1.311801	0.732571	-0.178801	0.003930	0.983877	-0.014018	-0.999901	0.001446	0.983785	-0.013534	0.178838
04761	9.665183	4.057095	-1.472755	3.101252	1.164852	0.660524	-0.190229	-0.002769	0.981736	0.017738	-0.999842	0.000617	0.981580	0.017532	0.190248
04762	10.050343	4.649447	-1.178189	2.611152	1.043249	0.601283	-0.200211	-0.009144	0.979710	0.044563	-0.999007	-0.000217	0.978739	0.043616	0.200420
04763	9.805557	4.823752	-0.724405	1.956523	0.995656	0.536557	-0.209635	-0.015097	0.977663	0.064842	-0.997894	-0.001506	0.975627	0.063078	0.210173
04764	9.153042	4.427317	-0.559318	1.260919	0.945894	0.456335	-0.218465	-0.020348	0.975633	0.078159	-0.996935	-0.003291	0.972710	0.075536	0.219386
04765	8.814061	3.591509	-0.667510	0.687996	0.889012	0.386104	-0.226770	-0.024957	0.973628	0.085763	-0.996300	-0.005563	0.970165	0.082240	0.228071
04766	8.911935	2.529974	-0.911911	0.278815	0.841951	0.356115	-0.234559	-0.029251	0.971662	0.089344	-0.995965	-0.008415	0.967988	0.084838	0.236226
04767	9.127032	1.445828	-1.127036	0.055077	0.830856	0.343800	-0.242266	-0.033438	0.969633	0.090757	-0.995805	-0.011665	0.965956	0.085175	0.244285
04768	9.127329	0.569479	-1.277720	-0.050126	0.825394	0.327612	-0.249875	-0.037443	0.967554	0.091137	-0.995725	-0.014997	0.963980	0.084433	0.252219
04769	8.975504	0.075570	-1.544000	-0.048534	0.813988	0.295031	-0.257424	-0.041121	0.965423	0.091480	-0.995644	-0.018016	0.961959	0.083679	0.260064
04770	8.642684	0.026157	-1.709258	0.020646	0.806341	0.264714	-0.264870	-0.044474	0.963258	0.092428	-0.995507	-0.020548	0.959844	0.083589	0.267791
04771	8.414922	0.133949	-1.720040	0.122494	0.792574	0.239004	-0.272224	-0.047575	0.961057	0.094306	-0.995288	-0.022557	0.957602	0.084493	0.275427
04772	8.342421	0.339730	-1.640164	0.235740	0.750419	0.249404	-0.279104	-0.050741	0.958919	0.097307	-0.994957	-0.024326	0.955318	0.086520	0.282634
04773	8.506152	0.503096	-1.352945	0.303552	0.672251	0.293077	-0.285203	-0.054302	0.956928	0.101093	-0.994529	-0.026306	0.953121	0.089236	0.289132
04774	8.812596	0.567672	-1.060511	0.298566	0.583139	0.349485	-0.290337	-0.058348	0.955144	0.105000	-0.994055	-0.028807	0.951146	0.091927	0.294737
04775	8.930130	0.385843	-0.823980	0.245515	0.517892	0.409031	-0.294793	-0.062948	0.953486	0.108593	-0.993570	-0.032020	0.949371	0.094102	0.299733
04776	8.741692	0.290995	-0.572401	0.179059	0.494620	0.479181	-0.298898	-0.068219	0.951843	0.111773	-0.993079	-0.036075	0.947717	0.095608	0.304455
04777	8.344075	0.234950	-0.369408	0.133347	0.493101	0.562479	-0.302900	-0.074330	0.950119	0.114791	-0.992541	-0.041053	0.946084	0.096630	0.309173
04778	7.975675	0.329399	-0.115356	0.115649	0.466664	0.655142	-0.306490	-0.081325	0.948393	0.117940	-0.991911	-0.046943	0.944539	0.097466	0.313603
04779	7.849360	0.460004	0.434723	0.117379	0.436466	0.736749	-0.309696	-0.089110	0.946651	0.121381	-0.991158	-0.053589	0.943056	0.098309	0.317774
04780	7.929215	0.794631	1.109100	0.084164	0.399266	0.762347	-0.312462	-0.097098	0.944955	0.124605	-0.990356	-0.060561	0.941722	0.098823	0.321548
04781	8.203006	1.013353	1.210420	0.079441	0.340669	0.733286	-0.314709	-0.104745	0.943391	0.127716	-0.989527	-0.067263	0.940557	0.099318	0.324791
04782	8.449183	1.227064	1.392462	0.019452	0.233038	0.663528	-0.315986	-0.111582	0.942180	0.130051	-0.988780	-0.073485	0.939808	0.099311	0.326952
04783	8.748588	1.521342	1.491707	-0.168623	0.087998	0.573158	-0.316032	-0.117384	0.941459	0.130341	-0.988279	-0.079468	0.939753	0.097596	0.327627
04784	8.948273	1.691074	1.365153	-0.388514	-0.033347	0.483604	-0.315034	-0.122172	0.941184	0.128275	-0.988062	-0.085321	0.940372	0.093851	0.326945
04785	8.843459	1.672891	1.273254	-0.574419	-0.069515	0.409266	-0.313827	-0.126201	0.941056	0.124221	-0.988066	-0.091080	0.941319	0.088316	0.325759
04786	8.602334	1.614120	1.492754	-0.767667	-0.066528	0.345252	-0.312724	-0.129599	0.940961	0.118132	-0.988263	-0.096853	0.942470	0.080869	0.324363
04787	8.420547	1.577009	2.255365	-0.943869	-0.032597	0.299049	-0.312039	-0.132577	0.940774	0.110228	-0.988581	-0.102753	0.943653	0.071637	0.323089
04788	9.032240	1.309342	3.875578	-1.079714	0.028425	0.236959	-0.311999	-0.134982	0.940445	0.100833	-0.988970	-0.108495	0.944717	0.060978	0.322168
04789	10.480573	0.430227	6.010451	-1.117698	0.177484	0.169908	-0.313478	-0.136808	0.939689	0.090867	-0.989348	-0.113725	0.945238	0.049736	0.322570
04790	11.850198	-1.110549	8.228630	-1.068692	0.390606	0.178143	-0.316959	-0.138788	0.938230	0.081388	-0.989566	-0.118887	0.944941	0.038678	0.324948
04791	12.670459	-2.451347	10.170395	-1.087563	0.626546	0.320616	-0.322597	-0.142214	0.935792	0.072208	-0.989465	-0.125479	0.943778	0.027093	0.329468
04792	12.022092	-3.154369	11.356400	-1.052613	0.859062	0.608109	-0.330225	-0.148458	0.932154	0.064330	-0.988797	-0.134690	0.941708	0.015487	0.336076
04793	9.709768	-3.910338	12.360352	-0.898988	1.090459	0.865914	-0.339916	-0.157177	0.927228	0.058847	-0.987558	-0.145830	0.938613	0.004994	0.344936
04794	7.074575	-4.331772	11.413496	-0.580619	1.132944	0.904450	-0.349953	-0.166163	0.921913	0.056588	-0.986095	-0.156251	0.935057	-0.002511	0.354490
04795	6.274082	-3.758906	9.461093	-0.079019	0.918628	0.825090	-0.358030	-0.174313	0.917295	0.058841	-0.984679	-0.164151	0.931854	-0.004796	0.362801
04796	6.544223	-2.250287	8.189456	0.510147	0.707362	0.745916	-0.364089	-0.181679	0.913472	0.066342	-0.983357	-0.169136	0.928998	-0.000979	0.370083
04797	7.984012	-1.109450	9.825627	0.914557	0.727703	0.670884	-0.370336	-0.188346	0.909603	0.077359	-0.982080	-0.171858	0.925671	0.006720	0.378270
04798	5.948410	-0.333188	7.943151	0.895917	0.953788	0.434372	-0.378731	-0.192754	0.905212	0.087322	-0.981151	-0.172390	0.921378	0.013755	0.388424
04799	3.493229	0.909197	2.218929	0.353838	0.155970	-0.138555	-0.380274	-0.191471	0.904837	0.090127	-0.981351	-0.169784	0.920472	0.016986	0.390439
04800	5.228525	1.545730	-3.516319	-0.179823	-0.661943	-0.455446	-0.374519	-0.186934	0.908180	0.086813	-0.982233	-0.166377	0.923146	0.016530	0.384094
04801	8.187149	1.740558	-5.554825	-0.385455	-0.792535	-0.450742	-0.367552	-0.182434	0.911934	0.081647	-0.983115	-0.163766	0.926412	0.014265	0.376241
04802	9.379049	1.257392	-7.251045	-0.418941	-0.757861	-0.323293	-0.360719	-0.179203	0.915297	0.076644	-0.983744	-0.162398	0.929520	0.011572	0.368590
04803	9.155986	0.766955	-7.811202	-0.341062	-0.854719	-0.191992	-0.352881	-0.177271	0.918722	0.072853	-0.984113	-0.161906	0.932828	0.009798	0.360189
04804	8.932505	0.729867	-5.527560	-0.353639	-0.947605	-0.166274	-0.344086	-0.175597	0.922372	0.069030	-0.984429	-0.161660	0.936397	0.008046	0.350850
04805	10.105272	0.436735	-0.717167	-0.424062	-0.837619	-0.140604	-0.336294	-0.174203	0.925505	0.064641	-0.984695	-0.161856	0.939536	0.005395	0.342408
04806	11.185163	-1.494131	3.569256	-0.432790	-0.675894	-0.064260	-0.329920	-0.173591	0.927911	0.060416	-0.984815	-0.162755	0.942074	0.002365	0.335398
04807	12.026052	-4.467499	4.203090	-0.199438	-0.740412	-0.031152	-0.322923	-0.173315	0.930421	0.058500	-0.984865	-0.163153	0.944615	0.001744	0.328175
04808	13.620669	-5.517097	2.600920	0.148172	-1.063312	-0.131757	-0.312883	-0.172028	0.934083	0.059544	-0.985079	-0.161475	0.947923	0.005096	0.318458
04809	15.538073	-4.020066	2.857009	0.346887	-1.276831	-0.129130	-0.300803	-0.170703	0.938285	0.062508	-0.985264	-0.159210	0.951636	0.010760	0.307041
04810	14.190228	-2.269625	3.494440	0.522444	-1.151122	0.051728	-0.289740	-0.171094	0.941689	0.067700	-0.985092	-0.158149	0.954708	0.017931	0.297004
04811	10.406131	-0.576628	2.521782	0.664018	-1.007183	0.172091	-0.279943	-0.172640	0.944366	0.074685	-0.984633	-0.157862	0.957107	0.026338	0.288534
04812	7.897292	1.338656	1.174412	0.562345	-1.108751	0.167693	-0.269128	-0.174003	0.947255	0.080594	-0.984163	-0.157885	0.959726	0.033852	0.278890
04813	7.830870	2.895835	0.682434	0.329129	-1.235941	0.067240	-0.257158	-0.174258	0.950528	0.083999	-0.983915	-0.157653	0.962712	0.039301	0.267659
04814	8.806584	3.338977	0.001389	-0.044135	-1.295227	-0.096936	-0.244690	-0.172828	0.954074	0.083388	-0.984091	-0.156879	0.966009	0.041171	0.255209
04815	9.571301	2.795054	-0.055909	-0.582675	-1.361141	-0.242186	-0.231662	-0.169968	0.957833	0.077306	-0.984721	-0.156042	0.969720	0.037897	0.241262
04816	10.191822	1.208099	0.551630	-0.977236	-1.419285	-0.286220	-0.218020	-0.166706	0.961601	0.067224	-0.985528	-0.155613	0.973626	0.030715	0.226071
04817	10.272186	-0.970907	0.871583	-1.078441	-1.428574	-0.211336	-0.204178	-0.164283	0.965051	0.056319	-0.986157	-0.155960	0.977312	0.022507	0.210604
04818	9.836786	-2.984179	0.556741	-0.971323	-1.420132	-0.067375	-0.190252	-0.163396	0.968042	0.046733	-0.986442	-0.157317	0.980622	0.015310	0.195309
04819	9.315371	-3.637149	0.483862	-0.681257	-1.386752	0.090489	-0.176542	-0.164168	0.970506	0.040362	-0.986371	-0.159510	0.983465	0.011011	0.180762
04820	9.083701	-3.451097	1.040334	-0.328907	-1.316883	0.173789	-0.163451	-0.165790	0.972521	0.037474	-0.986110	-0.161809	0.985840	0.009996	0.167393
