// General information: 
//  MT Manager version: 2022.2.0 
//  XDA version: 2022.2.0 build 7381 rev 124627 built on 2023-07-19
// Device information: 
//  DeviceId: 00B4CB9F
//  ProductCode: MTW2-3A7G6
//  Firmware Version: 4.6.0
//  Hardware Version: 2.0.0
// Device settings: 
//  Filter Profile: human(46.1)
//  Option Flags: Orientation Smoother Disabled, Position/Velocity Smoother Disabled, Continuous Zero Rotation Update Disabled, AHS Disabled, ICC Disabled
// Coordinate system: ENU
PacketCounter	Acc_X	Acc_Y	Acc_Z	Gyr_X	Gyr_Y	Gyr_Z	Mat[1][1]	Mat[2][1]	Mat[3][1]	Mat[1][2]	Mat[2][2]	Mat[3][2]	Mat[1][3]	Mat[2][3]	Mat[3][3]
14079	9.733243	-0.182126	-0.580707	-0.442545	-0.207375	-0.027676	0.166288	0.004648	0.986066	0.148636	0.988445	-0.029725	-0.974810	0.151508	0.163676
14080	9.750098	-0.475553	-0.475323	-0.401189	-0.237278	-0.036958	0.163890	0.004655	0.986468	0.152614	0.987830	-0.030017	-0.974602	0.155468	0.161185
14081	9.716626	-0.788685	-0.379098	-0.348747	-0.256733	-0.036389	0.161155	0.004677	0.986918	0.156002	0.987296	-0.030152	-0.974522	0.158820	0.158379
14082	9.669935	-1.025915	-0.189929	-0.267127	-0.281681	-0.028458	0.158335	0.004855	0.987373	0.158657	0.986869	-0.030294	-0.974555	0.161450	0.155486
14083	9.636585	-1.127421	0.073486	-0.153494	-0.305544	-0.017303	0.155177	0.005200	0.987873	0.160169	0.986623	-0.030354	-0.974816	0.162937	0.152269
14084	9.647377	-1.189027	0.339604	-0.055898	-0.316270	-0.003941	0.152057	0.005686	0.988355	0.160727	0.986531	-0.030403	-0.975216	0.163478	0.149095
14085	9.613499	-1.088248	0.568001	0.057588	-0.324046	0.012365	0.148700	0.006444	0.988861	0.160206	0.986612	-0.030520	-0.975819	0.162959	0.145677
14086	9.793494	-0.951732	1.054322	0.168810	-0.332482	0.024208	0.145462	0.007230	0.989337	0.158529	0.986882	-0.030521	-0.976581	0.161278	0.142407
14087	9.887207	-0.697154	1.368474	0.261397	-0.307967	0.034569	0.142224	0.008341	0.989799	0.156188	0.987248	-0.030762	-0.977434	0.158970	0.139108
14088	9.753675	-0.339926	1.754347	0.356652	-0.262498	0.044624	0.139693	0.009204	0.990152	0.152645	0.987804	-0.030718	-0.978358	0.155433	0.136585
14089	9.578013	-0.054111	1.987128	0.414390	-0.238354	0.045749	0.137467	0.010046	0.990455	0.148565	0.988428	-0.030645	-0.979301	0.151360	0.134384
14090	9.611868	0.132156	2.292117	0.424792	-0.211238	0.049783	0.135438	0.010863	0.990726	0.144343	0.989055	-0.030578	-0.980215	0.147146	0.132388
14091	9.641031	0.185672	2.547133	0.388024	-0.171926	0.049978	0.133653	0.011799	0.990958	0.140664	0.989580	-0.030754	-0.980995	0.143503	0.130601
14092	9.690009	0.164788	2.732702	0.313318	-0.127734	0.054495	0.132443	0.012530	0.991111	0.137526	0.990016	-0.030894	-0.981603	0.140396	0.129398
14093	9.713721	0.146521	2.691007	0.221208	-0.086578	0.056511	0.131612	0.013383	0.991211	0.135521	0.990278	-0.031364	-0.981994	0.138458	0.128518
14094	9.735438	-0.030726	2.658676	0.137576	-0.048610	0.058626	0.131181	0.014041	0.991259	0.134103	0.990458	-0.031777	-0.982246	0.137099	0.128046
14095	9.691532	-0.185219	2.570339	0.074688	-0.021298	0.060341	0.130991	0.014808	0.991273	0.133486	0.990520	-0.032436	-0.982356	0.136570	0.127773
14096	9.634517	-0.343909	2.516649	0.013501	-0.000296	0.057378	0.131032	0.015388	0.991259	0.133289	0.990528	-0.032996	-0.982377	0.136447	0.127740
14097	9.639699	-0.509977	2.414328	-0.039143	0.022472	0.058869	0.131272	0.015949	0.991218	0.133574	0.990468	-0.033627	-0.982306	0.136816	0.127890
14098	9.645728	-0.594167	2.377257	-0.082966	0.056740	0.043541	0.131854	0.016314	0.991135	0.134343	0.990346	-0.034173	-0.982123	0.137658	0.128390
14099	9.507090	-0.600367	2.330979	-0.102167	0.082350	0.025269	0.132556	0.016501	0.991038	0.135282	0.990203	-0.034582	-0.981900	0.138654	0.129025
14100	9.520457	-0.530076	2.183992	-0.123673	0.095495	0.016179	0.133482	0.016540	0.990913	0.136486	0.990027	-0.034911	-0.981608	0.139906	0.129893
14101	9.532939	-0.513389	1.996086	-0.137833	0.104759	0.001072	0.134492	0.016413	0.990779	0.137793	0.989839	-0.035102	-0.981287	0.141243	0.130864
14102	9.562233	-0.466872	1.743458	-0.153542	0.110926	-0.008784	0.135534	0.016181	0.990641	0.139322	0.989620	-0.035225	-0.980928	0.142792	0.131873
14103	9.634054	-0.506155	1.518876	-0.158062	0.117467	-0.017791	0.136701	0.015955	0.990484	0.141108	0.989361	-0.035412	-0.980511	0.144606	0.132995
14104	9.638602	-0.516775	1.289140	-0.151257	0.114961	-0.025377	0.137758	0.015550	0.990344	0.142637	0.989143	-0.035372	-0.980142	0.146132	0.134044
14105	9.682034	-0.537380	1.073087	-0.132433	0.111595	-0.029009	0.138738	0.015180	0.990213	0.144020	0.988944	-0.035339	-0.979801	0.147513	0.135018
14106	9.670684	-0.601622	0.886224	-0.118561	0.094953	-0.029247	0.139591	0.014763	0.990099	0.145234	0.988770	-0.035220	-0.979501	0.148712	0.135880
14107	9.732467	-0.686967	0.780081	-0.107354	0.079663	-0.025864	0.140491	0.014570	0.989975	0.146704	0.988548	-0.035368	-0.979153	0.150202	0.136745
14108	9.790466	-0.723488	0.638423	-0.077289	0.067752	-0.020134	0.141092	0.014283	0.989893	0.147501	0.988432	-0.035286	-0.978947	0.150989	0.137353
14109	9.803064	-0.692089	0.633934	-0.044123	0.067556	-0.012541	0.141790	0.014214	0.989795	0.148224	0.988319	-0.035426	-0.978737	0.151735	0.138027
14110	9.807261	-0.638365	0.628665	-0.004490	0.068581	-0.003135	0.142423	0.014094	0.989706	0.148286	0.988310	-0.035413	-0.978635	0.151803	0.138668
14111	9.697020	-0.571582	0.690983	0.022618	0.057887	0.004730	0.142988	0.014070	0.989624	0.148001	0.988352	-0.035436	-0.978596	0.151532	0.139241
14112	9.748086	-0.525885	0.720203	0.026930	0.031707	0.003832	0.143271	0.014075	0.989583	0.147745	0.988390	-0.035448	-0.978593	0.151285	0.139528
14113	9.731727	-0.425661	0.763050	0.025290	0.016900	-0.001289	0.143135	0.014198	0.989601	0.147449	0.988432	-0.035508	-0.978658	0.150998	0.139386
14114	9.638850	-0.329512	0.754482	0.009943	-0.006385	-0.003179	0.143033	0.014192	0.989616	0.147370	0.988445	-0.035475	-0.978685	0.150913	0.139289
14115	9.660125	-0.417120	0.920459	0.001877	-0.033050	-0.003155	0.142804	0.014208	0.989649	0.147401	0.988441	-0.035460	-0.978713	0.150939	0.139059
14116	9.681654	-0.504513	1.084900	0.003331	-0.037824	-0.007903	0.142388	0.014202	0.989709	0.147393	0.988445	-0.035389	-0.978775	0.150915	0.138649
14117	9.707866	-0.586435	1.326261	0.033001	-0.033746	0.001745	0.142078	0.014173	0.989754	0.146895	0.988524	-0.035242	-0.978895	0.150397	0.138366
14118	9.603033	-0.561472	1.545151	0.063602	-0.028040	0.009524	0.141784	0.014324	0.989794	0.146272	0.988616	-0.035260	-0.979031	0.149778	0.138075
14119	9.582997	-0.534754	1.705080	0.082090	-0.026026	0.016770	0.141425	0.014660	0.989840	0.145508	0.988722	-0.035433	-0.979197	0.149041	0.137697
14120	9.584218	-0.453232	1.766860	0.078037	-0.023716	0.014274	0.141179	0.014851	0.989873	0.144737	0.988834	-0.035479	-0.979347	0.148280	0.137453
14121	9.678177	-0.372453	1.660324	0.053755	-0.020456	0.006286	0.140841	0.015088	0.989917	0.144271	0.988898	-0.035598	-0.979464	0.147830	0.137100
14122	9.789212	-0.235663	1.510320	0.025454	-0.008188	0.001723	0.140728	0.015133	0.989933	0.144033	0.988933	-0.035593	-0.979515	0.147592	0.136991
14123	9.772505	-0.189534	1.508191	0.013176	0.013204	-0.001861	0.140636	0.015121	0.989946	0.143726	0.988980	-0.035525	-0.979573	0.147277	0.136913
14124	9.678717	-0.147495	1.458855	-0.015175	0.036105	-0.013385	0.140935	0.014951	0.989906	0.143907	0.988957	-0.035425	-0.979504	0.147447	0.137227
14125	9.643339	-0.238170	1.441013	-0.029880	0.052288	-0.017753	0.141338	0.014710	0.989852	0.144124	0.988931	-0.035275	-0.979414	0.147647	0.137654
14126	9.611695	-0.357304	1.348099	-0.039587	0.050459	-0.020449	0.141767	0.014448	0.989795	0.144554	0.988873	-0.035139	-0.979289	0.148060	0.138101
14127	9.695163	-0.482966	1.318183	-0.045804	0.044363	-0.025165	0.141989	0.014212	0.989766	0.144998	0.988813	-0.034999	-0.979191	0.148484	0.138340
14128	9.842731	-0.539083	1.170058	-0.054157	0.034873	-0.027673	0.142253	0.013902	0.989733	0.145581	0.988734	-0.034812	-0.979066	0.149038	0.138627
14129	9.837811	-0.569687	1.074877	-0.035983	0.030075	-0.027842	0.142643	0.013563	0.989681	0.145997	0.988680	-0.034592	-0.978947	0.149425	0.139048
14130	9.731412	-0.556559	1.035927	-0.035935	0.019437	-0.020893	0.142767	0.013343	0.989666	0.146391	0.988627	-0.034447	-0.978870	0.149796	0.139190
14131	9.718315	-0.612366	1.026083	-0.043584	0.000800	-0.019839	0.142692	0.013292	0.989678	0.147000	0.988536	-0.034472	-0.978790	0.150401	0.139102
14132	9.743786	-0.652319	1.050348	-0.050995	-0.005392	-0.022741	0.142569	0.013092	0.989698	0.147545	0.988459	-0.034330	-0.978726	0.150919	0.138992
14133	9.705795	-0.639236	1.035213	-0.045745	-0.009280	-0.023554	0.142415	0.012930	0.989723	0.148041	0.988389	-0.034215	-0.978673	0.151392	0.138847
14134	9.650740	-0.634578	0.974362	-0.041824	-0.022829	-0.023531	0.142121	0.012748	0.989767	0.148497	0.988326	-0.034053	-0.978647	0.151817	0.138569
14135	9.749070	-0.620806	1.011468	-0.043978	-0.031238	-0.025770	0.141699	0.012611	0.989829	0.148933	0.988266	-0.033911	-0.978642	0.152223	0.138158
14136	9.767033	-0.555775	1.096366	-0.037287	-0.019235	-0.029390	0.141431	0.012366	0.989871	0.149353	0.988210	-0.033684	-0.978617	0.152604	0.137916
14137	9.699652	-0.451375	1.021220	-0.030835	-0.023019	-0.032033	0.141136	0.012069	0.989917	0.149615	0.988181	-0.033379	-0.978619	0.152818	0.137662
14138	9.802608	-0.403831	1.157609	-0.024983	-0.011423	-0.040200	0.140928	0.011705	0.989951	0.149930	0.988145	-0.033027	-0.978601	0.153077	0.137502
14139	9.667110	-0.394503	1.234243	-0.036031	-0.000604	-0.038638	0.140819	0.011386	0.989970	0.150356	0.988089	-0.032751	-0.978552	0.153459	0.137430
14140	9.509911	-0.398978	1.189157	-0.053415	-0.008784	-0.045771	0.140628	0.010963	0.990002	0.150956	0.988010	-0.032384	-0.978487	0.154000	0.137287
14141	9.577805	-0.503033	1.128813	-0.052067	-0.023116	-0.051534	0.140178	0.010594	0.990070	0.151534	0.987933	-0.032026	-0.978462	0.154518	0.136882
14142	9.765032	-0.586971	1.098199	-0.031103	-0.021298	-0.055814	0.139848	0.010091	0.990121	0.151930	0.987888	-0.031528	-0.978448	0.154838	0.136621
14143	9.910231	-0.603654	1.151379	-0.012987	-0.012056	-0.059956	0.139597	0.009536	0.990162	0.152047	0.987889	-0.030950	-0.978465	0.154872	0.136457
14144	9.919232	-0.593506	1.173416	-0.006865	0.004694	-0.062146	0.139512	0.008931	0.990180	0.152214	0.987881	-0.030356	-0.978452	0.154954	0.136462
14145	9.830037	-0.493472	1.111001	-0.000113	0.009399	-0.055859	0.139498	0.008453	0.990186	0.152340	0.987876	-0.029895	-0.978434	0.155015	0.136519
14146	9.770489	-0.382132	1.061829	0.004598	0.010256	-0.055268	0.139477	0.007908	0.990194	0.152385	0.987885	-0.029354	-0.978430	0.154985	0.136582
14147	9.749065	-0.308664	1.005530	0.001829	0.015555	-0.064514	0.139543	0.007404	0.990188	0.152630	0.987861	-0.028897	-0.978382	0.155165	0.136719
14148	9.642682	-0.291593	0.966316	-0.009803	0.021065	-0.070432	0.139605	0.006693	0.990185	0.152838	0.987848	-0.028226	-0.978341	0.155278	0.136886
14149	9.643066	-0.332556	1.056960	-0.029655	0.024943	-0.079370	0.139591	0.005900	0.990192	0.153109	0.987827	-0.027471	-0.978301	0.155442	0.136988
14150	9.583944	-0.396709	1.121964	-0.032240	0.029145	-0.080689	0.139716	0.005075	0.990179	0.153550	0.987779	-0.026729	-0.978214	0.155777	0.137229
14151	9.610012	-0.451674	1.259218	-0.018388	0.031608	-0.080423	0.140039	0.004355	0.990136	0.154072	0.987714	-0.026135	-0.978085	0.156212	0.137647
14152	9.588843	-0.478822	1.250305	0.004234	0.032653	-0.077065	0.140204	0.003560	0.990116	0.154152	0.987721	-0.025380	-0.978049	0.156187	0.137933
14153	9.678769	-0.592526	1.295190	0.027041	0.030952	-0.067253	0.140455	0.002783	0.990083	0.153838	0.987790	-0.024601	-0.978062	0.155768	0.138312
14154	9.793681	-0.618672	1.341264	0.064415	0.042807	-0.059528	0.140747	0.002145	0.990043	0.153305	0.987889	-0.023935	-0.978104	0.155147	0.138714
14155	9.775736	-0.512217	1.387383	0.092453	0.059142	-0.054969	0.141214	0.001496	0.989978	0.152353	0.988053	-0.023225	-0.978186	0.154106	0.139299
14156	9.740797	-0.462397	1.478580	0.114853	0.074634	-0.047674	0.141837	0.000926	0.989890	0.151309	0.988228	-0.022605	-0.978258	0.152985	0.140027
14157	9.700842	-0.363484	1.536947	0.133853	0.088897	-0.050716	0.142574	0.000464	0.989784	0.150189	0.988410	-0.022097	-0.978323	0.151806	0.140852
14158	9.623215	-0.382385	1.606731	0.141596	0.098129	-0.051246	0.143422	-0.000174	0.989662	0.148890	0.988622	-0.021403	-0.978398	0.150421	0.141817
14159	9.554053	-0.423672	1.678469	0.147596	0.105298	-0.054479	0.144443	-0.000745	0.989513	0.147653	0.988820	-0.020809	-0.978435	0.149111	0.142938
14160	9.540391	-0.520875	1.767818	0.160879	0.112488	-0.052822	0.145432	-0.001417	0.989367	0.146169	0.989056	-0.020069	-0.978511	0.147533	0.144047
14161	9.560540	-0.606853	1.817306	0.181632	0.127115	-0.054688	0.146628	-0.002103	0.989189	0.144457	0.989323	-0.019310	-0.978587	0.145727	0.145366
14162	9.541216	-0.673767	1.985865	0.217135	0.149203	-0.055188	0.147975	-0.002848	0.988987	0.142426	0.989633	-0.018460	-0.978682	0.143590	0.146846
14163	9.596276	-0.631264	2.160694	0.268046	0.180218	-0.057724	0.149686	-0.003468	0.988727	0.140102	0.989978	-0.017738	-0.978757	0.141177	0.148672
14164	9.606947	-0.574862	2.378583	0.279746	0.215625	-0.054577	0.151687	-0.004293	0.988419	0.137459	0.990365	-0.016794	-0.978824	0.138415	0.150815
14165	9.730441	-0.474591	2.575317	0.261073	0.246166	-0.065852	0.153719	-0.005191	0.988101	0.134729	0.990757	-0.015755	-0.978886	0.135548	0.152998
14166	9.824976	-0.351096	2.860056	0.227593	0.288841	-0.068889	0.156419	-0.006245	0.987671	0.132622	0.991057	-0.014738	-0.978746	0.133292	0.155848
14167	9.736174	-0.252813	3.033691	0.195088	0.329737	-0.076840	0.159435	-0.007404	0.987181	0.130649	0.991334	-0.013666	-0.978525	0.131153	0.159021
14168	9.714859	-0.234765	3.176734	0.168798	0.370039	-0.086040	0.162907	-0.008722	0.986603	0.129149	0.991546	-0.012559	-0.978152	0.129465	0.162657
14169	9.522142	-0.220045	3.119273	0.150213	0.409984	-0.096772	0.166880	-0.010193	0.985924	0.127795	0.991735	-0.011378	-0.977660	0.127895	0.166804
14170	9.348928	-0.167541	2.809437	0.109376	0.404669	-0.109517	0.170661	-0.011778	0.985259	0.126923	0.991861	-0.010128	-0.977121	0.126781	0.170767
14171	9.339184	-0.179103	2.561955	0.075544	0.388053	-0.121156	0.174236	-0.013342	0.984614	0.126355	0.991945	-0.008918	-0.976564	0.125965	0.174518
14172	9.366088	-0.218582	2.439484	0.060442	0.378388	-0.127293	0.177733	-0.015064	0.983963	0.126001	0.992001	-0.007573	-0.975979	0.125327	0.178210
14173	9.474733	-0.318410	2.461480	0.059223	0.379845	-0.124177	0.181246	-0.016733	0.983295	0.125464	0.992079	-0.006244	-0.975402	0.124500	0.181910
14174	9.618008	-0.473656	2.591850	0.050629	0.406993	-0.118642	0.185030	-0.018399	0.982561	0.125199	0.992119	-0.004999	-0.974725	0.123941	0.185875
14175	9.661448	-0.589325	2.722476	0.054275	0.430252	-0.110264	0.189056	-0.019897	0.981765	0.124863	0.992166	-0.003937	-0.973995	0.123331	0.190059
14176	9.850880	-0.696644	2.885641	0.066642	0.443597	-0.107358	0.193204	-0.021491	0.980923	0.124431	0.992224	-0.002770	-0.973236	0.122593	0.194376
14177	10.123159	-0.636047	3.067295	0.084919	0.470070	-0.111266	0.197606	-0.023082	0.980010	0.123766	0.992310	-0.001584	-0.972437	0.121605	0.198944
14178	9.796261	-0.352616	2.835739	0.119720	0.449955	-0.123578	0.201792	-0.024836	0.979114	0.122860	0.992424	-0.000147	-0.971692	0.120324	0.203314
14179	9.582177	0.052479	2.561660	0.147118	0.367043	-0.173445	0.205170	-0.026879	0.978357	0.121758	0.992558	0.001735	-0.971123	0.118767	0.206916
14180	9.629207	0.384573	2.088225	0.126136	0.297152	-0.225722	0.207744	-0.029454	0.977740	0.121011	0.992642	0.004191	-0.970669	0.117447	0.209780
14181	9.561515	0.575579	1.232299	0.038633	0.224911	-0.254257	0.209740	-0.032135	0.977229	0.121295	0.992595	0.006607	-0.970204	0.117147	0.212085
14182	9.559456	0.415922	0.563274	-0.057432	0.153147	-0.257830	0.210875	-0.034857	0.976891	0.122406	0.992439	0.008988	-0.969819	0.117682	0.213548
14183	9.730387	0.051621	0.512826	-0.084874	0.122852	-0.238258	0.211767	-0.037307	0.976608	0.123606	0.992269	0.011102	-0.969472	0.118363	0.214742
14184	9.871664	-0.462776	0.895108	-0.049398	0.128066	-0.217650	0.212703	-0.039601	0.976314	0.124558	0.992126	0.013106	-0.969145	0.118820	0.215960
14185	9.853391	-1.012297	1.332081	0.011707	0.143282	-0.192492	0.214005	-0.041601	0.975946	0.124944	0.992052	0.014889	-0.968809	0.118752	0.217502
14186	9.863314	-1.449216	1.736905	0.094588	0.155966	-0.172101	0.215266	-0.043475	0.975587	0.124409	0.992090	0.016760	-0.968598	0.117764	0.218972
14187	9.899404	-1.571671	2.012077	0.196667	0.174736	-0.142615	0.216746	-0.044947	0.975193	0.122794	0.992261	0.018441	-0.968474	0.115751	0.220588
14188	9.968575	-1.371337	2.413995	0.305319	0.213356	-0.117489	0.218634	-0.046339	0.974706	0.120105	0.992555	0.020248	-0.968387	0.112640	0.222572
14189	10.018505	-1.009061	2.865122	0.437772	0.267526	-0.092826	0.221185	-0.047367	0.974081	0.116323	0.992971	0.021872	-0.968270	0.108470	0.225140
14190	10.026697	-0.670829	3.415887	0.565165	0.328143	-0.072851	0.224244	-0.048420	0.973329	0.111025	0.993531	0.023846	-0.968188	0.102717	0.228169
14191	10.000764	-0.338894	3.955072	0.650879	0.393459	-0.051824	0.228018	-0.049232	0.972411	0.104698	0.994170	0.025783	-0.968011	0.095930	0.231843
14192	9.971387	-0.090265	4.415803	0.702222	0.470705	-0.034877	0.232503	-0.049997	0.971310	0.097993	0.994800	0.027749	-0.967647	0.088730	0.236193
14193	9.949626	0.166554	4.851095	0.725248	0.566994	-0.025440	0.238094	-0.050629	0.969922	0.091009	0.995409	0.029619	-0.966969	0.081220	0.241609
14194	9.799860	0.510972	5.274860	0.751489	0.687256	-0.017998	0.244685	-0.051323	0.968243	0.083801	0.995981	0.031616	-0.965974	0.073404	0.248003
14195	9.490022	0.973815	5.786067	0.695081	0.801463	-0.023614	0.252402	-0.051996	0.966224	0.076846	0.996478	0.033550	-0.964566	0.065782	0.255509
14196	9.025482	1.339980	6.097104	0.554295	0.861776	-0.017860	0.260658	-0.052700	0.963992	0.071560	0.996817	0.035145	-0.962775	0.059823	0.263599
14197	8.849057	1.446403	6.122917	0.435078	0.880403	-0.026538	0.269146	-0.053327	0.961622	0.067536	0.997053	0.036390	-0.960728	0.055150	0.271955
14198	8.820281	1.584433	5.896546	0.361052	0.902895	-0.034391	0.277753	-0.054134	0.959126	0.064175	0.997226	0.037700	-0.958507	0.051081	0.280456
14199	8.655034	1.912903	5.093909	0.294609	0.853361	-0.050227	0.285887	-0.054889	0.956690	0.061548	0.997349	0.038830	-0.956285	0.047781	0.288507
14200	8.836029	2.144090	4.113189	0.172243	0.749877	-0.075682	0.292968	-0.055978	0.954482	0.060132	0.997387	0.040038	-0.954229	0.045665	0.295569
14201	9.066936	2.013155	3.177363	-0.053043	0.605486	-0.089533	0.298908	-0.057128	0.952570	0.060788	0.997319	0.040737	-0.952344	0.045728	0.301579
14202	9.270722	1.779874	2.608584	-0.330997	0.415859	-0.086971	0.302776	-0.058176	0.951285	0.064209	0.997113	0.040542	-0.950896	0.048806	0.305637
14203	9.624743	1.546216	2.519888	-0.589751	0.279362	-0.053512	0.305399	-0.058748	0.950411	0.069823	0.996790	0.039178	-0.949661	0.054396	0.308520
14204	10.055194	1.106534	2.622859	-0.830372	0.205567	0.003473	0.307317	-0.058817	0.949788	0.077703	0.996306	0.036556	-0.948429	0.062567	0.310752
14205	10.034965	0.321560	2.402561	-1.093035	0.172154	0.067909	0.309153	-0.058208	0.949229	0.087815	0.995608	0.032452	-0.946949	0.073324	0.312907
14206	9.552342	-0.612984	1.848119	-1.300369	0.152381	0.126549	0.310679	-0.057053	0.948801	0.099735	0.994643	0.027152	-0.945268	0.086193	0.314705
14207	9.143631	-1.516295	1.374206	-1.360435	0.108879	0.169209	0.311930	-0.055393	0.948489	0.111846	0.993499	0.021239	-0.943499	0.099460	0.316097
14208	8.591276	-2.150992	0.682753	-1.239104	0.038427	0.205709	0.312499	-0.053373	0.948417	0.122894	0.992301	0.015350	-0.941935	0.111758	0.316652
14209	8.149693	-2.414845	0.079014	-0.911184	-0.031066	0.231232	0.312610	-0.050992	0.948512	0.130710	0.991368	0.010217	-0.940845	0.120787	0.316576
14210	8.049437	-2.174796	-0.261316	-0.454194	-0.092938	0.252235	0.312036	-0.048359	0.948839	0.134204	0.990933	0.006370	-0.940544	0.125350	0.315697
14211	8.175368	-1.591140	-0.479217	-0.094795	-0.114348	0.297294	0.311418	-0.045162	0.949199	0.134216	0.990947	0.003114	-0.940747	0.126428	0.314660
14212	8.499576	-0.850486	-0.636331	0.190051	-0.137421	0.375272	0.310589	-0.041251	0.949649	0.131269	0.991347	0.000130	-0.941437	0.124619	0.313316
14213	8.897732	-0.339329	-0.302447	0.387184	-0.090844	0.451364	0.310286	-0.036514	0.949942	0.126164	0.992005	-0.003078	-0.942234	0.120803	0.312411
14214	8.883660	-0.321885	0.139530	0.470281	-0.027459	0.525373	0.310640	-0.031249	0.950014	0.120109	0.992739	-0.006619	-0.942909	0.116161	0.312137
14215	8.885056	-0.499036	0.498024	0.502598	-0.010284	0.602656	0.311330	-0.025144	0.949969	0.113590	0.993468	-0.010931	-0.943489	0.111310	0.312152
14216	8.891203	-0.802455	0.732976	0.523019	-0.008378	0.688774	0.311975	-0.018271	0.949915	0.106516	0.994184	-0.015860	-0.944101	0.106129	0.312106
14217	9.063141	-1.057215	1.080150	0.595333	-0.001223	0.755962	0.312668	-0.010580	0.949803	0.098290	0.994930	-0.021274	-0.944763	0.100008	0.312123
14218	9.106634	-1.591802	1.138548	0.711112	0.006283	0.805512	0.313448	-0.002550	0.949602	0.089057	0.995668	-0.026723	-0.945420	0.092944	0.312317
14219	9.003606	-2.137301	1.567514	0.845747	0.000163	0.835280	0.314166	0.005894	0.949350	0.078399	0.996404	-0.032131	-0.946125	0.084523	0.312575
14220	8.874359	-2.496059	2.430289	0.995469	0.059803	0.851319	0.315314	0.014350	0.948879	0.066307	0.997109	-0.037113	-0.946668	0.074620	0.313450
14221	8.889047	-2.579890	3.159100	1.185098	0.088843	0.912360	0.316648	0.023560	0.948251	0.052115	0.997749	-0.042193	-0.947110	0.062778	0.314707
14222	8.988851	-2.314852	3.476099	1.388978	0.054846	0.959680	0.317555	0.033125	0.947661	0.035921	0.998252	-0.046930	-0.947559	0.048944	0.315810
14223	9.650770	-1.487456	4.319198	1.618803	0.060080	0.964371	0.318136	0.043016	0.947069	0.017128	0.998546	-0.051107	-0.947891	0.032480	0.316936
14224	9.888317	-0.493342	5.085111	1.760478	0.138032	0.933403	0.319475	0.052320	0.946149	-0.002526	0.998518	-0.054363	-0.947591	0.014977	0.319134
14225	9.639741	0.442865	5.536686	1.741741	0.170717	0.853618	0.320774	0.061110	0.945182	-0.022190	0.998127	-0.057002	-0.946896	-0.002688	0.321529
14226	9.675981	1.448978	6.042795	1.600137	0.193686	0.757236	0.322335	0.068701	0.944129	-0.039762	0.997465	-0.059007	-0.945790	-0.018520	0.324249
14227	9.383316	2.574541	6.399233	1.326794	0.244526	0.663421	0.324159	0.075620	0.942976	-0.054688	0.996631	-0.061123	-0.944421	-0.031755	0.327202
14228	8.649393	3.528570	6.391001	0.959266	0.242736	0.563110	0.326072	0.081333	0.941840	-0.065566	0.995839	-0.063297	-0.943068	-0.041113	0.330048
14229	8.191641	4.065402	6.443710	0.549119	0.237198	0.450156	0.327755	0.086146	0.940827	-0.072377	0.995197	-0.065910	-0.941986	-0.046492	0.332416
14230	7.826780	4.239648	6.165408	0.101268	0.240350	0.321572	0.329742	0.089473	0.939822	-0.074383	0.994866	-0.068615	-0.941136	-0.047281	0.334705
14231	7.736848	4.148217	5.647738	-0.387127	0.243764	0.167748	0.331821	0.091384	0.938906	-0.071481	0.994871	-0.071569	-0.940630	-0.043366	0.336651
14232	7.935771	3.646529	5.234909	-0.851709	0.258349	0.006990	0.334206	0.091569	0.938041	-0.063490	0.995196	-0.074529	-0.940359	-0.034648	0.338414
14233	8.280562	2.684282	5.017120	-1.230180	0.310738	-0.130234	0.337093	0.090495	0.937112	-0.051769	0.995645	-0.077526	-0.940047	-0.022379	0.340310
14234	8.548650	1.611061	4.922956	-1.474588	0.363746	-0.211760	0.340566	0.088456	0.936050	-0.037189	0.996053	-0.080596	-0.939485	-0.007362	0.342511
14235	8.490971	0.609944	4.978529	-1.514915	0.414014	-0.234815	0.344320	0.086248	0.934882	-0.022442	0.996243	-0.083644	-0.938584	0.007820	0.344962
14236	8.370800	-0.300232	5.017606	-1.424863	0.421681	-0.217265	0.348269	0.084037	0.933620	-0.008321	0.996211	-0.086567	-0.937358	0.022380	0.347648
14237	8.168753	-0.958577	4.972679	-1.286004	0.377891	-0.183369	0.351733	0.082131	0.932491	0.004426	0.995987	-0.089393	-0.936090	0.035569	0.349958
14238	7.963264	-1.561066	5.124772	-1.066742	0.255620	-0.140957	0.354070	0.080641	0.931736	0.014907	0.995662	-0.091838	-0.935100	0.046407	0.351332
14239	8.088460	-2.099699	6.058460	-0.690599	0.110413	-0.087912	0.355060	0.079721	0.931438	0.021779	0.995381	-0.093496	-0.934590	0.053482	0.351683
14240	8.203234	-2.560761	6.528946	-0.375609	-0.009163	0.024165	0.354939	0.079986	0.931461	0.025207	0.995152	-0.095060	-0.934549	0.057220	0.351203
14241	8.408503	-3.218583	5.727960	-0.086408	-0.111949	0.132054	0.353790	0.081430	0.931773	0.025604	0.994987	-0.096676	-0.934974	0.058060	0.349932
14242	8.510124	-3.288365	4.637384	0.063138	-0.191598	0.173190	0.352000	0.083283	0.932287	0.024406	0.994878	-0.098089	-0.935682	0.057281	0.348165
14243	8.024440	-2.792919	2.904352	0.020897	-0.393865	0.196592	0.348222	0.085563	0.933499	0.023497	0.994716	-0.099939	-0.937118	0.056736	0.344372
14244	8.064883	-1.923437	1.451648	0.144728	-0.566439	0.174610	0.342906	0.087635	0.935273	0.021540	0.994644	-0.101095	-0.939123	0.054811	0.339181
14245	8.137411	-0.490574	0.396801	0.433923	-0.653083	0.099737	0.336781	0.089078	0.937360	0.016926	0.994781	-0.100616	-0.941431	0.049751	0.333516
14246	8.378021	0.653646	-1.717430	0.514659	-0.797494	-0.019596	0.329217	0.089276	0.940024	0.012142	0.995038	-0.098753	-0.944176	0.043925	0.326499
14247	9.115657	1.173507	-3.540065	0.177981	-0.974106	-0.143911	0.319799	0.088356	0.943357	0.010978	0.995230	-0.096936	-0.947422	0.041357	0.317304
14248	11.014487	1.827429	-2.963763	-0.234759	-1.065154	-0.182581	0.309623	0.087006	0.946870	0.013785	0.995289	-0.095963	-0.950759	0.042765	0.306966
14249	13.142008	1.764389	-0.323764	-0.307866	-0.935540	-0.158744	0.300551	0.085959	0.949884	0.016888	0.995295	-0.095412	-0.953616	0.044718	0.297685
14250	13.694156	0.720492	2.267979	-0.193015	-0.787738	-0.121425	0.292964	0.085127	0.952326	0.019095	0.995309	-0.094844	-0.955933	0.045970	0.289964
14251	12.083008	-0.947201	2.620445	-0.352143	-0.814438	-0.018194	0.285044	0.085402	0.954702	0.022295	0.995163	-0.095677	-0.958255	0.048557	0.281761
14252	10.691742	-2.293523	0.926474	-0.580148	-1.057091	0.126030	0.274885	0.087214	0.957513	0.027513	0.994756	-0.098505	-0.961083	0.053422	0.271045
14253	10.730925	-2.524167	-0.626057	-0.639354	-1.266191	0.225513	0.262562	0.090216	0.960688	0.033072	0.994193	-0.102401	-0.964348	0.058658	0.258054
14254	10.817165	-2.177451	-0.718831	-0.474981	-1.322524	0.293707	0.249844	0.093954	0.963717	0.036911	0.993634	-0.106440	-0.967582	0.062165	0.244785
14255	10.588072	-1.827899	-0.272551	-0.236001	-1.311419	0.315650	0.237205	0.097947	0.966509	0.038315	0.993187	-0.110054	-0.970704	0.063137	0.231836
14256	10.384144	-1.438491	-0.642082	-0.074580	-1.300184	0.320413	0.224642	0.101967	0.969092	0.038304	0.992817	-0.113342	-0.973688	0.062581	0.219123
14257	10.438554	-0.700479	-0.539933	0.109014	-1.264147	0.314830	0.212232	0.105889	0.971465	0.036868	0.992537	-0.116240	-0.976524	0.060486	0.206744
14258	10.152147	0.117065	0.140534	0.243504	-1.229603	0.304252	0.200269	0.109649	0.973586	0.033864	0.992349	-0.118729	-0.979155	0.056747	0.195024
14259	9.793574	0.874460	0.557851	0.236826	-1.222389	0.258347	0.188051	0.112980	0.975639	0.030714	0.992199	-0.120817	-0.981679	0.052686	0.183114
14260	9.697569	1.348647	0.672038	0.114929	-1.180018	0.189637	0.176463	0.115489	0.977509	0.029243	0.992040	-0.122484	-0.983873	0.050199	0.171681
14261	9.474115	1.325902	0.893612	-0.086044	-1.114141	0.126721	0.165311	0.117339	0.979236	0.029664	0.991856	-0.123859	-0.985795	0.049523	0.160484
14262	9.311487	0.828343	1.417345	-0.299640	-1.044975	0.108076	0.154986	0.118958	0.980728	0.032451	0.991575	-0.125402	-0.987384	0.051261	0.149820
14263	9.061992	-0.067445	1.870602	-0.440018	-0.987498	0.127249	0.144988	0.120761	0.982036	0.036510	0.991195	-0.127277	-0.988760	0.054308	0.139303
14264	8.756142	-1.116062	2.307673	-0.519505	-0.921354	0.133721	0.135876	0.122625	0.983108	0.041466	0.990737	-0.129308	-0.989858	0.058335	0.129533
14265	8.593632	-2.141624	2.297980	-0.536123	-0.859178	0.123012	0.127170	0.124363	0.984054	0.046705	0.990257	-0.131183	-0.990781	0.062643	0.120122
14266	8.654505	-2.702090	2.486810	-0.440012	-0.813186	0.122659	0.119120	0.126122	0.984837	0.050920	0.989818	-0.132919	-0.991573	0.065981	0.111485
14267	9.017882	-2.815662	2.794427	-0.276207	-0.766630	0.129192	0.111572	0.127884	0.985493	0.053730	0.989458	-0.134482	-0.992303	0.067955	0.103524
14268	9.571030	-2.641735	2.980254	-0.082740	-0.743150	0.157399	0.104230	0.129967	0.986025	0.054387	0.989196	-0.136134	-0.993065	0.067816	0.096036
14269	9.844763	-2.209759	2.714429	0.049366	-0.709338	0.183964	0.097122	0.132278	0.986443	0.053906	0.988975	-0.137925	-0.993812	0.066571	0.088921
14270	9.956728	-1.897819	2.637128	0.150666	-0.667046	0.183376	0.090538	0.134548	0.986762	0.052242	0.988826	-0.139623	-0.994522	0.064191	0.082497
14271	9.678064	-1.519361	2.432830	0.160688	-0.603457	0.161169	0.084321	0.136554	0.987038	0.050333	0.988717	-0.141086	-0.995167	0.061577	0.076497
14272	9.463225	-1.414919	2.101345	0.102414	-0.566342	0.119583	0.078692	0.138100	0.987287	0.049221	0.988612	-0.142209	-0.995683	0.059786	0.070999
14273	9.631923	-1.620413	1.962299	0.051557	-0.526724	0.077743	0.073452	0.139185	0.987539	0.048819	0.988524	-0.142955	-0.996103	0.058711	0.065814
14274	9.671515	-1.994221	1.480853	-0.050173	-0.505424	0.034262	0.068382	0.139841	0.987810	0.049300	0.988444	-0.143344	-0.996440	0.058501	0.060697
14275	9.709137	-2.464635	1.019513	-0.114803	-0.513599	0.025507	0.063184	0.140425	0.988073	0.050750	0.988318	-0.143705	-0.996711	0.059225	0.055320
14276	9.786752	-2.740900	0.600216	-0.100855	-0.508115	0.019804	0.058078	0.140943	0.988313	0.051750	0.988228	-0.143972	-0.996970	0.059507	0.050100
14277	9.717130	-2.681620	0.094019	-0.040233	-0.490450	0.021857	0.053111	0.141481	0.988515	0.052306	0.988159	-0.144240	-0.997218	0.059366	0.045082
14278	9.688894	-2.433439	-0.165329	0.030677	-0.460227	0.007403	0.048473	0.141846	0.988701	0.052003	0.988164	-0.144318	-0.997470	0.058411	0.040523
14279	9.691046	-1.839747	-0.349706	0.059612	-0.444349	-0.009464	0.043933	0.142040	0.988885	0.051450	0.988206	-0.144228	-0.997709	0.057215	0.036107
14280	9.715269	-1.579990	-0.409886	0.024792	-0.439627	-0.037445	0.039475	0.141940	0.989088	0.051226	0.988270	-0.143868	-0.997907	0.056346	0.031741
14281	9.736831	-1.658253	-0.587977	-0.049079	-0.449059	-0.068227	0.034796	0.141589	0.989314	0.051964	0.988318	-0.143274	-0.998043	0.056394	0.027032
14282	9.679704	-1.739002	-0.610716	-0.064311	-0.473535	-0.070267	0.029981	0.141182	0.989530	0.052636	0.988378	-0.142612	-0.998164	0.056361	0.022201
14283	9.562877	-1.721622	-0.510521	-0.066204	-0.485766	-0.076875	0.024903	0.140698	0.989739	0.053084	0.988463	-0.141852	-0.998279	0.056072	0.017147
14284	9.529704	-1.704342	-0.370420	-0.079080	-0.484880	-0.083163	0.019965	0.140169	0.989926	0.053899	0.988533	-0.141059	-0.998347	0.056173	0.012181
14285	9.604103	-1.925435	-0.089658	-0.084193	-0.476050	-0.081011	0.015029	0.139664	0.990085	0.054709	0.988599	-0.140285	-0.998389	0.056275	0.007217
14286	9.641986	-2.115870	0.091569	-0.083086	-0.456594	-0.075008	0.010376	0.139201	0.990210	0.055555	0.988653	-0.139564	-0.998402	0.056459	0.002525
14287	9.643783	-2.253183	0.138921	-0.068765	-0.439883	-0.062860	0.005826	0.138893	0.990290	0.056374	0.988687	-0.139000	-0.998393	0.056636	-0.002069
14288	9.508184	-2.375354	0.208094	-0.032676	-0.416190	-0.055784	0.001586	0.138597	0.990348	0.056710	0.988743	-0.138463	-0.998389	0.056382	-0.006292
14289	9.496596	-2.386123	0.325803	0.009415	-0.401299	-0.048171	-0.002509	0.138460	0.990365	0.056915	0.988782	-0.138095	-0.998376	0.056020	-0.010361
14290	9.622520	-2.321335	0.316015	0.037158	-0.398037	-0.045234	-0.006562	0.138255	0.990375	0.056551	0.988863	-0.137669	-0.998378	0.055103	-0.014307
14291	9.717263	-2.138751	0.296671	0.064336	-0.388822	-0.047460	-0.010543	0.138065	0.990367	0.055961	0.988951	-0.137272	-0.998377	0.053975	-0.018152
14292	9.900818	-1.708381	0.222389	0.098865	-0.363201	-0.056360	-0.014254	0.137722	0.990368	0.054976	0.989079	-0.136751	-0.998386	0.052497	-0.021670
14293	9.887264	-1.250490	0.175982	0.113859	-0.326433	-0.078154	-0.017720	0.137156	0.990391	0.053712	0.989247	-0.136036	-0.998399	0.050786	-0.024897
14294	9.852937	-1.110699	0.312232	0.119609	-0.298488	-0.096578	-0.020806	0.136370	0.990439	0.052508	0.989436	-0.135129	-0.998404	0.049195	-0.027746
14295	9.594640	-1.174888	0.230355	0.065102	-0.280611	-0.110876	-0.023832	0.135452	0.990497	0.051797	0.989615	-0.134085	-0.998373	0.048109	-0.030600
14296	9.319878	-1.360961	-0.045885	-0.002129	-0.311876	-0.117387	-0.027061	0.134460	0.990549	0.051797	0.989770	-0.132939	-0.998291	0.047710	-0.033749
14297	9.293822	-1.532568	-0.043700	-0.057217	-0.363405	-0.112953	-0.030751	0.133590	0.990559	0.052410	0.989880	-0.131871	-0.998152	0.047860	-0.037441
14298	9.263947	-1.746811	-0.241298	-0.126804	-0.419813	-0.105328	-0.035052	0.132771	0.990527	0.053649	0.989957	-0.130796	-0.997944	0.048556	-0.041823
14299	9.441214	-1.899277	-0.387647	-0.184846	-0.481553	-0.099103	-0.040070	0.132046	0.990433	0.055401	0.989998	-0.129747	-0.997660	0.049672	-0.046985
14300	9.473553	-1.850136	-0.380634	-0.219620	-0.525425	-0.104575	-0.045425	0.131297	0.990302	0.057556	0.990022	-0.128620	-0.997308	0.051155	-0.052529
14301	9.636471	-1.871811	-0.475587	-0.252631	-0.568794	-0.125155	-0.051314	0.130468	0.990124	0.060140	0.990034	-0.127340	-0.996870	0.053012	-0.058649
14302	9.713534	-1.971619	-0.677534	-0.216416	-0.581997	-0.159874	-0.057268	0.129219	0.989961	0.062219	0.990123	-0.125641	-0.996418	0.054399	-0.064742
14303	10.387655	-1.619015	-0.463284	-0.154591	-0.571387	-0.180322	-0.063129	0.127752	0.989795	0.063583	0.990273	-0.123758	-0.995978	0.055121	-0.070638
14304	10.519984	-1.271253	-0.363482	-0.123623	-0.534642	-0.210865	-0.068643	0.125981	0.989655	0.064683	0.990470	-0.121598	-0.995542	0.055667	-0.076138
14305	10.594759	-1.049797	-0.005108	-0.078882	-0.482679	-0.237274	-0.073691	0.123969	0.989546	0.065308	0.990714	-0.119252	-0.995140	0.055838	-0.081103
14306	10.233322	-1.259648	0.378855	-0.076496	-0.417353	-0.228409	-0.078048	0.121961	0.989461	0.065905	0.990949	-0.116946	-0.994769	0.056083	-0.085380
14307	9.978683	-1.720242	0.824264	-0.083710	-0.367454	-0.215252	-0.081937	0.120127	0.989371	0.066632	0.991149	-0.114825	-0.994408	0.056515	-0.089216
14308	9.593184	-2.155314	1.148036	-0.096821	-0.349001	-0.178366	-0.085582	0.118579	0.989250	0.067454	0.991304	-0.112990	-0.994045	0.057059	-0.092836
14309	9.701391	-2.428086	1.390730	-0.132066	-0.341707	-0.164190	-0.089080	0.117302	0.989093	0.068754	0.991396	-0.111383	-0.993649	0.058082	-0.096378
14310	9.914102	-2.142860	1.505992	-0.259299	-0.315416	-0.159947	-0.092380	0.115925	0.988953	0.071194	0.991427	-0.109565	-0.993175	0.060286	-0.099841
14311	9.578140	-1.620837	0.878293	-0.450329	-0.299500	-0.195437	-0.095589	0.114220	0.988846	0.075432	0.991370	-0.107220	-0.992559	0.064342	-0.103380
14312	9.464289	-1.350496	0.371242	-0.574081	-0.333123	-0.254694	-0.099148	0.111941	0.988756	0.080889	0.991270	-0.104115	-0.991779	0.069657	-0.107338
14313	9.279876	-1.266562	-0.009258	-0.683875	-0.365641	-0.296023	-0.102991	0.109364	0.988652	0.087412	0.991087	-0.100528	-0.990834	0.076066	-0.111633
14314	9.276302	-1.327073	-0.700937	-0.772572	-0.386609	-0.376221	-0.107217	0.105967	0.988572	0.094677	0.990874	-0.095946	-0.989718	0.083308	-0.116271
14315	9.733052	-1.682538	-1.136456	-0.768574	-0.413845	-0.435294	-0.111828	0.102024	0.988476	0.101740	0.990664	-0.090739	-0.988506	0.090421	-0.121164
14316	9.938995	-2.001240	-1.404237	-0.694899	-0.423846	-0.468542	-0.116561	0.097803	0.988356	0.108079	0.990479	-0.085267	-0.987285	0.096882	-0.126022
14317	10.308751	-2.363928	-1.538387	-0.597737	-0.430599	-0.488862	-0.121264	0.093469	0.988210	0.113411	0.990342	-0.079754	-0.986120	0.102403	-0.130694
14318	10.696555	-2.489875	-1.402317	-0.441432	-0.417798	-0.484764	-0.125995	0.089129	0.988019	0.117172	0.990321	-0.074395	-0.985087	0.106395	-0.135219
14319	10.770876	-2.186084	-1.067393	-0.281138	-0.382843	-0.458685	-0.130399	0.085200	0.987794	0.119380	0.990401	-0.069665	-0.984248	0.108839	-0.139319
14320	10.539378	-1.606773	-0.653423	-0.185231	-0.321917	-0.431278	-0.134138	0.081307	0.987621	0.120642	0.990555	-0.065163	-0.983592	0.110408	-0.142681
14321	11.027509	-0.812778	-0.138429	-0.191588	-0.247317	-0.413186	-0.137107	0.077662	0.987507	0.121963	0.990660	-0.060976	-0.983019	0.112079	-0.145298
14322	10.612827	-0.360066	0.433614	-0.252019	-0.062580	-0.400953	-0.138269	0.073787	0.987642	0.123898	0.990676	-0.056668	-0.982614	0.114531	-0.146121
14323	10.404325	-0.061366	0.653557	-0.326473	0.055455	-0.428192	-0.138272	0.069653	0.987942	0.126527	0.990592	-0.052131	-0.982279	0.117793	-0.145785
14324	10.611239	-0.017815	1.344545	-0.458765	0.107014	-0.456907	-0.137862	0.065026	0.988315	0.130411	0.990347	-0.046968	-0.981828	0.122412	-0.145012
14325	10.911456	-0.073189	1.991794	-0.646018	0.149511	-0.449952	-0.137058	0.060468	0.988716	0.136072	0.989822	-0.041673	-0.981173	0.128825	-0.143891
14326	10.770537	-0.368778	2.402990	-0.813153	0.188517	-0.433801	-0.135869	0.055953	0.989146	0.143465	0.988992	-0.036238	-0.980284	0.136984	-0.142400
14327	10.410893	-1.120179	2.764422	-0.881357	0.222729	-0.446980	-0.134278	0.051276	0.989616	0.151511	0.987981	-0.030633	-0.979292	0.145825	-0.140433
14328	10.736779	-2.127121	3.285382	-0.862243	0.244626	-0.484801	-0.132691	0.046150	0.990082	0.159313	0.986920	-0.024652	-0.978270	0.154462	-0.138307
14329	11.595694	-2.862144	3.940799	-0.798084	0.350040	-0.501139	-0.130012	0.040855	0.990670	0.166450	0.985870	-0.018813	-0.977441	0.162452	-0.134976
14330	11.879153	-3.096285	4.430173	-0.683049	0.568248	-0.493198	-0.125348	0.035082	0.991492	0.172505	0.984922	-0.013041	-0.977001	0.169403	-0.129510
14331	11.621828	-2.877522	4.929218	-0.522729	0.870772	-0.497031	-0.117610	0.028850	0.992641	0.177010	0.984180	-0.007632	-0.977157	0.174810	-0.120856
14332	11.118684	-2.434136	5.873799	-0.351093	1.240504	-0.505736	-0.106439	0.021713	0.994082	0.179884	0.983685	-0.002225	-0.977912	0.178583	-0.108608
14333	10.366831	-1.549109	6.604209	-0.128279	1.633722	-0.534653	-0.091168	0.013701	0.995741	0.180573	0.983557	0.003000	-0.979327	0.180077	-0.092143
14334	9.207090	-0.370073	6.815048	0.142103	1.824051	-0.596959	-0.074413	0.004586	0.997217	0.178694	0.983865	0.008810	-0.981087	0.178852	-0.074032
14335	8.628803	0.884375	6.756908	0.486688	1.817316	-0.680647	-0.057618	-0.005072	0.998326	0.173381	0.984740	0.015009	-0.983168	0.173956	-0.055860
14336	8.150018	1.890010	5.101978	0.530170	1.609568	-0.736792	-0.043089	-0.015056	0.998958	0.167800	0.985573	0.022092	-0.984879	0.168577	-0.039941
14337	8.585797	2.072004	2.668157	0.110558	1.247565	-0.682589	-0.031678	-0.023541	0.999221	0.166340	0.985657	0.028495	-0.985559	0.167113	-0.027307
14338	9.850894	1.580210	1.349500	-0.306666	1.054906	-0.530383	-0.022224	-0.030512	0.999287	0.169225	0.984996	0.033840	-0.985327	0.169857	-0.016727
14339	11.174123	0.733637	0.601265	-0.452348	1.119065	-0.390076	-0.011612	-0.036134	0.999279	0.173593	0.984099	0.037602	-0.984749	0.173904	-0.005154
14340	12.325916	-0.512005	0.219533	-0.432987	1.355760	-0.204193	0.001324	-0.040493	0.999179	0.177850	0.983260	0.039612	-0.984057	0.177652	0.008504
14341	13.049729	-2.356048	-0.236726	-0.316016	1.681067	0.017882	0.018133	-0.043066	0.998908	0.180857	0.982732	0.039086	-0.983342	0.179951	0.025609
14342	12.548678	-3.827585	-0.931222	-0.087172	1.901871	0.221148	0.037179	-0.044283	0.998327	0.181657	0.982672	0.036823	-0.982659	0.179984	0.044579
14343	11.981469	-5.005516	-1.901035	-0.028756	1.855458	0.385251	0.056414	-0.043551	0.997457	0.181685	0.982815	0.032636	-0.981737	0.179382	0.063357
14344	11.718446	-5.989959	-2.113990	0.050961	1.760312	0.526338	0.074590	-0.041490	0.996351	0.180844	0.983130	0.027401	-0.980679	0.178140	0.080835
14345	11.144354	-5.838176	-2.030092	0.382188	1.643229	0.597962	0.092018	-0.038249	0.995022	0.176504	0.984065	0.021505	-0.979989	0.173646	0.097303
14346	10.433318	-4.473957	-2.170315	0.865047	1.494342	0.586129	0.107620	-0.034970	0.993577	0.167443	0.985743	0.016557	-0.979990	0.164586	0.111941
