// General information: 
//  MT Manager version: 2022.2.0 
//  XDA version: 2022.2.0 build 7381 rev 124627 built on 2023-07-19
// Device information: 
//  DeviceId: 00B4CB9F
//  ProductCode: MTW2-3A7G6
//  Firmware Version: 4.6.0
//  Hardware Version: 2.0.0
// Device settings: 
//  Filter Profile: human(46.1)
//  Option Flags: Orientation Smoother Disabled, Position/Velocity Smoother Disabled, Continuous Zero Rotation Update Disabled, AHS Disabled, ICC Disabled
// Coordinate system: ENU
PacketCounter	Acc_X	Acc_Y	Acc_Z	Gyr_X	Gyr_Y	Gyr_Z	Mat[1][1]	Mat[2][1]	Mat[3][1]	Mat[1][2]	Mat[2][2]	Mat[3][2]	Mat[1][3]	Mat[2][3]	Mat[3][3]
01695	9.851269	0.373849	1.534952	0.108434	0.054891	0.033031	-0.101123	-0.015751	0.994749	0.557837	-0.828805	0.043585	0.823767	0.559316	0.092598
01696	9.785040	0.475484	1.223108	0.082299	0.065147	0.024675	-0.101448	-0.016333	0.994707	0.558584	-0.828314	0.043368	0.823221	0.560026	0.093154
01697	9.678393	0.546283	0.930290	0.047161	0.056935	0.014576	-0.101732	-0.016758	0.994671	0.559030	-0.828020	0.043226	0.822883	0.560448	0.093604
01698	9.546864	0.651037	0.760357	-0.003735	0.025803	-0.008092	-0.101916	-0.016849	0.994650	0.559034	-0.828015	0.043255	0.822857	0.560452	0.093807
01699	9.633934	0.657847	0.644591	-0.035432	0.007846	-0.025225	-0.102014	-0.016668	0.994643	0.558765	-0.828188	0.043431	0.823028	0.560203	0.093801
01700	9.751094	0.584813	0.617147	-0.051896	-0.004397	-0.033549	-0.102091	-0.016379	0.994640	0.558348	-0.828457	0.043667	0.823301	0.559813	0.093723
01701	9.835188	0.514082	0.615247	-0.051045	-0.005078	-0.031543	-0.102124	-0.016071	0.994642	0.557933	-0.828725	0.043895	0.823579	0.559426	0.093599
01702	9.901164	0.405251	0.639127	-0.034636	0.007725	-0.021459	-0.102233	-0.015950	0.994633	0.557669	-0.828895	0.044028	0.823744	0.559177	0.093635
01703	9.820467	0.227475	0.552463	-0.009096	0.032673	-0.011361	-0.102455	-0.016024	0.994609	0.557642	-0.828910	0.044089	0.823735	0.559152	0.093862
01704	9.622258	0.127157	0.403574	0.039019	0.034715	-0.017141	-0.102762	-0.016089	0.994576	0.557989	-0.828668	0.044248	0.823461	0.559510	0.094134
01705	9.602823	0.208443	0.557969	0.097649	0.020055	-0.007529	-0.102859	-0.016132	0.994565	0.558863	-0.828072	0.044367	0.822856	0.560390	0.094190
01706	9.697830	0.245609	0.631752	0.113618	0.012542	-0.033294	-0.103074	-0.015940	0.994546	0.559807	-0.827413	0.044757	0.822187	0.561368	0.094208
01707	9.752167	0.359022	0.739479	0.131476	0.019041	-0.038912	-0.103340	-0.015708	0.994522	0.560892	-0.826653	0.045226	0.821414	0.562493	0.094237
01708	9.789844	0.524938	0.959347	0.113601	0.022932	-0.036956	-0.103662	-0.015545	0.994491	0.561830	-0.825992	0.045652	0.820732	0.563468	0.094357
01709	9.815032	0.490858	1.110963	0.084223	0.032098	-0.024892	-0.103956	-0.015508	0.994461	0.562559	-0.825480	0.045934	0.820195	0.564218	0.094538
01710	9.820617	0.436507	1.034441	0.059318	0.030446	-0.007979	-0.104176	-0.015627	0.994436	0.563081	-0.825119	0.046021	0.819809	0.564742	0.094757
01711	9.829336	0.454298	1.115655	0.052630	0.028013	0.009693	-0.104240	-0.015857	0.994426	0.563598	-0.824771	0.045927	0.819446	0.565244	0.094911
01712	9.794458	0.471588	1.072464	0.027469	0.021377	0.006955	-0.104302	-0.016048	0.994416	0.563874	-0.824588	0.045836	0.819248	0.565506	0.095055
01713	9.740040	0.571152	1.088815	-0.009616	0.016723	-0.000068	-0.104334	-0.016126	0.994412	0.563835	-0.824617	0.045786	0.819271	0.565461	0.095128
01714	9.635714	0.727155	1.152255	-0.027702	0.030862	-0.013252	-0.104588	-0.016204	0.994384	0.563638	-0.824749	0.045843	0.819374	0.565267	0.095392
01715	9.635246	0.728671	1.155212	-0.075982	0.022692	-0.030633	-0.104844	-0.016063	0.994359	0.563023	-0.825158	0.046034	0.819764	0.564673	0.095557
01716	9.891714	0.592380	0.855154	-0.135018	0.004448	-0.038684	-0.105024	-0.015782	0.994344	0.561919	-0.825899	0.046242	0.820498	0.563597	0.095607
01717	10.087057	0.423934	0.271286	-0.175600	-0.026148	-0.046013	-0.104968	-0.015234	0.994359	0.560451	-0.826882	0.046495	0.821509	0.562170	0.095334
01718	10.188648	0.310674	-0.210360	-0.152437	-0.046369	-0.049329	-0.104789	-0.014579	0.994388	0.559190	-0.827718	0.046792	0.822390	0.560955	0.094888
01719	9.807037	0.188535	-0.394812	-0.111322	-0.065092	-0.044780	-0.104398	-0.013824	0.994439	0.558260	-0.828329	0.047092	0.823072	0.560072	0.094194
01720	9.587949	0.188615	-0.564934	-0.038546	-0.078165	-0.048006	-0.103948	-0.013002	0.994498	0.557936	-0.828524	0.047485	0.823348	0.559802	0.093378
01721	9.552293	0.420037	-0.495631	0.054170	-0.079369	-0.057040	-0.103502	-0.012071	0.994556	0.558380	-0.828192	0.048058	0.823103	0.560314	0.092460
01722	9.581012	0.456708	-0.012886	0.106527	-0.067360	-0.076791	-0.103302	-0.011071	0.994588	0.559221	-0.827577	0.048871	0.822557	0.561243	0.091682
01723	9.509243	0.414445	0.371611	0.170969	-0.049151	-0.102965	-0.103365	-0.009925	0.994594	0.560568	-0.826597	0.050009	0.821632	0.562707	0.091005
01724	10.166109	0.546399	0.961181	0.151918	-0.036625	-0.096013	-0.103529	-0.008939	0.994586	0.561760	-0.825723	0.051054	0.820797	0.564004	0.090507
01725	9.948991	0.435298	1.327860	0.100614	-0.025960	-0.080348	-0.103657	-0.008107	0.994580	0.562537	-0.825141	0.051903	0.820248	0.564868	0.090093
01726	9.905713	0.240368	1.557295	0.052838	-0.013700	-0.050198	-0.103753	-0.007629	0.994574	0.562962	-0.824820	0.052401	0.819945	0.565344	0.089872
01727	9.806993	0.145028	1.620788	0.042964	0.006014	-0.029739	-0.103857	-0.007402	0.994565	0.563337	-0.824545	0.052690	0.819674	0.565747	0.089805
01728	9.709517	0.232187	1.584440	0.000508	0.018646	-0.031949	-0.104116	-0.007257	0.994539	0.563352	-0.824518	0.052960	0.819631	0.565789	0.089934
01729	9.659158	0.188528	1.436301	-0.041634	0.033068	-0.046578	-0.104538	-0.007046	0.994496	0.563016	-0.824723	0.053339	0.819808	0.565493	0.090182
01730	9.647570	0.191493	1.290145	-0.064076	0.046378	-0.064569	-0.105207	-0.006789	0.994427	0.562466	-0.825063	0.053875	0.820099	0.565000	0.090621
01731	9.637746	0.180143	1.216415	-0.054115	0.051932	-0.074262	-0.105942	-0.006459	0.994351	0.562004	-0.825336	0.054517	0.820322	0.564605	0.091067
01732	9.651461	0.252818	1.235707	-0.025213	0.052621	-0.074083	-0.106715	-0.006158	0.994271	0.561762	-0.825456	0.055182	0.820387	0.564432	0.091548
01733	9.736000	0.473281	1.336208	0.005605	0.060320	-0.068842	-0.107490	-0.005915	0.994189	0.561769	-0.825409	0.055826	0.820282	0.564505	0.092046
01734	9.905114	0.623738	1.345405	0.043715	0.081370	-0.079359	-0.108528	-0.005733	0.994077	0.562085	-0.825140	0.056607	0.819928	0.564899	0.092773
01735	9.712858	0.578534	0.953984	0.032658	0.077961	-0.078124	-0.109496	-0.005527	0.993972	0.562352	-0.824906	0.057361	0.819617	0.565243	0.093432
01736	9.773963	0.342506	0.688751	0.022968	0.055435	-0.078331	-0.110316	-0.005208	0.993883	0.562498	-0.824754	0.058113	0.819406	0.565468	0.093913
01737	9.694320	0.185464	0.534485	0.060214	0.053239	-0.086478	-0.111130	-0.004791	0.993794	0.562966	-0.824373	0.058978	0.818974	0.566027	0.094310
01738	9.702293	0.120302	0.622560	0.078246	0.039606	-0.083165	-0.111848	-0.004343	0.993716	0.563558	-0.823907	0.059830	0.818469	0.566709	0.094600
01739	9.789009	0.131099	0.782782	0.097555	0.031938	-0.082165	-0.112461	-0.003842	0.993649	0.564333	-0.823313	0.060687	0.817851	0.567574	0.094759
01740	9.837435	0.369726	0.926110	0.138053	0.033676	-0.068800	-0.113050	-0.003480	0.993583	0.565428	-0.822505	0.061454	0.817013	0.568747	0.094952
01741	9.702963	0.836479	1.280480	0.172193	0.048650	-0.060895	-0.113679	-0.003253	0.993512	0.566837	-0.821481	0.062169	0.815949	0.570227	0.095229
01742	9.588327	1.129794	1.671869	0.143197	0.058223	-0.064866	-0.114447	-0.003065	0.993425	0.567975	-0.820639	0.062901	0.815050	0.571439	0.095661
01743	9.687947	1.118356	1.670335	0.048700	0.063410	-0.078603	-0.115307	-0.002766	0.993326	0.568300	-0.820353	0.063685	0.814702	0.571851	0.096164
01744	9.700269	0.845887	1.366966	-0.055771	0.057576	-0.092484	-0.116227	-0.002349	0.993220	0.567783	-0.820647	0.064501	0.814932	0.571430	0.096715
01745	9.678012	0.496928	1.205409	-0.102964	0.038638	-0.090835	-0.116953	-0.001812	0.993136	0.566875	-0.821215	0.065257	0.815460	0.570616	0.097071
01746	9.638077	0.291921	1.147783	-0.110737	0.027492	-0.101243	-0.117677	-0.001150	0.993051	0.565897	-0.821822	0.066107	0.816035	0.569744	0.097360
01747	9.704138	0.205618	1.195179	-0.104904	0.017825	-0.106839	-0.118321	-0.000366	0.992975	0.564965	-0.822389	0.067017	0.816587	0.568926	0.097513
01748	9.700895	0.153082	1.150246	-0.097212	0.010562	-0.103797	-0.118919	0.000415	0.992904	0.564092	-0.822915	0.067905	0.817104	0.568164	0.097626
01749	9.770160	0.220727	1.146324	-0.068680	0.014295	-0.094676	-0.119469	0.001122	0.992837	0.563448	-0.823288	0.068731	0.817468	0.567623	0.097725
01750	9.672542	0.314406	0.927342	-0.027519	0.029806	-0.099842	-0.120201	0.001762	0.992748	0.563148	-0.823416	0.069647	0.817567	0.567435	0.097983
01751	9.842747	0.382983	0.665404	0.014454	0.044472	-0.114675	-0.121109	0.002463	0.992636	0.563157	-0.823315	0.070752	0.817427	0.567579	0.098324
01752	9.816788	0.282889	0.204046	0.081171	0.035597	-0.117836	-0.121990	0.003218	0.992526	0.563722	-0.822825	0.071953	0.816907	0.568286	0.098562
01753	9.702179	0.080328	0.136868	0.154675	0.006652	-0.119090	-0.122610	0.004162	0.992446	0.564890	-0.821910	0.073236	0.816006	0.569603	0.098423
01754	9.805926	0.042383	0.365154	0.234911	-0.009220	-0.130239	-0.123198	0.005272	0.992368	0.566690	-0.820537	0.074711	0.814668	0.571569	0.098101
01755	9.776206	0.104511	0.507916	0.329328	-0.008061	-0.138440	-0.123807	0.006445	0.992285	0.569293	-0.818582	0.076347	0.812759	0.574354	0.097677
01756	9.790836	0.308429	0.977561	0.422495	-0.006854	-0.132941	-0.124436	0.007559	0.992199	0.572602	-0.816112	0.078030	0.810335	0.577844	0.097226
01757	9.862326	0.907062	1.315938	0.446955	0.001799	-0.129500	-0.125086	0.008605	0.992109	0.576110	-0.813478	0.079692	0.807744	0.581532	0.096797
01758	9.744067	1.352487	1.714167	0.377585	-0.004094	-0.122936	-0.125688	0.009616	0.992023	0.579046	-0.811238	0.081228	0.805548	0.584636	0.096395
01759	9.642542	1.834744	1.992717	0.236736	-0.006052	-0.111882	-0.126180	0.010557	0.991951	0.580880	-0.809797	0.082508	0.804150	0.586615	0.096048
01760	9.441756	1.932286	1.934331	0.023347	-0.030420	-0.128007	-0.126605	0.011761	0.991884	0.580950	-0.809619	0.083752	0.804033	0.586838	0.095669
01761	9.555592	1.530598	1.641913	-0.202455	-0.059544	-0.153908	-0.126915	0.013360	0.991824	0.579179	-0.810753	0.085033	0.805260	0.585235	0.095160
01762	9.668094	0.761627	1.408791	-0.322889	-0.076411	-0.184825	-0.127293	0.015295	0.991747	0.576385	-0.812586	0.086512	0.807203	0.582641	0.094621
01763	9.699515	0.113783	1.195609	-0.339121	-0.087564	-0.209989	-0.127692	0.017512	0.991659	0.573438	-0.814485	0.088222	0.809237	0.579920	0.093961
01764	9.788714	-0.091565	1.148894	-0.293607	-0.075088	-0.227565	-0.128311	0.019790	0.991536	0.570812	-0.816116	0.090156	0.810993	0.577549	0.093420
01765	9.833201	-0.068790	1.174704	-0.212328	-0.063195	-0.225588	-0.128984	0.021996	0.991403	0.568849	-0.817264	0.092141	0.812265	0.575843	0.092901
01766	9.824540	0.084990	1.130873	-0.135579	-0.046252	-0.206501	-0.129707	0.023939	0.991263	0.567525	-0.817971	0.094015	0.813075	0.574761	0.092511
01767	9.783769	0.222926	1.187181	-0.065467	-0.020429	-0.177295	-0.130448	0.025513	0.991127	0.566777	-0.818299	0.095661	0.813479	0.574226	0.092286
01768	9.727380	0.382375	1.317341	0.003824	-0.007418	-0.149140	-0.131159	0.026764	0.991000	0.566658	-0.818213	0.097094	0.813447	0.574292	0.092150
01769	9.645336	0.421799	1.349835	0.059657	0.007382	-0.133023	-0.131872	0.027802	0.990877	0.567027	-0.817800	0.098409	0.813075	0.574831	0.092081
01770	9.635384	0.353671	1.408513	0.137001	0.011360	-0.118944	-0.132565	0.028697	0.990759	0.568028	-0.816953	0.099665	0.812263	0.575990	0.091999
01771	9.789689	0.297632	1.448045	0.207605	0.008021	-0.116970	-0.133198	0.029608	0.990647	0.569570	-0.815719	0.100961	0.811079	0.577691	0.091788
01772	9.856645	0.373310	1.532417	0.256547	-0.008897	-0.114117	-0.133703	0.030577	0.990550	0.571541	-0.814174	0.102278	0.809607	0.579815	0.091381
01773	9.930862	0.607590	1.803072	0.312842	-0.038307	-0.100178	-0.133870	0.031616	0.990494	0.573947	-0.812325	0.103501	0.807876	0.582347	0.090600
01774	10.372726	1.302838	2.502351	0.323997	-0.122567	-0.063642	-0.133173	0.032837	0.990549	0.576522	-0.810388	0.104374	0.806156	0.584973	0.088990
01775	9.923890	1.968789	3.203262	0.207543	-0.048199	-0.073471	-0.133114	0.033708	0.990527	0.578123	-0.809136	0.105228	0.805018	0.586654	0.088220
01776	9.994920	2.547822	4.012051	0.091584	0.059978	-0.095739	-0.134076	0.034120	0.990383	0.578776	-0.808540	0.106209	0.804389	0.587451	0.088658
01777	9.898411	2.341398	4.886350	-0.018067	0.317191	-0.084879	-0.137028	0.032923	0.990020	0.578589	-0.808574	0.106971	0.804026	0.587473	0.091748
01778	9.543948	1.660407	5.372296	-0.001209	0.596830	-0.049309	-0.142035	0.029804	0.989413	0.578556	-0.808540	0.107410	0.803181	0.587686	0.097598
01779	9.266604	1.219768	5.649315	0.039070	0.833670	-0.039674	-0.148879	0.025199	0.988534	0.578873	-0.808263	0.107786	0.801711	0.588283	0.105746
01780	9.121161	1.564244	6.266703	-0.100390	1.043438	-0.089214	-0.157681	0.019774	0.987292	0.577977	-0.808807	0.108508	0.800674	0.587742	0.116104
01781	9.234219	1.929599	6.528497	-0.362329	1.236499	-0.176150	-0.168533	0.013930	0.985598	0.574820	-0.810886	0.109753	0.800736	0.585038	0.128654
01782	9.079681	2.591914	6.732478	-0.512669	1.399374	-0.266811	-0.181196	0.007927	0.983415	0.570293	-0.813820	0.111637	0.801208	0.581063	0.142940
01783	9.162589	2.975868	6.655853	-0.568777	1.506344	-0.348325	-0.195194	0.002015	0.980763	0.565131	-0.817065	0.114153	0.801577	0.576541	0.158348
01784	9.576311	3.068660	6.516851	-0.637019	1.588659	-0.402793	-0.210123	-0.003817	0.977668	0.559255	-0.820699	0.116993	0.801924	0.571349	0.174582
01785	10.712635	2.855663	6.428083	-0.705217	1.676760	-0.451970	-0.226051	-0.009658	0.974068	0.552641	-0.824724	0.120073	0.802177	0.565453	0.191767
01786	12.173155	2.593321	6.947841	-0.713706	1.875763	-0.459942	-0.243547	-0.016418	0.969750	0.545888	-0.828771	0.123065	0.801680	0.559347	0.210808
01787	11.866642	2.065148	7.045225	-0.594395	2.042056	-0.402482	-0.262064	-0.024455	0.964741	0.540097	-0.832175	0.125618	0.799761	0.553973	0.231291
01788	11.037142	2.013785	6.523864	-0.460264	2.039157	-0.343649	-0.280118	-0.032857	0.959403	0.535543	-0.834786	0.127774	0.796698	0.549593	0.251435
01789	10.979821	2.195609	5.428434	-0.461215	1.954844	-0.354573	-0.297543	-0.040626	0.953844	0.530873	-0.837432	0.129933	0.793500	0.545030	0.270739
01790	11.148188	2.767163	4.755257	-0.533630	2.027156	-0.434339	-0.315817	-0.047992	0.947606	0.525368	-0.840491	0.132527	0.790094	0.539696	0.290655
01791	11.630679	2.965001	4.676261	-0.531502	2.214510	-0.522398	-0.335996	-0.055507	0.940226	0.519481	-0.843616	0.135836	0.785650	0.534070	0.312287
01792	9.960609	2.304407	5.062821	-0.075418	2.269060	-0.526244	-0.356397	-0.063178	0.932196	0.517124	-0.844302	0.140485	0.778180	0.532130	0.333578
01793	7.513310	2.816123	3.656000	0.176169	1.444340	-0.467909	-0.370006	-0.066964	0.926613	0.516833	-0.843647	0.145408	0.771997	0.532706	0.346764
01794	9.420587	3.125485	-0.051382	-0.959778	0.862123	-0.472464	-0.379020	-0.067537	0.922921	0.507702	-0.849008	0.146372	0.773681	0.524046	0.356080
01795	10.598884	2.267130	0.105939	-1.514206	0.745622	-0.526722	-0.387440	-0.066933	0.919462	0.493963	-0.857181	0.145746	0.778390	0.510648	0.365169
01796	11.004162	1.383320	-0.818473	-1.499814	0.818853	-0.486084	-0.396131	-0.066892	0.915754	0.480410	-0.865037	0.144625	0.782487	0.497228	0.374804
01797	12.665789	0.076788	-1.211360	-1.495488	0.949461	-0.320982	-0.405083	-0.068790	0.911688	0.467437	-0.872571	0.141853	0.785755	0.483619	0.385619
01798	14.979338	-0.460600	-1.049449	-1.237607	1.112388	-0.143050	-0.414425	-0.072874	0.907161	0.457177	-0.878560	0.138279	0.786919	0.472039	0.397413
01799	13.420030	-1.033091	-1.030563	-0.798655	1.371426	-0.091404	-0.425585	-0.078518	0.901505	0.450563	-0.882347	0.135854	0.784774	0.464002	0.410891
01800	9.939182	-0.900276	-0.543458	-0.369619	1.487705	-0.064535	-0.437449	-0.084840	0.895232	0.447452	-0.884081	0.134861	0.780016	0.459568	0.424702
01801	8.630459	0.031367	0.294835	-0.065606	1.480113	-0.069900	-0.449213	-0.091042	0.888774	0.446685	-0.884421	0.135173	0.773744	0.457724	0.437961
01802	8.355024	0.465808	1.052419	-0.012075	1.413055	-0.075596	-0.460374	-0.096853	0.882426	0.446308	-0.884521	0.135762	0.767375	0.456336	0.450437
01803	8.302014	0.511695	1.405263	-0.120667	1.305308	-0.073713	-0.470628	-0.102173	0.876396	0.445099	-0.885120	0.135830	0.761837	0.454009	0.462039
01804	7.823181	0.705261	1.319635	-0.288071	1.192723	-0.039508	-0.479799	-0.107238	0.870800	0.442784	-0.886437	0.134805	0.757453	0.450255	0.472795
01805	7.196060	0.934070	1.101675	-0.363602	1.084465	0.007247	-0.487902	-0.112191	0.865659	0.440131	-0.888033	0.132975	0.753815	0.445882	0.482651
01806	6.619690	1.215872	1.114573	-0.295724	0.990453	0.049734	-0.495068	-0.117054	0.860934	0.438212	-0.889262	0.131082	0.750252	0.442166	0.491539
01807	6.203449	1.238717	1.265716	-0.228542	0.874496	0.079560	-0.501201	-0.121643	0.856739	0.436960	-0.890148	0.129239	0.746903	0.439135	0.499296
01808	6.081203	1.012953	1.346095	-0.220424	0.726751	0.097792	-0.506129	-0.125718	0.853246	0.435870	-0.890965	0.127274	0.744212	0.436321	0.505740
01809	6.050058	0.625387	1.406738	-0.252138	0.587150	0.115499	-0.509921	-0.129327	0.850444	0.434646	-0.891887	0.124982	0.742336	0.433374	0.511003
01810	6.215947	0.205702	1.600816	-0.259791	0.450632	0.120909	-0.512676	-0.132376	0.848316	0.433399	-0.892824	0.122602	0.741167	0.430514	0.515101
01811	6.572423	-0.032564	2.091677	-0.233144	0.343148	0.152714	-0.514484	-0.135239	0.846769	0.432522	-0.893592	0.120077	0.740427	0.428023	0.518232
01812	6.857011	-0.188346	2.773925	-0.190952	0.291789	0.216535	-0.515644	-0.138444	0.845544	0.432285	-0.894084	0.117232	0.739757	0.425966	0.520876
01813	7.039658	-0.415594	3.236120	-0.089242	0.289376	0.296351	-0.516424	-0.142352	0.844418	0.433222	-0.894019	0.114234	0.738665	0.424814	0.523362
01814	7.145786	-0.632943	3.713492	0.127000	0.344800	0.374218	-0.517277	-0.147185	0.843067	0.436154	-0.892910	0.111722	0.736338	0.425499	0.526077
01815	6.574272	-0.730699	3.946439	0.257387	0.322911	0.416280	-0.517746	-0.152305	0.841868	0.440268	-0.891159	0.109541	0.733555	0.427362	0.528449
01816	6.747755	-0.537106	3.431175	0.170895	0.197959	0.391539	-0.517403	-0.156663	0.841280	0.443608	-0.889795	0.107130	0.731783	0.428628	0.529879
01817	6.902202	-0.113515	3.607265	0.240469	0.199679	0.319058	-0.517358	-0.160389	0.840604	0.447085	-0.888226	0.105687	0.729695	0.430500	0.531239
01818	6.612280	0.441327	3.962191	0.342716	-0.001344	0.270815	-0.516069	-0.162810	0.840931	0.451044	-0.886279	0.105210	0.728171	0.433593	0.530815
01819	7.603014	0.867134	4.226701	0.423367	-0.236874	0.212538	-0.513298	-0.163692	0.842455	0.455288	-0.884057	0.105626	0.727488	0.437777	0.528311
01820	8.032073	1.180018	4.675987	0.520246	-0.237479	0.174433	-0.510709	-0.164209	0.843926	0.460024	-0.881451	0.106877	0.726329	0.442809	0.525705
01821	7.879555	1.332276	5.517894	0.538520	-0.141074	0.170298	-0.508813	-0.165111	0.844895	0.464867	-0.878741	0.108227	0.724574	0.447832	0.523869
01822	7.338382	1.338289	6.379916	0.533760	-0.107893	0.206437	-0.507003	-0.166458	0.845718	0.469839	-0.875965	0.109254	0.722633	0.452743	0.522326
01823	6.965644	0.977764	6.025619	0.534111	-0.283990	0.253013	-0.503674	-0.167409	0.847518	0.475042	-0.873079	0.109856	0.721559	0.457938	0.519274
01824	7.263092	0.865972	5.356095	0.479642	-0.385408	0.280024	-0.499493	-0.168097	0.849853	0.479967	-0.870371	0.109941	0.721207	0.462816	0.515424
01825	7.239676	1.318788	5.457898	0.507212	-0.358759	0.293909	-0.495407	-0.169012	0.852060	0.485151	-0.867483	0.110007	0.720555	0.467876	0.511754
01826	7.019079	2.396507	6.206392	0.594023	-0.326896	0.286206	-0.491592	-0.169971	0.854077	0.490900	-0.864171	0.110573	0.719274	0.473623	0.508258
01827	7.114711	3.881443	7.063636	0.594943	-0.319712	0.253719	-0.487965	-0.170666	0.856016	0.496482	-0.860872	0.111381	0.717911	0.479347	0.504807
01828	6.971815	4.984895	7.648771	0.362538	-0.427783	0.225876	-0.483702	-0.170568	0.858452	0.500242	-0.858710	0.111246	0.718186	0.483243	0.500685
01829	6.789423	5.053027	7.006309	-0.020516	-0.632697	0.226780	-0.477945	-0.169478	0.861885	0.501244	-0.858392	0.109165	0.721334	0.484190	0.495214
01830	7.238220	4.016110	5.937496	-0.587419	-0.926448	0.265014	-0.469837	-0.167306	0.866753	0.498300	-0.860749	0.103965	0.728663	0.480750	0.487780
01831	8.166105	1.181990	4.217686	-1.128833	-1.119833	0.356659	-0.459792	-0.165062	0.872551	0.491728	-0.865509	0.095387	0.739456	0.472916	0.479120
01832	9.431466	-0.563097	1.677898	-1.310472	-1.286277	0.442308	-0.447978	-0.162899	0.879079	0.484023	-0.870890	0.085276	0.751690	0.463697	0.468986
01833	10.129410	-0.741182	0.456712	-0.986026	-1.314410	0.467072	-0.435715	-0.160942	0.885579	0.478681	-0.874645	0.076561	0.762245	0.457269	0.458136
01834	9.894937	-0.837960	2.012269	-0.093490	-1.072508	0.392537	-0.425565	-0.159487	0.890763	0.479715	-0.874414	0.072625	0.767312	0.458219	0.448628
01835	9.470475	-0.062050	4.560191	1.029153	-0.774700	0.373084	-0.417745	-0.159170	0.894513	0.489236	-0.869020	0.073844	0.765596	0.468476	0.440900
01836	9.929139	1.851148	8.043353	1.844198	-0.414531	0.258661	-0.413234	-0.159449	0.896557	0.504419	-0.859783	0.079584	0.758155	0.485127	0.435721
01837	10.569853	4.669721	10.608101	2.021402	-0.478530	0.131073	-0.408883	-0.158222	0.898766	0.520257	-0.849554	0.087126	0.749765	0.503214	0.429684
01838	12.451020	6.393212	11.033086	1.913967	-0.643105	0.157592	-0.403184	-0.156278	0.901676	0.535232	-0.839477	0.093831	0.742273	0.520437	0.422109
01839	10.822468	5.251482	9.937640	1.632771	-0.736580	0.408075	-0.395470	-0.155808	0.905167	0.548985	-0.830190	0.096951	0.736355	0.535264	0.413851
01840	8.291571	5.752911	6.553687	0.920941	-1.000008	0.580969	-0.384827	-0.155229	0.909842	0.558083	-0.824281	0.095415	0.735154	0.544485	0.403836
01841	6.765089	6.857783	4.822706	0.010617	-0.965639	0.408696	-0.375383	-0.153335	0.914099	0.559760	-0.823563	0.091723	0.738754	0.546107	0.394982
01842	7.205759	6.330631	4.520464	-1.066134	-0.929307	0.072609	-0.368000	-0.148908	0.917825	0.552158	-0.829203	0.086857	0.748130	0.538747	0.387367
01843	8.524836	3.654967	3.365283	-2.002127	-0.925489	-0.155930	-0.361827	-0.142685	0.921261	0.536508	-0.840036	0.080610	0.762391	0.523431	0.380499
01844	9.411825	0.884646	1.899320	-2.419406	-0.997625	-0.152289	-0.354872	-0.136285	0.924928	0.517373	-0.852652	0.072868	0.778711	0.504392	0.373092
01845	9.816789	-1.543734	1.092234	-2.305665	-1.015797	-0.067493	-0.347195	-0.130668	0.928645	0.499047	-0.864134	0.064989	0.793982	0.486002	0.365232
01846	9.753497	-3.333578	0.529020	-1.862460	-0.970169	0.005201	-0.339336	-0.126090	0.932176	0.484216	-0.873012	0.058180	0.806465	0.471117	0.357299
01847	9.860438	-4.326607	0.359497	-1.283228	-0.892977	0.048568	-0.331818	-0.122353	0.935375	0.474017	-0.878908	0.053188	0.815601	0.461033	0.349635
01848	10.350816	-4.566277	0.782709	-0.719564	-0.793577	0.085619	-0.324849	-0.119491	0.938187	0.468464	-0.882075	0.049863	0.821593	0.455704	0.342518
01849	10.213148	-3.969101	1.313160	-0.163687	-0.694239	0.176960	-0.318251	-0.117900	0.940647	0.467736	-0.882584	0.047628	0.824585	0.455132	0.336029
01850	9.260391	-2.652742	1.378589	0.242395	-0.661795	0.254369	-0.311527	-0.117143	0.942989	0.470592	-0.881151	0.046005	0.825527	0.458095	0.329629
01851	9.008326	-1.041200	1.584392	0.584001	-0.634146	0.261996	-0.304989	-0.116539	0.945199	0.476271	-0.878125	0.045410	0.824711	0.464020	0.323323
01852	9.468803	0.814778	2.343655	0.782489	-0.596500	0.198321	-0.299053	-0.115507	0.947220	0.483370	-0.874206	0.046004	0.822752	0.471616	0.317267
01853	10.023718	2.416218	3.024217	0.685325	-0.615452	0.117502	-0.293353	-0.113624	0.949228	0.489405	-0.870788	0.047013	0.821235	0.478348	0.311057
01854	9.972267	3.106465	3.187493	0.397547	-0.669910	0.061754	-0.287478	-0.110963	0.951338	0.492903	-0.868781	0.047613	0.821221	0.482605	0.304449
01855	9.796065	2.615485	2.965277	0.055096	-0.752688	0.053019	-0.280961	-0.107795	0.953646	0.493558	-0.868428	0.047249	0.823080	0.483955	0.297197
01856	9.259219	1.560327	2.537519	-0.190006	-0.811393	0.051173	-0.273947	-0.104335	0.956069	0.492186	-0.869265	0.046166	0.826260	0.483211	0.289484
01857	9.516729	1.065685	2.471313	-0.379652	-0.871983	0.055026	-0.266387	-0.100616	0.958600	0.489240	-0.871011	0.044534	0.830471	0.480849	0.281252
01858	9.993861	0.675892	2.302248	-0.531835	-0.908316	0.047857	-0.258517	-0.096702	0.961154	0.484988	-0.873484	0.042563	0.835437	0.477152	0.272710
01859	9.877886	0.462137	1.945350	-0.642294	-0.918278	0.032566	-0.250597	-0.092632	0.963650	0.479738	-0.876476	0.040504	0.840864	0.472449	0.264081
01860	9.606817	0.430912	1.679253	-0.676579	-0.897158	0.005921	-0.242930	-0.088489	0.965999	0.474097	-0.879624	0.038650	0.846296	0.467367	0.255639
01861	9.204846	0.029533	1.489147	-0.712239	-0.863206	-0.059039	-0.235811	-0.083962	0.968165	0.467959	-0.882958	0.037406	0.851709	0.461882	0.247502
01862	9.710325	-0.618137	0.716353	-0.781595	-0.841019	-0.115904	-0.229091	-0.079100	0.970186	0.461063	-0.886613	0.036586	0.857285	0.455698	0.239585
01863	9.589322	-0.846080	0.617132	-0.616551	-0.826612	-0.121690	-0.222471	-0.074278	0.972106	0.455539	-0.889476	0.036288	0.861969	0.450905	0.231719
01864	9.520913	-0.787666	1.109008	-0.417325	-0.866072	-0.089237	-0.215324	-0.069614	0.974058	0.451790	-0.891391	0.036166	0.865749	0.447858	0.223388
01865	9.651924	-1.161234	1.166969	-0.261645	-0.855217	-0.088989	-0.208231	-0.065005	0.975917	0.449385	-0.892595	0.036430	0.868731	0.446148	0.215078
01866	9.670171	-1.205292	1.308886	-0.054737	-0.838763	-0.115138	-0.201382	-0.060257	0.977658	0.448724	-0.892887	0.037398	0.870685	0.446230	0.206851
01867	9.684548	-1.417973	1.319108	0.145228	-0.841955	-0.104942	-0.194438	-0.055567	0.979340	0.449835	-0.892274	0.038684	0.871689	0.448063	0.198488
01868	10.060167	-1.148774	0.833595	0.334157	-0.862129	-0.070783	-0.187171	-0.051080	0.980998	0.452663	-0.890785	0.039983	0.871816	0.451546	0.189851
01869	10.222449	-0.910856	0.905572	0.444727	-0.895825	-0.019670	-0.179367	-0.046854	0.982666	0.456557	-0.888751	0.040960	0.871426	0.455990	0.180804
01870	9.827613	-0.171157	1.106859	0.562169	-0.968275	0.039406	-0.170681	-0.042784	0.984397	0.461573	-0.886130	0.041517	0.870528	0.461457	0.170993
01871	9.247067	0.907813	1.395173	0.593804	-1.009684	0.073085	-0.161469	-0.038756	0.986116	0.466914	-0.883317	0.041738	0.869436	0.467171	0.160724
01872	8.984607	1.832314	1.896118	0.461472	-1.065393	0.051465	-0.151895	-0.034230	0.987804	0.471054	-0.881109	0.041902	0.868928	0.471674	0.149960
01873	9.226546	2.194834	2.128727	0.160517	-1.116594	-0.009046	-0.142144	-0.028884	0.989425	0.472488	-0.880327	0.042180	0.869799	0.473487	0.138780
01874	9.438712	1.763170	2.092783	-0.152516	-1.158259	-0.078988	-0.132356	-0.022731	0.990942	0.471099	-0.881046	0.042713	0.872094	0.472485	0.127320
01875	9.512950	0.840177	2.002982	-0.330247	-1.148247	-0.158826	-0.122988	-0.015929	0.992280	0.468061	-0.882608	0.043845	0.875096	0.469840	0.116005
01876	9.849098	0.212342	2.251548	-0.346555	-1.108271	-0.190554	-0.114089	-0.009075	0.993429	0.464844	-0.884232	0.045307	0.878011	0.466959	0.105100
01877	9.760055	-0.054417	2.255517	-0.330355	-1.087528	-0.147609	-0.105129	-0.002716	0.994455	0.461826	-0.885756	0.046403	0.880718	0.464143	0.094373
01878	9.918421	-0.301170	1.822818	-0.231597	-1.081313	-0.067301	-0.095832	0.002867	0.995393	0.459762	-0.886807	0.046818	0.882856	0.462131	0.083667
01879	9.710001	-0.501976	1.531338	-0.113144	-1.053595	-0.028447	-0.086574	0.007970	0.996214	0.458784	-0.887306	0.046969	0.884320	0.461113	0.073161
01880	9.483773	-0.671478	1.700485	0.006951	-1.032948	-0.013097	-0.077423	0.012827	0.996916	0.458880	-0.887251	0.047054	0.885118	0.461108	0.062808
01881	9.527072	-1.165324	1.509432	0.182928	-1.044015	-0.019436	-0.068194	0.017805	0.997513	0.460531	-0.886382	0.047306	0.885020	0.462612	0.052246
01882	9.495918	-0.998362	1.627688	0.350539	-1.081693	-0.016933	-0.058632	0.022954	0.998016	0.463666	-0.884731	0.047588	0.884068	0.465536	0.041231
01883	10.531128	-0.971906	2.604858	0.459774	-1.058094	-0.012927	-0.049269	0.027993	0.998393	0.467766	-0.882557	0.047829	0.882478	0.469370	0.030388
01884	10.206136	-0.519682	3.872545	0.600451	-0.940220	0.035717	-0.040742	0.032095	0.998654	0.473117	-0.879714	0.047574	0.880057	0.474418	0.020657
01885	9.707265	0.485820	4.230966	0.577786	-0.904382	0.097726	-0.032256	0.035522	0.998848	0.478274	-0.876972	0.046633	0.877618	0.479227	0.011298
01886	9.510173	1.312498	3.905816	0.434235	-0.869508	0.130782	-0.023932	0.038539	0.998970	0.482160	-0.874911	0.045304	0.875756	0.482747	0.002357
01887	9.243077	1.685769	3.329909	0.211086	-0.869529	0.084957	-0.015847	0.041971	0.998993	0.484064	-0.873906	0.044395	0.874889	0.484280	-0.006468
01888	9.698921	1.692105	2.305131	-0.107459	-0.944281	-0.014681	-0.007580	0.046647	0.998883	0.483163	-0.874399	0.044500	0.875498	0.482961	-0.015910
01889	10.595008	1.594516	1.432855	-0.368178	-0.976423	-0.116991	0.000469	0.052339	0.998629	0.479969	-0.876095	0.045691	0.877286	0.479289	-0.025532
01890	11.156131	0.796453	0.593161	-0.515748	-0.955514	-0.162336	0.008161	0.058298	0.998266	0.475485	-0.878445	0.047413	0.879686	0.474274	-0.034889
01891	11.275001	0.349538	0.324821	-0.453629	-0.905346	-0.144909	0.015500	0.063815	0.997841	0.471542	-0.880482	0.048985	0.881707	0.469765	-0.043739
01892	11.192608	0.151154	0.684099	-0.369938	-0.820071	-0.096756	0.022356	0.068484	0.997402	0.468336	-0.882131	0.050072	0.883268	0.465999	-0.051794
01893	10.918682	0.066382	1.611613	-0.295394	-0.727230	-0.055247	0.028575	0.072317	0.996972	0.465772	-0.883449	0.050732	0.884443	0.462912	-0.058928
01894	10.625616	0.279425	2.193285	-0.282249	-0.653848	-0.055707	0.034176	0.075804	0.996537	0.463331	-0.884693	0.051407	0.885526	0.459970	-0.065358
01895	10.116076	0.342036	2.495088	-0.335625	-0.581394	-0.103417	0.038896	0.079348	0.996088	0.460426	-0.886138	0.052610	0.886845	0.456579	-0.071001
01896	10.339438	0.361987	2.749099	-0.386693	-0.514425	-0.157776	0.042811	0.083064	0.995624	0.457098	-0.887751	0.054409	0.888386	0.452768	-0.075973
01897	10.485197	0.192532	2.617716	-0.436014	-0.441730	-0.201731	0.045859	0.086805	0.995169	0.453339	-0.889533	0.056701	0.890158	0.448549	-0.080145
01898	10.450707	0.281077	2.428370	-0.428551	-0.371668	-0.218177	0.048258	0.090385	0.994737	0.449662	-0.891237	0.059166	0.891894	0.444440	-0.083652
01899	10.794322	0.506783	2.448178	-0.400398	-0.304680	-0.230285	0.049978	0.093740	0.994341	0.446228	-0.892787	0.061738	0.893523	0.440617	-0.086449
01900	11.428808	0.670250	2.788270	-0.370512	-0.200296	-0.258138	0.050693	0.096903	0.994002	0.443083	-0.894152	0.064572	0.895046	0.437152	-0.088264
01901	12.458262	0.618621	3.552203	-0.355176	0.008022	-0.282572	0.049398	0.099345	0.993826	0.440067	-0.895414	0.067634	0.896605	0.434009	-0.087950
01902	12.394569	0.857043	4.267472	-0.304564	0.324982	-0.309736	0.045195	0.100689	0.993891	0.437520	-0.896408	0.070918	0.898072	0.431642	-0.084567
01903	11.962303	1.484521	4.966601	-0.242548	0.691842	-0.336750	0.037521	0.100671	0.994212	0.435501	-0.897108	0.074403	0.899406	0.430188	-0.077503
01904	10.838501	2.187822	5.630613	-0.120777	1.082956	-0.358309	0.026289	0.099203	0.994720	0.434568	-0.897255	0.077998	0.900255	0.430223	-0.066698
01905	9.619430	3.198960	6.758740	0.019021	1.396220	-0.399889	0.011979	0.096712	0.995240	0.434833	-0.896778	0.081910	0.900431	0.431782	-0.052796
01906	8.619655	3.544549	7.459495	-0.031569	1.503793	-0.495018	-0.003643	0.094624	0.995506	0.434611	-0.896426	0.086797	0.900611	0.432975	-0.037859
01907	8.884102	3.742900	6.881916	-0.444864	1.564159	-0.623240	-0.020459	0.093401	0.995418	0.430536	-0.897760	0.093087	0.902341	0.430468	-0.021845
01908	8.769087	3.462573	5.886466	-0.959569	1.618004	-0.719453	-0.038082	0.092940	0.994943	0.421693	-0.901172	0.100322	0.905939	0.423381	-0.004874
01909	8.850486	2.747093	4.979306	-1.351424	1.672107	-0.776355	-0.056532	0.092904	0.994069	0.409054	-0.906103	0.107946	0.910757	0.412730	0.013221
01910	9.754016	2.049410	4.432428	-1.624215	1.831887	-0.788421	-0.076360	0.092604	0.992771	0.393740	-0.911956	0.115350	0.916045	0.399701	0.033175
01911	10.514918	1.341153	4.117405	-1.737333	2.138162	-0.734673	-0.098878	0.090867	0.990942	0.377138	-0.918110	0.121820	0.920864	0.385767	0.056512
01912	10.267718	1.109034	2.672630	-1.458250	2.210299	-0.610001	-0.121454	0.088054	0.988684	0.363064	-0.923094	0.126812	0.923815	0.374357	0.080144
01913	10.271312	1.049681	0.989180	-1.188716	2.102933	-0.455359	-0.142577	0.084425	0.986176	0.351471	-0.927103	0.130183	0.925278	0.365174	0.102511
01914	11.139680	1.256588	-0.915316	-1.528739	1.681670	-0.336684	-0.159251	0.081492	0.983869	0.336848	-0.932297	0.131744	0.927994	0.352394	0.121019
01915	12.778805	0.829998	-2.311082	-2.284243	1.596597	-0.207662	-0.174834	0.077906	0.981511	0.315249	-0.939957	0.130762	0.932765	0.332282	0.139776
01916	14.102614	-0.109849	-2.834373	-2.441040	1.609735	-0.016322	-0.189868	0.072854	0.979103	0.292447	-0.947780	0.127234	0.937243	0.310494	0.158648
01917	14.544999	-0.962453	-3.072732	-2.074863	1.756261	0.170684	-0.205907	0.065873	0.976352	0.273322	-0.954152	0.122017	0.939626	0.291983	0.178462
01918	14.518386	-1.395957	-3.612233	-1.500177	1.910105	0.339497	-0.222885	0.057139	0.973169	0.260009	-0.958633	0.115835	0.939531	0.278851	0.198808
01919	13.912448	-1.981396	-3.716316	-1.014358	2.007780	0.451722	-0.240597	0.047219	0.969476	0.251556	-0.961655	0.109267	0.937461	0.270167	0.219493
01920	13.088752	-2.313657	-2.716854	-0.495206	2.083374	0.507666	-0.258755	0.036708	0.965245	0.248248	-0.963186	0.103178	0.933498	0.266318	0.240116
01921	12.759961	-1.197098	-1.882657	0.086156	2.073626	0.529102	-0.276741	0.025997	0.960593	0.250498	-0.963120	0.098232	0.927720	0.267812	0.260023
01922	12.433108	-0.556954	-1.712014	0.345818	2.002433	0.534755	-0.293837	0.015412	0.955731	0.255279	-0.962287	0.094002	0.921136	0.271599	0.278821
01923	11.924073	0.024062	-1.555673	0.426595	1.863285	0.500251	-0.309642	0.005422	0.950838	0.260743	-0.961167	0.090392	0.914404	0.275914	0.296204
01924	11.452553	0.561562	-1.090847	0.461333	1.770514	0.424943	-0.324588	-0.003621	0.945848	0.266353	-0.959875	0.087730	0.907578	0.280406	0.312529
01925	10.295473	0.916728	-0.821614	0.504743	1.749329	0.337493	-0.339477	-0.011881	0.940539	0.272083	-0.958414	0.086098	0.900404	0.285133	0.328592
01926	9.309143	1.640946	-1.056937	0.472927	1.698539	0.329629	-0.353741	-0.019952	0.935131	0.277527	-0.956989	0.084564	0.893223	0.289437	0.344063
01927	8.977962	1.615660	-1.451598	0.432838	1.698704	0.423113	-0.367639	-0.029019	0.929516	0.282954	-0.955615	0.082079	0.885877	0.293186	0.359533
01928	9.010204	1.189542	-1.318077	0.611655	1.693756	0.538456	-0.380969	-0.039205	0.923756	0.290424	-0.953606	0.079303	0.877791	0.298493	0.374680
01929	8.597040	0.863182	-0.985142	0.782783	1.672829	0.596616	-0.393783	-0.050003	0.917843	0.299628	-0.950965	0.076742	0.868998	0.305231	0.389456
01930	7.882481	1.200222	-0.385003	0.783837	1.589489	0.561340	-0.405756	-0.060271	0.911992	0.308711	-0.948219	0.074684	0.860267	0.311845	0.403352
01931	7.452339	1.639466	-0.142197	0.651393	1.478385	0.506637	-0.416785	-0.069781	0.906323	0.316431	-0.945826	0.072693	0.852151	0.317086	0.416287
01932	7.178667	1.696464	-0.213331	0.558668	1.361666	0.469169	-0.426774	-0.078593	0.900937	0.323211	-0.943676	0.070784	0.844629	0.321402	0.428139
01933	7.059365	1.288249	-0.415152	0.511312	1.253276	0.450553	-0.435793	-0.086950	0.895837	0.329516	-0.941632	0.068904	0.837558	0.325221	0.439008
01934	6.910878	1.035843	-0.441103	0.483464	1.157850	0.448425	-0.443898	-0.094986	0.891029	0.335584	-0.939623	0.067017	0.830866	0.328764	0.448973
01935	6.761580	1.067576	-0.418555	0.443199	1.033766	0.448693	-0.450879	-0.102666	0.886661	0.341324	-0.937696	0.064993	0.824746	0.331943	0.457830
01936	6.504000	1.204776	-0.420274	0.389385	0.887210	0.437913	-0.456603	-0.109757	0.882874	0.346575	-0.935912	0.062890	0.819390	0.334698	0.465379
01937	6.492137	1.568604	-0.228922	0.311713	0.703542	0.405009	-0.460875	-0.115956	0.879857	0.351046	-0.934386	0.060738	0.815083	0.336863	0.471341
01938	6.490976	1.866348	-0.104172	0.217879	0.483809	0.360146	-0.463478	-0.120984	0.877810	0.354546	-0.933202	0.058580	0.812087	0.338374	0.475413
01939	6.790953	1.657042	-0.468272	0.135684	0.246377	0.324414	-0.464252	-0.124889	0.876854	0.357219	-0.932320	0.056341	0.810472	0.339386	0.477444
01940	7.048841	1.318754	-0.448055	0.132688	0.148456	0.312928	-0.464269	-0.128340	0.876346	0.359809	-0.931450	0.054208	0.809316	0.340484	0.478621
01941	6.741236	1.237846	0.194615	0.081010	0.119884	0.311504	-0.464037	-0.131689	0.875972	0.361979	-0.930744	0.051831	0.808480	0.341136	0.479569
01942	6.929778	1.516277	0.670201	0.151759	0.077709	0.320645	-0.463437	-0.134968	0.875791	0.364755	-0.929775	0.049727	0.807577	0.342494	0.480122
01943	8.192865	1.039990	1.348690	0.264007	0.066415	0.324825	-0.462699	-0.138251	0.875669	0.368460	-0.928398	0.048117	0.806317	0.344913	0.480509
01944	8.544347	-0.600590	2.561547	0.204753	0.061777	0.338768	-0.461880	-0.141638	0.875560	0.371738	-0.927192	0.046111	0.805281	0.346777	0.480903
01945	8.285010	-2.279138	2.835092	0.170450	-0.201595	0.383248	-0.458738	-0.144523	0.876740	0.374947	-0.926023	0.043537	0.805589	0.348703	0.478990
01946	9.101082	-2.194185	3.538489	0.609309	-0.262093	0.412925	-0.455002	-0.147449	0.878198	0.381801	-0.923253	0.042801	0.804489	0.354771	0.476378
01947	8.927379	-0.884424	4.828960	1.249436	-0.034832	0.401962	-0.453070	-0.151063	0.878583	0.393723	-0.918119	0.045175	0.799819	0.366385	0.475449
01948	8.150132	1.558527	8.024712	1.723934	0.013111	0.329236	-0.451788	-0.154152	0.878706	0.409002	-0.911138	0.050448	0.792846	0.382184	0.474690
01949	10.492695	4.865253	14.789662	1.625513	0.244193	0.191758	-0.452827	-0.156882	0.877688	0.422767	-0.904479	0.056448	0.784995	0.396618	0.475896
01950	9.540737	6.586279	18.209331	1.388947	0.727269	0.026574	-0.458323	-0.160073	0.874252	0.433787	-0.898821	0.062839	0.775737	0.408040	0.481388
01951	6.088107	6.448996	16.783123	0.713706	0.683237	0.023117	-0.463435	-0.163118	0.870988	0.439470	-0.895825	0.066063	0.769477	0.413389	0.486842
01952	2.923431	4.896162	13.498826	0.110727	-0.175875	0.100904	-0.461572	-0.163318	0.871940	0.440849	-0.895174	0.065699	0.769808	0.414718	0.485185
01953	3.281428	2.099263	8.036238	-0.695610	-1.168103	0.242965	-0.451425	-0.160703	0.877719	0.436624	-0.897627	0.060215	0.778187	0.410416	0.475378
01954	5.327158	-1.210355	-0.451278	-1.348196	-1.846287	0.342227	-0.435383	-0.156315	0.886570	0.427615	-0.902529	0.050867	0.792204	0.401257	0.459789
01955	9.814950	-1.103328	-5.735503	-0.976902	-1.862384	0.267914	-0.419342	-0.151348	0.895123	0.421011	-0.905986	0.044048	0.804302	0.395327	0.443637
01956	13.280776	0.706998	-3.862637	0.164575	-1.344237	0.190726	-0.407626	-0.147764	0.901114	0.423186	-0.905020	0.043028	0.809169	0.398878	0.431441
01957	13.218847	2.522453	1.542497	1.061800	-0.763144	0.128640	-0.400849	-0.145863	0.904458	0.432346	-0.900514	0.046385	0.807711	0.409632	0.424033
01958	11.700318	1.909818	6.706433	1.118985	-0.517716	0.073875	-0.396284	-0.144403	0.906701	0.441721	-0.895735	0.050403	0.804886	0.420483	0.418752
01959	11.381624	-1.295292	7.592639	0.952878	-0.548676	0.283806	-0.390548	-0.144623	0.909152	0.450552	-0.891248	0.051770	0.802792	0.429838	0.413235
01960	10.845539	-1.157492	3.609321	1.152977	-0.829275	0.647502	-0.380875	-0.146786	0.912901	0.462351	-0.885254	0.050559	0.800728	0.441338	0.405038
01961	10.449156	1.996260	1.488290	1.608424	-0.902639	0.762859	-0.370017	-0.149474	0.916922	0.478116	-0.876873	0.049995	0.796550	0.456894	0.395924
01962	9.121664	5.588509	2.632777	1.496595	-0.884666	0.567981	-0.360164	-0.150347	0.920694	0.492137	-0.869046	0.050605	0.792517	0.471334	0.386990
01963	8.318777	8.621578	3.411037	0.436241	-0.903526	0.193029	-0.351981	-0.147749	0.924272	0.496336	-0.866662	0.050474	0.793574	0.476515	0.378382
