// General information: 
//  MT Manager version: 2022.2.0 
//  XDA version: 2022.2.0 build 7381 rev 124627 built on 2023-07-19
// Device information: 
//  DeviceId: 00B4CBA7
//  ProductCode: MTW2-3A7G6
//  Firmware Version: 4.6.0
//  Hardware Version: 2.0.0
// Device settings: 
//  Filter Profile: human(46.1)
//  Option Flags: Orientation Smoother Disabled, Position/Velocity Smoother Disabled, Continuous Zero Rotation Update Disabled, AHS Disabled, ICC Disabled
// Coordinate system: ENU
PacketCounter	Acc_X	Acc_Y	Acc_Z	Gyr_X	Gyr_Y	Gyr_Z	Mat[1][1]	Mat[2][1]	Mat[3][1]	Mat[1][2]	Mat[2][2]	Mat[3][2]	Mat[1][3]	Mat[2][3]	Mat[3][3]
16845	9.665661	0.486964	-1.239361	-0.018139	0.020322	0.007620	0.126645	0.035304	0.991320	-0.114940	-0.992112	0.050017	0.985266	-0.120276	-0.121588
16846	9.683702	0.552556	-1.286546	-0.004006	0.027311	0.008147	0.126367	0.035297	0.991355	-0.115008	-0.992106	0.049984	0.985294	-0.120331	-0.121310
16847	9.725149	0.629588	-1.285295	-0.003653	0.030237	0.010069	0.125922	0.035350	0.991410	-0.115035	-0.992103	0.049986	0.985348	-0.120341	-0.120861
16848	9.715671	0.642119	-1.243666	0.000513	0.028354	0.013499	0.125627	0.035291	0.991450	-0.115066	-0.992104	0.049895	0.985382	-0.120350	-0.120574
16849	9.697316	0.621337	-1.177157	0.003444	0.033282	0.013449	0.125420	0.035282	0.991476	-0.115257	-0.992082	0.049883	0.985386	-0.120530	-0.120361
16850	9.688912	0.586621	-1.149151	0.010945	0.034576	0.018067	0.125059	0.035185	0.991525	-0.115191	-0.992098	0.049734	0.985440	-0.120434	-0.120018
16851	9.683429	0.512798	-1.076124	0.022947	0.029341	0.014215	0.124702	0.035080	0.991574	-0.114901	-0.992140	0.049550	0.985519	-0.120112	-0.119691
16852	9.782590	0.450510	-1.118553	0.030337	0.036202	0.013292	0.124330	0.035032	0.991622	-0.114638	-0.992177	0.049425	0.985596	-0.119823	-0.119341
16853	9.890794	0.421161	-1.184920	0.061250	0.045920	0.011489	0.123967	0.035024	0.991668	-0.114128	-0.992241	0.049311	0.985701	-0.119290	-0.119008
16854	9.975055	0.426508	-1.283450	0.113226	0.075889	0.008749	0.123209	0.035068	0.991761	-0.113042	-0.992375	0.049134	0.985921	-0.118164	-0.118305
16855	9.908501	0.827460	-1.267954	0.085202	0.077994	0.017847	0.122458	0.035084	0.991853	-0.112346	-0.992461	0.048976	0.986095	-0.117428	-0.117594
16856	9.691147	0.488472	-1.258894	-0.044148	0.079710	0.029023	0.121640	0.034931	0.991959	-0.112836	-0.992415	0.048783	0.986140	-0.117863	-0.116776
16857	9.598667	0.313164	-1.275520	0.024606	0.078274	0.017556	0.120921	0.034838	0.992051	-0.112664	-0.992445	0.048585	0.986248	-0.117643	-0.116083
16858	9.550095	0.607985	-1.155844	0.004082	0.074112	0.017442	0.120172	0.034793	0.992143	-0.112664	-0.992451	0.048450	0.986340	-0.117601	-0.115344
16859	9.600806	0.465687	-1.100906	0.003685	0.078087	0.022881	0.119391	0.034676	0.992242	-0.112651	-0.992463	0.048238	0.986436	-0.117536	-0.114585
16860	9.615645	0.442061	-1.020423	0.042895	0.081766	0.021355	0.118562	0.034600	0.992344	-0.112272	-0.992517	0.048020	0.986579	-0.117106	-0.113790
16861	9.586021	0.402657	-0.976907	0.040686	0.079571	0.024786	0.117706	0.034543	0.992447	-0.111885	-0.992570	0.047817	0.986725	-0.116669	-0.112967
16862	9.631177	0.415608	-0.932693	0.049324	0.074253	0.020244	0.116952	0.034469	0.992539	-0.111442	-0.992630	0.047604	0.986865	-0.116178	-0.112249
16863	9.644678	0.360534	-0.919204	0.049769	0.067821	0.020811	0.116191	0.034368	0.992632	-0.110905	-0.992702	0.047352	0.987016	-0.115590	-0.111531
16864	9.654011	0.414488	-0.931338	0.056237	0.057205	0.019263	0.115605	0.034284	0.992703	-0.110392	-0.992770	0.047142	0.987142	-0.115036	-0.110985
16865	9.630683	0.447258	-0.961065	0.066822	0.045583	0.014946	0.115102	0.034251	0.992763	-0.109738	-0.992850	0.046977	0.987274	-0.114350	-0.110520
16866	9.701560	0.629852	-0.974372	0.042253	0.036225	0.016663	0.114726	0.034168	0.992809	-0.109359	-0.992900	0.046808	0.987359	-0.113943	-0.110175
16867	9.702197	0.549722	-1.051125	0.000460	0.028351	0.013399	0.114515	0.034103	0.992836	-0.109389	-0.992900	0.046723	0.987381	-0.113956	-0.109972
16868	9.704626	0.454737	-1.076056	-0.011798	0.021340	0.013921	0.114290	0.034030	0.992864	-0.109541	-0.992887	0.046640	0.987390	-0.114090	-0.109750
16869	9.702556	0.492161	-1.119478	-0.019265	0.020735	0.015721	0.113999	0.033857	0.992904	-0.109572	-0.992894	0.046437	0.987420	-0.114088	-0.109479
16870	9.694131	0.434371	-1.099063	-0.009615	0.027312	0.017389	0.113710	0.033757	0.992940	-0.109706	-0.992884	0.046318	0.987438	-0.114198	-0.109198
16871	9.719489	0.350236	-1.074331	0.086894	0.056757	0.021039	0.113163	0.033637	0.993007	-0.108891	-0.992987	0.046046	0.987591	-0.113340	-0.108707
16872	9.600738	0.357862	-1.027586	0.121582	0.063115	0.021139	0.112518	0.033539	0.993084	-0.107733	-0.993127	0.045747	0.987792	-0.112135	-0.108131
16873	9.611008	0.442627	-0.974020	0.144707	0.066063	0.018908	0.111847	0.033440	0.993163	-0.106283	-0.993298	0.045414	0.988025	-0.110635	-0.107543
16874	9.676624	0.426871	-1.008803	0.129908	0.050826	0.020506	0.111323	0.033333	0.993225	-0.105041	-0.993444	0.045113	0.988217	-0.109351	-0.107092
16875	9.718721	0.556805	-0.934178	0.112455	0.039157	0.018503	0.110762	0.033254	0.993290	-0.103849	-0.993582	0.044844	0.988406	-0.108120	-0.106598
16876	9.740003	0.525913	-1.008229	0.066211	0.029420	0.016044	0.110454	0.033167	0.993328	-0.103232	-0.993654	0.044657	0.988505	-0.107476	-0.106330
16877	9.718872	0.520260	-0.994773	0.034476	0.026432	0.015639	0.110136	0.033017	0.993368	-0.102774	-0.993712	0.044424	0.988589	-0.106985	-0.106051
16878	9.730656	0.457247	-1.044409	0.022201	0.021004	0.016379	0.109912	0.032917	0.993396	-0.102592	-0.993738	0.044280	0.988633	-0.106781	-0.105846
16879	9.685300	0.510215	-1.059838	0.012538	0.015997	0.014935	0.109601	0.032761	0.993436	-0.102339	-0.993773	0.044063	0.988693	-0.106497	-0.105566
16880	9.672471	0.584869	-1.059134	-0.002015	0.013939	0.013528	0.109449	0.032681	0.993455	-0.102392	-0.993772	0.043972	0.988705	-0.106535	-0.105421
16881	9.658650	0.706696	-1.045044	-0.013237	0.015048	0.013309	0.109183	0.032614	0.993486	-0.102483	-0.993766	0.043886	0.988725	-0.106607	-0.105160
16882	9.692496	0.735520	-0.968190	-0.087102	0.002763	0.020556	0.109134	0.032453	0.993497	-0.103385	-0.993676	0.043815	0.988636	-0.107495	-0.105089
16883	9.678144	0.458270	-0.977599	-0.130451	0.001929	0.012211	0.109096	0.032336	0.993505	-0.104614	-0.993547	0.043825	0.988511	-0.108716	-0.105009
16884	9.693366	0.399098	-0.858245	-0.153559	-0.005712	0.013749	0.109137	0.032233	0.993504	-0.106166	-0.993379	0.043891	0.988341	-0.110266	-0.104993
16885	9.662343	0.362938	-0.822663	-0.170315	-0.013773	0.008867	0.109287	0.032181	0.993489	-0.107873	-0.993189	0.044038	0.988140	-0.111983	-0.105071
16886	9.653870	0.338916	-0.739433	-0.169185	-0.016617	0.006592	0.109443	0.032137	0.993473	-0.109570	-0.992996	0.044192	0.987936	-0.113692	-0.105155
16887	9.655046	0.214374	-0.834321	-0.156811	-0.022118	0.004308	0.109630	0.032134	0.993453	-0.111109	-0.992817	0.044374	0.987743	-0.115246	-0.105272
16888	9.730761	0.165579	-0.921411	-0.096254	-0.021743	-0.001252	0.109845	0.032161	0.993428	-0.112076	-0.992701	0.044530	0.987610	-0.116231	-0.105439
16889	9.772074	0.244212	-0.925020	-0.058778	-0.030540	-0.005522	0.110156	0.032247	0.993391	-0.112677	-0.992625	0.044717	0.987507	-0.116858	-0.105710
16890	9.738234	0.271130	-0.930606	-0.058415	-0.029852	-0.010284	0.110462	0.032355	0.993354	-0.113261	-0.992549	0.044923	0.987406	-0.117470	-0.105974
16891	9.740779	0.132575	-0.975230	-0.073706	-0.034652	-0.015087	0.110796	0.032375	0.993316	-0.113777	-0.992485	0.045038	0.987309	-0.118006	-0.106280
16892	9.727884	0.187488	-0.985170	-0.036711	-0.032341	-0.019264	0.111137	0.032567	0.993271	-0.114136	-0.992431	0.045310	0.987229	-0.118404	-0.106578
16893	9.795873	0.436303	-1.042094	-0.001649	-0.023055	-0.017193	0.111448	0.032757	0.993230	-0.114185	-0.992415	0.045543	0.987189	-0.118487	-0.106862
16894	9.813136	0.496395	-1.152899	-0.027464	-0.022474	-0.018580	0.111691	0.032955	0.993196	-0.114453	-0.992372	0.045798	0.987130	-0.118790	-0.107067
16895	9.811567	0.490848	-1.214050	-0.009941	-0.017715	-0.023890	0.111683	0.033213	0.993189	-0.114452	-0.992361	0.046055	0.987131	-0.118816	-0.107029
16896	9.766095	0.525082	-1.238644	-0.016394	-0.009334	-0.029018	0.111808	0.033529	0.993164	-0.114599	-0.992327	0.046402	0.987100	-0.119004	-0.107108
16897	9.715054	0.417283	-1.213523	-0.022043	-0.005345	-0.025437	0.111900	0.033788	0.993145	-0.114739	-0.992298	0.046687	0.987073	-0.119177	-0.107162
16898	9.650752	0.463329	-1.107245	-0.005327	0.005144	-0.026546	0.111879	0.034097	0.993137	-0.114780	-0.992279	0.046998	0.987071	-0.119250	-0.107102
16899	9.643610	0.393833	-1.036663	0.015216	0.007710	-0.026572	0.111804	0.034355	0.993136	-0.114486	-0.992302	0.047215	0.987113	-0.118979	-0.107010
16900	9.656981	0.374649	-0.962657	0.091389	0.018385	-0.031471	0.111657	0.034729	0.993140	-0.113566	-0.992396	0.047471	0.987236	-0.118088	-0.106864
16901	9.609166	0.525026	-0.950050	0.118705	0.016375	-0.030676	0.111529	0.035117	0.993141	-0.112393	-0.992517	0.047717	0.987385	-0.116944	-0.106747
16902	9.720441	0.436671	-0.979074	0.115997	0.023033	-0.033823	0.111338	0.035519	0.993148	-0.111228	-0.992637	0.047970	0.987538	-0.115807	-0.106567
16903	9.667075	0.390334	-0.989715	0.129791	0.025475	-0.035356	0.111105	0.035994	0.993157	-0.109971	-0.992761	0.048282	0.987705	-0.114583	-0.106342
16904	9.584920	0.590185	-0.973251	0.076782	0.017105	-0.039123	0.110977	0.036441	0.993155	-0.109187	-0.992831	0.048630	0.987807	-0.113837	-0.106203
16905	9.674698	0.444363	-1.064284	0.000261	0.006608	-0.035694	0.110955	0.036899	0.993140	-0.109233	-0.992803	0.049090	0.987804	-0.113931	-0.106126
16906	9.734393	0.239017	-1.126211	0.021458	0.015224	-0.044575	0.110853	0.037399	0.993133	-0.108989	-0.992807	0.049552	0.987843	-0.113734	-0.105979
16907	9.715254	0.498271	-1.129337	0.063653	0.019132	-0.046671	0.110732	0.037858	0.993129	-0.108228	-0.992872	0.049915	0.987940	-0.113011	-0.105845
16908	9.737907	0.459014	-1.152513	0.055823	0.017144	-0.046575	0.110612	0.038379	0.993122	-0.107642	-0.992913	0.050360	0.988017	-0.112472	-0.105697
16909	9.750120	0.433880	-1.136980	0.105818	0.023906	-0.054997	0.110377	0.039004	0.993124	-0.106552	-0.993006	0.050842	0.988162	-0.111432	-0.105449
16910	9.744488	0.319882	-1.078151	0.108060	0.022944	-0.058875	0.110211	0.039653	0.993117	-0.105437	-0.993099	0.051354	0.988300	-0.110371	-0.105270
16911	9.691478	0.362896	-0.949793	0.161818	0.026455	-0.065517	0.110099	0.040397	0.993099	-0.103843	-0.993238	0.051915	0.988481	-0.108842	-0.105160
16912	9.528590	0.426194	-0.812356	0.202504	0.027962	-0.073927	0.109898	0.041201	0.993089	-0.101777	-0.993422	0.052478	0.988718	-0.106841	-0.104981
16913	9.581927	0.513121	-0.733262	0.170915	0.013206	-0.082326	0.109882	0.041990	0.993057	-0.099896	-0.993582	0.053065	0.988912	-0.105034	-0.104982
16914	9.673410	0.041396	-0.825244	0.173573	0.008192	-0.091620	0.109890	0.042948	0.993015	-0.098097	-0.993720	0.053834	0.989091	-0.103327	-0.104987
16915	9.750222	0.313877	-0.856250	0.209688	-0.010757	-0.103221	0.109955	0.044000	0.992962	-0.095850	-0.993894	0.054655	0.989304	-0.101185	-0.105066
16916	9.797767	0.448268	-0.938569	0.081711	-0.022719	-0.109255	0.110282	0.045102	0.992877	-0.094938	-0.993924	0.055695	0.989356	-0.100404	-0.105330
16917	9.852325	0.437530	-0.949088	-0.008218	-0.029718	-0.114615	0.110702	0.046220	0.992778	-0.094895	-0.993863	0.056852	0.989313	-0.100504	-0.105636
16918	9.874757	0.438751	-0.910568	-0.085456	-0.036139	-0.119890	0.111172	0.047414	0.992670	-0.095625	-0.993716	0.058173	0.989190	-0.101391	-0.105939
16919	9.807059	0.510718	-0.861035	-0.130623	-0.039634	-0.123298	0.111546	0.048616	0.992569	-0.096710	-0.993531	0.059531	0.989042	-0.102632	-0.106122
16920	9.666987	0.547687	-0.694243	-0.123834	-0.045662	-0.135349	0.112127	0.049952	0.992438	-0.097800	-0.993332	0.061047	0.988869	-0.103906	-0.106494
16921	9.602798	0.591376	-0.540610	-0.177740	-0.063207	-0.144772	0.113023	0.051333	0.992265	-0.099447	-0.993065	0.062702	0.988603	-0.105764	-0.107134
16922	9.565985	0.263352	-0.415476	-0.209899	-0.085610	-0.157160	0.114025	0.052841	0.992072	-0.101360	-0.992755	0.064527	0.988294	-0.107914	-0.107843
16923	9.578169	0.314694	-0.278895	-0.210813	-0.119288	-0.167863	0.115270	0.054402	0.991843	-0.103213	-0.992438	0.066430	0.987957	-0.110028	-0.108783
16924	9.610595	0.362250	-0.215085	-0.234379	-0.141657	-0.177677	0.116853	0.056047	0.991567	-0.105339	-0.992075	0.068489	0.987547	-0.112453	-0.110023
16925	9.682515	0.646755	-0.257281	-0.222098	-0.163951	-0.196620	0.118680	0.057856	0.991246	-0.107318	-0.991706	0.070732	0.987116	-0.114772	-0.111486
16926	9.964063	1.243296	-0.368038	-0.363076	-0.207893	-0.216037	0.120965	0.059795	0.990854	-0.110658	-0.991150	0.073322	0.986470	-0.118516	-0.113278
16927	10.177530	0.781961	-0.265566	-0.686996	-0.238553	-0.218453	0.123527	0.061715	0.990420	-0.117188	-0.990173	0.076316	0.985397	-0.125492	-0.115081
16928	10.277434	0.264092	0.490543	-0.837559	-0.291424	-0.231988	0.126677	0.063672	0.989898	-0.125162	-0.988936	0.079627	0.984016	-0.133984	-0.117306
16929	10.075110	0.257321	1.711637	-1.083991	-0.392044	-0.250137	0.130842	0.065637	0.989228	-0.135515	-0.987256	0.083430	0.982098	-0.144971	-0.120280
16930	9.778087	-0.540401	2.874636	-1.275274	-0.492547	-0.275035	0.136062	0.067643	0.988388	-0.147673	-0.985136	0.087749	0.979632	-0.157897	-0.124051
16931	9.252503	-1.763778	3.266637	-1.028861	-0.592913	-0.326430	0.142352	0.069953	0.987341	-0.157378	-0.983211	0.092351	0.977225	-0.168532	-0.128953
16932	9.120400	-1.665981	3.201011	-0.597910	-0.726341	-0.371346	0.150037	0.072394	0.986026	-0.162688	-0.981913	0.096847	0.975203	-0.174945	-0.135546
16933	9.360168	-0.801067	2.903818	-0.323430	-0.873128	-0.408387	0.159229	0.074872	0.984399	-0.165306	-0.981021	0.101353	0.973304	-0.178865	-0.143830
16934	9.852797	0.086393	2.401148	-0.098339	-0.987037	-0.442215	0.169559	0.077474	0.982470	-0.165550	-0.980500	0.105890	0.971516	-0.180602	-0.153427
16935	10.428454	1.051049	1.928418	-0.040243	-1.099445	-0.457275	0.180946	0.079968	0.980236	-0.165190	-0.980058	0.110447	0.969521	-0.181910	-0.164128
16936	10.884676	1.752422	1.723117	-0.135030	-1.207699	-0.447232	0.193381	0.082178	0.977676	-0.165674	-0.979441	0.115096	0.967035	-0.184233	-0.175790
16937	11.195435	1.370187	1.732973	-0.269509	-1.305283	-0.447418	0.206638	0.084253	0.974783	-0.167641	-0.978504	0.120112	0.963949	-0.188234	-0.188071
16938	11.871310	0.766886	1.951518	-0.336904	-1.393345	-0.457577	0.220817	0.086113	0.971506	-0.169918	-0.977465	0.125263	0.960400	-0.192737	-0.201209
16939	12.710007	0.323791	2.712296	-0.393550	-1.482622	-0.479248	0.235888	0.088039	0.967784	-0.172903	-0.976195	0.130947	0.956275	-0.198222	-0.215050
16940	13.112286	0.093703	2.971589	-0.248254	-1.562854	-0.523204	0.251709	0.090055	0.963604	-0.174009	-0.975224	0.136595	0.952031	-0.202058	-0.229802
16941	13.196280	-0.091316	2.609031	0.017751	-1.657428	-0.576705	0.268525	0.092464	0.958825	-0.172765	-0.974619	0.142371	0.947653	-0.203882	-0.245735
16942	13.505974	0.563278	2.027707	0.179218	-1.721616	-0.626373	0.285875	0.095099	0.953536	-0.169346	-0.974388	0.147950	0.943185	-0.203772	-0.262449
16943	13.302502	1.113880	1.313317	0.390192	-1.767489	-0.637543	0.303621	0.097828	0.947757	-0.164263	-0.974446	0.153206	0.938527	-0.202198	-0.279793
16944	12.903266	1.882795	-0.089062	0.501628	-1.776020	-0.568709	0.321165	0.099849	0.941745	-0.157800	-0.974882	0.157177	0.933784	-0.199087	-0.297342
16945	12.188738	1.910408	-1.916451	0.523736	-1.725388	-0.439012	0.337943	0.100830	0.935750	-0.152041	-0.975337	0.160004	0.928805	-0.196345	-0.314278
16946	11.254373	1.628516	-3.707207	0.459527	-1.635075	-0.290919	0.353525	0.100522	0.930008	-0.146788	-0.975931	0.161284	0.923836	-0.193532	-0.330261
16947	10.026127	1.287456	-5.282842	0.457322	-1.516899	-0.118033	0.367754	0.098831	0.924656	-0.142732	-0.976555	0.161146	0.918904	-0.191240	-0.345026
16948	9.457487	0.565837	-6.484373	0.343357	-1.387234	0.073635	0.380366	0.095514	0.919891	-0.139868	-0.977271	0.159306	0.914198	-0.189258	-0.358361
16949	8.791953	0.454817	-7.186113	0.424650	-1.253967	0.236068	0.391505	0.090869	0.915678	-0.137347	-0.978194	0.155796	0.909868	-0.186761	-0.370487
16950	8.568076	0.481485	-7.443876	0.294503	-1.080457	0.325232	0.400872	0.085720	0.912115	-0.135970	-0.979020	0.151766	0.905988	-0.184859	-0.380806
16951	8.225288	0.449574	-7.149759	0.263453	-0.849495	0.331178	0.408096	0.080902	0.909347	-0.135309	-0.979705	0.147886	0.902856	-0.183395	-0.388867
16952	7.695575	0.942041	-6.532570	0.127239	-0.548360	0.318251	0.412612	0.076822	0.907662	-0.135475	-0.980180	0.144545	0.900776	-0.182607	-0.394027
16953	6.947989	0.973563	-6.449873	-0.097136	-0.275782	0.332171	0.414562	0.073039	0.907085	-0.137843	-0.980233	0.141927	0.899521	-0.183873	-0.396300
16954	7.079132	0.440181	-6.007368	-0.282465	-0.072125	0.357020	0.414713	0.069448	0.907298	-0.141870	-0.979956	0.139857	0.898825	-0.186719	-0.396548
16955	7.078186	0.724671	-5.439186	-0.337069	0.192588	0.378653	0.412372	0.066070	0.908616	-0.146569	-0.979563	0.137749	0.899148	-0.189979	-0.394261
16956	6.766837	0.220436	-4.960066	-0.534622	0.504573	0.412988	0.407216	0.063039	0.911154	-0.153079	-0.978792	0.136134	0.900412	-0.194915	-0.388929
16957	6.320421	-0.708118	-4.731486	-0.445159	0.802290	0.450936	0.399218	0.060172	0.914880	-0.159012	-0.978179	0.133722	0.902962	-0.198861	-0.380938
16958	5.995955	-0.989876	-4.792022	-0.215091	1.024503	0.491299	0.389160	0.057453	0.919377	-0.162904	-0.978030	0.130074	0.906652	-0.200390	-0.371251
16959	6.047692	-0.533382	-4.620133	-0.010076	1.216199	0.524550	0.377189	0.054706	0.924519	-0.165123	-0.978287	0.125256	0.911297	-0.199905	-0.359966
16960	6.248241	-0.029226	-4.448133	0.044798	1.387206	0.549325	0.363602	0.052138	0.930094	-0.166759	-0.978662	0.120052	0.916507	-0.198753	-0.347149
16961	6.404101	0.236435	-4.331820	0.054371	1.549528	0.569093	0.348352	0.049579	0.936052	-0.168416	-0.979040	0.114532	0.922110	-0.197543	-0.332701
16962	6.376473	0.405973	-4.229341	0.065105	1.695420	0.598659	0.331659	0.047095	0.942223	-0.169861	-0.979450	0.108746	0.927982	-0.196113	-0.316843
16963	6.397143	0.415624	-4.046554	0.076942	1.817732	0.641672	0.313594	0.044299	0.948523	-0.171352	-0.979872	0.102414	0.933969	-0.194648	-0.299691
16964	6.623435	0.135371	-4.144671	0.195617	1.941166	0.671996	0.294253	0.041505	0.954826	-0.171576	-0.980531	0.095498	0.940200	-0.191925	-0.281403
16965	6.961771	0.052739	-4.303670	0.415931	2.059152	0.694143	0.273597	0.038535	0.961072	-0.169767	-0.981575	0.087687	0.946744	-0.187149	-0.262014
16966	7.364616	0.342474	-4.147737	0.530648	2.154984	0.704691	0.251941	0.035624	0.967087	-0.166594	-0.982807	0.079603	0.953296	-0.181166	-0.241674
16967	7.956648	0.330298	-3.804724	0.605827	2.229322	0.697801	0.229430	0.032663	0.972777	-0.162631	-0.984100	0.071400	0.959642	-0.174585	-0.220470
16968	8.519426	0.400680	-3.388059	0.646886	2.276823	0.671864	0.206436	0.029983	0.978001	-0.157886	-0.985411	0.063537	0.965638	-0.167529	-0.198691
16969	8.761852	1.117856	-3.037721	0.784497	2.285604	0.642924	0.183269	0.027317	0.982683	-0.151699	-0.986855	0.055725	0.971288	-0.159285	-0.176716
16970	9.083580	2.708592	-2.606099	0.659418	2.238505	0.654102	0.160498	0.024386	0.986735	-0.146424	-0.988045	0.048235	0.976115	-0.152223	-0.155009
16971	9.154913	3.186819	-1.581934	0.152415	2.133791	0.669772	0.138620	0.020949	0.990124	-0.146083	-0.988407	0.041365	0.979512	-0.150374	-0.133952
16972	9.143935	1.713021	-1.548857	-0.036679	2.078322	0.655903	0.117274	0.017632	0.992943	-0.147305	-0.988473	0.034950	0.982114	-0.150365	-0.113325
16973	9.049952	0.888121	-1.769269	0.161113	2.009168	0.603199	0.096598	0.014643	0.995216	-0.146497	-0.988793	0.028768	0.984483	-0.148575	-0.093371
16974	9.054875	0.836665	-1.604005	0.227497	1.898632	0.532187	0.077113	0.012218	0.996947	-0.144742	-0.989195	0.023319	0.986460	-0.146099	-0.074512
16975	9.149115	0.482198	-1.284925	0.267225	1.758981	0.454361	0.059064	0.010247	0.998202	-0.142541	-0.989614	0.018593	0.988025	-0.143382	-0.056990
16976	9.096587	0.843950	-1.111868	0.231264	1.558488	0.370581	0.043134	0.008835	0.999030	-0.140471	-0.989974	0.014820	0.989145	-0.140974	-0.041460
16977	8.738217	0.591211	-0.933083	0.033826	1.317869	0.272899	0.029683	0.007974	0.999528	-0.140359	-0.990027	0.012066	0.989656	-0.140651	-0.028268
16978	8.447519	-0.276815	-1.068519	0.173848	1.089278	0.170583	0.018663	0.007848	0.999795	-0.138708	-0.990279	0.010362	0.990157	-0.138873	-0.017393
16979	8.242823	-0.054638	-0.847607	0.455372	0.836033	0.090672	0.010231	0.008079	0.999915	-0.134335	-0.990892	0.009380	0.990883	-0.134419	-0.009053
16980	8.557894	0.722219	-0.684443	0.750580	0.572284	0.053989	0.004488	0.008332	0.999955	-0.126927	-0.991873	0.008834	0.991902	-0.126961	-0.003394
16981	8.644253	2.340599	-0.734538	0.830338	0.276565	0.068979	0.001633	0.007976	0.999967	-0.118812	-0.992884	0.008114	0.992915	-0.118821	-0.000674
16982	9.902801	2.318135	0.128823	0.354611	-0.044375	0.105781	0.001950	0.006914	0.999974	-0.115321	-0.993303	0.007093	0.993326	-0.115332	-0.001140
16983	9.711865	-1.852661	-0.715674	0.287116	-0.266207	0.126940	0.004427	0.005350	0.999976	-0.112575	-0.993626	0.005815	0.993633	-0.112599	-0.003796
16984	9.999386	-1.063278	-0.236687	1.031000	-0.574714	-0.048128	0.010192	0.005252	0.999934	-0.102351	-0.994729	0.006268	0.994696	-0.102409	-0.009600
16985	10.905074	1.287478	-0.131705	1.192954	-0.530598	-0.201559	0.015643	0.006737	0.999855	-0.090569	-0.995857	0.008128	0.995767	-0.090683	-0.014968
16986	11.172466	1.796000	0.078006	1.603099	-0.362284	-0.253185	0.019461	0.009001	0.999770	-0.074580	-0.997160	0.010430	0.997025	-0.074766	-0.018734
16987	10.859632	2.787230	-0.030942	1.880948	-0.080561	-0.249615	0.020403	0.011439	0.999726	-0.055867	-0.998359	0.012563	0.998230	-0.056108	-0.019731
16988	9.710748	4.334232	-0.499430	2.372762	0.089948	-0.253127	0.019613	0.014047	0.999709	-0.032147	-0.999375	0.014673	0.999291	-0.032425	-0.019149
16989	9.102536	7.167278	-0.575333	2.136101	0.022004	-0.251529	0.019422	0.016584	0.999674	-0.010817	-0.999800	0.016796	0.999753	-0.011139	-0.019239
16990	10.483554	7.193524	-1.556154	1.174601	-0.411223	-0.169221	0.023538	0.018294	0.999556	0.000933	-0.999833	0.018277	0.999723	0.000503	-0.023551
16991	11.870686	5.713222	-0.787213	0.250543	-0.638215	-0.074552	0.029892	0.019105	0.999371	0.003452	-0.999813	0.019010	0.999547	0.002882	-0.029953
16992	12.447340	-0.495715	-0.511549	-0.245940	-0.737230	0.046118	0.037257	0.018695	0.999131	0.000950	-0.999825	0.018673	0.999305	0.000253	-0.037268
16993	11.235286	2.024344	0.186206	0.267172	-0.690884	0.066020	0.044139	0.018113	0.998861	0.003610	-0.999832	0.017971	0.999019	0.002812	-0.044197
16994	10.830065	1.991563	-0.083679	-0.195005	-0.630168	0.123615	0.050432	0.016929	0.998584	0.001575	-0.999856	0.016871	0.998726	0.000722	-0.050451
16995	10.112417	-1.318064	-1.209266	-0.178879	-0.549806	0.156293	0.055900	0.015443	0.998317	-0.000260	-0.999880	0.015482	0.998436	-0.001125	-0.055889
16996	9.313347	-1.787712	-2.414730	-0.059343	-0.576973	0.113375	0.061654	0.014341	0.997995	-0.000947	-0.999895	0.014427	0.998097	-0.001835	-0.061634
16997	10.091681	-2.080411	-3.417053	0.115973	-0.524903	0.075043	0.066872	0.013653	0.997668	0.000181	-0.999907	0.013671	0.997762	-0.000734	-0.066868
16998	9.859596	-0.564590	-3.137039	0.234097	-0.471969	0.068154	0.071576	0.013013	0.997350	0.002442	-0.999914	0.012872	0.997432	0.001514	-0.071602
16999	9.693854	0.126713	-2.192988	0.178172	-0.428379	0.075105	0.075837	0.012334	0.997044	0.004169	-0.999919	0.012052	0.997111	0.003243	-0.075883
17000	9.593599	-0.036374	-1.439036	0.123215	-0.380756	0.072821	0.079632	0.011660	0.996756	0.005315	-0.999922	0.011273	0.996810	0.004400	-0.079688
17001	9.543498	-0.503349	-1.083055	0.106415	-0.351747	0.077487	0.083131	0.010964	0.996478	0.006318	-0.999925	0.010474	0.996519	0.005425	-0.083194
17002	9.647625	-1.107889	-1.097576	0.243274	-0.308856	0.061132	0.086208	0.010413	0.996223	0.008664	-0.999915	0.009702	0.996239	0.007795	-0.086291
17003	9.570310	-0.847200	-0.628627	0.415624	-0.308058	0.045359	0.089271	0.010045	0.995957	0.012762	-0.999879	0.008941	0.995926	0.011912	-0.089388
17004	9.814155	-0.241280	-0.134357	0.530001	-0.323760	0.023043	0.092493	0.009902	0.995664	0.017992	-0.999804	0.008272	0.995551	0.017149	-0.092653
17005	9.936900	-0.157354	0.088262	0.609354	-0.339104	0.005892	0.095857	0.009964	0.995345	0.024044	-0.999681	0.007691	0.995105	0.023195	-0.096066
17006	9.836884	0.926056	0.424244	0.629500	-0.389100	-0.004149	0.099721	0.010148	0.994964	0.030285	-0.999516	0.007159	0.994554	0.029418	-0.099980
17007	9.936361	0.930940	0.355250	0.488236	-0.429869	0.002473	0.103981	0.010313	0.994526	0.035131	-0.999360	0.006690	0.993959	0.034243	-0.104277
17008	9.900802	0.079273	0.242463	0.353749	-0.469628	-0.001548	0.108640	0.010538	0.994025	0.038622	-0.999234	0.006372	0.993331	0.037699	-0.108964
17009	9.872612	-0.833694	0.036716	0.360179	-0.510885	-0.027859	0.113683	0.011073	0.993455	0.042228	-0.999088	0.006304	0.992619	0.041235	-0.114047
17010	9.657526	-0.774907	-0.250746	0.525613	-0.539434	-0.054069	0.119005	0.011890	0.992822	0.047481	-0.998852	0.006271	0.991758	0.046394	-0.119433
17011	9.523507	-0.194968	-0.383715	0.446314	-0.579950	-0.063067	0.124701	0.012851	0.992111	0.051972	-0.998628	0.006403	0.990832	0.050763	-0.125198
17012	9.481561	-0.319682	-0.825692	0.380109	-0.605026	-0.063198	0.130652	0.013841	0.991332	0.055793	-0.998421	0.006587	0.989857	0.054448	-0.131218
17013	9.490326	-0.401395	-1.463619	0.292406	-0.606114	-0.071927	0.136585	0.014945	0.990516	0.058768	-0.998247	0.006958	0.988884	0.057261	-0.137224
17014	9.793826	-0.696398	-1.984963	0.300186	-0.571911	-0.070601	0.142188	0.016026	0.989710	0.061810	-0.998061	0.007281	0.987908	0.060139	-0.142903
17015	9.532695	0.256674	-2.726570	0.465222	-0.514124	-0.065979	0.147200	0.017049	0.988960	0.066481	-0.997761	0.007306	0.986870	0.064671	-0.148004
17016	9.870090	0.867097	-3.089951	0.332078	-0.457368	-0.035048	0.151680	0.017742	0.988270	0.069785	-0.997536	0.007197	0.985963	0.067875	-0.152545
17017	9.693039	0.834794	-3.125549	0.334495	-0.398663	-0.012323	0.155582	0.018190	0.987656	0.073089	-0.997302	0.006854	0.985115	0.071120	-0.156491
17018	9.791968	0.529669	-3.431387	0.347384	-0.370217	-0.016151	0.159207	0.018660	0.987069	0.076512	-0.997047	0.006508	0.984276	0.074487	-0.160165
17019	9.759653	1.105950	-3.173619	0.402667	-0.327356	-0.015321	0.162401	0.019116	0.986540	0.080494	-0.996737	0.006063	0.983436	0.078426	-0.163410
17020	9.895678	1.146088	-2.632702	0.248267	-0.291499	0.000751	0.165259	0.019381	0.986060	0.082911	-0.996541	0.005691	0.982759	0.080815	-0.166294
17021	9.821318	1.273164	-2.810851	0.293055	-0.247300	0.009035	0.167683	0.019554	0.985647	0.085782	-0.996300	0.005172	0.982102	0.083684	-0.168740
17022	9.866026	0.671348	-2.744066	0.066359	-0.219389	0.021716	0.169848	0.019562	0.985276	0.086375	-0.996251	0.004890	0.981678	0.084272	-0.170901
17023	9.853455	-0.212752	-2.459305	0.086772	-0.207753	0.010046	0.171885	0.019705	0.984920	0.087226	-0.996177	0.004708	0.981248	0.085102	-0.172947
17024	9.959785	-0.301873	-1.979901	0.039593	-0.210271	-0.016329	0.173925	0.020087	0.984554	0.087621	-0.996142	0.004845	0.980853	0.085425	-0.175014
17025	9.945415	0.143642	-1.064430	-0.136223	-0.219279	-0.020488	0.176048	0.020542	0.984167	0.086335	-0.996252	0.005351	0.980588	0.084026	-0.177162
17026	9.750059	-0.680322	-0.803533	-0.340995	-0.225401	-0.025582	0.178229	0.021023	0.983764	0.083015	-0.996529	0.006256	0.980481	0.080552	-0.179355
17027	9.652976	-1.288628	-0.793798	-0.327774	-0.256465	-0.046571	0.180694	0.021752	0.983299	0.079896	-0.996776	0.007368	0.980289	0.077230	-0.181849
17028	9.524440	-1.274596	-0.886021	-0.203292	-0.264336	-0.067026	0.183224	0.022662	0.982810	0.078004	-0.996917	0.008445	0.979972	0.075116	-0.184427
17029	9.693357	-1.261753	-0.965673	-0.179465	-0.296227	-0.100807	0.186036	0.023940	0.982251	0.076429	-0.997027	0.009824	0.979566	0.073245	-0.187312
17030	9.980081	-1.619011	-0.982668	-0.040319	-0.303920	-0.152977	0.188887	0.025727	0.981662	0.076299	-0.997019	0.011448	0.979030	0.072738	-0.190287
17031	10.089183	-0.627216	-0.676678	0.048821	-0.349227	-0.192365	0.192143	0.027942	0.980969	0.077126	-0.996933	0.013290	0.978331	0.073104	-0.193709
17032	10.186918	0.302940	-0.754309	-0.001956	-0.365252	-0.208318	0.195547	0.030325	0.980225	0.077489	-0.996875	0.015382	0.977628	0.072949	-0.197285
17033	10.000721	0.663699	-0.729935	-0.238861	-0.394813	-0.223495	0.199218	0.032876	0.979404	0.075574	-0.996976	0.018094	0.977037	0.070413	-0.201100
17034	9.658375	0.151544	-1.064432	-0.234548	-0.437380	-0.242668	0.203300	0.035638	0.978468	0.073751	-0.997056	0.020992	0.976335	0.067895	-0.205330
17035	9.660870	-0.385046	-1.371513	-0.257182	-0.472252	-0.266164	0.207697	0.038647	0.977430	0.071767	-0.997128	0.024176	0.975557	0.065126	-0.209874
17036	9.693437	-0.076458	-1.509213	-0.190877	-0.513674	-0.291569	0.212491	0.041923	0.976263	0.070499	-0.997133	0.027475	0.974617	0.062987	-0.214837
17037	9.884474	-0.268179	-1.510276	-0.334329	-0.540671	-0.296631	0.217533	0.045249	0.975004	0.067854	-0.997209	0.031141	0.973692	0.059384	-0.219996
17038	10.353613	-1.119714	-1.236977	-0.462029	-0.565480	-0.317351	0.222819	0.048776	0.973639	0.064037	-0.997323	0.035308	0.972754	0.054481	-0.225346
17039	10.267312	-0.674220	-0.515968	-0.367134	-0.636632	-0.346051	0.228771	0.052591	0.972059	0.061213	-0.997341	0.039552	0.971554	0.050455	-0.231382
17040	10.468921	-0.472444	0.398965	-0.489163	-0.698282	-0.350630	0.235336	0.056462	0.970273	0.057259	-0.997383	0.044152	0.970226	0.045166	-0.237953
17041	10.426383	-0.633150	0.939983	-0.532238	-0.774268	-0.360258	0.242619	0.060404	0.968239	0.052914	-0.997398	0.048964	0.968677	0.039353	-0.245184
17042	10.500873	-0.985061	1.006011	-0.443465	-0.874822	-0.387000	0.250880	0.064626	0.965859	0.049558	-0.997318	0.053859	0.966749	0.034354	-0.253410
17043	10.537585	0.101272	0.814928	-0.272395	-0.977048	-0.453014	0.260063	0.069473	0.963089	0.048025	-0.997105	0.058958	0.964397	0.030919	-0.262646
17044	10.306408	0.886282	0.474740	-0.201538	-1.074964	-0.486109	0.270177	0.074677	0.959910	0.047355	-0.996812	0.064219	0.961645	0.028106	-0.272852
17045	10.187140	1.269068	-0.133536	-0.174183	-1.142691	-0.515962	0.280869	0.080132	0.956395	0.047040	-0.996460	0.069674	0.958593	0.025420	-0.283644
17046	10.295768	1.206834	-0.830311	-0.187080	-1.167843	-0.531100	0.291789	0.085743	0.952632	0.046754	-0.996062	0.075332	0.955339	0.022558	-0.294649
17047	10.278099	0.852555	-1.374314	-0.123182	-1.193098	-0.549250	0.302868	0.091477	0.948632	0.047153	-0.995602	0.080953	0.951865	0.020213	-0.305849
17048	10.572527	0.567615	-1.223258	-0.088528	-1.230260	-0.582377	0.314272	0.097550	0.944308	0.048093	-0.995065	0.086788	0.948114	0.018139	-0.317412
17049	10.857049	0.233156	-0.326566	-0.107553	-1.301132	-0.619202	0.326238	0.103937	0.939556	0.048997	-0.994460	0.092998	0.944017	0.015696	-0.329523
17050	10.961336	0.464718	1.057429	-0.080645	-1.403539	-0.650790	0.339125	0.110651	0.934211	0.050388	-0.993770	0.099414	0.939391	0.013359	-0.342587
17051	10.913680	0.687686	2.068360	-0.087571	-1.531709	-0.654797	0.353090	0.117339	0.928202	0.051764	-0.993035	0.105844	0.934156	0.010675	-0.356705
17052	10.559243	0.800153	2.468002	-0.090685	-1.679759	-0.648390	0.368385	0.123970	0.921371	0.053245	-0.992256	0.112219	0.928147	0.007719	-0.372133
17053	10.622235	0.721258	2.278236	-0.077863	-1.850689	-0.659811	0.385083	0.130620	0.913591	0.054934	-0.991422	0.118593	0.921245	0.004519	-0.388955
17054	11.353778	0.193884	1.589520	-0.023899	-1.994524	-0.700380	0.402980	0.137662	0.904796	0.057463	-0.990478	0.125105	0.913403	0.001578	-0.407053
17055	11.959275	0.870140	1.312302	0.068388	-2.138001	-0.768251	0.421892	0.145257	0.894934	0.061165	-0.989394	0.131754	0.904580	-0.000847	-0.426302
17056	12.327416	1.318009	2.003256	-0.138370	-2.287626	-0.813016	0.441961	0.153262	0.883844	0.063422	-0.988169	0.139638	0.894789	-0.005659	-0.446453
17057	12.282966	1.767525	2.282041	-0.098361	-2.399248	-0.791138	0.462715	0.160855	0.871792	0.066030	-0.986922	0.147052	0.884045	-0.010479	-0.467285
17058	12.515208	3.186204	2.125061	-0.332328	-2.497839	-0.663863	0.484207	0.167089	0.858851	0.066247	-0.985780	0.154434	0.872442	-0.017882	-0.488390
17059	12.331039	2.583733	1.064444	-0.572674	-2.558688	-0.452906	0.505995	0.170940	0.845428	0.063433	-0.984886	0.161172	0.860201	-0.027924	-0.509190
17060	11.987954	1.941620	-0.948507	-0.729060	-2.568234	-0.221924	0.527781	0.172298	0.831721	0.058350	-0.984251	0.166869	0.847374	-0.039539	-0.529523
17061	11.433705	1.038764	-3.217752	-0.757790	-2.540811	-0.014908	0.549044	0.171262	0.818059	0.051964	-0.983882	0.171102	0.834177	-0.051433	-0.549094
17062	11.028707	1.102784	-4.889372	-0.828890	-2.510831	0.161214	0.569890	0.168268	0.804308	0.044201	-0.983669	0.174474	0.820531	-0.063880	-0.568021
17063	10.495826	1.380676	-5.813361	-1.029260	-2.432602	0.314681	0.589716	0.163406	0.790906	0.033896	-0.983462	0.177916	0.806899	-0.078112	-0.585502
17064	10.658870	0.586042	-7.819682	-1.193010	-2.250527	0.462164	0.607852	0.156970	0.778381	0.021579	-0.983169	0.181417	0.793757	-0.093478	-0.601009
17065	10.067759	-0.005102	-9.623813	-1.215654	-1.909185	0.586592	0.622897	0.149224	0.767940	0.008274	-0.982841	0.184271	0.782260	-0.108428	-0.613443
17066	9.790638	-0.942460	-10.065784	-1.249320	-1.516942	0.664813	0.634697	0.140976	0.759793	-0.005619	-0.982351	0.186964	0.772741	-0.122935	-0.622702
17067	9.198713	-1.727768	-9.477815	-0.986296	-1.096161	0.701721	0.642967	0.132592	0.754329	-0.017830	-0.982042	0.187816	0.765686	-0.134209	-0.629057
17068	7.619622	-1.316479	-9.529755	-0.362838	-0.677092	0.702038	0.647983	0.124812	0.751359	-0.025130	-0.982442	0.184870	0.761240	-0.138674	-0.633469
17069	5.295051	1.883856	-10.098775	-0.319981	-0.455780	0.672618	0.651181	0.117442	0.749780	-0.032105	-0.982807	0.181825	0.758243	-0.142473	-0.636215
17070	5.395339	2.772511	-9.403208	-1.236023	-0.263249	0.660583	0.652915	0.110602	0.749313	-0.045768	-0.981713	0.184785	0.756047	-0.154944	-0.635913
17071	5.757333	0.832364	-7.529414	-1.678206	0.097378	0.672530	0.651747	0.104050	0.751266	-0.063011	-0.979692	0.190351	0.755815	-0.171398	-0.631955
17072	4.865594	0.176983	-6.179789	-1.525117	0.514090	0.697115	0.647359	0.098185	0.755835	-0.079082	-0.977663	0.194733	0.758072	-0.185835	-0.625134
17073	4.626113	-0.892163	-5.675709	-1.456579	0.959075	0.764162	0.639335	0.092444	0.763351	-0.095255	-0.975578	0.197925	0.763006	-0.199253	-0.614915
17074	4.291521	-1.644389	-5.969001	-0.900945	1.353186	0.830992	0.628115	0.087128	0.773227	-0.107430	-0.974485	0.197075	0.770668	-0.206853	-0.602729
17075	4.162970	-0.255154	-6.543262	-0.450604	1.617606	0.904882	0.614496	0.081535	0.784696	-0.116750	-0.974295	0.192663	0.780234	-0.210004	-0.589181
17076	4.303999	1.701324	-6.321615	-0.466497	1.803349	0.995270	0.599121	0.075694	0.797072	-0.126455	-0.974080	0.187554	0.790609	-0.213161	-0.574021
17077	5.008847	2.608912	-6.240911	-0.492899	2.049832	1.116605	0.581265	0.069072	0.810777	-0.137183	-0.973811	0.181310	0.802067	-0.216614	-0.556567
17078	5.219132	2.971568	-5.981407	-0.517346	2.293588	1.225413	0.560978	0.062189	0.825492	-0.148367	-0.973476	0.174162	0.814427	-0.220177	-0.536871
17079	5.510699	2.822508	-6.110112	-0.493466	2.501132	1.324123	0.538342	0.054716	0.840948	-0.159897	-0.973131	0.165676	0.827418	-0.223655	-0.515128
17080	5.715251	3.032438	-6.303155	-0.281697	2.694189	1.396187	0.513565	0.047212	0.856751	-0.169597	-0.973202	0.155291	0.841123	-0.225055	-0.491795
17081	5.862174	3.323371	-6.098271	-0.320114	2.819139	1.470846	0.487028	0.039156	0.872508	-0.179858	-0.973086	0.144065	0.854666	-0.227091	-0.466878
17082	6.087410	2.354045	-5.821875	-0.397548	2.966226	1.528269	0.458649	0.031104	0.888073	-0.190519	-0.972706	0.132462	0.867954	-0.229949	-0.440205
17083	6.239442	0.964358	-6.032702	-0.096288	3.109516	1.543935	0.428383	0.023140	0.903301	-0.198385	-0.972873	0.119005	0.881551	-0.230181	-0.412171
17084	6.436738	0.853828	-5.947256	0.316753	3.218745	1.510535	0.396761	0.015825	0.917785	-0.201816	-0.973882	0.104038	0.895461	-0.226502	-0.383205
17085	6.365474	1.746276	-5.622664	0.730458	3.319386	1.452431	0.363816	0.008970	0.931428	-0.200927	-0.975657	0.087878	0.909542	-0.219120	-0.353157
17086	6.474657	3.077961	-5.143717	0.932904	3.377248	1.423012	0.330034	0.002353	0.943966	-0.197331	-0.977731	0.071429	0.923113	-0.209848	-0.322221
17087	6.851420	4.710671	-4.959541	0.840779	3.419179	1.431460	0.295398	-0.004692	0.955363	-0.194163	-0.979414	0.055225	0.935436	-0.201810	-0.290228
17088	7.013427	4.911693	-5.288173	0.500701	3.448419	1.424302	0.260196	-0.011730	0.965485	-0.193430	-0.980289	0.040219	0.945983	-0.197218	-0.257336
17089	7.421230	4.113442	-5.495368	0.078863	3.453614	1.426135	0.224544	-0.018940	0.974280	-0.196271	-0.980200	0.026180	0.954493	-0.197101	-0.223815
17090	7.799348	2.025854	-5.616223	0.015821	3.462538	1.356400	0.188688	-0.025360	0.981710	-0.198946	-0.979925	0.012924	0.961674	-0.197746	-0.189945
17091	8.404187	0.637785	-4.837814	0.083813	3.356611	1.204696	0.153856	-0.030540	0.987621	-0.200315	-0.979731	0.000910	0.967575	-0.197975	-0.156856
17092	9.044728	-0.485274	-4.210284	0.317908	3.207599	0.993029	0.120758	-0.033916	0.992102	-0.198621	-0.980032	-0.009327	0.972608	-0.195926	-0.125083
17093	9.636302	0.711585	-3.697398	0.630696	3.008966	0.777841	0.089861	-0.035737	0.995313	-0.193412	-0.980957	-0.017759	0.976994	-0.190909	-0.095061
17094	10.027451	1.847063	-3.029217	0.351245	2.773242	0.630653	0.061517	-0.036626	0.997434	-0.190482	-0.981390	-0.024288	0.979761	-0.188499	-0.067349
17095	10.248896	1.610299	-2.324093	0.244385	2.511132	0.557315	0.035803	-0.037383	0.998659	-0.188468	-0.981621	-0.029989	0.981426	-0.187142	-0.042190
17096	10.071980	1.953824	-1.596388	0.312278	2.203096	0.531133	0.013176	-0.038461	0.999173	-0.185564	-0.981996	-0.035353	0.982544	-0.184944	-0.020076
17097	9.622015	2.210677	-0.622624	0.236989	1.796704	0.511110	-0.005454	-0.040163	0.999178	-0.183350	-0.982214	-0.040482	0.983033	-0.183420	-0.002007
17098	9.331406	1.933822	-0.380129	0.387843	1.389436	0.463268	-0.019956	-0.042150	0.998912	-0.179511	-0.982724	-0.045053	0.983554	-0.180214	0.012044
17099	8.543435	1.655780	-0.386008	0.426122	0.986621	0.374212	-0.030352	-0.044049	0.998568	-0.175298	-0.983310	-0.048704	0.984047	-0.176525	0.022123
17100	7.853425	1.507369	-1.235905	0.673314	0.624666	0.265630	-0.036957	-0.045541	0.998279	-0.168614	-0.984354	-0.051148	0.984989	-0.170214	0.028700
17101	7.412344	2.514657	-2.295997	0.749471	0.278340	0.177515	-0.040016	-0.046798	0.998103	-0.161216	-0.985513	-0.052671	0.986108	-0.163018	0.031892
17102	7.948379	2.699471	-2.447293	0.147934	-0.012792	0.129243	-0.040097	-0.048054	0.998040	-0.159740	-0.985688	-0.053877	0.986344	-0.161587	0.031847
17103	7.307057	-0.489180	-4.045510	0.165481	-0.163167	0.080815	-0.038630	-0.049074	0.998048	-0.158108	-0.985911	-0.054597	0.986666	-0.159909	0.030327
17104	5.976801	0.429735	-4.619659	0.811109	-0.431338	-0.083385	-0.034243	-0.048886	0.998217	-0.150164	-0.987213	-0.053498	0.988068	-0.151729	0.026464
17105	8.356237	2.525383	-3.118604	0.494218	-0.530005	-0.252302	-0.028637	-0.047147	0.998477	-0.145394	-0.988068	-0.050825	0.988959	-0.146628	0.021440
17106	11.077529	3.303482	-0.456496	0.716562	-0.212485	-0.401647	-0.025965	-0.043442	0.998719	-0.138447	-0.989271	-0.046630	0.990029	-0.139480	0.019672
17107	12.457153	3.397279	2.503444	1.034060	-0.025950	-0.404828	-0.025168	-0.039418	0.998906	-0.128311	-0.990830	-0.042332	0.991415	-0.129236	0.019879
17108	15.534428	4.501607	5.500340	0.465446	-0.142622	-0.178763	-0.023529	-0.037789	0.999009	-0.123773	-0.991487	-0.040420	0.992032	-0.124602	0.018651
17109	17.157799	-3.323225	4.619024	-0.151893	-0.386233	0.115044	-0.019845	-0.039342	0.999029	-0.125213	-0.991261	-0.041523	0.991931	-0.125916	0.014746
17110	12.669422	-4.331989	2.765144	1.546430	-0.718664	-0.040882	-0.012663	-0.039747	0.999130	-0.109899	-0.993101	-0.040900	0.993862	-0.110321	0.008207
