// General information: 
//  MT Manager version: 2022.2.0 
//  XDA version: 2022.2.0 build 7381 rev 124627 built on 2023-07-19
// Device information: 
//  DeviceId: 00B4CAF0
//  ProductCode: MTW2-3A7G6
//  Firmware Version: 4.6.0
//  Hardware Version: 2.0.0
// Device settings: 
//  Filter Profile: human(46.1)
//  Option Flags: Orientation Smoother Disabled, Position/Velocity Smoother Disabled, Continuous Zero Rotation Update Disabled, AHS Disabled, ICC Disabled
// Coordinate system: ENU
PacketCounter	Acc_X	Acc_Y	Acc_Z	Gyr_X	Gyr_Y	Gyr_Z	Mat[1][1]	Mat[2][1]	Mat[3][1]	Mat[1][2]	Mat[2][2]	Mat[3][2]	Mat[1][3]	Mat[2][3]	Mat[3][3]
15570	4.044348	0.778895	9.440924	0.003388	0.003576	0.005053	-0.902404	-0.175602	0.393486	0.223527	-0.971484	0.079082	0.368379	0.159318	0.915923
15571	4.066452	0.776237	9.431549	-0.000150	0.002309	0.004515	-0.902340	-0.175684	0.393596	0.223573	-0.971487	0.078922	0.368508	0.159212	0.915890
15572	4.043925	0.778872	9.441108	0.004427	0.002319	0.004612	-0.902323	-0.175717	0.393620	0.223625	-0.971472	0.078954	0.368517	0.159265	0.915877
15573	4.051851	0.807951	9.389543	0.000878	0.003308	0.003986	-0.902338	-0.175934	0.393489	0.223744	-0.971463	0.078730	0.368409	0.159082	0.915952
15574	4.046620	0.753589	9.393049	0.001322	0.003834	0.006022	-0.902324	-0.175984	0.393499	0.223798	-0.971451	0.078726	0.368411	0.159101	0.915948
15575	4.077419	0.766190	9.462722	0.005466	0.001061	0.004171	-0.902284	-0.176105	0.393536	0.223891	-0.971438	0.078616	0.368451	0.159044	0.915941
15576	4.065218	0.776535	9.432056	0.001894	0.006561	0.003367	-0.902286	-0.176134	0.393519	0.223924	-0.971430	0.078627	0.368427	0.159063	0.915948
15577	4.064830	0.776671	9.432212	0.004427	0.002318	0.004611	-0.902266	-0.176256	0.393510	0.224015	-0.971416	0.078532	0.368420	0.159009	0.915960
15578	4.039987	0.801215	9.430343	0.006632	0.002004	-0.000962	-0.902261	-0.176236	0.393531	0.224026	-0.971408	0.078603	0.368427	0.159082	0.915945
15579	4.052488	0.787618	9.401557	0.001905	0.004306	0.003455	-0.902285	-0.176254	0.393466	0.224050	-0.971399	0.078644	0.368351	0.159116	0.915969
15580	4.029747	0.790265	9.411200	0.002349	0.004832	0.005491	-0.902276	-0.176301	0.393466	0.224104	-0.971386	0.078651	0.368342	0.159142	0.915968
15581	4.063667	0.777507	9.432645	0.001916	0.002050	0.003544	-0.902253	-0.176347	0.393498	0.224146	-0.971379	0.078619	0.368372	0.159135	0.915958
15582	4.061084	0.799111	9.421361	0.004416	0.004572	0.004521	-0.902245	-0.176385	0.393500	0.224198	-0.971365	0.078648	0.368359	0.159182	0.915954
15583	4.053392	0.766514	9.413523	0.002933	0.005303	0.002924	-0.902276	-0.176432	0.393408	0.224241	-0.971353	0.078670	0.368259	0.159200	0.915992
15584	4.049837	0.791890	9.461931	0.001916	0.002050	0.003543	-0.902261	-0.176456	0.393432	0.224275	-0.971345	0.078680	0.368274	0.159227	0.915981
15585	4.052709	0.766885	9.413787	0.006027	0.006041	0.001425	-0.902293	-0.176610	0.393288	0.224375	-0.971329	0.078584	0.368134	0.159150	0.916051
15586	4.039324	0.781099	9.442893	0.002339	0.007086	0.005400	-0.902293	-0.176660	0.393266	0.224428	-0.971316	0.078590	0.368102	0.159171	0.916060
15587	4.049287	0.788708	9.402845	0.002489	0.004776	0.000887	-0.902294	-0.176749	0.393225	0.224480	-0.971312	0.078501	0.368069	0.159102	0.916085
15588	4.051000	0.767399	9.414481	0.003366	0.008083	0.004870	-0.902298	-0.176797	0.393193	0.224532	-0.971298	0.078518	0.368026	0.159131	0.916097
15589	4.059952	0.778863	9.434132	0.002933	0.005302	0.002923	-0.902351	-0.176976	0.392992	0.224635	-0.971285	0.078388	0.367834	0.159013	0.916195
15590	4.057125	0.800430	9.422954	0.001895	0.006559	0.003363	-0.902353	-0.177008	0.392972	0.224669	-0.971276	0.078396	0.367807	0.159029	0.916203
15591	4.024902	0.791842	9.413140	0.002954	0.000793	0.003103	-0.902349	-0.177127	0.392929	0.224752	-0.971265	0.078303	0.367768	0.158969	0.916229
15592	4.058749	0.779020	9.434637	0.000272	0.007345	0.006367	-0.902347	-0.177190	0.392903	0.224808	-0.971253	0.078284	0.367737	0.158967	0.916242
15593	4.058336	0.779019	9.434815	0.004426	0.002316	0.004609	-0.902397	-0.177132	0.392816	0.224800	-0.971241	0.078462	0.367621	0.159109	0.916264
15594	4.058129	0.779233	9.434886	0.002500	0.002521	0.000976	-0.902390	-0.177134	0.392830	0.224815	-0.971235	0.078486	0.367628	0.159139	0.916256
15595	4.064933	0.812203	9.443071	0.002923	0.007556	0.002831	-0.902359	-0.177100	0.392917	0.224814	-0.971232	0.078535	0.367705	0.159200	0.916214
15596	4.081820	0.755341	9.437223	0.000877	0.003307	0.003981	-0.902349	-0.177132	0.392926	0.224849	-0.971224	0.078532	0.367709	0.159213	0.916210
15597	4.032061	0.803605	9.433531	0.002923	0.007556	0.002831	-0.902322	-0.177226	0.392946	0.224922	-0.971213	0.078453	0.367730	0.159172	0.916209
15598	4.053921	0.801097	9.424276	0.003387	0.003573	0.005048	-0.902310	-0.177269	0.392954	0.224976	-0.971199	0.078468	0.367727	0.159208	0.916204
15599	4.034235	0.778487	9.385714	0.000403	0.009544	0.001673	-0.902322	-0.177364	0.392882	0.225026	-0.971196	0.078371	0.367665	0.159125	0.916243
15600	4.035901	0.757047	9.397382	0.001462	0.003778	0.001415	-0.902319	-0.177373	0.392885	0.225041	-0.971191	0.078383	0.367664	0.159141	0.916241
15601	4.035989	0.854313	9.371304	0.001462	0.003778	0.001415	-0.902341	-0.177259	0.392887	0.224981	-0.971193	0.078539	0.367647	0.159261	0.916227
15602	4.074421	0.798713	9.415603	0.002944	0.003047	0.003012	-0.902331	-0.177282	0.392898	0.225016	-0.971183	0.078559	0.367649	0.159294	0.916220
15603	4.029382	0.803780	9.434661	-0.004739	0.004558	0.004321	-0.902305	-0.177377	0.392916	0.225061	-0.971185	0.078409	0.367686	0.159179	0.916225
15604	4.064096	0.786901	9.396573	0.003377	0.005827	0.004956	-0.902301	-0.177423	0.392903	0.225115	-0.971171	0.078425	0.367662	0.159211	0.916229
15605	4.043521	0.768225	9.417628	0.002934	0.005300	0.002920	-0.902235	-0.177435	0.393052	0.225149	-0.971164	0.078410	0.367805	0.159239	0.916167
15606	4.075027	0.777037	9.427750	0.001018	0.003251	-0.000621	-0.902234	-0.177423	0.393059	0.225144	-0.971164	0.078425	0.367810	0.159253	0.916163
15607	4.045346	0.844108	9.403185	0.000857	0.007815	0.003797	-0.902215	-0.177484	0.393074	0.225191	-0.971157	0.078373	0.367827	0.159226	0.916161
15608	4.064424	0.765601	9.408808	-0.000162	0.004563	0.004418	-0.902208	-0.177523	0.393074	0.225227	-0.971150	0.078358	0.367823	0.159226	0.916162
15609	4.030892	0.760774	9.458778	0.004838	0.009603	0.006369	-0.902173	-0.177581	0.393128	0.225302	-0.971133	0.078363	0.367864	0.159269	0.916138
15610	4.050405	0.779740	9.438163	0.003386	0.003572	0.005046	-0.902160	-0.177624	0.393138	0.225356	-0.971119	0.078377	0.367862	0.159305	0.916133
15611	4.041435	0.764647	9.359267	0.001895	0.006557	0.003357	-0.902232	-0.177716	0.392931	0.225410	-0.971107	0.078362	0.367652	0.159272	0.916223
15612	4.046997	0.801327	9.427232	0.001886	0.008811	0.003265	-0.902243	-0.177750	0.392890	0.225443	-0.971099	0.078370	0.367605	0.159283	0.916240
15613	4.059171	0.787326	9.398666	0.000867	0.005560	0.003887	-0.902239	-0.177756	0.392895	0.225454	-0.971096	0.078381	0.367606	0.159299	0.916237
15614	4.026798	0.778605	9.388897	0.000424	0.005034	0.001851	-0.902240	-0.177770	0.392888	0.225469	-0.971092	0.078382	0.367597	0.159303	0.916240
15615	4.049862	0.758213	9.450782	0.002195	0.007137	0.009991	-0.902227	-0.177796	0.392905	0.225524	-0.971074	0.078444	0.367593	0.159384	0.916227
15616	4.035277	0.789916	9.408764	0.002634	0.004718	-0.003717	-0.902239	-0.177756	0.392897	0.225496	-0.971077	0.078487	0.367582	0.159411	0.916227
15617	4.046502	0.779958	9.439819	0.002781	0.007608	0.007425	-0.902228	-0.177739	0.392930	0.225517	-0.971066	0.078567	0.367596	0.159497	0.916206
15618	4.066148	0.798815	9.419170	0.002943	0.003045	0.003010	-0.902218	-0.177761	0.392942	0.225551	-0.971057	0.078586	0.367600	0.159531	0.916199
15619	4.056277	0.787565	9.399895	0.002348	0.004828	0.005482	-0.902267	-0.177889	0.392772	0.225639	-0.971040	0.078543	0.367425	0.159492	0.916276
15620	4.000571	0.785334	9.459183	-0.000162	0.004563	0.004415	-0.902260	-0.177927	0.392770	0.225674	-0.971033	0.078529	0.367420	0.159492	0.916278
15621	4.044802	0.779923	9.440550	0.001896	0.006556	0.003354	-0.902208	-0.178072	0.392824	0.225771	-0.971024	0.078356	0.367489	0.159381	0.916270
15622	4.042191	0.801446	9.429284	0.001472	0.001522	0.001505	-0.902196	-0.178078	0.392849	0.225786	-0.971020	0.078367	0.367508	0.159402	0.916258
15623	4.034603	0.768776	9.421407	0.002934	0.005298	0.002917	-0.902192	-0.178153	0.392824	0.225848	-0.971008	0.078330	0.367481	0.159387	0.916272
15624	4.041410	0.801604	9.429605	0.003232	0.005879	0.009550	-0.902178	-0.178244	0.392815	0.225943	-0.970987	0.078326	0.367457	0.159417	0.916276
15625	4.033622	0.768837	9.421822	0.001011	0.005504	-0.000716	-0.902183	-0.178341	0.392760	0.225988	-0.970986	0.078204	0.367417	0.159314	0.916310
15626	4.065057	0.777455	9.432018	-0.000162	0.004562	0.004413	-0.902176	-0.178381	0.392758	0.226024	-0.970979	0.078188	0.367413	0.159312	0.916312
15627	4.052898	0.787514	9.401357	0.001905	0.004301	0.003446	-0.902174	-0.178509	0.392703	0.226112	-0.970966	0.078092	0.367362	0.159247	0.916344
15628	4.084473	0.796261	9.411486	0.002943	0.003044	0.003009	-0.902165	-0.178533	0.392715	0.226147	-0.970956	0.078109	0.367364	0.159279	0.916337
15629	4.029876	0.790364	9.411041	0.002347	0.004827	0.005480	-0.902183	-0.178605	0.392639	0.226209	-0.970942	0.078105	0.367280	0.159283	0.916370
15630	4.050786	0.791692	9.461447	0.003972	0.004040	0.002478	-0.902179	-0.178626	0.392640	0.226243	-0.970932	0.078133	0.367271	0.159322	0.916367
15631	4.028957	0.790602	9.411414	0.000858	0.007812	0.003789	-0.902150	-0.178697	0.392674	0.226311	-0.970919	0.078094	0.367299	0.159319	0.916356
15632	4.037812	0.801777	9.431132	0.000271	0.007341	0.006353	-0.902148	-0.178761	0.392648	0.226366	-0.970908	0.078074	0.367269	0.159316	0.916369
15633	4.042751	0.754793	9.394586	-0.000613	0.006290	0.002284	-0.902099	-0.178683	0.392798	0.226342	-0.970908	0.078153	0.367406	0.159408	0.916298
15634	4.059046	0.798909	9.422224	0.002934	0.005297	0.002915	-0.902097	-0.178709	0.392789	0.226376	-0.970898	0.078171	0.367389	0.159436	0.916300
15635	4.049029	0.787721	9.403007	0.003376	0.005822	0.004948	-0.902060	-0.178695	0.392880	0.226404	-0.970887	0.078235	0.367462	0.159522	0.916256
15636	4.035626	0.801694	9.432074	-0.000171	0.006815	0.004317	-0.902061	-0.178737	0.392859	0.226439	-0.970880	0.078219	0.367439	0.159517	0.916266
15637	4.046760	0.791465	9.463189	0.002338	0.007079	0.005384	-0.902046	-0.178831	0.392852	0.226517	-0.970865	0.078169	0.367427	0.159499	0.916274
15638	4.036454	0.780204	9.444099	0.003360	0.010328	0.004760	-0.902059	-0.178883	0.392799	0.226570	-0.970852	0.078183	0.367364	0.159522	0.916295
15639	4.048719	0.766352	9.415515	0.002501	0.002517	0.000974	-0.902081	-0.178859	0.392759	0.226565	-0.970847	0.078254	0.367312	0.159577	0.916306
15640	4.033236	0.801946	9.433075	0.001897	0.006553	0.003349	-0.902083	-0.178891	0.392739	0.226598	-0.970839	0.078261	0.367286	0.159592	0.916314
15641	4.054885	0.799378	9.423976	0.004839	0.009595	0.006356	-0.902008	-0.178968	0.392876	0.226694	-0.970819	0.078229	0.367411	0.159626	0.916258
15642	4.031823	0.802110	9.433665	0.001308	0.006083	0.005912	-0.902002	-0.179024	0.392864	0.226749	-0.970807	0.078221	0.367391	0.159637	0.916264
15643	4.046433	0.766478	9.416488	-0.000163	0.004561	0.004409	-0.901951	-0.179015	0.392985	0.226766	-0.970802	0.078231	0.367506	0.159676	0.916211
15644	4.053226	0.799168	9.424707	0.002338	0.007078	0.005382	-0.901950	-0.179068	0.392964	0.226820	-0.970789	0.078234	0.367476	0.159695	0.916220
15645	4.052594	0.799267	9.424971	0.004848	0.007341	0.006449	-0.901973	-0.179072	0.392909	0.226851	-0.970775	0.078326	0.367400	0.159780	0.916235
15646	4.017275	0.714798	9.430053	-0.001789	0.005349	0.007407	-0.901961	-0.179141	0.392905	0.226908	-0.970765	0.078284	0.367395	0.159762	0.916241
15647	4.160727	0.908252	9.400425	0.006621	0.006498	-0.001148	-0.901925	-0.179168	0.392975	0.226938	-0.970760	0.078254	0.367464	0.159760	0.916213
15648	3.996115	0.695890	9.451305	-0.007985	0.003882	0.010398	-0.901901	-0.179264	0.392987	0.226999	-0.970755	0.078142	0.367486	0.159684	0.916218
15649	4.036801	0.829892	9.383572	-0.000163	0.004561	0.004407	-0.901849	-0.179219	0.393127	0.227006	-0.970747	0.078217	0.367609	0.159782	0.916151
15650	4.020383	0.768082	9.427540	0.000852	0.010062	0.003687	-0.901862	-0.179259	0.393078	0.227039	-0.970740	0.078213	0.367556	0.159782	0.916173
15651	4.053635	0.755250	9.449370	0.003810	0.008597	0.006882	-0.901812	-0.179373	0.393142	0.227143	-0.970722	0.078136	0.367616	0.159763	0.916152
15652	4.061350	0.784126	9.398024	0.001301	0.008334	0.005814	-0.901814	-0.179431	0.393111	0.227196	-0.970710	0.078128	0.367578	0.159770	0.916166
15653	4.023188	0.822227	9.425096	0.000860	0.007808	0.003780	-0.901853	-0.179379	0.393046	0.227182	-0.970702	0.078265	0.367491	0.159876	0.916182
15654	4.071639	0.773940	9.429500	0.002928	0.007546	0.002815	-0.901859	-0.179406	0.393019	0.227215	-0.970693	0.078284	0.367457	0.159901	0.916192
15655	4.038938	0.765254	9.419805	-0.001216	0.010323	0.004649	-0.901868	-0.179425	0.392990	0.227228	-0.970690	0.078281	0.367426	0.159897	0.916205
15656	4.064463	0.820607	9.467007	0.005288	0.007862	0.008478	-0.901862	-0.179508	0.392965	0.227320	-0.970667	0.078300	0.367383	0.159944	0.916214
15657	4.037498	0.765280	9.420420	0.001898	0.006550	0.003344	-0.901800	-0.179605	0.393063	0.227392	-0.970661	0.078173	0.367490	0.159875	0.916183
15658	4.064164	0.816699	9.407981	0.000697	0.012367	0.008182	-0.901812	-0.179692	0.392997	0.227464	-0.970645	0.078150	0.367418	0.159869	0.916213
15659	4.025054	0.757578	9.461426	0.000860	0.007807	0.003778	-0.901851	-0.179822	0.392847	0.227530	-0.970639	0.078034	0.367280	0.159760	0.916287
15660	4.022144	0.778946	9.450306	0.001301	0.008332	0.005810	-0.901853	-0.179881	0.392816	0.227584	-0.970627	0.078026	0.367242	0.159766	0.916301
15661	4.066119	0.773463	9.431921	0.002331	0.009326	0.005279	-0.901933	-0.179875	0.392635	0.227595	-0.970615	0.078153	0.367040	0.159850	0.916368
15662	4.031249	0.786244	9.410767	0.001741	0.008856	0.007841	-0.901932	-0.179954	0.392600	0.227668	-0.970598	0.078141	0.366996	0.159861	0.916384
15663	4.049627	0.808889	9.449898	0.002935	0.005291	0.002908	-0.901952	-0.179983	0.392541	0.227694	-0.970591	0.078154	0.366931	0.159870	0.916408
15664	4.086413	0.770752	9.423463	0.002332	0.009326	0.005277	-0.901959	-0.180038	0.392500	0.227746	-0.970579	0.078158	0.366880	0.159885	0.916425
15665	4.048058	0.809236	9.450541	0.006021	0.010527	0.001220	-0.902037	-0.180023	0.392328	0.227744	-0.970570	0.078273	0.366691	0.159955	0.916489
15666	4.037682	0.798097	9.431468	0.001741	0.008855	0.007838	-0.902037	-0.180101	0.392292	0.227817	-0.970554	0.078261	0.366646	0.159965	0.916505
15667	4.054112	0.741180	9.425903	0.004400	0.009062	0.004312	-0.902035	-0.180154	0.392272	0.227873	-0.970540	0.078269	0.366615	0.159990	0.916513
15668	4.035950	0.798481	9.432176	0.006902	0.011575	0.005282	-0.902051	-0.180213	0.392209	0.227943	-0.970520	0.078315	0.366533	0.160045	0.916536
15669	4.027677	0.765924	9.424570	0.002332	0.009324	0.005274	-0.902032	-0.180316	0.392205	0.228021	-0.970508	0.078236	0.366531	0.160003	0.916545
15670	4.049326	0.763297	9.415534	0.004846	0.007333	0.006439	-0.902029	-0.180378	0.392183	0.228093	-0.970489	0.078259	0.366493	0.160046	0.916552
15671	4.035738	0.777606	9.444588	0.005877	0.008327	0.005908	-0.901957	-0.180423	0.392328	0.228166	-0.970473	0.078251	0.366625	0.160095	0.916491
15672	4.010392	0.802054	9.442800	0.004840	0.009585	0.006340	-0.901962	-0.180488	0.392285	0.228237	-0.970454	0.078274	0.366567	0.160134	0.916507
15673	4.022628	0.788057	9.414303	0.003223	0.005869	0.009530	-0.901910	-0.180517	0.392391	0.228305	-0.970435	0.078316	0.366653	0.160219	0.916458
15674	4.031780	0.799340	9.433887	0.002350	0.002568	0.005564	-0.901892	-0.180563	0.392413	0.228360	-0.970422	0.078319	0.366665	0.160247	0.916449
15675	4.076405	0.793897	9.415278	0.003827	0.001834	0.007163	-0.901859	-0.180592	0.392474	0.228416	-0.970406	0.078351	0.366710	0.160309	0.916420
15676	4.022008	0.788006	9.414572	0.001758	0.002098	0.008125	-0.901833	-0.180662	0.392503	0.228491	-0.970389	0.078339	0.366727	0.160332	0.916409
15677	4.023898	0.766372	9.426148	0.002192	0.004874	0.010058	-0.901833	-0.180680	0.392494	0.228541	-0.970371	0.078420	0.366695	0.160423	0.916406
15678	4.016367	0.733706	9.418234	0.006933	0.000311	0.005766	-0.901806	-0.180724	0.392536	0.228614	-0.970350	0.078465	0.366717	0.160499	0.916383
15679	3.995137	0.833485	9.401100	-0.002362	-0.004129	0.010344	-0.901736	-0.180794	0.392665	0.228692	-0.970336	0.078410	0.366841	0.160505	0.916333
15680	4.068207	0.764327	9.466836	0.001194	-0.009631	0.011175	-0.901660	-0.180875	0.392803	0.228793	-0.970314	0.078381	0.366965	0.160544	0.916276
15681	4.045660	0.784319	9.404773	-0.000141	-0.004449	0.004788	-0.901600	-0.180829	0.392962	0.228796	-0.970310	0.078435	0.367111	0.160625	0.916204
15682	4.033389	0.798121	9.433302	0.001189	-0.007380	0.011075	-0.901532	-0.180912	0.393080	0.228895	-0.970288	0.078406	0.367216	0.160660	0.916155
15683	4.060698	0.752202	9.446612	0.001776	-0.004659	0.008416	-0.901530	-0.180955	0.393063	0.228961	-0.970269	0.078461	0.367178	0.160730	0.916158
15684	4.057003	0.795229	9.423447	0.006949	-0.006447	0.006057	-0.901478	-0.180990	0.393167	0.229036	-0.970247	0.078505	0.367261	0.160820	0.916109
15685	4.061677	0.752697	9.446152	0.005462	-0.001209	0.004263	-0.901485	-0.181005	0.393145	0.229086	-0.970228	0.078601	0.367213	0.160922	0.916111
15686	4.093015	0.779079	9.384951	0.005912	-0.005189	0.006489	-0.901436	-0.181046	0.393238	0.229162	-0.970207	0.078635	0.367286	0.160999	0.916068
15687	4.057897	0.796264	9.422975	0.005012	0.002770	0.002036	-0.901419	-0.181151	0.393228	0.229239	-0.970195	0.078551	0.367279	0.160950	0.916079
15688	4.060031	0.775118	9.434407	0.004431	-0.002203	0.004793	-0.901385	-0.181181	0.393293	0.229294	-0.970180	0.078577	0.367328	0.161008	0.916049
15689	4.048512	0.785452	9.403451	0.004866	0.000574	0.006725	-0.901358	-0.181176	0.393356	0.229335	-0.970164	0.078661	0.367369	0.161111	0.916015
15690	4.062275	0.754061	9.445786	0.002509	0.000259	0.001067	-0.901341	-0.181174	0.393395	0.229349	-0.970159	0.078684	0.367400	0.161146	0.915996
15691	4.050546	0.764518	9.414911	0.006489	0.002036	0.003633	-0.901348	-0.181208	0.393364	0.229408	-0.970139	0.078757	0.367346	0.161228	0.916003
15692	4.035506	0.800662	9.432182	0.008122	-0.001006	0.000737	-0.901328	-0.181200	0.393414	0.229440	-0.970125	0.078833	0.367376	0.161320	0.915975
15693	4.059950	0.777006	9.434287	0.005013	0.002770	0.002035	-0.901319	-0.181114	0.393474	0.229418	-0.970118	0.078980	0.367412	0.161456	0.915937
15694	4.032962	0.823184	9.420803	0.007076	0.004756	0.000973	-0.901319	-0.181117	0.393471	0.229447	-0.970106	0.079046	0.367392	0.161527	0.915932
15695	4.089117	0.808007	9.433079	0.005457	0.001042	0.004163	-0.901339	-0.181095	0.393438	0.229474	-0.970088	0.079189	0.367329	0.161660	0.915934
15696	4.016477	0.762176	9.464701	-0.000161	0.004560	0.004394	-0.901330	-0.181130	0.393440	0.229508	-0.970081	0.079176	0.367328	0.161662	0.915934
15697	4.037490	0.777220	9.384419	0.011057	0.006532	0.003537	-0.901302	-0.181222	0.393464	0.229607	-0.970058	0.079167	0.367336	0.161695	0.915925
15698	4.058041	0.779331	9.434916	0.011057	0.006531	0.003536	-0.901303	-0.181253	0.393447	0.229675	-0.970035	0.079259	0.367291	0.161802	0.915924
15699	4.077806	0.798662	9.414268	0.006925	0.004811	0.005561	-0.901319	-0.181219	0.393425	0.229697	-0.970017	0.079418	0.367237	0.161950	0.915920
15700	4.052790	0.823217	9.412318	0.004412	0.006804	0.004396	-0.901320	-0.181258	0.393406	0.229747	-0.970002	0.079447	0.367205	0.161991	0.915926
15701	4.076645	0.799502	9.414699	0.010021	0.007789	0.003967	-0.901257	-0.181230	0.393563	0.229776	-0.969990	0.079519	0.367341	0.162098	0.915852
15702	4.051158	0.824339	9.412923	0.006908	0.013817	0.005162	-0.901281	-0.181288	0.393481	0.229842	-0.969970	0.079568	0.367240	0.162151	0.915883
15703	4.017556	0.718744	9.429601	-0.001189	0.001316	0.005022	-0.901230	-0.181318	0.393585	0.229877	-0.969965	0.079526	0.367344	0.162147	0.915842
15704	4.091350	0.844817	9.442909	0.015187	0.010499	0.001408	-0.901250	-0.181334	0.393531	0.229940	-0.969939	0.079666	0.367255	0.162287	0.915853
15705	4.030706	0.785569	9.446078	0.001451	0.012775	0.000998	-0.901321	-0.181384	0.393345	0.229956	-0.969935	0.079659	0.367070	0.162251	0.915934
15706	4.025730	0.828655	9.423416	0.005892	0.003817	0.006090	-0.901306	-0.181435	0.393355	0.230027	-0.969916	0.079695	0.367062	0.162312	0.915926
15707	4.038331	0.814644	9.394787	0.000875	0.003301	0.003958	-0.901273	-0.181380	0.393458	0.230016	-0.969912	0.079765	0.367152	0.162391	0.915876
15708	4.064497	0.769052	9.408621	0.004412	0.006803	0.004392	-0.901272	-0.181419	0.393440	0.230066	-0.969898	0.079794	0.367121	0.162434	0.915881
15709	4.006267	0.789276	9.456192	0.010025	0.005534	0.004063	-0.901262	-0.181444	0.393452	0.230128	-0.969877	0.079877	0.367107	0.162534	0.915869
15710	4.050857	0.784236	9.437596	0.003545	-0.001001	0.000635	-0.901242	-0.181433	0.393503	0.230141	-0.969871	0.079913	0.367148	0.162582	0.915844
15711	4.038938	0.794646	9.406795	0.005884	0.008319	0.005887	-0.901247	-0.181477	0.393472	0.230199	-0.969853	0.079956	0.367100	0.162637	0.915853
15712	4.074752	0.760543	9.439985	0.005306	-0.001153	0.008850	-0.901207	-0.181546	0.393531	0.230293	-0.969829	0.079976	0.367138	0.162702	0.915826
15713	4.048261	0.806187	9.426275	-0.000154	0.000058	0.004589	-0.901194	-0.181517	0.393575	0.230306	-0.969819	0.080066	0.367164	0.162797	0.915799
15714	4.097082	0.757750	9.430698	0.003977	0.004026	0.002462	-0.901188	-0.181532	0.393582	0.230337	-0.969809	0.080099	0.367159	0.162841	0.915793
15715	4.053370	0.759713	9.389740	0.005610	0.000982	-0.000429	-0.901196	-0.181439	0.393607	0.230308	-0.969802	0.080262	0.367158	0.162983	0.915768
15716	4.045535	0.828579	9.414969	0.006485	0.004283	0.003527	-0.901188	-0.181465	0.393612	0.230357	-0.969786	0.080315	0.367145	0.163050	0.915762
15717	4.015385	0.798876	9.416483	0.001468	0.003768	0.001395	-0.901184	-0.181452	0.393627	0.230354	-0.969785	0.080334	0.367157	0.163069	0.915753
15718	4.019505	0.755926	9.439512	-0.002065	-0.001984	0.001064	-0.901160	-0.181443	0.393688	0.230350	-0.969788	0.080318	0.367220	0.163065	0.915729
15719	3.982590	0.693221	9.432849	0.005463	-0.003463	0.004362	-0.901128	-0.181447	0.393758	0.230384	-0.969776	0.080359	0.367276	0.163130	0.915695
15720	4.013055	0.723535	9.431151	0.003119	-0.010532	-0.000990	-0.901077	-0.181405	0.393895	0.230380	-0.969774	0.080399	0.367404	0.163192	0.915632
15721	4.048485	0.711105	9.452102	0.004763	-0.020331	-0.003579	-0.900971	-0.181296	0.394187	0.230342	-0.969778	0.080456	0.367688	0.163286	0.915502
15722	4.073954	0.805745	9.415332	0.000629	-0.022048	-0.001554	-0.900878	-0.181229	0.394429	0.230325	-0.969781	0.080475	0.367925	0.163345	0.915396
15723	4.085491	0.715858	9.400872	-0.003955	-0.017536	-0.001858	-0.900758	-0.181134	0.394747	0.230250	-0.969805	0.080392	0.368266	0.163304	0.915266
15724	4.049921	0.652903	9.393675	-0.003803	-0.017595	-0.006449	-0.900693	-0.181027	0.394945	0.230171	-0.969824	0.080390	0.368474	0.163311	0.915181
15725	4.060883	0.765316	9.445479	-0.004243	-0.018121	-0.008479	-0.900641	-0.180865	0.395138	0.230048	-0.969850	0.080426	0.368679	0.163336	0.915094
15726	4.036095	0.810885	9.431056	-0.003355	-0.021575	-0.004224	-0.900556	-0.180773	0.395374	0.229992	-0.969864	0.080419	0.368922	0.163355	0.914993
15727	4.098095	0.870605	9.427182	-0.005848	-0.030843	-0.004894	-0.900430	-0.180511	0.395780	0.229829	-0.969894	0.080522	0.369329	0.163467	0.914809
15728	4.071900	0.836172	9.367963	-0.006900	-0.020576	-0.004862	-0.900350	-0.180413	0.396006	0.229753	-0.969915	0.080487	0.369571	0.163450	0.914714
15729	4.030049	0.722799	9.423959	-0.007345	-0.018850	-0.006992	-0.900272	-0.180223	0.396269	0.229604	-0.969950	0.080497	0.369854	0.163455	0.914599
15730	4.072730	0.759928	9.381341	-0.001273	-0.028605	-0.004906	-0.900162	-0.180112	0.396570	0.229548	-0.969961	0.080513	0.370156	0.163507	0.914467
15731	4.095507	0.778658	9.359380	-0.001277	-0.026354	-0.005008	-0.900101	-0.180037	0.396743	0.229510	-0.969969	0.080535	0.370329	0.163546	0.914390
15732	3.971345	0.727083	9.389318	-0.002751	-0.027874	-0.006509	-0.899997	-0.179911	0.397035	0.229434	-0.969986	0.080544	0.370627	0.163582	0.914263
15733	4.064891	0.698702	9.421627	0.000371	-0.038415	-0.007525	-0.899803	-0.179785	0.397533	0.229356	-0.970012	0.080450	0.371148	0.163566	0.914054
15734	4.060950	0.767549	9.445238	0.003917	-0.039420	-0.006905	-0.899657	-0.179636	0.397930	0.229301	-0.970019	0.080521	0.371535	0.163688	0.913875
15735	4.023459	0.748191	9.414098	-0.000942	-0.046760	-0.013339	-0.899488	-0.179358	0.398438	0.229133	-0.970052	0.080606	0.372048	0.163800	0.913647
15736	4.115149	0.759183	9.363031	0.005563	-0.049235	-0.009538	-0.899311	-0.179167	0.398922	0.229062	-0.970061	0.080703	0.372520	0.163955	0.913426
15737	4.121722	0.839797	9.405552	0.005563	-0.049241	-0.009551	-0.899122	-0.178964	0.399440	0.228963	-0.970080	0.080752	0.373037	0.164063	0.913196
15738	4.080293	0.863777	9.351230	0.007625	-0.047260	-0.010627	-0.898954	-0.178767	0.399905	0.228889	-0.970087	0.080872	0.373486	0.164234	0.912982
15739	4.118103	0.754741	9.397138	0.003504	-0.051241	-0.008511	-0.898700	-0.178540	0.400576	0.228772	-0.970116	0.080865	0.374168	0.164314	0.912688
15740	4.139923	0.800051	9.422175	0.013695	-0.052523	-0.008785	-0.898508	-0.178351	0.401092	0.228737	-0.970110	0.081033	0.374651	0.164553	0.912447
15741	4.145439	0.898852	9.393370	0.014720	-0.049281	-0.009425	-0.898342	-0.178062	0.401591	0.228650	-0.970104	0.081343	0.375101	0.164897	0.912200
15742	4.212531	0.934931	9.339828	0.010589	-0.048753	-0.007494	-0.898160	-0.177892	0.402073	0.228615	-0.970101	0.081478	0.375557	0.165100	0.911975
15743	4.156934	0.876217	9.341202	0.012483	-0.035433	-0.004443	-0.898007	-0.177823	0.402446	0.228623	-0.970098	0.081500	0.375919	0.165196	0.911809
15744	4.129577	0.851669	9.400943	0.013959	-0.033915	-0.002953	-0.897870	-0.177721	0.402796	0.228642	-0.970081	0.081647	0.376235	0.165405	0.911641
15745	4.147678	0.817574	9.382065	0.013065	-0.034973	-0.007019	-0.897743	-0.177563	0.403149	0.228613	-0.970073	0.081822	0.376555	0.165620	0.911469
15746	4.133084	0.779030	9.412985	0.017374	-0.034861	0.002241	-0.897591	-0.177510	0.403512	0.228691	-0.970041	0.081979	0.376871	0.165863	0.911295
15747	4.161511	0.853850	9.386747	0.024592	-0.032418	-0.001317	-0.897402	-0.177447	0.403958	0.228756	-0.970017	0.082087	0.377280	0.166073	0.911087
15748	4.170064	0.808893	9.348438	0.018417	-0.038387	0.001877	-0.897236	-0.177384	0.404353	0.228835	-0.969984	0.082255	0.377625	0.166332	0.910897
15749	4.160607	0.824924	9.375695	0.022970	-0.029373	0.001579	-0.897107	-0.177357	0.404652	0.228934	-0.969946	0.082422	0.377872	0.166580	0.910749
15750	4.156127	0.794071	9.366419	0.018986	-0.033416	-0.000884	-0.896967	-0.177275	0.404999	0.228991	-0.969917	0.082606	0.378171	0.166836	0.910578
15751	4.199168	0.833061	9.322861	0.018393	-0.029371	0.001490	-0.896831	-0.177244	0.405313	0.229060	-0.969893	0.082703	0.378452	0.167011	0.910429
15752	4.154536	0.865576	9.388667	0.013243	-0.032087	0.004065	-0.896684	-0.177213	0.405652	0.229140	-0.969864	0.082814	0.378752	0.167209	0.910268
15753	4.152965	0.909681	9.364210	0.017815	-0.029842	0.004041	-0.896562	-0.177129	0.405959	0.229209	-0.969828	0.083051	0.379000	0.167510	0.910110
15754	4.155748	0.911241	9.362824	0.018844	-0.028851	0.003500	-0.896428	-0.177097	0.406268	0.229305	-0.969791	0.083216	0.379258	0.167756	0.909957
15755	4.151593	0.879844	9.353470	0.016234	-0.040336	0.007491	-0.896241	-0.177034	0.406707	0.229389	-0.969758	0.083372	0.379647	0.168016	0.909746
15756	4.137719	0.841204	9.384246	0.017396	-0.041670	0.002443	-0.896061	-0.176970	0.407132	0.229470	-0.969725	0.083528	0.380024	0.168271	0.909542
15757	4.144865	0.816946	9.334099	0.016261	-0.049377	0.007831	-0.895812	-0.176932	0.407695	0.229572	-0.969694	0.083601	0.380548	0.168487	0.909283
15758	4.159289	0.829787	9.351152	0.020387	-0.049924	0.005856	-0.895592	-0.176887	0.408198	0.229695	-0.969651	0.083770	0.380991	0.168785	0.909042
15759	4.139761	0.855719	9.346835	0.025766	-0.055590	0.014823	-0.895309	-0.176964	0.408786	0.229924	-0.969591	0.083834	0.381520	0.169047	0.908771
15760	4.265952	0.854898	9.315559	0.022908	-0.051939	0.006960	-0.895078	-0.176926	0.409308	0.230067	-0.969541	0.084021	0.381975	0.169374	0.908519
15761	4.228459	0.841436	9.343977	0.035935	-0.047860	0.014106	-0.894880	-0.176939	0.409734	0.230313	-0.969452	0.084369	0.382289	0.169868	0.908295
15762	4.224989	0.811350	9.334233	0.034418	-0.035838	0.012064	-0.894699	-0.176977	0.410113	0.230546	-0.969373	0.084640	0.382574	0.170277	0.908099
15763	4.186483	0.798482	9.363151	0.037981	-0.041371	0.012823	-0.894514	-0.176948	0.410528	0.230763	-0.969287	0.085033	0.382874	0.170798	0.907874
15764	4.202208	0.791336	9.392063	0.033841	-0.034054	0.014512	-0.894334	-0.177012	0.410893	0.231016	-0.969205	0.085288	0.383143	0.171199	0.907685
15765	4.245941	0.827409	9.288113	0.050677	-0.037904	0.013315	-0.894096	-0.177009	0.411412	0.231283	-0.969106	0.085678	0.383537	0.171757	0.907413
15766	4.202286	0.862622	9.353593	0.041054	-0.033895	0.010987	-0.893924	-0.177039	0.411773	0.231532	-0.969017	0.086013	0.383788	0.172228	0.907218
15767	4.203544	0.887743	9.340057	0.051140	-0.039651	0.015391	-0.893718	-0.177085	0.412200	0.231840	-0.968908	0.086415	0.384081	0.172795	0.906986
15768	4.256600	0.843690	9.341681	0.056758	-0.043207	0.015055	-0.893501	-0.177138	0.412649	0.232185	-0.968784	0.086876	0.384378	0.173434	0.906738
15769	4.226180	0.860770	9.318398	0.050109	-0.038405	0.015795	-0.893274	-0.177201	0.413113	0.232486	-0.968683	0.087197	0.384724	0.173933	0.906496
15770	4.257008	0.819687	9.329715	0.062258	-0.044445	0.019188	-0.893041	-0.177292	0.413576	0.232890	-0.968542	0.087689	0.385020	0.174628	0.906237
15771	4.234415	0.870180	9.313784	0.059278	-0.042990	0.016011	-0.892793	-0.177253	0.414129	0.233191	-0.968421	0.088223	0.385413	0.175336	0.905933
15772	4.246104	0.907941	9.318936	0.062256	-0.042213	0.019038	-0.892568	-0.177345	0.414573	0.233594	-0.968279	0.088715	0.385688	0.176026	0.905682
15773	4.220499	0.882868	9.318809	0.058252	-0.044010	0.016497	-0.892354	-0.177382	0.415019	0.233948	-0.968146	0.089232	0.385971	0.176719	0.905426
15774	4.170675	0.887120	9.376192	0.071894	-0.050800	0.021428	-0.892090	-0.177480	0.415543	0.234409	-0.967981	0.089802	0.386299	0.177518	0.905130
15775	4.237259	0.825521	9.288748	0.077975	-0.056104	0.023168	-0.891815	-0.177563	0.416099	0.234897	-0.967802	0.090456	0.386639	0.178410	0.904809
15776	4.255198	0.833109	9.435413	0.115900	-0.063699	0.034351	-0.891470	-0.177762	0.416751	0.235644	-0.967535	0.091370	0.386979	0.179658	0.904417
15777	4.259577	0.848369	9.241100	0.091174	-0.072538	0.026333	-0.891134	-0.177833	0.417438	0.236202	-0.967325	0.092145	0.387412	0.180714	0.904021
15778	4.178375	0.873539	9.335587	0.114552	-0.083503	0.028833	-0.890726	-0.177941	0.418264	0.236895	-0.967067	0.093069	0.387929	0.181983	0.903545
15779	4.312596	0.933370	9.296673	0.106891	-0.084225	0.030264	-0.890301	-0.177979	0.419151	0.237517	-0.966828	0.093967	0.388523	0.183215	0.903041
15780	4.174742	0.872780	9.348256	0.100258	-0.083951	0.031162	-0.889884	-0.178106	0.419983	0.238176	-0.966589	0.094750	0.389075	0.184347	0.902572
15781	4.246092	0.925072	9.409433	0.117479	-0.105416	0.037052	-0.889348	-0.178109	0.421114	0.238874	-0.966316	0.095776	0.389871	0.185771	0.901937
15782	4.236935	0.997417	9.218213	0.116467	-0.115529	0.037838	-0.888790	-0.178239	0.422237	0.239657	-0.966032	0.096675	0.390663	0.187116	0.901316
15783	4.292872	1.006124	9.251783	0.130594	-0.121878	0.044557	-0.888190	-0.178356	0.423448	0.240511	-0.965715	0.097718	0.391502	0.188636	0.900635
15784	4.271772	1.039177	9.343099	0.125945	-0.139950	0.049712	-0.887504	-0.178550	0.424801	0.241437	-0.965389	0.098650	0.392485	0.190115	0.899896
15785	4.133743	1.044717	9.356968	0.145525	-0.163330	0.065659	-0.886664	-0.178805	0.426446	0.242535	-0.965011	0.099657	0.393706	0.191791	0.899006
15786	4.152027	1.060922	9.407493	0.143964	-0.198912	0.069877	-0.885692	-0.179074	0.428348	0.243713	-0.964609	0.100661	0.395163	0.193549	0.897989
15787	4.060918	0.920106	9.552214	0.116022	-0.258321	0.070050	-0.884506	-0.179261	0.430715	0.244792	-0.964261	0.101380	0.397148	0.195107	0.896776
15788	4.021166	1.056161	9.528503	0.135709	-0.311522	0.082165	-0.883045	-0.179421	0.433635	0.246050	-0.963849	0.102250	0.399612	0.196988	0.895269
15789	4.055624	1.066140	9.512778	0.147799	-0.392897	0.092056	-0.881253	-0.179458	0.437250	0.247412	-0.963394	0.103246	0.402715	0.199167	0.893394
15790	4.010028	1.090245	9.534367	0.170938	-0.470074	0.113868	-0.879051	-0.179591	0.441606	0.249098	-0.962848	0.104280	0.406472	0.201671	0.891128
15791	4.061614	1.011815	9.600690	0.177946	-0.563924	0.121158	-0.876379	-0.179603	0.446881	0.250855	-0.962291	0.105203	0.411135	0.204300	0.888386
15792	3.979119	1.027009	9.558072	0.198089	-0.683859	0.135318	-0.873189	-0.179475	0.453132	0.252850	-0.961642	0.106360	0.416662	0.207447	0.885076
15793	4.009099	1.116579	9.469810	0.209583	-0.813055	0.146158	-0.869410	-0.179196	0.460450	0.255008	-0.960942	0.107525	0.423198	0.210902	0.881149
15794	3.991040	1.079596	9.462476	0.236827	-0.952758	0.158773	-0.864916	-0.178671	0.469039	0.257388	-0.960155	0.108877	0.430896	0.214895	0.876441
15795	4.154658	1.017763	9.463012	0.270682	-1.094046	0.168088	-0.859643	-0.177764	0.478972	0.259916	-0.959293	0.110459	0.439839	0.219447	0.870853
15796	4.166101	1.033587	9.378337	0.302901	-1.259062	0.173854	-0.853567	-0.176613	0.490133	0.262744	-0.958313	0.112254	0.449876	0.224596	0.864389
15797	4.330072	1.118331	9.418970	0.308770	-1.407942	0.181696	-0.846665	-0.175106	0.502490	0.265650	-0.957305	0.114006	0.461073	0.230012	0.857034
15798	4.377551	1.169438	9.427283	0.297492	-1.543102	0.191619	-0.838923	-0.173324	0.515914	0.268647	-0.956279	0.115578	0.473326	0.235560	0.848808
15799	4.716302	1.316079	9.577082	0.210778	-1.696567	0.216571	-0.830150	-0.171186	0.530609	0.271342	-0.955434	0.116277	0.487056	0.240504	0.839604
15800	4.580846	1.288017	9.425390	0.087986	-1.820282	0.234883	-0.820487	-0.168992	0.546117	0.273708	-0.954822	0.115757	0.501882	0.244453	0.829673
15801	4.710329	1.219665	9.595589	-0.048301	-1.980860	0.272256	-0.809548	-0.166555	0.562931	0.275550	-0.954521	0.113852	0.518367	0.247284	0.818624
15802	4.688326	1.418777	9.805680	-0.144005	-2.203416	0.318829	-0.797020	-0.164099	0.581232	0.277344	-0.954352	0.110869	0.536507	0.249566	0.806150
15803	4.437236	1.163455	9.422822	-0.247078	-2.379003	0.362004	-0.782899	-0.161429	0.600841	0.278716	-0.954423	0.106743	0.556226	0.251033	0.792209
15804	4.744465	1.161267	9.558899	-0.244977	-2.639836	0.411983	-0.766756	-0.158683	0.622017	0.280513	-0.954382	0.102313	0.577406	0.252933	0.776291
15805	5.927804	1.520504	10.169772	-0.252311	-2.815947	0.451471	-0.748818	-0.155652	0.644239	0.282292	-0.954357	0.097538	0.599652	0.254902	0.758579
15806	5.934413	1.477431	9.414643	-0.342279	-2.917773	0.495509	-0.729559	-0.152899	0.666608	0.283857	-0.954468	0.091737	0.622229	0.256149	0.739742
15807	7.461984	2.120031	9.784666	-0.517259	-3.002823	0.576669	-0.708700	-0.150471	0.689277	0.284512	-0.954980	0.084055	0.645599	0.255677	0.719605
15808	8.334657	1.773719	9.773379	-0.780040	-2.904807	0.655371	-0.687722	-0.149324	0.710451	0.283958	-0.955981	0.073943	0.668136	0.252591	0.699851
15809	8.118944	1.122597	9.270177	-1.000000	-2.854261	0.650372	-0.666255	-0.148177	0.730854	0.281336	-0.957583	0.062324	0.690619	0.247139	0.679682
15810	8.777048	0.650693	9.251380	-0.963726	-2.850745	0.601318	-0.644541	-0.146940	0.750317	0.278513	-0.959055	0.051431	0.712038	0.242122	0.659074
15811	8.376202	0.653037	9.145076	-0.953704	-2.839462	0.532730	-0.622172	-0.144930	0.769349	0.274660	-0.960660	0.041148	0.733119	0.236911	0.637502
15812	8.444917	0.141344	9.022336	-0.942640	-2.877960	0.448866	-0.599518	-0.142472	0.787578	0.270391	-0.962227	0.031760	0.753304	0.231995	0.615395
15813	8.552428	0.141833	8.952470	-0.835216	-2.854343	0.355763	-0.576479	-0.139033	0.805197	0.265773	-0.963740	0.023871	0.772682	0.227761	0.592527
15814	8.819323	0.477037	8.969354	-0.763079	-2.865717	0.301063	-0.553237	-0.135432	0.821941	0.261503	-0.965053	0.017001	0.790914	0.224346	0.569318
15815	8.856876	0.720479	9.259835	-0.705483	-2.808774	0.258066	-0.529624	-0.131298	0.838009	0.256788	-0.966406	0.010876	0.808429	0.220951	0.545548
15816	8.649562	1.122522	9.245110	-0.663363	-2.778767	0.246507	-0.506260	-0.127554	0.852895	0.252645	-0.967545	0.005264	0.824543	0.218144	0.522055
15817	8.197839	1.221869	9.213529	-0.661187	-2.740521	0.257787	-0.482531	-0.123835	0.867080	0.248043	-0.968749	-0.000319	0.840023	0.214920	0.498168
15818	7.296142	1.257093	8.881925	-0.673303	-2.742160	0.328930	-0.458437	-0.121146	0.880431	0.243882	-0.969783	-0.006452	0.854609	0.211763	0.474130
15819	6.293594	0.980375	8.800302	-0.698860	-2.776993	0.405440	-0.433479	-0.119164	0.893250	0.239527	-0.970799	-0.013272	0.868748	0.208204	0.449364
15820	4.855950	1.241424	8.180279	-0.717601	-2.762619	0.514340	-0.408021	-0.118432	0.905259	0.235405	-0.971670	-0.021018	0.882102	0.204527	0.424341
15821	2.060678	0.448665	8.156730	-0.750508	-2.779991	0.683550	-0.381780	-0.119423	0.916506	0.231377	-0.972391	-0.030322	0.894823	0.200482	0.398871
15822	3.264860	-3.709828	11.403048	-0.470441	-2.387118	1.113311	-0.357671	-0.125454	0.925382	0.231258	-0.971969	-0.042386	0.904760	0.198842	0.376658
15823	11.651383	-3.998187	16.181954	0.043009	-0.853205	1.402706	-0.346755	-0.137378	0.927841	0.236543	-0.970050	-0.055226	0.907639	0.200325	0.368865
15824	3.353180	-1.350518	15.548777	0.757570	0.747352	1.377249	-0.350131	-0.152208	0.924252	0.248200	-0.966516	-0.065143	0.903219	0.206590	0.376185
15825	-1.381646	1.323172	11.433467	0.881887	1.360769	1.402502	-0.358948	-0.168605	0.918002	0.261033	-0.962435	-0.074700	0.896113	0.212816	0.389476
15826	-2.649624	2.642238	10.110561	0.747196	1.420921	1.362073	-0.367945	-0.184718	0.911315	0.272651	-0.958423	-0.084183	0.888976	0.217496	0.403010
15827	-1.230991	3.101707	10.672451	0.634773	1.556552	1.164813	-0.378673	-0.199286	0.903820	0.282552	-0.954816	-0.092149	0.881346	0.220482	0.417872
15828	-0.065485	3.131749	11.504648	0.591015	1.929104	0.804903	-0.393231	-0.211202	0.894854	0.290838	-0.951858	-0.096852	0.872229	0.222172	0.435725
15829	0.046840	3.045573	11.517875	0.566019	2.395772	0.382570	-0.413085	-0.220175	0.883676	0.297228	-0.949794	-0.097706	0.860823	0.222292	0.457788
15830	-0.456662	2.321133	10.886546	0.538988	2.760987	-0.006884	-0.436642	-0.226205	0.870732	0.301799	-0.948617	-0.095097	0.847503	0.221262	0.482475
15831	-0.694326	1.266338	10.384099	0.532958	2.968016	-0.310262	-0.462762	-0.229808	0.856177	0.304827	-0.948170	-0.089742	0.832425	0.219457	0.508829
15832	0.003825	0.248235	10.583842	0.568850	3.125680	-0.512981	-0.490047	-0.231749	0.840325	0.307066	-0.948114	-0.082405	0.815821	0.217653	0.535782
15833	1.315806	-0.525026	11.240608	0.654461	3.326322	-0.614378	-0.519032	-0.233136	0.822346	0.309177	-0.948147	-0.073660	0.796878	0.216019	0.564199
15834	2.432143	-1.129423	11.790955	0.720876	3.619951	-0.625506	-0.549390	-0.234969	0.801848	0.311497	-0.948063	-0.064391	0.775333	0.214397	0.594048
15835	3.068565	-1.736898	11.923879	0.798799	3.919301	-0.555181	-0.581314	-0.238066	0.778074	0.314364	-0.947702	-0.055100	0.750500	0.212568	0.625751
15836	3.501286	-2.125715	11.718259	0.887284	4.171625	-0.428803	-0.613365	-0.242811	0.751549	0.318331	-0.946857	-0.046110	0.722806	0.210959	0.658064
15837	3.971163	-2.271867	11.687972	0.972917	4.342451	-0.271221	-0.645249	-0.249350	0.722135	0.323390	-0.945521	-0.037525	0.692151	0.209318	0.690734
15838	4.654465	-2.034853	11.730532	1.068380	4.458254	-0.136471	-0.675788	-0.257340	0.690714	0.329700	-0.943640	-0.028998	0.659248	0.208132	0.722546
15839	5.286670	-1.551337	11.919104	1.135197	4.538177	-0.062952	-0.705402	-0.266121	0.656954	0.336402	-0.941502	-0.020177	0.623893	0.206768	0.753661
15840	5.333252	-0.806583	11.790591	1.179016	4.577815	-0.038999	-0.733224	-0.275165	0.621826	0.343251	-0.939181	-0.010855	0.586994	0.205483	0.783080
