// General information: 
//  MT Manager version: 2022.2.0 
//  XDA version: 2022.2.0 build 7381 rev 124627 built on 2023-07-19
// Device information: 
//  DeviceId: 00B4CBA7
//  ProductCode: MTW2-3A7G6
//  Firmware Version: 4.6.0
//  Hardware Version: 2.0.0
// Device settings: 
//  Filter Profile: human(46.1)
//  Option Flags: Orientation Smoother Disabled, Position/Velocity Smoother Disabled, Continuous Zero Rotation Update Disabled, AHS Disabled, ICC Disabled
// Coordinate system: ENU
PacketCounter	Acc_X	Acc_Y	Acc_Z	Gyr_X	Gyr_Y	Gyr_Z	Mat[1][1]	Mat[2][1]	Mat[3][1]	Mat[1][2]	Mat[2][2]	Mat[3][2]	Mat[1][3]	Mat[2][3]	Mat[3][3]
30494	9.517101	-1.009136	-1.615301	-0.013320	0.015471	-0.002081	0.209705	0.005488	0.977749	0.522805	-0.845662	-0.107384	0.826256	0.533691	-0.180209
30495	9.580656	-1.001345	-1.553786	-0.014471	0.006127	0.001082	0.209619	0.005480	0.977768	0.522737	-0.845711	-0.107327	0.826321	0.533613	-0.180142
30496	9.532108	-0.978873	-1.564560	-0.018200	0.001208	0.001395	0.209590	0.005491	0.977774	0.522576	-0.845818	-0.107267	0.826430	0.533443	-0.180145
30497	9.556860	-1.010950	-1.577313	0.005498	-0.011621	0.003087	0.209632	0.005607	0.977764	0.522526	-0.845860	-0.107179	0.826451	0.533376	-0.180249
30498	9.555220	-0.915371	-1.540119	0.012162	-0.021176	0.004497	0.209804	0.005711	0.977727	0.522609	-0.845806	-0.107203	0.826354	0.533461	-0.180439
30499	9.581376	-0.922227	-1.618637	0.000901	-0.027911	0.007617	0.210072	0.005864	0.977668	0.522503	-0.845872	-0.107197	0.826354	0.533353	-0.180758
30500	9.590814	-0.984877	-1.683435	0.001191	-0.033579	0.009414	0.210373	0.005993	0.977603	0.522485	-0.845877	-0.107249	0.826289	0.533345	-0.181081
30501	9.624496	-0.970984	-1.754134	0.015267	-0.036196	0.014597	0.210714	0.006117	0.977529	0.522478	-0.845870	-0.107331	0.826206	0.533353	-0.181432
30502	9.653657	-1.197673	-1.643083	0.011131	-0.042940	0.002564	0.211056	0.006354	0.977453	0.522556	-0.845822	-0.107334	0.826069	0.533428	-0.181836
30503	9.599713	-1.091465	-1.790527	0.071104	-0.028352	-0.000866	0.211176	0.006556	0.977426	0.523198	-0.845420	-0.107368	0.825632	0.534061	-0.181963
30504	9.597435	-0.887479	-1.748189	0.059904	-0.043121	0.000096	0.211507	0.006815	0.977353	0.523684	-0.845111	-0.107436	0.825239	0.534548	-0.182316
30505	9.595108	-0.914072	-1.687566	0.006709	-0.035042	0.006634	0.211765	0.006979	0.977296	0.523750	-0.845068	-0.107454	0.825131	0.534614	-0.182611
30506	9.535881	-1.130299	-1.927827	-0.018636	-0.035517	0.003854	0.212052	0.007166	0.977232	0.523581	-0.845178	-0.107415	0.825165	0.534437	-0.182974
30507	9.541856	-1.013396	-1.883762	0.037287	-0.034007	0.005543	0.212329	0.007330	0.977171	0.523920	-0.844956	-0.107504	0.824878	0.534786	-0.183250
30508	9.555169	-0.942727	-1.801995	0.006143	-0.034637	0.005273	0.212616	0.007501	0.977107	0.523952	-0.844934	-0.107525	0.824784	0.534818	-0.183577
30509	9.621134	-1.115550	-1.853829	0.002585	-0.032808	0.012485	0.212913	0.007591	0.977042	0.523987	-0.844899	-0.107621	0.824685	0.534871	-0.183867
30510	9.553331	-1.012137	-1.778734	0.017289	-0.019135	0.007955	0.213086	0.007656	0.977003	0.524105	-0.844818	-0.107688	0.824565	0.534999	-0.184031
30511	9.528933	-1.022677	-1.804208	-0.015562	-0.032334	0.010258	0.213302	0.007789	0.976955	0.524044	-0.844857	-0.107680	0.824549	0.534936	-0.184292
30512	9.562010	-1.130407	-1.849140	0.015294	-0.029690	0.009455	0.213570	0.007898	0.976896	0.524142	-0.844786	-0.107759	0.824417	0.535046	-0.184561
30513	9.535610	-1.003210	-1.800833	0.004620	-0.023014	0.007322	0.213685	0.008000	0.976870	0.524267	-0.844707	-0.107763	0.824307	0.535168	-0.184696
30514	9.513881	-1.138317	-1.932091	-0.020720	-0.027119	0.005319	0.213910	0.008130	0.976819	0.524078	-0.844829	-0.107734	0.824369	0.534975	-0.184978
30515	9.475190	-1.220100	-2.042470	0.020802	-0.027514	0.005888	0.214061	0.008284	0.976785	0.524255	-0.844720	-0.107726	0.824218	0.535144	-0.185165
30516	9.502215	-1.036220	-1.839913	0.038705	-0.026721	0.003389	0.214272	0.008428	0.976738	0.524559	-0.844523	-0.107788	0.823969	0.535452	-0.185379
30517	9.519079	-1.023240	-1.891929	-0.003189	-0.022797	0.009098	0.214415	0.008529	0.976705	0.524531	-0.844543	-0.107775	0.823950	0.535420	-0.185557
30518	9.517993	-1.091143	-1.865408	0.010459	-0.027260	0.001902	0.214623	0.008689	0.976658	0.524605	-0.844497	-0.107770	0.823848	0.535490	-0.185807
30519	9.563778	-1.043534	-1.754381	0.012702	-0.021630	0.005858	0.214833	0.008805	0.976611	0.524618	-0.844486	-0.107790	0.823786	0.535505	-0.186043
30520	9.588710	-1.063294	-1.800991	-0.012076	-0.026143	0.005239	0.215049	0.008931	0.976562	0.524500	-0.844562	-0.107777	0.823804	0.535384	-0.186307
30521	9.614449	-1.124286	-1.883009	-0.018118	-0.021375	0.002285	0.215139	0.009075	0.976541	0.524360	-0.844662	-0.107671	0.823870	0.535223	-0.186478
30522	9.639460	-1.143334	-1.929381	-0.003960	-0.018216	-0.001390	0.215255	0.009214	0.976514	0.524323	-0.844693	-0.107608	0.823863	0.535172	-0.186655
30523	9.640620	-1.172205	-1.998173	0.004643	-0.012845	0.001416	0.215336	0.009312	0.976496	0.524317	-0.844702	-0.107567	0.823846	0.535156	-0.186778
30524	9.615575	-1.085911	-1.983512	0.011555	-0.006233	0.000132	0.215361	0.009374	0.976489	0.524404	-0.844650	-0.107547	0.823784	0.535237	-0.186821
30525	9.648647	-1.029787	-2.016195	0.033156	-0.003413	0.001691	0.215339	0.009427	0.976494	0.524682	-0.844477	-0.107551	0.823613	0.535509	-0.186795
30526	9.729137	-1.022350	-1.973294	0.065689	0.005260	0.003433	0.215286	0.009400	0.976506	0.525208	-0.844135	-0.107665	0.823291	0.536048	-0.186668
30527	9.774260	-0.946447	-1.791249	0.092865	0.012381	-0.006648	0.215103	0.009420	0.976546	0.526030	-0.843615	-0.107730	0.822814	0.536866	-0.186419
30528	9.735387	-0.932441	-1.858135	0.114564	0.016553	-0.016818	0.214851	0.009503	0.976601	0.527001	-0.843008	-0.107736	0.822258	0.537817	-0.186129
30529	9.666667	-0.757517	-1.675435	0.187478	0.021162	-0.020162	0.214540	0.009598	0.976668	0.528600	-0.841993	-0.107841	0.821313	0.539403	-0.185715
30530	9.509856	-0.720756	-1.549615	0.061231	0.028071	-0.022984	0.214161	0.009669	0.976751	0.529145	-0.841670	-0.107687	0.821061	0.539905	-0.185369
30531	9.519601	-1.070831	-1.925517	0.017108	0.037332	-0.023495	0.213678	0.009716	0.976856	0.529349	-0.841576	-0.107420	0.821055	0.540051	-0.184970
30532	9.362632	-1.043796	-1.766591	-0.070545	0.061959	-0.028349	0.212992	0.009650	0.977006	0.528822	-0.841964	-0.106970	0.821572	0.539447	-0.184435
30533	9.467792	-1.211102	-1.974790	-0.307684	0.124778	-0.036551	0.211700	0.009354	0.977290	0.526290	-0.843681	-0.105929	0.823530	0.536763	-0.183530
30534	9.303139	-0.942415	-2.106251	-0.373767	0.188701	-0.023208	0.209995	0.008570	0.977665	0.523249	-0.845689	-0.104976	0.825901	0.533607	-0.182075
30535	9.200544	-1.178600	-2.345704	-0.506754	0.166759	-0.015402	0.208562	0.007842	0.977978	0.519067	-0.848396	-0.103892	0.828898	0.529304	-0.181014
30536	9.345553	-1.813285	-2.652557	-0.299925	0.147565	-0.018136	0.207217	0.007247	0.978268	0.516608	-0.849989	-0.103131	0.830769	0.526751	-0.179876
30537	9.473257	-1.343992	-2.187128	-0.109318	0.149106	-0.027043	0.205761	0.006777	0.978579	0.515603	-0.850672	-0.102522	0.831755	0.525653	-0.178529
30538	9.526837	-1.133422	-1.976738	-0.111777	0.133804	-0.033555	0.204448	0.006390	0.978857	0.514733	-0.851267	-0.101952	0.832617	0.524694	-0.177329
30539	9.540439	-1.151529	-1.787597	-0.084868	0.132872	-0.038646	0.203108	0.006066	0.979138	0.514108	-0.851714	-0.101368	0.833331	0.523971	-0.176109
30540	9.479100	-0.914468	-1.343475	-0.134536	0.173941	-0.041936	0.201415	0.005544	0.979490	0.513063	-0.852426	-0.100678	0.834385	0.522818	-0.174536
30541	9.336018	-0.840989	-1.362421	-0.228444	0.159017	-0.041303	0.199820	0.005091	0.979819	0.511348	-0.853554	-0.099847	0.835820	0.520980	-0.173160
30542	9.410797	-0.901949	-1.320154	-0.218396	0.135195	-0.033251	0.198492	0.004702	0.980091	0.509579	-0.854698	-0.099101	0.837216	0.519105	-0.172047
30543	9.568369	-0.914706	-1.331785	-0.235589	0.109740	-0.036224	0.197364	0.004483	0.980320	0.507648	-0.855940	-0.098288	0.838654	0.517056	-0.171207
30544	9.597182	-1.029443	-1.581457	-0.245404	0.094852	-0.036064	0.196358	0.004334	0.980523	0.505651	-0.857214	-0.097472	0.840096	0.514942	-0.170512
30545	9.656949	-1.058677	-1.795038	-0.164892	0.082111	-0.038292	0.195528	0.004260	0.980689	0.504232	-0.858125	-0.096805	0.841142	0.513422	-0.169936
30546	9.603319	-0.982932	-1.836631	-0.143446	0.075425	-0.039093	0.194670	0.004240	0.980860	0.503092	-0.858869	-0.096136	0.842023	0.512177	-0.169329
30547	9.577740	-0.966310	-1.959192	-0.102042	0.066445	-0.037120	0.193937	0.004255	0.981005	0.502255	-0.859423	-0.095564	0.842691	0.511248	-0.168811
30548	9.539089	-0.910782	-1.783117	-0.067646	0.058815	-0.031740	0.193256	0.004258	0.981139	0.501738	-0.859777	-0.095096	0.843156	0.510652	-0.168294
30549	9.441946	-0.875583	-1.769190	-0.058552	0.046219	-0.032309	0.192643	0.004322	0.981259	0.501379	-0.860036	-0.094643	0.843510	0.510215	-0.167847
30550	9.646757	-0.796995	-1.592663	-0.040362	0.045868	-0.029932	0.192079	0.004377	0.981370	0.501087	-0.860251	-0.094239	0.843811	0.509853	-0.167429
30551	9.634288	-0.815015	-1.467340	-0.083739	0.036920	-0.029213	0.191651	0.004465	0.981453	0.500397	-0.860700	-0.093798	0.844318	0.509092	-0.167188
30552	9.605983	-1.004727	-1.512641	-0.052423	0.026917	-0.026599	0.191265	0.004588	0.981528	0.499996	-0.860976	-0.093407	0.844643	0.508626	-0.166968
30553	9.607064	-0.872386	-1.359914	-0.027745	0.025712	-0.028974	0.190918	0.004730	0.981595	0.499837	-0.861104	-0.093068	0.844815	0.508406	-0.166765
30554	9.584161	-0.694622	-1.225201	-0.115276	0.048222	-0.024482	0.190362	0.004727	0.981703	0.498901	-0.861699	-0.092593	0.845494	0.507399	-0.166393
30555	9.501874	-0.800775	-1.349652	-0.159808	0.029832	-0.020787	0.190040	0.004778	0.981765	0.497571	-0.862518	-0.092117	0.846350	0.506003	-0.166290
30556	9.670601	-0.923531	-1.265217	-0.110500	0.010656	-0.014753	0.189850	0.004883	0.981801	0.496654	-0.863086	-0.091745	0.846930	0.505034	-0.166282
30557	9.764552	-0.816038	-1.196772	-0.123366	0.000709	-0.018900	0.189760	0.005076	0.981817	0.495614	-0.863729	-0.091324	0.847560	0.503932	-0.166417
30558	9.726993	-0.918322	-1.246922	-0.140397	-0.014425	-0.015844	0.189778	0.005317	0.981813	0.494444	-0.864444	-0.090892	0.848239	0.502701	-0.166682
30559	9.702324	-0.937981	-1.242349	-0.102477	-0.025909	-0.021687	0.189868	0.005658	0.981793	0.493630	-0.864952	-0.090478	0.848693	0.501822	-0.167019
30560	9.712222	-0.885572	-1.299783	-0.084084	-0.041450	-0.020274	0.190094	0.006072	0.981747	0.492946	-0.865382	-0.090096	0.849040	0.501075	-0.167497
30561	9.788791	-0.839655	-1.396340	-0.071475	-0.054298	-0.020772	0.190469	0.006540	0.981671	0.492369	-0.865745	-0.089764	0.849290	0.500442	-0.168118
30562	9.872972	-0.895361	-1.462429	-0.042809	-0.045233	-0.023685	0.190711	0.007003	0.981621	0.492042	-0.865967	-0.089417	0.849426	0.500052	-0.168595
30563	9.636463	-0.828159	-1.485599	-0.054248	-0.044191	-0.018437	0.191033	0.007404	0.981556	0.491596	-0.866249	-0.089142	0.849612	0.499558	-0.169122
30564	9.489159	-0.954150	-1.649460	-0.091519	-0.058714	-0.018508	0.191416	0.007888	0.981477	0.490844	-0.866714	-0.088762	0.849960	0.498743	-0.169775
30565	9.634678	-1.008768	-1.827772	-0.033985	-0.066002	-0.019684	0.191802	0.008401	0.981398	0.490696	-0.866827	-0.088481	0.849958	0.498539	-0.170381
30566	9.675825	-0.853618	-1.706809	-0.020915	-0.054458	-0.027214	0.192106	0.008939	0.981333	0.490562	-0.866938	-0.088136	0.849967	0.498336	-0.170929
30567	9.593267	-0.885800	-1.694023	-0.066541	-0.058930	-0.036258	0.192500	0.009573	0.981250	0.490042	-0.867279	-0.087674	0.850178	0.497731	-0.171642
30568	9.487070	-0.994724	-1.679335	-0.057595	-0.056240	-0.035924	0.192777	0.010195	0.981190	0.489612	-0.867571	-0.087181	0.850363	0.497209	-0.172239
30569	9.443049	-0.975365	-1.623403	-0.040910	-0.063179	-0.040002	0.193062	0.010899	0.981126	0.489300	-0.867801	-0.086643	0.850478	0.496793	-0.172872
30570	9.493671	-0.905884	-1.504300	-0.039812	-0.071326	-0.047993	0.193409	0.011701	0.981049	0.489046	-0.868002	-0.086060	0.850545	0.496422	-0.173601
30571	9.750312	-0.792103	-1.453151	-0.094788	-0.051732	-0.054602	0.193558	0.012443	0.981010	0.488415	-0.868427	-0.085352	0.850874	0.495661	-0.174168
30572	9.669687	-0.907761	-1.858003	-0.260496	-0.004487	-0.058352	0.193287	0.013003	0.981056	0.486301	-0.869717	-0.084283	0.852145	0.493380	-0.174428
30573	9.454887	-1.398471	-2.439103	-0.238007	0.009284	-0.064174	0.192805	0.013554	0.981144	0.484408	-0.870881	-0.083160	0.853332	0.491308	-0.174476
30574	9.509041	-1.421149	-2.529522	-0.058631	0.017364	-0.081545	0.192236	0.014211	0.981246	0.484056	-0.871166	-0.082215	0.853660	0.490783	-0.174349
30575	9.506352	-1.026956	-2.140751	0.008568	0.029482	-0.079783	0.191618	0.014795	0.981358	0.484196	-0.871164	-0.081409	0.853719	0.490769	-0.174095
30576	9.422034	-0.976082	-2.044860	-0.006146	0.028721	-0.085653	0.190933	0.015432	0.981482	0.484299	-0.871190	-0.080515	0.853815	0.490703	-0.173813
30577	9.359975	-0.873886	-1.715429	0.072403	0.020091	-0.086240	0.190267	0.016123	0.981600	0.485071	-0.870834	-0.079719	0.853525	0.491313	-0.173511
30578	9.470170	-0.717048	-1.451232	0.050005	0.007740	-0.092103	0.189728	0.016918	0.981691	0.485663	-0.870582	-0.078859	0.853308	0.491733	-0.173390
30579	9.662450	-0.508146	-1.238105	0.035226	0.001000	-0.089313	0.189188	0.017725	0.981781	0.486150	-0.870390	-0.077967	0.853151	0.492044	-0.173284
30580	9.625687	-0.478427	-1.135618	-0.063213	-0.019798	-0.090237	0.188893	0.018639	0.981821	0.485773	-0.870693	-0.076929	0.853431	0.491473	-0.173522
30581	9.603507	-0.741221	-1.265173	-0.099186	-0.043424	-0.089943	0.188823	0.019649	0.981815	0.485131	-0.871144	-0.075866	0.853812	0.490634	-0.174024
30582	9.530750	-0.801643	-1.248387	-0.047379	-0.064514	-0.094557	0.188890	0.020821	0.981778	0.484896	-0.871366	-0.074812	0.853930	0.490191	-0.174688
30583	9.556595	-0.739731	-1.325832	-0.039595	-0.080747	-0.094027	0.189098	0.022065	0.981710	0.484747	-0.871537	-0.073784	0.853969	0.489833	-0.175502
30584	9.602103	-0.700529	-1.490484	-0.020218	-0.089020	-0.099742	0.189350	0.023402	0.981631	0.484754	-0.871622	-0.072726	0.853909	0.489620	-0.176386
30585	9.612285	-0.820411	-1.711249	-0.015796	-0.089476	-0.105267	0.189574	0.024769	0.981554	0.484877	-0.871642	-0.071652	0.853789	0.489516	-0.177250
30586	9.572560	-0.933007	-1.910761	0.038624	-0.091401	-0.110788	0.189791	0.026213	0.981474	0.485408	-0.871433	-0.070591	0.853439	0.489813	-0.178114
30587	9.560366	-0.991061	-2.007364	0.108703	-0.092643	-0.116140	0.189919	0.027677	0.981410	0.486676	-0.870803	-0.069622	0.852688	0.490852	-0.178851
30588	9.478175	-0.893718	-1.842820	0.138853	-0.090510	-0.118468	0.190087	0.029184	0.981333	0.488076	-0.870096	-0.068666	0.851850	0.492018	-0.179638
30589	9.234690	-1.177935	-1.648243	0.123993	-0.104009	-0.122662	0.190324	0.030766	0.981239	0.489439	-0.869408	-0.067673	0.851015	0.493137	-0.180527
30590	9.156945	-1.984792	-1.538952	0.157712	-0.137964	-0.150740	0.190732	0.032789	0.981094	0.491059	-0.868589	-0.066437	0.849989	0.494447	-0.181769
30591	9.462410	-2.387751	-1.481479	0.462644	-0.136039	-0.183558	0.191002	0.035063	0.980963	0.495345	-0.866225	-0.065486	0.847438	0.498423	-0.182819
30592	9.359708	-0.675350	-0.646162	0.676137	-0.138114	-0.171844	0.191287	0.037272	0.980826	0.501383	-0.862781	-0.064997	0.843815	0.504202	-0.183727
30593	9.837951	0.590960	-0.383251	0.582207	-0.171705	-0.163401	0.191910	0.039559	0.980615	0.506582	-0.859779	-0.064455	0.840563	0.509131	-0.185040
30594	9.984654	1.893380	-0.406340	0.294085	-0.160889	-0.137190	0.192538	0.041589	0.980408	0.509306	-0.858231	-0.063614	0.838771	0.511576	-0.186423
30595	10.009878	1.309329	-1.379797	-0.130590	-0.200294	-0.120431	0.193573	0.043653	0.980114	0.508437	-0.858853	-0.062164	0.839060	0.510359	-0.188446
30596	9.922741	0.037447	-2.407597	-0.189364	-0.181878	-0.111492	0.194508	0.045569	0.979842	0.507056	-0.859775	-0.060670	0.839679	0.508635	-0.190339
30597	9.568785	-0.689306	-3.012437	-0.104424	-0.164936	-0.105280	0.195302	0.047330	0.979601	0.506370	-0.860269	-0.059390	0.839909	0.507640	-0.191978
30598	9.174998	-1.498907	-3.462416	-0.034578	-0.141679	-0.118267	0.195867	0.049097	0.979401	0.506303	-0.860395	-0.058123	0.839817	0.507258	-0.193380
30599	9.379740	-1.938056	-4.007422	0.188252	-0.108435	-0.126806	0.196133	0.050773	0.979262	0.508060	-0.859421	-0.057198	0.838694	0.508742	-0.194357
30600	9.904367	-0.561444	-3.413916	0.330497	-0.020289	-0.103116	0.195751	0.051793	0.979285	0.511023	-0.857689	-0.056788	0.836981	0.511553	-0.194361
30601	9.824991	0.585775	-3.105783	-0.001512	0.055188	-0.075929	0.194819	0.052188	0.979450	0.511099	-0.857698	-0.055960	0.837152	0.511498	-0.193769
30602	9.799428	0.211571	-3.340480	-0.341024	0.081828	-0.058635	0.193808	0.052304	0.979644	0.508346	-0.859415	-0.054684	0.839061	0.508597	-0.193150
30603	9.679848	-0.950666	-3.468187	-0.281695	0.112504	-0.064961	0.192498	0.052336	0.979901	0.506032	-0.860858	-0.053430	0.840760	0.506146	-0.192197
30604	9.487321	-1.202961	-2.705856	-0.020686	0.148056	-0.088386	0.190779	0.052378	0.980235	0.506019	-0.860924	-0.052482	0.841159	0.506030	-0.190750
30605	9.327194	-1.030696	-2.185671	0.158688	0.135665	-0.094876	0.189088	0.052522	0.980554	0.507567	-0.860053	-0.051810	0.840608	0.507493	-0.189285
30606	9.377573	-0.394222	-1.236308	0.227740	0.136568	-0.075610	0.187530	0.052508	0.980854	0.509614	-0.858863	-0.051456	0.839718	0.509507	-0.187821
30607	9.387881	0.014524	-0.691477	-0.005629	0.108347	-0.061289	0.186278	0.052506	0.981093	0.509706	-0.858847	-0.050813	0.839941	0.509534	-0.186747
30608	9.401837	-0.298436	-0.915824	-0.156497	0.073911	-0.054706	0.185352	0.052630	0.981262	0.508484	-0.859622	-0.049942	0.840886	0.508212	-0.186094
30609	9.415870	-0.304285	-0.765138	-0.130894	0.048527	-0.055811	0.184592	0.052898	0.981391	0.507420	-0.860300	-0.049071	0.841695	0.507036	-0.185646
30610	9.397986	-0.101572	-0.751596	-0.154017	0.027786	-0.070059	0.183977	0.053391	0.981480	0.506244	-0.861050	-0.048055	0.842538	0.505709	-0.185442
30611	9.362533	0.039126	-0.899476	-0.232176	0.002162	-0.067889	0.183596	0.053990	0.981518	0.504427	-0.862178	-0.046929	0.843710	0.503720	-0.185526
30612	9.337808	-0.137663	-1.152864	-0.344400	-0.020934	-0.068737	0.183401	0.054719	0.981514	0.501636	-0.863878	-0.045572	0.845415	0.500721	-0.185884
30613	9.340933	-0.627643	-1.532230	-0.388144	-0.038893	-0.071275	0.183359	0.055586	0.981473	0.498371	-0.865843	-0.044068	0.847352	0.497218	-0.186463
30614	9.412613	-0.771565	-1.798820	-0.249791	-0.058628	-0.083628	0.183414	0.056632	0.981403	0.496397	-0.867043	-0.042738	0.848498	0.495005	-0.187140
30615	9.497511	-0.369681	-1.495784	-0.215606	-0.059758	-0.080304	0.183477	0.057669	0.981331	0.494669	-0.868091	-0.041472	0.849493	0.493043	-0.187802
30616	9.605691	-0.531935	-1.564048	-0.302964	-0.074009	-0.088107	0.183645	0.058830	0.981231	0.492246	-0.869537	-0.039995	0.850863	0.490352	-0.188645
30617	9.574820	-0.781132	-1.409383	-0.273740	-0.093593	-0.086023	0.184082	0.060079	0.981073	0.490067	-0.870829	-0.038625	0.852026	0.487901	-0.189747
30618	9.697325	-1.001685	-1.245091	-0.242318	-0.125138	-0.097009	0.184649	0.061565	0.980874	0.488171	-0.871956	-0.037169	0.852991	0.485698	-0.191060
30619	9.717126	-0.954993	-1.167855	-0.161851	-0.143774	-0.100674	0.185406	0.063177	0.980629	0.486927	-0.872707	-0.035838	0.853538	0.484139	-0.192567
30620	9.842809	-0.480710	-1.120710	-0.146629	-0.167705	-0.098785	0.186331	0.064882	0.980342	0.485850	-0.873359	-0.034543	0.853950	0.482736	-0.194257
30621	9.795198	-0.295421	-1.419618	-0.163840	-0.196428	-0.099096	0.187447	0.066682	0.980009	0.484639	-0.874083	-0.033223	0.854394	0.481178	-0.196161
30622	9.801341	-0.014238	-1.484496	-0.073259	-0.219587	-0.088144	0.188871	0.068540	0.979607	0.484170	-0.874382	-0.032172	0.854346	0.480373	-0.198330
30623	9.675530	0.239642	-1.408490	-0.031255	-0.242819	-0.081063	0.190578	0.070453	0.979141	0.483988	-0.874515	-0.031277	0.854070	0.479853	-0.200762
30624	9.745502	0.435540	-1.764675	0.009049	-0.249207	-0.071909	0.192332	0.072309	0.978662	0.484195	-0.874427	-0.030549	0.853560	0.479738	-0.203192
30625	9.920652	0.890159	-2.209228	-0.007379	-0.218953	-0.053920	0.193895	0.073854	0.978238	0.484179	-0.874456	-0.029950	0.853215	0.479449	-0.205311
30626	10.101690	1.216651	-2.499782	-0.159061	-0.161726	-0.022872	0.195139	0.074860	0.977914	0.482857	-0.875207	-0.029355	0.853680	0.477921	-0.206934
30627	9.659716	0.591839	-2.955412	-0.474288	-0.111390	0.009356	0.196115	0.075340	0.977682	0.478760	-0.877486	-0.028416	0.855761	0.473648	-0.208158
30628	9.436367	-0.971112	-4.354619	-0.433902	-0.127460	0.008583	0.197223	0.075897	0.977416	0.475018	-0.879545	-0.027551	0.857591	0.469724	-0.209519
30629	9.825636	-0.785642	-3.711016	0.208216	-0.063331	0.011539	0.197760	0.076115	0.977291	0.476730	-0.878602	-0.028040	0.856516	0.471449	-0.210039
30630	9.447246	0.158157	-1.787338	-0.041290	-0.035845	0.015851	0.198118	0.076177	0.977214	0.476337	-0.878815	-0.028065	0.856652	0.471043	-0.210394
30631	9.351282	-1.403691	-2.703075	-0.228482	-0.071591	0.018015	0.198796	0.076390	0.977059	0.474272	-0.879942	-0.027701	0.857640	0.468899	-0.211159
30632	9.447434	-0.922404	-1.900253	0.338818	-0.063393	0.014739	0.199384	0.076590	0.976924	0.477137	-0.878366	-0.028518	0.855912	0.471813	-0.211676
30633	9.606477	0.508838	-0.238065	0.270547	-0.082956	0.020122	0.200224	0.076874	0.976730	0.479349	-0.877138	-0.029228	0.854480	0.474046	-0.212473
30634	9.538094	0.157648	0.122552	-0.150167	-0.114704	0.011048	0.201232	0.077352	0.976485	0.478035	-0.877863	-0.028973	0.854979	0.472624	-0.213631
30635	9.479136	-0.338015	0.065994	-0.127507	-0.131388	0.016515	0.202423	0.077859	0.976198	0.476877	-0.878498	-0.028818	0.855344	0.471360	-0.214957
30636	9.283780	0.061321	0.347260	-0.109829	-0.183953	0.026088	0.204096	0.078527	0.975796	0.475876	-0.879041	-0.028793	0.855504	0.470235	-0.216778
30637	9.287021	0.001671	0.087001	-0.104003	-0.280842	0.033534	0.206587	0.079555	0.975189	0.474841	-0.879599	-0.028835	0.855481	0.469016	-0.219489
30638	9.523075	0.085827	-0.407779	-0.008722	-0.344317	0.031095	0.209653	0.080928	0.974421	0.474693	-0.879671	-0.029075	0.854817	0.468647	-0.222842
30639	9.397121	0.529711	-1.123246	-0.004855	-0.397900	0.045099	0.213219	0.082434	0.973521	0.474398	-0.879819	-0.029402	0.854098	0.468105	-0.226701
30640	9.419386	0.288152	-1.933555	-0.079311	-0.459575	0.057393	0.217390	0.084109	0.972454	0.473589	-0.880244	-0.029736	0.853496	0.467008	-0.231189
30641	9.296173	-0.492659	-3.062517	0.012863	-0.487746	0.052226	0.221754	0.085950	0.971307	0.473461	-0.880297	-0.030197	0.852443	0.466573	-0.235904
30642	9.189217	-0.566975	-3.326173	0.330061	-0.504088	0.050374	0.226258	0.087897	0.970093	0.476150	-0.878802	-0.031429	0.849758	0.469021	-0.240689
30643	9.203457	-0.483849	-2.941008	0.410710	-0.522481	0.053320	0.230888	0.089933	0.968815	0.479308	-0.877033	-0.032815	0.846732	0.471937	-0.245602
30644	9.216008	-0.771800	-2.849873	0.483107	-0.546982	0.065426	0.235799	0.091984	0.967439	0.483230	-0.874809	-0.034604	0.843141	0.475655	-0.250729
30645	9.426932	-0.241551	-2.365574	0.687247	-0.562810	0.080270	0.240861	0.093970	0.966000	0.488706	-0.871661	-0.037061	0.838542	0.481016	-0.255873
30646	9.747121	0.996812	-1.478079	0.697195	-0.569537	0.107104	0.246124	0.095825	0.964490	0.494268	-0.868396	-0.039853	0.833740	0.486525	-0.261096
30647	9.809285	2.003381	-0.736151	0.440145	-0.580722	0.142168	0.251662	0.097473	0.962894	0.497437	-0.866468	-0.042298	0.830194	0.489624	-0.266544
30648	9.722616	1.876501	-0.005301	-0.028102	-0.614395	0.173262	0.257594	0.099008	0.961167	0.496756	-0.866782	-0.043845	0.828782	0.488760	-0.272460
30649	9.245235	0.187499	-0.458967	-0.447432	-0.692150	0.200499	0.264244	0.100632	0.959191	0.492421	-0.869221	-0.044462	0.829275	0.484075	-0.279240
30650	9.334054	-1.083832	-0.883057	-0.141295	-0.784347	0.208215	0.271741	0.102641	0.956881	0.490686	-0.870120	-0.046013	0.827879	0.482032	-0.286812
30651	9.794758	-0.359750	0.116651	0.374596	-0.861770	0.214198	0.279862	0.104935	0.954288	0.493023	-0.868631	-0.049072	0.823775	0.484219	-0.294832
30652	10.125672	0.676852	1.024927	0.391254	-0.981720	0.228662	0.289030	0.107747	0.951237	0.495581	-0.866981	-0.052378	0.819061	0.486554	-0.303981
30653	10.625189	1.426846	1.034864	0.451734	-1.082037	0.277650	0.299173	0.110606	0.947767	0.498322	-0.865160	-0.056335	0.813739	0.489147	-0.313950
30654	10.328169	1.948448	1.805769	0.289501	-1.175631	0.319926	0.310281	0.113629	0.943830	0.499691	-0.864106	-0.060241	0.808724	0.490315	-0.324895
30655	9.925169	0.995870	0.676149	-0.179943	-1.329089	0.337777	0.322719	0.117215	0.939209	0.496989	-0.865485	-0.062755	0.805515	0.487028	-0.337563
30656	10.459435	0.264997	-0.753384	0.188867	-1.445198	0.363469	0.336100	0.121139	0.934003	0.497304	-0.865004	-0.066765	0.799828	0.486923	-0.350971
30657	10.932945	1.363601	0.285611	0.443477	-1.501494	0.389790	0.350003	0.125080	0.928360	0.499303	-0.863438	-0.071911	0.792587	0.488702	-0.364659
30658	11.194454	1.658609	0.044742	-0.045683	-1.610081	0.389212	0.364634	0.129598	0.922088	0.497549	-0.864161	-0.075297	0.787075	0.486240	-0.379584
30659	12.666774	0.198276	-0.108158	-0.152955	-1.760248	0.389296	0.380341	0.134724	0.914981	0.494662	-0.865562	-0.078174	0.781441	0.482339	-0.395852
30660	13.161416	-1.282506	-0.122535	-0.102528	-1.803532	0.460760	0.396625	0.139434	0.907330	0.492073	-0.866692	-0.081913	0.774953	0.478961	-0.412363
30661	13.277951	-0.594115	0.787939	0.245957	-1.826707	0.537182	0.413326	0.143463	0.899210	0.491574	-0.866406	-0.087725	0.766496	0.478288	-0.428631
30662	13.476068	0.745381	1.848587	-0.263344	-1.861133	0.637198	0.430624	0.146822	0.890509	0.486876	-0.868588	-0.092231	0.759944	0.473284	-0.445519
30663	13.493948	0.286568	1.337301	-1.080171	-1.910342	0.703802	0.448530	0.149520	0.881173	0.475236	-0.874882	-0.093450	0.756949	0.460680	-0.463467
30664	13.482344	-0.591404	0.199793	-1.444393	-1.905134	0.728104	0.466317	0.151782	0.871499	0.460987	-0.882524	-0.092960	0.755010	0.445099	-0.481505
30665	13.340197	-1.075409	-1.227564	-1.302948	-1.915971	0.729710	0.484108	0.153544	0.861431	0.447264	-0.889576	-0.092793	0.752060	0.430209	-0.499325
30666	12.704723	-0.973500	-2.473522	-1.200854	-1.998005	0.713730	0.502214	0.155663	0.850617	0.434742	-0.895766	-0.092752	0.747516	0.416380	-0.517540
30667	12.384777	-1.591546	-4.120316	-1.060642	-2.067087	0.645604	0.520494	0.158070	0.839107	0.422903	-0.901440	-0.092513	0.741781	0.403014	-0.536042
30668	11.810471	-1.346855	-4.884151	-0.718599	-1.996076	0.562243	0.537558	0.160972	0.827720	0.414630	-0.905201	-0.093239	0.734244	0.393318	-0.553342
30669	10.208822	-0.462425	-6.330860	-0.595417	-1.922527	0.460693	0.553588	0.163936	0.816495	0.407070	-0.908592	-0.093569	0.726522	0.384170	-0.569719
30670	10.351484	-0.035182	-6.000877	-0.449521	-1.729050	0.337820	0.567428	0.167478	0.806211	0.401934	-0.910865	-0.093670	0.718662	0.377194	-0.584165
30671	9.624566	-0.616857	-7.163951	-0.625601	-1.520418	0.315308	0.579722	0.169927	0.796898	0.394948	-0.914044	-0.092407	0.712698	0.368304	-0.597004
30672	10.040003	-2.315991	-6.563808	-0.084214	-1.230069	0.299094	0.589604	0.171738	0.789223	0.392608	-0.914867	-0.094226	0.705852	0.365411	-0.606834
30673	9.847026	-1.003869	-3.904167	0.199596	-0.686114	0.281251	0.595611	0.171386	0.784777	0.391840	-0.914842	-0.097599	0.701220	0.365638	-0.612046
30674	8.634362	-1.105897	-3.760983	-0.233896	-0.182755	0.229165	0.597766	0.169988	0.783441	0.388839	-0.916088	-0.097916	0.701056	0.363163	-0.613704
30675	7.480193	-3.024312	-5.545260	-0.291063	0.292480	0.169539	0.596364	0.167185	0.785111	0.385516	-0.917541	-0.097449	0.704079	0.360788	-0.611641
30676	6.503759	-3.912430	-6.516861	0.207388	0.734153	0.092956	0.591520	0.163706	0.789496	0.386433	-0.916946	-0.099397	0.707653	0.363883	-0.605654
30677	6.303270	-2.847656	-6.244105	0.737224	1.147534	0.033236	0.583468	0.159023	0.796415	0.391292	-0.914360	-0.104094	0.711657	0.372367	-0.595724
30678	6.424094	-1.837946	-6.040059	0.830209	1.554933	0.014077	0.572392	0.153060	0.805568	0.397148	-0.911253	-0.109051	0.717385	0.382349	-0.582381
30679	6.425524	-2.056327	-6.100153	0.760970	1.949534	0.003084	0.558297	0.145326	0.816814	0.402441	-0.908389	-0.113451	0.725497	0.392059	-0.565636
30680	5.928586	-3.159539	-6.016902	0.855819	2.277833	-0.077170	0.541333	0.137003	0.829572	0.409116	-0.904882	-0.117526	0.734563	0.403012	-0.545892
30681	5.809154	-3.074477	-5.592034	1.093933	2.563330	-0.206089	0.521486	0.128209	0.843573	0.418117	-0.900210	-0.121658	0.743795	0.416155	-0.523053
30682	5.993082	-2.494846	-5.275107	1.043628	2.810664	-0.348544	0.498943	0.119492	0.858358	0.427711	-0.895374	-0.123973	0.753737	0.428984	-0.497848
30683	6.297558	-3.205440	-5.935896	0.912477	2.975765	-0.478320	0.474236	0.110678	0.873413	0.436785	-0.890942	-0.124261	0.764408	0.440422	-0.470859
30684	6.591628	-3.976171	-5.910824	1.188303	3.093065	-0.592042	0.447806	0.102129	0.888279	0.448650	-0.885004	-0.124424	0.773423	0.454244	-0.442130
30685	6.829926	-2.871539	-4.987388	1.376641	3.208737	-0.686152	0.419684	0.093207	0.902872	0.462135	-0.878073	-0.124169	0.781214	0.469361	-0.411588
30686	7.176985	-1.561689	-4.936494	1.030194	3.280020	-0.731514	0.390473	0.084048	0.916770	0.473186	-0.872537	-0.121547	0.789700	0.481264	-0.380473
30687	7.416111	-1.888733	-5.765955	0.626698	3.332371	-0.759739	0.360312	0.074352	0.929864	0.480826	-0.868998	-0.116830	0.799363	0.489198	-0.348860
30688	7.985947	-2.246271	-6.284994	0.530849	3.381383	-0.741464	0.329510	0.064153	0.941970	0.487644	-0.865879	-0.111611	0.808472	0.496123	-0.316599
30689	8.320196	-1.703752	-6.215281	0.607212	3.430684	-0.677894	0.298246	0.052744	0.953031	0.494518	-0.862554	-0.107020	0.816396	0.503209	-0.283336
30690	8.186220	-0.170963	-6.436705	0.487917	3.445971	-0.573336	0.267106	0.040269	0.962825	0.500129	-0.859829	-0.102784	0.823726	0.508991	-0.249806
30691	7.911260	0.549431	-5.397314	0.228058	3.375804	-0.433889	0.236930	0.026666	0.971161	0.502940	-0.858619	-0.099124	0.831213	0.511921	-0.216844
30692	7.857482	0.256071	-5.362376	-0.255300	3.253930	-0.270986	0.208355	0.012390	0.977975	0.501396	-0.859884	-0.095927	0.839756	0.510340	-0.185373
30693	8.075915	0.214723	-6.017463	-0.309545	3.136892	-0.100690	0.181320	-0.002780	0.983420	0.498833	-0.861541	-0.094409	0.847519	0.507680	-0.154828
30694	7.895721	0.908103	-4.603116	-0.467126	2.943177	0.051537	0.156497	-0.018075	0.987513	0.494753	-0.863911	-0.094219	0.854827	0.503320	-0.126257
30695	7.706563	-0.059632	-4.308745	-1.107057	2.700943	0.145057	0.133925	-0.032828	0.990448	0.484904	-0.869459	-0.094386	0.864253	0.492912	-0.100524
30696	7.566826	-2.086134	-5.000381	-1.225365	2.449503	0.171797	0.113443	-0.046230	0.992468	0.474027	-0.875375	-0.094959	0.873172	0.481229	-0.077391
30697	7.542416	-3.643988	-4.709185	-0.854952	2.189125	0.100051	0.094667	-0.057574	0.993843	0.466321	-0.879460	-0.095366	0.879536	0.472477	-0.056408
30698	7.670273	-4.700627	-4.716807	-0.361208	1.946728	-0.029676	0.077348	-0.066438	0.994788	0.463142	-0.881193	-0.094862	0.882902	0.468066	-0.037388
30699	7.889176	-4.299172	-4.634572	0.371163	1.705525	-0.172526	0.061434	-0.072944	0.995442	0.466422	-0.879634	-0.093244	0.882426	0.470025	-0.020017
30700	8.358494	-2.855675	-4.046692	0.895133	1.429813	-0.291771	0.047443	-0.077123	0.995892	0.474443	-0.875631	-0.090412	0.879007	0.476783	-0.004952
30701	8.505844	-0.917116	-3.567277	1.234418	1.173809	-0.325850	0.035539	-0.079956	0.996165	0.485279	-0.870006	-0.087143	0.873637	0.486515	0.007882
30702	8.084471	1.251887	-3.035261	1.200803	0.880932	-0.283136	0.026453	-0.081801	0.996298	0.495801	-0.864351	-0.084132	0.868033	0.496191	0.017693
30703	8.079021	2.142241	-2.871311	0.747152	0.527969	-0.216645	0.020749	-0.082578	0.996369	0.502231	-0.860855	-0.081805	0.864484	0.502105	0.023611
30704	8.453596	1.305022	-3.110876	0.384056	0.183111	-0.119331	0.018540	-0.082446	0.996423	0.505548	-0.859036	-0.080485	0.862599	0.505232	0.025753
30705	10.544456	0.680973	-1.799304	0.440162	-0.103719	-0.041773	0.019179	-0.081554	0.996484	0.509286	-0.856878	-0.079931	0.860384	0.509028	0.025100
30706	8.565994	1.357004	-1.193956	-0.357626	-0.219893	0.093364	0.021521	-0.081211	0.996465	0.506163	-0.858634	-0.080909	0.862169	0.506115	0.022628
30707	7.920019	-0.470154	-3.466174	-1.097339	-0.596473	0.127914	0.027282	-0.079302	0.996477	0.496600	-0.864063	-0.082361	0.867551	0.497097	0.015808
30708	10.320136	-4.323751	-4.099199	-0.068599	-0.823579	0.046720	0.034633	-0.075584	0.996538	0.495967	-0.864385	-0.082797	0.867650	0.497118	0.007551
30709	11.862734	-2.005358	-0.427588	0.887904	-0.336277	0.030890	0.037664	-0.074143	0.996536	0.503605	-0.859936	-0.083014	0.863112	0.504988	0.004950
30710	11.145435	1.518791	1.319310	-0.412876	0.091180	0.034061	0.037021	-0.074867	0.996506	0.500002	-0.862005	-0.083338	0.865232	0.501341	0.005522
30711	10.205289	0.806304	-1.001982	-1.852227	0.314793	0.043715	0.034465	-0.076775	0.996453	0.483843	-0.871128	-0.083854	0.874476	0.485017	0.007124
30712	9.445053	-0.455663	-2.592068	-2.163889	0.471789	0.039113	0.030474	-0.079331	0.996382	0.464771	-0.881400	-0.084391	0.884906	0.465662	0.010011
30713	9.147333	-1.426771	-3.728815	-1.714800	0.295741	-0.011647	0.027764	-0.080549	0.996364	0.449515	-0.889275	-0.084417	0.892841	0.450225	0.011518
30714	10.043764	-2.373824	-3.631431	-1.093949	-0.101806	-0.050465	0.028426	-0.079616	0.996420	0.439712	-0.894203	-0.083993	0.897689	0.440525	0.009589
30715	11.530235	-2.756393	-1.877292	-0.445311	-0.335236	-0.060994	0.031149	-0.077561	0.996501	0.435720	-0.896212	-0.083375	0.899543	0.436793	0.005878
30716	12.291386	-2.433449	1.395504	-0.303780	-0.295701	-0.087585	0.033406	-0.075457	0.996589	0.432990	-0.897617	-0.082478	0.900779	0.434269	0.002686
30717	11.450146	-2.844064	2.162602	-0.442317	-0.170312	-0.097582	0.034499	-0.073811	0.996675	0.429017	-0.899615	-0.081473	0.902637	0.430401	0.000630
30718	10.238263	-2.958620	1.878314	-0.249996	-0.167710	-0.149894	0.035348	-0.071712	0.996799	0.426788	-0.900812	-0.079941	0.903661	0.428247	-0.001237
30719	9.659288	-2.154638	1.152605	-0.050867	-0.208227	-0.193144	0.036380	-0.069060	0.996949	0.426355	-0.901188	-0.077985	0.903824	0.427891	-0.003341
30720	9.456358	-1.542702	0.286676	0.129497	-0.262704	-0.211131	0.037828	-0.066001	0.997102	0.427580	-0.900790	-0.075848	0.903186	0.429210	-0.005854
30721	9.461555	-0.609571	-1.520626	0.225870	-0.331809	-0.222046	0.039844	-0.062560	0.997246	0.429651	-0.899988	-0.073625	0.902115	0.431401	-0.008980
30722	9.667068	-0.268777	-3.288413	0.269868	-0.431141	-0.249722	0.042630	-0.058418	0.997382	0.432164	-0.898986	-0.071127	0.900787	0.434064	-0.013077
30723	9.661743	-2.313864	-4.036640	0.410362	-0.401477	-0.253779	0.045117	-0.054368	0.997501	0.435926	-0.897362	-0.068627	0.898851	0.437933	-0.016786
30724	9.404133	-2.884286	-3.349091	1.103766	-0.306972	-0.279572	0.046611	-0.050477	0.997637	0.445925	-0.892634	-0.065998	0.893856	0.447948	-0.019098
30725	9.874402	-0.958261	-1.843088	1.366656	-0.246699	-0.295995	0.047451	-0.046703	0.997781	0.458199	-0.886594	-0.063289	0.887582	0.460185	-0.020670
30726	9.844351	-0.157591	-1.255912	1.278373	-0.214173	-0.270184	0.048066	-0.043288	0.997906	0.469613	-0.880774	-0.060827	0.881563	0.471553	-0.022007
30727	10.001379	0.636133	-0.199577	1.186774	-0.213500	-0.247509	0.048748	-0.040074	0.998007	0.480129	-0.875238	-0.058597	0.875842	0.482029	-0.023425
30728	10.060936	1.282582	1.171434	0.684211	-0.170221	-0.215325	0.049170	-0.037339	0.998092	0.486193	-0.872018	-0.056574	0.872467	0.488048	-0.024723
30729	9.776917	1.313446	1.509638	0.112801	-0.112295	-0.184688	0.049230	-0.035153	0.998169	0.487244	-0.871549	-0.054725	0.871877	0.489046	-0.025779
30730	9.269598	1.063596	1.561381	-0.338183	-0.119810	-0.157478	0.049485	-0.033166	0.998224	0.484348	-0.873267	-0.053025	0.873475	0.486112	-0.027150
30731	9.197609	-0.516368	1.340376	-0.483481	-0.231596	-0.153497	0.050748	-0.030674	0.998240	0.480176	-0.875670	-0.051318	0.875703	0.481935	-0.029710
30732	9.407228	-0.861699	1.355771	-0.284335	-0.283826	-0.167107	0.052409	-0.027816	0.998238	0.477748	-0.877100	-0.049523	0.876932	0.479502	-0.032679
30733	9.335978	-0.531630	1.403116	-0.294810	-0.341570	-0.194613	0.054455	-0.024449	0.998217	0.475236	-0.878579	-0.047444	0.878172	0.476972	-0.036224
30734	9.442172	-0.864464	0.791081	-0.097723	-0.435641	-0.225201	0.057186	-0.020365	0.998156	0.474481	-0.879109	-0.045120	0.878406	0.476186	-0.040610
30735	9.862944	0.166487	0.710963	0.014615	-0.473088	-0.226246	0.060241	-0.016103	0.998054	0.474704	-0.879102	-0.042836	0.878081	0.476361	-0.045314
30736	10.000771	0.510273	-0.089795	-0.086957	-0.506866	-0.210173	0.063670	-0.011813	0.997901	0.474049	-0.879559	-0.040658	0.878194	0.475643	-0.050401
30737	10.112933	0.176421	-1.044469	-0.200697	-0.508284	-0.188568	0.067216	-0.007719	0.997709	0.472374	-0.880551	-0.038637	0.878832	0.473888	-0.055541
30738	10.015604	-0.510369	-1.812286	-0.145541	-0.508951	-0.170555	0.070859	-0.003779	0.997479	0.471190	-0.881263	-0.036811	0.879181	0.472611	-0.060665
30739	10.096677	-0.425093	-2.204230	0.008417	-0.486414	-0.161426	0.074349	-0.000033	0.997232	0.471352	-0.881244	-0.035171	0.878806	0.472662	-0.065504
30740	10.182892	-0.039887	-2.254643	0.113623	-0.448440	-0.153452	0.077538	0.003470	0.996983	0.472445	-0.880716	-0.033678	0.877943	0.473631	-0.069928
30741	10.126832	0.469044	-1.758363	0.128865	-0.403638	-0.129677	0.080443	0.006554	0.996738	0.473657	-0.880112	-0.032439	0.877028	0.474722	-0.073903
30742	9.857892	0.274154	-1.310748	-0.044144	-0.383933	-0.109868	0.083264	0.009372	0.996483	0.473339	-0.880325	-0.031271	0.876936	0.474278	-0.077736
30743	9.790419	-0.239162	-1.335376	0.003355	-0.374169	-0.096725	0.086063	0.012033	0.996217	0.473438	-0.880307	-0.030268	0.876612	0.474252	-0.081459
30744	9.722954	-0.033395	-0.727322	0.083545	-0.372675	-0.081812	0.088916	0.014550	0.995933	0.474221	-0.879912	-0.029483	0.875904	0.474914	-0.085138
30745	9.714435	0.129844	-0.402596	0.064562	-0.390663	-0.059068	0.092033	0.016962	0.995611	0.474830	-0.879603	-0.028907	0.875252	0.475407	-0.089007
30746	9.708759	0.308063	-0.225047	0.033941	-0.403734	-0.040464	0.095348	0.019267	0.995258	0.475144	-0.879446	-0.028495	0.874727	0.475608	-0.093008
30747	9.575827	0.232055	-0.429680	0.014730	-0.424305	-0.026715	0.098908	0.021556	0.994863	0.475291	-0.879377	-0.028198	0.874252	0.475638	-0.097223
30748	9.638148	0.113745	-0.829164	0.077467	-0.443252	-0.016292	0.102678	0.023838	0.994429	0.475963	-0.879017	-0.028073	0.873451	0.476194	-0.101602
30749	9.818165	0.282383	-1.370500	0.132447	-0.432927	-0.006547	0.106401	0.025997	0.993983	0.477120	-0.878389	-0.028100	0.872373	0.477239	-0.105865
30750	9.845247	0.228183	-2.007628	0.125343	-0.401827	0.003379	0.109895	0.027916	0.993551	0.478189	-0.877803	-0.028228	0.871354	0.478207	-0.109815
30751	9.808066	-0.208395	-2.633171	0.168091	-0.377313	0.006513	0.113187	0.029708	0.993129	0.479646	-0.877001	-0.028431	0.870131	0.479569	-0.113515
30752	9.867353	-0.484240	-2.788123	0.306194	-0.344746	0.017129	0.116241	0.031244	0.992730	0.482268	-0.875546	-0.028914	0.868277	0.482123	-0.116842
30753	9.840199	-0.398598	-2.603805	0.383002	-0.312379	0.023608	0.119041	0.032595	0.992354	0.485569	-0.873698	-0.029550	0.866055	0.485375	-0.119833
30754	9.876421	-0.332981	-2.174902	0.387578	-0.279106	0.024130	0.121547	0.033773	0.992011	0.488873	-0.871831	-0.030218	0.863846	0.488641	-0.122479
30755	9.605789	-0.962849	-1.548000	0.246481	-0.252548	0.014753	0.123777	0.034930	0.991695	0.490996	-0.870624	-0.030617	0.862324	0.490708	-0.124914
30756	9.317700	-1.943870	-1.569075	0.338787	-0.258896	-0.008157	0.125940	0.036304	0.991373	0.493905	-0.868966	-0.030922	0.860347	0.493538	-0.127369
30757	9.591495	-0.707162	-0.412948	0.650796	-0.247126	-0.020392	0.127939	0.037752	0.991063	0.499525	-0.865727	-0.031507	0.856800	0.499091	-0.129619
30758	9.514053	1.061780	0.901339	0.359226	-0.242420	0.000191	0.129989	0.038993	0.990748	0.502580	-0.863941	-0.031938	0.854703	0.502082	-0.131899
30759	9.600751	0.827000	0.604793	-0.039560	-0.328572	0.017857	0.132863	0.040530	0.990305	0.502221	-0.864147	-0.032013	0.854472	0.501605	-0.135168
