// General information: 
//  MT Manager version: 2022.2.0 
//  XDA version: 2022.2.0 build 7381 rev 124627 built on 2023-07-19
// Device information: 
//  DeviceId: 00B4CBA7
//  ProductCode: MTW2-3A7G6
//  Firmware Version: 4.6.0
//  Hardware Version: 2.0.0
// Device settings: 
//  Filter Profile: human(46.1)
//  Option Flags: Orientation Smoother Disabled, Position/Velocity Smoother Disabled, Continuous Zero Rotation Update Disabled, AHS Disabled, ICC Disabled
// Coordinate system: ENU
PacketCounter	Acc_X	Acc_Y	Acc_Z	Gyr_X	Gyr_Y	Gyr_Z	Mat[1][1]	Mat[2][1]	Mat[3][1]	Mat[1][2]	Mat[2][2]	Mat[3][2]	Mat[1][3]	Mat[2][3]	Mat[3][3]
35760	9.662867	-0.889157	-1.058867	-0.048578	0.001188	-0.004174	-0.160080	-0.018270	0.986935	-0.686435	0.720558	-0.098000	-0.709353	-0.693154	-0.127888
35761	9.972495	-0.441270	-0.128738	-0.321980	0.115472	-0.019949	-0.159096	-0.017646	0.987105	-0.684131	0.722834	-0.097342	-0.711796	-0.690796	-0.127072
35762	10.055655	0.354497	0.062784	-0.876052	0.412908	-0.011870	-0.156023	-0.014913	0.987641	-0.677884	0.728863	-0.096084	-0.718422	-0.684497	-0.123828
35763	8.930247	0.219230	-0.420380	-1.303920	0.454538	0.022078	-0.152829	-0.011681	0.988184	-0.668367	0.737786	-0.094646	-0.727962	-0.674934	-0.120562
35764	8.968372	-2.308503	-2.234678	-1.027353	0.149563	0.015987	-0.151803	-0.010579	0.988354	-0.660826	0.744689	-0.093526	-0.735027	-0.667328	-0.120036
35765	9.981911	-1.565087	-0.873363	-0.179738	0.072266	0.024416	-0.151390	-0.009989	0.988424	-0.659519	0.745853	-0.093476	-0.736285	-0.666036	-0.119503
35766	9.599404	-0.579787	-0.802476	-0.357629	0.003537	0.024396	-0.151486	-0.009804	0.988411	-0.656844	0.748239	-0.093247	-0.738653	-0.663357	-0.119787
35767	9.756885	-0.753338	-1.321552	-0.199609	-0.070314	0.023867	-0.152161	-0.010158	0.988304	-0.655351	0.749553	-0.093195	-0.739839	-0.661867	-0.120710
35768	9.735320	-1.015159	-1.536641	-0.187849	-0.097190	0.017654	-0.152958	-0.010689	0.988175	-0.653933	0.750803	-0.093100	-0.740929	-0.660440	-0.121831
35769	9.704047	-1.188408	-1.850154	-0.030368	-0.100913	0.003510	-0.153748	-0.011353	0.988045	-0.653615	0.751082	-0.093078	-0.741046	-0.660111	-0.122898
35770	9.729455	-1.067381	-1.764853	-0.000546	-0.098782	0.001342	-0.154451	-0.012016	0.987927	-0.653608	0.751092	-0.093048	-0.740906	-0.660088	-0.123860
35771	9.816328	-1.157322	-1.809300	-0.054424	-0.077282	-0.004089	-0.154968	-0.012617	0.987839	-0.653235	0.751437	-0.092879	-0.741127	-0.659684	-0.124691
35772	9.681545	-1.129415	-1.681597	-0.042965	-0.075578	0.001191	-0.155498	-0.013128	0.987749	-0.652914	0.751727	-0.092795	-0.741299	-0.659344	-0.125463
35773	9.658705	-1.052469	-1.335424	-0.080432	-0.077621	-0.003664	-0.156039	-0.013769	0.987655	-0.652424	0.752177	-0.092590	-0.741616	-0.658818	-0.126352
35774	9.621649	-1.020274	-1.078814	-0.131365	-0.083408	-0.001804	-0.156608	-0.014353	0.987557	-0.651451	0.753047	-0.092363	-0.742351	-0.657810	-0.127283
35775	9.619045	-1.099573	-0.873339	-0.179089	-0.091477	-0.005864	-0.157210	-0.014995	0.987451	-0.650013	0.754329	-0.092032	-0.743484	-0.656325	-0.128335
35776	9.587065	-1.268010	-0.847161	-0.173968	-0.099887	-0.013984	-0.157824	-0.015777	0.987341	-0.648740	0.755474	-0.091628	-0.744465	-0.654989	-0.129467
35777	9.518913	-1.224767	-0.827738	-0.119382	-0.113299	-0.026449	-0.158497	-0.016767	0.987217	-0.647876	0.756270	-0.091171	-0.745074	-0.654044	-0.130729
35778	9.491536	-0.985139	-0.705939	-0.055214	-0.129836	-0.033529	-0.159209	-0.017891	0.987083	-0.647517	0.756632	-0.090725	-0.745235	-0.653597	-0.132048
35779	9.548292	-0.954733	-0.856259	-0.031524	-0.149633	-0.046495	-0.160036	-0.019325	0.986922	-0.647464	0.756742	-0.090173	-0.745103	-0.653427	-0.133619
35780	9.868216	-1.107847	-0.591286	0.098480	-0.131732	-0.057397	-0.160608	-0.020642	0.986802	-0.648289	0.756093	-0.089696	-0.744263	-0.654139	-0.134816
35781	9.760066	-0.377164	-0.242274	0.149595	-0.103982	-0.073093	-0.160906	-0.021939	0.986726	-0.649549	0.755077	-0.089134	-0.743098	-0.655269	-0.135747
35782	9.639154	0.214328	-0.416702	-0.256437	-0.097265	-0.057506	-0.161219	-0.023032	0.986650	-0.647733	0.756747	-0.088175	-0.744614	-0.653302	-0.136920
35783	9.528834	-1.812845	-2.890621	-0.371601	-0.130161	-0.056169	-0.161769	-0.024336	0.986529	-0.645056	0.759161	-0.087047	-0.746816	-0.650448	-0.138507
35784	9.665794	-1.445263	-2.609580	0.155320	-0.084693	-0.073244	-0.161890	-0.025465	0.986480	-0.646333	0.758137	-0.086498	-0.745685	-0.651598	-0.139194
35785	9.514277	-0.852449	-2.580864	-0.014835	-0.085000	-0.076564	-0.162073	-0.026699	0.986418	-0.646420	0.758154	-0.085689	-0.745569	-0.651528	-0.140135
35786	9.525226	-1.445450	-2.935290	0.113482	-0.077728	-0.072614	-0.162145	-0.027778	0.986376	-0.647383	0.757400	-0.085090	-0.744718	-0.652360	-0.140792
35787	9.601524	-0.733521	-2.060986	0.208887	-0.054603	-0.075106	-0.162070	-0.028763	0.986360	-0.649058	0.756020	-0.084602	-0.743274	-0.653917	-0.141197
35788	9.621025	-0.661399	-1.625923	0.080083	-0.038812	-0.073192	-0.161846	-0.029592	0.986372	-0.649771	0.755480	-0.083951	-0.742700	-0.654503	-0.141499
35789	9.688330	-0.759974	-1.286738	0.093294	-0.033451	-0.062008	-0.161674	-0.030345	0.986378	-0.650595	0.754829	-0.083415	-0.742015	-0.655219	-0.141779
35790	9.675881	-0.866410	-0.513171	0.016138	-0.043205	-0.075954	-0.161463	-0.031223	0.986385	-0.650837	0.754706	-0.082647	-0.741850	-0.655320	-0.142178
35791	9.765295	-1.884195	-0.701071	-0.010777	-0.053692	-0.108060	-0.161139	-0.032448	0.986398	-0.650950	0.754732	-0.081512	-0.741821	-0.655230	-0.142739
35792	9.484442	-2.500378	-0.640954	0.199521	-0.072396	-0.131156	-0.160783	-0.033934	0.986406	-0.652638	0.753385	-0.080461	-0.740413	-0.656703	-0.143278
35793	9.180862	-2.827635	-1.276454	0.509800	-0.139945	-0.157664	-0.160810	-0.036059	0.986326	-0.656565	0.750055	-0.079625	-0.736928	-0.660392	-0.144292
35794	9.666726	-1.310223	-1.337928	0.974038	-0.171577	-0.166595	-0.160931	-0.038464	0.986216	-0.663977	0.743531	-0.079350	-0.730229	-0.667595	-0.145197
35795	9.837072	1.155187	-0.610100	0.738928	-0.150489	-0.130318	-0.161169	-0.040520	0.986095	-0.669655	0.738447	-0.079106	-0.724974	-0.673092	-0.146150
35796	9.782251	0.876321	-1.432632	0.136619	-0.153277	-0.104100	-0.161544	-0.042342	0.985957	-0.670812	0.737489	-0.078238	-0.723820	-0.674030	-0.147541
35797	9.589335	-0.253088	-2.490126	0.078125	-0.145927	-0.094973	-0.161928	-0.044076	0.985818	-0.671573	0.736888	-0.077364	-0.723028	-0.674576	-0.148923
35798	9.565220	-0.268685	-2.221597	0.225918	-0.123534	-0.091960	-0.162164	-0.045608	0.985709	-0.673353	0.735326	-0.076753	-0.721317	-0.676177	-0.149954
35799	9.637831	0.459059	-1.623971	0.072189	-0.033996	-0.109484	-0.161582	-0.046626	0.985757	-0.673973	0.734866	-0.075716	-0.720869	-0.676608	-0.150165
35800	9.369828	0.715620	-1.524946	-0.212192	0.004791	-0.091408	-0.160894	-0.047287	0.985838	-0.672588	0.736262	-0.074454	-0.722314	-0.675043	-0.150264
35801	9.424266	-0.156369	-1.656767	-0.371545	-0.018080	-0.070217	-0.160523	-0.047990	0.985865	-0.670053	0.738701	-0.073143	-0.724749	-0.672323	-0.150734
35802	9.601121	-0.755064	-1.317357	-0.387320	-0.017420	-0.059967	-0.160211	-0.048572	0.985887	-0.667336	0.741275	-0.071925	-0.727320	-0.669441	-0.151174
35803	9.659353	-0.975138	-1.401218	-0.337219	-0.033462	-0.052169	-0.160084	-0.049193	0.985877	-0.664866	0.743595	-0.070856	-0.729607	-0.666819	-0.151744
35804	9.747892	-0.743111	-1.087203	-0.278248	-0.045289	-0.052478	-0.160029	-0.049906	0.985850	-0.662916	0.745426	-0.069873	-0.731391	-0.664718	-0.152373
35805	9.788859	-0.693294	-1.204082	-0.313079	-0.048648	-0.061030	-0.159927	-0.050681	0.985827	-0.660621	0.747566	-0.068738	-0.733487	-0.662252	-0.153037
35806	9.764913	-0.783090	-1.506474	-0.294402	-0.049592	-0.059265	-0.159863	-0.051474	0.985796	-0.658553	0.749487	-0.067660	-0.735358	-0.660015	-0.153714
35807	9.802531	-0.528315	-1.394412	-0.313813	-0.011679	-0.076956	-0.159360	-0.052205	0.985839	-0.656484	0.751419	-0.066329	-0.737315	-0.657757	-0.154018
35808	9.678182	-0.353579	-1.623631	-0.419240	0.037083	-0.072749	-0.158572	-0.052531	0.985949	-0.653501	0.754136	-0.064924	-0.740129	-0.654614	-0.153914
35809	9.598867	-0.529136	-1.747093	-0.402207	0.030547	-0.066039	-0.157951	-0.052905	0.986029	-0.650634	0.756722	-0.063622	-0.742783	-0.651593	-0.153947
35810	9.662726	-0.528327	-1.711728	-0.395991	0.018442	-0.061751	-0.157375	-0.053276	0.986101	-0.647783	0.759268	-0.062361	-0.745392	-0.648594	-0.154001
35811	9.673689	-0.611811	-1.867062	-0.435347	0.015205	-0.060255	-0.156869	-0.053654	0.986161	-0.644528	0.762139	-0.061060	-0.748315	-0.645187	-0.154137
35812	9.615585	-0.984236	-2.156542	-0.397623	0.000404	-0.065599	-0.156407	-0.054175	0.986206	-0.641649	0.764667	-0.059757	-0.750882	-0.642144	-0.154360
35813	9.618368	-1.060468	-2.196074	-0.301000	0.003592	-0.077095	-0.155857	-0.054726	0.986263	-0.639340	0.766696	-0.058491	-0.752962	-0.639674	-0.154483
35814	9.600931	-0.961162	-2.081833	-0.319148	0.035778	-0.088620	-0.154984	-0.055200	0.986374	-0.637070	0.768689	-0.057082	-0.755064	-0.637236	-0.154301
35815	9.521845	-0.893683	-2.018348	-0.358849	0.051731	-0.094718	-0.153950	-0.055615	0.986512	-0.634420	0.770991	-0.055540	-0.757503	-0.634414	-0.153977
35816	9.534634	-0.990130	-1.872869	-0.284195	0.038710	-0.092917	-0.153031	-0.056110	0.986627	-0.632405	0.772743	-0.054144	-0.759371	-0.632234	-0.153738
35817	9.608728	-0.886881	-1.509196	-0.218409	0.032376	-0.098683	-0.152149	-0.056714	0.986729	-0.630874	0.774088	-0.052786	-0.760821	-0.630533	-0.153556
35818	9.624745	-0.809195	-1.409588	-0.171569	0.006716	-0.108762	-0.151376	-0.057538	0.986800	-0.629731	0.775111	-0.051407	-0.761922	-0.629200	-0.153566
35819	9.687945	-0.650078	-1.059218	-0.113521	0.003604	-0.120870	-0.150536	-0.058519	0.986871	-0.629117	0.775703	-0.049968	-0.762595	-0.628379	-0.153586
35820	9.687343	-0.322094	-0.734787	-0.176940	0.045806	-0.124793	-0.149365	-0.059223	0.987007	-0.627952	0.776745	-0.048422	-0.763784	-0.627025	-0.153208
35821	9.629315	-0.429750	-0.822723	-0.330616	0.054193	-0.134625	-0.148102	-0.060011	0.987150	-0.625697	0.778677	-0.046536	-0.765878	-0.624549	-0.152873
35822	9.503201	-0.589147	-1.164553	-0.285907	0.070738	-0.136623	-0.146670	-0.060659	0.987324	-0.623704	0.780381	-0.044709	-0.767777	-0.622355	-0.152292
35823	9.458130	-0.552390	-1.275964	-0.244844	0.009418	-0.136551	-0.145775	-0.061690	0.987393	-0.621919	0.781902	-0.042966	-0.769393	-0.620342	-0.152348
35824	9.685556	-0.525379	-1.531267	-0.177110	-0.032012	-0.136344	-0.145138	-0.062979	0.987405	-0.620752	0.782918	-0.041307	-0.770456	-0.618928	-0.152726
35825	9.547914	-0.404063	-1.607543	-0.138983	-0.057402	-0.137709	-0.144733	-0.064494	0.987367	-0.619960	0.783629	-0.039691	-0.771169	-0.617873	-0.153400
35826	9.444570	-0.435123	-1.701781	-0.078550	-0.082321	-0.137741	-0.144478	-0.066106	0.987297	-0.619551	0.784028	-0.038168	-0.771545	-0.617196	-0.154231
35827	9.462966	-0.590868	-1.808315	-0.051320	-0.106997	-0.140402	-0.144434	-0.067925	0.987180	-0.619378	0.784237	-0.036660	-0.771693	-0.616732	-0.155341
35828	9.679649	-0.575570	-1.802858	0.083768	-0.108023	-0.144107	-0.144338	-0.069745	0.987067	-0.620229	0.783625	-0.035325	-0.771027	-0.617307	-0.156365
35829	9.793794	0.190255	-1.389870	0.087355	-0.083913	-0.136347	-0.144175	-0.071403	0.986973	-0.621127	0.782968	-0.034089	-0.770334	-0.617950	-0.157235
35830	9.688787	0.857030	-1.438912	-0.121339	-0.055941	-0.125719	-0.143790	-0.072757	0.986930	-0.620371	0.783630	-0.032615	-0.771015	-0.616952	-0.157814
35831	9.479733	0.633296	-1.405060	-0.490492	-0.057420	-0.093752	-0.143677	-0.073907	0.986861	-0.616712	0.786583	-0.030880	-0.773966	-0.613046	-0.158593
35832	9.530033	-1.635661	-2.336024	-0.620484	-0.079693	-0.101447	-0.143637	-0.075217	0.986768	-0.612041	0.790299	-0.028849	-0.777672	-0.608086	-0.159552
35833	9.593794	-2.342214	-2.158561	-0.155976	-0.060473	-0.125081	-0.143335	-0.076619	0.986704	-0.610985	0.791171	-0.027320	-0.778558	-0.606777	-0.160215
35834	9.535763	-1.941019	-2.017909	0.014237	-0.059638	-0.156527	-0.142807	-0.078244	0.986653	-0.611317	0.790967	-0.025756	-0.778395	-0.606836	-0.160787
35835	9.626315	-1.610528	-2.123136	0.366932	-0.070732	-0.177042	-0.142272	-0.080167	0.986576	-0.614572	0.788479	-0.024556	-0.775925	-0.609815	-0.161447
35836	9.718252	-0.331503	-1.057789	0.530631	-0.058127	-0.214225	-0.141365	-0.082232	0.986536	-0.618981	0.785061	-0.023258	-0.772579	-0.613935	-0.161881
35837	9.551478	-0.205317	-1.392146	0.443131	-0.041393	-0.224340	-0.140288	-0.084270	0.986518	-0.622666	0.782186	-0.021731	-0.769809	-0.617320	-0.162203
35838	9.620501	0.771476	-1.150988	0.632219	-0.047100	-0.215210	-0.139268	-0.086265	0.986490	-0.627819	0.778087	-0.020592	-0.765799	-0.622205	-0.162521
35839	9.723817	2.279073	-0.031866	0.135269	-0.006775	-0.199144	-0.138179	-0.087910	0.986498	-0.629053	0.777133	-0.018859	-0.764983	-0.623166	-0.162684
35840	9.276436	1.376004	-1.223812	-0.519142	0.006925	-0.169407	-0.137028	-0.089211	0.986542	-0.625304	0.780211	-0.016301	-0.768257	-0.619122	-0.162695
35841	9.291652	-0.530001	-1.933350	-0.504362	-0.040960	-0.164406	-0.136294	-0.090827	0.986496	-0.621772	0.783076	-0.013806	-0.771248	-0.615258	-0.163203
35842	9.665448	-0.418897	-1.665253	-0.150812	-0.036159	-0.170759	-0.135477	-0.092412	0.986461	-0.620838	0.783850	-0.011832	-0.772144	-0.614035	-0.163566
35843	9.740642	0.424895	-1.227464	-0.160241	-0.055835	-0.167876	-0.134943	-0.094105	0.986375	-0.619711	0.784767	-0.009910	-0.773142	-0.612605	-0.164217
35844	9.748475	0.278336	-1.462110	-0.239767	-0.074228	-0.162369	-0.134477	-0.095859	0.986269	-0.618072	0.786082	-0.007871	-0.774534	-0.610644	-0.164958
35845	9.821689	0.022920	-1.804627	-0.168671	-0.080046	-0.151243	-0.134196	-0.097581	0.986139	-0.616929	0.786995	-0.006078	-0.775493	-0.609194	-0.165812
35846	9.775521	0.288093	-1.593729	-0.143444	-0.065250	-0.147733	-0.133756	-0.099166	0.986040	-0.616011	0.787726	-0.004340	-0.776299	-0.607992	-0.166451
35847	9.717300	0.730313	-1.299192	-0.310741	-0.037796	-0.135742	-0.133260	-0.100514	0.985971	-0.613733	0.789510	-0.002464	-0.778186	-0.605451	-0.166899
35848	9.710430	0.806087	-1.429926	-0.421274	-0.042547	-0.115885	-0.132848	-0.101712	0.985904	-0.610600	0.791939	-0.000576	-0.780717	-0.602069	-0.167312
35849	9.791739	0.740179	-1.297402	-0.488794	-0.055273	-0.100994	-0.132690	-0.102901	0.985802	-0.606917	0.794764	0.001268	-0.783610	-0.598131	-0.167909
35850	9.845477	0.424924	-1.622720	-0.491389	-0.069508	-0.093598	-0.132635	-0.104086	0.985685	-0.603180	0.797599	0.003060	-0.786500	-0.594139	-0.168572
35851	9.864235	0.358664	-1.908149	-0.391900	-0.070414	-0.085420	-0.132690	-0.105236	0.985555	-0.600195	0.799840	0.004599	-0.788771	-0.590915	-0.169293
35852	9.745627	-0.134039	-2.345090	-0.328639	-0.087009	-0.075925	-0.132889	-0.106383	0.985405	-0.597697	0.801700	0.005947	-0.790632	-0.588183	-0.170121
35853	9.788975	-0.804579	-2.622315	-0.076451	-0.104351	-0.070592	-0.133327	-0.107620	0.985212	-0.597179	0.802079	0.006800	-0.790949	-0.587441	-0.171207
35854	9.736581	-0.491846	-2.375887	0.193712	-0.099886	-0.063658	-0.133702	-0.108743	0.985037	-0.598791	0.800873	0.007137	-0.789666	-0.588878	-0.172193
35855	9.695636	0.294205	-1.935801	0.248538	-0.100791	-0.044715	-0.134253	-0.109739	0.984852	-0.600757	0.799399	0.007180	-0.788078	-0.590693	-0.173248
35856	9.594470	0.743337	-1.710072	0.142506	-0.093714	-0.022110	-0.134825	-0.110495	0.984689	-0.601905	0.798535	0.007192	-0.787104	-0.591720	-0.174170
35857	9.498882	0.731029	-1.596033	0.055114	-0.110011	0.001520	-0.135715	-0.111182	0.984490	-0.602303	0.798236	0.007119	-0.786646	-0.591995	-0.175298
35858	9.563117	0.605635	-1.507089	0.036024	-0.121588	0.011656	-0.136707	-0.111835	0.984278	-0.602567	0.798038	0.006983	-0.786272	-0.592139	-0.176486
35859	9.587414	0.534166	-1.539567	0.008532	-0.130236	0.017085	-0.137876	-0.112534	0.984036	-0.602614	0.798004	0.006825	-0.786032	-0.592052	-0.177840
35860	9.685782	0.619054	-1.664582	0.040061	-0.122026	0.027123	-0.138965	-0.113065	0.983822	-0.602887	0.797800	0.006529	-0.785631	-0.592226	-0.179032
35861	9.579561	0.499179	-1.674782	-0.003325	-0.133056	0.037640	-0.140242	-0.113640	0.983574	-0.602937	0.797765	0.006203	-0.785366	-0.592164	-0.180398
35862	9.522197	0.237144	-1.667128	0.072682	-0.151879	0.047900	-0.141689	-0.114183	0.983304	-0.603437	0.797391	0.005642	-0.784722	-0.592562	-0.181884
35863	9.473223	0.358264	-1.273212	0.147723	-0.177801	0.061066	-0.143510	-0.114802	0.982968	-0.604439	0.796637	0.004794	-0.783619	-0.593456	-0.183716
35864	9.545838	0.493599	-0.896783	0.163335	-0.208333	0.066060	-0.145507	-0.115539	0.982588	-0.605619	0.795745	0.003885	-0.782338	-0.594508	-0.185759
35865	9.450065	0.383411	-0.655396	0.133511	-0.242602	0.071592	-0.147903	-0.116492	0.982117	-0.606608	0.794996	0.002944	-0.781122	-0.595324	-0.188247
35866	9.448764	0.098870	-0.665552	0.117491	-0.282672	0.072886	-0.150518	-0.117622	0.981585	-0.607413	0.794384	0.002048	-0.779996	-0.595919	-0.191015
35867	9.446091	-0.190591	-0.957883	0.149040	-0.316900	0.071386	-0.153464	-0.119006	0.980962	-0.608470	0.793576	0.001083	-0.778597	-0.596720	-0.194197
35868	9.453970	-0.121354	-1.097223	0.196005	-0.348914	0.072611	-0.156587	-0.120540	0.980281	-0.609879	0.792495	0.000029	-0.776871	-0.597848	-0.197609
35869	9.466438	-0.096183	-1.380046	0.192235	-0.384728	0.082921	-0.160216	-0.122254	0.979482	-0.611225	0.791456	-0.001194	-0.775071	-0.598875	-0.201529
35870	9.772583	0.328738	-1.454400	0.254739	-0.390687	0.095350	-0.163790	-0.123868	0.978688	-0.613040	0.790048	-0.002604	-0.772887	-0.600401	-0.205338
35871	9.669066	0.851540	-1.440652	0.134316	-0.383255	0.107900	-0.167442	-0.125359	0.977879	-0.613868	0.789399	-0.003916	-0.771446	-0.600945	-0.209132
35872	9.610708	0.742737	-1.979312	-0.005029	-0.404562	0.122539	-0.171281	-0.126847	0.977022	-0.613619	0.789586	-0.005061	-0.770801	-0.600387	-0.213076
35873	9.999120	0.455913	-2.263924	0.051787	-0.391093	0.134355	-0.175182	-0.128240	0.976148	-0.613966	0.789305	-0.006490	-0.769647	-0.600459	-0.217007
35874	9.689634	0.590255	-2.122909	0.000692	-0.342055	0.145935	-0.178676	-0.129166	0.975393	-0.613711	0.789491	-0.007874	-0.769047	-0.600016	-0.220334
35875	9.318928	-0.518050	-2.965739	-0.041126	-0.399461	0.144253	-0.182641	-0.130506	0.974480	-0.613258	0.789830	-0.009162	-0.768477	-0.599281	-0.224289
35876	9.558377	-1.255646	-3.055580	0.424590	-0.407781	0.139238	-0.186591	-0.131883	0.973545	-0.616255	0.787464	-0.011437	-0.765123	-0.602086	-0.228207
35877	9.554912	-0.477868	-2.260288	0.601319	-0.398301	0.150364	-0.190562	-0.133185	0.972599	-0.620663	0.783948	-0.014255	-0.760568	-0.606372	-0.232053
35878	9.501449	-0.429549	-1.928434	0.604475	-0.434253	0.156267	-0.194795	-0.134630	0.971560	-0.624944	0.780481	-0.017148	-0.755976	-0.610511	-0.236170
35879	9.404654	-0.939410	-1.225189	0.612998	-0.491726	0.134975	-0.199430	-0.136627	0.970341	-0.629234	0.776961	-0.019925	-0.751194	-0.614545	-0.240920
35880	9.585395	-1.255180	-1.562187	0.829744	-0.513905	0.115513	-0.203972	-0.138930	0.969069	-0.635207	0.771999	-0.023022	-0.744921	-0.620255	-0.245715
35881	9.568832	0.285072	-1.176626	1.331798	-0.528683	0.129018	-0.208779	-0.141290	0.967703	-0.644811	0.763844	-0.027590	-0.735275	-0.629746	-0.250580
35882	9.396039	2.478273	0.048616	1.075452	-0.512043	0.174836	-0.213623	-0.143228	0.966360	-0.652306	0.757282	-0.031959	-0.727229	-0.637189	-0.255202
35883	9.133731	1.730839	-1.244266	0.255070	-0.610923	0.206492	-0.219490	-0.145561	0.964695	-0.653589	0.756057	-0.034627	-0.724324	-0.638114	-0.261084
35884	9.130271	-0.038857	-2.614829	0.397849	-0.640441	0.236458	-0.225631	-0.147893	0.962922	-0.655937	0.753863	-0.037915	-0.720304	-0.640171	-0.267103
35885	9.420269	-0.032802	-2.170034	0.683010	-0.644994	0.256442	-0.231989	-0.150126	0.961064	-0.660200	0.749902	-0.042223	-0.714365	-0.644289	-0.273082
35886	9.618832	0.057934	-2.309703	0.757902	-0.637134	0.289528	-0.238405	-0.152105	0.959181	-0.664909	0.745441	-0.047053	-0.707855	-0.648986	-0.278852
35887	9.728526	0.470944	-1.501647	0.857504	-0.650144	0.328495	-0.245215	-0.153955	0.957166	-0.670203	0.740310	-0.052623	-0.700498	-0.654400	-0.284716
35888	9.674783	0.490140	-1.091490	0.692987	-0.690692	0.354840	-0.252383	-0.155892	0.954987	-0.674154	0.736312	-0.057969	-0.694132	-0.658439	-0.290927
35889	10.079759	0.947623	-0.927924	0.914201	-0.740503	0.384497	-0.260177	-0.157986	0.952548	-0.679455	0.730888	-0.064363	-0.686038	-0.663960	-0.297505
35890	9.630438	2.037538	0.855628	0.656948	-0.763368	0.431624	-0.268296	-0.159944	0.949966	-0.682803	0.727203	-0.070404	-0.679557	-0.667528	-0.304316
35891	9.531223	1.213564	-0.189325	-0.022095	-0.901441	0.452696	-0.277543	-0.162722	0.946832	-0.681503	0.727997	-0.074654	-0.677144	-0.665989	-0.312946
35892	10.064566	0.317010	-1.125314	0.260997	-0.986061	0.475494	-0.287406	-0.165854	0.943340	-0.681924	0.727042	-0.079936	-0.672590	-0.666260	-0.322056
35893	10.587258	1.078638	-0.110175	0.370864	-1.032239	0.499791	-0.297801	-0.169078	0.939536	-0.682861	0.725482	-0.085887	-0.667095	-0.667150	-0.331506
35894	10.622538	0.520558	-0.501241	0.017103	-1.125528	0.510778	-0.308740	-0.172891	0.935301	-0.681430	0.726243	-0.090692	-0.663576	-0.665342	-0.342034
35895	11.072784	-0.141329	-1.471278	0.044007	-1.171692	0.513593	-0.320039	-0.176990	0.930725	-0.680178	0.726776	-0.095680	-0.659495	-0.663680	-0.352981
35896	11.336231	-0.131712	-1.802475	0.069421	-1.191002	0.515460	-0.331338	-0.181160	0.925957	-0.678960	0.727240	-0.100673	-0.655155	-0.662045	-0.363962
35897	12.443319	-0.737679	-1.996617	0.057439	-1.279813	0.496140	-0.343107	-0.186070	0.920682	-0.677776	0.727657	-0.105524	-0.650306	-0.660222	-0.375778
35898	13.122887	-1.448821	-0.997986	0.247079	-1.231832	0.556869	-0.354822	-0.190172	0.915388	-0.677438	0.727075	-0.111539	-0.644344	-0.659695	-0.386812
35899	12.325828	-0.008468	0.502233	0.233916	-1.209818	0.615078	-0.366822	-0.193724	0.909897	-0.676829	0.726595	-0.118164	-0.638235	-0.659190	-0.397649
35900	11.762851	-0.341420	1.444736	-0.393734	-1.367505	0.702735	-0.380240	-0.197603	0.903532	-0.671703	0.730555	-0.122905	-0.635793	-0.653638	-0.410517
35901	11.316822	-1.773748	0.235021	-0.491000	-1.514609	0.773819	-0.395088	-0.201787	0.896207	-0.665671	0.735199	-0.127923	-0.633077	-0.647120	-0.424793
35902	11.735021	-0.540810	1.227339	0.129658	-1.596166	0.836331	-0.410661	-0.205968	0.888220	-0.663126	0.736066	-0.135905	-0.625796	-0.644813	-0.438857
35903	11.974028	1.279736	2.870319	-0.155121	-1.739537	0.893073	-0.427468	-0.210671	0.879141	-0.658661	0.738677	-0.143252	-0.619223	-0.640292	-0.454522
35904	12.586200	1.214014	2.914124	-0.691944	-1.940384	0.929643	-0.445500	-0.216131	0.868802	-0.650342	0.745059	-0.148131	-0.615293	-0.631011	-0.472483
35905	13.229469	0.705015	2.339638	-0.848167	-2.079759	0.948838	-0.464528	-0.221942	0.857296	-0.640833	0.752391	-0.152453	-0.611185	-0.620202	-0.491734
35906	13.646728	1.198219	1.728259	-0.833981	-2.144082	0.939371	-0.483526	-0.228042	0.845103	-0.631314	0.759629	-0.156229	-0.606338	-0.609066	-0.511267
35907	13.686227	2.493598	0.232801	-1.313191	-2.155504	0.871425	-0.502098	-0.234435	0.832429	-0.619309	0.769313	-0.156889	-0.603618	-0.594304	-0.531458
35908	12.990918	2.198224	-3.193452	-1.757526	-2.245121	0.759464	-0.520263	-0.241701	0.819089	-0.604836	0.781397	-0.153596	-0.602910	-0.575325	-0.552722
35909	12.281097	0.992638	-5.956126	-1.495017	-2.342071	0.593675	-0.537992	-0.250423	0.804893	-0.592972	0.791088	-0.150216	-0.599123	-0.558094	-0.574093
35910	11.445944	0.466759	-6.712527	-1.097550	-2.333877	0.419875	-0.554347	-0.259966	0.790644	-0.584151	0.798200	-0.147118	-0.592846	-0.543410	-0.594339
35911	10.476004	-0.876500	-8.308316	-0.841365	-2.226794	0.313262	-0.569450	-0.269483	0.776598	-0.577610	0.803374	-0.144765	-0.584887	-0.531007	-0.613138
35912	8.758925	-0.106742	-8.806745	-0.289745	-2.020868	0.303377	-0.582891	-0.277720	0.763617	-0.574197	0.805726	-0.145267	-0.574923	-0.523141	-0.629116
35913	8.378658	0.907758	-8.093501	-0.361789	-1.885388	0.263145	-0.595157	-0.285456	0.751201	-0.570746	0.808211	-0.145067	-0.565718	-0.515083	-0.643935
35914	8.666474	0.270536	-5.917308	-0.264880	-1.489582	0.174319	-0.604496	-0.291696	0.741281	-0.568229	0.810064	-0.144614	-0.558302	-0.508636	-0.655430
35915	7.691490	0.820091	-4.187225	-0.455268	-0.963121	0.028652	-0.609918	-0.296364	0.734961	-0.565645	0.812360	-0.141835	-0.555018	-0.502235	-0.663110
35916	6.592835	-0.283690	-5.425188	-0.953846	-0.503708	-0.147809	-0.611861	-0.300100	0.731823	-0.561261	0.816659	-0.134369	-0.557326	-0.492959	-0.668116
35917	5.797284	-2.712111	-6.905365	-0.787786	-0.061339	-0.331586	-0.610231	-0.303161	0.731924	-0.559012	0.819428	-0.126663	-0.561359	-0.486447	-0.669511
35918	5.585891	-3.946806	-6.989018	-0.105103	0.384998	-0.498434	-0.605246	-0.305395	0.735127	-0.561467	0.818416	-0.122271	-0.564298	-0.486753	-0.666812
35919	5.511188	-3.414055	-6.337345	0.569815	0.861622	-0.634411	-0.596673	-0.306391	0.741691	-0.568635	0.813588	-0.121363	-0.566246	-0.494166	-0.659671
35920	5.511486	-2.499947	-6.175651	0.900353	1.308121	-0.724461	-0.585069	-0.305748	0.751141	-0.578043	0.806863	-0.121812	-0.568824	-0.505460	-0.648806
35921	5.488869	-2.091303	-6.024369	1.122321	1.719999	-0.794090	-0.570503	-0.303344	0.763222	-0.589169	0.798593	-0.122997	-0.572194	-0.519837	-0.634321
35922	5.390254	-1.564826	-5.693707	1.280238	2.089520	-0.854857	-0.553387	-0.299122	0.777360	-0.601341	0.789251	-0.124386	-0.576326	-0.536292	-0.616636
35923	5.553660	-0.908640	-5.527967	1.237365	2.431288	-0.890951	-0.533774	-0.292895	0.793283	-0.613483	0.779770	-0.124886	-0.582000	-0.553327	-0.595907
35924	5.757719	-0.377164	-5.293425	1.015050	2.735144	-0.906463	-0.512106	-0.284599	0.810401	-0.624187	0.771450	-0.123514	-0.590032	-0.569094	-0.572707
35925	6.060803	-0.880559	-5.782536	0.563214	2.971784	-0.889762	-0.488697	-0.274356	0.828193	-0.632114	0.765626	-0.119366	-0.601337	-0.581846	-0.547584
35926	6.223117	-2.545463	-6.462768	0.464028	3.127505	-0.861989	-0.464194	-0.262572	0.845920	-0.639052	0.760579	-0.114594	-0.613300	-0.593781	-0.520853
35927	6.358812	-2.507155	-5.734899	0.707418	3.293747	-0.829620	-0.438373	-0.249080	0.863590	-0.647282	0.754115	-0.111067	-0.623582	-0.607676	-0.491809
35928	6.786620	-1.359521	-5.390240	0.457215	3.432728	-0.785829	-0.411625	-0.233947	0.880815	-0.653511	0.749408	-0.106356	-0.635208	-0.619400	-0.461361
35929	7.222688	-1.064348	-5.450924	0.048724	3.527002	-0.749030	-0.383961	-0.217557	0.897353	-0.656907	0.747325	-0.099895	-0.648881	-0.627833	-0.429858
35930	7.701294	-1.483089	-5.686058	-0.410627	3.600917	-0.713293	-0.355588	-0.200224	0.912945	-0.656856	0.748419	-0.091702	-0.664904	-0.632281	-0.397647
35931	8.035539	-2.316839	-6.292853	-0.652028	3.674191	-0.646153	-0.326505	-0.181788	0.927549	-0.654763	0.751236	-0.083249	-0.681675	-0.634506	-0.364310
35932	8.212841	-2.347866	-5.880154	-0.653567	3.713856	-0.570225	-0.297134	-0.162509	0.940905	-0.652039	0.754405	-0.075614	-0.697536	-0.635975	-0.330122
35933	8.432079	-2.263216	-5.648539	-0.866179	3.698228	-0.491651	-0.267747	-0.142715	0.952861	-0.647400	0.759091	-0.068222	-0.713572	-0.635149	-0.295637
35934	8.622167	-3.030415	-5.719186	-0.862670	3.569192	-0.437647	-0.239161	-0.123430	0.963103	-0.642294	0.763980	-0.061586	-0.728190	-0.633324	-0.261993
35935	8.778908	-3.777847	-4.889355	-0.684141	3.392960	-0.408189	-0.211542	-0.105072	0.971705	-0.638268	0.767780	-0.055931	-0.740178	-0.632040	-0.229482
35936	9.128108	-4.075858	-4.900462	-0.324428	3.237506	-0.388089	-0.184935	-0.087604	0.978838	-0.636624	0.769459	-0.051415	-0.748672	-0.632660	-0.198070
35937	9.665364	-2.934462	-4.317960	0.068250	3.142206	-0.368574	-0.158893	-0.070491	0.984776	-0.637849	0.768670	-0.047895	-0.753592	-0.635749	-0.167099
35938	10.137427	-2.034273	-4.105630	0.016464	3.049686	-0.345937	-0.133605	-0.053752	0.989576	-0.638479	0.768353	-0.044467	-0.757954	-0.637765	-0.136975
35939	9.717520	-2.240387	-3.930438	0.079306	2.929515	-0.307201	-0.109312	-0.037366	0.993305	-0.639527	0.767648	-0.041502	-0.760957	-0.639782	-0.107810
35940	9.286208	-2.978531	-4.455393	0.161175	2.739150	-0.313808	-0.086405	-0.022241	0.996012	-0.641060	0.766525	-0.038496	-0.762612	-0.641829	-0.080489
35941	9.485176	-2.663201	-4.357237	0.769133	2.486658	-0.291109	-0.065535	-0.008400	0.997815	-0.647202	0.761463	-0.036097	-0.759496	-0.648154	-0.055339
35942	9.135968	-0.601798	-2.924143	1.056674	2.217199	-0.223137	-0.047273	0.004348	0.998873	-0.655321	0.754572	-0.034298	-0.753870	-0.656203	-0.032821
35943	8.414417	1.621115	-2.254505	0.685912	1.900817	-0.107923	-0.032201	0.016084	0.999352	-0.660578	0.750016	-0.033357	-0.750066	-0.661224	-0.013527
35944	9.189228	2.192112	-1.120349	-0.211283	1.507133	0.017800	-0.020970	0.026148	0.999438	-0.658982	0.751413	-0.033485	-0.751866	-0.659314	0.001474
35945	8.410011	0.606935	-2.222938	-1.486767	1.181056	0.204169	-0.013305	0.035422	0.999284	-0.647736	0.761033	-0.035601	-0.761749	-0.647745	0.012819
35946	6.980458	-2.473496	-4.917132	-1.926486	0.733668	0.314230	-0.009652	0.042508	0.999050	-0.632899	0.773251	-0.039015	-0.774174	-0.632674	0.019440
35947	6.714114	-4.470854	-6.203512	-1.158537	0.277597	0.369564	-0.009756	0.047125	0.998841	-0.623875	0.780345	-0.042910	-0.781463	-0.623571	0.021787
35948	6.764324	-2.457795	-5.495357	-0.580983	-0.077142	0.388501	-0.012746	0.049661	0.998685	-0.619276	0.783773	-0.046878	-0.785070	-0.619059	0.020764
35949	6.936579	-0.295577	-5.389824	-0.763674	-0.349489	0.397794	-0.017903	0.050625	0.998557	-0.613213	0.788272	-0.050958	-0.789715	-0.613241	0.016932
35950	6.989823	0.313602	-5.933927	-1.180548	-0.528628	0.372326	-0.024332	0.050332	0.998436	-0.603765	0.795276	-0.054804	-0.796791	-0.604154	0.011038
35951	7.163629	0.039602	-7.032737	-1.396081	-0.598999	0.293433	-0.030842	0.049060	0.998320	-0.592490	0.803502	-0.057790	-0.804987	-0.593277	0.004286
35952	8.224838	-1.489693	-7.691192	-0.792473	-0.641494	0.155054	-0.036905	0.046499	0.998236	-0.586036	0.808112	-0.059309	-0.809444	-0.587191	-0.002573
35953	10.458887	-0.238735	-4.858302	0.080361	-0.315131	0.008090	-0.039464	0.044660	0.998222	-0.586644	0.807669	-0.059327	-0.808883	-0.587943	-0.005674
35954	11.279042	1.308803	-2.039832	-0.272152	0.107970	-0.137343	-0.037756	0.044160	0.998311	-0.584489	0.809333	-0.057906	-0.810523	-0.585688	-0.004747
35955	11.375754	-0.481351	-1.151995	-0.643203	0.398349	-0.257830	-0.032984	0.044322	0.998473	-0.579293	0.813245	-0.055236	-0.814452	-0.580230	-0.001148
35956	11.585652	-1.796806	0.216316	-1.112371	0.395621	-0.187281	-0.028643	0.045046	0.998574	-0.570250	0.819738	-0.053336	-0.820972	-0.570965	0.002207
35957	12.433793	-2.998915	0.877238	-1.015449	0.043209	-0.076922	-0.027817	0.044589	0.998618	-0.561842	0.825576	-0.052513	-0.826777	-0.562526	0.002087
35958	13.626041	-4.464317	2.419465	-1.175832	-0.250610	-0.044146	-0.029624	0.042801	0.998644	-0.552090	0.832159	-0.052042	-0.833258	-0.552883	-0.001022
35959	12.302406	-7.921651	0.726184	-0.818084	-0.407003	-0.001418	-0.032986	0.040498	0.998635	-0.545210	0.836689	-0.051939	-0.837651	-0.546179	-0.005519
35960	10.523130	-5.501438	1.269061	0.246371	-0.498048	0.007562	-0.037167	0.037810	0.998594	-0.547264	0.835343	-0.051998	-0.836134	-0.548427	-0.010355
35961	9.566996	-1.877898	1.157371	0.151850	-0.539812	0.007576	-0.041692	0.034882	0.998521	-0.548525	0.834512	-0.052056	-0.835094	-0.549884	-0.015659
35962	9.387861	-0.095941	-0.837960	0.058907	-0.532145	-0.008503	-0.046060	0.031858	0.998431	-0.549016	0.834196	-0.051945	-0.834542	-0.550547	-0.020932
35963	9.225771	2.045554	-1.741835	0.204843	-0.440863	-0.012635	-0.049636	0.029301	0.998337	-0.550728	0.833074	-0.051832	-0.833208	-0.552385	-0.025214
35964	9.432210	3.321345	-2.356989	-0.142640	-0.275706	-0.041259	-0.051679	0.027411	0.998287	-0.549556	0.833878	-0.051346	-0.833857	-0.551268	-0.028031
35965	9.005079	2.271856	-4.444294	-0.204078	-0.206662	-0.094541	-0.052855	0.025446	0.998278	-0.547880	0.835044	-0.050293	-0.834885	-0.549595	-0.030195
35966	9.337730	2.033662	-3.842445	0.201213	-0.251206	-0.196665	-0.053843	0.022397	0.998298	-0.549660	0.833988	-0.048356	-0.833652	-0.551328	-0.032594
35967	9.939427	0.256924	-2.872627	0.227546	-0.187878	-0.225708	-0.054138	0.019418	0.998345	-0.551627	0.832815	-0.046112	-0.832332	-0.553211	-0.034375
35968	9.734014	-1.639269	-1.469879	0.445692	-0.077221	-0.215893	-0.053557	0.017169	0.998417	-0.555444	0.830385	-0.044075	-0.829828	-0.556925	-0.034936
35969	9.481802	-2.743193	-0.122557	0.402847	-0.053040	-0.229294	-0.052693	0.014909	0.998499	-0.558848	0.828213	-0.041858	-0.827594	-0.560215	-0.035309
35970	9.295419	-4.619807	-0.644029	0.515270	-0.199628	-0.251901	-0.052900	0.011679	0.998531	-0.563233	0.825354	-0.039492	-0.824603	-0.564495	-0.037084
35971	10.184565	-4.683117	0.218105	1.107725	-0.316622	-0.243134	-0.054095	0.007829	0.998505	-0.572425	0.819102	-0.037434	-0.818171	-0.573594	-0.039828
35972	10.135590	-0.866241	1.902705	1.401235	-0.365824	-0.206604	-0.055850	0.004002	0.998431	-0.583941	0.811001	-0.035915	-0.809873	-0.585031	-0.042957
35973	10.109550	2.277607	2.812631	0.625894	-0.426990	-0.170740	-0.058272	0.000077	0.998301	-0.589072	0.807346	-0.034447	-0.805977	-0.590079	-0.047000
35974	9.452570	1.181389	1.178358	-0.117383	-0.527872	-0.128725	-0.061741	-0.004099	0.998084	-0.588199	0.808040	-0.033067	-0.806356	-0.589114	-0.052300
35975	9.617871	0.721785	0.721535	0.019211	-0.606719	-0.127112	-0.065855	-0.008736	0.997791	-0.588417	0.807933	-0.031763	-0.805871	-0.589209	-0.058347
35976	10.068093	1.698537	1.278319	-0.000118	-0.631740	-0.147684	-0.070047	-0.013675	0.997450	-0.588513	0.807922	-0.030252	-0.805448	-0.589131	-0.064640
35977	9.683215	1.458882	0.493659	-0.068653	-0.667200	-0.165267	-0.074417	-0.018974	0.997047	-0.588065	0.808311	-0.028509	-0.805383	-0.588449	-0.071311
35978	9.786649	1.220666	0.129863	0.216032	-0.711594	-0.202952	-0.078918	-0.024831	0.996572	-0.589955	0.806998	-0.026611	-0.803570	-0.590032	-0.078335
35979	9.997759	1.324655	0.033360	0.275014	-0.669432	-0.205238	-0.083046	-0.030481	0.996079	-0.592304	0.805335	-0.024738	-0.801423	-0.592036	-0.084934
35980	9.600524	0.933746	-0.720177	0.195532	-0.669064	-0.157739	-0.087438	-0.035740	0.995529	-0.594001	0.804127	-0.023303	-0.799699	-0.593382	-0.091541
35981	10.050417	0.323438	-1.738550	0.040603	-0.660742	-0.092132	-0.092140	-0.040443	0.994924	-0.594382	0.803872	-0.022369	-0.798887	-0.593426	-0.098107
35982	10.168428	-0.096033	-2.592588	-0.053826	-0.601356	-0.029862	-0.096737	-0.044274	0.994325	-0.593977	0.804182	-0.021980	-0.798645	-0.592732	-0.104092
35983	9.908971	-0.860330	-3.631063	-0.108346	-0.576143	-0.015747	-0.101216	-0.047858	0.993713	-0.593088	0.804847	-0.021647	-0.798751	-0.591550	-0.109847
35984	9.955906	-1.000014	-4.232354	0.242604	-0.497941	-0.022965	-0.105023	-0.051017	0.993160	-0.595044	0.803401	-0.021654	-0.796801	-0.593249	-0.114733
35985	9.702277	0.054342	-3.589564	0.483476	-0.422972	-0.035103	-0.108149	-0.053864	0.992674	-0.598887	0.800537	-0.021808	-0.793498	-0.596858	-0.118836
35986	9.597069	0.050889	-2.394626	0.365481	-0.375200	-0.045490	-0.110819	-0.056496	0.992234	-0.601830	0.798328	-0.021760	-0.790898	-0.599567	-0.122471
35987	9.276470	-1.437645	-2.181719	0.257608	-0.360564	-0.049068	-0.113347	-0.059108	0.991796	-0.603876	0.796788	-0.021527	-0.788978	-0.601361	-0.126007
35988	9.742043	-1.214996	-1.065373	0.613728	-0.362877	-0.032741	-0.115974	-0.061583	0.991341	-0.608741	0.793065	-0.021949	-0.784847	-0.606015	-0.129463
35989	9.981620	0.367816	0.527733	0.589707	-0.368522	-0.008326	-0.118782	-0.063940	0.990860	-0.613327	0.789506	-0.022577	-0.780846	-0.610403	-0.132995
35990	9.721081	0.973204	0.957303	0.115631	-0.407533	0.019916	-0.122054	-0.066295	0.990307	-0.614204	0.788815	-0.022893	-0.779652	-0.611044	-0.136997
35991	9.424866	0.443288	0.203917	-0.025850	-0.470083	0.024403	-0.125843	-0.069023	0.989646	-0.613933	0.789022	-0.023037	-0.779262	-0.610476	-0.141668
35992	9.373842	0.953618	0.025204	0.220307	-0.510998	0.019537	-0.129910	-0.072015	0.988907	-0.615621	0.787692	-0.023511	-0.777261	-0.611846	-0.146663
35993	9.424623	1.794900	0.129710	0.197152	-0.547410	0.021316	-0.134263	-0.075245	0.988085	-0.617083	0.786533	-0.023954	-0.775359	-0.612946	-0.152035
35994	9.467361	1.378511	-0.251969	-0.102029	-0.582414	0.038289	-0.138985	-0.078533	0.987176	-0.616238	0.787190	-0.024137	-0.775199	-0.611690	-0.157803
35995	9.464768	-0.084534	-1.410982	-0.211320	-0.621942	0.046874	-0.144066	-0.082009	0.986164	-0.614498	0.788547	-0.024195	-0.775653	-0.609482	-0.163997
35996	9.710322	-0.984418	-2.546060	-0.025848	-0.601319	0.049566	-0.149003	-0.085305	0.985150	-0.614224	0.788748	-0.024603	-0.774937	-0.608769	-0.169922
35997	9.714956	-0.886659	-3.189145	0.185166	-0.561959	0.049686	-0.153629	-0.088384	0.984168	-0.615545	0.787694	-0.025348	-0.772983	-0.609694	-0.175417
35998	9.734991	-0.537623	-3.447118	0.292868	-0.529528	0.054455	-0.158021	-0.091212	0.983214	-0.617719	0.785956	-0.026367	-0.770358	-0.611517	-0.180541
35999	9.634091	-0.260923	-3.439025	0.337926	-0.483657	0.060062	-0.162087	-0.093752	0.982313	-0.620182	0.783976	-0.027511	-0.767530	-0.613672	-0.185215
36000	9.578720	-0.016973	-2.867558	0.340137	-0.451347	0.061206	-0.165895	-0.096071	0.981453	-0.622687	0.781944	-0.028711	-0.764683	-0.615901	-0.189543
36001	9.459357	-0.220349	-1.994228	0.181444	-0.425580	0.061735	-0.169507	-0.098264	0.980618	-0.623926	0.780923	-0.029597	-0.762879	-0.616850	-0.193681
36002	9.401365	-0.528161	-1.046017	0.086761	-0.431753	0.071938	-0.173217	-0.100389	0.979754	-0.624464	0.780460	-0.030435	-0.761604	-0.617093	-0.197878
36003	9.361343	-0.859647	-0.468194	-0.004411	-0.478191	0.074715	-0.177298	-0.102805	0.978773	-0.624257	0.780600	-0.031090	-0.760834	-0.616518	-0.202576
36004	9.473100	-0.396839	0.002137	0.168466	-0.514235	0.076280	-0.181653	-0.105406	0.977697	-0.625400	0.779642	-0.032144	-0.758865	-0.617291	-0.207545
36005	9.521897	0.563174	1.036995	0.103754	-0.577542	0.079309	-0.186500	-0.108397	0.976457	-0.626009	0.779114	-0.033076	-0.757186	-0.617440	-0.213162
36006	9.379206	0.581286	0.607562	-0.067950	-0.654392	0.077896	-0.191910	-0.111849	0.975018	-0.625348	0.779620	-0.033651	-0.756380	-0.616184	-0.219562
36007	9.373014	0.779860	-0.058902	0.134998	-0.744732	0.094795	-0.198096	-0.115738	0.973326	-0.626157	0.778919	-0.034817	-0.754112	-0.616352	-0.226771
36008	9.293094	1.536357	0.243134	0.422892	-0.820659	0.132431	-0.205068	-0.119799	0.971388	-0.629071	0.776465	-0.037043	-0.749811	-0.618669	-0.234591
36009	9.517369	2.199597	0.561249	0.236362	-0.905106	0.185791	-0.212976	-0.123995	0.969158	-0.630430	0.775248	-0.039353	-0.746458	-0.619367	-0.243279
36010	9.618525	0.736235	-0.503212	-0.061375	-1.007115	0.212929	-0.221796	-0.128595	0.966576	-0.629511	0.775897	-0.041224	-0.744663	-0.617613	-0.253043
36011	9.648737	-0.297591	-1.909803	0.269907	-1.041706	0.237991	-0.230994	-0.133224	0.963791	-0.630957	0.774560	-0.044156	-0.740631	-0.618311	-0.262978
36012	9.436236	0.268376	-1.655502	0.440499	-1.039433	0.261275	-0.240288	-0.137664	0.960890	-0.633595	0.772186	-0.047813	-0.735404	-0.620304	-0.272770
36013	9.008369	-0.479131	-2.613683	0.132644	-1.082398	0.278902	-0.249958	-0.142255	0.957750	-0.633869	0.771771	-0.050799	-0.731937	-0.619785	-0.283082
36014	8.916169	-1.347366	-4.071324	0.283785	-1.085993	0.293725	-0.259716	-0.146747	0.954470	-0.635194	0.770435	-0.054387	-0.727376	-0.620399	-0.293308
36015	9.130356	-0.423670	-3.722339	0.712748	-1.066729	0.320283	-0.269441	-0.150958	0.951111	-0.639490	0.766493	-0.059506	-0.720037	-0.624260	-0.303061
36016	8.946244	0.541582	-2.593151	0.552763	-1.077106	0.333554	-0.279270	-0.155167	0.947592	-0.642541	0.763545	-0.064337	-0.713547	-0.626835	-0.312937
36017	9.443927	0.069645	-2.405309	0.221721	-1.112381	0.334233	-0.289296	-0.159624	0.943837	-0.643151	0.762701	-0.068143	-0.708988	-0.626743	-0.323309
36018	9.519793	-0.905391	-2.280681	0.378106	-1.162269	0.318064	-0.299521	-0.164514	0.939799	-0.644889	0.760844	-0.072344	-0.703139	-0.627735	-0.333982
36019	9.810276	-0.855170	-0.843813	0.890660	-1.224912	0.312257	-0.310061	-0.169897	0.935413	-0.650143	0.755773	-0.078234	-0.693668	-0.632410	-0.344793
