// General information: 
//  MT Manager version: 2022.2.0 
//  XDA version: 2022.2.0 build 7381 rev 124627 built on 2023-07-19
// Device information: 
//  DeviceId: 00B4CBA7
//  ProductCode: MTW2-3A7G6
//  Firmware Version: 4.6.0
//  Hardware Version: 2.0.0
// Device settings: 
//  Filter Profile: human(46.1)
//  Option Flags: Orientation Smoother Disabled, Position/Velocity Smoother Disabled, Continuous Zero Rotation Update Disabled, AHS Disabled, ICC Disabled
// Coordinate system: ENU
PacketCounter	Acc_X	Acc_Y	Acc_Z	Gyr_X	Gyr_Y	Gyr_Z	Mat[1][1]	Mat[2][1]	Mat[3][1]	Mat[1][2]	Mat[2][2]	Mat[3][2]	Mat[1][3]	Mat[2][3]	Mat[3][3]
23888	9.420280	-0.843206	-2.746697	0.017621	0.020281	0.008732	-0.275282	-0.091972	0.956954	-0.560441	0.824124	-0.082013	-0.781106	-0.558893	-0.278411
23889	9.357412	-0.811834	-2.727827	0.031579	0.017849	0.004967	-0.275190	-0.091855	0.956992	-0.560617	0.823993	-0.082120	-0.781012	-0.559105	-0.278250
23890	9.314605	-0.733087	-2.726201	0.028233	0.015580	0.015023	-0.275120	-0.091666	0.957030	-0.560795	0.823854	-0.082303	-0.780909	-0.559340	-0.278065
23891	9.305260	-0.710167	-2.702421	0.004482	0.012877	0.009325	-0.275040	-0.091585	0.957061	-0.560871	0.823798	-0.082350	-0.780882	-0.559437	-0.277945
23892	9.323302	-0.797658	-2.678362	-0.008390	0.016869	0.008870	-0.274926	-0.091441	0.957107	-0.560779	0.823858	-0.082372	-0.780988	-0.559372	-0.277778
23893	9.305064	-0.808396	-2.727325	-0.008691	0.013990	0.010040	-0.274772	-0.091376	0.957158	-0.560839	0.823819	-0.082354	-0.781000	-0.559440	-0.277609
23894	9.335190	-0.785734	-2.765465	-0.009088	0.013519	0.008614	-0.274683	-0.091252	0.957195	-0.560743	0.823883	-0.082371	-0.781100	-0.559366	-0.277475
23895	9.321300	-0.779017	-2.831533	-0.013436	0.012862	0.004724	-0.274607	-0.091188	0.957223	-0.560621	0.823969	-0.082336	-0.781214	-0.559250	-0.277390
23896	9.354105	-0.776830	-2.925423	-0.008879	0.018803	0.004850	-0.274455	-0.091066	0.957278	-0.560537	0.824028	-0.082318	-0.781327	-0.559182	-0.277205
23897	9.320330	-0.817771	-2.973687	-0.004719	0.024274	0.003550	-0.274271	-0.090960	0.957341	-0.560530	0.824035	-0.082294	-0.781397	-0.559190	-0.276995
23898	9.336229	-0.883614	-2.892443	0.005811	0.032077	-0.001704	-0.273979	-0.090817	0.957438	-0.560579	0.824006	-0.082254	-0.781465	-0.559255	-0.276671
23899	9.296843	-0.979054	-2.748961	0.033494	0.030434	-0.005321	-0.273755	-0.090692	0.957514	-0.560737	0.823896	-0.082280	-0.781429	-0.559438	-0.276400
23900	9.423563	-0.986311	-2.684135	0.067107	0.029066	-0.005231	-0.273467	-0.090595	0.957605	-0.561274	0.823520	-0.082375	-0.781145	-0.560006	-0.276054
23901	9.472703	-0.798627	-2.547200	0.081333	0.027918	-0.001060	-0.273307	-0.090419	0.957668	-0.561704	0.823207	-0.082580	-0.780892	-0.560495	-0.275777
23902	9.497008	-0.676509	-2.483422	0.054318	0.020552	0.005866	-0.273148	-0.090278	0.957726	-0.562110	0.822913	-0.082746	-0.780655	-0.560949	-0.275523
23903	9.439368	-0.687133	-2.470056	0.023014	0.018645	0.011606	-0.273010	-0.090138	0.957779	-0.562306	0.822768	-0.082850	-0.780562	-0.561184	-0.275309
23904	9.407123	-0.691389	-2.479655	0.003940	0.013238	0.014380	-0.272956	-0.089968	0.957810	-0.562296	0.822764	-0.082959	-0.780589	-0.561217	-0.275167
23905	9.400311	-0.689764	-2.618740	-0.014197	0.007948	0.013521	-0.272979	-0.089813	0.957818	-0.562030	0.822940	-0.083014	-0.780771	-0.560984	-0.275123
23906	9.347674	-0.740848	-2.612136	-0.024308	0.010716	0.011232	-0.272927	-0.089683	0.957845	-0.561808	0.823092	-0.083015	-0.780950	-0.560782	-0.275029
23907	9.329363	-0.751379	-2.661910	-0.019090	0.005378	0.008785	-0.272890	-0.089642	0.957860	-0.561684	0.823180	-0.082983	-0.781052	-0.560660	-0.274988
23908	9.390179	-0.763923	-2.728706	-0.016329	0.004148	0.006975	-0.272865	-0.089584	0.957872	-0.561535	0.823283	-0.082965	-0.781168	-0.560517	-0.274950
23909	9.332171	-0.773165	-2.717131	-0.010250	0.005863	0.010095	-0.272896	-0.089531	0.957868	-0.561460	0.823330	-0.083004	-0.781211	-0.560457	-0.274951
23910	9.377181	-0.816594	-2.783593	-0.012468	0.006737	0.006848	-0.272850	-0.089460	0.957888	-0.561342	0.823411	-0.082995	-0.781311	-0.560349	-0.274886
23911	9.387879	-0.899998	-2.793745	-0.010979	0.008763	0.004058	-0.272750	-0.089499	0.957913	-0.561447	0.823346	-0.082937	-0.781271	-0.560438	-0.274817
23912	9.370553	-0.969058	-2.831646	0.009522	0.012347	0.001686	-0.272632	-0.089439	0.957952	-0.561515	0.823299	-0.082939	-0.781264	-0.560516	-0.274679
23913	9.352495	-0.979625	-2.880657	0.030260	0.012697	-0.004572	-0.272451	-0.089405	0.958007	-0.561667	0.823199	-0.082910	-0.781218	-0.560669	-0.274497
23914	9.400531	-0.888468	-2.879248	0.056844	0.017993	-0.003818	-0.272257	-0.089359	0.958066	-0.562119	0.822882	-0.082989	-0.780960	-0.561142	-0.274266
23915	9.381749	-0.840628	-2.832354	0.059287	0.022396	-0.004336	-0.272018	-0.089266	0.958143	-0.562486	0.822625	-0.083050	-0.780779	-0.561533	-0.273980
23916	9.360588	-0.771855	-2.835554	0.044510	0.030141	-0.009242	-0.271699	-0.089196	0.958240	-0.562857	0.822372	-0.083043	-0.780623	-0.561915	-0.273642
23917	9.346534	-0.861661	-2.820480	0.037412	0.032981	-0.005435	-0.271320	-0.089110	0.958355	-0.563218	0.822128	-0.083010	-0.780494	-0.562285	-0.273248
23918	9.319481	-0.847915	-2.845060	0.043012	0.036624	-0.006335	-0.270967	-0.088979	0.958467	-0.563569	0.821886	-0.083026	-0.780363	-0.562660	-0.272849
23919	9.359249	-0.790367	-2.807939	0.042536	0.038548	-0.010359	-0.270592	-0.088853	0.958585	-0.563846	0.821698	-0.082999	-0.780293	-0.562954	-0.272444
23920	9.357641	-0.769030	-2.748113	0.033614	0.040459	-0.014278	-0.270164	-0.088766	0.958714	-0.564145	0.821502	-0.082914	-0.780225	-0.563254	-0.272017
23921	9.374694	-0.738015	-2.744257	0.019883	0.041947	-0.008550	-0.269717	-0.088638	0.958851	-0.564327	0.821388	-0.082810	-0.780249	-0.563441	-0.271563
23922	9.388186	-0.782537	-2.711560	0.011903	0.046241	-0.010208	-0.269267	-0.088484	0.958992	-0.564445	0.821317	-0.082704	-0.780319	-0.563568	-0.271098
23923	9.382949	-0.836088	-2.622899	0.005521	0.041645	-0.012161	-0.268865	-0.088423	0.959110	-0.564591	0.821232	-0.082559	-0.780352	-0.563702	-0.270724
23924	9.385678	-0.797185	-2.580016	0.007338	0.042578	-0.004437	-0.268476	-0.088243	0.959236	-0.564658	0.821192	-0.082496	-0.780437	-0.563788	-0.270298
23925	9.437493	-0.783814	-2.514277	0.005213	0.041045	-0.005088	-0.268101	-0.088086	0.959355	-0.564685	0.821182	-0.082408	-0.780546	-0.563828	-0.269900
23926	9.427196	-0.797348	-2.527163	0.010587	0.039417	-0.002206	-0.267749	-0.087904	0.959470	-0.564772	0.821126	-0.082375	-0.780604	-0.563938	-0.269502
23927	9.409959	-0.807828	-2.574077	0.017630	0.032736	-0.002803	-0.267423	-0.087729	0.959577	-0.564787	0.821120	-0.082329	-0.780705	-0.563974	-0.269135
23928	9.380681	-0.831018	-2.531611	0.022136	0.032558	-0.005374	-0.267107	-0.087612	0.959676	-0.564972	0.820996	-0.082297	-0.780679	-0.564172	-0.268792
23929	9.399636	-0.820678	-2.478122	0.040317	0.027055	-0.010457	-0.266780	-0.087573	0.959771	-0.565291	0.820782	-0.082238	-0.780561	-0.564489	-0.268472
23930	9.391372	-0.854679	-2.441407	0.037005	0.026375	-0.009496	-0.266488	-0.087525	0.959856	-0.565603	0.820570	-0.082206	-0.780434	-0.564804	-0.268177
23931	9.394968	-0.876187	-2.495042	0.044458	0.011661	-0.008759	-0.266290	-0.087588	0.959905	-0.566024	0.820283	-0.082174	-0.780197	-0.565211	-0.268010
23932	9.385451	-0.851954	-2.471534	0.054339	0.009857	-0.008439	-0.266133	-0.087625	0.959945	-0.566468	0.819974	-0.082198	-0.779928	-0.565654	-0.267859
23933	9.484518	-0.748342	-2.515501	0.060276	0.007860	-0.010601	-0.266032	-0.087705	0.959966	-0.566942	0.819643	-0.082230	-0.779618	-0.566121	-0.267775
23934	9.505929	-0.702536	-2.637795	0.048418	0.011846	-0.006269	-0.265872	-0.087712	0.960010	-0.567334	0.819369	-0.082259	-0.779387	-0.566516	-0.267609
23935	9.473773	-0.648860	-2.766033	0.025411	0.014663	0.002543	-0.265718	-0.087628	0.960060	-0.567480	0.819265	-0.082286	-0.779333	-0.566680	-0.267420
23936	9.402509	-0.651885	-2.820898	0.004072	0.018645	0.002081	-0.265552	-0.087528	0.960115	-0.567504	0.819249	-0.082277	-0.779372	-0.566718	-0.267226
23937	9.412346	-0.773935	-2.867893	0.008973	0.018940	0.000941	-0.265424	-0.087480	0.960155	-0.567624	0.819166	-0.082279	-0.779328	-0.566846	-0.267082
23938	9.377374	-0.756057	-2.821413	0.031084	0.024417	0.004354	-0.265227	-0.087329	0.960223	-0.567852	0.818999	-0.082364	-0.779229	-0.567110	-0.266811
23939	9.323601	-0.747841	-2.718322	0.032498	0.031108	0.004853	-0.264971	-0.087171	0.960308	-0.568134	0.818797	-0.082436	-0.779111	-0.567427	-0.266482
23940	9.356442	-0.647997	-2.570761	0.027677	0.028420	0.008599	-0.264767	-0.086962	0.960383	-0.568325	0.818653	-0.082552	-0.779041	-0.567667	-0.266175
23941	9.253458	-0.614749	-2.490898	0.009968	0.029731	0.011789	-0.264575	-0.086719	0.960458	-0.568323	0.818645	-0.082639	-0.779108	-0.567714	-0.265877
23942	9.426489	-0.782131	-2.467575	-0.023621	0.028729	0.014106	-0.264399	-0.086464	0.960530	-0.568099	0.818797	-0.082672	-0.779331	-0.567534	-0.265609
23943	9.513992	-0.846602	-2.435272	-0.033731	0.031488	0.011758	-0.264166	-0.086233	0.960614	-0.567814	0.819000	-0.082626	-0.779618	-0.567277	-0.265316
23944	9.460910	-0.838704	-2.439328	-0.029522	0.019928	0.010283	-0.264037	-0.086059	0.960666	-0.567554	0.819182	-0.082607	-0.779851	-0.567041	-0.265137
23945	9.419225	-0.760223	-2.545499	-0.018079	0.020029	0.016329	-0.263960	-0.085838	0.960707	-0.567334	0.819327	-0.082672	-0.780037	-0.566864	-0.264968
23946	9.434693	-0.671649	-2.555957	-0.035609	0.020490	0.013029	-0.263842	-0.085638	0.960757	-0.567020	0.819546	-0.082663	-0.780305	-0.566578	-0.264789
23947	9.374231	-0.757257	-2.621203	-0.057804	0.019698	0.012880	-0.263697	-0.085484	0.960810	-0.566600	0.819846	-0.082563	-0.780659	-0.566167	-0.264626
23948	9.408349	-0.911426	-2.729616	-0.035368	0.019525	0.015052	-0.263598	-0.085273	0.960856	-0.566282	0.820065	-0.082574	-0.780923	-0.565882	-0.264456
23949	9.415496	-0.915480	-2.693995	0.011494	0.023216	0.008951	-0.263432	-0.085129	0.960915	-0.566405	0.819973	-0.082635	-0.780890	-0.566036	-0.264225
23950	9.374242	-0.798062	-2.654440	0.044051	0.017994	0.007584	-0.263302	-0.084989	0.960963	-0.566727	0.819736	-0.082784	-0.780700	-0.566401	-0.264004
23951	9.376647	-0.664661	-2.586625	0.040643	0.021995	0.011827	-0.263155	-0.084831	0.961017	-0.567071	0.819482	-0.082944	-0.780500	-0.566792	-0.263756
23952	9.396308	-0.617637	-2.495368	0.009902	0.017377	0.014924	-0.263072	-0.084633	0.961057	-0.567107	0.819444	-0.083073	-0.780502	-0.566876	-0.263569
23953	9.344999	-0.631349	-2.449631	-0.006633	0.011620	0.022282	-0.263088	-0.084440	0.961069	-0.567026	0.819485	-0.083221	-0.780555	-0.566846	-0.263477
23954	9.307112	-0.748829	-2.471623	-0.052571	-0.019638	0.010056	-0.263267	-0.084492	0.961016	-0.566587	0.819797	-0.083138	-0.780814	-0.566387	-0.263697
23955	9.587269	-1.030541	-2.681464	-0.068968	-0.043147	0.002241	-0.263574	-0.084776	0.960907	-0.566094	0.820160	-0.082919	-0.781068	-0.565818	-0.264164
23956	9.582303	-0.949644	-2.641655	-0.008055	-0.033550	0.001094	-0.263810	-0.084981	0.960824	-0.566026	0.820212	-0.082867	-0.781037	-0.565712	-0.264481
23957	9.244403	-0.891543	-2.536253	0.013021	-0.017301	0.005664	-0.263995	-0.085049	0.960767	-0.566028	0.820205	-0.082924	-0.780973	-0.565712	-0.264670
23958	9.238002	-0.947420	-2.559422	0.007585	-0.013279	0.000164	-0.264067	-0.085146	0.960739	-0.566084	0.820168	-0.082905	-0.780908	-0.565751	-0.264779
23959	9.381263	-0.885702	-2.565198	0.004512	-0.008688	-0.002663	-0.264082	-0.085263	0.960724	-0.566136	0.820139	-0.082832	-0.780865	-0.565776	-0.264854
23960	9.349065	-0.848822	-2.431733	0.010351	0.002494	-0.001430	-0.264022	-0.085284	0.960739	-0.566219	0.820085	-0.082806	-0.780825	-0.565851	-0.264810
23961	9.476428	-1.013550	-2.596353	0.005740	0.001130	0.010219	-0.263997	-0.085198	0.960753	-0.566174	0.820112	-0.082848	-0.780867	-0.565825	-0.264744
23962	9.426236	-0.871885	-2.642305	0.018642	0.018074	-0.000715	-0.263820	-0.085125	0.960808	-0.566319	0.820012	-0.082849	-0.780822	-0.565981	-0.264543
23963	9.321056	-0.622347	-2.454464	0.036973	0.007762	-0.000548	-0.263698	-0.085155	0.960839	-0.566705	0.819741	-0.082879	-0.780582	-0.566368	-0.264422
23964	9.448888	-0.573786	-2.722489	0.009980	-0.008772	-0.008847	-0.263684	-0.085301	0.960830	-0.566804	0.819683	-0.082780	-0.780515	-0.566430	-0.264486
23965	9.594854	-0.785466	-2.825270	-0.014369	-0.000289	-0.003668	-0.263630	-0.085323	0.960843	-0.566587	0.819846	-0.082655	-0.780691	-0.566191	-0.264479
23966	9.445406	-0.901988	-2.842213	-0.017778	0.003715	0.000574	-0.263573	-0.085320	0.960859	-0.566444	0.819953	-0.082572	-0.780814	-0.566036	-0.264446
23967	9.268209	-1.004862	-2.887177	0.007103	0.007932	0.002226	-0.263546	-0.085270	0.960871	-0.566399	0.819983	-0.082584	-0.780856	-0.566001	-0.264401
23968	9.242370	-0.913194	-2.730293	0.033971	0.018465	-0.000672	-0.263367	-0.085194	0.960927	-0.566663	0.819796	-0.082627	-0.780724	-0.566283	-0.264183
23969	9.365455	-0.801594	-2.582712	0.021399	0.019119	0.003387	-0.263151	-0.085144	0.960990	-0.566957	0.819592	-0.082635	-0.780584	-0.566586	-0.263949
23970	9.390490	-0.794651	-2.496794	-0.013358	0.016714	0.001392	-0.262996	-0.085062	0.961040	-0.566847	0.819675	-0.082573	-0.780716	-0.566478	-0.263788
23971	9.373216	-0.920545	-2.415437	-0.012469	0.019208	-0.004838	-0.262829	-0.084984	0.961092	-0.566628	0.819837	-0.082462	-0.780931	-0.566256	-0.263631
23972	9.384910	-0.906311	-2.397184	0.027210	0.011116	-0.009958	-0.262654	-0.085026	0.961137	-0.566864	0.819680	-0.082397	-0.780819	-0.566476	-0.263491
23973	9.452061	-0.765545	-2.307313	0.065456	0.007122	-0.009586	-0.262493	-0.085103	0.961174	-0.567410	0.819301	-0.082416	-0.780476	-0.567013	-0.263349
23974	9.504474	-0.657071	-2.323912	0.054877	0.005584	-0.010176	-0.262359	-0.085178	0.961204	-0.567862	0.818987	-0.082422	-0.780192	-0.567456	-0.263238
23975	9.485869	-0.609216	-2.386349	0.028714	-0.010107	-0.007126	-0.262363	-0.085348	0.961188	-0.568150	0.818792	-0.082376	-0.779982	-0.567711	-0.263311
23976	9.519868	-0.706319	-2.615229	-0.013908	-0.010711	0.000268	-0.262416	-0.085430	0.961166	-0.568038	0.818877	-0.082302	-0.780045	-0.567576	-0.263414
23977	9.348357	-0.909040	-2.654691	-0.024176	-0.009378	-0.001503	-0.262488	-0.085535	0.961137	-0.567850	0.819018	-0.082193	-0.780158	-0.567356	-0.263553
23978	9.328141	-0.898757	-2.756969	-0.014528	-0.010231	-0.003177	-0.262518	-0.085643	0.961119	-0.567743	0.819104	-0.082084	-0.780226	-0.567217	-0.263652
23979	9.331414	-0.879500	-2.668307	-0.015702	-0.003157	-0.007368	-0.262520	-0.085698	0.961114	-0.567469	0.819307	-0.081946	-0.780424	-0.566915	-0.263715
23980	9.359172	-0.892800	-2.640354	-0.010496	-0.006215	-0.003878	-0.262514	-0.085788	0.961107	-0.567395	0.819369	-0.081840	-0.780480	-0.566811	-0.263772
23981	9.356568	-0.929266	-2.573164	-0.003302	-0.002959	-0.004941	-0.262451	-0.085895	0.961115	-0.567431	0.819356	-0.081722	-0.780475	-0.566814	-0.263780
23982	9.336755	-0.879329	-2.529348	0.021212	-0.001501	-0.010603	-0.262371	-0.086014	0.961126	-0.567622	0.819232	-0.081635	-0.780364	-0.566975	-0.263766
23983	9.437937	-0.795013	-2.523774	0.041308	-0.004538	-0.016990	-0.262309	-0.086237	0.961123	-0.568026	0.818961	-0.081544	-0.780090	-0.567333	-0.263806
23984	9.560345	-0.721671	-2.523185	0.055700	0.001970	-0.019116	-0.262153	-0.086406	0.961150	-0.568508	0.818634	-0.081466	-0.779791	-0.567778	-0.263730
23985	9.564381	-0.645448	-2.551646	0.057627	0.002163	-0.026363	-0.261944	-0.086655	0.961185	-0.569057	0.818268	-0.081310	-0.779461	-0.568267	-0.263653
23986	9.478917	-0.582357	-2.687540	0.050260	-0.000238	-0.018815	-0.261807	-0.086834	0.961206	-0.569495	0.817972	-0.081221	-0.779187	-0.568666	-0.263603
23987	9.441911	-0.642064	-2.826660	0.024843	0.004324	-0.006839	-0.261704	-0.086964	0.961222	-0.569864	0.817720	-0.081171	-0.778952	-0.569009	-0.263558
23988	9.374626	-0.724887	-2.926349	0.001416	0.006691	0.000492	-0.261623	-0.086946	0.961246	-0.569871	0.817718	-0.081139	-0.778974	-0.569014	-0.263481
23989	9.346270	-0.652387	-2.966117	-0.013076	0.013367	0.005986	-0.261487	-0.086863	0.961291	-0.569786	0.817782	-0.081096	-0.779082	-0.568936	-0.263332
23990	9.339194	-0.802946	-2.906251	-0.043277	0.025376	0.004195	-0.261281	-0.086708	0.961361	-0.569436	0.818037	-0.080982	-0.779407	-0.568592	-0.263112
23991	9.327756	-0.929729	-2.683907	-0.040180	0.027001	0.001229	-0.261012	-0.086574	0.961446	-0.569107	0.818282	-0.080817	-0.779737	-0.568260	-0.262851
23992	9.322081	-1.001600	-2.439806	-0.023833	0.027397	0.006158	-0.260801	-0.086392	0.961519	-0.568903	0.818429	-0.080773	-0.779957	-0.568077	-0.262595
23993	9.329285	-0.964667	-2.258702	0.004340	0.023892	-0.001704	-0.260605	-0.086318	0.961579	-0.568943	0.818405	-0.080728	-0.779993	-0.568122	-0.262390
23994	9.397038	-0.842078	-2.011201	0.019680	0.015786	-0.001733	-0.260440	-0.086266	0.961628	-0.569098	0.818298	-0.080722	-0.779935	-0.568284	-0.262211
23995	9.430128	-0.742305	-1.972145	0.017880	0.000115	-0.003744	-0.260385	-0.086271	0.961643	-0.569084	0.818312	-0.080679	-0.779964	-0.568263	-0.262171
23996	9.448423	-0.674543	-2.040714	0.011333	-0.014415	-0.005216	-0.260436	-0.086419	0.961616	-0.569183	0.818249	-0.080618	-0.779874	-0.568331	-0.262289
23997	9.508560	-0.513057	-2.251531	0.012213	-0.026645	-0.005728	-0.260572	-0.086680	0.961555	-0.569367	0.818129	-0.080542	-0.779694	-0.568465	-0.262535
23998	9.573735	-0.432948	-2.613287	-0.033879	-0.031664	-0.002702	-0.260772	-0.086906	0.961481	-0.569107	0.818325	-0.080387	-0.779817	-0.568148	-0.262855
23999	9.454328	-0.681601	-2.686831	-0.050544	-0.026429	-0.006360	-0.260887	-0.087136	0.961429	-0.568730	0.818611	-0.080135	-0.780054	-0.567700	-0.263122
24000	9.362432	-0.789183	-2.717342	-0.011200	-0.032790	0.001501	-0.261119	-0.087333	0.961348	-0.568636	0.818682	-0.080079	-0.780045	-0.567567	-0.263435
24001	9.363988	-0.925337	-2.539259	0.016609	-0.034577	0.006586	-0.261390	-0.087500	0.961259	-0.568725	0.818615	-0.080134	-0.779889	-0.567638	-0.263741
24002	9.410707	-1.006898	-2.293838	0.036703	-0.029106	0.000288	-0.261586	-0.087687	0.961189	-0.569008	0.818413	-0.080193	-0.779617	-0.567901	-0.263980
24003	9.338451	-0.987391	-1.944992	0.046747	-0.044199	0.005761	-0.261995	-0.087890	0.961059	-0.569242	0.818234	-0.080353	-0.779309	-0.568127	-0.264404
24004	9.345991	-1.068685	-1.746593	0.042280	-0.063323	0.002272	-0.262470	-0.088255	0.960896	-0.569563	0.818002	-0.080446	-0.778915	-0.568405	-0.264967
24005	9.253754	-1.194751	-1.516736	0.056257	-0.088934	-0.004223	-0.263161	-0.088827	0.960654	-0.569982	0.817701	-0.080532	-0.778375	-0.568748	-0.265817
24006	9.291177	-1.096760	-1.347863	0.097543	-0.126768	-0.006561	-0.264078	-0.089625	0.960328	-0.570755	0.817146	-0.080688	-0.777497	-0.569420	-0.266944
24007	9.401726	-0.999732	-1.338612	0.104696	-0.159011	-0.007310	-0.265232	-0.090630	0.959916	-0.571635	0.816515	-0.080856	-0.776457	-0.570167	-0.268373
24008	9.416017	-0.871912	-1.328150	0.099857	-0.187094	-0.020708	-0.266533	-0.091890	0.959435	-0.572462	0.815932	-0.080886	-0.775401	-0.570799	-0.270076
24009	9.437279	-0.747973	-1.393486	0.095519	-0.217104	-0.030034	-0.268051	-0.093401	0.958866	-0.573270	0.815370	-0.080834	-0.774281	-0.571357	-0.272105
24010	9.499172	-0.589400	-1.591650	0.055938	-0.246929	-0.021742	-0.269805	-0.095013	0.958216	-0.573758	0.815035	-0.080738	-0.773309	-0.571568	-0.274415
24011	9.427793	-0.478376	-1.769430	0.001848	-0.270808	-0.031302	-0.271655	-0.096782	0.957516	-0.573738	0.815084	-0.080389	-0.772676	-0.571202	-0.276949
24012	9.366805	-0.507981	-1.946378	-0.042688	-0.292378	-0.030148	-0.273709	-0.098720	0.956733	-0.573489	0.815304	-0.079941	-0.772136	-0.570556	-0.279770
24013	9.327850	-0.664970	-2.105669	-0.055488	-0.306951	-0.030041	-0.275844	-0.100785	0.955904	-0.573281	0.815498	-0.079449	-0.771531	-0.569917	-0.282728
24014	9.401559	-0.903254	-2.422741	-0.057917	-0.319042	-0.031442	-0.278092	-0.102882	0.955029	-0.572919	0.815801	-0.078943	-0.770992	-0.569108	-0.285811
24015	9.378022	-1.206031	-2.654607	-0.034367	-0.323844	-0.044808	-0.280270	-0.105147	0.954145	-0.572888	0.815878	-0.078371	-0.770226	-0.568583	-0.288904
24016	9.345324	-1.374247	-3.067900	0.029575	-0.324038	-0.048557	-0.282454	-0.107408	0.953249	-0.573251	0.815664	-0.077952	-0.769157	-0.568468	-0.291960
24017	9.192042	-1.481227	-3.411016	0.087215	-0.311216	-0.061250	-0.284416	-0.109760	0.952397	-0.574272	0.814981	-0.077572	-0.767672	-0.568997	-0.294825
24018	9.028749	-1.385234	-3.553629	0.148912	-0.306720	-0.071640	-0.286324	-0.112114	0.951551	-0.575617	0.814059	-0.077290	-0.765953	-0.569859	-0.297619
24019	9.034771	-1.110554	-3.825877	0.181207	-0.291640	-0.077992	-0.288067	-0.114453	0.950746	-0.577303	0.812886	-0.077060	-0.764028	-0.571067	-0.300240
24020	9.200355	-0.787167	-4.220824	0.151876	-0.264987	-0.080176	-0.289594	-0.116642	0.950016	-0.578692	0.811930	-0.076715	-0.762398	-0.571983	-0.302630
24021	9.254802	-0.720315	-4.234587	0.113971	-0.220702	-0.089200	-0.290716	-0.118636	0.949426	-0.579805	0.811187	-0.076175	-0.761125	-0.572627	-0.304610
24022	9.309041	-0.459697	-4.301181	0.073464	-0.192815	-0.080851	-0.291681	-0.120419	0.948905	-0.580598	0.810674	-0.075591	-0.760150	-0.572981	-0.306373
24023	9.308171	-0.264509	-4.339625	-0.000564	-0.161621	-0.079785	-0.292414	-0.122022	0.948475	-0.580847	0.810569	-0.074794	-0.759678	-0.572790	-0.307897
24024	9.276941	-0.486439	-4.615071	-0.086947	-0.123094	-0.078796	-0.292859	-0.123388	0.948161	-0.580416	0.810975	-0.073738	-0.759836	-0.571923	-0.309118
24025	9.136082	-0.841598	-4.834827	-0.088379	-0.084269	-0.071895	-0.293106	-0.124490	0.947940	-0.579965	0.811385	-0.072771	-0.760085	-0.571102	-0.310022
24026	8.953975	-1.004108	-4.667136	-0.055175	-0.037541	-0.076170	-0.292918	-0.125345	0.947886	-0.579768	0.811609	-0.071837	-0.760308	-0.570596	-0.310406
24027	8.947263	-1.035374	-4.331621	-0.012062	-0.002549	-0.079725	-0.292531	-0.126065	0.947910	-0.579941	0.811555	-0.071043	-0.760325	-0.570514	-0.310515
24028	9.170591	-0.875177	-4.034236	0.047485	0.029724	-0.091091	-0.291744	-0.126658	0.948073	-0.580567	0.811173	-0.070286	-0.760149	-0.570926	-0.310189
24029	9.401943	-0.576557	-3.564080	0.057890	0.050761	-0.084891	-0.290850	-0.127142	0.948283	-0.581361	0.810661	-0.069620	-0.759885	-0.571544	-0.309696
24030	9.446778	-0.380007	-3.161519	-0.013183	0.059613	-0.082320	-0.289886	-0.127492	0.948531	-0.581499	0.810636	-0.068758	-0.760148	-0.571502	-0.309129
24031	9.382807	-0.480641	-2.898573	-0.108219	0.060275	-0.081209	-0.288941	-0.127850	0.948771	-0.580934	0.811137	-0.067616	-0.760939	-0.570710	-0.308643
24032	9.303948	-0.730121	-2.716586	-0.136955	0.050859	-0.087857	-0.288012	-0.128296	0.948994	-0.580143	0.811810	-0.066319	-0.761894	-0.569653	-0.308241
24033	9.343172	-0.928897	-2.704339	-0.113936	0.038096	-0.096496	-0.287154	-0.128819	0.949183	-0.579374	0.812465	-0.065012	-0.762803	-0.568601	-0.307937
24034	9.288122	-0.955782	-2.441610	-0.066182	0.022209	-0.106131	-0.286338	-0.129579	0.949326	-0.579173	0.812708	-0.063760	-0.763263	-0.568081	-0.307758
24035	9.447550	-0.676406	-2.457751	-0.035963	0.005168	-0.109597	-0.285628	-0.130484	0.949416	-0.579255	0.812742	-0.062567	-0.763466	-0.567825	-0.307725
24036	9.587237	-0.429686	-2.579503	-0.068083	0.005888	-0.109362	-0.284918	-0.131363	0.949508	-0.579046	0.812989	-0.061278	-0.763890	-0.567268	-0.307700
24037	9.448054	-0.428292	-2.652746	-0.101247	0.002720	-0.110742	-0.284238	-0.132290	0.949583	-0.578611	0.813402	-0.059877	-0.764472	-0.566459	-0.307744
24038	9.262983	-0.317668	-2.973952	-0.106048	-0.010567	-0.099227	-0.283713	-0.133181	0.949616	-0.578081	0.813875	-0.058568	-0.765068	-0.565571	-0.307896
24039	9.232105	-0.419268	-3.370019	-0.123575	-0.008005	-0.096246	-0.283193	-0.134065	0.949646	-0.577474	0.814400	-0.057237	-0.765718	-0.564606	-0.308052
24040	9.237903	-0.605718	-3.496810	-0.107636	-0.003199	-0.089860	-0.282668	-0.134838	0.949693	-0.576903	0.814890	-0.056011	-0.766343	-0.563713	-0.308132
24041	9.191625	-0.568825	-3.411793	-0.071452	0.007827	-0.088843	-0.282097	-0.135531	0.949765	-0.576565	0.815203	-0.054921	-0.766808	-0.563094	-0.308109
24042	9.118586	-0.496461	-3.190992	-0.043354	0.010775	-0.094675	-0.281437	-0.136266	0.949855	-0.576498	0.815322	-0.053847	-0.767101	-0.562744	-0.308019
24043	9.329647	-0.578247	-2.893994	-0.030618	0.001709	-0.099049	-0.280825	-0.137145	0.949910	-0.576643	0.815290	-0.052766	-0.767216	-0.562577	-0.308038
24044	9.320305	-0.553131	-2.568849	-0.036769	0.000751	-0.095569	-0.280237	-0.137944	0.949968	-0.576628	0.815369	-0.051704	-0.767443	-0.562267	-0.308038
24045	9.228081	-0.605478	-2.302234	-0.046090	-0.017074	-0.093178	-0.279853	-0.138812	0.949954	-0.576494	0.815529	-0.050664	-0.767683	-0.561821	-0.308253
24046	9.270362	-0.550541	-2.044050	-0.047545	-0.044299	-0.093933	-0.279620	-0.139851	0.949871	-0.576390	0.815669	-0.049584	-0.767846	-0.561361	-0.308686
24047	9.326320	-0.524107	-1.884084	-0.059672	-0.077002	-0.100290	-0.279643	-0.141125	0.949676	-0.576193	0.815878	-0.048425	-0.767985	-0.560738	-0.309469
24048	9.314975	-0.558890	-1.662341	-0.058151	-0.110164	-0.106153	-0.279846	-0.142632	0.949391	-0.576042	0.816056	-0.047196	-0.768025	-0.560096	-0.310532
24049	9.505832	-0.293984	-1.629119	-0.061878	-0.147159	-0.102515	-0.280339	-0.144347	0.948986	-0.575926	0.816208	-0.045983	-0.767932	-0.559437	-0.311948
24050	9.596761	-0.256801	-1.844502	-0.108143	-0.166394	-0.097932	-0.281021	-0.146100	0.948516	-0.575369	0.816673	-0.044675	-0.768100	-0.558301	-0.313564
24051	9.450274	-0.074689	-2.238420	-0.133643	-0.180380	-0.088241	-0.281879	-0.147867	0.947987	-0.574648	0.817249	-0.043394	-0.768325	-0.556991	-0.315337
24052	9.332242	-0.297435	-2.999915	-0.236284	-0.180618	-0.084968	-0.282749	-0.149590	0.947458	-0.573070	0.818440	-0.041801	-0.769184	-0.554779	-0.317138
24053	8.911429	-0.841092	-3.409968	-0.260031	-0.176206	-0.096435	-0.283572	-0.151398	0.946924	-0.571401	0.819693	-0.040060	-0.770122	-0.552433	-0.318951
24054	8.997214	-1.197158	-3.649252	-0.157854	-0.183978	-0.111762	-0.284320	-0.153354	0.946385	-0.570501	0.820396	-0.038456	-0.770513	-0.550848	-0.320743
24055	9.076120	-1.203513	-3.636963	0.002852	-0.180098	-0.116483	-0.285017	-0.155295	0.945859	-0.570801	0.820239	-0.037331	-0.770033	-0.550537	-0.322425
24056	9.168728	-0.795856	-3.406420	0.150423	-0.176114	-0.126786	-0.285617	-0.157328	0.945342	-0.572319	0.819215	-0.036577	-0.768684	-0.551484	-0.324023
24057	9.419363	-0.003169	-3.702510	0.180648	-0.169072	-0.126349	-0.286244	-0.159311	0.944820	-0.574072	0.818013	-0.035992	-0.767141	-0.552697	-0.325607
24058	10.107095	0.563427	-3.600105	0.095088	-0.112659	-0.147315	-0.286230	-0.161162	0.944510	-0.575222	0.817254	-0.034870	-0.766285	-0.553284	-0.326627
24059	10.263393	0.690523	-3.714031	-0.048136	-0.061578	-0.149374	-0.285838	-0.162755	0.944356	-0.575315	0.817254	-0.033287	-0.766361	-0.552817	-0.327238
24060	9.920284	-0.213062	-4.844206	-0.259060	-0.050039	-0.145415	-0.285355	-0.164245	0.944244	-0.573742	0.818448	-0.031025	-0.767719	-0.550606	-0.327783
24061	9.473527	-1.618848	-5.564085	-0.165334	-0.030293	-0.164839	-0.284646	-0.165781	0.944189	-0.572935	0.819091	-0.028908	-0.768584	-0.549188	-0.328132
24062	9.092509	-1.918379	-6.047458	0.174169	0.003755	-0.157348	-0.283683	-0.167072	0.944251	-0.574719	0.817873	-0.027953	-0.767608	-0.550609	-0.328036
24063	8.880715	-1.116376	-5.780417	0.449194	0.053299	-0.132299	-0.282523	-0.167930	0.944447	-0.578682	0.815066	-0.028183	-0.765054	-0.554497	-0.327453
24064	8.597038	0.086664	-5.010157	0.452757	0.096183	-0.082124	-0.281280	-0.168086	0.944790	-0.582371	0.812411	-0.028847	-0.762709	-0.558333	-0.326404
24065	8.310017	0.834477	-4.463727	0.281783	0.137059	-0.072403	-0.279836	-0.167944	0.945244	-0.584751	0.810691	-0.029076	-0.761418	-0.560869	-0.325067
24066	8.583777	0.881050	-4.018404	0.085373	0.172629	-0.065190	-0.278109	-0.167527	0.945828	-0.585582	0.810105	-0.028696	-0.761412	-0.561840	-0.323399
24067	8.483269	0.861001	-3.491440	-0.082336	0.207810	-0.073132	-0.276050	-0.166993	0.946525	-0.585156	0.810449	-0.027673	-0.762489	-0.561504	-0.321441
24068	8.887505	0.476641	-3.215572	-0.180936	0.219567	-0.082482	-0.273861	-0.166453	0.947256	-0.584000	0.811328	-0.026272	-0.764162	-0.560392	-0.319400
24069	9.199837	0.007188	-2.831682	-0.221545	0.227027	-0.088060	-0.271620	-0.165908	0.947996	-0.582476	0.812473	-0.024700	-0.766123	-0.558894	-0.317321
24070	9.261301	-0.327274	-2.282596	-0.173679	0.210014	-0.090297	-0.269452	-0.165493	0.948687	-0.581386	0.813295	-0.023254	-0.767714	-0.557820	-0.315360
24071	9.351189	-0.377947	-1.791647	-0.115678	0.173322	-0.078500	-0.267719	-0.165194	0.949230	-0.580711	0.813808	-0.022156	-0.768831	-0.557160	-0.313802
24072	9.301261	-0.168610	-1.513838	-0.093431	0.139286	-0.061468	-0.266259	-0.164942	0.949684	-0.580155	0.814229	-0.021239	-0.769757	-0.556619	-0.312488
24073	9.466076	0.127180	-1.393736	-0.107293	0.107351	-0.040645	-0.265236	-0.164732	0.950007	-0.579502	0.814712	-0.020522	-0.770602	-0.555974	-0.311554
24074	9.634471	0.523143	-1.696146	-0.228210	0.087551	-0.022911	-0.264398	-0.164456	0.950288	-0.577800	0.815944	-0.019554	-0.772166	-0.554247	-0.310757
24075	9.408719	0.376049	-2.126849	-0.337664	0.059798	-0.024908	-0.263835	-0.164346	0.950464	-0.575245	0.817777	-0.018276	-0.774264	-0.551572	-0.310297
24076	9.431997	-0.124637	-2.676381	-0.341253	0.031290	-0.029754	-0.263391	-0.164442	0.950571	-0.572676	0.819608	-0.016895	-0.776317	-0.548819	-0.310049
24077	9.529744	-0.316504	-3.255132	-0.237810	0.026930	-0.025501	-0.263039	-0.164501	0.950658	-0.570800	0.820936	-0.015881	-0.777816	-0.546812	-0.309835
24078	9.356137	0.012659	-3.480654	-0.169884	0.036328	-0.030607	-0.262551	-0.164578	0.950779	-0.569555	0.821816	-0.015024	-0.778892	-0.545466	-0.309505
24079	9.378863	0.068032	-3.567103	-0.178149	0.042760	-0.034625	-0.262059	-0.164630	0.950906	-0.568185	0.822780	-0.014137	-0.780059	-0.543995	-0.309157
24080	9.645863	-0.116190	-3.684718	-0.162554	0.064570	-0.032969	-0.261337	-0.164575	0.951114	-0.567000	0.823611	-0.013282	-0.781162	-0.542752	-0.308554
24081	9.507958	-0.137768	-3.270119	-0.114962	0.073533	-0.030014	-0.260603	-0.164444	0.951338	-0.566147	0.824208	-0.012617	-0.782026	-0.541885	-0.307890
24082	9.408971	-0.236850	-2.891630	-0.067346	0.059020	-0.018023	-0.260009	-0.164297	0.951526	-0.565664	0.824545	-0.012198	-0.782572	-0.541416	-0.307326
24083	9.327432	-0.157852	-2.535277	-0.029947	0.057588	-0.015557	-0.259468	-0.164160	0.951697	-0.565513	0.824653	-0.011934	-0.782861	-0.541294	-0.306806
24084	9.266177	0.286490	-2.468201	-0.005961	0.039629	-0.008856	-0.259078	-0.164043	0.951824	-0.565487	0.824673	-0.011791	-0.783009	-0.541299	-0.306419
24085	9.387011	0.385069	-2.948969	-0.083793	0.044566	-0.013942	-0.258661	-0.163950	0.951953	-0.564902	0.825079	-0.011394	-0.783569	-0.540708	-0.306032
24086	9.188202	0.269929	-3.068158	-0.126187	0.047913	-0.017743	-0.258156	-0.163862	0.952106	-0.563956	0.825734	-0.010799	-0.784416	-0.539734	-0.305579
24087	9.120918	0.022674	-3.199412	-0.140272	0.039403	-0.014766	-0.257820	-0.163752	0.952215	-0.562782	0.826542	-0.010238	-0.785369	-0.538529	-0.305256
24088	9.184788	-0.226502	-3.167698	-0.086614	0.038904	-0.007748	-0.257441	-0.163631	0.952339	-0.562119	0.826998	-0.009860	-0.785969	-0.537866	-0.304883
24089	9.056638	-0.054216	-2.827064	-0.043825	0.041351	-0.006216	-0.257097	-0.163497	0.952455	-0.561827	0.827199	-0.009659	-0.786290	-0.537598	-0.304527
24090	9.193193	0.076132	-2.556954	-0.043961	0.030882	-0.007244	-0.256784	-0.163416	0.952553	-0.561497	0.827425	-0.009416	-0.786628	-0.537274	-0.304227
24091	9.375183	-0.021036	-2.449024	-0.063893	0.029312	0.002738	-0.256585	-0.163258	0.952634	-0.560973	0.827783	-0.009232	-0.787067	-0.536770	-0.303980
24092	9.468820	0.052650	-2.426010	-0.076073	0.017263	0.001560	-0.256429	-0.163177	0.952690	-0.560367	0.828196	-0.008976	-0.787549	-0.536157	-0.303812
24093	9.842620	0.156651	-2.899002	-0.103891	0.011368	0.001440	-0.256351	-0.163137	0.952717	-0.559564	0.828742	-0.008655	-0.788145	-0.535325	-0.303734
24094	9.626427	0.068574	-3.212454	-0.150881	0.011787	0.001413	-0.256236	-0.163087	0.952757	-0.558368	0.829553	-0.008171	-0.789030	-0.534082	-0.303624
24095	9.328088	-0.301757	-3.664165	-0.148121	0.007548	0.009158	-0.256180	-0.163027	0.952782	-0.557200	0.830342	-0.007741	-0.789873	-0.532873	-0.303556
24096	9.205080	-0.395252	-3.751407	-0.067516	0.017927	0.024709	-0.256147	-0.162751	0.952838	-0.556600	0.830744	-0.007732	-0.790307	-0.532331	-0.303380
24097	8.993772	-0.021232	-3.527542	-0.033405	0.035405	0.022474	-0.256001	-0.162401	0.952937	-0.556272	0.830963	-0.007825	-0.790585	-0.532096	-0.303067
24098	9.101649	0.192284	-3.202757	-0.050033	0.045254	0.024057	-0.255748	-0.161985	0.953076	-0.555812	0.831271	-0.007863	-0.790990	-0.531742	-0.302629
24099	9.119118	0.274405	-2.708990	-0.083332	0.055943	0.025584	-0.255419	-0.161518	0.953243	-0.555097	0.831749	-0.007805	-0.791599	-0.531136	-0.302103
24100	9.149415	0.105646	-2.266198	-0.085145	0.044347	0.025304	-0.255179	-0.161097	0.953379	-0.554355	0.832244	-0.007749	-0.792196	-0.530488	-0.301676
24101	9.314699	-0.027768	-1.979125	-0.047864	0.026387	0.023975	-0.255119	-0.160778	0.953449	-0.553886	0.832556	-0.007813	-0.792544	-0.530095	-0.301453
24102	9.348625	0.028649	-1.764099	0.009782	0.006639	0.017221	-0.255132	-0.160624	0.953471	-0.553916	0.832534	-0.007967	-0.792518	-0.530176	-0.301379
24103	9.448482	0.269421	-2.064630	0.024110	-0.029611	0.015959	-0.255441	-0.160711	0.953374	-0.554170	0.832363	-0.008168	-0.792241	-0.530418	-0.301681
24104	9.534314	0.083436	-2.433355	-0.025150	-0.037340	0.011062	-0.255769	-0.160842	0.953264	-0.553940	0.832517	-0.008158	-0.792296	-0.530138	-0.302029
24105	9.300182	-0.076010	-2.614527	-0.031303	-0.055032	0.010637	-0.256279	-0.161040	0.953093	-0.553582	0.832755	-0.008146	-0.792381	-0.529703	-0.302567
24106	9.318444	-0.384991	-2.841388	-0.010729	-0.066259	0.020456	-0.256889	-0.161246	0.952895	-0.553441	0.832847	-0.008269	-0.792282	-0.529495	-0.303189
24107	9.276721	-0.313780	-2.811351	0.054823	-0.076434	0.020087	-0.257599	-0.161503	0.952659	-0.553789	0.832613	-0.008592	-0.791809	-0.529785	-0.303919
24108	9.321716	-0.036004	-2.795837	0.065739	-0.070959	0.012300	-0.258200	-0.161802	0.952446	-0.554274	0.832287	-0.008870	-0.791273	-0.530207	-0.304579
24109	9.483303	0.040130	-2.833788	0.054824	-0.074793	0.011091	-0.258849	-0.162126	0.952214	-0.554668	0.832022	-0.009118	-0.790785	-0.530523	-0.305294
24110	9.455260	-0.044746	-2.898297	0.045391	-0.080404	0.010231	-0.259512	-0.162493	0.951971	-0.554998	0.831800	-0.009315	-0.790336	-0.530759	-0.306045
24111	9.308159	-0.096157	-2.947297	0.077624	-0.083564	0.006043	-0.260194	-0.162912	0.951714	-0.555580	0.831408	-0.009575	-0.789702	-0.531245	-0.306838
24112	9.529847	0.087338	-3.401266	0.100522	-0.084974	0.011644	-0.260900	-0.163292	0.951455	-0.556341	0.830895	-0.009955	-0.788934	-0.531930	-0.307626
24113	9.387729	-0.060596	-3.658621	0.053572	-0.057256	0.008154	-0.261385	-0.163588	0.951271	-0.556856	0.830546	-0.010183	-0.788409	-0.532383	-0.308188
24114	9.115631	-0.151365	-3.695547	0.064138	-0.053919	0.007933	-0.261825	-0.163834	0.951108	-0.557339	0.830220	-0.010417	-0.787922	-0.532817	-0.308684
24115	9.351543	-0.525697	-3.838705	0.096858	-0.046420	0.036573	-0.262385	-0.163776	0.950963	-0.557886	0.829844	-0.011012	-0.787348	-0.533419	-0.309107
24116	9.025352	-0.032157	-3.361270	0.154292	-0.024611	0.037505	-0.262759	-0.163621	0.950887	-0.559000	0.829084	-0.011806	-0.786433	-0.534647	-0.309313
24117	9.076966	0.220115	-3.114112	0.120969	-0.019790	0.027908	-0.263036	-0.163543	0.950824	-0.559905	0.828464	-0.012395	-0.785696	-0.535631	-0.309485
24118	9.228039	0.129163	-3.038228	0.016697	-0.008666	0.028228	-0.263233	-0.163381	0.950797	-0.559959	0.828423	-0.012675	-0.785592	-0.535744	-0.309555
24119	9.067003	-0.103668	-2.773610	-0.024554	-0.009735	0.017560	-0.263483	-0.163242	0.950752	-0.559590	0.828671	-0.012799	-0.785771	-0.535404	-0.309689
24120	9.156185	-0.295746	-2.747776	-0.004036	-0.023043	0.013031	-0.263708	-0.163282	0.950682	-0.559522	0.828716	-0.012871	-0.785744	-0.535321	-0.309899
24121	9.305919	-0.306473	-2.878842	0.029177	-0.025267	-0.010319	-0.263843	-0.163548	0.950599	-0.559853	0.828493	-0.012850	-0.785463	-0.535586	-0.310155
24122	9.435300	-0.118376	-2.910655	0.076190	-0.021130	-0.029048	-0.263818	-0.163927	0.950541	-0.560525	0.828039	-0.012770	-0.784992	-0.536171	-0.310336
24123	9.673486	0.077418	-3.417089	0.058558	-0.018158	-0.019531	-0.263860	-0.164185	0.950485	-0.560947	0.827753	-0.012737	-0.784676	-0.536533	-0.310510
24124	9.694290	0.086497	-3.726837	0.018320	0.001851	-0.009821	-0.263761	-0.164281	0.950495	-0.561114	0.827641	-0.012661	-0.784589	-0.536676	-0.310480
24125	9.369938	-0.033624	-3.979290	-0.016168	0.017161	-0.001282	-0.263589	-0.164251	0.950548	-0.561023	0.827705	-0.012549	-0.784713	-0.536587	-0.310323
24126	9.185679	-0.196667	-4.073675	-0.003571	0.029665	0.001261	-0.263335	-0.164106	0.950644	-0.560989	0.827729	-0.012510	-0.784822	-0.536595	-0.310031
24127	9.156523	-0.240497	-3.834218	0.053204	0.046622	0.002431	-0.262973	-0.163885	0.950782	-0.561481	0.827393	-0.012681	-0.784592	-0.537180	-0.309601
24128	9.219390	-0.043149	-3.464158	0.089926	0.062218	0.005204	-0.262485	-0.163532	0.950978	-0.562170	0.826920	-0.012969	-0.784262	-0.538015	-0.308987
24129	9.295407	0.148412	-3.132829	0.052508	0.073514	0.010842	-0.261956	-0.163088	0.951200	-0.562568	0.826646	-0.013196	-0.784153	-0.538572	-0.308292
24130	9.311418	0.009238	-2.875909	-0.021539	0.075987	0.009382	-0.261383	-0.162625	0.951437	-0.562372	0.826779	-0.013179	-0.784485	-0.538506	-0.307562
24131	9.217537	-0.363282	-2.635515	-0.044738	0.067725	0.009229	-0.260935	-0.162191	0.951634	-0.561963	0.827058	-0.013130	-0.784927	-0.538209	-0.306954
24132	9.365669	-0.390670	-2.562352	-0.013636	0.052416	0.008243	-0.260541	-0.161865	0.951797	-0.561832	0.827147	-0.013127	-0.785152	-0.538170	-0.306447
24133	9.362151	-0.313034	-2.225903	0.000955	0.046218	0.002356	-0.260205	-0.161605	0.951933	-0.561775	0.827186	-0.013130	-0.785304	-0.538189	-0.306024
24134	9.561277	-0.099041	-2.248554	-0.008360	0.021625	0.000315	-0.260008	-0.161511	0.952003	-0.561706	0.827234	-0.013068	-0.785419	-0.538144	-0.305809
24135	9.742007	-0.103085	-2.471151	-0.030943	0.014498	-0.005485	-0.259832	-0.161540	0.952046	-0.561567	0.827331	-0.012884	-0.785576	-0.537985	-0.305683
24136	9.566371	-0.080764	-2.906873	0.013564	0.010401	-0.006939	-0.259683	-0.161566	0.952083	-0.561688	0.827250	-0.012820	-0.785539	-0.538103	-0.305572
24137	9.459791	0.080303	-3.505337	-0.021627	0.015570	0.005532	-0.259635	-0.161422	0.952120	-0.561460	0.827405	-0.012827	-0.785718	-0.537907	-0.305455
24138	9.055455	-0.268039	-3.691789	-0.031732	0.027055	0.005050	-0.259422	-0.161260	0.952206	-0.561194	0.827586	-0.012739	-0.785978	-0.537677	-0.305192
24139	9.027262	-0.349351	-3.852030	0.003952	0.029768	0.004625	-0.259246	-0.161075	0.952285	-0.561248	0.827548	-0.012816	-0.785998	-0.537791	-0.304941
24140	9.127499	-0.375446	-3.571424	0.034883	0.051669	-0.000384	-0.258809	-0.160824	0.952446	-0.561521	0.827363	-0.012879	-0.785947	-0.538151	-0.304435
24141	9.178770	-0.116002	-3.138010	0.072617	0.063540	0.002005	-0.258334	-0.160470	0.952635	-0.562012	0.827025	-0.013094	-0.785752	-0.538775	-0.303835
24142	9.194811	0.159174	-2.658363	0.040493	0.060644	0.003387	-0.257848	-0.160140	0.952822	-0.562319	0.826815	-0.013210	-0.785692	-0.539196	-0.303243
24143	9.273640	0.180646	-2.330172	-0.004769	0.050902	0.003495	-0.257435	-0.159893	0.952975	-0.562326	0.826811	-0.013180	-0.785823	-0.539276	-0.302762
24144	9.369794	0.138458	-2.032324	-0.042697	0.036131	0.002231	-0.257135	-0.159705	0.953088	-0.561982	0.827047	-0.013033	-0.786167	-0.538969	-0.302413
24145	9.419294	0.136436	-1.952836	-0.074687	0.014243	0.002384	-0.257025	-0.159633	0.953129	-0.561363	0.827471	-0.012792	-0.786645	-0.538339	-0.302293
24146	9.583937	0.291684	-2.189852	-0.086824	-0.001639	0.004344	-0.257034	-0.159630	0.953127	-0.560665	0.827948	-0.012532	-0.787139	-0.537607	-0.302310
24147	9.638607	0.063726	-2.783122	-0.191122	-0.001125	0.011686	-0.257073	-0.159604	0.953121	-0.559234	0.828922	-0.012029	-0.788144	-0.536111	-0.302350
