// General information: 
//  MT Manager version: 2022.2.0 
//  XDA version: 2022.2.0 build 7381 rev 124627 built on 2023-07-19
// Device information: 
//  DeviceId: 00B4CBA7
//  ProductCode: MTW2-3A7G6
//  Firmware Version: 4.6.0
//  Hardware Version: 2.0.0
// Device settings: 
//  Filter Profile: human(46.1)
//  Option Flags: Orientation Smoother Disabled, Position/Velocity Smoother Disabled, Continuous Zero Rotation Update Disabled, AHS Disabled, ICC Disabled
// Coordinate system: ENU
PacketCounter	Acc_X	Acc_Y	Acc_Z	Gyr_X	Gyr_Y	Gyr_Z	Mat[1][1]	Mat[2][1]	Mat[3][1]	Mat[1][2]	Mat[2][2]	Mat[3][2]	Mat[1][3]	Mat[2][3]	Mat[3][3]
22567	9.704925	-0.609950	-0.980292	-0.003480	-0.000946	0.002032	0.097184	-0.063423	0.993244	-0.005961	-0.997987	-0.063143	0.995249	0.000216	-0.097366
22568	9.703386	-0.600678	-0.979514	-0.001379	0.002922	0.001385	0.097097	-0.063363	0.993256	-0.006037	-0.997991	-0.063075	0.995257	0.000128	-0.097285
22569	9.724360	-0.616960	-0.992298	0.000839	-0.000022	0.003630	0.097181	-0.063473	0.993241	-0.005751	-0.997983	-0.063214	0.995250	0.000431	-0.097350
22570	9.703034	-0.592958	-0.968757	0.005042	0.000938	0.003395	0.096991	-0.063549	0.993254	-0.005480	-0.997978	-0.063316	0.995270	0.000698	-0.097143
22571	9.698096	-0.624158	-0.968672	0.003471	0.003921	0.001724	0.097081	-0.063515	0.993248	-0.005349	-0.997981	-0.063295	0.995262	0.000832	-0.097225
22572	9.705865	-0.604505	-0.958007	0.007318	0.003564	0.003933	0.097073	-0.063602	0.993243	-0.004982	-0.997975	-0.063418	0.995265	0.001208	-0.097193
22573	9.703069	-0.627150	-0.928309	0.004850	0.000998	0.000340	0.096923	-0.063533	0.993262	-0.004885	-0.997979	-0.063358	0.995280	0.001289	-0.097037
22574	9.712335	-0.616473	-0.919009	-0.001832	0.000447	0.000737	0.096930	-0.063545	0.993261	-0.004731	-0.997978	-0.063385	0.995280	0.001445	-0.097035
22575	9.704646	-0.605035	-0.967045	0.003230	-0.002187	-0.000252	0.096946	-0.063468	0.993264	-0.004632	-0.997983	-0.063317	0.995279	0.001537	-0.097044
22576	9.704562	-0.605117	-0.967832	0.002854	-0.004686	0.000323	0.097003	-0.063507	0.993256	-0.004281	-0.997980	-0.063391	0.995275	0.001897	-0.097079
22577	9.698029	-0.593962	-1.006880	-0.002883	-0.002676	-0.000502	0.097033	-0.063365	0.993262	-0.004490	-0.997989	-0.063228	0.995271	0.001675	-0.097122
22578	9.712431	-0.594052	-0.969954	-0.003953	-0.002226	0.002644	0.097206	-0.063265	0.993252	-0.004776	-0.997996	-0.063099	0.995253	0.001390	-0.097313
22579	9.708658	-0.625121	-0.961066	0.003606	0.000312	-0.000828	0.097237	-0.063156	0.993255	-0.004682	-0.998003	-0.062999	0.995250	0.001475	-0.097339
22580	9.698515	-0.576488	-0.977592	0.004503	-0.000916	0.002155	0.097295	-0.063200	0.993247	-0.004353	-0.997999	-0.063076	0.995246	0.001813	-0.097375
22581	9.717854	-0.615215	-0.952030	-0.002285	0.000350	0.003218	0.097208	-0.063152	0.993258	-0.004584	-0.998003	-0.063005	0.995253	0.001571	-0.097304
22582	9.695920	-0.608916	-0.958908	0.003211	-0.000992	0.001005	0.097348	-0.063269	0.993237	-0.003939	-0.997994	-0.063186	0.995243	0.002239	-0.097402
22583	9.703922	-0.597953	-0.959652	0.004994	-0.000831	0.000286	0.097317	-0.063222	0.993243	-0.003766	-0.997997	-0.063155	0.995246	0.002406	-0.097360
22584	9.695595	-0.568317	-0.987196	-0.003442	-0.000956	0.002644	0.097107	-0.063145	0.993269	-0.004195	-0.998002	-0.063036	0.995265	0.001955	-0.097178
22585	9.709689	-0.627948	-0.951792	0.000502	0.001866	0.000628	0.096962	-0.063151	0.993283	-0.003989	-0.998002	-0.063061	0.995280	0.002152	-0.097021
22586	9.701130	-0.589085	-0.968383	0.003047	0.002031	0.002316	0.096720	-0.063139	0.993307	-0.003966	-0.998002	-0.063051	0.995304	0.002159	-0.096777
22587	9.694328	-0.601075	-0.957828	0.001253	0.000088	0.000539	0.096681	-0.063098	0.993313	-0.003836	-0.998005	-0.063023	0.995308	0.002283	-0.096730
22588	9.713771	-0.607404	-0.970140	0.004233	0.001545	0.001004	0.096666	-0.063027	0.993319	-0.003722	-0.998009	-0.062963	0.995310	0.002389	-0.096708
22589	9.701166	-0.590217	-0.967337	0.000569	0.002440	0.002479	0.096527	-0.063021	0.993333	-0.003660	-0.998009	-0.062962	0.995324	0.002442	-0.096565
22590	9.705274	-0.569169	-0.985835	-0.000269	0.004840	0.001975	0.096439	-0.062974	0.993345	-0.003663	-0.998012	-0.062914	0.995332	0.002429	-0.096478
22591	9.708409	-0.589026	-0.985870	-0.004444	0.004467	0.003450	0.096272	-0.062951	0.993362	-0.003867	-0.998014	-0.062871	0.995348	0.002212	-0.096324
22592	9.700668	-0.605570	-0.905555	-0.002062	0.005276	0.003323	0.095919	-0.062904	0.993400	-0.004224	-0.998018	-0.062788	0.995380	0.001826	-0.095995
22593	9.702541	-0.625079	-0.915515	0.004879	0.001582	0.001580	0.095852	-0.062884	0.993407	-0.004015	-0.998019	-0.062788	0.995387	0.002030	-0.095915
22594	9.699892	-0.583688	-0.962322	0.006739	0.001720	0.002083	0.095644	-0.062852	0.993429	-0.003935	-0.998021	-0.062764	0.995408	0.002094	-0.095702
22595	9.718095	-0.590009	-0.984311	-0.005361	0.000114	0.002786	0.095573	-0.062806	0.993439	-0.004199	-0.998024	-0.062692	0.995414	0.001820	-0.095647
22596	9.690642	-0.595812	-0.970495	0.003405	0.005724	0.002998	0.095447	-0.062825	0.993450	-0.003969	-0.998022	-0.062732	0.995427	0.002044	-0.095507
22597	9.715636	-0.586318	-0.912908	0.012871	0.003388	0.004203	0.095270	-0.062901	0.993462	-0.003456	-0.998017	-0.062858	0.995445	0.002555	-0.095299
22598	9.692508	-0.580169	-0.929015	0.007625	-0.001290	0.002570	0.095306	-0.062945	0.993456	-0.002966	-0.998012	-0.062949	0.995444	0.003052	-0.095304
22599	9.714568	-0.597506	-0.932938	0.007439	-0.003846	0.006202	0.095303	-0.063023	0.993451	-0.002780	-0.998007	-0.063046	0.995444	0.003246	-0.095288
22600	9.705841	-0.560003	-0.950985	0.006918	-0.004517	0.006831	0.095138	-0.063103	0.993462	-0.002831	-0.998002	-0.063121	0.995460	0.003192	-0.095126
22601	9.705524	-0.593826	-0.913709	0.006301	-0.003969	0.007496	0.095081	-0.063200	0.993461	-0.002795	-0.997996	-0.063221	0.995466	0.003235	-0.095067
22602	9.696934	-0.597936	-0.904075	0.004785	-0.006589	0.009367	0.095066	-0.063315	0.993455	-0.002914	-0.997989	-0.063325	0.995467	0.003125	-0.095059
22603	9.719819	-0.575509	-0.927893	0.001435	-0.011140	0.008852	0.095395	-0.063435	0.993416	-0.002870	-0.997981	-0.063451	0.995435	0.003202	-0.095385
22604	9.705856	-0.569033	-0.948518	-0.001990	-0.013288	0.010239	0.095644	-0.063574	0.993383	-0.003071	-0.997973	-0.063572	0.995411	0.003029	-0.095646
22605	9.719979	-0.576141	-1.002098	-0.007514	-0.005150	0.010773	0.095925	-0.063745	0.993345	-0.003182	-0.997962	-0.063734	0.995383	0.002953	-0.095933
22606	9.694617	-0.620952	-1.021032	-0.002409	-0.001028	0.009329	0.095664	-0.063837	0.993365	-0.003641	-0.997957	-0.063782	0.995407	0.002484	-0.095701
22607	9.715525	-0.638680	-1.033078	0.002098	0.009821	0.006855	0.095231	-0.063989	0.993396	-0.003317	-0.997947	-0.063965	0.995450	0.002796	-0.095248
22608	9.709832	-0.601794	-1.026752	0.008924	0.023280	0.005527	0.094618	-0.064029	0.993452	-0.003175	-0.997944	-0.064016	0.995509	0.002903	-0.094627
22609	9.693883	-0.611437	-0.920445	0.001890	0.025821	0.004178	0.093957	-0.063982	0.993518	-0.003418	-0.997948	-0.063944	0.995570	0.002612	-0.093983
22610	9.692081	-0.657424	-0.828475	0.015174	0.012175	0.003042	0.093722	-0.063990	0.993540	-0.002858	-0.997946	-0.064005	0.995594	0.003159	-0.093712
22611	9.692358	-0.590348	-0.814793	0.027698	-0.004087	0.006190	0.093881	-0.064025	0.993523	-0.002276	-0.997941	-0.064095	0.995581	0.003756	-0.093833
22612	9.696318	-0.611219	-0.808385	0.014847	-0.016631	0.000548	0.094223	-0.063980	0.993493	-0.001747	-0.997942	-0.064101	0.995550	0.004304	-0.094141
22613	9.704559	-0.660975	-0.806249	0.047857	-0.027609	0.004407	0.094990	-0.063957	0.993422	-0.000669	-0.997938	-0.064184	0.995478	0.005432	-0.094837
22614	9.686911	-0.579567	-0.759122	0.053602	-0.038202	0.004424	0.095789	-0.064040	0.993339	0.000945	-0.997922	-0.064426	0.995401	0.007110	-0.095530
22615	9.671827	-0.632021	-0.789339	0.047513	-0.055826	0.002574	0.097171	-0.064019	0.993207	0.002271	-0.997912	-0.064544	0.995265	0.008528	-0.096823
22616	9.674637	-0.580765	-0.861590	0.039490	-0.068191	0.005878	0.098913	-0.064014	0.993035	0.003091	-0.997904	-0.064636	0.995091	0.009463	-0.098507
22617	9.677195	-0.571409	-0.908313	0.025707	-0.076135	0.010882	0.100933	-0.064193	0.992820	0.003927	-0.997883	-0.064919	0.994885	0.010452	-0.100467
22618	9.687061	-0.533434	-0.937236	0.028399	-0.082186	0.016712	0.102892	-0.064482	0.992600	0.004507	-0.997856	-0.065290	0.994682	0.011192	-0.102380
22619	9.683986	-0.566141	-0.997787	0.016835	-0.088683	0.019788	0.105052	-0.064880	0.992348	0.005005	-0.997822	-0.065768	0.994454	0.011876	-0.104499
22620	9.690769	-0.561121	-1.010903	0.015850	-0.095015	0.025240	0.107459	-0.065422	0.992055	0.005595	-0.997777	-0.066405	0.994194	0.012686	-0.106854
22621	9.696582	-0.603344	-1.085628	0.005095	-0.097125	0.027149	0.109893	-0.066003	0.991750	0.005897	-0.997732	-0.067055	0.993926	0.013218	-0.109254
22622	9.696669	-0.657182	-1.140661	0.003187	-0.097860	0.025415	0.112338	-0.066471	0.991444	0.005794	-0.997699	-0.067547	0.993653	0.013332	-0.111694
22623	9.673997	-0.653868	-1.220183	0.001355	-0.095607	0.028036	0.114606	-0.067023	0.991148	0.005648	-0.997661	-0.068116	0.993395	0.013404	-0.113960
22624	9.708141	-0.481113	-1.342464	-0.031275	-0.095632	0.026687	0.117158	-0.067541	0.990814	0.004930	-0.997633	-0.068589	0.993101	0.012920	-0.116547
22625	9.701607	-0.427389	-1.326231	-0.206006	-0.103528	0.030039	0.119566	-0.068180	0.990482	-0.000264	-0.997641	-0.068641	0.992826	0.007946	-0.119302
22626	9.699124	-0.777354	-1.385766	-0.300547	-0.085092	0.007938	0.121629	-0.068262	0.990226	-0.007762	-0.997667	-0.067822	0.992545	0.000563	-0.121875
22627	9.822964	-0.686324	-1.750436	-0.266501	-0.055375	0.001210	0.123018	-0.068229	0.990056	-0.014055	-0.997654	-0.067006	0.992305	-0.005672	-0.123688
22628	9.790093	-0.602738	-2.029894	-0.239086	-0.001137	0.021021	0.123215	-0.068602	0.990006	-0.020038	-0.997576	-0.066633	0.992178	-0.011628	-0.124291
22629	9.802244	-0.359540	-2.028758	-0.234589	0.019828	0.045291	0.122826	-0.069656	0.989981	-0.025563	-0.997425	-0.067008	0.992099	-0.017076	-0.124290
22630	9.721741	-0.705591	-1.587595	-0.277071	0.046569	0.046924	0.121734	-0.070700	0.990042	-0.032262	-0.997215	-0.067246	0.992038	-0.023755	-0.123676
22631	9.603841	-0.980013	-0.964439	-0.163672	0.070911	0.035799	0.119909	-0.071425	0.990212	-0.036374	-0.997055	-0.067514	0.992118	-0.027922	-0.122154
22632	9.548660	-0.863614	-0.432708	-0.141968	0.036345	0.019834	0.119051	-0.071757	0.990292	-0.039975	-0.996923	-0.067432	0.992083	-0.031559	-0.121553
22633	9.565207	-0.797121	-0.382578	-0.205548	-0.023323	-0.004038	0.119773	-0.071542	0.990220	-0.044950	-0.996768	-0.066578	0.991783	-0.036537	-0.122602
22634	9.594797	-0.809603	-0.563631	-0.223016	-0.077915	-0.021956	0.121618	-0.070994	0.990035	-0.050386	-0.996594	-0.065275	0.991297	-0.041945	-0.124781
22635	9.567675	-0.723448	-0.689727	-0.198989	-0.119945	-0.030759	0.124632	-0.070223	0.989715	-0.055469	-0.996425	-0.063714	0.990651	-0.046958	-0.128082
22636	9.595730	-0.658357	-0.805260	-0.154425	-0.157875	-0.040402	0.128571	-0.069287	0.989277	-0.059192	-0.996314	-0.062087	0.989932	-0.050575	-0.132199
22637	9.607898	-0.598197	-0.896761	-0.103313	-0.191470	-0.040631	0.133449	-0.068421	0.988691	-0.061382	-0.996269	-0.060661	0.989153	-0.052592	-0.137151
22638	9.546914	-0.539145	-1.071862	-0.073384	-0.214923	-0.042492	0.139061	-0.067506	0.987980	-0.062677	-0.996274	-0.059251	0.988298	-0.053684	-0.142774
22639	9.639577	-0.425928	-1.728722	-0.085187	-0.214456	-0.035407	0.144526	-0.066775	0.987245	-0.064522	-0.996233	-0.057937	0.987395	-0.055326	-0.148290
22640	9.800936	-0.262588	-2.484356	-0.001818	-0.142266	-0.000717	0.148037	-0.066823	0.986722	-0.064599	-0.996237	-0.057776	0.986870	-0.055188	-0.151796
22641	9.756477	-0.158349	-2.628949	0.052027	-0.048222	0.031512	0.149406	-0.067528	0.986467	-0.063080	-0.996284	-0.058646	0.986762	-0.053464	-0.153111
22642	9.779498	-0.214633	-2.527417	0.132539	0.045164	0.057618	0.148328	-0.068737	0.986547	-0.059861	-0.996376	-0.060422	0.987125	-0.050094	-0.151905
22643	9.671438	-0.383964	-2.051161	0.202154	0.120421	0.083499	0.145322	-0.070518	0.986868	-0.055016	-0.996489	-0.063104	0.987854	-0.045124	-0.148692
22644	9.622986	-0.478734	-1.295963	0.241786	0.146661	0.096244	0.141688	-0.072602	0.987245	-0.049253	-0.996589	-0.066220	0.988685	-0.039243	-0.144780
22645	9.577007	-0.562698	-0.740723	0.202386	0.116232	0.091140	0.138792	-0.074591	0.987508	-0.044501	-0.996622	-0.069025	0.989321	-0.034365	-0.141643
22646	9.512337	-0.529067	-0.693296	0.082967	0.047956	0.088345	0.137716	-0.076559	0.987508	-0.042473	-0.996548	-0.071337	0.989561	-0.032118	-0.140493
22647	9.613461	-0.696194	-0.947538	-0.071050	-0.016817	0.079314	0.138013	-0.078419	0.987321	-0.044506	-0.996345	-0.072914	0.989430	-0.033878	-0.140999
22648	9.653891	-0.829180	-1.372940	-0.153938	-0.053084	0.071364	0.139492	-0.080035	0.986983	-0.048203	-0.996095	-0.073961	0.989049	-0.037259	-0.142806
22649	9.759120	-0.843585	-1.657484	-0.197843	-0.056170	0.058155	0.140915	-0.081389	0.986671	-0.053058	-0.995804	-0.074564	0.988599	-0.041844	-0.144642
22650	9.705522	-0.894024	-1.659882	-0.256512	-0.039081	0.039829	0.141910	-0.082257	0.986456	-0.059361	-0.995455	-0.074468	0.988098	-0.047989	-0.146148
22651	9.661030	-0.972645	-1.386151	-0.281078	-0.027314	0.028295	0.142569	-0.082858	0.986311	-0.066369	-0.995047	-0.073998	0.987557	-0.054910	-0.147362
22652	9.622773	-0.887899	-0.987525	-0.273295	-0.044505	0.004431	0.143523	-0.082897	0.986169	-0.073405	-0.994632	-0.072926	0.986921	-0.061923	-0.148838
22653	9.549612	-0.909812	-0.730278	-0.207843	-0.090271	-0.008201	0.145823	-0.082656	0.985852	-0.078518	-0.994327	-0.071753	0.986190	-0.066944	-0.151485
22654	9.532548	-0.695545	-0.845165	-0.159270	-0.152133	-0.008346	0.149729	-0.082547	0.985275	-0.082144	-0.994102	-0.070803	0.985309	-0.070333	-0.155627
22655	9.526181	-0.716500	-1.113895	-0.158666	-0.208593	-0.011027	0.155014	-0.082505	0.984461	-0.085716	-0.993872	-0.069797	0.984187	-0.073565	-0.161136
22656	9.584396	-0.786140	-1.391493	-0.124336	-0.232315	-0.016987	0.161032	-0.082298	0.983512	-0.088230	-0.993728	-0.068707	0.982998	-0.075711	-0.167283
22657	9.613521	-0.621133	-1.726383	-0.068675	-0.231799	-0.013431	0.166921	-0.082232	0.982535	-0.089373	-0.993675	-0.067981	0.981911	-0.076465	-0.173215
22658	9.590226	-0.633550	-1.871201	-0.029861	-0.218330	-0.009357	0.172255	-0.082298	0.981608	-0.090017	-0.993649	-0.067511	0.980931	-0.076733	-0.178570
22659	9.596683	-0.761678	-1.781655	0.031050	-0.204458	-0.006238	0.177475	-0.082362	0.980673	-0.088753	-0.993771	-0.067400	0.980115	-0.075076	-0.183679
22660	9.552309	-0.735272	-1.467427	0.050562	-0.212739	-0.001414	0.182794	-0.082563	0.979678	-0.087136	-0.993907	-0.067503	0.979282	-0.073026	-0.188874
22661	9.503101	-0.691480	-1.335488	0.039983	-0.248627	-0.002370	0.189068	-0.082720	0.978474	-0.086020	-0.994010	-0.067412	0.978189	-0.071423	-0.195051
22662	9.511441	-0.746361	-1.601545	0.011791	-0.286692	-0.007777	0.196380	-0.082731	0.977032	-0.085128	-0.994110	-0.067067	0.976826	-0.070003	-0.202266
22663	9.532704	-0.689757	-2.184590	0.023979	-0.281611	0.000453	0.203371	-0.083006	0.975577	-0.084072	-0.994200	-0.067065	0.975486	-0.068380	-0.209170
22664	9.632611	-0.432525	-2.735126	0.058706	-0.236449	0.013961	0.209226	-0.083521	0.974294	-0.082273	-0.994317	-0.067569	0.974400	-0.066021	-0.214908
22665	9.664886	-0.239237	-3.247621	-0.042689	-0.183461	0.028772	0.213810	-0.084291	0.973232	-0.082776	-0.994251	-0.067926	0.973362	-0.066037	-0.219558
22666	9.648787	-0.493166	-3.517045	-0.107398	-0.097021	0.043843	0.216123	-0.085391	0.972625	-0.085432	-0.994001	-0.068284	0.972621	-0.068336	-0.222121
22667	9.597753	-0.577525	-3.255520	-0.064062	-0.004448	0.051110	0.216124	-0.086517	0.972525	-0.087132	-0.993801	-0.069047	0.972470	-0.069816	-0.222323
22668	9.596544	-0.657527	-2.690918	-0.057482	0.056176	0.047453	0.214752	-0.087407	0.972750	-0.088447	-0.993635	-0.069757	0.972656	-0.071057	-0.221116
22669	9.490511	-0.904603	-1.849352	-0.034328	0.075946	0.035102	0.212873	-0.087985	0.973110	-0.089233	-0.993526	-0.070311	0.972997	-0.071866	-0.219346
22670	9.422447	-1.094186	-1.194920	-0.000785	0.039291	0.010490	0.212002	-0.087984	0.973301	-0.088989	-0.993539	-0.070430	0.973209	-0.071682	-0.218462
22671	9.407727	-0.942669	-0.978052	-0.023062	-0.041557	-0.009748	0.213066	-0.087675	0.973096	-0.089302	-0.993544	-0.069964	0.972948	-0.071993	-0.219520
22672	9.444368	-0.850390	-1.129375	-0.075717	-0.134160	-0.032308	0.216441	-0.086970	0.972414	-0.090825	-0.993499	-0.068640	0.972062	-0.073463	-0.222933
22673	9.473861	-0.900099	-1.594662	-0.125464	-0.195804	-0.054089	0.221337	-0.085868	0.971410	-0.093482	-0.993397	-0.066512	0.970706	-0.076087	-0.227903
22674	9.586862	-0.759557	-2.259363	-0.115226	-0.206333	-0.061769	0.226491	-0.084614	0.970331	-0.095837	-0.993321	-0.064249	0.969287	-0.078442	-0.233088
22675	9.480986	-0.383534	-2.680296	-0.118967	-0.191498	-0.058305	0.231282	-0.083434	0.969302	-0.098323	-0.993219	-0.062032	0.967906	-0.080958	-0.237917
22676	9.514704	-0.449089	-2.597673	-0.143759	-0.178645	-0.056035	0.235724	-0.082315	0.968328	-0.101457	-0.993046	-0.059718	0.966509	-0.084166	-0.242436
22677	9.462162	-0.620022	-1.913885	-0.109993	-0.192668	-0.046108	0.240514	-0.081452	0.967222	-0.103738	-0.992923	-0.057820	0.965086	-0.086431	-0.247262
22678	9.339013	-0.504535	-1.348024	-0.125554	-0.266372	-0.052932	0.247077	-0.080605	0.965638	-0.106387	-0.992766	-0.055648	0.963138	-0.088982	-0.253865
22679	9.310790	-0.513543	-1.239478	-0.237311	-0.376720	-0.061399	0.256299	-0.079835	0.963295	-0.111675	-0.992355	-0.052531	0.960125	-0.094112	-0.263255
22680	9.362189	-0.572261	-1.684376	-0.267007	-0.467988	-0.075096	0.267705	-0.079017	0.960255	-0.117591	-0.991861	-0.048835	0.956298	-0.099844	-0.274818
22681	9.424395	-0.339205	-2.613039	-0.301053	-0.503800	-0.076968	0.279952	-0.078297	0.956816	-0.124213	-0.991245	-0.044771	0.951944	-0.106316	-0.287226
22682	9.698006	-0.479845	-3.657583	-0.312314	-0.465932	-0.084906	0.291265	-0.077379	0.953508	-0.131029	-0.990557	-0.040360	0.947627	-0.113182	-0.298653
22683	9.616651	-0.071745	-4.389776	-0.267139	-0.358849	-0.068739	0.299967	-0.076623	0.950867	-0.136837	-0.989917	-0.036602	0.944084	-0.119135	-0.307427
22684	9.460227	0.141977	-4.253289	-0.331427	-0.277005	-0.044241	0.306638	-0.076282	0.948764	-0.144308	-0.988987	-0.032876	0.940823	-0.126833	-0.314269
22685	9.431894	-0.073700	-3.466848	-0.365813	-0.231575	-0.036847	0.312206	-0.076028	0.946967	-0.152604	-0.987862	-0.028999	0.937678	-0.135457	-0.320018
22686	9.356218	-0.197113	-2.605098	-0.389394	-0.251618	-0.039802	0.318244	-0.075824	0.944972	-0.161393	-0.986578	-0.024809	0.934170	-0.144617	-0.326210
22687	9.402804	-0.171259	-2.230335	-0.433209	-0.313401	-0.048211	0.325742	-0.075702	0.942423	-0.171085	-0.985053	-0.019992	0.929851	-0.154722	-0.333824
22688	9.488740	0.044099	-2.420168	-0.546119	-0.384606	-0.053641	0.334887	-0.075823	0.939202	-0.183284	-0.982960	-0.014003	0.924261	-0.167451	-0.343078
22689	9.558199	0.395779	-2.660304	-0.617298	-0.431622	-0.068470	0.345145	-0.075916	0.935474	-0.196894	-0.980400	-0.006917	0.917664	-0.181802	-0.353327
22690	9.238498	0.011107	-3.112729	-0.627767	-0.469312	-0.088888	0.356316	-0.075839	0.931282	-0.210430	-0.977609	0.000900	0.910361	-0.196290	-0.364297
22691	9.254335	-0.111786	-3.520450	-0.567574	-0.471841	-0.105724	0.367580	-0.075531	0.926920	-0.222307	-0.974938	0.008715	0.903031	-0.209264	-0.375158
22692	9.163774	0.054562	-3.670691	-0.541130	-0.483003	-0.108843	0.379055	-0.075364	0.922300	-0.233426	-0.972235	0.016491	0.895450	-0.221540	-0.386122
22693	9.390426	0.116258	-3.612493	-0.451805	-0.438882	-0.112459	0.389508	-0.075003	0.917964	-0.242390	-0.969892	0.023605	0.888555	-0.231700	-0.395960
22694	8.703333	0.141969	-4.170888	-0.408998	-0.499534	-0.145600	0.401452	-0.074309	0.912861	-0.249967	-0.967753	0.031151	0.881109	-0.240690	-0.407081
22695	9.053677	-0.008741	-4.180076	-0.253497	-0.436624	-0.119096	0.411786	-0.073971	0.908273	-0.254291	-0.966436	0.036581	0.875082	-0.246029	-0.416775
22696	8.948936	0.577125	-4.142512	-0.310757	-0.441643	-0.097564	0.422037	-0.074259	0.903532	-0.260021	-0.964682	0.042170	0.868489	-0.252734	-0.426441
22697	9.078880	0.498281	-4.169744	-0.349455	-0.431285	-0.105795	0.432061	-0.074364	0.898773	-0.266419	-0.962640	0.048425	0.861594	-0.260373	-0.435731
22698	9.118705	0.126037	-3.949719	-0.148712	-0.411251	-0.112238	0.441641	-0.074242	0.894115	-0.268355	-0.961878	0.052683	0.856118	-0.263208	-0.444729
22699	8.724894	0.824249	-3.964043	0.021134	-0.428700	-0.117646	0.451578	-0.074117	0.889148	-0.266562	-0.962237	0.055172	0.851482	-0.261928	-0.454282
22700	8.898120	1.195405	-4.155704	-0.109041	-0.462455	-0.112733	0.462139	-0.074330	0.883687	-0.267554	-0.961733	0.059028	0.845483	-0.263712	-0.464342
22701	8.903227	1.323853	-4.102010	-0.203952	-0.486216	-0.103054	0.473068	-0.074960	0.877831	-0.270598	-0.960576	0.063801	0.838441	-0.267721	-0.474701
22702	8.902172	1.093470	-3.839902	-0.273880	-0.529210	-0.092834	0.484741	-0.076177	0.871334	-0.275144	-0.958907	0.069235	0.830254	-0.273303	-0.485782
22703	8.627551	0.750714	-3.715080	-0.260326	-0.593932	-0.091972	0.497641	-0.077928	0.863875	-0.279324	-0.957298	0.074551	0.821177	-0.278400	-0.498159
22704	8.753670	0.584721	-3.645119	-0.191008	-0.658951	-0.085970	0.511695	-0.080340	0.855403	-0.282069	-0.956142	0.078930	0.811545	-0.281670	-0.511914
22705	8.394781	0.755866	-3.586309	-0.159498	-0.749560	-0.078228	0.527355	-0.083623	0.845520	-0.284195	-0.955186	0.082785	0.800705	-0.283950	-0.527487
22706	8.491847	0.499403	-3.626681	-0.132668	-0.852114	-0.069765	0.544778	-0.087869	0.833964	-0.285819	-0.954403	0.086149	0.788368	-0.285295	-0.545053
22707	8.579315	1.003563	-3.662349	-0.093021	-0.959921	-0.060497	0.563962	-0.093121	0.820534	-0.286719	-0.953889	0.088810	0.774428	-0.285348	-0.564657
22708	8.688082	1.942351	-3.240173	-0.157959	-1.109639	-0.029777	0.585422	-0.100183	0.804515	-0.289229	-0.952847	0.091810	0.757382	-0.286437	-0.586793
22709	8.980876	2.338920	-2.578428	-0.402590	-1.321478	-0.003121	0.610094	-0.109490	0.784728	-0.296582	-0.949962	0.098036	0.734728	-0.292547	-0.612039
22710	9.659625	2.258348	-1.962528	-0.570723	-1.571634	0.016936	0.638275	-0.121351	0.760184	-0.306987	-0.945703	0.106790	0.705949	-0.301528	-0.640871
22711	10.719720	2.184377	-2.117446	-0.613870	-1.824909	0.049572	0.669317	-0.136228	0.730381	-0.318198	-0.940888	0.116104	0.671390	-0.310116	-0.673100
22712	11.625529	2.036698	-3.776889	-0.634642	-1.991727	0.082666	0.701119	-0.153521	0.696322	-0.329757	-0.935655	0.125741	0.632213	-0.317776	-0.706629
22713	11.943680	1.918381	-5.919677	-0.739533	-2.042760	0.090519	0.731575	-0.171781	0.659764	-0.342448	-0.929385	0.137740	0.589514	-0.326702	-0.738741
22714	10.830136	1.795397	-7.728796	-0.732689	-1.909289	0.091590	0.757944	-0.189367	0.624229	-0.354327	-0.922975	0.150232	0.547699	-0.335048	-0.766661
22715	8.929221	0.389402	-8.998710	-0.536374	-1.391860	0.016216	0.776338	-0.201155	0.597357	-0.361519	-0.918435	0.160563	0.516336	-0.340608	-0.785738
22716	5.986727	-1.308122	-9.617010	-0.046492	-0.752698	-0.136458	0.787166	-0.204081	0.581998	-0.359206	-0.918798	0.163652	0.501340	-0.337878	-0.796553
22717	2.972161	-1.010351	-10.759284	1.052670	-0.372386	-0.245975	0.794008	-0.201150	0.573664	-0.340925	-0.928644	0.146253	0.503311	-0.311702	-0.805928
22718	4.450046	1.448996	-9.129226	1.016721	-0.155003	-0.281411	0.798305	-0.195525	0.569631	-0.322305	-0.937691	0.129830	0.508752	-0.287238	-0.811582
22719	5.374637	1.751780	-7.841418	0.292159	0.455421	-0.352574	0.795241	-0.183787	0.577767	-0.311372	-0.941479	0.129091	0.520230	-0.282559	-0.805929
22720	6.229959	1.469393	-7.271364	0.371095	1.526404	-0.468280	0.778317	-0.161775	0.606672	-0.297026	-0.946148	0.128764	0.553171	-0.280416	-0.784455
22721	5.771599	2.959174	-7.526636	0.421961	2.291353	-0.531102	0.749104	-0.132930	0.648979	-0.280642	-0.951087	0.129129	0.600070	-0.278862	-0.749768
22722	4.676788	4.013981	-7.811231	-0.630975	2.915146	-0.368116	0.706161	-0.102755	0.700556	-0.283627	-0.947615	0.146904	0.648763	-0.302434	-0.698313
22723	5.531625	2.639223	-8.220472	-1.263830	3.204760	-0.187100	0.653689	-0.072352	0.753296	-0.301483	-0.937915	0.171534	0.694117	-0.339235	-0.634918
22724	6.240272	2.164276	-7.870198	-1.279540	3.340225	-0.028936	0.594136	-0.041618	0.803287	-0.323739	-0.926576	0.191442	0.736339	-0.373798	-0.563986
22725	6.409699	0.893549	-7.427829	-0.605856	3.488843	0.140547	0.526772	-0.011276	0.849932	-0.337029	-0.920724	0.196670	0.780335	-0.390052	-0.488812
22726	6.944184	1.281894	-6.692524	0.108746	3.381481	0.277368	0.456603	0.015436	0.889537	-0.338116	-0.921818	0.189552	0.822916	-0.387316	-0.415686
22727	7.720262	1.109482	-5.994916	0.144580	3.004392	0.325764	0.390744	0.037025	0.919754	-0.338410	-0.923438	0.180942	0.856036	-0.381956	-0.348299
22728	8.033693	0.560693	-5.489914	0.271218	2.716395	0.439385	0.327953	0.052672	0.943225	-0.336363	-0.926501	0.168689	0.882783	-0.372588	-0.286131
22729	8.028619	0.822143	-5.064209	0.130003	2.373762	0.553967	0.270303	0.061906	0.960783	-0.337536	-0.928499	0.154787	0.901668	-0.366138	-0.230081
22730	7.612136	0.930106	-4.111498	-0.463277	1.839344	0.647575	0.223069	0.064057	0.972696	-0.351970	-0.925231	0.141649	0.909042	-0.373957	-0.183845
22731	7.165766	0.353168	-3.638986	-0.817044	1.304791	0.744192	0.186662	0.059504	0.980621	-0.374313	-0.918566	0.126989	0.908321	-0.390763	-0.149188
22732	6.573025	-0.104701	-3.937331	-0.787253	0.773665	0.788764	0.161542	0.049292	0.985634	-0.395570	-0.911773	0.110431	0.904117	-0.407727	-0.127791
22733	5.679711	-0.125918	-4.641816	-0.611151	0.189154	0.812737	0.149079	0.032879	0.988279	-0.412509	-0.906258	0.092376	0.898672	-0.421445	-0.121541
22734	5.370797	-0.147010	-5.507037	-0.473897	-0.169121	0.786735	0.144636	0.013373	0.989395	-0.426046	-0.901632	0.074469	0.893065	-0.432298	-0.124711
22735	5.876426	-0.599739	-4.745478	-0.494732	-0.119539	0.677394	0.139991	-0.003101	0.990148	-0.439526	-0.896268	0.059335	0.887254	-0.443502	-0.126833
22736	12.812880	-1.832749	0.612228	0.279190	0.405782	0.023057	0.130746	0.000889	0.991416	-0.433484	-0.899295	0.057974	0.891626	-0.437343	-0.117193
22737	20.102995	-3.525748	3.756696	2.089674	0.327190	-0.581523	0.129326	0.017535	0.991447	-0.384526	-0.920720	0.066443	0.914010	-0.389830	-0.112331
22738	11.970315	7.338432	-2.006950	3.458813	-0.491087	-0.010567	0.140814	0.013501	0.989944	-0.304333	-0.950903	0.056258	0.942100	-0.309194	-0.129792
22739	4.105872	6.148263	-3.595584	0.619406	-0.537621	0.269642	0.151489	0.003080	0.988454	-0.290773	-0.955610	0.047541	0.944723	-0.294617	-0.143869
22740	9.960064	0.204133	-3.596797	-0.975377	-0.517974	-0.028976	0.163896	-0.000091	0.986478	-0.313579	-0.948137	0.052011	0.935311	-0.317863	-0.155424
22741	11.585903	-0.780413	-2.787071	-0.099938	-0.166323	0.100454	0.167010	-0.003699	0.985948	-0.316335	-0.947327	0.050030	0.933831	-0.320246	-0.159383
22742	8.997671	0.269480	-2.355638	0.193769	-0.128513	0.230729	0.168216	-0.010105	0.985698	-0.312801	-0.948815	0.043655	0.934804	-0.315671	-0.162766
22743	9.782868	0.259564	-2.034207	0.233436	-0.094200	0.121104	0.169499	-0.013635	0.985436	-0.307882	-0.950592	0.039804	0.936204	-0.310145	-0.165322
22744	9.973280	0.396761	-2.078772	0.415871	-0.060849	0.160012	0.169731	-0.017829	0.985329	-0.298844	-0.953688	0.034222	0.939087	-0.300268	-0.167198
22745	9.587760	0.939191	-2.209682	0.249806	-0.100926	0.195542	0.170672	-0.023166	0.985056	-0.293840	-0.955431	0.028442	0.940494	-0.294303	-0.169872
22746	9.721698	0.685664	-2.340955	0.074427	-0.103944	0.172153	0.171874	-0.027958	0.984722	-0.292853	-0.955857	0.023977	0.940583	-0.292500	-0.172475
22747	9.860957	0.365353	-2.464984	0.033178	-0.084428	0.168633	0.172647	-0.032518	0.984447	-0.292821	-0.955963	0.019776	0.940451	-0.291681	-0.174566
22748	9.732052	0.391302	-2.396966	0.033976	-0.055313	0.183965	0.172625	-0.037231	0.984284	-0.292839	-0.956041	0.015195	0.940450	-0.290859	-0.175939
22749	9.713137	0.079650	-2.089852	-0.093946	-0.037775	0.166353	0.172314	-0.041395	0.984172	-0.295784	-0.955184	0.011612	0.939585	-0.293104	-0.176835
22750	9.635320	-0.180032	-1.605518	-0.024858	0.014971	0.170849	0.170722	-0.045278	0.984278	-0.297123	-0.954809	0.007613	0.939453	-0.293752	-0.176460
22751	9.547790	0.048753	-1.068012	0.035404	0.016212	0.167738	0.169121	-0.049080	0.984373	-0.297029	-0.954862	0.003423	0.939772	-0.292966	-0.176065
22752	9.542247	-0.448032	-0.937028	-0.064017	-0.065766	0.132024	0.169706	-0.052628	0.984089	-0.299116	-0.954217	0.000552	0.939005	-0.294450	-0.177678
22753	9.645865	-0.749868	-1.397902	0.105551	-0.081752	0.115653	0.170785	-0.055904	0.983721	-0.297157	-0.954825	-0.002672	0.939431	-0.291863	-0.179682
22754	9.600247	-0.227292	-1.616942	0.115568	-0.092205	0.105905	0.172186	-0.059025	0.983294	-0.294931	-0.955502	-0.005711	0.939876	-0.289020	-0.181933
22755	9.582376	0.117761	-1.986114	-0.011963	-0.086386	0.098768	0.173505	-0.061932	0.982884	-0.295675	-0.955255	-0.007997	0.939400	-0.289227	-0.184053
22756	9.602417	0.007484	-2.035652	-0.113560	-0.089099	0.086600	0.174971	-0.064568	0.982454	-0.298752	-0.954283	-0.009510	0.938154	-0.291846	-0.186262
22757	9.594918	-0.336558	-1.902520	-0.108581	-0.081876	0.086862	0.176259	-0.067161	0.982050	-0.301711	-0.953335	-0.011046	0.936965	-0.294349	-0.188297
22758	9.559849	-0.289613	-1.701187	-0.003169	-0.094693	0.078656	0.177902	-0.069656	0.981580	-0.302170	-0.953167	-0.012875	0.936507	-0.294313	-0.190618
22759	9.616451	-0.234079	-1.552368	0.005674	-0.122271	0.082597	0.180159	-0.072448	0.980966	-0.302443	-0.953052	-0.014842	0.935987	-0.294013	-0.193612
22760	9.514818	0.050550	-1.700950	-0.101075	-0.120603	0.080871	0.182382	-0.075189	0.980349	-0.305210	-0.952146	-0.016245	0.934657	-0.296250	-0.196603
22761	9.580105	-0.422497	-1.779175	-0.251673	-0.155492	0.075709	0.185446	-0.078075	0.979548	-0.311464	-0.950110	-0.016763	0.931987	-0.301985	-0.200511
22762	9.626627	-0.501766	-2.008742	-0.176371	-0.143340	0.062689	0.188308	-0.080576	0.978799	-0.315897	-0.948635	-0.017319	0.929919	-0.305938	-0.204090
22763	9.620942	-0.149611	-2.426176	-0.151284	-0.110430	0.051687	0.190480	-0.082578	0.978212	-0.319694	-0.947355	-0.017721	0.928177	-0.309353	-0.206852
22764	9.674379	-0.052720	-2.654390	-0.252936	-0.098363	0.036415	0.192485	-0.084135	0.977687	-0.325769	-0.945293	-0.017211	0.925648	-0.315187	-0.209363
22765	9.712300	-0.526968	-2.539057	-0.255570	-0.064370	0.019053	0.193837	-0.085025	0.977342	-0.331805	-0.943208	-0.016248	0.923219	-0.321138	-0.211040
22766	9.675270	-0.607854	-1.813464	-0.099676	-0.047326	0.009538	0.194870	-0.085563	0.977090	-0.334194	-0.942371	-0.015871	0.922139	-0.323445	-0.212234
22767	9.443564	-0.318169	-0.808870	-0.086367	-0.109839	0.000818	0.197413	-0.086408	0.976505	-0.336235	-0.941653	-0.015350	0.920855	-0.325305	-0.214948
22768	9.254105	-0.768676	0.152127	-0.164637	-0.263817	-0.043068	0.203858	-0.087484	0.975084	-0.339849	-0.940386	-0.013320	0.918120	-0.328665	-0.221437
22769	9.309888	-1.194509	0.453026	-0.108499	-0.448718	-0.100892	0.215011	-0.088743	0.972571	-0.341851	-0.939699	-0.010169	0.914827	-0.330288	-0.232383
22770	9.626320	-0.510412	-0.033056	-0.001296	-0.611998	-0.148606	0.230256	-0.090233	0.968938	-0.341103	-0.940004	-0.006480	0.911390	-0.329015	-0.247220
22771	9.574716	-0.050097	-1.060683	-0.148128	-0.759903	-0.185461	0.249102	-0.092080	0.964090	-0.343401	-0.939188	-0.000974	0.905552	-0.330827	-0.265574
22772	9.405096	-0.220029	-1.701248	-0.394357	-0.883075	-0.218538	0.270889	-0.094274	0.957983	-0.350903	-0.936385	0.007076	0.896374	-0.338076	-0.286737
22773	9.612589	-0.534223	-2.096780	-0.453082	-0.958819	-0.274498	0.294681	-0.095997	0.950762	-0.359091	-0.933146	0.017079	0.885560	-0.346443	-0.309452
22774	9.846161	0.175489	-2.819485	-0.467867	-1.002899	-0.308426	0.319531	-0.097547	0.942542	-0.367051	-0.929773	0.028208	0.873598	-0.354974	-0.332896
22775	10.229729	0.871688	-3.115717	-0.611418	-1.037416	-0.338802	0.345153	-0.098988	0.933312	-0.377516	-0.925073	0.041497	0.859274	-0.366663	-0.356661
22776	10.147725	1.841176	-2.272917	-0.725424	-1.094519	-0.375715	0.372039	-0.100484	0.922762	-0.389604	-0.919218	0.056982	0.842494	-0.380712	-0.381134
22777	9.795396	1.174413	-1.932547	-0.802362	-1.278088	-0.435358	0.402947	-0.102838	0.909427	-0.402085	-0.912528	0.074966	0.822169	-0.395874	-0.409050
22778	9.472397	0.426168	-2.297627	-0.737756	-1.381665	-0.441149	0.435464	-0.106613	0.893871	-0.412408	-0.906258	0.092821	0.800181	-0.409060	-0.438611
22779	9.507408	0.378394	-3.017067	-0.630122	-1.403131	-0.405596	0.467366	-0.111884	0.876955	-0.420240	-0.900839	0.109033	0.777796	-0.419490	-0.468040
22780	9.308818	1.406431	-3.018518	-0.726386	-1.481793	-0.396311	0.499917	-0.118657	0.857907	-0.429319	-0.894252	0.126488	0.752176	-0.431549	-0.497993
22781	9.671126	1.276113	-2.278532	-0.799088	-1.605491	-0.441712	0.534312	-0.126295	0.835799	-0.438308	-0.886856	0.146193	0.722770	-0.444450	-0.529214
22782	10.198738	0.907758	-1.991688	-0.498808	-1.748978	-0.504235	0.570809	-0.134570	0.809980	-0.440123	-0.882932	0.163473	0.693158	-0.449803	-0.563213
22783	10.837253	0.968378	-2.130407	-0.371590	-1.929132	-0.527018	0.609247	-0.144552	0.779694	-0.438578	-0.880596	0.179443	0.660656	-0.451282	-0.599898
22784	11.014222	0.702786	-3.656541	-0.279683	-2.008061	-0.539859	0.647438	-0.155155	0.746157	-0.434526	-0.879483	0.194158	0.626108	-0.449930	-0.636829
22785	11.115322	0.369021	-5.605321	-0.280963	-1.997201	-0.532675	0.683546	-0.165727	0.710844	-0.429862	-0.878481	0.208544	0.589901	-0.448114	-0.671722
22786	10.461191	0.443947	-7.316024	-0.241823	-1.889797	-0.577846	0.716724	-0.174014	0.675297	-0.423143	-0.878245	0.222791	0.554307	-0.445427	-0.703092
22787	8.920387	0.523711	-8.059136	0.104994	-1.554898	-0.601251	0.743987	-0.177809	0.644102	-0.410699	-0.882052	0.230892	0.527076	-0.436312	-0.729261
22788	6.844530	0.471208	-8.734787	0.519814	-0.891269	-0.616354	0.761758	-0.173615	0.624165	-0.392297	-0.890328	0.231127	0.515585	-0.420920	-0.746323
22789	4.340717	0.714291	-8.705800	0.684018	-0.394098	-0.553981	0.772093	-0.165222	0.613656	-0.372865	-0.899718	0.226890	0.514630	-0.403991	-0.756272
22790	3.741225	0.621966	-8.847070	1.449248	-0.025438	-0.544604	0.777257	-0.153075	0.610278	-0.343462	-0.915912	0.207701	0.527167	-0.371045	-0.764474
22791	4.730331	1.641965	-7.298996	1.348310	0.398650	-0.669377	0.777350	-0.134068	0.614616	-0.312407	-0.930303	0.192193	0.546012	-0.341412	-0.765054
22792	6.688938	1.467509	-6.615479	1.296924	1.117269	-0.873820	0.768053	-0.104433	0.631813	-0.277359	-0.943522	0.181211	0.577206	-0.314419	-0.753641
22793	6.503843	1.409264	-6.422467	1.347026	1.899410	-1.062877	0.746357	-0.064912	0.662373	-0.237086	-0.955875	0.173472	0.621885	-0.286512	-0.728814
22794	6.362434	2.074746	-6.952958	1.717992	2.643624	-1.085711	0.709068	-0.021099	0.704824	-0.189424	-0.968511	0.161572	0.679221	-0.248076	-0.690737
22795	5.807605	3.109981	-7.476005	1.214242	3.170150	-1.006654	0.657067	0.021899	0.753514	-0.150746	-0.975571	0.159804	0.738606	-0.218591	-0.637714
22796	6.238726	2.263507	-7.527109	0.580972	3.457856	-0.889321	0.593755	0.061808	0.802269	-0.125734	-0.977671	0.168376	0.794762	-0.200846	-0.572726
22797	7.125913	2.148529	-7.162390	0.531468	3.684646	-0.675966	0.519941	0.095985	0.848792	-0.105441	-0.978856	0.175282	0.847670	-0.180634	-0.498826
22798	7.657336	2.104305	-6.663792	0.686619	3.820005	-0.426232	0.437610	0.122455	0.890787	-0.085412	-0.980542	0.176753	0.895099	-0.153433	-0.418636
22799	8.175727	2.797188	-6.716472	0.580145	3.718751	-0.206116	0.352905	0.140627	0.925031	-0.070155	-0.981881	0.176034	0.933025	-0.127019	-0.336645
22800	7.787250	1.891876	-4.869070	-0.011505	3.524958	0.056768	0.269260	0.149962	0.951320	-0.070910	-0.982034	0.174874	0.960453	-0.114545	-0.253789
22801	8.523192	0.290150	-3.449273	0.199708	3.366734	0.257859	0.187045	0.152613	0.970424	-0.067577	-0.983520	0.167698	0.980024	-0.096945	-0.173649
22802	9.505590	1.209029	-3.283603	0.004643	3.125645	0.371519	0.109285	0.150658	0.982527	-0.068903	-0.984921	0.158689	0.991619	-0.085041	-0.097256
22803	9.484768	1.369215	-2.932315	-1.088986	2.724465	0.560204	0.040406	0.143308	0.988853	-0.097072	-0.984417	0.146632	0.994457	-0.101915	-0.025865
22804	8.316877	0.606039	-2.311678	-1.557202	2.294853	0.851293	-0.019080	0.129173	0.991439	-0.136030	-0.982734	0.125421	0.990521	-0.132472	0.036322
22805	8.162112	-0.008912	-1.845361	-1.578750	1.687434	1.042267	-0.064784	0.109976	0.991821	-0.173974	-0.979932	0.097294	0.982617	-0.166248	0.082617
22806	8.111728	-0.276305	-1.821043	-1.711068	0.869467	1.115476	-0.091468	0.086838	0.992015	-0.213722	-0.974688	0.065615	0.972603	-0.206014	0.107712
22807	7.652765	-0.804058	-1.707862	-1.645663	0.264694	1.097364	-0.104260	0.061758	0.992631	-0.250959	-0.967406	0.033830	0.962367	-0.245582	0.116361
22808	7.597341	-1.243529	-1.367262	-1.325653	-0.224776	0.893738	-0.104820	0.038819	0.993733	-0.280509	-0.959819	0.007905	0.954111	-0.277923	0.111497
22809	9.275389	-2.919647	-0.096353	-0.369405	-0.653915	0.377677	-0.091920	0.025201	0.995447	-0.288530	-0.957468	-0.002403	0.953048	-0.287437	0.095282
22810	12.215316	-2.539634	2.613669	2.215665	-0.273384	-0.245248	-0.083753	0.029374	0.996054	-0.236025	-0.971707	0.008810	0.968131	-0.234356	0.088316
22811	9.429063	0.272499	1.671450	4.421331	-0.148291	-0.429306	-0.078183	0.039279	0.996165	-0.128853	-0.991240	0.028972	0.988577	-0.126094	0.082560
22812	10.406566	6.608031	1.017570	4.085810	-0.426159	-0.139819	-0.067353	0.041982	0.996846	-0.027802	-0.998805	0.040186	0.997342	-0.025008	0.068440
22813	9.631647	7.633085	0.442412	0.841532	-0.626179	0.171587	-0.051837	0.037521	0.997950	-0.006678	-0.999285	0.037224	0.998633	-0.004735	0.052051
22814	11.191917	-0.040585	-0.971457	-1.417664	-0.934672	0.159614	-0.028623	0.033094	0.999042	-0.041952	-0.998611	0.031878	0.998710	-0.041000	0.029972
22815	10.546298	-2.411093	-2.669004	-0.102504	-0.655742	0.184150	-0.012470	0.027892	0.999533	-0.044453	-0.998638	0.027313	0.998934	-0.044092	0.013693
22816	9.378498	1.069015	-2.306949	0.876416	-0.543387	0.237799	0.000889	0.021577	0.999767	-0.022586	-0.999512	0.021592	0.999745	-0.022600	-0.000401
22817	10.206800	1.869128	-1.509856	0.260813	-0.509010	0.204487	0.013500	0.016302	0.999776	-0.016152	-0.999733	0.016519	0.999778	-0.016372	-0.013233
22818	9.972209	-0.242054	-1.008896	0.045076	-0.452889	0.241380	0.024717	0.010182	0.999643	-0.015165	-0.999829	0.010559	0.999579	-0.015420	-0.024558
22819	9.726843	-0.697454	-0.632793	0.368424	-0.409205	0.219679	0.034878	0.004670	0.999381	-0.006148	-0.999969	0.004888	0.999373	-0.006315	-0.034848
22820	9.833662	0.248471	-0.609559	0.331840	-0.424796	0.219882	0.045471	-0.000763	0.998965	0.001886	-0.999998	-0.000850	0.998964	0.001923	-0.045469
22821	9.831196	0.602151	-0.760672	-0.050194	-0.467434	0.237024	0.057142	-0.006586	0.998344	0.000300	-0.999978	-0.006614	0.998366	0.000677	-0.057139
22822	9.829005	0.155896	-0.916277	-0.409734	-0.497853	0.219395	0.069532	-0.012032	0.997507	-0.010290	-0.999883	-0.011344	0.997527	-0.009476	-0.069647
22823	9.816218	-0.438817	-1.443164	-0.489668	-0.476777	0.198729	0.081332	-0.017090	0.996541	-0.022885	-0.999621	-0.015275	0.996424	-0.021564	-0.081692
22824	9.827271	-0.495757	-1.710812	-0.448562	-0.409991	0.167374	0.091420	-0.021456	0.995581	-0.034431	-0.999238	-0.018373	0.995217	-0.032599	-0.092089
22825	9.898404	-0.497723	-1.681128	-0.310554	-0.358189	0.162121	0.100175	-0.025739	0.994637	-0.042560	-0.998861	-0.021562	0.994059	-0.040172	-0.101156
22826	9.665673	-0.298183	-1.382749	-0.226742	-0.329304	0.159438	0.108179	-0.029983	0.993679	-0.048628	-0.998508	-0.024835	0.992941	-0.045634	-0.109475
22827	9.665351	-0.479834	-1.021638	-0.153964	-0.305962	0.148413	0.115589	-0.033961	0.992716	-0.052883	-0.998208	-0.027991	0.991888	-0.049262	-0.117178
22828	9.596937	-0.322070	-0.760375	-0.193069	-0.294315	0.131921	0.122708	-0.037543	0.991732	-0.058083	-0.997843	-0.030588	0.990742	-0.053849	-0.124624
22829	9.625773	-0.652647	-0.527589	-0.267351	-0.323821	0.118745	0.130547	-0.040879	0.990599	-0.065098	-0.997347	-0.032578	0.989303	-0.060233	-0.132862
