// General information: 
//  MT Manager version: 2022.2.0 
//  XDA version: 2022.2.0 build 7381 rev 124627 built on 2023-07-19
// Device information: 
//  DeviceId: 00B4CBA7
//  ProductCode: MTW2-3A7G6
//  Firmware Version: 4.6.0
//  Hardware Version: 2.0.0
// Device settings: 
//  Filter Profile: human(46.1)
//  Option Flags: Orientation Smoother Disabled, Position/Velocity Smoother Disabled, Continuous Zero Rotation Update Disabled, AHS Disabled, ICC Disabled
// Coordinate system: ENU
PacketCounter	Acc_X	Acc_Y	Acc_Z	Gyr_X	Gyr_Y	Gyr_Z	Mat[1][1]	Mat[2][1]	Mat[3][1]	Mat[1][2]	Mat[2][2]	Mat[3][2]	Mat[1][3]	Mat[2][3]	Mat[3][3]
25695	9.456637	0.479363	-1.839537	0.011289	0.048774	-0.016278	0.230173	0.076074	0.970172	0.184457	-0.982278	0.033261	0.955508	0.171299	-0.240126
25696	9.489270	0.492037	-1.800575	0.012661	0.034381	-0.012510	0.229803	0.076177	0.970251	0.184586	-0.982249	0.033400	0.955572	0.171420	-0.239785
25697	9.507357	0.556855	-1.767244	0.021900	0.020503	-0.010047	0.229571	0.076278	0.970298	0.184795	-0.982206	0.033492	0.955588	0.171617	-0.239582
25698	9.513656	0.624319	-1.794074	0.025772	0.002319	0.001784	0.229535	0.076294	0.970306	0.185008	-0.982167	0.033461	0.955555	0.171834	-0.239557
25699	9.502812	0.555235	-1.898148	0.006210	-0.010281	0.011203	0.229637	0.076240	0.970286	0.185018	-0.982168	0.033385	0.955529	0.171854	-0.239648
25700	9.514221	0.523195	-2.035865	-0.002914	-0.018301	0.015986	0.229820	0.076159	0.970249	0.184963	-0.982182	0.033284	0.955495	0.171811	-0.239812
25701	9.457448	0.422766	-2.225989	-0.005691	-0.027147	0.020263	0.230100	0.076045	0.970191	0.184839	-0.982210	0.033149	0.955452	0.171701	-0.240062
25702	9.443248	0.401964	-2.278136	-0.000635	-0.033144	0.017850	0.230432	0.075962	0.970119	0.184757	-0.982229	0.033025	0.955388	0.171626	-0.240372
25703	9.460601	0.428394	-2.273004	-0.013291	-0.033834	0.024254	0.230783	0.075820	0.970047	0.184551	-0.982273	0.032869	0.955343	0.171437	-0.240685
25704	9.453458	0.394849	-2.225971	-0.036052	-0.037409	0.026590	0.231170	0.075668	0.969966	0.184153	-0.982352	0.032746	0.955326	0.171053	-0.241025
25705	9.496885	0.329747	-2.180860	-0.035684	-0.038061	0.023260	0.231559	0.075543	0.969883	0.183735	-0.982433	0.032653	0.955312	0.170640	-0.241371
25706	9.503034	0.288307	-2.279865	-0.025417	-0.040609	0.024941	0.231971	0.075415	0.969795	0.183456	-0.982490	0.032520	0.955266	0.170371	-0.241744
25707	9.528980	0.333000	-2.357366	-0.012947	-0.038441	0.026616	0.232370	0.075257	0.969712	0.183247	-0.982535	0.032341	0.955209	0.170182	-0.242102
25708	9.511690	0.396686	-2.333398	-0.021354	-0.039148	0.026509	0.232774	0.075100	0.969627	0.182949	-0.982595	0.032184	0.955168	0.169901	-0.242462
25709	9.432596	0.424295	-2.411141	-0.035924	-0.038186	0.031678	0.233179	0.074891	0.969546	0.182509	-0.982683	0.032012	0.955153	0.169486	-0.242810
25710	9.488896	0.385987	-2.489446	-0.017247	-0.040041	0.033453	0.233604	0.074671	0.969460	0.182253	-0.982738	0.031778	0.955098	0.169264	-0.243180
25711	9.419994	0.449900	-2.281848	0.005215	-0.036565	0.021266	0.233974	0.074562	0.969379	0.182230	-0.982748	0.031606	0.955012	0.169255	-0.243525
25712	9.317186	0.444373	-2.122729	-0.006803	-0.044079	0.027038	0.234428	0.074406	0.969282	0.182064	-0.982785	0.031409	0.954933	0.169108	-0.243939
25713	9.264289	0.549504	-1.876475	0.014904	-0.064436	0.029367	0.235079	0.074264	0.969135	0.182114	-0.982784	0.031136	0.954763	0.169173	-0.244557
25714	9.264259	0.572743	-1.688227	0.010712	-0.079344	0.045216	0.235902	0.073989	0.968956	0.182070	-0.982806	0.030720	0.954568	0.169171	-0.245317
25715	9.359626	0.601809	-1.592095	0.014325	-0.103968	0.058292	0.236983	0.073630	0.968720	0.182046	-0.982827	0.030168	0.954305	0.169202	-0.246317
25716	9.524197	0.549441	-1.741440	0.023316	-0.121978	0.074830	0.238261	0.073149	0.968442	0.182109	-0.982838	0.029433	0.953975	0.169349	-0.247493
25717	9.597704	0.671848	-1.934706	0.045163	-0.134552	0.083974	0.239680	0.072590	0.968134	0.182316	-0.982825	0.028556	0.953580	0.169662	-0.248798
25718	9.662479	0.738804	-2.069923	0.024683	-0.148331	0.095738	0.241250	0.071938	0.967793	0.182294	-0.982856	0.027616	0.953188	0.169760	-0.250228
25719	9.570696	0.677432	-2.293209	0.010298	-0.148145	0.106053	0.242838	0.071185	0.967451	0.182112	-0.982918	0.026612	0.952819	0.169722	-0.251653
25720	9.496031	0.402515	-2.257388	0.041907	-0.147034	0.105724	0.244411	0.070438	0.967110	0.182245	-0.982922	0.025532	0.952392	0.170010	-0.253073
25721	9.442184	0.250013	-2.177125	0.102675	-0.138487	0.083154	0.245864	0.069895	0.966781	0.182996	-0.982808	0.024516	0.951874	0.170889	-0.254428
25722	9.154321	0.179822	-2.143442	0.172077	-0.136401	0.076767	0.247286	0.069403	0.966454	0.184378	-0.982577	0.023385	0.951238	0.172410	-0.255774
25723	9.100238	0.442313	-1.957766	0.231392	-0.172663	0.091118	0.249080	0.068846	0.966033	0.186329	-0.982242	0.021958	0.950390	0.174530	-0.257485
25724	9.213336	0.835719	-1.804824	0.184192	-0.202345	0.107732	0.251181	0.068187	0.965535	0.187810	-0.981992	0.020491	0.949545	0.176190	-0.259464
25725	9.268890	0.964653	-1.789888	0.079039	-0.227549	0.137149	0.253581	0.067280	0.964971	0.188192	-0.981948	0.019009	0.948831	0.176779	-0.261665
25726	9.453509	0.908508	-1.805372	-0.026458	-0.260671	0.168319	0.256353	0.066116	0.964319	0.187449	-0.982118	0.017505	0.948233	0.176273	-0.264163
25727	9.747042	0.691011	-2.050835	-0.116995	-0.274302	0.188699	0.259289	0.064782	0.963625	0.185831	-0.982451	0.016045	0.947753	0.174911	-0.266777
25728	10.037972	0.017036	-2.497515	-0.192655	-0.253480	0.188856	0.262018	0.063410	0.962977	0.183508	-0.982907	0.014792	0.947455	0.172839	-0.269176
25729	9.965283	-0.651070	-3.017451	-0.098449	-0.248630	0.180221	0.264686	0.062105	0.962333	0.182079	-0.983193	0.013371	0.946989	0.171682	-0.271545
25730	9.742469	-0.876871	-3.466194	0.001286	-0.237054	0.166399	0.267216	0.060904	0.961710	0.181586	-0.983304	0.011817	0.946373	0.171476	-0.273814
25731	9.690769	-0.780350	-3.799815	0.067867	-0.225281	0.140174	0.269585	0.059951	0.961109	0.181831	-0.983276	0.010331	0.945654	0.171974	-0.275978
25732	9.523587	-0.711020	-3.972051	0.076536	-0.193827	0.117717	0.271615	0.059155	0.960586	0.182172	-0.983225	0.009039	0.945007	0.172537	-0.277835
25733	9.366415	-0.423755	-4.006788	0.055255	-0.158672	0.094515	0.273269	0.058538	0.960155	0.182415	-0.983189	0.008025	0.944483	0.172954	-0.279353
25734	9.319212	-0.233383	-3.936600	-0.032106	-0.123134	0.082019	0.274568	0.057964	0.959819	0.181793	-0.983309	0.007378	0.944227	0.172463	-0.280522
25735	9.328249	-0.164759	-3.771436	-0.134537	-0.099219	0.077626	0.275628	0.057409	0.959548	0.180288	-0.983589	0.007060	0.944206	0.171049	-0.281455
25736	9.342674	-0.235722	-3.562105	-0.168790	-0.067066	0.065138	0.276362	0.056913	0.959367	0.178464	-0.983922	0.006960	0.944338	0.169289	-0.282076
25737	9.380075	-0.192995	-3.266910	-0.166719	-0.056035	0.053971	0.276970	0.056514	0.959215	0.176718	-0.984237	0.006962	0.944488	0.167583	-0.282592
25738	9.407029	-0.062690	-2.951796	-0.124293	-0.046717	0.052348	0.277486	0.056113	0.959090	0.175366	-0.984479	0.006861	0.944589	0.166288	-0.283019
25739	9.360446	0.178074	-2.702615	-0.075135	-0.041330	0.052112	0.277951	0.055706	0.958979	0.174490	-0.984637	0.006622	0.944614	0.165492	-0.283401
25740	9.368434	0.428841	-2.475823	-0.041353	-0.048455	0.055146	0.278492	0.055263	0.958847	0.173855	-0.984751	0.006261	0.944572	0.164957	-0.283853
25741	9.250801	0.587580	-2.307338	-0.037756	-0.056858	0.066960	0.279129	0.054736	0.958692	0.173290	-0.984854	0.005775	0.944488	0.164520	-0.284386
25742	9.237424	0.710091	-2.198360	-0.030088	-0.070922	0.078178	0.279916	0.054121	0.958498	0.172767	-0.984949	0.005160	0.944351	0.164152	-0.285053
25743	9.177075	0.659516	-2.132390	-0.038093	-0.091430	0.098422	0.280932	0.053339	0.958244	0.172110	-0.985068	0.004374	0.944169	0.163695	-0.285918
25744	9.142621	0.475019	-2.124846	-0.023514	-0.106287	0.110389	0.282110	0.052456	0.957947	0.171525	-0.985174	0.003434	0.943924	0.163343	-0.286925
25745	9.110535	0.284666	-2.191984	0.019261	-0.124019	0.126752	0.283481	0.051448	0.957597	0.171327	-0.985212	0.002213	0.943549	0.163435	-0.288103
25746	9.199729	0.124174	-2.216738	0.045057	-0.140531	0.137897	0.285027	0.050347	0.957196	0.171298	-0.985219	0.000813	0.943089	0.163734	-0.289439
25747	9.296504	0.087910	-2.575892	0.104191	-0.150189	0.146256	0.286678	0.049191	0.956763	0.171841	-0.985124	-0.000840	0.942489	0.164652	-0.290866
25748	9.342574	0.109042	-2.867628	0.154331	-0.149570	0.149629	0.288329	0.047991	0.956328	0.172798	-0.984954	-0.002670	0.941811	0.166021	-0.292283
25749	9.365531	0.297145	-3.080304	0.126936	-0.143523	0.154530	0.289931	0.046746	0.955905	0.173525	-0.984819	-0.004471	0.941185	0.167170	-0.293642
25750	9.383947	0.181880	-3.445671	0.059458	-0.129289	0.165676	0.291418	0.045369	0.955519	0.173578	-0.984801	-0.006179	0.940716	0.167658	-0.294863
25751	9.364911	-0.022992	-3.527842	0.020101	-0.113787	0.167000	0.292761	0.043953	0.955175	0.173258	-0.984846	-0.007785	0.940358	0.167771	-0.295939
25752	9.385591	-0.104349	-3.435225	-0.015062	-0.100543	0.158660	0.293962	0.042597	0.954868	0.172627	-0.984944	-0.009205	0.940099	0.167542	-0.296889
25753	9.433471	-0.254971	-3.311765	-0.037559	-0.083920	0.159747	0.295009	0.041202	0.954606	0.171783	-0.985078	-0.010570	0.939926	0.167104	-0.297685
25754	9.457048	-0.450560	-3.111731	-0.027926	-0.071847	0.150337	0.295925	0.039868	0.954379	0.171011	-0.985198	-0.011870	0.939778	0.166722	-0.298363
25755	9.506348	-0.435862	-3.036928	0.015784	-0.066266	0.140039	0.296771	0.038637	0.954167	0.170724	-0.985230	-0.013205	0.939564	0.166818	-0.298984
25756	9.508274	-0.236019	-3.039362	0.054556	-0.061802	0.138654	0.297574	0.037394	0.953966	0.170738	-0.985208	-0.014640	0.939307	0.167234	-0.299557
25757	9.581576	-0.048019	-3.112219	0.053150	-0.055913	0.133139	0.298310	0.036214	0.953782	0.170820	-0.985172	-0.016021	0.939059	0.167704	-0.300073
25758	9.635109	-0.083836	-3.277437	0.043080	-0.046197	0.142249	0.298972	0.034912	0.953623	0.170717	-0.985165	-0.017455	0.938867	0.168018	-0.300497
25759	9.480302	-0.120865	-3.438608	0.065019	-0.027804	0.140135	0.299456	0.033616	0.953518	0.170888	-0.985108	-0.018938	0.938682	0.168616	-0.300741
25760	9.321641	-0.162190	-3.483833	0.062013	-0.015511	0.140860	0.299824	0.032301	0.953448	0.171053	-0.985050	-0.020418	0.938534	0.169212	-0.300866
25761	9.300957	-0.204424	-3.491544	0.044283	-0.002659	0.142439	0.300076	0.030940	0.953413	0.171021	-0.985025	-0.021861	0.938460	0.169614	-0.300874
25762	9.275686	-0.277381	-3.446756	0.052042	0.020457	0.136829	0.300101	0.029590	0.953448	0.171055	-0.984987	-0.023271	0.938445	0.170076	-0.300657
25763	9.232067	-0.336816	-3.311747	0.054732	0.035421	0.138121	0.299988	0.028208	0.953526	0.171134	-0.984938	-0.024704	0.938467	0.170592	-0.300297
25764	9.234812	-0.297338	-3.180739	0.062343	0.045789	0.136544	0.299777	0.026814	0.953633	0.171257	-0.984880	-0.026142	0.938512	0.171153	-0.299836
25765	9.309853	-0.230182	-3.024129	0.062381	0.058916	0.144307	0.299454	0.025330	0.953774	0.171389	-0.984815	-0.027656	0.938591	0.171749	-0.299249
25766	9.302682	-0.124660	-2.863337	0.074364	0.064314	0.146900	0.299086	0.023807	0.953929	0.171612	-0.984731	-0.029229	0.938668	0.172448	-0.298605
25767	9.293344	-0.088000	-2.861193	0.123021	0.062879	0.150942	0.298739	0.022250	0.954076	0.172295	-0.984558	-0.030988	0.938653	0.173640	-0.297959
25768	9.405680	-0.018968	-2.743816	0.167928	0.062810	0.141120	0.298375	0.020791	0.954222	0.173431	-0.984300	-0.032783	0.938560	0.175273	-0.297296
25769	9.410157	0.145474	-2.685494	0.189207	0.062238	0.156201	0.298046	0.019182	0.954359	0.174720	-0.984003	-0.034787	0.938425	0.177114	-0.296630
25770	9.307509	0.157005	-2.579602	0.186043	0.052261	0.164396	0.297827	0.017509	0.954459	0.175950	-0.983709	-0.036857	0.938265	0.178914	-0.296055
25771	9.254284	0.114323	-2.583406	0.150866	0.045280	0.171583	0.297688	0.015778	0.954533	0.176834	-0.983472	-0.038893	0.938143	0.180372	-0.295558
25772	9.261910	-0.008477	-2.628792	0.104378	0.038615	0.179928	0.297627	0.013974	0.954580	0.177242	-0.983318	-0.040868	0.938085	0.181355	-0.295139
25773	9.328534	-0.253517	-2.810091	0.058578	0.037649	0.192012	0.297597	0.012055	0.954615	0.177200	-0.983243	-0.042825	0.938102	0.181902	-0.294747
25774	9.493988	-0.596237	-3.176162	0.068856	0.046126	0.201511	0.297504	0.010026	0.954668	0.177214	-0.983148	-0.044900	0.938129	0.182539	-0.294267
25775	9.448865	-0.529368	-3.472909	0.098699	0.061065	0.198516	0.297266	0.008001	0.954761	0.177529	-0.982991	-0.047037	0.938145	0.183481	-0.293630
25776	9.379103	-0.371822	-3.694763	0.055437	0.076156	0.198209	0.296886	0.005948	0.954894	0.177429	-0.982911	-0.049041	0.938284	0.183985	-0.292868
25777	9.401118	-0.467690	-3.973371	-0.030613	0.108943	0.201936	0.296205	0.003801	0.955117	0.176522	-0.982983	-0.050832	0.938671	0.183656	-0.291835
25778	9.359906	-0.665332	-3.900280	-0.089425	0.137283	0.195414	0.295243	0.001660	0.955421	0.175054	-0.983164	-0.052387	0.939248	0.182717	-0.290563
25779	9.317152	-1.007984	-3.854529	-0.118941	0.168671	0.184919	0.293964	-0.000428	0.955816	0.173371	-0.983388	-0.053761	0.939962	0.181515	-0.289006
25780	9.358894	-1.215197	-3.715977	-0.084105	0.198528	0.167240	0.292369	-0.002398	0.956303	0.172048	-0.983548	-0.055067	0.940702	0.180630	-0.287146
25781	9.342279	-1.207123	-3.536241	-0.036907	0.219039	0.146290	0.290542	-0.004195	0.956853	0.171254	-0.983616	-0.056312	0.941412	0.180226	-0.285064
25782	9.382588	-1.057380	-3.378990	0.007352	0.238564	0.126763	0.288495	-0.005836	0.957464	0.170921	-0.983606	-0.057496	0.942102	0.180238	-0.282768
25783	9.375167	-0.912538	-3.311036	0.050436	0.253710	0.110232	0.286276	-0.007340	0.958119	0.171059	-0.983514	-0.058645	0.942754	0.180683	-0.280301
25784	9.335870	-0.665714	-3.022510	0.085281	0.259838	0.102019	0.283984	-0.008777	0.958789	0.171542	-0.983359	-0.059811	0.943359	0.181458	-0.277753
25785	9.236450	-0.503840	-2.828072	0.090644	0.267482	0.103659	0.281622	-0.010245	0.959471	0.172083	-0.983191	-0.061008	0.943968	0.182290	-0.275125
25786	9.271649	-0.593762	-2.599250	0.124107	0.263581	0.104598	0.279297	-0.011716	0.960133	0.172941	-0.982960	-0.062302	0.944502	0.183447	-0.272511
25787	9.274068	-0.503667	-2.280652	0.190921	0.248233	0.101144	0.277111	-0.013130	0.960748	0.174442	-0.982602	-0.063743	0.944870	0.185259	-0.269999
25788	9.284797	-0.480398	-1.745187	0.217559	0.225108	0.101550	0.275145	-0.014506	0.961293	0.176202	-0.982189	-0.065255	0.945118	0.187336	-0.267688
25789	9.354033	-0.663290	-1.289508	0.200493	0.187163	0.099935	0.273536	-0.015802	0.961732	0.177801	-0.981803	-0.066702	0.945285	0.189243	-0.265749
25790	9.435001	-1.015452	-0.910406	0.230991	0.150757	0.086131	0.272248	-0.016896	0.962079	0.179726	-0.981357	-0.068094	0.945293	0.191449	-0.264136
25791	9.521884	-1.266634	-0.672872	0.282284	0.092693	0.074860	0.271491	-0.017772	0.962277	0.182169	-0.980807	-0.069510	0.945043	0.194168	-0.263043
25792	9.516313	-1.196553	-0.432705	0.357632	0.039530	0.058481	0.271207	-0.018385	0.962345	0.185366	-0.980104	-0.070964	0.944503	0.197632	-0.262403
25793	9.305369	-0.912478	-0.296392	0.403409	-0.022041	0.051949	0.271495	-0.018812	0.962256	0.189012	-0.979297	-0.072474	0.943697	0.201554	-0.262319
25794	9.350956	-0.828727	-0.263133	0.366149	-0.084531	0.044447	0.272358	-0.019037	0.962008	0.192325	-0.978551	-0.073814	0.942779	0.205122	-0.262855
25795	9.508101	-0.937196	-0.717494	0.346442	-0.134856	0.046458	0.273701	-0.019175	0.961624	0.195441	-0.977834	-0.075126	0.941749	0.208502	-0.263887
25796	9.642732	-1.193812	-1.431832	0.359256	-0.173916	0.040485	0.275398	-0.019167	0.961139	0.198690	-0.977079	-0.076416	0.940573	0.212013	-0.265277
25797	9.632841	-1.015922	-1.918013	0.336549	-0.198810	0.040756	0.277331	-0.019103	0.960585	0.201719	-0.976360	-0.077656	0.939360	0.215305	-0.266921
25798	9.612164	-0.958029	-2.542151	0.248539	-0.210351	0.032108	0.279351	-0.018923	0.960003	0.203947	-0.975823	-0.078581	0.938280	0.217742	-0.268738
25799	9.650445	-1.117343	-3.024137	0.176806	-0.205311	0.018960	0.281298	-0.018622	0.959440	0.205531	-0.975441	-0.079192	0.937352	0.219471	-0.270562
25800	9.522555	-1.405413	-3.440740	0.148705	-0.195054	-0.005656	0.283092	-0.018099	0.958922	0.206924	-0.975122	-0.079493	0.936505	0.220928	-0.272304
25801	9.325093	-1.536351	-3.507371	0.174403	-0.176693	-0.034582	0.284656	-0.017333	0.958473	0.208634	-0.974750	-0.079589	0.935651	0.222625	-0.273853
25802	9.196579	-1.549231	-3.532666	0.202939	-0.159077	-0.064537	0.285989	-0.016312	0.958094	0.210694	-0.974316	-0.079479	0.934783	0.224595	-0.275207
25803	9.241147	-1.510113	-3.390274	0.210010	-0.146268	-0.086739	0.287154	-0.015100	0.957765	0.212884	-0.973864	-0.079180	0.933929	0.226630	-0.276434
25804	9.301225	-1.169067	-3.029673	0.198194	-0.132041	-0.101729	0.288149	-0.013772	0.957487	0.215008	-0.973436	-0.078706	0.933136	0.228546	-0.277533
25805	9.201016	-0.979075	-2.706226	0.131899	-0.126064	-0.113678	0.289061	-0.012339	0.957231	0.216546	-0.973157	-0.077936	0.932497	0.229813	-0.278630
25806	9.151032	-0.873183	-2.263557	0.084455	-0.131604	-0.115588	0.290017	-0.010874	0.956960	0.217650	-0.972983	-0.077018	0.931943	0.230619	-0.279815
25807	9.221269	-0.775504	-1.800256	0.056900	-0.157732	-0.117873	0.291211	-0.009327	0.956613	0.218502	-0.972872	-0.076001	0.931371	0.231155	-0.281274
25808	9.325306	-0.712651	-1.400159	0.065948	-0.197199	-0.120214	0.292764	-0.007666	0.956154	0.219439	-0.972740	-0.074989	0.930664	0.231771	-0.283101
25809	9.465164	-0.353401	-1.173301	0.096536	-0.241994	-0.113130	0.294748	-0.005967	0.955556	0.220649	-0.972532	-0.074134	0.929752	0.232693	-0.285335
25810	9.494063	0.175426	-1.035892	0.050472	-0.293214	-0.087379	0.297258	-0.004398	0.954787	0.221357	-0.972427	-0.073395	0.928784	0.233166	-0.288088
25811	9.449114	0.517010	-1.021336	-0.057194	-0.348854	-0.061121	0.300343	-0.002954	0.953827	0.220989	-0.972571	-0.072597	0.927878	0.232589	-0.291452
25812	9.538404	0.337279	-1.390382	-0.166443	-0.393466	-0.031152	0.303903	-0.001702	0.952701	0.219522	-0.972965	-0.071764	0.927067	0.230948	-0.295313
25813	9.425647	0.111543	-1.754901	-0.202187	-0.433532	-0.006413	0.307888	-0.000606	0.951422	0.217649	-0.973438	-0.071053	0.926193	0.228952	-0.299578
25814	9.484915	-0.126322	-2.200062	-0.244739	-0.464902	0.014356	0.312201	0.000351	0.950016	0.215323	-0.974002	-0.070401	0.925293	0.226540	-0.304160
25815	9.836752	-0.774976	-2.881229	-0.258799	-0.479241	0.026766	0.316672	0.001207	0.948534	0.212826	-0.974593	-0.069813	0.924350	0.223981	-0.308883
25816	10.372390	-1.467026	-3.766936	-0.216579	-0.471840	0.018102	0.321047	0.002120	0.947061	0.210753	-0.975083	-0.069261	0.923316	0.221832	-0.313495
25817	10.477531	-1.464998	-4.667529	-0.088625	-0.429695	0.008800	0.325013	0.003023	0.945705	0.209888	-0.975287	-0.069015	0.922125	0.220923	-0.317615
25818	9.579038	-0.361813	-5.202045	-0.031900	-0.369581	-0.006799	0.328385	0.003942	0.944536	0.209598	-0.975364	-0.068800	0.920995	0.220566	-0.321121
25819	8.761574	0.886329	-5.140976	-0.267675	-0.316525	-0.000923	0.331280	0.004682	0.943521	0.207118	-0.975958	-0.067879	0.920519	0.217907	-0.324285
25820	8.802436	0.419345	-5.524621	-0.555992	-0.248298	-0.004137	0.333538	0.005293	0.942722	0.201992	-0.977162	-0.065979	0.920843	0.212428	-0.326990
25821	8.986230	-1.347192	-5.692478	-0.589405	-0.178136	-0.018910	0.335123	0.005889	0.942156	0.196607	-0.978403	-0.063818	0.921432	0.206622	-0.329044
25822	9.417135	-2.249022	-5.245027	-0.383676	-0.131741	-0.039456	0.336241	0.006585	0.941753	0.193196	-0.979191	-0.062131	0.921747	0.202834	-0.330517
25823	9.534384	-2.335263	-4.417479	-0.164780	-0.079951	-0.094290	0.336779	0.007707	0.941552	0.191976	-0.979524	-0.060649	0.921805	0.201180	-0.331363
25824	9.250518	-2.220023	-3.786011	-0.041848	-0.038463	-0.153649	0.336821	0.009329	0.941523	0.192097	-0.979600	-0.059014	0.921765	0.200741	-0.331742
25825	8.967114	-1.747605	-3.258426	0.003761	-0.020392	-0.197294	0.336612	0.011341	0.941575	0.192778	-0.979578	-0.057120	0.921699	0.200742	-0.331924
25826	8.894629	-1.258763	-2.864130	0.015547	-0.019601	-0.217851	0.336353	0.013552	0.941638	0.193642	-0.979525	-0.055071	0.921612	0.200864	-0.332091
25827	8.923332	-0.908626	-2.506806	-0.030725	-0.029315	-0.226678	0.336167	0.015869	0.941669	0.194103	-0.979560	-0.052785	0.921583	0.200525	-0.332376
25828	8.999401	-0.845435	-2.343819	-0.013336	-0.050570	-0.241888	0.336145	0.018375	0.941631	0.194770	-0.979552	-0.050414	0.921451	0.200348	-0.332850
25829	9.060801	-0.757503	-2.250151	0.072037	-0.074088	-0.256918	0.336308	0.021078	0.941516	0.196279	-0.979363	-0.048186	0.921071	0.201005	-0.333505
25830	9.430498	-0.294096	-2.257872	0.135431	-0.115065	-0.257286	0.336843	0.023864	0.941259	0.198370	-0.979039	-0.046167	0.920427	0.202269	-0.334516
25831	9.719762	0.387136	-2.292447	0.138279	-0.158921	-0.242870	0.337803	0.026602	0.940841	0.200444	-0.978703	-0.044296	0.919626	0.203549	-0.335941
25832	9.738561	1.020296	-2.160222	0.026279	-0.191412	-0.210116	0.339122	0.029085	0.940293	0.201383	-0.978596	-0.042360	0.918935	0.203724	-0.337721
25833	9.490781	1.054922	-2.095403	-0.131939	-0.223777	-0.177769	0.340803	0.031317	0.939613	0.200758	-0.978816	-0.040192	0.918450	0.202332	-0.339871
25834	9.253083	0.894178	-2.208485	-0.218290	-0.260179	-0.151682	0.342868	0.033359	0.938791	0.199242	-0.979214	-0.037972	0.918011	0.200066	-0.342388
25835	9.114772	0.549738	-2.341023	-0.232765	-0.296530	-0.129429	0.345316	0.035254	0.937824	0.197533	-0.979638	-0.035907	0.917463	0.197651	-0.345248
25836	9.072618	0.326286	-2.826371	-0.197426	-0.314430	-0.105286	0.347972	0.036943	0.936777	0.196076	-0.979993	-0.034186	0.916771	0.195575	-0.348254
25837	9.081389	-0.061529	-3.128755	-0.167472	-0.335024	-0.073178	0.350882	0.038350	0.935634	0.194779	-0.980296	-0.032865	0.915938	0.193774	-0.351438
25838	9.123033	-0.300000	-3.448684	-0.129047	-0.337464	-0.055314	0.353844	0.039580	0.934467	0.193768	-0.980530	-0.031841	0.915013	0.192337	-0.354624
25839	9.041955	-0.547716	-3.699070	-0.113671	-0.334956	-0.064231	0.356766	0.040889	0.933299	0.192940	-0.980728	-0.030787	0.914053	0.191054	-0.357779
25840	9.001094	-0.896759	-3.925011	-0.066881	-0.329333	-0.068937	0.359622	0.042234	0.932142	0.192569	-0.980829	-0.029854	0.913011	0.190238	-0.360861
25841	8.980144	-0.976396	-3.913889	-0.011270	-0.327637	-0.087159	0.362426	0.043749	0.930985	0.192764	-0.980818	-0.028951	0.911860	0.189953	-0.363908
25842	8.828679	-0.872139	-3.765631	0.019613	-0.324624	-0.099804	0.365172	0.045384	0.929833	0.193294	-0.980740	-0.028043	0.910652	0.189971	-0.366911
25843	8.731158	-0.869016	-3.764375	0.031982	-0.312481	-0.114586	0.367777	0.047139	0.928719	0.193988	-0.980631	-0.027046	0.909455	0.190107	-0.369798
25844	8.632190	-0.887724	-3.751279	0.040233	-0.304338	-0.118158	0.370293	0.048914	0.927626	0.194775	-0.980502	-0.026048	0.908265	0.190324	-0.372601
25845	8.532661	-0.713836	-3.844537	0.049533	-0.298383	-0.114915	0.372760	0.050647	0.926545	0.195635	-0.980355	-0.025118	0.907070	0.190627	-0.375346
25846	8.449919	-0.600602	-4.177137	0.053403	-0.276352	-0.121081	0.375008	0.052400	0.925540	0.196560	-0.980194	-0.024148	0.905943	0.190980	-0.377880
25847	8.438839	-0.487840	-4.438362	0.030893	-0.259261	-0.119389	0.377103	0.054103	0.924590	0.197273	-0.980076	-0.023110	0.904918	0.191111	-0.380263
25848	8.570386	-0.278414	-4.470364	-0.028937	-0.242715	-0.112531	0.379056	0.055707	0.923695	0.197424	-0.980073	-0.021909	0.904069	0.190665	-0.382501
25849	8.680335	-0.293272	-4.470606	-0.108618	-0.213503	-0.107702	0.380757	0.057206	0.922904	0.196836	-0.980223	-0.020448	0.903482	0.189446	-0.384487
25850	8.717134	-0.474745	-4.555402	-0.129723	-0.189845	-0.123451	0.382210	0.058812	0.922202	0.196119	-0.980401	-0.018759	0.903024	0.188032	-0.386253
25851	8.912764	-0.442907	-4.390133	-0.096545	-0.171236	-0.135639	0.383473	0.060501	0.921568	0.195751	-0.980505	-0.017084	0.902568	0.186950	-0.387840
25852	9.074466	-0.230085	-4.245710	-0.086913	-0.153611	-0.135053	0.384576	0.062149	0.920999	0.195473	-0.980587	-0.015452	0.902159	0.185973	-0.389259
25853	9.169302	-0.158101	-4.123581	-0.104586	-0.135590	-0.133973	0.385520	0.063752	0.920494	0.195030	-0.980701	-0.013760	0.901852	0.184829	-0.390514
25854	9.169320	-0.134963	-4.062844	-0.107638	-0.123776	-0.136668	0.386352	0.065358	0.920033	0.194572	-0.980814	-0.012031	0.901595	0.183661	-0.391656
25855	9.235344	0.037340	-4.018409	-0.122788	-0.108285	-0.129328	0.387060	0.066863	0.919627	0.193950	-0.980957	-0.010309	0.901426	0.182352	-0.392657
25856	9.296576	0.173795	-3.994076	-0.152166	-0.107292	-0.126184	0.387764	0.068333	0.919222	0.193052	-0.981152	-0.008500	0.901316	0.180754	-0.393647
25857	9.282432	0.346389	-3.843592	-0.192023	-0.100418	-0.117619	0.388426	0.069705	0.918840	0.191762	-0.981419	-0.006612	0.901306	0.178767	-0.394576
25858	9.167285	0.380670	-3.714206	-0.208863	-0.100889	-0.113084	0.389101	0.071032	0.918453	0.190305	-0.981714	-0.004698	0.901324	0.176614	-0.395503
25859	9.044713	0.416154	-3.698825	-0.197154	-0.102851	-0.106043	0.389810	0.072292	0.918053	0.188926	-0.981987	-0.002892	0.901308	0.174571	-0.396446
25860	8.910512	0.385824	-3.767435	-0.151695	-0.101722	-0.105059	0.390510	0.073538	0.917657	0.187953	-0.982177	-0.001275	0.901208	0.172974	-0.397372
25861	8.772712	0.478799	-3.796459	-0.112107	-0.107557	-0.099959	0.391275	0.074743	0.917233	0.187318	-0.982299	0.000139	0.901008	0.171760	-0.398350
25862	8.702575	0.369217	-4.085647	-0.096930	-0.105855	-0.090150	0.392042	0.075848	0.916815	0.186784	-0.982400	0.001403	0.900786	0.170696	-0.399309
25863	8.597584	0.242037	-4.116732	-0.079328	-0.097363	-0.088023	0.392738	0.076917	0.916428	0.186400	-0.982471	0.002578	0.900562	0.169810	-0.400191
25864	8.590028	0.047479	-4.166697	-0.112277	-0.097105	-0.081225	0.393443	0.077917	0.916041	0.185694	-0.982600	0.003823	0.900400	0.168599	-0.401066
25865	8.780687	-0.266948	-4.223941	-0.114147	-0.086497	-0.080735	0.394055	0.078894	0.915694	0.184969	-0.982731	0.005071	0.900282	0.167377	-0.401843
25866	9.015433	-0.320645	-4.229741	-0.067069	-0.073855	-0.082967	0.394548	0.079872	0.915397	0.184679	-0.982780	0.006152	0.900125	0.166628	-0.402505
25867	9.280551	-0.060965	-4.186064	-0.054274	-0.063630	-0.084126	0.394949	0.080842	0.915139	0.184508	-0.982805	0.007191	0.899984	0.166010	-0.403074
25868	9.530389	0.207725	-4.124314	-0.080555	-0.051893	-0.084445	0.395243	0.081796	0.914928	0.184102	-0.982872	0.008340	0.899939	0.165143	-0.403532
25869	9.536508	0.484181	-4.074104	-0.131997	-0.044245	-0.085881	0.395467	0.082751	0.914745	0.183238	-0.983021	0.009709	0.900017	0.163776	-0.403915
25870	9.457404	0.539466	-3.992142	-0.178158	-0.046374	-0.080936	0.395718	0.083660	0.914553	0.181940	-0.983246	0.011220	0.900169	0.161954	-0.404310
25871	9.365059	0.434091	-3.914591	-0.193468	-0.050273	-0.083263	0.396004	0.084598	0.914344	0.180513	-0.983489	0.012815	0.900331	0.159976	-0.404736
25872	9.257724	0.496878	-3.757303	-0.176142	-0.053267	-0.078747	0.396324	0.085496	0.914121	0.179224	-0.983704	0.014300	0.900448	0.158165	-0.405188
25873	9.143169	0.530646	-3.663345	-0.151237	-0.058452	-0.072214	0.396705	0.086336	0.913877	0.178134	-0.983882	0.015624	0.900496	0.156594	-0.405690
25874	8.960017	0.643712	-3.634428	-0.126440	-0.064591	-0.062013	0.397158	0.087086	0.913609	0.177226	-0.984027	0.016755	0.900476	0.155261	-0.406248
25875	8.833490	0.686864	-3.696531	-0.122728	-0.072085	-0.045049	0.397711	0.087679	0.913312	0.176285	-0.984180	0.017717	0.900416	0.153957	-0.406876
25876	8.740096	0.703596	-3.752270	-0.130870	-0.079836	-0.027605	0.398363	0.088112	0.912986	0.175204	-0.984357	0.018553	0.900339	0.152568	-0.407570
25877	8.704235	0.598039	-3.839112	-0.150001	-0.085694	-0.015671	0.399091	0.088434	0.912636	0.173901	-0.984573	0.019359	0.900269	0.150982	-0.408313
25878	8.641090	0.361195	-3.924996	-0.150951	-0.090595	-0.005632	0.399879	0.088666	0.912269	0.172552	-0.984796	0.020079	0.900179	0.149384	-0.409099
25879	8.681579	0.138178	-4.029978	-0.111182	-0.088384	-0.005946	0.400648	0.088894	0.911909	0.171560	-0.984957	0.020640	0.900027	0.148178	-0.409872
25880	8.727875	0.071075	-4.201969	-0.063810	-0.090654	-0.007302	0.401434	0.089139	0.911540	0.171001	-0.985047	0.021020	0.899783	0.147436	-0.410674
25881	8.803183	0.102273	-4.324440	-0.052466	-0.078351	-0.008172	0.402109	0.089373	0.911220	0.170546	-0.985118	0.021361	0.899568	0.146816	-0.411367
25882	8.876386	0.066628	-4.417427	-0.087804	-0.063640	-0.006266	0.402653	0.089567	0.910960	0.169768	-0.985242	0.021832	0.899472	0.145861	-0.411916
25883	8.815062	-0.049518	-4.590754	-0.126668	-0.051893	-0.003813	0.403097	0.089718	0.910749	0.168629	-0.985424	0.022439	0.899487	0.144533	-0.412351
25884	8.933124	-0.249556	-4.636175	-0.139356	-0.032356	-0.017031	0.403342	0.089972	0.910615	0.167431	-0.985610	0.023221	0.899601	0.143099	-0.412602
25885	8.950188	-0.418044	-4.680403	-0.128294	-0.008924	-0.031957	0.403353	0.090338	0.910574	0.166390	-0.985766	0.024092	0.899789	0.141793	-0.412643
25886	8.922107	-0.425364	-4.595562	-0.101870	0.009852	-0.053303	0.403159	0.090888	0.910605	0.165674	-0.985862	0.025050	0.900008	0.140765	-0.412517
25887	8.925460	-0.287987	-4.477976	-0.088783	0.023656	-0.072506	0.402810	0.091608	0.910688	0.165152	-0.985922	0.026127	0.900260	0.139878	-0.412269
25888	8.841623	-0.150659	-4.366994	-0.061894	0.038980	-0.084777	0.402302	0.092429	0.910829	0.164923	-0.985931	0.027205	0.900529	0.139272	-0.411886
25889	8.811998	0.011772	-4.253061	-0.051999	0.042020	-0.090059	0.401760	0.093297	0.910980	0.164802	-0.985921	0.028291	0.900794	0.138765	-0.411479
25890	8.790407	0.222718	-4.084244	-0.064452	0.048755	-0.088853	0.401157	0.094144	0.911158	0.164563	-0.985928	0.029417	0.901106	0.138142	-0.411005
25891	8.798339	0.396343	-3.940338	-0.093639	0.050157	-0.089017	0.400543	0.094990	0.911341	0.164061	-0.985974	0.030663	0.901471	0.137233	-0.410509
25892	8.832886	0.442535	-3.784717	-0.122955	0.047197	-0.084854	0.399962	0.095802	0.911511	0.163278	-0.986061	0.031992	0.901871	0.136034	-0.410029
25893	8.821743	0.452694	-3.721893	-0.142594	0.038000	-0.080668	0.399472	0.096584	0.911643	0.162299	-0.986177	0.033363	0.902264	0.134631	-0.409626
25894	8.891416	0.360294	-3.646706	-0.125879	0.026458	-0.086405	0.399077	0.097439	0.911725	0.161493	-0.986263	0.034717	0.902584	0.133383	-0.409330
25895	8.953785	0.445836	-3.587384	-0.100967	0.019216	-0.083074	0.398754	0.098272	0.911777	0.160898	-0.986317	0.035939	0.902833	0.132372	-0.409109
25896	9.025748	0.565481	-3.637483	-0.101893	0.004711	-0.078185	0.398569	0.099075	0.911771	0.160275	-0.986374	0.037120	0.903025	0.131340	-0.409017
25897	9.038921	0.519940	-3.840006	-0.089464	0.004215	-0.073650	0.398397	0.099835	0.911763	0.159746	-0.986418	0.038208	0.903195	0.130429	-0.408935
25898	9.039765	0.575266	-3.857718	-0.088160	-0.004365	-0.072656	0.398304	0.100596	0.911720	0.159224	-0.986461	0.039282	0.903328	0.129521	-0.408929
25899	9.039671	0.607968	-3.866895	-0.103602	-0.010452	-0.067641	0.398276	0.101315	0.911653	0.158542	-0.986526	0.040373	0.903461	0.128456	-0.408972
25900	8.998539	0.516989	-3.860146	-0.125308	-0.015704	-0.061535	0.398303	0.101982	0.911567	0.157643	-0.986624	0.041498	0.903606	0.127173	-0.409052
25901	8.944493	0.297373	-3.913589	-0.099411	-0.014610	-0.068834	0.398311	0.102718	0.911481	0.157004	-0.986680	0.042583	0.903713	0.126144	-0.409133
25902	8.958993	0.299211	-3.932401	-0.057789	-0.020249	-0.066860	0.398372	0.103442	0.911372	0.156733	-0.986683	0.043480	0.903733	0.125521	-0.409280
25903	8.904648	0.303914	-3.945640	-0.027073	-0.023002	-0.074015	0.398449	0.104240	0.911248	0.156768	-0.986641	0.044317	0.903694	0.125197	-0.409467
25904	8.916436	0.336663	-4.014925	0.009921	-0.019318	-0.080181	0.398481	0.105094	0.911136	0.157163	-0.986544	0.045058	0.903611	0.125243	-0.409636
25905	9.016872	0.415653	-4.093614	0.030950	-0.015913	-0.087331	0.398471	0.106014	0.911033	0.157776	-0.986413	0.045777	0.903508	0.125498	-0.409784
25906	9.061856	0.503893	-4.020111	0.008021	-0.011632	-0.085859	0.398424	0.106915	0.910949	0.158177	-0.986312	0.046578	0.903459	0.125533	-0.409881
25907	9.106792	0.468242	-4.064380	-0.039729	-0.006557	-0.093409	0.398320	0.107883	0.910880	0.158175	-0.986261	0.047643	0.903506	0.125101	-0.409911
25908	9.187265	0.308536	-4.025345	-0.020754	-0.001409	-0.101629	0.398155	0.108926	0.910828	0.158377	-0.986177	0.048705	0.903543	0.124862	-0.409902
25909	9.221457	0.316499	-4.027983	0.017711	0.010379	-0.109998	0.397871	0.110036	0.910819	0.158960	-0.986034	0.049685	0.903566	0.125016	-0.409805
25910	9.298384	0.267065	-4.105384	0.047110	0.016242	-0.118122	0.397519	0.111219	0.910829	0.159841	-0.985844	0.050619	0.903565	0.125466	-0.409669
25911	9.335681	0.262200	-4.269595	0.083036	0.033271	-0.136573	0.396983	0.112562	0.910897	0.161118	-0.985587	0.051574	0.903574	0.126288	-0.409397
25912	9.388117	0.353717	-4.322682	0.091745	0.046986	-0.150125	0.396298	0.114020	0.911014	0.162527	-0.985300	0.052617	0.903622	0.127212	-0.409004
25913	9.307815	0.339303	-4.448839	0.076467	0.057332	-0.148286	0.395523	0.115446	0.911172	0.163790	-0.985032	0.053706	0.903734	0.127999	-0.408512
25914	9.275449	0.329126	-4.431220	0.049349	0.067197	-0.145942	0.394658	0.116837	0.911369	0.164799	-0.984799	0.054886	0.903928	0.128531	-0.407914
25915	9.180358	0.277105	-4.520001	0.055711	0.076255	-0.148927	0.393707	0.118243	0.911599	0.165874	-0.984552	0.056067	0.904146	0.129137	-0.407238
25916	9.133629	0.296208	-4.492516	0.094077	0.083768	-0.152931	0.392678	0.119678	0.911856	0.167311	-0.984248	0.057129	0.904329	0.130130	-0.406515
25917	9.076317	0.519061	-4.283752	0.102683	0.093103	-0.162172	0.391547	0.121191	0.912142	0.168860	-0.983918	0.058242	0.904531	0.131220	-0.405714
25918	9.036036	0.586547	-4.200777	0.088838	0.095854	-0.163054	0.390386	0.122708	0.912437	0.170288	-0.983601	0.059420	0.904766	0.132180	-0.404880
25919	9.098604	0.626616	-4.117065	0.125532	0.100640	-0.155387	0.389194	0.124140	0.912753	0.172014	-0.983242	0.060382	0.904953	0.133506	-0.404025
25920	9.264210	0.822918	-3.902161	0.157875	0.091967	-0.139626	0.388103	0.125427	0.913041	0.173969	-0.982856	0.061070	0.905048	0.135139	-0.403269
25921	9.271797	0.903324	-3.646581	0.191418	0.071169	-0.115171	0.387241	0.126500	0.913259	0.176132	-0.982450	0.061401	0.904998	0.137077	-0.402725
25922	9.193435	1.221908	-3.259464	0.225348	0.046088	-0.103737	0.386622	0.127494	0.913383	0.178558	-0.982006	0.061492	0.904787	0.139318	-0.402430
25923	9.166187	1.500637	-2.846145	0.203847	0.011182	-0.098823	0.386327	0.128487	0.913369	0.180768	-0.981593	0.061625	0.904475	0.141301	-0.402442
25924	9.277865	1.699611	-2.378385	0.134768	-0.029353	-0.084345	0.386421	0.129394	0.913201	0.182297	-0.981293	0.061904	0.904127	0.142553	-0.402781
25925	9.545768	1.738722	-2.049061	0.035131	-0.080872	-0.070586	0.387007	0.130241	0.912832	0.182872	-0.981151	0.062457	0.903761	0.142760	-0.403530
25926	10.019905	1.838438	-1.768435	-0.061872	-0.136522	-0.024559	0.388177	0.130715	0.912268	0.182394	-0.981206	0.062983	0.903355	0.141944	-0.404723
25927	10.332641	1.793084	-1.512796	-0.161614	-0.195095	0.049166	0.390012	0.130546	0.911509	0.180728	-0.981498	0.063241	0.902900	0.140071	-0.406389
25928	10.208958	1.610483	-1.260527	-0.150930	-0.261308	0.084862	0.392503	0.130116	0.910501	0.179021	-0.981818	0.063135	0.902160	0.138218	-0.408660
25929	10.032954	1.716900	-0.944911	-0.057106	-0.353444	0.115828	0.395880	0.129504	0.909125	0.178034	-0.982046	0.062366	0.900879	0.137166	-0.411828
25930	9.996009	2.040731	-0.744140	0.017512	-0.445689	0.138520	0.400116	0.128794	0.907369	0.177628	-0.982200	0.061088	0.899086	0.136732	-0.415871
25931	9.975129	2.168447	-0.701203	0.086351	-0.537940	0.177622	0.405245	0.127823	0.905228	0.177674	-0.982309	0.059168	0.896777	0.136857	-0.420787
25932	9.933507	2.121639	-0.822232	0.134071	-0.640136	0.245996	0.411392	0.126325	0.902662	0.177858	-0.982437	0.056430	0.893937	0.137331	-0.426635
25933	9.971700	2.126668	-0.876272	0.189856	-0.752401	0.314303	0.418649	0.124312	0.899600	0.178234	-0.982569	0.052832	0.890486	0.138221	-0.433508
25934	9.980074	1.964095	-1.135190	0.229273	-0.844737	0.383227	0.426815	0.121760	0.896105	0.178639	-0.982721	0.048443	0.886520	0.139403	-0.441191
25935	9.988707	1.805562	-1.372370	0.283018	-0.941556	0.466988	0.435960	0.118529	0.892127	0.179114	-0.982886	0.043058	0.881962	0.141021	-0.449729
25936	10.133297	1.546501	-1.830566	0.258675	-1.029941	0.576070	0.446024	0.114367	0.887684	0.178842	-0.983189	0.036811	0.876971	0.142337	-0.458980
25937	10.286978	1.188891	-2.245769	0.172471	-1.089402	0.697312	0.456775	0.109101	0.882867	0.177191	-0.983723	0.029890	0.871757	0.142783	-0.468672
25938	10.227114	0.569278	-2.941042	0.061856	-1.116142	0.797453	0.467851	0.102886	0.877798	0.174036	-0.984479	0.022632	0.866503	0.142180	-0.478496
25939	10.053575	0.012462	-3.475487	-0.061255	-1.138846	0.895666	0.479211	0.095712	0.872465	0.169255	-0.985456	0.015142	0.861226	0.140413	-0.488441
25940	9.938859	-0.752250	-4.052743	-0.153048	-1.136527	0.980481	0.490574	0.087668	0.866978	0.163183	-0.986568	0.007425	0.855984	0.137833	-0.498291
25941	9.781855	-1.264682	-4.844931	-0.169146	-1.088968	1.018131	0.501481	0.079143	0.861541	0.156679	-0.987649	-0.000471	0.850863	0.135222	-0.507688
25942	9.341378	-1.529692	-5.129922	-0.179288	-1.038709	1.036386	0.511857	0.070336	0.856186	0.149905	-0.988665	-0.008399	0.845890	0.132645	-0.516599
25943	8.821183	-1.877186	-5.690244	-0.240318	-0.962031	1.037073	0.521475	0.061378	0.851056	0.142511	-0.989665	-0.015948	0.841282	0.129601	-0.524832
25944	8.409306	-1.896697	-6.359589	-0.179846	-0.888748	1.013322	0.530318	0.052529	0.846170	0.135671	-0.990474	-0.023541	0.836873	0.127285	-0.532393
25945	8.003917	-1.396803	-6.433239	-0.242684	-0.811198	0.989053	0.538382	0.043789	0.841562	0.128353	-0.991258	-0.030535	0.832869	0.124456	-0.539296
25946	7.644093	-1.274935	-6.422680	-0.425409	-0.739408	0.967368	0.545704	0.035141	0.837241	0.119573	-0.992162	-0.036293	0.829403	0.119916	-0.545629
25947	7.226251	-1.642320	-6.491636	-0.573903	-0.658425	0.928753	0.552208	0.026730	0.833278	0.109716	-0.993123	-0.040850	0.826456	0.113982	-0.551343
25948	6.850931	-2.089746	-6.396807	-0.609696	-0.581913	0.868712	0.557899	0.018786	0.829696	0.099863	-0.993999	-0.044643	0.823879	0.107762	-0.556427
25949	6.793741	-2.028607	-5.912854	-0.578905	-0.469185	0.784737	0.562495	0.011514	0.826721	0.090697	-0.994728	-0.047856	0.821811	0.101900	-0.560574
25950	6.520737	-2.200757	-5.447555	-0.506710	-0.315360	0.681770	0.565656	0.005085	0.824626	0.082690	-0.995291	-0.050585	0.820485	0.096802	-0.563413
25951	6.387790	-2.687742	-5.151068	-0.389760	-0.142003	0.552362	0.567248	-0.000240	0.823547	0.076359	-0.995677	-0.052886	0.819999	0.092884	-0.564778
25952	6.420170	-3.478465	-4.984526	-0.162832	-0.027726	0.409669	0.567762	-0.004254	0.823181	0.072698	-0.995820	-0.055287	0.819976	0.091234	-0.565080
25953	7.126924	-3.876038	-4.637130	0.195836	0.079390	0.264517	0.567293	-0.006921	0.823487	0.072798	-0.995629	-0.058518	0.820292	0.093145	-0.564309
25954	7.704537	-3.609957	-4.184167	0.630675	0.223644	0.091140	0.565507	-0.008005	0.824705	0.077456	-0.995018	-0.062770	0.821098	0.099375	-0.562069
25955	7.847457	-3.077020	-3.862175	1.050325	0.372059	-0.062111	0.562387	-0.007737	0.826838	0.086431	-0.993928	-0.068088	0.822344	0.109757	-0.558304
25956	7.881724	-2.484286	-3.800605	1.392458	0.509675	-0.183987	0.558002	-0.006467	0.829815	0.098922	-0.992321	-0.074253	0.823923	0.123520	-0.553077
25957	7.972591	-1.762797	-3.923157	1.584095	0.643774	-0.283255	0.552377	-0.004466	0.833582	0.113556	-0.990261	-0.080553	0.825823	0.139154	-0.546491
25958	8.177459	-1.005352	-4.009322	1.582033	0.765969	-0.359712	0.545586	-0.001997	0.838052	0.128612	-0.987952	-0.086082	0.828127	0.154749	-0.538756
25959	8.404866	-0.560970	-4.210564	1.426969	0.894373	-0.431979	0.537566	0.000857	0.843221	0.142783	-0.985651	-0.090024	0.831045	0.168791	-0.529975
25960	8.569471	-0.072215	-4.348084	1.205731	1.010247	-0.472731	0.528425	0.003783	0.848972	0.155341	-0.983539	-0.092307	0.834647	0.180658	-0.520314
25961	8.674478	0.388381	-4.408931	0.926093	1.121748	-0.492484	0.518232	0.006582	0.855215	0.165661	-0.981804	-0.092828	0.839042	0.189782	-0.509893
