// General information: 
//  MT Manager version: 2022.2.0 
//  XDA version: 2022.2.0 build 7381 rev 124627 built on 2023-07-19
// Device information: 
//  DeviceId: 00B4CB9F
//  ProductCode: MTW2-3A7G6
//  Firmware Version: 4.6.0
//  Hardware Version: 2.0.0
// Device settings: 
//  Filter Profile: human(46.1)
//  Option Flags: Orientation Smoother Disabled, Position/Velocity Smoother Disabled, Continuous Zero Rotation Update Disabled, AHS Disabled, ICC Disabled
// Coordinate system: ENU
PacketCounter	Acc_X	Acc_Y	Acc_Z	Gyr_X	Gyr_Y	Gyr_Z	Mat[1][1]	Mat[2][1]	Mat[3][1]	Mat[1][2]	Mat[2][2]	Mat[3][2]	Mat[1][3]	Mat[2][3]	Mat[3][3]
21630	10.075133	0.423537	0.526814	0.027941	-0.428565	0.001532	0.025745	-0.056431	0.998075	-0.209097	0.976017	0.060577	-0.977556	-0.210254	0.013328
21631	10.791814	0.498305	1.167740	-0.037142	-0.418417	0.006318	0.021589	-0.057228	0.998128	-0.208758	0.976096	0.060480	-0.977729	-0.209672	0.009126
21632	10.311810	0.502241	1.404199	-0.030618	-0.328148	0.023093	0.018266	-0.057717	0.998166	-0.208610	0.976141	0.060261	-0.977828	-0.209328	0.005790
21633	9.530434	0.555124	0.818158	-0.055094	-0.280667	-0.007655	0.015485	-0.058358	0.998176	-0.208092	0.976248	0.060305	-0.977987	-0.208647	0.002973
21634	9.698199	0.294151	0.253353	-0.111812	-0.241218	-0.069062	0.013179	-0.059464	0.998143	-0.207031	0.976437	0.060905	-0.978246	-0.207450	0.000557
21635	9.607913	0.217664	-0.099945	-0.072105	-0.228749	-0.076451	0.011046	-0.060664	0.998097	-0.206339	0.976537	0.061638	-0.978418	-0.206627	-0.001730
21636	9.485712	0.250956	-0.085262	-0.019382	-0.324690	-0.039855	0.007831	-0.061749	0.998061	-0.206197	0.976542	0.062035	-0.978479	-0.206283	-0.005085
21637	9.558704	0.124664	-0.046630	-0.026319	-0.373475	-0.036658	0.004199	-0.062856	0.998014	-0.205959	0.976571	0.062372	-0.978552	-0.205812	-0.008845
21638	9.496727	0.023840	-0.095254	-0.060726	-0.430760	-0.047022	-0.000010	-0.064183	0.997938	-0.205441	0.976652	0.062812	-0.978670	-0.205017	-0.013195
21639	9.647784	-0.012089	-0.154698	-0.067295	-0.463272	-0.079289	-0.004434	-0.065885	0.997817	-0.204806	0.976735	0.063583	-0.978793	-0.204077	-0.017824
21640	9.734075	-0.070605	-0.270842	-0.061716	-0.449620	-0.096161	-0.008724	-0.067708	0.997667	-0.204287	0.976783	0.064505	-0.978872	-0.203248	-0.022353
21641	9.645394	0.019869	-0.632923	-0.071623	-0.442526	-0.106210	-0.012892	-0.069623	0.997490	-0.203619	0.976853	0.065551	-0.978965	-0.202263	-0.026770
21642	9.644902	0.216853	-0.688262	-0.047062	-0.430187	-0.091930	-0.017043	-0.071375	0.997304	-0.203200	0.976881	0.066440	-0.978989	-0.201520	-0.031152
21643	9.613372	0.442668	-0.497118	-0.021244	-0.418741	-0.075978	-0.021041	-0.072939	0.997114	-0.203028	0.976866	0.067174	-0.978947	-0.201029	-0.035363
21644	9.539146	0.564683	-0.191434	-0.040219	-0.433464	-0.079731	-0.025277	-0.074509	0.996900	-0.202612	0.976904	0.067877	-0.978933	-0.200269	-0.039790
21645	9.578360	0.351853	-0.246659	-0.075080	-0.483166	-0.090344	-0.029878	-0.076337	0.996634	-0.201924	0.976983	0.068778	-0.978945	-0.199190	-0.044604
21646	10.030076	0.374249	-0.426079	-0.068780	-0.534305	-0.106272	-0.035015	-0.078462	0.996302	-0.201347	0.977025	0.069867	-0.978894	-0.198156	-0.050008
21647	10.141501	0.530468	-0.297647	-0.043429	-0.567872	-0.099398	-0.040426	-0.080535	0.995932	-0.200981	0.977030	0.070849	-0.978761	-0.197299	-0.055684
21648	10.167490	0.512019	0.401462	-0.078264	-0.587325	-0.089577	-0.046053	-0.082552	0.995522	-0.200381	0.977087	0.071753	-0.978635	-0.196179	-0.061539
21649	10.165486	0.077765	1.098208	-0.096622	-0.562407	-0.089114	-0.051431	-0.084501	0.995095	-0.199500	0.977199	0.072671	-0.978547	-0.194784	-0.067116
21650	9.904050	-0.131398	1.417148	-0.087986	-0.535731	-0.074413	-0.056701	-0.086213	0.994662	-0.198623	0.977324	0.073387	-0.978434	-0.193402	-0.072539
21651	10.113590	0.325415	1.491962	-0.099866	-0.542583	-0.073438	-0.061917	-0.087955	0.994198	-0.197711	0.977451	0.074161	-0.978303	-0.191972	-0.077911
21652	10.663607	0.972122	1.699898	-0.215447	-0.553559	-0.090451	-0.067219	-0.089927	0.993677	-0.195789	0.977755	0.075242	-0.978339	-0.189494	-0.083331
21653	10.267256	0.998879	1.525211	-0.395499	-0.556736	-0.110453	-0.072506	-0.092030	0.993113	-0.192017	0.978394	0.076647	-0.978709	-0.185138	-0.088611
21654	9.937906	0.382711	1.110934	-0.508742	-0.574148	-0.149934	-0.077956	-0.094526	0.992465	-0.187196	0.979176	0.078556	-0.979224	-0.179662	-0.094027
21655	10.106965	-0.166126	0.933735	-0.539387	-0.597179	-0.173179	-0.083538	-0.097257	0.991747	-0.182074	0.979962	0.080764	-0.979730	-0.173824	-0.099572
21656	10.457948	-0.393796	0.769056	-0.539534	-0.618628	-0.188079	-0.089244	-0.100096	0.990967	-0.177162	0.980667	0.083101	-0.980127	-0.168146	-0.105252
21657	10.784227	-0.376685	0.496981	-0.504280	-0.608730	-0.196108	-0.094921	-0.103004	0.990141	-0.172420	0.981301	0.085555	-0.980439	-0.162599	-0.110906
21658	10.748694	-0.024065	0.414364	-0.466637	-0.594683	-0.209895	-0.100445	-0.105874	0.989293	-0.168175	0.981822	0.087999	-0.980626	-0.157535	-0.116425
21659	10.448557	0.201052	0.237874	-0.445334	-0.561827	-0.246200	-0.105599	-0.109140	0.988401	-0.164081	0.982247	0.090930	-0.980778	-0.152576	-0.121632
21660	9.499697	0.081166	-0.058453	-0.400972	-0.536799	-0.329830	-0.110427	-0.113011	0.987438	-0.160568	0.982492	0.094488	-0.980828	-0.148117	-0.126639
21661	10.510471	0.061905	-0.372290	-0.302172	-0.650996	-0.361610	-0.116287	-0.117493	0.986242	-0.158035	0.982517	0.098415	-0.980562	-0.144416	-0.132822
21662	10.396716	0.117872	-0.132855	-0.201976	-0.578917	-0.376338	-0.121476	-0.121889	0.985082	-0.156566	0.982361	0.102245	-0.980169	-0.141810	-0.138417
21663	10.359813	-0.097249	0.347983	-0.123715	-0.569124	-0.386947	-0.126501	-0.126467	0.983872	-0.155853	0.982055	0.106195	-0.979646	-0.139906	-0.143941
21664	10.886971	-0.326783	1.379500	-0.087170	-0.535939	-0.401460	-0.131181	-0.131116	0.982649	-0.155638	0.981647	0.110205	-0.979065	-0.138481	-0.149181
21665	11.380411	-0.280026	2.448234	-0.038824	-0.409069	-0.401580	-0.134612	-0.135598	0.981577	-0.155812	0.981166	0.114173	-0.978572	-0.137572	-0.153205
21666	11.487666	0.113790	3.109668	-0.026938	-0.208310	-0.399179	-0.136034	-0.139744	0.980799	-0.156283	0.980633	0.118044	-0.978300	-0.137224	-0.155239
21667	11.297919	0.400871	3.240298	-0.051944	0.010554	-0.408298	-0.135345	-0.143708	0.980321	-0.156349	0.980127	0.122094	-0.978385	-0.136748	-0.155123
21668	11.162450	0.548053	3.249348	-0.073404	0.185615	-0.429765	-0.132868	-0.147559	0.980088	-0.156401	0.979588	0.126280	-0.978716	-0.136508	-0.153234
21669	11.170663	0.719248	3.243982	-0.032158	0.372894	-0.435380	-0.128588	-0.151288	0.980090	-0.156676	0.978982	0.130561	-0.979244	-0.136768	-0.149588
21670	10.777280	1.159167	3.662481	0.007469	0.517587	-0.437950	-0.122826	-0.154692	0.980298	-0.157523	0.978294	0.134639	-0.979847	-0.137882	-0.144528
21671	10.357499	1.677003	4.052253	-0.045794	0.635223	-0.441207	-0.115957	-0.158105	0.980590	-0.157622	0.977669	0.138995	-0.980668	-0.138445	-0.138288
21672	10.204498	2.119728	4.574884	-0.139232	0.802871	-0.455416	-0.107348	-0.161315	0.981047	-0.156993	0.977120	0.143491	-0.981748	-0.138614	-0.130217
21673	9.922059	2.333331	5.716975	-0.300163	1.067831	-0.490520	-0.096144	-0.164608	0.981662	-0.154565	0.976737	0.148644	-0.983293	-0.137439	-0.119350
21674	8.846196	2.086069	6.470746	-0.535392	1.287289	-0.516834	-0.082631	-0.167749	0.982361	-0.150033	0.976591	0.154144	-0.985222	-0.134650	-0.105865
21675	8.282652	1.831913	6.483094	-0.777328	1.307859	-0.546827	-0.068983	-0.171339	0.982794	-0.142804	0.976692	0.160251	-0.987344	-0.129292	-0.091843
21676	9.194386	1.382605	6.035181	-0.887241	1.324593	-0.505264	-0.055165	-0.174354	0.983137	-0.134592	0.976948	0.165705	-0.989364	-0.123181	-0.077360
21677	9.943912	1.338585	5.917785	-0.724053	1.492149	-0.399289	-0.039918	-0.176424	0.983504	-0.127637	0.977126	0.170100	-0.991017	-0.118742	-0.061523
21678	10.125275	1.584811	5.798618	-0.565603	1.611794	-0.288932	-0.023518	-0.177218	0.983891	-0.122369	0.977273	0.173101	-0.992206	-0.116327	-0.044669
21679	10.498290	1.452878	5.320733	-0.548437	1.631392	-0.200865	-0.007134	-0.177276	0.984135	-0.116981	0.977551	0.175242	-0.993108	-0.113875	-0.027712
21680	11.583002	1.181992	4.397497	-0.667348	1.713103	-0.155838	0.010084	-0.176616	0.984228	-0.110581	0.978044	0.176640	-0.993816	-0.110618	-0.009667
21681	11.951038	1.292627	2.845120	-0.652349	1.803580	-0.121111	0.028091	-0.175807	0.984024	-0.104101	0.978545	0.177800	-0.994170	-0.107432	0.009187
21682	12.511833	1.959205	1.271618	-0.645377	1.839364	-0.097621	0.046499	-0.174628	0.983536	-0.097863	0.979068	0.178461	-0.994113	-0.104550	0.028436
21683	12.792977	2.198643	-0.305380	-0.785564	1.845782	-0.059301	0.064851	-0.173292	0.982733	-0.090050	0.979772	0.178712	-0.993824	-0.100085	0.047934
21684	12.794237	1.376244	-1.591377	-1.072337	1.726747	-0.013345	0.082146	-0.171426	0.981766	-0.079755	0.980806	0.177931	-0.993424	-0.092917	0.066897
21685	13.022009	0.649554	-2.615569	-1.248914	1.645202	0.010599	0.098428	-0.169842	0.980544	-0.067391	0.981929	0.176846	-0.992860	-0.083486	0.085204
21686	13.146894	0.838384	-3.255365	-1.218837	1.623187	0.055463	0.114637	-0.167755	0.979141	-0.055727	0.983001	0.174941	-0.991843	-0.074620	0.103340
21687	13.003582	0.932178	-3.577691	-0.972445	1.670908	0.134393	0.131080	-0.165213	0.977508	-0.046287	0.983921	0.172503	-0.990291	-0.067857	0.121326
21688	11.997451	0.689200	-3.194848	-0.705387	1.733448	0.231526	0.148292	-0.161511	0.975666	-0.040065	0.984783	0.169110	-0.988132	-0.064167	0.139564
21689	11.643824	0.187930	-3.312208	-0.379318	1.726905	0.350265	0.165152	-0.156930	0.973703	-0.036904	0.985586	0.165104	-0.985578	-0.063200	0.156980
21690	11.910598	0.329068	-2.909915	0.162856	1.827013	0.453383	0.183017	-0.150908	0.971458	-0.039614	0.986214	0.160663	-0.982311	-0.067887	0.174516
21691	11.371226	0.785079	-2.002616	0.473846	2.012163	0.487813	0.202488	-0.144622	0.968547	-0.045234	0.986598	0.156774	-0.978240	-0.075556	0.193232
21692	10.734027	1.045273	-0.867276	0.603615	2.065612	0.445177	0.222598	-0.138191	0.965067	-0.052559	0.986762	0.153421	-0.973493	-0.084874	0.212388
21693	10.555387	1.592270	-0.312820	0.403725	1.995679	0.390307	0.241716	-0.132547	0.961252	-0.057422	0.986937	0.150529	-0.968647	-0.091582	0.230947
21694	10.445858	1.901476	-0.615099	0.123160	1.939225	0.417723	0.260109	-0.126381	0.957273	-0.059741	0.987392	0.146590	-0.963729	-0.095318	0.249279
21695	9.921452	1.700944	-0.684211	-0.016075	1.885064	0.485036	0.277889	-0.119742	0.953121	-0.060929	0.988006	0.141889	-0.958679	-0.097503	0.267260
21696	9.687836	1.578007	-0.900243	0.085128	1.778107	0.537895	0.294467	-0.112455	0.949022	-0.063395	0.988566	0.136812	-0.953557	-0.100450	0.283971
21697	9.760322	2.034401	-1.264453	0.244890	1.738524	0.568096	0.310580	-0.105023	0.944728	-0.067482	0.988934	0.132122	-0.948149	-0.104786	0.300056
21698	9.646639	2.422350	-1.163750	0.265006	1.763781	0.615419	0.326804	-0.096740	0.940128	-0.072165	0.989289	0.126884	-0.942333	-0.109310	0.316323
21699	9.232867	2.121584	-0.724168	0.161366	1.776597	0.642708	0.342970	-0.088378	0.935180	-0.075873	0.989705	0.121357	-0.936277	-0.112577	0.332733
21700	8.881190	1.531790	-0.600510	0.042828	1.715712	0.664727	0.358301	-0.079747	0.930194	-0.078620	0.990229	0.115178	-0.930290	-0.114401	0.348530
21701	8.826130	0.712430	-0.704810	0.008130	1.618540	0.711026	0.372696	-0.070811	0.925248	-0.081336	0.990754	0.108587	-0.924382	-0.115726	0.363490
21702	8.928243	0.245382	-0.831185	0.069137	1.510312	0.757722	0.385874	-0.061393	0.920507	-0.084987	0.991175	0.101732	-0.918629	-0.117487	0.377251
21703	8.891303	0.169142	-0.921366	0.139211	1.417998	0.796492	0.398119	-0.051784	0.915871	-0.089427	0.991459	0.094931	-0.912964	-0.119697	0.390088
21704	8.652024	0.394224	-1.093138	0.196620	1.333339	0.818111	0.409459	-0.041784	0.911371	-0.094683	0.991610	0.088001	-0.907402	-0.122324	0.402068
21705	8.207373	0.656925	-1.219536	0.263012	1.250843	0.828794	0.419921	-0.031985	0.906997	-0.100542	0.991588	0.081517	-0.901974	-0.125422	0.413172
21706	7.894427	1.085519	-1.437724	0.352387	1.138350	0.817692	0.429193	-0.022229	0.902939	-0.107204	0.991377	0.075363	-0.896828	-0.129144	0.423108
21707	7.849901	1.999370	-1.468103	0.427980	1.045129	0.761702	0.437650	-0.013275	0.899048	-0.114377	0.990946	0.070310	-0.891841	-0.133601	0.432169
21708	7.759802	2.925367	-1.435117	0.484229	0.942846	0.676367	0.445112	-0.005138	0.895460	-0.121831	0.990338	0.066241	-0.887149	-0.138580	0.440185
21709	7.519373	3.200211	-1.455592	0.495769	0.880021	0.545368	0.452169	0.001533	0.891931	-0.128709	0.989644	0.063549	-0.882597	-0.143534	0.447684
21710	7.023849	3.052680	-0.990682	0.546706	0.902010	0.417848	0.459419	0.007110	0.888191	-0.135523	0.988821	0.062184	-0.877820	-0.148939	0.455246
21711	6.513902	2.579690	-0.240665	0.614851	0.916579	0.313385	0.466960	0.011630	0.884202	-0.142401	0.987852	0.062211	-0.872737	-0.154961	0.462943
21712	6.785388	2.529456	0.867357	0.702784	0.900032	0.281927	0.474285	0.016010	0.880226	-0.150135	0.986659	0.062950	-0.867475	-0.162009	0.470361
21713	7.905155	3.252796	2.179510	0.720603	0.919870	0.322471	0.481696	0.020741	0.876093	-0.157953	0.985402	0.063517	-0.861986	-0.168978	0.477940
21714	8.579959	2.579544	4.269269	0.645281	0.849527	0.454694	0.488076	0.026661	0.872394	-0.165552	0.984216	0.062543	-0.856956	-0.174952	0.484786
21715	7.820812	2.097880	5.202162	0.451997	0.435999	0.576122	0.490786	0.033129	0.870650	-0.172284	0.983236	0.059703	-0.854077	-0.179301	0.488266
21716	6.580414	1.030797	4.591275	0.254809	0.207240	0.650222	0.491299	0.040001	0.870072	-0.177793	0.982517	0.055223	-0.852652	-0.181824	0.489821
21717	4.767671	-0.825530	5.069430	0.125266	0.143071	0.613707	0.491367	0.046319	0.869720	-0.181922	0.982016	0.050481	-0.851741	-0.183026	0.490957
21718	4.406907	-2.774472	6.950628	0.060133	0.146103	0.467730	0.491663	0.051317	0.869272	-0.184921	0.981646	0.046640	-0.850924	-0.183678	0.492128
21719	4.443106	-3.298059	9.715482	0.262034	0.268140	0.352221	0.493236	0.055298	0.868136	-0.188928	0.980966	0.044856	-0.849131	-0.186140	0.494295
21720	3.369696	-2.157465	11.620927	0.768882	0.104038	0.294378	0.493418	0.058439	0.867827	-0.196885	0.979347	0.045993	-0.847216	-0.193556	0.494733
21721	3.623104	0.258665	12.675254	1.293012	-0.327583	0.205901	0.490178	0.059825	0.869567	-0.208891	0.976631	0.050562	-0.846221	-0.206429	0.491220
21722	3.454282	1.942104	11.551564	1.669306	-0.772780	0.215277	0.483068	0.060398	0.873497	-0.224176	0.972898	0.056704	-0.846399	-0.223209	0.483515
21723	3.184525	3.221603	8.700299	1.564031	-1.204548	0.191756	0.472367	0.059502	0.879391	-0.238393	0.969157	0.062478	-0.848551	-0.239153	0.471983
21724	5.690285	4.272353	4.549205	0.827490	-1.485350	0.088704	0.459406	0.056840	0.886406	-0.245881	0.967090	0.065421	-0.853516	-0.248005	0.458263
21725	11.376220	5.943043	1.517631	-0.113656	-1.509263	-0.092218	0.446646	0.052232	0.893185	-0.244534	0.967412	0.065708	-0.860645	-0.247762	0.444864
21726	18.398282	8.009121	2.977201	-0.359459	-0.993433	-0.085760	0.438176	0.049115	0.897547	-0.241292	0.968286	0.064811	-0.865899	-0.244970	0.436130
21727	18.884565	6.996446	8.124570	0.138622	-0.203199	0.159811	0.435978	0.050188	0.898557	-0.243236	0.967856	0.063959	-0.866464	-0.246446	0.434172
21728	13.101438	5.163592	8.696815	0.124309	-0.135187	0.345536	0.433863	0.053226	0.899405	-0.245821	0.967373	0.061333	-0.866796	-0.247703	0.432791
21729	7.634654	3.785215	3.643790	-0.374566	-0.517496	0.407414	0.428320	0.055921	0.901895	-0.244369	0.968062	0.056030	-0.869957	-0.244394	0.428306
21730	6.649178	4.047979	-1.688821	-0.914045	-1.024822	0.285958	0.418629	0.056288	0.906411	-0.237673	0.970082	0.049528	-0.876505	-0.236163	0.419483
21731	10.504181	4.307097	-4.097105	-1.290971	-1.209175	0.031917	0.407857	0.053841	0.911457	-0.226482	0.973027	0.043868	-0.884510	-0.224320	0.409050
21732	13.660699	2.106507	-4.391394	-1.411620	-1.071848	-0.073903	0.398455	0.050829	0.915778	-0.213728	0.976122	0.038815	-0.891938	-0.211193	0.399804
21733	12.515859	-1.524167	-3.036116	-0.899613	-0.883529	0.032716	0.390431	0.049347	0.919309	-0.205853	0.977959	0.034931	-0.897323	-0.202880	0.391984
21734	11.435653	-1.692711	-1.788424	-0.095814	-0.961666	0.213014	0.381298	0.049482	0.923127	-0.205814	0.978048	0.032586	-0.901250	-0.202417	0.383112
21735	11.205629	-0.539848	-1.485455	0.167085	-1.016257	0.241287	0.371571	0.049801	0.927068	-0.208275	0.977580	0.030963	-0.904741	-0.204590	0.373613
21736	10.887245	1.727052	-0.116106	0.315652	-0.928340	0.174819	0.362737	0.049599	0.930571	-0.211792	0.976839	0.030492	-0.907505	-0.208148	0.364840
21737	9.371756	3.812345	2.546707	0.214085	-0.847456	0.105086	0.354760	0.048878	0.933679	-0.214158	0.976330	0.030260	-0.910100	-0.210690	0.356830
21738	8.377543	4.118378	4.789641	-0.260479	-0.904609	-0.002384	0.346466	0.046981	0.936885	-0.211850	0.976861	0.029358	-0.913827	-0.208651	0.348402
21739	8.458002	2.093430	4.967407	-0.841902	-0.971298	-0.112198	0.337747	0.043923	0.940211	-0.203794	0.978628	0.027491	-0.918909	-0.200894	0.339480
21740	8.857854	-0.878495	4.570343	-1.106046	-0.977301	-0.153035	0.328992	0.040495	0.943464	-0.193100	0.980854	0.025236	-0.924379	-0.190485	0.330512
21741	9.227090	-3.207098	4.040833	-1.002670	-0.964210	-0.133573	0.320255	0.037421	0.946592	-0.183415	0.982762	0.023203	-0.929406	-0.181050	0.321597
21742	9.267520	-4.276128	3.558434	-0.659589	-0.916491	-0.074567	0.311808	0.035031	0.949499	-0.176990	0.983971	0.021819	-0.933515	-0.174855	0.313010
21743	9.338768	-3.846802	3.170552	-0.345361	-0.837070	-0.024551	0.303973	0.033368	0.952096	-0.173727	0.984571	0.020959	-0.936707	-0.171775	0.305080
21744	9.417283	-2.644767	2.834713	-0.146426	-0.785769	0.028255	0.296502	0.032341	0.954484	-0.172510	0.984800	0.020221	-0.939322	-0.170654	0.297575
21745	9.339690	-1.806673	2.090549	-0.146753	-0.786245	0.024642	0.289013	0.031276	0.956814	-0.171244	0.985035	0.019527	-0.941885	-0.169492	0.290044
21746	9.804612	-1.650409	1.228534	-0.246341	-0.861262	0.016541	0.280799	0.030026	0.959297	-0.169025	0.985436	0.018632	-0.944766	-0.167377	0.281784
21747	10.047200	-2.289928	0.658301	-0.161506	-0.931537	0.004664	0.271926	0.028549	0.961895	-0.167551	0.985697	0.018111	-0.947620	-0.166091	0.272820
21748	10.330882	-2.406550	0.206486	0.087023	-1.002641	0.013126	0.262355	0.027083	0.964591	-0.168515	0.985532	0.018163	-0.950143	-0.167314	0.263123
21749	10.533493	-1.293409	-0.091280	0.479165	-0.995777	0.045912	0.252755	0.025874	0.967184	-0.173231	0.984699	0.018928	-0.951896	-0.172331	0.253370
21750	10.001571	0.462871	1.387310	0.886108	-0.919170	0.095939	0.243787	0.025244	0.969500	-0.181949	0.983101	0.020154	-0.952608	-0.181313	0.244260
21751	9.354718	1.658756	2.673044	0.908021	-0.893560	0.095515	0.235042	0.024550	0.971675	-0.190870	0.981383	0.021375	-0.953060	-0.190488	0.235352
21752	9.251351	1.954911	3.459889	0.748303	-0.858299	0.046631	0.226714	0.023386	0.973681	-0.198162	0.979909	0.022604	-0.953589	-0.198072	0.226793
21753	8.972957	1.450412	4.130295	0.531001	-0.864547	0.022367	0.218368	0.021898	0.975621	-0.203317	0.978830	0.023538	-0.954451	-0.203501	0.218197
21754	8.850671	0.106232	4.160424	0.344504	-0.884126	-0.018498	0.209913	0.019944	0.977517	-0.206613	0.978118	0.024412	-0.955640	-0.207092	0.209440
21755	9.310300	-0.974290	4.039086	0.339756	-0.857670	-0.020027	0.201701	0.017985	0.979282	-0.209859	0.977405	0.025274	-0.956701	-0.210609	0.200917
21756	9.201784	-1.102778	4.246792	0.443836	-0.797620	0.024249	0.193962	0.016573	0.980869	-0.214221	0.976443	0.025863	-0.957334	-0.215139	0.192943
21757	8.997695	-0.780575	4.282538	0.439766	-0.745726	0.068428	0.186619	0.015648	0.982308	-0.218601	0.975468	0.025991	-0.957803	-0.219584	0.185462
21758	8.696988	-0.416965	3.941804	0.246564	-0.731681	0.075296	0.179396	0.014835	0.983665	-0.221200	0.974891	0.025639	-0.958586	-0.222186	0.178173
21759	8.911818	-0.410742	2.662605	0.009181	-0.748166	0.043715	0.172069	0.013625	0.984991	-0.221403	0.974857	0.025192	-0.959882	-0.222414	0.170759
21760	9.383213	-0.734218	0.571513	-0.156445	-0.827511	-0.013705	0.164100	0.011725	0.986374	-0.219973	0.975185	0.025004	-0.961604	-0.221079	0.162607
21761	10.067058	-0.997740	-1.320920	-0.178350	-0.924014	-0.046507	0.155253	0.009263	0.987831	-0.218220	0.975576	0.025148	-0.963471	-0.219469	0.153483
21762	10.057406	-1.129115	-2.256119	0.026813	-1.025481	-0.040421	0.145409	0.006694	0.989349	-0.218531	0.975496	0.025518	-0.964936	-0.219914	0.143309
21763	10.205361	-0.738053	-2.806071	0.271469	-1.157954	-0.048374	0.134282	0.003688	0.990936	-0.221121	0.974891	0.026336	-0.965958	-0.222653	0.131725
21764	10.466214	0.037426	-2.526472	0.545151	-1.287977	-0.035557	0.121864	0.000506	0.992547	-0.226427	0.973645	0.027304	-0.966375	-0.228066	0.118767
21765	10.441140	0.468989	-2.049399	0.676264	-1.417914	0.008773	0.108086	-0.002662	0.994138	-0.233008	0.972073	0.027937	-0.966449	-0.234662	0.104447
21766	10.016036	0.959139	-2.038333	0.708146	-1.508806	0.070299	0.093293	-0.005500	0.995624	-0.240019	0.970369	0.027851	-0.966275	-0.241567	0.089208
21767	9.664399	1.688483	-1.192394	0.685223	-1.554672	0.137823	0.077882	-0.007945	0.996931	-0.246792	0.968692	0.027000	-0.965934	-0.248137	0.073483
21768	9.940277	2.352531	0.560249	0.641787	-1.531751	0.171874	0.062603	-0.010078	0.997988	-0.253184	0.967078	0.025648	-0.965390	-0.254280	0.057990
21769	10.089954	2.203438	2.882723	0.458615	-1.446126	0.171303	0.048151	-0.012106	0.998767	-0.257740	0.965913	0.024133	-0.965014	-0.258584	0.043390
21770	10.044870	0.955588	4.656112	0.226021	-1.318312	0.153703	0.034977	-0.013999	0.999290	-0.260043	0.965332	0.022626	-0.964963	-0.260650	0.030124
21771	9.583244	-0.640440	5.193292	0.006831	-1.176002	0.143978	0.023197	-0.015649	0.999608	-0.260184	0.965327	0.021150	-0.965280	-0.260573	0.018321
21772	9.427816	-1.883989	5.078928	-0.021028	-1.039122	0.132128	0.012769	-0.017036	0.999773	-0.260075	0.965386	0.019771	-0.965504	-0.260269	0.007896
21773	9.693010	-2.078738	4.808783	0.079415	-0.935816	0.138531	0.003317	-0.018112	0.999830	-0.260885	0.965195	0.018350	-0.965364	-0.260902	-0.001523
21774	9.789305	-1.636232	4.215484	0.077574	-0.884345	0.141316	-0.005635	-0.018990	0.999804	-0.261726	0.964995	0.016854	-0.965126	-0.261580	-0.010408
21775	9.694835	-0.968088	2.826346	-0.037416	-0.887653	0.122999	-0.014580	-0.020097	0.999692	-0.261384	0.965109	0.015590	-0.965125	-0.261076	-0.019324
21776	9.845060	-0.560299	1.649875	-0.177457	-0.885658	0.071131	-0.023359	-0.021632	0.999493	-0.259769	0.965557	0.014827	-0.965388	-0.259291	-0.028174
21777	10.132948	-0.202641	1.679329	-0.238194	-0.871384	0.002064	-0.031834	-0.023836	0.999209	-0.257499	0.966164	0.014844	-0.965754	-0.256823	-0.036895
21778	9.895153	0.039519	1.189038	-0.517140	-0.894268	-0.114795	-0.040215	-0.027136	0.998823	-0.252673	0.967418	0.016109	-0.966716	-0.251727	-0.045761
21779	10.450091	-0.005049	0.486804	-0.683407	-0.875770	-0.185412	-0.048280	-0.031079	0.998350	-0.246174	0.969054	0.018262	-0.968022	-0.244886	-0.054437
21780	10.596532	-0.399704	0.072212	-0.686474	-0.853163	-0.186144	-0.056128	-0.034865	0.997815	-0.239744	0.970621	0.020429	-0.969212	-0.238074	-0.062838
21781	10.562097	-0.419758	-0.096316	-0.554207	-0.859994	-0.150434	-0.064165	-0.038322	0.997203	-0.234491	0.971863	0.022260	-0.969998	-0.232407	-0.071346
21782	10.477664	-0.340306	0.055905	-0.502631	-0.868500	-0.119408	-0.072344	-0.041390	0.996521	-0.229835	0.972940	0.023726	-0.970537	-0.227319	-0.079899
21783	10.839941	-0.664102	0.048188	-0.495143	-0.868313	-0.112270	-0.080572	-0.044407	0.995759	-0.225143	0.973999	0.025219	-0.970988	-0.222157	-0.088475
21784	11.002802	-0.469171	0.158423	-0.340221	-0.804686	-0.104577	-0.088176	-0.047112	0.994990	-0.222074	0.974671	0.026470	-0.971035	-0.218627	-0.096405
21785	10.784989	-0.244471	0.870962	-0.147214	-0.679766	-0.112905	-0.094580	-0.049665	0.994278	-0.220777	0.974931	0.027697	-0.970728	-0.216894	-0.103174
21786	10.633553	0.238659	1.586158	-0.041811	-0.603652	-0.132804	-0.100169	-0.052175	0.993601	-0.220651	0.974923	0.028950	-0.970195	-0.216339	-0.109170
21787	10.389763	0.839702	1.508414	-0.037530	-0.616740	-0.187315	-0.105792	-0.055305	0.992849	-0.220508	0.974898	0.030809	-0.969631	-0.215672	-0.115332
21788	10.530641	0.912646	1.051603	-0.138721	-0.631411	-0.262412	-0.111358	-0.059125	0.992020	-0.219605	0.975015	0.033460	-0.969213	-0.214127	-0.121559
21789	10.657681	0.544846	0.570328	-0.218198	-0.615338	-0.311295	-0.116694	-0.063442	0.991140	-0.217874	0.975284	0.036775	-0.968976	-0.211652	-0.127632
21790	10.837317	0.198271	0.552774	-0.229887	-0.573848	-0.339923	-0.121532	-0.067866	0.990265	-0.216215	0.975513	0.040320	-0.968752	-0.209210	-0.133230
21791	10.954455	0.050342	1.092536	-0.211735	-0.469819	-0.356267	-0.125370	-0.072290	0.989473	-0.214632	0.975699	0.044089	-0.968615	-0.206845	-0.137839
21792	10.807273	-0.067315	1.880459	-0.191524	-0.325032	-0.359785	-0.127760	-0.076383	0.988859	-0.213386	0.975798	0.047805	-0.968578	-0.204902	-0.140967
21793	10.469450	-0.377276	2.412474	-0.163155	-0.211641	-0.360790	-0.129096	-0.080306	0.988375	-0.212297	0.975844	0.051559	-0.968640	-0.203173	-0.143027
21794	10.576358	-0.623335	2.763268	-0.069859	-0.121580	-0.363663	-0.129517	-0.084003	0.988013	-0.212250	0.975659	0.055129	-0.968595	-0.202565	-0.144194
21795	10.949693	-0.549956	3.204671	0.025606	0.029466	-0.360610	-0.128519	-0.087432	0.987845	-0.212991	0.975295	0.058611	-0.968565	-0.202869	-0.143966
21796	11.243064	-0.225460	3.833955	0.020272	0.258541	-0.358909	-0.125255	-0.090296	0.988007	-0.213825	0.974903	0.061991	-0.968809	-0.203496	-0.141419
21797	11.005307	0.123057	4.475454	-0.049858	0.585380	-0.375950	-0.118831	-0.092740	0.988574	-0.213829	0.974657	0.065731	-0.969617	-0.203575	-0.135650
21798	10.426840	0.767912	5.060563	-0.074571	0.905741	-0.415257	-0.109152	-0.094814	0.989493	-0.213788	0.974385	0.069783	-0.970763	-0.203924	-0.126626
21799	9.821714	1.228510	6.292803	-0.126327	1.183097	-0.456845	-0.096737	-0.096823	0.990589	-0.213060	0.974201	0.074414	-0.972238	-0.203856	-0.114871
21800	8.994830	1.243095	6.946758	-0.274891	1.308566	-0.523003	-0.082880	-0.099143	0.991616	-0.211052	0.974215	0.079763	-0.973955	-0.202672	-0.101668
21801	8.664999	1.403851	7.448661	-0.483345	1.336546	-0.605261	-0.068639	-0.102324	0.992380	-0.206829	0.974574	0.086182	-0.975966	-0.199338	-0.088057
21802	8.622215	1.508396	7.411582	-0.806754	1.396361	-0.680886	-0.053582	-0.106082	0.992913	-0.199589	0.975414	0.093441	-0.978414	-0.193167	-0.073437
21803	8.638016	1.401320	7.394535	-1.268330	1.402058	-0.706955	-0.038527	-0.110320	0.993149	-0.187517	0.977029	0.101255	-0.981505	-0.182331	-0.058329
21804	9.451510	0.524101	6.571187	-1.615071	1.407225	-0.693355	-0.023403	-0.114467	0.993151	-0.172105	0.979053	0.108787	-0.984801	-0.168381	-0.042613
21805	11.326017	-0.309261	5.932102	-1.732491	1.648617	-0.585958	-0.006235	-0.117526	0.993050	-0.155137	0.981160	0.115144	-0.987873	-0.153341	-0.024350
21806	11.170809	-0.935069	4.687683	-1.263099	1.888765	-0.378664	0.013069	-0.118268	0.992896	-0.142907	0.982566	0.118919	-0.989650	-0.143446	-0.004060
21807	10.390110	0.239443	1.617771	-0.668015	1.489298	-0.149829	0.027971	-0.117606	0.992666	-0.136299	0.983331	0.120341	-0.990273	-0.138665	0.011475
21808	12.739815	1.719461	-1.162779	-0.901433	1.305924	-0.040552	0.041011	-0.116056	0.992396	-0.127616	0.984488	0.120405	-0.990975	-0.131583	0.025565
21809	14.655279	1.974096	-2.647309	-1.403213	1.348193	0.056020	0.054261	-0.113778	0.992023	-0.113766	0.986313	0.119346	-0.992025	-0.119334	0.040574
21810	15.506760	1.670667	-1.962336	-1.558780	1.588396	0.149955	0.069922	-0.110323	0.991433	-0.098661	0.988228	0.116925	-0.992662	-0.105991	0.058215
21811	15.096233	1.027213	-2.149409	-1.311247	1.638465	0.252371	0.085904	-0.106145	0.990633	-0.085880	0.989819	0.113505	-0.992595	-0.094826	0.075914
21812	14.827719	0.632332	-2.616263	-0.790895	1.679441	0.390611	0.102295	-0.100519	0.989662	-0.078680	0.990947	0.108782	-0.991638	-0.088994	0.093460
21813	14.226470	0.247332	-2.972580	-0.432178	1.747422	0.490843	0.119184	-0.094083	0.988405	-0.074981	0.991805	0.103448	-0.990037	-0.086441	0.111152
21814	13.052548	-0.287450	-3.490059	-0.211718	1.815819	0.533093	0.136787	-0.087011	0.986772	-0.073845	0.992467	0.097750	-0.987844	-0.086240	0.129331
21815	11.797121	-0.864099	-2.308243	0.033342	1.994079	0.532894	0.156012	-0.079944	0.984515	-0.074997	0.992884	0.092508	-0.984904	-0.088267	0.148906
21816	12.065407	-0.735567	-1.778936	0.315077	1.840464	0.516708	0.173743	-0.072917	0.982088	-0.079227	0.992988	0.087743	-0.981599	-0.093053	0.166748
21817	12.750209	0.314216	-2.650756	0.527820	1.698076	0.536328	0.189892	-0.065919	0.979590	-0.085418	0.992851	0.083370	-0.978082	-0.099506	0.182904
21818	12.074048	0.385448	-2.958521	0.396308	1.810864	0.511866	0.207151	-0.058736	0.976544	-0.090605	0.992754	0.078931	-0.974104	-0.104831	0.200328
21819	10.456229	0.152332	-2.487175	0.341320	1.898418	0.473689	0.225115	-0.051964	0.972946	-0.094991	0.992649	0.074995	-0.969691	-0.109304	0.218524
21820	9.403696	0.142513	-2.317267	0.393477	1.881917	0.491396	0.242847	-0.044745	0.969032	-0.100211	0.992434	0.070939	-0.964875	-0.114335	0.236526
21821	9.249317	0.431725	-2.456665	0.515636	1.859899	0.563613	0.260114	-0.036934	0.964871	-0.106637	0.992057	0.066722	-0.959671	-0.120246	0.254109
21822	9.624933	0.567621	-2.394667	0.761070	1.831196	0.643041	0.276920	-0.028044	0.960484	-0.115909	0.991300	0.062362	-0.953877	-0.128598	0.271260
21823	9.736308	0.780816	-2.278743	1.075564	1.839864	0.665503	0.293550	-0.018947	0.955756	-0.128080	0.990009	0.058964	-0.947325	-0.139722	0.288190
21824	9.306676	1.676460	-2.355809	1.322349	1.889219	0.641402	0.310497	-0.009609	0.950526	-0.142751	0.988138	0.056620	-0.939795	-0.153269	0.305442
21825	8.655441	3.449664	-2.020603	1.378262	1.958493	0.554647	0.327940	-0.000962	0.944698	-0.157467	0.985954	0.055667	-0.931482	-0.167014	0.323183
21826	7.841071	5.108453	-1.524340	1.180418	1.987270	0.434321	0.345632	0.006956	0.938344	-0.170091	0.983872	0.055359	-0.922826	-0.178737	0.341241
21827	7.055598	5.413050	-1.289080	0.843403	1.872772	0.323122	0.362226	0.013590	0.931991	-0.179034	0.982290	0.055260	-0.914735	-0.186874	0.358244
21828	6.636515	4.976287	-1.499573	0.562128	1.703397	0.261364	0.377243	0.019554	0.925908	-0.185313	0.981151	0.054781	-0.907384	-0.192248	0.373756
21829	6.428798	4.804171	-1.613332	0.421327	1.511340	0.215497	0.390454	0.024636	0.920293	-0.190000	0.980277	0.054370	-0.900803	-0.196085	0.387434
21830	6.564813	5.194275	-2.049901	0.138402	1.318564	0.170206	0.401946	0.029033	0.915203	-0.192078	0.979933	0.053272	-0.895291	-0.197203	0.399457
21831	6.966121	4.712065	-1.838762	-0.234063	1.182710	0.180235	0.412116	0.033150	0.910528	-0.190773	0.980326	0.050654	-0.890936	-0.194580	0.410332
21832	7.034022	3.385583	-1.381815	-0.488541	1.043672	0.247207	0.420890	0.037661	0.906329	-0.187558	0.981160	0.046330	-0.887510	-0.189489	0.420024
21833	7.124303	1.277963	-2.000106	-0.493882	0.742967	0.295838	0.426877	0.041987	0.903334	-0.184487	0.981957	0.041539	-0.885291	-0.184385	0.426921
21834	7.570854	-0.669491	-2.506343	-0.313384	0.634270	0.355898	0.431796	0.046705	0.900761	-0.183325	0.982358	0.036944	-0.883144	-0.181085	0.432741
21835	7.117074	-2.879814	-2.240414	-0.167661	0.624399	0.477887	0.436378	0.052559	0.898227	-0.183974	0.982414	0.031893	-0.880754	-0.179168	0.438373
21836	7.095066	-4.362834	-1.905856	0.196520	0.658303	0.555843	0.441088	0.059255	0.895505	-0.188202	0.981739	0.027739	-0.877509	-0.180771	0.444185
21837	7.721433	-3.780097	0.787265	0.735213	0.880314	0.612687	0.447560	0.066920	0.891746	-0.197409	0.979989	0.025536	-0.872192	-0.187467	0.451815
21838	8.136439	-2.810337	2.727366	1.343042	0.665960	0.520666	0.452236	0.073397	0.888873	-0.211536	0.976999	0.026951	-0.866450	-0.200216	0.457360
21839	8.931538	-1.361242	3.583718	1.453410	0.464619	0.356892	0.455421	0.077873	0.886864	-0.225763	0.973707	0.030435	-0.861175	-0.214082	0.461027
21840	7.208859	-0.871819	5.718089	1.468779	0.533772	0.256671	0.459354	0.081661	0.884492	-0.239677	0.970225	0.034898	-0.855306	-0.228023	0.465249
21841	4.653062	-0.886138	6.012839	1.638563	0.377717	0.074410	0.462341	0.083304	0.882781	-0.254040	0.966287	0.041865	-0.849532	-0.243618	0.467916
21842	4.207813	-0.039755	7.565258	2.169300	0.415178	-0.082849	0.466018	0.083680	0.880809	-0.272141	0.960813	0.052704	-0.841882	-0.264266	0.470529
21843	4.786192	2.917332	14.224932	2.723809	0.753751	-0.056158	0.472431	0.085260	0.877234	-0.294710	0.953300	0.066062	-0.830635	-0.289740	0.475496
21844	4.043463	6.229554	20.032893	2.814934	1.004253	0.085305	0.480400	0.089245	0.872497	-0.318468	0.944659	0.078723	-0.817187	-0.315681	0.482236
21845	0.300883	7.836234	18.292332	2.101855	0.165228	0.130511	0.481265	0.091038	0.871835	-0.336244	0.937683	0.087698	-0.809521	-0.335355	0.481885
21846	-1.230938	8.401685	11.263540	0.487558	-1.295140	0.063729	0.470500	0.087382	0.878063	-0.340655	0.935929	0.089395	-0.813993	-0.341176	0.470122
21847	2.306558	7.865805	2.355302	-1.463096	-2.217874	-0.075530	0.452479	0.079264	0.888246	-0.328337	0.940881	0.083297	-0.829131	-0.329334	0.451754
21848	10.744227	4.270392	-4.151130	-2.919378	-2.094257	-0.312349	0.435884	0.069768	0.897295	-0.302577	0.950318	0.073093	-0.847616	-0.303360	0.435339
21849	20.754833	0.718632	0.376027	-3.252516	-1.072243	-0.391100	0.427794	0.062971	0.901680	-0.273140	0.959939	0.062549	-0.861619	-0.273043	0.427856
21850	23.823551	-4.842561	7.381235	-2.130451	-0.184982	-0.023170	0.426234	0.062315	0.902464	-0.254691	0.965535	0.053620	-0.868019	-0.252704	0.427415
21851	16.291729	-7.354135	6.477610	-0.289306	-0.556750	0.341421	0.420475	0.064244	0.905027	-0.253672	0.966034	0.049282	-0.871121	-0.250302	0.422490
21852	9.356778	-1.312360	-0.806151	1.015767	-1.277058	0.595510	0.407756	0.066823	0.910642	-0.265123	0.963017	0.048047	-0.873753	-0.261024	0.410392
21853	8.362933	7.072109	-2.523211	1.407429	-1.187449	0.667224	0.395504	0.070080	0.915787	-0.280159	0.958772	0.047624	-0.874693	-0.275401	0.398832
21854	7.806125	9.047904	-1.921009	0.025615	-1.090747	0.301661	0.385058	0.070039	0.920231	-0.281672	0.958459	0.044914	-0.878858	-0.276498	0.388790
21855	10.123277	7.061713	-2.336122	-0.999531	-1.033739	-0.137593	0.376267	0.065935	0.924162	-0.272381	0.961258	0.042316	-0.885568	-0.267647	0.379650
21856	12.050512	4.415603	-0.489199	-0.994296	-1.032298	-0.185781	0.367554	0.061427	0.927971	-0.262870	0.963989	0.040307	-0.892078	-0.258751	0.370466
21857	11.651857	1.323305	0.301897	-1.110278	-1.155763	-0.075008	0.357345	0.057801	0.932182	-0.252705	0.966839	0.036922	-0.899136	-0.248761	0.360101
21858	11.008488	-1.272414	-0.256101	-1.068177	-1.219659	0.007652	0.346276	0.054867	0.936527	-0.243070	0.969445	0.033078	-0.906096	-0.239096	0.349032
21859	10.474384	-2.214572	0.338283	-0.674083	-1.134393	0.036774	0.335827	0.052577	0.940455	-0.237119	0.971005	0.030388	-0.911589	-0.233205	0.338556
21860	9.548402	-2.614843	1.111107	-0.392585	-1.044441	0.009744	0.326217	0.050233	0.943959	-0.233558	0.971910	0.028993	-0.915987	-0.229927	0.328786
21861	9.627807	-2.451113	0.641769	-0.307730	-1.006709	-0.010031	0.316948	0.047866	0.947234	-0.230750	0.972608	0.028062	-0.919945	-0.227469	0.319311
21862	10.249410	-2.013959	0.484811	-0.282586	-0.969272	-0.014120	0.307999	0.045531	0.950296	-0.228112	0.973252	0.027302	-0.923635	-0.225183	0.310147
21863	10.564351	-2.000497	0.379342	-0.188795	-0.986998	-0.011103	0.298840	0.043240	0.953323	-0.226380	0.973670	0.026801	-0.927064	-0.223822	0.300760
21864	10.758384	-2.027749	0.055512	-0.046845	-1.049033	0.006241	0.289031	0.040965	0.956443	-0.225997	0.973765	0.026588	-0.930261	-0.223838	0.290707
21865	10.437778	-2.050541	0.181466	0.171977	-1.084828	0.027935	0.278810	0.038830	0.959561	-0.227727	0.973357	0.026780	-0.932955	-0.225985	0.280224
21866	10.257733	-1.882438	0.406819	0.448302	-1.091352	0.057965	0.268430	0.036914	0.962592	-0.232092	0.972307	0.027435	-0.934922	-0.230774	0.269564
21867	10.113765	-1.373606	0.773425	0.742777	-1.050598	0.079039	0.258364	0.035249	0.965404	-0.239296	0.970525	0.028605	-0.935941	-0.238408	0.259183
21868	10.129340	-0.563510	1.156629	0.871969	-1.015908	0.099772	0.248551	0.033772	0.968030	-0.247746	0.968366	0.029828	-0.936400	-0.247240	0.249055
21869	9.825155	0.377668	1.674390	0.909702	-1.021020	0.126376	0.238617	0.032454	0.970571	-0.256620	0.966022	0.030789	-0.936594	-0.256415	0.238837
21870	9.716332	1.175892	2.083395	0.870812	-1.055514	0.146498	0.228285	0.031138	0.973096	-0.265159	0.963694	0.031368	-0.936791	-0.265187	0.228253
21871	9.276623	1.541720	2.567834	0.655035	-1.087388	0.129680	0.217692	0.029496	0.975572	-0.271633	0.961884	0.031531	-0.937457	-0.271861	0.217407
21872	9.231623	1.183522	2.995921	0.408353	-1.094816	0.095921	0.207098	0.027435	0.977935	-0.275694	0.960731	0.031432	-0.938671	-0.276121	0.206529
21873	9.207129	0.255644	3.459087	0.250892	-1.070908	0.056817	0.196826	0.025038	0.980119	-0.278211	0.960008	0.031345	-0.940137	-0.278849	0.195920
21874	9.075736	-0.639010	3.438239	0.186876	-1.061904	0.035668	0.186678	0.022428	0.982165	-0.280070	0.959469	0.031322	-0.941654	-0.280922	0.185393
21875	8.883747	-1.139421	3.151295	0.178036	-1.098607	0.023863	0.176203	0.019589	0.984159	-0.281835	0.958950	0.031372	-0.943145	-0.282898	0.174491
21876	8.885508	-1.250337	2.843765	0.229025	-1.133928	0.043120	0.165320	0.016808	0.986097	-0.284111	0.958280	0.031297	-0.944431	-0.285335	0.163199
21877	9.197610	-1.052104	2.816613	0.281104	-1.135930	0.056196	0.154371	0.014118	0.987912	-0.286900	0.957454	0.031148	-0.945441	-0.288241	0.151853
21878	9.513451	-0.830947	2.960625	0.370569	-1.097854	0.017531	0.143879	0.011138	0.989533	-0.290489	0.956361	0.031472	-0.946000	-0.291976	0.140836
21879	9.508179	-0.647620	2.597519	0.616894	-1.111590	-0.030143	0.133398	0.007600	0.991033	-0.296324	0.954532	0.032567	-0.945726	-0.298012	0.129584
21880	8.757932	-0.007573	1.527049	0.915221	-1.294155	-0.044644	0.121245	0.003309	0.992617	-0.304979	0.951749	0.034080	-0.944610	-0.306859	0.116404
21881	9.217876	0.041471	-1.071410	0.439643	-1.435096	-0.104688	0.107952	-0.002094	0.994154	-0.309054	0.950380	0.035560	-0.944898	-0.311086	0.101948
21882	10.067304	-0.219803	-1.970976	0.382524	-1.358950	-0.133100	0.095467	-0.007564	0.995404	-0.312595	0.949158	0.037192	-0.945077	-0.314709	0.088249
21883	10.127597	0.335729	-1.938709	0.486221	-1.376310	-0.038725	0.082527	-0.012266	0.996513	-0.317195	0.947601	0.037933	-0.944763	-0.319219	0.074312
21884	10.164754	0.852944	-1.846091	0.491361	-1.431845	0.051962	0.068772	-0.016340	0.997499	-0.321931	0.946013	0.037692	-0.944262	-0.323718	0.059799
21885	10.527837	2.116196	-1.108227	0.589488	-1.412669	0.143087	0.054919	-0.019572	0.998299	-0.327622	0.944102	0.036533	-0.943212	-0.329071	0.045437
21886	10.638075	3.509003	0.919812	0.523336	-1.367838	0.251033	0.041131	-0.021707	0.998918	-0.332715	0.942408	0.034179	-0.942130	-0.333761	0.031539
21887	9.642800	3.342460	2.546526	0.208941	-1.312825	0.286395	0.027751	-0.023376	0.999342	-0.334820	0.941761	0.031327	-0.941873	-0.335469	0.018308
21888	8.806525	1.320887	3.353908	-0.144380	-1.213266	0.188714	0.015625	-0.025647	0.999549	-0.333522	0.942284	0.029391	-0.942613	-0.333831	0.006169
21889	9.325733	-0.587133	3.577232	-0.292995	-1.087766	0.069511	0.005077	-0.028580	0.999579	-0.330803	0.943265	0.028650	-0.943686	-0.330809	-0.004665
21890	9.856547	-1.318740	3.582861	-0.221805	-0.991623	0.057961	-0.004534	-0.031278	0.999500	-0.328741	0.944004	0.028050	-0.944409	-0.328449	-0.014563
21891	10.021455	-1.037078	3.234028	-0.117550	-0.958616	0.107891	-0.014000	-0.033375	0.999345	-0.327656	0.944412	0.026950	-0.944693	-0.327064	-0.024157
21892	10.294058	-0.780583	2.329478	-0.146491	-0.977471	0.135504	-0.023732	-0.035246	0.999097	-0.326300	0.944920	0.025584	-0.944968	-0.325398	-0.033925
21893	10.311644	-0.984254	1.476822	-0.251268	-0.980057	0.130373	-0.033476	-0.037163	0.998748	-0.323923	0.945771	0.024334	-0.945491	-0.322702	-0.043699
21894	10.173269	-1.115966	0.905849	-0.344827	-0.986678	0.098848	-0.043176	-0.039346	0.998292	-0.320691	0.946894	0.023450	-0.946199	-0.319131	-0.053501
