// General information: 
//  MT Manager version: 2022.2.0 
//  XDA version: 2022.2.0 build 7381 rev 124627 built on 2023-07-19
// Device information: 
//  DeviceId: 00B4CBA7
//  ProductCode: MTW2-3A7G6
//  Firmware Version: 4.6.0
//  Hardware Version: 2.0.0
// Device settings: 
//  Filter Profile: human(46.1)
//  Option Flags: Orientation Smoother Disabled, Position/Velocity Smoother Disabled, Continuous Zero Rotation Update Disabled, AHS Disabled, ICC Disabled
// Coordinate system: ENU
PacketCounter	Acc_X	Acc_Y	Acc_Z	Gyr_X	Gyr_Y	Gyr_Z	Mat[1][1]	Mat[2][1]	Mat[3][1]	Mat[1][2]	Mat[2][2]	Mat[3][2]	Mat[1][3]	Mat[2][3]	Mat[3][3]
35535	9.158442	-1.675783	-3.677655	0.540458	-0.245386	0.184521	-0.238527	0.018549	0.970959	-0.194924	0.978556	-0.066580	-0.951372	-0.205145	-0.229797
35536	9.226745	-0.448473	-3.401069	0.600029	-0.234944	0.192423	-0.241124	0.019891	0.970290	-0.200170	0.977273	-0.069778	-0.949627	-0.211048	-0.231662
35537	9.592043	0.204191	-3.256662	0.483291	-0.185520	0.204468	-0.243289	0.021458	0.969717	-0.204250	0.976205	-0.072845	-0.948205	-0.215787	-0.233117
35538	9.640568	0.420440	-3.111736	0.313811	-0.122138	0.208671	-0.244885	0.023177	0.969275	-0.206594	0.975508	-0.075521	-0.947286	-0.218741	-0.234099
35539	9.489546	0.016859	-3.024223	0.193434	-0.093760	0.209687	-0.246198	0.024981	0.968897	-0.207901	0.975038	-0.077967	-0.946659	-0.220630	-0.234859
35540	9.726738	-0.339862	-2.480041	0.073879	-0.034528	0.223831	-0.246991	0.027010	0.968641	-0.208051	0.974822	-0.080232	-0.946420	-0.221343	-0.235153
35541	9.537338	-0.510561	-2.301121	-0.075921	0.080184	0.249653	-0.246741	0.029586	0.968630	-0.206706	0.974924	-0.082433	-0.946780	-0.220561	-0.234438
35542	9.328050	-0.624789	-2.166861	-0.112538	0.088357	0.264801	-0.246446	0.032292	0.968619	-0.204978	0.975098	-0.084660	-0.947232	-0.219409	-0.233690
35543	9.476026	-0.809833	-2.017473	-0.155251	0.089954	0.269608	-0.246134	0.035083	0.968601	-0.202832	0.975353	-0.086870	-0.947775	-0.217845	-0.232951
35544	9.371791	-1.116574	-2.181930	-0.130632	0.053198	0.266840	-0.246166	0.037717	0.968494	-0.200974	0.975538	-0.089074	-0.948162	-0.216569	-0.232564
35545	9.431490	-1.198175	-2.199721	-0.091815	0.008658	0.258766	-0.246593	0.040226	0.968284	-0.199455	0.975642	-0.091327	-0.948372	-0.215650	-0.232563
35546	9.309936	-1.326016	-2.285650	-0.047160	-0.024144	0.252791	-0.247333	0.042593	0.967994	-0.198232	0.975677	-0.093582	-0.948436	-0.215034	-0.232874
35547	9.341615	-1.211043	-2.291910	0.014650	-0.047948	0.244564	-0.248264	0.044841	0.967654	-0.197755	0.975545	-0.095943	-0.948292	-0.215178	-0.233325
35548	9.334489	-1.086071	-2.272441	0.063174	-0.073247	0.238863	-0.249431	0.046954	0.967254	-0.197701	0.975318	-0.098327	-0.947997	-0.215753	-0.233992
35549	9.493689	-0.926257	-2.206525	0.058304	-0.072254	0.237961	-0.250578	0.049084	0.966851	-0.197648	0.975084	-0.100726	-0.947706	-0.216336	-0.234633
35550	9.374571	-1.122968	-2.436748	0.025886	-0.065382	0.234536	-0.251647	0.051182	0.966465	-0.197259	0.974926	-0.102993	-0.947503	-0.216562	-0.235241
35551	9.298822	-1.286851	-2.443651	0.057352	-0.086812	0.226619	-0.252908	0.053169	0.966028	-0.197220	0.974690	-0.105278	-0.947176	-0.217146	-0.236021
35552	9.458005	-1.304406	-2.351976	0.090076	-0.101506	0.224805	-0.254299	0.055073	0.965556	-0.197532	0.974373	-0.107600	-0.946738	-0.218091	-0.236903
35553	9.411456	-1.395067	-2.218170	0.085775	-0.124900	0.215614	-0.255898	0.056866	0.965030	-0.197784	0.974072	-0.109846	-0.946255	-0.218976	-0.238016
35554	9.415591	-1.641915	-2.078998	0.115663	-0.144169	0.202946	-0.257661	0.058464	0.964465	-0.198331	0.973714	-0.112010	-0.945661	-0.220144	-0.239293
35555	9.560140	-1.541260	-1.974248	0.131282	-0.152275	0.194824	-0.259479	0.059990	0.963884	-0.199058	0.973315	-0.114164	-0.945011	-0.221492	-0.240614
35556	9.376850	-1.470191	-2.056666	0.112145	-0.149475	0.179692	-0.261225	0.061352	0.963326	-0.199706	0.972951	-0.116119	-0.944394	-0.222715	-0.241906
35557	9.364798	-1.380188	-2.124292	0.120832	-0.161841	0.172663	-0.263089	0.062636	0.962736	-0.200384	0.972581	-0.118035	-0.943732	-0.223970	-0.243324
35558	9.476041	-1.306559	-2.186858	0.092576	-0.160103	0.158665	-0.264896	0.063783	0.962165	-0.200824	0.972282	-0.119742	-0.943133	-0.224945	-0.244744
35559	9.402890	-1.449815	-2.282407	0.093674	-0.159230	0.138081	-0.266666	0.064731	0.961613	-0.201330	0.971989	-0.121261	-0.942526	-0.225938	-0.246164
35560	9.341958	-1.587284	-2.532560	0.114872	-0.148893	0.116274	-0.268299	0.065476	0.961108	-0.202056	0.971670	-0.122600	-0.941907	-0.227091	-0.247468
35561	9.214331	-1.653801	-2.687908	0.176577	-0.127072	0.097239	-0.269684	0.066096	0.960678	-0.203447	0.971211	-0.123933	-0.941212	-0.228869	-0.248473
35562	9.234153	-1.490757	-2.782123	0.221381	-0.124039	0.090001	-0.271038	0.066618	0.960261	-0.205269	0.970655	-0.125277	-0.940427	-0.231067	-0.249409
35563	9.427799	-1.284399	-2.701562	0.231155	-0.117376	0.089589	-0.272317	0.067180	0.959860	-0.207189	0.970065	-0.126675	-0.939636	-0.233368	-0.250246
35564	9.489099	-1.106363	-2.662182	0.203451	-0.094101	0.093658	-0.273392	0.067834	0.959508	-0.208751	0.969553	-0.128024	-0.938978	-0.235299	-0.250908
35565	9.613385	-0.983667	-2.683147	0.151880	-0.070173	0.100195	-0.274252	0.068605	0.959208	-0.209893	0.969133	-0.129327	-0.938473	-0.236799	-0.251387
35566	9.587908	-1.238794	-2.780827	0.076996	-0.047362	0.101212	-0.274899	0.069421	0.958964	-0.210327	0.968891	-0.130433	-0.938186	-0.237552	-0.251746
35567	9.434978	-1.364577	-2.724024	0.085088	-0.041881	0.089845	-0.275472	0.070158	0.958746	-0.210869	0.968633	-0.131469	-0.937896	-0.238385	-0.252037
35568	9.357895	-1.563577	-2.657542	0.087449	-0.027996	0.080761	-0.275898	0.070794	0.958576	-0.211530	0.968362	-0.132399	-0.937622	-0.239296	-0.252194
35569	9.256472	-1.647222	-2.632057	0.101868	-0.021427	0.070373	-0.276238	0.071389	0.958434	-0.212281	0.968076	-0.133291	-0.937352	-0.240277	-0.252265
35570	9.303045	-1.671460	-2.559712	0.136076	-0.016654	0.062767	-0.276513	0.071912	0.958316	-0.213383	0.967710	-0.134186	-0.937021	-0.241592	-0.252239
35571	9.337229	-1.556286	-2.482000	0.151405	-0.005511	0.063869	-0.276692	0.072482	0.958221	-0.214615	0.967304	-0.135140	-0.936687	-0.243041	-0.252089
35572	9.195904	-1.369661	-2.462279	0.119143	-0.005947	0.066151	-0.276877	0.073052	0.958125	-0.215571	0.966968	-0.136021	-0.936413	-0.244205	-0.251983
35573	9.232961	-1.485210	-2.616124	0.089968	-0.006660	0.050847	-0.277040	0.073493	0.958044	-0.216263	0.966718	-0.136696	-0.936205	-0.245060	-0.251926
35574	9.285749	-1.352679	-2.564459	0.175531	-0.010284	0.036322	-0.277207	0.073770	0.957974	-0.217784	0.966273	-0.137429	-0.935802	-0.246728	-0.251792
35575	9.389558	-1.229106	-2.482100	0.152816	-0.000131	0.033630	-0.277273	0.074060	0.957933	-0.219112	0.965878	-0.138096	-0.935473	-0.248185	-0.251584
35576	9.285537	-1.341828	-2.356824	0.107524	0.030632	0.043206	-0.277089	0.074487	0.957953	-0.219960	0.965597	-0.138706	-0.935329	-0.249145	-0.251172
35577	9.250891	-1.281266	-2.431509	0.103292	0.029648	0.041442	-0.276893	0.074927	0.957975	-0.220802	0.965317	-0.139322	-0.935188	-0.250100	-0.250746
35578	9.337942	-1.336760	-2.371872	0.111926	0.018656	0.041184	-0.276804	0.075335	0.957969	-0.221675	0.965027	-0.139943	-0.935008	-0.251094	-0.250423
35579	9.575471	-1.424228	-2.434704	0.142171	0.027248	0.044624	-0.276639	0.075800	0.957980	-0.222871	0.964643	-0.140686	-0.934773	-0.252425	-0.249964
35580	9.487401	-1.100875	-2.322126	0.136722	0.040624	0.059677	-0.276386	0.076411	0.958004	-0.224014	0.964254	-0.141537	-0.934574	-0.253725	-0.249389
35581	9.431909	-1.275395	-2.313590	0.014358	0.034672	0.062697	-0.276193	0.077069	0.958007	-0.223965	0.964177	-0.142134	-0.934643	-0.253817	-0.249038
35582	9.355813	-2.059825	-2.512464	-0.049189	0.032427	0.054212	-0.275995	0.077641	0.958018	-0.223326	0.964274	-0.142485	-0.934854	-0.253275	-0.248795
35583	9.262351	-2.170671	-2.543078	0.082007	0.017510	0.053480	-0.275941	0.078166	0.957991	-0.223935	0.964032	-0.143162	-0.934724	-0.254032	-0.248512
35584	9.405313	-1.420091	-2.279747	0.115369	0.017774	0.063892	-0.275897	0.078795	0.957952	-0.224834	0.963695	-0.144021	-0.934521	-0.255115	-0.248165
35585	9.400414	-1.086306	-2.363081	0.016437	0.024489	0.083541	-0.275847	0.079628	0.957898	-0.224748	0.963595	-0.144822	-0.934557	-0.255234	-0.247908
35586	9.324116	-1.162584	-2.431343	-0.054108	0.023870	0.078322	-0.275796	0.080384	0.957849	-0.224024	0.963680	-0.145377	-0.934746	-0.254676	-0.247771
35587	9.188630	-1.435784	-2.656520	-0.057737	0.025902	0.074368	-0.275710	0.081132	0.957811	-0.223270	0.963775	-0.145906	-0.934952	-0.254078	-0.247609
35588	9.053854	-1.378309	-2.783538	0.009270	0.023596	0.076895	-0.275634	0.081881	0.957769	-0.223225	0.963676	-0.146627	-0.934985	-0.254214	-0.247344
35589	9.294287	-0.919061	-2.551352	0.058905	0.013373	0.085365	-0.275690	0.082703	0.957682	-0.223531	0.963464	-0.147551	-0.934895	-0.254750	-0.247131
35590	9.556683	-0.718965	-2.335616	-0.007123	0.022905	0.097177	-0.275663	0.083648	0.957608	-0.223279	0.963388	-0.148427	-0.934963	-0.254730	-0.246894
35591	9.425711	-1.000300	-2.162641	-0.073375	0.021823	0.094086	-0.275659	0.084575	0.957527	-0.222324	0.963504	-0.149107	-0.935192	-0.253984	-0.246796
35592	9.360114	-1.397673	-2.058397	-0.067760	0.002740	0.084008	-0.275807	0.085335	0.957418	-0.221472	0.963610	-0.149687	-0.935351	-0.253326	-0.246871
35593	9.369011	-1.613944	-1.985089	-0.029621	-0.007817	0.083667	-0.276056	0.086087	0.957279	-0.220954	0.963621	-0.150375	-0.935400	-0.253027	-0.246992
35594	9.192112	-1.500497	-1.855738	-0.007593	-0.033282	0.081143	-0.276543	0.086751	0.957078	-0.220560	0.963603	-0.151072	-0.935349	-0.252871	-0.247344
35595	9.320570	-1.439580	-1.586795	-0.007725	-0.061612	0.093251	-0.277316	0.087459	0.956790	-0.220220	0.963550	-0.151905	-0.935200	-0.252830	-0.247947
35596	9.244695	-1.410489	-1.110980	-0.049846	-0.101008	0.083136	-0.278442	0.087958	0.956417	-0.219467	0.963625	-0.152514	-0.935042	-0.252368	-0.249010
35597	9.654802	-1.843208	-0.653260	-0.048836	-0.173946	0.068467	-0.280209	0.088144	0.955884	-0.218810	0.963697	-0.153007	-0.934669	-0.252031	-0.250749
35598	9.847898	-1.648531	-0.207635	0.008591	-0.207399	0.070491	-0.282273	0.088230	0.955268	-0.218810	0.963593	-0.153656	-0.934047	-0.252395	-0.252691
35599	9.478082	-1.661811	-0.168015	-0.034541	-0.254253	0.072238	-0.284796	0.088250	0.954517	-0.218273	0.963625	-0.154218	-0.933407	-0.252266	-0.255174
35600	9.522156	-1.758426	-0.006881	-0.068281	-0.346574	0.066940	-0.288173	0.087991	0.953527	-0.217344	0.963771	-0.154622	-0.932587	-0.251801	-0.258608
35601	9.796092	-1.843757	0.357215	-0.062137	-0.446544	0.071536	-0.292481	0.087522	0.952258	-0.216548	0.963873	-0.155101	-0.931430	-0.251574	-0.262961
35602	10.306837	-1.957562	0.902813	-0.144688	-0.511489	0.082132	-0.297389	0.086988	0.950785	-0.215004	0.964160	-0.155461	-0.930233	-0.250655	-0.268028
35603	10.762660	-2.151777	1.355757	-0.271450	-0.482703	0.117392	-0.302119	0.086881	0.949303	-0.212120	0.964744	-0.155802	-0.929370	-0.248437	-0.273038
35604	10.689369	-1.598630	2.124593	-0.468977	-0.458494	0.135713	-0.306646	0.086971	0.947842	-0.207465	0.965767	-0.155735	-0.928938	-0.244400	-0.278105
35605	10.228358	-1.881130	2.082476	-0.650558	-0.522752	0.118787	-0.311735	0.086822	0.946194	-0.201048	0.967242	-0.154991	-0.928656	-0.238546	-0.284068
35606	9.965717	-2.783997	1.542346	-0.635992	-0.735559	0.060993	-0.318665	0.085661	0.943989	-0.194893	0.968708	-0.153695	-0.927615	-0.232954	-0.291998
35607	10.490714	-3.630532	1.042518	-0.416483	-0.952251	0.009997	-0.327498	0.083520	0.941153	-0.190995	0.969671	-0.152512	-0.925347	-0.229703	-0.301613
35608	10.663191	-3.656284	0.692970	-0.067856	-1.148277	-0.042132	-0.338039	0.080463	0.937686	-0.190329	0.969907	-0.151842	-0.921686	-0.229797	-0.312552
35609	11.280361	-2.855830	0.655297	0.184941	-1.297458	-0.097101	-0.349772	0.076486	0.933707	-0.192357	0.969563	-0.151481	-0.916874	-0.232589	-0.324413
35610	11.701476	-2.264565	0.075443	0.371134	-1.431337	-0.144619	-0.362538	0.071628	0.929212	-0.196449	0.968767	-0.151323	-0.911029	-0.237404	-0.337144
35611	12.525420	-1.394594	-0.375532	0.519795	-1.535367	-0.188696	-0.376091	0.066075	0.924224	-0.201859	0.967654	-0.151321	-0.904328	-0.243473	-0.350588
35612	12.914707	-0.615781	-0.714065	0.453890	-1.499380	-0.260895	-0.389044	0.059853	0.919273	-0.206940	0.966705	-0.150521	-0.897675	-0.248793	-0.363705
35613	12.833291	0.073428	-1.054166	0.150510	-1.281485	-0.325461	-0.399827	0.053471	0.915030	-0.209567	0.966521	-0.148051	-0.892312	-0.250954	-0.375235
35614	11.294354	0.377295	-2.481396	0.087563	-1.289943	-0.376424	-0.410521	0.046515	0.910664	-0.211832	0.966511	-0.144860	-0.886905	-0.252376	-0.386919
35615	10.951309	0.623204	-2.805057	0.114691	-1.368467	-0.385349	-0.421787	0.039291	0.905843	-0.214446	0.966392	-0.141770	-0.880970	-0.254051	-0.399186
35616	10.152040	0.756907	-3.547298	-0.060577	-1.311481	-0.382973	-0.432501	0.032187	0.901059	-0.215486	0.966712	-0.137964	-0.875505	-0.253835	-0.411168
35617	9.087607	-0.337156	-4.974252	-0.156405	-1.307405	-0.405594	-0.443028	0.024919	0.896161	-0.215894	0.967230	-0.133625	-0.870124	-0.252676	-0.423131
35618	8.677825	-1.338188	-5.575231	-0.090053	-1.261317	-0.441385	-0.453039	0.017363	0.891322	-0.217041	0.967579	-0.129166	-0.864667	-0.251971	-0.434583
35619	8.073459	-1.706159	-6.532253	-0.036365	-1.090061	-0.466561	-0.461412	0.010068	0.887129	-0.218859	0.967740	-0.124815	-0.859767	-0.251748	-0.444324
35620	7.343211	-2.033156	-7.046683	0.103453	-0.903807	-0.491003	-0.468129	0.003050	0.883655	-0.221834	0.967565	-0.120860	-0.855363	-0.252603	-0.452268
35621	7.101130	-2.019949	-6.664819	0.246793	-0.621744	-0.464361	-0.472387	-0.003054	0.881386	-0.226124	0.966944	-0.117842	-0.851891	-0.254969	-0.457462
35622	6.441919	-1.370711	-6.731875	0.316422	-0.272623	-0.390553	-0.473818	-0.007627	0.880590	-0.230676	0.966121	-0.115752	-0.849873	-0.257976	-0.459525
35623	6.491753	-0.551710	-6.035528	0.248417	0.067167	-0.312018	-0.472513	-0.010502	0.881261	-0.234262	0.965454	-0.114101	-0.849619	-0.260361	-0.458650
35624	7.510129	-0.192088	-4.958250	0.003124	0.512434	-0.228349	-0.467657	-0.011435	0.883836	-0.235280	0.965453	-0.112001	-0.852022	-0.260327	-0.454191
35625	8.159476	0.102537	-4.214798	-0.256693	1.035033	-0.103672	-0.458557	-0.009789	0.888611	-0.233565	0.966112	-0.109886	-0.857422	-0.257937	-0.445304
35626	8.155200	0.248055	-4.170943	-0.535606	1.533412	-0.005931	-0.445387	-0.005995	0.895318	-0.228872	0.967516	-0.107377	-0.865591	-0.252738	-0.432291
35627	8.031929	-0.231338	-4.729644	-0.708902	1.938784	0.051298	-0.428613	-0.000699	0.903488	-0.222473	0.969291	-0.104791	-0.875669	-0.245917	-0.415606
35628	8.361012	-0.977240	-4.737427	-0.601775	2.272414	0.104890	-0.408840	0.005740	0.912588	-0.216702	0.970769	-0.103189	-0.886504	-0.239948	-0.395646
35629	8.420423	-1.377825	-4.735454	-0.346443	2.603648	0.174710	-0.385980	0.013602	0.922407	-0.212913	0.971582	-0.103420	-0.897601	-0.236310	-0.372115
35630	8.346222	-1.195907	-4.566915	-0.024167	2.868517	0.238613	-0.360598	0.022611	0.932447	-0.211770	0.971613	-0.105457	-0.908363	-0.235492	-0.345574
35631	8.529300	-0.781399	-4.381511	0.229186	3.052792	0.294403	-0.333328	0.032645	0.942246	-0.212835	0.970997	-0.108934	-0.918474	-0.236853	-0.316712
35632	8.803125	-0.670955	-4.273345	0.404256	3.185516	0.326805	-0.304569	0.043364	0.951503	-0.215585	0.969900	-0.113210	-0.927772	-0.239609	-0.286053
35633	9.113131	-0.998960	-4.170831	0.562542	3.290169	0.339010	-0.274633	0.054562	0.960000	-0.219836	0.968383	-0.117928	-0.936082	-0.243430	-0.253955
35634	9.471692	-1.300398	-3.772244	0.660135	3.428167	0.302362	-0.243015	0.065859	0.967784	-0.225340	0.966566	-0.122360	-0.943486	-0.247816	-0.220049
35635	9.782492	-1.597225	-3.896025	0.620966	3.614877	0.226725	-0.209290	0.077034	0.974814	-0.230695	0.964863	-0.125778	-0.950251	-0.251209	-0.184165
35636	9.760914	-1.730008	-3.237620	0.496892	3.875577	0.058850	-0.172366	0.087381	0.981150	-0.235408	0.963541	-0.127169	-0.956490	-0.252890	-0.145511
35637	8.841040	-1.665980	-3.782633	0.274156	4.005271	-0.098691	-0.133697	0.096505	0.986312	-0.238174	0.962949	-0.126504	-0.961976	-0.251827	-0.105759
35638	7.276057	-1.416552	-4.230453	0.422622	3.751908	-0.247695	-0.096833	0.103578	0.989896	-0.242616	0.962113	-0.124404	-0.965278	-0.252211	-0.068034
35639	7.199601	-0.525869	-2.659275	0.487353	3.410265	-0.337729	-0.063047	0.108914	0.992050	-0.247577	0.961249	-0.121267	-0.966815	-0.253254	-0.033639
35640	6.761648	-0.198927	0.341366	0.356599	3.064690	-0.349169	-0.032382	0.113327	0.993030	-0.251330	0.960702	-0.117833	-0.967359	-0.253394	-0.002627
35641	8.129466	0.956615	0.877011	0.262556	2.623170	-0.238075	-0.006395	0.117646	0.993035	-0.253897	0.960322	-0.115405	-0.967210	-0.252866	0.023728
35642	9.762791	0.388977	0.552989	0.314547	2.298126	-0.143965	0.016396	0.122100	0.992382	-0.257133	0.959649	-0.113825	-0.966237	-0.253308	0.047130
35643	10.868147	0.724238	1.558852	-0.095304	1.980621	-0.193850	0.036039	0.125188	0.991478	-0.256140	0.960139	-0.111921	-0.965968	-0.249924	0.066668
35644	4.058564	-1.107034	0.193662	-0.267405	1.248965	-0.293766	0.049036	0.125465	0.990885	-0.253626	0.961125	-0.109145	-0.966059	-0.245962	0.078951
35645	2.657680	-2.376552	-0.117270	-0.188155	0.398974	-0.369488	0.053835	0.122854	0.990964	-0.251596	0.962054	-0.105601	-0.966334	-0.243638	0.082702
35646	3.694342	-1.420163	-1.150191	-0.326855	-0.341286	-0.276763	0.051390	0.119366	0.991519	-0.248491	0.963135	-0.103070	-0.967270	-0.241087	0.079157
35647	6.029436	-2.043247	-1.420546	-1.091921	-0.864132	-0.145168	0.043382	0.115889	0.992314	-0.237822	0.965895	-0.102406	-0.970339	-0.231552	0.069463
35648	11.774086	-4.571043	3.495726	-1.669479	-0.685549	-0.001576	0.036821	0.114313	0.992762	-0.221734	0.969607	-0.103423	-0.974412	-0.216321	0.061049
35649	14.783657	-5.496309	6.171460	-2.141565	-0.039127	0.262917	0.035892	0.116752	0.992512	-0.200891	0.973722	-0.107277	-0.978956	-0.195537	0.058403
35650	12.197906	-6.758920	3.339936	-2.218201	-0.252582	0.218247	0.033064	0.118422	0.992413	-0.179264	0.977556	-0.110677	-0.983245	-0.174244	0.053551
35651	10.788263	-10.663134	-0.262208	-1.279359	-0.763774	-0.002733	0.025557	0.117073	0.992794	-0.166647	0.979721	-0.111242	-0.985685	-0.162603	0.044549
35652	11.116766	-5.991575	-0.024192	0.819770	-0.946048	-0.089594	0.016420	0.114635	0.993272	-0.174790	0.978438	-0.110033	-0.984469	-0.171807	0.036103
35653	11.225717	5.721144	1.639206	1.521152	-1.089097	-0.099522	0.005902	0.111668	0.993728	-0.189714	0.975823	-0.108529	-0.981822	-0.187884	0.026944
35654	11.834488	7.984306	0.902583	-0.120878	-1.211033	-0.156690	-0.005644	0.107899	0.994146	-0.188585	0.976208	-0.107023	-0.982041	-0.188085	0.014838
35655	10.475587	-0.337417	-1.906680	-1.169373	-1.230685	-0.294497	-0.017196	0.102733	0.994560	-0.177103	0.978666	-0.104153	-0.984042	-0.177931	0.001365
35656	9.059350	-4.864798	-3.898048	-0.314425	-1.216996	-0.434112	-0.028372	0.096318	0.994946	-0.174185	0.979642	-0.099803	-0.984304	-0.176136	-0.011018
35657	9.246396	-3.537202	-3.914661	0.891679	-1.145780	-0.482187	-0.038770	0.089487	0.995233	-0.183096	0.978483	-0.095114	-0.982330	-0.185911	-0.021551
35658	9.575980	-0.839711	-3.093383	1.336226	-1.036444	-0.385024	-0.048192	0.083717	0.995324	-0.196408	0.976232	-0.091621	-0.979337	-0.199905	-0.030604
35659	9.773337	0.791397	-2.523640	0.834729	-0.983993	-0.239405	-0.057329	0.079335	0.995198	-0.204682	0.974729	-0.089494	-0.977148	-0.208830	-0.039641
35660	9.828202	0.491945	-2.634932	-0.035754	-0.927017	-0.192829	-0.065964	0.075514	0.994960	-0.204475	0.974949	-0.087552	-0.976647	-0.209220	-0.048871
35661	9.574366	-1.657729	-3.198315	-0.389960	-0.895480	-0.274465	-0.074145	0.070942	0.994721	-0.200841	0.975966	-0.084575	-0.976814	-0.206052	-0.058115
35662	9.924468	-1.996001	-2.827383	-0.020422	-0.871689	-0.309868	-0.082034	0.066097	0.994435	-0.200889	0.976221	-0.081459	-0.976173	-0.206454	-0.066805
35663	9.798350	-0.504456	-1.844656	0.338599	-0.810249	-0.314265	-0.089292	0.061307	0.994117	-0.204445	0.975723	-0.078536	-0.974797	-0.210255	-0.074591
35664	9.627918	1.033470	-0.822359	0.389690	-0.770141	-0.279343	-0.096218	0.056922	0.993731	-0.208519	0.975058	-0.076042	-0.973274	-0.214528	-0.081948
35665	9.882170	1.598630	0.104718	0.018245	-0.693587	-0.233142	-0.102470	0.053124	0.993317	-0.208912	0.975153	-0.073704	-0.972551	-0.215068	-0.088825
35666	9.632849	0.394505	-0.205331	-0.312457	-0.660353	-0.213418	-0.108439	0.049608	0.992865	-0.206084	0.975935	-0.071271	-0.972507	-0.212342	-0.095605
35667	9.305125	-0.897151	-0.578376	-0.335329	-0.692408	-0.227009	-0.114699	0.045897	0.992340	-0.203061	0.976757	-0.068647	-0.972425	-0.209379	-0.102713
35668	9.525934	-1.003631	-0.754333	-0.134123	-0.725423	-0.226730	-0.121277	0.042146	0.991724	-0.202003	0.977143	-0.066229	-0.971847	-0.208363	-0.109992
35669	9.787307	-0.226349	-0.916273	-0.032207	-0.721567	-0.205713	-0.127863	0.038597	0.991041	-0.201931	0.977299	-0.064114	-0.971018	-0.208320	-0.117166
35670	9.604087	-0.115404	-1.717662	-0.050318	-0.714998	-0.187256	-0.134411	0.035251	0.990299	-0.201702	0.977472	-0.062171	-0.970180	-0.208102	-0.124272
35671	9.716545	-0.292512	-2.407896	-0.043968	-0.696876	-0.173721	-0.140809	0.032068	0.989517	-0.201501	0.977627	-0.060356	-0.969314	-0.207887	-0.131197
35672	9.545668	-0.794642	-2.899080	-0.000436	-0.688701	-0.182085	-0.147099	0.028825	0.988702	-0.201781	0.977680	-0.058525	-0.968321	-0.208110	-0.137999
35673	9.873150	-0.694795	-2.891705	0.138359	-0.695803	-0.189826	-0.153438	0.025481	0.987830	-0.203392	0.977448	-0.056806	-0.967000	-0.209632	-0.144795
35674	10.046683	-0.442008	-2.667355	0.166744	-0.653549	-0.171295	-0.159410	0.022398	0.986958	-0.205241	0.977147	-0.055325	-0.965642	-0.211383	-0.151170
35675	9.750787	0.074326	-2.613346	0.137109	-0.608594	-0.145872	-0.164974	0.019647	0.986102	-0.206787	0.976891	-0.054058	-0.964377	-0.212832	-0.157099
35676	9.668396	-0.140184	-2.893523	0.038605	-0.581138	-0.139719	-0.170294	0.017014	0.985246	-0.207329	0.976851	-0.052705	-0.963335	-0.213245	-0.162824
35677	9.944355	-0.116092	-2.804289	0.106109	-0.567915	-0.125997	-0.175490	0.014534	0.984374	-0.208556	0.976648	-0.051600	-0.962137	-0.214352	-0.168361
35678	9.858049	0.269547	-2.587967	0.119102	-0.537668	-0.099130	-0.180453	0.012370	0.983506	-0.209876	0.976408	-0.050789	-0.960931	-0.215579	-0.173600
35679	9.872293	0.277583	-2.262719	0.091196	-0.541955	-0.084893	-0.185470	0.010335	0.982596	-0.210895	0.976225	-0.050076	-0.959752	-0.216512	-0.178881
35680	9.944671	0.196675	-1.956885	-0.000268	-0.468202	-0.062519	-0.189842	0.008669	0.981776	-0.210973	0.976242	-0.049415	-0.958880	-0.216509	-0.183503
35681	9.478178	-0.319064	-2.030324	-0.006871	-0.452873	-0.071263	-0.194023	0.006958	0.980972	-0.211032	0.976267	-0.048664	-0.958030	-0.216458	-0.187950
35682	9.563531	-0.453933	-1.827679	0.050120	-0.462958	-0.074821	-0.198300	0.005181	0.980128	-0.211643	0.976169	-0.047980	-0.957018	-0.216951	-0.192478
35683	9.580303	0.044391	-1.497435	0.077724	-0.437745	-0.064210	-0.202342	0.003567	0.979308	-0.212503	0.976007	-0.047462	-0.955981	-0.217710	-0.196729
35684	9.458394	0.353631	-1.457997	-0.025621	-0.450617	-0.044546	-0.206558	0.002110	0.978432	-0.212320	0.976073	-0.046928	-0.955120	-0.217434	-0.201168
35685	9.664966	0.003165	-1.596587	-0.119017	-0.460055	-0.041496	-0.210854	0.000672	0.977517	-0.211258	0.976336	-0.046241	-0.954416	-0.216259	-0.205722
35686	9.720513	-0.138360	-1.946703	-0.097468	-0.452451	-0.033984	-0.215102	-0.000685	0.976591	-0.210397	0.976549	-0.045656	-0.953658	-0.215292	-0.210202
35687	9.507475	-0.218024	-2.223793	-0.139362	-0.428602	-0.014753	-0.219148	-0.001784	0.975690	-0.209089	0.976853	-0.045177	-0.953025	-0.213906	-0.214448
35688	9.167711	-0.537169	-2.293081	-0.135600	-0.453907	-0.023586	-0.223432	-0.003029	0.974715	-0.207821	0.977150	-0.044602	-0.952307	-0.212532	-0.218956
35689	9.489757	-0.437300	-1.833568	-0.066127	-0.488208	-0.020228	-0.228028	-0.004298	0.973645	-0.207226	0.977293	-0.044218	-0.951347	-0.211848	-0.223741
35690	9.625146	-0.251093	-1.378404	-0.102743	-0.493487	-0.018440	-0.232678	-0.005579	0.972538	-0.206329	0.977504	-0.043757	-0.950415	-0.210844	-0.228594
35691	9.484191	-0.286703	-1.085703	-0.117323	-0.528686	-0.018742	-0.237652	-0.006909	0.971326	-0.205248	0.977753	-0.043263	-0.949418	-0.209645	-0.233783
35692	9.414814	-0.457441	-1.085313	-0.150359	-0.533928	-0.020322	-0.242666	-0.008264	0.970075	-0.203862	0.978070	-0.042664	-0.948448	-0.208114	-0.239029
35693	9.313050	-0.310946	-0.932071	-0.118929	-0.574119	-0.016215	-0.248066	-0.009649	0.968695	-0.202764	0.978319	-0.042179	-0.947286	-0.206880	-0.244644
35694	9.334047	-0.300977	-0.698667	-0.119757	-0.625218	-0.013672	-0.253967	-0.011104	0.967149	-0.201595	0.978581	-0.041702	-0.945971	-0.205564	-0.250766
35695	9.437418	-0.195688	-0.348970	-0.125730	-0.681132	-0.005818	-0.260385	-0.012592	0.965423	-0.200412	0.978841	-0.041286	-0.944476	-0.204233	-0.257399
35696	9.250095	-0.590684	-0.337648	-0.179225	-0.728288	-0.010535	-0.267216	-0.014225	0.963532	-0.198783	0.979199	-0.040672	-0.942911	-0.202402	-0.264485
35697	9.107403	-0.963223	-0.525848	-0.100983	-0.809755	-0.023777	-0.274787	-0.016128	0.961370	-0.197887	0.979403	-0.040131	-0.940921	-0.201271	-0.272319
35698	9.284355	-0.497799	-0.541988	0.012597	-0.872934	-0.012211	-0.282960	-0.018044	0.958962	-0.198037	0.979378	-0.040006	-0.938464	-0.201230	-0.280699
35699	9.326030	-0.078549	-1.248720	-0.030957	-0.893609	0.008816	-0.291344	-0.019790	0.956414	-0.197713	0.979445	-0.039962	-0.935964	-0.200738	-0.289268
35700	9.291472	-0.208180	-2.002884	-0.023437	-0.939218	0.015119	-0.300143	-0.021561	0.953650	-0.197446	0.979497	-0.039997	-0.933236	-0.200299	-0.298247
35701	9.249014	-0.107052	-2.502714	0.043351	-0.973358	0.008213	-0.309220	-0.023467	0.950701	-0.197818	0.979416	-0.040165	-0.930189	-0.200485	-0.307497
35702	9.312313	0.115197	-2.782819	0.083977	-0.995892	0.012728	-0.318492	-0.025379	0.947586	-0.198549	0.979254	-0.040506	-0.926899	-0.201043	-0.316923
35703	9.217109	-0.027693	-2.571027	0.034067	-1.019458	0.012979	-0.327941	-0.027338	0.944302	-0.198816	0.979192	-0.040698	-0.923540	-0.201089	-0.326553
35704	9.007945	-0.088395	-2.027218	0.112407	-1.080245	0.013209	-0.337915	-0.029429	0.940716	-0.199817	0.978969	-0.041150	-0.919721	-0.201876	-0.336688
35705	9.685801	0.202183	-0.999209	-0.007329	-1.118395	0.035889	-0.348243	-0.031369	0.936879	-0.199621	0.978997	-0.041421	-0.915903	-0.201445	-0.347191
35706	9.121392	-0.544724	-0.856845	-0.141224	-1.181851	0.035568	-0.359105	-0.033434	0.932698	-0.198212	0.979292	-0.041211	-0.912006	-0.199671	-0.358295
35707	9.189037	-0.948607	-0.158531	-0.060928	-1.290252	0.034931	-0.370903	-0.035697	0.927985	-0.197526	0.979428	-0.041273	-0.907422	-0.198609	-0.370324
35708	9.730946	-0.224473	0.786688	-0.057119	-1.365718	0.062144	-0.383364	-0.037813	0.922823	-0.196768	0.979567	-0.041604	-0.902394	-0.197531	-0.382971
35709	9.922116	-0.133338	1.267499	-0.186656	-1.494466	0.080254	-0.396958	-0.039996	0.916965	-0.194771	0.979967	-0.041573	-0.896933	-0.195101	-0.396796
35710	10.241384	-1.015721	2.179748	-0.164162	-1.724576	0.060041	-0.412452	-0.042787	0.909974	-0.193090	0.980306	-0.041425	-0.890281	-0.192793	-0.412591
35711	11.474282	-1.683702	3.559566	-0.109995	-1.985182	0.069307	-0.430171	-0.045951	0.901577	-0.191821	0.980550	-0.041548	-0.882133	-0.190814	-0.430618
35712	11.858027	-2.473084	4.118612	-0.161746	-2.253713	0.086856	-0.450067	-0.049404	0.891627	-0.190072	0.980889	-0.041593	-0.872532	-0.188193	-0.450856
35713	13.591227	-3.255132	4.280471	-0.086156	-2.576120	0.124489	-0.472623	-0.053038	0.879667	-0.188751	0.981115	-0.042256	-0.860814	-0.186009	-0.473709
35714	15.006844	-3.160899	3.902949	0.059815	-2.811956	0.177208	-0.496908	-0.056546	0.865959	-0.188493	0.981084	-0.044098	-0.847085	-0.185140	-0.498167
35715	15.659488	-3.423351	3.347655	0.112773	-3.054004	0.184722	-0.522879	-0.060413	0.850263	-0.188500	0.980985	-0.046219	-0.831303	-0.184441	-0.524325
35716	16.104892	-3.856658	2.620103	0.201135	-3.292724	0.144268	-0.550150	-0.065111	0.832523	-0.189517	0.980677	-0.048539	-0.813276	-0.184481	-0.551859
35717	16.405655	-3.481559	1.014543	0.374290	-3.460922	0.095064	-0.578123	-0.070622	0.812888	-0.191992	0.980050	-0.051399	-0.793040	-0.185782	-0.580148
35718	16.702828	-2.478910	-0.560315	0.396750	-3.474695	-0.055637	-0.605102	-0.077701	0.792347	-0.195609	0.979229	-0.053356	-0.771744	-0.187276	-0.607733
35719	16.557237	-1.074782	-3.998673	0.026651	-3.012601	-0.216112	-0.627640	-0.085461	0.773798	-0.197152	0.979004	-0.051789	-0.753126	-0.185061	-0.631311
35720	13.710846	0.615357	-7.489307	0.169342	-2.556999	-0.258737	-0.646058	-0.092788	0.757628	-0.200272	0.978415	-0.050952	-0.736546	-0.184650	-0.650695
35721	11.377756	2.614519	-8.671453	0.657523	-2.694627	-0.258589	-0.665115	-0.100378	0.739963	-0.206758	0.976938	-0.053320	-0.717546	-0.188457	-0.670531
35722	11.023049	3.622937	-9.185872	0.588374	-2.653675	-0.193670	-0.683384	-0.107389	0.722118	-0.212431	0.975573	-0.055955	-0.698469	-0.191639	-0.689504
35723	9.911807	3.451982	-9.194067	0.504610	-2.619944	-0.084787	-0.701242	-0.113298	0.703863	-0.216506	0.974507	-0.058837	-0.679253	-0.193650	-0.707895
35724	8.998119	2.722921	-8.904755	0.149010	-2.398469	-0.000630	-0.717217	-0.118015	0.686784	-0.217686	0.974177	-0.059932	-0.661977	-0.192488	-0.724386
35725	7.763448	1.400888	-9.248347	-0.128513	-2.050735	0.084666	-0.730818	-0.121134	0.671738	-0.216246	0.974522	-0.059529	-0.647413	-0.188766	-0.738393
35726	6.441009	0.315648	-10.005007	-0.211733	-1.641688	0.140444	-0.741551	-0.122914	0.659541	-0.214011	0.975053	-0.058909	-0.635847	-0.184834	-0.749356
35727	5.204844	-0.606969	-9.201252	-0.074170	-1.184109	0.180257	-0.749404	-0.123366	0.650519	-0.212214	0.975410	-0.059494	-0.627183	-0.182634	-0.757156
35728	4.146397	-0.858664	-10.718329	0.115722	-0.837586	0.164408	-0.754882	-0.123375	0.644153	-0.211850	0.975368	-0.061453	-0.620704	-0.182853	-0.762424
35729	3.939831	-0.533110	-10.997361	0.353778	-0.518486	0.101818	-0.758295	-0.123372	0.640131	-0.213283	0.974841	-0.064773	-0.616035	-0.185646	-0.765530
35730	5.573947	-0.773800	-6.043733	0.413550	0.001174	0.125454	-0.758466	-0.122227	0.640148	-0.215017	0.974187	-0.068752	-0.615221	-0.189789	-0.765169
35731	7.611805	0.480812	-2.601576	0.119779	0.683422	0.256843	-0.754787	-0.118455	0.645186	-0.213830	0.974267	-0.071280	-0.620140	-0.191761	-0.760693
35732	7.950865	1.802382	-4.272392	-0.614752	1.346040	0.301786	-0.746906	-0.113039	0.655251	-0.207858	0.975750	-0.068603	-0.631607	-0.187439	-0.752289
35733	6.268751	0.081013	-6.194930	-1.080197	1.816344	0.209280	-0.735708	-0.107702	0.668681	-0.199414	0.977959	-0.061886	-0.647277	-0.178874	-0.740970
35734	5.609285	-2.287074	-7.622981	-0.861715	2.191212	0.114950	-0.721461	-0.102795	0.684782	-0.193056	0.979568	-0.056349	-0.664999	-0.172855	-0.726566
35735	5.503014	-2.356865	-6.976407	-0.280221	2.629220	0.103307	-0.703912	-0.097275	0.703595	-0.190442	0.980155	-0.055018	-0.684280	-0.172722	-0.708469
35736	5.604429	-0.908355	-6.180872	-0.061088	3.090655	0.136810	-0.682591	-0.090624	0.725160	-0.189209	0.980362	-0.055584	-0.705882	-0.175148	-0.686333
35737	5.857476	-0.139783	-6.156417	-0.184888	3.534189	0.186757	-0.657559	-0.082615	0.748860	-0.186641	0.980849	-0.055677	-0.729919	-0.176379	-0.660385
35738	5.885504	-0.126372	-6.688763	-0.297796	3.937947	0.246992	-0.628658	-0.073296	0.774220	-0.182975	0.981541	-0.055650	-0.755850	-0.176647	-0.630465
35739	5.792583	-0.511494	-7.261077	-0.265059	4.307737	0.306260	-0.596060	-0.062706	0.800487	-0.179068	0.982219	-0.056396	-0.782718	-0.176957	-0.596690
35740	5.526037	-1.131948	-7.769404	-0.133806	4.633601	0.358474	-0.559696	-0.050993	0.827127	-0.176056	0.982637	-0.058552	-0.809780	-0.178392	-0.558956
35741	5.291780	-1.743319	-7.877517	0.121126	4.955142	0.381874	-0.519567	-0.038350	0.853569	-0.174997	0.982591	-0.062374	-0.836317	-0.181780	-0.517233
35742	5.438814	-1.778472	-8.040528	0.378217	5.262103	0.389637	-0.475463	-0.024841	0.879385	-0.176390	0.981994	-0.067631	-0.861871	-0.187271	-0.471284
35743	5.640634	-1.471384	-8.216962	0.641951	5.510134	0.374378	-0.427965	-0.010678	0.903732	-0.180310	0.980838	-0.073797	-0.885626	-0.194534	-0.421690
35744	6.114387	-1.023958	-8.038950	0.804700	5.729932	0.328286	-0.377094	0.003903	0.926167	-0.186316	0.979229	-0.079987	-0.907241	-0.202722	-0.368534
35745	6.657933	-0.555304	-7.664518	0.847109	5.931737	0.264770	-0.323188	0.018714	0.946150	-0.193154	0.977453	-0.085311	-0.926413	-0.210324	-0.312286
35746	7.394654	-0.387447	-7.652525	0.606315	6.194739	0.207414	-0.265559	0.033900	0.963498	-0.198312	0.976090	-0.089002	-0.943478	-0.214709	-0.252487
35747	8.377914	-1.018750	-10.508759	0.400657	6.367128	0.145581	-0.205296	0.049002	0.977472	-0.201772	0.975171	-0.091264	-0.957675	-0.215962	-0.190312
35748	9.387551	-1.582439	-11.663799	0.658814	6.418474	0.096206	-0.143571	0.063928	0.987573	-0.208009	0.973670	-0.093268	-0.967533	-0.218815	-0.126493
35749	8.923085	-0.705341	-7.746943	0.986452	6.359565	0.081692	-0.082021	0.078770	0.993513	-0.217477	0.971434	-0.094973	-0.972613	-0.223856	-0.062547
35750	7.050935	2.106620	0.202625	1.087472	6.003459	0.086772	-0.023665	0.093214	0.995365	-0.228072	0.968884	-0.096157	-0.973357	-0.229291	-0.001669
35751	6.495826	5.729011	3.061348	-0.411696	5.602509	0.270833	0.030301	0.108385	0.993647	-0.224055	0.969543	-0.098923	-0.974105	-0.219634	0.053662
35752	10.373151	0.973067	-1.129449	-1.532537	5.062846	0.408627	0.078908	0.122936	0.989273	-0.209381	0.972275	-0.104123	-0.974645	-0.198918	0.102461
35753	11.774442	-5.162570	-2.337164	-1.220931	4.546882	0.431880	0.122315	0.135748	0.983164	-0.197906	0.974044	-0.109867	-0.972560	-0.181136	0.146006
35754	5.784048	-3.854931	0.417275	-0.133794	3.726442	0.426969	0.157756	0.146520	0.976547	-0.197250	0.973676	-0.114224	-0.967577	-0.174604	0.182504
35755	1.458414	-1.727518	2.357513	-0.122209	2.728891	0.267147	0.183585	0.153779	0.970901	-0.196503	0.973493	-0.117034	-0.963163	-0.169300	0.208937
35756	2.238039	0.073575	4.321322	-0.499479	1.626317	0.114609	0.199078	0.157592	0.967229	-0.191952	0.974137	-0.119210	-0.961001	-0.161930	0.224180
35757	5.090800	-0.521979	4.416666	-1.133987	0.593044	0.044092	0.204707	0.158913	0.965837	-0.181115	0.975844	-0.122172	-0.961921	-0.149918	0.228544
35758	2.436859	-3.796611	1.176863	-1.320031	-0.430516	-0.136933	0.200855	0.156962	0.966965	-0.168155	0.977954	-0.123817	-0.965081	-0.137731	0.222821
35759	2.440967	-5.112841	-2.467598	-0.621940	-1.302302	-0.376622	0.188892	0.151474	0.970245	-0.161384	0.979386	-0.121482	-0.968646	-0.133635	0.209444
35760	4.979468	-3.730374	-5.262246	0.039450	-1.866435	-0.513214	0.171659	0.143945	0.974584	-0.160896	0.980081	-0.116417	-0.971929	-0.136822	0.191400
35761	11.326704	-4.901918	-3.452943	0.254295	-1.667383	-0.443398	0.156159	0.137242	0.978151	-0.162621	0.980358	-0.111590	-0.974253	-0.141642	0.175411
35762	14.193482	-4.863511	0.069358	0.353352	-0.890885	-0.150522	0.147768	0.134515	0.979832	-0.165900	0.980042	-0.109524	-0.975009	-0.146370	0.167135
35763	12.724217	-4.065847	3.234421	0.312289	-0.598636	-0.136282	0.142167	0.132257	0.980967	-0.168726	0.979768	-0.107643	-0.975356	-0.150212	0.161606
35764	14.006091	-3.544413	4.218387	0.539238	-0.659060	-0.218763	0.136155	0.129148	0.982234	-0.173771	0.979209	-0.104662	-0.975328	-0.156433	0.155766
35765	16.002923	0.307103	3.563339	0.777680	-1.124204	-0.268060	0.125674	0.124680	0.984206	-0.180985	0.978304	-0.100823	-0.975423	-0.165455	0.145513
35766	16.365448	4.464733	1.991460	0.124092	-1.544782	-0.299651	0.111182	0.119211	0.986624	-0.181927	0.978444	-0.097721	-0.977006	-0.168629	0.130473
35767	12.747529	2.999761	-1.138508	-0.976894	-1.858979	-0.375016	0.093658	0.112438	0.989235	-0.171961	0.980496	-0.095164	-0.980641	-0.161197	0.111166
35768	10.805759	-2.013336	-4.307066	-1.291579	-2.042221	-0.485126	0.074438	0.104500	0.991735	-0.158902	0.983031	-0.091656	-0.984484	-0.150767	0.089780
35769	9.810122	-4.473463	-6.089478	-0.436224	-1.983018	-0.554404	0.055772	0.096045	0.993813	-0.154224	0.984245	-0.086465	-0.986461	-0.148448	0.069706
35770	8.936793	-2.422657	-6.589814	0.491407	-1.771014	-0.599976	0.039273	0.087464	0.995393	-0.158834	0.984043	-0.080200	-0.986524	-0.154953	0.052539
35771	8.753222	-0.718262	-6.114435	0.885934	-1.566384	-0.613576	0.024837	0.078889	0.996574	-0.167356	0.983141	-0.073654	-0.985584	-0.164954	0.037621
35772	9.568352	0.989007	-4.828643	0.890619	-1.372868	-0.544186	0.012269	0.071212	0.997386	-0.176059	0.982032	-0.067950	-0.984303	-0.174765	0.024586
35773	10.053877	1.918553	-4.002921	0.480934	-1.232923	-0.434209	0.000922	0.064726	0.997903	-0.180747	0.981478	-0.063493	-0.983529	-0.180309	0.012604
35774	10.238049	1.842981	-3.254597	-0.025823	-1.161038	-0.369795	-0.009810	0.058987	0.998211	-0.180519	0.981753	-0.059788	-0.983523	-0.180782	0.001018
35775	9.956934	0.562584	-2.694965	-0.446452	-1.138914	-0.384503	-0.020320	0.053138	0.998380	-0.176169	0.982772	-0.055893	-0.984150	-0.177019	-0.010608
35776	10.020872	-0.789294	-2.234638	-0.360192	-1.117447	-0.448319	-0.030517	0.046745	0.998441	-0.172739	0.983629	-0.051331	-0.984495	-0.174036	-0.021943
35777	10.082086	-0.841030	-1.984532	0.074301	-1.085850	-0.478243	-0.040367	0.040110	0.998380	-0.173625	0.983711	-0.046541	-0.983984	-0.175223	-0.032746
35778	9.906625	-0.194658	-1.482149	0.410115	-1.058829	-0.478936	-0.049925	0.033495	0.998191	-0.177871	0.983162	-0.041887	-0.982787	-0.179640	-0.043126
35779	9.607162	-0.074576	-1.226468	0.438591	-1.035979	-0.465428	-0.059251	0.027002	0.997878	-0.182419	0.982509	-0.037417	-0.981434	-0.184249	-0.053289
35780	9.321767	-0.749969	-1.216464	0.442328	-1.056219	-0.472786	-0.068728	0.020356	0.997428	-0.187082	0.981792	-0.032928	-0.979937	-0.188864	-0.063668
35781	9.551670	-0.752872	-0.967260	0.573866	-1.062508	-0.467742	-0.078231	0.013695	0.996841	-0.193031	0.980775	-0.028623	-0.978069	-0.194661	-0.074084
35782	9.716281	-0.240887	-0.946525	0.722804	-1.054200	-0.447076	-0.087657	0.007192	0.996125	-0.200448	0.979393	-0.024710	-0.975775	-0.201837	-0.084409
35783	9.802367	0.896672	-0.817281	0.721766	-1.025385	-0.413446	-0.096796	0.001006	0.995304	-0.207851	0.977931	-0.021202	-0.973359	-0.208927	-0.094451
35784	9.833360	1.385970	-0.946083	0.487485	-0.989653	-0.360253	-0.105653	-0.004638	0.994392	-0.212953	0.976895	-0.018070	-0.971333	-0.213668	-0.104200
35785	9.803319	1.101610	-1.340321	0.267458	-0.973214	-0.331452	-0.114377	-0.010000	0.993387	-0.215901	0.976299	-0.015030	-0.969693	-0.216193	-0.113825
35786	9.840588	0.181995	-1.799709	0.157459	-0.960942	-0.340524	-0.122950	-0.015450	0.992293	-0.217851	0.975911	-0.011798	-0.968207	-0.217622	-0.123354
35787	9.944536	-0.164289	-2.114021	0.311528	-0.965257	-0.337649	-0.131535	-0.020892	0.991091	-0.221283	0.975170	-0.008811	-0.966298	-0.220470	-0.132892
35788	9.544484	0.072221	-2.145495	0.380600	-0.943648	-0.311509	-0.139945	-0.026062	0.989816	-0.225362	0.974255	-0.006210	-0.964172	-0.223936	-0.142215
35789	9.378139	0.443985	-1.953860	0.384872	-0.969697	-0.292047	-0.148608	-0.031128	0.988406	-0.229479	0.973306	-0.003850	-0.961902	-0.227391	-0.151784
35790	9.836556	0.933183	-1.370193	0.325109	-0.992221	-0.274691	-0.157519	-0.036106	0.986856	-0.232974	0.972482	-0.001607	-0.959641	-0.230165	-0.161596
35791	9.983351	0.903356	-1.082057	0.112842	-0.966698	-0.260940	-0.166166	-0.040905	0.985249	-0.234469	0.972123	0.000816	-0.957817	-0.230875	-0.171124
35792	9.685318	0.230191	-1.109724	0.040166	-0.954741	-0.267973	-0.174675	-0.045759	0.983562	-0.235309	0.971915	0.003427	-0.956096	-0.230842	-0.180536
35793	9.586234	0.050267	-1.144429	0.095077	-0.957157	-0.267632	-0.183174	-0.050605	0.981777	-0.236687	0.971568	0.005919	-0.954163	-0.231289	-0.189943
35794	9.554364	0.041011	-1.029222	0.153965	-0.974339	-0.265989	-0.191828	-0.055499	0.979858	-0.238689	0.971061	0.008272	-0.951961	-0.232294	-0.199524
35795	9.406574	0.155674	-0.905537	0.178023	-0.988940	-0.253240	-0.200612	-0.060294	0.977814	-0.240870	0.970501	0.010425	-0.949598	-0.233434	-0.209217
