// General information: 
//  MT Manager version: 2022.2.0 
//  XDA version: 2022.2.0 build 7381 rev 124627 built on 2023-07-19
// Device information: 
//  DeviceId: 00B4CBA7
//  ProductCode: MTW2-3A7G6
//  Firmware Version: 4.6.0
//  Hardware Version: 2.0.0
// Device settings: 
//  Filter Profile: human(46.1)
//  Option Flags: Orientation Smoother Disabled, Position/Velocity Smoother Disabled, Continuous Zero Rotation Update Disabled, AHS Disabled, ICC Disabled
// Coordinate system: ENU
PacketCounter	Acc_X	Acc_Y	Acc_Z	Gyr_X	Gyr_Y	Gyr_Z	Mat[1][1]	Mat[2][1]	Mat[3][1]	Mat[1][2]	Mat[2][2]	Mat[3][2]	Mat[1][3]	Mat[2][3]	Mat[3][3]
04296	9.461403	-0.467683	-2.575829	0.025311	0.017403	0.002143	0.273813	-0.000604	0.961783	0.184965	-0.981300	-0.053275	0.943830	0.192483	-0.268581
04297	9.403601	-0.425836	-2.601866	0.014074	0.015524	0.000490	0.273651	-0.000610	0.961829	0.185055	-0.981283	-0.053273	0.943859	0.192569	-0.268416
04298	9.386767	-0.480763	-2.562062	-0.003045	0.016893	-0.001599	0.273474	-0.000595	0.961879	0.184998	-0.981298	-0.053204	0.943922	0.192496	-0.268249
04299	9.378560	-0.507875	-2.541437	-0.014246	0.015954	-0.000236	0.273302	-0.000570	0.961928	0.184911	-0.981319	-0.053118	0.943988	0.192389	-0.268091
04300	9.378497	-0.521035	-2.559930	-0.024082	0.020428	-0.003981	0.273087	-0.000537	0.961989	0.184662	-0.981374	-0.052970	0.944099	0.192109	-0.267901
04301	9.358968	-0.502161	-2.510950	-0.030156	0.011655	-0.005667	0.272948	-0.000462	0.962029	0.184402	-0.981432	-0.052790	0.944190	0.191809	-0.267795
04302	9.379261	-0.518735	-2.557598	-0.038220	0.012795	-0.000284	0.272812	-0.000451	0.962067	0.184009	-0.981514	-0.052640	0.944306	0.191390	-0.267686
04303	9.424362	-0.570288	-2.580796	-0.032094	0.013206	-0.004307	0.272663	-0.000410	0.962110	0.183655	-0.981590	-0.052466	0.944418	0.191002	-0.267568
04304	9.403710	-0.578967	-2.572308	-0.027490	0.013749	-0.006569	0.272506	-0.000339	0.962154	0.183381	-0.981651	-0.052284	0.944517	0.190688	-0.267444
04305	9.445633	-0.571748	-2.606054	-0.012352	0.012995	-0.006124	0.272356	-0.000259	0.962196	0.183308	-0.981671	-0.052150	0.944574	0.190582	-0.267317
04306	9.457837	-0.602365	-2.613436	0.006686	0.009609	-0.006895	0.272238	-0.000176	0.962230	0.183357	-0.981667	-0.052056	0.944599	0.190604	-0.267215
04307	9.500714	-0.568600	-2.606987	0.026495	0.011274	-0.002672	0.272105	-0.000119	0.962268	0.183655	-0.981611	-0.052055	0.944579	0.190890	-0.267079
04308	9.447061	-0.557839	-2.582629	0.045116	0.009307	-0.003839	0.271995	-0.000067	0.962299	0.184059	-0.981534	-0.052093	0.944532	0.191289	-0.266960
04309	9.444098	-0.499852	-2.592167	0.041619	0.010051	-0.003738	0.271869	-0.000002	0.962334	0.184476	-0.981454	-0.052118	0.944487	0.191696	-0.266826
04310	9.431497	-0.496843	-2.622808	0.039645	0.010663	-0.005396	0.271743	0.000063	0.962370	0.184832	-0.981387	-0.052126	0.944454	0.192042	-0.266697
04311	9.385543	-0.485903	-2.657663	0.023650	0.013785	-0.008149	0.271580	0.000142	0.962416	0.185022	-0.981354	-0.052066	0.944463	0.192208	-0.266542
04312	9.415421	-0.537937	-2.561874	0.017926	0.011485	-0.005242	0.271447	0.000204	0.962453	0.185173	-0.981328	-0.052017	0.944472	0.192341	-0.266416
04313	9.449673	-0.531520	-2.536205	0.015967	0.012566	-0.005390	0.271296	0.000266	0.962496	0.185301	-0.981307	-0.051959	0.944490	0.192447	-0.266274
04314	9.417082	-0.509966	-2.519258	0.012870	0.011421	-0.006399	0.271161	0.000340	0.962534	0.185407	-0.981291	-0.051886	0.944508	0.192530	-0.266151
04315	9.430766	-0.499368	-2.466204	0.006288	0.011491	-0.005796	0.271025	0.000408	0.962572	0.185458	-0.981286	-0.051803	0.944537	0.192556	-0.266029
04316	9.442929	-0.530122	-2.473654	0.005538	0.006905	-0.009276	0.270928	0.000518	0.962600	0.185503	-0.981284	-0.051682	0.944556	0.192567	-0.265953
04317	9.450819	-0.529584	-2.532337	0.017113	0.005019	-0.014757	0.270822	0.000724	0.962629	0.185794	-0.981236	-0.051533	0.944530	0.192807	-0.265875
04318	9.438607	-0.511617	-2.543539	0.031184	0.003924	-0.009132	0.270753	0.000838	0.962648	0.186080	-0.981185	-0.051482	0.944493	0.193069	-0.265815
04319	9.444132	-0.425484	-2.572939	0.039310	0.004192	-0.009987	0.270678	0.000955	0.962669	0.186429	-0.981121	-0.051446	0.944446	0.193395	-0.265746
04320	9.424222	-0.407781	-2.524768	0.037368	0.005743	-0.008629	0.270593	0.001061	0.962693	0.186773	-0.981057	-0.051416	0.944402	0.193718	-0.265665
04321	9.423436	-0.435600	-2.564295	0.032731	0.004259	-0.009388	0.270516	0.001186	0.962715	0.187112	-0.980995	-0.051369	0.944357	0.194032	-0.265597
04322	9.456023	-0.471068	-2.599602	0.030539	0.002159	-0.003564	0.270474	0.001249	0.962727	0.187378	-0.980944	-0.051370	0.944316	0.194288	-0.265554
04323	9.422233	-0.477966	-2.623591	0.026634	0.004792	-0.002355	0.270403	0.001300	0.962746	0.187618	-0.980898	-0.051371	0.944289	0.194519	-0.265482
04324	9.456227	-0.472121	-2.598670	0.027492	0.002426	-0.000048	0.270365	0.001329	0.962757	0.187845	-0.980853	-0.051398	0.944255	0.194745	-0.265438
04325	9.446795	-0.528133	-2.618905	0.032429	0.008975	0.000764	0.270263	0.001343	0.962786	0.188146	-0.980793	-0.051447	0.944224	0.195048	-0.265324
04326	9.446545	-0.543080	-2.637960	0.034408	0.008366	0.002419	0.270173	0.001335	0.962811	0.188432	-0.980734	-0.051516	0.944193	0.195342	-0.265220
04327	9.475989	-0.520764	-2.683555	0.037057	0.009986	0.000007	0.270055	0.001362	0.962844	0.188792	-0.980662	-0.051565	0.944155	0.195702	-0.265090
04328	9.442905	-0.514170	-2.686615	0.038866	0.014443	-0.003207	0.269898	0.001398	0.962888	0.189135	-0.980595	-0.051591	0.944131	0.196040	-0.264925
04329	9.435160	-0.528380	-2.645640	0.043089	0.017345	-0.002856	0.269705	0.001437	0.962942	0.189561	-0.980511	-0.051630	0.944100	0.196461	-0.264721
04330	9.402234	-0.521770	-2.648142	0.042673	0.018762	-0.003260	0.269507	0.001465	0.962997	0.189940	-0.980435	-0.051666	0.944081	0.196836	-0.264512
04331	9.374027	-0.531866	-2.579241	0.042958	0.023353	-0.004720	0.269255	0.001523	0.963068	0.190434	-0.980338	-0.051691	0.944053	0.197319	-0.264252
04332	9.363531	-0.473269	-2.528923	0.036511	0.017412	-0.002260	0.269072	0.001544	0.963119	0.190752	-0.980275	-0.051720	0.944041	0.197634	-0.264059
04333	9.368625	-0.490615	-2.455847	0.029085	0.020318	-0.002465	0.268853	0.001558	0.963180	0.190982	-0.980230	-0.051724	0.944057	0.197856	-0.263835
04334	9.391440	-0.439011	-2.401412	0.013634	0.015999	-0.002969	0.268681	0.001588	0.963228	0.191086	-0.980212	-0.051686	0.944085	0.197946	-0.263668
04335	9.379058	-0.435445	-2.431645	-0.000398	0.018500	-0.004080	0.268480	0.001624	0.963284	0.191065	-0.980220	-0.051600	0.944147	0.197903	-0.263479
04336	9.454986	-0.422387	-2.440406	-0.017811	0.015262	-0.004738	0.268311	0.001673	0.963331	0.190877	-0.980264	-0.051462	0.944233	0.197685	-0.263335
04337	9.462747	-0.436109	-2.518403	-0.030553	0.014458	-0.001628	0.268148	0.001703	0.963376	0.190590	-0.980328	-0.051317	0.944337	0.197370	-0.263198
04338	9.462668	-0.449101	-2.537294	-0.031688	0.012228	-0.002484	0.268013	0.001735	0.963414	0.190265	-0.980399	-0.051164	0.944441	0.197016	-0.263090
04339	9.478232	-0.537973	-2.533322	-0.025547	0.012629	-0.006502	0.267862	0.001804	0.963456	0.189995	-0.980460	-0.050987	0.944538	0.196709	-0.262971
04340	9.424051	-0.539617	-2.529589	-0.013732	0.007565	-0.001066	0.267773	0.001833	0.963480	0.189835	-0.980496	-0.050895	0.944595	0.196531	-0.262899
04341	9.457750	-0.546695	-2.524110	0.007437	0.013706	-0.004969	0.267617	0.001898	0.963523	0.189939	-0.980480	-0.050824	0.944619	0.196612	-0.262754
04342	9.448551	-0.602278	-2.543711	0.027409	0.009858	0.002635	0.267514	0.001885	0.963552	0.190158	-0.980434	-0.050876	0.944604	0.196837	-0.262638
04343	9.421189	-0.496060	-2.557376	0.047191	0.010125	0.002349	0.267407	0.001859	0.963582	0.190506	-0.980362	-0.050976	0.944564	0.197200	-0.262510
04344	9.440427	-0.387223	-2.514659	0.060821	0.009515	0.004568	0.267311	0.001828	0.963609	0.191036	-0.980250	-0.051135	0.944484	0.197753	-0.262380
04345	9.461315	-0.393127	-2.540820	0.050313	0.011745	0.004854	0.267184	0.001810	0.963644	0.191533	-0.980146	-0.051264	0.944419	0.198266	-0.262226
04346	9.513240	-0.319760	-2.533392	0.042915	0.015599	0.007655	0.267036	0.001737	0.963685	0.191885	-0.980070	-0.051405	0.944390	0.198644	-0.262048
04347	9.509178	-0.304684	-2.602837	0.017259	0.019053	0.008984	0.266857	0.001627	0.963735	0.191928	-0.980057	-0.051490	0.944432	0.198708	-0.261847
04348	9.528206	-0.454144	-2.586296	-0.019766	0.027102	0.008285	0.266602	0.001525	0.963806	0.191687	-0.980106	-0.051473	0.944553	0.198471	-0.261590
04349	9.427217	-0.548593	-2.515821	-0.021320	0.026289	0.007026	0.266342	0.001465	0.963877	0.191539	-0.980136	-0.051437	0.944656	0.198320	-0.261332
04350	9.454660	-0.684162	-2.538144	-0.031087	0.033119	0.010772	0.266035	0.001326	0.963963	0.191184	-0.980207	-0.051414	0.944814	0.197972	-0.261023
04351	9.470936	-0.759835	-2.512518	-0.040028	0.025883	0.000615	0.265771	0.001310	0.964035	0.190802	-0.980289	-0.051269	0.944966	0.197565	-0.260782
04352	9.245964	-0.753776	-2.420804	-0.019705	0.007490	-0.012099	0.265662	0.001447	0.964065	0.190615	-0.980336	-0.051056	0.945034	0.197329	-0.260713
04353	9.212437	-0.574191	-2.276710	0.001506	-0.011838	-0.017976	0.265720	0.001691	0.964049	0.190700	-0.980331	-0.050843	0.945001	0.197354	-0.260816
04354	9.244537	-0.376712	-2.326312	-0.014207	-0.019797	-0.014026	0.265865	0.001900	0.964008	0.190571	-0.980367	-0.050625	0.944986	0.197171	-0.261007
04355	9.228167	-0.373075	-2.210150	-0.060288	-0.028639	-0.018566	0.266083	0.002172	0.963948	0.190029	-0.980492	-0.050245	0.945034	0.196547	-0.261305
04356	9.489868	-0.426567	-2.268689	-0.098715	-0.043558	-0.011993	0.266456	0.002408	0.963844	0.189095	-0.980694	-0.049826	0.945116	0.195535	-0.261767
04357	9.457885	-0.577019	-2.165508	-0.105336	-0.045389	-0.017447	0.266839	0.002670	0.963737	0.188005	-0.980928	-0.049337	0.945225	0.194352	-0.262252
04358	9.537981	-0.705533	-2.200299	-0.109094	-0.076122	-0.022469	0.267502	0.003071	0.963553	0.187001	-0.981147	-0.048788	0.945237	0.193236	-0.263033
04359	9.557282	-0.541086	-2.497997	-0.059403	-0.074968	-0.019217	0.268154	0.003445	0.963370	0.186496	-0.981263	-0.048402	0.945152	0.192644	-0.263772
04360	9.509676	-0.437716	-2.662096	-0.061966	-0.057621	-0.014426	0.268657	0.003730	0.963229	0.185917	-0.981390	-0.048054	0.945124	0.191990	-0.264350
04361	9.538045	-0.477467	-2.964574	-0.085852	-0.041366	-0.010597	0.269010	0.003967	0.963129	0.185200	-0.981543	-0.047685	0.945164	0.191199	-0.264780
04362	9.579130	-0.533726	-3.253744	-0.109453	-0.020521	-0.008206	0.269174	0.004119	0.963083	0.184155	-0.981760	-0.047271	0.945321	0.190080	-0.265023
04363	9.505753	-0.797648	-3.424569	-0.081755	0.001272	-0.020851	0.269102	0.004363	0.963102	0.183433	-0.981917	-0.046805	0.945482	0.189259	-0.265036
04364	9.431228	-0.792706	-3.393614	-0.011955	0.017481	-0.024121	0.268877	0.004600	0.963164	0.183352	-0.981947	-0.046495	0.945562	0.189099	-0.264866
04365	9.382172	-0.655491	-3.186802	0.057449	0.036055	-0.024760	0.268473	0.004823	0.963275	0.184004	-0.981831	-0.046367	0.945550	0.189695	-0.264482
04366	9.371871	-0.530899	-2.882880	0.101543	0.046485	-0.018870	0.267983	0.004953	0.963411	0.184982	-0.981645	-0.046408	0.945498	0.190651	-0.263981
04367	9.394911	-0.414432	-2.573784	0.111575	0.054044	-0.013883	0.267425	0.005032	0.963566	0.186093	-0.981430	-0.046522	0.945438	0.191754	-0.263395
04368	9.480458	-0.451824	-2.456913	0.105788	0.043005	-0.001667	0.267000	0.004998	0.963683	0.187065	-0.981235	-0.046739	0.945366	0.192751	-0.262925
04369	9.326899	-0.510046	-2.321621	0.102739	0.042792	0.000323	0.266576	0.004959	0.963801	0.188057	-0.981034	-0.046967	0.945289	0.193770	-0.262453
04370	9.219354	-0.578201	-2.150471	0.104299	0.031920	-0.014681	0.266232	0.005073	0.963896	0.189049	-0.980840	-0.047054	0.945188	0.194751	-0.262090
04371	9.450529	-0.497553	-2.268297	0.104664	0.022260	-0.003440	0.265995	0.005110	0.963961	0.190075	-0.980632	-0.047251	0.945049	0.195793	-0.261814
04372	9.388952	-0.153345	-2.297433	0.051150	0.026527	0.003522	0.265736	0.005056	0.964033	0.190516	-0.980540	-0.047373	0.945033	0.196253	-0.261528
04373	9.358669	0.025668	-2.300910	-0.038699	0.025365	0.013912	0.265501	0.004919	0.964098	0.190147	-0.980613	-0.047361	0.945174	0.195895	-0.261289
04374	9.507401	-0.059787	-2.478914	-0.124590	0.027907	0.006184	0.265234	0.004836	0.964172	0.188920	-0.980865	-0.047050	0.945495	0.194631	-0.261072
04375	9.607700	-0.229562	-2.833466	-0.172348	0.033994	0.008684	0.264907	0.004720	0.964262	0.187239	-0.981207	-0.046636	0.945921	0.192902	-0.260812
04376	9.599541	-0.477746	-3.040512	-0.157782	0.054468	-0.007337	0.264363	0.004720	0.964412	0.185733	-0.981518	-0.046109	0.946370	0.191312	-0.260354
04377	9.588549	-0.741699	-3.116299	-0.092668	0.064487	-0.026377	0.263682	0.004891	0.964597	0.184892	-0.981702	-0.045565	0.946724	0.190361	-0.259761
04378	9.505784	-0.819281	-3.141369	0.023770	0.071003	-0.037378	0.262925	0.005155	0.964802	0.185183	-0.981663	-0.045220	0.946878	0.190554	-0.259059
04379	9.425732	-0.789587	-3.004005	0.147366	0.082168	-0.028916	0.262072	0.005312	0.965034	0.186602	-0.981392	-0.045273	0.946836	0.191942	-0.258187
04380	9.333984	-0.431578	-2.768275	0.226486	0.095015	-0.013645	0.261132	0.005295	0.965289	0.188749	-0.980962	-0.045680	0.946670	0.194126	-0.257160
04381	9.283927	-0.055287	-2.547953	0.226812	0.094179	0.004725	0.260224	0.005124	0.965535	0.190952	-0.980509	-0.046261	0.946478	0.196409	-0.256131
04382	9.380793	0.089614	-2.466940	0.159103	0.101043	0.026854	0.259304	0.004694	0.965784	0.192355	-0.980205	-0.046882	0.946446	0.197930	-0.255074
04383	9.440688	-0.000476	-2.488728	0.082431	0.100693	0.038809	0.258405	0.004154	0.966028	0.193027	-0.980047	-0.047419	0.946556	0.198722	-0.254051
04384	9.411124	-0.187511	-2.411002	0.040205	0.098016	0.040109	0.257539	0.003599	0.966261	0.193271	-0.979977	-0.047863	0.946742	0.199077	-0.253078
04385	9.386687	-0.288148	-2.364240	0.051982	0.090588	0.038064	0.256740	0.003068	0.966476	0.193601	-0.979890	-0.048318	0.946891	0.199516	-0.252171
04386	9.477496	-0.227802	-2.252992	0.059751	0.094177	0.042850	0.255916	0.002493	0.966696	0.194024	-0.979780	-0.048838	0.947028	0.200061	-0.251225
04387	9.493071	-0.137844	-2.072256	0.019070	0.093300	0.048379	0.255104	0.001870	0.966912	0.194056	-0.979751	-0.049303	0.947240	0.200213	-0.250301
04388	9.443816	-0.175599	-2.010355	-0.045519	0.083735	0.057095	0.254405	0.001176	0.967097	0.193447	-0.979851	-0.049697	0.947553	0.199725	-0.249507
04389	9.565962	-0.248462	-2.074782	-0.080741	0.080577	0.061173	0.253739	0.000437	0.967272	0.192429	-0.980034	-0.050036	0.947939	0.198827	-0.248758
04390	9.609785	-0.232995	-2.081469	-0.091930	0.081062	0.066945	0.253084	-0.000347	0.967444	0.191355	-0.980226	-0.050410	0.948331	0.197883	-0.248013
04391	9.575105	-0.143767	-2.050695	-0.091674	0.070474	0.075198	0.252539	-0.001193	0.967586	0.190240	-0.980419	-0.050861	0.948701	0.196918	-0.247367
04392	9.542598	-0.198069	-2.129052	-0.068338	0.071865	0.080990	0.251995	-0.002096	0.967726	0.189354	-0.980561	-0.051431	0.949022	0.196204	-0.246700
04393	9.522421	-0.242957	-2.155645	-0.016174	0.063957	0.085568	0.251528	-0.003025	0.967845	0.188945	-0.980601	-0.052169	0.949228	0.195992	-0.246077
04394	9.620252	-0.257609	-2.205499	0.043624	0.064649	0.090109	0.251070	-0.004003	0.967961	0.189100	-0.980521	-0.053104	0.949318	0.196374	-0.245422
04395	9.578735	-0.315896	-2.225031	0.098805	0.065260	0.098380	0.250619	-0.005070	0.968073	0.189728	-0.980337	-0.054252	0.949312	0.197267	-0.244729
04396	9.477119	-0.246336	-2.245875	0.126215	0.049582	0.099268	0.250322	-0.006109	0.968143	0.190644	-0.980090	-0.055477	0.949207	0.198458	-0.244173
04397	9.416310	-0.389044	-2.269029	0.135802	0.034029	0.104965	0.250183	-0.007172	0.968172	0.191640	-0.979821	-0.056780	0.949043	0.199746	-0.243760
04398	9.388899	-0.469908	-2.188160	0.146135	0.023068	0.114115	0.250168	-0.008304	0.968167	0.192708	-0.979529	-0.058196	0.948831	0.201133	-0.243446
04399	9.403571	-0.532209	-2.122016	0.145972	0.015337	0.126460	0.250241	-0.009535	0.968137	0.193742	-0.979233	-0.059723	0.948601	0.202514	-0.243197
04400	9.439135	-0.585460	-2.063609	0.139178	0.005327	0.131835	0.250432	-0.010804	0.968074	0.194699	-0.978946	-0.061293	0.948355	0.203833	-0.243055
04401	9.466490	-0.519938	-2.120573	0.149421	-0.001082	0.134586	0.250686	-0.012089	0.967993	0.195736	-0.978636	-0.062913	0.948074	0.205243	-0.242964
04402	9.616337	-0.337021	-2.323824	0.149140	-0.006158	0.134522	0.250993	-0.013360	0.967897	0.196779	-0.978322	-0.064532	0.947777	0.206659	-0.242923
04403	9.663053	-0.218338	-2.420503	0.123058	0.004881	0.133244	0.251188	-0.014642	0.967828	0.197559	-0.978062	-0.066071	0.947563	0.207799	-0.242784
04404	9.589921	-0.229522	-2.632685	0.108766	0.004343	0.137949	0.251404	-0.015968	0.967751	0.198210	-0.977824	-0.067625	0.947370	0.208819	-0.242664
04405	9.524426	-0.345263	-2.709305	0.107965	0.013640	0.136655	0.251523	-0.017291	0.967697	0.198879	-0.977581	-0.069160	0.947197	0.209850	-0.242446
04406	9.441810	-0.414475	-2.607242	0.116863	0.022474	0.131330	0.251557	-0.018589	0.967664	0.199623	-0.977321	-0.070669	0.947032	0.210945	-0.242141
04407	9.492836	-0.632679	-2.217162	0.103236	0.029666	0.128540	0.251516	-0.019889	0.967649	0.200179	-0.977102	-0.072115	0.946926	0.211841	-0.241775
04408	9.589959	-0.789255	-1.690112	0.125422	0.024756	0.121478	0.251509	-0.021096	0.967625	0.201028	-0.976821	-0.073549	0.946748	0.213018	-0.241438
04409	9.733545	-0.724149	-1.234471	0.179277	0.002246	0.122208	0.251710	-0.022254	0.967547	0.202397	-0.976419	-0.075112	0.946402	0.214735	-0.241271
04410	9.555880	-0.521987	-1.147465	0.209150	-0.018306	0.137687	0.252148	-0.023526	0.967403	0.203996	-0.975946	-0.076904	0.945942	0.216738	-0.241283
04411	9.305631	-0.331060	-0.962808	0.178199	-0.037561	0.143363	0.252774	-0.024816	0.967207	0.205246	-0.975543	-0.078670	0.945505	0.218401	-0.241498
04412	9.225995	-0.224605	-0.964108	0.108234	-0.075480	0.142173	0.253764	-0.026005	0.966917	0.205876	-0.975281	-0.080262	0.945103	0.219433	-0.242137
04413	9.364920	-0.548487	-0.867721	0.005397	-0.097423	0.133920	0.254937	-0.027065	0.966579	0.205542	-0.975247	-0.081520	0.944860	0.219455	-0.243063
04414	9.450001	-0.958574	-0.466218	-0.018439	-0.132948	0.119518	0.256422	-0.027907	0.966162	0.205029	-0.975265	-0.082585	0.944569	0.219268	-0.244358
04415	9.754676	-0.897780	0.428033	0.022772	-0.190443	0.104513	0.258410	-0.028474	0.965616	0.204934	-0.975199	-0.083599	0.944048	0.219490	-0.246165
04416	9.941521	-0.875413	1.802468	0.058970	-0.273384	0.091546	0.261161	-0.028734	0.964867	0.205220	-0.975054	-0.084584	0.943228	0.220100	-0.248750
04417	10.161047	-1.074804	3.117230	0.145230	-0.418012	0.110202	0.265303	-0.028869	0.963733	0.206196	-0.974727	-0.085962	0.941859	0.221524	-0.252645
04418	10.263040	-1.386916	3.898839	0.219842	-0.592575	0.132735	0.271137	-0.028811	0.962110	0.207877	-0.974211	-0.087756	0.939826	0.223794	-0.258155
04419	10.207262	-1.660200	3.915229	0.259280	-0.763151	0.123945	0.278529	-0.028279	0.960011	0.209900	-0.973611	-0.089578	0.937210	0.226456	-0.265243
04420	10.178806	-1.840225	3.394271	0.338862	-0.910477	0.059695	0.287158	-0.026750	0.957510	0.212870	-0.972832	-0.091018	0.933931	0.229961	-0.273662
04421	11.262854	-1.716752	2.437990	0.391451	-1.043212	0.021154	0.296892	-0.024514	0.954596	0.216399	-0.971936	-0.092262	0.930068	0.233966	-0.283255
04422	11.425535	-1.782644	1.591693	0.270994	-1.213587	0.008067	0.308155	-0.021703	0.951089	0.218859	-0.971307	-0.093075	0.925819	0.236836	-0.294563
04423	11.252532	-1.575043	0.506287	0.213158	-1.391877	-0.004986	0.320963	-0.018325	0.946914	0.220790	-0.970817	-0.093626	0.920997	0.239119	-0.307550
04424	11.417492	-1.994552	-0.023320	0.240864	-1.451144	-0.000209	0.334273	-0.014803	0.942360	0.222973	-0.970250	-0.094334	0.915721	0.241654	-0.321028
04425	11.685856	-2.056215	0.542779	0.335363	-1.516336	-0.010034	0.348064	-0.011023	0.937406	0.225962	-0.969463	-0.095301	0.909831	0.244989	-0.334944
04426	12.028749	-1.985839	0.707071	0.381217	-1.607910	-0.050327	0.362510	-0.006533	0.931957	0.229570	-0.968538	-0.096087	0.903263	0.248781	-0.349605
04427	12.665660	-1.828083	0.492449	0.461908	-1.687829	-0.097514	0.377436	-0.001359	0.926035	0.233987	-0.967410	-0.096789	0.895987	0.253212	-0.364817
04428	13.426306	-1.318057	0.042276	0.574682	-1.751172	-0.140022	0.392707	0.004508	0.919652	0.239626	-0.965948	-0.097589	0.887896	0.258697	-0.380415
04429	14.097824	-1.262264	-0.566480	0.616438	-1.784052	-0.178306	0.408005	0.010889	0.912915	0.245704	-0.964347	-0.098309	0.879296	0.264418	-0.396134
04430	13.950366	-1.131831	-1.549369	0.665109	-1.822719	-0.198198	0.423438	0.017705	0.905752	0.252322	-0.962551	-0.099145	0.870077	0.270523	-0.412048
04431	12.894202	-0.724680	-3.579885	0.624160	-1.799565	-0.189663	0.438481	0.024456	0.898408	0.258490	-0.960824	-0.100005	0.860766	0.276080	-0.427624
04432	11.548245	0.123769	-5.496313	0.621693	-1.742781	-0.184506	0.452901	0.031117	0.891018	0.264612	-0.959050	-0.101008	0.851388	0.281521	-0.442589
04433	11.120011	0.550662	-7.904213	0.511022	-1.626714	-0.178956	0.466153	0.037456	0.883911	0.269715	-0.957558	-0.101665	0.842588	0.285795	-0.456471
04434	10.446119	0.146665	-9.050227	0.441096	-1.474053	-0.172857	0.478027	0.043380	0.877273	0.274209	-0.956231	-0.102132	0.834446	0.289379	-0.468999
04435	8.780525	0.199494	-9.522619	0.636125	-1.320914	-0.258642	0.488232	0.049721	0.871296	0.280699	-0.954271	-0.102834	0.826340	0.294779	-0.479862
04436	8.301371	0.317583	-9.322090	0.740751	-1.100298	-0.381659	0.496179	0.056668	0.866369	0.288652	-0.951872	-0.103053	0.818833	0.301212	-0.488656
04437	7.354899	0.485374	-8.986925	0.856190	-0.845648	-0.468639	0.501657	0.063717	0.862717	0.297935	-0.948996	-0.103156	0.812142	0.308783	-0.495054
04438	6.146494	0.252936	-8.638038	0.929076	-0.648903	-0.538074	0.505259	0.070876	0.860052	0.308144	-0.945738	-0.103089	0.806078	0.317106	-0.499682
04439	5.138676	-0.024379	-8.349351	0.987588	-0.474440	-0.600602	0.507145	0.078091	0.858316	0.319087	-0.942132	-0.102819	0.800617	0.326021	-0.502715
04440	4.245440	-0.326023	-8.763852	1.067081	-0.320417	-0.599823	0.507735	0.084820	0.857328	0.330629	-0.938124	-0.102995	0.795544	0.335752	-0.504362
04441	3.411897	-0.028438	-9.821486	1.237759	-0.112899	-0.586707	0.506614	0.090720	0.857387	0.343397	-0.933398	-0.104144	0.790836	0.347185	-0.504025
04442	1.966613	-0.420755	-9.994666	1.282813	0.052096	-0.520522	0.504363	0.095411	0.858205	0.356129	-0.928396	-0.106081	0.786632	0.359135	-0.502227
04443	1.381566	0.607244	-8.977842	1.411673	0.212113	-0.398887	0.501215	0.098356	0.859715	0.369191	-0.922861	-0.109659	0.782612	0.372362	-0.498864
04444	2.342316	2.449021	-8.166279	1.192674	0.516337	-0.360996	0.495806	0.099755	0.862685	0.380296	-0.918008	-0.112413	0.780738	0.383811	-0.493090
04445	3.180006	4.233941	-6.521670	0.608058	0.813641	-0.391188	0.487911	0.100228	0.867120	0.386960	-0.915277	-0.111940	0.782435	0.390158	-0.485358
04446	3.770207	4.947716	-4.633949	-0.449143	1.096840	-0.431360	0.477603	0.099945	0.872872	0.385494	-0.916604	-0.105976	0.789487	0.387102	-0.476301
04447	4.766905	4.289777	-3.671535	-1.512428	1.335122	-0.413872	0.465372	0.098710	0.879594	0.375407	-0.921963	-0.095154	0.801560	0.374488	-0.466112
04448	5.336196	2.355969	-3.709645	-2.294419	1.517306	-0.333073	0.451850	0.096291	0.886882	0.358346	-0.930016	-0.081596	0.816958	0.354680	-0.454733
04449	5.369790	0.214084	-4.739907	-2.544837	1.533357	-0.246933	0.438306	0.093381	0.893962	0.338448	-0.938532	-0.067903	0.832671	0.332322	-0.442969
04450	5.744723	-1.345552	-5.523067	-2.347215	1.437731	-0.208589	0.425528	0.090748	0.900384	0.319618	-0.945907	-0.055717	0.846623	0.311488	-0.431514
04451	6.281447	-2.029167	-5.442842	-1.809409	1.369622	-0.195158	0.413211	0.088494	0.906325	0.305008	-0.951229	-0.046180	0.858037	0.295519	-0.420050
04452	6.445233	-1.840270	-5.321433	-1.254946	1.332591	-0.170641	0.401185	0.086285	0.911924	0.294853	-0.954731	-0.039379	0.867244	0.284682	-0.408465
04453	6.717766	-0.905908	-5.679913	-0.865324	1.384155	-0.127843	0.388722	0.083668	0.917548	0.287811	-0.957060	-0.034661	0.875249	0.277554	-0.396110
04454	6.436395	-0.161581	-5.270039	-0.600238	1.359813	-0.071260	0.376551	0.080639	0.922880	0.282784	-0.958662	-0.031615	0.882180	0.272880	-0.383789
04455	6.669417	0.931506	-4.562491	-0.487706	1.299414	0.034987	0.365117	0.076834	0.927786	0.278329	-0.960016	-0.030030	0.888382	0.269194	-0.371903
04456	6.724222	2.153207	-4.514442	-0.626850	1.355568	0.145495	0.353412	0.071852	0.932704	0.272190	-0.961805	-0.029042	0.894993	0.264136	-0.359471
04457	6.635657	3.083217	-4.912863	-0.969612	1.384692	0.233706	0.341564	0.066057	0.937534	0.262658	-0.964490	-0.027736	0.902411	0.255724	-0.346786
04458	6.827540	2.896577	-5.640784	-1.534653	1.379500	0.302374	0.329810	0.059735	0.942155	0.247699	-0.968506	-0.025304	0.910972	0.241717	-0.334220
04459	7.089504	1.581285	-5.055221	-1.977127	1.332922	0.332093	0.318372	0.053471	0.946457	0.228520	-0.973293	-0.021883	0.920010	0.223251	-0.322088
04460	7.483730	-0.065581	-4.614813	-2.336296	1.224893	0.275741	0.307630	0.048214	0.950284	0.206027	-0.978398	-0.017056	0.928933	0.201031	-0.310918
04461	8.551065	-1.638637	-4.181792	-2.493223	1.124857	0.070829	0.297249	0.045455	0.953718	0.182548	-0.983146	-0.010038	0.937187	0.177083	-0.300536
04462	9.417797	-3.771966	-3.495421	-2.506395	0.997802	-0.208079	0.287490	0.045892	0.956684	0.159543	-0.987191	-0.000589	0.944402	0.152802	-0.291129
04463	10.148245	-6.260003	-3.813618	-2.163544	0.727572	-0.504323	0.279822	0.049902	0.958754	0.140478	-0.990028	0.010530	0.949719	0.131737	-0.284042
04464	10.985365	-7.809437	-4.951534	-0.938539	0.596190	-0.694595	0.273186	0.056057	0.960326	0.133439	-0.990858	0.019880	0.952661	0.122714	-0.278169
04465	10.724745	-5.014731	-2.767870	0.580255	0.467433	-0.990794	0.267351	0.065332	0.961382	0.141632	-0.989527	0.027858	0.953134	0.128715	-0.273805
04466	11.614244	-3.241403	-4.307342	1.282611	0.337017	-1.224404	0.262298	0.077010	0.961909	0.157061	-0.986926	0.036185	0.952120	0.141587	-0.270964
04467	11.749546	-2.383003	-2.584191	1.843160	0.225348	-1.077662	0.258335	0.087332	0.962100	0.177373	-0.983263	0.041626	0.949632	0.159897	-0.269502
04468	13.350544	-2.780932	-0.980018	1.845007	-0.017513	-0.721231	0.257137	0.094473	0.961746	0.196689	-0.979495	0.043629	0.946147	0.177946	-0.270446
04469	16.822064	-2.414500	-0.196305	1.983130	-0.162180	-0.218382	0.258197	0.096953	0.961215	0.215946	-0.975569	0.040394	0.941648	0.197141	-0.272826
04470	16.478013	-2.147307	-0.522770	1.411897	-0.094580	0.585167	0.260368	0.091476	0.961166	0.227668	-0.973247	0.030954	0.938284	0.210767	-0.274228
04471	11.618588	1.060060	0.072479	0.625819	-0.105321	1.119039	0.263896	0.080848	0.961157	0.230571	-0.972879	0.018528	0.936587	0.216725	-0.275380
04472	7.622066	3.757404	0.061473	-0.889794	-0.193277	1.102742	0.268172	0.070547	0.960785	0.219264	-0.975610	0.010435	0.938087	0.207867	-0.277099
04473	6.643760	3.274746	-1.280754	-2.465126	-0.258492	0.800851	0.272233	0.063255	0.960150	0.193890	-0.980976	0.009653	0.942494	0.183536	-0.279318
04474	7.549728	0.920721	-2.374148	-3.517928	-0.257515	0.524927	0.275579	0.058550	0.959494	0.159163	-0.987145	0.014524	0.948010	0.148714	-0.281356
04475	8.897264	-3.125102	-2.959783	-3.762545	-0.312111	0.267338	0.278899	0.056351	0.958666	0.122638	-0.992193	0.022643	0.952457	0.111253	-0.283633
04476	9.835784	-6.673524	-3.720973	-3.113286	-0.393610	0.054944	0.282700	0.056215	0.957560	0.092761	-0.995204	0.031040	0.954713	0.080049	-0.286559
04477	9.816310	-8.065883	-4.237340	-1.729459	-0.458618	-0.098620	0.286976	0.057560	0.956207	0.076495	-0.996382	0.037021	0.954879	0.062521	-0.290341
04478	9.078312	-7.585601	-4.120074	-0.046891	-0.472933	-0.221238	0.291308	0.060093	0.954740	0.076655	-0.996282	0.039319	0.953553	0.061732	-0.294831
04479	9.044376	-5.142457	-4.053350	1.456240	-0.435754	-0.245409	0.295235	0.062862	0.953354	0.091200	-0.995131	0.037374	0.951062	0.075912	-0.299530
04480	9.365112	-0.008637	-3.698924	2.257034	-0.340509	-0.126116	0.298327	0.064447	0.952286	0.112972	-0.993089	0.031817	0.947754	0.098090	-0.303546
04481	9.730387	5.722570	-3.011683	1.724439	-0.230143	0.003180	0.300492	0.064683	0.951589	0.129237	-0.991258	0.026569	0.944988	0.114997	-0.306224
04482	9.401133	7.396508	-2.920470	0.133042	-0.145808	0.075749	0.301954	0.064134	0.951163	0.130234	-0.991156	0.025487	0.944385	0.116178	-0.307636
04483	9.466283	4.188778	-3.156964	-1.290351	-0.081932	0.088430	0.302820	0.063377	0.950938	0.117735	-0.992631	0.028664	0.945748	0.103278	-0.308050
04484	9.553792	0.547263	-3.768091	-1.789635	-0.039304	0.048219	0.303232	0.062969	0.950834	0.100615	-0.994352	0.033764	0.947590	0.085430	-0.307855
04485	9.730105	-1.810416	-5.425038	-1.470995	-0.003516	-0.090934	0.303163	0.063909	0.950793	0.086906	-0.995445	0.039200	0.948968	0.070746	-0.307336
04486	9.669223	-3.164719	-6.258321	-0.634747	0.081822	-0.157110	0.302242	0.065452	0.950981	0.081324	-0.995773	0.042689	0.949756	0.064436	-0.306287
04487	9.220613	-2.556973	-5.634128	0.388940	0.162289	-0.112831	0.300592	0.066498	0.951432	0.085321	-0.995442	0.042618	0.949929	0.068367	-0.304895
04488	9.526661	0.291002	-4.716324	0.958189	0.200904	-0.061523	0.298616	0.066997	0.952019	0.094575	-0.994700	0.040336	0.949676	0.077992	-0.303370
04489	9.964937	3.074145	-4.228385	0.855000	0.199827	-0.016901	0.296689	0.067029	0.952619	0.102706	-0.993987	0.037953	0.949435	0.086579	-0.301789
04490	9.488718	4.053574	-3.597713	0.188901	0.149924	0.025128	0.295279	0.066683	0.953081	0.104393	-0.993840	0.037192	0.949691	0.088513	-0.300421
04491	9.014538	3.037987	-3.783707	-0.548706	0.112050	0.069098	0.294271	0.065932	0.953445	0.098942	-0.994359	0.038224	0.950587	0.083088	-0.299134
04492	9.187721	1.119091	-4.003947	-0.987006	0.143832	0.092966	0.292978	0.064929	0.953912	0.089248	-0.995193	0.040328	0.951945	0.073320	-0.297364
04493	9.115720	-0.298038	-4.034724	-1.096014	0.201837	0.104528	0.291130	0.063786	0.954555	0.078469	-0.996005	0.042623	0.953460	0.062494	-0.294972
04494	8.897347	-1.216965	-4.728236	-1.089410	0.248622	0.061149	0.288791	0.063069	0.955313	0.067864	-0.996666	0.045284	0.954984	0.051754	-0.292108
04495	8.464994	-1.805951	-4.800111	-0.965900	0.256313	-0.000100	0.286331	0.062984	0.956058	0.058601	-0.997120	0.048138	0.956337	0.042242	-0.289197
04496	8.729432	-2.145212	-4.147016	-0.732820	0.244230	-0.051413	0.283954	0.063437	0.956737	0.051703	-0.997370	0.050786	0.957443	0.035045	-0.286488
04497	9.299363	-1.922243	-3.370434	-0.433208	0.257654	-0.066749	0.281445	0.064049	0.957438	0.047706	-0.997470	0.052704	0.958391	0.030843	-0.283788
04498	9.546079	-0.686614	-2.181113	-0.131830	0.243251	-0.078142	0.279065	0.064790	0.958084	0.046629	-0.997459	0.053871	0.959139	0.029641	-0.281377
04499	9.908611	0.988795	-1.743698	-0.052741	0.235191	-0.082232	0.276762	0.065570	0.958699	0.046313	-0.997420	0.054849	0.959822	0.029221	-0.279085
04500	9.850317	1.761895	-1.867285	-0.231793	0.236838	-0.087829	0.274438	0.066415	0.959309	0.044297	-0.997426	0.056381	0.960584	0.027021	-0.276673
04501	9.411678	1.899571	-2.194587	-0.398177	0.207728	-0.094303	0.272393	0.067333	0.959827	0.040691	-0.997462	0.058426	0.961325	0.023141	-0.274441
04502	9.719519	1.451454	-2.810684	-0.533828	0.195921	-0.079484	0.270468	0.068121	0.960316	0.035740	-0.997516	0.060694	0.962065	0.017906	-0.272231
04503	9.664272	0.884383	-2.700246	-0.506068	0.192117	-0.053197	0.268592	0.068654	0.960804	0.030976	-0.997557	0.062620	0.962756	0.012943	-0.270062
04504	9.661005	0.712611	-2.162120	-0.442480	0.182629	-0.027886	0.266815	0.068947	0.961278	0.026756	-0.997583	0.064125	0.963376	0.008611	-0.268015
04505	9.930002	0.563286	-2.282045	-0.470970	0.172699	0.011610	0.265145	0.068852	0.961747	0.022150	-0.997619	0.065314	0.963954	0.003985	-0.266039
04506	9.600054	0.522729	-1.976942	-0.502896	0.136636	0.025839	0.263823	0.068628	0.962127	0.017200	-0.997642	0.066445	0.964418	-0.000981	-0.264381
04507	9.310058	0.032906	-1.666788	-0.473141	0.089216	0.006054	0.262955	0.068602	0.962366	0.012583	-0.997628	0.067678	0.964726	-0.005687	-0.263194
04508	9.277106	-0.537617	-1.461685	-0.345361	0.054156	-0.026953	0.262420	0.068910	0.962490	0.009288	-0.997581	0.068890	0.964909	-0.009138	-0.262425
04509	9.228575	-0.588998	-1.221467	-0.114544	0.020485	-0.070908	0.262207	0.069650	0.962495	0.008330	-0.997518	0.069915	0.964976	-0.010314	-0.262136
04510	9.444109	-0.163496	-1.213648	0.115389	-0.027400	-0.119857	0.262451	0.070879	0.962339	0.009725	-0.997442	0.070812	0.964896	-0.009226	-0.262469
04511	9.659606	-0.018055	-1.194204	0.354065	-0.055671	-0.142593	0.262961	0.072326	0.962092	0.013475	-0.997364	0.071295	0.964712	-0.005784	-0.263243
04512	9.645662	1.204266	-1.416797	0.576766	-0.087777	-0.129731	0.263777	0.073652	0.961768	0.019346	-0.997284	0.071066	0.964390	-0.000139	-0.264486
04513	9.835430	2.276874	-2.095767	0.534022	-0.087594	-0.113033	0.264586	0.074811	0.961456	0.024753	-0.997185	0.070779	0.964044	0.005072	-0.265692
04514	9.439551	2.378998	-2.459549	0.337188	-0.099309	-0.084104	0.265511	0.075691	0.961132	0.028193	-0.997097	0.070735	0.963696	0.008316	-0.266874
04515	9.251431	1.952599	-2.819692	0.190994	-0.110638	-0.049828	0.266550	0.076229	0.960802	0.030127	-0.997039	0.070746	0.963350	0.010089	-0.268057
04516	9.342459	1.280073	-2.819566	0.137299	-0.094626	-0.020609	0.267445	0.076480	0.960533	0.031471	-0.997007	0.070621	0.963059	0.011342	-0.269051
04517	9.081243	1.101929	-1.812055	0.143077	-0.112149	0.010607	0.268516	0.076419	0.960239	0.032783	-0.996996	0.070177	0.962717	0.012636	-0.270215
04518	9.199949	1.128386	-1.112399	0.064084	-0.138688	0.052548	0.269858	0.075948	0.959900	0.033225	-0.997025	0.069545	0.962327	0.013126	-0.271579
04519	9.206308	1.057349	-0.719785	-0.050751	-0.167886	0.058253	0.271480	0.075422	0.959484	0.032542	-0.997074	0.069169	0.961894	0.012446	-0.273140
04520	9.070273	1.058510	-0.577403	-0.162294	-0.213918	0.034794	0.273538	0.075134	0.958922	0.030854	-0.997117	0.069326	0.961366	0.010623	-0.275067
04521	9.278160	0.238427	-0.813132	-0.200767	-0.263433	0.012098	0.276059	0.075071	0.958205	0.028854	-0.997143	0.069809	0.960708	0.008377	-0.277436
04522	9.548907	0.011739	-0.790550	-0.024431	-0.314924	-0.008466	0.279070	0.075216	0.957320	0.028610	-0.997136	0.070005	0.959844	0.007853	-0.280423
04523	9.909417	0.278431	-0.839239	0.122865	-0.361730	-0.026725	0.282517	0.075545	0.956283	0.029826	-0.997104	0.069958	0.958798	0.008757	-0.283952
04524	9.987667	0.556542	-1.623122	0.277074	-0.389423	-0.027127	0.286230	0.075889	0.955151	0.032525	-0.997054	0.069472	0.957609	0.011182	-0.287855
04525	9.698784	1.415279	-2.597148	0.366742	-0.392094	-0.023754	0.289958	0.076208	0.954001	0.036064	-0.996987	0.068680	0.956360	0.014491	-0.291832
04526	9.654509	1.733939	-3.733072	0.271705	-0.366179	-0.009465	0.293444	0.076394	0.952919	0.038657	-0.996935	0.068019	0.955194	0.016877	-0.295497
04527	9.282873	1.124197	-4.209192	0.152105	-0.351556	0.002999	0.296784	0.076458	0.951879	0.040063	-0.996909	0.067584	0.954104	0.018077	-0.298930
04528	9.378568	0.828831	-4.271651	0.113139	-0.339187	0.032681	0.300021	0.076230	0.950882	0.041012	-0.996911	0.066980	0.953050	0.018903	-0.302221
04529	9.351976	0.478685	-4.168239	0.071650	-0.310341	0.073796	0.302992	0.075586	0.949991	0.041436	-0.996952	0.066107	0.952092	0.019334	-0.305200
04530	9.061554	0.765039	-3.571678	0.057225	-0.298663	0.080473	0.305857	0.074877	0.949128	0.041705	-0.996999	0.065215	0.951164	0.019637	-0.308062
04531	8.918706	0.970222	-2.965610	0.055360	-0.290719	0.067272	0.308634	0.074297	0.948275	0.041989	-0.997037	0.064451	0.950254	0.019925	-0.310839
04532	8.719419	1.283186	-2.163555	0.060185	-0.297414	0.059982	0.311474	0.073794	0.947385	0.042343	-0.997068	0.063742	0.949311	0.020262	-0.313685
04533	8.893640	1.138746	-0.754117	0.049262	-0.334046	0.065554	0.314655	0.073241	0.946376	0.042571	-0.997104	0.063013	0.948251	0.020461	-0.316862
04534	9.401672	0.859567	-0.221610	0.083030	-0.404018	0.087418	0.318511	0.072488	0.945144	0.043050	-0.997149	0.061969	0.946941	0.020951	-0.320723
04535	9.526342	0.799971	-0.597728	0.183737	-0.461221	0.095120	0.322899	0.071673	0.943716	0.044449	-0.997176	0.060525	0.945389	0.022404	-0.325173
04536	9.331859	1.232960	-1.606305	0.247834	-0.493510	0.074286	0.327584	0.071083	0.942144	0.046518	-0.997170	0.059061	0.943676	0.024480	-0.329963
04537	9.640459	1.481740	-2.669637	0.220689	-0.506759	0.053166	0.332367	0.070716	0.940495	0.048389	-0.997150	0.057875	0.941908	0.026274	-0.334842
04538	9.844069	1.230801	-3.435638	0.179271	-0.519128	0.056356	0.337270	0.070328	0.938777	0.049858	-0.997141	0.056789	0.940087	0.027652	-0.339812
04539	9.595442	0.479666	-3.874029	0.202039	-0.520462	0.078391	0.342178	0.069729	0.937044	0.051456	-0.997137	0.055411	0.938225	0.029256	-0.344786
04540	9.249016	0.303137	-3.930646	0.318312	-0.519603	0.089720	0.347084	0.069029	0.935290	0.054101	-0.997100	0.053514	0.936272	0.032026	-0.349813
04541	9.078730	0.329329	-3.744919	0.400260	-0.507930	0.102023	0.351873	0.068218	0.933559	0.057455	-0.997034	0.051200	0.934283	0.035622	-0.354749
04542	9.018392	0.560700	-3.424987	0.462609	-0.517212	0.114298	0.356757	0.067308	0.931769	0.061339	-0.996936	0.048530	0.932181	0.039840	-0.359792
04543	9.017589	0.427189	-3.146875	0.443395	-0.530012	0.121957	0.361749	0.066349	0.929912	0.064997	-0.996832	0.045838	0.930007	0.043860	-0.364916
04544	9.248575	0.105636	-2.739810	0.515796	-0.547959	0.111420	0.366903	0.065526	0.927949	0.069354	-0.996667	0.042956	0.927670	0.048596	-0.370224
04545	9.445722	0.048984	-2.190932	0.638957	-0.575502	0.112719	0.372295	0.064733	0.925854	0.074825	-0.996411	0.039579	0.925093	0.054542	-0.375803
04546	9.504181	0.194195	-1.985610	0.715556	-0.616344	0.127368	0.378076	0.063856	0.923570	0.080929	-0.996079	0.035740	0.922230	0.061231	-0.381761
04547	9.920446	-0.455711	-1.987441	0.754233	-0.659114	0.135578	0.384237	0.062965	0.921085	0.087324	-0.995677	0.031636	0.919095	0.068277	-0.388075
04548	9.991269	-0.701131	-1.943592	0.868386	-0.697255	0.148404	0.390757	0.062027	0.918402	0.094689	-0.995143	0.026922	0.915611	0.076442	-0.394732
04549	10.010299	-0.390569	-1.896935	0.909244	-0.744309	0.158301	0.397691	0.061084	0.915484	0.102339	-0.994508	0.021900	0.911794	0.084981	-0.401758
04550	10.054740	-0.240040	-2.255155	0.916993	-0.780613	0.167015	0.404957	0.060155	0.912355	0.109985	-0.993793	0.016706	0.907696	0.093580	-0.409060
04551	9.837097	0.068306	-2.390556	0.888736	-0.818446	0.175091	0.412543	0.059245	0.909010	0.117284	-0.993032	0.011493	0.903356	0.101871	-0.416617
04552	9.769285	0.138309	-2.444487	0.828901	-0.865497	0.185875	0.420553	0.058348	0.905390	0.123954	-0.992268	0.006371	0.898761	0.109547	-0.424534
04553	9.757240	0.000442	-2.328699	0.810918	-0.912446	0.198411	0.428958	0.057443	0.901496	0.130346	-0.991468	0.001153	0.893871	0.117012	-0.432785
04554	9.486939	0.045665	-2.161244	0.833785	-0.953995	0.195918	0.437709	0.056688	0.897328	0.136904	-0.990575	-0.004202	0.888633	0.124687	-0.441345
04555	9.415614	0.388233	-2.075249	0.840210	-1.022686	0.193147	0.447011	0.056118	0.892767	0.143459	-0.989609	-0.009625	0.882950	0.132378	-0.450417
04556	9.564302	0.936782	-2.239269	0.846352	-1.074811	0.197719	0.456745	0.055660	0.887855	0.149990	-0.988571	-0.015186	0.876862	0.140106	-0.459873
04557	9.871487	1.132885	-2.374366	0.746757	-1.129147	0.179941	0.466856	0.055529	0.882588	0.155652	-0.987605	-0.020197	0.870528	0.146806	-0.469712
04558	10.556624	1.032362	-2.687814	0.628391	-1.176436	0.173316	0.477319	0.055611	0.876969	0.160262	-0.986767	-0.024654	0.863992	0.152312	-0.479914
04559	11.111425	0.393428	-3.225195	0.462706	-1.216298	0.162161	0.488018	0.055916	0.871041	0.163432	-0.986150	-0.028261	0.857396	0.156148	-0.490397
04560	11.315574	-0.739162	-3.035821	0.423868	-1.264539	0.135327	0.499026	0.056611	0.864736	0.166363	-0.985562	-0.031485	0.850468	0.159572	-0.501239
04561	11.465742	-1.537677	-2.235264	0.501158	-1.339659	0.099746	0.510503	0.057821	0.857930	0.170074	-0.984816	-0.034829	0.842889	0.163692	-0.512585
04562	11.472528	-2.053317	-1.271605	0.652149	-1.410516	0.058257	0.522420	0.059629	0.850601	0.175224	-0.983769	-0.038655	0.834490	0.169240	-0.524389
