// General information: 
//  MT Manager version: 2022.2.0 
//  XDA version: 2022.2.0 build 7381 rev 124627 built on 2023-07-19
// Device information: 
//  DeviceId: 00B4CAF0
//  ProductCode: MTW2-3A7G6
//  Firmware Version: 4.6.0
//  Hardware Version: 2.0.0
// Device settings: 
//  Filter Profile: human(46.1)
//  Option Flags: Orientation Smoother Disabled, Position/Velocity Smoother Disabled, Continuous Zero Rotation Update Disabled, AHS Disabled, ICC Disabled
// Coordinate system: ENU
PacketCounter	Acc_X	Acc_Y	Acc_Z	Gyr_X	Gyr_Y	Gyr_Z	Mat[1][1]	Mat[2][1]	Mat[3][1]	Mat[1][2]	Mat[2][2]	Mat[3][2]	Mat[1][3]	Mat[2][3]	Mat[3][3]
51685	6.322904	0.997068	7.891646	0.027580	0.038903	0.012861	0.637231	0.438929	0.633465	-0.614682	0.785275	0.074218	-0.464868	-0.436674	0.770204
51686	6.249232	1.118827	7.890464	0.022736	0.025070	0.017609	0.637234	0.439139	0.633316	-0.614871	0.785122	0.074274	-0.464614	-0.436738	0.770321
51687	6.337882	0.945594	7.915312	0.013795	0.003257	0.016901	0.637142	0.439244	0.633336	-0.615012	0.785012	0.074270	-0.464554	-0.436830	0.770305
51688	6.438576	0.668502	7.897519	0.008875	-0.006386	0.019762	0.636986	0.439333	0.633431	-0.615149	0.784911	0.074205	-0.464586	-0.436923	0.770233
51689	6.392772	0.674977	7.868955	0.019327	-0.003527	0.016404	0.636854	0.439419	0.633505	-0.615331	0.784765	0.074246	-0.464527	-0.437099	0.770168
51690	6.409149	0.710894	7.914150	0.018876	-0.011503	0.004768	0.636766	0.439368	0.633628	-0.615419	0.784685	0.074354	-0.464530	-0.437293	0.770056
51691	6.432725	0.617783	7.938913	0.021887	-0.016317	-0.003069	0.636712	0.439236	0.633774	-0.615476	0.784622	0.074548	-0.464529	-0.437538	0.769917
51692	6.436221	0.600747	7.886951	0.030321	-0.011884	-0.012304	0.636727	0.439049	0.633888	-0.615509	0.784567	0.074852	-0.464464	-0.437824	0.769794
51693	6.489591	0.673364	7.815223	0.041075	-0.008714	-0.020870	0.636846	0.438762	0.633968	-0.615480	0.784547	0.075298	-0.464340	-0.438148	0.769685
51694	6.421955	0.891511	7.869543	0.051015	-0.005467	-0.025706	0.636974	0.438498	0.634022	-0.615524	0.784460	0.075846	-0.464107	-0.438567	0.769587
51695	6.447539	1.099558	7.873504	0.045720	-0.009506	-0.024121	0.637102	0.438188	0.634108	-0.615504	0.784428	0.076347	-0.463957	-0.438936	0.769466
51696	6.523670	1.009941	7.853698	0.034842	-0.016157	-0.020329	0.637147	0.437919	0.634248	-0.615506	0.784388	0.076736	-0.463892	-0.439276	0.769312
51697	6.539449	0.868486	7.815887	0.031161	-0.004309	-0.013170	0.637205	0.437754	0.634304	-0.615534	0.784334	0.077055	-0.463775	-0.439536	0.769234
51698	6.639952	0.594899	7.798841	0.030402	0.005168	-0.011153	0.637293	0.437651	0.634287	-0.615575	0.784273	0.077353	-0.463601	-0.439747	0.769218
51699	6.513539	0.536151	7.864641	0.039293	0.021045	-0.017958	0.637482	0.437579	0.634146	-0.615635	0.784185	0.077763	-0.463260	-0.439975	0.769293
51700	6.479225	0.921187	7.857041	0.039800	0.022380	-0.021084	0.637710	0.437474	0.633989	-0.615656	0.784126	0.078195	-0.462919	-0.440185	0.769379
51701	6.534315	0.815207	7.845272	0.022220	0.029932	-0.018945	0.637965	0.437401	0.633783	-0.615590	0.784150	0.078475	-0.462656	-0.440215	0.769520
51702	6.486885	0.870617	7.847986	0.021832	0.033805	-0.015647	0.638213	0.437389	0.633542	-0.615561	0.784146	0.078735	-0.462352	-0.440233	0.769692
51703	6.306926	1.060790	7.908606	0.009858	0.028666	-0.007501	0.638357	0.437471	0.633340	-0.615598	0.784104	0.078864	-0.462104	-0.440226	0.769845
51704	6.293549	0.982171	7.975035	0.000216	0.002758	-0.002513	0.638380	0.437426	0.633348	-0.615554	0.784138	0.078874	-0.462131	-0.440211	0.769837
51705	6.349289	0.962229	7.879535	-0.005725	-0.011277	0.011215	0.638264	0.437410	0.633476	-0.615553	0.784151	0.078756	-0.462292	-0.440204	0.769744
51706	6.394192	0.793873	7.875374	-0.009318	-0.021391	0.011838	0.638087	0.437370	0.633681	-0.615556	0.784164	0.078601	-0.462532	-0.440220	0.769591
51707	6.452909	0.819371	7.807701	-0.003154	-0.023352	0.013001	0.637905	0.437323	0.633898	-0.615586	0.784150	0.078496	-0.462743	-0.440292	0.769423
51708	6.446306	0.901727	7.796742	-0.006495	-0.023041	0.013980	0.637707	0.437292	0.634117	-0.615616	0.784142	0.078350	-0.462976	-0.440337	0.769257
51709	6.388331	0.781405	7.803549	-0.001548	-0.025253	0.010123	0.637520	0.437227	0.634351	-0.615653	0.784121	0.078272	-0.463185	-0.440440	0.769072
51710	6.370230	0.717070	7.884331	0.006017	-0.030146	0.006328	0.637336	0.437106	0.634619	-0.615691	0.784090	0.078271	-0.463386	-0.440614	0.768851
51711	6.585542	0.765007	7.733110	0.009022	-0.034977	-0.001506	0.637200	0.436879	0.634912	-0.615668	0.784101	0.078352	-0.463605	-0.440821	0.768601
51712	6.608386	0.693500	7.701843	0.011738	-0.018868	-0.004890	0.637137	0.436719	0.635085	-0.615662	0.784094	0.078466	-0.463699	-0.440991	0.768447
51713	6.591587	0.543377	7.759383	0.027210	-0.002893	-0.006388	0.637158	0.436642	0.635117	-0.615749	0.783999	0.078730	-0.463554	-0.441236	0.768393
51714	6.515574	0.709002	7.751141	0.031920	0.009164	-0.020545	0.637322	0.436483	0.635061	-0.615737	0.783972	0.079098	-0.463345	-0.441442	0.768401
51715	6.441150	0.785025	7.825386	0.032422	0.008772	-0.019079	0.637466	0.436356	0.635004	-0.615766	0.783911	0.079473	-0.463108	-0.441675	0.768410
51716	6.348738	0.913870	7.877719	0.036005	-0.002360	-0.018947	0.637567	0.436159	0.635038	-0.615782	0.783858	0.079862	-0.462948	-0.441963	0.768341
51717	6.356295	1.036462	7.912890	0.028056	-0.013108	-0.015680	0.637585	0.435967	0.635152	-0.615818	0.783798	0.080181	-0.462875	-0.442261	0.768214
51718	6.350019	0.986413	7.954948	0.019557	-0.032860	-0.012150	0.637503	0.435688	0.635426	-0.615802	0.783788	0.080401	-0.463010	-0.442552	0.767964
51719	6.367165	0.977358	7.968985	0.013125	-0.044777	-0.004472	0.637333	0.435387	0.635802	-0.615772	0.783799	0.080522	-0.463282	-0.442829	0.767641
51720	6.484525	0.963302	7.859719	0.000661	-0.047798	-0.002369	0.637122	0.435119	0.636198	-0.615731	0.783830	0.080535	-0.463629	-0.443037	0.767311
51721	6.570333	0.807462	7.792413	-0.002974	-0.046065	-0.000777	0.636923	0.434840	0.636587	-0.615649	0.783897	0.080509	-0.464011	-0.443192	0.766991
51722	6.414892	0.943086	7.870049	0.004035	-0.040444	-0.000497	0.636733	0.434618	0.636928	-0.615635	0.783906	0.080535	-0.464290	-0.443395	0.766705
51723	6.220707	0.887249	7.927061	0.005587	-0.051745	-0.001650	0.636503	0.434324	0.637359	-0.615607	0.783923	0.080582	-0.464641	-0.443653	0.766342
51724	5.832156	0.888603	8.151122	0.017322	-0.100292	-0.015944	0.636130	0.433715	0.638145	-0.615556	0.783939	0.080809	-0.465219	-0.444220	0.765663
51725	6.447483	0.754625	7.895060	0.023446	-0.149749	-0.032634	0.635631	0.432767	0.639285	-0.615445	0.783985	0.081205	-0.466047	-0.445061	0.764670
51726	6.830277	0.650835	7.603919	0.027022	-0.118395	-0.034067	0.635284	0.431934	0.640193	-0.615325	0.784036	0.081622	-0.466679	-0.445780	0.763866
51727	6.792284	0.525731	7.622562	0.033415	-0.083508	-0.047138	0.635172	0.431170	0.640819	-0.615175	0.784096	0.082181	-0.467030	-0.446415	0.763280
51728	6.628538	0.703014	7.766624	0.047372	-0.056954	-0.054848	0.635238	0.430447	0.641240	-0.615018	0.784145	0.082887	-0.467146	-0.447026	0.762851
51729	6.368711	1.031838	7.695992	0.057773	-0.054107	-0.058290	0.635329	0.429734	0.641627	-0.614921	0.784134	0.083706	-0.467150	-0.447731	0.762436
51730	6.271378	0.950013	7.863820	0.065398	-0.073350	-0.065792	0.635386	0.428851	0.642161	-0.614779	0.784147	0.084620	-0.467260	-0.448554	0.761885
51731	6.168054	0.950525	8.126711	0.063166	-0.109433	-0.064761	0.635260	0.427829	0.642967	-0.614654	0.784147	0.085518	-0.467594	-0.449529	0.761104
51732	6.385227	0.979858	7.988460	0.040111	-0.151257	-0.056843	0.634897	0.426663	0.644100	-0.614451	0.784234	0.086181	-0.468354	-0.450484	0.760071
51733	6.552827	1.054489	7.815662	0.018787	-0.160066	-0.042251	0.634390	0.425589	0.645309	-0.614266	0.784334	0.086594	-0.469284	-0.451326	0.758998
51734	6.602205	1.020686	7.820728	0.002546	-0.167589	-0.026769	0.633762	0.424583	0.646587	-0.614078	0.784460	0.086780	-0.470376	-0.452053	0.757888
51735	6.757414	1.081457	7.579442	-0.009063	-0.165746	-0.009003	0.633050	0.423683	0.647874	-0.613901	0.784601	0.086757	-0.471565	-0.452652	0.756791
51736	6.641592	0.877192	7.656934	-0.013257	-0.152738	0.003971	0.632299	0.422984	0.649063	-0.613834	0.784668	0.086624	-0.472659	-0.453189	0.755787
51737	6.332368	1.091617	7.962206	-0.009880	-0.168393	0.011136	0.631445	0.422247	0.650373	-0.613802	0.784709	0.086476	-0.473839	-0.453805	0.754677
51738	6.479203	1.020069	7.970413	-0.034225	-0.188513	0.020629	0.630419	0.421514	0.651842	-0.613740	0.784802	0.086077	-0.475284	-0.454326	0.753454
51739	6.478338	0.931795	7.990724	-0.042408	-0.202112	0.026427	0.629279	0.420784	0.653413	-0.613703	0.784884	0.085586	-0.476841	-0.454859	0.752148
51740	5.892164	1.254855	8.441965	-0.064227	-0.256657	0.050251	0.627738	0.419972	0.655415	-0.613682	0.784990	0.084768	-0.478893	-0.455429	0.750497
51741	5.683353	1.484088	8.759573	-0.117873	-0.355215	0.080087	0.625516	0.418970	0.658175	-0.613624	0.785186	0.083356	-0.481866	-0.456013	0.748237
51742	5.309569	1.092112	9.228352	-0.123842	-0.519015	0.145402	0.622107	0.417702	0.662199	-0.613902	0.785167	0.081466	-0.485909	-0.457206	0.744886
51743	3.026771	1.911560	11.309824	0.206561	-0.852574	0.246239	0.616402	0.415712	0.668754	-0.616453	0.783177	0.081356	-0.489932	-0.462404	0.739019
51744	4.418518	-0.776262	10.268384	0.183805	-1.350168	0.197070	0.608516	0.410923	0.678860	-0.618538	0.781530	0.081373	-0.497112	-0.469417	0.729745
51745	4.625047	1.710010	10.722294	0.211840	-1.690398	0.226617	0.598626	0.404636	0.691315	-0.620920	0.779643	0.081333	-0.506069	-0.477940	0.717961
51746	5.227286	-0.870009	10.188831	0.155538	-2.096052	0.196967	0.586665	0.396012	0.706398	-0.622854	0.778128	0.081058	-0.517568	-0.487537	0.703158
51747	5.149412	0.768883	10.376119	0.252764	-2.507304	0.163951	0.572468	0.384919	0.723960	-0.625150	0.776225	0.081627	-0.530536	-0.499312	0.684996
51748	5.560645	0.490547	10.561447	0.168367	-2.931267	0.170423	0.555613	0.371381	0.743889	-0.626988	0.774753	0.081509	-0.546059	-0.511696	0.663314
51749	5.626329	1.414147	10.799877	0.205978	-3.320847	0.248934	0.535601	0.356066	0.765734	-0.629471	0.772797	0.080940	-0.562937	-0.525359	0.638044
51750	6.417692	1.685128	10.951708	0.151855	-3.768112	0.367107	0.511706	0.338790	0.789543	-0.632233	0.770737	0.079032	-0.581754	-0.539617	0.608585
51751	7.086198	1.319770	10.580197	0.203506	-4.239887	0.484275	0.483519	0.319300	0.815020	-0.635843	0.768035	0.076328	-0.601593	-0.555130	0.574384
51752	8.995777	2.720864	11.551709	0.236847	-4.670018	0.612026	0.451028	0.297640	0.841418	-0.640122	0.764837	0.072576	-0.621946	-0.571344	0.535489
51753	11.661901	3.692074	12.418147	0.369394	-4.849962	0.775260	0.415311	0.275414	0.866986	-0.645847	0.760449	0.067809	-0.640623	-0.588102	0.493698
51754	12.001086	3.942167	11.417145	0.299222	-4.751715	0.984065	0.378064	0.254529	0.890102	-0.651665	0.756083	0.060584	-0.657571	-0.602953	0.451716
51755	11.786436	3.697645	10.545675	0.329305	-4.627094	1.183944	0.339462	0.235215	0.910736	-0.658187	0.751101	0.051342	-0.671978	-0.616864	0.409786
51756	10.455533	5.548078	8.940693	0.594811	-4.551530	1.280406	0.300134	0.216330	0.929043	-0.666284	0.744521	0.041885	-0.682631	-0.631578	0.367593
51757	8.818227	11.809137	11.470572	0.127614	-4.526813	1.470725	0.259030	0.198393	0.945274	-0.671324	0.740615	0.028521	-0.694425	-0.641974	0.325028
51758	25.585029	6.400323	15.243699	-0.550535	-3.581528	1.201624	0.225858	0.184211	0.956585	-0.670354	0.741882	0.015411	-0.706834	-0.644731	0.291047
51759	14.454596	1.043694	15.743445	-0.374660	-1.884484	0.664552	0.207957	0.176946	0.962000	-0.669195	0.743044	0.007989	-0.713395	-0.645427	0.272932
51760	5.645139	0.716343	13.276081	0.424818	-0.859710	0.113858	0.201050	0.172175	0.964331	-0.672430	0.740117	0.008049	-0.712332	-0.650063	0.264576
51761	-1.945899	3.633986	10.853656	0.675692	-0.504193	-0.030446	0.197665	0.168671	0.965649	-0.677215	0.735716	0.010116	-0.708737	-0.655952	0.259652
51762	-4.255704	4.557399	10.321453	0.534328	-0.466783	0.192936	0.193039	0.166967	0.966881	-0.681346	0.731898	0.009642	-0.706048	-0.660641	0.255047
51763	-2.678402	2.963822	11.202742	0.372453	-0.283093	0.416666	0.188200	0.168167	0.967626	-0.684820	0.728683	0.006555	-0.703991	-0.663883	0.252303
51764	-0.488713	1.444627	12.242927	0.437615	0.204806	0.446891	0.186556	0.172732	0.967140	-0.688705	0.725034	0.003356	-0.700630	-0.666700	0.254221
51765	0.803540	1.046671	12.682686	0.638809	0.916032	0.343725	0.190569	0.181390	0.964770	-0.693879	0.720090	0.001674	-0.694418	-0.669752	0.263090
51766	0.772759	1.109224	12.164814	0.804257	1.660880	0.235944	0.200372	0.194182	0.960283	-0.699864	0.714274	0.001598	-0.685595	-0.672388	0.279022
51767	0.583801	0.677351	11.193761	0.898571	2.294191	0.165698	0.214808	0.210889	0.953616	-0.706409	0.707799	0.002596	-0.674422	-0.674200	0.301015
51768	1.044982	-0.158623	10.059046	1.000132	2.790858	0.125313	0.232544	0.230555	0.944864	-0.713343	0.700801	0.004562	-0.661109	-0.675073	0.327432
51769	2.334328	-0.621259	9.106235	1.122923	3.190423	0.092653	0.252711	0.252851	0.933918	-0.721008	0.692886	0.007506	-0.645201	-0.675260	0.357408
51770	3.527958	-0.325766	8.380957	1.164974	3.511503	0.033687	0.274805	0.276730	0.920816	-0.728486	0.684963	0.011558	-0.627526	-0.673978	0.389825
51771	4.581485	-0.045552	7.947322	1.074064	3.750853	-0.048038	0.298325	0.301752	0.905510	-0.735105	0.677757	0.016329	-0.608788	-0.670516	0.424011
51772	5.872538	-0.594203	7.763328	0.904145	3.917872	-0.163761	0.323011	0.326753	0.888198	-0.739991	0.672263	0.021798	-0.589980	-0.664300	0.458943
51773	7.577998	-1.996107	7.455214	0.818117	4.050201	-0.292705	0.348653	0.351690	0.868767	-0.743877	0.667720	0.028229	-0.570165	-0.656098	0.494417
51774	9.019652	-2.636049	7.066606	0.858426	4.174073	-0.394176	0.374940	0.376215	0.847279	-0.747229	0.663591	0.036014	-0.548698	-0.646614	0.529925
51775	9.698078	-2.174227	6.870663	0.872173	4.265304	-0.433131	0.401045	0.400873	0.823689	-0.750358	0.659542	0.044355	-0.525477	-0.635850	0.565304
51776	9.983480	-1.439160	6.726783	0.755537	4.292850	-0.448098	0.426467	0.424908	0.798486	-0.752361	0.656664	0.052394	-0.502074	-0.623094	0.599730
51777	10.386957	-1.203638	6.620455	0.575863	4.279855	-0.467273	0.450930	0.448384	0.771760	-0.753259	0.655022	0.059559	-0.478815	-0.608192	0.633119
51778	10.696174	-0.928366	6.438569	0.397101	4.242558	-0.497441	0.474512	0.470533	0.743933	-0.752789	0.654955	0.065906	-0.456232	-0.591298	0.664996
51779	10.653262	-1.409452	6.380185	0.247345	4.187767	-0.556359	0.497266	0.491442	0.714990	-0.751315	0.656048	0.071601	-0.433880	-0.572788	0.695458
51780	11.156236	-2.356058	6.418008	0.252301	4.099199	-0.653414	0.519491	0.510206	0.685434	-0.749035	0.657927	0.077963	-0.411188	-0.553915	0.723949
51781	11.857799	-2.348777	6.541329	0.362428	3.998303	-0.749574	0.540982	0.527233	0.655259	-0.746630	0.659709	0.085604	-0.387147	-0.535546	0.750538
51782	12.793028	-2.065265	6.583446	0.413159	3.880501	-0.797885	0.561481	0.542357	0.624970	-0.743757	0.661829	0.093856	-0.362720	-0.517524	0.774986
51783	13.613968	-2.234850	6.162397	0.414457	3.775937	-0.808520	0.580620	0.556368	0.594420	-0.740709	0.664041	0.101979	-0.337981	-0.499503	0.797662
51784	13.465222	-2.156512	5.694203	0.391752	3.638690	-0.787681	0.598302	0.568944	0.564214	-0.737319	0.666579	0.109698	-0.313681	-0.481638	0.818308
51785	12.584283	-2.026019	5.241895	0.324259	3.422916	-0.731384	0.613945	0.580403	0.534980	-0.733954	0.669167	0.116305	-0.290487	-0.464056	0.836821
51786	11.799489	-1.075590	5.075581	0.220117	3.110797	-0.644222	0.627380	0.590225	0.507965	-0.730549	0.671962	0.121512	-0.269614	-0.447327	0.852764
51787	12.614720	0.010716	4.892781	0.028220	2.781224	-0.543408	0.638516	0.598922	0.483312	-0.727268	0.674994	0.124357	-0.251753	-0.430900	0.866571
51788	13.825153	0.197816	4.361845	-0.174093	2.475430	-0.473138	0.648006	0.606154	0.461156	-0.723777	0.678608	0.125057	-0.237140	-0.414811	0.878462
51789	15.080454	-0.085983	3.225015	-0.263049	2.190641	-0.483550	0.656491	0.611891	0.441145	-0.720076	0.682579	0.124811	-0.224746	-0.399595	0.888714
51790	15.415332	0.220757	1.702238	-0.259836	1.905057	-0.575689	0.664811	0.615400	0.423448	-0.715681	0.687158	0.124963	-0.214074	-0.386130	0.897260
51791	14.953406	1.227768	0.391684	-0.296462	1.544307	-0.704424	0.673032	0.616475	0.408640	-0.710374	0.692616	0.125108	-0.205904	-0.374489	0.904080
51792	13.928227	1.722678	-0.702716	-0.427240	1.088908	-0.884579	0.681511	0.614311	0.397699	-0.703491	0.699663	0.124784	-0.201599	-0.364819	0.908991
51793	13.485699	1.110614	-1.771975	-0.565313	0.525422	-1.135987	0.690479	0.608248	0.391501	-0.694585	0.708633	0.124066	-0.201968	-0.357595	0.911775
51794	13.613618	0.346830	-2.858975	-0.623607	-0.074053	-1.415604	0.700088	0.597846	0.390457	-0.683446	0.719411	0.123895	-0.206829	-0.353594	0.912246
51795	13.767407	-0.027692	-3.395039	-0.630180	-0.625161	-1.576354	0.709431	0.584203	0.394226	-0.671001	0.730965	0.124287	-0.215556	-0.352699	0.910571
51796	13.315833	-0.800368	-3.278764	-0.630729	-1.116407	-1.586715	0.717508	0.568535	0.402430	-0.658259	0.742364	0.124858	-0.227764	-0.354490	0.906896
51797	11.595918	-1.673095	-1.784425	-0.604154	-1.617387	-1.439249	0.723085	0.551981	0.415289	-0.646456	0.752597	0.125270	-0.243399	-0.359047	0.901023
51798	4.625434	-4.213233	-2.323225	-0.104080	-2.475937	-0.995980	0.723233	0.535377	0.436241	-0.638966	0.758415	0.128561	-0.262023	-0.371723	0.890599
51799	6.332557	5.556286	9.725598	-0.463120	-2.735919	-0.494259	0.718905	0.521257	0.459855	-0.634108	0.762798	0.126669	-0.284750	-0.382661	0.878913
51800	8.684154	1.096288	13.511066	-0.765444	-2.289802	0.064970	0.711731	0.512889	0.479983	-0.632287	0.765438	0.119659	-0.306025	-0.388652	0.869079
51801	3.812792	-0.031840	16.820526	-0.429488	-1.857411	0.274149	0.704165	0.507659	0.496422	-0.632845	0.765752	0.114592	-0.321962	-0.394850	0.860485
51802	5.801961	0.626013	10.194840	-0.562601	-1.571409	0.462110	0.696063	0.504930	0.510433	-0.634202	0.765667	0.107431	-0.336576	-0.398497	0.853180
51803	-1.620173	0.650151	5.555623	-0.573528	-1.889680	0.735350	0.684861	0.502940	0.527273	-0.637284	0.764277	0.098745	-0.353320	-0.403650	0.843938
51804	0.605490	1.537924	4.781758	-0.537262	-2.548057	0.872204	0.670016	0.499166	0.549465	-0.641213	0.762122	0.089538	-0.374065	-0.412315	0.830706
51805	8.562864	1.950104	9.117830	-0.343827	-2.801669	0.526742	0.655850	0.491435	0.573021	-0.643366	0.760964	0.083745	-0.394893	-0.423586	0.815251
51806	18.503157	3.366567	11.516412	-0.141368	-2.408913	-0.151255	0.647106	0.479915	0.592398	-0.641784	0.762329	0.083473	-0.411542	-0.434208	0.801309
51807	21.171613	1.680217	9.211589	-0.251460	-1.522505	-0.332841	0.642889	0.470672	0.604286	-0.638553	0.765039	0.083464	-0.423018	-0.439527	0.792384
51808	13.156878	-3.785663	8.923293	-0.236959	-0.863090	-0.172092	0.640301	0.465515	0.610992	-0.636411	0.766912	0.082628	-0.430112	-0.441749	0.787313
51809	7.025824	-6.652271	9.586227	-0.098033	-0.754330	0.013919	0.636953	0.462213	0.616968	-0.636028	0.767321	0.081778	-0.435614	-0.444497	0.782728
51810	11.660739	-0.064481	11.481507	0.152656	-0.915000	0.341932	0.630761	0.460705	0.624413	-0.638837	0.765084	0.080837	-0.440486	-0.449886	0.776900
51811	12.810926	-0.891471	8.499547	-0.515174	-0.101345	0.346297	0.628104	0.462846	0.625507	-0.638695	0.765828	0.074669	-0.444471	-0.446408	0.776637
51812	6.817486	1.939579	6.516921	-0.072858	-0.308180	0.095933	0.626113	0.462168	0.628000	-0.638945	0.765734	0.073494	-0.446914	-0.447273	0.774736
51813	7.309448	-0.921613	9.076769	-0.075521	-0.106455	0.095760	0.625027	0.462364	0.628936	-0.639162	0.765665	0.072310	-0.448121	-0.447188	0.774087
51814	5.964235	2.082152	7.377348	-0.048945	-0.174282	0.071221	0.623785	0.462093	0.630367	-0.639360	0.765578	0.071474	-0.449567	-0.447616	0.773000
51815	7.417002	2.017168	7.544686	-0.065735	-0.106452	0.051739	0.622980	0.461952	0.631266	-0.639341	0.765671	0.070641	-0.450709	-0.447602	0.772343
51816	6.428437	0.853281	7.657496	-0.067349	-0.039000	0.064777	0.622385	0.462237	0.631643	-0.639414	0.765697	0.069703	-0.451428	-0.447264	0.772119
51817	6.230141	0.309532	8.029557	-0.026028	-0.035589	0.047078	0.621929	0.462375	0.631992	-0.639541	0.765635	0.069208	-0.451875	-0.447227	0.771879
51818	6.388332	-0.168089	7.908214	-0.010242	-0.049311	0.017305	0.621591	0.462251	0.632415	-0.639575	0.765625	0.069011	-0.452292	-0.447373	0.771550
51819	6.442932	-0.304025	7.809692	0.032921	-0.046871	-0.015073	0.621480	0.461864	0.632807	-0.639584	0.765586	0.069361	-0.452432	-0.447840	0.771197
51820	6.669757	0.678112	7.737832	0.076204	-0.049289	-0.038895	0.621501	0.461309	0.633191	-0.639660	0.765447	0.070186	-0.452296	-0.448647	0.770807
51821	6.660391	1.274808	7.777533	0.058830	-0.021279	-0.039853	0.621664	0.460848	0.633366	-0.639633	0.765404	0.070893	-0.452111	-0.449194	0.770598
51822	6.527491	1.108562	7.946980	0.049805	-0.002487	-0.032428	0.621855	0.460553	0.633393	-0.639629	0.765354	0.071474	-0.451853	-0.449583	0.770522
51823	6.429273	1.034730	7.938557	0.045458	-0.015554	-0.024019	0.621943	0.460237	0.633536	-0.639639	0.765298	0.071978	-0.451717	-0.450001	0.770358
51824	6.479467	0.833842	7.869659	0.023309	-0.016890	-0.010304	0.621928	0.460046	0.633690	-0.639653	0.765264	0.072214	-0.451718	-0.450253	0.770209
51825	6.512496	1.017191	7.925234	0.029646	-0.026244	-0.003200	0.621835	0.459842	0.633930	-0.639721	0.765183	0.072464	-0.451751	-0.450599	0.769988
51826	6.418522	1.074196	7.966892	0.006419	-0.034466	0.004802	0.621644	0.459687	0.634230	-0.639753	0.765156	0.072475	-0.451969	-0.450804	0.769740
51827	6.468156	0.822473	7.868611	-0.002710	-0.045985	0.009793	0.621378	0.459492	0.634631	-0.639755	0.765162	0.072394	-0.452331	-0.450992	0.769417
51828	6.523351	0.663744	7.826523	0.000606	-0.042188	0.006886	0.621139	0.459318	0.634991	-0.639773	0.765152	0.072347	-0.452634	-0.451187	0.769124
51829	6.444168	0.708433	7.884523	0.006370	-0.044613	-0.000652	0.620946	0.459050	0.635374	-0.639751	0.765164	0.072402	-0.452929	-0.451439	0.768803
51830	6.254635	0.753355	7.890713	0.010887	-0.048999	-0.008599	0.620774	0.458726	0.635775	-0.639720	0.765178	0.072532	-0.453209	-0.451744	0.768459
51831	6.350703	0.585575	7.842647	0.020967	-0.061018	-0.024219	0.620657	0.458204	0.636266	-0.639619	0.765233	0.072849	-0.453512	-0.452182	0.768022
51832	6.615189	0.444578	7.779359	0.032365	-0.050896	-0.042446	0.620693	0.457612	0.636657	-0.639475	0.765304	0.073359	-0.453666	-0.452660	0.767650
51833	6.570220	0.744074	7.759740	0.040304	-0.043810	-0.050524	0.620821	0.456966	0.636996	-0.639298	0.765391	0.073992	-0.453739	-0.453166	0.767308
51834	6.437535	0.796462	7.862194	0.032230	-0.035930	-0.045599	0.620945	0.456417	0.637268	-0.639134	0.765477	0.074522	-0.453801	-0.453573	0.767031
51835	6.519162	0.887322	7.815466	0.024899	-0.044189	-0.043310	0.621025	0.455824	0.637614	-0.638933	0.765599	0.074990	-0.453974	-0.453963	0.766697
51836	6.556000	0.963344	7.796105	0.019141	-0.041766	-0.035767	0.621059	0.455324	0.637938	-0.638770	0.765699	0.075357	-0.454157	-0.454297	0.766392
51837	6.470998	0.918044	7.798083	0.013512	-0.040115	-0.035470	0.621108	0.454809	0.638259	-0.638566	0.765836	0.075688	-0.454378	-0.454580	0.766092
51838	6.481789	0.905560	7.778518	0.016292	-0.041795	-0.033331	0.621126	0.454327	0.638584	-0.638405	0.765938	0.076017	-0.454579	-0.454892	0.765788
51839	6.563514	0.994628	7.731456	0.012487	-0.045213	-0.031885	0.621128	0.453816	0.638945	-0.638218	0.766063	0.076319	-0.454838	-0.455190	0.765457
51840	6.605399	0.917295	7.751115	0.002029	-0.039439	-0.018438	0.621062	0.453458	0.639264	-0.638085	0.766162	0.076444	-0.455115	-0.455381	0.765179
51841	6.628685	0.912984	7.692614	0.005072	-0.038377	-0.018829	0.621011	0.453078	0.639583	-0.637946	0.766261	0.076606	-0.455379	-0.455592	0.764896
51842	6.798180	0.627040	7.579142	-0.003217	-0.018907	-0.007842	0.620970	0.452895	0.639752	-0.637855	0.766335	0.076623	-0.455562	-0.455650	0.764753
51843	6.825889	0.361396	7.595489	0.009187	0.014928	-0.014216	0.621133	0.452791	0.639667	-0.637762	0.766396	0.076787	-0.455470	-0.455650	0.764807
51844	6.732481	0.512662	7.698027	0.021654	0.046287	-0.023252	0.621488	0.452787	0.639325	-0.637689	0.766427	0.077093	-0.455089	-0.455603	0.765062
51845	6.444703	0.864315	7.806313	0.025420	0.053867	-0.026645	0.621907	0.452766	0.638932	-0.637593	0.766470	0.077460	-0.454651	-0.455551	0.765353
51846	6.135949	0.977042	8.058986	0.024387	0.034448	-0.026559	0.622228	0.452683	0.638679	-0.637511	0.766503	0.077808	-0.454327	-0.455579	0.765529
51847	5.992829	0.954490	8.052860	0.023094	-0.010498	-0.037471	0.622423	0.452286	0.638770	-0.637337	0.766605	0.078226	-0.454303	-0.455801	0.765411
51848	6.113239	0.788159	8.090657	0.021240	-0.052587	-0.047191	0.622480	0.451648	0.639165	-0.637112	0.766745	0.078682	-0.454540	-0.456198	0.765034
51849	6.332272	0.989262	7.931017	0.025976	-0.078611	-0.052726	0.622462	0.450825	0.639764	-0.636857	0.766901	0.079219	-0.454922	-0.456750	0.764478
51850	6.287537	1.063414	7.941486	0.010565	-0.107672	-0.052482	0.622301	0.449893	0.640576	-0.636551	0.767113	0.079628	-0.455570	-0.457312	0.763755
51851	6.605938	1.052116	7.739326	0.006834	-0.123616	-0.045236	0.622029	0.448920	0.641522	-0.636256	0.767322	0.079971	-0.456353	-0.457917	0.762925
51852	6.729480	0.858662	7.580631	-0.003401	-0.110950	-0.036253	0.621748	0.448097	0.642370	-0.635988	0.767524	0.080170	-0.457110	-0.458385	0.762190
51853	6.805658	0.583339	7.585199	0.011566	-0.088156	-0.038735	0.621595	0.447334	0.643049	-0.635754	0.767682	0.080509	-0.457642	-0.458865	0.761582
51854	6.648668	0.810886	7.646691	0.018467	-0.071812	-0.039757	0.621514	0.446662	0.643594	-0.635564	0.767798	0.080898	-0.458016	-0.459324	0.761080
51855	6.515321	0.902315	7.742675	0.018328	-0.066864	-0.034448	0.621430	0.446030	0.644114	-0.635389	0.767905	0.081261	-0.458373	-0.459760	0.760601
51856	6.227013	1.133795	8.023038	0.017428	-0.091266	-0.039690	0.621259	0.445268	0.644805	-0.635194	0.768025	0.081642	-0.458875	-0.460297	0.759974
51857	6.304680	1.170495	7.909392	-0.011121	-0.135614	-0.027682	0.620815	0.444370	0.645852	-0.634926	0.768237	0.081737	-0.459846	-0.460811	0.759075
51858	6.508278	0.904865	7.816045	-0.017631	-0.149914	-0.022572	0.620263	0.443468	0.647001	-0.634677	0.768443	0.081742	-0.460933	-0.461338	0.758095
51859	6.489164	0.968162	7.873255	-0.018026	-0.166249	-0.016343	0.619603	0.442514	0.648285	-0.634447	0.768635	0.081713	-0.462135	-0.461932	0.757000
51860	6.487749	1.066004	7.867950	-0.040596	-0.181639	-0.007421	0.618804	0.441580	0.649683	-0.634185	0.768879	0.081447	-0.463562	-0.462419	0.755830
51861	6.356745	1.009489	7.874041	-0.051709	-0.199280	0.002868	0.617864	0.440620	0.651228	-0.633918	0.769142	0.081040	-0.465179	-0.462897	0.754542
51862	6.140075	1.322622	8.160735	-0.077746	-0.229622	0.021107	0.616654	0.439682	0.653006	-0.633658	0.769433	0.080309	-0.467134	-0.463306	0.753082
51863	6.011468	1.899413	8.479776	-0.114019	-0.289500	0.058952	0.614928	0.438733	0.655268	-0.633442	0.769740	0.079068	-0.469696	-0.463696	0.751247
51864	5.945655	1.955419	8.666938	-0.193857	-0.348660	0.143419	0.612371	0.438184	0.658025	-0.633381	0.770033	0.076665	-0.473108	-0.463728	0.749083
51865	4.611281	1.323340	9.687817	0.040493	-0.506747	0.405891	0.607393	0.438889	0.662156	-0.636004	0.768102	0.074292	-0.475997	-0.466258	0.745674
51866	-0.087980	3.901122	14.354873	0.200751	-1.053333	0.465082	0.599380	0.437473	0.670344	-0.639743	0.765145	0.072676	-0.481117	-0.472408	0.738483
51867	3.085456	-1.301744	13.675690	0.432039	-1.834746	0.519026	0.587143	0.432614	0.684184	-0.644883	0.760851	0.072325	-0.489273	-0.483685	0.725714
51868	2.819483	1.959671	14.090764	0.322352	-2.583783	0.736047	0.569559	0.425486	0.703252	-0.650711	0.756136	0.069524	-0.502173	-0.497212	0.707533
51869	4.690769	-3.466981	12.590778	0.563628	-3.472134	0.925224	0.545783	0.414830	0.728037	-0.658726	0.749411	0.066814	-0.517882	-0.516043	0.682274
51870	5.448978	0.071927	12.351368	0.984027	-4.236165	1.004193	0.516826	0.399886	0.756956	-0.669210	0.740144	0.065911	-0.533900	-0.540627	0.650133
51871	6.044429	2.722528	12.495783	0.813967	-4.875586	1.135580	0.482657	0.381255	0.788471	-0.679306	0.731209	0.062266	-0.552798	-0.565666	0.611912
51872	8.147771	2.831045	12.139195	0.883893	-5.376208	1.271311	0.443706	0.359323	0.820982	-0.690140	0.721408	0.057250	-0.571692	-0.591995	0.568076
51873	11.527160	4.354191	12.651284	0.966493	-5.588668	1.407850	0.401447	0.335567	0.852194	-0.701706	0.710659	0.050722	-0.588599	-0.618352	0.520761
51874	11.090353	4.551858	12.136695	0.871094	-5.513908	1.574905	0.357424	0.311869	0.880333	-0.712851	0.700092	0.041408	-0.603400	-0.642346	0.472546
51875	10.881039	8.041807	10.504550	0.866639	-5.612258	1.754095	0.310574	0.287354	0.906075	-0.723999	0.689166	0.029601	-0.615930	-0.665190	0.422081
51876	12.529128	13.935860	12.480350	0.085231	-5.405881	2.180730	0.260990	0.265882	0.928004	-0.730739	0.682584	0.009945	-0.630797	-0.680724	0.372438
51877	6.874496	16.976446	14.135378	-1.407938	-4.927111	2.439032	0.211572	0.248931	0.945130	-0.727469	0.685910	-0.017809	-0.652707	-0.683784	0.326209
51878	24.413805	9.983578	17.192190	-2.895609	-4.118148	1.377959	0.174170	0.230498	0.957358	-0.710782	0.702287	-0.039775	-0.681509	-0.673545	0.286152
51879	16.489785	-0.924863	18.962929	-2.282098	-1.983627	-0.168376	0.161653	0.216035	0.962911	-0.694726	0.717901	-0.044435	-0.700874	-0.661776	0.266136
51880	5.236231	-0.601035	16.692375	-0.596148	-0.549319	-1.523023	0.168305	0.201376	0.964946	-0.687995	0.725039	-0.031310	-0.705929	-0.658609	0.260573
51881	-4.997251	4.308187	12.735521	-0.136972	-0.048905	-1.981570	0.181561	0.186646	0.965505	-0.683591	0.729758	-0.012525	-0.706922	-0.657736	0.260085
51882	-7.960768	5.551454	10.655195	-0.389544	-0.134037	-1.580118	0.191353	0.174148	0.965949	-0.677860	0.735189	0.001739	-0.709852	-0.655111	0.258728
51883	-5.720732	1.325922	10.782127	-0.705622	-0.159854	-0.858852	0.196025	0.166790	0.966310	-0.671215	0.741217	0.008224	-0.714874	-0.650214	0.257249
51884	-1.946917	-3.673273	11.616624	-0.432182	0.169322	-0.339978	0.199498	0.165318	0.965852	-0.667422	0.744607	0.010408	-0.717460	-0.646707	0.258884
51885	1.038325	-4.204160	12.345653	0.265707	0.840906	-0.082306	0.206083	0.170200	0.963619	-0.669226	0.742964	0.011897	-0.713909	-0.647331	0.267015
51886	2.299272	-1.452470	12.277706	0.701621	1.657605	0.104447	0.217133	0.181679	0.959086	-0.674402	0.738253	0.012835	-0.705716	-0.649596	0.282824
51887	2.211096	0.109942	11.395440	0.736997	2.425715	0.313006	0.232017	0.199836	0.951963	-0.680361	0.732779	0.011996	-0.695182	-0.650462	0.305978
51888	2.139661	-0.559974	9.952918	0.709629	3.017451	0.466734	0.249610	0.222810	0.942364	-0.686350	0.727205	0.009859	-0.683095	-0.649253	0.334443
51889	2.530720	-1.161463	8.522856	0.823330	3.456732	0.522759	0.269368	0.249114	0.930260	-0.693379	0.720530	0.007825	-0.668331	-0.647131	0.366818
51890	3.292702	-0.643165	7.528232	0.961006	3.770054	0.517156	0.290624	0.277121	0.915828	-0.701143	0.712989	0.006753	-0.651104	-0.644089	0.401513
51891	4.240826	0.026615	7.002494	1.001451	3.995956	0.456880	0.313030	0.306145	0.899048	-0.709066	0.705110	0.006777	-0.631853	-0.639606	0.437798
51892	5.504695	0.050939	6.810725	0.970697	4.166310	0.355769	0.336388	0.335114	0.880081	-0.716231	0.697817	0.008048	-0.611438	-0.633048	0.474756
51893	6.815170	-1.023885	6.615735	0.989325	4.293559	0.210533	0.360630	0.363734	0.858862	-0.723027	0.690731	0.011064	-0.589218	-0.624971	0.512088
51894	8.353342	-1.692564	6.250719	1.156011	4.380660	0.058611	0.385471	0.391289	0.835646	-0.729890	0.683360	0.016705	-0.564511	-0.616370	0.549014
51895	9.395982	-1.259118	5.736427	1.320918	4.402033	-0.073661	0.410226	0.417891	0.810606	-0.736997	0.675442	0.024765	-0.537168	-0.607573	0.585068
51896	9.675815	-0.497047	5.370536	1.377295	4.330672	-0.195243	0.434317	0.442652	0.784492	-0.743352	0.668005	0.034617	-0.508721	-0.598188	0.619172
51897	9.836302	0.343806	5.439180	1.284112	4.147161	-0.356480	0.457443	0.465041	0.757946	-0.748231	0.661877	0.045482	-0.480516	-0.587925	0.650730
51898	10.301346	0.741104	6.028187	1.074286	3.927573	-0.569884	0.480068	0.484108	0.731556	-0.750557	0.658355	0.056870	-0.454092	-0.576376	0.679405
51899	11.015768	0.360669	6.766502	0.808164	3.732448	-0.821648	0.502671	0.500130	0.705118	-0.750199	0.657671	0.068333	-0.429561	-0.563328	0.705790
51900	11.746158	-0.523821	7.358206	0.589531	3.576430	-1.111400	0.525948	0.512664	0.678641	-0.746925	0.660048	0.080250	-0.406795	-0.549101	0.730072
51901	12.401497	-0.966794	7.729000	0.411975	3.445619	-1.379244	0.549797	0.522341	0.651831	-0.741241	0.664844	0.092442	-0.385079	-0.533988	0.752709
51902	12.809428	-1.221234	7.916894	0.189355	3.306906	-1.560377	0.573708	0.529267	0.625089	-0.733161	0.672080	0.103842	-0.365150	-0.517866	0.773615
51903	13.505498	-1.932006	7.980053	-0.044294	3.149276	-1.640904	0.596812	0.534356	0.598565	-0.723499	0.680933	0.113492	-0.346937	-0.500794	0.792994
51904	14.205016	-3.168750	7.688054	-0.190686	2.989733	-1.624008	0.618601	0.537897	0.572712	-0.712960	0.690605	0.121464	-0.330183	-0.483458	0.810708
51905	14.787308	-3.138645	7.397664	-0.196186	2.835181	-1.496097	0.638259	0.541111	0.547562	-0.703021	0.699520	0.128189	-0.313666	-0.466766	0.826888
51906	15.910619	-2.280947	7.129280	-0.219083	2.683995	-1.233171	0.655086	0.544715	0.523591	-0.694353	0.707246	0.132954	-0.297886	-0.450654	0.841532
51907	17.714631	-1.989949	6.281655	-0.244776	2.581788	-0.965667	0.669187	0.549415	0.500332	-0.687337	0.713537	0.135769	-0.282411	-0.434752	0.855123
51908	19.091576	-1.329982	4.987675	-0.231239	2.548239	-0.744581	0.681286	0.554928	0.477393	-0.681651	0.718660	0.137403	-0.266835	-0.419026	0.867880
51909	19.885521	-0.145239	3.213077	-0.220645	2.543315	-0.539509	0.691482	0.561600	0.454376	-0.677448	0.722521	0.137939	-0.250830	-0.403199	0.880065
51910	19.010456	0.271523	0.674140	-0.246769	2.467327	-0.336803	0.699762	0.568884	0.432093	-0.674483	0.725424	0.137230	-0.235382	-0.387468	0.891327
51911	17.265115	-0.767819	-2.227464	-0.161088	2.198184	-0.212682	0.706174	0.575769	0.412079	-0.672666	0.727220	0.136646	-0.220996	-0.373687	0.900844
51912	15.300707	-2.515156	-4.988154	0.107210	1.701883	-0.230073	0.711378	0.580346	0.396408	-0.671244	0.728177	0.138527	-0.208261	-0.364632	0.907563
51913	13.460698	-3.893833	-6.799385	0.483030	0.994579	-0.451191	0.716402	0.580701	0.386723	-0.669023	0.729028	0.144657	-0.197929	-0.362359	0.910780
51914	13.197214	-2.718608	-7.151369	0.692612	0.145420	-0.783763	0.721919	0.575479	0.384263	-0.664717	0.731058	0.153966	-0.192314	-0.366577	0.910295
51915	13.826969	2.701210	-5.822894	0.314492	-0.724299	-0.905195	0.726499	0.566161	0.389437	-0.658769	0.735068	0.160305	-0.195504	-0.373010	0.906996
51916	12.442144	-0.243459	-8.863885	-1.099376	-1.828850	-0.258824	0.724441	0.557378	0.405605	-0.654608	0.740658	0.151375	-0.216042	-0.375174	0.901427
51917	11.412247	-9.815939	-4.387425	-0.642312	-2.486623	0.332077	0.716631	0.550352	0.428430	-0.655510	0.741287	0.144224	-0.238216	-0.384196	0.891990
51918	10.033963	3.890721	7.842988	0.035440	-2.675736	0.356985	0.707663	0.542483	0.452686	-0.658117	0.739221	0.142949	-0.257088	-0.399081	0.880137
51919	12.838703	3.409729	9.685930	-1.072299	-2.262695	1.089165	0.694408	0.541387	0.474023	-0.662831	0.737659	0.128510	-0.280094	-0.403435	0.871084
51920	1.370682	-0.063588	13.770017	-0.920544	-1.769579	1.331476	0.680423	0.543989	0.491020	-0.669298	0.734183	0.114085	-0.298438	-0.406265	0.863646
51921	-0.725548	1.829713	18.298902	-0.287718	-1.758009	1.116526	0.667560	0.544891	0.507403	-0.675902	0.729324	0.106037	-0.312282	-0.413740	0.855160
51922	8.610042	5.298310	12.131770	-0.412060	-1.490225	0.575263	0.658917	0.542846	0.520717	-0.678381	0.727934	0.099557	-0.325004	-0.418844	0.847905
51923	4.198447	5.983201	6.630237	-0.363517	-1.390964	-0.223857	0.655844	0.535299	0.532282	-0.675668	0.730708	0.097665	-0.336663	-0.423699	0.840915
51924	7.816708	6.710714	4.396831	-0.457245	-1.492321	-0.677531	0.655281	0.523939	0.544146	-0.669633	0.736268	0.097471	-0.349568	-0.428249	0.833309
51925	9.528411	4.421725	8.591692	-0.684289	-1.496541	-0.563810	0.653720	0.513269	0.556062	-0.663450	0.742178	0.094907	-0.363984	-0.430962	0.825704
51926	10.823442	-5.112965	10.635618	-0.742811	-1.334819	-0.206386	0.650134	0.505937	0.566880	-0.659325	0.746459	0.089945	-0.377646	-0.432234	0.818876
51927	9.015764	-11.256241	10.555423	-0.397410	-1.230418	0.053913	0.645086	0.500925	0.577008	-0.658096	0.747959	0.086407	-0.388295	-0.435467	0.812155
51928	8.701687	-11.256911	9.553710	0.133420	-1.256791	0.095741	0.639528	0.496087	0.587283	-0.659209	0.746920	0.086917	-0.395535	-0.442728	0.804701
51929	9.496316	-5.301563	9.563077	0.573598	-1.148515	0.098937	0.634314	0.491631	0.596611	-0.662081	0.743897	0.090920	-0.399118	-0.452677	0.797364
51930	7.583128	-0.012413	8.646054	0.706325	-1.017132	-0.037358	0.630491	0.486662	0.604683	-0.664644	0.740870	0.096743	-0.400910	-0.462894	0.790569
51931	12.202584	12.790626	9.172616	0.396975	-1.060682	0.182901	0.624997	0.483015	0.613249	-0.667359	0.738161	0.098743	-0.404983	-0.470971	0.783693
51932	10.280704	7.870933	7.065878	-0.906322	-0.133099	0.515392	0.621013	0.486166	0.614805	-0.666842	0.739929	0.088466	-0.411903	-0.464917	0.783702
51933	4.163563	5.430455	5.216794	-0.415860	-0.539586	0.420764	0.615979	0.486694	0.619434	-0.667664	0.739864	0.082623	-0.418084	-0.464468	0.780689
51934	10.804511	-3.680166	11.703024	-0.741043	-0.364057	0.486996	0.611190	0.488581	0.622684	-0.667501	0.740941	0.073810	-0.425310	-0.460755	0.778984
51935	6.480199	-2.665956	7.809006	0.240598	-0.133971	0.045074	0.610333	0.488217	0.623810	-0.668743	0.739660	0.075410	-0.424590	-0.463193	0.777930
51936	8.049431	-0.028340	7.873967	-0.078125	-0.293912	0.076795	0.608564	0.487387	0.626182	-0.668853	0.739671	0.074314	-0.426949	-0.464048	0.776128
51937	6.297333	0.575410	7.418707	-0.046404	-0.105050	0.032517	0.607909	0.487064	0.627069	-0.668798	0.739777	0.073755	-0.427968	-0.464219	0.775464
51938	6.967195	-0.322714	8.163197	0.010140	-0.097015	0.006369	0.607447	0.486626	0.627856	-0.668855	0.739723	0.073784	-0.428534	-0.464765	0.774824
51939	6.388106	0.863415	7.770962	0.011427	-0.103613	-0.003122	0.607034	0.486046	0.628704	-0.668831	0.739732	0.073896	-0.429156	-0.465355	0.774125
51940	6.632218	0.917705	7.859329	0.000814	-0.078931	-0.003915	0.606718	0.485615	0.629343	-0.668785	0.739772	0.073918	-0.429674	-0.465743	0.773604
51941	6.692254	0.721753	7.860727	0.007820	-0.059700	-0.009138	0.606532	0.485194	0.629846	-0.668710	0.739828	0.074041	-0.430053	-0.466092	0.773183
51942	6.776759	0.866925	7.749326	0.019600	-0.037915	-0.012901	0.606452	0.484886	0.630160	-0.668690	0.739823	0.074265	-0.430197	-0.466420	0.772906
51943	6.510122	0.953186	7.901562	0.008730	-0.016524	-0.004482	0.606421	0.484701	0.630332	-0.668647	0.739852	0.074365	-0.430308	-0.466566	0.772755
51944	6.414028	0.904983	7.977756	0.004614	-0.018407	-0.002436	0.606354	0.484562	0.630503	-0.668626	0.739867	0.074407	-0.430434	-0.466688	0.772612
51945	6.489110	1.064941	7.884188	0.000773	-0.033104	0.007042	0.606175	0.484384	0.630813	-0.668618	0.739877	0.074373	-0.430699	-0.466856	0.772363
51946	6.421542	1.143020	7.951312	-0.018216	-0.037871	0.015098	0.605907	0.484283	0.631147	-0.668606	0.739913	0.074128	-0.431095	-0.466903	0.772113
51947	6.415602	0.956475	7.874518	-0.023524	-0.048928	0.022777	0.605554	0.484147	0.631590	-0.668588	0.739961	0.073808	-0.431618	-0.466968	0.771782
51948	6.328246	0.798784	7.912240	-0.021460	-0.057945	0.020816	0.605161	0.483995	0.632082	-0.668596	0.739985	0.073502	-0.432157	-0.467088	0.771407
51949	6.314333	0.801597	7.857607	-0.014489	-0.062759	0.015713	0.604795	0.483743	0.632626	-0.668574	0.740025	0.073296	-0.432703	-0.467286	0.770981
51950	6.513513	0.747428	7.741105	-0.010441	-0.066918	0.006403	0.604459	0.483442	0.633177	-0.668542	0.740067	0.073166	-0.433222	-0.467531	0.770541
51951	6.643296	0.620997	7.630731	0.006335	-0.048159	0.005499	0.604224	0.483182	0.633600	-0.668548	0.740059	0.073185	-0.433540	-0.467812	0.770191
51952	6.555139	0.708957	7.753120	0.011632	-0.030465	-0.001560	0.604099	0.482992	0.633864	-0.668563	0.740036	0.073276	-0.433691	-0.468044	0.769966
