// General information: 
//  MT Manager version: 2022.2.0 
//  XDA version: 2022.2.0 build 7381 rev 124627 built on 2023-07-19
// Device information: 
//  DeviceId: 00B4CAF0
//  ProductCode: MTW2-3A7G6
//  Firmware Version: 4.6.0
//  Hardware Version: 2.0.0
// Device settings: 
//  Filter Profile: human(46.1)
//  Option Flags: Orientation Smoother Disabled, Position/Velocity Smoother Disabled, Continuous Zero Rotation Update Disabled, AHS Disabled, ICC Disabled
// Coordinate system: ENU
PacketCounter	Acc_X	Acc_Y	Acc_Z	Gyr_X	Gyr_Y	Gyr_Z	Mat[1][1]	Mat[2][1]	Mat[3][1]	Mat[1][2]	Mat[2][2]	Mat[3][2]	Mat[1][3]	Mat[2][3]	Mat[3][3]
12103	5.199186	-2.489631	8.301565	0.169279	1.565697	-0.480792	0.223756	0.483669	0.846166	-0.653111	0.718831	-0.238179	-0.723450	-0.499346	0.476733
12104	6.138902	-2.424195	9.270453	0.316487	1.972660	-0.594096	0.241828	0.489228	0.837959	-0.654078	0.720084	-0.231647	-0.716730	-0.492071	0.494130
12105	6.321701	-1.866213	9.985709	0.316567	2.391355	-0.680477	0.263312	0.495945	0.827469	-0.654607	0.721906	-0.224370	-0.708630	-0.482588	0.514735
12106	14.510088	-4.494273	9.336264	-0.302926	2.643575	-0.714818	0.286620	0.503398	0.815131	-0.650590	0.726833	-0.220105	-0.703265	-0.467230	0.535831
12107	2.374688	-5.021724	6.497845	-0.420801	3.091704	-0.057985	0.308629	0.517101	0.798345	-0.647462	0.729068	-0.221930	-0.696808	-0.448404	0.559815
12108	7.410610	-3.584411	4.529368	0.386809	2.775849	-0.312826	0.329809	0.527204	0.783123	-0.649236	0.728893	-0.217273	-0.685360	-0.436773	0.582675
12109	6.042065	-2.782343	8.697394	0.880556	2.714423	-0.321981	0.350297	0.536579	0.767707	-0.654101	0.726807	-0.209533	-0.670406	-0.428759	0.605575
12110	7.600375	-0.986779	10.063165	0.351516	2.774275	-0.542119	0.372232	0.544468	0.751663	-0.654582	0.728148	-0.203279	-0.658001	-0.416358	0.627439
12111	7.219840	-1.875687	9.240422	-0.238851	2.945029	-0.691055	0.395967	0.551391	0.734288	-0.650357	0.732921	-0.199658	-0.648264	-0.398491	0.648813
12112	7.256608	-1.861665	8.931265	-0.146153	2.968177	-0.813420	0.420273	0.557097	0.716250	-0.646208	0.737893	-0.194756	-0.637013	-0.380995	0.670117
12113	6.950898	-1.683571	9.187559	-0.306043	2.958309	-0.873033	0.444567	0.561594	0.697834	-0.640488	0.743926	-0.190655	-0.626208	-0.362195	0.690419
12114	6.888670	-1.776646	9.091410	-0.358195	2.892240	-0.893035	0.468167	0.565252	0.679198	-0.634303	0.750115	-0.187051	-0.615207	-0.343246	0.709720
12115	6.996867	-1.953491	9.163241	-0.433030	2.808727	-0.884415	0.490867	0.567935	0.660681	-0.627408	0.756584	-0.184229	-0.604490	-0.324085	0.727709
12116	7.284454	-2.287403	9.255858	-0.412550	2.714241	-0.859450	0.512440	0.570084	0.642191	-0.620743	0.762667	-0.181707	-0.593366	-0.305522	0.744697
12117	7.712996	-2.469605	9.321408	-0.348422	2.630436	-0.804688	0.532858	0.571704	0.623873	-0.614477	0.768307	-0.179228	-0.581791	-0.287853	0.760697
12118	7.980213	-2.447141	9.464560	-0.260170	2.541800	-0.707125	0.551765	0.573498	0.605521	-0.609263	0.772979	-0.176924	-0.569520	-0.271301	0.775914
12119	8.205612	-2.635175	9.301566	-0.174952	2.447471	-0.581156	0.569071	0.575422	0.587408	-0.605008	0.776791	-0.174820	-0.556888	-0.255901	0.790184
12120	8.537116	-2.915668	9.236934	-0.021554	2.350206	-0.443385	0.584623	0.577961	0.569365	-0.602448	0.779300	-0.172473	-0.543389	-0.242181	0.803789
12121	8.998115	-3.116395	9.152713	0.170163	2.259914	-0.310359	0.598602	0.580858	0.551615	-0.601511	0.780708	-0.169349	-0.529018	-0.230430	0.816727
12122	9.455586	-3.113102	8.895868	0.406928	2.207379	-0.173185	0.611092	0.584617	0.533658	-0.602695	0.780704	-0.165106	-0.513152	-0.220738	0.829427
12123	9.559221	-2.758917	8.606062	0.624561	2.182911	-0.024722	0.622249	0.589134	0.515488	-0.605680	0.779507	-0.159752	-0.495941	-0.212815	0.841874
12124	9.203999	-2.446342	8.175686	0.777328	2.138501	0.135967	0.631777	0.594792	0.497072	-0.610418	0.776986	-0.153894	-0.477753	-0.206195	0.853953
12125	8.802538	-2.210817	7.785853	0.895400	2.032920	0.289107	0.639524	0.601151	0.479193	-0.616438	0.773446	-0.147604	-0.459362	-0.200997	0.865209
12126	8.620360	-2.200903	7.303705	0.982123	1.879842	0.440091	0.645206	0.608390	0.462138	-0.623773	0.768752	-0.141167	-0.441154	-0.197187	0.875500
12127	8.726181	-2.267778	6.815508	1.083081	1.684159	0.589426	0.648781	0.616188	0.446537	-0.632255	0.763029	-0.134309	-0.423481	-0.195188	0.884628
12128	8.970476	-2.143069	6.378552	1.202621	1.495386	0.731987	0.650270	0.624750	0.432246	-0.642069	0.756076	-0.126874	-0.406075	-0.195029	0.892786
12129	8.822358	-1.418713	6.381784	1.324373	1.236036	0.838580	0.649755	0.633462	0.420172	-0.652775	0.748215	-0.118575	-0.389491	-0.197233	0.899664
12130	9.075193	-0.114495	5.379102	0.802548	0.738737	0.934877	0.646407	0.641944	0.412390	-0.661970	0.740615	-0.115259	-0.379412	-0.198486	0.903687
12131	9.839030	-1.998785	3.107292	0.515555	0.642639	1.006042	0.642118	0.650612	0.405449	-0.670375	0.733103	-0.114703	-0.371863	-0.198150	0.906893
12132	10.123269	-2.233028	4.112789	1.063318	0.423004	1.046359	0.636571	0.659115	0.400431	-0.680993	0.724090	-0.109279	-0.361975	-0.203127	0.909787
12133	10.232492	-1.703866	4.958833	1.026245	0.319350	1.012533	0.630766	0.667040	0.396476	-0.691065	0.715277	-0.103962	-0.352936	-0.208415	0.912140
12134	9.795723	-1.280408	4.815468	1.044358	0.235203	0.982039	0.624736	0.674519	0.393357	-0.700873	0.706478	-0.098315	-0.344214	-0.214272	0.914114
12135	9.427922	-0.442146	4.931204	1.035717	0.127910	0.935670	0.618570	0.681347	0.391328	-0.710200	0.697896	-0.092508	-0.336136	-0.220698	0.915590
12136	8.996735	0.105675	5.058521	0.814814	0.022230	0.873371	0.612408	0.687428	0.390382	-0.718269	0.690119	-0.088460	-0.330220	-0.226225	0.916393
12137	8.639275	0.328815	4.891632	0.536825	-0.095245	0.770512	0.606538	0.692483	0.390614	-0.724717	0.683590	-0.086547	-0.326952	-0.230590	0.916477
12138	8.294153	0.348458	4.997619	0.265384	-0.220904	0.618516	0.601342	0.696123	0.392175	-0.729275	0.678727	-0.086528	-0.326414	-0.233971	0.915812
12139	7.937558	0.679485	5.328039	-0.012827	-0.339800	0.421727	0.597150	0.698160	0.394949	-0.731748	0.675831	-0.088302	-0.328568	-0.236274	0.914449
12140	7.356289	0.536322	6.077527	-0.346516	-0.401032	0.176863	0.594569	0.698318	0.398548	-0.731589	0.675489	-0.092149	-0.333565	-0.236784	0.912506
12141	6.031157	-1.141752	8.136200	-0.444128	-0.349380	-0.069100	0.593900	0.697004	0.401831	-0.729673	0.677035	-0.095919	-0.338910	-0.236239	0.910676
12142	4.728954	-1.883794	9.618693	-0.139528	-0.232112	-0.354238	0.595741	0.693946	0.404391	-0.727013	0.679917	-0.095734	-0.341386	-0.236965	0.909562
12143	3.042557	-0.561910	11.041222	0.249969	-0.124042	-0.569662	0.599453	0.689747	0.406084	-0.724449	0.683276	-0.091149	-0.340338	-0.239547	0.909278
12144	2.013350	0.574809	11.513474	-0.109443	-0.098571	-0.729795	0.604433	0.684403	0.407742	-0.719607	0.688635	-0.089149	-0.341799	-0.239529	0.908735
12145	1.572223	-0.292858	8.808552	-0.736671	-0.220267	-0.830166	0.609616	0.678111	0.410529	-0.712013	0.696055	-0.092438	-0.348434	-0.235950	0.907150
12146	2.438908	-0.998904	7.609662	-0.497882	-0.446934	-0.843520	0.614062	0.671062	0.415456	-0.705031	0.702994	-0.093438	-0.354766	-0.235532	0.904801
12147	4.117181	-0.603416	9.062889	-0.398823	-0.555367	-0.819146	0.617824	0.663945	0.421273	-0.698545	0.709416	-0.093611	-0.361011	-0.236443	0.902090
12148	5.284313	-0.690070	9.540247	-0.528188	-0.538716	-0.754793	0.621145	0.657199	0.426929	-0.691874	0.715722	-0.095140	-0.368088	-0.236285	0.899267
12149	5.789540	-0.880259	9.590824	-0.614804	-0.463570	-0.651407	0.623908	0.651405	0.431753	-0.685521	0.721446	-0.097861	-0.375233	-0.234920	0.896668
12150	5.766767	-1.162162	9.398935	-0.659314	-0.376062	-0.528593	0.626130	0.646600	0.435741	-0.679647	0.726492	-0.101442	-0.382154	-0.232634	0.894337
12151	5.516557	-1.622752	9.440967	-0.672553	-0.304314	-0.402671	0.627682	0.642941	0.438909	-0.674517	0.730656	-0.105685	-0.388641	-0.229715	0.892294
12152	5.326908	-2.159405	9.442037	-0.674648	-0.249242	-0.306234	0.628802	0.640028	0.441558	-0.669873	0.734234	-0.110319	-0.394814	-0.226419	0.890425
12153	4.920096	-2.626803	9.480861	-0.617501	-0.221581	-0.238564	0.629512	0.637753	0.443830	-0.665904	0.737159	-0.114752	-0.400357	-0.223310	0.888733
12154	4.742699	-2.991576	9.410610	-0.569223	-0.217427	-0.194803	0.629962	0.635734	0.446083	-0.662309	0.739734	-0.118912	-0.405580	-0.220535	0.887057
12155	4.728112	-3.032497	9.180058	-0.456283	-0.226237	-0.162821	0.630113	0.634010	0.448318	-0.659409	0.741783	-0.122224	-0.410046	-0.218609	0.885479
12156	4.979413	-2.765909	9.230094	-0.354198	-0.228338	-0.114840	0.629953	0.632569	0.450571	-0.657157	0.743347	-0.124821	-0.413889	-0.217465	0.883971
12157	5.141186	-2.579418	9.266366	-0.307150	-0.205048	-0.049405	0.629423	0.631736	0.452478	-0.655555	0.744339	-0.127307	-0.417221	-0.216495	0.882642
12158	4.984349	-2.723032	9.191372	-0.259625	-0.186044	-0.005481	0.628699	0.631209	0.454216	-0.654368	0.744995	-0.129556	-0.420166	-0.215773	0.881421
12159	4.799547	-2.859638	8.966679	-0.171271	-0.177551	-0.004616	0.627979	0.630770	0.455820	-0.653604	0.745406	-0.131040	-0.422427	-0.215635	0.880373
12160	4.662317	-2.841170	8.957570	-0.086934	-0.181642	-0.001315	0.627232	0.630290	0.457508	-0.653166	0.745658	-0.131788	-0.424209	-0.216167	0.879385
12161	4.719458	-2.887678	8.877213	-0.008447	-0.191152	0.022820	0.626269	0.630025	0.459191	-0.653259	0.745545	-0.131963	-0.425488	-0.217327	0.878481
12162	4.798537	-2.761111	9.008207	0.062471	-0.196889	0.063259	0.625024	0.629996	0.460923	-0.653865	0.745061	-0.131701	-0.426386	-0.219065	0.877613
12163	4.728541	-2.719962	9.040444	0.120490	-0.191592	0.124369	0.623390	0.630479	0.462473	-0.655141	0.744025	-0.131214	-0.426819	-0.221188	0.876870
12164	4.701008	-2.691507	8.956717	0.183172	-0.192235	0.190218	0.621324	0.631401	0.463993	-0.657056	0.742462	-0.130491	-0.426889	-0.223792	0.876175
12165	4.760802	-2.505687	8.993179	0.251068	-0.197058	0.251674	0.618824	0.632801	0.465425	-0.659674	0.740318	-0.129457	-0.426483	-0.226918	0.875569
12166	4.914685	-2.231967	8.997345	0.296171	-0.196937	0.306921	0.615953	0.634561	0.466834	-0.662784	0.737737	-0.128302	-0.425816	-0.230382	0.874988
12167	4.983458	-1.818090	8.969949	0.361463	-0.189349	0.352904	0.612800	0.636698	0.468073	-0.666476	0.734667	-0.126785	-0.424602	-0.234266	0.874547
12168	4.957026	-1.414580	8.927228	0.356284	-0.174836	0.394049	0.609420	0.639119	0.469185	-0.670350	0.731351	-0.125526	-0.423365	-0.238020	0.874133
12169	4.925286	-1.210994	8.899645	0.350446	-0.169393	0.430400	0.605808	0.641830	0.470160	-0.674433	0.727767	-0.124481	-0.422062	-0.241680	0.873759
12170	5.028501	-1.021589	8.986913	0.351821	-0.164861	0.451895	0.602052	0.644655	0.471120	-0.678601	0.724042	-0.123544	-0.420754	-0.245322	0.873375
12171	5.111179	-0.883292	8.896640	0.323529	-0.147737	0.450110	0.598366	0.647518	0.471888	-0.682649	0.720349	-0.122837	-0.419463	-0.248632	0.873059
12172	4.996923	-0.593949	8.881846	0.326031	-0.141237	0.430349	0.594826	0.650201	0.472675	-0.686537	0.716781	-0.122033	-0.418150	-0.251920	0.872747
12173	4.986596	-0.393023	8.901978	0.289892	-0.134871	0.392795	0.591557	0.652646	0.473407	-0.690064	0.713501	-0.121357	-0.416979	-0.254891	0.872444
12174	5.184471	-0.051076	8.949231	0.289212	-0.128401	0.326926	0.588763	0.654584	0.474213	-0.693151	0.710667	-0.120390	-0.415813	-0.257820	0.872140
12175	5.304524	0.283780	9.034431	0.215952	-0.097475	0.255049	0.586585	0.656119	0.474790	-0.695534	0.708450	-0.119712	-0.414910	-0.260011	0.871920
12176	5.255375	0.479927	8.974439	0.139603	-0.077369	0.166152	0.585114	0.657027	0.475349	-0.697035	0.707045	-0.119286	-0.414468	-0.261539	0.871673
12177	5.205849	0.576050	8.964303	0.058528	-0.051350	0.075473	0.584374	0.657403	0.475740	-0.697706	0.706410	-0.119131	-0.414384	-0.262310	0.871481
12178	5.188147	0.622401	9.107298	-0.030852	-0.031815	0.024076	0.584087	0.657415	0.476075	-0.697662	0.706389	-0.119509	-0.414861	-0.262336	0.871246
12179	5.188847	-0.788205	8.996725	-0.233004	-0.027424	0.074355	0.583453	0.657846	0.476257	-0.697114	0.706523	-0.121888	-0.416671	-0.260890	0.870817
12180	4.822588	-1.791717	8.768142	-0.136309	0.017550	0.091099	0.582909	0.658455	0.476081	-0.697017	0.706340	-0.123499	-0.417594	-0.259848	0.870686
12181	4.832220	-1.683411	8.990847	-0.096314	0.005283	0.095052	0.582267	0.659118	0.475951	-0.697155	0.705977	-0.124786	-0.418259	-0.259152	0.870574
12182	4.688921	-1.459402	8.802424	-0.050091	-0.011287	0.074896	0.581714	0.659540	0.476042	-0.697322	0.705672	-0.125571	-0.418749	-0.258909	0.870411
12183	4.659516	-1.297799	8.946549	-0.040609	-0.033825	0.058571	0.581162	0.659843	0.476296	-0.697480	0.705405	-0.126199	-0.419253	-0.258865	0.870181
12184	4.658470	-1.377467	8.819725	-0.044206	-0.047693	0.050649	0.580623	0.660001	0.476734	-0.697531	0.705243	-0.126818	-0.419913	-0.258903	0.869852
12185	4.679911	-1.406912	8.892062	-0.037304	-0.067323	0.049463	0.579994	0.660153	0.477289	-0.697648	0.705027	-0.127374	-0.420588	-0.259104	0.869466
12186	4.750594	-1.554692	8.844861	-0.042620	-0.081258	0.044491	0.579355	0.660183	0.478024	-0.697671	0.704900	-0.127951	-0.421430	-0.259375	0.868977
12187	4.731184	-1.610022	8.885605	-0.011042	-0.093856	0.035636	0.578709	0.660167	0.478827	-0.697818	0.704707	-0.128213	-0.422075	-0.259936	0.868496
12188	4.765592	-1.634373	8.883566	0.005362	-0.108523	0.025846	0.578082	0.659996	0.479820	-0.697936	0.704577	-0.128285	-0.422738	-0.260724	0.867938
12189	4.792607	-1.534652	8.881754	0.029388	-0.118321	0.013463	0.577486	0.659759	0.480863	-0.698124	0.704425	-0.128091	-0.423241	-0.261731	0.867389
12190	4.967577	-1.446965	8.896624	0.039615	-0.128612	0.001783	0.576939	0.659365	0.482058	-0.698250	0.704362	-0.127753	-0.423779	-0.262892	0.866775
12191	5.138963	-1.383206	8.959437	0.041308	-0.120869	-0.005737	0.576465	0.658983	0.483146	-0.698379	0.704305	-0.127362	-0.424212	-0.263999	0.866227
12192	5.314429	-1.269757	8.949774	0.034852	-0.105787	-0.009112	0.576089	0.658570	0.484156	-0.698422	0.704325	-0.127014	-0.424650	-0.264974	0.865714
12193	5.222679	-1.224600	8.934274	0.027894	-0.081560	-0.009420	0.575807	0.658265	0.484907	-0.698473	0.704327	-0.126722	-0.424950	-0.265727	0.865336
12194	5.153465	-1.178667	8.922495	0.016544	-0.069740	-0.005433	0.575558	0.657971	0.485600	-0.698459	0.704372	-0.126549	-0.425308	-0.266335	0.864973
12195	5.134807	-1.252847	8.964862	0.006601	-0.059412	0.001690	0.575292	0.657801	0.486145	-0.698484	0.704357	-0.126496	-0.425628	-0.266792	0.864675
12196	5.121122	-1.253770	8.910731	0.001785	-0.054999	0.002964	0.575047	0.657605	0.486699	-0.698456	0.704386	-0.126491	-0.426005	-0.267199	0.864364
12197	5.130038	-1.278337	8.883743	-0.005000	-0.047619	0.010258	0.574771	0.657527	0.487131	-0.698480	0.704346	-0.126579	-0.426338	-0.267497	0.864107
12198	5.138066	-1.376696	8.905407	-0.001888	-0.039841	0.004341	0.574581	0.657381	0.487552	-0.698444	0.704376	-0.126613	-0.426653	-0.267778	0.863865
12199	5.145676	-1.400919	8.879193	0.003985	-0.033517	0.004688	0.574404	0.657301	0.487869	-0.698475	0.704348	-0.126597	-0.426842	-0.268046	0.863688
12200	5.156927	-1.448606	8.829160	0.009948	-0.022587	0.000468	0.574314	0.657174	0.488146	-0.698467	0.704371	-0.126510	-0.426975	-0.268297	0.863545
12201	5.079703	-1.403981	8.844869	0.018872	-0.011559	-0.002061	0.574277	0.657105	0.488281	-0.698522	0.704349	-0.126332	-0.426934	-0.268526	0.863494
12202	5.035675	-1.380362	8.790947	0.026435	-0.005165	-0.004682	0.574297	0.656989	0.488414	-0.698556	0.704361	-0.126078	-0.426851	-0.268778	0.863456
12203	4.957673	-1.333927	8.807382	0.036067	-0.009393	-0.010284	0.574327	0.656868	0.488541	-0.698637	0.704345	-0.125711	-0.426678	-0.269114	0.863437
12204	4.905278	-1.260585	8.802075	0.037724	-0.015455	-0.008684	0.574331	0.656696	0.488767	-0.698697	0.704353	-0.125341	-0.426575	-0.269513	0.863363
12205	4.950150	-1.180440	8.807128	0.036281	-0.020098	-0.007247	0.574294	0.656568	0.488983	-0.698796	0.704317	-0.124987	-0.426462	-0.269920	0.863292
12206	4.924519	-1.130240	8.803819	0.030187	-0.024909	-0.004536	0.574229	0.656400	0.489285	-0.698848	0.704316	-0.124702	-0.426466	-0.270328	0.863162
12207	4.924290	-1.127971	8.827058	0.025368	-0.029686	0.002834	0.574081	0.656317	0.489571	-0.698959	0.704243	-0.124492	-0.426483	-0.270722	0.863030
12208	4.904743	-1.079122	8.774509	0.011716	-0.036294	0.005134	0.573899	0.656186	0.489959	-0.698987	0.704229	-0.124413	-0.426681	-0.271074	0.862822
12209	4.877929	-1.031935	8.794296	0.008503	-0.045604	0.014111	0.573604	0.656139	0.490368	-0.699091	0.704127	-0.124404	-0.426908	-0.271453	0.862591
12210	4.948523	-0.979306	8.824127	-0.008822	-0.050836	0.026925	0.573208	0.656122	0.490853	-0.699157	0.704026	-0.124609	-0.427332	-0.271756	0.862285
12211	4.979604	-0.980670	8.799702	-0.029217	-0.053112	0.038056	0.572713	0.656222	0.491297	-0.699236	0.703870	-0.125043	-0.427865	-0.271919	0.861970
12212	5.009855	-1.008922	8.799184	-0.046726	-0.055292	0.052404	0.572119	0.656372	0.491788	-0.699285	0.703704	-0.125699	-0.428579	-0.271985	0.861594
12213	5.060648	-1.062317	8.849583	-0.061076	-0.051227	0.060825	0.571473	0.656637	0.492186	-0.699357	0.703486	-0.126520	-0.429323	-0.271911	0.861247
12214	5.071115	-1.095572	8.797727	-0.076946	-0.047212	0.069169	0.570797	0.656926	0.492584	-0.699370	0.703293	-0.127518	-0.430200	-0.271712	0.860872
12215	5.074427	-1.179857	8.842695	-0.081863	-0.048931	0.076546	0.570049	0.657308	0.492941	-0.699441	0.703026	-0.128595	-0.431077	-0.271478	0.860507
12216	4.920890	-1.348957	8.796174	-0.098540	-0.054079	0.077177	0.569286	0.657635	0.493386	-0.699404	0.702839	-0.129817	-0.432143	-0.271173	0.860068
12217	4.950934	-1.457279	8.842449	-0.089989	-0.067510	0.068389	0.568514	0.657909	0.493911	-0.699390	0.702647	-0.130924	-0.433181	-0.271004	0.859599
12218	5.087217	-1.532950	8.801208	-0.089472	-0.073574	0.062269	0.567769	0.658079	0.494540	-0.699305	0.702531	-0.131995	-0.434293	-0.270891	0.859074
12219	5.143324	-1.613430	8.825086	-0.074001	-0.068443	0.055447	0.567082	0.658259	0.495088	-0.699284	0.702381	-0.132900	-0.435223	-0.270842	0.858618
12220	5.125735	-1.647848	8.817881	-0.059849	-0.064868	0.045489	0.566491	0.658336	0.495662	-0.699231	0.702294	-0.133635	-0.436078	-0.270879	0.858173
12221	5.106459	-1.655881	8.811300	-0.041003	-0.062666	0.034230	0.565976	0.658383	0.496188	-0.699232	0.702195	-0.134152	-0.436744	-0.271024	0.857788
12222	5.038961	-1.664853	8.800061	-0.025010	-0.066669	0.022784	0.565532	0.658298	0.496807	-0.699204	0.702161	-0.134476	-0.437364	-0.271318	0.857379
12223	5.137885	-1.563288	8.782706	-0.006231	-0.072152	0.017579	0.565092	0.658202	0.497435	-0.699262	0.702077	-0.134612	-0.437840	-0.271769	0.856993
12224	5.167165	-1.513580	8.757777	-0.001348	-0.062749	0.005652	0.564784	0.658007	0.498042	-0.699240	0.702092	-0.134650	-0.438272	-0.272203	0.856635
12225	5.134933	-1.418578	8.825993	0.015306	-0.063773	0.009528	0.564436	0.657876	0.498609	-0.699347	0.702002	-0.134561	-0.438549	-0.272750	0.856319
12226	5.114601	-1.321362	8.772872	0.007592	-0.060957	0.009165	0.564110	0.657711	0.499195	-0.699385	0.701968	-0.134540	-0.438908	-0.273234	0.855981
12227	4.869974	-1.214552	8.746922	0.007883	-0.070118	0.009121	0.563737	0.657559	0.499816	-0.699457	0.701901	-0.134513	-0.439272	-0.273770	0.855622
12228	4.921594	-1.187926	8.772212	-0.003871	-0.093447	0.014519	0.563230	0.657343	0.500672	-0.699476	0.701863	-0.134617	-0.439893	-0.274388	0.855106
12229	5.055076	-1.206507	8.754397	-0.031026	-0.100395	0.011639	0.562704	0.657125	0.501548	-0.699391	0.701886	-0.134935	-0.440699	-0.274849	0.854542
12230	5.182953	-1.202923	8.784642	-0.028460	-0.108052	0.026994	0.562045	0.656955	0.502509	-0.699371	0.701834	-0.135312	-0.441572	-0.275389	0.853917
12231	5.205549	-1.353249	8.728605	-0.051625	-0.101134	0.027475	0.561404	0.656845	0.503369	-0.699283	0.701811	-0.135885	-0.442526	-0.275711	0.853320
12232	5.237266	-1.381910	8.749196	-0.039558	-0.094636	0.026551	0.560805	0.656707	0.504215	-0.699210	0.701793	-0.136354	-0.443400	-0.276084	0.852745
12233	5.237467	-1.339192	8.792943	-0.044482	-0.090232	0.030938	0.560186	0.656651	0.504976	-0.699172	0.701727	-0.136885	-0.444241	-0.276384	0.852210
12234	5.281563	-1.439916	8.715875	-0.053999	-0.082901	0.033610	0.559588	0.656595	0.505711	-0.699074	0.701703	-0.137512	-0.445148	-0.276579	0.851673
12235	5.310753	-1.494207	8.761269	-0.048098	-0.072000	0.030902	0.559049	0.656589	0.506315	-0.699018	0.701647	-0.138072	-0.445911	-0.276734	0.851223
12236	5.222906	-1.529530	8.723541	-0.042123	-0.065695	0.029690	0.558554	0.656553	0.506907	-0.698951	0.701615	-0.138578	-0.446638	-0.276900	0.850789
12237	5.203737	-1.535656	8.717486	-0.032851	-0.060783	0.024029	0.558112	0.656529	0.507425	-0.698924	0.701563	-0.138974	-0.447231	-0.277088	0.850415
12238	5.230223	-1.563877	8.764183	-0.038899	-0.062490	0.023746	0.557672	0.656461	0.507996	-0.698837	0.701561	-0.139423	-0.447916	-0.277255	0.850001
12239	5.290344	-1.637371	8.739464	-0.023354	-0.058896	0.015291	0.557299	0.656381	0.508509	-0.698804	0.701540	-0.139694	-0.448432	-0.277497	0.849649
12240	5.318274	-1.589089	8.714817	-0.012899	-0.049405	0.014299	0.556982	0.656283	0.508983	-0.698779	0.701529	-0.139875	-0.448863	-0.277759	0.849336
12241	5.271245	-1.519711	8.684719	-0.003677	-0.042969	0.008642	0.556727	0.656200	0.509369	-0.698797	0.701497	-0.139945	-0.449153	-0.278035	0.849093
12242	5.223059	-1.474346	8.679098	0.003693	-0.036653	0.010543	0.556491	0.656113	0.509739	-0.698828	0.701462	-0.139966	-0.449396	-0.278330	0.848867
12243	5.240294	-1.376483	8.729447	0.005301	-0.035051	0.007569	0.556278	0.656044	0.510060	-0.698881	0.701412	-0.139954	-0.449578	-0.278617	0.848676
12244	5.173916	-1.404915	8.696683	0.000535	-0.035230	0.011947	0.556040	0.655970	0.510415	-0.698905	0.701377	-0.140010	-0.449835	-0.278881	0.848454
12245	5.202802	-1.428447	8.696451	-0.003641	-0.039883	0.005617	0.555819	0.655874	0.510779	-0.698906	0.701365	-0.140064	-0.450107	-0.279137	0.848226
12246	5.199440	-1.381517	8.743477	-0.003799	-0.047605	0.014712	0.555505	0.655785	0.511235	-0.698926	0.701323	-0.140170	-0.450462	-0.279450	0.847934
12247	5.281391	-1.401783	8.698380	-0.004073	-0.038446	0.014779	0.555226	0.655756	0.511574	-0.698976	0.701253	-0.140275	-0.450728	-0.279694	0.847712
12248	5.336764	-1.399379	8.651963	-0.008981	-0.029434	0.016177	0.554983	0.655729	0.511872	-0.698982	0.701215	-0.140432	-0.451018	-0.279852	0.847505
12249	5.187260	-1.410284	8.711052	0.006258	-0.028992	0.016820	0.554733	0.655741	0.512128	-0.699090	0.701102	-0.140460	-0.451160	-0.280106	0.847346
12250	5.239508	-1.433697	8.713150	-0.026043	-0.028451	0.021586	0.554456	0.655754	0.512411	-0.699048	0.701077	-0.140790	-0.451563	-0.280138	0.847121
12251	5.661449	-1.533838	8.744515	0.004256	-0.021466	0.022909	0.554197	0.655830	0.512594	-0.699181	0.700930	-0.140866	-0.451677	-0.280328	0.846997
12252	5.238570	-1.631361	8.584831	-0.015045	0.014660	0.020893	0.554120	0.655959	0.512512	-0.699185	0.700879	-0.141100	-0.451765	-0.280155	0.847008
12253	5.240988	-1.486472	8.735777	0.044766	0.005690	0.021776	0.553992	0.656103	0.512467	-0.699493	0.700626	-0.140827	-0.451445	-0.280451	0.847080
12254	5.232561	-1.388320	8.762159	0.003807	0.004562	0.015476	0.553907	0.656166	0.512478	-0.699553	0.700557	-0.140873	-0.451456	-0.280475	0.847066
12255	5.265047	-1.434718	8.690855	0.005224	0.006117	0.017077	0.553812	0.656278	0.512436	-0.699657	0.700445	-0.140911	-0.451410	-0.280492	0.847085
12256	5.240544	-1.411807	8.665245	0.006495	0.006101	0.023241	0.553680	0.656400	0.512423	-0.699773	0.700317	-0.140974	-0.451394	-0.280525	0.847083
12257	5.182371	-1.368060	8.735135	0.002011	0.002919	0.023027	0.553530	0.656545	0.512400	-0.699895	0.700176	-0.141070	-0.451389	-0.280540	0.847081
12258	5.189407	-1.392234	8.661870	-0.002473	-0.000263	0.022813	0.553371	0.656647	0.512440	-0.699968	0.700076	-0.141207	-0.451470	-0.280552	0.847033
12259	5.216116	-1.441359	8.663150	-0.008739	0.001064	0.025618	0.553195	0.656804	0.512429	-0.700056	0.699947	-0.141407	-0.451550	-0.280504	0.847007
12260	5.243253	-1.465810	8.640537	-0.007112	0.004204	0.021129	0.553068	0.656907	0.512434	-0.700098	0.699870	-0.141575	-0.451639	-0.280454	0.846976
12261	5.219722	-1.493292	8.638214	-0.001373	0.001217	0.032038	0.552847	0.657110	0.512412	-0.700255	0.699679	-0.141745	-0.451666	-0.280456	0.846960
12262	5.210936	-1.422008	8.688143	0.014204	0.003253	0.023539	0.552699	0.657228	0.512421	-0.700408	0.699526	-0.141745	-0.451611	-0.280562	0.846955
12263	5.230626	-1.422564	8.739016	-0.005755	0.001138	0.027270	0.552511	0.657397	0.512407	-0.700519	0.699378	-0.141928	-0.451669	-0.280534	0.846933
12264	5.263997	-1.519589	8.690953	-0.002664	-0.000305	0.027387	0.552320	0.657532	0.512440	-0.700616	0.699247	-0.142091	-0.451751	-0.280544	0.846886
12265	5.242511	-1.546154	8.664340	0.003431	0.004470	0.024627	0.552165	0.657692	0.512401	-0.700754	0.699091	-0.142182	-0.451727	-0.280559	0.846894
12266	5.264044	-1.545867	8.691057	0.009780	0.004694	0.018783	0.552057	0.657781	0.512404	-0.700861	0.698981	-0.142196	-0.451694	-0.280624	0.846890
12267	5.292646	-1.641923	8.692384	0.014226	0.014006	0.015991	0.552005	0.657907	0.512297	-0.700999	0.698851	-0.142152	-0.451542	-0.280651	0.846962
12268	5.237356	-1.545705	8.690715	0.032852	0.011503	0.010640	0.551984	0.657960	0.512253	-0.701166	0.698729	-0.141928	-0.451309	-0.280832	0.847026
12269	5.233519	-1.494614	8.692499	0.032916	0.011518	0.009115	0.551970	0.658031	0.512176	-0.701351	0.698592	-0.141691	-0.451039	-0.281006	0.847112
12270	5.231292	-1.467936	8.693757	0.027201	0.006830	0.002725	0.551982	0.658015	0.512183	-0.701449	0.698538	-0.141475	-0.450872	-0.281178	0.847144
12271	5.266030	-1.486393	8.574943	0.031543	0.017653	0.001465	0.552049	0.658050	0.512065	-0.701585	0.698454	-0.141210	-0.450578	-0.281302	0.847260
12272	5.203219	-1.513938	8.741969	0.031433	0.009953	0.009040	0.552032	0.658088	0.512036	-0.701737	0.698346	-0.140991	-0.450363	-0.281483	0.847314
12273	5.204924	-1.485701	8.694773	0.045363	0.011901	0.003531	0.552058	0.658122	0.511965	-0.701946	0.698210	-0.140619	-0.450004	-0.281742	0.847419
12274	5.223487	-1.432738	8.722921	0.034737	0.010088	0.003069	0.552082	0.658119	0.511942	-0.702080	0.698131	-0.140342	-0.449764	-0.281944	0.847478
12275	5.204433	-1.429811	8.648926	0.037849	0.010183	0.001673	0.552114	0.658134	0.511888	-0.702246	0.698029	-0.140024	-0.449467	-0.282162	0.847564
12276	5.170539	-1.306501	8.673599	0.039222	0.008660	0.006304	0.552109	0.658150	0.511873	-0.702418	0.697915	-0.139725	-0.449204	-0.282405	0.847622
12277	5.236528	-1.301456	8.753560	0.023808	0.005150	0.011738	0.552048	0.658222	0.511847	-0.702576	0.697786	-0.139578	-0.449033	-0.282557	0.847662
12278	5.226840	-1.471519	8.677302	0.009733	0.010854	0.015763	0.551986	0.658310	0.511799	-0.702668	0.697693	-0.139577	-0.448964	-0.282580	0.847691
12279	5.221774	-1.397676	8.678857	0.027975	0.008266	0.019576	0.551884	0.658446	0.511736	-0.702888	0.697500	-0.139435	-0.448747	-0.282741	0.847752
12280	5.215240	-1.372993	8.728580	0.017353	0.011059	0.016086	0.551820	0.658537	0.511686	-0.703016	0.697384	-0.139371	-0.448623	-0.282816	0.847793
12281	5.248384	-1.443614	8.657732	0.009369	0.012327	0.023394	0.551709	0.658710	0.511584	-0.703173	0.697219	-0.139406	-0.448514	-0.282820	0.847849
12282	5.193357	-1.397998	8.679407	0.015195	0.020110	0.025218	0.551622	0.658891	0.511444	-0.703342	0.697047	-0.139408	-0.448355	-0.282820	0.847933
12283	5.240446	-1.444667	8.708618	0.012188	0.018504	0.025080	0.551527	0.659094	0.511286	-0.703521	0.696863	-0.139427	-0.448192	-0.282803	0.848025
12284	5.192439	-1.496011	8.705160	0.015325	0.020132	0.022168	0.551461	0.659254	0.511151	-0.703675	0.696711	-0.139412	-0.448032	-0.282803	0.848109
12285	5.210827	-1.421292	8.709225	0.018413	0.018685	0.022292	0.551386	0.659437	0.510995	-0.703866	0.696528	-0.139364	-0.447824	-0.282829	0.848211
12286	5.161296	-1.398522	8.682068	0.021582	0.014185	0.022401	0.551292	0.659583	0.510909	-0.704049	0.696356	-0.139297	-0.447652	-0.282912	0.848274
12287	5.207550	-1.420777	8.711269	0.003295	0.013711	0.021611	0.551199	0.659747	0.510797	-0.704168	0.696220	-0.139374	-0.447578	-0.282864	0.848329
12288	5.179573	-1.373924	8.710181	0.009500	0.004687	0.024882	0.551045	0.659883	0.510787	-0.704311	0.696065	-0.139422	-0.447543	-0.282926	0.848327
12289	5.132387	-1.376758	8.681951	0.006361	0.003062	0.027793	0.550861	0.660060	0.510757	-0.704479	0.695879	-0.139504	-0.447507	-0.282970	0.848331
12290	5.205959	-1.398806	8.688170	-0.005792	0.001224	0.027258	0.550674	0.660204	0.510773	-0.704567	0.695752	-0.139694	-0.447598	-0.282948	0.848290
12291	5.134670	-1.404116	8.657512	-0.004399	0.001242	0.030374	0.550464	0.660394	0.510754	-0.704700	0.695580	-0.139881	-0.447647	-0.282929	0.848271
12292	5.160523	-1.404498	8.635302	-0.004399	0.001242	0.030374	0.550255	0.660559	0.510765	-0.704811	0.695428	-0.140075	-0.447728	-0.282916	0.848232
12293	5.179477	-1.430254	8.710067	0.004836	-0.004646	0.032266	0.550005	0.660745	0.510794	-0.704996	0.695217	-0.140193	-0.447744	-0.283001	0.848195
12294	5.282365	-1.500040	8.693252	-0.010312	-0.003478	0.028563	0.549787	0.660885	0.510847	-0.705071	0.695093	-0.140428	-0.447893	-0.282978	0.848125
12295	5.195382	-1.628245	8.634747	-0.004216	-0.003327	0.028827	0.549567	0.661051	0.510869	-0.705197	0.694930	-0.140606	-0.447966	-0.282991	0.848082
12296	5.232576	-1.530175	8.712809	0.015820	-0.001270	0.023592	0.549394	0.661163	0.510910	-0.705362	0.694765	-0.140594	-0.447918	-0.283135	0.848059
12297	5.316142	-1.623162	8.645546	0.008309	0.004691	0.017191	0.549292	0.661271	0.510880	-0.705479	0.694643	-0.140606	-0.447858	-0.283182	0.848075
12298	5.208316	-1.554627	8.711387	0.034507	0.006903	0.010694	0.549246	0.661317	0.510870	-0.705658	0.694509	-0.140370	-0.447633	-0.283402	0.848120
12299	5.252193	-1.551184	8.764862	0.014940	0.001859	0.006766	0.549205	0.661344	0.510879	-0.705748	0.694438	-0.140273	-0.447542	-0.283513	0.848131
12300	5.209616	-1.550597	8.688204	0.033650	0.003900	-0.003109	0.549243	0.661287	0.510913	-0.705847	0.694397	-0.139974	-0.447340	-0.283747	0.848160
12301	5.200432	-1.450601	8.738275	0.032267	0.000819	-0.004713	0.549278	0.661232	0.510947	-0.705951	0.694352	-0.139671	-0.447132	-0.283985	0.848189
12302	5.226046	-1.471177	8.740562	0.024526	-0.002448	-0.000481	0.549268	0.661175	0.511031	-0.706024	0.694319	-0.139464	-0.447028	-0.284197	0.848173
12303	5.182130	-1.519488	8.711992	0.027892	0.000735	-0.009486	0.549336	0.661086	0.511072	-0.706083	0.694318	-0.139173	-0.446852	-0.284406	0.848196
12304	5.249071	-1.391106	8.719632	0.027864	-0.000801	-0.007967	0.549386	0.660983	0.511152	-0.706130	0.694325	-0.138900	-0.446715	-0.284630	0.848193
12305	5.203684	-1.414595	8.691470	0.033677	0.005439	-0.004632	0.549441	0.660941	0.511146	-0.706241	0.694275	-0.138585	-0.446473	-0.284848	0.848247
12306	5.227715	-1.410611	8.694189	0.024609	0.002161	-0.005038	0.549484	0.660867	0.511196	-0.706290	0.694271	-0.138354	-0.446342	-0.285030	0.848255
12307	5.225586	-1.408749	8.718874	0.017092	0.000455	-0.006898	0.549533	0.660796	0.511236	-0.706314	0.694284	-0.138168	-0.446244	-0.285166	0.848261
12308	5.207494	-1.406985	8.644210	0.026094	0.003726	-0.004968	0.549582	0.660727	0.511273	-0.706371	0.694275	-0.137924	-0.446094	-0.285347	0.848279
12309	5.200786	-1.405315	8.717815	0.025887	0.006764	-0.001909	0.549624	0.660708	0.511252	-0.706461	0.694229	-0.137690	-0.445899	-0.285502	0.848329
12310	5.219917	-1.303892	8.721080	0.030809	0.000793	-0.006303	0.549669	0.660621	0.511315	-0.706532	0.694215	-0.137399	-0.445732	-0.285736	0.848338
12311	5.202445	-1.400497	8.694494	0.011918	0.003333	0.005112	0.549646	0.660641	0.511314	-0.706598	0.694163	-0.137319	-0.445654	-0.285817	0.848352
12312	5.268983	-1.346826	8.749828	0.032310	-0.011422	0.001354	0.549583	0.660573	0.511470	-0.706718	0.694094	-0.137055	-0.445543	-0.286142	0.848301
12313	5.181282	-1.447581	8.692187	-0.001825	0.001460	0.006038	0.549545	0.660594	0.511484	-0.706728	0.694075	-0.137096	-0.445573	-0.286140	0.848286
12314	5.273408	-1.344754	8.701296	0.019615	0.000468	0.005433	0.549506	0.660589	0.511532	-0.706814	0.694015	-0.136961	-0.445486	-0.286297	0.848278
12315	5.200739	-1.396645	8.719236	0.005702	0.000108	0.009413	0.549438	0.660629	0.511553	-0.706876	0.693952	-0.136955	-0.445470	-0.286356	0.848267
12316	5.251362	-1.393968	8.699178	0.005805	-0.001411	0.007885	0.549374	0.660636	0.511614	-0.706914	0.693915	-0.136949	-0.445490	-0.286431	0.848231
12317	5.228034	-1.419595	8.697093	0.002605	0.004621	0.007768	0.549338	0.660677	0.511599	-0.706954	0.693872	-0.136961	-0.445471	-0.286439	0.848238
12318	5.279806	-1.391893	8.652740	0.018263	-0.011799	0.008387	0.549223	0.660658	0.511747	-0.707049	0.693796	-0.136852	-0.445461	-0.286668	0.848166
12319	5.235495	-1.565922	8.696274	-0.018975	0.008664	0.009905	0.549190	0.660726	0.511695	-0.707005	0.693800	-0.137059	-0.445572	-0.286499	0.848165
12320	5.261265	-1.515784	8.650106	0.021318	-0.004071	0.003963	0.549141	0.660698	0.511783	-0.707090	0.693744	-0.136901	-0.445497	-0.286699	0.848137
12321	5.232071	-1.540910	8.720931	0.007592	-0.001347	0.001851	0.549120	0.660682	0.511827	-0.707120	0.693726	-0.136841	-0.445476	-0.286781	0.848120
12322	5.234983	-1.465843	8.648371	0.021581	-0.004044	-0.002137	0.549114	0.660613	0.511923	-0.707173	0.693709	-0.136651	-0.445399	-0.286982	0.848093
12323	5.206892	-1.465623	8.694980	0.017074	-0.004150	-0.003860	0.549121	0.660549	0.511998	-0.707214	0.693701	-0.136481	-0.445326	-0.287148	0.848075
12324	5.254641	-1.436648	8.699435	0.026377	-0.002379	-0.008036	0.549163	0.660444	0.512088	-0.707257	0.693709	-0.136220	-0.445205	-0.287371	0.848063
12325	5.225115	-1.362491	8.722029	0.021722	-0.007091	-0.003668	0.549156	0.660373	0.512187	-0.707319	0.693686	-0.136011	-0.445116	-0.287588	0.848036
12326	5.252330	-1.408151	8.723955	0.015644	-0.002648	-0.006973	0.549189	0.660274	0.512278	-0.707320	0.693718	-0.135847	-0.445072	-0.287739	0.848008
12327	5.254807	-1.406209	8.699684	0.017140	-0.004143	-0.005385	0.549207	0.660200	0.512355	-0.707352	0.693720	-0.135669	-0.444999	-0.287905	0.847990
12328	5.256384	-1.379796	8.675315	0.018816	-0.010213	-0.005329	0.549196	0.660092	0.512507	-0.707377	0.693730	-0.135486	-0.444975	-0.288127	0.847927
12329	5.205509	-1.405257	8.719552	0.015485	-0.004192	-0.002401	0.549192	0.660037	0.512580	-0.707418	0.693717	-0.135337	-0.444913	-0.288283	0.847907
12330	5.274859	-1.277574	8.701909	0.026256	-0.005449	-0.003469	0.549189	0.659956	0.512689	-0.707486	0.693694	-0.135100	-0.444810	-0.288525	0.847878
12331	5.227721	-1.302663	8.697763	0.012127	0.000297	0.002049	0.549174	0.659946	0.512718	-0.707537	0.693661	-0.135003	-0.444747	-0.288627	0.847876
12332	5.197870	-1.278849	8.744623	0.016399	0.001916	0.008348	0.549119	0.659967	0.512749	-0.707626	0.693589	-0.134910	-0.444673	-0.288752	0.847873
12333	5.225821	-1.276908	8.698441	0.002531	0.007684	0.007765	0.549097	0.660018	0.512708	-0.707665	0.693546	-0.134923	-0.444638	-0.288740	0.847895
12334	5.247502	-1.226463	8.700836	0.018113	-0.005681	0.008404	0.549009	0.660018	0.512802	-0.707762	0.693468	-0.134816	-0.444592	-0.288927	0.847855
12335	5.130746	-1.380044	8.714434	-0.025668	0.011539	0.021839	0.548904	0.660177	0.512709	-0.707753	0.693414	-0.135140	-0.444736	-0.288693	0.847860
12336	5.204319	-1.328743	8.672626	0.014528	0.007967	0.012865	0.548845	0.660248	0.512681	-0.707859	0.693316	-0.135086	-0.444640	-0.288765	0.847885
12337	5.346180	-1.249646	8.685404	-0.019252	-0.006641	0.025128	0.548636	0.660378	0.512738	-0.707897	0.693222	-0.135372	-0.444838	-0.288696	0.847805
12338	5.013319	-1.463606	8.679647	-0.002487	0.004476	0.019764	0.548513	0.660486	0.512731	-0.707965	0.693128	-0.135498	-0.444882	-0.288673	0.847790
12339	5.419685	-1.324082	8.715682	-0.025741	0.003891	0.027928	0.548330	0.660665	0.512694	-0.707989	0.693034	-0.135854	-0.445068	-0.288489	0.847755
12340	5.007927	-1.419333	8.703916	0.011394	-0.007421	0.023389	0.548129	0.660764	0.512782	-0.708138	0.692876	-0.135880	-0.445079	-0.288641	0.847697
12341	5.418503	-1.401963	8.763772	-0.032040	0.006793	0.030720	0.547940	0.660971	0.512718	-0.708149	0.692781	-0.136303	-0.445294	-0.288395	0.847669
12342	5.080649	-1.420506	8.709547	0.007179	-0.019744	0.021647	0.547695	0.661023	0.512912	-0.708271	0.692646	-0.136356	-0.445401	-0.288599	0.847542
12343	5.351308	-1.361377	8.682745	-0.038862	-0.023914	0.028824	0.547383	0.661128	0.513110	-0.708241	0.692584	-0.136828	-0.445833	-0.288508	0.847347
12344	4.961641	-1.456154	8.720491	0.007295	-0.027389	0.023154	0.547093	0.661169	0.513366	-0.708372	0.692439	-0.136888	-0.445981	-0.288764	0.847182
12345	5.450830	-1.436108	8.736693	-0.045289	-0.007250	0.027072	0.546867	0.661310	0.513425	-0.708303	0.692406	-0.137405	-0.446366	-0.288518	0.847062
12346	4.989804	-1.435290	8.695851	0.029053	-0.042160	0.022506	0.546516	0.661304	0.513807	-0.708528	0.692202	-0.137278	-0.446440	-0.289022	0.846851
12347	5.455836	-1.415967	8.709182	-0.052655	-0.018105	0.026740	0.546244	0.661411	0.513958	-0.708424	0.692193	-0.137856	-0.446938	-0.288798	0.846666
12348	5.169456	-1.457861	8.658013	-0.013897	-0.037057	0.023742	0.545906	0.661429	0.514294	-0.708464	0.692104	-0.138098	-0.447288	-0.288970	0.846422
12349	5.113253	-1.389092	8.748928	0.005343	-0.061030	0.015314	0.545523	0.661333	0.514824	-0.708557	0.692003	-0.138127	-0.447608	-0.289431	0.846095
12350	5.234290	-1.580367	8.608474	-0.023777	-0.005200	0.023430	0.545329	0.661441	0.514891	-0.708550	0.691945	-0.138451	-0.447853	-0.289324	0.846002
12351	5.442109	-1.403059	8.698226	-0.012964	-0.072159	0.020615	0.544858	0.661349	0.515507	-0.708590	0.691862	-0.138662	-0.448363	-0.289732	0.845592
12352	4.914958	-1.549769	8.674934	0.024537	-0.025449	0.011629	0.544657	0.661317	0.515761	-0.708736	0.691741	-0.138518	-0.448377	-0.290094	0.845461
12353	5.597462	-1.300603	8.632412	-0.048154	-0.069897	0.020703	0.544195	0.661232	0.516357	-0.708619	0.691760	-0.139026	-0.449124	-0.290243	0.845013
12354	4.944451	-1.527174	8.696200	0.046217	-0.037183	0.010937	0.543945	0.661161	0.516711	-0.708858	0.691580	-0.138695	-0.449047	-0.290832	0.844851
12355	5.573899	-1.255745	8.697555	-0.052817	-0.071529	0.023586	0.543455	0.661090	0.517317	-0.708735	0.691594	-0.139258	-0.449835	-0.290960	0.844388
12356	4.900615	-1.508079	8.734987	0.040292	-0.058733	0.018234	0.543057	0.661007	0.517841	-0.708988	0.691383	-0.139015	-0.449916	-0.291650	0.844106
12357	5.619673	-1.429223	8.643002	-0.070151	-0.052054	0.026036	0.542636	0.661009	0.518279	-0.708799	0.691431	-0.139737	-0.450721	-0.291529	0.843719
12358	4.961485	-1.461008	8.683773	0.050338	-0.093642	0.015425	0.542100	0.660805	0.519100	-0.709083	0.691209	-0.139395	-0.450920	-0.292519	0.843270
12359	5.477604	-1.439807	8.720791	-0.056514	-0.039507	0.022078	0.541763	0.660816	0.519437	-0.708934	0.691244	-0.139981	-0.451560	-0.292410	0.842965
12360	4.958932	-1.341150	8.775572	0.078904	-0.080817	0.019610	0.541254	0.660678	0.520144	-0.709370	0.690909	-0.139421	-0.451485	-0.293512	0.842622
12361	5.540893	-1.414000	8.668300	-0.073821	-0.087222	0.022817	0.540696	0.660554	0.520881	-0.709145	0.690991	-0.140156	-0.452505	-0.293599	0.842044
12362	5.156020	-1.459109	8.705272	0.020519	-0.120254	0.011050	0.540067	0.660239	0.521930	-0.709273	0.690884	-0.140044	-0.453056	-0.294557	0.841413
12363	5.015527	-1.709248	8.859094	0.035505	-0.061939	0.025565	0.539603	0.660207	0.522450	-0.709557	0.690626	-0.139874	-0.453163	-0.295232	0.841119
12364	5.366419	-1.449217	8.733946	-0.003069	-0.174241	0.019162	0.538671	0.659789	0.523939	-0.709622	0.690533	-0.140004	-0.454170	-0.296383	0.840171
12365	4.889492	-1.492415	8.786748	0.081721	-0.187640	0.005421	0.537778	0.659243	0.525542	-0.710008	0.690270	-0.139340	-0.454625	-0.298205	0.839280
12366	5.452761	-1.609607	8.719352	0.056245	-0.153079	0.013773	0.536976	0.658846	0.526856	-0.710315	0.690034	-0.138945	-0.455092	-0.299624	0.838520
12367	5.476379	-1.312489	8.785328	0.056215	-0.240149	0.024224	0.535708	0.658266	0.528870	-0.710687	0.689721	-0.138596	-0.456006	-0.301614	0.837310
12368	4.975673	-1.376822	8.543241	0.103472	-0.214667	0.010602	0.534646	0.657655	0.530701	-0.711193	0.689361	-0.137790	-0.456463	-0.303761	0.836284
12369	5.718796	-1.682095	8.481937	0.048980	-0.174598	0.016531	0.533729	0.657211	0.532172	-0.711490	0.689119	-0.137463	-0.457072	-0.305267	0.835402
