// General information: 
//  MT Manager version: 2022.2.0 
//  XDA version: 2022.2.0 build 7381 rev 124627 built on 2023-07-19
// Device information: 
//  DeviceId: 00B4CAF0
//  ProductCode: MTW2-3A7G6
//  Firmware Version: 4.6.0
//  Hardware Version: 2.0.0
// Device settings: 
//  Filter Profile: human(46.1)
//  Option Flags: Orientation Smoother Disabled, Position/Velocity Smoother Disabled, Continuous Zero Rotation Update Disabled, AHS Disabled, ICC Disabled
// Coordinate system: ENU
PacketCounter	Acc_X	Acc_Y	Acc_Z	Gyr_X	Gyr_Y	Gyr_Z	Mat[1][1]	Mat[2][1]	Mat[3][1]	Mat[1][2]	Mat[2][2]	Mat[3][2]	Mat[1][3]	Mat[2][3]	Mat[3][3]
16740	6.420988	0.680528	7.858450	0.003786	-0.010239	-0.004273	0.587254	0.499125	0.637187	-0.686386	0.724306	0.065231	-0.428960	-0.475663	0.767944
16741	6.577705	0.715454	7.791972	0.011264	-0.010695	0.001359	0.587211	0.499013	0.637314	-0.686373	0.724314	0.065279	-0.429041	-0.475768	0.767834
16742	6.509236	0.710105	7.814090	0.005782	-0.010966	-0.001038	0.587157	0.498943	0.637418	-0.686381	0.724304	0.065306	-0.429100	-0.475857	0.767746
16743	6.552184	0.778433	7.775444	0.009661	-0.016501	-0.002032	0.587020	0.498844	0.637622	-0.686446	0.724238	0.065360	-0.429186	-0.476061	0.767571
16744	6.563066	0.778006	7.752285	0.006368	-0.008084	0.005367	0.586934	0.498835	0.637708	-0.686494	0.724192	0.065351	-0.429224	-0.476140	0.767501
16745	6.536623	0.756769	7.793954	0.002356	-0.009919	0.003532	0.586995	0.498665	0.637785	-0.686379	0.724297	0.065414	-0.429326	-0.476160	0.767431
16746	6.575772	0.771071	7.782977	-0.000599	-0.010074	0.007046	0.586890	0.498658	0.637887	-0.686407	0.724276	0.065340	-0.429424	-0.476198	0.767353
16747	6.595210	0.691668	7.740715	0.001453	-0.004851	0.005194	0.586813	0.498629	0.637980	-0.686455	0.724229	0.065362	-0.429453	-0.476300	0.767274
16748	6.552176	0.725099	7.799887	0.000453	-0.004488	0.003577	0.586756	0.498624	0.638038	-0.686468	0.724220	0.065319	-0.429510	-0.476318	0.767230
16749	6.574652	0.698797	7.730645	0.001588	0.002520	0.008023	0.586688	0.498647	0.638082	-0.686502	0.724193	0.065267	-0.429550	-0.476336	0.767197
16750	6.543652	0.707269	7.743291	0.003975	-0.000830	0.002285	0.586655	0.498649	0.638111	-0.686522	0.724175	0.065259	-0.429562	-0.476361	0.767174
16751	6.550947	0.730422	7.745634	-0.001938	0.002768	0.000497	0.586688	0.498593	0.638124	-0.686484	0.724207	0.065297	-0.429577	-0.476371	0.767160
16752	6.571504	0.722650	7.755761	0.002679	0.010770	0.004103	0.586693	0.498664	0.638064	-0.686510	0.724185	0.065268	-0.429530	-0.476329	0.767212
16753	6.599208	0.738102	7.768353	0.001642	0.008469	0.002937	0.586674	0.498690	0.638061	-0.686537	0.724160	0.065263	-0.429513	-0.476340	0.767215
16754	6.560108	0.723419	7.779326	0.002208	0.011972	0.005159	0.586676	0.498774	0.637993	-0.686566	0.724136	0.065223	-0.429462	-0.476289	0.767275
16755	6.561725	0.699059	7.755558	-0.001766	0.012802	0.002872	0.586750	0.498771	0.637927	-0.686517	0.724182	0.065232	-0.429440	-0.476223	0.767329
16756	6.558136	0.723024	7.781025	0.000718	0.014158	0.000414	0.586795	0.498831	0.637840	-0.686512	0.724188	0.065211	-0.429386	-0.476150	0.767404
16757	6.545750	0.729637	7.750100	0.001811	0.018501	0.005309	0.586951	0.498816	0.637708	-0.686398	0.724296	0.065221	-0.429356	-0.476003	0.767512
16758	6.486225	0.716919	7.806092	0.005256	0.016830	0.004921	0.586976	0.498921	0.637603	-0.686439	0.724258	0.065206	-0.429256	-0.475950	0.767601
16759	6.402186	0.741759	7.822392	0.000170	0.010032	0.002373	0.587106	0.498850	0.637538	-0.686316	0.724373	0.065230	-0.429275	-0.475850	0.767652
16760	6.465088	0.718807	7.851724	0.002937	-0.003131	0.001122	0.587072	0.498833	0.637584	-0.686324	0.724365	0.065222	-0.429308	-0.475879	0.767615
16761	6.595454	0.713433	7.749192	0.003935	-0.003494	0.002740	0.586981	0.498803	0.637690	-0.686346	0.724349	0.065179	-0.429399	-0.475935	0.767530
16762	6.547366	0.699973	7.781594	0.003973	-0.000830	0.002287	0.586948	0.498805	0.637719	-0.686366	0.724331	0.065172	-0.429411	-0.475961	0.767507
16763	6.541084	0.754061	7.776422	0.003502	0.000372	0.003343	0.586921	0.498763	0.637777	-0.686355	0.724341	0.065167	-0.429465	-0.475989	0.767460
16764	6.536275	0.706805	7.749561	-0.000000	0.000000	-0.000000	0.586908	0.498752	0.637797	-0.686344	0.724353	0.065143	-0.429500	-0.475982	0.767444
16765	6.564398	0.722482	7.761791	0.006591	0.007895	0.002655	0.587007	0.498682	0.637761	-0.686247	0.724442	0.065175	-0.429519	-0.475920	0.767472
16766	6.542879	0.730202	7.752471	0.000094	0.004706	0.003277	0.586992	0.498717	0.637747	-0.686256	0.724438	0.065131	-0.429526	-0.475890	0.767487
16767	6.542389	0.730092	7.752895	0.005140	0.008839	0.006275	0.587071	0.498679	0.637704	-0.686195	0.724493	0.065166	-0.429515	-0.475847	0.767520
16768	6.531987	0.731145	7.775564	0.005046	0.004133	0.002999	0.587056	0.498709	0.637695	-0.686224	0.724466	0.065163	-0.429491	-0.475856	0.767528
16769	6.479551	0.747524	7.778746	0.003107	0.006901	0.003493	0.587103	0.498669	0.637682	-0.686181	0.724503	0.065192	-0.429494	-0.475840	0.767536
16770	6.528612	0.755264	7.800812	0.001091	0.004343	0.004893	0.587075	0.498714	0.637673	-0.686204	0.724486	0.065146	-0.429496	-0.475819	0.767548
16771	6.540894	0.729831	7.754181	-0.001921	0.002147	0.004677	0.587109	0.498652	0.637691	-0.686122	0.724566	0.065114	-0.429580	-0.475763	0.767535
16772	6.645846	0.691043	7.803051	-0.002354	0.006013	0.005279	0.587086	0.498707	0.637669	-0.686132	0.724564	0.065039	-0.429596	-0.475708	0.767560
16773	6.599210	0.735832	7.754628	0.001769	0.015834	0.005753	0.587069	0.498800	0.637611	-0.686198	0.724503	0.065029	-0.429514	-0.475704	0.767609
16774	6.540934	0.704357	7.731873	-0.002581	0.022572	0.007794	0.587100	0.498953	0.637464	-0.686221	0.724488	0.064937	-0.429435	-0.475566	0.767739
16775	6.550253	0.697274	7.765411	0.004384	0.024555	0.006115	0.587272	0.498959	0.637300	-0.686094	0.724610	0.064919	-0.429402	-0.475374	0.767876
16776	6.479264	0.691242	7.789585	0.001803	0.018494	0.005294	0.587302	0.499074	0.637182	-0.686122	0.724588	0.064877	-0.429316	-0.475287	0.767978
16777	6.303603	0.640940	7.821758	0.008131	0.011650	0.002307	0.587308	0.499100	0.637156	-0.686179	0.724526	0.064957	-0.429216	-0.475353	0.767993
16778	6.368928	0.689966	7.902334	0.008755	-0.011435	-0.000351	0.587249	0.499032	0.637265	-0.686204	0.724499	0.065004	-0.429259	-0.475467	0.767899
16779	6.555803	0.721986	7.769098	0.014177	-0.013212	-0.001682	0.587269	0.498844	0.637392	-0.686168	0.724518	0.065178	-0.429289	-0.475635	0.767778
16780	6.492478	0.764250	7.817622	0.008168	-0.018221	0.002065	0.587164	0.498761	0.637554	-0.686204	0.724481	0.065204	-0.429375	-0.475778	0.767641
16781	6.517695	0.732951	7.801410	0.006097	-0.022822	-0.000263	0.587106	0.498567	0.637760	-0.686171	0.724504	0.065294	-0.429506	-0.475947	0.767463
16782	6.588776	0.739274	7.777091	0.005624	-0.021620	0.000790	0.586995	0.498458	0.637947	-0.686189	0.724486	0.065309	-0.429629	-0.476088	0.767306
16783	6.627430	0.676965	7.768501	0.004758	-0.013889	0.001992	0.586905	0.498355	0.638110	-0.686187	0.724488	0.065309	-0.429756	-0.476193	0.767170
16784	6.650672	0.651204	7.698660	0.005344	-0.007104	-0.000426	0.586865	0.498306	0.638185	-0.686196	0.724477	0.065330	-0.429796	-0.476260	0.767106
16785	6.600145	0.662403	7.755456	0.006401	-0.001521	-0.003899	0.586870	0.498210	0.638255	-0.686143	0.724525	0.065352	-0.429873	-0.476288	0.767046
16786	6.572630	0.724707	7.740651	0.006534	0.005849	-0.001080	0.586890	0.498218	0.638231	-0.686154	0.724512	0.065386	-0.429830	-0.476299	0.767063
16787	6.548527	0.757141	7.755843	0.008039	0.006946	-0.000973	0.586893	0.498206	0.638237	-0.686171	0.724491	0.065435	-0.429797	-0.476343	0.767054
16788	6.547875	0.757737	7.756335	0.006101	0.009714	-0.000480	0.586926	0.498237	0.638183	-0.686183	0.724478	0.065462	-0.429734	-0.476332	0.767096
16789	6.532422	0.711742	7.752358	0.003615	0.008360	0.001978	0.586884	0.498282	0.638186	-0.686265	0.724396	0.065506	-0.429659	-0.476409	0.767090
16790	6.529269	0.736095	7.777380	0.004085	0.007157	0.000922	0.586896	0.498311	0.638153	-0.686277	0.724384	0.065508	-0.429624	-0.476396	0.767118
16791	6.528758	0.736109	7.777807	0.002125	0.006644	0.006052	0.586908	0.498308	0.638144	-0.686293	0.724365	0.065555	-0.429583	-0.476428	0.767121
16792	6.575519	0.672412	7.748573	0.000077	0.005325	-0.000910	0.586925	0.498315	0.638124	-0.686276	0.724382	0.065539	-0.429586	-0.476395	0.767139
16793	6.551407	0.704313	7.763801	0.004610	0.007997	0.003594	0.586843	0.498375	0.638152	-0.686345	0.724321	0.065491	-0.429588	-0.476425	0.767120
16794	6.527293	0.736243	7.779024	0.003575	0.005697	0.002432	0.586838	0.498408	0.638131	-0.686364	0.724305	0.065480	-0.429566	-0.476416	0.767138
16795	6.551535	0.781424	7.761689	-0.000850	0.007113	0.005381	0.586909	0.498359	0.638104	-0.686266	0.724399	0.065451	-0.429624	-0.476323	0.767163
16796	6.547370	0.728193	7.789605	0.000602	0.006166	0.001761	0.586911	0.498388	0.638079	-0.686268	0.724401	0.065422	-0.429619	-0.476290	0.767186
16797	6.557900	0.804044	7.764869	-0.001322	0.008315	0.006435	0.586990	0.498338	0.638045	-0.686163	0.724503	0.065393	-0.429677	-0.476188	0.767217
16798	6.597020	0.716666	7.733662	0.000237	0.011455	0.010268	0.586957	0.498455	0.637985	-0.686213	0.724463	0.065307	-0.429644	-0.476126	0.767275
16799	6.463770	0.650592	7.785144	0.000168	0.010030	0.002360	0.587033	0.498413	0.637947	-0.686127	0.724546	0.065297	-0.429677	-0.476044	0.767307
16800	6.339411	0.685408	7.835558	0.006456	0.000521	-0.000169	0.587024	0.498401	0.637965	-0.686141	0.724529	0.065325	-0.429666	-0.476081	0.767290
16801	6.392113	0.669720	7.832170	0.009144	-0.017967	-0.000492	0.586952	0.498242	0.638155	-0.686111	0.724555	0.065361	-0.429813	-0.476209	0.767128
16802	6.385223	0.748526	7.849852	0.008949	-0.031280	0.001783	0.586793	0.498093	0.638418	-0.686147	0.724517	0.065396	-0.429972	-0.476422	0.766907
16803	6.530533	0.813647	7.774262	0.007283	-0.043031	0.003492	0.586591	0.497842	0.638799	-0.686143	0.724519	0.065419	-0.430254	-0.476682	0.766587
16804	6.626763	0.787658	7.733814	0.003379	-0.040777	0.009108	0.586341	0.497700	0.639139	-0.686199	0.724471	0.065365	-0.430506	-0.476903	0.766309
16805	6.590324	0.695772	7.744508	0.003922	-0.036658	0.007137	0.586209	0.497456	0.639450	-0.686140	0.724526	0.065371	-0.430779	-0.477074	0.766048
16806	6.652265	0.702643	7.741726	0.007521	-0.027681	0.004927	0.586044	0.497346	0.639687	-0.686189	0.724479	0.065375	-0.430926	-0.477259	0.765850
16807	6.646796	0.679803	7.737798	0.005605	-0.021630	0.000784	0.586010	0.497128	0.639888	-0.686111	0.724547	0.065442	-0.431096	-0.477384	0.765677
16808	6.671496	0.648669	7.721932	0.008760	-0.008164	-0.005002	0.585997	0.497039	0.639968	-0.686107	0.724544	0.065519	-0.431120	-0.477481	0.765603
16809	6.603766	0.720880	7.741420	0.009856	-0.003818	-0.000114	0.586124	0.496844	0.640004	-0.685962	0.724670	0.065642	-0.431178	-0.477493	0.765563
16810	6.605074	0.716065	7.795574	0.008939	0.001871	-0.002638	0.586138	0.496820	0.640009	-0.685973	0.724654	0.065705	-0.431142	-0.477541	0.765553
16811	6.598561	0.770699	7.790488	0.006025	0.004387	0.000423	0.586217	0.496729	0.640008	-0.685899	0.724718	0.065776	-0.431153	-0.477540	0.765547
16812	6.617847	0.768886	7.746333	-0.000348	0.009195	-0.000308	0.586247	0.496757	0.639959	-0.685883	0.724735	0.065753	-0.431137	-0.477485	0.765591
16813	6.713402	0.713077	7.739273	0.002802	0.018760	0.002720	0.586377	0.496748	0.639847	-0.685811	0.724799	0.065799	-0.431074	-0.477397	0.765681
16814	6.985420	0.677933	7.731925	0.002849	0.054584	-0.002142	0.586615	0.496980	0.639448	-0.685798	0.724810	0.065813	-0.430771	-0.477140	0.766012
16815	6.853079	0.724686	7.678960	0.013509	0.102775	-0.003021	0.587127	0.497329	0.638706	-0.685708	0.724887	0.065899	-0.430216	-0.476657	0.766624
16816	6.577950	0.600199	7.734235	0.008954	0.131991	-0.003637	0.587708	0.497918	0.637712	-0.685713	0.724877	0.065969	-0.429416	-0.476058	0.767444
16817	6.321224	0.748216	7.839142	0.017112	0.120291	-0.010891	0.588252	0.498383	0.636847	-0.685743	0.724828	0.066182	-0.428621	-0.475645	0.768144
16818	6.274109	0.652738	7.913381	0.011268	0.096053	-0.009200	0.588715	0.498759	0.636125	-0.685725	0.724835	0.066305	-0.428015	-0.475241	0.768732
16819	6.431231	0.793894	7.798442	0.014398	0.073082	-0.005922	0.588980	0.499068	0.635637	-0.685808	0.724744	0.066438	-0.427517	-0.475055	0.769124
16820	6.437914	0.865570	7.831777	0.005327	0.063840	-0.006120	0.589283	0.499313	0.635163	-0.685782	0.724763	0.066496	-0.427141	-0.474768	0.769510
16821	6.444973	0.763704	7.791829	0.004195	0.052327	0.002463	0.589320	0.499645	0.634867	-0.685951	0.724606	0.066468	-0.426818	-0.474658	0.769757
16822	6.542832	0.837742	7.757165	-0.003320	0.046231	0.006101	0.589464	0.499895	0.634537	-0.685960	0.724605	0.066382	-0.426605	-0.474397	0.770037
16823	6.468771	0.753904	7.785605	-0.007320	0.043784	0.008441	0.589698	0.500024	0.634218	-0.685850	0.724713	0.066334	-0.426458	-0.474095	0.770303
16824	6.502693	0.690180	7.781514	-0.004833	0.044512	0.010162	0.589806	0.500295	0.633904	-0.685877	0.724700	0.066210	-0.426265	-0.473831	0.770573
16825	6.472199	0.750658	7.769157	-0.007845	0.042319	0.009938	0.589930	0.500483	0.633640	-0.685834	0.724753	0.066075	-0.426163	-0.473551	0.770801
16826	6.468030	0.672345	7.774812	-0.005939	0.036891	0.009919	0.590008	0.500715	0.633384	-0.685854	0.724745	0.065945	-0.426022	-0.473317	0.771023
16827	6.338413	0.640241	7.720714	-0.002018	0.034015	0.008497	0.590049	0.500909	0.633192	-0.685912	0.724696	0.065880	-0.425872	-0.473187	0.771186
16828	6.190177	0.785463	8.024301	0.003549	0.005686	0.002422	0.590045	0.500939	0.633172	-0.685928	0.724682	0.065870	-0.425851	-0.473177	0.771203
16829	6.116620	0.820609	7.907502	0.003143	-0.026207	0.008000	0.589992	0.500729	0.633388	-0.685868	0.724733	0.065933	-0.426022	-0.473320	0.771021
16830	6.418905	0.657231	7.807625	-0.001572	-0.044824	0.006276	0.589746	0.500548	0.633759	-0.685885	0.724723	0.065860	-0.426334	-0.473527	0.770721
16831	6.545223	0.723665	7.776900	0.008320	-0.045984	0.005746	0.589649	0.500205	0.634121	-0.685791	0.724804	0.065959	-0.426620	-0.473767	0.770416
16832	6.534000	0.855643	7.787492	-0.002683	-0.052446	0.006031	0.589373	0.499986	0.634550	-0.685802	0.724800	0.065879	-0.426984	-0.474003	0.770069
16833	6.681039	0.652815	7.805583	-0.000461	-0.034564	0.006021	0.589057	0.499894	0.634916	-0.685941	0.724673	0.065833	-0.427197	-0.474294	0.769771
16834	6.669582	0.683392	7.796188	0.002720	-0.019083	0.003918	0.588937	0.499818	0.635087	-0.685963	0.724655	0.065808	-0.427327	-0.474403	0.769632
16835	6.559234	0.692789	7.797961	0.002390	-0.007861	0.007298	0.588849	0.499771	0.635205	-0.685987	0.724633	0.065793	-0.427409	-0.474484	0.769536
16836	6.619086	0.699416	7.797396	-0.000036	-0.002659	0.000463	0.588823	0.499747	0.635248	-0.685976	0.724645	0.065769	-0.427462	-0.474491	0.769503
16837	6.651164	0.767443	7.782185	-0.002340	0.008056	0.008968	0.588776	0.499802	0.635249	-0.686009	0.724620	0.065706	-0.427474	-0.474472	0.769508
16838	6.979108	0.781202	7.879040	0.000541	0.039267	-0.002762	0.588951	0.499954	0.634967	-0.685982	0.724645	0.065706	-0.427276	-0.474274	0.769740
16839	6.915263	0.762085	7.750976	0.008312	0.101146	-0.006742	0.589434	0.500316	0.634232	-0.685953	0.724660	0.065851	-0.426657	-0.473868	0.770333
16840	6.541919	0.877485	7.775649	0.009231	0.134664	0.002383	0.589981	0.500957	0.633218	-0.685993	0.724619	0.065886	-0.425836	-0.473255	0.771164
16841	6.186660	0.652171	7.797725	0.006002	0.119770	0.000250	0.590497	0.501440	0.632353	-0.685941	0.724668	0.065894	-0.425204	-0.472667	0.771872
16842	6.302519	0.707864	7.885339	0.005089	0.089682	0.002675	0.590848	0.501869	0.631685	-0.685965	0.724644	0.065895	-0.424676	-0.472248	0.772419
16843	6.326964	0.704836	7.823727	0.003786	0.066125	0.005240	0.591165	0.502097	0.631207	-0.685902	0.724702	0.065923	-0.424337	-0.471917	0.772808
16844	6.396539	0.757785	7.832213	0.000137	0.052469	0.004215	0.591348	0.502360	0.630826	-0.685914	0.724694	0.065876	-0.424063	-0.471648	0.773123
16845	6.587257	0.722719	7.819138	-0.002904	0.047623	0.004456	0.591603	0.502488	0.630485	-0.685821	0.724782	0.065885	-0.423857	-0.471378	0.773400
16846	6.571216	0.651888	7.793539	0.002668	0.058498	0.004987	0.591806	0.502785	0.630058	-0.685849	0.724758	0.065854	-0.423530	-0.471097	0.773751
16847	6.494037	0.670285	7.843851	0.000715	0.061868	0.001254	0.591891	0.503150	0.629686	-0.686002	0.724616	0.065823	-0.423162	-0.470926	0.774056
16848	6.430962	0.740579	7.844586	-0.000768	0.063422	0.000658	0.592143	0.503439	0.629218	-0.685990	0.724631	0.065791	-0.422829	-0.470595	0.774439
16849	6.381378	0.785644	7.798384	0.000096	0.053051	-0.000027	0.592270	0.503702	0.628889	-0.686061	0.724565	0.065780	-0.422537	-0.470415	0.774708
16850	6.439319	0.679512	7.889063	-0.007452	0.044319	0.004070	0.592418	0.503925	0.628571	-0.686040	0.724593	0.065676	-0.422363	-0.470132	0.774974
16851	6.388913	0.564536	7.902154	0.005368	0.037994	0.001037	0.592575	0.504023	0.628344	-0.685984	0.724648	0.065660	-0.422234	-0.469942	0.775159
16852	6.110167	0.795580	7.764738	0.003747	0.026287	0.002815	0.592655	0.504151	0.628165	-0.686003	0.724631	0.065650	-0.422090	-0.469831	0.775305
16853	5.609237	1.046848	7.870282	-0.004739	-0.021652	0.019244	0.592540	0.504044	0.628360	-0.685953	0.724689	0.065535	-0.422332	-0.469858	0.775157
16854	5.321616	0.519192	8.132828	-0.020073	-0.106845	0.021950	0.591927	0.503685	0.629225	-0.685985	0.724687	0.065221	-0.423140	-0.470245	0.774482
16855	6.106583	0.244049	8.146190	0.031644	-0.175820	0.006833	0.591143	0.502837	0.630638	-0.686105	0.724555	0.065415	-0.424039	-0.471354	0.773315
16856	6.538071	1.094958	7.855150	0.045067	-0.204837	-0.019316	0.590395	0.501715	0.632231	-0.686169	0.724454	0.065865	-0.424977	-0.472703	0.771976
16857	6.645179	0.912494	7.865407	0.020193	-0.200598	-0.010320	0.589627	0.500605	0.633826	-0.686113	0.724489	0.066056	-0.426132	-0.473825	0.770650
16858	6.813670	0.620870	7.721803	0.016858	-0.181018	-0.009184	0.588907	0.499664	0.635236	-0.686118	0.724470	0.066224	-0.427120	-0.474846	0.769473
16859	6.665258	0.720142	7.766438	0.013635	-0.156711	-0.004751	0.588325	0.498771	0.636475	-0.686039	0.724531	0.066365	-0.428046	-0.475691	0.768437
16860	6.768633	0.617960	7.722472	0.008835	-0.140838	-0.003172	0.587733	0.498061	0.637578	-0.686045	0.724520	0.066432	-0.428851	-0.476451	0.767517
16861	6.805945	0.640078	7.671460	0.010619	-0.115843	-0.007296	0.587311	0.497368	0.638507	-0.685966	0.724584	0.066547	-0.429553	-0.477078	0.766734
16862	6.779311	0.679425	7.646905	0.008503	-0.092449	0.003047	0.586882	0.496933	0.639240	-0.686007	0.724543	0.066572	-0.430075	-0.477593	0.766121
16863	6.779456	0.555428	7.617877	0.003838	-0.069980	-0.004569	0.586654	0.496474	0.639805	-0.685926	0.724612	0.066662	-0.430514	-0.477966	0.765641
16864	6.792424	0.573969	7.670338	0.008615	-0.048075	-0.007493	0.586488	0.496174	0.640191	-0.685905	0.724623	0.066755	-0.430775	-0.478261	0.765310
16865	6.728237	0.462944	7.723660	0.012918	-0.024344	-0.013536	0.586556	0.495821	0.640401	-0.685735	0.724767	0.066938	-0.430952	-0.478408	0.765118
16866	6.639082	0.645999	7.753348	0.024922	-0.014361	-0.021076	0.586628	0.495583	0.640519	-0.685704	0.724767	0.067244	-0.430903	-0.478654	0.764992
16867	6.671466	0.896107	7.754952	0.021167	-0.000834	-0.021481	0.586827	0.495313	0.640546	-0.685578	0.724856	0.067576	-0.430832	-0.478800	0.764941
16868	6.629043	0.914109	7.735404	0.019337	0.006036	-0.013550	0.586935	0.495227	0.640513	-0.685568	0.724846	0.067791	-0.430702	-0.478904	0.764949
16869	6.579935	0.902620	7.768440	0.010536	0.011550	-0.008107	0.587005	0.495191	0.640477	-0.685585	0.724815	0.067948	-0.430580	-0.478987	0.764965
16870	6.584029	0.854883	7.720350	-0.000801	0.013668	-0.003922	0.587079	0.495212	0.640393	-0.685544	0.724854	0.067947	-0.430543	-0.478907	0.765036
16871	6.569167	0.803365	7.771302	0.006221	0.017077	0.002287	0.587159	0.495239	0.640299	-0.685546	0.724845	0.068020	-0.430431	-0.478893	0.765109
16872	6.588867	0.795953	7.782186	-0.000240	0.017173	-0.001716	0.587234	0.495293	0.640189	-0.685521	0.724870	0.068009	-0.430369	-0.478800	0.765201
16873	6.528321	0.693340	7.708456	0.002295	0.020568	-0.000460	0.587389	0.495271	0.640063	-0.685418	0.724963	0.068047	-0.430320	-0.478681	0.765303
16874	6.258140	0.688859	7.856894	0.011490	0.008526	-0.006030	0.587457	0.495251	0.640016	-0.685418	0.724953	0.068153	-0.430229	-0.478716	0.765333
16875	6.405686	0.719861	7.867428	0.020966	-0.018028	-0.010342	0.587487	0.494986	0.640193	-0.685348	0.724999	0.068368	-0.430299	-0.478920	0.765166
16876	6.568184	0.885530	7.769264	0.016416	-0.023976	-0.010190	0.587443	0.494781	0.640392	-0.685344	0.724987	0.068538	-0.430365	-0.479151	0.764984
16877	6.547975	0.817662	7.760960	0.011917	-0.027873	-0.006317	0.587403	0.494516	0.640634	-0.685314	0.724996	0.068734	-0.430467	-0.479411	0.764763
16878	6.604722	0.778457	7.731867	0.012385	-0.029082	-0.007374	0.587317	0.494306	0.640874	-0.685310	0.724989	0.068856	-0.430591	-0.479638	0.764551
16879	6.543666	0.719989	7.758334	0.010500	-0.024259	-0.003166	0.587234	0.494096	0.641113	-0.685290	0.724998	0.068954	-0.430735	-0.479841	0.764343
16880	6.539498	0.692748	7.808648	0.015345	-0.029557	-0.006716	0.587142	0.493888	0.641357	-0.685302	0.724973	0.069095	-0.430841	-0.480092	0.764125
16881	6.562764	0.769237	7.758680	0.013838	-0.030655	-0.006822	0.586966	0.493701	0.641662	-0.685398	0.724868	0.069253	-0.430930	-0.480443	0.763854
16882	6.694937	0.778078	7.787403	0.013347	-0.028843	-0.009957	0.586899	0.493474	0.641898	-0.685383	0.724868	0.069399	-0.431045	-0.480676	0.763643
16883	6.847150	0.848045	7.636023	0.010818	-0.003577	-0.002686	0.587001	0.493285	0.641950	-0.685254	0.724979	0.069513	-0.431111	-0.480704	0.763589
16884	6.710303	0.908712	7.733167	0.004270	0.016589	0.007414	0.587011	0.493401	0.641852	-0.685302	0.724937	0.069478	-0.431022	-0.480647	0.763675
16885	6.721076	0.800588	7.745770	0.001024	0.031574	0.005492	0.587171	0.493477	0.641647	-0.685239	0.724996	0.069483	-0.430904	-0.480480	0.763846
16886	6.978876	0.700112	7.656669	0.008970	0.065716	0.005085	0.587409	0.493812	0.641171	-0.685293	0.724944	0.069499	-0.430494	-0.480214	0.764244
16887	6.672826	0.691130	7.689553	0.017368	0.102510	-0.005233	0.587906	0.494168	0.640441	-0.685242	0.724979	0.069633	-0.429896	-0.479794	0.764844
16888	6.421983	0.713972	7.747049	0.018360	0.104787	-0.004123	0.588374	0.494624	0.639659	-0.685282	0.724928	0.069780	-0.429192	-0.479403	0.765485
16889	6.315343	0.713571	7.842245	0.021414	0.080363	-0.008721	0.588776	0.494888	0.639085	-0.685306	0.724880	0.070034	-0.428600	-0.479203	0.765941
16890	6.422505	0.865326	7.782425	0.010720	0.058787	-0.002931	0.589037	0.495131	0.638655	-0.685320	0.724859	0.070115	-0.428219	-0.478984	0.766292
16891	6.552579	0.829945	7.714042	0.003619	0.046180	0.000623	0.589284	0.495252	0.638334	-0.685256	0.724913	0.070176	-0.427982	-0.478776	0.766554
16892	6.544409	0.782315	7.690491	0.001655	0.045077	0.009933	0.589398	0.495522	0.638019	-0.685307	0.724872	0.070106	-0.427743	-0.478559	0.766823
16893	6.625139	0.751034	7.732876	-0.005811	0.041656	0.013135	0.589529	0.495720	0.637744	-0.685297	0.724889	0.070030	-0.427578	-0.478329	0.767058
16894	6.688103	0.779697	7.738156	-0.009053	0.059276	0.010689	0.589699	0.496063	0.637320	-0.685307	0.724895	0.069873	-0.427328	-0.477964	0.767425
16895	6.609145	0.724849	7.738383	-0.006938	0.067971	0.020404	0.589904	0.496422	0.636851	-0.685303	0.724914	0.069718	-0.427052	-0.477562	0.767828
16896	6.548971	0.763743	7.769909	-0.008358	0.075443	0.014686	0.590115	0.496871	0.636305	-0.685339	0.724897	0.069541	-0.426702	-0.477121	0.768297
16897	6.571556	0.777398	7.787056	-0.010830	0.076141	0.020839	0.590330	0.497282	0.635784	-0.685330	0.724925	0.069329	-0.426420	-0.476649	0.768747
16898	6.490119	0.823175	7.808828	-0.015316	0.074900	0.024220	0.590473	0.497797	0.635248	-0.685393	0.724894	0.069038	-0.426120	-0.476159	0.769216
16899	6.428852	0.783624	7.843540	-0.019904	0.065690	0.029014	0.590593	0.498226	0.634799	-0.685419	0.724896	0.068749	-0.425911	-0.475706	0.769612
16900	6.620435	0.817211	7.882143	-0.017470	0.063755	0.031190	0.590641	0.498738	0.634353	-0.685514	0.724840	0.068397	-0.425692	-0.475256	0.770012
16901	6.766823	0.799540	7.796493	-0.021148	0.087866	0.028794	0.590703	0.499380	0.633790	-0.685652	0.724747	0.067992	-0.425384	-0.474723	0.770511
16902	6.635520	0.734892	7.776890	-0.021282	0.119690	0.032484	0.590979	0.500165	0.632913	-0.685739	0.724702	0.067603	-0.424861	-0.473965	0.771266
16903	6.399899	0.692489	7.870807	-0.017377	0.119432	0.030547	0.591213	0.500948	0.632074	-0.685906	0.724571	0.067309	-0.424264	-0.473337	0.771979
16904	6.303329	0.667099	7.865733	-0.016047	0.110484	0.028312	0.591477	0.501658	0.631264	-0.685991	0.724520	0.066986	-0.423759	-0.472662	0.772670
16905	6.285008	0.670720	7.839957	-0.015332	0.090089	0.025330	0.591719	0.502182	0.630621	-0.686022	0.724512	0.066752	-0.423371	-0.472118	0.773215
16906	6.302929	0.630778	7.885091	-0.012616	0.069595	0.021436	0.591856	0.502648	0.630120	-0.686081	0.724480	0.066500	-0.423083	-0.471672	0.773645
16907	6.543105	0.673160	7.947546	-0.007216	0.065754	0.016427	0.592145	0.502916	0.629635	-0.685990	0.724575	0.066397	-0.422826	-0.471240	0.774049
16908	7.210633	0.742945	7.913841	-0.002767	0.107949	0.006897	0.592544	0.503456	0.628827	-0.686004	0.724569	0.066312	-0.422244	-0.470671	0.774712
16909	7.467289	0.582634	7.897340	0.002746	0.202540	-0.017502	0.593603	0.504146	0.627274	-0.685787	0.724759	0.066480	-0.421107	-0.469639	0.775956
16910	7.529616	-0.692350	8.127585	0.091417	0.284722	-0.100176	0.595476	0.504738	0.625019	-0.685561	0.724852	0.067798	-0.418826	-0.468860	0.777660
16911	6.059666	-0.081095	7.863752	0.167499	0.279023	-0.146307	0.597750	0.504820	0.622778	-0.685217	0.724965	0.070027	-0.416141	-0.468596	0.779258
16912	5.945705	1.096219	7.935554	0.157335	0.227019	-0.145915	0.599682	0.504808	0.620927	-0.684981	0.724981	0.072142	-0.413742	-0.468586	0.780541
16913	5.653570	0.904933	7.825513	0.128908	0.184915	-0.116974	0.601133	0.504840	0.619496	-0.684863	0.724924	0.073808	-0.411827	-0.468639	0.781522
16914	5.638120	0.954298	7.748690	0.107401	0.125178	-0.077608	0.602170	0.504846	0.618484	-0.684823	0.724828	0.075108	-0.410376	-0.468780	0.782200
16915	5.424654	1.521646	7.704419	0.076678	0.066081	-0.042871	0.602826	0.504693	0.617969	-0.684720	0.724836	0.075969	-0.409585	-0.468932	0.782524
16916	5.287593	1.904901	7.673295	0.010779	-0.010019	0.006916	0.602729	0.504678	0.618076	-0.684790	0.724767	0.075991	-0.409610	-0.469055	0.782437
16917	5.517731	1.597748	7.689279	-0.050754	-0.071991	0.071296	0.601950	0.504792	0.618742	-0.684978	0.724675	0.075173	-0.410440	-0.469075	0.781989
16918	5.490182	1.466576	7.727908	-0.081531	-0.131672	0.110232	0.600644	0.504954	0.619877	-0.685291	0.724517	0.073833	-0.411829	-0.469144	0.781218
16919	5.630084	1.477225	7.833636	-0.139782	-0.193707	0.161396	0.598714	0.505160	0.621574	-0.685656	0.724383	0.071726	-0.414025	-0.469129	0.780065
16920	6.515171	0.522374	7.990910	-0.156047	-0.219693	0.157133	0.596715	0.505249	0.623421	-0.685932	0.724338	0.069512	-0.416447	-0.469104	0.778790
16921	7.000062	-0.274013	8.079075	-0.108914	-0.201073	0.119618	0.595062	0.505109	0.625113	-0.686156	0.724275	0.067936	-0.418439	-0.469351	0.777572
16922	7.317104	-0.595220	8.386167	-0.057608	-0.191605	0.053511	0.593882	0.504578	0.626662	-0.686217	0.724292	0.067134	-0.420012	-0.469896	0.776394
16923	6.487259	0.100106	7.697444	0.049259	-0.125934	-0.011450	0.593524	0.503763	0.627656	-0.686222	0.724243	0.067621	-0.420510	-0.470846	0.775549
16924	6.809863	1.056237	8.000301	0.056900	-0.149077	-0.019277	0.593020	0.502902	0.628822	-0.686331	0.724088	0.068164	-0.421043	-0.472003	0.774556
16925	6.378848	0.811375	7.770254	0.018968	-0.125368	-0.016527	0.592656	0.502079	0.629822	-0.686212	0.724177	0.068421	-0.421749	-0.472741	0.773720
16926	6.630696	0.888413	7.790111	0.028312	-0.125379	-0.016040	0.592227	0.501351	0.630804	-0.686221	0.724140	0.068722	-0.422336	-0.473570	0.772893
16927	6.442491	1.129049	7.838981	0.022389	-0.116272	-0.002665	0.591853	0.500641	0.631719	-0.686174	0.724160	0.068970	-0.422937	-0.474290	0.772123
16928	6.580882	0.780116	7.829693	0.011546	-0.108010	0.003091	0.591365	0.500131	0.632579	-0.686226	0.724107	0.069021	-0.423535	-0.474908	0.771414
16929	6.450606	0.317125	7.757172	0.021572	-0.095344	-0.004034	0.590923	0.499651	0.633371	-0.686345	0.723975	0.069219	-0.423959	-0.475614	0.770746
16930	6.072421	0.365081	8.053851	0.051858	-0.124246	-0.028031	0.590579	0.498838	0.634333	-0.686383	0.723885	0.069778	-0.424376	-0.476604	0.769905
16931	6.445362	0.272694	7.867741	0.065907	-0.141882	-0.053323	0.590272	0.497748	0.635473	-0.686343	0.723847	0.070554	-0.424867	-0.477799	0.768893
16932	6.661748	0.589746	7.720833	0.087183	-0.132850	-0.072565	0.590196	0.496568	0.636466	-0.686270	0.723808	0.071667	-0.425091	-0.479085	0.767968
16933	6.535680	0.913050	7.874409	0.089669	-0.123617	-0.076578	0.590258	0.495301	0.637395	-0.686083	0.723866	0.072850	-0.425306	-0.480307	0.767086
16934	6.485669	1.090907	7.936820	0.075289	-0.122248	-0.064818	0.590173	0.494224	0.638308	-0.686005	0.723842	0.073822	-0.425550	-0.481451	0.766233
16935	6.656876	1.257730	7.885384	0.056485	-0.122079	-0.049603	0.590003	0.493198	0.639259	-0.685891	0.723875	0.074561	-0.425970	-0.482453	0.765368
16936	6.758302	1.145956	7.711269	0.033006	-0.106549	-0.028546	0.589735	0.492458	0.640077	-0.685847	0.723873	0.074977	-0.426411	-0.483211	0.764644
16937	6.700863	0.757286	7.724401	0.022908	-0.087359	-0.017732	0.589497	0.491822	0.640784	-0.685769	0.723918	0.075252	-0.426864	-0.483791	0.764024
16938	6.793499	0.787957	7.676030	0.026606	-0.068385	-0.017760	0.589318	0.491343	0.641316	-0.685762	0.723894	0.075551	-0.427124	-0.484314	0.763548
16939	6.777698	0.875496	7.658168	0.021014	-0.044710	-0.014999	0.589209	0.490955	0.641713	-0.685717	0.723914	0.075767	-0.427347	-0.484676	0.763193
16940	6.795559	0.827340	7.584961	0.011427	-0.026109	-0.009363	0.589152	0.490741	0.641929	-0.685694	0.723922	0.075896	-0.427462	-0.484881	0.762998
16941	6.790228	0.881847	7.578050	0.004488	-0.000556	0.009130	0.589042	0.490780	0.642000	-0.685784	0.723840	0.075871	-0.427470	-0.484965	0.762941
16942	6.721554	0.952483	7.597233	-0.004690	0.011522	0.014675	0.588981	0.490922	0.641947	-0.685834	0.723808	0.075722	-0.427473	-0.484868	0.763000
16943	6.645342	0.738091	7.657336	-0.014377	0.022152	0.021740	0.589092	0.490974	0.641806	-0.685673	0.723981	0.075518	-0.427578	-0.484557	0.763139
16944	6.624733	0.733862	7.757802	-0.001037	0.025196	0.015621	0.589083	0.491189	0.641649	-0.685744	0.723927	0.075392	-0.427476	-0.484419	0.763284
16945	6.568005	0.773558	7.786339	-0.000970	0.030510	0.014667	0.589147	0.491346	0.641471	-0.685750	0.723931	0.075305	-0.427380	-0.484254	0.763442
16946	6.689701	0.737392	7.739072	0.001549	0.033904	0.015896	0.589173	0.491605	0.641248	-0.685833	0.723863	0.075197	-0.427209	-0.484093	0.763640
16947	6.702999	0.763577	7.667199	0.004197	0.048518	0.011032	0.589277	0.491876	0.640945	-0.685907	0.723798	0.075156	-0.426947	-0.483916	0.763899
16948	6.621607	0.830946	7.766003	0.008805	0.058581	0.018245	0.589393	0.492271	0.640535	-0.686036	0.723683	0.075088	-0.426581	-0.483686	0.764249
16949	6.576259	0.839709	7.804306	-0.007516	0.056005	0.023670	0.589513	0.492608	0.640166	-0.686054	0.723685	0.074894	-0.426385	-0.483340	0.764577
16950	6.428578	0.779080	7.826873	-0.005128	0.052602	0.017948	0.589605	0.492971	0.639801	-0.686121	0.723640	0.074722	-0.426149	-0.483037	0.764900
16951	5.999426	0.837681	8.115511	0.004218	0.015405	0.015685	0.589641	0.493016	0.639734	-0.686095	0.723670	0.074670	-0.426143	-0.482947	0.764961
16952	6.030220	0.833990	8.048394	0.010443	-0.029580	-0.002072	0.589520	0.492837	0.639983	-0.686111	0.723647	0.074745	-0.426285	-0.483162	0.764745
16953	6.323115	0.933020	7.928829	0.010870	-0.068019	-0.005858	0.589180	0.492470	0.640579	-0.686161	0.723593	0.074815	-0.426674	-0.483619	0.764239
16954	6.694379	0.790828	7.641646	0.016689	-0.073701	-0.007782	0.588909	0.492036	0.641160	-0.686169	0.723568	0.074974	-0.427033	-0.484097	0.763736
16955	6.678316	0.799955	7.627242	0.014459	-0.057027	-0.004474	0.588773	0.491584	0.641632	-0.686060	0.723657	0.075115	-0.427396	-0.484423	0.763326
16956	6.744071	0.701940	7.657396	0.017072	-0.045075	-0.008869	0.588633	0.491280	0.641993	-0.686064	0.723636	0.075283	-0.427584	-0.484762	0.763005
16957	6.701070	0.748203	7.604925	0.017853	-0.026206	-0.005359	0.588663	0.490961	0.642210	-0.685969	0.723702	0.075513	-0.427695	-0.484988	0.762800
16958	6.693585	0.746808	7.680018	0.023419	-0.014133	-0.013274	0.588685	0.490775	0.642332	-0.685974	0.723672	0.075759	-0.427657	-0.485221	0.762673
16959	6.598658	0.800496	7.740378	0.025507	-0.006868	-0.011475	0.588775	0.490559	0.642414	-0.685931	0.723683	0.076040	-0.427602	-0.485422	0.762576
16960	6.659466	0.886804	7.735259	0.020158	-0.002995	-0.006423	0.588797	0.490477	0.642456	-0.685962	0.723635	0.076217	-0.427521	-0.485577	0.762523
16961	6.695068	0.927311	7.748964	0.011407	0.005810	-0.005645	0.588996	0.490282	0.642423	-0.685795	0.723774	0.076394	-0.427514	-0.485566	0.762533
16962	6.659813	0.787735	7.715916	0.003719	0.019578	-0.004206	0.589100	0.490326	0.642294	-0.685769	0.723795	0.076431	-0.427413	-0.485492	0.762638
16963	6.499318	0.779936	7.807294	0.004260	0.023680	-0.006211	0.589261	0.490300	0.642166	-0.685668	0.723885	0.076486	-0.427353	-0.485382	0.762741
16964	6.539687	0.847610	7.769991	0.002206	0.019070	-0.008489	0.589392	0.490310	0.642038	-0.685610	0.723934	0.076539	-0.427265	-0.485299	0.762843
16965	6.604370	0.704672	7.702338	-0.000294	0.018916	-0.014386	0.589582	0.490203	0.641945	-0.685434	0.724096	0.076588	-0.427286	-0.485165	0.762916
16966	6.741360	0.798987	7.599966	0.006231	0.027387	-0.016028	0.589801	0.490199	0.641748	-0.685348	0.724163	0.076720	-0.427122	-0.485070	0.763069
16967	6.784351	0.837738	7.593848	0.002524	0.042393	-0.008616	0.590164	0.490167	0.641438	-0.685133	0.724354	0.076837	-0.426965	-0.484817	0.763317
16968	6.740400	0.925570	7.627698	0.002778	0.059814	-0.003603	0.590436	0.490409	0.641003	-0.685106	0.724377	0.076863	-0.426633	-0.484537	0.763680
16969	6.716973	0.908352	7.598138	-0.007371	0.074309	0.003989	0.590765	0.490692	0.640483	-0.685004	0.724482	0.076784	-0.426341	-0.484095	0.764124
16970	6.172081	0.889773	7.709034	-0.002904	0.077573	0.004242	0.591058	0.491076	0.639917	-0.684999	0.724494	0.076717	-0.425942	-0.483687	0.764605
16971	5.923792	0.854299	8.140254	0.008654	0.021627	-0.004998	0.591094	0.491164	0.639817	-0.685070	0.724419	0.076790	-0.425779	-0.483709	0.764681
16972	6.620626	0.621865	7.691986	0.023922	-0.014750	-0.018452	0.591149	0.490938	0.639940	-0.685045	0.724412	0.077073	-0.425742	-0.483949	0.764550
16973	6.439503	0.808316	7.732223	0.042827	-0.000833	-0.024120	0.591394	0.490613	0.639962	-0.684943	0.724455	0.077574	-0.425565	-0.484214	0.764481
16974	6.358809	0.829029	7.854318	0.048929	-0.023069	-0.028370	0.591482	0.490274	0.640141	-0.684965	0.724376	0.078111	-0.425407	-0.484676	0.764276
16975	6.400492	0.926171	7.837326	0.049668	-0.041435	-0.027580	0.591543	0.489780	0.640463	-0.684954	0.724320	0.078728	-0.425341	-0.485259	0.763943
16976	6.455263	0.838131	7.835663	0.044029	-0.058233	-0.022882	0.591444	0.489310	0.640913	-0.684988	0.724237	0.079193	-0.425423	-0.485857	0.763517
16977	6.505690	0.798832	7.881414	0.037440	-0.068211	-0.029153	0.591394	0.488660	0.641456	-0.684881	0.724286	0.079670	-0.425665	-0.486438	0.763012
16978	6.513225	0.793846	7.985125	0.027916	-0.078883	-0.027701	0.591239	0.488053	0.642059	-0.684819	0.724304	0.080043	-0.425981	-0.487019	0.762465
16979	6.495315	1.090009	7.950070	0.021245	-0.098001	-0.024147	0.590983	0.487343	0.642834	-0.684739	0.724344	0.080370	-0.426465	-0.487671	0.761777
16980	6.441398	1.206037	8.041474	-0.010171	-0.128621	-0.008304	0.590482	0.486633	0.643831	-0.684628	0.724452	0.080329	-0.427334	-0.488218	0.760939
16981	6.329603	1.412842	8.151668	-0.036185	-0.166050	0.023402	0.589611	0.485920	0.645167	-0.684566	0.724558	0.079903	-0.428635	-0.488771	0.759852
16982	6.071398	1.485012	8.548072	-0.088765	-0.230941	0.061723	0.588188	0.485216	0.646994	-0.684530	0.724711	0.078813	-0.430642	-0.489244	0.758411
16983	5.855535	1.858640	8.803190	-0.141763	-0.346288	0.115623	0.585858	0.484336	0.649761	-0.684611	0.724832	0.076986	-0.433680	-0.489936	0.756230
16984	6.169400	1.740661	8.536390	-0.205020	-0.432053	0.178047	0.582748	0.483486	0.653181	-0.684740	0.724994	0.074261	-0.437648	-0.490535	0.753551
16985	5.579794	2.840590	9.130170	-0.247804	-0.556624	0.205726	0.578772	0.482293	0.657584	-0.684943	0.725127	0.071021	-0.442579	-0.491513	0.750026
16986	2.666912	-1.410076	10.511872	-0.644907	-0.798116	0.276986	0.573299	0.480362	0.663762	-0.683637	0.726980	0.064352	-0.451629	-0.490666	0.745170
16987	5.311251	2.261531	11.165610	0.316161	-1.315439	0.352275	0.564975	0.476303	0.673750	-0.686972	0.723828	0.064356	-0.457026	-0.499207	0.736152
16988	4.497294	0.438937	10.378319	-0.176295	-1.598614	0.378679	0.554974	0.470989	0.685692	-0.688259	0.722940	0.060478	-0.467230	-0.505498	0.725375
16989	5.512691	-0.607563	10.116228	-0.001200	-1.903873	0.394428	0.543275	0.464095	0.699620	-0.690411	0.721107	0.057775	-0.477688	-0.514413	0.712176
16990	5.631633	1.039977	10.189630	-0.075348	-2.185954	0.387071	0.530012	0.455511	0.715260	-0.692104	0.719738	0.054490	-0.489979	-0.523915	0.696731
16991	5.961691	0.374814	10.146159	-0.112009	-2.480373	0.406450	0.514781	0.445380	0.732555	-0.693789	0.718386	0.050774	-0.503643	-0.534376	0.678812
16992	5.732067	1.540877	10.309471	-0.041195	-2.772761	0.445628	0.497509	0.433572	0.751332	-0.695815	0.716670	0.047178	-0.518002	-0.546260	0.658235
16993	6.983541	1.535578	10.559700	-0.052321	-3.092094	0.560057	0.477264	0.420555	0.771591	-0.698390	0.714450	0.042574	-0.533358	-0.559191	0.634693
16994	7.596560	2.144551	10.576235	0.115029	-3.380617	0.679872	0.454204	0.406221	0.792895	-0.702159	0.711008	0.037958	-0.548335	-0.573979	0.608174
16995	11.051038	8.865157	12.171134	0.010543	-3.709101	0.882604	0.427220	0.390998	0.815232	-0.706262	0.707276	0.030894	-0.564515	-0.588966	0.578310
16996	10.807305	12.003545	13.279795	-1.051451	-3.651890	1.220939	0.397560	0.377987	0.836105	-0.705222	0.708830	0.014878	-0.587033	-0.595555	0.548367
16997	8.988763	9.389588	13.938063	-1.924265	-3.427760	1.283462	0.367733	0.366818	0.854527	-0.698900	0.715192	-0.006245	-0.613442	-0.594933	0.519369
16998	15.286655	-0.300071	14.750210	-1.995851	-2.989908	0.662359	0.344412	0.353826	0.869591	-0.688748	0.724665	-0.022070	-0.637971	-0.591327	0.493280
16999	11.053381	-1.606431	15.859780	-0.813628	-2.175572	-0.134513	0.331160	0.340025	0.880179	-0.683218	0.729791	-0.024873	-0.650804	-0.593118	0.473989
17000	5.428264	2.800872	14.797043	0.001895	-1.451984	-0.451104	0.324738	0.328057	0.887087	-0.681729	0.731307	-0.020885	-0.655584	-0.597971	0.461129
17001	-0.031087	4.785180	12.846958	-0.057225	-1.118130	-0.257314	0.318984	0.319557	0.892263	-0.680742	0.732280	-0.018895	-0.659424	-0.601373	0.451121
17002	-1.434792	1.311258	11.768497	-0.173567	-0.921597	0.100880	0.312185	0.314721	0.896377	-0.679890	0.733025	-0.020579	-0.663544	-0.603013	0.442815
17003	-1.090615	-1.810434	11.889225	0.151574	-0.608017	0.329180	0.305618	0.313583	0.899035	-0.682289	0.730723	-0.022938	-0.664138	-0.606391	0.437276
17004	-0.553995	-1.570695	12.534807	0.624989	-0.114570	0.473491	0.301599	0.316307	0.899437	-0.687843	0.725447	-0.024472	-0.660235	-0.611291	0.436364
17005	-0.353845	-0.558670	12.801324	0.890072	0.475217	0.634072	0.300183	0.323927	0.897196	-0.695880	0.717677	-0.026286	-0.652412	-0.616450	0.440849
17006	-0.235104	-0.567800	12.247227	1.020578	1.059220	0.770849	0.301624	0.335950	0.892278	-0.704784	0.708844	-0.028642	-0.642108	-0.620224	0.450576
17007	-0.014532	-0.598825	11.457644	1.142986	1.580749	0.853764	0.305504	0.351995	0.884741	-0.714843	0.698593	-0.031098	-0.629021	-0.622950	0.465044
17008	0.520669	-0.288716	10.726981	1.219763	2.016877	0.857623	0.311850	0.370492	0.874920	-0.725052	0.687910	-0.032869	-0.614044	-0.624112	0.483150
17009	1.384944	-0.187042	10.100297	1.213989	2.383254	0.789665	0.320424	0.391006	0.862811	-0.735125	0.677087	-0.033835	-0.597428	-0.623432	0.504393
