// General information: 
//  MT Manager version: 2022.2.0 
//  XDA version: 2022.2.0 build 7381 rev 124627 built on 2023-07-19
// Device information: 
//  DeviceId: 00B4CBA7
//  ProductCode: MTW2-3A7G6
//  Firmware Version: 4.6.0
//  Hardware Version: 2.0.0
// Device settings: 
//  Filter Profile: human(46.1)
//  Option Flags: Orientation Smoother Disabled, Position/Velocity Smoother Disabled, Continuous Zero Rotation Update Disabled, AHS Disabled, ICC Disabled
// Coordinate system: ENU
PacketCounter	Acc_X	Acc_Y	Acc_Z	Gyr_X	Gyr_Y	Gyr_Z	Mat[1][1]	Mat[2][1]	Mat[3][1]	Mat[1][2]	Mat[2][2]	Mat[3][2]	Mat[1][3]	Mat[2][3]	Mat[3][3]
21630	10.182243	-0.625154	-1.620267	-0.046939	-0.219580	-0.049180	-0.186186	-0.022876	0.982248	-0.218584	0.975639	-0.018711	-0.957891	-0.218187	-0.186651
21631	10.178606	-0.285403	-1.089296	-0.064624	-0.221559	-0.057436	-0.188164	-0.023952	0.981846	-0.218075	0.975766	-0.017989	-0.957621	-0.217501	-0.188827
21632	9.810971	-0.435004	-1.071795	-0.156855	-0.232206	-0.062090	-0.190222	-0.025155	0.981419	-0.216678	0.976095	-0.016979	-0.957531	-0.215882	-0.191126
21633	9.314155	-0.395434	-1.475295	-0.060558	-0.241817	-0.070008	-0.192367	-0.026393	0.980968	-0.216235	0.976208	-0.016139	-0.957203	-0.215224	-0.193497
21634	9.385139	-0.290250	-1.844455	-0.056195	-0.254247	-0.069308	-0.194677	-0.027582	0.980479	-0.215808	0.976315	-0.015384	-0.956832	-0.214591	-0.196019
21635	9.598316	0.070811	-2.130621	0.042989	-0.264014	-0.075659	-0.197020	-0.028921	0.979973	-0.216370	0.976201	-0.014691	-0.956225	-0.214931	-0.198589
21636	9.626183	0.087320	-2.198067	-0.096125	-0.264158	-0.072665	-0.199370	-0.030220	0.979458	-0.215522	0.976402	-0.013744	-0.955930	-0.213835	-0.201178
21637	9.604817	-0.323776	-2.239742	-0.102754	-0.268952	-0.084611	-0.201739	-0.031653	0.978928	-0.214712	0.976595	-0.012670	-0.955615	-0.212744	-0.203814
21638	9.647600	-0.293108	-2.124734	-0.103136	-0.267615	-0.096835	-0.204123	-0.033219	0.978381	-0.213923	0.976783	-0.011467	-0.955286	-0.211639	-0.206490
21639	9.570088	-0.421516	-2.194584	-0.091597	-0.256179	-0.103759	-0.206330	-0.034807	0.977863	-0.213264	0.976941	-0.010225	-0.954959	-0.210653	-0.208995
21640	9.578330	-0.633376	-2.340630	-0.038531	-0.245281	-0.109895	-0.208438	-0.036434	0.977357	-0.213092	0.976990	-0.009025	-0.954539	-0.210148	-0.211405
21641	9.491161	-0.364280	-2.400004	-0.000605	-0.230841	-0.118677	-0.210369	-0.038111	0.976879	-0.213338	0.976947	-0.007828	-0.954061	-0.210052	-0.213650
21642	9.280693	-0.193280	-2.350114	-0.031484	-0.229003	-0.118245	-0.212295	-0.039799	0.976395	-0.213279	0.976969	-0.006551	-0.953647	-0.209635	-0.215894
21643	9.290533	-0.025165	-2.284661	-0.032353	-0.241853	-0.127398	-0.214310	-0.041583	0.975880	-0.213246	0.976985	-0.005200	-0.953204	-0.209217	-0.218245
21644	9.468127	0.257105	-2.164764	-0.098939	-0.252224	-0.125237	-0.216452	-0.043502	0.975324	-0.212664	0.977119	-0.003614	-0.952850	-0.208199	-0.220751
21645	9.755817	-0.091226	-2.239769	-0.137074	-0.248288	-0.129723	-0.218524	-0.045318	0.974779	-0.211644	0.977345	-0.002008	-0.952604	-0.206745	-0.223165
21646	9.926475	0.143668	-2.235235	-0.080483	-0.247258	-0.143165	-0.220614	-0.047274	0.974215	-0.211212	0.977440	-0.000399	-0.952218	-0.205854	-0.225622
21647	9.971350	0.196099	-1.963688	-0.165920	-0.242404	-0.153044	-0.222581	-0.049301	0.973667	-0.209975	0.977706	0.001505	-0.952034	-0.204111	-0.227971
21648	9.843080	-0.471061	-1.376480	-0.248175	-0.254216	-0.165905	-0.224633	-0.051476	0.973083	-0.207973	0.978127	0.003733	-0.951991	-0.201536	-0.230425
21649	9.643963	-1.165734	-0.786970	-0.153078	-0.283205	-0.201264	-0.226893	-0.054047	0.972419	-0.206974	0.978328	0.006082	-0.951673	-0.199885	-0.233162
21650	9.574321	-0.907834	-0.648572	-0.102564	-0.322924	-0.220063	-0.229530	-0.056900	0.971637	-0.206499	0.978410	0.008515	-0.951144	-0.198688	-0.236324
21651	9.972907	-0.746041	-0.840147	-0.050821	-0.381346	-0.236353	-0.232649	-0.060003	0.970708	-0.206567	0.978371	0.010969	-0.950371	-0.197964	-0.240012
21652	10.264259	0.208102	-0.875970	-0.248386	-0.444507	-0.255751	-0.236347	-0.063454	0.969595	-0.204869	0.978688	0.014111	-0.949826	-0.195305	-0.244310
21653	10.179113	-0.305226	-0.960929	-0.460091	-0.481977	-0.271360	-0.240356	-0.067075	0.968365	-0.201150	0.979397	0.017912	-0.949614	-0.190482	-0.248896
21654	9.983398	-0.653497	-1.107702	-0.498862	-0.525191	-0.294610	-0.244875	-0.070985	0.966953	-0.197207	0.980115	0.022010	-0.949287	-0.185300	-0.254005
21655	10.008783	-0.754460	-1.220395	-0.488633	-0.571862	-0.314848	-0.249670	-0.075151	0.965410	-0.193352	0.980776	0.026343	-0.948831	-0.180087	-0.259401
21656	10.313295	-0.880087	-1.409495	-0.495262	-0.599728	-0.337165	-0.254767	-0.079606	0.963720	-0.189622	0.981370	0.030936	-0.948228	-0.174861	-0.265116
21657	10.465058	-0.199723	-1.497087	-0.432748	-0.633886	-0.357451	-0.260086	-0.084243	0.961903	-0.186446	0.981821	0.035575	-0.947414	-0.170090	-0.271065
21658	10.457279	0.195814	-1.549268	-0.508286	-0.637397	-0.390202	-0.265470	-0.089195	0.959984	-0.182789	0.982308	0.040721	-0.946633	-0.164664	-0.277077
21659	10.197425	0.290496	-1.809998	-0.436414	-0.667635	-0.414682	-0.271018	-0.094386	0.957935	-0.179778	0.982633	0.045957	-0.945637	-0.159761	-0.283280
21660	10.207263	0.429058	-2.105765	-0.336011	-0.683029	-0.456059	-0.276711	-0.099985	0.955738	-0.177893	0.982712	0.051303	-0.944344	-0.155823	-0.289713
21661	10.157551	0.689419	-2.096257	-0.322742	-0.703823	-0.482860	-0.282481	-0.105848	0.953415	-0.176203	0.982708	0.056894	-0.942951	-0.151923	-0.296247
21662	9.995131	0.312280	-1.893434	-0.309104	-0.732596	-0.518528	-0.288647	-0.112116	0.950849	-0.174991	0.982569	0.062735	-0.941308	-0.148282	-0.303235
21663	10.046217	0.045004	-1.240909	-0.384782	-0.778984	-0.555843	-0.294990	-0.118749	0.948092	-0.173001	0.982486	0.069229	-0.939708	-0.143599	-0.310367
21664	10.172218	-0.733770	-0.307627	-0.424580	-0.853308	-0.600114	-0.302069	-0.125889	0.944937	-0.170922	0.982331	0.076232	-0.937838	-0.138483	-0.318249
21665	10.226150	-0.732442	0.703195	-0.375099	-0.949136	-0.635246	-0.309864	-0.133454	0.941368	-0.169360	0.982013	0.083469	-0.935576	-0.133566	-0.326892
21666	10.233714	-0.575249	1.059170	-0.303126	-1.052641	-0.645124	-0.318643	-0.141298	0.937284	-0.168729	0.981490	0.090601	-0.932737	-0.129277	-0.336586
21667	10.353076	-0.474858	0.754786	-0.193877	-1.158939	-0.661377	-0.328301	-0.149300	0.932699	-0.169071	0.980771	0.097483	-0.929319	-0.125689	-0.347230
21668	10.584139	-0.131073	0.256429	-0.132568	-1.265655	-0.670050	-0.338974	-0.157589	0.927503	-0.170257	0.979868	0.104262	-0.925262	-0.122572	-0.358981
21669	10.852115	0.081341	-0.043507	-0.103807	-1.356881	-0.705079	-0.350278	-0.166171	0.921788	-0.171738	0.978847	0.111196	-0.920767	-0.119357	-0.371406
21670	10.733550	0.897591	-0.123837	-0.049187	-1.443495	-0.735098	-0.362372	-0.175152	0.915428	-0.174111	0.977615	0.118128	-0.915626	-0.116580	-0.384756
21671	10.459770	1.315339	-0.019401	-0.125619	-1.538191	-0.747556	-0.375093	-0.184253	0.908491	-0.175732	0.976409	0.125473	-0.910178	-0.112587	-0.398623
21672	10.300886	0.858951	0.196684	-0.274379	-1.651876	-0.775267	-0.388872	-0.193678	0.900704	-0.176432	0.975214	0.133527	-0.904240	-0.106988	-0.413404
21673	10.218424	0.682165	0.588190	-0.281587	-1.776282	-0.825399	-0.403402	-0.203602	0.892084	-0.177177	0.973860	0.142146	-0.897705	-0.100714	-0.428931
21674	10.460384	0.176012	1.428588	-0.389849	-1.906841	-0.882788	-0.419014	-0.214139	0.882367	-0.177524	0.972358	0.151677	-0.890456	-0.093087	-0.445446
21675	10.738969	-0.243500	2.217361	-0.366372	-2.050093	-0.927081	-0.435524	-0.225007	0.871603	-0.178251	0.970640	0.161505	-0.882352	-0.085025	-0.462844
21676	11.310340	-0.619677	2.516053	-0.296135	-2.198073	-0.930528	-0.453336	-0.235900	0.859556	-0.180021	0.968701	0.170911	-0.872971	-0.077258	-0.481614
21677	11.900795	-0.589187	2.278963	-0.129508	-2.329069	-0.917161	-0.471868	-0.246530	0.846501	-0.183155	0.966576	0.179404	-0.862436	-0.070386	-0.501249
21678	12.381014	-0.451423	1.532765	-0.036400	-2.441033	-0.863254	-0.491299	-0.256479	0.832372	-0.187232	0.964419	0.186655	-0.850629	-0.064143	-0.521839
21679	12.720040	-0.548841	0.361329	0.126375	-2.518604	-0.800624	-0.511030	-0.265775	0.817443	-0.192328	0.962241	0.192618	-0.837770	-0.058783	-0.542850
21680	12.769916	-0.112651	-1.257589	0.238686	-2.542028	-0.726213	-0.530848	-0.274219	0.801875	-0.198372	0.960122	0.197011	-0.823923	-0.054487	-0.564077
21681	12.308061	-0.151104	-3.303367	0.242461	-2.540086	-0.645744	-0.550285	-0.281772	0.785997	-0.203862	0.958191	0.200775	-0.809708	-0.049751	-0.584721
21682	11.997439	0.111068	-5.161296	0.184736	-2.493104	-0.548372	-0.569138	-0.288312	0.770038	-0.208704	0.956494	0.203869	-0.795314	-0.044680	-0.604549
21683	10.747232	0.481936	-5.864759	0.112970	-2.398175	-0.452855	-0.587077	-0.293675	0.754385	-0.212232	0.955118	0.206656	-0.781216	-0.038782	-0.623055
21684	10.391160	0.853747	-7.548939	0.249114	-2.187384	-0.317038	-0.603240	-0.297546	0.739978	-0.216291	0.954066	0.207308	-0.767672	-0.034994	-0.639887
21685	9.410443	0.930653	-8.323184	0.071641	-1.879566	-0.219244	-0.617071	-0.300282	0.727361	-0.218195	0.953377	0.208480	-0.756052	-0.030060	-0.653821
21686	8.597342	0.296945	-8.767274	0.190915	-1.497327	-0.135183	-0.627890	-0.302057	0.717298	-0.220710	0.952888	0.208066	-0.746352	-0.027672	-0.664976
21687	6.901962	0.476383	-9.345697	0.424928	-1.243655	-0.084168	-0.636916	-0.303239	0.708790	-0.224417	0.952504	0.205846	-0.737546	-0.027958	-0.674718
21688	6.053890	1.835600	-9.873805	0.436326	-1.219494	-0.043704	-0.645615	-0.304067	0.700518	-0.228140	0.952218	0.203060	-0.728789	-0.028718	-0.684136
21689	7.288453	2.362583	-8.440497	0.033454	-1.086953	-0.045758	-0.653380	-0.304832	0.692945	-0.228703	0.952059	0.203173	-0.721658	-0.025729	-0.691772
21690	7.129985	2.360948	-6.600748	-0.171784	-0.712975	-0.073769	-0.658202	-0.305775	0.687948	-0.228195	0.951844	0.204742	-0.717424	-0.022225	-0.696282
21691	6.961552	1.827378	-5.898558	-0.456618	-0.257691	-0.008114	-0.660018	-0.305936	0.686133	-0.224998	0.951899	0.208003	-0.716765	-0.017093	-0.697105
21692	6.475835	0.741518	-6.326824	-0.554656	0.189009	0.117962	-0.658786	-0.304856	0.687797	-0.220477	0.952314	0.210922	-0.719299	-0.012691	-0.694585
21693	6.167021	0.504970	-7.039013	-0.331466	0.556135	0.286940	-0.655387	-0.302088	0.692250	-0.216223	0.953214	0.211260	-0.723682	-0.011223	-0.690042
21694	5.930908	1.054940	-7.070561	-0.080863	0.921632	0.430672	-0.649474	-0.297935	0.699585	-0.213075	0.954490	0.208680	-0.729920	-0.013531	-0.683399
21695	5.763050	1.892566	-6.920648	0.031520	1.225138	0.542630	-0.641618	-0.292594	0.709024	-0.209826	0.956077	0.204668	-0.737767	-0.017453	-0.674830
21696	5.760878	2.592647	-6.803959	-0.091665	1.518182	0.645310	-0.631545	-0.286184	0.720590	-0.205286	0.957938	0.200530	-0.747669	-0.021283	-0.663731
21697	5.614382	2.613711	-6.575011	-0.275930	1.823843	0.741284	-0.619283	-0.278697	0.734041	-0.198593	0.960084	0.196975	-0.759637	-0.023792	-0.649912
21698	5.547906	1.739963	-6.793454	-0.279829	2.146105	0.828655	-0.604321	-0.270231	0.749514	-0.191615	0.962409	0.192493	-0.773356	-0.027291	-0.633384
21699	5.355981	1.049977	-7.055389	-0.050924	2.404486	0.911335	-0.587258	-0.260754	0.766247	-0.185809	0.964835	0.185928	-0.787783	-0.033188	-0.615058
21700	5.481954	1.291648	-7.179231	0.109999	2.572383	0.965259	-0.568452	-0.250507	0.783651	-0.181341	0.967241	0.177652	-0.802482	-0.041122	-0.595257
21701	5.866701	1.845596	-7.224451	0.092409	2.738782	0.979595	-0.548006	-0.239822	0.801358	-0.176642	0.969593	0.169373	-0.817610	-0.048736	-0.573705
21702	6.298062	1.875505	-6.840713	-0.090192	2.909634	0.975350	-0.525563	-0.228862	0.819393	-0.170893	0.971906	0.161849	-0.833414	-0.054967	-0.549909
21703	6.551081	0.749256	-6.774196	0.031117	3.136285	0.981096	-0.500812	-0.217509	0.837781	-0.166139	0.974070	0.153578	-0.849462	-0.062274	-0.523963
21704	6.403245	0.202707	-6.830665	0.526214	3.360869	0.956472	-0.473478	-0.205880	0.856406	-0.166220	0.975714	0.142664	-0.864980	-0.074803	-0.496200
21705	6.215286	0.700639	-6.869018	0.979635	3.536481	0.931763	-0.444183	-0.193875	0.874708	-0.170508	0.976755	0.129908	-0.879562	-0.091442	-0.466915
21706	6.241978	1.245765	-7.055134	1.359892	3.697338	0.914407	-0.412901	-0.181161	0.892577	-0.178874	0.977062	0.115562	-0.893038	-0.111943	-0.435834
21707	6.428830	2.485599	-7.638163	1.771819	3.857020	0.909495	-0.379889	-0.167526	0.909736	-0.191216	0.976445	0.099962	-0.905053	-0.135982	-0.402974
21708	6.434538	4.291618	-7.376349	1.804529	3.987428	0.909497	-0.345279	-0.152706	0.925993	-0.204567	0.975195	0.084542	-0.915934	-0.160237	-0.367953
21709	6.680026	5.035087	-7.071819	1.567483	4.095613	0.918415	-0.309470	-0.136787	0.941019	-0.216013	0.973841	0.070519	-0.926049	-0.181449	-0.330922
21710	7.178131	4.443323	-6.596846	1.205134	4.182308	0.952616	-0.272552	-0.119526	0.954688	-0.224635	0.972736	0.057656	-0.935551	-0.198742	-0.291970
21711	7.733717	3.428943	-6.560402	1.199208	4.249603	0.970569	-0.234825	-0.101326	0.966742	-0.233453	0.971322	0.045100	-0.943587	-0.215099	-0.251745
21712	8.357987	4.384552	-6.933151	1.044086	4.251993	0.963016	-0.196769	-0.082500	0.976973	-0.241404	0.969854	0.033278	-0.950266	-0.229297	-0.210753
21713	8.672544	4.801159	-7.383782	0.520456	4.234314	0.988899	-0.158781	-0.063057	0.985298	-0.244618	0.969356	0.022616	-0.956531	-0.237431	-0.169340
21714	7.955989	6.376985	-5.766086	-0.205729	4.046875	0.988734	-0.122273	-0.043823	0.991529	-0.241352	0.970349	0.013124	-0.962704	-0.237702	-0.129224
21715	7.404954	3.908182	-4.530899	-1.205604	3.809207	0.987645	-0.087772	-0.025395	0.995817	-0.228672	0.973492	0.004670	-0.969539	-0.227306	-0.091252
21716	7.687023	-0.388279	-4.406774	-1.204340	3.477501	0.965031	-0.056051	-0.008265	0.998394	-0.216317	0.976315	-0.004062	-0.974713	-0.216197	-0.056511
21717	7.269732	-1.441188	-4.820754	-0.665693	3.102521	0.792389	-0.027437	0.006056	0.999605	-0.209493	0.977740	-0.011673	-0.977425	-0.209731	-0.025558
21718	6.919061	-1.743388	-3.798650	-0.336211	2.639668	0.546031	-0.002710	0.016893	0.999854	-0.206167	0.978368	-0.017089	-0.978513	-0.206183	0.000832
21719	6.212926	-0.117284	-2.327019	0.330130	2.081230	0.293115	0.017053	0.024050	0.999565	-0.209421	0.977622	-0.019949	-0.977677	-0.208990	0.021708
21720	6.343003	0.430948	-0.799592	0.546270	1.445203	0.069491	0.031067	0.027788	0.999131	-0.214824	0.976438	-0.020477	-0.976159	-0.214001	0.036304
21721	6.731618	-0.520977	-0.903583	1.392738	0.840388	-0.117605	0.039532	0.028465	0.998813	-0.228358	0.973398	-0.018703	-0.972774	-0.227347	0.044981
21722	4.177418	1.774690	-1.530828	2.189834	-0.019113	-0.328550	0.040168	0.025232	0.998874	-0.249514	0.968264	-0.014425	-0.967538	-0.248654	0.045189
21723	5.999943	1.569068	-2.123138	1.770530	-0.888608	-0.449650	0.032766	0.018572	0.999290	-0.266447	0.963806	-0.009176	-0.963293	-0.265957	0.036528
21724	10.889074	1.898530	-0.341580	1.371934	-1.382869	-0.446545	0.020725	0.010494	0.999730	-0.279546	0.960123	-0.004283	-0.959908	-0.279382	0.022832
21725	14.975552	2.950038	1.903618	1.028915	-1.130173	-0.338838	0.010873	0.004003	0.999933	-0.289359	0.957220	-0.000686	-0.957159	-0.289332	0.011566
21726	14.720025	5.466909	2.597860	1.043011	-0.993052	-0.193158	0.001984	-0.000791	0.999998	-0.299326	0.954150	0.001348	-0.954149	-0.299328	0.001656
21727	14.905350	6.700222	1.747818	0.391006	-1.038525	-0.008042	-0.007877	-0.004024	0.999961	-0.303059	0.952971	0.001448	-0.952939	-0.303036	-0.008726
21728	12.590366	0.594104	-1.289419	0.037374	-1.234447	0.138496	-0.020021	-0.006499	0.999778	-0.303373	0.952872	0.000119	-0.952662	-0.303303	-0.021049
21729	9.659010	1.696571	-5.381883	0.396945	-1.497461	0.145600	-0.034701	-0.009710	0.999351	-0.307116	0.951671	-0.001417	-0.951039	-0.306966	-0.036006
21730	9.784038	2.329145	-6.858131	0.258023	-1.421910	0.062840	-0.048381	-0.013552	0.998737	-0.309499	0.950897	-0.002090	-0.949668	-0.309210	-0.050200
21731	10.220877	4.688814	-6.957594	0.133350	-1.231866	0.102558	-0.060373	-0.016422	0.998041	-0.310715	0.950498	-0.003156	-0.948584	-0.310297	-0.062487
21732	9.947429	3.526952	-6.612416	-0.162497	-0.914789	0.252197	-0.069801	-0.016943	0.997417	-0.308933	0.951068	-0.005464	-0.948519	-0.308517	-0.071620
21733	10.131358	1.052541	-6.004198	-0.272800	-0.715678	0.306998	-0.077517	-0.016249	0.996859	-0.306126	0.951955	-0.008288	-0.948830	-0.305806	-0.078767
21734	10.139781	-1.339002	-5.617011	0.041392	-0.536998	0.317648	-0.083558	-0.014975	0.996390	-0.306154	0.951914	-0.011368	-0.948308	-0.305999	-0.084125
21735	9.990898	0.681611	-4.838931	0.277849	-0.446951	0.315732	-0.088747	-0.013373	0.995964	-0.308522	0.951103	-0.014721	-0.947068	-0.308583	-0.088533
21736	9.572577	1.885906	-3.481951	0.228346	-0.349202	0.362024	-0.093155	-0.011122	0.995589	-0.310242	0.950479	-0.018411	-0.946082	-0.310589	-0.091993
21737	9.576690	3.305658	-1.912626	-0.151132	-0.323796	0.415021	-0.097485	-0.008208	0.995203	-0.308423	0.950986	-0.022368	-0.946241	-0.309124	-0.095238
21738	9.870052	2.669261	-0.578464	-0.741181	-0.337492	0.440350	-0.102008	-0.005169	0.994770	-0.300829	0.953327	-0.025894	-0.948207	-0.301897	-0.098802
21739	9.915206	0.071080	-0.022956	-1.007192	-0.344742	0.407557	-0.106469	-0.002331	0.994313	-0.290847	0.956333	-0.028901	-0.950827	-0.292270	-0.102498
21740	9.899289	-1.840056	0.287066	-0.858403	-0.363095	0.360463	-0.110938	-0.000049	0.993827	-0.282131	0.958860	-0.031446	-0.952940	-0.283878	-0.106388
21741	9.739116	-3.026619	0.171657	-0.589935	-0.392551	0.319038	-0.115554	0.001879	0.993299	-0.276151	0.960515	-0.033943	-0.954142	-0.278223	-0.110473
21742	9.662003	-3.460311	-0.145135	-0.325306	-0.431463	0.271116	-0.120396	0.003178	0.992721	-0.272600	0.961449	-0.036139	-0.954565	-0.274967	-0.114889
21743	9.733187	-3.088182	-0.676292	-0.085620	-0.456796	0.224699	-0.125351	0.004055	0.992104	-0.271514	0.961675	-0.038235	-0.954237	-0.274163	-0.119446
21744	9.814946	-2.330720	-1.271249	-0.089925	-0.469147	0.187607	-0.130320	0.004478	0.991462	-0.270323	0.961944	-0.039876	-0.953909	-0.273211	-0.124150
21745	9.944820	-2.273102	-2.267200	-0.083703	-0.433561	0.168065	-0.134892	0.004882	0.990848	-0.269309	0.962164	-0.041403	-0.953560	-0.272429	-0.128473
21746	9.924906	-1.947394	-3.052917	0.008425	-0.384164	0.131984	-0.138894	0.005014	0.990295	-0.269127	0.962161	-0.042618	-0.953037	-0.272434	-0.132289
21747	9.913919	-1.551594	-3.485741	0.046492	-0.339475	0.106611	-0.142399	0.005084	0.989796	-0.269427	0.962029	-0.043703	-0.952435	-0.272901	-0.135622
21748	9.994580	-1.316414	-3.528858	0.128405	-0.286938	0.089148	-0.145357	0.005073	0.989366	-0.270442	0.961700	-0.044664	-0.951700	-0.274058	-0.138418
21749	9.646765	-0.155136	-2.981799	0.291065	-0.244087	0.078342	-0.147875	0.005123	0.988993	-0.273103	0.960893	-0.045812	-0.950551	-0.276871	-0.140692
21750	9.652703	1.636426	-1.893187	0.201697	-0.250847	0.087795	-0.150485	0.005179	0.988599	-0.274805	0.960357	-0.046862	-0.949651	-0.278724	-0.143096
21751	9.792474	1.131738	-1.109750	-0.125069	-0.233391	0.099326	-0.152957	0.005453	0.988218	-0.273474	0.960699	-0.047630	-0.949640	-0.277537	-0.145454
21752	9.697018	0.177274	-0.582149	-0.164919	-0.250741	0.094485	-0.155582	0.005575	0.987807	-0.271668	0.961183	-0.048214	-0.949732	-0.275857	-0.148028
21753	9.672590	0.311245	-0.083306	-0.191391	-0.294510	0.089399	-0.158604	0.005595	0.987326	-0.269717	0.961703	-0.048777	-0.949788	-0.274035	-0.151021
21754	9.661444	-1.009159	0.219995	-0.377045	-0.341887	0.073351	-0.162031	0.005280	0.986771	-0.265917	0.962759	-0.048816	-0.950281	-0.270309	-0.154593
21755	9.536088	-1.899803	0.470900	-0.237155	-0.402307	0.041248	-0.165947	0.004564	0.986124	-0.263603	0.963395	-0.048818	-0.950250	-0.268047	-0.158669
21756	9.418293	-1.779252	0.745363	-0.172163	-0.481441	0.012100	-0.170537	0.003314	0.985346	-0.261866	0.963882	-0.048564	-0.949917	-0.266311	-0.163510
21757	9.381757	-1.938968	0.608507	-0.171373	-0.541483	-0.006427	-0.175646	0.001783	0.984452	-0.260258	0.964336	-0.048182	-0.949428	-0.264674	-0.168918
21758	9.454922	-2.005448	-0.100970	-0.102733	-0.577053	-0.021298	-0.181049	-0.000029	0.983474	-0.259247	0.964633	-0.047696	-0.948690	-0.263598	-0.174653
21759	9.695292	-1.824997	-1.416855	-0.042932	-0.572647	-0.032613	-0.186378	-0.001883	0.982476	-0.258908	0.964745	-0.047266	-0.947750	-0.263181	-0.180295
21760	9.972775	-1.667616	-3.202694	0.127349	-0.498214	-0.026223	-0.191008	-0.003519	0.981582	-0.260103	0.964429	-0.047156	-0.946500	-0.264320	-0.185128
21761	9.634574	-0.820807	-4.776956	0.305539	-0.431002	-0.009257	-0.195043	-0.004785	0.980783	-0.263019	0.963616	-0.047604	-0.944870	-0.267249	-0.189205
21762	9.705217	0.331990	-5.624656	0.275907	-0.364188	-0.007114	-0.198448	-0.005894	0.980094	-0.265590	0.962891	-0.047986	-0.943441	-0.269826	-0.192649
21763	9.974900	0.950963	-5.776489	0.087601	-0.263864	0.004143	-0.200931	-0.006598	0.979583	-0.266416	0.962654	-0.048163	-0.942682	-0.270654	-0.195185
21764	10.117166	0.871341	-5.474068	-0.124114	-0.156191	0.006054	-0.202410	-0.007036	0.979276	-0.265169	0.963012	-0.047890	-0.942717	-0.269367	-0.196789
21765	9.989592	0.855193	-5.008090	-0.176187	-0.056489	0.025383	-0.202993	-0.006974	0.979155	-0.263465	0.963486	-0.047758	-0.943069	-0.267668	-0.197418
21766	9.803260	0.980020	-4.170953	-0.256654	0.017595	0.046084	-0.202938	-0.006563	0.979170	-0.260865	0.964201	-0.047603	-0.943804	-0.265091	-0.197386
21767	9.747956	1.113091	-2.970182	-0.250163	0.057069	0.051426	-0.202517	-0.005948	0.979261	-0.258407	0.964864	-0.047580	-0.944570	-0.262683	-0.196938
21768	10.038007	0.976514	-1.583961	-0.308616	0.063035	0.052113	-0.202046	-0.005368	0.979361	-0.255284	0.965705	-0.047373	-0.945520	-0.259587	-0.196487
21769	10.193531	0.631672	0.271591	-0.534336	0.035956	0.054528	-0.201828	-0.004780	0.979409	-0.250126	0.967080	-0.046824	-0.946944	-0.254426	-0.196379
21770	9.728182	-1.184451	1.739052	-0.734620	-0.041790	0.050555	-0.202339	-0.004487	0.979305	-0.242956	0.968958	-0.045759	-0.948700	-0.247187	-0.197148
21771	9.174291	-3.035575	2.620915	-0.531525	-0.140232	0.011823	-0.203682	-0.004747	0.979025	-0.237895	0.970258	-0.044789	-0.949694	-0.242028	-0.198754
21772	8.670394	-3.687511	2.799000	-0.158782	-0.260933	-0.033739	-0.206068	-0.005786	0.978521	-0.236374	0.970664	-0.044039	-0.949560	-0.240372	-0.201391
21773	9.128001	-3.887659	2.067251	0.222880	-0.395503	-0.064875	-0.209651	-0.007402	0.977748	-0.238632	0.970121	-0.043824	-0.948209	-0.242510	-0.205154
21774	9.414379	-2.536870	1.065186	0.339359	-0.529523	-0.094836	-0.214422	-0.009676	0.976693	-0.241998	0.969300	-0.043525	-0.946288	-0.245690	-0.210181
21775	9.784290	-1.895220	0.088460	0.248146	-0.620602	-0.116215	-0.219990	-0.012366	0.975424	-0.244604	0.968674	-0.042886	-0.944337	-0.248027	-0.216123
21776	9.824409	-1.146791	-0.618685	0.117580	-0.681644	-0.153562	-0.226023	-0.015600	0.973997	-0.246022	0.968372	-0.041581	-0.942543	-0.249023	-0.222712
21777	9.949445	-0.869543	-1.197815	0.056990	-0.730026	-0.196929	-0.232396	-0.019358	0.972429	-0.247019	0.968195	-0.039760	-0.940730	-0.249449	-0.229786
21778	10.076957	-0.628651	-1.411915	-0.150483	-0.754779	-0.225870	-0.238913	-0.023477	0.970757	-0.246104	0.968531	-0.037146	-0.939336	-0.247782	-0.237173
21779	10.093909	-1.159236	-1.707834	-0.131294	-0.765736	-0.260553	-0.245444	-0.027924	0.969008	-0.245512	0.968788	-0.034269	-0.937806	-0.246315	-0.244639
21780	10.319346	-0.765926	-1.912441	-0.142305	-0.782976	-0.285899	-0.252060	-0.032654	0.967161	-0.244888	0.969052	-0.031104	-0.936213	-0.244687	-0.252256
21781	10.256727	-0.376965	-2.038630	-0.174168	-0.789056	-0.276403	-0.258750	-0.037288	0.965224	-0.243975	0.969379	-0.027954	-0.934626	-0.242724	-0.259924
21782	10.294680	-0.719830	-2.106158	-0.382466	-0.788629	-0.267610	-0.265445	-0.041826	0.963218	-0.241089	0.970198	-0.024311	-0.933496	-0.238675	-0.267618
21783	10.411459	-0.639985	-1.640775	-0.394808	-0.816965	-0.304714	-0.272321	-0.046748	0.961070	-0.238236	0.970996	-0.020274	-0.932247	-0.234482	-0.275559
21784	10.023046	-0.304117	-0.893611	-0.271248	-0.850639	-0.358657	-0.279370	-0.052259	0.958760	-0.236681	0.971455	-0.016015	-0.930556	-0.231395	-0.283764
21785	10.126428	-0.352298	-0.661437	-0.046029	-0.901187	-0.427515	-0.286716	-0.058525	0.956226	-0.237474	0.971323	-0.011756	-0.928116	-0.230450	-0.292392
21786	10.287560	0.769917	-0.808419	0.119527	-0.968691	-0.482157	-0.294518	-0.065478	0.953400	-0.239985	0.970748	-0.007465	-0.925023	-0.231000	-0.301616
21787	10.600448	0.811452	-1.282287	0.037785	-1.013480	-0.497781	-0.302662	-0.072681	0.950323	-0.241831	0.970314	-0.002810	-0.921907	-0.230668	-0.311254
21788	10.539876	0.438189	-1.625439	-0.031371	-1.041357	-0.516990	-0.310967	-0.080128	0.947037	-0.243131	0.969991	0.002236	-0.918797	-0.229559	-0.321116
21789	10.500090	0.229046	-1.514712	-0.098778	-1.073137	-0.545344	-0.319466	-0.087902	0.943512	-0.243956	0.969755	0.007746	-0.915657	-0.227701	-0.331248
21790	10.229129	-0.317132	-1.187308	-0.115937	-1.113579	-0.568067	-0.328227	-0.095971	0.939711	-0.244734	0.969496	0.013531	-0.912344	-0.225538	-0.341702
21791	9.897373	-0.159060	-0.652707	-0.009025	-1.187815	-0.595583	-0.337562	-0.104447	0.935491	-0.246647	0.968916	0.019179	-0.908415	-0.224262	-0.352830
21792	9.950452	-0.082124	-0.345873	-0.043319	-1.260381	-0.620011	-0.347418	-0.113302	0.930840	-0.248384	0.968335	0.025162	-0.904216	-0.222464	-0.364560
21793	10.091792	-0.745540	-0.315777	-0.045501	-1.337643	-0.644347	-0.357861	-0.122534	0.925700	-0.250259	0.967672	0.031344	-0.899615	-0.220448	-0.376957
21794	10.262040	-0.756765	-0.048663	0.038187	-1.448105	-0.671560	-0.369128	-0.132243	0.919922	-0.253058	0.966727	0.037430	-0.894263	-0.218977	-0.390311
21795	10.445232	-0.834950	0.313176	0.029851	-1.553149	-0.680207	-0.381225	-0.142234	0.913475	-0.255890	0.965723	0.043578	-0.888362	-0.217136	-0.404554
21796	10.538410	-0.672800	0.582929	0.052301	-1.667308	-0.688522	-0.394170	-0.152512	0.906295	-0.259052	0.964586	0.049653	-0.881772	-0.215206	-0.419719
21797	10.329049	0.134215	0.826700	0.127237	-1.815970	-0.699911	-0.408271	-0.163184	0.898157	-0.262992	0.963203	0.055455	-0.874157	-0.213568	-0.436164
21798	11.144103	-1.124371	0.918147	-0.151478	-1.909535	-0.667150	-0.423080	-0.173662	0.889295	-0.264502	0.962384	0.062098	-0.866627	-0.208948	-0.453099
21799	10.714920	-0.398401	0.613771	-0.063272	-2.068413	-0.700102	-0.439039	-0.184705	0.879277	-0.266990	0.961254	0.068612	-0.857881	-0.204635	-0.471343
21800	11.210849	-0.695907	0.582609	-0.136478	-2.174200	-0.713284	-0.455619	-0.195969	0.868336	-0.269087	0.960152	0.075500	-0.848530	-0.199259	-0.490196
21801	11.306174	0.048402	1.251161	-0.257697	-2.331385	-0.721780	-0.473322	-0.207490	0.856104	-0.270282	0.959193	0.083042	-0.838400	-0.192085	-0.510088
21802	11.792187	-0.692339	1.524062	-0.421997	-2.434234	-0.709893	-0.491611	-0.218882	0.842858	-0.270281	0.958447	0.091254	-0.827808	-0.182947	-0.530343
21803	11.957899	-0.780965	1.446352	-0.446570	-2.567243	-0.709848	-0.510781	-0.230283	0.828295	-0.270186	0.957640	0.099629	-0.816151	-0.172905	-0.551363
21804	12.559798	-0.646834	1.091322	-0.333137	-2.680195	-0.695355	-0.530515	-0.241468	0.812556	-0.271230	0.956530	0.107169	-0.803112	-0.163535	-0.572947
21805	12.816849	-0.698968	0.378262	-0.356674	-2.759213	-0.669847	-0.550648	-0.252276	0.795703	-0.272031	0.955432	0.114665	-0.789168	-0.153316	-0.594734
21806	12.816203	-1.285306	-1.232153	-0.186814	-2.771216	-0.653927	-0.570425	-0.262674	0.778214	-0.274383	0.953992	0.120885	-0.774163	-0.144573	-0.616255
21807	12.447141	-1.287458	-3.377022	0.029182	-2.718342	-0.607360	-0.589562	-0.272331	0.760429	-0.278151	0.952317	0.125400	-0.758320	-0.137583	-0.637199
21808	11.695242	-0.944131	-4.945972	0.255961	-2.628738	-0.520963	-0.607706	-0.280882	0.742832	-0.283363	0.950488	0.127584	-0.741889	-0.132957	-0.657209
21809	11.706898	-0.491354	-7.222169	0.600180	-2.464295	-0.388623	-0.624651	-0.287864	0.725910	-0.290182	0.948579	0.126461	-0.724987	-0.131652	-0.676064
21810	10.993125	0.360786	-8.999287	0.578958	-2.201410	-0.261478	-0.639551	-0.293283	0.710605	-0.296184	0.947010	0.124285	-0.709401	-0.130983	-0.692527
21811	10.315228	0.028736	-9.481601	0.390409	-1.902508	-0.179346	-0.652369	-0.297486	0.697077	-0.300109	0.945963	0.122839	-0.695952	-0.129063	-0.706395
21812	9.744453	-0.228853	-8.861576	0.516174	-1.445310	-0.099952	-0.661921	-0.300361	0.686763	-0.304537	0.944942	0.119756	-0.684922	-0.129876	-0.716948
21813	7.729711	-0.589991	-9.491002	0.931657	-0.991379	-0.052747	-0.668486	-0.302206	0.679557	-0.311249	0.943536	0.113422	-0.675463	-0.135690	-0.724802
21814	4.939908	1.186091	-11.588782	1.204441	-0.952086	-0.006764	-0.674719	-0.303669	0.672710	-0.319587	0.941768	0.104584	-0.665295	-0.144425	-0.732478
21815	5.982241	2.308789	-10.677692	0.473617	-0.926342	0.018185	-0.680888	-0.304874	0.665915	-0.322621	0.941124	0.100998	-0.657500	-0.146070	-0.739160
21816	7.150397	2.290172	-7.924163	-0.165402	-0.497163	-0.039889	-0.683901	-0.306036	0.662285	-0.322013	0.941182	0.102388	-0.654665	-0.143241	-0.742223
21817	6.674674	1.142862	-6.607566	-0.411778	0.149679	-0.073001	-0.682669	-0.306541	0.663321	-0.319836	0.941531	0.105946	-0.657014	-0.139828	-0.740797
21818	6.145437	0.616722	-6.454006	-0.467098	0.706892	-0.071998	-0.677654	-0.306303	0.668553	-0.317441	0.941903	0.109778	-0.663337	-0.137835	-0.735517
21819	5.123877	0.280939	-6.489220	-0.279873	1.151634	-0.012545	-0.669910	-0.304859	0.676966	-0.315681	0.942241	0.111930	-0.671987	-0.138722	-0.727454
21820	4.444289	1.117218	-6.411002	-0.292270	1.447031	0.076779	-0.660232	-0.302173	0.687594	-0.313390	0.942827	0.113420	-0.682555	-0.140601	-0.717182
21821	4.634218	0.435401	-6.579818	-0.290389	1.813428	0.133636	-0.648139	-0.298368	0.700637	-0.310539	0.943630	0.114577	-0.695329	-0.143313	-0.704258
21822	4.692803	0.954287	-6.979320	0.066710	2.153259	0.145952	-0.633356	-0.293877	0.715889	-0.310266	0.943912	0.112985	-0.708939	-0.150557	-0.689012
21823	5.095101	2.523468	-6.866342	-0.043830	2.422578	0.172616	-0.616514	-0.288549	0.732564	-0.308897	0.944472	0.112054	-0.724219	-0.157204	-0.671411
21824	5.121466	3.431233	-6.429373	-0.320904	2.709581	0.225843	-0.597235	-0.282125	0.750810	-0.305356	0.945579	0.112415	-0.741666	-0.162127	-0.650881
21825	4.869163	3.600294	-6.562619	-0.322787	3.003414	0.316074	-0.575620	-0.274215	0.770368	-0.301101	0.946981	0.112097	-0.760263	-0.167433	-0.627668
21826	4.489163	4.485578	-6.468161	-0.323308	3.230268	0.444500	-0.551974	-0.264523	0.790792	-0.296264	0.948687	0.110547	-0.779457	-0.173265	-0.602019
21827	4.352473	5.096462	-6.442874	-0.487180	3.411796	0.633189	-0.526876	-0.252554	0.811553	-0.289023	0.951169	0.108363	-0.799292	-0.177464	-0.574142
21828	4.420519	5.178568	-6.171468	-0.821093	3.547786	0.824514	-0.500397	-0.238397	0.832328	-0.278264	0.954623	0.106132	-0.819861	-0.178499	-0.544028
21829	4.699434	3.317689	-6.552219	-0.942944	3.744214	1.038791	-0.472115	-0.221812	0.853175	-0.265402	0.958687	0.102380	-0.840636	-0.178099	-0.511480
21830	4.921778	2.176370	-7.107358	-0.522762	3.930680	1.188783	-0.441704	-0.203336	0.873815	-0.255618	0.962131	0.094675	-0.859975	-0.181544	-0.476953
21831	5.334807	2.338157	-7.540471	-0.221437	4.086509	1.300285	-0.409449	-0.183297	0.893730	-0.248176	0.965046	0.084225	-0.877930	-0.187317	-0.440627
21832	5.606497	1.978305	-8.120739	-0.053789	4.263192	1.376164	-0.374958	-0.161873	0.912800	-0.242375	0.967506	0.072013	-0.894797	-0.194238	-0.402008
21833	5.899811	0.687693	-7.860520	0.178569	4.447886	1.386932	-0.338131	-0.139642	0.930681	-0.239057	0.969237	0.058573	-0.910230	-0.202680	-0.361112
21834	6.402524	-0.868249	-7.967959	0.787078	4.599453	1.271417	-0.298960	-0.117690	0.946980	-0.242280	0.969210	0.043965	-0.922997	-0.216291	-0.318269
21835	6.896292	-1.061608	-7.596015	1.393990	4.678481	1.042591	-0.258107	-0.097068	0.961228	-0.252325	0.967180	0.029916	-0.932584	-0.234820	-0.274129
21836	8.441588	0.501076	-8.329032	1.834388	4.692308	0.807278	-0.216230	-0.077745	0.973242	-0.267635	0.963362	0.017494	-0.938944	-0.256691	-0.229115
21837	8.811278	4.259602	-7.436883	1.457733	4.608230	0.588493	-0.174432	-0.059887	0.982846	-0.280222	0.959895	0.008755	-0.943954	-0.273888	-0.184218
21838	8.353253	3.106503	-5.473422	0.493560	4.452584	0.403279	-0.133358	-0.043681	0.990105	-0.284301	0.958727	0.004004	-0.949415	-0.280953	-0.140272
21839	8.449385	0.295191	-4.416251	0.792007	4.172771	0.234054	-0.094340	-0.029553	0.995101	-0.291572	0.956549	0.000766	-0.951885	-0.290072	-0.098857
21840	7.533413	1.947141	-3.869064	1.094087	3.815776	0.072937	-0.058189	-0.017600	0.998150	-0.301935	0.953328	-0.000792	-0.951551	-0.301422	-0.060787
21841	7.277113	2.165044	-3.040359	0.768886	3.343075	0.032146	-0.026470	-0.007115	0.999624	-0.309240	0.950983	-0.001420	-0.950616	-0.309161	-0.027373
21842	7.385531	2.173427	-1.628263	0.814726	2.800664	0.060039	-0.000016	0.002179	0.999998	-0.316948	0.948440	-0.002071	-0.948443	-0.316948	0.000675
21843	8.840606	2.424532	-0.551633	0.589842	2.136070	0.054632	0.020065	0.009497	0.999754	-0.322546	0.946550	-0.002518	-0.946341	-0.322416	0.022056
21844	4.776278	-0.536123	-1.150780	0.824813	1.232827	0.045254	0.031607	0.013885	0.999404	-0.330313	0.943868	-0.002667	-0.943342	-0.330032	0.034419
21845	4.430143	0.832118	-2.360483	0.214756	0.089151	-0.029949	0.032566	0.013869	0.999373	-0.332332	0.943160	-0.002260	-0.942600	-0.332050	0.035324
21846	5.089188	0.108916	-4.365392	0.352782	-0.735401	-0.126525	0.026104	0.010154	0.999608	-0.335579	0.942012	-0.000806	-0.941650	-0.335427	0.027998
21847	6.122579	0.636307	-5.064746	0.007241	-1.360222	-0.117477	0.013707	0.004456	0.999896	-0.335627	0.941995	0.000403	-0.941895	-0.335598	0.014407
21848	12.901082	1.015601	-2.377070	-0.913990	-1.616074	-0.044831	-0.001356	-0.001398	0.999998	-0.326945	0.945043	0.000878	-0.945042	-0.326944	-0.001739
21849	20.345544	-2.819149	0.202306	-1.880179	-1.530378	0.005995	-0.015865	-0.006237	0.999855	-0.309125	0.951021	0.001027	-0.950889	-0.309063	-0.017016
21850	16.358909	-7.153726	-0.956429	1.107336	-1.014258	-0.118011	-0.025084	-0.010615	0.999629	-0.319600	0.947550	0.002042	-0.947221	-0.319430	-0.027160
21851	11.448347	3.014255	-3.207169	2.455682	-1.483086	-0.127308	-0.038628	-0.016752	0.999113	-0.342802	0.939404	0.002498	-0.938613	-0.342401	-0.042030
21852	10.757016	4.614343	-4.210493	0.972985	-1.703331	0.003856	-0.054567	-0.022684	0.998252	-0.351873	0.936046	0.002037	-0.934456	-0.351147	-0.059059
21853	9.059506	4.632831	-6.476489	1.228351	-1.506293	0.026862	-0.068679	-0.027834	0.997250	-0.363308	0.931668	0.000983	-0.929134	-0.362242	-0.074098
21854	9.238341	6.621650	-7.066553	0.314578	-1.348264	0.120431	-0.081612	-0.031702	0.996160	-0.366059	0.930592	-0.000375	-0.927006	-0.364684	-0.087553
21855	9.409827	4.605147	-6.691331	-0.422270	-1.185541	0.241094	-0.093463	-0.033782	0.995049	-0.361939	0.932199	-0.002348	-0.927505	-0.360366	-0.099353
21856	10.084770	2.825436	-5.292242	-0.574906	-1.026512	0.295099	-0.104024	-0.034820	0.993965	-0.356171	0.934410	-0.004542	-0.928612	-0.354494	-0.109602
21857	10.425328	2.313510	-3.852310	-0.781556	-0.898399	0.292037	-0.113384	-0.035265	0.992925	-0.348596	0.937250	-0.006519	-0.930390	-0.346869	-0.118562
21858	10.547422	-0.042420	-3.208632	-1.037321	-0.781659	0.301607	-0.121686	-0.035248	0.991943	-0.338420	0.940961	-0.008079	-0.933094	-0.336676	-0.126430
21859	9.707289	-1.849540	-2.874916	-0.587739	-0.672011	0.296233	-0.128935	-0.034729	0.991045	-0.332568	0.943024	-0.010221	-0.934224	-0.330908	-0.133138
21860	9.610998	-2.329882	-2.962582	-0.319402	-0.609861	0.266685	-0.135512	-0.034352	0.990180	-0.329092	0.944218	-0.012280	-0.934524	-0.327524	-0.139258
21861	10.045007	-2.281092	-3.330624	-0.234845	-0.546231	0.240719	-0.141387	-0.033890	0.989374	-0.326572	0.945064	-0.014297	-0.934538	-0.325123	-0.144687
21862	9.908164	-1.776838	-3.711965	-0.078433	-0.460345	0.230937	-0.146432	-0.033325	0.988659	-0.325365	0.945448	-0.016322	-0.934182	-0.324065	-0.149286
21863	9.977755	-1.473521	-4.003011	-0.082207	-0.407659	0.197833	-0.150863	-0.032802	0.988010	-0.324311	0.945777	-0.018120	-0.933843	-0.323156	-0.153321
21864	9.953924	-0.965479	-3.885187	-0.078654	-0.335831	0.180511	-0.154576	-0.032297	0.987453	-0.323165	0.946139	-0.019643	-0.933633	-0.322146	-0.156687
21865	9.846444	-1.353714	-3.649427	0.001835	-0.251817	0.163809	-0.157437	-0.031587	0.987024	-0.322934	0.946183	-0.021230	-0.933235	-0.322086	-0.159165
21866	9.767654	-0.972681	-3.037986	0.181834	-0.188284	0.151523	-0.159679	-0.030882	0.986686	-0.324257	0.945693	-0.022876	-0.932395	-0.323592	-0.161021
21867	9.895880	-0.959796	-2.662353	0.333861	-0.132632	0.141478	-0.161356	-0.030006	0.986440	-0.327148	0.944648	-0.024779	-0.931095	-0.326710	-0.162241
21868	9.795421	-0.579281	-2.551857	0.477849	-0.101743	0.133677	-0.162737	-0.029194	0.986237	-0.331242	0.943167	-0.026738	-0.929406	-0.331035	-0.163159
21869	9.804397	0.102442	-2.238447	0.377958	-0.112012	0.132354	-0.164199	-0.028349	0.986020	-0.334544	0.941945	-0.028629	-0.927965	-0.334567	-0.164150
21870	9.581229	0.679112	-1.794980	0.152111	-0.134093	0.129841	-0.165875	-0.027692	0.985758	-0.335610	0.941523	-0.030024	-0.927282	-0.335810	-0.165469
21871	9.659380	0.619431	-1.291138	-0.150355	-0.154729	0.138736	-0.167755	-0.026933	0.985461	-0.333992	0.942063	-0.031108	-0.927528	-0.334354	-0.167031
21872	9.586700	-0.106135	-0.734242	-0.307423	-0.172396	0.139983	-0.169817	-0.026306	0.985124	-0.330771	0.943174	-0.031833	-0.928306	-0.331257	-0.168868
21873	9.573677	-0.856713	-0.448609	-0.331557	-0.200462	0.120558	-0.172056	-0.025859	0.984748	-0.327494	0.944297	-0.032424	-0.929056	-0.328077	-0.170941
21874	9.456546	-1.370900	-0.571856	-0.206405	-0.217137	0.099992	-0.174395	-0.025736	0.984339	-0.325275	0.945046	-0.032920	-0.929399	-0.325922	-0.173183
21875	9.414378	-1.410473	-0.759607	-0.103250	-0.260829	0.067803	-0.177021	-0.025974	0.983864	-0.324204	0.945398	-0.033374	-0.929277	-0.324881	-0.175776
21876	9.438759	-1.209227	-0.885792	-0.046175	-0.295653	0.049284	-0.179921	-0.026573	0.983322	-0.323571	0.945605	-0.033651	-0.928940	-0.324229	-0.178732
21877	9.586438	-1.128503	-1.024597	-0.071787	-0.317397	0.028512	-0.182942	-0.027361	0.982743	-0.322861	0.945844	-0.033769	-0.928597	-0.323467	-0.181869
21878	9.717520	-1.139390	-1.454131	-0.010462	-0.320246	0.014952	-0.185956	-0.028355	0.982149	-0.322622	0.945925	-0.033775	-0.928082	-0.323143	-0.185048
21879	9.766249	-0.498779	-2.010909	0.045022	-0.317511	0.013255	-0.188925	-0.029286	0.981555	-0.323022	0.945782	-0.033955	-0.927342	-0.323479	-0.188142
21880	9.724721	-0.094825	-2.658730	0.087070	-0.290004	0.009788	-0.191638	-0.030229	0.981000	-0.323705	0.945543	-0.034099	-0.926547	-0.324089	-0.190987
21881	9.705604	-0.030560	-3.106660	0.049034	-0.252746	0.009298	-0.193990	-0.030991	0.980514	-0.324149	0.945386	-0.034251	-0.925902	-0.324477	-0.193441
21882	9.819422	-0.011328	-3.602805	0.074432	-0.208191	0.004862	-0.195926	-0.031721	0.980105	-0.324715	0.945189	-0.034321	-0.925296	-0.324980	-0.195488
21883	9.853354	0.260003	-3.911437	0.053919	-0.164700	-0.001186	-0.197427	-0.032298	0.979785	-0.325224	0.945012	-0.034382	-0.924798	-0.325438	-0.197075
21884	10.176442	0.622279	-3.649275	-0.042612	-0.125523	0.000381	-0.198586	-0.032806	0.979534	-0.324714	0.945195	-0.034175	-0.924729	-0.324855	-0.198355
21885	10.083670	1.270747	-2.738779	-0.190127	-0.101330	0.003938	-0.199518	-0.033127	0.979334	-0.322955	0.945810	-0.033802	-0.925145	-0.323025	-0.199404
21886	10.050720	1.725737	-1.379799	-0.447657	-0.106398	0.030668	-0.200598	-0.033287	0.979108	-0.318624	0.947304	-0.033074	-0.926412	-0.318602	-0.200634
21887	9.524512	1.157240	0.078939	-0.715314	-0.142916	0.047233	-0.202054	-0.033319	0.978807	-0.311903	0.949573	-0.032062	-0.928381	-0.311771	-0.202258
21888	8.903661	-0.508537	1.084581	-0.781234	-0.215081	0.036859	-0.204162	-0.033737	0.978356	-0.304440	0.952037	-0.030701	-0.930395	-0.304118	-0.204641
21889	8.848391	-2.046081	1.486247	-0.549142	-0.318327	0.005292	-0.207124	-0.034677	0.977700	-0.299325	0.953693	-0.029586	-0.931399	-0.298778	-0.207912
21890	9.210064	-2.697977	1.281866	-0.189540	-0.424569	-0.027437	-0.210987	-0.036307	0.976814	-0.297490	0.954291	-0.028787	-0.931120	-0.296666	-0.212144
