// General information: 
//  MT Manager version: 2022.2.0 
//  XDA version: 2022.2.0 build 7381 rev 124627 built on 2023-07-19
// Device information: 
//  DeviceId: 00B4CB9F
//  ProductCode: MTW2-3A7G6
//  Firmware Version: 4.6.0
//  Hardware Version: 2.0.0
// Device settings: 
//  Filter Profile: human(46.1)
//  Option Flags: Orientation Smoother Disabled, Position/Velocity Smoother Disabled, Continuous Zero Rotation Update Disabled, AHS Disabled, ICC Disabled
// Coordinate system: ENU
PacketCounter	Acc_X	Acc_Y	Acc_Z	Gyr_X	Gyr_Y	Gyr_Z	Mat[1][1]	Mat[2][1]	Mat[3][1]	Mat[1][2]	Mat[2][2]	Mat[3][2]	Mat[1][3]	Mat[2][3]	Mat[3][3]
35760	9.748936	-0.117046	1.114630	-0.037296	0.015974	-0.010550	0.086302	0.064609	0.994172	-0.546898	0.837171	-0.006931	-0.832739	-0.543112	0.107584
35761	9.627623	-0.080354	1.050729	-0.040423	0.021108	-0.016104	0.086455	0.064600	0.994159	-0.546752	0.837266	-0.006858	-0.832819	-0.542966	0.107707
35762	9.554841	0.214244	1.382882	-0.038933	0.021232	-0.020138	0.086684	0.064552	0.994142	-0.546434	0.837475	-0.006734	-0.833004	-0.542649	0.107869
35763	9.531843	0.564385	2.090002	-0.089219	0.053639	-0.027531	0.087215	0.064661	0.994089	-0.545649	0.837988	-0.006636	-0.833463	-0.541845	0.108368
35764	9.675357	0.213448	2.100431	-0.157552	0.071492	-0.028243	0.087907	0.064817	0.994018	-0.544334	0.838843	-0.006560	-0.834250	-0.540501	0.109022
35765	9.845839	-0.394773	1.694849	-0.156361	0.075440	-0.014493	0.088582	0.065161	0.993935	-0.543183	0.839588	-0.006632	-0.834928	-0.539301	0.109766
35766	9.783584	-0.598931	1.312501	-0.055965	0.057433	-0.010509	0.089060	0.065388	0.993878	-0.542730	0.839881	-0.006623	-0.835172	-0.538817	0.110288
35767	9.880566	-0.289714	1.543429	0.023416	0.071831	0.002664	0.089567	0.065834	0.993803	-0.543145	0.839612	-0.006669	-0.834848	-0.539182	0.110959
35768	9.613283	-0.455808	0.952286	0.092720	0.035664	0.000634	0.089802	0.066038	0.993768	-0.543943	0.839096	-0.006606	-0.834303	-0.539960	0.111273
35769	9.737368	-0.310791	0.697201	0.156998	0.007788	-0.003763	0.089893	0.066139	0.993753	-0.545320	0.838203	-0.006458	-0.833394	-0.541333	0.111415
35770	9.694378	-0.192452	0.685760	0.118866	-0.013135	-0.019792	0.089833	0.065907	0.993774	-0.546316	0.837557	-0.006162	-0.832748	-0.542361	0.111247
35771	9.838405	-0.198766	0.622425	0.064618	-0.045671	-0.027417	0.089536	0.065482	0.993829	-0.546874	0.837194	-0.005892	-0.832413	-0.542972	0.110770
35772	9.838920	-0.053801	0.801371	-0.005579	-0.074009	-0.033829	0.089047	0.064803	0.993917	-0.546821	0.837231	-0.005596	-0.832500	-0.542997	0.109988
35773	9.776854	-0.011082	1.011241	-0.114197	-0.091829	-0.041147	0.088412	0.063990	0.994026	-0.545927	0.837815	-0.005377	-0.833155	-0.542191	0.109007
35774	9.758877	-0.205940	1.201735	-0.186067	-0.091268	-0.050349	0.087867	0.063080	0.994133	-0.544355	0.838839	-0.005113	-0.834240	-0.540712	0.108044
35775	9.720199	-0.398841	1.341482	-0.225603	-0.086511	-0.054782	0.087351	0.062187	0.994235	-0.542499	0.840042	-0.004880	-0.835503	-0.538945	0.107115
35776	9.722762	-0.637798	1.544660	-0.230306	-0.069973	-0.059359	0.087028	0.061318	0.994317	-0.540545	0.841303	-0.004570	-0.836802	-0.537075	0.106362
35777	9.659961	-0.777407	1.532207	-0.170531	-0.064955	-0.062569	0.086822	0.060519	0.994384	-0.539335	0.842081	-0.004159	-0.837604	-0.535945	0.105751
35778	9.554508	-0.649060	1.637258	-0.077763	-0.060608	-0.069353	0.086629	0.059616	0.994455	-0.538647	0.842524	-0.003585	-0.838066	-0.535350	0.105099
35779	9.472572	-0.451412	1.654369	-0.006543	-0.054386	-0.075654	0.086496	0.058736	0.994519	-0.538674	0.842509	-0.002908	-0.838063	-0.535470	0.104513
35780	9.599908	-0.317781	1.317391	0.050138	-0.055765	-0.081309	0.086408	0.057759	0.994584	-0.539048	0.842273	-0.002082	-0.837831	-0.535948	0.103914
35781	10.083273	0.030795	1.699445	0.019288	0.017179	-0.091614	0.086953	0.057123	0.994573	-0.539179	0.842190	-0.001232	-0.837691	-0.536146	0.104030
35782	9.903701	0.273045	1.736574	-0.079903	0.127610	-0.099913	0.088502	0.056972	0.994445	-0.538446	0.842660	-0.000356	-0.838000	-0.535424	0.105253
35783	9.448840	-0.420899	0.580234	-0.053065	0.068452	-0.088133	0.089485	0.056653	0.994376	-0.538071	0.842900	0.000399	-0.838136	-0.535080	0.105910
35784	9.836767	-0.577923	-0.100584	0.006089	0.019425	-0.085581	0.090050	0.056042	0.994359	-0.538069	0.842900	0.001222	-0.838077	-0.535144	0.106057
35785	9.616530	-0.151468	0.053254	0.016658	-0.002646	-0.088551	0.090429	0.055339	0.994364	-0.538168	0.842835	0.002035	-0.837972	-0.535319	0.105998
35786	9.589831	-0.309658	-0.090409	-0.016144	-0.063374	-0.090476	0.090326	0.054244	0.994434	-0.537976	0.842956	0.002884	-0.838107	-0.535242	0.105323
35787	9.716862	-0.187083	0.174657	0.010358	-0.105383	-0.087595	0.089814	0.052986	0.994548	-0.537851	0.843032	0.003657	-0.838242	-0.535247	0.104214
35788	9.760275	0.306358	0.683522	-0.052704	-0.118053	-0.099352	0.089299	0.051523	0.994671	-0.537344	0.843351	0.004556	-0.838622	-0.534888	0.102997
35789	9.720772	0.157748	1.049984	-0.169606	-0.105548	-0.106704	0.088915	0.050111	0.994778	-0.535970	0.844220	0.005379	-0.839542	-0.533649	0.101922
35790	9.926615	-0.211904	1.419147	-0.241337	-0.081428	-0.111339	0.088768	0.048744	0.994859	-0.533868	0.845545	0.006207	-0.840896	-0.531674	0.101080
35791	10.018053	-0.741687	1.913296	-0.267658	-0.033237	-0.111508	0.089044	0.047691	0.994885	-0.531656	0.846932	0.006985	-0.842267	-0.529559	0.100769
35792	9.922836	-1.705278	2.392362	-0.293294	0.032213	-0.089751	0.089733	0.047108	0.994851	-0.529128	0.848508	0.007548	-0.843784	-0.527081	0.101065
35793	9.280094	-2.828728	2.075014	-0.049583	0.058959	-0.039335	0.090446	0.047187	0.994783	-0.528743	0.848746	0.007814	-0.843949	-0.526692	0.101716
35794	9.545710	-1.566923	1.250573	0.585907	0.014313	-0.016287	0.090595	0.047132	0.994772	-0.533689	0.845638	0.008537	-0.840814	-0.531672	0.101764
35795	9.678647	0.686744	0.958134	0.711469	0.015941	-0.023445	0.090792	0.047096	0.994756	-0.539782	0.841752	0.009414	-0.836894	-0.537806	0.101846
35796	9.692511	1.335957	0.729766	0.530029	0.006481	-0.040286	0.091006	0.046799	0.994750	-0.544198	0.838893	0.010320	-0.834006	-0.542280	0.101813
35797	9.655144	1.849477	0.593028	0.443252	-0.030669	-0.063370	0.091065	0.046192	0.994773	-0.547902	0.836466	0.011316	-0.831571	-0.546068	0.101481
35798	9.707786	1.921670	0.432049	0.161978	-0.049355	-0.093898	0.091111	0.045144	0.994817	-0.549187	0.835608	0.012379	-0.830718	-0.547469	0.100926
35799	9.651171	1.646425	0.318940	-0.025949	-0.063754	-0.116600	0.091209	0.043908	0.994863	-0.548898	0.835781	0.013436	-0.830898	-0.547304	0.100332
35800	9.394051	1.578837	0.636183	-0.221142	-0.061174	-0.138894	0.091403	0.042419	0.994910	-0.546957	0.837034	0.014562	-0.832156	-0.545504	0.099709
35801	9.512236	1.077703	0.882546	-0.349314	-0.076146	-0.150735	0.091577	0.040804	0.994962	-0.544266	0.838766	0.015697	-0.833899	-0.542962	0.099020
35802	9.731658	0.443910	1.184648	-0.461751	-0.063488	-0.151230	0.091809	0.039197	0.995005	-0.540296	0.841309	0.016711	-0.836451	-0.539132	0.098418
35803	9.803890	-0.116509	1.324208	-0.475814	-0.059041	-0.145202	0.092002	0.037692	0.995045	-0.536231	0.843887	0.017614	-0.839042	-0.535195	0.097851
35804	9.854847	-0.415248	1.434783	-0.405466	-0.063431	-0.135898	0.092137	0.036213	0.995088	-0.532725	0.846086	0.018535	-0.841258	-0.531816	0.097248
35805	9.885279	-0.539153	1.312124	-0.285506	-0.054699	-0.128885	0.092306	0.034896	0.995119	-0.530127	0.847695	0.019448	-0.842879	-0.529335	0.096746
35806	9.778352	-0.414265	1.012754	-0.167449	-0.068864	-0.131755	0.092364	0.033422	0.995164	-0.528619	0.848610	0.020562	-0.843819	-0.527962	0.096049
35807	9.867338	-0.028320	0.880733	-0.058841	-0.081189	-0.143355	0.092404	0.031853	0.995212	-0.527917	0.849015	0.021842	-0.844254	-0.527408	0.095268
35808	9.719696	0.242460	0.748870	-0.043665	-0.098580	-0.148915	0.092299	0.030077	0.995277	-0.527436	0.849277	0.023248	-0.844566	-0.527091	0.094251
35809	9.828930	0.516099	0.765864	-0.059334	-0.104438	-0.151236	0.092203	0.028320	0.995337	-0.526881	0.849582	0.024635	-0.844923	-0.526696	0.093255
35810	9.919509	0.571849	0.743011	-0.161783	-0.093364	-0.153388	0.092163	0.026533	0.995390	-0.525397	0.850460	0.025976	-0.845851	-0.525369	0.092321
35811	9.931949	0.326482	0.594865	-0.251137	-0.082607	-0.152571	0.092208	0.024860	0.995429	-0.523105	0.851834	0.027182	-0.847265	-0.523221	0.091550
35812	9.901253	-0.063852	0.408578	-0.302817	-0.087218	-0.155099	0.092219	0.023091	0.995471	-0.520420	0.853438	0.028415	-0.848916	-0.520683	0.090721
35813	9.892640	-0.444749	0.211547	-0.302094	-0.074150	-0.158281	0.092380	0.021414	0.995494	-0.517873	0.854943	0.029667	-0.850455	-0.518280	0.090069
35814	9.656165	-0.794468	0.032699	-0.236886	-0.087657	-0.156811	0.092386	0.019628	0.995530	-0.515737	0.856186	0.030980	-0.851751	-0.516294	0.089223
35815	9.833583	-0.603540	0.338575	-0.122409	-0.102207	-0.155238	0.092266	0.017830	0.995575	-0.514678	0.856773	0.032354	-0.852405	-0.515386	0.088228
35816	9.775883	-0.431366	0.604742	-0.027887	-0.106719	-0.151284	0.092077	0.015994	0.995623	-0.514327	0.856928	0.033800	-0.852637	-0.515188	0.087129
35817	9.894007	-0.284386	0.862784	0.018068	-0.098715	-0.144178	0.091902	0.014315	0.995665	-0.514208	0.856945	0.035142	-0.852727	-0.515209	0.086116
35818	9.925534	-0.019275	1.096625	0.049674	-0.084338	-0.138813	0.091839	0.012700	0.995693	-0.514530	0.856694	0.036531	-0.852540	-0.515669	0.085213
35819	9.791359	0.120475	1.290787	0.056900	-0.058732	-0.133865	0.091952	0.011306	0.995699	-0.514957	0.856381	0.037832	-0.852270	-0.516221	0.084568
35820	9.811587	0.227549	1.487163	0.065468	-0.035086	-0.136287	0.092297	0.009967	0.995682	-0.515415	0.856043	0.039208	-0.851956	-0.516808	0.084147
35821	9.733809	0.126818	1.525031	0.045594	-0.008652	-0.135521	0.092897	0.008839	0.995636	-0.515776	0.855765	0.040527	-0.851672	-0.517290	0.084057
35822	9.702708	0.102753	1.548389	0.058021	0.002572	-0.138517	0.093576	0.007677	0.995583	-0.516166	0.855462	0.041919	-0.851361	-0.517809	0.084013
35823	9.608926	0.018796	1.369574	0.076373	0.014871	-0.136550	0.094319	0.006643	0.995520	-0.516743	0.855048	0.043252	-0.850929	-0.518507	0.084080
35824	9.610378	0.042312	0.985596	0.129862	-0.006299	-0.134593	0.094904	0.005470	0.995471	-0.517746	0.854368	0.044665	-0.850254	-0.519640	0.083915
35825	9.535710	0.313914	0.923833	0.175143	-0.034253	-0.142503	0.095305	0.004152	0.995439	-0.519162	0.853429	0.046146	-0.849345	-0.521193	0.083492
35826	9.495523	0.511884	0.935328	0.156663	-0.049068	-0.150104	0.095611	0.002625	0.995415	-0.520375	0.852603	0.047734	-0.848568	-0.522553	0.082884
35827	9.450123	0.532702	0.829474	0.119570	-0.074671	-0.153466	0.095766	0.001014	0.995403	-0.521351	0.851917	0.049291	-0.847952	-0.523675	0.082114
35828	9.577358	0.553528	0.594850	0.083144	-0.095117	-0.158250	0.095728	-0.000823	0.995407	-0.521930	0.851468	0.050897	-0.847599	-0.524406	0.081080
35829	9.641124	0.916655	0.476532	0.052080	-0.098798	-0.165031	0.095679	-0.002683	0.995409	-0.522297	0.851146	0.052498	-0.847379	-0.524921	0.080036
35830	9.526546	1.792003	0.377977	-0.005797	-0.124389	-0.189337	0.095556	-0.004938	0.995412	-0.522092	0.851156	0.054341	-0.847519	-0.524890	0.078755
35831	9.876408	1.720964	0.696713	-0.341300	-0.104659	-0.195037	0.095654	-0.007076	0.995389	-0.519031	0.852923	0.055941	-0.849387	-0.521989	0.077913
35832	9.819015	-0.035862	0.604763	-0.511248	-0.073887	-0.183248	0.095915	-0.009016	0.995349	-0.514532	0.855553	0.057331	-0.852090	-0.517638	0.077421
35833	10.113949	-1.135592	0.436768	-0.428640	-0.042572	-0.128466	0.096098	-0.010275	0.995319	-0.510621	0.857837	0.058156	-0.854418	-0.513820	0.077189
35834	9.872005	-1.890492	0.425720	-0.244452	-0.013198	-0.090855	0.096390	-0.011112	0.995282	-0.508470	0.859067	0.058835	-0.855668	-0.511742	0.077155
35835	9.750695	-1.594257	0.364316	0.134811	-0.021806	-0.064928	0.096483	-0.011710	0.995266	-0.509711	0.858285	0.059511	-0.854919	-0.513040	0.076841
35836	9.766465	-0.229646	0.701247	0.358242	-0.006403	-0.056491	0.096660	-0.012217	0.995243	-0.512742	0.856422	0.060311	-0.853084	-0.516132	0.076517
35837	9.659435	1.104927	1.049934	0.373326	0.011337	-0.075254	0.097013	-0.012733	0.995202	-0.515651	0.854610	0.061200	-0.851289	-0.519114	0.076343
35838	9.708625	1.897190	1.280208	0.242657	0.035884	-0.094613	0.097749	-0.013344	0.995122	-0.517649	0.853322	0.062290	-0.849991	-0.521213	0.076504
35839	9.579212	2.291004	1.044182	0.077830	0.039134	-0.118924	0.098627	-0.014084	0.995025	-0.518176	0.852918	0.063435	-0.849568	-0.521854	0.076823
35840	9.497028	2.244617	1.203119	-0.181927	0.038471	-0.154109	0.099693	-0.015189	0.994902	-0.516503	0.853831	0.064791	-0.850462	-0.520329	0.077276
35841	9.398481	1.184193	1.168250	-0.365314	0.030281	-0.163426	0.100721	-0.016362	0.994780	-0.513186	0.855733	0.066035	-0.852347	-0.517158	0.077794
35842	9.759740	0.618158	1.157731	-0.338216	0.014817	-0.161355	0.101616	-0.017657	0.994667	-0.510164	0.857437	0.067339	-0.854054	-0.514286	0.078121
35843	9.798618	0.765005	1.257554	-0.280238	0.001016	-0.158588	0.102361	-0.018950	0.994567	-0.507571	0.858874	0.068604	-0.855508	-0.511836	0.078297
35844	9.826576	0.855037	1.274215	-0.277887	-0.010176	-0.159170	0.103022	-0.020359	0.994471	-0.505055	0.860250	0.069932	-0.856917	-0.509467	0.078343
35845	9.755630	0.921839	0.972792	-0.262223	-0.027149	-0.169943	0.103578	-0.021894	0.994380	-0.502638	0.861549	0.071326	-0.858270	-0.507201	0.078233
35846	9.646843	1.096330	0.825073	-0.272767	-0.070013	-0.176389	0.103803	-0.023758	0.994314	-0.500139	0.862877	0.072830	-0.859701	-0.504855	0.077687
35847	9.704291	1.402919	0.932044	-0.299985	-0.085198	-0.166747	0.103840	-0.025566	0.994265	-0.497319	0.864392	0.074166	-0.861331	-0.502168	0.077044
35848	9.671778	1.737009	1.132400	-0.359492	-0.085543	-0.153000	0.103804	-0.027306	0.994223	-0.494087	0.866139	0.075374	-0.863194	-0.499056	0.076417
35849	9.816621	1.554572	1.061679	-0.422522	-0.085495	-0.140442	0.103730	-0.028889	0.994186	-0.490191	0.868262	0.076375	-0.865421	-0.495263	0.075904
35850	9.905925	1.351476	1.038764	-0.426300	-0.083707	-0.135082	0.103607	-0.030464	0.994152	-0.486384	0.870314	0.077358	-0.867581	-0.491554	0.075354
35851	9.810642	1.069533	0.768312	-0.376915	-0.085753	-0.130566	0.103443	-0.031963	0.994122	-0.482851	0.872196	0.078286	-0.869571	-0.488111	0.074790
35852	9.773324	0.590433	0.608767	-0.311467	-0.110220	-0.124584	0.103026	-0.033574	0.994112	-0.480038	0.873660	0.079255	-0.871177	-0.485377	0.073893
35853	9.718732	0.196636	0.362176	-0.159331	-0.132331	-0.092159	0.102245	-0.034963	0.994145	-0.478437	0.874474	0.079960	-0.872149	-0.483811	0.072683
35854	9.689385	0.236241	0.316347	0.022651	-0.160600	-0.048579	0.101019	-0.036152	0.994227	-0.478612	0.874336	0.080422	-0.872196	-0.483973	0.071022
35855	9.602989	0.912602	0.442601	0.123803	-0.181933	-0.005784	0.099395	-0.037029	0.994359	-0.479650	0.873761	0.080483	-0.871812	-0.484944	0.069087
35856	9.534048	1.440959	0.644006	0.136942	-0.182210	0.020018	0.097654	-0.037725	0.994505	-0.480890	0.873093	0.080340	-0.871326	-0.486093	0.067119
35857	9.529273	1.888706	0.965921	0.082337	-0.187596	0.027482	0.095826	-0.038343	0.994659	-0.481461	0.872806	0.080031	-0.871213	-0.486559	0.065177
35858	9.594331	1.844779	1.108125	-0.032253	-0.195961	0.022475	0.093953	-0.039087	0.994809	-0.481227	0.872961	0.079748	-0.871546	-0.486222	0.063208
35859	9.657520	1.701237	1.074534	-0.114033	-0.196765	0.012555	0.092064	-0.039873	0.994954	-0.480143	0.873586	0.079437	-0.872345	-0.485034	0.061281
35860	9.687418	1.529394	0.872503	-0.174992	-0.201651	0.006051	0.090217	-0.040783	0.995087	-0.478647	0.874425	0.079233	-0.873360	-0.483444	0.059368
35861	9.565265	1.370852	0.866354	-0.200721	-0.225483	0.009041	0.088127	-0.041736	0.995235	-0.476750	0.875488	0.078930	-0.874610	-0.481434	0.057256
35862	9.566107	1.213588	1.066737	-0.214274	-0.239947	0.015900	0.085894	-0.042736	0.995387	-0.474914	0.876514	0.078613	-0.875830	-0.479476	0.054991
35863	9.539575	1.013994	1.288534	-0.197951	-0.243536	0.029630	0.083469	-0.043570	0.995557	-0.473048	0.877571	0.078068	-0.877074	-0.477463	0.052639
35864	9.522539	0.880823	1.535319	-0.145531	-0.246823	0.037178	0.081070	-0.044406	0.995719	-0.471827	0.878271	0.077584	-0.877956	-0.476097	0.050249
35865	9.524965	0.734406	1.808119	-0.101230	-0.237824	0.044240	0.078674	-0.045095	0.995880	-0.470806	0.878871	0.076990	-0.878722	-0.474924	0.047914
35866	9.494989	0.487265	1.966513	-0.061321	-0.222932	0.044654	0.076447	-0.045746	0.996024	-0.470327	0.879172	0.076478	-0.879175	-0.474303	0.045695
35867	9.386332	0.327628	1.791950	0.032883	-0.231766	0.053344	0.074065	-0.046309	0.996178	-0.470631	0.879063	0.075856	-0.879216	-0.474450	0.043313
35868	9.459193	0.479664	1.637692	0.090889	-0.247555	0.066142	0.071519	-0.046889	0.996336	-0.471503	0.878653	0.075196	-0.878960	-0.475153	0.040732
35869	9.545547	0.817434	1.515703	0.104711	-0.262298	0.086509	0.068761	-0.047319	0.996510	-0.472440	0.878225	0.074301	-0.878676	-0.475900	0.038033
35870	9.642908	1.324575	1.216176	0.079082	-0.275958	0.101476	0.065799	-0.047727	0.996691	-0.473227	0.877887	0.073280	-0.878480	-0.476483	0.035178
35871	9.720146	1.738229	1.090402	-0.011897	-0.282196	0.111623	0.062747	-0.048036	0.996873	-0.473173	0.878015	0.072092	-0.878732	-0.476217	0.032363
35872	9.520306	1.784672	0.940541	-0.111696	-0.308315	0.100387	0.059504	-0.048606	0.997044	-0.472276	0.878585	0.071017	-0.879440	-0.475106	0.029324
35873	9.809999	1.585329	0.272127	-0.144336	-0.345859	0.101539	0.055906	-0.049285	0.997219	-0.470849	0.879443	0.069861	-0.880441	-0.473445	0.025961
35874	9.909047	1.289530	0.398275	-0.199181	-0.338187	0.094433	0.052425	-0.050037	0.997370	-0.469169	0.880422	0.068831	-0.881551	-0.471544	0.022681
35875	9.561671	0.794231	0.382332	-0.205792	-0.361077	0.105119	0.048664	-0.050744	0.997525	-0.467157	0.881583	0.067636	-0.882834	-0.469293	0.019196
35876	9.656264	0.142566	0.145658	-0.114922	-0.385960	0.127497	0.044602	-0.051414	0.997681	-0.466225	0.882178	0.066305	-0.883541	-0.468101	0.015377
35877	9.673795	-0.314136	0.128320	0.034667	-0.395800	0.161018	0.040280	-0.051772	0.997846	-0.466288	0.882271	0.064598	-0.883716	-0.467886	0.011397
35878	9.661739	-0.379871	0.492043	0.209313	-0.413483	0.191335	0.035676	-0.052008	0.998009	-0.468232	0.881381	0.062668	-0.882885	-0.469535	0.007092
35879	9.696051	-0.347350	1.268246	0.344778	-0.414944	0.219324	0.030946	-0.051964	0.998169	-0.471113	0.880001	0.060418	-0.881530	-0.472120	0.002751
35880	9.681314	-0.263749	1.690633	0.509476	-0.409414	0.247989	0.026110	-0.051711	0.998321	-0.475691	0.877704	0.057905	-0.879225	-0.476404	-0.001682
35881	9.439419	0.548140	1.807433	0.708779	-0.425161	0.256515	0.021104	-0.051429	0.998454	-0.481849	0.874512	0.055230	-0.876000	-0.482270	-0.006325
35882	9.233787	1.979495	1.608590	0.828488	-0.430690	0.251576	0.016061	-0.051312	0.998554	-0.489159	0.870607	0.052605	-0.872047	-0.489296	-0.011117
35883	9.089855	2.399985	1.298643	0.707969	-0.452477	0.244767	0.010805	-0.051303	0.998625	-0.495187	0.867351	0.049917	-0.868719	-0.495046	-0.016033
35884	9.037837	1.827482	1.044375	0.623596	-0.488363	0.252921	0.005253	-0.051530	0.998658	-0.500636	0.864368	0.047234	-0.865642	-0.500212	-0.021257
35885	9.092392	1.252932	0.780045	0.658093	-0.540836	0.280624	-0.000923	-0.051731	0.998661	-0.506307	0.861223	0.044144	-0.862353	-0.505588	-0.026986
35886	9.436587	0.840280	0.530602	0.752964	-0.596197	0.313106	-0.007706	-0.052060	0.998614	-0.512792	0.857545	0.040748	-0.858478	-0.511767	-0.033304
35887	9.632907	1.341107	0.984062	0.847770	-0.622813	0.345535	-0.014880	-0.052229	0.998524	-0.519886	0.853438	0.036892	-0.854106	-0.518570	-0.039852
35888	9.744074	2.041581	1.917324	0.793339	-0.628304	0.363393	-0.022193	-0.052401	0.998379	-0.526597	0.849479	0.032880	-0.849825	-0.525014	-0.046447
35889	10.152705	2.538371	2.447844	0.722358	-0.636506	0.379078	-0.029666	-0.052446	0.998183	-0.532513	0.845938	0.028620	-0.845902	-0.530696	-0.053024
35890	9.914921	2.292863	2.782049	0.567657	-0.598738	0.379288	-0.036809	-0.052422	0.997946	-0.537197	0.843101	0.024474	-0.842653	-0.535193	-0.059195
35891	9.909178	2.002627	2.733034	0.512871	-0.557716	0.384821	-0.043650	-0.052085	0.997688	-0.541297	0.840589	0.020201	-0.839698	-0.539163	-0.064885
35892	10.463816	1.813663	2.541393	0.515888	-0.489351	0.383590	-0.049895	-0.051503	0.997426	-0.545459	0.837985	0.015984	-0.836651	-0.543257	-0.069904
35893	11.084128	1.886583	2.489498	0.472677	-0.380465	0.364307	-0.055138	-0.050420	0.997205	-0.549151	0.835639	0.011887	-0.833902	-0.546960	-0.073764
35894	11.146698	1.736845	2.306736	0.348355	-0.244966	0.359154	-0.059215	-0.048755	0.997054	-0.551864	0.833896	0.008001	-0.831829	-0.549764	-0.076285
35895	11.377150	1.700662	2.006462	0.234107	-0.105479	0.351161	-0.062081	-0.046303	0.996996	-0.553448	0.832873	0.004218	-0.830567	-0.551524	-0.077332
35896	11.704897	1.293273	1.616600	0.072280	0.009747	0.346574	-0.063978	-0.043352	0.997009	-0.553847	0.832618	0.000664	-0.830157	-0.552148	-0.077280
35897	12.155734	0.723738	1.725677	0.009983	0.089389	0.348767	-0.065244	-0.039869	0.997073	-0.553816	0.832634	-0.002945	-0.830079	-0.552387	-0.076404
35898	12.953017	0.861823	2.661803	0.051152	0.147494	0.358008	-0.066062	-0.036063	0.997164	-0.554022	0.832476	-0.006597	-0.829877	-0.552887	-0.074974
35899	12.376321	0.822143	3.742153	-0.113982	0.268547	0.365208	-0.065907	-0.031363	0.997333	-0.552676	0.833333	-0.010317	-0.830786	-0.551881	-0.072256
35900	11.382150	0.955252	4.911796	-0.166719	0.389686	0.359464	-0.064710	-0.026207	0.997560	-0.551071	0.834344	-0.013828	-0.831945	-0.550622	-0.068433
35901	10.710646	0.930113	5.279348	-0.255258	0.476610	0.329676	-0.062581	-0.020721	0.997825	-0.548752	0.835811	-0.017060	-0.833640	-0.548626	-0.063677
35902	10.419616	1.100974	5.765953	-0.291847	0.612580	0.286570	-0.059096	-0.014958	0.998140	-0.546159	0.837448	-0.019786	-0.835595	-0.546312	-0.057660
35903	10.246254	1.428772	6.773791	-0.373985	0.779825	0.209913	-0.053736	-0.008867	0.998516	-0.543002	0.839449	-0.021767	-0.838011	-0.543365	-0.049923
35904	10.560209	1.468150	7.302350	-0.523073	0.982275	0.135533	-0.046280	-0.002400	0.998926	-0.538559	0.842276	-0.022928	-0.841316	-0.539042	-0.040273
35905	10.777519	1.410498	7.020555	-0.622237	1.252226	0.050469	-0.036027	0.004892	0.999339	-0.533552	0.845444	-0.023374	-0.845000	-0.534041	-0.027848
35906	11.198183	1.470170	6.445546	-0.738830	1.549723	-0.066266	-0.022605	0.012571	0.999665	-0.527330	0.849360	-0.022605	-0.849360	-0.527665	-0.012571
35907	11.795527	1.541370	5.549452	-0.949462	1.890356	-0.182526	-0.005611	0.021056	0.999763	-0.519826	0.854016	-0.020904	-0.854254	-0.519820	0.006154
35908	13.141668	1.184162	4.037365	-1.318800	2.284500	-0.263520	0.015278	0.030551	0.999416	-0.508523	0.860849	-0.018541	-0.860913	-0.507943	0.028688
35909	11.378003	0.587663	2.339532	-1.304997	2.489447	-0.302206	0.038233	0.040707	0.998439	-0.497559	0.867277	-0.016306	-0.866587	-0.496159	0.053413
35910	11.843799	0.058989	1.500855	-1.333956	2.380773	-0.272457	0.060212	0.050013	0.996932	-0.485851	0.873921	-0.014498	-0.871965	-0.483487	0.076919
35911	11.397602	-0.303641	-0.661081	-1.033505	2.081593	-0.243879	0.079478	0.058051	0.995145	-0.477068	0.878768	-0.013161	-0.875266	-0.473705	0.097536
35912	12.019563	0.000950	-2.302741	-0.219252	1.754351	-0.227053	0.095852	0.064356	0.993313	-0.474975	0.879928	-0.011176	-0.874764	-0.470728	0.114910
35913	13.035373	0.534669	-1.748378	-0.010557	1.705272	-0.246023	0.111837	0.070422	0.991228	-0.475062	0.879907	-0.008913	-0.872817	-0.469898	0.131861
35914	13.291615	0.007445	-2.374740	-0.540698	1.789472	-0.275996	0.128707	0.076363	0.988738	-0.470036	0.882620	-0.006981	-0.873213	-0.463844	0.149492
35915	12.275540	-0.804095	-3.610809	-0.661235	1.809401	-0.323441	0.145855	0.082049	0.985898	-0.464457	0.885582	-0.004989	-0.873502	-0.457179	0.167275
35916	11.370597	-1.036023	-3.579411	-0.594447	1.770774	-0.342498	0.162846	0.087066	0.982802	-0.458764	0.888554	-0.002702	-0.873508	-0.450434	0.184641
35917	11.100110	-1.703589	-3.467126	-0.447249	1.791869	-0.322152	0.179909	0.092422	0.979332	-0.454635	0.890678	-0.000536	-0.872318	-0.445142	0.202259
35918	10.781982	-2.330352	-3.168099	-0.206216	1.839443	-0.283120	0.197159	0.098074	0.975454	-0.452335	0.891846	0.001758	-0.869782	-0.441579	0.220198
35919	10.142927	-2.700822	-2.975642	0.049151	1.850098	-0.247274	0.214195	0.104242	0.971213	-0.452818	0.891593	0.004170	-0.865492	-0.440676	0.238178
35920	9.305220	-1.890838	-2.639922	0.386131	1.813824	-0.222450	0.230796	0.110288	0.966732	-0.455686	0.890111	0.007243	-0.859700	-0.442197	0.255690
35921	8.800202	-0.834134	-2.369272	0.581718	1.763347	-0.209532	0.246813	0.116434	0.962043	-0.460520	0.887585	0.010724	-0.852646	-0.445687	0.272687
35922	8.552996	0.007790	-2.130808	0.681548	1.701557	-0.229853	0.262266	0.122035	0.957248	-0.465754	0.884791	0.014809	-0.845157	-0.449726	0.288888
35923	8.549265	0.884737	-1.911616	0.647532	1.641330	-0.283461	0.277333	0.127083	0.952332	-0.470657	0.882104	0.019351	-0.837597	-0.453589	0.304449
35924	8.390625	1.415095	-1.661577	0.404944	1.613152	-0.359592	0.292433	0.131262	0.947234	-0.473046	0.880711	0.023996	-0.831090	-0.455102	0.319642
35925	8.176475	1.453361	-1.276324	0.070887	1.571463	-0.420067	0.307407	0.134782	0.941984	-0.472466	0.880899	0.028142	-0.826000	-0.453707	0.334475
35926	8.230929	1.100622	-0.784894	-0.270361	1.529370	-0.437557	0.322016	0.137849	0.936645	-0.468896	0.882699	0.031296	-0.822461	-0.449267	0.348880
35927	8.093448	0.326556	-0.389993	-0.546677	1.520798	-0.436610	0.336503	0.140828	0.931093	-0.463060	0.885698	0.033390	-0.819964	-0.442387	0.363251
35928	7.421184	-0.456629	0.251598	-0.687921	1.518602	-0.464038	0.351016	0.143386	0.925326	-0.455867	0.889355	0.035118	-0.817908	-0.434153	0.377543
35929	6.928997	-0.990761	0.966529	-0.733105	1.403172	-0.474665	0.364594	0.145235	0.919771	-0.448244	0.893160	0.036649	-0.816179	-0.425644	0.390741
35930	6.766992	-1.513087	1.284296	-0.651990	1.214606	-0.452262	0.376455	0.146334	0.914805	-0.441289	0.896552	0.038183	-0.814583	-0.418068	0.402087
35931	6.849243	-1.425000	1.671655	-0.396416	0.980470	-0.391740	0.386115	0.146948	0.910671	-0.436646	0.898739	0.040111	-0.812561	-0.413128	0.411180
35932	7.057380	-1.215092	1.999383	-0.308511	0.786652	-0.346696	0.393954	0.147085	0.907285	-0.432827	0.900500	0.041953	-0.810840	-0.409225	0.418418
35933	7.076946	-1.364247	2.584566	-0.351743	0.649331	-0.304016	0.400486	0.147047	0.904427	-0.428844	0.902345	0.043186	-0.809755	-0.405154	0.424437
35934	7.277968	-1.510961	3.356468	-0.362192	0.513013	-0.250072	0.405653	0.146879	0.902148	-0.424943	0.904156	0.043871	-0.809239	-0.401158	0.429189
35935	7.626752	-1.591137	3.732076	-0.399495	0.377159	-0.206433	0.409537	0.146588	0.900439	-0.420958	0.906014	0.043964	-0.809366	-0.397052	0.432754
35936	8.571059	-1.513151	3.798108	-0.383674	0.317375	-0.161936	0.412732	0.146397	0.899011	-0.417225	0.907750	0.043727	-0.809676	-0.393138	0.435738
35937	9.047291	-1.476036	4.539548	-0.322783	0.404874	-0.094055	0.416358	0.147211	0.897204	-0.414323	0.909108	0.043107	-0.809310	-0.389681	0.439507
35938	8.799828	-1.604489	4.070454	0.214213	0.395712	-0.073294	0.419807	0.148113	0.895447	-0.415787	0.908364	0.044681	-0.806773	-0.391073	0.442921
35939	7.629491	-0.784585	3.925867	0.886156	0.190554	-0.004444	0.421312	0.148923	0.894605	-0.423012	0.904820	0.048593	-0.802220	-0.398901	0.444208
35940	8.039863	-0.367050	4.420646	0.811722	-0.044778	0.023476	0.420801	0.148978	0.894836	-0.429649	0.901500	0.051957	-0.798955	-0.406329	0.443360
35941	9.238683	-0.075699	5.120242	0.747815	-0.112561	-0.011734	0.419906	0.148515	0.895333	-0.435684	0.898399	0.055310	-0.796152	-0.413307	0.441949
35942	9.607046	0.647321	5.594200	0.693707	-0.076379	-0.061719	0.419517	0.147665	0.895657	-0.440977	0.895584	0.058896	-0.793438	-0.419672	0.440829
35943	8.832913	1.817953	5.589067	0.672060	0.017728	-0.113134	0.420111	0.146836	0.895514	-0.445948	0.892852	0.062808	-0.790340	-0.425739	0.440578
35944	8.469978	2.603686	6.171012	0.359457	0.027284	-0.136796	0.420885	0.145753	0.895328	-0.448250	0.891499	0.065588	-0.788624	-0.428936	0.440552
35945	8.845217	2.423465	5.564002	-0.017150	0.060112	-0.147713	0.421975	0.144796	0.894970	-0.447611	0.891732	0.066775	-0.788404	-0.428776	0.441101
35946	7.976499	2.079304	5.408038	-0.339065	0.021457	-0.114064	0.422600	0.143891	0.894821	-0.444494	0.893327	0.066271	-0.789832	-0.425748	0.441479
35947	7.376935	1.127902	4.825817	-0.818154	-0.096981	-0.043234	0.421980	0.143192	0.895226	-0.437948	0.896791	0.062992	-0.793810	-0.418643	0.441139
35948	7.561961	-0.137809	3.368241	-1.144518	-0.209494	0.019925	0.420172	0.142527	0.896182	-0.428953	0.901480	0.057743	-0.799660	-0.408681	0.439914
35949	7.690869	-0.970863	1.669923	-1.069807	-0.347760	0.073709	0.417025	0.141886	0.897752	-0.420790	0.905648	0.052332	-0.805622	-0.399588	0.437382
35950	7.685575	-0.910693	-0.009273	-0.857808	-0.544053	0.106201	0.412130	0.140718	0.900193	-0.414334	0.908878	0.047616	-0.811466	-0.392605	0.432880
35951	7.923185	-1.163324	-1.908854	-0.665805	-0.803052	0.087935	0.405183	0.138478	0.903687	-0.409380	0.911307	0.043907	-0.817456	-0.387742	0.425937
35952	9.025326	-1.302388	-3.603402	-0.383007	-1.018880	0.052710	0.396558	0.135043	0.908023	-0.406489	0.912699	0.041786	-0.823109	-0.385672	0.416832
35953	10.533765	-0.922420	-3.621716	-0.019540	-1.132504	-0.018913	0.387239	0.130574	0.912686	-0.406350	0.912760	0.041823	-0.827602	-0.387066	0.406515
35954	12.049355	-0.338420	-1.394389	-0.017294	-1.085824	-0.129360	0.378702	0.125208	0.917010	-0.405750	0.912976	0.042907	-0.831836	-0.388326	0.396549
35955	12.104381	-0.375044	1.410397	-0.073333	-1.061730	-0.256547	0.370834	0.118800	0.921069	-0.404255	0.913542	0.044929	-0.836098	-0.389008	0.386798
35956	11.709658	-0.582168	5.186522	-0.012108	-1.093982	-0.308998	0.362859	0.111739	0.925120	-0.403059	0.913930	0.047704	-0.840165	-0.390188	0.376665
35957	12.730410	-0.760110	8.530388	-0.166186	-1.099829	-0.261131	0.354591	0.105120	0.929094	-0.400796	0.914832	0.049458	-0.844765	-0.389914	0.366522
35958	12.538912	-0.359044	10.075035	-0.335717	-0.938096	-0.170194	0.347270	0.099939	0.932425	-0.397393	0.916297	0.049794	-0.849401	-0.387831	0.357917
35959	10.745369	-0.601074	8.498433	-0.692544	-0.880943	-0.067904	0.339978	0.096006	0.935520	-0.391359	0.918990	0.047914	-0.855133	-0.382414	0.350009
35960	9.621676	-2.200787	5.541914	-0.954726	-0.879076	0.077279	0.332079	0.093416	0.938615	-0.383461	0.922516	0.043853	-0.861790	-0.374484	0.342169
35961	8.583361	-3.874711	2.982423	-0.814493	-0.901317	0.202247	0.323463	0.092046	0.941753	-0.377207	0.925302	0.039121	-0.867805	-0.367891	0.334021
35962	8.436207	-4.387497	0.490611	0.000681	-0.954718	0.201656	0.314349	0.090421	0.944992	-0.377894	0.925102	0.037188	-0.870851	-0.368797	0.324974
35963	8.452838	-2.334683	-0.984689	1.147756	-0.992014	0.143454	0.305112	0.088159	0.948227	-0.388482	0.920613	0.039410	-0.869476	-0.380393	0.315139
35964	8.391981	1.272770	-1.375877	1.924212	-1.040036	0.066373	0.295775	0.084740	0.951492	-0.405406	0.913043	0.044707	-0.864964	-0.398963	0.304409
35965	9.483093	4.544058	-0.002963	1.696402	-1.040649	-0.016548	0.286805	0.080473	0.954603	-0.420146	0.906086	0.049847	-0.860942	-0.415369	0.293680
35966	9.960069	5.213078	0.683387	0.699780	-0.989078	-0.062070	0.278498	0.075791	0.957442	-0.426031	0.903188	0.052426	-0.860777	-0.422500	0.283825
35967	9.803715	3.166827	-0.181683	0.208061	-0.976452	-0.113712	0.270515	0.070701	0.960116	-0.427601	0.902351	0.054030	-0.862542	-0.425163	0.274331
35968	9.774157	0.926523	0.736597	-0.146266	-0.959051	-0.120814	0.262688	0.065559	0.962651	-0.426051	0.903040	0.054761	-0.865723	-0.424523	0.265149
35969	9.835202	-1.342233	2.524079	-0.473075	-0.892772	-0.097420	0.255296	0.060963	0.964939	-0.421768	0.905070	0.054408	-0.870021	-0.420870	0.256773
35970	9.383113	-3.392926	3.350083	-0.385073	-0.839914	-0.015706	0.247983	0.057321	0.967067	-0.418406	0.906680	0.053549	-0.873751	-0.417906	0.248825
35971	9.650600	-3.798999	3.644266	0.209390	-0.840940	0.024080	0.240472	0.054098	0.969147	-0.420406	0.905742	0.053755	-0.874890	-0.420362	0.240549
35972	10.169316	-2.254651	3.962961	0.537781	-0.825897	0.046513	0.232996	0.051048	0.971137	-0.425255	0.903429	0.054538	-0.874569	-0.425688	0.232203
35973	9.894468	0.494608	3.808676	0.856117	-0.810189	0.027403	0.225740	0.047910	0.973009	-0.432917	0.899684	0.056138	-0.872711	-0.433905	0.223836
35974	9.687397	2.860960	3.732179	0.701260	-0.762818	-0.022453	0.219130	0.044395	0.974685	-0.439016	0.896614	0.057861	-0.871348	-0.440582	0.215965
35975	9.917910	2.732339	3.651541	0.014379	-0.635349	-0.064814	0.213817	0.041106	0.976008	-0.439117	0.896527	0.058441	-0.872616	-0.441077	0.209743
35976	9.932092	1.916074	3.360786	-0.051150	-0.529880	-0.129288	0.209701	0.037632	0.977041	-0.438430	0.896790	0.059559	-0.873959	-0.440853	0.204557
35977	9.668162	2.406907	3.429084	0.043035	-0.451650	-0.185618	0.206511	0.034056	0.977851	-0.438518	0.896623	0.061383	-0.874674	-0.441482	0.200097
35978	9.318517	2.072135	3.078302	0.023423	-0.370455	-0.209720	0.204133	0.030562	0.978466	-0.438326	0.896574	0.063442	-0.875328	-0.441838	0.196416
35979	9.262823	1.514680	2.200630	0.229315	-0.348104	-0.201319	0.201921	0.027301	0.979021	-0.440034	0.895568	0.065782	-0.874984	-0.444086	0.192847
35980	9.500591	1.329688	1.840904	0.368941	-0.308540	-0.158710	0.199867	0.024527	0.979516	-0.442975	0.893951	0.068003	-0.873971	-0.447493	0.189536
35981	9.298874	1.065019	0.889094	0.441477	-0.337597	-0.088444	0.197262	0.022305	0.980097	-0.446771	0.891935	0.069622	-0.872630	-0.451613	0.185910
35982	9.738444	0.806468	0.075410	0.552073	-0.417284	-0.004112	0.193586	0.020395	0.980871	-0.451609	0.889415	0.070637	-0.870962	-0.456644	0.181389
35983	10.081462	1.333578	-0.323886	0.572818	-0.456795	0.054667	0.189315	0.018864	0.981735	-0.456811	0.886721	0.071052	-0.869185	-0.461919	0.176486
35984	9.648732	1.332290	-0.867986	0.425102	-0.553960	0.072731	0.184112	0.016959	0.982759	-0.460673	0.884723	0.071036	-0.868265	-0.465809	0.170700
35985	9.882401	1.530429	-0.750789	0.378321	-0.636758	0.054187	0.178278	0.014514	0.983873	-0.464123	0.882914	0.071074	-0.867644	-0.469310	0.164140
35986	9.629254	1.270786	-0.039890	0.151079	-0.662012	0.026619	0.172351	0.011658	0.984967	-0.465514	0.882187	0.071015	-0.868097	-0.470755	0.157473
35987	9.638813	0.698278	0.900339	-0.025840	-0.687660	0.026650	0.166198	0.008699	0.986054	-0.465389	0.882281	0.070657	-0.869362	-0.470642	0.150682
35988	10.229511	0.815399	2.082147	-0.153763	-0.624544	0.079762	0.160335	0.006488	0.987041	-0.464213	0.882984	0.069603	-0.871091	-0.469357	0.144585
35989	10.221359	1.031846	2.786013	-0.261097	-0.538407	0.129758	0.154982	0.005161	0.987904	-0.462207	0.884169	0.067892	-0.873124	-0.467138	0.139415
35990	9.432868	1.182270	3.190530	-0.326937	-0.495059	0.138546	0.149958	0.004102	0.988684	-0.459592	0.885672	0.066033	-0.875379	-0.464293	0.134699
35991	9.464573	1.201473	2.922484	-0.305084	-0.472684	0.122120	0.145202	0.003042	0.989397	-0.457157	0.887054	0.064364	-0.877453	-0.461655	0.130192
35992	9.272737	1.444707	2.653605	-0.169516	-0.396231	0.095621	0.141228	0.002085	0.989975	-0.455836	0.887820	0.063159	-0.878788	-0.460186	0.126336
35993	9.182022	1.602700	2.478812	-0.051079	-0.375222	0.058631	0.137609	0.000927	0.990486	-0.455531	0.888027	0.062456	-0.879520	-0.459791	0.122623
35994	9.089111	1.197855	2.179569	-0.026258	-0.379170	0.012450	0.134159	-0.000684	0.990960	-0.455347	0.888134	0.062259	-0.880148	-0.459584	0.118840
35995	9.458715	0.041923	1.538288	0.025743	-0.378419	0.007576	0.130739	-0.002311	0.991414	-0.455646	0.887989	0.062156	-0.880508	-0.459860	0.115042
35996	9.201430	-0.876874	0.445952	0.295673	-0.412557	0.053741	0.126806	-0.003715	0.991921	-0.458348	0.886614	0.061915	-0.879680	-0.462496	0.110725
35997	9.781747	-0.171678	-0.035767	0.654970	-0.482429	0.110779	0.122005	-0.004927	0.992517	-0.464313	0.883536	0.061462	-0.877227	-0.468337	0.105509
35998	9.837459	1.045038	-0.205276	0.637878	-0.490904	0.153432	0.116930	-0.005866	0.993123	-0.470115	0.880526	0.060552	-0.874825	-0.473962	0.100203
35999	9.553622	1.514818	-0.184704	0.441964	-0.559865	0.151650	0.111267	-0.007147	0.993765	-0.474222	0.878398	0.059414	-0.873346	-0.477876	0.094347
36000	9.486376	1.789076	0.065203	0.213597	-0.611637	0.142343	0.105192	-0.008806	0.994413	-0.476271	0.877374	0.058151	-0.872984	-0.479727	0.088098
36001	9.412538	1.584244	0.862664	-0.114296	-0.658764	0.111463	0.098852	-0.010946	0.995042	-0.475440	0.877907	0.056890	-0.874177	-0.478707	0.081579
36002	9.652421	1.114093	2.027856	-0.410768	-0.656558	0.089143	0.092624	-0.013273	0.995613	-0.471959	0.879863	0.055637	-0.876742	-0.475041	0.075232
36003	9.221903	0.006437	2.438747	-0.573604	-0.645556	0.088754	0.086485	-0.015505	0.996132	-0.467041	0.882568	0.054286	-0.879996	-0.469930	0.069088
36004	9.360085	-0.146573	2.792543	-0.365319	-0.635797	0.101823	0.080352	-0.017562	0.996612	-0.463936	0.884283	0.052987	-0.882217	-0.466622	0.062906
36005	9.266235	0.391946	3.292043	-0.226912	-0.604281	0.099753	0.074506	-0.019446	0.997031	-0.462076	0.885327	0.051798	-0.883705	-0.464563	0.056977
36006	9.366675	0.782529	3.796987	-0.110239	-0.582576	0.092141	0.068872	-0.021312	0.997398	-0.461195	0.885845	0.050775	-0.884622	-0.463492	0.051181
36007	8.939420	1.377728	3.769644	0.090982	-0.586875	0.077157	0.063277	-0.023298	0.997724	-0.462124	0.885405	0.049983	-0.884555	-0.464235	0.045260
36008	9.154408	2.238887	3.817459	0.278258	-0.601360	0.094465	0.057465	-0.025239	0.998028	-0.464669	0.884121	0.049114	-0.883618	-0.466576	0.039078
36009	9.074455	2.353081	3.452572	0.314133	-0.599852	0.114767	0.051591	-0.026976	0.998304	-0.467583	0.882644	0.048014	-0.882443	-0.469267	0.032923
36010	9.079750	1.305498	2.982087	0.376463	-0.620201	0.155117	0.045336	-0.028507	0.998565	-0.471004	0.880903	0.046533	-0.880965	-0.472438	0.026510
36011	8.861496	0.406272	2.149646	0.601158	-0.685866	0.208448	0.038275	-0.029876	0.998821	-0.476464	0.878066	0.044522	-0.878360	-0.477606	0.019373
36012	9.188118	0.034475	1.167016	0.830376	-0.755798	0.254798	0.030369	-0.031260	0.999050	-0.483856	0.874136	0.042059	-0.874620	-0.484674	0.011421
36013	9.073222	0.263991	0.664654	0.903093	-0.744989	0.294319	0.022396	-0.032275	0.999228	-0.491903	0.869771	0.039119	-0.870362	-0.492400	0.003603
36014	9.058030	1.175810	-0.065414	0.988046	-0.839820	0.355324	0.013285	-0.033344	0.999356	-0.500569	0.864968	0.035514	-0.865595	-0.500718	-0.005200
36015	9.228258	1.901557	-0.208464	0.829369	-0.848807	0.378860	0.003998	-0.034293	0.999404	-0.507849	0.860867	0.031571	-0.861437	-0.507673	-0.013974
36016	9.556316	1.526584	-0.199329	0.531099	-0.883573	0.356561	-0.005480	-0.035714	0.999347	-0.512439	0.858271	0.027863	-0.858706	-0.511952	-0.023005
36017	9.805898	0.833222	0.388439	0.384793	-0.900425	0.314220	-0.014865	-0.037599	0.999182	-0.515786	0.856366	0.024551	-0.856589	-0.514999	-0.032123
36018	10.081300	-0.073682	1.371295	0.365022	-0.881840	0.269569	-0.023863	-0.039828	0.998922	-0.518880	0.854572	0.021678	-0.854514	-0.517803	-0.041059
36019	10.005275	-0.290859	2.646069	0.556677	-0.831633	0.239823	-0.032250	-0.042058	0.998595	-0.523643	0.851727	0.018961	-0.851327	-0.522295	-0.049492
36020	10.444861	0.866276	4.257631	0.811767	-0.695984	0.253687	-0.039556	-0.043544	0.998268	-0.530467	0.847556	0.015950	-0.846782	-0.528917	-0.056624
36021	11.564902	3.115925	5.973585	1.032117	-0.497826	0.254484	-0.045146	-0.044007	0.998011	-0.539156	0.842109	0.012743	-0.840995	-0.537508	-0.061745
36022	13.301958	5.078231	7.547133	0.932918	-0.192873	0.230955	-0.048077	-0.043096	0.997914	-0.546892	0.837145	0.009805	-0.835821	-0.545280	-0.063816
36023	14.934025	4.216957	8.400836	0.301947	0.234897	0.205931	-0.047271	-0.040032	0.998080	-0.549420	0.835513	0.007490	-0.834208	-0.548011	-0.061490
36024	15.472574	1.805418	8.970794	0.181257	0.685898	0.176557	-0.042583	-0.034777	0.998487	-0.550874	0.834570	0.005575	-0.833501	-0.549804	-0.054696
36025	14.327599	0.804198	9.660975	0.393483	1.005892	0.157798	-0.035087	-0.027837	0.998997	-0.554219	0.832363	0.003729	-0.831631	-0.553532	-0.044633
36026	13.144449	-0.546772	9.847635	0.037073	1.262526	0.141598	-0.025431	-0.019651	0.999483	-0.554507	0.832176	0.002252	-0.831790	-0.554164	-0.032059
