// General information: 
//  MT Manager version: 2022.2.0 
//  XDA version: 2022.2.0 build 7381 rev 124627 built on 2023-07-19
// Device information: 
//  DeviceId: 00B4CAF0
//  ProductCode: MTW2-3A7G6
//  Firmware Version: 4.6.0
//  Hardware Version: 2.0.0
// Device settings: 
//  Filter Profile: human(46.1)
//  Option Flags: Orientation Smoother Disabled, Position/Velocity Smoother Disabled, Continuous Zero Rotation Update Disabled, AHS Disabled, ICC Disabled
// Coordinate system: ENU
PacketCounter	Acc_X	Acc_Y	Acc_Z	Gyr_X	Gyr_Y	Gyr_Z	Mat[1][1]	Mat[2][1]	Mat[3][1]	Mat[1][2]	Mat[2][2]	Mat[3][2]	Mat[1][3]	Mat[2][3]	Mat[3][3]
35535	4.256650	0.373170	9.338614	0.011207	-0.000190	0.009982	0.760195	0.502850	0.411395	-0.570360	0.819750	0.051953	-0.311117	-0.274138	0.909975
35536	4.254106	0.465416	9.336844	0.017575	-0.001470	0.008460	0.760186	0.502804	0.411468	-0.570382	0.819726	0.052093	-0.311098	-0.274294	0.909935
35537	4.278041	0.662654	9.320554	0.012356	-0.001905	0.010914	0.760117	0.502856	0.411531	-0.570477	0.819657	0.052147	-0.311091	-0.274407	0.909903
35538	4.293863	0.656471	9.303180	0.000004	0.004709	0.006198	0.760118	0.502834	0.411557	-0.570460	0.819669	0.052142	-0.311121	-0.274411	0.909891
35539	4.329005	0.677684	9.363502	-0.004316	0.025770	0.009414	0.760144	0.502948	0.411368	-0.570491	0.819653	0.052052	-0.310999	-0.274248	0.909982
35540	4.310813	0.651263	9.393804	0.005213	0.023077	0.010636	0.760175	0.503010	0.411236	-0.570523	0.819629	0.052078	-0.310865	-0.274208	0.910040
35541	4.326479	0.618540	9.355774	0.012202	0.043213	0.021510	0.760187	0.503272	0.410894	-0.570698	0.819506	0.052087	-0.310516	-0.274092	0.910194
35542	4.250871	0.636135	9.354946	0.012473	0.057411	0.028449	0.760238	0.503561	0.410443	-0.570868	0.819387	0.052101	-0.310076	-0.273918	0.910397
35543	4.200806	0.596631	9.399142	0.014992	0.052512	0.025679	0.760255	0.503883	0.410019	-0.571083	0.819236	0.052119	-0.309640	-0.273779	0.910587
35544	4.214992	0.563844	9.361797	0.010685	0.047120	0.027492	0.760285	0.504126	0.409663	-0.571230	0.819133	0.052120	-0.309294	-0.273638	0.910747
35545	4.194552	0.505106	9.404824	0.004655	0.046206	0.022052	0.760302	0.504400	0.409295	-0.571385	0.819029	0.052059	-0.308966	-0.273445	0.910916
35546	4.180496	0.490785	9.368007	0.009478	0.037877	0.021167	0.760359	0.504532	0.409026	-0.571445	0.818987	0.052071	-0.308715	-0.273328	0.911036
35547	4.206344	0.504287	9.356795	0.005750	0.033533	0.017605	0.760362	0.504734	0.408770	-0.571570	0.818902	0.052038	-0.308477	-0.273209	0.911153
35548	4.184905	0.569361	9.385531	0.004031	0.029494	0.015855	0.760385	0.504868	0.408561	-0.571643	0.818851	0.052028	-0.308283	-0.273113	0.911247
35549	4.166414	0.608061	9.392185	0.005122	0.030047	0.012098	0.760409	0.505016	0.408334	-0.571724	0.818796	0.052013	-0.308075	-0.273005	0.911349
35550	4.195276	0.562484	9.370730	-0.000277	0.032621	0.012159	0.760457	0.505138	0.408094	-0.571766	0.818768	0.051979	-0.307877	-0.272862	0.911459
35551	4.195040	0.503713	9.361899	0.012979	0.029550	0.010773	0.760487	0.505274	0.407871	-0.571861	0.818698	0.052041	-0.307628	-0.272822	0.911555
35552	4.147772	0.562316	9.369148	0.014362	0.026368	0.007084	0.760580	0.505272	0.407698	-0.571843	0.818704	0.052156	-0.307431	-0.272808	0.911626
35553	4.174507	0.512407	9.381123	0.019823	0.016814	0.005529	0.760600	0.505330	0.407589	-0.571919	0.818641	0.052302	-0.307239	-0.272888	0.911667
35554	4.131189	0.513227	9.377603	0.027631	0.010072	0.005032	0.760623	0.505319	0.407559	-0.571982	0.818581	0.052552	-0.307065	-0.273088	0.911665
35555	4.141143	0.562163	9.404278	0.028500	-0.001132	0.005236	0.760590	0.505325	0.407613	-0.572082	0.818497	0.052777	-0.306960	-0.273330	0.911628
35556	4.196647	0.553573	9.424464	0.033086	-0.007995	0.008994	0.760535	0.505307	0.407740	-0.572198	0.818398	0.053059	-0.306882	-0.273661	0.911555
35557	4.168787	0.607211	9.412710	0.023459	-0.009270	0.003875	0.760485	0.505280	0.407867	-0.572272	0.818334	0.053245	-0.306868	-0.273902	0.911488
35558	4.228115	0.636420	9.386815	0.025751	-0.012701	0.005753	0.760457	0.505169	0.408055	-0.572290	0.818306	0.053470	-0.306902	-0.274187	0.911390
35559	4.219032	0.624255	9.347665	0.021846	-0.009330	0.005998	0.760395	0.505159	0.408184	-0.572375	0.818236	0.053632	-0.306898	-0.274415	0.911323
35560	4.233221	0.645810	9.351741	0.017769	-0.011468	0.009382	0.760309	0.505159	0.408344	-0.572475	0.818157	0.053776	-0.306924	-0.274653	0.911243
35561	4.249597	0.575705	9.357909	0.016213	-0.005283	0.010681	0.760232	0.505198	0.408439	-0.572579	0.818078	0.053867	-0.306921	-0.274815	0.911195
35562	4.223007	0.504028	9.360577	0.008583	0.006970	0.008036	0.760192	0.505249	0.408450	-0.572661	0.818016	0.053938	-0.306866	-0.274907	0.911186
35563	4.207008	0.543909	9.365961	0.021024	-0.000393	0.010474	0.760132	0.505300	0.408500	-0.572778	0.817925	0.054075	-0.306798	-0.275083	0.911155
35564	4.107278	0.581751	9.363246	0.016434	-0.002039	0.012234	0.760071	0.505339	0.408565	-0.572880	0.817846	0.054191	-0.306758	-0.275247	0.911119
35565	4.131645	0.649474	9.393984	0.016904	-0.013490	0.008511	0.759981	0.505338	0.408733	-0.572970	0.817776	0.054297	-0.306814	-0.275456	0.911037
35566	4.262420	0.627516	9.383012	0.016896	-0.021997	0.014032	0.759842	0.505325	0.409008	-0.573085	0.817688	0.054415	-0.306943	-0.275742	0.910907
35567	4.225438	0.665910	9.332256	0.025201	-0.016010	0.015811	0.759703	0.505376	0.409203	-0.573255	0.817558	0.054567	-0.306970	-0.276032	0.910810
35568	4.255921	0.648758	9.330725	0.029599	-0.015156	0.023359	0.759567	0.505408	0.409416	-0.573422	0.817428	0.054754	-0.306995	-0.276357	0.910704
35569	4.199030	0.623480	9.355381	0.032101	-0.010622	0.032960	0.759345	0.505614	0.409571	-0.573743	0.817193	0.054899	-0.306941	-0.276676	0.910625
35570	4.231382	0.482077	9.368137	0.019781	-0.017216	0.027564	0.759146	0.505741	0.409784	-0.573977	0.817023	0.054983	-0.306996	-0.276947	0.910524
35571	4.275558	0.549145	9.347196	0.033355	-0.013080	0.031576	0.758926	0.505928	0.409961	-0.574292	0.816791	0.055145	-0.306953	-0.277288	0.910434
35572	4.404476	0.147199	9.306621	0.021507	-0.014497	0.051846	0.758597	0.506251	0.410171	-0.574708	0.816498	0.055145	-0.306987	-0.277561	0.910340
35573	4.304359	0.878610	9.280198	0.116254	-0.001108	0.095554	0.758045	0.506994	0.410275	-0.575762	0.815711	0.055799	-0.306376	-0.278519	0.910253
35574	4.165082	0.538437	9.350575	-0.019417	0.006953	0.085271	0.757593	0.507653	0.410294	-0.576305	0.815362	0.055287	-0.306471	-0.278339	0.910276
35575	4.371753	0.605251	9.239632	0.100902	0.008607	0.096548	0.757064	0.508430	0.410310	-0.577318	0.814611	0.055797	-0.305874	-0.279121	0.910238
35576	4.332601	0.544437	9.366396	0.038179	0.016787	0.111020	0.756515	0.509286	0.410260	-0.578191	0.813998	0.055700	-0.305584	-0.279346	0.910266
35577	4.195550	0.592011	9.292612	0.064897	0.024739	0.115032	0.755925	0.510257	0.410139	-0.579231	0.813251	0.055806	-0.305071	-0.279751	0.910314
35578	4.087163	0.522447	9.394717	0.069399	0.017854	0.118738	0.755330	0.511177	0.410091	-0.580257	0.812509	0.055963	-0.304595	-0.280229	0.910326
35579	4.067302	0.836500	9.391947	0.053777	-0.006758	0.110827	0.754667	0.512024	0.410255	-0.581230	0.811811	0.055986	-0.304383	-0.280703	0.910251
35580	4.155758	0.655934	9.404370	0.041940	-0.005537	0.086016	0.754174	0.512617	0.410421	-0.581938	0.811300	0.056031	-0.304252	-0.281096	0.910173
35581	4.075695	0.660724	9.362099	0.037609	-0.007365	0.060657	0.753799	0.513055	0.410562	-0.582483	0.810904	0.056112	-0.304138	-0.281443	0.910104
35582	4.048943	0.524762	9.388962	0.018402	-0.024033	0.032095	0.753562	0.513159	0.410868	-0.582714	0.810734	0.056163	-0.304284	-0.281741	0.909963
35583	4.166184	0.416499	9.397499	0.018397	-0.038238	0.013668	0.753367	0.513128	0.411265	-0.582846	0.810633	0.056262	-0.304515	-0.282090	0.909778
35584	4.265913	0.530724	9.405381	0.021562	-0.033657	0.000040	0.753321	0.512916	0.411612	-0.582802	0.810650	0.056465	-0.304711	-0.282425	0.909608
35585	4.241605	0.616666	9.379918	0.024300	-0.035337	-0.001151	0.753221	0.512772	0.411973	-0.582840	0.810608	0.056679	-0.304886	-0.282806	0.909431
35586	4.291381	0.689580	9.323595	0.019460	-0.040198	-0.000918	0.753149	0.512545	0.412390	-0.582798	0.810625	0.056869	-0.305145	-0.283171	0.909231
35587	4.385775	0.612240	9.264682	0.010919	-0.022192	-0.000673	0.753086	0.512442	0.412632	-0.582799	0.810618	0.056959	-0.305298	-0.283376	0.909115
35588	4.357303	0.568123	9.289065	0.013079	-0.007163	-0.005260	0.753104	0.512320	0.412751	-0.582761	0.810634	0.057117	-0.305328	-0.283550	0.909051
35589	4.338280	0.727058	9.312878	0.020369	0.006742	-0.005319	0.753156	0.512261	0.412727	-0.582755	0.810624	0.057312	-0.305208	-0.283684	0.909050
35590	4.295901	0.760253	9.297058	0.013159	0.010804	0.001484	0.753205	0.512228	0.412680	-0.582747	0.810621	0.057440	-0.305105	-0.283752	0.909063
35591	4.273633	0.789035	9.370380	0.003321	0.011062	0.001036	0.753234	0.512234	0.412621	-0.582737	0.810627	0.057454	-0.305052	-0.283726	0.909089
35592	4.262827	0.651195	9.347606	0.000073	0.013228	0.000603	0.753280	0.512214	0.412559	-0.582701	0.810652	0.057470	-0.305005	-0.283690	0.909116
35593	4.261512	0.651078	9.348214	-0.000671	0.015205	0.003584	0.753307	0.512252	0.412464	-0.582698	0.810656	0.057437	-0.304944	-0.283610	0.909161
35594	4.248234	0.539926	9.347151	0.006330	0.010385	0.006070	0.753345	0.512242	0.412407	-0.582683	0.810664	0.057481	-0.304880	-0.283606	0.909184
35595	4.259027	0.651295	9.349331	0.001180	0.018494	0.002991	0.753385	0.512284	0.412282	-0.582682	0.810666	0.057467	-0.304783	-0.283524	0.909242
35596	4.072416	0.590804	9.376243	0.003972	0.007582	0.005040	0.753412	0.512252	0.412272	-0.582653	0.810684	0.057496	-0.304770	-0.283530	0.909245
35597	4.048105	0.737026	9.467670	0.001975	-0.022162	0.004431	0.753320	0.512190	0.412517	-0.582665	0.810677	0.057483	-0.304976	-0.283663	0.909134
35598	4.065390	0.755849	9.470521	-0.018398	-0.058349	0.010926	0.753092	0.512039	0.413120	-0.582639	0.810709	0.057287	-0.305587	-0.283843	0.908873
35599	4.148648	0.590388	9.430577	-0.016342	-0.074275	0.014487	0.752782	0.511910	0.413844	-0.582671	0.810702	0.057067	-0.306291	-0.284094	0.908557
35600	4.000771	0.631493	9.578377	0.021725	-0.090579	0.026369	0.752353	0.511819	0.414736	-0.582909	0.810524	0.057173	-0.306891	-0.284768	0.908144
35601	3.803848	0.469977	9.722441	-0.000513	-0.151028	0.029042	0.751720	0.511589	0.416165	-0.583098	0.810397	0.057036	-0.308080	-0.285540	0.907499
35602	3.935216	0.764655	9.666861	0.044593	-0.230344	0.036252	0.750836	0.511131	0.418319	-0.583427	0.810142	0.057299	-0.309610	-0.287080	0.906491
35603	3.785163	0.748465	9.743530	0.057726	-0.315219	0.068135	0.749460	0.510739	0.421254	-0.584089	0.809649	0.057524	-0.311688	-0.289162	0.905117
35604	3.838290	0.990210	9.821564	0.079360	-0.405694	0.097762	0.747632	0.510296	0.425023	-0.585030	0.808947	0.057843	-0.314304	-0.291896	0.903332
35605	3.800450	0.983811	9.971330	0.055913	-0.495532	0.139587	0.745249	0.509936	0.429615	-0.586220	0.808091	0.057740	-0.317725	-0.294880	0.901164
35606	3.662480	1.023945	10.100905	0.023073	-0.613396	0.180286	0.742261	0.509497	0.435273	-0.587569	0.807151	0.057178	-0.322199	-0.298194	0.898481
35607	3.792662	0.730138	10.103170	-0.014426	-0.781751	0.271314	0.738122	0.509303	0.442477	-0.589503	0.805834	0.055847	-0.328119	-0.302063	0.895039
35608	3.850826	1.326556	10.305152	0.027987	-0.934555	0.383606	0.732759	0.509490	0.451092	-0.592385	0.803816	0.054399	-0.334880	-0.307081	0.890818
35609	4.024897	1.646224	10.478705	-0.093697	-1.162690	0.486152	0.725925	0.509756	0.461716	-0.595585	0.801650	0.051338	-0.343965	-0.312258	0.885541
35610	4.487969	2.226923	10.607757	-0.173854	-1.378011	0.643860	0.717300	0.510487	0.474219	-0.599549	0.798969	0.046799	-0.354996	-0.317887	0.879162
35611	4.869221	2.363366	10.825810	-0.288502	-1.566015	0.852555	0.706505	0.512225	0.488340	-0.604547	0.795556	0.040161	-0.367930	-0.323599	0.871729
35612	5.330872	2.741018	11.566722	-0.454757	-1.687224	1.091196	0.693554	0.515330	0.503406	-0.610450	0.791455	0.030828	-0.382537	-0.328685	0.863500
35613	5.476490	3.558437	12.000952	-0.648285	-1.776159	1.344461	0.678361	0.520028	0.519035	-0.617112	0.786661	0.018378	-0.398747	-0.332769	0.854555
35614	5.932939	3.698004	11.751456	-0.943122	-1.808570	1.525417	0.661554	0.525887	0.534592	-0.623434	0.781872	0.002355	-0.416745	-0.334841	0.845107
35615	5.742996	2.727456	10.810829	-1.010082	-1.876714	1.648414	0.643224	0.532393	0.550292	-0.629857	0.776564	-0.015079	-0.435365	-0.336906	0.834836
35616	6.156021	1.584117	11.089094	-0.876979	-1.909515	1.691693	0.624024	0.538962	0.565786	-0.636676	0.770478	-0.031738	-0.453031	-0.340417	0.823941
35617	5.348755	2.190670	10.291666	-0.710113	-1.860398	1.751475	0.604225	0.545982	0.580358	-0.644131	0.763433	-0.047593	-0.469049	-0.345070	0.812970
35618	5.109008	0.780768	8.945052	-0.814453	-1.889651	1.825428	0.583419	0.553219	0.594618	-0.651042	0.756268	-0.064834	-0.485558	-0.349296	0.801390
35619	3.319518	1.013160	9.668714	-0.759094	-1.696401	1.825647	0.563104	0.560964	0.606822	-0.657739	0.748786	-0.081848	-0.500294	-0.353042	0.790612
35620	0.075562	3.251080	10.621787	-0.682880	-1.290645	1.595197	0.546111	0.568205	0.615553	-0.663054	0.742271	-0.096923	-0.511979	-0.355214	0.782112
35621	0.165988	4.379039	11.477101	-0.823233	-1.081312	0.863859	0.534777	0.570731	0.623121	-0.663433	0.740300	-0.108684	-0.523325	-0.355278	0.774538
35622	1.791823	3.155861	14.503133	-0.205870	-0.090814	-0.043985	0.534670	0.570013	0.623870	-0.662033	0.741361	-0.109986	-0.525206	-0.354216	0.773751
35623	-2.361684	3.932370	12.373686	0.134452	0.684564	-0.737973	0.543117	0.566907	0.619388	-0.658731	0.745106	-0.104357	-0.520670	-0.351332	0.778119
35624	-5.038767	3.583814	10.639522	0.282006	1.127043	-1.100207	0.556266	0.562580	0.611614	-0.654089	0.750386	-0.095329	-0.512577	-0.347022	0.785392
35625	-5.611825	2.232478	10.032963	0.285783	1.286769	-1.227529	0.570793	0.557729	0.602605	-0.648596	0.756302	-0.085624	-0.503506	-0.341974	0.793433
35626	-4.407557	1.199671	10.746955	0.352694	1.461690	-1.233095	0.586078	0.553325	0.591899	-0.643226	0.761955	-0.075398	-0.492720	-0.336536	0.802478
35627	-3.012876	0.590897	11.477730	0.457598	1.727864	-1.160095	0.601908	0.550183	0.578796	-0.638531	0.766853	-0.064915	-0.479567	-0.330506	0.812884
35628	-2.345134	0.298635	11.831460	0.549545	2.020408	-1.038556	0.618057	0.548845	0.562827	-0.634822	0.770736	-0.054472	-0.463687	-0.323628	0.824778
35629	-1.095527	-0.023233	11.865767	0.638870	2.251330	-0.859788	0.633737	0.549374	0.544579	-0.632317	0.773436	-0.044406	-0.445592	-0.316205	0.837533
35630	0.064645	-0.089429	11.994290	0.792310	2.469173	-0.680310	0.648762	0.551896	0.523945	-0.631461	0.774658	-0.034092	-0.424693	-0.308733	0.851070
35631	0.851022	-0.022212	11.574425	0.949770	2.622630	-0.508225	0.662806	0.555928	0.501630	-0.632024	0.774597	-0.023345	-0.401539	-0.301569	0.864767
35632	1.039454	0.398128	10.817084	1.076421	2.650940	-0.351359	0.675317	0.561219	0.478520	-0.633942	0.773283	-0.012265	-0.376914	-0.295071	0.877991
35633	0.848249	0.746157	9.931763	1.145554	2.488294	-0.214696	0.685759	0.566805	0.456581	-0.636634	0.771165	-0.001145	-0.352749	-0.289890	0.889681
35634	1.518359	1.153915	9.647790	1.181464	2.123684	-0.102571	0.693635	0.572265	0.437474	-0.640055	0.768266	0.009859	-0.330454	-0.286846	0.899177
35635	3.504745	1.828852	10.645983	1.140895	1.754179	-0.015189	0.699361	0.577135	0.421674	-0.643582	0.765110	0.020214	-0.310961	-0.285519	0.906522
35636	7.353460	1.892867	12.988118	1.069959	1.506649	0.018352	0.703754	0.581697	0.407871	-0.647038	0.761873	0.029854	-0.293380	-0.284918	0.912551
35637	13.192334	1.581175	15.276294	1.190592	1.737479	-0.047171	0.708989	0.586246	0.391983	-0.650053	0.758785	0.040934	-0.273434	-0.283831	0.919061
35638	16.701163	1.262707	15.729633	1.488909	2.566608	-0.306180	0.717604	0.591254	0.368055	-0.651808	0.756324	0.055861	-0.245340	-0.279987	0.928125
35639	15.510536	1.324775	12.752801	1.759297	3.431960	-0.702010	0.729981	0.595403	0.335593	-0.650699	0.755648	0.074744	-0.209088	-0.272932	0.939037
35640	12.015163	0.497259	8.015747	1.713890	3.714011	-1.015769	0.743613	0.597717	0.299623	-0.646489	0.757090	0.094159	-0.170562	-0.263721	0.949400
35641	10.271630	-4.544098	3.494973	1.448475	3.364571	-1.194222	0.756463	0.597344	0.266355	-0.639729	0.760495	0.111334	-0.136057	-0.254615	0.957424
35642	7.798611	0.816106	-0.484722	0.296494	0.836169	-0.593023	0.761360	0.594949	0.257619	-0.635613	0.763283	0.115736	-0.127780	-0.251863	0.959290
35643	14.897676	-4.857150	-3.864170	-1.238262	0.841129	0.081641	0.761933	0.597600	0.249666	-0.634620	0.765847	0.103611	-0.129288	-0.237388	0.962773
35644	22.217203	-9.526029	-2.209694	-1.323565	-0.270545	0.346879	0.759397	0.599571	0.252646	-0.635432	0.766893	0.090003	-0.139790	-0.228888	0.963364
35645	21.333942	-6.648135	-3.593278	-1.408043	-0.424168	0.292296	0.756931	0.600831	0.257017	-0.635571	0.768325	0.075675	-0.152004	-0.220633	0.963439
35646	13.181165	-3.072367	-7.744365	-1.905358	-0.965328	-0.069204	0.755862	0.598107	0.266347	-0.631887	0.772920	0.057558	-0.171439	-0.211808	0.962157
35647	-7.838534	-10.537929	7.300398	-2.472841	-1.402175	-0.539599	0.756669	0.590990	0.279613	-0.623218	0.781253	0.035254	-0.197614	-0.200935	0.959465
35648	-0.128146	-6.348212	13.905745	-0.768799	-2.198488	-0.847735	0.757373	0.579763	0.300433	-0.615137	0.787834	0.030393	-0.219071	-0.207827	0.953318
35649	3.568916	-11.755587	14.058860	-0.423252	-2.313696	-0.070190	0.752508	0.574255	0.322432	-0.613612	0.789160	0.026576	-0.239189	-0.217847	0.946219
35650	5.326234	-15.060764	12.323347	0.392497	-2.337960	0.141303	0.745861	0.570057	0.344566	-0.615628	0.787473	0.029800	-0.254349	-0.234351	0.938289
35651	7.909375	-4.178089	12.445490	1.668392	-2.359862	-0.782703	0.744588	0.558017	0.366340	-0.614074	0.787778	0.048148	-0.261727	-0.260810	0.929235
35652	18.958071	18.903611	19.157201	1.259070	-2.054218	-0.516601	0.742252	0.548418	0.385095	-0.613639	0.787169	0.061745	-0.269273	-0.282140	0.920809
35653	12.773822	5.371683	9.030079	-0.548685	-0.076860	0.122465	0.741296	0.549134	0.385916	-0.613033	0.788055	0.056207	-0.273258	-0.278246	0.920820
35654	1.202818	0.859345	8.743949	0.170142	-0.391451	0.029089	0.740069	0.548170	0.389625	-0.613646	0.787472	0.057677	-0.275202	-0.281777	0.919166
35655	6.080976	-2.252853	11.813695	-0.409436	-0.375607	0.061631	0.738650	0.547566	0.393151	-0.612938	0.788307	0.053662	-0.280539	-0.280615	0.917907
35656	3.874063	2.236682	8.737784	0.317028	-0.246454	0.039532	0.737737	0.547111	0.395493	-0.614072	0.787229	0.056442	-0.280464	-0.284501	0.916733
35657	4.656496	0.150762	9.936411	-0.361819	-0.270415	0.069097	0.736551	0.546854	0.398049	-0.613533	0.787899	0.052840	-0.284727	-0.283136	0.915841
35658	4.680389	-0.224683	9.732829	-0.005021	-0.214915	0.048176	0.735654	0.546561	0.400106	-0.613839	0.787674	0.052639	-0.286383	-0.284325	0.914956
35659	4.653665	-0.671827	9.917582	-0.077213	-0.151766	0.025589	0.735064	0.546297	0.401548	-0.613779	0.787775	0.051818	-0.288022	-0.284551	0.914371
35660	4.539595	-0.149492	9.763006	0.013725	-0.151958	0.008730	0.734595	0.545834	0.403033	-0.613808	0.787747	0.051909	-0.289154	-0.285517	0.913712
35661	4.117026	-0.010556	9.467105	0.048270	-0.087306	-0.003170	0.734365	0.545526	0.403869	-0.613898	0.787648	0.052351	-0.289548	-0.286379	0.913318
35662	4.384230	0.493363	9.406145	0.018634	-0.116862	-0.007732	0.734089	0.545043	0.405020	-0.613833	0.787685	0.052555	-0.290383	-0.287195	0.912796
35663	4.327208	0.872182	9.308736	0.021057	-0.107130	-0.005402	0.733814	0.544659	0.406035	-0.613828	0.787675	0.052757	-0.291089	-0.287950	0.912333
35664	4.396918	0.750647	9.380544	-0.005767	-0.092022	-0.000720	0.733567	0.544305	0.406953	-0.613746	0.787742	0.052715	-0.291881	-0.288435	0.911927
35665	4.422200	0.834041	9.356215	0.002287	-0.061819	0.001054	0.733383	0.544101	0.407558	-0.613734	0.787751	0.052719	-0.292369	-0.288795	0.911656
35666	4.322709	0.719245	9.379180	-0.020748	-0.037227	0.002177	0.733286	0.543924	0.407969	-0.613624	0.787849	0.052531	-0.292845	-0.288860	0.911483
35667	4.150373	0.651273	9.420084	-0.028165	-0.034016	0.002707	0.733172	0.543813	0.408321	-0.613534	0.787937	0.052252	-0.293316	-0.288828	0.911342
35668	4.309317	0.479900	9.392277	-0.034322	-0.051009	-0.000725	0.733047	0.543588	0.408846	-0.613378	0.788078	0.051963	-0.293956	-0.288869	0.911123
35669	4.194276	0.635188	9.348441	-0.024472	-0.054453	0.002108	0.732876	0.543413	0.409383	-0.613295	0.788159	0.051720	-0.294554	-0.288977	0.910895
35670	4.201082	0.664508	9.333835	-0.032977	-0.049504	0.001696	0.732725	0.543221	0.409909	-0.613175	0.788271	0.051434	-0.295179	-0.289032	0.910675
35671	4.288544	0.627405	9.352613	-0.032948	-0.062464	0.005065	0.732512	0.543046	0.410520	-0.613088	0.788360	0.051101	-0.295888	-0.289117	0.910418
35672	4.296271	0.510911	9.298899	-0.033191	-0.045769	0.001566	0.732387	0.542843	0.411012	-0.612940	0.788494	0.050803	-0.296503	-0.289133	0.910213
35673	4.079782	0.438408	9.369483	-0.025934	-0.052983	-0.002758	0.732249	0.542634	0.411534	-0.612817	0.788606	0.050566	-0.297099	-0.289222	0.909991
35674	4.327791	0.477215	9.362008	0.009335	-0.073049	-0.007185	0.732101	0.542275	0.412269	-0.612721	0.788672	0.050685	-0.297660	-0.289712	0.909651
35675	4.309444	0.503424	9.325351	0.001938	-0.059866	-0.007634	0.731972	0.542007	0.412850	-0.612644	0.788730	0.050723	-0.298135	-0.290058	0.909385
35676	4.309487	0.466848	9.369443	0.005083	-0.054358	-0.003541	0.731865	0.541725	0.413410	-0.612554	0.788795	0.050789	-0.298582	-0.290407	0.909127
35677	4.320299	0.564825	9.329211	0.026918	-0.056516	-0.005440	0.731732	0.541483	0.413962	-0.612568	0.788768	0.051045	-0.298880	-0.290931	0.908862
35678	4.365139	0.533917	9.343530	0.011836	-0.043367	-0.006810	0.731662	0.541225	0.414423	-0.612497	0.788813	0.051192	-0.299196	-0.291288	0.908644
35679	4.355275	0.634694	9.355124	0.022554	-0.031847	-0.006535	0.731609	0.541046	0.414749	-0.612490	0.788805	0.051413	-0.299340	-0.291644	0.908482
35680	4.347196	0.622452	9.315435	0.016772	-0.028635	-0.008080	0.731595	0.540820	0.415069	-0.612422	0.788844	0.051612	-0.299512	-0.291956	0.908325
35681	4.321296	0.585223	9.305707	0.010862	-0.024668	-0.007351	0.731569	0.540655	0.415330	-0.612374	0.788874	0.051730	-0.299675	-0.292181	0.908199
35682	4.291805	0.542245	9.330190	0.004284	-0.021687	-0.001304	0.731540	0.540492	0.415592	-0.612307	0.788923	0.051782	-0.299882	-0.292351	0.908076
35683	4.265882	0.563177	9.329531	0.007890	-0.021423	-0.001643	0.731489	0.540382	0.415826	-0.612291	0.788930	0.051849	-0.300039	-0.292534	0.907965
35684	4.301491	0.639995	9.290320	0.010060	-0.024900	0.000231	0.731443	0.540228	0.416107	-0.612258	0.788949	0.051957	-0.300219	-0.292768	0.907830
35685	4.249041	0.595039	9.259652	0.005430	-0.026413	0.002007	0.731354	0.540132	0.416388	-0.612262	0.788944	0.051986	-0.300428	-0.292959	0.907699
35686	4.238721	0.694970	9.271479	0.019889	-0.038318	0.004010	0.731238	0.539967	0.416806	-0.612287	0.788913	0.052159	-0.300660	-0.293346	0.907498
35687	4.309837	0.524847	9.268367	0.014489	-0.042588	0.002682	0.731095	0.539828	0.417235	-0.612323	0.788878	0.052268	-0.300931	-0.293696	0.907294
35688	4.325409	0.454927	9.274677	0.027634	-0.036054	0.000271	0.731016	0.539628	0.417633	-0.612330	0.788856	0.052521	-0.301111	-0.294123	0.907097
35689	4.299489	0.564493	9.303542	0.036085	-0.028045	-0.002738	0.730951	0.539489	0.417927	-0.612392	0.788786	0.052848	-0.301144	-0.294564	0.906942
35690	4.272766	0.556639	9.314910	0.047218	-0.036968	0.001087	0.730864	0.539305	0.418316	-0.612475	0.788691	0.053288	-0.301183	-0.295155	0.906737
35691	4.304562	0.600034	9.321378	0.050815	-0.036707	0.000733	0.730752	0.539167	0.418690	-0.612607	0.788559	0.053735	-0.301189	-0.295759	0.906538
35692	4.311378	0.609949	9.285351	0.057185	-0.041170	0.001580	0.730643	0.538969	0.419134	-0.612721	0.788435	0.054251	-0.301220	-0.296450	0.906302
35693	4.281908	0.598074	9.330527	0.048860	-0.032211	0.004985	0.730518	0.538878	0.419469	-0.612878	0.788285	0.054662	-0.301205	-0.297015	0.906122
35694	4.358321	0.587054	9.298122	0.068143	-0.036379	0.004278	0.730395	0.538742	0.419858	-0.613076	0.788088	0.055284	-0.301102	-0.297784	0.905904
35695	4.334239	0.672985	9.304965	0.075693	-0.035589	0.007437	0.730244	0.538659	0.420225	-0.613331	0.787844	0.055927	-0.300946	-0.298577	0.905695
35696	4.372398	0.642155	9.213575	0.082489	-0.019833	0.010151	0.730162	0.538578	0.420473	-0.613567	0.787609	0.056636	-0.300666	-0.299342	0.905536
35697	4.280147	0.577078	9.298457	0.076165	-0.018356	0.011660	0.730037	0.538580	0.420687	-0.613854	0.787340	0.057265	-0.300382	-0.300046	0.905397
35698	4.266880	0.592297	9.314130	0.097536	-0.028228	0.017447	0.729862	0.538555	0.421023	-0.614218	0.786996	0.058081	-0.300064	-0.300991	0.905188
35699	4.303388	0.736000	9.281719	0.110651	-0.026911	0.021983	0.729649	0.538611	0.421320	-0.614683	0.786566	0.058979	-0.299629	-0.302012	0.904992
35700	4.372795	0.659370	9.308910	0.096354	-0.033912	0.028143	0.729403	0.538640	0.421709	-0.615105	0.786179	0.059739	-0.299360	-0.302969	0.904761
35701	4.308426	0.694135	9.269563	0.123474	-0.016317	0.034635	0.729144	0.538827	0.421917	-0.615700	0.785639	0.060699	-0.298769	-0.304033	0.904600
35702	4.333845	0.764698	9.331303	0.103400	-0.007143	0.035882	0.728941	0.538987	0.422063	-0.616186	0.785197	0.061490	-0.298260	-0.304892	0.904479
35703	4.410437	0.642286	9.249126	0.107461	-0.020327	0.040505	0.728634	0.539207	0.422312	-0.616774	0.784672	0.062280	-0.297795	-0.305851	0.904308
35704	4.292357	0.692343	9.329780	0.141338	-0.004724	0.046988	0.728353	0.539476	0.422454	-0.617471	0.784038	0.063362	-0.297038	-0.307003	0.904167
35705	4.067080	0.740580	9.521529	0.149875	-0.054484	0.062326	0.727810	0.539761	0.423027	-0.618342	0.783263	0.064443	-0.296557	-0.308477	0.903823
35706	4.158267	0.807183	9.391996	0.135788	-0.109595	0.070653	0.727060	0.539907	0.424127	-0.619214	0.782496	0.065382	-0.296577	-0.310162	0.903239
35707	4.086092	0.728405	9.524219	0.118569	-0.142105	0.091796	0.726073	0.540148	0.425510	-0.620205	0.781654	0.066052	-0.296924	-0.311863	0.902540
35708	3.732601	0.811112	9.738725	0.091582	-0.197804	0.114816	0.724800	0.540348	0.427421	-0.621252	0.780791	0.066409	-0.297842	-0.313669	0.901610
35709	3.530244	0.935330	9.985819	0.069194	-0.347577	0.142522	0.722878	0.540330	0.430687	-0.622464	0.779826	0.066410	-0.299977	-0.316093	0.900055
35710	2.674884	1.062238	10.733652	0.000378	-0.582647	0.185609	0.720000	0.539833	0.436098	-0.623726	0.778884	0.065617	-0.304247	-0.319250	0.897504
35711	2.907953	1.146620	10.455456	0.001869	-0.971113	0.242152	0.715501	0.538555	0.444990	-0.625443	0.777595	0.064557	-0.311255	-0.324507	0.893205
35712	2.046904	0.970691	11.195624	-0.062481	-1.283654	0.301311	0.709558	0.536638	0.456669	-0.627362	0.776204	0.062647	-0.320849	-0.330949	0.887428
35713	1.422679	1.516920	11.684168	-0.075237	-1.916212	0.338343	0.701151	0.532791	0.473837	-0.629475	0.774670	0.060400	-0.334887	-0.340618	0.878539
35714	1.495762	2.435891	12.218756	-0.178676	-2.644072	0.456373	0.689162	0.527102	0.497211	-0.632000	0.772897	0.056626	-0.354445	-0.353262	0.865780
35715	2.325711	2.895587	13.914875	-0.587599	-3.319440	0.650888	0.672836	0.520151	0.526056	-0.634245	0.771625	0.048249	-0.380821	-0.366112	0.849080
35716	2.212656	2.953917	12.498651	-0.894517	-3.873515	0.917393	0.651632	0.512761	0.558974	-0.636765	0.770228	0.035769	-0.412196	-0.379244	0.828413
35717	2.176380	4.037457	13.370856	-1.511296	-4.457261	1.267296	0.624322	0.505327	0.595707	-0.638305	0.769615	0.016116	-0.450321	-0.390304	0.803040
35718	3.828500	2.660103	14.667956	-2.042028	-5.024389	1.708718	0.589678	0.498597	0.635359	-0.639028	0.769112	-0.010475	-0.493885	-0.399835	0.772146
35719	6.629812	4.632984	15.973430	-2.200409	-5.579454	2.095334	0.547427	0.492047	0.676914	-0.639541	0.767672	-0.040815	-0.539732	-0.410571	0.734929
35720	10.150772	4.365839	16.796229	-2.907303	-5.806823	2.439577	0.499046	0.486727	0.716973	-0.635942	0.767730	-0.078540	-0.588669	-0.416758	0.692662
35721	12.042013	1.506432	15.909953	-2.950870	-5.880178	2.326924	0.448314	0.479886	0.754138	-0.628875	0.768891	-0.115425	-0.635241	-0.422512	0.646493
35722	12.774935	0.476241	14.968852	-2.347581	-5.559335	1.971494	0.399549	0.471289	0.786287	-0.621884	0.769524	-0.145233	-0.673514	-0.430952	0.600549
35723	10.198733	0.391779	13.864218	-1.854688	-5.175612	1.703665	0.353320	0.461796	0.813578	-0.615489	0.769684	-0.169588	-0.704513	-0.440830	0.556175
35724	6.215039	1.599463	12.283535	-1.542415	-4.766527	1.623549	0.309187	0.453016	0.836170	-0.609812	0.769134	-0.191210	-0.729748	-0.450787	0.514061
35725	2.471286	2.898999	11.559367	-1.503382	-4.437579	1.747122	0.265690	0.446211	0.854579	-0.603671	0.768143	-0.213396	-0.751658	-0.459187	0.473452
35726	-3.307677	5.464950	9.713477	-1.560646	-3.988764	2.065552	0.222933	0.443620	0.868045	-0.596864	0.766151	-0.238259	-0.770749	-0.464989	0.435581
35727	-2.437995	6.993611	9.254089	-2.251399	-4.761100	1.732161	0.175446	0.434646	0.883347	-0.582676	0.769078	-0.262693	-0.793541	-0.468617	0.388190
35728	20.630739	-1.209765	20.118194	-1.540537	-1.431064	0.310442	0.162239	0.430381	0.887947	-0.570936	0.774886	-0.271264	-0.804805	-0.462952	0.371437
35729	2.422920	4.452904	18.530749	-0.294123	1.401196	-0.655284	0.177219	0.431676	0.884448	-0.567433	0.779083	-0.266552	-0.804122	-0.454627	0.383016
35730	-7.131732	5.554288	9.961040	0.190609	2.183368	-1.051073	0.200709	0.433337	0.878598	-0.567051	0.782723	-0.256511	-0.798855	-0.446726	0.402824
35731	-7.983427	3.624379	7.434710	-0.222260	1.700524	-1.041662	0.220139	0.432632	0.874281	-0.563061	0.788239	-0.248279	-0.796556	-0.437618	0.417120
35732	-4.397890	2.544781	9.413589	-0.070126	1.680820	-0.955985	0.238896	0.432426	0.869446	-0.560414	0.792608	-0.240226	-0.793010	-0.429861	0.431688
35733	-1.353408	1.558410	11.476195	0.235893	2.150886	-0.939951	0.261125	0.434086	0.862197	-0.559901	0.795698	-0.231034	-0.786336	-0.422416	0.450822
35734	-0.422409	1.582510	12.028975	0.575225	2.878139	-0.987272	0.289159	0.438360	0.851016	-0.561810	0.797504	-0.219904	-0.775085	-0.414522	0.476880
35735	-0.800030	1.792459	11.331674	0.799982	3.488166	-1.025047	0.321689	0.444441	0.836055	-0.564792	0.798770	-0.207306	-0.759951	-0.405510	0.507972
35736	-1.367701	1.724537	10.467469	0.910042	3.854481	-1.031716	0.356496	0.451767	0.817812	-0.568286	0.799634	-0.194002	-0.741594	-0.395591	0.541799
35737	-0.834225	1.264522	10.363863	0.973542	4.063295	-0.999514	0.391891	0.459589	0.796994	-0.571638	0.800411	-0.180479	-0.720869	-0.384863	0.576393
35738	0.341141	0.687210	10.790706	1.078484	4.257800	-0.953271	0.427561	0.468279	0.773244	-0.575559	0.800610	-0.166600	-0.697082	-0.373816	0.611832
35739	1.730569	0.341852	11.403583	1.251366	4.493746	-0.900205	0.463467	0.477584	0.746400	-0.580074	0.800281	-0.151871	-0.669861	-0.362580	0.647937
35740	2.504300	0.314494	11.642509	1.421738	4.738343	-0.843199	0.499383	0.487955	0.715903	-0.585514	0.799130	-0.136253	-0.638584	-0.351129	0.684776
35741	3.176170	0.238039	11.746320	1.540282	4.881755	-0.785809	0.534338	0.498500	0.682628	-0.590997	0.797709	-0.119928	-0.604322	-0.339349	0.720858
35742	4.268651	-0.068054	12.337732	1.651460	4.961947	-0.727818	0.567706	0.509480	0.646638	-0.596867	0.795711	-0.102923	-0.566974	-0.327527	0.755822
35743	5.493099	-0.370372	13.130976	1.790829	5.024036	-0.688803	0.599315	0.520137	0.608506	-0.602616	0.793517	-0.084766	-0.526950	-0.315894	0.789009
35744	6.732876	-0.508187	13.825991	1.939664	5.075229	-0.652679	0.628882	0.530964	0.567965	-0.608623	0.790764	-0.065347	-0.483823	-0.304581	0.820454
35745	7.663337	-0.613810	14.605700	2.071941	5.071054	-0.637589	0.656170	0.541071	0.526007	-0.614056	0.788003	-0.044562	-0.438606	-0.293757	0.849312
35746	9.660295	-1.074246	16.499015	2.206214	5.011711	-0.640795	0.680863	0.550759	0.482794	-0.619134	0.784968	-0.022334	-0.391279	-0.283708	0.875449
35747	12.359149	-0.858345	18.657427	2.444285	5.166613	-0.673208	0.703951	0.559867	0.437038	-0.623389	0.781908	0.002450	-0.340352	-0.274170	0.899440
35748	14.091296	-0.578259	19.742100	2.594448	5.455478	-0.789296	0.725867	0.568623	0.387021	-0.626050	0.779232	0.029300	-0.284919	-0.263562	0.921605
35749	15.807875	-0.279907	18.231648	2.651404	5.751136	-1.020621	0.746956	0.575452	0.333035	-0.625283	0.778265	0.057665	-0.226006	-0.251314	0.941150
35750	17.121664	-0.843323	14.259026	2.410041	5.875864	-1.337684	0.766735	0.579561	0.276091	-0.620044	0.779993	0.084596	-0.166321	-0.236051	0.957401
35751	16.658912	-5.602477	9.824671	1.820896	5.530916	-1.662008	0.784672	0.579086	0.221244	-0.609662	0.785506	0.106261	-0.112254	-0.218264	0.969412
35752	18.586217	-8.171237	8.180047	1.547557	4.717888	-1.496699	0.797836	0.577391	0.173426	-0.599316	0.790811	0.124251	-0.065406	-0.203069	0.976978
35753	21.745963	-6.242073	7.106307	1.133559	3.919221	-0.899779	0.805028	0.577926	0.133908	-0.592608	0.793804	0.136715	-0.027285	-0.189415	0.981518
35754	25.103700	-5.859010	1.833625	0.695035	3.274917	-0.574718	0.808751	0.579451	0.100786	-0.588141	0.795801	0.144191	0.003346	-0.175891	0.984404
35755	25.195512	-6.733921	-5.222487	0.282740	2.820310	-0.442135	0.810920	0.580663	0.072388	-0.584497	0.797906	0.147338	0.027795	-0.161790	0.986434
35756	18.892542	-8.073282	-8.151159	0.020868	1.723279	-0.481395	0.813107	0.579546	0.054616	-0.580601	0.800654	0.147838	0.041950	-0.151918	0.987502
35757	19.391828	-8.627343	-14.716440	-0.333093	-0.482132	-0.513663	0.816283	0.574666	0.058667	-0.576527	0.804142	0.144816	0.036044	-0.152034	0.987718
35758	20.544967	-7.642096	-10.908120	-1.333459	-2.173926	-0.359565	0.818875	0.568420	0.079641	-0.573875	0.808253	0.131893	0.010600	-0.153708	0.988060
35759	20.200051	-9.181473	-8.468060	-1.933594	-3.262030	0.134753	0.817842	0.564424	0.112069	-0.574796	0.810507	0.112642	-0.027255	-0.156540	0.987295
35760	-2.054135	-10.262583	9.254440	-2.426614	-3.181343	0.470429	0.813661	0.563226	0.143985	-0.577438	0.811666	0.088117	-0.067238	-0.154840	0.985649
35761	0.599726	-8.933881	15.968716	-0.884609	-3.304932	0.902929	0.805677	0.565205	0.177279	-0.583991	0.808009	0.077946	-0.099188	-0.166329	0.981069
35762	-1.952974	-4.259358	10.420663	-0.743044	-3.667090	1.526591	0.792419	0.571100	0.214281	-0.595320	0.800634	0.067670	-0.132914	-0.181189	0.974425
35763	4.433551	-3.892730	9.533755	-0.676169	-4.159192	1.644442	0.776245	0.576252	0.255690	-0.607174	0.792505	0.057229	-0.169657	-0.199672	0.965064
35764	13.919622	-1.094823	13.959577	0.199223	-3.932129	0.954670	0.763153	0.575474	0.293987	-0.614899	0.786581	0.056482	-0.198741	-0.223876	0.954139
35765	15.326105	6.583072	15.897031	0.072389	-3.297912	0.366067	0.753941	0.570615	0.325534	-0.617805	0.784333	0.056019	-0.223362	-0.243351	0.943870
35766	16.946165	1.074962	17.711480	-0.578586	-2.651111	-0.018637	0.747826	0.563850	0.350470	-0.616289	0.785889	0.050658	-0.246867	-0.253874	0.935203
35767	18.366610	0.581128	18.742946	0.244399	-1.390572	-0.215883	0.745664	0.558524	0.363367	-0.615267	0.786488	0.053694	-0.255794	-0.263605	0.930098
35768	8.373507	3.073645	12.207302	-0.308634	-0.687765	-0.009388	0.743969	0.556546	0.369821	-0.614330	0.787408	0.050872	-0.262888	-0.265039	0.927709
35769	5.142660	1.938192	9.911887	-0.341239	-0.583505	0.036278	0.742196	0.555252	0.375286	-0.613667	0.788131	0.047561	-0.269367	-0.265600	0.925688
35770	4.930345	-1.880737	10.648950	-0.303056	-0.554520	0.023630	0.740585	0.553855	0.380499	-0.612928	0.788874	0.044689	-0.275415	-0.266314	0.923701
35771	4.566494	0.973908	9.718724	-0.070363	-0.525398	-0.014905	0.739220	0.552301	0.385380	-0.612598	0.789164	0.044083	-0.279781	-0.268670	0.921704
35772	5.096706	0.282296	10.039631	-0.143725	-0.519303	-0.006838	0.737828	0.550749	0.390238	-0.612069	0.789645	0.042808	-0.284573	-0.270438	0.919718
35773	4.793538	-0.816903	10.101140	-0.041590	-0.418735	-0.026686	0.736794	0.549371	0.394114	-0.611728	0.789924	0.042518	-0.287962	-0.272418	0.918077
35774	4.956979	0.109926	9.959520	0.020347	-0.389471	-0.035546	0.735920	0.547920	0.397751	-0.611444	0.790126	0.042860	-0.290790	-0.274744	0.916492
35775	5.019119	-0.165832	9.605329	0.028858	-0.222333	-0.037833	0.735505	0.546977	0.399811	-0.611224	0.790274	0.043262	-0.292297	-0.276194	0.915576
35776	4.740450	0.098633	9.686701	0.019731	-0.264981	-0.058956	0.735121	0.545674	0.402291	-0.610769	0.790603	0.043693	-0.294210	-0.277827	0.914469
35777	4.377677	0.840862	9.448207	0.093062	-0.165301	-0.058640	0.734994	0.544718	0.403816	-0.610586	0.790683	0.044768	-0.294904	-0.279468	0.913744
35778	4.473900	0.609963	9.413605	0.016904	-0.130751	-0.040974	0.734892	0.543922	0.405071	-0.610253	0.790922	0.045103	-0.295847	-0.280342	0.913172
35779	4.398761	0.522872	9.402329	-0.004893	-0.114656	-0.036512	0.734777	0.543279	0.406141	-0.609944	0.791154	0.045195	-0.296767	-0.280931	0.912692
35780	4.370450	0.236409	9.420360	-0.047428	-0.072978	-0.038327	0.734828	0.542665	0.406870	-0.609439	0.791558	0.044933	-0.297678	-0.280981	0.912380
35781	4.170967	0.390358	9.400654	-0.008604	-0.101965	-0.039652	0.734767	0.542032	0.407822	-0.609097	0.791818	0.045004	-0.298527	-0.281471	0.911952
35782	4.181219	0.569131	9.284076	-0.028951	-0.092103	-0.036349	0.734746	0.541379	0.408725	-0.608661	0.792159	0.044904	-0.299465	-0.281768	0.911552
35783	4.010818	0.581692	9.385719	-0.045928	-0.132836	-0.034638	0.734560	0.540698	0.409960	-0.608243	0.792496	0.044615	-0.300768	-0.282128	0.911012
35784	4.298954	0.576342	9.320922	-0.053021	-0.147101	-0.033006	0.734352	0.539914	0.411364	-0.607757	0.792887	0.044283	-0.302256	-0.282529	0.910395
35785	4.069033	0.618622	9.349850	-0.056970	-0.145898	-0.028215	0.734083	0.539245	0.412718	-0.607352	0.793221	0.043869	-0.303721	-0.282869	0.909802
35786	4.330875	0.837980	9.332906	-0.031653	-0.189920	-0.021968	0.733667	0.538432	0.414516	-0.607016	0.793488	0.043687	-0.305391	-0.283670	0.908993
35787	4.254675	0.589258	9.348257	-0.056965	-0.152449	-0.010533	0.733266	0.537883	0.415937	-0.606739	0.793726	0.043201	-0.306903	-0.284043	0.908367
35788	4.487032	0.209466	9.356133	-0.019668	-0.162215	-0.014235	0.732886	0.537203	0.417482	-0.606492	0.793921	0.043098	-0.308296	-0.284785	0.907662
35789	4.380071	0.368421	9.310282	0.022032	-0.131298	-0.014266	0.732568	0.536682	0.418707	-0.606429	0.793955	0.043346	-0.309172	-0.285670	0.907086
35790	4.324178	0.483678	9.298189	0.027107	-0.130281	-0.014472	0.732283	0.536091	0.419962	-0.606327	0.794016	0.043667	-0.310047	-0.286611	0.906491
35791	4.341697	0.584110	9.255313	0.041787	-0.135944	-0.013398	0.731944	0.535561	0.421227	-0.606333	0.793988	0.044090	-0.310836	-0.287675	0.905883
35792	4.337404	0.563996	9.278541	0.047796	-0.145907	-0.009487	0.731580	0.534959	0.422622	-0.606329	0.793963	0.044579	-0.311698	-0.288862	0.905209
35793	4.418069	0.542956	9.308850	0.057267	-0.149606	-0.010650	0.731179	0.534409	0.424011	-0.606404	0.793875	0.045131	-0.312493	-0.290121	0.904532
35794	4.445631	0.509797	9.296987	0.075399	-0.146525	-0.003987	0.730774	0.533848	0.425413	-0.606531	0.793737	0.045845	-0.313191	-0.291529	0.903837
35795	4.451979	0.481336	9.196415	0.078566	-0.138785	-0.004570	0.730368	0.533373	0.426704	-0.606718	0.793552	0.046563	-0.313776	-0.292897	0.903192
35796	4.420965	0.516771	9.208052	0.088690	-0.131255	0.003349	0.729966	0.532910	0.427969	-0.606941	0.793334	0.047366	-0.314281	-0.294327	0.902552
35797	4.490073	0.603683	9.218256	0.113745	-0.138611	0.004027	0.729506	0.532499	0.429261	-0.607302	0.792997	0.048363	-0.314649	-0.295972	0.901885
35798	4.388450	0.544169	9.208887	0.108147	-0.134418	0.008604	0.729061	0.532064	0.430555	-0.607625	0.792691	0.049317	-0.315057	-0.297571	0.901216
35799	4.410076	0.564264	9.274171	0.140917	-0.146974	0.017103	0.728495	0.531727	0.431927	-0.608168	0.792200	0.050501	-0.315319	-0.299474	0.900494
35800	4.467428	0.607343	9.257643	0.130307	-0.144559	0.019590	0.727949	0.531345	0.433316	-0.608644	0.791764	0.051605	-0.315664	-0.301300	0.899763
35801	4.514032	0.550010	9.172557	0.150385	-0.148960	0.024132	0.727333	0.531053	0.434707	-0.609268	0.791202	0.052841	-0.315880	-0.303287	0.899020
35802	4.541952	0.554554	9.148168	0.140207	-0.123311	0.026272	0.726815	0.530778	0.435906	-0.609819	0.790698	0.054004	-0.316006	-0.305075	0.898370
35803	4.564430	0.667180	9.209687	0.143724	-0.123070	0.025799	0.726270	0.530572	0.437064	-0.610435	0.790143	0.055171	-0.316071	-0.306869	0.897736
