// General information: 
//  MT Manager version: 2022.2.0 
//  XDA version: 2022.2.0 build 7381 rev 124627 built on 2023-07-19
// Device information: 
//  DeviceId: 00B4CAF0
//  ProductCode: MTW2-3A7G6
//  Firmware Version: 4.6.0
//  Hardware Version: 2.0.0
// Device settings: 
//  Filter Profile: human(46.1)
//  Option Flags: Orientation Smoother Disabled, Position/Velocity Smoother Disabled, Continuous Zero Rotation Update Disabled, AHS Disabled, ICC Disabled
// Coordinate system: ENU
PacketCounter	Acc_X	Acc_Y	Acc_Z	Gyr_X	Gyr_Y	Gyr_Z	Mat[1][1]	Mat[2][1]	Mat[3][1]	Mat[1][2]	Mat[2][2]	Mat[3][2]	Mat[1][3]	Mat[2][3]	Mat[3][3]
08768	5.018441	0.696850	8.890383	0.006452	-0.002179	0.002408	0.781867	0.386996	0.488793	-0.474194	0.878145	0.063252	-0.404753	-0.281237	0.870104
08769	5.044276	0.685336	8.910024	0.008059	-0.003608	0.001955	0.781836	0.386976	0.488857	-0.474214	0.878131	0.063296	-0.404787	-0.281310	0.870064
08770	5.091654	0.721747	8.901001	0.006469	-0.003643	0.001979	0.781887	0.386789	0.488925	-0.474051	0.878216	0.063342	-0.404881	-0.281302	0.870023
08771	5.068133	0.700430	8.888328	0.004939	-0.003070	0.005359	0.781843	0.386800	0.488987	-0.474085	0.878198	0.063342	-0.404926	-0.281345	0.869988
08772	5.066849	0.713673	8.867831	0.001520	0.005894	0.001693	0.781894	0.386704	0.488981	-0.473981	0.878253	0.063354	-0.404949	-0.281304	0.869991
08773	5.066882	0.721152	8.901892	0.003113	0.008431	0.003992	0.781903	0.386735	0.488942	-0.473997	0.878245	0.063344	-0.404913	-0.281286	0.870013
08774	5.041787	0.719857	8.903021	-0.003244	0.008289	0.004084	0.781871	0.386790	0.488948	-0.474037	0.878227	0.063292	-0.404927	-0.281266	0.870014
08775	5.042910	0.685985	8.910747	0.003147	0.005501	0.003134	0.781873	0.386806	0.488934	-0.474047	0.878222	0.063287	-0.404913	-0.281260	0.870022
08776	4.992406	0.696875	8.891932	-0.000028	0.007932	0.005502	0.781766	0.386974	0.488972	-0.474230	0.878127	0.063243	-0.404906	-0.281326	0.870004
08777	4.993742	0.690915	8.946480	0.000024	0.003538	0.004216	0.781754	0.386994	0.488976	-0.474235	0.878126	0.063205	-0.404923	-0.281301	0.870004
08778	5.018963	0.650767	8.919580	0.001631	0.002109	0.003764	0.781646	0.387114	0.489052	-0.474395	0.878040	0.063198	-0.404942	-0.281402	0.869962
08779	5.041031	0.706089	8.924711	0.003276	0.000252	0.004777	0.781618	0.387129	0.489085	-0.474419	0.878029	0.063186	-0.404969	-0.281418	0.869945
08780	5.040444	0.698696	8.890965	0.001666	-0.000820	0.002906	0.781709	0.386928	0.489100	-0.474213	0.878138	0.063218	-0.405036	-0.281356	0.869934
08781	5.066021	0.686774	8.910788	0.004827	0.000714	0.003289	0.781689	0.386931	0.489128	-0.474231	0.878127	0.063227	-0.405052	-0.281383	0.869917
08782	5.064724	0.700122	8.890295	0.003182	0.002572	0.002277	0.781664	0.386906	0.489189	-0.474215	0.878137	0.063208	-0.405119	-0.281388	0.869885
08783	5.040181	0.699071	8.891085	0.001669	0.001681	0.005228	0.781639	0.386929	0.489210	-0.474235	0.878128	0.063180	-0.405143	-0.281384	0.869875
08784	5.041739	0.665377	8.898549	0.003220	0.002144	0.003741	0.781532	0.387028	0.489303	-0.474370	0.878057	0.063155	-0.405194	-0.281468	0.869824
08785	5.017129	0.664390	8.899370	0.003203	0.003609	0.004170	0.781520	0.387047	0.489307	-0.474388	0.878048	0.063145	-0.405195	-0.281470	0.869823
08786	5.063967	0.700308	8.890712	0.003220	0.002144	0.003741	0.781440	0.387142	0.489360	-0.474524	0.877973	0.063169	-0.405189	-0.281576	0.869791
08787	5.064968	0.687204	8.911353	0.001631	0.002109	0.003764	0.781424	0.387153	0.489376	-0.474533	0.877970	0.063148	-0.405210	-0.281571	0.869783
08788	5.015367	0.677615	8.879150	0.003241	0.003181	0.005634	0.781412	0.387146	0.489400	-0.474539	0.877965	0.063159	-0.405225	-0.281593	0.869769
08789	5.038779	0.699257	8.891865	0.001503	0.007358	0.002121	0.781426	0.387157	0.489370	-0.474534	0.877969	0.063145	-0.405205	-0.281566	0.869787
08790	5.038805	0.678562	8.878999	0.000045	0.004576	0.006108	0.781489	0.387063	0.489343	-0.474426	0.878026	0.063160	-0.405209	-0.281516	0.869801
08791	4.989417	0.697020	8.893599	0.004823	-0.001788	0.000968	0.781471	0.387039	0.489392	-0.474426	0.878025	0.063181	-0.405245	-0.281554	0.869772
08792	5.015209	0.685390	8.913282	0.006467	-0.003645	0.001982	0.781419	0.387026	0.489485	-0.474473	0.877996	0.063240	-0.405291	-0.281664	0.869715
08793	4.994263	0.638252	8.941539	0.011303	-0.009400	0.000199	0.781373	0.386973	0.489600	-0.474492	0.877979	0.063320	-0.405355	-0.281788	0.869645
08794	5.065359	0.689212	8.910976	0.011323	-0.008363	0.002092	0.781432	0.386752	0.489680	-0.474329	0.878059	0.063440	-0.405432	-0.281844	0.869591
08795	5.089771	0.683692	8.876119	0.009679	-0.006505	0.001079	0.781395	0.386715	0.489769	-0.474349	0.878043	0.063502	-0.405481	-0.281942	0.869536
08796	5.088791	0.746256	8.915170	0.011268	-0.006471	0.001056	0.781404	0.386584	0.489858	-0.474287	0.878069	0.063614	-0.405537	-0.282042	0.869478
08797	5.041464	0.703912	8.889976	0.011217	-0.002076	0.002341	0.781378	0.386570	0.489910	-0.474322	0.878045	0.063684	-0.405545	-0.282136	0.869444
08798	5.066485	0.684959	8.876013	0.003216	-0.000358	0.001419	0.781429	0.386436	0.489935	-0.474203	0.878106	0.063732	-0.405587	-0.282131	0.869426
08799	5.064805	0.718733	8.868591	0.001648	0.000645	0.003335	0.781410	0.386438	0.489964	-0.474208	0.878105	0.063713	-0.405618	-0.282131	0.869411
08800	5.065703	0.705658	8.889300	0.004796	0.006147	0.006466	0.781446	0.386367	0.489961	-0.474130	0.878146	0.063721	-0.405638	-0.282100	0.869412
08801	5.067001	0.672219	8.896915	0.004733	0.003033	0.000788	0.781449	0.386354	0.489968	-0.474128	0.878146	0.063742	-0.405636	-0.282119	0.869407
08802	5.041711	0.692010	8.910960	0.003111	0.005929	0.001667	0.781454	0.386323	0.489985	-0.474106	0.878156	0.063758	-0.405652	-0.282129	0.869396
08803	5.040145	0.705327	8.890611	0.004792	0.003644	0.004145	0.781443	0.386340	0.489988	-0.474130	0.878143	0.063763	-0.405645	-0.282145	0.869394
08804	5.089309	0.715181	8.923034	0.003123	0.001961	-0.001082	0.781409	0.386328	0.490052	-0.474149	0.878131	0.063784	-0.405688	-0.282199	0.869357
08805	5.039630	0.705758	8.890869	0.003224	0.004648	0.006061	0.781393	0.386366	0.490048	-0.474182	0.878115	0.063766	-0.405681	-0.282198	0.869360
08806	5.041065	0.671942	8.898438	0.000079	0.001649	0.005250	0.781383	0.386325	0.490095	-0.474138	0.878141	0.063734	-0.405750	-0.282174	0.869336
08807	5.063636	0.706527	8.890409	0.001631	0.002110	0.003763	0.781368	0.386336	0.490111	-0.474146	0.878138	0.063713	-0.405770	-0.282168	0.869328
08808	5.063968	0.685947	8.877374	0.001593	0.002537	0.002298	0.781324	0.386384	0.490143	-0.474225	0.878093	0.063742	-0.405762	-0.282241	0.869308
08809	5.039399	0.684952	8.878171	0.003220	0.002145	0.003740	0.781309	0.386394	0.490159	-0.474239	0.878086	0.063735	-0.405775	-0.282250	0.869300
08810	5.061732	0.719783	8.870260	0.003131	0.006966	0.003559	0.781309	0.386394	0.490159	-0.474245	0.878082	0.063747	-0.405768	-0.282261	0.869299
08811	5.062227	0.706762	8.891192	0.003115	0.008431	0.003987	0.781318	0.386424	0.490120	-0.474260	0.878074	0.063738	-0.405732	-0.282244	0.869321
08812	5.035990	0.718972	8.871706	0.003056	0.007820	0.000630	0.781370	0.386350	0.490097	-0.474184	0.878113	0.063772	-0.405722	-0.282226	0.869332
08813	5.037544	0.692657	8.913266	-0.001632	0.009366	0.005947	0.781374	0.386400	0.490052	-0.474196	0.878111	0.063712	-0.405701	-0.282164	0.869362
08814	5.037930	0.679367	8.934275	0.003114	0.008431	0.003987	0.781493	0.386252	0.489977	-0.474027	0.878199	0.063763	-0.405669	-0.282093	0.869400
08815	5.011098	0.684008	8.881070	0.001505	0.007359	0.002117	0.781507	0.386262	0.489947	-0.474021	0.878203	0.063750	-0.405649	-0.282066	0.869418
08816	5.034320	0.705729	8.893879	0.003093	0.007393	0.002095	0.781519	0.386249	0.489939	-0.474013	0.878205	0.063772	-0.405635	-0.282077	0.869421
08817	5.059349	0.693832	8.914031	0.003164	0.004036	0.002704	0.781516	0.386255	0.489938	-0.474019	0.878203	0.063770	-0.405633	-0.282077	0.869422
08818	5.034628	0.692857	8.914898	0.001575	0.004002	0.002726	0.781478	0.386248	0.490005	-0.474013	0.878209	0.063722	-0.405715	-0.282066	0.869387
08819	5.057445	0.707179	8.893880	0.004699	0.005962	0.001645	0.781488	0.386250	0.489987	-0.474016	0.878206	0.063739	-0.405691	-0.282073	0.869396
08820	5.081315	0.708277	8.893490	-0.001657	0.005826	0.001733	0.781539	0.386134	0.489998	-0.473870	0.878288	0.063695	-0.405764	-0.281976	0.869393
08821	5.056446	0.707172	8.894449	0.003147	0.005501	0.003132	0.781540	0.386147	0.489985	-0.473878	0.878284	0.063691	-0.405752	-0.281970	0.869401
08822	5.054720	0.720373	8.874209	0.003113	0.008431	0.003987	0.781613	0.386064	0.489935	-0.473785	0.878332	0.063730	-0.405721	-0.281936	0.869427
08823	5.054586	0.699814	8.861447	0.001541	0.006932	0.003581	0.781618	0.386086	0.489909	-0.473790	0.878330	0.063710	-0.405705	-0.281911	0.869442
08824	5.028969	0.719205	8.875670	-0.000082	0.009828	0.004458	0.781585	0.386166	0.489898	-0.473866	0.878291	0.063688	-0.405679	-0.281924	0.869450
08825	5.030375	0.692840	8.917299	0.001507	0.009862	0.004437	0.781598	0.386203	0.489848	-0.473878	0.878286	0.063663	-0.405640	-0.281887	0.869480
08826	5.007094	0.657866	8.925728	-0.001530	0.003081	0.005699	0.781570	0.386216	0.489884	-0.473891	0.878281	0.063633	-0.405680	-0.281885	0.869462
08827	5.005426	0.691334	8.918321	0.003324	-0.001639	0.005816	0.781530	0.386233	0.489934	-0.473921	0.878266	0.063617	-0.405722	-0.281909	0.869435
08828	5.056022	0.659528	8.924334	-0.001443	-0.001740	0.005881	0.781504	0.386172	0.490024	-0.473856	0.878306	0.063555	-0.405847	-0.281869	0.869389
08829	5.052861	0.698916	8.862502	0.008035	-0.002149	0.002393	0.781478	0.386157	0.490077	-0.473878	0.878291	0.063597	-0.405871	-0.281936	0.869356
08830	5.053551	0.706676	8.896133	0.001645	0.000646	0.003335	0.781505	0.386039	0.490126	-0.473758	0.878356	0.063585	-0.405959	-0.281893	0.869329
08831	5.029650	0.685041	8.883690	0.001645	0.000646	0.003335	0.781486	0.386041	0.490156	-0.473762	0.878356	0.063566	-0.405992	-0.281893	0.869314
08832	5.077804	0.707585	8.895550	0.000039	0.002077	0.003785	0.781504	0.385990	0.490166	-0.473718	0.878378	0.063587	-0.406007	-0.281894	0.869307
08833	5.029267	0.684798	8.883926	0.001595	0.005040	0.004618	0.781497	0.386015	0.490158	-0.473732	0.878372	0.063562	-0.406005	-0.281877	0.869313
08834	5.077553	0.686764	8.882877	0.001578	0.006505	0.005046	0.781446	0.386110	0.490164	-0.473843	0.878312	0.063565	-0.405974	-0.281933	0.869309
08835	5.030061	0.679019	8.938733	0.001575	0.004002	0.002726	0.781443	0.386116	0.490164	-0.473841	0.878314	0.063549	-0.405981	-0.281920	0.869310
08836	5.076219	0.707380	8.896471	0.004772	0.005108	0.004575	0.781407	0.386153	0.490193	-0.473904	0.878279	0.063569	-0.405978	-0.281978	0.869293
08837	5.076079	0.686747	8.883721	-0.001706	0.010221	0.003014	0.781428	0.386179	0.490139	-0.473892	0.878289	0.063524	-0.405952	-0.281912	0.869327
08838	5.122376	0.722391	8.875450	0.004722	0.009503	0.005858	0.781375	0.386263	0.490157	-0.473986	0.878239	0.063510	-0.405944	-0.281953	0.869317
08839	5.097758	0.708303	8.897448	0.001282	0.021396	0.003033	0.781441	0.386320	0.490006	-0.473986	0.878240	0.063490	-0.405816	-0.281870	0.869404
08840	5.049614	0.631316	8.881109	-0.000378	0.024719	0.002444	0.781473	0.386419	0.489878	-0.474036	0.878216	0.063459	-0.405697	-0.281811	0.869478
08841	5.021013	0.684585	8.888610	0.002798	0.022283	0.000083	0.781557	0.386453	0.489718	-0.474019	0.878224	0.063467	-0.405555	-0.281738	0.869568
08842	4.996420	0.677985	8.944575	-0.000293	0.019898	0.002627	0.781665	0.386407	0.489581	-0.473919	0.878278	0.063470	-0.405463	-0.281634	0.869645
08843	4.994327	0.670570	8.911724	0.002918	0.014531	-0.000589	0.781721	0.386413	0.489487	-0.473897	0.878289	0.063482	-0.405381	-0.281592	0.869697
08844	5.015897	0.705421	8.904306	0.003059	0.012825	0.005270	0.781759	0.386436	0.489407	-0.473910	0.878280	0.063513	-0.405293	-0.281587	0.869739
08845	5.014973	0.705652	8.904809	0.004610	0.008278	-0.000854	0.781791	0.386422	0.489368	-0.473892	0.878287	0.063541	-0.405252	-0.281584	0.869759
08846	5.038538	0.706895	8.904627	0.001468	0.010288	0.002971	0.781837	0.386405	0.489308	-0.473865	0.878300	0.063571	-0.405195	-0.281568	0.869791
08847	5.037137	0.727421	8.918248	0.001503	0.009862	0.004436	0.781850	0.386442	0.489258	-0.473877	0.878295	0.063547	-0.405156	-0.281532	0.869821
08848	5.062241	0.666651	8.878754	0.001468	0.010288	0.002971	0.781938	0.386334	0.489202	-0.473741	0.878367	0.063558	-0.405144	-0.281454	0.869852
08849	5.035839	0.706685	8.906171	-0.000138	0.011720	0.003418	0.781964	0.386367	0.489135	-0.473738	0.878372	0.063524	-0.405099	-0.281396	0.869892
08850	5.059774	0.687061	8.892993	0.001433	0.010715	0.001506	0.782016	0.386291	0.489111	-0.473638	0.878426	0.063513	-0.405114	-0.281330	0.869906
08851	5.033276	0.699196	8.873618	0.003022	0.013252	0.003805	0.782046	0.386331	0.489032	-0.473651	0.878420	0.063505	-0.405041	-0.281294	0.869951
08852	5.009569	0.664659	8.882194	0.003056	0.007818	0.000632	0.782058	0.386312	0.489028	-0.473640	0.878424	0.063529	-0.405032	-0.281307	0.869951
08853	5.008985	0.692768	8.929338	-0.000035	0.005434	0.003174	0.782059	0.386325	0.489016	-0.473635	0.878429	0.063497	-0.405036	-0.281274	0.869960
08854	4.983446	0.683956	8.896620	-0.001642	0.009369	0.005940	0.782089	0.386307	0.488983	-0.473588	0.878457	0.063466	-0.405033	-0.281213	0.869982
08855	5.032682	0.672860	8.916325	0.004714	0.004495	0.001223	0.782096	0.386300	0.488978	-0.473587	0.878456	0.063486	-0.405021	-0.281225	0.869983
08856	5.032163	0.673125	8.916598	0.003091	0.007391	0.002097	0.782147	0.386254	0.488931	-0.473549	0.878472	0.063551	-0.404965	-0.281239	0.870004
08857	5.031621	0.645268	8.870077	0.004731	0.005533	0.003115	0.782149	0.386267	0.488918	-0.473563	0.878463	0.063561	-0.404945	-0.281248	0.870011
08858	5.052766	0.721376	8.888562	0.003056	0.007818	0.000632	0.782213	0.386168	0.488894	-0.473460	0.878517	0.063596	-0.404943	-0.281217	0.870022
08859	5.030351	0.673872	8.917563	0.004679	0.007425	0.002077	0.782227	0.386176	0.488864	-0.473465	0.878513	0.063611	-0.404908	-0.281218	0.870038
08860	5.051968	0.701343	8.876159	0.003056	0.007818	0.000631	0.782181	0.386240	0.488889	-0.473546	0.878469	0.063612	-0.404904	-0.281268	0.870024
08861	5.003962	0.693828	8.932072	0.001466	0.010289	0.002970	0.782202	0.386264	0.488835	-0.473546	0.878470	0.063595	-0.404863	-0.281230	0.870055
08862	4.932240	0.636720	8.928571	0.006319	0.005566	0.003096	0.782203	0.386260	0.488837	-0.473566	0.878456	0.063645	-0.404839	-0.281280	0.870050
08863	4.975390	0.760866	8.918239	0.006304	0.002023	-0.001115	0.782211	0.386225	0.488852	-0.473553	0.878460	0.063689	-0.404839	-0.281316	0.870039
08864	5.028985	0.662501	8.939378	0.008047	-0.003617	0.001980	0.782222	0.386115	0.488922	-0.473490	0.878488	0.063768	-0.404890	-0.281380	0.869994
08865	5.026400	0.730283	8.924070	0.004990	-0.008930	0.003668	0.782162	0.386091	0.489035	-0.473510	0.878477	0.063777	-0.404982	-0.281447	0.869929
08866	5.051034	0.724040	8.889329	0.004972	-0.007465	0.004095	0.782133	0.386011	0.489145	-0.473477	0.878492	0.063815	-0.405077	-0.281511	0.869865
08867	5.075351	0.745724	8.901572	0.003348	-0.002064	0.007287	0.782085	0.386038	0.489201	-0.473518	0.878471	0.063793	-0.405123	-0.281537	0.869835
08868	5.053460	0.690346	8.896328	0.000154	-0.005673	0.003115	0.782058	0.385949	0.489315	-0.473444	0.878513	0.063762	-0.405261	-0.281529	0.869773
08869	5.005856	0.674996	8.918062	-0.001572	0.003511	0.004230	0.782046	0.385965	0.489321	-0.473441	0.878518	0.063712	-0.405286	-0.281490	0.869774
08870	5.055689	0.663698	8.937462	0.001742	-0.003136	0.005414	0.782095	0.385818	0.489358	-0.473300	0.878593	0.063733	-0.405357	-0.281459	0.869751
08871	5.053673	0.689850	8.896245	0.003211	0.002144	0.003745	0.782081	0.385826	0.489376	-0.473312	0.878587	0.063727	-0.405371	-0.281467	0.869742
08872	5.052994	0.682366	8.862640	0.001622	0.002111	0.003764	0.782146	0.385675	0.489390	-0.473149	0.878674	0.063732	-0.405434	-0.281402	0.869733
08873	5.029980	0.675850	8.917623	0.003177	0.002570	0.002280	0.782140	0.385671	0.489402	-0.473150	0.878674	0.063733	-0.405445	-0.281409	0.869726
08874	5.054655	0.656540	8.904033	0.004732	0.003029	0.000795	0.782151	0.385623	0.489424	-0.473125	0.878683	0.063779	-0.405454	-0.281444	0.869711
08875	5.028879	0.697301	8.930986	0.009481	0.004592	0.001164	0.782158	0.385615	0.489418	-0.473143	0.878669	0.063841	-0.405419	-0.281498	0.869710
08876	5.052468	0.691304	8.896817	0.004799	0.002177	0.003725	0.782090	0.385694	0.489466	-0.473266	0.878601	0.063877	-0.405408	-0.281605	0.869680
08877	5.052209	0.719832	8.943719	0.006286	0.003487	-0.000689	0.782101	0.385666	0.489468	-0.473256	0.878603	0.063920	-0.405396	-0.281636	0.869675
08878	5.051835	0.692078	8.897116	0.003142	0.005501	0.003133	0.782124	0.385604	0.489481	-0.473192	0.878637	0.063923	-0.405427	-0.281614	0.869668
08879	5.050428	0.705545	8.876702	0.007909	0.003094	0.000757	0.782127	0.385588	0.489488	-0.473200	0.878629	0.063972	-0.405412	-0.281660	0.869660
08880	5.073893	0.727571	8.889400	0.003108	0.005926	0.001667	0.782182	0.385490	0.489479	-0.473097	0.878683	0.063996	-0.405427	-0.281627	0.869664
08881	5.072132	0.740693	8.869217	-0.000155	0.010682	0.001520	0.782212	0.385502	0.489420	-0.473078	0.878695	0.063971	-0.405390	-0.281573	0.869699
08882	5.048883	0.713338	8.911538	-0.000071	0.010871	0.006342	0.782262	0.385455	0.489379	-0.472995	0.878742	0.063939	-0.405392	-0.281491	0.869724
08883	5.024057	0.691416	8.899598	-0.001727	0.011689	0.003431	0.782287	0.385487	0.489313	-0.472985	0.878751	0.063892	-0.405354	-0.281419	0.869765
08884	5.023041	0.691090	8.900197	-0.001727	0.011689	0.003431	0.782305	0.385492	0.489280	-0.472958	0.878769	0.063847	-0.405352	-0.281357	0.869786
08885	4.976067	0.642132	8.929900	0.001569	0.006508	0.005044	0.782302	0.385523	0.489261	-0.472973	0.878762	0.063821	-0.405339	-0.281334	0.869799
08886	4.999414	0.663589	8.942715	-0.000036	0.005435	0.003171	0.782318	0.385491	0.489260	-0.472934	0.878784	0.063815	-0.405354	-0.281311	0.869800
08887	5.022717	0.677816	8.921567	0.006456	-0.003652	0.002002	0.782288	0.385467	0.489327	-0.472946	0.878775	0.063846	-0.405398	-0.281371	0.869760
08888	5.071045	0.700763	8.933435	0.004798	0.002177	0.003727	0.782233	0.385495	0.489393	-0.473005	0.878743	0.063852	-0.405436	-0.281433	0.869723
08889	5.142889	0.717035	8.911261	0.004763	0.005107	0.004580	0.782226	0.385518	0.489385	-0.473030	0.878729	0.063856	-0.405419	-0.281444	0.869727
08890	5.092817	0.707685	8.879172	0.002988	0.013678	0.002334	0.782223	0.385601	0.489325	-0.473115	0.878682	0.063884	-0.405327	-0.281479	0.869759
08891	5.069183	0.652621	8.874895	0.004542	0.016640	0.003168	0.782270	0.385645	0.489216	-0.473128	0.878674	0.063893	-0.405221	-0.281443	0.869819
08892	5.017302	0.712673	8.916150	0.002887	0.017459	0.000256	0.782287	0.385701	0.489145	-0.473170	0.878650	0.063905	-0.405139	-0.281441	0.869858
08893	4.991423	0.711936	8.917531	0.002904	0.015994	-0.000170	0.782347	0.385712	0.489039	-0.473150	0.878660	0.063916	-0.405046	-0.281393	0.869917
08894	4.991500	0.678420	8.925845	0.001330	0.017001	0.001740	0.782389	0.385754	0.488939	-0.473169	0.878648	0.063936	-0.404942	-0.281374	0.869972
08895	5.013092	0.713370	8.918462	0.006166	0.011237	-0.000020	0.782429	0.385753	0.488875	-0.473164	0.878649	0.063974	-0.404871	-0.281373	0.870005
08896	5.037136	0.694040	8.905294	0.001483	0.008824	0.002539	0.782337	0.385897	0.488909	-0.473325	0.878563	0.063948	-0.404860	-0.281442	0.869988
08897	5.012581	0.700790	8.939871	0.006316	0.005565	0.003098	0.782340	0.385909	0.488896	-0.473345	0.878551	0.063973	-0.404833	-0.281465	0.869993
08898	5.036068	0.694474	8.905864	0.003171	0.005075	0.004599	0.782300	0.385949	0.488928	-0.473401	0.878521	0.063971	-0.404844	-0.281504	0.869975
08899	5.012332	0.680638	8.927191	0.004730	0.003027	0.000799	0.782303	0.385933	0.488936	-0.473396	0.878522	0.063993	-0.404844	-0.281523	0.869969
08900	5.035296	0.694930	8.906265	0.003121	0.006966	0.003560	0.782280	0.386001	0.488918	-0.473484	0.878472	0.064032	-0.404785	-0.281586	0.869976
08901	5.033725	0.708172	8.885976	0.003074	0.006351	0.000203	0.782299	0.385989	0.488897	-0.473468	0.878480	0.064043	-0.404767	-0.281578	0.869987
08902	5.057636	0.709471	8.885677	0.004713	0.004493	0.001225	0.782322	0.385914	0.488920	-0.473405	0.878512	0.064071	-0.404796	-0.281581	0.869973
08903	5.031706	0.721687	8.865920	0.001515	0.008399	0.004003	0.782332	0.385941	0.488883	-0.473412	0.878509	0.064049	-0.404769	-0.281551	0.869995
08904	5.030890	0.749697	8.913111	-0.000074	0.008367	0.004021	0.782377	0.385909	0.488836	-0.473363	0.878535	0.064058	-0.404739	-0.281514	0.870021
08905	5.031638	0.715813	8.921088	-0.000092	0.009832	0.004447	0.782390	0.385944	0.488787	-0.473367	0.878536	0.064020	-0.404709	-0.281464	0.870051
08906	5.008450	0.660364	8.916564	-0.000124	0.010257	0.002982	0.782472	0.385852	0.488729	-0.473242	0.878603	0.064020	-0.404697	-0.281381	0.870084
08907	5.006206	0.693891	8.909460	0.001564	0.006509	0.005043	0.782469	0.385883	0.488710	-0.473258	0.878597	0.063994	-0.404685	-0.281359	0.870096
08908	5.006725	0.652675	8.883612	0.003120	0.006966	0.003560	0.782444	0.385920	0.488720	-0.473307	0.878570	0.064001	-0.404675	-0.281392	0.870090
08909	5.007684	0.647321	8.938146	0.004776	0.003642	0.004156	0.782434	0.385935	0.488725	-0.473328	0.878558	0.064007	-0.404670	-0.281408	0.870087
08910	5.030878	0.661815	8.917100	0.007925	0.001625	0.000339	0.782444	0.385869	0.488761	-0.473302	0.878566	0.064082	-0.404681	-0.281472	0.870061
08911	5.029178	0.696049	8.909633	0.006350	0.002634	0.002248	0.782438	0.385864	0.488773	-0.473315	0.878557	0.064111	-0.404677	-0.281507	0.870052
08912	5.052264	0.710596	8.888643	0.006269	0.004949	-0.000257	0.782481	0.385791	0.488763	-0.473264	0.878579	0.064186	-0.404655	-0.281538	0.870052
08913	5.026509	0.723238	8.868741	0.007921	0.004131	0.002656	0.782479	0.385794	0.488763	-0.473286	0.878564	0.064227	-0.404631	-0.281581	0.870049
08914	5.027535	0.718207	8.923209	0.004712	0.004492	0.001225	0.782450	0.385811	0.488796	-0.473331	0.878538	0.064257	-0.404635	-0.281640	0.870028
08915	4.978352	0.716453	8.924473	0.003169	0.005076	0.004599	0.782443	0.385834	0.488789	-0.473350	0.878529	0.064247	-0.404627	-0.281638	0.870033
08916	4.954983	0.702523	8.945574	0.003325	-0.005607	0.003085	0.782427	0.385738	0.488890	-0.473285	0.878562	0.064261	-0.404732	-0.281664	0.869975
08917	5.028358	0.697980	8.909945	0.003405	-0.007922	0.005591	0.782363	0.385733	0.488997	-0.473312	0.878548	0.064249	-0.404824	-0.281714	0.869916
08918	4.956407	0.702612	8.944778	0.001803	-0.008994	0.003717	0.782317	0.385646	0.489139	-0.473263	0.878576	0.064241	-0.404971	-0.281748	0.869837
08919	5.030143	0.698118	8.908927	0.006666	-0.012679	0.005745	0.782233	0.385629	0.489287	-0.473304	0.878552	0.064255	-0.405085	-0.281844	0.869753
08920	5.007473	0.677060	8.895682	0.009797	-0.013232	0.002354	0.782203	0.385486	0.489447	-0.473239	0.878582	0.064334	-0.405220	-0.281948	0.869657
08921	5.058076	0.659418	8.880728	0.014564	-0.015644	-0.000015	0.782134	0.385410	0.489617	-0.473268	0.878558	0.064445	-0.405319	-0.282125	0.869553
08922	5.106009	0.716827	8.884387	0.012923	-0.011279	0.001278	0.782122	0.385269	0.489748	-0.473214	0.878578	0.064568	-0.405406	-0.282256	0.869470
08923	5.130450	0.739433	8.896490	0.011167	-0.001668	0.000916	0.782105	0.385240	0.489798	-0.473236	0.878561	0.064646	-0.405413	-0.282350	0.869436
08924	5.107999	0.685062	8.891517	0.007843	0.003938	-0.002170	0.782227	0.385011	0.489783	-0.473017	0.878672	0.064739	-0.405433	-0.282316	0.869437
08925	5.033300	0.695808	8.872796	0.004614	0.008272	-0.000859	0.782259	0.384994	0.489745	-0.472998	0.878680	0.064769	-0.405393	-0.282314	0.869457
08926	5.009639	0.661798	8.881294	0.009393	0.009408	0.000979	0.782316	0.384921	0.489712	-0.472940	0.878705	0.064848	-0.405351	-0.282336	0.869469
08927	5.033187	0.691791	8.927853	0.007776	0.007293	-0.002785	0.782353	0.384885	0.489681	-0.472919	0.878711	0.064914	-0.405304	-0.282365	0.869482
08928	5.006801	0.697065	8.874355	0.007825	0.005404	-0.001744	0.782423	0.384779	0.489652	-0.472840	0.878746	0.065022	-0.405261	-0.282402	0.869490
08929	5.031225	0.706322	8.907670	0.006286	0.003482	-0.000686	0.782435	0.384750	0.489656	-0.472829	0.878749	0.065065	-0.405250	-0.282433	0.869485
08930	5.005533	0.747238	8.934390	0.007923	0.001624	0.000338	0.782502	0.384606	0.489663	-0.472713	0.878805	0.065157	-0.405258	-0.282455	0.869474
08931	5.054207	0.721570	8.886654	0.006318	0.003058	0.000780	0.782505	0.384589	0.489671	-0.472713	0.878801	0.065194	-0.405251	-0.282488	0.869467
08932	5.054546	0.729621	8.920349	0.003162	-0.000978	-0.001925	0.782509	0.384503	0.489731	-0.472655	0.878830	0.065230	-0.405310	-0.282517	0.869430
08933	5.032762	0.653921	8.902335	0.001634	0.000650	0.003339	0.782491	0.384501	0.489762	-0.472657	0.878830	0.065213	-0.405343	-0.282518	0.869414
08934	5.056035	0.696411	8.927902	0.007986	0.000776	0.003269	0.782517	0.384392	0.489807	-0.472575	0.878870	0.065265	-0.405389	-0.282541	0.869385
08935	5.054111	0.722872	8.886602	0.004828	-0.000753	0.002879	0.782495	0.384382	0.489849	-0.472586	0.878864	0.065278	-0.405419	-0.282576	0.869360
08936	5.053921	0.723145	8.886689	0.004726	0.005534	0.003112	0.782498	0.384355	0.489865	-0.472570	0.878871	0.065298	-0.405431	-0.282591	0.869349
08937	5.004849	0.721418	8.887906	0.004824	0.001755	0.005194	0.782476	0.384372	0.489888	-0.472599	0.878855	0.065300	-0.405441	-0.282616	0.869337
08938	4.980432	0.720451	8.888455	0.001697	-0.000197	0.006270	0.782435	0.384364	0.489959	-0.472604	0.878854	0.065274	-0.405514	-0.282629	0.869298
08939	4.981144	0.727970	8.921983	0.003368	-0.004987	0.006445	0.782379	0.384374	0.490041	-0.472636	0.878838	0.065257	-0.405584	-0.282667	0.869253
08940	5.008248	0.674670	8.915607	0.003420	-0.009384	0.005172	0.782281	0.384367	0.490203	-0.472683	0.878814	0.065246	-0.405718	-0.282751	0.869163
08941	5.034985	0.641996	8.922178	0.001800	-0.008992	0.003723	0.782221	0.384342	0.490317	-0.472688	0.878812	0.065228	-0.405827	-0.282790	0.869100
08942	5.080576	0.724380	8.884837	0.006579	-0.007856	0.005561	0.782208	0.384227	0.490429	-0.472618	0.878848	0.065265	-0.405936	-0.282836	0.869034
08943	5.058003	0.710691	8.905506	0.004993	-0.010395	0.003264	0.782145	0.384193	0.490556	-0.472632	0.878839	0.065278	-0.406040	-0.282909	0.868961
08944	5.083086	0.711887	8.904548	0.004925	-0.004532	0.004961	0.782116	0.384126	0.490654	-0.472598	0.878856	0.065292	-0.406134	-0.282948	0.868905
08945	5.082439	0.725076	8.883714	0.003256	-0.002250	0.002472	0.782090	0.384108	0.490710	-0.472599	0.878855	0.065293	-0.406183	-0.282974	0.868873
08946	5.059141	0.711136	8.904824	0.001666	0.000227	0.004804	0.782034	0.384122	0.490788	-0.472632	0.878840	0.065269	-0.406253	-0.283004	0.868831
08947	5.058636	0.703480	8.871184	0.003237	0.001724	0.005210	0.782012	0.384139	0.490810	-0.472654	0.878828	0.065257	-0.406271	-0.283015	0.868819
08948	5.082889	0.704285	8.870728	-0.001559	0.002054	0.003798	0.781988	0.384148	0.490842	-0.472667	0.878823	0.065239	-0.406302	-0.283021	0.868803
08949	5.059273	0.718273	8.938717	0.000061	0.001661	0.005246	0.781965	0.384165	0.490865	-0.472677	0.878821	0.065199	-0.406335	-0.283004	0.868793
08950	5.034296	0.681277	8.859005	0.001601	0.003582	0.004187	0.781947	0.384165	0.490893	-0.472684	0.878817	0.065193	-0.406360	-0.283015	0.868777
08951	5.057710	0.730995	8.918443	0.001598	0.006090	0.006501	0.781936	0.384206	0.490879	-0.472710	0.878806	0.065160	-0.406352	-0.282994	0.868788
08952	5.082615	0.690456	8.892138	-0.000021	0.006482	0.005053	0.781978	0.384162	0.490847	-0.472649	0.878838	0.065162	-0.406343	-0.282953	0.868806
08953	5.082910	0.677161	8.913176	-0.000055	0.009414	0.005901	0.781983	0.384207	0.490803	-0.472663	0.878834	0.065118	-0.406316	-0.282906	0.868834
08954	5.054335	0.735663	8.865311	-0.000101	0.008795	0.002545	0.782037	0.384149	0.490762	-0.472586	0.878875	0.065124	-0.406301	-0.282857	0.868857
08955	5.055413	0.709476	8.907073	0.001516	0.010911	0.006308	0.782047	0.384202	0.490705	-0.472610	0.878865	0.065092	-0.406255	-0.282817	0.868891
08956	5.054088	0.701646	8.873921	-0.000087	0.009837	0.004435	0.782097	0.384164	0.490655	-0.472547	0.878898	0.065089	-0.406230	-0.282764	0.868920
08957	5.028968	0.700408	8.874890	-0.000008	0.007525	0.006943	0.782090	0.384213	0.490628	-0.472570	0.878890	0.065041	-0.406218	-0.282724	0.868938
08958	5.028390	0.700034	8.875247	-0.001610	0.006452	0.005070	0.782085	0.384223	0.490628	-0.472564	0.878896	0.065005	-0.406234	-0.282693	0.868941
08959	5.052773	0.680170	8.861993	0.001521	0.005894	0.001680	0.782096	0.384221	0.490612	-0.472552	0.878903	0.064996	-0.406228	-0.282673	0.868951
08960	5.077433	0.696313	8.929152	0.001549	0.007979	0.005460	0.782075	0.384280	0.490600	-0.472611	0.878871	0.064992	-0.406199	-0.282691	0.868958
08961	5.098099	0.736086	8.867245	-0.000121	0.012769	0.005284	0.782097	0.384329	0.490526	-0.472620	0.878870	0.064950	-0.406146	-0.282630	0.869003
08962	5.100199	0.676073	8.916857	-0.001774	0.016094	0.004683	0.782139	0.384352	0.490441	-0.472600	0.878883	0.064918	-0.406089	-0.282558	0.869053
08963	5.047579	0.720482	8.890508	-0.000172	0.017167	0.006556	0.782172	0.384425	0.490331	-0.472619	0.878876	0.064870	-0.406002	-0.282479	0.869119
08964	4.999203	0.692171	8.933663	-0.003393	0.016487	0.003234	0.782270	0.384368	0.490219	-0.472501	0.878942	0.064841	-0.405951	-0.282352	0.869184
08965	5.046239	0.685902	8.899765	-0.003316	0.014174	0.005741	0.782296	0.384425	0.490134	-0.472500	0.878947	0.064770	-0.405903	-0.282257	0.869238
08966	5.021504	0.671437	8.921663	-0.003376	0.015021	0.002810	0.782289	0.384510	0.490078	-0.472552	0.878923	0.064720	-0.405856	-0.282217	0.869272
08967	5.020020	0.663482	8.888625	-0.000089	0.009837	0.004436	0.782302	0.384543	0.490030	-0.472555	0.878924	0.064683	-0.405826	-0.282168	0.869302
08968	5.042249	0.697859	8.880951	-0.000055	0.006906	0.003587	0.782294	0.384572	0.490020	-0.472581	0.878911	0.064677	-0.405811	-0.282170	0.869308
08969	5.064957	0.711742	8.860259	0.001439	0.010715	0.001488	0.782326	0.384582	0.489963	-0.472566	0.878919	0.064667	-0.405768	-0.282131	0.869342
08970	5.060949	0.778847	8.845726	-0.003377	0.015021	0.002809	0.782385	0.384573	0.489875	-0.472510	0.878952	0.064635	-0.405720	-0.282040	0.869393
08971	5.082436	0.812636	8.838551	-0.009751	0.018873	0.005612	0.782430	0.384642	0.489749	-0.472483	0.878976	0.064508	-0.405665	-0.281871	0.869474
08972	5.060183	0.730224	8.875900	-0.008122	0.019522	0.008952	0.782528	0.384606	0.489621	-0.472347	0.879057	0.064403	-0.405634	-0.281668	0.869554
08973	5.061279	0.661332	8.892210	-0.016069	0.021879	0.011345	0.782558	0.384734	0.489472	-0.472338	0.879077	0.064194	-0.405586	-0.281432	0.869653
08974	5.035775	0.645545	8.914592	-0.014587	0.024646	0.007356	0.782667	0.384720	0.489309	-0.472188	0.879169	0.064032	-0.405551	-0.281161	0.869756
08975	5.034192	0.623579	8.902834	-0.008247	0.023724	0.005405	0.782732	0.384801	0.489141	-0.472165	0.879190	0.063919	-0.405452	-0.280987	0.869859
08976	5.005919	0.676060	8.909922	-0.005008	0.020429	0.005991	0.782810	0.384810	0.489009	-0.472099	0.879230	0.063858	-0.405378	-0.280849	0.869938
08977	4.955671	0.681244	8.945572	-0.001861	0.020913	0.004495	0.782868	0.384875	0.488865	-0.472094	0.879236	0.063805	-0.405270	-0.280742	0.870023
08978	4.951290	0.748105	8.931318	-0.003351	0.014597	0.004277	0.782901	0.384909	0.488785	-0.472086	0.879243	0.063765	-0.405217	-0.280670	0.870071
08979	4.972482	0.795248	8.903215	0.000009	0.007098	0.008411	0.782885	0.384970	0.488763	-0.472120	0.879229	0.063710	-0.405208	-0.280632	0.870087
08980	4.997783	0.789954	8.957306	-0.006207	0.001309	0.011593	0.782825	0.385043	0.488802	-0.472172	0.879208	0.063615	-0.405264	-0.280598	0.870072
08981	5.049048	0.715301	8.938002	-0.012465	0.000959	0.017939	0.782739	0.385170	0.488840	-0.472230	0.879192	0.063404	-0.405363	-0.280474	0.870066
08982	5.050804	0.651438	8.898894	-0.012431	-0.001972	0.017089	0.782686	0.385219	0.488886	-0.472227	0.879205	0.063244	-0.405468	-0.280365	0.870052
08983	5.029235	0.581281	8.914582	-0.012539	0.003273	0.015432	0.782621	0.385330	0.488901	-0.472265	0.879199	0.063045	-0.405549	-0.280231	0.870058
08984	5.029759	0.559240	8.901613	-0.004586	-0.001593	0.010728	0.782591	0.385313	0.488963	-0.472230	0.879224	0.062963	-0.405647	-0.280177	0.870029
08985	5.050911	0.647477	8.899122	0.000050	0.001658	0.005247	0.782568	0.385330	0.488986	-0.472239	0.879222	0.062923	-0.405681	-0.280160	0.870019
08986	5.051125	0.626634	8.886251	0.001587	0.006084	0.006508	0.782539	0.385403	0.488976	-0.472318	0.879179	0.062927	-0.405645	-0.280195	0.870025
08987	5.000516	0.658583	8.879829	0.004714	0.004484	0.001232	0.782546	0.385392	0.488972	-0.472315	0.879179	0.062947	-0.405635	-0.280208	0.870025
08988	5.043267	0.795270	8.848972	0.004719	0.008032	0.005438	0.782544	0.385424	0.488950	-0.472357	0.879155	0.062976	-0.405591	-0.280241	0.870035
08989	5.068045	0.790320	8.903326	-0.004806	0.011405	0.009731	0.782540	0.385508	0.488892	-0.472381	0.879149	0.062873	-0.405571	-0.280144	0.870076
08990	5.020157	0.761223	8.946011	-0.009472	0.008579	0.013745	0.782492	0.385619	0.488881	-0.472435	0.879130	0.062728	-0.405601	-0.280049	0.870092
08991	5.025515	0.576392	8.916997	-0.007984	0.011347	0.009760	0.782487	0.385703	0.488823	-0.472447	0.879133	0.062597	-0.405597	-0.279924	0.870134
08992	4.999063	0.608010	8.910346	-0.007917	0.005485	0.008059	0.782479	0.385712	0.488828	-0.472411	0.879160	0.062496	-0.405653	-0.279829	0.870139
08993	5.023423	0.615619	8.943856	-0.001519	0.003710	0.009043	0.782446	0.385768	0.488836	-0.472444	0.879147	0.062424	-0.405678	-0.279791	0.870139
08994	5.001449	0.547151	8.959574	0.003181	0.003605	0.004179	0.782511	0.385657	0.488820	-0.472329	0.879206	0.062459	-0.405686	-0.279759	0.870146
08995	5.022152	0.628611	8.923483	0.006419	0.000307	0.004766	0.782485	0.385666	0.488855	-0.472361	0.879188	0.062477	-0.405701	-0.279803	0.870125
08996	5.022556	0.636756	8.957081	0.009574	-0.001718	0.000956	0.782484	0.385579	0.488924	-0.472324	0.879202	0.062554	-0.405744	-0.279879	0.870080
08997	5.046254	0.651548	8.935885	0.012789	-0.001044	0.004284	0.782455	0.385580	0.488971	-0.472378	0.879168	0.062631	-0.405738	-0.279984	0.870049
08998	5.043727	0.691521	8.873961	0.006272	0.001388	-0.004453	0.782476	0.385485	0.489012	-0.472323	0.879192	0.062709	-0.405762	-0.280040	0.870020
08999	5.043666	0.692301	8.873935	0.009557	-0.000252	0.001381	0.782463	0.385463	0.489050	-0.472341	0.879178	0.062772	-0.405766	-0.280115	0.869994
09000	5.042932	0.713586	8.887064	0.007902	0.005582	0.003095	0.782394	0.385582	0.489066	-0.472509	0.879083	0.062833	-0.405702	-0.280249	0.869981
09001	5.068628	0.688861	8.928057	0.004731	0.003017	0.000807	0.782398	0.385564	0.489075	-0.472503	0.879085	0.062857	-0.405703	-0.280268	0.869974
09002	5.044380	0.667679	8.915619	0.004725	0.005524	0.003123	0.782427	0.385536	0.489050	-0.472488	0.879089	0.062912	-0.405663	-0.280295	0.869984
09003	5.044695	0.655148	8.936502	0.011088	0.006680	0.004957	0.782426	0.385564	0.489030	-0.472540	0.879057	0.062971	-0.405606	-0.280356	0.869991
09004	5.018602	0.660430	8.882879	0.006222	0.005783	-0.003179	0.782466	0.385499	0.489017	-0.472501	0.879072	0.063054	-0.405574	-0.280399	0.869992
09005	4.992972	0.680811	8.896712	0.007824	0.010403	0.002903	0.782490	0.385520	0.488963	-0.472523	0.879057	0.063094	-0.405502	-0.280417	0.870020
09006	5.041022	0.683259	8.896227	0.009435	0.006458	0.000150	0.782498	0.385518	0.488950	-0.472560	0.879030	0.063188	-0.405442	-0.280503	0.870020
09007	4.990792	0.723666	8.923321	0.009459	0.002485	-0.002590	0.782516	0.385468	0.488961	-0.472546	0.879032	0.063269	-0.405424	-0.280566	0.870008
09008	5.039693	0.705624	8.909595	0.007847	0.006430	0.000163	0.782549	0.385417	0.488948	-0.472520	0.879040	0.063346	-0.405390	-0.280609	0.870010
09009	5.016978	0.651099	8.904622	0.008011	-0.002170	0.002439	0.782524	0.385399	0.489003	-0.472540	0.879027	0.063390	-0.405416	-0.280678	0.869976
09010	5.016149	0.664640	8.883950	0.006346	0.002622	0.002260	0.782532	0.385349	0.489030	-0.472517	0.879035	0.063440	-0.405428	-0.280719	0.869957
09011	5.018191	0.618738	8.912200	0.009465	-0.000024	-0.004904	0.782550	0.385271	0.489062	-0.472485	0.879046	0.063533	-0.405431	-0.280792	0.869932
09012	5.041308	0.654216	8.904073	0.009572	-0.001718	0.000960	0.782591	0.385111	0.489122	-0.472361	0.879107	0.063608	-0.405494	-0.280822	0.869893
09013	5.016003	0.695713	8.930409	0.012658	-0.001433	-0.005356	0.782606	0.385026	0.489166	-0.472339	0.879110	0.063731	-0.405493	-0.280928	0.869859
09014	5.042884	0.651210	8.957962	0.012799	-0.006058	-0.000340	0.782619	0.384867	0.489269	-0.472247	0.879152	0.063837	-0.405573	-0.281016	0.869793
09015	4.994295	0.643135	8.924757	0.012707	-0.005831	-0.006628	0.782622	0.384758	0.489350	-0.472215	0.879160	0.063966	-0.405606	-0.281140	0.869738
09016	5.018758	0.666136	8.936921	0.014366	-0.008114	-0.004133	0.782623	0.384624	0.489455	-0.472176	0.879169	0.064124	-0.405650	-0.281294	0.869668
09017	5.043688	0.660784	8.902240	0.012838	-0.011498	-0.003501	0.782588	0.384527	0.489587	-0.472168	0.879165	0.064239	-0.405726	-0.281440	0.869585
09018	5.067086	0.717185	8.906615	0.011216	-0.008595	-0.002640	0.782606	0.384359	0.489689	-0.472076	0.879205	0.064365	-0.405798	-0.281543	0.869518
09019	5.043464	0.717327	8.906526	0.009655	-0.009046	-0.001160	0.782570	0.384289	0.489802	-0.472074	0.879201	0.064441	-0.405870	-0.281652	0.869449
09020	5.020822	0.704163	8.927038	0.006551	-0.011416	0.001377	0.782537	0.384194	0.489929	-0.472046	0.879210	0.064512	-0.405966	-0.281752	0.869372
09021	4.998917	0.670138	8.934436	0.004969	-0.013954	-0.000921	0.782480	0.384112	0.490085	-0.472026	0.879218	0.064546	-0.406099	-0.281839	0.869282
09022	4.951546	0.640697	8.887901	0.008144	-0.013896	-0.000950	0.782438	0.383968	0.490265	-0.471960	0.879249	0.064611	-0.406257	-0.281940	0.869175
09023	4.909502	0.526315	8.931269	0.016193	-0.027567	-0.008188	0.782360	0.383783	0.490534	-0.471929	0.879253	0.064778	-0.406443	-0.282177	0.869011
09024	4.938326	0.503380	8.970505	0.021010	-0.034389	-0.011815	0.782286	0.383475	0.490892	-0.471818	0.879297	0.065000	-0.406714	-0.282460	0.868792
09025	4.891890	0.545732	8.995430	0.025813	-0.042254	-0.017330	0.782191	0.383169	0.491282	-0.471755	0.879309	0.065296	-0.406970	-0.282838	0.868549
09026	4.778805	0.472122	9.064621	0.029318	-0.067966	-0.021618	0.782002	0.382742	0.491916	-0.471674	0.879326	0.065651	-0.407427	-0.283363	0.868164
09027	4.759312	0.578488	9.125976	0.031248	-0.097685	-0.028623	0.781734	0.382178	0.492780	-0.471545	0.879365	0.066050	-0.408091	-0.284001	0.867644
09028	4.533941	0.421171	9.231168	0.038214	-0.137601	-0.027522	0.781234	0.381588	0.494029	-0.471555	0.879326	0.066504	-0.409036	-0.284917	0.866898
09029	4.463362	0.975158	9.630620	-0.004986	-0.171859	-0.076372	0.780884	0.380391	0.495502	-0.470905	0.879649	0.066825	-0.410449	-0.285517	0.866032
09030	3.753106	0.346237	9.724030	-0.082349	-0.272388	-0.134131	0.780383	0.378397	0.497813	-0.469497	0.880405	0.066782	-0.413007	-0.285837	0.864709
09031	3.562894	1.411178	10.019051	-0.101383	-0.537052	-0.087767	0.778558	0.376051	0.502426	-0.468359	0.881045	0.066332	-0.417716	-0.286960	0.862072
09032	3.955961	0.904130	9.926485	-0.166467	-0.634300	-0.057267	0.776187	0.373614	0.507884	-0.467101	0.881798	0.065185	-0.423497	-0.287829	0.858956
09033	3.963337	1.049686	10.236334	-0.171408	-0.845921	-0.029520	0.772706	0.370877	0.515147	-0.466107	0.882421	0.063855	-0.430894	-0.289455	0.854720
09034	3.708083	1.202186	10.566043	-0.161091	-1.108402	-0.023562	0.768032	0.367352	0.524575	-0.465130	0.883024	0.062630	-0.440205	-0.292097	0.849057
09035	3.854165	0.895756	10.566759	-0.171603	-1.381856	-0.036296	0.762032	0.362936	0.536269	-0.464054	0.883679	0.061359	-0.451620	-0.295616	0.841814
09036	4.161505	0.390956	10.588228	-0.186188	-1.617418	-0.022057	0.754647	0.357982	0.549870	-0.463118	0.884270	0.059901	-0.464790	-0.299859	0.833100
09037	4.094333	0.540992	10.536233	-0.136157	-1.861274	-0.055011	0.746106	0.351829	0.565281	-0.462029	0.884895	0.059070	-0.479432	-0.305249	0.822781
09038	4.559932	0.492889	10.540225	-0.180161	-2.107863	-0.104554	0.736261	0.344431	0.582483	-0.460417	0.885794	0.058185	-0.495919	-0.311024	0.810758
09039	4.899533	0.313770	10.281769	-0.212119	-2.298990	-0.192513	0.725529	0.335470	0.600889	-0.457905	0.887133	0.057609	-0.513742	-0.316947	0.797254
