// General information: 
//  MT Manager version: 2022.2.0 
//  XDA version: 2022.2.0 build 7381 rev 124627 built on 2023-07-19
// Device information: 
//  DeviceId: 00B4CAF0
//  ProductCode: MTW2-3A7G6
//  Firmware Version: 4.6.0
//  Hardware Version: 2.0.0
// Device settings: 
//  Filter Profile: human(46.1)
//  Option Flags: Orientation Smoother Disabled, Position/Velocity Smoother Disabled, Continuous Zero Rotation Update Disabled, AHS Disabled, ICC Disabled
// Coordinate system: ENU
PacketCounter	Acc_X	Acc_Y	Acc_Z	Gyr_X	Gyr_Y	Gyr_Z	Mat[1][1]	Mat[2][1]	Mat[3][1]	Mat[1][2]	Mat[2][2]	Mat[3][2]	Mat[1][3]	Mat[2][3]	Mat[3][3]
64754	4.611137	0.046304	9.133265	-0.002995	0.011836	0.001398	0.700195	0.552716	0.451920	-0.619821	0.784743	0.000565	-0.354329	-0.280506	0.892058
64755	4.610315	0.062390	9.185870	-0.002244	0.011654	0.002788	0.700213	0.552740	0.451862	-0.619812	0.784750	0.000526	-0.354308	-0.280438	0.892087
64756	4.618732	0.083659	9.179621	0.001424	0.012388	0.002465	0.700194	0.552771	0.451855	-0.619854	0.784717	0.000552	-0.354273	-0.280471	0.892091
64757	4.588086	0.067070	9.174021	0.001465	0.008790	0.004362	0.700192	0.552799	0.451823	-0.619869	0.784705	0.000539	-0.354250	-0.280448	0.892108
64758	4.607515	0.062118	9.187276	0.001111	0.007082	0.004616	0.700266	0.552705	0.451825	-0.619758	0.784793	0.000524	-0.354299	-0.280389	0.892107
64759	4.596082	0.088342	9.167985	0.001820	0.010497	0.004109	0.700272	0.552736	0.451777	-0.619773	0.784781	0.000515	-0.354261	-0.280360	0.892131
64760	4.635382	0.078763	9.194278	0.004737	0.011412	0.002397	0.700356	0.552692	0.451700	-0.619711	0.784830	0.000552	-0.354203	-0.280310	0.892170
64761	4.614901	0.051642	9.168986	0.000755	0.005373	0.004869	0.700340	0.552714	0.451698	-0.619727	0.784817	0.000530	-0.354208	-0.280301	0.892171
64762	4.613862	0.083826	9.182068	0.004557	0.007780	0.000784	0.700453	0.552606	0.451654	-0.619604	0.784914	0.000565	-0.354198	-0.280242	0.892193
64763	4.613140	0.084135	9.182428	0.004027	0.007995	0.002904	0.700458	0.552621	0.451629	-0.619618	0.784903	0.000581	-0.354164	-0.280245	0.892206
64764	4.602376	0.078471	9.150239	0.002787	0.004795	0.005530	0.700483	0.552619	0.451593	-0.619608	0.784911	0.000594	-0.354132	-0.280227	0.892224
64765	4.631559	0.095125	9.156590	0.004423	0.006106	0.004548	0.700471	0.552641	0.451584	-0.619635	0.784890	0.000607	-0.354109	-0.280242	0.892228
64766	4.612156	0.052404	9.170363	0.001856	0.001345	0.002527	0.700515	0.552569	0.451604	-0.619567	0.784943	0.000620	-0.354141	-0.280233	0.892218
64767	4.610971	0.084638	9.183513	0.004918	0.015040	0.004010	0.700538	0.552612	0.451516	-0.619592	0.784924	0.000640	-0.354052	-0.280204	0.892263
64768	4.649885	0.106776	9.222576	-0.005694	0.005399	0.003139	0.700575	0.552543	0.451542	-0.619500	0.784997	0.000580	-0.354139	-0.280137	0.892249
64769	4.609511	0.084273	9.184249	0.004203	0.006071	0.001038	0.700585	0.552537	0.451534	-0.619501	0.784996	0.000607	-0.354117	-0.280151	0.892254
64770	4.629606	0.047248	9.184628	-0.002163	0.004458	0.006582	0.700687	0.552429	0.451509	-0.619347	0.785118	0.000547	-0.354185	-0.280023	0.892267
64771	4.648087	0.089877	9.171332	0.001996	0.008571	0.002244	0.700698	0.552439	0.451478	-0.619348	0.785116	0.000548	-0.354160	-0.280006	0.892282
64772	4.637484	0.100238	9.191226	-0.004944	0.005218	0.004530	0.700700	0.552442	0.451473	-0.619331	0.785130	0.000502	-0.354188	-0.279963	0.892284
64773	4.637214	0.067313	9.178814	-0.009577	0.010186	0.003430	0.700709	0.552466	0.451428	-0.619300	0.785154	0.000395	-0.354223	-0.279846	0.892307
64774	4.636142	0.066395	9.179362	-0.007585	0.013203	0.002195	0.700793	0.552494	0.451265	-0.619252	0.785192	0.000340	-0.354142	-0.279685	0.892390
64775	4.604381	0.112865	9.199418	-0.013815	0.013263	0.003974	0.700810	0.552531	0.451193	-0.619210	0.785225	0.000192	-0.354182	-0.279518	0.892427
64776	4.643339	0.085217	9.173782	-0.014170	0.011555	0.004227	0.700850	0.552536	0.451125	-0.619139	0.785281	0.000060	-0.354227	-0.279351	0.892461
64777	4.622698	0.072787	9.200711	-0.018232	0.012710	0.002904	0.700871	0.552564	0.451057	-0.619074	0.785333	-0.000122	-0.354297	-0.279152	0.892495
64778	4.611551	0.064850	9.168735	-0.024424	0.009172	0.006579	0.700817	0.552640	0.451048	-0.619070	0.785336	-0.000341	-0.354413	-0.278991	0.892500
64779	4.600964	0.041100	9.176041	-0.020794	0.013500	0.004365	0.700833	0.552682	0.450973	-0.619006	0.785386	-0.000553	-0.354494	-0.278767	0.892537
64780	4.589190	0.065390	9.156962	-0.018014	0.012738	0.006418	0.700867	0.552715	0.450879	-0.618940	0.785438	-0.000729	-0.354541	-0.278556	0.892585
64781	4.619224	0.000146	9.177320	-0.019119	0.011211	0.005280	0.700869	0.552756	0.450825	-0.618888	0.785479	-0.000930	-0.354627	-0.278358	0.892612
64782	4.597536	0.035372	9.177783	-0.014563	0.013437	0.002590	0.700942	0.552748	0.450722	-0.618793	0.785554	-0.001055	-0.354650	-0.278164	0.892664
64783	4.615568	0.044559	9.152225	-0.017339	0.019744	0.004024	0.700981	0.552804	0.450592	-0.618739	0.785596	-0.001235	-0.354665	-0.277933	0.892729
64784	4.613616	0.075323	9.165828	-0.008332	0.013376	0.000815	0.701033	0.552779	0.450541	-0.618667	0.785652	-0.001301	-0.354688	-0.277823	0.892755
64785	4.563201	0.046694	9.186551	-0.016733	0.012334	0.005691	0.701037	0.552828	0.450477	-0.618626	0.785684	-0.001482	-0.354752	-0.277638	0.892787
64786	4.571489	0.066770	9.180455	-0.009257	0.015477	0.001294	0.701101	0.552843	0.450358	-0.618574	0.785725	-0.001554	-0.354716	-0.277490	0.892847
64787	4.590476	0.060786	9.193963	-0.011963	0.009044	0.003026	0.701109	0.552861	0.450323	-0.618532	0.785758	-0.001680	-0.354774	-0.277361	0.892864
64788	4.598774	0.113278	9.200500	-0.005516	0.009016	0.004762	0.701171	0.552836	0.450257	-0.618458	0.785816	-0.001736	-0.354779	-0.277248	0.892897
64789	4.598149	0.095819	9.148681	-0.014669	0.002611	0.004758	0.701146	0.552850	0.450280	-0.618419	0.785846	-0.001895	-0.354898	-0.277133	0.892885
64790	4.608385	0.067934	9.168517	-0.013564	0.004134	0.005899	0.701156	0.552812	0.450310	-0.618330	0.785916	-0.002037	-0.355032	-0.277012	0.892870
64791	4.598701	0.045000	9.175306	-0.012603	-0.001566	0.007312	0.701100	0.552834	0.450370	-0.618316	0.785927	-0.002189	-0.355168	-0.276936	0.892839
64792	4.588306	0.070186	9.155580	-0.007121	-0.001439	0.004146	0.701051	0.552819	0.450465	-0.618306	0.785934	-0.002252	-0.355281	-0.276947	0.892791
64793	4.608443	0.064363	9.168513	-0.008794	0.000846	0.003234	0.701029	0.552816	0.450504	-0.618277	0.785957	-0.002352	-0.355376	-0.276887	0.892772
64794	4.598748	0.041681	9.175298	-0.011674	0.001875	0.010323	0.701053	0.552746	0.450552	-0.618154	0.786053	-0.002507	-0.355543	-0.276753	0.892747
64795	4.558915	0.034712	9.188731	-0.004377	0.001396	0.004308	0.701026	0.552753	0.450585	-0.618147	0.786058	-0.002571	-0.355607	-0.276725	0.892730
64796	4.578996	0.012944	9.149529	-0.001563	-0.002964	0.008251	0.701115	0.552630	0.450597	-0.617992	0.786180	-0.002626	-0.355701	-0.276624	0.892724
64797	4.588658	0.065892	9.155435	-0.002849	-0.008113	0.005490	0.701047	0.552619	0.450715	-0.617999	0.786175	-0.002682	-0.355823	-0.276661	0.892664
64798	4.609276	0.092441	9.180784	-0.001316	-0.012078	0.010163	0.701032	0.552516	0.450866	-0.617912	0.786243	-0.002741	-0.356005	-0.276674	0.892588
64799	4.650225	0.066016	9.154123	0.003206	-0.006252	0.005584	0.700970	0.552512	0.450967	-0.617941	0.786220	-0.002744	-0.356076	-0.276748	0.892536
64800	4.640401	0.108367	9.186288	-0.002276	-0.006379	0.008752	0.700914	0.552491	0.451081	-0.617937	0.786222	-0.002793	-0.356193	-0.276782	0.892479
64801	4.630792	0.102034	9.153518	-0.002451	-0.004461	0.010622	0.700827	0.552531	0.451166	-0.617982	0.786187	-0.002869	-0.356286	-0.276802	0.892435
64802	4.611619	0.074100	9.127452	-0.006693	-0.006929	0.007679	0.700809	0.552511	0.451219	-0.617948	0.786214	-0.002944	-0.356381	-0.276766	0.892408
64803	4.603043	0.036171	9.173167	-0.000064	-0.003334	0.011034	0.700724	0.552558	0.451294	-0.618004	0.786170	-0.003001	-0.356452	-0.276799	0.892370
64804	4.552088	0.104405	9.140444	0.008911	-0.000557	0.009417	0.700676	0.552504	0.451434	-0.618004	0.786169	-0.002970	-0.356545	-0.276908	0.892299
64805	4.574781	0.003204	9.205739	-0.016425	-0.015065	0.004416	0.700590	0.552466	0.451615	-0.617955	0.786207	-0.003142	-0.356799	-0.276876	0.892207
64806	4.734754	0.026018	9.151590	0.010829	-0.011961	0.012239	0.700551	0.552384	0.451774	-0.617937	0.786222	-0.003098	-0.356906	-0.276997	0.892127
64807	4.605827	0.066523	9.184458	-0.007408	-0.010344	0.008182	0.700459	0.552389	0.451912	-0.617946	0.786214	-0.003208	-0.357071	-0.277011	0.892057
64808	4.656690	-0.003191	9.125505	-0.001910	0.000869	0.011994	0.700433	0.552408	0.451929	-0.617949	0.786211	-0.003269	-0.357118	-0.276979	0.892048
64809	4.576212	0.048679	9.178215	0.002082	0.006907	0.009534	0.700393	0.552470	0.451913	-0.618002	0.786170	-0.003300	-0.357104	-0.276972	0.892056
64810	4.616655	0.037870	9.203955	-0.008613	-0.011605	0.016185	0.700257	0.552551	0.452027	-0.618083	0.786105	-0.003421	-0.357230	-0.276995	0.891998
64811	4.588208	0.036284	9.249321	-0.007550	-0.012027	0.011944	0.700135	0.552580	0.452179	-0.618118	0.786077	-0.003548	-0.357408	-0.277016	0.891920
64812	4.600469	-0.040103	9.203178	-0.017424	-0.021844	0.012445	0.700029	0.552521	0.452416	-0.618051	0.786129	-0.003756	-0.357733	-0.276987	0.891799
64813	4.621142	0.016995	9.149505	-0.004215	-0.022149	0.010275	0.699881	0.552509	0.452659	-0.618086	0.786101	-0.003846	-0.357961	-0.277091	0.891675
64814	4.563573	0.046894	9.161611	-0.013168	-0.034071	0.010298	0.699737	0.552408	0.453006	-0.618032	0.786143	-0.004001	-0.358337	-0.277172	0.891499
64815	4.585915	0.088056	9.146626	-0.012418	-0.034261	0.011690	0.699536	0.552373	0.453357	-0.618047	0.786130	-0.004170	-0.358701	-0.277279	0.891319
64816	4.561355	-0.010046	9.151928	-0.016966	-0.051186	0.009294	0.699280	0.552283	0.453863	-0.618055	0.786123	-0.004338	-0.359188	-0.277479	0.891061
64817	4.625895	-0.042962	9.136227	-0.011473	-0.045523	0.009615	0.699051	0.552201	0.454314	-0.618059	0.786119	-0.004490	-0.359624	-0.277654	0.890830
64818	4.641485	-0.166824	9.115000	-0.008334	-0.044588	0.011416	0.698806	0.552136	0.454771	-0.618104	0.786083	-0.004597	-0.360025	-0.277883	0.890597
64819	4.605255	-0.140994	9.139502	0.010724	-0.037516	0.009294	0.698608	0.552074	0.455150	-0.618186	0.786019	-0.004549	-0.360268	-0.278189	0.890403
64820	4.588262	-0.103276	9.137824	0.013284	-0.038312	0.007832	0.698450	0.551949	0.455544	-0.618221	0.785992	-0.004459	-0.360515	-0.278512	0.890202
64821	4.700516	-0.042028	9.128021	0.021014	-0.038750	0.008823	0.698251	0.551879	0.455934	-0.618336	0.785902	-0.004318	-0.360702	-0.278905	0.890003
64822	4.672820	0.039245	9.159112	0.024102	-0.025057	0.010326	0.698143	0.551745	0.456261	-0.618368	0.785878	-0.004155	-0.360858	-0.279236	0.889836
64823	4.695570	0.003698	9.157875	0.019155	-0.025395	0.011387	0.697975	0.551732	0.456532	-0.618495	0.785779	-0.004042	-0.360964	-0.279541	0.889698
64824	4.726214	0.037653	9.123911	0.031219	-0.008926	0.011244	0.697870	0.551783	0.456633	-0.618688	0.785627	-0.003793	-0.360836	-0.279867	0.889647
64825	4.725304	0.200199	9.188019	0.032483	-0.000172	0.012107	0.697789	0.551846	0.456680	-0.618868	0.785487	-0.003565	-0.360684	-0.280137	0.889624
64826	4.676506	0.206545	9.220831	0.013271	-0.014473	0.014530	0.697657	0.551857	0.456869	-0.618974	0.785404	-0.003500	-0.360758	-0.280348	0.889527
64827	4.659285	0.114966	9.168326	-0.006660	-0.032192	0.017462	0.697427	0.551872	0.457201	-0.619050	0.785343	-0.003645	-0.361071	-0.280488	0.889356
64828	4.672753	0.087250	9.186464	-0.005022	-0.030883	0.016478	0.697310	0.551791	0.457478	-0.619011	0.785374	-0.003759	-0.361365	-0.280563	0.889213
64829	4.656806	0.074840	9.211119	-0.012085	-0.045083	0.020957	0.697012	0.551797	0.457924	-0.619091	0.785309	-0.003968	-0.361802	-0.280731	0.888982
64830	4.652108	-0.044779	9.177161	-0.011691	-0.046987	0.022603	0.696715	0.551791	0.458384	-0.619171	0.785245	-0.004156	-0.362237	-0.280923	0.888745
64831	4.685971	0.001508	9.193865	-0.013950	-0.046435	0.018439	0.696427	0.551773	0.458841	-0.619228	0.785199	-0.004370	-0.362693	-0.281084	0.888507
64832	4.681044	-0.085767	9.172709	-0.005465	-0.047071	0.020811	0.696190	0.551654	0.459345	-0.619210	0.785213	-0.004523	-0.363178	-0.281282	0.888247
64833	4.704594	-0.044316	9.156912	-0.004417	-0.047499	0.016568	0.695910	0.551618	0.459812	-0.619287	0.785151	-0.004644	-0.363583	-0.281524	0.888004
64834	4.669277	-0.082930	9.155616	0.003115	-0.042418	0.017520	0.695716	0.551538	0.460202	-0.619320	0.785125	-0.004684	-0.363899	-0.281753	0.887802
64835	4.751185	-0.023698	9.099949	0.014480	-0.038530	0.016264	0.695470	0.551525	0.460589	-0.619464	0.785012	-0.004636	-0.364124	-0.282094	0.887602
64836	4.674539	-0.018755	9.086427	0.015198	-0.035113	0.015759	0.695281	0.551471	0.460939	-0.619558	0.784938	-0.004564	-0.364326	-0.282405	0.887420
64837	4.678967	-0.065817	9.111020	0.016675	-0.041049	0.015055	0.695033	0.551441	0.461348	-0.619701	0.784825	-0.004491	-0.364555	-0.282777	0.887208
64838	4.751824	-0.105817	9.075845	0.044025	-0.029103	0.015193	0.694940	0.551301	0.461656	-0.619781	0.784764	-0.004182	-0.364596	-0.283219	0.887049
64839	4.743149	-0.043587	9.068085	0.056145	-0.016246	0.016902	0.694771	0.551356	0.461845	-0.620081	0.784529	-0.003768	-0.364408	-0.283764	0.886953
64840	4.794470	-0.027754	9.086067	0.059777	-0.011922	0.014670	0.694688	0.551322	0.462010	-0.620292	0.784364	-0.003308	-0.364208	-0.284283	0.886869
64841	4.763730	0.008584	9.053706	0.063934	0.010524	0.013468	0.694638	0.551426	0.461962	-0.620596	0.784125	-0.002809	-0.363785	-0.284740	0.886895
64842	4.703245	0.030252	9.107539	0.077261	0.021018	0.009056	0.694676	0.551453	0.461871	-0.620858	0.783920	-0.002165	-0.363264	-0.285253	0.886944
64843	4.730531	0.100493	9.087678	0.068844	0.014426	0.010511	0.694658	0.551544	0.461789	-0.621159	0.783683	-0.001608	-0.362783	-0.285727	0.886988
64844	4.710075	0.126904	9.127401	0.050302	0.007176	0.010591	0.694657	0.551570	0.461760	-0.621344	0.783537	-0.001201	-0.362468	-0.286078	0.887004
64845	4.690398	0.088069	9.141376	0.043287	0.001879	0.007537	0.694612	0.551602	0.461789	-0.621531	0.783389	-0.000857	-0.362233	-0.286421	0.886989
64846	4.630774	0.059090	9.129618	0.048141	-0.003099	0.012148	0.694540	0.551625	0.461870	-0.621744	0.783220	-0.000472	-0.362006	-0.286837	0.886947
64847	4.731065	0.101130	9.126956	0.045941	-0.018929	0.010236	0.694403	0.551619	0.462084	-0.621959	0.783049	-0.000117	-0.361899	-0.287316	0.886836
64848	4.682490	0.125559	9.120190	0.046141	-0.015299	0.011844	0.694414	0.551466	0.462250	-0.621991	0.783024	0.000234	-0.361824	-0.287678	0.886750
64849	4.695506	0.102441	9.138603	0.037030	-0.038068	0.014172	0.694183	0.551435	0.462633	-0.622201	0.782857	0.000491	-0.361905	-0.288192	0.886550
64850	4.718985	0.003763	9.111814	0.034013	-0.028159	0.010172	0.694086	0.551359	0.462870	-0.622316	0.782766	0.000769	-0.361895	-0.288586	0.886426
64851	4.662748	-0.041298	9.138247	0.044300	-0.029439	0.009684	0.693914	0.551317	0.463177	-0.622521	0.782602	0.001112	-0.361870	-0.289109	0.886265
64852	4.695306	0.043627	9.167828	0.059927	-0.032311	0.009776	0.693722	0.551276	0.463513	-0.622807	0.782374	0.001619	-0.361748	-0.289803	0.886088
64853	4.699973	-0.031772	9.180073	0.044522	-0.047777	0.010114	0.693481	0.551184	0.463983	-0.623016	0.782206	0.001961	-0.361849	-0.290429	0.885842
64854	4.712827	0.023937	9.091759	0.041919	-0.061728	0.006583	0.693266	0.550948	0.464584	-0.623109	0.782131	0.002297	-0.362100	-0.291079	0.885526
64855	4.514780	-0.050850	9.335539	0.030599	-0.062567	-0.012339	0.693112	0.550636	0.465183	-0.623112	0.782128	0.002620	-0.362390	-0.291677	0.885211
64856	4.793439	0.083528	8.997872	0.027330	-0.102217	-0.025642	0.693065	0.549912	0.466109	-0.622784	0.782388	0.002972	-0.363043	-0.292345	0.884723
64857	4.530334	0.083757	9.285943	0.025566	-0.111105	-0.033451	0.692865	0.549292	0.467136	-0.622623	0.782515	0.003349	-0.363701	-0.293170	0.884179
64858	4.640798	-0.021608	9.174919	-0.031542	-0.151406	-0.057158	0.692692	0.548307	0.468548	-0.622034	0.782983	0.003334	-0.365037	-0.293762	0.883432
64859	4.547987	0.065092	9.279677	-0.024441	-0.174966	-0.095282	0.692640	0.547013	0.470135	-0.621262	0.783595	0.003560	-0.366448	-0.294543	0.882587
64860	4.429715	0.118890	9.417295	-0.090267	-0.215461	-0.142961	0.692678	0.545304	0.472059	-0.620022	0.784577	0.003480	-0.368469	-0.295098	0.881560
64861	4.296758	0.093037	9.462877	-0.144671	-0.311771	-0.217369	0.692865	0.542643	0.474843	-0.617958	0.786204	0.003230	-0.371571	-0.295671	0.880064
64862	3.839187	0.134464	9.698235	-0.227027	-0.404225	-0.300731	0.693256	0.539046	0.478357	-0.614988	0.788532	0.002695	-0.375747	-0.296052	0.878161
64863	3.637303	0.091270	9.844878	-0.302602	-0.647406	-0.362446	0.693019	0.534230	0.484069	-0.611307	0.791392	0.001782	-0.382136	-0.297149	0.875028
64864	3.282063	-0.035284	10.117475	-0.425513	-0.935131	-0.411651	0.691899	0.528138	0.492287	-0.606792	0.794861	0.000088	-0.391253	-0.298776	0.870433
64865	3.239016	-0.325128	10.200354	-0.543846	-1.291009	-0.433790	0.689383	0.520774	0.503533	-0.601612	0.798785	-0.002473	-0.403502	-0.301226	0.863973
64866	3.101603	-0.330806	10.327657	-0.587453	-1.646943	-0.444165	0.685271	0.512190	0.517750	-0.596124	0.802876	-0.005250	-0.418378	-0.305046	0.855516
64867	3.238394	-0.012116	10.150823	-0.634171	-2.037199	-0.443384	0.679189	0.502318	0.535143	-0.590366	0.807093	-0.008310	-0.436085	-0.310286	0.844720
64868	3.880213	0.259598	9.712567	-0.676346	-2.404495	-0.433958	0.670941	0.491300	0.555395	-0.584495	0.811315	-0.011591	-0.456295	-0.316849	0.831506
64869	4.654750	0.513978	9.552679	-0.683346	-2.656504	-0.428488	0.661011	0.479264	0.577383	-0.578425	0.815601	-0.014796	-0.478006	-0.324192	0.816339
64870	5.234455	0.227111	8.862270	-0.605367	-2.758711	-0.447343	0.650005	0.466598	0.599817	-0.572644	0.819627	-0.017030	-0.499572	-0.332412	0.799956
64871	5.809325	0.087511	8.286308	-0.413215	-2.810384	-0.468891	0.638336	0.453233	0.622180	-0.567493	0.823194	-0.017435	-0.520077	-0.341953	0.782680
64872	6.395336	0.106943	7.800452	-0.272112	-2.779031	-0.493468	0.626287	0.439568	0.643851	-0.563053	0.826258	-0.016407	-0.539199	-0.352247	0.764975
64873	6.552778	-0.084297	7.586779	-0.087431	-2.754012	-0.508112	0.614030	0.425470	0.664787	-0.559399	0.828785	-0.013741	-0.556812	-0.363444	0.746906
64874	6.949041	-0.062625	7.451796	0.080217	-2.720808	-0.511502	0.601435	0.411163	0.684997	-0.556790	0.830596	-0.009689	-0.572940	-0.375573	0.728481
64875	6.985986	-0.019719	7.578472	0.149697	-2.704925	-0.497201	0.588475	0.396666	0.704523	-0.554677	0.832050	-0.005155	-0.588243	-0.387749	0.709662
64876	6.883944	-0.157643	7.678095	0.215988	-2.753749	-0.496593	0.574722	0.381651	0.723904	-0.553110	0.833108	-0.000100	-0.603129	-0.400341	0.689900
64877	7.342442	-0.134372	7.850312	0.213639	-2.824386	-0.514673	0.560299	0.365838	0.743120	-0.551469	0.834179	0.005132	-0.618018	-0.412683	0.669139
64878	7.724091	-0.084344	8.693013	0.136789	-2.901310	-0.515273	0.544861	0.349436	0.762247	-0.549657	0.835331	0.009960	-0.633249	-0.424401	0.647209
64879	9.026653	-0.028516	9.953171	-0.151640	-2.971525	-0.503736	0.528532	0.332437	0.781115	-0.545956	0.837715	0.012889	-0.650066	-0.433267	0.624254
64880	10.100580	-0.425977	10.296335	-0.349860	-2.933082	-0.453702	0.511502	0.315820	0.799139	-0.541443	0.840615	0.014349	-0.667237	-0.440028	0.600975
64881	10.189442	-0.372978	9.892932	-0.410011	-2.850559	-0.388964	0.494319	0.299882	0.815917	-0.536693	0.843643	0.015080	-0.683820	-0.445352	0.577973
64882	11.445798	0.699753	10.665639	-0.695949	-2.900289	-0.364304	0.475934	0.283800	0.832433	-0.530241	0.847729	0.014145	-0.701663	-0.448122	0.553946
64883	11.065244	0.256707	10.636342	-1.035742	-2.825667	-0.324600	0.457524	0.268347	0.847739	-0.521338	0.853276	0.011266	-0.720332	-0.447113	0.530294
64884	9.505030	0.297020	10.184284	-1.140206	-2.836859	-0.358505	0.438580	0.252601	0.862462	-0.511518	0.859231	0.008463	-0.738916	-0.444876	0.506051
64885	8.651661	0.340850	9.897029	-1.316210	-2.910450	-0.421256	0.418896	0.236037	0.876820	-0.499836	0.866102	0.005642	-0.758083	-0.440629	0.480786
64886	7.830477	-0.426923	9.393734	-1.356783	-3.006647	-0.532802	0.398436	0.218208	0.890861	-0.487219	0.873270	0.004009	-0.777088	-0.435642	0.454258
64887	7.252492	-3.150595	8.230029	-1.223598	-3.033088	-0.759889	0.378220	0.198355	0.904215	-0.474628	0.880170	0.005449	-0.794782	-0.431227	0.427043
64888	6.285500	-0.773181	10.262883	-0.255176	-2.701838	-0.903033	0.360852	0.178699	0.915343	-0.469257	0.882972	0.012614	-0.805967	-0.434083	0.402478
64889	3.451479	1.839066	12.699210	-0.281702	-2.528548	-1.111971	0.345494	0.157822	0.925055	-0.463022	0.886080	0.021759	-0.816238	-0.435838	0.379210
64890	1.288559	1.323465	13.404880	-0.665328	-1.878984	-1.332170	0.336175	0.137834	0.931659	-0.453037	0.890929	0.031664	-0.825678	-0.432720	0.361952
64891	10.150435	2.747147	16.176029	-0.890956	-1.535062	-1.423124	0.329758	0.118475	0.936602	-0.440878	0.896593	0.041810	-0.834797	-0.426715	0.347891
64892	5.458948	-3.099779	15.712377	-1.446539	0.015911	-1.342782	0.335719	0.106474	0.935925	-0.424317	0.904168	0.049342	-0.840980	-0.413694	0.348725
64893	0.749536	-2.336800	13.242056	-0.078768	1.289606	-1.177300	0.351472	0.101100	0.930724	-0.419588	0.905725	0.060066	-0.836907	-0.411632	0.360757
64894	-2.868970	-2.075675	10.171362	-0.332052	1.429201	-0.985921	0.367540	0.098066	0.924823	-0.413322	0.908044	0.067974	-0.833114	-0.407233	0.374276
64895	-2.774829	-2.092517	9.321905	-0.476940	1.323277	-0.633739	0.381111	0.097614	0.919362	-0.406960	0.910603	0.072017	-0.830144	-0.401590	0.386765
64896	-1.083976	-1.429964	10.247523	-0.551178	1.418569	-0.232802	0.393840	0.101224	0.913589	-0.401560	0.913002	0.071949	-0.826825	-0.395197	0.400224
64897	0.482599	-1.260678	10.967375	-0.705047	1.746552	0.141977	0.407644	0.109312	0.906574	-0.396290	0.915619	0.067791	-0.822666	-0.386901	0.416566
64898	1.313127	-0.934543	10.883177	-0.639500	2.241407	0.424555	0.424372	0.121887	0.897247	-0.392902	0.917542	0.061188	-0.815804	-0.378497	0.437269
64899	1.592008	-0.104396	10.302651	-0.551681	2.679437	0.570842	0.443836	0.137117	0.885556	-0.390882	0.918877	0.053632	-0.806363	-0.369951	0.461427
64900	2.003293	0.911513	9.855998	-0.468896	3.018847	0.596781	0.465712	0.153766	0.871475	-0.389941	0.919685	0.046110	-0.794392	-0.361298	0.488267
64901	2.936377	2.251796	9.962229	-0.492382	3.280757	0.534337	0.489439	0.170337	0.855240	-0.388590	0.920584	0.039032	-0.780671	-0.351442	0.516761
64902	4.203822	3.212619	10.178823	-0.643066	3.522702	0.396776	0.515179	0.186294	0.836591	-0.385715	0.922056	0.032201	-0.765385	-0.339275	0.546880
64903	5.255687	3.573533	10.183419	-0.784075	3.779100	0.186631	0.543041	0.200528	0.815411	-0.380742	0.924308	0.026255	-0.748426	-0.324719	0.578287
64904	6.015582	3.647719	10.101197	-0.860335	4.013328	-0.054903	0.572945	0.212860	0.791469	-0.374179	0.927107	0.021529	-0.729194	-0.308486	0.610829
64905	6.839067	3.530072	10.015951	-0.940027	4.161297	-0.282408	0.603874	0.222670	0.765346	-0.365734	0.930548	0.017838	-0.708220	-0.290685	0.643372
64906	7.671819	3.024478	10.016503	-1.017411	4.258768	-0.457071	0.635245	0.230509	0.737109	-0.355905	0.934409	0.014512	-0.685416	-0.271559	0.675618
64907	8.356101	2.267150	9.953311	-1.049847	4.322049	-0.544601	0.666229	0.236683	0.707192	-0.345265	0.938438	0.011190	-0.661007	-0.251624	0.706933
64908	9.044155	1.367697	9.908895	-1.066632	4.349971	-0.533439	0.696271	0.242290	0.675649	-0.334807	0.942260	0.007128	-0.634910	-0.231175	0.737189
64909	9.550208	0.342455	9.761977	-1.029299	4.344501	-0.425684	0.724645	0.247842	0.643012	-0.325360	0.945588	0.002199	-0.607479	-0.210804	0.765853
64910	9.683309	-0.439422	9.524609	-0.913590	4.307947	-0.248176	0.751024	0.254275	0.609349	-0.318197	0.948018	-0.003419	-0.578544	-0.191325	0.792895
64911	9.751790	-0.813298	9.477173	-0.795805	4.234689	-0.032532	0.774978	0.261648	0.575281	-0.313436	0.949560	-0.009638	-0.548786	-0.172844	0.817899
64912	9.801927	-1.077941	9.372460	-0.735069	4.128548	0.211445	0.796375	0.270542	0.540920	-0.311262	0.950173	-0.016972	-0.518559	-0.154852	0.840903
64913	9.374739	-0.950314	9.126235	-0.629755	4.042388	0.441434	0.815328	0.280622	0.506450	-0.311623	0.949886	-0.024650	-0.487987	-0.137724	0.861917
64914	8.746536	-0.282689	9.052213	-0.574089	3.930057	0.598583	0.832045	0.291508	0.471937	-0.313930	0.948885	-0.032640	-0.457329	-0.120997	0.881028
64915	8.588872	0.638635	9.296017	-0.616987	3.824887	0.644886	0.846914	0.301897	0.437715	-0.316589	0.947673	-0.041069	-0.427210	-0.103794	0.898175
64916	8.954378	1.375239	9.462035	-0.775087	3.750494	0.607554	0.860456	0.311299	0.403371	-0.318664	0.946511	-0.050702	-0.397579	-0.084913	0.913631
64917	9.229380	1.599211	9.123876	-0.943102	3.711251	0.516757	0.873011	0.318934	0.368962	-0.319506	0.945594	-0.061389	-0.368467	-0.064293	0.927415
64918	9.432156	1.669810	8.426526	-1.066686	3.650522	0.393724	0.884679	0.324695	0.334538	-0.319264	0.944867	-0.072781	-0.339725	-0.042418	0.939568
64919	-0.532387	-1.686317	6.657062	0.216845	1.747164	0.323814	0.889424	0.328440	0.317886	-0.322831	0.943729	-0.071803	-0.323581	-0.038760	0.945406
64920	18.812910	-0.167959	-12.223286	1.389662	-0.138469	0.203071	0.888313	0.330378	0.318984	-0.329180	0.942400	-0.059354	-0.320220	-0.052278	0.945900
64921	19.660910	7.504748	-3.528285	0.175811	-0.793356	-0.247852	0.886551	0.327586	0.326672	-0.327525	0.943128	-0.056903	-0.326734	-0.056546	0.943423
64922	34.430601	5.014752	-8.168678	-0.433190	-1.188457	0.140732	0.882137	0.328287	0.337731	-0.327363	0.942897	-0.061475	-0.338627	-0.056331	0.939233
64923	35.374884	2.768642	-14.183428	0.651439	-1.854481	-0.658293	0.877858	0.320893	0.355519	-0.323797	0.944635	-0.053103	-0.352876	-0.068499	0.933159
64924	30.226979	7.925390	-18.310705	0.985338	-2.570990	-1.006133	0.871770	0.309373	0.379875	-0.318549	0.947051	-0.040252	-0.372214	-0.085919	0.924162
64925	6.868696	6.392634	18.585276	-2.107015	-1.792787	-1.108571	0.868318	0.297411	0.396950	-0.300801	0.952080	-0.055343	-0.394388	-0.071348	0.916170
64926	25.757697	-25.805588	21.857654	-2.423161	-3.702415	-0.082206	0.853240	0.294140	0.430653	-0.290000	0.953926	-0.076972	-0.433452	-0.059213	0.899229
64927	7.807448	-0.000908	7.747653	7.130221	1.466911	-0.965768	0.862243	0.286252	0.417848	-0.311395	0.950244	-0.008404	-0.399463	-0.122869	0.908478
64928	-4.964318	12.537668	12.290869	3.136953	-0.702918	-0.821870	0.862021	0.277440	0.424202	-0.316750	0.948218	0.023507	-0.395714	-0.154629	0.905263
64929	16.685784	9.604559	16.015705	-3.014260	-2.293001	0.088126	0.852324	0.274960	0.444904	-0.305113	0.952308	-0.004027	-0.424793	-0.132314	0.895569
64930	4.678766	-5.354573	6.794392	-2.191984	-0.640033	0.012950	0.849530	0.274219	0.450669	-0.295712	0.954984	-0.023651	-0.436868	-0.113176	0.892378
64931	7.764149	-1.047056	9.766765	1.706736	-0.033762	-0.057525	0.849540	0.273602	0.451025	-0.302613	0.953079	-0.008166	-0.432097	-0.129549	0.892474
64932	4.747029	3.327958	10.380898	1.312416	0.317967	-0.029191	0.850990	0.273686	0.448231	-0.307933	0.951401	0.003711	-0.425432	-0.141183	0.893910
64933	4.331576	2.294011	10.261257	-0.312282	-0.316677	0.033222	0.849520	0.273531	0.451106	-0.306856	0.951756	0.000766	-0.429133	-0.139075	0.892470
64934	5.387317	-0.290069	9.422413	-0.779049	-0.521137	0.037411	0.847153	0.273099	0.455795	-0.303736	0.952735	-0.006317	-0.435977	-0.133090	0.890063
64935	5.100427	-0.778731	8.816039	0.260471	-0.044496	0.055775	0.846774	0.273543	0.456233	-0.305318	0.952241	-0.004259	-0.435609	-0.135689	0.889850
64936	4.681010	0.875963	9.498161	0.244564	-0.090796	0.059377	0.846197	0.273906	0.457085	-0.306821	0.951765	-0.002326	-0.435674	-0.138275	0.889420
64937	4.647716	0.135217	9.254525	-0.166853	-0.211543	0.047830	0.845111	0.274042	0.459009	-0.306470	0.951872	-0.004034	-0.438023	-0.137263	0.888423
64938	4.870960	-0.505329	9.110194	0.003535	-0.152085	0.047227	0.844299	0.274203	0.460403	-0.306818	0.951759	-0.004190	-0.439342	-0.137722	0.887700
64939	4.601847	-0.327100	9.107473	0.074792	-0.116219	0.036990	0.843659	0.274367	0.461478	-0.307433	0.951562	-0.003703	-0.440141	-0.138750	0.887144
64940	4.669828	-0.304741	9.102702	0.027319	-0.135479	0.027811	0.842977	0.274366	0.462724	-0.307723	0.951469	-0.003560	-0.441245	-0.139390	0.886495
64941	4.835878	-0.014522	9.134578	0.088781	-0.105769	0.019766	0.842433	0.274378	0.463706	-0.308256	0.951299	-0.002870	-0.441911	-0.140522	0.885984
64942	4.672649	0.191088	9.192080	0.087473	-0.112925	0.015479	0.841886	0.274289	0.464751	-0.308708	0.951154	-0.002140	-0.442637	-0.141671	0.885439
64943	4.860869	0.201523	9.173569	0.038974	-0.126332	0.019135	0.841251	0.274264	0.465914	-0.309016	0.951055	-0.001889	-0.443628	-0.142386	0.884828
64944	4.991672	0.315376	9.159788	0.052951	-0.097495	0.020666	0.840754	0.274245	0.466822	-0.309361	0.950944	-0.001489	-0.444329	-0.143165	0.884350
64945	4.800877	0.345540	9.207075	0.051775	-0.075968	0.027647	0.840315	0.274371	0.467538	-0.309797	0.950802	-0.001165	-0.444856	-0.143863	0.883972
64946	4.801195	0.274396	9.212508	0.003450	-0.085806	0.031152	0.839837	0.274465	0.468341	-0.310009	0.950733	-0.001251	-0.445611	-0.144139	0.883547
64947	4.790931	0.141537	9.136884	-0.007695	-0.088415	0.030616	0.839331	0.274601	0.469167	-0.310206	0.950668	-0.001468	-0.446425	-0.144306	0.883108
64948	4.817484	0.115166	9.148140	0.000013	-0.082142	0.027704	0.838879	0.274666	0.469937	-0.310372	0.950614	-0.001569	-0.447160	-0.144539	0.882698
64949	4.829766	0.130227	9.087246	-0.009201	-0.072585	0.025623	0.838458	0.274777	0.470622	-0.310520	0.950565	-0.001776	-0.447845	-0.144648	0.882333
64950	4.784157	0.064206	9.122831	-0.011371	-0.074199	0.025172	0.838048	0.274830	0.471322	-0.310614	0.950534	-0.001965	-0.448548	-0.144752	0.881959
64951	4.767542	0.037989	9.110172	-0.024357	-0.078621	0.018705	0.837621	0.274866	0.472060	-0.310635	0.950526	-0.002273	-0.449330	-0.144734	0.881564
64952	4.753526	0.036250	9.094296	-0.004958	-0.078468	0.021603	0.837201	0.274879	0.472796	-0.310727	0.950496	-0.002389	-0.450048	-0.144910	0.881169
64953	4.784981	0.057973	9.099183	-0.016614	-0.093710	0.012985	0.836722	0.274838	0.473666	-0.310735	0.950493	-0.002602	-0.450932	-0.145007	0.880701
64954	4.748764	0.064405	9.124465	-0.014156	-0.097542	0.011695	0.836246	0.274730	0.474570	-0.310704	0.950503	-0.002753	-0.451836	-0.145149	0.880213
64955	4.795817	0.075244	9.053640	-0.007752	-0.101804	0.008121	0.835744	0.274631	0.475510	-0.310711	0.950500	-0.002865	-0.452759	-0.145352	0.879705
64956	4.786053	0.006359	9.079095	0.003680	-0.104655	0.006878	0.835248	0.274465	0.476476	-0.310719	0.950498	-0.002835	-0.453667	-0.145682	0.879183
64957	4.812477	0.050910	9.046646	0.010219	-0.110584	0.006822	0.834708	0.274341	0.477492	-0.310797	0.950472	-0.002783	-0.454607	-0.146080	0.878631
64958	4.848098	0.068234	8.996307	0.020093	-0.102709	0.004322	0.834228	0.274154	0.478438	-0.310859	0.950452	-0.002598	-0.455445	-0.146560	0.878117
64959	4.944403	0.153896	8.939776	0.034999	-0.093415	0.004142	0.833773	0.274028	0.479303	-0.311027	0.950398	-0.002316	-0.456163	-0.147146	0.877646
64960	4.893446	0.144865	8.989661	0.030185	-0.084056	0.006630	0.833368	0.273888	0.480086	-0.311154	0.950357	-0.002053	-0.456816	-0.147670	0.877219
64961	4.848782	0.176698	8.979672	0.036888	-0.075757	0.007728	0.832982	0.273821	0.480795	-0.311361	0.950290	-0.001771	-0.457380	-0.148225	0.876831
64962	4.929656	0.149342	8.993374	0.024857	-0.095995	0.008425	0.832515	0.273681	0.481682	-0.311480	0.950251	-0.001563	-0.458146	-0.148733	0.876345
64963	4.869836	0.167957	9.061203	0.032188	-0.086057	0.007312	0.832082	0.273594	0.482480	-0.311663	0.950192	-0.001321	-0.458810	-0.149271	0.875906
64964	4.929895	0.233736	9.016898	0.020774	-0.093955	0.007213	0.831628	0.273442	0.483347	-0.311752	0.950163	-0.001145	-0.459571	-0.149733	0.875428
64965	4.894384	0.243320	9.042201	0.011183	-0.107318	0.008025	0.831093	0.273329	0.484331	-0.311844	0.950133	-0.001090	-0.460476	-0.150130	0.874884
64966	4.838809	0.252502	9.055108	0.002610	-0.120609	0.013573	0.830494	0.273196	0.485431	-0.311901	0.950114	-0.001103	-0.461516	-0.150491	0.874274
64967	4.780421	0.212161	9.073578	-0.017768	-0.150959	0.010728	0.829746	0.273043	0.486794	-0.311882	0.950120	-0.001315	-0.462872	-0.150732	0.873516
64968	4.851802	0.103990	9.059768	-0.033525	-0.183574	0.007029	0.828873	0.272753	0.488441	-0.311719	0.950173	-0.001610	-0.464543	-0.150922	0.872595
64969	4.785386	-0.051230	9.145600	-0.032183	-0.210827	-0.001645	0.827880	0.272390	0.490324	-0.311530	0.950235	-0.001888	-0.466437	-0.151188	0.871538
64970	4.780620	0.016879	9.081191	0.002852	-0.213985	0.000833	0.826878	0.271995	0.492232	-0.311484	0.950250	-0.001836	-0.468243	-0.151804	0.870462
64971	4.688563	0.110819	9.130983	-0.001406	-0.274524	-0.003283	0.825582	0.271517	0.494664	-0.311424	0.950269	-0.001837	-0.470563	-0.152534	0.869082
64972	4.711907	0.186544	9.128375	-0.008538	-0.329149	0.004823	0.824014	0.270980	0.497566	-0.311357	0.950291	-0.001904	-0.473348	-0.153352	0.867424
64973	4.534787	0.106815	9.294095	-0.011465	-0.405820	0.011271	0.822033	0.270434	0.501126	-0.311369	0.950287	-0.002063	-0.476771	-0.154339	0.865372
64974	4.647454	0.011184	9.187747	-0.042275	-0.505624	0.010406	0.819579	0.269671	0.505537	-0.311186	0.950346	-0.002450	-0.481096	-0.155308	0.862801
64975	4.756022	0.130161	9.003211	0.001976	-0.580228	0.011578	0.816720	0.268846	0.510578	-0.311264	0.950320	-0.002496	-0.485884	-0.156886	0.859828
64976	4.865202	0.348615	8.988048	-0.010618	-0.658980	0.017011	0.813447	0.267893	0.516272	-0.311289	0.950312	-0.002644	-0.491328	-0.158559	0.856420
64977	5.150661	0.255504	8.832746	-0.102786	-0.731522	0.011905	0.809775	0.266813	0.522566	-0.310850	0.950452	-0.003587	-0.497631	-0.159535	0.852591
64978	5.278888	-0.012355	8.762474	-0.117140	-0.741356	0.001603	0.806055	0.265563	0.528915	-0.310212	0.950656	-0.004559	-0.504027	-0.160401	0.848663
64979	5.378487	0.005324	8.763471	-0.093244	-0.720218	-0.006653	0.802405	0.264312	0.535057	-0.309659	0.950833	-0.005316	-0.510155	-0.161420	0.844799
64980	5.316869	-0.053427	8.811830	-0.100874	-0.712644	-0.019992	0.798807	0.262889	0.541107	-0.308917	0.951070	-0.006025	-0.516214	-0.162344	0.840932
64981	5.358047	0.047116	8.826313	-0.100081	-0.714848	-0.032876	0.795177	0.261383	0.547149	-0.308109	0.951328	-0.006688	-0.522266	-0.163263	0.837009
64982	5.170229	0.071353	9.046118	-0.137818	-0.760964	-0.043107	0.791309	0.259650	0.553544	-0.306979	0.951686	-0.007569	-0.528766	-0.163937	0.832786
64983	5.048201	0.146210	9.145818	-0.153340	-0.862295	-0.050870	0.786854	0.257720	0.560751	-0.305735	0.952078	-0.008561	-0.536085	-0.164704	0.827940
64984	4.872275	0.387381	9.346100	-0.170380	-1.012199	-0.063025	0.781575	0.255369	0.569146	-0.304255	0.952543	-0.009579	-0.544582	-0.165679	0.822180
64985	4.646677	0.352768	9.504376	-0.242847	-1.230178	-0.061628	0.774977	0.252709	0.579265	-0.302413	0.953111	-0.011214	-0.554938	-0.166486	0.815062
64986	4.557470	0.242271	9.580394	-0.313773	-1.491103	-0.088504	0.766874	0.249298	0.591401	-0.299905	0.953878	-0.013207	-0.567416	-0.167236	0.806270
64987	4.506933	0.253693	9.499183	-0.393405	-1.772840	-0.128478	0.757044	0.245072	0.605660	-0.296638	0.954863	-0.015589	-0.582143	-0.167860	0.795571
64988	4.652716	0.209259	9.295675	-0.444169	-2.072045	-0.170376	0.745306	0.239879	0.622075	-0.292672	0.956043	-0.018013	-0.599051	-0.168638	0.782751
64989	4.552656	0.185726	9.477349	-0.406642	-2.358768	-0.210993	0.731544	0.233833	0.640442	-0.288612	0.957241	-0.019833	-0.617695	-0.170331	0.767750
64990	4.240126	-0.120174	9.792624	-0.341060	-2.776108	-0.273332	0.714884	0.226367	0.661589	-0.284431	0.958475	-0.020605	-0.638781	-0.173446	0.749584
64991	4.631923	-0.871440	9.687357	-0.145771	-3.186682	-0.366554	0.695170	0.217203	0.685246	-0.280871	0.959553	-0.019211	-0.661702	-0.179110	0.728059
64992	5.533142	-1.224455	9.512686	0.167082	-3.542951	-0.501141	0.672701	0.205813	0.710714	-0.278510	0.960324	-0.014483	-0.685497	-0.188198	0.703332
64993	5.683925	-1.395874	9.546851	0.453108	-3.824363	-0.626614	0.647735	0.192335	0.737189	-0.277506	0.960700	-0.006817	-0.709528	-0.200159	0.675653
64994	6.695962	-1.133641	10.195469	0.584572	-4.225343	-0.767640	0.619344	0.176152	0.765104	-0.276814	0.960919	0.002843	-0.734702	-0.213552	0.643901
64995	9.320036	-1.065698	11.433968	0.458675	-4.528071	-0.830354	0.587739	0.158194	0.793434	-0.275205	0.961308	0.012194	-0.760805	-0.225524	0.608535
64996	12.057266	-0.548141	12.677583	0.499736	-4.537207	-0.742176	0.554696	0.140504	0.820104	-0.274785	0.961273	0.021167	-0.785370	-0.237094	0.571822
64997	12.596724	-0.238044	12.667761	0.281366	-4.424091	-0.617137	0.521092	0.123857	0.844466	-0.273682	0.961416	0.027870	-0.808431	-0.245638	0.534884
64998	13.249934	0.546115	12.245809	0.065664	-4.369539	-0.503083	0.486655	0.108109	0.866879	-0.271645	0.961847	0.032546	-0.830287	-0.251322	0.497455
64999	12.014094	0.679454	12.387305	-0.371734	-4.233034	-0.420488	0.452156	0.093372	0.887038	-0.266520	0.963213	0.034464	-0.851189	-0.251997	0.460408
65000	8.929901	-0.269021	11.260034	-0.577016	-4.134812	-0.473315	0.417800	0.078383	0.905152	-0.259457	0.965076	0.036187	-0.870704	-0.249967	0.423546
65001	6.687736	-1.150812	10.168590	-0.655801	-4.201542	-0.691576	0.382548	0.061234	0.921904	-0.250893	0.967193	0.039867	-0.889219	-0.246550	0.385361
65002	5.576683	-4.021530	8.277291	-0.576766	-4.174775	-1.021136	0.347598	0.041089	0.936743	-0.241961	0.969134	0.047274	-0.905887	-0.243087	0.346811
65003	3.922160	-1.271986	9.985726	0.474448	-3.550476	-1.251160	0.318228	0.020201	0.947799	-0.242096	0.968355	0.060646	-0.916581	-0.248757	0.313049
65004	-0.623137	2.763681	11.993447	0.775468	-2.816538	-1.646885	0.296337	-0.002868	0.955079	-0.244157	0.966540	0.078658	-0.923348	-0.256498	0.285722
65005	15.854325	7.308147	16.567755	-0.622959	-2.651802	-1.815559	0.276020	-0.027181	0.960767	-0.233157	0.967850	0.094365	-0.932443	-0.250056	0.260809
65006	12.420203	-1.765186	17.972865	-3.472138	-0.448795	-1.923289	0.275970	-0.046938	0.960019	-0.195297	0.975233	0.103823	-0.941116	-0.216141	0.259969
65007	5.021231	-8.184721	11.853333	-0.153021	1.492123	-1.799236	0.293396	-0.061293	0.954024	-0.188715	0.974592	0.120651	-0.937180	-0.215437	0.274374
65008	-2.452513	-4.966595	7.661308	0.425738	1.869154	-1.657286	0.314022	-0.073342	0.946579	-0.187660	0.972547	0.137609	-0.930685	-0.220847	0.291638
65009	-3.972346	-6.052570	5.921869	-0.249988	1.108462	-0.942964	0.326023	-0.080106	0.941962	-0.182296	0.972376	0.145787	-0.927619	-0.219246	0.302414
65010	-0.777174	-5.906403	7.313297	0.101053	0.904079	-0.164943	0.334757	-0.079685	0.938929	-0.182707	0.972020	0.147634	-0.924422	-0.220971	0.310831
65011	1.707765	-4.498494	9.661655	0.151891	1.054356	0.586129	0.343360	-0.071679	0.936465	-0.186072	0.972128	0.142633	-0.920587	-0.223225	0.320453
65012	3.102508	-4.806261	10.511617	0.074237	1.491034	1.217295	0.354822	-0.056439	0.933229	-0.191045	0.972738	0.131466	-0.915207	-0.224936	0.334366
65013	2.847973	-3.833859	10.221155	0.487457	2.129294	1.621706	0.370995	-0.035849	0.927943	-0.201347	0.972378	0.118065	-0.906544	-0.230640	0.353529
65014	2.264232	-1.957125	9.575610	0.650344	2.547380	1.794855	0.390298	-0.012353	0.920606	-0.214104	0.971280	0.103804	-0.895448	-0.237620	0.376444
65015	2.368406	-0.212817	9.275092	0.697325	2.852649	1.784591	0.411680	0.011809	0.911252	-0.227436	0.969608	0.090184	-0.882492	-0.244379	0.401854
65016	3.054649	1.289845	9.466134	0.558029	3.124760	1.651135	0.435259	0.035618	0.899601	-0.239389	0.967825	0.077506	-0.867896	-0.249089	0.429781
65017	3.930099	1.972464	9.678508	0.256700	3.386822	1.422748	0.460884	0.057798	0.885576	-0.247948	0.966525	0.065959	-0.852120	-0.249976	0.459787
65018	4.594047	2.018920	9.549407	0.019682	3.702145	1.163903	0.489271	0.078362	0.868604	-0.253722	0.965667	0.055799	-0.834410	-0.247684	0.492355
65019	5.026541	1.808949	9.337329	-0.105097	3.986636	0.890314	0.519834	0.096710	0.848775	-0.257322	0.965151	0.047627	-0.814590	-0.243167	0.526604
65020	5.598229	1.509599	9.277064	-0.234865	4.208694	0.659146	0.552041	0.113276	0.826087	-0.259046	0.965003	0.040785	-0.792557	-0.236510	0.562065
65021	6.306667	1.106211	9.290874	-0.352303	4.394569	0.482621	0.585064	0.128106	0.800806	-0.259015	0.965245	0.034823	-0.768513	-0.227794	0.597911
