// General information: 
//  MT Manager version: 2022.2.0 
//  XDA version: 2022.2.0 build 7381 rev 124627 built on 2023-07-19
// Device information: 
//  DeviceId: 00B4CBA7
//  ProductCode: MTW2-3A7G6
//  Firmware Version: 4.6.0
//  Hardware Version: 2.0.0
// Device settings: 
//  Filter Profile: human(46.1)
//  Option Flags: Orientation Smoother Disabled, Position/Velocity Smoother Disabled, Continuous Zero Rotation Update Disabled, AHS Disabled, ICC Disabled
// Coordinate system: ENU
PacketCounter	Acc_X	Acc_Y	Acc_Z	Gyr_X	Gyr_Y	Gyr_Z	Mat[1][1]	Mat[2][1]	Mat[3][1]	Mat[1][2]	Mat[2][2]	Mat[3][2]	Mat[1][3]	Mat[2][3]	Mat[3][3]
09088	9.371110	-0.682089	-2.994362	0.032586	-0.018168	0.015340	-0.269512	-0.114352	0.956184	-0.625248	0.775954	-0.083436	-0.732413	-0.620338	-0.280627
09089	9.335366	-0.661817	-2.952617	0.024469	-0.005080	0.017272	-0.269661	-0.114246	0.956154	-0.625351	0.775846	-0.083664	-0.732270	-0.620493	-0.280659
09090	9.415987	-0.657022	-2.875435	-0.001280	0.004660	0.020721	-0.269725	-0.114072	0.956157	-0.625292	0.775876	-0.083826	-0.732297	-0.620488	-0.280601
09091	9.577782	-0.747123	-2.819962	-0.033661	0.010009	0.030610	-0.269851	-0.113696	0.956166	-0.624861	0.776199	-0.084053	-0.732618	-0.620152	-0.280502
09092	9.397002	-0.923249	-2.568818	-0.064412	-0.000068	0.018609	-0.269936	-0.113568	0.956157	-0.624345	0.776617	-0.084018	-0.733027	-0.619651	-0.280542
09093	9.173022	-1.002941	-2.532319	-0.062085	-0.057460	0.003682	-0.270383	-0.113934	0.955988	-0.623885	0.777005	-0.083851	-0.733254	-0.619098	-0.281170
09094	9.209334	-0.696936	-2.473598	-0.004643	-0.071441	0.001992	-0.270887	-0.114377	0.955792	-0.623852	0.777034	-0.083824	-0.733096	-0.618979	-0.281843
09095	9.220299	-0.478914	-2.403333	-0.013507	-0.053835	0.010951	-0.271377	-0.114635	0.955622	-0.623715	0.777136	-0.083898	-0.733030	-0.618804	-0.282397
09096	9.143992	-0.677270	-2.420911	-0.073770	-0.055092	0.001896	-0.271761	-0.114977	0.955472	-0.623176	0.777593	-0.083676	-0.733347	-0.618167	-0.282970
09097	9.439110	-1.011022	-2.772420	-0.087253	-0.071261	-0.009714	-0.272252	-0.115494	0.955270	-0.622548	0.778131	-0.083349	-0.733698	-0.617393	-0.283748
09098	9.417794	-0.992174	-2.915125	-0.025657	-0.063434	-0.018778	-0.272569	-0.116047	0.955112	-0.622417	0.778266	-0.083065	-0.733691	-0.617119	-0.284361
09099	9.422077	-0.886838	-3.067427	-0.018199	-0.049379	-0.017042	-0.272774	-0.116530	0.954995	-0.622327	0.778368	-0.082777	-0.733691	-0.616899	-0.284838
09100	9.478961	-0.691511	-3.250947	-0.046760	-0.043127	-0.006496	-0.273019	-0.116862	0.954884	-0.622008	0.778647	-0.082550	-0.733871	-0.616484	-0.285274
09101	9.289243	-0.750061	-3.251700	-0.113423	-0.017847	0.010176	-0.273180	-0.116934	0.954829	-0.621144	0.779367	-0.082266	-0.734543	-0.615560	-0.285540
09102	9.250506	-1.052716	-3.320040	-0.124592	-0.009684	0.019771	-0.273343	-0.116855	0.954792	-0.620180	0.780155	-0.082067	-0.735296	-0.614576	-0.285721
09103	9.323978	-1.162296	-3.328038	-0.097794	0.006267	0.021842	-0.273396	-0.116754	0.954790	-0.619451	0.780751	-0.081903	-0.735891	-0.613837	-0.285778
09104	9.334096	-0.922212	-3.194332	-0.056645	0.024332	0.016671	-0.273289	-0.116490	0.954852	-0.618995	0.781117	-0.081868	-0.736314	-0.613422	-0.285578
09105	9.329138	-0.627989	-3.155229	-0.074010	0.037011	0.015678	-0.273131	-0.116154	0.954939	-0.618391	0.781601	-0.081802	-0.736880	-0.612868	-0.285308
09106	9.265921	-0.628033	-3.037333	-0.099997	0.045543	0.011233	-0.272834	-0.115803	0.955066	-0.617630	0.782225	-0.081592	-0.737628	-0.612139	-0.284941
09107	9.231591	-0.708410	-2.950749	-0.101736	0.050163	0.013326	-0.272542	-0.115426	0.955195	-0.616832	0.782875	-0.081395	-0.738403	-0.611379	-0.284565
09108	9.353040	-0.786141	-2.973922	-0.083412	0.052202	0.008709	-0.272179	-0.115055	0.955343	-0.616199	0.783393	-0.081209	-0.739065	-0.610785	-0.284120
09109	9.350868	-0.868060	-2.873811	-0.052574	0.058576	0.001556	-0.271747	-0.114804	0.955497	-0.615875	0.783669	-0.080999	-0.739495	-0.610477	-0.283664
09110	9.337384	-0.858145	-2.830183	-0.017253	0.058712	-0.000842	-0.271276	-0.114468	0.955671	-0.615756	0.783772	-0.080909	-0.739766	-0.610408	-0.283103
09111	9.338231	-0.815572	-2.819421	0.010651	0.056254	-0.010939	-0.270874	-0.114261	0.955809	-0.615898	0.783665	-0.080862	-0.739795	-0.610585	-0.282648
09112	9.441645	-0.818215	-2.881263	0.016812	0.063429	-0.014862	-0.270283	-0.114007	0.956007	-0.616069	0.783543	-0.080735	-0.739869	-0.610788	-0.282014
09113	9.393872	-0.828217	-2.799425	0.011584	0.059527	-0.010623	-0.269742	-0.113753	0.956190	-0.616156	0.783488	-0.080610	-0.739994	-0.610906	-0.281429
09114	9.324458	-0.841845	-2.803116	0.000070	0.060901	-0.010406	-0.269196	-0.113479	0.956376	-0.616190	0.783475	-0.080479	-0.740164	-0.610975	-0.280833
09115	9.400750	-0.994772	-2.809807	0.014228	0.055480	-0.001164	-0.268777	-0.113177	0.956530	-0.616282	0.783403	-0.080478	-0.740240	-0.611123	-0.280309
09116	9.256670	-0.843990	-2.571924	0.042376	0.051501	0.008031	-0.268414	-0.112816	0.956675	-0.616580	0.783151	-0.080641	-0.740124	-0.611512	-0.279769
09117	9.280045	-0.736723	-2.521550	0.030842	0.044374	-0.005678	-0.268028	-0.112648	0.956803	-0.616833	0.782955	-0.080613	-0.740052	-0.611794	-0.279339
09118	9.337091	-0.859825	-2.435021	0.010650	0.044779	-0.005012	-0.267635	-0.112429	0.956938	-0.616932	0.782882	-0.080563	-0.740113	-0.611927	-0.278888
09119	9.239197	-0.776090	-2.319403	0.006478	0.034659	-0.012353	-0.267279	-0.112326	0.957050	-0.616978	0.782861	-0.080424	-0.740203	-0.611974	-0.278545
09120	9.242914	-0.841770	-2.237853	0.001712	0.019261	-0.015934	-0.267007	-0.112349	0.957123	-0.617039	0.782831	-0.080244	-0.740250	-0.612008	-0.278345
09121	9.350844	-0.889727	-2.275072	0.013969	0.007807	-0.024506	-0.266761	-0.112585	0.957164	-0.617253	0.782690	-0.079965	-0.740160	-0.612144	-0.278285
09122	9.419386	-0.806359	-2.343693	0.034474	0.005661	-0.029688	-0.266505	-0.112800	0.957210	-0.617593	0.782444	-0.079744	-0.739969	-0.612419	-0.278190
09123	9.434823	-0.666842	-2.416262	0.034567	-0.006528	-0.030343	-0.266287	-0.113101	0.957235	-0.617900	0.782231	-0.079466	-0.739791	-0.612637	-0.278183
09124	9.402401	-0.576092	-2.559400	0.026201	-0.009249	-0.034415	-0.266112	-0.113443	0.957243	-0.618191	0.782030	-0.079178	-0.739611	-0.612830	-0.278237
09125	9.575340	-0.634415	-2.942605	-0.000781	-0.006443	-0.036647	-0.265882	-0.113741	0.957272	-0.618210	0.782054	-0.078786	-0.739677	-0.612743	-0.278250
09126	9.476519	-0.767056	-3.121858	0.003820	-0.004655	-0.033148	-0.265681	-0.114045	0.957292	-0.618333	0.781992	-0.078447	-0.739647	-0.612767	-0.278278
09127	9.365088	-0.606627	-3.157092	0.029901	0.003625	-0.024577	-0.265537	-0.114262	0.957306	-0.618641	0.781764	-0.078289	-0.739441	-0.613017	-0.278274
09128	9.405331	-0.690969	-3.260197	0.019312	0.008022	-0.015475	-0.265351	-0.114350	0.957347	-0.618831	0.781626	-0.078162	-0.739349	-0.613176	-0.278169
09129	9.209899	-0.754453	-3.011349	0.033934	0.020345	-0.017930	-0.265039	-0.114416	0.957425	-0.619128	0.781406	-0.078009	-0.739212	-0.613444	-0.277942
09130	9.367143	-0.619429	-2.698203	0.045176	0.020478	-0.004979	-0.264826	-0.114346	0.957493	-0.619481	0.781122	-0.078055	-0.738993	-0.613819	-0.277697
09131	9.363639	-0.703650	-2.600126	0.026734	0.024756	0.007492	-0.264636	-0.114259	0.957556	-0.619731	0.780919	-0.078091	-0.738851	-0.614093	-0.277469
09132	9.200031	-0.710089	-2.242873	0.026244	0.013377	-0.005251	-0.264474	-0.114234	0.957603	-0.619945	0.780751	-0.078081	-0.738730	-0.614312	-0.277307
09133	9.327006	-0.671766	-2.184588	0.008678	0.000980	-0.000454	-0.264418	-0.114191	0.957624	-0.619918	0.780773	-0.078068	-0.738772	-0.614291	-0.277240
09134	9.442077	-0.910405	-2.299829	-0.002249	-0.006991	-0.002070	-0.264426	-0.114267	0.957613	-0.619913	0.780783	-0.078009	-0.738774	-0.614264	-0.277295
09135	9.319890	-0.893361	-2.229250	0.024790	-0.012717	-0.012374	-0.264446	-0.114462	0.957584	-0.620114	0.780630	-0.077940	-0.738598	-0.614422	-0.277414
09136	9.278446	-0.824153	-2.216864	0.044424	-0.026906	-0.023134	-0.264470	-0.114825	0.957534	-0.620509	0.780329	-0.077809	-0.738257	-0.614737	-0.277624
09137	9.451275	-0.766708	-2.412129	0.073902	-0.041250	-0.027350	-0.264625	-0.115359	0.957427	-0.621170	0.779812	-0.077728	-0.737646	-0.615293	-0.278016
09138	9.456485	-0.766868	-2.521739	0.081518	-0.042565	-0.030136	-0.264721	-0.115873	0.957338	-0.621857	0.779274	-0.077634	-0.737033	-0.615878	-0.278347
09139	9.386958	-0.760361	-2.585311	0.104094	-0.047923	-0.037931	-0.264879	-0.116516	0.957216	-0.622757	0.778562	-0.077558	-0.736216	-0.616657	-0.278786
09140	9.371702	-0.747956	-2.691218	0.120154	-0.055517	-0.033313	-0.265049	-0.117135	0.957094	-0.623735	0.777780	-0.077542	-0.735326	-0.617525	-0.279211
09141	9.457728	-0.844597	-2.823950	0.137417	-0.052805	-0.027646	-0.265271	-0.117643	0.956970	-0.624755	0.776949	-0.077669	-0.734379	-0.618475	-0.279600
09142	9.451973	-0.738201	-2.902240	0.143560	-0.048294	-0.020338	-0.265467	-0.118116	0.956857	-0.625868	0.776034	-0.077844	-0.733360	-0.619531	-0.279937
09143	9.325453	-0.657592	-2.913570	0.129297	-0.042404	-0.014429	-0.265693	-0.118490	0.956748	-0.626825	0.775240	-0.078061	-0.732460	-0.620454	-0.280249
09144	9.233131	-0.661883	-2.921441	0.125498	-0.040168	-0.011039	-0.265888	-0.118842	0.956651	-0.627779	0.774446	-0.078275	-0.731572	-0.621377	-0.280522
09145	9.142842	-0.631738	-2.610030	0.123061	-0.043009	-0.011153	-0.266097	-0.119217	0.956546	-0.628693	0.773685	-0.078467	-0.730710	-0.622254	-0.280826
09146	9.273400	-0.598223	-2.523442	0.103718	-0.056363	-0.005511	-0.266444	-0.119627	0.956398	-0.629471	0.773031	-0.078674	-0.729914	-0.622987	-0.281271
09147	9.393277	-0.677440	-2.694029	0.070198	-0.053172	-0.006553	-0.266783	-0.119960	0.956262	-0.629917	0.772654	-0.078811	-0.729405	-0.623391	-0.281696
09148	9.415399	-0.979604	-2.909829	0.041928	-0.049127	-0.024384	-0.266957	-0.120471	0.956149	-0.630293	0.772362	-0.078663	-0.729016	-0.623654	-0.282119
09149	9.278606	-1.111352	-3.277086	0.060567	-0.048697	-0.042088	-0.267035	-0.121170	0.956039	-0.630888	0.771904	-0.078383	-0.728473	-0.624085	-0.282570
09150	9.437797	-1.231023	-3.684543	0.128288	-0.041483	-0.062332	-0.266912	-0.121926	0.955977	-0.631994	0.771026	-0.078118	-0.727558	-0.625023	-0.282853
09151	9.426588	-0.869621	-4.013864	0.227172	-0.014662	-0.072544	-0.266568	-0.122589	0.955988	-0.633821	0.769532	-0.078056	-0.726094	-0.626732	-0.282832
09152	9.661390	-0.405760	-4.068085	0.238487	0.017304	-0.074994	-0.265936	-0.123073	0.956102	-0.635756	0.767941	-0.077981	-0.724633	-0.628585	-0.282467
09153	9.409092	-0.531997	-3.899972	0.180417	0.039998	-0.045865	-0.265297	-0.123329	0.956247	-0.637296	0.766668	-0.077930	-0.723513	-0.630087	-0.281992
09154	9.192778	-0.352005	-3.670126	0.120000	0.053184	-0.007558	-0.264834	-0.123068	0.956409	-0.638190	0.765901	-0.078164	-0.722895	-0.631071	-0.281377
09155	9.216350	-0.452380	-3.396288	0.050146	0.071987	0.003137	-0.264327	-0.122632	0.956605	-0.638533	0.765602	-0.078291	-0.722778	-0.631518	-0.280674
09156	9.317356	-0.355638	-2.937870	0.018914	0.084296	0.018569	-0.263805	-0.121974	0.956833	-0.638626	0.765504	-0.078490	-0.722886	-0.631764	-0.279840
09157	9.278188	-0.043399	-2.402717	-0.081027	0.094456	0.035291	-0.263272	-0.121179	0.957081	-0.637953	0.766065	-0.078493	-0.723674	-0.631238	-0.278990
09158	9.278464	-0.086378	-1.978236	-0.221242	0.081110	0.043632	-0.262932	-0.120350	0.957279	-0.636241	0.767511	-0.078262	-0.725303	-0.629637	-0.278374
09159	9.285853	-0.277006	-1.764456	-0.306984	0.061515	0.041472	-0.262685	-0.119731	0.957424	-0.633925	0.769481	-0.077700	-0.727417	-0.627346	-0.278031
09160	9.487808	-0.674660	-1.812962	-0.323287	0.042860	0.026400	-0.262509	-0.119276	0.957529	-0.631507	0.771536	-0.077022	-0.729581	-0.624905	-0.277858
09161	9.385049	-0.893779	-1.751442	-0.233716	0.018573	0.010398	-0.262378	-0.119028	0.957596	-0.629655	0.773106	-0.076427	-0.731226	-0.623008	-0.277793
09162	9.382942	-0.702836	-1.783948	-0.118188	-0.002678	-0.007074	-0.262323	-0.119117	0.957600	-0.628815	0.773832	-0.075998	-0.731969	-0.622089	-0.277896
09163	9.523694	-0.748872	-1.950913	-0.054760	-0.022162	-0.006002	-0.262443	-0.119315	0.957543	-0.628395	0.774196	-0.075761	-0.732287	-0.621598	-0.278159
09164	9.501800	-0.605788	-2.215843	0.021881	-0.041432	0.009304	-0.262774	-0.119517	0.957426	-0.628536	0.774070	-0.075878	-0.732047	-0.621716	-0.278527
09165	9.536128	-0.438783	-2.574589	0.027882	-0.050689	0.025188	-0.263279	-0.119663	0.957270	-0.628651	0.773950	-0.076152	-0.731766	-0.621838	-0.278991
09166	9.423920	-0.549973	-2.909234	0.037980	-0.060782	0.037131	-0.263926	-0.119770	0.957078	-0.628837	0.773757	-0.076580	-0.731374	-0.622057	-0.279531
09167	9.504557	-0.441069	-3.159141	0.076682	-0.059696	0.057738	-0.264645	-0.119773	0.956879	-0.629272	0.773337	-0.077239	-0.730739	-0.622578	-0.280030
09168	9.393332	-0.522340	-3.174207	0.092094	-0.054719	0.068055	-0.265443	-0.119605	0.956679	-0.629770	0.772844	-0.078116	-0.730021	-0.623223	-0.280470
09169	9.161862	-0.302815	-2.875756	0.152298	-0.052369	0.075187	-0.266282	-0.119406	0.956471	-0.630686	0.771986	-0.079208	-0.728923	-0.624324	-0.280874
09170	9.259808	-0.217989	-2.568547	0.146183	-0.053755	0.071896	-0.267097	-0.119204	0.956269	-0.631564	0.771157	-0.080274	-0.727864	-0.625386	-0.281259
09171	9.463623	-0.305163	-2.347785	0.138635	-0.058232	0.082038	-0.268121	-0.118920	0.956017	-0.632294	0.770431	-0.081496	-0.726853	-0.626334	-0.281761
09172	9.489075	-0.313808	-2.374259	0.131259	-0.063678	0.094231	-0.269149	-0.118611	0.955767	-0.632999	0.769719	-0.082734	-0.725858	-0.627268	-0.282250
09173	9.346182	-0.293587	-2.444037	0.117265	-0.065129	0.094324	-0.270191	-0.118268	0.955515	-0.633508	0.769170	-0.083934	-0.725027	-0.628005	-0.282747
09174	9.456486	-0.462128	-2.692780	0.123609	-0.076013	0.097175	-0.271327	-0.118015	0.955225	-0.634146	0.768507	-0.085179	-0.724045	-0.628863	-0.283356
09175	9.543734	-0.492647	-3.064833	0.151805	-0.079012	0.104427	-0.272560	-0.117741	0.954907	-0.634937	0.767698	-0.086572	-0.722887	-0.629902	-0.284002
09176	9.511132	-0.487383	-3.275316	0.154751	-0.072577	0.109967	-0.273753	-0.117372	0.954612	-0.635760	0.766851	-0.088030	-0.721712	-0.631002	-0.284548
09177	9.466207	-0.641539	-3.323583	0.186335	-0.069378	0.108992	-0.274883	-0.116965	0.954337	-0.636724	0.765876	-0.089532	-0.720432	-0.632260	-0.285000
09178	9.417112	-0.544810	-3.205537	0.247028	-0.062721	0.119410	-0.276065	-0.116465	0.954057	-0.638178	0.764451	-0.091344	-0.718691	-0.634075	-0.285363
09179	9.426287	-0.508638	-2.908376	0.286568	-0.058883	0.130269	-0.277313	-0.115918	0.953761	-0.639888	0.762778	-0.093345	-0.716688	-0.636186	-0.285703
09180	9.458571	-0.509796	-2.670123	0.296322	-0.053223	0.151914	-0.278637	-0.115116	0.953473	-0.641592	0.761064	-0.095608	-0.714648	-0.638380	-0.285918
09181	9.411831	-0.500569	-2.559149	0.249356	-0.050943	0.169741	-0.280044	-0.114220	0.953168	-0.642895	0.759679	-0.097851	-0.712925	-0.640189	-0.286175
09182	9.370943	-0.851027	-2.532786	0.198639	-0.053592	0.176527	-0.281531	-0.113240	0.952847	-0.643819	0.758606	-0.100069	-0.711503	-0.641634	-0.286477
09183	9.456047	-1.035279	-2.440225	0.219559	-0.054622	0.162240	-0.282930	-0.112355	0.952537	-0.644845	0.757451	-0.102193	-0.710018	-0.643152	-0.286757
09184	9.594115	-1.001950	-2.231781	0.251845	-0.052114	0.156186	-0.284277	-0.111525	0.952233	-0.646194	0.756003	-0.104370	-0.708252	-0.644997	-0.286981
09185	9.461519	-1.119246	-2.100482	0.262219	-0.065543	0.164565	-0.285795	-0.110743	0.951870	-0.647557	0.754518	-0.106643	-0.706393	-0.646868	-0.287350
09186	9.388984	-1.442018	-1.854368	0.253027	-0.072517	0.153905	-0.287274	-0.110069	0.951503	-0.648906	0.753049	-0.108803	-0.704553	-0.648693	-0.287755
09187	9.592593	-1.825739	-1.514331	0.349189	-0.110333	0.134603	-0.288909	-0.109924	0.951025	-0.651071	0.750856	-0.111000	-0.701882	-0.651254	-0.288498
09188	9.752130	-1.667495	-1.023638	0.505615	-0.145453	0.125573	-0.290717	-0.109949	0.950471	-0.654253	0.747692	-0.113622	-0.698167	-0.654880	-0.289301
09189	9.681962	-1.016455	-0.242174	0.596243	-0.192259	0.137433	-0.292896	-0.110229	0.949769	-0.658004	0.743936	-0.116579	-0.693717	-0.659097	-0.290426
09190	9.648743	-0.505644	0.144924	0.550348	-0.271432	0.168029	-0.295850	-0.110791	0.948788	-0.661321	0.740484	-0.119745	-0.689295	-0.662880	-0.292341
09191	9.539996	-0.321523	0.076206	0.438572	-0.338101	0.183848	-0.299373	-0.111718	0.947573	-0.663813	0.737758	-0.122742	-0.685367	-0.665757	-0.295025
09192	9.478458	-0.693826	-0.211607	0.323306	-0.410572	0.208342	-0.303534	-0.112936	0.946104	-0.665402	0.735836	-0.125641	-0.681988	-0.667676	-0.298499
09193	9.544057	-0.768757	-0.930882	0.296908	-0.467712	0.229753	-0.308072	-0.114430	0.944456	-0.666762	0.734101	-0.128547	-0.678617	-0.669329	-0.302454
09194	9.903168	-0.221755	-0.922953	0.244982	-0.485802	0.235570	-0.312902	-0.115973	0.942679	-0.667696	0.732731	-0.131483	-0.675481	-0.670564	-0.306707
09195	10.241649	-0.368988	-0.513608	0.043253	-0.544499	0.217697	-0.318027	-0.118045	0.940704	-0.667331	0.732668	-0.133667	-0.673445	-0.670270	-0.311783
09196	10.831264	-0.877215	-0.020517	-0.065066	-0.648878	0.229693	-0.323892	-0.120722	0.938360	-0.666163	0.733378	-0.135587	-0.671804	-0.669017	-0.317956
09197	10.882592	-1.382051	1.172272	-0.090274	-0.745530	0.242257	-0.330455	-0.123904	0.935654	-0.664784	0.734262	-0.137554	-0.669972	-0.667463	-0.325010
09198	10.863228	-2.040937	2.325316	-0.028785	-0.895914	0.232648	-0.337959	-0.128185	0.932391	-0.663822	0.734747	-0.139599	-0.667176	-0.666120	-0.333406
09199	10.919010	-2.631687	2.589441	0.024210	-1.060096	0.194333	-0.346280	-0.133784	0.928543	-0.663365	0.734792	-0.141519	-0.663353	-0.664968	-0.343191
09200	10.956181	-2.994442	2.325431	0.206170	-1.201665	0.144113	-0.355144	-0.140731	0.924158	-0.664230	0.733618	-0.143541	-0.657778	-0.664831	-0.354018
09201	11.142968	-2.403750	1.918540	0.410265	-1.337437	0.127666	-0.364680	-0.148751	0.919175	-0.666610	0.730931	-0.146188	-0.650108	-0.666043	-0.365715
09202	11.549909	-1.322744	1.402604	0.475276	-1.455694	0.127875	-0.374905	-0.157538	0.913580	-0.669216	0.727957	-0.149096	-0.641558	-0.667279	-0.378341
09203	12.169194	-0.891246	0.931148	0.351486	-1.553150	0.124833	-0.385569	-0.167087	0.907424	-0.671190	0.725622	-0.151581	-0.633120	-0.667499	-0.391925
09204	13.089070	-0.757869	0.417315	0.221827	-1.640289	0.127491	-0.396716	-0.177117	0.900692	-0.672097	0.724360	-0.153588	-0.625222	-0.666283	-0.406405
09205	13.957200	-0.720201	0.159547	0.102052	-1.698482	0.135404	-0.408076	-0.187504	0.893485	-0.672401	0.723728	-0.155223	-0.617536	-0.664123	-0.421414
09206	13.920896	-1.620053	0.151508	-0.036942	-1.783898	0.168311	-0.420130	-0.198115	0.885574	-0.671489	0.724294	-0.156530	-0.610405	-0.660416	-0.437330
09207	13.964550	-2.526331	-0.533606	-0.036818	-1.870252	0.190914	-0.432747	-0.209119	0.876926	-0.670689	0.724680	-0.158160	-0.602416	-0.656588	-0.453857
09208	13.183213	-2.279488	-1.559138	0.022447	-1.910398	0.209692	-0.445551	-0.220121	0.867774	-0.669915	0.724979	-0.160063	-0.593884	-0.652651	-0.470477
09209	12.578155	-1.826108	-3.258323	-0.116709	-1.899250	0.201514	-0.458079	-0.231041	0.858361	-0.668548	0.725948	-0.161382	-0.585839	-0.647781	-0.487003
09210	11.520594	-1.654014	-4.820632	-0.247508	-1.829484	0.169564	-0.469837	-0.241619	0.849043	-0.666333	0.727938	-0.161575	-0.579011	-0.641659	-0.503011
09211	10.493574	-1.644170	-6.060142	-0.270338	-1.766820	0.128907	-0.480868	-0.252048	0.839784	-0.664415	0.729720	-0.161436	-0.572118	-0.635595	-0.518363
09212	10.127313	-1.871403	-8.199668	-0.232701	-1.653193	0.047143	-0.490557	-0.262178	0.831033	-0.662876	0.731307	-0.160579	-0.565640	-0.629646	-0.532539
09213	9.609623	-1.854581	-8.864379	0.001149	-1.472256	-0.101232	-0.498128	-0.272353	0.823221	-0.663665	0.730758	-0.159819	-0.558048	-0.625953	-0.544762
09214	9.088968	-1.381391	-8.874419	0.295495	-1.284178	-0.271942	-0.503404	-0.282382	0.816606	-0.666679	0.728148	-0.159186	-0.549658	-0.624549	-0.554810
09215	8.849298	-1.041676	-9.010229	0.500214	-1.109278	-0.382541	-0.506905	-0.292206	0.810964	-0.671560	0.723687	-0.159010	-0.540420	-0.625214	-0.563075
09216	7.852870	-0.863796	-9.090322	0.677263	-0.921798	-0.475817	-0.508607	-0.301425	0.806513	-0.677621	0.718024	-0.158971	-0.531178	-0.627363	-0.569443
09217	7.087383	-1.184180	-9.710039	0.713104	-0.725180	-0.510205	-0.508980	-0.309763	0.803111	-0.684160	0.711776	-0.159059	-0.522364	-0.630415	-0.574207
09218	5.918659	-1.402975	-10.116235	0.891280	-0.513640	-0.510508	-0.508101	-0.316643	0.800981	-0.691389	0.704527	-0.160069	-0.513628	-0.635121	-0.576895
09219	4.946906	-1.489479	-10.956077	1.139042	-0.287274	-0.504781	-0.506116	-0.322099	0.800062	-0.699889	0.695460	-0.162760	-0.503986	-0.642330	-0.577417
09220	3.757356	-1.973282	-10.606855	1.303769	-0.079804	-0.484734	-0.503072	-0.325976	0.800411	-0.708859	0.685448	-0.166374	-0.494406	-0.651077	-0.575901
09221	2.546868	-1.863006	-10.618208	1.571787	0.107737	-0.423211	-0.499506	-0.328230	0.801723	-0.718795	0.673593	-0.172066	-0.483557	-0.662222	-0.572393
09222	1.168242	-0.606556	-10.641831	1.849803	0.434856	-0.350241	-0.494863	-0.327670	0.804825	-0.729394	0.660056	-0.179753	-0.472330	-0.675987	-0.565637
09223	0.775122	1.062753	-8.501210	1.829754	0.748451	-0.342647	-0.488875	-0.324937	0.809579	-0.739720	0.646331	-0.187275	-0.462403	-0.690415	-0.556336
09224	1.294216	2.831863	-5.321899	1.314649	1.152807	-0.377826	-0.480730	-0.319342	0.816651	-0.747618	0.635946	-0.191413	-0.458220	-0.702562	-0.544464
09225	2.601392	4.146066	-2.474854	0.295369	1.694613	-0.406469	-0.469901	-0.310033	0.826482	-0.750953	0.632526	-0.189684	-0.463963	-0.709782	-0.530045
09226	3.003356	4.109796	-3.284821	-1.000310	2.278922	-0.474253	-0.455538	-0.296876	0.839256	-0.748431	0.638180	-0.180491	-0.482013	-0.710345	-0.512906
09227	3.330120	2.274304	-4.970615	-2.039191	2.420206	-0.494170	-0.439820	-0.283001	0.852332	-0.740578	0.651158	-0.165948	-0.508039	-0.704205	-0.495976
09228	3.853812	0.186216	-5.833987	-2.531339	2.274746	-0.434144	-0.424719	-0.269975	0.864134	-0.729247	0.667644	-0.149835	-0.536482	-0.693805	-0.480440
09229	4.336286	-1.542691	-5.890263	-2.559881	2.046593	-0.389837	-0.410556	-0.258672	0.874376	-0.716802	0.684252	-0.134142	-0.563595	-0.681827	-0.466341
09230	5.214687	-2.956002	-5.765503	-2.232451	1.866154	-0.393716	-0.396990	-0.248784	0.883462	-0.705561	0.698348	-0.120393	-0.587012	-0.671131	-0.452770
09231	5.940419	-3.803286	-5.810114	-1.537628	1.779695	-0.437855	-0.383420	-0.240200	0.891792	-0.698099	0.707569	-0.109562	-0.604688	-0.664567	-0.438980
09232	6.355579	-3.873929	-5.626520	-0.797129	1.791817	-0.501707	-0.368951	-0.231881	0.900059	-0.695129	0.711669	-0.101600	-0.616985	-0.663143	-0.423758
09233	6.649286	-3.348214	-5.911904	-0.133067	1.881109	-0.557101	-0.353385	-0.223584	0.908366	-0.696327	0.711301	-0.095816	-0.624699	-0.666379	-0.407051
09234	6.647274	-2.807025	-5.446811	0.382013	1.943463	-0.597884	-0.336999	-0.214823	0.916669	-0.700796	0.707424	-0.091851	-0.628742	-0.673352	-0.388948
09235	6.891476	-1.812655	-4.947701	0.826160	1.965962	-0.625276	-0.320132	-0.206047	0.924695	-0.708036	0.700543	-0.089024	-0.629445	-0.683216	-0.370155
09236	7.304633	-0.199004	-4.107895	1.078323	1.976545	-0.624886	-0.303224	-0.196795	0.932377	-0.716773	0.691848	-0.087079	-0.627927	-0.694707	-0.350843
09237	7.222002	1.518356	-3.718537	0.932638	2.001233	-0.559961	-0.286617	-0.186781	0.939661	-0.724251	0.684291	-0.084893	-0.627145	-0.704882	-0.331406
09238	6.800426	3.095613	-3.876354	0.433178	1.940357	-0.454715	-0.271094	-0.176159	0.946296	-0.728250	0.680392	-0.081969	-0.629413	-0.711361	-0.312738
09239	6.508186	3.658120	-4.242976	-0.286462	1.845753	-0.351901	-0.256703	-0.165450	0.952224	-0.727307	0.681912	-0.077587	-0.636496	-0.712476	-0.295382
09240	6.290695	2.949543	-4.553836	-0.948927	1.685717	-0.284028	-0.243792	-0.155432	0.957291	-0.721933	0.688195	-0.072114	-0.647594	-0.708681	-0.279988
09241	6.698415	2.079370	-4.619762	-1.295691	1.494948	-0.266127	-0.231923	-0.146992	0.961564	-0.714018	0.697042	-0.065661	-0.660598	-0.701802	-0.266615
09242	7.968271	1.148521	-4.154492	-1.400987	1.317889	-0.308117	-0.220916	-0.139974	0.965196	-0.705376	0.706373	-0.059009	-0.673528	-0.693862	-0.254783
09243	9.480056	0.001179	-3.816159	-1.335472	1.172281	-0.384387	-0.210142	-0.134723	0.968344	-0.697013	0.715188	-0.051758	-0.685575	-0.685825	-0.244195
09244	10.630973	-1.617777	-3.136553	-1.162379	1.001656	-0.480476	-0.199863	-0.131360	0.970979	-0.689975	0.722477	-0.044281	-0.695693	-0.678802	-0.235031
09245	10.551892	-3.223331	-4.003080	-0.758089	0.715413	-0.564318	-0.190787	-0.130808	0.972877	-0.685669	0.726987	-0.036717	-0.702466	-0.674077	-0.228391
09246	9.788214	-3.638664	-4.521509	-0.001246	0.539796	-0.650600	-0.182498	-0.131913	0.974317	-0.686879	0.726138	-0.030347	-0.703485	-0.674776	-0.223127
09247	7.922605	-2.547986	-3.858334	0.655403	0.385661	-0.753833	-0.174470	-0.134911	0.975376	-0.692698	0.720821	-0.024205	-0.699806	-0.679865	-0.219214
09248	7.181932	-0.591446	-4.624331	0.933011	0.245044	-0.838866	-0.166889	-0.139269	0.976090	-0.700635	0.713292	-0.018020	-0.693728	-0.686891	-0.216618
09249	7.815004	1.332855	-2.949569	1.246052	0.261289	-0.977557	-0.157979	-0.144754	0.976775	-0.710684	0.703430	-0.010698	-0.685544	-0.695868	-0.214001
09250	9.268268	2.447573	-3.072023	0.836174	0.148460	-0.835174	-0.150971	-0.149579	0.977156	-0.717686	0.696354	-0.004288	-0.679805	-0.701938	-0.212480
09251	9.236198	3.619245	-3.890641	0.552146	0.065982	-0.539433	-0.146485	-0.153032	0.977304	-0.722098	0.691790	0.000092	-0.676103	-0.705696	-0.211841
09252	11.267560	3.836979	-1.696728	0.149882	0.156509	-0.200856	-0.143945	-0.153332	0.977634	-0.723405	0.690421	0.001772	-0.675251	-0.706971	-0.210304
09253	15.957513	0.733139	2.518013	-1.091856	0.425547	0.389485	-0.143749	-0.147686	0.978532	-0.715310	0.698807	0.000387	-0.683862	-0.699898	-0.206094
09254	17.983208	-1.821621	4.637923	-1.521875	0.510273	1.002364	-0.147310	-0.137093	0.979544	-0.703358	0.710808	-0.006294	-0.695405	-0.689897	-0.201134
09255	17.772932	-0.869139	5.045051	-2.558104	0.168682	1.314488	-0.155074	-0.126757	0.979737	-0.683245	0.730061	-0.013691	-0.713532	-0.671523	-0.199820
09256	12.868382	-2.974377	1.630054	-3.815718	-0.306526	1.107656	-0.164676	-0.120557	0.978952	-0.653768	0.756508	-0.016812	-0.738558	-0.642777	-0.203395
09257	10.131171	-6.893658	-0.644816	-4.467046	-0.575459	0.756399	-0.173636	-0.118506	0.977654	-0.618829	0.785388	-0.014707	-0.766095	-0.607554	-0.209706
09258	8.665037	-9.657112	-2.365768	-4.332160	-0.613830	0.497425	-0.181381	-0.118177	0.976286	-0.584213	0.811535	-0.010305	-0.791073	-0.572228	-0.216237
09259	8.350555	-10.105697	-4.397881	-3.292843	-0.533286	0.240017	-0.186960	-0.119279	0.975099	-0.557439	0.830201	-0.005326	-0.808893	-0.544554	-0.221705
09260	8.197543	-8.984251	-7.529054	-2.150568	-0.437670	0.016105	-0.190587	-0.121511	0.974121	-0.539897	0.841731	-0.000633	-0.819871	-0.526045	-0.226026
09261	7.973506	-7.119261	-9.392041	-0.826130	-0.304935	-0.145688	-0.192416	-0.124330	0.973405	-0.533451	0.845827	0.002586	-0.823654	-0.518767	-0.229074
09262	8.111066	-6.193459	-8.236815	0.491192	-0.142540	-0.217437	-0.192397	-0.126933	0.973073	-0.537911	0.842994	0.003608	-0.820753	-0.522732	-0.230468
09263	7.940736	-3.143515	-8.002784	1.889674	-0.038184	-0.249111	-0.191429	-0.129221	0.972963	-0.553872	0.832600	0.001605	-0.810296	-0.538590	-0.230956
09264	8.897297	2.182230	-6.022304	2.685326	0.036602	-0.294608	-0.189445	-0.131474	0.973049	-0.575994	0.817452	-0.001691	-0.795199	-0.560791	-0.230590
09265	11.367877	7.060168	-3.767667	2.358962	0.065532	-0.233775	-0.187531	-0.133159	0.973191	-0.595105	0.803634	-0.004716	-0.781461	-0.580036	-0.229950
09266	11.997850	8.841840	-2.308837	1.057455	0.085963	-0.111973	-0.186163	-0.133576	0.973397	-0.603549	0.797303	-0.006018	-0.775288	-0.588613	-0.229048
09267	10.742915	6.373579	-1.882996	-0.461057	0.034139	0.031268	-0.186199	-0.133191	0.973442	-0.599929	0.800036	-0.005289	-0.778084	-0.584981	-0.228871
09268	9.713584	2.237156	-2.459668	-1.288377	-0.004299	0.098063	-0.186789	-0.132451	0.973430	-0.589675	0.807634	-0.003260	-0.785744	-0.574617	-0.228960
09269	8.978647	-0.643054	-2.939946	-1.434804	0.034563	0.077887	-0.187019	-0.131762	0.973480	-0.578234	0.815871	-0.000657	-0.794147	-0.563022	-0.228773
09270	8.537098	-2.095836	-3.122334	-1.340893	0.117944	0.021841	-0.186176	-0.130949	0.973751	-0.567495	0.823374	0.002224	-0.802052	-0.552184	-0.227606
09271	8.701371	-2.998216	-3.259165	-1.220845	0.192839	-0.049114	-0.184298	-0.130320	0.974192	-0.557685	0.830034	0.005532	-0.809334	-0.542273	-0.225651
09272	9.056711	-3.245621	-2.890211	-1.044325	0.228452	-0.063100	-0.182067	-0.129640	0.974702	-0.549319	0.835569	0.008526	-0.815537	-0.533870	-0.223344
09273	9.507073	-2.457755	-2.907615	-0.918805	0.222633	-0.045866	-0.179971	-0.128875	0.975193	-0.541865	0.840393	0.011060	-0.820971	-0.526433	-0.221079
09274	9.739226	-2.020761	-2.634242	-0.850760	0.213421	-0.095347	-0.177674	-0.128587	0.975652	-0.535032	0.844717	0.013896	-0.825937	-0.519536	-0.218883
09275	9.698122	-1.862193	-2.004848	-0.608175	0.183877	-0.144866	-0.175413	-0.128983	0.976009	-0.530311	0.847639	0.016708	-0.829458	-0.514658	-0.217087
09276	9.511679	-1.369187	-1.452178	-0.172271	0.125101	-0.195208	-0.173315	-0.130020	0.976246	-0.529224	0.848269	0.019021	-0.830593	-0.513356	-0.215828
09277	9.585652	-0.701721	-1.034640	0.266930	0.081518	-0.243771	-0.171298	-0.131759	0.976369	-0.531897	0.846551	0.020922	-0.829303	-0.515743	-0.215095
09278	9.683327	0.267602	-0.585066	0.634964	0.046481	-0.260449	-0.169496	-0.133743	0.976414	-0.537598	0.842911	0.022135	-0.825990	-0.521166	-0.214770
09279	9.793228	2.005322	-0.395685	0.681149	0.021133	-0.260386	-0.167977	-0.135866	0.976383	-0.543707	0.838954	0.023203	-0.822293	-0.526969	-0.214796
09280	9.637478	2.535083	-0.398571	0.340885	-0.002339	-0.239785	-0.166663	-0.137912	0.976322	-0.546911	0.836822	0.024847	-0.820434	-0.529820	-0.214893
09281	9.683476	2.108440	-1.186852	-0.043377	-0.016256	-0.196943	-0.165722	-0.139782	0.976216	-0.547011	0.836692	0.026943	-0.820558	-0.529535	-0.215120
09282	9.485331	1.280312	-1.865051	-0.350666	-0.029780	-0.167297	-0.165028	-0.141365	0.976105	-0.544409	0.838306	0.029366	-0.822426	-0.526554	-0.215305
09283	9.394251	0.337879	-2.014325	-0.524732	-0.043304	-0.150101	-0.164562	-0.142896	0.975961	-0.540331	0.840844	0.032004	-0.825204	-0.522075	-0.215582
09284	9.419483	-0.226639	-2.162991	-0.527692	-0.054843	-0.145895	-0.164205	-0.144435	0.975795	-0.536211	0.843374	0.034602	-0.827958	-0.517550	-0.215934
09285	9.551983	-0.136256	-1.967716	-0.429273	-0.049285	-0.155737	-0.163681	-0.146080	0.975638	-0.532936	0.845339	0.037160	-0.830174	-0.513870	-0.216217
09286	9.572597	0.434635	-1.371705	-0.339579	-0.052285	-0.156820	-0.163257	-0.147700	0.975465	-0.530372	0.846846	0.039460	-0.831897	-0.510917	-0.216589
09287	9.489646	1.010410	-1.514012	-0.367373	-0.100085	-0.166103	-0.163223	-0.149704	0.975165	-0.527644	0.848430	0.041931	-0.833637	-0.507696	-0.217473
09288	9.913679	0.669480	-1.779035	-0.402776	-0.115333	-0.193204	-0.163144	-0.151953	0.974830	-0.524599	0.850174	0.044727	-0.835571	-0.504098	-0.218415
09289	10.053028	0.831801	-1.961660	-0.263800	-0.109873	-0.164378	-0.163180	-0.153964	0.974509	-0.522716	0.851213	0.046956	-0.836744	-0.501729	-0.219380
09290	9.812416	1.489213	-2.461027	-0.213279	-0.121051	-0.143632	-0.163419	-0.155819	0.974174	-0.521167	0.852055	0.048859	-0.837663	-0.499723	-0.220450
09291	10.159909	0.978472	-3.058107	-0.232187	-0.123740	-0.108434	-0.163912	-0.157392	0.973838	-0.519401	0.853040	0.050445	-0.838663	-0.497544	-0.221573
09292	9.754050	1.156412	-2.985760	-0.150692	-0.121409	-0.075701	-0.164514	-0.158667	0.973530	-0.518264	0.853666	0.051551	-0.839249	-0.496064	-0.222671
09293	9.423361	0.906166	-2.999171	-0.142313	-0.126738	-0.059271	-0.165342	-0.159847	0.973196	-0.517174	0.854272	0.052448	-0.839758	-0.494640	-0.223916
09294	9.562566	0.723804	-2.590853	-0.022415	-0.119059	-0.056147	-0.166027	-0.160941	0.972899	-0.517081	0.854289	0.053080	-0.839680	-0.494255	-0.225055
09295	9.457834	0.896714	-1.736443	0.051229	-0.105812	-0.043279	-0.166660	-0.161954	0.972623	-0.517718	0.853879	0.053470	-0.839162	-0.494633	-0.226154
09296	9.465186	0.898152	-1.119587	0.035851	-0.123390	-0.017664	-0.167579	-0.162741	0.972334	-0.518051	0.853669	0.053595	-0.838773	-0.494737	-0.227365
09297	9.514453	1.155137	-0.870368	-0.023545	-0.151671	0.002357	-0.168865	-0.163538	0.971977	-0.517905	0.853753	0.053669	-0.838605	-0.494329	-0.228866
09298	9.413713	1.143632	-1.039660	-0.130423	-0.171765	-0.005802	-0.170251	-0.164462	0.971580	-0.516823	0.854384	0.054060	-0.838992	-0.492931	-0.230458
09299	9.283778	0.980882	-1.356569	-0.220237	-0.193731	-0.008168	-0.171811	-0.165537	0.971122	-0.515022	0.855430	0.054698	-0.839782	-0.490752	-0.232227
09300	9.536786	0.676537	-1.524055	-0.192872	-0.230928	-0.033722	-0.173553	-0.166982	0.970565	-0.513463	0.856315	0.055510	-0.840378	-0.488715	-0.234355
09301	10.032372	0.395228	-1.772649	-0.033830	-0.260144	-0.036237	-0.175593	-0.168604	0.969917	-0.513268	0.856403	0.055950	-0.840073	-0.488003	-0.236917
09302	9.815195	0.963876	-1.652592	0.188698	-0.248342	-0.022602	-0.177537	-0.170037	0.969313	-0.514895	0.855438	0.055754	-0.838668	-0.489196	-0.239423
09303	9.492402	1.387453	-1.344587	0.204137	-0.261414	-0.005309	-0.179764	-0.171418	0.968659	-0.516665	0.854399	0.055316	-0.837104	-0.490528	-0.242155
09304	9.483117	1.054081	-1.408706	0.166940	-0.284372	0.021177	-0.182227	-0.172659	0.967978	-0.518026	0.853612	0.054738	-0.835729	-0.491463	-0.244993
09305	9.238970	0.892139	-1.198753	0.157638	-0.295796	0.044251	-0.184977	-0.173806	0.967251	-0.519338	0.852865	0.053934	-0.834309	-0.492354	-0.248024
09306	9.200405	0.886233	-0.935917	0.115200	-0.328494	0.061541	-0.188011	-0.174925	0.966464	-0.520187	0.852401	0.053086	-0.833101	-0.492762	-0.251255
09307	9.285536	0.579811	-0.917085	0.073604	-0.372412	0.068856	-0.191467	-0.176251	0.965544	-0.520780	0.852089	0.052270	-0.831943	-0.492828	-0.254935
09308	9.328112	0.668365	-0.753297	0.085596	-0.397436	0.070565	-0.195115	-0.177634	0.964560	-0.521359	0.851788	0.051404	-0.830732	-0.492853	-0.258808
09309	9.257190	0.796683	-0.674862	0.050297	-0.440243	0.074989	-0.199218	-0.179200	0.963431	-0.521659	0.851656	0.050541	-0.829569	-0.492514	-0.263147
09310	9.365620	0.221526	-0.904930	0.043238	-0.492758	0.065329	-0.203620	-0.181095	0.962156	-0.521890	0.851556	0.049831	-0.828354	-0.491993	-0.267905
09311	9.657212	0.127474	-0.947718	0.163207	-0.532702	0.061575	-0.208338	-0.183237	0.960739	-0.523194	0.850815	0.048816	-0.826356	-0.492482	-0.273126
09312	9.681448	0.438665	-0.974437	0.237212	-0.562749	0.072205	-0.213336	-0.185423	0.959221	-0.525003	0.849774	0.047503	-0.823929	-0.493460	-0.278635
09313	9.511139	0.488018	-1.405505	0.271803	-0.592344	0.057697	-0.218550	-0.187915	0.957561	-0.527235	0.848464	0.046171	-0.821132	-0.494770	-0.284507
09314	9.375904	0.834601	-1.837463	0.310270	-0.593393	0.042260	-0.223613	-0.190522	0.955876	-0.529690	0.847001	0.044909	-0.818184	-0.496276	-0.290319
09315	9.339756	1.147219	-2.060209	0.287347	-0.575448	0.038889	-0.228616	-0.193100	0.954174	-0.532032	0.845598	0.043654	-0.815277	-0.497671	-0.296053
09316	9.169136	1.473209	-2.274451	0.203043	-0.581779	0.057399	-0.233634	-0.195537	0.952460	-0.533558	0.844693	0.042534	-0.812854	-0.498255	-0.301679
09317	8.975149	1.325165	-2.586770	0.018422	-0.617800	0.098355	-0.239158	-0.197852	0.950609	-0.533622	0.844701	0.041558	-0.811203	-0.497327	-0.307595
09318	8.944332	0.008033	-3.229208	-0.091729	-0.662303	0.116336	-0.245123	-0.200181	0.948600	-0.532603	0.845383	0.040772	-0.810092	-0.495233	-0.313840
09319	9.445671	-1.345378	-3.300817	0.122596	-0.701152	0.090782	-0.251253	-0.202989	0.946397	-0.533577	0.844827	0.039548	-0.807569	-0.495039	-0.320576
09320	9.785769	-0.905680	-2.830538	0.482584	-0.714003	0.098481	-0.257507	-0.205728	0.944122	-0.537219	0.842627	0.037086	-0.803172	-0.497651	-0.327503
09321	9.465801	0.371911	-2.001885	0.638725	-0.720752	0.098733	-0.263902	-0.208482	0.941749	-0.542058	0.839653	0.033982	-0.797827	-0.501515	-0.334596
09322	9.441111	1.201650	-1.756515	0.537944	-0.761881	0.109247	-0.270532	-0.211423	0.939209	-0.546052	0.837171	0.031168	-0.792868	-0.504425	-0.341929
09323	9.579508	0.818152	-2.246693	0.402547	-0.796010	0.109542	-0.277500	-0.214572	0.936458	-0.549030	0.835310	0.028702	-0.788391	-0.506179	-0.349605
09324	9.506798	0.372534	-2.559871	0.381887	-0.817574	0.105466	-0.284484	-0.217861	0.933598	-0.551744	0.833596	0.026399	-0.783995	-0.507597	-0.357348
09325	9.421326	-0.429108	-2.914613	0.449654	-0.845502	0.105319	-0.291701	-0.221340	0.930548	-0.555094	0.831448	0.023761	-0.778962	-0.509610	-0.365399
09326	9.426338	-1.526946	-3.116492	0.559123	-0.873689	0.109859	-0.299069	-0.224917	0.927346	-0.559117	0.828830	0.020707	-0.773269	-0.512302	-0.373633
09327	9.695536	-1.545736	-2.734252	0.853918	-0.899047	0.098196	-0.306533	-0.228796	0.923953	-0.565549	0.824548	0.016553	-0.765632	-0.517467	-0.382147
09328	10.027395	-0.938706	-2.294307	1.020741	-0.940871	0.119514	-0.314351	-0.232736	0.920335	-0.572958	0.819503	0.011537	-0.756903	-0.523687	-0.390960
09329	10.081910	-0.014715	-2.463207	1.111098	-0.962433	0.132118	-0.322400	-0.236736	0.916523	-0.580970	0.813904	0.005865	-0.747350	-0.530582	-0.399939
09330	9.972892	1.151026	-3.054639	1.039699	-0.974927	0.145899	-0.330468	-0.240779	0.912588	-0.588226	0.808696	0.000358	-0.738093	-0.536689	-0.408881
09331	9.604951	1.474872	-3.726983	0.821923	-0.985987	0.141546	-0.338486	-0.245046	0.908504	-0.594020	0.804438	-0.004340	-0.729772	-0.541139	-0.417853
09332	9.338195	1.147373	-4.123136	0.663795	-0.988984	0.135394	-0.346449	-0.249348	0.904322	-0.598387	0.801164	-0.008339	-0.722431	-0.544024	-0.426769
09333	9.165267	0.651604	-3.873392	0.570253	-0.998842	0.141324	-0.354470	-0.253769	0.899973	-0.602217	0.798240	-0.012111	-0.715322	-0.546273	-0.435776
09334	9.304432	-0.020792	-2.846447	0.552358	-1.032144	0.153386	-0.362718	-0.258217	0.895410	-0.605611	0.795602	-0.015889	-0.708288	-0.548033	-0.444958
09335	9.673536	-0.563553	-0.804593	0.592058	-1.118753	0.151661	-0.371586	-0.263155	0.890322	-0.609299	0.792689	-0.020000	-0.700485	-0.549904	-0.454892
09336	10.174938	-0.706333	0.956107	0.714573	-1.257725	0.154023	-0.381255	-0.268891	0.884501	-0.613704	0.789152	-0.024626	-0.691384	-0.552211	-0.465887
09337	9.892270	-0.389411	2.241910	0.848535	-1.404297	0.114747	-0.391601	-0.275774	0.877837	-0.619190	0.784679	-0.029711	-0.680626	-0.555183	-0.478038
09338	10.065483	-0.687553	2.093741	0.825066	-1.572673	0.026360	-0.402354	-0.284338	0.870208	-0.624668	0.780154	-0.033911	-0.669254	-0.557235	-0.491515
09339	10.697354	-0.708232	0.623152	0.814845	-1.697216	-0.093193	-0.413000	-0.294621	0.861760	-0.630696	0.775135	-0.037257	-0.657003	-0.558896	-0.505947
09340	11.164558	-0.613567	-0.776379	0.663606	-1.791108	-0.181291	-0.423489	-0.306053	0.852636	-0.635790	0.770872	-0.039082	-0.645312	-0.558649	-0.521041
09341	12.065391	-1.340399	-1.642421	0.433951	-1.896847	-0.237959	-0.434136	-0.318424	0.842693	-0.639710	0.767600	-0.039515	-0.634268	-0.556235	-0.536942
09342	13.551166	-2.710213	-2.163886	0.296492	-1.999174	-0.234338	-0.445181	-0.331320	0.831890	-0.642621	0.765184	-0.039142	-0.623580	-0.552015	-0.553559
09343	14.137010	-3.979301	-1.782997	0.347548	-2.083367	-0.157799	-0.456928	-0.344067	0.820265	-0.645743	0.762513	-0.039868	-0.611746	-0.547897	-0.570593
09344	14.080535	-4.452372	-0.527073	0.600691	-2.191319	-0.112201	-0.469427	-0.356915	0.807620	-0.649911	0.758826	-0.042408	-0.597707	-0.544789	-0.588177
09345	14.158494	-4.070654	0.700567	0.860739	-2.275262	-0.116874	-0.482013	-0.370249	0.794090	-0.655840	0.753448	-0.046796	-0.580980	-0.543353	-0.605996
09346	14.132687	-3.857104	1.453064	1.014617	-2.342434	-0.160451	-0.494327	-0.384188	0.779770	-0.662444	0.747322	-0.051748	-0.562858	-0.542134	-0.623924
09347	14.086309	-3.685347	1.401867	1.228853	-2.439465	-0.201486	-0.506320	-0.398971	0.764501	-0.670548	0.739585	-0.058128	-0.542222	-0.542066	-0.641996
