// General information: 
//  MT Manager version: 2022.2.0 
//  XDA version: 2022.2.0 build 7381 rev 124627 built on 2023-07-19
// Device information: 
//  DeviceId: 00B4CAF0
//  ProductCode: MTW2-3A7G6
//  Firmware Version: 4.6.0
//  Hardware Version: 2.0.0
// Device settings: 
//  Filter Profile: human(46.1)
//  Option Flags: Orientation Smoother Disabled, Position/Velocity Smoother Disabled, Continuous Zero Rotation Update Disabled, AHS Disabled, ICC Disabled
// Coordinate system: ENU
PacketCounter	Acc_X	Acc_Y	Acc_Z	Gyr_X	Gyr_Y	Gyr_Z	Mat[1][1]	Mat[2][1]	Mat[3][1]	Mat[1][2]	Mat[2][2]	Mat[3][2]	Mat[1][3]	Mat[2][3]	Mat[3][3]
25695	4.348432	-0.727190	9.305570	0.007485	0.011633	0.003346	-0.862116	0.275395	0.425339	-0.333601	-0.940305	-0.067353	0.381400	-0.199959	0.902525
25696	4.347606	-0.726648	9.305998	0.007739	0.005530	0.004311	-0.862121	0.275394	0.425329	-0.333580	-0.940316	-0.067310	0.381407	-0.199911	0.902532
25697	4.347512	-0.713417	9.285619	0.006065	0.010869	0.004811	-0.862148	0.275398	0.425272	-0.333559	-0.940325	-0.067284	0.381364	-0.199862	0.902561
25698	4.345896	-0.725815	9.306862	0.006381	0.008077	0.003926	-0.862163	0.275401	0.425240	-0.333541	-0.940334	-0.067252	0.381346	-0.199817	0.902579
25699	4.346634	-0.699886	9.265631	0.004265	0.005936	0.002309	-0.862163	0.275419	0.425228	-0.333549	-0.940332	-0.067231	0.381339	-0.199799	0.902586
25700	4.368909	-0.706865	9.290807	0.005623	0.003388	0.002695	-0.862157	0.275422	0.425239	-0.333543	-0.940337	-0.067201	0.381359	-0.199774	0.902583
25701	4.391936	-0.701180	9.295168	0.001801	0.004931	0.002502	-0.862153	0.275437	0.425237	-0.333559	-0.940331	-0.067204	0.381353	-0.199781	0.902584
25702	4.368677	-0.693655	9.270495	0.005308	0.006179	0.003581	-0.862159	0.275442	0.425221	-0.333552	-0.940335	-0.067181	0.381346	-0.199753	0.902593
25703	4.367542	-0.706046	9.291512	0.007677	0.002218	0.006163	-0.862158	0.275417	0.425240	-0.333513	-0.940351	-0.067145	0.381382	-0.199713	0.902586
25704	4.374544	-0.712889	9.258900	0.007426	0.008318	0.005198	-0.862174	0.275420	0.425206	-0.333493	-0.940361	-0.067109	0.381364	-0.199663	0.902605
25705	4.372935	-0.725302	9.280140	0.003983	0.010381	0.002270	-0.862191	0.275447	0.425154	-0.333503	-0.940359	-0.067091	0.381318	-0.199635	0.902631
25706	4.349328	-0.717610	9.255640	0.007426	0.008317	0.005199	-0.862200	0.275469	0.425122	-0.333503	-0.940361	-0.067053	0.381297	-0.199593	0.902649
25707	4.387876	-0.698987	9.297251	0.005341	0.007832	0.002657	-0.862208	0.275488	0.425093	-0.333504	-0.940363	-0.067025	0.381277	-0.199559	0.902665
25708	4.387024	-0.698544	9.297686	0.007459	0.009971	0.004275	-0.862219	0.275530	0.425044	-0.333521	-0.940360	-0.066983	0.381238	-0.199515	0.902691
25709	4.386142	-0.698003	9.298143	0.006764	0.008592	0.001194	-0.862225	0.275564	0.425009	-0.333530	-0.940360	-0.066936	0.381217	-0.199467	0.902711
25710	4.378220	-0.677567	9.310783	0.004365	0.014547	0.006236	-0.862269	0.275570	0.424916	-0.333512	-0.940367	-0.066932	0.381133	-0.199428	0.902755
25711	4.407774	-0.679005	9.282769	0.009643	0.015417	0.004044	-0.862310	0.275590	0.424818	-0.333485	-0.940381	-0.066870	0.381062	-0.199333	0.902805
25712	4.420028	-0.718341	9.259312	0.014129	0.013594	0.008248	-0.862367	0.275542	0.424735	-0.333377	-0.940425	-0.066786	0.381029	-0.199191	0.902851
25713	4.387900	-0.702737	9.268190	0.013633	0.025789	0.006316	-0.862456	0.275562	0.424542	-0.333314	-0.940454	-0.066698	0.380882	-0.199030	0.902948
25714	4.331136	-0.705041	9.293908	0.019889	0.023589	0.007250	-0.862536	0.275578	0.424367	-0.333231	-0.940493	-0.066558	0.380773	-0.198821	0.903041
25715	4.318323	-0.762105	9.287540	0.013985	0.024647	0.004510	-0.862615	0.275612	0.424186	-0.333184	-0.940517	-0.066459	0.380637	-0.198660	0.903133
25716	4.301158	-0.746396	9.354300	0.011107	0.017821	0.001661	-0.862647	0.275693	0.424068	-0.333207	-0.940515	-0.066374	0.380543	-0.198559	0.903195
25717	4.317729	-0.694156	9.329756	0.015278	0.015138	0.000051	-0.862675	0.275750	0.423975	-0.333192	-0.940529	-0.066244	0.380494	-0.198412	0.903248
25718	4.353469	-0.727817	9.310530	0.007915	0.013785	-0.000305	-0.862688	0.275828	0.423896	-0.333232	-0.940520	-0.066179	0.380428	-0.198347	0.903290
25719	4.414437	-0.715690	9.377335	0.016221	0.006767	-0.002598	-0.862675	0.275894	0.423880	-0.333237	-0.940528	-0.066030	0.380454	-0.198215	0.903308
25720	4.424580	-0.807268	9.292816	0.009615	0.024114	-0.015872	-0.862687	0.276108	0.423717	-0.333370	-0.940491	-0.065885	0.380311	-0.198092	0.903395
25721	4.402883	-0.732385	9.309247	0.015838	0.020261	-0.014008	-0.862687	0.276308	0.423587	-0.333475	-0.940468	-0.065690	0.380219	-0.197926	0.903470
25722	4.418835	-0.679131	9.285077	0.017054	0.028762	-0.017361	-0.862713	0.276540	0.423382	-0.333587	-0.940443	-0.065472	0.380061	-0.197719	0.903582
25723	4.370880	-0.662150	9.236464	0.020218	0.031137	-0.014464	-0.862752	0.276765	0.423154	-0.333679	-0.940427	-0.065237	0.379890	-0.197481	0.903706
25724	4.383709	-0.646806	9.275111	0.021991	0.034406	-0.011030	-0.862820	0.276953	0.422893	-0.333723	-0.940428	-0.065001	0.379698	-0.197213	0.903845
25725	4.280774	-0.633166	9.251097	0.026545	0.035885	-0.008666	-0.862897	0.277133	0.422618	-0.333741	-0.940440	-0.064732	0.379507	-0.196902	0.903993
25726	4.170306	-0.612362	9.259783	0.020154	0.031470	-0.005903	-0.862973	0.277257	0.422381	-0.333736	-0.940455	-0.064535	0.379338	-0.196656	0.904118
25727	3.947664	-0.541744	9.265994	0.002879	0.006820	0.002852	-0.862978	0.277271	0.422362	-0.333745	-0.940452	-0.064529	0.379319	-0.196648	0.904128
25728	4.085958	-0.710899	9.426025	-0.036793	-0.026401	-0.002009	-0.862842	0.277265	0.422645	-0.333945	-0.940358	-0.064862	0.379453	-0.197106	0.903971
25729	4.341734	-0.623086	9.317780	-0.029658	-0.040271	-0.001858	-0.862652	0.277231	0.423054	-0.334118	-0.940278	-0.065131	0.379732	-0.197535	0.903761
25730	4.309632	-0.742982	9.242929	-0.035975	-0.041389	-0.000943	-0.862456	0.277201	0.423473	-0.334324	-0.940182	-0.065460	0.379996	-0.198034	0.903541
25731	4.370036	-0.689599	9.277612	-0.034576	-0.042294	-0.001472	-0.862260	0.277158	0.423900	-0.334512	-0.940093	-0.065774	0.380275	-0.198514	0.903318
25732	4.474935	-0.677756	9.259687	-0.023979	-0.035262	-0.000063	-0.862100	0.277101	0.424262	-0.334631	-0.940035	-0.066000	0.380533	-0.198870	0.903131
25733	4.466497	-0.750813	9.271475	-0.017175	-0.025029	0.000216	-0.861975	0.277077	0.424532	-0.334739	-0.939985	-0.066164	0.380722	-0.199139	0.902992
25734	4.473399	-0.648345	9.248496	-0.013537	-0.013522	0.004300	-0.861900	0.277060	0.424696	-0.334822	-0.939945	-0.066313	0.380818	-0.199352	0.902904
25735	4.450003	-0.667742	9.264640	-0.008820	-0.003769	0.002030	-0.861862	0.277061	0.424772	-0.334883	-0.939917	-0.066409	0.380851	-0.199484	0.902861
25736	4.419015	-0.666426	9.293259	0.000344	0.002515	0.004891	-0.861861	0.277037	0.424788	-0.334873	-0.939918	-0.066436	0.380861	-0.199509	0.902852
25737	4.401259	-0.705104	9.297964	-0.001743	0.005680	0.009047	-0.861883	0.276991	0.424775	-0.334846	-0.939924	-0.066499	0.380836	-0.199548	0.902853
25738	4.401110	-0.692660	9.277568	0.003949	0.012370	0.009900	-0.861925	0.276974	0.424701	-0.334815	-0.939934	-0.066513	0.380769	-0.199525	0.902887
25739	4.322063	-0.701693	9.298384	0.005339	0.011476	0.009364	-0.861969	0.276936	0.424635	-0.334758	-0.939954	-0.066513	0.380718	-0.199482	0.902918
25740	4.367142	-0.703472	9.328068	0.006314	0.008412	0.012488	-0.862007	0.276882	0.424595	-0.334691	-0.939977	-0.066517	0.380692	-0.199446	0.902937
25741	4.336831	-0.675978	9.315512	0.006663	0.007275	0.010679	-0.862040	0.276824	0.424566	-0.334618	-0.940004	-0.066510	0.380682	-0.199402	0.902951
25742	4.349706	-0.716060	9.291768	0.006315	0.008410	0.012489	-0.862071	0.276788	0.424526	-0.334570	-0.940021	-0.066514	0.380653	-0.199373	0.902969
25743	4.342232	-0.695952	9.304128	0.004512	0.003483	0.009984	-0.862087	0.276728	0.424531	-0.334511	-0.940041	-0.066524	0.380668	-0.199360	0.902966
25744	4.365364	-0.690446	9.308479	0.006910	0.001178	0.011646	-0.862111	0.276615	0.424557	-0.334392	-0.940084	-0.066521	0.380719	-0.199316	0.902954
25745	4.342216	-0.682952	9.283711	0.008749	0.007756	0.013226	-0.862154	0.276534	0.424522	-0.334289	-0.940121	-0.066506	0.380711	-0.199251	0.902972
25746	4.330829	-0.741118	9.276606	0.006701	0.008924	0.009755	-0.862180	0.276520	0.424479	-0.334259	-0.940133	-0.066495	0.380679	-0.199216	0.902993
25747	4.323167	-0.720590	9.289081	0.009864	0.007652	0.005948	-0.862198	0.276508	0.424449	-0.334215	-0.940152	-0.066439	0.380676	-0.199141	0.903011
25748	4.392703	-0.703640	9.302120	0.008823	0.007410	0.004675	-0.862205	0.276529	0.424422	-0.334210	-0.940158	-0.066388	0.380665	-0.199086	0.903028
25749	4.338105	-0.693884	9.306208	0.008162	0.011333	0.007369	-0.862242	0.276510	0.424358	-0.334160	-0.940178	-0.066354	0.380625	-0.199016	0.903060
25750	4.402036	-0.631436	9.289842	0.011637	0.010922	0.009381	-0.862280	0.276486	0.424297	-0.334094	-0.940205	-0.066297	0.380596	-0.198922	0.903093
25751	4.384430	-0.656252	9.274107	0.011986	0.009785	0.007572	-0.862312	0.276462	0.424248	-0.334028	-0.940234	-0.066229	0.380582	-0.198820	0.903121
25752	4.405910	-0.663003	9.299724	0.006810	0.013877	0.006980	-0.862363	0.276434	0.424162	-0.333967	-0.940257	-0.066206	0.380520	-0.198750	0.903163
25753	4.341161	-0.699038	9.275653	0.009901	0.012948	0.011728	-0.862421	0.276377	0.424081	-0.333873	-0.940292	-0.066175	0.380471	-0.198660	0.903203
25754	4.307261	-0.722281	9.346500	0.006393	0.011706	0.010642	-0.862458	0.276367	0.424013	-0.333843	-0.940303	-0.066170	0.380413	-0.198622	0.903236
25755	4.346453	-0.706060	9.243929	0.004310	0.011223	0.008095	-0.862498	0.276341	0.423950	-0.333801	-0.940318	-0.066173	0.380361	-0.198589	0.903265
25756	4.296216	-0.755039	9.298363	0.003580	0.008193	0.005938	-0.862527	0.276302	0.423916	-0.333751	-0.940336	-0.066176	0.380339	-0.198561	0.903281
25757	4.245847	-0.667390	9.321635	-0.001774	0.000378	0.003270	-0.862509	0.276300	0.423954	-0.333774	-0.940325	-0.066214	0.380360	-0.198615	0.903260
25758	4.323094	-0.672094	9.322176	-0.012029	-0.004133	0.006753	-0.862479	0.276280	0.424028	-0.333832	-0.940294	-0.066360	0.380377	-0.198789	0.903215
25759	4.378354	-0.669849	9.297345	-0.008662	-0.013151	0.004842	-0.862414	0.276237	0.424188	-0.333868	-0.940274	-0.066467	0.380492	-0.198945	0.903132
25760	4.386151	-0.691164	9.284761	-0.011752	-0.008575	0.006797	-0.862381	0.276161	0.424304	-0.333875	-0.940261	-0.066611	0.380561	-0.199109	0.903066
25761	4.349737	-0.657705	9.304206	-0.010673	-0.006682	0.007146	-0.862349	0.276109	0.424404	-0.333898	-0.940243	-0.066746	0.380613	-0.199266	0.903010
25762	4.387394	-0.693699	9.283985	-0.007199	-0.007096	0.009158	-0.862312	0.276072	0.424504	-0.333929	-0.940224	-0.066859	0.380671	-0.199407	0.902954
25763	4.395428	-0.702228	9.250851	-0.007857	-0.003173	0.011853	-0.862309	0.275982	0.424568	-0.333901	-0.940225	-0.066988	0.380702	-0.199528	0.902914
25764	4.417277	-0.723293	9.296599	-0.002886	0.000477	0.010552	-0.862307	0.275934	0.424602	-0.333891	-0.940223	-0.067067	0.380715	-0.199603	0.902893
25765	4.363302	-0.714448	9.300300	0.003128	0.004367	0.010526	-0.862328	0.275872	0.424600	-0.333833	-0.940242	-0.067091	0.380718	-0.199600	0.902892
25766	4.392059	-0.742237	9.313578	-0.002704	0.008740	0.005925	-0.862352	0.275858	0.424560	-0.333833	-0.940237	-0.067150	0.380663	-0.199639	0.902906
25767	4.361238	-0.727797	9.321646	0.000732	0.003028	0.002159	-0.862340	0.275872	0.424575	-0.333856	-0.940229	-0.067161	0.380669	-0.199662	0.902899
25768	4.332383	-0.687747	9.287950	-0.001736	0.002030	0.002346	-0.862325	0.275882	0.424599	-0.333887	-0.940215	-0.067195	0.380676	-0.199712	0.902885
25769	4.373077	-0.644394	9.287711	-0.003820	0.001549	-0.000202	-0.862300	0.275915	0.424629	-0.333948	-0.940190	-0.067237	0.380681	-0.199782	0.902867
25770	4.326092	-0.655815	9.279263	-0.008060	0.000927	0.003256	-0.862280	0.275926	0.424662	-0.334008	-0.940162	-0.067332	0.380673	-0.199900	0.902845
25771	4.333692	-0.664090	9.246357	-0.008096	-0.000726	0.004182	-0.862261	0.275913	0.424710	-0.334047	-0.940141	-0.067431	0.380682	-0.200016	0.902815
25772	4.315603	-0.716184	9.271523	-0.011642	-0.003618	0.004021	-0.862229	0.275895	0.424785	-0.334101	-0.940113	-0.067561	0.380706	-0.200174	0.902770
25773	4.291030	-0.748496	9.308557	-0.014182	-0.007924	0.006060	-0.862189	0.275850	0.424896	-0.334147	-0.940085	-0.067723	0.380757	-0.200368	0.902705
25774	4.332864	-0.706359	9.307711	-0.013561	-0.013500	0.004290	-0.862100	0.275881	0.425058	-0.334282	-0.940026	-0.067871	0.380841	-0.200601	0.902618
25775	4.366664	-0.684499	9.236829	-0.018768	-0.011058	0.004626	-0.862042	0.275843	0.425198	-0.334358	-0.939985	-0.068069	0.380904	-0.200846	0.902537
25776	4.376901	-0.653488	9.285275	-0.016062	-0.016156	0.005404	-0.861978	0.275755	0.425385	-0.334382	-0.939963	-0.068246	0.381027	-0.201068	0.902436
25777	4.409035	-0.657733	9.255956	-0.025083	-0.008525	0.012249	-0.861956	0.275650	0.425497	-0.334417	-0.939930	-0.068532	0.381047	-0.201365	0.902361
25778	4.447547	-0.682213	9.214739	-0.015286	-0.007838	0.013347	-0.861947	0.275518	0.425601	-0.334384	-0.939927	-0.068737	0.381096	-0.201562	0.902296
25779	4.384926	-0.693175	9.292537	-0.014165	-0.000652	0.019479	-0.861979	0.275362	0.425638	-0.334315	-0.939936	-0.068956	0.381084	-0.201735	0.902263
25780	4.423187	-0.704377	9.231056	-0.008460	0.006025	0.020339	-0.862048	0.275183	0.425614	-0.334187	-0.939968	-0.069128	0.381041	-0.201826	0.902261
25781	4.391119	-0.703974	9.260073	-0.006228	0.013117	0.019190	-0.862132	0.275057	0.425526	-0.334089	-0.939992	-0.069274	0.380937	-0.201887	0.902291
25782	4.379775	-0.750877	9.232271	-0.003061	0.015486	0.022088	-0.862221	0.274950	0.425415	-0.334000	-0.940014	-0.069403	0.380814	-0.201929	0.902333
25783	4.364602	-0.711708	9.257116	0.001838	0.015826	0.022639	-0.862326	0.274797	0.425300	-0.333843	-0.940064	-0.069491	0.380714	-0.201907	0.902381
25784	4.386992	-0.694463	9.241390	0.001225	0.021396	0.024415	-0.862477	0.274583	0.425133	-0.333612	-0.940138	-0.069594	0.380574	-0.201853	0.902452
25785	4.385017	-0.695175	9.242274	0.007437	0.017531	0.026279	-0.862601	0.274399	0.425000	-0.333402	-0.940209	-0.069647	0.380478	-0.201773	0.902510
25786	4.376367	-0.675429	9.255213	0.012654	0.018715	0.032656	-0.862758	0.274135	0.424852	-0.333092	-0.940316	-0.069681	0.380393	-0.201632	0.902577
25787	4.371853	-0.714091	9.318469	0.011233	0.017950	0.034121	-0.862909	0.273878	0.424710	-0.332799	-0.940416	-0.069733	0.380306	-0.201516	0.902640
25788	4.346536	-0.719843	9.315061	0.013285	0.016764	0.037600	-0.863062	0.273603	0.424576	-0.332487	-0.940523	-0.069781	0.380232	-0.201391	0.902699
25789	4.357573	-0.773274	9.312436	0.011469	0.011844	0.035091	-0.863194	0.273324	0.424489	-0.332184	-0.940626	-0.069834	0.380198	-0.201289	0.902736
25790	4.345280	-0.832404	9.305463	0.004845	0.013529	0.036890	-0.863332	0.273050	0.424384	-0.331912	-0.940713	-0.069956	0.380122	-0.201253	0.902776
25791	4.272872	-0.862187	9.313923	0.001626	0.005878	0.028203	-0.863417	0.272825	0.424356	-0.331707	-0.940777	-0.070069	0.380107	-0.201260	0.902781
25792	4.326823	-0.859754	9.289786	0.005086	0.001822	0.023507	-0.863474	0.272629	0.424365	-0.331523	-0.940837	-0.070132	0.380138	-0.201244	0.902771
25793	4.235994	-0.815715	9.313260	0.002683	0.000505	0.015130	-0.863496	0.272516	0.424394	-0.331426	-0.940867	-0.070180	0.380173	-0.201256	0.902754
25794	4.249553	-0.841943	9.412508	-0.004518	-0.012199	0.009938	-0.863459	0.272405	0.424540	-0.331381	-0.940877	-0.070273	0.380298	-0.201362	0.902678
25795	4.197470	-0.833051	9.415296	-0.004972	-0.021635	0.000175	-0.863346	0.272388	0.424780	-0.331442	-0.940851	-0.070326	0.380498	-0.201506	0.902561
25796	4.232086	-0.823325	9.364625	-0.015366	-0.034729	-0.000277	-0.863180	0.272356	0.425139	-0.331557	-0.940800	-0.070472	0.380777	-0.201788	0.902380
25797	4.362368	-0.779775	9.309649	-0.010217	-0.042471	-0.006397	-0.862966	0.272358	0.425571	-0.331695	-0.940745	-0.070545	0.381140	-0.202038	0.902171
25798	4.367382	-0.767785	9.286851	-0.014426	-0.045075	-0.010568	-0.862731	0.272388	0.426029	-0.331879	-0.940673	-0.070639	0.381513	-0.202332	0.901948
25799	4.428570	-0.712323	9.321628	-0.009522	-0.044749	-0.010014	-0.862496	0.272419	0.426483	-0.332046	-0.940611	-0.070690	0.381897	-0.202582	0.901729
25800	4.466273	-0.676505	9.228602	-0.011528	-0.041918	-0.014410	-0.862266	0.272473	0.426915	-0.332232	-0.940541	-0.070742	0.382256	-0.202834	0.901520
25801	4.477450	-0.684047	9.193953	-0.003055	-0.035070	-0.006988	-0.862078	0.272495	0.427280	-0.332349	-0.940499	-0.070748	0.382578	-0.202996	0.901347
25802	4.479198	-0.696666	9.213494	0.000705	-0.020275	-0.004744	-0.861954	0.272524	0.427510	-0.332430	-0.940472	-0.070730	0.382786	-0.203083	0.901239
25803	4.439746	-0.739829	9.213052	0.002565	-0.013704	-0.003160	-0.861861	0.272554	0.427680	-0.332492	-0.940452	-0.070701	0.382943	-0.203135	0.901161
25804	4.495032	-0.735912	9.188206	0.008353	-0.003720	-0.004157	-0.861813	0.272579	0.427760	-0.332503	-0.940454	-0.070618	0.383040	-0.203091	0.901130
25805	4.439679	-0.750963	9.233607	0.009908	0.005640	-0.001688	-0.861799	0.272634	0.427754	-0.332524	-0.940454	-0.070529	0.383055	-0.203021	0.901139
25806	4.416089	-0.742354	9.209176	0.011175	0.015811	-0.005969	-0.861803	0.272769	0.427660	-0.332598	-0.940436	-0.070411	0.382981	-0.202920	0.901193
25807	4.413840	-0.753691	9.230764	0.015697	0.015622	-0.002684	-0.861823	0.272854	0.427565	-0.332606	-0.940445	-0.070266	0.382929	-0.202768	0.901250
25808	4.356624	-0.768584	9.277038	0.003351	0.026674	-0.008255	-0.861871	0.272998	0.427376	-0.332693	-0.940418	-0.070210	0.382745	-0.202696	0.901344
25809	4.322900	-0.778565	9.327439	0.004191	0.014998	-0.009061	-0.861868	0.273142	0.427291	-0.332799	-0.940386	-0.070141	0.382660	-0.202654	0.901389
25810	4.385584	-0.741275	9.352687	0.009719	0.007778	-0.017922	-0.861806	0.273360	0.427277	-0.332968	-0.940337	-0.069985	0.382653	-0.202583	0.901408
25811	4.292450	-0.748668	9.315217	-0.002353	-0.001644	-0.016935	-0.861712	0.273543	0.427347	-0.333167	-0.940270	-0.069942	0.382690	-0.202648	0.901378
25812	4.315078	-0.768469	9.360659	-0.007075	-0.013371	-0.022300	-0.861562	0.273736	0.427527	-0.333412	-0.940185	-0.069920	0.382815	-0.202783	0.901295
25813	4.208971	-0.913574	9.295033	-0.011017	-0.020420	-0.026429	-0.861365	0.273970	0.427773	-0.333726	-0.940074	-0.069914	0.382984	-0.202981	0.901178
25814	4.439299	-0.550335	9.410169	0.019761	-0.038958	-0.023874	-0.861106	0.274145	0.428183	-0.333902	-0.940031	-0.069643	0.383413	-0.202942	0.901004
25815	4.283838	-0.794764	9.480360	-0.023308	-0.063107	-0.026761	-0.860744	0.274296	0.428814	-0.334266	-0.939894	-0.069747	0.383909	-0.203372	0.900696
25816	4.164774	-0.826126	9.654283	-0.022275	-0.084223	-0.024733	-0.860299	0.274411	0.429634	-0.334638	-0.939754	-0.069849	0.384583	-0.203863	0.900298
25817	4.396903	-0.901837	9.354140	-0.037626	-0.129667	-0.036486	-0.859646	0.274517	0.430870	-0.335141	-0.939561	-0.070039	0.385602	-0.204611	0.899692
25818	4.282193	-0.674052	9.340990	-0.019356	-0.129455	-0.041387	-0.858974	0.274678	0.432107	-0.335627	-0.939387	-0.070042	0.386677	-0.205191	0.899098
25819	4.226118	-0.088292	9.550229	-0.056690	-0.169762	-0.033050	-0.858174	0.274666	0.433700	-0.336175	-0.939164	-0.070417	0.387974	-0.206228	0.898302
25820	4.620261	-0.549364	9.131046	-0.077942	-0.161298	-0.002219	-0.857518	0.274354	0.435193	-0.336512	-0.938990	-0.071116	0.389131	-0.207431	0.897524
25821	4.627582	-0.410468	9.270138	-0.061952	-0.167266	0.019702	-0.856901	0.273849	0.436724	-0.336629	-0.938899	-0.071765	0.390387	-0.208509	0.896729
25822	4.621025	-0.684850	9.153363	-0.052513	-0.170221	0.033963	-0.856310	0.273233	0.438267	-0.336622	-0.938853	-0.072392	0.391688	-0.209520	0.895925
25823	4.622532	-0.789397	9.055556	-0.052974	-0.159752	0.033020	-0.855763	0.272615	0.439717	-0.336592	-0.938815	-0.073019	0.392907	-0.210492	0.895163
25824	4.612585	-0.950084	9.095164	-0.038309	-0.141021	0.027149	-0.855269	0.272087	0.441002	-0.336552	-0.938793	-0.073489	0.394014	-0.211273	0.894492
25825	4.576717	-0.977419	9.101833	-0.028166	-0.119050	0.007587	-0.854794	0.271791	0.442105	-0.336642	-0.938738	-0.073782	0.394967	-0.211899	0.893924
25826	4.559858	-0.925248	9.186991	-0.021003	-0.108586	-0.003477	-0.854327	0.271603	0.443123	-0.336781	-0.938674	-0.073962	0.395859	-0.212423	0.893405
25827	4.580790	-0.855466	9.169017	-0.017699	-0.098218	-0.013789	-0.853860	0.271551	0.444054	-0.337013	-0.938582	-0.074066	0.396668	-0.212894	0.892934
25828	4.577067	-0.803165	9.168358	-0.014468	-0.092844	-0.021322	-0.853389	0.271574	0.444943	-0.337291	-0.938479	-0.074108	0.397444	-0.213318	0.892487
25829	4.567199	-0.867095	9.210300	-0.005983	-0.086271	-0.022546	-0.852939	0.271629	0.445773	-0.337552	-0.938388	-0.074068	0.398189	-0.213647	0.892076
25830	4.448350	-0.813337	9.294056	-0.003650	-0.097287	-0.024803	-0.852452	0.271628	0.446703	-0.337765	-0.938317	-0.073999	0.399049	-0.213961	0.891617
25831	4.377665	-0.761790	9.405646	-0.005217	-0.115112	-0.022568	-0.851884	0.271620	0.447790	-0.338022	-0.938228	-0.073951	0.400042	-0.214361	0.891076
25832	4.424774	-0.697459	9.411120	-0.006293	-0.150900	-0.032692	-0.851151	0.271587	0.449203	-0.338324	-0.938126	-0.073869	0.401347	-0.214850	0.890371
25833	4.458788	-0.619674	9.336819	-0.002656	-0.179614	-0.026162	-0.850308	0.271473	0.450864	-0.338602	-0.938033	-0.073782	0.402895	-0.215401	0.889538
25834	4.490310	-0.645947	9.282653	0.001021	-0.210059	-0.018672	-0.849369	0.271211	0.452788	-0.338790	-0.937971	-0.073696	0.404715	-0.215995	0.888568
25835	4.554063	-0.686610	9.218436	0.006533	-0.232566	-0.019102	-0.848329	0.270915	0.454910	-0.338970	-0.937917	-0.073558	0.406740	-0.216602	0.887494
25836	4.531273	-0.768806	9.126770	0.001023	-0.242897	-0.017858	-0.847246	0.270577	0.457123	-0.339156	-0.937856	-0.073474	0.408836	-0.217287	0.886363
25837	4.612145	-0.647347	9.047139	0.002237	-0.246237	-0.014610	-0.846155	0.270205	0.459358	-0.339315	-0.937805	-0.073394	0.410957	-0.217970	0.885214
25838	4.623702	-0.692948	9.007436	-0.017099	-0.247590	-0.007749	-0.845070	0.269787	0.461598	-0.339521	-0.937721	-0.073515	0.413017	-0.218848	0.884038
25839	4.764019	-0.667748	9.012482	-0.023123	-0.250329	0.002917	-0.844011	0.269237	0.463850	-0.339637	-0.937662	-0.073739	0.415081	-0.219777	0.882839
25840	4.857976	-0.687994	8.874565	-0.024898	-0.233597	0.008301	-0.843037	0.268663	0.465949	-0.339706	-0.937616	-0.074004	0.416998	-0.220674	0.881712
25841	4.908167	-0.705415	8.853952	-0.022842	-0.226809	0.018471	-0.842120	0.268015	0.467977	-0.339691	-0.937598	-0.074298	0.418861	-0.221535	0.880612
25842	4.911836	-0.896592	8.898765	-0.023298	-0.202484	0.018577	-0.841295	0.267435	0.469788	-0.339695	-0.937573	-0.074595	0.420511	-0.222341	0.879622
25843	4.958267	-0.913899	8.879942	-0.015395	-0.174786	0.019132	-0.840591	0.266893	0.471354	-0.339644	-0.937573	-0.074826	0.421958	-0.222991	0.878764
25844	4.966624	-0.955436	8.789895	-0.010780	-0.139317	0.011227	-0.840000	0.266531	0.472611	-0.339670	-0.937551	-0.074980	0.423112	-0.223515	0.878076
25845	5.001057	-0.964559	8.807535	-0.016318	-0.103364	0.004265	-0.839544	0.266287	0.473558	-0.339748	-0.937509	-0.075149	0.423954	-0.223981	0.877551
25846	5.002004	-0.932873	8.795039	-0.008903	-0.064226	0.000907	-0.839232	0.266195	0.474162	-0.339861	-0.937462	-0.075237	0.424481	-0.224290	0.877217
25847	4.987788	-0.873608	8.830171	-0.012788	-0.031944	-0.007526	-0.839038	0.266220	0.474491	-0.340023	-0.937396	-0.075319	0.424734	-0.224533	0.877032
25848	5.011533	-0.744740	8.823166	-0.011718	-0.009428	-0.009923	-0.838929	0.266326	0.474625	-0.340208	-0.937324	-0.075380	0.424801	-0.224710	0.876955
25849	4.977000	-0.834683	8.854300	-0.008095	0.019496	-0.006843	-0.838956	0.266460	0.474502	-0.340345	-0.937271	-0.075424	0.424639	-0.224772	0.877017
25850	4.949881	-0.754764	8.905876	-0.002096	0.037305	-0.006011	-0.839058	0.266636	0.474222	-0.340459	-0.937230	-0.075420	0.424345	-0.224735	0.877169
25851	4.851348	-0.729349	9.011118	-0.000324	0.047379	-0.006397	-0.839205	0.266829	0.473854	-0.340559	-0.937195	-0.075398	0.423976	-0.224650	0.877369
25852	4.811986	-0.767381	8.961426	-0.010423	0.047792	-0.005409	-0.839356	0.267014	0.473482	-0.340694	-0.937140	-0.075470	0.423567	-0.224659	0.877564
25853	4.819750	-0.775188	9.074690	-0.029262	0.051094	-0.005883	-0.839519	0.267211	0.473081	-0.340912	-0.937042	-0.075705	0.423068	-0.224835	0.877760
25854	4.768631	-0.801211	9.091178	-0.028572	0.040344	-0.004816	-0.839625	0.267424	0.472774	-0.341174	-0.936928	-0.075937	0.422648	-0.225057	0.877906
25855	4.788789	-0.798736	9.095846	-0.042613	0.036944	-0.009686	-0.839715	0.267624	0.472500	-0.341479	-0.936789	-0.076271	0.422221	-0.225395	0.878024
25856	4.732915	-0.805613	9.123982	-0.038841	0.023244	-0.011573	-0.839740	0.267816	0.472347	-0.341791	-0.936652	-0.076564	0.421920	-0.225738	0.878081
25857	4.825677	-0.761546	9.095463	-0.045154	0.006584	-0.010617	-0.839699	0.267957	0.472340	-0.342115	-0.936505	-0.076916	0.421739	-0.226181	0.878054
25858	4.778510	-0.788694	9.109686	-0.042036	-0.001442	-0.010756	-0.839620	0.268086	0.472406	-0.342433	-0.936362	-0.077240	0.421636	-0.226620	0.877990
25859	4.778661	-0.778698	9.088556	-0.034363	-0.004573	-0.010538	-0.839532	0.268201	0.472497	-0.342711	-0.936239	-0.077497	0.421586	-0.226992	0.877918
25860	4.790152	-0.710006	9.074908	-0.030815	-0.010061	-0.005812	-0.839424	0.268300	0.472634	-0.342980	-0.936120	-0.077745	0.421583	-0.227365	0.877823
25861	4.869066	-0.775583	8.976068	-0.028352	-0.012414	-0.004201	-0.839325	0.268337	0.472789	-0.343179	-0.936027	-0.077980	0.421619	-0.227701	0.877719
25862	4.833529	-0.729750	8.976940	-0.011144	-0.003219	0.001605	-0.839271	0.268377	0.472862	-0.343298	-0.935975	-0.078089	0.421630	-0.227870	0.877669
25863	4.952260	-0.750334	8.876871	-0.011787	0.000759	0.004299	-0.839256	0.268365	0.472895	-0.343356	-0.935943	-0.078218	0.421612	-0.228016	0.877640
25864	4.964029	-0.804427	8.872711	-0.006406	0.017472	0.010669	-0.839347	0.268286	0.472777	-0.343289	-0.935958	-0.078333	0.421484	-0.228047	0.877693
25865	4.885349	-0.853274	8.959892	0.000966	0.036059	0.010044	-0.839501	0.268301	0.472496	-0.343245	-0.935970	-0.078377	0.421213	-0.227979	0.877841
25866	4.818253	-0.967575	9.063836	-0.000140	0.044256	0.004136	-0.839674	0.268374	0.472148	-0.343238	-0.935970	-0.078405	0.420875	-0.227893	0.878026
25867	4.766297	-0.919138	9.154455	-0.001316	0.040334	-0.003791	-0.839798	0.268527	0.471840	-0.343320	-0.935940	-0.078404	0.420560	-0.227835	0.878191
25868	4.714605	-0.844640	9.203342	-0.004907	0.030318	-0.008663	-0.839871	0.268676	0.471625	-0.343429	-0.935900	-0.078413	0.420326	-0.227826	0.878306
25869	4.717860	-0.766608	9.224380	-0.010997	0.003786	-0.013436	-0.839808	0.268837	0.471645	-0.343632	-0.935822	-0.078452	0.420285	-0.227957	0.878291
25870	4.693509	-0.661195	9.232938	-0.008553	-0.022496	-0.007318	-0.839663	0.268857	0.471892	-0.343748	-0.935775	-0.078499	0.420480	-0.228125	0.878155
25871	4.691962	-0.727367	9.190173	-0.016948	-0.049771	-0.003280	-0.839409	0.268800	0.472375	-0.343892	-0.935711	-0.078638	0.420869	-0.228456	0.877882
25872	4.763245	-0.765039	9.134973	-0.016196	-0.072341	0.004296	-0.839076	0.268657	0.473049	-0.344008	-0.935654	-0.078806	0.421438	-0.228857	0.877505
25873	4.789058	-0.839593	9.113992	-0.018714	-0.080448	-0.000252	-0.838703	0.268501	0.473798	-0.344134	-0.935593	-0.078974	0.422077	-0.229286	0.877085
25874	4.796582	-0.828075	9.089113	-0.015263	-0.089637	-0.002206	-0.838280	0.268354	0.474629	-0.344275	-0.935531	-0.079103	0.422802	-0.229714	0.876624
25875	4.834207	-0.817916	9.033732	-0.017046	-0.092990	-0.005554	-0.837834	0.268219	0.475492	-0.344438	-0.935460	-0.079232	0.423552	-0.230160	0.876145
25876	4.859439	-0.754779	8.982758	-0.014546	-0.097068	-0.002997	-0.837381	0.268049	0.476386	-0.344569	-0.935401	-0.079351	0.424342	-0.230595	0.875648
25877	4.897566	-0.757248	8.947741	-0.008576	-0.094795	-0.002263	-0.836937	0.267878	0.477261	-0.344669	-0.935359	-0.079421	0.425135	-0.230967	0.875165
25878	4.941838	-0.792423	8.920813	-0.006744	-0.091506	0.001119	-0.836517	0.267686	0.478105	-0.344738	-0.935327	-0.079491	0.425906	-0.231316	0.874698
25879	4.932589	-0.844250	8.942198	-0.000712	-0.078771	0.004788	-0.836165	0.267485	0.478833	-0.344745	-0.935322	-0.079525	0.426591	-0.231571	0.874297
25880	4.939645	-0.844364	8.938292	0.004209	-0.080115	0.006135	-0.835815	0.267253	0.479572	-0.344704	-0.935337	-0.079524	0.427309	-0.231778	0.873892
25881	4.975409	-0.845674	8.904430	0.005906	-0.063253	0.002026	-0.835518	0.267113	0.480166	-0.344706	-0.935339	-0.079487	0.427886	-0.231929	0.873569
25882	4.950526	-0.817590	8.890622	0.007677	-0.054855	0.002586	-0.835235	0.267063	0.480686	-0.344779	-0.935317	-0.079435	0.428380	-0.232078	0.873287
25883	4.961269	-0.850038	8.896271	0.006644	-0.041254	0.002420	-0.835034	0.266971	0.481088	-0.344775	-0.935322	-0.079394	0.428776	-0.232164	0.873070
25884	4.935297	-0.847990	8.924836	0.006284	-0.035026	0.001430	-0.834855	0.266900	0.481436	-0.344779	-0.935324	-0.079351	0.429120	-0.232236	0.872882
25885	4.949444	-0.802264	8.951676	0.005592	-0.025953	0.001316	-0.834715	0.266854	0.481705	-0.344789	-0.935324	-0.079314	0.429385	-0.232291	0.872737
25886	4.987080	-0.823296	8.907395	0.007718	-0.023774	0.002859	-0.834588	0.266807	0.481951	-0.344787	-0.935328	-0.079266	0.429633	-0.232325	0.872606
25887	5.000397	-0.862837	8.881427	0.003543	-0.002114	0.002839	-0.834556	0.266802	0.482010	-0.344792	-0.935327	-0.079254	0.429692	-0.232335	0.872574
25888	4.953007	-0.873005	8.875713	0.010814	0.004383	0.000149	-0.834539	0.266846	0.482014	-0.344800	-0.935332	-0.079166	0.429718	-0.232265	0.872580
25889	4.946048	-0.852105	8.888968	0.010100	0.015156	-0.000904	-0.834568	0.266916	0.481925	-0.344808	-0.935336	-0.079079	0.429655	-0.232168	0.872637
25890	4.955690	-0.805719	8.918351	0.012136	0.025815	-0.004043	-0.834628	0.267049	0.481748	-0.344845	-0.935333	-0.078958	0.429509	-0.232029	0.872745
25891	4.929468	-0.809872	8.916968	0.010390	0.032949	-0.004462	-0.834721	0.267193	0.481507	-0.344883	-0.935328	-0.078851	0.429298	-0.231882	0.872888
25892	4.950384	-0.816369	8.942386	0.010047	0.037482	-0.004518	-0.834839	0.267326	0.481228	-0.344898	-0.935331	-0.078748	0.429056	-0.231716	0.873051
25893	4.916681	-0.787544	8.933533	0.013212	0.043289	-0.003605	-0.834979	0.267486	0.480896	-0.344916	-0.935335	-0.078620	0.428769	-0.231514	0.873246
25894	4.884410	-0.810260	9.007378	0.020908	0.038457	-0.002480	-0.835101	0.267627	0.480606	-0.344894	-0.935359	-0.078431	0.428549	-0.231256	0.873422
25895	4.886472	-0.815431	8.976227	0.015661	0.044307	-0.003868	-0.835245	0.267791	0.480265	-0.344904	-0.935368	-0.078280	0.428262	-0.231028	0.873623
25896	4.853648	-0.825298	9.029431	0.013559	0.040424	-0.004471	-0.835361	0.267977	0.479959	-0.344954	-0.935361	-0.078145	0.427994	-0.230843	0.873804
25897	4.843693	-0.790567	9.023426	0.021237	0.037288	-0.004277	-0.835473	0.268129	0.479679	-0.344944	-0.935381	-0.077944	0.427784	-0.230583	0.873975
25898	4.864297	-0.783365	9.028194	0.016412	0.030138	-0.000930	-0.835552	0.268276	0.479458	-0.344973	-0.935383	-0.077801	0.427604	-0.230407	0.874109
25899	4.861543	-0.768890	9.008950	0.015705	0.023664	-0.001173	-0.835617	0.268368	0.479295	-0.344960	-0.935399	-0.077663	0.427490	-0.230234	0.874211
25900	4.859493	-0.767440	9.010180	0.015722	0.021969	-0.000235	-0.835686	0.268418	0.479146	-0.344909	-0.935429	-0.077532	0.427396	-0.230054	0.874304
25901	4.857464	-0.752859	8.990553	0.019905	0.015869	-0.000075	-0.835720	0.268482	0.479051	-0.344869	-0.935457	-0.077362	0.427361	-0.229863	0.874371
25902	4.868847	-0.804446	8.986789	0.010152	0.011741	0.000991	-0.835744	0.268515	0.478991	-0.344851	-0.935471	-0.077284	0.427330	-0.229770	0.874411
25903	4.867517	-0.803525	8.987592	0.014087	0.017246	0.005897	-0.835805	0.268526	0.478878	-0.344786	-0.935502	-0.077195	0.427263	-0.229630	0.874481
25904	4.824171	-0.748066	9.023173	0.010168	0.010047	0.001929	-0.835824	0.268551	0.478831	-0.344763	-0.935516	-0.077121	0.427243	-0.229543	0.874513
25905	4.817806	-0.740304	9.056811	0.007331	0.001401	0.000139	-0.835797	0.268579	0.478862	-0.344776	-0.935516	-0.077063	0.427285	-0.229509	0.874501
25906	4.853839	-0.761465	9.013734	0.005292	-0.010929	0.004213	-0.835732	0.268543	0.478996	-0.344766	-0.935522	-0.077043	0.427422	-0.229529	0.874430
25907	4.860675	-0.768527	8.979895	-0.000969	-0.012087	0.005316	-0.835665	0.268492	0.479141	-0.344770	-0.935517	-0.077082	0.427548	-0.229608	0.874347
25908	4.803425	-0.778942	9.060386	-0.009326	-0.018807	0.006747	-0.835565	0.268441	0.479345	-0.344830	-0.935485	-0.077200	0.427696	-0.229798	0.874225
25909	4.835685	-0.807709	9.070206	-0.010763	-0.030054	0.005325	-0.835421	0.268348	0.479646	-0.344876	-0.935458	-0.077325	0.427939	-0.230017	0.874048
25910	4.756391	-0.797849	9.105186	-0.007702	-0.048552	0.002254	-0.835180	0.268267	0.480112	-0.344963	-0.935419	-0.077408	0.428340	-0.230270	0.873785
25911	4.755262	-0.779254	9.115072	-0.021353	-0.061582	0.000303	-0.834884	0.268149	0.480693	-0.345097	-0.935354	-0.077601	0.428809	-0.230673	0.873449
25912	4.809919	-0.796511	9.158691	-0.026348	-0.084591	-0.005007	-0.834474	0.268012	0.481480	-0.345281	-0.935268	-0.077812	0.429459	-0.231178	0.872996
25913	4.853493	-0.807396	9.090338	-0.028793	-0.099512	-0.005773	-0.833993	0.267862	0.482396	-0.345498	-0.935169	-0.078041	0.430218	-0.231752	0.872470
25914	4.881552	-0.869644	9.046945	-0.030930	-0.113905	-0.009280	-0.833437	0.267707	0.483441	-0.345750	-0.935057	-0.078271	0.431091	-0.232384	0.871871
25915	4.926098	-0.782108	9.010061	-0.026390	-0.121218	-0.010909	-0.832843	0.267553	0.484549	-0.345999	-0.934949	-0.078453	0.432038	-0.232993	0.871239
25916	4.966545	-0.785871	8.973264	-0.031486	-0.125595	-0.006639	-0.832234	0.267374	0.485694	-0.346264	-0.934830	-0.078699	0.432999	-0.233674	0.870579
25917	4.937253	-0.831730	8.969020	-0.023761	-0.128796	-0.006432	-0.831620	0.267158	0.486862	-0.346465	-0.934741	-0.078879	0.434017	-0.234278	0.869910
25918	4.978742	-0.848211	8.952435	-0.026886	-0.132994	-0.008228	-0.830975	0.266966	0.488067	-0.346713	-0.934632	-0.079078	0.435052	-0.234931	0.869216
25919	4.966641	-0.842330	8.922110	-0.021611	-0.135541	-0.008685	-0.830321	0.266754	0.489295	-0.346924	-0.934541	-0.079228	0.436132	-0.235532	0.868512
25920	4.968184	-0.829585	8.981835	-0.013543	-0.141605	-0.009363	-0.829634	0.266542	0.490574	-0.347115	-0.934463	-0.079304	0.437285	-0.236079	0.867784
25921	5.011394	-0.772881	9.038693	-0.017343	-0.152328	-0.011371	-0.828894	0.266315	0.491947	-0.347330	-0.934375	-0.079403	0.438517	-0.236685	0.866997
25922	4.954873	-0.789855	9.022574	-0.011572	-0.166271	-0.008003	-0.828105	0.266012	0.493437	-0.347482	-0.934313	-0.079469	0.439885	-0.237269	0.866143
25923	4.908422	-0.793252	9.129314	-0.004769	-0.188815	-0.007243	-0.827214	0.265657	0.495120	-0.347608	-0.934266	-0.079479	0.441460	-0.237854	0.865181
25924	4.817099	-0.793951	9.209019	-0.001401	-0.226642	-0.008423	-0.826141	0.265242	0.497129	-0.347751	-0.934214	-0.079453	0.443351	-0.238517	0.864031
25925	4.676730	-0.940866	9.398278	0.013924	-0.284410	-0.012185	-0.824800	0.264703	0.499637	-0.347835	-0.934198	-0.079276	0.445775	-0.239178	0.862600
25926	4.608065	-1.122078	9.531235	0.024955	-0.361064	-0.028431	-0.823046	0.264148	0.502813	-0.348024	-0.934158	-0.078923	0.448859	-0.239948	0.860785
25927	4.719533	-1.223495	9.528847	0.063137	-0.425489	-0.073206	-0.820839	0.263836	0.506571	-0.348386	-0.934099	-0.078014	0.452604	-0.240519	0.858662
25928	4.745985	-1.237138	9.493179	0.086323	-0.481719	-0.121737	-0.818189	0.263835	0.510840	-0.349032	-0.933970	-0.076658	0.456884	-0.241020	0.856251
25929	4.802503	-1.240066	9.456994	0.119548	-0.549734	-0.182639	-0.814991	0.264240	0.515720	-0.350019	-0.933759	-0.074702	0.461819	-0.241393	0.853494
25930	4.823196	-1.201125	9.529152	0.156815	-0.614823	-0.246082	-0.811231	0.265092	0.521182	-0.351351	-0.933464	-0.072092	0.467394	-0.241602	0.850395
25931	4.838803	-1.253951	9.422143	0.198699	-0.688242	-0.330671	-0.806792	0.266541	0.527297	-0.353136	-0.933048	-0.068675	0.473689	-0.241615	0.846901
25932	4.962139	-1.131091	9.466192	0.242731	-0.772851	-0.407845	-0.801611	0.268531	0.534145	-0.355335	-0.932514	-0.064460	0.480788	-0.241472	0.842932
25933	5.236463	-1.130020	9.353112	0.291885	-0.863335	-0.485246	-0.795659	0.270997	0.541745	-0.357840	-0.931892	-0.059398	0.488751	-0.241118	0.838442
25934	5.453520	-1.176118	9.290775	0.301280	-0.938982	-0.569906	-0.788958	0.274020	0.549963	-0.360861	-0.931068	-0.053772	0.497318	-0.240884	0.833456
25935	5.664092	-1.363927	9.304895	0.282782	-1.038359	-0.664075	-0.781299	0.277722	0.558965	-0.364700	-0.929900	-0.047742	0.506522	-0.241156	0.827816
25936	5.845736	-1.887184	9.541805	0.215597	-1.128193	-0.770465	-0.772658	0.282190	0.568654	-0.369643	-0.928241	-0.041620	0.516104	-0.242357	0.821523
25937	5.976270	-2.295197	9.390071	0.248777	-1.171202	-0.884532	-0.763223	0.287573	0.578613	-0.375184	-0.926308	-0.034510	0.526049	-0.243425	0.814872
25938	6.555585	-2.803310	9.960025	0.191193	-1.277808	-0.991031	-0.752635	0.293635	0.589338	-0.381718	-0.923879	-0.027168	0.536500	-0.245409	0.807430
25939	6.496774	-3.811712	9.497117	0.255180	-1.275408	-1.095402	-0.741466	0.300626	0.599876	-0.388563	-0.921234	-0.018602	0.547034	-0.246883	0.799877
25940	6.428607	-3.103489	9.510115	0.491191	-1.289555	-1.204902	-0.729561	0.308582	0.610343	-0.394787	-0.918743	-0.007395	0.558466	-0.246351	0.792103
25941	6.124898	-2.371860	9.724716	0.432706	-1.329596	-1.298254	-0.716847	0.317238	0.620878	-0.401779	-0.915728	0.004010	0.569827	-0.246582	0.783897
25942	6.525518	-2.776257	8.913772	0.411623	-1.327015	-1.394541	-0.703480	0.326794	0.631128	-0.409431	-0.912201	0.015963	0.580932	-0.247173	0.775515
25943	5.916129	-1.397051	8.565489	0.664672	-1.319282	-1.502052	-0.689494	0.337245	0.640987	-0.416036	-0.908832	0.030648	0.592885	-0.245542	0.766940
25944	6.100248	-0.253974	8.228735	0.532030	-1.318126	-1.560453	-0.675015	0.348148	0.650499	-0.423504	-0.904787	0.044778	0.604152	-0.245263	0.758186
25945	5.681131	0.303094	7.651348	0.367631	-1.318553	-1.597142	-0.660103	0.359342	0.659649	-0.431969	-0.900020	0.058017	0.614546	-0.246651	0.749331
25946	5.506886	0.832950	7.399112	0.131640	-1.350827	-1.637440	-0.644533	0.370692	0.668704	-0.441875	-0.894351	0.069876	0.623958	-0.250446	0.740238
25947	5.442746	1.163017	7.391983	-0.168298	-1.304482	-1.634427	-0.628981	0.381971	0.677112	-0.453382	-0.887751	0.079642	0.631528	-0.256897	0.731557
25948	4.433862	-0.452183	7.748077	-0.561905	-1.155643	-1.451096	-0.614939	0.391803	0.684354	-0.466018	-0.880641	0.085432	0.636143	-0.266386	0.724127
25949	4.690762	-2.467055	8.176830	-0.551827	-0.913644	-1.148804	-0.603651	0.399435	0.689969	-0.476578	-0.874580	0.089353	0.639124	-0.274886	0.718302
25950	5.262078	-5.114609	8.131046	-0.778187	-0.658895	-0.481346	-0.597077	0.401817	0.694292	-0.484493	-0.870447	0.087112	0.639348	-0.284367	0.714402
25951	7.318719	-6.673705	9.084321	-0.321616	-0.334522	0.199843	-0.595859	0.399141	0.696878	-0.485399	-0.870303	0.083435	0.639797	-0.288548	0.712320
25952	5.301797	-4.807955	9.799462	-0.047153	0.156369	0.851204	-0.600921	0.392197	0.696474	-0.480661	-0.873504	0.077169	0.638638	-0.288396	0.713421
25953	3.899985	-4.488397	8.936492	-0.092813	0.485088	1.406059	-0.610666	0.381296	0.694046	-0.472776	-0.878652	0.066737	0.635272	-0.287374	0.716830
25954	2.551885	-3.420848	8.398319	0.003260	0.644202	1.808742	-0.623149	0.367214	0.690535	-0.461654	-0.885400	0.054236	0.631316	-0.284991	0.721263
25955	2.088995	-2.682265	7.931193	0.018789	0.674620	2.072016	-0.636778	0.350726	0.686662	-0.448525	-0.892870	0.040111	0.627168	-0.282443	0.725869
25956	2.107731	-1.857503	8.080004	0.095785	0.664041	2.214500	-0.650654	0.332763	0.682582	-0.433731	-0.900678	0.025643	0.623319	-0.279373	0.730359
25957	2.490221	-1.129138	8.503821	0.139395	0.681410	2.252115	-0.664436	0.314306	0.678039	-0.418098	-0.908331	0.011348	0.619451	-0.275947	0.734938
25958	2.792478	-0.565285	8.936059	0.176249	0.737432	2.198364	-0.677964	0.296312	0.672729	-0.402317	-0.915498	-0.002205	0.615228	-0.272145	0.739886
25959	2.844773	0.205782	9.227404	0.233877	0.821782	2.064035	-0.691101	0.279590	0.666490	-0.386798	-0.922054	-0.014283	0.610546	-0.267668	0.745378
