// General information: 
//  MT Manager version: 2022.2.0 
//  XDA version: 2022.2.0 build 7381 rev 124627 built on 2023-07-19
// Device information: 
//  DeviceId: 00B4CB9F
//  ProductCode: MTW2-3A7G6
//  Firmware Version: 4.6.0
//  Hardware Version: 2.0.0
// Device settings: 
//  Filter Profile: human(46.1)
//  Option Flags: Orientation Smoother Disabled, Position/Velocity Smoother Disabled, Continuous Zero Rotation Update Disabled, AHS Disabled, ICC Disabled
// Coordinate system: ENU
PacketCounter	Acc_X	Acc_Y	Acc_Z	Gyr_X	Gyr_Y	Gyr_Z	Mat[1][1]	Mat[2][1]	Mat[3][1]	Mat[1][2]	Mat[2][2]	Mat[3][2]	Mat[1][3]	Mat[2][3]	Mat[3][3]
35535	9.778326	-1.006212	-0.449595	0.278365	0.100486	0.353755	0.108888	-0.072534	0.991404	-0.040379	0.996188	0.077319	-0.993234	-0.048451	0.105544
35536	9.643757	-0.294444	-0.642805	0.563750	0.050480	0.382007	0.109171	-0.068666	0.991648	-0.046440	0.996170	0.074092	-0.992938	-0.054141	0.105564
35537	9.559378	0.900230	-0.445831	0.669366	0.004294	0.359240	0.109001	-0.065048	0.991911	-0.053529	0.996025	0.071201	-0.992599	-0.060857	0.105086
35538	9.676599	2.018498	-0.192984	0.564155	-0.049818	0.308629	0.108292	-0.061951	0.992187	-0.059548	0.995860	0.068680	-0.992334	-0.066521	0.104155
35539	9.911399	2.359177	0.002476	0.323070	-0.078008	0.239376	0.107338	-0.059585	0.992435	-0.063064	0.995784	0.066606	-0.992221	-0.069736	0.103128
35540	10.079289	2.050960	0.267035	0.056146	-0.060433	0.195628	0.106577	-0.057625	0.992633	-0.063925	0.995857	0.064676	-0.992247	-0.070347	0.102452
35541	10.051022	1.503230	0.581013	-0.171059	-0.005346	0.183017	0.106374	-0.055770	0.992761	-0.062474	0.996078	0.062650	-0.992362	-0.068686	0.102473
35542	9.845633	1.084999	0.957321	-0.309400	0.054706	0.181167	0.106727	-0.053932	0.992825	-0.059543	0.996389	0.060526	-0.992504	-0.065576	0.103130
35543	9.567581	0.608200	1.279861	-0.383525	0.087499	0.185467	0.107455	-0.051992	0.992850	-0.055986	0.996731	0.058254	-0.992632	-0.061846	0.104193
35544	9.463918	0.313717	1.452910	-0.401041	0.083130	0.190343	0.108125	-0.050013	0.992878	-0.052263	0.997067	0.055915	-0.992763	-0.057936	0.105194
35545	9.567948	-0.028133	1.336917	-0.404480	0.055234	0.202620	0.108538	-0.047925	0.992936	-0.048518	0.997392	0.053443	-0.992908	-0.053976	0.105930
35546	9.574041	-0.282732	1.200074	-0.338855	0.029114	0.209006	0.108659	-0.045816	0.993023	-0.045368	0.997668	0.050995	-0.993043	-0.050593	0.106327
35547	9.551944	-0.328055	1.133565	-0.246245	-0.010562	0.206559	0.108430	-0.043724	0.993142	-0.043198	0.997881	0.048649	-0.993165	-0.048177	0.106311
35548	9.553708	-0.142499	1.098290	-0.141178	-0.030341	0.205931	0.107958	-0.041688	0.993281	-0.041909	0.998041	0.046443	-0.993272	-0.046642	0.106000
35549	9.600481	0.098468	1.173772	-0.079963	-0.038682	0.202265	0.107457	-0.039651	0.993419	-0.041384	0.998160	0.044316	-0.993348	-0.045874	0.105618
35550	9.612979	0.122367	0.918289	-0.050176	-0.060623	0.202477	0.106643	-0.037718	0.993582	-0.040916	0.998267	0.042288	-0.993455	-0.045163	0.104915
35551	9.712805	-0.007374	0.861126	-0.037597	-0.080330	0.199668	0.105730	-0.035724	0.993753	-0.040805	0.998357	0.040231	-0.993557	-0.044804	0.104099
35552	9.834363	-0.158924	0.847613	-0.035812	-0.076030	0.188181	0.104822	-0.033874	0.993914	-0.040531	0.998444	0.038303	-0.993665	-0.044300	0.103286
35553	9.953713	-0.255477	0.888994	-0.049741	-0.070500	0.178190	0.104017	-0.032089	0.994058	-0.040274	0.998524	0.036448	-0.993760	-0.043826	0.102571
35554	10.141379	-0.374776	1.032579	-0.071407	-0.050123	0.165276	0.103426	-0.030388	0.994173	-0.039845	0.998604	0.034669	-0.993839	-0.043198	0.102071
35555	10.013295	-0.379270	1.166045	-0.077317	-0.008004	0.153203	0.103253	-0.028825	0.994237	-0.039286	0.998682	0.033034	-0.993879	-0.042470	0.101985
35556	9.862589	-0.294715	1.291231	-0.089572	0.013463	0.142348	0.103271	-0.027366	0.994277	-0.038567	0.998760	0.031495	-0.993905	-0.041599	0.102087
35557	9.673433	-0.087043	1.231156	-0.087823	0.020031	0.134544	0.103385	-0.025977	0.994302	-0.037884	0.998831	0.030034	-0.993920	-0.040773	0.102280
35558	9.653415	-0.078027	1.133239	-0.092551	0.005238	0.130891	0.103334	-0.024628	0.994342	-0.037119	0.998902	0.028598	-0.993954	-0.039864	0.102306
35559	9.827388	-0.214687	0.997835	-0.095795	-0.001372	0.132368	0.103238	-0.023269	0.994384	-0.036354	0.998970	0.027151	-0.993992	-0.038953	0.102286
35560	9.830001	-0.478284	0.788767	-0.070789	0.013952	0.139793	0.103270	-0.021825	0.994414	-0.035932	0.999025	0.025657	-0.994004	-0.038381	0.102385
35561	9.690517	-0.671817	0.497648	0.024796	-0.002774	0.141230	0.103158	-0.020378	0.994456	-0.036375	0.999044	0.024245	-0.994000	-0.038674	0.102318
35562	9.622001	-0.508731	0.473074	0.157750	-0.032581	0.149870	0.102738	-0.018830	0.994530	-0.038155	0.999010	0.022856	-0.993976	-0.040295	0.101918
35563	9.677265	-0.153154	0.551322	0.228128	-0.040544	0.154395	0.102241	-0.017267	0.994610	-0.040632	0.998942	0.021519	-0.993929	-0.042613	0.101432
35564	9.758633	0.126122	0.562249	0.246954	-0.054238	0.145317	0.101593	-0.015782	0.994701	-0.043415	0.998851	0.020282	-0.993878	-0.045245	0.100791
35565	9.862988	0.405304	0.626797	0.206345	-0.051503	0.135568	0.100987	-0.014415	0.994783	-0.045654	0.998775	0.019107	-0.993840	-0.047345	0.100205
35566	10.058371	0.343790	0.607042	0.126636	-0.054866	0.120295	0.100308	-0.013224	0.994869	-0.046999	0.998733	0.018014	-0.993846	-0.048564	0.099559
35567	10.152776	0.122379	0.529427	0.078491	-0.045774	0.104025	0.099770	-0.012171	0.994936	-0.047934	0.998705	0.017024	-0.993855	-0.049389	0.099057
35568	10.020905	-0.145252	0.554180	0.039674	-0.022222	0.099219	0.099393	-0.011215	0.994985	-0.048358	0.998701	0.016088	-0.993872	-0.049714	0.098722
35569	9.865607	-0.379193	0.569328	0.035044	-0.004657	0.104799	0.099263	-0.010134	0.995010	-0.048861	0.998692	0.015046	-0.993861	-0.050111	0.098638
35570	9.738226	-0.428471	0.652164	0.060114	0.007575	0.111410	0.099230	-0.008966	0.995024	-0.049675	0.998668	0.013953	-0.993824	-0.050812	0.098652
35571	9.688837	-0.251220	0.825915	0.085124	0.022074	0.121686	0.099354	-0.007703	0.995022	-0.050692	0.998632	0.012792	-0.993760	-0.051711	0.098828
35572	9.715580	-0.109818	0.904791	0.057021	0.018053	0.113786	0.099431	-0.006493	0.995023	-0.051428	0.998609	0.011656	-0.993715	-0.052331	0.098958
35573	9.664801	-0.206132	0.861599	0.022585	0.023186	0.114132	0.099568	-0.005305	0.995017	-0.051817	0.998601	0.010509	-0.993681	-0.052605	0.099154
35574	9.666655	-0.216496	0.808615	0.033705	0.007900	0.098305	0.099531	-0.004281	0.995025	-0.052308	0.998586	0.009529	-0.993659	-0.052997	0.099166
35575	9.621851	-0.080127	0.849850	0.076502	-0.003788	0.071581	0.099421	-0.003532	0.995039	-0.053191	0.998545	0.008859	-0.993623	-0.053807	0.099089
35576	9.652226	0.032987	0.827372	0.085948	-0.017122	0.060881	0.099162	-0.002883	0.995067	-0.054119	0.998500	0.008286	-0.993599	-0.054674	0.098858
35577	9.647602	0.061489	0.978594	0.073374	-0.008969	0.067159	0.099003	-0.002181	0.995085	-0.054965	0.998459	0.007657	-0.993568	-0.055453	0.098730
35578	9.666422	-0.043239	1.012827	0.064202	0.005303	0.067103	0.098983	-0.001429	0.995088	-0.055874	0.998413	0.006991	-0.993519	-0.056291	0.098746
35579	9.667803	-0.126180	0.893925	0.075335	0.003808	0.059205	0.098953	-0.000799	0.995092	-0.056732	0.998369	0.006443	-0.993474	-0.057091	0.098746
35580	9.748256	0.029636	0.894754	0.106443	-0.019990	0.051367	0.098659	-0.000261	0.995121	-0.057874	0.998306	0.005999	-0.993437	-0.058184	0.098477
35581	9.896079	0.029296	0.876288	0.081061	-0.030061	0.056233	0.098293	0.000319	0.995157	-0.058786	0.998256	0.005486	-0.993420	-0.059041	0.098141
35582	9.935251	-0.440827	0.596225	0.009878	-0.034269	0.080088	0.097827	0.001118	0.995203	-0.058962	0.998249	0.004675	-0.993455	-0.059137	0.097722
35583	9.968568	-0.812555	0.555206	0.014060	-0.030229	0.103055	0.097432	0.002165	0.995240	-0.059253	0.998236	0.003629	-0.993477	-0.059325	0.097388
35584	9.781309	-0.439436	0.781890	0.081825	-0.006649	0.103925	0.097261	0.003271	0.995254	-0.060298	0.998177	0.002612	-0.993431	-0.060265	0.097281
35585	9.652225	0.118390	1.019796	0.096097	-0.012040	0.092087	0.097051	0.004219	0.995270	-0.061393	0.998112	0.001755	-0.993384	-0.061273	0.097127
35586	9.592958	0.420198	1.054824	0.022494	-0.025244	0.080930	0.096729	0.005114	0.995298	-0.061859	0.998085	0.000883	-0.993387	-0.061653	0.096860
35587	9.574318	0.234270	0.692384	-0.037380	-0.052029	0.073281	0.096133	0.005850	0.995351	-0.061609	0.998100	0.000084	-0.993460	-0.061331	0.096310
35588	9.448845	0.068203	0.574173	-0.009855	-0.083849	0.072953	0.095183	0.006557	0.995438	-0.061560	0.998103	-0.000688	-0.993554	-0.061214	0.095406
35589	9.451364	0.271793	0.803106	0.041445	-0.095453	0.077837	0.094152	0.007312	0.995531	-0.062097	0.998069	-0.001457	-0.993619	-0.061682	0.094424
35590	9.535138	0.624794	1.053079	0.045877	-0.110449	0.074516	0.092985	0.008085	0.995635	-0.062736	0.998028	-0.002245	-0.993689	-0.062253	0.093308
35591	9.752789	0.674811	1.245207	-0.005971	-0.120987	0.070864	0.091704	0.008753	0.995748	-0.062793	0.998022	-0.002990	-0.993805	-0.062252	0.092072
35592	9.885147	0.488211	1.427268	-0.086840	-0.104537	0.061764	0.090551	0.009328	0.995848	-0.061917	0.998074	-0.003719	-0.993965	-0.061324	0.090954
35593	9.787829	0.093806	1.552135	-0.156589	-0.074158	0.059286	0.089743	0.009911	0.995916	-0.060465	0.998160	-0.004485	-0.994128	-0.059816	0.090177
35594	9.649686	-0.124679	1.708198	-0.189213	-0.048191	0.072350	0.089168	0.010655	0.995960	-0.058719	0.998260	-0.005422	-0.994284	-0.057998	0.089639
35595	9.474108	-0.157393	1.818859	-0.198516	-0.032939	0.081933	0.088759	0.011490	0.995987	-0.056869	0.998361	-0.006450	-0.994428	-0.056068	0.089267
35596	9.396772	-0.174635	1.944129	-0.217361	-0.032404	0.081640	0.088342	0.012342	0.996014	-0.054821	0.998468	-0.007510	-0.994581	-0.053939	0.088883
35597	9.670190	-0.222378	2.538943	-0.272323	-0.036426	0.077914	0.087903	0.013138	0.996042	-0.052232	0.998598	-0.008562	-0.994759	-0.051272	0.088466
35598	9.998891	-0.135221	3.180713	-0.369204	0.017077	0.047543	0.088016	0.013696	0.996025	-0.048730	0.998767	-0.009428	-0.994926	-0.047706	0.088575
35599	10.068061	-0.302266	3.746437	-0.530959	0.129819	0.032950	0.089259	0.014121	0.995908	-0.043527	0.999000	-0.010264	-0.995057	-0.042433	0.089784
35600	9.798788	-0.510050	3.981002	-0.602955	0.210065	0.026985	0.091325	0.014575	0.995714	-0.037784	0.999224	-0.011161	-0.995104	-0.036603	0.091805
35601	9.671595	-0.677847	4.332907	-0.618261	0.250216	0.031691	0.093771	0.015013	0.995481	-0.031712	0.999424	-0.012086	-0.995089	-0.030436	0.094193
35602	9.889804	-0.678257	4.800981	-0.654366	0.286202	0.042827	0.096589	0.015613	0.995202	-0.025417	0.999590	-0.013215	-0.995000	-0.024018	0.096946
35603	10.250732	-0.559371	5.438680	-0.737710	0.368039	0.032751	0.100210	0.016054	0.994837	-0.018161	0.999733	-0.014303	-0.994801	-0.016634	0.100475
35604	10.516770	-0.656732	6.058532	-0.883093	0.498552	0.017661	0.105118	0.016338	0.994326	-0.009468	0.999836	-0.015427	-0.994415	-0.007793	0.105256
35605	10.528804	-1.220075	6.508071	-1.036581	0.653896	0.005837	0.111586	0.016451	0.993619	0.000778	0.999861	-0.016642	-0.993754	0.002630	0.111558
35606	10.304809	-2.013745	6.707325	-1.096686	0.811280	0.056536	0.119661	0.017089	0.992668	0.011326	0.999763	-0.018577	-0.992750	0.013465	0.119439
35607	10.140768	-2.795120	6.524533	-1.028140	0.938336	0.137930	0.128962	0.018332	0.991480	0.021302	0.999547	-0.021252	-0.991421	0.023861	0.128513
35608	10.091264	-3.353674	5.882173	-0.763135	1.013735	0.222578	0.139056	0.020394	0.990075	0.028264	0.999299	-0.024553	-0.989881	0.031398	0.138382
35609	10.263803	-3.271476	5.536756	-0.380076	1.031259	0.304868	0.149317	0.023135	0.988519	0.031531	0.999106	-0.028146	-0.988287	0.035371	0.148454
35610	10.590082	-2.402317	5.817367	-0.035379	1.052342	0.337483	0.159781	0.026206	0.986805	0.031314	0.999010	-0.031600	-0.986656	0.035950	0.158802
35611	11.547787	-1.434769	5.775769	0.183494	1.107135	0.334384	0.170765	0.029197	0.984879	0.028899	0.998982	-0.034626	-0.984888	0.034374	0.169748
35612	12.093284	-0.706185	5.143811	0.288850	1.227662	0.265760	0.182916	0.031584	0.982621	0.025383	0.998999	-0.036835	-0.982801	0.031680	0.181931
35613	12.743954	-0.060849	4.356151	0.375882	1.367594	0.192264	0.196354	0.033134	0.979973	0.021274	0.999050	-0.038042	-0.980302	0.028318	0.195462
35614	12.434701	0.414624	4.116480	0.279714	1.510233	0.124436	0.211198	0.034185	0.976845	0.017912	0.999085	-0.038835	-0.977279	0.025699	0.210392
35615	11.252718	0.825597	3.598345	0.135085	1.628331	0.039892	0.227059	0.034211	0.973280	0.016450	0.999105	-0.038957	-0.973742	0.024856	0.226293
35616	9.787256	0.396768	1.540902	-0.037267	1.537506	-0.041179	0.241946	0.033440	0.969713	0.016906	0.999109	-0.038672	-0.970143	0.025750	0.241165
35617	8.711166	-0.006414	-0.165103	0.341781	1.271962	-0.129560	0.254216	0.031877	0.966622	0.013860	0.999234	-0.036598	-0.967048	0.022701	0.253579
35618	9.002633	-0.097347	-0.546136	0.707214	1.052065	-0.143680	0.264357	0.030373	0.963947	0.007185	0.999414	-0.033461	-0.964398	0.015772	0.263983
35619	9.145423	-0.510175	-1.476215	0.851876	1.006457	-0.083747	0.274016	0.029459	0.961274	-0.000851	0.999538	-0.030389	-0.961725	0.007509	0.273915
35620	9.270732	-0.670606	-2.244365	1.010501	1.067289	0.008799	0.284201	0.029541	0.958309	-0.010627	0.999561	-0.027661	-0.958706	-0.002323	0.284390
35621	9.005394	-0.393954	-2.307860	0.942378	1.107381	0.050632	0.294761	0.030162	0.955095	-0.019851	0.999479	-0.025437	-0.955365	-0.011461	0.295206
35622	8.639666	-0.364037	-2.146836	0.807400	1.043565	0.053195	0.304644	0.030877	0.951966	-0.027685	0.999339	-0.023554	-0.952064	-0.019179	0.305298
35623	8.796877	-0.072772	-1.530619	0.736626	0.922083	0.030305	0.313368	0.031428	0.949112	-0.034839	0.999160	-0.021582	-0.948992	-0.026302	0.314200
35624	9.274304	0.833650	-1.244734	0.614891	0.835632	-0.019436	0.321230	0.031544	0.946476	-0.040777	0.998979	-0.019455	-0.946123	-0.032345	0.322188
35625	9.536373	1.546992	-1.084850	0.398855	0.775904	-0.070084	0.328559	0.031148	0.943970	-0.044377	0.998861	-0.017514	-0.943440	-0.036136	0.329567
35626	9.647370	2.080150	-0.901573	0.081948	0.760739	-0.111188	0.335712	0.030403	0.941474	-0.045032	0.998854	-0.016199	-0.940888	-0.036958	0.336696
35627	9.299601	2.304003	-0.541062	-0.291488	0.774532	-0.156562	0.343026	0.029152	0.938873	-0.041821	0.999001	-0.015739	-0.938394	-0.033866	0.343903
35628	8.867664	2.421326	-0.029346	-0.651656	0.780858	-0.198352	0.350339	0.027381	0.936223	-0.034970	0.999258	-0.016139	-0.935970	-0.027085	0.351037
35629	8.471058	2.254843	0.286497	-0.985726	0.769445	-0.219513	0.357566	0.025396	0.933542	-0.025038	0.999532	-0.017601	-0.933552	-0.017081	0.358035
35630	8.152121	1.908435	0.468370	-1.220714	0.734866	-0.209407	0.364387	0.023406	0.930953	-0.012983	0.999715	-0.020053	-0.931157	-0.004780	0.364587
35631	7.853940	1.575113	0.656551	-1.354187	0.684412	-0.190717	0.370734	0.021524	0.928490	0.000251	0.999729	-0.023276	-0.928739	0.008863	0.370628
35632	7.604349	1.135066	0.815552	-1.391236	0.618201	-0.176575	0.376385	0.019759	0.926253	0.013496	0.999550	-0.026806	-0.926365	0.022590	0.375949
35633	7.560896	0.544741	1.001245	-1.322987	0.521443	-0.165965	0.381148	0.017988	0.924339	0.026305	0.999195	-0.030291	-0.924140	0.035860	0.380368
35634	7.593580	-0.211442	1.209811	-1.182137	0.428966	-0.152998	0.385000	0.016302	0.922773	0.037748	0.998729	-0.033393	-0.922144	0.047690	0.383895
35635	7.593390	-1.362387	1.550880	-1.008846	0.320840	-0.126105	0.387874	0.014914	0.921592	0.047470	0.998219	-0.036133	-0.920489	0.057763	0.386475
35636	7.820306	-2.572221	1.948382	-0.832139	0.186215	-0.093779	0.389521	0.014047	0.920910	0.055113	0.997736	-0.038530	-0.919367	0.065763	0.387865
35637	7.490663	-3.395114	2.460043	-0.622504	0.104614	-0.125557	0.390382	0.012763	0.920564	0.061263	0.997328	-0.039807	-0.918612	0.071937	0.388557
35638	6.842950	-3.993722	3.270552	-0.467730	0.055753	-0.219119	0.390738	0.010697	0.920440	0.066135	0.997022	-0.039662	-0.918123	0.076371	0.388866
35639	6.350835	-3.666111	3.504426	-0.248417	-0.026696	-0.227132	0.390312	0.008495	0.920643	0.069242	0.996855	-0.038554	-0.918075	0.078795	0.388496
35640	6.504418	-2.429677	3.007670	0.205966	-0.177111	-0.184337	0.388537	0.006928	0.921407	0.067878	0.997040	-0.036120	-0.918930	0.076577	0.386916
35641	7.171895	-0.029223	3.969039	0.805950	-0.354015	-0.230770	0.385104	0.004925	0.922860	0.061296	0.997641	-0.030903	-0.920835	0.068469	0.383894
35642	8.239244	0.985743	7.486660	0.913526	-0.454212	-0.462245	0.380652	0.000881	0.924718	0.054116	0.998264	-0.023228	-0.923134	0.058884	0.379944
35643	8.963968	0.810780	11.653950	0.457180	-0.368259	-0.733102	0.376831	-0.006188	0.926261	0.052607	0.998507	-0.014731	-0.924787	0.054279	0.376594
35644	9.523270	-0.433722	12.473535	0.026361	0.048388	-0.760671	0.376814	-0.013694	0.926188	0.054969	0.998459	-0.007601	-0.924656	0.053776	0.376986
35645	6.995724	-2.304423	9.858839	-0.179220	0.399217	-0.679906	0.380087	-0.020659	0.924720	0.059136	0.998248	-0.002005	-0.923058	0.055447	0.380643
35646	4.934148	-3.763764	7.146824	0.000633	0.163413	-0.527524	0.381247	-0.025881	0.924111	0.060881	0.998141	0.002838	-0.922466	0.055179	0.382114
35647	3.627401	-3.621555	4.098674	0.345286	-0.276835	-0.408241	0.378419	-0.029767	0.925156	0.059183	0.998216	0.007910	-0.923740	0.051760	0.379506
35648	4.204861	-2.367890	0.368484	0.673253	-1.100789	-0.308463	0.368057	-0.032164	0.929247	0.053922	0.998458	0.013202	-0.928238	0.045248	0.369224
35649	10.161367	-2.173643	1.784028	0.594082	-1.753517	0.016889	0.351703	-0.031208	0.935591	0.048265	0.998719	0.015170	-0.934867	0.039821	0.352759
35650	16.406641	-1.298335	8.061024	-0.218222	-1.241110	0.391060	0.340237	-0.026668	0.939961	0.048780	0.998752	0.010679	-0.939074	0.042218	0.341113
35651	15.663796	-1.569424	9.941857	-1.442243	-0.380779	0.375293	0.336838	-0.022692	0.941289	0.060996	0.998135	0.002235	-0.939585	0.056663	0.337595
35652	12.271665	-4.771169	5.608372	-1.428693	-0.582770	0.063556	0.331333	-0.021620	0.943266	0.074116	0.997245	-0.003176	-0.940598	0.070963	0.332022
35653	12.369620	-4.785495	5.554365	-0.214240	-0.725414	-0.187256	0.324333	-0.022923	0.945665	0.076686	0.997053	-0.002133	-0.942829	0.073211	0.325135
35654	10.763114	-0.016354	4.822338	0.930191	-0.552326	-0.448576	0.318742	-0.026856	0.947461	0.069032	0.997602	0.005054	-0.945324	0.063794	0.319832
35655	8.651794	2.015687	1.252502	1.335785	-0.763721	-0.622993	0.311086	-0.032594	0.949823	0.058284	0.998185	0.015165	-0.948593	0.050641	0.312421
35656	9.385335	0.318862	-0.869521	1.268081	-0.902245	-0.540347	0.302191	-0.037467	0.952511	0.047738	0.998568	0.024134	-0.952051	0.038178	0.303547
35657	9.258176	-0.081619	-1.403846	1.433595	-0.665318	-0.336941	0.295680	-0.040584	0.954425	0.035017	0.998886	0.031627	-0.954645	0.024070	0.296772
35658	8.931800	0.965104	-0.738583	1.573254	-0.535967	-0.170044	0.290429	-0.042113	0.955969	0.020327	0.999077	0.037837	-0.956681	0.008443	0.291017
35659	9.685352	1.697796	0.027511	1.289332	-0.528355	-0.090616	0.285327	-0.042968	0.957467	0.008181	0.999067	0.042396	-0.958395	-0.004263	0.285412
35660	9.973935	1.914768	0.000795	0.753576	-0.612101	-0.073741	0.279261	-0.043876	0.959212	0.001461	0.998974	0.045269	-0.960214	-0.011241	0.279039
35661	10.193991	1.170790	0.168436	0.258201	-0.737118	-0.107159	0.272144	-0.044998	0.961204	-0.000786	0.998895	0.046985	-0.962256	-0.013542	0.271808
35662	10.221605	1.105308	0.650936	0.118282	-0.763866	-0.207283	0.264752	-0.047034	0.963169	-0.001623	0.998787	0.049220	-0.964315	-0.014594	0.264355
35663	10.008844	1.063993	1.004422	0.137738	-0.742973	-0.301388	0.257555	-0.050117	0.964963	-0.002226	0.998621	0.052459	-0.966261	-0.015659	0.257088
35664	9.598674	1.815569	1.830339	0.271922	-0.701924	-0.380324	0.250688	-0.053936	0.966564	-0.004165	0.998377	0.056792	-0.968059	-0.018263	0.250056
35665	9.349983	2.451815	2.763901	0.231873	-0.664700	-0.380914	0.244235	-0.057827	0.967990	-0.005529	0.998121	0.061022	-0.969700	-0.020256	0.243456
35666	9.150154	2.145302	2.921587	0.055128	-0.649235	-0.315717	0.237839	-0.061059	0.969384	-0.005483	0.997922	0.064201	-0.971289	-0.020585	0.237010
35667	9.003359	1.476467	2.867511	-0.159338	-0.653369	-0.259905	0.231468	-0.063741	0.970752	-0.003384	0.997792	0.066323	-0.972837	-0.018637	0.230741
35668	9.018421	0.723773	2.630413	-0.237216	-0.611175	-0.206536	0.225424	-0.065874	0.972031	-0.000651	0.997701	0.067765	-0.974261	-0.015909	0.224863
35669	8.989687	0.316981	2.160152	-0.120961	-0.592403	-0.171594	0.219617	-0.067636	0.973239	0.000850	0.997607	0.069138	-0.975586	-0.014356	0.219149
35670	9.209150	0.026022	1.336633	0.105789	-0.615806	-0.172652	0.213624	-0.069267	0.974457	-0.000173	0.997480	0.070941	-0.976916	-0.015323	0.213074
35671	9.561443	0.317860	0.604351	0.347062	-0.643916	-0.177777	0.207301	-0.071109	0.975690	-0.003251	0.997299	0.073375	-0.978272	-0.018383	0.206509
35672	9.926505	0.649328	0.200097	0.451168	-0.657252	-0.178638	0.200760	-0.072981	0.976918	-0.007482	0.997078	0.076024	-0.979612	-0.022572	0.199627
35673	10.060748	0.797093	0.024641	0.476174	-0.640310	-0.172673	0.194468	-0.074821	0.978051	-0.011867	0.996834	0.078618	-0.980837	-0.026895	0.192965
35674	10.118759	1.176397	0.331362	0.483044	-0.631413	-0.174805	0.188267	-0.076668	0.979121	-0.016244	0.996569	0.081158	-0.981984	-0.031184	0.186376
35675	9.946922	1.498162	0.546071	0.437266	-0.663887	-0.195419	0.181747	-0.078796	0.980183	-0.020238	0.996274	0.083842	-0.983137	-0.035075	0.179475
35676	9.760334	1.480672	0.404093	0.387802	-0.704705	-0.202332	0.174732	-0.081058	0.981274	-0.023723	0.995970	0.086497	-0.984330	-0.038392	0.172104
35677	9.839520	1.613017	0.449676	0.378000	-0.740306	-0.218170	0.167463	-0.083488	0.982337	-0.027131	0.995640	0.089244	-0.985505	-0.041597	0.164468
35678	9.936486	1.972960	0.695532	0.347005	-0.757812	-0.202122	0.159846	-0.085904	0.983397	-0.029962	0.995325	0.091816	-0.986687	-0.044141	0.156525
35679	9.944459	2.362318	0.863074	0.274611	-0.765540	-0.180671	0.152312	-0.088009	0.984406	-0.032449	0.995045	0.093981	-0.987800	-0.046257	0.148701
35680	10.026597	2.209282	0.809079	0.124111	-0.748149	-0.151259	0.144828	-0.089868	0.985367	-0.033417	0.994854	0.095645	-0.988892	-0.046781	0.141079
35681	9.753051	1.583898	0.910045	-0.005327	-0.684855	-0.132850	0.138063	-0.091469	0.986191	-0.033234	0.994738	0.096915	-0.989866	-0.046155	0.134296
35682	9.510655	1.162236	1.157831	-0.070313	-0.664453	-0.109690	0.131361	-0.092886	0.986973	-0.032300	0.994671	0.097910	-0.990808	-0.044741	0.127661
35683	9.420506	1.149381	1.439015	-0.051572	-0.654485	-0.083176	0.124867	-0.093965	0.987714	-0.031739	0.994618	0.098634	-0.991666	-0.043665	0.121213
35684	9.404324	1.436548	1.523947	-0.047703	-0.656098	-0.069392	0.118252	-0.094929	0.988436	-0.031224	0.994572	0.099254	-0.992493	-0.042600	0.114646
35685	9.356568	1.459673	1.579607	-0.062987	-0.675025	-0.083911	0.111542	-0.096008	0.989111	-0.030558	0.994520	0.099979	-0.993290	-0.041377	0.107997
35686	9.332848	1.459318	1.208114	-0.061023	-0.702690	-0.086042	0.104485	-0.097124	0.989773	-0.029857	0.994465	0.100737	-0.994078	-0.040077	0.101007
35687	9.340520	1.287111	0.798215	-0.062982	-0.757859	-0.085608	0.096940	-0.098236	0.990430	-0.029200	0.994408	0.101488	-0.994862	-0.038759	0.093529
35688	9.581782	0.978100	0.782855	-0.099207	-0.785439	-0.067806	0.089044	-0.099178	0.991078	-0.028212	0.994380	0.102043	-0.995628	-0.037046	0.085746
35689	9.648654	0.988478	1.126337	-0.133643	-0.770051	-0.051808	0.081355	-0.099932	0.991663	-0.026892	0.994379	0.102412	-0.996322	-0.034999	0.078211
35690	9.674040	0.972883	1.457864	-0.148817	-0.760840	-0.059125	0.073668	-0.100764	0.992179	-0.025324	0.994373	0.102867	-0.996961	-0.032704	0.070702
35691	9.624070	1.058838	1.900949	-0.170213	-0.754419	-0.074940	0.066129	-0.101708	0.992614	-0.023629	0.994353	0.103460	-0.997531	-0.030296	0.063353
35692	9.425120	0.913458	2.032965	-0.182099	-0.751425	-0.082115	0.058639	-0.102652	0.992987	-0.021913	0.994327	0.104085	-0.998039	-0.027862	0.056057
35693	9.157502	0.733910	2.067653	-0.135100	-0.770736	-0.087389	0.050930	-0.103689	0.993305	-0.020570	0.994276	0.104845	-0.998490	-0.025772	0.048505
35694	9.321498	0.769602	2.367452	-0.095863	-0.791405	-0.082103	0.043027	-0.104619	0.993581	-0.019780	0.994218	0.105543	-0.998878	-0.024195	0.040708
35695	9.593644	0.674729	2.506081	-0.056660	-0.756529	-0.078685	0.035450	-0.105541	0.993783	-0.019237	0.994152	0.106266	-0.999186	-0.022885	0.033213
35696	9.512778	0.474975	2.857724	-0.001612	-0.720044	-0.073710	0.028249	-0.106355	0.993927	-0.019347	0.994079	0.106921	-0.999414	-0.022250	0.026024
35697	9.505276	0.180880	2.881082	0.011131	-0.674565	-0.053090	0.021484	-0.106991	0.994028	-0.019498	0.994023	0.107412	-0.999579	-0.021689	0.019269
35698	9.252988	0.088365	2.619212	0.137933	-0.630312	-0.015300	0.015144	-0.107207	0.994121	-0.020921	0.993984	0.107511	-0.999666	-0.022427	0.012810
35699	8.993469	0.391604	2.297770	0.303717	-0.633658	0.015185	0.008773	-0.107167	0.994202	-0.024012	0.993931	0.107349	-0.999673	-0.024815	0.006146
35700	9.003353	0.700459	1.565880	0.445964	-0.702944	0.048206	0.001703	-0.106788	0.994280	-0.028527	0.993872	0.106793	-0.999592	-0.028545	-0.001354
35701	9.297465	0.999473	0.794813	0.576662	-0.779294	0.070048	-0.006142	-0.106295	0.994316	-0.034341	0.993770	0.106024	-0.999391	-0.033495	-0.009754
35702	9.574188	1.348259	0.317229	0.654293	-0.822160	0.090902	-0.014398	-0.105601	0.994304	-0.041023	0.993633	0.104935	-0.999054	-0.039278	-0.018639
35703	9.792035	1.570862	0.323583	0.625727	-0.840916	0.106341	-0.022879	-0.104858	0.994224	-0.047304	0.993484	0.103692	-0.998618	-0.044659	-0.027690
35704	9.829450	1.776544	1.052595	0.520948	-0.822297	0.117286	-0.031183	-0.104000	0.994088	-0.052556	0.993367	0.102275	-0.998131	-0.049056	-0.036442
35705	9.774723	2.123638	2.057958	0.329977	-0.765568	0.107584	-0.038916	-0.103278	0.993891	-0.055862	0.993314	0.101030	-0.997680	-0.051589	-0.044425
35706	10.020116	1.669424	2.773032	0.030856	-0.702187	0.096689	-0.046021	-0.102611	0.993656	-0.056210	0.993400	0.099981	-0.997358	-0.051252	-0.051485
35707	9.869668	0.958119	3.509091	-0.157056	-0.600975	0.087599	-0.052097	-0.102004	0.993419	-0.054651	0.993570	0.099153	-0.997146	-0.049125	-0.057337
35708	9.619716	0.814325	4.474863	-0.179743	-0.528872	0.099738	-0.057438	-0.101199	0.993207	-0.052960	0.993757	0.098193	-0.996943	-0.046960	-0.062439
35709	9.715594	0.823318	5.672918	-0.180228	-0.472570	0.133548	-0.062253	-0.100050	0.993033	-0.051133	0.993976	0.096939	-0.996750	-0.044742	-0.066994
35710	10.032518	0.591313	7.114836	-0.205496	-0.376419	0.177015	-0.066133	-0.098371	0.992950	-0.049038	0.994246	0.095234	-0.996605	-0.042394	-0.070576
35711	10.847098	0.229973	8.931040	-0.325751	-0.250352	0.235884	-0.068774	-0.096088	0.992994	-0.045682	0.994610	0.093081	-0.996586	-0.038961	-0.072793
35712	11.934791	-0.265854	11.034716	-0.664410	0.031961	0.297636	-0.068571	-0.093035	0.993299	-0.039038	0.995130	0.090511	-0.996882	-0.032570	-0.071869
35713	12.238148	-0.706639	12.049921	-1.084897	0.493274	0.346721	-0.063802	-0.089409	0.993949	-0.028040	0.995746	0.087770	-0.997569	-0.022270	-0.066038
35714	11.722238	-1.071070	11.948322	-1.294191	0.863200	0.409147	-0.055254	-0.085085	0.994840	-0.015068	0.996320	0.084375	-0.998359	-0.010328	-0.056333
35715	11.775279	-1.290893	11.111971	-1.303653	1.032018	0.461059	-0.045019	-0.080405	0.995745	-0.001868	0.996761	0.080403	-0.998984	0.001760	-0.045023
35716	12.419435	-1.818704	9.378232	-1.137857	1.096789	0.533745	-0.033976	-0.075046	0.996601	0.009427	0.997108	0.075406	-0.999378	0.011957	-0.033171
35717	13.705963	-2.195930	7.751411	-0.843813	1.187137	0.641799	-0.022055	-0.068791	0.997387	0.017989	0.997441	0.069193	-0.999595	0.019468	-0.020761
35718	13.595984	-2.502866	5.093457	-0.287019	1.257426	0.743604	-0.009249	-0.061478	0.998066	0.020632	0.997884	0.061658	-0.999744	0.021162	-0.007961
35719	12.825677	-2.703213	2.686097	0.372337	1.228784	0.793258	0.003154	-0.053751	0.998549	0.016880	0.998415	0.053690	-0.999853	0.016687	0.004056
35720	12.512380	-1.887235	0.616509	0.795428	1.139075	0.755183	0.014718	-0.046188	0.998824	0.008519	0.998902	0.046066	-0.999855	0.007831	0.015095
35721	13.174278	-0.211967	-1.205542	1.457874	1.035795	0.504499	0.025047	-0.041110	0.998841	-0.006211	0.999128	0.041278	-0.999667	-0.007238	0.024770
35722	14.145911	2.523498	-2.678027	2.293556	0.947203	0.066136	0.034594	-0.040092	0.998597	-0.029543	0.998717	0.041120	-0.998965	-0.030924	0.033365
35723	13.940185	3.799681	-4.637041	2.779533	0.954685	-0.272018	0.044208	-0.042337	0.998125	-0.057237	0.997353	0.044839	-0.997381	-0.059112	0.041668
35724	13.314922	4.216753	-4.061070	2.760484	1.001664	-0.425414	0.054561	-0.045664	0.997466	-0.084862	0.995127	0.050199	-0.994898	-0.087386	0.050420
35725	12.223809	3.402483	-4.047770	2.113968	1.191527	-0.457576	0.066800	-0.049004	0.996562	-0.105644	0.992831	0.055902	-0.992158	-0.109015	0.061144
35726	11.695830	2.331479	-4.771643	1.790151	1.174311	-0.443980	0.079005	-0.051876	0.995523	-0.123358	0.990461	0.061402	-0.989212	-0.127656	0.071852
35727	12.619522	2.187929	-4.513964	1.400654	1.215591	-0.403738	0.091501	-0.054194	0.994329	-0.136906	0.988352	0.066467	-0.986349	-0.142211	0.083016
35728	13.476636	1.468783	-3.333247	0.532233	1.554075	-0.321777	0.107320	-0.054974	0.992703	-0.142115	0.987369	0.070043	-0.984015	-0.148595	0.098152
35729	11.762941	0.881915	-3.619862	0.008543	1.900348	-0.224064	0.126280	-0.054315	0.990506	-0.141995	0.987228	0.072239	-0.981779	-0.149770	0.116955
35730	10.809611	1.555245	-1.863636	-0.085533	1.858660	-0.134308	0.144763	-0.052710	0.988061	-0.141273	0.987248	0.073365	-0.979329	-0.150207	0.135470
35731	11.366811	2.532063	-1.286907	-0.462171	1.705795	-0.048697	0.161482	-0.050623	0.985576	-0.136736	0.987903	0.073146	-0.977357	-0.146576	0.152607
35732	11.481829	1.859315	-1.985387	-0.848927	1.668510	0.013276	0.177801	-0.047984	0.982896	-0.128716	0.989096	0.071570	-0.975612	-0.139240	0.169685
35733	11.152360	1.318999	-2.289558	-1.015875	1.755747	0.021953	0.194849	-0.045365	0.979784	-0.118916	0.990468	0.069509	-0.973598	-0.130056	0.187597
35734	10.221335	0.966248	-2.448124	-1.155365	1.949839	0.001483	0.213854	-0.042787	0.975928	-0.107947	0.991887	0.067141	-0.970883	-0.119707	0.207500
35735	9.094075	0.727120	-2.432776	-1.207736	2.036986	0.028999	0.233533	-0.040136	0.971520	-0.096368	0.993273	0.064199	-0.967562	-0.108616	0.228094
35736	8.796425	0.274767	-2.332443	-1.330095	2.058560	0.076924	0.253393	-0.037114	0.966651	-0.083967	0.994648	0.060200	-0.963712	-0.096421	0.248920
35737	8.378721	-0.125815	-2.282796	-1.285798	2.060915	0.085612	0.273109	-0.034360	0.961369	-0.071892	0.995838	0.056015	-0.959293	-0.084413	0.269502
35738	7.895913	0.130288	-2.227201	-1.219440	2.020824	0.049709	0.292449	-0.032131	0.955741	-0.060600	0.996804	0.052054	-0.954359	-0.073141	0.289567
35739	7.301327	0.543618	-2.253414	-1.242728	1.905481	-0.026881	0.310569	-0.031077	0.950043	-0.048754	0.997629	0.048571	-0.949300	-0.061403	0.308318
35740	7.073629	0.743485	-2.521729	-1.356588	1.779367	-0.077793	0.327498	-0.030721	0.944352	-0.035945	0.998343	0.044943	-0.944168	-0.048664	0.325851
35741	6.798771	0.762213	-2.870005	-1.529934	1.652555	-0.064582	0.343047	-0.030642	0.938818	-0.021387	0.998954	0.040420	-0.939075	-0.033945	0.342033
35742	6.554486	0.671761	-2.892129	-1.705421	1.507768	-0.026870	0.357185	-0.030399	0.933539	-0.005496	0.999385	0.034646	-0.934017	-0.017506	0.356798
35743	6.369354	0.058725	-3.445596	-1.759368	1.364764	0.055074	0.369871	-0.029684	0.928609	0.010627	0.999559	0.027719	-0.929022	-0.000384	0.370023
35744	5.892865	-0.251123	-3.744920	-1.418756	1.173300	0.071955	0.380794	-0.028893	0.924208	0.023265	0.999495	0.021661	-0.924367	0.013253	0.381274
35745	5.466185	-0.436466	-3.697023	-0.906846	0.953165	0.071035	0.389578	-0.028308	0.920558	0.031289	0.999357	0.017490	-0.920462	0.021990	0.390214
35746	5.390260	-0.727621	-3.164422	-0.462052	0.721419	0.068099	0.396280	-0.027634	0.917714	0.035033	0.999274	0.014962	-0.917461	0.026221	0.396960
35747	5.559875	-1.121485	-2.511909	-0.232541	0.488700	0.069283	0.400756	-0.027032	0.915786	0.036821	0.999232	0.013382	-0.915445	0.028357	0.401444
35748	6.488130	-1.540892	-0.869169	-0.143810	0.203313	0.113695	0.402669	-0.025820	0.914981	0.037479	0.999229	0.011703	-0.914578	0.029580	0.403326
35749	7.214992	-1.450803	0.892391	-0.225132	0.158149	0.213090	0.404169	-0.023696	0.914377	0.038610	0.999215	0.008828	-0.913869	0.031736	0.404767
35750	6.588175	-0.889284	0.180004	-0.300172	0.301402	0.150628	0.406986	-0.022150	0.913166	0.040525	0.999159	0.006175	-0.912535	0.034492	0.407541
35751	5.663423	1.820424	0.721893	0.051598	0.222544	-0.062157	0.408963	-0.022804	0.912266	0.040240	0.999166	0.006937	-0.911663	0.033873	0.409540
35752	6.531141	3.370084	4.452059	-0.111493	0.019920	-0.356558	0.408999	-0.026239	0.912157	0.042520	0.999049	0.009673	-0.911543	0.034829	0.409726
35753	8.281703	4.089676	12.496900	-1.225443	-0.013043	-0.620222	0.408548	-0.032384	0.912162	0.056155	0.998369	0.010293	-0.911008	0.047017	0.409700
35754	9.759308	1.531780	16.169479	-2.638110	0.213497	-0.638404	0.410040	-0.038776	0.911243	0.082615	0.996568	0.005232	-0.908318	0.073138	0.411837
35755	9.490756	-3.537550	13.846664	-2.841345	0.465407	-0.344470	0.413902	-0.042565	0.909326	0.109711	0.993958	-0.003411	-0.903686	0.101175	0.416071
35756	8.468121	-7.217439	14.005427	-2.532108	0.586433	-0.080651	0.419124	-0.043884	0.906868	0.132640	0.991075	-0.013343	-0.898188	0.125879	0.421204
35757	6.968050	-9.153682	12.879742	-1.765479	0.688616	0.009713	0.425282	-0.044667	0.903958	0.148341	0.988715	-0.020934	-0.892821	0.142997	0.427109
35758	6.769466	-9.372846	10.396835	-0.738485	0.548276	0.143175	0.430434	-0.043860	0.901556	0.154054	0.987733	-0.025498	-0.889378	0.149864	0.431911
35759	4.870533	-7.746462	7.422230	0.294318	0.641738	0.268359	0.436521	-0.042113	0.898708	0.150209	0.988295	-0.026648	-0.887066	0.146627	0.437737
35760	1.610993	-5.722240	3.536385	1.316009	0.197858	0.123042	0.438485	-0.040979	0.897804	0.137803	0.990213	-0.022106	-0.888111	0.133413	0.439841
35761	1.130378	-3.029262	-3.187007	1.859440	-0.894880	-0.133302	0.430314	-0.041141	0.901741	0.121741	0.992479	-0.012814	-0.894432	0.115293	0.432086
35762	7.209517	-2.166894	-6.212375	2.442213	-1.967496	-0.083140	0.412577	-0.039657	0.910059	0.099760	0.995010	-0.001868	-0.905443	0.091559	0.414475
35763	16.059429	-0.407341	-0.485349	2.541854	-1.835528	0.287791	0.396095	-0.035290	0.917531	0.075389	0.997137	0.005807	-0.915109	0.066872	0.397622
35764	20.203499	3.461621	9.481401	1.270702	-0.501097	0.595934	0.391950	-0.028803	0.919535	0.061140	0.998116	0.005204	-0.917953	0.054181	0.392973
35765	18.956615	4.508799	12.574974	-0.390202	0.171953	0.420384	0.393763	-0.024659	0.918881	0.063001	0.998013	-0.000215	-0.917051	0.057975	0.394534
35766	16.897186	0.583170	7.357687	-0.881594	-0.274535	-0.148744	0.391188	-0.025721	0.919951	0.071315	0.997451	-0.002437	-0.917543	0.066560	0.392025
35767	14.318539	-2.917511	3.628285	-0.154100	-0.557537	-0.650840	0.385564	-0.031791	0.922133	0.075190	0.997165	0.002939	-0.919612	0.068202	0.386862
35768	10.209218	-3.239880	1.626525	0.327892	-0.641151	-0.936759	0.379002	-0.040472	0.924510	0.075468	0.997067	0.012710	-0.922313	0.064954	0.380945
35769	8.340414	-2.371678	-2.416319	0.795478	-0.972935	-0.922541	0.369304	-0.049030	0.928014	0.071498	0.997146	0.024230	-0.926554	0.057403	0.371756
35770	8.629112	-0.943310	-5.546059	1.612582	-1.072755	-0.716522	0.358884	-0.055425	0.931735	0.058836	0.997594	0.036680	-0.931526	0.041656	0.361281
35771	8.599132	1.206759	-5.166395	2.186713	-0.874747	-0.443520	0.350471	-0.059535	0.934680	0.039925	0.998020	0.048599	-0.935722	0.020284	0.352154
35772	8.512370	3.476861	-2.866220	1.946081	-0.703504	-0.276915	0.343795	-0.062016	0.936995	0.022382	0.998075	0.057846	-0.938778	0.001085	0.344522
35773	8.585802	5.411657	-0.532515	1.225485	-0.745028	-0.296755	0.336712	-0.064970	0.939364	0.011803	0.997830	0.064783	-0.941534	-0.010726	0.336748
35774	9.713046	5.576502	0.102682	0.388707	-0.982974	-0.354209	0.327359	-0.068497	0.942414	0.009217	0.997553	0.069303	-0.944855	-0.014001	0.327190
35775	10.875303	3.590901	0.202128	-0.265451	-1.093842	-0.363156	0.316936	-0.072211	0.945694	0.012832	0.997333	0.071853	-0.948360	-0.010638	0.317017
35776	10.747506	1.372555	0.665155	-0.445544	-1.017710	-0.388311	0.307183	-0.076046	0.948607	0.018185	0.997089	0.074044	-0.951477	-0.005495	0.307671
35777	10.268750	0.435700	1.305206	-0.198361	-0.979326	-0.468755	0.297729	-0.080716	0.951232	0.021426	0.996733	0.077871	-0.954410	-0.002804	0.298485
35778	10.031339	0.023673	1.478086	0.144119	-0.937281	-0.536555	0.288675	-0.085920	0.953564	0.021353	0.996295	0.083306	-0.957189	-0.003687	0.289440
35779	9.590543	0.159632	1.690311	0.472235	-0.924846	-0.510772	0.279680	-0.091016	0.955769	0.018211	0.995820	0.089501	-0.959921	-0.007626	0.280169
35780	9.129353	0.070162	1.742857	0.585149	-0.883553	-0.414304	0.271083	-0.095122	0.957844	0.013660	0.995385	0.094984	-0.962459	-0.012665	0.271131
35781	8.761106	0.224174	1.892502	0.640861	-0.836963	-0.302304	0.262955	-0.098217	0.959796	0.008225	0.994997	0.099566	-0.964773	-0.018287	0.262448
35782	8.656416	0.801513	1.976273	0.734185	-0.824948	-0.223571	0.254966	-0.100477	0.961716	0.001527	0.994627	0.103511	-0.966949	-0.024923	0.253749
35783	8.854271	1.347881	1.798034	0.834958	-0.844063	-0.203897	0.246770	-0.102704	0.963616	-0.006110	0.994183	0.107526	-0.969055	-0.032422	0.244707
35784	9.259404	2.533134	1.945795	0.849739	-0.875843	-0.209820	0.238271	-0.104970	0.965509	-0.014050	0.993665	0.111499	-0.971097	-0.040133	0.235286
35785	9.621978	2.595579	1.541611	0.689962	-0.893123	-0.221562	0.229596	-0.107514	0.967330	-0.020305	0.993135	0.115202	-0.973074	-0.046091	0.225837
35786	9.837550	2.320473	1.239649	0.516631	-0.918384	-0.230726	0.220649	-0.110147	0.969114	-0.024919	0.992642	0.118495	-0.975035	-0.050296	0.216281
35787	9.819318	2.082260	1.268823	0.397804	-0.921233	-0.265668	0.211697	-0.113219	0.970755	-0.028292	0.992141	0.121883	-0.976926	-0.053267	0.206831
35788	9.662878	1.814953	1.102970	0.337770	-0.931538	-0.275773	0.202588	-0.116377	0.972324	-0.031131	0.991646	0.125176	-0.978769	-0.055629	0.197273
35789	9.486822	1.942213	1.347024	0.319975	-0.963487	-0.258345	0.193201	-0.119442	0.973862	-0.033819	0.991162	0.128273	-0.980576	-0.057718	0.187454
35790	9.474722	2.015457	1.742289	0.295972	-0.995725	-0.241232	0.183455	-0.122330	0.975387	-0.036315	0.990706	0.131082	-0.982357	-0.059469	0.177308
35791	9.585933	1.938848	1.925279	0.274822	-1.016734	-0.230517	0.173513	-0.125184	0.976843	-0.038670	0.990257	0.133772	-0.984072	-0.060985	0.166981
35792	9.528596	1.562807	1.937599	0.282671	-1.012319	-0.232587	0.163609	-0.128006	0.978185	-0.041265	0.989790	0.136426	-0.985662	-0.062685	0.156656
35793	9.471462	1.295665	2.119260	0.333892	-1.020272	-0.237554	0.153614	-0.130964	0.979414	-0.044245	0.989272	0.139222	-0.987140	-0.064720	0.146171
35794	9.677281	1.266082	2.188432	0.403336	-0.986245	-0.209923	0.143909	-0.133609	0.980530	-0.047948	0.988739	0.141764	-0.988429	-0.067416	0.135882
35795	9.236694	1.025622	2.326149	0.445022	-0.903199	-0.190590	0.135039	-0.136074	0.981452	-0.052146	0.988176	0.144181	-0.989467	-0.070649	0.126347
35796	9.204072	0.970413	2.388981	0.489076	-0.857761	-0.164811	0.126541	-0.138252	0.982280	-0.056814	0.987604	0.146321	-0.990333	-0.074323	0.117118
35797	9.042285	1.164749	2.527240	0.527205	-0.787451	-0.146132	0.118794	-0.140255	0.982963	-0.061919	0.987000	0.148315	-0.990986	-0.078483	0.108565
35798	8.742186	1.418642	2.399813	0.539136	-0.772381	-0.133275	0.111108	-0.142124	0.983593	-0.067072	0.986392	0.150105	-0.991542	-0.082650	0.100063
35799	8.743618	1.710984	1.991845	0.592976	-0.802964	-0.108647	0.103186	-0.143837	0.984207	-0.072898	0.985734	0.151703	-0.991987	-0.087400	0.091229
35800	8.968694	1.840233	1.172611	0.656323	-0.836238	-0.083198	0.094864	-0.145328	0.984825	-0.079326	0.985037	0.153001	-0.992325	-0.092636	0.081917
35801	9.003350	2.004296	0.369382	0.744493	-0.893537	-0.055515	0.086008	-0.146689	0.985436	-0.086724	0.984245	0.154081	-0.992513	-0.098714	0.071932
