// General information: 
//  MT Manager version: 2022.2.0 
//  XDA version: 2022.2.0 build 7381 rev 124627 built on 2023-07-19
// Device information: 
//  DeviceId: 00B4CB9F
//  ProductCode: MTW2-3A7G6
//  Firmware Version: 4.6.0
//  Hardware Version: 2.0.0
// Device settings: 
//  Filter Profile: human(46.1)
//  Option Flags: Orientation Smoother Disabled, Position/Velocity Smoother Disabled, Continuous Zero Rotation Update Disabled, AHS Disabled, ICC Disabled
// Coordinate system: ENU
PacketCounter	Acc_X	Acc_Y	Acc_Z	Gyr_X	Gyr_Y	Gyr_Z	Mat[1][1]	Mat[2][1]	Mat[3][1]	Mat[1][2]	Mat[2][2]	Mat[3][2]	Mat[1][3]	Mat[2][3]	Mat[3][3]
04296	9.798121	-0.030751	-1.266667	0.035484	0.004388	-0.009312	0.121051	0.057035	0.991006	0.530486	-0.847543	-0.016020	0.839006	0.527654	-0.132852
04297	9.745240	0.003711	-1.311390	0.014794	-0.000289	-0.010789	0.121054	0.057111	0.991002	0.530646	-0.847443	-0.015982	0.838904	0.527806	-0.132892
04298	9.765185	0.000402	-1.324544	-0.005668	0.006328	-0.011872	0.120991	0.057169	0.991006	0.530709	-0.847405	-0.015908	0.838874	0.527860	-0.132869
04299	9.758501	-0.035062	-1.277558	-0.022502	0.007160	-0.019945	0.120883	0.057284	0.991013	0.530567	-0.847497	-0.015730	0.838979	0.527700	-0.132841
04300	9.681194	-0.080129	-1.287457	-0.042457	0.009696	-0.017040	0.120758	0.057380	0.991022	0.530434	-0.847583	-0.015560	0.839081	0.527551	-0.132789
04301	9.705487	-0.128903	-1.234214	-0.047914	0.010402	-0.025123	0.120596	0.057521	0.991034	0.530086	-0.847806	-0.015296	0.839325	0.527178	-0.132733
04302	9.698996	-0.196241	-1.264882	-0.050956	0.011392	-0.019183	0.120460	0.057604	0.991046	0.529671	-0.848069	-0.015087	0.839606	0.526746	-0.132669
04303	9.723407	-0.261678	-1.250501	-0.042240	0.013105	-0.018092	0.120312	0.057672	0.991060	0.529362	-0.848265	-0.014901	0.839822	0.526422	-0.132586
04304	9.714691	-0.265004	-1.216507	-0.032635	0.011584	-0.017855	0.120179	0.057749	0.991071	0.529173	-0.848386	-0.014733	0.839960	0.526219	-0.132518
04305	9.776887	-0.324170	-1.281316	-0.004113	0.013358	-0.015888	0.120041	0.057797	0.991085	0.529181	-0.848383	-0.014620	0.839975	0.526219	-0.132426
04306	9.719500	-0.341719	-1.226291	0.024115	0.013590	-0.014122	0.119906	0.057834	0.991099	0.529472	-0.848203	-0.014562	0.839811	0.526505	-0.132326
04307	9.746394	-0.307839	-1.284598	0.037707	0.012676	-0.011651	0.119796	0.057849	0.991112	0.529826	-0.847982	-0.014545	0.839603	0.526859	-0.132235
04308	9.773170	-0.257943	-1.304047	0.047679	0.010829	-0.009949	0.119707	0.057861	0.991122	0.530264	-0.847707	-0.014556	0.839339	0.527299	-0.132158
04309	9.755818	-0.152438	-1.362650	0.034230	0.007992	-0.009899	0.119645	0.057886	0.991128	0.530587	-0.847506	-0.014552	0.839144	0.527621	-0.132114
04310	9.780288	-0.054220	-1.356735	0.018562	0.013826	-0.010868	0.119527	0.057892	0.991142	0.530815	-0.847363	-0.014520	0.839017	0.527848	-0.132013
04311	9.731931	-0.083010	-1.373411	0.013319	0.016782	-0.013712	0.119372	0.057903	0.991160	0.530967	-0.847270	-0.014451	0.838943	0.527998	-0.131885
04312	9.714152	-0.076358	-1.267052	0.019234	0.016207	-0.015502	0.119209	0.057929	0.991178	0.531131	-0.847168	-0.014367	0.838862	0.528158	-0.131758
04313	9.718701	-0.138626	-1.238801	0.019012	0.012788	-0.014442	0.119083	0.057967	0.991191	0.531332	-0.847043	-0.014298	0.838753	0.528354	-0.131668
04314	9.754304	-0.231458	-1.243653	0.020196	0.011097	-0.015091	0.118960	0.058029	0.991202	0.531632	-0.846856	-0.014226	0.838580	0.528646	-0.131592
04315	9.772114	-0.186249	-1.230213	0.015613	0.015271	-0.016272	0.118803	0.058070	0.991218	0.531805	-0.846749	-0.014134	0.838492	0.528814	-0.131478
04316	9.774357	-0.200208	-1.176320	0.013021	0.015231	-0.013914	0.118657	0.058091	0.991234	0.531963	-0.846651	-0.014061	0.838413	0.528968	-0.131364
04317	9.792338	-0.171382	-1.201558	0.018497	0.016854	-0.018426	0.118476	0.058142	0.991253	0.532163	-0.846527	-0.013952	0.838311	0.529161	-0.131234
04318	9.759502	-0.123879	-1.218955	0.025438	0.026205	-0.021929	0.118190	0.058185	0.991285	0.532551	-0.846285	-0.013821	0.838105	0.529543	-0.131009
04319	9.746461	-0.064234	-1.210513	0.041691	0.023468	-0.020537	0.117942	0.058218	0.991312	0.532948	-0.846036	-0.013721	0.837888	0.529937	-0.130811
04320	9.733796	-0.037596	-1.280028	0.048644	0.024943	-0.025491	0.117657	0.058282	0.991343	0.533376	-0.845769	-0.013580	0.837655	0.530356	-0.130596
04321	9.674212	-0.022773	-1.237559	0.054264	0.022818	-0.027473	0.117377	0.058377	0.991370	0.533887	-0.845449	-0.013427	0.837369	0.530855	-0.130403
04322	9.692230	0.006461	-1.262449	0.049678	0.017957	-0.023807	0.117154	0.058472	0.991391	0.534418	-0.845116	-0.013308	0.837062	0.531376	-0.130257
04323	9.714885	-0.044629	-1.299460	0.044491	0.017879	-0.019095	0.116961	0.058522	0.991411	0.534836	-0.844852	-0.013226	0.836822	0.531789	-0.130114
04324	9.717560	-0.091853	-1.323316	0.040273	0.012698	-0.013965	0.116835	0.058560	0.991423	0.535251	-0.844590	-0.013190	0.836574	0.532201	-0.130022
04325	9.742159	-0.158763	-1.308308	0.053125	0.012446	-0.014395	0.116712	0.058599	0.991436	0.535735	-0.844283	-0.013165	0.836281	0.532684	-0.129931
04326	9.782287	-0.167153	-1.333791	0.052357	0.010794	-0.004717	0.116639	0.058582	0.991445	0.536372	-0.843878	-0.013239	0.835883	0.533327	-0.129851
04327	9.752327	-0.203225	-1.455284	0.053686	0.014382	-0.007690	0.116535	0.058554	0.991459	0.536853	-0.843571	-0.013281	0.835589	0.533815	-0.129741
04328	9.774501	-0.222534	-1.414528	0.061659	0.016749	-0.009512	0.116399	0.058532	0.991476	0.537434	-0.843200	-0.013316	0.835234	0.534403	-0.129605
04329	9.763788	-0.212727	-1.432394	0.063956	0.015229	-0.012060	0.116265	0.058537	0.991492	0.538006	-0.842835	-0.013328	0.834884	0.534978	-0.129486
04330	9.701840	-0.167652	-1.404421	0.052215	0.015651	-0.013542	0.116112	0.058560	0.991508	0.538580	-0.842469	-0.013314	0.834535	0.535552	-0.129360
04331	9.681451	-0.128962	-1.312112	0.040427	0.010066	-0.017725	0.115991	0.058640	0.991518	0.538962	-0.842226	-0.013239	0.834306	0.535926	-0.129295
04332	9.679080	-0.079403	-1.285801	0.031478	0.012798	-0.016330	0.115839	0.058711	0.991531	0.539454	-0.841912	-0.013172	0.834009	0.536412	-0.129198
04333	9.667675	-0.034938	-1.226423	0.011983	0.014265	-0.017066	0.115687	0.058762	0.991546	0.539598	-0.841822	-0.013067	0.833937	0.536548	-0.129096
04334	9.724668	0.035654	-1.161950	-0.008775	0.019288	-0.018431	0.115481	0.058798	0.991568	0.539565	-0.841845	-0.012920	0.833986	0.536508	-0.128943
04335	9.735871	0.027850	-1.140216	-0.015300	0.024647	-0.015624	0.115250	0.058782	0.991596	0.539479	-0.841902	-0.012794	0.834074	0.536420	-0.128740
04336	9.755487	0.058766	-1.073172	-0.022555	0.030643	-0.015746	0.114964	0.058740	0.991631	0.539401	-0.841954	-0.012661	0.834164	0.536343	-0.128479
04337	9.796224	0.035035	-1.135376	-0.022801	0.035103	-0.013245	0.114658	0.058648	0.991672	0.539250	-0.842052	-0.012550	0.834304	0.536198	-0.128174
04338	9.781849	-0.055906	-1.168991	-0.012910	0.035144	-0.012771	0.114350	0.058550	0.991714	0.539174	-0.842102	-0.012452	0.834395	0.536130	-0.127863
04339	9.736934	-0.149988	-1.247989	0.000453	0.030848	-0.009181	0.114101	0.058446	0.991748	0.539212	-0.842078	-0.012411	0.834405	0.536179	-0.127597
04340	9.702555	-0.237025	-1.269001	0.019104	0.025888	-0.015324	0.113860	0.058426	0.991777	0.539467	-0.841917	-0.012335	0.834273	0.536435	-0.127379
04341	9.725160	-0.272324	-1.266188	0.040781	0.022512	-0.005775	0.113699	0.058338	0.991801	0.539837	-0.841678	-0.012379	0.834055	0.536819	-0.127191
04342	9.756843	-0.303076	-1.296369	0.055472	0.021803	-0.005154	0.113548	0.058249	0.991824	0.540342	-0.841354	-0.012449	0.833749	0.537337	-0.127008
04343	9.812837	-0.253347	-1.360747	0.071067	0.031736	-0.001241	0.113335	0.058073	0.991858	0.540959	-0.840955	-0.012575	0.833378	0.537980	-0.126725
04344	9.798322	-0.050283	-1.490770	0.101705	0.063520	0.004008	0.112886	0.057680	0.991932	0.541809	-0.840404	-0.012792	0.832886	0.538882	-0.126121
04345	9.742912	0.063157	-1.427278	0.118968	0.071815	-0.002578	0.112333	0.057298	0.992017	0.542827	-0.839745	-0.012965	0.832298	0.539950	-0.125434
04346	9.849148	0.145009	-1.378075	0.139720	0.071997	-0.021326	0.111680	0.057066	0.992104	0.543970	-0.839004	-0.012974	0.831639	0.541124	-0.124743
04347	9.862919	-0.025803	-1.248674	0.021555	0.085427	-0.033027	0.110849	0.056866	0.992209	0.544210	-0.838852	-0.012722	0.831593	0.541381	-0.123933
04348	9.816862	-0.402485	-1.367383	-0.144982	0.083480	-0.017795	0.110113	0.056553	0.992309	0.543098	-0.839577	-0.012417	0.832418	0.540288	-0.123162
04349	9.570747	-0.417644	-1.235122	-0.188676	0.035389	-0.002832	0.109861	0.056370	0.992347	0.541554	-0.840578	-0.012206	0.833457	0.538750	-0.122874
04350	9.536691	-0.317927	-1.048730	-0.111460	-0.045563	0.003367	0.110311	0.056579	0.992285	0.540731	-0.841108	-0.012153	0.833931	0.537900	-0.123378
04351	9.753554	-0.264231	-0.966180	0.003732	-0.060547	-0.000580	0.110871	0.056894	0.992205	0.540787	-0.841071	-0.012201	0.833821	0.537924	-0.124018
04352	9.696067	-0.168286	-1.043152	0.084190	-0.018706	-0.002500	0.111058	0.057018	0.992177	0.541706	-0.840478	-0.012335	0.833199	0.538838	-0.124229
04353	9.600079	0.033748	-1.256959	0.165130	-0.014696	-0.011364	0.111177	0.057177	0.992154	0.543117	-0.839564	-0.012476	0.832264	0.540243	-0.124394
04354	9.816902	0.251272	-1.178572	0.171152	0.046602	-0.005309	0.110817	0.056957	0.992207	0.544615	-0.838590	-0.012687	0.831333	0.541777	-0.123950
04355	9.827133	0.254931	-1.203530	0.043400	0.120050	0.009277	0.109928	0.056214	0.992349	0.544989	-0.838344	-0.012882	0.831206	0.542235	-0.122793
04356	9.903870	0.037252	-1.093095	-0.128392	0.167851	0.013598	0.108663	0.055176	0.992546	0.543950	-0.839018	-0.012910	0.832052	0.541298	-0.121184
04357	9.649712	-0.318390	-0.988285	-0.265432	0.156886	0.017210	0.107509	0.054168	0.992727	0.541745	-0.840445	-0.012810	0.833639	0.539182	-0.119701
04358	9.547841	-0.411296	-0.878211	-0.236472	0.056336	-0.016958	0.107014	0.053981	0.992791	0.539692	-0.841771	-0.012404	0.835033	0.537129	-0.119214
04359	10.189804	-0.234074	-0.441968	-0.164233	0.088590	-0.048903	0.106068	0.053902	0.992897	0.538397	-0.842609	-0.011772	0.835990	0.535821	-0.118395
04360	10.060264	-0.228924	-0.533671	-0.143635	0.285483	-0.033299	0.103550	0.052652	0.993230	0.537430	-0.843232	-0.011330	0.836927	0.534965	-0.115614
04361	9.259455	-0.350882	-1.071677	-0.124038	0.248353	-0.024313	0.101398	0.051514	0.993511	0.536441	-0.843866	-0.010995	0.837824	0.534075	-0.113201
04362	9.462436	-0.525303	-1.374738	-0.042155	0.059732	-0.044010	0.100716	0.051554	0.993579	0.536207	-0.844020	-0.010560	0.838056	0.533828	-0.112650
04363	9.964290	-0.397641	-1.731273	0.088188	0.022993	-0.045834	0.100336	0.051801	0.993604	0.537017	-0.843509	-0.010253	0.837583	0.534611	-0.112453
04364	9.702089	-0.348597	-2.015649	0.143368	0.043280	-0.032848	0.099852	0.051833	0.993651	0.538301	-0.842692	-0.010136	0.836817	0.535895	-0.112046
04365	9.591823	-0.334746	-2.006781	0.187700	0.000807	-0.031593	0.099733	0.052079	0.993650	0.539926	-0.841652	-0.010081	0.835783	0.537504	-0.112059
04366	9.757743	-0.277284	-1.766297	0.216199	-0.014219	-0.025848	0.099764	0.052369	0.993632	0.541951	-0.840349	-0.010124	0.834467	0.539510	-0.112218
04367	9.829696	-0.159585	-1.416835	0.206271	-0.005335	-0.013401	0.099794	0.052495	0.993622	0.543709	-0.839211	-0.010270	0.833319	0.541267	-0.112291
04368	9.880594	-0.022244	-1.105576	0.147562	0.025481	-0.001585	0.099634	0.052351	0.993646	0.544919	-0.838423	-0.010467	0.832548	0.542500	-0.112062
04369	9.716543	0.045136	-0.921890	0.087183	0.032048	-0.006657	0.099390	0.052217	0.993678	0.545676	-0.837930	-0.010547	0.832081	0.543274	-0.111775
04370	9.689777	0.148864	-0.766051	0.041509	0.008003	-0.006619	0.099333	0.052227	0.993683	0.546227	-0.837571	-0.010581	0.831727	0.543827	-0.111726
04371	9.602472	0.261240	-0.753698	0.000907	0.041686	-0.007413	0.099004	0.052047	0.993725	0.546266	-0.837545	-0.010557	0.831740	0.543884	-0.111352
04372	9.441904	0.129454	-0.727429	-0.028030	0.031842	-0.019125	0.098696	0.052019	0.993757	0.546084	-0.837666	-0.010386	0.831896	0.543700	-0.111081
04373	9.647605	0.045734	-0.698011	-0.063439	-0.019501	-0.038089	0.098708	0.052429	0.993734	0.545618	-0.837974	-0.009986	0.832200	0.543185	-0.111321
04374	9.912149	0.125231	-0.955077	-0.070234	-0.005566	-0.028894	0.098651	0.052688	0.993726	0.545114	-0.838306	-0.009668	0.832538	0.542648	-0.111421
04375	9.785716	0.078889	-1.090884	-0.033820	0.010688	-0.022923	0.098496	0.052807	0.993735	0.544879	-0.838461	-0.009451	0.832709	0.542397	-0.111358
04376	9.830208	-0.130440	-1.367670	0.040502	-0.039019	-0.032559	0.098700	0.053276	0.993690	0.545280	-0.838203	-0.009221	0.832423	0.542749	-0.111781
04377	9.980672	-0.291652	-1.681214	0.094662	-0.055517	-0.021062	0.099106	0.053739	0.993625	0.546113	-0.837661	-0.009166	0.831828	0.543540	-0.112364
04378	9.827922	-0.408228	-1.839752	0.170386	-0.048406	-0.014468	0.099484	0.054109	0.993567	0.547580	-0.836702	-0.009262	0.830818	0.544979	-0.112867
04379	9.647709	-0.272244	-1.801881	0.224768	-0.045470	-0.012523	0.099851	0.054447	0.993512	0.549483	-0.835451	-0.009440	0.829517	0.546861	-0.113338
04380	9.518650	-0.152529	-1.679170	0.247243	-0.052057	-0.003561	0.100314	0.054750	0.993448	0.551596	-0.834055	-0.009732	0.828057	0.548959	-0.113867
04381	9.550199	0.102590	-1.489969	0.241279	-0.051440	0.016031	0.100887	0.054885	0.993383	0.553601	-0.832720	-0.010215	0.826649	0.550968	-0.114395
04382	9.720853	0.377741	-1.274529	0.177463	-0.007310	0.049187	0.101269	0.054513	0.993364	0.555189	-0.831652	-0.010961	0.825536	0.552615	-0.114486
04383	9.615612	0.458307	-1.147068	0.114462	0.019317	0.070945	0.101563	0.053801	0.993373	0.556086	-0.831040	-0.011845	0.824896	0.553604	-0.114321
04384	9.587374	0.442937	-0.866780	0.073987	-0.026729	0.072428	0.102248	0.053331	0.993328	0.556610	-0.830677	-0.012697	0.824458	0.554195	-0.114620
04385	9.765480	0.468692	-0.741007	0.072065	-0.036483	0.064809	0.102969	0.052980	0.993273	0.557162	-0.830295	-0.013472	0.823995	0.554801	-0.115013
04386	9.758132	0.573862	-0.748095	0.016916	-0.015897	0.059058	0.103486	0.052566	0.993241	0.557284	-0.830202	-0.014126	0.823848	0.554979	-0.115209
04387	9.745354	0.605406	-0.875391	-0.057700	-0.023753	0.056968	0.104058	0.052210	0.993200	0.556774	-0.830535	-0.014674	0.824121	0.554514	-0.115493
04388	9.890224	0.524108	-0.900753	-0.123022	-0.025710	0.050133	0.104605	0.051917	0.993158	0.555662	-0.831271	-0.015071	0.824801	0.553437	-0.115804
04389	9.883699	0.318570	-0.842301	-0.145576	-0.011155	0.060422	0.105091	0.051462	0.993130	0.554422	-0.832090	-0.015551	0.825574	0.552247	-0.115977
04390	9.912344	0.183121	-0.799329	-0.141353	-0.011950	0.070492	0.105645	0.050919	0.993099	0.553103	-0.832957	-0.016130	0.826388	0.550990	-0.116161
04391	9.856793	0.110635	-0.772093	-0.107668	-0.018037	0.066741	0.106221	0.050447	0.993062	0.552166	-0.833566	-0.016717	0.826940	0.550111	-0.116398
04392	9.805679	0.123192	-0.767539	-0.075222	-0.014557	0.064986	0.106761	0.049967	0.993028	0.551438	-0.834036	-0.017319	0.827357	0.549442	-0.116596
04393	9.774785	0.131456	-0.775777	-0.047650	-0.014476	0.059099	0.107265	0.049538	0.992996	0.551004	-0.834311	-0.017898	0.827580	0.549064	-0.116788
04394	9.792967	0.152906	-0.803658	-0.042331	-0.004289	0.061059	0.107693	0.049036	0.992974	0.550576	-0.834580	-0.018499	0.827809	0.548700	-0.116877
04395	9.847727	0.227654	-0.883782	-0.032431	0.021624	0.071020	0.107964	0.048310	0.992980	0.550256	-0.834775	-0.019215	0.827987	0.548467	-0.116708
04396	9.760504	0.181847	-0.911625	-0.018149	0.045978	0.086006	0.108122	0.047320	0.993011	0.549976	-0.834939	-0.020096	0.828153	0.548305	-0.116300
04397	9.648537	0.219247	-0.914177	-0.000449	0.059981	0.101490	0.108241	0.046128	0.993054	0.549886	-0.834972	-0.021152	0.828196	0.548356	-0.115744
04398	9.584510	0.117350	-0.977372	0.027198	0.058247	0.114742	0.108442	0.044839	0.993091	0.550024	-0.834850	-0.022366	0.828079	0.548649	-0.115195
04399	9.643403	-0.042422	-1.013087	0.057721	0.055082	0.133459	0.108779	0.043408	0.993118	0.550381	-0.834574	-0.023806	0.827797	0.549182	-0.114675
04400	9.687829	-0.128826	-1.005508	0.072504	0.053607	0.147039	0.109204	0.041868	0.993137	0.550785	-0.834261	-0.025394	0.827472	0.549779	-0.114165
04401	9.762668	-0.231320	-0.991153	0.093231	0.046682	0.167785	0.109801	0.040197	0.993140	0.551397	-0.833799	-0.027215	0.826986	0.550603	-0.113717
04402	9.870770	-0.216302	-0.968174	0.113030	0.039917	0.179101	0.110517	0.038469	0.993129	0.552137	-0.833243	-0.029167	0.826396	0.551567	-0.113327
04403	9.945049	-0.125249	-0.980634	0.126706	0.044128	0.179428	0.111202	0.036716	0.993119	0.553009	-0.832593	-0.031141	0.825721	0.552667	-0.112891
04404	9.885172	0.063883	-1.055719	0.151627	0.040904	0.165700	0.111840	0.035092	0.993106	0.554040	-0.831835	-0.033001	0.824943	0.553912	-0.112475
04405	9.817196	0.228443	-1.228528	0.162335	0.042337	0.156627	0.112419	0.033541	0.993095	0.555227	-0.830971	-0.034787	0.824066	0.555304	-0.112039
04406	9.687658	0.226494	-1.388938	0.138052	0.038595	0.134981	0.112907	0.032189	0.993084	0.556193	-0.830259	-0.036324	0.823348	0.556447	-0.111646
04407	9.644019	0.088415	-1.361262	0.102286	0.031096	0.127089	0.113417	0.030947	0.993065	0.556915	-0.829712	-0.037749	0.822790	0.557334	-0.111338
04408	9.789207	-0.046953	-1.223545	0.093278	0.005528	0.133188	0.114171	0.029794	0.993014	0.557497	-0.829252	-0.039218	0.822291	0.558080	-0.111287
04409	10.041418	0.105874	-0.798388	0.034300	0.007696	0.147747	0.114990	0.028512	0.992957	0.557634	-0.829085	-0.040771	0.822084	0.558395	-0.111236
04410	10.136768	0.200283	-0.317390	-0.078912	0.034318	0.156731	0.115638	0.027002	0.992924	0.556756	-0.829599	-0.042281	0.822588	0.557706	-0.110967
04411	10.118469	0.401569	0.039568	-0.169628	0.093924	0.150861	0.115762	0.025212	0.992957	0.555209	-0.830566	-0.043639	0.823616	0.556350	-0.110146
04412	9.957239	0.441417	0.102880	-0.173310	0.167591	0.140487	0.115215	0.023094	0.993072	0.553559	-0.831599	-0.044884	0.824801	0.554896	-0.108597
04413	9.689958	0.360287	0.286984	-0.145497	0.219142	0.134142	0.114207	0.020749	0.993240	0.552228	-0.832417	-0.046108	0.825833	0.553761	-0.106526
04414	9.598694	0.296035	0.747446	-0.139716	0.222058	0.129957	0.113144	0.018418	0.993408	0.550854	-0.833261	-0.047291	0.826897	0.552573	-0.104424
04415	9.765569	0.216247	1.157929	-0.231378	0.209191	0.122740	0.112146	0.016225	0.993559	0.548824	-0.834540	-0.048319	0.828381	0.550708	-0.102495
04416	10.012977	0.021274	1.651604	-0.372910	0.215527	0.117436	0.111056	0.014039	0.993715	0.545524	-0.836653	-0.049147	0.830705	0.547554	-0.100573
04417	10.634207	-0.304801	2.611148	-0.565377	0.217660	0.100387	0.109847	0.011995	0.993876	0.540731	-0.839730	-0.049629	0.833992	0.542872	-0.098729
04418	11.306995	-0.409499	3.815044	-0.759370	0.359865	0.070856	0.107270	0.009431	0.994185	0.534187	-0.843908	-0.049632	0.838533	0.536405	-0.095564
04419	11.038247	-0.069967	5.170224	-0.899108	0.647351	0.029495	0.102039	0.005717	0.994764	0.526617	-0.848681	-0.049141	0.843956	0.528874	-0.089610
04420	11.039261	0.160608	5.890884	-0.911323	0.946738	0.025620	0.094203	0.000505	0.995553	0.518794	-0.853513	-0.048658	0.849693	0.521071	-0.080666
04421	11.787069	-0.164082	5.872250	-0.767010	1.198759	0.065274	0.084382	-0.006278	0.996414	0.512225	-0.857465	-0.048780	0.854696	0.514504	-0.069139
04422	10.697345	-0.907925	5.717601	-0.531715	1.733654	0.199630	0.070588	-0.016893	0.997363	0.507469	-0.860190	-0.050485	0.858774	0.509694	-0.052146
04423	10.803301	-2.147352	5.685301	-0.468880	1.878223	0.369768	0.056351	-0.029628	0.997971	0.503226	-0.862465	-0.054020	0.862315	0.505249	-0.033691
04424	12.241600	-2.589791	6.234539	-0.649008	2.179805	0.571034	0.040405	-0.045530	0.998146	0.497248	-0.865558	-0.059610	0.866667	0.498734	-0.012333
04425	11.560017	-3.006731	6.341288	-0.958343	2.686074	0.759240	0.020850	-0.065403	0.997641	0.488711	-0.869851	-0.067239	0.872196	0.488960	0.013826
04426	8.699932	-4.110288	4.783447	-0.594480	2.343680	0.734493	0.003963	-0.083193	0.996526	0.483284	-0.872267	-0.074741	0.875455	0.481901	0.036749
04427	9.827173	-3.420567	3.946199	0.412626	1.585578	0.606638	-0.006902	-0.096154	0.995343	0.486932	-0.869710	-0.080641	0.873413	0.484107	0.052823
04428	12.891402	-1.911849	3.266715	0.609949	1.593133	0.608560	-0.017779	-0.109198	0.993861	0.492223	-0.866174	-0.086363	0.870288	0.487666	0.069149
04429	14.335252	-1.274287	3.245052	0.246274	2.123124	0.675556	-0.032847	-0.125412	0.991561	0.494566	-0.864159	-0.092915	0.868519	0.487341	0.090410
04430	14.847856	-1.281346	4.678864	-0.483731	2.626243	0.727832	-0.052053	-0.144416	0.988147	0.490526	-0.865593	-0.100665	0.869870	0.479472	0.115897
04431	12.437109	-2.787306	2.573451	-0.944531	2.359424	0.577479	-0.069748	-0.160620	0.984549	0.482679	-0.869162	-0.107601	0.873015	0.467716	0.138150
04432	12.597165	-2.924424	-1.454600	-0.170152	1.410362	0.304598	-0.080554	-0.169865	0.982170	0.481403	-0.869457	-0.110888	0.872790	0.463886	0.151812
04433	14.162289	-2.116670	-3.253686	0.353557	1.268205	0.088902	-0.091119	-0.176546	0.980066	0.484594	-0.867637	-0.111240	0.869981	0.464798	0.164611
04434	13.495128	-2.700326	-4.223226	0.856533	1.398804	-0.142099	-0.103908	-0.181882	0.977815	0.491905	-0.863873	-0.108415	0.864426	0.469727	0.179232
04435	13.104441	-1.504123	-4.462425	1.608812	1.372267	-0.314441	-0.117215	-0.185720	0.975586	0.505422	-0.856777	-0.102377	0.854874	0.481083	0.194294
04436	12.186697	-0.432537	-4.687571	1.807304	1.473887	-0.394140	-0.131716	-0.189571	0.972992	0.520311	-0.848686	-0.094917	0.843758	0.493756	0.210421
04437	10.800328	0.856986	-4.087026	1.731297	1.533593	-0.388400	-0.146560	-0.193970	0.969998	0.534316	-0.840755	-0.087394	0.832482	0.505477	0.226862
04438	9.940620	2.186237	-3.563269	1.482144	1.526155	-0.342045	-0.160990	-0.198916	0.966703	0.546083	-0.833841	-0.080635	0.822117	0.514919	0.242865
04439	9.071489	3.306095	-2.901263	1.035444	1.552133	-0.258512	-0.175050	-0.204818	0.963020	0.554154	-0.828976	-0.075579	0.813800	0.520431	0.258613
04440	7.914791	3.267124	-1.744772	0.433365	1.502169	-0.168147	-0.188125	-0.211266	0.959154	0.557397	-0.827045	-0.072841	0.808652	0.520926	0.273347
04441	6.716793	2.916645	-1.096522	-0.092028	1.335878	-0.119140	-0.199520	-0.217231	0.955512	0.556459	-0.827750	-0.071991	0.806564	0.517340	0.286032
04442	5.965874	2.334545	-1.991402	-0.493930	1.114360	-0.101818	-0.209028	-0.222131	0.952347	0.552300	-0.830488	-0.072485	0.807014	0.510830	0.296279
04443	5.645271	1.276507	-2.773919	-0.640835	0.928564	-0.121812	-0.217141	-0.225843	0.949655	0.546902	-0.833983	-0.073284	0.808547	0.503455	0.304606
04444	5.466570	0.145195	-2.209030	-0.443620	0.770396	-0.176247	-0.224285	-0.228244	0.947418	0.542960	-0.836579	-0.073005	0.809253	0.498036	0.311560
04445	5.985448	-0.508430	-1.230716	-0.207431	0.617406	-0.239249	-0.230520	-0.229323	0.945659	0.540776	-0.838129	-0.071424	0.808964	0.494925	0.317218
04446	6.616880	-0.222245	-0.585692	-0.220599	0.535319	-0.326680	-0.236563	-0.229237	0.944187	0.538266	-0.839940	-0.069067	0.808893	0.491885	0.322089
04447	6.859649	0.319840	-0.190408	-0.325787	0.470485	-0.417876	-0.242555	-0.228045	0.942954	0.534667	-0.842465	-0.066211	0.809505	0.488107	0.326272
04448	6.975937	0.985808	0.262647	-0.417060	0.391173	-0.516139	-0.248421	-0.225603	0.942014	0.530060	-0.845636	-0.062738	0.810755	0.483738	0.329657
04449	7.114383	1.184684	0.578649	-0.401747	0.326180	-0.595046	-0.254151	-0.222151	0.941306	0.525344	-0.848877	-0.058495	0.812047	0.479642	0.332449
04450	7.365571	1.047154	0.784510	-0.338869	0.278373	-0.640564	-0.259713	-0.218047	0.940747	0.520984	-0.851881	-0.053621	0.813096	0.476188	0.334844
04451	7.560132	0.859420	1.016934	-0.246316	0.253397	-0.639678	-0.265039	-0.213812	0.940233	0.517342	-0.854406	-0.048463	0.813703	0.473578	0.337064
04452	7.409143	0.631207	1.343146	-0.144163	0.234792	-0.614154	-0.270067	-0.209681	0.939733	0.514566	-0.856362	-0.043199	0.813810	0.471888	0.339170
04453	7.070173	0.635855	2.024911	-0.050885	0.195063	-0.600937	-0.274684	-0.205469	0.939325	0.512555	-0.857824	-0.037756	0.813533	0.471085	0.340945
04454	6.735255	1.040201	2.542619	-0.067269	0.149019	-0.605764	-0.278943	-0.200981	0.939041	0.510372	-0.859346	-0.032317	0.813456	0.470245	0.342284
04455	6.547487	1.454984	2.599415	-0.092804	0.075981	-0.619497	-0.282660	-0.196029	0.938976	0.507918	-0.860987	-0.026848	0.813709	0.469334	0.342933
04456	6.427133	1.860851	2.402187	-0.142721	-0.020877	-0.684881	-0.285907	-0.190039	0.939224	0.504850	-0.862953	-0.020926	0.814483	0.468185	0.342666
04457	6.434525	2.042267	1.923437	-0.178248	-0.154381	-0.782560	-0.288529	-0.182574	0.939903	0.501191	-0.865220	-0.014213	0.815818	0.466970	0.341146
04458	7.034113	1.895061	1.656536	-0.174282	-0.324320	-0.874189	-0.290195	-0.173498	0.941109	0.497279	-0.867565	-0.006602	0.817619	0.466078	0.338040
04459	7.822221	1.260031	1.665199	-0.281353	-0.471321	-0.927843	-0.290870	-0.163262	0.942730	0.492321	-0.870413	0.001163	0.820375	0.464464	0.333554
04460	8.631301	0.133315	2.250205	-0.562104	-0.596261	-0.935489	-0.290487	-0.152352	0.944672	0.485019	-0.874466	0.008114	0.824848	0.460541	0.327915
04461	9.395885	-1.365545	3.143370	-0.883701	-0.689622	-0.860553	-0.288854	-0.141672	0.946833	0.475251	-0.879749	0.013352	0.831084	0.453840	0.321448
04462	10.566014	-2.905875	4.337955	-1.098589	-0.686905	-0.658934	-0.286166	-0.132779	0.948936	0.464229	-0.885569	0.016083	0.838212	0.445126	0.315060
04463	11.683865	-4.812526	6.210603	-1.217393	-0.505711	-0.415770	-0.283761	-0.126881	0.950464	0.452839	-0.891445	0.016192	0.845232	0.435002	0.310414
04464	11.824612	-5.969315	7.893250	-0.968791	-0.124088	-0.365181	-0.284296	-0.123098	0.950801	0.443633	-0.896054	0.016639	0.849921	0.426537	0.309355
04465	10.619127	-5.204908	9.166279	-0.381753	-0.118001	-0.365599	-0.284852	-0.119340	0.951114	0.439386	-0.898100	0.018905	0.851939	0.423291	0.308262
04466	9.987993	-4.583489	7.593298	0.090516	-0.507193	-0.405521	-0.282261	-0.113567	0.952592	0.439048	-0.898169	0.023015	0.852974	0.424730	0.303379
04467	9.229135	-2.675439	3.852393	1.111152	-0.989038	-0.574269	-0.276325	-0.104187	0.955400	0.446952	-0.893993	0.031778	0.850810	0.435799	0.293599
04468	10.662322	-0.665765	3.210801	2.335251	-1.138910	-0.844753	-0.270479	-0.091608	0.958358	0.464463	-0.884368	0.046551	0.843276	0.457713	0.281751
04469	12.121596	0.432838	3.555333	2.684736	-0.905739	-0.923994	-0.267216	-0.079254	0.960372	0.484523	-0.872521	0.062810	0.832966	0.482106	0.271552
04470	12.210860	1.677754	3.227272	2.416081	-0.792000	-0.863713	-0.264870	-0.067881	0.961892	0.502271	-0.861228	0.077530	0.823145	0.503665	0.262208
04471	12.223970	1.674413	3.296398	1.733005	-0.743423	-0.636519	-0.261957	-0.058642	0.963296	0.514840	-0.852748	0.088092	0.816283	0.519020	0.253574
04472	11.636674	1.146306	4.267294	0.552009	-0.654098	-0.277309	-0.258004	-0.052885	0.964695	0.518659	-0.850004	0.092115	0.815124	0.524114	0.246734
04473	9.659224	0.454144	5.143273	-0.598755	-0.564382	0.037005	-0.253143	-0.050273	0.966122	0.513899	-0.853089	0.090261	0.819650	0.519338	0.241789
04474	8.140903	0.061363	4.717056	-1.281270	-0.734358	0.203231	-0.246010	-0.048256	0.968065	0.503887	-0.859557	0.085204	0.827996	0.508757	0.235775
04475	8.663395	0.045109	3.203438	-1.493477	-0.903122	0.252427	-0.237175	-0.045914	0.970381	0.492099	-0.866924	0.079257	0.837608	0.496321	0.228207
04476	9.478170	-0.604051	1.606691	-1.711733	-0.807046	0.233754	-0.229192	-0.044023	0.972385	0.478255	-0.875173	0.073103	0.847787	0.481802	0.221637
04477	9.325892	-1.544077	0.985103	-1.835563	-0.676590	0.149505	-0.222662	-0.042152	0.973984	0.462976	-0.883790	0.067593	0.857948	0.465982	0.216302
04478	9.220616	-2.450909	1.474791	-1.791819	-0.624566	0.004463	-0.217205	-0.039352	0.975332	0.447564	-0.891982	0.063682	0.867472	0.450356	0.211356
04479	9.163991	-2.726961	1.764955	-1.462012	-0.560018	-0.149522	-0.212930	-0.035550	0.976421	0.434543	-0.898511	0.062049	0.875119	0.437509	0.206768
04480	8.908145	-2.696928	1.991108	-0.943117	-0.531975	-0.254414	-0.209306	-0.030979	0.977359	0.425765	-0.902668	0.062568	0.880293	0.429221	0.202124
04481	8.928988	-3.034735	1.901011	-0.191248	-0.616292	-0.259848	-0.204923	-0.026015	0.978432	0.423581	-0.903545	0.064691	0.882375	0.427702	0.196176
04482	9.882904	-2.911971	1.261351	0.679615	-0.804525	-0.261647	-0.198895	-0.020216	0.979812	0.429081	-0.900664	0.068517	0.881096	0.434047	0.187811
04483	10.633010	-2.540578	0.423666	1.318646	-0.911855	-0.297841	-0.192117	-0.013551	0.981278	0.440131	-0.894895	0.073811	0.877141	0.446071	0.177889
04484	10.761291	-1.887978	-0.110135	1.655357	-0.873497	-0.327652	-0.185893	-0.006699	0.982547	0.454020	-0.887407	0.079848	0.871384	0.460939	0.168004
04485	9.999241	-0.090974	-0.701370	1.900153	-0.782666	-0.313321	-0.180493	-0.000279	0.983576	0.469972	-0.878482	0.085994	0.864030	0.477775	0.158691
04486	9.550030	2.026609	-0.658275	1.977300	-0.813360	-0.323624	-0.174990	0.006478	0.984549	0.486438	-0.868839	0.092175	0.856012	0.495052	0.148887
04487	9.870227	3.671990	-0.332888	1.699769	-0.930301	-0.321416	-0.168587	0.013912	0.985589	0.500416	-0.860250	0.097741	0.849213	0.509682	0.138065
04488	10.857069	5.077295	-0.402625	1.113924	-0.972489	-0.313547	-0.161876	0.021579	0.986575	0.509370	-0.854449	0.102266	0.845185	0.519086	0.127323
04489	10.926846	5.454386	-0.039606	0.569186	-0.924169	-0.258845	-0.155338	0.028589	0.987448	0.513802	-0.851400	0.105478	0.843728	0.523738	0.117566
04490	10.626567	4.888373	0.594360	0.107470	-0.969989	-0.236446	-0.148309	0.035665	0.988298	0.514385	-0.850745	0.107892	0.844637	0.524367	0.107828
04491	10.337048	3.851170	0.219746	-0.322833	-1.047695	-0.230833	-0.140570	0.043091	0.989133	0.511356	-0.852326	0.109802	0.847795	0.521233	0.097776
04492	10.203643	2.442937	-0.585409	-0.747786	-1.104868	-0.205602	-0.132163	0.050550	0.989938	0.504750	-0.856086	0.111102	0.853089	0.514355	0.087628
04493	9.844852	0.826359	-0.713923	-1.073808	-1.084222	-0.167818	-0.123659	0.057497	0.990658	0.495374	-0.861451	0.111833	0.859833	0.504575	0.078043
04494	9.294391	-0.802664	-1.221859	-1.092692	-1.088534	-0.135985	-0.114874	0.064091	0.991310	0.485814	-0.866813	0.112339	0.866481	0.494497	0.068438
04495	9.345298	-1.896968	-1.028545	-1.001082	-1.135383	-0.145039	-0.105643	0.070894	0.991874	0.476984	-0.871604	0.113101	0.872540	0.485056	0.058264
04496	9.735881	-1.800868	-0.531245	-0.846031	-1.163168	-0.185785	-0.096286	0.078090	0.992286	0.469427	-0.875522	0.114452	0.877706	0.476826	0.047643
04497	9.769973	-1.273241	0.190351	-0.589126	-1.167407	-0.219707	-0.086986	0.085528	0.992531	0.464078	-0.878121	0.116341	0.881513	0.470732	0.036693
04498	9.811395	-0.469539	0.830710	-0.341364	-1.162044	-0.264142	-0.077891	0.093273	0.992589	0.460881	-0.879473	0.118810	0.884037	0.466720	0.025515
04499	9.605192	0.290795	0.929819	-0.296022	-1.055136	-0.237521	-0.069587	0.100248	0.992526	0.458120	-0.880608	0.121063	0.886163	0.463120	0.015353
04500	9.088042	0.990235	0.624785	-0.060821	-1.025429	-0.211326	-0.061404	0.106826	0.992380	0.457475	-0.880659	0.123106	0.887100	0.461549	0.005206
04501	9.605257	2.291895	0.610656	0.016448	-1.075008	-0.178728	-0.052626	0.113335	0.992162	0.457553	-0.880376	0.124835	0.887624	0.460536	-0.005526
04502	9.852328	2.756253	-0.253925	-0.022327	-1.013365	-0.141323	-0.044217	0.119215	0.991883	0.457319	-0.880304	0.126191	0.888203	0.459187	-0.015595
04503	9.847922	2.977160	-0.667617	-0.012433	-0.978203	-0.097153	-0.035914	0.124536	0.991565	0.457202	-0.880232	0.127112	0.888638	0.457910	-0.025325
04504	10.100617	2.280987	-0.625197	-0.246625	-0.931280	-0.028902	-0.027706	0.129016	0.991255	0.455031	-0.881311	0.127424	0.890044	0.454582	-0.034288
04505	9.894863	1.219319	-0.764929	-0.365873	-0.847173	0.039211	-0.019924	0.132482	0.990985	0.451812	-0.883008	0.127130	0.891890	0.450272	-0.042264
04506	9.789054	0.450294	-0.368742	-0.377632	-0.855455	0.074519	-0.011893	0.135632	0.990688	0.448484	-0.884791	0.126518	0.893712	0.445813	-0.050306
04507	9.950572	0.237100	0.090831	-0.314531	-0.801311	0.078525	-0.004318	0.138472	0.990357	0.445708	-0.886286	0.125864	0.895168	0.441954	-0.057891
04508	10.034747	0.345853	0.406289	-0.222506	-0.718098	0.061798	0.002445	0.141063	0.989998	0.443747	-0.887344	0.125340	0.896149	0.439002	-0.064766
04509	9.957159	0.237437	0.830521	-0.169419	-0.634611	0.019650	0.008278	0.143645	0.989595	0.442258	-0.888105	0.125214	0.896850	0.436619	-0.070880
04510	9.806785	0.381587	1.229111	-0.005368	-0.548802	0.002732	0.013269	0.145989	0.989197	0.442239	-0.888124	0.125140	0.896799	0.435801	-0.076346
04511	9.761539	0.681423	0.614374	0.285866	-0.549505	-0.011036	0.018200	0.148464	0.988750	0.444833	-0.886851	0.124976	0.895429	0.437554	-0.082183
04512	9.991576	1.524748	0.416724	0.461262	-0.490672	0.000707	0.022648	0.150587	0.988337	0.448987	-0.884819	0.124526	0.893251	0.440930	-0.087651
04513	9.381809	2.289441	-0.359898	0.742150	-0.393453	0.026689	0.026333	0.152076	0.988018	0.455626	-0.881556	0.123546	0.889781	0.446914	-0.092504
04514	9.018338	2.305205	-1.007055	0.901815	-0.512954	0.036733	0.031110	0.154039	0.987575	0.463649	-0.877542	0.122270	0.885473	0.454084	-0.098721
04515	9.200045	2.719970	-1.341422	0.795689	-0.586961	0.067538	0.036669	0.156110	0.987059	0.470685	-0.874000	0.120743	0.881539	0.460166	-0.105527
04516	9.169831	3.159536	-1.697293	0.651873	-0.621374	0.087247	0.042605	0.158199	0.986488	0.476413	-0.871115	0.119121	0.878189	0.464901	-0.112482
04517	9.361999	3.294456	-1.379027	0.488794	-0.666305	0.104331	0.049004	0.160379	0.985838	0.480680	-0.868991	0.117477	0.875526	0.468116	-0.119675
04518	9.754555	3.154115	-0.028818	0.079510	-0.613794	0.110242	0.054961	0.162272	0.985214	0.481345	-0.868789	0.116243	0.874806	0.467839	-0.125859
04519	9.873979	2.977852	0.676019	-0.176969	-0.527368	0.113109	0.060177	0.163730	0.984668	0.479759	-0.869790	0.115308	0.875334	0.465465	-0.130892
04520	10.074101	2.758849	0.844981	-0.415361	-0.495387	0.098421	0.065042	0.165146	0.984122	0.476084	-0.871869	0.114844	0.876991	0.461055	-0.135331
04521	10.420819	2.169761	0.598548	-0.659295	-0.422658	0.062042	0.069105	0.166519	0.983614	0.470278	-0.874982	0.115088	0.879808	0.454619	-0.138776
04522	10.241483	1.228721	0.249362	-0.701017	-0.328192	0.042858	0.072250	0.167601	0.983204	0.464095	-0.878210	0.115600	0.882834	0.447948	-0.141233
04523	10.198125	0.819604	0.257348	-0.628617	-0.297706	0.038863	0.075118	0.168563	0.982824	0.458535	-0.881064	0.116064	0.885496	0.441941	-0.143476
04524	10.129153	0.469784	0.054672	-0.466098	-0.231727	0.052339	0.077462	0.169096	0.982551	0.454388	-0.883196	0.116174	0.887430	0.437460	-0.145249
04525	9.809351	0.686236	-0.172509	-0.089096	-0.145995	0.075481	0.079157	0.169046	0.982424	0.453565	-0.883705	0.115514	0.887701	0.436450	-0.146625
04526	8.720193	0.927101	-1.034398	0.270072	-0.174549	0.073564	0.081090	0.169135	0.982251	0.455926	-0.882642	0.114344	0.886316	0.438561	-0.148686
04527	8.701088	0.495161	-2.440970	0.487550	-0.459816	0.049056	0.085441	0.170705	0.981611	0.460226	-0.880571	0.113076	0.883681	0.442102	-0.153800
04528	9.302323	0.756153	-3.574950	0.548447	-0.567759	0.104789	0.090985	0.172280	0.980837	0.464996	-0.878309	0.111138	0.880625	0.445973	-0.160023
04529	9.584834	1.170881	-3.394513	0.402738	-0.563234	0.209543	0.096973	0.172940	0.980147	0.468367	-0.876862	0.108377	0.878196	0.448559	-0.166031
04530	9.621158	1.013063	-2.998624	0.336541	-0.538060	0.259259	0.102962	0.173063	0.979514	0.471083	-0.875791	0.105219	0.876059	0.450599	-0.171700
04531	9.556426	1.390394	-2.192893	0.229135	-0.532957	0.267223	0.108945	0.173107	0.978859	0.472831	-0.875212	0.102153	0.874393	0.451706	-0.177200
04532	9.471239	1.987635	-1.275934	0.130472	-0.506662	0.250800	0.114611	0.173179	0.978199	0.473713	-0.875050	0.099414	0.873189	0.451992	-0.182328
04533	9.727915	2.117035	-0.130045	-0.048533	-0.465441	0.245904	0.119896	0.173106	0.977578	0.473026	-0.875687	0.097049	0.872852	0.450784	-0.186875
04534	10.254176	1.993073	1.056181	-0.122494	-0.375520	0.231931	0.124321	0.172741	0.977090	0.471696	-0.876633	0.094964	0.872953	0.449084	-0.190465
04535	10.137472	1.688804	1.489953	-0.044059	-0.192450	0.164459	0.126833	0.172141	0.976873	0.471129	-0.877106	0.093392	0.872898	0.448389	-0.192347
04536	9.811737	1.947837	0.131736	0.096531	-0.197949	0.058944	0.128887	0.172489	0.976543	0.471918	-0.876768	0.092581	0.872171	0.448915	-0.194405
04537	10.083768	1.759106	-0.931176	0.007861	-0.228843	0.034140	0.131100	0.173196	0.976123	0.471966	-0.876784	0.092181	0.871815	0.448612	-0.196689
04538	9.655119	0.888217	-1.573722	0.243240	-0.224409	0.047036	0.133326	0.173769	0.975720	0.474043	-0.875767	0.091193	0.870349	0.450375	-0.199136
04539	9.247091	0.347703	-2.207896	0.498593	-0.313470	0.077707	0.136477	0.174486	0.975156	0.478295	-0.873639	0.089382	0.867530	0.454213	-0.202687
04540	9.197345	0.023313	-2.750786	0.567458	-0.403238	0.147960	0.140728	0.175012	0.974457	0.483023	-0.871302	0.086729	0.864225	0.458480	-0.207151
04541	9.257839	0.130061	-2.630222	0.635581	-0.428630	0.217198	0.145536	0.175078	0.973739	0.488217	-0.868745	0.083230	0.860502	0.463283	-0.211910
04542	9.386013	0.491621	-2.218915	0.742786	-0.461443	0.253561	0.150792	0.175007	0.972951	0.494236	-0.865720	0.079120	0.856150	0.468937	-0.217038
04543	9.635251	0.892408	-1.714912	0.745333	-0.461757	0.287703	0.156223	0.174679	0.972153	0.500182	-0.862698	0.074634	0.851711	0.474594	-0.222144
04544	9.926649	1.164490	-1.080733	0.743717	-0.400864	0.323823	0.161307	0.173782	0.971483	0.506005	-0.859704	0.069769	0.847313	0.480321	-0.226611
04545	9.631390	0.985090	-0.577086	0.802983	-0.316696	0.341635	0.165779	0.172363	0.970983	0.512253	-0.856404	0.064565	0.842682	0.486686	-0.230268
04546	9.708252	0.748421	-0.381503	0.927543	-0.361287	0.361607	0.170728	0.171024	0.970362	0.519454	-0.852469	0.058851	0.837269	0.494011	-0.234380
04547	10.510436	0.920792	-0.256613	0.935368	-0.418336	0.368756	0.176205	0.169952	0.969571	0.526641	-0.848434	0.053009	0.831626	0.501275	-0.239002
04548	11.089833	1.155237	-0.500310	0.838581	-0.352823	0.335788	0.180958	0.168867	0.968885	0.533010	-0.844764	0.047684	0.826531	0.507797	-0.242875
04549	11.041060	1.193803	-0.463014	0.727817	-0.231276	0.307469	0.184569	0.167439	0.968452	0.538469	-0.841554	0.042877	0.822184	0.513567	-0.245485
04550	10.676818	1.119248	-0.234932	0.693726	-0.162223	0.308758	0.187617	0.165662	0.968172	0.543600	-0.838478	0.038129	0.818107	0.519144	-0.247366
04551	10.360716	0.916894	-0.300687	0.642656	-0.159026	0.304417	0.190634	0.163927	0.967877	0.548289	-0.835616	0.033535	0.814271	0.524283	-0.249177
04552	10.282091	0.622097	-0.329257	0.597366	-0.219659	0.293836	0.194082	0.162611	0.967414	0.552592	-0.832942	0.029148	0.810540	0.528928	-0.251516
04553	10.210482	0.807875	-0.260899	0.499645	-0.256547	0.294135	0.197845	0.161511	0.966836	0.556076	-0.830756	0.024988	0.807240	0.532691	-0.254173
04554	10.164019	1.197441	-0.442029	0.467424	-0.248520	0.298766	0.201558	0.160338	0.966264	0.559259	-0.828730	0.020858	0.804117	0.536188	-0.256708
04555	10.317841	1.798084	-0.211998	0.438743	-0.228600	0.299119	0.205128	0.159077	0.965721	0.562191	-0.826837	0.016785	0.801164	0.539477	-0.259039
04556	10.305793	2.441492	0.262698	0.415965	-0.183351	0.291512	0.208279	0.157640	0.965282	0.564929	-0.825040	0.012842	0.798420	0.542641	-0.260894
04557	10.667263	2.715683	0.574318	0.405564	-0.142676	0.301847	0.211184	0.155914	0.964931	0.567547	-0.823294	0.008815	0.795797	0.545782	-0.262355
04558	11.154317	2.602664	0.445162	0.432519	-0.090876	0.300700	0.213656	0.153917	0.964707	0.570357	-0.821384	0.004732	0.793123	0.549216	-0.263282
04559	11.893827	2.267178	0.254693	0.462009	-0.050578	0.306710	0.215869	0.151666	0.964571	0.573373	-0.819294	0.000503	0.790344	0.552951	-0.263821
04560	12.388481	1.219222	-0.205549	0.494009	0.086780	0.333338	0.217138	0.148436	0.964789	0.576561	-0.817044	-0.004057	0.787673	0.557141	-0.262994
04561	12.282934	0.097583	-0.320069	0.573286	0.280223	0.374882	0.217161	0.143796	0.965486	0.580272	-0.814370	-0.009228	0.784936	0.562249	-0.260290
04562	11.887652	-0.683370	0.548613	0.507583	0.466863	0.414677	0.215949	0.137767	0.966637	0.583364	-0.812080	-0.014586	0.782976	0.567051	-0.255736
04563	11.779574	-0.891170	2.091606	0.235327	0.602353	0.413862	0.213708	0.130970	0.968078	0.584335	-0.811284	-0.019237	0.782867	0.569793	-0.249908
