// General information: 
//  MT Manager version: 2022.2.0 
//  XDA version: 2022.2.0 build 7381 rev 124627 built on 2023-07-19
// Device information: 
//  DeviceId: 00B4CB9F
//  ProductCode: MTW2-3A7G6
//  Firmware Version: 4.6.0
//  Hardware Version: 2.0.0
// Device settings: 
//  Filter Profile: human(46.1)
//  Option Flags: Orientation Smoother Disabled, Position/Velocity Smoother Disabled, Continuous Zero Rotation Update Disabled, AHS Disabled, ICC Disabled
// Coordinate system: ENU
PacketCounter	Acc_X	Acc_Y	Acc_Z	Gyr_X	Gyr_Y	Gyr_Z	Mat[1][1]	Mat[2][1]	Mat[3][1]	Mat[1][2]	Mat[2][2]	Mat[3][2]	Mat[1][3]	Mat[2][3]	Mat[3][3]
59910	9.829212	0.460671	0.801426	0.000720	-0.043960	0.009299	0.091689	-0.013268	0.995699	-0.226835	0.973345	0.033858	-0.969608	-0.228964	0.086236
59911	9.835231	0.400630	0.788747	-0.029757	-0.052532	0.009527	0.091111	-0.013253	0.995753	-0.226693	0.973383	0.033697	-0.969695	-0.228801	0.085681
59912	9.878468	0.245403	0.760361	-0.033200	-0.045137	0.002911	0.090619	-0.013292	0.995797	-0.226413	0.973452	0.033597	-0.969807	-0.228505	0.085204
59913	9.750489	0.155337	0.810134	-0.000164	-0.028268	-0.006665	0.090310	-0.013383	0.995824	-0.226478	0.973436	0.033621	-0.969820	-0.228569	0.084880
59914	9.666185	0.039412	1.010535	0.029547	-0.028066	-0.002158	0.089995	-0.013432	0.995852	-0.226801	0.973360	0.033625	-0.969774	-0.228886	0.084552
59915	9.583455	-0.050046	1.091955	0.084598	-0.026628	0.003646	0.089681	-0.013416	0.995880	-0.227752	0.973139	0.033619	-0.969581	-0.229828	0.084216
59916	9.547831	0.018569	1.082373	0.125960	-0.060964	0.008060	0.089024	-0.013442	0.995939	-0.229019	0.972842	0.033601	-0.969343	-0.231080	0.083528
59917	9.631788	0.162613	0.892418	0.137276	-0.091464	0.005285	0.088074	-0.013565	0.996022	-0.230407	0.972513	0.033619	-0.969100	-0.232451	0.082528
59918	9.782513	0.360632	0.717606	0.136888	-0.099290	0.008524	0.087045	-0.013677	0.996110	-0.231779	0.972188	0.033603	-0.968866	-0.233803	0.081454
59919	9.792437	0.482304	0.634743	0.134244	-0.080826	0.008237	0.086191	-0.013749	0.996184	-0.233143	0.971862	0.033585	-0.968615	-0.235148	0.080561
59920	9.844075	0.555169	0.647756	0.146601	-0.069297	0.006835	0.085456	-0.013810	0.996246	-0.234607	0.971510	0.033592	-0.968327	-0.236597	0.079782
59921	9.995611	0.749985	0.647502	0.149020	-0.076450	0.011311	0.084635	-0.013845	0.996316	-0.236103	0.971149	0.033552	-0.968035	-0.238073	0.078924
59922	10.156765	0.774711	0.556474	0.073041	-0.061823	0.018888	0.083944	-0.013774	0.996375	-0.236864	0.970969	0.033378	-0.967910	-0.238807	0.078244
59923	9.517386	0.272625	0.613380	0.121035	0.024353	0.018410	0.084081	-0.013507	0.996367	-0.237972	0.970703	0.033241	-0.967626	-0.239903	0.078403
59924	9.631799	0.404362	0.932490	0.127607	0.007164	0.011722	0.084074	-0.013341	0.996370	-0.239255	0.970390	0.033181	-0.967310	-0.241176	0.078393
59925	9.800470	0.341519	0.995750	0.175460	0.010928	0.020247	0.084080	-0.013083	0.996373	-0.240984	0.969966	0.033072	-0.966880	-0.242890	0.078402
59926	9.599841	0.494784	1.155629	0.232842	0.005408	0.030240	0.084011	-0.012742	0.996383	-0.243298	0.969393	0.032910	-0.966307	-0.245183	0.078340
59927	9.515386	0.565374	1.081544	0.183417	-0.051668	0.031731	0.083384	-0.012526	0.996439	-0.245131	0.968939	0.032694	-0.965897	-0.246984	0.077724
59928	9.605373	0.565441	0.960147	0.153910	-0.089741	0.032903	0.082388	-0.012394	0.996523	-0.246683	0.968553	0.032441	-0.965588	-0.248498	0.076740
59929	9.705081	0.581778	0.959293	0.124550	-0.102302	0.029419	0.081277	-0.012331	0.996615	-0.247921	0.968245	0.032198	-0.965365	-0.249699	0.075639
59930	9.753466	0.525113	0.938140	0.102714	-0.099034	0.028848	0.080201	-0.012264	0.996703	-0.248974	0.967983	0.031945	-0.965184	-0.250715	0.074580
59931	9.790419	0.455302	0.935327	0.092708	-0.082773	0.026924	0.079283	-0.012175	0.996778	-0.249961	0.967737	0.031702	-0.965004	-0.251669	0.073682
59932	9.867561	0.286098	0.954969	0.095849	-0.057629	0.028430	0.078607	-0.012010	0.996833	-0.250946	0.967490	0.031446	-0.964804	-0.252624	0.073038
59933	9.838759	0.214148	1.015938	0.145320	-0.031804	0.026542	0.078183	-0.011798	0.996869	-0.252431	0.967110	0.031244	-0.964451	-0.254083	0.072633
59934	9.785098	0.224522	1.054819	0.203789	-0.018537	0.016487	0.077913	-0.011651	0.996892	-0.254446	0.966584	0.031184	-0.963943	-0.256085	0.072345
59935	9.745737	0.297244	1.011577	0.228980	-0.015509	0.002122	0.077705	-0.011640	0.996908	-0.256603	0.966011	0.031281	-0.963388	-0.258240	0.072077
59936	9.751370	0.422299	0.898210	0.198333	-0.023046	-0.002346	0.077441	-0.011688	0.996928	-0.258549	0.965488	0.031403	-0.962889	-0.260186	0.071746
59937	9.872908	0.650089	0.763198	0.135876	-0.040594	-0.010363	0.077027	-0.011855	0.996959	-0.259974	0.965100	0.031563	-0.962539	-0.261614	0.071257
59938	9.752952	0.602800	0.645177	0.068687	-0.032779	-0.014579	0.076701	-0.012047	0.996981	-0.260661	0.964909	0.031713	-0.962379	-0.262307	0.070869
59939	9.674574	0.536925	0.644537	0.045788	-0.018238	-0.013003	0.076509	-0.012186	0.996994	-0.261151	0.964773	0.031832	-0.962261	-0.262801	0.070632
59940	9.762882	0.515435	0.648310	-0.008893	-0.021050	-0.013077	0.076292	-0.012333	0.997009	-0.261093	0.964786	0.031913	-0.962294	-0.262747	0.070385
59941	9.853570	0.408994	0.592821	-0.014650	0.001962	0.000195	0.076260	-0.012288	0.997012	-0.261068	0.964794	0.031860	-0.962303	-0.262718	0.070367
59942	9.810063	0.278933	0.743734	0.014494	0.024944	0.003828	0.076441	-0.012151	0.997000	-0.261248	0.964748	0.031788	-0.962240	-0.262894	0.070572
59943	9.808238	0.153004	0.892150	0.091267	0.037252	0.010684	0.076720	-0.011916	0.996981	-0.262180	0.964498	0.031703	-0.961965	-0.263820	0.070872
59944	9.707638	0.191186	0.927144	0.159890	0.034298	0.011190	0.076971	-0.011683	0.996965	-0.263763	0.964068	0.031661	-0.961511	-0.265400	0.071124
59945	9.869416	0.339503	0.697629	0.133570	-0.003635	0.008870	0.076864	-0.011568	0.996974	-0.265196	0.963676	0.031627	-0.961126	-0.266825	0.071004
59946	9.946123	0.376037	0.500065	0.122590	-0.003945	0.001218	0.076774	-0.011533	0.996982	-0.266412	0.963339	0.031659	-0.960797	-0.268039	0.070887
59947	9.765179	0.453751	0.472890	0.112733	-0.007315	-0.006661	0.076669	-0.011585	0.996989	-0.267478	0.963041	0.031760	-0.960509	-0.269107	0.070736
59948	9.658599	0.492461	0.293914	0.058518	-0.025384	-0.008035	0.076398	-0.011697	0.997009	-0.268071	0.962873	0.031838	-0.960365	-0.269701	0.070426
59949	9.728459	0.485000	0.126635	-0.016323	-0.018428	-0.004755	0.076186	-0.011753	0.997024	-0.268068	0.962874	0.031835	-0.960383	-0.269695	0.070207
59950	9.848168	0.425459	0.124709	-0.095168	-0.013524	0.001821	0.076002	-0.011738	0.997039	-0.267193	0.963121	0.031706	-0.960641	-0.268811	0.070063
59951	9.706986	0.089940	0.233099	-0.094291	0.014269	0.011534	0.076057	-0.011554	0.997037	-0.266373	0.963356	0.031483	-0.960865	-0.267978	0.070192
59952	9.733570	0.039066	0.453531	-0.084739	0.005971	0.016767	0.076021	-0.011342	0.997042	-0.265609	0.963575	0.031213	-0.961079	-0.267196	0.070239
59953	9.837497	-0.004282	0.456876	-0.067579	0.009639	0.018697	0.076012	-0.011100	0.997045	-0.265062	0.963735	0.030937	-0.961231	-0.266631	0.070313
59954	9.839508	0.047043	0.532730	-0.021640	0.022670	0.014208	0.076143	-0.010868	0.997038	-0.264903	0.963785	0.030736	-0.961264	-0.266458	0.070506
59955	9.914787	0.066138	0.598314	0.022575	0.020185	0.014456	0.076246	-0.010640	0.997032	-0.265196	0.963710	0.030565	-0.961175	-0.266739	0.070658
59956	9.988115	0.120668	0.824659	0.106051	0.035846	0.000144	0.076541	-0.010509	0.997011	-0.266253	0.963418	0.030595	-0.960859	-0.267799	0.070943
59957	9.898706	0.332572	0.856207	0.189089	0.040294	-0.002856	0.076884	-0.010395	0.996986	-0.268103	0.962901	0.030714	-0.960318	-0.269656	0.071245
59958	9.782352	0.462341	0.672518	0.179921	0.014345	-0.001409	0.076977	-0.010335	0.996979	-0.269867	0.962405	0.030813	-0.959816	-0.271423	0.071294
59959	9.669882	0.587979	0.520135	0.098895	-0.014263	0.004136	0.076777	-0.010298	0.996995	-0.270913	0.962111	0.030800	-0.959537	-0.272463	0.071078
59960	9.703034	0.653845	0.484709	-0.022415	-0.035470	0.008524	0.076364	-0.010279	0.997027	-0.270742	0.962164	0.030656	-0.959618	-0.272278	0.070692
59961	9.758526	0.563387	0.520202	-0.106290	-0.041789	0.010833	0.075881	-0.010252	0.997064	-0.269821	0.962429	0.030431	-0.959916	-0.271338	0.070264
59962	9.860427	0.445076	0.565281	-0.151112	-0.049527	0.016871	0.075311	-0.010190	0.997108	-0.268420	0.962831	0.030113	-0.960353	-0.269912	0.069777
59963	9.855515	0.342125	0.553267	-0.162256	-0.042012	0.021243	0.074795	-0.010072	0.997148	-0.266788	0.963296	0.029741	-0.960849	-0.268251	0.069363
59964	9.807869	0.263171	0.566050	-0.186488	-0.031672	0.016146	0.074399	-0.009966	0.997179	-0.265045	0.963788	0.029408	-0.961362	-0.266485	0.069063
59965	9.778020	0.219113	0.651009	-0.200399	-0.013061	0.013174	0.074185	-0.009839	0.997196	-0.263210	0.964300	0.029095	-0.961882	-0.264631	0.068947
59966	9.747397	0.203086	0.756660	-0.200769	-0.017333	0.008570	0.073947	-0.009767	0.997214	-0.261323	0.964821	0.028828	-0.962415	-0.262726	0.068793
59967	9.728759	0.172253	0.824663	-0.175103	-0.012002	0.000081	0.073778	-0.009762	0.997227	-0.259735	0.965254	0.028665	-0.962857	-0.261130	0.068679
59968	9.758783	0.190394	0.857038	-0.140301	-0.016451	-0.005371	0.073585	-0.009822	0.997241	-0.258418	0.965610	0.028579	-0.963227	-0.259808	0.068516
59969	9.720020	0.210491	0.914326	-0.101551	-0.014985	-0.008042	0.073408	-0.009902	0.997253	-0.257530	0.965849	0.028547	-0.963478	-0.258918	0.068351
59970	9.716391	0.213974	0.879052	-0.078849	-0.011888	-0.011100	0.073273	-0.010005	0.997262	-0.256800	0.966043	0.028560	-0.963683	-0.258189	0.068216
59971	9.757586	0.246534	0.894477	-0.067995	-0.006127	-0.012761	0.073197	-0.010108	0.997266	-0.256231	0.966192	0.028599	-0.963840	-0.257624	0.068132
59972	9.754576	0.222984	0.839871	-0.062910	0.000258	-0.018170	0.073197	-0.010248	0.997265	-0.255649	0.966344	0.028694	-0.963995	-0.257050	0.068113
59973	9.759024	0.193198	0.853653	-0.051103	-0.003345	-0.023268	0.073169	-0.010454	0.997265	-0.255033	0.966502	0.028843	-0.964160	-0.256446	0.068052
59974	9.790417	0.158194	0.846294	-0.047297	-0.002784	-0.019990	0.073145	-0.010620	0.997265	-0.254600	0.966613	0.028967	-0.964276	-0.256022	0.067999
59975	9.830027	0.111832	0.767285	-0.056156	0.002084	-0.023964	0.073175	-0.010812	0.997260	-0.254069	0.966748	0.029124	-0.964414	-0.255504	0.067995
59976	9.755983	0.038255	0.663394	-0.037562	0.006027	-0.021383	0.073239	-0.010969	0.997254	-0.253729	0.966833	0.029268	-0.964499	-0.255175	0.068027
59977	9.779168	0.038186	0.608127	-0.031358	-0.009797	-0.019092	0.073141	-0.011142	0.997259	-0.253483	0.966893	0.029394	-0.964571	-0.254938	0.067895
59978	9.803950	-0.017703	0.511055	-0.011763	-0.014278	-0.016256	0.072996	-0.011301	0.997268	-0.253395	0.966913	0.029504	-0.964605	-0.254857	0.067717
59979	9.813683	0.052495	0.533072	0.018855	-0.014992	-0.013697	0.072835	-0.011435	0.997278	-0.253642	0.966845	0.029610	-0.964552	-0.255108	0.067519
59980	9.804725	0.116440	0.503586	0.032761	-0.025268	-0.009050	0.072565	-0.011552	0.997297	-0.253989	0.966752	0.029679	-0.964481	-0.255456	0.067218
59981	9.819821	0.127446	0.517292	0.051538	-0.036395	-0.016705	0.072204	-0.011772	0.997320	-0.254509	0.966610	0.029835	-0.964371	-0.255981	0.066797
59982	9.793645	0.266189	0.530211	0.069119	-0.040610	-0.018062	0.071810	-0.012016	0.997346	-0.255200	0.966422	0.030018	-0.964218	-0.256678	0.066332
59983	9.709647	0.442553	0.430168	0.050115	-0.053311	-0.020989	0.071297	-0.012322	0.997379	-0.255674	0.966291	0.030215	-0.964131	-0.257158	0.065743
59984	9.722177	0.561313	0.382879	0.006798	-0.051820	-0.022843	0.070807	-0.012642	0.997410	-0.255760	0.966262	0.030403	-0.964144	-0.257251	0.065185
59985	9.682706	0.611457	0.457577	-0.036067	-0.040642	-0.020634	0.070415	-0.012914	0.997434	-0.255371	0.966361	0.030540	-0.964276	-0.256866	0.064748
59986	9.714627	0.553137	0.567035	-0.064833	-0.029915	-0.018504	0.070125	-0.013135	0.997452	-0.254770	0.966516	0.030639	-0.964456	-0.256269	0.064430
59987	9.731575	0.484554	0.661388	-0.081971	-0.007704	-0.011250	0.070028	-0.013226	0.997457	-0.254063	0.966702	0.030655	-0.964649	-0.255564	0.064336
59988	9.774563	0.437915	0.756935	-0.082978	0.009017	-0.009661	0.070091	-0.013262	0.997452	-0.253293	0.966904	0.030655	-0.964847	-0.254796	0.064412
59989	9.808557	0.294434	0.810336	-0.051839	0.030754	-0.005449	0.070351	-0.013200	0.997435	-0.252865	0.967017	0.030633	-0.964940	-0.254371	0.064693
59990	9.782502	0.248307	0.934475	0.015939	0.045320	0.000357	0.070739	-0.013046	0.997410	-0.253056	0.966968	0.030596	-0.964862	-0.254565	0.065101
59991	9.782878	0.220674	0.918198	0.044875	0.040906	0.001427	0.071078	-0.012896	0.997387	-0.253477	0.966858	0.030565	-0.964727	-0.254988	0.065453
59992	9.782190	0.244774	0.802780	0.072309	0.050881	-0.001824	0.071525	-0.012749	0.997357	-0.254211	0.966665	0.030587	-0.964500	-0.255727	0.065899
59993	9.750303	0.282302	0.814487	0.095619	0.045124	-0.003146	0.071917	-0.012626	0.997331	-0.255238	0.966393	0.030640	-0.964200	-0.256760	0.066278
59994	9.730417	0.305592	0.787681	0.128209	0.038495	-0.009914	0.072265	-0.012588	0.997306	-0.256504	0.966053	0.030780	-0.963838	-0.258037	0.066583
59995	9.720128	0.398247	0.783259	0.145494	0.030936	-0.012145	0.072545	-0.012589	0.997286	-0.257987	0.965652	0.030956	-0.963421	-0.259532	0.066805
59996	9.701180	0.394396	0.734372	0.132335	0.022054	-0.015548	0.072749	-0.012647	0.997270	-0.259287	0.965298	0.031156	-0.963056	-0.260846	0.066945
59997	9.770551	0.367946	0.691146	0.116606	0.031520	-0.019350	0.073051	-0.012718	0.997247	-0.260421	0.964985	0.031383	-0.962728	-0.261996	0.067181
59998	9.790559	0.321194	0.704990	0.127826	0.046092	-0.020722	0.073500	-0.012762	0.997214	-0.261673	0.964638	0.031632	-0.962354	-0.263269	0.067561
59999	9.770309	0.191740	0.804110	0.148569	0.059704	-0.018782	0.074072	-0.012751	0.997171	-0.263130	0.964234	0.031876	-0.961913	-0.264747	0.068068
60000	9.761555	0.229083	0.760881	0.165206	0.049278	-0.016648	0.074541	-0.012747	0.997136	-0.264744	0.963784	0.032111	-0.961433	-0.266380	0.068467
60001	9.848454	0.128238	0.676920	0.167810	0.052010	-0.016881	0.075036	-0.012732	0.997100	-0.266459	0.963303	0.032353	-0.960921	-0.268114	0.068890
60002	9.830444	0.096179	0.611050	0.199020	0.055348	-0.015065	0.075559	-0.012694	0.997061	-0.268397	0.962757	0.032597	-0.960341	-0.270071	0.069338
60003	9.839783	0.189468	0.517632	0.212484	0.036467	-0.010704	0.075885	-0.012666	0.997036	-0.270431	0.962180	0.032806	-0.959744	-0.272119	0.069590
60004	9.758866	0.229737	0.462477	0.216809	0.027313	-0.009390	0.076123	-0.012648	0.997018	-0.272541	0.961578	0.033007	-0.959128	-0.274241	0.069751
60005	9.768398	0.322236	0.366136	0.192348	0.018525	-0.015184	0.076289	-0.012715	0.997005	-0.274304	0.961068	0.033246	-0.958612	-0.276019	0.069831
60006	9.805570	0.359515	0.349185	0.169468	0.025694	-0.011777	0.076519	-0.012723	0.996987	-0.275957	0.960588	0.033438	-0.958119	-0.277684	0.069992
60007	9.750981	0.351769	0.513220	0.152154	0.033287	-0.009686	0.076811	-0.012693	0.996965	-0.277384	0.960172	0.033596	-0.957684	-0.279122	0.070231
60008	9.746220	0.384330	0.501178	0.127241	0.027892	-0.007907	0.077051	-0.012658	0.996947	-0.278633	0.959805	0.033721	-0.957302	-0.280381	0.070427
60009	9.779744	0.423619	0.450805	0.110472	0.032955	-0.009609	0.077339	-0.012627	0.996925	-0.279670	0.959499	0.033849	-0.956976	-0.281427	0.070675
60010	9.786211	0.468594	0.421695	0.101092	0.040240	-0.009849	0.077702	-0.012574	0.996897	-0.280667	0.959204	0.033975	-0.956655	-0.282436	0.071003
60011	9.798656	0.405660	0.489326	0.109080	0.053695	-0.011077	0.078193	-0.012497	0.996860	-0.281710	0.958893	0.034118	-0.956308	-0.283493	0.071458
60012	9.771616	0.365047	0.616214	0.133290	0.067068	-0.018503	0.078837	-0.012451	0.996810	-0.283007	0.958502	0.034355	-0.955872	-0.284813	0.072042
60013	9.826777	0.410195	0.654460	0.140840	0.068371	-0.012002	0.079473	-0.012335	0.996761	-0.284420	0.958078	0.034534	-0.955400	-0.286243	0.072633
60014	9.824029	0.338273	0.708648	0.165331	0.086170	-0.014973	0.080289	-0.012198	0.996697	-0.286024	0.957592	0.034760	-0.954853	-0.287870	0.073395
60015	9.790613	0.406315	0.741797	0.194074	0.089401	-0.015900	0.081135	-0.012055	0.996630	-0.287978	0.956997	0.035020	-0.954194	-0.289849	0.074175
60016	9.801285	0.373763	0.833300	0.178607	0.090459	-0.012801	0.081985	-0.011882	0.996563	-0.289709	0.956466	0.035237	-0.953597	-0.291602	0.074974
60017	9.784532	0.395163	0.845342	0.191478	0.113312	-0.017393	0.083063	-0.011683	0.996476	-0.291581	0.955887	0.035512	-0.952933	-0.293503	0.075992
60018	9.730219	0.382239	0.877541	0.225417	0.120995	-0.022480	0.084231	-0.011508	0.996380	-0.293747	0.955210	0.035865	-0.952165	-0.295704	0.077078
60019	9.766630	0.469061	0.768542	0.244141	0.131079	-0.031026	0.085517	-0.011383	0.996272	-0.296077	0.954473	0.036320	-0.951328	-0.298079	0.078253
60020	9.695466	0.551152	0.721810	0.233953	0.130235	-0.026415	0.086784	-0.011213	0.996164	-0.298317	0.953760	0.036725	-0.950513	-0.300360	0.079426
60021	9.760633	0.564374	0.848606	0.201275	0.121065	-0.028309	0.087963	-0.011090	0.996062	-0.300187	0.953158	0.037122	-0.949816	-0.302271	0.080513
60022	10.006359	0.625691	0.822362	0.159425	0.126768	-0.042846	0.089245	-0.011082	0.995948	-0.301701	0.952659	0.037635	-0.949216	-0.303837	0.081677
60023	9.391437	0.492952	0.816999	0.220809	0.200785	-0.043936	0.091231	-0.010853	0.995771	-0.303844	0.951955	0.038213	-0.948344	-0.306045	0.083550
60024	9.508203	0.665929	1.089932	0.161734	0.138962	-0.046754	0.092641	-0.010839	0.995641	-0.305372	0.951444	0.038772	-0.947716	-0.307632	0.084832
60025	9.871507	0.530670	0.872175	0.132805	0.135634	-0.054795	0.094040	-0.010913	0.995509	-0.306601	0.951023	0.039388	-0.947181	-0.308928	0.086088
60026	9.861282	0.523582	0.939313	0.186934	0.185461	-0.051192	0.095903	-0.010793	0.995332	-0.308360	0.950428	0.040017	-0.946423	-0.310759	0.087821
60027	9.752386	0.535691	1.225850	0.229091	0.183908	-0.046284	0.097737	-0.010619	0.995156	-0.310646	0.949656	0.040643	-0.945488	-0.313113	0.089518
60028	9.667869	0.449201	1.157991	0.283532	0.170896	-0.049402	0.099455	-0.010518	0.994986	-0.313314	0.948749	0.041347	-0.944427	-0.315856	0.091062
60029	9.445351	0.582724	1.246549	0.356926	0.145963	-0.054629	0.100953	-0.010541	0.994835	-0.316689	0.947591	0.042177	-0.943142	-0.319311	0.092324
60030	9.514139	0.691829	1.202406	0.295035	0.107245	-0.057435	0.102096	-0.010709	0.994717	-0.319450	0.946628	0.042979	-0.942087	-0.322150	0.093226
60031	9.745259	0.530777	1.049533	0.258897	0.134433	-0.066160	0.103523	-0.010870	0.994568	-0.321862	0.945771	0.043839	-0.941110	-0.324652	0.094410
60032	9.776568	0.690793	1.151780	0.284129	0.179136	-0.069584	0.105382	-0.010913	0.994372	-0.324500	0.944826	0.044759	-0.939997	-0.327391	0.096026
60033	9.689024	0.590197	1.205435	0.272108	0.177525	-0.064148	0.107205	-0.010908	0.994177	-0.326998	0.943923	0.045617	-0.938925	-0.329984	0.097626
60034	9.630279	0.509891	1.290279	0.205688	0.130580	-0.041998	0.108517	-0.010841	0.994035	-0.328921	0.943227	0.046194	-0.938102	-0.331972	0.098790
60035	9.691548	0.428925	1.049376	0.142322	0.053678	-0.022191	0.109042	-0.010837	0.993978	-0.330333	0.942718	0.046516	-0.937545	-0.333416	0.099216
60036	9.781590	0.381534	0.644187	0.078753	-0.030837	0.010235	0.108668	-0.010813	0.994019	-0.331120	0.942445	0.046450	-0.937310	-0.334188	0.098833
60037	9.886586	0.255341	0.127878	0.011003	-0.046663	0.020245	0.108110	-0.010748	0.994081	-0.331295	0.942394	0.046218	-0.937313	-0.334331	0.098322
60038	9.840412	0.278036	0.110005	-0.022906	-0.044858	0.039166	0.107509	-0.010498	0.994149	-0.331161	0.942464	0.045764	-0.937430	-0.334143	0.097846
60039	9.850070	0.242017	0.190207	-0.093030	-0.059938	0.050171	0.106727	-0.010188	0.994236	-0.330468	0.942737	0.045135	-0.937764	-0.333380	0.097249
60040	9.878141	0.143883	0.043073	-0.071982	-0.034630	0.048636	0.106191	-0.009814	0.994297	-0.329883	0.942971	0.044539	-0.938030	-0.332731	0.096897
60041	9.848098	0.274892	0.411683	-0.022510	0.025862	0.053631	0.106203	-0.009184	0.994302	-0.329893	0.942995	0.043946	-0.938025	-0.332680	0.097119
60042	9.674272	0.235899	0.912221	-0.017503	0.044055	0.069201	0.106337	-0.008354	0.994295	-0.329840	0.943048	0.043198	-0.938029	-0.332552	0.097525
60043	9.580338	0.221291	1.182440	0.028582	0.033024	0.077597	0.106336	-0.007479	0.994302	-0.330280	0.942930	0.042414	-0.937874	-0.332908	0.097798
60044	9.506894	0.406173	1.229219	0.087720	0.020738	0.080239	0.106214	-0.006622	0.994321	-0.331226	0.942631	0.041660	-0.937554	-0.333770	0.097927
60045	9.543823	0.578524	1.405236	0.116872	0.024873	0.086690	0.106106	-0.005690	0.994339	-0.332487	0.942222	0.040871	-0.937120	-0.334941	0.098084
60046	9.507896	0.682185	1.654232	0.188265	0.030789	0.090171	0.106043	-0.004707	0.994350	-0.334384	0.941583	0.040117	-0.936452	-0.336749	0.098274
60047	9.536105	0.844571	1.880330	0.206141	-0.001389	0.082469	0.105701	-0.003902	0.994390	-0.336481	0.940863	0.039459	-0.935739	-0.338765	0.098137
60048	9.786426	0.822941	1.962024	0.222887	-0.036744	0.080771	0.105033	-0.003237	0.994463	-0.338689	0.940097	0.038832	-0.935017	-0.340893	0.097645
60049	9.813439	0.943351	1.886434	0.241054	-0.050299	0.086869	0.104215	-0.002553	0.994552	-0.341219	0.939209	0.038166	-0.934189	-0.343338	0.097008
60050	9.715659	0.992312	1.747115	0.231158	-0.084824	0.085816	0.103077	-0.002009	0.994671	-0.343505	0.938402	0.037493	-0.933477	-0.345539	0.096038
60051	9.622201	1.052693	1.484055	0.184860	-0.103365	0.087856	0.101760	-0.001515	0.994808	-0.345358	0.937751	0.036755	-0.932938	-0.347305	0.094902
60052	9.618029	1.059823	1.213223	0.112481	-0.108028	0.086090	0.100403	-0.001053	0.994946	-0.346532	0.937349	0.035962	-0.932649	-0.348391	0.093747
60053	9.622512	1.094589	1.098376	0.083085	-0.100646	0.083306	0.099124	-0.000588	0.995075	-0.347548	0.937002	0.035174	-0.932408	-0.349323	0.092675
60054	9.602339	1.035143	1.107314	0.035694	-0.088871	0.078090	0.097972	-0.000137	0.995189	-0.347996	0.936865	0.034387	-0.932363	-0.349691	0.091739
60055	9.599153	0.986653	1.168116	0.009798	-0.085285	0.074283	0.096865	0.000294	0.995297	-0.348289	0.936784	0.033620	-0.932369	-0.349908	0.090844
60056	9.548585	0.993680	1.233904	-0.029265	-0.078436	0.074839	0.095822	0.000751	0.995398	-0.348126	0.936874	0.032806	-0.932538	-0.349667	0.090034
60057	9.492069	1.047393	1.458078	-0.083867	-0.061387	0.074844	0.094934	0.001260	0.995483	-0.347385	0.937179	0.031943	-0.932905	-0.348848	0.089408
60058	9.292297	1.078290	1.644543	-0.107656	-0.031315	0.072825	0.094338	0.001863	0.995539	-0.346487	0.937540	0.031079	-0.933299	-0.347873	0.089091
60059	9.116212	1.190635	1.866530	-0.118756	-0.025995	0.069591	0.093805	0.002460	0.995588	-0.345611	0.937890	0.030246	-0.933677	-0.346923	0.088829
60060	9.257924	1.089623	2.095488	-0.160140	-0.034028	0.071962	0.093187	0.003047	0.995644	-0.344220	0.938430	0.029345	-0.934253	-0.345455	0.088498
60061	9.781447	0.785083	2.081230	-0.160936	-0.053822	0.064781	0.092416	0.003498	0.995714	-0.342834	0.938963	0.028521	-0.934839	-0.344001	0.087974
60062	10.251605	0.593402	1.705918	-0.163280	-0.069847	0.062852	0.091496	0.003878	0.995798	-0.341403	0.939509	0.027710	-0.935453	-0.342503	0.087285
60063	10.215761	0.444061	1.092700	-0.200788	-0.101966	0.072856	0.090245	0.004240	0.995911	-0.339601	0.940189	0.026771	-0.936230	-0.340628	0.086287
60064	9.988028	0.082051	0.348749	-0.221280	-0.149812	0.098486	0.088456	0.004688	0.996069	-0.337653	0.940923	0.025557	-0.937105	-0.338587	0.084813
60065	9.991389	0.111353	-0.431895	-0.255785	-0.227601	0.129206	0.085839	0.005160	0.996296	-0.335358	0.941785	0.024016	-0.938172	-0.336177	0.082572
60066	10.074527	0.076210	-1.140739	-0.373242	-0.272780	0.166002	0.082672	0.005843	0.996560	-0.332030	0.943012	0.022016	-0.939639	-0.332708	0.079901
60067	10.023934	-0.084348	-1.358880	-0.474867	-0.280410	0.199469	0.079327	0.006829	0.996825	-0.327856	0.944524	0.019620	-0.941391	-0.328372	0.077166
60068	10.084495	-0.145175	-1.343766	-0.558355	-0.293221	0.221201	0.075793	0.007997	0.997091	-0.322803	0.946315	0.016948	-0.943427	-0.323148	0.074306
60069	10.095495	-0.356510	-1.226592	-0.601911	-0.279771	0.241460	0.072328	0.009415	0.997336	-0.317345	0.948206	0.014063	-0.945548	-0.317517	0.071570
60070	10.072454	-0.433882	-0.911281	-0.609176	-0.294040	0.254304	0.068694	0.010935	0.997578	-0.311794	0.950085	0.011056	-0.947663	-0.311799	0.068675
60071	10.184942	-0.418195	-0.745992	-0.610795	-0.309842	0.267122	0.064875	0.012547	0.997815	-0.306272	0.951911	0.007943	-0.949731	-0.306118	0.065598
60072	10.089071	-0.480428	-0.598428	-0.488211	-0.310628	0.290245	0.060989	0.014401	0.998035	-0.301851	0.953344	0.004690	-0.951402	-0.301543	0.062491
60073	10.050693	-0.322397	-0.164584	-0.392776	-0.322392	0.303159	0.056954	0.016354	0.998243	-0.298350	0.954456	0.001385	-0.952756	-0.297905	0.059239
60074	9.855176	-0.337285	0.120968	-0.303178	-0.316436	0.301910	0.052991	0.018332	0.998427	-0.295662	0.955291	-0.001848	-0.953822	-0.295099	0.056041
60075	9.687880	0.137865	0.422007	-0.251509	-0.321574	0.310582	0.048949	0.020384	0.998593	-0.293639	0.955903	-0.005119	-0.954662	-0.292976	0.052776
60076	9.618233	0.458194	0.583549	-0.254370	-0.292917	0.311359	0.045190	0.022540	0.998724	-0.291392	0.956567	-0.008403	-0.955536	-0.290641	0.049795
60077	9.564103	0.645942	1.035949	-0.272797	-0.241246	0.292248	0.041983	0.024667	0.998814	-0.288917	0.957285	-0.011497	-0.956433	-0.288092	0.047316
60078	9.349680	0.724567	1.382750	-0.325949	-0.222219	0.269696	0.039031	0.026646	0.998883	-0.285943	0.958139	-0.014386	-0.957451	-0.285062	0.045017
60079	9.448139	0.655324	1.297384	-0.435637	-0.218809	0.246026	0.036181	0.028414	0.998941	-0.281870	0.959301	-0.017077	-0.958770	-0.280953	0.042718
60080	9.655180	0.296590	1.050697	-0.501526	-0.201268	0.222002	0.033580	0.030018	0.998985	-0.277171	0.960622	-0.019548	-0.960234	-0.276233	0.040578
60081	9.821911	0.128884	0.806244	-0.562943	-0.194690	0.209325	0.031080	0.031525	0.999020	-0.271922	0.962070	-0.021900	-0.961817	-0.270975	0.038474
60082	10.010116	-0.316271	0.178661	-0.646990	-0.194276	0.202593	0.028616	0.032990	0.999046	-0.265790	0.963727	-0.024211	-0.963606	-0.264843	0.036346
60083	10.018720	-0.727493	-0.481707	-0.631661	-0.199786	0.206188	0.026096	0.034485	0.999064	-0.259802	0.965297	-0.026533	-0.965309	-0.258866	0.034150
60084	9.855991	-0.901886	-0.923438	-0.591593	-0.204171	0.206934	0.023543	0.035996	0.999075	-0.254173	0.966729	-0.028841	-0.966872	-0.253259	0.031909
60085	9.599339	-0.918812	-1.248518	-0.521108	-0.224477	0.227251	0.020748	0.037662	0.999075	-0.249203	0.967945	-0.031313	-0.968229	-0.248323	0.029468
60086	9.534559	-0.798890	-1.250226	-0.433351	-0.246284	0.229448	0.017747	0.039313	0.999069	-0.245084	0.968913	-0.033773	-0.969339	-0.244257	0.026830
60087	9.527602	-0.820029	-0.872601	-0.379595	-0.240466	0.246183	0.014766	0.041149	0.999044	-0.241410	0.969741	-0.036374	-0.970311	-0.240642	0.024253
60088	9.343983	-0.784440	-0.529766	-0.260310	-0.221734	0.251620	0.011961	0.043095	0.998999	-0.238952	0.970248	-0.038993	-0.970958	-0.238247	0.021903
60089	9.128072	-0.718466	0.089707	-0.158145	-0.210600	0.244143	0.009287	0.045000	0.998944	-0.237366	0.970533	-0.041514	-0.971376	-0.236730	0.019695
60090	9.079749	-0.759509	0.637039	-0.104357	-0.214217	0.216082	0.006646	0.046627	0.998890	-0.236404	0.970670	-0.043737	-0.971632	-0.235851	0.017474
60091	9.443463	-0.622818	1.200219	-0.033171	-0.228025	0.171372	0.003970	0.047782	0.998850	-0.236183	0.970643	-0.045494	-0.971700	-0.235731	0.015138
60092	9.776218	-0.568789	1.508746	-0.040305	-0.212834	0.125937	0.001556	0.048538	0.998820	-0.235830	0.970667	-0.046803	-0.971793	-0.235478	0.012957
60093	9.748181	-0.746892	1.823102	-0.033715	-0.178984	0.060551	-0.000382	0.048735	0.998812	-0.235580	0.970696	-0.047453	-0.971855	-0.235318	0.011110
60094	9.884831	-0.823011	2.109618	-0.040198	-0.180006	0.011794	-0.002207	0.048461	0.998823	-0.235224	0.970774	-0.047620	-0.971939	-0.235052	0.009257
60095	9.921061	-1.401609	1.898075	-0.118938	-0.196397	0.000812	-0.004162	0.048045	0.998836	-0.234054	0.971054	-0.047684	-0.972215	-0.233980	0.007204
60096	9.972213	-1.543143	1.606475	0.018476	-0.129566	-0.016135	-0.005432	0.047621	0.998851	-0.234268	0.971008	-0.047568	-0.972157	-0.234257	0.005882
60097	9.932093	-1.195684	1.581102	0.165638	-0.098317	-0.022445	-0.006386	0.047204	0.998865	-0.235949	0.970610	-0.047378	-0.971744	-0.235984	0.004939
60098	9.719591	-0.906006	1.542873	0.257160	-0.075182	-0.024583	-0.007106	0.046823	0.998878	-0.238483	0.970001	-0.047166	-0.971121	-0.238551	0.004273
60099	9.761568	-0.794447	0.997405	0.246426	-0.100264	-0.032375	-0.008052	0.046301	0.998895	-0.240943	0.969406	-0.046877	-0.970506	-0.241055	0.003350
60100	9.648656	-0.429785	0.703779	0.258194	-0.089678	-0.026013	-0.008907	0.045867	0.998908	-0.243485	0.968782	-0.046655	-0.969864	-0.243634	0.002539
60101	8.857897	-0.706645	0.242036	0.220670	-0.087775	-0.013091	-0.009771	0.045566	0.998914	-0.245579	0.968257	-0.046570	-0.969327	-0.245767	0.001729
60102	9.464702	-0.682473	0.186454	0.181329	-0.203306	-0.011497	-0.011762	0.044989	0.998918	-0.247372	0.967804	-0.046500	-0.968849	-0.247651	-0.000254
60103	10.473333	-1.054960	-0.206258	0.129372	-0.204277	0.011227	-0.013820	0.044622	0.998908	-0.248689	0.967459	-0.046658	-0.968485	-0.249063	-0.002274
60104	9.965835	-1.025837	-0.345051	0.229160	-0.145138	0.003880	-0.015284	0.044332	0.998900	-0.250941	0.966873	-0.046750	-0.967882	-0.251380	-0.003653
60105	10.188669	-0.910462	-0.541380	0.205254	-0.176692	-0.014737	-0.017012	0.043770	0.998897	-0.253070	0.966323	-0.046653	-0.967299	-0.253584	-0.005363
60106	9.817525	-1.032826	-0.398288	0.258036	-0.088659	-0.028681	-0.017846	0.043302	0.998903	-0.255603	0.965666	-0.046427	-0.966617	-0.256151	-0.006165
60107	9.779598	-0.896331	-0.435994	0.266291	-0.112548	-0.048215	-0.018862	0.042576	0.998915	-0.258289	0.964972	-0.046006	-0.965884	-0.258876	-0.007204
60108	9.998770	-0.608259	-0.448439	0.340107	-0.088554	-0.060733	-0.019608	0.041794	0.998934	-0.261618	0.964100	-0.045472	-0.964972	-0.262230	-0.007970
60109	9.796119	-0.348923	-0.339155	0.339337	-0.102292	-0.052225	-0.020508	0.041049	0.998947	-0.265017	0.963192	-0.045021	-0.964026	-0.265661	-0.008875
60110	9.803426	-0.162253	-0.188801	0.295685	-0.107798	-0.044433	-0.021478	0.040367	0.998954	-0.267909	0.962409	-0.044651	-0.963205	-0.268587	-0.009856
60111	9.589492	-0.214451	0.291262	0.227287	-0.107580	-0.033423	-0.022472	0.039792	0.998955	-0.270112	0.961805	-0.044389	-0.962567	-0.270827	-0.010866
60112	9.577217	-0.444108	0.573775	0.104902	-0.168949	-0.005776	-0.024132	0.039312	0.998936	-0.271156	0.961511	-0.044390	-0.962233	-0.271939	-0.012543
60113	9.708830	-0.816545	0.582926	0.063553	-0.195554	0.024038	-0.026131	0.039039	0.998896	-0.271869	0.961296	-0.044681	-0.961979	-0.272736	-0.014507
60114	9.724092	-0.911700	0.869902	0.076811	-0.195529	0.050434	-0.028199	0.039023	0.998840	-0.272627	0.961055	-0.045244	-0.961706	-0.273587	-0.016462
60115	9.857861	-0.769887	0.893697	0.035339	-0.221679	0.070178	-0.030573	0.039122	0.998767	-0.273017	0.960909	-0.045996	-0.961523	-0.274087	-0.018697
60116	10.037688	-0.500660	0.637300	-0.045157	-0.224719	0.080272	-0.033002	0.039311	0.998682	-0.272590	0.960990	-0.046835	-0.961564	-0.273777	-0.020999
60117	10.155058	-0.322623	0.187652	-0.151322	-0.227385	0.070223	-0.035429	0.039394	0.998595	-0.271211	0.961345	-0.047546	-0.961868	-0.272515	-0.023375
60118	10.100101	-0.274141	-0.352295	-0.291416	-0.273924	0.046599	-0.038240	0.039133	0.998502	-0.268423	0.962105	-0.047986	-0.962542	-0.269855	-0.026286
60119	10.079744	-0.340692	-0.793672	-0.406570	-0.324169	0.011599	-0.041439	0.038411	0.998402	-0.264532	0.963180	-0.048036	-0.963486	-0.266100	-0.029752
60120	9.839353	-0.691905	-1.070320	-0.483870	-0.344836	-0.015024	-0.044773	0.037391	0.998297	-0.259906	0.964451	-0.047780	-0.964595	-0.261602	-0.033463
60121	9.852987	-0.879283	-0.907503	-0.577402	-0.410323	-0.026353	-0.048711	0.036109	0.998160	-0.254396	0.965940	-0.047358	-0.965873	-0.256235	-0.037866
60122	9.789492	-1.242915	-0.881447	-0.552303	-0.428994	-0.021405	-0.052852	0.034848	0.997994	-0.249101	0.967338	-0.046970	-0.967034	-0.251084	-0.042445
60123	9.969166	-1.372504	-0.205458	-0.492300	-0.465095	0.006000	-0.057417	0.033789	0.997778	-0.244337	0.968557	-0.046860	-0.967989	-0.246485	-0.047356
60124	9.942610	-1.645748	0.191192	-0.469973	-0.461782	0.021735	-0.061990	0.032907	0.997534	-0.239805	0.969688	-0.046891	-0.968840	-0.242120	-0.052220
60125	9.785981	-1.740772	0.999975	-0.392644	-0.436310	0.021192	-0.066321	0.032109	0.997282	-0.235974	0.970625	-0.046943	-0.969494	-0.238445	-0.056796
60126	9.820471	-1.940069	1.453476	-0.381127	-0.401271	0.017347	-0.070301	0.031363	0.997033	-0.232297	0.971512	-0.046940	-0.970101	-0.234908	-0.061013
60127	9.902872	-1.986028	1.619968	-0.286872	-0.329150	-0.012450	-0.073508	0.030516	0.996828	-0.229540	0.972179	-0.046688	-0.970519	-0.232244	-0.064459
60128	9.878641	-1.610096	1.902264	-0.151104	-0.226311	-0.060660	-0.075614	0.029438	0.996703	-0.228150	0.972537	-0.046032	-0.970685	-0.230879	-0.066821
60129	9.391097	-1.004966	2.105819	-0.065190	-0.158550	-0.097211	-0.076972	0.028177	0.996635	-0.227574	0.972717	-0.045077	-0.970714	-0.230278	-0.068460
60130	9.506475	-0.708220	1.926656	-0.160456	-0.188425	-0.151036	-0.078506	0.026311	0.996566	-0.226164	0.973117	-0.043508	-0.970920	-0.228804	-0.070445
60131	9.799509	-0.782531	1.573432	-0.240746	-0.192341	-0.210892	-0.079945	0.023863	0.996514	-0.224025	0.973708	-0.041289	-0.971299	-0.226545	-0.072497
60132	9.759510	-0.746775	1.114482	-0.283081	-0.247074	-0.234152	-0.081871	0.021062	0.996420	-0.221495	0.974389	-0.038795	-0.971719	-0.223879	-0.075109
60133	10.136221	-0.247941	-0.736150	-0.328928	-0.450156	-0.262964	-0.085705	0.017543	0.996166	-0.218544	0.975164	-0.035975	-0.972056	-0.220789	-0.079743
60134	10.384764	0.623534	-2.496715	-0.342737	-0.505842	-0.296816	-0.090026	0.013575	0.995847	-0.215503	0.975953	-0.032786	-0.972345	-0.217559	-0.084936
60135	10.402858	0.818566	-3.432893	-0.615037	-0.514621	-0.320018	-0.094391	0.009388	0.995491	-0.209850	0.977300	-0.029114	-0.973167	-0.211652	-0.090278
60136	10.427673	0.051943	-3.903739	-0.812584	-0.466500	-0.324569	-0.098312	0.005281	0.995142	-0.202280	0.979004	-0.025179	-0.974381	-0.203773	-0.095179
60137	10.565012	-0.774434	-2.899234	-0.864384	-0.407490	-0.300708	-0.101730	0.001570	0.994811	-0.194158	0.980737	-0.021402	-0.975681	-0.195328	-0.099465
60138	10.203052	-1.652792	-2.316505	-0.702610	-0.395041	-0.284025	-0.105090	-0.001938	0.994461	-0.187623	0.982078	-0.017914	-0.976603	-0.188466	-0.103570
60139	9.659228	-1.694492	-1.500940	-0.427197	-0.379119	-0.279755	-0.108315	-0.005342	0.994102	-0.183751	0.982862	-0.014739	-0.976987	-0.184264	-0.107441
60140	9.637238	-2.009988	-0.199226	-0.473307	-0.342414	-0.234685	-0.111281	-0.008234	0.993755	-0.179413	0.983701	-0.011940	-0.977460	-0.179621	-0.110945
60141	9.923172	-2.958784	1.260025	-0.428749	-0.274913	-0.162472	-0.113723	-0.010270	0.993459	-0.175412	0.984445	-0.009903	-0.977905	-0.175391	-0.113755
60142	10.242869	-3.325585	2.140916	-0.044232	-0.225890	-0.140996	-0.115730	-0.012015	0.993208	-0.175171	0.984501	-0.008501	-0.977713	-0.174965	-0.116041
60143	10.117200	-2.453804	2.708588	0.404323	-0.097656	-0.157048	-0.116451	-0.013676	0.993102	-0.179300	0.983766	-0.007477	-0.976878	-0.178934	-0.117012
60144	10.053149	-1.498030	3.704266	0.552716	-0.018807	-0.205889	-0.116305	-0.015696	0.993090	-0.184966	0.982726	-0.006130	-0.975839	-0.184400	-0.117199
60145	10.330602	-0.779884	4.325661	0.629009	0.000327	-0.325034	-0.115727	-0.018826	0.993103	-0.191464	0.981493	-0.003705	-0.974653	-0.190573	-0.117190
60146	10.571731	0.624704	4.778460	0.697370	0.033863	-0.473448	-0.114520	-0.023366	0.993146	-0.198831	0.980034	0.000131	-0.973320	-0.197453	-0.116879
60147	10.655507	2.300401	5.209064	0.632494	0.038442	-0.592049	-0.112979	-0.029036	0.993173	-0.205682	0.978605	0.005212	-0.972075	-0.203689	-0.116534
60148	11.756625	3.646726	5.691000	0.461539	-0.037141	-0.811823	-0.111695	-0.037015	0.993053	-0.211108	0.977380	0.012686	-0.971060	-0.208224	-0.116983
60149	11.514920	4.211347	6.214494	0.611167	0.236719	-0.746562	-0.107823	-0.043753	0.993207	-0.217875	0.975785	0.019333	-0.970002	-0.214310	-0.114745
60150	10.850930	4.844242	6.164085	0.806890	0.342839	-0.696749	-0.102999	-0.049759	0.993436	-0.226460	0.973692	0.025291	-0.968559	-0.222369	-0.111558
60151	10.244302	5.357518	4.085138	0.812775	0.220551	-0.664343	-0.099351	-0.055674	0.993494	-0.235022	0.971498	0.030939	-0.966899	-0.230419	-0.109604
60152	10.117456	5.122886	1.204847	0.670414	0.201358	-0.661864	-0.095875	-0.061591	0.993486	-0.242175	0.969537	0.036736	-0.965484	-0.237076	-0.107870
60153	10.071683	4.265622	-0.168767	0.552843	0.461491	-0.706514	-0.089708	-0.067283	0.993693	-0.248189	0.967751	0.043120	-0.964549	-0.242756	-0.103514
60154	9.768909	3.530336	0.000430	0.490240	0.782216	-0.827082	-0.080139	-0.073324	0.994083	-0.253649	0.965961	0.050802	-0.963971	-0.248077	-0.096010
60155	9.697839	3.171336	0.586078	0.608046	0.937270	-0.975816	-0.068614	-0.080347	0.994403	-0.260273	0.963675	0.059905	-0.963094	-0.254706	-0.087034
60156	9.615612	2.523474	1.283116	0.717666	1.061670	-1.047233	-0.055679	-0.087644	0.994595	-0.267863	0.960934	0.069683	-0.961847	-0.262535	-0.076981
60157	9.589968	1.128204	0.877935	0.043308	0.952809	-0.980131	-0.043900	-0.094515	0.994555	-0.268809	0.959919	0.079358	-0.962193	-0.263861	-0.067547
60158	9.398901	-0.323020	-1.731725	-0.190936	0.790351	-1.010142	-0.033633	-0.102094	0.994206	-0.267395	0.959424	0.089476	-0.963000	-0.262836	-0.059568
60159	10.818825	-0.062745	-2.531748	0.006470	0.718112	-1.031981	-0.023972	-0.110066	0.993635	-0.267803	0.958302	0.099691	-0.963175	-0.263708	-0.052448
60160	11.764303	-0.870525	-2.678660	0.098831	0.868100	-0.900260	-0.013244	-0.116355	0.993119	-0.268956	0.957017	0.108539	-0.963062	-0.265667	-0.043969
60161	11.812773	-1.241430	-2.358316	0.309353	1.003766	-0.851694	-0.001295	-0.121775	0.992557	-0.272037	0.955168	0.116833	-0.962286	-0.269861	-0.034364
60162	11.867938	-2.201703	-2.224908	0.361462	1.035955	-0.729942	0.010618	-0.125886	0.991988	-0.275514	0.953276	0.123923	-0.961238	-0.274622	-0.024562
60163	11.912953	-3.506003	-2.003676	0.381426	1.143897	-0.566205	0.023155	-0.128071	0.991495	-0.279124	0.951493	0.129422	-0.959976	-0.279747	-0.013715
60164	10.967843	-4.607780	-1.935386	0.266013	1.168186	-0.378638	0.035375	-0.128346	0.991098	-0.281601	0.950254	0.133108	-0.958879	-0.283803	-0.002527
60165	9.886930	-5.129217	-2.900314	0.466817	0.971734	-0.215801	0.045272	-0.127562	0.990797	-0.286004	0.948642	0.135203	-0.957158	-0.289493	0.006464
60166	9.315286	-4.305430	-4.017001	0.937698	0.823072	-0.066287	0.053280	-0.125734	0.990632	-0.294969	0.945792	0.135907	-0.954020	-0.299447	0.013304
60167	8.583539	-3.172707	-3.936673	1.151450	0.827467	0.076149	0.060911	-0.122445	0.990604	-0.306011	0.942365	0.135299	-0.950077	-0.311377	0.019931
60168	8.212318	-2.223335	-3.028116	1.068611	0.756905	0.171017	0.067505	-0.118407	0.990668	-0.316290	0.939179	0.133805	-0.946258	-0.322371	0.025948
60169	8.289339	-1.624989	-2.398610	1.110325	0.726134	0.234505	0.073574	-0.113783	0.990778	-0.326981	0.935802	0.131751	-0.942163	-0.333659	0.031646
60170	8.209697	-1.034159	-2.483830	1.088270	0.567518	0.276466	0.077940	-0.109246	0.990954	-0.337459	0.932413	0.129334	-0.938108	-0.344486	0.035806
60171	8.316207	-0.430220	-3.899074	0.968680	0.253128	0.276810	0.079328	-0.105742	0.991224	-0.346787	0.929321	0.126891	-0.934583	-0.353810	0.037051
60172	8.599884	0.317404	-5.501555	0.897651	-0.100657	0.255213	0.077440	-0.103705	0.991589	-0.355399	0.926367	0.124639	-0.931501	-0.362062	0.034882
60173	9.304995	1.168270	-6.211933	0.861975	-0.347424	0.197956	0.073454	-0.103099	0.991955	-0.363589	0.923417	0.122899	-0.928659	-0.369691	0.030343
60174	9.930311	2.051967	-6.086341	0.822652	-0.281818	0.123876	0.070334	-0.102981	0.992194	-0.371342	0.920465	0.121859	-0.925828	-0.377014	0.026498
60175	10.025259	2.641173	-4.988493	0.846166	-0.040080	0.060842	0.069683	-0.102531	0.992286	-0.379233	0.917301	0.121415	-0.922674	-0.384768	0.025037
