// General information: 
//  MT Manager version: 2022.2.0 
//  XDA version: 2022.2.0 build 7381 rev 124627 built on 2023-07-19
// Device information: 
//  DeviceId: 00B4CBA7
//  ProductCode: MTW2-3A7G6
//  Firmware Version: 4.6.0
//  Hardware Version: 2.0.0
// Device settings: 
//  Filter Profile: human(46.1)
//  Option Flags: Orientation Smoother Disabled, Position/Velocity Smoother Disabled, Continuous Zero Rotation Update Disabled, AHS Disabled, ICC Disabled
// Coordinate system: ENU
PacketCounter	Acc_X	Acc_Y	Acc_Z	Gyr_X	Gyr_Y	Gyr_Z	Mat[1][1]	Mat[2][1]	Mat[3][1]	Mat[1][2]	Mat[2][2]	Mat[3][2]	Mat[1][3]	Mat[2][3]	Mat[3][3]
03372	9.718515	-0.065351	0.858600	0.004367	0.009553	0.009254	0.069576	0.063384	0.995561	-0.595715	0.803140	-0.009501	-0.800177	-0.592410	0.093638
03373	9.717221	-0.060011	0.883350	0.005682	0.013932	0.007640	0.069676	0.063516	0.995546	-0.595765	0.803102	-0.009542	-0.800131	-0.592447	0.093797
03374	9.725982	-0.034222	0.852891	0.005325	0.011280	0.009150	0.069752	0.063628	0.995533	-0.595795	0.803079	-0.009583	-0.800102	-0.592465	0.093925
03375	9.710531	-0.003024	0.895434	0.006885	0.012086	0.010448	0.069820	0.063771	0.995519	-0.595857	0.803032	-0.009651	-0.800050	-0.592513	0.094066
03376	9.716856	-0.062600	0.887175	0.012512	0.017793	0.010333	0.069869	0.063882	0.995509	-0.595921	0.802984	-0.009703	-0.799998	-0.592567	0.094172
03377	9.716714	-0.063521	0.888659	0.009634	0.012605	0.010652	0.069940	0.064029	0.995494	-0.596005	0.802921	-0.009770	-0.799929	-0.592636	0.094318
03378	9.703644	-0.044856	0.884038	0.011207	0.011850	0.015854	0.070003	0.064194	0.995479	-0.596093	0.802855	-0.009854	-0.799858	-0.592709	0.094468
03379	9.711230	-0.013308	0.877264	0.009990	0.015252	0.009145	0.070104	0.064345	0.995462	-0.596179	0.802790	-0.009906	-0.799785	-0.592779	0.094640
03380	9.702178	-0.040767	0.910385	0.006651	0.014092	0.011443	0.070284	0.064502	0.995439	-0.596213	0.802765	-0.009921	-0.799744	-0.592796	0.094878
03381	9.702050	-0.041823	0.911697	0.008441	0.012883	0.011752	0.070351	0.064661	0.995424	-0.596288	0.802708	-0.010000	-0.799682	-0.592856	0.095028
03382	9.700726	-0.036821	0.936453	0.003542	0.010918	0.012751	0.070386	0.064821	0.995411	-0.596251	0.802735	-0.010113	-0.799707	-0.592803	0.095151
03383	9.712349	-0.051697	0.966904	0.001981	0.010112	0.011453	0.070433	0.064960	0.995399	-0.596274	0.802717	-0.010195	-0.799686	-0.592812	0.095272
03384	9.701749	-0.045274	0.914729	0.001622	0.007462	0.012963	0.070412	0.065048	0.995395	-0.596254	0.802730	-0.010280	-0.799702	-0.592785	0.095306
03385	9.735276	-0.053592	0.919056	-0.002919	0.008148	0.012451	0.070436	0.065183	0.995384	-0.596239	0.802740	-0.010376	-0.799711	-0.592756	0.095407
03386	9.710578	-0.021259	0.884296	-0.001258	0.002278	0.013279	0.070394	0.065252	0.995383	-0.596217	0.802755	-0.010460	-0.799731	-0.592728	0.095413
03387	9.688642	-0.029240	0.910617	-0.002319	0.007224	0.013857	0.070403	0.065393	0.995373	-0.596207	0.802761	-0.010570	-0.799738	-0.592704	0.095505
03388	9.735099	-0.057636	0.920687	-0.009009	0.006469	0.014546	0.070350	0.065477	0.995371	-0.596161	0.802794	-0.010674	-0.799777	-0.592651	0.095511
03389	9.709017	-0.116832	0.884538	-0.000760	0.008025	0.015158	0.070357	0.065633	0.995360	-0.596165	0.802789	-0.010795	-0.799773	-0.592639	0.095610
03390	9.716702	-0.085728	0.877124	0.001629	0.005893	0.016872	0.070426	0.065759	0.995347	-0.596125	0.802818	-0.010861	-0.799797	-0.592587	0.095740
03391	9.723186	-0.048620	0.893247	0.003188	0.006695	0.018173	0.070405	0.065932	0.995337	-0.596163	0.802788	-0.011008	-0.799771	-0.592608	0.095826
03392	9.701195	-0.056725	0.919955	0.003540	0.010905	0.012760	0.070546	0.066046	0.995320	-0.596200	0.802761	-0.011011	-0.799731	-0.592633	0.096009
03393	9.734667	-0.065155	0.924742	0.004869	0.013718	0.015053	0.070601	0.066236	0.995303	-0.596249	0.802723	-0.011126	-0.799689	-0.592663	0.096166
03394	9.703423	-0.071780	0.874864	0.007354	0.004913	0.016294	0.070496	0.066348	0.995303	-0.596358	0.802639	-0.011265	-0.799617	-0.592763	0.096150
03395	9.689222	-0.047234	0.893382	0.005697	0.010780	0.015468	0.070524	0.066523	0.995289	-0.596414	0.802596	-0.011383	-0.799573	-0.592802	0.096277
03396	9.723930	-0.062018	0.874447	0.004506	0.011064	0.016565	0.070556	0.066688	0.995276	-0.596416	0.802593	-0.011497	-0.799568	-0.592788	0.096401
03397	9.681208	-0.082835	0.903559	0.004136	0.009975	0.014170	0.070585	0.066848	0.995263	-0.596458	0.802560	-0.011604	-0.799534	-0.592814	0.096521
03398	9.699347	-0.059125	0.949509	-0.000404	0.010666	0.013656	0.070685	0.067021	0.995245	-0.596449	0.802566	-0.011684	-0.799533	-0.592787	0.096704
03399	9.691431	-0.092987	0.958526	0.001016	0.008369	0.011570	0.070717	0.067150	0.995234	-0.596464	0.802554	-0.011767	-0.799518	-0.592789	0.096807
03400	9.710808	-0.075385	0.980729	0.004732	0.009047	0.015578	0.070820	0.067314	0.995215	-0.596428	0.802579	-0.011843	-0.799536	-0.592736	0.096987
03401	9.706914	-0.030491	0.943812	0.001848	0.003871	0.015891	0.070791	0.067452	0.995208	-0.596453	0.802559	-0.011968	-0.799520	-0.592747	0.097046
03402	9.710694	-0.078665	0.981595	-0.007588	0.001045	0.020276	0.070679	0.067583	0.995207	-0.596399	0.802596	-0.012147	-0.799571	-0.592682	0.097033
03403	9.691184	-0.099217	0.960399	-0.008560	0.002445	0.012568	0.070658	0.067686	0.995202	-0.596338	0.802640	-0.012250	-0.799618	-0.592611	0.097076
03404	9.670445	-0.113258	0.962774	-0.002234	0.000540	0.013394	0.070612	0.067770	0.995199	-0.596316	0.802655	-0.012348	-0.799638	-0.592582	0.097089
03405	9.691153	-0.101925	0.960428	0.001940	-0.002805	0.015420	0.070532	0.067864	0.995198	-0.596341	0.802634	-0.012469	-0.799626	-0.592598	0.097081
03406	9.678300	-0.083368	0.954336	0.002533	-0.002166	0.012919	0.070457	0.067915	0.995200	-0.596342	0.802632	-0.012555	-0.799632	-0.592595	0.097051
03407	9.699052	-0.071962	0.951627	-0.004295	-0.007571	0.014121	0.070346	0.067971	0.995204	-0.596316	0.802650	-0.012669	-0.799661	-0.592565	0.096995
03408	9.707779	-0.144354	0.894008	0.000243	-0.008268	0.014638	0.070235	0.067951	0.995213	-0.596306	0.802656	-0.012721	-0.799679	-0.592558	0.096894
03409	9.744252	-0.067640	0.875140	0.019262	-0.001094	0.013163	0.070182	0.068037	0.995211	-0.596468	0.802535	-0.012802	-0.799563	-0.592713	0.096905
03410	9.718564	-0.028938	0.863156	0.000010	-0.004693	0.011724	0.070097	0.068051	0.995216	-0.596417	0.802572	-0.012870	-0.799608	-0.592662	0.096845
03411	9.723583	-0.082748	0.876593	-0.003334	-0.005847	0.014021	0.070001	0.068116	0.995219	-0.596399	0.802584	-0.012982	-0.799630	-0.592638	0.096806
03412	9.706656	-0.143188	0.915794	0.005144	-0.006318	0.013646	0.069963	0.068149	0.995219	-0.596405	0.802578	-0.013031	-0.799629	-0.592642	0.096795
03413	9.763391	-0.151126	0.869665	0.018664	-0.000177	0.011759	0.069926	0.068230	0.995216	-0.596561	0.802461	-0.013099	-0.799516	-0.592791	0.096816
03414	9.731512	-0.053629	0.867653	0.022972	0.001133	0.013268	0.069935	0.068320	0.995209	-0.596716	0.802345	-0.013148	-0.799399	-0.592938	0.096880
03415	9.717442	-0.028754	0.885515	0.010553	0.001377	0.014534	0.069894	0.068432	0.995204	-0.596809	0.802274	-0.013251	-0.799333	-0.593021	0.096915
03416	9.732676	-0.062312	0.844442	0.014265	0.003612	0.014636	0.069968	0.068508	0.995194	-0.596974	0.802152	-0.013248	-0.799204	-0.593178	0.097022
03417	9.732620	-0.063839	0.844966	0.013215	0.006991	0.019123	0.069945	0.068689	0.995183	-0.597091	0.802062	-0.013394	-0.799118	-0.593278	0.097114
03418	9.732561	-0.065606	0.845513	0.014038	0.004053	0.019541	0.069823	0.068833	0.995182	-0.597192	0.801983	-0.013571	-0.799053	-0.593367	0.097103
03419	9.746520	-0.093512	0.828553	0.016699	0.011231	0.020220	0.069826	0.069049	0.995167	-0.597338	0.801872	-0.013725	-0.798944	-0.593493	0.097237
03420	9.778762	-0.096487	0.856800	0.021829	0.009599	0.022148	0.069803	0.069240	0.995155	-0.597448	0.801788	-0.013879	-0.798864	-0.593584	0.097335
03421	9.757934	-0.111041	0.859793	0.019532	0.005065	0.019962	0.069759	0.069417	0.995146	-0.597616	0.801660	-0.014028	-0.798742	-0.593736	0.097407
03422	9.695675	-0.150974	0.866503	0.065334	-0.007571	0.027093	0.069548	0.069573	0.995150	-0.598101	0.801295	-0.014221	-0.798397	-0.594211	0.097340
03423	9.650127	-0.028071	0.879907	0.177644	-0.035215	0.032496	0.069107	0.069611	0.995178	-0.599539	0.800217	-0.014341	-0.797357	-0.595657	0.097035
03424	9.716519	0.191278	0.871648	0.173723	-0.039117	0.025195	0.068644	0.069524	0.995216	-0.600953	0.799155	-0.014377	-0.796331	-0.597091	0.096638
03425	9.658350	0.105849	0.911886	0.105127	-0.050274	0.027355	0.068114	0.069429	0.995259	-0.601807	0.798510	-0.014517	-0.795732	-0.597965	0.096172
03426	9.709230	-0.073489	0.906472	0.095221	-0.049073	0.033753	0.067505	0.069352	0.995306	-0.602528	0.797961	-0.014736	-0.795237	-0.598705	0.095653
03427	9.714408	-0.128266	0.916839	0.081086	-0.034701	0.030700	0.067078	0.069376	0.995333	-0.603192	0.797456	-0.014933	-0.794771	-0.599375	0.095339
03428	9.710108	-0.182625	0.851718	0.080548	-0.027139	0.040974	0.066770	0.069489	0.995346	-0.603839	0.796963	-0.015132	-0.794305	-0.600018	0.095173
03429	9.713224	0.002953	0.874300	0.088917	-0.022575	0.045006	0.066354	0.069699	0.995359	-0.604573	0.796399	-0.015464	-0.793781	-0.600741	0.094982
03430	9.637116	0.091524	0.943736	0.090004	-0.038920	0.055826	0.065811	0.069823	0.995386	-0.605383	0.795777	-0.015795	-0.793209	-0.601551	0.094640
03431	9.658711	0.072690	1.045058	0.096270	-0.060506	0.060333	0.065000	0.069925	0.995432	-0.606185	0.795158	-0.016273	-0.792663	-0.602358	0.094073
03432	9.655740	0.009206	0.953504	0.094457	-0.062455	0.067914	0.064080	0.070007	0.995486	-0.606973	0.794544	-0.016804	-0.792134	-0.603157	0.093406
03433	9.670573	-0.049607	1.038498	0.084035	-0.066972	0.072481	0.063144	0.070165	0.995535	-0.607683	0.793988	-0.017416	-0.791665	-0.603870	0.092774
03434	9.678239	-0.017169	1.047011	0.071403	-0.066210	0.078678	0.062215	0.070360	0.995580	-0.608239	0.793549	-0.018072	-0.791312	-0.604425	0.092166
03435	9.624536	-0.029332	1.039927	0.059528	-0.060141	0.081800	0.061277	0.070632	0.995619	-0.608758	0.793133	-0.018800	-0.790986	-0.604939	0.091598
03436	9.677481	-0.018974	1.081869	0.037326	-0.065176	0.089034	0.060345	0.070883	0.995658	-0.609086	0.792864	-0.019530	-0.790805	-0.605262	0.091019
03437	9.600005	-0.025450	1.147710	0.006463	-0.066058	0.093673	0.059288	0.071212	0.995698	-0.609191	0.792760	-0.020425	-0.790804	-0.605360	0.090383
03438	9.647942	-0.068605	1.127054	0.000776	-0.073309	0.097811	0.058193	0.071508	0.995741	-0.609195	0.792734	-0.021327	-0.790882	-0.605360	0.089694
03439	9.621523	-0.025454	1.154462	-0.012185	-0.081859	0.105166	0.056940	0.071833	0.995790	-0.609158	0.792734	-0.022353	-0.791002	-0.605320	0.088896
03440	9.624287	-0.049040	1.099407	-0.024391	-0.085118	0.109452	0.055662	0.072152	0.995839	-0.608929	0.792879	-0.023411	-0.791269	-0.605093	0.088069
03441	9.512192	-0.037095	1.205340	-0.005623	-0.125805	0.118912	0.053978	0.072320	0.995920	-0.608949	0.792829	-0.024568	-0.791371	-0.605138	0.086834
03442	9.590793	-0.044893	1.142849	0.001079	-0.156803	0.128543	0.052022	0.072322	0.996024	-0.609045	0.792717	-0.025749	-0.791428	-0.605284	0.085286
03443	9.587516	-0.116040	1.041403	0.022635	-0.179088	0.138506	0.049797	0.072321	0.996137	-0.609293	0.792482	-0.027077	-0.791380	-0.605592	0.083528
03444	9.602610	-0.156023	1.005827	0.046108	-0.198018	0.148250	0.047392	0.072232	0.996261	-0.609759	0.792077	-0.028422	-0.791168	-0.606133	0.081582
03445	9.660100	-0.041400	0.901788	0.044608	-0.202668	0.150139	0.044909	0.072178	0.996380	-0.610180	0.791700	-0.029849	-0.790989	-0.606631	0.079596
03446	9.657698	-0.003618	0.867330	0.002071	-0.206135	0.156913	0.042383	0.072111	0.996496	-0.610197	0.791630	-0.031333	-0.791115	-0.606731	0.077554
03447	9.710682	-0.112480	0.824019	-0.024370	-0.206270	0.158501	0.039820	0.072101	0.996602	-0.610069	0.791665	-0.032899	-0.791347	-0.606686	0.075511
03448	9.758277	-0.299976	0.625211	-0.037813	-0.194337	0.160949	0.037394	0.072168	0.996691	-0.609769	0.791830	-0.034457	-0.791696	-0.606463	0.073615
03449	9.775885	-0.395273	0.603263	-0.038899	-0.191187	0.165633	0.034906	0.072306	0.996771	-0.609520	0.791948	-0.036104	-0.792002	-0.606292	0.071716
03450	9.726612	-0.481181	0.552668	-0.035834	-0.181570	0.164816	0.032583	0.072500	0.996836	-0.609208	0.792114	-0.037698	-0.792341	-0.606052	0.069978
03451	9.756371	-0.452705	0.523236	-0.024951	-0.176769	0.157763	0.030258	0.072665	0.996897	-0.609059	0.792153	-0.039255	-0.792548	-0.605981	0.068226
03452	9.740327	-0.395549	0.485519	-0.025065	-0.177009	0.157947	0.028004	0.072800	0.996953	-0.608860	0.792230	-0.040748	-0.792783	-0.605864	0.066511
03453	9.773459	-0.406096	0.518229	-0.027875	-0.169336	0.154345	0.025758	0.072983	0.997001	-0.608680	0.792289	-0.042272	-0.792998	-0.605765	0.064831
03454	9.722327	-0.457836	0.587488	-0.022647	-0.164991	0.151837	0.023506	0.073126	0.997046	-0.608499	0.792347	-0.043768	-0.793207	-0.605672	0.063122
03455	9.710513	-0.465501	0.518670	0.007323	-0.164921	0.154405	0.021294	0.073337	0.997080	-0.608591	0.792192	-0.045270	-0.793199	-0.605849	0.061501
03456	9.694422	-0.388471	0.552734	0.032116	-0.173116	0.162670	0.018889	0.073523	0.997115	-0.608860	0.791893	-0.046856	-0.793053	-0.606218	0.059724
03457	9.708608	-0.267508	0.574581	0.042861	-0.167888	0.160469	0.016617	0.073761	0.997137	-0.609227	0.791517	-0.048398	-0.792822	-0.606679	0.058090
03458	9.666922	-0.294204	0.611730	0.013705	-0.173117	0.174124	0.014286	0.074088	0.997149	-0.609186	0.791445	-0.050076	-0.792899	-0.606734	0.056440
03459	9.688627	-0.292866	0.614888	0.010562	-0.180205	0.178797	0.011804	0.074395	0.997159	-0.609292	0.791251	-0.051821	-0.792858	-0.606950	0.054668
03460	9.680275	-0.342709	0.606219	-0.003506	-0.183941	0.187220	0.009243	0.074671	0.997165	-0.609276	0.791145	-0.053596	-0.792905	-0.607053	0.052808
03461	9.661835	-0.242464	0.530054	-0.005962	-0.186903	0.197710	0.006592	0.075086	0.997155	-0.609243	0.791036	-0.055537	-0.792956	-0.607144	0.050960
03462	9.692225	-0.224720	0.476226	-0.035026	-0.182066	0.203893	0.003964	0.075571	0.997133	-0.608863	0.791186	-0.057543	-0.793266	-0.606889	0.049149
03463	9.762333	-0.315122	0.476759	-0.082407	-0.187411	0.207677	0.001249	0.076064	0.997102	-0.608214	0.791531	-0.059620	-0.793772	-0.606377	0.047252
03464	9.766467	-0.669458	0.397887	-0.112394	-0.191913	0.203874	-0.001500	0.076434	0.997073	-0.607334	0.792053	-0.061631	-0.794445	-0.605649	0.045233
03465	9.795982	-0.933518	0.268268	-0.089728	-0.179654	0.198980	-0.004099	0.076909	0.997030	-0.606615	0.792446	-0.063622	-0.794985	-0.605074	0.043406
03466	9.811140	-0.914797	0.138486	-0.050295	-0.168466	0.197861	-0.006624	0.077417	0.996977	-0.606155	0.792638	-0.065577	-0.795319	-0.604757	0.041677
03467	9.842746	-0.765805	0.025482	-0.039725	-0.145303	0.186701	-0.008875	0.078004	0.996914	-0.605824	0.792736	-0.067422	-0.795549	-0.604553	0.040221
03468	9.855621	-0.601621	0.012241	-0.062301	-0.128913	0.177988	-0.011055	0.078602	0.996845	-0.605272	0.793002	-0.069241	-0.795942	-0.604127	0.038809
03469	9.905575	-0.655091	-0.143024	-0.098160	-0.104685	0.172342	-0.012896	0.079322	0.996766	-0.604469	0.793461	-0.070964	-0.796524	-0.603429	0.037716
03470	9.944661	-0.923241	-0.212216	-0.097639	-0.079309	0.161369	-0.014522	0.080045	0.996685	-0.603624	0.793961	-0.072559	-0.797137	-0.602677	0.036787
03471	9.956035	-1.103122	-0.326894	-0.050235	-0.044240	0.158370	-0.015795	0.081021	0.996587	-0.603199	0.794139	-0.074123	-0.797434	-0.602311	0.036328
03472	9.974499	-1.041442	-0.300789	-0.025849	-0.012914	0.145513	-0.016681	0.082034	0.996490	-0.602915	0.794227	-0.075475	-0.797631	-0.602058	0.036211
03473	9.977230	-0.924651	-0.360970	0.009300	0.024549	0.140050	-0.017294	0.083279	0.996376	-0.602966	0.794058	-0.076834	-0.797580	-0.602109	0.036482
03474	9.919105	-0.815631	-0.311868	0.036052	0.064478	0.131170	-0.017600	0.084680	0.996253	-0.603160	0.793785	-0.078126	-0.797426	-0.602275	0.037105
03475	9.871592	-0.667924	-0.245844	0.058621	0.068744	0.134635	-0.017829	0.086148	0.996123	-0.603603	0.793320	-0.079412	-0.797085	-0.602679	0.037855
03476	9.827786	-0.560233	-0.117321	0.054660	0.092061	0.136243	-0.017917	0.087729	0.995983	-0.604012	0.792879	-0.080705	-0.796774	-0.603031	0.038784
03477	9.835511	-0.634464	0.086146	0.046533	0.108428	0.138564	-0.017855	0.089467	0.995830	-0.604357	0.792479	-0.082033	-0.796513	-0.603302	0.039920
03478	9.721293	-0.769373	0.209035	0.057287	0.112284	0.145175	-0.017848	0.091229	0.995670	-0.604730	0.792050	-0.083412	-0.796231	-0.603600	0.041032
03479	9.666495	-0.628403	0.382392	0.064008	0.119764	0.149760	-0.017766	0.093123	0.995496	-0.605213	0.791530	-0.084844	-0.795866	-0.603994	0.042297
03480	9.582106	-0.511173	0.638379	0.031345	0.109997	0.152844	-0.017737	0.094946	0.995324	-0.605342	0.791277	-0.086269	-0.795768	-0.604042	0.043440
03481	9.481598	-0.556953	0.961889	-0.009402	0.076942	0.162437	-0.018073	0.096681	0.995151	-0.605238	0.791182	-0.087857	-0.795840	-0.603891	0.044216
03482	9.465839	-0.781273	1.074938	0.004636	0.032862	0.164619	-0.018807	0.098147	0.994994	-0.605173	0.791051	-0.089469	-0.795872	-0.603826	0.044518
03483	9.430141	-0.662851	1.116719	0.029557	-0.000165	0.178699	-0.019855	0.099544	0.994835	-0.605373	0.790700	-0.091200	-0.795694	-0.604057	0.044562
03484	9.450123	-0.406620	1.242003	-0.005292	-0.049625	0.178302	-0.021265	0.100643	0.994695	-0.605163	0.790658	-0.092936	-0.795818	-0.603929	0.044092
03485	9.474418	-0.584348	1.226839	-0.089336	-0.103787	0.185435	-0.023177	0.101468	0.994569	-0.604410	0.791015	-0.094786	-0.796336	-0.603324	0.042995
03486	9.442741	-0.776651	1.161261	-0.129786	-0.141521	0.183139	-0.025403	0.102082	0.994452	-0.603170	0.791731	-0.096681	-0.797208	-0.602280	0.041460
03487	9.475000	-0.752978	1.132656	-0.163735	-0.176845	0.181033	-0.027870	0.102437	0.994349	-0.601815	0.792536	-0.098514	-0.798149	-0.601160	0.039560
03488	9.517531	-0.946497	1.006737	-0.184573	-0.207275	0.179188	-0.030521	0.102561	0.994258	-0.600188	0.793548	-0.100282	-0.799277	-0.599802	0.037336
03489	9.544166	-0.966937	0.806411	-0.215289	-0.232572	0.181185	-0.033433	0.102592	0.994162	-0.598407	0.794656	-0.102128	-0.800494	-0.598328	0.034824
03490	9.657569	-1.173490	0.574102	-0.204365	-0.244817	0.173785	-0.036406	0.102444	0.994072	-0.596678	0.795732	-0.103856	-0.801655	-0.596922	0.032156
03491	9.691479	-1.283891	0.318327	-0.214988	-0.244713	0.162073	-0.039300	0.102260	0.993981	-0.594891	0.796853	-0.105500	-0.802845	-0.595457	0.029517
03492	9.739169	-1.447725	0.151524	-0.236368	-0.237522	0.146221	-0.042041	0.101948	0.993901	-0.592887	0.798152	-0.106948	-0.804188	-0.593767	0.026889
03493	9.799300	-1.618418	0.037198	-0.214954	-0.218848	0.128586	-0.044529	0.101662	0.993822	-0.591101	0.799301	-0.108248	-0.805367	-0.592270	0.024501
03494	9.825382	-1.552806	-0.083285	-0.182167	-0.202524	0.109228	-0.046785	0.101294	0.993756	-0.589518	0.800322	-0.109331	-0.806399	-0.590952	0.022271
03495	9.871964	-1.480331	-0.229089	-0.168908	-0.186765	0.090100	-0.048788	0.100897	0.993700	-0.588112	0.801233	-0.110229	-0.807307	-0.589785	0.020248
03496	9.867177	-1.446745	-0.309304	-0.146797	-0.164882	0.070498	-0.050513	0.100395	0.993665	-0.586874	0.802051	-0.110869	-0.808101	-0.588757	0.018405
03497	9.836112	-1.371435	-0.269062	-0.136836	-0.132995	0.059045	-0.051900	0.100070	0.993626	-0.585738	0.802802	-0.111447	-0.808837	-0.587789	0.016949
03498	9.781890	-1.355305	-0.059236	-0.167764	-0.122087	0.045976	-0.053126	0.099645	0.993604	-0.584330	0.803771	-0.111850	-0.809775	-0.586535	0.015525
03499	9.728381	-1.450185	0.154046	-0.170677	-0.107423	0.028635	-0.054129	0.099230	0.993591	-0.582932	0.804747	-0.112127	-0.810716	-0.585266	0.014284
03500	9.675551	-1.432740	0.365412	-0.140636	-0.119228	0.022814	-0.055202	0.098740	0.993581	-0.581684	0.805615	-0.112377	-0.811540	-0.584153	0.012964
03501	9.583052	-1.156395	0.440224	-0.124489	-0.135040	0.015602	-0.056354	0.098061	0.993584	-0.580664	0.806331	-0.112514	-0.812190	-0.583279	0.011500
03502	9.558797	-0.948387	0.551681	-0.146381	-0.158628	0.010353	-0.057761	0.097125	0.993595	-0.579482	0.807170	-0.112589	-0.812935	-0.582274	0.009659
03503	9.531848	-1.087440	0.618515	-0.190215	-0.184582	0.007131	-0.059270	0.096093	0.993606	-0.577931	0.808274	-0.112643	-0.813930	-0.580912	0.007629
03504	9.465950	-1.177824	0.748405	-0.171086	-0.217951	0.006310	-0.061110	0.094887	0.993611	-0.576470	0.809303	-0.112740	-0.814830	-0.579676	0.005243
03505	9.503650	-1.178837	0.771998	-0.181715	-0.248376	-0.002451	-0.063087	0.093412	0.993627	-0.574991	0.810362	-0.112690	-0.815724	-0.578435	0.002588
03506	9.452936	-1.174304	0.771549	-0.174765	-0.295380	-0.003122	-0.065447	0.091565	0.993646	-0.573572	0.811387	-0.112548	-0.816537	-0.577293	-0.000584
03507	9.452889	-1.015882	0.703099	-0.171543	-0.331666	-0.000226	-0.068122	0.089633	0.993642	-0.572171	0.812381	-0.112508	-0.817300	-0.576198	-0.004055
03508	9.443249	-0.942389	0.651668	-0.199710	-0.373885	-0.005115	-0.071205	0.087317	0.993633	-0.570564	0.813528	-0.112377	-0.818160	-0.574933	-0.008107
03509	9.451218	-1.092557	0.546035	-0.192206	-0.407589	-0.004803	-0.074480	0.084919	0.993600	-0.568995	0.814640	-0.112276	-0.818961	-0.573716	-0.012356
03510	9.555334	-1.055963	0.411533	-0.183647	-0.441743	-0.005609	-0.078104	0.082296	0.993543	-0.567475	0.815713	-0.112177	-0.819678	-0.572572	-0.017010
03511	9.600873	-1.306212	0.242748	-0.169693	-0.465244	-0.011504	-0.081821	0.079523	0.993469	-0.566094	0.816697	-0.111996	-0.820270	-0.571560	-0.021805
03512	9.625166	-1.331311	-0.027048	-0.129980	-0.482078	-0.019009	-0.085702	0.076680	0.993366	-0.564971	0.817495	-0.111847	-0.820648	-0.570808	-0.026739
03513	9.640912	-1.275470	-0.139112	-0.105059	-0.491918	-0.029126	-0.089542	0.073618	0.993259	-0.564135	0.818120	-0.111494	-0.820813	-0.570316	-0.031726
03514	9.631924	-1.010836	-0.269867	-0.087012	-0.496176	-0.035093	-0.093472	0.070410	0.993129	-0.563465	0.818639	-0.111072	-0.820835	-0.569975	-0.036846
03515	9.584211	-0.991741	-0.242413	-0.125224	-0.511058	-0.031456	-0.097458	0.067223	0.992967	-0.562468	0.819378	-0.110677	-0.821055	-0.569298	-0.042044
03516	9.531229	-1.276295	-0.174351	-0.135937	-0.529200	-0.043403	-0.101655	0.063746	0.992775	-0.561416	0.820170	-0.110149	-0.821266	-0.568557	-0.047586
03517	9.606253	-1.400682	-0.057646	-0.107672	-0.556384	-0.049813	-0.105913	0.060158	0.992554	-0.560585	0.820816	-0.109567	-0.821296	-0.568016	-0.053211
03518	9.618100	-1.263301	-0.017575	-0.076709	-0.574917	-0.052357	-0.110495	0.056345	0.992278	-0.560071	0.821243	-0.109000	-0.821043	-0.567790	-0.059186
03519	9.570943	-0.982458	0.072642	-0.071759	-0.609118	-0.056487	-0.115148	0.052405	0.991965	-0.559548	0.821684	-0.108362	-0.820760	-0.567529	-0.065292
03520	9.576089	-0.818694	0.128022	-0.094263	-0.648861	-0.050697	-0.120239	0.048266	0.991571	-0.558828	0.822249	-0.107788	-0.820521	-0.567078	-0.071894
03521	9.555994	-0.730254	0.149306	-0.118083	-0.680473	-0.039460	-0.125570	0.044067	0.991106	-0.557909	0.822939	-0.107275	-0.820347	-0.566418	-0.078751
03522	9.543523	-0.652492	0.066862	-0.134854	-0.734284	-0.027197	-0.131575	0.039608	0.990515	-0.556847	0.823706	-0.106907	-0.820128	-0.565632	-0.086323
03523	9.568758	-0.634972	0.012015	-0.142093	-0.772653	-0.009397	-0.137827	0.035146	0.989833	-0.555697	0.824516	-0.106653	-0.819881	-0.564747	-0.094110
03524	9.545178	-0.628603	-0.138135	-0.142434	-0.814647	0.010389	-0.144621	0.030569	0.989015	-0.554527	0.825310	-0.106596	-0.819502	-0.563852	-0.102405
03525	9.421327	-0.689680	-0.160153	-0.175924	-0.867283	0.018866	-0.151800	0.025821	0.988074	-0.553061	0.826298	-0.106562	-0.819195	-0.562641	-0.111152
03526	9.283472	-0.931138	0.031299	-0.240564	-0.931500	0.019142	-0.159694	0.020548	0.986953	-0.551147	0.827595	-0.106408	-0.818984	-0.560949	-0.120837
03527	9.420685	-1.449027	0.170966	-0.270774	-0.999837	0.016048	-0.167940	0.015063	0.985682	-0.548907	0.829110	-0.106193	-0.818839	-0.558882	-0.130972
03528	9.415779	-1.381115	0.260306	-0.197346	-1.069942	0.022731	-0.176970	0.009059	0.984174	-0.547332	0.830168	-0.106060	-0.817991	-0.557439	-0.141957
03529	9.433931	-0.953397	0.190717	-0.173663	-1.134638	0.033326	-0.186398	0.002999	0.982470	-0.545855	0.831135	-0.106099	-0.816883	-0.556063	-0.153285
03530	9.435126	-0.845142	0.081330	-0.220216	-1.210382	0.037014	-0.196634	-0.003696	0.980470	-0.544076	0.832316	-0.105978	-0.815669	-0.554289	-0.165672
03531	9.298338	-1.278755	0.078928	-0.312278	-1.298767	0.038937	-0.207404	-0.010573	0.978198	-0.541457	0.834046	-0.105788	-0.814744	-0.551593	-0.178710
03532	9.839017	-1.674677	0.067578	-0.308885	-1.401256	0.009585	-0.219028	-0.018268	0.975547	-0.538894	0.835761	-0.105341	-0.813400	-0.548789	-0.192900
03533	10.376770	-2.012051	0.097477	-0.216903	-1.496621	-0.016203	-0.231070	-0.026621	0.972573	-0.537174	0.836946	-0.104716	-0.811203	-0.546637	-0.207693
03534	11.391770	-1.184713	0.362024	-0.105148	-1.587115	-0.040353	-0.243950	-0.035757	0.969128	-0.536410	0.837509	-0.104125	-0.807931	-0.545252	-0.223491
03535	12.085192	0.571173	0.353824	-0.031783	-1.674918	-0.044842	-0.257181	-0.045279	0.965302	-0.536273	0.837664	-0.103585	-0.803909	-0.544305	-0.239713
03536	12.150751	1.299717	-0.171243	-0.021598	-1.763965	0.011144	-0.271580	-0.054898	0.960849	-0.536109	0.837760	-0.103663	-0.799269	-0.543273	-0.256950
03537	11.883629	1.259999	-0.949107	-0.063775	-1.848211	0.053933	-0.286570	-0.064494	0.955886	-0.535457	0.838137	-0.103978	-0.794458	-0.541633	-0.274718
03538	11.950237	1.413157	-1.314905	-0.159868	-1.948554	0.079899	-0.302606	-0.074778	0.950178	-0.534156	0.838953	-0.104089	-0.789371	-0.539042	-0.293816
03539	11.860281	1.565436	-1.556339	-0.221713	-2.029118	0.106598	-0.319114	-0.084808	0.943914	-0.532088	0.840228	-0.104394	-0.784250	-0.535559	-0.313254
03540	11.687901	1.561585	-1.819516	-0.321381	-2.078144	0.164714	-0.336429	-0.094601	0.936945	-0.529042	0.842082	-0.104941	-0.779057	-0.530989	-0.333349
03541	11.381026	1.153899	-2.164013	-0.403379	-2.110890	0.227919	-0.353996	-0.103852	0.929463	-0.525132	0.844437	-0.105650	-0.773901	-0.525491	-0.353464
03542	11.006611	1.102114	-2.461182	-0.468793	-2.156321	0.250698	-0.372020	-0.113061	0.921313	-0.520632	0.847142	-0.106269	-0.768468	-0.519199	-0.374017
03543	10.956610	1.059741	-2.663261	-0.577370	-2.194127	0.247636	-0.390081	-0.122292	0.912623	-0.515277	0.850407	-0.106289	-0.763103	-0.511715	-0.394742
03544	10.936978	0.805602	-2.708167	-0.779263	-2.229973	0.213790	-0.408137	-0.131846	0.903350	-0.508528	0.854616	-0.105022	-0.758171	-0.502242	-0.415848
03545	10.911808	0.084958	-2.758611	-0.940146	-2.218157	0.156880	-0.425673	-0.141542	0.893738	-0.500779	0.859498	-0.102393	-0.753673	-0.491151	-0.436747
03546	10.415581	-0.705342	-3.248018	-0.889154	-2.199103	0.119501	-0.442711	-0.151226	0.883820	-0.493621	0.863975	-0.099427	-0.748562	-0.480290	-0.457139
03547	10.290705	-1.349620	-4.009138	-0.886083	-2.132777	0.089783	-0.459037	-0.160599	0.873781	-0.486619	0.868318	-0.096048	-0.743295	-0.469289	-0.476741
03548	10.315688	-1.884131	-4.633726	-1.001308	-2.056598	0.071403	-0.474538	-0.169513	0.863759	-0.478917	0.873050	-0.091775	-0.738547	-0.457219	-0.495478
03549	10.178083	-2.740245	-5.065393	-1.086353	-1.955122	0.066281	-0.489228	-0.177770	0.853846	-0.470611	0.878058	-0.086835	-0.734290	-0.444311	-0.513231
03550	9.698999	-3.347957	-5.219589	-1.011432	-1.923677	0.106149	-0.503718	-0.185275	0.843767	-0.462741	0.882652	-0.082437	-0.729479	-0.431970	-0.530341
03551	9.344575	-3.402173	-5.337754	-0.865785	-1.899685	0.133675	-0.518113	-0.192216	0.833434	-0.455782	0.886591	-0.078865	-0.723756	-0.420725	-0.546963
03552	8.856799	-2.908155	-5.032191	-0.756508	-1.857116	0.125577	-0.531977	-0.198828	0.823084	-0.449748	0.889942	-0.075703	-0.717445	-0.410452	-0.562851
03553	8.244306	-2.499031	-4.977174	-0.708479	-1.758263	0.100888	-0.544966	-0.205084	0.812990	-0.444159	0.893013	-0.072459	-0.711151	-0.400585	-0.577751
03554	7.679085	-2.558647	-5.245903	-0.646404	-1.638753	0.069951	-0.556789	-0.210958	0.803419	-0.439289	0.895672	-0.069257	-0.704990	-0.391495	-0.591372
03555	6.957223	-2.640072	-5.387477	-0.541951	-1.516024	0.061394	-0.567678	-0.216307	0.794326	-0.435157	0.897897	-0.066481	-0.698842	-0.383396	-0.603843
03556	6.625827	-2.586236	-5.708310	-0.432863	-1.399270	0.047511	-0.577530	-0.221208	0.785828	-0.431977	0.899594	-0.064241	-0.692716	-0.376561	-0.615099
03557	6.150406	-2.710042	-5.773817	-0.302158	-1.288127	0.038310	-0.586557	-0.225703	0.777823	-0.429687	0.900802	-0.062640	-0.686527	-0.370963	-0.625354
03558	6.177506	-2.426658	-5.605854	-0.145253	-1.183656	0.036355	-0.594712	-0.229756	0.770409	-0.428595	0.901364	-0.062042	-0.680164	-0.367091	-0.634524
03559	6.444365	-1.980408	-5.779875	-0.026161	-1.027818	0.015834	-0.601719	-0.233398	0.763845	-0.428341	0.901490	-0.061970	-0.674135	-0.364475	-0.642417
03560	6.277299	-1.140548	-4.832649	0.002516	-0.811673	-0.069726	-0.606782	-0.236992	0.758716	-0.428904	0.901254	-0.061500	-0.669221	-0.362733	-0.648512
03561	6.707446	-1.199177	-4.393732	-0.061020	-0.482231	-0.238082	-0.608960	-0.240908	0.755732	-0.429962	0.900899	-0.059275	-0.666559	-0.361032	-0.652192
03562	7.260008	-3.357715	-3.920500	0.197926	-0.162672	-0.324291	-0.608551	-0.244430	0.754930	-0.433382	0.899331	-0.058167	-0.664715	-0.362571	-0.653220
03563	7.547953	-2.746103	-2.676301	0.759167	0.090070	-0.384705	-0.606251	-0.247578	0.755755	-0.440773	0.895598	-0.060190	-0.661951	-0.369607	-0.652083
03564	7.963225	-1.808320	-2.832882	1.321616	0.436407	-0.464161	-0.601195	-0.250090	0.758959	-0.452453	0.889392	-0.065333	-0.658673	-0.382671	-0.647852
03565	8.069112	-0.941319	-2.978202	1.713659	0.719440	-0.577861	-0.593790	-0.252416	0.764003	-0.467181	0.881229	-0.071952	-0.655099	-0.399652	-0.641189
03566	8.068503	-0.159165	-3.217156	1.813260	0.935602	-0.698896	-0.584244	-0.254721	0.770569	-0.483311	0.871948	-0.078212	-0.651973	-0.418120	-0.632540
03567	8.212715	0.007761	-3.326330	1.746392	1.103437	-0.776551	-0.573224	-0.256766	0.778130	-0.499191	0.862495	-0.083134	-0.649787	-0.436089	-0.622577
03568	8.509042	-0.011172	-3.154262	1.712607	1.267451	-0.833327	-0.560653	-0.258266	0.786744	-0.515195	0.852621	-0.087249	-0.648261	-0.454243	-0.611082
03569	8.760128	0.213315	-2.840010	1.685305	1.420817	-0.889278	-0.546773	-0.259243	0.796136	-0.531053	0.842505	-0.090377	-0.647319	-0.472206	-0.598331
03570	8.986913	0.401533	-2.840647	1.601590	1.579273	-0.945355	-0.531332	-0.259549	0.806425	-0.546681	0.832234	-0.092338	-0.647169	-0.489919	-0.584083
03571	9.221147	0.532766	-2.909338	1.485125	1.709801	-1.006773	-0.514656	-0.259377	0.817223	-0.561579	0.822214	-0.092700	-0.647888	-0.506644	-0.568818
03572	9.492853	0.577949	-2.959511	1.339912	1.829515	-1.061043	-0.496621	-0.258610	0.828546	-0.575799	0.812450	-0.091541	-0.649479	-0.522538	-0.552387
03573	9.805650	0.484695	-3.220761	1.209646	1.944136	-1.093370	-0.477576	-0.257159	0.840114	-0.589012	0.803212	-0.088970	-0.651910	-0.537327	-0.535064
03574	10.139563	-0.460051	-4.488632	1.141553	2.062357	-1.130447	-0.457230	-0.254917	0.852032	-0.601914	0.793975	-0.085462	-0.654706	-0.551926	-0.516467
03575	10.387603	1.311613	-2.336450	1.012977	2.051196	-1.120579	-0.436932	-0.252328	0.863378	-0.613586	0.785467	-0.080962	-0.657725	-0.565131	-0.498020
03576	10.383227	1.227997	-3.259563	0.789398	2.130503	-1.131348	-0.415730	-0.248956	0.874751	-0.623775	0.777994	-0.075033	-0.661871	-0.576841	-0.478728
03577	10.319917	0.365737	-3.472207	0.759335	2.189525	-1.156840	-0.393892	-0.245177	0.885854	-0.633512	0.770705	-0.068382	-0.665966	-0.588134	-0.458897
03578	10.214668	1.106832	-3.232954	0.696929	2.205376	-1.165600	-0.371573	-0.240966	0.896588	-0.642780	0.763605	-0.061162	-0.669901	-0.599035	-0.438623
03579	10.088668	0.431778	-3.706916	0.663023	2.283735	-1.145137	-0.348790	-0.235887	0.907030	-0.651371	0.756861	-0.053646	-0.673841	-0.609524	-0.417635
03580	9.701428	-0.273157	-4.529068	0.944410	2.335729	-1.165628	-0.325225	-0.230199	0.917190	-0.661815	0.748200	-0.046887	-0.675448	-0.622258	-0.395683
03581	9.842987	-0.182953	-3.774120	1.258317	2.363251	-1.229794	-0.301029	-0.224469	0.926820	-0.674170	0.737473	-0.040358	-0.674446	-0.636983	-0.373331
03582	10.418853	0.602692	-2.562044	1.384228	2.395688	-1.310893	-0.275825	-0.218527	0.936038	-0.687404	0.725516	-0.033181	-0.671860	-0.652589	-0.350332
03583	10.194297	1.559874	-2.197008	1.176878	2.447756	-1.355845	-0.249972	-0.212162	0.944723	-0.698875	0.714828	-0.024388	-0.670140	-0.666340	-0.326962
03584	9.497797	1.011161	-2.033613	0.820289	2.484005	-1.243425	-0.224427	-0.204212	0.952854	-0.707450	0.706600	-0.015191	-0.670184	-0.677506	-0.303050
03585	9.562922	0.714667	-2.053138	0.582585	2.590437	-1.142202	-0.198901	-0.194589	0.960507	-0.713784	0.700341	-0.005928	-0.671529	-0.686773	-0.278193
03586	9.715940	0.956783	-2.158008	0.427213	2.701634	-1.122649	-0.172537	-0.183649	0.967731	-0.718863	0.695142	0.003753	-0.673400	-0.695019	-0.251956
03587	9.824375	1.590076	-1.908699	0.107420	2.745134	-1.152894	-0.145667	-0.172501	0.974179	-0.721428	0.692333	0.014720	-0.676995	-0.700656	-0.225298
03588	9.879756	1.179740	-1.758517	-0.294010	2.770721	-1.148409	-0.118394	-0.160891	0.979845	-0.721056	0.692367	0.026562	-0.682687	-0.703379	-0.197983
03589	9.949260	0.185052	-1.744677	-0.497683	2.801960	-1.097088	-0.091243	-0.148786	0.984651	-0.718796	0.694166	0.038284	-0.689207	-0.704270	-0.170285
03590	10.017364	-0.378471	-1.839333	-0.509249	2.859656	-1.044544	-0.063808	-0.135773	0.988683	-0.716190	0.696156	0.049379	-0.694982	-0.704935	-0.141659
03591	10.025852	-0.394887	-1.838137	-0.451105	2.914931	-1.008786	-0.036238	-0.122257	0.991837	-0.713552	0.698031	0.059971	-0.699664	-0.705554	-0.112532
03592	9.994454	-0.226678	-1.935808	-0.413885	2.970897	-0.988214	-0.008215	-0.108059	0.994111	-0.710974	0.699708	0.070182	-0.703171	-0.706210	-0.082575
03593	10.026803	0.034947	-1.890135	-0.407438	2.997895	-0.967278	0.019801	-0.093672	0.995406	-0.708048	0.701606	0.080109	-0.705886	-0.706382	-0.052431
03594	10.069812	0.064554	-1.848061	-0.443065	3.009781	-0.950292	0.047926	-0.078953	0.995726	-0.704695	0.703814	0.089724	-0.707890	-0.705983	-0.021907
03595	10.198022	-0.020137	-1.917218	-0.466708	2.998036	-0.914437	0.075628	-0.064262	0.995063	-0.700823	0.706448	0.098888	-0.709315	-0.704842	0.008391
03596	10.225867	-0.161923	-1.881651	-0.451800	2.982434	-0.866437	0.102969	-0.049249	0.993465	-0.696938	0.709045	0.107385	-0.709700	-0.703441	0.038686
03597	10.282602	-0.269570	-2.023410	-0.372619	2.959314	-0.805529	0.129590	-0.034183	0.990978	-0.693357	0.711325	0.115207	-0.708846	-0.702032	0.068480
03598	10.302763	-0.124810	-1.959818	-0.277332	2.924758	-0.735570	0.155491	-0.018762	0.987659	-0.690433	0.712993	0.122242	-0.706487	-0.700920	0.097910
03599	10.112299	0.091248	-1.721168	-0.223935	2.839753	-0.647148	0.179999	-0.003505	0.983661	-0.687767	0.714486	0.128399	-0.703262	-0.699641	0.126196
03600	9.824579	0.132707	-1.664567	-0.201191	2.725264	-0.551735	0.203011	0.011728	0.979106	-0.685375	0.715842	0.133533	-0.699320	-0.698164	0.153361
03601	9.580909	0.100361	-1.684725	-0.173628	2.597369	-0.463108	0.224317	0.026511	0.974156	-0.683171	0.717140	0.137796	-0.694953	-0.696425	0.178978
03602	10.103757	0.772917	-1.061084	-0.216151	2.444232	-0.388379	0.244003	0.040838	0.968914	-0.680825	0.718714	0.141161	-0.690608	-0.694105	0.203172
03603	8.227904	-0.225681	-1.543948	-0.246695	2.206820	-0.245755	0.260901	0.054346	0.963835	-0.678501	0.720539	0.143036	-0.686707	-0.691281	0.224863
03604	7.889743	-0.340001	-1.956234	-0.143857	1.868314	-0.124406	0.274618	0.066456	0.959254	-0.677243	0.721552	0.143894	-0.682589	-0.689164	0.243158
03605	7.571568	0.281439	-1.674901	-0.222124	1.493215	-0.057125	0.285206	0.076304	0.955424	-0.675564	0.723120	0.143913	-0.679905	-0.686495	0.257786
03606	7.460519	-0.846951	-2.601405	-0.255216	1.103268	-0.006190	0.292813	0.083914	0.952480	-0.673862	0.724827	0.143303	-0.678359	-0.683801	0.268785
03607	7.398715	-0.559509	-3.352574	-0.056512	0.758632	0.046481	0.297668	0.089424	0.950472	-0.673611	0.725173	0.142734	-0.676493	-0.682735	0.276097
03608	7.022580	-0.196624	-4.092963	0.109193	0.437790	0.129290	0.299823	0.093422	0.949409	-0.674768	0.724275	0.141823	-0.674384	-0.683153	0.280192
03609	6.359104	0.112583	-5.065833	0.245349	0.091087	0.230257	0.298909	0.095700	0.949471	-0.677104	0.722379	0.140353	-0.672446	-0.684843	0.280724
03610	6.023931	-0.113220	-6.050950	0.359423	-0.304538	0.322877	0.294729	0.095978	0.950749	-0.680495	0.719581	0.138310	-0.670866	-0.687744	0.277394
03611	6.021926	-1.254442	-7.702864	0.586716	-0.738325	0.421915	0.286929	0.093898	0.953339	-0.685647	0.715131	0.135925	-0.668999	-0.692655	0.269573
03612	9.387472	2.118894	-1.588827	0.988554	-1.263462	0.500322	0.275104	0.088651	0.957318	-0.693649	0.707779	0.133791	-0.665709	-0.700850	0.256206
03613	15.150203	10.212008	11.989460	0.290487	-1.027613	0.499010	0.264819	0.084950	0.960549	-0.696927	0.705305	0.129763	-0.666457	-0.703796	0.245982
03614	15.439772	4.559221	5.247465	-0.472570	-0.498114	0.413674	0.258666	0.084359	0.962276	-0.694837	0.708276	0.124685	-0.671039	-0.700877	0.241823
03615	13.767656	-0.641743	-0.031235	0.415007	-0.433606	0.435074	0.252758	0.084378	0.963843	-0.698726	0.704993	0.121516	-0.669250	-0.704177	0.237150
03616	12.983432	-1.381552	2.293147	0.411073	-0.600158	0.548035	0.244971	0.083964	0.965888	-0.702809	0.701649	0.117255	-0.667869	-0.707558	0.230894
03617	12.873968	-6.547878	-1.351858	-0.030935	-0.851854	0.815055	0.233566	0.083642	0.968737	-0.704548	0.701184	0.109328	-0.670119	-0.708057	0.222703
03618	13.256770	-1.647326	-3.811679	1.217581	-1.400561	0.899683	0.217883	0.079915	0.972698	-0.714700	0.691767	0.103257	-0.664628	-0.717685	0.207840
03619	13.026049	5.835196	-0.179430	1.473149	-1.275382	0.851217	0.203354	0.076523	0.976110	-0.726222	0.680446	0.097950	-0.656695	-0.728792	0.193944
03620	9.586546	3.552751	-2.266428	0.842306	-1.149236	0.771634	0.190239	0.073292	0.978998	-0.733221	0.673732	0.092041	-0.652837	-0.735332	0.181910
03621	8.797285	3.641720	-1.741964	0.211782	-1.279186	0.750435	0.176400	0.068911	0.981903	-0.735978	0.671638	0.085083	-0.653621	-0.737668	0.169194
03622	9.498297	1.779619	-0.794495	-0.691025	-1.337558	0.787851	0.161869	0.064305	0.984715	-0.732721	0.676239	0.076285	-0.660998	-0.733870	0.156579
03623	10.096622	-0.881804	-0.686064	-0.841454	-1.220437	0.782627	0.148065	0.060684	0.987114	-0.728337	0.681904	0.067328	-0.669031	-0.728920	0.145165
03624	10.252347	-1.889250	-0.136352	-0.354104	-1.094171	0.737954	0.135397	0.057674	0.989111	-0.726951	0.684096	0.059622	-0.673209	-0.727108	0.134550
03625	10.101029	-1.064538	0.675920	0.164537	-0.995119	0.688384	0.123716	0.055125	0.990785	-0.728950	0.682509	0.053048	-0.673295	-0.728796	0.124620
03626	9.680047	0.044587	0.885411	0.295912	-0.927762	0.660452	0.112693	0.052772	0.992228	-0.731670	0.680042	0.046932	-0.672280	-0.731272	0.115247
03627	9.368139	0.760605	1.027050	0.098566	-0.921409	0.632528	0.101895	0.050318	0.993522	-0.733011	0.678993	0.040789	-0.672542	-0.732418	0.106069
03628	9.448590	0.781570	0.934682	-0.172178	-0.938975	0.597705	0.091231	0.047428	0.994700	-0.732378	0.680011	0.034749	-0.674758	-0.731667	0.096773
03629	9.578840	0.488123	0.856882	-0.379418	-0.938912	0.559092	0.080820	0.044368	0.995741	-0.730292	0.682525	0.028863	-0.678337	-0.729515	0.087563
03630	9.733191	-0.156387	0.483682	-0.461215	-0.897950	0.531200	0.070880	0.041387	0.996626	-0.727508	0.685705	0.023265	-0.682428	-0.726702	0.078712
03631	9.775587	-0.708587	0.037397	-0.397387	-0.830549	0.504015	0.061567	0.038814	0.997348	-0.725123	0.688384	0.017972	-0.685861	-0.724307	0.070527
03632	10.019263	-1.011982	-0.483905	-0.245408	-0.754610	0.479269	0.052951	0.036580	0.997927	-0.723662	0.690030	0.013105	-0.688120	-0.722856	0.063010
03633	10.162022	-1.322786	-0.810307	-0.065639	-0.672467	0.448989	0.045103	0.034809	0.998376	-0.723431	0.690343	0.008613	-0.688922	-0.722645	0.056319
03634	10.274392	-0.924049	-1.073305	0.072810	-0.596377	0.421183	0.037983	0.033331	0.998722	-0.724060	0.689722	0.004519	-0.688690	-0.723307	0.050331
03635	10.278609	-0.553727	-1.155296	0.042859	-0.523906	0.375740	0.031684	0.032121	0.998982	-0.724488	0.689287	0.000815	-0.688559	-0.723776	0.045110
