// General information: 
//  MT Manager version: 2022.2.0 
//  XDA version: 2022.2.0 build 7381 rev 124627 built on 2023-07-19
// Device information: 
//  DeviceId: 00B4CAF0
//  ProductCode: MTW2-3A7G6
//  Firmware Version: 4.6.0
//  Hardware Version: 2.0.0
// Device settings: 
//  Filter Profile: human(46.1)
//  Option Flags: Orientation Smoother Disabled, Position/Velocity Smoother Disabled, Continuous Zero Rotation Update Disabled, AHS Disabled, ICC Disabled
// Coordinate system: ENU
PacketCounter	Acc_X	Acc_Y	Acc_Z	Gyr_X	Gyr_Y	Gyr_Z	Mat[1][1]	Mat[2][1]	Mat[3][1]	Mat[1][2]	Mat[2][2]	Mat[3][2]	Mat[1][3]	Mat[2][3]	Mat[3][3]
14079	4.752603	-0.731150	9.040294	-0.003181	-0.001375	0.009667	0.894307	-0.046745	0.445005	0.086944	0.993727	-0.070342	-0.438925	0.101598	0.892761
14080	4.774437	-0.741269	9.040196	0.001867	0.013064	0.007851	0.894355	-0.046683	0.444916	0.086882	0.993730	-0.070379	-0.438841	0.101599	0.892803
14081	4.719302	-0.741348	9.054064	0.012550	0.030934	0.010482	0.894422	-0.046318	0.444820	0.086320	0.993799	-0.070086	-0.438815	0.101083	0.892874
14082	4.707344	-0.759923	9.068119	0.020187	0.049660	0.009663	0.894630	-0.046274	0.444404	0.086160	0.993822	-0.069965	-0.438421	0.100883	0.893090
14083	4.714401	-0.789562	9.028213	0.029480	0.066141	0.005917	0.894911	-0.046335	0.443833	0.086062	0.993843	-0.069775	-0.437867	0.100639	0.893389
14084	4.428278	-0.641146	9.275411	0.038034	0.081760	0.007002	0.895257	-0.046350	0.443132	0.085848	0.993882	-0.069483	-0.437200	0.100247	0.893760
14085	4.571148	-0.539105	9.247638	0.000867	0.054760	0.014063	0.895478	-0.045993	0.442723	0.085319	0.993940	-0.069314	-0.436852	0.099842	0.893975
14086	4.605927	-0.691430	9.178869	0.007966	0.054642	0.014808	0.895712	-0.045903	0.442259	0.085166	0.993952	-0.069324	-0.436402	0.099760	0.894204
14087	4.502730	-0.671917	9.194657	0.015860	0.057276	0.013646	0.895998	-0.045834	0.441687	0.084986	0.993972	-0.069256	-0.435850	0.099590	0.894492
14088	4.506599	-0.711570	9.187798	0.009861	0.055596	0.015588	0.896236	-0.045737	0.441213	0.084818	0.993987	-0.069252	-0.435393	0.099489	0.894726
14089	4.497323	-0.660028	9.221042	0.014554	0.052496	0.016125	0.896534	-0.045734	0.440609	0.084760	0.993989	-0.069293	-0.434791	0.099470	0.895021
14090	4.510042	-0.680134	9.201908	0.011958	0.048210	0.015127	0.896740	-0.045634	0.440200	0.084587	0.994005	-0.069269	-0.434400	0.099352	0.895224
14091	4.447749	-0.690976	9.195209	0.010297	0.040814	0.016028	0.896930	-0.045512	0.439824	0.084396	0.994023	-0.069248	-0.434043	0.099230	0.895410
14092	4.480625	-0.729915	9.208544	0.005360	0.035439	0.017730	0.897083	-0.045373	0.439527	0.084228	0.994034	-0.069295	-0.433760	0.099184	0.895553
14093	4.451710	-0.728939	9.243517	0.005186	0.029763	0.008978	0.897134	-0.045279	0.439431	0.084091	0.994049	-0.069252	-0.433680	0.099080	0.895603
14094	4.475236	-0.730012	9.211156	0.005885	0.018175	0.013115	0.897208	-0.045169	0.439293	0.083962	0.994058	-0.069273	-0.433554	0.099036	0.895669
14095	4.447928	-0.728976	9.245335	0.001947	0.012491	0.005724	0.897274	-0.045172	0.439156	0.083979	0.994052	-0.069334	-0.433412	0.099091	0.895731
14096	4.500341	-0.728928	9.233279	0.001533	0.002705	0.007175	0.897276	-0.045106	0.439160	0.083922	0.994055	-0.069368	-0.433420	0.099098	0.895727
14097	4.459602	-0.761037	9.203023	-0.001178	-0.000998	0.008304	0.897240	-0.045065	0.439237	0.083929	0.994048	-0.069456	-0.433492	0.099184	0.895682
14098	4.500530	-0.729447	9.233146	0.001990	-0.006807	0.001668	0.897196	-0.045044	0.439330	0.083920	0.994048	-0.069462	-0.433586	0.099190	0.895636
14099	4.512803	-0.701251	9.187622	0.000749	-0.004418	0.001115	0.897158	-0.045183	0.439393	0.084150	0.994019	-0.069603	-0.433620	0.099419	0.895594
14100	4.505085	-0.720919	9.199320	-0.002145	-0.009428	0.001458	0.897102	-0.045162	0.439510	0.084161	0.994015	-0.069646	-0.433734	0.099469	0.895534
14101	4.536704	-0.711024	9.186680	0.002059	-0.009284	-0.003382	0.896986	-0.045276	0.439735	0.084345	0.993996	-0.069705	-0.433938	0.099613	0.895419
14102	4.515042	-0.701109	9.186533	0.001989	-0.006806	0.001668	0.896941	-0.045256	0.439828	0.084337	0.993996	-0.069712	-0.434032	0.099621	0.895372
14103	4.534723	-0.719169	9.219278	0.002241	-0.007977	-0.002596	0.896824	-0.045199	0.440072	0.084263	0.994008	-0.069626	-0.434288	0.099524	0.895259
14104	4.547189	-0.690769	9.173657	0.002115	-0.007391	-0.000464	0.896775	-0.045199	0.440173	0.084273	0.994007	-0.069623	-0.434388	0.099531	0.895210
14105	4.556194	-0.671089	9.161318	0.000384	-0.007033	-0.000456	0.896695	-0.045298	0.440326	0.084444	0.993987	-0.069709	-0.434520	0.099691	0.895128
14106	4.553407	-0.679671	9.194282	0.000258	-0.006448	0.001676	0.896651	-0.045277	0.440417	0.084444	0.993985	-0.069732	-0.434611	0.099716	0.895081
14107	4.584615	-0.669788	9.181824	0.001057	-0.003696	-0.000232	0.896607	-0.045309	0.440503	0.084499	0.993979	-0.069754	-0.434690	0.099764	0.895037
14108	4.540925	-0.710141	9.184663	0.000623	-0.003833	0.003247	0.896576	-0.045275	0.440570	0.084484	0.993978	-0.069781	-0.434758	0.099785	0.895002
14109	4.571840	-0.700128	9.172359	0.003769	0.000006	-0.001362	0.896491	-0.045241	0.440745	0.084435	0.993987	-0.069714	-0.434941	0.099712	0.894921
14110	4.549334	-0.690396	9.172622	-0.000377	0.001756	0.006396	0.896487	-0.045182	0.440761	0.084395	0.993987	-0.069763	-0.434959	0.099740	0.894909
14111	4.563166	-0.719485	9.184562	0.006174	0.002985	-0.001146	0.896429	-0.045000	0.440897	0.084105	0.994027	-0.069547	-0.435134	0.099425	0.894859
14112	4.553655	-0.679016	9.194208	0.000730	0.005230	0.003141	0.896436	-0.044976	0.440885	0.084089	0.994027	-0.069571	-0.435122	0.099439	0.894863
14113	4.578859	-0.680045	9.161036	0.003260	0.007624	0.001226	0.896399	-0.044974	0.440960	0.084087	0.994028	-0.069554	-0.435198	0.099427	0.894828
14114	4.574587	-0.688454	9.194752	0.003499	0.010825	0.004928	0.896432	-0.044938	0.440897	0.084043	0.994031	-0.069561	-0.435139	0.099411	0.894858
14115	4.560150	-0.718882	9.186107	0.003863	0.013440	0.006499	0.896535	-0.045063	0.440676	0.084228	0.994005	-0.069712	-0.434893	0.099616	0.894955
14116	4.539924	-0.700518	9.153656	0.005285	0.012360	0.007839	0.896577	-0.045000	0.440596	0.084151	0.994011	-0.069717	-0.434820	0.099583	0.894994
14117	4.557454	-0.718455	9.187478	0.007192	0.018587	0.002676	0.896565	-0.044969	0.440623	0.084090	0.994020	-0.069657	-0.434856	0.099504	0.894986
14118	4.522720	-0.670760	9.143429	0.002677	0.017723	0.008863	0.896631	-0.044901	0.440495	0.084015	0.994025	-0.069690	-0.434734	0.099494	0.895046
14119	4.496064	-0.729259	9.180282	0.006390	0.015835	0.004585	0.896615	-0.045009	0.440517	0.084180	0.994005	-0.069776	-0.434736	0.099644	0.895028
14120	4.504605	-0.707118	9.223434	0.002074	0.011906	0.003590	0.896651	-0.044988	0.440446	0.084155	0.994006	-0.069791	-0.434666	0.099644	0.895062
14121	4.511965	-0.687633	9.211900	0.001273	0.009155	0.005498	0.896677	-0.044911	0.440402	0.084058	0.994015	-0.069779	-0.434633	0.099588	0.895085
14122	4.523711	-0.719394	9.169615	0.001091	0.007847	0.004713	0.896696	-0.044874	0.440367	0.084027	0.994015	-0.069808	-0.434599	0.099599	0.895100
14123	4.536214	-0.688960	9.179225	0.001400	0.008569	0.003366	0.896746	-0.044820	0.440269	0.083942	0.994024	-0.069781	-0.434511	0.099533	0.895150
14124	4.527052	-0.708438	9.191640	0.003130	0.008210	0.003360	0.896766	-0.044798	0.440231	0.083915	0.994026	-0.069786	-0.434475	0.099523	0.895169
14125	4.508972	-0.687804	9.213352	-0.001185	0.004282	0.002363	0.896620	-0.044835	0.440524	0.084039	0.994009	-0.069881	-0.434752	0.099678	0.895017
14126	4.525892	-0.708563	9.192202	0.002820	0.007488	0.004707	0.896637	-0.044799	0.440493	0.084002	0.994011	-0.069895	-0.434724	0.099672	0.895031
14127	4.494081	-0.659043	9.201891	-0.006429	-0.001811	0.005405	0.896620	-0.044850	0.440523	0.084142	0.993988	-0.070061	-0.434732	0.099885	0.895003
14128	4.520796	-0.720636	9.170955	-0.004389	-0.001448	0.004053	0.896598	-0.044811	0.440572	0.084142	0.993982	-0.070137	-0.434778	0.099955	0.894973
14129	4.543294	-0.731135	9.170672	-0.008160	-0.001453	0.005412	0.896561	-0.044734	0.440656	0.084108	0.993979	-0.070222	-0.434861	0.100021	0.894925
14130	4.553159	-0.710212	9.213082	-0.007979	-0.000145	0.006198	0.896546	-0.044675	0.440692	0.084104	0.993971	-0.070339	-0.434893	0.100126	0.894898
14131	4.532734	-0.695130	9.125420	-0.004208	-0.000141	0.004838	0.896491	-0.044773	0.440795	0.084314	0.993941	-0.070521	-0.434966	0.100387	0.894833
14132	4.548149	-0.722628	9.191761	-0.005629	0.000941	0.003498	0.896478	-0.044742	0.440823	0.084325	0.993934	-0.070606	-0.434990	0.100469	0.894813
14133	4.559881	-0.695418	9.146467	-0.008107	0.000441	0.008330	0.896477	-0.044614	0.440839	0.084218	0.993938	-0.070675	-0.435014	0.100485	0.894799
14134	4.537159	-0.686788	9.146721	-0.008545	0.005582	0.005869	0.896486	-0.044564	0.440824	0.084220	0.993929	-0.070796	-0.434993	0.100594	0.894797
14135	4.545946	-0.727573	9.137408	-0.000128	0.000585	0.002132	0.896383	-0.044570	0.441033	0.084282	0.993920	-0.070855	-0.435193	0.100684	0.894690
14136	4.533062	-0.696296	9.180229	-0.003172	0.005812	0.006635	0.896394	-0.044513	0.441017	0.084254	0.993916	-0.070932	-0.435176	0.100740	0.894692
14137	4.563325	-0.687063	9.168261	-0.003354	0.004505	0.005849	0.896361	-0.044531	0.441082	0.084341	0.993900	-0.071054	-0.435228	0.100891	0.894650
14138	4.554411	-0.707057	9.180494	-0.001132	0.006175	0.005283	0.896372	-0.044488	0.441064	0.084317	0.993899	-0.071106	-0.435210	0.100927	0.894654
14139	4.544518	-0.667202	9.190290	-0.001879	0.010594	0.004168	0.896384	-0.044600	0.441030	0.084507	0.993872	-0.071252	-0.435149	0.101139	0.894660
14140	4.556155	-0.699201	9.148035	-0.000769	0.008790	0.006855	0.896407	-0.044544	0.440987	0.084467	0.993871	-0.071309	-0.435108	0.101171	0.894676
14141	4.548151	-0.716657	9.215056	-0.001077	0.013347	0.002261	0.896465	-0.044578	0.440867	0.084511	0.993865	-0.071352	-0.434982	0.101223	0.894732
14142	4.514797	-0.729315	9.173223	-0.002758	0.010321	0.011126	0.896499	-0.044481	0.440808	0.084442	0.993864	-0.071446	-0.434925	0.101273	0.894754
14143	4.532101	-0.688172	9.204171	0.001839	0.008705	-0.000109	0.896558	-0.044793	0.440655	0.084856	0.993815	-0.071626	-0.434722	0.101609	0.894814
14144	4.531855	-0.747858	9.207213	0.001762	0.011183	0.004943	0.896591	-0.044759	0.440592	0.084823	0.993816	-0.071653	-0.434660	0.101616	0.894843
14145	4.530157	-0.688043	9.205138	0.003622	0.010238	0.002804	0.896626	-0.044896	0.440507	0.085007	0.993794	-0.071741	-0.434553	0.101771	0.894878
14146	4.541858	-0.719380	9.162918	0.005171	0.008571	0.002013	0.896645	-0.044888	0.440469	0.084986	0.993797	-0.071725	-0.434517	0.101746	0.894898
14147	4.533387	-0.676534	9.227264	0.003129	0.008208	0.003365	0.896627	-0.044888	0.440505	0.085001	0.993794	-0.071746	-0.434551	0.101773	0.894879
14148	4.545148	-0.707964	9.185014	0.005041	0.009157	0.004146	0.896651	-0.044860	0.440460	0.084962	0.993798	-0.071741	-0.434510	0.101749	0.894901
14149	4.552549	-0.688056	9.173542	0.007444	0.012134	0.004366	0.896682	-0.044900	0.440392	0.084999	0.993795	-0.071745	-0.434438	0.101765	0.894934
14150	4.563814	-0.719244	9.131572	0.007986	0.016058	0.006725	0.896738	-0.044853	0.440284	0.084924	0.993803	-0.071725	-0.434338	0.101709	0.894989
14151	4.563775	-0.716164	9.186855	0.011706	0.014167	0.002450	0.896745	-0.044853	0.440270	0.084895	0.993809	-0.071669	-0.434329	0.101645	0.895001
14152	4.526640	-0.736298	9.178491	0.006254	0.016418	0.006730	0.896801	-0.044807	0.440158	0.084827	0.993815	-0.071665	-0.434225	0.101607	0.895056
14153	4.529977	-0.724864	9.200554	0.010025	0.016421	0.005374	0.896872	-0.044731	0.440023	0.084678	0.993835	-0.071566	-0.434109	0.101446	0.895130
14154	4.541708	-0.693657	9.210647	0.010335	0.017143	0.004029	0.896930	-0.044712	0.439907	0.084617	0.993844	-0.071513	-0.434002	0.101366	0.895191
14155	4.526919	-0.723353	9.202178	0.009973	0.014527	0.002457	0.896933	-0.044720	0.439900	0.084601	0.993849	-0.071463	-0.433998	0.101313	0.895199
14156	4.538820	-0.692196	9.212179	0.008110	0.015473	0.004594	0.896983	-0.044694	0.439799	0.084545	0.993856	-0.071432	-0.433904	0.101256	0.895251
14157	4.510193	-0.692613	9.191764	0.014719	0.013312	0.005924	0.897000	-0.044541	0.439781	0.084290	0.993890	-0.071261	-0.433920	0.100990	0.895273
14158	4.510454	-0.689095	9.246887	0.012578	0.009161	0.001438	0.897020	-0.044540	0.439739	0.084242	0.993900	-0.071176	-0.433887	0.100891	0.895301
14159	4.517260	-0.730927	9.183540	0.008854	0.011055	0.005711	0.897057	-0.044394	0.439680	0.084004	0.993930	-0.071033	-0.433858	0.100655	0.895341
14160	4.529562	-0.699752	9.193339	0.010715	0.010108	0.003575	0.897083	-0.044372	0.439628	0.083945	0.993940	-0.070974	-0.433814	0.100574	0.895371
14161	4.504767	-0.691606	9.139525	0.011386	0.013446	0.003800	0.897089	-0.044412	0.439611	0.083977	0.993938	-0.070954	-0.433795	0.100569	0.895381
14162	4.496491	-0.707774	9.206681	0.011026	0.010830	0.002229	0.897118	-0.044404	0.439554	0.083929	0.993947	-0.070886	-0.433746	0.100484	0.895415
14163	4.478056	-0.686070	9.228548	0.010977	0.008934	-0.000688	0.897123	-0.044590	0.439525	0.084142	0.993928	-0.070908	-0.433694	0.100595	0.895427
14164	4.494896	-0.705859	9.207606	0.008575	0.005956	-0.000910	0.897127	-0.044610	0.439514	0.084133	0.993933	-0.070849	-0.433687	0.100538	0.895437
14165	4.500185	-0.754082	9.231690	0.003148	-0.001441	0.001340	0.897127	-0.044666	0.439510	0.084201	0.993926	-0.070863	-0.433675	0.100580	0.895438
14166	4.469230	-0.703720	9.240886	0.002513	-0.009159	-0.006852	0.897061	-0.044729	0.439638	0.084272	0.993922	-0.070832	-0.433797	0.100590	0.895378
14167	4.451959	-0.744883	9.209985	0.000027	-0.009653	-0.002023	0.896989	-0.044613	0.439796	0.084109	0.993944	-0.070719	-0.433978	0.100425	0.895309
14168	4.474973	-0.694614	9.206610	0.000989	-0.017143	-0.008086	0.896887	-0.044680	0.439997	0.084197	0.993938	-0.070696	-0.434171	0.100453	0.895212
14169	4.468460	-0.713470	9.217745	0.003727	-0.023097	-0.011235	0.896722	-0.044865	0.440314	0.084443	0.993917	-0.070700	-0.434463	0.100579	0.895056
14170	4.489883	-0.730715	9.249738	0.005972	-0.031079	-0.013821	0.896555	-0.044975	0.440643	0.084561	0.993913	-0.070607	-0.434786	0.100565	0.894901
14171	4.508443	-0.692713	9.169796	0.011288	-0.032746	-0.015964	0.896315	-0.044941	0.441135	0.084467	0.993939	-0.070366	-0.435299	0.100331	0.894678
14172	4.496334	-0.727120	9.246887	0.016372	-0.037616	-0.021808	0.896112	-0.045124	0.441529	0.084611	0.993942	-0.070144	-0.435689	0.100216	0.894501
14173	4.455863	-0.704741	9.245263	0.023075	-0.051909	-0.027544	0.895891	-0.045309	0.441958	0.084683	0.993963	-0.069759	-0.436130	0.099923	0.894319
14174	4.268222	-0.535909	9.426102	0.018696	-0.063002	-0.025507	0.895573	-0.045504	0.442581	0.084850	0.993967	-0.069500	-0.436749	0.099795	0.894031
14175	4.231314	-0.459531	9.561894	-0.030099	-0.127813	-0.032958	0.894943	-0.045609	0.443844	0.085151	0.993937	-0.069559	-0.437980	0.100045	0.893400
14176	4.485878	-0.819244	9.292335	-0.030699	-0.136998	-0.029344	0.894296	-0.045767	0.445129	0.085568	0.993890	-0.069724	-0.439219	0.100442	0.892748
14177	4.416097	-0.709356	9.359317	-0.045619	-0.159371	-0.035080	0.893547	-0.045881	0.446620	0.085974	0.993841	-0.069912	-0.440662	0.100867	0.891988
14178	4.438107	-0.761036	9.375306	-0.053166	-0.181141	-0.041395	0.892690	-0.046112	0.448306	0.086598	0.993765	-0.070221	-0.442273	0.101508	0.891118
14179	4.606149	-0.719902	9.195387	-0.060569	-0.201596	-0.046912	0.891701	-0.046449	0.450236	0.087417	0.993666	-0.070618	-0.444104	0.102328	0.890113
14180	4.673301	-0.612068	9.200913	-0.054817	-0.204580	-0.040737	0.890733	-0.046647	0.452127	0.088043	0.993587	-0.070942	-0.445918	0.102997	0.889128
14181	4.687490	-0.626125	9.169667	-0.052783	-0.210049	-0.038239	0.889687	-0.046723	0.454173	0.088518	0.993527	-0.071190	-0.447907	0.103539	0.888065
14182	4.724699	-0.649540	9.137575	-0.044931	-0.220418	-0.032543	0.888647	-0.046822	0.456195	0.089029	0.993462	-0.071460	-0.449867	0.104118	0.887006
14183	4.712601	-0.730174	9.175230	-0.037143	-0.223034	-0.027751	0.887588	-0.046930	0.458242	0.089546	0.993398	-0.071708	-0.451851	0.104681	0.885930
14184	4.747603	-0.761113	9.175979	-0.031397	-0.223210	-0.032587	0.886525	-0.047023	0.460284	0.089997	0.993346	-0.071857	-0.453843	0.105127	0.884859
14185	4.797261	-0.820080	9.188065	-0.014444	-0.228046	-0.033537	0.885411	-0.047125	0.462414	0.090387	0.993312	-0.071841	-0.455936	0.105405	0.883749
14186	4.743159	-0.809792	9.191246	-0.001299	-0.227611	-0.039051	0.884313	-0.047276	0.464495	0.090759	0.993289	-0.071691	-0.457989	0.105555	0.882669
14187	4.714242	-0.933960	9.286521	0.002639	-0.237061	-0.045890	0.883158	-0.047539	0.466661	0.091243	0.993259	-0.071494	-0.460117	0.105720	0.881542
14188	4.761079	-1.006137	9.364642	0.021267	-0.247173	-0.057003	0.881943	-0.047848	0.468922	0.091668	0.993251	-0.071060	-0.462357	0.105656	0.880376
14189	4.657512	-1.118410	9.419771	0.058365	-0.263438	-0.086047	0.880626	-0.048354	0.471338	0.092053	0.993285	-0.070087	-0.464784	0.105108	0.879163
14190	4.642965	-1.085068	9.463938	0.087565	-0.288429	-0.128172	0.879140	-0.049329	0.474003	0.092793	0.993310	-0.068731	-0.467442	0.104408	0.877836
14191	4.585845	-1.095627	9.545176	0.128557	-0.317749	-0.173424	0.877468	-0.050853	0.476932	0.093922	0.993330	-0.066884	-0.470350	0.103483	0.876392
14192	4.572155	-1.122920	9.514525	0.183298	-0.377535	-0.245735	0.875430	-0.052911	0.480441	0.095231	0.993388	-0.064123	-0.473871	0.101888	0.874680
14193	4.764889	-1.524392	9.771014	0.196334	-0.452700	-0.316340	0.872974	-0.055627	0.484584	0.097112	0.993408	-0.060910	-0.478001	0.100232	0.872622
14194	4.897326	-2.044505	9.205615	0.338076	-0.473741	-0.397715	0.870286	-0.059115	0.488987	0.098976	0.993510	-0.056047	-0.482500	0.097175	0.870489
14195	4.820130	-0.778847	9.801597	0.492008	-0.529746	-0.469409	0.867228	-0.063423	0.493855	0.100922	0.993656	-0.049615	-0.487576	0.092868	0.868128
14196	5.057680	-1.692069	9.262536	0.398335	-0.584231	-0.539616	0.863787	-0.068257	0.499212	0.103661	0.993661	-0.043503	-0.493078	0.089326	0.865387
14197	5.214949	-1.335596	9.345301	0.606465	-0.618535	-0.609242	0.859993	-0.073691	0.504957	0.105832	0.993760	-0.035217	-0.499211	0.083727	0.862426
14198	5.444362	-1.463428	9.078008	0.592685	-0.661287	-0.682845	0.855913	-0.079946	0.510903	0.108735	0.993713	-0.026666	-0.505559	0.078377	0.859225
14199	5.689742	-1.269664	8.737423	0.653259	-0.718429	-0.755045	0.851371	-0.086881	0.517319	0.111872	0.993573	-0.017247	-0.512496	0.072557	0.855619
14200	5.855183	-0.815245	8.815293	0.553537	-0.788590	-0.841042	0.846316	-0.094688	0.524199	0.116176	0.993195	-0.008162	-0.519859	0.067807	0.851557
14201	5.955343	-1.372851	8.773960	0.366041	-0.810314	-0.925994	0.840845	-0.103365	0.531315	0.122215	0.992504	-0.000327	-0.527299	0.065209	0.847174
14202	6.641802	-4.090373	9.717889	0.077199	-0.802884	-0.986843	0.835311	-0.112636	0.538115	0.130098	0.991485	0.005583	-0.534162	0.065344	0.842853
14203	6.247232	-5.252301	7.865074	0.656817	-0.610058	-1.091725	0.830486	-0.122893	0.543314	0.135485	0.990634	0.016977	-0.540311	0.059512	0.839358
14204	6.002645	-2.884777	8.679166	1.631630	-0.610300	-1.189247	0.825521	-0.134361	0.548145	0.136480	0.989947	0.037113	-0.547621	0.044173	0.835559
14205	5.551883	-0.694536	8.324913	1.621312	-0.531899	-1.317247	0.820673	-0.147053	0.552152	0.138314	0.988704	0.057740	-0.554405	0.028985	0.831742
14206	5.619841	0.372193	7.849524	1.394471	-0.491503	-1.350185	0.816014	-0.160288	0.555364	0.141614	0.986941	0.076771	-0.560417	0.016001	0.828056
14207	4.683954	1.166226	7.611418	1.243326	-0.381074	-1.355985	0.811816	-0.173372	0.557582	0.145398	0.984847	0.094531	-0.565522	0.004330	0.824722
14208	3.831830	0.508996	8.589524	0.781941	-0.328287	-1.012831	0.808430	-0.183344	0.559308	0.149189	0.983045	0.106607	-0.569371	-0.002741	0.822076
14209	4.117041	-3.439793	8.796846	-0.048787	-0.249570	-0.259980	0.806546	-0.185600	0.561281	0.151173	0.982623	0.107695	-0.571515	-0.002010	0.820589
14210	5.093116	-7.730136	8.429172	-0.731220	-0.182678	0.955874	0.806899	-0.176204	0.563797	0.147665	0.984338	0.096300	-0.571935	0.005549	0.820280
14211	4.244572	-12.356590	7.332917	-0.556143	-0.114327	1.990830	0.808862	-0.156320	0.566838	0.134613	0.987641	0.080278	-0.572382	0.011370	0.819908
14212	3.702578	-10.472545	8.332957	0.559319	-0.062110	2.594394	0.811653	-0.130648	0.569342	0.110408	0.991411	0.070104	-0.573611	0.005960	0.819106
14213	2.816012	-8.486612	9.131480	0.511659	0.066207	3.302301	0.815068	-0.097458	0.571110	0.080341	0.995239	0.055175	-0.573768	0.000913	0.819017
14214	2.111340	-7.021343	9.081801	0.731723	0.097435	3.844753	0.818000	-0.059136	0.572170	0.044768	0.998229	0.039169	-0.573473	-0.006425	0.819199
14215	2.071466	-5.331097	9.749997	0.740762	0.117168	4.255523	0.819641	-0.016143	0.572650	0.005365	0.999775	0.020504	-0.572853	-0.013733	0.819543
14216	2.321906	-4.125003	10.362778	0.707623	0.188642	4.552980	0.819991	0.029400	0.571621	-0.035994	0.999352	0.000234	-0.571244	-0.020767	0.820517
14217	2.783302	-2.987244	10.988676	0.712518	0.305003	4.753072	0.818894	0.077284	0.568717	-0.079050	0.996636	-0.021610	-0.568474	-0.027261	0.822249
14218	3.347272	-1.168239	10.056491	0.929115	0.505931	4.790859	0.816874	0.125070	0.563093	-0.123480	0.991496	-0.041093	-0.563444	-0.035964	0.825371
14219	2.995732	2.174569	10.630496	1.303677	0.689139	4.676180	0.813974	0.171785	0.554920	-0.168723	0.984007	-0.057128	-0.555859	-0.047127	0.829940
14220	2.084976	4.485606	12.169389	0.457929	0.808499	4.492878	0.809950	0.216187	0.545200	-0.207718	0.975069	-0.078056	-0.548483	-0.050026	0.834664
14221	2.402925	3.766124	11.269630	0.036219	0.800850	4.053023	0.805468	0.255976	0.534508	-0.240259	0.965510	-0.100329	-0.541754	-0.047609	0.839188
14222	9.116077	-0.367508	12.564635	-0.078809	0.851569	3.009485	0.802435	0.285299	0.524121	-0.264011	0.957404	-0.116947	-0.535160	-0.044531	0.843576
14223	1.852818	8.126439	11.710167	2.612683	1.687809	1.500321	0.807581	0.300396	0.507519	-0.289158	0.951704	-0.103187	-0.514005	-0.063421	0.855439
14224	5.014221	10.456594	14.631743	-0.140940	1.231432	0.845443	0.811354	0.309174	0.496101	-0.295264	0.949216	-0.108667	-0.504504	-0.058314	0.861438
14225	5.428953	5.827161	8.081015	0.634615	1.456734	-0.372294	0.820145	0.306210	0.483319	-0.294677	0.950145	-0.101932	-0.490435	-0.058824	0.869490
14226	5.124014	11.385055	11.503604	-0.262783	1.350230	-1.320681	0.830483	0.294378	0.472905	-0.282483	0.954260	-0.097940	-0.480106	-0.052250	0.875653
14227	6.717422	6.756485	9.666048	-0.837353	1.373309	-2.065897	0.842969	0.274946	0.462393	-0.260606	0.960649	-0.096116	-0.470624	-0.039480	0.881450
14228	6.700391	5.918955	9.702142	-1.388410	1.348790	-2.578156	0.855592	0.250498	0.453004	-0.232210	0.967855	-0.096618	-0.462645	-0.022526	0.886257
14229	7.034142	3.305678	8.450088	-1.642577	1.315671	-2.890634	0.868027	0.222461	0.443891	-0.199458	0.974937	-0.098561	-0.454692	-0.002984	0.890644
14230	7.093101	1.288994	7.941021	-1.785469	1.244602	-2.975402	0.879044	0.193270	0.435808	-0.165393	0.980997	-0.101441	-0.447131	0.017092	0.894305
14231	7.047627	-0.888414	7.879378	-1.756517	1.122714	-2.857759	0.888348	0.164889	0.428543	-0.132285	0.985633	-0.105019	-0.439702	0.036603	0.897397
14232	3.792996	-2.006622	4.531068	-1.873964	0.751941	-2.534844	0.894577	0.139517	0.424579	-0.101469	0.988619	-0.111067	-0.435242	0.056277	0.898553
14233	9.444158	-4.104860	4.470190	-1.079769	0.155024	-2.106338	0.897235	0.118505	0.425354	-0.077828	0.990674	-0.111835	-0.434640	0.067238	0.898091
14234	9.726489	-3.030148	6.889155	-0.009789	0.127462	-1.703811	0.898960	0.101525	0.426103	-0.062465	0.992540	-0.104702	-0.433554	0.067506	0.898595
14235	10.202816	-1.573633	7.953945	-0.070988	0.180797	-1.083934	0.900399	0.090707	0.425503	-0.052460	0.993524	-0.100785	-0.431890	0.068425	0.899327
14236	8.388799	-2.362013	5.937265	-0.058553	0.090728	-0.546814	0.901040	0.085213	0.425283	-0.047264	0.993962	-0.099019	-0.431153	0.069119	0.899627
14237	8.510003	-1.661744	5.979423	0.222275	-0.097301	-0.177049	0.900709	0.083623	0.426299	-0.046693	0.994249	-0.096377	-0.431906	0.066903	0.899434
14238	9.272959	-0.305120	6.494071	0.540067	-0.220067	0.042780	0.899712	0.084191	0.428287	-0.049397	0.994557	-0.091737	-0.433679	0.061381	0.898974
14239	9.654700	0.732053	6.876459	0.622114	-0.192766	0.241933	0.898756	0.086773	0.429776	-0.054309	0.994704	-0.087261	-0.435072	0.055086	0.898709
14240	9.070262	1.347757	6.559533	0.701108	-0.203751	0.349007	0.897644	0.090351	0.431360	-0.060482	0.994754	-0.082497	-0.436551	0.047964	0.898400
14241	8.295453	1.845129	5.547470	0.863444	-0.281806	0.316439	0.896196	0.093671	0.433657	-0.067119	0.994833	-0.076179	-0.438552	0.039164	0.897852
14242	9.820115	4.236860	6.936166	1.235647	-0.409528	0.129443	0.894279	0.095094	0.437290	-0.073697	0.995115	-0.065687	-0.441400	0.026516	0.896918
14243	10.639491	7.499251	9.719165	0.739880	-0.131448	0.108433	0.893593	0.096212	0.438446	-0.077930	0.995179	-0.059554	-0.442062	0.019049	0.896782
14244	7.588864	4.544374	6.855327	-0.017652	0.020762	0.065230	0.893610	0.096857	0.438270	-0.078417	0.995112	-0.060031	-0.441942	0.019277	0.896836
14245	3.875421	1.858471	8.489700	-0.018932	0.092623	0.072244	0.893924	0.097517	0.437481	-0.078951	0.995042	-0.060476	-0.441210	0.019522	0.897191
14246	5.167938	-2.319103	9.739201	-0.377067	0.056107	0.290995	0.893916	0.100400	0.436845	-0.079871	0.994673	-0.065165	-0.441060	0.023361	0.897173
14247	1.936750	-2.781003	8.125902	-0.120847	0.076041	0.140031	0.894115	0.101694	0.436138	-0.080516	0.994511	-0.066824	-0.440539	0.024632	0.897395
14248	4.913387	-1.468841	10.217318	0.526021	-0.351261	0.037670	0.892508	0.102145	0.439313	-0.083160	0.994587	-0.062305	-0.443299	0.019075	0.896171
14249	5.237531	0.468133	9.630864	0.277786	0.037547	0.028297	0.892624	0.102370	0.439024	-0.084596	0.994612	-0.059917	-0.442792	0.016344	0.896475
14250	5.212518	-1.840065	9.150371	-0.298903	-0.205982	0.045005	0.891648	0.102853	0.440891	-0.083653	0.994512	-0.062826	-0.444934	0.019137	0.895359
14251	6.082568	0.418967	9.787785	0.369287	-0.012697	-0.013442	0.891571	0.102682	0.441086	-0.085141	0.994594	-0.059439	-0.444805	0.015440	0.895494
14252	4.366864	2.008733	10.217426	-0.019957	0.074242	0.060419	0.891825	0.103270	0.440435	-0.085572	0.994529	-0.059917	-0.444212	0.015747	0.895783
14253	5.266377	-1.337638	9.385686	-0.491727	-0.012877	0.113863	0.891646	0.104324	0.440549	-0.084323	0.994329	-0.064797	-0.444810	0.020628	0.895387
14254	4.603979	-1.051988	9.238788	-0.052336	0.004509	0.063566	0.891588	0.104955	0.440516	-0.084639	0.994251	-0.065579	-0.444867	0.021185	0.895346
14255	4.572258	-0.691694	9.324307	-0.123598	0.012344	0.052253	0.891583	0.105368	0.440429	-0.084456	0.994180	-0.066878	-0.444913	0.022431	0.895293
14256	4.914968	-0.983131	9.343567	-0.105211	-0.001147	0.037487	0.891522	0.105740	0.440464	-0.084303	0.994116	-0.068018	-0.445064	0.023507	0.895190
14257	4.782197	-0.556958	9.338597	-0.031600	0.019352	0.017479	0.891577	0.105803	0.440337	-0.084214	0.994101	-0.068346	-0.444971	0.023853	0.895227
14258	4.654753	-0.393757	9.313097	-0.019785	0.020323	0.012783	0.891632	0.105924	0.440196	-0.084221	0.994082	-0.068612	-0.444858	0.024103	0.895276
14259	4.632559	-0.431154	9.253290	-0.004128	0.020041	0.015246	0.891688	0.105982	0.440069	-0.084259	0.994075	-0.068672	-0.444739	0.024154	0.895334
14260	4.599610	-0.533188	9.147213	0.001587	0.022614	0.017555	0.891749	0.106150	0.439904	-0.084404	0.994056	-0.068768	-0.444588	0.024194	0.895408
14261	4.487260	-0.615765	9.174560	0.014000	0.020526	0.014941	0.891811	0.106185	0.439769	-0.084498	0.994055	-0.068668	-0.444446	0.024080	0.895482
14262	4.499348	-0.640358	9.155957	0.007308	0.017421	0.017572	0.891850	0.106355	0.439651	-0.084668	0.994037	-0.068712	-0.444337	0.024057	0.895537
14263	4.466055	-0.693757	9.109791	-0.006271	0.022656	0.021646	0.891911	0.106468	0.439499	-0.084737	0.994023	-0.068837	-0.444201	0.024155	0.895602
14264	4.440851	-0.738502	8.996056	-0.023599	0.031191	0.021446	0.892007	0.106672	0.439254	-0.084804	0.993994	-0.069175	-0.443995	0.024454	0.895696
14265	4.428897	-0.752883	9.065027	-0.049121	0.036391	0.021704	0.892124	0.106807	0.438983	-0.084711	0.993966	-0.069682	-0.443777	0.024978	0.895789
14266	4.413902	-0.776441	9.079974	-0.075408	0.045365	0.022030	0.892283	0.107012	0.438611	-0.084554	0.993923	-0.070486	-0.443488	0.025808	0.895909
14267	4.481494	-0.709989	9.190210	-0.090105	0.051004	0.022548	0.892467	0.107151	0.438203	-0.084296	0.993883	-0.071347	-0.443167	0.026736	0.896040
14268	4.476145	-0.671237	9.251947	-0.096340	0.050576	0.026678	0.892644	0.107401	0.437780	-0.084088	0.993828	-0.072359	-0.442849	0.027779	0.896166
14269	4.528463	-0.685004	9.207494	-0.089967	0.044364	0.031670	0.892787	0.107633	0.437431	-0.083900	0.993776	-0.073286	-0.442596	0.028728	0.896261
14270	4.492172	-0.649250	9.281809	-0.069182	0.037131	0.024170	0.892908	0.107860	0.437129	-0.083790	0.993729	-0.074044	-0.442375	0.029487	0.896346
14271	4.502564	-0.681179	9.263422	-0.059572	0.035676	0.028627	0.893024	0.108029	0.436850	-0.083680	0.993691	-0.074671	-0.442160	0.030127	0.896430
14272	4.520206	-0.700271	9.265149	-0.044389	0.024933	0.027301	0.893088	0.108291	0.436655	-0.083708	0.993647	-0.075220	-0.442027	0.030627	0.896479
14273	4.506793	-0.722290	9.279342	-0.038499	0.019022	0.025164	0.893124	0.108479	0.436534	-0.083717	0.993615	-0.075635	-0.441951	0.031006	0.896503
14274	4.519109	-0.751275	9.260175	-0.029286	0.012150	0.023077	0.893135	0.108703	0.436456	-0.083774	0.993580	-0.076030	-0.441919	0.031341	0.896507
14275	4.466534	-0.834436	9.293982	-0.024638	0.007343	0.019514	0.893132	0.108797	0.436438	-0.083744	0.993562	-0.076304	-0.441930	0.031600	0.896493
14276	4.478981	-0.773365	9.252844	-0.023388	0.001459	0.013000	0.893104	0.108924	0.436464	-0.083737	0.993539	-0.076602	-0.441988	0.031865	0.896455
14277	4.510883	-0.771851	9.239847	-0.018985	-0.004680	0.008684	0.893042	0.108969	0.436579	-0.083681	0.993528	-0.076809	-0.442123	0.032060	0.896381
14278	4.453770	-0.729985	9.203570	-0.026206	-0.002679	0.012123	0.892997	0.109088	0.436643	-0.083654	0.993506	-0.077128	-0.442221	0.032349	0.896323
14279	4.483948	-0.727579	9.278274	-0.022544	-0.012811	0.005555	0.892907	0.109087	0.436825	-0.083540	0.993499	-0.077341	-0.442422	0.032566	0.896215
14280	4.551133	-0.715820	9.306082	-0.024446	-0.016649	0.010390	0.892801	0.109194	0.437016	-0.083504	0.993478	-0.077637	-0.442643	0.032822	0.896097
14281	4.561574	-0.707746	9.237543	-0.021962	-0.015875	0.007624	0.892711	0.109151	0.437210	-0.083347	0.993476	-0.077842	-0.442855	0.033050	0.895984
14282	4.563262	-0.757978	9.176385	-0.017074	-0.011590	0.007135	0.892630	0.109223	0.437358	-0.083315	0.993461	-0.078058	-0.443024	0.033238	0.895893
14283	4.529680	-0.721845	9.194782	-0.012680	-0.009968	0.005144	0.892556	0.109216	0.437510	-0.083251	0.993459	-0.078160	-0.443185	0.033339	0.895810
14284	4.535051	-0.717591	9.160445	-0.004297	-0.010339	0.008167	0.892480	0.109298	0.437646	-0.083284	0.993448	-0.078266	-0.443333	0.033401	0.895735
14285	4.520009	-0.740966	9.207313	-0.010030	-0.005126	0.008172	0.892424	0.109299	0.437759	-0.083215	0.993443	-0.078398	-0.443458	0.033536	0.895668
14286	4.502439	-0.770967	9.200120	-0.011277	-0.004017	0.006752	0.892377	0.109365	0.437839	-0.083205	0.993431	-0.078560	-0.443555	0.033675	0.895614
14287	4.502757	-0.772309	9.199853	-0.011278	-0.004017	0.006752	0.892320	0.109392	0.437947	-0.083168	0.993424	-0.078685	-0.443675	0.033789	0.895551
14288	4.521392	-0.793020	9.146098	-0.013607	-0.002503	0.001764	0.892284	0.109407	0.438018	-0.083103	0.993417	-0.078846	-0.443760	0.033952	0.895502
14289	4.419398	-0.818254	9.163830	-0.019829	-0.002940	0.005879	0.892250	0.109366	0.438097	-0.082970	0.993415	-0.079012	-0.443854	0.034149	0.895448
14290	4.458415	-0.805022	9.170979	-0.026632	-0.008071	0.005595	0.892186	0.109421	0.438214	-0.082881	0.993399	-0.079306	-0.444000	0.034436	0.895365
14291	4.456458	-0.766127	9.176657	-0.030204	-0.008437	0.004797	0.892120	0.109410	0.438350	-0.082737	0.993390	-0.079561	-0.444158	0.034710	0.895276
14292	4.484853	-0.770736	9.196906	-0.034102	-0.015157	0.005957	0.892024	0.109472	0.438530	-0.082618	0.993371	-0.079924	-0.444373	0.035063	0.895155
14293	4.472712	-0.749407	9.215515	-0.035598	-0.023134	0.001450	0.891907	0.109374	0.438792	-0.082353	0.993370	-0.080216	-0.444656	0.035409	0.895001
14294	4.483599	-0.694309	9.206969	-0.039829	-0.028451	0.006907	0.891751	0.109450	0.439090	-0.082216	0.993347	-0.080633	-0.444995	0.035804	0.894817
14295	4.477936	-0.757633	9.212305	-0.049957	-0.035609	0.012188	0.891583	0.109414	0.439441	-0.081935	0.993334	-0.081086	-0.445384	0.036289	0.894604
14296	4.535503	-0.772100	9.110234	-0.039672	-0.032143	0.010373	0.891407	0.109525	0.439770	-0.081830	0.993307	-0.081517	-0.445755	0.036679	0.894403
14297	4.561329	-0.783377	9.163220	-0.045327	-0.032652	0.010955	0.891198	0.109700	0.440151	-0.081769	0.993273	-0.081994	-0.446185	0.037082	0.894172
14298	4.552889	-0.805044	9.174866	-0.044422	-0.029362	0.011068	0.891033	0.109817	0.440454	-0.081648	0.993243	-0.082471	-0.446534	0.037522	0.893979
14299	4.548726	-0.821348	9.152754	-0.048004	-0.029723	0.010277	0.890884	0.109797	0.440761	-0.081394	0.993228	-0.082906	-0.446879	0.037984	0.893788
14300	4.508543	-0.847190	9.177183	-0.048352	-0.033076	0.006628	0.890707	0.109872	0.441100	-0.081215	0.993201	-0.083398	-0.447264	0.038459	0.893575
14301	4.543158	-0.800157	9.223063	-0.047112	-0.034185	0.008049	0.890500	0.110014	0.441482	-0.081139	0.993171	-0.083827	-0.447690	0.038827	0.893346
14302	4.521611	-0.796856	9.254274	-0.039403	-0.041279	0.003744	0.890288	0.110064	0.441897	-0.080974	0.993151	-0.084226	-0.448141	0.039203	0.893103
14303	4.494162	-0.757012	9.325334	-0.042755	-0.055812	-0.000992	0.890058	0.109820	0.442420	-0.080515	0.993161	-0.084547	-0.448679	0.039631	0.892814
14304	4.483853	-0.742273	9.287847	-0.040613	-0.072143	0.001440	0.889709	0.109859	0.443112	-0.080324	0.993143	-0.084947	-0.449406	0.039985	0.892433
14305	4.486239	-0.662808	9.296937	-0.042563	-0.091487	0.001576	0.889273	0.109829	0.443995	-0.080052	0.993132	-0.085332	-0.450317	0.040341	0.891957
14306	4.475912	-0.790773	9.251570	-0.050339	-0.110639	0.004460	0.888746	0.109914	0.445026	-0.079842	0.993105	-0.085831	-0.451392	0.040750	0.891395
14307	4.460197	-0.835872	9.306509	-0.062061	-0.122738	-0.000336	0.888187	0.109799	0.446171	-0.079383	0.993096	-0.086366	-0.452573	0.041291	0.890771
14308	3.865088	-0.739868	9.682487	-0.067489	-0.143119	-0.003116	0.887516	0.109824	0.447497	-0.079027	0.993070	-0.086983	-0.453949	0.041834	0.890045
14309	4.466858	-0.612561	9.485526	-0.140666	-0.269180	0.002092	0.886248	0.109974	0.449967	-0.078425	0.993008	-0.088230	-0.456524	0.042905	0.888676
14310	4.504634	-1.066164	9.189006	-0.151722	-0.243254	0.003522	0.885107	0.110111	0.452173	-0.077739	0.992937	-0.089624	-0.458848	0.044175	0.887416
14311	4.507703	-0.700262	9.466840	-0.161822	-0.286382	-0.001305	0.883786	0.110085	0.454757	-0.076846	0.992881	-0.091006	-0.461538	0.045484	0.885954
14312	4.591462	-0.767303	9.343811	-0.187090	-0.317024	0.009035	0.882286	0.110317	0.457603	-0.076036	0.992783	-0.092733	-0.464531	0.047023	0.884307
14313	4.688007	-0.818946	9.205237	-0.202835	-0.343119	0.012566	0.880646	0.110566	0.460692	-0.075156	0.992677	-0.094576	-0.467775	0.048664	0.882507
14314	4.679135	-0.812320	9.275244	-0.196050	-0.361452	0.013001	0.878915	0.110870	0.463915	-0.074327	0.992564	-0.096393	-0.471152	0.050240	0.880620
14315	4.701764	-0.759209	9.249855	-0.194162	-0.392794	0.020112	0.876999	0.111278	0.467429	-0.073590	0.992443	-0.098194	-0.474823	0.051718	0.878560
14316	4.645505	-0.790775	9.270202	-0.194139	-0.431346	0.024878	0.874899	0.111747	0.471238	-0.072859	0.992312	-0.100044	-0.478794	0.053194	0.876314
14317	4.594328	-0.734901	9.446009	-0.179225	-0.479946	0.030087	0.872560	0.112179	0.475453	-0.072136	0.992195	-0.101716	-0.483152	0.054456	0.873841
14318	4.666161	-0.848515	9.317491	-0.184823	-0.548847	0.033994	0.869844	0.112815	0.480254	-0.071510	0.992053	-0.103520	-0.488116	0.055703	0.870999
14319	4.610392	-0.901412	9.290993	-0.167764	-0.602936	0.034825	0.866847	0.113399	0.485506	-0.070900	0.991932	-0.105095	-0.493506	0.056679	0.867893
14320	4.715771	-0.940132	9.312225	-0.174240	-0.673949	0.023256	0.863458	0.114011	0.491367	-0.070212	0.991804	-0.106746	-0.499510	0.057671	0.864387
14321	4.657789	-1.103788	9.258457	-0.180262	-0.735217	0.013582	0.859717	0.114557	0.497759	-0.069416	0.991688	-0.108337	-0.506032	0.058587	0.860522
14322	4.605646	-1.137712	9.279644	-0.179869	-0.809347	-0.009229	0.855571	0.114939	0.504764	-0.068396	0.991591	-0.109863	-0.513147	0.059472	0.856238
14323	4.625299	-1.122674	9.364328	-0.177914	-0.879894	-0.026075	0.851037	0.115056	0.512346	-0.067079	0.991527	-0.111243	-0.520804	0.060304	0.851544
14324	4.507404	-1.206100	9.472508	-0.197342	-0.980224	-0.052339	0.845897	0.115128	0.520773	-0.065573	0.991466	-0.112675	-0.529301	0.061163	0.846227
14325	4.480025	-1.374615	9.442050	-0.195291	-1.066973	-0.079110	0.840237	0.114896	0.529906	-0.063740	0.991445	-0.113901	-0.538460	0.061928	0.840373
14326	4.384855	-1.243503	9.641007	-0.150138	-1.186515	-0.123695	0.833837	0.114402	0.540026	-0.061862	0.991493	-0.114523	-0.548533	0.062086	0.833820
14327	4.430589	-1.391122	9.695741	-0.130737	-1.314342	-0.167903	0.826658	0.113415	0.551156	-0.059600	0.991615	-0.114660	-0.559539	0.061936	0.826487
14328	4.180310	-1.006899	10.150660	-0.036173	-1.458996	-0.222054	0.818506	0.112103	0.563454	-0.057542	0.991842	-0.113746	-0.571609	0.060680	0.818280
14329	3.962914	-1.013119	10.124293	-0.106778	-1.671357	-0.272681	0.808983	0.110311	0.577390	-0.054609	0.992090	-0.113027	-0.585291	0.059906	0.808608
14330	3.933902	-1.578123	9.679737	-0.109368	-1.932436	-0.353677	0.797676	0.107945	0.593347	-0.051091	0.992410	-0.111860	-0.600918	0.058913	0.797136
14331	3.719143	-2.010113	9.301481	0.070144	-2.228289	-0.464451	0.784291	0.104596	0.611512	-0.047799	0.992943	-0.108533	-0.618549	0.055892	0.783756
14332	4.305938	-2.194654	9.455307	0.298952	-2.631264	-0.611857	0.767997	0.099909	0.632613	-0.044900	0.993726	-0.102431	-0.638878	0.050263	0.767664
14333	4.742189	-2.767492	9.338252	0.492879	-2.921519	-0.748052	0.749357	0.093696	0.655504	-0.042303	0.994690	-0.093819	-0.660814	0.042574	0.749341
14334	5.009107	-2.772402	9.066813	0.769246	-3.239785	-0.921273	0.727908	0.085729	0.680294	-0.040642	0.995803	-0.082003	-0.684469	0.032042	0.728338
14335	6.225768	-2.281431	9.280074	0.966738	-3.531442	-1.069808	0.703732	0.075921	0.706398	-0.039633	0.996921	-0.067663	-0.709360	0.019620	0.704574
14336	7.072895	-1.581514	9.030399	1.097140	-3.804945	-1.154767	0.676663	0.064883	0.733428	-0.039555	0.997875	-0.051783	-0.735229	0.006029	0.677792
14337	9.018528	-1.763641	10.181361	0.868355	-4.010419	-1.175757	0.647082	0.053193	0.760562	-0.038266	0.998572	-0.037282	-0.761459	-0.004980	0.648194
14338	10.751413	-3.349266	10.923882	0.720172	-4.070014	-1.236048	0.615985	0.040449	0.786719	-0.036002	0.999083	-0.023179	-0.786935	-0.014046	0.616876
14339	13.176047	-3.642566	12.956267	0.667334	-3.879670	-1.266009	0.585260	0.027326	0.810385	-0.034087	0.999378	-0.009081	-0.810129	-0.022308	0.585828
14340	12.560248	-5.060853	11.766562	0.616683	-3.548421	-1.347808	0.556550	0.012931	0.830713	-0.031415	0.999491	0.005488	-0.830220	-0.029151	0.556674
14341	10.559748	-4.302395	10.638257	1.125846	-3.379321	-1.514922	0.528545	-0.003194	0.848900	-0.032837	0.999168	0.024204	-0.848270	-0.040669	0.528000
14342	9.486406	-2.476421	10.833232	1.297695	-3.340682	-1.601064	0.500425	-0.020764	0.865531	-0.035682	0.998368	0.044582	-0.865045	-0.053194	0.498867
14343	8.504431	-1.420726	10.445882	1.205955	-3.310211	-1.585873	0.471942	-0.038312	0.880797	-0.038798	0.997185	0.064163	-0.880775	-0.064454	0.469127
14344	7.770141	-1.566498	9.780840	0.974468	-3.309693	-1.540071	0.443104	-0.055938	0.894723	-0.040371	0.995794	0.082251	-0.895561	-0.072566	0.438982
14345	6.149396	-1.191098	9.086712	0.974578	-3.302975	-1.551115	0.413807	-0.073590	0.907385	-0.042747	0.994057	0.100114	-0.909360	-0.080215	0.408203
14346	4.704312	-0.914683	8.608574	0.772430	-3.318519	-1.545979	0.384029	-0.091699	0.918756	-0.043617	0.992144	0.117255	-0.922290	-0.085103	0.377012
