// General information: 
//  MT Manager version: 2022.2.0 
//  XDA version: 2022.2.0 build 7381 rev 124627 built on 2023-07-19
// Device information: 
//  DeviceId: 00B4CB9F
//  ProductCode: MTW2-3A7G6
//  Firmware Version: 4.6.0
//  Hardware Version: 2.0.0
// Device settings: 
//  Filter Profile: human(46.1)
//  Option Flags: Orientation Smoother Disabled, Position/Velocity Smoother Disabled, Continuous Zero Rotation Update Disabled, AHS Disabled, ICC Disabled
// Coordinate system: ENU
PacketCounter	Acc_X	Acc_Y	Acc_Z	Gyr_X	Gyr_Y	Gyr_Z	Mat[1][1]	Mat[2][1]	Mat[3][1]	Mat[1][2]	Mat[2][2]	Mat[3][2]	Mat[1][3]	Mat[2][3]	Mat[3][3]
15570	9.870118	-0.053275	-0.131229	0.022986	0.000265	-0.008905	0.007279	0.000825	0.999973	0.261366	-0.965239	-0.001106	0.965212	0.261367	-0.007241
15571	9.844848	-0.029166	-0.106601	0.029019	0.003303	-0.004225	0.007280	0.000817	0.999973	0.261667	-0.965158	-0.001116	0.965131	0.261668	-0.007241
15572	9.819930	0.044823	-0.129664	0.027547	0.000277	-0.007329	0.007355	0.000731	0.999973	0.261984	-0.965071	-0.001221	0.965044	0.261986	-0.007290
15573	9.794821	0.094068	-0.129218	0.018430	-0.002820	-0.008989	0.007404	0.000785	0.999972	0.262184	-0.965017	-0.001184	0.964990	0.262185	-0.007350
15574	9.795332	0.095359	-0.154062	0.001635	-0.006022	-0.006156	0.007550	0.000853	0.999971	0.262238	-0.965002	-0.001157	0.964974	0.262240	-0.007509
15575	9.796370	0.022903	-0.156465	-0.004414	-0.009081	-0.009308	0.007658	0.000926	0.999970	0.262217	-0.965008	-0.001115	0.964978	0.262218	-0.007633
15576	9.819555	-0.002000	-0.084329	-0.008985	-0.012183	-0.007867	0.007849	0.001085	0.999969	0.262132	-0.965032	-0.001011	0.965000	0.262131	-0.007859
15577	9.796012	-0.025554	-0.110862	-0.009040	-0.009166	-0.004780	0.007970	0.001115	0.999968	0.262065	-0.965050	-0.001013	0.965017	0.262065	-0.007984
15578	9.793747	0.022254	-0.037283	-0.012066	-0.006083	-0.009355	0.008095	0.001223	0.999966	0.261951	-0.965081	-0.000940	0.965047	0.261950	-0.008133
15579	9.745084	0.047376	-0.062756	-0.005978	-0.006058	-0.007764	0.008179	0.001274	0.999966	0.261915	-0.965091	-0.000913	0.965056	0.261913	-0.008228
15580	9.770719	0.000246	-0.088132	-0.006012	-0.001480	-0.007711	0.008188	0.001279	0.999966	0.261839	-0.965111	-0.000910	0.965077	0.261838	-0.008237
15581	9.771228	0.001437	-0.112831	-0.010599	-0.004600	-0.004744	0.008265	0.001297	0.999965	0.261758	-0.965133	-0.000912	0.965098	0.261756	-0.008317
15582	9.771221	0.002067	-0.113355	-0.015133	-0.006123	-0.007862	0.008401	0.001378	0.999964	0.261650	-0.965162	-0.000868	0.965126	0.261648	-0.008469
15583	9.821414	-0.019761	-0.161997	-0.013669	-0.000027	-0.006248	0.008431	0.001399	0.999963	0.261539	-0.965192	-0.000855	0.965156	0.261537	-0.008504
15584	9.797150	0.005581	-0.186343	-0.012127	0.000002	-0.007758	0.008554	0.001275	0.999963	0.261560	-0.965187	-0.001007	0.965149	0.261559	-0.008590
15585	9.796871	-0.043773	-0.138699	-0.009107	-0.000012	-0.004674	0.008589	0.001279	0.999962	0.261494	-0.965205	-0.001012	0.965167	0.261492	-0.008625
15586	9.820030	0.005572	-0.112542	-0.007530	0.001599	-0.010743	0.008647	0.001212	0.999962	0.261490	-0.965206	-0.001091	0.965167	0.261489	-0.008663
15587	9.769826	0.029056	-0.064035	-0.002968	0.001614	-0.009169	0.008654	0.001255	0.999962	0.261483	-0.965207	-0.001052	0.965169	0.261483	-0.008681
15588	9.792969	0.078466	-0.037864	-0.010601	0.000013	-0.007742	0.008704	0.001279	0.999961	0.261459	-0.965214	-0.001041	0.965175	0.261458	-0.008735
15589	9.818762	0.056684	-0.086948	-0.013554	-0.004513	-0.013932	0.008758	0.001384	0.999961	0.261351	-0.965243	-0.000953	0.965204	0.261349	-0.008815
15590	9.819389	-0.015974	-0.064532	-0.013637	0.000009	-0.009300	0.008761	0.001180	0.999961	0.261349	-0.965244	-0.001151	0.965205	0.261349	-0.008765
15591	9.819390	-0.015277	-0.064610	-0.012147	-0.001562	-0.004725	0.008811	0.001186	0.999960	0.261255	-0.965269	-0.001157	0.965230	0.261255	-0.008815
15592	9.794862	-0.039966	-0.041175	-0.010622	0.004609	-0.009212	0.008713	0.001265	0.999961	0.261107	-0.965309	-0.001054	0.965271	0.261106	-0.008741
15593	9.796394	-0.037462	-0.114008	-0.009132	0.003038	-0.004637	0.008718	0.001258	0.999961	0.261041	-0.965327	-0.001061	0.965288	0.261040	-0.008744
15594	9.771726	0.012114	-0.137653	-0.002976	-0.001473	-0.006154	0.008834	0.001329	0.999960	0.261118	-0.965306	-0.001024	0.965266	0.261117	-0.008874
15595	9.796127	0.013093	-0.137352	0.000088	-0.002975	-0.006140	0.008894	0.001353	0.999960	0.261142	-0.965300	-0.001016	0.965259	0.261140	-0.008938
15596	9.796867	0.064262	-0.209571	-0.006044	-0.001516	-0.004661	0.009037	0.001342	0.999958	0.261141	-0.965300	-0.001065	0.965258	0.261140	-0.009073
15597	9.820133	0.038949	-0.136672	-0.006015	-0.003023	-0.006205	0.009097	0.001366	0.999958	0.261106	-0.965310	-0.001056	0.965267	0.261105	-0.009138
15598	9.818723	0.062671	-0.087261	-0.010658	0.003026	-0.004653	0.009053	0.001361	0.999958	0.261019	-0.965333	-0.001049	0.965291	0.261018	-0.009095
15599	9.819512	0.014406	-0.088023	-0.013719	0.006073	-0.006173	0.009026	0.001362	0.999958	0.260910	-0.965363	-0.001040	0.965321	0.260908	-0.009068
15600	9.818213	0.063219	-0.062026	-0.019785	0.001448	-0.006295	0.008938	0.001172	0.999959	0.260761	-0.965403	-0.001199	0.965362	0.260761	-0.008934
15601	9.769799	0.038524	-0.063232	-0.019866	0.007512	-0.003167	0.008904	0.001139	0.999960	0.260593	-0.965448	-0.001221	0.965408	0.260593	-0.008893
15602	9.818325	0.089280	-0.084899	-0.019769	0.001468	-0.007821	0.008787	0.001122	0.999961	0.260411	-0.965497	-0.001205	0.965458	0.260411	-0.008776
15603	9.842614	0.065346	-0.060443	-0.027414	0.001388	-0.006377	0.008803	0.001135	0.999961	0.260170	-0.965562	-0.001194	0.965523	0.260170	-0.008795
15604	9.818498	0.016003	-0.037234	-0.033625	0.010454	-0.003273	0.008914	0.001019	0.999960	0.259973	-0.965615	-0.001333	0.965575	0.259975	-0.008872
15605	9.771931	-0.056415	-0.087840	-0.039770	0.013437	-0.001773	0.008826	0.000956	0.999961	0.259613	-0.965712	-0.001368	0.965672	0.259615	-0.008772
15606	9.773264	-0.104355	-0.112693	-0.029013	0.004367	-0.001779	0.008853	0.000882	0.999960	0.259401	-0.965769	-0.001445	0.965729	0.259404	-0.008779
15607	9.772984	-0.054697	-0.135367	-0.012229	0.004501	-0.001597	0.008853	0.000840	0.999960	0.259307	-0.965794	-0.001484	0.965754	0.259310	-0.008768
15608	9.773221	-0.004236	-0.182632	-0.009107	-0.000010	-0.004677	0.008926	0.000870	0.999960	0.259214	-0.965819	-0.001474	0.965779	0.259217	-0.008847
15609	9.796702	0.020214	-0.157044	-0.012191	-0.000077	-0.001658	0.008970	0.000840	0.999959	0.259120	-0.965844	-0.001513	0.965803	0.259123	-0.008882
15610	9.821215	0.045799	-0.180628	-0.016721	-0.007763	-0.000286	0.008994	0.000669	0.999959	0.258989	-0.965879	-0.001683	0.965839	0.258993	-0.008861
15611	9.820055	0.019569	-0.108704	-0.018240	-0.004682	-0.003313	0.009078	0.000667	0.999959	0.258837	-0.965920	-0.001705	0.965878	0.258842	-0.008941
15612	9.843422	0.019089	-0.059758	-0.018221	-0.003113	-0.006343	0.009098	0.000715	0.999958	0.258674	-0.965963	-0.001663	0.965922	0.258678	-0.008973
15613	9.843828	-0.004682	-0.060514	-0.016733	0.001476	-0.006263	0.009114	0.000725	0.999958	0.258537	-0.966000	-0.001656	0.965958	0.258541	-0.008991
15614	9.795321	-0.054490	-0.038245	-0.016791	0.004485	-0.003169	0.008956	0.000616	0.999960	0.258437	-0.966027	-0.001719	0.965987	0.258442	-0.008811
15615	9.794807	-0.054872	-0.013340	-0.013752	0.006035	-0.003115	0.008936	0.000584	0.999960	0.258329	-0.966055	-0.001744	0.966016	0.258334	-0.008783
15616	9.794918	-0.029625	-0.036237	-0.004667	0.010643	0.000101	0.008896	0.000561	0.999960	0.258328	-0.966056	-0.001756	0.966016	0.258333	-0.008739
15617	9.820374	-0.027543	-0.083453	-0.001550	0.010755	-0.005969	0.008822	0.000544	0.999961	0.258338	-0.966053	-0.001754	0.966014	0.258343	-0.008664
15618	9.867842	0.021943	-0.055844	0.003079	0.004689	-0.006005	0.008693	0.000489	0.999962	0.258351	-0.966050	-0.001774	0.966012	0.258356	-0.008524
15619	9.819146	0.046980	-0.079940	0.003073	0.009310	-0.008991	0.008625	0.000505	0.999963	0.258406	-0.966035	-0.001741	0.965998	0.258411	-0.008463
15620	9.819454	-0.001639	-0.056004	0.004599	0.009323	-0.008974	0.008412	0.000534	0.999964	0.258394	-0.966038	-0.001658	0.966003	0.258399	-0.008264
15621	9.794636	0.023089	-0.054873	0.001501	0.010780	-0.005935	0.008337	0.000516	0.999965	0.258434	-0.966028	-0.001656	0.965993	0.258439	-0.008187
15622	9.796551	-0.023894	-0.103765	0.001428	0.015314	-0.002820	0.008230	0.000452	0.999966	0.258531	-0.966002	-0.001691	0.965968	0.258536	-0.008068
15623	9.772581	-0.048275	-0.103794	0.004566	0.009280	-0.005923	0.008170	0.000439	0.999967	0.258600	-0.965983	-0.001689	0.965950	0.258605	-0.008005
15624	9.796150	0.001436	-0.101264	0.006128	0.003167	-0.004465	0.008062	0.000437	0.999967	0.258674	-0.965963	-0.001664	0.965931	0.258679	-0.007900
15625	9.796267	0.027180	-0.124740	0.010769	0.001745	-0.009012	0.008065	0.000472	0.999967	0.258804	-0.965929	-0.001631	0.965896	0.258808	-0.007913
15626	9.820787	0.053410	-0.147593	0.001553	0.004676	-0.006022	0.008136	0.000539	0.999967	0.258919	-0.965898	-0.001586	0.965865	0.258923	-0.007998
15627	9.820136	0.028222	-0.099019	-0.001498	0.004651	-0.006056	0.008119	0.000539	0.999967	0.258930	-0.965895	-0.001582	0.965862	0.258934	-0.007982
15628	9.796278	0.028945	-0.123441	-0.001546	0.006133	-0.002984	0.008205	0.000514	0.999966	0.259042	-0.965865	-0.001629	0.965831	0.259046	-0.008058
15629	9.796170	0.004075	-0.099200	-0.003075	0.004573	-0.001496	0.008202	0.000470	0.999966	0.259037	-0.965866	-0.001671	0.965833	0.259042	-0.008044
15630	9.795856	0.053719	-0.122083	0.000030	-0.001504	-0.001547	0.008231	0.000532	0.999966	0.258956	-0.965888	-0.001618	0.965854	0.258961	-0.008088
15631	9.768415	0.099563	-0.023605	-0.001519	0.003082	-0.003026	0.008238	0.000506	0.999966	0.258966	-0.965885	-0.001644	0.965851	0.258971	-0.008089
15632	9.744325	0.050031	-0.000975	-0.009104	-0.000013	-0.004681	0.008388	0.000475	0.999965	0.258962	-0.965886	-0.001713	0.965851	0.258968	-0.008225
15633	9.792155	0.074879	0.025223	-0.015242	-0.000108	-0.001700	0.008430	0.000445	0.999964	0.258840	-0.965919	-0.001752	0.965883	0.258845	-0.008258
15634	9.791180	0.098446	0.050383	-0.027530	0.001226	0.004285	0.008529	0.000272	0.999964	0.258631	-0.965974	-0.001943	0.965939	0.258638	-0.008309
15635	9.768730	0.050290	-0.000070	-0.033644	0.004248	0.002734	0.008541	0.000188	0.999964	0.258330	-0.966055	-0.002025	0.966019	0.258338	-0.008299
15636	9.768846	0.075214	-0.023550	-0.029009	-0.000268	0.001194	0.008532	0.000009	0.999964	0.258087	-0.966119	-0.002193	0.966084	0.258096	-0.008245
15637	9.745848	0.026398	-0.050239	-0.032058	-0.006465	0.005647	0.008654	-0.000076	0.999963	0.257802	-0.966195	-0.002305	0.966159	0.257812	-0.008342
15638	9.796169	0.003685	-0.099344	-0.039691	-0.008078	0.007064	0.008802	-0.000141	0.999961	0.257484	-0.966280	-0.002402	0.966243	0.257495	-0.008469
15639	9.820023	0.002408	-0.075340	-0.045836	-0.011272	0.013051	0.008990	-0.000285	0.999960	0.257065	-0.966391	-0.002587	0.966352	0.257078	-0.008615
15640	9.819591	0.025858	-0.075771	-0.042704	-0.012679	0.006960	0.009128	-0.000409	0.999958	0.256667	-0.966496	-0.002738	0.966457	0.256681	-0.008717
15641	9.819162	0.049606	-0.076250	-0.042704	-0.012679	0.006960	0.009313	-0.000492	0.999957	0.256279	-0.966599	-0.002862	0.966558	0.256295	-0.008876
15642	9.769508	0.097029	-0.076957	-0.050330	-0.011192	0.005373	0.009600	-0.000508	0.999954	0.255879	-0.966704	-0.002948	0.966661	0.255895	-0.009150
15643	9.844500	0.025419	-0.103255	-0.053340	-0.014244	0.003764	0.009793	-0.000556	0.999952	0.255388	-0.966834	-0.003039	0.966789	0.255406	-0.009326
15644	9.794101	0.021604	-0.032467	-0.056471	-0.012842	0.009858	0.009817	-0.000637	0.999952	0.254816	-0.966984	-0.003118	0.966940	0.254835	-0.009331
15645	9.795668	0.023021	-0.106823	-0.051922	-0.011305	0.011459	0.010001	-0.000767	0.999950	0.254338	-0.967110	-0.003285	0.967064	0.254359	-0.009477
15646	9.817571	0.043511	-0.009062	-0.050368	-0.012792	0.009924	0.010224	-0.000818	0.999947	0.253892	-0.967227	-0.003387	0.967179	0.253913	-0.009681
15647	9.770419	0.070038	-0.108244	-0.050229	-0.015661	-0.000807	0.010418	-0.000818	0.999945	0.253432	-0.967347	-0.003431	0.967297	0.253453	-0.009871
15648	9.796648	0.023095	-0.159988	-0.042628	-0.021835	0.006799	0.010813	-0.000838	0.999941	0.253104	-0.967433	-0.003548	0.967379	0.253127	-0.010249
15649	9.820819	-0.027616	-0.114519	-0.051784	-0.021908	0.006701	0.011087	-0.000895	0.999938	0.252627	-0.967557	-0.003667	0.967500	0.252652	-0.010501
15650	9.819790	-0.030484	-0.067540	-0.064166	-0.014566	0.017385	0.011458	-0.001015	0.999934	0.252074	-0.967700	-0.003871	0.967640	0.252102	-0.010832
15651	9.820974	-0.105407	-0.071348	-0.070337	-0.008539	0.018955	0.011635	-0.001224	0.999932	0.251416	-0.967870	-0.004110	0.967809	0.251447	-0.010953
15652	9.771740	-0.083427	-0.072748	-0.061088	-0.016039	0.015861	0.011690	-0.001415	0.999931	0.250776	-0.968036	-0.004302	0.967975	0.250809	-0.010962
15653	9.770643	0.013862	-0.095239	-0.056424	-0.018941	0.009749	0.011943	-0.001509	0.999928	0.250254	-0.968170	-0.004450	0.968107	0.250289	-0.011185
15654	9.771111	0.014131	-0.121693	-0.059394	-0.023454	0.005054	0.012351	-0.001576	0.999922	0.249829	-0.968279	-0.004612	0.968211	0.249867	-0.011566
15655	9.769636	0.010789	-0.050956	-0.063963	-0.026569	0.006474	0.012671	-0.001620	0.999918	0.249234	-0.968432	-0.004728	0.968360	0.249274	-0.011867
15656	9.770781	-0.062980	-0.056503	-0.070056	-0.028140	0.006383	0.012955	-0.001759	0.999915	0.248554	-0.968606	-0.004924	0.968532	0.248596	-0.012111
15657	9.795938	-0.111839	-0.060611	-0.063946	-0.024982	0.003453	0.013251	-0.001779	0.999911	0.247959	-0.968758	-0.005010	0.968680	0.248004	-0.012396
15658	9.820245	-0.137252	-0.039309	-0.042584	-0.026379	0.005158	0.013683	-0.001903	0.999905	0.247698	-0.968823	-0.005233	0.968741	0.247746	-0.012785
15659	9.797189	-0.135011	-0.115663	-0.036454	-0.027827	0.003660	0.014008	-0.001918	0.999900	0.247371	-0.968906	-0.005324	0.968820	0.247420	-0.013098
15660	9.773124	-0.160007	-0.120127	-0.030300	-0.032327	0.002099	0.014337	-0.002046	0.999895	0.247165	-0.968958	-0.005527	0.968867	0.247218	-0.013386
15661	9.869946	-0.110100	-0.119630	-0.027252	-0.035419	0.005116	0.014739	-0.002058	0.999889	0.246926	-0.969018	-0.005634	0.968922	0.246982	-0.013774
15662	9.893390	-0.137623	-0.050253	-0.019655	-0.029228	0.003788	0.014912	-0.002027	0.999887	0.246682	-0.969080	-0.005643	0.968982	0.246738	-0.013951
15663	9.868258	-0.063846	-0.074916	-0.018076	-0.029088	-0.002300	0.015233	-0.001983	0.999882	0.246533	-0.969118	-0.005678	0.969015	0.246590	-0.014274
15664	9.866686	0.008823	-0.049938	-0.024186	-0.021376	-0.008296	0.015555	-0.001921	0.999877	0.246424	-0.969145	-0.005696	0.969037	0.246483	-0.014602
15665	9.889458	0.031284	0.022581	-0.048605	-0.021557	-0.008513	0.015789	-0.001835	0.999874	0.245981	-0.969258	-0.005663	0.969146	0.246039	-0.014852
15666	9.865378	-0.043547	0.066474	-0.071628	-0.004946	-0.008354	0.015875	-0.001790	0.999872	0.245319	-0.969426	-0.005631	0.969312	0.245377	-0.014950
15667	9.841335	-0.093070	0.087994	-0.073204	-0.000415	-0.006742	0.015908	-0.001774	0.999872	0.244637	-0.969599	-0.005612	0.969484	0.244695	-0.014990
15668	9.816891	-0.143502	0.134070	-0.060944	-0.000187	-0.012737	0.015719	-0.001685	0.999875	0.243973	-0.969767	-0.005470	0.969655	0.244029	-0.014833
15669	9.816882	-0.192866	0.180407	-0.047108	-0.002927	-0.021839	0.015739	-0.001516	0.999875	0.243546	-0.969875	-0.005304	0.969762	0.243599	-0.014896
15670	9.843342	-0.261200	0.128673	-0.033396	0.003351	-0.024632	0.015731	-0.001400	0.999875	0.243333	-0.969929	-0.005186	0.969815	0.243384	-0.014918
15671	9.792568	-0.163235	0.156720	-0.015057	-0.001118	-0.023050	0.015731	-0.001224	0.999876	0.243217	-0.969959	-0.005014	0.969844	0.243266	-0.014961
15672	9.766974	-0.036768	0.113232	-0.011967	0.003694	-0.032072	0.015578	-0.001063	0.999878	0.243141	-0.969979	-0.004819	0.969866	0.243187	-0.014852
15673	9.766964	0.017750	0.067298	-0.016520	0.008410	-0.039634	0.015444	-0.000749	0.999880	0.243014	-0.970012	-0.004481	0.969900	0.243054	-0.014799
15674	9.816160	0.049094	0.020895	-0.021019	-0.000781	-0.039886	0.015421	-0.000378	0.999881	0.242855	-0.970054	-0.004112	0.969940	0.242890	-0.014867
15675	9.843501	-0.015161	-0.079532	-0.028678	0.002206	-0.039882	0.015347	-0.000047	0.999882	0.242610	-0.970117	-0.003770	0.970002	0.242640	-0.014877
15676	9.846115	-0.106518	-0.132806	-0.028663	-0.000881	-0.038428	0.015295	0.000215	0.999883	0.242388	-0.970173	-0.003499	0.970059	0.242413	-0.014891
15677	9.847931	-0.174841	-0.160752	-0.025637	-0.000926	-0.035350	0.015262	0.000509	0.999883	0.242172	-0.970228	-0.003203	0.970113	0.242193	-0.014931
15678	9.847065	-0.122340	-0.158489	-0.017982	0.000777	-0.039823	0.015104	0.000851	0.999886	0.241977	-0.970278	-0.002830	0.970165	0.241992	-0.014861
15679	9.750639	-0.091028	-0.256960	-0.004133	-0.008176	-0.042970	0.015124	0.001237	0.999885	0.241970	-0.970281	-0.002460	0.970166	0.241979	-0.014973
15680	9.754041	-0.128774	-0.406732	0.011179	-0.015732	-0.039966	0.015144	0.001625	0.999884	0.242088	-0.970252	-0.002090	0.970136	0.242092	-0.015087
15681	9.778319	-0.099130	-0.431434	0.015796	-0.023424	-0.035530	0.015329	0.001976	0.999881	0.242274	-0.970206	-0.001797	0.970087	0.242272	-0.015351
15682	9.827455	-0.093452	-0.457330	0.017362	-0.024862	-0.038604	0.015540	0.002469	0.999876	0.242381	-0.970180	-0.001371	0.970057	0.242372	-0.015675
15683	9.804514	-0.163250	-0.463512	0.025001	-0.023188	-0.041555	0.015708	0.002878	0.999872	0.242657	-0.970112	-0.001019	0.969985	0.242642	-0.015937
15684	9.828881	-0.158692	-0.465312	0.044865	-0.022913	-0.044441	0.015835	0.003148	0.999870	0.243229	-0.969968	-0.000798	0.969840	0.243210	-0.016125
15685	9.829059	-0.127917	-0.515127	0.055547	-0.022801	-0.044353	0.015991	0.003582	0.999866	0.243802	-0.969825	-0.000425	0.969693	0.243776	-0.016382
15686	9.802760	-0.078004	-0.466847	0.061662	-0.025857	-0.041323	0.016014	0.004009	0.999864	0.244340	-0.969690	-0.000025	0.969557	0.244307	-0.016508
15687	9.848016	-0.005303	-0.343345	0.060169	-0.025769	-0.045912	0.016194	0.004467	0.999859	0.244958	-0.969534	0.000364	0.969398	0.244918	-0.016795
15688	9.846086	0.045539	-0.295100	0.055614	-0.028905	-0.044491	0.016332	0.004940	0.999854	0.245473	-0.969403	0.000780	0.969266	0.245425	-0.017045
15689	9.844944	0.046916	-0.224579	0.044932	-0.024280	-0.052100	0.016482	0.005454	0.999849	0.245945	-0.969283	0.001233	0.969144	0.245887	-0.017317
15690	9.822567	-0.020635	-0.254844	0.040345	-0.022774	-0.053627	0.016602	0.005989	0.999844	0.246359	-0.969177	0.001714	0.969036	0.246292	-0.017566
15691	9.822180	-0.016829	-0.232839	0.043392	-0.025922	-0.047568	0.016779	0.006463	0.999838	0.246815	-0.969060	0.002122	0.968917	0.246739	-0.017855
15692	9.772341	-0.016605	-0.162688	0.050965	-0.021253	-0.047415	0.016825	0.006909	0.999835	0.247304	-0.968935	0.002534	0.968792	0.247221	-0.018011
15693	9.770443	0.061164	-0.161606	0.058586	-0.019600	-0.048854	0.016936	0.007380	0.999829	0.247907	-0.968779	0.002952	0.968636	0.247815	-0.018237
15694	9.746610	0.067253	-0.212683	0.060111	-0.019581	-0.048844	0.017026	0.007867	0.999824	0.248494	-0.968627	0.003390	0.968484	0.248393	-0.018447
15695	9.747459	0.074835	-0.288182	0.055623	-0.027298	-0.047507	0.017215	0.008344	0.999817	0.249068	-0.968478	0.003794	0.968333	0.248957	-0.018751
15696	9.746131	0.075426	-0.193169	0.047961	-0.024316	-0.049024	0.017379	0.008875	0.999810	0.249581	-0.968345	0.004258	0.968198	0.249459	-0.019044
15697	9.745458	0.077936	-0.146427	0.034094	-0.016964	-0.044386	0.017474	0.009297	0.999804	0.249945	-0.968249	0.004635	0.968102	0.249815	-0.019243
15698	9.720993	0.081553	-0.148505	0.026485	-0.018593	-0.044467	0.017609	0.009720	0.999798	0.250237	-0.968172	0.005005	0.968024	0.250098	-0.019480
15699	9.695145	0.133999	-0.148583	0.026451	-0.015512	-0.045933	0.017686	0.010153	0.999792	0.250528	-0.968094	0.005399	0.967948	0.250381	-0.019666
15700	9.721297	0.118716	-0.248482	0.024986	-0.018524	-0.049054	0.017832	0.010705	0.999784	0.250796	-0.968022	0.005892	0.967876	0.250637	-0.019947
15701	9.745867	0.125103	-0.274624	0.014370	-0.023253	-0.049211	0.017977	0.011189	0.999776	0.250971	-0.967974	0.006321	0.967828	0.250801	-0.020209
15702	9.797177	0.032872	-0.255617	0.012830	-0.021719	-0.050717	0.018075	0.011688	0.999768	0.251123	-0.967932	0.006776	0.967787	0.250942	-0.020430
15703	9.846786	-0.039022	-0.137945	0.014291	-0.020320	-0.043050	0.018206	0.012105	0.999761	0.251295	-0.967884	0.007143	0.967739	0.251105	-0.020664
15704	9.843522	0.062001	-0.111484	0.021852	-0.014015	-0.047464	0.018244	0.012539	0.999755	0.251547	-0.967816	0.007548	0.967673	0.251347	-0.020811
15705	9.790863	0.187451	-0.109158	0.023536	-0.021471	-0.055230	0.018356	0.013077	0.999746	0.251811	-0.967743	0.008035	0.967602	0.251600	-0.021056
15706	9.790471	0.192362	-0.087122	0.006870	-0.026132	-0.064570	0.018532	0.013728	0.999734	0.251946	-0.967703	0.008618	0.967564	0.251720	-0.021393
15707	9.716814	0.222619	-0.138743	-0.015897	-0.034121	-0.064845	0.018742	0.014392	0.999721	0.251831	-0.967727	0.009210	0.967590	0.251588	-0.021761
15708	9.722723	0.059967	-0.197888	-0.041686	-0.045306	-0.060616	0.019195	0.015110	0.999702	0.251458	-0.967819	0.009800	0.967678	0.251194	-0.022377
15709	9.750485	-0.030082	-0.230594	-0.059900	-0.053353	-0.054758	0.019617	0.015724	0.999684	0.250915	-0.967954	0.010301	0.967810	0.250634	-0.022934
15710	9.825243	-0.070583	-0.236880	-0.070607	-0.050360	-0.060856	0.019964	0.016334	0.999667	0.250296	-0.968109	0.010819	0.967964	0.249996	-0.023416
15711	9.780338	-0.160585	-0.319517	-0.067524	-0.051803	-0.062398	0.020353	0.017017	0.999648	0.249681	-0.968261	0.011399	0.968114	0.249361	-0.023956
15712	9.808284	-0.249946	-0.353204	-0.049080	-0.059112	-0.062471	0.020730	0.017709	0.999628	0.249203	-0.968377	0.011988	0.968229	0.248862	-0.024488
15713	9.832243	-0.215618	-0.430978	-0.029287	-0.057331	-0.057778	0.021184	0.018361	0.999607	0.248959	-0.968433	0.012513	0.968282	0.248596	-0.025087
15714	9.808752	-0.233499	-0.462734	-0.004640	-0.067315	-0.070109	0.021546	0.019187	0.999584	0.248841	-0.968454	0.013226	0.968305	0.248452	-0.025641
15715	9.856209	-0.202191	-0.419620	0.012331	-0.076032	-0.076342	0.022135	0.020065	0.999554	0.249004	-0.968402	0.013926	0.968250	0.248584	-0.026432
15716	9.898947	-0.049166	-0.347372	0.022980	-0.072560	-0.086926	0.022611	0.021115	0.999521	0.249163	-0.968348	0.014820	0.968197	0.248709	-0.027156
15717	9.873968	-0.045166	-0.256875	0.018333	-0.067881	-0.096001	0.023071	0.022164	0.999488	0.249389	-0.968276	0.015715	0.968129	0.248899	-0.027866
15718	9.826757	-0.089265	-0.192574	-0.000004	-0.066652	-0.099070	0.023562	0.023142	0.999454	0.249516	-0.968229	0.016537	0.968084	0.248991	-0.028588
15719	9.810159	-0.277753	-0.158172	0.001391	-0.060614	-0.094365	0.023955	0.024157	0.999421	0.249579	-0.968198	0.017420	0.968058	0.249017	-0.029222
15720	9.847876	-0.585648	-0.152534	0.022714	-0.058776	-0.088190	0.024443	0.025154	0.999385	0.249867	-0.968108	0.018255	0.967972	0.249267	-0.029949
15721	9.874763	-0.624738	-0.160095	0.062449	-0.060993	-0.088189	0.024855	0.026110	0.999350	0.250520	-0.967924	0.019058	0.967792	0.249883	-0.030599
15722	9.862537	-0.321616	-0.202949	0.115984	-0.065888	-0.091296	0.025326	0.027040	0.999313	0.251726	-0.967596	0.019802	0.967467	0.251051	-0.031312
15723	9.837185	-0.280630	-0.428062	0.161956	-0.073827	-0.102117	0.025825	0.028163	0.999270	0.253345	-0.967154	0.020711	0.967031	0.252625	-0.032112
15724	9.775904	-0.537161	-0.616146	0.217224	-0.088078	-0.090172	0.026581	0.029057	0.999224	0.255656	-0.966533	0.021306	0.966402	0.254891	-0.033120
15725	9.849205	-0.532661	-0.477506	0.267794	-0.096512	-0.065923	0.027387	0.029891	0.999178	0.258287	-0.965822	0.021814	0.965680	0.257478	-0.034171
15726	9.898016	0.003974	-0.200450	0.304467	-0.098639	-0.070581	0.028044	0.030792	0.999132	0.261109	-0.965049	0.022413	0.964902	0.260254	-0.035104
15727	9.889778	0.695106	-0.191126	0.304529	-0.102898	-0.092028	0.028838	0.031899	0.999075	0.264099	-0.964217	0.023163	0.964064	0.263187	-0.036230
15728	9.755740	0.921093	-0.295400	0.271146	-0.113974	-0.122653	0.029670	0.033332	0.999004	0.266766	-0.963457	0.024223	0.963304	0.265782	-0.037478
15729	9.617832	0.729006	-0.288509	0.219449	-0.121462	-0.113462	0.030579	0.034699	0.998930	0.268940	-0.962827	0.025212	0.962672	0.267881	-0.038774
15730	9.672264	0.638326	-0.060039	0.150900	-0.124915	-0.094971	0.031640	0.035910	0.998854	0.270460	-0.962379	0.026031	0.962211	0.269327	-0.040161
15731	9.768141	0.697087	0.098639	0.083569	-0.116114	-0.079361	0.032585	0.036937	0.998786	0.271315	-0.962119	0.026729	0.961939	0.270115	-0.041373
15732	9.730877	0.482291	0.132344	0.031358	-0.105203	-0.085131	0.033409	0.037989	0.998720	0.271636	-0.962007	0.027506	0.961820	0.270369	-0.042459
15733	9.559168	0.041189	0.139951	0.008331	-0.101189	-0.089559	0.034183	0.039075	0.998651	0.271771	-0.961945	0.028336	0.961755	0.270436	-0.043501
15734	9.500049	-0.176780	0.297672	0.025110	-0.100738	-0.089649	0.035109	0.040127	0.998578	0.272192	-0.961804	0.029079	0.961602	0.270784	-0.044690
15735	9.464940	0.070771	0.464374	0.043244	-0.092669	-0.083578	0.035817	0.041132	0.998512	0.272663	-0.961647	0.029833	0.961443	0.271188	-0.045658
15736	9.500469	0.302666	0.361295	0.050964	-0.095522	-0.082130	0.036555	0.042168	0.998442	0.273160	-0.961482	0.030606	0.961274	0.271615	-0.046665
15737	9.694075	0.323999	0.251198	0.077115	-0.105374	-0.093091	0.037357	0.043300	0.998363	0.273960	-0.961227	0.031438	0.961015	0.272338	-0.047771
15738	9.772559	0.218305	0.139813	0.127326	-0.105278	-0.114845	0.037970	0.044663	0.998280	0.275123	-0.960859	0.032525	0.960659	0.273415	-0.048771
15739	9.769334	0.255798	0.031714	0.188472	-0.109564	-0.119960	0.038735	0.046067	0.998187	0.277004	-0.960282	0.033568	0.960088	0.275202	-0.049957
15740	9.782880	0.416124	-0.075757	0.229853	-0.112969	-0.112719	0.039621	0.047414	0.998089	0.279297	-0.959585	0.034497	0.959387	0.277396	-0.051263
15741	9.787861	0.721440	-0.134551	0.247120	-0.129232	-0.114516	0.040584	0.048823	0.997983	0.281737	-0.958836	0.035451	0.958633	0.279730	-0.052669
15742	9.886374	1.105653	-0.124352	0.242826	-0.141539	-0.123706	0.041664	0.050302	0.997865	0.284193	-0.958075	0.036430	0.957861	0.282068	-0.054213
15743	10.006517	1.126076	-0.143875	0.226028	-0.146598	-0.138827	0.042717	0.051998	0.997733	0.286440	-0.957359	0.037630	0.957145	0.284184	-0.055789
15744	9.925146	0.841010	-0.207905	0.223834	-0.125302	-0.137237	0.043507	0.053701	0.997609	0.288532	-0.956679	0.038915	0.956481	0.286149	-0.057117
15745	9.811087	0.625965	-0.439101	0.217793	-0.119428	-0.115793	0.044359	0.055103	0.997495	0.290690	-0.955986	0.039883	0.955789	0.288192	-0.058424
15746	9.591917	0.498168	-0.715170	0.199997	-0.124614	-0.088096	0.045321	0.056207	0.997390	0.292704	-0.955343	0.040537	0.955129	0.290103	-0.059749
15747	9.106857	0.642598	-1.058754	0.211876	-0.156276	-0.079084	0.046626	0.057369	0.997264	0.294787	-0.954677	0.041137	0.954425	0.292063	-0.061425
15748	10.409571	0.688919	-0.724777	0.223201	-0.213895	-0.065418	0.048419	0.058563	0.997109	0.296875	-0.954009	0.041616	0.953688	0.294002	-0.063578
15749	9.980493	0.736169	-1.001138	0.205994	-0.154926	-0.059227	0.049764	0.059537	0.996985	0.298892	-0.953362	0.042013	0.952989	0.295900	-0.065239
15750	9.810412	0.753402	-0.890623	0.215218	-0.154594	-0.054808	0.051059	0.060559	0.996858	0.300877	-0.952717	0.042466	0.952295	0.297763	-0.066866
15751	9.734630	0.850391	-0.735184	0.203463	-0.159510	-0.037800	0.052509	0.061348	0.996734	0.302856	-0.952082	0.042645	0.951589	0.299628	-0.068572
15752	9.650731	1.043446	-0.630096	0.190038	-0.162978	-0.026863	0.054064	0.062178	0.996600	0.304598	-0.951517	0.042842	0.950945	0.301246	-0.070382
15753	9.436744	1.349650	-0.523217	0.179934	-0.180148	-0.028097	0.055736	0.062943	0.996460	0.306347	-0.950951	0.042933	0.950287	0.302869	-0.072285
15754	9.088000	1.249487	-0.824266	0.175148	-0.265924	-0.038051	0.058152	0.064066	0.996250	0.308012	-0.950404	0.043138	0.949604	0.304349	-0.075001
15755	10.061670	1.606790	0.205318	0.090453	-0.189330	-0.014034	0.059952	0.064729	0.996100	0.308901	-0.950115	0.043149	0.949203	0.305110	-0.076956
15756	9.567134	0.975738	-0.370114	0.092557	-0.244184	-0.007492	0.062039	0.065555	0.995918	0.309596	-0.949885	0.043239	0.948842	0.305650	-0.079226
15757	10.008676	0.800178	0.399229	0.033896	-0.169715	0.014543	0.063739	0.065890	0.995789	0.309930	-0.949786	0.043008	0.948620	0.305884	-0.080960
15758	9.595918	0.618468	0.185854	0.052189	-0.162875	0.023199	0.065431	0.066158	0.995662	0.310440	-0.949634	0.042699	0.948338	0.306299	-0.082674
15759	9.277913	0.634979	-0.280358	0.060425	-0.187128	0.012532	0.067289	0.066566	0.995510	0.311026	-0.949452	0.042463	0.948016	0.306772	-0.084592
15760	9.344368	0.753292	-0.722618	0.060859	-0.245201	0.008508	0.069557	0.067386	0.995299	0.311312	-0.949356	0.042519	0.947759	0.306892	-0.087012
15761	9.526679	0.660950	-1.073713	0.060822	-0.283348	0.013468	0.072328	0.068083	0.995054	0.311899	-0.949174	0.042272	0.947358	0.307299	-0.089887
15762	9.771636	0.627178	-1.091052	0.049755	-0.301902	0.030764	0.075342	0.068786	0.994782	0.312274	-0.949064	0.041974	0.947000	0.307482	-0.092985
15763	9.881600	0.536364	-0.977972	-0.000960	-0.286821	0.038217	0.078222	0.069260	0.994527	0.312254	-0.949090	0.041536	0.946773	0.307297	-0.095867
15764	8.957768	0.369667	-1.016263	-0.053793	-0.262735	0.036550	0.080893	0.069700	0.994283	0.311740	-0.949275	0.041182	0.946718	0.306626	-0.098517
15765	10.151548	0.115450	-0.652825	-0.045775	-0.360237	0.037273	0.084463	0.070404	0.993936	0.311295	-0.949437	0.040799	0.946552	0.305961	-0.102109
15766	10.220472	0.191384	-0.645097	-0.050365	-0.320743	0.032432	0.087650	0.071161	0.993606	0.310639	-0.949660	0.040611	0.946478	0.305093	-0.105343
15767	10.228276	0.490695	-0.266214	-0.022402	-0.269593	0.009523	0.090276	0.071848	0.993322	0.310437	-0.949732	0.040482	0.946298	0.304709	-0.108042
15768	9.841323	0.216306	-0.453814	0.003875	-0.255131	-0.009946	0.092546	0.072731	0.993049	0.310341	-0.949756	0.040638	0.946110	0.304423	-0.110468
15769	9.579869	-0.147241	-0.670683	0.016100	-0.245470	-0.001353	0.094908	0.073447	0.992773	0.310512	-0.949703	0.040575	0.945820	0.304417	-0.112941
15770	9.757865	-0.133649	-0.587105	0.055336	-0.259271	0.012481	0.097407	0.074141	0.992479	0.310902	-0.949582	0.040423	0.945437	0.304626	-0.115546
15771	9.164233	0.016154	-0.811287	0.097470	-0.253349	0.001504	0.099850	0.074855	0.992183	0.311839	-0.949283	0.040236	0.944874	0.305384	-0.118129
15772	10.322549	0.004781	-0.495210	0.143466	-0.305296	-0.001467	0.102700	0.075842	0.991817	0.313020	-0.948898	0.040148	0.944177	0.306335	-0.121192
15773	9.668989	0.049588	-0.908537	0.157761	-0.251494	-0.016455	0.105066	0.076726	0.991501	0.314542	-0.948398	0.040060	0.943411	0.307660	-0.123778
15774	10.066106	-0.013652	-0.649691	0.203636	-0.268414	-0.029056	0.107356	0.077903	0.991164	0.316146	-0.947856	0.040256	0.942617	0.309031	-0.126386
15775	9.821500	-0.152925	-0.746001	0.197426	-0.232067	-0.036885	0.109469	0.078929	0.990852	0.318061	-0.947213	0.040313	0.941729	0.310738	-0.128794
15776	9.862088	-0.267956	-0.670425	0.218741	-0.226733	-0.034939	0.111393	0.079969	0.990554	0.319969	-0.946565	0.040436	0.940857	0.312442	-0.131029
15777	9.476265	-0.273526	-0.850233	0.246207	-0.222714	-0.033308	0.113424	0.080940	0.990244	0.322336	-0.945764	0.040384	0.939806	0.314611	-0.133362
15778	8.982434	-0.215873	-1.070442	0.303905	-0.262083	-0.038668	0.115799	0.082155	0.989869	0.325023	-0.944843	0.040396	0.938590	0.317052	-0.136114
15779	10.063877	0.047568	-0.678330	0.367168	-0.313326	-0.033438	0.118671	0.083427	0.989423	0.328519	-0.943643	0.040165	0.937013	0.320277	-0.139391
15780	10.405469	0.299448	-0.559625	0.394938	-0.281888	-0.037089	0.120966	0.084647	0.989041	0.332097	-0.942395	0.040037	0.935456	0.323614	-0.142109
15781	9.424488	0.563865	-0.813318	0.448904	-0.243828	-0.060773	0.123085	0.085972	0.988665	0.336379	-0.940879	0.039939	0.933648	0.327650	-0.144727
15782	9.805726	0.801771	-0.577187	0.480354	-0.296124	-0.052194	0.125673	0.087454	0.988210	0.340641	-0.939350	0.039810	0.931756	0.331622	-0.147842
15783	10.069870	0.897807	-0.594512	0.456301	-0.249408	-0.042879	0.127891	0.088648	0.987819	0.344954	-0.937788	0.039497	0.929866	0.335701	-0.150514
15784	9.520027	0.691437	-0.989766	0.512247	-0.247787	-0.053927	0.129719	0.089985	0.987459	0.349488	-0.936112	0.039395	0.927918	0.339995	-0.152880
15785	9.172739	0.385051	-1.179561	0.549137	-0.310382	-0.039010	0.132500	0.091372	0.986962	0.354639	-0.934195	0.038877	0.925567	0.344864	-0.156185
15786	10.868005	0.437724	-0.438165	0.544215	-0.320163	-0.001718	0.135426	0.092535	0.986457	0.359226	-0.932471	0.038154	0.923373	0.349193	-0.159521
15787	10.410203	0.696356	-0.804177	0.568593	-0.238427	-0.006266	0.137644	0.093392	0.986069	0.364487	-0.930463	0.037248	0.920980	0.354282	-0.162113
15788	10.608239	1.106893	-0.423288	0.572236	-0.212438	-0.007574	0.139438	0.094255	0.985735	0.369271	-0.928602	0.036557	0.918801	0.358906	-0.164288
15789	10.556144	1.622613	-0.392692	0.516087	-0.204348	-0.019572	0.141283	0.095137	0.985387	0.374042	-0.926719	0.035843	0.916587	0.363512	-0.166515
15790	11.087855	1.645887	0.225393	0.421778	-0.151516	-0.027852	0.142366	0.095977	0.985150	0.377486	-0.925331	0.035598	0.915006	0.366813	-0.167966
15791	10.800155	1.340024	0.299360	0.359242	-0.095111	-0.017031	0.143213	0.096447	0.984981	0.380801	-0.923990	0.035108	0.913499	0.370054	-0.169054
15792	10.881529	1.361104	0.694725	0.308778	-0.056102	0.004463	0.143452	0.096650	0.984926	0.383131	-0.923039	0.034775	0.912487	0.372367	-0.169442
15793	10.895103	1.543513	1.039509	0.226063	0.016773	0.020346	0.143418	0.096363	0.984960	0.385168	-0.922215	0.034140	0.911634	0.374479	-0.169378
15794	10.308196	1.431068	0.859794	0.147069	0.065571	0.011060	0.142619	0.096052	0.985106	0.385887	-0.921918	0.034024	0.911455	0.375287	-0.168549
15795	10.088535	1.312006	0.833304	0.068924	0.072157	0.014552	0.142058	0.095610	0.985230	0.386497	-0.921674	0.033715	0.911284	0.376000	-0.167884
15796	10.193120	1.124878	0.623557	-0.000984	0.076356	0.025239	0.141411	0.095090	0.985373	0.385886	-0.921935	0.033590	0.911644	0.375492	-0.167065
15797	10.336623	0.794335	0.450811	-0.036805	0.096268	0.049629	0.140764	0.094235	0.985548	0.385482	-0.922121	0.033113	0.911915	0.375250	-0.166127
15798	10.373200	0.353529	0.529294	-0.041295	0.124144	0.088334	0.139856	0.092935	0.985801	0.384603	-0.922513	0.032405	0.912426	0.374610	-0.164762
15799	10.378353	0.210780	0.707079	-0.019053	0.179052	0.128461	0.138755	0.091043	0.986133	0.384251	-0.922704	0.031120	0.912742	0.374605	-0.163013
15800	10.289616	0.377510	0.894113	0.000833	0.245767	0.162028	0.137033	0.088577	0.986598	0.383772	-0.922955	0.029559	0.913204	0.374578	-0.160469
15801	10.243424	0.746200	1.135852	-0.028539	0.337625	0.180663	0.134681	0.085609	0.987184	0.383267	-0.923220	0.027773	0.913766	0.374614	-0.157151
15802	10.469770	1.418338	1.544862	-0.084008	0.441379	0.178847	0.131267	0.082231	0.987931	0.382119	-0.923744	0.026116	0.914743	0.374078	-0.152679
15803	10.095490	2.052819	1.500422	-0.184591	0.573109	0.152237	0.126640	0.078648	0.988826	0.380233	-0.924557	0.024839	0.916180	0.372839	-0.146990
15804	10.323721	2.505230	1.691262	-0.281255	0.661529	0.113584	0.120932	0.075060	0.989819	0.377420	-0.925729	0.024088	0.918112	0.370664	-0.140280
15805	9.951689	2.789389	1.535818	-0.417845	0.781620	0.057000	0.113999	0.071611	0.990897	0.373513	-0.927313	0.024045	0.920594	0.367371	-0.132461
15806	10.238849	2.547630	1.303823	-0.570675	0.854211	0.007708	0.106054	0.068352	0.992008	0.368220	-0.929411	0.024673	0.923670	0.362661	-0.123737
15807	10.011876	2.281198	0.791230	-0.722588	0.987404	-0.057004	0.096746	0.065294	0.993165	0.361592	-0.931972	0.026048	0.927303	0.356601	-0.113775
15808	8.987532	1.461199	-0.078267	-0.824982	1.043639	-0.134779	0.086456	0.062806	0.994274	0.354034	-0.934805	0.028265	0.931228	0.349563	-0.103055
15809	8.702916	0.924337	-0.630005	-0.818104	0.965206	-0.187477	0.076831	0.061184	0.995165	0.346557	-0.937520	0.030884	0.934877	0.342508	-0.093234
15810	8.593522	0.870467	-0.872934	-0.787763	0.908641	-0.209758	0.067490	0.060016	0.995913	0.339323	-0.940068	0.033656	0.938246	0.335665	-0.083809
15811	8.880989	0.876698	-1.049314	-0.699625	0.811189	-0.237016	0.059107	0.059510	0.996476	0.332903	-0.942254	0.036525	0.941107	0.329571	-0.075505
15812	10.099070	1.009513	-0.511783	-0.662963	0.755227	-0.257994	0.051029	0.059425	0.996928	0.326793	-0.944268	0.039558	0.943717	0.323771	-0.067604
15813	10.012611	1.202457	-0.503810	-0.680179	0.799702	-0.287872	0.042576	0.059542	0.997317	0.320505	-0.946279	0.042812	0.946290	0.317822	-0.059373
15814	10.232438	1.199314	-0.541547	-0.683460	0.794205	-0.326118	0.033906	0.060082	0.997617	0.314154	-0.948236	0.046431	0.948766	0.311831	-0.051026
15815	10.284239	1.220014	-0.352182	-0.776580	0.828357	-0.358044	0.024960	0.060888	0.997833	0.306887	-0.950415	0.050318	0.951419	0.304965	-0.042408
15816	10.675094	1.272649	0.009676	-0.886819	0.834417	-0.382237	0.015741	0.061970	0.997954	0.298519	-0.952849	0.054460	0.954274	0.297051	-0.033498
15817	10.992512	1.248136	0.558057	-0.996784	0.947277	-0.412345	0.005511	0.063093	0.997992	0.289042	-0.955508	0.058811	0.957301	0.288137	-0.023502
15818	10.550403	0.635356	0.526386	-1.054525	1.010560	-0.394872	-0.005412	0.063965	0.997937	0.278938	-0.958245	0.062934	0.960294	0.278704	-0.012656
15819	10.447508	0.095540	0.633106	-1.054946	1.042596	-0.341854	-0.016340	0.064349	0.997794	0.268763	-0.960917	0.066372	0.963068	0.269255	-0.001593
15820	11.016700	-0.459321	0.554379	-0.988690	1.037632	-0.265058	-0.027159	0.064105	0.997574	0.259176	-0.963365	0.068963	0.965448	0.260420	0.009550
15821	10.651244	-0.832625	0.248710	-0.883397	1.098386	-0.180201	-0.038200	0.062984	0.997283	0.250588	-0.965518	0.070576	0.967340	0.252603	0.021099
15822	10.665675	-1.659218	-0.218903	-0.750390	0.952275	-0.087903	-0.047747	0.061404	0.996970	0.243280	-0.967337	0.071230	0.968780	0.245944	0.031249
15823	10.839937	-1.994254	-0.354116	-0.668579	0.955227	-0.023013	-0.057028	0.059264	0.996612	0.236797	-0.968949	0.071169	0.969884	0.240053	0.041224
15824	12.583621	-2.405379	-0.306225	-0.547497	0.908203	0.030360	-0.065873	0.056740	0.996213	0.231482	-0.970276	0.070569	0.970606	0.235255	0.050781
15825	10.764551	-2.406003	-0.493418	-0.399015	1.040620	0.051654	-0.075824	0.053766	0.995671	0.227656	-0.971238	0.069783	0.970785	0.231962	0.061403
15826	11.530495	-2.641833	-0.164273	-0.225120	0.953605	0.085996	-0.084980	0.050638	0.995095	0.225500	-0.971817	0.068711	0.970530	0.230233	0.071166
15827	11.822132	-2.984720	-0.192007	-0.045496	1.015690	0.102667	-0.094570	0.047260	0.994396	0.225161	-0.971973	0.067608	0.969721	0.230293	0.081279
15828	11.195088	-2.876497	-0.299729	0.194657	1.122021	0.120227	-0.105256	0.043388	0.993498	0.227106	-0.971598	0.066492	0.968165	0.232628	0.092413
15829	11.610046	-2.480181	-0.233589	0.497846	1.166651	0.156434	-0.116146	0.039082	0.992463	0.232105	-0.970491	0.065379	0.965732	0.237949	0.103647
15830	11.491237	-1.770137	-0.252614	0.725116	1.281175	0.199954	-0.128102	0.033926	0.991181	0.239258	-0.968839	0.064083	0.962468	0.245357	0.115993
15831	10.795970	-1.280762	-0.715142	0.880751	1.333081	0.234788	-0.140302	0.028282	0.989705	0.248045	-0.966712	0.062788	0.958535	0.254301	0.128616
15832	10.504368	-0.501402	-0.852984	0.930464	1.353061	0.250692	-0.152674	0.022231	0.988027	0.257220	-0.964397	0.061446	0.954216	0.263521	0.141520
15833	10.616827	-0.007396	-1.119702	0.858112	1.390827	0.250346	-0.165227	0.016054	0.986125	0.265801	-0.962147	0.060199	0.949763	0.272059	0.154705
15834	10.353052	0.373231	-1.265252	0.718024	1.445600	0.261550	-0.178274	0.009434	0.983936	0.272963	-0.960234	0.058663	0.945362	0.279036	0.168610
15835	9.428462	0.499223	-1.462022	0.540600	1.475975	0.272412	-0.191412	0.002621	0.981506	0.278580	-0.958727	0.056889	0.941145	0.284317	0.182781
15836	8.618856	0.468425	-1.537932	0.360819	1.454270	0.281785	-0.204322	-0.004352	0.978894	0.282443	-0.957723	0.054696	0.937272	0.287658	0.196913
