// General information: 
//  MT Manager version: 2022.2.0 
//  XDA version: 2022.2.0 build 7381 rev 124627 built on 2023-07-19
// Device information: 
//  DeviceId: 00B4CB9F
//  ProductCode: MTW2-3A7G6
//  Firmware Version: 4.6.0
//  Hardware Version: 2.0.0
// Device settings: 
//  Filter Profile: human(46.1)
//  Option Flags: Orientation Smoother Disabled, Position/Velocity Smoother Disabled, Continuous Zero Rotation Update Disabled, AHS Disabled, ICC Disabled
// Coordinate system: ENU
PacketCounter	Acc_X	Acc_Y	Acc_Z	Gyr_X	Gyr_Y	Gyr_Z	Mat[1][1]	Mat[2][1]	Mat[3][1]	Mat[1][2]	Mat[2][2]	Mat[3][2]	Mat[1][3]	Mat[2][3]	Mat[3][3]
57071	9.536480	0.380039	2.304409	-0.007610	0.003723	-0.003496	0.213130	0.110238	0.970785	-0.615142	0.787092	0.045672	-0.759062	-0.606905	0.235565
57072	9.513018	0.386287	2.329597	-0.007883	0.005925	-0.003069	0.213132	0.110239	0.970784	-0.615102	0.787125	0.045660	-0.759095	-0.606863	0.235570
57073	9.476956	0.330936	2.310007	-0.009029	0.006639	-0.002333	0.213181	0.110243	0.970773	-0.615161	0.787075	0.045707	-0.759033	-0.606926	0.235606
57074	9.461350	0.361768	2.312589	-0.003915	0.007010	-0.001047	0.213179	0.110267	0.970771	-0.615155	0.787081	0.045685	-0.759038	-0.606914	0.235621
57075	9.507395	0.344523	2.336702	-0.000341	0.001741	0.004536	0.213095	0.110322	0.970783	-0.615238	0.787021	0.045611	-0.758994	-0.606983	0.235584
57076	9.497268	0.341456	2.304135	0.007193	0.005423	-0.001325	0.213083	0.110334	0.970784	-0.615316	0.786959	0.045618	-0.758935	-0.607060	0.235578
57077	9.515176	0.369328	2.314401	0.007944	-0.001646	0.001501	0.213015	0.110404	0.970791	-0.615427	0.786877	0.045551	-0.758864	-0.607154	0.235562
57078	9.569274	0.377145	2.315053	0.010235	-0.003076	0.000031	0.212930	0.110376	0.970813	-0.615531	0.786795	0.045552	-0.758803	-0.607265	0.235472
57079	9.515281	0.369677	2.313913	0.007405	-0.001059	-0.000185	0.212839	0.110397	0.970831	-0.615638	0.786714	0.045508	-0.758742	-0.607366	0.235408
57080	9.513146	0.391639	2.258129	0.006866	-0.000471	-0.001871	0.212786	0.110369	0.970845	-0.615712	0.786656	0.045519	-0.758697	-0.607447	0.235345
57081	9.520546	0.411892	2.308175	0.006267	-0.004162	-0.001989	0.212648	0.110308	0.970883	-0.615819	0.786572	0.045513	-0.758649	-0.607566	0.235193
57082	9.510582	0.409219	2.274856	0.003710	-0.004347	-0.002632	0.212570	0.110251	0.970906	-0.615868	0.786533	0.045523	-0.758631	-0.607627	0.235093
57083	9.487351	0.415529	2.299057	-0.000326	-0.005893	-0.000545	0.212426	0.110218	0.970941	-0.615920	0.786495	0.045473	-0.758629	-0.607682	0.234958
57084	9.479601	0.390800	2.321257	-0.004901	-0.006852	-0.000144	0.212314	0.110165	0.970972	-0.615909	0.786506	0.045440	-0.758669	-0.607678	0.234838
57085	9.482413	0.373956	2.303363	0.000007	-0.003818	-0.002540	0.212265	0.110147	0.970985	-0.615995	0.786438	0.045449	-0.758613	-0.607769	0.234783
57086	9.446443	0.393928	2.312087	-0.000394	-0.006354	0.003564	0.212134	0.110126	0.971016	-0.616026	0.786417	0.045390	-0.758624	-0.607800	0.234666
57087	9.474769	0.348950	2.325182	0.005053	-0.003908	0.002854	0.212015	0.110185	0.971035	-0.616105	0.786361	0.045290	-0.758593	-0.607862	0.234606
57088	9.492846	0.376652	2.334779	0.008490	-0.006053	0.000648	0.211904	0.110144	0.971064	-0.616197	0.786289	0.045280	-0.758550	-0.607962	0.234488
57089	9.505691	0.362836	2.349881	0.010501	-0.001462	0.002144	0.211748	0.110117	0.971101	-0.616354	0.786168	0.045249	-0.758466	-0.608123	0.234341
57090	9.513607	0.387599	2.326970	0.011373	0.000026	0.001836	0.211676	0.110122	0.971116	-0.616471	0.786078	0.045234	-0.758391	-0.608239	0.234280
57091	9.492930	0.376779	2.334414	0.008809	0.003659	0.003733	0.211571	0.110212	0.971129	-0.616569	0.786007	0.045123	-0.758341	-0.608314	0.234250
57092	9.459473	0.379669	2.326508	0.009348	0.003071	0.005420	0.211499	0.110264	0.971138	-0.616678	0.785924	0.045069	-0.758272	-0.608412	0.234220
57093	9.490134	0.393063	2.352351	0.008742	0.003198	0.007842	0.211347	0.110335	0.971163	-0.616819	0.785820	0.044956	-0.758200	-0.608533	0.234138
57094	9.495272	0.434526	2.347249	0.016548	0.004671	0.001555	0.211311	0.110366	0.971168	-0.616975	0.785698	0.044955	-0.758083	-0.608685	0.234120
57095	9.474574	0.423909	2.354728	0.016486	0.000392	0.003126	0.211221	0.110404	0.971183	-0.617187	0.785532	0.044932	-0.757935	-0.608893	0.234061
57096	9.489861	0.468698	2.382102	0.012518	-0.000693	0.001105	0.211148	0.110398	0.971200	-0.617312	0.785435	0.044927	-0.757854	-0.609019	0.233993
57097	9.461865	0.438011	2.339032	0.011911	-0.000565	0.003528	0.211027	0.110425	0.971223	-0.617481	0.785304	0.044879	-0.757750	-0.609183	0.233906
57098	9.502672	0.454874	2.397344	0.007943	-0.001650	0.001506	0.210943	0.110417	0.971242	-0.617572	0.785234	0.044859	-0.757699	-0.609274	0.233830
57099	9.531391	0.414812	2.337850	0.006525	0.001269	0.002666	0.210895	0.110490	0.971244	-0.617702	0.785135	0.044809	-0.757607	-0.609389	0.233830
57100	9.533488	0.393388	2.393776	0.004370	0.003617	-0.004084	0.210885	0.110470	0.971249	-0.617753	0.785093	0.044835	-0.757567	-0.609447	0.233808
57101	9.536152	0.376472	2.376486	0.006730	-0.001392	0.006350	0.210701	0.110512	0.971284	-0.617861	0.785015	0.044715	-0.757530	-0.609540	0.233685
57102	9.492729	0.376481	2.335283	0.004309	-0.000661	-0.002512	0.210650	0.110478	0.971299	-0.617916	0.784971	0.044725	-0.757500	-0.609602	0.233620
57103	9.538831	0.359821	2.359095	0.007465	0.003214	-0.001752	0.210500	0.110505	0.971328	-0.617950	0.784950	0.044617	-0.757514	-0.609624	0.233518
57104	9.513272	0.387742	2.328316	0.004841	0.002572	0.001713	0.210446	0.110524	0.971338	-0.618018	0.784899	0.044587	-0.757474	-0.609687	0.233485
57105	9.497941	0.343151	2.301107	0.002891	0.002258	-0.001353	0.210442	0.110540	0.971337	-0.618161	0.784785	0.044616	-0.757358	-0.609831	0.233483
57106	9.472378	0.371144	2.270341	0.001207	0.003561	-0.002306	0.210421	0.110534	0.971342	-0.618192	0.784760	0.044617	-0.757338	-0.609864	0.233461
57107	9.428331	0.366686	2.302570	-0.004241	0.001119	-0.001598	0.210381	0.110584	0.971345	-0.618202	0.784755	0.044553	-0.757341	-0.609861	0.233461
57108	9.405435	0.377837	2.254508	-0.004111	0.005853	-0.007279	0.210408	0.110553	0.971343	-0.618183	0.784768	0.044590	-0.757349	-0.609850	0.233464
57109	9.416003	0.386075	2.214326	-0.005372	-0.005805	-0.005938	0.210397	0.110517	0.971349	-0.618231	0.784728	0.044627	-0.757313	-0.609908	0.233430
57110	9.485389	0.438659	2.242268	-0.004840	-0.002572	-0.001713	0.210326	0.110479	0.971369	-0.618218	0.784740	0.044608	-0.757343	-0.609900	0.233351
57111	9.500838	0.483424	2.268911	-0.013164	-0.014914	-0.004727	0.210170	0.110385	0.971413	-0.618170	0.784780	0.044567	-0.757426	-0.609865	0.233174
57112	9.526633	0.455775	2.298679	-0.015994	-0.012897	-0.004944	0.210041	0.110259	0.971456	-0.618066	0.784862	0.044553	-0.757547	-0.609782	0.233000
57113	9.583661	0.446654	2.280898	-0.023392	-0.015657	-0.007297	0.209936	0.110148	0.971491	-0.617960	0.784947	0.044542	-0.757662	-0.609693	0.232856
57114	9.573464	0.438943	2.319531	-0.029712	-0.019592	-0.006274	0.209764	0.109970	0.971548	-0.617749	0.785114	0.044509	-0.757882	-0.609510	0.232623
57115	9.530402	0.438883	2.276771	-0.025744	-0.018510	-0.004250	0.209558	0.109856	0.971605	-0.617591	0.785244	0.044419	-0.758068	-0.609363	0.232401
57116	9.468976	0.406311	2.296738	-0.024387	-0.025711	-0.003837	0.209325	0.109660	0.971678	-0.617426	0.785377	0.044375	-0.758267	-0.609227	0.232106
57117	9.476886	0.425920	2.345044	-0.018679	-0.017831	0.000104	0.209079	0.109575	0.971740	-0.617323	0.785464	0.044253	-0.758418	-0.609130	0.231868
57118	9.513440	0.405840	2.333883	-0.014634	-0.023925	-0.007060	0.208879	0.109365	0.971807	-0.617225	0.785540	0.044263	-0.758553	-0.609070	0.231586
57119	9.511228	0.503712	2.306688	0.007594	0.004144	-0.009977	0.208874	0.109308	0.971815	-0.617338	0.785448	0.044340	-0.758463	-0.609199	0.231539
57120	9.460213	0.404265	2.258143	-0.012680	-0.023614	-0.003995	0.208657	0.109123	0.971882	-0.617261	0.785509	0.044325	-0.758585	-0.609153	0.231260
57121	9.498788	0.437865	2.332352	-0.041910	-0.013031	-0.006792	0.208542	0.109031	0.971917	-0.616992	0.785725	0.044243	-0.758835	-0.608892	0.231128
57122	9.450688	0.476389	2.251620	-0.045935	-0.022225	-0.009769	0.208371	0.108810	0.971978	-0.616651	0.785994	0.044207	-0.759159	-0.608583	0.230876
57123	9.453223	0.529871	2.335090	-0.061830	-0.018948	-0.012738	0.208166	0.108565	0.972050	-0.616224	0.786333	0.044143	-0.759562	-0.608189	0.230588
57124	9.431070	0.545340	2.212132	-0.085790	-0.022604	-0.014044	0.208019	0.108308	0.972110	-0.615571	0.786849	0.044057	-0.760132	-0.607567	0.230351
57125	9.447022	0.513987	2.208151	-0.088679	-0.028713	-0.015198	0.207869	0.108073	0.972168	-0.614934	0.787352	0.043958	-0.760688	-0.606957	0.230123
57126	9.501717	0.521055	2.206250	-0.096474	-0.037874	-0.013943	0.207604	0.107724	0.972263	-0.614199	0.787932	0.043847	-0.761354	-0.606266	0.229742
57127	9.492089	0.511890	2.243183	-0.104006	-0.041616	-0.008023	0.207216	0.107396	0.972382	-0.613454	0.788524	0.043638	-0.762060	-0.605554	0.229278
57128	9.500711	0.454339	2.260200	-0.110667	-0.043876	-0.002404	0.206834	0.107103	0.972496	-0.612634	0.789176	0.043383	-0.762824	-0.604757	0.228843
57129	9.511905	0.454705	2.289333	-0.117269	-0.045673	-0.000882	0.206498	0.106903	0.972589	-0.611807	0.789833	0.043083	-0.763577	-0.603934	0.228503
57130	9.492300	0.441007	2.293062	-0.129810	-0.041251	0.000689	0.206117	0.106651	0.972698	-0.610845	0.790595	0.042755	-0.764450	-0.602980	0.228102
57131	9.485493	0.412985	2.312331	-0.138646	-0.041172	-0.000385	0.205666	0.106395	0.972821	-0.609821	0.791405	0.042370	-0.765388	-0.601961	0.227647
57132	9.404087	0.366186	2.338099	-0.131850	-0.042149	0.001876	0.205269	0.106148	0.972932	-0.608844	0.792176	0.042027	-0.766272	-0.600991	0.227237
57133	9.420498	0.332564	2.332371	-0.120635	-0.038966	-0.004080	0.204857	0.105873	0.973049	-0.607957	0.792873	0.041725	-0.767087	-0.600119	0.226792
57134	9.503677	0.293346	2.342863	-0.103152	-0.032276	-0.006996	0.204589	0.105616	0.973133	-0.607179	0.793478	0.041534	-0.767774	-0.599364	0.226465
57135	9.447723	0.300514	2.357310	-0.084631	-0.027251	-0.002472	0.204333	0.105447	0.973205	-0.606611	0.793923	0.041342	-0.768291	-0.598804	0.226190
57136	9.543549	0.253670	2.310875	-0.068286	-0.019821	-0.004678	0.204146	0.105283	0.973262	-0.606105	0.794316	0.041208	-0.768740	-0.598312	0.225970
57137	9.615937	0.281872	2.393460	-0.053464	-0.014263	-0.000056	0.203983	0.105250	0.973300	-0.605750	0.794597	0.041027	-0.769063	-0.597945	0.225839
57138	9.562147	0.272805	2.391985	-0.053411	-0.006166	0.000970	0.203866	0.105213	0.973329	-0.605370	0.794895	0.040872	-0.769393	-0.597556	0.225745
57139	9.513404	0.230339	2.355678	-0.053412	-0.002369	0.003541	0.203778	0.105245	0.973344	-0.605063	0.795137	0.040699	-0.769658	-0.597228	0.225711
57140	9.521275	0.172684	2.375285	-0.038695	-0.005403	0.011234	0.203605	0.105294	0.973374	-0.604817	0.795335	0.040477	-0.769897	-0.596955	0.225618
57141	9.526513	0.137720	2.339740	-0.016674	0.001849	0.011913	0.203546	0.105423	0.973373	-0.604854	0.795314	0.040345	-0.769884	-0.596960	0.225648
57142	9.511137	0.091806	2.311518	0.011672	-0.003011	0.023925	0.203315	0.105588	0.973403	-0.605021	0.795198	0.040114	-0.769813	-0.597085	0.225558
57143	9.634765	0.080964	2.236958	0.038814	-0.002983	0.020716	0.203117	0.105742	0.973428	-0.605478	0.794856	0.039996	-0.769506	-0.597513	0.225473
57144	9.415985	0.140786	2.282897	0.063125	0.006650	0.022466	0.202969	0.105953	0.973436	-0.606039	0.794434	0.039895	-0.769104	-0.598037	0.225457
57145	9.505998	0.127837	2.274041	0.069879	0.001417	0.026195	0.202801	0.106258	0.973438	-0.606705	0.793933	0.039734	-0.768623	-0.598648	0.225478
57146	9.547283	0.148724	2.259132	0.075484	-0.006920	0.028120	0.202515	0.106433	0.973478	-0.607371	0.793430	0.039605	-0.768172	-0.599283	0.225326
57147	9.560329	0.058157	2.242873	0.078749	-0.010537	0.038218	0.202181	0.106752	0.973513	-0.608141	0.792852	0.039359	-0.767650	-0.599991	0.225220
57148	9.730347	0.022976	2.263939	0.087798	-0.005777	0.048151	0.201781	0.107092	0.973558	-0.608941	0.792253	0.039062	-0.767121	-0.600722	0.225075
57149	9.450004	-0.095994	2.196136	0.091420	-0.026707	0.062050	0.201031	0.107449	0.973674	-0.609761	0.791648	0.038534	-0.766667	-0.601455	0.224664
57150	9.545699	-0.070622	2.180111	0.128481	-0.016717	0.071086	0.200406	0.107903	0.973753	-0.610917	0.790777	0.038105	-0.765910	-0.602519	0.224397
57151	9.548702	-0.097265	2.233363	0.155248	-0.031219	0.085022	0.199532	0.108424	0.973874	-0.612315	0.789723	0.037532	-0.765021	-0.603807	0.223964
57152	9.477388	-0.056267	2.176861	0.180560	-0.031081	0.089284	0.198684	0.108933	0.973991	-0.613902	0.788513	0.037041	-0.763969	-0.605294	0.223539
57153	9.455337	0.020300	2.228817	0.201233	-0.032437	0.098140	0.197808	0.109582	0.974097	-0.615731	0.787111	0.036489	-0.762723	-0.607000	0.223169
57154	9.454165	0.107800	2.272825	0.225372	-0.035503	0.100702	0.196853	0.110150	0.974226	-0.617676	0.785609	0.035984	-0.761396	-0.608840	0.222687
57155	9.430141	0.201956	2.341319	0.235908	-0.032887	0.101443	0.195880	0.110753	0.974354	-0.619756	0.783992	0.035478	-0.759956	-0.610811	0.222208
57156	9.454925	0.262191	2.415480	0.249825	-0.029107	0.106645	0.194934	0.111402	0.974469	-0.621890	0.782323	0.034968	-0.758455	-0.612830	0.221781
57157	9.415268	0.312185	2.456624	0.248944	-0.023161	0.112296	0.193898	0.112184	0.974586	-0.623996	0.780675	0.034284	-0.756989	-0.614785	0.221374
57158	9.409099	0.358591	2.505823	0.244346	-0.020482	0.115513	0.192958	0.112950	0.974684	-0.626096	0.779019	0.033672	-0.755494	-0.616743	0.221036
57159	9.429820	0.283861	2.540151	0.238328	-0.011488	0.126523	0.192007	0.113904	0.974761	-0.628227	0.777334	0.032913	-0.753966	-0.618690	0.220812
57160	9.461525	0.291499	2.563832	0.245733	-0.005164	0.131642	0.191077	0.114886	0.974829	-0.630358	0.775638	0.032146	-0.752421	-0.620634	0.220626
57161	9.511504	0.326517	2.597755	0.260018	0.004426	0.137421	0.190077	0.116036	0.974888	-0.632568	0.773876	0.031224	-0.750819	-0.622617	0.220496
57162	9.543053	0.330575	2.695824	0.274919	0.010453	0.134151	0.189242	0.117129	0.974920	-0.634912	0.771982	0.030496	-0.749049	-0.624759	0.220458
57163	9.528151	0.356718	2.697887	0.287351	0.020563	0.128638	0.188431	0.118276	0.974938	-0.637339	0.770009	0.029767	-0.747190	-0.626975	0.220475
57164	9.513015	0.383553	2.700781	0.302035	0.032554	0.128339	0.187791	0.119458	0.974918	-0.639862	0.767936	0.029155	-0.745192	-0.629288	0.220648
57165	9.491755	0.370007	2.710692	0.318718	0.037986	0.117873	0.187199	0.120658	0.974884	-0.642493	0.765757	0.028597	-0.743074	-0.631710	0.220871
57166	9.509567	0.398670	2.649555	0.343168	0.048065	0.107782	0.186798	0.121777	0.974821	-0.645269	0.763432	0.028279	-0.740766	-0.634305	0.221186
57167	9.485630	0.408041	2.604538	0.360134	0.054982	0.099530	0.186523	0.122934	0.974729	-0.648239	0.760919	0.028078	-0.738238	-0.637095	0.221620
57168	9.509361	0.479470	2.537228	0.370934	0.055392	0.096139	0.186244	0.124008	0.974646	-0.651180	0.758409	0.027938	-0.735716	-0.639874	0.222000
57169	9.485191	0.585739	2.462156	0.358741	0.054540	0.086741	0.186022	0.125110	0.974548	-0.654043	0.755946	0.027798	-0.733228	-0.642568	0.222450
57170	9.530184	0.666991	2.385787	0.334259	0.052068	0.079779	0.185817	0.126037	0.974467	-0.656667	0.753670	0.027738	-0.730931	-0.645055	0.222810
57171	9.529524	0.764959	2.284678	0.305287	0.049229	0.068927	0.185714	0.126906	0.974374	-0.659163	0.751488	0.027758	-0.728707	-0.647427	0.223214
57172	9.552184	0.758671	2.189240	0.256907	0.043886	0.060110	0.185573	0.127632	0.974306	-0.661173	0.749722	0.027720	-0.726920	-0.649329	0.223515
57173	9.508172	0.662870	2.108791	0.185671	0.045235	0.049910	0.185450	0.128340	0.974237	-0.662660	0.748414	0.027549	-0.725596	-0.650697	0.223839
57174	9.489275	0.444055	2.019071	0.118590	0.037871	0.055056	0.185296	0.128987	0.974180	-0.663650	0.747547	0.027251	-0.724730	-0.651565	0.224120
57175	9.457658	0.235896	1.986410	0.079614	0.028497	0.061049	0.184976	0.129669	0.974151	-0.664381	0.746916	0.026734	-0.724142	-0.652153	0.224311
57176	9.448951	0.113703	1.970724	0.072317	0.019402	0.059993	0.184654	0.130232	0.974137	-0.665044	0.746342	0.026285	-0.723616	-0.652697	0.224425
57177	9.415786	0.114106	1.890213	0.091567	0.003054	0.060211	0.184181	0.130738	0.974159	-0.665881	0.745610	0.025831	-0.722966	-0.653432	0.224383
57178	9.388669	0.154815	1.946936	0.122894	-0.013017	0.051762	0.183679	0.131027	0.974214	-0.666893	0.744715	0.025576	-0.722161	-0.654394	0.224170
57179	9.441353	0.271856	2.003046	0.137171	-0.028899	0.042338	0.183076	0.131151	0.974311	-0.668037	0.743694	0.025419	-0.721256	-0.655529	0.223766
57180	9.454621	0.353148	2.057234	0.139004	-0.036533	0.021888	0.182603	0.131063	0.974412	-0.669107	0.742729	0.025489	-0.720383	-0.656640	0.223320
57181	9.445158	0.443612	2.134607	0.123314	-0.050049	0.022949	0.182008	0.130929	0.974541	-0.670113	0.741821	0.025489	-0.719598	-0.657692	0.222754
57182	9.446541	0.539324	2.170372	0.109965	-0.053998	0.015365	0.181453	0.130676	0.974679	-0.670960	0.741053	0.025557	-0.718949	-0.658608	0.222145
57183	9.476874	0.572032	2.278752	0.090538	-0.056490	0.017499	0.180836	0.130450	0.974824	-0.671711	0.740373	0.025531	-0.718402	-0.659417	0.221511
57184	9.511665	0.568412	2.280918	0.052893	-0.061814	0.016840	0.180215	0.130156	0.974978	-0.672150	0.739977	0.025457	-0.718148	-0.659919	0.220839
57185	9.517186	0.531078	2.315365	0.014709	-0.063038	0.021047	0.179480	0.129927	0.975144	-0.672318	0.739835	0.025169	-0.718176	-0.660124	0.220137
57186	9.518357	0.433523	2.341662	-0.028216	-0.062467	0.021795	0.178821	0.129664	0.975300	-0.672182	0.739968	0.024867	-0.718466	-0.660026	0.219480
57187	9.531936	0.321714	2.384501	-0.056001	-0.058602	0.022900	0.178131	0.129472	0.975452	-0.671868	0.740267	0.024436	-0.718931	-0.659728	0.218853
57188	9.522451	0.218159	2.378996	-0.075111	-0.052199	0.017416	0.177575	0.129246	0.975583	-0.671388	0.740715	0.024075	-0.719518	-0.659269	0.218307
57189	9.483877	0.177438	2.374237	-0.080096	-0.048206	0.014341	0.177113	0.129092	0.975688	-0.670927	0.741144	0.023731	-0.720062	-0.658818	0.217877
57190	9.503411	0.106652	2.336975	-0.079504	-0.044921	0.018549	0.176601	0.128923	0.975803	-0.670415	0.741619	0.023349	-0.720663	-0.658316	0.217402
57191	9.483664	0.093153	2.340616	-0.074886	-0.050993	0.023763	0.176003	0.128815	0.975925	-0.669982	0.742025	0.022885	-0.721213	-0.657880	0.216902
57192	9.497176	0.076657	2.278735	-0.065450	-0.051251	0.018544	0.175445	0.128605	0.976053	-0.669571	0.742407	0.022535	-0.721730	-0.657490	0.216362
57193	9.498381	0.073539	2.273810	-0.059519	-0.053457	0.017148	0.174860	0.128386	0.976187	-0.669247	0.742708	0.022200	-0.722172	-0.657192	0.215792
57194	9.537711	0.125382	2.358929	-0.059039	-0.047185	0.013364	0.174366	0.128165	0.976304	-0.668873	0.743054	0.021914	-0.722638	-0.656844	0.215289
57195	9.559650	0.132759	2.346627	-0.051732	-0.041634	0.007801	0.173985	0.127998	0.976394	-0.668609	0.743297	0.021700	-0.722974	-0.656601	0.214904
57196	9.543915	0.180968	2.286542	-0.049590	-0.036694	0.005040	0.173622	0.127785	0.976487	-0.668288	0.743591	0.021516	-0.723358	-0.656310	0.214501
57197	9.519543	0.206799	2.251694	-0.048805	-0.021503	-0.006372	0.173458	0.127682	0.976529	-0.667995	0.743858	0.021394	-0.723668	-0.656028	0.214319
57198	9.553293	0.202387	2.258181	-0.051990	-0.011072	-0.003525	0.173337	0.127573	0.976565	-0.667641	0.744179	0.021289	-0.724023	-0.655685	0.214167
57199	9.486186	0.209966	2.168963	-0.052675	0.006349	-0.005532	0.173333	0.127627	0.976559	-0.667314	0.744476	0.021148	-0.724326	-0.655337	0.214209
57200	9.531538	0.192897	2.120681	-0.051714	0.011677	-0.003422	0.173376	0.127668	0.976546	-0.666962	0.744794	0.021043	-0.724639	-0.654968	0.214279
57201	9.557756	0.147879	2.064868	-0.058280	0.024398	0.001555	0.173419	0.127887	0.976509	-0.666592	0.745133	0.020796	-0.724970	-0.654540	0.214469
57202	9.677877	0.145780	2.010237	-0.060341	0.034053	0.003715	0.173577	0.128128	0.976450	-0.666190	0.745498	0.020602	-0.725301	-0.654077	0.214759
57203	9.770261	0.093832	1.898858	-0.063901	0.038948	0.002047	0.173780	0.128420	0.976375	-0.665815	0.745838	0.020407	-0.725597	-0.653632	0.215115
57204	9.823252	0.100428	1.756148	-0.058794	0.039171	0.003422	0.173977	0.128692	0.976304	-0.665424	0.746192	0.020219	-0.725909	-0.653174	0.215455
57205	9.917805	0.031118	1.627868	-0.046583	0.026104	0.001534	0.174036	0.128921	0.976264	-0.665141	0.746450	0.020000	-0.726153	-0.652834	0.215660
57206	9.891628	-0.036320	1.482294	-0.023977	0.010906	0.006150	0.174010	0.129029	0.976254	-0.665007	0.746573	0.019860	-0.726283	-0.652672	0.215716
57207	9.807766	-0.074959	1.441818	-0.011997	0.000077	0.004605	0.173941	0.129116	0.976255	-0.665013	0.746571	0.019747	-0.726294	-0.652657	0.215723
57208	9.709721	-0.082280	1.400198	0.001566	-0.023239	0.011309	0.173632	0.129040	0.976320	-0.665073	0.746521	0.019612	-0.726313	-0.652729	0.215441
57209	9.627022	-0.026438	1.398509	0.015205	-0.035413	0.010787	0.173184	0.128960	0.976410	-0.665230	0.746386	0.019411	-0.726276	-0.652899	0.215050
57210	9.546738	0.010774	1.452156	0.026754	-0.052162	0.008869	0.172681	0.128676	0.976536	-0.665469	0.746175	0.019353	-0.726177	-0.653196	0.214481
57211	9.554380	0.050555	1.512281	0.037299	-0.063891	0.005956	0.172116	0.128345	0.976680	-0.665816	0.745866	0.019320	-0.725993	-0.653614	0.213830
57212	9.591898	0.122200	1.612256	0.029556	-0.075412	0.011191	0.171430	0.127926	0.976856	-0.666079	0.745633	0.019245	-0.725914	-0.653962	0.213033
57213	9.621285	0.170404	1.735988	0.014649	-0.070224	0.007535	0.170771	0.127577	0.977017	-0.666245	0.745488	0.019107	-0.725917	-0.654195	0.212305
57214	9.602902	0.253893	1.853143	0.000172	-0.059117	0.004248	0.170249	0.127213	0.977155	-0.666282	0.745457	0.019037	-0.726005	-0.654302	0.211673
57215	9.588614	0.300998	2.011861	-0.015792	-0.041998	-0.005956	0.169911	0.126944	0.977249	-0.666207	0.745525	0.018988	-0.726153	-0.654277	0.211244
57216	9.483208	0.270424	2.065658	-0.035737	-0.033159	-0.008512	0.169662	0.126654	0.977330	-0.665962	0.745744	0.018967	-0.726436	-0.654083	0.210872
57217	9.519601	0.247659	2.127565	-0.045459	-0.023849	-0.008371	0.169478	0.126504	0.977381	-0.665664	0.746013	0.018869	-0.726752	-0.653805	0.210642
57218	9.526759	0.191671	2.222323	-0.044260	-0.020746	-0.006621	0.169307	0.126310	0.977436	-0.665360	0.746286	0.018811	-0.727070	-0.653531	0.210393
57219	9.507584	0.179347	2.374926	-0.027566	-0.023028	-0.003660	0.169125	0.126154	0.977487	-0.665226	0.746406	0.018767	-0.727235	-0.653424	0.210157
57220	9.554098	0.162008	2.396588	-0.001365	-0.021627	-0.003564	0.168927	0.125978	0.977544	-0.665240	0.746394	0.018770	-0.727269	-0.653472	0.209892
57221	9.544675	0.157450	2.434510	0.024486	-0.036120	-0.009103	0.168618	0.125697	0.977634	-0.665449	0.746206	0.018832	-0.727149	-0.653741	0.209469
57222	9.559949	0.127788	2.430421	0.043553	-0.035661	-0.009286	0.168356	0.125386	0.977719	-0.665779	0.745908	0.018984	-0.726908	-0.654141	0.209057
57223	9.563265	0.111256	2.483820	0.055656	-0.031479	-0.015635	0.168144	0.125136	0.977788	-0.666210	0.745518	0.019154	-0.726561	-0.654633	0.208721
57224	9.583033	0.141721	2.489104	0.063325	-0.031135	-0.013609	0.167944	0.124822	0.977862	-0.666676	0.745095	0.019389	-0.726180	-0.655174	0.208350
57225	9.551240	0.242942	2.520429	0.063399	-0.027270	-0.011146	0.167771	0.124582	0.977922	-0.667195	0.744625	0.019602	-0.725743	-0.655754	0.208047
57226	9.500285	0.316146	2.543969	0.053631	-0.018348	-0.006837	0.167619	0.124402	0.977971	-0.667602	0.744256	0.019750	-0.725404	-0.656207	0.207802
57227	9.440245	0.366454	2.518926	0.043667	-0.017570	-0.003251	0.167415	0.124304	0.978019	-0.667966	0.743929	0.019789	-0.725116	-0.656596	0.207576
57228	9.445223	0.426396	2.526081	0.027775	-0.014606	0.001782	0.167233	0.124212	0.978062	-0.668199	0.743719	0.019800	-0.724943	-0.656851	0.207373
57229	9.394010	0.497714	2.550749	0.010614	-0.007866	-0.000467	0.167037	0.124276	0.978087	-0.668286	0.743645	0.019641	-0.724909	-0.656923	0.207268
57230	9.411347	0.542908	2.575064	-0.004658	-0.001590	0.008731	0.166902	0.124322	0.978104	-0.668296	0.743639	0.019517	-0.724930	-0.656920	0.207199
57231	9.405134	0.596789	2.551474	-0.024952	0.002117	-0.002530	0.166827	0.124318	0.978117	-0.668174	0.743751	0.019433	-0.725060	-0.656795	0.207144
57232	9.451328	0.674620	2.544056	-0.050333	-0.001694	-0.005409	0.166786	0.124258	0.978132	-0.667829	0.744063	0.019352	-0.725387	-0.656453	0.207083
57233	9.465663	0.642156	2.544148	-0.077999	0.006398	-0.005790	0.166735	0.124305	0.978135	-0.667297	0.744546	0.019129	-0.725888	-0.655896	0.207090
57234	9.486198	0.650389	2.537370	-0.101713	0.011986	-0.010711	0.166828	0.124296	0.978120	-0.666570	0.745201	0.018993	-0.726535	-0.655154	0.207172
57235	9.464193	0.639929	2.474367	-0.127799	0.014813	-0.012457	0.166893	0.124347	0.978102	-0.665667	0.746013	0.018741	-0.727347	-0.654219	0.207278
57236	9.497173	0.634121	2.484374	-0.149393	0.014556	-0.017010	0.167047	0.124308	0.978081	-0.664581	0.746985	0.018567	-0.728304	-0.653116	0.207394
57237	9.432370	0.620389	2.528012	-0.176339	0.016254	-0.022496	0.167306	0.124307	0.978037	-0.663327	0.748104	0.018388	-0.729387	-0.651835	0.207618
57238	9.462553	0.538077	2.512420	-0.207271	0.013833	-0.040753	0.167611	0.124084	0.978013	-0.661775	0.749478	0.018326	-0.730726	-0.650296	0.207737
57239	9.454884	0.496804	2.449117	-0.233971	0.016677	-0.039855	0.167935	0.123944	0.977975	-0.660059	0.750994	0.018166	-0.732202	-0.648572	0.207929
57240	9.483285	0.432239	2.449877	-0.253110	0.012515	-0.045998	0.168265	0.123672	0.977953	-0.658156	0.752665	0.018059	-0.733838	-0.646684	0.208042
57241	9.461953	0.420642	2.460273	-0.269580	0.012723	-0.053134	0.168629	0.123420	0.977922	-0.656154	0.754414	0.017933	-0.735544	-0.644692	0.208199
57242	9.515603	0.425178	2.462500	-0.293665	0.016365	-0.059706	0.169076	0.123067	0.977890	-0.653921	0.756352	0.017875	-0.737429	-0.642484	0.208357
57243	9.539451	0.398466	2.423896	-0.314007	0.023186	-0.063789	0.169600	0.122758	0.977838	-0.651555	0.758393	0.017799	-0.739400	-0.640133	0.208607
57244	9.586659	0.361632	2.433731	-0.347387	0.020699	-0.067674	0.170128	0.122370	0.977795	-0.648897	0.760670	0.017705	-0.741612	-0.637500	0.208817
57245	9.731833	0.427193	2.455673	-0.355755	0.041676	-0.072606	0.170754	0.122169	0.977711	-0.646178	0.762986	0.017514	-0.743840	-0.634765	0.209226
57246	9.792438	0.362280	2.393199	-0.384954	0.048627	-0.077611	0.171551	0.121878	0.977607	-0.643207	0.765494	0.017436	-0.746227	-0.631795	0.209714
57247	9.818048	0.315194	2.414268	-0.401136	0.068169	-0.075932	0.172425	0.121783	0.977465	-0.640138	0.768067	0.017226	-0.748660	-0.628683	0.210392
57248	9.846939	0.330047	2.374532	-0.410667	0.078921	-0.076914	0.173442	0.121681	0.977298	-0.636956	0.770711	0.017082	-0.751135	-0.625459	0.211179
57249	9.827986	0.376085	2.403235	-0.415977	0.088448	-0.076226	0.174555	0.121679	0.977100	-0.633761	0.773344	0.016914	-0.753577	-0.622200	0.212107
57250	9.852271	0.425553	2.400706	-0.409522	0.100381	-0.079885	0.175752	0.121679	0.976886	-0.630561	0.775958	0.016793	-0.755979	-0.618937	0.213102
57251	9.918039	0.491981	2.457792	-0.414351	0.113402	-0.093585	0.177144	0.121721	0.976629	-0.627327	0.778575	0.016750	-0.758341	-0.615633	0.214279
57252	10.016944	0.462368	2.477897	-0.439751	0.131309	-0.094707	0.178668	0.121784	0.976343	-0.623850	0.781366	0.016699	-0.760848	-0.612075	0.215580
57253	10.082025	0.431190	2.565609	-0.464933	0.158190	-0.102965	0.180535	0.122051	0.975967	-0.620208	0.784261	0.016649	-0.763380	-0.608308	0.217283
57254	10.014803	0.398322	2.607011	-0.492125	0.184661	-0.114066	0.182586	0.122272	0.975557	-0.616269	0.787359	0.016658	-0.766078	-0.604247	0.219113
57255	10.087048	0.293606	2.702223	-0.513722	0.213985	-0.115284	0.184936	0.122731	0.975057	-0.612203	0.790526	0.016610	-0.768770	-0.600004	0.221333
57256	9.943836	0.143955	2.779501	-0.540250	0.258982	-0.115405	0.187569	0.123362	0.974474	-0.607859	0.793874	0.016502	-0.771574	-0.595438	0.223893
57257	10.028549	0.005365	2.878025	-0.536980	0.304371	-0.107468	0.190507	0.124373	0.973775	-0.603572	0.797142	0.016269	-0.774214	-0.590843	0.226929
57258	10.029834	-0.095701	2.967600	-0.522357	0.364777	-0.101638	0.193881	0.125707	0.972938	-0.599358	0.800320	0.016033	-0.776646	-0.586247	0.230511
57259	10.114311	-0.244970	2.984498	-0.509592	0.418314	-0.097528	0.197662	0.127449	0.971950	-0.595288	0.803359	0.015719	-0.778821	-0.581697	0.234663
57260	10.064659	-0.304162	3.005841	-0.475594	0.481751	-0.093529	0.201908	0.129488	0.970807	-0.591425	0.806212	0.015471	-0.780672	-0.577283	0.239363
57261	9.830115	-0.542696	2.965484	-0.464550	0.514360	-0.095247	0.206384	0.131718	0.969565	-0.587682	0.808949	0.015197	-0.782327	-0.572932	0.244363
57262	9.836700	-0.707777	2.996419	-0.427267	0.541319	-0.098287	0.211133	0.134013	0.968227	-0.584164	0.811496	0.015064	-0.783693	-0.568784	0.249619
57263	9.739239	-0.793987	2.911853	-0.369204	0.564003	-0.099354	0.216078	0.136515	0.966785	-0.581153	0.813656	0.014996	-0.784583	-0.565091	0.255149
57264	9.579533	-0.860503	2.736540	-0.272062	0.559315	-0.096274	0.220961	0.138884	0.965343	-0.578842	0.815298	0.015196	-0.784932	-0.562138	0.260541
57265	9.550582	-0.849778	2.648316	-0.142990	0.544980	-0.090367	0.225648	0.141309	0.963906	-0.577601	0.816171	0.015564	-0.784512	-0.560265	0.265788
57266	9.549828	-0.577864	2.635506	0.001640	0.536052	-0.092255	0.230318	0.143559	0.962468	-0.577438	0.816269	0.016428	-0.783275	-0.559549	0.270898
57267	9.552870	-0.317867	2.603789	0.133918	0.513395	-0.095418	0.234809	0.145726	0.961056	-0.578373	0.815582	0.017643	-0.781249	-0.559991	0.275790
57268	9.359654	0.107554	2.686250	0.242890	0.513038	-0.112055	0.239395	0.147690	0.959624	-0.580036	0.814361	0.019366	-0.778620	-0.561252	0.280619
57269	9.429217	0.655152	2.714117	0.276706	0.505035	-0.132977	0.244018	0.149529	0.958173	-0.581976	0.812926	0.021349	-0.775732	-0.562843	0.285391
57270	9.422644	1.310779	2.664745	0.281626	0.507200	-0.170793	0.248875	0.151002	0.956692	-0.583770	0.811571	0.023766	-0.772835	-0.564403	0.290131
57271	9.214312	1.907943	2.590373	0.208125	0.507036	-0.219225	0.253992	0.152181	0.955159	-0.584925	0.810658	0.026382	-0.770293	-0.565397	0.294916
57272	9.325280	2.305623	2.465305	0.091997	0.490563	-0.278099	0.259329	0.152702	0.953641	-0.584954	0.810538	0.029282	-0.768491	-0.565429	0.299519
57273	9.226627	2.552225	2.430213	-0.070670	0.471646	-0.330907	0.264890	0.152778	0.952099	-0.583659	0.811361	0.032190	-0.767577	-0.564228	0.304092
57274	9.152909	2.546760	2.295498	-0.253486	0.454118	-0.374842	0.270495	0.152290	0.950600	-0.580745	0.813335	0.034952	-0.767833	-0.561510	0.308445
57275	8.847464	2.447666	2.286868	-0.434075	0.441744	-0.402740	0.276146	0.151487	0.949102	-0.576413	0.816301	0.037420	-0.769085	-0.557408	0.312737
57276	8.845158	2.236215	2.218889	-0.601907	0.435301	-0.425812	0.281877	0.150419	0.947586	-0.570625	0.820259	0.039536	-0.771319	-0.551861	0.317044
57277	8.947485	2.057077	2.182702	-0.738852	0.435735	-0.437187	0.287751	0.149231	0.946007	-0.563829	0.824854	0.041384	-0.774142	-0.545295	0.321493
57278	8.902826	1.893703	2.158440	-0.850816	0.424963	-0.437028	0.293432	0.147919	0.944467	-0.555994	0.830087	0.042734	-0.777668	-0.537658	0.325816
57279	8.916154	1.566397	2.087627	-0.936933	0.410920	-0.448540	0.299085	0.146404	0.942928	-0.547423	0.835705	0.043880	-0.781586	-0.529304	0.330092
57280	8.937185	1.213497	2.097578	-0.972264	0.393664	-0.447134	0.304535	0.144726	0.941442	-0.538491	0.841437	0.044837	-0.785675	-0.520613	0.334180
57281	8.864332	0.940912	2.135036	-0.963147	0.364357	-0.445664	0.309861	0.142868	0.939987	-0.529711	0.846936	0.045891	-0.789552	-0.512141	0.338111
57282	8.821954	0.594395	2.069538	-0.919079	0.324271	-0.437378	0.314662	0.140805	0.938702	-0.521109	0.852203	0.046850	-0.793368	-0.503908	0.341531
57283	8.736691	0.336674	2.196437	-0.834804	0.274470	-0.421311	0.319008	0.138590	0.937564	-0.513184	0.856939	0.047940	-0.796791	-0.496436	0.344493
57284	8.728104	0.112448	2.372491	-0.740611	0.238033	-0.398762	0.322878	0.136346	0.936568	-0.506031	0.861117	0.049090	-0.799802	-0.489782	0.347031
57285	8.762521	-0.101871	2.482712	-0.648296	0.207938	-0.368762	0.326383	0.134182	0.935665	-0.499709	0.864732	0.050302	-0.802350	-0.483978	0.349285
57286	8.799029	-0.206236	2.662322	-0.561094	0.177742	-0.348647	0.329481	0.132025	0.934886	-0.494096	0.867876	0.051572	-0.804556	-0.478916	0.351182
57287	8.780679	-0.364029	2.828224	-0.479665	0.154395	-0.332458	0.332335	0.129879	0.934176	-0.489181	0.870571	0.052991	-0.806384	-0.474592	0.352856
57288	8.857185	-0.474074	3.047281	-0.413038	0.130246	-0.324781	0.334906	0.127672	0.933562	-0.484803	0.872921	0.054539	-0.807963	-0.470859	0.354243
57289	8.922656	-0.568635	3.249344	-0.351739	0.113510	-0.316895	0.337343	0.125456	0.932985	-0.480994	0.874916	0.056268	-0.809225	-0.467741	0.355491
57290	8.976048	-0.561056	3.405113	-0.281052	0.101114	-0.307391	0.339574	0.123244	0.932470	-0.477717	0.876590	0.058110	-0.810232	-0.465189	0.356543
57291	9.046068	-0.483898	3.578804	-0.221064	0.084787	-0.295207	0.341642	0.121075	0.931999	-0.475069	0.877894	0.060100	-0.810919	-0.463296	0.357444
57292	9.120367	-0.473672	3.677370	-0.189259	0.081077	-0.283067	0.343579	0.118972	0.931557	-0.472604	0.879089	0.062035	-0.811541	-0.461572	0.358264
57293	9.103887	-0.470224	3.720742	-0.162119	0.085998	-0.270552	0.345526	0.117028	0.931083	-0.470476	0.880091	0.063975	-0.811951	-0.460157	0.359153
57294	9.119531	-0.469678	3.776359	-0.131984	0.083064	-0.247660	0.347302	0.115239	0.930646	-0.468586	0.880965	0.065782	-0.812286	-0.458934	0.359960
57295	9.103743	-0.414073	3.875917	-0.098973	0.088973	-0.236233	0.349086	0.113601	0.930179	-0.467029	0.881655	0.067596	-0.812418	-0.458018	0.360828
57296	9.092839	-0.360380	4.010274	-0.056334	0.095601	-0.225904	0.350855	0.112056	0.929701	-0.465821	0.882148	0.069469	-0.812350	-0.457448	0.361704
57297	9.062295	-0.212581	4.014242	-0.000982	0.104736	-0.223796	0.352697	0.110600	0.929178	-0.465091	0.882370	0.071511	-0.811970	-0.457374	0.362648
57298	9.036249	-0.000616	3.916364	0.058679	0.100434	-0.224962	0.354497	0.109084	0.928672	-0.464812	0.882329	0.073789	-0.811345	-0.457816	0.363487
57299	9.001778	0.184919	3.834453	0.122563	0.086876	-0.230350	0.356216	0.107502	0.928199	-0.465080	0.881971	0.076336	-0.810438	-0.458879	0.364170
57300	9.000847	0.295734	3.846152	0.159844	0.078628	-0.236041	0.357890	0.105792	0.927751	-0.465573	0.881469	0.079085	-0.809417	-0.460240	0.364723
57301	8.947426	0.395705	3.846901	0.173389	0.070535	-0.234935	0.359499	0.104095	0.927321	-0.466208	0.880880	0.081856	-0.808338	-0.461751	0.365205
57302	8.841764	0.483416	3.836361	0.177894	0.055517	-0.232473	0.360971	0.102314	0.926948	-0.466848	0.880278	0.084637	-0.807312	-0.463295	0.365520
57303	8.742070	0.514805	3.802847	0.178680	0.042114	-0.227691	0.362318	0.100554	0.926615	-0.467541	0.879644	0.087358	-0.806307	-0.464882	0.365724
57304	8.658175	0.507048	3.675598	0.191993	0.015795	-0.222474	0.363425	0.098681	0.926382	-0.468322	0.878952	0.090097	-0.805355	-0.466589	0.365648
57305	8.576326	0.540750	3.547814	0.210050	-0.013319	-0.216394	0.364275	0.096770	0.926250	-0.469306	0.878143	0.092824	-0.804397	-0.468508	0.365301
57306	8.493203	0.543427	3.468777	0.220006	-0.044469	-0.216157	0.364872	0.094673	0.926232	-0.470327	0.877298	0.095606	-0.803530	-0.470516	0.364629
57307	8.458144	0.463234	3.305698	0.227184	-0.087169	-0.208986	0.365097	0.092484	0.926364	-0.471474	0.876382	0.098322	-0.802756	-0.472653	0.363568
57308	8.481083	0.544538	3.294739	0.220450	-0.122317	-0.210391	0.365047	0.090071	0.926622	-0.472515	0.875511	0.101047	-0.802166	-0.474730	0.362162
57309	8.422103	0.504247	3.149574	0.202786	-0.152012	-0.208774	0.364757	0.087574	0.926975	-0.473462	0.874692	0.103668	-0.801739	-0.476701	0.360514
57310	8.370045	0.503319	3.037453	0.195805	-0.191189	-0.199036	0.364107	0.084930	0.927477	-0.474347	0.873910	0.106194	-0.801512	-0.478611	0.358483
57311	8.303406	0.497550	3.012806	0.181304	-0.220005	-0.181269	0.363147	0.082354	0.928085	-0.475234	0.873147	0.108473	-0.801422	-0.480449	0.356219
57312	8.259025	0.533318	2.931012	0.165118	-0.259670	-0.162722	0.361779	0.079693	0.928852	-0.476008	0.872465	0.110546	-0.801581	-0.482134	0.353574
57313	8.209242	0.483375	2.809495	0.162961	-0.305038	-0.144766	0.359966	0.077020	0.929781	-0.476885	0.871747	0.112414	-0.801876	-0.483864	0.350529
57314	8.230793	0.526482	2.797439	0.166528	-0.359236	-0.117758	0.357585	0.074261	0.930923	-0.477839	0.871010	0.114065	-0.802373	-0.485620	0.346945
57315	8.280309	0.610635	2.759774	0.164364	-0.406290	-0.101700	0.354751	0.071463	0.932226	-0.478891	0.870240	0.115527	-0.803004	-0.487417	0.342942
57316	8.506704	0.664186	2.737695	0.154864	-0.443888	-0.083660	0.351525	0.068576	0.933664	-0.479880	0.869523	0.116810	-0.803832	-0.489108	0.338567
57317	8.610035	0.759235	2.700169	0.150162	-0.466039	-0.069032	0.348050	0.065756	0.935167	-0.480940	0.868789	0.117907	-0.804710	-0.490796	0.334007
57318	8.805232	0.908372	2.713330	0.143592	-0.490152	-0.059484	0.344328	0.062838	0.936744	-0.481930	0.868103	0.118915	-0.805718	-0.492391	0.329195
57319	9.289914	1.078344	3.053894	0.136696	-0.483596	-0.046051	0.340591	0.060109	0.938288	-0.482959	0.867417	0.119741	-0.806690	-0.493938	0.324464
57320	9.720116	1.372330	3.564656	0.124309	-0.431680	-0.039141	0.337234	0.057642	0.939655	-0.483870	0.866806	0.120483	-0.807554	-0.495302	0.320208
57321	9.930606	1.788974	3.540470	0.097891	-0.425883	-0.046634	0.333959	0.055188	0.940971	-0.484598	0.866303	0.121180	-0.808478	-0.496461	0.316054
57322	10.203546	1.868594	3.372216	0.033340	-0.435060	-0.047643	0.330608	0.052622	0.942300	-0.484749	0.866144	0.121706	-0.809763	-0.497016	0.311862
57323	10.463539	1.851804	3.859090	-0.020778	-0.389910	-0.056536	0.327664	0.050246	0.943457	-0.484475	0.866238	0.122126	-0.811123	-0.497098	0.308178
57324	10.470647	1.890936	4.354144	-0.086842	-0.337423	-0.090920	0.325303	0.047789	0.944402	-0.483514	0.866696	0.122691	-0.812646	-0.496543	0.305045
57325	10.272978	2.034065	4.530891	-0.129339	-0.306813	-0.120554	0.323329	0.045262	0.945203	-0.482136	0.867363	0.123392	-0.814250	-0.495613	0.302266
57326	9.923462	2.154406	4.498633	-0.158694	-0.282378	-0.180101	0.321832	0.042309	0.945851	-0.480302	0.868210	0.124590	-0.815925	-0.494391	0.299739
57327	9.539254	2.183656	4.281372	-0.177443	-0.278761	-0.245152	0.320673	0.038850	0.946393	-0.478139	0.869151	0.126332	-0.817650	-0.493019	0.297289
57328	9.220269	2.047723	4.082510	-0.195032	-0.293412	-0.300116	0.319641	0.034804	0.946899	-0.475622	0.870203	0.128568	-0.819520	-0.491462	0.294706
57329	9.088834	1.763431	3.800257	-0.212844	-0.320674	-0.339263	0.318563	0.030327	0.947417	-0.472873	0.871321	0.131109	-0.821528	-0.489775	0.291912
57330	9.132807	1.396500	3.596630	-0.235352	-0.331821	-0.343381	0.317390	0.025720	0.947946	-0.469886	0.872551	0.133652	-0.823694	-0.487846	0.289024
57331	9.122306	0.756970	3.468667	-0.280165	-0.334820	-0.311719	0.316033	0.021415	0.948506	-0.466662	0.873955	0.135755	-0.826044	-0.485535	0.286193
57332	9.158065	-0.066696	3.197304	-0.350983	-0.336706	-0.237341	0.314289	0.017718	0.949162	-0.463050	0.875683	0.136980	-0.828738	-0.482561	0.283422
57333	9.403458	-0.425749	3.240406	-0.390377	-0.294677	-0.130105	0.312394	0.015225	0.949831	-0.459496	0.877541	0.137060	-0.831428	-0.479260	0.281134
57334	9.468010	-0.342921	3.203681	-0.368827	-0.213922	-0.053381	0.310795	0.013744	0.950377	-0.456299	0.879294	0.136505	-0.833785	-0.476082	0.279552
57335	9.576388	-0.032487	3.063367	-0.316742	-0.169183	-0.012461	0.309385	0.012894	0.950849	-0.453704	0.880763	0.135682	-0.835724	-0.473382	0.278345
57336	9.598345	0.321933	2.844909	-0.306008	-0.138530	-0.009140	0.308205	0.012169	0.951242	-0.451156	0.882192	0.134890	-0.837537	-0.470732	0.277386
57337	9.636842	0.597166	2.569501	-0.314014	-0.113872	-0.025503	0.307314	0.011478	0.951539	-0.448535	0.883632	0.134202	-0.839270	-0.468041	0.276701
57338	9.676960	0.748761	2.291361	-0.311976	-0.089445	-0.037904	0.306670	0.010736	0.951755	-0.445839	0.885076	0.133672	-0.840941	-0.465323	0.276213
57339	9.629864	0.965318	2.130656	-0.270402	-0.074234	-0.041630	0.306182	0.010105	0.951920	-0.443544	0.886291	0.133256	-0.842331	-0.463018	0.275848
