// General information: 
//  MT Manager version: 2022.2.0 
//  XDA version: 2022.2.0 build 7381 rev 124627 built on 2023-07-19
// Device information: 
//  DeviceId: 00B4CAF0
//  ProductCode: MTW2-3A7G6
//  Firmware Version: 4.6.0
//  Hardware Version: 2.0.0
// Device settings: 
//  Filter Profile: human(46.1)
//  Option Flags: Orientation Smoother Disabled, Position/Velocity Smoother Disabled, Continuous Zero Rotation Update Disabled, AHS Disabled, ICC Disabled
// Coordinate system: ENU
PacketCounter	Acc_X	Acc_Y	Acc_Z	Gyr_X	Gyr_Y	Gyr_Z	Mat[1][1]	Mat[2][1]	Mat[3][1]	Mat[1][2]	Mat[2][2]	Mat[3][2]	Mat[1][3]	Mat[2][3]	Mat[3][3]
29867	5.143951	-1.357851	8.744318	0.004750	0.001505	0.006333	-0.259619	-0.823464	0.504484	0.918696	-0.371613	-0.133799	0.297651	0.428731	0.852991
29868	5.149586	-1.373771	8.714402	0.001904	0.001748	0.002714	-0.259618	-0.823450	0.504509	0.918692	-0.371622	-0.133800	0.297664	0.428751	0.852976
29869	5.161114	-1.367108	8.772796	0.001640	0.003286	0.005125	-0.259651	-0.823419	0.504541	0.918655	-0.371695	-0.133847	0.297748	0.428746	0.852950
29870	5.172876	-1.352652	8.727908	0.002853	0.001667	0.003920	-0.259639	-0.823409	0.504565	0.918658	-0.371690	-0.133846	0.297752	0.428771	0.852936
29871	5.166394	-1.383162	8.743070	0.001640	0.003286	0.005125	-0.259641	-0.823403	0.504572	0.918644	-0.371712	-0.133877	0.297790	0.428763	0.852926
29872	5.166231	-1.360144	8.750762	-0.000529	0.003077	0.004821	-0.259625	-0.823402	0.504583	0.918639	-0.371714	-0.133910	0.297822	0.428763	0.852915
29873	5.165855	-1.383466	8.743340	0.004742	-0.000406	0.006031	-0.259643	-0.823375	0.504618	0.918650	-0.371711	-0.133838	0.297771	0.428817	0.852906
29874	5.165397	-1.406807	8.735964	-0.001470	0.005068	0.003916	-0.259640	-0.823379	0.504613	0.918640	-0.371725	-0.133874	0.297806	0.428798	0.852903
29875	5.153617	-1.367188	8.692953	0.004750	0.001503	0.006333	-0.259602	-0.823381	0.504630	0.918648	-0.371698	-0.133893	0.297815	0.428818	0.852890
29876	5.165015	-1.383634	8.743810	0.002853	0.001666	0.003920	-0.259589	-0.823370	0.504653	0.918650	-0.371693	-0.133892	0.297819	0.428842	0.852876
29877	5.164815	-1.383587	8.743935	0.002853	0.001666	0.003920	-0.259484	-0.823413	0.504637	0.918687	-0.371588	-0.133929	0.297796	0.428851	0.852880
29878	5.170751	-1.353091	8.729099	0.001912	0.003657	0.003015	-0.259486	-0.823408	0.504645	0.918684	-0.371594	-0.133932	0.297803	0.428856	0.852875
29879	5.170118	-1.376381	8.721836	0.001647	0.005195	0.005426	-0.259495	-0.823417	0.504625	0.918686	-0.371592	-0.133925	0.297791	0.428839	0.852888
29880	5.163927	-1.360524	8.752063	0.000684	0.001457	0.003617	-0.259484	-0.823405	0.504651	0.918681	-0.371599	-0.133941	0.297815	0.428857	0.852870
29881	5.175501	-1.369150	8.699696	0.007197	0.003992	0.004829	-0.259519	-0.823386	0.504664	0.918672	-0.371629	-0.133914	0.297811	0.428867	0.852867
29882	5.162876	-1.383500	8.745094	0.002603	0.007022	0.006933	-0.259495	-0.823410	0.504637	0.918682	-0.371600	-0.133930	0.297803	0.428847	0.852880
29883	5.168574	-1.353173	8.730376	0.000691	0.003366	0.003918	-0.259518	-0.823409	0.504626	0.918694	-0.371591	-0.133868	0.297743	0.428856	0.852896
29884	5.162091	-1.360460	8.753156	0.003816	0.005402	0.005729	-0.259500	-0.823422	0.504615	0.918704	-0.371567	-0.133868	0.297728	0.428853	0.852903
29885	5.161470	-1.360526	8.753511	0.000707	0.007185	0.004520	-0.259520	-0.823443	0.504571	0.918709	-0.371562	-0.133850	0.297697	0.428817	0.852932
29886	5.184595	-1.362634	8.759501	0.002860	0.003574	0.004222	-0.259510	-0.823441	0.504578	0.918712	-0.371554	-0.133850	0.297696	0.428826	0.852928
29887	5.154449	-1.367813	8.776604	0.001920	0.005565	0.003316	-0.259553	-0.823437	0.504564	0.918705	-0.371582	-0.133823	0.297681	0.428811	0.852940
29888	5.159771	-1.360568	8.754507	0.004779	0.009138	0.007538	-0.259530	-0.823472	0.504518	0.918722	-0.371539	-0.133823	0.297648	0.428781	0.852967
29889	5.135109	-1.381607	8.741805	0.003421	0.008135	0.000605	-0.259636	-0.823444	0.504508	0.918680	-0.371647	-0.133810	0.297684	0.428740	0.852975
29890	5.146864	-1.343855	8.704595	0.000691	0.003365	0.003918	-0.259629	-0.823441	0.504517	0.918676	-0.371651	-0.133827	0.297703	0.428742	0.852967
29891	5.157673	-1.383414	8.748177	0.007485	0.008179	0.003322	-0.259662	-0.823453	0.504480	0.918683	-0.371650	-0.133781	0.297652	0.428720	0.852996
29892	5.163282	-1.352860	8.733556	0.000426	0.004903	0.006327	-0.259637	-0.823466	0.504473	0.918685	-0.371635	-0.133812	0.297670	0.428709	0.852996
29893	5.162460	-1.399612	8.718745	-0.000530	0.003075	0.004820	-0.259673	-0.823442	0.504493	0.918659	-0.371692	-0.133829	0.297717	0.428705	0.852981
29894	5.138655	-1.374468	8.720742	0.002859	0.003572	0.004222	-0.259664	-0.823441	0.504499	0.918662	-0.371684	-0.133830	0.297715	0.428714	0.852977
29895	5.138497	-1.351292	8.728451	0.000691	0.003365	0.003917	-0.259702	-0.823432	0.504495	0.918665	-0.371698	-0.133775	0.297675	0.428720	0.852988
29896	5.131902	-1.381966	8.743632	-0.000530	0.003075	0.004820	-0.259686	-0.823431	0.504505	0.918659	-0.371700	-0.133807	0.297706	0.428720	0.852977
29897	5.137719	-1.351582	8.728865	0.003140	0.005852	0.002413	-0.259766	-0.823403	0.504509	0.918629	-0.371781	-0.133789	0.297729	0.428703	0.852978
29898	5.154656	-1.384060	8.749853	0.002586	0.003200	0.006331	-0.259736	-0.823408	0.504516	0.918637	-0.371758	-0.133802	0.297731	0.428714	0.852972
29899	5.154288	-1.384160	8.750054	0.002586	0.003200	0.006331	-0.259689	-0.823428	0.504508	0.918655	-0.371708	-0.133813	0.297715	0.428719	0.852975
29900	5.183928	-1.355872	8.740885	0.000682	0.001455	0.003616	-0.259680	-0.823415	0.504534	0.918650	-0.371715	-0.133828	0.297739	0.428737	0.852957
29901	5.153748	-1.384397	8.750335	0.001638	0.003282	0.005124	-0.259728	-0.823389	0.504551	0.918630	-0.371768	-0.133814	0.297758	0.428741	0.852949
29902	5.153401	-1.384605	8.750506	-0.000530	0.003075	0.004819	-0.259712	-0.823388	0.504562	0.918625	-0.371771	-0.133846	0.297789	0.428741	0.852938
29903	5.176777	-1.386773	8.756355	0.003798	0.001580	0.005128	-0.259668	-0.823400	0.504563	0.918641	-0.371728	-0.133856	0.297778	0.428754	0.852935
29904	5.158896	-1.377438	8.728312	0.003807	0.003488	0.005428	-0.259648	-0.823403	0.504569	0.918650	-0.371706	-0.133854	0.297768	0.428767	0.852932
29905	5.152258	-1.407867	8.743548	0.000964	0.003735	0.001808	-0.259733	-0.823362	0.504593	0.918614	-0.371801	-0.133836	0.297803	0.428765	0.852921
29906	5.181723	-1.379449	8.734512	0.004762	0.005314	0.006936	-0.259704	-0.823378	0.504581	0.918630	-0.371763	-0.133833	0.297780	0.428766	0.852928
29907	5.151780	-1.361572	8.759056	-0.001752	0.002785	0.005721	-0.259697	-0.823372	0.504594	0.918609	-0.371792	-0.133895	0.297849	0.428753	0.852911
29908	5.163052	-1.393741	8.699248	0.004089	0.005768	0.003620	-0.259701	-0.823378	0.504583	0.918614	-0.371784	-0.133881	0.297831	0.428748	0.852919
29909	5.126928	-1.382711	8.746431	0.004088	0.005768	0.003620	-0.259797	-0.823342	0.504592	0.918579	-0.371882	-0.133856	0.297858	0.428732	0.852918
29910	5.156005	-1.377393	8.730027	0.004097	0.007676	0.003920	-0.259803	-0.823357	0.504564	0.918584	-0.371872	-0.133844	0.297834	0.428712	0.852937
29911	5.149373	-1.384359	8.752916	0.005301	0.004147	0.002417	-0.259802	-0.823362	0.504557	0.918589	-0.371863	-0.133834	0.297820	0.428711	0.852942
29912	5.178711	-1.378966	8.736375	0.002185	0.004023	0.000906	-0.259825	-0.823350	0.504565	0.918581	-0.371887	-0.133823	0.297824	0.428713	0.852940
29913	5.130831	-1.397967	8.717683	0.004753	0.003404	0.006635	-0.259780	-0.823381	0.504537	0.918626	-0.371797	-0.133765	0.297725	0.428731	0.852965
29914	5.172084	-1.362696	8.766884	0.005027	0.003775	0.004526	-0.259769	-0.823382	0.504541	0.918636	-0.371778	-0.133748	0.297703	0.428746	0.852965
29915	5.147797	-1.360402	8.761579	0.003433	0.010037	0.000904	-0.259850	-0.823380	0.504503	0.918616	-0.371839	-0.133721	0.297697	0.428697	0.852992
29916	5.135477	-1.367166	8.703685	0.000416	0.002991	0.006025	-0.259823	-0.823383	0.504512	0.918616	-0.371827	-0.133751	0.297719	0.428701	0.852982
29917	5.152890	-1.353238	8.739632	0.005027	0.003775	0.004526	-0.259848	-0.823373	0.504516	0.918612	-0.371846	-0.133729	0.297711	0.428705	0.852983
29918	5.116407	-1.388717	8.771742	0.001920	0.005560	0.003314	-0.259854	-0.823376	0.504507	0.918609	-0.371850	-0.133732	0.297713	0.428694	0.852988
29919	5.151899	-1.353139	8.740232	0.001920	0.005559	0.003314	-0.259878	-0.823372	0.504502	0.918584	-0.371898	-0.133777	0.297771	0.428662	0.852984
29920	5.151547	-1.353271	8.740419	0.000407	0.001083	0.005725	-0.259848	-0.823365	0.504528	0.918583	-0.371889	-0.133805	0.297799	0.428682	0.852964
29921	5.174614	-1.378629	8.738856	0.003141	0.005848	0.002412	-0.259893	-0.823357	0.504518	0.918566	-0.371933	-0.133802	0.297814	0.428659	0.852970
29922	5.144430	-1.383739	8.755921	0.002583	0.003196	0.006330	-0.259864	-0.823362	0.504525	0.918573	-0.371910	-0.133815	0.297816	0.428670	0.852964
29923	5.156163	-1.369527	8.711111	0.000424	0.004899	0.006325	-0.259888	-0.823361	0.504514	0.918567	-0.371928	-0.133806	0.297813	0.428655	0.852972
29924	5.160934	-1.393370	8.784729	0.000982	0.007550	0.002407	-0.259908	-0.823370	0.504489	0.918559	-0.371945	-0.133812	0.297819	0.428624	0.852986
29925	5.148628	-1.400063	8.726848	0.004088	0.005764	0.003620	-0.259891	-0.823394	0.504459	0.918575	-0.371909	-0.133804	0.297786	0.428609	0.853005
29926	5.124520	-1.397878	8.721408	0.003804	0.003484	0.005429	-0.259871	-0.823397	0.504465	0.918584	-0.371888	-0.133802	0.297777	0.428622	0.853002
29927	5.148002	-1.376596	8.734874	0.004079	0.003855	0.003320	-0.259889	-0.823383	0.504477	0.918567	-0.371923	-0.133821	0.297813	0.428618	0.852992
29928	5.165261	-1.385763	8.763313	0.001902	0.001742	0.002714	-0.259889	-0.823368	0.504502	0.918563	-0.371933	-0.133821	0.297825	0.428638	0.852977
29929	5.141341	-1.383658	8.757747	0.002858	0.003567	0.004221	-0.259883	-0.823370	0.504503	0.918555	-0.371941	-0.133852	0.297855	0.428628	0.852972
29930	5.194497	-1.357506	8.754429	0.000423	0.004898	0.006324	-0.259859	-0.823382	0.504496	0.918556	-0.371928	-0.133883	0.297873	0.428617	0.852971
29931	5.170063	-1.402178	8.733879	0.000405	0.001082	0.005725	-0.259873	-0.823367	0.504512	0.918558	-0.371933	-0.133850	0.297853	0.428640	0.852966
29932	5.140199	-1.384190	8.758334	0.001920	0.005557	0.003314	-0.259879	-0.823371	0.504503	0.918556	-0.371938	-0.133854	0.297855	0.428629	0.852971
29933	5.122123	-1.374907	8.730393	0.002867	0.005474	0.004521	-0.259967	-0.823335	0.504517	0.918508	-0.372050	-0.133871	0.297926	0.428601	0.852960
29934	5.151721	-1.346523	8.721322	0.002848	0.001658	0.003922	-0.259956	-0.823324	0.504541	0.918510	-0.372046	-0.133869	0.297930	0.428626	0.852947
29935	5.186282	-1.388270	8.770529	0.002857	0.003566	0.004221	-0.260001	-0.823300	0.504555	0.918482	-0.372110	-0.133886	0.297978	0.428614	0.852935
29936	5.144332	-1.400057	8.729382	0.004098	0.007669	0.003919	-0.260008	-0.823315	0.504528	0.918487	-0.372101	-0.133873	0.297955	0.428594	0.852954
29937	5.131904	-1.391320	8.782146	0.000129	0.000710	0.007834	-0.259940	-0.823328	0.504542	0.918496	-0.372059	-0.133928	0.297986	0.428606	0.852937
29938	5.190727	-1.404626	8.741324	0.000708	0.007176	0.004515	-0.259940	-0.823343	0.504517	0.918493	-0.372059	-0.133948	0.297996	0.428577	0.852948
29939	5.136782	-1.407454	8.752716	0.009362	0.004178	0.005139	-0.259989	-0.823324	0.504523	0.918496	-0.372079	-0.133874	0.297944	0.428597	0.852956
29940	5.166194	-1.378855	8.743800	0.000983	0.007547	0.002405	-0.260010	-0.823332	0.504498	0.918488	-0.372096	-0.133881	0.297950	0.428566	0.852970
29941	5.171689	-1.371679	8.721645	0.002866	0.005472	0.004521	-0.260004	-0.823360	0.504457	0.918528	-0.372029	-0.133793	0.297832	0.428572	0.853008
29942	5.170587	-1.418061	8.707078	0.005044	0.007583	0.005126	-0.259999	-0.823379	0.504428	0.918540	-0.372006	-0.133778	0.297800	0.428555	0.853027
29943	5.164209	-1.378537	8.745023	0.004374	0.008038	0.001810	-0.260007	-0.823400	0.504390	0.918542	-0.372000	-0.133780	0.297787	0.428519	0.853050
29944	5.157451	-1.385491	8.767955	0.004088	0.005759	0.003619	-0.260011	-0.823406	0.504378	0.918547	-0.371993	-0.133766	0.297769	0.428514	0.853059
29945	5.139106	-1.375839	8.740230	0.007782	0.012343	0.001813	-0.260074	-0.823432	0.504302	0.918562	-0.371988	-0.133675	0.297667	0.428468	0.853118
29946	5.155685	-1.384573	8.769138	0.007487	0.008157	0.003324	-0.260088	-0.823447	0.504271	0.918576	-0.371969	-0.133631	0.297611	0.428456	0.853143
29947	5.160903	-1.377231	8.747180	0.002617	0.010821	0.007526	-0.260091	-0.823485	0.504207	0.918576	-0.371960	-0.133655	0.297608	0.428390	0.853177
29948	5.160091	-1.377015	8.747693	0.005863	0.006787	-0.001500	-0.260145	-0.823476	0.504194	0.918573	-0.371988	-0.133600	0.297571	0.428384	0.853193
29949	5.183131	-1.355496	8.761474	0.005061	0.011395	0.005724	-0.260193	-0.823500	0.504131	0.918573	-0.371999	-0.133567	0.297528	0.428328	0.853236
29950	5.140457	-1.390408	8.713152	0.005338	0.011765	0.003615	-0.260215	-0.823531	0.504068	0.918582	-0.371987	-0.133542	0.297483	0.428278	0.853277
29951	5.133653	-1.374111	8.743706	0.005042	0.007580	0.005126	-0.260224	-0.823555	0.504025	0.918601	-0.371956	-0.133494	0.297415	0.428259	0.853310
29952	5.132598	-1.397117	8.736757	0.005328	0.009857	0.003316	-0.260243	-0.823577	0.503979	0.918609	-0.371947	-0.133468	0.297375	0.428225	0.853341
29953	5.132085	-1.373477	8.744726	0.007477	0.006246	0.003025	-0.260268	-0.823574	0.503970	0.918595	-0.371977	-0.133480	0.297396	0.428204	0.853345
29954	5.131660	-1.349896	8.752631	0.005042	0.007579	0.005126	-0.260263	-0.823593	0.503942	0.918606	-0.371954	-0.133466	0.297365	0.428188	0.853364
29955	5.160458	-1.367756	8.728911	0.005596	0.008320	0.000908	-0.260294	-0.823615	0.503890	0.918627	-0.371930	-0.133391	0.297274	0.428166	0.853406
29956	5.153493	-1.374621	8.751958	0.005051	0.009485	0.005424	-0.260293	-0.823643	0.503845	0.918639	-0.371905	-0.133378	0.297238	0.428134	0.853435
29957	5.158893	-1.367126	8.729934	0.007477	0.006244	0.003025	-0.260338	-0.823639	0.503828	0.918641	-0.371920	-0.133321	0.297193	0.428129	0.853453
29958	5.152247	-1.350801	8.760380	0.002883	0.009281	0.005116	-0.260339	-0.823665	0.503785	0.918646	-0.371907	-0.133325	0.297176	0.428090	0.853478
29959	5.127503	-1.371961	8.747651	0.002883	0.009281	0.005116	-0.260330	-0.823698	0.503737	0.918647	-0.371893	-0.133356	0.297181	0.428039	0.853502
29960	5.139250	-1.334396	8.710547	0.002873	0.007374	0.004818	-0.260328	-0.823714	0.503710	0.918651	-0.371882	-0.133358	0.297170	0.428017	0.853517
29961	5.149800	-1.374065	8.754219	0.000964	0.003729	0.001805	-0.260359	-0.823708	0.503704	0.918645	-0.371904	-0.133340	0.297163	0.428009	0.853524
29962	5.125972	-1.348847	8.756125	0.002308	0.004726	0.008737	-0.260313	-0.823729	0.503695	0.918657	-0.371863	-0.133367	0.297163	0.428006	0.853525
29963	5.172214	-1.399676	8.753084	0.000974	0.005635	0.002103	-0.260348	-0.823724	0.503685	0.918634	-0.371912	-0.133394	0.297206	0.427973	0.853527
29964	5.142477	-1.358389	8.784951	0.000408	0.002988	0.006022	-0.260322	-0.823726	0.503694	0.918634	-0.371901	-0.133423	0.297229	0.427977	0.853517
29965	5.153965	-1.390763	8.725185	0.001631	0.003274	0.005122	-0.260249	-0.823760	0.503676	0.918657	-0.371832	-0.133460	0.297222	0.427973	0.853521
29966	5.130384	-1.342294	8.734542	0.001641	0.005180	0.005420	-0.260235	-0.823770	0.503667	0.918659	-0.371820	-0.133476	0.297227	0.427963	0.853524
29967	5.153340	-1.367937	8.733086	-0.001760	0.002785	0.005714	-0.260283	-0.823753	0.503670	0.918647	-0.371861	-0.133446	0.297222	0.427961	0.853527
29968	5.117071	-1.380658	8.772423	-0.002038	0.002414	0.007823	-0.260239	-0.823760	0.503682	0.918644	-0.371846	-0.133505	0.297268	0.427961	0.853511
29969	5.152864	-1.368998	8.733201	-0.000168	-0.001567	0.009643	-0.260162	-0.823767	0.503711	0.918657	-0.371796	-0.133555	0.297296	0.427992	0.853486
29970	5.153037	-1.346159	8.740639	-0.001491	0.001249	0.003307	-0.260155	-0.823752	0.503738	0.918645	-0.371815	-0.133588	0.297341	0.428003	0.853465
29971	5.146389	-1.377068	8.755753	-0.002316	0.002043	0.009931	-0.260132	-0.823755	0.503744	0.918634	-0.371820	-0.133644	0.297392	0.427992	0.853452
29972	5.111436	-1.359313	8.699035	-0.005459	-0.003793	0.007520	-0.260073	-0.823734	0.503809	0.918621	-0.371823	-0.133731	0.297487	0.428030	0.853400
29973	5.140582	-1.362720	8.785389	-0.006672	-0.002173	0.008719	-0.260071	-0.823709	0.503852	0.918599	-0.371859	-0.133775	0.297554	0.428047	0.853368
29974	5.122931	-1.377566	8.749449	-0.004226	-0.001601	0.006918	-0.260023	-0.823695	0.503899	0.918588	-0.371861	-0.133849	0.297631	0.428072	0.853329
29975	5.152585	-1.396414	8.725097	-0.003013	-0.003221	0.005719	-0.259975	-0.823683	0.503944	0.918587	-0.371847	-0.133892	0.297675	0.428108	0.853296
29976	5.200306	-1.378204	8.743893	-0.006682	-0.004080	0.008420	-0.259906	-0.823664	0.504010	0.918572	-0.371847	-0.133994	0.297781	0.428144	0.853241
29977	5.153538	-1.328249	8.747138	-0.000148	0.002242	0.010239	-0.259787	-0.823710	0.503997	0.918604	-0.371744	-0.134063	0.297787	0.428146	0.853238
29978	5.146979	-1.359439	8.762141	-0.006672	-0.002175	0.008719	-0.259721	-0.823700	0.504046	0.918590	-0.371741	-0.134166	0.297888	0.428166	0.853192
29979	5.170151	-1.385934	8.760401	-0.006919	0.003171	0.011723	-0.259635	-0.823738	0.504030	0.918594	-0.371693	-0.134274	0.297951	0.428137	0.853185
29980	5.152355	-1.377863	8.732107	-0.008819	0.001435	0.009008	-0.259577	-0.823745	0.504048	0.918574	-0.371697	-0.134397	0.298062	0.428119	0.853155
29981	5.145311	-1.432818	8.739665	-0.009087	0.002968	0.011415	-0.259511	-0.823773	0.504035	0.918569	-0.371671	-0.134502	0.298135	0.428086	0.853146
29982	5.238937	-1.465083	8.755644	0.005602	0.008312	0.000911	-0.259548	-0.823780	0.504005	0.918572	-0.371680	-0.134462	0.298096	0.428066	0.853170
29983	5.149557	-1.472535	8.702967	0.001386	0.008614	0.008127	-0.259556	-0.823801	0.503966	0.918559	-0.371696	-0.134505	0.298127	0.428011	0.853186
29984	5.139938	-1.184810	8.845549	0.007600	0.006938	0.010861	-0.259498	-0.823839	0.503935	0.918593	-0.371615	-0.134497	0.298074	0.428009	0.853206
29985	5.185252	-1.368319	8.694292	-0.015313	0.002739	0.008380	-0.259447	-0.823865	0.503918	0.918575	-0.371614	-0.134621	0.298173	0.427960	0.853196
29986	5.183242	-1.423976	8.782767	-0.010945	0.008856	0.009893	-0.259403	-0.823907	0.503872	0.918551	-0.371619	-0.134767	0.298284	0.427873	0.853200
29987	5.165381	-1.369133	8.769833	0.002062	0.010058	0.011743	-0.259369	-0.823960	0.503803	0.918574	-0.371561	-0.134778	0.298245	0.427823	0.853240
29988	5.140904	-1.344780	8.772012	-0.012146	0.012379	0.011390	-0.259322	-0.824023	0.503724	0.918550	-0.371560	-0.134941	0.298358	0.427703	0.853260
29989	5.180474	-1.380879	8.799139	-0.005654	0.011073	0.012016	-0.259292	-0.824076	0.503654	0.918533	-0.371559	-0.135062	0.298439	0.427602	0.853283
29990	5.161278	-1.419388	8.756364	-0.009314	0.012118	0.015014	-0.259211	-0.824151	0.503573	0.918527	-0.371516	-0.135220	0.298527	0.427494	0.853306
29991	5.130669	-1.379360	8.788586	-0.006856	0.014594	0.013514	-0.259130	-0.824235	0.503476	0.918507	-0.371491	-0.135426	0.298659	0.427353	0.853330
29992	5.165045	-1.391978	8.742468	-0.013371	0.012087	0.012287	-0.259074	-0.824300	0.503398	0.918482	-0.371487	-0.135604	0.298785	0.427231	0.853347
29993	5.187017	-1.418868	8.741362	-0.006576	0.014964	0.011406	-0.259078	-0.824363	0.503294	0.918460	-0.371503	-0.135707	0.298847	0.427097	0.853393
29994	5.172762	-1.457774	8.779566	-0.009013	0.016293	0.013504	-0.259024	-0.824450	0.503179	0.918451	-0.371471	-0.135854	0.298921	0.426956	0.853437
29995	5.130381	-1.424020	8.753722	0.000219	0.017838	0.010526	-0.258998	-0.824546	0.503035	0.918478	-0.371397	-0.135875	0.298861	0.426835	0.853518
29996	5.152202	-1.426815	8.760501	-0.001937	0.019541	0.010515	-0.258980	-0.824636	0.502896	0.918483	-0.371359	-0.135947	0.298862	0.426694	0.853589
29997	5.126722	-1.425191	8.755675	0.000511	0.020112	0.008717	-0.259006	-0.824720	0.502745	0.918491	-0.371334	-0.135958	0.298814	0.426553	0.853676
29998	5.107541	-1.416090	8.728359	0.002005	0.018867	0.005411	-0.259033	-0.824788	0.502619	0.918494	-0.371322	-0.135971	0.298781	0.426432	0.853748
29999	5.105819	-1.416257	8.729340	0.001723	0.018491	0.007518	-0.259042	-0.824866	0.502487	0.918496	-0.371303	-0.136015	0.298769	0.426299	0.853819
30000	5.134079	-1.411179	8.713641	0.007541	0.015741	0.004535	-0.259068	-0.824917	0.502389	0.918513	-0.371274	-0.135975	0.298692	0.426224	0.853883
30001	5.126213	-1.441322	8.729467	0.003193	0.013438	0.003614	-0.259068	-0.824974	0.502297	0.918526	-0.371240	-0.135979	0.298652	0.426145	0.853936
30002	5.101552	-1.415333	8.731984	0.012440	0.016883	0.000941	-0.259131	-0.825017	0.502194	0.918549	-0.371220	-0.135880	0.298527	0.426079	0.854013
30003	5.123855	-1.416640	8.738744	0.008080	0.012677	-0.000279	-0.259202	-0.825043	0.502114	0.918563	-0.371221	-0.135785	0.298423	0.426028	0.854075
30004	5.099352	-1.390483	8.741181	0.009977	0.014405	0.002438	-0.259243	-0.825081	0.502030	0.918582	-0.371199	-0.135714	0.298328	0.425973	0.854135
30005	5.115405	-1.399089	8.770406	0.009035	0.014491	0.001229	-0.259233	-0.825152	0.501919	0.918631	-0.371105	-0.135637	0.298186	0.425916	0.854213
30006	5.073045	-1.409895	8.729505	0.012404	0.011168	0.000044	-0.259287	-0.825168	0.501865	0.918652	-0.371093	-0.135534	0.298077	0.425897	0.854261
30007	5.143325	-1.392190	8.755230	0.011155	0.007075	0.000345	-0.259294	-0.825190	0.501824	0.918691	-0.371033	-0.135429	0.297948	0.425905	0.854302
30008	5.118951	-1.389225	8.749935	0.007786	0.010396	0.001529	-0.259332	-0.825208	0.501775	0.918702	-0.371028	-0.135373	0.297884	0.425875	0.854339
30009	5.135594	-1.397779	8.778827	0.010201	0.005257	-0.001163	-0.259417	-0.825181	0.501777	0.918690	-0.371084	-0.135295	0.297844	0.425880	0.854351
30010	5.111653	-1.394787	8.773279	0.007739	0.002783	0.000335	-0.259442	-0.825162	0.501795	0.918698	-0.371089	-0.135233	0.297799	0.425913	0.854350
30011	5.147058	-1.405124	8.727097	0.010212	0.007160	-0.000865	-0.259486	-0.825167	0.501764	0.918716	-0.371078	-0.135139	0.297706	0.425911	0.854383
30012	5.134355	-1.395183	8.779964	0.013016	0.003091	0.002169	-0.259495	-0.825156	0.501777	0.918743	-0.371045	-0.135042	0.297612	0.425961	0.854391
30013	5.075814	-1.373339	8.717670	0.012073	0.003178	0.000959	-0.259571	-0.825127	0.501785	0.918754	-0.371067	-0.134909	0.297513	0.425999	0.854407
30014	5.140209	-1.385944	8.758050	0.011391	-0.000170	-0.002955	-0.259619	-0.825083	0.501833	0.918764	-0.371083	-0.134799	0.297442	0.426070	0.854396
30015	5.163401	-1.410302	8.756717	0.011131	0.003264	-0.000252	-0.259647	-0.825079	0.501825	0.918798	-0.371046	-0.134666	0.297310	0.426110	0.854422
30016	5.086217	-1.409720	8.761821	0.015442	-0.000147	-0.000223	-0.259670	-0.825045	0.501868	0.918827	-0.371023	-0.134535	0.297202	0.426195	0.854417
30017	5.116614	-1.357100	8.760322	0.010177	0.001447	-0.001759	-0.259804	-0.824974	0.501916	0.918788	-0.371149	-0.134453	0.297205	0.426223	0.854402
30018	5.163496	-1.383715	8.764813	0.010165	-0.000457	-0.002057	-0.259842	-0.824933	0.501965	0.918796	-0.371163	-0.134358	0.297147	0.426291	0.854388
30019	5.086483	-1.383118	8.769814	0.016384	-0.000236	0.000986	-0.259882	-0.824900	0.501998	0.918829	-0.371140	-0.134196	0.297010	0.426375	0.854394
30020	5.093174	-1.351636	8.754855	0.007987	-0.002559	-0.002665	-0.259919	-0.824846	0.502066	0.918829	-0.371168	-0.134117	0.296977	0.426453	0.854367
30021	5.164308	-1.357392	8.772425	0.006750	-0.004746	-0.002064	-0.260019	-0.824761	0.502154	0.918802	-0.371268	-0.134025	0.296972	0.426531	0.854329
30022	5.204540	-1.437839	8.784405	0.009894	0.001074	0.000348	-0.260040	-0.824735	0.502187	0.918816	-0.371263	-0.133944	0.296912	0.426586	0.854323
30023	5.216709	-1.422694	8.739777	0.012095	0.006980	0.001550	-0.260104	-0.824738	0.502149	0.918854	-0.371232	-0.133768	0.296737	0.426608	0.854373
30024	5.263586	-1.379586	8.767097	0.011187	0.012776	0.001230	-0.260151	-0.824765	0.502080	0.918874	-0.371215	-0.133681	0.296635	0.426571	0.854427
30025	5.001885	-1.424262	8.680977	0.015168	0.017802	-0.002980	-0.260290	-0.824794	0.501960	0.918899	-0.371223	-0.133481	0.296434	0.426506	0.854529
30026	4.953728	-1.332273	8.803015	0.025912	0.003561	-0.003792	-0.260357	-0.824763	0.501976	0.918950	-0.371185	-0.133243	0.296220	0.426600	0.854556
30027	5.090987	-1.297172	8.772518	0.004947	-0.007675	0.002757	-0.260392	-0.824678	0.502097	0.918908	-0.371281	-0.133263	0.296318	0.426680	0.854482
30028	5.285321	-1.399906	8.767321	0.006103	-0.002389	-0.005083	-0.260453	-0.824617	0.502166	0.918896	-0.371338	-0.133187	0.296302	0.426749	0.854453
30029	5.179182	-1.420597	8.678233	0.008985	0.006867	0.000027	-0.260505	-0.824614	0.502145	0.918896	-0.371359	-0.133130	0.296257	0.426737	0.854475
30030	5.066703	-1.338719	8.752285	0.023461	0.002990	-0.001997	-0.260553	-0.824587	0.502164	0.918943	-0.371316	-0.132922	0.296067	0.426827	0.854496
30031	5.113740	-1.341654	8.764378	0.005842	0.001046	-0.002383	-0.260644	-0.824542	0.502191	0.918937	-0.371371	-0.132809	0.296005	0.426866	0.854498
30032	5.160815	-1.368470	8.768784	0.010800	-0.004726	0.000671	-0.260645	-0.824492	0.502272	0.918954	-0.371360	-0.132722	0.295952	0.426972	0.854463
30033	5.172513	-1.423303	8.701688	0.007748	0.004679	0.000628	-0.260711	-0.824477	0.502262	0.918971	-0.371365	-0.132593	0.295842	0.426995	0.854490
30034	5.113062	-1.385706	8.750019	0.014226	0.001462	0.000972	-0.260728	-0.824455	0.502290	0.918998	-0.371338	-0.132478	0.295741	0.427063	0.854491
30035	5.107106	-1.368335	8.780089	0.012320	-0.002173	-0.002039	-0.260823	-0.824385	0.502356	0.918990	-0.371405	-0.132349	0.295684	0.427140	0.854472
30036	5.089659	-1.381344	8.744358	0.008939	-0.000749	-0.001157	-0.260853	-0.824345	0.502406	0.918996	-0.371417	-0.132269	0.295637	0.427206	0.854455
30037	5.184906	-1.342418	8.782719	0.013239	-0.006067	-0.001420	-0.260882	-0.824279	0.502498	0.919007	-0.371430	-0.132160	0.295579	0.427321	0.854418
30038	5.167365	-1.378916	8.739451	0.004322	-0.001511	0.000328	-0.260896	-0.824242	0.502553	0.919004	-0.371450	-0.132126	0.295577	0.427377	0.854391
30039	5.161366	-1.361945	8.769476	0.014225	0.001459	0.000970	-0.260948	-0.824210	0.502577	0.919027	-0.371444	-0.131979	0.295458	0.427442	0.854399
30040	5.114531	-1.333487	8.765163	0.006478	-0.003218	0.000345	-0.260957	-0.824165	0.502646	0.919030	-0.371455	-0.131927	0.295440	0.427520	0.854367
30041	5.137858	-1.358374	8.763747	0.007453	0.002405	0.002439	-0.261019	-0.824136	0.502662	0.919026	-0.371492	-0.131853	0.295399	0.427543	0.854369
30042	5.161846	-1.336928	8.777016	0.004675	-0.006141	0.005165	-0.260975	-0.824097	0.502749	0.919036	-0.371471	-0.131840	0.295406	0.427638	0.854319
30043	5.184994	-1.385377	8.768112	0.005286	0.002209	0.002127	-0.260977	-0.824087	0.502765	0.919039	-0.371470	-0.131823	0.295396	0.427658	0.854313
30044	5.150154	-1.366871	8.711422	0.001328	0.000994	0.006932	-0.260937	-0.824084	0.502789	0.919044	-0.371449	-0.131849	0.295415	0.427681	0.854294
30045	5.120650	-1.325159	8.742935	0.007170	0.002036	0.004547	-0.260995	-0.824045	0.502823	0.919013	-0.371525	-0.131846	0.295459	0.427690	0.854275
30046	5.178119	-1.392362	8.790990	-0.004605	0.001144	0.001780	-0.261004	-0.824024	0.502853	0.918987	-0.371572	-0.131896	0.295532	0.427690	0.854249
30047	5.136421	-1.427371	8.742069	0.013386	0.002254	0.007590	-0.261092	-0.823981	0.502877	0.918989	-0.371614	-0.131765	0.295448	0.427736	0.854256
30048	5.113919	-1.308339	8.773352	0.006898	0.003570	0.006950	-0.261061	-0.823990	0.502880	0.919011	-0.371569	-0.131743	0.295409	0.427759	0.854258
30049	5.166510	-1.352092	8.748065	0.000670	0.001449	0.003613	-0.261133	-0.823947	0.502912	0.918971	-0.371665	-0.131750	0.295470	0.427757	0.854237
30050	5.152470	-1.458925	8.763831	0.011798	0.004696	0.003356	-0.261138	-0.823947	0.502910	0.918997	-0.371629	-0.131668	0.295383	0.427789	0.854251
30051	5.159761	-1.334803	8.778565	0.009348	0.004132	0.005153	-0.261179	-0.823928	0.502920	0.918985	-0.371666	-0.131645	0.295384	0.427793	0.854249
30052	5.165247	-1.350506	8.749055	0.006535	0.006295	0.001817	-0.261203	-0.823929	0.502906	0.918992	-0.371665	-0.131600	0.295341	0.427792	0.854264
30053	5.134188	-1.401275	8.751382	0.011809	0.006597	0.003650	-0.261340	-0.823889	0.502901	0.918973	-0.371756	-0.131479	0.295280	0.427791	0.854286
30054	5.127962	-1.361084	8.789048	0.008406	0.004218	0.003943	-0.261339	-0.823888	0.502901	0.918991	-0.371729	-0.131429	0.295226	0.427814	0.854293
30055	5.162743	-1.418476	8.728205	0.006535	0.006293	0.001817	-0.261438	-0.823862	0.502894	0.918970	-0.371804	-0.131362	0.295202	0.427801	0.854308
30056	5.203587	-1.382257	8.777807	0.017935	0.008001	-0.000842	-0.261492	-0.823860	0.502869	0.919004	-0.371776	-0.131206	0.295050	0.427829	0.854346
30057	5.161222	-1.392686	8.737043	0.014897	0.019309	-0.000602	-0.261594	-0.823903	0.502744	0.919023	-0.371776	-0.131072	0.294899	0.427746	0.854440
30058	5.124248	-1.356394	8.791939	0.023231	0.012105	0.001579	-0.261638	-0.823928	0.502681	0.919078	-0.371706	-0.130883	0.294688	0.427759	0.854506
30059	5.135271	-1.386881	8.733098	0.021621	0.010740	-0.003244	-0.261831	-0.823887	0.502648	0.919074	-0.371795	-0.130658	0.294530	0.427760	0.854560
30060	5.104438	-1.366370	8.758092	0.021951	0.018715	-0.004180	-0.261947	-0.823918	0.502536	0.919110	-0.371778	-0.130451	0.294313	0.427715	0.854658
30061	5.156162	-1.407888	8.733807	0.026226	0.009586	-0.005021	-0.262157	-0.823863	0.502516	0.919111	-0.371870	-0.130183	0.294124	0.427740	0.854710
30062	5.138775	-1.326088	8.728364	0.030864	0.014141	-0.005920	-0.262276	-0.823869	0.502445	0.919169	-0.371830	-0.129891	0.293838	0.427765	0.854796
30063	5.107087	-1.374604	8.731467	0.029649	0.015760	-0.004731	-0.262469	-0.823855	0.502367	0.919192	-0.371872	-0.129606	0.293593	0.427754	0.854886
30064	5.076966	-1.306714	8.771074	0.031496	0.009876	-0.003186	-0.262550	-0.823853	0.502329	0.919258	-0.371806	-0.129322	0.293312	0.427817	0.854951
30065	5.089242	-1.266746	8.734102	0.025916	0.005402	-0.003497	-0.262771	-0.823773	0.502344	0.919249	-0.371924	-0.129054	0.293144	0.427867	0.854983
30066	5.100166	-1.257453	8.792888	0.019122	0.002553	-0.002617	-0.262826	-0.823741	0.502367	0.919280	-0.371906	-0.128878	0.292996	0.427944	0.854996
30067	5.088370	-1.309661	8.720217	0.017960	-0.002710	0.005236	-0.262904	-0.823677	0.502433	0.919282	-0.371950	-0.128741	0.292920	0.428031	0.854978
30068	5.076497	-1.275925	8.779917	0.011747	-0.002926	0.002190	-0.262899	-0.823639	0.502497	0.919304	-0.371924	-0.128653	0.292854	0.428125	0.854953
30069	5.100123	-1.300581	8.778492	0.010226	-0.005472	0.004907	-0.262957	-0.823569	0.502581	0.919284	-0.371994	-0.128598	0.292867	0.428199	0.854912
30070	5.089194	-1.330495	8.712648	0.008978	-0.009556	0.005223	-0.262904	-0.823514	0.502699	0.919306	-0.371956	-0.128549	0.292844	0.428338	0.854850
30071	5.083816	-1.336994	8.734707	0.009611	-0.013812	0.007961	-0.262889	-0.823431	0.502843	0.919304	-0.371975	-0.128511	0.292865	0.428481	0.854771
30072	5.102954	-1.299230	8.777048	0.006197	-0.018090	0.007966	-0.262787	-0.823350	0.503029	0.919325	-0.371927	-0.128500	0.292890	0.428679	0.854663
30073	5.134142	-1.294132	8.759731	0.008670	-0.013729	0.006750	-0.262772	-0.823267	0.503172	0.919320	-0.371949	-0.128469	0.292919	0.428818	0.854584
30074	5.047521	-1.278742	8.712623	-0.001166	-0.021663	0.013068	-0.262612	-0.823190	0.503382	0.919333	-0.371890	-0.128546	0.293021	0.429019	0.854448
30075	5.137298	-1.317897	8.750352	0.006136	-0.027612	0.006511	-0.262570	-0.823043	0.503643	0.919317	-0.371936	-0.128532	0.293110	0.429259	0.854297
30076	5.139684	-1.318385	8.748877	-0.004889	-0.030117	0.014603	-0.262371	-0.822935	0.503924	0.919323	-0.371880	-0.128649	0.293269	0.429515	0.854114
30077	5.206179	-1.355839	8.780391	0.003413	-0.026635	0.010707	-0.262297	-0.822808	0.504170	0.919308	-0.371907	-0.128680	0.293384	0.429735	0.853964
30078	5.344514	-1.346265	8.741295	-0.003645	-0.011532	0.008782	-0.262206	-0.822758	0.504299	0.919302	-0.371894	-0.128757	0.293482	0.429843	0.853876
30079	4.928752	-1.556448	8.612610	0.013942	-0.013443	0.008574	-0.262188	-0.822680	0.504436	0.919313	-0.371891	-0.128687	0.293463	0.429995	0.853806
30080	5.041252	-1.183483	8.810235	0.029557	-0.028515	0.003910	-0.262092	-0.822538	0.504717	0.919393	-0.371775	-0.128456	0.293301	0.430365	0.853675
30081	5.086124	-1.187276	8.739711	-0.001551	-0.037276	0.012857	-0.261985	-0.822367	0.505050	0.919360	-0.371826	-0.128540	0.293498	0.430648	0.853464
30082	5.134889	-1.285823	8.720556	-0.007729	-0.031778	0.010691	-0.261817	-0.822237	0.505350	0.919347	-0.371815	-0.128662	0.293687	0.430906	0.853269
30083	5.161200	-1.312510	8.717178	-0.004311	-0.042018	0.016183	-0.261646	-0.822063	0.505720	0.919324	-0.371830	-0.128786	0.293912	0.431224	0.853031
30084	5.129458	-1.256058	8.776032	-0.014457	-0.039622	0.018539	-0.261383	-0.821928	0.506076	0.919312	-0.371783	-0.129005	0.294183	0.431523	0.852786
30085	5.120707	-1.312134	8.700895	-0.014768	-0.043806	0.020065	-0.261160	-0.821765	0.506456	0.919274	-0.371798	-0.129238	0.294503	0.431820	0.852525
30086	5.166385	-1.255942	8.754497	-0.015065	-0.046087	0.021882	-0.260846	-0.821614	0.506863	0.919268	-0.371727	-0.129479	0.294796	0.432169	0.852247
30087	5.034375	-1.285235	8.679532	-0.022187	-0.055026	0.024013	-0.260603	-0.821401	0.507333	0.919195	-0.371797	-0.129795	0.295239	0.432513	0.851919
30088	5.132588	-1.343437	8.685164	-0.016367	-0.055923	0.021322	-0.260266	-0.821205	0.507823	0.919185	-0.371737	-0.130044	0.295569	0.432937	0.851589
30089	5.201128	-1.405305	8.707522	-0.000392	-0.057318	0.016552	-0.260063	-0.820961	0.508322	0.919166	-0.371751	-0.130138	0.295807	0.433388	0.851277
30090	5.267350	-1.240944	8.825407	-0.007983	-0.055555	0.024654	-0.259696	-0.820778	0.508804	0.919188	-0.371627	-0.130332	0.296059	0.433840	0.850959
30091	5.134742	-1.356918	8.617778	-0.036702	-0.056870	0.025198	-0.259451	-0.820556	0.509286	0.919067	-0.371769	-0.130779	0.296648	0.434137	0.850602
30092	5.286940	-1.350188	8.737209	-0.011379	-0.056058	0.025240	-0.259077	-0.820373	0.509772	0.919081	-0.371655	-0.131005	0.296932	0.434581	0.850277
30093	5.272783	-1.391000	8.691214	-0.033792	-0.047629	0.030282	-0.258769	-0.820223	0.510169	0.919001	-0.371694	-0.131453	0.297448	0.434830	0.849969
30094	5.741278	-1.469697	8.819108	-0.012303	-0.022017	0.031401	-0.258439	-0.820211	0.510357	0.919028	-0.371534	-0.131719	0.297652	0.434991	0.849815
30095	5.100476	-1.614481	8.494208	-0.013154	0.002166	0.026174	-0.258338	-0.820255	0.510336	0.918989	-0.371541	-0.131970	0.297860	0.434900	0.849789
30096	5.219212	-1.227514	8.883955	0.035783	-0.007095	0.019954	-0.258157	-0.820265	0.510412	0.919129	-0.371266	-0.131769	0.297584	0.435117	0.849775
30097	5.182485	-1.342408	8.679780	-0.020023	-0.008309	0.025911	-0.258036	-0.820261	0.510480	0.919065	-0.371314	-0.132077	0.297886	0.435084	0.849686
30098	5.252394	-1.404962	8.785058	-0.002440	-0.010251	0.025639	-0.257794	-0.820278	0.510575	0.919106	-0.371158	-0.132230	0.297970	0.435185	0.849605
30099	5.257487	-1.485921	8.629411	-0.004554	-0.004717	0.026214	-0.257574	-0.820322	0.510615	0.919137	-0.371019	-0.132408	0.298065	0.435221	0.849553
30100	5.227486	-1.475183	8.756877	0.006098	0.002440	0.013247	-0.257483	-0.820348	0.510619	0.919172	-0.370928	-0.132424	0.298037	0.435249	0.849548
30101	5.239527	-1.461281	8.711874	0.010118	-0.001372	0.015376	-0.257494	-0.820331	0.510641	0.919164	-0.370948	-0.132423	0.298052	0.435265	0.849535
30102	5.281757	-1.402672	8.768074	0.011934	0.003462	0.010839	-0.257429	-0.820352	0.510639	0.919209	-0.370851	-0.132378	0.297968	0.435307	0.849543
30103	5.222337	-1.404486	8.698754	0.014638	0.002480	0.006631	-0.257411	-0.820355	0.510644	0.919247	-0.370789	-0.132293	0.297868	0.435354	0.849553
30104	5.246819	-1.335983	8.726903	0.015640	0.008112	0.008714	-0.257378	-0.820389	0.510606	0.919298	-0.370693	-0.132206	0.297738	0.435372	0.849590
30105	5.256180	-1.421624	8.756251	0.004466	0.001082	0.008432	-0.257340	-0.820392	0.510620	0.919309	-0.370660	-0.132216	0.297736	0.435393	0.849580
30106	5.267817	-1.407338	8.711563	0.011899	0.012292	0.004474	-0.257359	-0.820429	0.510552	0.919339	-0.370616	-0.132139	0.297629	0.435363	0.849633
30107	5.242104	-1.450700	8.692057	0.012455	0.013030	0.000255	-0.257431	-0.820454	0.510475	0.919353	-0.370615	-0.132040	0.297522	0.435316	0.849694
30108	5.240936	-1.449305	8.692994	0.019235	0.013958	-0.000945	-0.257505	-0.820478	0.510400	0.919390	-0.370583	-0.131872	0.297344	0.435299	0.849766
30109	5.232932	-1.477719	8.709404	0.017941	0.018692	-0.006993	-0.257660	-0.820500	0.510285	0.919402	-0.370618	-0.131690	0.297172	0.435226	0.849863
30110	5.238444	-1.421510	8.702817	0.034614	0.020639	-0.007882	-0.257818	-0.820527	0.510162	0.919467	-0.370576	-0.131356	0.296835	0.435211	0.849989
30111	5.190431	-1.367310	8.707393	0.024073	0.021978	-0.011219	-0.258021	-0.820549	0.510024	0.919486	-0.370619	-0.131100	0.296599	0.435134	0.850111
30112	5.206165	-1.373572	8.737213	0.029611	0.020715	-0.011806	-0.258215	-0.820562	0.509905	0.919525	-0.370631	-0.130789	0.296307	0.435099	0.850230
30113	5.227308	-1.419389	8.729850	0.027146	0.018248	-0.010292	-0.258399	-0.820570	0.509798	0.919556	-0.370653	-0.130511	0.296052	0.435064	0.850337
30114	5.232329	-1.386072	8.716003	0.028019	0.023160	-0.016040	-0.258639	-0.820578	0.509664	0.919579	-0.370707	-0.130192	0.295769	0.435004	0.850466
30115	5.182197	-1.424560	8.691708	0.036722	0.027711	-0.014244	-0.258888	-0.820613	0.509482	0.919628	-0.370720	-0.129813	0.295401	0.434926	0.850633
30116	5.187213	-1.366703	8.685557	0.043744	0.025176	-0.018131	-0.259153	-0.820622	0.509333	0.919692	-0.370723	-0.129350	0.294968	0.434908	0.850793
30117	5.180408	-1.299146	8.731705	0.040072	0.024339	-0.015425	-0.259402	-0.820638	0.509180	0.919747	-0.370731	-0.128936	0.294579	0.434870	0.850947
30118	5.195063	-1.351017	8.747333	0.031124	0.023224	-0.014535	-0.259629	-0.820651	0.509043	0.919783	-0.370759	-0.128598	0.294267	0.434821	0.851080
30119	5.227766	-1.405721	8.688093	0.037656	0.027587	-0.013044	-0.259865	-0.820690	0.508859	0.919836	-0.370759	-0.128217	0.293890	0.434748	0.851248
30120	5.196462	-1.359450	8.721376	0.044451	0.030404	-0.013952	-0.260107	-0.820737	0.508660	0.919912	-0.370724	-0.127769	0.293437	0.434689	0.851434
30121	5.153338	-1.320149	8.696582	0.045689	0.032572	-0.014568	-0.260373	-0.820792	0.508435	0.919985	-0.370701	-0.127312	0.292974	0.434605	0.851637
30122	5.152282	-1.245614	8.720200	0.044777	0.023847	-0.009389	-0.260553	-0.820827	0.508286	0.920074	-0.370628	-0.126884	0.292534	0.434601	0.851790
30123	5.191993	-1.206343	8.770613	0.033697	0.026364	-0.008236	-0.260742	-0.820879	0.508106	0.920127	-0.370605	-0.126561	0.292198	0.434523	0.851945
30124	5.219732	-1.198642	8.755531	0.027842	0.023447	-0.006123	-0.260891	-0.820924	0.507956	0.920175	-0.370579	-0.126294	0.291915	0.434459	0.852074
30125	5.192835	-1.264400	8.729697	0.015918	0.024888	0.001358	-0.260987	-0.821005	0.507776	0.920201	-0.370555	-0.126170	0.291745	0.434328	0.852200
30126	5.236878	-1.337324	8.721296	0.018317	0.019712	-0.001304	-0.261081	-0.821052	0.507652	0.920233	-0.370530	-0.126009	0.291560	0.434259	0.852298
30127	5.191530	-1.423859	8.763074	0.020498	0.021799	-0.000712	-0.261187	-0.821111	0.507501	0.920268	-0.370503	-0.125836	0.291356	0.434170	0.852413
30128	5.178669	-1.405615	8.713463	0.030916	0.019713	-0.005178	-0.261316	-0.821144	0.507381	0.920327	-0.370455	-0.125548	0.291055	0.434149	0.852527
30129	5.153549	-1.376960	8.716377	0.035294	0.025792	-0.003709	-0.261461	-0.821210	0.507200	0.920396	-0.370388	-0.125234	0.290704	0.434082	0.852681
30130	5.135309	-1.317879	8.703716	0.037363	0.014536	-0.005113	-0.261575	-0.821221	0.507125	0.920473	-0.370312	-0.124891	0.290357	0.434126	0.852776
30131	5.181746	-1.272101	8.731173	0.035542	0.022327	-0.006393	-0.261735	-0.821261	0.506976	0.920536	-0.370267	-0.124561	0.290014	0.434088	0.852912
30132	5.179983	-1.268957	8.732676	0.031570	0.019244	-0.001863	-0.261832	-0.821304	0.506856	0.920605	-0.370189	-0.124284	0.289707	0.434073	0.853024
30133	5.131362	-1.238392	8.729492	0.031600	0.023049	-0.001296	-0.261947	-0.821367	0.506695	0.920670	-0.370119	-0.124013	0.289398	0.434014	0.853159
30134	5.177153	-1.217137	8.749769	0.020176	0.017604	0.000818	-0.262015	-0.821413	0.506586	0.920712	-0.370069	-0.123847	0.289201	0.433970	0.853248
