// General information: 
//  MT Manager version: 2022.2.0 
//  XDA version: 2022.2.0 build 7381 rev 124627 built on 2023-07-19
// Device information: 
//  DeviceId: 00B4CB9F
//  ProductCode: MTW2-3A7G6
//  Firmware Version: 4.6.0
//  Hardware Version: 2.0.0
// Device settings: 
//  Filter Profile: human(46.1)
//  Option Flags: Orientation Smoother Disabled, Position/Velocity Smoother Disabled, Continuous Zero Rotation Update Disabled, AHS Disabled, ICC Disabled
// Coordinate system: ENU
PacketCounter	Acc_X	Acc_Y	Acc_Z	Gyr_X	Gyr_Y	Gyr_Z	Mat[1][1]	Mat[2][1]	Mat[3][1]	Mat[1][2]	Mat[2][2]	Mat[3][2]	Mat[1][3]	Mat[2][3]	Mat[3][3]
03372	9.430176	-0.949279	2.397104	-0.008034	-0.001983	0.002179	0.227585	0.135245	0.964320	-0.176285	0.979667	-0.095793	-0.957668	-0.148194	0.246799
03373	9.430795	-0.981328	2.383212	-0.013159	-0.000680	-0.000198	0.227467	0.135272	0.964344	-0.176123	0.979688	-0.095881	-0.957726	-0.148033	0.246671
03374	9.459854	-1.001908	2.431560	-0.006904	0.007033	0.002945	0.227483	0.135311	0.964335	-0.176073	0.979692	-0.095931	-0.957731	-0.147971	0.246688
03375	9.415652	-0.994614	2.412392	-0.000901	0.003953	0.002453	0.227430	0.135381	0.964338	-0.176091	0.979681	-0.096006	-0.957741	-0.147976	0.246648
03376	9.393508	-0.990976	2.402975	0.002977	0.004515	0.001981	0.227423	0.135407	0.964336	-0.176134	0.979672	-0.096022	-0.957735	-0.148014	0.246650
03377	9.437407	-0.998901	2.423059	0.002122	0.004116	0.005267	0.227402	0.135505	0.964327	-0.176272	0.979640	-0.096090	-0.957714	-0.148133	0.246658
03378	9.408050	-1.017510	2.421243	0.004454	0.007861	0.002763	0.227426	0.135544	0.964316	-0.176331	0.979628	-0.096110	-0.957697	-0.148181	0.246694
03379	9.428712	-0.958192	2.458941	0.000622	0.002947	0.004068	0.227426	0.135633	0.964303	-0.176534	0.979587	-0.096149	-0.957660	-0.148366	0.246727
03380	9.414265	-1.002807	2.474157	0.000598	0.005123	0.003651	0.227422	0.135677	0.964298	-0.176559	0.979579	-0.096187	-0.957657	-0.148380	0.246733
03381	9.436708	-1.000398	2.425163	-0.004460	0.007657	0.007810	0.227434	0.135815	0.964276	-0.176422	0.979587	-0.096360	-0.957679	-0.148204	0.246752
03382	9.428709	-0.991580	2.446899	-0.007483	0.007494	0.004996	0.227451	0.135875	0.964263	-0.176372	0.979589	-0.096431	-0.957684	-0.148136	0.246773
03383	9.414134	-1.036546	2.462409	-0.009585	0.008961	0.005432	0.227492	0.135997	0.964237	-0.176203	0.979603	-0.096592	-0.957706	-0.147927	0.246815
03384	9.420412	-0.983554	2.469446	-0.004762	0.008975	0.008628	0.227517	0.136095	0.964217	-0.176187	0.979596	-0.096692	-0.957703	-0.147884	0.246853
03385	9.419479	-0.952955	2.483992	-0.014646	0.011496	0.009590	0.227525	0.136240	0.964194	-0.176149	0.979588	-0.096848	-0.957707	-0.147807	0.246880
03386	9.442397	-0.982574	2.421735	-0.012934	0.012295	0.003018	0.227592	0.136288	0.964172	-0.176043	0.979600	-0.096914	-0.957711	-0.147679	0.246941
03387	9.397309	-0.982484	2.462665	-0.017440	0.016547	0.004707	0.227668	0.136402	0.964138	-0.175902	0.979612	-0.097054	-0.957719	-0.147498	0.247019
03388	9.404677	-0.993089	2.442670	-0.025156	0.011073	0.006480	0.227716	0.136482	0.964115	-0.175686	0.979637	-0.097184	-0.957747	-0.147252	0.247057
03389	9.435361	-1.071083	2.404553	-0.026613	0.005553	0.006111	0.227695	0.136589	0.964105	-0.175555	0.979647	-0.097329	-0.957776	-0.147092	0.247039
03390	9.420205	-1.084994	2.433278	-0.025394	0.005863	0.008544	0.227690	0.136681	0.964093	-0.175342	0.979670	-0.097479	-0.957817	-0.146851	0.247027
03391	9.442706	-1.083073	2.384021	-0.016753	0.005208	0.004735	0.227713	0.136785	0.964073	-0.175284	0.979669	-0.097596	-0.957822	-0.146763	0.247060
03392	9.448376	-1.037087	2.450214	-0.006548	0.006945	0.008665	0.227718	0.136881	0.964058	-0.175252	0.979664	-0.097701	-0.957826	-0.146705	0.247076
03393	9.433931	-1.043485	2.419771	-0.001484	0.004411	0.004507	0.227693	0.136968	0.964052	-0.175369	0.979637	-0.097763	-0.957811	-0.146805	0.247076
03394	9.411264	-1.008469	2.423734	-0.003218	-0.001969	0.005370	0.227618	0.137018	0.964062	-0.175362	0.979632	-0.097828	-0.957830	-0.146792	0.247010
03395	9.448107	-1.000471	2.405249	-0.008049	0.005778	0.007464	0.227512	0.137127	0.964072	-0.175298	0.979629	-0.097971	-0.957867	-0.146711	0.246915
03396	9.388940	-1.006307	2.414426	-0.010130	0.005069	0.008315	0.227499	0.137216	0.964062	-0.175231	0.979630	-0.098081	-0.957882	-0.146620	0.246910
03397	9.396426	-1.055481	2.439106	-0.011586	-0.000452	0.007944	0.227463	0.137343	0.964053	-0.175192	0.979622	-0.098225	-0.957898	-0.146551	0.246889
03398	9.418925	-1.091989	2.435102	-0.009506	0.000257	0.007093	0.227407	0.137413	0.964056	-0.175128	0.979624	-0.098322	-0.957923	-0.146474	0.246838
03399	9.403131	-1.112302	2.523053	-0.007168	0.004003	0.004594	0.227425	0.137513	0.964037	-0.175261	0.979594	-0.098386	-0.957894	-0.146583	0.246885
03400	9.410291	-1.052347	2.470383	-0.004727	0.004618	0.009463	0.227406	0.137613	0.964028	-0.175249	0.979585	-0.098494	-0.957901	-0.146547	0.246880
03401	9.387480	-1.017734	2.474795	-0.008073	0.007956	0.007050	0.227427	0.137739	0.964005	-0.175254	0.979572	-0.098617	-0.957895	-0.146518	0.246921
03402	9.416401	-1.000584	2.477887	-0.018222	0.007449	0.009656	0.227435	0.137845	0.963987	-0.175113	0.979582	-0.098760	-0.957919	-0.146345	0.246930
03403	9.365335	-1.086517	2.497919	-0.015841	0.006840	0.007987	0.227348	0.137960	0.963992	-0.174817	0.979614	-0.098967	-0.957994	-0.146022	0.246831
03404	9.410199	-1.158774	2.490582	-0.019446	0.007143	0.007221	0.227357	0.138042	0.963978	-0.174659	0.979630	-0.099090	-0.958020	-0.145838	0.246836
03405	9.402369	-1.111648	2.466487	-0.015262	0.006383	0.005935	0.227331	0.138148	0.963969	-0.174701	0.979613	-0.099191	-0.958019	-0.145857	0.246831
03406	9.438484	-1.072190	2.462375	-0.013807	0.011904	0.006309	0.227388	0.138228	0.963944	-0.174595	0.979621	-0.099291	-0.958025	-0.145722	0.246888
03407	9.408079	-1.098243	2.520569	-0.004584	0.018540	0.005750	0.227567	0.138375	0.963881	-0.174695	0.979594	-0.099386	-0.957964	-0.145768	0.247096
03408	9.385748	-1.056351	2.466856	0.004122	0.019102	0.008484	0.227688	0.138487	0.963836	-0.174765	0.979573	-0.099463	-0.957922	-0.145798	0.247240
03409	9.407564	-1.021998	2.432418	0.008059	0.007550	0.003546	0.227700	0.138588	0.963818	-0.174885	0.979545	-0.099533	-0.957898	-0.145894	0.247280
03410	9.422356	-1.009420	2.404763	0.003236	0.007547	0.000345	0.227726	0.138604	0.963810	-0.174929	0.979537	-0.099534	-0.957884	-0.145931	0.247311
03411	9.422675	-1.041511	2.391777	0.000626	0.008519	0.009784	0.227745	0.138762	0.963783	-0.175088	0.979497	-0.099651	-0.957850	-0.146052	0.247371
03412	9.437727	-1.100266	2.395835	-0.001715	0.004774	0.012280	0.227723	0.138890	0.963770	-0.175112	0.979480	-0.099778	-0.957851	-0.146045	0.247371
03413	9.444655	-1.079332	2.389115	0.006969	0.007511	0.014602	0.227730	0.139096	0.963738	-0.175362	0.979420	-0.099921	-0.957803	-0.146248	0.247436
03414	9.392590	-1.063150	2.391188	0.014476	0.005587	0.015316	0.227710	0.139255	0.963720	-0.175547	0.979375	-0.100038	-0.957774	-0.146399	0.247460
03415	9.435744	-1.040250	2.425296	0.015359	0.003812	0.012446	0.227709	0.139443	0.963693	-0.175840	0.979311	-0.100153	-0.957721	-0.146650	0.247518
03416	9.450746	-0.989936	2.351935	0.014452	0.007766	0.014902	0.227711	0.139601	0.963670	-0.176025	0.979266	-0.100267	-0.957686	-0.146798	0.247563
03417	9.442924	-0.942676	2.328270	0.008109	0.008774	0.010083	0.227752	0.139769	0.963636	-0.176363	0.979197	-0.100344	-0.957614	-0.147097	0.247664
03418	9.427625	-0.956047	2.357497	0.009931	0.006445	0.010881	0.227748	0.139887	0.963619	-0.176496	0.979165	-0.100429	-0.957591	-0.147202	0.247693
03419	9.435176	-0.966764	2.336859	-0.000763	0.002051	0.016359	0.227554	0.140051	0.963641	-0.176434	0.979154	-0.100643	-0.957648	-0.147118	0.247520
03420	9.464511	-1.020666	2.371059	-0.003347	-0.006906	0.020917	0.227405	0.140247	0.963648	-0.176463	0.979126	-0.100858	-0.957678	-0.147112	0.247406
03421	9.457886	-1.146872	2.396112	0.005032	-0.002853	0.024058	0.227344	0.140550	0.963618	-0.176692	0.979058	-0.101116	-0.957650	-0.147276	0.247418
03422	9.399029	-1.115143	2.358812	0.033581	-0.008326	0.031843	0.227162	0.140851	0.963617	-0.177099	0.978961	-0.101345	-0.957619	-0.147634	0.247327
03423	9.418886	-0.994276	2.423107	0.054847	-0.012239	0.031141	0.226930	0.141186	0.963623	-0.177637	0.978839	-0.101582	-0.957574	-0.148123	0.247207
03424	9.387667	-0.887102	2.474867	0.048780	-0.010368	0.025088	0.226739	0.141417	0.963634	-0.178174	0.978728	-0.101709	-0.957519	-0.148633	0.247113
03425	9.349773	-0.833430	2.520113	0.047290	-0.013707	0.024302	0.226475	0.141669	0.963659	-0.178825	0.978596	-0.101838	-0.957461	-0.149263	0.246961
03426	9.328519	-0.862714	2.495118	0.040242	-0.024920	0.031802	0.226133	0.141944	0.963699	-0.179295	0.978488	-0.102051	-0.957454	-0.149710	0.246718
03427	9.358467	-0.987543	2.559222	0.021813	-0.034751	0.039058	0.225660	0.142318	0.963755	-0.179582	0.978396	-0.102432	-0.957511	-0.149958	0.246342
03428	9.352961	-1.037667	2.490231	0.030848	-0.042039	0.042221	0.225134	0.142670	0.963826	-0.179985	0.978286	-0.102768	-0.957559	-0.150338	0.245924
03429	9.410805	-0.909120	2.532823	0.048121	-0.035633	0.039890	0.224616	0.143033	0.963893	-0.180781	0.978114	-0.103016	-0.957531	-0.151114	0.245558
03430	9.263766	-0.836899	2.526033	0.054158	-0.047428	0.041072	0.224041	0.143364	0.963977	-0.181405	0.977970	-0.103284	-0.957548	-0.151730	0.245112
03431	9.454473	-0.903836	2.677638	0.073031	-0.047319	0.048135	0.223470	0.143824	0.964041	-0.182731	0.977700	-0.103503	-0.957429	-0.153031	0.244768
03432	9.350861	-0.916606	2.782219	0.058631	-0.038311	0.050359	0.222964	0.144258	0.964094	-0.183419	0.977534	-0.103850	-0.957415	-0.153678	0.244415
03433	9.321914	-0.906251	2.789977	0.061387	-0.047695	0.056083	0.222386	0.144792	0.964147	-0.184077	0.977360	-0.104317	-0.957424	-0.154279	0.244004
03434	9.300802	-0.906056	2.775969	0.035659	-0.051588	0.054066	0.221746	0.145242	0.964227	-0.184553	0.977224	-0.104757	-0.957481	-0.154721	0.243500
03435	9.249879	-0.930755	2.818560	0.034158	-0.057094	0.053711	0.220992	0.145698	0.964331	-0.185096	0.977073	-0.105205	-0.957550	-0.155245	0.242893
03436	9.257758	-0.919569	2.865442	0.022207	-0.057396	0.055955	0.220291	0.146157	0.964422	-0.185446	0.976953	-0.105697	-0.957644	-0.155565	0.242319
03437	9.273377	-1.020476	2.910228	0.017130	-0.052644	0.059691	0.219695	0.146731	0.964471	-0.185931	0.976801	-0.106254	-0.957687	-0.155981	0.241880
03438	9.347498	-0.983934	2.940716	0.021639	-0.055656	0.064533	0.218996	0.147276	0.964547	-0.186294	0.976669	-0.106830	-0.957776	-0.156294	0.241323
03439	9.296372	-0.908421	2.964731	0.010007	-0.045146	0.070396	0.218355	0.147925	0.964593	-0.186595	0.976536	-0.107517	-0.957864	-0.156512	0.240834
03440	9.222997	-0.867944	3.024878	-0.000409	-0.055132	0.075953	0.217639	0.148582	0.964654	-0.186771	0.976421	-0.108256	-0.957993	-0.156609	0.240258
03441	9.216751	-0.929072	3.013622	-0.007258	-0.058904	0.081002	0.216889	0.149331	0.964707	-0.186927	0.976297	-0.109099	-0.958132	-0.156668	0.239662
03442	9.225027	-0.984800	3.032745	-0.012095	-0.063235	0.078661	0.216089	0.150001	0.964782	-0.186996	0.976195	-0.109892	-0.958299	-0.156664	0.238995
03443	9.174999	-0.936617	2.982277	-0.035405	-0.066425	0.081565	0.215265	0.150742	0.964851	-0.187063	0.976084	-0.110762	-0.958472	-0.156645	0.238315
03444	9.191744	-0.894850	2.900238	-0.054907	-0.087704	0.080825	0.214227	0.151395	0.964980	-0.186725	0.976044	-0.111678	-0.958770	-0.156262	0.237364
03445	9.245868	-0.845514	2.797386	-0.068125	-0.103466	0.083611	0.213024	0.152089	0.965137	-0.186442	0.975987	-0.112647	-0.959093	-0.155945	0.236265
03446	9.270221	-0.859474	2.796380	-0.080791	-0.113168	0.083087	0.211737	0.152725	0.965320	-0.185858	0.975982	-0.113645	-0.959492	-0.155349	0.235037
03447	9.397964	-0.890161	2.613032	-0.099058	-0.104596	0.085868	0.210551	0.153454	0.965464	-0.185365	0.975953	-0.114697	-0.959848	-0.154814	0.233933
03448	9.363183	-0.927412	2.488502	-0.115000	-0.111848	0.089900	0.209264	0.154161	0.965631	-0.184465	0.975989	-0.115838	-0.960303	-0.153884	0.232677
03449	9.327041	-1.200574	2.385170	-0.141914	-0.138882	0.088922	0.207760	0.154876	0.965841	-0.183498	0.976028	-0.117038	-0.960814	-0.152914	0.231199
03450	9.312625	-1.471378	2.229244	-0.141488	-0.153244	0.096289	0.206065	0.155584	0.966090	-0.182353	0.976091	-0.118299	-0.961397	-0.151792	0.229509
03451	9.357982	-1.579388	2.130594	-0.088834	-0.173138	0.093056	0.204243	0.156307	0.966361	-0.181927	0.976034	-0.119420	-0.961867	-0.151416	0.227785
03452	9.413195	-1.403920	2.074811	-0.047361	-0.175158	0.093285	0.202342	0.156954	0.966656	-0.181676	0.975956	-0.120435	-0.962316	-0.151249	0.225992
03453	9.373371	-1.324023	2.198243	-0.044401	-0.192714	0.091580	0.200295	0.157609	0.966975	-0.181635	0.975840	-0.121431	-0.962752	-0.151314	0.224083
03454	9.369409	-1.324101	2.200308	-0.050351	-0.203839	0.093767	0.198115	0.158218	0.967325	-0.181352	0.975764	-0.122456	-0.963256	-0.151166	0.222007
03455	9.359280	-1.321764	2.282041	-0.046173	-0.214571	0.093235	0.195780	0.158811	0.967703	-0.181137	0.975676	-0.123473	-0.963774	-0.151113	0.219784
03456	9.326314	-1.300296	2.234919	-0.033397	-0.226070	0.088777	0.193393	0.159337	0.968096	-0.181003	0.975582	-0.124411	-0.964281	-0.151168	0.217511
03457	9.404522	-1.338961	2.278903	-0.007106	-0.231890	0.082280	0.190976	0.159845	0.968492	-0.181097	0.975453	-0.125284	-0.964744	-0.151465	0.215235
03458	9.396175	-1.225186	2.281874	0.014184	-0.235120	0.079989	0.188515	0.160271	0.968904	-0.181402	0.975299	-0.126034	-0.965171	-0.152002	0.212932
03459	9.410331	-1.006888	2.216934	-0.001388	-0.229316	0.087406	0.186098	0.160811	0.969282	-0.181779	0.975120	-0.126879	-0.965569	-0.152583	0.210699
03460	9.394591	-0.916285	2.228184	-0.009961	-0.220725	0.096660	0.183743	0.161418	0.969630	-0.181878	0.974975	-0.127843	-0.966001	-0.152864	0.208504
03461	9.433129	-0.789246	2.323797	-0.001481	-0.215498	0.106173	0.181453	0.162178	0.969935	-0.182263	0.974766	-0.128889	-0.966362	-0.153396	0.206433
03462	9.396698	-0.772982	2.417768	-0.030369	-0.220411	0.101018	0.179092	0.162827	0.970265	-0.182168	0.974644	-0.129937	-0.966820	-0.153480	0.204213
03463	9.432685	-0.934538	2.306664	-0.115049	-0.228158	0.100323	0.176668	0.163490	0.970597	-0.181495	0.974610	-0.131131	-0.967392	-0.152992	0.201855
03464	9.441699	-1.219107	2.128511	-0.186759	-0.248733	0.094311	0.174044	0.164033	0.970980	-0.179869	0.974736	-0.132427	-0.968171	-0.151601	0.199151
03465	9.417938	-1.514062	1.886742	-0.231384	-0.256400	0.098400	0.171329	0.164630	0.971362	-0.177945	0.974896	-0.133843	-0.969011	-0.149918	0.196323
03466	9.350082	-1.626253	1.576152	-0.256026	-0.278862	0.091882	0.168417	0.165113	0.971789	-0.175636	0.975122	-0.135240	-0.969942	-0.147904	0.193227
03467	9.458442	-1.638495	1.410219	-0.245594	-0.301608	0.073316	0.165315	0.165427	0.972268	-0.173346	0.975359	-0.136479	-0.970887	-0.145977	0.189918
03468	9.495826	-1.561477	1.266283	-0.248042	-0.317393	0.052426	0.162095	0.165481	0.972801	-0.171039	0.975628	-0.137462	-0.971839	-0.144105	0.186448
03469	9.627051	-1.613350	1.149232	-0.243568	-0.340029	0.041789	0.158622	0.165395	0.973388	-0.168738	0.975906	-0.138326	-0.972814	-0.142306	0.182709
03470	9.684334	-1.711358	1.056664	-0.212857	-0.355571	0.046350	0.155036	0.165347	0.973973	-0.166756	0.976127	-0.139169	-0.973733	-0.140840	0.178908
03471	9.669280	-1.888360	0.893736	-0.184494	-0.382911	0.045922	0.151129	0.165232	0.974607	-0.165292	0.976274	-0.139883	-0.974597	-0.139955	0.174855
03472	9.620544	-1.938715	0.747738	-0.163753	-0.410333	0.045369	0.147007	0.165105	0.975259	-0.163780	0.976424	-0.140615	-0.975482	-0.139057	0.170582
03473	9.649343	-1.846693	0.615424	-0.122317	-0.442202	0.029741	0.142612	0.164855	0.975953	-0.162584	0.976540	-0.141196	-0.976334	-0.138538	0.166070
03474	9.801672	-1.796425	0.477604	-0.061614	-0.462002	0.027041	0.138009	0.164482	0.976678	-0.162038	0.976577	-0.141568	-0.977086	-0.138721	0.161429
03475	9.725294	-1.385803	0.537185	0.011602	-0.464438	0.018420	0.133382	0.164036	0.977395	-0.162432	0.976490	-0.141717	-0.977663	-0.139858	0.156891
03476	9.721119	-1.171108	0.725616	0.055332	-0.474286	0.014492	0.128673	0.163514	0.978114	-0.163009	0.976384	-0.141780	-0.978198	-0.141198	0.152288
03477	9.715687	-1.089794	0.915093	0.057065	-0.470047	0.019705	0.123929	0.163025	0.978808	-0.163606	0.976269	-0.141888	-0.978711	-0.142555	0.147660
03478	9.701467	-1.164917	1.113719	0.049231	-0.466258	0.033687	0.119262	0.162689	0.979443	-0.164146	0.976140	-0.142153	-0.979200	-0.143818	0.143121
03479	9.619434	-1.327921	1.387816	0.054116	-0.452608	0.049865	0.114656	0.162509	0.980023	-0.164830	0.975966	-0.142552	-0.979635	-0.145193	0.138687
03480	9.427732	-1.436277	1.561315	0.061159	-0.430879	0.056993	0.110292	0.162439	0.980535	-0.165511	0.975780	-0.143035	-0.980021	-0.146513	0.134507
03481	9.369609	-1.563803	1.884776	0.081705	-0.421628	0.054828	0.105994	0.162340	0.981025	-0.166522	0.975548	-0.143442	-0.980324	-0.148159	0.130436
03482	9.459042	-1.596424	2.230357	0.091803	-0.389537	0.065931	0.102017	0.162406	0.981436	-0.167508	0.975301	-0.143978	-0.980578	-0.149711	0.126702
03483	9.414804	-1.467914	2.371719	0.076866	-0.365133	0.071787	0.098270	0.162629	0.981781	-0.168322	0.975059	-0.144667	-0.980821	-0.151039	0.123193
03484	9.449269	-1.373503	2.492096	0.034805	-0.339494	0.064975	0.094783	0.162751	0.982104	-0.168743	0.974896	-0.145271	-0.981092	-0.151954	0.119867
03485	9.416236	-1.234709	2.526991	-0.016583	-0.303105	0.067272	0.091659	0.163013	0.982357	-0.168691	0.974793	-0.146018	-0.981398	-0.152331	0.116847
03486	9.222928	-1.277167	2.444513	-0.130043	-0.293994	0.052469	0.088637	0.163080	0.982623	-0.167479	0.974901	-0.146692	-0.981883	-0.151567	0.113725
03487	9.354402	-1.585928	2.296565	-0.223098	-0.307800	0.054752	0.085477	0.163189	0.982885	-0.165398	0.975132	-0.147518	-0.982516	-0.149958	0.110342
03488	9.484366	-1.579759	2.120060	-0.319698	-0.296106	0.047551	0.082440	0.163215	0.983140	-0.162313	0.975525	-0.148341	-0.983289	-0.147347	0.106915
03489	9.511090	-1.463398	1.932286	-0.381376	-0.255308	0.036023	0.079808	0.163184	0.983362	-0.158707	0.976005	-0.149083	-0.984095	-0.144169	0.103791
03490	9.337851	-1.848234	1.592241	-0.459374	-0.247857	0.018857	0.077290	0.163019	0.983591	-0.154217	0.976623	-0.149746	-0.985009	-0.140112	0.100624
03491	9.383682	-2.168828	1.158900	-0.469476	-0.268991	-0.001681	0.074606	0.162596	0.983868	-0.149884	0.977238	-0.150135	-0.985885	-0.136265	0.097278
03492	9.568730	-2.341601	0.796709	-0.456310	-0.292238	-0.016936	0.071701	0.162041	0.984176	-0.145388	0.977875	-0.150412	-0.986773	-0.132303	0.093673
03493	9.617873	-2.479403	0.473694	-0.445853	-0.305382	-0.027679	0.068660	0.161380	0.984501	-0.141028	0.978490	-0.150559	-0.987622	-0.128504	0.089942
03494	9.665330	-2.606312	0.251712	-0.385690	-0.327449	-0.032464	0.065422	0.160650	0.984841	-0.137213	0.979028	-0.150587	-0.988379	-0.125281	0.086093
03495	9.698871	-2.665863	0.133437	-0.303295	-0.348581	-0.034028	0.061937	0.159886	0.985190	-0.134233	0.979452	-0.150516	-0.989012	-0.122923	0.082126
03496	9.640824	-2.457655	0.004132	-0.223098	-0.360928	-0.050872	0.058386	0.158951	0.985559	-0.132013	0.979802	-0.150202	-0.989527	-0.121337	0.078190
03497	9.542425	-2.271332	0.010576	-0.160853	-0.387464	-0.074024	0.054580	0.157668	0.985983	-0.130599	0.980099	-0.149497	-0.989932	-0.120608	0.074085
03498	9.600647	-2.278196	0.142202	-0.122579	-0.415405	-0.091790	0.050539	0.156272	0.986420	-0.129355	0.980387	-0.148689	-0.990310	-0.120084	0.069762
03499	9.707943	-2.391440	0.398895	-0.087052	-0.429302	-0.094554	0.046371	0.154904	0.986841	-0.128637	0.980604	-0.147880	-0.990607	-0.120086	0.065398
03500	9.728256	-2.453373	0.648311	-0.034217	-0.421349	-0.086071	0.042259	0.153557	0.987236	-0.128278	0.980774	-0.147061	-0.990838	-0.120426	0.061144
03501	9.674419	-2.238475	0.943418	0.026594	-0.398816	-0.077187	0.038318	0.152281	0.987594	-0.128634	0.980849	-0.146250	-0.990952	-0.121434	0.057173
03502	9.572977	-1.838043	1.191944	0.057266	-0.377490	-0.078876	0.034631	0.151051	0.987919	-0.129191	0.980895	-0.145448	-0.991015	-0.122594	0.053484
03503	9.509298	-1.617747	1.331293	0.040716	-0.365413	-0.092361	0.031025	0.149725	0.988241	-0.129543	0.980980	-0.144558	-0.991088	-0.123535	0.049831
03504	9.439771	-1.561435	1.453033	-0.022349	-0.350792	-0.099472	0.027629	0.148319	0.988554	-0.129311	0.981152	-0.143595	-0.991219	-0.123863	0.046287
03505	9.351747	-1.675597	1.609169	-0.095446	-0.348040	-0.105360	0.024214	0.146902	0.988855	-0.128301	0.981421	-0.142656	-0.991440	-0.123417	0.042611
03506	9.473038	-1.787622	1.634601	-0.155658	-0.343287	-0.109205	0.020900	0.145412	0.989150	-0.126751	0.981769	-0.141649	-0.991714	-0.122416	0.038951
03507	9.560661	-1.883819	1.595926	-0.188396	-0.333982	-0.117959	0.017710	0.143769	0.989453	-0.125175	0.982141	-0.140466	-0.991977	-0.121367	0.035390
03508	9.504647	-1.798884	1.578166	-0.200640	-0.299608	-0.120282	0.014838	0.142230	0.989722	-0.123184	0.982551	-0.139353	-0.992273	-0.119850	0.032100
03509	9.483712	-1.712799	1.515177	-0.219287	-0.282689	-0.132332	0.012109	0.140612	0.989991	-0.120977	0.982997	-0.138139	-0.992581	-0.118093	0.028914
03510	9.448062	-1.765411	1.501207	-0.257188	-0.285960	-0.146966	0.009398	0.138836	0.990271	-0.118426	0.983499	-0.136763	-0.992918	-0.115989	0.025684
03511	9.375155	-1.973332	1.380032	-0.282450	-0.302916	-0.161557	0.006527	0.137012	0.990548	-0.115764	0.984012	-0.135345	-0.993255	-0.113786	0.022284
03512	9.403278	-2.103462	1.083932	-0.291076	-0.341492	-0.167929	0.003278	0.134979	0.990843	-0.112883	0.984565	-0.133750	-0.993603	-0.111411	0.018464
03513	9.421157	-2.046953	0.770131	-0.272755	-0.383492	-0.189337	-0.000335	0.132766	0.991147	-0.110474	0.985076	-0.131990	-0.993879	-0.109540	0.014337
03514	9.500762	-1.882251	0.502556	-0.238552	-0.417910	-0.214144	-0.004303	0.130206	0.991478	-0.108127	0.985613	-0.129906	-0.994128	-0.107764	0.009838
03515	9.518922	-1.789252	0.615759	-0.206622	-0.436837	-0.233968	-0.008480	0.127441	0.991810	-0.106072	0.986135	-0.127619	-0.994322	-0.106285	0.005156
03516	9.452547	-1.946879	0.778471	-0.181827	-0.455762	-0.245552	-0.012802	0.124542	0.992132	-0.104309	0.986633	-0.125198	-0.994463	-0.105091	0.000360
03517	9.437325	-2.076039	0.986416	-0.157109	-0.485262	-0.247808	-0.017418	0.121680	0.992417	-0.102952	0.987073	-0.122831	-0.994534	-0.104311	-0.004666
03518	9.577845	-2.043572	1.075051	-0.137683	-0.507747	-0.251589	-0.022259	0.118673	0.992684	-0.101652	0.987515	-0.120334	-0.994571	-0.103587	-0.009918
03519	9.661234	-1.778729	1.182195	-0.129446	-0.512929	-0.265467	-0.027218	0.115624	0.992920	-0.100354	0.987954	-0.117796	-0.994579	-0.102850	-0.015286
03520	9.707845	-1.412103	1.330010	-0.149080	-0.507719	-0.281609	-0.032035	0.112326	0.993155	-0.098974	0.988424	-0.114984	-0.994574	-0.101980	-0.020547
03521	9.587968	-1.054821	1.571485	-0.192222	-0.494519	-0.304732	-0.036722	0.108889	0.993375	-0.097290	0.988934	-0.111998	-0.994578	-0.100758	-0.025722
03522	9.462156	-0.804471	1.721360	-0.281812	-0.483691	-0.324499	-0.041271	0.105202	0.993594	-0.094632	0.989559	-0.108706	-0.994656	-0.098513	-0.030884
03523	9.333672	-0.676305	1.731383	-0.382062	-0.502113	-0.347771	-0.045994	0.101370	0.993785	-0.091105	0.990266	-0.105227	-0.994779	-0.095379	-0.036311
03524	9.350042	-0.627468	1.672685	-0.506960	-0.544463	-0.370592	-0.051131	0.097197	0.993951	-0.086260	0.991103	-0.101356	-0.994960	-0.090921	-0.042292
03525	9.243860	-0.832496	1.628860	-0.626484	-0.583632	-0.382315	-0.056675	0.092896	0.994062	-0.080301	0.992012	-0.097282	-0.995158	-0.085338	-0.048763
03526	9.163621	-1.281685	1.652992	-0.738920	-0.641622	-0.389514	-0.062811	0.088511	0.994093	-0.073199	0.992968	-0.093035	-0.995337	-0.078610	-0.055890
03527	9.287173	-1.920515	1.604062	-0.833961	-0.688022	-0.387496	-0.069506	0.084104	0.994030	-0.065013	0.993940	-0.088642	-0.995461	-0.070786	-0.063617
03528	9.653948	-2.430371	1.616483	-0.859012	-0.694779	-0.383647	-0.076238	0.079832	0.993889	-0.056760	0.994826	-0.084261	-0.995473	-0.062837	-0.071312
03529	9.869561	-2.474118	1.712014	-0.825690	-0.617356	-0.364977	-0.082255	0.075883	0.993718	-0.048877	0.995590	-0.080072	-0.995412	-0.055157	-0.078184
03530	9.624380	-2.256863	1.902298	-0.774443	-0.521885	-0.370941	-0.087331	0.071928	0.993579	-0.041502	0.996261	-0.075770	-0.995314	-0.047853	-0.084019
03531	9.239381	-2.452670	2.106058	-0.727723	-0.471849	-0.385320	-0.091966	0.067886	0.993445	-0.034559	0.996855	-0.071319	-0.995162	-0.040891	-0.089330
03532	9.332882	-3.081187	2.360584	-0.717025	-0.469959	-0.390346	-0.096569	0.063827	0.993278	-0.027811	0.997379	-0.066794	-0.994938	-0.034074	-0.094541
03533	10.093271	-3.865316	2.007935	-0.698710	-0.472335	-0.353269	-0.101223	0.060435	0.993026	-0.021443	0.997789	-0.062911	-0.994633	-0.027662	-0.099704
03534	10.853204	-3.530021	1.956535	-0.675363	-0.415890	-0.312145	-0.105351	0.057229	0.992787	-0.015068	0.998136	-0.059136	-0.994321	-0.021190	-0.104292
03535	12.818908	-2.602734	2.134881	-0.585499	-0.269357	-0.275465	-0.108005	0.054549	0.992653	-0.009764	0.998387	-0.055927	-0.994102	-0.015733	-0.107298
03536	13.368855	-0.737285	2.492288	-0.410046	0.162286	-0.230312	-0.106422	0.052283	0.992946	-0.005954	0.998565	-0.053217	-0.994303	-0.011575	-0.105958
03537	12.199975	0.927556	2.767646	-0.382511	0.484429	-0.222015	-0.101576	0.050133	0.993564	-0.002591	0.998713	-0.050658	-0.994824	-0.007720	-0.101316
03538	11.508798	1.525455	1.871577	-0.484118	0.671987	-0.248275	-0.094936	0.047700	0.994340	0.001963	0.998858	-0.047729	-0.995481	-0.002579	-0.094922
03539	11.408416	2.111553	0.715644	-0.590230	0.724758	-0.265908	-0.087832	0.045158	0.995111	0.007631	0.998973	-0.044660	-0.996106	0.003671	-0.088086
03540	11.522744	2.635919	0.373288	-0.720972	0.802561	-0.279259	-0.079915	0.042321	0.995903	0.014561	0.999041	-0.041286	-0.996695	0.011202	-0.080454
03541	11.074439	2.869626	0.427421	-0.862806	0.890267	-0.299444	-0.071175	0.039379	0.996686	0.022871	0.999022	-0.037838	-0.997202	0.020102	-0.072006
03542	10.629760	2.611131	0.255899	-1.045422	0.919739	-0.334361	-0.062143	0.035818	0.997424	0.033054	0.998881	-0.033811	-0.997520	0.030868	-0.063258
03543	10.251338	1.779811	-0.041866	-1.270658	0.932588	-0.358137	-0.053082	0.032103	0.998074	0.045520	0.998522	-0.029696	-0.997552	0.043856	-0.054465
03544	10.243183	0.566267	-0.469957	-1.433769	0.931241	-0.358043	-0.044030	0.028068	0.998636	0.059626	0.997897	-0.025418	-0.997249	0.058426	-0.045611
03545	10.376174	-0.134111	-0.592828	-1.443629	0.965645	-0.367556	-0.034741	0.023940	0.999110	0.073881	0.997039	-0.021321	-0.996662	0.073075	-0.036407
03546	10.442695	-0.530350	-0.822726	-1.375729	1.052475	-0.379190	-0.024609	0.019336	0.999510	0.087454	0.996022	-0.017115	-0.995865	0.086990	-0.026202
03547	10.322368	-0.721034	-1.075152	-1.272262	1.118426	-0.377920	-0.013785	0.014698	0.999797	0.099800	0.994919	-0.013250	-0.994912	0.099597	-0.015182
03548	10.282939	-0.914945	-1.320004	-1.179017	1.146432	-0.370169	-0.002824	0.009826	0.999948	0.111471	0.993723	-0.009450	-0.993764	0.111439	-0.003901
03549	10.543024	-1.102164	-1.353682	-1.064945	1.159564	-0.352114	0.008158	0.005185	0.999953	0.122081	0.992501	-0.006142	-0.992487	0.122126	0.007464
03550	10.845259	-1.437278	-1.265859	-0.936072	1.188497	-0.293849	0.019527	0.000783	0.999809	0.131384	0.991326	-0.003343	-0.991139	0.131424	0.019254
03551	10.818482	-1.762664	-1.129315	-0.782480	1.219896	-0.207874	0.031301	-0.002682	0.999506	0.139018	0.990288	-0.001697	-0.989795	0.139003	0.031370
03552	10.611574	-2.158668	-1.148315	-0.630250	1.197835	-0.122804	0.042928	-0.005578	0.999063	0.145275	0.989391	-0.000718	-0.988460	0.145170	0.043283
03553	10.299524	-2.208198	-1.192274	-0.446602	1.173544	-0.038332	0.054373	-0.007402	0.998493	0.149608	0.988745	-0.000817	-0.987249	0.149427	0.054869
03554	9.846511	-2.003786	-1.261716	-0.276144	1.130695	0.021208	0.065516	-0.008874	0.997812	0.152297	0.988334	-0.001210	-0.986161	0.152043	0.066103
03555	9.434604	-1.855514	-1.204784	-0.103835	1.094449	0.047971	0.076258	-0.010026	0.997038	0.153356	0.988169	-0.001793	-0.985224	0.153039	0.076893
03556	9.301811	-1.474790	-1.157452	0.042355	1.035495	0.064470	0.086508	-0.010949	0.996191	0.152863	0.988244	-0.002413	-0.984454	0.152490	0.087165
03557	9.229130	-1.180934	-1.198141	0.143279	0.987077	0.096954	0.096254	-0.011093	0.995295	0.151223	0.988493	-0.003607	-0.983802	0.150859	0.096824
03558	9.147505	-1.208680	-1.153861	0.252372	0.936236	0.146244	0.105635	-0.011025	0.994344	0.148570	0.988890	-0.004819	-0.983244	0.148238	0.106099
03559	9.225854	-1.186767	-1.027285	0.377504	0.853947	0.200966	0.114087	-0.009970	0.993421	0.144698	0.989453	-0.006687	-0.982877	0.144509	0.114326
03560	9.292057	-1.173683	-1.060101	0.479112	0.769569	0.245765	0.121953	-0.008608	0.992499	0.139674	0.990160	-0.008575	-0.982659	0.139672	0.121955
03561	9.503401	-1.313085	-1.227118	0.528040	0.677305	0.279958	0.128867	-0.006348	0.991642	0.133957	0.990925	-0.011065	-0.982573	0.134263	0.128548
03562	9.719424	-1.600938	-1.208217	0.594546	0.580579	0.313839	0.134936	-0.003975	0.990846	0.127676	0.991725	-0.013408	-0.982594	0.128316	0.134327
03563	10.467089	-1.884446	-0.909267	0.782969	0.542862	0.360352	0.140625	-0.000705	0.990063	0.119277	0.992728	-0.016234	-0.982852	0.120375	0.139687
03564	10.840821	-2.284734	-0.356528	1.057839	0.608895	0.439561	0.147063	0.002983	0.989123	0.108220	0.993944	-0.019088	-0.983189	0.109850	0.145850
03565	10.549978	-2.397555	0.124896	1.370481	0.682241	0.531502	0.154169	0.007644	0.988015	0.093928	0.995328	-0.022357	-0.983570	0.096249	0.152730
03566	10.239974	-2.114801	0.488092	1.678634	0.714656	0.587487	0.161651	0.012890	0.986764	0.076460	0.996745	-0.025546	-0.983881	0.079578	0.160140
03567	10.007637	-1.669237	0.746445	1.969866	0.769941	0.602665	0.169484	0.018906	0.985352	0.055877	0.998023	-0.028760	-0.983948	0.059933	0.168092
03568	9.814112	-1.081876	1.087546	2.209885	0.848435	0.584091	0.178041	0.024344	0.983722	0.033095	0.998980	-0.030711	-0.983466	0.038025	0.177054
03569	9.585055	-0.638709	1.453687	2.387580	0.913130	0.574576	0.186882	0.030129	0.981920	0.008636	0.999441	-0.032311	-0.982344	0.014518	0.186517
03570	9.461397	-0.197151	1.788870	2.491839	0.962920	0.562045	0.196259	0.035745	0.979900	-0.016924	0.999310	-0.033063	-0.980406	-0.010095	0.196729
03571	9.445284	0.224260	2.151704	2.507669	0.999841	0.546370	0.205539	0.041564	0.977766	-0.042400	0.998538	-0.033534	-0.977730	-0.034565	0.207001
03572	9.425327	0.609028	2.484646	2.409229	1.042412	0.519818	0.215378	0.047252	0.975387	-0.067037	0.997188	-0.033506	-0.974227	-0.058171	0.217940
03573	9.351334	0.798844	2.740034	2.267539	1.074989	0.486133	0.225130	0.053112	0.972880	-0.090046	0.995374	-0.033502	-0.970159	-0.080062	0.228872
03574	9.313038	0.959408	3.073513	2.125907	1.102777	0.446028	0.235302	0.058558	0.970157	-0.111678	0.993201	-0.032863	-0.965485	-0.100612	0.240242
03575	9.568370	1.167901	3.402262	1.958372	1.123599	0.364497	0.245322	0.063646	0.967350	-0.131316	0.990828	-0.031889	-0.960507	-0.119206	0.251430
03576	9.853559	1.316908	3.523035	1.769634	1.153761	0.295453	0.255907	0.068056	0.964303	-0.149036	0.988370	-0.030203	-0.955144	-0.135987	0.263074
03577	9.758218	1.301051	3.668482	1.589098	1.199337	0.253994	0.266611	0.072450	0.961077	-0.164760	0.985918	-0.028617	-0.949617	-0.150718	0.274793
03578	9.415399	1.489955	3.850743	1.406776	1.227853	0.200937	0.277838	0.076371	0.957587	-0.178655	0.983552	-0.026606	-0.943869	-0.163686	0.286912
03579	8.703000	1.742341	3.995923	1.215248	1.164861	0.134919	0.288202	0.079828	0.954236	-0.190327	0.981412	-0.024618	-0.938464	-0.174522	0.298039
03580	8.319019	1.897010	3.847276	0.976207	1.010770	0.104265	0.297407	0.082670	0.951165	-0.199799	0.979575	-0.022666	-0.933611	-0.183301	0.307850
03581	8.253850	1.357577	3.572233	0.691272	0.897456	0.111339	0.305366	0.085608	0.948379	-0.206677	0.978167	-0.021750	-0.929536	-0.189366	0.316392
03582	8.563004	0.358614	3.229401	0.563082	0.839961	0.129053	0.312834	0.088491	0.945677	-0.212329	0.976969	-0.021180	-0.925771	-0.194169	0.324418
03583	8.905628	-0.042220	2.885766	0.718618	0.847324	0.097929	0.320397	0.091311	0.942872	-0.219485	0.975413	-0.019879	-0.921505	-0.200577	0.332561
03584	8.850065	0.497223	2.739807	1.006156	0.896334	0.004059	0.328572	0.093199	0.939869	-0.228774	0.973339	-0.016540	-0.916353	-0.209584	0.341133
03585	8.548383	1.080006	2.768033	1.205219	0.905942	-0.078404	0.336946	0.094556	0.936764	-0.239671	0.970783	-0.011783	-0.910508	-0.220545	0.349763
03586	8.077241	1.550993	2.901707	1.237412	0.882857	-0.111824	0.345179	0.095478	0.933668	-0.250550	0.968083	-0.006369	-0.904476	-0.231732	0.358083
03587	7.994271	1.590706	2.763102	1.180624	0.827638	-0.086539	0.352826	0.096776	0.930671	-0.261082	0.965316	-0.001400	-0.898526	-0.242487	0.365855
03588	8.169443	1.587086	2.857890	1.033976	0.802031	-0.059877	0.360116	0.098189	0.927726	-0.270161	0.962811	0.002967	-0.892933	-0.251704	0.373251
03589	8.256253	1.322031	2.671104	0.867825	0.788770	-0.044627	0.367236	0.099938	0.924743	-0.277889	0.960591	0.006544	-0.887646	-0.259379	0.380535
03590	8.079820	1.100272	2.681993	0.716917	0.780701	-0.029283	0.374176	0.101713	0.921763	-0.284158	0.958730	0.009557	-0.882749	-0.265502	0.387637
03591	7.784275	0.877420	2.875937	0.585399	0.750776	0.004513	0.380753	0.103918	0.918819	-0.289492	0.957109	0.011714	-0.878192	-0.270451	0.394505
03592	7.572578	0.491911	2.757518	0.502675	0.643393	0.034336	0.386238	0.106007	0.916288	-0.294059	0.955693	0.013387	-0.874271	-0.274613	0.400297
03593	7.607401	0.235258	2.672125	0.456193	0.519629	0.073337	0.390530	0.108288	0.914199	-0.298477	0.954307	0.014465	-0.870860	-0.278517	0.405007
03594	7.790127	-0.059090	2.802411	0.441215	0.455855	0.098925	0.394143	0.110516	0.912380	-0.302732	0.952952	0.015348	-0.867758	-0.282256	0.409056
03595	7.890279	-0.216466	3.055808	0.501752	0.423612	0.109692	0.397452	0.112906	0.910650	-0.307664	0.951355	0.016327	-0.864508	-0.286664	0.412855
03596	7.906405	-0.365425	3.385088	0.550725	0.401677	0.115619	0.400506	0.115173	0.909027	-0.312910	0.949621	0.017548	-0.861210	-0.291471	0.416368
03597	7.736979	-0.143199	3.642603	0.657123	0.372674	0.113585	0.403323	0.117489	0.907484	-0.319164	0.947505	0.019179	-0.857592	-0.297372	0.419649
03598	7.571410	0.337748	3.891136	0.734654	0.315398	0.100820	0.405644	0.119397	0.906199	-0.325891	0.945166	0.021348	-0.853960	-0.303982	0.422312
03599	7.330541	0.789340	4.234581	0.739944	0.221222	0.097471	0.407181	0.121138	0.905279	-0.332745	0.942724	0.023515	-0.850579	-0.310802	0.424167
03600	7.492714	0.996012	4.509150	0.714775	0.142241	0.106387	0.407979	0.122592	0.904723	-0.339280	0.940338	0.025578	-0.847610	-0.317390	0.425231
03601	7.591947	1.151182	4.909704	0.701314	0.082604	0.091665	0.408337	0.123855	0.904390	-0.345738	0.937923	0.027655	-0.844823	-0.323975	0.425810
03602	7.537926	1.615887	5.350454	0.608253	0.026312	0.077507	0.408236	0.124672	0.904323	-0.351219	0.935827	0.029534	-0.842608	-0.329672	0.425826
03603	7.623346	1.499562	6.145944	0.482288	-0.045750	0.073727	0.407566	0.125339	0.904533	-0.355721	0.934083	0.030848	-0.841042	-0.334334	0.425286
03604	7.851917	1.368101	6.161539	0.326372	-0.125702	0.083863	0.406157	0.125704	0.905116	-0.358839	0.932869	0.031465	-0.840399	-0.337570	0.423999
03605	7.899837	0.605850	6.192851	0.113130	-0.196756	0.178072	0.403841	0.126827	0.905995	-0.360653	0.932209	0.030262	-0.840739	-0.338971	0.422205
03606	7.439920	-0.197390	6.222517	-0.074391	-0.281417	0.326092	0.400243	0.128918	0.907296	-0.361370	0.932032	0.026982	-0.842150	-0.338669	0.419626
03607	7.110711	-0.349623	5.719980	-0.088968	-0.431066	0.414233	0.395090	0.131453	0.909189	-0.362416	0.931738	0.022775	-0.844132	-0.338503	0.415761
03608	6.865949	0.431825	5.006238	-0.040533	-0.584766	0.441193	0.388491	0.133587	0.911718	-0.363834	0.931278	0.018580	-0.846581	-0.338932	0.410397
03609	6.563066	1.575278	4.209534	-0.095179	-0.761807	0.439097	0.380411	0.135232	0.914877	-0.364869	0.930952	0.014107	-0.849799	-0.339177	0.403486
03610	6.333301	2.659279	3.397134	-0.323069	-0.973368	0.385828	0.370657	0.135536	0.918827	-0.363597	0.931510	0.009269	-0.854641	-0.337519	0.394551
03611	6.213423	3.077340	2.717718	-0.655195	-1.183276	0.336119	0.359274	0.134828	0.923441	-0.359348	0.933197	0.003555	-0.861273	-0.333114	0.383723
03612	6.532705	1.981993	1.471450	-0.979732	-1.414668	0.271348	0.346010	0.132708	0.928798	-0.351857	0.936050	-0.002665	-0.869755	-0.325882	0.370577
03613	8.722430	0.566047	0.240245	-1.157247	-1.684697	0.075209	0.331002	0.128097	0.934895	-0.342116	0.939627	-0.007618	-0.879428	-0.317321	0.354842
03614	15.615718	-0.158355	2.138393	-1.027898	-1.715974	-0.150566	0.316287	0.121305	0.940876	-0.332575	0.943026	-0.009783	-0.888458	-0.309817	0.338609
03615	21.034161	-1.135341	5.367171	-0.106437	-1.035554	-0.139547	0.307516	0.116866	0.944339	-0.331305	0.943482	-0.008873	-0.892004	-0.310136	0.328854
03616	18.065321	1.192954	7.200466	0.797214	-0.376815	0.091680	0.303795	0.116553	0.945581	-0.338723	0.940859	-0.007146	-0.890491	-0.318119	0.325308
03617	15.128727	0.152714	8.438532	0.593504	-0.448722	0.432508	0.298306	0.119258	0.946991	-0.345418	0.938402	-0.009369	-0.889775	-0.324313	0.321125
03618	13.575204	-2.864473	5.501957	0.517637	-0.531206	0.716328	0.291026	0.124240	0.948614	-0.352166	0.935825	-0.014523	-0.889541	-0.329843	0.316102
03619	10.523535	1.054030	0.224249	0.659613	-0.444015	0.734114	0.284447	0.129713	0.949876	-0.360265	0.932647	-0.019477	-0.888425	-0.336667	0.312020
03620	7.073026	4.698914	-1.851166	0.117120	-0.550870	0.530666	0.277576	0.132805	0.951480	-0.362830	0.931542	-0.024174	-0.889554	-0.338515	0.306759
03621	6.290108	4.117170	-1.916940	-0.706282	-0.840770	0.299714	0.268980	0.132837	0.953941	-0.357440	0.933480	-0.029202	-0.894364	-0.333122	0.298568
03622	7.514963	1.024565	-0.950781	-1.240600	-1.014655	0.213957	0.259060	0.131516	0.956865	-0.346897	0.937254	-0.034903	-0.901416	-0.322892	0.288427
03623	9.209865	-1.636578	-0.457734	-1.277498	-1.107620	0.253148	0.248154	0.130405	0.959903	-0.336039	0.940957	-0.040959	-0.908569	-0.312401	0.277323
03624	10.513155	-3.272739	-0.335561	-1.009550	-1.117400	0.247974	0.237089	0.129303	0.962845	-0.327469	0.943737	-0.046102	-0.914633	-0.304371	0.266092
03625	11.062915	-3.797680	-0.028881	-0.496832	-0.949427	0.256576	0.227527	0.128889	0.965204	-0.323578	0.944885	-0.049898	-0.918438	-0.300965	0.256693
03626	10.437603	-2.893062	0.765761	-0.017232	-0.742044	0.273412	0.219764	0.129243	0.966954	-0.324062	0.944572	-0.052600	-0.920156	-0.301794	0.249466
03627	9.827796	-1.458293	1.291876	0.161002	-0.616561	0.306720	0.213060	0.130319	0.968309	-0.326286	0.943657	-0.055207	-0.920946	-0.304184	0.243577
03628	9.274605	-0.188242	1.589598	0.083544	-0.546499	0.350061	0.206824	0.131962	0.969438	-0.327822	0.942932	-0.058415	-0.921822	-0.305722	0.238281
03629	8.814200	0.259851	1.903013	-0.146302	-0.542298	0.345692	0.200656	0.133612	0.970508	-0.327254	0.942890	-0.062149	-0.923386	-0.305132	0.232921
03630	8.789875	-0.204490	1.657899	-0.357763	-0.591829	0.304113	0.194136	0.134689	0.971684	-0.324578	0.943558	-0.065942	-0.925722	-0.302585	0.226896
03631	8.820270	-0.753630	0.821283	-0.516947	-0.579097	0.210328	0.188057	0.134976	0.972839	-0.320259	0.944801	-0.069177	-0.928477	-0.298551	0.220903
03632	8.839335	-1.503971	0.111479	-0.599835	-0.612942	0.111176	0.181946	0.134220	0.974105	-0.314917	0.946416	-0.071584	-0.931516	-0.293738	0.214465
03633	9.117407	-1.900689	-0.275852	-0.586584	-0.692990	0.028954	0.175355	0.132515	0.975546	-0.309566	0.948061	-0.073137	-0.934569	-0.289171	0.207270
03634	9.419553	-2.487931	-0.608130	-0.538040	-0.786401	-0.017233	0.167990	0.130102	0.977166	-0.304531	0.949617	-0.074081	-0.937571	-0.285133	0.199146
03635	9.825911	-2.739523	-0.674149	-0.399481	-0.870445	-0.018033	0.159832	0.127505	0.978875	-0.300825	0.950747	-0.074722	-0.940190	-0.282527	0.190317
03636	10.022690	-2.506277	-0.751905	-0.209243	-0.931137	-0.014099	0.151054	0.124753	0.980622	-0.298865	0.951344	-0.074992	-0.942265	-0.281746	0.180988
03637	10.025218	-1.809636	-0.461776	-0.043474	-0.968363	-0.013262	0.141916	0.121944	0.982339	-0.298515	0.951455	-0.074985	-0.943795	-0.282601	0.171429
