// General information: 
//  MT Manager version: 2022.2.0 
//  XDA version: 2022.2.0 build 7381 rev 124627 built on 2023-07-19
// Device information: 
//  DeviceId: 00B4CB9F
//  ProductCode: MTW2-3A7G6
//  Firmware Version: 4.6.0
//  Hardware Version: 2.0.0
// Device settings: 
//  Filter Profile: human(46.1)
//  Option Flags: Orientation Smoother Disabled, Position/Velocity Smoother Disabled, Continuous Zero Rotation Update Disabled, AHS Disabled, ICC Disabled
// Coordinate system: ENU
PacketCounter	Acc_X	Acc_Y	Acc_Z	Gyr_X	Gyr_Y	Gyr_Z	Mat[1][1]	Mat[2][1]	Mat[3][1]	Mat[1][2]	Mat[2][2]	Mat[3][2]	Mat[1][3]	Mat[2][3]	Mat[3][3]
51685	9.588892	1.637579	1.619764	-0.217939	-0.087723	-0.189892	0.095009	0.009216	0.995434	-0.524977	0.850068	0.042236	-0.845797	-0.526593	0.085603
51686	9.640907	1.252141	1.620231	-0.348788	-0.064731	-0.219262	0.095553	0.007048	0.995399	-0.521860	0.851892	0.044064	-0.847662	-0.523670	0.085079
51687	9.664988	0.436487	1.690766	-0.420384	-0.032703	-0.235582	0.096441	0.004887	0.995327	-0.518105	0.854078	0.046008	-0.849862	-0.520121	0.084900
51688	9.618574	-0.255252	1.793732	-0.352334	-0.008010	-0.232930	0.097520	0.002893	0.995229	-0.514930	0.855889	0.047969	-0.851667	-0.517151	0.084956
51689	9.665282	-0.430812	1.689482	-0.163174	0.011301	-0.221412	0.098695	0.001074	0.995117	-0.513362	0.856715	0.049991	-0.852478	-0.515789	0.085105
51690	9.681926	-0.476633	1.564177	-0.031204	0.011560	-0.195067	0.099733	-0.000493	0.995014	-0.512917	0.856872	0.051836	-0.852625	-0.515529	0.085205
51691	9.795022	-0.104244	1.384969	0.087952	0.012525	-0.177517	0.100691	-0.001931	0.994916	-0.513528	0.856395	0.053634	-0.852144	-0.516318	0.085240
51692	9.736046	0.302336	1.213471	0.097377	0.017302	-0.169958	0.101646	-0.003249	0.994815	-0.514220	0.855871	0.055336	-0.851614	-0.517178	0.085326
51693	9.567943	0.738497	0.910594	0.112831	-0.019963	-0.172476	0.102305	-0.004809	0.994741	-0.515044	0.855259	0.057105	-0.851037	-0.518178	0.085020
51694	9.675857	1.527442	0.637944	0.072216	-0.058425	-0.176004	0.102649	-0.006569	0.994696	-0.515521	0.854854	0.058846	-0.850707	-0.518827	0.084364
51695	9.729040	1.957943	0.382921	-0.032577	-0.092086	-0.183907	0.102754	-0.008600	0.994670	-0.515094	0.854988	0.060604	-0.850952	-0.518576	0.083424
51696	9.871005	2.105148	0.341158	-0.198806	-0.141687	-0.207180	0.102561	-0.011065	0.994665	-0.513237	0.855972	0.062443	-0.852097	-0.516903	0.082110
51697	9.943542	1.507104	0.533350	-0.377706	-0.150167	-0.207069	0.102280	-0.013595	0.994663	-0.509842	0.857873	0.064152	-0.854166	-0.513683	0.080812
51698	9.722358	0.482176	0.642061	-0.427565	-0.163322	-0.193607	0.101823	-0.016057	0.994673	-0.506009	0.860024	0.065683	-0.856497	-0.510001	0.079445
51699	9.682176	0.215203	0.790032	-0.243910	-0.188779	-0.159820	0.100953	-0.018374	0.994722	-0.503796	0.861218	0.067037	-0.857903	-0.507904	0.077685
51700	9.680093	0.796749	1.184393	-0.065063	-0.218225	-0.128323	0.099676	-0.020549	0.994808	-0.503144	0.861506	0.068209	-0.858435	-0.507331	0.075533
51701	9.599641	1.454700	1.467182	0.038173	-0.223304	-0.098651	0.098197	-0.022513	0.994912	-0.503414	0.861272	0.069175	-0.858447	-0.507646	0.073241
51702	9.467879	2.016182	1.761870	0.066829	-0.217677	-0.086961	0.096721	-0.024330	0.995014	-0.503911	0.860912	0.070034	-0.858323	-0.508172	0.071008
51703	9.635400	2.288007	1.951899	-0.026321	-0.177003	-0.080227	0.095547	-0.025901	0.995088	-0.503648	0.861006	0.070770	-0.858609	-0.507936	0.069222
51704	9.670783	1.935498	1.912839	-0.105593	-0.141910	-0.076930	0.094639	-0.027242	0.995139	-0.502731	0.861489	0.071394	-0.859246	-0.507044	0.067836
51705	10.120059	1.506564	1.865106	-0.174598	-0.103884	-0.060067	0.093989	-0.028266	0.995172	-0.501213	0.862337	0.071830	-0.860204	-0.505545	0.066883
51706	9.490224	1.148287	1.576721	-0.191507	-0.070008	-0.051837	0.093589	-0.029028	0.995188	-0.499500	0.863304	0.072155	-0.861244	-0.503850	0.066296
51707	9.463238	1.126439	1.377486	-0.179758	-0.095746	-0.032910	0.092869	-0.029775	0.995233	-0.497960	0.864179	0.072320	-0.862213	-0.502303	0.065429
51708	9.366663	1.108515	1.016510	-0.171421	-0.107923	-0.032894	0.092063	-0.030566	0.995284	-0.496417	0.865053	0.072485	-0.863189	-0.500749	0.064466
51709	9.327965	0.789425	0.769472	-0.237808	-0.140694	-0.046997	0.091022	-0.031656	0.995346	-0.494359	0.866208	0.072757	-0.864479	-0.498681	0.063194
51710	9.351797	0.451624	0.328329	-0.165295	-0.197897	-0.039936	0.089451	-0.032950	0.995446	-0.492913	0.867011	0.072992	-0.865468	-0.497198	0.061314
51711	9.392588	0.435730	0.424096	-0.123390	-0.254009	-0.038339	0.087382	-0.034524	0.995576	-0.491850	0.867592	0.073256	-0.866284	-0.496076	0.058832
51712	9.409298	-0.006768	0.673117	-0.115905	-0.308102	-0.047816	0.084897	-0.036430	0.995724	-0.490843	0.868133	0.073612	-0.867102	-0.494994	0.055820
51713	9.383968	-0.220694	0.775573	0.031101	-0.341106	-0.025038	0.082003	-0.038316	0.995895	-0.491132	0.867951	0.073834	-0.867217	-0.495170	0.052357
51714	9.361446	0.513419	1.294861	0.164069	-0.357958	0.004286	0.078805	-0.040009	0.996087	-0.492643	0.867096	0.073803	-0.866656	-0.496531	0.048621
51715	9.472153	1.236350	1.680440	0.217107	-0.348625	0.028693	0.075584	-0.041474	0.996276	-0.494585	0.866010	0.073574	-0.865837	-0.498304	0.044944
51716	9.468282	1.935791	1.890993	0.210860	-0.332082	0.037313	0.072451	-0.042762	0.996455	-0.496465	0.864963	0.073217	-0.865028	-0.500010	0.041438
51717	9.494894	2.084268	1.749346	0.127756	-0.323162	0.030791	0.069445	-0.044093	0.996611	-0.497631	0.864319	0.072916	-0.864605	-0.501008	0.038080
51718	9.737333	1.877302	1.585440	0.130596	-0.312391	0.027558	0.066544	-0.045380	0.996751	-0.498828	0.863653	0.072623	-0.864143	-0.502040	0.034834
51719	9.660455	1.552532	1.176414	0.153135	-0.289463	0.033342	0.063818	-0.046528	0.996876	-0.500211	0.862880	0.072296	-0.863549	-0.503262	0.031794
51720	9.652366	1.415166	0.620971	0.255406	-0.304775	0.051994	0.060867	-0.047577	0.997011	-0.502492	0.861596	0.071791	-0.862437	-0.505360	0.028536
51721	9.522878	1.564178	0.163536	0.299819	-0.328766	0.075916	0.057592	-0.048569	0.997158	-0.505159	0.860095	0.071069	-0.861103	-0.507816	0.024999
51722	9.512128	1.734374	-0.127672	0.309709	-0.368787	0.096826	0.053873	-0.049574	0.997316	-0.507862	0.858580	0.070112	-0.859752	-0.510277	0.021078
51723	9.627199	1.719921	-0.427908	0.274830	-0.422843	0.123328	0.049553	-0.050659	0.997486	-0.510325	0.857218	0.068888	-0.858553	-0.512456	0.016625
51724	9.950912	1.531404	-0.634636	0.213791	-0.491505	0.139821	0.044536	-0.051944	0.997656	-0.512302	0.856153	0.067446	-0.857650	-0.514105	0.011519
51725	10.187802	1.281724	-0.443761	0.090954	-0.552122	0.150291	0.038972	-0.053478	0.997808	-0.513181	0.855746	0.065908	-0.857395	-0.514625	0.005906
51726	9.800375	0.517063	-0.169675	-0.051607	-0.618155	0.164358	0.032785	-0.055224	0.997936	-0.512800	0.856103	0.064222	-0.857882	-0.513846	-0.000252
51727	9.456291	-0.054074	-0.016520	-0.023522	-0.685076	0.186237	0.025892	-0.057129	0.998031	-0.512689	0.856310	0.062317	-0.858184	-0.513293	-0.007118
51728	9.395551	0.230928	0.691400	0.061531	-0.709659	0.197982	0.018731	-0.059039	0.998080	-0.513232	0.856131	0.060274	-0.858046	-0.513375	-0.014264
51729	9.392007	0.715214	1.967113	0.149076	-0.688783	0.195124	0.011762	-0.060889	0.998075	-0.514576	0.855464	0.058253	-0.857364	-0.514271	-0.021270
51730	9.658583	1.508508	3.619306	0.213524	-0.593616	0.185604	0.005662	-0.062324	0.998040	-0.516440	0.854471	0.056288	-0.856305	-0.515747	-0.027349
51731	9.550119	1.524891	4.783975	0.077609	-0.499846	0.165104	0.000470	-0.063473	0.997983	-0.517145	0.854157	0.054569	-0.855898	-0.516128	-0.032423
51732	9.131962	1.375355	4.602162	0.202738	-0.441140	0.152605	-0.004145	-0.064410	0.997915	-0.518882	0.853207	0.052915	-0.854836	-0.517580	-0.036957
51733	9.091555	1.708344	4.081645	0.252159	-0.388317	0.151670	-0.008310	-0.065111	0.997843	-0.521061	0.851979	0.051254	-0.853479	-0.519511	-0.041007
51734	9.091647	1.037237	2.784494	0.332199	-0.381941	0.173076	-0.012517	-0.065585	0.997768	-0.523906	0.850347	0.049322	-0.851684	-0.522120	-0.045004
51735	8.970994	1.224640	2.317822	0.465671	-0.407264	0.199767	-0.017091	-0.066004	0.997673	-0.527871	0.848020	0.047061	-0.849153	-0.525838	-0.049335
51736	9.070318	1.798228	2.243574	0.512259	-0.466069	0.222688	-0.022293	-0.066531	0.997535	-0.532264	0.845409	0.044490	-0.846285	-0.529960	-0.054259
51737	9.536591	2.213232	2.352039	0.419342	-0.468728	0.241248	-0.027603	-0.066968	0.997373	-0.535781	0.843322	0.041797	-0.843906	-0.533220	-0.059158
51738	9.642624	2.165386	2.478821	0.225391	-0.437667	0.246650	-0.032669	-0.067184	0.997206	-0.537678	0.842242	0.039129	-0.842517	-0.534897	-0.063639
51739	9.723395	2.173815	2.331144	0.149823	-0.414465	0.247922	-0.037553	-0.067298	0.997026	-0.538885	0.841588	0.036509	-0.841542	-0.535911	-0.067871
51740	10.542959	2.298834	1.911451	0.150169	-0.394631	0.243654	-0.042225	-0.067320	0.996838	-0.540068	0.840938	0.033915	-0.840562	-0.536928	-0.071865
51741	11.686501	1.857558	1.372344	0.126065	-0.344953	0.249605	-0.046532	-0.067057	0.996663	-0.541048	0.840409	0.031284	-0.839703	-0.537788	-0.075387
51742	12.516625	1.418438	1.387972	0.239377	-0.298193	0.278368	-0.050590	-0.066284	0.996518	-0.542980	0.839270	0.028259	-0.838220	-0.539659	-0.078449
51743	13.351970	1.335015	2.013260	0.304002	-0.181433	0.315044	-0.053883	-0.064606	0.996455	-0.545393	0.837813	0.024828	-0.836447	-0.542122	-0.080380
51744	14.656139	0.957063	2.969785	0.238183	0.051461	0.331944	-0.055291	-0.061500	0.996575	-0.547194	0.836736	0.021277	-0.835178	-0.544143	-0.079916
51745	14.225759	0.472643	4.566844	0.058107	0.387044	0.311661	-0.053824	-0.056768	0.996936	-0.547540	0.836584	0.018075	-0.835046	-0.544890	-0.076111
51746	12.442693	-0.533284	6.433311	-0.249166	0.687567	0.298447	-0.049747	-0.050471	0.997486	-0.545339	0.838078	0.015208	-0.836738	-0.543211	-0.069216
51747	10.702305	-0.812996	7.425146	-0.070433	0.746764	0.285456	-0.045111	-0.044005	0.998012	-0.544646	0.838575	0.012357	-0.837452	-0.543006	-0.061796
51748	10.539553	0.501356	8.253215	0.259992	0.815557	0.225712	-0.039561	-0.037608	0.998509	-0.546825	0.837189	0.009867	-0.836312	-0.545620	-0.053685
51749	10.269390	1.045912	8.670160	0.048416	1.019668	0.146872	-0.031896	-0.030794	0.999017	-0.547210	0.836954	0.008327	-0.836387	-0.546407	-0.043546
51750	10.355963	0.321045	8.507191	-0.234454	1.296707	0.089741	-0.021561	-0.022901	0.999505	-0.545343	0.838180	0.007441	-0.837936	-0.544912	-0.030561
51751	11.022084	-0.437536	8.165381	-0.308814	1.612939	0.043403	-0.008326	-0.013749	0.999871	-0.542779	0.839846	0.007029	-0.839834	-0.542650	-0.014455
51752	12.422176	-0.877886	7.674594	-0.354695	1.996766	-0.011617	0.008504	-0.002958	0.999959	-0.539929	0.841681	0.007082	-0.841668	-0.539967	0.005561
51753	12.044195	-1.729278	5.592959	-0.704422	2.267675	-0.050723	0.027842	0.008810	0.999574	-0.534014	0.845443	0.007423	-0.845017	-0.533993	0.028243
51754	12.993117	-2.497595	3.331621	-0.542025	2.337210	-0.069534	0.047942	0.020743	0.998635	-0.529601	0.848211	0.007807	-0.846891	-0.529252	0.051650
51755	13.884010	-1.429407	1.741324	-0.015233	2.445078	-0.057122	0.068877	0.033209	0.997072	-0.529477	0.848284	0.008323	-0.845524	-0.528500	0.076010
51756	13.646552	0.187449	0.851837	0.089483	2.454866	-0.033103	0.089745	0.046030	0.994901	-0.530355	0.847732	0.008620	-0.843012	-0.528424	0.100492
51757	12.928606	0.689424	-0.002743	0.075517	2.422845	-0.051600	0.110351	0.058407	0.992175	-0.530978	0.847336	0.009175	-0.840169	-0.527836	0.124517
51758	13.655349	1.309677	-1.059160	0.517667	2.287688	0.014485	0.129445	0.070752	0.989059	-0.535437	0.844520	0.009664	-0.834596	-0.530830	0.147202
51759	13.584114	2.038298	-1.522574	0.657492	2.106679	0.035148	0.146711	0.082292	0.985750	-0.540993	0.840964	0.010312	-0.828132	-0.534797	0.167898
51760	13.227736	2.147235	-1.490461	0.342127	1.997073	-0.037277	0.163387	0.092791	0.982189	-0.543875	0.839091	0.011202	-0.823107	-0.536018	0.187564
51761	12.670158	1.553419	-2.287333	-0.029897	1.934514	-0.095725	0.179741	0.102355	0.978374	-0.543507	0.839318	0.012043	-0.819935	-0.533918	0.206491
51762	11.902789	0.038389	-2.533435	-0.557950	1.959226	-0.158212	0.196637	0.111536	0.974112	-0.538722	0.842394	0.012294	-0.819215	-0.527193	0.225733
51763	11.106515	-1.666828	-3.322143	-0.663546	2.031550	-0.223687	0.214414	0.120296	0.969307	-0.532872	0.846098	0.012868	-0.818581	-0.519275	0.245518
51764	10.293143	-2.368215	-3.546788	-0.237677	2.103641	-0.214987	0.232714	0.129448	0.963892	-0.530567	0.847523	0.014276	-0.815073	-0.514731	0.265911
51765	9.707599	-2.002782	-3.143754	0.268536	2.146173	-0.137413	0.250808	0.139345	0.957955	-0.532459	0.846298	0.016304	-0.808444	-0.514161	0.286454
51766	9.427162	-2.092103	-2.735927	0.594093	2.136055	-0.066579	0.268296	0.149879	0.951606	-0.537182	0.843260	0.018639	-0.799658	-0.516186	0.306756
51767	9.336508	-1.636404	-2.279438	1.004524	2.053736	-0.043650	0.284784	0.160187	0.945113	-0.545085	0.838087	0.022199	-0.788531	-0.521489	0.325989
51768	9.284151	-0.682037	-2.355031	1.271420	1.939883	-0.071177	0.300300	0.169869	0.938597	-0.554937	0.831452	0.027072	-0.775799	-0.528992	0.343951
51769	9.111727	0.565772	-2.471673	1.304451	1.846331	-0.137918	0.315218	0.178583	0.932065	-0.564595	0.824711	0.032929	-0.762804	-0.536619	0.360791
51770	8.589372	1.618714	-2.331900	1.033823	1.800633	-0.235276	0.330134	0.186435	0.925340	-0.571765	0.819496	0.038879	-0.751064	-0.541912	0.377141
51771	8.115495	1.970798	-2.060986	0.573896	1.771412	-0.332192	0.345204	0.193346	0.918396	-0.574974	0.816981	0.044124	-0.741781	-0.543286	0.393194
51772	7.987694	2.066002	-1.631289	0.092149	1.740526	-0.391719	0.360258	0.199639	0.911240	-0.574360	0.817192	0.048038	-0.735068	-0.540686	0.409065
51773	7.970793	1.631661	-1.081634	-0.398236	1.709583	-0.382684	0.374924	0.205710	0.903945	-0.570082	0.820076	0.049826	-0.731053	-0.534003	0.424737
51774	7.616313	0.681670	-0.668804	-0.718049	1.704511	-0.362603	0.389371	0.211797	0.896400	-0.563530	0.824584	0.049953	-0.728577	-0.524598	0.440423
51775	6.858511	0.094075	0.038321	-0.786748	1.675136	-0.371957	0.403584	0.217443	0.888729	-0.556381	0.829438	0.049724	-0.726334	-0.514539	0.455729
51776	6.289018	-0.002554	0.863348	-0.806813	1.522681	-0.392860	0.416754	0.221973	0.881501	-0.548984	0.834369	0.049443	-0.724522	-0.504536	0.469586
51777	5.796046	-0.389261	1.143801	-0.813551	1.296866	-0.384834	0.428186	0.225253	0.875167	-0.541518	0.839264	0.048933	-0.723474	-0.494872	0.481340
51778	5.257286	-1.126675	1.122252	-0.651679	1.043799	-0.346390	0.437551	0.227502	0.869938	-0.535374	0.843206	0.048765	-0.722443	-0.487079	0.490744
51779	5.118167	-1.636235	1.305980	-0.330395	0.762111	-0.270545	0.444439	0.228933	0.866062	-0.531848	0.845394	0.049460	-0.720841	-0.482595	0.497484
51780	5.303216	-1.671616	1.688221	0.004050	0.513368	-0.184775	0.449068	0.229886	0.863418	-0.531120	0.845757	0.051054	-0.718505	-0.481505	0.501899
51781	5.920681	-1.447627	2.291489	0.227256	0.311078	-0.123545	0.451901	0.230362	0.861811	-0.532245	0.844915	0.053243	-0.715892	-0.482755	0.504427
51782	6.373426	-1.181357	2.442705	0.285428	0.199973	-0.068302	0.453644	0.230798	0.860778	-0.534047	0.843647	0.055247	-0.713442	-0.484759	0.505973
51783	6.886825	-0.475944	3.116445	0.181618	0.206254	-0.010541	0.455116	0.231730	0.859750	-0.535345	0.842759	0.056239	-0.711530	-0.485858	0.507609
51784	6.870013	-0.001826	3.866644	-0.121474	0.284788	-0.000313	0.457092	0.233155	0.858316	-0.534553	0.843304	0.055597	-0.710859	-0.484228	0.510101
51785	6.321454	-0.044421	3.487679	0.053096	0.186818	0.000450	0.458362	0.234084	0.857385	-0.534984	0.843015	0.055844	-0.709716	-0.484284	0.511637
51786	6.635999	0.206938	4.248904	0.357314	-0.025278	0.038258	0.457926	0.234330	0.857551	-0.537766	0.841144	0.057317	-0.707892	-0.487408	0.511196
51787	7.864817	0.135540	4.902499	0.388503	-0.165720	0.023142	0.456575	0.233734	0.858433	-0.540671	0.839157	0.059081	-0.706551	-0.491105	0.509511
51788	8.644469	0.508973	5.345667	0.557548	-0.278056	-0.034375	0.454747	0.232120	0.859840	-0.544523	0.836437	0.062182	-0.704769	-0.496480	0.506763
51789	9.237859	1.709260	6.304422	0.336483	-0.327140	-0.034299	0.452575	0.230223	0.861495	-0.546790	0.834808	0.064157	-0.704412	-0.500092	0.503697
51790	9.110944	2.228167	6.458900	-0.128173	-0.246754	-0.046262	0.451036	0.228650	0.862720	-0.545751	0.835509	0.063884	-0.706203	-0.499644	0.501630
51791	8.806051	1.398709	6.459373	-0.500434	-0.286532	-0.068372	0.449324	0.226671	0.864135	-0.541950	0.838124	0.061950	-0.710210	-0.496153	0.499433
51792	8.889078	0.024318	7.413008	-0.840541	-0.308921	-0.041271	0.447292	0.224846	0.865664	-0.535844	0.842316	0.058091	-0.716101	-0.489844	0.497244
51793	9.649757	-0.805091	8.262563	-1.001489	-0.230287	0.016803	0.445492	0.223890	0.866839	-0.528766	0.847114	0.052952	-0.722456	-0.481945	0.495768
51794	9.747145	-1.139501	7.691639	-0.841547	-0.068621	0.039370	0.444736	0.223951	0.867212	-0.522924	0.851004	0.048408	-0.727159	-0.475014	0.495581
51795	7.973891	-1.304819	6.485661	-0.533037	-0.072584	0.037403	0.443958	0.223948	0.867611	-0.519257	0.853410	0.045423	-0.730256	-0.470679	0.495165
51796	6.839693	-1.466445	5.332733	-0.221952	-0.317562	0.064885	0.441245	0.223073	0.869219	-0.518011	0.854255	0.043727	-0.732780	-0.469559	0.492491
51797	7.288034	-0.610839	4.556501	0.076403	-0.505827	0.094284	0.436991	0.221520	0.871761	-0.519037	0.853656	0.043260	-0.734601	-0.471381	0.488017
51798	7.172043	0.604217	4.326315	0.126971	-0.625214	0.108924	0.431771	0.219565	0.874851	-0.520541	0.852759	0.042885	-0.736622	-0.473912	0.482489
51799	7.438137	0.911327	2.315449	0.009360	-0.821156	0.093928	0.425164	0.216488	0.878845	-0.521063	0.852480	0.042085	-0.740087	-0.475827	0.475248
51800	8.298379	1.132505	-0.481766	0.136945	-1.138832	0.076888	0.416257	0.211770	0.884242	-0.522496	0.851606	0.042012	-0.744129	-0.479500	0.465136
51801	10.355466	1.571564	-1.170905	0.281614	-1.224670	0.041391	0.406851	0.206240	0.889909	-0.524818	0.850132	0.042916	-0.747689	-0.484500	0.454115
51802	11.625327	2.502406	-0.305260	0.074033	-1.108692	-0.097173	0.398996	0.200077	0.894858	-0.525060	0.849923	0.044081	-0.751741	-0.487442	0.444168
51803	11.277258	2.825273	1.540965	-0.404781	-1.009952	-0.276880	0.392765	0.192825	0.899196	-0.520959	0.852407	0.044761	-0.757850	-0.486025	0.435250
51804	9.599192	2.565296	3.636112	-0.632199	-1.049457	-0.396887	0.386778	0.184386	0.903551	-0.514660	0.856182	0.045588	-0.765198	-0.482654	0.426048
51805	8.693632	2.502222	4.808823	-0.847321	-1.192643	-0.418979	0.379683	0.175084	0.908398	-0.506583	0.860974	0.045793	-0.774089	-0.477566	0.415592
51806	9.581799	1.616221	6.387662	-1.383252	-1.222947	-0.369644	0.371947	0.166136	0.913266	-0.494462	0.868112	0.043459	-0.785597	-0.467740	0.405040
51807	11.378531	-1.027119	8.032105	-2.044745	-1.023287	-0.327872	0.365375	0.158592	0.917251	-0.477100	0.878017	0.038238	-0.799297	-0.451592	0.396470
51808	12.345975	-3.045242	8.028858	-1.945370	-0.770965	-0.277420	0.360420	0.152759	0.920197	-0.460490	0.887047	0.033107	-0.811201	-0.435674	0.390054
51809	12.175739	-3.397553	6.831474	-1.508550	-0.738823	-0.200268	0.355246	0.147827	0.923010	-0.447515	0.893803	0.029089	-0.820689	-0.423394	0.383675
51810	11.298799	-4.529020	4.269391	-1.248090	-0.927506	-0.033230	0.347691	0.143700	0.926532	-0.437179	0.899038	0.024620	-0.829449	-0.413620	0.375410
51811	10.551740	-6.081400	2.661873	-0.793809	-1.047873	0.058201	0.338656	0.139946	0.930445	-0.430818	0.902192	0.021109	-0.836486	-0.408001	0.365824
51812	9.141250	-5.286645	1.014476	0.172489	-1.084735	-0.047679	0.329720	0.135142	0.934356	-0.432199	0.901507	0.022125	-0.839338	-0.411123	0.355653
51813	8.771317	-2.908490	-0.975701	1.126799	-1.196674	-0.084506	0.319996	0.129418	0.938538	-0.441428	0.896896	0.026829	-0.838298	-0.422882	0.344132
51814	9.010528	-0.976682	-1.672400	1.723888	-1.269393	-0.137682	0.309939	0.122786	0.942794	-0.455516	0.889582	0.033893	-0.834531	-0.439963	0.331648
51815	9.773213	1.350994	-0.973625	1.845100	-1.306866	-0.225821	0.300052	0.114944	0.946972	-0.470234	0.881542	0.041994	-0.829969	-0.457899	0.318559
51816	9.897855	2.982615	0.467350	1.273300	-1.239477	-0.196630	0.290656	0.107526	0.950767	-0.480299	0.875803	0.047783	-0.827546	-0.470540	0.306202
51817	9.664421	1.845898	1.416418	0.529230	-1.234903	-0.137446	0.281037	0.100499	0.954420	-0.484336	0.873415	0.050648	-0.828514	-0.476494	0.294137
51818	9.735676	-0.137110	2.442768	0.107686	-1.135345	-0.095866	0.272024	0.094293	0.957660	-0.485046	0.872952	0.051825	-0.831104	-0.478607	0.283200
51819	9.002572	-0.143144	2.793577	0.211165	-1.121986	-0.073802	0.262990	0.088285	0.960751	-0.486654	0.871981	0.053085	-0.833069	-0.481514	0.272286
51820	9.576993	1.675560	3.317978	0.168172	-1.090130	-0.076248	0.254212	0.082412	0.963631	-0.487941	0.871191	0.054216	-0.835039	-0.483977	0.261679
51821	10.016083	2.169024	3.118984	-0.193463	-0.977286	-0.095726	0.246444	0.076874	0.966103	-0.486130	0.872179	0.054607	-0.838417	-0.483109	0.252314
51822	9.933548	1.930814	2.665445	-0.393040	-0.885392	-0.123363	0.239544	0.071581	0.968243	-0.482604	0.874124	0.054774	-0.842444	-0.480399	0.243937
51823	9.731842	1.030209	2.141810	-0.496716	-0.822081	-0.145752	0.233244	0.066394	0.970149	-0.478111	0.876578	0.054958	-0.846763	-0.476658	0.236200
51824	9.651710	0.089548	1.904984	-0.364157	-0.792625	-0.149228	0.227174	0.061364	0.971919	-0.474752	0.878367	0.055510	-0.850295	-0.474031	0.228675
51825	9.697742	0.021335	2.020741	-0.035294	-0.793699	-0.144925	0.221048	0.056351	0.973634	-0.474173	0.878597	0.056803	-0.852231	-0.474228	0.220932
51826	9.754266	0.765138	2.152979	0.257235	-0.793710	-0.148136	0.214931	0.051323	0.975280	-0.476118	0.877416	0.058754	-0.852711	-0.476977	0.213019
51827	9.398734	1.430405	2.379428	0.387311	-0.790881	-0.132711	0.208764	0.046394	0.976865	-0.479186	0.875604	0.060821	-0.852525	-0.480797	0.205026
51828	9.827058	1.971193	2.768888	0.354627	-0.734971	-0.098367	0.202917	0.042033	0.978293	-0.482078	0.873900	0.062445	-0.852306	-0.484285	0.197592
51829	9.605780	2.048174	2.861198	0.249668	-0.668867	-0.056691	0.197432	0.038312	0.979568	-0.484138	0.872688	0.063446	-0.852426	-0.486772	0.190845
51830	9.688701	1.606888	2.660834	0.147640	-0.652035	-0.029149	0.191960	0.034921	0.980781	-0.485409	0.871944	0.063959	-0.852953	-0.488358	0.184330
51831	9.433342	0.851249	2.297235	0.090711	-0.630130	-0.007428	0.186561	0.031798	0.981929	-0.486214	0.871481	0.064157	-0.853692	-0.489397	0.178045
51832	9.249947	0.208950	2.644379	0.075094	-0.637924	0.004361	0.181038	0.028752	0.983056	-0.486931	0.871078	0.064195	-0.854472	-0.490302	0.171699
51833	9.571120	-0.022458	2.206305	0.341462	-0.648961	0.030435	0.175288	0.025847	0.984178	-0.489947	0.869368	0.064431	-0.853947	-0.493489	0.165054
51834	9.757994	1.244695	1.956379	0.515756	-0.606471	0.086822	0.169633	0.023636	0.985224	-0.494566	0.866754	0.064359	-0.852425	-0.498176	0.158720
51835	9.557959	2.072977	1.940187	0.438047	-0.579896	0.125024	0.164015	0.021839	0.986216	-0.498550	0.864512	0.063768	-0.851203	-0.502137	0.152681
51836	9.238067	2.306128	1.968036	0.262890	-0.563960	0.137468	0.158475	0.020228	0.987156	-0.501075	0.863126	0.062755	-0.850770	-0.504584	0.146920
51837	9.237421	2.045294	1.619500	0.154737	-0.566419	0.126985	0.152960	0.018482	0.988059	-0.502633	0.862297	0.061682	-0.850860	-0.506066	0.141187
51838	9.011225	1.510039	1.330335	0.087213	-0.587935	0.107508	0.147363	0.016467	0.988945	-0.503598	0.861804	0.060691	-0.851277	-0.506975	0.135291
51839	8.998411	1.081485	1.182942	0.138575	-0.623492	0.094328	0.141521	0.014135	0.989834	-0.504957	0.861063	0.059899	-0.851464	-0.508301	0.128996
51840	9.242772	0.832838	0.991427	0.211713	-0.669625	0.087537	0.135324	0.011512	0.990734	-0.506939	0.859943	0.059250	-0.851293	-0.510260	0.122207
51841	9.268557	0.721339	0.603503	0.291838	-0.695185	0.094090	0.128871	0.008785	0.991622	-0.509589	0.858419	0.058622	-0.850712	-0.512875	0.115102
51842	9.586489	0.334690	0.837882	0.229277	-0.705660	0.115579	0.122226	0.006182	0.992483	-0.511741	0.857201	0.057683	-0.850401	-0.514944	0.107936
51843	9.617924	-0.433396	0.854753	0.170951	-0.682715	0.152264	0.115582	0.003986	0.993290	-0.513417	0.856290	0.056306	-0.850320	-0.516480	0.101018
51844	9.430215	0.814060	1.615006	0.419064	-0.718311	0.190744	0.108443	0.001927	0.994101	-0.517248	0.854081	0.054769	-0.848937	-0.520136	0.093616
51845	9.456480	1.837729	1.839090	0.347929	-0.712907	0.213042	0.101230	0.000045	0.994863	-0.520464	0.852242	0.052920	-0.847862	-0.523147	0.086296
51846	9.566724	2.507722	2.277637	0.266712	-0.683720	0.213828	0.094268	-0.001687	0.995545	-0.522988	0.850815	0.050964	-0.847111	-0.525463	0.079322
51847	9.863613	2.107482	2.290002	0.031483	-0.648607	0.204613	0.087642	-0.003336	0.996146	-0.523481	0.850632	0.048905	-0.847518	-0.525750	0.072805
51848	9.473341	1.202040	2.289148	-0.146176	-0.598533	0.174668	0.081601	-0.004964	0.996653	-0.522441	0.851378	0.047015	-0.848762	-0.524529	0.066880
51849	8.975241	0.153728	1.418563	0.071076	-0.668449	0.184260	0.074905	-0.006884	0.997167	-0.523228	0.850994	0.045179	-0.848894	-0.525130	0.060141
51850	9.200836	0.768640	0.888141	0.397788	-0.751152	0.196032	0.067454	-0.009145	0.997680	-0.526794	0.848884	0.043398	-0.847312	-0.528499	0.052444
51851	9.317509	1.424250	0.642073	0.379050	-0.791658	0.211796	0.059574	-0.011526	0.998157	-0.530176	0.846875	0.041422	-0.845792	-0.531667	0.044341
51852	8.963925	1.507255	0.466643	0.290942	-0.875969	0.216607	0.050968	-0.014334	0.998597	-0.532806	0.845323	0.039327	-0.844701	-0.534063	0.035447
51853	8.958343	1.006208	0.703856	0.194281	-0.963079	0.237131	0.041510	-0.017462	0.998985	-0.534594	0.844300	0.036972	-0.844089	-0.535586	0.025712
51854	9.048074	0.407292	1.245094	0.241520	-1.027636	0.271300	0.031338	-0.020661	0.999295	-0.536777	0.843028	0.034263	-0.843142	-0.537472	0.015329
51855	9.214632	0.612837	2.161032	0.448235	-1.071023	0.295059	0.020670	-0.023934	0.999500	-0.540665	0.840655	0.031312	-0.840984	-0.541041	0.004437
51856	9.246684	0.772435	3.421753	0.469753	-1.041197	0.290920	0.010297	-0.027118	0.999579	-0.544704	0.838149	0.028350	-0.838565	-0.544766	-0.006141
51857	8.924929	0.525454	3.695030	0.583683	-1.002534	0.308657	0.000157	-0.030002	0.999550	-0.549641	0.835022	0.025150	-0.835401	-0.549397	-0.016359
51858	9.102724	1.043130	3.760849	0.712262	-0.986389	0.330308	-0.009937	-0.032667	0.999417	-0.555614	0.831159	0.021644	-0.831381	-0.555074	-0.026409
51859	9.120526	1.093533	3.360427	0.721582	-0.957733	0.330166	-0.019783	-0.035256	0.999182	-0.561583	0.827223	0.018069	-0.827184	-0.560766	-0.036164
51860	9.381816	0.885806	3.206751	0.724961	-0.915809	0.341440	-0.029313	-0.037568	0.998864	-0.567537	0.823224	0.014307	-0.822826	-0.566473	-0.045452
51861	9.385613	0.768044	3.417577	0.788310	-0.874935	0.345319	-0.038522	-0.039700	0.998469	-0.573920	0.818845	0.010415	-0.818005	-0.572640	-0.054328
51862	9.646251	1.285181	3.881839	0.941815	-0.832584	0.356035	-0.047408	-0.041560	0.998011	-0.581504	0.813520	0.006254	-0.812161	-0.580051	-0.062734
51863	10.432197	2.457420	5.006925	0.966711	-0.705360	0.343079	-0.055184	-0.042881	0.997555	-0.589182	0.807998	0.002140	-0.806114	-0.587623	-0.069853
51864	11.259481	3.702264	6.258844	0.847703	-0.512983	0.308531	-0.061172	-0.043391	0.997184	-0.595876	0.803075	-0.001610	-0.800743	-0.594296	-0.074981
51865	12.831199	4.499469	7.523392	0.658496	-0.283806	0.273842	-0.065138	-0.042876	0.996955	-0.600993	0.799239	-0.004894	-0.796595	-0.599482	-0.077830
51866	15.606839	5.159225	8.818002	0.538203	-0.020901	0.240625	-0.066791	-0.041045	0.996922	-0.605180	0.796050	-0.007770	-0.793282	-0.603837	-0.078008
51867	17.811652	5.294625	9.872922	0.512520	0.375240	0.186452	-0.065012	-0.037276	0.997188	-0.609146	0.792994	-0.010070	-0.790389	-0.608088	-0.074261
51868	16.264152	3.148426	10.611771	-0.084402	0.915898	0.185292	-0.058923	-0.030196	0.997806	-0.608439	0.793512	-0.011916	-0.791411	-0.607806	-0.065128
51869	13.042106	0.948462	9.789198	-0.558139	1.280306	0.208756	-0.050090	-0.020766	0.998529	-0.603927	0.796921	-0.013722	-0.795464	-0.603726	-0.052459
51870	12.197407	-0.149427	7.960519	-0.459029	1.397479	0.246042	-0.040453	-0.010333	0.999128	-0.600250	0.799652	-0.016034	-0.798789	-0.600375	-0.038551
51871	11.902181	-0.064860	6.406939	-0.231979	1.610953	0.247650	-0.029115	0.001322	0.999575	-0.598341	0.801029	-0.018487	-0.800713	-0.598625	-0.022531
51872	11.554909	0.369038	5.488275	-0.282652	1.950513	0.194108	-0.014653	0.014599	0.999786	-0.596142	0.802619	-0.020457	-0.802746	-0.596314	-0.003058
51873	11.111072	0.879119	5.238293	-0.483633	2.289094	0.075327	0.003249	0.028820	0.999579	-0.592281	0.805450	-0.021298	-0.805725	-0.591963	0.019686
51874	9.337558	1.203628	3.655064	-0.986107	2.191043	-0.088231	0.021460	0.041060	0.998926	-0.584418	0.811187	-0.020788	-0.811169	-0.583344	0.041405
51875	11.964557	1.013224	0.235769	-1.050908	1.966083	-0.217003	0.038662	0.050686	0.997966	-0.575835	0.817341	-0.019204	-0.816652	-0.573921	0.060786
51876	13.612912	1.008529	-0.659307	-0.529839	2.056948	-0.280421	0.057072	0.060220	0.996552	-0.571490	0.820436	-0.016849	-0.818622	-0.568558	0.081239
51877	13.697854	0.680756	-0.459443	-0.601164	2.128112	-0.337473	0.076374	0.069495	0.994654	-0.566376	0.824027	-0.014085	-0.820601	-0.562272	0.102295
51878	14.987275	1.259800	-2.529095	-0.345193	2.239348	-0.378147	0.096864	0.078997	0.992158	-0.563333	0.826160	-0.010782	-0.820533	-0.557870	0.124527
51879	12.937246	2.190937	-3.395434	-0.501607	2.234560	-0.446814	0.117652	0.087716	0.989173	-0.558776	0.829288	-0.007077	-0.820930	-0.551894	0.146581
51880	12.736800	1.738699	-2.328483	-0.810476	2.119041	-0.476093	0.137687	0.095433	0.985868	-0.551612	0.834092	-0.003702	-0.822658	-0.543307	0.167486
51881	14.746678	0.539535	-2.060090	-1.321278	2.108770	-0.422756	0.157328	0.103229	0.982136	-0.540134	0.841577	-0.001932	-0.826743	-0.530181	0.188161
51882	14.439418	-1.746471	-2.531892	-1.559453	2.234128	-0.354945	0.177718	0.111964	0.977691	-0.526706	0.850046	-0.001605	-0.831262	-0.514670	0.210041
51883	12.312194	-3.294567	-2.757254	-1.244571	2.331351	-0.347666	0.198877	0.120863	0.972543	-0.515737	0.856747	-0.001008	-0.833345	-0.501376	0.232721
51884	10.626338	-3.596964	-2.888201	-0.482439	2.310271	-0.305391	0.219643	0.129811	0.966905	-0.511177	0.859475	0.000731	-0.830936	-0.494421	0.255134
51885	9.654250	-2.968487	-2.717581	0.166772	2.251606	-0.231209	0.239411	0.138962	0.960923	-0.512074	0.858935	0.003368	-0.824902	-0.492870	0.276797
51886	9.291069	-2.762947	-2.818738	0.434970	2.185070	-0.172916	0.258207	0.148323	0.954636	-0.515311	0.856981	0.006229	-0.817181	-0.493542	0.297711
51887	9.330404	-2.614948	-2.898227	0.663829	2.117630	-0.141033	0.276089	0.157616	0.948120	-0.520376	0.853883	0.009581	-0.808074	-0.496024	0.317767
51888	9.294864	-1.873308	-3.066774	0.942334	2.045463	-0.137226	0.293190	0.166709	0.941408	-0.527643	0.849352	0.013921	-0.797266	-0.500808	0.336984
51889	9.014627	-0.886724	-3.134313	1.181236	1.952271	-0.180815	0.309541	0.175042	0.934636	-0.536492	0.843676	0.019674	-0.785086	-0.507515	0.355061
51890	8.589029	-0.136137	-3.225897	1.213420	1.829304	-0.243999	0.325069	0.182397	0.927934	-0.545255	0.837857	0.026319	-0.772675	-0.514516	0.371814
51891	8.106078	0.187534	-3.273536	1.043507	1.722888	-0.313967	0.339949	0.188707	0.921317	-0.552263	0.833010	0.033156	-0.761209	-0.520081	0.387397
51892	7.681546	0.260123	-3.182553	0.789481	1.625027	-0.372106	0.354259	0.194141	0.914773	-0.557016	0.829554	0.039658	-0.751155	-0.523592	0.402017
51893	7.345260	0.454409	-2.761664	0.555066	1.520455	-0.403510	0.367812	0.198790	0.908403	-0.559754	0.827404	0.045579	-0.742556	-0.525247	0.415603
51894	7.331268	0.434440	-2.015859	0.238450	1.432244	-0.418142	0.380698	0.202883	0.902168	-0.560015	0.826951	0.050348	-0.735834	-0.524395	0.428436
51895	6.914888	-0.547469	-1.127092	-0.236921	1.421284	-0.419723	0.393414	0.206846	0.895790	-0.556702	0.829016	0.053066	-0.731648	-0.519565	0.441298
51896	6.410599	-1.797294	-0.181413	-0.683806	1.410088	-0.410943	0.405950	0.210723	0.889269	-0.550119	0.833361	0.053653	-0.729777	-0.510984	0.454226
51897	5.958165	-2.585262	0.388837	-0.877351	1.324115	-0.403681	0.417758	0.214068	0.882980	-0.542107	0.838626	0.053169	-0.729107	-0.500881	0.466391
51898	5.833552	-2.238671	0.748045	-0.704386	1.112634	-0.385106	0.427896	0.216387	0.877543	-0.535405	0.842917	0.053218	-0.728180	-0.492613	0.476536
51899	5.784247	-1.402916	0.949907	-0.542056	0.869506	-0.346094	0.436013	0.217741	0.873202	-0.530017	0.846290	0.053622	-0.727306	-0.486192	0.484400
51900	5.605079	-0.843286	1.051864	-0.364715	0.619319	-0.306830	0.442090	0.218171	0.870033	-0.526081	0.848686	0.054499	-0.726495	-0.481801	0.489971
51901	5.786838	0.082534	1.221430	-0.158727	0.357864	-0.314348	0.446284	0.217243	0.868122	-0.523585	0.850103	0.056430	-0.725734	-0.479719	0.493132
51902	6.188497	1.141370	1.460548	-0.210663	0.158085	-0.338163	0.449151	0.215155	0.867163	-0.520602	0.851806	0.058304	-0.726111	-0.477634	0.494599
51903	6.823952	1.730975	1.817302	-0.358134	0.007847	-0.349902	0.450968	0.212229	0.866941	-0.516477	0.854229	0.059545	-0.727928	-0.474608	0.494841
51904	7.965691	1.783465	2.258062	-0.466829	-0.096940	-0.339326	0.451961	0.208893	0.867234	-0.511595	0.857118	0.060162	-0.730755	-0.470863	0.494252
51905	8.955921	1.151273	3.067806	-0.401294	-0.081998	-0.309695	0.452885	0.205873	0.867475	-0.507309	0.859613	0.060845	-0.733166	-0.467634	0.493747
51906	9.223852	0.065168	4.047900	-0.247918	-0.049444	-0.269637	0.453842	0.203341	0.867571	-0.504316	0.861294	0.061947	-0.734638	-0.465645	0.493439
51907	9.452642	-0.948895	4.756105	0.051671	-0.144258	-0.196232	0.453717	0.201001	0.868182	-0.503859	0.861420	0.063884	-0.735028	-0.466426	0.492118
51908	9.507593	-0.663872	5.704817	0.439048	-0.222225	-0.136796	0.452731	0.198804	0.869202	-0.506514	0.859608	0.067212	-0.733811	-0.470692	0.489868
51909	9.299834	-0.775902	6.709045	0.420605	-0.333510	-0.111587	0.450798	0.196291	0.870776	-0.509148	0.857810	0.070216	-0.733177	-0.475007	0.486640
51910	9.310698	-1.406770	7.812552	0.563032	-0.478399	-0.071481	0.447611	0.193420	0.873060	-0.513009	0.855226	0.073547	-0.732438	-0.480808	0.482035
51911	10.086658	-0.380271	9.199675	0.757483	-0.546857	-0.021278	0.443666	0.190610	0.875688	-0.518510	0.851567	0.077343	-0.730964	-0.488367	0.476644
51912	11.031037	1.138872	9.716248	0.370982	-0.386002	0.019190	0.440697	0.188917	0.877551	-0.521372	0.849673	0.078911	-0.730724	-0.492306	0.472944
51913	10.225113	1.832454	9.378363	-0.264215	-0.136414	0.030076	0.439488	0.188524	0.878242	-0.519623	0.850885	0.077377	-0.732695	-0.490361	0.471915
51914	8.621856	2.255899	8.455469	-0.652348	-0.007557	0.018539	0.439289	0.188688	0.878306	-0.514984	0.853990	0.074108	-0.736082	-0.484869	0.472320
51915	7.553753	1.964149	7.214460	-0.901297	0.070284	-0.008927	0.439800	0.188972	0.877990	-0.508344	0.858312	0.069902	-0.740380	-0.477064	0.473548
51916	6.447496	1.014482	6.375979	-0.845087	0.177835	-0.001087	0.441080	0.189849	0.877158	-0.502140	0.862274	0.065874	-0.743844	-0.469512	0.475662
51917	5.894132	0.471548	4.438436	-0.479020	0.004966	0.045509	0.440835	0.190288	0.877186	-0.498825	0.864397	0.063174	-0.746215	-0.465412	0.475977
51918	6.317077	1.230989	2.824182	-0.289294	-0.291288	0.096658	0.438132	0.189820	0.878640	-0.497163	0.865516	0.060924	-0.748913	-0.463520	0.473581
51919	6.717519	0.731139	-0.268685	-0.457129	-0.672798	0.184368	0.432108	0.188331	0.881938	-0.494583	0.867251	0.057127	-0.754103	-0.460876	0.467891
51920	8.354845	-0.355731	-3.733407	-0.113540	-1.182686	0.195705	0.422143	0.184613	0.887532	-0.494629	0.867372	0.054844	-0.759696	-0.462151	0.457470
51921	10.697920	-0.238517	-3.864385	0.078391	-1.352223	0.074705	0.411411	0.179013	0.893698	-0.495591	0.866844	0.054509	-0.764939	-0.465334	0.445346
51922	11.812224	0.329573	-2.372811	-0.179235	-1.290339	-0.102955	0.401964	0.172141	0.899329	-0.493853	0.867828	0.054621	-0.771060	-0.466093	0.433847
51923	11.062481	0.571175	1.028857	-0.506659	-1.163364	-0.263414	0.394192	0.164466	0.904192	-0.488933	0.870599	0.054800	-0.778176	-0.463691	0.423596
51924	10.078877	0.942287	5.284093	-0.872992	-1.034742	-0.365346	0.387820	0.156530	0.908347	-0.480723	0.875182	0.054431	-0.786448	-0.457773	0.414661
51925	9.250698	1.762556	7.430985	-1.234287	-0.991011	-0.381414	0.381736	0.148713	0.912229	-0.469541	0.881330	0.052810	-0.796121	-0.448488	0.406263
51926	9.951627	0.966610	6.672460	-1.432263	-1.106751	-0.320288	0.374302	0.141000	0.916524	-0.456899	0.888114	0.049966	-0.806933	-0.437462	0.396846
51927	13.006149	-1.089618	7.009711	-1.665729	-1.135643	-0.268527	0.366225	0.133738	0.920866	-0.442419	0.895635	0.045875	-0.818624	-0.424209	0.387172
51928	13.779444	-4.226038	6.751449	-2.164354	-0.878356	-0.112142	0.359419	0.129112	0.924201	-0.424212	0.904741	0.038582	-0.831181	-0.405924	0.379952
51929	10.593844	-8.184043	5.864304	-2.160851	-0.740792	0.189911	0.352376	0.127928	0.927074	-0.406854	0.913044	0.028652	-0.842793	-0.387280	0.373783
51930	7.440279	-11.231388	3.009966	-0.539391	-0.935976	0.187688	0.343653	0.126089	0.930593	-0.403025	0.914851	0.024875	-0.848218	-0.383601	0.365209
51931	7.850560	-6.363712	1.714525	2.146372	-1.234294	0.099215	0.332750	0.122155	0.935070	-0.421570	0.906244	0.031629	-0.843538	-0.404722	0.353049
51932	9.038602	-0.030110	0.474383	3.266942	-1.221408	-0.122773	0.322987	0.115995	0.939268	-0.448665	0.892614	0.044050	-0.833294	-0.435644	0.340346
51933	10.239585	6.933890	-0.923464	3.701467	-1.103488	-0.225413	0.314856	0.109030	0.942856	-0.478592	0.876086	0.058511	-0.819643	-0.469666	0.328022
51934	9.370028	9.292234	0.907364	1.463256	-1.069135	-0.040483	0.306253	0.103639	0.946292	-0.490518	0.869110	0.063563	-0.815844	-0.483640	0.317004
51935	10.835537	3.286419	0.493341	-0.446288	-0.921107	-0.108376	0.299189	0.098277	0.949119	-0.486588	0.871345	0.063162	-0.820803	-0.480728	0.308517
51936	10.291169	-2.352465	0.321677	-1.033454	-0.816826	0.135627	0.291746	0.095606	0.951706	-0.478532	0.876107	0.058683	-0.828185	-0.472542	0.301351
51937	9.223046	-6.239414	-0.850324	0.110958	-0.907027	0.218651	0.283121	0.093250	0.954540	-0.480130	0.875350	0.056895	-0.830252	-0.474412	0.292602
51938	9.611068	-0.376044	1.328710	1.997519	-1.134988	-0.193320	0.274621	0.086122	0.957688	-0.496183	0.865825	0.064422	-0.823642	-0.492880	0.280506
51939	10.412913	4.014131	3.125585	1.210138	-1.036925	-0.158418	0.266834	0.079607	0.960449	-0.505750	0.859897	0.069236	-0.820376	-0.504221	0.269711
51940	10.064300	3.206477	2.198401	0.002407	-1.001755	-0.028356	0.258689	0.074346	0.963095	-0.505762	0.859872	0.069470	-0.822974	-0.505068	0.260041
51941	9.817058	3.111332	1.714113	-0.078652	-0.972887	-0.044069	0.250834	0.069075	0.965563	-0.505049	0.860275	0.069659	-0.825838	-0.505129	0.250672
51942	9.804486	2.344265	1.658892	-0.502493	-0.937154	-0.031288	0.243172	0.064119	0.967861	-0.500867	0.862795	0.068683	-0.830662	-0.501472	0.241923
51943	10.021165	0.935112	1.282349	-0.492916	-0.890921	-0.021726	0.235803	0.059502	0.969978	-0.496757	0.865247	0.067685	-0.835242	-0.497803	0.233586
51944	9.693493	0.572132	1.307180	-0.116144	-0.886477	-0.021696	0.228438	0.054931	0.972008	-0.495788	0.865810	0.067589	-0.837861	-0.497349	0.225018
51945	9.631700	1.696193	1.837168	0.252382	-0.888282	-0.028297	0.221075	0.050278	0.973960	-0.497886	0.864542	0.068384	-0.838591	-0.500039	0.216162
51946	9.620517	2.692706	1.966700	0.391445	-0.873730	-0.022747	0.213806	0.045720	0.975806	-0.501169	0.862562	0.069395	-0.838520	-0.503881	0.207334
51947	9.669041	3.202150	1.845873	0.319397	-0.827170	0.010013	0.206761	0.041647	0.977505	-0.503915	0.860920	0.069908	-0.838641	-0.507034	0.198991
51948	9.603659	2.628526	1.306898	0.105610	-0.772161	0.070220	0.199871	0.038350	0.979071	-0.504987	0.860333	0.069391	-0.839667	-0.508287	0.191322
51949	9.247481	1.950162	0.531692	0.013578	-0.786182	0.110941	0.192646	0.035328	0.980632	-0.505364	0.860200	0.068290	-0.841127	-0.508732	0.183567
51950	9.040905	1.641346	0.428807	-0.056326	-0.861039	0.152976	0.184566	0.032278	0.982290	-0.505214	0.860416	0.066654	-0.843027	-0.508569	0.175110
51951	9.069891	1.413501	1.134306	-0.195758	-0.926432	0.162288	0.175867	0.028991	0.983987	-0.503899	0.861337	0.064684	-0.845670	-0.507205	0.166089
