// General information: 
//  MT Manager version: 2022.2.0 
//  XDA version: 2022.2.0 build 7381 rev 124627 built on 2023-07-19
// Device information: 
//  DeviceId: 00B4CAF0
//  ProductCode: MTW2-3A7G6
//  Firmware Version: 4.6.0
//  Hardware Version: 2.0.0
// Device settings: 
//  Filter Profile: human(46.1)
//  Option Flags: Orientation Smoother Disabled, Position/Velocity Smoother Disabled, Continuous Zero Rotation Update Disabled, AHS Disabled, ICC Disabled
// Coordinate system: ENU
PacketCounter	Acc_X	Acc_Y	Acc_Z	Gyr_X	Gyr_Y	Gyr_Z	Mat[1][1]	Mat[2][1]	Mat[3][1]	Mat[1][2]	Mat[2][2]	Mat[3][2]	Mat[1][3]	Mat[2][3]	Mat[3][3]
64490	4.509915	0.339953	9.210911	0.006425	0.004528	0.004174	-0.877012	-0.163981	0.451620	0.203499	-0.978259	0.039979	0.435245	0.126966	0.891314
64491	4.504007	0.344065	9.245035	0.006713	0.006386	0.003315	-0.877063	-0.163993	0.451516	0.203508	-0.978256	0.040004	0.435138	0.126973	0.891366
64492	4.485284	0.345222	9.207113	0.004201	0.004946	0.001474	-0.877067	-0.163965	0.451519	0.203493	-0.978257	0.040036	0.435137	0.126995	0.891363
64493	4.503450	0.363380	9.261284	0.002538	0.011095	0.003320	-0.877138	-0.163983	0.451374	0.203484	-0.978260	0.040024	0.434997	0.126954	0.891437
64494	4.466389	0.365233	9.185268	0.008655	0.003437	0.004788	-0.877129	-0.163986	0.451391	0.203518	-0.978251	0.040081	0.435001	0.127022	0.891426
64495	4.513756	0.375539	9.209718	0.004772	0.009332	0.001845	-0.877195	-0.163987	0.451261	0.203506	-0.978252	0.040095	0.434873	0.127005	0.891491
64496	4.477215	0.350204	9.242248	0.004196	0.005617	0.003563	-0.877198	-0.163980	0.451259	0.203509	-0.978251	0.040117	0.434866	0.127026	0.891491
64497	4.481402	0.328129	9.192948	0.005602	0.006592	0.001967	-0.877252	-0.163979	0.451154	0.203501	-0.978252	0.040139	0.434761	0.127022	0.891543
64498	4.506418	0.380326	9.244503	0.007002	0.008240	0.002459	-0.877268	-0.163965	0.451128	0.203507	-0.978248	0.040191	0.434725	0.127066	0.891554
64499	4.498989	0.346979	9.247369	0.005309	0.005407	0.004914	-0.877310	-0.163991	0.451036	0.203524	-0.978244	0.040197	0.434631	0.127062	0.891600
64500	4.504322	0.362476	9.229498	0.007579	0.011952	0.000742	-0.877346	-0.163965	0.450976	0.203517	-0.978243	0.040262	0.434562	0.127105	0.891628
64501	4.502544	0.344251	9.214357	0.005057	0.011858	0.003075	-0.877420	-0.163982	0.450826	0.203517	-0.978243	0.040274	0.434413	0.127088	0.891703
64502	4.473369	0.371391	9.260002	0.004197	0.005615	0.003564	-0.877423	-0.163975	0.450823	0.203520	-0.978241	0.040296	0.434406	0.127109	0.891703
64503	4.501079	0.344651	9.215057	0.002251	0.009234	0.004179	-0.877483	-0.163999	0.450698	0.203518	-0.978242	0.040278	0.434286	0.127068	0.891768
64504	4.471314	0.353061	9.244995	0.007827	0.006171	0.004671	-0.877485	-0.164003	0.450691	0.203547	-0.978234	0.040328	0.434267	0.127124	0.891769
64505	4.506689	0.379053	9.213034	0.005309	0.005404	0.004916	-0.877527	-0.164029	0.450600	0.203564	-0.978231	0.040333	0.434175	0.127119	0.891814
64506	4.499249	0.345517	9.215919	0.003369	0.008351	0.003443	-0.877542	-0.164025	0.450573	0.203562	-0.978230	0.040349	0.434146	0.127128	0.891827
64507	4.469530	0.353840	9.245829	0.003085	0.005822	0.002214	-0.877591	-0.164025	0.450478	0.203546	-0.978234	0.040347	0.434055	0.127101	0.891875
64508	4.491769	0.330934	9.234797	0.006994	0.009579	0.006638	-0.877604	-0.164053	0.450442	0.203588	-0.978223	0.040381	0.434008	0.127143	0.891892
64509	4.496940	0.346290	9.217016	0.005060	0.011853	0.003078	-0.877677	-0.164069	0.450294	0.203588	-0.978223	0.040392	0.433861	0.127126	0.891966
64510	4.473211	0.369744	9.228744	0.004198	0.005612	0.003566	-0.877679	-0.164063	0.450291	0.203592	-0.978221	0.040415	0.433854	0.127147	0.891967
64511	4.466455	0.354964	9.247271	0.005593	0.007930	0.006147	-0.877729	-0.164104	0.450180	0.203621	-0.978215	0.040417	0.433741	0.127142	0.892022
64512	4.512989	0.346141	9.256205	0.000852	0.007584	0.003688	-0.877739	-0.164101	0.450160	0.203611	-0.978218	0.040410	0.433724	0.127127	0.892033
64513	4.488775	0.350662	9.252193	0.004198	0.005611	0.003567	-0.877784	-0.164113	0.450069	0.203611	-0.978217	0.040411	0.433634	0.127112	0.892079
64514	4.463880	0.336455	9.232533	0.000852	0.007583	0.003688	-0.877795	-0.164110	0.450050	0.203601	-0.978220	0.040404	0.433617	0.127097	0.892089
64515	4.487583	0.350994	9.252758	0.007833	0.005493	0.002588	-0.877840	-0.164113	0.449960	0.203609	-0.978217	0.040442	0.433521	0.127118	0.892133
64516	4.516271	0.343042	9.223366	-0.000833	0.003409	0.001966	-0.877836	-0.164088	0.449976	0.203576	-0.978224	0.040427	0.433544	0.127093	0.892125
64517	4.485862	0.332486	9.237612	0.004767	0.010665	0.006027	-0.877897	-0.164131	0.449842	0.203600	-0.978219	0.040423	0.433410	0.127075	0.892193
64518	4.486346	0.370094	9.269316	0.002260	0.008556	0.002094	-0.877915	-0.164114	0.449813	0.203582	-0.978222	0.040435	0.433381	0.127072	0.892207
64519	4.491070	0.366528	9.235793	0.004483	0.008136	0.004798	-0.877967	-0.164141	0.449702	0.203595	-0.978220	0.040434	0.433270	0.127057	0.892263
64520	4.512542	0.324714	9.209203	0.002254	0.009227	0.004182	-0.877984	-0.164145	0.449667	0.203595	-0.978220	0.040436	0.433236	0.127052	0.892280
64521	4.490125	0.385391	9.252218	0.002255	0.009227	0.004183	-0.878041	-0.164168	0.449546	0.203593	-0.978221	0.040418	0.433120	0.127013	0.892342
64522	4.464224	0.352414	9.217071	0.001434	0.011291	0.001972	-0.878072	-0.164153	0.449493	0.203570	-0.978226	0.040423	0.433070	0.126998	0.892369
64523	4.511174	0.362243	9.241813	0.001144	0.009435	0.002831	-0.878133	-0.164163	0.449370	0.203551	-0.978230	0.040401	0.432955	0.126947	0.892432
64524	4.486197	0.348238	9.222177	0.006723	0.005699	0.001240	-0.878140	-0.164134	0.449366	0.203544	-0.978229	0.040457	0.432942	0.126993	0.892431
64525	4.492281	0.382304	9.219934	0.002546	0.011080	0.003325	-0.878207	-0.164151	0.449229	0.203536	-0.978232	0.040445	0.432811	0.126953	0.892501
64526	4.508458	0.344195	9.227144	0.003617	0.001897	0.005287	-0.878190	-0.164156	0.449260	0.203551	-0.978228	0.040455	0.432838	0.126975	0.892484
64527	4.491854	0.401332	9.236095	0.005885	0.009777	0.005295	-0.878247	-0.164190	0.449137	0.203574	-0.978223	0.040464	0.432712	0.126970	0.892546
64528	4.483544	0.348965	9.223440	0.000854	0.007579	0.003690	-0.878258	-0.164187	0.449117	0.203564	-0.978225	0.040456	0.432695	0.126955	0.892557
64529	4.477346	0.352614	9.257655	0.000854	0.007579	0.003690	-0.878308	-0.164203	0.449013	0.203551	-0.978229	0.040428	0.432599	0.126905	0.892610
64530	4.482819	0.367672	9.239756	0.004484	0.008131	0.004802	-0.878319	-0.164212	0.448988	0.203567	-0.978225	0.040448	0.432570	0.126925	0.892622
64531	4.464611	0.387057	9.217563	-0.001380	0.009341	0.005162	-0.878374	-0.164244	0.448869	0.203557	-0.978229	0.040393	0.432463	0.126851	0.892684
64532	4.509898	0.340551	9.195256	0.003908	0.003750	0.004430	-0.878366	-0.164243	0.448884	0.203567	-0.978227	0.040409	0.432473	0.126872	0.892676
64533	4.475251	0.371358	9.274627	0.002548	0.011076	0.003327	-0.878432	-0.164260	0.448749	0.203558	-0.978229	0.040398	0.432344	0.126833	0.892744
64534	4.503770	0.363201	9.245386	0.001396	0.002316	0.002583	-0.878422	-0.164239	0.448776	0.203540	-0.978233	0.040400	0.432372	0.126832	0.892731
64535	4.485891	0.382772	9.223025	0.004485	0.008129	0.004803	-0.878472	-0.164266	0.448669	0.203553	-0.978230	0.040399	0.432265	0.126817	0.892785
64536	4.508118	0.359619	9.212079	0.000855	0.007577	0.003691	-0.878483	-0.164263	0.448649	0.203543	-0.978233	0.040391	0.432248	0.126802	0.892795
64537	4.448436	0.357483	9.255856	0.007004	0.008890	0.004563	-0.878536	-0.164288	0.448535	0.203564	-0.978227	0.040414	0.432130	0.126811	0.892851
64538	4.501806	0.382526	9.262277	0.001972	0.006694	0.002956	-0.878544	-0.164277	0.448523	0.203553	-0.978229	0.040420	0.432118	0.126808	0.892857
64539	4.482386	0.364612	9.208748	0.003375	0.008338	0.003451	-0.878597	-0.164291	0.448415	0.203549	-0.978230	0.040415	0.432013	0.126783	0.892912
64540	4.469962	0.353469	9.261189	0.001973	0.006694	0.002956	-0.878605	-0.164280	0.448402	0.203537	-0.978233	0.040421	0.432001	0.126780	0.892917
64541	4.475533	0.368466	9.243256	0.001966	0.007365	0.005045	-0.878651	-0.164308	0.448303	0.203541	-0.978233	0.040397	0.431908	0.126743	0.892968
64542	4.497849	0.345464	9.232273	0.006720	0.006363	0.003335	-0.878657	-0.164300	0.448294	0.203553	-0.978228	0.040443	0.431889	0.126787	0.892971
64543	4.468917	0.372750	9.277625	0.003908	0.003747	0.004433	-0.878687	-0.164317	0.448228	0.203560	-0.978227	0.040439	0.431824	0.126774	0.893004
64544	4.497732	0.364685	9.248266	0.003908	0.003747	0.004433	-0.878680	-0.164317	0.448243	0.203569	-0.978224	0.040455	0.431835	0.126795	0.892996
64545	4.467548	0.354266	9.262324	0.002791	0.004628	0.005169	-0.878713	-0.164342	0.448169	0.203578	-0.978223	0.040438	0.431764	0.126771	0.893034
64546	4.478952	0.365613	9.210379	0.005019	0.003536	0.005787	-0.878702	-0.164355	0.448186	0.203604	-0.978217	0.040458	0.431774	0.126803	0.893024
64547	4.502816	0.380096	9.230557	0.004201	0.005600	0.003575	-0.878741	-0.164366	0.448104	0.203605	-0.978217	0.040461	0.431693	0.126791	0.893065
64548	4.477844	0.366073	9.210899	0.004779	0.009977	0.003948	-0.878762	-0.164368	0.448063	0.203614	-0.978214	0.040487	0.431647	0.126810	0.893085
64549	4.501071	0.362046	9.215429	0.008084	-0.001635	0.002352	-0.878773	-0.164358	0.448046	0.203620	-0.978211	0.040530	0.431622	0.126848	0.893091
64550	4.525201	0.376625	9.235475	0.001681	0.004838	0.003815	-0.878771	-0.164353	0.448050	0.203615	-0.978212	0.040529	0.431627	0.126845	0.893089
64551	4.470785	0.352016	9.229515	0.006136	0.002653	0.005053	-0.878795	-0.164375	0.447996	0.203637	-0.978207	0.040542	0.431569	0.126857	0.893116
64552	4.470633	0.352303	9.229578	0.004733	0.001010	0.004558	-0.878775	-0.164372	0.448035	0.203651	-0.978203	0.040565	0.431602	0.126891	0.893095
64553	4.500837	0.381971	9.231445	0.007839	0.005476	0.002602	-0.878816	-0.164373	0.447955	0.203659	-0.978199	0.040605	0.431515	0.126914	0.893133
64554	4.476905	0.386973	9.227215	0.006143	0.001981	0.002965	-0.878804	-0.164356	0.447985	0.203665	-0.978196	0.040648	0.431537	0.126960	0.893116
64555	4.493445	0.349026	9.234283	0.003616	0.001892	0.005293	-0.878823	-0.164379	0.447939	0.203679	-0.978194	0.040638	0.431491	0.126949	0.893140
64556	4.499323	0.364495	9.216186	0.011469	0.006024	0.003718	-0.878827	-0.164374	0.447933	0.203714	-0.978183	0.040725	0.431466	0.127040	0.893139
64557	4.451789	0.374335	9.207569	0.010891	0.001646	0.003346	-0.878849	-0.164377	0.447889	0.203742	-0.978175	0.040788	0.431409	0.127101	0.893158
64558	4.516028	0.346451	9.239080	0.004202	0.005597	0.003576	-0.878851	-0.164371	0.447886	0.203745	-0.978173	0.040811	0.431402	0.127122	0.893159
64559	4.498945	0.385094	9.232237	0.007554	0.002950	0.001373	-0.878883	-0.164356	0.447830	0.203741	-0.978172	0.040854	0.431340	0.127147	0.893185
64560	4.491077	0.333008	9.219394	0.003909	0.003744	0.004435	-0.878875	-0.164356	0.447845	0.203750	-0.978169	0.040870	0.431351	0.127168	0.893177
64561	4.474058	0.371571	9.212519	0.007547	0.003620	0.003462	-0.878905	-0.164363	0.447784	0.203765	-0.978165	0.040904	0.431284	0.127193	0.893206
64562	4.479338	0.368196	9.178777	0.005027	0.002861	0.003701	-0.878896	-0.164354	0.447806	0.203773	-0.978162	0.040933	0.431300	0.127226	0.893193
64563	4.490796	0.352868	9.235426	0.005320	0.004713	0.002842	-0.878931	-0.164356	0.447736	0.203772	-0.978162	0.040949	0.431228	0.127228	0.893228
64564	4.491131	0.372151	9.251176	0.008664	0.002737	0.002729	-0.878923	-0.164337	0.447759	0.203787	-0.978156	0.041016	0.431238	0.127297	0.893213
64565	4.502677	0.383780	9.199165	0.003917	0.003071	0.002347	-0.878952	-0.164332	0.447704	0.203775	-0.978158	0.041022	0.431183	0.127287	0.893241
64566	4.496040	0.369222	9.217600	0.008944	0.005931	0.006048	-0.878951	-0.164351	0.447699	0.203821	-0.978146	0.041076	0.431164	0.127354	0.893240
64567	4.494798	0.350927	9.202257	0.004504	0.006776	0.000629	-0.878999	-0.164334	0.447611	0.203797	-0.978150	0.041095	0.431077	0.127344	0.893284
64568	4.471945	0.393375	9.229350	0.006724	0.006353	0.003339	-0.879005	-0.164326	0.447601	0.203809	-0.978146	0.041141	0.431059	0.127389	0.893286
64569	4.488107	0.355728	9.236624	0.006739	0.005009	-0.000838	-0.879049	-0.164292	0.447528	0.203782	-0.978150	0.041187	0.430983	0.127404	0.893321
64570	4.488202	0.374972	9.252484	0.004497	0.007446	0.002719	-0.879061	-0.164279	0.447509	0.203779	-0.978149	0.041216	0.430960	0.127424	0.893329
64571	4.470379	0.394692	9.230052	0.003917	0.003070	0.002348	-0.879089	-0.164274	0.447455	0.203767	-0.978151	0.041222	0.430907	0.127415	0.893356
64572	4.492750	0.371572	9.219110	0.002263	0.009211	0.004187	-0.879106	-0.164278	0.447421	0.203768	-0.978151	0.041225	0.430873	0.127411	0.893373
64573	4.469410	0.395026	9.230507	0.005850	0.000124	0.003828	-0.879118	-0.164283	0.447395	0.203778	-0.978148	0.041242	0.430843	0.127426	0.893385
64574	4.462910	0.380373	9.248875	0.004204	0.005593	0.003578	-0.879121	-0.164277	0.447392	0.203781	-0.978146	0.041265	0.430837	0.127447	0.893385
64575	4.485055	0.338511	9.222125	0.001933	-0.002946	0.001481	-0.879125	-0.164255	0.447393	0.203753	-0.978153	0.041257	0.430842	0.127428	0.893385
64576	4.516371	0.386751	9.239378	0.005850	0.000123	0.003829	-0.879103	-0.164244	0.447440	0.203766	-0.978148	0.041294	0.430880	0.127474	0.893360
64577	4.468498	0.377286	9.214985	0.005843	0.000795	0.005918	-0.879113	-0.164270	0.447409	0.203794	-0.978142	0.041301	0.430845	0.127488	0.893375
64578	4.485296	0.339474	9.221972	0.006681	-0.003284	0.001865	-0.879081	-0.164236	0.447485	0.203793	-0.978140	0.041354	0.430911	0.127548	0.893335
64579	4.462673	0.363254	9.233005	0.005571	-0.003073	0.000510	-0.879086	-0.164204	0.447487	0.203773	-0.978143	0.041383	0.430911	0.127565	0.893332
64580	4.463062	0.363923	9.232790	0.010025	-0.005262	0.001754	-0.879045	-0.164166	0.447581	0.203785	-0.978137	0.041466	0.430989	0.127661	0.893281
64581	4.486386	0.341533	9.221366	0.010319	-0.003411	0.000895	-0.879048	-0.164138	0.447587	0.203789	-0.978133	0.041537	0.430982	0.127726	0.893275
64582	4.510964	0.357272	9.241141	0.022337	-0.003332	0.001428	-0.879016	-0.164099	0.447664	0.203851	-0.978112	0.041731	0.431017	0.127939	0.893228
64583	4.465484	0.405346	9.263284	0.011437	-0.004297	0.000163	-0.879016	-0.164063	0.447677	0.203853	-0.978108	0.041814	0.431017	0.128016	0.893217
64584	4.524953	0.408608	9.219670	0.014774	-0.005604	0.002142	-0.878973	-0.164028	0.447774	0.203890	-0.978095	0.041938	0.431087	0.128159	0.893163
64585	4.505764	0.345970	9.258765	0.006160	0.000628	-0.001208	-0.878996	-0.163984	0.447744	0.203857	-0.978100	0.041981	0.431055	0.128176	0.893176
64586	4.495188	0.400121	9.233428	0.014834	0.002685	-0.000564	-0.878995	-0.163933	0.447766	0.203869	-0.978092	0.042117	0.431052	0.128306	0.893158
64587	4.548479	0.407287	9.223957	0.010909	0.000288	-0.000822	-0.879016	-0.163893	0.447739	0.203860	-0.978090	0.042200	0.431013	0.128371	0.893168
64588	4.512205	0.382701	9.256178	0.004227	0.003574	-0.002691	-0.879022	-0.163822	0.447753	0.203808	-0.978099	0.042251	0.431025	0.128395	0.893159
64589	4.511747	0.383194	9.256381	0.006727	0.006349	0.003338	-0.879061	-0.163830	0.447674	0.203818	-0.978095	0.042278	0.430941	0.128409	0.893197
64590	4.534042	0.360301	9.245499	0.002287	0.007193	-0.002085	-0.879082	-0.163770	0.447655	0.203763	-0.978106	0.042309	0.430925	0.128409	0.893205
64591	4.493152	0.403554	9.234270	0.009256	0.006430	0.001013	-0.879125	-0.163755	0.447575	0.203763	-0.978103	0.042370	0.430836	0.128448	0.893242
64592	4.491903	0.385407	9.218954	0.004514	0.006097	-0.001462	-0.879140	-0.163700	0.447566	0.203723	-0.978109	0.042418	0.430825	0.128471	0.893244
64593	4.521647	0.415135	9.221000	0.005096	0.010472	-0.001093	-0.879205	-0.163670	0.447450	0.203687	-0.978115	0.042451	0.430710	0.128463	0.893301
64594	4.484749	0.390234	9.253527	0.004507	0.006770	0.000628	-0.879218	-0.163636	0.447436	0.203666	-0.978118	0.042489	0.430693	0.128485	0.893306
64595	4.483566	0.372010	9.238187	0.006750	0.004327	-0.002926	-0.879260	-0.163580	0.447374	0.203620	-0.978125	0.042545	0.430628	0.128503	0.893334
64596	4.483468	0.372755	9.238205	0.008094	-0.002320	0.000279	-0.879235	-0.163531	0.447441	0.203611	-0.978124	0.042617	0.430684	0.128575	0.893297
64597	4.485031	0.411299	9.269180	0.012843	-0.002662	0.000667	-0.879239	-0.163500	0.447444	0.203623	-0.978117	0.042712	0.430669	0.128664	0.893291
64598	4.491045	0.408507	9.235077	0.012254	-0.006364	0.002388	-0.879192	-0.163467	0.447548	0.203651	-0.978107	0.042812	0.430752	0.128783	0.893235
64599	4.485466	0.394756	9.252987	0.014490	-0.008134	0.000925	-0.879172	-0.163432	0.447600	0.203673	-0.978098	0.042920	0.430782	0.128898	0.893203
64600	4.439340	0.404807	9.243616	0.011085	-0.014442	0.003745	-0.879088	-0.163401	0.447777	0.203707	-0.978087	0.043003	0.430938	0.129019	0.893111
64601	4.482548	0.400662	9.285462	0.012732	-0.019915	0.004004	-0.879011	-0.163381	0.447936	0.203748	-0.978075	0.043082	0.431076	0.129135	0.893027
64602	4.460446	0.387313	9.264424	0.012969	-0.026356	0.005858	-0.878871	-0.163356	0.448220	0.203809	-0.978058	0.043172	0.431332	0.129294	0.892880
64603	4.427878	0.382003	9.310776	0.016858	-0.034280	0.002568	-0.878734	-0.163303	0.448506	0.203856	-0.978043	0.043294	0.431588	0.129475	0.892730
64604	4.453878	0.341431	9.282206	0.018750	-0.046876	0.002600	-0.878512	-0.163219	0.448972	0.203914	-0.978024	0.043451	0.432013	0.129724	0.892489
64605	4.305361	0.358679	9.305784	0.008110	-0.056982	-0.005153	-0.878293	-0.163061	0.449458	0.203855	-0.978033	0.043529	0.432487	0.129856	0.892240
64606	4.404158	0.304233	9.289402	0.002541	-0.068964	-0.023815	-0.878028	-0.162690	0.450109	0.203610	-0.978078	0.043660	0.433139	0.129982	0.891906
64607	4.442242	0.354290	9.303170	0.014547	-0.080600	-0.030987	-0.877759	-0.162249	0.450794	0.203352	-0.978120	0.043913	0.433806	0.130215	0.891547
64608	4.340054	0.386172	9.383298	-0.002848	-0.107440	-0.045556	-0.877370	-0.161614	0.451778	0.202894	-0.978207	0.044094	0.434806	0.130350	0.891040
64609	4.017252	0.428063	9.459907	0.014466	-0.166629	-0.019131	-0.876700	-0.161176	0.453233	0.202740	-0.978230	0.044292	0.436228	0.130720	0.890291
64610	4.099014	0.752782	9.441692	0.023456	-0.241254	-0.012237	-0.875655	-0.160691	0.455420	0.202689	-0.978229	0.044558	0.438345	0.131326	0.889161
64611	4.158795	0.431165	9.472282	-0.037969	-0.330391	-0.005116	-0.874229	-0.160173	0.458332	0.202428	-0.978298	0.044228	0.441301	0.131444	0.887680
64612	4.097133	0.364560	9.503099	0.004584	-0.389989	0.003343	-0.872479	-0.159643	0.461838	0.202431	-0.978296	0.044255	0.444749	0.132102	0.885860
64613	3.967591	0.316652	9.553102	-0.003995	-0.494297	0.004455	-0.870279	-0.158999	0.466191	0.202403	-0.978305	0.044183	0.449052	0.132810	0.883580
64614	3.993218	0.197053	9.716302	0.007203	-0.618525	-0.003364	-0.867476	-0.158093	0.471691	0.202360	-0.978310	0.044264	0.454462	0.133850	0.880652
64615	4.121065	0.272665	9.864039	0.024320	-0.739234	-0.014940	-0.864142	-0.156919	0.478158	0.202293	-0.978312	0.044534	0.460800	0.135211	0.877144
64616	4.107166	0.230858	9.894042	0.045157	-0.875146	-0.033480	-0.860128	-0.155351	0.485846	0.202168	-0.978312	0.045093	0.468304	0.137008	0.872880
64617	4.331393	-0.041337	9.797467	0.048359	-1.007980	-0.068233	-0.855522	-0.153260	0.494564	0.201761	-0.978362	0.045833	0.476838	0.138995	0.867932
64618	4.533495	-0.048801	9.729257	0.162892	-1.103262	-0.106210	-0.850408	-0.150620	0.504103	0.201593	-0.978303	0.047777	0.485970	0.142254	0.862321
64619	4.820381	0.156974	9.515389	0.264631	-1.171191	-0.150614	-0.844986	-0.147425	0.514067	0.201566	-0.978157	0.050802	0.495349	0.146545	0.856244
64620	5.135008	0.001018	9.356065	0.275261	-1.242024	-0.209428	-0.839175	-0.143479	0.524594	0.201133	-0.978061	0.054242	0.505303	0.151032	0.849623
64621	5.521978	-0.450509	9.474575	0.270891	-1.278729	-0.279879	-0.833232	-0.138752	0.535231	0.200126	-0.978052	0.058002	0.515436	0.155443	0.842712
64622	5.837627	-0.696784	9.436612	0.424295	-1.261012	-0.359762	-0.827370	-0.133186	0.545637	0.199300	-0.977878	0.063513	0.525107	0.161294	0.835611
64623	6.042407	-0.435907	9.310915	0.593493	-1.218804	-0.427268	-0.821789	-0.126970	0.555466	0.198869	-0.977466	0.070787	0.533961	0.168636	0.828521
64624	6.050903	-0.118538	9.151483	0.567171	-1.187609	-0.475219	-0.816318	-0.120230	0.564951	0.197984	-0.977086	0.078135	0.542611	0.175634	0.821417
64625	5.579063	-0.265544	9.030234	0.574207	-1.143762	-0.519181	-0.811112	-0.113082	0.573855	0.196846	-0.976676	0.085770	0.550771	0.182530	0.814453
64626	5.430741	-0.190014	9.018749	0.578692	-1.086502	-0.537450	-0.806120	-0.105762	0.582225	0.195664	-0.976196	0.093578	0.558468	0.189355	0.807625
64627	4.898542	-0.132660	9.225537	0.572294	-1.015781	-0.518976	-0.801446	-0.098715	0.589864	0.194655	-0.975637	0.101203	0.565503	0.195929	0.801136
64628	4.321099	-0.564122	9.402005	0.480929	-0.931199	-0.411003	-0.796926	-0.092803	0.596906	0.194060	-0.975083	0.107489	0.572057	0.201497	0.795078
64629	4.138617	-1.871669	9.785039	0.343981	-0.840508	-0.178389	-0.792464	-0.089330	0.603342	0.194566	-0.974559	0.111262	0.578053	0.205561	0.789683
64630	4.689858	-3.349763	10.213105	0.335729	-0.661129	0.238268	-0.788136	-0.090227	0.608852	0.198352	-0.973656	0.112472	0.582665	0.209410	0.785270
64631	5.005529	-2.953072	11.180559	0.418979	-0.344938	0.661251	-0.784814	-0.095913	0.612264	0.205942	-0.972169	0.111688	0.584512	0.213746	0.782725
64632	3.697611	-2.580380	11.037071	0.421240	0.004341	0.968812	-0.782773	-0.105279	0.613337	0.215951	-0.970295	0.109058	0.583636	0.217818	0.782256
64633	2.517764	-1.960913	10.662658	0.430694	0.266925	1.146720	-0.781818	-0.116969	0.612438	0.227373	-0.968091	0.105363	0.580571	0.221626	0.783466
64634	2.085758	-1.244806	10.456407	0.407931	0.422034	1.230843	-0.781366	-0.129759	0.610435	0.239308	-0.965671	0.101047	0.576367	0.225037	0.785595
64635	2.026858	-0.534800	10.375874	0.355165	0.557493	1.248358	-0.781543	-0.143054	0.607229	0.251045	-0.963183	0.096199	0.571111	0.227626	0.788682
64636	2.171710	-0.061329	10.524778	0.253510	0.695163	1.211717	-0.782365	-0.156245	0.602904	0.261915	-0.960802	0.090882	0.565072	0.229013	0.792620
64637	2.458392	0.271497	10.646179	0.164219	0.852850	1.133103	-0.784176	-0.169069	0.597062	0.271657	-0.958602	0.085346	0.557916	0.229122	0.797642
64638	2.612999	0.479581	10.623055	0.074262	1.021621	1.033781	-0.786964	-0.181251	0.589776	0.280145	-0.956634	0.079815	0.549733	0.228034	0.803613
64639	2.806434	0.561085	10.542556	-0.017436	1.167191	0.919740	-0.790769	-0.192687	0.580996	0.287250	-0.954974	0.074247	0.540529	0.225604	0.810513
64640	3.034459	0.503043	10.427289	-0.101174	1.306324	0.796471	-0.795438	-0.203159	0.570969	0.292981	-0.953637	0.068844	0.530511	0.222044	0.818080
64641	3.278165	0.326443	10.257546	-0.163000	1.428087	0.679228	-0.800985	-0.212769	0.559600	0.297492	-0.952602	0.063622	0.519539	0.217437	0.826317
64642	3.593429	0.196747	10.215677	-0.224636	1.525608	0.581063	-0.807070	-0.221525	0.547325	0.300965	-0.951836	0.058547	0.507994	0.211977	0.834870
64643	3.882370	-0.044285	10.084111	-0.276761	1.612289	0.516799	-0.813655	-0.229807	0.533998	0.303711	-0.951267	0.053387	0.495706	0.205619	0.843799
64644	4.132302	-0.344067	9.920516	-0.332533	1.670455	0.488557	-0.820328	-0.237778	0.520119	0.306030	-0.950811	0.047996	0.483122	0.198544	0.852744
64645	4.370620	-0.615769	9.725890	-0.348237	1.703602	0.486467	-0.827009	-0.245717	0.505647	0.308325	-0.950333	0.042470	0.470097	0.191027	0.861695
64646	4.612543	-0.890580	9.541184	-0.352273	1.702198	0.512129	-0.833304	-0.253719	0.491153	0.310899	-0.949728	0.036871	0.457107	0.183424	0.870292
64647	4.791930	-0.965224	9.357248	-0.340043	1.683621	0.544253	-0.839243	-0.261905	0.476525	0.313867	-0.948954	0.031215	0.444025	0.175763	0.878606
64648	4.885231	-1.033756	9.149158	-0.338137	1.645697	0.577568	-0.844614	-0.270164	0.462211	0.317205	-0.948013	0.025522	0.431288	0.168172	0.886402
64649	5.022543	-0.890210	8.982940	-0.340261	1.584251	0.601702	-0.849479	-0.278463	0.448155	0.320806	-0.946940	0.019703	0.418889	0.160508	0.893739
64650	5.223247	-0.774437	8.922024	-0.378099	1.520494	0.620979	-0.853748	-0.286672	0.434665	0.324488	-0.945793	0.013570	0.407213	0.152629	0.900490
64651	5.420512	-0.688000	8.779599	-0.414028	1.456380	0.622831	-0.857612	-0.294715	0.421478	0.328106	-0.944614	0.007108	0.396039	0.144386	0.906811
64652	5.549054	-0.563200	8.601898	-0.456036	1.384393	0.619282	-0.860974	-0.302454	0.408956	0.331601	-0.943420	0.000388	0.385700	0.135944	0.912554
64653	5.673309	-0.457935	8.372479	-0.489138	1.314966	0.598311	-0.864032	-0.309816	0.396816	0.334852	-0.942248	-0.006555	0.375930	0.127211	0.917875
64654	5.668134	-0.266003	8.100825	-0.514286	1.239293	0.567921	-0.866719	-0.316640	0.385404	0.337812	-0.941117	-0.013511	0.366988	0.118484	0.922649
64655	5.729068	-0.050855	7.871695	-0.559455	1.151359	0.519861	-0.869175	-0.322831	0.374585	0.340249	-0.940107	-0.020717	0.358838	0.109446	0.926961
64656	5.799951	0.188533	7.692057	-0.612799	1.067461	0.467536	-0.871368	-0.328298	0.364607	0.342096	-0.939243	-0.028140	0.351693	0.100210	0.930736
64657	5.863061	0.490074	7.481689	-0.692327	0.986576	0.404343	-0.873457	-0.333021	0.355203	0.343167	-0.938580	-0.036106	0.345410	0.090357	0.934092
64658	6.064899	0.649655	7.307363	-0.795791	0.912517	0.334699	-0.875433	-0.336894	0.346582	0.343322	-0.938152	-0.044729	0.340216	0.079832	0.936952
64659	6.224952	0.680644	7.140177	-0.869696	0.852247	0.256226	-0.877467	-0.339915	0.338393	0.342587	-0.937943	-0.053820	0.335688	0.068704	0.939464
64660	6.257914	0.768348	6.859528	-0.897248	0.798093	0.162834	-0.879571	-0.341903	0.330845	0.340979	-0.937971	-0.062808	0.331797	0.057567	0.941593
64661	2.988170	-2.767859	5.754260	-0.905765	0.517716	0.166233	-0.880747	-0.343715	0.325798	0.339403	-0.937886	-0.071939	0.330288	0.047217	0.942699
64662	9.013575	-4.841434	0.416733	1.015784	-0.545977	-0.026953	-0.879029	-0.343131	0.331013	0.342484	-0.937457	-0.062285	0.331683	0.058616	0.941568
64663	8.599123	3.331636	2.636567	2.243455	-0.701414	0.064145	-0.876510	-0.343221	0.337535	0.350427	-0.935673	-0.041446	0.330047	0.081953	0.940400
64664	12.574624	6.195552	1.932376	1.567606	-1.127137	0.239166	-0.871916	-0.344383	0.348085	0.357682	-0.933437	-0.027554	0.334405	0.100479	0.937058
64665	12.579389	6.173750	0.886650	1.915107	-1.369326	0.318364	-0.866169	-0.345795	0.360801	0.366856	-0.930215	-0.010822	0.339364	0.122988	0.932580
64666	3.132430	14.759744	13.002609	1.129073	-1.248532	0.143336	-0.861358	-0.345452	0.372458	0.371919	-0.928265	-0.000846	0.346032	0.137796	0.928049
64667	7.479415	9.601418	15.666864	-1.232214	-1.541133	-0.255186	-0.856848	-0.340970	0.386718	0.365310	-0.930818	-0.011291	0.363814	0.131597	0.922129
64668	6.504504	-0.263315	12.714974	0.024498	-1.074866	-0.487412	-0.854654	-0.334947	0.396707	0.361185	-0.932449	-0.009158	0.372976	0.135457	0.917900
64669	8.448934	-4.019562	11.557341	0.690932	-0.998651	-0.445709	-0.852526	-0.329351	0.405866	0.359935	-0.932977	-0.001043	0.379007	0.145196	0.913932
64670	6.794409	-4.759180	9.782876	0.745729	-0.679363	-0.312981	-0.851062	-0.325366	0.412105	0.360063	-0.932901	0.007041	0.382163	0.154376	0.911109
64671	3.556247	0.529922	9.022099	1.286799	-0.535948	-0.367606	-0.850356	-0.321038	0.416927	0.361808	-0.932033	0.020262	0.382085	0.168077	0.908714
64672	5.488279	4.144386	10.463228	0.585854	-0.695291	-0.361040	-0.848986	-0.316428	0.423197	0.360946	-0.932193	0.027093	0.385929	0.175752	0.905632
64673	5.906360	2.532171	10.228879	0.274100	-0.530572	-0.239710	-0.847809	-0.313212	0.427923	0.359929	-0.932478	0.030586	0.389449	0.179953	0.903298
64674	4.643830	1.003409	9.422690	0.347962	-0.445699	-0.170743	-0.846677	-0.310757	0.431936	0.359798	-0.932394	0.034460	0.392025	0.184586	0.901246
64675	5.766722	0.703013	9.933716	0.087800	-0.418226	-0.122795	-0.845488	-0.308796	0.435655	0.359059	-0.932629	0.035781	0.395256	0.186678	0.899402
64676	5.566384	1.248061	9.747733	0.177048	-0.221804	-0.054134	-0.844798	-0.307825	0.437676	0.359258	-0.932480	0.037609	0.396547	0.189011	0.898346
64677	4.697629	0.784690	9.461498	-0.011790	-0.184407	-0.014108	-0.844131	-0.307303	0.439326	0.359047	-0.932563	0.037565	0.398155	0.189448	0.897542
64678	4.873488	0.040725	9.509924	-0.095601	-0.169857	-0.006460	-0.843471	-0.306871	0.440894	0.358567	-0.932781	0.036736	0.399984	0.189076	0.896807
64679	4.840839	0.177555	9.448648	0.045996	-0.112185	0.004074	-0.843022	-0.306656	0.441901	0.358740	-0.932699	0.037130	0.400775	0.189829	0.896295
64680	4.658267	0.305780	9.315925	-0.001376	-0.084882	0.004762	-0.842658	-0.306489	0.442710	0.358730	-0.932704	0.037097	0.401548	0.190074	0.895897
64681	4.608552	0.288367	9.306908	-0.010236	-0.074876	0.000552	-0.842369	-0.306311	0.443382	0.358648	-0.932739	0.037003	0.402226	0.190188	0.895569
64682	4.562693	0.363002	9.297619	0.017067	-0.068673	0.006631	-0.842063	-0.306192	0.444046	0.358729	-0.932703	0.037127	0.402795	0.190555	0.895234
64683	4.596336	0.251453	9.357782	-0.002707	-0.074127	0.005320	-0.841759	-0.306059	0.444713	0.358717	-0.932710	0.037079	0.403440	0.190737	0.894905
64684	4.605949	0.198050	9.259425	0.003099	-0.059046	0.004990	-0.841497	-0.305943	0.445290	0.358727	-0.932705	0.037085	0.403978	0.190944	0.894618
64685	4.509583	0.269203	9.226762	0.020939	-0.045799	0.003403	-0.841313	-0.305846	0.445702	0.358795	-0.932673	0.037256	0.404300	0.191260	0.894406
64686	4.441578	0.202315	9.210119	0.012155	-0.052117	0.001563	-0.841090	-0.305710	0.446215	0.358813	-0.932661	0.037359	0.404747	0.191530	0.894145
64687	4.538249	0.244675	9.212863	0.015293	-0.055050	-0.000549	-0.840883	-0.305559	0.446709	0.358825	-0.932651	0.037497	0.405167	0.191821	0.893893
64688	4.479699	0.361607	9.194597	0.046664	-0.047493	0.003610	-0.840671	-0.305451	0.447182	0.359000	-0.932568	0.037899	0.405451	0.192399	0.893640
64689	4.890469	0.449283	9.270782	0.022743	-0.054878	0.002020	-0.840455	-0.305323	0.447675	0.359064	-0.932535	0.038092	0.405842	0.192759	0.893385
64690	4.396232	0.423996	9.217766	0.026839	-0.030148	0.005246	-0.840308	-0.305264	0.447993	0.359173	-0.932484	0.038309	0.406052	0.193098	0.893216
64691	4.551408	0.333351	9.222573	0.021756	-0.047500	0.008062	-0.840099	-0.305206	0.448423	0.359283	-0.932435	0.038466	0.406385	0.193426	0.892994
64692	4.608406	0.259204	9.226184	-0.009394	-0.048588	0.001782	-0.839889	-0.305078	0.448904	0.359216	-0.932465	0.038376	0.406879	0.193485	0.892756
64693	4.560059	0.334640	9.218252	0.034108	-0.042302	0.006819	-0.839705	-0.305018	0.449287	0.359367	-0.932396	0.038648	0.407125	0.193912	0.892551
64694	4.552145	0.304805	9.221258	0.018887	-0.043960	0.004902	-0.839502	-0.304929	0.449727	0.359441	-0.932361	0.038796	0.407478	0.194219	0.892323
64695	4.525586	0.301514	9.233267	0.018083	-0.053492	0.003699	-0.839284	-0.304818	0.450209	0.359500	-0.932332	0.038939	0.407875	0.194531	0.892074
64696	4.629634	0.285620	9.231282	0.033853	-0.055277	0.003714	-0.839038	-0.304695	0.450750	0.359625	-0.932272	0.039226	0.408270	0.195013	0.891788
64697	4.560672	0.344577	9.170419	0.046201	-0.050079	0.002462	-0.838838	-0.304578	0.451201	0.359789	-0.932192	0.039625	0.408537	0.195576	0.891542
64698	4.655664	0.415855	9.220145	0.032704	-0.049087	0.005409	-0.838611	-0.304482	0.451687	0.359924	-0.932128	0.039893	0.408884	0.196028	0.891284
64699	4.652879	0.378897	9.189606	0.021592	-0.042949	0.006930	-0.838424	-0.304421	0.452077	0.360024	-0.932083	0.040053	0.409180	0.196340	0.891079
64700	4.601534	0.311738	9.212441	0.021359	-0.032450	0.008840	-0.838252	-0.304390	0.452415	0.360142	-0.932031	0.040204	0.409427	0.196635	0.890901
64701	4.669884	0.343169	9.196359	0.035076	-0.026980	0.003725	-0.838141	-0.304330	0.452662	0.360271	-0.931968	0.040499	0.409541	0.197024	0.890762
64702	4.628601	0.407669	9.247187	0.030999	-0.011316	0.005316	-0.838069	-0.304307	0.452811	0.360398	-0.931908	0.040752	0.409577	0.197345	0.890675
64703	4.629001	0.338069	9.261610	0.019997	-0.021572	0.009291	-0.837960	-0.304309	0.453011	0.360513	-0.931858	0.040886	0.409700	0.197577	0.890567
64704	4.661591	0.344543	9.246364	0.025904	-0.011684	0.007902	-0.837877	-0.304310	0.453164	0.360641	-0.931800	0.041082	0.409757	0.197852	0.890480
64705	4.648108	0.366496	9.221655	0.024745	-0.005450	0.009556	-0.837832	-0.304346	0.453222	0.360777	-0.931739	0.041258	0.409728	0.198079	0.890442
64706	4.621144	0.382717	9.249855	0.012522	-0.004757	0.006478	-0.837783	-0.304347	0.453313	0.360838	-0.931712	0.041341	0.409775	0.198208	0.890392
64707	4.645404	0.348766	9.207050	0.006799	-0.002293	0.008798	-0.837754	-0.304383	0.453342	0.360894	-0.931689	0.041360	0.409785	0.198258	0.890376
64708	4.610788	0.324751	9.207363	0.006920	0.003607	0.004434	-0.837746	-0.304381	0.453358	0.360915	-0.931679	0.041403	0.409782	0.198309	0.890366
64709	4.624658	0.304997	9.231800	0.004925	0.006167	0.008016	-0.837755	-0.304426	0.453312	0.360957	-0.931663	0.041408	0.409728	0.198316	0.890390
64710	4.617981	0.337951	9.188602	0.015810	0.010509	0.008405	-0.837761	-0.304475	0.453268	0.361048	-0.931623	0.041512	0.409635	0.198429	0.890407
64711	4.609807	0.398173	9.193017	0.013635	0.011870	0.007645	-0.837794	-0.304528	0.453171	0.361122	-0.931590	0.041597	0.409502	0.198500	0.890452
64712	4.587171	0.379788	9.141173	0.010745	0.015453	0.004451	-0.837834	-0.304550	0.453081	0.361160	-0.931572	0.041674	0.409386	0.198550	0.890495
64713	4.581088	0.387680	9.175192	0.008865	0.012755	0.007089	-0.837873	-0.304600	0.452977	0.361210	-0.931551	0.041718	0.409264	0.198574	0.890546
64714	4.527759	0.364566	9.137571	0.015213	0.007466	0.005035	-0.837879	-0.304611	0.452959	0.361270	-0.931522	0.041832	0.409198	0.198691	0.890550
64715	4.568889	0.330873	9.133611	0.016256	0.006483	0.004331	-0.837901	-0.304623	0.452909	0.361327	-0.931495	0.041955	0.409102	0.198802	0.890569
64716	4.530054	0.386764	9.152176	0.017809	0.007937	0.004834	-0.837910	-0.304633	0.452886	0.361396	-0.931462	0.042093	0.409023	0.198942	0.890574
64717	4.528536	0.415092	9.199723	0.018129	-0.001979	0.005121	-0.837895	-0.304635	0.452913	0.361468	-0.931428	0.042229	0.408991	0.199097	0.890554
64718	4.561510	0.394017	9.137468	0.013349	-0.012244	0.007985	-0.837809	-0.304635	0.453071	0.361545	-0.931394	0.042313	0.409098	0.199256	0.890470
64719	4.566161	0.414588	9.150957	0.013679	-0.011007	0.004848	-0.837758	-0.304616	0.453178	0.361596	-0.931370	0.042410	0.409157	0.199397	0.890411
64720	4.555485	0.383059	9.155566	0.001328	-0.016196	0.006126	-0.837663	-0.304591	0.453371	0.361609	-0.931366	0.042396	0.409340	0.199456	0.890313
64721	4.564153	0.323841	9.150930	0.004967	-0.016706	0.005220	-0.837587	-0.304564	0.453528	0.361627	-0.931358	0.042414	0.409479	0.199533	0.890232
64722	4.557219	0.311890	9.169536	0.007981	-0.014395	0.004051	-0.837507	-0.304523	0.453704	0.361649	-0.931346	0.042468	0.409623	0.199649	0.890140
64723	4.569405	0.371643	9.210975	0.016062	-0.017038	0.006845	-0.837424	-0.304511	0.453866	0.361727	-0.931311	0.042577	0.409725	0.199830	0.890052
64724	4.546039	0.333825	9.143660	0.014511	-0.018496	0.006347	-0.837319	-0.304483	0.454079	0.361795	-0.931280	0.042679	0.409880	0.200019	0.889939
64725	4.588108	0.425892	9.218060	0.023043	-0.014003	0.001631	-0.837267	-0.304428	0.454212	0.361858	-0.931247	0.042874	0.409931	0.200257	0.889862
64726	4.563549	0.316762	9.166220	0.010989	-0.023251	0.006322	-0.837142	-0.304390	0.454467	0.361912	-0.931223	0.042944	0.410139	0.200427	0.889728
64727	4.590827	0.258803	9.199518	0.032765	-0.025761	0.010538	-0.837009	-0.304395	0.454708	0.362089	-0.931143	0.043185	0.410253	0.200791	0.889593
64728	4.552103	0.270678	9.155271	0.061622	-0.013485	0.008271	-0.836917	-0.304394	0.454878	0.362366	-0.931011	0.043697	0.410195	0.201403	0.889481
64729	4.567886	0.355504	9.210489	0.082181	-0.016245	0.008867	-0.836829	-0.304402	0.455034	0.362732	-0.930836	0.044384	0.410051	0.202197	0.889367
64730	4.472746	0.355535	9.285735	0.068298	-0.039928	0.010026	-0.836623	-0.304364	0.455439	0.363052	-0.930684	0.044947	0.410190	0.202952	0.889132
64731	4.569051	0.303593	9.255567	0.065727	-0.057459	0.010610	-0.836359	-0.304304	0.455962	0.363364	-0.930536	0.045480	0.410450	0.203718	0.888836
64732	4.586143	0.243640	9.215699	0.090868	-0.056503	0.010551	-0.836083	-0.304236	0.456515	0.363782	-0.930336	0.046241	0.410644	0.204733	0.888513
64733	4.624094	0.427621	9.213803	0.116988	-0.063047	0.004547	-0.835818	-0.304108	0.457085	0.364254	-0.930100	0.047255	0.410764	0.205992	0.888167
64734	4.501296	0.452414	9.348935	0.070172	-0.083263	0.009586	-0.835434	-0.303974	0.457874	0.364579	-0.929943	0.047836	0.411256	0.206895	0.887729
64735	4.557310	0.219141	9.368250	0.017829	-0.124453	-0.002881	-0.834944	-0.303648	0.458985	0.364582	-0.929933	0.048004	0.412249	0.207418	0.887146
64736	4.489998	0.090303	9.399520	0.041794	-0.119084	-0.022799	-0.834529	-0.303138	0.460076	0.364520	-0.929933	0.048481	0.413143	0.208166	0.886555
64737	4.458676	0.253580	9.352224	0.025937	-0.132057	-0.062192	-0.834220	-0.302243	0.461223	0.364063	-0.930085	0.048993	0.414169	0.208785	0.885931
64738	4.530801	0.346047	9.333474	-0.015828	-0.167442	-0.108636	-0.833913	-0.300831	0.462698	0.363047	-0.930463	0.049357	0.415675	0.209140	0.885141
64739	4.465809	0.394418	9.411312	-0.043772	-0.196382	-0.148308	-0.833643	-0.298999	0.464369	0.361582	-0.931017	0.049652	0.417489	0.209300	0.884249
64740	3.582865	0.777563	10.212960	-0.089210	-0.281202	-0.140776	-0.832966	-0.297048	0.466829	0.359991	-0.931641	0.049522	0.420206	0.209304	0.882960
64741	4.003321	0.678308	9.716010	-0.098800	-0.525796	-0.101860	-0.831122	-0.294956	0.471420	0.358680	-0.932167	0.049124	0.424953	0.209917	0.880540
64742	3.703701	0.818969	9.917357	-0.216417	-0.722877	-0.089237	-0.828337	-0.292555	0.477775	0.356968	-0.932901	0.047648	0.431777	0.210019	0.877189
64743	3.792934	0.711801	9.836629	-0.263150	-0.944586	-0.059785	-0.824442	-0.289972	0.486016	0.355280	-0.933646	0.045631	0.440535	0.210291	0.872758
64744	3.835420	0.506329	9.812421	-0.297181	-1.180952	-0.040548	-0.819311	-0.287054	0.496316	0.353577	-0.934405	0.043248	0.451346	0.210919	0.867064
64745	3.872745	0.359212	9.745855	-0.284688	-1.394735	-0.050290	-0.813120	-0.283594	0.508341	0.351818	-0.935168	0.041040	0.463746	0.212214	0.860177
64746	3.962577	0.282855	9.605257	-0.294457	-1.625860	-0.076112	-0.805721	-0.279365	0.522273	0.349771	-0.936026	0.038916	0.477990	0.214032	0.851890
64747	4.177251	0.132850	9.440711	-0.258895	-1.862498	-0.097842	-0.797026	-0.274398	0.538011	0.347683	-0.936872	0.037241	0.493828	0.216740	0.842115
64748	4.280731	0.139481	9.225514	-0.168194	-2.099774	-0.125264	-0.786897	-0.268578	0.555571	0.345802	-0.937596	0.036526	0.511091	0.220860	0.830667
64749	4.056194	0.306808	9.086387	-0.101126	-2.372883	-0.156024	-0.775098	-0.261773	0.575063	0.344011	-0.938253	0.036575	0.529981	0.226178	0.817291
64750	3.873168	0.428675	9.276924	-0.070193	-2.730294	-0.186122	-0.760961	-0.253711	0.597134	0.342158	-0.938909	0.037107	0.551240	0.232551	0.801283
64751	4.515471	0.364471	9.670995	-0.040251	-3.067495	-0.250223	-0.744565	-0.244079	0.621328	0.340002	-0.939644	0.038315	0.574475	0.239781	0.782613
64752	5.130182	0.221840	9.886066	0.196723	-3.306743	-0.302818	-0.726186	-0.233089	0.646779	0.338886	-0.939900	0.041766	0.598173	0.249514	0.761533
64753	5.580134	0.069256	9.716339	0.413978	-3.488317	-0.325201	-0.706029	-0.221088	0.672788	0.339036	-0.939597	0.047022	0.621754	0.261299	0.738340
64754	6.482058	0.140641	9.750877	0.446290	-3.654980	-0.357750	-0.684058	-0.207901	0.699173	0.339336	-0.939186	0.052730	0.645691	0.273325	0.713006
64755	7.646953	-0.082951	10.156530	0.359905	-3.803590	-0.397547	-0.660404	-0.193528	0.725544	0.338985	-0.938997	0.058088	0.670042	0.284310	0.685720
64756	9.286369	-0.070807	11.314721	0.244418	-3.819009	-0.413863	-0.635733	-0.178547	0.750976	0.337928	-0.939074	0.062803	0.694009	0.293702	0.657336
64757	10.035553	-0.203682	11.374372	0.251734	-3.724527	-0.401231	-0.610845	-0.163646	0.774654	0.337157	-0.939026	0.067493	0.716375	0.302408	0.628773
64758	10.221190	-0.017816	10.738814	0.127178	-3.682916	-0.408938	-0.585411	-0.148482	0.797024	0.335596	-0.939288	0.071509	0.738017	0.309340	0.599699
64759	9.978178	-0.487915	10.334657	-0.114944	-3.672857	-0.477719	-0.559531	-0.132527	0.818145	0.331955	-0.940332	0.074705	0.759428	0.313387	0.570139
