// General information: 
//  MT Manager version: 2022.2.0 
//  XDA version: 2022.2.0 build 7381 rev 124627 built on 2023-07-19
// Device information: 
//  DeviceId: 00B4CAF0
//  ProductCode: MTW2-3A7G6
//  Firmware Version: 4.6.0
//  Hardware Version: 2.0.0
// Device settings: 
//  Filter Profile: human(46.1)
//  Option Flags: Orientation Smoother Disabled, Position/Velocity Smoother Disabled, Continuous Zero Rotation Update Disabled, AHS Disabled, ICC Disabled
// Coordinate system: ENU
PacketCounter	Acc_X	Acc_Y	Acc_Z	Gyr_X	Gyr_Y	Gyr_Z	Mat[1][1]	Mat[2][1]	Mat[3][1]	Mat[1][2]	Mat[2][2]	Mat[3][2]	Mat[1][3]	Mat[2][3]	Mat[3][3]
22567	4.778174	-1.115914	9.018007	0.003108	0.003824	0.003726	-0.857808	0.217388	0.465733	-0.299589	-0.947774	-0.109409	0.417626	-0.233380	0.878136
22568	4.762086	-1.138856	9.040398	0.003157	0.004543	0.003808	-0.857807	0.217404	0.465728	-0.299602	-0.947771	-0.109402	0.417619	-0.233379	0.878139
22569	4.774980	-1.129885	9.038378	0.002732	0.005927	0.004298	-0.857828	0.217399	0.465692	-0.299591	-0.947774	-0.109411	0.417584	-0.233373	0.878157
22570	4.767871	-1.135517	9.024336	0.003957	0.003799	0.003908	-0.857819	0.217408	0.465704	-0.299594	-0.947775	-0.109390	0.417601	-0.233359	0.878153
22571	4.767760	-1.120863	9.005802	0.001931	0.003925	0.003035	-0.857805	0.217441	0.465715	-0.299638	-0.947760	-0.109401	0.417597	-0.233391	0.878147
22572	4.763171	-1.154266	9.021100	0.001447	0.004966	0.005706	-0.857813	0.217445	0.465697	-0.299663	-0.947746	-0.109454	0.417562	-0.233444	0.878149
22573	4.755909	-1.133188	9.022249	0.005133	0.003695	0.004600	-0.857826	0.217377	0.465706	-0.299572	-0.947779	-0.109415	0.417602	-0.233371	0.878149
22574	4.781167	-1.139109	9.034259	0.002258	0.003846	0.003544	-0.857815	0.217394	0.465717	-0.299599	-0.947769	-0.109426	0.417604	-0.233395	0.878142
22575	4.774389	-1.144675	9.020055	0.004429	0.003131	0.003500	-0.857816	0.217342	0.465741	-0.299531	-0.947795	-0.109389	0.417652	-0.233339	0.878134
22576	4.767882	-1.128187	9.042336	0.003908	0.003077	0.003827	-0.857820	0.217271	0.465765	-0.299450	-0.947823	-0.109368	0.417700	-0.233291	0.878124
22577	4.786816	-1.135063	9.018378	0.002829	0.004618	0.003298	-0.857825	0.217269	0.465758	-0.299443	-0.947826	-0.109363	0.417696	-0.233282	0.878128
22578	4.775645	-1.142543	9.012959	0.000548	0.004271	0.005441	-0.857846	0.217201	0.465751	-0.299399	-0.947832	-0.109433	0.417685	-0.233322	0.878123
22579	4.780070	-1.131892	9.006940	0.002585	0.003766	0.004053	-0.857856	0.217146	0.465759	-0.299345	-0.947848	-0.109442	0.417703	-0.233308	0.878118
22580	4.756240	-1.138159	9.006356	0.004623	0.003262	0.002665	-0.857854	0.217103	0.465782	-0.299280	-0.947874	-0.109392	0.417753	-0.233242	0.878112
22581	4.770949	-1.119717	9.006267	0.000838	0.003096	0.003606	-0.857851	0.217063	0.465805	-0.299264	-0.947874	-0.109434	0.417771	-0.233277	0.878094
22582	4.761902	-1.149419	9.008976	0.003811	0.004381	0.004826	-0.857868	0.217008	0.465801	-0.299199	-0.947895	-0.109429	0.417784	-0.233242	0.878097
22583	4.772292	-1.132137	9.017725	0.005278	0.003103	0.003683	-0.857872	0.216943	0.465824	-0.299108	-0.947930	-0.109376	0.417840	-0.233162	0.878092
22584	4.783089	-1.119657	9.047756	0.004527	0.004566	0.003663	-0.857892	0.216887	0.465813	-0.299025	-0.947961	-0.109338	0.417858	-0.233090	0.878102
22585	4.776235	-1.125071	9.033613	0.003252	0.003231	0.002809	-0.857887	0.216857	0.465836	-0.298989	-0.947974	-0.109319	0.417894	-0.233063	0.878093
22586	4.775030	-1.119945	9.012794	0.002341	0.002913	0.004807	-0.857885	0.216809	0.465862	-0.298955	-0.947982	-0.109342	0.417922	-0.233075	0.878076
22587	4.758464	-1.138107	9.013895	0.002683	0.005202	0.004215	-0.857905	0.216778	0.465839	-0.298919	-0.947992	-0.109352	0.417906	-0.233062	0.878087
22588	4.783696	-1.143901	9.025967	0.005423	0.002514	0.002767	-0.857875	0.216807	0.465881	-0.298931	-0.947996	-0.109283	0.417960	-0.233018	0.878073
22589	4.770906	-1.128102	9.012273	0.005131	0.003688	0.004601	-0.857870	0.216804	0.465892	-0.298911	-0.948008	-0.109242	0.417985	-0.232976	0.878072
22590	4.746674	-1.128834	8.990480	0.007037	0.003392	0.001869	-0.857843	0.216855	0.465917	-0.298921	-0.948018	-0.109127	0.418033	-0.232886	0.878073
22591	4.774179	-1.129594	9.025761	0.004376	-0.000337	0.002260	-0.857783	0.216869	0.466023	-0.298942	-0.948017	-0.109076	0.418142	-0.232877	0.878024
22592	4.810299	-1.114173	9.024724	-0.000007	0.008608	0.005742	-0.857854	0.216810	0.465918	-0.298887	-0.948025	-0.109162	0.418035	-0.232901	0.878068
22593	4.754036	-1.152860	9.004337	0.000694	0.006425	0.005682	-0.857902	0.216738	0.465863	-0.298825	-0.948036	-0.109232	0.417980	-0.232922	0.878089
22594	4.778248	-1.127408	9.010512	0.003350	0.004666	0.002971	-0.857906	0.216742	0.465855	-0.298818	-0.948040	-0.109212	0.417978	-0.232899	0.878096
22595	4.774727	-1.145697	9.006727	0.005227	0.002379	0.003604	-0.857880	0.216753	0.465898	-0.298816	-0.948047	-0.109157	0.418033	-0.232861	0.878080
22596	4.773791	-1.118383	9.022364	0.003188	0.002886	0.004990	-0.857874	0.216716	0.465925	-0.298786	-0.948056	-0.109164	0.418065	-0.232860	0.878065
22597	4.770402	-1.142074	9.039917	0.002078	0.006075	0.003276	-0.857896	0.216717	0.465885	-0.298781	-0.948056	-0.109176	0.418025	-0.232859	0.878084
22598	4.775842	-1.121864	9.036247	0.001638	0.005093	0.004866	-0.857913	0.216694	0.465864	-0.298769	-0.948055	-0.109216	0.417999	-0.232883	0.878090
22599	4.784612	-1.136378	9.006394	0.004281	0.003709	0.004419	-0.857913	0.216671	0.465875	-0.298735	-0.948069	-0.109192	0.418023	-0.232851	0.878087
22600	4.773146	-1.116951	9.016205	-0.000205	0.005731	0.005416	-0.857945	0.216628	0.465837	-0.298717	-0.948065	-0.109278	0.417971	-0.232908	0.878097
22601	4.753373	-1.127464	9.028296	0.002487	0.005065	0.005050	-0.857970	0.216579	0.465813	-0.298667	-0.948078	-0.109301	0.417955	-0.232900	0.878107
22602	4.761070	-1.151177	8.996188	0.005176	0.001657	0.003524	-0.857938	0.216576	0.465872	-0.298655	-0.948088	-0.109246	0.418027	-0.232862	0.878082
22603	4.771122	-1.121227	9.038819	0.004129	-0.001191	0.003018	-0.857871	0.216577	0.465995	-0.298675	-0.948086	-0.109209	0.418151	-0.232868	0.878022
22604	4.797951	-1.112873	9.031455	0.001881	0.003199	0.002952	-0.857853	0.216593	0.466020	-0.298705	-0.948075	-0.109220	0.418166	-0.232897	0.878007
22605	4.798439	-1.130486	9.018963	0.000790	0.005117	0.004682	-0.857864	0.216594	0.466001	-0.298727	-0.948062	-0.109275	0.418129	-0.232950	0.878010
22606	4.800900	-1.103521	9.026081	-0.005653	0.006720	0.008327	-0.857923	0.216503	0.465934	-0.298720	-0.948037	-0.109513	0.418012	-0.233137	0.878016
22607	4.788453	-1.113671	9.020996	-0.009565	0.012255	0.010237	-0.858057	0.216385	0.465741	-0.298699	-0.948003	-0.109862	0.417751	-0.233384	0.878075
22608	4.813222	-1.079085	9.053543	-0.019448	0.018723	0.015383	-0.858302	0.216173	0.465388	-0.298658	-0.947943	-0.110486	0.417277	-0.233822	0.878184
22609	4.880754	-1.099427	9.056507	-0.042191	0.029471	0.030157	-0.858761	0.215701	0.464762	-0.298566	-0.947820	-0.111780	0.416400	-0.234754	0.878352
22610	4.772990	-1.094356	9.070599	-0.063906	0.047037	0.043156	-0.859497	0.215024	0.463712	-0.298419	-0.947638	-0.113702	0.414983	-0.236107	0.878660
22611	4.791729	-1.105163	9.058676	-0.068383	0.054091	0.044214	-0.860316	0.214359	0.462501	-0.298284	-0.947434	-0.115735	0.413380	-0.237525	0.879033
22612	4.737434	-1.257127	9.032836	-0.081998	0.054059	0.057266	-0.861229	0.213384	0.461250	-0.298002	-0.947217	-0.118216	0.411678	-0.239265	0.879360
22613	4.714202	-1.274677	9.011741	-0.079328	0.057312	0.054633	-0.862147	0.212517	0.459934	-0.297771	-0.946988	-0.120607	0.409921	-0.240936	0.879724
22614	4.692630	-1.285571	9.014350	-0.066907	0.054730	0.047781	-0.862995	0.211764	0.458689	-0.297518	-0.946806	-0.122647	0.408317	-0.242312	0.880092
22615	4.629319	-1.313188	9.002990	-0.051566	0.047278	0.039744	-0.863697	0.211185	0.457634	-0.297308	-0.946662	-0.124255	0.406984	-0.243377	0.880416
22616	4.637566	-1.348048	9.001097	-0.030178	0.036946	0.027407	-0.864202	0.210834	0.456842	-0.297143	-0.946582	-0.125251	0.406031	-0.243989	0.880686
22617	4.645002	-1.311601	9.019474	-0.018665	0.028675	0.020210	-0.864570	0.210599	0.456253	-0.297011	-0.946536	-0.125912	0.405343	-0.244371	0.880897
22618	4.615564	-1.297082	9.035932	-0.014262	0.022151	0.015613	-0.864838	0.210431	0.455822	-0.296931	-0.946493	-0.126422	0.404829	-0.244682	0.881047
22619	4.657157	-1.314865	9.025163	-0.005397	0.013976	0.012297	-0.865001	0.210285	0.455581	-0.296826	-0.946489	-0.126700	0.404559	-0.244824	0.881132
22620	4.632631	-1.313654	9.027189	-0.001007	0.009115	0.006528	-0.865072	0.210243	0.455464	-0.296798	-0.946482	-0.126817	0.404426	-0.244887	0.881175
22621	4.637082	-1.308375	9.042671	0.002567	0.000980	0.002916	-0.865033	0.210242	0.455539	-0.296818	-0.946476	-0.126813	0.404495	-0.244910	0.881137
22622	4.604779	-1.347215	9.019223	0.009293	-0.006825	-0.002631	-0.864871	0.210337	0.455804	-0.296903	-0.946479	-0.126596	0.404781	-0.244818	0.881031
22623	4.599745	-1.393595	8.983178	0.025189	-0.021238	-0.012152	-0.864492	0.210563	0.456417	-0.297026	-0.946530	-0.125921	0.405498	-0.244426	0.880810
22624	4.554447	-1.404848	8.939541	0.053456	-0.042662	-0.032112	-0.863748	0.211131	0.457562	-0.297293	-0.946648	-0.124396	0.406887	-0.243477	0.880433
22625	4.475912	-1.420459	8.926952	0.075998	-0.076951	-0.054224	-0.862490	0.212007	0.459527	-0.297793	-0.946787	-0.122122	0.409183	-0.242173	0.879728
22626	4.538799	-1.373407	8.941554	0.102712	-0.116766	-0.083522	-0.860597	0.213341	0.462448	-0.298644	-0.946926	-0.118920	0.412533	-0.240450	0.878635
22627	4.360010	-1.498981	8.852250	0.135126	-0.177247	-0.117592	-0.857810	0.215118	0.466783	-0.299869	-0.947071	-0.114610	0.417422	-0.238288	0.876914
22628	4.972235	-1.004419	9.123017	0.142771	-0.229097	-0.130757	-0.854344	0.216928	0.472269	-0.301286	-0.947171	-0.109968	0.423465	-0.236239	0.874568
22629	5.523230	-0.618961	9.388341	0.004115	-0.139330	-0.036240	-0.852519	0.217020	0.475514	-0.302122	-0.946963	-0.109470	0.426537	-0.236988	0.872870
22630	4.952982	-1.014321	8.943207	-0.044762	-0.069580	-0.010586	-0.851619	0.216926	0.477166	-0.302942	-0.946600	-0.110337	0.427750	-0.238519	0.871859
22631	4.953172	-1.110916	8.968384	-0.049354	-0.052885	-0.000586	-0.850975	0.216686	0.478424	-0.303592	-0.946265	-0.111423	0.428572	-0.240063	0.871031
22632	4.927572	-1.153461	8.950395	-0.036547	-0.037919	0.002284	-0.850512	0.216465	0.479346	-0.304044	-0.946020	-0.112262	0.429170	-0.241222	0.870416
22633	4.914730	-1.148790	8.948786	-0.027256	-0.029401	0.004213	-0.850153	0.216253	0.480077	-0.304359	-0.945840	-0.112922	0.429656	-0.242117	0.869928
22634	4.936725	-1.167507	8.950226	-0.013672	-0.023402	0.003687	-0.849859	0.216075	0.480678	-0.304525	-0.945744	-0.113281	0.430121	-0.242652	0.869549
22635	4.958540	-1.159524	8.936360	-0.002739	-0.009224	0.002513	-0.849709	0.216016	0.480970	-0.304602	-0.945707	-0.113387	0.430364	-0.242850	0.869374
22636	4.936244	-1.166194	8.935114	0.004783	0.002681	0.001725	-0.849676	0.216054	0.481011	-0.304624	-0.945708	-0.113319	0.430413	-0.242812	0.869360
22637	4.930400	-1.161424	8.923414	0.009148	0.006749	0.003943	-0.849705	0.216059	0.480957	-0.304547	-0.945749	-0.113185	0.430410	-0.242648	0.869407
22638	4.887458	-1.175748	8.935428	0.015770	0.008041	0.000580	-0.849718	0.216164	0.480887	-0.304483	-0.945807	-0.112866	0.430429	-0.242326	0.869488
22639	4.855801	-1.177093	8.931201	0.015162	-0.009409	0.004073	-0.849572	0.216078	0.481183	-0.304347	-0.945883	-0.112600	0.430812	-0.242109	0.869358
22640	4.958359	-1.145058	8.916078	0.012916	-0.014545	0.003982	-0.849371	0.215961	0.481591	-0.304235	-0.945945	-0.112381	0.431288	-0.241970	0.869161
22641	4.975472	-1.124854	8.914764	0.008830	-0.000336	0.002285	-0.849311	0.215970	0.481693	-0.304204	-0.945973	-0.112232	0.431430	-0.241853	0.869123
22642	4.940862	-1.152338	8.927659	0.001168	0.007057	0.001829	-0.849324	0.216040	0.481638	-0.304269	-0.945950	-0.112243	0.431357	-0.241878	0.869153
22643	4.936340	-1.156844	8.905633	-0.000113	0.015257	0.001026	-0.849421	0.216174	0.481407	-0.304361	-0.945917	-0.112272	0.431101	-0.241888	0.869277
22644	4.933777	-1.147974	8.909897	-0.003399	0.019553	0.001640	-0.849570	0.216317	0.481080	-0.304474	-0.945868	-0.112382	0.430728	-0.241952	0.869444
22645	4.913318	-1.141225	8.928302	-0.011316	0.023708	0.003035	-0.849773	0.216453	0.480660	-0.304643	-0.945778	-0.112679	0.430208	-0.242181	0.869638
22646	4.913543	-1.132986	8.924249	-0.007221	0.021786	0.005945	-0.849977	0.216509	0.480274	-0.304706	-0.945728	-0.112924	0.429760	-0.242325	0.869819
22647	4.928262	-1.120203	8.938893	-0.001160	0.025793	0.008522	-0.850246	0.216523	0.479792	-0.304642	-0.945732	-0.113067	0.429273	-0.242300	0.870067
22648	4.888581	-1.149861	8.954151	0.001509	0.023494	0.013764	-0.850525	0.216407	0.479348	-0.304450	-0.945776	-0.113216	0.428855	-0.242230	0.870292
22649	4.918926	-1.145527	8.952892	0.000173	0.021806	0.015094	-0.850802	0.216238	0.478933	-0.304229	-0.945824	-0.113410	0.428463	-0.242195	0.870495
22650	4.918773	-1.168917	8.955391	-0.002120	0.028975	0.020653	-0.851194	0.215990	0.478348	-0.303925	-0.945885	-0.113719	0.427900	-0.242178	0.870776
22651	4.889602	-1.196184	8.945050	-0.005023	0.033525	0.019589	-0.851628	0.215791	0.477665	-0.303669	-0.945924	-0.114078	0.427218	-0.242204	0.871104
22652	4.878491	-1.161278	8.953617	-0.013902	0.030226	0.026264	-0.852078	0.215413	0.477033	-0.303362	-0.945946	-0.114708	0.426537	-0.242454	0.871368
22653	4.848328	-1.201633	8.940318	-0.020249	0.027385	0.025509	-0.852489	0.215039	0.476466	-0.303144	-0.945923	-0.115468	0.425870	-0.242874	0.871577
22654	4.847681	-1.198241	8.936109	-0.019017	0.020840	0.025131	-0.852828	0.214633	0.476043	-0.302920	-0.945906	-0.116199	0.425352	-0.243300	0.871711
22655	4.836433	-1.251682	8.926629	-0.013431	0.012121	0.020130	-0.853038	0.214291	0.475822	-0.302739	-0.945896	-0.116748	0.425060	-0.243640	0.871759
22656	4.800912	-1.274038	8.941885	-0.001223	0.009091	0.011777	-0.853149	0.214133	0.475694	-0.302613	-0.945913	-0.116931	0.424926	-0.243711	0.871804
22657	4.851074	-1.224212	8.953398	0.003514	0.000409	0.006594	-0.853129	0.214039	0.475771	-0.302544	-0.945933	-0.116951	0.425015	-0.243716	0.871760
22658	4.877579	-1.215348	8.946194	0.009981	0.003930	0.002996	-0.853122	0.214050	0.475778	-0.302477	-0.945975	-0.116786	0.425076	-0.243544	0.871778
22659	4.877544	-1.218110	8.968011	0.012606	-0.000201	0.001373	-0.853061	0.214073	0.475878	-0.302416	-0.946024	-0.116546	0.425243	-0.243334	0.871755
22660	4.854226	-1.221531	8.967553	0.017059	0.002536	0.002608	-0.853036	0.214086	0.475917	-0.302285	-0.946106	-0.116222	0.425386	-0.243004	0.871777
22661	4.830461	-1.191590	8.961351	0.024810	0.000238	-0.001286	-0.852956	0.214190	0.476014	-0.302166	-0.946210	-0.115680	0.425631	-0.242505	0.871797
22662	4.753322	-1.138216	9.049723	-0.010541	-0.033813	0.000633	-0.852525	0.214042	0.476852	-0.302383	-0.946110	-0.115931	0.426340	-0.243026	0.871305
22663	4.911254	-1.433206	8.753404	0.040062	-0.023163	-0.006090	-0.852159	0.214107	0.477477	-0.302193	-0.946284	-0.115003	0.427206	-0.242291	0.871086
22664	4.908554	-1.010518	9.078244	0.053971	-0.009425	-0.000404	-0.851981	0.214126	0.477785	-0.301738	-0.946570	-0.113838	0.427881	-0.241153	0.871070
22665	4.894221	-1.161085	8.978213	0.006003	-0.021084	0.008158	-0.851744	0.213868	0.478324	-0.301609	-0.946613	-0.113821	0.428445	-0.241213	0.870776
22666	4.960391	-1.143199	8.943105	-0.002549	-0.014002	0.009674	-0.851594	0.213621	0.478699	-0.301542	-0.946612	-0.114007	0.428788	-0.241436	0.870545
22667	4.951883	-1.153040	8.935933	-0.009274	-0.003160	0.010613	-0.851567	0.213417	0.478839	-0.301527	-0.946576	-0.114351	0.428853	-0.241760	0.870424
22668	4.924432	-1.169415	8.964958	-0.009531	0.007533	0.012487	-0.851669	0.213230	0.478741	-0.301473	-0.946548	-0.114724	0.428689	-0.242034	0.870428
22669	4.888326	-1.181806	8.937654	-0.010389	0.011589	0.010024	-0.851796	0.213126	0.478562	-0.301480	-0.946501	-0.115086	0.428432	-0.242306	0.870479
22670	4.863006	-1.222682	8.943827	-0.002271	0.010289	0.008975	-0.851900	0.213041	0.478414	-0.301425	-0.946498	-0.115258	0.428264	-0.242394	0.870537
22671	4.896384	-1.185405	8.934954	0.007916	0.006454	0.005455	-0.851937	0.213014	0.478360	-0.301333	-0.946538	-0.115167	0.428254	-0.242261	0.870579
22672	4.857750	-1.198922	8.937700	0.012525	0.004200	0.005786	-0.851950	0.212972	0.478355	-0.301192	-0.946606	-0.114977	0.428327	-0.242032	0.870607
22673	4.813655	-1.232699	8.944049	0.009397	-0.007290	0.008896	-0.851865	0.212785	0.478591	-0.301016	-0.946673	-0.114893	0.428621	-0.241937	0.870489
22674	4.868923	-1.212517	8.959152	0.010790	-0.023588	0.005391	-0.851578	0.212581	0.479191	-0.300897	-0.946729	-0.114738	0.429273	-0.241896	0.870179
22675	4.945946	-1.127216	8.938823	0.005372	-0.019845	0.009485	-0.851362	0.212304	0.479697	-0.300752	-0.946774	-0.114749	0.429803	-0.241963	0.869898
22676	4.953567	-1.159045	8.934222	-0.004634	-0.011098	0.014412	-0.851278	0.211961	0.479999	-0.300606	-0.946785	-0.115038	0.430072	-0.242220	0.869694
22677	4.920016	-1.153788	8.917903	-0.009692	-0.005429	0.015653	-0.851263	0.211624	0.480174	-0.300490	-0.946772	-0.115451	0.430183	-0.242567	0.869542
22678	4.900560	-1.177737	8.926513	-0.011241	-0.002471	0.020060	-0.851313	0.211198	0.480272	-0.300295	-0.946772	-0.115952	0.430220	-0.242934	0.869421
22679	4.872639	-1.212076	8.897260	-0.007792	-0.001876	0.020861	-0.851376	0.210757	0.480355	-0.300045	-0.946798	-0.116387	0.430270	-0.243217	0.869318
22680	4.854965	-1.241930	8.926253	-0.017830	-0.018976	0.022393	-0.851266	0.210175	0.480805	-0.299871	-0.946771	-0.117058	0.430609	-0.243827	0.868979
22681	4.838817	-1.252204	8.944892	-0.031143	-0.031779	0.024530	-0.851033	0.209464	0.481526	-0.299795	-0.946672	-0.118045	0.431121	-0.244819	0.868446
22682	4.863337	-1.305780	8.928382	-0.054962	-0.053890	0.029750	-0.850601	0.208492	0.482709	-0.299865	-0.946453	-0.119611	0.431924	-0.246489	0.867574
22683	4.942083	-1.218139	8.954945	-0.052313	-0.075002	0.028262	-0.849928	0.207423	0.484353	-0.299940	-0.946240	-0.121102	0.433195	-0.248205	0.866451
22684	5.021594	-1.165112	8.909992	-0.060305	-0.061483	0.026119	-0.849384	0.206484	0.485707	-0.300149	-0.945963	-0.122739	0.434117	-0.250037	0.865462
22685	4.973349	-1.208869	8.923569	-0.066370	-0.049178	0.026949	-0.848978	0.205601	0.486790	-0.300408	-0.945648	-0.124517	0.434731	-0.251947	0.864599
22686	4.965111	-1.221048	8.939497	-0.081049	-0.058048	0.022531	-0.848442	0.204764	0.488076	-0.300921	-0.945214	-0.126556	0.435422	-0.254248	0.863577
22687	4.879090	-1.290986	8.982909	-0.100719	-0.075219	0.005994	-0.847593	0.204203	0.489782	-0.302002	-0.944564	-0.128816	0.436326	-0.257099	0.862276
22688	4.710259	-1.222697	9.091543	-0.109345	-0.117931	-0.003685	-0.846202	0.203589	0.492436	-0.303385	-0.943801	-0.131139	0.438064	-0.260368	0.860412
22689	4.939014	-1.149442	9.017325	-0.153911	-0.241563	0.014052	-0.843577	0.201731	0.497677	-0.304891	-0.942824	-0.134629	0.442063	-0.265308	0.856850
22690	5.071676	-1.340711	8.887245	-0.168026	-0.299671	0.033277	-0.840425	0.199000	0.504068	-0.306168	-0.941827	-0.138648	0.447154	-0.270853	0.852462
22691	5.138787	-1.474181	8.805217	-0.161475	-0.307377	0.033489	-0.837150	0.196170	0.510586	-0.307391	-0.940851	-0.142515	0.452428	-0.276256	0.847934
22692	5.061973	-1.485805	8.741378	-0.168340	-0.353166	0.033635	-0.833311	0.192974	0.518029	-0.308716	-0.939802	-0.146515	0.458571	-0.282016	0.842721
22693	6.654714	-1.433143	7.536372	-0.321487	-0.721231	0.094527	-0.825584	0.185629	0.532873	-0.310601	-0.937901	-0.154494	0.471103	-0.293059	0.831973
22694	4.648417	-1.840940	9.266542	-0.077276	-0.262968	0.118241	-0.823307	0.180977	0.537971	-0.309190	-0.937836	-0.157687	0.475991	-0.296160	0.828083
22695	5.271959	-1.868250	8.601270	-0.051276	-0.277313	0.074817	-0.820487	0.177218	0.543502	-0.308376	-0.937753	-0.159763	0.481358	-0.298687	0.824064
22696	5.466237	-1.504803	8.591251	-0.087264	-0.383139	0.058621	-0.816214	0.173021	0.551233	-0.308345	-0.937316	-0.162362	0.488588	-0.302492	0.818401
22697	5.369453	-1.574876	8.644036	-0.156324	-0.456474	0.061518	-0.810987	0.168152	0.560379	-0.309129	-0.936349	-0.166405	0.496729	-0.308182	0.811347
22698	5.598414	-1.666722	8.466819	-0.165840	-0.550689	0.063433	-0.804490	0.162438	0.571322	-0.310037	-0.935283	-0.170651	0.506628	-0.314418	0.802788
22699	5.750674	-1.641167	8.305596	-0.199032	-0.637372	0.081644	-0.796880	0.155517	0.583779	-0.311062	-0.933989	-0.175800	0.517903	-0.321682	0.792652
22700	5.685293	-1.644822	8.342786	-0.233070	-0.716810	0.115939	-0.788307	0.147027	0.597457	-0.311928	-0.932493	-0.182094	0.530352	-0.329910	0.780952
22701	5.678637	-1.566532	8.471047	-0.302949	-0.852532	0.159444	-0.778011	0.136227	0.613303	-0.312987	-0.930484	-0.190363	0.544737	-0.340061	0.766564
22702	6.349786	-1.860427	7.795706	-0.364753	-1.012570	0.232532	-0.765745	0.122118	0.631444	-0.313652	-0.928045	-0.200884	0.561477	-0.351880	0.748949
22703	5.820494	-1.994791	8.194890	-0.355830	-1.071021	0.232085	-0.752210	0.107216	0.650142	-0.314430	-0.925495	-0.211169	0.579063	-0.363268	0.729879
22704	6.380112	-2.195294	7.701914	-0.386910	-1.215871	0.159260	-0.735478	0.092360	0.671224	-0.317273	-0.922287	-0.220738	0.598673	-0.375309	0.707625
22705	6.555044	-2.395889	7.538999	-0.497875	-1.318629	0.073334	-0.715908	0.078112	0.693811	-0.323627	-0.917649	-0.230622	0.618661	-0.389640	0.682232
22706	6.627943	-2.972764	6.786468	-0.352313	-1.357385	0.020237	-0.694627	0.064292	0.716491	-0.328919	-0.914174	-0.236851	0.639770	-0.400191	0.656157
22707	6.874643	-2.207214	7.059583	-0.256182	-1.432584	-0.031628	-0.670954	0.050580	0.739772	-0.333733	-0.911508	-0.240365	0.662150	-0.408160	0.628460
22708	7.168444	-2.191781	7.176670	-0.288674	-1.643599	-0.020841	-0.642965	0.034152	0.765134	-0.339047	-0.908479	-0.244361	0.686762	-0.416532	0.595700
22709	7.581964	-2.211670	7.281074	-0.353238	-1.914796	-0.005623	-0.609290	0.014158	0.792821	-0.345423	-0.904727	-0.249304	0.713757	-0.425757	0.556132
22710	7.632420	-2.438143	7.782275	-0.545229	-2.309267	0.008270	-0.567199	-0.010932	0.823508	-0.355331	-0.898810	-0.256670	0.742984	-0.438201	0.505920
22711	8.559498	-2.726078	8.510630	-0.763547	-2.828307	-0.037659	-0.513089	-0.041586	0.857328	-0.370424	-0.890296	-0.264874	0.774290	-0.453479	0.441397
22712	10.404534	-2.946759	9.045123	-1.053778	-3.293685	-0.115536	-0.446870	-0.077114	0.891269	-0.392701	-0.878249	-0.272882	0.803799	-0.471945	0.362180
22713	10.462961	-2.683446	8.956487	-1.500675	-3.529646	-0.142198	-0.373406	-0.116723	0.920295	-0.424814	-0.860404	-0.281493	0.824682	-0.496066	0.271695
22714	8.941470	-3.519358	7.819327	-1.759677	-3.677646	-0.293745	-0.293636	-0.157228	0.942898	-0.463894	-0.839009	-0.284370	0.835811	-0.520906	0.173426
22715	7.154207	-2.412056	6.805910	-1.807280	-3.421943	-0.582168	-0.214921	-0.190691	0.957834	-0.505451	-0.817468	-0.276160	0.835660	-0.543491	0.079307
22716	1.950347	-0.132535	5.899625	-2.156558	-3.576004	-0.694428	-0.131432	-0.226417	0.965122	-0.553255	-0.791090	-0.260932	0.822578	-0.568253	-0.021292
22717	23.702651	-8.179705	9.766489	-0.983925	-0.706507	-0.904094	-0.104147	-0.218771	0.970202	-0.576051	-0.781950	-0.238159	0.810752	-0.583690	-0.044586
22718	9.930887	-3.732952	7.060392	2.176623	4.248383	-1.234324	-0.173934	-0.133248	0.975701	-0.535792	-0.818508	-0.207294	0.826241	-0.558828	0.070973
22719	3.001955	3.993293	5.492523	2.237564	5.683160	-1.514148	-0.271697	-0.024482	0.962071	-0.498054	-0.851816	-0.162331	0.823482	-0.523268	0.219243
22720	-1.402852	4.379748	3.515252	-0.298232	5.039723	-1.129846	-0.358489	0.065871	0.931207	-0.513008	-0.847290	-0.137559	0.779941	-0.527030	0.337536
22721	1.652618	-3.512895	3.364670	-0.523413	3.721058	-1.283648	-0.412220	0.142120	0.899931	-0.535381	-0.837011	-0.113052	0.737185	-0.528408	0.421121
22722	6.188540	-1.593818	6.355748	0.299483	3.813879	-1.348995	-0.462488	0.219702	0.858974	-0.544825	-0.834740	-0.079841	0.699479	-0.504915	0.505757
22723	6.904971	-2.213795	6.440379	-0.323366	3.932559	-0.921510	-0.515924	0.287683	0.806883	-0.561619	-0.824838	-0.065016	0.646844	-0.486704	0.587122
22724	8.553345	-3.883494	6.141713	-0.358231	3.656395	-0.336359	-0.567782	0.338203	0.750495	-0.571800	-0.817892	-0.064016	0.592173	-0.465480	0.657768
22725	10.547106	-4.304434	6.609916	-0.395907	3.282837	0.503461	-0.621322	0.365328	0.693178	-0.569975	-0.817768	-0.079900	0.537668	-0.444738	0.716324
22726	11.783071	-4.726889	6.696753	-0.191369	2.959530	1.355064	-0.678194	0.369544	0.635209	-0.550473	-0.828102	-0.105961	0.486860	-0.421527	0.765037
22727	12.337880	-3.548562	7.012009	0.002257	2.777158	1.806736	-0.734431	0.360190	0.575217	-0.518594	-0.844569	-0.133282	0.437803	-0.396190	0.807070
22728	11.447904	-2.317412	6.548503	-0.005989	2.622319	1.574179	-0.781308	0.351928	0.515466	-0.488885	-0.858485	-0.154900	0.388006	-0.373028	0.842794
22729	10.806854	-1.452525	5.838260	-0.276122	2.247212	1.043878	-0.816446	0.344861	0.463127	-0.465171	-0.868012	-0.173696	0.342099	-0.357247	0.869105
22730	11.108758	-0.951740	4.628789	-0.457444	1.785139	0.463771	-0.838420	0.345039	0.421901	-0.453538	-0.870967	-0.188997	0.302251	-0.349807	0.886724
22731	11.167393	-1.053105	3.212639	-0.559410	1.151318	-0.128715	-0.846469	0.354860	0.396945	-0.457173	-0.866545	-0.200232	0.272916	-0.350963	0.895735
22732	12.293586	-1.165855	3.640569	-0.648974	0.588879	-0.509460	-0.844368	0.371101	0.386428	-0.472289	-0.856103	-0.209833	0.252954	-0.359682	0.898133
22733	11.640945	-1.468914	3.598636	-0.820596	0.595662	-0.476630	-0.842192	0.386713	0.375720	-0.487384	-0.844029	-0.223767	0.230585	-0.371575	0.899312
22734	8.103549	-1.374452	3.127634	-0.799575	0.490293	-0.387899	-0.840043	0.399507	0.367045	-0.500039	-0.832605	-0.238179	0.210449	-0.383618	0.899193
22735	-0.837060	-7.996139	6.786252	2.060339	-0.538934	-0.177995	-0.834681	0.398374	0.380271	-0.492068	-0.849554	-0.190074	0.247340	-0.345770	0.905133
22736	-1.544173	11.547922	11.029828	0.180556	-1.748711	1.247581	-0.837877	0.356302	0.413536	-0.464868	-0.862853	-0.198451	0.286112	-0.358517	0.888597
22737	27.786058	-2.267177	16.188834	1.890104	-0.967482	-1.702924	-0.810131	0.384812	0.442275	-0.485528	-0.863212	-0.138301	0.328558	-0.326779	0.886152
22738	-0.988594	-0.584551	10.395715	-0.892785	-0.443813	0.666100	-0.814442	0.366738	0.449652	-0.479420	-0.861852	-0.165429	0.326865	-0.350305	0.877750
22739	3.550457	-2.592995	8.255096	-0.006670	0.039744	-0.010697	-0.814555	0.367363	0.448938	-0.479794	-0.861637	-0.165469	0.326034	-0.350181	0.878109
22740	4.765765	-1.560470	9.123589	0.152992	-0.109082	-0.121393	-0.812120	0.369071	0.451938	-0.481108	-0.861795	-0.160760	0.330146	-0.347987	0.877444
22741	4.653897	-1.390042	9.098895	0.104181	-0.060136	-0.088401	-0.810474	0.370500	0.453720	-0.482139	-0.861823	-0.157489	0.332677	-0.346397	0.877118
22742	4.262233	-2.016569	8.682897	0.186987	-0.099097	-0.148953	-0.807762	0.372901	0.456580	-0.483688	-0.861992	-0.151709	0.336996	-0.343387	0.876653
22743	4.431062	-1.757599	8.830458	0.278015	-0.184714	-0.225697	-0.803370	0.376236	0.461567	-0.485968	-0.862191	-0.143043	0.344141	-0.339223	0.875497
22744	4.765884	-1.263941	8.953880	0.330564	-0.216944	-0.246064	-0.798399	0.379762	0.467269	-0.488116	-0.862590	-0.132971	0.352564	-0.334246	0.874059
22745	5.189345	-0.953099	9.182911	0.328849	-0.242348	-0.218605	-0.793478	0.382514	0.473366	-0.489632	-0.863176	-0.123236	0.361459	-0.329561	0.872202
22746	5.439614	-0.644392	9.298606	0.160409	-0.161956	-0.109904	-0.790570	0.383603	0.477334	-0.490450	-0.863382	-0.118447	0.366685	-0.327749	0.870702
22747	5.278457	-0.921159	9.110532	0.053650	-0.095000	-0.040101	-0.789116	0.383739	0.479625	-0.490850	-0.863378	-0.116811	0.369273	-0.327601	0.869664
22748	5.152411	-0.934546	9.051750	-0.013137	-0.026398	0.007379	-0.788874	0.383412	0.480285	-0.490927	-0.863282	-0.117195	0.369687	-0.328237	0.869248
22749	5.021865	-1.186936	8.906142	-0.025142	-0.007682	0.014273	-0.788889	0.383090	0.480517	-0.490980	-0.863153	-0.117922	0.369585	-0.328952	0.869021
22750	4.998327	-1.153578	8.966815	-0.018341	0.013260	0.013094	-0.789083	0.382965	0.480298	-0.490993	-0.863068	-0.118487	0.369153	-0.329319	0.869065
22751	5.010837	-1.078686	8.996758	-0.041921	0.029254	0.027764	-0.789604	0.382656	0.479687	-0.490933	-0.862929	-0.119741	0.368117	-0.330042	0.869231
22752	4.876561	-1.246294	8.859565	-0.044237	0.034180	0.036628	-0.790279	0.382196	0.478942	-0.490718	-0.862855	-0.121150	0.366954	-0.330768	0.869446
22753	4.802704	-1.327524	8.849756	-0.014600	0.024954	0.021321	-0.790680	0.381991	0.478443	-0.490532	-0.862878	-0.121732	0.366337	-0.330943	0.869640
22754	4.811400	-1.315252	8.874476	0.016106	0.010077	0.000790	-0.790693	0.382106	0.478329	-0.490471	-0.862960	-0.121401	0.366391	-0.330598	0.869749
22755	4.912494	-1.146820	8.927483	0.033156	-0.003511	-0.006361	-0.790494	0.382263	0.478533	-0.490395	-0.863114	-0.120614	0.366922	-0.330014	0.869746
22756	4.944809	-1.053911	8.951315	0.023335	-0.008925	0.001309	-0.790340	0.382210	0.478831	-0.490256	-0.863260	-0.120132	0.367440	-0.329695	0.869649
22757	4.962683	-1.120250	8.944914	0.011536	-0.002338	0.010627	-0.790360	0.382010	0.478957	-0.490042	-0.863397	-0.120017	0.367683	-0.329566	0.869595
22758	4.936427	-1.126613	8.929982	0.005187	-0.001548	0.019235	-0.790492	0.381631	0.479041	-0.489716	-0.863565	-0.120144	0.367832	-0.329567	0.869532
22759	4.851411	-1.189443	8.889016	0.009381	-0.004539	0.018290	-0.790585	0.381247	0.479192	-0.489370	-0.863757	-0.120168	0.368092	-0.329506	0.869445
22760	4.847250	-1.138431	8.891265	0.017530	-0.025278	0.016488	-0.790465	0.380732	0.479800	-0.488985	-0.864000	-0.119994	0.368862	-0.329466	0.869134
22761	4.957828	-1.193284	8.906092	-0.004550	-0.040269	0.028354	-0.790351	0.379836	0.480697	-0.488568	-0.864173	-0.120442	0.369657	-0.330044	0.868576
22762	4.884481	-1.272683	8.900708	0.006949	-0.058581	0.027701	-0.790058	0.378803	0.481993	-0.488058	-0.864434	-0.120633	0.370955	-0.330547	0.867831
22763	5.000077	-1.146721	8.932647	0.022427	-0.052290	0.018705	-0.789711	0.378015	0.483178	-0.487583	-0.864738	-0.120380	0.372317	-0.330655	0.867207
22764	5.021487	-1.116982	8.932257	0.001009	-0.039581	0.023422	-0.789538	0.377231	0.484073	-0.487213	-0.864909	-0.120650	0.373166	-0.331104	0.866670
22765	5.013668	-1.211187	8.888670	-0.007562	-0.023566	0.027009	-0.789558	0.376500	0.484609	-0.486852	-0.865042	-0.121148	0.373595	-0.331587	0.866301
22766	4.972825	-1.202043	8.869574	-0.009611	-0.020148	0.022229	-0.789551	0.375901	0.485085	-0.486605	-0.865113	-0.121634	0.373931	-0.332081	0.865966
22767	4.956730	-1.153129	8.853796	-0.018013	-0.027508	0.029455	-0.789562	0.375084	0.485698	-0.486295	-0.865181	-0.122388	0.374311	-0.332826	0.865516
22768	4.935814	-1.244887	8.817030	-0.024734	-0.041702	0.034525	-0.789502	0.374039	0.486602	-0.485947	-0.865240	-0.123350	0.374890	-0.333848	0.864872
22769	4.820948	-1.432352	8.832792	-0.022864	-0.071996	0.031506	-0.789119	0.372804	0.488168	-0.485642	-0.865285	-0.124236	0.376088	-0.335111	0.863862
22770	4.902954	-1.351388	8.817148	-0.003326	-0.084100	0.020617	-0.788488	0.371701	0.490026	-0.485369	-0.865390	-0.124567	0.377762	-0.336063	0.862762
22771	5.020651	-1.200696	8.895391	-0.035613	-0.112493	0.024531	-0.787631	0.370271	0.492480	-0.485325	-0.865259	-0.125643	0.379602	-0.337973	0.861207
22772	5.086059	-1.294573	8.906715	-0.053654	-0.088528	0.040070	-0.787186	0.368702	0.494365	-0.485148	-0.865116	-0.127298	0.380749	-0.340048	0.859883
22773	5.003428	-1.394979	8.860163	-0.046045	-0.101942	0.032194	-0.786514	0.367184	0.496559	-0.485056	-0.864962	-0.128692	0.382251	-0.342077	0.858410
22774	5.030579	-1.216613	9.041735	-0.040286	-0.104606	0.002074	-0.785448	0.366290	0.498902	-0.485503	-0.864577	-0.129588	0.383872	-0.344003	0.856915
22775	4.272489	-1.079807	9.645855	-0.121100	-0.172105	-0.070698	-0.782842	0.366375	0.502920	-0.488156	-0.862823	-0.131299	0.385827	-0.348290	0.854302
22776	5.106247	-0.624526	9.491284	-0.362437	-0.515514	-0.057888	-0.777033	0.363097	0.514180	-0.492908	-0.859024	-0.138272	0.391486	-0.360885	0.846463
22777	4.824419	-1.111758	9.343586	-0.415793	-0.672870	-0.054175	-0.769618	0.358105	0.528629	-0.498167	-0.854647	-0.146312	0.399396	-0.375950	0.836149
22778	4.674456	-1.782362	9.242989	-0.452666	-1.005556	-0.058524	-0.758581	0.349710	0.549780	-0.503982	-0.849711	-0.154898	0.412985	-0.394582	0.820822
22779	4.985552	-2.052496	9.058596	-0.511316	-1.345988	-0.115182	-0.742811	0.338531	0.577607	-0.511644	-0.843473	-0.163628	0.431802	-0.417073	0.799748
22780	5.291925	-1.957072	9.090562	-0.428638	-1.660699	-0.174322	-0.722020	0.324439	0.611086	-0.519696	-0.837377	-0.169457	0.456731	-0.439930	0.773213
22781	5.304535	-1.780056	9.278566	-0.192997	-2.132234	-0.287403	-0.692869	0.306462	0.652698	-0.527167	-0.832878	-0.168549	0.491963	-0.460863	0.738632
22782	5.867374	-2.067493	9.395464	-0.157664	-2.635397	-0.475144	-0.652625	0.285233	0.701942	-0.537280	-0.827443	-0.163302	0.534238	-0.483715	0.693260
22783	6.551876	-2.839709	9.330010	-0.047799	-3.077958	-0.733941	-0.599583	0.262310	0.756104	-0.549535	-0.821770	-0.150685	0.581817	-0.505854	0.636868
22784	8.360468	-3.580657	9.846052	0.031099	-3.469579	-1.009959	-0.532764	0.238203	0.812048	-0.563458	-0.815794	-0.130368	0.631410	-0.527010	0.568842
22785	9.196963	-2.997875	9.571888	0.223705	-3.654845	-1.284866	-0.454398	0.215452	0.864351	-0.575741	-0.811444	-0.100408	0.679739	-0.543267	0.492763
22786	8.876733	-2.506788	9.095395	0.196536	-3.719313	-1.439842	-0.368172	0.193369	0.909427	-0.587194	-0.806736	-0.066185	0.720869	-0.558377	0.410563
22787	6.246453	-2.316300	7.277643	0.266828	-3.825324	-1.548425	-0.274509	0.170564	0.946336	-0.594788	-0.803404	-0.027731	0.755560	-0.570482	0.321992
22788	3.820488	-1.836076	5.476647	0.529639	-3.980012	-1.682901	-0.172623	0.147368	0.973901	-0.594056	-0.804257	0.016402	0.785684	-0.575720	0.226378
22789	9.469574	-1.518655	6.863603	1.080101	-4.357199	-1.691709	-0.060485	0.119272	0.991017	-0.577423	-0.814032	0.062729	0.814202	-0.568442	0.118107
22790	17.631594	-2.123650	10.655952	1.576760	1.115077	-0.566638	-0.075426	0.146333	0.986356	-0.545941	-0.833805	0.081953	0.834421	-0.532311	0.142780
22791	5.292135	1.022788	8.788436	1.324274	3.822695	0.381721	-0.160548	0.187150	0.969123	-0.517122	-0.852266	0.078915	0.840719	-0.488485	0.233609
22792	1.744673	0.628799	5.924057	0.727745	4.296072	0.891532	-0.261473	0.218556	0.940141	-0.497292	-0.865304	0.062852	0.827244	-0.451090	0.334940
22793	-1.163601	-0.080110	4.671690	0.454325	3.970151	1.046026	-0.355150	0.239025	0.903735	-0.480031	-0.876192	0.043097	0.802146	-0.418515	0.425918
22794	1.316978	-2.532366	5.335295	0.656034	2.754957	1.062052	-0.422168	0.243415	0.873226	-0.456776	-0.889171	0.027027	0.783026	-0.387458	0.486566
22795	6.085517	-2.192779	7.680906	1.228265	2.777107	1.140941	-0.488413	0.243222	0.838031	-0.420081	-0.907298	0.018497	0.764843	-0.343007	0.545309
22796	7.143357	-1.773634	8.375999	0.868791	3.051298	1.303405	-0.558734	0.238192	0.794406	-0.386806	-0.922150	0.004440	0.733619	-0.304801	0.607371
22797	8.815187	-2.962440	8.366710	0.544209	3.177841	1.301659	-0.627488	0.231038	0.743559	-0.357874	-0.933694	-0.011893	0.691509	-0.273563	0.668565
22798	10.267298	-3.685931	8.736407	0.369341	3.245341	1.313417	-0.692871	0.221382	0.686236	-0.330109	-0.943500	-0.028924	0.641060	-0.246573	0.726804
22799	11.385179	-4.784740	9.141963	0.402322	3.448636	1.354034	-0.756271	0.209387	0.619847	-0.299494	-0.953109	-0.043446	0.581685	-0.218497	0.783519
22800	10.485106	-2.902315	8.184636	0.312850	3.571306	1.355215	-0.814827	0.195374	0.545789	-0.268657	-0.961555	-0.056884	0.513692	-0.192981	0.835990
22801	9.621033	-1.766614	6.815539	-0.226914	2.983808	1.220261	-0.858620	0.180103	0.479932	-0.245938	-0.966189	-0.077417	0.449762	-0.184505	0.873883
22802	8.878837	-1.751887	6.527068	-0.469124	2.131643	0.686564	-0.885400	0.173456	0.431254	-0.236040	-0.967023	-0.095660	0.400440	-0.186491	0.897145
22803	8.669738	-0.134502	6.249382	-0.796369	1.172405	-0.090643	-0.896118	0.181376	0.405063	-0.245811	-0.962742	-0.112717	0.369527	-0.200576	0.907314
22804	12.548598	-0.735558	6.705087	-1.426048	0.635375	-0.566964	-0.898110	0.198442	0.392453	-0.271372	-0.952313	-0.139490	0.346058	-0.231778	0.909133
22805	14.678268	-0.969705	6.890257	-1.764400	1.020044	-0.741557	-0.901127	0.222393	0.372170	-0.302624	-0.937348	-0.172619	0.310464	-0.268179	0.911972
22806	13.137150	-1.250654	5.096804	-2.032684	1.644852	-0.574663	-0.908215	0.247591	0.337407	-0.330145	-0.919341	-0.214048	0.257196	-0.305795	0.916700
22807	10.540598	-1.359540	3.041075	-1.780045	1.535668	-0.423718	-0.913480	0.269623	0.304727	-0.350223	-0.902258	-0.251545	0.207120	-0.336504	0.918622
22808	8.302358	-10.549019	0.674205	-0.235061	0.217842	0.225904	-0.916506	0.266418	0.298394	-0.346349	-0.901730	-0.258699	0.200149	-0.340447	0.918714
22809	4.819549	6.431265	9.599911	4.077319	-0.404802	-0.294751	-0.911705	0.270232	0.309464	-0.330540	-0.929809	-0.161862	0.244002	-0.249861	0.937034
22810	0.125730	3.079146	9.026122	0.276388	-1.245639	2.399438	-0.921702	0.206216	0.328543	-0.273846	-0.945790	-0.174611	0.274725	-0.250910	0.928208
22811	3.755804	0.742225	8.985024	0.354951	-1.641865	1.637105	-0.919931	0.157077	0.359240	-0.233640	-0.955413	-0.180548	0.314862	-0.250025	0.915614
22812	4.880842	2.617888	10.246154	0.296544	-1.570691	0.599976	-0.910153	0.132984	0.392348	-0.217550	-0.959406	-0.179480	0.352553	-0.248709	0.902136
22813	7.689871	1.253106	11.911464	-0.064379	-1.341957	-0.104616	-0.897186	0.127112	0.422966	-0.220617	-0.958631	-0.179874	0.382604	-0.254694	0.888113
22814	7.533211	-6.573976	8.942840	0.242592	-0.502806	-0.168761	-0.891297	0.128051	0.434963	-0.222144	-0.959597	-0.172702	0.395275	-0.250553	0.883731
22815	6.140846	1.353780	10.430180	0.417097	-0.408673	-0.402639	-0.884869	0.135267	0.445768	-0.227018	-0.960809	-0.159086	0.406779	-0.241968	0.880899
22816	4.909573	-1.921297	8.999254	0.172677	-0.261596	-0.166772	-0.881164	0.137770	0.452294	-0.229044	-0.961249	-0.153427	0.413629	-0.238789	0.878573
22817	5.083338	-0.909475	9.296811	0.082626	-0.194651	-0.101128	-0.878485	0.139111	0.457069	-0.230525	-0.961361	-0.150475	0.418476	-0.237556	0.876610
22818	4.827159	-1.466414	9.042095	0.072906	-0.155395	-0.085042	-0.876286	0.140304	0.460909	-0.231740	-0.961467	-0.147911	0.422396	-0.236423	0.875035
22819	4.722608	-1.765092	8.929144	0.076027	-0.129798	-0.083810	-0.874349	0.141623	0.464173	-0.232884	-0.961591	-0.145287	0.425769	-0.235130	0.873747
22820	4.853614	-1.479091	8.976902	0.127671	-0.111228	-0.110555	-0.872440	0.143701	0.467117	-0.234050	-0.961913	-0.141221	0.429033	-0.232535	0.872845
22821	5.051791	-1.312752	9.024743	0.130448	-0.097613	-0.103318	-0.870708	0.145692	0.469725	-0.235013	-0.962264	-0.137173	0.432015	-0.229829	0.872091
22822	4.956083	-1.255412	9.040399	0.104679	-0.053838	-0.065652	-0.869663	0.147034	0.471240	-0.235424	-0.962593	-0.134126	0.433892	-0.227586	0.871747
22823	4.918088	-1.391664	8.961447	0.100352	-0.040973	-0.051230	-0.868840	0.148106	0.472422	-0.235563	-0.962943	-0.131341	0.435463	-0.225400	0.871531
22824	4.979319	-1.351011	8.954024	0.110349	-0.034659	-0.048423	-0.868100	0.149149	0.473453	-0.235527	-0.963352	-0.128371	0.436955	-0.222950	0.871415
22825	5.014770	-1.246251	8.943913	0.087357	-0.013344	-0.031789	-0.867690	0.149912	0.473963	-0.235378	-0.963689	-0.126098	0.437849	-0.220974	0.871469
22826	4.928502	-1.213777	9.023778	0.066053	0.003306	-0.013383	-0.867570	0.150325	0.474051	-0.235061	-0.963973	-0.124507	0.438256	-0.219449	0.871650
22827	4.862879	-1.191126	8.952507	0.055341	0.016189	0.003532	-0.867691	0.150400	0.473806	-0.234494	-0.964260	-0.123349	0.438321	-0.218133	0.871948
22828	4.785347	-1.312954	8.935942	0.049646	-0.010195	0.010040	-0.867561	0.150175	0.474116	-0.233847	-0.964539	-0.122391	0.438923	-0.217053	0.871914
22829	4.824836	-1.344545	8.904336	0.050433	-0.032872	0.005802	-0.867157	0.149929	0.474932	-0.233284	-0.964805	-0.121367	0.440021	-0.216038	0.871613
22830	4.780427	-1.277700	8.934039	0.054646	-0.057132	0.001345	-0.866458	0.149661	0.476290	-0.232768	-0.965076	-0.120199	0.441667	-0.215013	0.871034
22831	4.687649	-1.374353	8.874100	0.053345	-0.087926	-0.002145	-0.865395	0.149313	0.478328	-0.232340	-0.965325	-0.119019	0.443971	-0.214133	0.870079
