// General information: 
//  MT Manager version: 2022.2.0 
//  XDA version: 2022.2.0 build 7381 rev 124627 built on 2023-07-19
// Device information: 
//  DeviceId: 00B4CB9F
//  ProductCode: MTW2-3A7G6
//  Firmware Version: 4.6.0
//  Hardware Version: 2.0.0
// Device settings: 
//  Filter Profile: human(46.1)
//  Option Flags: Orientation Smoother Disabled, Position/Velocity Smoother Disabled, Continuous Zero Rotation Update Disabled, AHS Disabled, ICC Disabled
// Coordinate system: ENU
PacketCounter	Acc_X	Acc_Y	Acc_Z	Gyr_X	Gyr_Y	Gyr_Z	Mat[1][1]	Mat[2][1]	Mat[3][1]	Mat[1][2]	Mat[2][2]	Mat[3][2]	Mat[1][3]	Mat[2][3]	Mat[3][3]
17737	9.097923	-1.005336	0.113847	0.763663	1.259228	0.254861	0.258880	0.026576	0.965544	-0.520681	0.845789	0.116324	-0.813555	-0.532854	0.232796
17738	8.921439	-0.500742	-0.002385	1.052076	1.098261	0.321380	0.276514	0.048431	0.959789	-0.544090	0.831134	0.114813	-0.792153	-0.553959	0.256171
17739	9.326333	0.995215	0.777649	1.386516	1.023493	0.306013	0.292025	0.069425	0.953887	-0.573404	0.810944	0.116522	-0.765460	-0.580990	0.276625
17740	9.430154	2.822986	1.641998	1.419049	1.001271	0.136750	0.308675	0.087211	0.947161	-0.601216	0.789526	0.123237	-0.737061	-0.607489	0.296139
17741	9.100772	3.779523	2.448326	1.070013	0.948157	0.042248	0.325067	0.102805	0.940087	-0.621062	0.772865	0.130235	-0.713171	-0.626187	0.315081
17742	8.912394	3.149316	2.893296	0.724657	0.858784	0.029275	0.339571	0.117054	0.933268	-0.634152	0.761287	0.135254	-0.694653	-0.637762	0.332741
17743	9.143545	2.520104	3.497828	0.497572	0.824708	0.019436	0.353280	0.130743	0.926337	-0.642950	0.753209	0.138896	-0.679565	-0.644657	0.350154
17744	8.369734	1.932159	3.011926	0.396446	0.812944	-0.036323	0.367393	0.143301	0.918960	-0.649367	0.746882	0.143144	-0.665842	-0.649332	0.367454
17745	7.709048	1.449095	2.941109	0.413834	0.715827	-0.072501	0.380226	0.153700	0.912033	-0.655582	0.740370	0.148541	-0.652411	-0.654392	0.382271
17746	8.274377	1.084684	3.036902	0.430089	0.597491	-0.052341	0.390593	0.162629	0.906084	-0.662097	0.733474	0.153767	-0.639582	-0.659976	0.394166
17747	8.564758	0.937561	2.882921	0.439839	0.489331	0.010726	0.398019	0.171008	0.901298	-0.669241	0.726102	0.157774	-0.627453	-0.665982	0.403447
17748	8.565476	1.160387	3.013028	0.458974	0.411420	0.071462	0.403061	0.179249	0.897447	-0.677160	0.718073	0.160703	-0.615626	-0.672489	0.410808
17749	8.217091	1.001655	3.266984	0.436857	0.340018	0.159472	0.405383	0.187901	0.894627	-0.685505	0.709926	0.161516	-0.604770	-0.678748	0.416599
17750	7.874945	1.123394	3.726842	0.304310	0.204208	0.266350	0.403712	0.196142	0.893613	-0.692842	0.703430	0.158610	-0.597484	-0.683166	0.419878
17751	8.005108	0.965006	3.783938	0.218328	0.060959	0.375057	0.397937	0.203815	0.894486	-0.699920	0.697776	0.152386	-0.593092	-0.686708	0.420325
17752	8.408224	1.039763	3.932454	0.439820	0.026413	0.410614	0.390933	0.211445	0.895803	-0.710518	0.688009	0.147676	-0.585095	-0.694215	0.419201
17753	8.373969	1.667335	4.039797	0.793297	0.069710	0.355572	0.385400	0.218772	0.896440	-0.725497	0.672151	0.147872	-0.570193	-0.707355	0.417766
17754	8.259725	2.632924	4.293071	0.978088	0.093563	0.255365	0.381872	0.224730	0.896476	-0.741730	0.653199	0.152209	-0.551372	-0.723068	0.416128
17755	8.261332	3.159076	4.621987	0.851902	0.082287	0.191973	0.379243	0.229371	0.896417	-0.755187	0.636523	0.156622	-0.534666	-0.736361	0.414615
17756	8.464737	2.835835	4.689702	0.587081	0.042505	0.171768	0.376391	0.232903	0.896709	-0.764633	0.624615	0.158721	-0.523131	-0.745394	0.413185
17757	8.621180	2.278207	4.836760	0.410076	0.064060	0.133161	0.374517	0.236198	0.896631	-0.771262	0.616120	0.159848	-0.514676	-0.751403	0.412919
17758	8.631357	1.652728	4.952457	0.406775	0.101293	0.095369	0.373817	0.239599	0.896021	-0.777403	0.607839	0.161791	-0.505872	-0.757049	0.413486
17759	8.848786	1.524497	5.045042	0.576781	0.142528	0.086665	0.373756	0.243652	0.894953	-0.785480	0.596294	0.165696	-0.493283	-0.764897	0.414252
17760	9.009060	2.078042	5.085950	0.758321	0.187702	0.081628	0.374270	0.248507	0.893402	-0.795504	0.581140	0.171609	-0.476545	-0.774933	0.415192
17761	8.541862	3.072002	4.918486	0.856110	0.231826	0.034314	0.376140	0.253563	0.891192	-0.805889	0.564162	0.179620	-0.457232	-0.785765	0.416548
17762	8.133045	3.850270	4.564572	0.697875	0.190862	-0.026940	0.378684	0.256996	0.889130	-0.813542	0.550490	0.187376	-0.441302	-0.794301	0.417539
17763	8.063452	3.813258	4.332829	0.368070	0.160071	-0.093381	0.382194	0.258936	0.887062	-0.816738	0.543708	0.193185	-0.432280	-0.798332	0.419285
17764	8.107235	2.500547	4.255758	0.016701	0.159667	-0.074361	0.385299	0.261134	0.885073	-0.816266	0.543806	0.194899	-0.430413	-0.797549	0.422682
17765	8.076196	1.548654	3.965473	-0.044197	0.115371	-0.014582	0.386704	0.263257	0.883830	-0.815710	0.544730	0.194646	-0.430207	-0.796220	0.425390
17766	7.933484	1.965437	3.702240	0.041451	0.088609	-0.017429	0.387876	0.264808	0.882853	-0.816048	0.543966	0.195365	-0.428507	-0.796227	0.427087
17767	7.747332	3.198041	3.900869	0.055666	0.084841	-0.086606	0.390415	0.265342	0.881572	-0.815861	0.543379	0.197764	-0.426552	-0.796450	0.428626
17768	7.987632	3.271598	5.245267	-0.386478	0.063422	-0.092527	0.392849	0.265351	0.880488	-0.810855	0.551613	0.195542	-0.433801	-0.790767	0.431862
17769	8.154367	1.737959	5.930671	-0.962195	-0.019587	0.063567	0.391224	0.265882	0.881051	-0.800866	0.570003	0.183604	-0.453385	-0.777434	0.435934
17770	7.991132	0.888724	5.625563	-1.117511	-0.145072	0.222022	0.384990	0.266352	0.883651	-0.790091	0.589973	0.166397	-0.477010	-0.762226	0.437577
17771	7.745342	0.842088	5.087627	-0.935527	-0.161979	0.272366	0.377534	0.267426	0.886539	-0.781376	0.605760	0.150021	-0.496910	-0.749358	0.437655
17772	7.809453	0.553419	4.868350	-0.608036	-0.140301	0.265932	0.370452	0.268949	0.889062	-0.776296	0.615223	0.137355	-0.510030	-0.741058	0.436695
17773	7.911197	1.046451	4.214805	-0.185885	-0.153967	0.253165	0.363426	0.270089	0.891613	-0.776330	0.616865	0.129574	-0.515009	-0.739276	0.433863
17774	7.735971	1.512859	4.093775	-0.220017	-0.229671	0.264377	0.355179	0.270026	0.894949	-0.775949	0.619048	0.121171	-0.521297	-0.737472	0.429400
17775	7.784612	0.969741	3.513298	-0.553072	-0.359574	0.330321	0.343900	0.268661	0.899752	-0.771626	0.626885	0.107744	-0.535095	-0.731325	0.422892
17776	7.825234	0.390253	3.023326	-0.813928	-0.487647	0.418321	0.329085	0.266514	0.905910	-0.764148	0.638779	0.089662	-0.554780	-0.721756	0.413869
17777	7.961896	0.036853	2.796833	-1.058771	-0.599332	0.526986	0.310446	0.264407	0.913078	-0.753436	0.654124	0.066748	-0.579618	-0.708668	0.402284
17778	7.975195	-0.434517	2.832983	-1.226443	-0.780669	0.647114	0.286626	0.261538	0.921653	-0.740140	0.671281	0.039688	-0.608308	-0.693527	0.385981
17779	8.188597	-1.127638	2.824483	-1.257111	-1.034726	0.778675	0.256082	0.257110	0.931835	-0.725917	0.687714	0.009740	-0.638331	-0.678929	0.362751
17780	9.177407	-2.277396	2.776368	-1.309961	-1.286178	0.886297	0.218994	0.251033	0.942881	-0.709849	0.703993	-0.022562	-0.669445	-0.664362	0.332366
17781	11.861634	-2.240690	2.445620	-0.851996	-1.334575	0.926738	0.179804	0.245495	0.952577	-0.700067	0.712224	-0.051411	-0.691069	-0.657624	0.299924
17782	12.160660	-1.077294	5.575234	0.898420	-0.847544	0.655222	0.153514	0.242956	0.957813	-0.718266	0.693117	-0.060693	-0.678622	-0.678647	0.280910
17783	9.699157	0.818264	6.770170	2.561218	-0.399368	0.296628	0.141316	0.241027	0.960175	-0.761444	0.646287	-0.050167	-0.632640	-0.724030	0.274859
17784	8.817738	4.559083	4.899454	2.500424	-0.465353	0.056474	0.132967	0.233347	0.963260	-0.799814	0.599241	-0.034760	-0.585336	-0.765806	0.266313
17785	9.191896	5.502545	4.635224	0.872910	-0.604795	0.075253	0.122572	0.222846	0.967117	-0.812739	0.581800	-0.031054	-0.569589	-0.782208	0.252429
17786	9.216984	2.412226	3.663623	-0.757828	-0.538655	0.127585	0.112084	0.214324	0.970310	-0.802234	0.595740	-0.038920	-0.586394	-0.774054	0.238711
17787	9.914828	-1.016070	3.081668	-1.131659	-0.382360	0.153079	0.103205	0.209395	0.972369	-0.785793	0.616517	-0.049362	-0.609818	-0.758987	0.228169
17788	10.959276	-3.690757	2.894785	-0.514127	-0.185236	0.221966	0.095895	0.209428	0.973110	-0.778515	0.624961	-0.057783	-0.620257	-0.752040	0.222974
17789	10.112273	-1.868756	1.473855	0.647039	-0.134202	0.144184	0.090879	0.209217	0.973637	-0.788872	0.611830	-0.057838	-0.607802	-0.762818	0.220647
17790	9.252905	1.000552	1.356370	0.766589	-0.127078	-0.009376	0.089024	0.206727	0.974340	-0.800439	0.597019	-0.053535	-0.592766	-0.775134	0.218622
17791	9.478405	0.914544	0.771332	0.243746	-0.172908	0.072912	0.084880	0.204532	0.975173	-0.804268	0.591797	-0.054119	-0.588174	-0.779707	0.214730
17792	9.679503	0.148983	0.674062	-0.143754	-0.296745	0.214765	0.076064	0.202000	0.976427	-0.802641	0.593413	-0.060237	-0.591593	-0.779139	0.207271
17793	9.394629	-0.232973	0.653277	-0.396803	-0.463945	0.204791	0.064932	0.196097	0.978432	-0.797141	0.600025	-0.067356	-0.600292	-0.775575	0.195277
17794	9.456110	-0.486294	0.653614	-0.388886	-0.602636	0.131757	0.053084	0.186471	0.981025	-0.791498	0.606854	-0.072521	-0.608862	-0.772630	0.179806
17795	9.668479	-0.627117	0.957975	-0.211294	-0.653027	0.139745	0.040222	0.176029	0.983563	-0.788465	0.610244	-0.076973	-0.613763	-0.772409	0.163338
17796	9.735723	-0.319382	1.283151	-0.186347	-0.692513	0.165523	0.026180	0.165226	0.985908	-0.785760	0.613087	-0.081881	-0.617977	-0.772544	0.145879
17797	9.629975	0.044414	1.616442	-0.363312	-0.730456	0.180378	0.011175	0.153959	0.988014	-0.780220	0.619329	-0.087683	-0.625405	-0.769889	0.127043
17798	9.592312	-0.224108	1.821148	-0.600808	-0.757140	0.169199	-0.004172	0.142128	0.989840	-0.770772	0.630178	-0.093734	-0.637097	-0.763332	0.106919
17799	9.683470	-0.645526	1.693226	-0.641583	-0.751344	0.154916	-0.019334	0.130364	0.991278	-0.760429	0.641795	-0.099235	-0.649133	-0.755715	0.086725
17800	9.652457	-0.240116	1.882486	-0.652215	-0.708996	0.125863	-0.033434	0.119126	0.992316	-0.749684	0.653617	-0.103725	-0.660951	-0.747391	0.067454
17801	9.703504	-0.784260	1.529370	-0.810491	-0.674811	0.105547	-0.046776	0.108408	0.993005	-0.736060	0.668304	-0.107632	-0.675298	-0.735946	0.048535
17802	9.990303	-0.413273	1.676709	-0.578550	-0.548074	0.143578	-0.058827	0.100855	0.993160	-0.726055	0.678470	-0.111904	-0.685115	-0.727672	0.033314
17803	10.118680	-0.079642	2.203306	-0.881135	-0.412541	0.153308	-0.068828	0.096114	0.992988	-0.710577	0.693921	-0.116419	-0.700245	-0.713607	0.020536
17804	9.855006	-1.200741	1.764436	-0.911672	-0.283631	0.211679	-0.077662	0.094891	0.992454	-0.694084	0.709456	-0.122147	-0.715693	-0.698332	0.010765
17805	9.602281	-1.808871	0.626800	-0.700476	-0.263073	0.206717	-0.086055	0.094112	0.991835	-0.681066	0.721034	-0.127508	-0.727147	-0.686478	0.002048
17806	9.647961	-1.078848	-0.027917	-0.612122	-0.242684	0.165272	-0.093380	0.093064	0.991272	-0.669537	0.731009	-0.131701	-0.736885	-0.675992	-0.005952
17807	9.635242	-1.008498	-0.278073	-0.585971	-0.249474	0.110273	-0.099927	0.090994	0.990825	-0.658452	0.740523	-0.134413	-0.745959	-0.665843	-0.014083
17808	9.784713	-1.090048	-0.283758	-0.509816	-0.263856	0.084061	-0.106338	0.088282	0.990403	-0.648719	0.748707	-0.136389	-0.753562	-0.656997	-0.022346
17809	9.827105	-1.079113	-0.350761	-0.489663	-0.286640	0.094981	-0.113383	0.085477	0.989868	-0.639227	0.756436	-0.138539	-0.760614	-0.648458	-0.031127
17810	9.890360	-1.208660	-0.583735	-0.591292	-0.352430	0.111214	-0.121971	0.082013	0.989139	-0.627629	0.765661	-0.140877	-0.768899	-0.637995	-0.041915
17811	9.569995	-0.830505	-0.795638	-0.701321	-0.394069	0.111521	-0.131413	0.078027	0.988252	-0.613741	0.776464	-0.142918	-0.778494	-0.625312	-0.054149
17812	9.523872	-1.230299	-0.477006	-0.847325	-0.427261	0.056716	-0.140734	0.072629	0.987380	-0.596961	0.789395	-0.143152	-0.789830	-0.609574	-0.067738
17813	9.724613	-2.069153	-0.411815	-0.820746	-0.404001	0.047165	-0.149543	0.067579	0.986443	-0.580498	0.801621	-0.142920	-0.800412	-0.594001	-0.080647
17814	9.751396	-2.363607	-0.669778	-0.653310	-0.305298	0.046693	-0.156437	0.064131	0.985604	-0.567207	0.811100	-0.142805	-0.808581	-0.581381	-0.090510
17815	9.785190	-2.022322	-1.053583	-0.452437	-0.243633	0.032507	-0.161919	0.061380	0.984893	-0.557935	0.817528	-0.142675	-0.813936	-0.572608	-0.098127
17816	9.564473	-1.464707	-1.265033	-0.335795	-0.214277	0.008620	-0.166492	0.058611	0.984299	-0.551086	0.822247	-0.142176	-0.817670	-0.566105	-0.104598
17817	9.573426	-1.349209	-1.227740	-0.361020	-0.276525	-0.003566	-0.172192	0.054752	0.983541	-0.543737	0.827284	-0.141248	-0.821401	-0.559109	-0.112681
17818	9.722861	-1.325637	-0.921329	-0.373444	-0.356955	0.012512	-0.179789	0.050159	0.982426	-0.536028	0.832410	-0.140596	-0.824833	-0.551885	-0.122772
17819	9.656345	-1.412719	-0.775250	-0.338005	-0.344804	0.022205	-0.187289	0.046000	0.981227	-0.528974	0.836976	-0.140204	-0.827713	-0.545302	-0.132424
17820	9.560732	-1.443080	-0.501993	-0.300696	-0.327352	-0.001324	-0.194135	0.041641	0.980091	-0.522780	0.841012	-0.139284	-0.830068	-0.539412	-0.141500
17821	9.441725	-1.744634	-0.478292	-0.252656	-0.271800	-0.039020	-0.199352	0.037281	0.979219	-0.517758	0.844397	-0.137555	-0.831977	-0.534420	-0.149029
17822	9.535986	-1.442210	-0.503878	-0.218378	-0.286539	-0.051805	-0.204724	0.032487	0.978281	-0.513514	0.847299	-0.135600	-0.833302	-0.530121	-0.156780
17823	9.425029	-1.253665	-0.690702	-0.312789	-0.303917	-0.039884	-0.210628	0.027753	0.977172	-0.507239	0.851400	-0.133516	-0.835670	-0.523782	-0.165251
17824	9.504679	-1.201678	-0.634946	-0.302849	-0.436203	-0.051700	-0.219167	0.021091	0.975459	-0.501231	0.855323	-0.131110	-0.837098	-0.517665	-0.176887
17825	9.443905	-0.945513	-0.783704	-0.341311	-0.421515	-0.066831	-0.227233	0.014361	0.973735	-0.494502	0.859688	-0.128077	-0.838948	-0.510617	-0.188248
17826	9.734413	-0.779579	-1.135979	-0.451239	-0.463997	-0.083987	-0.236014	0.006804	0.971726	-0.485558	0.865367	-0.123993	-0.841743	-0.501093	-0.200935
17827	9.613372	-0.806794	-1.788929	-0.551590	-0.529715	-0.098978	-0.246055	-0.001780	0.969254	-0.474571	0.872153	-0.118873	-0.845127	-0.489229	-0.215442
17828	9.510049	-0.941339	-2.266910	-0.551702	-0.570153	-0.096096	-0.257052	-0.010646	0.966339	-0.463543	0.878759	-0.113624	-0.847969	-0.477147	-0.230822
17829	9.799960	-0.420941	-1.822364	-0.408922	-0.583559	-0.120979	-0.268094	-0.020082	0.963183	-0.455704	0.883504	-0.108421	-0.848799	-0.467994	-0.246013
17830	9.735209	0.146166	-1.428577	-0.403758	-0.485395	-0.140360	-0.276868	-0.028691	0.960480	-0.448122	0.888060	-0.102648	-0.850018	-0.458832	-0.258732
17831	10.085148	0.094914	-1.236447	-0.596632	-0.359977	-0.107196	-0.283398	-0.035025	0.958363	-0.436194	0.894686	-0.096290	-0.854061	-0.445320	-0.268830
17832	10.182928	-0.146851	-1.461243	-0.752061	-0.308854	-0.049140	-0.289531	-0.039377	0.956358	-0.420460	0.902824	-0.090118	-0.859875	-0.428203	-0.277952
17833	9.970081	-0.366883	-1.457742	-0.867282	-0.279744	-0.030220	-0.295293	-0.042861	0.954445	-0.401988	0.911837	-0.083422	-0.866722	-0.408310	-0.286489
17834	9.995326	-0.588285	-1.371077	-0.965743	-0.241607	-0.044833	-0.300143	-0.046158	0.952777	-0.381330	0.921352	-0.075491	-0.874358	-0.385980	-0.294138
17835	10.078905	-0.964403	-1.340466	-0.924820	-0.122094	-0.074349	-0.302156	-0.048889	0.952004	-0.361615	0.929916	-0.067018	-0.882007	-0.364509	-0.298658
17836	9.937267	-1.702945	-2.411748	-0.921030	-0.032585	-0.077309	-0.302214	-0.050843	0.951883	-0.341837	0.937941	-0.058432	-0.889840	-0.343048	-0.300838
17837	9.606414	-1.940543	-3.609276	-0.751317	-0.119805	-0.108313	-0.303995	-0.054246	0.951128	-0.325940	0.944050	-0.050333	-0.895182	-0.325311	-0.304667
17838	10.190019	-1.203278	-2.982604	-0.355597	-0.112037	-0.156383	-0.305256	-0.058691	0.950460	-0.319217	0.946657	-0.044065	-0.897173	-0.316855	-0.307708
17839	9.772669	-0.330991	-1.660100	-0.039749	-0.065370	-0.257802	-0.304671	-0.065157	0.950226	-0.320350	0.946544	-0.037809	-0.896968	-0.315924	-0.309258
17840	9.702341	-0.577860	-0.534126	-0.027402	-0.003576	-0.289917	-0.302430	-0.071891	0.950456	-0.321996	0.946237	-0.030886	-0.897137	-0.315384	-0.309320
17841	10.064878	-1.351589	-0.369532	-0.061158	0.035425	-0.194116	-0.300072	-0.076049	0.950880	-0.322156	0.946330	-0.025979	-0.897871	-0.314128	-0.308467
17842	10.269936	-1.040470	-0.483697	0.091724	0.120077	-0.105940	-0.296511	-0.077445	0.951884	-0.325091	0.945369	-0.024351	-0.897996	-0.316670	-0.305490
17843	10.351752	-0.241889	0.579634	0.347515	0.412642	-0.125703	-0.286196	-0.076931	0.955078	-0.333910	0.942295	-0.024157	-0.898107	-0.325823	-0.295370
17844	10.389949	0.480738	1.799227	0.569523	0.924174	-0.208592	-0.263626	-0.073957	0.961786	-0.348256	0.937108	-0.023398	-0.899566	-0.341116	-0.272802
17845	10.196530	0.894954	2.561911	0.674151	1.412780	-0.320430	-0.228909	-0.068887	0.971007	-0.365541	0.930577	-0.020155	-0.902209	-0.359556	-0.238199
17846	9.901414	1.175594	2.267980	0.437612	1.707406	-0.417584	-0.186364	-0.062764	0.980474	-0.377746	0.925824	-0.012535	-0.906960	-0.372706	-0.196249
17847	10.789106	0.933960	1.527858	-0.113966	1.890637	-0.534536	-0.138177	-0.057318	0.988748	-0.377467	0.926023	0.000931	-0.915656	-0.373091	-0.149591
17848	12.163037	-0.316350	0.192397	-0.510728	2.041718	-0.575076	-0.085739	-0.051636	0.994979	-0.367475	0.929885	0.016592	-0.926073	-0.364207	-0.098702
17849	13.159048	-1.348446	-0.604358	-0.518841	1.975261	-0.363820	-0.036446	-0.042142	0.998447	-0.356139	0.934059	0.026424	-0.933722	-0.354623	-0.049051
17850	12.616408	-2.248091	-1.896506	-0.460501	1.814794	-0.053686	0.006572	-0.027272	0.999606	-0.345572	0.937979	0.027863	-0.938369	-0.345619	-0.003260
17851	11.940825	-1.992906	-2.715022	-0.016830	1.585202	0.144415	0.042561	-0.009921	0.999045	-0.345476	0.938120	0.024034	-0.937462	-0.346169	0.036500
17852	12.692979	-2.079603	-2.157786	0.761977	1.907951	0.088420	0.086314	0.009357	0.996224	-0.363607	0.931275	0.022757	-0.927545	-0.364198	0.083784
17853	12.426160	-3.189787	-2.546421	1.589665	2.245358	0.165358	0.136245	0.034905	0.990060	-0.400746	0.915904	0.022858	-0.906002	-0.399877	0.138775
17854	11.509194	-2.068934	-1.481987	2.431524	2.319317	0.378426	0.183725	0.068445	0.980592	-0.456531	0.889398	0.023457	-0.870531	-0.451980	0.194652
17855	9.097032	-0.576417	-1.301283	2.794004	2.311210	0.436008	0.227387	0.105997	0.968019	-0.518253	0.854764	0.028142	-0.824445	-0.508078	0.249295
17856	8.639184	1.022084	-0.651677	2.610583	2.040413	0.331472	0.263663	0.140375	0.954346	-0.572778	0.818838	0.037802	-0.776149	-0.556596	0.296301
17857	7.988351	1.881316	-0.380344	2.135440	1.780892	0.135625	0.295169	0.168941	0.940390	-0.614202	0.787479	0.051315	-0.731868	-0.592736	0.336203
17858	7.263817	2.478219	-0.215686	1.731278	1.452020	-0.056054	0.321852	0.190087	0.927512	-0.644801	0.761344	0.067717	-0.693284	-0.619856	0.367608
17859	7.354661	3.307428	0.320981	1.500565	1.129655	-0.193036	0.344044	0.204482	0.916417	-0.668723	0.738489	0.086274	-0.659123	-0.642512	0.390814
17860	7.433290	4.330548	1.160356	1.250382	0.825378	-0.350859	0.363216	0.211688	0.907338	-0.685912	0.719828	0.106636	-0.630554	-0.661086	0.406653
17861	7.277470	4.607279	2.187727	0.817227	0.552881	-0.436454	0.379259	0.213233	0.900386	-0.694655	0.708430	0.124829	-0.611242	-0.672800	0.416802
17862	7.856430	3.757743	3.181347	0.343206	0.339648	-0.420887	0.391663	0.211619	0.895443	-0.695891	0.704800	0.137815	-0.601944	-0.677108	0.423307
17863	7.577468	2.380938	3.477209	0.098763	0.213367	-0.345506	0.400808	0.209218	0.891953	-0.694026	0.704881	0.146529	-0.598065	-0.677769	0.427725
17864	7.479848	1.223278	4.364514	-0.015277	0.084911	-0.213184	0.405715	0.206962	0.890259	-0.691719	0.706190	0.151064	-0.597428	-0.677098	0.429672
17865	7.933839	0.816663	4.786125	-0.141051	0.026619	-0.031296	0.406599	0.206930	0.889864	-0.689365	0.708674	0.150190	-0.599544	-0.674508	0.430797
17866	8.557915	0.962527	5.250985	-0.289188	0.026504	0.092559	0.405351	0.209101	0.889926	-0.686034	0.712984	0.144955	-0.604192	-0.669276	0.432459
17867	9.054622	0.887604	5.955707	-0.416352	0.106656	0.146528	0.404409	0.213588	0.889288	-0.681284	0.719063	0.137115	-0.610168	-0.661308	0.436310
17868	8.728681	0.479450	5.710387	-0.422740	0.174479	0.165968	0.404209	0.219554	0.887925	-0.676582	0.725029	0.128724	-0.615510	-0.652786	0.441609
17869	8.045246	0.404869	5.023535	-0.379000	0.169880	0.173980	0.403840	0.225591	0.886579	-0.672593	0.730122	0.120588	-0.620107	-0.645005	0.446583
17870	7.522506	0.757277	4.118632	-0.169989	0.154903	0.145599	0.403737	0.230868	0.885266	-0.671539	0.731930	0.115384	-0.621315	-0.641076	0.450544
17871	7.293965	0.951361	3.032200	0.003480	0.031986	0.154536	0.401574	0.234335	0.885339	-0.673265	0.730880	0.111930	-0.620848	-0.641016	0.451272
17872	7.382038	1.219063	2.014709	0.033205	-0.206809	0.253783	0.394017	0.235769	0.888349	-0.676419	0.728762	0.106603	-0.622261	-0.642899	0.446623
17873	7.808516	1.003892	1.370173	-0.135147	-0.524631	0.414535	0.378724	0.234994	0.895179	-0.678412	0.728408	0.095801	-0.629543	-0.643583	0.435289
17874	9.395896	0.511425	0.755910	-0.440266	-0.887350	0.619467	0.354023	0.232151	0.905966	-0.677165	0.731781	0.077097	-0.645071	-0.640782	0.416272
17875	12.076205	1.054900	3.085005	-0.449488	-0.888006	0.599697	0.329327	0.229038	0.916016	-0.675032	0.735442	0.058800	-0.660209	-0.637704	0.396809
17876	10.903799	0.374791	6.404166	0.124946	-0.465674	0.517933	0.312780	0.231141	0.921272	-0.681321	0.730405	0.048060	-0.661794	-0.642714	0.385937
17877	8.572414	1.119151	6.212783	0.900823	-0.240132	0.504646	0.300062	0.236407	0.924162	-0.700010	0.712716	0.044966	-0.648034	-0.660415	0.379346
17878	9.013107	3.426057	5.997735	0.769930	-0.643890	0.364883	0.283179	0.232147	0.930547	-0.715137	0.697624	0.043588	-0.639054	-0.677811	0.363569
17879	8.625723	2.212275	4.565008	-0.196534	-0.965345	0.457363	0.259398	0.223817	0.939478	-0.715148	0.698280	0.031103	-0.649057	-0.679934	0.341195
17880	8.961477	0.676875	3.233110	-0.851104	-1.071102	0.565625	0.231634	0.215756	0.948575	-0.704650	0.709474	0.010698	-0.670681	-0.670892	0.316371
17881	9.787134	-1.527131	2.934638	-1.206735	-0.876775	0.611919	0.205949	0.212290	0.955258	-0.687444	0.726119	-0.013158	-0.696424	-0.653976	0.295481
17882	9.811814	-1.292971	2.421156	-0.785066	-0.872647	0.508323	0.181845	0.207502	0.961184	-0.676140	0.736121	-0.030997	-0.713980	-0.644259	0.274160
17883	9.208642	-1.204231	2.360216	-0.282306	-0.801278	0.330518	0.161832	0.200785	0.966176	-0.672566	0.738906	-0.040902	-0.722125	-0.643198	0.254620
17884	9.259749	-0.789634	2.045297	0.289885	-0.793509	0.261662	0.143047	0.192833	0.970749	-0.678864	0.732850	-0.045540	-0.720195	-0.652493	0.235739
17885	9.449299	0.124073	2.196600	0.382086	-0.786885	0.301287	0.123714	0.185465	0.974832	-0.686802	0.725069	-0.050786	-0.716239	-0.663233	0.217078
17886	9.524717	0.623571	2.473541	0.002734	-0.787782	0.340803	0.103671	0.178615	0.978442	-0.687886	0.723403	-0.059173	-0.718377	-0.666922	0.197863
17887	9.736444	0.670473	2.736805	-0.346969	-0.727254	0.308148	0.085206	0.172182	0.981373	-0.682412	0.727757	-0.068436	-0.725985	-0.663869	0.179509
17888	9.852784	0.350593	2.928705	-0.590680	-0.604766	0.245063	0.069946	0.166767	0.983512	-0.672144	0.736399	-0.077064	-0.737109	-0.655672	0.163599
17889	9.685041	-0.122208	2.544115	-0.826695	-0.526884	0.219739	0.056444	0.162374	0.985114	-0.657168	0.748847	-0.085777	-0.751628	-0.642544	0.148975
17890	9.580088	-0.499265	1.720681	-1.103319	-0.545795	0.220415	0.042457	0.157987	0.986528	-0.636515	0.765369	-0.095176	-0.770095	-0.623899	0.133056
17891	9.557253	-0.629504	0.961093	-1.355370	-0.595986	0.214959	0.027434	0.153120	0.987827	-0.610303	0.785210	-0.104764	-0.791693	-0.600000	0.114991
17892	9.575818	-1.191937	0.475546	-1.477605	-0.676623	0.202536	0.010802	0.147313	0.989031	-0.580800	0.806065	-0.113717	-0.813975	-0.573200	0.094267
17893	9.777560	-1.729503	0.192140	-1.343497	-0.697857	0.168712	-0.005991	0.141058	0.989983	-0.553205	0.824241	-0.120790	-0.833023	-0.548387	0.073096
17894	9.647693	-1.770293	-0.175957	-1.072685	-0.655959	0.135906	-0.021643	0.135148	0.990589	-0.530682	0.838161	-0.125947	-0.847294	-0.528414	0.053580
17895	9.491696	-1.874977	-0.464776	-0.823884	-0.606046	0.089248	-0.035757	0.129238	0.990969	-0.513114	0.848544	-0.129178	-0.857575	-0.513099	0.035972
17896	9.546153	-2.023031	-0.671032	-0.509374	-0.589584	0.058555	-0.049219	0.123087	0.991175	-0.502146	0.854790	-0.131086	-0.863381	-0.504166	0.019736
17897	9.585329	-1.723099	-0.549796	-0.260261	-0.609222	0.038081	-0.062901	0.116353	0.991214	-0.496517	0.857899	-0.132212	-0.865745	-0.500471	0.003809
17898	9.823682	-1.382028	-0.300984	-0.176751	-0.622341	0.019073	-0.076655	0.109093	0.991072	-0.492703	0.860009	-0.132774	-0.866815	-0.498481	-0.012174
17899	9.806586	-1.208701	-0.153933	-0.227571	-0.648752	0.033785	-0.091180	0.101862	0.990611	-0.487740	0.862705	-0.133603	-0.868214	-0.495343	-0.028979
17900	9.805659	-1.041352	-0.046685	-0.302786	-0.632428	0.070650	-0.105819	0.095697	0.989770	-0.481028	0.866221	-0.135180	-0.870296	-0.490411	-0.045630
17901	9.734304	-1.008177	0.391894	-0.321755	-0.553520	0.053278	-0.118552	0.090207	0.988842	-0.473908	0.869980	-0.136181	-0.872558	-0.484764	-0.060388
17902	9.478766	-1.532686	-0.073622	-0.385346	-0.475169	0.041336	-0.129456	0.085496	0.987893	-0.465399	0.874486	-0.136668	-0.875583	-0.477457	-0.073417
17903	9.668183	-1.798225	-0.605527	-0.363452	-0.507887	0.023120	-0.140888	0.080089	0.986781	-0.457396	0.878706	-0.136623	-0.878032	-0.470598	-0.087167
17904	9.409925	-1.598887	-1.228395	-0.292582	-0.502543	-0.002619	-0.151931	0.074261	0.985597	-0.451020	0.882093	-0.135988	-0.879487	-0.465185	-0.100524
17905	9.802741	-1.310311	-1.297584	-0.271042	-0.618802	-0.027007	-0.165272	0.066614	0.983996	-0.445207	0.885237	-0.134705	-0.880043	-0.460345	-0.116648
17906	9.719074	-0.568310	-1.360423	-0.219963	-0.689418	-0.061072	-0.179793	0.057467	0.982025	-0.440670	0.887817	-0.132633	-0.879480	-0.456595	-0.134299
17907	9.878831	-0.531390	-1.215556	-0.329257	-0.780375	-0.095210	-0.195942	0.046607	0.979507	-0.433908	0.891641	-0.129226	-0.879392	-0.450337	-0.154487
17908	10.014955	-1.266578	-0.570109	-0.322357	-0.829713	-0.098327	-0.213147	0.035239	0.976384	-0.427351	0.895318	-0.125605	-0.878601	-0.444032	-0.175775
17909	9.790695	-1.769158	0.340360	-0.193794	-0.682093	-0.072790	-0.227367	0.026175	0.973457	-0.423525	0.897488	-0.123053	-0.876887	-0.440262	-0.192974
17910	9.764807	-1.496438	0.818592	-0.165916	-0.507070	-0.045996	-0.238011	0.019693	0.971063	-0.420193	0.899301	-0.121228	-0.875665	-0.436887	-0.205769
17911	9.603862	-0.690882	0.015469	-0.478517	-0.331165	-0.041232	-0.244857	0.015306	0.969438	-0.409993	0.904445	-0.117834	-0.878607	-0.426316	-0.215185
17912	9.758160	-0.199801	-1.041337	-0.854653	-0.348130	-0.032977	-0.252206	0.011048	0.967611	-0.391406	0.913322	-0.112448	-0.884982	-0.407088	-0.226021
17913	9.673510	-0.041920	-1.552054	-1.102528	-0.416050	-0.060134	-0.260879	0.005684	0.965355	-0.367337	0.924175	-0.104711	-0.892752	-0.381927	-0.239010
17914	9.599662	-0.641259	-1.518493	-1.196250	-0.409464	-0.113692	-0.269044	-0.000605	0.963128	-0.341313	0.935161	-0.094756	-0.900622	-0.354222	-0.251806
17915	10.032775	-1.783019	-1.463371	-1.133073	-0.364366	-0.125000	-0.276238	-0.006523	0.961067	-0.316596	0.944782	-0.084586	-0.907447	-0.327636	-0.263049
17916	10.495220	-2.178780	-1.792607	-0.831105	-0.297251	-0.131170	-0.281969	-0.011864	0.959350	-0.298659	0.951328	-0.076016	-0.911755	-0.307953	-0.271788
17917	10.439742	-2.186596	-1.835017	-0.478602	-0.182368	-0.160215	-0.284930	-0.016923	0.958399	-0.288929	0.954858	-0.069038	-0.913967	-0.296580	-0.276958
17918	10.153040	-1.799602	-2.102446	-0.128000	-0.051899	-0.196861	-0.284671	-0.021866	0.958376	-0.287472	0.955676	-0.063585	-0.914507	-0.293607	-0.278339
17919	10.010491	-0.759231	-1.461350	0.199396	0.113450	-0.281228	-0.280004	-0.027594	0.959602	-0.294089	0.953993	-0.058380	-0.913843	-0.298555	-0.275238
17920	9.650011	0.179382	-0.845715	0.125330	0.271986	-0.351790	-0.271144	-0.033792	0.961945	-0.299456	0.952749	-0.050939	-0.914771	-0.301872	-0.268452
17921	9.406009	0.361595	-0.347403	-0.112573	0.304616	-0.338755	-0.261594	-0.039427	0.964372	-0.299214	0.953253	-0.042192	-0.917627	-0.299591	-0.261162
17922	9.851422	-0.387735	0.073341	-0.239982	0.297050	-0.273027	-0.252690	-0.043586	0.966565	-0.295534	0.954720	-0.034210	-0.921307	-0.294297	-0.254129
17923	10.695711	-1.170829	0.681829	-0.029019	0.518969	-0.211047	-0.239099	-0.044655	0.969968	-0.296251	0.954667	-0.029076	-0.924698	-0.294306	-0.241489
17924	10.869430	-1.068262	1.355679	0.529315	0.966559	-0.181163	-0.215300	-0.041534	0.975664	-0.309633	0.950448	-0.027866	-0.926161	-0.308097	-0.217492
17925	10.201097	0.541359	1.652508	1.056994	1.322054	-0.296986	-0.182248	-0.037773	0.982527	-0.335684	0.941614	-0.026066	-0.924176	-0.334569	-0.184287
17926	10.317725	1.535927	2.071775	0.954011	1.579436	-0.507324	-0.141294	-0.035808	0.989320	-0.359892	0.932827	-0.017636	-0.922233	-0.358540	-0.144690
17927	10.495494	1.400285	1.736834	0.463826	1.780434	-0.600221	-0.094627	-0.033363	0.994954	-0.372502	0.928021	-0.004309	-0.923195	-0.371030	-0.100244
17928	11.162896	0.173836	0.994272	-0.115156	1.713574	-0.510340	-0.050139	-0.029163	0.998316	-0.370904	0.928632	0.008499	-0.927317	-0.369853	-0.057377
17929	12.642171	-0.535069	0.134012	-0.594087	1.552626	-0.327552	-0.010923	-0.022494	0.999687	-0.357482	0.933763	0.017104	-0.933856	-0.357184	-0.018241
17930	12.578569	-1.274604	-1.363319	-0.838753	1.394312	-0.103353	0.022763	-0.012599	0.999662	-0.337971	0.940953	0.019555	-0.940881	-0.338301	0.017161
17931	11.602027	-1.598868	-2.405074	-0.676292	1.278936	0.090927	0.052270	0.000319	0.998633	-0.322280	0.946499	0.016566	-0.945200	-0.322706	0.049576
17932	11.870586	-1.765198	-2.174875	-0.096211	1.440732	0.146017	0.085202	0.015568	0.996242	-0.320437	0.947186	0.012603	-0.943430	-0.320306	0.085691
17933	12.112353	-2.900435	-2.360727	0.856164	1.822756	0.192809	0.126407	0.035372	0.991348	-0.341199	0.939938	0.009969	-0.931453	-0.339507	0.130884
17934	12.086076	-2.572999	-1.541116	1.928126	2.036549	0.408948	0.169534	0.063495	0.983477	-0.387215	0.921961	0.007225	-0.906269	-0.382042	0.180890
17935	9.673209	-1.172922	-0.962366	2.543728	2.189625	0.561255	0.212327	0.098868	0.972184	-0.446579	0.894720	0.006544	-0.869186	-0.435547	0.234126
17936	8.247892	0.526178	-0.714871	2.763844	1.998980	0.459375	0.249188	0.132334	0.959371	-0.507973	0.861273	0.013139	-0.824542	-0.490608	0.281841
17937	7.352131	1.838510	-0.256800	2.510706	1.713904	0.225124	0.280542	0.159329	0.946525	-0.560007	0.828061	0.026593	-0.779544	-0.537521	0.321532
17938	7.144000	3.148070	0.044063	2.083328	1.404888	-0.063179	0.308100	0.177750	0.934601	-0.599254	0.799263	0.045540	-0.738897	-0.574094	0.352770
17939	7.677267	3.946997	0.544559	1.600253	1.071433	-0.297019	0.331963	0.187785	0.924412	-0.625915	0.777014	0.066929	-0.705713	-0.600821	0.375477
17940	7.611146	4.381400	1.350969	1.026543	0.757499	-0.472791	0.352557	0.190332	0.916230	-0.639803	0.763533	0.087578	-0.682903	-0.617083	0.390964
17941	7.811553	4.047797	2.744515	0.346458	0.543879	-0.597392	0.371297	0.187460	0.909394	-0.640362	0.760918	0.104601	-0.672365	-0.621179	0.402569
17942	8.315961	2.293153	3.207991	-0.238589	0.427950	-0.595516	0.387925	0.182772	0.903387	-0.630784	0.767295	0.115628	-0.672031	-0.614697	0.412942
17943	8.298572	0.827922	3.336025	-0.443826	0.252411	-0.438874	0.399012	0.178225	0.899459	-0.619065	0.775983	0.120867	-0.676424	-0.605050	0.419959
17944	8.617136	0.306984	3.490942	-0.312622	0.131658	-0.208170	0.404420	0.176224	0.897435	-0.611754	0.781551	0.122212	-0.679854	-0.598434	0.423881
17945	8.978877	0.709537	3.474652	-0.160454	0.193463	-0.066438	0.408694	0.177884	0.895169	-0.608432	0.784179	0.121955	-0.680279	-0.594492	0.428720
17946	8.682473	0.752235	3.609217	-0.418507	0.197627	0.030866	0.411567	0.181481	0.893128	-0.601691	0.790156	0.116711	-0.684529	-0.585422	0.434397
17947	8.302960	0.401681	4.355390	-0.839146	0.043800	0.186556	0.409512	0.185901	0.893163	-0.589203	0.801347	0.103357	-0.696520	-0.568580	0.437695
17948	7.842559	-0.305915	5.600909	-1.085876	-0.106874	0.381412	0.402049	0.192200	0.895218	-0.574023	0.814632	0.082900	-0.713340	-0.547206	0.437849
17949	7.567475	-0.634419	6.151149	-1.070286	-0.173750	0.461801	0.392338	0.199444	0.897938	-0.559396	0.826667	0.060805	-0.730169	-0.526159	0.435901
17950	7.836048	-0.500540	5.783932	-0.813717	-0.103994	0.411821	0.384689	0.206769	0.899589	-0.548533	0.835041	0.042634	-0.742379	-0.509855	0.434651
17951	7.873591	-0.769441	4.627772	-0.374564	-0.039031	0.375342	0.378800	0.214255	0.900336	-0.545263	0.837726	0.030054	-0.747796	-0.502305	0.434156
17952	7.678650	-1.491530	2.877084	0.247467	-0.130143	0.483343	0.369694	0.222838	0.902037	-0.554537	0.831874	0.021769	-0.745530	-0.508260	0.431110
17953	8.766689	-1.912229	0.468052	0.555964	-0.607173	0.803044	0.347044	0.231731	0.908769	-0.572211	0.820052	0.009409	-0.743058	-0.523273	0.417194
17954	10.779226	-0.546256	1.965869	1.078473	-0.662371	0.839696	0.322472	0.239995	0.915650	-0.599261	0.800553	0.001220	-0.732733	-0.549107	0.401975
17955	9.536024	-0.494013	3.709241	1.447729	-0.401826	0.735563	0.303826	0.248931	0.919632	-0.631309	0.775530	-0.001354	-0.713539	-0.580161	0.392779
17956	9.233928	1.793922	4.603368	1.610701	-0.627629	0.647155	0.282244	0.251984	0.925658	-0.664462	0.747322	-0.000835	-0.691975	-0.614828	0.378361
17957	11.733642	4.393676	6.603924	1.386064	-0.731088	0.500058	0.261219	0.249753	0.932410	-0.691617	0.722264	0.000296	-0.673372	-0.644948	0.361403
17958	10.152423	4.034515	3.446538	0.790707	-0.998177	0.386261	0.237700	0.240386	0.941123	-0.707353	0.706858	-0.001893	-0.665696	-0.665256	0.338058
17959	8.460915	2.969899	1.908560	-0.770196	-1.068794	0.553610	0.209884	0.232619	0.949651	-0.697521	0.716248	-0.021287	-0.685138	-0.657934	0.312586
17960	8.743781	0.303207	1.704915	-1.840105	-1.035670	0.643698	0.180639	0.227726	0.956823	-0.668367	0.742120	-0.050445	-0.721565	-0.630396	0.286260
17961	9.693083	-2.383733	1.615157	-1.836566	-1.082779	0.498180	0.152473	0.220499	0.963396	-0.636575	0.767566	-0.074930	-0.755992	-0.601849	0.257397
17962	9.592330	-3.013324	1.987747	-0.865741	-0.906946	0.254059	0.131108	0.211956	0.968445	-0.620992	0.779037	-0.086432	-0.772774	-0.590065	0.233761
17963	9.523166	-2.185704	2.589942	0.315192	-0.633946	0.175542	0.116099	0.206001	0.971640	-0.627677	0.773374	-0.088966	-0.769768	-0.599547	0.219090
17964	9.604060	0.056504	3.365016	0.694039	-0.426004	0.202586	0.104690	0.203489	0.973464	-0.641573	0.761736	-0.090233	-0.759884	-0.615102	0.210299
17965	9.565365	1.409178	3.360237	0.094324	-0.396354	0.256558	0.092995	0.202319	0.974894	-0.644066	0.758915	-0.096059	-0.759296	-0.618963	0.200882
17966	9.286272	1.339759	2.762298	-0.778043	-0.462116	0.263474	0.079913	0.200338	0.976462	-0.629802	0.769445	-0.106322	-0.772634	-0.606481	0.187662
17967	9.330674	0.151918	1.807792	-1.437891	-0.566490	0.217998	0.065421	0.196238	0.978372	-0.602069	0.789658	-0.118128	-0.795760	-0.581319	0.169809
17968	9.555069	-1.224899	0.947042	-1.668337	-0.678014	0.196130	0.048822	0.190630	0.980447	-0.568686	0.812278	-0.129614	-0.821104	-0.551239	0.148066
17969	9.636653	-2.214630	0.476492	-1.528108	-0.753039	0.176145	0.030701	0.184201	0.982409	-0.537130	0.831934	-0.139201	-0.842940	-0.523408	0.124481
17970	9.787776	-2.352245	-0.003647	-1.266066	-0.804061	0.180469	0.011199	0.177770	0.984008	-0.510330	0.847277	-0.147260	-0.859906	-0.500520	0.100210
17971	9.595821	-1.978385	-0.293618	-1.040043	-0.853910	0.190841	-0.009704	0.171429	0.985149	-0.487859	0.859174	-0.154313	-0.872868	-0.482111	0.075295
17972	9.572205	-2.004298	-0.442358	-0.836781	-0.905737	0.143204	-0.031319	0.163844	0.985989	-0.469475	0.868470	-0.159228	-0.882390	-0.467884	0.049721
17973	9.539753	-1.921849	-0.364173	-0.566268	-0.886475	0.089342	-0.052001	0.155598	0.986451	-0.456894	0.874636	-0.162046	-0.888000	-0.459130	0.025609
17974	9.557527	-1.583823	-0.220975	-0.409179	-0.847138	0.076399	-0.071738	0.147690	0.986429	-0.447716	0.878977	-0.164163	-0.891293	-0.453417	0.003067
17975	9.801650	-1.277344	-0.073728	-0.451435	-0.842685	0.098871	-0.091676	0.140470	0.985831	-0.437473	0.883665	-0.166595	-0.894546	-0.446548	-0.019559
17976	9.879240	-1.194958	-0.270085	-0.558837	-0.817269	0.120209	-0.111320	0.134190	0.984683	-0.424676	0.889392	-0.169214	-0.898476	-0.437008	-0.042020
17977	9.714365	-1.256941	-0.441923	-0.698461	-0.759331	0.125184	-0.129756	0.128894	0.983133	-0.408595	0.896466	-0.171459	-0.903445	-0.423951	-0.063656
17978	9.426711	-1.762029	-1.074990	-0.737329	-0.703814	0.093556	-0.146658	0.123749	0.981416	-0.391598	0.903825	-0.172484	-0.908374	-0.409617	-0.084093
17979	9.606862	-1.706164	-1.214324	-0.664085	-0.730140	0.055956	-0.163834	0.117743	0.979436	-0.376293	0.910324	-0.172378	-0.911900	-0.396796	-0.104837
17980	9.710596	-2.074083	-1.057890	-0.546624	-0.710515	0.012399	-0.180191	0.111156	0.977331	-0.363783	0.915615	-0.171208	-0.913889	-0.386386	-0.124548
17981	9.891500	-2.417837	-0.361883	-0.377670	-0.626366	0.009030	-0.194611	0.105456	0.975195	-0.355128	0.919180	-0.170269	-0.914336	-0.379456	-0.141432
17982	10.151455	-2.500114	0.189866	-0.167578	-0.472399	0.027844	-0.205673	0.101724	0.973320	-0.351183	0.920665	-0.170429	-0.913438	-0.376866	-0.153632
17983	9.489257	-2.039903	-0.064597	-0.147327	-0.368261	0.036864	-0.214419	0.099212	0.971690	-0.347657	0.921925	-0.170847	-0.912775	-0.374448	-0.163187
17984	9.715182	-1.565503	-0.871818	-0.353564	-0.487461	0.027916	-0.225799	0.095436	0.969488	-0.339469	0.925104	-0.170131	-0.913113	-0.367526	-0.176490
17985	9.424696	-0.896443	-1.570988	-0.586310	-0.628245	-0.017148	-0.240018	0.089462	0.966637	-0.326211	0.930409	-0.167108	-0.914318	-0.355436	-0.194132
17986	9.520462	-0.581572	-1.186262	-0.762902	-0.655975	-0.124600	-0.254047	0.080960	0.963797	-0.309553	0.937269	-0.160326	-0.916317	-0.339077	-0.213049
17987	9.801257	-0.991227	-0.578700	-0.843389	-0.552325	-0.173009	-0.265422	0.072439	0.961407	-0.291353	0.944526	-0.151603	-0.919056	-0.320348	-0.229593
17988	9.993716	-1.541276	-0.445652	-0.862340	-0.404242	-0.129618	-0.273809	0.066332	0.959494	-0.272405	0.951420	-0.143510	-0.922401	-0.300665	-0.242438
17989	10.024314	-1.438975	-0.356130	-0.817699	-0.260798	-0.077419	-0.279312	0.062693	0.958152	-0.254080	0.957472	-0.136716	-0.925974	-0.281633	-0.251504
17990	9.608847	-1.074375	-0.402483	-0.890182	-0.198121	-0.044858	-0.283613	0.060383	0.957036	-0.233781	0.963549	-0.130074	-0.930006	-0.260627	-0.259158
17991	9.713317	-1.145260	-0.253711	-0.923531	-0.083176	-0.055113	-0.285213	0.058646	0.956668	-0.212690	0.969368	-0.122834	-0.934568	-0.238507	-0.264003
17992	9.854049	-2.064085	-0.709975	-0.966229	0.065864	-0.048343	-0.283385	0.057960	0.957253	-0.190441	0.974892	-0.115406	-0.939907	-0.215004	-0.265232
17993	9.867271	-2.906198	-2.950767	-1.027900	0.080353	-0.030877	-0.281304	0.057734	0.957880	-0.166494	0.980113	-0.107969	-0.945065	-0.189854	-0.266098
17994	10.827237	-2.397476	-3.804359	-0.637232	-0.098586	-0.081741	-0.283261	0.055407	0.957441	-0.152063	0.983106	-0.101881	-0.946911	-0.174450	-0.270050
17995	10.345386	-0.582365	-3.490773	-0.049374	0.110991	-0.212772	-0.279774	0.050791	0.958721	-0.152456	0.983578	-0.096598	-0.947884	-0.173188	-0.267437
17996	9.514014	0.666239	-1.767692	0.138084	0.206062	-0.329899	-0.273564	0.043712	0.960860	-0.158072	0.983341	-0.089738	-0.948776	-0.176434	-0.262097
17997	9.208384	0.551023	-0.705689	-0.060479	0.271700	-0.363254	-0.265625	0.036098	0.963400	-0.159140	0.983949	-0.080745	-0.950851	-0.174763	-0.255616
17998	10.044237	-0.247160	0.379189	-0.087119	0.339030	-0.323327	-0.256215	0.029738	0.966162	-0.159229	0.984574	-0.072530	-0.953415	-0.172425	-0.247527
17999	10.653660	-0.200687	1.793966	0.311882	0.717351	-0.335212	-0.237651	0.024772	0.971035	-0.168805	0.983410	-0.066402	-0.956570	-0.179696	-0.229527
18000	10.674801	0.623666	2.108549	0.626700	1.312362	-0.449146	-0.204121	0.020006	0.978741	-0.186381	0.980709	-0.058917	-0.961039	-0.194445	-0.196454
18001	10.150103	1.514084	1.638169	0.489138	1.701888	-0.635950	-0.159940	0.013069	0.987040	-0.201143	0.978502	-0.045549	-0.966416	-0.205821	-0.153873
