// General information: 
//  MT Manager version: 2022.2.0 
//  XDA version: 2022.2.0 build 7381 rev 124627 built on 2023-07-19
// Device information: 
//  DeviceId: 00B4CB9F
//  ProductCode: MTW2-3A7G6
//  Firmware Version: 4.6.0
//  Hardware Version: 2.0.0
// Device settings: 
//  Filter Profile: human(46.1)
//  Option Flags: Orientation Smoother Disabled, Position/Velocity Smoother Disabled, Continuous Zero Rotation Update Disabled, AHS Disabled, ICC Disabled
// Coordinate system: ENU
PacketCounter	Acc_X	Acc_Y	Acc_Z	Gyr_X	Gyr_Y	Gyr_Z	Mat[1][1]	Mat[2][1]	Mat[3][1]	Mat[1][2]	Mat[2][2]	Mat[3][2]	Mat[1][3]	Mat[2][3]	Mat[3][3]
49640	9.700793	1.766914	2.149767	-0.033612	-0.199859	-0.021702	-0.201764	0.092609	0.975046	0.429294	-0.886436	0.173025	0.880340	0.453492	0.139094
49641	9.629277	1.692727	2.090715	-0.036351	-0.167025	-0.024854	-0.200485	0.093533	0.975222	0.429071	-0.886504	0.173232	0.880740	0.453170	0.137598
49642	9.666656	1.653644	2.103127	-0.022522	-0.129386	-0.028332	-0.199425	0.094344	0.975361	0.428863	-0.886563	0.173442	0.881082	0.452885	0.136342
49643	9.704937	1.646413	2.073861	-0.018217	-0.093861	-0.039739	-0.198891	0.095076	0.975399	0.428697	-0.886567	0.173831	0.881284	0.452724	0.135572
49644	9.726688	1.654507	1.977656	-0.016394	-0.063867	-0.037988	-0.198450	0.095675	0.975430	0.428525	-0.886589	0.174144	0.881467	0.452555	0.134944
49645	9.689681	1.611106	1.766956	-0.028328	-0.045471	-0.033206	-0.198264	0.096152	0.975421	0.428142	-0.886717	0.174433	0.881695	0.452202	0.134638
49646	9.684856	1.650607	1.576878	-0.028834	-0.027236	-0.031473	-0.198117	0.096528	0.975414	0.427873	-0.886802	0.174665	0.881858	0.451957	0.134389
49647	9.624174	1.726110	1.451107	-0.031332	-0.015864	-0.026767	-0.198133	0.096837	0.975380	0.427352	-0.887011	0.174874	0.882107	0.451479	0.134363
49648	9.586632	1.820384	1.393497	-0.031087	-0.001216	-0.031955	-0.198218	0.097100	0.975337	0.427062	-0.887105	0.175108	0.882229	0.451239	0.134372
49649	9.571730	1.869126	1.279154	-0.038631	-0.001352	-0.038666	-0.198421	0.097454	0.975260	0.426449	-0.887336	0.175431	0.882480	0.450708	0.134507
49650	9.499204	1.858401	1.147910	-0.053217	-0.011354	-0.036904	-0.198437	0.097807	0.975221	0.425954	-0.887524	0.175684	0.882715	0.450261	0.134456
49651	9.467790	1.808961	1.083486	-0.065301	-0.025880	-0.035670	-0.198413	0.098208	0.975186	0.425380	-0.887746	0.175951	0.882997	0.449735	0.134365
49652	9.479124	1.751703	1.040485	-0.068152	-0.043182	-0.029573	-0.198116	0.098639	0.975203	0.424767	-0.888008	0.176112	0.883359	0.449124	0.134031
49653	9.533039	1.760019	1.042853	-0.058005	-0.058973	-0.027968	-0.197733	0.099122	0.975232	0.424255	-0.888215	0.176297	0.883691	0.448607	0.133576
49654	9.508188	1.785314	1.039832	-0.055408	-0.073257	-0.020330	-0.197131	0.099605	0.975304	0.423773	-0.888428	0.176386	0.884057	0.448079	0.132927
49655	9.585259	1.820042	1.006064	-0.059540	-0.082445	-0.013898	-0.196480	0.100089	0.975386	0.423166	-0.888708	0.176436	0.884492	0.447416	0.132259
49656	9.543333	1.828128	0.975991	-0.059057	-0.093839	-0.011409	-0.195657	0.100583	0.975501	0.422668	-0.888945	0.176434	0.884912	0.446834	0.131415
49657	9.534259	1.772870	0.914925	-0.056889	-0.108138	-0.010771	-0.194731	0.101158	0.975626	0.422110	-0.889207	0.176449	0.885383	0.446181	0.130457
49658	9.530019	1.761959	0.963888	-0.062606	-0.113777	-0.011434	-0.193731	0.101740	0.975765	0.421580	-0.889459	0.176443	0.885854	0.445546	0.129424
49659	9.594916	1.751115	0.987889	-0.073432	-0.117551	-0.010639	-0.192700	0.102346	0.975906	0.420984	-0.889743	0.176437	0.886363	0.444840	0.128367
49660	9.447878	1.768539	0.999521	-0.093537	-0.118551	-0.014614	-0.191670	0.102977	0.976042	0.420174	-0.890128	0.176424	0.886971	0.443922	0.127343
49661	9.714897	1.673564	0.982638	-0.113319	-0.129065	-0.011201	-0.190549	0.103647	0.976191	0.419135	-0.890628	0.176376	0.887703	0.442764	0.126267
49662	9.621038	1.665240	1.043658	-0.120851	-0.141297	-0.009645	-0.189294	0.104331	0.976362	0.418091	-0.891137	0.176282	0.888464	0.441577	0.125068
49663	9.694958	1.572402	0.968038	-0.123324	-0.148370	-0.009434	-0.187972	0.105048	0.976541	0.417142	-0.891596	0.176205	0.889190	0.440478	0.123775
49664	9.655448	1.496916	1.007973	-0.110975	-0.159541	-0.007559	-0.186544	0.105791	0.976734	0.416188	-0.892062	0.176106	0.889937	0.439357	0.122380
49665	9.627285	1.435352	1.030186	-0.094064	-0.163563	-0.009492	-0.185078	0.106583	0.976927	0.415458	-0.892409	0.176070	0.890585	0.438458	0.120885
49666	9.570485	1.417277	1.068511	-0.070539	-0.168152	-0.009801	-0.183580	0.107380	0.977122	0.414858	-0.892693	0.176045	0.891174	0.437686	0.119333
49667	9.618138	1.431918	1.130821	-0.035279	-0.167802	-0.014391	-0.182087	0.108240	0.977307	0.414494	-0.892849	0.176113	0.891650	0.437155	0.117712
49668	9.550766	1.473992	1.210154	-0.010257	-0.168492	-0.015874	-0.180610	0.109091	0.977486	0.414421	-0.892862	0.176219	0.891984	0.436917	0.116050
49669	9.617525	1.495904	1.182232	0.010736	-0.170662	-0.019914	-0.179134	0.110000	0.977656	0.414549	-0.892766	0.176406	0.892222	0.436886	0.114325
49670	9.594118	1.521471	1.168800	0.029015	-0.166578	-0.018127	-0.177683	0.110863	0.977823	0.414822	-0.892604	0.176579	0.892385	0.436998	0.112612
49671	9.663914	1.607488	1.266310	0.039137	-0.150894	-0.029763	-0.176414	0.111777	0.977949	0.415152	-0.892390	0.176888	0.892484	0.437203	0.111025
49672	9.618840	1.711240	1.269010	0.044075	-0.138819	-0.030707	-0.175262	0.112631	0.978058	0.415538	-0.892148	0.177200	0.892531	0.437477	0.109557
49673	9.562416	1.728259	1.264670	0.031243	-0.130094	-0.035503	-0.174192	0.113506	0.978148	0.415861	-0.891926	0.177559	0.892590	0.437703	0.108163
49674	9.656904	1.677340	1.266607	0.051589	-0.131411	-0.028217	-0.173096	0.114307	0.978249	0.416320	-0.891653	0.177854	0.892589	0.438050	0.106753
49675	9.542571	1.592522	1.177118	0.069385	-0.132975	-0.020164	-0.171947	0.115057	0.978364	0.417027	-0.891273	0.178107	0.892481	0.438629	0.105269
49676	9.558132	1.526397	1.221685	0.113590	-0.124467	-0.014369	-0.170855	0.115705	0.978479	0.418062	-0.890743	0.178329	0.892206	0.439534	0.103816
49677	9.602201	1.511531	1.115371	0.135461	-0.121437	-0.012987	-0.169777	0.116340	0.978591	0.419381	-0.890073	0.178576	0.891793	0.440721	0.102323
49678	9.596115	1.616523	1.040451	0.155679	-0.110827	-0.009722	-0.168789	0.116890	0.978697	0.420800	-0.889360	0.178792	0.891312	0.442013	0.100927
49679	9.690027	1.658894	0.908141	0.163802	-0.106974	-0.014160	-0.167844	0.117475	0.978789	0.422307	-0.888590	0.179067	0.890778	0.443405	0.099534
49680	9.676069	1.730541	0.836427	0.160770	-0.107041	-0.020813	-0.166938	0.118109	0.978868	0.423751	-0.887837	0.179393	0.890262	0.444743	0.098165
49681	9.622208	1.758745	0.774545	0.149013	-0.104282	-0.025362	-0.166072	0.118782	0.978934	0.425051	-0.887142	0.179752	0.889804	0.445949	0.096841
49682	9.603947	1.777158	0.692821	0.145380	-0.100821	-0.025063	-0.165242	0.119428	0.978995	0.426350	-0.886448	0.180100	0.889338	0.447154	0.095560
49683	9.578265	1.761785	0.614775	0.138739	-0.100216	-0.026725	-0.164408	0.120100	0.979054	0.427573	-0.885785	0.180459	0.888905	0.448286	0.094279
49684	9.681963	1.681829	0.531082	0.134707	-0.107296	-0.015758	-0.163481	0.120695	0.979136	0.428791	-0.885147	0.180702	0.888489	0.449386	0.092952
49685	9.612748	1.672325	0.431418	0.125087	-0.111846	-0.019514	-0.162514	0.121362	0.979214	0.429896	-0.884555	0.180977	0.888132	0.450372	0.091580
49686	9.601768	1.691775	0.390950	0.126545	-0.108227	-0.016206	-0.161582	0.121967	0.979293	0.431040	-0.883949	0.181213	0.887748	0.451395	0.090258
49687	9.619060	1.771785	0.312536	0.111257	-0.109411	-0.015966	-0.160624	0.122596	0.979372	0.432129	-0.883369	0.181451	0.887392	0.452361	0.088913
49688	9.678556	1.801900	0.186048	0.101131	-0.114641	-0.017673	-0.159642	0.123245	0.979451	0.433045	-0.882874	0.181676	0.887123	0.453149	0.087573
49689	9.714090	1.793943	0.152434	0.093049	-0.120255	-0.018216	-0.158603	0.123943	0.979532	0.433925	-0.882393	0.181912	0.886879	0.453896	0.086168
49690	9.702167	1.739372	0.087562	0.082422	-0.126141	-0.017906	-0.157521	0.124648	0.979617	0.434674	-0.881981	0.182120	0.886705	0.454502	0.084749
49691	9.625589	1.664392	0.036117	0.094745	-0.132557	-0.016085	-0.156358	0.125388	0.979709	0.435595	-0.881482	0.182336	0.886459	0.455267	0.083209
49692	9.614945	1.652209	0.039220	0.109983	-0.129249	-0.011890	-0.155223	0.126056	0.979804	0.436598	-0.880951	0.182505	0.886165	0.456109	0.081708
49693	9.605340	1.609357	0.087338	0.129902	-0.132535	-0.012534	-0.154048	0.126766	0.979898	0.437835	-0.880293	0.182712	0.885759	0.457180	0.080105
49694	9.631483	1.556273	0.114472	0.155375	-0.131047	-0.002727	-0.152859	0.127364	0.980006	0.439253	-0.879564	0.182824	0.885263	0.458417	0.078504
49695	9.658370	1.576679	0.164844	0.165461	-0.125278	-0.006065	-0.151720	0.127987	0.980102	0.440781	-0.878765	0.182986	0.884699	0.459774	0.076912
49696	9.691301	1.483087	0.165569	0.174565	-0.119161	0.003988	-0.150607	0.128475	0.980210	0.442377	-0.877951	0.183042	0.884093	0.461190	0.075392
49697	9.717902	1.428990	0.193869	0.192829	-0.112887	0.009904	-0.149510	0.128901	0.980322	0.444155	-0.877049	0.183060	0.883387	0.462784	0.073876
49698	9.707955	1.414903	0.197547	0.247812	-0.109247	0.013000	-0.148446	0.129269	0.980435	0.446408	-0.875901	0.183076	0.882431	0.464851	0.072318
49699	9.718773	1.605411	0.164756	0.299729	-0.108060	0.009322	-0.147394	0.129686	0.980539	0.449164	-0.874471	0.183175	0.881208	0.467422	0.070642
49700	9.657255	1.668807	0.127037	0.323740	-0.116015	0.005391	-0.146307	0.130157	0.980639	0.452068	-0.872944	0.183310	0.879903	0.470135	0.068878
49701	9.631708	1.796340	0.089440	0.343023	-0.116705	-0.003091	-0.145238	0.130731	0.980722	0.455164	-0.871284	0.183549	0.878483	0.473047	0.067039
49702	9.617809	1.768638	-0.024070	0.342130	-0.126696	-0.000311	-0.144085	0.131310	0.980815	0.458212	-0.869644	0.183740	0.877087	0.475895	0.065135
49703	9.613106	1.678676	-0.177767	0.341310	-0.139231	0.006968	-0.142777	0.131909	0.980925	0.461302	-0.867983	0.183865	0.875680	0.478754	0.063078
49704	9.662317	1.555368	-0.224629	0.355337	-0.153503	0.019934	-0.141299	0.132449	0.981067	0.464484	-0.866287	0.183851	0.874236	0.481668	0.060885
49705	9.688789	1.537374	-0.307448	0.379365	-0.159488	0.024919	-0.139727	0.133001	0.981217	0.467907	-0.864453	0.183805	0.872662	0.484801	0.058555
49706	9.625404	1.588173	-0.293112	0.400495	-0.175368	0.032139	-0.138005	0.133553	0.981386	0.471488	-0.862531	0.183680	0.871007	0.488061	0.056065
49707	9.624441	1.753280	-0.263700	0.406799	-0.191733	0.033502	-0.136121	0.134203	0.981560	0.475178	-0.860532	0.183553	0.869297	0.491401	0.053366
49708	9.589326	1.826771	-0.189448	0.390538	-0.202462	0.027723	-0.134188	0.134939	0.981725	0.478652	-0.858627	0.183444	0.867690	0.494521	0.050629
49709	9.583566	1.820461	-0.025698	0.352105	-0.215615	0.037799	-0.132077	0.135688	0.981909	0.481852	-0.856882	0.183225	0.866242	0.497334	0.047794
49710	9.761120	1.749639	0.191946	0.342104	-0.229894	0.039987	-0.129852	0.136468	0.982097	0.484910	-0.855214	0.182951	0.864871	0.499985	0.044876
49711	9.715016	1.833030	0.295016	0.325114	-0.214352	0.042686	-0.127733	0.137170	0.982277	0.487821	-0.853624	0.182639	0.863548	0.502505	0.042122
49712	9.636190	1.893282	0.526737	0.313219	-0.200577	0.043454	-0.125747	0.137787	0.982447	0.490623	-0.852089	0.182301	0.862251	0.504935	0.039546
49713	9.606871	1.949390	0.589135	0.287996	-0.188260	0.037303	-0.123876	0.138427	0.982595	0.493240	-0.850637	0.182020	0.861028	0.507203	0.037096
49714	9.575789	1.924599	0.693869	0.257731	-0.176583	0.033259	-0.122149	0.139019	0.982728	0.495543	-0.849356	0.181746	0.859951	0.509184	0.034859
49715	9.588285	1.832993	0.683348	0.221314	-0.157470	0.031243	-0.120585	0.139556	0.982845	0.497565	-0.848228	0.181488	0.859004	0.510913	0.032845
49716	9.646296	1.646097	0.604619	0.215111	-0.147503	0.032864	-0.119111	0.140010	0.982960	0.499495	-0.847156	0.181194	0.858089	0.512565	0.030972
49717	9.722373	1.572901	0.580048	0.236798	-0.130299	0.033103	-0.117777	0.140403	0.983064	0.501672	-0.845927	0.180920	0.857003	0.514484	0.029194
49718	9.760015	1.634569	0.560586	0.268736	-0.118909	0.033549	-0.116546	0.140710	0.983167	0.504057	-0.844572	0.180626	0.855771	0.516623	0.027506
49719	9.730882	1.705456	0.511344	0.314240	-0.120610	0.019357	-0.115356	0.141176	0.983241	0.506866	-0.842916	0.180495	0.854271	0.519193	0.025678
49720	9.737179	1.925500	0.606221	0.323553	-0.112699	0.007883	-0.114310	0.141675	0.983291	0.509680	-0.841226	0.180457	0.852736	0.521792	0.023952
49721	9.712073	2.053018	0.560799	0.321287	-0.116362	-0.003187	-0.113274	0.142309	0.983320	0.512487	-0.839503	0.180531	0.851191	0.524388	0.022162
49722	9.712181	2.066175	0.423692	0.315112	-0.119747	-0.007023	-0.112248	0.142975	0.983341	0.515202	-0.837819	0.180627	0.849687	0.526894	0.020382
49723	9.699358	2.093235	0.258337	0.301258	-0.110433	-0.007111	-0.111289	0.143621	0.983355	0.517846	-0.836165	0.180730	0.848204	0.529340	0.018682
49724	9.748263	2.061760	0.058347	0.285209	-0.110709	0.002730	-0.110293	0.144164	0.983388	0.520310	-0.834638	0.180714	0.846826	0.531598	0.017044
49725	9.753467	1.932054	-0.128100	0.264324	-0.095094	0.008779	-0.109382	0.144597	0.983426	0.522622	-0.833208	0.180639	0.845519	0.533719	0.015569
49726	9.725654	1.980548	-0.187766	0.254163	-0.086988	0.012947	-0.108536	0.144933	0.983471	0.524827	-0.831850	0.180509	0.844261	0.535743	0.014221
49727	9.641637	2.038429	-0.175721	0.241104	-0.086500	0.019942	-0.107640	0.145233	0.983525	0.526957	-0.830544	0.180315	0.843048	0.537684	0.012868
49728	9.578097	2.110305	-0.082461	0.221264	-0.083426	0.021532	-0.106780	0.145483	0.983582	0.528887	-0.829365	0.180090	0.841948	0.539434	0.011615
49729	9.652299	2.044746	0.089434	0.202384	-0.086068	0.018830	-0.105893	0.145797	0.983631	0.530689	-0.828255	0.179898	0.840925	0.541052	0.010334
49730	9.675744	2.036291	0.146607	0.184023	-0.081511	0.019055	-0.105063	0.146060	0.983681	0.532299	-0.827267	0.179688	0.840012	0.542491	0.009168
49731	9.676886	2.030886	0.195086	0.169516	-0.075085	0.012160	-0.104309	0.146373	0.983715	0.533819	-0.826315	0.179556	0.839141	0.543855	0.008055
49732	9.698813	2.031702	0.134850	0.153055	-0.066246	0.009040	-0.103660	0.146638	0.983744	0.535155	-0.825476	0.179438	0.838370	0.545056	0.007095
49733	9.711019	2.021373	0.095381	0.137449	-0.051850	0.002062	-0.103154	0.146909	0.983757	0.536386	-0.824686	0.179398	0.837645	0.546179	0.006269
49734	9.718514	1.957095	0.054472	0.135632	-0.028453	-0.000170	-0.102872	0.147046	0.983766	0.537564	-0.823925	0.179367	0.836924	0.547289	0.005713
49735	9.685095	1.955412	-0.059516	0.131292	-0.010366	0.009203	-0.102675	0.147033	0.983788	0.538752	-0.823173	0.179256	0.836184	0.548423	0.005305
49736	9.652620	1.949068	-0.112073	0.126957	0.005671	0.013319	-0.102606	0.146872	0.983819	0.539870	-0.822476	0.179091	0.835471	0.549510	0.005100
49737	9.664095	1.941030	-0.203775	0.101261	0.014055	0.016172	-0.102575	0.146670	0.983853	0.540816	-0.821894	0.178910	0.834863	0.550435	0.004985
49738	9.641677	1.847890	-0.298839	0.060536	0.018733	0.020105	-0.102579	0.146381	0.983895	0.541385	-0.821571	0.178674	0.834494	0.550994	0.005027
49739	9.632929	1.737114	-0.303960	0.030495	0.025057	0.022070	-0.102606	0.146068	0.983939	0.541737	-0.821391	0.178430	0.834262	0.551344	0.005149
49740	9.607757	1.570759	-0.471388	0.025391	0.021713	0.035043	-0.102553	0.145640	0.984008	0.542027	-0.821283	0.178046	0.834080	0.551618	0.005284
49741	9.639832	1.481961	-0.565656	0.039788	0.010782	0.042120	-0.102354	0.145242	0.984088	0.542480	-0.821079	0.177606	0.833810	0.552027	0.005250
49742	9.690970	1.415127	-0.700033	0.057735	-0.000916	0.043335	-0.102067	0.144871	0.984172	0.543048	-0.820804	0.177142	0.833475	0.552533	0.005105
49743	9.670829	1.395011	-0.782501	0.077662	-0.019581	0.040653	-0.101619	0.144654	0.984250	0.543814	-0.820388	0.176717	0.833030	0.553207	0.004702
49744	9.731245	1.252672	-0.774706	0.099701	-0.027252	0.043931	-0.101109	0.144424	0.984337	0.544731	-0.819881	0.176248	0.832493	0.554019	0.004224
49745	9.772333	1.184731	-0.703059	0.135419	-0.028061	0.047079	-0.100557	0.144205	0.984425	0.545995	-0.819143	0.175765	0.831732	0.555166	0.003636
49746	9.787123	1.061455	-0.584674	0.182232	-0.031251	0.046196	-0.100000	0.143980	0.984515	0.547599	-0.818177	0.175275	0.830744	0.556647	0.002975
49747	9.773900	1.084665	-0.488827	0.230110	-0.040156	0.045469	-0.099354	0.143843	0.984600	0.549646	-0.816903	0.174808	0.829468	0.558550	0.002100
49748	9.765550	1.260555	-0.366677	0.292864	-0.040554	0.033668	-0.098788	0.143776	0.984667	0.552149	-0.815293	0.174440	0.827872	0.560916	0.001155
49749	9.753969	1.364638	-0.319639	0.331408	-0.044818	0.028340	-0.098199	0.143804	0.984722	0.554993	-0.813425	0.174133	0.826038	0.563614	0.000067
49750	9.744761	1.447753	-0.285207	0.348123	-0.052687	0.023923	-0.097586	0.143888	0.984771	0.557931	-0.811472	0.173855	0.824130	0.566400	-0.001091
49751	9.673932	1.395160	-0.266186	0.361080	-0.048270	0.015804	-0.097035	0.144041	0.984803	0.560996	-0.809398	0.173662	0.822112	0.569321	-0.002267
49752	9.683588	1.403153	-0.295763	0.383552	-0.048343	0.021335	-0.096473	0.144126	0.984846	0.564207	-0.807219	0.173399	0.819978	0.572385	-0.003442
49753	9.672471	1.490982	-0.382377	0.407111	-0.042579	0.021681	-0.095934	0.144203	0.984887	0.567638	-0.804867	0.173137	0.817670	0.575669	-0.004641
49754	9.640996	1.577085	-0.359619	0.408409	-0.043119	0.019975	-0.095423	0.144273	0.984926	0.571033	-0.802518	0.172877	0.815362	0.578922	-0.005806
49755	9.655597	1.638346	-0.388940	0.435723	-0.040401	0.023717	-0.094893	0.144328	0.984970	0.574689	-0.799967	0.172585	0.812852	0.582428	-0.007032
49756	9.689071	1.739792	-0.328873	0.445023	-0.041930	0.021537	-0.094383	0.144382	0.985010	0.578363	-0.797377	0.172297	0.810301	0.585955	-0.008247
49757	9.658876	1.825418	-0.249484	0.438919	-0.052160	0.022581	-0.093763	0.144520	0.985049	0.582022	-0.794773	0.172005	0.807749	0.589448	-0.009593
49758	9.673594	1.886655	-0.282283	0.426861	-0.059342	0.025069	-0.093093	0.144654	0.985093	0.585530	-0.792265	0.171672	0.805288	0.592783	-0.010945
49759	9.658659	1.917666	-0.315656	0.393882	-0.069314	0.019790	-0.092354	0.144919	0.985124	0.588793	-0.789902	0.171399	0.802990	0.595863	-0.012377
49760	9.638772	1.893896	-0.349582	0.368654	-0.076359	0.031342	-0.091511	0.145111	0.985174	0.591819	-0.787724	0.171000	0.800859	0.598693	-0.013794
49761	9.671446	1.996250	-0.355023	0.349117	-0.086638	0.032283	-0.090563	0.145387	0.985221	0.594717	-0.785625	0.170600	0.798818	0.601378	-0.015316
49762	9.631958	2.050368	-0.389029	0.308610	-0.081792	0.030935	-0.089680	0.145620	0.985268	0.597249	-0.783789	0.170204	0.797027	0.603714	-0.016681
49763	9.575008	2.084978	-0.321966	0.269339	-0.080364	0.034666	-0.088768	0.145848	0.985316	0.599507	-0.782153	0.169786	0.795432	0.605776	-0.018007
49764	9.580498	2.059589	-0.225141	0.230330	-0.080983	0.037366	-0.087854	0.146031	0.985371	0.601411	-0.780789	0.169333	0.794094	0.607490	-0.019229
49765	9.583351	1.957695	-0.136048	0.191646	-0.072312	0.043929	-0.086950	0.146141	0.985435	0.603049	-0.779634	0.168831	0.792952	0.608945	-0.020342
49766	9.595677	1.940620	-0.176213	0.155055	-0.068325	0.046108	-0.086084	0.146182	0.985505	0.604358	-0.778734	0.168302	0.792049	0.610086	-0.021310
49767	9.605022	1.846628	-0.224154	0.132043	-0.064280	0.048139	-0.085219	0.146215	0.985575	0.605527	-0.777940	0.167769	0.791249	0.611090	-0.022242
49768	9.605717	1.841959	-0.232604	0.108229	-0.065528	0.043375	-0.084391	0.146262	0.985640	0.606461	-0.777319	0.167274	0.790622	0.611868	-0.023103
49769	9.627809	1.736883	-0.249945	0.089072	-0.073396	0.037987	-0.083516	0.146430	0.985689	0.607269	-0.776779	0.166848	0.790094	0.612513	-0.024049
49770	9.621418	1.677760	-0.317317	0.064792	-0.079658	0.035552	-0.082624	0.146625	0.985735	0.607851	-0.776412	0.166439	0.789741	0.612932	-0.024976
49771	9.667695	1.548944	-0.335331	0.050328	-0.087366	0.034686	-0.081661	0.146909	0.985773	0.608366	-0.776090	0.166057	0.789444	0.613272	-0.025998
49772	9.659879	1.390770	-0.421609	0.054077	-0.094882	0.038294	-0.080633	0.147177	0.985818	0.608864	-0.775792	0.165622	0.789166	0.613584	-0.027056
49773	9.656996	1.286656	-0.509982	0.068854	-0.107093	0.037617	-0.079494	0.147557	0.985854	0.609516	-0.775370	0.165202	0.788778	0.614026	-0.028301
49774	9.617903	1.242615	-0.499998	0.091952	-0.120025	0.045619	-0.078223	0.147925	0.985900	0.610317	-0.774850	0.164683	0.788286	0.614594	-0.029670
49775	9.640262	1.259744	-0.434750	0.106932	-0.131952	0.038392	-0.076883	0.148455	0.985926	0.611276	-0.774188	0.164241	0.787674	0.615300	-0.031225
49776	9.647461	1.311394	-0.390878	0.104294	-0.141256	0.034667	-0.075513	0.149040	0.985944	0.612163	-0.773575	0.163823	0.787117	0.615929	-0.032822
49777	9.677079	1.337899	-0.407996	0.103268	-0.148922	0.028543	-0.074102	0.149750	0.985943	0.613073	-0.772928	0.163474	0.786543	0.616569	-0.034533
49778	9.702713	1.409704	-0.406938	0.103087	-0.155745	0.023749	-0.072685	0.150512	0.985933	0.613941	-0.772305	0.163160	0.785998	0.617164	-0.036270
49779	9.758123	1.511868	-0.408481	0.110577	-0.157150	0.019920	-0.071270	0.151343	0.985909	0.614912	-0.771588	0.162895	0.785368	0.617857	-0.038072
49780	9.750167	1.599315	-0.387469	0.108919	-0.154212	0.016826	-0.069909	0.152151	0.985882	0.615819	-0.770918	0.162643	0.784780	0.618495	-0.039803
49781	9.658866	1.675774	-0.292757	0.104150	-0.154376	0.012437	-0.068556	0.153021	0.985842	0.616710	-0.770247	0.162443	0.784199	0.619115	-0.041565
49782	9.652222	1.666189	-0.228727	0.080049	-0.151494	0.020368	-0.067196	0.153787	0.985817	0.617391	-0.769760	0.162165	0.783781	0.619531	-0.043222
49783	9.654106	1.590660	-0.132516	0.063847	-0.147427	0.022609	-0.065835	0.154539	0.985791	0.617982	-0.769346	0.161879	0.783431	0.619858	-0.044852
49784	9.693341	1.576534	-0.048647	0.045359	-0.134484	0.030765	-0.064545	0.155120	0.985785	0.618397	-0.769090	0.161512	0.783211	0.620031	-0.046285
49785	9.643412	1.594118	0.069917	0.042235	-0.119607	0.029532	-0.063359	0.155647	0.985779	0.618821	-0.768822	0.161164	0.782973	0.620232	-0.047606
49786	9.729061	1.529634	0.095825	0.040351	-0.110174	0.022051	-0.062313	0.156145	0.985767	0.619190	-0.768583	0.160884	0.782765	0.620402	-0.048790
49787	9.697885	1.520210	0.096869	0.051973	-0.096306	0.020102	-0.061370	0.156595	0.985754	0.619669	-0.768252	0.160622	0.782460	0.620699	-0.049890
49788	9.758957	1.481453	0.125283	0.075189	-0.081964	0.004920	-0.060651	0.157051	0.985726	0.620300	-0.767770	0.160492	0.782016	0.621180	-0.050852
49789	9.751976	1.449218	0.127651	0.111947	-0.074450	0.006304	-0.059970	0.157473	0.985701	0.621251	-0.767033	0.160336	0.781314	0.621983	-0.051832
49790	9.794331	1.443127	0.076952	0.157616	-0.064703	0.002260	-0.059404	0.157843	0.985676	0.622522	-0.766033	0.160188	0.780344	0.623121	-0.052756
49791	9.820760	1.517851	0.084541	0.206626	-0.051641	0.003943	-0.058914	0.158142	0.985657	0.624203	-0.764703	0.160001	0.779038	0.624676	-0.053660
49792	9.861450	1.656296	0.069498	0.233392	-0.036017	-0.001149	-0.058595	0.158360	0.985641	0.626058	-0.763218	0.159842	0.777572	0.626434	-0.054422
49793	9.738172	1.706143	-0.083116	0.252290	-0.032732	-0.000611	-0.058280	0.158576	0.985625	0.628088	-0.761585	0.159669	0.775957	0.628365	-0.055215
49794	9.713654	1.730778	-0.090397	0.250387	-0.034453	-0.008415	-0.058019	0.158842	0.985598	0.630063	-0.759973	0.159569	0.774374	0.630247	-0.055988
49795	9.610807	1.679030	-0.250324	0.241659	-0.043033	-0.009983	-0.057684	0.159193	0.985561	0.631989	-0.758389	0.159489	0.772828	0.632063	-0.056861
49796	9.544690	1.688295	-0.425423	0.235822	-0.048723	-0.014842	-0.057355	0.159599	0.985514	0.633840	-0.756849	0.159456	0.771335	0.633804	-0.057751
49797	9.516637	1.661584	-0.571978	0.224436	-0.068961	-0.008472	-0.056812	0.160105	0.985464	0.635626	-0.755369	0.159366	0.769904	0.635440	-0.058853
49798	9.517943	1.589459	-0.669304	0.215364	-0.084665	0.003336	-0.056093	0.160603	0.985424	0.637323	-0.753981	0.159161	0.768552	0.636961	-0.060063
49799	9.514045	1.583818	-0.741358	0.220633	-0.103930	0.016259	-0.055127	0.161148	0.985389	0.639089	-0.752556	0.158824	0.767155	0.638507	-0.061502
49800	9.445547	1.658822	-0.836476	0.228793	-0.129218	0.025781	-0.053924	0.161766	0.985355	0.640895	-0.751111	0.158383	0.765732	0.640050	-0.063172
49801	9.429191	1.687191	-0.874693	0.216614	-0.156916	0.036359	-0.052426	0.162502	0.985314	0.642629	-0.749742	0.157843	0.764381	0.641467	-0.065123
49802	9.409292	1.687037	-0.843046	0.185296	-0.179138	0.041857	-0.050741	0.163324	0.985267	0.644105	-0.748597	0.157264	0.763253	0.642595	-0.067213
49803	9.585679	1.662839	-0.713559	0.144455	-0.197471	0.050503	-0.048846	0.164222	0.985213	0.645294	-0.747706	0.156626	0.762371	0.643403	-0.069449
49804	9.719371	1.668615	-0.533708	0.117472	-0.190808	0.051129	-0.047015	0.165054	0.985163	0.646252	-0.747010	0.155995	0.761674	0.643998	-0.071546
49805	9.709268	1.530990	-0.414299	0.096098	-0.183032	0.051730	-0.045224	0.165855	0.985113	0.647077	-0.746425	0.155375	0.761083	0.644470	-0.073564
49806	9.765357	1.556558	-0.087728	0.103044	-0.155947	0.038559	-0.043741	0.166559	0.985061	0.647916	-0.745801	0.154873	0.760455	0.645011	-0.075294
49807	9.757874	1.665974	0.220342	0.097342	-0.128123	0.027381	-0.042525	0.167185	0.985008	0.648726	-0.745177	0.154486	0.759833	0.645569	-0.076769
49808	9.820644	1.822467	0.493574	0.086174	-0.087942	0.009785	-0.041747	0.167667	0.984959	0.649422	-0.744613	0.154278	0.759281	0.646095	-0.077801
49809	9.872043	1.945912	0.723861	0.067041	-0.046806	-0.012946	-0.041412	0.168068	0.984905	0.649983	-0.744118	0.154308	0.758820	0.646562	-0.078426
49810	9.870073	2.043950	0.814161	0.058350	0.002483	-0.031744	-0.041590	0.168274	0.984862	0.650450	-0.743663	0.154531	0.758410	0.647031	-0.078525
49811	9.909942	2.186187	0.942887	0.075852	0.046690	-0.047504	-0.042191	0.168325	0.984828	0.651061	-0.743053	0.154893	0.757852	0.647718	-0.078239
49812	9.898916	2.329553	0.857912	0.116413	0.080496	-0.061455	-0.043154	0.168245	0.984800	0.651954	-0.742171	0.155363	0.757029	0.648749	-0.077660
49813	9.889831	2.305509	0.596746	0.136510	0.111759	-0.067518	-0.044379	0.168018	0.984784	0.653012	-0.741133	0.155876	0.756047	0.649993	-0.076827
49814	9.754485	2.007852	0.347124	0.126141	0.137170	-0.059943	-0.045760	0.167556	0.984800	0.653975	-0.740188	0.156325	0.755131	0.651188	-0.075707
49815	9.573801	1.661756	0.006259	0.127617	0.147659	-0.056126	-0.047181	0.167003	0.984827	0.654956	-0.739234	0.156734	0.754192	0.652414	-0.074501
49816	9.460465	1.353944	-0.431752	0.154183	0.143159	-0.037410	-0.048458	0.166330	0.984879	0.656138	-0.738140	0.156944	0.753083	0.653822	-0.073367
49817	9.415316	1.133261	-0.892160	0.203520	0.123575	-0.015196	-0.049428	0.165627	0.984949	0.657708	-0.736752	0.156896	0.751650	0.655564	-0.072518
49818	9.385900	1.021078	-1.304437	0.266226	0.097373	0.007046	-0.050065	0.164922	0.985035	0.659748	-0.734991	0.156590	0.749817	0.657715	-0.072010
49819	9.405667	1.030619	-1.482178	0.325422	0.074424	0.024045	-0.050402	0.164250	0.985130	0.662247	-0.732852	0.156071	0.747589	0.660265	-0.071837
49820	9.389499	1.149963	-1.550035	0.361383	0.048354	0.039916	-0.050451	0.163625	0.985232	0.665001	-0.730501	0.155373	0.745136	0.663019	-0.071957
49821	9.367416	1.161980	-1.691849	0.372330	0.021694	0.046529	-0.050241	0.163137	0.985323	0.667842	-0.728070	0.154598	0.742605	0.665808	-0.072370
49822	9.444779	1.174564	-1.822606	0.349776	-0.005005	0.059339	-0.049760	0.162727	0.985416	0.670502	-0.725809	0.153714	0.740237	0.668372	-0.072993
49823	9.496255	0.963550	-1.992756	0.336927	-0.030954	0.068086	-0.049011	0.162437	0.985501	0.673072	-0.723631	0.152747	0.737951	0.670800	-0.073866
49824	9.520929	0.797603	-2.157361	0.337539	-0.063245	0.088148	-0.047903	0.162213	0.985592	0.675639	-0.721481	0.151583	0.735674	0.673166	-0.075036
49825	9.612087	0.642762	-2.431442	0.361764	-0.118629	0.107207	-0.046243	0.162241	0.985667	0.678398	-0.719177	0.150203	0.733238	0.675620	-0.076807
49826	9.640486	0.500156	-2.617857	0.391386	-0.179596	0.126965	-0.044017	0.162533	0.985721	0.681356	-0.716708	0.148602	0.730627	0.678168	-0.079196
49827	9.541045	0.399161	-2.815280	0.424186	-0.226193	0.141222	-0.041339	0.163063	0.985749	0.684564	-0.714014	0.146820	0.727780	0.680878	-0.082110
49828	9.443058	0.524741	-2.852853	0.461977	-0.289956	0.152291	-0.038140	0.163944	0.985732	0.688015	-0.711085	0.144886	0.724693	0.683725	-0.085675
49829	9.369272	0.678020	-2.822669	0.486158	-0.362964	0.152404	-0.034399	0.165356	0.985634	0.691642	-0.707960	0.142910	0.721421	0.686622	-0.090014
49830	9.614771	0.812038	-2.681115	0.506099	-0.410870	0.162888	-0.030264	0.167022	0.985489	0.695373	-0.704723	0.140792	0.718011	0.689543	-0.094815
49831	9.934307	0.949408	-2.464266	0.506410	-0.471619	0.171085	-0.025626	0.169088	0.985268	0.699108	-0.701462	0.138565	0.714557	0.692359	-0.100235
49832	9.799681	0.998731	-2.374845	0.503931	-0.484332	0.170263	-0.020932	0.171246	0.985006	0.702774	-0.698229	0.136323	0.711105	0.695090	-0.105732
49833	10.140759	1.220137	-2.356236	0.520647	-0.529127	0.154336	-0.016024	0.173870	0.984638	0.706557	-0.694816	0.134191	0.707474	0.697854	-0.111715
49834	10.069188	1.433497	-2.202591	0.483570	-0.536555	0.148696	-0.011135	0.176580	0.984223	0.710025	-0.691670	0.132126	0.704089	0.700294	-0.117674
49835	9.985009	1.374463	-1.975966	0.418914	-0.527191	0.149770	-0.006298	0.179261	0.983781	0.713045	-0.688942	0.130101	0.701090	0.702300	-0.123482
49836	9.730384	1.242340	-1.856230	0.343577	-0.497779	0.149881	-0.001696	0.181720	0.983349	0.715489	-0.686771	0.128147	0.698622	0.703793	-0.128854
49837	9.594325	1.300712	-1.661391	0.306368	-0.474622	0.153672	0.002784	0.184029	0.982917	0.717689	-0.684835	0.126187	0.696358	0.705078	-0.133982
49838	9.431360	1.554102	-1.336982	0.267251	-0.431713	0.150213	0.006913	0.186038	0.982518	0.719573	-0.683201	0.124300	0.694382	0.706135	-0.138591
49839	9.311510	1.815760	-1.207274	0.213651	-0.398993	0.140978	0.010763	0.187916	0.982126	0.721108	-0.681894	0.122569	0.692739	0.706900	-0.142847
49840	9.447709	2.105201	-1.142702	0.167397	-0.394265	0.126236	0.014451	0.189835	0.981710	0.722284	-0.680923	0.121039	0.691446	0.707324	-0.146955
49841	9.573276	2.238852	-1.153567	0.123463	-0.402427	0.117081	0.018144	0.191908	0.981245	0.723183	-0.680211	0.119661	0.690418	0.707449	-0.151126
49842	9.830368	2.069198	-1.153017	0.067423	-0.409035	0.122022	0.021898	0.193961	0.980765	0.723656	-0.679944	0.118312	0.689813	0.707146	-0.155251
49843	9.742420	1.809263	-1.129614	0.022064	-0.393877	0.144967	0.025727	0.195784	0.980309	0.723841	-0.680007	0.116812	0.689487	0.706582	-0.159211
49844	9.695932	1.518388	-0.992547	0.004418	-0.386373	0.173814	0.029698	0.197322	0.979889	0.723855	-0.680292	0.115053	0.689313	0.705880	-0.163035
49845	9.701751	1.392960	-0.817806	0.007468	-0.360830	0.205978	0.033739	0.198490	0.979522	0.723906	-0.680585	0.112979	0.689073	0.705270	-0.166650
49846	9.759528	1.382516	-0.698779	0.019012	-0.333951	0.218794	0.037672	0.199346	0.979205	0.723991	-0.680860	0.110755	0.688780	0.704763	-0.169974
49847	9.767146	1.348545	-0.493926	0.022985	-0.303901	0.216542	0.041396	0.200034	0.978914	0.724126	-0.681072	0.108551	0.688425	0.704363	-0.173043
49848	9.833704	1.438166	-0.366609	0.036939	-0.257852	0.208282	0.044727	0.200422	0.978688	0.724322	-0.681203	0.106398	0.688010	0.704126	-0.175638
49849	9.857184	1.536230	-0.168090	0.046302	-0.216533	0.186027	0.047627	0.200697	0.978495	0.724613	-0.681195	0.104449	0.687509	0.704055	-0.177871
49850	9.895396	1.578260	-0.029352	0.041653	-0.165156	0.155722	0.049939	0.200790	0.978361	0.724854	-0.681189	0.102802	0.687090	0.704035	-0.179562
49851	9.987357	1.531513	0.079865	0.024284	-0.115349	0.122205	0.051679	0.200784	0.978271	0.725013	-0.681213	0.101514	0.686794	0.704013	-0.180776
49852	10.099350	1.434291	0.107191	0.005547	-0.068853	0.105748	0.052967	0.200539	0.978253	0.725026	-0.681361	0.100420	0.686681	0.703940	-0.181486
49853	10.101071	1.304474	-0.113024	-0.013295	-0.022384	0.097951	0.053893	0.200038	0.978305	0.724932	-0.681606	0.099436	0.686709	0.703845	-0.181747
49854	10.089228	1.138643	-0.474866	0.022312	0.005157	0.083406	0.054510	0.199424	0.978396	0.725070	-0.681590	0.098530	0.686514	0.704035	-0.181750
49855	10.138338	0.979436	-1.051920	0.081120	0.012090	0.088199	0.055128	0.198742	0.978500	0.725622	-0.681155	0.097467	0.685881	0.704648	-0.181762
49856	10.135771	0.677644	-1.576514	0.166049	0.003250	0.100050	0.055881	0.198029	0.978602	0.726736	-0.680157	0.096137	0.684641	0.705813	-0.181922
49857	10.159860	0.467857	-1.989375	0.253320	-0.003222	0.118727	0.056829	0.197247	0.978705	0.728442	-0.678565	0.094460	0.682747	0.707562	-0.182245
49858	10.068229	0.222151	-2.182284	0.327122	-0.009704	0.131381	0.057902	0.196416	0.978810	0.730626	-0.676479	0.092528	0.680318	0.709786	-0.182676
49859	9.923938	0.136001	-2.322212	0.400289	-0.005879	0.149777	0.059100	0.195448	0.978932	0.733296	-0.673890	0.090274	0.677336	0.712511	-0.183148
49860	9.695420	0.040535	-2.435854	0.457112	-0.009022	0.165767	0.060428	0.194389	0.979061	0.736315	-0.670923	0.087764	0.673935	0.715594	-0.183674
49861	9.538703	0.077922	-2.494580	0.518243	-0.016380	0.188970	0.061996	0.193243	0.979190	0.739721	-0.667536	0.084904	0.670052	0.719063	-0.184330
49862	9.503341	0.125925	-2.618763	0.537497	-0.012198	0.207266	0.063663	0.191943	0.979339	0.743211	-0.664034	0.081832	0.666022	0.722646	-0.184928
49863	9.527956	0.160930	-2.597188	0.546972	-0.011072	0.216576	0.065414	0.190591	0.979488	0.746741	-0.660450	0.078641	0.661891	0.726279	-0.185525
49864	9.635782	0.320137	-2.470486	0.543484	0.007536	0.219932	0.067060	0.189079	0.979669	0.750210	-0.656883	0.075428	0.657790	0.729900	-0.185900
49865	9.503016	0.471665	-2.393746	0.479391	0.000827	0.228526	0.068837	0.187579	0.979834	0.753238	-0.653769	0.072239	0.654136	0.733076	-0.186295
49866	9.568155	0.587764	-2.397409	0.429787	-0.005286	0.228232	0.070643	0.186122	0.979984	0.755912	-0.651011	0.069152	0.650851	0.735896	-0.186681
49867	9.585501	0.660504	-2.426849	0.408570	-0.027006	0.233510	0.072652	0.184809	0.980085	0.758436	-0.648393	0.066042	0.647686	0.738534	-0.187272
49868	9.621111	0.686391	-2.358974	0.418762	-0.049070	0.233624	0.074792	0.183653	0.980142	0.760997	-0.645697	0.062917	0.644429	0.741180	-0.188053
49869	9.770486	0.606260	-2.279834	0.418619	-0.067918	0.237535	0.077105	0.182634	0.980153	0.763548	-0.642982	0.059743	0.641132	0.743787	-0.189027
49870	9.818612	0.630060	-2.082813	0.406715	-0.080833	0.240601	0.079511	0.181686	0.980137	0.765988	-0.640362	0.056564	0.637919	0.746276	-0.190085
49871	10.019528	0.516318	-1.841254	0.380860	-0.089898	0.242495	0.082008	0.180817	0.980092	0.768256	-0.637911	0.053405	0.634868	0.748582	-0.191228
49872	9.726316	0.642516	-1.575039	0.316439	-0.090380	0.248100	0.084538	0.179908	0.980044	0.770081	-0.635958	0.050317	0.632319	0.750460	-0.192307
49873	10.310165	0.688235	-1.191416	0.323934	-0.089492	0.248948	0.087088	0.179008	0.979986	0.771950	-0.633928	0.047195	0.629689	0.752390	-0.193393
49874	10.271830	0.683375	-1.053032	0.262682	-0.047313	0.242959	0.089312	0.177820	0.980002	0.773414	-0.632354	0.044256	0.627578	0.753995	-0.194005
49875	10.205290	0.781495	-0.771727	0.237655	0.011045	0.225366	0.091052	0.176319	0.980113	0.774736	-0.630920	0.041528	0.625695	0.755547	-0.194047
49876	10.275535	0.781256	-0.641350	0.179804	0.076531	0.202327	0.092191	0.174459	0.980339	0.775701	-0.629886	0.039146	0.624331	0.756841	-0.193398
49877	10.308614	0.778858	-0.463888	0.103869	0.146166	0.177238	0.092719	0.172238	0.980682	0.776217	-0.629370	0.037149	0.623611	0.757778	-0.192049
49878	10.289948	0.767748	-0.193697	0.028621	0.200756	0.136222	0.092573	0.169854	0.981112	0.776296	-0.629357	0.035709	0.623534	0.758327	-0.190118
49879	10.310005	0.813802	0.052187	-0.056527	0.261503	0.105155	0.091822	0.167205	0.981637	0.775874	-0.629932	0.034723	0.624170	0.758438	-0.187572
49880	10.287891	0.769453	0.147783	-0.130897	0.321356	0.067771	0.090389	0.164336	0.982254	0.775021	-0.631007	0.034251	0.625438	0.758172	-0.184399
49881	10.230995	0.576389	0.136542	-0.173572	0.386267	0.047308	0.088400	0.161100	0.982971	0.773914	-0.632375	0.034041	0.627091	0.757726	-0.180579
49882	10.160352	0.261011	0.131922	-0.193267	0.452320	0.042091	0.085934	0.157401	0.983789	0.772690	-0.633876	0.033923	0.628940	0.757249	-0.176094
49883	10.062942	0.054312	0.090200	-0.164753	0.519605	0.051730	0.083124	0.153123	0.984705	0.771626	-0.635186	0.033636	0.630622	0.757028	-0.170953
49884	10.022344	-0.106116	0.053838	-0.123907	0.581276	0.058014	0.079950	0.148347	0.985698	0.770824	-0.636182	0.033223	0.632012	0.757143	-0.165213
49885	9.990937	-0.113950	0.130611	-0.087128	0.643834	0.069322	0.076475	0.143007	0.986763	0.770229	-0.636932	0.032615	0.633165	0.757540	-0.158857
49886	9.795975	-0.128836	0.155899	-0.087493	0.699959	0.084393	0.072738	0.137159	0.987875	0.769640	-0.637683	0.031869	0.634322	0.757990	-0.151947
49887	9.786443	-0.142363	0.250037	-0.115283	0.761054	0.106598	0.068787	0.130679	0.989035	0.768837	-0.638697	0.030917	0.635734	0.758281	-0.144405
49888	9.813357	-0.045926	0.277790	-0.119463	0.817960	0.117374	0.064532	0.123719	0.990217	0.768027	-0.639720	0.029875	0.637158	0.758585	-0.136302
49889	10.065788	0.114097	0.434287	-0.161042	0.891150	0.125094	0.059868	0.116122	0.991429	0.766921	-0.641096	0.028777	0.638943	0.758625	-0.127438
49890	9.944577	0.229377	0.534042	-0.241788	0.985892	0.134433	0.054636	0.107775	0.992673	0.765325	-0.643048	0.027693	0.641321	0.758204	-0.117617
49891	9.956181	0.329099	0.557165	-0.312837	1.049238	0.136735	0.048998	0.098902	0.993890	0.763238	-0.645569	0.026614	0.644257	0.757271	-0.107117
49892	10.433405	0.421115	0.880377	-0.353295	1.063395	0.122980	0.043116	0.090054	0.995003	0.760929	-0.648326	0.025704	0.647401	0.756018	-0.096478
49893	10.051033	0.585689	0.928878	-0.459092	1.144845	0.130365	0.036731	0.080516	0.996076	0.757886	-0.651918	0.024749	0.651352	0.754003	-0.084967
49894	9.901452	0.446048	0.827348	-0.576286	1.148621	0.137690	0.030312	0.070964	0.997018	0.754103	-0.656326	0.023788	0.656057	0.751133	-0.073409
49895	9.890728	0.396579	0.745892	-0.636780	1.141706	0.129637	0.023824	0.061503	0.997823	0.749860	-0.661202	0.022851	0.661168	0.747683	-0.061871
49896	10.266747	0.263853	0.739722	-0.625952	1.104174	0.139618	0.017589	0.052333	0.998475	0.745708	-0.665917	0.021766	0.666040	0.744188	-0.050738
49897	10.321830	0.159689	0.565500	-0.624034	1.146342	0.155921	0.011140	0.042726	0.999025	0.741497	-0.670645	0.020414	0.670863	0.740547	-0.039152
49898	10.012656	-0.096853	0.260784	-0.578293	1.160730	0.174116	0.004664	0.032971	0.999445	0.737624	-0.674950	0.018824	0.675196	0.737127	-0.027468
49899	10.170063	-0.116903	0.150433	-0.493858	1.152366	0.189040	-0.001695	0.023158	0.999730	0.734258	-0.678658	0.016965	0.678868	0.734089	-0.015854
49900	10.375035	-0.137030	0.234506	-0.407362	1.137616	0.189534	-0.007996	0.013524	0.999877	0.731529	-0.681644	0.015070	0.681764	0.731559	-0.004443
49901	10.267771	-0.075382	0.146805	-0.339556	1.160321	0.201576	-0.014398	0.003615	0.999890	0.729212	-0.684165	0.012974	0.684136	0.729319	0.007214
49902	10.235802	-0.170771	-0.027915	-0.262785	1.118507	0.214411	-0.020449	-0.006010	0.999773	0.727483	-0.686041	0.010755	0.685821	0.727538	0.018401
49903	10.384822	-0.041513	0.064065	-0.166670	1.091441	0.225139	-0.026254	-0.015546	0.999534	0.726372	-0.687251	0.008390	0.686800	0.726254	0.029336
49904	10.647791	0.085868	0.048744	-0.102540	1.038035	0.224385	-0.031708	-0.024632	0.999194	0.725767	-0.687914	0.006072	0.687210	0.725374	0.039690
49905	10.049296	0.551778	-0.078892	-0.035772	1.026171	0.230858	-0.037036	-0.033716	0.998745	0.725582	-0.688126	0.003677	0.687139	0.724807	0.049949
49906	9.959827	0.779936	-0.236553	-0.002649	0.958039	0.205186	-0.042080	-0.042079	0.998228	0.725679	-0.688031	0.001587	0.686745	0.724460	0.059488
49907	10.075318	1.107611	-0.222481	0.022158	0.906767	0.172838	-0.047003	-0.049886	0.997648	0.725895	-0.687806	-0.000193	0.686198	0.724178	0.068541
49908	10.242337	1.318483	-0.239641	0.016828	0.846216	0.118069	-0.051901	-0.056834	0.997034	0.726103	-0.687584	-0.001397	0.685624	0.723877	0.076954
49909	10.072885	1.594857	-0.254748	-0.037795	0.821366	0.069201	-0.056983	-0.063296	0.996367	0.725875	-0.687823	-0.002182	0.685462	0.723113	0.085139
