// General information: 
//  MT Manager version: 2022.2.0 
//  XDA version: 2022.2.0 build 7381 rev 124627 built on 2023-07-19
// Device information: 
//  DeviceId: 00B4CAF0
//  ProductCode: MTW2-3A7G6
//  Firmware Version: 4.6.0
//  Hardware Version: 2.0.0
// Device settings: 
//  Filter Profile: human(46.1)
//  Option Flags: Orientation Smoother Disabled, Position/Velocity Smoother Disabled, Continuous Zero Rotation Update Disabled, AHS Disabled, ICC Disabled
// Coordinate system: ENU
PacketCounter	Acc_X	Acc_Y	Acc_Z	Gyr_X	Gyr_Y	Gyr_Z	Mat[1][1]	Mat[2][1]	Mat[3][1]	Mat[1][2]	Mat[2][2]	Mat[3][2]	Mat[1][3]	Mat[2][3]	Mat[3][3]
04556	4.476697	-0.555186	9.319042	-0.063612	-0.044815	0.031450	-0.880534	0.186298	0.435837	-0.240724	-0.967873	-0.072626	0.408304	-0.168866	0.897091
04557	4.556255	-0.655744	9.274902	-0.059127	-0.055760	0.029950	-0.880338	0.185989	0.436363	-0.240790	-0.967807	-0.073277	0.408686	-0.169580	0.896782
04558	4.569847	-0.764373	9.301472	-0.059671	-0.055295	0.024203	-0.880141	0.185689	0.436887	-0.240865	-0.967739	-0.073925	0.409066	-0.170296	0.896473
04559	4.475773	-0.700512	9.348186	-0.059865	-0.060134	0.015530	-0.879899	0.185481	0.437463	-0.241028	-0.967653	-0.074519	0.409491	-0.171010	0.896143
04560	4.484255	-0.772560	9.238913	-0.071500	-0.069430	0.008245	-0.879606	0.185310	0.438125	-0.241292	-0.967534	-0.075204	0.409965	-0.171866	0.895763
04561	4.514123	-0.730671	9.295568	-0.069777	-0.081616	-0.000982	-0.879237	0.185214	0.438905	-0.241631	-0.967402	-0.075814	0.410556	-0.172712	0.895329
04562	4.488790	-0.726578	9.295781	-0.063666	-0.076938	-0.006046	-0.878877	0.185167	0.439645	-0.241990	-0.967269	-0.076365	0.411115	-0.173505	0.894919
04563	4.521474	-0.694705	9.252010	-0.070490	-0.094237	-0.016609	-0.878410	0.185239	0.440549	-0.242514	-0.967094	-0.076912	0.411805	-0.174399	0.894428
04564	4.497684	-0.704271	9.282802	-0.057771	-0.103026	-0.015093	-0.877919	0.185232	0.441528	-0.242929	-0.966954	-0.077369	0.412606	-0.175184	0.893905
04565	4.573962	-0.754715	9.200201	-0.062508	-0.103310	-0.013029	-0.877420	0.185257	0.442509	-0.243395	-0.966797	-0.077859	0.413393	-0.176020	0.893378
04566	4.445120	-0.769136	9.265331	-0.057033	-0.117954	-0.014879	-0.876866	0.185221	0.443621	-0.243806	-0.966657	-0.078310	0.414324	-0.176825	0.892787
04567	4.511609	-0.666733	9.290628	-0.057618	-0.116560	-0.015427	-0.876305	0.185235	0.444721	-0.244265	-0.966506	-0.078745	0.415239	-0.177634	0.892201
04568	4.333664	-0.487888	9.464567	-0.109763	-0.160468	-0.011994	-0.875579	0.185093	0.446208	-0.244870	-0.966276	-0.079678	0.416412	-0.179027	0.891375
04569	4.638772	-0.739523	9.192955	-0.123906	-0.167460	-0.010054	-0.874818	0.184955	0.447756	-0.245554	-0.966016	-0.080726	0.417608	-0.180569	0.890505
04570	4.563263	-0.605742	9.251663	-0.130071	-0.179226	-0.010693	-0.874012	0.184761	0.449406	-0.246236	-0.965748	-0.081843	0.418892	-0.182191	0.889571
04571	4.581218	-0.647237	9.304513	-0.138727	-0.207299	-0.001465	-0.873111	0.184411	0.451298	-0.246854	-0.965487	-0.083059	0.420405	-0.183924	0.888499
04572	4.487381	-0.667206	9.519815	-0.156153	-0.234038	0.001101	-0.872098	0.183995	0.453422	-0.247546	-0.965188	-0.084457	0.422098	-0.185897	0.887286
04573	4.447098	-0.717080	9.510451	-0.173702	-0.280333	0.002852	-0.870888	0.183471	0.455952	-0.248293	-0.964860	-0.085999	0.424152	-0.188105	0.885839
04574	4.548293	-0.664248	9.470862	-0.180375	-0.325978	0.003471	-0.869480	0.182847	0.458881	-0.249074	-0.964513	-0.087618	0.426576	-0.190477	0.884167
04575	4.482699	-0.543890	9.482557	-0.193807	-0.380190	0.013304	-0.867848	0.182050	0.462274	-0.249860	-0.964148	-0.089379	0.429429	-0.193071	0.882221
04576	4.464900	-0.576568	9.476642	-0.198436	-0.442899	0.023899	-0.865968	0.180985	0.466201	-0.250553	-0.963793	-0.091245	0.432808	-0.195823	0.879961
04577	4.470454	-0.637240	9.511933	-0.194577	-0.509732	0.032963	-0.863795	0.179729	0.470697	-0.251194	-0.963449	-0.093096	0.436760	-0.198652	0.877370
04578	4.450518	-0.726901	9.511472	-0.190018	-0.591309	0.032237	-0.861249	0.178262	0.475892	-0.251794	-0.963115	-0.094919	0.441418	-0.201576	0.874367
04579	4.486245	-0.769945	9.490405	-0.194247	-0.670802	0.033812	-0.858316	0.176636	0.481760	-0.252442	-0.962762	-0.096763	0.446728	-0.204670	0.870945
04580	4.331251	-0.833098	9.616875	-0.171186	-0.749011	0.018896	-0.854964	0.174936	0.488297	-0.253094	-0.962430	-0.098348	0.452747	-0.207669	0.867118
04581	4.394360	-0.869286	9.629823	-0.200769	-0.859602	0.003309	-0.851014	0.173159	0.495774	-0.254049	-0.961999	-0.100087	0.459603	-0.211126	0.862665
04582	4.389068	-1.062259	9.487428	-0.210487	-0.966665	-0.027119	-0.846432	0.171386	0.504162	-0.255299	-0.961492	-0.101766	0.467306	-0.214850	0.857592
04583	4.362783	-1.002093	9.447878	-0.163859	-1.059478	-0.059902	-0.841238	0.169754	0.513324	-0.256680	-0.961009	-0.102847	0.475851	-0.218279	0.852010
04584	4.373764	-0.850862	9.563401	-0.166302	-1.189332	-0.080956	-0.835280	0.167940	0.523549	-0.258202	-0.960494	-0.103842	0.485426	-0.221919	0.845644
04585	4.225566	-0.974812	9.686974	-0.123877	-1.328203	-0.101278	-0.828466	0.165964	0.534883	-0.259683	-0.960041	-0.104334	0.496194	-0.225337	0.838460
04586	4.224953	-1.092674	9.874720	-0.079073	-1.476157	-0.134719	-0.820668	0.163931	0.547386	-0.261235	-0.959627	-0.104267	0.508194	-0.228565	0.830360
04587	3.895174	-1.039279	10.223503	-0.005559	-1.645281	-0.183876	-0.811671	0.161981	0.561206	-0.262848	-0.959294	-0.103277	0.521632	-0.231338	0.821208
04588	3.454060	-0.991746	10.477867	-0.065811	-1.869417	-0.261103	-0.801055	0.160150	0.576770	-0.265346	-0.958708	-0.102328	0.536565	-0.235014	0.810473
04589	3.231520	-1.895402	10.366593	-0.036781	-2.237276	-0.366593	-0.787829	0.158436	0.595167	-0.268551	-0.958013	-0.100457	0.554262	-0.238976	0.797298
04590	2.477969	-2.585834	10.274776	0.213575	-2.720019	-0.523957	-0.771003	0.156948	0.617189	-0.271473	-0.957687	-0.095594	0.576071	-0.241253	0.780986
04591	3.447951	-3.125427	10.804422	0.477971	-3.317849	-0.739847	-0.749381	0.156099	0.643476	-0.274381	-0.957657	-0.087224	0.602613	-0.241922	0.760481
04592	3.934065	-3.822749	10.373820	0.728549	-3.802465	-0.990309	-0.723121	0.156428	0.672775	-0.277217	-0.957856	-0.075250	0.632651	-0.240920	0.736010
04593	5.640178	-3.023791	10.270070	1.105831	-4.230514	-1.211201	-0.692238	0.158002	0.704160	-0.278709	-0.958567	-0.058903	0.665678	-0.237031	0.707594
04594	6.937256	-1.951892	9.722723	1.289875	-4.572634	-1.314513	-0.657295	0.159911	0.736472	-0.278814	-0.959491	-0.040504	0.700161	-0.231962	0.675254
04595	10.810271	-1.604783	11.473694	1.167337	-4.835843	-1.288066	-0.618957	0.161236	0.768697	-0.278794	-0.960073	-0.023108	0.734279	-0.228611	0.639196
04596	12.848505	-2.798226	12.831118	0.842669	-4.749917	-1.219222	-0.579886	0.162117	0.798405	-0.279828	-0.960014	-0.008309	0.765133	-0.228234	0.602064
04597	15.603134	-5.508765	13.537071	0.628982	-4.244077	-1.241131	-0.543312	0.164444	0.823268	-0.282091	-0.959372	0.005466	0.790720	-0.229267	0.567626
04598	11.803867	-5.746770	10.521522	1.489630	-3.792500	-1.418533	-0.508841	0.169541	0.844001	-0.277635	-0.960347	0.025529	0.814862	-0.221334	0.535734
04599	9.993853	-3.236569	10.729301	1.971080	-3.663149	-1.514640	-0.474344	0.176351	0.862495	-0.269008	-0.961904	0.048731	0.838232	-0.208902	0.503714
04600	7.992361	-1.752452	10.176543	2.012981	-3.588481	-1.489024	-0.439889	0.183446	0.879116	-0.258760	-0.963289	0.071533	0.859966	-0.196014	0.471209
04601	6.348951	-1.288735	9.052735	1.771287	-3.616180	-1.459195	-0.404641	0.190730	0.894365	-0.249751	-0.963876	0.092558	0.879710	-0.185915	0.437658
04602	4.422741	-1.408308	8.096456	1.537206	-3.656042	-1.474024	-0.368470	0.198309	0.908242	-0.241825	-0.963796	0.112331	0.897636	-0.178245	0.403085
04603	2.553497	-1.315202	6.619634	1.385000	-3.762677	-1.538321	-0.330626	0.206656	0.920858	-0.234933	-0.963038	0.131771	0.914053	-0.172773	0.366956
04604	1.649154	-1.665870	6.158282	1.174497	-3.891110	-1.541960	-0.291134	0.214862	0.932242	-0.228940	-0.961787	0.150175	0.928885	-0.169706	0.329200
04605	-1.662818	-2.827005	5.061364	1.060208	-3.754620	-1.579298	-0.252384	0.223772	0.941397	-0.223462	-0.960072	0.168303	0.941471	-0.167889	0.292312
04606	6.538332	-7.909280	5.084889	1.219660	-3.893545	-1.314421	-0.212557	0.229933	0.949711	-0.214996	-0.959108	0.184089	0.953203	-0.165055	0.253300
04607	24.128674	-4.866584	11.350889	3.078316	-1.684226	-0.309607	-0.195735	0.230411	0.953204	-0.186306	-0.963041	0.194532	0.962797	-0.139511	0.231428
04608	13.751643	0.407515	18.371482	1.686627	0.574574	0.679654	-0.202426	0.224634	0.953186	-0.168732	-0.966780	0.192005	0.964652	-0.121966	0.233604
04609	9.422136	-3.923332	12.313273	0.438472	2.189910	1.386746	-0.225715	0.213881	0.950425	-0.161854	-0.970276	0.179910	0.960654	-0.113222	0.253624
04610	2.247148	-4.340494	8.159989	0.354287	2.934695	1.743278	-0.256518	0.200145	0.945590	-0.154293	-0.974259	0.164357	0.954145	-0.103737	0.280796
04611	-0.538833	-4.647575	4.724801	0.435255	3.098107	1.902661	-0.288735	0.184754	0.939414	-0.145307	-0.978294	0.147739	0.946318	-0.093845	0.309314
04612	-0.384108	-3.111751	4.611417	0.838777	3.061671	1.898972	-0.320166	0.168833	0.932196	-0.131657	-0.982373	0.132703	0.938169	-0.080243	0.336750
04613	-0.115977	-1.299610	4.863675	0.743297	3.011590	1.854110	-0.350552	0.152947	0.923970	-0.118789	-0.985868	0.118126	0.928979	-0.068348	0.363766
04614	0.444263	-0.055377	5.200896	0.487136	2.997153	1.783028	-0.380213	0.137287	0.914653	-0.107811	-0.988759	0.103595	0.918594	-0.059222	0.390740
04615	0.800018	0.547499	5.151973	0.062529	3.050385	1.657657	-0.409763	0.122678	0.903905	-0.100801	-0.990936	0.088794	0.906605	-0.054730	0.418415
04616	0.764285	0.684691	5.069236	-0.308260	3.093741	1.521937	-0.439066	0.109303	0.891782	-0.097156	-0.992528	0.073817	0.893187	-0.054231	0.446404
04617	1.015851	0.245625	5.306419	-0.612668	3.053769	1.358273	-0.467433	0.097535	0.878632	-0.096440	-0.993589	0.058990	0.878752	-0.057162	0.473843
04618	2.231946	0.123338	6.361168	-0.753924	2.972652	1.180335	-0.494432	0.087607	0.864790	-0.097374	-0.994228	0.045047	0.863745	-0.061935	0.500109
04619	3.888876	-0.508342	7.422798	-0.864955	2.971916	0.975201	-0.520822	0.079886	0.849919	-0.099888	-0.994476	0.032263	0.847801	-0.068093	0.525924
04620	5.726892	-0.795884	8.398092	-0.855393	3.080755	0.768401	-0.547411	0.074471	0.833544	-0.103005	-0.994455	0.021201	0.830501	-0.074253	0.552046
04621	6.833632	-0.983016	8.928796	-0.852306	3.292528	0.587409	-0.575050	0.071220	0.815012	-0.106768	-0.994217	0.011548	0.811122	-0.080376	0.579328
04622	7.224775	-1.143663	9.139320	-0.816228	3.487778	0.416524	-0.603380	0.070016	0.794374	-0.110891	-0.993827	0.003366	0.789706	-0.086057	0.607419
04623	7.218260	-1.380032	9.234412	-0.803125	3.599150	0.266351	-0.631687	0.070612	0.772001	-0.115561	-0.993294	-0.003704	0.766562	-0.091553	0.635610
04624	7.309199	-1.822976	9.287873	-0.794635	3.612166	0.142915	-0.659070	0.072629	0.748567	-0.120679	-0.992642	-0.009940	0.742337	-0.096887	0.662985
04625	7.696291	-2.292970	9.625975	-0.803675	3.575782	0.086896	-0.685273	0.075375	0.724375	-0.126027	-0.991898	-0.016012	0.717299	-0.102263	0.689220
04626	8.203996	-2.692470	9.807823	-0.805893	3.529901	0.113098	-0.710249	0.077989	0.699617	-0.130961	-0.991133	-0.022465	0.691661	-0.107578	0.714165
04627	8.489303	-2.953076	10.026252	-0.799771	3.486623	0.225975	-0.734207	0.079640	0.674239	-0.134823	-0.990421	-0.029827	0.665404	-0.112802	0.737911
04628	8.647692	-2.946020	10.305580	-0.795733	3.416337	0.395402	-0.756989	0.079699	0.648549	-0.137110	-0.989811	-0.038399	0.638880	-0.117990	0.760204
04629	8.913623	-2.793187	10.491736	-0.812349	3.316320	0.593780	-0.778550	0.077875	0.622732	-0.137701	-0.989289	-0.048441	0.612289	-0.123465	0.780935
04630	9.387240	-2.194125	10.867285	-0.838636	3.202362	0.773773	-0.798765	0.074301	0.597038	-0.136669	-0.988811	-0.059789	0.585915	-0.129354	0.799982
04631	10.005569	-1.554154	11.260010	-0.899525	3.109811	0.915354	-0.817815	0.069428	0.571278	-0.134489	-0.988265	-0.072424	0.559545	-0.136060	0.817555
04632	10.618171	-0.906385	11.670622	-0.993839	3.054654	0.986936	-0.835786	0.063983	0.545314	-0.131804	-0.987526	-0.086142	0.533000	-0.143871	0.833794
04633	11.045619	-0.545421	11.764648	-1.070447	3.031186	0.963853	-0.852789	0.059012	0.518911	-0.129292	-0.986522	-0.100293	0.505998	-0.152620	0.848925
04634	10.955376	0.255040	11.879878	-1.139426	2.995475	0.844886	-0.868597	0.055426	0.492410	-0.127676	-0.985205	-0.114322	0.478788	-0.162169	0.862823
04635	11.278507	1.061450	11.738846	-1.229760	2.938616	0.656801	-0.883101	0.053929	0.466074	-0.127707	-0.983495	-0.128175	0.451469	-0.172712	0.875412
04636	11.360321	1.889255	11.240939	-1.381460	2.893623	0.443042	-0.896312	0.054776	0.440027	-0.129857	-0.981260	-0.142361	0.423983	-0.184741	0.886628
04637	11.233156	2.213765	10.300036	-1.542497	2.811847	0.201782	-0.908110	0.058230	0.414662	-0.134424	-0.978409	-0.156992	0.396567	-0.198306	0.896331
04638	9.786475	-0.458006	11.585118	-1.818658	2.605167	-0.040079	-0.918021	0.064026	0.391328	-0.141808	-0.974622	-0.173210	0.370307	-0.214504	0.903803
04639	8.511625	-0.474123	-0.571959	-0.620721	1.673177	-0.605019	-0.923192	0.073591	0.377229	-0.149681	-0.972848	-0.176529	0.353996	-0.219434	0.909140
04640	15.880393	5.246279	8.092181	-0.084068	1.223211	-0.748805	-0.926281	0.083582	0.367447	-0.156942	-0.972066	-0.174517	0.342596	-0.219320	0.913524
04641	15.066916	4.079320	6.074598	-0.299508	1.213179	-0.869760	-0.928952	0.094742	0.357873	-0.166071	-0.970620	-0.174121	0.330862	-0.221182	0.917392
04642	15.342312	5.148952	8.426753	-0.987033	1.414591	-0.750297	-0.932221	0.105226	0.346254	-0.176289	-0.967636	-0.180562	0.316049	-0.229365	0.920600
04643	12.310275	3.356863	5.689900	-1.080388	1.378893	-0.652562	-0.935282	0.114789	0.334769	-0.185764	-0.964380	-0.188314	0.301228	-0.238315	0.923292
04644	9.743600	1.572717	3.774728	-1.407494	1.169071	-0.541408	-0.937672	0.122881	0.325071	-0.195022	-0.960286	-0.199544	0.287641	-0.250503	0.924398
04645	8.246400	1.406609	3.727069	-1.204845	0.751784	-0.443500	-0.938903	0.129085	0.319058	-0.202635	-0.956633	-0.209265	0.278208	-0.261132	0.924343
04646	7.218126	-0.258843	4.623569	-1.263032	0.330112	-0.319367	-0.939134	0.133038	0.316747	-0.209155	-0.952831	-0.219927	0.272548	-0.272790	0.922661
04647	7.329721	-1.585986	3.841533	-0.694542	-0.172976	-0.221346	-0.938179	0.134694	0.318869	-0.213168	-0.950604	-0.225636	0.272726	-0.279660	0.920549
04648	8.134464	-0.848321	4.439196	0.087523	-0.496356	-0.105797	-0.936566	0.134334	0.323726	-0.213961	-0.950694	-0.224504	0.277606	-0.279527	0.919130
04649	8.939629	1.333593	6.019919	0.640157	-0.586585	0.051433	-0.935010	0.132247	0.329040	-0.211722	-0.952523	-0.218800	0.284482	-0.274245	0.918618
04650	8.592688	2.819109	6.697652	0.756875	-0.532971	0.228179	-0.933932	0.128649	0.333496	-0.207454	-0.954860	-0.212616	0.291089	-0.267754	0.918463
04651	7.255045	3.500946	6.282564	0.733631	-0.520565	0.383271	-0.933167	0.123632	0.337513	-0.201757	-0.957274	-0.207173	0.297480	-0.261422	0.918240
04652	6.227535	3.375234	5.738922	0.624804	-0.570447	0.518042	-0.932457	0.117214	0.341739	-0.195089	-0.959503	-0.203209	0.304081	-0.256153	0.917562
04653	5.393855	2.673609	5.656008	0.586889	-0.647474	0.641372	-0.931672	0.109434	0.346427	-0.187343	-0.961711	-0.200038	0.311272	-0.251270	0.916500
04654	5.144735	2.256151	5.841005	0.660852	-0.677285	0.771558	-0.930926	0.100345	0.351153	-0.178119	-0.964151	-0.196687	0.318828	-0.245648	0.915427
04655	5.166414	2.400305	6.425830	0.758328	-0.612213	0.929471	-0.930537	0.089910	0.354990	-0.167059	-0.966866	-0.193031	0.325872	-0.238926	0.914725
04656	5.048300	2.599294	6.599172	0.826975	-0.458433	1.079095	-0.930742	0.078408	0.357172	-0.154342	-0.969709	-0.189320	0.331508	-0.231335	0.914651
04657	4.299178	2.894331	6.489086	0.900719	-0.306329	1.181747	-0.931441	0.066258	0.357808	-0.140368	-0.972605	-0.185302	0.335728	-0.222823	0.915225
04658	1.416809	2.652401	7.571171	1.091611	-0.460001	0.878909	-0.931044	0.056721	0.360472	-0.128531	-0.975513	-0.178477	0.341522	-0.212502	0.915536
04659	1.943832	10.670715	-0.841002	1.124915	-1.353533	0.454668	-0.926872	0.049495	0.372099	-0.120419	-0.978084	-0.169855	0.355538	-0.202242	0.912519
04660	6.470439	4.258960	2.307561	-0.674462	-2.015801	-1.033560	-0.918196	0.055467	0.392223	-0.132457	-0.976144	-0.172040	0.373324	-0.209919	0.903639
04661	11.879254	-12.585780	13.268810	0.705191	-1.994952	-2.447471	-0.907050	0.075247	0.414244	-0.152124	-0.976003	-0.155809	0.392579	-0.204343	0.896730
04662	38.082402	-18.604707	15.874736	4.112051	0.629843	-3.380883	-0.904111	0.109514	0.413025	-0.166627	-0.980436	-0.104784	0.393469	-0.163557	0.904672
04663	-8.069531	4.813673	12.488392	4.102169	1.508475	-2.112339	-0.906416	0.132436	0.401087	-0.169780	-0.983722	-0.058867	0.386762	-0.121454	0.914146
04664	4.660681	3.241051	13.178675	-2.154526	-1.808621	0.177565	-0.899588	0.128312	0.417466	-0.176690	-0.981075	-0.079204	0.399402	-0.145013	0.905234
04665	18.131894	-1.053274	9.427565	2.443675	0.497307	-0.303177	-0.901022	0.131975	0.413209	-0.169693	-0.983918	-0.055769	0.399204	-0.120368	0.908927
04666	-4.578041	16.126822	16.708583	1.096460	-0.259592	-0.007674	-0.899942	0.131783	0.415618	-0.165407	-0.985162	-0.045783	0.403418	-0.109948	0.908386
04667	9.130323	-8.492827	10.597766	-4.210913	-0.625746	-0.180181	-0.897080	0.132757	0.421453	-0.184008	-0.979401	-0.083160	0.401731	-0.152152	0.903029
04668	3.465752	-6.932134	-0.245525	1.376861	-0.282455	0.053705	-0.896009	0.131848	0.424009	-0.178005	-0.981468	-0.070963	0.406795	-0.139059	0.902874
04669	7.276111	9.782967	16.579451	3.421184	-0.430401	-0.105316	-0.894028	0.132381	0.428005	-0.164892	-0.985516	-0.039612	0.416562	-0.105989	0.902908
04670	3.123088	4.246811	11.221680	-1.736506	-0.241926	0.127979	-0.893210	0.130875	0.430172	-0.171021	-0.983684	-0.055833	0.415847	-0.123439	0.901019
04671	5.512995	-5.000983	6.134113	-0.939628	-0.067058	0.107404	-0.893088	0.129756	0.430763	-0.173991	-0.982617	-0.064742	0.414874	-0.132770	0.900140
04672	4.666312	0.063648	10.017424	1.077217	-0.227678	0.074425	-0.892240	0.128765	0.432813	-0.168881	-0.984080	-0.055377	0.418792	-0.122504	0.899781
04673	5.255544	0.478194	10.483208	-0.324429	-0.112758	0.077265	-0.891870	0.127888	0.433835	-0.169579	-0.983772	-0.058617	0.419299	-0.125848	0.899083
04674	4.696598	-1.467927	8.555576	-0.225919	-0.054919	0.072783	-0.891736	0.127133	0.434331	-0.169922	-0.983569	-0.060971	0.419444	-0.128173	0.898687
04675	4.589028	-0.340792	9.398234	-0.176467	-0.006115	0.073626	-0.891807	0.126425	0.434393	-0.170034	-0.983431	-0.062863	0.419248	-0.129923	0.898527
04676	4.607489	-0.863465	9.140155	-0.246001	-0.011183	0.068198	-0.891849	0.125770	0.434496	-0.170501	-0.983186	-0.065377	0.418968	-0.132389	0.898298
04677	4.512415	-0.895175	8.981790	-0.249458	0.005912	0.056257	-0.891941	0.125248	0.434458	-0.171072	-0.982920	-0.067849	0.418539	-0.134841	0.898133
04678	4.455982	-0.687513	9.165379	-0.230001	-0.001525	0.048163	-0.891991	0.124803	0.434485	-0.171649	-0.982659	-0.070131	0.418198	-0.137135	0.897945
04679	4.499087	-0.490069	9.275000	-0.210692	-0.004738	0.051108	-0.892030	0.124317	0.434544	-0.172102	-0.982427	-0.072231	0.417928	-0.139219	0.897750
04680	4.272141	-0.348228	9.330236	-0.184604	-0.024038	0.056253	-0.891999	0.123761	0.434765	-0.172417	-0.982230	-0.074141	0.417863	-0.141094	0.897487
04681	4.411287	-0.567677	9.251315	-0.186634	-0.039651	0.059990	-0.891908	0.123138	0.435129	-0.172689	-0.982035	-0.076063	0.417945	-0.142983	0.897150
04682	4.435385	-0.618840	9.366774	-0.165275	-0.054765	0.061015	-0.891758	0.122490	0.435619	-0.172881	-0.981864	-0.077818	0.418187	-0.144705	0.896761
04683	4.492060	-0.736424	9.342044	-0.149630	-0.067151	0.059179	-0.891550	0.121834	0.436228	-0.173007	-0.981715	-0.079404	0.418577	-0.146263	0.896326
04684	4.376858	-0.734924	9.358040	-0.123193	-0.080219	0.051188	-0.891276	0.121244	0.436952	-0.173112	-0.981587	-0.080739	0.419118	-0.147602	0.895854
04685	4.472646	-0.793765	9.300537	-0.123430	-0.098066	0.053433	-0.890928	0.120597	0.437840	-0.173182	-0.981465	-0.082064	0.419828	-0.148939	0.895300
04686	4.434156	-0.766765	9.384682	-0.097434	-0.114051	0.047183	-0.890503	0.119993	0.438869	-0.173215	-0.981368	-0.083150	0.420714	-0.150064	0.894696
04687	4.685362	-0.879954	9.232925	-0.106036	-0.122034	0.040033	-0.890029	0.119439	0.439979	-0.173334	-0.981252	-0.084260	0.421667	-0.151257	0.894046
04688	4.535040	-0.711942	9.314682	-0.079679	-0.119281	0.036643	-0.889562	0.118928	0.441061	-0.173389	-0.981166	-0.085141	0.422629	-0.152213	0.893429
04689	4.520777	-0.742572	9.316984	-0.091457	-0.136868	0.034189	-0.889013	0.118406	0.442307	-0.173500	-0.981063	-0.086094	0.423737	-0.153279	0.892722
04690	4.590568	-0.770928	9.228928	-0.083772	-0.147215	0.032666	-0.888418	0.117888	0.443639	-0.173610	-0.980965	-0.086994	0.424939	-0.154307	0.891973
04691	4.566376	-0.732752	9.221173	-0.063465	-0.152105	0.028402	-0.887790	0.117397	0.445024	-0.173656	-0.980896	-0.087671	0.426230	-0.155115	0.891217
04692	4.586692	-0.644762	9.254512	-0.052230	-0.167118	0.041115	-0.887121	0.116763	0.446523	-0.173559	-0.980855	-0.088327	0.427661	-0.155855	0.890402
04693	4.517100	-0.466270	9.435768	-0.087191	-0.210695	0.040006	-0.886258	0.116065	0.448415	-0.173606	-0.980761	-0.089267	0.429428	-0.156961	0.889357
04694	4.706332	-0.876181	9.108320	-0.064135	-0.189020	0.048539	-0.885501	0.115320	0.450099	-0.173497	-0.980708	-0.090062	0.431029	-0.157841	0.888426
04695	4.683730	-0.865209	9.162153	-0.062963	-0.195093	0.047460	-0.884711	0.114569	0.451841	-0.173377	-0.980659	-0.090819	0.432697	-0.158688	0.887464
04696	4.525196	-1.067762	9.250994	-0.068336	-0.198779	0.032770	-0.883879	0.113960	0.453621	-0.173429	-0.980579	-0.091581	0.434374	-0.159617	0.886477
04697	4.892870	-1.084980	8.964222	-0.066263	-0.197841	0.016120	-0.883015	0.113509	0.455412	-0.173603	-0.980488	-0.092225	0.436057	-0.160497	0.885491
04698	4.810725	-0.992956	9.032156	-0.068757	-0.183366	0.005572	-0.882196	0.113188	0.457076	-0.173899	-0.980375	-0.092866	0.437594	-0.161411	0.884566
04699	4.840372	-1.024655	8.936844	-0.053465	-0.161615	-0.003416	-0.881452	0.112983	0.458561	-0.174192	-0.980281	-0.093307	0.438976	-0.162124	0.883751
04700	4.816753	-0.982391	8.929337	-0.046779	-0.151165	-0.008222	-0.880745	0.112847	0.459950	-0.174515	-0.980187	-0.093689	0.440265	-0.162785	0.882988
04701	4.835057	-0.918446	9.026781	-0.032903	-0.135960	-0.011159	-0.880095	0.112758	0.461214	-0.174787	-0.980117	-0.093912	0.441454	-0.163266	0.882305
04702	4.806296	-0.915025	8.984247	-0.036707	-0.127100	-0.010460	-0.879487	0.112681	0.462391	-0.175086	-0.980037	-0.094194	0.442546	-0.163801	0.881659
04703	4.845670	-0.869975	9.037110	-0.030898	-0.117196	-0.008875	-0.878921	0.112599	0.463486	-0.175330	-0.979973	-0.094409	0.443573	-0.164241	0.881061
04704	4.881960	-0.851417	9.022038	-0.029956	-0.114731	-0.001133	-0.878382	0.112450	0.464544	-0.175518	-0.979913	-0.094674	0.444566	-0.164696	0.880475
04705	4.882667	-0.860818	8.975686	-0.032437	-0.103565	-0.000337	-0.877889	0.112306	0.465508	-0.175694	-0.979856	-0.094942	0.445469	-0.165136	0.879936
04706	4.891802	-0.863786	8.970426	-0.028559	-0.100944	0.009824	-0.877428	0.112072	0.466433	-0.175780	-0.979811	-0.095245	0.446342	-0.165561	0.879414
04707	4.849307	-0.895101	8.952337	-0.030228	-0.091340	0.007305	-0.877001	0.111872	0.467283	-0.175880	-0.979766	-0.095529	0.447140	-0.165964	0.878932
04708	4.885394	-0.964732	8.937489	-0.023899	-0.091268	0.004432	-0.876572	0.111706	0.468127	-0.175993	-0.979722	-0.095765	0.447937	-0.166332	0.878457
04709	4.886439	-0.947495	8.960673	-0.028441	-0.075574	0.007550	-0.876216	0.111529	0.468836	-0.176083	-0.979680	-0.096034	0.448599	-0.166701	0.878049
04710	4.857239	-1.005868	8.988535	-0.031008	-0.072777	0.003387	-0.875866	0.111403	0.469518	-0.176238	-0.979623	-0.096328	0.449220	-0.167117	0.877652
04711	4.841597	-0.975872	8.999114	-0.037338	-0.068556	0.000146	-0.875527	0.111310	0.470173	-0.176433	-0.979557	-0.096640	0.449804	-0.167565	0.877267
04712	4.803655	-0.926914	9.055708	-0.039041	-0.071658	-0.001244	-0.875174	0.111231	0.470849	-0.176665	-0.979481	-0.096982	0.450400	-0.168059	0.876867
04713	4.797673	-0.905445	9.138341	-0.055811	-0.079639	-0.000886	-0.874782	0.111129	0.471601	-0.176953	-0.979383	-0.097451	0.451048	-0.168699	0.876411
04714	4.736119	-0.865475	9.171849	-0.060448	-0.095630	-0.003590	-0.874315	0.111031	0.472489	-0.177303	-0.979268	-0.097969	0.451815	-0.169429	0.875875
04715	4.759848	-0.796339	9.180317	-0.062474	-0.127186	-0.001066	-0.873706	0.110849	0.473656	-0.177624	-0.979157	-0.098494	0.452866	-0.170188	0.875185
04716	4.703440	-0.757151	9.211484	-0.065658	-0.158000	0.003461	-0.872967	0.110574	0.475081	-0.177936	-0.979040	-0.099091	0.454167	-0.171037	0.874345
04717	4.719602	-0.735581	9.139721	-0.068419	-0.188053	0.009267	-0.872096	0.110184	0.476768	-0.178196	-0.978930	-0.099715	0.455735	-0.171919	0.873355
04718	4.754182	-0.756063	9.142399	-0.074139	-0.225714	0.016622	-0.871066	0.109661	0.478768	-0.178434	-0.978811	-0.100447	0.457608	-0.172925	0.872176
04719	4.872785	-0.847772	9.017499	-0.077866	-0.249852	0.023457	-0.869930	0.109021	0.480974	-0.178616	-0.978698	-0.101221	0.459693	-0.173965	0.870872
04720	4.897700	-0.943876	9.002870	-0.077308	-0.259801	0.022685	-0.868744	0.108374	0.483258	-0.178820	-0.978579	-0.102008	0.461851	-0.175036	0.869515
04721	5.007188	-1.028356	8.803535	-0.087840	-0.262438	0.026873	-0.867545	0.107674	0.485563	-0.179023	-0.978451	-0.102884	0.464022	-0.176183	0.868126
04722	5.057259	-1.118250	8.810025	-0.086192	-0.247615	0.021973	-0.866404	0.107050	0.487735	-0.179278	-0.978313	-0.103743	0.466052	-0.177324	0.866806
04723	4.958217	-1.092750	8.983339	-0.085604	-0.250133	0.017226	-0.865234	0.106460	0.489936	-0.179558	-0.978176	-0.104551	0.468113	-0.178433	0.865466
04724	5.013512	-1.173982	8.898910	-0.099139	-0.253883	0.010071	-0.864031	0.105935	0.492167	-0.179981	-0.978000	-0.105462	0.470167	-0.179704	0.864089
04725	4.864691	-1.117344	9.124980	-0.087374	-0.276551	0.001265	-0.862697	0.105448	0.494605	-0.180412	-0.977841	-0.106205	0.472446	-0.180855	0.862604
04726	4.810196	-0.908912	9.304067	-0.105416	-0.321961	-0.002827	-0.861137	0.104919	0.497429	-0.180981	-0.977637	-0.107104	0.475068	-0.182256	0.860868
04727	4.828876	-0.763955	9.281226	-0.125227	-0.383267	0.000298	-0.859277	0.104239	0.500776	-0.181605	-0.977405	-0.108163	0.478186	-0.183885	0.858792
04728	4.642625	-0.621717	9.430602	-0.104403	-0.452496	0.007674	-0.857089	0.103356	0.504694	-0.182085	-0.977211	-0.109101	0.481916	-0.185406	0.856377
04729	4.579467	-0.522028	9.479479	-0.118156	-0.554091	0.015513	-0.854401	0.102196	0.509465	-0.182554	-0.977004	-0.110170	0.486491	-0.187134	0.853409
04730	4.512839	-0.595749	9.597935	-0.130056	-0.680419	0.019863	-0.851077	0.100750	0.515283	-0.183066	-0.976771	-0.111383	0.492092	-0.189127	0.849751
04731	4.459890	-0.631759	9.557990	-0.121263	-0.819623	0.026454	-0.847031	0.098958	0.522251	-0.183472	-0.976563	-0.112528	0.498876	-0.191133	0.845335
04732	4.457019	-0.787804	9.474865	-0.131677	-0.950550	0.023906	-0.842264	0.096924	0.530280	-0.183977	-0.976325	-0.113766	0.506699	-0.193380	0.840155
04733	4.369849	-0.901504	9.469235	-0.134628	-1.086733	0.023724	-0.836719	0.094604	0.539400	-0.184496	-0.976082	-0.114998	0.515620	-0.195738	0.834160
04734	4.405228	-1.072479	9.597358	-0.152543	-1.224087	0.005713	-0.830324	0.092163	0.549607	-0.185287	-0.975778	-0.116298	0.525576	-0.198401	0.827289
04735	4.245977	-1.103352	9.785110	-0.194335	-1.370657	-0.021556	-0.822970	0.089658	0.560966	-0.186527	-0.975367	-0.117756	0.536590	-0.201545	0.819421
04736	4.149450	-1.371912	9.838244	-0.292637	-1.551967	-0.061321	-0.814399	0.087122	0.573729	-0.188663	-0.974708	-0.119793	0.548782	-0.205800	0.810238
04737	3.866856	-1.659942	9.980911	-0.318371	-1.766222	-0.134331	-0.804293	0.084782	0.588153	-0.191549	-0.973927	-0.121551	0.562513	-0.210423	0.799563
04738	3.757035	-1.963154	9.401411	-0.252729	-2.056167	-0.224793	-0.792093	0.082626	0.604782	-0.194831	-0.973193	-0.122213	0.578472	-0.214635	0.786958
04739	4.090981	-1.358780	9.333584	0.026089	-2.473607	-0.288809	-0.776940	0.080134	0.624454	-0.196974	-0.973011	-0.120209	0.597968	-0.216396	0.771756
04740	4.134078	-1.025525	9.629946	0.109203	-2.843102	-0.291318	-0.759011	0.076825	0.646530	-0.198591	-0.973011	-0.117521	0.620052	-0.217595	0.753782
04741	3.781320	-1.216745	9.833811	0.277017	-3.332446	-0.283658	-0.737319	0.072368	0.671657	-0.198991	-0.973399	-0.113564	0.645572	-0.217387	0.732106
04742	3.977640	-1.504469	10.169213	0.359362	-3.884016	-0.292877	-0.711058	0.066817	0.699951	-0.198785	-0.973967	-0.108965	0.674448	-0.216620	0.705829
04743	4.228393	-2.207903	10.524570	0.471097	-4.448157	-0.337061	-0.679636	0.060538	0.731047	-0.197907	-0.974766	-0.103269	0.706348	-0.214865	0.674467
04744	5.144828	-2.846825	10.655606	0.573613	-4.996559	-0.464758	-0.642521	0.054426	0.764333	-0.196873	-0.975716	-0.096019	0.740546	-0.212171	0.637633
04745	6.392398	-1.930996	10.513654	0.855717	-5.490695	-0.578059	-0.599697	0.048609	0.798750	-0.194004	-0.977207	-0.086187	0.776355	-0.206647	0.595458
04746	10.221067	-0.867618	11.140438	0.781557	-5.783481	-0.604513	-0.552564	0.042738	0.832374	-0.191325	-0.978520	-0.076768	0.811214	-0.201673	0.548872
04747	15.926242	-0.990711	13.061189	0.413333	-5.800279	-0.502413	-0.503587	0.036049	0.863192	-0.190590	-0.979149	-0.070299	0.842660	-0.199917	0.499958
04748	18.994639	-2.498721	13.661561	0.051683	-5.176569	-0.412249	-0.458471	0.029730	0.888212	-0.192172	-0.979111	-0.066421	0.867683	-0.201142	0.454607
04749	16.592312	-3.501677	11.941089	0.186575	-4.714405	-0.455558	-0.416146	0.024765	0.908961	-0.192554	-0.979359	-0.061473	0.888676	-0.200606	0.412325
04750	13.238963	-3.200893	12.383275	0.403777	-4.496346	-0.586311	-0.374587	0.021581	0.926941	-0.191285	-0.980021	-0.054484	0.907246	-0.197719	0.371231
04751	10.107747	-3.836008	11.697953	0.645134	-4.336362	-0.677716	-0.333558	0.019816	0.942521	-0.187806	-0.981136	-0.045836	0.923833	-0.192300	0.330987
04752	7.020802	-3.551257	10.567234	0.927424	-4.247847	-0.711050	-0.292624	0.018833	0.956042	-0.181430	-0.982738	-0.036174	0.938858	-0.184040	0.290989
04753	3.030414	-2.545285	9.904181	1.180356	-4.230984	-0.700553	-0.251336	0.018214	0.967728	-0.172201	-0.984714	-0.026190	0.952458	-0.173226	0.250631
04754	0.987573	-2.403871	8.173261	1.091109	-4.345353	-0.686428	-0.208480	0.017697	0.977867	-0.163355	-0.986421	-0.016975	0.964288	-0.163279	0.208540
04755	-0.497713	-2.683412	8.307604	1.032174	-4.256650	-0.631993	-0.166192	0.017237	0.985943	-0.154564	-0.987944	-0.008782	0.973905	-0.153851	0.166853
04756	0.787440	-0.161523	6.335835	0.712052	-4.401936	-0.855431	-0.121799	0.019086	0.992371	-0.148866	-0.988857	0.000747	0.981328	-0.147639	0.123284
04757	26.689656	-3.933811	14.185654	1.185522	-2.892503	-0.979956	-0.091917	0.024726	0.995460	-0.138279	-0.990323	0.011830	0.986119	-0.136564	0.094447
04758	12.996400	-0.191051	14.086262	1.607545	-0.412543	-0.732176	-0.086834	0.031484	0.995725	-0.123091	-0.992181	0.020637	0.988589	-0.120773	0.090030
04759	10.746563	-2.171755	13.703480	0.971712	1.612682	-0.498909	-0.102175	0.038355	0.994027	-0.113991	-0.993126	0.026603	0.988214	-0.110592	0.105844
04760	6.024508	-3.564635	10.612325	0.768059	2.874704	-0.397872	-0.130058	0.045393	0.990467	-0.106903	-0.993770	0.031507	0.985727	-0.101786	0.134100
04761	1.400542	-3.922697	7.116836	0.760229	3.403937	-0.444448	-0.163084	0.053173	0.985178	-0.100116	-0.994284	0.037091	0.981519	-0.092583	0.167476
04762	-0.397324	-3.425467	4.507818	0.817480	3.515868	-0.521662	-0.196945	0.061472	0.978486	-0.093086	-0.994696	0.043754	0.975986	-0.082466	0.201622
04763	-1.502891	-2.420047	3.108184	0.841823	3.442501	-0.597355	-0.229904	0.070124	0.970684	-0.086218	-0.994947	0.051456	0.969387	-0.071860	0.234788
04764	-2.101616	-1.390608	2.859563	0.715511	3.200206	-0.673547	-0.260200	0.079008	0.962317	-0.080993	-0.994920	0.059785	0.962152	-0.062385	0.265277
04765	-1.747290	-0.359094	3.182930	0.343029	2.955150	-0.708530	-0.287960	0.087867	0.953603	-0.079698	-0.994526	0.067571	0.954320	-0.056543	0.293386
04766	-1.682999	-0.224013	3.131767	-0.176072	2.750091	-0.710116	-0.313462	0.096506	0.944684	-0.083544	-0.993768	0.073799	0.945919	-0.055789	0.319570
04767	-1.440672	-0.599991	3.688493	-0.721847	2.502470	-0.683914	-0.336433	0.104807	0.935857	-0.092617	-0.992652	0.077873	0.937142	-0.060477	0.343668
04768	0.911971	-2.012748	4.976081	-1.099400	2.284224	-0.643024	-0.357053	0.112698	0.927261	-0.105139	-0.991235	0.079989	0.928148	-0.068931	0.365773
04769	4.648202	-3.466801	6.904371	-1.291285	2.362098	-0.534042	-0.378273	0.119788	0.917911	-0.119080	-0.989650	0.080077	0.918003	-0.079014	0.388622
04770	7.034255	-4.799721	7.528921	-1.239749	2.723983	-0.317656	-0.402668	0.125237	0.906738	-0.131666	-0.988219	0.078020	0.905827	-0.087971	0.414413
04771	7.819583	-5.463485	8.084403	-1.035736	3.248126	-0.012612	-0.431848	0.128369	0.892765	-0.141086	-0.987250	0.073709	0.890844	-0.094125	0.444452
04772	7.203816	-5.293665	7.824161	-0.743433	3.649071	0.340546	-0.464482	0.128524	0.876207	-0.146159	-0.986970	0.067291	0.873438	-0.096810	0.477215
04773	6.867260	-4.911364	7.701903	-0.542253	3.875297	0.688459	-0.498986	0.125536	0.857470	-0.147592	-0.987307	0.058657	0.853950	-0.097287	0.511180
04774	6.554287	-4.159771	7.423790	-0.375943	3.949290	1.001115	-0.533723	0.119500	0.837173	-0.145636	-0.988163	0.048206	0.833024	-0.096194	0.544809
04775	6.420378	-3.547966	7.291624	-0.303149	3.911966	1.261872	-0.567714	0.110805	0.815735	-0.141247	-0.989317	0.036082	0.811018	-0.094736	0.577300
04776	6.774002	-2.746915	7.611784	-0.225785	3.820726	1.448080	-0.600227	0.100086	0.793543	-0.134638	-0.990625	0.023104	0.788416	-0.092974	0.608076
04777	7.230468	-2.769072	8.257273	-0.243789	3.735936	1.554943	-0.631304	0.088174	0.770507	-0.127027	-0.991854	0.009426	0.765062	-0.091924	0.637362
04778	11.260457	-1.488343	7.605724	-0.030228	3.587350	1.526111	-0.660162	0.076309	0.747237	-0.117443	-0.993077	-0.002342	0.741885	-0.089304	0.664553
04779	19.187174	1.517365	14.803264	0.065380	4.546827	1.514037	-0.694919	0.065287	0.716119	-0.106779	-0.994198	-0.012979	0.711116	-0.085485	0.697858
04780	-0.493266	-2.476506	5.431507	-1.210091	4.220875	1.485718	-0.725813	0.054358	0.685741	-0.104686	-0.993990	-0.032011	0.679879	-0.095021	0.727142
04781	10.908091	-3.086469	9.314880	0.328124	3.878818	1.295054	-0.752937	0.045115	0.656544	-0.092994	-0.994931	-0.038279	0.651489	-0.089876	0.753316
04782	8.207973	-0.265460	11.083068	-0.144987	3.551375	1.182196	-0.776610	0.036575	0.628919	-0.084922	-0.995279	-0.046984	0.624231	-0.089897	0.776050
04783	8.333130	-0.980067	10.108956	-0.342608	3.501658	1.057050	-0.798866	0.029294	0.600795	-0.078754	-0.995309	-0.056187	0.596331	-0.092201	0.797426
04784	8.162215	-0.682589	10.724635	-0.283349	3.295586	0.811880	-0.818667	0.024317	0.573753	-0.073885	-0.995259	-0.063242	0.569496	-0.094166	0.816583
04785	11.666636	1.270381	13.775211	-0.589197	3.326996	0.592027	-0.837600	0.021698	0.545853	-0.072322	-0.994820	-0.071433	0.541476	-0.099309	0.834830
04786	14.853910	1.799546	15.060624	-0.859302	3.580569	0.333755	-0.856652	0.022106	0.515421	-0.074061	-0.994003	-0.080460	0.510551	-0.107099	0.853152
04787	15.661950	-0.734913	15.578403	-1.495992	3.725672	-0.109389	-0.874980	0.027497	0.483377	-0.082460	-0.992263	-0.092819	0.477085	-0.121075	0.870477
04788	14.231196	-1.133632	10.103333	0.269336	4.444767	-0.996006	-0.894436	0.042702	0.445152	-0.090086	-0.992229	-0.085828	0.438028	-0.116870	0.891332
04789	9.544007	8.124369	11.508905	-0.637495	3.306042	-1.321168	-0.907136	0.059796	0.416568	-0.104745	-0.990784	-0.085877	0.407593	-0.121536	0.905040
04790	5.292034	10.727759	-5.280256	-1.822872	1.694342	-0.502648	-0.913315	0.067003	0.401704	-0.116637	-0.988089	-0.100376	0.390194	-0.138528	0.910252
04791	21.327995	-3.391993	-1.922349	-2.974762	0.020125	-1.753318	-0.911109	0.084357	0.403440	-0.144234	-0.982197	-0.120360	0.386104	-0.167851	0.907056
04792	27.023950	1.417870	2.093312	0.626343	0.343612	-1.358591	-0.910381	0.098294	0.401927	-0.154240	-0.981979	-0.109211	0.383950	-0.161417	0.909136
04793	29.190614	4.363494	5.450086	-0.565426	0.874046	-0.823108	-0.912383	0.107843	0.394877	-0.163939	-0.980195	-0.111092	0.375076	-0.166094	0.911993
04794	21.548523	-0.579414	-1.337705	-0.407989	1.068612	-0.244269	-0.915906	0.112055	0.385435	-0.167725	-0.979235	-0.113878	0.364671	-0.168948	0.915681
04795	16.934682	1.362798	-2.620498	0.187726	0.621164	0.112714	-0.918330	0.112029	0.379632	-0.166059	-0.979666	-0.112598	0.359298	-0.166443	0.918260
04796	15.370164	2.506223	-0.825530	0.283002	0.102315	0.406529	-0.919339	0.108242	0.378285	-0.161351	-0.980573	-0.111549	0.358862	-0.163589	0.918943
04797	12.982560	2.812364	1.711267	0.474589	-0.185865	0.451061	-0.919367	0.103549	0.379530	-0.155540	-0.981808	-0.108906	0.361348	-0.159157	0.918747
04798	10.443554	5.608802	3.801840	0.833486	-0.338822	0.328278	-0.918612	0.099826	0.382344	-0.149537	-0.983428	-0.102511	0.365774	-0.151342	0.918316
04799	7.626435	7.674765	5.103675	0.394307	-0.584317	0.281469	-0.916852	0.096213	0.387461	-0.145541	-0.984287	-0.099981	0.371753	-0.148059	0.916449
04800	5.504647	5.696856	4.592489	-0.127361	-0.855428	0.264918	-0.913998	0.092359	0.395066	-0.143639	-0.984340	-0.102192	0.379441	-0.150150	0.912951
04801	4.662678	4.165245	4.727570	-0.099646	-1.055549	0.204125	-0.910211	0.088784	0.404515	-0.142198	-0.984369	-0.103912	0.388966	-0.152103	0.908609
04802	3.066672	2.272093	4.632154	0.186030	-1.268867	0.111269	-0.905334	0.085792	0.415945	-0.140498	-0.984741	-0.102691	0.400788	-0.151409	0.903573
04803	10.073144	-5.027285	7.552671	0.653136	-1.549187	-0.534204	-0.898228	0.088777	0.430471	-0.142685	-0.985243	-0.094539	0.415726	-0.146340	0.897640
04804	22.149368	12.343011	11.044000	5.382684	-0.697060	-1.364874	-0.893379	0.101457	0.437698	-0.132208	-0.990403	-0.040276	0.429412	-0.093849	0.898219
04805	16.217836	19.444536	13.634014	-1.375458	0.190744	0.023007	-0.894197	0.101450	0.436027	-0.137917	-0.989040	-0.052718	0.425900	-0.107276	0.898388
04806	3.457750	-3.465012	3.578458	-2.265917	0.236433	0.352121	-0.895669	0.098283	0.433726	-0.144402	-0.986702	-0.074610	0.420625	-0.129456	0.897951
04807	7.552442	-12.650914	9.750690	-0.576479	0.337388	0.114365	-0.897216	0.097627	0.430665	-0.145818	-0.986050	-0.080261	0.416822	-0.134811	0.898936
04808	0.448905	-1.736344	7.190593	2.041861	0.083692	-0.031233	-0.897496	0.098071	0.429980	-0.137610	-0.988559	-0.061761	0.419004	-0.114600	0.900723
04809	7.218596	5.666475	15.974536	1.892125	-0.384824	-0.299379	-0.895437	0.100655	0.433661	-0.132339	-0.990253	-0.043415	0.425064	-0.096266	0.900030
04810	3.735836	1.681328	10.058994	-1.224459	0.056534	0.057273	-0.895728	0.100178	0.433169	-0.137063	-0.989051	-0.054690	0.422948	-0.108359	0.899652
04811	4.811442	-3.911646	7.760062	-0.881836	-0.239494	-0.034173	-0.894635	0.100273	0.435400	-0.141132	-0.988019	-0.062448	0.423922	-0.117317	0.898069
04812	5.251064	1.213676	9.559876	1.277182	-0.228028	-0.017134	-0.893615	0.100221	0.437503	-0.135891	-0.989415	-0.050912	0.427769	-0.104949	0.897775
04813	4.755428	2.974674	10.699662	-0.037552	-0.018924	0.052286	-0.893573	0.099712	0.437704	-0.135614	-0.989425	-0.051459	0.427944	-0.105341	0.897645
04814	4.949842	-1.533569	8.992684	-0.894209	-0.145075	0.084876	-0.893043	0.098745	0.439004	-0.138728	-0.988520	-0.059860	0.428053	-0.114360	0.896489
04815	4.602612	-0.641318	8.944950	0.072821	-0.096195	0.067621	-0.892692	0.097994	0.439884	-0.137841	-0.988667	-0.059483	0.429069	-0.113734	0.896083
04816	4.530641	-0.142048	9.481277	-0.225345	-0.084410	0.076796	-0.892410	0.097170	0.440639	-0.138168	-0.988476	-0.061848	0.429551	-0.116076	0.895551
04817	4.818345	-1.163622	8.906773	-0.225193	-0.081362	0.065409	-0.892119	0.096456	0.441385	-0.138581	-0.988273	-0.064131	0.430023	-0.118380	0.895023
04818	4.615294	-0.462941	9.149068	-0.148061	-0.051724	0.056496	-0.891948	0.095867	0.441857	-0.138759	-0.988144	-0.065713	0.430318	-0.119924	0.894676
04819	4.673813	-0.797619	9.008281	-0.192693	-0.030940	0.060862	-0.891868	0.095256	0.442152	-0.139074	-0.987966	-0.067684	0.430384	-0.121857	0.894383
