// General information: 
//  MT Manager version: 2022.2.0 
//  XDA version: 2022.2.0 build 7381 rev 124627 built on 2023-07-19
// Device information: 
//  DeviceId: 00B4CAF0
//  ProductCode: MTW2-3A7G6
//  Firmware Version: 4.6.0
//  Hardware Version: 2.0.0
// Device settings: 
//  Filter Profile: human(46.1)
//  Option Flags: Orientation Smoother Disabled, Position/Velocity Smoother Disabled, Continuous Zero Rotation Update Disabled, AHS Disabled, ICC Disabled
// Coordinate system: ENU
PacketCounter	Acc_X	Acc_Y	Acc_Z	Gyr_X	Gyr_Y	Gyr_Z	Mat[1][1]	Mat[2][1]	Mat[3][1]	Mat[1][2]	Mat[2][2]	Mat[3][2]	Mat[1][3]	Mat[2][3]	Mat[3][3]
35718	5.207119	-1.235934	8.738780	0.009753	0.009107	-0.001885	0.612768	0.610431	0.501886	-0.649252	0.750941	-0.120659	-0.450541	-0.251915	0.856476
35719	5.159354	-1.246858	8.733227	0.009615	0.008865	0.001179	0.612708	0.610460	0.501924	-0.649324	0.750887	-0.120617	-0.450519	-0.252008	0.856460
35720	5.178077	-1.212786	8.715972	0.013112	0.006335	-0.000358	0.612727	0.610461	0.501900	-0.649372	0.750862	-0.120511	-0.450424	-0.252079	0.856489
35721	5.156402	-1.145516	8.749961	0.008168	0.008800	-0.000450	0.612852	0.610361	0.501868	-0.649270	0.750960	-0.120452	-0.450402	-0.252029	0.856516
35722	5.168523	-1.191570	8.744014	0.009024	0.000998	0.002115	0.612830	0.610367	0.501887	-0.649314	0.750930	-0.120393	-0.450366	-0.252102	0.856513
35723	5.195953	-1.212442	8.768106	0.004210	0.001830	0.003455	0.612892	0.610297	0.501897	-0.649232	0.751001	-0.120393	-0.450401	-0.252060	0.856507
35724	5.204159	-1.231849	8.741119	0.002565	0.003276	0.001925	0.612882	0.610307	0.501897	-0.649246	0.750990	-0.120389	-0.450393	-0.252071	0.856508
35725	5.232016	-1.218661	8.696117	-0.005941	-0.004253	0.005540	0.612750	0.610362	0.501992	-0.649295	0.750931	-0.120489	-0.450503	-0.252112	0.856438
35726	5.223294	-1.234405	8.792101	-0.000466	0.002903	0.001731	0.612740	0.610370	0.501995	-0.649295	0.750929	-0.120509	-0.450518	-0.252102	0.856434
35727	5.222553	-1.302036	8.731938	0.019174	0.007080	0.000031	0.612863	0.610259	0.501980	-0.649229	0.751009	-0.120367	-0.450446	-0.252131	0.856463
35728	5.194513	-1.211144	8.769139	0.006524	0.010245	-0.001981	0.612910	0.610257	0.501924	-0.649237	0.751011	-0.120309	-0.450370	-0.252129	0.856503
35729	5.195956	-1.206306	8.745708	0.017520	0.006653	0.002998	0.612972	0.610187	0.501933	-0.649177	0.751070	-0.120268	-0.450373	-0.252123	0.856504
35730	5.188311	-1.285273	8.757834	0.003295	0.011384	-0.002078	0.613025	0.610188	0.501868	-0.649169	0.751081	-0.120238	-0.450311	-0.252089	0.856546
35731	5.192177	-1.208146	8.770936	0.019243	0.007201	-0.001500	0.613466	0.609814	0.501783	-0.648786	0.751443	-0.120037	-0.450262	-0.251911	0.856624
35732	5.199956	-1.226220	8.744412	0.011408	0.009533	-0.004854	0.613529	0.609789	0.501737	-0.648798	0.751451	-0.119924	-0.450159	-0.251949	0.856667
35733	5.169515	-1.207460	8.745031	0.014627	0.006522	-0.000261	0.613904	0.609457	0.501681	-0.648466	0.751766	-0.119745	-0.450126	-0.251812	0.856725
35734	5.196456	-1.227420	8.769565	0.014498	0.008154	-0.001694	0.613940	0.609452	0.501643	-0.648511	0.751748	-0.119620	-0.450012	-0.251881	0.856764
35735	5.191619	-1.198851	8.749308	0.014369	0.009786	-0.003128	0.614087	0.609368	0.501565	-0.648528	0.751778	-0.119340	-0.449788	-0.251994	0.856849
35736	5.163299	-1.176146	8.725959	0.014567	0.008274	-0.003226	0.614134	0.609351	0.501528	-0.648564	0.751768	-0.119207	-0.449671	-0.252063	0.856889
35737	5.160558	-1.178789	8.750448	0.010210	0.004331	0.000880	0.614213	0.609298	0.501496	-0.648572	0.751786	-0.119045	-0.449551	-0.252138	0.856931
35738	5.151819	-1.158422	8.777824	0.009022	0.001000	0.002118	0.614193	0.609303	0.501515	-0.648616	0.751758	-0.118986	-0.449516	-0.252210	0.856928
35739	5.147569	-1.130689	8.757087	0.007238	0.002206	0.003650	0.614217	0.609230	0.501574	-0.648589	0.751793	-0.118907	-0.449521	-0.252281	0.856904
35740	5.157864	-1.181137	8.774947	-0.000011	-0.001871	0.004498	0.614169	0.609245	0.501614	-0.648607	0.751773	-0.118937	-0.449562	-0.252303	0.856876
35741	5.162516	-1.173830	8.726734	0.000317	-0.005015	0.005834	0.614005	0.609281	0.501771	-0.648627	0.751732	-0.119089	-0.449756	-0.252341	0.856764
35742	5.231155	-1.160302	8.759732	-0.001268	-0.005321	0.007268	0.613924	0.609308	0.501838	-0.648656	0.751698	-0.119144	-0.449826	-0.252375	0.856717
35743	5.179787	-1.248705	8.740930	-0.004557	-0.002430	0.004205	0.614049	0.609146	0.501882	-0.648431	0.751880	-0.119224	-0.449980	-0.252227	0.856680
35744	5.214330	-1.190482	8.753192	0.002950	-0.001618	0.006225	0.613990	0.609174	0.501919	-0.648472	0.751842	-0.119238	-0.450000	-0.252269	0.856656
35745	5.214544	-1.190696	8.753035	0.000247	-0.005134	0.007365	0.614003	0.609095	0.502001	-0.648428	0.751887	-0.119192	-0.450047	-0.252327	0.856615
35746	5.187125	-1.170099	8.728864	-0.008054	0.000102	0.005739	0.613955	0.609124	0.502023	-0.648417	0.751880	-0.119297	-0.450128	-0.252277	0.856587
35747	5.195551	-1.225121	8.770422	-0.000802	-0.008225	0.005539	0.613899	0.609045	0.502187	-0.648301	0.751957	-0.119445	-0.450370	-0.252241	0.856470
35748	5.251325	-1.233369	8.749208	-0.001794	-0.000665	0.006031	0.613847	0.609075	0.502216	-0.648320	0.751932	-0.119499	-0.450416	-0.252243	0.856446
35749	5.223586	-1.212281	8.725298	0.003941	0.003224	0.005085	0.613957	0.608953	0.502228	-0.648171	0.752059	-0.119506	-0.450479	-0.252158	0.856437
35750	5.203747	-1.245270	8.743383	0.003742	0.004736	0.005183	0.613934	0.608989	0.502212	-0.648209	0.752026	-0.119508	-0.450456	-0.252168	0.856447
35751	5.214253	-1.192781	8.752925	-0.000873	0.004058	0.006423	0.613806	0.609101	0.502234	-0.648361	0.751897	-0.119494	-0.450412	-0.252282	0.856436
35752	5.151788	-1.230216	8.716799	0.003742	0.004736	0.005183	0.613783	0.609138	0.502217	-0.648399	0.751864	-0.119496	-0.450389	-0.252292	0.856445
35753	5.149326	-1.233987	8.740969	0.001376	-0.000053	0.003161	0.613576	0.609294	0.502281	-0.648625	0.751673	-0.119474	-0.450345	-0.252485	0.856411
35754	5.215687	-1.189069	8.729356	0.005852	0.000386	0.004986	0.613535	0.609318	0.502301	-0.648671	0.751636	-0.119456	-0.450334	-0.252538	0.856401
35755	5.177413	-1.151859	8.756541	-0.000070	-0.000119	0.001532	0.613388	0.609419	0.502359	-0.648808	0.751515	-0.119470	-0.450337	-0.252653	0.856366
35756	5.217323	-1.220108	8.774405	0.000840	0.002732	0.006422	0.613348	0.609460	0.502358	-0.648841	0.751482	-0.119503	-0.450345	-0.252654	0.856362
35757	5.189538	-1.199086	8.750510	-0.000407	0.001154	0.004694	0.613742	0.609094	0.502320	-0.648392	0.751873	-0.119477	-0.450454	-0.252372	0.856388
35758	5.189506	-1.199429	8.750482	-0.000151	-0.002109	0.007562	0.613673	0.609131	0.502359	-0.648427	0.751836	-0.119524	-0.450497	-0.252395	0.856358
35759	5.189547	-1.200016	8.750377	-0.003450	-0.001088	0.008997	0.613659	0.609105	0.502409	-0.648354	0.751880	-0.119634	-0.450621	-0.252324	0.856314
35760	5.225395	-1.241510	8.747265	-0.000675	0.002546	0.006324	0.613619	0.609144	0.502409	-0.648379	0.751852	-0.119679	-0.450639	-0.252314	0.856307
35761	5.180506	-1.249873	8.717086	-0.000151	-0.002110	0.007561	0.613760	0.608966	0.502453	-0.648150	0.752041	-0.119731	-0.450777	-0.252179	0.856274
35762	5.219001	-1.219052	8.750323	-0.002132	0.000610	0.009192	0.613693	0.609022	0.502467	-0.648186	0.751999	-0.119803	-0.450817	-0.252169	0.856256
35763	5.209965	-1.268290	8.717108	0.002426	0.003037	0.004987	0.613562	0.609096	0.502537	-0.648285	0.751908	-0.119834	-0.450852	-0.252261	0.856211
35764	5.216289	-1.223179	8.774592	0.002693	0.001644	0.003357	0.613538	0.609111	0.502549	-0.648307	0.751889	-0.119836	-0.450855	-0.252282	0.856203
35765	5.235427	-1.190146	8.756952	0.002228	0.004549	0.005085	0.613600	0.609046	0.502551	-0.648209	0.751968	-0.119873	-0.450910	-0.252204	0.856197
35766	5.245526	-1.206169	8.706130	-0.001128	0.007322	0.003554	0.613600	0.609076	0.502514	-0.648214	0.751958	-0.119908	-0.450903	-0.252161	0.856213
35767	5.246442	-1.237201	8.751596	0.002896	0.012535	0.002610	0.613598	0.609098	0.502490	-0.648203	0.751958	-0.119963	-0.450921	-0.252107	0.856220
35768	5.228043	-1.266218	8.746127	0.005926	0.012906	0.002805	0.613628	0.609137	0.502407	-0.648236	0.751935	-0.119934	-0.450834	-0.252083	0.856273
35769	5.220345	-1.242409	8.750152	0.008097	0.019206	0.004924	0.613881	0.609024	0.502236	-0.648095	0.752074	-0.119820	-0.450692	-0.251942	0.856389
35770	5.218545	-1.241882	8.751301	0.008040	0.020957	0.001958	0.613953	0.609076	0.502084	-0.648132	0.752051	-0.119768	-0.450541	-0.251885	0.856485
35771	5.231793	-1.215713	8.782664	0.006933	0.019618	-0.002834	0.614327	0.608824	0.501932	-0.647811	0.752340	-0.119688	-0.450492	-0.251630	0.856586
35772	5.221296	-1.263679	8.750524	0.012853	0.020121	0.000623	0.614404	0.608864	0.501789	-0.647861	0.752313	-0.119588	-0.450316	-0.251614	0.856683
35773	5.236699	-1.233122	8.758005	0.015828	0.022243	-0.002147	0.614639	0.608736	0.501656	-0.647728	0.752449	-0.119452	-0.450185	-0.251517	0.856780
35774	5.179173	-1.223756	8.780295	0.013988	0.025201	-0.003583	0.614766	0.608758	0.501474	-0.647757	0.752445	-0.119322	-0.449970	-0.251479	0.856905
35775	5.208849	-1.236014	8.757905	0.016623	0.028597	-0.003192	0.614850	0.608831	0.501282	-0.647865	0.752378	-0.119157	-0.449700	-0.251500	0.857040
35776	5.197880	-1.214658	8.786692	0.016765	0.028835	-0.006256	0.615011	0.608841	0.501073	-0.647890	0.752383	-0.118989	-0.449444	-0.251461	0.857186
35777	5.204002	-1.232586	8.761270	0.016819	0.027085	-0.003290	0.615353	0.608677	0.500853	-0.647752	0.752544	-0.118717	-0.449174	-0.251375	0.857352
35778	5.175768	-1.240471	8.783859	0.018010	0.030415	-0.004530	0.615509	0.608704	0.500627	-0.647794	0.752536	-0.118548	-0.448901	-0.251336	0.857507
35779	5.145829	-1.217279	8.761475	0.018550	0.027627	-0.007788	0.615588	0.608780	0.500439	-0.647981	0.752423	-0.118237	-0.448522	-0.251490	0.857660
35780	5.173350	-1.232651	8.763188	0.023346	0.024923	-0.004619	0.615720	0.608792	0.500261	-0.648046	0.752401	-0.118021	-0.448247	-0.251524	0.857794
35781	5.188574	-1.200959	8.770895	0.025330	0.022203	-0.006244	0.615901	0.608763	0.500073	-0.648137	0.752381	-0.117650	-0.447867	-0.251655	0.857954
35782	5.216281	-1.216118	8.772555	0.020262	0.026300	-0.007789	0.616060	0.608755	0.499887	-0.648168	0.752386	-0.117444	-0.447603	-0.251658	0.858091
35783	5.175584	-1.245157	8.740891	0.024681	0.028489	-0.008926	0.616544	0.608471	0.499636	-0.647907	0.752664	-0.117107	-0.447314	-0.251516	0.858283
35784	5.122321	-1.226990	8.715336	0.029424	0.027535	-0.008722	0.616715	0.608459	0.499440	-0.647973	0.752652	-0.116818	-0.446983	-0.251580	0.858437
35785	5.126476	-1.178995	8.774202	0.025056	0.023600	-0.004618	0.616985	0.608338	0.499253	-0.647923	0.752744	-0.116502	-0.446682	-0.251598	0.858588
35786	5.126900	-1.173231	8.751567	0.016164	0.020971	-0.005316	0.617104	0.608335	0.499110	-0.647951	0.752744	-0.116343	-0.446478	-0.251603	0.858693
35787	5.086863	-1.202838	8.719431	0.022474	0.018457	-0.002040	0.617046	0.608445	0.499047	-0.648177	0.752583	-0.116122	-0.446229	-0.251818	0.858759
35788	5.105046	-1.098856	8.762854	0.026371	0.012897	-0.003750	0.617119	0.608434	0.498971	-0.648260	0.752549	-0.115884	-0.446008	-0.251949	0.858836
35789	5.074354	-1.079660	8.763410	0.009685	0.008984	-0.000356	0.617314	0.608298	0.498896	-0.648133	0.752678	-0.115757	-0.445923	-0.251893	0.858896
35790	5.063057	-1.131534	8.754587	0.009288	-0.000394	0.000510	0.617300	0.608285	0.498929	-0.648166	0.752660	-0.115687	-0.445895	-0.251975	0.858887
35791	5.154970	-1.179680	8.731088	0.007052	-0.006817	-0.000068	0.617402	0.608172	0.498940	-0.648187	0.752688	-0.115388	-0.445722	-0.252166	0.858921
35792	5.150901	-1.186465	8.778861	0.006979	-0.006933	0.001464	0.617353	0.608150	0.499027	-0.648215	0.752671	-0.115341	-0.445748	-0.252271	0.858876
35793	5.177156	-1.176164	8.757853	0.009759	-0.003303	-0.001211	0.617178	0.608252	0.499120	-0.648457	0.752487	-0.115182	-0.445641	-0.252570	0.858844
35794	5.181522	-1.202371	8.778774	0.011450	-0.006490	0.003297	0.617119	0.608245	0.499202	-0.648516	0.752447	-0.115106	-0.445636	-0.252707	0.858806
35795	5.154686	-1.180233	8.754327	0.013236	-0.007700	0.001772	0.617203	0.608127	0.499241	-0.648499	0.752496	-0.114889	-0.445544	-0.252847	0.858812
35796	5.229614	-1.188518	8.784732	0.011545	-0.004513	-0.002737	0.617192	0.608079	0.499313	-0.648522	0.752492	-0.114782	-0.445526	-0.252972	0.858785
35797	5.217262	-1.140540	8.790699	0.013832	0.000165	0.000809	0.617268	0.607996	0.499321	-0.648542	0.752510	-0.114553	-0.445391	-0.253121	0.858811
35798	5.146963	-1.157220	8.781238	0.009685	-0.003419	0.000320	0.617242	0.607974	0.499380	-0.648576	0.752492	-0.114477	-0.445378	-0.253225	0.858787
35799	5.149587	-1.152831	8.757132	0.008096	-0.003721	0.001752	0.617513	0.607665	0.499420	-0.648202	0.752811	-0.114499	-0.445546	-0.253021	0.858760
35800	5.173309	-1.146286	8.760242	0.007971	-0.002093	0.000314	0.617494	0.607646	0.499468	-0.648228	0.752798	-0.114438	-0.445536	-0.253104	0.858741
35801	5.188496	-1.188739	8.730208	0.008368	-0.005118	0.000127	0.617343	0.607700	0.499588	-0.648382	0.752678	-0.114350	-0.445519	-0.253331	0.858683
35802	5.144240	-1.127439	8.759802	0.008023	-0.003837	0.003284	0.617297	0.607699	0.499647	-0.648427	0.752647	-0.114303	-0.445520	-0.253425	0.858655
35803	5.170544	-1.117430	8.738701	0.007030	-0.008676	0.004436	0.617390	0.607545	0.499719	-0.648342	0.752743	-0.114156	-0.445515	-0.253510	0.858632
35804	5.215100	-1.212283	8.777761	0.000720	-0.006166	0.001158	0.617347	0.607522	0.499800	-0.648340	0.752743	-0.114161	-0.445577	-0.253564	0.858584
35805	5.211515	-1.185157	8.756475	0.003280	-0.002883	0.003077	0.617271	0.607556	0.499852	-0.648471	0.752651	-0.114024	-0.445490	-0.253756	0.858572
35806	5.181947	-1.167215	8.756216	0.009413	-0.002022	0.001945	0.617241	0.607549	0.499897	-0.648513	0.752625	-0.113958	-0.445470	-0.253850	0.858555
35807	5.125059	-1.127957	8.731673	0.006706	-0.005536	0.003090	0.617046	0.607650	0.500016	-0.648725	0.752456	-0.113870	-0.445433	-0.254110	0.858497
35808	5.142915	-1.098238	8.737453	0.007228	-0.010189	0.004343	0.616964	0.607641	0.500129	-0.648772	0.752420	-0.113835	-0.445478	-0.254237	0.858436
35809	5.177494	-1.142745	8.758232	0.001022	-0.011165	0.007008	0.616921	0.607604	0.500225	-0.648792	0.752412	-0.113779	-0.445508	-0.254350	0.858388
35810	5.218040	-1.210977	8.776194	0.000177	-0.003371	0.004410	0.616869	0.607613	0.500279	-0.648809	0.752394	-0.113804	-0.445556	-0.254383	0.858353
35811	5.191101	-1.190065	8.751632	0.000824	-0.009652	0.007101	0.616600	0.607784	0.500403	-0.649097	0.752155	-0.113736	-0.445507	-0.254680	0.858290
35812	5.208792	-1.160874	8.757435	0.004649	-0.002928	0.006241	0.616539	0.607807	0.500450	-0.649145	0.752114	-0.113732	-0.445523	-0.254744	0.858262
35813	5.206834	-1.164711	8.781232	-0.001087	-0.006813	0.007188	0.616343	0.607890	0.500591	-0.649258	0.752005	-0.113808	-0.445630	-0.254868	0.858170
35814	5.202449	-1.241143	8.769008	0.000052	-0.001743	0.002971	0.616307	0.607892	0.500633	-0.649265	0.751996	-0.113828	-0.445669	-0.254890	0.858143
35815	5.179147	-1.246750	8.765794	0.010980	-0.003581	0.005013	0.616110	0.608020	0.500719	-0.649542	0.751783	-0.113656	-0.445537	-0.255213	0.858116
35816	5.211386	-1.191192	8.802038	0.006060	0.000744	0.000398	0.616102	0.608009	0.500742	-0.649561	0.751774	-0.113611	-0.445521	-0.255266	0.858108
35817	5.232425	-1.257057	8.769298	0.012244	-0.000139	0.002234	0.615915	0.608143	0.500809	-0.649811	0.751575	-0.113490	-0.445414	-0.255532	0.858085
35818	5.251643	-1.222764	8.751732	0.019246	0.007187	-0.001493	0.615948	0.608135	0.500779	-0.649877	0.751544	-0.113322	-0.445272	-0.255645	0.858125
35819	5.189120	-1.189720	8.776010	0.015820	0.009840	-0.001506	0.615898	0.608178	0.500788	-0.650030	0.751440	-0.113135	-0.445118	-0.255848	0.858144
35820	5.243711	-1.196028	8.756129	0.021681	0.012097	-0.001016	0.615950	0.608186	0.500716	-0.650110	0.751399	-0.112948	-0.444931	-0.255950	0.858211
35821	5.223020	-1.227062	8.775038	0.018401	0.014979	-0.004095	0.615782	0.608412	0.500646	-0.650491	0.751106	-0.112697	-0.444604	-0.256269	0.858285
35822	5.191811	-1.207324	8.775987	0.028536	0.019194	-0.001681	0.615870	0.608433	0.500513	-0.650598	0.751052	-0.112448	-0.444328	-0.256379	0.858395
35823	5.179847	-1.154524	8.759141	0.022153	0.021589	-0.003428	0.615725	0.608651	0.500426	-0.650961	0.750774	-0.112197	-0.443996	-0.256675	0.858479
35824	5.178027	-1.152140	8.760531	0.028410	0.020822	-0.003122	0.615829	0.608666	0.500281	-0.651058	0.750728	-0.111942	-0.443710	-0.256775	0.858597
35825	5.152708	-1.155370	8.758807	0.026844	0.022376	-0.006195	0.615691	0.608913	0.500150	-0.651509	0.750394	-0.111559	-0.443239	-0.257166	0.858723
35826	5.136005	-1.109529	8.790038	0.026894	0.020636	-0.003223	0.615794	0.608926	0.500007	-0.651598	0.750352	-0.111316	-0.442964	-0.257256	0.858838
35827	5.192241	-1.111508	8.746709	0.022770	0.018905	-0.008212	0.615604	0.609142	0.499978	-0.651950	0.750075	-0.111123	-0.442710	-0.257553	0.858879
35828	5.127470	-1.047486	8.726013	0.016936	0.013054	-0.001225	0.615660	0.609151	0.499898	-0.652008	0.750046	-0.110975	-0.442547	-0.257614	0.858945
35829	5.138977	-1.023694	8.780912	0.018847	0.010215	-0.001307	0.615289	0.609528	0.499896	-0.652629	0.749553	-0.110660	-0.442149	-0.258159	0.858987
35830	5.038248	-1.092023	8.711686	0.001044	0.003099	0.001814	0.615280	0.609535	0.499898	-0.652636	0.749547	-0.110664	-0.442151	-0.258162	0.858985
35831	5.070260	-0.967740	8.807682	0.009311	-0.003984	0.007991	0.615053	0.609754	0.499910	-0.653001	0.749255	-0.110482	-0.441927	-0.258490	0.859001
35832	5.168673	-1.040855	8.781286	-0.016115	-0.010293	0.007637	0.614947	0.609770	0.500021	-0.652968	0.749257	-0.110662	-0.442122	-0.258446	0.858914
35833	5.154784	-1.068286	8.750432	-0.009759	-0.014538	0.013895	0.614605	0.609991	0.500171	-0.653248	0.749000	-0.110749	-0.442184	-0.258669	0.858815
35834	5.138729	-1.099528	8.743469	-0.017407	-0.015582	0.014926	0.614429	0.610048	0.500319	-0.653255	0.748961	-0.110977	-0.442420	-0.258649	0.858700
35835	5.137757	-1.105633	8.766385	-0.023070	-0.019353	0.014343	0.614180	0.610184	0.500457	-0.653394	0.748817	-0.111127	-0.442559	-0.258744	0.858600
35836	5.194740	-1.116498	8.744589	-0.019093	-0.017848	0.022395	0.613945	0.610291	0.500616	-0.653439	0.748736	-0.111406	-0.442820	-0.258725	0.858471
35837	5.159313	-1.181878	8.755294	-0.029550	-0.018922	0.018630	0.613596	0.610478	0.500816	-0.653575	0.748570	-0.111726	-0.443102	-0.258766	0.858313
35838	5.105228	-1.177161	8.774610	-0.023441	-0.019919	0.022001	0.613354	0.610577	0.500993	-0.653598	0.748503	-0.112040	-0.443404	-0.258728	0.858169
35839	5.158562	-1.161457	8.731410	-0.025805	-0.024714	0.019993	0.612856	0.610941	0.501158	-0.654047	0.748094	-0.112150	-0.443430	-0.259049	0.858058
35840	5.205357	-1.156709	8.760027	-0.026803	-0.029551	0.021148	0.612575	0.611009	0.501418	-0.654050	0.748040	-0.112489	-0.443813	-0.259044	0.857862
35841	5.254393	-1.148155	8.764672	-0.021385	-0.022531	0.018850	0.611861	0.611510	0.501678	-0.654686	0.747463	-0.112630	-0.443860	-0.259528	0.857691
35842	5.191642	-1.192266	8.751011	-0.026791	-0.017148	0.020454	0.611640	0.611605	0.501832	-0.654685	0.747413	-0.112965	-0.444166	-0.259448	0.857557
35843	5.218815	-1.186055	8.728853	-0.023368	-0.019804	0.020465	0.611305	0.611820	0.501979	-0.654894	0.747199	-0.113174	-0.444320	-0.259559	0.857443
35844	5.245357	-1.214048	8.775820	-0.025007	-0.018361	0.018926	0.611088	0.611900	0.502145	-0.654891	0.747153	-0.113486	-0.444621	-0.259501	0.857305
35845	5.252730	-1.240524	8.771747	-0.022494	-0.013338	0.017871	0.610770	0.612147	0.502231	-0.655143	0.746908	-0.113645	-0.444688	-0.259622	0.857233
35846	5.272129	-1.313354	8.762039	-0.016608	-0.009230	0.013858	0.610626	0.612213	0.502325	-0.655148	0.746872	-0.113860	-0.444879	-0.259571	0.857150
35847	5.230347	-1.250655	8.767340	-0.008156	-0.001843	0.011761	0.610235	0.612531	0.502413	-0.655545	0.746516	-0.113906	-0.444831	-0.259845	0.857092
35848	5.185782	-1.259809	8.736803	-0.006104	-0.004454	0.008609	0.610147	0.612570	0.502472	-0.655564	0.746484	-0.114004	-0.444923	-0.259844	0.857044
35849	5.224629	-1.229274	8.769728	-0.002950	-0.005714	0.010244	0.609949	0.612712	0.502540	-0.655760	0.746312	-0.114008	-0.444905	-0.260006	0.857004
35850	5.248370	-1.224167	8.772612	-0.001754	-0.002389	0.008999	0.609868	0.612760	0.502580	-0.655801	0.746266	-0.114070	-0.444956	-0.260025	0.856972
35851	5.233268	-1.250357	8.742456	-0.003639	0.002312	0.004586	0.609795	0.612835	0.502576	-0.655888	0.746189	-0.114080	-0.444929	-0.260068	0.856973
35852	5.226625	-1.227212	8.745652	0.004916	0.006210	0.008430	0.609756	0.612901	0.502544	-0.655955	0.746129	-0.114082	-0.444883	-0.260084	0.856992
35853	5.214936	-1.279967	8.736919	0.002153	0.004445	0.006606	0.609547	0.613054	0.502610	-0.656162	0.745945	-0.114091	-0.444863	-0.260250	0.856952
35854	5.201995	-1.232826	8.743224	0.009752	0.007222	0.002599	0.609550	0.613080	0.502575	-0.656216	0.745909	-0.114022	-0.444780	-0.260296	0.856981
35855	5.195203	-1.208602	8.746655	0.011462	0.005893	0.002604	0.609401	0.613207	0.502600	-0.656441	0.745728	-0.113907	-0.444652	-0.260512	0.856982
35856	5.194669	-1.207756	8.747090	0.010020	0.005825	0.000973	0.609409	0.613217	0.502580	-0.656486	0.745701	-0.113828	-0.444575	-0.260568	0.857005
35857	5.270728	-1.212973	8.754016	0.008186	0.008782	-0.000471	0.609084	0.613578	0.502532	-0.657020	0.745262	-0.113615	-0.444230	-0.260973	0.857061
35858	5.297126	-1.233482	8.778928	0.010484	0.013458	0.003071	0.609112	0.613623	0.502444	-0.657080	0.745220	-0.113543	-0.444104	-0.260986	0.857122
35859	5.272313	-1.238007	8.776762	0.018229	0.016464	-0.004000	0.608906	0.613943	0.502302	-0.657587	0.744822	-0.113218	-0.443635	-0.261369	0.857248
35860	5.233124	-1.164383	8.735697	0.020281	0.024397	-0.003337	0.609024	0.613969	0.502127	-0.657652	0.744794	-0.113028	-0.443377	-0.261388	0.857376
35861	5.177705	-1.150802	8.733914	0.018227	0.027010	-0.000187	0.609101	0.614029	0.501961	-0.657749	0.744734	-0.112864	-0.443128	-0.261419	0.857495
35862	5.155808	-1.182204	8.753401	0.013951	0.025060	-0.002111	0.609213	0.614067	0.501778	-0.657793	0.744714	-0.112735	-0.442908	-0.261387	0.857618
35863	5.138859	-1.206475	8.724633	0.014538	0.020521	-0.002389	0.609103	0.614264	0.501670	-0.658096	0.744476	-0.112539	-0.442610	-0.261599	0.857707
35864	5.170826	-1.249482	8.747145	0.019744	0.016649	-0.003899	0.609190	0.614267	0.501562	-0.658155	0.744452	-0.112351	-0.442403	-0.261663	0.857795
35865	5.194055	-1.138624	8.742142	0.018425	0.014952	-0.004092	0.609199	0.614276	0.501539	-0.658246	0.744398	-0.112181	-0.442254	-0.261795	0.857831
35866	5.186560	-1.113717	8.746016	0.012020	0.015501	-0.001336	0.609264	0.614295	0.501438	-0.658287	0.744378	-0.112072	-0.442104	-0.261808	0.857904
35867	5.155597	-1.095076	8.746640	0.010627	0.013690	0.000004	0.609094	0.614531	0.501354	-0.658634	0.744097	-0.111898	-0.441821	-0.262053	0.857976
35868	5.152231	-1.097627	8.771405	0.014170	0.009405	0.001460	0.609113	0.614555	0.501302	-0.658702	0.744054	-0.111785	-0.441694	-0.262119	0.858021
35869	5.221887	-1.079672	8.781464	0.000191	0.009035	0.003714	0.608915	0.614793	0.501250	-0.659008	0.743793	-0.111718	-0.441510	-0.262301	0.858060
35870	5.186244	-1.207403	8.709845	-0.001398	0.008737	0.005146	0.608907	0.614842	0.501200	-0.659029	0.743768	-0.111757	-0.441490	-0.262256	0.858084
35871	5.136337	-1.222829	8.727838	0.001049	0.003096	0.001816	0.608697	0.615044	0.501206	-0.659317	0.743524	-0.111681	-0.441348	-0.262474	0.858091
35872	5.198079	-1.185197	8.764452	0.009015	0.000990	0.002134	0.608674	0.615051	0.501226	-0.659367	0.743490	-0.111616	-0.441306	-0.262554	0.858088
35873	5.185415	-1.137931	8.770463	0.002368	0.004793	0.002007	0.608699	0.614985	0.501278	-0.659296	0.743550	-0.111633	-0.441378	-0.262540	0.858055
35874	5.167877	-1.167262	8.764522	-0.000224	-0.000341	0.004596	0.608654	0.615006	0.501307	-0.659320	0.743525	-0.111659	-0.441405	-0.262560	0.858035
35875	5.146835	-1.169507	8.737254	0.003347	-0.002772	0.001549	0.608507	0.615124	0.501340	-0.659520	0.743360	-0.111573	-0.441308	-0.262751	0.858027
35876	5.221524	-1.178856	8.767727	0.003739	-0.005798	0.001366	0.608459	0.615107	0.501419	-0.659542	0.743345	-0.111549	-0.441341	-0.262834	0.857984
35877	5.224032	-1.175107	8.743623	0.002685	0.001654	0.003356	0.608348	0.615137	0.501517	-0.659612	0.743282	-0.111555	-0.441390	-0.262942	0.857925
35878	5.200274	-1.180809	8.740622	0.004005	0.003351	0.003548	0.608326	0.615161	0.501515	-0.659648	0.743252	-0.111539	-0.441367	-0.262971	0.857929
35879	5.193821	-1.157151	8.743701	0.004275	0.001951	0.001924	0.608060	0.615476	0.501451	-0.660094	0.742881	-0.111373	-0.441066	-0.263284	0.857988
35880	5.140576	-1.145192	8.740305	0.003002	-0.001486	0.004705	0.608008	0.615495	0.501489	-0.660133	0.742846	-0.111371	-0.441078	-0.263335	0.857966
35881	5.107199	-1.100698	8.718780	0.001459	-0.003523	0.009109	0.607870	0.615584	0.501549	-0.660262	0.742731	-0.111375	-0.441076	-0.263452	0.857930
35882	5.145978	-1.070020	8.751759	-0.007584	-0.006365	0.011480	0.607752	0.615641	0.501621	-0.660296	0.742683	-0.111498	-0.441188	-0.263455	0.857872
35883	5.209906	-1.133784	8.772831	-0.012862	-0.013152	0.010713	0.607341	0.615959	0.501728	-0.660695	0.742319	-0.111557	-0.441157	-0.263736	0.857802
35884	5.197200	-1.191983	8.787180	-0.018189	-0.007650	0.010778	0.607222	0.616008	0.501812	-0.660677	0.742303	-0.111767	-0.441346	-0.263669	0.857725
35885	5.207913	-1.244331	8.804732	-0.011543	-0.011455	0.010903	0.606819	0.616363	0.501864	-0.661114	0.741909	-0.111799	-0.441246	-0.263947	0.857691
35886	5.225955	-1.285321	8.750074	-0.007900	-0.013774	0.006324	0.606703	0.616362	0.502005	-0.661116	0.741893	-0.111899	-0.441404	-0.263994	0.857595
35887	5.267549	-1.250959	8.758753	-0.001152	-0.005064	0.004220	0.606687	0.616285	0.502119	-0.661037	0.741955	-0.111953	-0.441545	-0.263999	0.857521
35888	5.259203	-1.231238	8.785576	0.002882	0.000139	0.003263	0.606652	0.616299	0.502145	-0.661067	0.741929	-0.111945	-0.441547	-0.264040	0.857508
35889	5.208155	-1.215536	8.758292	0.007037	0.003715	0.003747	0.606543	0.616364	0.502197	-0.661194	0.741824	-0.111889	-0.441506	-0.264184	0.857484
35890	5.180397	-1.193796	8.734327	0.006990	0.005455	0.000775	0.606547	0.616373	0.502180	-0.661228	0.741802	-0.111833	-0.441450	-0.264223	0.857501
35891	5.218501	-1.161925	8.767878	0.002714	0.003506	-0.001148	0.606275	0.616674	0.502139	-0.661654	0.741444	-0.111691	-0.441185	-0.264527	0.857544
35892	5.203136	-1.187304	8.738038	0.003886	0.004975	0.002107	0.606269	0.616692	0.502125	-0.661682	0.741422	-0.111668	-0.441151	-0.264546	0.857555
35893	5.212511	-1.237340	8.756696	0.008115	0.008665	0.001059	0.606179	0.616828	0.502066	-0.661889	0.741256	-0.111547	-0.440965	-0.264694	0.857606
35894	5.151133	-1.170794	8.711419	0.007185	0.003942	0.000684	0.606178	0.616833	0.502062	-0.661923	0.741234	-0.111489	-0.440915	-0.264744	0.857616
35895	5.163551	-1.148228	8.765743	0.005986	0.000619	0.001932	0.606004	0.616953	0.502124	-0.662132	0.741059	-0.111414	-0.440840	-0.264955	0.857589
35896	5.187038	-1.142084	8.768964	0.006032	-0.001121	0.004904	0.605953	0.616975	0.502158	-0.662187	0.741014	-0.111386	-0.440829	-0.265028	0.857572
35897	5.242572	-1.150241	8.748375	0.001366	-0.000044	0.003164	0.605703	0.617239	0.502136	-0.662548	0.740705	-0.111295	-0.440630	-0.265277	0.857597
35898	5.246074	-1.177341	8.769692	0.002027	0.006079	0.005162	0.605681	0.617283	0.502108	-0.662587	0.740669	-0.111303	-0.440602	-0.265276	0.857612
35899	5.183565	-1.214676	8.733561	0.000781	0.004496	0.003438	0.605342	0.617760	0.501931	-0.663187	0.740156	-0.111139	-0.440165	-0.265597	0.857737
35900	5.183246	-1.214637	8.733755	0.004201	0.001836	0.003455	0.605313	0.617779	0.501942	-0.663225	0.740125	-0.111120	-0.440147	-0.265638	0.857734
35901	5.183035	-1.214236	8.733936	0.007381	0.002429	0.000592	0.605054	0.618070	0.501895	-0.663649	0.739770	-0.110950	-0.439862	-0.265952	0.857783
35902	5.197805	-1.188075	8.764225	0.005791	0.002132	0.002024	0.605036	0.618080	0.501905	-0.663686	0.739743	-0.110910	-0.439832	-0.266003	0.857782
35903	5.217342	-1.154718	8.746414	0.009016	0.000985	0.002133	0.604813	0.618303	0.501899	-0.664032	0.739454	-0.110763	-0.439617	-0.266287	0.857805
35904	5.187596	-1.136639	8.746235	0.002956	0.000253	0.001732	0.604788	0.618306	0.501925	-0.664055	0.739437	-0.110745	-0.439616	-0.266329	0.857792
35905	5.206111	-1.206798	8.737586	0.003151	-0.001260	0.001641	0.604576	0.618476	0.501972	-0.664323	0.739208	-0.110661	-0.439503	-0.266569	0.857775
35906	5.193996	-1.159673	8.743263	0.004981	-0.004217	0.003090	0.604522	0.618477	0.502035	-0.664363	0.739177	-0.110633	-0.439516	-0.266654	0.857742
35907	5.168351	-1.168911	8.764022	0.001561	-0.001556	0.003073	0.604333	0.618573	0.502144	-0.664530	0.739029	-0.110617	-0.439523	-0.266841	0.857680
35908	5.173278	-1.161783	8.715819	0.003317	-0.004626	0.006054	0.604258	0.618595	0.502207	-0.664581	0.738983	-0.110617	-0.439550	-0.266916	0.857643
35909	5.235836	-1.124671	8.751883	0.000871	-0.009531	0.005580	0.604052	0.618682	0.502347	-0.664745	0.738837	-0.110609	-0.439585	-0.267119	0.857562
35910	5.216678	-1.158100	8.769468	-0.007558	-0.004506	0.006977	0.603971	0.618712	0.502409	-0.664754	0.738814	-0.110708	-0.439683	-0.267114	0.857514
35911	5.182333	-1.217342	8.757059	-0.002744	-0.005358	0.005654	0.604059	0.618517	0.502543	-0.664522	0.739010	-0.110796	-0.439913	-0.267023	0.857424
35912	5.231995	-1.202536	8.739119	0.003048	-0.003226	0.007676	0.603979	0.618555	0.502592	-0.664581	0.738954	-0.110808	-0.439933	-0.267088	0.857393
35913	5.257993	-1.193455	8.718119	-0.000177	-0.002078	0.007568	0.603957	0.618479	0.502712	-0.664497	0.739020	-0.110878	-0.440090	-0.267085	0.857313
35914	5.261819	-1.220603	8.739238	0.002956	0.000252	0.001731	0.603932	0.618482	0.502739	-0.664520	0.739001	-0.110860	-0.440090	-0.267128	0.857300
35915	5.231903	-1.202776	8.739141	0.003813	0.004862	0.003637	0.603783	0.618663	0.502695	-0.664763	0.738794	-0.110788	-0.439929	-0.267281	0.857335
35916	5.264866	-1.246988	8.760932	0.010023	0.005818	0.000973	0.603787	0.618676	0.502675	-0.664813	0.738762	-0.110705	-0.439847	-0.267342	0.857358
35917	5.260335	-1.219002	8.740355	0.012544	0.010836	-0.000086	0.603991	0.618456	0.502700	-0.664577	0.738980	-0.110659	-0.439923	-0.267246	0.857349
35918	5.229579	-1.199973	8.740918	0.016849	0.014637	-0.002668	0.604058	0.618465	0.502608	-0.664635	0.738952	-0.110500	-0.439744	-0.267302	0.857423
35919	5.249488	-1.196207	8.769073	0.015334	0.014454	-0.002769	0.603880	0.618731	0.502495	-0.665036	0.738626	-0.110267	-0.439381	-0.267589	0.857520
35920	5.235872	-1.147761	8.775801	0.016654	0.016150	-0.002578	0.603953	0.618745	0.502389	-0.665094	0.738597	-0.110110	-0.439194	-0.267635	0.857602
35921	5.206695	-1.194020	8.692765	0.014630	0.020620	-0.003939	0.603925	0.618886	0.502249	-0.665316	0.738427	-0.109910	-0.438896	-0.267777	0.857709
35922	5.194455	-1.107202	8.804694	0.016309	0.017439	0.000576	0.603982	0.618928	0.502129	-0.665391	0.738380	-0.109771	-0.438703	-0.267813	0.857797
35923	5.174178	-1.104612	8.754501	0.013279	0.017074	0.000375	0.603953	0.619008	0.502065	-0.665526	0.738276	-0.109652	-0.438538	-0.267913	0.857850
35924	5.185022	-1.150672	8.749776	0.007144	0.016231	0.001504	0.603999	0.619053	0.501955	-0.665567	0.738248	-0.109597	-0.438413	-0.267888	0.857922
35925	5.153970	-1.132359	8.750348	0.010293	0.014971	0.003147	0.603868	0.619301	0.501806	-0.665880	0.737984	-0.109466	-0.438117	-0.268040	0.858026
35926	5.199734	-1.120300	8.757518	0.004428	0.012726	0.002654	0.603891	0.619346	0.501724	-0.665916	0.737955	-0.109440	-0.438031	-0.268017	0.858077
35927	5.202580	-1.147203	8.779270	0.000466	0.007638	0.002082	0.603814	0.619437	0.501703	-0.666031	0.737855	-0.109418	-0.437962	-0.268082	0.858092
35928	5.220213	-1.217697	8.771220	0.000002	0.010553	0.003793	0.603820	0.619483	0.501639	-0.666055	0.737831	-0.109435	-0.437918	-0.268040	0.858127
35929	5.217731	-1.187061	8.726667	0.004384	0.014464	-0.000320	0.603711	0.619664	0.501547	-0.666289	0.737634	-0.109340	-0.437712	-0.268165	0.858193
35930	5.182111	-1.175983	8.775143	0.009091	0.011649	0.004399	0.603717	0.619718	0.501472	-0.666356	0.737582	-0.109283	-0.437601	-0.268183	0.858244
35931	5.197007	-1.115723	8.736658	0.004579	0.012950	-0.000410	0.603717	0.619720	0.501470	-0.666375	0.737570	-0.109249	-0.437573	-0.268211	0.858250
35932	5.123105	-1.136264	8.751721	0.003377	0.009629	0.000841	0.603738	0.619743	0.501417	-0.666396	0.737555	-0.109222	-0.437512	-0.268200	0.858284
35933	5.118709	-1.109095	8.730919	0.002370	0.004794	0.002003	0.603381	0.620058	0.501456	-0.666835	0.737169	-0.109146	-0.437335	-0.268532	0.858271
35934	5.171597	-1.121268	8.734618	-0.004968	0.000630	0.004381	0.603339	0.620083	0.501477	-0.666841	0.737154	-0.109209	-0.437384	-0.268516	0.858251
35935	5.158017	-1.178175	8.749679	-0.004655	-0.002509	0.005734	0.603185	0.620172	0.501552	-0.666957	0.737043	-0.109252	-0.437421	-0.268615	0.858201
35936	5.175638	-1.149647	8.755465	-0.002903	-0.005576	0.008719	0.603086	0.620212	0.501621	-0.666998	0.736996	-0.109318	-0.437494	-0.268652	0.858152
35937	5.226837	-1.165722	8.782722	-0.001194	-0.006907	0.008731	0.602533	0.620778	0.501585	-0.667725	0.736351	-0.109222	-0.437146	-0.269111	0.858186
35938	5.153051	-1.156872	8.751531	-0.007448	-0.006124	0.008416	0.602434	0.620815	0.501659	-0.667746	0.736318	-0.109326	-0.437252	-0.269119	0.858129
35939	5.209111	-1.166217	8.730630	-0.005663	-0.007343	0.006895	0.601881	0.621294	0.501730	-0.668372	0.735753	-0.109299	-0.437056	-0.269557	0.858092
35940	5.162788	-1.178629	8.723707	-0.005350	-0.010482	0.008247	0.601764	0.621318	0.501841	-0.668401	0.735714	-0.109384	-0.437174	-0.269607	0.858016
35941	5.183491	-1.146714	8.705039	-0.003523	-0.013438	0.009700	0.601286	0.621686	0.501957	-0.668895	0.735265	-0.109385	-0.437074	-0.269985	0.857948
35942	5.177477	-1.158565	8.776290	-0.012495	-0.016157	0.010536	0.601129	0.621712	0.502114	-0.668906	0.735231	-0.109542	-0.437274	-0.270018	0.857835
35943	5.183456	-1.152872	8.727327	-0.006629	-0.013915	0.011029	0.600628	0.622074	0.502265	-0.669391	0.734785	-0.109576	-0.437221	-0.270397	0.857743
35944	5.232872	-1.173305	8.778117	-0.011444	-0.013060	0.012348	0.600471	0.622121	0.502394	-0.669418	0.734737	-0.109733	-0.437394	-0.270420	0.857648
35945	5.278067	-1.235806	8.747964	-0.007017	-0.010888	0.011209	0.600100	0.622379	0.502517	-0.669751	0.734424	-0.109793	-0.437394	-0.270675	0.857567
35946	5.263681	-1.262404	8.717385	-0.004266	-0.005535	0.005554	0.600021	0.622397	0.502589	-0.669769	0.734398	-0.109855	-0.437474	-0.270704	0.857517
35947	5.252899	-1.246498	8.768182	0.001020	0.001246	0.006318	0.600106	0.622229	0.502696	-0.669583	0.734562	-0.109896	-0.437642	-0.270648	0.857449
35948	5.195819	-1.207662	8.743591	0.002610	0.001540	0.004887	0.600063	0.622261	0.502708	-0.669628	0.734522	-0.109896	-0.437634	-0.270683	0.857442
35949	5.201785	-1.230840	8.740867	0.008940	0.000866	0.003667	0.599619	0.622712	0.502680	-0.670259	0.733972	-0.109718	-0.437276	-0.271136	0.857482
35950	5.159848	-1.165347	8.746400	0.012390	0.000052	-0.000817	0.599607	0.622698	0.502711	-0.670312	0.733940	-0.109605	-0.437211	-0.271253	0.857478
35951	5.185973	-1.155130	8.725532	0.008350	-0.005145	0.000142	0.598925	0.623395	0.502660	-0.671255	0.733110	-0.109389	-0.436698	-0.271898	0.857535
35952	5.233431	-1.142934	8.731727	0.009714	-0.005187	0.003306	0.598863	0.623398	0.502731	-0.671322	0.733060	-0.109319	-0.436681	-0.272027	0.857502
35953	5.222914	-1.125969	8.782505	0.006566	-0.003925	0.001663	0.598732	0.623440	0.502834	-0.671450	0.732953	-0.109247	-0.436663	-0.272218	0.857451
35954	5.237822	-1.169219	8.752621	0.000161	-0.003363	0.004415	0.598670	0.623456	0.502888	-0.671482	0.732921	-0.109265	-0.436699	-0.272267	0.857417
35955	5.220652	-1.198519	8.746452	0.003191	-0.002999	0.004616	0.598292	0.623804	0.502907	-0.671957	0.732498	-0.109181	-0.436485	-0.272610	0.857417
35956	5.223165	-1.194741	8.722367	0.006179	-0.000899	0.001843	0.598258	0.623808	0.502943	-0.672000	0.732465	-0.109134	-0.436467	-0.272687	0.857402
35957	5.212400	-1.177830	8.773292	0.007887	-0.002231	0.001854	0.597800	0.624246	0.502943	-0.672624	0.731918	-0.108963	-0.436133	-0.273154	0.857423
35958	5.276408	-1.205701	8.725953	0.005792	0.002128	0.002023	0.597778	0.624259	0.502953	-0.672666	0.731886	-0.108920	-0.436099	-0.273210	0.857423
35959	5.197070	-1.202490	8.743560	0.008629	0.004005	0.002313	0.597195	0.624872	0.502885	-0.673481	0.731163	-0.108740	-0.435639	-0.273744	0.857486
35960	5.204157	-1.121922	8.731606	0.013131	0.006287	-0.000359	0.597207	0.624880	0.502861	-0.673541	0.731125	-0.108622	-0.435530	-0.273828	0.857515
35961	5.231116	-1.142608	8.756229	0.001364	-0.000041	0.003164	0.596822	0.625230	0.502883	-0.674018	0.730697	-0.108544	-0.435320	-0.274171	0.857512
35962	5.237045	-1.166207	8.753487	0.002267	0.002833	0.008039	0.596761	0.625290	0.502880	-0.674082	0.730636	-0.108561	-0.435305	-0.274197	0.857511
35963	5.201935	-1.224388	8.741684	0.010262	0.002562	0.003856	0.596489	0.625528	0.502907	-0.674445	0.730318	-0.108440	-0.435114	-0.274500	0.857511
35964	5.215224	-1.167493	8.726809	0.008511	0.005630	0.000871	0.596489	0.625544	0.502888	-0.674493	0.730284	-0.108368	-0.435040	-0.274554	0.857532
35965	5.239643	-1.191548	8.775593	0.008704	0.004116	0.000781	0.595866	0.626173	0.502843	-0.675334	0.729533	-0.108196	-0.434590	-0.275117	0.857579
35966	5.250092	-1.207160	8.725060	0.010102	0.005923	-0.000561	0.595876	0.626179	0.502823	-0.675381	0.729503	-0.108102	-0.434502	-0.275181	0.857603
35967	5.253155	-1.232975	8.746836	0.014411	0.009717	-0.003144	0.595801	0.626269	0.502800	-0.675566	0.729356	-0.107937	-0.434318	-0.275366	0.857637
35968	5.230192	-1.133903	8.734844	0.018914	0.011998	-0.005817	0.595873	0.626254	0.502734	-0.675620	0.729335	-0.107741	-0.434135	-0.275457	0.857701
35969	5.188472	-1.167397	8.726342	0.009983	0.007548	-0.002004	0.595309	0.626853	0.502655	-0.676411	0.728628	-0.107567	-0.433677	-0.275966	0.857769
35970	5.236006	-1.185150	8.778629	0.017096	0.011373	0.000209	0.595338	0.626880	0.502587	-0.676493	0.728573	-0.107417	-0.433509	-0.276047	0.857827
35971	5.236025	-1.149509	8.710168	0.018645	0.013400	-0.004198	0.594767	0.627564	0.502410	-0.677412	0.727763	-0.107114	-0.432856	-0.276631	0.857969
35972	5.185429	-1.162799	8.728765	0.015422	0.014551	-0.004311	0.594840	0.627567	0.502319	-0.677461	0.727741	-0.106956	-0.432681	-0.276680	0.858042
35973	5.201655	-1.132128	8.735636	0.015387	0.012706	0.000196	0.594665	0.627790	0.502248	-0.677788	0.727461	-0.106792	-0.432408	-0.276912	0.858104
35974	5.204195	-1.157826	8.757747	0.013678	0.014038	0.000183	0.594705	0.627825	0.502157	-0.677855	0.727415	-0.106671	-0.432247	-0.276952	0.858172
35975	5.228917	-1.147547	8.737749	0.009209	0.013602	-0.001652	0.594209	0.628421	0.502000	-0.678623	0.726729	-0.106470	-0.431726	-0.277403	0.858289
35976	5.246269	-1.147809	8.789949	0.011776	0.016883	0.000258	0.594260	0.628464	0.501884	-0.678683	0.726688	-0.106366	-0.431560	-0.277411	0.858370
35977	5.224684	-1.248862	8.749369	0.008669	0.016410	0.001588	0.594067	0.628775	0.501724	-0.679062	0.726352	-0.106241	-0.431230	-0.277587	0.858479
35978	5.243066	-1.214705	8.732367	0.021442	0.017011	-0.006882	0.594167	0.628767	0.501615	-0.679122	0.726329	-0.106018	-0.430998	-0.277665	0.858570
35979	5.226852	-1.169025	8.763182	0.021054	0.020039	-0.006707	0.593914	0.629141	0.501446	-0.679639	0.725882	-0.105765	-0.430531	-0.277987	0.858700
35980	5.221388	-1.139711	8.743275	0.025405	0.022099	-0.006316	0.594032	0.629152	0.501292	-0.679719	0.725844	-0.105510	-0.430242	-0.278061	0.858821
35981	5.210807	-1.186474	8.711883	0.022646	0.020331	-0.008139	0.593669	0.629623	0.501131	-0.680388	0.725263	-0.105196	-0.429686	-0.278512	0.858954
35982	5.197967	-1.167520	8.764137	0.023695	0.023431	-0.006332	0.593793	0.629637	0.500966	-0.680460	0.725230	-0.104956	-0.429400	-0.278566	0.859079
35983	5.236923	-1.129993	8.774797	0.025481	0.022209	-0.007849	0.593537	0.630007	0.500805	-0.681007	0.724763	-0.104637	-0.428887	-0.278946	0.859212
35984	5.243382	-1.147460	8.749617	0.024627	0.028156	-0.005972	0.593678	0.630037	0.500599	-0.681085	0.724724	-0.104390	-0.428566	-0.278976	0.859362
