// General information: 
//  MT Manager version: 2022.2.0 
//  XDA version: 2022.2.0 build 7381 rev 124627 built on 2023-07-19
// Device information: 
//  DeviceId: 00B4CAF0
//  ProductCode: MTW2-3A7G6
//  Firmware Version: 4.6.0
//  Hardware Version: 2.0.0
// Device settings: 
//  Filter Profile: human(46.1)
//  Option Flags: Orientation Smoother Disabled, Position/Velocity Smoother Disabled, Continuous Zero Rotation Update Disabled, AHS Disabled, ICC Disabled
// Coordinate system: ENU
PacketCounter	Acc_X	Acc_Y	Acc_Z	Gyr_X	Gyr_Y	Gyr_Z	Mat[1][1]	Mat[2][1]	Mat[3][1]	Mat[1][2]	Mat[2][2]	Mat[3][2]	Mat[1][3]	Mat[2][3]	Mat[3][3]
23888	5.007108	0.111558	8.949602	0.004703	0.007270	0.006274	0.529161	0.696694	0.484362	-0.798507	0.601950	0.006533	-0.287010	-0.390223	0.874844
23889	5.030661	0.116026	8.950955	0.005118	0.003087	0.003661	0.529142	0.696707	0.484363	-0.798528	0.601922	0.006547	-0.286988	-0.390242	0.874842
23890	5.050084	0.149141	8.933351	0.004924	0.005196	0.003880	0.529158	0.696684	0.484379	-0.798536	0.601910	0.006628	-0.286935	-0.390301	0.874833
23891	5.054073	0.125705	8.928619	0.000643	0.004371	0.003736	0.529142	0.696703	0.484370	-0.798544	0.601900	0.006603	-0.286941	-0.390285	0.874839
23892	5.057869	0.102296	8.923996	0.004561	0.009449	0.002143	0.529190	0.696690	0.484335	-0.798541	0.601903	0.006689	-0.286863	-0.390302	0.874857
23893	5.028445	0.116504	8.952194	0.001311	0.008777	0.005296	0.529174	0.696735	0.484288	-0.798560	0.601879	0.006663	-0.286840	-0.390258	0.874883
23894	5.003559	0.112069	8.951580	0.001117	0.010885	0.005515	0.529174	0.696743	0.484277	-0.798549	0.601893	0.006621	-0.286870	-0.390223	0.874890
23895	5.002787	0.117033	8.928247	0.001144	0.010920	0.003340	0.529180	0.696785	0.484211	-0.798557	0.601883	0.006603	-0.286838	-0.390164	0.874927
23896	5.005928	0.088376	8.947757	0.000950	0.013028	0.003559	0.529155	0.696825	0.484180	-0.798590	0.601839	0.006612	-0.286791	-0.390160	0.874943
23897	5.048445	0.125648	8.931802	0.006120	0.016183	0.002871	0.529180	0.696884	0.484068	-0.798609	0.601813	0.006639	-0.286692	-0.390094	0.875005
23898	5.099566	0.110920	8.929816	0.002033	0.013250	0.002507	0.529207	0.696873	0.484053	-0.798567	0.601869	0.006572	-0.286757	-0.390027	0.875014
23899	4.977894	0.084599	8.948878	0.005872	0.018217	0.007438	0.529201	0.696968	0.483924	-0.798610	0.601813	0.006575	-0.286649	-0.389946	0.875086
23900	4.987258	0.154927	8.989422	0.012288	0.008828	-0.001082	0.529348	0.696877	0.483893	-0.798539	0.601905	0.006718	-0.286576	-0.389964	0.875101
23901	5.019706	0.128306	8.909563	0.007398	0.014293	0.001601	0.529378	0.696921	0.483797	-0.798555	0.601883	0.006763	-0.286476	-0.389919	0.875154
23902	4.974332	0.081676	8.974594	0.008842	0.010264	0.002289	0.529440	0.696892	0.483772	-0.798539	0.601904	0.006856	-0.286406	-0.389941	0.875167
23903	5.012423	0.132639	9.011129	0.005618	0.009629	0.003266	0.529443	0.696928	0.483717	-0.798559	0.601877	0.006877	-0.286346	-0.389917	0.875198
23904	5.016666	0.124663	8.935007	0.003505	0.009253	0.001018	0.529602	0.696831	0.483682	-0.798445	0.602028	0.006918	-0.286369	-0.389857	0.875217
23905	5.011334	0.148372	8.940470	0.004340	0.011512	0.004534	0.529600	0.696882	0.483611	-0.798468	0.601998	0.006922	-0.286309	-0.389813	0.875256
23906	5.010539	0.148317	8.940917	0.000419	0.006439	0.006126	0.529596	0.696881	0.483616	-0.798475	0.601988	0.006937	-0.286296	-0.389829	0.875253
23907	5.038278	0.128892	8.937495	0.002365	0.008957	0.006417	0.529572	0.696933	0.483567	-0.798502	0.601953	0.006915	-0.286265	-0.389791	0.875280
23908	5.013312	0.124378	8.936893	-0.001219	0.012573	0.005654	0.529737	0.696861	0.483491	-0.798391	0.602099	0.006945	-0.286270	-0.389694	0.875322
23909	5.040371	0.099676	8.957607	-0.001219	0.012572	0.005654	0.529730	0.696922	0.483411	-0.798404	0.602083	0.006895	-0.286248	-0.389609	0.875367
23910	5.035317	0.133016	8.915435	0.000922	0.012982	0.005728	0.529773	0.696936	0.483343	-0.798397	0.602091	0.006931	-0.286186	-0.389571	0.875404
23911	5.009660	0.118412	8.962695	0.000922	0.012981	0.005728	0.529766	0.697000	0.483259	-0.798416	0.602066	0.006899	-0.286145	-0.389496	0.875450
23912	5.017585	0.076166	8.929564	-0.002275	0.012383	0.004529	0.529761	0.697023	0.483231	-0.798409	0.602077	0.006839	-0.286175	-0.389439	0.875466
23913	4.988047	0.095130	8.933982	-0.000106	0.012828	0.002429	0.529781	0.697066	0.483148	-0.798408	0.602079	0.006814	-0.286143	-0.389359	0.875512
23914	5.006238	0.117777	8.964615	0.002035	0.013237	0.002503	0.529971	0.696979	0.483065	-0.798280	0.602248	0.006854	-0.286147	-0.389253	0.875558
23915	5.009830	0.099324	8.936392	0.000088	0.010720	0.002211	0.529986	0.697012	0.483000	-0.798278	0.602251	0.006832	-0.286125	-0.389189	0.875594
23916	5.004532	0.122868	8.941834	0.004533	0.009396	0.004317	0.529887	0.697074	0.483019	-0.798357	0.602145	0.006830	-0.286086	-0.389241	0.875583
23917	5.012519	0.075962	8.932411	0.002393	0.008986	0.004242	0.529881	0.697113	0.482970	-0.798373	0.602125	0.006818	-0.286055	-0.389203	0.875610
23918	5.026538	0.122302	8.967855	0.005425	0.011724	0.003485	0.530007	0.697060	0.482908	-0.798307	0.602212	0.006898	-0.286004	-0.389164	0.875644
23919	5.001757	0.123411	8.943379	0.004369	0.011537	0.002360	0.530024	0.697097	0.482836	-0.798318	0.602197	0.006913	-0.285944	-0.389121	0.875683
23920	5.048858	0.132123	8.946245	0.003478	0.009207	0.003192	0.530039	0.697094	0.482825	-0.798316	0.602199	0.006937	-0.285921	-0.389123	0.875690
23921	4.999712	0.118823	8.968243	0.006673	0.009803	0.004392	0.530034	0.697136	0.482769	-0.798344	0.602161	0.006962	-0.285851	-0.389106	0.875720
23922	5.003514	0.100818	8.939913	0.006703	0.009838	0.002218	0.530054	0.697130	0.482756	-0.798353	0.602149	0.007030	-0.285790	-0.389136	0.875727
23923	5.026444	0.100601	8.965419	0.009037	0.008140	0.002076	0.530063	0.697152	0.482714	-0.798375	0.602118	0.007088	-0.285710	-0.389144	0.875749
23924	4.968728	0.139677	8.973397	0.005455	0.011755	0.001309	0.530118	0.697126	0.482690	-0.798341	0.602164	0.007106	-0.285705	-0.389118	0.875762
23925	5.020122	0.124942	8.971412	0.003284	0.011310	0.003408	0.530125	0.697169	0.482621	-0.798354	0.602147	0.007106	-0.285654	-0.389070	0.875800
23926	5.015289	0.158685	8.929135	0.003284	0.011309	0.003407	0.530204	0.697144	0.482569	-0.798315	0.602197	0.007154	-0.285615	-0.389035	0.875829
23927	4.993996	0.115841	8.995120	0.002585	0.006876	0.004024	0.530194	0.697173	0.482539	-0.798330	0.602178	0.007145	-0.285593	-0.389014	0.875845
23928	4.989368	0.149592	8.952727	0.003315	0.011344	0.001233	0.530221	0.697170	0.482514	-0.798324	0.602185	0.007178	-0.285559	-0.389009	0.875859
23929	5.045383	0.111147	8.945726	0.002554	0.006839	0.006198	0.530193	0.697211	0.482485	-0.798350	0.602151	0.007158	-0.285538	-0.388987	0.875875
23930	5.016155	0.130503	8.949908	0.004370	0.011529	0.002358	0.530298	0.697160	0.482443	-0.798284	0.602239	0.007196	-0.285529	-0.388942	0.875898
23931	4.970821	0.088570	8.990971	0.002036	0.013225	0.002498	0.530319	0.697204	0.482357	-0.798288	0.602232	0.007190	-0.285478	-0.388873	0.875945
23932	4.994743	0.108022	8.921078	0.003446	0.009165	0.005365	0.530397	0.697166	0.482326	-0.798244	0.602291	0.007234	-0.285458	-0.388850	0.875962
23933	4.936581	0.136578	8.976673	0.004725	0.007281	0.004100	0.530388	0.697196	0.482292	-0.798264	0.602264	0.007244	-0.285417	-0.388839	0.875980
23934	4.993259	0.103269	8.945616	0.004026	0.002850	0.004717	0.530394	0.697155	0.482346	-0.798241	0.602295	0.007236	-0.285470	-0.388866	0.875951
23935	5.012922	0.136320	8.927996	0.005143	0.003107	0.001494	0.530394	0.697153	0.482348	-0.798249	0.602283	0.007262	-0.285448	-0.388886	0.875949
23936	4.983771	0.145552	8.979539	-0.001117	-0.000257	0.003223	0.530483	0.697059	0.482386	-0.798174	0.602383	0.007298	-0.285494	-0.388899	0.875929
23937	5.017184	0.112800	8.923158	0.003164	0.000558	0.003376	0.530460	0.697059	0.482411	-0.798186	0.602367	0.007298	-0.285501	-0.388925	0.875915
23938	5.040513	0.107147	8.972168	0.005305	0.000966	0.003452	0.530562	0.696957	0.482447	-0.798108	0.602469	0.007361	-0.285529	-0.388950	0.875894
23939	5.011897	0.131566	8.952277	0.000090	0.010710	0.002204	0.530578	0.696989	0.482383	-0.798106	0.602473	0.007340	-0.285507	-0.388887	0.875930
23940	5.011200	0.131563	8.952667	0.003833	0.004953	0.004933	0.530662	0.696920	0.482390	-0.798042	0.602557	0.007373	-0.285529	-0.388880	0.875926
23941	5.006745	0.165105	8.910196	0.000059	0.010673	0.004378	0.530661	0.696965	0.482327	-0.798051	0.602546	0.007341	-0.285507	-0.388817	0.875961
23942	4.989704	0.098535	8.971304	0.001306	0.008754	0.005287	0.530693	0.696947	0.482317	-0.798024	0.602581	0.007336	-0.285522	-0.388794	0.875966
23943	5.012833	0.102680	8.973013	0.002199	0.011079	0.004454	0.530692	0.696994	0.482251	-0.798039	0.602561	0.007323	-0.285482	-0.388741	0.876003
23944	4.988038	0.103605	8.948525	0.004179	0.013626	0.002572	0.530674	0.697033	0.482213	-0.798080	0.602506	0.007369	-0.285400	-0.388755	0.876023
23945	4.959397	0.132907	8.904936	0.000380	0.006391	0.008294	0.530629	0.697085	0.482188	-0.798110	0.602467	0.007321	-0.285399	-0.388724	0.876037
23946	4.982187	0.126835	8.954248	0.000476	0.006498	0.001772	0.530666	0.697045	0.482205	-0.798069	0.602522	0.007306	-0.285446	-0.388709	0.876028
23947	4.985966	0.103356	8.949682	0.004693	0.007240	0.006274	0.530640	0.697088	0.482172	-0.798101	0.602480	0.007305	-0.285406	-0.388698	0.876046
23948	4.981057	0.126875	8.954876	0.001691	0.004543	0.004856	0.530659	0.697061	0.482190	-0.798090	0.602494	0.007338	-0.285402	-0.388725	0.876036
23949	5.009047	0.107573	8.951429	0.002777	0.004764	0.003807	0.530645	0.697079	0.482179	-0.798103	0.602476	0.007332	-0.285390	-0.388720	0.876042
23950	5.028169	0.135278	8.957843	0.001499	0.006646	0.005071	0.530617	0.697095	0.482186	-0.798141	0.602426	0.007380	-0.285337	-0.388769	0.876038
23951	4.998928	0.149493	8.985684	0.002777	0.004764	0.003807	0.530603	0.697114	0.482175	-0.798154	0.602408	0.007375	-0.285325	-0.388763	0.876044
23952	5.027508	0.140181	8.934520	0.000412	0.006425	0.006119	0.530601	0.697110	0.482183	-0.798153	0.602409	0.007374	-0.285331	-0.388769	0.876039
23953	5.027000	0.140111	8.934807	0.004886	0.005134	0.006059	0.530570	0.697143	0.482169	-0.798185	0.602368	0.007376	-0.285301	-0.388774	0.876047
23954	4.996707	0.144121	9.010619	-0.002466	0.014468	0.004728	0.530684	0.697112	0.482089	-0.798108	0.602469	0.007375	-0.285302	-0.388673	0.876091
23955	4.985249	0.074042	8.971325	0.000412	0.006423	0.006119	0.530657	0.697150	0.482063	-0.798127	0.602444	0.007338	-0.285301	-0.388642	0.876106
23956	5.028690	0.116077	8.931431	0.005236	0.013803	0.003696	0.530750	0.697120	0.482004	-0.798074	0.602515	0.007370	-0.285277	-0.388586	0.876138
23957	5.007559	0.088456	8.926134	0.003539	0.019854	0.007563	0.530749	0.697219	0.481861	-0.798109	0.602468	0.007353	-0.285179	-0.388480	0.876217
23958	4.996393	0.125510	8.984641	0.005905	0.018191	0.005252	0.530929	0.697162	0.481746	-0.797992	0.602623	0.007370	-0.285173	-0.388343	0.876280
23959	4.960063	0.046837	8.968261	0.006289	0.013983	0.004822	0.530934	0.697222	0.481654	-0.798020	0.602586	0.007391	-0.285085	-0.388294	0.876330
23960	4.994898	0.141229	8.914412	0.005428	0.011695	0.003481	0.530914	0.697256	0.481626	-0.798060	0.602533	0.007436	-0.285011	-0.388314	0.876345
23961	4.929482	0.066701	8.973098	0.004341	0.011473	0.004529	0.530914	0.697305	0.481556	-0.798081	0.602504	0.007441	-0.284951	-0.388271	0.876384
23962	4.992088	0.126717	8.987017	0.009357	0.003837	0.006002	0.530860	0.697311	0.481606	-0.798125	0.602446	0.007475	-0.284929	-0.388350	0.876356
23963	5.007750	0.188076	8.950459	-0.001539	0.003912	0.005825	0.530828	0.697338	0.481603	-0.798136	0.602431	0.007423	-0.284956	-0.388325	0.876358
23964	5.006515	0.177910	8.998511	0.004725	0.007266	0.004100	0.530799	0.697345	0.481625	-0.798157	0.602404	0.007429	-0.284952	-0.388356	0.876346
23965	5.039386	0.145304	8.942586	0.004691	0.007230	0.006274	0.530773	0.697387	0.481593	-0.798189	0.602362	0.007429	-0.284912	-0.388345	0.876364
23966	4.975164	0.080799	8.953228	0.004917	0.005163	0.003885	0.530863	0.697319	0.481592	-0.798136	0.602431	0.007504	-0.284893	-0.388360	0.876363
23967	5.046589	0.093424	8.957368	0.002325	0.008890	0.008583	0.530823	0.697382	0.481545	-0.798173	0.602382	0.007472	-0.284863	-0.388323	0.876389
23968	4.993263	0.108544	8.960232	0.006449	0.011837	0.006780	0.530837	0.697402	0.481499	-0.798191	0.602357	0.007527	-0.284785	-0.388324	0.876414
23969	5.011913	0.136165	8.966935	-0.000008	0.010586	0.008718	0.530802	0.697472	0.481438	-0.798222	0.602317	0.007474	-0.284765	-0.388262	0.876448
23970	4.995501	0.084630	8.956547	-0.000288	0.014898	0.002623	0.530935	0.697420	0.481366	-0.798121	0.602451	0.007457	-0.284799	-0.388148	0.876488
23971	4.965955	0.103861	8.960796	0.002201	0.011061	0.004448	0.530935	0.697466	0.481300	-0.798136	0.602432	0.007444	-0.284759	-0.388095	0.876524
23972	4.908114	0.142486	8.968582	-0.000062	0.012831	0.000235	0.530929	0.697491	0.481270	-0.798152	0.602410	0.007451	-0.284724	-0.388083	0.876541
23973	4.975227	0.183541	8.953940	0.001305	0.008738	0.005282	0.530915	0.697533	0.481224	-0.798169	0.602388	0.007427	-0.284704	-0.388041	0.876566
23974	4.983387	0.136363	8.944515	0.000635	0.004351	0.003728	0.530945	0.697485	0.481260	-0.798124	0.602448	0.007399	-0.284774	-0.388034	0.876546
23975	5.026884	0.173084	8.928388	0.000217	0.008517	0.006329	0.530923	0.697532	0.481217	-0.798142	0.602424	0.007360	-0.284763	-0.387987	0.876571
23976	4.990463	0.083971	8.959362	0.003637	0.007040	0.005148	0.530795	0.697605	0.481252	-0.798248	0.602284	0.007377	-0.284704	-0.388074	0.876552
23977	5.005939	0.145246	8.922960	0.002549	0.006819	0.006195	0.530769	0.697645	0.481223	-0.798273	0.602251	0.007359	-0.284683	-0.388053	0.876567
23978	4.984761	0.107542	8.964976	0.004534	0.009360	0.004314	0.530773	0.697641	0.481224	-0.798267	0.602259	0.007351	-0.284693	-0.388047	0.876567
23979	5.011845	0.083122	8.985782	0.000026	0.010617	0.006542	0.530755	0.697698	0.481162	-0.798286	0.602234	0.007309	-0.284673	-0.387985	0.876601
23980	5.010989	0.087964	8.962602	0.003733	0.017726	0.007341	0.530763	0.697754	0.481071	-0.798311	0.602201	0.007329	-0.284588	-0.387935	0.876651
23981	4.957137	0.102964	8.965687	-0.000321	0.014853	0.004794	0.530771	0.697817	0.480972	-0.798320	0.602189	0.007292	-0.284548	-0.387841	0.876705
23982	4.951868	0.131241	8.947402	-0.000322	0.014852	0.004794	0.530756	0.697857	0.480929	-0.798335	0.602170	0.007262	-0.284533	-0.387797	0.876729
23983	4.853900	0.104314	8.990544	0.001340	0.008769	0.003107	0.530760	0.697886	0.480884	-0.798340	0.602164	0.007248	-0.284513	-0.387756	0.876754
23984	4.921046	0.135378	9.023280	0.002642	-0.005972	0.003788	0.530784	0.697795	0.480990	-0.798304	0.602210	0.007294	-0.284567	-0.387848	0.876696
23985	4.994979	0.163162	8.955186	0.006027	-0.007486	0.004782	0.530728	0.697770	0.481087	-0.798331	0.602174	0.007313	-0.284595	-0.387948	0.876643
23986	4.970892	0.149260	9.001227	0.006218	-0.009588	0.004569	0.530690	0.697707	0.481221	-0.798354	0.602143	0.007396	-0.284603	-0.388110	0.876568
23987	5.009688	0.093231	8.939671	0.006218	-0.009589	0.004569	0.530630	0.697673	0.481337	-0.798381	0.602107	0.007418	-0.284641	-0.388226	0.876504
23988	5.049926	0.153907	8.927820	0.004401	-0.001368	0.004294	0.530664	0.697606	0.481395	-0.798352	0.602145	0.007473	-0.284657	-0.388288	0.876472
23989	5.004786	0.102235	9.015802	0.005681	-0.003250	0.003034	0.530635	0.697587	0.481455	-0.798369	0.602122	0.007497	-0.284665	-0.388357	0.876439
23990	5.034168	0.093370	8.964355	0.008683	-0.000563	0.004453	0.530636	0.697541	0.481521	-0.798372	0.602117	0.007567	-0.284654	-0.388448	0.876402
23991	5.038987	0.080680	8.911915	0.013326	0.008901	0.002244	0.530647	0.697565	0.481474	-0.798406	0.602070	0.007662	-0.284536	-0.388478	0.876427
23992	5.005189	0.124592	8.920920	0.012753	0.015203	0.002882	0.530843	0.697481	0.481379	-0.798307	0.602201	0.007792	-0.284452	-0.388425	0.876478
23993	4.979581	0.116434	8.944151	0.013135	0.010999	0.002456	0.530858	0.697514	0.481314	-0.798341	0.602154	0.007885	-0.284325	-0.388439	0.876513
23994	4.953632	0.103298	8.991218	0.012944	0.013099	0.002668	0.530999	0.697452	0.481250	-0.798278	0.602236	0.008007	-0.284242	-0.388423	0.876547
23995	4.944648	0.161195	8.953735	0.008662	0.012293	0.002508	0.531018	0.697490	0.481173	-0.798300	0.602206	0.008060	-0.284144	-0.388401	0.876588
23996	4.967451	0.160843	8.979360	0.005969	0.005334	0.005012	0.531000	0.697483	0.481203	-0.798314	0.602187	0.008083	-0.284136	-0.388444	0.876572
23997	4.962111	0.179577	9.008396	0.004689	0.007215	0.006271	0.530975	0.697524	0.481172	-0.798345	0.602146	0.008084	-0.284097	-0.388433	0.876589
23998	4.994734	0.141730	8.976429	0.003791	0.004896	0.007105	0.530846	0.697592	0.481215	-0.798446	0.602012	0.008089	-0.284054	-0.388518	0.876565
23999	5.070980	0.135563	8.951969	0.001269	0.008695	0.007449	0.530815	0.697646	0.481171	-0.798473	0.601976	0.008054	-0.284034	-0.388477	0.876590
24000	5.036850	0.173269	8.984776	0.003029	0.013296	0.007953	0.530848	0.697649	0.481129	-0.798447	0.602012	0.008024	-0.284047	-0.388416	0.876613
24001	5.108260	0.201280	8.918154	0.019876	0.031384	0.011205	0.530852	0.697814	0.480886	-0.798547	0.601878	0.008134	-0.283759	-0.388328	0.876745
24002	5.064889	0.132480	8.979026	0.028783	0.028744	0.013276	0.530858	0.697930	0.480712	-0.798652	0.601736	0.008322	-0.283454	-0.388340	0.876839
24003	5.038113	0.135651	8.955577	0.038384	0.043366	0.012771	0.530883	0.698150	0.480365	-0.798812	0.601519	0.008587	-0.282953	-0.388280	0.877027
24004	5.006240	0.162892	8.937337	0.041386	0.046029	0.014187	0.530957	0.698321	0.480034	-0.798934	0.601353	0.008879	-0.282470	-0.388230	0.877205
24005	4.957551	0.129263	8.956205	0.044946	0.055235	0.013012	0.531013	0.698588	0.479582	-0.799114	0.601109	0.009200	-0.281854	-0.388126	0.877449
24006	4.980813	0.108122	8.979187	0.039131	0.047758	0.009960	0.531045	0.698804	0.479234	-0.799286	0.600876	0.009519	-0.281308	-0.388100	0.877636
24007	4.900748	0.126627	8.958221	0.027336	0.045537	0.010592	0.531092	0.699019	0.478867	-0.799403	0.600717	0.009698	-0.280884	-0.387958	0.877834
24008	4.896466	0.123554	8.984155	0.024714	0.038653	0.008754	0.531246	0.699097	0.478582	-0.799410	0.600705	0.009889	-0.280573	-0.387836	0.877987
24009	4.899699	0.218287	9.030033	0.013868	0.025959	0.008343	0.531257	0.699223	0.478386	-0.799477	0.600614	0.009960	-0.280361	-0.387750	0.878093
24010	4.930461	0.180827	8.999345	0.009166	0.029321	0.010765	0.531301	0.699322	0.478192	-0.799506	0.600575	0.010003	-0.280195	-0.387632	0.878198
24011	4.953287	0.194865	8.954182	0.003312	0.021838	0.009892	0.531288	0.699441	0.478033	-0.799552	0.600514	0.009974	-0.280089	-0.387512	0.878285
24012	4.994334	0.221908	8.986808	0.012695	0.025662	0.013734	0.531307	0.699542	0.477864	-0.799604	0.600444	0.010045	-0.279903	-0.387439	0.878376
24013	4.988616	0.255373	8.945125	0.005662	0.030724	0.016278	0.531268	0.699733	0.477628	-0.799690	0.600329	0.010007	-0.279732	-0.387270	0.878505
24014	4.966166	0.227625	8.940507	0.013093	0.032050	0.019831	0.531407	0.699821	0.477344	-0.799692	0.600324	0.010145	-0.279462	-0.387120	0.878658
24015	4.974438	0.142229	8.999680	0.010531	0.035804	0.022332	0.531333	0.700068	0.477064	-0.799824	0.600149	0.010121	-0.279224	-0.386945	0.878810
24016	4.898903	0.129660	8.997294	0.009964	0.042080	0.022950	0.531269	0.700322	0.476762	-0.799964	0.599963	0.010128	-0.278947	-0.386773	0.878974
24017	4.908819	0.063639	8.961191	0.008054	0.039615	0.020483	0.531220	0.700573	0.476448	-0.800079	0.599810	0.010091	-0.278709	-0.386556	0.879145
24018	4.897581	-0.045212	8.990451	-0.000176	0.033807	0.021901	0.531147	0.700785	0.476218	-0.800177	0.599680	0.010005	-0.278567	-0.386373	0.879271
24019	4.828583	0.035191	9.031998	0.002184	0.034367	0.011119	0.531159	0.700959	0.475948	-0.800226	0.599616	0.009962	-0.278403	-0.386158	0.879417
24020	4.718715	-0.061562	9.035513	-0.004541	0.011816	0.010886	0.531205	0.700955	0.475903	-0.800170	0.599691	0.009873	-0.278475	-0.386048	0.879442
24021	4.853929	0.009299	9.053921	-0.006180	-0.005473	0.005848	0.531148	0.700943	0.475984	-0.800168	0.599696	0.009780	-0.278590	-0.386062	0.879400
24022	4.971574	0.222626	8.975957	-0.004899	-0.007353	0.004598	0.531151	0.700864	0.476097	-0.800128	0.599749	0.009759	-0.278699	-0.386122	0.879339
24023	4.952061	0.189565	8.993231	0.000764	-0.010611	0.007661	0.531065	0.700844	0.476223	-0.800155	0.599714	0.009719	-0.278786	-0.386213	0.879271
24024	4.916508	0.100358	9.023503	-0.002846	-0.007031	0.009031	0.531078	0.700754	0.476340	-0.800095	0.599796	0.009664	-0.278935	-0.386250	0.879208
24025	4.990911	0.127631	8.955901	0.016513	-0.003423	0.005458	0.531030	0.700748	0.476403	-0.800153	0.599716	0.009773	-0.278858	-0.386385	0.879173
24026	5.043099	0.108757	8.977735	0.023224	-0.006506	0.009649	0.531051	0.700661	0.476507	-0.800170	0.599690	0.009973	-0.278769	-0.386583	0.879114
24027	4.975189	0.069807	8.992266	0.025265	-0.003952	0.005594	0.531001	0.700653	0.476574	-0.800254	0.599575	0.010158	-0.278625	-0.386775	0.879075
24028	4.959386	0.175933	8.963175	0.024978	0.000304	0.001659	0.531061	0.700574	0.476624	-0.800266	0.599554	0.010403	-0.278474	-0.386951	0.879045
24029	4.958109	0.168469	9.010979	0.027163	0.000727	-0.000429	0.531072	0.700548	0.476650	-0.800323	0.599474	0.010634	-0.278290	-0.387121	0.879029
24030	4.914859	0.143840	8.979481	0.021644	0.001856	-0.001525	0.531150	0.700449	0.476708	-0.800294	0.599511	0.010801	-0.278226	-0.387243	0.878996
24031	4.933303	0.163618	9.033453	0.018598	-0.000844	-0.000771	0.531159	0.700416	0.476747	-0.800325	0.599466	0.010958	-0.278118	-0.387373	0.878972
24032	4.943240	0.127766	8.976160	0.015364	-0.001450	0.000187	0.531234	0.700303	0.476829	-0.800274	0.599533	0.011069	-0.278123	-0.387474	0.878926
24033	4.881863	0.186490	9.011111	0.007892	-0.002803	-0.001198	0.531241	0.700259	0.476886	-0.800273	0.599533	0.011134	-0.278112	-0.387554	0.878895
24034	4.915830	0.149035	8.978865	0.008743	-0.013344	0.002125	0.531236	0.700143	0.477062	-0.800256	0.599554	0.011217	-0.278171	-0.387731	0.878798
24035	4.651868	0.094809	9.009954	0.002969	-0.020736	-0.003089	0.531208	0.700018	0.477276	-0.800231	0.599586	0.011248	-0.278295	-0.387906	0.878681
24036	4.790584	0.113893	9.165491	-0.001366	-0.034371	0.000904	0.531180	0.699798	0.477630	-0.800162	0.599679	0.011255	-0.278549	-0.388160	0.878489
24037	5.085355	0.244859	8.898420	-0.001477	-0.045034	-0.001249	0.531070	0.699589	0.478058	-0.800134	0.599716	0.011238	-0.278837	-0.388479	0.878256
24038	4.938694	0.229071	8.964323	-0.002458	-0.034597	0.001946	0.530908	0.699452	0.478439	-0.800161	0.599680	0.011212	-0.279068	-0.388781	0.878049
24039	5.026325	0.165751	8.976611	0.003292	-0.037800	0.000657	0.530803	0.699283	0.478803	-0.800157	0.599685	0.011228	-0.279280	-0.389078	0.877851
24040	5.094801	0.240130	8.916604	0.006295	-0.035140	0.002072	0.530733	0.699084	0.479171	-0.800137	0.599711	0.011291	-0.279471	-0.389394	0.877649
24041	5.033321	0.176697	8.925458	0.016064	-0.022704	0.003510	0.530647	0.698990	0.479402	-0.800184	0.599647	0.011405	-0.279500	-0.389662	0.877521
24042	5.078454	0.204994	8.955732	0.018059	-0.020186	0.001624	0.530794	0.698743	0.479600	-0.800073	0.599790	0.011625	-0.279536	-0.389885	0.877410
24043	4.983231	0.185732	8.973254	0.028204	-0.011942	0.002648	0.530745	0.698686	0.479737	-0.800149	0.599684	0.011850	-0.279411	-0.390151	0.877332
24044	4.989033	0.169423	8.944067	0.030117	-0.009492	0.005107	0.530693	0.698614	0.479900	-0.800219	0.599587	0.012066	-0.279312	-0.390428	0.877240
24045	4.974179	0.120443	8.932969	0.025314	-0.003951	0.003382	0.530660	0.698592	0.479967	-0.800291	0.599487	0.012262	-0.279168	-0.390620	0.877201
24046	4.978294	0.094069	8.951991	0.022163	-0.004490	-0.000000	0.530755	0.698465	0.480048	-0.800264	0.599517	0.012503	-0.279064	-0.390802	0.877153
24047	4.937041	0.181133	8.992914	0.016748	-0.005516	0.003055	0.530721	0.698435	0.480129	-0.800310	0.599453	0.012626	-0.278997	-0.390953	0.877107
24048	4.951405	0.121267	8.930830	0.013369	-0.003988	0.002050	0.530735	0.698359	0.480224	-0.800312	0.599448	0.012752	-0.278964	-0.391097	0.877053
24049	4.920575	0.272851	9.034754	0.010885	-0.012981	0.002201	0.530687	0.698295	0.480371	-0.800337	0.599413	0.012827	-0.278983	-0.391266	0.876972
24050	4.959475	0.216330	8.973773	0.003859	-0.007888	0.004741	0.530640	0.698234	0.480511	-0.800345	0.599402	0.012845	-0.279050	-0.391391	0.876895
24051	4.986922	0.342118	8.999347	-0.000585	-0.008795	0.013271	0.530515	0.698252	0.480622	-0.800397	0.599334	0.012766	-0.279139	-0.391461	0.876835
24052	4.978517	0.125743	8.930478	-0.003060	-0.004957	0.011423	0.530508	0.698183	0.480732	-0.800343	0.599409	0.012671	-0.279308	-0.391472	0.876776
24053	5.035392	0.085874	8.923756	-0.003433	-0.000761	0.011830	0.530417	0.698224	0.480772	-0.800379	0.599362	0.012575	-0.279377	-0.391470	0.876756
24054	5.054593	0.107877	8.953723	-0.002529	0.001547	0.010987	0.530330	0.698241	0.480842	-0.800404	0.599331	0.012480	-0.279469	-0.391486	0.876719
24055	4.959242	0.100362	8.900595	-0.005003	0.005387	0.009141	0.530278	0.698290	0.480828	-0.800422	0.599310	0.012383	-0.279518	-0.391431	0.876728
24056	4.815955	0.182558	8.988951	-0.005495	-0.001087	0.007403	0.530256	0.698254	0.480905	-0.800393	0.599349	0.012301	-0.279641	-0.391436	0.876686
24057	4.161346	-0.026728	8.931545	-0.007542	-0.027046	0.004797	0.530148	0.698150	0.481175	-0.800381	0.599368	0.012202	-0.279882	-0.391592	0.876540
24058	4.484710	0.140654	9.393085	-0.000796	-0.102587	-0.004716	0.529991	0.697613	0.482127	-0.800263	0.599524	0.012231	-0.280514	-0.392311	0.876016
24059	4.879878	0.170414	9.077744	0.002104	-0.136316	-0.003648	0.529643	0.697028	0.483352	-0.800233	0.599564	0.012257	-0.281257	-0.393286	0.875340
24060	5.190011	0.341872	8.986845	-0.007664	-0.136009	-0.007072	0.529258	0.696444	0.484615	-0.800207	0.599599	0.012233	-0.282055	-0.394267	0.874642
24061	5.203369	0.032017	9.016821	0.014088	-0.136437	-0.004558	0.528915	0.695851	0.485840	-0.800205	0.599599	0.012369	-0.282702	-0.395314	0.873960
24062	5.248736	0.165267	8.887532	0.018783	-0.127050	-0.008997	0.528577	0.695281	0.487022	-0.800236	0.599553	0.012583	-0.283247	-0.396384	0.873299
24063	5.151650	-0.093283	8.951460	0.022323	-0.117925	-0.008042	0.528313	0.694738	0.488083	-0.800240	0.599544	0.012808	-0.283729	-0.397350	0.872703
24064	5.295476	0.024432	8.870447	0.036197	-0.126095	-0.015167	0.528081	0.694089	0.489256	-0.800233	0.599544	0.013186	-0.284178	-0.398482	0.872041
24065	5.286249	0.166133	8.791664	0.048334	-0.115371	-0.016107	0.527888	0.693504	0.490292	-0.800268	0.599486	0.013677	-0.284438	-0.399585	0.871451
24066	5.278936	0.275344	8.756909	0.052743	-0.091037	-0.015826	0.527804	0.692962	0.491149	-0.800271	0.599470	0.014203	-0.284587	-0.400549	0.870960
24067	5.330400	0.331885	8.663822	0.060821	-0.059623	-0.010448	0.527724	0.692632	0.491699	-0.800371	0.599322	0.014775	-0.284453	-0.401339	0.870640
24068	5.212020	0.283576	8.823666	0.055518	-0.024158	-0.007045	0.527712	0.692441	0.491981	-0.800471	0.599176	0.015294	-0.284193	-0.401888	0.870472
24069	5.185356	0.312496	8.802335	0.043135	-0.007119	-0.005548	0.527742	0.692351	0.492075	-0.800547	0.599064	0.015688	-0.283923	-0.402208	0.870412
24070	5.177494	0.208113	8.830691	0.032707	0.012430	-0.003783	0.527853	0.692299	0.492029	-0.800569	0.599027	0.016010	-0.283655	-0.402354	0.870432
24071	5.098763	0.207926	8.904846	0.025165	0.023925	-0.002766	0.527949	0.692351	0.491853	-0.800608	0.598968	0.016234	-0.283365	-0.402352	0.870527
24072	5.000613	0.198117	8.877855	0.014084	0.026200	-0.002698	0.528161	0.692320	0.491670	-0.800534	0.599063	0.016408	-0.283181	-0.402265	0.870627
24073	4.892253	0.197318	9.051458	0.017129	0.016004	-0.001471	0.528224	0.692348	0.491563	-0.800557	0.599027	0.016556	-0.282997	-0.402269	0.870685
24074	5.019524	0.336515	8.981083	0.009121	0.008118	-0.002349	0.528357	0.692263	0.491539	-0.800490	0.599114	0.016683	-0.282939	-0.402287	0.870696
24075	5.088869	0.236533	8.912567	0.000814	0.002237	0.005670	0.528325	0.692278	0.491553	-0.800505	0.599095	0.016654	-0.282958	-0.402289	0.870689
24076	5.040288	0.223688	8.934492	0.005154	0.003067	0.001458	0.528383	0.692201	0.491598	-0.800448	0.599170	0.016676	-0.283008	-0.402310	0.870662
24077	5.055218	0.265526	8.992735	-0.003255	-0.000622	0.003159	0.528363	0.692189	0.491637	-0.800438	0.599185	0.016623	-0.283075	-0.402308	0.870642
24078	5.097714	0.198253	8.855564	-0.004182	-0.002967	0.006182	0.528445	0.692073	0.491712	-0.800330	0.599331	0.016573	-0.283229	-0.402290	0.870600
24079	4.976612	0.153615	8.969696	-0.002696	-0.006954	0.002552	0.528411	0.692032	0.491806	-0.800318	0.599348	0.016528	-0.283325	-0.402335	0.870548
24080	5.069510	0.188446	9.001875	-0.004807	-0.020214	0.002323	0.528432	0.691847	0.492044	-0.800215	0.599487	0.016475	-0.283576	-0.402447	0.870414
24081	5.149354	0.204867	8.855690	-0.005705	-0.022534	0.003173	0.528350	0.691747	0.492273	-0.800198	0.599512	0.016401	-0.283778	-0.402582	0.870286
24082	5.082251	0.153987	8.918851	-0.010864	-0.012703	-0.000296	0.528330	0.691637	0.492449	-0.800138	0.599593	0.016319	-0.283982	-0.402649	0.870188
24083	5.099707	0.209031	8.904280	-0.012076	-0.023649	-0.001377	0.528280	0.691505	0.492687	-0.800079	0.599675	0.016212	-0.284242	-0.402753	0.870056
24084	5.044889	0.241925	8.934255	-0.018900	-0.020622	0.001001	0.528120	0.691429	0.492965	-0.800068	0.599697	0.015992	-0.284572	-0.402851	0.869902
24085	5.075085	0.220741	8.929643	-0.016599	-0.022377	0.003037	0.528038	0.691329	0.493193	-0.800019	0.599767	0.015824	-0.284861	-0.402919	0.869776
24086	5.178323	0.230938	8.832371	-0.014644	-0.019880	0.003306	0.528027	0.691175	0.493421	-0.799923	0.599897	0.015700	-0.285151	-0.402989	0.869649
24087	5.188077	0.177757	8.846188	-0.010705	-0.014853	0.001673	0.527978	0.691097	0.493584	-0.799883	0.599953	0.015590	-0.285353	-0.403040	0.869559
24088	5.185052	0.204800	8.826333	-0.013643	-0.006852	0.006768	0.527935	0.691043	0.493705	-0.799842	0.600012	0.015456	-0.285548	-0.403046	0.869492
24089	5.161331	0.204221	8.801317	-0.008093	0.004932	0.003640	0.527927	0.691056	0.493695	-0.799820	0.600043	0.015359	-0.285624	-0.402976	0.869499
24090	5.063651	0.163249	8.917103	-0.005792	0.003180	0.005675	0.527857	0.691063	0.493760	-0.799822	0.600044	0.015239	-0.285747	-0.402964	0.869465
24091	5.079624	0.228314	8.855779	0.000660	0.004375	0.003701	0.527847	0.691074	0.493756	-0.799826	0.600040	0.015218	-0.285756	-0.402951	0.869468
24092	4.934172	0.179977	8.969261	0.003518	-0.003712	0.005125	0.527944	0.690952	0.493823	-0.799743	0.600148	0.015281	-0.285808	-0.402999	0.869428
24093	5.046882	0.252735	8.959414	0.008570	-0.011354	0.002268	0.527900	0.690891	0.493954	-0.799762	0.600122	0.015335	-0.285838	-0.403141	0.869353
24094	5.161537	0.184627	8.896467	0.004445	-0.014274	0.004105	0.527888	0.690767	0.494140	-0.799727	0.600168	0.015360	-0.285957	-0.403286	0.869246
24095	5.118419	0.148324	8.913132	0.004973	-0.007729	0.003663	0.527843	0.690730	0.494241	-0.799742	0.600147	0.015376	-0.285996	-0.403382	0.869189
24096	5.151993	0.110302	8.880438	0.005370	-0.011926	0.001082	0.527760	0.690666	0.494419	-0.799777	0.600099	0.015416	-0.286052	-0.403561	0.869087
24097	5.172689	0.143360	8.861773	0.009996	-0.002491	0.000975	0.527751	0.690634	0.494473	-0.799793	0.600076	0.015490	-0.286024	-0.403651	0.869055
24098	5.164979	0.200590	8.822970	0.003571	-0.003657	0.000778	0.527823	0.690517	0.494560	-0.799721	0.600171	0.015535	-0.286093	-0.403710	0.869005
24099	5.205022	0.260916	8.810248	0.001084	0.000209	-0.001054	0.527839	0.690483	0.494591	-0.799701	0.600198	0.015541	-0.286121	-0.403728	0.868987
24100	5.107969	0.239707	8.830455	-0.003439	0.014399	0.001360	0.527869	0.690499	0.494535	-0.799679	0.600227	0.015508	-0.286125	-0.403655	0.869019
24101	5.073761	0.273016	8.887331	-0.000265	0.014937	0.004719	0.527881	0.690559	0.494439	-0.799685	0.600220	0.015474	-0.286087	-0.403564	0.869075
24102	5.072686	0.277418	8.864138	-0.001349	0.014728	0.005772	0.527901	0.690581	0.494387	-0.799662	0.600252	0.015412	-0.286113	-0.403479	0.869105
24103	5.050468	0.225749	8.978916	0.002036	0.013182	0.006754	0.527891	0.690646	0.494306	-0.799686	0.600222	0.015388	-0.286066	-0.403413	0.869152
24104	5.126896	0.233091	8.882118	0.000423	0.006429	0.008250	0.527849	0.690670	0.494317	-0.799709	0.600191	0.015359	-0.286077	-0.403418	0.869146
24105	5.114321	0.152996	8.891673	-0.002433	0.014516	0.006825	0.527843	0.690741	0.494225	-0.799720	0.600178	0.015295	-0.286058	-0.403316	0.869199
24106	5.113342	0.152321	8.892248	-0.004046	0.007763	0.008320	0.527907	0.690700	0.494214	-0.799647	0.600277	0.015231	-0.286145	-0.403238	0.869207
24107	5.092725	0.123901	8.887024	-0.004205	0.009903	0.006351	0.527891	0.690749	0.494162	-0.799650	0.600275	0.015155	-0.286165	-0.403157	0.869238
24108	5.078824	0.189139	8.925471	-0.006716	0.013737	0.006691	0.527867	0.690802	0.494114	-0.799656	0.600270	0.015065	-0.286195	-0.403073	0.869267
24109	5.129932	0.168124	8.947456	-0.005077	0.007611	0.005027	0.527855	0.690834	0.494082	-0.799649	0.600280	0.014987	-0.286234	-0.403003	0.869286
24110	5.077205	0.187626	8.926424	-0.004020	0.007789	0.006147	0.527874	0.690825	0.494075	-0.799618	0.600323	0.014936	-0.286286	-0.402956	0.869291
24111	5.076768	0.191719	8.902884	-0.002963	0.007968	0.007267	0.527846	0.690871	0.494040	-0.799630	0.600310	0.014866	-0.286307	-0.402896	0.869312
24112	5.071277	0.205105	8.955870	-0.004232	0.009870	0.008523	0.527914	0.690838	0.494014	-0.799553	0.600414	0.014790	-0.286395	-0.402798	0.869328
24113	5.180513	0.168857	8.850795	-0.003651	0.003566	0.005739	0.527885	0.690858	0.494017	-0.799554	0.600414	0.014722	-0.286444	-0.402764	0.869328
24114	5.135767	0.131713	8.868327	-0.004204	0.009898	0.006350	0.527962	0.690822	0.493985	-0.799480	0.600513	0.014672	-0.286508	-0.402677	0.869347
24115	5.110194	0.113065	8.939528	0.002618	0.006869	0.003972	0.527957	0.690844	0.493959	-0.799490	0.600500	0.014667	-0.286490	-0.402659	0.869362
24116	5.122090	0.207584	8.859053	0.015683	0.007112	0.002001	0.527889	0.690881	0.493980	-0.799578	0.600381	0.014771	-0.286371	-0.402773	0.869348
24117	5.153680	0.165853	8.851330	0.020627	0.012254	0.005836	0.527885	0.690937	0.493907	-0.799649	0.600282	0.014913	-0.286180	-0.402825	0.869387
24118	5.152212	0.167475	8.852154	0.022060	0.021110	0.004543	0.527861	0.691020	0.493816	-0.799734	0.600166	0.015030	-0.285986	-0.402855	0.869437
24119	5.194603	0.214652	8.788426	0.011328	0.032042	0.004368	0.527925	0.691146	0.493571	-0.799771	0.600115	0.015098	-0.285765	-0.402715	0.869574
24120	5.122613	0.165443	8.854254	0.010619	0.040505	0.003005	0.528095	0.691226	0.493278	-0.799736	0.600159	0.015187	-0.285548	-0.402512	0.869739
24121	5.042532	0.177493	8.857713	0.005995	0.043972	0.001099	0.528219	0.691380	0.492929	-0.799741	0.600152	0.015225	-0.285306	-0.402257	0.869937
24122	5.053854	0.224687	8.894257	0.010094	0.046843	0.001437	0.528467	0.691445	0.492570	-0.799663	0.600254	0.015333	-0.285065	-0.401993	0.870138
24123	4.992280	0.250726	8.975378	0.016705	0.045881	0.001441	0.528594	0.691609	0.492205	-0.799699	0.600202	0.015463	-0.284728	-0.401789	0.870342
24124	5.037610	0.109677	8.974864	0.013313	0.034529	0.002463	0.528698	0.691703	0.491962	-0.799721	0.600170	0.015593	-0.284475	-0.401676	0.870477
24125	5.138764	0.239585	8.928883	0.011888	0.038560	0.001744	0.528801	0.691838	0.491660	-0.799745	0.600135	0.015680	-0.284215	-0.401494	0.870646
24126	5.104342	0.142461	8.886285	0.007388	0.039861	0.003976	0.528861	0.691990	0.491382	-0.799787	0.600078	0.015727	-0.283984	-0.401318	0.870802
24127	5.136610	0.226740	8.880427	0.010617	0.040444	0.002994	0.528959	0.692141	0.491064	-0.799814	0.600040	0.015797	-0.283724	-0.401115	0.870980
24128	5.060663	0.215569	8.879105	0.014564	0.045446	0.001363	0.529053	0.692298	0.490740	-0.799862	0.599972	0.015914	-0.283414	-0.400944	0.871161
24129	5.051820	0.231207	8.933758	0.019217	0.041992	0.001103	0.529170	0.692444	0.490408	-0.799904	0.599913	0.016067	-0.283077	-0.400782	0.871345
24130	5.052319	0.209013	8.931254	0.014900	0.041185	0.003130	0.529394	0.692488	0.490105	-0.799835	0.600001	0.016190	-0.282852	-0.400574	0.871513
24131	4.932252	0.156753	8.970454	0.011354	0.031987	0.002184	0.529474	0.692600	0.489860	-0.799860	0.599966	0.016269	-0.282631	-0.400434	0.871649
24132	4.948611	0.171139	9.049307	0.008178	0.018583	0.000839	0.529605	0.692580	0.489746	-0.799812	0.600027	0.016370	-0.282523	-0.400375	0.871711
24133	4.916160	0.229041	8.985992	0.009034	0.008000	0.004186	0.529601	0.692608	0.489711	-0.799841	0.599987	0.016420	-0.282448	-0.400387	0.871730
24134	4.830726	0.119299	9.087213	0.010729	-0.010920	0.000216	0.529535	0.692536	0.489884	-0.799872	0.599945	0.016488	-0.282485	-0.400576	0.871631
24135	5.033802	0.274495	8.995598	0.007335	-0.022243	0.001246	0.529470	0.692424	0.490112	-0.799880	0.599932	0.016537	-0.282583	-0.400787	0.871502
24136	5.069212	0.245754	8.914825	0.002497	-0.016695	0.001699	0.529304	0.692379	0.490356	-0.799938	0.599857	0.016482	-0.282731	-0.400978	0.871367
24137	5.078987	0.193571	8.928688	-0.005735	-0.022469	0.003184	0.529223	0.692278	0.490586	-0.799919	0.599883	0.016408	-0.282935	-0.401113	0.871238
24138	5.186997	0.180970	8.827433	0.000539	-0.019188	0.001426	0.529294	0.692075	0.490796	-0.799811	0.600026	0.016447	-0.283108	-0.401250	0.871119
24139	5.114592	0.149713	8.918982	-0.004700	-0.009453	0.004454	0.529239	0.692034	0.490913	-0.799803	0.600040	0.016376	-0.283235	-0.401300	0.871055
24140	5.112427	0.187139	8.851160	0.000922	-0.010531	-0.000999	0.529291	0.691887	0.491063	-0.799721	0.600147	0.016394	-0.283367	-0.401391	0.870970
24141	5.157171	0.223542	8.833836	-0.001087	-0.000206	0.001051	0.529289	0.691863	0.491099	-0.799705	0.600170	0.016371	-0.283416	-0.401400	0.870950
24142	5.080136	0.229897	8.859010	-0.007163	0.007275	0.000584	0.529241	0.691892	0.491110	-0.799720	0.600152	0.016297	-0.283465	-0.401375	0.870945
24143	5.078813	0.219880	8.907258	-0.005924	0.005346	0.001507	0.529252	0.691893	0.491097	-0.799692	0.600191	0.016229	-0.283523	-0.401316	0.870954
24144	5.078191	0.219005	8.907634	-0.010610	0.008762	0.003936	0.529273	0.691891	0.491076	-0.799651	0.600248	0.016143	-0.283598	-0.401234	0.870967
24145	5.020839	0.256931	8.914906	-0.012903	0.010512	0.001891	0.529296	0.691915	0.491019	-0.799605	0.600312	0.016013	-0.283685	-0.401097	0.871002
24146	5.010165	0.284418	9.020279	-0.003849	0.005671	0.005924	0.529369	0.691862	0.491016	-0.799534	0.600408	0.015985	-0.283751	-0.401045	0.871004
24147	5.099790	0.215572	8.934016	-0.003849	0.005671	0.005924	0.529345	0.691890	0.491001	-0.799535	0.600408	0.015913	-0.283791	-0.400996	0.871014
24148	5.136667	0.157298	8.873940	-0.007296	0.007158	0.009275	0.529314	0.691903	0.491016	-0.799511	0.600444	0.015771	-0.283916	-0.400920	0.871008
24149	5.054989	0.186772	8.903899	-0.004217	0.009881	0.006324	0.529300	0.691951	0.490964	-0.799514	0.600443	0.015694	-0.283936	-0.400840	0.871038
24150	5.107133	0.179853	8.854366	-0.006543	0.011602	0.006452	0.529332	0.691953	0.490927	-0.799468	0.600506	0.015606	-0.284006	-0.400741	0.871061
24151	5.028959	0.181113	8.903862	-0.004401	0.011985	0.006524	0.529321	0.692010	0.490858	-0.799471	0.600505	0.015527	-0.284017	-0.400645	0.871101
24152	5.051821	0.179786	8.929468	-0.002795	0.005845	0.007046	0.529298	0.692025	0.490862	-0.799480	0.600493	0.015497	-0.284035	-0.400637	0.871100
24153	5.019200	0.227117	8.913797	-0.006074	0.007477	-0.000467	0.529331	0.692022	0.490831	-0.799441	0.600546	0.015438	-0.284083	-0.400562	0.871118
24154	4.895600	0.168798	9.099486	-0.002896	-0.004829	0.002749	0.529471	0.691859	0.490909	-0.799302	0.600731	0.015454	-0.284212	-0.400567	0.871074
24155	5.091934	0.233671	8.940808	-0.003751	-0.019951	0.001274	0.529412	0.691756	0.491117	-0.799279	0.600763	0.015407	-0.284387	-0.400696	0.870957
24156	5.050880	0.215348	8.861067	-0.010579	-0.016922	0.003629	0.529353	0.691654	0.491324	-0.799240	0.600816	0.015312	-0.284605	-0.400792	0.870842
24157	5.099505	0.208096	8.934356	-0.012353	-0.021519	0.003155	0.529275	0.691557	0.491546	-0.799203	0.600870	0.015181	-0.284857	-0.400880	0.870719
24158	5.162173	0.148933	8.898141	-0.008620	-0.014436	0.003901	0.529232	0.691458	0.491731	-0.799160	0.600929	0.015096	-0.285057	-0.400961	0.870616
24159	5.207982	0.190052	8.856533	0.011779	-0.010747	0.001328	0.529198	0.691393	0.491859	-0.799181	0.600899	0.015184	-0.285059	-0.401120	0.870542
