// General information: 
//  MT Manager version: 2022.2.0 
//  XDA version: 2022.2.0 build 7381 rev 124627 built on 2023-07-19
// Device information: 
//  DeviceId: 00B4CBA7
//  ProductCode: MTW2-3A7G6
//  Firmware Version: 4.6.0
//  Hardware Version: 2.0.0
// Device settings: 
//  Filter Profile: human(46.1)
//  Option Flags: Orientation Smoother Disabled, Position/Velocity Smoother Disabled, Continuous Zero Rotation Update Disabled, AHS Disabled, ICC Disabled
// Coordinate system: ENU
PacketCounter	Acc_X	Acc_Y	Acc_Z	Gyr_X	Gyr_Y	Gyr_Z	Mat[1][1]	Mat[2][1]	Mat[3][1]	Mat[1][2]	Mat[2][2]	Mat[3][2]	Mat[1][3]	Mat[2][3]	Mat[3][3]
57742	9.193231	0.437722	-3.206345	0.012883	0.009279	0.018117	0.324047	0.066802	0.943679	0.070419	-0.996440	0.046356	0.943416	0.051432	-0.327598
57743	9.217323	0.513287	-3.229247	0.012882	0.009280	0.018118	0.323955	0.066654	0.943722	0.070471	-0.996444	0.046186	0.943444	0.051543	-0.327500
57744	9.233968	0.469863	-3.196537	0.010004	0.011822	0.019722	0.323863	0.066510	0.943763	0.070543	-0.996447	0.046015	0.943470	0.051673	-0.327404
57745	9.234594	0.480569	-3.253970	0.009541	0.010391	0.019234	0.323761	0.066349	0.943810	0.070559	-0.996454	0.045846	0.943504	0.051751	-0.327295
57746	9.235760	0.442525	-3.169416	0.009108	0.004016	0.017503	0.323687	0.066211	0.943845	0.070641	-0.996455	0.045676	0.943523	0.051889	-0.327217
57747	9.281615	0.399188	-3.208630	0.009107	0.004017	0.017504	0.323645	0.066071	0.943869	0.070659	-0.996461	0.045525	0.943537	0.051959	-0.327168
57748	9.269995	0.358312	-3.196217	0.018098	0.008956	0.017726	0.323566	0.065945	0.943905	0.070811	-0.996459	0.045343	0.943552	0.052168	-0.327090
57749	9.226092	0.399993	-3.247310	0.023866	0.007568	0.013715	0.323487	0.065841	0.943939	0.070981	-0.996454	0.045179	0.943566	0.052387	-0.327014
57750	9.240225	0.390597	-3.207752	0.013500	0.002029	0.011217	0.323475	0.065785	0.943947	0.071147	-0.996447	0.045063	0.943558	0.052583	-0.327006
57751	9.223814	0.404837	-3.122480	0.028260	0.005577	0.007428	0.323410	0.065745	0.943972	0.071379	-0.996436	0.044944	0.943563	0.052845	-0.326950
57752	9.192702	0.462637	-3.160349	0.029212	0.003498	0.007167	0.323343	0.065713	0.943997	0.071638	-0.996423	0.044825	0.943566	0.053132	-0.326894
57753	9.204948	0.512759	-3.230575	0.017850	0.001288	0.006983	0.323319	0.065679	0.944008	0.071773	-0.996417	0.044744	0.943564	0.053288	-0.326874
57754	9.253784	0.413178	-3.252028	0.013570	-0.004160	0.007929	0.323370	0.065665	0.943992	0.071901	-0.996411	0.044681	0.943537	0.053425	-0.326930
57755	9.254676	0.389035	-3.226895	0.011287	-0.003931	0.003862	0.323392	0.065665	0.943984	0.071984	-0.996406	0.044651	0.943523	0.053512	-0.326957
57756	9.238265	0.416559	-3.200648	0.024020	-0.001117	0.006327	0.323389	0.065653	0.943986	0.072198	-0.996394	0.044564	0.943508	0.053743	-0.326963
57757	9.262075	0.492910	-3.224810	0.022184	-0.003151	0.003562	0.323404	0.065655	0.943980	0.072385	-0.996383	0.044501	0.943488	0.053938	-0.326987
57758	9.190526	0.502015	-3.213038	0.024466	-0.003378	0.007631	0.323486	0.065660	0.943952	0.072610	-0.996371	0.044423	0.943443	0.054170	-0.327080
57759	9.231636	0.526497	-3.238365	0.015490	-0.004621	0.006597	0.323517	0.065634	0.943943	0.072724	-0.996365	0.044354	0.943423	0.054298	-0.327115
57760	9.267373	0.411555	-3.273675	0.006514	-0.005863	0.005563	0.323556	0.065634	0.943930	0.072807	-0.996361	0.044323	0.943404	0.054384	-0.327157
57761	9.224843	0.395347	-3.216406	0.015952	-0.003187	0.007086	0.323574	0.065601	0.943926	0.072924	-0.996355	0.044247	0.943389	0.054518	-0.327178
57762	9.221366	0.438537	-3.176613	0.013163	-0.003143	0.004581	0.323617	0.065615	0.943910	0.073115	-0.996344	0.044192	0.943359	0.054713	-0.327231
57763	9.209356	0.398843	-3.164969	0.010735	-0.002859	0.007481	0.323632	0.065578	0.943908	0.073182	-0.996342	0.044130	0.943349	0.054795	-0.327247
57764	9.183151	0.354169	-3.134222	0.014158	-0.006474	0.002271	0.323635	0.065589	0.943906	0.073284	-0.996335	0.044106	0.943340	0.054899	-0.327256
57765	9.223039	0.402274	-3.185735	0.025064	-0.014336	0.001551	0.323754	0.065618	0.943863	0.073504	-0.996321	0.044052	0.943282	0.055116	-0.327387
57766	9.273392	0.487064	-3.158200	0.009877	-0.011919	0.003223	0.323861	0.065644	0.943825	0.073578	-0.996316	0.044047	0.943239	0.055180	-0.327498
57767	9.248222	0.444819	-3.219712	0.005638	-0.018617	0.002125	0.324021	0.065669	0.943768	0.073614	-0.996313	0.044052	0.943182	0.055200	-0.327661
57768	9.233714	0.451848	-3.260575	0.017503	-0.016225	0.000746	0.324147	0.065717	0.943721	0.073833	-0.996299	0.044019	0.943121	0.055410	-0.327799
57769	9.261521	0.461338	-3.300421	0.012261	-0.010951	0.002375	0.324234	0.065736	0.943690	0.073931	-0.996292	0.043999	0.943083	0.055502	-0.327892
57770	9.202780	0.499233	-3.334257	0.014123	-0.013859	0.003907	0.324306	0.065738	0.943665	0.074015	-0.996287	0.043968	0.943052	0.055586	-0.327968
57771	9.223929	0.597049	-3.293811	-0.002073	-0.011805	0.008709	0.324406	0.065695	0.943634	0.073956	-0.996293	0.043936	0.943022	0.055535	-0.328062
57772	9.261625	0.448681	-3.336533	-0.014409	-0.006989	0.010020	0.324510	0.065665	0.943600	0.073863	-0.996300	0.043931	0.942994	0.055442	-0.328160
57773	9.290550	0.422516	-3.291563	-0.003008	-0.006031	0.008150	0.324555	0.065624	0.943587	0.073798	-0.996306	0.043907	0.942983	0.055385	-0.328200
57774	9.234340	0.426734	-3.331608	-0.005904	0.001461	0.010979	0.324529	0.065562	0.943601	0.073668	-0.996317	0.043888	0.943002	0.055271	-0.328164
57775	9.247402	0.441714	-3.317818	-0.010110	0.002151	0.008248	0.324498	0.065515	0.943615	0.073536	-0.996326	0.043887	0.943024	0.055148	-0.328124
57776	9.246249	0.439168	-3.226147	-0.003461	0.004869	0.007261	0.324412	0.065484	0.943647	0.073492	-0.996330	0.043874	0.943057	0.055117	-0.328034
57777	9.222870	0.386134	-3.318482	0.002178	0.007224	0.009402	0.324333	0.065423	0.943678	0.073471	-0.996334	0.043822	0.943085	0.055120	-0.327951
57778	9.219782	0.429779	-3.277802	-0.006250	0.004913	0.004757	0.324277	0.065424	0.943697	0.073369	-0.996340	0.043862	0.943113	0.055014	-0.327890
57779	9.207094	0.413634	-3.290697	-0.000189	0.009952	0.009435	0.324172	0.065361	0.943737	0.073326	-0.996345	0.043817	0.943152	0.054996	-0.327780
57780	9.178190	0.426002	-3.276915	-0.003443	0.008563	0.006445	0.324063	0.065339	0.943776	0.073232	-0.996351	0.043833	0.943197	0.054910	-0.327665
57781	9.232061	0.429375	-3.112279	-0.008998	0.003706	0.000202	0.324011	0.065372	0.943792	0.073136	-0.996355	0.043904	0.943222	0.054799	-0.327611
57782	9.205238	0.421183	-3.164827	0.006548	0.001525	0.003932	0.324020	0.065398	0.943787	0.073210	-0.996350	0.043906	0.943213	0.054869	-0.327625
57783	9.242237	0.513943	-3.175016	-0.000487	0.003513	0.000747	0.323970	0.065425	0.943802	0.073193	-0.996349	0.043944	0.943232	0.054843	-0.327576
57784	9.235457	0.371988	-3.093256	-0.003843	0.000934	0.002674	0.323890	0.065433	0.943829	0.073098	-0.996354	0.043989	0.943267	0.054745	-0.327492
57785	9.210669	0.330165	-3.153407	0.008089	-0.002878	-0.001993	0.323898	0.065491	0.943823	0.073170	-0.996347	0.044025	0.943258	0.054800	-0.327507
57786	9.206626	0.422767	-3.256067	0.007179	-0.002049	-0.003783	0.323910	0.065583	0.943812	0.073276	-0.996337	0.044085	0.943246	0.054880	-0.327529
57787	9.217074	0.459686	-3.177258	-0.002785	-0.008595	-0.002921	0.323971	0.065653	0.943786	0.073249	-0.996335	0.044165	0.943227	0.054823	-0.327593
57788	9.224408	0.348601	-3.232653	-0.005574	-0.008551	-0.005425	0.324026	0.065762	0.943760	0.073213	-0.996332	0.044289	0.943211	0.054745	-0.327653
57789	9.210171	0.356990	-3.272547	0.002129	-0.006725	-0.011590	0.324064	0.065918	0.943736	0.073261	-0.996322	0.044435	0.943194	0.054739	-0.327701
57790	9.219741	0.430191	-3.277863	0.009183	-0.005017	-0.009222	0.324068	0.066059	0.943725	0.073411	-0.996307	0.044531	0.943181	0.054849	-0.327721
57791	9.245622	0.474799	-3.309576	-0.000239	-0.003997	-0.011556	0.324080	0.066213	0.943710	0.073436	-0.996298	0.044684	0.943175	0.054821	-0.327742
57792	9.241361	0.555759	-3.353604	0.000201	0.002381	-0.009836	0.324065	0.066370	0.943704	0.073562	-0.996284	0.044807	0.943170	0.054900	-0.327743
57793	9.230637	0.507249	-3.374145	-0.001761	0.004099	-0.006449	0.324004	0.066468	0.943718	0.073556	-0.996279	0.044917	0.943192	0.054862	-0.327688
57794	9.240385	0.567741	-3.319993	-0.005098	0.005213	-0.005339	0.323917	0.066562	0.943741	0.073506	-0.996277	0.045038	0.943226	0.054782	-0.327604
57795	9.244777	0.488373	-3.275385	-0.009892	0.008226	-0.002405	0.323820	0.066618	0.943770	0.073410	-0.996280	0.045137	0.943266	0.054666	-0.327506
57796	9.288287	0.468226	-3.248202	-0.003749	0.010763	-0.001828	0.323726	0.066691	0.943797	0.073463	-0.996273	0.045201	0.943294	0.054701	-0.327419
57797	9.259273	0.468611	-3.175666	-0.002459	0.013869	0.004551	0.323581	0.066675	0.943848	0.073415	-0.996276	0.045210	0.943348	0.054663	-0.327271
57798	9.205714	0.439644	-3.221631	0.000920	0.011505	0.001391	0.323492	0.066721	0.943876	0.073492	-0.996269	0.045237	0.943373	0.054734	-0.327188
57799	9.247304	0.465150	-3.245473	-0.005308	0.011471	0.004914	0.323370	0.066702	0.943919	0.073416	-0.996274	0.045251	0.943420	0.054666	-0.327062
57800	9.243157	0.519686	-3.171400	-0.004803	0.011652	0.003351	0.323237	0.066707	0.943964	0.073383	-0.996276	0.045275	0.943469	0.054636	-0.326928
57801	9.246879	0.475245	-3.210506	-0.010079	0.009539	0.006613	0.323134	0.066672	0.944002	0.073256	-0.996284	0.045289	0.943514	0.054519	-0.326817
57802	9.235435	0.448800	-3.256119	-0.011049	0.007925	0.007690	0.323070	0.066647	0.944025	0.073107	-0.996294	0.045318	0.943547	0.054374	-0.326745
57803	9.239372	0.416550	-3.353761	-0.001653	0.011849	0.011263	0.322950	0.066565	0.944072	0.073045	-0.996301	0.045260	0.943593	0.054343	-0.326617
57804	9.219201	0.511549	-3.311527	0.003117	0.013782	0.009566	0.322849	0.066528	0.944109	0.073133	-0.996298	0.045197	0.943621	0.054454	-0.326519
57805	9.231495	0.536951	-3.263641	-0.015364	0.016068	0.010295	0.322687	0.066454	0.944170	0.072945	-0.996312	0.045193	0.943691	0.054289	-0.326345
57806	9.190798	0.510557	-3.237350	-0.006408	0.013613	0.012147	0.322554	0.066377	0.944221	0.072869	-0.996319	0.045147	0.943742	0.054242	-0.326204
57807	9.272437	0.559083	-3.194168	-0.016360	0.019402	0.012608	0.322363	0.066278	0.944293	0.072664	-0.996335	0.045125	0.943823	0.054069	-0.325997
57808	9.266299	0.429152	-3.169564	-0.024954	0.013460	0.015742	0.322279	0.066188	0.944328	0.072487	-0.996349	0.045095	0.943866	0.053919	-0.325900
57809	9.251731	0.446337	-3.174484	-0.014101	0.015482	0.017497	0.322128	0.066042	0.944390	0.072288	-0.996367	0.045020	0.943932	0.053766	-0.325732
57810	9.266426	0.450262	-3.192323	-0.016952	0.013085	0.017858	0.321996	0.065907	0.944444	0.072157	-0.996381	0.044931	0.943987	0.053681	-0.325586
57811	9.223386	0.457370	-3.159226	-0.028292	0.005941	0.016430	0.321935	0.065778	0.944474	0.071827	-0.996405	0.044911	0.944033	0.053380	-0.325502
57812	9.238386	0.425855	-3.093941	-0.024511	0.002563	0.016624	0.321884	0.065652	0.944500	0.071499	-0.996430	0.044895	0.944076	0.053079	-0.325429
57813	9.210442	0.427325	-3.113797	-0.017035	-0.001695	0.021115	0.321898	0.065480	0.944507	0.071260	-0.996451	0.044795	0.944089	0.052886	-0.325422
57814	9.207372	0.483131	-3.132276	-0.016398	-0.005263	0.013394	0.321939	0.065401	0.944499	0.071067	-0.996466	0.044776	0.944089	0.052707	-0.325449
57815	9.190942	0.510936	-3.106266	-0.032182	-0.009148	0.020308	0.322023	0.065241	0.944481	0.070687	-0.996495	0.044732	0.944089	0.052358	-0.325506
57816	9.257302	0.336922	-3.103927	-0.041540	-0.014305	0.014679	0.322121	0.065143	0.944455	0.070145	-0.996530	0.044811	0.944096	0.051814	-0.325572
57817	9.250514	0.233074	-3.199347	-0.022949	-0.015415	0.009029	0.322255	0.065098	0.944412	0.069889	-0.996546	0.044844	0.944069	0.051553	-0.325692
57818	9.263630	0.274216	-3.303705	-0.012383	-0.011195	0.002509	0.322358	0.065137	0.944374	0.069742	-0.996553	0.044929	0.944045	0.051380	-0.325790
57819	9.259093	0.342116	-3.289855	-0.018403	-0.008827	-0.003802	0.322422	0.065216	0.944347	0.069571	-0.996558	0.045069	0.944036	0.051168	-0.325849
57820	9.224173	0.433682	-3.230037	-0.011812	-0.008565	-0.001919	0.322470	0.065286	0.944326	0.069494	-0.996559	0.045166	0.944025	0.051061	-0.325898
57821	9.235976	0.473360	-3.242475	-0.019755	-0.005729	-0.006889	0.322502	0.065395	0.944307	0.069320	-0.996564	0.045339	0.944027	0.050837	-0.325927
57822	9.221894	0.482139	-3.282032	-0.012698	-0.004036	-0.004517	0.322538	0.065499	0.944287	0.069247	-0.996563	0.045472	0.944020	0.050723	-0.325965
57823	9.300530	0.553090	-3.174680	-0.033574	-0.002688	-0.002922	0.322545	0.065566	0.944281	0.068930	-0.996576	0.045653	0.944041	0.050364	-0.325960
57824	9.250366	0.445761	-3.178541	-0.021214	-0.003828	-0.005057	0.322557	0.065665	0.944270	0.068780	-0.996580	0.045807	0.944048	0.050171	-0.325970
57825	9.236306	0.454655	-3.218016	-0.023603	-0.004791	-0.004207	0.322582	0.065746	0.944255	0.068561	-0.996587	0.045968	0.944055	0.049911	-0.325989
57826	9.252083	0.414349	-3.186784	-0.017899	-0.008640	-0.005362	0.322632	0.065850	0.944231	0.068357	-0.996593	0.046145	0.944053	0.049658	-0.326034
57827	9.221373	0.439132	-3.141602	-0.029205	-0.008378	-0.008404	0.322688	0.065975	0.944203	0.068099	-0.996601	0.046363	0.944052	0.049338	-0.326084
57828	9.230028	0.270358	-3.088695	-0.032885	-0.021070	-0.014381	0.322881	0.066189	0.944122	0.067950	-0.996598	0.046630	0.943997	0.049097	-0.326280
57829	9.256502	0.293229	-3.095952	-0.018622	-0.017731	-0.016613	0.323020	0.066400	0.944060	0.067818	-0.996595	0.046891	0.943959	0.048877	-0.326423
57830	9.229845	0.264495	-3.125234	-0.007107	-0.024221	-0.023847	0.323235	0.066709	0.943965	0.067858	-0.996578	0.047191	0.943883	0.048802	-0.326655
57831	9.194481	0.371119	-3.125182	-0.016370	-0.028163	-0.034385	0.323460	0.067103	0.943860	0.067805	-0.996562	0.047613	0.943809	0.048598	-0.326898
57832	9.193211	0.362015	-3.069603	-0.025840	-0.034512	-0.035087	0.323747	0.067511	0.943732	0.067654	-0.996550	0.048081	0.943722	0.048281	-0.327198
57833	9.188924	0.436235	-3.149234	-0.019995	-0.038392	-0.043212	0.324063	0.067998	0.943589	0.067595	-0.996529	0.048598	0.943617	0.048033	-0.327535
57834	9.216866	0.441165	-3.224042	-0.027508	-0.037814	-0.046861	0.324429	0.068551	0.943423	0.067584	-0.996501	0.049167	0.943493	0.047809	-0.327927
57835	9.225135	0.518931	-3.231787	-0.037972	-0.040841	-0.045231	0.324767	0.069058	0.943270	0.067362	-0.996487	0.049762	0.943392	0.047380	-0.328278
57836	9.230097	0.423953	-3.257928	-0.054938	-0.042923	-0.050375	0.325123	0.069631	0.943105	0.067012	-0.996475	0.050470	0.943294	0.046791	-0.328643
57837	9.214371	0.425029	-3.242533	-0.049277	-0.045508	-0.049476	0.325502	0.070182	0.942933	0.066698	-0.996462	0.051142	0.943186	0.046245	-0.329031
57838	9.270068	0.402798	-3.181445	-0.046357	-0.045585	-0.053933	0.325877	0.070786	0.942758	0.066401	-0.996444	0.051864	0.943077	0.045699	-0.329419
57839	9.248679	0.507720	-3.234884	-0.034917	-0.045853	-0.057875	0.326254	0.071421	0.942580	0.066251	-0.996417	0.052568	0.942958	0.045296	-0.329817
57840	9.245738	0.537640	-3.264302	-0.040147	-0.045518	-0.057445	0.326638	0.072061	0.942398	0.066031	-0.996393	0.053303	0.942840	0.044817	-0.330219
57841	9.228663	0.562574	-3.274533	-0.051992	-0.049148	-0.058064	0.327047	0.072698	0.942208	0.065721	-0.996372	0.054065	0.942720	0.044241	-0.330638
57842	9.243165	0.528283	-3.247327	-0.059108	-0.049594	-0.058335	0.327499	0.073365	0.941999	0.065444	-0.996348	0.054846	0.942582	0.043686	-0.331104
57843	9.238946	0.569092	-3.243993	-0.050094	-0.049579	-0.059376	0.327911	0.074016	0.941805	0.065157	-0.996324	0.055615	0.942459	0.043128	-0.331528
57844	9.221735	0.594308	-3.254342	-0.053908	-0.049894	-0.058718	0.328306	0.074666	0.941616	0.064859	-0.996300	0.056388	0.942342	0.042560	-0.331934
57845	9.248930	0.588774	-3.272084	-0.060113	-0.054879	-0.056401	0.328770	0.075288	0.941404	0.064469	-0.996281	0.057162	0.942207	0.041898	-0.332401
57846	9.218565	0.598600	-3.296515	-0.063429	-0.055001	-0.057301	0.329244	0.075935	0.941187	0.064124	-0.996258	0.057946	0.942065	0.041275	-0.332881
57847	9.295504	0.469386	-3.220853	-0.088961	-0.060610	-0.062057	0.329759	0.076615	0.940951	0.063481	-0.996245	0.058870	0.941929	0.040320	-0.333384
57848	9.258575	0.361148	-3.191421	-0.076538	-0.060445	-0.069143	0.330291	0.077389	0.940701	0.063052	-0.996216	0.059818	0.941771	0.039556	-0.333920
57849	9.266878	0.419185	-3.175407	-0.065539	-0.063325	-0.075654	0.330823	0.078205	0.940447	0.062675	-0.996181	0.060792	0.941609	0.038832	-0.334461
57850	9.246665	0.480458	-3.179379	-0.083940	-0.069701	-0.082156	0.331393	0.079090	0.940172	0.062089	-0.996148	0.061914	0.941448	0.037856	-0.335027
57851	9.191663	0.442385	-3.298844	-0.078174	-0.075947	-0.087433	0.332037	0.080027	0.939865	0.061633	-0.996106	0.063042	0.941251	0.036995	-0.335676
57852	9.264162	0.583539	-3.306621	-0.074761	-0.077004	-0.095489	0.332639	0.081034	0.939566	0.061188	-0.996057	0.064244	0.941067	0.036120	-0.336286
57853	9.259788	0.601387	-3.189212	-0.085172	-0.082516	-0.097869	0.333339	0.082076	0.939228	0.060703	-0.996005	0.065494	0.940851	0.035182	-0.336990
57854	9.271906	0.595383	-3.190735	-0.087980	-0.087348	-0.101552	0.334056	0.083152	0.938878	0.060165	-0.995951	0.066800	0.940631	0.034172	-0.337706
57855	9.251368	0.649215	-3.229251	-0.090393	-0.088299	-0.100633	0.334809	0.084221	0.938514	0.059642	-0.995895	0.068094	0.940396	0.033176	-0.338458
57856	9.214998	0.538435	-3.327299	-0.098403	-0.094048	-0.105905	0.335593	0.085338	0.938133	0.059022	-0.995836	0.069473	0.940156	0.032056	-0.339233
57857	9.231898	0.470884	-3.436949	-0.095986	-0.092994	-0.113658	0.336384	0.086537	0.937740	0.058493	-0.995766	0.070909	0.939907	0.030998	-0.340022
57858	9.204277	0.426276	-3.356358	-0.096384	-0.095568	-0.123081	0.337213	0.087846	0.937321	0.058059	-0.995682	0.072428	0.939636	0.029997	-0.340858
57859	9.198930	0.460276	-3.298546	-0.071666	-0.095085	-0.130431	0.338015	0.089210	0.936903	0.057817	-0.995585	0.073938	0.939363	0.029177	-0.341680
57860	9.202058	0.565424	-3.459204	-0.049876	-0.087173	-0.134881	0.338749	0.090626	0.936502	0.057823	-0.995474	0.075417	0.939098	0.028604	-0.342456
57861	9.218764	0.672488	-3.547787	-0.047430	-0.091013	-0.143902	0.339504	0.092121	0.936083	0.057856	-0.995353	0.076970	0.938824	0.028027	-0.343256
57862	9.258540	0.673140	-3.406405	-0.062161	-0.088449	-0.150425	0.340225	0.093686	0.935665	0.057816	-0.995226	0.078627	0.938565	0.027346	-0.344017
57863	9.345626	0.620846	-3.248350	-0.040748	-0.089254	-0.160757	0.340953	0.095348	0.935233	0.057972	-0.995082	0.080315	0.938291	0.026834	-0.344804
57864	9.350833	0.695792	-3.201786	-0.029308	-0.096726	-0.163201	0.341801	0.097068	0.934746	0.058325	-0.994925	0.081990	0.937961	0.026495	-0.345728
57865	9.348666	0.688286	-3.186056	-0.024983	-0.104706	-0.165851	0.342669	0.098783	0.934248	0.058649	-0.994766	0.083671	0.937624	0.026122	-0.346669
57866	9.352492	0.773076	-3.107937	-0.006843	-0.112991	-0.175512	0.343588	0.100588	0.933718	0.059147	-0.994591	0.085380	0.937256	0.025891	-0.347679
57867	9.369007	0.878956	-2.892976	-0.011927	-0.129880	-0.175900	0.344684	0.102408	0.933116	0.059632	-0.994413	0.087108	0.936823	0.025619	-0.348864
57868	9.740263	0.831080	-2.574529	-0.013102	-0.154989	-0.177437	0.346054	0.104282	0.932401	0.060257	-0.994222	0.088833	0.936278	0.025443	-0.350338
57869	9.722836	0.866729	-2.164850	-0.008184	-0.177677	-0.157715	0.347605	0.105933	0.931638	0.060719	-0.994055	0.090375	0.935673	0.025153	-0.351971
57870	10.264088	1.592516	-1.590433	-0.073911	-0.238633	-0.181121	0.349729	0.107851	0.930622	0.060740	-0.993872	0.092355	0.934880	0.024227	-0.354137
57871	10.359040	1.384948	-1.009693	-0.143364	-0.309526	-0.226888	0.352468	0.110216	0.929311	0.060189	-0.993654	0.095019	0.933886	0.022443	-0.356865
57872	10.364724	1.094313	-0.558763	-0.106037	-0.411517	-0.257812	0.356179	0.112939	0.927567	0.060197	-0.993380	0.097837	0.932477	0.020989	-0.360620
57873	10.446464	1.237236	-0.600934	-0.054388	-0.488833	-0.271840	0.360552	0.115777	0.925526	0.060657	-0.993077	0.100597	0.930765	0.019869	-0.365079
57874	10.471061	1.529239	-0.552185	-0.065564	-0.591711	-0.276300	0.365911	0.118710	0.923048	0.061147	-0.992755	0.103435	0.928639	0.018593	-0.370519
57875	10.545656	1.837225	-0.625298	-0.160493	-0.688554	-0.267422	0.372118	0.121522	0.920196	0.060637	-0.992457	0.106543	0.926203	0.016152	-0.376680
57876	10.590201	1.867949	-0.754718	-0.249147	-0.798558	-0.256314	0.379398	0.124298	0.916846	0.059516	-0.992161	0.109880	0.923317	0.012878	-0.383822
57877	10.545105	1.833914	-1.089728	-0.328396	-0.899015	-0.255303	0.387519	0.126964	0.913077	0.057461	-0.991871	0.113533	0.920069	0.008470	-0.391665
57878	10.552814	1.876958	-1.491201	-0.368001	-0.984756	-0.244408	0.396448	0.129544	0.908872	0.055161	-0.991567	0.117270	0.916399	0.003643	-0.400250
57879	10.536983	2.073356	-2.066045	-0.394829	-1.051160	-0.233847	0.405918	0.131911	0.904340	0.052483	-0.991260	0.121032	0.912401	-0.001666	-0.409294
57880	10.365693	2.423791	-2.589446	-0.451510	-1.115340	-0.224969	0.415968	0.134168	0.899427	0.049258	-0.990929	0.125037	0.908044	-0.007707	-0.418803
57881	10.035028	2.512025	-3.049948	-0.533774	-1.162292	-0.209174	0.426381	0.136149	0.894239	0.045299	-0.990581	0.129218	0.903409	-0.014588	-0.428532
57882	9.787814	2.417842	-3.517681	-0.600604	-1.213772	-0.185505	0.437273	0.137889	0.888695	0.040793	-0.990200	0.133567	0.898403	-0.022153	-0.438612
57883	9.649439	2.308570	-3.579079	-0.701238	-1.278943	-0.148432	0.448658	0.139058	0.882819	0.035165	-0.989802	0.138038	0.893012	-0.030888	-0.448972
57884	9.711546	1.777699	-3.861252	-0.805441	-1.309367	-0.100018	0.460309	0.139716	0.876696	0.028569	-0.989358	0.142670	0.887299	-0.040626	-0.459401
57885	9.543959	1.184199	-4.292152	-0.899545	-1.292687	-0.089508	0.471705	0.140045	0.870564	0.021027	-0.988813	0.147674	0.881506	-0.051353	-0.469373
57886	9.187850	0.821017	-5.162760	-0.992591	-1.221723	-0.097826	0.482430	0.140428	0.864604	0.012858	-0.988094	0.153311	0.875840	-0.062845	-0.478492
57887	9.055641	0.455295	-5.804333	-0.931497	-1.165541	-0.099632	0.492584	0.140655	0.858823	0.005209	-0.987311	0.158711	0.870249	-0.073705	-0.487067
57888	9.225916	0.679401	-5.985707	-0.896533	-1.093639	-0.134337	0.502133	0.141303	0.853168	-0.001711	-0.986396	0.164376	0.864788	-0.083998	-0.495061
57889	8.984418	0.821120	-5.869520	-0.828268	-1.021159	-0.171760	0.510934	0.142128	0.847789	-0.007983	-0.985410	0.170011	0.859583	-0.093633	-0.502345
57890	8.625152	1.273798	-6.067646	-0.742079	-0.983951	-0.220683	0.519445	0.143504	0.842368	-0.013057	-0.984350	0.175743	0.854404	-0.102288	-0.509442
57891	8.221168	1.827733	-5.941293	-0.716922	-0.941963	-0.245771	0.527496	0.144957	0.837099	-0.017878	-0.983223	0.181527	0.849369	-0.110721	-0.516055
57892	7.616591	1.965333	-5.973489	-0.698431	-0.905406	-0.247730	0.535249	0.146471	0.831898	-0.022428	-0.982040	0.187336	0.844397	-0.118929	-0.522351
57893	7.113667	2.057966	-5.967317	-0.637630	-0.848054	-0.227608	0.542435	0.147704	0.827012	-0.026570	-0.980914	0.192618	0.839678	-0.126456	-0.528157
57894	6.684239	2.138789	-5.838038	-0.558991	-0.793382	-0.188208	0.549149	0.148617	0.822404	-0.030161	-0.979896	0.197217	0.835180	-0.133106	-0.533627
57895	6.526996	2.333887	-5.538779	-0.575692	-0.700287	-0.127589	0.555014	0.148950	0.818397	-0.034252	-0.978911	0.201393	0.831135	-0.139808	-0.538208
57896	6.492469	2.619584	-4.997961	-0.581943	-0.543321	-0.036084	0.559524	0.148580	0.815387	-0.038867	-0.978014	0.204885	0.827902	-0.146330	-0.541448
57897	6.490238	2.621470	-4.332835	-0.604360	-0.322164	0.063621	0.562152	0.147516	0.813772	-0.044220	-0.977195	0.207687	0.825851	-0.152737	-0.542809
57898	6.235747	2.656753	-3.761167	-0.611956	-0.056072	0.176222	0.562514	0.145759	0.813838	-0.050251	-0.976490	0.209623	0.825259	-0.158812	-0.541965
57899	6.240573	2.821959	-3.581408	-0.628025	0.226380	0.292095	0.560478	0.143313	0.815675	-0.057076	-0.975887	0.210681	0.826200	-0.164637	-0.538784
57900	6.375125	2.908389	-3.627998	-0.654377	0.507182	0.399628	0.556019	0.140323	0.819239	-0.064702	-0.975348	0.210975	0.828647	-0.170313	-0.533233
57901	6.807111	2.599660	-3.468548	-0.726901	0.794087	0.507190	0.549064	0.136793	0.824510	-0.073542	-0.974781	0.210698	0.832539	-0.176322	-0.525157
57902	7.231868	2.092676	-3.705367	-0.691264	1.086807	0.582534	0.539511	0.133128	0.831387	-0.082460	-0.974320	0.209526	0.837931	-0.181597	-0.514679
57903	7.553465	1.635689	-3.941689	-0.540865	1.368228	0.649692	0.527429	0.129346	0.839695	-0.090476	-0.974171	0.206891	0.844768	-0.185093	-0.502103
57904	8.014663	1.536871	-3.791477	-0.345178	1.643307	0.699345	0.512803	0.125652	0.849262	-0.097018	-0.974413	0.202750	0.853007	-0.186364	-0.487491
57905	8.498121	1.719236	-3.866571	-0.164570	1.919748	0.724831	0.495605	0.122197	0.859909	-0.102086	-0.974996	0.197388	0.862528	-0.185611	-0.470738
57906	8.944033	1.869490	-3.912806	-0.043093	2.161807	0.730018	0.476065	0.119130	0.871304	-0.105984	-0.975788	0.191324	0.873000	-0.183427	-0.451912
57907	9.274283	1.887056	-3.845874	0.030168	2.362816	0.716009	0.454528	0.116478	0.883084	-0.109054	-0.976678	0.184954	0.884032	-0.180371	-0.431225
57908	9.727672	1.708238	-3.690404	0.078198	2.519074	0.684842	0.431339	0.114347	0.894914	-0.111373	-0.977600	0.178593	0.895289	-0.176703	-0.408942
57909	10.098999	1.324638	-3.375194	0.160106	2.639616	0.637216	0.406835	0.112759	0.906516	-0.112607	-0.978594	0.172261	0.906535	-0.172161	-0.385429
57910	10.288144	1.255782	-2.883307	0.279339	2.725375	0.581396	0.381301	0.111739	0.917673	-0.112336	-0.979712	0.165969	0.917600	-0.166372	-0.361012
57911	10.498569	1.481485	-2.424016	0.355335	2.760640	0.535515	0.355214	0.111032	0.928167	-0.111037	-0.980880	0.159832	0.928167	-0.159835	-0.336094
57912	10.585872	1.943216	-1.947541	0.332513	2.740235	0.499664	0.329071	0.110478	0.937820	-0.109635	-0.981947	0.154146	0.937919	-0.153543	-0.311018
57913	10.537640	2.180587	-1.457232	0.236621	2.679491	0.475872	0.303292	0.109886	0.946541	-0.108921	-0.982820	0.148999	0.946652	-0.148288	-0.286112
57914	10.373702	2.271994	-1.004617	0.110118	2.586979	0.465862	0.278169	0.109150	0.954310	-0.109219	-0.983485	0.144323	0.954303	-0.144375	-0.261653
57915	10.091711	2.331805	-0.821477	-0.042500	2.450048	0.471950	0.254178	0.108057	0.961102	-0.110895	-0.983929	0.139951	0.960779	-0.142154	-0.238110
57916	9.762793	2.550175	-1.122218	-0.191933	2.314695	0.504398	0.231282	0.106439	0.967047	-0.113954	-0.984191	0.135580	0.966190	-0.141556	-0.215497
57917	9.400769	3.358061	-1.462123	-0.333957	2.199083	0.572342	0.209310	0.103969	0.972306	-0.118464	-0.984312	0.130755	0.970647	-0.142551	-0.193710
57918	8.802656	4.113881	-1.820131	-0.549871	2.117722	0.682540	0.187857	0.100374	0.977054	-0.125140	-0.984212	0.125170	0.974192	-0.145782	-0.172330
57919	8.158315	4.807302	-2.359827	-0.827102	2.029522	0.805653	0.167004	0.095507	0.981320	-0.134654	-0.983762	0.118661	0.976718	-0.151956	-0.151431
57920	7.358692	5.205257	-2.563041	-1.239174	1.991590	0.941889	0.146177	0.089459	0.985205	-0.148189	-0.982686	0.111217	0.978096	-0.162254	-0.130389
57921	7.454095	5.094726	-1.856532	-1.739223	1.945361	1.067282	0.125461	0.082328	0.988677	-0.166668	-0.980639	0.102808	0.977999	-0.177679	-0.109310
57922	7.404434	2.190964	1.188087	-2.408172	1.880430	1.150029	0.105004	0.074719	0.991661	-0.191436	-0.977005	0.093885	0.975872	-0.199697	-0.088285
57923	6.069818	0.179293	-2.753092	-2.362570	1.211406	0.979866	0.091203	0.067760	0.993524	-0.215431	-0.972714	0.086117	0.972251	-0.221890	-0.074117
57924	4.051129	0.957616	-9.527240	-1.927089	0.114913	0.617481	0.088677	0.062132	0.994121	-0.234595	-0.968674	0.081467	0.968040	-0.240440	-0.071323
57925	2.648839	-0.776415	-14.334970	-1.689393	-1.199492	0.345032	0.099415	0.055851	0.993477	-0.251249	-0.964663	0.079373	0.962804	-0.257501	-0.081869
57926	8.297796	1.934613	-7.009816	-1.522509	-1.971697	0.188071	0.117842	0.048899	0.991828	-0.265997	-0.960734	0.078970	0.956744	-0.273129	-0.100208
57927	14.235850	-3.904939	2.069454	-2.382820	-1.669146	0.103664	0.133450	0.043192	0.990114	-0.288840	-0.953983	0.080546	0.948031	-0.296733	-0.114833
57928	15.559523	-14.499559	0.287503	-0.888719	-1.009735	-0.074136	0.143212	0.040940	0.988845	-0.297092	-0.951286	0.082412	0.944048	-0.305581	-0.124072
57929	10.022696	-7.845878	-3.205421	1.568752	-0.791877	-0.076999	0.150922	0.039354	0.987762	-0.282159	-0.955925	0.081197	0.947422	-0.290961	-0.133166
57930	9.013194	1.121727	-4.643632	1.998059	-0.790564	-0.074758	0.158622	0.037870	0.986613	-0.263116	-0.961507	0.079208	0.951635	-0.272157	-0.142552
57931	8.861586	6.047417	-3.756868	0.964300	-0.758926	-0.068407	0.166023	0.036538	0.985445	-0.253838	-0.964055	0.078510	0.952892	-0.263178	-0.150780
57932	9.571801	4.958812	-4.034130	-0.150717	-0.937698	-0.116975	0.175238	0.035225	0.983896	-0.255099	-0.963605	0.079933	0.950903	-0.264998	-0.159874
57933	10.444891	0.393265	-3.354194	0.061667	-0.820945	-0.139251	0.183390	0.034434	0.982437	-0.254279	-0.963712	0.081243	0.949584	-0.264712	-0.167979
57934	10.451410	0.724859	-2.972065	0.689658	-0.702999	-0.090606	0.190287	0.033512	0.981156	-0.247572	-0.965478	0.080992	0.949999	-0.258319	-0.175422
57935	10.172975	2.719989	-3.871118	0.843805	-0.656788	-0.006265	0.196541	0.031943	0.979975	-0.239556	-0.967615	0.079585	0.950781	-0.250400	-0.182524
57936	9.591735	3.249694	-3.780935	0.653730	-0.635811	0.032606	0.202503	0.030101	0.978819	-0.233412	-0.969237	0.078096	0.951058	-0.244282	-0.189248
57937	9.555290	2.411132	-3.676263	0.370607	-0.619770	0.035054	0.208311	0.028299	0.977653	-0.229975	-0.970139	0.077082	0.950641	-0.240892	-0.195582
57938	9.751277	1.130050	-3.431969	0.177032	-0.582712	0.037345	0.213757	0.026592	0.976525	-0.228364	-0.970572	0.076418	0.949820	-0.239338	-0.201394
57939	9.863562	-0.046584	-3.366353	0.139311	-0.539504	0.031306	0.218803	0.025041	0.975448	-0.227123	-0.970906	0.075871	0.948968	-0.238147	-0.206750
57940	9.702798	-0.315531	-2.995716	0.281531	-0.498805	0.008211	0.223513	0.023833	0.974409	-0.224466	-0.971572	0.075252	0.948502	-0.235542	-0.211810
57941	9.499650	0.240256	-2.329119	0.388613	-0.490590	-0.016884	0.228199	0.022891	0.973345	-0.220756	-0.972470	0.074626	0.948257	-0.231902	-0.216863
57942	9.324803	0.882684	-1.595537	0.362942	-0.517849	-0.031378	0.233173	0.022052	0.972185	-0.217246	-0.973294	0.074183	0.947858	-0.228501	-0.222155
57943	9.314360	1.134700	-1.464782	0.241192	-0.566664	-0.031494	0.238605	0.021111	0.970887	-0.214900	-0.973829	0.073989	0.947041	-0.226298	-0.227823
57944	9.350905	0.987787	-2.118747	0.118465	-0.576624	-0.024236	0.244110	0.020095	0.969539	-0.213719	-0.974088	0.074000	0.945904	-0.225273	-0.233490
57945	9.293021	0.736838	-2.621086	0.033686	-0.568578	-0.011596	0.249504	0.018969	0.968188	-0.213385	-0.974156	0.074076	0.944571	-0.225079	-0.239008
57946	9.387443	0.727783	-2.940764	0.000081	-0.559994	-0.012633	0.254812	0.017882	0.966825	-0.213351	-0.974150	0.074247	0.943161	-0.225192	-0.244410
57947	9.502778	0.409921	-3.265333	-0.025798	-0.525336	-0.013621	0.259787	0.016872	0.965519	-0.213571	-0.974084	0.074486	0.941753	-0.225558	-0.249451
57948	9.648974	0.170621	-3.621363	-0.005219	-0.470622	-0.016200	0.264247	0.016017	0.964322	-0.213578	-0.974066	0.074704	0.940510	-0.225698	-0.253973
57949	9.723925	0.213022	-3.917953	0.038991	-0.411258	-0.027627	0.268166	0.015400	0.963250	-0.213150	-0.974143	0.074914	0.939497	-0.225406	-0.257950
57950	9.725696	0.372800	-3.959127	0.077743	-0.359418	-0.032679	0.271608	0.014954	0.962292	-0.212337	-0.974309	0.075073	0.938692	-0.224720	-0.261455
57951	9.754147	0.448896	-3.766337	0.105133	-0.309149	-0.047198	0.274604	0.014762	0.961444	-0.211233	-0.974531	0.075294	0.938069	-0.223765	-0.264492
57952	9.626668	0.824602	-3.658955	0.133991	-0.263004	-0.053847	0.277181	0.014742	0.960705	-0.209837	-0.974817	0.075500	0.937624	-0.222519	-0.267107
57953	9.536376	0.979786	-3.279342	0.098279	-0.245730	-0.055761	0.279596	0.014781	0.960004	-0.208773	-0.975021	0.075816	0.937145	-0.221620	-0.269526
57954	9.488522	0.612903	-2.756319	0.039629	-0.238158	-0.060170	0.281950	0.014882	0.959314	-0.208241	-0.975094	0.076331	0.936557	-0.221290	-0.271829
57955	9.551718	-0.079859	-2.456488	0.026555	-0.235560	-0.077244	0.284311	0.015155	0.958612	-0.207785	-0.975136	0.077042	0.935945	-0.221090	-0.274093
57956	9.482964	-0.198550	-2.391349	0.079647	-0.229613	-0.098349	0.286661	0.015646	0.957904	-0.206772	-0.975290	0.077809	0.935452	-0.220373	-0.276342
57957	9.321289	0.083060	-2.085835	0.084962	-0.240768	-0.127492	0.289170	0.016401	0.957137	-0.205622	-0.975451	0.078837	0.934933	-0.219606	-0.278699
57958	9.195922	0.220750	-1.688434	0.045466	-0.277176	-0.148452	0.292062	0.017276	0.956243	-0.204784	-0.975518	0.080171	0.934218	-0.219238	-0.281374
57959	9.172224	0.218351	-1.353380	0.033943	-0.327253	-0.175225	0.295471	0.018309	0.955176	-0.203963	-0.975556	0.081793	0.933325	-0.218988	-0.284514
57960	9.172466	0.161302	-1.210141	0.025593	-0.383541	-0.190525	0.299432	0.019361	0.953921	-0.203179	-0.975568	0.083578	0.932233	-0.218843	-0.288183
57961	9.139005	0.106808	-1.591685	0.034896	-0.427586	-0.207448	0.303831	0.020491	0.952506	-0.202239	-0.975597	0.085498	0.931014	-0.218610	-0.292272
57962	9.093152	0.218364	-2.103894	0.028152	-0.459432	-0.225072	0.308554	0.021712	0.950959	-0.201313	-0.975603	0.087594	0.929660	-0.218468	-0.296655
57963	9.055142	0.222276	-2.596360	0.041116	-0.480411	-0.248236	0.313510	0.023126	0.949303	-0.200169	-0.975631	0.089874	0.928248	-0.218197	-0.301241
57964	9.165577	0.130853	-3.012339	0.061612	-0.480075	-0.273934	0.318504	0.024779	0.947598	-0.198760	-0.975690	0.092321	0.926849	-0.217749	-0.305836
57965	9.112043	0.355819	-3.254576	0.116486	-0.464933	-0.296721	0.323391	0.026705	0.945888	-0.196739	-0.975861	0.094815	0.925587	-0.216755	-0.310331
57966	9.140558	0.697822	-3.567803	0.136833	-0.450184	-0.307493	0.328151	0.028756	0.944187	-0.194505	-0.976061	0.097327	0.924383	-0.215587	-0.314703
57967	9.164010	0.811444	-3.629343	0.108804	-0.433002	-0.319250	0.332763	0.030981	0.942501	-0.192454	-0.976194	0.100037	0.923163	-0.214677	-0.318879
57968	9.216259	0.687608	-3.455122	0.127029	-0.424519	-0.334951	0.337315	0.033363	0.940800	-0.190195	-0.976347	0.102817	0.921978	-0.213618	-0.322992
57969	9.382729	0.619434	-3.230268	0.165966	-0.416071	-0.353390	0.341811	0.035969	0.939080	-0.187475	-0.976572	0.105643	0.920879	-0.212164	-0.327059
57970	9.458757	0.960265	-3.232149	0.191843	-0.406947	-0.361652	0.346224	0.038660	0.937355	-0.184503	-0.976832	0.108436	0.919830	-0.210488	-0.331069
57971	9.362460	0.828884	-2.815769	0.153975	-0.417438	-0.365833	0.350725	0.041398	0.935563	-0.181821	-0.977002	0.111393	0.918658	-0.209174	-0.335132
57972	9.330269	0.595788	-2.309246	0.161316	-0.457314	-0.375096	0.355594	0.044127	0.933598	-0.179054	-0.977167	0.114386	0.917329	-0.207839	-0.339574
57973	9.400417	0.300943	-2.166247	0.140474	-0.499428	-0.394684	0.360867	0.046990	0.931433	-0.176361	-0.977272	0.117630	0.915790	-0.206717	-0.344378
57974	9.463144	0.311099	-1.974132	0.154178	-0.556465	-0.414244	0.366677	0.049905	0.929009	-0.173485	-0.977378	0.120978	0.914030	-0.205529	-0.349724
57975	9.373013	0.876962	-1.969977	0.148143	-0.607956	-0.422768	0.372948	0.052832	0.926347	-0.170577	-0.977457	0.124421	0.912038	-0.204416	-0.355529
57976	9.231572	1.466447	-2.057636	0.090184	-0.666043	-0.423997	0.379726	0.055628	0.923425	-0.168205	-0.977400	0.128047	0.909679	-0.203947	-0.361788
57977	9.119968	1.813606	-1.860455	-0.010986	-0.742688	-0.416634	0.387163	0.058223	0.920171	-0.166714	-0.977133	0.131972	0.906814	-0.204500	-0.368603
57978	9.279635	1.726314	-1.481804	-0.089354	-0.829309	-0.411384	0.395345	0.060555	0.916534	-0.165952	-0.976695	0.136113	0.903417	-0.205913	-0.376083
57979	9.449478	1.767016	-1.172037	-0.153987	-0.917025	-0.395903	0.404262	0.062564	0.912501	-0.165764	-0.976125	0.140364	0.899497	-0.208003	-0.384240
57980	9.472287	1.402181	-0.773414	-0.239672	-1.013497	-0.377578	0.413973	0.064144	0.908026	-0.166402	-0.975373	0.144765	0.894950	-0.211026	-0.393105
57981	9.894602	0.283139	-0.602132	-0.314073	-1.149275	-0.388463	0.424871	0.065524	0.902880	-0.167581	-0.974445	0.149577	0.889608	-0.214856	-0.403033
57982	12.183128	0.238050	0.201565	-0.261180	-1.326869	-0.488808	0.437443	0.067429	0.896715	-0.167822	-0.973544	0.155075	0.883448	-0.218325	-0.414553
57983	12.641349	1.563911	1.177993	-0.137158	-1.500473	-0.573389	0.451599	0.069756	0.889490	-0.166484	-0.972841	0.160818	0.876551	-0.220712	-0.427721
57984	12.569214	3.073297	0.210460	-0.185997	-1.687854	-0.589373	0.467290	0.071753	0.881188	-0.165435	-0.972000	0.166877	0.868488	-0.223759	-0.442336
57985	12.667884	3.678240	0.256177	-0.418198	-1.851636	-0.616222	0.484300	0.073585	0.871802	-0.166117	-0.970597	0.174205	0.858987	-0.229189	-0.457836
57986	12.789090	3.195346	0.135194	-0.631205	-2.031309	-0.682189	0.502759	0.075496	0.861124	-0.168156	-0.968607	0.183096	0.847913	-0.236856	-0.474281
57987	13.072613	2.693472	-0.529077	-0.771828	-2.174221	-0.766051	0.522352	0.077698	0.849183	-0.170727	-0.966148	0.193418	0.835464	-0.246011	-0.491404
57988	12.828204	2.850962	-0.353554	-1.001513	-2.304126	-0.831879	0.542858	0.079961	0.836009	-0.174600	-0.962961	0.205479	0.821474	-0.257513	-0.508789
57989	13.256143	2.982974	-2.271035	-1.324207	-2.309543	-0.873785	0.563204	0.082282	0.822211	-0.180544	-0.958735	0.219614	0.806353	-0.272133	-0.525108
57990	13.146501	2.168340	-2.965005	-1.562986	-2.289531	-0.904607	0.583127	0.084555	0.807969	-0.187837	-0.953585	0.235359	0.790367	-0.289010	-0.540178
57991	12.586150	0.693366	-3.514924	-1.733828	-2.300111	-0.915896	0.602866	0.086442	0.793146	-0.195959	-0.947620	0.252225	0.773403	-0.307482	-0.554349
57992	11.867352	-0.713335	-5.626806	-1.623109	-2.311226	-0.937383	0.622386	0.088029	0.777744	-0.202635	-0.941657	0.268739	0.756025	-0.324857	-0.568237
57993	11.126086	-0.746251	-7.260012	-1.358046	-2.261005	-0.983552	0.641298	0.089793	0.762020	-0.206565	-0.936259	0.284165	0.738964	-0.339642	-0.581873
57994	10.547659	-0.121482	-7.293761	-1.074412	-2.162123	-1.008045	0.659168	0.091741	0.746379	-0.207899	-0.931614	0.298117	0.722686	-0.351680	-0.595017
57995	9.566921	0.775363	-7.248229	-0.826765	-2.048461	-1.017377	0.675923	0.093938	0.730960	-0.207011	-0.927710	0.310647	0.707301	-0.361290	-0.607615
57996	8.573225	1.923391	-7.491098	-0.684450	-1.911214	-0.980112	0.691305	0.096010	0.716156	-0.205162	-0.924259	0.321952	0.692825	-0.369495	-0.619247
57997	7.515072	2.759603	-7.273764	-0.597543	-1.696003	-0.851284	0.704681	0.097578	0.702782	-0.203311	-0.921193	0.331764	0.679771	-0.376671	-0.629309
57998	6.320772	2.980310	-6.896157	-0.556829	-1.505010	-0.668696	0.716163	0.097978	0.691022	-0.202381	-0.918405	0.339962	0.667946	-0.383318	-0.637899
57999	6.036191	3.152831	-6.714114	-0.499756	-1.291287	-0.446321	0.725623	0.097125	0.681203	-0.202464	-0.916026	0.346272	0.657631	-0.389183	-0.645026
58000	6.080880	3.218541	-6.887997	-0.370317	-1.035755	-0.250366	0.732884	0.095327	0.673642	-0.203128	-0.914317	0.350377	0.649323	-0.393621	-0.650725
58001	6.169397	2.843134	-8.144479	-0.123727	-0.702141	-0.146466	0.737720	0.093936	0.668539	-0.202838	-0.913677	0.352209	0.643914	-0.395437	-0.654984
58002	7.112973	1.505206	-4.926179	-0.052115	-0.303127	-0.016656	0.739688	0.092848	0.666514	-0.203123	-0.913436	0.352669	0.641563	-0.396249	-0.656798
58003	7.139407	0.058808	-3.478462	0.254923	0.112805	0.196416	0.738563	0.091539	0.667941	-0.202925	-0.914611	0.349725	0.642920	-0.393836	-0.656923
58004	6.929408	0.040564	-4.172260	0.756878	0.537040	0.413690	0.734245	0.089789	0.672921	-0.201171	-0.917920	0.341984	0.648394	-0.386472	-0.655915
58005	6.400658	1.924385	-4.467834	1.103035	0.905605	0.545793	0.727242	0.088258	0.680684	-0.197947	-0.922596	0.331110	0.657219	-0.375536	-0.653480
58006	6.214454	3.659635	-4.440190	0.990455	1.220073	0.640804	0.717878	0.086787	0.690738	-0.196114	-0.926806	0.320266	0.667975	-0.365375	-0.648314
58007	6.387804	3.655433	-4.135707	0.646434	1.521586	0.776171	0.706093	0.085126	0.702984	-0.197272	-0.929799	0.310736	0.680086	-0.358088	-0.639732
58008	6.711405	2.565428	-4.019101	0.451772	1.811207	0.907406	0.691828	0.083059	0.717270	-0.200603	-0.932148	0.301429	0.693638	-0.352423	-0.628223
