// General information: 
//  MT Manager version: 2022.2.0 
//  XDA version: 2022.2.0 build 7381 rev 124627 built on 2023-07-19
// Device information: 
//  DeviceId: 00B4CB9F
//  ProductCode: MTW2-3A7G6
//  Firmware Version: 4.6.0
//  Hardware Version: 2.0.0
// Device settings: 
//  Filter Profile: human(46.1)
//  Option Flags: Orientation Smoother Disabled, Position/Velocity Smoother Disabled, Continuous Zero Rotation Update Disabled, AHS Disabled, ICC Disabled
// Coordinate system: ENU
PacketCounter	Acc_X	Acc_Y	Acc_Z	Gyr_X	Gyr_Y	Gyr_Z	Mat[1][1]	Mat[2][1]	Mat[3][1]	Mat[1][2]	Mat[2][2]	Mat[3][2]	Mat[1][3]	Mat[2][3]	Mat[3][3]
25695	9.762914	-0.553756	1.222494	0.052506	-0.015913	0.001846	-0.076439	-0.029780	0.996629	-0.154482	-0.987130	-0.041344	0.985034	-0.157122	0.070855
25696	9.793547	-0.616008	1.306579	0.066339	0.001651	0.016768	-0.076443	-0.030002	0.996622	-0.153655	-0.987253	-0.041505	0.985163	-0.156309	0.070859
25697	9.864055	-0.581246	1.337341	0.072723	0.025385	0.026928	-0.076702	-0.030279	0.996594	-0.152885	-0.987361	-0.041765	0.985263	-0.155568	0.071104
25698	9.901929	-0.505472	1.356629	0.075261	0.056413	0.032473	-0.077273	-0.030561	0.996541	-0.152066	-0.987474	-0.042074	0.985345	-0.154791	0.071658
25699	9.834994	-0.444445	1.364016	0.067611	0.093353	0.035474	-0.078214	-0.030818	0.996460	-0.151339	-0.987571	-0.042422	0.985383	-0.154121	0.072578
25700	9.753438	-0.352322	1.247233	0.053160	0.117314	0.033239	-0.079381	-0.031027	0.996361	-0.150614	-0.987668	-0.042756	0.985400	-0.153460	0.073729
25701	9.639422	-0.218545	1.159240	0.016139	0.118387	0.026351	-0.080555	-0.031156	0.996263	-0.150401	-0.987687	-0.043049	0.985338	-0.153307	0.074877
25702	9.611702	-0.137946	0.887711	-0.040198	0.099759	0.008453	-0.081514	-0.031139	0.996186	-0.150705	-0.987634	-0.043203	0.985212	-0.153652	0.075814
25703	9.648619	-0.120237	0.742053	-0.073747	0.085088	-0.000141	-0.082320	-0.031057	0.996122	-0.151399	-0.987524	-0.043300	0.985039	-0.154376	0.076591
25704	9.712828	-0.204063	0.736282	-0.088233	0.077455	-0.001799	-0.083043	-0.030974	0.996064	-0.152155	-0.987404	-0.043390	0.984862	-0.155159	0.077285
25705	9.772697	-0.328604	0.870740	-0.103212	0.077418	0.000445	-0.083774	-0.030909	0.996005	-0.153137	-0.987246	-0.043518	0.984648	-0.156171	0.077972
25706	9.764084	-0.450001	0.961725	-0.113542	0.079916	0.008994	-0.084540	-0.030926	0.995940	-0.154151	-0.987079	-0.043736	0.984424	-0.157222	0.078680
25707	9.741139	-0.540920	0.967819	-0.123327	0.077995	0.014646	-0.085297	-0.030999	0.995873	-0.155319	-0.986883	-0.044022	0.984175	-0.158433	0.079364
25708	9.708124	-0.540551	0.847286	-0.108867	0.076723	0.017051	-0.086047	-0.031094	0.995806	-0.156320	-0.986712	-0.044318	0.983951	-0.159478	0.080043
25709	9.714745	-0.461560	0.699320	-0.074013	0.060710	0.011435	-0.086630	-0.031161	0.995753	-0.157005	-0.986593	-0.044534	0.983791	-0.160197	0.080576
25710	9.738100	-0.353763	0.678217	-0.058836	0.058464	-0.000155	-0.087173	-0.031107	0.995707	-0.157601	-0.986494	-0.044617	0.983648	-0.160814	0.081093
25711	9.703189	-0.293878	0.852563	-0.039965	0.051529	-0.009870	-0.087632	-0.030978	0.995671	-0.157970	-0.986437	-0.044594	0.983548	-0.161194	0.081550
25712	9.714058	-0.326118	1.068896	-0.028092	0.053438	-0.016337	-0.088097	-0.030785	0.995636	-0.158153	-0.986412	-0.044494	0.983477	-0.161383	0.082031
25713	9.654072	-0.394003	1.256095	-0.027138	0.071193	-0.012039	-0.088745	-0.030603	0.995584	-0.158398	-0.986375	-0.044439	0.983379	-0.161642	0.082689
25714	9.641864	-0.515329	1.474209	-0.017493	0.102938	-0.006502	-0.089714	-0.030422	0.995503	-0.158514	-0.986357	-0.044428	0.983272	-0.161787	0.083668
25715	9.678671	-0.670184	1.696755	0.007039	0.146573	0.009343	-0.091138	-0.030328	0.995376	-0.158403	-0.986369	-0.044557	0.983159	-0.161731	0.085092
25716	9.741851	-0.696001	1.784635	0.030747	0.181999	0.024007	-0.092934	-0.030315	0.995211	-0.158069	-0.986411	-0.044808	0.983045	-0.161476	0.086879
25717	9.847767	-0.623397	1.737368	0.045508	0.211928	0.033028	-0.095037	-0.030350	0.995011	-0.157557	-0.986478	-0.045139	0.982926	-0.161061	0.088970
25718	9.872898	-0.476188	1.634686	0.066458	0.223191	0.037117	-0.097256	-0.030406	0.994795	-0.156818	-0.986580	-0.045487	0.982827	-0.160425	0.091182
25719	9.798451	-0.341433	1.388395	0.088375	0.225075	0.031667	-0.099485	-0.030410	0.994574	-0.155884	-0.986715	-0.045762	0.982753	-0.159591	0.093423
25720	9.681914	-0.265180	1.308228	0.091155	0.210424	0.016010	-0.101542	-0.030292	0.994370	-0.154837	-0.986874	-0.045875	0.982708	-0.158623	0.095519
25721	9.543557	-0.237583	1.294943	0.065031	0.188044	0.011365	-0.103375	-0.030158	0.994185	-0.154152	-0.986977	-0.045968	0.982624	-0.158007	0.097380
25722	9.448595	-0.263918	1.436075	0.043406	0.182979	0.010676	-0.105158	-0.030016	0.994002	-0.153718	-0.987040	-0.046068	0.982503	-0.157640	0.099181
25723	9.365389	-0.321726	1.661697	0.028924	0.187567	0.009194	-0.106982	-0.029862	0.993812	-0.153390	-0.987087	-0.046172	0.982358	-0.157380	0.101020
25724	9.404666	-0.376047	1.836276	0.017416	0.196141	0.010298	-0.108895	-0.029690	0.993610	-0.153270	-0.987099	-0.046293	0.982166	-0.157332	0.102940
25725	9.857801	-0.394702	2.072898	0.007371	0.218122	0.012792	-0.111025	-0.029524	0.993379	-0.153149	-0.987111	-0.046454	0.981946	-0.157293	0.105072
25726	9.543876	-0.338539	2.110731	-0.017448	0.254184	0.006062	-0.113499	-0.029224	0.993108	-0.153324	-0.987078	-0.046569	0.981636	-0.157553	0.107551
25727	9.934803	-0.470181	2.013021	-0.017079	0.276952	0.001208	-0.116186	-0.028850	0.992808	-0.153456	-0.987054	-0.046642	0.981301	-0.157772	0.110255
25728	9.427101	-0.577610	1.576711	-0.051661	0.282473	0.001412	-0.118927	-0.028466	0.992495	-0.153913	-0.986978	-0.046751	0.980901	-0.158317	0.112997
25729	9.847444	-0.837304	1.155637	-0.075274	0.238226	0.003009	-0.121236	-0.028169	0.992224	-0.154612	-0.986861	-0.046908	0.980508	-0.159097	0.115288
25730	10.050907	-0.783978	0.637674	-0.080004	0.194570	0.009840	-0.123128	-0.027996	0.991996	-0.155395	-0.986727	-0.047135	0.980149	-0.159955	0.117144
25731	10.013682	-0.697342	0.157467	-0.069558	0.118970	0.015105	-0.124285	-0.028005	0.991851	-0.156023	-0.986615	-0.047408	0.979903	-0.160644	0.118252
25732	9.987544	-0.450900	-0.343049	-0.061335	0.024207	0.014918	-0.124519	-0.028142	0.991818	-0.156698	-0.986496	-0.047663	0.979766	-0.161351	0.118428
25733	9.927028	-0.136696	-0.486509	-0.050615	-0.063946	0.003847	-0.123866	-0.028334	0.991894	-0.157154	-0.986416	-0.047803	0.979775	-0.161801	0.117731
25734	9.843082	0.095219	-0.315163	-0.087909	-0.139123	-0.002148	-0.122469	-0.028573	0.992061	-0.158074	-0.986264	-0.047920	0.979803	-0.162687	0.116270
25735	9.732770	0.258422	-0.053504	-0.149568	-0.203320	-0.024571	-0.120406	-0.028714	0.992309	-0.159534	-0.986030	-0.047889	0.979822	-0.164073	0.114143
25736	9.699885	0.209336	0.162812	-0.203949	-0.241209	-0.038641	-0.117950	-0.028767	0.992603	-0.161617	-0.985697	-0.047772	0.979779	-0.166056	0.111614
25737	9.652165	-0.001452	0.513484	-0.237237	-0.271535	-0.042349	-0.115189	-0.028855	0.992924	-0.163956	-0.985316	-0.047655	0.979719	-0.168285	0.108767
25738	9.657953	-0.187754	0.906848	-0.238866	-0.279854	-0.042153	-0.112349	-0.028948	0.993247	-0.166407	-0.984911	-0.047528	0.979636	-0.170623	0.105837
25739	9.638773	-0.312779	1.214746	-0.231683	-0.272038	-0.036257	-0.109592	-0.029109	0.993550	-0.168682	-0.984528	-0.047451	0.979559	-0.172795	0.102986
25740	9.578825	-0.383270	1.367873	-0.207986	-0.252459	-0.031443	-0.107037	-0.029270	0.993824	-0.170836	-0.984159	-0.047385	0.979468	-0.174853	0.100341
25741	9.607117	-0.429787	1.527785	-0.160897	-0.219855	-0.018963	-0.104820	-0.029521	0.994053	-0.172398	-0.983886	-0.047398	0.979434	-0.176341	0.098041
25742	9.602120	-0.493839	1.633147	-0.088284	-0.177517	-0.000755	-0.103055	-0.029843	0.994228	-0.173480	-0.983691	-0.047509	0.979431	-0.177375	0.096197
25743	9.601329	-0.554790	1.616311	-0.003606	-0.131782	0.011534	-0.101753	-0.030242	0.994350	-0.173470	-0.983685	-0.047669	0.979569	-0.177340	0.094847
25744	9.546849	-0.623515	1.616923	0.076526	-0.074705	0.034249	-0.101049	-0.030754	0.994406	-0.172687	-0.983808	-0.047974	0.979780	-0.176569	0.094102
25745	9.517330	-0.620704	1.484914	0.150824	-0.026576	0.054908	-0.100852	-0.031392	0.994406	-0.171120	-0.984060	-0.048420	0.980075	-0.175046	0.093872
25746	9.544487	-0.551012	1.304916	0.201855	0.018037	0.071079	-0.101125	-0.032082	0.994356	-0.169242	-0.984357	-0.048971	0.980373	-0.173239	0.094114
25747	9.627942	-0.396662	1.132775	0.224866	0.057866	0.089036	-0.101811	-0.032910	0.994259	-0.166913	-0.984719	-0.049686	0.980701	-0.171013	0.094762
25748	9.684580	-0.103316	0.978927	0.222944	0.078700	0.096736	-0.102711	-0.033775	0.994138	-0.164605	-0.985067	-0.050473	0.980997	-0.168824	0.095618
25749	9.776992	0.206568	0.840687	0.188801	0.080908	0.091048	-0.103622	-0.034587	0.994015	-0.162624	-0.985357	-0.051239	0.981232	-0.166961	0.096480
25750	9.796721	0.382822	0.596811	0.131307	0.056171	0.076774	-0.104273	-0.035274	0.993923	-0.161398	-0.985523	-0.051909	0.981365	-0.165830	0.097070
25751	9.860855	0.485242	0.449022	0.046439	0.018917	0.060280	-0.104524	-0.035888	0.993875	-0.160846	-0.985582	-0.052505	0.981429	-0.165349	0.097244
25752	9.801076	0.353459	0.458457	-0.039584	-0.029071	0.050373	-0.104298	-0.036442	0.993878	-0.161439	-0.985455	-0.053075	0.981356	-0.165986	0.096898
25753	9.777739	0.028466	0.560695	-0.106816	-0.072207	0.043406	-0.103627	-0.037041	0.993926	-0.162408	-0.985264	-0.053651	0.981267	-0.166981	0.096085
25754	9.779244	-0.438648	0.685614	-0.150692	-0.098983	0.045119	-0.102709	-0.037658	0.993998	-0.164128	-0.984945	-0.054274	0.981077	-0.168717	0.094982
25755	9.941971	-0.807308	0.828969	-0.143278	-0.109414	0.052148	-0.101690	-0.038408	0.994074	-0.165447	-0.984686	-0.054970	0.980962	-0.170056	0.093778
25756	9.986161	-0.927557	0.844837	-0.097265	-0.104715	0.068945	-0.100749	-0.039302	0.994135	-0.166369	-0.984485	-0.055781	0.980903	-0.171013	0.092647
25757	10.045838	-0.828773	0.810791	-0.015513	-0.084305	0.078551	-0.100021	-0.040271	0.994170	-0.166409	-0.984430	-0.056619	0.980971	-0.171101	0.091762
25758	10.050320	-0.526596	0.752852	0.056254	-0.075379	0.090537	-0.099412	-0.041306	0.994189	-0.165991	-0.984449	-0.057499	0.981104	-0.170743	0.091009
25759	10.052629	-0.283531	0.651625	0.090735	-0.079309	0.090570	-0.098751	-0.042384	0.994209	-0.164978	-0.984569	-0.058360	0.981341	-0.169786	0.090235
25760	9.923239	0.010063	0.447173	0.101634	-0.095014	0.095685	-0.097957	-0.043503	0.994239	-0.164101	-0.984662	-0.059252	0.981568	-0.168960	0.089315
25761	9.660676	0.179928	0.375215	0.082590	-0.122419	0.092551	-0.096874	-0.044672	0.994294	-0.163167	-0.984764	-0.060141	0.981831	-0.168062	0.088109
25762	9.559026	0.197776	0.373171	0.039362	-0.158710	0.096967	-0.095454	-0.045909	0.994375	-0.162904	-0.984748	-0.061103	0.982014	-0.167820	0.086519
25763	9.562313	0.016427	0.466669	-0.003243	-0.187233	0.098911	-0.093744	-0.047249	0.994475	-0.162809	-0.984699	-0.062132	0.982194	-0.167734	0.084617
25764	9.616341	-0.179627	0.572710	-0.032422	-0.212513	0.111389	-0.091820	-0.048718	0.994583	-0.163252	-0.984552	-0.063298	0.982302	-0.168180	0.082448
25765	9.693024	-0.308980	0.664170	-0.041723	-0.224264	0.131704	-0.089800	-0.050443	0.994682	-0.163509	-0.984419	-0.064684	0.982446	-0.168448	0.080153
25766	9.583526	-0.395903	0.709071	-0.042555	-0.228956	0.147465	-0.087777	-0.052288	0.994767	-0.164121	-0.984215	-0.066215	0.982527	-0.169074	0.077810
25767	9.980735	-0.339218	1.132218	-0.041274	-0.233722	0.162380	-0.085715	-0.054332	0.994837	-0.164353	-0.984062	-0.067904	0.982670	-0.169325	0.075419
25768	9.876842	-0.157888	1.097865	-0.059586	-0.207084	0.166352	-0.083933	-0.056344	0.994877	-0.164970	-0.983837	-0.069636	0.982721	-0.169970	0.073282
25769	9.718879	0.015187	1.206416	-0.078495	-0.189425	0.160215	-0.082305	-0.058294	0.994901	-0.165575	-0.983614	-0.071330	0.982757	-0.170602	0.071304
25770	9.717620	0.186685	1.304904	-0.152546	-0.181231	0.148091	-0.080756	-0.060078	0.994922	-0.167189	-0.983223	-0.072942	0.982612	-0.172231	0.069356
25771	9.501199	0.239851	1.217272	-0.253325	-0.163613	0.132645	-0.079340	-0.061717	0.994935	-0.169540	-0.982705	-0.074478	0.982325	-0.174590	0.067504
25772	9.428524	0.136438	0.960040	-0.367217	-0.160410	0.121103	-0.077949	-0.063221	0.994951	-0.173147	-0.981962	-0.075960	0.981807	-0.178194	0.065596
25773	9.568054	-0.110907	0.630021	-0.452029	-0.147955	0.114766	-0.076666	-0.064665	0.994958	-0.177462	-0.981076	-0.077438	0.981137	-0.182504	0.063740
25774	9.714771	-0.255174	0.245198	-0.503789	-0.144823	0.125183	-0.075456	-0.066183	0.994950	-0.182489	-0.980027	-0.079030	0.980308	-0.187531	0.061871
25775	10.027503	-0.263262	-0.092990	-0.511044	-0.143688	0.133220	-0.074263	-0.067813	0.994930	-0.187365	-0.978969	-0.080710	0.979479	-0.192409	0.059995
25776	10.290276	-0.235489	-0.430852	-0.485028	-0.147700	0.143418	-0.073068	-0.069535	0.994900	-0.192125	-0.977900	-0.082457	0.978646	-0.197171	0.058094
25777	10.134164	-0.226367	-0.814098	-0.474250	-0.163153	0.143268	-0.071720	-0.071312	0.994872	-0.196629	-0.976856	-0.084196	0.977851	-0.201660	0.056038
25778	9.967709	-0.328640	-0.894529	-0.464869	-0.191974	0.136316	-0.070087	-0.073076	0.994861	-0.201091	-0.975804	-0.085842	0.977062	-0.206074	0.053696
25779	9.807928	-0.548468	-0.829794	-0.455162	-0.222491	0.123596	-0.068135	-0.074797	0.994868	-0.205419	-0.974768	-0.087354	0.976299	-0.210317	0.051051
25780	9.737943	-0.917918	-0.751032	-0.425572	-0.259560	0.118893	-0.065823	-0.076545	0.994891	-0.209529	-0.973763	-0.088782	0.975584	-0.214303	0.048058
25781	9.621208	-1.240039	-0.575460	-0.370348	-0.289700	0.114996	-0.063211	-0.078342	0.994920	-0.213035	-0.972877	-0.090142	0.974998	-0.217651	0.044807
25782	9.545593	-1.513626	-0.315689	-0.262187	-0.323484	0.121646	-0.060289	-0.080277	0.994948	-0.215503	-0.972207	-0.091501	0.974640	-0.219930	0.041313
25783	9.650986	-1.669072	-0.305766	-0.142758	-0.341355	0.125853	-0.057205	-0.082306	0.994964	-0.216789	-0.971793	-0.092853	0.974541	-0.221009	0.037748
25784	9.660899	-1.596488	-0.136597	0.003060	-0.352165	0.129256	-0.054023	-0.084385	0.994968	-0.216668	-0.971692	-0.094175	0.974749	-0.220665	0.034210
25785	9.617401	-1.404343	0.128104	0.126189	-0.362898	0.119425	-0.050713	-0.086396	0.994969	-0.215344	-0.971870	-0.095366	0.975220	-0.219097	0.030682
25786	9.532761	-1.281992	0.333266	0.216067	-0.359190	0.107422	-0.047409	-0.088268	0.994968	-0.213163	-0.972248	-0.096410	0.975866	-0.216661	0.027277
25787	9.573403	-1.385079	0.761643	0.299491	-0.350852	0.095940	-0.044157	-0.090008	0.994962	-0.210164	-0.972809	-0.097332	0.976668	-0.213403	0.024040
25788	9.565233	-1.637073	1.155705	0.354708	-0.339072	0.086106	-0.040992	-0.091610	0.994951	-0.206638	-0.973482	-0.098146	0.977558	-0.209618	0.020975
25789	9.536477	-2.227242	1.434456	0.384184	-0.327750	0.082960	-0.037926	-0.093150	0.994929	-0.202818	-0.974205	-0.098941	0.978482	-0.205542	0.018056
25790	9.543994	-2.899968	1.544215	0.395255	-0.305940	0.091355	-0.035084	-0.094709	0.994887	-0.198892	-0.974924	-0.099822	0.979393	-0.201377	0.015368
25791	9.611857	-3.443595	1.568027	0.436950	-0.275641	0.097475	-0.032545	-0.096260	0.994824	-0.194547	-0.975703	-0.100774	0.980353	-0.196820	0.013027
25792	9.668915	-3.765956	1.641587	0.526989	-0.227100	0.092402	-0.030464	-0.097650	0.994754	-0.189326	-0.976637	-0.101669	0.981442	-0.191430	0.011265
25793	9.539945	-3.819906	1.619974	0.640281	-0.160394	0.081501	-0.029009	-0.098799	0.994684	-0.182983	-0.977763	-0.102455	0.982688	-0.184983	0.010286
25794	9.532293	-3.596530	1.712842	0.702271	-0.079154	0.057587	-0.028304	-0.099554	0.994630	-0.176035	-0.978981	-0.102997	0.983977	-0.178005	0.010184
25795	9.658166	-3.296194	1.891679	0.659150	0.006319	0.037194	-0.028399	-0.099958	0.994586	-0.169505	-0.980096	-0.103342	0.985120	-0.171522	0.010890
25796	9.632399	-2.779218	1.687580	0.538069	0.066868	0.017061	-0.029056	-0.100060	0.994557	-0.164170	-0.980988	-0.103491	0.986004	-0.166284	0.012076
25797	9.659830	-2.244261	1.066074	0.396759	0.067854	-0.024415	-0.029653	-0.099760	0.994570	-0.160234	-0.981665	-0.103243	0.986634	-0.162425	0.013125
25798	9.792123	-1.962084	0.259185	0.365351	0.034710	-0.066091	-0.029861	-0.099103	0.994629	-0.156621	-0.982317	-0.102579	0.987207	-0.158843	0.013811
25799	9.925524	-1.592994	-0.383784	0.352993	-0.012378	-0.097132	-0.029556	-0.098219	0.994726	-0.153134	-0.982968	-0.101608	0.987763	-0.155330	0.014011
25800	9.779422	-1.255715	-0.979043	0.365094	-0.049053	-0.115014	-0.028866	-0.097211	0.994845	-0.149533	-0.983641	-0.100455	0.988335	-0.151662	0.013858
25801	9.586925	-1.026353	-1.170038	0.393688	-0.106401	-0.132132	-0.027586	-0.096121	0.994987	-0.145648	-0.984357	-0.099132	0.988952	-0.147652	0.013155
25802	9.554475	-1.014286	-1.134450	0.401901	-0.150398	-0.139680	-0.025866	-0.095012	0.995140	-0.141681	-0.985076	-0.097734	0.989574	-0.143521	0.012018
25803	9.527733	-1.000911	-0.976740	0.392258	-0.203014	-0.141310	-0.023626	-0.093957	0.995296	-0.137803	-0.985764	-0.096329	0.990178	-0.139431	0.010342
25804	9.584663	-0.990831	-0.531420	0.368459	-0.244334	-0.136684	-0.020987	-0.092993	0.995446	-0.134157	-0.986398	-0.094977	0.990738	-0.135540	0.008226
25805	9.484134	-1.123526	-0.192596	0.338191	-0.271081	-0.130432	-0.018094	-0.092119	0.995584	-0.130801	-0.986971	-0.093699	0.991243	-0.131919	0.005809
25806	9.577422	-1.243776	0.134407	0.301225	-0.287356	-0.132466	-0.015041	-0.091233	0.995716	-0.127809	-0.987484	-0.092410	0.991685	-0.128652	0.003192
25807	9.665819	-1.347366	0.616715	0.277569	-0.272062	-0.127137	-0.012148	-0.090373	0.995834	-0.125044	-0.987952	-0.091183	0.992077	-0.125631	0.000701
25808	9.816416	-1.422111	1.182108	0.214408	-0.225290	-0.128791	-0.009719	-0.089428	0.995946	-0.122903	-0.988334	-0.089944	0.992371	-0.123279	-0.001385
25809	10.084125	-1.309323	1.626992	0.127795	-0.161316	-0.128124	-0.007927	-0.088409	0.996053	-0.121617	-0.988604	-0.088716	0.992545	-0.121840	-0.002915
25810	10.266430	-1.082459	1.924852	0.045936	-0.069482	-0.126441	-0.007051	-0.087291	0.996158	-0.121142	-0.988771	-0.087502	0.992610	-0.121294	-0.003602
25811	10.250124	-0.774683	2.015789	-0.046976	0.030719	-0.123356	-0.007172	-0.086084	0.996262	-0.121588	-0.988820	-0.086316	0.992555	-0.121753	-0.003375
25812	10.017226	-0.433046	1.973580	-0.140970	0.124973	-0.129149	-0.008223	-0.084701	0.996372	-0.122970	-0.988758	-0.085069	0.992376	-0.123223	-0.002285
25813	9.966537	-0.273163	1.818096	-0.255530	0.176393	-0.146315	-0.009757	-0.083085	0.996495	-0.125489	-0.988562	-0.083652	0.992047	-0.125866	-0.000781
25814	9.856069	-0.423629	1.435785	-0.407208	0.200764	-0.165050	-0.011507	-0.081244	0.996628	-0.129518	-0.988176	-0.082051	0.991510	-0.130026	0.000848
25815	9.940495	-0.743775	0.746727	-0.541088	0.194591	-0.195598	-0.013143	-0.079103	0.996780	-0.134876	-0.987615	-0.080154	0.990775	-0.135495	0.002311
25816	10.359364	-0.929350	-0.448184	-0.659237	0.156018	-0.211929	-0.014366	-0.076842	0.996940	-0.141407	-0.986866	-0.078104	0.989847	-0.142096	0.003311
25817	10.443649	-0.448546	-1.870169	-0.710438	0.132869	-0.221322	-0.015326	-0.074516	0.997102	-0.148439	-0.985999	-0.075968	0.988803	-0.149173	0.004051
25818	10.726770	0.695723	-2.532072	-0.644829	0.117796	-0.230243	-0.016112	-0.072116	0.997266	-0.154821	-0.985187	-0.073743	0.987811	-0.155586	0.004708
25819	9.975959	1.430063	-3.017167	-0.537642	0.141537	-0.256060	-0.017074	-0.069420	0.997441	-0.160142	-0.984518	-0.071262	0.986946	-0.160949	0.005692
25820	9.695734	1.371234	-2.901232	-0.364127	0.098984	-0.291199	-0.017548	-0.066441	0.997636	-0.163761	-0.984124	-0.068422	0.986344	-0.164574	0.006389
25821	10.272642	0.879539	-2.337275	-0.307813	0.020976	-0.316659	-0.017200	-0.063341	0.997844	-0.166821	-0.983821	-0.065327	0.985837	-0.167585	0.006355
25822	10.544302	-0.094563	-2.032426	-0.297811	-0.030929	-0.326771	-0.016313	-0.060227	0.998051	-0.169783	-0.983521	-0.062126	0.985346	-0.170466	0.005819
25823	10.249933	-1.167032	-1.938713	-0.255777	-0.097957	-0.306512	-0.014792	-0.057432	0.998240	-0.172321	-0.983265	-0.059124	0.984930	-0.172893	0.004648
25824	9.692520	-2.025391	-1.624468	-0.184627	-0.169696	-0.243547	-0.012667	-0.055381	0.998385	-0.174149	-0.983083	-0.056742	0.984638	-0.174586	0.002809
25825	9.380821	-2.557067	-1.064467	-0.062396	-0.207064	-0.175877	-0.010290	-0.054065	0.998484	-0.174754	-0.983073	-0.055032	0.984558	-0.175055	0.000668
25826	9.141969	-2.710857	-0.579448	0.109223	-0.197191	-0.115737	-0.008115	-0.053320	0.998544	-0.173661	-0.983328	-0.053919	0.984772	-0.173846	-0.001280
25827	9.139769	-2.424818	-0.061436	0.278100	-0.177426	-0.079698	-0.006198	-0.052894	0.998581	-0.170899	-0.983853	-0.053174	0.985269	-0.170986	-0.002942
25828	8.934535	-1.923362	0.321979	0.359024	-0.151098	-0.081245	-0.004538	-0.052400	0.998616	-0.167334	-0.984506	-0.052420	0.985890	-0.167341	-0.004300
25829	9.877550	-1.338827	0.974796	0.343019	-0.133806	-0.121652	-0.002985	-0.051474	0.998670	-0.163927	-0.985139	-0.051267	0.986468	-0.163862	-0.005497
25830	9.899297	-0.666634	1.231964	0.256722	-0.070080	-0.173363	-0.001979	-0.049930	0.998751	-0.161370	-0.985647	-0.049594	0.986892	-0.161266	-0.006106
25831	10.056202	-0.264700	1.436131	0.161459	-0.017071	-0.242182	-0.001389	-0.047620	0.998865	-0.159751	-0.986027	-0.047231	0.987156	-0.159636	-0.006237
25832	10.237293	-0.077385	1.696251	0.065008	0.036674	-0.307750	-0.001229	-0.044577	0.999005	-0.159085	-0.986275	-0.044205	0.987264	-0.158981	-0.005880
25833	10.253790	-0.054150	1.717034	0.001331	0.116953	-0.349014	-0.001796	-0.040999	0.999158	-0.159048	-0.986429	-0.040763	0.987269	-0.158988	-0.004750
25834	10.024210	-0.117462	1.774115	-0.006836	0.197528	-0.365190	-0.003133	-0.037132	0.999305	-0.159095	-0.986564	-0.037158	0.987258	-0.159101	-0.002816
25835	9.773638	-0.110504	1.740623	-0.011123	0.260457	-0.359393	-0.005100	-0.033223	0.999435	-0.159190	-0.986676	-0.033611	0.987235	-0.159272	-0.000256
25836	9.437868	-0.060703	1.404767	0.006538	0.284143	-0.338193	-0.007336	-0.029482	0.999538	-0.159117	-0.986795	-0.030274	0.987233	-0.159265	0.002548
25837	9.293315	0.088914	0.987586	0.030494	0.261972	-0.316656	-0.009387	-0.025991	0.999618	-0.158813	-0.986935	-0.027153	0.987264	-0.159007	0.005136
25838	9.233282	0.103378	0.574957	0.039799	0.215448	-0.298070	-0.011010	-0.022757	0.999680	-0.158419	-0.987075	-0.024214	0.987311	-0.158635	0.007263
25839	9.277842	-0.067383	0.234148	0.025089	0.136000	-0.283647	-0.011871	-0.019792	0.999734	-0.158174	-0.987179	-0.021422	0.987340	-0.158386	0.008589
25840	9.409838	-0.171761	-0.173735	-0.015253	0.057542	-0.260067	-0.011998	-0.017182	0.999780	-0.158327	-0.987207	-0.018866	0.987314	-0.158518	0.009124
25841	9.526136	-0.427581	-0.503717	-0.030719	0.003379	-0.233026	-0.011629	-0.014927	0.999821	-0.158628	-0.987199	-0.016584	0.987270	-0.158793	0.009113
25842	9.567079	-0.635432	-0.650284	0.023418	-0.031183	-0.208886	-0.010960	-0.012964	0.999856	-0.158398	-0.987268	-0.014537	0.987315	-0.158534	0.008767
25843	9.525062	-0.774562	-0.765907	0.099372	-0.048451	-0.189810	-0.010149	-0.011217	0.999886	-0.157407	-0.987452	-0.012675	0.987482	-0.157518	0.008256
25844	9.469728	-0.826928	-0.837178	0.191103	-0.037365	-0.169533	-0.009484	-0.009651	0.999908	-0.155505	-0.987774	-0.011008	0.987790	-0.155595	0.007867
25845	9.513521	-0.694587	-0.711758	0.273224	-0.004288	-0.165080	-0.009155	-0.008077	0.999925	-0.152791	-0.988214	-0.009381	0.988216	-0.152866	0.007813
25846	9.303276	-0.259857	-0.909680	0.307532	0.016725	-0.148593	-0.009064	-0.006632	0.999937	-0.149736	-0.988694	-0.007915	0.988684	-0.149798	0.007968
25847	9.283475	0.279924	-1.105292	0.331894	0.002738	-0.163976	-0.008815	-0.005057	0.999948	-0.146439	-0.989200	-0.006294	0.989180	-0.146487	0.007979
25848	9.354700	0.809599	-1.169391	0.325770	-0.017776	-0.182859	-0.008342	-0.003323	0.999960	-0.143205	-0.989683	-0.004483	0.989658	-0.143236	0.007780
25849	9.465389	1.083901	-1.041506	0.256372	-0.052093	-0.211586	-0.007493	-0.001353	0.999971	-0.140654	-0.990056	-0.002393	0.990030	-0.140668	0.007228
25850	9.574151	1.203234	-0.901281	0.136199	-0.080672	-0.230726	-0.006338	0.000770	0.999980	-0.139296	-0.990251	-0.000120	0.990231	-0.139294	0.006383
25851	9.737611	1.177137	-0.679215	0.034670	-0.103932	-0.242680	-0.004938	0.002979	0.999983	-0.138937	-0.990299	0.002264	0.990289	-0.138924	0.005303
25852	9.833639	0.954493	-0.424380	-0.033073	-0.119171	-0.245949	-0.003382	0.005200	0.999981	-0.139247	-0.990247	0.004679	0.990252	-0.139228	0.004073
25853	9.907429	0.700616	-0.296205	-0.097577	-0.133735	-0.230585	-0.001702	0.007246	0.999972	-0.140190	-0.990100	0.006936	0.990123	-0.140174	0.002701
25854	9.980412	0.504509	-0.212156	-0.148504	-0.140541	-0.207596	0.000016	0.009055	0.999959	-0.141634	-0.989879	0.008966	0.989919	-0.141628	0.001267
25855	10.050986	0.405226	-0.186333	-0.175265	-0.145275	-0.179840	0.001743	0.010578	0.999943	-0.143338	-0.989616	0.010719	0.989672	-0.143349	-0.000209
25856	10.144663	0.493368	-0.050852	-0.171617	-0.146354	-0.149643	0.003441	0.011799	0.999924	-0.145007	-0.989356	0.012174	0.989425	-0.145037	-0.001693
25857	10.190334	0.568830	0.143860	-0.162819	-0.147440	-0.132907	0.005126	0.012849	0.999904	-0.146583	-0.989107	0.013462	0.989185	-0.146638	-0.003187
25858	10.159218	0.621314	0.203128	-0.161315	-0.127287	-0.120925	0.006597	0.013809	0.999883	-0.148145	-0.988857	0.014634	0.988944	-0.148224	-0.004478
25859	10.061197	0.731875	0.312170	-0.131484	-0.082998	-0.116412	0.007624	0.014786	0.999862	-0.149408	-0.988650	0.015759	0.988746	-0.149508	-0.005328
25860	9.796510	0.770249	0.237977	-0.115881	-0.051552	-0.119539	0.008346	0.015842	0.999840	-0.150520	-0.988462	0.016919	0.988572	-0.150637	-0.005865
25861	9.686381	0.760682	0.143133	-0.126218	-0.024885	-0.123632	0.008812	0.016976	0.999817	-0.151729	-0.988256	0.018117	0.988383	-0.151861	-0.006132
25862	9.589086	0.742457	-0.021186	-0.113135	-0.011164	-0.140061	0.009168	0.018295	0.999791	-0.152810	-0.988064	0.019482	0.988213	-0.152956	-0.006263
25863	9.552105	0.707345	-0.329126	-0.087792	0.009030	-0.154985	0.009349	0.019790	0.999760	-0.153635	-0.987905	0.020992	0.988084	-0.153794	-0.006196
25864	9.718363	0.547234	-0.466147	-0.091493	0.002457	-0.170394	0.009621	0.021429	0.999724	-0.154497	-0.987733	0.022659	0.987946	-0.154673	-0.006192
25865	9.371874	0.310602	-0.812113	-0.104146	0.000233	-0.174100	0.009921	0.023098	0.999684	-0.155481	-0.987538	0.024361	0.987789	-0.155673	-0.006206
25866	9.813388	0.206021	-0.699920	-0.070479	-0.020280	-0.166249	0.010413	0.024661	0.999642	-0.156136	-0.987394	0.025985	0.987681	-0.156350	-0.006432
25867	10.271830	0.250757	-0.547171	-0.056676	-0.025176	-0.145510	0.010922	0.026007	0.999602	-0.156651	-0.987274	0.027398	0.987594	-0.156888	-0.006709
25868	10.557482	0.389933	-0.354933	-0.026822	-0.020925	-0.127862	0.011363	0.027189	0.999566	-0.156878	-0.987203	0.028636	0.987553	-0.157135	-0.006952
25869	10.583480	0.531140	-0.160143	-0.012353	-0.019280	-0.106534	0.011753	0.028159	0.999534	-0.156960	-0.987160	0.029656	0.987535	-0.157235	-0.007182
25870	10.428735	0.634996	0.172680	-0.021056	-0.028463	-0.095587	0.012218	0.029011	0.999504	-0.157132	-0.987104	0.030571	0.987502	-0.157427	-0.007502
25871	10.168812	0.774027	0.497657	-0.039109	-0.036970	-0.077646	0.012737	0.029668	0.999479	-0.157480	-0.987026	0.031305	0.987440	-0.157797	-0.007900
25872	9.985398	0.904943	0.662131	-0.089838	-0.042963	-0.081325	0.013323	0.030355	0.999450	-0.158333	-0.986864	0.032083	0.987296	-0.158673	-0.008342
25873	9.852945	0.927829	0.766864	-0.166044	-0.037036	-0.090646	0.013866	0.031140	0.999419	-0.159931	-0.986578	0.032958	0.987031	-0.160295	-0.008699
25874	9.743350	0.933999	0.689031	-0.231276	-0.003308	-0.110886	0.014110	0.032181	0.999382	-0.162175	-0.986175	0.034045	0.986661	-0.162555	-0.008696
25875	9.647792	0.853743	0.528164	-0.263167	0.030644	-0.128866	0.014050	0.033450	0.999342	-0.164725	-0.985707	0.035310	0.986240	-0.165112	-0.008339
25876	9.614852	0.719888	0.237913	-0.253238	0.059312	-0.141534	0.013733	0.034897	0.999297	-0.167179	-0.985243	0.036703	0.985831	-0.167565	-0.007696
25877	9.640788	0.578348	0.044782	-0.215077	0.093511	-0.145315	0.013088	0.036435	0.999250	-0.169251	-0.984835	0.038126	0.985486	-0.169623	-0.006722
25878	9.612574	0.505201	-0.155756	-0.174252	0.116939	-0.127598	0.012185	0.037843	0.999209	-0.170929	-0.984496	0.039370	0.985208	-0.171274	-0.005527
25879	9.652219	0.532355	-0.328544	-0.127968	0.137061	-0.107184	0.011050	0.039082	0.999175	-0.172149	-0.984242	0.040402	0.985009	-0.172454	-0.004148
25880	9.729664	0.597715	-0.430445	-0.089787	0.152284	-0.089645	0.009737	0.040181	0.999145	-0.173001	-0.984057	0.041260	0.984873	-0.173255	-0.002630
25881	10.136080	0.702606	-0.507152	-0.070039	0.156750	-0.058482	0.008326	0.040977	0.999125	-0.173658	-0.983919	0.041800	0.984771	-0.173854	-0.001076
25882	9.616852	0.784681	-0.755212	-0.090947	0.170315	-0.039487	0.006750	0.041615	0.999111	-0.174527	-0.983750	0.042154	0.984629	-0.174656	0.000622
25883	9.769085	0.630428	-0.935676	-0.098172	0.132829	-0.037424	0.005540	0.042164	0.999095	-0.175463	-0.983569	0.042482	0.984471	-0.175539	0.001950
25884	9.707961	0.492295	-0.895823	-0.112332	0.095847	-0.039546	0.004698	0.042675	0.999078	-0.176544	-0.983360	0.042834	0.984282	-0.176582	0.002914
25885	9.733947	0.269410	-0.909102	-0.113673	0.061127	-0.043002	0.004204	0.043154	0.999060	-0.177632	-0.983148	0.043215	0.984088	-0.177647	0.003532
25886	9.798657	0.085087	-0.814354	-0.120645	0.025091	-0.045607	0.004072	0.043600	0.999041	-0.178795	-0.982919	0.043625	0.983878	-0.178801	0.003793
25887	9.787396	-0.020257	-0.787378	-0.104451	-0.000687	-0.051560	0.004202	0.044054	0.999020	-0.179791	-0.982716	0.044091	0.983696	-0.179801	0.003791
25888	9.736391	0.090152	-0.683971	-0.070918	-0.023660	-0.056950	0.004571	0.044523	0.998998	-0.180463	-0.982569	0.044617	0.983571	-0.180486	0.003544
25889	9.650439	0.277561	-0.521287	-0.038892	-0.031325	-0.071545	0.005039	0.045118	0.998969	-0.180814	-0.982474	0.045285	0.983504	-0.180855	0.003207
25890	9.571249	0.422871	-0.261711	-0.020817	-0.032772	-0.078989	0.005538	0.045787	0.998936	-0.180991	-0.982407	0.046033	0.983469	-0.181053	0.002847
25891	9.611140	0.623420	0.007087	-0.036833	-0.036367	-0.087921	0.006086	0.046533	0.998898	-0.181320	-0.982307	0.046865	0.983405	-0.181405	0.002459
25892	9.672324	0.677210	0.228072	-0.085084	-0.034317	-0.091562	0.006623	0.047322	0.998858	-0.182127	-0.982116	0.047737	0.983253	-0.182235	0.002114
25893	9.710719	0.703929	0.323682	-0.133020	-0.016401	-0.086279	0.006973	0.048088	0.998819	-0.183400	-0.981839	0.048551	0.983014	-0.183522	0.001973
25894	9.701352	0.657611	0.435798	-0.157256	0.004500	-0.088273	0.007124	0.048915	0.998778	-0.184916	-0.981513	0.049388	0.982729	-0.185042	0.002052
25895	9.830376	0.539669	0.483124	-0.186963	0.019891	-0.082114	0.007113	0.049706	0.998739	-0.186719	-0.981132	0.050160	0.982388	-0.186840	0.002303
25896	9.959547	0.421013	0.531590	-0.193308	0.033682	-0.074612	0.006955	0.050453	0.998702	-0.188590	-0.980738	0.050859	0.982031	-0.188699	0.002694
25897	9.911827	0.315844	0.521367	-0.171824	0.064478	-0.071525	0.006488	0.051225	0.998666	-0.190244	-0.980384	0.051523	0.981715	-0.190324	0.003385
25898	9.946332	0.265884	0.482269	-0.134578	0.075304	-0.071066	0.005917	0.052017	0.998629	-0.191538	-0.980097	0.052187	0.981467	-0.191584	0.004164
25899	9.958290	0.210222	0.331495	-0.103868	0.076281	-0.074705	0.005342	0.052844	0.998588	-0.192524	-0.979866	0.052883	0.981278	-0.192535	0.004939
25900	9.809427	0.199909	0.120736	-0.078674	0.086730	-0.078872	0.004675	0.053736	0.998544	-0.193267	-0.979680	0.053626	0.981135	-0.193236	0.005805
25901	9.976728	0.239679	0.051407	-0.053201	0.083689	-0.078962	0.004038	0.054620	0.998499	-0.193757	-0.979542	0.054366	0.981041	-0.193686	0.006628
25902	9.706532	0.366933	-0.019469	-0.027675	0.100710	-0.077269	0.003231	0.055523	0.998452	-0.194001	-0.979453	0.055095	0.980996	-0.193879	0.007607
25903	9.475985	0.433783	-0.051861	0.011875	0.108915	-0.069889	0.002329	0.056367	0.998407	-0.193854	-0.979445	0.055749	0.981028	-0.193675	0.008646
25904	9.556663	0.553399	-0.027015	0.033814	0.098816	-0.058217	0.001505	0.057080	0.998368	-0.193498	-0.979484	0.056292	0.981100	-0.193267	0.009571
25905	9.727335	0.626056	0.019725	0.029380	0.104863	-0.049169	0.000601	0.057712	0.998333	-0.193181	-0.979521	0.056741	0.981163	-0.192893	0.010560
25906	9.843998	0.668660	-0.016490	0.015574	0.102106	-0.036364	-0.000298	0.058217	0.998304	-0.193006	-0.979537	0.057065	0.981198	-0.192661	0.011528
25907	9.961693	0.671820	-0.082883	-0.008723	0.092444	-0.029919	-0.001117	0.058636	0.998279	-0.193063	-0.979511	0.057318	0.981186	-0.192666	0.012414
25908	10.065846	0.641926	-0.108655	-0.035011	0.074986	-0.025217	-0.001772	0.058979	0.998258	-0.193380	-0.979436	0.057524	0.981122	-0.192941	0.013141
25909	10.069580	0.565350	-0.119020	-0.050042	0.064842	-0.020625	-0.002337	0.059255	0.998240	-0.193842	-0.979336	0.057679	0.981030	-0.193367	0.013775
25910	10.130314	0.458445	-0.049644	-0.057439	0.051107	-0.028193	-0.002752	0.059581	0.998220	-0.194384	-0.979215	0.057911	0.980922	-0.193879	0.014276
25911	10.240471	0.404211	0.033021	-0.033779	0.046497	-0.032893	-0.003113	0.059942	0.998197	-0.194688	-0.979138	0.058190	0.980860	-0.194156	0.014718
25912	10.120748	0.333976	-0.031051	-0.005255	0.044349	-0.031438	-0.003455	0.060287	0.998175	-0.194716	-0.979116	0.058462	0.980854	-0.194159	0.015121
25913	10.211978	0.308897	0.052152	0.027054	0.026499	-0.035730	-0.003615	0.060637	0.998153	-0.194423	-0.979155	0.058778	0.980911	-0.193852	0.015328
25914	10.207217	0.355265	-0.000800	0.057533	0.005519	-0.045254	-0.003549	0.061042	0.998129	-0.193836	-0.979246	0.059198	0.981027	-0.193264	0.015307
25915	10.127182	0.498230	-0.063288	0.069955	-0.023408	-0.050589	-0.003190	0.061440	0.998106	-0.193123	-0.979359	0.059669	0.981169	-0.192567	0.014990
25916	9.921614	0.648936	-0.222741	0.078204	-0.063648	-0.066603	-0.002405	0.061922	0.998078	-0.192333	-0.979475	0.060304	0.981327	-0.191818	0.014265
25917	9.793884	0.720554	-0.280105	0.081189	-0.107920	-0.079095	-0.001163	0.062438	0.998048	-0.191509	-0.979590	0.061060	0.981490	-0.191064	0.013097
25918	9.772148	0.816114	-0.246310	0.075064	-0.145887	-0.106618	0.000505	0.063155	0.998004	-0.190744	-0.979674	0.062092	0.981640	-0.190395	0.011552
25919	9.806046	0.866303	-0.191791	0.066449	-0.170031	-0.123368	0.002440	0.063989	0.997948	-0.190062	-0.979730	0.063286	0.981769	-0.189826	0.009772
25920	9.934398	0.869752	-0.032676	0.065972	-0.183048	-0.140074	0.004535	0.064966	0.997877	-0.189384	-0.979773	0.064648	0.981893	-0.189275	0.007860
25921	9.993270	0.909401	0.158569	0.052062	-0.180348	-0.152928	0.006626	0.066072	0.997793	-0.188835	-0.979779	0.066133	0.981986	-0.188857	0.005984
25922	10.001374	0.899389	0.294686	0.030287	-0.168324	-0.160319	0.008615	0.067276	0.997697	-0.188501	-0.979737	0.067693	0.982035	-0.188650	0.004241
25923	10.076404	0.873704	0.696862	0.027794	-0.145552	-0.165401	0.010387	0.068570	0.997592	-0.188184	-0.979686	0.069299	0.982079	-0.188451	0.002728
25924	10.328949	0.857787	1.178261	0.035776	-0.089618	-0.165472	0.011611	0.069974	0.997481	-0.187792	-0.979646	0.070909	0.982140	-0.188142	0.001766
25925	10.680607	0.675693	2.009289	0.046773	0.018447	-0.153330	0.011748	0.071460	0.997374	-0.187286	-0.979634	0.072395	0.982235	-0.187645	0.001875
25926	10.941050	0.325718	2.909763	0.064529	0.170776	-0.137161	0.010359	0.073075	0.997273	-0.186614	-0.979663	0.073723	0.982379	-0.186869	0.003488
25927	10.997648	-0.024947	3.697877	0.035880	0.336301	-0.099225	0.007271	0.074623	0.997185	-0.186224	-0.979666	0.074670	0.982480	-0.186243	0.006773
25928	10.906977	-0.387153	4.142961	-0.017719	0.484034	-0.056035	0.002651	0.076025	0.997102	-0.186373	-0.979598	0.075186	0.982475	-0.186032	0.011572
25929	10.568116	-0.658243	4.461188	-0.039352	0.630446	-0.008142	-0.003496	0.077225	0.997008	-0.186731	-0.979527	0.075216	0.982405	-0.185909	0.017845
25930	10.192035	-0.805565	4.780958	-0.006996	0.755745	0.030627	-0.010949	0.078280	0.996871	-0.186773	-0.979546	0.074868	0.982342	-0.185369	0.025345
25931	9.805006	-0.724199	5.087821	0.018009	0.872780	0.062300	-0.019607	0.079232	0.996663	-0.186557	-0.979637	0.074209	0.982248	-0.184480	0.033990
25932	10.012113	-0.645385	5.289748	0.029286	0.974717	0.083672	-0.029310	0.080157	0.996351	-0.186225	-0.979766	0.073345	0.982070	-0.183396	0.043644
25933	10.488962	-0.371212	5.358046	0.098073	1.112122	0.107433	-0.040399	0.081082	0.995888	-0.185195	-0.980040	0.072279	0.981871	-0.181513	0.054608
25934	9.483334	-0.022303	5.082424	0.107336	1.293711	0.119969	-0.053295	0.082192	0.995190	-0.184059	-0.980340	0.071109	0.981469	-0.179384	0.067376
25935	9.169210	0.154038	4.663139	0.199360	1.449401	0.112253	-0.067692	0.083617	0.994196	-0.182004	-0.980796	0.070098	0.980965	-0.176202	0.081610
25936	9.195606	0.288555	4.229915	0.304100	1.581253	0.104000	-0.083363	0.085301	0.992862	-0.178917	-0.981421	0.069296	0.980326	-0.171863	0.097076
25937	8.809462	0.514847	3.832277	0.372601	1.693688	0.076104	-0.100063	0.087370	0.991138	-0.175163	-0.982126	0.068892	0.979441	-0.166718	0.113578
25938	9.102448	0.441419	3.369525	0.395026	1.782838	0.030946	-0.117545	0.089943	0.988986	-0.171236	-0.982809	0.069029	0.978193	-0.161236	0.130925
25939	9.322423	0.459991	3.076257	0.452453	1.860578	0.002743	-0.135704	0.092808	0.986393	-0.166776	-0.983536	0.069595	0.976612	-0.155062	0.148947
25940	9.526039	0.565752	2.839541	0.457916	1.923809	-0.008041	-0.154437	0.095763	0.983351	-0.162291	-0.984231	0.070360	0.974582	-0.148723	0.167544
25941	9.586741	0.529166	2.393707	0.471359	1.907666	-0.019996	-0.172943	0.098684	0.979975	-0.157700	-0.984906	0.071351	0.972225	-0.142202	0.185896
25942	9.696052	0.098739	1.346159	0.551620	1.724570	-0.044192	-0.189600	0.101465	0.976605	-0.152394	-0.985634	0.072817	0.969963	-0.135022	0.202339
25943	9.985978	0.293524	0.662910	0.585486	1.431014	-0.064891	-0.203338	0.103935	0.973576	-0.146810	-0.986345	0.074636	0.968039	-0.127755	0.215820
25944	10.612644	0.342902	0.345478	0.503557	1.219018	-0.098424	-0.214963	0.106380	0.970811	-0.142115	-0.986876	0.076673	0.966227	-0.121485	0.227260
25945	10.628949	0.552474	0.267327	0.381113	1.086914	-0.112597	-0.225264	0.108736	0.968211	-0.138646	-0.987217	0.078613	0.964382	-0.116530	0.237460
25946	10.640665	0.682094	0.243883	0.227611	0.910680	-0.097578	-0.233880	0.110700	0.965943	-0.136644	-0.987379	0.080072	0.962615	-0.113263	0.246055
25947	10.473926	0.494255	0.172229	0.110249	0.768505	-0.067076	-0.241148	0.112176	0.963983	-0.135704	-0.987436	0.080958	0.960954	-0.111294	0.253341
25948	9.984679	0.513816	0.285924	0.057614	0.631200	-0.017671	-0.247160	0.113004	0.962363	-0.135160	-0.987488	0.081241	0.959502	-0.109994	0.259341
25949	9.593697	0.362975	-0.015382	0.042657	0.470405	0.023433	-0.251670	0.113239	0.961165	-0.134653	-0.987569	0.081092	0.958400	-0.109016	0.263790
25950	9.227040	0.363649	-0.246523	0.040377	0.319712	0.042207	-0.254764	0.113123	0.960364	-0.134125	-0.987668	0.080759	0.957656	-0.108234	0.266795
25951	9.061931	0.313890	-0.575999	-0.005394	0.218115	0.076643	-0.256923	0.112553	0.959855	-0.133941	-0.987757	0.079973	0.957105	-0.108017	0.268853
25952	8.973210	0.426850	-0.594898	-0.088990	0.177580	0.133832	-0.258775	0.111377	0.959495	-0.134412	-0.987818	0.078414	0.956540	-0.108676	0.270593
25953	8.959715	0.274704	-0.463797	-0.162478	0.181271	0.213605	-0.260764	0.109417	0.959182	-0.135371	-0.987884	0.075889	0.955865	-0.110056	0.272416
25954	9.044580	-0.024325	-0.176273	-0.189694	0.214561	0.321310	-0.263223	0.106433	0.958846	-0.136305	-0.988029	0.072254	0.955058	-0.111676	0.274579
25955	9.184397	-0.302462	0.083562	-0.149680	0.255780	0.442729	-0.266236	0.102296	0.958464	-0.136522	-0.988331	0.067562	0.954191	-0.112864	0.277095
25956	9.274370	-0.496205	0.363726	-0.071600	0.289443	0.569649	-0.269743	0.096945	0.958040	-0.135640	-0.988825	0.061869	0.953331	-0.113260	0.279878
25957	9.353915	-0.582891	0.643720	0.016854	0.310341	0.685372	-0.273591	0.090467	0.957582	-0.133578	-0.989493	0.055317	0.952526	-0.112777	0.282801
25958	9.420461	-0.528165	1.008785	0.105991	0.335435	0.779626	-0.277784	0.083077	0.957044	-0.130380	-0.990296	0.048120	0.951755	-0.111412	0.285920
