// General information: 
//  MT Manager version: 2022.2.0 
//  XDA version: 2022.2.0 build 7381 rev 124627 built on 2023-07-19
// Device information: 
//  DeviceId: 00B4CB9F
//  ProductCode: MTW2-3A7G6
//  Firmware Version: 4.6.0
//  Hardware Version: 2.0.0
// Device settings: 
//  Filter Profile: human(46.1)
//  Option Flags: Orientation Smoother Disabled, Position/Velocity Smoother Disabled, Continuous Zero Rotation Update Disabled, AHS Disabled, ICC Disabled
// Coordinate system: ENU
PacketCounter	Acc_X	Acc_Y	Acc_Z	Gyr_X	Gyr_Y	Gyr_Z	Mat[1][1]	Mat[2][1]	Mat[3][1]	Mat[1][2]	Mat[2][2]	Mat[3][2]	Mat[1][3]	Mat[2][3]	Mat[3][3]
33776	9.169228	-0.727027	3.437896	-0.009858	-0.001243	0.028877	-0.343979	-0.126966	0.930354	0.114293	-0.989110	-0.092727	0.931996	0.074437	0.354744
33777	9.144130	-0.760499	3.508139	0.002078	-0.008311	0.033174	-0.343809	-0.127322	0.930368	0.114480	-0.989058	-0.093049	0.932035	0.074518	0.354623
33778	9.139378	-0.722605	3.498022	0.011773	-0.010068	0.039304	-0.343624	-0.127740	0.930379	0.114779	-0.988991	-0.093395	0.932067	0.074695	0.354503
33779	9.090156	-0.706056	3.547434	0.021432	-0.011451	0.054608	-0.343400	-0.128305	0.930384	0.115220	-0.988897	-0.093848	0.932095	0.074971	0.354371
33780	9.124064	-0.652446	3.591769	0.019185	-0.013754	0.056130	-0.343161	-0.128886	0.930392	0.115644	-0.988802	-0.094324	0.932130	0.075226	0.354223
33781	9.119205	-0.579848	3.613757	0.006465	-0.012610	0.060274	-0.342919	-0.129506	0.930395	0.115965	-0.988711	-0.094882	0.932179	0.075356	0.354066
33782	9.094947	-0.479857	3.640709	-0.011476	-0.015128	0.057882	-0.342663	-0.130103	0.930406	0.116110	-0.988636	-0.095483	0.932256	0.075311	0.353875
33783	8.992358	-0.458616	3.681943	-0.035365	-0.011685	0.050388	-0.342441	-0.130626	0.930414	0.116006	-0.988589	-0.096097	0.932350	0.075026	0.353687
33784	8.967451	-0.495244	3.751452	-0.058532	-0.010563	0.049381	-0.342239	-0.131140	0.930417	0.115679	-0.988560	-0.096784	0.932465	0.074506	0.353494
33785	8.917797	-0.636008	3.826240	-0.074999	-0.018103	0.050780	-0.341957	-0.131662	0.930447	0.115206	-0.988541	-0.097542	0.932627	0.073838	0.353206
33786	8.947073	-0.771841	3.820837	-0.075768	-0.026140	0.054531	-0.341606	-0.132215	0.930497	0.114736	-0.988517	-0.098338	0.932813	0.073169	0.352853
33787	8.888372	-0.849747	3.859452	-0.069034	-0.025813	0.060338	-0.341242	-0.132827	0.930543	0.114351	-0.988479	-0.099163	0.932994	0.072570	0.352499
33788	8.878636	-0.948584	3.847541	-0.060838	-0.028443	0.074600	-0.340846	-0.133577	0.930581	0.114087	-0.988416	-0.100092	0.933171	0.072051	0.352137
33789	8.927958	-0.905040	3.859526	-0.035402	-0.023838	0.081824	-0.340476	-0.134402	0.930598	0.114088	-0.988323	-0.100998	0.933306	0.071783	0.351834
33790	8.884789	-0.834658	3.842308	-0.028650	-0.021101	0.084682	-0.340138	-0.135259	0.930597	0.114161	-0.988222	-0.101908	0.933420	0.071575	0.351573
33791	8.867272	-0.660842	3.819188	-0.045879	-0.035970	0.074599	-0.339663	-0.136005	0.930662	0.114040	-0.988145	-0.102784	0.933608	0.071221	0.351146
33792	8.831042	-0.549666	3.718410	-0.077314	-0.052231	0.064546	-0.339056	-0.136642	0.930790	0.113592	-0.988103	-0.103678	0.933883	0.070577	0.350544
33793	8.931198	-0.526583	3.676580	-0.110259	-0.073481	0.053307	-0.338255	-0.137151	0.931006	0.112795	-0.988099	-0.104581	0.934270	0.069638	0.349700
33794	9.030457	-0.658080	3.657932	-0.130472	-0.091065	0.048768	-0.337304	-0.137605	0.931284	0.111793	-0.988114	-0.105512	0.934734	0.068522	0.348679
33795	9.042435	-0.749901	3.666387	-0.135680	-0.099242	0.057189	-0.336258	-0.138137	0.931584	0.110770	-0.988119	-0.106537	0.935233	0.067368	0.347565
33796	8.980666	-0.888815	3.762336	-0.125219	-0.108988	0.057234	-0.335132	-0.138663	0.931912	0.109841	-0.988116	-0.107525	0.935747	0.066327	0.346380
33797	8.626413	-1.030541	3.719169	-0.098328	-0.116101	0.061763	-0.333923	-0.139231	0.932261	0.109180	-0.988087	-0.108462	0.936256	0.065567	0.345146
33798	8.948703	-0.987946	3.790535	-0.103667	-0.148531	0.065964	-0.332416	-0.139819	0.932711	0.108479	-0.988055	-0.109454	0.936873	0.064795	0.343613
33799	9.035977	-1.079281	3.827537	-0.101430	-0.161512	0.063623	-0.330779	-0.140378	0.933209	0.107792	-0.988023	-0.110416	0.937532	0.064069	0.341949
33800	9.059933	-1.153303	3.773226	-0.099068	-0.159635	0.069609	-0.329164	-0.140999	0.933687	0.107144	-0.987980	-0.111425	0.938175	0.063362	0.340314
33801	8.839441	-1.224314	3.719943	-0.096712	-0.160889	0.076961	-0.327517	-0.141692	0.934161	0.106542	-0.987924	-0.112493	0.938819	0.062684	0.338658
33802	8.825352	-1.271422	3.816142	-0.099653	-0.175123	0.081849	-0.325743	-0.142425	0.934669	0.105923	-0.987862	-0.113615	0.939506	0.061993	0.336875
33803	8.844513	-1.388690	3.840944	-0.112975	-0.189019	0.090761	-0.323816	-0.143240	0.935214	0.105208	-0.987794	-0.114865	0.940252	0.061197	0.334934
33804	8.918101	-1.431580	3.781209	-0.139768	-0.194737	0.082445	-0.321854	-0.143970	0.935779	0.104210	-0.987753	-0.116124	0.941037	0.060142	0.332916
33805	8.891268	-1.345938	3.692108	-0.150956	-0.209355	0.074419	-0.319752	-0.144615	0.936400	0.103080	-0.987727	-0.117343	0.941878	0.059004	0.330734
33806	9.027759	-1.211184	3.688535	-0.152260	-0.202982	0.073658	-0.317720	-0.145261	0.936992	0.101935	-0.987701	-0.118558	0.942689	0.057844	0.328619
33807	8.853623	-1.190146	3.639473	-0.144577	-0.197188	0.078527	-0.315726	-0.145958	0.937557	0.100872	-0.987662	-0.119789	0.943473	0.056753	0.326554
33808	8.675337	-1.359799	3.580395	-0.139791	-0.206047	0.095882	-0.313644	-0.146825	0.938120	0.099907	-0.987592	-0.121166	0.944270	0.055722	0.324421
33809	8.797368	-1.388063	3.499016	-0.132927	-0.226778	0.104790	-0.311343	-0.147769	0.938739	0.099031	-0.987503	-0.122601	0.945124	0.054793	0.322085
33810	8.807923	-1.443410	3.485391	-0.139399	-0.223712	0.106644	-0.309079	-0.148738	0.939333	0.098098	-0.987412	-0.124073	0.945964	0.053798	0.319779
33811	8.900462	-1.498122	3.431419	-0.137900	-0.226683	0.098086	-0.306783	-0.149621	0.939946	0.097147	-0.987331	-0.125456	0.946809	0.052825	0.317432
33812	8.912886	-1.443612	3.232006	-0.110973	-0.205041	0.091779	-0.304708	-0.150455	0.940487	0.096428	-0.987244	-0.126694	0.947552	0.052085	0.315329
33813	8.835094	-1.258397	3.224246	-0.070109	-0.184737	0.079109	-0.302826	-0.151176	0.940979	0.096057	-0.987153	-0.127681	0.948193	0.051722	0.313457
33814	8.870637	-1.093196	3.271314	-0.052281	-0.168721	0.069961	-0.301114	-0.151815	0.941426	0.095824	-0.987066	-0.128526	0.948761	0.051510	0.311767
33815	8.954970	-1.024087	3.240963	-0.061879	-0.161631	0.067321	-0.299461	-0.152432	0.941853	0.095491	-0.986987	-0.129375	0.949318	0.051196	0.310120
33816	8.944795	-1.158326	3.181011	-0.077023	-0.163751	0.084662	-0.297781	-0.153220	0.942258	0.095064	-0.986889	-0.130435	0.949889	0.050734	0.308443
33817	8.980165	-1.527981	3.079167	-0.078131	-0.179858	0.100779	-0.295922	-0.154159	0.942690	0.094673	-0.986765	-0.131648	0.950509	0.050290	0.306600
33818	9.104751	-1.869223	3.009460	-0.044941	-0.192523	0.120218	-0.293933	-0.155285	0.943128	0.094652	-0.986594	-0.132942	0.951128	0.050193	0.304691
33819	9.268386	-2.018166	2.947276	0.017156	-0.185014	0.131727	-0.291993	-0.156526	0.943525	0.095254	-0.986372	-0.134156	0.951665	0.050702	0.302923
33820	9.295651	-1.867005	2.937666	0.106667	-0.164831	0.136869	-0.290248	-0.157828	0.943847	0.096719	-0.986093	-0.135149	0.952051	0.052061	0.301477
33821	9.283440	-1.605127	3.067796	0.168448	-0.152646	0.133379	-0.288609	-0.159097	0.944136	0.098761	-0.985784	-0.135925	0.952340	0.054015	0.300219
33822	9.261370	-1.483289	3.064391	0.173013	-0.151259	0.131521	-0.286993	-0.160346	0.944417	0.100839	-0.985470	-0.136673	0.952610	0.056010	0.298992
33823	9.234421	-1.331094	2.921181	0.150043	-0.160709	0.131642	-0.285272	-0.161587	0.944727	0.102697	-0.985165	-0.137492	0.952929	0.057798	0.297635
33824	9.285182	-1.246889	2.913113	0.128969	-0.168038	0.121204	-0.283500	-0.162718	0.945066	0.104323	-0.984884	-0.138279	0.953281	0.059390	0.296190
33825	9.345092	-1.328454	3.009129	0.107027	-0.168381	0.106275	-0.281728	-0.163698	0.945427	0.105695	-0.984637	-0.138991	0.953655	0.060770	0.294702
33826	9.441236	-1.358771	2.903689	0.064783	-0.174573	0.087767	-0.279925	-0.164491	0.945825	0.106611	-0.984444	-0.139655	0.954084	0.061742	0.293107
33827	9.500046	-1.278246	2.934154	0.028819	-0.170216	0.055965	-0.278185	-0.164971	0.946255	0.107094	-0.984325	-0.140124	0.954539	0.062358	0.291492
33828	9.432583	-1.346119	2.993386	-0.028570	-0.168126	0.030545	-0.276502	-0.165203	0.946707	0.106957	-0.984283	-0.140521	0.955043	0.062403	0.289826
33829	9.384815	-1.572039	2.896434	-0.094675	-0.177729	0.014058	-0.274734	-0.165265	0.947211	0.106143	-0.984310	-0.140952	0.955644	0.061816	0.287965
33830	8.656202	-1.984720	2.742203	-0.133766	-0.217661	0.008818	-0.272598	-0.165254	0.947830	0.104940	-0.984368	-0.141444	0.956388	0.060908	0.285679
33831	9.750871	-1.999336	2.832216	-0.155239	-0.242329	-0.007254	-0.270232	-0.165071	0.948539	0.103486	-0.984465	-0.141841	0.957218	0.059831	0.283116
33832	9.524986	-2.067436	2.649701	-0.164457	-0.230418	-0.021117	-0.268002	-0.164763	0.949225	0.101906	-0.984588	-0.142130	0.958014	0.058640	0.280662
33833	9.233013	-2.145477	2.593313	-0.179624	-0.249125	-0.030189	-0.265589	-0.164356	0.949973	0.100155	-0.984733	-0.142369	0.958870	0.057333	0.277996
33834	9.237181	-2.258970	2.505073	-0.198790	-0.288700	-0.044625	-0.262818	-0.163790	0.950841	0.098181	-0.984910	-0.142521	0.959837	0.055897	0.274934
33835	9.286537	-2.314264	2.384253	-0.198900	-0.318783	-0.067928	-0.259768	-0.162980	0.951818	0.096144	-0.985122	-0.142443	0.960873	0.054510	0.271573
33836	9.374072	-2.406644	2.262371	-0.177543	-0.336470	-0.077774	-0.256562	-0.162069	0.952843	0.094287	-0.985336	-0.142208	0.961918	0.053356	0.268080
33837	9.349652	-2.218608	2.391134	-0.160229	-0.359977	-0.078739	-0.253115	-0.161138	0.953922	0.092596	-0.985539	-0.141909	0.962995	0.052410	0.264376
33838	9.421998	-2.229814	2.397099	-0.133133	-0.376024	-0.077908	-0.249518	-0.160212	0.955025	0.091168	-0.985725	-0.141542	0.964069	0.051750	0.260563
33839	9.355169	-2.131000	2.448060	-0.081465	-0.366084	-0.075404	-0.246000	-0.159314	0.956087	0.090246	-0.985879	-0.141058	0.965059	0.051583	0.256904
33840	9.201599	-1.991763	2.613188	-0.024714	-0.352098	-0.074019	-0.242622	-0.158440	0.957095	0.089877	-0.986001	-0.140442	0.965949	0.051946	0.253465
33841	9.072098	-1.860379	2.716671	0.004131	-0.349847	-0.081039	-0.239259	-0.157493	0.958098	0.089772	-0.986119	-0.139681	0.966797	0.052591	0.250076
33842	9.095596	-1.807978	2.849798	0.019414	-0.348377	-0.091611	-0.235926	-0.156443	0.959096	0.089792	-0.986244	-0.138783	0.967614	0.053376	0.246727
33843	8.960726	-1.803068	2.879078	0.029135	-0.334992	-0.107314	-0.232724	-0.155239	0.960073	0.089873	-0.986387	-0.137708	0.968381	0.054237	0.243508
33844	8.994721	-1.754438	3.054879	0.028442	-0.335156	-0.111102	-0.229531	-0.153998	0.961041	0.089941	-0.986535	-0.136602	0.969137	0.055083	0.240291
33845	8.876982	-1.701874	3.177584	0.017380	-0.328263	-0.126050	-0.226407	-0.152607	0.962004	0.089873	-0.986710	-0.135375	0.969878	0.055808	0.237113
33846	8.733119	-1.751761	3.306134	-0.016829	-0.320684	-0.142375	-0.223378	-0.151061	0.962955	0.089439	-0.986927	-0.134074	0.970620	0.056176	0.233968
33847	8.898043	-1.667928	3.429534	-0.053953	-0.314138	-0.157455	-0.220412	-0.149365	0.963903	0.088616	-0.987186	-0.132710	0.971373	0.056166	0.230824
33848	8.829546	-1.599559	3.531181	-0.096427	-0.301420	-0.173471	-0.217591	-0.147522	0.964827	0.087348	-0.987489	-0.131288	0.972124	0.055709	0.227754
33849	8.761495	-1.761742	3.553206	-0.150825	-0.304894	-0.181629	-0.214727	-0.145595	0.965761	0.085539	-0.987830	-0.129903	0.972921	0.054716	0.224568
33850	8.777163	-1.965426	3.533381	-0.192044	-0.302533	-0.192038	-0.211900	-0.143573	0.966688	0.083309	-0.988203	-0.128507	0.973734	0.053303	0.221361
33851	8.770773	-2.176022	3.487526	-0.197316	-0.302445	-0.198518	-0.209061	-0.141487	0.967613	0.081019	-0.988582	-0.127048	0.974541	0.051834	0.218137
33852	8.354302	-2.329743	3.301905	-0.192408	-0.301967	-0.208016	-0.206240	-0.139315	0.968533	0.078759	-0.988965	-0.125483	0.975327	0.050402	0.214936
33853	9.099745	-2.304301	3.501738	-0.192130	-0.328101	-0.217099	-0.203151	-0.137040	0.969510	0.076490	-0.989353	-0.123817	0.976155	0.049005	0.211471
33854	9.007348	-2.112147	3.229970	-0.205546	-0.325066	-0.233759	-0.200110	-0.134610	0.970483	0.074060	-0.989762	-0.122013	0.976970	0.047458	0.208030
33855	9.078190	-1.855663	3.221274	-0.227708	-0.339474	-0.254360	-0.196921	-0.131969	0.971497	0.071379	-0.990200	-0.120041	0.977817	0.045706	0.204411
33856	8.940492	-1.844919	3.284072	-0.267421	-0.348901	-0.281411	-0.193662	-0.129066	0.972542	0.068261	-0.990679	-0.117880	0.978691	0.043558	0.200667
33857	8.806498	-1.962404	3.160904	-0.294498	-0.368258	-0.302733	-0.190202	-0.125946	0.973633	0.064846	-0.991183	-0.115548	0.979601	0.041159	0.196692
33858	9.146567	-1.902251	2.996150	-0.306439	-0.399120	-0.326006	-0.186454	-0.122596	0.974785	0.061276	-0.991703	-0.113003	0.980551	0.038662	0.192419
33859	9.327853	-1.585622	2.736952	-0.326202	-0.411473	-0.348653	-0.182569	-0.119019	0.975962	0.057482	-0.992240	-0.110252	0.981511	0.035972	0.187994
33860	9.189829	-1.346770	2.536576	-0.340717	-0.432053	-0.375492	-0.178493	-0.115185	0.977176	0.053506	-0.992791	-0.107252	0.982485	0.033141	0.183370
33861	9.443795	-1.376467	2.545245	-0.395583	-0.472141	-0.410036	-0.174008	-0.111001	0.978468	0.048943	-0.993374	-0.103988	0.983527	0.029795	0.178287
33862	9.467356	-1.692203	2.487814	-0.434749	-0.507516	-0.434282	-0.169174	-0.106586	0.979806	0.043967	-0.993962	-0.100534	0.984605	0.026071	0.172838
33863	9.558121	-2.037188	2.443748	-0.448354	-0.539172	-0.435499	-0.163988	-0.102162	0.981158	0.038873	-0.994519	-0.097056	0.985696	0.022225	0.167061
33864	9.635400	-2.170437	2.498968	-0.429216	-0.556554	-0.427072	-0.158614	-0.097843	0.982481	0.033998	-0.995029	-0.093604	0.986755	0.018555	0.161152
33865	9.496117	-2.497585	2.703975	-0.365388	-0.560116	-0.413998	-0.153162	-0.093665	0.983752	0.029793	-0.995483	-0.090143	0.987752	0.015503	0.155261
33866	9.499327	-2.888853	2.913309	-0.304419	-0.559399	-0.395865	-0.147705	-0.089687	0.984957	0.026235	-0.995885	-0.086748	0.988684	0.013028	0.149450
33867	9.794750	-3.248422	2.943411	-0.280244	-0.541772	-0.372942	-0.142384	-0.085946	0.986073	0.022971	-0.996242	-0.083515	0.989545	0.010760	0.143823
33868	9.881309	-2.958222	2.795553	-0.247892	-0.490867	-0.366138	-0.137564	-0.082294	0.987068	0.020049	-0.996570	-0.080292	0.990290	0.008745	0.138742
33869	10.029051	-2.342216	2.744510	-0.216975	-0.403461	-0.362182	-0.133581	-0.078691	0.987909	0.017457	-0.996875	-0.077044	0.990884	0.006954	0.134537
33870	10.354248	-1.693869	2.784524	-0.197344	-0.283781	-0.388922	-0.130793	-0.074841	0.988581	0.015031	-0.997182	-0.073504	0.991296	0.005246	0.131549
33871	10.445800	-1.420162	2.962200	-0.175722	-0.150428	-0.418960	-0.129306	-0.070694	0.989082	0.012792	-0.997491	-0.069623	0.991522	0.003650	0.129886
33872	10.905331	-1.503773	3.436424	-0.194806	-0.013415	-0.436099	-0.129185	-0.066389	0.989396	0.010341	-0.997792	-0.065603	0.991567	0.001756	0.129586
33873	11.005626	-1.602399	3.896123	-0.146651	0.148989	-0.451748	-0.130651	-0.061921	0.989493	0.008348	-0.998081	-0.061356	0.991393	0.000244	0.130917
33874	10.710176	-1.172486	4.208877	-0.044245	0.331568	-0.475512	-0.133937	-0.057221	0.989337	0.007324	-0.998361	-0.056751	0.990963	-0.000355	0.134136
33875	11.278823	-0.423286	4.603165	0.065535	0.525395	-0.523213	-0.139126	-0.052034	0.988907	0.007307	-0.998645	-0.051518	0.990248	0.000058	0.139318
33876	11.074690	0.054033	4.547019	0.135928	0.795152	-0.543992	-0.147001	-0.046651	0.988036	0.007918	-0.998911	-0.045987	0.989105	0.001063	0.147210
33877	11.196953	0.333597	4.662895	0.126306	0.990257	-0.541295	-0.156779	-0.041297	0.986770	0.008393	-0.999145	-0.040481	0.987598	0.001935	0.156991
33878	10.852950	0.285927	4.507205	0.072353	1.119633	-0.497749	-0.167832	-0.036393	0.985144	0.008343	-0.999335	-0.035495	0.985780	0.002262	0.168024
33879	10.040996	-0.001778	4.070583	0.008624	1.246211	-0.440552	-0.180086	-0.032054	0.983128	0.007711	-0.999484	-0.031175	0.983621	0.001967	0.180241
33880	9.480268	-0.049448	3.704296	-0.067343	1.280664	-0.379165	-0.192660	-0.028329	0.980857	0.006388	-0.999598	-0.027615	0.981245	0.000945	0.192764
33881	8.942401	-0.012592	3.236159	-0.157556	1.281472	-0.353764	-0.205185	-0.024831	0.978408	0.004190	-0.999691	-0.024492	0.978714	-0.000926	0.205225
33882	8.836832	0.172768	2.833648	-0.264999	1.275197	-0.345023	-0.217623	-0.021397	0.975798	0.000916	-0.999764	-0.021718	0.976032	-0.003832	0.217592
33883	9.317673	0.232728	2.538135	-0.388950	1.247237	-0.332333	-0.229723	-0.018039	0.973089	-0.003568	-0.999806	-0.019377	0.973250	-0.007923	0.229614
33884	9.097929	0.083999	2.077954	-0.496870	1.239962	-0.321097	-0.241720	-0.014745	0.970234	-0.009107	-0.999806	-0.017463	0.970303	-0.013057	0.241538
33885	9.214615	0.037601	1.818892	-0.609139	1.185426	-0.277921	-0.253118	-0.011814	0.967363	-0.015645	-0.999745	-0.016303	0.967309	-0.019260	0.252869
33886	9.365688	-0.181589	1.677831	-0.705050	1.106417	-0.225684	-0.263728	-0.009351	0.964552	-0.022990	-0.999608	-0.015977	0.964323	-0.026389	0.263410
33887	9.230532	-0.499481	1.468942	-0.768066	1.025811	-0.146059	-0.273516	-0.007621	0.961837	-0.030726	-0.999389	-0.016656	0.961377	-0.034109	0.273114
33888	9.562580	-0.732357	1.582472	-0.780650	0.935398	-0.067363	-0.282440	-0.006639	0.959262	-0.038360	-0.999098	-0.018209	0.958518	-0.041940	0.281930
33889	9.277394	-1.179023	1.278407	-0.740284	0.847495	0.004100	-0.290504	-0.006334	0.956853	-0.045382	-0.998762	-0.020389	0.955797	-0.049347	0.289856
33890	9.405235	-1.226141	1.384443	-0.639543	0.758470	0.067317	-0.297744	-0.006656	0.954622	-0.051240	-0.998423	-0.022943	0.953270	-0.055746	0.296934
33891	9.375464	-1.245614	1.284419	-0.549427	0.652104	0.115722	-0.303966	-0.007471	0.952653	-0.056071	-0.998096	-0.025718	0.951031	-0.061234	0.302969
33892	9.510782	-1.127145	1.329319	-0.418795	0.570817	0.152059	-0.309446	-0.008675	0.950878	-0.059535	-0.997820	-0.028478	0.949052	-0.065423	0.308254
33893	9.654453	-1.108511	1.390732	-0.272315	0.519206	0.167757	-0.314422	-0.010044	0.949230	-0.061541	-0.997625	-0.030941	0.947287	-0.068145	0.313057
33894	9.935640	-1.449904	1.443718	-0.076475	0.493945	0.192124	-0.319183	-0.011671	0.947621	-0.061607	-0.997554	-0.033037	0.945689	-0.068925	0.317683
33895	10.049745	-1.560643	1.642597	0.116386	0.497285	0.232856	-0.323975	-0.013696	0.945967	-0.059706	-0.997606	-0.034892	0.944180	-0.067784	0.322381
33896	10.010153	-1.564853	1.837423	0.297745	0.516952	0.295514	-0.328990	-0.016351	0.944192	-0.055883	-0.997761	-0.036751	0.942678	-0.064855	0.327339
33897	10.015551	-1.400350	2.217556	0.491596	0.533246	0.375760	-0.334163	-0.019810	0.942307	-0.049953	-0.998002	-0.038695	0.941191	-0.060002	0.332506
33898	10.039259	-1.173189	2.612247	0.671200	0.544955	0.476192	-0.339474	-0.024303	0.940302	-0.041988	-0.998278	-0.040960	0.939678	-0.053386	0.337869
33899	9.971213	-1.012981	2.829045	0.845380	0.563809	0.575477	-0.344931	-0.029812	0.938154	-0.032028	-0.998540	-0.043507	0.938081	-0.045054	0.343473
33900	9.901415	-0.916760	2.872196	1.010227	0.580193	0.683320	-0.350513	-0.036452	0.935848	-0.020134	-0.998718	-0.046442	0.936342	-0.035121	0.349329
33901	9.707970	-0.819744	2.931237	1.178251	0.609902	0.779814	-0.356271	-0.044101	0.933341	-0.006304	-0.998749	-0.049598	0.934361	-0.023554	0.355547
33902	9.473716	-0.491966	3.040235	1.326594	0.664710	0.843022	-0.362426	-0.052454	0.930535	0.009155	-0.998567	-0.052723	0.931967	-0.010589	0.362387
33903	9.197006	-0.038991	3.328326	1.411763	0.734996	0.871135	-0.369064	-0.061162	0.927389	0.025533	-0.998123	-0.055666	0.929053	0.003134	0.369933
33904	8.857886	0.477412	3.548174	1.419812	0.801491	0.866010	-0.376168	-0.069928	0.923909	0.041976	-0.997410	-0.058401	0.925600	0.016814	0.378129
33905	8.536952	0.922488	3.767870	1.345223	0.849506	0.841673	-0.383544	-0.078554	0.920176	0.057654	-0.996469	-0.061036	0.921721	0.029641	0.386718
33906	8.371408	1.308704	4.025702	1.189136	0.868547	0.800072	-0.390977	-0.086872	0.916292	0.071739	-0.995383	-0.063760	0.917601	0.040805	0.395404
33907	8.286613	1.591019	4.113244	0.982478	0.864686	0.737816	-0.398268	-0.094639	0.912374	0.083700	-0.994263	-0.066597	0.913442	0.049842	0.403904
33908	8.282163	1.779749	4.053720	0.765338	0.860175	0.662304	-0.405483	-0.101721	0.908425	0.093388	-0.993199	-0.069529	0.909320	0.056644	0.412225
33909	8.232553	1.797524	3.990959	0.561622	0.854310	0.578689	-0.412620	-0.108005	0.904478	0.100906	-0.992254	-0.072453	0.905297	0.061372	0.420322
33910	8.246251	1.740590	4.019185	0.376828	0.840893	0.488580	-0.419672	-0.113419	0.900562	0.106395	-0.991470	-0.075287	0.901419	0.064220	0.428159
33911	8.002561	1.496404	4.005916	0.194284	0.815411	0.400447	-0.426522	-0.117951	0.896754	0.109892	-0.990873	-0.078062	0.897777	0.065251	0.435591
33912	8.206836	1.277745	4.058060	0.049785	0.775428	0.331614	-0.433065	-0.121780	0.893098	0.111816	-0.990436	-0.080832	0.894400	0.064857	0.442540
33913	8.024878	0.780703	4.040957	-0.027661	0.743969	0.266465	-0.439356	-0.124931	0.889584	0.112786	-0.990118	-0.083346	0.891205	0.063715	0.449104
33914	8.139538	0.416294	4.062896	-0.082992	0.714506	0.206206	-0.445442	-0.127461	0.886191	0.113013	-0.989902	-0.085572	0.888149	0.062034	0.455349
33915	8.151520	0.052480	3.998017	-0.090411	0.698715	0.161701	-0.451403	-0.129523	0.882870	0.112992	-0.989742	-0.087430	0.885138	0.060291	0.461407
33916	7.992700	-0.358323	4.036510	-0.039084	0.685456	0.146046	-0.457257	-0.131416	0.879572	0.113364	-0.989567	-0.088917	0.882080	0.059053	0.467384
33917	7.904763	-0.658641	4.184559	0.028333	0.666096	0.133022	-0.462919	-0.133159	0.876342	0.114281	-0.989367	-0.089965	0.879003	0.058502	0.473214
33918	7.733128	-0.938233	4.187756	0.125435	0.637341	0.129698	-0.468324	-0.134855	0.873205	0.116039	-0.989111	-0.090520	0.875904	0.058933	0.478873
33919	7.607047	-1.137464	4.183701	0.225613	0.599040	0.130862	-0.473357	-0.136541	0.870224	0.118683	-0.988791	-0.090587	0.872839	0.060401	0.484257
33920	7.673627	-1.147951	4.148857	0.341617	0.565501	0.142566	-0.478075	-0.138338	0.867356	0.122392	-0.988376	-0.090179	0.869750	0.063045	0.489450
33921	7.734499	-1.123000	4.187356	0.431326	0.530411	0.145988	-0.482447	-0.140159	0.864639	0.126893	-0.987885	-0.089333	0.866685	0.066618	0.494388
33922	7.822974	-1.059075	4.300466	0.488416	0.496972	0.145897	-0.486521	-0.141979	0.862056	0.131879	-0.987336	-0.088183	0.863658	0.070785	0.499083
33923	7.737315	-0.845110	4.471142	0.519259	0.453106	0.149152	-0.490175	-0.143816	0.859677	0.137141	-0.986735	-0.086876	0.860767	0.075313	0.503396
33924	7.544712	-0.623858	4.685391	0.516085	0.396617	0.146909	-0.493341	-0.145610	0.857562	0.142352	-0.986113	-0.085545	0.858109	0.079873	0.507218
33925	7.291578	-0.422622	4.828240	0.481727	0.322583	0.145057	-0.495844	-0.147338	0.855821	0.147254	-0.985496	-0.084347	0.855836	0.084200	0.510348
33926	6.794222	-0.290883	4.881717	0.430393	0.227330	0.141791	-0.497538	-0.148968	0.854555	0.151692	-0.984905	-0.083373	0.854076	0.088148	0.512625
33927	6.661318	-0.202647	5.047416	0.373646	0.127736	0.141912	-0.498358	-0.150513	0.853806	0.155643	-0.984347	-0.082678	0.852886	0.091686	0.513984
33928	6.786947	-0.041037	5.201793	0.300776	0.051593	0.143858	-0.498534	-0.152013	0.853438	0.158978	-0.983840	-0.082373	0.852168	0.094612	0.514644
33929	6.892537	0.143699	5.394112	0.240211	0.019062	0.122191	-0.498449	-0.153266	0.853263	0.161689	-0.983413	-0.082190	0.851707	0.096996	0.514962
33930	6.574022	0.363912	5.653183	0.171739	-0.013773	0.070404	-0.498179	-0.153980	0.853292	0.163556	-0.983127	-0.081920	0.851509	0.098751	0.514958
33931	6.239506	0.588391	6.135029	0.020166	-0.061822	0.013966	-0.497578	-0.154089	0.853623	0.163853	-0.983075	-0.081946	0.851803	0.099095	0.514405
33932	6.069935	0.704378	6.889503	-0.217042	-0.122299	-0.057553	-0.496592	-0.153438	0.854314	0.161771	-0.983367	-0.082583	0.852776	0.097193	0.513154
33933	6.514336	0.577420	7.685314	-0.507612	-0.189401	-0.124217	-0.495121	-0.152069	0.855412	0.156878	-0.984028	-0.084131	0.854543	0.092540	0.511070
33934	7.256987	0.094923	8.005542	-0.732485	-0.201585	-0.136028	-0.493569	-0.150586	0.856571	0.149992	-0.984877	-0.086715	0.856675	0.085679	0.508692
33935	7.865320	-0.789354	8.063292	-0.805484	-0.186824	-0.092262	-0.492050	-0.149558	0.857624	0.142684	-0.985666	-0.090023	0.858794	0.078073	0.506337
33936	8.041024	-1.711919	7.650310	-0.696151	-0.167199	-0.009250	-0.490591	-0.149378	0.858491	0.136708	-0.986191	-0.093475	0.860599	0.071504	0.504238
33937	7.749001	-2.126739	7.246650	-0.481238	-0.146907	0.057810	-0.489197	-0.149881	0.859199	0.132902	-0.986429	-0.096405	0.861988	0.067028	0.502477
33938	7.297817	-2.241755	6.976167	-0.278322	-0.174903	0.086063	-0.487541	-0.150652	0.860005	0.130976	-0.986475	-0.098555	0.863220	0.064590	0.500678
33939	6.647186	-2.217406	6.451721	-0.122666	-0.259903	0.082183	-0.485137	-0.151330	0.861244	0.130372	-0.986421	-0.099887	0.864665	0.063823	0.498278
33940	6.226703	-1.842387	5.759391	-0.029298	-0.440743	0.048243	-0.481225	-0.151561	0.863396	0.130405	-0.986358	-0.100463	0.866843	0.064246	0.494424
33941	6.310243	-1.198940	4.204411	0.008061	-0.653456	-0.018529	-0.475523	-0.150989	0.866649	0.130442	-0.986372	-0.100276	0.869979	0.065364	0.488738
33942	7.219074	-0.165297	2.584347	-0.068297	-0.845695	-0.100345	-0.468245	-0.149482	0.870862	0.129427	-0.986559	-0.099751	0.874068	0.066005	0.481299
33943	8.136639	0.431359	1.490922	-0.202949	-0.958511	-0.175816	-0.460018	-0.147151	0.875631	0.126887	-0.986945	-0.099197	0.878796	0.065474	0.472684
33944	8.992818	0.374415	1.310520	-0.281254	-1.040751	-0.228695	-0.451098	-0.144257	0.880739	0.123420	-0.987452	-0.098522	0.883899	0.064258	0.463241
33945	12.273520	-0.785940	4.084207	-0.243156	-1.055979	-0.237541	-0.441975	-0.141271	0.885834	0.120259	-0.987938	-0.097552	0.888930	0.063414	0.453633
33946	15.430752	-3.821714	7.649264	0.204807	-0.811655	-0.086216	-0.434816	-0.139929	0.889582	0.121759	-0.987918	-0.095883	0.892250	0.066623	0.446600
33947	13.639642	-4.742659	8.499365	1.069453	-0.468928	0.108107	-0.430440	-0.140692	0.891587	0.131828	-0.986985	-0.092102	0.892941	0.077891	0.443385
33948	12.032856	-2.398952	8.769984	1.495176	-0.372594	0.158419	-0.426858	-0.141973	0.893104	0.145907	-0.985472	-0.086920	0.892470	0.093208	0.441372
33949	11.491284	-1.611644	8.095378	1.179709	-0.338583	0.185015	-0.423503	-0.143491	0.894458	0.157275	-0.984027	-0.083394	0.892138	0.105358	0.439306
33950	11.080389	-0.232785	4.883308	0.578025	-0.412673	0.221092	-0.419430	-0.145254	0.896091	0.163418	-0.983071	-0.082863	0.892957	0.111683	0.436067
33951	10.951474	3.160471	1.563888	0.131765	-0.483341	0.178535	-0.414762	-0.146496	0.898060	0.165395	-0.982651	-0.083908	0.894772	0.113733	0.431796
33952	9.643768	5.743214	0.562308	-0.154674	-0.466188	0.036331	-0.410489	-0.146360	0.900043	0.164212	-0.982763	-0.084918	0.896958	0.112940	0.427448
33953	8.521951	5.499172	1.395447	-0.466184	-0.493839	-0.142251	-0.406229	-0.144445	0.902283	0.159497	-0.983477	-0.085634	0.899744	0.109125	0.422555
33954	7.775037	3.278843	2.363114	-0.780300	-0.566636	-0.226043	-0.401435	-0.141656	0.904867	0.151603	-0.984616	-0.086883	0.903253	0.102303	0.416735
33955	8.427664	0.583401	2.778738	-1.056335	-0.659211	-0.208261	-0.395718	-0.138993	0.907793	0.141264	-0.985929	-0.089378	0.907443	0.092870	0.409784
33956	8.654283	-1.720489	2.475970	-1.205676	-0.697928	-0.182398	-0.389579	-0.136618	0.910804	0.129633	-0.987226	-0.092632	0.911824	0.081983	0.402313
33957	8.795248	-3.240459	2.187331	-1.142672	-0.702198	-0.169102	-0.383318	-0.134442	0.913779	0.118591	-0.988324	-0.095662	0.915971	0.071697	0.394786
33958	8.888040	-4.033985	1.986737	-0.857034	-0.632666	-0.158824	-0.377657	-0.132478	0.916420	0.110175	-0.989110	-0.097582	0.919367	0.064114	0.388140
33959	8.885636	-4.005970	1.911675	-0.496676	-0.546745	-0.142585	-0.372723	-0.130762	0.918683	0.105121	-0.989598	-0.098207	0.921969	0.059969	0.382592
33960	8.417305	-3.206110	1.829511	-0.194308	-0.490854	-0.111896	-0.368272	-0.129401	0.920669	0.102966	-0.989852	-0.097938	0.923999	0.058730	0.377858
33961	8.432216	-2.096048	1.995028	-0.042116	-0.499625	-0.099254	-0.363699	-0.128159	0.922658	0.102267	-0.989997	-0.097200	0.925886	0.059006	0.373167
33962	8.765085	-1.114713	1.776834	-0.027533	-0.547019	-0.100271	-0.358693	-0.126880	0.924792	0.101702	-0.990133	-0.096398	0.927899	0.059476	0.368058
33963	9.093756	-0.418917	1.356579	-0.075737	-0.628579	-0.120347	-0.352921	-0.125349	0.927218	0.100624	-0.990323	-0.095580	0.930227	0.059568	0.362119
33964	9.647834	-0.260745	1.119888	-0.134010	-0.707692	-0.139797	-0.346430	-0.123583	0.929900	0.098939	-0.990569	-0.094786	0.932844	0.059167	0.355389
33965	10.019110	-0.375216	1.051701	-0.201644	-0.766002	-0.155669	-0.339371	-0.121626	0.932756	0.096575	-0.990871	-0.094066	0.935682	0.058157	0.348019
33966	10.210456	-0.608696	1.133930	-0.242953	-0.798022	-0.179467	-0.332024	-0.119427	0.935680	0.093747	-0.991219	-0.093249	0.938601	0.056756	0.340304
33967	10.315909	-0.780363	1.429553	-0.267330	-0.796113	-0.191931	-0.324663	-0.117114	0.938551	0.090657	-0.991589	-0.092372	0.941475	0.055097	0.332550
33968	10.295289	-1.135746	1.916187	-0.271899	-0.771045	-0.213007	-0.317543	-0.114621	0.941291	0.087461	-0.991976	-0.091288	0.944202	0.053339	0.325020
33969	9.694552	-1.545441	2.102912	-0.269285	-0.743293	-0.236659	-0.310664	-0.111918	0.943908	0.084225	-0.992379	-0.089945	0.946781	0.051558	0.317723
33970	9.341209	-1.665930	2.276105	-0.284994	-0.739368	-0.246002	-0.303816	-0.109141	0.946459	0.080818	-0.992788	-0.088541	0.949297	0.049591	0.310446
33971	9.441143	-1.643875	2.406754	-0.299748	-0.744197	-0.246222	-0.296883	-0.106371	0.948971	0.077282	-0.993193	-0.087150	0.951781	0.047465	0.303083
33972	9.161889	-1.787138	2.673881	-0.309681	-0.727640	-0.241570	-0.290090	-0.103673	0.951367	0.073673	-0.993584	-0.085809	0.954159	0.045197	0.295867
33973	9.285842	-2.015034	2.954502	-0.319657	-0.685803	-0.243603	-0.283660	-0.100986	0.953593	0.069972	-0.993968	-0.084448	0.956369	0.042771	0.289015
33974	9.062746	-2.093229	3.263789	-0.300863	-0.620019	-0.243143	-0.277849	-0.098351	0.955577	0.066460	-0.994330	-0.083015	0.958323	0.040442	0.282810
33975	8.767175	-2.097252	3.505083	-0.301486	-0.571197	-0.258956	-0.272484	-0.095587	0.957401	0.062907	-0.994694	-0.081407	0.960102	0.038045	0.277051
33976	8.579740	-1.833087	3.341751	-0.304681	-0.525523	-0.283909	-0.267566	-0.092610	0.959079	0.059263	-0.995068	-0.079552	0.961715	0.035552	0.271735
33977	8.317311	-1.469764	3.054425	-0.323464	-0.508357	-0.312189	-0.262799	-0.089365	0.960703	0.055373	-0.995457	-0.077451	0.963260	0.032843	0.266553
33978	8.311543	-1.206182	2.659408	-0.347875	-0.525474	-0.347809	-0.257877	-0.085778	0.962362	0.051164	-0.995866	-0.075055	0.964822	0.029883	0.261200
33979	8.529254	-1.207363	2.317750	-0.347161	-0.553920	-0.375606	-0.252659	-0.081916	0.964081	0.046904	-0.996275	-0.072360	0.966418	0.026937	0.255560
33980	8.842292	-1.241999	2.176833	-0.357927	-0.599012	-0.396142	-0.247002	-0.077859	0.965882	0.042501	-0.996678	-0.069472	0.968082	0.023891	0.249491
33981	9.132775	-1.415387	2.066711	-0.348133	-0.636135	-0.415706	-0.240953	-0.073609	0.967741	0.038165	-0.997067	-0.066337	0.969786	0.020950	0.243055
33982	9.282064	-1.583172	1.952930	-0.290776	-0.656247	-0.402746	-0.234689	-0.069505	0.969582	0.034433	-0.997409	-0.063165	0.971460	0.018562	0.236474
33983	9.394778	-1.442393	1.914518	-0.204065	-0.666989	-0.379891	-0.228276	-0.065634	0.971382	0.031621	-0.997699	-0.059982	0.973083	0.017023	0.229826
33984	9.463238	-1.270981	1.950044	-0.117549	-0.682130	-0.368607	-0.221706	-0.061885	0.973148	0.029695	-0.997950	-0.056697	0.974661	0.016327	0.223089
33985	9.452573	-1.142730	1.996242	-0.065561	-0.702435	-0.364004	-0.214906	-0.058176	0.974900	0.028311	-0.998176	-0.053324	0.976224	0.016141	0.216161
33986	9.423391	-1.164361	2.152476	-0.021579	-0.720480	-0.356587	-0.207926	-0.054542	0.976623	0.027394	-0.998377	-0.049925	0.977761	0.016373	0.209083
33987	9.471580	-1.242550	2.427055	0.057222	-0.722763	-0.341521	-0.200894	-0.051048	0.978282	0.027306	-0.998545	-0.046498	0.979232	0.017372	0.201995
33988	8.428350	-1.564426	2.456390	0.138231	-0.719122	-0.320005	-0.193895	-0.047764	0.979859	0.028076	-0.998675	-0.043126	0.980620	0.019148	0.194979
33989	9.761370	-1.426109	3.232745	0.195580	-0.749498	-0.306126	-0.186574	-0.044592	0.981428	0.029462	-0.998774	-0.039779	0.981999	0.021493	0.187659
33990	9.642758	-1.265431	3.260171	0.220597	-0.668234	-0.315659	-0.180064	-0.041331	0.982786	0.031097	-0.998857	-0.036309	0.983163	0.024024	0.181143
33991	9.465918	-1.376827	3.564070	0.213951	-0.613249	-0.300415	-0.174073	-0.038212	0.983991	0.032719	-0.998920	-0.033004	0.984189	0.026450	0.175135
33992	9.457727	-1.561371	3.692556	0.165403	-0.579598	-0.280439	-0.168420	-0.035296	0.985083	0.033913	-0.998975	-0.029995	0.985132	0.028356	0.169444
33993	9.196611	-1.436952	3.537221	0.107058	-0.540836	-0.276698	-0.163130	-0.032411	0.986072	0.034559	-0.999035	-0.027120	0.985999	0.029653	0.164093
33994	9.034904	-1.131399	3.370317	0.056211	-0.493126	-0.301410	-0.158331	-0.029296	0.986951	0.034674	-0.999108	-0.024094	0.986777	0.030407	0.159205
33995	8.785444	-0.685278	3.212768	-0.022086	-0.465411	-0.349094	-0.153802	-0.025703	0.987767	0.033960	-0.999209	-0.020713	0.987518	0.030358	0.154553
33996	8.940715	-0.077220	2.693351	-0.139883	-0.489588	-0.402182	-0.149059	-0.021583	0.988593	0.032013	-0.999343	-0.016991	0.988310	0.029115	0.149652
33997	8.957723	0.506376	2.210592	-0.301962	-0.520447	-0.475273	-0.144003	-0.016726	0.989436	0.028379	-0.999516	-0.012766	0.989170	0.026241	0.144408
33998	8.828565	0.752789	1.868786	-0.466106	-0.574697	-0.553110	-0.138419	-0.011104	0.990311	0.023030	-0.999703	-0.007991	0.990106	0.021701	0.138634
33999	8.768901	0.439896	1.691618	-0.586119	-0.628552	-0.613810	-0.132260	-0.004887	0.991203	0.016441	-0.999861	-0.002735	0.991079	0.015934	0.132322
34000	8.897353	-0.320628	1.618556	-0.662404	-0.695425	-0.661925	-0.125411	0.001775	0.992103	0.009064	-0.999955	0.002935	0.992063	0.009360	0.125390
34001	9.349201	-1.292257	1.570887	-0.705995	-0.755300	-0.678295	-0.117896	0.008564	0.992989	0.001278	-0.999961	0.008776	0.993025	0.002304	0.117881
34002	9.834152	-2.039022	1.393109	-0.701300	-0.796933	-0.671190	-0.109925	0.015219	0.993823	-0.006410	-0.999873	0.014603	0.993919	-0.004766	0.110008
34003	9.839532	-2.420724	1.439924	-0.626893	-0.806263	-0.669077	-0.101789	0.021805	0.994567	-0.013305	-0.999700	0.020556	0.994717	-0.011141	0.102049
34004	9.862542	-2.733997	1.786038	-0.530114	-0.799633	-0.708763	-0.093680	0.028731	0.995188	-0.019231	-0.999449	0.027044	0.995417	-0.016605	0.094181
34005	11.046608	-2.845729	2.051593	-0.498865	-0.761205	-0.764280	-0.085880	0.036183	0.995648	-0.024838	-0.999107	0.034166	0.995996	-0.021796	0.086702
34006	12.238514	-2.166364	1.917459	-0.423729	-0.625779	-0.827761	-0.079384	0.044252	0.995861	-0.029702	-0.998676	0.042009	0.996401	-0.026245	0.080593
34007	13.353786	-0.596132	2.280134	-0.307791	-0.394424	-0.855259	-0.075132	0.052641	0.995783	-0.033385	-0.998179	0.050249	0.996615	-0.029468	0.076752
34008	12.410769	0.742015	3.219779	-0.205898	-0.130974	-0.836992	-0.073501	0.060903	0.995434	-0.036019	-0.997645	0.058379	0.996645	-0.031563	0.075521
34009	11.923724	0.245189	4.392142	-0.187068	0.060567	-0.787506	-0.073759	0.068737	0.994904	-0.038417	-0.997077	0.066039	0.996536	-0.033350	0.076184
34010	12.221694	-0.802034	4.696560	-0.194020	0.245216	-0.635335	-0.075917	0.075103	0.994282	-0.040786	-0.996559	0.072161	0.996280	-0.035075	0.078719
34011	13.113551	-1.606601	4.562324	-0.178908	0.409736	-0.411711	-0.079774	0.079312	0.993653	-0.042843	-0.996181	0.076074	0.995892	-0.036502	0.082868
34012	12.878645	-2.131691	4.023090	-0.087057	0.684196	-0.125638	-0.086499	0.080762	0.992973	-0.043775	-0.996054	0.077200	0.995290	-0.036789	0.089693
34013	12.721467	-2.105970	3.749216	0.085620	0.924115	0.176468	-0.095718	0.079297	0.992245	-0.042716	-0.996231	0.075495	0.994492	-0.035158	0.098744
34014	11.627109	-1.624041	3.144443	0.366801	1.143509	0.420778	-0.107224	0.075427	0.991370	-0.038603	-0.996682	0.071656	0.993485	-0.030587	0.109780
34015	11.127127	-0.642527	2.760135	0.607435	1.335984	0.555102	-0.120632	0.070215	0.990211	-0.031893	-0.997255	0.066829	0.992185	-0.023519	0.122540
34016	9.893637	0.498428	2.332307	0.734772	1.470915	0.603338	-0.135351	0.064428	0.988701	-0.023796	-0.997807	0.061764	0.990512	-0.015167	0.136587
34017	9.828805	1.799119	2.378413	0.708851	1.553605	0.607485	-0.150792	0.058499	0.986833	-0.015864	-0.998262	0.056753	0.988438	-0.007098	0.151458
34018	9.592453	2.788376	2.466628	0.596571	1.589542	0.550798	-0.166522	0.053007	0.984612	-0.009059	-0.998594	0.052228	0.985996	-0.000223	0.166768
34019	9.099736	3.163490	2.449034	0.436942	1.624863	0.466957	-0.182499	0.048266	0.982021	-0.003893	-0.998822	0.048369	0.983198	0.005004	0.182472
34020	8.971550	3.106024	2.373267	0.185474	1.598259	0.383797	-0.198168	0.044282	0.979167	-0.001299	-0.998990	0.044916	0.980167	0.007629	0.198025
34021	8.564781	2.743101	1.971110	-0.096664	1.523324	0.300131	-0.213027	0.041131	0.976180	-0.001578	-0.999127	0.041754	0.977045	0.007355	0.212906
34022	8.610074	2.285904	1.673323	-0.335621	1.424021	0.213700	-0.226894	0.038863	0.973144	-0.004337	-0.999234	0.038894	0.973910	0.004604	0.226889
34023	8.579160	2.041057	1.338394	-0.515763	1.311177	0.155849	-0.239602	0.037237	0.970157	-0.008938	-0.999306	0.036148	0.970830	-0.000010	0.239769
34024	8.583501	1.682146	1.041534	-0.634705	1.227084	0.112970	-0.251479	0.036096	0.967189	-0.014767	-0.999331	0.033456	0.967750	-0.005869	0.251844
34025	8.853468	1.625711	0.818244	-0.663342	1.130752	0.092602	-0.262371	0.035233	0.964324	-0.020888	-0.999306	0.030829	0.964741	-0.012054	0.262925
34026	8.609700	1.430844	0.603562	-0.662227	1.025372	0.087845	-0.272239	0.034463	0.961612	-0.026986	-0.999239	0.028172	0.961851	-0.018280	0.272962
34027	8.957939	0.909562	0.624727	-0.695626	0.856356	0.130074	-0.280454	0.033309	0.959289	-0.033256	-0.999135	0.024970	0.959291	-0.024900	0.281319
34028	9.587410	-0.152380	0.511090	-0.703193	0.716665	0.217316	-0.287369	0.031292	0.957309	-0.039330	-0.999009	0.020849	0.957012	-0.031660	0.288315
34029	10.264673	-1.134357	0.402720	-0.678413	0.574874	0.343640	-0.292961	0.028020	0.955714	-0.044767	-0.998876	0.015563	0.955076	-0.038225	0.293886
34030	10.790713	-2.110772	0.179065	-0.558016	0.500922	0.496425	-0.297941	0.023218	0.954302	-0.048577	-0.998778	0.009134	0.953347	-0.043636	0.298705
34031	11.220145	-3.077776	0.044693	-0.278985	0.475887	0.644183	-0.302741	0.016957	0.952922	-0.049247	-0.998784	0.002127	0.951800	-0.046285	0.303208
34032	11.549777	-3.585106	0.147607	0.134771	0.530693	0.790395	-0.308130	0.009253	0.951299	-0.045503	-0.998952	-0.005022	0.950255	-0.044835	0.308228
34033	11.517607	-3.645795	0.326219	0.653339	0.649463	0.941015	-0.314632	0.000081	0.949214	-0.036318	-0.999269	-0.011953	0.948519	-0.038234	0.314405
34034	11.184000	-3.283177	0.809815	1.187932	0.818125	1.079592	-0.322662	-0.010496	0.946456	-0.021575	-0.999597	-0.018440	0.946268	-0.026369	0.322306
34035	10.592135	-2.561535	1.361357	1.630000	0.974601	1.207459	-0.331964	-0.022428	0.943025	-0.002169	-0.999697	-0.024539	0.943290	-0.010191	0.331815
34036	9.812731	-1.811955	1.940360	1.922280	1.081944	1.293489	-0.341997	-0.035399	0.939034	0.020336	-0.999335	-0.030266	0.939481	0.008745	0.342489
34037	9.260895	-1.067370	2.481292	2.076559	1.130679	1.329632	-0.352112	-0.048932	0.934678	0.044467	-0.998379	-0.035515	0.934901	0.029057	0.353717
34038	8.712900	-0.265608	2.956636	2.109148	1.135111	1.318387	-0.361911	-0.062579	0.930110	0.068888	-0.996812	-0.040262	0.929664	0.049502	0.365068
34039	8.329238	0.480420	3.317540	2.045554	1.118657	1.255663	-0.371213	-0.075782	0.925450	0.092504	-0.994724	-0.044350	0.923929	0.069145	0.376265
34040	7.962605	1.087004	3.562756	1.899194	1.076503	1.169919	-0.379878	-0.088292	0.920813	0.114438	-0.992273	-0.047933	0.917931	0.087168	0.387047
34041	7.538830	1.539517	3.664918	1.697669	1.022024	1.071954	-0.387843	-0.099920	0.916293	0.134140	-0.989642	-0.051141	0.911912	0.103077	0.397229
