// General information: 
//  MT Manager version: 2022.2.0 
//  XDA version: 2022.2.0 build 7381 rev 124627 built on 2023-07-19
// Device information: 
//  DeviceId: 00B4CB9F
//  ProductCode: MTW2-3A7G6
//  Firmware Version: 4.6.0
//  Hardware Version: 2.0.0
// Device settings: 
//  Filter Profile: human(46.1)
//  Option Flags: Orientation Smoother Disabled, Position/Velocity Smoother Disabled, Continuous Zero Rotation Update Disabled, AHS Disabled, ICC Disabled
// Coordinate system: ENU
PacketCounter	Acc_X	Acc_Y	Acc_Z	Gyr_X	Gyr_Y	Gyr_Z	Mat[1][1]	Mat[2][1]	Mat[3][1]	Mat[1][2]	Mat[2][2]	Mat[3][2]	Mat[1][3]	Mat[2][3]	Mat[3][3]
10068	9.556383	0.722469	1.845368	-0.214468	-0.059067	0.014027	-0.152213	-0.064236	0.986258	0.693382	-0.718047	0.060245	0.704310	0.693024	0.153836
10069	9.560142	0.545175	2.282133	-0.178366	-0.029637	0.015517	-0.151831	-0.064147	0.986323	0.692187	-0.719238	0.059777	0.705567	0.691796	0.153604
10070	9.527750	0.123356	2.892035	-0.155543	0.014258	0.024433	-0.151692	-0.064417	0.986327	0.691166	-0.720262	0.059258	0.706597	0.690704	0.153780
10071	9.485181	-0.538569	3.164519	-0.053770	0.051395	0.041223	-0.151706	-0.065074	0.986281	0.690888	-0.720573	0.058727	0.706866	0.690319	0.154274
10072	9.339228	-0.644849	3.270983	0.139326	0.076776	0.070834	-0.151687	-0.066110	0.986215	0.692019	-0.719529	0.058205	0.705762	0.691309	0.154892
10073	9.228809	0.291721	3.275594	0.339619	0.080806	0.090439	-0.151565	-0.067325	0.986152	0.694588	-0.717082	0.057798	0.703261	0.693729	0.155448
10074	9.131476	1.504005	3.173458	0.413426	0.080662	0.083749	-0.151477	-0.068481	0.986086	0.697656	-0.714115	0.057577	0.700236	0.696670	0.155948
10075	9.289267	2.249241	3.122984	0.336689	0.107890	0.059699	-0.151750	-0.069665	0.985961	0.700139	-0.711690	0.057473	0.697695	0.699031	0.156775
10076	9.399626	2.325239	2.834484	0.232722	0.127388	0.029867	-0.152357	-0.070764	0.985789	0.701845	-0.710005	0.057506	0.695845	0.700633	0.157840
10077	9.243619	1.736633	1.784252	0.201795	0.110678	0.012984	-0.152974	-0.071638	0.985630	0.703305	-0.708546	0.057657	0.694234	0.702019	0.158772
10078	9.323826	1.363470	0.925301	0.177688	0.059682	0.005709	-0.153276	-0.072092	0.985550	0.704586	-0.707257	0.057844	0.692867	0.703271	0.159201
10079	9.733616	1.209062	0.482516	0.113577	0.026857	0.023172	-0.153238	-0.072450	0.985530	0.705446	-0.706407	0.057758	0.692000	0.704089	0.159357
10080	9.921657	0.858366	0.278530	0.033196	0.002160	0.047407	-0.152847	-0.072794	0.985565	0.705788	-0.706102	0.057304	0.691738	0.704358	0.159302
10081	10.064939	0.904822	0.313825	-0.003664	-0.036976	0.059041	-0.152112	-0.072954	0.985667	0.705890	-0.706050	0.056678	0.691796	0.704394	0.158897
10082	10.495038	1.077395	0.351692	-0.048912	-0.052364	0.064215	-0.151226	-0.073033	0.985798	0.705688	-0.706312	0.055928	0.692196	0.704124	0.158351
10083	10.154462	0.246943	0.219198	-0.111291	-0.045667	0.047875	-0.150510	-0.073053	0.985906	0.705027	-0.707025	0.055241	0.693025	0.703405	0.157919
10084	9.838196	-0.365329	0.507584	-0.013311	-0.040225	0.061428	-0.149726	-0.073199	0.986014	0.705067	-0.707038	0.054576	0.693154	0.703377	0.157472
10085	9.886656	0.210778	1.087719	0.140101	-0.027328	0.086537	-0.148863	-0.073621	0.986113	0.706204	-0.705953	0.053904	0.692182	0.704422	0.157082
10086	9.800550	0.787401	1.449786	0.179605	-0.030508	0.101817	-0.147861	-0.074118	0.986227	0.707637	-0.704575	0.053142	0.690932	0.705748	0.156628
10087	9.599391	1.111945	2.031573	0.164258	-0.018100	0.105231	-0.146928	-0.074733	0.986320	0.708963	-0.703302	0.052322	0.689771	0.706952	0.156318
10088	9.433208	1.198077	2.342235	0.133478	-0.013046	0.107750	-0.146002	-0.075392	0.986407	0.710080	-0.702240	0.051429	0.688817	0.707937	0.156063
10089	9.252220	1.112138	2.267217	0.126116	-0.013653	0.119191	-0.144999	-0.076134	0.986498	0.711159	-0.701221	0.050411	0.687916	0.708867	0.155820
10090	9.233765	1.343020	2.336784	0.123604	-0.025217	0.133486	-0.143804	-0.076885	0.986615	0.712241	-0.700206	0.049247	0.687047	0.709789	0.155453
10091	9.269002	1.599004	2.242900	0.084281	-0.033163	0.135077	-0.142552	-0.077596	0.986741	0.713050	-0.699468	0.048007	0.686469	0.710439	0.155040
10092	9.322185	1.621053	2.190749	0.007542	-0.038489	0.134742	-0.141255	-0.078259	0.986875	0.713331	-0.699273	0.046650	0.686444	0.710559	0.154600
10093	9.506739	1.232654	2.054641	-0.094378	-0.037635	0.132757	-0.139989	-0.078922	0.987003	0.712906	-0.699804	0.045156	0.687145	0.709962	0.154228
10094	9.623405	0.781874	1.905349	-0.146886	-0.044318	0.126249	-0.138713	-0.079485	0.987138	0.712111	-0.700709	0.043644	0.688227	0.709006	0.153800
10095	9.520552	0.594172	1.831300	-0.146150	-0.076220	0.112729	-0.137325	-0.079737	0.987311	0.711296	-0.701620	0.042270	0.689347	0.708076	0.153067
10096	9.590070	0.405872	1.747362	-0.147145	-0.096388	0.103882	-0.135850	-0.079778	0.987512	0.710462	-0.702542	0.040980	0.690499	0.707157	0.152120
10097	9.684386	0.259459	1.753239	-0.148196	-0.105398	0.089880	-0.134423	-0.079667	0.987716	0.709595	-0.703483	0.039830	0.691668	0.706233	0.151096
10098	9.872826	0.208117	1.748516	-0.121504	-0.112432	0.090890	-0.132929	-0.079508	0.987931	0.708914	-0.704231	0.038710	0.692655	0.705505	0.149977
10099	9.882496	0.029876	1.654218	-0.108349	-0.099444	0.087053	-0.131562	-0.079422	0.988121	0.708315	-0.704892	0.037650	0.693528	0.704854	0.148992
10100	9.833362	-0.626147	1.514650	-0.107357	-0.073683	0.100713	-0.130266	-0.079607	0.988278	0.707740	-0.705531	0.036456	0.694359	0.704193	0.148248
10101	9.751376	-0.951314	1.415650	-0.026457	-0.037283	0.130442	-0.129022	-0.080268	0.988388	0.707762	-0.705579	0.035089	0.694569	0.704071	0.147846
10102	9.599002	-1.033434	1.233468	0.097769	0.000206	0.162463	-0.127802	-0.081409	0.988453	0.708688	-0.704722	0.033589	0.693850	0.704798	0.147758
10103	9.637010	-0.662201	0.801228	0.247528	-0.003886	0.198529	-0.126304	-0.082782	0.988531	0.710692	-0.702777	0.031952	0.692072	0.706578	0.147596
10104	9.764923	0.130913	0.740641	0.299904	0.021786	0.216173	-0.124844	-0.084447	0.988576	0.713074	-0.700437	0.030219	0.689883	0.708701	0.147662
10105	9.570766	0.725135	0.622114	0.281024	0.016867	0.213141	-0.123376	-0.086060	0.988621	0.715311	-0.698225	0.028487	0.687829	0.710686	0.147703
10106	9.640663	0.735576	0.588901	0.207356	0.000110	0.201379	-0.121863	-0.087458	0.988686	0.717021	-0.696538	0.026763	0.686317	0.712170	0.147591
10107	9.762922	0.571481	0.677324	0.154860	-0.003049	0.188153	-0.120429	-0.088747	0.988747	0.718347	-0.695233	0.025092	0.685183	0.713285	0.147478
10108	9.855308	0.297667	0.882680	0.123613	-0.014285	0.168085	-0.119051	-0.089806	0.988818	0.719432	-0.694163	0.023573	0.684284	0.714194	0.147251
10109	9.855620	-0.033082	1.101785	0.098391	-0.010481	0.155110	-0.117800	-0.090808	0.988877	0.720324	-0.693284	0.022145	0.683561	0.714920	0.147081
10110	9.731030	-0.020010	1.614458	0.058496	0.000749	0.145760	-0.116684	-0.091817	0.988916	0.720932	-0.692695	0.020750	0.683112	0.715363	0.147020
10111	9.643333	0.244180	2.221032	-0.009186	0.026221	0.122040	-0.115920	-0.092851	0.988909	0.721048	-0.692611	0.019490	0.683120	0.715310	0.147237
10112	9.557334	0.321079	2.561680	-0.094566	0.047509	0.102154	-0.115437	-0.093892	0.988867	0.720557	-0.693154	0.018301	0.683719	0.714648	0.147670
10113	9.495735	-0.061534	2.692664	-0.188432	0.086231	0.096276	-0.115271	-0.095176	0.988764	0.719414	-0.694373	0.017031	0.684950	0.713294	0.148512
10114	9.515672	-0.734070	2.773620	-0.235979	0.126833	0.105818	-0.115308	-0.096809	0.988601	0.717956	-0.695914	0.015593	0.686472	0.711570	0.149749
10115	9.538216	-1.436642	2.769391	-0.139417	0.170126	0.144718	-0.115376	-0.099029	0.988373	0.717201	-0.696728	0.013914	0.687249	0.710467	0.151409
10116	9.696289	-1.265128	2.578746	0.115902	0.189350	0.177405	-0.115332	-0.101603	0.988117	0.718239	-0.695688	0.012298	0.686172	0.711123	0.153210
10117	9.500116	-0.485257	2.086071	0.413473	0.137884	0.196483	-0.114799	-0.103953	0.987935	0.721332	-0.692503	0.010952	0.683009	0.713886	0.154483
10118	9.600828	0.718532	1.663980	0.527656	0.115646	0.177217	-0.114233	-0.105997	0.987783	0.725165	-0.688502	0.009980	0.679033	0.717446	0.155515
10119	9.552187	1.518363	1.298231	0.489278	0.099916	0.147025	-0.113778	-0.107728	0.987648	0.728682	-0.684789	0.009252	0.675335	0.720734	0.156414
10120	9.726679	1.482420	0.851261	0.354222	0.061811	0.128795	-0.113183	-0.109047	0.987572	0.731253	-0.682054	0.008495	0.672651	0.723126	0.156938
10121	9.640783	1.108257	0.750929	0.210841	0.046120	0.118176	-0.112566	-0.110187	0.987516	0.732838	-0.680360	0.007621	0.671027	0.724547	0.157335
10122	9.479094	0.758326	0.956686	0.095271	0.035226	0.127590	-0.111795	-0.111302	0.987478	0.733657	-0.679489	0.006472	0.670261	0.725194	0.157621
10123	9.460814	0.740611	1.341209	-0.002970	0.033305	0.127586	-0.111020	-0.112411	0.987440	0.733814	-0.679330	0.005169	0.670217	0.725172	0.157908
10124	9.543686	0.760136	1.699625	-0.104807	0.040854	0.125573	-0.110302	-0.113552	0.987390	0.733287	-0.679909	0.003725	0.670912	0.724451	0.158262
10125	9.640018	0.601303	2.038811	-0.207824	0.055373	0.122085	-0.109717	-0.114785	0.987313	0.732061	-0.681235	0.002152	0.672345	0.723010	0.158772
10126	9.727421	0.330519	2.216062	-0.260539	0.073697	0.115219	-0.109299	-0.116095	0.987206	0.730470	-0.682945	0.000561	0.674142	0.721186	0.159449
10127	9.872395	-0.003743	2.170141	-0.263863	0.081064	0.109636	-0.108986	-0.117429	0.987083	0.728843	-0.684680	-0.000980	0.675951	0.719321	0.160207
10128	9.759721	-0.338266	2.216643	-0.237593	0.097934	0.107214	-0.108796	-0.118860	0.986932	0.727388	-0.686222	-0.002459	0.677547	0.717616	0.161116
10129	9.642609	-0.301541	2.469936	-0.187981	0.114161	0.094968	-0.108819	-0.120332	0.986752	0.726253	-0.687418	-0.003738	0.678760	0.716224	0.162195
10130	9.581725	-0.105151	2.813428	-0.183201	0.122478	0.085363	-0.108960	-0.121788	0.986557	0.725138	-0.688586	-0.004917	0.679928	0.714854	0.163341
10131	9.461670	-0.334576	3.109918	-0.228452	0.149609	0.071537	-0.109399	-0.123351	0.986314	0.723696	-0.690093	-0.006035	0.681393	0.713132	0.164764
10132	9.378801	-0.688282	3.333362	-0.250700	0.168016	0.070003	-0.109968	-0.125025	0.986041	0.722099	-0.691752	-0.007179	0.682993	0.711230	0.166351
10133	9.299123	-0.978687	3.604720	-0.245124	0.191226	0.082281	-0.110621	-0.126956	0.985721	0.720549	-0.693353	-0.008438	0.684523	0.709327	0.168177
10134	9.245076	-0.918634	3.834018	-0.162841	0.209349	0.091203	-0.111327	-0.129066	0.985367	0.719572	-0.694351	-0.009650	0.685436	0.707968	0.170172
10135	9.347314	-0.626668	3.962973	-0.062623	0.228607	0.094102	-0.112157	-0.131341	0.984972	0.719283	-0.694635	-0.010722	0.685604	0.707271	0.172380
10136	9.396705	-0.424845	4.052935	-0.008347	0.266171	0.094940	-0.113228	-0.133876	0.984508	0.719370	-0.694529	-0.011710	0.685337	0.706900	0.174946
10137	9.469811	-0.391270	4.039087	0.033644	0.308999	0.102570	-0.114547	-0.136778	0.983957	0.719752	-0.694115	-0.012698	0.684716	0.706750	0.177955
10138	9.451237	-0.292660	3.889775	0.097039	0.322015	0.114854	-0.115852	-0.139844	0.983373	0.720585	-0.693231	-0.013691	0.683619	0.707018	0.181082
10139	9.165704	0.038158	3.828971	0.162871	0.348698	0.119646	-0.117311	-0.143146	0.982724	0.721873	-0.691871	-0.014607	0.682010	0.707689	0.184498
10140	8.937670	0.391611	3.820953	0.205359	0.365189	0.118242	-0.118872	-0.146543	0.982036	0.723449	-0.690206	-0.015424	0.680067	0.708619	0.188062
10141	9.006605	0.683809	3.743697	0.192315	0.389388	0.117303	-0.120611	-0.150119	0.981284	0.724930	-0.688631	-0.016246	0.678181	0.709402	0.191882
10142	9.382384	0.713913	3.819984	0.137259	0.406451	0.111656	-0.122482	-0.153764	0.980487	0.726033	-0.687447	-0.017113	0.676664	0.709770	0.195838
10143	9.815207	0.348833	3.846075	0.037090	0.448501	0.106093	-0.124688	-0.157683	0.979586	0.726451	-0.686979	-0.018115	0.675812	0.709363	0.200207
10144	9.985753	-0.175540	3.781287	0.020243	0.506879	0.102531	-0.127295	-0.161975	0.978550	0.726755	-0.686631	-0.019114	0.674999	0.708732	0.205121
10145	9.898854	-0.306638	3.208871	0.123869	0.520019	0.101807	-0.130007	-0.166365	0.977456	0.727754	-0.685550	-0.019887	0.673404	0.708762	0.210199
10146	9.932730	-0.049514	2.246841	0.235310	0.453492	0.085424	-0.132361	-0.170159	0.976487	0.729485	-0.683696	-0.020258	0.671068	0.709651	0.214624
10147	10.311582	0.444607	1.501135	0.233443	0.385014	0.057789	-0.134464	-0.173294	0.975648	0.731161	-0.681901	-0.020350	0.668822	0.710619	0.218397
10148	10.434209	0.788081	1.166035	0.071914	0.363023	0.022940	-0.136651	-0.176023	0.974855	0.731710	-0.681309	-0.020451	0.667777	0.710517	0.221899
10149	10.428810	0.836460	1.048169	-0.184394	0.361029	-0.012275	-0.139098	-0.178507	0.974057	0.730496	-0.682600	-0.020778	0.668601	0.708655	0.225347
10150	10.902404	0.758457	1.576583	-0.441983	0.406264	-0.031561	-0.141978	-0.181155	0.973152	0.727529	-0.685740	-0.021510	0.671225	0.704943	0.229156
10151	11.447526	0.464381	1.794307	-0.614694	0.597644	-0.024529	-0.146123	-0.185188	0.971779	0.723391	-0.690064	-0.022730	0.674799	0.699655	0.234797
10152	10.066094	-0.338056	1.626554	-0.769202	0.703736	-0.031538	-0.151043	-0.189864	0.970122	0.718175	-0.695438	-0.024289	0.679272	0.693049	0.241397
10153	8.335308	-1.401163	2.204396	-0.974216	0.451415	-0.050285	-0.154427	-0.192630	0.969044	0.711486	-0.702211	-0.026205	0.685521	0.685415	0.245494
10154	8.532234	-2.560139	1.610820	-1.101234	0.228125	-0.028693	-0.156131	-0.193977	0.968502	0.703891	-0.709729	-0.028675	0.692936	0.677243	0.247350
10155	9.237324	-2.788591	0.232606	-0.949720	0.147993	0.028802	-0.156903	-0.195186	0.968134	0.697360	-0.716035	-0.031340	0.699335	0.670221	0.248463
10156	9.770952	-2.316280	-0.748195	-0.565897	0.127261	0.046470	-0.157401	-0.196367	0.967815	0.693505	-0.719684	-0.033233	0.703047	0.665954	0.249460
10157	10.465404	-1.537130	-1.294182	-0.249324	0.124927	0.019101	-0.158089	-0.197344	0.967504	0.691820	-0.721266	-0.034076	0.704552	0.663951	0.250551
10158	10.412526	-1.398599	-1.864843	-0.153489	0.131473	-0.032129	-0.159167	-0.197982	0.967197	0.690727	-0.722307	-0.034184	0.705381	0.662628	0.251719
10159	9.616274	-1.471521	-2.274917	0.057470	0.080658	-0.101307	-0.160374	-0.197792	0.967036	0.691009	-0.722088	-0.033094	0.704831	0.662923	0.252480
10160	8.933607	-1.090094	-2.449878	0.384732	-0.023359	-0.142383	-0.161124	-0.196608	0.967153	0.693527	-0.719772	-0.030780	0.702182	0.665787	0.252325
10161	8.975013	-0.526941	-2.220237	0.521565	-0.122098	-0.173150	-0.161408	-0.194554	0.967521	0.696940	-0.716589	-0.027827	0.698729	0.669812	0.251256
10162	9.102934	-0.436989	-1.986400	0.395406	-0.150938	-0.173883	-0.161498	-0.192293	0.967957	0.699457	-0.714231	-0.025188	0.696188	0.672977	0.249848
10163	9.146599	-0.473436	-1.482306	0.276020	-0.135309	-0.154609	-0.161574	-0.190284	0.968342	0.701168	-0.712624	-0.023040	0.694447	0.675247	0.248563
10164	9.085214	-0.268624	-0.410666	0.197831	-0.110810	-0.111532	-0.161517	-0.188737	0.968654	0.702400	-0.711457	-0.021503	0.693214	0.676910	0.247482
10165	8.736998	0.262956	0.946782	0.088991	-0.085984	-0.074591	-0.161377	-0.187627	0.968893	0.702937	-0.710954	-0.020597	0.692703	0.677746	0.246622
10166	8.457414	0.829591	2.994336	-0.120737	-0.071174	-0.087099	-0.161425	-0.186522	0.969098	0.701999	-0.711895	-0.020084	0.693642	0.677064	0.245856
10167	9.279476	1.263848	6.540728	-0.456710	-0.061184	-0.149412	-0.161980	-0.185045	0.969289	0.698621	-0.715218	-0.019793	0.696916	0.673960	0.245127
10168	9.549935	1.250215	7.280163	-0.778663	0.028443	-0.233027	-0.163728	-0.183559	0.969278	0.692834	-0.720834	-0.019477	0.702263	0.668360	0.245197
10169	8.059612	0.227023	4.400446	-0.928731	0.011670	-0.210669	-0.165199	-0.182115	0.969300	0.685975	-0.727357	-0.019747	0.708624	0.661654	0.245085
10170	8.406077	-1.740042	2.406740	-0.792033	-0.184123	-0.113452	-0.164593	-0.180072	0.969785	0.680194	-0.732742	-0.020614	0.714315	0.656249	0.243088
10171	10.253567	-2.902422	2.572725	-0.654487	-0.193373	-0.064686	-0.163582	-0.178337	0.970277	0.675436	-0.737102	-0.021605	0.719046	0.651826	0.241032
10172	10.785187	-3.510908	3.468835	-0.521975	-0.058620	-0.048258	-0.163413	-0.177598	0.970441	0.671636	-0.740542	-0.022428	0.722635	0.648118	0.240296
10173	9.746500	-4.225818	3.741976	-0.196900	-0.003264	-0.020978	-0.163465	-0.177430	0.970463	0.670218	-0.741816	-0.022735	0.723938	0.646705	0.240178
10174	8.654756	-4.367562	3.853338	0.606855	-0.138574	-0.008152	-0.162448	-0.176469	0.970809	0.674628	-0.737853	-0.021236	0.720061	0.651485	0.238914
10175	8.083930	-1.394233	1.056545	1.693507	-0.446402	-0.030683	-0.159400	-0.173318	0.971881	0.686723	-0.726721	-0.016967	0.709227	0.664709	0.234861
10176	9.423303	0.868844	-1.601894	1.923062	-0.674687	-0.038234	-0.154850	-0.168504	0.973462	0.700225	-0.713819	-0.012174	0.696927	0.679757	0.228526
10177	10.276982	1.986379	-1.459045	1.458939	-0.591633	-0.051019	-0.151045	-0.164096	0.974812	0.710287	-0.703862	-0.008428	0.687516	0.691123	0.222869
10178	10.307236	2.478186	0.307184	0.782488	-0.407373	-0.050400	-0.148542	-0.160909	0.975727	0.715611	-0.698471	-0.006243	0.682522	0.697314	0.218900
10179	9.997575	2.075328	2.025841	0.237211	-0.265282	-0.030921	-0.146889	-0.158845	0.976316	0.717222	-0.696824	-0.005464	0.681188	0.699432	0.216283
10180	9.893504	0.812035	2.499436	-0.055017	-0.231656	-0.006281	-0.145284	-0.157175	0.976826	0.716876	-0.697178	-0.005557	0.681895	0.699456	0.213964
10181	10.155119	0.107041	2.428851	-0.185354	-0.241030	0.001427	-0.143561	-0.155502	0.977348	0.715652	-0.698432	-0.006004	0.683544	0.698579	0.211553
10182	10.436567	0.010481	2.840879	-0.310141	-0.213764	-0.014269	-0.142128	-0.153906	0.977810	0.713546	-0.700578	-0.006553	0.686040	0.696781	0.209390
10183	10.222595	-0.311491	3.401093	-0.415452	-0.157538	-0.018793	-0.141109	-0.152681	0.978150	0.710702	-0.703456	-0.007277	0.689196	0.694146	0.207775
10184	9.822987	-1.142685	3.697280	-0.443852	-0.111544	-0.013033	-0.140360	-0.151812	0.978393	0.707656	-0.706510	-0.008105	0.692475	0.691228	0.206596
10185	9.559912	-2.058599	3.766019	-0.309721	-0.074076	0.029416	-0.139573	-0.151513	0.978552	0.705588	-0.708564	-0.009071	0.694741	0.689188	0.205802
10186	9.489582	-2.286878	3.767475	0.034306	-0.028491	0.060416	-0.138877	-0.151740	0.978615	0.705949	-0.708197	-0.009628	0.694513	0.689516	0.205473
10187	9.026722	-1.247416	2.939617	0.542958	-0.097871	0.078454	-0.137574	-0.151625	0.978817	0.709859	-0.704282	-0.009326	0.690778	0.693539	0.204523
10188	9.129961	0.597119	2.632471	0.882435	-0.182851	0.061223	-0.135809	-0.150774	0.979195	0.716050	-0.698001	-0.008165	0.684710	0.700044	0.202757
10189	9.180286	2.413049	2.160999	0.882439	-0.232582	0.018145	-0.134025	-0.149270	0.979671	0.722128	-0.691728	-0.006605	0.678652	0.706563	0.200501
10190	9.702390	2.760634	1.835692	0.561040	-0.250145	-0.028514	-0.132467	-0.147293	0.980182	0.725925	-0.687754	-0.005244	0.674896	0.710844	0.198029
10191	9.831596	1.872337	2.012427	0.163217	-0.215291	-0.061806	-0.131399	-0.145341	0.980617	0.726982	-0.686642	-0.004357	0.673967	0.712319	0.195885
10192	9.629932	1.058828	2.304724	-0.032894	-0.191890	-0.064076	-0.130500	-0.143527	0.981004	0.726714	-0.686929	-0.003830	0.674430	0.712410	0.193948
10193	9.716745	0.945263	2.280940	-0.132517	-0.169455	-0.062143	-0.129742	-0.141898	0.981342	0.725777	-0.687921	-0.003516	0.675584	0.711780	0.192239
10194	9.784728	1.152617	1.833260	-0.239476	-0.149841	-0.057704	-0.129076	-0.140428	0.981641	0.724120	-0.689665	-0.003445	0.677488	0.710382	0.190706
10195	9.682060	1.134554	1.817164	-0.410082	-0.154354	-0.066871	-0.128447	-0.138873	0.981945	0.721285	-0.692629	-0.003605	0.680624	0.707799	0.189133
10196	9.343005	0.585858	2.010708	-0.583112	-0.141432	-0.077233	-0.127966	-0.137332	0.982224	0.717243	-0.696812	-0.003983	0.684973	0.703984	0.187668
10197	9.225729	-0.110900	2.399379	-0.669523	-0.118125	-0.081196	-0.127670	-0.135939	0.982457	0.712575	-0.701582	-0.004476	0.689883	0.699502	0.186438
10198	9.300296	-0.675547	2.696179	-0.652578	-0.101805	-0.072543	-0.127409	-0.134713	0.982659	0.708003	-0.706192	-0.005014	0.694621	0.695087	0.185352
10199	9.556117	-1.039803	3.109092	-0.565272	-0.076568	-0.056138	-0.127208	-0.133791	0.982811	0.704032	-0.710146	-0.005548	0.698682	0.691225	0.184530
10200	9.584942	-0.978927	3.482590	-0.434528	-0.049269	-0.052902	-0.127163	-0.133070	0.982915	0.700961	-0.713175	-0.005866	0.701771	0.688239	0.183967
10201	9.668492	-0.882374	3.528215	-0.290550	-0.029694	-0.056970	-0.127291	-0.132468	0.982980	0.698887	-0.715208	-0.005880	0.703814	0.686243	0.183620
10202	9.662015	-0.987647	3.110331	-0.141091	-0.004414	-0.059174	-0.127602	-0.132010	0.983001	0.697857	-0.716215	-0.005595	0.704779	0.685280	0.183514
10203	9.436791	-1.074957	2.458094	0.066650	-0.022896	-0.055634	-0.127765	-0.131464	0.983053	0.698295	-0.715792	-0.004967	0.704315	0.685827	0.183254
10204	9.575389	-0.934620	1.818551	0.227439	-0.031558	-0.043660	-0.127777	-0.130931	0.983123	0.699879	-0.714250	-0.004159	0.702740	0.687535	0.182900
10205	9.459729	-0.768848	1.267621	0.321267	-0.064143	-0.025261	-0.127443	-0.130315	0.983248	0.702137	-0.712034	-0.003363	0.700544	0.689946	0.182243
10206	9.553076	-0.676758	1.014464	0.337860	-0.077560	0.004719	-0.126795	-0.129808	0.983399	0.704545	-0.709654	-0.002833	0.698241	0.692489	0.181436
10207	9.603649	-0.306244	1.094901	0.340114	-0.088062	0.034762	-0.125873	-0.129449	0.983564	0.706996	-0.707213	-0.002599	0.695926	0.695049	0.180539
10208	9.784416	0.442040	1.213073	0.308419	-0.099092	0.052227	-0.124743	-0.129123	0.983751	0.709243	-0.704959	-0.002596	0.693839	0.697395	0.179518
10209	10.050959	1.045164	1.556754	0.180855	-0.096974	0.039378	-0.123727	-0.128732	0.983931	0.710586	-0.703605	-0.002701	0.692646	0.698833	0.178530
10210	10.090878	1.227445	2.057446	0.007846	-0.056906	0.002726	-0.123242	-0.128348	0.984042	0.710682	-0.703508	-0.002752	0.692634	0.699002	0.177916
10211	9.698853	0.970034	2.066967	-0.068408	-0.054002	-0.021493	-0.122958	-0.127825	0.984145	0.710219	-0.703976	-0.002702	0.693160	0.698627	0.177343
10212	9.631091	0.557374	1.770287	-0.060408	-0.072240	-0.022305	-0.122544	-0.127158	0.984283	0.709811	-0.704387	-0.002627	0.693651	0.698333	0.176576
10213	9.426911	0.469615	1.738118	-0.081626	-0.060862	-0.022398	-0.122216	-0.126582	0.984398	0.709256	-0.704946	-0.002591	0.694276	0.697874	0.175935
10214	9.263949	0.419649	2.391485	-0.156300	-0.033956	-0.031139	-0.122129	-0.126120	0.984468	0.708170	-0.706037	-0.002598	0.695399	0.696854	0.175542
10215	9.237713	0.204308	2.753277	-0.250702	-0.007553	-0.047311	-0.122349	-0.125738	0.984490	0.706403	-0.707805	-0.002611	0.697155	0.695127	0.175421
10216	9.506687	-0.630237	2.889227	-0.313816	0.013849	-0.038617	-0.122646	-0.125555	0.984476	0.704203	-0.709993	-0.002819	0.699326	0.692925	0.175494
10217	9.559043	-0.916595	2.971921	-0.241960	0.058110	-0.034673	-0.123234	-0.125719	0.984382	0.702506	-0.711672	-0.002944	0.700928	0.691171	0.176020
10218	9.422294	-0.664247	2.506606	-0.089940	0.056471	-0.019380	-0.123694	-0.125966	0.984293	0.701890	-0.712280	-0.002950	0.701463	0.690500	0.176519
10219	9.603136	-0.172996	1.886361	0.064823	0.038553	-0.013185	-0.123993	-0.126147	0.984232	0.702367	-0.711810	-0.002747	0.700932	0.690952	0.176861
10220	9.547275	0.095785	1.089781	0.140130	0.028677	-0.016784	-0.124240	-0.126221	0.984191	0.703366	-0.710823	-0.002372	0.699886	0.691953	0.177093
10221	9.626043	0.300558	0.492284	0.161436	-0.001793	-0.011202	-0.124243	-0.126137	0.984202	0.704521	-0.709680	-0.002017	0.698723	0.693140	0.177038
10222	9.739279	0.456858	0.380547	0.101726	-0.017983	-0.012739	-0.124135	-0.125917	0.984244	0.705254	-0.708953	-0.001749	0.698002	0.693925	0.176809
10223	9.827656	0.529409	0.556030	0.010310	-0.040423	-0.019586	-0.123929	-0.125502	0.984323	0.705338	-0.708869	-0.001578	0.697954	0.694085	0.176371
10224	9.868331	0.403646	0.976402	-0.122438	-0.044313	-0.022776	-0.123708	-0.125028	0.984411	0.704493	-0.709709	-0.001607	0.698846	0.693312	0.175878
10225	9.831171	0.073718	1.134100	-0.212287	-0.062035	-0.025448	-0.123389	-0.124424	0.984527	0.703015	-0.711173	-0.001770	0.700389	0.691919	0.175223
10226	9.810715	-0.108728	1.206030	-0.238803	-0.078420	-0.026944	-0.122957	-0.123685	0.984674	0.701346	-0.712819	-0.001960	0.702137	0.690356	0.174392
10227	9.749287	-0.373007	1.547838	-0.282317	-0.086669	-0.026198	-0.122467	-0.122905	0.984833	0.699365	-0.714762	-0.002233	0.704195	0.688484	0.173490
10228	9.481755	-1.098406	1.721408	-0.311545	-0.073033	-0.009277	-0.121945	-0.122332	0.984969	0.697195	-0.716877	-0.002719	0.706434	0.686384	0.172709
10229	9.496612	-1.457564	1.847150	-0.163714	-0.082717	0.022585	-0.121139	-0.121934	0.985118	0.696103	-0.717934	-0.003264	0.707648	0.685349	0.171848
10230	9.638593	-0.970404	2.086029	0.005176	-0.079643	0.043093	-0.120204	-0.121693	0.985262	0.696231	-0.717808	-0.003718	0.707682	0.685523	0.171010
10231	9.680005	-0.161846	2.418024	0.100751	-0.064031	0.050743	-0.119331	-0.121623	0.985377	0.697041	-0.717019	-0.004087	0.707032	0.686361	0.170339
10232	9.859545	0.374128	2.671615	0.104382	-0.018557	0.038779	-0.118858	-0.121769	0.985416	0.697864	-0.716217	-0.004330	0.706300	0.687172	0.170106
10233	9.718343	0.319517	2.442176	0.105938	0.002635	0.020671	-0.118667	-0.121942	0.985418	0.698675	-0.715426	-0.004395	0.705529	0.687965	0.170095
10234	9.553691	0.189856	2.288527	0.136818	0.007848	0.008081	-0.118594	-0.122050	0.985413	0.699688	-0.714436	-0.004280	0.704537	0.688974	0.170124
10235	9.373469	0.502670	2.422931	0.165893	0.016530	-0.003910	-0.118675	-0.122141	0.985392	0.700886	-0.713262	-0.003999	0.703331	0.690173	0.170254
10236	9.342222	1.008423	2.671773	0.094887	0.028939	-0.021772	-0.118960	-0.122182	0.985353	0.701566	-0.712595	-0.003661	0.702605	0.690854	0.170489
10237	9.542073	0.636544	2.754867	-0.077802	0.067725	-0.033723	-0.119608	-0.122417	0.985245	0.701020	-0.713133	-0.003504	0.703040	0.690257	0.171113
10238	9.727620	-0.260375	2.671103	-0.174161	0.100443	-0.029484	-0.120449	-0.122895	0.985083	0.699797	-0.714332	-0.003551	0.704113	0.688931	0.172042
10239	9.685355	-0.600599	2.481159	-0.151751	0.106889	-0.011983	-0.121222	-0.123552	0.984906	0.698753	-0.715353	-0.003736	0.705017	0.687754	0.173049
10240	9.577313	-0.343106	2.243388	-0.044566	0.100250	-0.001329	-0.121867	-0.124228	0.984742	0.698476	-0.715623	-0.003838	0.705181	0.687351	0.173981
10241	9.530907	0.123634	1.965019	0.027687	0.086691	-0.005991	-0.122457	-0.124788	0.984598	0.698701	-0.715404	-0.003771	0.704855	0.687478	0.174796
10242	9.556557	0.428737	1.635926	0.059258	0.070576	-0.005361	-0.122920	-0.125230	0.984484	0.699151	-0.714965	-0.003652	0.704329	0.687853	0.175439
10243	9.648274	0.450658	1.514958	0.052698	0.052142	-0.013720	-0.123321	-0.125498	0.984399	0.699542	-0.714584	-0.003464	0.703870	0.688201	0.175914
10244	9.596973	0.315059	1.281246	0.027913	0.037555	-0.016348	-0.123628	-0.125635	0.984343	0.699757	-0.714374	-0.003292	0.703603	0.688394	0.176230
10245	9.582730	0.023662	1.250620	0.011645	0.013379	-0.007931	-0.123715	-0.125676	0.984327	0.699866	-0.714267	-0.003233	0.703479	0.688497	0.176322
10246	9.613741	-0.087478	1.402141	0.003738	-0.003929	-0.010553	-0.123690	-0.125570	0.984344	0.699918	-0.714217	-0.003161	0.703432	0.688569	0.176230
10247	9.602639	-0.201727	1.487835	-0.021804	-0.013929	-0.009313	-0.123593	-0.125415	0.984376	0.699794	-0.714338	-0.003149	0.703572	0.688471	0.176052
10248	9.770246	-0.243522	1.480037	-0.030366	-0.015527	0.001388	-0.123402	-0.125314	0.984413	0.699620	-0.714507	-0.003254	0.703778	0.688314	0.175844
10249	9.927291	-0.316553	1.582316	-0.055556	-0.008600	0.004978	-0.123244	-0.125296	0.984435	0.699272	-0.714847	-0.003440	0.704151	0.687964	0.175717
10250	9.721349	-0.414698	1.480429	-0.052135	-0.012919	0.003715	-0.123056	-0.125230	0.984467	0.698949	-0.715163	-0.003606	0.704506	0.687648	0.175534
10251	9.613970	-0.535057	1.303937	0.013713	-0.047641	0.005192	-0.122619	-0.124946	0.984557	0.699090	-0.715025	-0.003674	0.704442	0.687843	0.175024
10252	9.482344	-0.577493	1.101178	0.057645	-0.060621	0.003594	-0.122096	-0.124550	0.984673	0.699539	-0.714586	-0.003647	0.704087	0.688371	0.174375
10253	9.311377	-0.448587	1.526612	0.102421	-0.069855	0.005202	-0.121505	-0.124111	0.984801	0.700301	-0.713839	-0.003559	0.703431	0.689224	0.173651
10254	9.362610	0.115146	2.564318	0.093793	-0.035680	0.007796	-0.121128	-0.123917	0.984872	0.701008	-0.713145	-0.003512	0.702791	0.689978	0.173248
10255	9.575230	0.208611	2.834139	0.047313	-0.017308	-0.002843	-0.120963	-0.123783	0.984909	0.701374	-0.712785	-0.003442	0.702455	0.690373	0.173038
10256	9.825189	-0.281219	2.793740	0.006551	0.010155	0.018157	-0.120835	-0.123978	0.984900	0.701480	-0.712679	-0.003648	0.702370	0.690447	0.173085
10257	9.781210	-0.208656	2.682977	0.048738	0.052955	0.020527	-0.121000	-0.124496	0.984815	0.701885	-0.712280	-0.003806	0.701938	0.690766	0.173568
10258	9.495775	-0.022679	2.246812	0.081294	0.060012	0.023997	-0.121181	-0.125077	0.984719	0.702523	-0.711650	-0.003939	0.701268	0.691310	0.174108
10259	9.369991	-0.013796	1.629573	0.164491	0.026148	0.026426	-0.121114	-0.125453	0.984679	0.703746	-0.710441	-0.003954	0.700052	0.692485	0.174332
10260	9.455348	0.516598	1.798523	0.188726	0.023867	0.012594	-0.121121	-0.125703	0.984646	0.705119	-0.709079	-0.003787	0.698668	0.693834	0.174520
10261	9.481363	0.534962	1.920503	0.078527	0.021341	-0.001294	-0.121216	-0.125848	0.984616	0.705702	-0.708499	-0.003677	0.698062	0.694400	0.174693
10262	9.719554	-0.546434	1.552385	-0.009722	-0.005670	0.016808	-0.120986	-0.125923	0.984635	0.705693	-0.708507	-0.003898	0.698112	0.694378	0.174583
10263	9.717768	-0.956911	1.583172	0.029217	-0.013258	0.036767	-0.120572	-0.126097	0.984663	0.705977	-0.708222	-0.004249	0.697896	0.694638	0.174414
10264	9.863153	-0.354917	1.778363	0.085671	-0.022715	0.040791	-0.120054	-0.126223	0.984710	0.706662	-0.707536	-0.004539	0.697291	0.695313	0.174140
10265	9.754242	0.027443	1.494552	0.087080	-0.029297	0.032903	-0.119552	-0.126260	0.984767	0.707350	-0.706848	-0.004754	0.696680	0.696006	0.173815
10266	9.571065	-0.119449	1.174642	0.098589	-0.065500	0.024117	-0.118854	-0.125969	0.984889	0.708103	-0.706092	-0.004858	0.696034	0.696825	0.173121
10267	9.670613	0.017178	1.067460	0.103510	-0.076264	0.017554	-0.118136	-0.125566	0.985026	0.708879	-0.705313	-0.004892	0.695367	0.697686	0.172334
10268	9.655893	0.306976	1.156108	0.077879	-0.078134	0.006458	-0.117476	-0.125061	0.985170	0.709466	-0.704723	-0.004860	0.694880	0.698373	0.171514
10269	9.634214	0.432324	1.314179	0.026263	-0.074152	-0.004563	-0.116928	-0.124518	0.985304	0.709683	-0.704505	-0.004812	0.694750	0.698691	0.170744
10270	9.679623	0.131724	1.573640	-0.046578	-0.053372	-0.013513	-0.116581	-0.124044	0.985404	0.709382	-0.704808	-0.004797	0.695116	0.698469	0.170162
10271	9.699336	-0.454387	1.747334	-0.084656	-0.028403	-0.009352	-0.116386	-0.123785	0.985460	0.708819	-0.705373	-0.004889	0.695722	0.697944	0.169837
10272	9.655362	-0.789465	1.951302	-0.072410	0.007579	0.006410	-0.116322	-0.123878	0.985456	0.708361	-0.705832	-0.005114	0.696200	0.697464	0.169854
10273	9.703122	-0.760793	2.522869	-0.036527	0.051411	0.016754	-0.116497	-0.124361	0.985374	0.708165	-0.706027	-0.005382	0.696370	0.697180	0.170318
10274	9.626352	-0.040502	2.771765	0.050486	0.077006	0.007010	-0.116912	-0.124942	0.985252	0.708562	-0.705628	-0.005403	0.695896	0.697480	0.171026
10275	9.501904	0.537241	2.382804	0.120805	0.053355	-0.015164	-0.117326	-0.125214	0.985168	0.709423	-0.704764	-0.005088	0.694948	0.698304	0.171517
10276	9.544560	0.714755	2.209139	0.104543	0.045755	-0.040617	-0.117860	-0.125242	0.985101	0.710140	-0.704046	-0.004547	0.694126	0.699023	0.171919
10277	9.540111	0.859515	2.541397	0.022502	0.064209	-0.065890	-0.118709	-0.125234	0.985000	0.710257	-0.703932	-0.003901	0.693861	0.699140	0.172512
10278	9.473813	0.200983	2.145866	-0.057637	0.046377	-0.064111	-0.119415	-0.125101	0.984931	0.709819	-0.704376	-0.003407	0.694188	0.698716	0.172912
10279	9.487591	-0.733128	1.878803	-0.079565	0.034994	-0.030565	-0.119811	-0.125136	0.984879	0.709267	-0.704933	-0.003284	0.694684	0.698148	0.173214
10280	9.599178	-0.662323	2.035858	-0.030678	0.049998	0.003581	-0.120062	-0.125505	0.984801	0.709096	-0.705104	-0.003410	0.694815	0.697909	0.173651
10281	9.627627	-0.067969	2.172609	-0.017369	0.048808	0.002608	-0.120319	-0.125870	0.984723	0.709016	-0.705184	-0.003507	0.694852	0.697763	0.174091
10282	9.492241	0.031988	2.092948	-0.035743	0.035938	-0.005792	-0.120538	-0.126075	0.984670	0.708799	-0.705402	-0.003550	0.695036	0.697505	0.174390
10283	9.497783	0.149778	1.835713	-0.047523	0.027902	-0.012530	-0.120758	-0.126187	0.984629	0.708489	-0.705713	-0.003550	0.695313	0.697170	0.174623
10284	9.508182	0.341065	1.700511	-0.073248	0.025852	-0.026214	-0.121052	-0.126177	0.984594	0.707986	-0.706218	-0.003458	0.695774	0.696661	0.174821
10285	9.565994	0.332540	1.711967	-0.104624	0.031109	-0.031347	-0.121429	-0.126177	0.984548	0.707254	-0.706952	-0.003372	0.696453	0.695916	0.175084
10286	9.720695	0.092329	1.774445	-0.139262	0.035419	-0.034833	-0.121851	-0.126172	0.984496	0.706279	-0.707926	-0.003311	0.697368	0.694926	0.175374
10287	9.784082	-0.197695	1.917720	-0.158376	0.041102	-0.027535	-0.122269	-0.126268	0.984432	0.705177	-0.709024	-0.003358	0.698410	0.693788	0.175733
10288	9.771456	-0.520932	1.843801	-0.118332	0.034871	-0.015964	-0.122554	-0.126391	0.984381	0.704369	-0.709826	-0.003447	0.699175	0.692945	0.176018
10289	9.523215	-0.621580	1.679878	-0.055408	-0.000252	-0.019303	-0.122625	-0.126260	0.984389	0.703997	-0.710195	-0.003395	0.699537	0.692590	0.175974
10290	9.517189	-0.424396	1.524856	0.007995	-0.032137	-0.012773	-0.122418	-0.125942	0.984455	0.704076	-0.710117	-0.003293	0.699494	0.692728	0.175604
10291	9.586469	-0.203206	1.511005	0.025526	-0.056079	-0.013835	-0.122059	-0.125462	0.984561	0.704275	-0.709920	-0.003154	0.699356	0.693017	0.175012
10292	9.656525	-0.058756	1.544702	0.009661	-0.074305	-0.009981	-0.121538	-0.124871	0.984701	0.704369	-0.709827	-0.003076	0.699352	0.693219	0.174227
10293	9.654460	0.001744	1.628976	-0.016443	-0.076710	-0.014312	-0.121040	-0.124245	0.984841	0.704274	-0.709922	-0.003004	0.699534	0.693234	0.173431
10294	9.661939	0.044879	1.698693	-0.052667	-0.074211	-0.016852	-0.120568	-0.123606	0.984980	0.703923	-0.710270	-0.002968	0.699968	0.692992	0.172645
10295	9.643008	0.071040	1.935685	-0.079908	-0.055833	-0.027581	-0.120307	-0.123032	0.985083	0.703372	-0.710817	-0.002875	0.700567	0.692534	0.172053
10296	9.563573	0.013549	2.070601	-0.106957	-0.031739	-0.031059	-0.120231	-0.122586	0.985148	0.702623	-0.711557	-0.002792	0.701331	0.691852	0.171683
10297	9.558310	-0.066610	2.159197	-0.106011	-0.019549	-0.035107	-0.120276	-0.122210	0.985190	0.701879	-0.712291	-0.002669	0.702068	0.691163	0.171448
10298	9.561518	-0.248392	2.211833	-0.104341	0.015525	-0.041416	-0.120604	-0.122018	0.985173	0.701135	-0.713024	-0.002479	0.702755	0.690440	0.171544
10299	9.715724	-0.334182	2.171701	-0.084866	0.035161	-0.039285	-0.121063	-0.121988	0.985121	0.700530	-0.713619	-0.002279	0.703279	0.689831	0.171850
10300	9.786369	-0.334744	2.388656	-0.063899	0.073097	-0.043278	-0.121809	-0.122179	0.985005	0.700067	-0.714075	-0.002001	0.703612	0.689325	0.172514
10301	9.770714	-0.262605	2.429723	0.002185	0.077456	-0.056814	-0.122689	-0.122315	0.984879	0.700051	-0.714092	-0.001478	0.703475	0.689284	0.173238
10302	9.632131	-0.583144	1.589714	0.063475	0.054124	-0.055365	-0.123385	-0.122288	0.984795	0.700468	-0.713684	-0.000861	0.702938	0.689711	0.173717
10303	9.562042	-0.564165	1.167920	0.125495	0.023331	-0.045805	-0.123808	-0.122130	0.984762	0.701328	-0.712839	-0.000232	0.702005	0.690612	0.173908
10304	9.349132	0.124790	1.294520	0.110958	0.015016	-0.055072	-0.124228	-0.121837	0.984745	0.702077	-0.712101	0.000465	0.701181	0.691425	0.174002
10305	9.204940	0.503062	1.296139	0.011138	-0.014360	-0.062497	-0.124503	-0.121300	0.984777	0.702115	-0.712063	0.001059	0.701095	0.691558	0.173821
10306	9.447058	0.151619	1.338770	-0.132836	-0.022876	-0.066360	-0.124737	-0.120664	0.984825	0.701139	-0.713023	0.001443	0.702029	0.690679	0.173543
10307	9.616361	-0.211024	1.669820	-0.241562	-0.004414	-0.061786	-0.125076	-0.120201	0.984839	0.699401	-0.714727	0.001592	0.703700	0.688997	0.173464
10308	9.672416	-0.406426	1.770917	-0.229935	-0.004564	-0.059356	-0.125387	-0.119740	0.984856	0.697746	-0.716343	0.001740	0.705286	0.687397	0.173368
10309	9.738328	-0.405511	1.448752	-0.157844	-0.023620	-0.056847	-0.125553	-0.119178	0.984903	0.696600	-0.717457	0.001984	0.706389	0.686332	0.173098
10310	9.720268	-0.150707	1.428526	-0.108376	-0.021837	-0.055766	-0.125715	-0.118624	0.984949	0.695802	-0.718229	0.002308	0.707145	0.685620	0.172831
10311	9.707957	-0.023150	1.438604	-0.073533	-0.017536	-0.059659	-0.125943	-0.118084	0.984985	0.695245	-0.718767	0.002727	0.707653	0.685149	0.172621
10312	9.716010	-0.006225	1.467813	-0.033289	-0.026555	-0.053387	-0.126054	-0.117514	0.985038	0.694981	-0.719021	0.003157	0.707892	0.684981	0.172306
10313	9.754079	-0.032586	1.524921	-0.033192	-0.029191	-0.053210	-0.126154	-0.116938	0.985094	0.694715	-0.719276	0.003583	0.708135	0.684812	0.171978
10314	9.760422	-0.204382	1.645979	-0.024254	-0.032804	-0.046780	-0.126175	-0.116373	0.985158	0.694524	-0.719459	0.003964	0.708320	0.684716	0.171601
10315	9.735737	-0.255818	1.688825	-0.001583	-0.050958	-0.045711	-0.126065	-0.115706	0.985251	0.694499	-0.719480	0.004368	0.708363	0.684807	0.171059
10316	9.716172	-0.273233	1.734279	0.012194	-0.076610	-0.043689	-0.125754	-0.114863	0.985389	0.694570	-0.719410	0.004781	0.708349	0.685023	0.170249
10317	9.555579	-0.103138	1.834783	0.011976	-0.096167	-0.045864	-0.125327	-0.113883	0.985558	0.694637	-0.719341	0.005211	0.708359	0.685258	0.169260
10318	9.529973	0.092244	1.871369	0.005873	-0.114211	-0.046638	-0.124770	-0.112761	0.985757	0.694659	-0.719317	0.005643	0.708435	0.685470	0.168079
10319	9.661345	0.209387	1.936462	-0.030810	-0.114822	-0.053695	-0.124264	-0.111596	0.985954	0.694416	-0.719548	0.006077	0.708763	0.685418	0.166908
10320	9.819956	0.220021	1.979427	-0.079386	-0.101610	-0.053582	-0.123843	-0.110510	0.986129	0.693826	-0.720114	0.006435	0.709414	0.684999	0.165856
10321	9.864216	-0.107855	2.413234	-0.157368	-0.050330	-0.054160	-0.123797	-0.109784	0.986216	0.692682	-0.721213	0.006667	0.710540	0.683959	0.165329
10322	9.672242	-0.433735	3.175586	-0.174200	0.016377	-0.061858	-0.124270	-0.109445	0.986194	0.691405	-0.722434	0.006950	0.711699	0.682723	0.165448
10323	9.345311	-0.454501	3.155643	-0.049069	0.066699	-0.062306	-0.125112	-0.109459	0.986086	0.691017	-0.722801	0.007441	0.711929	0.682333	0.166070
10324	9.357554	-0.083562	2.560870	0.128052	0.041023	-0.051664	-0.125690	-0.109363	0.986023	0.691902	-0.721946	0.008125	0.710967	0.683253	0.166409
10325	9.566064	0.320058	2.056233	0.147974	0.058729	-0.056098	-0.126430	-0.109370	0.985928	0.692925	-0.720955	0.008881	0.709838	0.684297	0.166936
10326	9.530874	0.277110	1.576373	0.106162	0.057754	-0.063216	-0.127207	-0.109306	0.985835	0.693637	-0.720260	0.009643	0.709003	0.685039	0.167441
10327	9.635069	0.104409	1.130497	0.088433	0.037286	-0.063400	-0.127845	-0.109116	0.985774	0.694226	-0.719682	0.010372	0.708312	0.685676	0.167759
10328	9.555575	-0.159003	0.744322	0.082346	0.007978	-0.059331	-0.128242	-0.108740	0.985764	0.694772	-0.719145	0.011057	0.707704	0.686299	0.167774
10329	9.479437	-0.220270	0.408518	0.090558	-0.021399	-0.055575	-0.128411	-0.108202	0.985801	0.695383	-0.718544	0.011713	0.707074	0.687013	0.167511
10330	9.585868	-0.223130	0.363379	0.078673	-0.046440	-0.047780	-0.128344	-0.107536	0.985882	0.695917	-0.718017	0.012277	0.706560	0.687668	0.166989
10331	9.624931	-0.157151	0.514801	0.067601	-0.062324	-0.034657	-0.128079	-0.106868	0.985989	0.696393	-0.717549	0.012688	0.706140	0.688261	0.166325
10332	9.647457	0.145051	0.746293	0.063894	-0.080661	-0.026116	-0.127620	-0.106121	0.986130	0.696849	-0.717100	0.013013	0.705772	0.688844	0.165467
10333	9.759164	0.432549	1.131177	0.015335	-0.092585	-0.030435	-0.127112	-0.105275	0.986286	0.696963	-0.716983	0.013294	0.705751	0.689095	0.164510
10334	9.751206	0.430598	1.565370	-0.048656	-0.083519	-0.038257	-0.126717	-0.104421	0.986427	0.696610	-0.717322	0.013553	0.706171	0.688873	0.163638
10335	9.877883	0.351090	2.054208	-0.092066	-0.086550	-0.047044	-0.126366	-0.103498	0.986570	0.695947	-0.717961	0.013822	0.706888	0.688346	0.162755
