// General information: 
//  MT Manager version: 2022.2.0 
//  XDA version: 2022.2.0 build 7381 rev 124627 built on 2023-07-19
// Device information: 
//  DeviceId: 00B4CB9F
//  ProductCode: MTW2-3A7G6
//  Firmware Version: 4.6.0
//  Hardware Version: 2.0.0
// Device settings: 
//  Filter Profile: human(46.1)
//  Option Flags: Orientation Smoother Disabled, Position/Velocity Smoother Disabled, Continuous Zero Rotation Update Disabled, AHS Disabled, ICC Disabled
// Coordinate system: ENU
PacketCounter	Acc_X	Acc_Y	Acc_Z	Gyr_X	Gyr_Y	Gyr_Z	Mat[1][1]	Mat[2][1]	Mat[3][1]	Mat[1][2]	Mat[2][2]	Mat[3][2]	Mat[1][3]	Mat[2][3]	Mat[3][3]
38660	9.094485	-0.823438	3.481521	-0.000299	-0.004423	-0.005298	0.226228	0.282332	0.932260	-0.618092	0.781318	-0.086630	-0.752850	-0.556624	0.351263
38661	9.106118	-0.852971	3.436954	-0.000860	-0.002424	-0.001851	0.226161	0.282282	0.932292	-0.618116	0.781300	-0.086618	-0.752850	-0.556675	0.351183
38662	9.112523	-0.909143	3.489634	-0.009233	-0.000009	0.003295	0.226085	0.282399	0.932275	-0.618334	0.781123	-0.086661	-0.752694	-0.556864	0.351217
38663	9.118140	-0.918697	3.456760	-0.008995	0.000980	0.000668	0.226028	0.282387	0.932292	-0.618303	0.781143	-0.086701	-0.752737	-0.556842	0.351161
38664	9.065014	-0.920522	3.484330	-0.008092	0.001416	0.003423	0.225942	0.282500	0.932279	-0.618428	0.781034	-0.086791	-0.752660	-0.556938	0.351175
38665	9.082657	-0.883433	3.476972	-0.009233	-0.000008	0.003296	0.225862	0.282504	0.932297	-0.618401	0.781048	-0.086856	-0.752706	-0.556916	0.351110
38666	9.082766	-0.896174	3.498305	-0.018745	0.000984	0.008317	0.225745	0.282696	0.932267	-0.618651	0.780837	-0.086973	-0.752535	-0.557115	0.351161
38667	9.070666	-0.943993	3.472645	-0.021452	-0.000320	0.000056	0.225683	0.282673	0.932289	-0.618526	0.780928	-0.087051	-0.752657	-0.556999	0.351083
38668	9.064999	-0.935715	3.505320	-0.011835	0.000132	0.003865	0.225637	0.282807	0.932260	-0.618731	0.780760	-0.087095	-0.752503	-0.557166	0.351150
38669	9.059029	-0.915850	3.516884	-0.010114	0.004979	0.007570	0.225569	0.282871	0.932257	-0.618707	0.780767	-0.087203	-0.752542	-0.557124	0.351131
38670	9.053288	-0.919444	3.571572	-0.003767	0.006125	0.006563	0.225395	0.283057	0.932242	-0.619066	0.780471	-0.087299	-0.752299	-0.557443	0.351146
38671	9.005876	-0.954084	3.609720	0.004386	0.008138	0.011066	0.225329	0.283167	0.932225	-0.619160	0.780387	-0.087388	-0.752242	-0.557506	0.351169
38672	9.028836	-0.926200	3.570395	0.009313	0.008858	0.011658	0.225196	0.283399	0.932186	-0.619532	0.780080	-0.087491	-0.751975	-0.557817	0.351246
38673	9.040143	-0.856795	3.553983	0.006710	0.008999	0.012226	0.225129	0.283523	0.932165	-0.619646	0.779979	-0.087583	-0.751901	-0.557895	0.351280
38674	9.039863	-0.857795	3.554454	-0.003921	0.001161	0.010995	0.224852	0.283687	0.932182	-0.619916	0.779744	-0.087766	-0.751762	-0.558140	0.351189
38675	9.057525	-0.832956	3.568863	-0.005466	0.006703	0.009887	0.224781	0.283779	0.932171	-0.619934	0.779717	-0.087879	-0.751768	-0.558131	0.351190
38676	9.069213	-0.775597	3.573314	-0.012395	0.002137	0.007314	0.224566	0.283952	0.932170	-0.620262	0.779443	-0.088004	-0.751562	-0.558427	0.351161
38677	9.081528	-0.753883	3.641530	-0.013068	-0.002818	0.016099	0.224385	0.284040	0.932187	-0.620236	0.779440	-0.088202	-0.751637	-0.558385	0.351066
38678	9.058422	-0.807989	3.724103	-0.011885	-0.003382	0.017131	0.224212	0.284253	0.932164	-0.620413	0.779277	-0.088405	-0.751543	-0.558505	0.351077
38679	9.052918	-0.813011	3.777862	-0.007672	-0.005630	0.025607	0.223951	0.284399	0.932182	-0.620449	0.779217	-0.088672	-0.751591	-0.558513	0.350962
38680	8.999828	-0.817017	3.804823	0.001707	-0.006173	0.032048	0.223514	0.284719	0.932189	-0.620925	0.778802	-0.088989	-0.751328	-0.558930	0.350862
38681	8.923532	-0.873431	3.914868	0.004659	-0.003877	0.037694	0.223191	0.284969	0.932190	-0.621082	0.778639	-0.089326	-0.751295	-0.559029	0.350774
38682	8.787323	-0.963509	3.951218	0.003561	-0.007283	0.038474	0.222853	0.285337	0.932159	-0.621506	0.778263	-0.089645	-0.751044	-0.559365	0.350777
38683	8.758343	-1.021623	4.088339	0.030320	0.001589	0.052260	0.222480	0.285731	0.932127	-0.621888	0.777915	-0.090028	-0.750839	-0.559649	0.350763
38684	8.728068	-1.009114	4.098009	0.051772	0.009306	0.058356	0.222136	0.286357	0.932017	-0.622786	0.777159	-0.090344	-0.750196	-0.560378	0.350974
38685	8.763975	-0.906780	4.240485	0.074935	0.016452	0.061145	0.221819	0.286903	0.931924	-0.623521	0.776533	-0.090652	-0.749678	-0.560966	0.351140
38686	8.686804	-0.862224	4.380329	0.071168	0.024616	0.066852	0.221483	0.287612	0.931786	-0.624245	0.775898	-0.091113	-0.749176	-0.561482	0.351388
38687	8.672816	-0.923813	4.379298	0.067205	0.029818	0.076098	0.221171	0.288348	0.931632	-0.624954	0.775270	-0.091587	-0.748676	-0.561971	0.351672
38688	8.593157	-1.022380	4.358949	0.065129	0.024509	0.086554	0.220672	0.289266	0.931466	-0.625988	0.774366	-0.092177	-0.747959	-0.562746	0.351958
38689	8.697619	-1.025795	4.306254	0.059651	0.012956	0.097540	0.220098	0.290072	0.931351	-0.626687	0.773717	-0.092877	-0.747543	-0.563223	0.352078
38690	8.701357	-0.995262	4.189398	0.041568	0.015522	0.110394	0.219431	0.291118	0.931182	-0.627493	0.772953	-0.093783	-0.747063	-0.563732	0.352284
38691	8.770687	-0.942171	4.113250	0.034216	0.014514	0.120185	0.218725	0.292107	0.931039	-0.628050	0.772379	-0.094783	-0.746801	-0.564007	0.352397
38692	8.756405	-0.952121	4.003491	0.028086	0.010974	0.131937	0.217896	0.293303	0.930857	-0.628824	0.771608	-0.095929	-0.746392	-0.564442	0.352567
38693	8.789752	-0.965403	3.919963	0.026486	0.002246	0.151419	0.216901	0.294463	0.930723	-0.629389	0.770982	-0.097247	-0.746206	-0.564694	0.352558
38694	8.865374	-0.937078	3.830790	0.034105	-0.008552	0.147245	0.215864	0.295643	0.930590	-0.630111	0.770228	-0.098533	-0.745898	-0.565105	0.352552
38695	8.893945	-0.941627	3.778180	0.027808	-0.021008	0.144015	0.214740	0.296612	0.930542	-0.630666	0.769613	-0.099777	-0.745752	-0.565436	0.352329
38696	8.906490	-0.894981	3.779686	0.019430	-0.035335	0.137878	0.213424	0.297578	0.930536	-0.631452	0.768805	-0.101030	-0.745466	-0.566026	0.351987
38697	8.932512	-0.824704	3.848057	0.021867	-0.049801	0.136647	0.212130	0.298325	0.930593	-0.631944	0.768243	-0.102227	-0.745418	-0.566397	0.351492
38698	8.981163	-0.837817	3.869853	0.029770	-0.065607	0.132564	0.210610	0.299112	0.930686	-0.632936	0.767273	-0.103362	-0.745007	-0.567296	0.350914
38699	9.035806	-0.871745	3.879006	0.022017	-0.078444	0.130956	0.209136	0.299650	0.930845	-0.633414	0.766724	-0.104506	-0.745016	-0.567754	0.350152
38700	8.979612	-0.803795	3.803395	0.012705	-0.081775	0.126376	0.207585	0.300277	0.930990	-0.634145	0.765962	-0.105652	-0.744828	-0.568451	0.349421
38701	8.995414	-0.698162	3.691795	0.005923	-0.094721	0.115997	0.206084	0.300605	0.931217	-0.634468	0.765547	-0.106714	-0.744969	-0.568836	0.348492
38702	8.837218	-0.703639	3.545619	-0.014852	-0.118692	0.101372	0.204426	0.300852	0.931503	-0.635047	0.764931	-0.107688	-0.744933	-0.569534	0.347427
38703	9.122034	-0.590153	3.489501	-0.047000	-0.140430	0.085354	0.202778	0.300685	0.931917	-0.634909	0.764909	-0.108648	-0.745501	-0.569652	0.346014
38704	8.975594	-0.602352	3.251833	-0.105994	-0.166757	0.075119	0.200927	0.300432	0.932400	-0.634660	0.764963	-0.109716	-0.746214	-0.569712	0.344373
38705	9.102426	-0.641563	3.079687	-0.143682	-0.210585	0.077682	0.198801	0.299806	0.933056	-0.633782	0.765515	-0.110936	-0.747528	-0.569300	0.342197
38706	9.229739	-0.705430	2.946358	-0.175404	-0.237806	0.086243	0.196313	0.299307	0.933743	-0.633421	0.765623	-0.112245	-0.748491	-0.569418	0.339890
38707	9.283100	-0.592206	2.712213	-0.183913	-0.268045	0.080769	0.193734	0.298380	0.934578	-0.632241	0.766395	-0.113624	-0.750159	-0.568866	0.337125
38708	9.309616	-0.625901	2.784865	-0.181760	-0.284625	0.073717	0.191108	0.297424	0.935423	-0.631164	0.767084	-0.114952	-0.751738	-0.568437	0.334319
38709	9.348119	-0.759347	2.939958	-0.165424	-0.291856	0.057421	0.188490	0.296185	0.936347	-0.630068	0.767820	-0.116042	-0.753316	-0.568090	0.331343
38710	9.368764	-0.917079	3.080258	-0.157415	-0.294551	0.045442	0.185962	0.294935	0.937247	-0.629022	0.768527	-0.117036	-0.754817	-0.567785	0.328438
38711	9.225254	-1.031775	3.022327	-0.163599	-0.304564	0.041853	0.183338	0.293508	0.938211	-0.627904	0.769299	-0.117966	-0.756389	-0.567479	0.325337
38712	9.228039	-0.983958	2.939903	-0.153957	-0.314177	0.043553	0.180590	0.292144	0.939169	-0.627080	0.769829	-0.118889	-0.757733	-0.567464	0.322221
38713	9.089750	-1.033705	2.973517	-0.128768	-0.311656	0.044850	0.177885	0.290701	0.940133	-0.626224	0.770395	-0.119727	-0.759079	-0.567436	0.319086
38714	9.149572	-1.104435	3.075182	-0.115908	-0.316120	0.048512	0.175227	0.289386	0.941037	-0.625525	0.770832	-0.120569	-0.760273	-0.567515	0.316089
38715	9.092802	-1.170940	3.069907	-0.151828	-0.317506	0.048129	0.172450	0.287936	0.941995	-0.624493	0.771521	-0.121503	-0.761754	-0.567316	0.312863
38716	9.163381	-1.222876	2.984822	-0.204180	-0.331763	0.059940	0.169626	0.286525	0.942937	-0.622506	0.772908	-0.122876	-0.764011	-0.566142	0.309469
38717	9.365786	-1.344989	2.966077	-0.273851	-0.351897	0.061589	0.166491	0.284991	0.943960	-0.620555	0.774248	-0.124303	-0.766285	-0.565084	0.305758
38718	9.491878	-1.410011	2.810922	-0.337937	-0.366813	0.069419	0.163428	0.283521	0.944938	-0.617584	0.776327	-0.126118	-0.769338	-0.562967	0.301972
38719	9.361747	-1.513005	2.472611	-0.391026	-0.373049	0.075787	0.160026	0.281994	0.945976	-0.614733	0.778278	-0.128013	-0.772331	-0.561037	0.297896
38720	9.240335	-1.588912	2.288085	-0.393847	-0.407396	0.074841	0.156306	0.280287	0.947105	-0.611463	0.780509	-0.130072	-0.775681	-0.558788	0.293384
38721	9.197338	-1.736460	2.252499	-0.378711	-0.436214	0.063738	0.152466	0.278334	0.948306	-0.608658	0.782412	-0.131784	-0.778646	-0.557102	0.288701
38722	9.461613	-1.793770	2.221940	-0.358037	-0.467337	0.047743	0.148677	0.276163	0.949542	-0.605382	0.784672	-0.133423	-0.781926	-0.554998	0.283847
38723	9.354533	-1.788234	1.959306	-0.335962	-0.494699	0.042468	0.144485	0.273736	0.950890	-0.602853	0.786386	-0.134778	-0.784661	-0.553773	0.278644
38724	9.399589	-1.710284	1.870739	-0.281831	-0.526105	0.027864	0.140468	0.271134	0.952237	-0.599856	0.788463	-0.136015	-0.787681	-0.552099	0.273395
38725	9.415877	-1.780422	1.921051	-0.204463	-0.531087	0.023836	0.136076	0.268373	0.953656	-0.598315	0.789496	-0.136803	-0.789621	-0.551971	0.268003
38726	9.356777	-1.841567	1.982853	-0.100370	-0.525609	0.032461	0.131950	0.265824	0.954948	-0.596838	0.790480	-0.137574	-0.791438	-0.551796	0.262958
38727	9.328181	-1.803766	2.133805	0.004599	-0.517961	0.042431	0.127536	0.263281	0.956252	-0.596968	0.790311	-0.137976	-0.792063	-0.553255	0.257963
38728	9.232266	-1.803358	2.327421	0.082637	-0.507681	0.062961	0.123519	0.261103	0.957376	-0.596496	0.790550	-0.138646	-0.793055	-0.553945	0.253395
38729	9.185266	-1.659423	2.636209	0.151763	-0.491319	0.079954	0.119086	0.258990	0.958511	-0.597834	0.789470	-0.139040	-0.792725	-0.556473	0.248848
38730	9.037320	-1.494294	3.026772	0.211714	-0.462102	0.087846	0.115169	0.257213	0.959467	-0.598834	0.788624	-0.139533	-0.792549	-0.558492	0.244853
38731	8.931434	-1.413531	3.480289	0.251725	-0.416366	0.094807	0.111243	0.255612	0.960358	-0.600973	0.786941	-0.139841	-0.791490	-0.561593	0.241157
38732	8.886508	-1.378757	3.846136	0.239424	-0.376290	0.088283	0.107795	0.254291	0.961102	-0.602560	0.785647	-0.140287	-0.790760	-0.563999	0.237915
38733	8.900415	-1.387514	3.925920	0.169836	-0.340181	0.087686	0.104517	0.253041	0.961793	-0.604032	0.784435	-0.140739	-0.790077	-0.566244	0.234832
38734	8.980456	-1.356977	3.768311	0.053324	-0.316988	0.073484	0.101540	0.251894	0.962413	-0.604459	0.783983	-0.141420	-0.790138	-0.567380	0.231866
38735	9.080910	-1.317369	3.501752	-0.075957	-0.291852	0.060373	0.098809	0.250695	0.963010	-0.603956	0.784232	-0.142187	-0.790869	-0.567566	0.228898
38736	9.151466	-1.404101	3.335664	-0.178837	-0.264623	0.036054	0.096423	0.249531	0.963554	-0.602674	0.785070	-0.142999	-0.792140	-0.566921	0.226085
38737	9.158730	-1.424408	3.044905	-0.258094	-0.255521	0.020138	0.094216	0.248226	0.964109	-0.600683	0.786451	-0.143784	-0.793916	-0.565578	0.223202
38738	9.229363	-1.538407	2.688348	-0.314424	-0.265850	0.003691	0.092005	0.246812	0.964686	-0.598315	0.788110	-0.144573	-0.795961	-0.563885	0.220181
38739	8.491344	-2.008798	2.232181	-0.355912	-0.300089	-0.017949	0.089660	0.244966	0.965377	-0.595498	0.790128	-0.145189	-0.798337	-0.561863	0.216719
38740	9.733458	-2.287564	2.196473	-0.372163	-0.357793	-0.025711	0.086874	0.242818	0.966174	-0.592638	0.792163	-0.145799	-0.800770	-0.559925	0.212722
38741	9.860835	-2.613108	1.678048	-0.363470	-0.371431	-0.040687	0.084075	0.240404	0.967025	-0.589725	0.794264	-0.146183	-0.803216	-0.557989	0.208550
38742	9.677317	-2.549248	1.348526	-0.313419	-0.408778	-0.047205	0.080986	0.237815	0.967928	-0.587309	0.796006	-0.146435	-0.805301	-0.556613	0.204136
38743	9.541450	-2.297928	1.243836	-0.274933	-0.448651	-0.070136	0.077719	0.234747	0.968945	-0.585073	0.797671	-0.146323	-0.807248	-0.555532	0.199338
38744	9.494495	-2.087167	1.360817	-0.221495	-0.487815	-0.099056	0.074274	0.231314	0.970040	-0.583353	0.799014	-0.145865	-0.808816	-0.555041	0.194283
38745	9.602434	-2.141062	1.693263	-0.165056	-0.509313	-0.118977	0.070784	0.227521	0.971197	-0.581968	0.800173	-0.145040	-0.810126	-0.554939	0.189049
38746	9.588010	-2.346950	1.916215	-0.114148	-0.514830	-0.129161	0.067279	0.223695	0.972334	-0.581098	0.800980	-0.144066	-0.811048	-0.555329	0.183878
38747	9.318187	-2.487566	2.164801	-0.062536	-0.495773	-0.119322	0.063889	0.219970	0.973412	-0.580550	0.801563	-0.143032	-0.811714	-0.555977	0.178915
38748	9.268474	-2.417577	2.548501	0.001931	-0.468904	-0.118068	0.060684	0.216484	0.974398	-0.580643	0.801688	-0.141951	-0.811894	-0.557163	0.174349
38749	9.124069	-2.282284	2.731241	0.017453	-0.421734	-0.120365	0.057898	0.213152	0.975302	-0.580751	0.801820	-0.140762	-0.812020	-0.558257	0.170212
38750	8.941974	-2.098982	2.838850	-0.009744	-0.390504	-0.130323	0.055399	0.210001	0.976130	-0.580757	0.802021	-0.139583	-0.812189	-0.559162	0.166391
38751	8.914928	-1.971127	2.886356	-0.075338	-0.369015	-0.146172	0.053189	0.206750	0.976947	-0.580103	0.802717	-0.138295	-0.812804	-0.559375	0.162632
38752	8.884985	-1.975117	2.909677	-0.151352	-0.341892	-0.167568	0.051295	0.203575	0.977715	-0.578955	0.803770	-0.136983	-0.813744	-0.559027	0.159090
38753	8.749443	-1.985072	2.832547	-0.205476	-0.324757	-0.181988	0.049641	0.200283	0.978480	-0.577228	0.805256	-0.135541	-0.815073	-0.558077	0.155582
38754	8.775639	-2.158022	2.854934	-0.237441	-0.317246	-0.207271	0.048163	0.196933	0.979233	-0.575371	0.806847	-0.133965	-0.816473	-0.556970	0.152170
38755	8.716564	-2.334219	3.038278	-0.269024	-0.325386	-0.218168	0.046695	0.193347	0.980019	-0.573106	0.808739	-0.132249	-0.818150	-0.555479	0.148573
38756	8.883836	-2.389748	2.867581	-0.313058	-0.363665	-0.225219	0.044920	0.189605	0.980832	-0.570634	0.810754	-0.130593	-0.819975	-0.553830	0.144614
38757	9.083601	-2.008492	2.585761	-0.378902	-0.411125	-0.246996	0.042888	0.185314	0.981743	-0.567452	0.813282	-0.128725	-0.822289	-0.551571	0.140037
38758	8.529489	-1.723092	2.337408	-0.432392	-0.445825	-0.268183	0.040650	0.180783	0.982683	-0.563987	0.815993	-0.126787	-0.824783	-0.549066	0.135129
38759	8.964475	-1.781012	2.893872	-0.485846	-0.558080	-0.292226	0.037619	0.175325	0.983792	-0.559897	0.819144	-0.124572	-0.827708	-0.546135	0.128980
38760	9.333217	-2.349544	2.866817	-0.560273	-0.583914	-0.317080	0.034463	0.169656	0.984901	-0.555355	0.822577	-0.122262	-0.830899	-0.542756	0.122567
38761	9.611516	-2.560417	2.609589	-0.619119	-0.623648	-0.327494	0.031018	0.163571	0.986044	-0.550131	0.826442	-0.119790	-0.834502	-0.538737	0.115620
38762	9.509119	-2.308777	2.273355	-0.630816	-0.637469	-0.349070	0.027517	0.157380	0.987155	-0.544988	0.830217	-0.117168	-0.837992	-0.534763	0.108616
38763	9.652344	-1.685717	2.196699	-0.637102	-0.617298	-0.415501	0.024525	0.150624	0.988287	-0.539568	0.834222	-0.113753	-0.841584	-0.530459	0.101731
38764	9.282691	-1.316564	2.017255	-0.643440	-0.588511	-0.491734	0.022123	0.143531	0.989399	-0.534273	0.838170	-0.109646	-0.845022	-0.526184	0.095227
38765	9.414107	-1.214798	1.969870	-0.664617	-0.584319	-0.567191	0.020127	0.135694	0.990546	-0.528565	0.842416	-0.104662	-0.848654	-0.521462	0.088678
38766	9.422554	-1.465736	1.880012	-0.683134	-0.588487	-0.594613	0.018174	0.127749	0.991640	-0.522895	0.846572	-0.099477	-0.852203	-0.516716	0.082185
38767	9.933437	-1.821522	1.928304	-0.680609	-0.602014	-0.568605	0.015927	0.119819	0.992668	-0.517026	0.850749	-0.094393	-0.855822	-0.511732	0.075499
38768	10.209500	-2.089261	1.856160	-0.613807	-0.584384	-0.521049	0.013526	0.112535	0.993556	-0.511950	0.854309	-0.089794	-0.858909	-0.507436	0.069168
38769	10.034373	-2.280930	2.152421	-0.492714	-0.538035	-0.464396	0.011204	0.105833	0.994321	-0.507695	0.857281	-0.085526	-0.861464	-0.503854	0.063335
38770	9.947443	-2.599845	2.654444	-0.357143	-0.488905	-0.414825	0.009020	0.099959	0.994951	-0.504851	0.859326	-0.081757	-0.863159	-0.501565	0.058216
38771	10.033740	-2.986854	3.152431	-0.238954	-0.426076	-0.366730	0.007125	0.094664	0.995484	-0.502799	0.860853	-0.078263	-0.864374	-0.499970	0.053731
38772	10.637576	-3.217230	3.631410	-0.177779	-0.334928	-0.298247	0.005661	0.090581	0.995873	-0.501543	0.861829	-0.075537	-0.865114	-0.499046	0.050309
38773	11.687152	-3.440449	4.222740	-0.143653	-0.193538	-0.229023	0.005071	0.087634	0.996140	-0.500329	0.862723	-0.073350	-0.865821	-0.498026	0.048221
38774	12.095153	-3.413497	4.651620	-0.046313	0.027983	-0.166296	0.006083	0.086516	0.996232	-0.500251	0.862892	-0.071882	-0.865859	-0.497928	0.048529
38775	11.157700	-3.244634	5.199050	0.055147	0.265743	-0.116814	0.008905	0.086826	0.996184	-0.500761	0.862692	-0.070714	-0.865540	-0.498220	0.051162
38776	10.720377	-2.878897	5.477783	0.142684	0.485749	-0.099841	0.013547	0.088590	0.995976	-0.502351	0.861840	-0.069826	-0.864558	-0.499384	0.056179
38777	11.646138	-1.984235	5.531132	0.186341	0.724914	-0.123538	0.020370	0.091143	0.995629	-0.503983	0.860993	-0.068507	-0.863474	-0.500384	0.063473
38778	11.545221	-0.674820	5.047066	0.239435	1.024197	-0.128686	0.029795	0.095396	0.994993	-0.506415	0.859663	-0.067257	-0.861775	-0.501876	0.073923
38779	11.352406	0.845290	4.587370	0.274810	1.304558	-0.144643	0.041697	0.100702	0.994042	-0.508772	0.858397	-0.065619	-0.859891	-0.503005	0.087027
38780	10.811313	1.867283	3.656054	0.202408	1.497137	-0.187982	0.055455	0.106868	0.992726	-0.510830	0.857315	-0.063755	-0.857891	-0.503578	0.102134
38781	9.757310	2.389423	2.609269	-0.037015	1.575645	-0.268725	0.070276	0.112477	0.991166	-0.510387	0.857768	-0.061152	-0.857068	-0.501581	0.117687
38782	9.081905	2.333441	1.949963	-0.392889	1.579353	-0.349128	0.085535	0.117609	0.989369	-0.507149	0.859880	-0.058371	-0.857604	-0.496765	0.133195
38783	8.885420	1.898937	1.518824	-0.730016	1.508145	-0.414681	0.100513	0.121462	0.987494	-0.500539	0.863945	-0.055317	-0.859859	-0.488719	0.147634
38784	8.998886	1.285499	1.233038	-0.981789	1.443751	-0.458167	0.115167	0.124722	0.985485	-0.491977	0.869024	-0.052489	-0.862957	-0.478791	0.161443
38785	9.197046	0.540574	0.968990	-1.152055	1.401562	-0.460531	0.129469	0.127332	0.983374	-0.481496	0.875026	-0.049910	-0.866833	-0.467029	0.174598
38786	9.647943	-0.049997	0.716075	-1.241178	1.345517	-0.425040	0.143124	0.130048	0.981123	-0.470515	0.881077	-0.048149	-0.870707	-0.454742	0.187293
38787	9.379543	-0.740047	0.388464	-1.253027	1.315199	-0.367532	0.156247	0.132695	0.978764	-0.459078	0.887152	-0.046989	-0.874548	-0.441987	0.199533
38788	10.049897	-1.153283	0.557596	-1.227971	1.213135	-0.276422	0.168071	0.135774	0.976380	-0.448248	0.892674	-0.046974	-0.877967	-0.429765	0.210893
38789	10.026104	-1.614985	0.427314	-1.173857	1.160285	-0.154171	0.178898	0.139312	0.973955	-0.437705	0.897835	-0.048026	-0.881141	-0.417713	0.221598
38790	10.418439	-1.649079	0.533997	-1.055675	1.090059	-0.033583	0.188595	0.143762	0.971475	-0.428707	0.902044	-0.050262	-0.883540	-0.406999	0.231753
38791	10.126233	-1.685677	0.434958	-0.861805	1.063182	0.095394	0.197530	0.148906	0.968922	-0.421321	0.905348	-0.053242	-0.885139	-0.397710	0.241571
38792	9.668026	-1.410641	0.513759	-0.660198	1.013920	0.206254	0.205571	0.155033	0.966284	-0.416269	0.907451	-0.057035	-0.885698	-0.390510	0.251081
38793	9.377035	-0.903645	0.734503	-0.498435	0.930260	0.304845	0.212486	0.161412	0.963741	-0.412544	0.908875	-0.061265	-0.885809	-0.384567	0.259712
38794	9.193066	-0.735009	0.895113	-0.385721	0.831200	0.379018	0.218207	0.168298	0.961281	-0.410318	0.909544	-0.066099	-0.885452	-0.380007	0.267525
38795	8.951515	-0.429422	0.950657	-0.275000	0.734696	0.416934	0.222942	0.174875	0.959018	-0.408856	0.909844	-0.070862	-0.884949	-0.376302	0.274341
38796	8.766435	-0.295995	1.195063	-0.222808	0.615851	0.412465	0.226619	0.181194	0.956981	-0.408177	0.909767	-0.075596	-0.884328	-0.373486	0.280130
38797	9.182796	-0.464040	1.230060	-0.161592	0.503530	0.399129	0.229381	0.186706	0.955262	-0.407711	0.909610	-0.079882	-0.883830	-0.371148	0.284770
38798	9.443513	-0.844178	1.154382	-0.063188	0.428512	0.391276	0.231481	0.192103	0.953684	-0.408410	0.908929	-0.083958	-0.882960	-0.370059	0.288856
38799	9.963319	-1.038450	1.216218	0.102841	0.404955	0.411553	0.233307	0.197347	0.952167	-0.410327	0.907722	-0.087594	-0.881589	-0.370264	0.292755
38800	10.452367	-1.056412	1.489838	0.332159	0.463351	0.463406	0.235380	0.203514	0.950357	-0.414682	0.905387	-0.091177	-0.878996	-0.372635	0.297504
38801	10.674788	-1.109187	1.880783	0.621311	0.570462	0.545121	0.238043	0.210586	0.948150	-0.421475	0.901903	-0.094498	-0.875039	-0.377127	0.303449
38802	10.603864	-1.123659	2.418690	0.910286	0.674344	0.655281	0.241031	0.219284	0.945420	-0.431319	0.896855	-0.098057	-0.869406	-0.384143	0.310752
38803	10.419286	-1.044085	2.825882	1.158270	0.756659	0.731215	0.244325	0.228766	0.942322	-0.443178	0.890689	-0.101324	-0.862496	-0.392860	0.319002
38804	9.982359	-0.752260	3.169165	1.351296	0.833530	0.766725	0.247924	0.239118	0.938806	-0.456989	0.883336	-0.104306	-0.854222	-0.403164	0.328274
38805	9.473803	-0.278317	3.359124	1.447321	0.902603	0.741864	0.252090	0.249334	0.935031	-0.471196	0.875582	-0.106445	-0.845237	-0.413749	0.338210
38806	8.939061	0.315134	3.552732	1.448818	0.941091	0.687716	0.256600	0.259499	0.931030	-0.485436	0.867573	-0.108022	-0.835768	-0.424237	0.348590
38807	8.559226	0.769828	3.660489	1.337634	0.952466	0.607116	0.261471	0.268832	0.927018	-0.498181	0.860202	-0.108941	-0.826710	-0.433338	0.358844
38808	8.365663	1.125612	3.729513	1.154050	0.950388	0.513709	0.266589	0.277606	0.922966	-0.509327	0.853563	-0.109617	-0.818240	-0.440869	0.368942
38809	8.287162	1.289214	3.980415	0.911728	0.957151	0.422713	0.272154	0.285450	0.918940	-0.517946	0.848297	-0.110111	-0.810965	-0.445994	0.378715
38810	8.130067	1.288466	4.290185	0.641448	0.975916	0.346977	0.278120	0.292959	0.914781	-0.524365	0.844235	-0.110944	-0.804792	-0.448823	0.388416
38811	8.403477	1.102509	4.300111	0.372920	0.965588	0.280261	0.284333	0.299659	0.910692	-0.528198	0.841696	-0.112044	-0.800101	-0.449168	0.397601
38812	8.394530	0.930859	4.534351	0.156004	0.969478	0.240892	0.290690	0.306229	0.906490	-0.530406	0.840084	-0.113707	-0.796347	-0.447754	0.406629
38813	8.142993	0.698800	4.628381	-0.034303	0.967487	0.211957	0.297196	0.312328	0.902289	-0.530809	0.839547	-0.115771	-0.793672	-0.444537	0.415297
38814	7.961251	0.492498	4.713662	-0.206693	0.922502	0.170353	0.303502	0.318029	0.898190	-0.529944	0.839746	-0.118265	-0.791863	-0.440096	0.423402
38815	7.638486	0.203254	4.602198	-0.331620	0.877948	0.116492	0.309773	0.322851	0.894320	-0.527730	0.840788	-0.120731	-0.790912	-0.434560	0.430832
38816	7.544156	0.015704	4.420903	-0.401798	0.815022	0.063849	0.315778	0.327093	0.890671	-0.525010	0.842142	-0.123134	-0.790347	-0.428728	0.437657
38817	7.499873	-0.110924	4.310057	-0.428696	0.755794	0.028409	0.321542	0.330554	0.887324	-0.521767	0.843839	-0.125280	-0.790171	-0.422694	0.443802
38818	7.501829	-0.530332	4.190466	-0.426953	0.705938	-0.005769	0.327048	0.333653	0.884146	-0.518629	0.845481	-0.127220	-0.789977	-0.416937	0.449555
38819	7.597911	-0.939130	4.109315	-0.371138	0.658991	-0.028992	0.332343	0.336144	0.881224	-0.515657	0.847082	-0.128646	-0.789712	-0.411655	0.454857
38820	7.510127	-1.198354	4.020411	-0.261280	0.619865	-0.023712	0.337256	0.338666	0.878387	-0.513768	0.848066	-0.129715	-0.788860	-0.407540	0.460011
38821	7.391287	-1.390218	3.908609	-0.112285	0.561554	-0.022309	0.341737	0.340763	0.875840	-0.512863	0.848564	-0.130041	-0.787520	-0.404746	0.464751
38822	7.247301	-1.613174	3.916435	0.054986	0.510771	0.007933	0.345611	0.343081	0.873412	-0.513576	0.848149	-0.129935	-0.785362	-0.403657	0.469328
38823	7.140091	-1.741480	3.996335	0.220645	0.469950	0.043932	0.349009	0.345358	0.871160	-0.515514	0.847072	-0.129280	-0.782584	-0.403975	0.473673
38824	6.979018	-1.794074	4.029865	0.401990	0.417469	0.090140	0.351697	0.348001	0.869025	-0.519224	0.844963	-0.128234	-0.778920	-0.406119	0.477861
38825	6.659132	-1.828505	3.895243	0.607270	0.352398	0.119852	0.353750	0.350456	0.867203	-0.524419	0.842032	-0.126363	-0.774497	-0.410077	0.481654
38826	6.219870	-1.414292	3.577448	0.787755	0.224130	0.121843	0.354728	0.352599	0.865934	-0.531189	0.838175	-0.123695	-0.769419	-0.416097	0.484621
38827	5.809143	-0.546599	3.515981	0.880454	0.054673	0.109841	0.354501	0.353752	0.865557	-0.538387	0.834056	-0.120374	-0.764505	-0.423332	0.486129
38828	5.806321	0.176013	3.684785	0.873194	-0.098845	0.071312	0.353252	0.354116	0.865919	-0.545551	0.829895	-0.116826	-0.759992	-0.431133	0.486350
38829	6.072914	0.259435	5.254270	0.753511	-0.168771	0.027592	0.351762	0.353615	0.866729	-0.551416	0.826486	-0.113404	-0.756441	-0.438037	0.485716
38830	7.352972	-0.576689	8.106437	0.568647	-0.171255	0.001327	0.350355	0.353059	0.867526	-0.555965	0.823797	-0.110733	-0.753760	-0.443518	0.484910
38831	8.628172	-2.428091	10.519846	0.557654	-0.123294	0.032591	0.349186	0.352781	0.868110	-0.560330	0.821157	-0.108314	-0.751065	-0.448606	0.484411
38832	10.037698	-3.544357	11.143257	0.897652	0.011100	0.153064	0.348296	0.354291	0.867852	-0.567853	0.816358	-0.105372	-0.745810	-0.456112	0.485519
38833	9.049358	-2.427108	10.837149	1.317762	0.117986	0.256013	0.347645	0.356919	0.867036	-0.578574	0.809330	-0.101181	-0.737832	-0.466469	0.487863
38834	7.346911	-0.028439	9.785989	1.400940	0.019388	0.279650	0.346033	0.359498	0.866615	-0.590120	0.801485	-0.096850	-0.729397	-0.477893	0.489488
38835	7.084127	2.016143	8.460452	1.052303	-0.132397	0.215937	0.343729	0.360586	0.867080	-0.598563	0.795592	-0.093573	-0.723583	-0.486839	0.489301
38836	8.587609	2.602812	6.064289	0.177213	-0.264167	0.151630	0.340790	0.360743	0.868174	-0.600669	0.793939	-0.094112	-0.723228	-0.489413	0.487254
38837	10.293429	1.949395	2.824728	-0.935256	-0.636943	0.216050	0.334808	0.359363	0.871069	-0.594653	0.797674	-0.100519	-0.730952	-0.484329	0.480764
38838	11.085922	1.615610	-0.824673	-1.522538	-1.038685	0.343471	0.325020	0.357340	0.875597	-0.584850	0.803534	-0.110836	-0.743178	-0.476069	0.470155
38839	12.019307	0.521294	-0.535623	-1.615622	-1.085651	0.290416	0.315139	0.354568	0.880323	-0.573723	0.810078	-0.120893	-0.755995	-0.466964	0.458711
38840	11.327892	-1.389059	0.776441	-1.483018	-0.998779	0.242959	0.306057	0.352091	0.884512	-0.563427	0.815902	-0.129824	-0.767385	-0.458624	0.448090
38841	10.916209	-2.686844	0.888674	-1.170253	-1.021922	0.241024	0.296757	0.349411	0.888733	-0.555172	0.820350	-0.137148	-0.776993	-0.452701	0.437428
38842	11.156401	-3.113716	0.727707	-0.943512	-1.119605	0.193370	0.286854	0.346104	0.893267	-0.548594	0.823768	-0.143006	-0.785340	-0.449019	0.426172
38843	11.770934	-3.026595	0.374760	-0.694465	-1.173625	0.094726	0.277017	0.341631	0.898081	-0.543439	0.826516	-0.146781	-0.792424	-0.447391	0.414615
38844	11.672946	-2.844001	0.390637	-0.231392	-1.073911	0.055217	0.268097	0.337409	0.902374	-0.541964	0.827216	-0.148288	-0.796492	-0.449299	0.404637
38845	10.421166	-2.757697	1.072140	0.284776	-0.942950	0.109034	0.259928	0.334052	0.906006	-0.544578	0.825524	-0.148141	-0.797416	-0.454885	0.396494
38846	9.217045	-2.610950	1.691361	0.642786	-0.881364	0.191647	0.251768	0.331707	0.909166	-0.550387	0.821793	-0.147415	-0.796045	-0.463279	0.389468
38847	8.615531	-2.903817	1.937447	0.845787	-0.832008	0.264540	0.243628	0.329984	0.912007	-0.557820	0.816918	-0.146566	-0.793399	-0.473027	0.383096
38848	8.259740	-2.653690	2.380080	0.937812	-0.807960	0.295347	0.235482	0.328642	0.914627	-0.566143	0.811317	-0.145760	-0.789956	-0.483486	0.377109
38849	8.340610	-1.776984	2.728998	0.912717	-0.810849	0.294802	0.227347	0.327067	0.917246	-0.574075	0.805851	-0.145057	-0.786607	-0.493590	0.370969
38850	8.504933	-0.598936	2.729764	0.731525	-0.832581	0.246377	0.219294	0.325015	0.919932	-0.580560	0.801258	-0.144693	-0.784131	-0.502345	0.364402
38851	8.882658	0.423888	2.524771	0.440691	-0.877924	0.195682	0.211211	0.322144	0.922829	-0.584489	0.798355	-0.144918	-0.783430	-0.508775	0.356911
38852	9.163139	1.003208	2.334822	0.070801	-0.947935	0.138281	0.202882	0.318508	0.925954	-0.585506	0.797411	-0.146004	-0.784870	-0.512531	0.348269
38853	9.411957	0.877852	1.823155	-0.292429	-1.033673	0.075233	0.194247	0.313807	0.929405	-0.583409	0.798632	-0.147719	-0.788607	-0.513529	0.338210
38854	9.611021	0.125281	1.558729	-0.539535	-1.108785	0.015836	0.185304	0.308326	0.933058	-0.579327	0.801229	-0.149710	-0.793752	-0.512804	0.327092
38855	10.127721	-0.638813	1.556440	-0.705454	-1.144787	-0.029844	0.176292	0.302230	0.936792	-0.573706	0.804888	-0.151711	-0.799864	-0.510697	0.315286
38856	10.127581	-1.377815	1.439808	-0.837446	-1.145912	-0.071414	0.167422	0.295887	0.940437	-0.566997	0.809258	-0.153674	-0.806526	-0.507496	0.303254
38857	9.786265	-1.742824	1.312090	-0.914469	-1.152596	-0.088095	0.158519	0.289348	0.944007	-0.559500	0.814098	-0.155577	-0.813530	-0.503510	0.290940
38858	9.665425	-2.189257	1.413287	-0.944010	-1.180553	-0.095264	0.149332	0.282710	0.947510	-0.551773	0.819006	-0.157406	-0.820516	-0.499304	0.278295
38859	9.484774	-2.699258	1.527482	-0.918275	-1.196567	-0.101020	0.139964	0.275934	0.950931	-0.544115	0.823814	-0.158962	-0.827254	-0.495168	0.265444
38860	9.444637	-3.123345	1.602115	-0.828852	-1.184926	-0.097535	0.130581	0.269340	0.954151	-0.537232	0.828076	-0.160227	-0.833265	-0.491678	0.252829
38861	9.351691	-3.260368	1.774282	-0.694914	-1.152340	-0.107667	0.121462	0.262800	0.957175	-0.531343	0.831730	-0.160933	-0.838404	-0.489041	0.240660
38862	8.928415	-3.180741	1.907276	-0.581028	-1.108510	-0.119238	0.112701	0.256457	0.959963	-0.526454	0.834780	-0.161208	-0.842701	-0.487208	0.229093
38863	9.109008	-2.852012	2.056731	-0.508939	-1.075285	-0.138432	0.104281	0.250073	0.962595	-0.522060	0.837568	-0.161036	-0.846510	-0.485740	0.217896
38864	8.973544	-2.528015	2.061476	-0.450071	-1.011873	-0.153002	0.096419	0.243946	0.964984	-0.518232	0.840030	-0.160578	-0.849788	-0.484603	0.207415
38865	9.017057	-2.238562	2.242917	-0.440381	-0.978503	-0.178515	0.088946	0.237714	0.967254	-0.514372	0.842553	-0.159767	-0.852942	-0.483318	0.197216
38866	8.877206	-2.014366	2.154693	-0.477356	-0.940285	-0.200050	0.081860	0.231559	0.969371	-0.510270	0.845224	-0.158813	-0.856109	-0.481641	0.187347
38867	8.530125	-1.751807	2.136395	-0.514541	-0.930139	-0.214688	0.074908	0.225277	0.971411	-0.505743	0.848149	-0.157692	-0.859426	-0.479472	0.177466
38868	9.006795	-1.891702	2.166232	-0.556782	-0.928053	-0.232431	0.068011	0.218935	0.973366	-0.500935	0.851225	-0.156461	-0.862808	-0.476952	0.167565
38869	9.134636	-2.051840	1.914180	-0.582650	-0.897284	-0.253599	0.061454	0.212512	0.975224	-0.495788	0.854506	-0.154964	-0.866266	-0.473982	0.157874
38870	9.035234	-2.071070	1.721734	-0.578671	-0.880756	-0.270776	0.055071	0.206106	0.976979	-0.490766	0.857703	-0.153280	-0.869549	-0.471027	0.148384
38871	9.085212	-2.060805	1.716843	-0.547248	-0.878253	-0.283387	0.048741	0.199554	0.978674	-0.485907	0.860811	-0.151322	-0.872650	-0.468169	0.138921
38872	9.171496	-1.992489	1.655456	-0.508923	-0.865219	-0.293150	0.042522	0.193062	0.980265	-0.481488	0.863658	-0.149211	-0.875420	-0.465641	0.129682
38873	8.851097	-1.860266	1.711302	-0.476432	-0.867477	-0.293405	0.036260	0.186503	0.981785	-0.477250	0.866392	-0.146957	-0.878019	-0.463229	0.120424
38874	8.588003	-1.813391	1.983976	-0.444416	-0.886508	-0.293990	0.029790	0.179933	0.983228	-0.473415	0.868879	-0.144664	-0.880336	-0.461165	0.111067
38875	8.614191	-1.922490	2.616549	-0.448777	-0.899946	-0.288461	0.023154	0.173291	0.984598	-0.469437	0.871419	-0.142332	-0.882662	-0.458911	0.101526
38876	8.424987	-2.307585	3.103096	-0.475374	-0.915753	-0.273946	0.016269	0.166792	0.985858	-0.465360	0.873951	-0.140179	-0.884972	-0.456498	0.091836
38877	8.609135	-2.677449	3.469924	-0.550233	-0.960273	-0.256491	0.008882	0.160187	0.987047	-0.460505	0.876840	-0.138157	-0.887613	-0.453313	0.081555
38878	8.840415	-2.838152	3.672973	-0.629956	-0.981381	-0.232183	0.001151	0.153809	0.988100	-0.455091	0.879930	-0.136441	-0.890444	-0.449518	0.071010
38879	9.653845	-2.640484	3.919618	-0.694314	-0.963892	-0.234835	-0.006449	0.147438	0.989050	-0.448958	0.883356	-0.134609	-0.893530	-0.444910	0.060497
38880	10.154469	-2.322863	4.065734	-0.749556	-0.876010	-0.268804	-0.013159	0.141287	0.989881	-0.442497	0.886931	-0.132475	-0.896674	-0.439762	0.050848
38881	10.506330	-2.055721	4.148493	-0.800922	-0.761431	-0.321520	-0.018651	0.135114	0.990655	-0.435407	0.890842	-0.129698	-0.900040	-0.433757	0.042215
38882	10.213157	-1.810202	3.920617	-0.796303	-0.637848	-0.357430	-0.022920	0.129288	0.991342	-0.428546	0.894609	-0.126581	-0.903229	-0.427737	0.034901
38883	9.827366	-1.625564	3.323083	-0.781178	-0.542475	-0.385495	-0.026253	0.123540	0.991992	-0.421627	0.898383	-0.123041	-0.906389	-0.421481	0.028503
38884	9.757645	-1.310260	2.558082	-0.800520	-0.479943	-0.415305	-0.028931	0.117915	0.992602	-0.414735	0.902094	-0.119251	-0.909482	-0.415117	0.022805
38885	9.949980	-0.965796	1.784499	-0.838994	-0.423607	-0.438681	-0.031050	0.112218	0.993198	-0.407278	0.906022	-0.115101	-0.912776	-0.408082	0.017572
38886	10.075054	-0.699886	1.166679	-0.863828	-0.363626	-0.446154	-0.032627	0.106820	0.993743	-0.399792	0.909869	-0.110931	-0.916025	-0.400910	0.013019
38887	9.981908	-0.595458	0.723367	-0.840401	-0.327317	-0.437443	-0.033961	0.101546	0.994251	-0.392281	0.913635	-0.106711	-0.919218	-0.393650	0.008807
38888	9.866034	-0.996485	0.603649	-0.796123	-0.320273	-0.422239	-0.035316	0.096554	0.994701	-0.385369	0.917030	-0.102697	-0.922086	-0.386954	0.004823
38889	9.597622	-1.581331	0.458667	-0.783112	-0.354083	-0.427339	-0.037016	0.091285	0.995137	-0.378348	0.920407	-0.098504	-0.924923	-0.380154	0.000468
38890	9.333692	-2.062036	0.147746	-0.822420	-0.432127	-0.449597	-0.039380	0.085637	0.995548	-0.371177	0.923777	-0.094145	-0.927727	-0.373231	-0.004592
38891	9.153060	-2.474930	-0.029059	-0.834383	-0.513256	-0.501908	-0.042366	0.079111	0.995965	-0.363685	0.927249	-0.089123	-0.930558	-0.365994	-0.010512
38892	9.396451	-3.265818	0.268428	-0.778188	-0.575534	-0.557632	-0.045763	0.071974	0.996356	-0.356965	0.930369	-0.083603	-0.932996	-0.359490	-0.016884
38893	9.650088	-4.644870	0.333661	-0.723089	-0.611657	-0.622302	-0.049337	0.064013	0.996729	-0.350563	0.933344	-0.077295	-0.935239	-0.353230	-0.023607
38894	11.480549	-5.297027	0.359941	-0.677786	-0.584141	-0.665037	-0.052534	0.055892	0.997054	-0.344865	0.935990	-0.070640	-0.937181	-0.347560	-0.029896
38895	13.215240	-4.423788	0.495836	-0.551459	-0.346409	-0.685800	-0.053496	0.048289	0.997400	-0.340113	0.938227	-0.063666	-0.938862	-0.342634	-0.033767
38896	13.646589	-1.992032	1.025246	-0.347239	0.004906	-0.664739	-0.051235	0.042223	0.997794	-0.337539	0.939579	-0.057091	-0.939916	-0.339719	-0.033887
38897	12.196724	-0.053954	2.083939	-0.226698	0.315194	-0.610980	-0.046275	0.037566	0.998222	-0.335763	0.940567	-0.050962	-0.940809	-0.337524	-0.030912
38898	11.179719	0.419846	3.128652	-0.235977	0.523736	-0.551184	-0.039532	0.034307	0.998629	-0.334127	0.941426	-0.045569	-0.941699	-0.335470	-0.025753
38899	12.282262	-0.125343	4.076440	-0.265830	0.740393	-0.496460	-0.030963	0.032125	0.999004	-0.331855	0.942457	-0.040592	-0.942822	-0.332782	-0.018521
38900	11.578974	-0.824028	3.670929	-0.281957	1.037676	-0.388115	-0.019916	0.032080	0.999287	-0.329652	0.943383	-0.036855	-0.943892	-0.330151	-0.008213
38901	11.835912	-1.340674	3.546642	-0.316790	1.229469	-0.264937	-0.007495	0.033638	0.999406	-0.326757	0.944488	-0.034240	-0.945079	-0.326819	0.003913
38902	11.232775	-1.528525	2.955808	-0.343801	1.435182	-0.142857	0.006519	0.037146	0.999289	-0.323884	0.945520	-0.033034	-0.946074	-0.323438	0.018195
38903	11.119464	-1.456409	2.682120	-0.374314	1.606050	-0.008906	0.021690	0.042245	0.998872	-0.320401	0.946704	-0.033082	-0.947034	-0.319322	0.034069
38904	10.687152	-1.482291	2.206916	-0.359460	1.752549	0.133200	0.037845	0.049281	0.998068	-0.317431	0.947644	-0.034755	-0.947526	-0.315502	0.051507
38905	10.471407	-1.534317	1.970423	-0.337502	1.823833	0.275280	0.054198	0.057630	0.996866	-0.314422	0.948533	-0.037741	-0.947735	-0.311391	0.069529
38906	10.972468	-1.604274	1.871930	-0.321075	1.881358	0.403778	0.070735	0.067514	0.995208	-0.312042	0.949130	-0.042210	-0.947431	-0.307561	0.088204
38907	10.837753	-1.427448	1.602645	-0.262125	1.947839	0.499190	0.087570	0.078230	0.993082	-0.310019	0.949545	-0.047463	-0.946689	-0.303718	0.107404
38908	10.907989	-1.060044	1.334650	-0.212010	1.987417	0.565056	0.104588	0.089847	0.990449	-0.308977	0.949563	-0.053511	-0.945301	-0.300429	0.127073
38909	11.188765	-0.429210	1.087570	-0.184101	2.031995	0.585930	0.121912	0.101503	0.987337	-0.307968	0.949529	-0.059590	-0.943553	-0.296804	0.147018
38910	10.741162	0.501699	0.940227	-0.188006	2.047280	0.603415	0.139307	0.113530	0.983720	-0.307404	0.949286	-0.066024	-0.941327	-0.293202	0.167142
38911	9.979204	0.914184	0.688325	-0.295368	1.980261	0.578803	0.156094	0.124805	0.979826	-0.305550	0.949431	-0.072257	-0.939294	-0.288106	0.186335
38912	9.604239	1.046750	0.524543	-0.448366	1.890998	0.537114	0.172155	0.135552	0.975699	-0.302628	0.949865	-0.078566	-0.937432	-0.281749	0.204546
38913	9.389680	0.782026	0.158571	-0.590586	1.764298	0.490426	0.187150	0.145138	0.971550	-0.298046	0.950793	-0.084625	-0.936025	-0.273729	0.221199
38914	9.393266	0.537834	-0.035947	-0.630978	1.619391	0.456398	0.200890	0.154098	0.967418	-0.293415	0.951676	-0.090661	-0.934639	-0.265642	0.236398
38915	9.883248	0.183115	-0.108083	-0.614745	1.487797	0.456126	0.213400	0.162360	0.963379	-0.288689	0.952539	-0.096585	-0.933338	-0.257506	0.250144
38916	10.017742	-0.478516	-0.126253	-0.580837	1.382389	0.509409	0.224770	0.170965	0.959296	-0.284754	0.953037	-0.103129	-0.931876	-0.249983	0.262897
38917	10.040769	-1.374717	-0.190395	-0.502591	1.255178	0.532132	0.234893	0.179159	0.955368	-0.281369	0.953321	-0.109596	-0.930407	-0.243067	0.274338
38918	10.234286	-1.980011	-0.289113	-0.302512	1.161371	0.563816	0.244034	0.187568	0.951454	-0.280261	0.952893	-0.115969	-0.928386	-0.238355	0.285107
38919	10.041581	-2.483400	-0.431926	-0.010162	1.128148	0.567942	0.252839	0.195682	0.947513	-0.281651	0.951805	-0.121412	-0.925605	-0.236170	0.295767
38920	9.695664	-2.968064	-0.491263	0.353390	1.085974	0.572732	0.261164	0.203941	0.943505	-0.286734	0.949700	-0.125912	-0.921725	-0.237651	0.306504
38921	9.393867	-3.240409	-0.559495	0.784750	1.061513	0.627383	0.269037	0.212469	0.939402	-0.295684	0.946483	-0.129389	-0.916619	-0.242955	0.317462
38922	9.543769	-3.500823	-0.365687	1.282775	1.070472	0.746044	0.276465	0.222411	0.934934	-0.309777	0.941548	-0.132382	-0.909728	-0.253023	0.329203
38923	9.334339	-3.294677	-0.194661	1.766801	1.091039	0.904305	0.283399	0.233761	0.930076	-0.328379	0.934863	-0.134905	-0.901028	-0.267185	0.341701
38924	9.199112	-3.012527	0.217601	2.159162	1.118969	1.028732	0.289826	0.246671	0.924746	-0.351009	0.926285	-0.137071	-0.890390	-0.284868	0.355045
38925	8.875209	-2.450420	0.782364	2.494724	1.186528	1.100168	0.296256	0.260331	0.918945	-0.376364	0.916108	-0.138192	-0.877828	-0.304917	0.369381
