// General information: 
//  MT Manager version: 2022.2.0 
//  XDA version: 2022.2.0 build 7381 rev 124627 built on 2023-07-19
// Device information: 
//  DeviceId: 00B4CB9F
//  ProductCode: MTW2-3A7G6
//  Firmware Version: 4.6.0
//  Hardware Version: 2.0.0
// Device settings: 
//  Filter Profile: human(46.1)
//  Option Flags: Orientation Smoother Disabled, Position/Velocity Smoother Disabled, Continuous Zero Rotation Update Disabled, AHS Disabled, ICC Disabled
// Coordinate system: ENU
PacketCounter	Acc_X	Acc_Y	Acc_Z	Gyr_X	Gyr_Y	Gyr_Z	Mat[1][1]	Mat[2][1]	Mat[3][1]	Mat[1][2]	Mat[2][2]	Mat[3][2]	Mat[1][3]	Mat[2][3]	Mat[3][3]
16845	9.610570	1.113780	0.699662	-0.041783	0.037876	-0.016441	-0.128082	0.069102	0.989353	0.426101	-0.896972	0.117813	0.895563	0.436654	0.085442
16846	9.670444	1.141815	0.650704	-0.034401	0.035819	-0.016682	-0.128418	0.069062	0.989312	0.425794	-0.897107	0.117896	0.895661	0.436383	0.085799
16847	9.742355	1.220387	0.618555	-0.026219	0.040467	-0.013674	-0.128772	0.068880	0.989279	0.425619	-0.897193	0.117870	0.895693	0.436234	0.086217
16848	9.801163	1.259969	0.642220	-0.006361	0.042496	-0.011073	-0.129144	0.068760	0.989239	0.425570	-0.897209	0.117921	0.895663	0.436219	0.086607
16849	9.716350	1.244165	0.722409	0.011243	0.052409	-0.009029	-0.129522	0.068479	0.989209	0.425750	-0.897133	0.117850	0.895523	0.436420	0.087044
16850	9.654693	1.226090	0.828020	0.026909	0.047403	-0.005583	-0.129914	0.068288	0.989171	0.426007	-0.897008	0.117876	0.895344	0.436707	0.087443
16851	9.670009	1.213224	0.933613	0.035503	0.046273	-0.005961	-0.130307	0.068169	0.989127	0.426337	-0.896838	0.117974	0.895129	0.437075	0.087801
16852	9.638941	1.204381	0.987689	0.035284	0.037007	0.000656	-0.130579	0.067968	0.989105	0.426677	-0.896680	0.117945	0.894928	0.437430	0.088087
16853	9.704619	1.151486	0.925574	0.018465	0.015997	-0.002402	-0.130694	0.067850	0.989098	0.426898	-0.896580	0.117911	0.894806	0.437654	0.088213
16854	9.855702	1.218520	0.793990	0.001335	-0.006832	-0.001405	-0.130582	0.067858	0.989112	0.426931	-0.896569	0.117873	0.894806	0.437675	0.088105
16855	9.892239	1.254965	0.762684	-0.019036	-0.020103	0.004730	-0.130226	0.067836	0.989161	0.426841	-0.896637	0.117686	0.894901	0.437540	0.087810
16856	9.756298	1.210573	0.740435	-0.034781	-0.032277	0.004708	-0.129861	0.067901	0.989205	0.426559	-0.896788	0.117555	0.895089	0.437220	0.087494
16857	9.584011	1.129190	0.747950	-0.034553	-0.029680	0.010264	-0.129465	0.067873	0.989258	0.426324	-0.896929	0.117331	0.895258	0.436935	0.087185
16858	9.578507	1.101308	0.725001	-0.026798	-0.030534	-0.001696	-0.129142	0.067987	0.989293	0.426106	-0.897040	0.117271	0.895409	0.436688	0.086876
16859	9.637392	1.254689	0.822575	-0.027854	-0.021572	-0.000490	-0.128724	0.068028	0.989344	0.425929	-0.897146	0.117107	0.895553	0.436465	0.086509
16860	9.594795	1.306019	0.911569	-0.044497	-0.008379	-0.012353	-0.128645	0.068141	0.989347	0.425538	-0.897327	0.117136	0.895750	0.436074	0.086440
16861	9.622548	1.232580	0.973851	-0.063904	0.001453	-0.016041	-0.128833	0.068173	0.989320	0.424997	-0.897576	0.117195	0.895980	0.435556	0.086665
16862	9.603803	1.163161	0.986212	-0.063795	0.011799	-0.009216	-0.128922	0.068169	0.989309	0.424437	-0.897843	0.117177	0.896232	0.435006	0.086818
16863	9.698808	1.131650	0.945691	-0.069393	0.018885	-0.011481	-0.129149	0.068241	0.989274	0.423816	-0.898123	0.117282	0.896494	0.434417	0.087070
16864	9.686100	1.085560	0.955951	-0.056058	0.029059	-0.013077	-0.129408	0.068198	0.989243	0.423320	-0.898353	0.117309	0.896690	0.433947	0.087385
16865	9.699343	1.121182	0.879442	-0.031851	0.023384	-0.004200	-0.129524	0.068098	0.989235	0.423085	-0.898472	0.117245	0.896785	0.433716	0.087562
16866	9.674821	1.242148	0.961504	-0.019346	0.027165	-0.005183	-0.129733	0.067992	0.989215	0.422929	-0.898549	0.117226	0.896828	0.433575	0.087816
16867	9.711316	1.275496	0.910280	-0.030621	0.024156	-0.006278	-0.129981	0.067973	0.989184	0.422666	-0.898664	0.117292	0.896916	0.433340	0.088080
16868	9.752966	1.232833	0.870945	-0.024452	0.021181	-0.006349	-0.130142	0.067903	0.989167	0.422462	-0.898761	0.117280	0.896989	0.433149	0.088280
16869	9.699730	1.217889	0.850463	-0.025547	0.030441	-0.001283	-0.130384	0.067687	0.989150	0.422301	-0.898851	0.117173	0.897030	0.432996	0.088612
16870	9.718187	1.177229	0.786786	-0.028703	0.039229	-0.005749	-0.130704	0.067534	0.989119	0.422060	-0.898967	0.117151	0.897096	0.432779	0.088995
16871	9.658663	1.139020	0.771706	-0.022786	0.051758	-0.003263	-0.131057	0.067331	0.989086	0.421901	-0.899047	0.117105	0.897119	0.432644	0.089419
16872	9.591996	1.085115	0.808774	-0.008666	0.050847	-0.005848	-0.131481	0.067129	0.989043	0.421840	-0.899076	0.117101	0.897086	0.432615	0.089894
16873	9.638715	1.073790	0.816725	-0.003779	0.054249	-0.010267	-0.131880	0.066969	0.989001	0.421849	-0.899068	0.117132	0.897024	0.432656	0.090318
16874	9.665479	1.110579	0.940650	0.024179	0.061383	0.001249	-0.132368	0.066658	0.988957	0.422091	-0.898960	0.117087	0.896837	0.432929	0.090858
16875	9.746106	1.154326	1.039663	0.029756	0.054445	0.005423	-0.132787	0.066399	0.988918	0.422393	-0.898821	0.117066	0.896634	0.433257	0.091305
16876	9.710141	1.217077	1.058782	0.056682	0.059300	-0.000229	-0.133263	0.066109	0.988873	0.422925	-0.898571	0.117067	0.896312	0.433820	0.091787
16877	9.699917	1.258946	0.982581	0.045794	0.050819	-0.000906	-0.133779	0.065817	0.988823	0.423385	-0.898353	0.117076	0.896018	0.434316	0.092314
16878	9.694300	1.228378	0.942745	0.039224	0.059412	0.000584	-0.134252	0.065519	0.988779	0.423762	-0.898178	0.117052	0.895769	0.434722	0.092818
16879	9.595393	1.214294	0.848795	0.020745	0.050394	-0.005464	-0.134635	0.065345	0.988738	0.423984	-0.898069	0.117086	0.895606	0.434974	0.093206
16880	9.608392	1.254631	0.797429	-0.002747	0.034782	-0.020353	-0.134976	0.065342	0.988692	0.423957	-0.898063	0.117231	0.895568	0.434986	0.093515
16881	9.620134	1.410477	0.825828	-0.020034	0.026839	-0.024613	-0.135264	0.065391	0.988649	0.423808	-0.898113	0.117387	0.895595	0.434876	0.093769
16882	9.605916	1.480707	0.916472	-0.056655	0.021417	-0.028160	-0.135519	0.065517	0.988606	0.423287	-0.898336	0.117559	0.895803	0.434396	0.094009
16883	9.642906	1.363707	1.037794	-0.101638	0.008752	-0.040374	-0.135610	0.065746	0.988578	0.422407	-0.898730	0.117715	0.896204	0.433546	0.094105
16884	9.657562	1.245042	1.108826	-0.132811	0.004134	-0.038528	-0.135753	0.066039	0.988539	0.421189	-0.899275	0.117917	0.896756	0.432370	0.094264
16885	9.649934	1.124346	1.129825	-0.145967	0.003670	-0.037943	-0.135930	0.066242	0.988501	0.419901	-0.899860	0.118043	0.897333	0.431118	0.094503
16886	9.635972	1.086871	1.187137	-0.143307	0.007946	-0.034652	-0.136090	0.066484	0.988463	0.418593	-0.900450	0.118196	0.897920	0.429849	0.094713
16887	9.583635	0.963250	1.108413	-0.141053	0.007078	-0.042511	-0.136359	0.066761	0.988407	0.417316	-0.901011	0.118430	0.898473	0.428627	0.095000
16888	9.692108	0.870983	1.004009	-0.113558	0.009229	-0.040151	-0.136553	0.067048	0.988361	0.416266	-0.901466	0.118665	0.898930	0.427626	0.095188
16889	9.767365	0.886608	1.055796	-0.068204	0.023316	-0.037628	-0.136783	0.067309	0.988312	0.415651	-0.901714	0.118938	0.899180	0.427062	0.095362
16890	9.694676	0.914562	1.102191	-0.036994	0.020804	-0.033025	-0.137051	0.067482	0.988263	0.415299	-0.901845	0.119175	0.899302	0.426757	0.095574
16891	9.757685	0.882930	1.160935	-0.018867	0.027985	-0.022826	-0.137304	0.067607	0.988219	0.415132	-0.901895	0.119380	0.899341	0.426632	0.095768
16892	9.716637	0.916628	1.133241	0.017183	0.029197	-0.018724	-0.137588	0.067615	0.988179	0.415286	-0.901804	0.119527	0.899226	0.426822	0.095998
16893	9.662693	1.057711	0.940540	0.038392	0.024309	-0.019260	-0.137876	0.067619	0.988139	0.415650	-0.901615	0.119694	0.899014	0.427222	0.096206
16894	9.711582	1.140579	0.881752	0.031328	0.010703	-0.023613	-0.138015	0.067750	0.988110	0.415924	-0.901460	0.119903	0.898865	0.427527	0.096236
16895	9.678033	1.088051	0.790787	0.020812	0.003902	-0.030325	-0.138104	0.068025	0.988079	0.416093	-0.901341	0.120211	0.898774	0.427734	0.096174
16896	9.751203	1.059350	0.698460	0.022942	-0.006828	-0.039203	-0.138149	0.068372	0.988049	0.416270	-0.901212	0.120566	0.898685	0.427951	0.096040
16897	9.683390	1.016024	0.776815	0.030378	-0.009143	-0.043223	-0.138215	0.068789	0.988010	0.416516	-0.901040	0.121001	0.898560	0.428246	0.095886
16898	9.664858	1.053187	0.794100	0.038233	-0.023952	-0.038446	-0.138104	0.069203	0.987997	0.416832	-0.900845	0.121364	0.898431	0.428590	0.095564
16899	9.694321	1.074595	0.789821	0.069835	-0.014406	-0.032947	-0.137948	0.069411	0.988004	0.417511	-0.900505	0.121558	0.898140	0.429271	0.095243
16900	9.639450	1.074028	0.836332	0.111937	-0.008500	-0.029584	-0.137939	0.069678	0.987987	0.418501	-0.899998	0.121902	0.897680	0.430288	0.094985
16901	9.611431	1.209177	0.986801	0.142926	0.004100	-0.028280	-0.138001	0.069801	0.987969	0.419818	-0.899347	0.122180	0.897055	0.431628	0.094808
16902	9.673332	1.187607	1.090110	0.134442	0.004595	-0.035769	-0.138136	0.070067	0.987932	0.421000	-0.898736	0.122607	0.896480	0.432856	0.094650
16903	9.664231	1.184344	1.188777	0.139715	0.002693	-0.037868	-0.138321	0.070335	0.987887	0.422240	-0.898092	0.123063	0.895869	0.434148	0.094526
16904	9.599128	1.329881	1.163732	0.123738	0.005797	-0.037459	-0.138474	0.070611	0.987846	0.423323	-0.897523	0.123495	0.895334	0.435279	0.094393
16905	9.578172	1.321597	1.040725	0.066645	0.001446	-0.044092	-0.138586	0.070955	0.987805	0.423913	-0.897185	0.123920	0.895037	0.435917	0.094258
16906	9.685061	1.185710	0.793859	0.011719	0.003496	-0.063012	-0.138827	0.071470	0.987734	0.423957	-0.897084	0.124498	0.894979	0.436041	0.094240
16907	9.664855	0.972434	0.654867	0.010515	-0.007930	-0.071658	-0.138976	0.072209	0.987660	0.423983	-0.896969	0.125238	0.894943	0.436157	0.094042
16908	9.648224	0.798682	0.607750	0.055717	-0.013911	-0.077210	-0.139122	0.072927	0.987586	0.424401	-0.896665	0.125999	0.894723	0.436662	0.093796
16909	9.741688	0.688355	0.651652	0.123607	-0.021489	-0.081819	-0.139101	0.073790	0.987525	0.425442	-0.896047	0.126882	0.894231	0.437784	0.093247
16910	9.836685	0.629644	0.859681	0.233271	-0.024697	-0.077343	-0.139153	0.074556	0.987460	0.427446	-0.894961	0.127808	0.893268	0.439870	0.092667
16911	9.745706	0.697163	0.916947	0.367806	-0.036395	-0.060053	-0.138978	0.075253	0.987432	0.430687	-0.893279	0.128695	0.891737	0.443160	0.091735
16912	9.711822	0.911583	1.023648	0.481855	-0.029574	-0.047858	-0.138864	0.075777	0.987408	0.434938	-0.891092	0.129553	0.889689	0.447451	0.090782
16913	9.449357	0.896939	1.088265	0.533414	-0.017758	-0.041102	-0.138800	0.076123	0.987390	0.439669	-0.888656	0.130317	0.887370	0.452213	0.089877
16914	9.591194	0.873442	1.092322	0.532213	-0.004776	-0.057069	-0.138952	0.076618	0.987331	0.444332	-0.886188	0.131302	0.885021	0.456947	0.089094
16915	9.771350	1.127245	1.122655	0.510949	0.013907	-0.072450	-0.139297	0.077130	0.987242	0.448794	-0.883777	0.132370	0.882712	0.461507	0.088492
16916	9.677978	1.401046	1.165984	0.424119	0.018334	-0.066648	-0.139701	0.077600	0.987148	0.452467	-0.881755	0.133348	0.880771	0.465280	0.088070
16917	9.889050	1.624753	1.350781	0.299044	0.010577	-0.076240	-0.140133	0.078197	0.987040	0.455007	-0.880296	0.134339	0.879393	0.467935	0.087779
16918	9.789896	1.869248	1.372979	0.178918	-0.007529	-0.072888	-0.140341	0.078840	0.986959	0.456503	-0.879395	0.135161	0.878584	0.469519	0.087424
16919	9.609926	1.814406	1.203025	0.009060	-0.026435	-0.093355	-0.140366	0.079763	0.986882	0.456505	-0.879266	0.135995	0.878578	0.469606	0.087007
16920	9.584594	1.736069	1.242842	-0.105129	-0.030702	-0.130633	-0.140633	0.081023	0.986741	0.455424	-0.879649	0.137138	0.879097	0.468671	0.086808
16921	9.552519	1.640901	1.312818	-0.188439	-0.021499	-0.159756	-0.141054	0.082530	0.986556	0.453584	-0.880386	0.138500	0.879980	0.467022	0.086748
16922	9.576507	1.417839	1.584918	-0.240640	-0.017026	-0.188555	-0.141699	0.084237	0.986319	0.451224	-0.881345	0.140096	0.881089	0.464902	0.086876
16923	9.553935	1.354790	1.974389	-0.281221	-0.010365	-0.191092	-0.142470	0.085927	0.986062	0.448490	-0.882484	0.141701	0.882360	0.462427	0.087190
16924	9.359469	1.244821	2.169065	-0.318858	-0.011644	-0.216607	-0.143276	0.087861	0.985775	0.445391	-0.883761	0.143503	0.883798	0.459616	0.087490
16925	9.499235	1.317429	2.115471	-0.315397	-0.014923	-0.236661	-0.144209	0.090012	0.985445	0.442269	-0.884992	0.145558	0.885213	0.456822	0.087815
16926	9.856624	1.697288	2.061818	-0.335420	-0.039073	-0.239577	-0.144861	0.092278	0.985140	0.438977	-0.886297	0.147569	0.886744	0.453830	0.087882
16927	9.816890	1.827854	2.239505	-0.448191	-0.084734	-0.245190	-0.145175	0.094833	0.984851	0.434656	-0.888087	0.149587	0.888818	0.449788	0.087708
16928	10.026694	2.062814	2.800380	-0.611621	-0.148637	-0.260843	-0.144920	0.097783	0.984600	0.428859	-0.890566	0.151567	0.891672	0.444219	0.087126
16929	10.547395	2.164671	3.987582	-0.798170	-0.124111	-0.263434	-0.144802	0.100608	0.984332	0.421386	-0.893823	0.153346	0.895247	0.436988	0.087033
16930	10.410193	1.585771	5.049224	-0.875175	0.022134	-0.240391	-0.145946	0.102630	0.983955	0.413212	-0.897366	0.154889	0.898864	0.429187	0.088559
16931	9.925774	0.892894	5.652784	-0.772252	0.203783	-0.167405	-0.148392	0.103202	0.983529	0.406022	-0.900494	0.155748	0.901735	0.422446	0.091724
16932	9.511715	0.918031	5.816107	-0.651047	0.377184	-0.087113	-0.152092	0.102368	0.983051	0.400040	-0.903134	0.155938	0.903790	0.416977	0.096408
16933	9.232431	0.947976	5.700237	-0.580631	0.535285	-0.051903	-0.157039	0.100562	0.982459	0.394703	-0.905507	0.155776	0.905289	0.412243	0.102508
16934	8.883113	1.102337	5.428528	-0.529169	0.653143	-0.081514	-0.163218	0.098586	0.981652	0.389807	-0.907594	0.155961	0.906317	0.408110	0.109707
16935	9.098138	1.566203	5.103604	-0.422809	0.721223	-0.157761	-0.170282	0.097100	0.980600	0.385691	-0.909171	0.157003	0.906778	0.404943	0.117365
16936	9.612120	2.394229	5.381489	-0.356234	0.776277	-0.215957	-0.178094	0.095894	0.979330	0.382113	-0.910399	0.158633	0.906792	0.402466	0.125494
16937	10.182442	3.282891	6.173668	-0.532601	0.877009	-0.242832	-0.187017	0.094507	0.977800	0.376766	-0.912343	0.160242	0.907233	0.398370	0.135016
16938	10.791141	3.615287	6.750877	-0.835554	1.056115	-0.268630	-0.197550	0.092752	0.975895	0.368694	-0.915390	0.161636	0.908317	0.391737	0.146638
16939	11.056387	3.655537	7.254768	-1.107723	1.280072	-0.269162	-0.210203	0.090279	0.973481	0.358007	-0.919457	0.162573	0.909751	0.382686	0.160952
16940	11.676541	3.105016	7.640975	-1.293494	1.506666	-0.232921	-0.224685	0.086702	0.970567	0.345754	-0.924130	0.162595	0.911027	0.372110	0.177661
16941	11.677881	2.479581	7.355878	-1.230776	1.727628	-0.168558	-0.241141	0.082036	0.967017	0.334042	-0.928520	0.162069	0.911190	0.362106	0.196500
16942	11.223908	2.008093	6.959274	-0.995035	1.915505	-0.117574	-0.258915	0.076229	0.962887	0.324720	-0.931990	0.161098	0.909681	0.354379	0.216553
16943	11.031896	1.644958	6.065703	-0.832747	2.001350	-0.100530	-0.277595	0.070054	0.958141	0.316756	-0.934893	0.160125	0.906977	0.347947	0.237331
16944	11.172557	1.894836	4.620530	-0.642691	2.015847	-0.163998	-0.296304	0.064581	0.952908	0.310502	-0.937002	0.160053	0.903213	0.343304	0.257584
16945	11.695764	2.839398	3.621633	-0.382012	2.028047	-0.232613	-0.315484	0.059908	0.947038	0.306208	-0.938191	0.161354	0.898168	0.340895	0.277640
16946	11.278368	3.929287	2.800097	-0.146371	1.966179	-0.260101	-0.333829	0.055608	0.940992	0.304088	-0.938536	0.163342	0.892238	0.340672	0.296401
16947	10.322778	4.452690	1.099973	-0.303151	1.621181	-0.273409	-0.349291	0.052889	0.935520	0.300321	-0.939416	0.165239	0.887583	0.338673	0.312246
16948	10.393900	4.278097	-0.752317	-1.016850	1.352764	-0.303992	-0.362135	0.051189	0.930719	0.290259	-0.942654	0.164782	0.885781	0.329823	0.326510
16949	10.661076	2.747895	-1.203460	-1.621044	1.226518	-0.264966	-0.373893	0.049984	0.926124	0.274829	-0.947730	0.162103	0.885818	0.315135	0.340613
16950	10.975781	0.474457	-1.132522	-1.875778	1.177476	-0.156525	-0.384697	0.047822	0.921803	0.257649	-0.953400	0.156986	0.886355	0.297894	0.354449
16951	11.092714	-1.348839	-1.444841	-1.776530	1.122127	-0.015516	-0.394843	0.044971	0.917647	0.241768	-0.958513	0.151001	0.886367	0.281479	0.367590
16952	10.775808	-1.915998	-1.879461	-1.436014	1.045252	0.097103	-0.403830	0.041124	0.913909	0.229469	-0.962499	0.144706	0.885588	0.268150	0.379249
16953	10.140279	-1.613218	-1.752999	-1.121855	1.007006	0.131431	-0.412497	0.037511	0.910186	0.219998	-0.965475	0.139493	0.883995	0.257780	0.390003
16954	9.770634	-1.372943	-1.183158	-0.765384	1.050524	0.131314	-0.421441	0.033529	0.906236	0.213827	-0.967466	0.135234	0.881286	0.250771	0.400560
16955	9.286642	-0.842268	-0.879815	-0.285012	1.117744	0.206882	-0.430927	0.028877	0.901925	0.212151	-0.968232	0.132362	0.877094	0.248382	0.411111
16956	8.558904	-0.428705	-0.566162	0.012661	1.101767	0.285143	-0.439913	0.023336	0.897737	0.213540	-0.968272	0.129809	0.872283	0.248807	0.420973
16957	8.232872	-0.118237	-0.286176	0.119814	1.026856	0.345591	-0.448122	0.017455	0.893802	0.216073	-0.968051	0.127237	0.867467	0.250144	0.430033
16958	7.794912	-0.255951	-0.089764	0.143512	0.943316	0.397216	-0.455376	0.011202	0.890229	0.219147	-0.967745	0.124277	0.862907	0.251683	0.438232
16959	7.415252	-0.466107	0.163943	0.188203	0.847269	0.451666	-0.461631	0.004694	0.887060	0.222800	-0.967318	0.121065	0.858637	0.253524	0.445498
16960	7.375909	-0.416529	0.584283	0.251461	0.781166	0.481381	-0.467195	-0.001992	0.884152	0.227227	-0.966680	0.117891	0.854457	0.255981	0.452081
16961	7.189316	-0.183700	0.792522	0.281050	0.706093	0.495823	-0.472045	-0.008649	0.881532	0.231895	-0.965955	0.114698	0.850529	0.258565	0.457980
16962	6.966691	0.103431	0.845943	0.300825	0.612349	0.503445	-0.476018	-0.015143	0.879305	0.236872	-0.965108	0.111612	0.846935	0.261412	0.462996
16963	6.933390	0.285738	0.829386	0.281832	0.522246	0.501051	-0.479202	-0.021395	0.877444	0.241599	-0.964299	0.108432	0.843798	0.263951	0.467263
16964	7.023119	0.378095	0.720175	0.257208	0.436391	0.489691	-0.481640	-0.027313	0.875944	0.246157	-0.963492	0.105307	0.841089	0.266340	0.470779
16965	7.084452	0.443828	0.857911	0.225357	0.376764	0.479583	-0.483574	-0.032986	0.874682	0.250320	-0.962766	0.102084	0.838747	0.268315	0.473825
16966	7.153110	0.239303	1.119372	0.257189	0.309386	0.494810	-0.484871	-0.038621	0.873733	0.254909	-0.961890	0.098941	0.836613	0.270696	0.476237
16967	7.367495	-0.231918	1.622250	0.366902	0.237322	0.521975	-0.485464	-0.044332	0.873132	0.260456	-0.960697	0.096037	0.834558	0.274035	0.477930
16968	7.599963	-0.613821	2.190580	0.545653	0.175309	0.548552	-0.485431	-0.050122	0.872837	0.267705	-0.958922	0.093820	0.832280	0.279206	0.478909
16969	7.758329	-0.466248	2.762083	0.803603	0.142798	0.549152	-0.485073	-0.055831	0.872690	0.276996	-0.956381	0.092780	0.829444	0.286736	0.479380
16970	7.729560	0.393010	3.403075	1.057067	0.082025	0.506125	-0.484276	-0.060941	0.872790	0.288237	-0.952994	0.093390	0.826073	0.296797	0.479078
16971	8.479152	1.132018	4.311735	1.179465	0.026897	0.429113	-0.483184	-0.065149	0.873091	0.299983	-0.949184	0.095189	0.822523	0.307906	0.478174
16972	8.645235	1.797661	5.757399	1.324473	0.299486	0.388822	-0.484402	-0.069810	0.872056	0.312759	-0.944753	0.098099	0.817029	0.320263	0.479474
16973	6.673384	2.818283	6.632556	1.420276	0.451557	0.389672	-0.486781	-0.075000	0.870299	0.326154	-0.939859	0.101432	0.810350	0.333227	0.481967
16974	5.573059	3.075562	5.973090	1.279383	0.209668	0.466829	-0.486875	-0.080125	0.869789	0.338799	-0.935149	0.103501	0.805089	0.345075	0.482446
16975	6.317056	2.261849	5.938805	1.003439	-0.031832	0.538173	-0.484722	-0.085077	0.870521	0.349441	-0.931217	0.103566	0.801833	0.354396	0.481110
16976	7.463409	1.124246	6.827051	0.698645	-0.083466	0.558224	-0.482031	-0.090004	0.871519	0.357771	-0.928219	0.102021	0.799779	0.360982	0.479631
16977	7.862522	0.593820	8.124049	0.498239	0.034038	0.529863	-0.480351	-0.095081	0.871907	0.364257	-0.925946	0.099703	0.797859	0.365491	0.479413
16978	6.719815	0.355742	8.248653	0.470809	0.052483	0.499585	-0.478885	-0.099929	0.872172	0.370442	-0.923718	0.097564	0.795891	0.369811	0.479373
16979	5.569232	0.729345	6.974900	0.588411	-0.207645	0.476203	-0.475423	-0.103590	0.873637	0.377334	-0.921075	0.096126	0.794728	0.375353	0.476989
16980	6.075932	1.892163	6.091362	0.723672	-0.410447	0.439183	-0.470439	-0.106108	0.876030	0.385196	-0.917861	0.095680	0.793922	0.382455	0.472670
16981	7.298810	3.362410	6.586642	0.754660	-0.375636	0.373245	-0.465983	-0.108120	0.878163	0.392873	-0.914582	0.095867	0.792787	0.389679	0.468657
16982	7.877732	4.650377	7.360711	0.668548	-0.270116	0.282652	-0.462673	-0.109674	0.879719	0.399517	-0.911636	0.096466	0.791404	0.396094	0.465606
16983	8.776648	4.980073	9.562581	0.286134	-0.239340	0.234669	-0.459820	-0.110902	0.881060	0.402813	-0.910271	0.095647	0.791396	0.398882	0.463234
16984	8.121980	2.787675	9.863883	-0.502190	-0.421903	0.325098	-0.455117	-0.112224	0.883332	0.400351	-0.911890	0.090420	0.795354	0.394795	0.459945
16985	7.109954	0.681888	5.436440	-1.093272	-1.033474	0.413265	-0.445203	-0.112009	0.888396	0.393420	-0.915721	0.081701	0.804372	0.385887	0.451748
16986	8.919145	0.553560	0.198145	-0.971732	-1.555920	0.361951	-0.431141	-0.109416	0.895626	0.387173	-0.919024	0.074105	0.814994	0.378711	0.438592
16987	11.503950	0.139928	-2.223912	-0.298398	-1.346302	0.368279	-0.418688	-0.107758	0.901714	0.386252	-0.919776	0.069430	0.821894	0.377359	0.426722
16988	11.624031	-0.857059	-0.786078	0.778496	-0.836288	0.440918	-0.410041	-0.108651	0.905572	0.394513	-0.916319	0.068694	0.822330	0.385427	0.418592
16989	9.991336	0.638766	2.085717	1.810215	-0.499858	0.475268	-0.404002	-0.111064	0.907991	0.411258	-0.908684	0.071837	0.817098	0.402441	0.412786
16990	9.588001	4.426739	6.451119	2.558815	-0.238301	0.455580	-0.400089	-0.114224	0.909330	0.433905	-0.897562	0.078165	0.807252	0.425836	0.408667
16991	8.729414	7.609078	8.402980	2.695260	-0.402201	0.401128	-0.395047	-0.116078	0.911298	0.457103	-0.885305	0.085387	0.796865	0.450289	0.402797
16992	10.665556	8.783934	7.405028	1.708223	-0.849735	0.375992	-0.386494	-0.115527	0.915028	0.472177	-0.877028	0.088712	0.792257	0.466342	0.393515
16993	10.914411	6.421229	4.363175	0.619016	-1.012600	0.430875	-0.376397	-0.114574	0.919347	0.478749	-0.873617	0.087134	0.793174	0.472933	0.383679
16994	9.860815	4.077516	3.288492	-0.053499	-0.954332	0.318147	-0.367230	-0.112866	0.923257	0.479537	-0.873496	0.083956	0.796986	0.473567	0.374898
16995	9.421355	2.504239	3.771791	-0.661152	-0.913599	0.155459	-0.359155	-0.109945	0.926779	0.474862	-0.876412	0.080054	0.803439	0.468844	0.366976
16996	9.061661	0.785568	2.299304	-1.177237	-0.956816	0.054081	-0.351116	-0.106008	0.930312	0.465573	-0.881806	0.075234	0.812379	0.459544	0.358971
16997	9.039563	-1.184246	0.290649	-1.454899	-0.945402	-0.009350	-0.343408	-0.101659	0.933668	0.453708	-0.888385	0.070148	0.822326	0.447702	0.351202
16998	9.952465	-2.186014	-0.468217	-1.172582	-0.938770	-0.014005	-0.335657	-0.097407	0.936934	0.443997	-0.893582	0.066163	0.830783	0.438204	0.343186
16999	10.982266	-2.291350	0.322032	-0.572874	-0.905503	0.045339	-0.327878	-0.093887	0.940043	0.439429	-0.896010	0.063780	0.836300	0.433994	0.335039
17000	10.383553	-1.836603	1.770341	-0.093853	-0.844876	0.117038	-0.320231	-0.091301	0.942930	0.439051	-0.896298	0.062322	0.839456	0.433951	0.327108
17001	9.375953	-1.260316	2.287633	0.105525	-0.801946	0.150916	-0.312789	-0.089192	0.945626	0.440461	-0.895682	0.061212	0.841521	0.435658	0.319445
17002	8.868640	-1.109486	2.259849	0.246723	-0.764500	0.175622	-0.305520	-0.087454	0.948161	0.443110	-0.894438	0.060282	0.842800	0.438557	0.312020
17003	9.344521	-1.246898	2.564446	0.499330	-0.713164	0.203618	-0.298562	-0.086155	0.950494	0.447969	-0.892043	0.059856	0.842725	0.443662	0.304925
17004	9.678249	-0.983394	3.429051	0.784848	-0.612012	0.230215	-0.292315	-0.085497	0.952493	0.455283	-0.888323	0.059987	0.840993	0.451189	0.298595
17005	9.356107	-0.052399	4.012724	0.923393	-0.563250	0.233627	-0.286470	-0.085033	0.954308	0.463736	-0.883909	0.060447	0.838382	0.459863	0.292646
17006	8.974930	1.493779	4.574217	0.954801	-0.556432	0.208392	-0.280782	-0.084316	0.956061	0.472345	-0.879288	0.061176	0.835495	0.468767	0.286714
17007	8.635445	2.525806	4.976899	0.783557	-0.588953	0.158822	-0.275072	-0.082959	0.957838	0.479342	-0.875447	0.061834	0.833407	0.476141	0.280577
17008	8.706509	2.210224	4.863861	0.420508	-0.628848	0.082718	-0.269378	-0.080704	0.959647	0.483097	-0.873358	0.062161	0.833099	0.480347	0.274251
17009	9.096601	0.877939	4.259123	0.119423	-0.643577	0.047917	-0.263747	-0.078056	0.961429	0.484240	-0.872737	0.061985	0.834236	0.481910	0.267979
17010	9.370455	-0.153686	3.539353	0.033687	-0.623828	0.044907	-0.258264	-0.075468	0.963122	0.484663	-0.872529	0.061595	0.835704	0.482698	0.261919
17011	9.376129	-0.116655	3.190232	0.105009	-0.595798	0.043533	-0.253039	-0.073001	0.964698	0.485665	-0.871986	0.061405	0.836720	0.484058	0.256100
17012	9.176549	0.445541	3.042765	0.132696	-0.575959	0.054264	-0.247897	-0.070709	0.966202	0.486936	-0.871293	0.061169	0.837520	0.485643	0.250422
17013	8.978316	0.616041	2.604802	-0.027605	-0.597693	0.043798	-0.242643	-0.068223	0.967714	0.486818	-0.871396	0.060631	0.839126	0.485813	0.244650
17014	9.649850	0.313008	2.175637	-0.224528	-0.594258	-0.008887	-0.237635	-0.065292	0.969158	0.484934	-0.872481	0.060126	0.841646	0.484266	0.238995
17015	9.855597	0.171278	1.342692	-0.129045	-0.673528	-0.096855	-0.232397	-0.061223	0.970692	0.483624	-0.873168	0.060714	0.843860	0.483560	0.232531
17016	9.766995	-0.187346	-0.054885	0.110259	-0.776592	-0.118890	-0.226358	-0.056453	0.972407	0.484306	-0.872694	0.062073	0.845109	0.484993	0.224881
17017	9.973087	-0.303656	-0.298869	0.308590	-0.803773	-0.124822	-0.220134	-0.051489	0.974110	0.486643	-0.871259	0.063922	0.845411	0.488115	0.216851
17018	10.317653	-0.667526	-0.467153	0.553277	-0.768396	-0.116332	-0.214154	-0.046734	0.975681	0.491087	-0.868592	0.066185	0.844376	0.493319	0.208963
17019	10.121358	-0.011015	-0.647171	0.927825	-0.776906	-0.046069	-0.207791	-0.042503	0.977249	0.498820	-0.863995	0.068486	0.841428	0.501703	0.200732
17020	10.410894	0.992223	0.359261	1.279487	-0.695891	0.054358	-0.201621	-0.039467	0.978668	0.509688	-0.857472	0.070424	0.836401	0.513014	0.193000
17021	9.857871	2.179690	1.209828	1.545618	-0.730903	0.148357	-0.194717	-0.036963	0.980163	0.522876	-0.849376	0.071843	0.829871	0.526493	0.184715
17022	9.351167	2.333037	1.202867	1.200364	-0.851985	0.171316	-0.186704	-0.033907	0.981831	0.533157	-0.842923	0.072274	0.825158	0.536964	0.175455
17023	9.190684	1.448614	1.154371	0.734295	-0.917188	0.121746	-0.178444	-0.029997	0.983493	0.539459	-0.838903	0.072292	0.822886	0.543454	0.165879
17024	9.757255	0.772359	1.159509	0.463020	-0.948579	0.057258	-0.170273	-0.025326	0.985071	0.543387	-0.836352	0.072424	0.822032	0.547607	0.156170
17025	9.854034	0.677719	2.021298	0.372131	-0.919153	0.059380	-0.162346	-0.020791	0.986515	0.546577	-0.834277	0.072365	0.821522	0.550954	0.146806
17026	9.679245	0.564450	3.020815	0.275075	-0.934817	0.080296	-0.154168	-0.016322	0.987910	0.548983	-0.832734	0.071913	0.821493	0.553432	0.137341
17027	9.256377	0.454078	3.132369	0.057757	-0.992398	0.100500	-0.145409	-0.011683	0.989303	0.549634	-0.832387	0.070956	0.822653	0.554072	0.127458
17028	8.886968	-0.230634	2.810239	-0.176093	-1.052808	0.075345	-0.136262	-0.006508	0.990651	0.548308	-0.833346	0.069944	0.825100	0.552713	0.117122
17029	8.855324	-0.989171	2.451567	-0.285854	-1.089164	0.007714	-0.127172	-0.000592	0.991881	0.545969	-0.834918	0.069502	0.828097	0.550374	0.106501
17030	9.535687	-1.320610	1.885379	-0.275368	-1.122216	-0.051807	-0.118085	0.005980	0.992985	0.543639	-0.836421	0.069687	0.830971	0.548054	0.095518
17031	10.513995	-1.077826	2.341298	-0.025514	-1.095053	-0.016514	-0.109022	0.012082	0.993966	0.543403	-0.836567	0.069771	0.832362	0.547731	0.084639
17032	10.146647	0.032375	3.294470	0.424094	-1.075733	0.085522	-0.099549	0.017254	0.994883	0.547037	-0.834243	0.069205	0.831168	0.551127	0.073610
17033	9.419019	1.216972	2.010109	0.204198	-1.088803	0.057670	-0.090139	0.022735	0.995670	0.548766	-0.833148	0.068704	0.831102	0.552583	0.062623
17034	9.439742	1.486402	1.650954	-0.101695	-1.010897	-0.054522	-0.081969	0.028746	0.996220	0.547889	-0.833689	0.069137	0.832525	0.551485	0.052587
17035	9.238711	1.133470	1.644249	-0.288434	-1.004280	-0.128050	-0.074254	0.035292	0.996615	0.545361	-0.835256	0.070211	0.834906	0.548728	0.042774
17036	9.720953	0.521948	1.317637	-0.355731	-1.027947	-0.170928	-0.066528	0.042320	0.996887	0.542280	-0.837130	0.071728	0.837560	0.545364	0.032743
17037	10.044657	0.283580	1.154350	-0.434698	-1.024014	-0.172149	-0.058825	0.049276	0.997051	0.538497	-0.839437	0.073257	0.840572	0.541218	0.022845
17038	10.524352	-0.163625	1.238882	-0.648320	-1.030040	-0.188119	-0.051094	0.056377	0.997101	0.532944	-0.842823	0.074964	0.844606	0.535230	0.013018
17039	11.198315	-0.461705	1.561010	-0.676884	-1.007048	-0.179388	-0.043478	0.063192	0.997054	0.527090	-0.846348	0.076625	0.848696	0.528869	0.003489
17040	11.077815	-0.263755	2.320140	-0.525165	-0.925296	-0.146137	-0.036318	0.069276	0.996936	0.522580	-0.849012	0.078034	0.851816	0.523813	-0.005367
17041	11.101162	0.207068	3.287385	-0.432306	-0.828085	-0.134293	-0.029912	0.074667	0.996760	0.518792	-0.851212	0.079332	0.854377	0.519484	-0.013275
17042	11.082709	0.226588	3.682015	-0.455433	-0.721887	-0.145077	-0.024426	0.079611	0.996527	0.514868	-0.853453	0.080801	0.856922	0.515053	-0.020143
17043	10.995751	0.197966	3.576341	-0.468500	-0.606002	-0.195716	-0.020191	0.084307	0.996235	0.510726	-0.855750	0.082769	0.859506	0.510475	-0.025779
17044	10.445040	0.822330	3.081728	-0.372628	-0.523962	-0.255468	-0.016924	0.089133	0.995876	0.507484	-0.857422	0.085366	0.861495	0.506836	-0.030723
17045	9.985399	1.606394	2.961494	-0.304625	-0.464912	-0.320314	-0.014502	0.094134	0.995454	0.504711	-0.858734	0.088558	0.863166	0.503701	-0.035058
17046	9.890627	1.850625	2.575322	-0.387786	-0.417830	-0.382005	-0.012754	0.099487	0.994957	0.501320	-0.860309	0.092450	0.865168	0.499971	-0.038902
17047	9.767147	1.501801	1.889923	-0.472892	-0.416972	-0.445651	-0.011336	0.105299	0.994376	0.497065	-0.862277	0.096977	0.867639	0.495369	-0.042566
17048	10.249702	1.021225	1.550132	-0.455330	-0.435764	-0.480088	-0.009869	0.111563	0.993708	0.493069	-0.864002	0.101898	0.869934	0.490973	-0.046482
17049	11.498072	0.733541	1.934650	-0.374821	-0.380148	-0.461086	-0.008795	0.117303	0.993057	0.489650	-0.865383	0.106558	0.871875	0.487188	-0.049826
17050	12.199858	0.670407	2.837607	-0.267242	-0.165018	-0.447135	-0.009481	0.121947	0.992491	0.487289	-0.866147	0.111079	0.873189	0.484683	-0.051211
17051	11.992029	0.833117	4.194874	-0.142978	0.149345	-0.439839	-0.012899	0.124918	0.992083	0.485862	-0.866383	0.115408	0.873940	0.483504	-0.049517
17052	11.146268	1.182981	5.359487	-0.041821	0.493717	-0.425668	-0.019224	0.126189	0.991820	0.485440	-0.866051	0.119596	0.874059	0.483768	-0.044608
17053	9.833491	1.400848	6.471876	-0.010048	0.793463	-0.413695	-0.028145	0.125800	0.991656	0.485101	-0.865681	0.123587	0.874005	0.484532	-0.036661
17054	9.159077	1.641694	7.222595	-0.056150	1.048875	-0.407870	-0.039231	0.124215	0.991479	0.484485	-0.865444	0.127595	0.873919	0.485363	-0.026228
17055	9.494188	2.700471	8.195667	0.051530	1.359815	-0.493356	-0.053488	0.121729	0.991121	0.484527	-0.864706	0.132351	0.873140	0.487304	-0.012729
17056	8.493771	3.345399	7.465257	-0.288399	1.445405	-0.601645	-0.068961	0.119866	0.990392	0.481653	-0.865385	0.138275	0.873645	0.486561	0.001944
17057	8.867657	4.491383	6.946442	-0.570482	1.339468	-0.756649	-0.084301	0.119783	0.989214	0.475884	-0.867375	0.145585	0.875459	0.483024	0.016118
17058	9.761330	5.920797	5.618090	-1.024479	1.421527	-0.859541	-0.100763	0.120411	0.987597	0.466116	-0.871256	0.153783	0.878967	0.475830	0.031665
17059	10.807063	6.579374	5.475800	-1.401280	1.737612	-0.923581	-0.120337	0.120170	0.985433	0.452546	-0.876867	0.162194	0.883584	0.465472	0.051137
17060	10.263413	6.434550	5.697795	-1.371987	2.044302	-0.902763	-0.142406	0.118661	0.982670	0.439229	-0.882111	0.170170	0.887016	0.455851	0.073498
17061	9.402052	6.190874	2.972678	-1.435987	1.664353	-0.760862	-0.160523	0.117779	0.979980	0.425125	-0.887792	0.176336	0.890786	0.444920	0.092440
17062	11.590473	5.445950	0.243759	-2.161646	1.488499	-0.668127	-0.176549	0.117215	0.977288	0.404691	-0.896437	0.180626	0.897249	0.427389	0.110830
17063	13.275943	3.925665	-1.619107	-3.051019	1.448746	-0.571322	-0.191890	0.116265	0.974505	0.375958	-0.908503	0.182421	0.906550	0.401378	0.130622
17064	14.188578	2.536527	-2.136440	-3.666570	1.416606	-0.446616	-0.206358	0.114857	0.971712	0.341655	-0.922123	0.181552	0.916891	0.369455	0.151046
17065	14.304385	1.506688	-2.593659	-4.127471	1.411749	-0.372283	-0.220617	0.113268	0.968761	0.302655	-0.936256	0.178392	0.927215	0.332557	0.172273
17066	14.548443	-0.095717	-2.767814	-3.918359	1.407200	-0.265960	-0.234430	0.111303	0.965740	0.265579	-0.948301	0.173762	0.935153	0.297215	0.192750
17067	14.792434	-1.725456	-3.130394	-3.208924	1.521797	-0.057499	-0.248872	0.107458	0.962557	0.235218	-0.957367	0.167695	0.939540	0.268145	0.212986
17068	14.167620	-2.676932	-3.650839	-2.258261	1.629164	0.182717	-0.263731	0.101454	0.959246	0.214480	-0.963391	0.160861	0.940449	0.248163	0.232316
17069	12.726127	-2.535294	-4.285385	-1.458155	1.648345	0.356551	-0.278498	0.093931	0.955832	0.201582	-0.967322	0.153795	0.939044	0.235510	0.250463
17070	11.121915	-1.607196	-3.717704	-0.853740	1.759480	0.423339	-0.294108	0.085702	0.951922	0.194815	-0.969687	0.147492	0.935707	0.228827	0.268497
17071	10.740686	-0.036348	-3.083693	-0.219950	1.784727	0.465124	-0.309865	0.077020	0.947656	0.193991	-0.970625	0.142318	0.930780	0.227936	0.285821
17072	10.328214	1.376920	-2.719508	0.021889	1.795090	0.548079	-0.325410	0.067549	0.943157	0.195960	-0.970973	0.137152	0.925045	0.229452	0.302727
17073	9.449220	1.229736	-2.429245	-0.105379	1.769945	0.616249	-0.340519	0.057419	0.938483	0.196874	-0.971653	0.130882	0.919395	0.229331	0.319562
17074	8.769005	0.579015	-2.015732	-0.217979	1.631266	0.659045	-0.354133	0.047236	0.934001	0.197192	-0.972498	0.123950	0.914169	0.228072	0.335079
17075	8.552207	-0.084292	-1.639891	-0.280894	1.477549	0.660653	-0.366294	0.037379	0.929748	0.196856	-0.973463	0.116693	0.909437	0.225771	0.349216
17076	8.423481	0.017812	-1.497619	-0.247991	1.351479	0.626991	-0.377277	0.028190	0.925671	0.196966	-0.974226	0.109946	0.904912	0.223805	0.362001
17077	8.358377	0.781380	-1.675345	-0.133369	1.273085	0.651810	-0.387466	0.018925	0.921690	0.198104	-0.974723	0.103294	0.900347	0.222614	0.373923
17078	8.402424	1.786310	-1.965345	0.164332	1.214220	0.731558	-0.396860	0.009036	0.917835	0.202477	-0.974457	0.097142	0.895268	0.224392	0.384893
17079	8.343098	2.555251	-1.603940	0.481461	1.210244	0.817465	-0.405953	-0.001734	0.913892	0.209923	-0.973436	0.091401	0.889457	0.228952	0.395534
17080	8.050339	2.606322	-1.025856	0.648680	1.226724	0.869116	-0.414917	-0.013080	0.909765	0.219269	-0.971864	0.086029	0.883043	0.235178	0.406111
17081	7.689296	2.384932	-0.521453	0.649934	1.216588	0.869771	-0.423647	-0.024481	0.905496	0.228532	-0.970187	0.080692	0.876525	0.241120	0.416612
17082	7.466201	2.086545	0.000600	0.530962	1.174640	0.839488	-0.431910	-0.035524	0.901217	0.236791	-0.968638	0.075301	0.870278	0.245923	0.426776
17083	7.340195	1.775833	0.115455	0.330498	1.073816	0.807278	-0.439259	-0.046047	0.897179	0.243098	-0.967518	0.069364	0.864844	0.248572	0.436185
17084	7.091791	1.342637	0.069873	0.168144	0.967876	0.779043	-0.445650	-0.056037	0.893452	0.248026	-0.966697	0.063084	0.860162	0.249713	0.444707
17085	6.831950	1.083819	0.096023	0.135758	0.838875	0.742566	-0.450956	-0.065360	0.890150	0.252463	-0.965928	0.056976	0.856096	0.250424	0.452092
17086	6.457847	1.531561	0.058948	0.174372	0.733556	0.688128	-0.455425	-0.073889	0.887203	0.257102	-0.965005	0.051609	0.852342	0.251606	0.458485
17087	6.316099	2.502431	0.274836	0.082230	0.616530	0.611504	-0.459049	-0.081387	0.884675	0.260558	-0.964338	0.046485	0.849343	0.251848	0.463885
17088	6.589622	2.696471	1.065259	-0.093119	0.542394	0.520284	-0.462246	-0.087811	0.882394	0.262197	-0.964126	0.041408	0.847102	0.250501	0.468686
17089	6.326751	1.640267	1.629161	-0.050053	0.544636	0.430437	-0.465677	-0.093367	0.880016	0.263759	-0.963867	0.037309	0.844734	0.249486	0.473477
17090	6.105474	1.748270	1.887665	0.089468	0.479163	0.348490	-0.468751	-0.097966	0.877881	0.266173	-0.963303	0.034626	0.842273	0.249900	0.477625
17091	6.699299	1.963813	2.792692	-0.082815	0.266322	0.373743	-0.469949	-0.102275	0.876748	0.267236	-0.963136	0.030890	0.841269	0.248815	0.479956
17092	8.355055	0.722307	4.005586	-0.445691	0.116514	0.494549	-0.469567	-0.107372	0.876344	0.265840	-0.963709	0.024368	0.841924	0.244410	0.481070
17093	8.878578	-2.121067	5.107665	-0.615313	0.213962	0.614201	-0.469695	-0.113854	0.875456	0.263560	-0.964511	0.015968	0.842569	0.238235	0.483033
17094	8.693477	-3.962090	5.630206	-0.185177	0.379906	0.643335	-0.471149	-0.121004	0.873714	0.265059	-0.964186	0.009399	0.841286	0.236014	0.486348
17095	8.185200	-2.845604	6.744879	0.434231	0.456425	0.538736	-0.473491	-0.127325	0.871547	0.271237	-0.962489	0.006746	0.837996	0.239590	0.490265
17096	7.877039	0.305604	8.242230	0.854459	0.403545	0.398218	-0.475722	-0.132179	0.869608	0.280301	-0.959883	0.007438	0.833739	0.247290	0.493687
17097	8.107088	2.986335	9.487566	0.902684	0.220068	0.295769	-0.476671	-0.135613	0.868558	0.289188	-0.957228	0.009252	0.830153	0.255587	0.495500
17098	8.535171	3.813727	10.567807	0.872768	0.228620	0.259678	-0.477758	-0.138732	0.867468	0.297689	-0.954596	0.011286	0.826516	0.263627	0.497365
17099	7.187601	3.312009	10.718677	0.909144	0.229579	0.277615	-0.478779	-0.142037	0.866369	0.306500	-0.951777	0.013341	0.822695	0.271930	0.499226
17100	5.199317	2.571949	9.587710	0.889938	-0.122064	0.288068	-0.476835	-0.144480	0.867037	0.315220	-0.948896	0.015237	0.820527	0.280574	0.498010
17101	4.278269	1.973027	7.041524	0.701536	-0.754191	0.251757	-0.469815	-0.144765	0.870814	0.322169	-0.946539	0.016461	0.821876	0.288283	0.491337
17102	5.138821	1.828189	3.969471	0.505772	-1.253605	0.188935	-0.458825	-0.142938	0.876954	0.327245	-0.944783	0.017222	0.826069	0.294880	0.480266
17103	7.199922	1.480274	1.641246	0.359605	-1.407863	0.212372	-0.446439	-0.140798	0.883668	0.331189	-0.943411	0.017004	0.831268	0.300252	0.467806
17104	7.112567	-0.219334	0.281606	0.253157	-1.374105	0.245984	-0.434114	-0.139003	0.890069	0.334413	-0.942292	0.015945	0.836489	0.304573	0.455546
17105	7.066181	-1.273780	-1.149315	0.050649	-1.403450	0.205541	-0.421617	-0.136691	0.896412	0.335732	-0.941849	0.014288	0.842332	0.306979	0.442991
17106	9.080214	-0.310698	-2.506559	0.049818	-1.401616	0.057611	-0.409529	-0.132956	0.902557	0.336421	-0.941608	0.013941	0.848002	0.309348	0.430345
17107	12.751572	2.100351	0.771182	0.792311	-0.981187	-0.108857	-0.401534	-0.128896	0.906729	0.342726	-0.939258	0.018252	0.849300	0.318088	0.421320
17108	15.521270	4.427925	8.710548	1.629919	-0.350055	-0.096138	-0.398855	-0.126894	0.908192	0.356177	-0.934059	0.025915	0.845016	0.333814	0.417751
17109	16.534959	5.339138	17.390349	1.850619	0.032487	0.066069	-0.398843	-0.127657	0.908090	0.372068	-0.927618	0.033014	0.838147	0.351038	0.417471
17110	12.759037	3.232227	16.903799	1.479515	-0.477831	0.380318	-0.393355	-0.129501	0.910220	0.385975	-0.921820	0.035649	0.834443	0.365345	0.412587
17111	8.290697	2.911060	8.651987	0.883147	-1.097896	0.602325	-0.381808	-0.131013	0.914909	0.395732	-0.917747	0.033726	0.835236	0.374935	0.402249
17112	6.422692	4.894691	2.816971	0.444689	-1.147892	0.507148	-0.370133	-0.131363	0.919644	0.401385	-0.915392	0.030791	0.837790	0.380528	0.391543
17113	7.382145	4.388431	0.673612	-0.273738	-0.982121	0.228696	-0.360940	-0.129757	0.923518	0.399991	-0.916103	0.027614	0.842454	0.379366	0.382560
17114	8.798276	1.947830	-1.945558	-1.123167	-0.969496	-0.062885	-0.352931	-0.125583	0.927183	0.390285	-0.920384	0.023899	0.850363	0.370300	0.373845
