// General information: 
//  MT Manager version: 2022.2.0 
//  XDA version: 2022.2.0 build 7381 rev 124627 built on 2023-07-19
// Device information: 
//  DeviceId: 00B4CBA7
//  ProductCode: MTW2-3A7G6
//  Firmware Version: 4.6.0
//  Hardware Version: 2.0.0
// Device settings: 
//  Filter Profile: human(46.1)
//  Option Flags: Orientation Smoother Disabled, Position/Velocity Smoother Disabled, Continuous Zero Rotation Update Disabled, AHS Disabled, ICC Disabled
// Coordinate system: ENU
PacketCounter	Acc_X	Acc_Y	Acc_Z	Gyr_X	Gyr_Y	Gyr_Z	Mat[1][1]	Mat[2][1]	Mat[3][1]	Mat[1][2]	Mat[2][2]	Mat[3][2]	Mat[1][3]	Mat[2][3]	Mat[3][3]
12103	6.690928	2.038360	-5.025717	-0.924133	1.888142	0.039841	-0.460232	-0.446206	0.767520	-0.636328	0.768650	0.065298	-0.619090	-0.458342	-0.637691
12104	7.136296	0.585288	-5.039623	-1.262361	2.002234	0.116466	-0.448346	-0.436169	0.780220	-0.627897	0.774923	0.072392	-0.636185	-0.457441	-0.621303
12105	7.402773	-0.470357	-5.320139	-1.297243	2.077944	0.226206	-0.436331	-0.424942	0.793120	-0.618545	0.781809	0.078592	-0.653465	-0.456289	-0.603973
12106	7.778721	-0.063253	-6.005662	-1.166062	2.091335	0.314723	-0.424371	-0.412960	0.805837	-0.609499	0.788423	0.083061	-0.669641	-0.455908	-0.586283
12107	7.955572	1.001163	-6.938313	-0.977431	2.049465	0.393600	-0.412856	-0.400523	0.818004	-0.601248	0.794470	0.085543	-0.684142	-0.456507	-0.568816
12108	9.034341	1.737909	-5.254988	-1.163337	2.058279	0.423370	-0.401087	-0.387789	0.829909	-0.591498	0.801422	0.088613	-0.699471	-0.455349	-0.550816
12109	9.579471	0.639675	-5.373630	-1.383019	2.142628	0.492712	-0.388783	-0.374124	0.841950	-0.579776	0.809564	0.092013	-0.716036	-0.452369	-0.531652
12110	9.459945	0.059370	-4.860534	-1.285399	2.238981	0.593270	-0.375921	-0.359221	0.854192	-0.568222	0.817520	0.093730	-0.731988	-0.450135	-0.511440
12111	9.204749	-0.086837	-4.848614	-1.145831	2.350772	0.705222	-0.362480	-0.342889	0.866623	-0.557155	0.825135	0.093435	-0.747119	-0.448975	-0.490138
12112	9.195313	0.204661	-4.563091	-0.982222	2.451703	0.818880	-0.348451	-0.325120	0.879135	-0.546862	0.832259	0.091031	-0.761265	-0.449046	-0.467797
12113	9.366630	0.661034	-4.249837	-0.928042	2.543052	0.899651	-0.333768	-0.306206	0.891536	-0.536674	0.839258	0.087334	-0.774971	-0.449315	-0.444451
12114	9.431190	1.180444	-4.099432	-0.944672	2.585888	0.953370	-0.318562	-0.286578	0.903544	-0.526208	0.846305	0.082899	-0.788431	-0.449043	-0.420400
12115	9.728125	1.485603	-3.988463	-1.053047	2.582542	0.960960	-0.303005	-0.266866	0.914861	-0.514856	0.853675	0.078496	-0.801942	-0.447237	-0.396065
12116	9.969816	1.424206	-3.984496	-1.212570	2.586692	0.950467	-0.286857	-0.247216	0.925525	-0.502271	0.861500	0.074441	-0.815743	-0.443511	-0.371297
12117	9.920665	1.037297	-3.887531	-1.332848	2.583662	0.930306	-0.270190	-0.227805	0.935469	-0.488722	0.869578	0.070602	-0.829547	-0.438108	-0.346285
12118	10.092923	0.306298	-3.807919	-1.321066	2.574922	0.910891	-0.252994	-0.208667	0.944697	-0.475317	0.877299	0.066487	-0.842655	-0.432210	-0.321134
12119	10.355675	-0.400282	-3.515643	-1.165415	2.563372	0.884939	-0.235375	-0.189890	0.953174	-0.463273	0.884064	0.061722	-0.854387	-0.427052	-0.296057
12120	10.722646	-0.949960	-3.296703	-0.903182	2.558229	0.834979	-0.217163	-0.171625	0.960929	-0.453648	0.889399	0.056328	-0.864317	-0.423691	-0.271002
12121	10.624911	-1.231774	-3.216148	-0.569167	2.561586	0.755994	-0.198306	-0.154076	0.967954	-0.447140	0.893035	0.050545	-0.872204	-0.422788	-0.245988
12122	10.278942	-1.187634	-3.018533	-0.204165	2.530436	0.652758	-0.179019	-0.137534	0.974185	-0.444154	0.894834	0.044712	-0.877884	-0.424684	-0.221279
12123	9.970240	-0.907143	-2.861236	0.172620	2.464394	0.528690	-0.159672	-0.122310	0.979564	-0.444780	0.894780	0.039223	-0.881292	-0.429428	-0.197272
12124	9.778290	-0.374351	-2.710756	0.512086	2.372078	0.408259	-0.140526	-0.108396	0.984125	-0.448719	0.893015	0.034287	-0.882555	-0.436778	-0.174131
12125	9.806770	0.217195	-2.530177	0.726175	2.278873	0.291680	-0.121714	-0.095773	0.987934	-0.454747	0.890106	0.030264	-0.882265	-0.445576	-0.151891
12126	9.870698	0.594018	-2.347715	0.855658	2.180440	0.180581	-0.103274	-0.084357	0.991069	-0.462120	0.886397	0.027292	-0.880784	-0.455174	-0.130525
12127	9.817673	0.842294	-2.191206	0.924296	2.064856	0.084784	-0.085485	-0.074138	0.993577	-0.470171	0.882210	0.025376	-0.878425	-0.464982	-0.110274
12128	9.578359	0.908265	-2.039875	0.977188	1.948033	-0.010308	-0.068311	-0.065084	0.995539	-0.478774	0.877595	0.024521	-0.875276	-0.474964	-0.091110
12129	9.373900	0.960897	-1.943067	1.034934	1.804374	-0.092085	-0.052086	-0.057259	0.997000	-0.487868	0.872570	0.024625	-0.871362	-0.485122	-0.073384
12130	9.292811	1.009402	-1.744978	1.112704	1.636596	-0.169800	-0.036986	-0.050724	0.998028	-0.497632	0.867010	0.025624	-0.866599	-0.495703	-0.057309
12131	9.151580	1.231879	-1.928762	1.173208	1.392880	-0.216869	-0.023841	-0.045649	0.998673	-0.507831	0.861026	0.027234	-0.861127	-0.506508	-0.043709
12132	8.863852	1.335582	-2.188353	1.176770	1.155843	-0.246327	-0.012617	-0.041867	0.999044	-0.517986	0.854888	0.029284	-0.855296	-0.517121	-0.032473
12133	8.386597	1.314565	-2.275725	1.161046	0.928020	-0.259501	-0.003328	-0.039261	0.999223	-0.527900	0.848719	0.031589	-0.849300	-0.527385	-0.023551
12134	8.135866	1.448664	-2.177930	1.133817	0.707475	-0.287646	0.004228	-0.037958	0.999270	-0.537493	0.842571	0.034280	-0.843258	-0.537246	-0.016839
12135	8.082636	1.700683	-2.194236	1.046315	0.494733	-0.293660	0.010001	-0.037773	0.999236	-0.546262	0.836792	0.037099	-0.837554	-0.546216	-0.012266
12136	8.133589	1.944496	-2.128272	0.886139	0.304404	-0.310831	0.014286	-0.038733	0.999147	-0.553613	0.831805	0.040162	-0.832652	-0.553714	-0.009560
12137	8.179288	2.006758	-2.142445	0.649933	0.119019	-0.304985	0.016995	-0.040631	0.999030	-0.558962	0.828068	0.043187	-0.829019	-0.559153	-0.008638
12138	8.280796	1.762983	-2.280527	0.410363	-0.051858	-0.286588	0.018205	-0.043345	0.998894	-0.562284	0.825660	0.046075	-0.826744	-0.562501	-0.009341
12139	8.393393	1.438546	-2.301186	0.212870	-0.201132	-0.256082	0.018009	-0.046619	0.998750	-0.563993	0.824346	0.048648	-0.825583	-0.564164	-0.011448
12140	8.392142	1.202777	-2.365318	0.039572	-0.335244	-0.219520	0.016508	-0.050385	0.998593	-0.564246	0.824036	0.050905	-0.825442	-0.564293	-0.014826
12141	8.555073	1.096467	-2.174358	-0.112240	-0.436377	-0.169836	0.013885	-0.054273	0.998430	-0.563290	0.824580	0.052657	-0.826143	-0.563137	-0.019122
12142	8.927609	1.056789	-1.599906	-0.298562	-0.461854	-0.107041	0.010691	-0.057825	0.998270	-0.560764	0.826222	0.053864	-0.827907	-0.560369	-0.023593
12143	9.570695	1.036078	-0.931555	-0.486790	-0.401534	-0.038956	0.007602	-0.060418	0.998144	-0.556720	0.828916	0.054414	-0.830665	-0.556101	-0.027334
12144	10.005810	1.111884	-0.359420	-0.682346	-0.271769	0.016254	0.005270	-0.061864	0.998071	-0.550991	0.832728	0.054525	-0.834494	-0.550216	-0.029698
12145	10.078704	1.309197	-0.239164	-0.894623	-0.161372	0.070181	0.003559	-0.062189	0.998058	-0.543504	0.837659	0.054132	-0.839399	-0.542641	-0.030819
12146	10.111148	1.421017	-0.446720	-1.121354	-0.087535	0.113609	0.002230	-0.061785	0.998087	-0.534009	0.843789	0.053426	-0.845476	-0.533106	-0.031112
12147	10.065349	1.032184	-0.421796	-1.282549	-0.033777	0.124979	0.001306	-0.060934	0.998141	-0.523121	0.850633	0.052613	-0.852258	-0.522217	-0.030765
12148	9.922562	0.164766	-0.457809	-1.288688	0.003142	0.103932	0.000815	-0.060113	0.998191	-0.512041	0.857383	0.052052	-0.858961	-0.511157	-0.030082
12149	9.921491	-0.403432	-0.541953	-1.075676	0.013500	0.061202	0.000643	-0.059549	0.998225	-0.502769	0.862867	0.051798	-0.864420	-0.501910	-0.029385
12150	9.937606	-0.335395	-0.571085	-0.782530	0.000026	0.009611	0.000614	-0.059547	0.998225	-0.495937	0.866800	0.052012	-0.868359	-0.495088	-0.028999
12151	10.014728	0.113597	-0.486844	-0.554606	-0.009215	-0.038310	0.000744	-0.059956	0.998201	-0.491110	0.869509	0.052592	-0.871097	-0.490265	-0.028798
12152	10.208921	0.444961	-0.214532	-0.451611	-0.025402	-0.058716	0.000827	-0.060670	0.998158	-0.487119	0.871702	0.053387	-0.873335	-0.486266	-0.028832
12153	10.417440	0.459509	0.013038	-0.414878	-0.034225	-0.044563	0.000765	-0.061256	0.998122	-0.483488	0.873684	0.053990	-0.875351	-0.482621	-0.028948
12154	10.591262	0.188660	0.200061	-0.385337	-0.038455	-0.024310	0.000563	-0.061730	0.998093	-0.480062	0.875545	0.054422	-0.877235	-0.479177	-0.029141
12155	10.627692	-0.107024	0.211082	-0.342087	-0.041092	-0.003453	0.000240	-0.061988	0.998077	-0.477055	0.877176	0.054594	-0.878874	-0.476150	-0.029362
12156	10.452449	-0.375695	0.133580	-0.295026	-0.045873	0.001595	-0.000153	-0.062266	0.998060	-0.474414	0.878598	0.054740	-0.880302	-0.473485	-0.029674
12157	10.146485	-0.676106	-0.099763	-0.236115	-0.062396	-0.012542	-0.000623	-0.062702	0.998032	-0.472331	0.879705	0.054973	-0.881421	-0.471367	-0.030164
12158	9.982330	-0.877950	-0.146610	-0.144830	-0.084937	-0.039911	-0.001166	-0.063521	0.997980	-0.471014	0.880379	0.055485	-0.882125	-0.469998	-0.030946
12159	10.000923	-0.839096	-0.323547	-0.047224	-0.106899	-0.058591	-0.001813	-0.064570	0.997912	-0.470595	0.880563	0.056122	-0.882347	-0.469511	-0.031983
12160	10.027692	-0.773371	-0.549150	0.038816	-0.121090	-0.073525	-0.002518	-0.065847	0.997827	-0.470906	0.880346	0.056906	-0.882180	-0.469739	-0.033225
12161	10.037286	-0.648844	-0.671320	0.127523	-0.110477	-0.079128	-0.003099	-0.067095	0.997742	-0.472029	0.879693	0.057690	-0.881577	-0.470785	-0.034397
12162	9.958251	-0.505484	-0.747765	0.209413	-0.101129	-0.089239	-0.003553	-0.068412	0.997651	-0.473849	0.878657	0.058565	-0.880599	-0.472528	-0.035539
12163	9.890027	-0.407526	-0.794866	0.295543	-0.080586	-0.105261	-0.003741	-0.069750	0.997558	-0.476450	0.877183	0.059546	-0.879194	-0.475064	-0.036514
12164	9.843888	-0.291400	-0.776561	0.396532	-0.049408	-0.117338	-0.003601	-0.071065	0.997465	-0.479912	0.875220	0.060623	-0.877309	-0.478477	-0.037257
12165	9.855642	-0.182192	-0.812309	0.500972	-0.027653	-0.132281	-0.003185	-0.072386	0.997372	-0.484302	0.872716	0.061792	-0.874895	-0.482833	-0.037836
12166	9.782284	0.076099	-0.784655	0.597123	0.004652	-0.131839	-0.002490	-0.073561	0.997288	-0.489499	0.869730	0.062930	-0.872000	-0.488015	-0.038174
12167	9.707949	0.442598	-0.752371	0.668161	0.025041	-0.125447	-0.001633	-0.074558	0.997215	-0.495314	0.866356	0.063963	-0.868712	-0.493830	-0.038345
12168	9.698275	0.788379	-0.758629	0.701505	0.052948	-0.121059	-0.000560	-0.075390	0.997154	-0.501376	0.862788	0.064949	-0.865229	-0.499912	-0.038282
12169	9.717750	1.087359	-0.686757	0.701562	0.071664	-0.117187	0.000671	-0.076069	0.997102	-0.507430	0.859170	0.065888	-0.861693	-0.506004	-0.038023
12170	9.707082	1.288977	-0.632002	0.674773	0.088887	-0.114344	0.002030	-0.076647	0.997056	-0.513208	0.855659	0.066822	-0.858262	-0.511833	-0.037599
12171	9.720104	1.382107	-0.588140	0.627442	0.105319	-0.103776	0.003489	-0.077022	0.997023	-0.518577	0.852350	0.067661	-0.855024	-0.517269	-0.036968
12172	9.653054	1.375114	-0.480913	0.592248	0.124194	-0.094194	0.005051	-0.077231	0.997000	-0.523601	0.849211	0.068435	-0.851949	-0.522376	-0.036148
12173	9.626580	1.422994	-0.328069	0.558589	0.134885	-0.079900	0.006641	-0.077230	0.996991	-0.528343	0.846217	0.069070	-0.849005	-0.527212	-0.035184
12174	9.582868	1.569337	-0.145731	0.510166	0.135497	-0.067217	0.008158	-0.077136	0.996987	-0.532634	0.843478	0.069618	-0.846307	-0.531597	-0.034204
12175	9.531562	1.814338	-0.055111	0.449103	0.129483	-0.056026	0.009575	-0.076948	0.996989	-0.536420	0.841038	0.070063	-0.843897	-0.535476	-0.033224
12176	9.574497	2.049365	0.082271	0.351261	0.124951	-0.038314	0.010848	-0.076657	0.996998	-0.539345	0.839138	0.070388	-0.842015	-0.538490	-0.032242
12177	9.548123	2.129378	0.164750	0.222940	0.108385	-0.023489	0.011910	-0.076299	0.997014	-0.541215	0.837916	0.070589	-0.840800	-0.540439	-0.031315
12178	9.608301	2.110629	0.196608	0.087009	0.093843	-0.012545	0.012783	-0.075960	0.997029	-0.541908	0.837454	0.070750	-0.840340	-0.541203	-0.030458
12179	9.622778	1.936332	0.167667	-0.043988	0.083150	0.000296	0.013503	-0.075538	0.997052	-0.541535	0.837692	0.070798	-0.840570	-0.540894	-0.029595
12180	9.674116	1.554226	0.165244	-0.157120	0.076394	0.006368	0.014131	-0.075138	0.997073	-0.540175	0.838565	0.070849	-0.841434	-0.539595	-0.028738
12181	9.722613	0.995676	0.073643	-0.233557	0.072942	0.017181	0.014675	-0.074631	0.997103	-0.538207	0.839835	0.070781	-0.842685	-0.537686	-0.027842
12182	9.774146	0.470121	0.139941	-0.228319	0.068544	0.029356	0.015116	-0.074084	0.997137	-0.536245	0.841103	0.070620	-0.843927	-0.535778	-0.027013
12183	9.756492	0.324511	0.166402	-0.165255	0.069468	0.036511	0.015530	-0.073435	0.997179	-0.534852	0.842013	0.070338	-0.844803	-0.534435	-0.026201
12184	9.766623	0.484464	0.284242	-0.118193	0.065447	0.045507	0.015861	-0.072768	0.997223	-0.533822	0.842696	0.069982	-0.845448	-0.533449	-0.025479
12185	9.738286	0.621547	0.288322	-0.126211	0.060177	0.039770	0.016181	-0.072142	0.997263	-0.532757	0.843397	0.069655	-0.846114	-0.532426	-0.024787
12186	9.748421	0.530575	0.245297	-0.157608	0.048973	0.028628	0.016466	-0.071703	0.997290	-0.531392	0.844273	0.069474	-0.846966	-0.531096	-0.024201
12187	9.736040	0.385771	0.209004	-0.173572	0.041981	0.020087	0.016737	-0.071341	0.997312	-0.529920	0.845207	0.069353	-0.847882	-0.529656	-0.023658
12188	9.799499	0.286210	0.168545	-0.160954	0.028779	0.017191	0.016914	-0.071103	0.997326	-0.528524	0.846086	0.069284	-0.848750	-0.528283	-0.023269
12189	9.843087	0.208888	0.145342	-0.121052	0.027908	0.008718	0.017127	-0.070913	0.997335	-0.527494	0.846731	0.069263	-0.849386	-0.527275	-0.022904
12190	9.832672	0.197611	0.116973	-0.063342	0.023410	-0.002938	0.017366	-0.070872	0.997334	-0.526925	0.847076	0.069369	-0.849734	-0.526725	-0.022634
12191	9.797894	0.296313	0.096248	-0.002064	0.013466	-0.011803	0.017565	-0.070931	0.997327	-0.526901	0.847078	0.069525	-0.849745	-0.526714	-0.022495
12192	9.711079	0.591716	0.080841	0.050617	0.003707	-0.018111	0.017716	-0.071119	0.997310	-0.527301	0.846811	0.069754	-0.849494	-0.527118	-0.022499
12193	9.748374	0.867128	0.125150	0.049056	-0.018878	-0.027074	0.017721	-0.071479	0.997285	-0.527708	0.846532	0.070051	-0.849241	-0.527517	-0.022719
12194	9.838698	1.034791	0.091632	0.011407	-0.037552	-0.026223	0.017566	-0.071952	0.997253	-0.527774	0.846465	0.070369	-0.849203	-0.527560	-0.023106
12195	9.936512	1.039068	-0.003107	-0.035645	-0.042872	-0.026945	0.017366	-0.072437	0.997222	-0.527462	0.846633	0.070684	-0.849401	-0.527224	-0.023505
12196	9.919374	0.987019	-0.059091	-0.072823	-0.048640	-0.022553	0.017098	-0.072938	0.997190	-0.526813	0.847012	0.070986	-0.849809	-0.526546	-0.023943
12197	9.849510	0.890722	-0.120552	-0.089769	-0.052125	-0.026676	0.016818	-0.073469	0.997156	-0.526041	0.847464	0.071312	-0.850293	-0.525744	-0.024395
12198	9.790063	0.805292	-0.150946	-0.099503	-0.049344	-0.021689	0.016539	-0.073966	0.997124	-0.525164	0.847983	0.071613	-0.850840	-0.524838	-0.024820
12199	9.742592	0.763818	-0.219785	-0.099475	-0.049298	-0.021729	0.016255	-0.074440	0.997093	-0.524309	0.848488	0.071893	-0.851373	-0.523954	-0.025237
12200	9.729697	0.776211	-0.184819	-0.108548	-0.049721	-0.014882	0.015937	-0.074880	0.997065	-0.523356	0.849056	0.072130	-0.851965	-0.522969	-0.025658
12201	9.695943	0.766552	-0.211961	-0.118146	-0.049501	-0.010911	0.015594	-0.075262	0.997042	-0.522343	0.849664	0.072307	-0.852593	-0.521925	-0.026063
12202	9.673797	0.810004	-0.127078	-0.132980	-0.048068	-0.006839	0.015247	-0.075625	0.997020	-0.521181	0.850364	0.072471	-0.853310	-0.520733	-0.026449
12203	9.694668	0.832176	-0.068209	-0.153782	-0.045734	-0.007482	0.014918	-0.075957	0.996999	-0.519863	0.851157	0.072625	-0.854120	-0.519386	-0.026790
12204	9.670770	0.886863	-0.062385	-0.183647	-0.043836	-0.001270	0.014577	-0.076249	0.996982	-0.518266	0.852120	0.072748	-0.855096	-0.517762	-0.027096
12205	9.649597	0.874662	0.023247	-0.210379	-0.040518	-0.006677	0.014287	-0.076546	0.996964	-0.516460	0.853202	0.072909	-0.856192	-0.515934	-0.027344
12206	9.659338	0.940196	0.053456	-0.235351	-0.041647	-0.004546	0.013982	-0.076853	0.996944	-0.514417	0.854420	0.073081	-0.857426	-0.513867	-0.027589
12207	9.664625	0.949419	0.142663	-0.260733	-0.038544	-0.002361	0.013685	-0.077102	0.996929	-0.512175	0.855755	0.073214	-0.858772	-0.511604	-0.027779
12208	9.648126	0.992014	0.170911	-0.289245	-0.045029	-0.002834	0.013341	-0.077410	0.996910	-0.509663	0.857239	0.073385	-0.860271	-0.509067	-0.028016
12209	9.577024	1.010336	0.263867	-0.314000	-0.047160	-0.009103	0.013003	-0.077759	0.996887	-0.506954	0.858825	0.073602	-0.861875	-0.506333	-0.028253
12210	9.525766	1.007464	0.337684	-0.336026	-0.057236	-0.012329	0.012600	-0.078207	0.996857	-0.504024	0.860524	0.073882	-0.863598	-0.503371	-0.028576
12211	9.529130	1.028926	0.346522	-0.361562	-0.063126	-0.011140	0.012132	-0.078651	0.996828	-0.500893	0.862329	0.074135	-0.865424	-0.500203	-0.028934
12212	9.539869	1.038714	0.375008	-0.391768	-0.077877	-0.014137	0.011560	-0.079214	0.996791	-0.497474	0.864278	0.074453	-0.867402	-0.496738	-0.029416
12213	9.569478	0.991827	0.451756	-0.425325	-0.090949	-0.013810	0.010860	-0.079815	0.996751	-0.493775	0.866371	0.074755	-0.869522	-0.492982	-0.030002
12214	9.620731	0.905074	0.436280	-0.452765	-0.116932	-0.017062	0.009959	-0.080590	0.996698	-0.489799	0.868592	0.075126	-0.871778	-0.488930	-0.030822
12215	9.667110	0.815963	0.477689	-0.470091	-0.131337	-0.028796	0.008974	-0.081512	0.996632	-0.485688	0.870857	0.075598	-0.874086	-0.484731	-0.031774
12216	9.700414	0.641978	0.470412	-0.479755	-0.154791	-0.031444	0.007804	-0.082584	0.996554	-0.481473	0.873149	0.076128	-0.876426	-0.480408	-0.032948
12217	9.785421	0.419431	0.380216	-0.479291	-0.174194	-0.039400	0.006485	-0.083794	0.996462	-0.477259	0.875407	0.076720	-0.878739	-0.476068	-0.034314
12218	9.811413	0.259445	0.345441	-0.443870	-0.190129	-0.047455	0.005076	-0.085159	0.996354	-0.473332	0.877476	0.077410	-0.880870	-0.471999	-0.035855
12219	9.801899	0.199606	0.291310	-0.389371	-0.215604	-0.053156	0.003446	-0.086672	0.996231	-0.469892	0.879260	0.078121	-0.882717	-0.468390	-0.037697
12220	9.799045	0.183560	0.257888	-0.331986	-0.239584	-0.070339	0.001700	-0.088453	0.996079	-0.466962	0.880741	0.079008	-0.884276	-0.465266	-0.039807
12221	9.825826	0.212293	0.237609	-0.277990	-0.258743	-0.080951	-0.000192	-0.090399	0.995906	-0.464497	0.881957	0.079966	-0.885574	-0.462580	-0.042160
12222	9.791883	0.248764	0.121361	-0.213910	-0.281460	-0.093778	-0.002210	-0.092566	0.995704	-0.462597	0.882856	0.081048	-0.886566	-0.460430	-0.044772
12223	9.775339	0.337323	0.058641	-0.159453	-0.301459	-0.101598	-0.004394	-0.094881	0.995479	-0.461182	0.883493	0.082171	-0.887295	-0.458736	-0.047640
12224	9.749167	0.509555	0.051089	-0.115974	-0.312204	-0.107863	-0.006634	-0.097303	0.995233	-0.460134	0.883928	0.083354	-0.887825	-0.457388	-0.050636
12225	9.753433	0.671110	0.053396	-0.079313	-0.329240	-0.114534	-0.009011	-0.099852	0.994962	-0.459435	0.884176	0.084573	-0.888166	-0.456358	-0.053843
12226	9.724063	0.753214	-0.044632	-0.057824	-0.343957	-0.120017	-0.011473	-0.102517	0.994665	-0.458932	0.884314	0.085849	-0.888397	-0.455499	-0.057194
12227	9.712451	0.886274	-0.088100	-0.043478	-0.349142	-0.123400	-0.013989	-0.105229	0.994350	-0.458558	0.884382	0.087140	-0.888554	-0.454748	-0.060626
12228	9.752089	1.048215	-0.196865	-0.048271	-0.349853	-0.124791	-0.016489	-0.107958	0.994019	-0.458114	0.884481	0.088462	-0.888741	-0.453915	-0.064041
12229	9.628703	1.110216	-0.331592	-0.051834	-0.349639	-0.125650	-0.019001	-0.110687	0.993674	-0.457672	0.884576	0.089783	-0.888918	-0.453070	-0.067466
12230	9.596142	1.193076	-0.429499	-0.078991	-0.346964	-0.122522	-0.021473	-0.113373	0.993320	-0.456993	0.884792	0.091107	-0.889211	-0.451985	-0.070810
12231	9.589110	1.297525	-0.523827	-0.115444	-0.351467	-0.106122	-0.024095	-0.115931	0.992965	-0.455988	0.885189	0.092283	-0.889660	-0.450556	-0.074191
12232	9.615446	1.281374	-0.616996	-0.160730	-0.346760	-0.097076	-0.026689	-0.118385	0.992609	-0.454608	0.885779	0.093420	-0.890292	-0.448754	-0.077460
12233	9.649681	1.182692	-0.766655	-0.194289	-0.337905	-0.089866	-0.029272	-0.120726	0.992254	-0.452899	0.886539	0.094503	-0.891081	-0.446625	-0.080627
12234	9.697642	1.107969	-0.813206	-0.204274	-0.331486	-0.086736	-0.031791	-0.123009	0.991896	-0.451088	0.887346	0.095586	-0.891913	-0.444394	-0.083697
12235	9.655596	1.027246	-0.822461	-0.212751	-0.329088	-0.085396	-0.034323	-0.125258	0.991530	-0.449215	0.888180	0.096652	-0.892764	-0.442093	-0.086753
12236	9.670820	1.017960	-0.873159	-0.222136	-0.321005	-0.084527	-0.036766	-0.127461	0.991162	-0.447252	0.889052	0.097740	-0.893652	-0.439705	-0.089694
12237	9.683802	0.933803	-0.940856	-0.220575	-0.313800	-0.086411	-0.039166	-0.129638	0.990787	-0.445310	0.889905	0.098835	-0.894520	-0.437336	-0.092584
12238	9.705649	0.836923	-0.989666	-0.206912	-0.309051	-0.079075	-0.041534	-0.131728	0.990415	-0.443499	0.890694	0.099866	-0.895312	-0.435100	-0.095416
12239	9.733942	0.841922	-1.067651	-0.174138	-0.294797	-0.083058	-0.043788	-0.133780	0.990043	-0.441972	0.891337	0.100895	-0.895959	-0.433153	-0.098157
12240	9.782227	0.896721	-1.089529	-0.145850	-0.288313	-0.083186	-0.045968	-0.135808	0.989668	-0.440717	0.891842	0.101913	-0.896469	-0.431478	-0.100849
12241	9.726587	0.990810	-1.097205	-0.131042	-0.280354	-0.086652	-0.048081	-0.137821	0.989289	-0.439580	0.892285	0.102943	-0.896916	-0.429922	-0.103485
12242	9.648529	1.076698	-1.034408	-0.123628	-0.272133	-0.088873	-0.050084	-0.139819	0.988910	-0.438546	0.892671	0.104002	-0.897312	-0.428474	-0.106026
12243	9.652296	1.128099	-1.034370	-0.127005	-0.265520	-0.089422	-0.052056	-0.141786	0.988528	-0.437450	0.893084	0.105061	-0.897735	-0.426962	-0.108515
12244	9.674835	1.153991	-0.996217	-0.133128	-0.255861	-0.088590	-0.053933	-0.143707	0.988150	-0.436301	0.893520	0.106132	-0.898183	-0.425407	-0.110890
12245	9.639694	1.174442	-1.027676	-0.133719	-0.249155	-0.080891	-0.055800	-0.145521	0.987780	-0.435142	0.893967	0.107119	-0.898631	-0.423848	-0.113205
12246	9.669847	1.247305	-1.022767	-0.135534	-0.243372	-0.073701	-0.057629	-0.147248	0.987419	-0.433963	0.894428	0.108053	-0.899086	-0.422276	-0.115446
12247	9.661473	1.282219	-0.991222	-0.141817	-0.242790	-0.067836	-0.059500	-0.148911	0.987059	-0.432725	0.894921	0.108927	-0.899560	-0.420644	-0.117685
12248	9.681171	1.285454	-0.963115	-0.150137	-0.234103	-0.072281	-0.061250	-0.150578	0.986699	-0.431396	0.895447	0.109873	-0.900081	-0.418928	-0.119805
12249	9.653917	1.216932	-0.992609	-0.166040	-0.237437	-0.067433	-0.063079	-0.152208	0.986334	-0.429941	0.896035	0.110777	-0.900651	-0.417078	-0.121961
12250	9.690224	1.126425	-1.005883	-0.180317	-0.235762	-0.063104	-0.064895	-0.153795	0.985969	-0.428378	0.896673	0.111671	-0.901267	-0.415120	-0.124072
12251	9.642995	1.001261	-1.032118	-0.162222	-0.237468	-0.063296	-0.066746	-0.155380	0.985597	-0.426955	0.897243	0.112537	-0.901806	-0.413294	-0.126227
12252	9.611940	1.040449	-1.049295	-0.125093	-0.243522	-0.066166	-0.068612	-0.157016	0.985210	-0.425876	0.897647	0.113402	-0.902176	-0.411796	-0.128459
12253	9.686047	1.034113	-1.025370	-0.096953	-0.248586	-0.069080	-0.070543	-0.158691	0.984805	-0.425047	0.897932	0.114246	-0.902418	-0.410529	-0.130794
12254	9.732850	1.094373	-1.103752	-0.077920	-0.250362	-0.064433	-0.072483	-0.160334	0.984398	-0.424391	0.898142	0.115036	-0.902573	-0.409432	-0.133144
12255	9.701523	1.214876	-1.162044	-0.055998	-0.242999	-0.062795	-0.074391	-0.161925	0.983995	-0.423931	0.898265	0.115768	-0.902634	-0.408534	-0.135468
12256	9.669837	1.335269	-1.220016	-0.065078	-0.248253	-0.063223	-0.076310	-0.163543	0.983580	-0.423413	0.898411	0.116532	-0.902717	-0.407569	-0.137804
12257	9.675766	1.236256	-1.356888	-0.084509	-0.236445	-0.063187	-0.078158	-0.165106	0.983174	-0.422698	0.898646	0.117308	-0.902894	-0.406417	-0.140027
12258	9.623875	1.172108	-1.435312	-0.080713	-0.215759	-0.065075	-0.079793	-0.166604	0.982790	-0.422008	0.898865	0.118114	-0.903074	-0.405320	-0.142031
12259	9.558184	1.146853	-1.476522	-0.064722	-0.206401	-0.065870	-0.081360	-0.168065	0.982413	-0.421475	0.899012	0.118892	-0.903183	-0.404389	-0.143979
12260	9.531953	1.234298	-1.523758	-0.057656	-0.192777	-0.069645	-0.082764	-0.169508	0.982048	-0.421009	0.899122	0.119713	-0.903273	-0.403543	-0.145779
12261	9.587518	1.281856	-1.578301	-0.068408	-0.177461	-0.060586	-0.084093	-0.170801	0.981710	-0.420441	0.899290	0.120446	-0.903415	-0.402623	-0.147436
12262	9.569074	1.299242	-1.511459	-0.079279	-0.170864	-0.059395	-0.085344	-0.172061	0.981382	-0.419776	0.899499	0.121200	-0.903606	-0.401617	-0.148994
12263	9.674141	1.336272	-1.466866	-0.103986	-0.154530	-0.068097	-0.086436	-0.173326	0.981064	-0.418894	0.899794	0.122062	-0.903912	-0.400411	-0.150380
12264	9.651528	1.287798	-1.476301	-0.124183	-0.145499	-0.061219	-0.087454	-0.174498	0.980766	-0.417820	0.900179	0.122903	-0.904311	-0.399035	-0.151633
12265	9.641698	1.172273	-1.474486	-0.141572	-0.141683	-0.063452	-0.088452	-0.175666	0.980468	-0.416594	0.900627	0.123779	-0.904779	-0.397509	-0.152844
12266	9.622635	1.116070	-1.423456	-0.145575	-0.133756	-0.064370	-0.089354	-0.176815	0.980180	-0.415326	0.901087	0.124686	-0.905274	-0.395953	-0.153952
12267	9.584444	1.003255	-1.368761	-0.141714	-0.133365	-0.064164	-0.090277	-0.177954	0.979889	-0.414099	0.901528	0.125572	-0.905744	-0.394435	-0.155078
12268	9.622205	1.041785	-1.348369	-0.121569	-0.139737	-0.070057	-0.091211	-0.179174	0.979580	-0.413055	0.901878	0.126501	-0.906127	-0.393082	-0.156270
12269	9.607239	1.134122	-1.257262	-0.097046	-0.135545	-0.069910	-0.092133	-0.180370	0.979274	-0.412239	0.902128	0.127376	-0.906405	-0.391959	-0.157471
12270	9.625730	1.115974	-1.234259	-0.093498	-0.144735	-0.073355	-0.093100	-0.181635	0.978949	-0.411456	0.902355	0.128293	-0.906662	-0.390850	-0.158744
12271	9.637263	1.102807	-1.170635	-0.076111	-0.148126	-0.077762	-0.094105	-0.182948	0.978608	-0.410838	0.902505	0.129214	-0.906839	-0.389890	-0.160093
12272	9.619105	1.046507	-1.122191	-0.047770	-0.154639	-0.086608	-0.095109	-0.184368	0.978245	-0.410484	0.902526	0.130189	-0.906894	-0.389171	-0.161519
12273	9.623203	1.050672	-1.178685	0.000449	-0.163074	-0.092368	-0.096190	-0.185870	0.977855	-0.410575	0.902348	0.131130	-0.906739	-0.388870	-0.163110
12274	9.610961	1.117979	-1.145899	0.051545	-0.174629	-0.093345	-0.097346	-0.187425	0.977443	-0.411132	0.901967	0.132007	-0.906363	-0.389008	-0.164859
12275	9.602776	1.234243	-1.148246	0.093705	-0.181843	-0.097278	-0.098575	-0.189044	0.977008	-0.412075	0.901414	0.132841	-0.905802	-0.389506	-0.166757
12276	9.602469	1.391297	-1.126793	0.118575	-0.194298	-0.098554	-0.099882	-0.190722	0.976549	-0.413248	0.900757	0.133653	-0.905124	-0.390207	-0.168785
12277	9.561402	1.517427	-1.138065	0.116678	-0.195271	-0.091386	-0.101252	-0.192341	0.976091	-0.414395	0.900121	0.134385	-0.904447	-0.390880	-0.170844
12278	9.494196	1.649021	-1.197407	0.087164	-0.203475	-0.095842	-0.102647	-0.194032	0.975610	-0.415281	0.899587	0.135219	-0.903883	-0.391273	-0.172918
12279	9.478588	1.538134	-1.163256	0.044150	-0.217902	-0.086462	-0.104239	-0.195696	0.975109	-0.415769	0.899240	0.136024	-0.903477	-0.391242	-0.175100
12280	9.493213	1.399498	-1.236471	0.036351	-0.222298	-0.086262	-0.105840	-0.197374	0.974598	-0.416189	0.898921	0.136850	-0.903097	-0.391133	-0.177286
12281	9.551174	1.309002	-1.166088	0.045016	-0.233461	-0.086045	-0.107570	-0.199093	0.974059	-0.416688	0.898568	0.137647	-0.902663	-0.391071	-0.179619
12282	9.556068	1.257921	-1.238737	0.053089	-0.246103	-0.089976	-0.109367	-0.200897	0.973488	-0.417266	0.898172	0.138476	-0.902180	-0.391059	-0.182058
12283	9.497957	1.273410	-1.258044	0.072743	-0.260217	-0.094431	-0.111300	-0.202795	0.972875	-0.418026	0.897691	0.139300	-0.901591	-0.391183	-0.184687
12284	9.504550	1.268507	-1.266957	0.083323	-0.274304	-0.094388	-0.113327	-0.204747	0.972232	-0.418887	0.897164	0.140111	-0.900939	-0.391377	-0.187439
12285	9.484282	1.268831	-1.324529	0.086276	-0.285629	-0.097934	-0.115470	-0.206777	0.971550	-0.419776	0.896618	0.140938	-0.900253	-0.391559	-0.190332
12286	9.486176	1.346646	-1.374717	0.084633	-0.290966	-0.099868	-0.117616	-0.208842	0.970851	-0.420659	0.896070	0.141794	-0.899562	-0.391720	-0.193243
12287	9.442287	1.372762	-1.468756	0.092377	-0.305096	-0.101745	-0.119912	-0.210982	0.970107	-0.421611	0.895488	0.142639	-0.898813	-0.391903	-0.196332
12288	9.427923	1.440029	-1.450240	0.086132	-0.314052	-0.099429	-0.122260	-0.213132	0.969344	-0.422511	0.894929	0.143481	-0.898074	-0.392016	-0.199465
12289	9.469331	1.448975	-1.546666	0.064533	-0.317638	-0.104084	-0.124653	-0.215342	0.968550	-0.423219	0.894447	0.144398	-0.897411	-0.391909	-0.202632
12290	9.493030	1.375627	-1.692521	0.056514	-0.317228	-0.101302	-0.127015	-0.217520	0.967756	-0.423860	0.893995	0.145311	-0.896778	-0.391737	-0.205748
12291	9.483137	1.389168	-1.924566	0.060870	-0.314892	-0.103688	-0.129379	-0.219713	0.966948	-0.424539	0.893524	0.146225	-0.896118	-0.391589	-0.208879
12292	9.436180	1.415194	-2.018883	0.066487	-0.305370	-0.105166	-0.131612	-0.221877	0.966152	-0.425279	0.893020	0.147149	-0.895442	-0.391517	-0.211892
12293	9.381476	1.474648	-2.116713	0.063210	-0.287785	-0.110178	-0.133700	-0.224020	0.965370	-0.425992	0.892520	0.148117	-0.894793	-0.391437	-0.214761
12294	9.390340	1.466145	-2.168565	0.045462	-0.278574	-0.113600	-0.135653	-0.226153	0.964600	-0.426559	0.892075	0.149162	-0.894229	-0.391224	-0.217480
12295	9.356079	1.403960	-2.159884	0.011802	-0.266751	-0.117171	-0.137518	-0.228274	0.963836	-0.426825	0.891756	0.150304	-0.893817	-0.390720	-0.220066
12296	9.350669	1.312107	-2.157312	0.017552	-0.258713	-0.124255	-0.139245	-0.230421	0.963077	-0.427161	0.891391	0.151509	-0.893389	-0.390292	-0.222549
12297	9.423261	1.240480	-2.020091	0.029446	-0.255852	-0.126197	-0.140971	-0.232577	0.962307	-0.427602	0.890977	0.152696	-0.892907	-0.389959	-0.225053
12298	9.481253	1.209797	-1.947196	0.046865	-0.258711	-0.131492	-0.142663	-0.234785	0.961521	-0.428215	0.890475	0.153902	-0.892345	-0.389782	-0.227577
12299	9.539579	1.179514	-1.875491	0.072053	-0.269490	-0.138236	-0.144455	-0.237099	0.960686	-0.429057	0.889861	0.155103	-0.891651	-0.389784	-0.230274
12300	9.552697	1.149200	-1.738480	0.099177	-0.282250	-0.149528	-0.146273	-0.239556	0.959800	-0.430168	0.889105	0.156354	-0.890819	-0.390005	-0.233102
12301	9.463261	1.127342	-1.628148	0.139128	-0.295379	-0.161259	-0.148189	-0.242175	0.958849	-0.431646	0.888167	0.157613	-0.889788	-0.390527	-0.236150
12302	9.402794	1.147044	-1.650284	0.176180	-0.314844	-0.175303	-0.150173	-0.244987	0.957825	-0.433487	0.887037	0.158917	-0.888559	-0.391340	-0.239407
12303	9.379084	1.178568	-1.658593	0.213297	-0.341338	-0.185613	-0.152377	-0.248002	0.956701	-0.435663	0.885736	0.160217	-0.887118	-0.392386	-0.243011
12304	9.361894	1.247609	-1.787867	0.265009	-0.356202	-0.194475	-0.154625	-0.251147	0.955519	-0.438326	0.884194	0.161469	-0.885416	-0.393861	-0.246802
12305	9.379794	1.300872	-1.957279	0.319417	-0.372295	-0.199612	-0.157019	-0.254413	0.954264	-0.441463	0.882420	0.162618	-0.883434	-0.395738	-0.250871
12306	9.360134	1.442501	-2.073259	0.380161	-0.386013	-0.203943	-0.159460	-0.257764	0.952959	-0.445158	0.880373	0.163641	-0.881140	-0.398123	-0.255130
12307	9.355320	1.639560	-2.198586	0.423117	-0.388798	-0.203489	-0.161951	-0.261139	0.951619	-0.449210	0.878146	0.164528	-0.878625	-0.400831	-0.259523
12308	9.288093	1.825666	-2.286536	0.440206	-0.393357	-0.195476	-0.164458	-0.264457	0.950272	-0.453409	0.875845	0.165275	-0.875999	-0.403681	-0.263946
12309	9.255690	1.995162	-2.414049	0.425183	-0.396282	-0.190369	-0.167036	-0.267759	0.948896	-0.457446	0.873608	0.165989	-0.873408	-0.406343	-0.268410
12310	9.259619	2.175830	-2.527515	0.385899	-0.395755	-0.175570	-0.169619	-0.270926	0.947538	-0.461125	0.871545	0.166651	-0.870973	-0.408666	-0.272761
12311	9.327803	2.275966	-2.781879	0.325533	-0.394456	-0.160651	-0.172286	-0.273972	0.946180	-0.464234	0.869766	0.167315	-0.868795	-0.410423	-0.277036
12312	9.331848	2.297297	-2.969427	0.266971	-0.384755	-0.140394	-0.174909	-0.276797	0.944876	-0.466809	0.868265	0.167942	-0.866889	-0.411702	-0.281079
12313	9.306460	2.196640	-3.179370	0.226542	-0.367728	-0.127731	-0.177475	-0.279453	0.943615	-0.468999	0.866968	0.168544	-0.865184	-0.412642	-0.284928
12314	9.345484	2.159957	-3.322106	0.203769	-0.342113	-0.109024	-0.179858	-0.281836	0.942454	-0.470967	0.865804	0.169035	-0.863621	-0.413463	-0.288457
12315	9.305026	2.225510	-3.468909	0.193259	-0.309942	-0.086915	-0.182101	-0.283902	0.941402	-0.472795	0.864750	0.169330	-0.862151	-0.414255	-0.291700
12316	9.309459	2.316610	-3.629073	0.155471	-0.275378	-0.066436	-0.184099	-0.285646	0.940486	-0.474266	0.863901	0.169549	-0.860918	-0.414827	-0.294516
12317	9.297602	2.281861	-3.750327	0.099421	-0.244343	-0.053150	-0.185928	-0.287151	0.939668	-0.475223	0.863327	0.169792	-0.859997	-0.414982	-0.296977
12318	9.306319	2.142550	-3.776300	0.039723	-0.202171	-0.042540	-0.187407	-0.288387	0.938995	-0.475649	0.863027	0.170124	-0.859440	-0.414750	-0.298908
12319	9.233339	1.895528	-3.767647	-0.005251	-0.166990	-0.031936	-0.188668	-0.289386	0.938435	-0.475667	0.862947	0.170477	-0.859154	-0.414219	-0.300463
12320	9.231784	1.660789	-3.697202	-0.024460	-0.133530	-0.028828	-0.189624	-0.290220	0.937985	-0.475514	0.862953	0.170874	-0.859028	-0.413623	-0.301641
12321	9.228639	1.591503	-3.509492	-0.010008	-0.107932	-0.029323	-0.190390	-0.290951	0.937603	-0.475487	0.862900	0.171217	-0.858873	-0.413220	-0.302631
12322	9.290296	1.627496	-3.335954	0.001687	-0.089659	-0.027439	-0.190977	-0.291591	0.937284	-0.475556	0.862801	0.171522	-0.858705	-0.412975	-0.303444
12323	9.260313	1.738462	-3.105599	0.001705	-0.075701	-0.028943	-0.191468	-0.292185	0.936999	-0.475630	0.862701	0.171826	-0.858555	-0.412765	-0.304152
12324	9.235652	1.719765	-2.894680	0.007696	-0.066467	-0.032033	-0.191835	-0.292769	0.936742	-0.475759	0.862564	0.172155	-0.858401	-0.412638	-0.304758
12325	9.236827	1.793786	-2.713058	0.015861	-0.070991	-0.030433	-0.192278	-0.293356	0.936467	-0.475957	0.862400	0.172429	-0.858192	-0.412563	-0.305446
12326	9.254540	1.841922	-2.598583	0.017596	-0.075457	-0.028358	-0.192739	-0.293945	0.936188	-0.476164	0.862232	0.172694	-0.857974	-0.412494	-0.306152
12327	9.234404	1.801287	-2.513585	0.012452	-0.084528	-0.026924	-0.193314	-0.294558	0.935877	-0.476326	0.862092	0.172945	-0.857755	-0.412350	-0.306960
12328	9.211695	1.774680	-2.346345	0.008556	-0.101311	-0.018775	-0.194041	-0.295170	0.935533	-0.476438	0.861990	0.173147	-0.857528	-0.412126	-0.307891
12329	9.186611	1.862948	-2.243842	0.023947	-0.123532	-0.016917	-0.194998	-0.295856	0.935118	-0.476680	0.861832	0.173269	-0.857177	-0.411965	-0.309084
12330	9.131281	1.987603	-2.093805	0.032625	-0.151175	-0.011347	-0.196184	-0.296609	0.934631	-0.476985	0.861651	0.173327	-0.856736	-0.411801	-0.310520
12331	9.140301	2.134697	-2.020234	0.024163	-0.182342	-0.000168	-0.197724	-0.297393	0.934057	-0.477196	0.861542	0.173291	-0.856265	-0.411464	-0.312262
12332	9.116938	2.130687	-2.024260	0.010093	-0.211870	0.015610	-0.199554	-0.298162	0.933423	-0.477254	0.861534	0.173167	-0.855807	-0.410924	-0.314222
12333	9.079341	2.061450	-2.062580	0.005800	-0.237026	0.023417	-0.201672	-0.298965	0.932710	-0.477261	0.861571	0.172968	-0.855307	-0.410263	-0.316439
12334	9.101266	1.985622	-2.229654	0.018205	-0.260383	0.035843	-0.204010	-0.299755	0.931948	-0.477348	0.861590	0.172631	-0.854704	-0.409645	-0.318860
12335	9.103420	1.974188	-2.410665	0.020446	-0.281613	0.042081	-0.206595	-0.300577	0.931113	-0.477440	0.861623	0.172210	-0.854031	-0.408973	-0.321514
12336	9.099615	1.940246	-2.604065	0.026989	-0.296314	0.055105	-0.209325	-0.301345	0.930255	-0.477560	0.861665	0.171666	-0.853299	-0.408319	-0.324278
12337	9.071484	2.024989	-2.805357	0.030621	-0.304972	0.058905	-0.212186	-0.302113	0.929357	-0.477702	0.861708	0.171056	-0.852513	-0.407660	-0.327162
12338	9.098092	1.995826	-2.915345	0.010987	-0.311613	0.065797	-0.215092	-0.302847	0.928450	-0.477659	0.861849	0.170465	-0.851808	-0.406817	-0.330035
12339	9.099310	1.873573	-2.995160	-0.000118	-0.312001	0.075785	-0.218089	-0.303494	0.927539	-0.477498	0.862069	0.169799	-0.851136	-0.405867	-0.332926
12340	9.167524	1.809510	-3.056651	0.008032	-0.313972	0.078288	-0.221070	-0.304124	0.926626	-0.477399	0.862261	0.169103	-0.850422	-0.404987	-0.335809
12341	9.182756	1.750387	-3.105418	0.016612	-0.315171	0.082835	-0.224123	-0.304717	0.925698	-0.477361	0.862436	0.168317	-0.849644	-0.404168	-0.338752
12342	9.164487	1.706593	-3.114171	0.013311	-0.318373	0.085541	-0.227171	-0.305297	0.924763	-0.477285	0.862630	0.167538	-0.848877	-0.403316	-0.341678
12343	9.131746	1.674374	-3.139124	0.025820	-0.316567	0.075255	-0.230195	-0.305955	0.923798	-0.477337	0.862746	0.166791	-0.848033	-0.402569	-0.344643
12344	9.136849	1.586682	-3.126317	0.037188	-0.320486	0.077820	-0.233218	-0.306605	0.922823	-0.477477	0.862821	0.166001	-0.847127	-0.401913	-0.347622
12345	9.103958	1.493054	-3.083733	0.046937	-0.322216	0.076964	-0.236292	-0.307267	0.921821	-0.477699	0.862858	0.165164	-0.846150	-0.401326	-0.350668
12346	9.105486	1.527704	-3.093162	0.058748	-0.326616	0.067732	-0.239312	-0.308025	0.920788	-0.478041	0.862817	0.164389	-0.845107	-0.400834	-0.353731
12347	9.098270	1.450837	-3.212224	0.069589	-0.332708	0.062387	-0.242399	-0.308851	0.919703	-0.478484	0.862720	0.163605	-0.843976	-0.400406	-0.356903
12348	9.150190	1.472669	-3.279194	0.075407	-0.336251	0.055812	-0.245436	-0.309747	0.918596	-0.478992	0.862576	0.162877	-0.842810	-0.400024	-0.360074
12349	9.098386	1.369412	-3.378425	0.085707	-0.329401	0.047103	-0.248414	-0.310690	0.917476	-0.479603	0.862370	0.162172	-0.841589	-0.399738	-0.363233
12350	9.068638	1.282997	-3.524037	0.119492	-0.332916	0.032829	-0.251305	-0.311768	0.916322	-0.480535	0.861979	0.161490	-0.840198	-0.399742	-0.366435
12351	9.018636	1.330323	-3.593199	0.171762	-0.329390	0.032286	-0.254204	-0.312839	0.915157	-0.481901	0.861382	0.160599	-0.838542	-0.400190	-0.369724
12352	8.999898	1.497101	-3.642976	0.224220	-0.324245	0.029295	-0.256995	-0.313916	0.914008	-0.483715	0.860560	0.159552	-0.836644	-0.401115	-0.373005
12353	9.018385	1.805264	-3.664087	0.241710	-0.317556	0.034086	-0.259792	-0.314930	0.912868	-0.485652	0.859686	0.158372	-0.834656	-0.402193	-0.376286
12354	9.040971	1.990716	-3.663567	0.215920	-0.316214	0.040284	-0.262558	-0.315888	0.911745	-0.487358	0.858928	0.157243	-0.832794	-0.403061	-0.379469
12355	9.047241	1.975934	-3.638759	0.189982	-0.312670	0.047985	-0.265371	-0.316769	0.910624	-0.488818	0.858303	0.156118	-0.831044	-0.403700	-0.382611
12356	9.096660	1.920013	-3.607600	0.166016	-0.311964	0.055417	-0.268166	-0.317585	0.909520	-0.490058	0.857792	0.155032	-0.829415	-0.404144	-0.385666
12357	9.059228	1.803170	-3.573825	0.147167	-0.310069	0.071163	-0.271063	-0.318259	0.908425	-0.491093	0.857413	0.153852	-0.827861	-0.404417	-0.388708
12358	9.031541	1.853687	-3.429080	0.149974	-0.317881	0.079940	-0.274019	-0.318892	0.907316	-0.492124	0.857046	0.152597	-0.826273	-0.404697	-0.391781
12359	9.041813	1.773377	-3.261620	0.121709	-0.329702	0.088312	-0.277153	-0.319501	0.906149	-0.492892	0.856825	0.151354	-0.824769	-0.404685	-0.394951
12360	9.074719	1.573343	-3.087283	0.113691	-0.347682	0.100065	-0.280444	-0.320082	0.904930	-0.493560	0.856669	0.150055	-0.823256	-0.404555	-0.398227
12361	9.035298	1.442126	-3.023946	0.130031	-0.366712	0.099986	-0.283931	-0.320741	0.903609	-0.494354	0.856453	0.148667	-0.821582	-0.404491	-0.401733
12362	9.022024	1.478307	-2.983555	0.140222	-0.397611	0.099565	-0.287617	-0.321528	0.902162	-0.495232	0.856190	0.147259	-0.819770	-0.404425	-0.405485
12363	8.944356	1.420468	-3.066160	0.129335	-0.427632	0.100623	-0.291595	-0.322426	0.900563	-0.496006	0.855980	0.145862	-0.817894	-0.404153	-0.409525
12364	9.114906	1.215502	-3.040794	0.137054	-0.459442	0.110878	-0.295826	-0.323364	0.898845	-0.496814	0.855767	0.144356	-0.815881	-0.403855	-0.413810
12365	9.315829	1.139862	-3.150172	0.166050	-0.490406	0.116984	-0.300381	-0.324375	0.896968	-0.497826	0.855465	0.142651	-0.813597	-0.403684	-0.418448
