// General information: 
//  MT Manager version: 2022.2.0 
//  XDA version: 2022.2.0 build 7381 rev 124627 built on 2023-07-19
// Device information: 
//  DeviceId: 00B4CBA7
//  ProductCode: MTW2-3A7G6
//  Firmware Version: 4.6.0
//  Hardware Version: 2.0.0
// Device settings: 
//  Filter Profile: human(46.1)
//  Option Flags: Orientation Smoother Disabled, Position/Velocity Smoother Disabled, Continuous Zero Rotation Update Disabled, AHS Disabled, ICC Disabled
// Coordinate system: ENU
PacketCounter	Acc_X	Acc_Y	Acc_Z	Gyr_X	Gyr_Y	Gyr_Z	Mat[1][1]	Mat[2][1]	Mat[3][1]	Mat[1][2]	Mat[2][2]	Mat[3][2]	Mat[1][3]	Mat[2][3]	Mat[3][3]
49640	9.463203	1.492742	-0.059311	-0.156758	0.031551	-0.001190	0.063969	0.156375	0.985624	0.086600	-0.984791	0.150622	0.994187	0.075720	-0.076538
49641	9.591736	1.440081	-0.072987	-0.156177	0.003922	-0.006857	0.063904	0.156476	0.985612	0.085042	-0.984892	0.150847	0.994326	0.074179	-0.076246
49642	9.691454	1.321150	-0.063853	-0.140335	-0.022133	-0.013384	0.064060	0.156710	0.985565	0.083623	-0.984963	0.151179	0.994436	0.072731	-0.076201
49643	9.688536	1.214973	-0.164686	-0.106016	-0.048716	-0.020706	0.064507	0.156986	0.985492	0.082572	-0.985002	0.151503	0.994495	0.071601	-0.076503
49644	9.618138	1.146116	-0.294537	-0.063521	-0.069435	-0.023538	0.065159	0.157360	0.985389	0.081762	-0.985009	0.151893	0.994520	0.070671	-0.077048
49645	9.621289	1.216697	-0.375884	-0.021197	-0.091841	-0.026323	0.066031	0.157720	0.985274	0.081559	-0.984978	0.152207	0.994479	0.070308	-0.077902
49646	9.571438	1.395725	-0.491076	-0.002425	-0.102733	-0.030808	0.067027	0.158210	0.985128	0.080970	-0.984954	0.152673	0.994460	0.069532	-0.078829
49647	9.599081	1.563750	-0.549307	-0.005991	-0.110958	-0.029067	0.068088	0.158610	0.984991	0.080920	-0.984907	0.153003	0.994392	0.069288	-0.079895
49648	9.637357	1.619444	-0.727322	-0.027540	-0.127338	-0.026848	0.069236	0.159087	0.984834	0.080385	-0.984882	0.153444	0.994356	0.068542	-0.080978
49649	9.606659	1.675571	-0.772174	-0.037736	-0.133018	-0.028579	0.070516	0.159497	0.984677	0.080020	-0.984857	0.153795	0.994296	0.067949	-0.082211
49650	9.579146	1.603867	-0.846251	-0.049458	-0.133339	-0.031193	0.071669	0.160016	0.984509	0.079464	-0.984826	0.154283	0.994258	0.067176	-0.083297
49651	9.603471	1.544598	-0.947032	-0.047767	-0.130140	-0.032015	0.072918	0.160455	0.984346	0.079003	-0.984801	0.154677	0.994204	0.066487	-0.084486
49652	9.600788	1.570168	-0.994860	-0.029782	-0.128935	-0.030871	0.074054	0.160958	0.984179	0.078766	-0.984750	0.155124	0.994139	0.066032	-0.085603
49653	9.613528	1.644834	-1.012542	-0.032798	-0.125198	-0.027546	0.075257	0.161349	0.984024	0.078451	-0.984722	0.155463	0.994073	0.065498	-0.086765
49654	9.613633	1.701555	-0.973891	-0.046506	-0.118424	-0.025587	0.076353	0.161775	0.983869	0.077853	-0.984705	0.155870	0.994037	0.064696	-0.087780
49655	9.646528	1.674958	-0.953697	-0.073070	-0.117038	-0.020496	0.077481	0.162089	0.983730	0.077133	-0.984713	0.156176	0.994006	0.063777	-0.088799
49656	9.621357	1.732730	-0.961603	-0.090733	-0.108020	-0.023357	0.078536	0.162482	0.983581	0.075939	-0.984737	0.156609	0.994015	0.062392	-0.089676
49657	9.647310	1.727002	-1.009461	-0.118300	-0.103095	-0.017670	0.079528	0.162757	0.983456	0.074767	-0.984776	0.156929	0.994025	0.061050	-0.090486
49658	9.626880	1.634286	-1.009306	-0.139084	-0.099008	-0.012027	0.080473	0.163020	0.983335	0.073275	-0.984833	0.157272	0.994060	0.059398	-0.091198
49659	9.633796	1.532903	-1.048475	-0.141657	-0.097023	-0.014108	0.081407	0.163254	0.983220	0.071868	-0.984888	0.157580	0.994086	0.057834	-0.091910
49660	9.623045	1.487862	-1.051775	-0.128067	-0.091818	-0.012439	0.082332	0.163527	0.983097	0.070043	-0.984957	0.157970	0.994141	0.055853	-0.092548
49661	9.630674	1.462554	-1.076649	-0.119004	-0.089414	-0.018837	0.083188	0.163800	0.982980	0.068865	-0.984986	0.158306	0.994152	0.054524	-0.093220
49662	9.669639	1.535571	-1.040903	-0.120300	-0.089376	-0.014688	0.084039	0.164095	0.982858	0.067269	-0.985032	0.158706	0.994189	0.052778	-0.093820
49663	9.668464	1.538590	-1.047340	-0.128028	-0.083244	-0.020941	0.084833	0.164382	0.982742	0.066004	-0.985058	0.159072	0.994207	0.051370	-0.094416
49664	9.644202	1.498426	-1.030058	-0.137195	-0.085686	-0.021370	0.085589	0.164756	0.982614	0.064592	-0.985076	0.159542	0.994235	0.049814	-0.094953
49665	9.644466	1.479363	-1.000622	-0.135207	-0.085946	-0.024128	0.086408	0.165074	0.982489	0.063259	-0.985096	0.159948	0.994249	0.048330	-0.095563
49666	9.613003	1.444719	-0.929746	-0.127614	-0.085133	-0.026341	0.087217	0.165464	0.982352	0.061690	-0.985114	0.160452	0.994277	0.046607	-0.096127
49667	9.551525	1.463696	-0.890490	-0.110719	-0.087098	-0.030014	0.088045	0.165838	0.982215	0.060606	-0.985109	0.160894	0.994271	0.045362	-0.096785
49668	9.556564	1.468873	-0.863640	-0.100467	-0.093445	-0.035485	0.088930	0.166317	0.982054	0.059353	-0.985093	0.161457	0.994268	0.043929	-0.097475
49669	9.556850	1.450319	-0.835822	-0.084383	-0.097060	-0.037051	0.089853	0.166762	0.981894	0.058537	-0.985062	0.161944	0.994233	0.042926	-0.098273
49670	9.557801	1.507592	-0.793492	-0.076655	-0.101392	-0.041178	0.090784	0.167316	0.981715	0.057604	-0.985017	0.162552	0.994203	0.041794	-0.099062
49671	9.542880	1.516244	-0.782626	-0.055696	-0.110704	-0.045431	0.091839	0.167848	0.981526	0.057082	-0.984958	0.163094	0.994136	0.041049	-0.100039
49672	9.557075	1.570055	-0.761980	-0.050186	-0.116500	-0.050163	0.092914	0.168463	0.981319	0.056596	-0.984883	0.163717	0.994064	0.040327	-0.101043
49673	9.541949	1.579326	-0.752815	-0.047860	-0.127169	-0.053303	0.094128	0.169078	0.981098	0.056160	-0.984806	0.164329	0.993975	0.039631	-0.102193
49674	9.515510	1.564071	-0.776893	-0.043390	-0.136306	-0.059286	0.095480	0.169788	0.980844	0.055279	-0.984730	0.165079	0.993895	0.038458	-0.103408
49675	9.535920	1.619851	-0.725174	-0.051495	-0.149351	-0.058682	0.096912	0.170461	0.980587	0.054814	-0.984643	0.165749	0.993782	0.037687	-0.104768
49676	9.504144	1.499257	-0.852888	-0.047674	-0.160332	-0.055680	0.098365	0.171171	0.980319	0.054335	-0.984550	0.166458	0.993666	0.036892	-0.106146
49677	9.583713	1.464745	-0.865203	-0.027647	-0.164281	-0.062906	0.099944	0.171889	0.980033	0.054114	-0.984446	0.167145	0.993520	0.036328	-0.107691
49678	9.566125	1.567491	-0.968990	0.000255	-0.174497	-0.060556	0.101588	0.172625	0.979735	0.054276	-0.984325	0.167806	0.993345	0.036129	-0.109365
49679	9.583482	1.640435	-1.044695	0.009468	-0.177276	-0.065503	0.103294	0.173372	0.979425	0.054428	-0.984202	0.168478	0.993161	0.035905	-0.111098
49680	9.580985	1.722323	-1.046488	0.003858	-0.178475	-0.065980	0.104947	0.174192	0.979103	0.054376	-0.984072	0.169248	0.992990	0.035478	-0.112748
49681	9.539503	1.705593	-1.143104	-0.012552	-0.178511	-0.064123	0.106665	0.174925	0.978787	0.054310	-0.983958	0.169931	0.992811	0.035032	-0.114454
49682	9.549016	1.632549	-1.195463	-0.011151	-0.176953	-0.068311	0.108357	0.175737	0.978456	0.053884	-0.983842	0.170737	0.992651	0.034222	-0.116076
49683	9.557827	1.629554	-1.320084	-0.000336	-0.171275	-0.068796	0.110000	0.176511	0.978133	0.053946	-0.983714	0.171452	0.992467	0.033907	-0.117731
49684	9.593520	1.624609	-1.397541	0.004790	-0.175432	-0.068125	0.111657	0.177310	0.977801	0.053867	-0.983587	0.172208	0.992286	0.033443	-0.119375
49685	9.581431	1.659029	-1.395251	0.002246	-0.164727	-0.071790	0.113233	0.178110	0.977474	0.053961	-0.983452	0.172948	0.992102	0.033163	-0.120970
49686	9.579584	1.712691	-1.448040	0.001787	-0.163051	-0.069754	0.114790	0.178916	0.977145	0.053786	-0.983324	0.173729	0.991933	0.032614	-0.122499
49687	9.557438	1.768812	-1.513695	-0.006208	-0.155371	-0.063538	0.116277	0.179631	0.976838	0.053789	-0.983205	0.174399	0.991759	0.032264	-0.123986
49688	9.579869	1.767412	-1.568634	-0.014877	-0.145789	-0.062156	0.117627	0.180359	0.976542	0.053462	-0.983093	0.175129	0.991618	0.031608	-0.125281
49689	9.557698	1.823138	-1.632163	-0.018551	-0.135036	-0.058236	0.118915	0.181013	0.976265	0.053338	-0.982987	0.175763	0.991471	0.031171	-0.126546
49690	9.575905	1.797532	-1.683238	-0.022186	-0.122479	-0.057804	0.120128	0.181662	0.975996	0.052737	-0.982895	0.176455	0.991357	0.030274	-0.127654
49691	9.543934	1.758206	-1.703853	-0.015335	-0.107549	-0.057824	0.121144	0.182302	0.975751	0.052646	-0.982787	0.177081	0.991238	0.029917	-0.128656
49692	9.511403	1.823015	-1.655162	-0.007606	-0.090970	-0.056562	0.121987	0.182962	0.975523	0.052315	-0.982682	0.177762	0.991152	0.029350	-0.129446
49693	9.508930	1.828528	-1.663271	-0.006834	-0.082342	-0.056855	0.122753	0.183584	0.975310	0.052308	-0.982573	0.178367	0.991058	0.029122	-0.130217
49694	9.533482	1.785244	-1.586425	-0.004145	-0.068704	-0.054634	0.123385	0.184219	0.975110	0.052108	-0.982465	0.179016	0.990990	0.028723	-0.130821
49695	9.501577	1.698122	-1.565445	-0.001346	-0.062086	-0.050828	0.123953	0.184776	0.974932	0.052148	-0.982365	0.179555	0.990917	0.028585	-0.131403
49696	9.508243	1.599706	-1.605283	0.016410	-0.053459	-0.055206	0.124506	0.185367	0.974750	0.051813	-0.982268	0.180178	0.990865	0.028071	-0.131902
49697	9.548220	1.570571	-1.636327	0.051738	-0.039707	-0.060428	0.124848	0.186011	0.974583	0.052392	-0.982134	0.180741	0.990792	0.028495	-0.132362
49698	9.544822	1.632785	-1.536086	0.091303	-0.033447	-0.062841	0.125125	0.186695	0.974417	0.053112	-0.981988	0.181325	0.990718	0.029065	-0.132787
49699	9.531276	1.839083	-1.526531	0.109456	-0.023218	-0.060439	0.125302	0.187335	0.974271	0.054263	-0.981835	0.181810	0.990634	0.030086	-0.133192
49700	9.551830	2.009490	-1.576216	0.090666	-0.016142	-0.048272	0.125409	0.187875	0.974154	0.054949	-0.981714	0.182259	0.990582	0.030672	-0.133439
49701	9.542100	2.040618	-1.560289	0.056886	-0.010814	-0.047129	0.125470	0.188381	0.974048	0.055562	-0.981600	0.182684	0.990540	0.031199	-0.133628
49702	9.551585	1.958453	-1.685074	0.027937	-0.000831	-0.038101	0.125292	0.188860	0.973978	0.056063	-0.981493	0.183105	0.990535	0.031662	-0.133562
49703	9.561640	1.800394	-1.823417	0.018806	0.012382	-0.038189	0.125128	0.189270	0.973920	0.056288	-0.981408	0.183494	0.990543	0.031860	-0.133455
49704	9.549093	1.655796	-1.831529	0.045233	0.032292	-0.038515	0.124759	0.189697	0.973884	0.056631	-0.981314	0.183890	0.990570	0.032210	-0.133171
49705	9.542348	1.703683	-1.899606	0.080484	0.049463	-0.034972	0.124229	0.190064	0.973880	0.057462	-0.981214	0.184166	0.990588	0.033083	-0.132817
49706	9.532532	1.913724	-1.794632	0.093783	0.069008	-0.036834	0.123449	0.190487	0.973897	0.058166	-0.981105	0.184524	0.990645	0.033869	-0.132196
49707	9.540437	1.992519	-1.740454	0.070443	0.081894	-0.030902	0.122599	0.190802	0.973943	0.058893	-0.981015	0.184774	0.990707	0.034705	-0.131508
49708	9.557651	1.967828	-1.717788	0.026738	0.096952	-0.024296	0.121618	0.191057	0.974016	0.058988	-0.980956	0.185054	0.990823	0.034949	-0.130572
49709	9.564045	1.831191	-1.562573	-0.004843	0.103768	-0.022674	0.120555	0.191283	0.974103	0.058958	-0.980907	0.185323	0.990954	0.035089	-0.129531
49710	9.500104	1.805843	-1.412891	-0.020331	0.107132	-0.022907	0.119382	0.191546	0.974196	0.058704	-0.980859	0.185662	0.991111	0.035025	-0.128341
49711	9.525465	1.818337	-1.213520	-0.012549	0.107980	-0.018411	0.118280	0.191728	0.974295	0.058592	-0.980820	0.185899	0.991250	0.035098	-0.127245
49712	9.467841	1.869298	-1.015643	-0.022922	0.096783	-0.012847	0.117153	0.191919	0.974393	0.058591	-0.980776	0.186132	0.991384	0.035285	-0.126145
49713	9.462932	1.875941	-0.952391	-0.040465	0.084664	-0.013865	0.116284	0.192065	0.974469	0.058197	-0.980756	0.186360	0.991510	0.035040	-0.125224
49714	9.442736	1.757908	-0.935082	-0.052668	0.072008	-0.017803	0.115512	0.192301	0.974514	0.057468	-0.980732	0.186716	0.991642	0.034436	-0.124338
49715	9.468583	1.630080	-0.946648	-0.039083	0.054866	-0.018365	0.114936	0.192502	0.974542	0.057092	-0.980702	0.186986	0.991731	0.034147	-0.123709
49716	9.473463	1.580489	-0.958237	-0.002153	0.047524	-0.022798	0.114491	0.192742	0.974547	0.056654	-0.980668	0.187297	0.991807	0.033768	-0.123198
49717	9.498694	1.651242	-0.980762	0.040167	0.025735	-0.033771	0.114196	0.193104	0.974510	0.057081	-0.980582	0.187618	0.991817	0.034201	-0.123001
49718	9.491966	1.734792	-0.910387	0.069994	0.022610	-0.036036	0.113813	0.193535	0.974469	0.057942	-0.980466	0.187959	0.991811	0.035070	-0.122803
49719	9.502109	1.838763	-0.863485	0.087165	0.008618	-0.040239	0.113683	0.193967	0.974399	0.058842	-0.980350	0.188286	0.991773	0.035931	-0.122862
49720	9.534623	1.835719	-0.871841	0.098419	-0.003030	-0.042946	0.113590	0.194477	0.974308	0.059846	-0.980214	0.188678	0.991724	0.036877	-0.122981
49721	9.528897	1.890717	-0.858163	0.108772	-0.018096	-0.043438	0.113722	0.194949	0.974198	0.060964	-0.980081	0.189010	0.991640	0.037897	-0.123342
49722	9.544876	1.914288	-0.884907	0.120498	-0.031543	-0.048138	0.113891	0.195502	0.974068	0.062255	-0.979925	0.189398	0.991541	0.039070	-0.123776
49723	9.575332	2.027010	-1.008507	0.126529	-0.042712	-0.044494	0.114265	0.195995	0.973925	0.063551	-0.979780	0.189717	0.991416	0.040216	-0.124410
49724	9.613017	1.981845	-1.216052	0.128669	-0.044775	-0.036938	0.114515	0.196455	0.973803	0.065007	-0.979632	0.189987	0.991292	0.041547	-0.124953
49725	9.601206	2.004228	-1.292574	0.134785	-0.049004	-0.028061	0.114960	0.196791	0.973682	0.066365	-0.979513	0.190134	0.991151	0.042761	-0.125665
49726	9.572469	2.005668	-1.346712	0.139014	-0.040801	-0.025084	0.115272	0.197100	0.973583	0.067774	-0.979393	0.190252	0.991019	0.044053	-0.126255
49727	9.521017	2.114512	-1.347556	0.131032	-0.038269	-0.024217	0.115613	0.197394	0.973483	0.069091	-0.979279	0.190364	0.990889	0.045250	-0.126855
49728	9.512918	2.150149	-1.247566	0.100710	-0.035105	-0.016441	0.115914	0.197603	0.973405	0.069952	-0.979202	0.190449	0.990793	0.046016	-0.127326
49729	9.460420	2.166040	-1.171692	0.068336	-0.040418	-0.007566	0.116287	0.197735	0.973333	0.070628	-0.979147	0.190478	0.990701	0.046594	-0.127828
49730	9.493596	2.074738	-1.020407	0.037039	-0.047567	-0.002761	0.116669	0.197867	0.973261	0.071010	-0.979107	0.190544	0.990629	0.046881	-0.128282
49731	9.514322	1.996079	-1.026593	0.025622	-0.056838	0.006934	0.117214	0.197866	0.973196	0.071246	-0.979101	0.190486	0.990548	0.047008	-0.128862
49732	9.523601	1.891268	-1.065121	0.026097	-0.067372	0.006668	0.117810	0.197904	0.973116	0.071386	-0.979093	0.190477	0.990467	0.047027	-0.129475
49733	9.466796	1.845073	-1.128542	0.049454	-0.073377	0.002664	0.118516	0.197953	0.973020	0.071863	-0.979067	0.190430	0.990348	0.047355	-0.130261
49734	9.470017	1.867952	-1.139094	0.079984	-0.078424	0.005218	0.119336	0.197977	0.972915	0.072320	-0.979048	0.190354	0.990217	0.047645	-0.131153
49735	9.449919	1.960563	-1.237916	0.087030	-0.087951	0.013602	0.120194	0.197926	0.972820	0.073155	-0.979026	0.190150	0.990051	0.048312	-0.132152
49736	9.416374	2.010701	-1.278595	0.075676	-0.083274	0.011079	0.121019	0.197900	0.972723	0.073533	-0.979020	0.190032	0.989923	0.048530	-0.133032
49737	9.468097	1.962545	-1.421268	0.056193	-0.088186	0.014757	0.121880	0.197838	0.972628	0.074062	-0.979015	0.189856	0.989778	0.048895	-0.133975
49738	9.483509	1.934373	-1.414998	0.030082	-0.088880	0.015080	0.122672	0.197799	0.972536	0.074309	-0.979018	0.189744	0.989661	0.048992	-0.134797
49739	9.461691	1.820871	-1.589679	0.020016	-0.079068	0.017093	0.123445	0.197710	0.972457	0.074476	-0.979034	0.189593	0.989553	0.049020	-0.135581
49740	9.573814	1.720253	-1.652909	0.030644	-0.073253	0.013007	0.124133	0.197659	0.972379	0.074741	-0.979038	0.189471	0.989447	0.049157	-0.136304
49741	9.454430	1.755314	-1.741373	0.073989	-0.053517	0.008419	0.124646	0.197643	0.972317	0.075453	-0.979010	0.189331	0.989328	0.049764	-0.136943
49742	9.540507	1.906426	-1.811755	0.085479	-0.047799	0.009098	0.124998	0.197652	0.972270	0.076470	-0.978960	0.189181	0.989206	0.050702	-0.137482
49743	9.566453	1.865944	-1.909532	0.084867	-0.028527	0.004148	0.125261	0.197666	0.972234	0.077294	-0.978918	0.189066	0.989108	0.051466	-0.137898
49744	9.619503	1.977407	-1.931672	0.075215	-0.006486	0.007649	0.125216	0.197660	0.972240	0.078197	-0.978871	0.188937	0.989043	0.052369	-0.138026
49745	9.611025	1.835164	-1.851537	0.051389	0.006651	0.018961	0.125142	0.197511	0.972280	0.078672	-0.978874	0.188724	0.989015	0.052874	-0.138037
49746	9.567634	1.614782	-1.863531	0.056392	0.018327	0.016175	0.124820	0.197429	0.972338	0.079325	-0.978851	0.188568	0.989003	0.053594	-0.137842
49747	9.495451	1.615562	-1.704039	0.087096	0.028880	0.006265	0.124516	0.197392	0.972385	0.080169	-0.978809	0.188430	0.988974	0.054492	-0.137703
49748	9.567419	1.739129	-1.567172	0.110966	0.033222	0.010633	0.124122	0.197334	0.972447	0.081194	-0.978759	0.188251	0.988940	0.055591	-0.137507
49749	9.586909	1.840702	-1.487687	0.116559	0.043050	0.009276	0.123680	0.197259	0.972518	0.082325	-0.978704	0.188044	0.988901	0.056805	-0.137286
49750	9.521367	1.850922	-1.471145	0.103727	0.046180	0.007565	0.123162	0.197226	0.972591	0.083240	-0.978652	0.187914	0.988889	0.057815	-0.136950
49751	9.544334	1.740061	-1.519817	0.116863	0.048160	0.005606	0.122667	0.197183	0.972662	0.084379	-0.978587	0.187743	0.988854	0.059042	-0.136679
49752	9.488167	1.646083	-1.533752	0.139596	0.050785	0.001885	0.122063	0.197189	0.972737	0.085678	-0.978500	0.187606	0.988817	0.060443	-0.136334
49753	9.476201	1.647883	-1.510999	0.177657	0.055160	0.000260	0.121494	0.197193	0.972807	0.087425	-0.978385	0.187405	0.988735	0.062279	-0.136108
49754	9.546156	1.808630	-1.500363	0.204662	0.058976	-0.002285	0.120866	0.197224	0.972879	0.089264	-0.978253	0.187223	0.988647	0.064214	-0.135843
49755	9.503793	1.992550	-1.448831	0.202542	0.062657	0.005858	0.120228	0.197165	0.972970	0.091249	-0.978125	0.186934	0.988544	0.066308	-0.135589
49756	9.557662	2.057211	-1.428306	0.178078	0.058324	0.003556	0.119589	0.197140	0.973054	0.093017	-0.978002	0.186710	0.988456	0.068182	-0.135296
49757	9.583181	1.954608	-1.388332	0.151319	0.063126	0.011137	0.118952	0.197027	0.973155	0.094489	-0.977912	0.186441	0.988394	0.069775	-0.134941
49758	9.598470	1.794491	-1.429393	0.152070	0.064689	0.008979	0.118168	0.196970	0.973262	0.096081	-0.977798	0.186222	0.988334	0.071506	-0.134469
49759	9.476168	1.833615	-1.455376	0.164876	0.059702	0.014305	0.117567	0.196826	0.973364	0.097683	-0.977700	0.185905	0.988249	0.073225	-0.134172
49760	9.500420	1.882636	-1.391360	0.176032	0.058418	0.022239	0.116925	0.196620	0.973483	0.099277	-0.977611	0.185529	0.988166	0.074951	-0.133827
49761	9.516594	2.004912	-1.349708	0.173221	0.056927	0.023807	0.116362	0.196383	0.973598	0.100950	-0.977519	0.185109	0.988063	0.076745	-0.133571
49762	9.504353	2.081253	-1.315781	0.148101	0.058107	0.028726	0.115679	0.196121	0.973732	0.102531	-0.977435	0.184686	0.987981	0.078474	-0.133177
49763	9.406101	2.095939	-1.292991	0.123993	0.054011	0.036648	0.115158	0.195760	0.973867	0.103704	-0.977401	0.184208	0.987919	0.079780	-0.132857
49764	9.439162	1.994493	-1.218200	0.088532	0.046044	0.043794	0.114535	0.195379	0.974017	0.104931	-0.977364	0.183712	0.987862	0.081164	-0.132444
49765	9.469401	1.837583	-1.191114	0.078634	0.041982	0.045738	0.114144	0.194937	0.974151	0.105645	-0.977382	0.183205	0.987831	0.082003	-0.132156
49766	9.471207	1.755966	-1.200258	0.085296	0.032410	0.044029	0.113810	0.194522	0.974273	0.106356	-0.977395	0.182721	0.987793	0.082824	-0.131926
49767	9.502365	1.764996	-1.242187	0.098874	0.030753	0.043689	0.113528	0.194109	0.974389	0.107272	-0.977391	0.182208	0.987727	0.083839	-0.131783
49768	9.515972	1.831092	-1.250330	0.101363	0.026966	0.045900	0.113245	0.193693	0.974504	0.108201	-0.977385	0.181692	0.987658	0.084867	-0.131642
49769	9.476110	1.905639	-1.265682	0.083074	0.022149	0.045415	0.113050	0.193270	0.974611	0.108960	-0.977395	0.181183	0.987597	0.085711	-0.131553
49770	9.594438	1.822855	-1.319163	0.054565	0.016905	0.048715	0.112897	0.192823	0.974717	0.109214	-0.977453	0.180715	0.987586	0.086051	-0.131411
49771	9.526422	1.775157	-1.352372	0.047765	0.024724	0.050519	0.112683	0.192348	0.974836	0.109618	-0.977502	0.180203	0.987566	0.086554	-0.131233
49772	9.433561	1.781983	-1.385062	0.032415	0.014360	0.050274	0.112422	0.191931	0.974948	0.110205	-0.977523	0.179730	0.987530	0.087239	-0.131047
49773	9.647134	1.655427	-1.454732	0.020672	0.015683	0.044388	0.112291	0.191523	0.975043	0.110349	-0.977584	0.179314	0.987529	0.087460	-0.130908
49774	9.615249	1.581284	-1.456995	0.027519	0.032216	0.040407	0.112009	0.191150	0.975149	0.110295	-0.977652	0.178972	0.987567	0.087507	-0.130589
49775	9.455583	1.679821	-1.464436	0.019217	0.027802	0.029268	0.111741	0.190879	0.975233	0.110441	-0.977685	0.178705	0.987581	0.087737	-0.130329
49776	9.524754	1.597943	-1.398781	0.003853	0.024472	0.030646	0.111481	0.190613	0.975315	0.110280	-0.977743	0.178483	0.987629	0.087661	-0.130021
49777	9.619702	1.506503	-1.373323	0.023723	0.027106	0.021618	0.111212	0.190418	0.975384	0.110480	-0.977757	0.178284	0.987637	0.087933	-0.129776
49778	9.661900	1.621631	-1.373042	0.033526	0.031036	0.016262	0.110816	0.190298	0.975452	0.110724	-0.977751	0.178168	0.987654	0.088262	-0.129421
49779	9.557030	1.724775	-1.286389	0.034331	0.034321	0.010540	0.110463	0.190204	0.975510	0.111040	-0.977734	0.178064	0.987658	0.088651	-0.129124
49780	9.389901	1.865834	-1.189836	0.016032	0.029587	0.010027	0.110072	0.190153	0.975564	0.111234	-0.977719	0.178022	0.987680	0.088920	-0.128771
49781	9.384211	1.950044	-1.124183	-0.009107	-0.000686	-0.003798	0.110049	0.190230	0.975552	0.111137	-0.977714	0.178115	0.987693	0.088818	-0.128738
49782	9.812515	1.575708	-1.110310	-0.043044	0.003510	-0.003013	0.109881	0.190332	0.975551	0.110848	-0.977718	0.178269	0.987744	0.088549	-0.128530
49783	9.408968	1.435745	-1.009018	-0.008525	0.015223	0.013055	0.109719	0.190230	0.975589	0.110738	-0.977744	0.178196	0.987775	0.088483	-0.128342
49784	9.390254	1.524143	-0.924324	0.024240	-0.008084	0.007997	0.109673	0.190233	0.975594	0.111035	-0.977716	0.178165	0.987747	0.088785	-0.128351
49785	9.444905	1.602779	-0.821378	0.042222	-0.024507	-0.006646	0.109882	0.190360	0.975546	0.111448	-0.977659	0.178219	0.987677	0.089139	-0.128642
49786	9.459892	1.807041	-0.776663	0.031899	-0.045990	-0.011170	0.110259	0.190559	0.975464	0.111711	-0.977605	0.178350	0.987605	0.089305	-0.129077
49787	9.470935	1.758592	-0.762766	0.009604	-0.071212	-0.014394	0.110920	0.190803	0.975342	0.111810	-0.977563	0.178521	0.987520	0.089252	-0.129765
49788	9.453262	1.588086	-0.768392	0.017998	-0.084492	-0.015198	0.111647	0.191084	0.975203	0.111865	-0.977518	0.178731	0.987432	0.089137	-0.130512
49789	9.445038	1.510160	-0.822286	0.049050	-0.109492	-0.026291	0.112672	0.191479	0.975008	0.112367	-0.977417	0.178966	0.987258	0.089395	-0.131644
49790	9.454135	1.494839	-0.764358	0.080482	-0.132706	-0.030646	0.113792	0.191963	0.974783	0.113235	-0.977268	0.179234	0.987031	0.089984	-0.132942
49791	9.482254	1.587878	-0.812185	0.105197	-0.151768	-0.041915	0.115215	0.192549	0.974500	0.114309	-0.977086	0.179545	0.986741	0.090708	-0.134586
49792	9.485577	1.582871	-0.883160	0.120848	-0.174865	-0.046439	0.116835	0.193199	0.974178	0.115392	-0.976894	0.179899	0.986425	0.091394	-0.136430
49793	9.504344	1.628981	-0.929411	0.133410	-0.194134	-0.051097	0.118664	0.193916	0.973815	0.116757	-0.976665	0.180257	0.986046	0.092310	-0.138536
49794	9.462255	1.724862	-1.057733	0.135361	-0.208658	-0.057057	0.120612	0.194706	0.973418	0.117910	-0.976445	0.180701	0.985672	0.092981	-0.140729
49795	9.480885	1.739257	-1.157619	0.132134	-0.220758	-0.060230	0.122689	0.195539	0.972991	0.119274	-0.976197	0.181144	0.985252	0.093828	-0.143092
49796	9.462629	1.825236	-1.328792	0.132465	-0.229910	-0.067154	0.124736	0.196466	0.972544	0.120740	-0.975920	0.181662	0.984816	0.094765	-0.145454
49797	9.463483	1.865298	-1.447277	0.117416	-0.238674	-0.063887	0.126982	0.197355	0.972073	0.121965	-0.975676	0.182155	0.984378	0.095429	-0.147964
49798	9.492870	1.874425	-1.569408	0.093212	-0.235703	-0.057605	0.129176	0.198186	0.971615	0.122803	-0.975479	0.182647	0.983988	0.095723	-0.150346
49799	9.501030	1.796649	-1.623541	0.090564	-0.235520	-0.056106	0.131396	0.198998	0.971151	0.123756	-0.975274	0.183099	0.983575	0.096127	-0.152775
49800	9.500250	1.868357	-1.691317	0.095876	-0.229379	-0.057415	0.133572	0.199797	0.970690	0.124553	-0.975085	0.183562	0.983181	0.096384	-0.155129
49801	9.462084	1.966677	-1.788206	0.087029	-0.223053	-0.052642	0.135671	0.200565	0.970241	0.125469	-0.974889	0.183981	0.982777	0.096774	-0.157429
49802	9.490131	1.952122	-1.727490	0.058424	-0.223016	-0.047239	0.137702	0.201280	0.969806	0.126071	-0.974732	0.184402	0.982418	0.096872	-0.159598
49803	9.469650	1.849222	-1.644359	0.034527	-0.221923	-0.046218	0.139796	0.201985	0.969360	0.126463	-0.974598	0.184838	0.982071	0.096749	-0.161789
49804	9.458037	1.750080	-1.527762	0.035596	-0.227391	-0.043103	0.141944	0.202657	0.968908	0.126643	-0.974493	0.185272	0.981740	0.096407	-0.163989
49805	9.381524	1.653145	-1.306037	0.048135	-0.238110	-0.049775	0.144191	0.203411	0.968418	0.127176	-0.974338	0.185719	0.981344	0.096380	-0.166360
49806	9.346274	1.674140	-1.091320	0.057812	-0.262379	-0.049150	0.146631	0.204164	0.967893	0.127567	-0.974201	0.186169	0.980931	0.096173	-0.168892
49807	9.336592	1.717598	-0.870156	0.053076	-0.295450	-0.047166	0.149440	0.204947	0.967298	0.128147	-0.974047	0.186579	0.980432	0.096074	-0.171825
49808	9.270252	1.745692	-0.653308	0.043285	-0.335273	-0.052653	0.152730	0.205763	0.966610	0.128007	-0.973965	0.187103	0.979943	0.095157	-0.175093
49809	9.233568	1.711228	-0.494246	0.034880	-0.384180	-0.056816	0.156393	0.206720	0.965820	0.128426	-0.973807	0.187634	0.979310	0.094692	-0.178845
49810	9.240669	1.676821	-0.458926	0.036145	-0.436457	-0.068086	0.160634	0.207777	0.964897	0.128462	-0.973677	0.188281	0.978618	0.093709	-0.183097
49811	9.269862	1.674762	-0.366545	0.048147	-0.495428	-0.074618	0.165357	0.209006	0.963833	0.129045	-0.973470	0.188956	0.977755	0.093133	-0.187941
49812	9.283865	1.656501	-0.399404	0.077397	-0.538983	-0.079176	0.170439	0.210323	0.962660	0.129901	-0.973224	0.189632	0.976768	0.092730	-0.193196
49813	9.359973	1.705138	-0.734379	0.102219	-0.594292	-0.073661	0.176117	0.211629	0.961351	0.131017	-0.972967	0.190184	0.975611	0.092458	-0.199083
49814	9.379941	1.751758	-1.132222	0.119922	-0.635216	-0.080478	0.182234	0.212976	0.959913	0.131956	-0.972726	0.190767	0.974361	0.091902	-0.205367
49815	9.326291	1.710749	-1.520298	0.131689	-0.650919	-0.093656	0.188420	0.214524	0.958372	0.133402	-0.972397	0.191435	0.972986	0.091779	-0.211837
49816	9.229762	1.686297	-1.990494	0.146279	-0.663246	-0.099743	0.194735	0.216085	0.956758	0.134736	-0.972078	0.192121	0.971558	0.091497	-0.218412
49817	9.256085	1.720899	-2.435674	0.172599	-0.666396	-0.106079	0.201033	0.217766	0.955073	0.136613	-0.971682	0.192797	0.970012	0.091716	-0.225090
49818	9.244035	1.702437	-2.772811	0.196694	-0.652851	-0.104711	0.207292	0.219315	0.953379	0.138231	-0.971335	0.193390	0.968464	0.091698	-0.231666
49819	9.223458	1.830692	-2.980056	0.226266	-0.632673	-0.101668	0.213245	0.220924	0.951693	0.140626	-0.970895	0.193872	0.966825	0.092491	-0.238106
49820	9.219227	1.933022	-3.170741	0.225225	-0.616179	-0.106908	0.219134	0.222449	0.949998	0.142424	-0.970527	0.194404	0.965244	0.092702	-0.244357
49821	9.217980	1.991433	-3.318885	0.214953	-0.594062	-0.096000	0.224697	0.223973	0.948339	0.144702	-0.970105	0.194828	0.963625	0.093449	-0.250389
49822	9.259889	1.960094	-3.504468	0.217494	-0.560987	-0.089949	0.230158	0.225207	0.946736	0.146105	-0.969824	0.195180	0.962123	0.093400	-0.256117
49823	9.294281	1.956984	-3.670272	0.214085	-0.521663	-0.086029	0.235019	0.226570	0.945215	0.148356	-0.969421	0.195485	0.960602	0.094286	-0.261445
49824	9.374405	1.964904	-3.869663	0.224812	-0.482293	-0.085581	0.239579	0.227781	0.943778	0.150245	-0.969077	0.195747	0.959181	0.094901	-0.266393
49825	9.355015	1.966914	-4.028812	0.235265	-0.431662	-0.082069	0.243564	0.229028	0.942456	0.152691	-0.968656	0.195934	0.957790	0.096182	-0.270900
49826	9.327346	1.895981	-4.169201	0.250246	-0.381165	-0.074266	0.247262	0.229956	0.941266	0.154487	-0.968360	0.195993	0.956554	0.096952	-0.274964
49827	9.248109	1.917513	-4.243421	0.280977	-0.325515	-0.071402	0.250234	0.231005	0.940223	0.157344	-0.967912	0.195932	0.955314	0.098910	-0.278552
49828	9.247327	2.094194	-4.235694	0.294508	-0.271088	-0.066800	0.252784	0.231859	0.939330	0.159961	-0.967516	0.195769	0.954208	0.100769	-0.281661
49829	9.231980	2.215605	-4.134710	0.286687	-0.227832	-0.053496	0.254842	0.232647	0.938579	0.162825	-0.967092	0.195505	0.953175	0.103001	-0.284337
49830	9.305856	2.337102	-4.100352	0.247584	-0.182820	-0.049593	0.256547	0.233291	0.937955	0.165068	-0.966752	0.195305	0.952332	0.104722	-0.286526
49831	9.362800	2.292353	-3.914812	0.211017	-0.148143	-0.033917	0.257873	0.233814	0.937461	0.167158	-0.966442	0.195061	0.951609	0.106403	-0.288303
49832	9.461819	2.237366	-3.870069	0.193429	-0.112843	-0.028638	0.258875	0.234253	0.937075	0.169066	-0.966159	0.194817	0.951000	0.107995	-0.289719
49833	9.491080	2.212848	-3.724531	0.184392	-0.084035	-0.022958	0.259606	0.234605	0.936785	0.170873	-0.965896	0.194542	0.950477	0.109567	-0.290840
49834	9.412040	2.113966	-3.633027	0.178290	-0.055443	-0.015523	0.260081	0.234863	0.936588	0.172623	-0.965651	0.194216	0.950031	0.111165	-0.291690
49835	9.260098	2.022158	-3.435707	0.161648	-0.033008	-0.011882	0.260345	0.235054	0.936467	0.174184	-0.965434	0.193900	0.949674	0.112636	-0.292288
49836	9.183487	1.822964	-3.227234	0.160348	-0.018057	-0.008441	0.260484	0.235200	0.936392	0.175731	-0.965222	0.193557	0.949351	0.114134	-0.292756
49837	8.993304	1.857499	-3.051761	0.166025	-0.010057	-0.012645	0.260528	0.235372	0.936336	0.177333	-0.964994	0.193235	0.949041	0.115701	-0.293147
49838	8.906804	1.908068	-2.751033	0.174367	-0.025120	-0.002258	0.260743	0.235468	0.936252	0.178997	-0.964775	0.192791	0.948669	0.117317	-0.293707
49839	8.909180	2.081000	-2.639984	0.167470	-0.030847	0.008099	0.261021	0.235464	0.936175	0.180558	-0.964589	0.192268	0.948297	0.118848	-0.294293
49840	8.995782	2.139726	-2.542299	0.144924	-0.049224	0.016657	0.261498	0.235410	0.936056	0.181899	-0.964443	0.191733	0.947909	0.120130	-0.295021
49841	9.071052	2.127264	-2.541324	0.114654	-0.068397	0.024768	0.262162	0.235292	0.935900	0.182915	-0.964356	0.191208	0.947530	0.121063	-0.295856
49842	9.213812	2.048296	-2.574502	0.091109	-0.083313	0.028248	0.262982	0.235169	0.935701	0.183715	-0.964300	0.190723	0.947148	0.121745	-0.296798
49843	9.234966	1.954732	-2.521001	0.078197	-0.107308	0.027426	0.264020	0.235073	0.935433	0.184377	-0.964261	0.190279	0.946730	0.122235	-0.297926
49844	9.204436	1.880592	-2.414553	0.072661	-0.121051	0.030233	0.265201	0.234978	0.935122	0.184994	-0.964231	0.189828	0.946280	0.122650	-0.299184
49845	9.113609	1.766869	-2.297324	0.076261	-0.149948	0.019171	0.266626	0.235016	0.934708	0.185659	-0.964175	0.189465	0.945749	0.123021	-0.300707
49846	9.072627	1.700017	-2.173779	0.085318	-0.183957	0.023317	0.268387	0.235064	0.934191	0.186411	-0.964114	0.189039	0.945103	0.123408	-0.302574
49847	9.055841	1.722275	-1.985592	0.100927	-0.217859	0.017730	0.270449	0.235201	0.933562	0.187311	-0.964023	0.188612	0.944337	0.123857	-0.304775
49848	9.052339	1.685025	-1.833154	0.107791	-0.268464	0.019153	0.272997	0.235393	0.932771	0.188281	-0.963924	0.188150	0.943410	0.124258	-0.307469
49849	9.095771	1.682204	-1.729864	0.117580	-0.314714	0.012860	0.275960	0.235699	0.931822	0.189349	-0.963800	0.187712	0.942334	0.124638	-0.310599
49850	9.110330	1.577927	-1.751728	0.122146	-0.368980	0.014339	0.279441	0.236064	0.930692	0.190461	-0.963672	0.187243	0.941083	0.124937	-0.314250
49851	9.251585	1.435503	-1.767409	0.130555	-0.424180	0.013440	0.283426	0.236503	0.929374	0.191646	-0.963533	0.186751	0.939650	0.125181	-0.318415
49852	9.254031	1.393650	-1.960365	0.145029	-0.478803	0.010409	0.287920	0.237041	0.927854	0.192974	-0.963368	0.186232	0.938010	0.125431	-0.323116
49853	9.285899	1.456084	-2.231033	0.163017	-0.525359	0.002585	0.292819	0.237714	0.926148	0.194489	-0.963162	0.185723	0.936179	0.125743	-0.328265
49854	9.401379	1.461149	-2.590262	0.188220	-0.558421	-0.005609	0.298008	0.238506	0.924287	0.196260	-0.962905	0.185193	0.934170	0.126211	-0.333763
49855	9.482948	1.571933	-2.943756	0.216903	-0.583766	-0.001980	0.303422	0.239303	0.922317	0.198286	-0.962617	0.184527	0.931997	0.126893	-0.339530
49856	9.567836	1.530409	-3.388247	0.247354	-0.584956	-0.014687	0.308816	0.240222	0.920286	0.200628	-0.962261	0.183855	0.929721	0.127857	-0.345357
49857	9.554307	1.439695	-3.665498	0.299542	-0.579753	-0.024188	0.314121	0.241239	0.918222	0.203481	-0.961809	0.183080	0.927321	0.129331	-0.351212
49858	9.423621	1.468069	-3.915184	0.358027	-0.568412	-0.036837	0.319287	0.242364	0.916141	0.206904	-0.961248	0.182189	0.924795	0.131383	-0.357061
49859	9.160489	1.551663	-4.094938	0.411093	-0.548335	-0.043041	0.324232	0.243544	0.914090	0.210836	-0.960590	0.181148	0.922183	0.133989	-0.362802
49860	8.991398	1.623032	-4.178388	0.426897	-0.537682	-0.047149	0.329062	0.244751	0.912039	0.214908	-0.959893	0.180055	0.919528	0.136755	-0.368464
49861	8.912189	1.726039	-4.291020	0.436624	-0.514384	-0.046512	0.333655	0.245946	0.910047	0.219069	-0.959168	0.178903	0.916888	0.139671	-0.373910
49862	8.937501	1.678616	-4.261179	0.431127	-0.499039	-0.036411	0.338122	0.247028	0.908103	0.223129	-0.958465	0.177648	0.914268	0.142557	-0.379197
49863	8.964328	1.686670	-4.302229	0.430124	-0.477304	-0.032046	0.342378	0.248060	0.906225	0.227163	-0.957758	0.176343	0.911688	0.145485	-0.384265
49864	8.950844	1.685617	-4.299472	0.436782	-0.461130	-0.034415	0.346476	0.249097	0.904381	0.231250	-0.957025	0.175003	0.909108	0.148504	-0.389190
49865	8.909844	1.715212	-4.288485	0.439688	-0.444055	-0.034296	0.350397	0.250128	0.902584	0.235359	-0.956272	0.173636	0.906547	0.151590	-0.393945
49866	8.843685	1.798717	-4.276395	0.434041	-0.428877	-0.029836	0.354188	0.251099	0.900833	0.239385	-0.955528	0.172223	0.904016	0.154647	-0.398546
49867	8.898801	1.829971	-4.312348	0.412355	-0.418389	-0.022905	0.357879	0.252008	0.899119	0.243189	-0.954819	0.170822	0.901544	0.157522	-0.402995
49868	8.987550	1.722828	-4.288120	0.393792	-0.406174	-0.014612	0.361479	0.252822	0.897449	0.246780	-0.954151	0.169397	0.899129	0.160239	-0.407297
49869	9.050057	1.646240	-4.336655	0.391844	-0.391544	-0.012855	0.364932	0.253614	0.895826	0.250345	-0.953477	0.167953	0.896745	0.162974	-0.411445
49870	9.100592	1.531735	-4.266165	0.399310	-0.382700	-0.015298	0.368299	0.254419	0.894218	0.253971	-0.952777	0.166478	0.894346	0.165792	-0.415522
49871	9.223824	1.441945	-4.180243	0.413217	-0.382525	-0.017512	0.371640	0.255263	0.892594	0.257726	-0.952033	0.164954	0.891886	0.168742	-0.419601
49872	9.228543	1.405996	-4.044262	0.428794	-0.378335	-0.015740	0.374947	0.256085	0.890974	0.261597	-0.951258	0.163324	0.889371	0.171838	-0.423663
49873	9.234527	1.372755	-3.827602	0.433639	-0.388271	-0.017684	0.378318	0.256963	0.889295	0.265515	-0.950453	0.161681	0.886779	0.174954	-0.427801
49874	9.250766	1.356592	-3.641946	0.428657	-0.404541	-0.021134	0.381822	0.257903	0.887524	0.269382	-0.949639	0.160062	0.884107	0.177967	-0.432067
49875	9.277585	1.280587	-3.486045	0.409537	-0.434336	-0.027631	0.385550	0.258981	0.885596	0.273103	-0.948825	0.158574	0.881343	0.180721	-0.436548
49876	9.252463	1.137114	-3.321704	0.395187	-0.460366	-0.028444	0.389501	0.260110	0.883534	0.276678	-0.948030	0.157126	0.878486	0.183254	-0.441226
49877	9.301559	0.963095	-3.232668	0.396409	-0.494234	-0.037654	0.393699	0.261415	0.881285	0.280303	-0.947193	0.155744	0.875461	0.185710	-0.446184
49878	9.321037	0.917976	-3.232382	0.415540	-0.539458	-0.048783	0.398255	0.262901	0.878792	0.284109	-0.946288	0.154340	0.872167	0.188206	-0.451556
49879	9.309930	0.823497	-3.306606	0.422249	-0.578633	-0.057209	0.403096	0.264575	0.876079	0.288015	-0.945330	0.152969	0.868655	0.190663	-0.457260
49880	9.287681	0.733927	-3.442897	0.443436	-0.621940	-0.073859	0.408253	0.266474	0.873110	0.292132	-0.944286	0.151601	0.864863	0.193172	-0.463353
49881	9.251455	0.625655	-3.632424	0.471371	-0.661026	-0.090351	0.413658	0.268649	0.869894	0.296573	-0.943119	0.150234	0.860774	0.195841	-0.469803
49882	9.117619	0.508929	-3.657351	0.533826	-0.708279	-0.116191	0.419373	0.271142	0.866377	0.301607	-0.941759	0.148740	0.856247	0.198928	-0.476727
49883	9.131981	0.311258	-3.664133	0.588324	-0.738656	-0.138663	0.425225	0.273965	0.862628	0.307218	-0.940192	0.147158	0.851352	0.202440	-0.483961
49884	9.070875	0.363445	-3.715837	0.683399	-0.784840	-0.148586	0.431408	0.276956	0.858593	0.313612	-0.938396	0.145121	0.845893	0.206659	-0.491688
49885	9.053409	0.492509	-3.766254	0.713593	-0.818973	-0.151353	0.437800	0.280121	0.854321	0.320289	-0.936476	0.142925	0.840087	0.211057	-0.499709
49886	9.025933	0.463507	-3.756114	0.744930	-0.867311	-0.162196	0.444519	0.283469	0.849734	0.327190	-0.934445	0.140567	0.833876	0.215540	-0.508127
49887	8.978676	0.519023	-3.681750	0.772510	-0.910372	-0.186728	0.451430	0.287230	0.844814	0.334447	-0.932221	0.138235	0.827259	0.220142	-0.516896
49888	8.935314	0.594208	-3.755479	0.777218	-0.960484	-0.203411	0.458641	0.291231	0.839543	0.341717	-0.929925	0.135904	0.820291	0.224555	-0.526020
49889	8.929947	0.781873	-3.821776	0.776667	-1.014551	-0.220772	0.466131	0.295615	0.833867	0.349085	-0.927508	0.133674	0.812934	0.228780	-0.535535
49890	9.034693	0.921862	-3.821390	0.761737	-1.064427	-0.236995	0.473896	0.300229	0.827820	0.356298	-0.925068	0.131532	0.805279	0.232618	-0.545357
49891	9.199384	1.060120	-3.897247	0.724957	-1.113246	-0.255321	0.481865	0.305230	0.821365	0.363333	-0.922588	0.129692	0.797368	0.235935	-0.555463
49892	9.253798	1.229334	-4.099001	0.662663	-1.155651	-0.273741	0.490019	0.310449	0.814557	0.369851	-0.920201	0.128219	0.789361	0.238435	-0.565736
49893	9.229489	1.352915	-4.297387	0.590302	-1.199112	-0.303442	0.498271	0.316140	0.807330	0.375992	-0.917829	0.127354	0.781252	0.240093	-0.576194
49894	9.190068	1.393040	-4.568362	0.511808	-1.237618	-0.340949	0.506589	0.322192	0.799725	0.381610	-0.915541	0.127118	0.773137	0.240786	-0.586755
49895	9.280817	1.229832	-4.826711	0.462108	-1.275596	-0.392627	0.514856	0.328887	0.791680	0.387176	-0.913140	0.127551	0.764864	0.240849	-0.597473
49896	9.253241	0.973197	-5.112998	0.467086	-1.304505	-0.419094	0.523136	0.335794	0.783308	0.392828	-0.910655	0.128035	0.756317	0.240726	-0.608306
49897	9.091910	1.043064	-5.390508	0.531237	-1.329777	-0.431709	0.531390	0.342956	0.774600	0.399106	-0.907901	0.128181	0.747221	0.241034	-0.619326
49898	8.851095	1.133482	-5.717519	0.562670	-1.343826	-0.439225	0.539596	0.350117	0.765672	0.405556	-0.905058	0.128044	0.737808	0.241430	-0.630358
49899	8.605984	1.153075	-6.007271	0.570747	-1.350694	-0.427602	0.547715	0.357277	0.756546	0.412073	-0.902156	0.127714	0.728151	0.241802	-0.641349
49900	8.457908	1.132947	-6.318379	0.569490	-1.348279	-0.412050	0.555753	0.364184	0.747334	0.418383	-0.899330	0.127124	0.718397	0.242022	-0.652174
49901	8.330928	1.287953	-6.552114	0.582173	-1.333157	-0.395828	0.563562	0.370999	0.738077	0.424762	-0.896454	0.126280	0.708502	0.242341	-0.662794
49902	8.140852	1.300952	-6.770716	0.572152	-1.309089	-0.380437	0.571144	0.377509	0.728890	0.430863	-0.893684	0.125243	0.698678	0.242520	-0.673077
49903	7.857911	1.437365	-6.836715	0.568151	-1.291809	-0.370995	0.578463	0.383985	0.719678	0.436948	-0.890882	0.124121	0.688808	0.242663	-0.683124
49904	7.645357	1.603755	-6.853672	0.542283	-1.268128	-0.349101	0.585601	0.390097	0.710560	0.442607	-0.888256	0.122881	0.679095	0.242539	-0.692824
49905	7.361338	1.755788	-6.973623	0.505518	-1.234072	-0.317613	0.592475	0.395937	0.701575	0.447899	-0.885771	0.121641	0.669596	0.242166	-0.702137
49906	7.166550	1.969543	-7.145716	0.456379	-1.201286	-0.277862	0.599214	0.401231	0.692789	0.452511	-0.883600	0.120350	0.660436	0.241380	-0.711027
49907	6.975061	2.188648	-7.202934	0.370207	-1.151615	-0.222137	0.605727	0.405995	0.684297	0.456292	-0.881800	0.119274	0.651838	0.239992	-0.719382
49908	6.679257	2.258441	-7.338132	0.277027	-1.099065	-0.159928	0.612115	0.409968	0.676196	0.458988	-0.880523	0.118357	0.643929	0.237918	-0.727152
49909	6.379332	2.270209	-7.315606	0.173713	-1.030623	-0.092334	0.618257	0.413250	0.668568	0.460682	-0.879720	0.117751	0.636813	0.235197	-0.734270
