// General information: 
//  MT Manager version: 2022.2.0 
//  XDA version: 2022.2.0 build 7381 rev 124627 built on 2023-07-19
// Device information: 
//  DeviceId: 00B4CAF0
//  ProductCode: MTW2-3A7G6
//  Firmware Version: 4.6.0
//  Hardware Version: 2.0.0
// Device settings: 
//  Filter Profile: human(46.1)
//  Option Flags: Orientation Smoother Disabled, Position/Velocity Smoother Disabled, Continuous Zero Rotation Update Disabled, AHS Disabled, ICC Disabled
// Coordinate system: ENU
PacketCounter	Acc_X	Acc_Y	Acc_Z	Gyr_X	Gyr_Y	Gyr_Z	Mat[1][1]	Mat[2][1]	Mat[3][1]	Mat[1][2]	Mat[2][2]	Mat[3][2]	Mat[1][3]	Mat[2][3]	Mat[3][3]
18714	5.097530	0.501148	9.240793	-0.083807	-0.207739	-0.042102	-0.766819	-0.433656	0.473214	0.512856	-0.857271	0.045448	0.385964	0.277541	0.879774
18715	4.606216	0.689800	9.377040	0.048084	-0.226762	-0.049479	-0.766212	-0.432534	0.475220	0.512586	-0.857399	0.046076	0.387523	0.278895	0.878660
18716	4.713986	0.490976	9.294254	-0.015076	-0.229168	-0.033826	-0.765493	-0.431566	0.477254	0.512238	-0.857606	0.046098	0.389402	0.279755	0.877555
18717	3.469085	-0.599945	10.114103	0.111766	-0.302551	-0.037134	-0.764483	-0.430391	0.479927	0.512401	-0.857444	0.047269	0.391166	0.282051	0.876034
18718	4.646672	-0.592220	9.602663	0.216732	-0.601864	-0.088450	-0.762568	-0.427884	0.485185	0.512547	-0.857227	0.049585	0.394697	0.286492	0.873004
18719	3.623685	-0.384552	10.583410	0.122951	-0.568740	-0.104611	-0.760891	-0.425246	0.490113	0.512097	-0.857406	0.051094	0.398498	0.289863	0.870160
18720	3.237043	-1.054936	11.003678	0.263897	-1.012347	-0.222685	-0.757961	-0.420331	0.498816	0.511435	-0.857593	0.054479	0.404882	0.296405	0.864994
18721	6.191472	-0.060953	9.488417	0.020139	-1.025325	-0.231050	-0.754959	-0.415237	0.507558	0.509716	-0.858531	0.055799	0.412584	0.300836	0.859809
18722	4.583886	-0.878771	10.182168	-0.197386	-1.118246	-0.277146	-0.751697	-0.409436	0.517023	0.506773	-0.860290	0.055522	0.422057	0.303750	0.854169
18723	4.782633	-0.468293	10.136442	-0.423851	-1.272409	-0.411782	-0.748370	-0.401910	0.527647	0.501726	-0.863339	0.053999	0.433836	0.305146	0.847745
18724	4.471397	-0.534152	10.395257	-0.491375	-1.426265	-0.486990	-0.744512	-0.393295	0.539463	0.495895	-0.866797	0.052446	0.446978	0.306564	0.840374
18725	3.713275	0.004691	10.219000	-0.309374	-1.588913	-0.576405	-0.740185	-0.383293	0.552460	0.490059	-0.870081	0.052924	0.460400	0.309912	0.831857
18726	3.140465	0.664828	10.110592	0.052856	-1.918229	-0.719110	-0.734719	-0.370968	0.567953	0.484970	-0.872646	0.057387	0.474333	0.317603	0.821058
18727	4.448327	1.198001	10.330165	0.284305	-2.313860	-0.873795	-0.727833	-0.355721	0.586278	0.479731	-0.875032	0.064639	0.490019	0.328302	0.807527
18728	6.111208	2.104082	10.085126	0.278101	-2.475604	-0.948177	-0.720009	-0.339107	0.605469	0.474219	-0.877415	0.072513	0.506658	0.339335	0.792559
18729	7.755012	0.748825	8.216141	0.223804	-2.556352	-1.134629	-0.712195	-0.320282	0.624659	0.467145	-0.880446	0.081176	0.523979	0.349620	0.776667
18730	9.721858	-0.222927	6.699772	0.213971	-2.435703	-1.243641	-0.704984	-0.300639	0.642350	0.459438	-0.883567	0.090701	0.540291	0.359062	0.761026
18731	10.380883	0.229511	6.760906	-0.270305	-2.036187	-1.297530	-0.699727	-0.281738	0.656510	0.448691	-0.888411	0.096971	0.555930	0.362423	0.748058
18732	11.221101	-4.958914	6.720207	-0.720286	-1.522669	-1.538740	-0.697934	-0.262471	0.666331	0.433849	-0.895217	0.101796	0.569792	0.360133	0.738675
18733	8.857304	-5.157590	6.238890	-0.161768	-0.893356	-1.781681	-0.700426	-0.243182	0.671018	0.420328	-0.900378	0.112446	0.576825	0.360808	0.732865
18734	7.483105	-1.109400	6.038994	0.007472	-0.362541	-2.024086	-0.706681	-0.223557	0.671286	0.406096	-0.905090	0.126088	0.579386	0.361710	0.730395
18735	5.997910	8.393483	7.354260	-0.049325	0.102820	-2.567126	-0.717460	-0.200516	0.667117	0.387345	-0.910806	0.142815	0.578977	0.360868	0.731136
18736	10.270664	9.788487	7.384254	-1.286680	0.506659	-2.178390	-0.728567	-0.182331	0.660261	0.364101	-0.919552	0.147834	0.580190	0.348109	0.736342
18737	0.674811	3.931887	5.107477	-2.222908	1.003275	-1.747243	-0.740515	-0.169506	0.650311	0.338285	-0.930152	0.142760	0.580690	0.325707	0.746133
18738	0.666704	0.586309	5.560290	-2.580919	1.106948	-1.253704	-0.751017	-0.161200	0.640303	0.313907	-0.940309	0.131456	0.580892	0.299721	0.756790
18739	1.939642	-3.161847	5.704525	-2.488583	1.432625	-0.549511	-0.760979	-0.160063	0.628722	0.295245	-0.948364	0.115913	0.577704	0.273834	0.768943
18740	2.664972	-3.758988	5.548774	-1.918802	1.867363	0.271797	-0.770879	-0.167522	0.614558	0.286288	-0.952980	0.099337	0.569021	0.252517	0.782592
18741	2.695950	-2.657946	5.120076	-1.286299	2.219440	1.112418	-0.780165	-0.183480	0.598062	0.287558	-0.954214	0.082372	0.555565	0.236241	0.797206
18742	2.113882	-0.438821	4.769265	-0.707447	2.441838	1.821449	-0.788176	-0.206434	0.579797	0.297935	-0.952305	0.065949	0.538529	0.224721	0.812088
18743	1.808257	2.747536	4.630657	-0.307697	2.495890	2.356209	-0.794172	-0.234241	0.560734	0.314812	-0.947840	0.049921	0.519792	0.216171	0.826490
18744	2.255311	5.285112	4.385496	-0.145061	2.418115	2.670523	-0.797821	-0.264572	0.541741	0.335295	-0.941500	0.033985	0.501057	0.208757	0.839858
18745	2.988596	6.810634	4.594328	-0.044990	2.240199	2.756871	-0.799318	-0.294950	0.523541	0.356977	-0.933923	0.018867	0.483382	0.201972	0.851792
18746	11.332839	-7.832154	6.215360	-0.095342	0.993453	1.530755	-0.798518	-0.311163	0.515312	0.368714	-0.929488	0.010095	0.475835	0.198064	0.856943
18747	26.526388	-2.164238	13.861170	5.927717	3.054570	-0.329937	-0.813608	-0.314778	0.488832	0.392762	-0.917486	0.062905	0.428695	0.243175	0.870107
18748	10.520139	43.543401	20.088188	2.711567	2.686428	1.529142	-0.818492	-0.335429	0.466432	0.416388	-0.905719	0.079337	0.395844	0.259154	0.880992
18749	3.461630	-23.434233	-10.439920	-4.313418	1.438564	1.404839	-0.818390	-0.351612	0.454541	0.410719	-0.911102	0.034702	0.401931	0.215088	0.890050
18750	2.455603	1.070921	31.200626	3.135661	1.874476	-0.586331	-0.828083	-0.350485	0.437537	0.418017	-0.906087	0.065327	0.373551	0.236994	0.896824
18751	7.045152	-12.407146	10.225910	-1.100123	0.418020	-0.093886	-0.830035	-0.350555	0.433767	0.413078	-0.908982	0.055839	0.374712	0.225528	0.899293
18752	-5.869314	7.495997	9.254643	2.177975	0.748067	-0.311135	-0.834070	-0.349447	0.426865	0.418451	-0.904989	0.076775	0.359479	0.242658	0.901051
18753	7.427486	10.830405	10.456785	-1.214853	-1.185042	0.051347	-0.829517	-0.347015	0.437586	0.414347	-0.907752	0.065598	0.374456	0.235727	0.896780
18754	7.028709	-4.068647	6.854410	-0.144911	0.261811	0.137459	-0.829922	-0.348839	0.435364	0.414912	-0.907630	0.063689	0.372932	0.233494	0.897999
18755	1.458172	-2.211832	10.143918	0.013594	-0.123790	0.021966	-0.829367	-0.348702	0.436528	0.415096	-0.907545	0.063695	0.373958	0.234028	0.897433
18756	4.483737	0.266155	9.923487	0.113222	-0.345478	-0.026445	-0.828177	-0.347612	0.439647	0.415268	-0.907387	0.064817	0.376399	0.236251	0.895829
18757	4.072618	1.625650	8.055948	-0.245098	-0.238000	-0.012478	-0.827334	-0.346882	0.441805	0.414175	-0.908039	0.062650	0.379444	0.234816	0.894921
18758	5.613416	0.658503	9.288132	-0.180383	-0.379019	-0.043528	-0.826064	-0.345559	0.445205	0.413093	-0.908629	0.061221	0.383370	0.234483	0.893334
18759	6.728533	-1.390432	8.812993	-0.053739	-0.033140	-0.050501	-0.826148	-0.344970	0.445506	0.412411	-0.908957	0.060941	0.383923	0.234077	0.893203
18760	4.982130	-0.601334	9.088318	0.152107	0.101295	-0.096532	-0.826929	-0.344292	0.444579	0.412161	-0.908949	0.062720	0.382506	0.235104	0.893541
18761	4.304220	1.949663	8.881579	0.158941	0.161043	-0.109835	-0.828000	-0.343615	0.443108	0.411793	-0.908985	0.064597	0.380582	0.235955	0.894138
18762	3.534951	3.125469	8.604268	0.065097	0.038350	-0.059799	-0.828388	-0.343124	0.442764	0.411511	-0.909053	0.065435	0.380043	0.236408	0.894247
18763	3.854971	1.949904	8.946041	-0.022296	-0.080291	-0.006261	-0.828109	-0.342827	0.443515	0.411320	-0.909153	0.065241	0.380857	0.236453	0.893889
18764	4.379008	0.460567	9.082479	-0.039862	-0.160434	0.020571	-0.827407	-0.342596	0.445000	0.411303	-0.909193	0.064784	0.382396	0.236633	0.893184
18765	4.048174	0.978343	8.568716	-0.048993	-0.124980	0.038424	-0.826770	-0.342601	0.446178	0.411382	-0.909202	0.064155	0.383687	0.236592	0.892642
18766	2.026422	2.475494	8.212078	-0.219171	-0.256807	0.114176	-0.825306	-0.342996	0.448579	0.411447	-0.909344	0.061681	0.386757	0.235472	0.891612
18767	3.441606	2.080281	9.014660	-0.592969	-0.604761	0.208192	-0.822088	-0.343431	0.454122	0.410800	-0.910038	0.055445	0.394226	0.232134	0.889213
18768	6.100896	-1.122416	10.368473	-0.738611	-0.568403	0.221916	-0.818909	-0.344108	0.459323	0.409646	-0.910988	0.047864	0.401967	0.227356	0.886979
18769	9.368092	-2.646837	9.894233	-0.237165	-0.330638	0.067882	-0.817295	-0.343932	0.462320	0.409197	-0.911314	0.045433	0.405693	0.226312	0.885548
18770	3.834186	0.048453	8.705590	0.191931	0.150828	0.007529	-0.817869	-0.344305	0.461026	0.410000	-0.910869	0.047090	0.403721	0.227534	0.886136
18771	4.177763	1.291962	9.278828	-0.055360	-0.156247	0.019236	-0.817158	-0.344074	0.462457	0.409878	-0.910955	0.046488	0.405282	0.227539	0.885422
18772	5.040554	0.433763	9.196788	-0.080948	-0.161558	0.030349	-0.816371	-0.343946	0.463939	0.409762	-0.911051	0.045623	0.406980	0.227350	0.884692
18773	4.826337	0.536430	8.732838	-0.007469	-0.059370	0.028546	-0.816012	-0.344022	0.464515	0.409912	-0.910994	0.045404	0.407550	0.227460	0.884401
18774	3.736387	1.986295	8.899381	-0.072650	-0.138506	0.059611	-0.815196	-0.344213	0.465804	0.410067	-0.910970	0.044476	0.409024	0.227268	0.883769
18775	5.541213	0.532934	9.089843	-0.267231	-0.209890	0.093151	-0.813950	-0.344540	0.467736	0.409680	-0.911277	0.041663	0.411882	0.225534	0.882886
18776	4.469112	-0.010022	8.850251	-0.136921	-0.103766	0.084096	-0.813172	-0.345036	0.468724	0.409764	-0.911312	0.040053	0.413334	0.224637	0.882436
18777	4.666457	0.309792	9.369859	-0.201216	-0.147057	0.070429	-0.812271	-0.345302	0.470087	0.409454	-0.911542	0.037930	0.415407	0.223288	0.881805
18778	5.328112	-1.119122	8.906561	-0.014495	-0.140538	-0.005588	-0.811703	-0.344900	0.471362	0.409313	-0.911610	0.037820	0.416654	0.223634	0.881129
18779	5.111727	0.923723	9.372171	-0.009999	-0.143647	-0.015982	-0.811168	-0.344384	0.472659	0.409088	-0.911712	0.037787	0.417915	0.224011	0.880435
18780	4.957215	0.496581	9.074152	0.024014	-0.104644	-0.012901	-0.810777	-0.343994	0.473613	0.409049	-0.911719	0.038052	0.418712	0.224582	0.879911
18781	5.176821	0.434113	8.926196	0.025301	-0.090479	-0.008239	-0.810429	-0.343668	0.474444	0.409036	-0.911714	0.038294	0.419397	0.225099	0.879452
18782	4.970351	0.476930	9.030573	0.004314	-0.065722	-0.004560	-0.810166	-0.343441	0.475058	0.408983	-0.911736	0.038346	0.419958	0.225357	0.879119
18783	5.227809	0.583449	9.192236	0.007114	-0.049626	-0.000979	-0.809958	-0.343273	0.475532	0.408954	-0.911747	0.038394	0.420385	0.225568	0.878860
18784	5.279893	0.538896	8.736977	0.008618	0.016302	0.012875	-0.809968	-0.343390	0.475432	0.409060	-0.911699	0.038401	0.420265	0.225583	0.878914
18785	4.683893	0.540237	9.162564	0.008785	0.032129	0.014246	-0.810041	-0.343546	0.475194	0.409163	-0.911653	0.038392	0.420023	0.225531	0.879043
18786	5.078781	0.444402	8.957249	-0.016318	0.002399	0.014005	-0.809988	-0.343641	0.475217	0.409173	-0.911658	0.038175	0.420117	0.225367	0.879040
18787	4.986638	0.339800	8.865805	0.012575	0.054957	0.015437	-0.810151	-0.343861	0.474779	0.409302	-0.911599	0.038195	0.419674	0.225272	0.879276
18788	4.761980	0.400295	9.033051	0.016614	0.044772	0.012312	-0.810282	-0.344036	0.474428	0.409437	-0.911535	0.038275	0.419290	0.225262	0.879462
18789	4.781217	0.464206	9.006298	0.005937	0.036846	0.009218	-0.810395	-0.344159	0.474146	0.409491	-0.911511	0.038267	0.419020	0.225170	0.879614
18790	4.778732	0.369702	8.901856	0.013270	0.028999	0.003861	-0.810494	-0.344222	0.473931	0.409543	-0.911484	0.038357	0.418777	0.225183	0.879726
18791	4.721828	0.362374	9.068198	0.024105	0.018517	-0.000918	-0.810572	-0.344210	0.473807	0.409588	-0.911455	0.038557	0.418582	0.225319	0.879784
18792	4.950283	0.405036	8.988311	0.018112	0.005235	-0.006578	-0.810614	-0.344125	0.473796	0.409576	-0.911453	0.038740	0.418512	0.225458	0.879782
18793	4.933112	0.326064	8.961101	0.041298	0.020456	-0.007983	-0.810729	-0.344052	0.473653	0.409636	-0.911410	0.039123	0.418231	0.225743	0.879842
18794	4.804620	0.450853	9.128242	0.029792	0.017141	-0.010883	-0.810839	-0.343954	0.473536	0.409637	-0.911396	0.039429	0.418017	0.225948	0.879892
18795	5.078412	0.309750	8.967513	0.032737	0.017588	-0.010176	-0.810950	-0.343856	0.473416	0.409644	-0.911379	0.039748	0.417794	0.226166	0.879942
18796	4.847678	0.456748	9.040873	0.033145	0.030167	-0.007448	-0.811101	-0.343819	0.473186	0.409687	-0.911346	0.040067	0.417460	0.226357	0.880051
18797	4.973979	0.397628	9.110081	0.032667	0.014156	-0.007294	-0.811186	-0.343739	0.473097	0.409716	-0.911319	0.040372	0.417265	0.226585	0.880085
18798	5.116079	0.418814	8.933432	0.046909	0.049908	-0.005865	-0.811412	-0.343761	0.472694	0.409829	-0.911249	0.040805	0.416715	0.226833	0.880281
18799	4.783703	0.521415	9.116428	0.063756	0.049957	-0.009978	-0.811656	-0.343739	0.472290	0.409967	-0.911161	0.041397	0.416102	0.227223	0.880471
18800	4.946737	0.333043	9.087993	0.095565	0.032763	-0.024821	-0.811888	-0.343549	0.472029	0.410128	-0.911044	0.042347	0.415491	0.227973	0.880565
18801	4.945345	0.244347	9.038538	0.112002	0.047253	-0.031035	-0.812208	-0.343328	0.471639	0.410292	-0.910918	0.043463	0.414702	0.228811	0.880720
18802	4.668493	0.578434	8.972294	0.126187	0.049823	-0.032373	-0.812541	-0.343110	0.471224	0.410517	-0.910756	0.044719	0.413826	0.229781	0.880879
18803	4.858022	0.355989	9.192585	0.075071	0.012272	-0.031185	-0.812716	-0.342811	0.471141	0.410529	-0.910711	0.045511	0.413472	0.230405	0.880883
18804	4.886604	0.158848	8.992351	0.117932	0.047145	-0.036105	-0.813053	-0.342553	0.470747	0.410688	-0.910579	0.046712	0.412651	0.231309	0.881031
18805	4.549090	0.746386	9.042114	0.082117	0.032986	-0.035892	-0.813332	-0.342258	0.470479	0.410688	-0.910533	0.047587	0.412100	0.231924	0.881127
18806	4.804489	0.565743	9.001375	0.041019	0.005791	-0.023581	-0.813447	-0.342019	0.470454	0.410631	-0.910535	0.048052	0.411931	0.232270	0.881115
18807	4.620688	0.777003	8.834028	0.061723	0.018611	-0.019421	-0.813600	-0.341839	0.470320	0.410678	-0.910480	0.048669	0.411580	0.232748	0.881153
18808	4.381534	1.170483	9.040420	-0.000279	-0.051426	0.005446	-0.813360	-0.341731	0.470814	0.410687	-0.910479	0.048633	0.412046	0.232913	0.880891
18809	5.543117	-0.012950	9.017181	0.003888	-0.023258	0.000653	-0.813258	-0.341638	0.471058	0.410662	-0.910489	0.048649	0.412273	0.233009	0.880760
18810	4.749061	0.796225	8.916139	0.047921	0.013403	-0.003906	-0.813323	-0.341595	0.470976	0.410792	-0.910407	0.049081	0.412014	0.233392	0.880780
18811	5.207658	0.293619	9.243070	0.014221	0.004280	-0.002780	-0.813347	-0.341537	0.470976	0.410785	-0.910404	0.049204	0.411973	0.233490	0.880773
18812	5.190239	0.212024	8.943920	0.098111	0.069181	-0.015129	-0.813688	-0.341523	0.470397	0.411030	-0.910242	0.050132	0.411054	0.234139	0.881030
18813	4.604445	0.890514	8.961335	0.082517	0.069819	-0.017071	-0.814040	-0.341488	0.469813	0.411186	-0.910128	0.050924	0.410200	0.234635	0.881296
18814	4.570480	0.911487	8.953996	0.026788	0.033023	0.003919	-0.814154	-0.341563	0.469562	0.411293	-0.910068	0.051133	0.409868	0.234758	0.881418
18815	4.713012	0.497165	8.947011	0.006573	0.027199	0.013161	-0.814206	-0.341704	0.469369	0.411385	-0.910027	0.051115	0.409672	0.234710	0.881522
18816	4.551024	0.641251	8.994137	-0.020997	0.020232	0.020623	-0.814198	-0.341901	0.469239	0.411432	-0.910022	0.050825	0.409640	0.234442	0.881608
18817	4.649273	0.622916	8.980454	-0.048499	-0.007542	0.029675	-0.814041	-0.342110	0.469360	0.411431	-0.910055	0.050244	0.409954	0.234010	0.881576
18818	4.835870	0.527231	9.013785	-0.057993	-0.015464	0.028470	-0.813854	-0.342295	0.469548	0.411390	-0.910110	0.049591	0.410365	0.233527	0.881513
18819	4.788687	0.526242	9.047698	-0.049168	-0.014093	0.030600	-0.813667	-0.342495	0.469727	0.411390	-0.910141	0.048998	0.410736	0.233109	0.881451
18820	4.910068	0.481144	9.118246	-0.059225	-0.023432	0.025967	-0.813458	-0.342638	0.469984	0.411323	-0.910207	0.048346	0.411217	0.232643	0.881350
18821	5.084741	0.232776	9.053546	-0.019976	-0.004565	0.014162	-0.813376	-0.342715	0.470071	0.411315	-0.910224	0.048090	0.411388	0.232462	0.881318
18822	4.810604	0.588752	9.182439	-0.007465	-0.001770	0.006108	-0.813337	-0.342729	0.470127	0.411299	-0.910237	0.047987	0.411480	0.232393	0.881293
18823	6.002069	-0.473365	9.455319	0.018411	0.018938	-0.018173	-0.813486	-0.342562	0.469991	0.411181	-0.910277	0.048221	0.411304	0.232478	0.881353
18824	4.984672	0.424391	8.951663	0.167471	0.150394	-0.045325	-0.814284	-0.342462	0.468681	0.411465	-0.910059	0.049902	0.409438	0.233480	0.881957
18825	4.966005	0.765191	9.143028	0.141231	0.129584	-0.060981	-0.815058	-0.342170	0.467547	0.411505	-0.909956	0.051419	0.407853	0.234308	0.882471
18826	5.401753	-0.070853	9.174217	0.141516	0.167565	-0.056455	-0.815966	-0.342012	0.466076	0.411586	-0.909833	0.052924	0.405951	0.235014	0.883160
18827	4.363853	0.860746	8.941746	0.218538	0.206953	-0.061182	-0.817050	-0.341902	0.464255	0.411930	-0.909547	0.055123	0.403414	0.236279	0.883985
18828	4.241182	1.129690	8.877079	0.113243	0.140630	-0.038085	-0.817767	-0.341851	0.463028	0.412040	-0.909425	0.056293	0.401845	0.236820	0.884554
18829	4.269770	0.908675	9.009361	0.038996	0.092149	-0.011190	-0.818179	-0.341924	0.462246	0.412062	-0.909392	0.056673	0.400985	0.236843	0.884939
18830	4.424736	0.793266	8.948390	0.005496	0.058285	0.000796	-0.818404	-0.342031	0.461769	0.412055	-0.909392	0.056710	0.400532	0.236686	0.885186
18831	4.446111	0.879091	8.955151	-0.037810	0.027039	0.018649	-0.818433	-0.342215	0.461580	0.412004	-0.909443	0.056271	0.400524	0.236227	0.885312
18832	4.591439	0.642503	8.940310	-0.056524	-0.005613	0.027796	-0.818291	-0.342416	0.461683	0.411970	-0.909497	0.055634	0.400850	0.235724	0.885299
18833	4.599216	0.710303	9.042702	-0.058413	-0.026395	0.024218	-0.818078	-0.342539	0.461969	0.411902	-0.909567	0.054994	0.401355	0.235276	0.885189
18834	5.001168	0.482341	9.142343	-0.051471	-0.050306	0.019280	-0.817791	-0.342558	0.462463	0.411818	-0.909639	0.054441	0.402025	0.234972	0.884966
18835	5.460080	0.226733	9.261259	0.016523	0.004415	0.001004	-0.817802	-0.342528	0.462465	0.411842	-0.909620	0.054566	0.401977	0.235087	0.884957
18836	5.050310	0.320034	9.154259	0.071699	0.071391	-0.019361	-0.818163	-0.342482	0.461860	0.411937	-0.909534	0.055282	0.401145	0.235487	0.885228
18837	4.944646	0.651638	9.243394	0.091501	0.061193	-0.028242	-0.818516	-0.342337	0.461343	0.412046	-0.909427	0.056218	0.400313	0.236110	0.885439
18838	5.041405	0.452419	9.080097	0.135104	0.107895	-0.038515	-0.819100	-0.342204	0.460404	0.412236	-0.909256	0.057583	0.398920	0.236961	0.885840
18839	4.448654	0.775334	8.999936	0.170791	0.108054	-0.041317	-0.819698	-0.342036	0.459463	0.412527	-0.909015	0.059267	0.397388	0.238122	0.886217
18840	4.380249	0.608782	9.015518	0.107688	0.071760	-0.023722	-0.820076	-0.341953	0.458851	0.412725	-0.908856	0.060322	0.396402	0.238848	0.886463
18841	4.329256	0.675670	9.064769	0.067377	0.038158	-0.010113	-0.820265	-0.341908	0.458546	0.412863	-0.908752	0.060948	0.395866	0.239310	0.886578
18842	4.290584	0.932204	8.969990	0.006404	0.002383	0.004867	-0.820249	-0.341920	0.458566	0.412893	-0.908736	0.060974	0.395867	0.239352	0.886566
18843	4.373071	0.964432	8.904849	-0.040912	-0.033252	0.029454	-0.819988	-0.342074	0.458918	0.412943	-0.908748	0.060467	0.396356	0.239089	0.886419
18844	3.940385	1.341613	8.874499	-0.089659	-0.067398	0.052206	-0.819500	-0.342349	0.459584	0.412980	-0.908799	0.059424	0.397326	0.238497	0.886144
18845	4.154260	1.375994	8.893981	-0.187999	-0.158768	0.084667	-0.818512	-0.342701	0.461079	0.412886	-0.908975	0.057356	0.399453	0.237320	0.885504
18846	4.694236	0.553584	8.967042	-0.216779	-0.189964	0.094707	-0.817355	-0.343074	0.462851	0.412757	-0.909180	0.054992	0.401949	0.235993	0.884729
18847	4.603391	0.506327	9.068833	-0.240896	-0.203949	0.099105	-0.816119	-0.343453	0.464748	0.412555	-0.909425	0.052392	0.404659	0.234492	0.883892
18848	4.937958	0.355247	9.144880	-0.272826	-0.239579	0.098444	-0.814734	-0.343751	0.466952	0.412214	-0.909740	0.049515	0.407784	0.232826	0.882895
18849	6.672068	-1.148163	9.497327	-0.268339	-0.157020	0.072244	-0.813787	-0.344007	0.468413	0.411674	-0.910128	0.046806	0.410214	0.230924	0.882269
18850	5.039515	0.706012	9.451242	-0.016157	-0.068380	0.024379	-0.813400	-0.344033	0.469065	0.411771	-0.910098	0.046541	0.410883	0.231004	0.881936
18851	4.946849	0.276624	8.756197	-0.002857	0.034487	0.021136	-0.813456	-0.344245	0.468812	0.411865	-0.910063	0.046392	0.410678	0.230825	0.882079
18852	5.039048	0.335293	9.086876	-0.047763	-0.031811	0.016732	-0.813251	-0.344286	0.469138	0.411769	-0.910132	0.045884	0.411181	0.230492	0.881932
18853	4.576479	0.575333	9.101836	-0.015783	0.005600	0.015898	-0.813205	-0.344395	0.469137	0.411785	-0.910137	0.045655	0.411256	0.230310	0.881944
18854	4.765473	0.442457	8.990475	-0.027758	-0.009261	0.016744	-0.813092	-0.344489	0.469265	0.411771	-0.910159	0.045323	0.411492	0.230082	0.881894
18855	4.605388	0.559180	9.001595	-0.060770	-0.028072	0.021968	-0.812882	-0.344577	0.469563	0.411654	-0.910245	0.044672	0.412024	0.229611	0.881768
18856	4.772841	0.390434	9.171754	-0.088336	-0.042254	0.020847	-0.812616	-0.344632	0.469983	0.411424	-0.910392	0.043787	0.412778	0.228945	0.881589
18857	4.596004	0.554037	9.131645	-0.056518	-0.025207	0.015206	-0.812450	-0.344658	0.470252	0.411251	-0.910498	0.043190	0.413278	0.228481	0.881475
18858	4.866032	0.551524	9.004194	-0.084811	-0.047651	0.016441	-0.812179	-0.344661	0.470717	0.410998	-0.910652	0.042357	0.414060	0.227865	0.881267
18859	4.763553	0.549121	9.092631	-0.070907	-0.052561	0.008104	-0.811920	-0.344580	0.471222	0.410735	-0.910801	0.041680	0.414828	0.227389	0.881029
18860	4.915522	0.366817	9.030483	-0.069446	-0.056822	0.004907	-0.811658	-0.344457	0.471763	0.410451	-0.910959	0.041037	0.415621	0.226944	0.880770
18861	5.057687	0.368374	8.926734	-0.048405	-0.048381	0.004059	-0.811434	-0.344341	0.472232	0.410244	-0.911072	0.040587	0.416262	0.226665	0.880539
18862	5.117883	0.399152	9.068324	-0.046518	-0.035567	0.007117	-0.811251	-0.344288	0.472586	0.410073	-0.911169	0.040136	0.416788	0.226355	0.880370
18863	5.260555	0.454545	8.980893	-0.032899	0.002607	0.016527	-0.811176	-0.344435	0.472609	0.410073	-0.911185	0.039775	0.416934	0.226069	0.880374
18864	4.878228	0.443514	8.946715	-0.014063	0.023355	0.016175	-0.811200	-0.344597	0.472448	0.410111	-0.911177	0.039566	0.416849	0.225852	0.880470
18865	4.765889	0.394159	9.023567	-0.012406	0.014116	0.015805	-0.811180	-0.344752	0.472370	0.410178	-0.911154	0.039389	0.416823	0.225708	0.880520
18866	4.560470	0.349060	8.949062	-0.006591	-0.000181	0.008020	-0.811140	-0.344787	0.472413	0.410181	-0.911158	0.039285	0.416898	0.225641	0.880501
18867	4.484857	0.429454	9.208018	0.007022	-0.033351	-0.005873	-0.811019	-0.344619	0.472744	0.410120	-0.911182	0.039354	0.417194	0.225798	0.880321
18868	4.754268	0.405964	9.098976	-0.017760	-0.061181	-0.009063	-0.810794	-0.344360	0.473317	0.409937	-0.911270	0.039232	0.417809	0.225839	0.880018
18869	4.932804	0.505580	8.978432	-0.001907	-0.067894	-0.010748	-0.810552	-0.344059	0.473951	0.409789	-0.911336	0.039248	0.418424	0.226033	0.879676
18870	4.885233	0.398291	9.089156	-0.000068	-0.061288	-0.009791	-0.810329	-0.343794	0.474524	0.409674	-0.911386	0.039286	0.418968	0.226235	0.879366
18871	4.973839	0.489886	8.980895	-0.011177	-0.074536	-0.007054	-0.810040	-0.343521	0.475215	0.409526	-0.911456	0.039201	0.419671	0.226368	0.878996
18872	5.140008	0.371898	8.909631	-0.002764	-0.060489	-0.005578	-0.809802	-0.343295	0.475783	0.409434	-0.911497	0.039195	0.420219	0.226542	0.878689
18873	4.862105	0.412580	9.038282	0.000842	-0.050717	-0.000775	-0.809580	-0.343148	0.476267	0.409413	-0.911507	0.039202	0.420669	0.226727	0.878426
18874	5.177634	0.578912	9.050130	-0.003891	-0.051554	-0.000334	-0.809358	-0.342990	0.476758	0.409358	-0.911533	0.039162	0.421149	0.226861	0.878162
18875	5.011347	0.343618	8.915455	-0.010331	-0.016814	0.008999	-0.809239	-0.343004	0.476949	0.409361	-0.911538	0.039018	0.421373	0.226819	0.878065
18876	4.854714	0.423970	9.111630	-0.001731	-0.012231	0.009741	-0.809141	-0.343028	0.477098	0.409397	-0.911524	0.038949	0.421526	0.226838	0.877987
18877	4.944947	0.340157	8.937761	-0.008878	-0.021077	0.005798	-0.809023	-0.342984	0.477329	0.409368	-0.911542	0.038848	0.421781	0.226832	0.877866
18878	4.877145	0.337734	8.960840	-0.004015	-0.010604	0.004581	-0.808953	-0.342964	0.477462	0.409352	-0.911552	0.038783	0.421930	0.226824	0.877796
18879	4.759449	0.407868	9.144217	-0.008753	-0.018698	-0.003525	-0.808884	-0.342845	0.477666	0.409243	-0.911604	0.038712	0.422170	0.226795	0.877688
18880	4.971248	0.312076	9.020180	-0.021868	-0.031858	-0.005998	-0.808767	-0.342680	0.477981	0.409067	-0.911690	0.038541	0.422564	0.226696	0.877524
18881	5.036804	0.451943	8.863500	-0.018123	-0.012461	-0.001961	-0.808688	-0.342665	0.478126	0.409035	-0.911709	0.038423	0.422746	0.226642	0.877450
18882	4.792585	0.547940	9.107849	-0.008862	-0.005810	-0.005674	-0.808680	-0.342562	0.478213	0.408916	-0.911765	0.038364	0.422876	0.226574	0.877405
18883	4.973350	0.501015	8.901186	-0.013173	-0.019359	-0.004588	-0.808614	-0.342426	0.478422	0.408767	-0.911837	0.038248	0.423146	0.226491	0.877297
18884	4.870222	0.562029	8.952243	0.002301	-0.004396	0.000160	-0.808589	-0.342379	0.478499	0.408743	-0.911847	0.038259	0.423218	0.226519	0.877254
18885	4.982535	0.544889	9.023708	-0.001974	-0.016229	-0.000196	-0.808510	-0.342310	0.478681	0.408704	-0.911866	0.038232	0.423405	0.226550	0.877156
18886	5.099668	0.417114	8.878876	-0.007981	0.005792	0.009803	-0.808488	-0.342375	0.478672	0.408714	-0.911866	0.038107	0.423438	0.226449	0.877167
18887	4.904210	0.408208	9.038121	-0.008234	0.011814	0.013424	-0.808466	-0.342510	0.478612	0.408785	-0.911840	0.037973	0.423412	0.226349	0.877205
18888	4.911183	0.354939	9.056250	-0.024072	-0.002272	0.016620	-0.808382	-0.342618	0.478677	0.408782	-0.911854	0.037675	0.423575	0.226130	0.877183
18889	4.917177	0.366088	8.925874	-0.015637	0.008995	0.013102	-0.808353	-0.342737	0.478641	0.408801	-0.911854	0.037459	0.423612	0.225949	0.877211
18890	4.609348	0.285382	9.126528	-0.008675	-0.008010	0.002140	-0.808304	-0.342700	0.478750	0.408746	-0.911883	0.037365	0.423759	0.225890	0.877156
18891	4.689177	0.295786	9.025045	-0.011505	-0.052153	-0.008521	-0.808129	-0.342418	0.479246	0.408517	-0.911990	0.037250	0.424313	0.225883	0.876890
18892	4.682358	0.326514	8.915612	-0.008609	-0.060672	-0.014936	-0.807926	-0.342107	0.479811	0.408324	-0.912077	0.037239	0.424885	0.226004	0.876582
18893	4.533617	0.532476	9.195127	0.018289	-0.109176	-0.027192	-0.807575	-0.341549	0.480798	0.408109	-0.912163	0.037501	0.425758	0.226503	0.876029
18894	4.975307	0.503454	8.986067	0.010122	-0.150002	-0.030850	-0.807054	-0.340890	0.482138	0.407868	-0.912261	0.037730	0.426974	0.227099	0.875282
18895	5.370805	0.474979	8.864851	0.007996	-0.124233	-0.019662	-0.806599	-0.340380	0.483259	0.407698	-0.912330	0.037889	0.427995	0.227585	0.874657
18896	5.238838	0.543559	8.979250	-0.005044	-0.075110	-0.005791	-0.806294	-0.340118	0.483952	0.407595	-0.912378	0.037865	0.428668	0.227787	0.874275
18897	5.268357	0.351368	8.883926	-0.003282	-0.048390	0.001595	-0.806072	-0.339985	0.484415	0.407557	-0.912397	0.037816	0.429122	0.227909	0.874020
18898	5.129329	0.450571	8.928090	-0.011401	-0.010656	0.009280	-0.805982	-0.340007	0.484550	0.407547	-0.912407	0.037664	0.429301	0.227833	0.873952
18899	4.992657	0.318347	8.944715	-0.006945	-0.008278	0.008885	-0.805882	-0.340082	0.484663	0.407624	-0.912376	0.037581	0.429415	0.227846	0.873893
18900	4.939661	0.430171	8.922019	-0.004857	-0.007701	0.006221	-0.805817	-0.340083	0.484771	0.407618	-0.912382	0.037501	0.429543	0.227820	0.873837
18901	4.782782	0.231133	9.021631	-0.006806	-0.024966	-0.000426	-0.805706	-0.339975	0.485031	0.407544	-0.912418	0.037442	0.429822	0.227839	0.873695
18902	4.800221	0.317080	8.993130	-0.004029	-0.044151	-0.012536	-0.805560	-0.339722	0.485450	0.407390	-0.912486	0.037460	0.430240	0.227944	0.873461
18903	4.744921	0.231645	9.106782	-0.019933	-0.069946	-0.021427	-0.805360	-0.339272	0.486096	0.407010	-0.912660	0.037338	0.430973	0.227916	0.873107
18904	4.892408	0.446249	9.026389	-0.032547	-0.090637	-0.027568	-0.805074	-0.338776	0.486915	0.406612	-0.912844	0.037180	0.431882	0.227918	0.872658
18905	4.914653	0.597607	9.120881	-0.036985	-0.094048	-0.033621	-0.804775	-0.338274	0.487759	0.406224	-0.913023	0.037040	0.432805	0.227948	0.872192
18906	5.307632	0.554581	8.834585	-0.055062	-0.096494	-0.021956	-0.804439	-0.337816	0.488630	0.405773	-0.913238	0.036660	0.433851	0.227764	0.871721
18907	5.400711	0.536107	8.782297	-0.030939	-0.048952	-0.009413	-0.804241	-0.337623	0.489088	0.405574	-0.913336	0.036426	0.434403	0.227656	0.871474
18908	5.389817	0.475631	8.787992	-0.030460	-0.005630	0.005493	-0.804187	-0.337623	0.489177	0.405450	-0.913403	0.036126	0.434619	0.227389	0.871436
18909	5.141140	0.482091	8.821713	-0.024780	0.026512	0.012660	-0.804240	-0.337762	0.488993	0.405421	-0.913427	0.035859	0.434547	0.227087	0.871550
18910	5.063668	0.496621	8.904348	-0.010619	0.027321	0.012687	-0.804301	-0.337902	0.488797	0.405441	-0.913424	0.035697	0.434417	0.226890	0.871667
18911	5.115327	0.471303	8.814156	-0.013805	0.032890	0.015633	-0.804372	-0.338080	0.488557	0.405467	-0.913421	0.035487	0.434261	0.226638	0.871810
18912	5.083594	0.513620	8.787916	-0.012813	0.042375	0.018248	-0.804475	-0.338305	0.488232	0.405523	-0.913404	0.035278	0.434018	0.226370	0.872001
18913	4.936732	0.494640	8.970041	0.004368	0.049810	0.021106	-0.804589	-0.338590	0.487845	0.405698	-0.913329	0.035208	0.433642	0.226245	0.872220
18914	5.062901	0.392970	8.893254	0.006009	0.037834	0.015682	-0.804683	-0.338781	0.487558	0.405815	-0.913278	0.035176	0.433359	0.226164	0.872382
18915	5.175012	0.361071	8.855631	0.007100	0.055227	0.018990	-0.804858	-0.338985	0.487128	0.405875	-0.913255	0.035088	0.432977	0.225954	0.872626
18916	5.146697	0.297073	8.887679	0.003459	0.071784	0.022760	-0.805069	-0.339317	0.486547	0.406038	-0.913186	0.034999	0.432432	0.225734	0.872953
18917	5.151002	0.358382	8.830464	0.005130	0.087826	0.024487	-0.805343	-0.339695	0.485829	0.406203	-0.913117	0.034890	0.431767	0.225444	0.873357
18918	4.995949	0.377710	8.886201	0.019825	0.106347	0.022975	-0.805701	-0.340107	0.484946	0.406438	-0.913010	0.034944	0.430876	0.225255	0.873845
18919	4.825254	0.439970	9.000473	0.034530	0.101323	0.017888	-0.806049	-0.340473	0.484110	0.406722	-0.912875	0.035175	0.429956	0.225251	0.874300
18920	4.796733	0.465040	8.974454	0.058360	0.093316	0.009839	-0.806403	-0.340736	0.483335	0.407017	-0.912726	0.035630	0.429012	0.225458	0.874710
18921	4.931084	0.465833	9.038716	0.080310	0.076997	0.002272	-0.806716	-0.340890	0.482704	0.407335	-0.912557	0.036301	0.428120	0.225907	0.875031
18922	5.207673	0.489284	8.869962	0.090511	0.094200	0.007585	-0.807081	-0.341134	0.481921	0.407748	-0.912342	0.037049	0.427038	0.226404	0.875431
18923	5.208642	0.342312	8.896169	0.094113	0.127544	0.015914	-0.807598	-0.341404	0.480862	0.408074	-0.912169	0.037729	0.425747	0.226697	0.875984
18924	5.016447	0.368328	9.128607	0.098009	0.133029	0.015635	-0.808093	-0.341810	0.479741	0.408582	-0.911909	0.038505	0.424318	0.227129	0.876565
18925	5.016406	0.341707	8.967854	0.076147	0.133751	0.020250	-0.808589	-0.342205	0.478623	0.408961	-0.911716	0.039044	0.423007	0.227308	0.877152
18926	4.852269	0.286234	9.028994	0.064374	0.136500	0.020954	-0.809073	-0.342669	0.477471	0.409367	-0.911514	0.039500	0.421687	0.227420	0.877759
18927	4.681932	0.248408	9.145634	0.043748	0.112621	0.017481	-0.809440	-0.343115	0.476529	0.409757	-0.911324	0.039841	0.420602	0.227510	0.878256
18928	4.530713	0.415973	9.045188	0.031061	0.083978	0.010674	-0.809743	-0.343365	0.475833	0.409939	-0.911233	0.040054	0.419842	0.227496	0.878623
18929	4.360713	0.423603	9.194438	0.023877	0.024523	0.002668	-0.809873	-0.343287	0.475668	0.409850	-0.911269	0.040154	0.419676	0.227472	0.878708
18930	4.592253	0.492893	9.094633	0.017343	-0.030097	-0.004792	-0.809760	-0.343137	0.475968	0.409849	-0.911262	0.040321	0.419896	0.227726	0.878538
18931	4.905582	0.567563	8.948033	-0.009874	-0.037853	-0.005290	-0.809624	-0.342942	0.476339	0.409688	-0.911339	0.040217	0.420314	0.227711	0.878341
18932	4.807028	0.497254	9.020366	-0.003241	-0.045014	-0.001161	-0.809434	-0.342791	0.476772	0.409629	-0.911367	0.040186	0.420739	0.227827	0.878108
18933	5.006727	0.472098	8.934517	0.004458	-0.046510	-0.005885	-0.809214	-0.342699	0.477210	0.409700	-0.911330	0.040283	0.421091	0.228111	0.877865
18934	5.081563	0.342375	8.932302	0.000236	-0.031332	-0.005637	-0.809099	-0.342538	0.477521	0.409620	-0.911365	0.040304	0.421390	0.228212	0.877696
18935	5.054679	0.454186	9.027147	-0.003888	-0.029042	-0.003215	-0.808953	-0.342477	0.477811	0.409646	-0.911353	0.040322	0.421645	0.228352	0.877537
18936	5.089678	0.393877	8.944535	-0.018969	-0.005065	0.003217	-0.808912	-0.342457	0.477895	0.409556	-0.911402	0.040132	0.421811	0.228188	0.877500
18937	4.972912	0.423772	8.983078	-0.025292	0.009542	0.006127	-0.808939	-0.342442	0.477860	0.409393	-0.911488	0.039850	0.421918	0.227868	0.877531
18938	5.038862	0.365901	8.999846	-0.031204	0.011436	0.009701	-0.808942	-0.342518	0.477802	0.409304	-0.911542	0.039521	0.422000	0.227537	0.877578
18939	4.972745	0.473571	8.945038	-0.036643	0.027631	0.014533	-0.808960	-0.342757	0.477600	0.409338	-0.911542	0.039156	0.421932	0.227176	0.877704
18940	4.731747	0.453739	9.028529	-0.025625	0.032956	0.011116	-0.809047	-0.342895	0.477354	0.409285	-0.911578	0.038870	0.421817	0.226821	0.877851
18941	4.837494	0.442053	8.993533	-0.018066	0.021825	0.007173	-0.809115	-0.342933	0.477211	0.409184	-0.911633	0.038659	0.421784	0.226546	0.877938
18942	4.878075	0.514533	8.922310	-0.007969	0.023848	0.003283	-0.809196	-0.342979	0.477041	0.409141	-0.911656	0.038565	0.421670	0.226384	0.878035
18943	4.701714	0.481926	9.166446	0.004027	0.017867	0.003958	-0.809234	-0.343045	0.476929	0.409216	-0.911620	0.038632	0.421525	0.226429	0.878092
18944	5.000024	0.398198	8.977524	-0.013224	-0.013813	0.005401	-0.809147	-0.343025	0.477090	0.409168	-0.911647	0.038482	0.421738	0.226348	0.878011
18945	5.107252	0.359519	8.960940	-0.005012	0.007970	0.009043	-0.809099	-0.343185	0.477058	0.409311	-0.911585	0.038426	0.421692	0.226355	0.878032
18946	4.997587	0.463112	9.103486	-0.011392	0.016374	0.009851	-0.809121	-0.343274	0.476956	0.409308	-0.911593	0.038271	0.421652	0.226187	0.878094
18947	5.197810	0.448837	8.890730	-0.020704	0.036096	0.022040	-0.809199	-0.343447	0.476698	0.409292	-0.911613	0.037985	0.421518	0.225846	0.878246
18948	4.946865	0.452495	8.976582	-0.016908	0.057221	0.024618	-0.809333	-0.343763	0.476243	0.409384	-0.911582	0.037712	0.421171	0.225488	0.878505
18949	4.839771	0.412190	8.979001	-0.016105	0.048114	0.020880	-0.809441	-0.344023	0.475871	0.409448	-0.911564	0.037459	0.420900	0.225165	0.878717
18950	4.783297	0.362910	9.000909	-0.011474	0.041029	0.019778	-0.809527	-0.344258	0.475556	0.409525	-0.911538	0.037256	0.420661	0.224911	0.878896
18951	4.705851	0.279478	9.031018	-0.003384	0.022320	0.012168	-0.809569	-0.344361	0.475409	0.409551	-0.911530	0.037157	0.420554	0.224785	0.878980
18952	4.661392	0.204729	9.104062	-0.006361	0.012901	0.004353	-0.809599	-0.344392	0.475335	0.409524	-0.911546	0.037072	0.420522	0.224675	0.879023
18953	4.586307	0.314202	9.015463	-0.009545	-0.012362	-0.004794	-0.809553	-0.344292	0.475485	0.409438	-0.911586	0.037035	0.420695	0.224663	0.878944
18954	4.729948	0.436438	9.107354	-0.001430	-0.050173	-0.012354	-0.809386	-0.344029	0.475960	0.409296	-0.911648	0.037073	0.421154	0.224815	0.878685
18955	4.992129	0.468579	8.925186	0.010108	-0.073236	-0.017937	-0.809098	-0.343781	0.476629	0.409317	-0.911630	0.037296	0.421687	0.225268	0.878313
18956	5.132676	0.388048	8.934341	-0.000271	-0.057385	-0.019041	-0.808927	-0.343441	0.477164	0.409126	-0.911712	0.037376	0.422199	0.225455	0.878019
18957	5.176192	0.628998	9.036307	-0.006361	-0.038763	-0.006199	-0.808816	-0.343161	0.477553	0.408894	-0.911819	0.037314	0.422637	0.225448	0.877810
18958	5.214273	0.497246	8.882533	-0.024787	0.004764	0.007432	-0.808800	-0.343202	0.477552	0.408814	-0.911865	0.037053	0.422746	0.225198	0.877822
18959	5.245828	0.465764	9.056048	-0.030396	0.037681	0.021553	-0.808829	-0.343534	0.477263	0.408935	-0.911825	0.036702	0.422572	0.224855	0.877994
18960	5.123864	0.429942	8.917820	-0.046047	0.091116	0.036627	-0.809058	-0.344034	0.476515	0.409002	-0.911818	0.036115	0.422070	0.224115	0.878425
18961	4.760417	0.279245	9.085030	-0.061478	0.105975	0.037458	-0.809308	-0.344663	0.475634	0.409140	-0.911783	0.035452	0.421456	0.223293	0.878928
18962	4.781123	0.287836	9.024580	-0.069708	0.084217	0.033767	-0.809518	-0.345121	0.474944	0.409084	-0.911838	0.034671	0.421106	0.222359	0.879333
18963	4.853968	0.315381	8.964096	-0.065406	0.088810	0.025577	-0.809766	-0.345544	0.474214	0.409034	-0.911886	0.034003	0.420679	0.221504	0.879753
18964	4.700104	0.356714	8.997436	-0.066793	0.092044	0.022326	-0.810055	-0.345914	0.473450	0.408899	-0.911972	0.033302	0.420253	0.220569	0.880191
18965	4.537754	0.554507	9.009147	-0.034975	0.055611	0.007602	-0.810274	-0.346002	0.473011	0.408691	-0.912079	0.032918	0.420033	0.219988	0.880442
18966	4.805374	0.481435	8.868720	-0.009013	0.027272	-0.001438	-0.810388	-0.346012	0.472808	0.408607	-0.912120	0.032837	0.419896	0.219804	0.880553
18967	4.736102	0.472233	9.001755	0.019513	0.016575	-0.006826	-0.810536	-0.345786	0.472718	0.408400	-0.912207	0.032989	0.419809	0.219797	0.880596
18968	4.829403	0.407912	8.973293	0.034257	0.011494	-0.011774	-0.810626	-0.345667	0.472651	0.408413	-0.912188	0.033339	0.419623	0.220062	0.880619
18969	4.660325	0.521117	9.116343	0.054679	-0.008564	-0.016632	-0.810635	-0.345491	0.472765	0.408545	-0.912106	0.033963	0.419478	0.220677	0.880534
18970	4.981171	0.294632	8.926692	0.052345	-0.029468	-0.018895	-0.810582	-0.345216	0.473057	0.408576	-0.912072	0.034505	0.419550	0.221249	0.880356
18971	5.014074	0.307483	8.969598	0.039703	-0.000218	-0.013074	-0.810581	-0.345179	0.473086	0.408757	-0.911974	0.034955	0.419377	0.221711	0.880322
18972	5.077339	0.294387	9.131055	0.023885	-0.008081	-0.007843	-0.810572	-0.345052	0.473193	0.408759	-0.911964	0.035194	0.419391	0.221949	0.880256
18973	4.938397	0.357881	9.029350	0.003847	0.022846	0.001166	-0.810652	-0.345081	0.473035	0.408761	-0.911961	0.035226	0.419234	0.221914	0.880339
18974	4.866096	0.328575	9.073078	0.005670	0.008621	0.003615	-0.810667	-0.345095	0.472999	0.408780	-0.911952	0.035251	0.419187	0.221929	0.880358
18975	4.801689	0.280509	9.060153	0.003925	0.009944	0.003316	-0.810662	-0.345175	0.472949	0.408870	-0.911910	0.035282	0.419109	0.221977	0.880383
18976	4.686010	0.373159	9.004117	-0.006151	0.005158	0.002173	-0.810669	-0.345169	0.472943	0.408827	-0.911933	0.035210	0.419139	0.221896	0.880389
18977	4.566709	0.477248	9.112409	0.020095	-0.024721	-0.006892	-0.810594	-0.344988	0.473202	0.408785	-0.911944	0.035393	0.419324	0.222128	0.880242
18978	4.797807	0.494532	8.997743	0.021989	-0.044487	-0.014432	-0.810460	-0.344720	0.473627	0.408725	-0.911961	0.035647	0.419641	0.222474	0.880004
18979	4.906834	0.592068	8.956679	0.036561	-0.040095	-0.018652	-0.810350	-0.344443	0.474016	0.408739	-0.911937	0.036101	0.419838	0.223003	0.879776
18980	5.020851	0.546523	9.101676	0.043189	-0.042784	-0.010966	-0.810209	-0.344210	0.474427	0.408797	-0.911894	0.036525	0.420055	0.223537	0.879537
18981	5.158796	0.437639	8.859081	0.036821	-0.001790	0.000432	-0.810204	-0.344136	0.474489	0.408884	-0.911842	0.036843	0.419980	0.223861	0.879490
18982	4.852510	0.287556	9.040696	0.035655	0.021765	0.002066	-0.810280	-0.344166	0.474337	0.409016	-0.911771	0.037139	0.419705	0.224104	0.879560
18983	4.978505	0.419739	8.993434	0.036374	0.009219	0.001219	-0.810313	-0.344142	0.474299	0.409105	-0.911720	0.037407	0.419555	0.224349	0.879569
