// General information: 
//  MT Manager version: 2022.2.0 
//  XDA version: 2022.2.0 build 7381 rev 124627 built on 2023-07-19
// Device information: 
//  DeviceId: 00B4CB9F
//  ProductCode: MTW2-3A7G6
//  Firmware Version: 4.6.0
//  Hardware Version: 2.0.0
// Device settings: 
//  Filter Profile: human(46.1)
//  Option Flags: Orientation Smoother Disabled, Position/Velocity Smoother Disabled, Continuous Zero Rotation Update Disabled, AHS Disabled, ICC Disabled
// Coordinate system: ENU
PacketCounter	Acc_X	Acc_Y	Acc_Z	Gyr_X	Gyr_Y	Gyr_Z	Mat[1][1]	Mat[2][1]	Mat[3][1]	Mat[1][2]	Mat[2][2]	Mat[3][2]	Mat[1][3]	Mat[2][3]	Mat[3][3]
20271	9.717276	0.328954	-1.023309	0.013957	-0.004133	0.000100	-0.040024	-0.100356	0.994146	-0.634603	0.771067	0.052288	-0.771801	-0.628796	-0.094547
20272	9.786154	0.382574	-1.032932	0.020505	-0.005595	0.004048	-0.040147	-0.100350	0.994142	-0.634771	0.770936	0.052185	-0.771657	-0.628957	-0.094650
20273	9.751774	0.479151	-1.045355	0.024875	-0.008380	0.000474	-0.040211	-0.100372	0.994137	-0.635090	0.770678	0.052122	-0.771391	-0.629270	-0.094735
20274	9.718747	0.480613	-1.089880	0.032097	-0.009469	-0.004831	-0.040308	-0.100459	0.994124	-0.635350	0.770465	0.052097	-0.771172	-0.629517	-0.094883
20275	9.797955	0.472586	-0.931953	0.030626	-0.006518	-0.003051	-0.040336	-0.100489	0.994120	-0.635660	0.770212	0.052064	-0.770915	-0.629822	-0.094945
20276	9.796539	0.568080	-0.900336	0.013539	0.005101	-0.001049	-0.040345	-0.100455	0.994123	-0.635775	0.770119	0.052018	-0.770819	-0.629940	-0.094937
20277	9.774156	0.613404	-0.867668	0.002478	0.004861	-0.004647	-0.040470	-0.100441	0.994120	-0.635626	0.770248	0.051947	-0.770936	-0.629786	-0.095015
20278	9.744172	0.532208	-0.792235	-0.012623	0.010311	0.000008	-0.040445	-0.100367	0.994128	-0.635539	0.770321	0.051915	-0.771009	-0.629707	-0.094942
20279	9.727658	0.409419	-0.796539	-0.017933	0.011932	-0.007116	-0.040305	-0.100351	0.994135	-0.635775	0.770123	0.051962	-0.770821	-0.629952	-0.094841
20280	9.720224	0.389604	-0.845222	-0.009331	0.010952	-0.014076	-0.040186	-0.100381	0.994137	-0.635720	0.770162	0.052068	-0.770873	-0.629901	-0.094763
20281	9.733770	0.420644	-0.894460	0.004112	0.010038	-0.018408	-0.040091	-0.100418	0.994137	-0.635620	0.770237	0.052169	-0.770960	-0.629802	-0.094708
20282	9.774241	0.476206	-0.922287	0.008858	0.008627	-0.017361	-0.039969	-0.100488	0.994135	-0.635706	0.770158	0.052290	-0.770896	-0.629888	-0.094663
20283	9.768291	0.432631	-0.973077	0.014656	0.013498	-0.019242	-0.039780	-0.100520	0.994140	-0.635888	0.769999	0.052412	-0.770755	-0.630077	-0.094550
20284	9.789330	0.412891	-1.002248	0.017534	0.010025	-0.005827	-0.039720	-0.100492	0.994145	-0.636037	0.769877	0.052410	-0.770636	-0.630231	-0.094496
20285	9.750563	0.369491	-1.096761	0.023660	0.008724	-0.006435	-0.039714	-0.100453	0.994149	-0.636131	0.769801	0.052372	-0.770558	-0.630329	-0.094474
20286	9.747647	0.418292	-1.092105	0.020901	0.008506	-0.003123	-0.039684	-0.100414	0.994154	-0.636305	0.769660	0.052340	-0.770416	-0.630508	-0.094437
20287	9.789622	0.448041	-1.122493	0.021043	-0.000625	-0.005010	-0.039698	-0.100417	0.994153	-0.636452	0.769540	0.052315	-0.770294	-0.630654	-0.094460
20288	9.804450	0.490259	-1.023062	0.021230	-0.002207	-0.003551	-0.039747	-0.100449	0.994148	-0.636628	0.769396	0.052287	-0.770146	-0.630824	-0.094530
20289	9.778967	0.512780	-1.017032	0.019804	-0.000785	-0.001835	-0.039789	-0.100451	0.994146	-0.636898	0.769177	0.052228	-0.769921	-0.631091	-0.094582
20290	9.838777	0.535887	-0.951893	0.013443	0.003628	-0.002626	-0.039799	-0.100438	0.994147	-0.637013	0.769083	0.052198	-0.769825	-0.631207	-0.094590
20291	9.787911	0.581167	-0.938673	0.000629	0.010974	-0.005790	-0.039782	-0.100405	0.994151	-0.637083	0.769027	0.052175	-0.769768	-0.631281	-0.094560
20292	9.771515	0.529907	-0.912781	-0.010666	0.018376	-0.009091	-0.039637	-0.100349	0.994162	-0.637016	0.769079	0.052232	-0.769831	-0.631227	-0.094408
20293	9.698338	0.478371	-0.925595	-0.012140	0.021328	-0.007314	-0.039507	-0.100248	0.994178	-0.636942	0.769139	0.052245	-0.769898	-0.631170	-0.094239
20294	9.705951	0.428985	-0.903538	-0.005967	0.018497	-0.007980	-0.039368	-0.100183	0.994190	-0.636911	0.769162	0.052287	-0.769932	-0.631152	-0.094088
20295	9.743618	0.460731	-0.956268	-0.000896	0.019995	-0.002249	-0.039310	-0.100067	0.994204	-0.636993	0.769098	0.052224	-0.769866	-0.631248	-0.093975
20296	9.745302	0.436817	-0.956245	0.000345	0.020155	-0.005424	-0.039175	-0.099972	0.994219	-0.637009	0.769084	0.052234	-0.769860	-0.631280	-0.093812
20297	9.770936	0.414890	-0.960603	-0.001128	0.018567	-0.005349	-0.038959	-0.099908	0.994234	-0.637522	0.768658	0.052259	-0.769447	-0.631809	-0.093640
20298	9.775528	0.413718	-0.934834	-0.002508	0.018458	-0.003694	-0.038848	-0.099810	0.994248	-0.637515	0.768664	0.052255	-0.769458	-0.631818	-0.093492
20299	9.745768	0.438117	-0.950887	-0.000754	0.015404	-0.002431	-0.038857	-0.099713	0.994257	-0.637379	0.768781	0.052190	-0.769570	-0.631691	-0.093428
20300	9.775652	0.485601	-0.902209	0.008416	0.009681	-0.005005	-0.038806	-0.099680	0.994263	-0.637457	0.768716	0.052188	-0.769508	-0.631775	-0.093373
20301	9.766707	0.560599	-0.919760	0.006948	0.003554	-0.006633	-0.038827	-0.099682	0.994262	-0.637484	0.768695	0.052173	-0.769485	-0.631800	-0.093392
20302	9.781517	0.531931	-0.849289	-0.000655	0.007804	-0.004256	-0.038795	-0.099656	0.994265	-0.637492	0.768689	0.052172	-0.769480	-0.631812	-0.093351
20303	9.824727	0.503538	-0.758842	-0.010100	0.009089	-0.006424	-0.038729	-0.099625	0.994271	-0.637512	0.768671	0.052188	-0.769466	-0.631839	-0.093282
20304	9.772468	0.502165	-0.772663	-0.013522	0.021214	-0.005668	-0.038584	-0.099525	0.994287	-0.637422	0.768744	0.052213	-0.769548	-0.631765	-0.093101
20305	9.735403	0.505733	-0.838183	-0.013197	0.019581	-0.002690	-0.038609	-0.099406	0.994298	-0.637131	0.768990	0.052140	-0.769788	-0.631485	-0.093025
20306	9.688162	0.465438	-0.979847	-0.014387	0.013352	-0.001279	-0.038553	-0.099322	0.994308	-0.637032	0.769073	0.052123	-0.769873	-0.631397	-0.092922
20307	9.758814	0.424014	-1.019409	-0.010650	0.008671	0.004347	-0.038564	-0.099243	0.994316	-0.637316	0.768845	0.052021	-0.769637	-0.631687	-0.092899
20308	9.847494	0.410148	-1.085491	-0.006228	0.008897	0.002424	-0.038566	-0.099158	0.994324	-0.637279	0.768880	0.051959	-0.769668	-0.631658	-0.092844
20309	9.825156	0.383910	-1.082257	0.001233	0.009238	0.000232	-0.038614	-0.099081	0.994330	-0.637238	0.768919	0.051873	-0.769699	-0.631622	-0.092829
20310	9.778672	0.427039	-1.045036	0.009018	0.007947	0.001019	-0.038615	-0.099013	0.994337	-0.637319	0.768856	0.051810	-0.769632	-0.631709	-0.092792
20311	9.775564	0.546503	-1.010478	-0.001440	0.010498	0.005121	-0.038687	-0.098917	0.994343	-0.637495	0.768720	0.051669	-0.769482	-0.631890	-0.092799
20312	9.740953	0.537481	-0.928941	-0.010746	0.011732	0.004467	-0.038681	-0.098799	0.994355	-0.637423	0.768785	0.051590	-0.769543	-0.631829	-0.092714
20313	9.754283	0.532055	-0.855714	-0.016645	0.014457	0.008165	-0.038719	-0.098625	0.994371	-0.637307	0.768891	0.051445	-0.769636	-0.631728	-0.092625
20314	9.731990	0.505348	-0.851973	-0.019775	0.012862	0.006852	-0.038719	-0.098481	0.994385	-0.637164	0.769015	0.051351	-0.769755	-0.631599	-0.092524
20315	9.760488	0.505180	-0.830834	-0.030739	0.014091	0.004811	-0.038812	-0.098338	0.994396	-0.636764	0.769355	0.051230	-0.770081	-0.631207	-0.092479
20316	9.739707	0.454836	-0.828666	-0.034520	0.020303	-0.000754	-0.038707	-0.098206	0.994413	-0.636510	0.769565	0.051225	-0.770296	-0.630972	-0.092297
20317	9.745766	0.429381	-0.804463	-0.037883	0.021822	-0.003465	-0.038617	-0.098095	0.994428	-0.636380	0.769674	0.051212	-0.770408	-0.630856	-0.092148
20318	9.761163	0.435085	-0.854347	-0.028489	0.022063	-0.001226	-0.038495	-0.097956	0.994446	-0.636173	0.769845	0.051206	-0.770585	-0.630669	-0.091952
20319	9.731481	0.459429	-0.869963	-0.022039	0.019129	0.001155	-0.038528	-0.097810	0.994459	-0.635872	0.770101	0.051108	-0.770832	-0.630380	-0.091865
20320	9.770645	0.537838	-0.894749	-0.018945	0.013179	-0.000880	-0.038477	-0.097724	0.994469	-0.635738	0.770212	0.051090	-0.770945	-0.630257	-0.091762
20321	9.797749	0.491308	-0.901887	-0.014057	0.007180	-0.000010	-0.038519	-0.097660	0.994474	-0.635641	0.770297	0.051025	-0.771023	-0.630163	-0.091748
20322	9.786268	0.471953	-0.975086	-0.013461	0.005437	0.006006	-0.038571	-0.097570	0.994481	-0.635547	0.770380	0.050933	-0.771098	-0.630075	-0.091725
20323	9.769745	0.419236	-0.950613	-0.006916	-0.000558	0.008263	-0.038629	-0.097502	0.994485	-0.635800	0.770179	0.050814	-0.770887	-0.630331	-0.091743
20324	9.822090	0.420403	-0.935060	-0.006827	0.000919	0.009845	-0.038740	-0.097410	0.994490	-0.635756	0.770225	0.050678	-0.770917	-0.630290	-0.091768
20325	9.825042	0.441979	-0.908376	-0.005551	0.013162	0.011736	-0.038771	-0.097194	0.994510	-0.635584	0.770377	0.050511	-0.771057	-0.630136	-0.091643
20326	9.748925	0.437138	-0.918427	0.001961	0.011975	0.009489	-0.038795	-0.097035	0.994525	-0.635608	0.770367	0.050370	-0.771037	-0.630173	-0.091563
20327	9.738866	0.463975	-0.963182	-0.008817	0.011624	0.008898	-0.038868	-0.096882	0.994537	-0.635612	0.770375	0.050205	-0.771030	-0.630188	-0.091522
20328	9.767328	0.463474	-0.942329	-0.015124	0.009970	0.006326	-0.038887	-0.096761	0.994548	-0.635505	0.770469	0.050111	-0.771117	-0.630091	-0.091453
20329	9.788604	0.442340	-0.971319	-0.022956	0.012795	0.005594	-0.038870	-0.096596	0.994564	-0.635212	0.770715	0.050029	-0.771359	-0.629815	-0.091317
20330	9.793103	0.440586	-0.945764	-0.026684	0.017485	-0.000030	-0.038791	-0.096476	0.994579	-0.635019	0.770876	0.050009	-0.771522	-0.629637	-0.091167
20331	9.797604	0.439262	-0.919887	-0.033085	0.018891	-0.002478	-0.038730	-0.096359	0.994593	-0.634783	0.771072	0.049984	-0.771719	-0.629414	-0.091031
20332	9.779640	0.411942	-0.891610	-0.033180	0.021950	-0.002351	-0.038602	-0.096229	0.994610	-0.634540	0.771272	0.049994	-0.771926	-0.629190	-0.090834
20333	9.700534	0.457249	-0.896706	-0.027051	0.020651	-0.002942	-0.038538	-0.096090	0.994626	-0.634171	0.771577	0.049970	-0.772232	-0.628837	-0.090673
20334	9.692016	0.461220	-0.943036	-0.015942	0.010293	-0.002793	-0.038497	-0.096037	0.994633	-0.634061	0.771667	0.049967	-0.772324	-0.628734	-0.090600
20335	9.723209	0.484114	-0.896253	-0.015623	0.008654	0.000182	-0.038526	-0.095963	0.994639	-0.633949	0.771763	0.049905	-0.772415	-0.628628	-0.090569
20336	9.782701	0.507007	-0.829609	-0.011293	0.011942	-0.001604	-0.038480	-0.095890	0.994648	-0.633875	0.771825	0.049886	-0.772478	-0.628562	-0.090482
20337	9.696189	0.602277	-0.855406	-0.011252	0.014946	0.000045	-0.038460	-0.095778	0.994659	-0.633813	0.771880	0.049818	-0.772529	-0.628512	-0.090392
20338	9.523254	0.721812	-0.938699	-0.025240	0.006996	-0.005176	-0.038429	-0.095764	0.994662	-0.633633	0.772026	0.049848	-0.772679	-0.628335	-0.090348
20339	9.403324	0.878762	-1.129687	-0.058062	-0.018701	-0.004845	-0.038640	-0.095905	0.994640	-0.633237	0.772349	0.049871	-0.772993	-0.627916	-0.090575
20340	9.323639	1.090195	-1.350790	-0.096648	-0.046278	-0.001021	-0.039048	-0.096193	0.994596	-0.632502	0.772948	0.049924	-0.773573	-0.627135	-0.091024
20341	9.589829	0.992071	-1.436164	-0.156717	-0.082841	0.016597	-0.039861	-0.096557	0.994529	-0.631237	0.773987	0.049844	-0.774565	-0.625797	-0.091802
20342	9.935517	0.610921	-1.335739	-0.227980	-0.080357	0.044476	-0.040821	-0.096704	0.994476	-0.629464	0.775447	0.049568	-0.775957	-0.623963	-0.092526
20343	10.143636	0.048668	-1.249330	-0.217975	-0.041971	0.051341	-0.041500	-0.096532	0.994464	-0.627683	0.776912	0.049220	-0.777362	-0.622165	-0.092833
20344	10.091505	-0.405976	-1.179956	-0.146071	-0.008537	0.044852	-0.041904	-0.096226	0.994477	-0.626540	0.777856	0.048865	-0.778262	-0.621032	-0.092884
20345	9.922874	-0.387581	-0.997918	-0.056372	0.017519	0.045687	-0.042100	-0.095767	0.994513	-0.626376	0.778017	0.048403	-0.778383	-0.620901	-0.092740
20346	9.789981	0.100079	-0.830470	0.020384	0.032143	0.051785	-0.042230	-0.095153	0.994566	-0.626525	0.777932	0.047825	-0.778256	-0.621101	-0.092468
20347	9.683727	0.600634	-0.790778	0.077282	0.030956	0.052817	-0.042436	-0.094558	0.994615	-0.627308	0.777343	0.047137	-0.777614	-0.621930	-0.092304
20348	9.659150	0.971513	-0.628378	0.097182	0.027103	0.050882	-0.042601	-0.093983	0.994662	-0.628055	0.776779	0.046497	-0.777002	-0.622721	-0.092118
20349	9.697476	0.972618	-0.408675	0.078798	0.031009	0.052677	-0.042823	-0.093364	0.994711	-0.628521	0.776442	0.045819	-0.776613	-0.623235	-0.091931
20350	9.688967	0.803844	-0.242913	0.068618	0.047009	0.065005	-0.042923	-0.092556	0.994782	-0.629038	0.776067	0.045065	-0.776188	-0.623822	-0.091533
20351	9.596732	0.609857	-0.136935	0.071734	0.061443	0.088358	-0.043098	-0.091472	0.994875	-0.629558	0.775704	0.044048	-0.775757	-0.624433	-0.091018
20352	9.477201	0.521278	-0.141616	0.082061	0.052162	0.097791	-0.043366	-0.090378	0.994963	-0.630165	0.775272	0.042956	-0.775249	-0.625128	-0.090573
20353	9.515176	0.461003	-0.373410	0.111081	0.017641	0.101460	-0.043945	-0.089460	0.995020	-0.630986	0.774668	0.041781	-0.774549	-0.626008	-0.090491
20354	9.632261	0.425151	-0.571001	0.141779	-0.018433	0.106471	-0.044817	-0.088741	0.995046	-0.632049	0.773867	0.040548	-0.773632	-0.627100	-0.090771
20355	9.772181	0.484849	-0.743623	0.176677	-0.046665	0.109922	-0.045919	-0.088194	0.995044	-0.633741	0.772550	0.039228	-0.772181	-0.628799	-0.091367
20356	10.042729	0.713505	-0.531506	0.189733	-0.060277	0.114357	-0.047166	-0.087681	0.995031	-0.635164	0.771448	0.037871	-0.770936	-0.630222	-0.092077
20357	10.154637	0.986761	-0.363258	0.149374	-0.050656	0.112146	-0.048299	-0.087103	0.995028	-0.636267	0.770601	0.036572	-0.769955	-0.631337	-0.092640
20358	10.203866	1.026882	-0.074785	0.079888	-0.026682	0.114601	-0.049290	-0.086378	0.995042	-0.636839	0.770188	0.035313	-0.769420	-0.631941	-0.092972
20359	10.151481	0.861536	0.269927	0.044550	-0.001883	0.121739	-0.050140	-0.085404	0.995084	-0.636930	0.770172	0.034007	-0.769290	-0.632093	-0.093013
20360	10.048473	0.740955	0.629737	0.030288	0.019998	0.140699	-0.050939	-0.084184	0.995147	-0.637104	0.770091	0.032534	-0.769093	-0.632355	-0.092862
20361	9.990479	0.861785	1.051283	0.016704	0.049856	0.152231	-0.051638	-0.082689	0.995237	-0.637226	0.770056	0.030917	-0.768945	-0.632594	-0.092455
20362	9.993934	1.002001	1.266691	0.003313	0.068177	0.144902	-0.052093	-0.081132	0.995341	-0.637189	0.770146	0.029427	-0.768945	-0.632687	-0.091815
20363	9.998701	1.081797	1.330295	-0.015062	0.088070	0.133465	-0.052276	-0.079536	0.995460	-0.637297	0.770107	0.028063	-0.768843	-0.632937	-0.090946
20364	9.955132	1.159057	1.405277	-0.055750	0.122313	0.133713	-0.052243	-0.077722	0.995605	-0.636811	0.770556	0.026738	-0.769248	-0.632615	-0.089751
20365	9.889945	1.231886	1.213949	-0.090967	0.151776	0.142487	-0.051969	-0.075649	0.995779	-0.636426	0.770921	0.025353	-0.769585	-0.632422	-0.088209
20366	9.885952	1.288745	0.939371	-0.118053	0.175165	0.154910	-0.051661	-0.073337	0.995968	-0.635449	0.771774	0.023868	-0.770413	-0.631654	-0.086473
20367	9.970767	1.365649	0.753469	-0.139313	0.198828	0.163772	-0.051146	-0.070800	0.996178	-0.634678	0.772454	0.022313	-0.771082	-0.631112	-0.084443
20368	9.980596	1.427681	0.707492	-0.187301	0.234366	0.167679	-0.050457	-0.068016	0.996408	-0.633161	0.773742	0.020754	-0.772374	-0.629839	-0.082105
20369	9.989882	1.381531	0.782471	-0.244194	0.287035	0.160738	-0.049238	-0.064936	0.996674	-0.631493	0.775141	0.019305	-0.773816	-0.628442	-0.079173
20370	10.021804	1.203411	0.973207	-0.311668	0.351576	0.158201	-0.047567	-0.061492	0.996973	-0.629015	0.777186	0.017925	-0.775937	-0.626259	-0.075648
20371	10.082419	0.804975	1.147246	-0.393062	0.433268	0.177413	-0.045411	-0.057384	0.997319	-0.625858	0.779765	0.016369	-0.778614	-0.623437	-0.071324
20372	10.607102	0.520463	1.514184	-0.451736	0.507018	0.211335	-0.042831	-0.052569	0.997698	-0.622254	0.782680	0.014527	-0.781643	-0.620200	-0.066234
20373	11.851663	0.374690	2.343669	-0.470666	0.571830	0.221957	-0.039793	-0.047287	0.998088	-0.618825	0.785428	0.012540	-0.784520	-0.617144	-0.060517
20374	11.463025	0.726920	3.064704	-0.510712	0.805139	0.193702	-0.034713	-0.040797	0.998564	-0.614752	0.788646	0.010850	-0.787956	-0.613493	-0.052456
20375	10.033928	0.696915	2.781380	-0.533021	0.868947	0.132655	-0.028584	-0.034346	0.999001	-0.610724	0.791784	0.009747	-0.791328	-0.609835	-0.043608
20376	11.044082	1.097359	3.860824	-0.642136	0.925337	0.098144	-0.021895	-0.027934	0.999370	-0.605619	0.795704	0.008973	-0.795453	-0.605041	-0.034339
20377	10.913161	1.406047	4.152907	-0.792985	1.038762	0.046097	-0.013926	-0.021264	0.999677	-0.599535	0.800302	0.008671	-0.800228	-0.599220	-0.023894
20378	10.810411	1.654502	4.327898	-0.969401	1.155845	0.002887	-0.004715	-0.014345	0.999886	-0.591765	0.806063	0.008774	-0.806097	-0.591656	-0.012290
20379	9.826806	1.849222	4.348287	-1.130073	1.324556	-0.074858	0.006301	-0.007148	0.999955	-0.582532	0.812753	0.009481	-0.812783	-0.582565	0.000957
20380	10.240590	1.486507	4.441678	-1.223346	1.379808	-0.130157	0.018260	-0.000226	0.999833	-0.572548	0.819802	0.010642	-0.819668	-0.572647	0.014840
20381	9.607998	1.173810	4.323844	-1.314204	1.469007	-0.184779	0.031254	0.006596	0.999490	-0.561337	0.827499	0.012093	-0.826997	-0.561429	0.029565
20382	9.998776	0.416905	4.031814	-1.349959	1.477843	-0.249430	0.044859	0.012751	0.998912	-0.550050	0.835014	0.014042	-0.833926	-0.550081	0.044471
20383	9.716867	-0.719672	2.785075	-1.275590	1.470206	-0.284174	0.058524	0.018360	0.998117	-0.538913	0.842207	0.016107	-0.840326	-0.538841	0.059183
20384	8.566506	-1.630480	1.557078	-0.953168	1.348664	-0.258719	0.071214	0.023403	0.997186	-0.530736	0.847346	0.018016	-0.844540	-0.530526	0.072764
20385	9.695728	-1.972440	1.493344	-0.480116	1.143885	-0.182418	0.081574	0.027806	0.996279	-0.525848	0.850359	0.019323	-0.846658	-0.525468	0.083989
20386	10.261804	-1.970912	0.395705	-0.019201	1.051154	-0.104243	0.090963	0.032458	0.995325	-0.525617	0.850479	0.020302	-0.845844	-0.525006	0.094422
20387	11.469611	-2.078465	-0.704497	0.308406	1.000576	-0.052311	0.099392	0.037235	0.994351	-0.528069	0.848942	0.020994	-0.843365	-0.527173	0.104041
20388	12.293803	-2.068538	-1.555492	0.449395	1.078702	-0.036644	0.108610	0.042647	0.993169	-0.531835	0.846567	0.021808	-0.839854	-0.530571	0.114626
20389	12.665782	-2.087746	-2.200533	0.484437	1.108466	-0.030203	0.117900	0.048285	0.991851	-0.535564	0.844193	0.022565	-0.836224	-0.533860	0.125390
20390	11.969373	-2.053330	-2.795192	0.513831	1.106859	-0.002330	0.127089	0.054212	0.990409	-0.539870	0.841428	0.023219	-0.832099	-0.537643	0.136204
20391	11.925567	-1.623831	-3.068405	0.628209	1.083822	0.024460	0.135901	0.060395	0.988880	-0.545272	0.837923	0.023761	-0.827170	-0.542437	0.146807
20392	11.210068	-1.103084	-3.226914	0.765970	1.039447	0.010826	0.144355	0.066170	0.987311	-0.551625	0.833724	0.024776	-0.821506	-0.548202	0.156853
20393	11.137577	-0.186067	-3.142779	0.888384	1.016147	-0.020618	0.152742	0.071731	0.985660	-0.559026	0.828732	0.026318	-0.814960	-0.555030	0.166681
20394	10.646255	0.911144	-2.685788	0.882287	1.026173	-0.083243	0.161483	0.076788	0.983884	-0.566081	0.823853	0.028612	-0.808378	-0.561578	0.176506
20395	10.026108	2.047684	-2.313052	0.693140	1.037946	-0.159165	0.170702	0.081444	0.981951	-0.571539	0.819976	0.031347	-0.802623	-0.566574	0.186520
20396	9.253528	2.659979	-1.911766	0.372333	1.045043	-0.226494	0.180311	0.085536	0.979883	-0.574148	0.818035	0.034242	-0.798650	-0.568772	0.196611
20397	8.688946	3.114366	-1.596146	-0.047481	1.037170	-0.236339	0.189894	0.089580	0.977709	-0.573440	0.818439	0.036388	-0.796936	-0.567567	0.206786
20398	8.237732	2.993175	-1.129685	-0.528504	1.037385	-0.231681	0.199434	0.093556	0.975435	-0.568800	0.821621	0.037491	-0.797930	-0.562304	0.217074
20399	7.800630	2.225040	-0.813906	-0.977422	1.027490	-0.203644	0.208753	0.097669	0.973079	-0.560647	0.827217	0.037246	-0.801310	-0.553329	0.227442
20400	7.421788	1.091995	-0.720800	-1.316380	0.972402	-0.150656	0.217352	0.101757	0.970775	-0.549769	0.834557	0.035612	-0.806543	-0.541443	0.237335
20401	7.331312	0.080912	-0.647907	-1.526476	0.889627	-0.089005	0.224992	0.105811	0.968598	-0.537272	0.842773	0.032735	-0.812845	-0.527766	0.246467
20402	7.219798	-0.854348	-0.524552	-1.614640	0.795327	-0.015235	0.231510	0.109840	0.966612	-0.524086	0.851178	0.028799	-0.819596	-0.513255	0.254622
20403	7.360499	-1.603188	-0.276382	-1.597471	0.685471	0.054399	0.236822	0.113815	0.964864	-0.511121	0.859171	0.024105	-0.826239	-0.498871	0.261644
20404	7.598466	-2.110558	0.099491	-1.507903	0.586824	0.100446	0.241127	0.117589	0.963343	-0.498884	0.866458	0.019109	-0.832450	-0.485204	0.267590
20405	7.783174	-2.362341	0.364231	-1.342711	0.470268	0.123523	0.244394	0.120963	0.962102	-0.488029	0.872711	0.014245	-0.837914	-0.473015	0.272319
20406	8.000883	-2.304016	0.480265	-1.128059	0.341370	0.108011	0.246687	0.123527	0.961190	-0.478845	0.877842	0.010078	-0.842528	-0.462747	0.275702
20407	8.047240	-2.093044	0.421585	-0.868058	0.178915	0.075478	0.247783	0.125068	0.960709	-0.471771	0.881694	0.006897	-0.846189	-0.454944	0.277473
20408	8.284116	-1.747426	0.614633	-0.642555	0.007396	0.039444	0.247608	0.125472	0.960701	-0.466452	0.884534	0.004698	-0.849184	-0.449284	0.277544
20409	8.229325	-1.664446	0.717139	-0.479723	-0.169913	0.014355	0.246038	0.124901	0.961179	-0.462483	0.886622	0.003172	-0.851807	-0.445309	0.275907
20410	7.995376	-1.397014	1.270871	-0.371437	-0.298867	0.003977	0.243418	0.123632	0.962010	-0.459354	0.888251	0.002077	-0.854249	-0.442409	0.273007
20411	8.346452	-0.865429	2.452379	-0.308589	-0.416548	-0.022122	0.239895	0.121663	0.963145	-0.456742	0.889598	0.001390	-0.856643	-0.440242	0.268979
20412	9.006143	-1.186017	3.840801	-0.245301	-0.433592	0.017197	0.236045	0.119934	0.964312	-0.454708	0.890640	0.000532	-0.858792	-0.438606	0.264766
20413	7.477398	-1.046658	1.749534	0.039732	-0.395799	0.099508	0.232131	0.119156	0.965359	-0.455373	0.890301	-0.000392	-0.859506	-0.439507	0.260927
20414	7.439436	0.187041	4.618000	0.561631	-0.614157	0.021964	0.226702	0.116658	0.966953	-0.460277	0.887775	0.000807	-0.858342	-0.445249	0.254955
20415	8.698892	2.239173	7.587013	0.927336	-0.755369	-0.256482	0.221358	0.111066	0.968847	-0.467747	0.883845	0.005547	-0.855695	-0.454403	0.247597
20416	9.315080	2.191582	8.678432	1.065475	-0.705535	-0.494832	0.217614	0.103483	0.970534	-0.475788	0.879465	0.012909	-0.852215	-0.464578	0.240620
20417	9.229216	0.354279	8.189785	0.784129	-0.594779	-0.467918	0.214739	0.096673	0.971875	-0.481554	0.876205	0.019244	-0.849702	-0.472143	0.234708
20418	9.776821	-0.799318	8.724190	0.308290	-0.432989	-0.286781	0.212391	0.092132	0.972832	-0.483588	0.875001	0.022711	-0.849136	-0.475274	0.230396
20419	10.296893	-0.700783	9.163087	-0.012837	-0.210128	-0.196233	0.211506	0.089520	0.973268	-0.483195	0.875170	0.024508	-0.849581	-0.475462	0.228359
20420	10.775941	0.268991	8.602870	-0.103506	-0.059158	-0.273234	0.212268	0.086869	0.973343	-0.481765	0.875888	0.026893	-0.850203	-0.474631	0.227773
20421	10.768151	0.639781	6.935030	-0.135353	0.050128	-0.329487	0.214234	0.084347	0.973134	-0.480072	0.876726	0.029696	-0.850667	-0.473536	0.228317
20422	8.516137	-0.542960	3.578174	-0.330043	0.296097	-0.261156	0.217950	0.083474	0.972384	-0.476728	0.878489	0.031440	-0.851604	-0.470414	0.231261
20423	6.165314	-1.823029	-0.555768	-0.154960	-0.094954	-0.217426	0.218134	0.081257	0.972530	-0.475108	0.879305	0.033097	-0.852461	-0.469277	0.230412
20424	7.394607	-1.390631	0.527915	-0.084800	-0.503666	-0.138029	0.214438	0.077702	0.973642	-0.474115	0.879798	0.034208	-0.853950	-0.468954	0.225502
20425	10.240693	-0.512870	3.123532	-0.268498	-0.584208	-0.066400	0.209713	0.074526	0.974919	-0.471858	0.881013	0.034153	-0.856371	-0.467186	0.219925
20426	11.233036	-0.490092	3.323258	-0.303726	-0.517773	-0.078569	0.205589	0.071442	0.976027	-0.469119	0.882472	0.034220	-0.858872	-0.464908	0.214941
20427	11.125658	-0.966983	2.344126	-0.120066	-0.536529	-0.087382	0.201344	0.068326	0.977135	-0.468097	0.882995	0.034711	-0.860433	-0.464383	0.209768
20428	12.001150	-0.325077	2.105009	0.033878	-0.542826	-0.028923	0.196753	0.065570	0.978258	-0.468360	0.882843	0.035025	-0.861352	-0.465068	0.204412
20429	12.718275	0.921579	2.273729	-0.010559	-0.461928	-0.003668	0.192747	0.063539	0.979189	-0.468455	0.882797	0.034928	-0.862206	-0.465439	0.199921
20430	11.957852	1.787812	2.079365	-0.195084	-0.413865	-0.060647	0.189405	0.061102	0.979996	-0.466684	0.883727	0.035097	-0.863905	-0.463996	0.195898
20431	10.713551	1.990679	1.247651	-0.427199	-0.480106	-0.134205	0.185834	0.057837	0.980877	-0.462920	0.885690	0.035479	-0.866701	-0.460661	0.191365
20432	10.121336	1.489312	0.148380	-0.582547	-0.597729	-0.187251	0.181451	0.053460	0.981946	-0.457545	0.888450	0.036178	-0.870476	-0.455849	0.185671
20433	10.336697	0.900154	-0.275321	-0.602275	-0.650457	-0.213053	0.176706	0.048744	0.983056	-0.452077	0.891208	0.037072	-0.874300	-0.450968	0.179518
20434	10.348601	0.659927	-0.724171	-0.512131	-0.617357	-0.268909	0.172454	0.043597	0.984052	-0.447150	0.893618	0.038772	-0.877677	-0.446705	0.173603
20435	9.877099	0.190036	-1.336433	-0.387293	-0.611779	-0.344498	0.168571	0.037909	0.984960	-0.443313	0.895410	0.041408	-0.880374	-0.443625	0.167746
20436	9.688265	-0.520144	-1.622540	-0.341276	-0.653634	-0.367635	0.164379	0.031748	0.985886	-0.439720	0.897035	0.044428	-0.882964	-0.440817	0.161414
20437	9.775453	-1.132014	-1.790373	-0.306112	-0.695880	-0.351289	0.159724	0.025645	0.986829	-0.436589	0.898416	0.047317	-0.885369	-0.438397	0.154695
20438	9.759921	-1.536462	-1.854066	-0.245249	-0.757896	-0.328038	0.154380	0.019406	0.987821	-0.433928	0.899551	0.050144	-0.887622	-0.436385	0.147294
20439	10.001541	-1.451031	-1.752865	-0.140734	-0.825918	-0.300060	0.148298	0.013213	0.988854	-0.432367	0.900149	0.052814	-0.889419	-0.435381	0.139203
20440	9.984818	-1.068467	-1.569300	-0.079884	-0.854903	-0.280005	0.141844	0.006998	0.989864	-0.431278	0.900514	0.055435	-0.890999	-0.434770	0.130751
20441	9.853963	-0.706323	-1.059501	-0.102097	-0.840171	-0.253632	0.135399	0.001169	0.990791	-0.430158	0.900906	0.057721	-0.892542	-0.434012	0.122484
20442	9.899610	-0.180708	-0.358526	-0.145462	-0.804562	-0.230383	0.129148	-0.004369	0.991616	-0.428582	0.901523	0.059790	-0.894225	-0.432710	0.114557
20443	9.809332	0.317245	0.364221	-0.169336	-0.754196	-0.215085	0.123271	-0.009463	0.992328	-0.426936	0.902179	0.061639	-0.895841	-0.431259	0.107172
20444	9.764845	0.955571	0.987589	-0.188834	-0.720330	-0.220830	0.117700	-0.014531	0.992943	-0.425004	0.902955	0.063592	-0.897507	-0.429489	0.100102
20445	9.390931	1.351413	1.437727	-0.236759	-0.675141	-0.249575	0.112647	-0.019577	0.993442	-0.422728	0.903869	0.065745	-0.899228	-0.427362	0.093542
20446	9.406511	1.419073	1.781899	-0.272249	-0.632286	-0.287732	0.108115	-0.024848	0.993828	-0.419987	0.904955	0.068315	-0.901067	-0.424780	0.087404
20447	9.177609	1.124043	1.959938	-0.274120	-0.609515	-0.313563	0.103887	-0.030171	0.994131	-0.417316	0.905975	0.071106	-0.902804	-0.422254	0.081528
20448	9.324589	0.805172	2.121685	-0.250345	-0.575851	-0.320565	0.099965	-0.035476	0.994358	-0.414754	0.906915	0.074052	-0.904426	-0.419817	0.075946
20449	9.676222	0.451164	2.315492	-0.185009	-0.513120	-0.327580	0.096637	-0.040499	0.994495	-0.412895	0.907511	0.077079	-0.905638	-0.418070	0.070977
20450	9.983385	0.275319	2.443863	-0.059665	-0.442368	-0.330776	0.093941	-0.045323	0.994546	-0.412066	0.907610	0.080283	-0.906298	-0.417360	0.066586
20451	10.192587	0.287261	2.541339	0.102166	-0.360920	-0.335937	0.092019	-0.049776	0.994512	-0.412824	0.906967	0.083592	-0.906150	-0.418251	0.062910
20452	10.036523	0.430131	2.371565	0.258288	-0.286901	-0.334898	0.090755	-0.053988	0.994409	-0.414884	0.905702	0.087037	-0.905337	-0.420464	0.059798
20453	9.709056	0.695606	1.870638	0.427178	-0.243648	-0.338105	0.089927	-0.057968	0.994260	-0.418597	0.903647	0.090545	-0.903709	-0.424337	0.056997
20454	9.468079	0.809576	1.005477	0.571143	-0.242652	-0.329736	0.089073	-0.061953	0.994096	-0.423484	0.901004	0.094096	-0.901514	-0.429365	0.054019
20455	9.031273	0.829824	-0.237253	0.711189	-0.272859	-0.311220	0.087913	-0.065824	0.993951	-0.429764	0.897666	0.097459	-0.898651	-0.435732	0.050628
20456	9.103474	0.900078	-1.083286	0.826628	-0.323151	-0.273954	0.086149	-0.069672	0.993843	-0.436967	0.893841	0.100539	-0.895342	-0.442938	0.046559
20457	9.393999	1.121909	-1.798768	0.878177	-0.407368	-0.226707	0.083477	-0.073409	0.993802	-0.444773	0.889692	0.103078	-0.891745	-0.450621	0.041619
20458	10.252708	1.591431	-1.776475	0.842425	-0.461902	-0.181816	0.080129	-0.077096	0.993799	-0.452148	0.885721	0.105168	-0.888336	-0.457771	0.036113
20459	9.946689	2.082759	-1.718660	0.735326	-0.435376	-0.155060	0.076938	-0.080380	0.993791	-0.458681	0.882152	0.106861	-0.885264	-0.464055	0.031003
20460	9.063449	2.466148	-1.668834	0.611939	-0.462039	-0.142981	0.073460	-0.083771	0.993774	-0.464010	0.879171	0.108410	-0.882779	-0.469084	0.025714
20461	10.173206	2.684202	-0.853941	0.446088	-0.526498	-0.104996	0.069267	-0.087091	0.993789	-0.467985	0.876930	0.109468	-0.881018	-0.472661	0.019985
20462	9.671107	2.593861	-0.740388	0.254867	-0.485409	-0.083181	0.065330	-0.090095	0.993788	-0.470199	0.875641	0.110294	-0.880139	-0.474484	0.014843
20463	9.867174	2.162904	-0.245162	0.113894	-0.474127	-0.063862	0.061417	-0.092836	0.993785	-0.471260	0.874999	0.110863	-0.879854	-0.475140	0.009990
20464	9.545611	1.528838	0.077361	0.039126	-0.422508	-0.053727	0.057899	-0.095290	0.993764	-0.471597	0.874755	0.111355	-0.879911	-0.475104	0.005709
20465	9.404909	0.824167	0.292220	0.065534	-0.398906	-0.042415	0.054548	-0.097490	0.993740	-0.472246	0.874361	0.111701	-0.879777	-0.475383	0.001656
20466	9.151858	0.453755	0.360192	0.162358	-0.388029	-0.034581	0.051246	-0.099616	0.993705	-0.473681	0.873546	0.111998	-0.879204	-0.476438	-0.002420
20467	9.096481	0.362777	0.355232	0.320395	-0.403317	-0.016465	0.047740	-0.101620	0.993677	-0.476582	0.871958	0.112069	-0.877833	-0.478918	-0.006803
20468	9.246644	0.837761	0.346849	0.473962	-0.421999	0.001052	0.043982	-0.103616	0.993644	-0.480763	0.869673	0.111969	-0.875747	-0.482632	-0.011565
20469	9.441991	1.378733	0.112630	0.588255	-0.442038	0.006159	0.040047	-0.105639	0.993598	-0.486010	0.866780	0.111744	-0.873035	-0.487373	-0.016630
20470	9.608200	1.971288	-0.063443	0.614739	-0.448224	0.008334	0.036046	-0.107740	0.993525	-0.491396	0.863770	0.111497	-0.870190	-0.492233	-0.021808
20471	9.486190	2.183695	-0.506097	0.581387	-0.461668	0.008310	0.031951	-0.109889	0.993430	-0.496537	0.860864	0.111195	-0.867427	-0.496828	-0.027058
20472	9.311731	2.060141	-0.973956	0.525276	-0.500115	0.009742	0.027517	-0.112278	0.993296	-0.501114	0.858247	0.110895	-0.864944	-0.500806	-0.032648
20473	9.558992	2.058641	-1.221609	0.450834	-0.568297	0.029000	0.022420	-0.114828	0.993132	-0.505097	0.855976	0.110372	-0.862771	-0.504103	-0.038808
20474	9.693230	2.270853	-1.484949	0.351758	-0.620543	0.042879	0.016800	-0.117575	0.992922	-0.508161	0.854241	0.109751	-0.861098	-0.506408	-0.045396
20475	9.911170	2.375888	-1.385691	0.230681	-0.653240	0.048637	0.010888	-0.120422	0.992663	-0.510226	0.853094	0.109087	-0.859971	-0.507670	-0.052154
20476	9.924853	2.228074	-0.880517	0.071936	-0.647727	0.062045	0.004948	-0.123159	0.992375	-0.510872	0.852797	0.108384	-0.859642	-0.507513	-0.058699
20477	9.030400	2.116988	-0.457657	-0.088323	-0.600241	0.073322	-0.000632	-0.125533	0.992089	-0.510178	0.853305	0.107647	-0.860068	-0.506074	-0.064584
20478	9.899065	1.716914	0.260114	-0.172059	-0.649653	0.087745	-0.006724	-0.128043	0.991746	-0.508717	0.854278	0.106846	-0.860908	-0.503799	-0.070882
20479	10.492659	1.364862	0.624789	-0.219936	-0.588736	0.104943	-0.012373	-0.130064	0.991428	-0.506866	0.855494	0.105905	-0.861936	-0.501211	-0.076510
20480	9.940239	1.164265	0.657028	-0.159980	-0.500863	0.101156	-0.017258	-0.131682	0.991142	-0.505494	0.856420	0.104981	-0.862657	-0.499204	-0.081345
20481	9.782134	1.150356	0.844579	-0.050511	-0.480741	0.097173	-0.021939	-0.133204	0.990846	-0.505099	0.856773	0.103997	-0.862783	-0.498193	-0.086078
20482	9.349273	1.372787	0.787983	0.009993	-0.463403	0.113964	-0.026566	-0.134513	0.990556	-0.505179	0.856869	0.102811	-0.862606	-0.497677	-0.090717
20483	9.482598	1.739746	0.807937	0.049702	-0.465403	0.125502	-0.031255	-0.135710	0.990256	-0.505633	0.856762	0.101456	-0.862182	-0.497535	-0.095397
20484	9.716077	1.847740	0.590902	0.074263	-0.449721	0.135893	-0.035872	-0.136761	0.989954	-0.506249	0.856571	0.099990	-0.861641	-0.497576	-0.099963
20485	9.592709	1.659021	0.096310	0.105209	-0.435288	0.147017	-0.040404	-0.137624	0.989660	-0.507160	0.856221	0.098362	-0.860904	-0.497942	-0.104392
20486	9.348883	1.510630	-0.310910	0.156130	-0.445700	0.156181	-0.045087	-0.138486	0.989338	-0.508457	0.855651	0.096601	-0.859906	-0.498680	-0.108993
20487	9.037486	1.518317	-0.667214	0.183387	-0.486458	0.173180	-0.050184	-0.139390	0.988965	-0.510017	0.854944	0.094620	-0.858699	-0.499641	-0.113996
20488	9.564286	1.718871	-0.681006	0.174245	-0.525854	0.198653	-0.055765	-0.140300	0.988537	-0.511427	0.854344	0.092404	-0.857515	-0.500412	-0.119396
20489	8.861617	1.424840	-1.306520	0.171342	-0.583610	0.199630	-0.061826	-0.141475	0.988009	-0.512833	0.853741	0.090158	-0.856259	-0.501110	-0.125336
20490	10.517824	1.405610	-0.494139	0.144949	-0.607933	0.245869	-0.068344	-0.142402	0.987447	-0.513933	0.853356	0.087494	-0.855103	-0.501502	-0.131507
20491	10.277869	1.188666	-0.386477	0.116276	-0.522835	0.269925	-0.074238	-0.142681	0.986981	-0.514786	0.853133	0.084610	-0.854098	-0.501803	-0.136785
20492	10.184929	1.198564	0.083083	0.123763	-0.465288	0.269654	-0.079653	-0.142695	0.986556	-0.515655	0.852890	0.081728	-0.853086	-0.502212	-0.141517
20493	9.886587	1.207823	0.404555	0.117273	-0.417069	0.263669	-0.084603	-0.142502	0.986172	-0.516499	0.852645	0.078897	-0.852098	-0.502682	-0.145739
20494	9.510599	1.418224	0.824451	0.127467	-0.385279	0.259985	-0.089282	-0.142201	0.985803	-0.517377	0.852367	0.076095	-0.851087	-0.503238	-0.149673
20495	8.954265	1.406621	1.089627	0.154503	-0.365744	0.262119	-0.093781	-0.141768	0.985448	-0.518517	0.851927	0.073215	-0.849909	-0.504105	-0.153404
20496	10.044167	1.215595	1.819422	0.191760	-0.358390	0.292512	-0.098397	-0.141064	0.985098	-0.519883	0.851366	0.069985	-0.848552	-0.505249	-0.157109
20497	10.469631	1.065726	1.878990	0.260811	-0.291215	0.313552	-0.102526	-0.139827	0.984854	-0.521849	0.850448	0.066418	-0.846854	-0.507136	-0.160162
20498	10.196166	1.160916	2.109535	0.336745	-0.160644	0.323888	-0.105634	-0.137870	0.984801	-0.524379	0.849178	0.062636	-0.844907	-0.509792	-0.161998
20499	9.693098	0.933905	1.766372	0.447383	-0.148237	0.322334	-0.108599	-0.135843	0.984760	-0.527894	0.847282	0.058663	-0.842338	-0.513478	-0.163725
20500	9.452044	0.755492	1.494652	0.497968	-0.166842	0.338625	-0.111851	-0.133817	0.984674	-0.531726	0.845164	0.054458	-0.839498	-0.517486	-0.165686
20501	9.458228	0.451046	1.155511	0.516269	-0.200282	0.365074	-0.115493	-0.131722	0.984536	-0.535733	0.842910	0.049928	-0.836452	-0.521682	-0.167918
20502	9.998054	0.367972	1.132356	0.506637	-0.238979	0.402282	-0.119706	-0.129566	0.984319	-0.539507	0.840775	0.045061	-0.833428	-0.525653	-0.170547
20503	10.896125	0.735477	1.592989	0.480554	-0.240235	0.417779	-0.123975	-0.127268	0.984090	-0.543106	0.838709	0.040046	-0.830461	-0.529500	-0.173099
20504	10.676721	1.431710	1.726644	0.457635	-0.144633	0.396510	-0.127389	-0.124694	0.983983	-0.546419	0.836768	0.035298	-0.827767	-0.533170	-0.174730
20505	10.977390	2.582216	2.044935	0.397472	-0.092651	0.398673	-0.130344	-0.121798	0.983959	-0.549311	0.835058	0.030600	-0.825390	-0.536511	-0.175749
20506	12.131616	3.242571	2.657071	0.281997	-0.001125	0.410335	-0.132665	-0.118360	0.984069	-0.551113	0.834025	0.026016	-0.823817	-0.538881	-0.175876
20507	12.134266	2.353565	2.883304	0.154120	0.159651	0.456591	-0.133866	-0.113628	0.984464	-0.551903	0.833640	0.021172	-0.823094	-0.540494	-0.174308
20508	12.427093	1.025452	3.817311	0.125997	0.309436	0.528947	-0.134295	-0.107524	0.985091	-0.552247	0.833533	0.015695	-0.822793	-0.541905	-0.171319
20509	12.832883	0.261819	4.784700	0.131641	0.631450	0.599797	-0.132408	-0.099030	0.986236	-0.552665	0.833350	0.009480	-0.822818	-0.543803	-0.165072
20510	12.995226	0.445500	4.838723	0.031206	0.999391	0.652465	-0.127838	-0.088131	0.987872	-0.552090	0.833780	0.002939	-0.823926	-0.545018	-0.155245
20511	13.686337	1.192647	4.798533	-0.174280	1.299620	0.653232	-0.120700	-0.075521	0.989812	-0.550006	0.835154	-0.003348	-0.826393	-0.544807	-0.142340
20512	13.407208	1.772729	4.112822	-0.363264	1.599803	0.561624	-0.110582	-0.062103	0.991925	-0.546365	0.837504	-0.008475	-0.830215	-0.542890	-0.126544
20513	12.892383	1.805362	3.189327	-0.387190	1.780167	0.404753	-0.097952	-0.048971	0.993986	-0.542917	0.839699	-0.012132	-0.834054	-0.540840	-0.108837
20514	13.749625	2.060082	2.905518	-0.361336	1.968063	0.239654	-0.082852	-0.036312	0.995900	-0.539699	0.841738	-0.014208	-0.837771	-0.538663	-0.089337
20515	12.033875	1.646913	0.997585	-0.274975	2.059478	0.017078	-0.065647	-0.024989	0.997530	-0.537564	0.843103	-0.014256	-0.840664	-0.537172	-0.068780
20516	10.753130	1.462761	-0.102928	-0.193036	2.069095	-0.198824	-0.047216	-0.015542	0.998764	-0.536072	0.844084	-0.012207	-0.842851	-0.535986	-0.048186
20517	10.145066	1.175412	-1.214283	-0.159998	1.929039	-0.423541	-0.028666	-0.008679	0.999551	-0.535057	0.844778	-0.008010	-0.844330	-0.535046	-0.028860
20518	9.639984	0.361671	-2.262988	-0.185309	1.753685	-0.593308	-0.010731	-0.004302	0.999933	-0.533631	0.845715	-0.002088	-0.845650	-0.533617	-0.011371
20519	9.427743	-0.557930	-3.374317	-0.040765	1.477366	-0.634238	0.005147	-0.001679	0.999985	-0.533446	0.845824	0.004166	-0.845818	-0.533460	0.003458
20520	10.463943	-0.689773	-3.325438	0.055724	1.428690	-0.594181	0.020344	0.000943	0.999793	-0.533866	0.845509	0.010066	-0.845324	-0.533960	0.017705
20521	10.513177	-1.122862	-3.805875	0.054681	1.406648	-0.506191	0.034921	0.004266	0.999381	-0.534297	0.845162	0.015062	-0.844575	-0.534492	0.031793
20522	10.659930	-1.414843	-3.109590	-0.042913	1.397419	-0.376183	0.048676	0.008574	0.998778	-0.533804	0.845400	0.018758	-0.844206	-0.534064	0.045727
20523	9.555855	-1.433257	-3.160581	-0.137833	1.358000	-0.280802	0.061626	0.013533	0.998008	-0.532611	0.846089	0.021415	-0.844114	-0.532870	0.059349
20524	10.737307	-1.182653	-2.543383	-0.094339	1.193900	-0.240654	0.072929	0.017874	0.997177	-0.531681	0.846613	0.023709	-0.843799	-0.531909	0.071246
20525	11.788082	-0.071322	-1.620567	0.007929	1.181995	-0.296391	0.084461	0.021749	0.996189	-0.531645	0.846550	0.026593	-0.842745	-0.531865	0.083063
20526	12.167377	0.406075	-1.635425	0.021773	1.202781	-0.371235	0.096510	0.025025	0.995017	-0.531521	0.846504	0.030264	-0.841529	-0.531794	0.094997
20527	12.813603	0.324201	-1.681074	-0.063950	1.254190	-0.395908	0.109151	0.028437	0.993618	-0.530720	0.846863	0.034064	-0.840490	-0.531051	0.107527
20528	12.125379	0.199935	-1.817098	-0.199253	1.373630	-0.388497	0.122696	0.032447	0.991914	-0.528625	0.848020	0.037649	-0.839941	-0.528970	0.121201
20529	12.178674	-0.115913	-2.023369	-0.306562	1.472559	-0.380571	0.137055	0.037077	0.989869	-0.525688	0.849691	0.040959	-0.839564	-0.525976	0.135945
20530	11.158601	-0.719930	-2.465653	-0.395708	1.552752	-0.348803	0.151864	0.042268	0.987497	-0.521893	0.851886	0.043797	-0.839383	-0.522019	0.151430
20531	10.871171	-1.197495	-2.484426	-0.414404	1.587260	-0.303298	0.166743	0.048022	0.984830	-0.518054	0.854106	0.046064	-0.838938	-0.517877	0.167294
20532	10.469605	-1.220850	-2.490984	-0.424773	1.639114	-0.271016	0.181834	0.054179	0.981835	-0.514053	0.856418	0.047943	-0.838264	-0.513433	0.183577
20533	9.249248	-1.212868	-2.681863	-0.474750	1.657884	-0.250703	0.196984	0.060585	0.978533	-0.509713	0.858923	0.049429	-0.837490	-0.508508	0.200075
20534	8.063791	-1.219637	-2.738684	-0.531638	1.603574	-0.255045	0.211651	0.066524	0.975079	-0.504776	0.861756	0.050774	-0.836902	-0.502942	0.215971
20535	7.151003	-1.160365	-2.864113	-0.620765	1.533277	-0.245509	0.225683	0.072146	0.971526	-0.499149	0.864971	0.051718	-0.836610	-0.496608	0.231222
