// General information: 
//  MT Manager version: 2022.2.0 
//  XDA version: 2022.2.0 build 7381 rev 124627 built on 2023-07-19
// Device information: 
//  DeviceId: 00B4CAF0
//  ProductCode: MTW2-3A7G6
//  Firmware Version: 4.6.0
//  Hardware Version: 2.0.0
// Device settings: 
//  Filter Profile: human(46.1)
//  Option Flags: Orientation Smoother Disabled, Position/Velocity Smoother Disabled, Continuous Zero Rotation Update Disabled, AHS Disabled, ICC Disabled
// Coordinate system: ENU
PacketCounter	Acc_X	Acc_Y	Acc_Z	Gyr_X	Gyr_Y	Gyr_Z	Mat[1][1]	Mat[2][1]	Mat[3][1]	Mat[1][2]	Mat[2][2]	Mat[3][2]	Mat[1][3]	Mat[2][3]	Mat[3][3]
04296	4.617608	0.335354	9.161308	0.005469	0.002576	0.003187	-0.764731	-0.457332	0.453910	0.522031	-0.852682	0.020390	0.377716	0.252548	0.890814
04297	4.635495	0.333555	9.190744	0.001896	0.002667	0.004441	-0.764719	-0.457334	0.453928	0.522032	-0.852682	0.020372	0.377739	0.252544	0.890806
04298	4.631222	0.305571	9.171152	0.003438	0.003563	0.003225	-0.764731	-0.457308	0.453934	0.522012	-0.852695	0.020386	0.377744	0.252549	0.890802
04299	4.620856	0.363834	9.181397	0.003962	0.002162	0.002864	-0.764725	-0.457296	0.453956	0.522008	-0.852697	0.020395	0.377760	0.252565	0.890791
04300	4.635527	0.347918	9.171205	0.003374	0.008181	0.004628	-0.764726	-0.457334	0.453916	0.522045	-0.852674	0.020409	0.377709	0.252572	0.890810
04301	4.665042	0.315745	9.150752	0.002779	0.008618	0.008064	-0.764717	-0.457382	0.453882	0.522077	-0.852655	0.020383	0.377682	0.252549	0.890829
04302	4.634044	0.348001	9.171951	0.003968	0.007744	0.001192	-0.764738	-0.457381	0.453848	0.522078	-0.852654	0.020414	0.377638	0.252555	0.890845
04303	4.610472	0.308268	9.143129	0.005432	0.002094	0.004724	-0.764723	-0.457384	0.453871	0.522094	-0.852643	0.020427	0.377647	0.252584	0.890833
04304	4.633276	0.348547	9.172319	0.004421	0.005379	0.003907	-0.764733	-0.457379	0.453859	0.522095	-0.852642	0.020452	0.377625	0.252598	0.890839
04305	4.609682	0.308682	9.143513	0.002914	0.004965	0.003585	-0.764734	-0.457379	0.453856	0.522093	-0.852644	0.020448	0.377625	0.252592	0.890840
04306	4.617185	0.365082	9.183195	0.007434	0.006207	0.004551	-0.764752	-0.457368	0.453839	0.522094	-0.852641	0.020497	0.377587	0.252622	0.890848
04307	4.612732	0.337405	9.163689	0.004944	0.003978	0.003547	-0.764749	-0.457365	0.453845	0.522100	-0.852638	0.020511	0.377585	0.252638	0.890845
04308	4.595243	0.325964	9.214280	0.005467	0.002576	0.003186	-0.764743	-0.457364	0.453857	0.522118	-0.852626	0.020547	0.377573	0.252680	0.890838
04309	4.631228	0.350012	9.173297	0.005891	0.005312	0.005766	-0.764734	-0.457384	0.453852	0.522144	-0.852610	0.020560	0.377555	0.252699	0.890840
04310	4.626981	0.322174	9.153698	0.002977	0.000347	0.002182	-0.764696	-0.457421	0.453879	0.522206	-0.852571	0.020590	0.377546	0.252764	0.890825
04311	4.627963	0.336415	9.133686	0.007462	0.001107	0.004686	-0.764677	-0.457421	0.453911	0.522230	-0.852555	0.020621	0.377552	0.252814	0.890808
04312	4.644776	0.320956	9.183164	0.004980	0.004460	0.002008	-0.764696	-0.457393	0.453908	0.522213	-0.852565	0.020659	0.377536	0.252834	0.890809
04313	4.644333	0.321251	9.183378	0.004420	0.005379	0.003906	-0.764697	-0.457397	0.453901	0.522219	-0.852561	0.020667	0.377526	0.252840	0.890812
04314	4.610709	0.339658	9.164623	0.005539	0.003540	0.000111	-0.764721	-0.457353	0.453905	0.522193	-0.852575	0.020719	0.377513	0.252870	0.890809
04315	4.628593	0.338002	9.194060	0.003888	0.001199	0.005939	-0.764696	-0.457364	0.453937	0.522213	-0.852563	0.020712	0.377537	0.252890	0.890793
04316	4.627214	0.324314	9.214252	0.004492	0.006343	0.000830	-0.764745	-0.457299	0.453919	0.522149	-0.852602	0.020745	0.377526	0.252878	0.890801
04317	4.624890	0.324421	9.154675	0.003996	0.002644	0.001326	-0.764749	-0.457275	0.453937	0.522134	-0.852611	0.020761	0.377538	0.252893	0.890792
04318	4.629692	0.366625	9.154464	0.004871	0.003015	0.006621	-0.764721	-0.457314	0.453945	0.522188	-0.852578	0.020779	0.377521	0.252934	0.890787
04319	4.624287	0.324546	9.154975	-0.002130	0.005125	0.002976	-0.764726	-0.457309	0.453941	0.522162	-0.852594	0.020732	0.377546	0.252885	0.890791
04320	4.643075	0.336332	9.164470	0.001894	0.002669	0.004439	-0.764707	-0.457331	0.453951	0.522189	-0.852578	0.020733	0.377547	0.252903	0.890785
04321	4.607388	0.326515	9.185770	0.002353	0.005886	0.005480	-0.764702	-0.457350	0.453941	0.522199	-0.852572	0.020715	0.377543	0.252888	0.890791
04322	4.609089	0.354347	9.145904	0.001930	0.003150	0.002901	-0.764667	-0.457405	0.453943	0.522267	-0.852530	0.020728	0.377519	0.252930	0.890790
04323	4.623964	0.338251	9.135643	0.001894	0.002669	0.004439	-0.764655	-0.457407	0.453961	0.522268	-0.852530	0.020711	0.377542	0.252926	0.890781
04324	4.639641	0.308581	9.205208	0.003473	0.004045	0.001686	-0.764670	-0.457383	0.453962	0.522252	-0.852539	0.020736	0.377536	0.252938	0.890780
04325	4.625313	0.338796	9.195681	0.003923	0.001681	0.004402	-0.764654	-0.457382	0.453988	0.522260	-0.852534	0.020737	0.377556	0.252956	0.890766
04326	4.622095	0.324730	9.156075	0.002877	0.004484	0.005120	-0.764660	-0.457375	0.453986	0.522253	-0.852539	0.020740	0.377554	0.252954	0.890767
04327	4.604600	0.313019	9.206659	0.000947	0.001334	0.002219	-0.764655	-0.457355	0.454015	0.522233	-0.852551	0.020725	0.377593	0.252949	0.890753
04328	4.641878	0.350525	9.145566	0.000387	0.002255	0.004116	-0.764626	-0.457389	0.454029	0.522271	-0.852528	0.020715	0.377597	0.252966	0.890746
04329	4.639469	0.322639	9.185787	0.002876	0.004484	0.005120	-0.764618	-0.457402	0.454031	0.522281	-0.852522	0.020704	0.377601	0.252962	0.890746
04330	4.619976	0.310580	9.176654	-0.000137	0.003657	0.004475	-0.764575	-0.457475	0.454029	0.522356	-0.852476	0.020690	0.377584	0.252984	0.890746
04331	4.639846	0.336401	9.166102	0.001966	0.003631	0.001363	-0.764582	-0.457453	0.454038	0.522334	-0.852490	0.020687	0.377600	0.252976	0.890742
04332	4.655668	0.334249	9.135869	0.001406	0.004552	0.003260	-0.764579	-0.457465	0.454032	0.522347	-0.852482	0.020691	0.377588	0.252982	0.890745
04333	4.641933	0.350423	9.206277	-0.001183	0.006461	0.005193	-0.764577	-0.457483	0.454016	0.522342	-0.852486	0.020643	0.377599	0.252935	0.890754
04334	4.603961	0.340327	9.167990	0.002923	0.010547	0.001906	-0.764611	-0.457486	0.453957	0.522334	-0.852490	0.020664	0.377541	0.252917	0.890784
04335	4.618474	0.324353	9.157916	0.003399	0.003083	0.004761	-0.764599	-0.457491	0.453972	0.522343	-0.852485	0.020659	0.377553	0.252925	0.890777
04336	4.603017	0.340524	9.168457	0.002876	0.004485	0.005120	-0.764581	-0.457528	0.453965	0.522387	-0.852458	0.020670	0.377529	0.252949	0.890780
04337	4.618720	0.338437	9.138289	0.005365	0.006714	0.006123	-0.764575	-0.457555	0.453947	0.522413	-0.852442	0.020676	0.377503	0.252957	0.890789
04338	4.602029	0.340762	9.168944	0.002875	0.004485	0.005119	-0.764579	-0.457552	0.453945	0.522409	-0.852444	0.020677	0.377502	0.252954	0.890790
04339	4.620813	0.352648	9.178447	0.001332	0.003590	0.006334	-0.764560	-0.457572	0.453955	0.522423	-0.852437	0.020646	0.377521	0.252941	0.890785
04340	4.632520	0.322204	9.128591	0.000360	0.007356	0.003977	-0.764565	-0.457595	0.453924	0.522433	-0.852431	0.020632	0.377498	0.252920	0.890801
04341	4.633938	0.322592	9.188581	0.006934	0.002508	0.005047	-0.764549	-0.457602	0.453944	0.522457	-0.852415	0.020657	0.377496	0.252960	0.890791
04342	4.614477	0.310721	9.179416	0.000808	0.004992	0.006693	-0.764549	-0.457610	0.453937	0.522454	-0.852417	0.020636	0.377500	0.252938	0.890795
04343	4.634296	0.336413	9.168909	0.001369	0.004071	0.004796	-0.764540	-0.457619	0.453942	0.522456	-0.852417	0.020612	0.377516	0.252924	0.890793
04344	4.652929	0.348266	9.178495	0.001829	0.007289	0.005836	-0.764560	-0.457612	0.453915	0.522436	-0.852429	0.020604	0.377502	0.252894	0.890807
04345	4.602956	0.368461	9.190200	0.000883	0.005954	0.003617	-0.764565	-0.457615	0.453904	0.522427	-0.852436	0.020581	0.377506	0.252867	0.890813
04346	4.632635	0.336086	9.169760	0.001791	0.006808	0.007373	-0.764560	-0.457648	0.453880	0.522449	-0.852422	0.020566	0.377486	0.252853	0.890825
04347	4.634786	0.349921	9.209897	-0.001285	0.010601	0.008126	-0.764558	-0.457701	0.453828	0.522466	-0.852413	0.020504	0.377465	0.252786	0.890853
04348	4.650224	0.347170	9.179907	-0.001783	0.006903	0.008624	-0.764554	-0.457731	0.453805	0.522468	-0.852414	0.020447	0.377471	0.252732	0.890866
04349	4.645563	0.318632	9.160556	-0.000239	0.007797	0.007409	-0.764546	-0.457772	0.453778	0.522484	-0.852405	0.020397	0.377466	0.252686	0.890881
04350	4.609351	0.308604	9.182062	0.001727	0.011428	0.008771	-0.764534	-0.457857	0.453713	0.522549	-0.852366	0.020374	0.377401	0.252664	0.890915
04351	4.642519	0.304310	9.181594	0.003309	0.012803	0.006018	-0.764552	-0.457898	0.453641	0.522567	-0.852355	0.020363	0.377339	0.252626	0.890952
04352	4.642410	0.318227	9.162168	0.004254	0.014138	0.008237	-0.764542	-0.458006	0.453548	0.522660	-0.852298	0.020369	0.377229	0.252625	0.890999
04353	4.660005	0.330301	9.172287	0.007241	0.020065	0.008742	-0.764573	-0.458089	0.453412	0.522714	-0.852264	0.020380	0.377091	0.252587	0.891068
04354	4.639930	0.332603	9.143932	0.010190	0.025512	0.010784	-0.764601	-0.458234	0.453219	0.522835	-0.852189	0.020428	0.376867	0.252578	0.891165
04355	4.637608	0.333072	9.145093	0.010227	0.025993	0.009245	-0.764652	-0.458336	0.453030	0.522904	-0.852146	0.020464	0.376668	0.252539	0.891260
04356	4.691193	0.355788	9.194529	0.016265	0.033227	0.008858	-0.764730	-0.458464	0.452769	0.523011	-0.852077	0.020574	0.376361	0.252537	0.891391
04357	4.619483	0.365614	9.198038	0.024775	0.037108	0.011154	-0.764812	-0.458610	0.452481	0.523149	-0.851989	0.020731	0.376001	0.252570	0.891533
04358	4.576473	0.329618	9.201101	0.024747	0.042211	0.011007	-0.764889	-0.458818	0.452139	0.523346	-0.851864	0.020902	0.375571	0.252613	0.891702
04359	4.502996	0.339665	9.144764	0.028850	0.030030	0.011226	-0.764945	-0.458947	0.451915	0.523500	-0.851765	0.021095	0.375244	0.252714	0.891812
04360	4.569106	0.333117	9.144019	0.022849	0.023278	0.010073	-0.764969	-0.459077	0.451742	0.523658	-0.851663	0.021257	0.374974	0.252820	0.891895
04361	4.531813	0.325071	9.165872	0.021407	0.018243	0.008355	-0.764995	-0.459152	0.451622	0.523762	-0.851596	0.021397	0.374776	0.252911	0.891953
04362	4.522034	0.243228	9.226945	0.022581	0.006194	0.004860	-0.765007	-0.459148	0.451605	0.523827	-0.851551	0.021577	0.374658	0.253069	0.891957
04363	4.631919	0.302048	9.183809	0.020616	0.002562	0.003500	-0.765000	-0.459141	0.451624	0.523891	-0.851508	0.021731	0.374584	0.253226	0.891944
04364	4.612746	0.291859	9.174410	0.017791	-0.001449	-0.003152	-0.764997	-0.459102	0.451670	0.523933	-0.851478	0.021902	0.374532	0.253400	0.891916
04365	4.598137	0.310073	9.184357	0.025324	-0.010066	0.000300	-0.764959	-0.459036	0.451800	0.523990	-0.851437	0.022113	0.374529	0.253654	0.891845
04366	4.619200	0.337633	9.173198	0.011269	-0.006799	-0.003945	-0.764972	-0.458920	0.451896	0.523942	-0.851464	0.022233	0.374570	0.253775	0.891793
04367	4.605979	0.368763	9.162982	0.010206	-0.009573	-0.001547	-0.764945	-0.458840	0.452022	0.523928	-0.851470	0.022317	0.374643	0.253899	0.891727
04368	4.590361	0.372002	9.192952	0.008637	-0.005363	-0.000482	-0.764890	-0.458856	0.452101	0.524007	-0.851420	0.022402	0.374648	0.254039	0.891686
04369	4.591864	0.386936	9.172662	0.015639	-0.001894	0.001489	-0.764876	-0.458822	0.452158	0.524036	-0.851398	0.022521	0.374634	0.254173	0.891653
04370	4.636218	0.326144	9.161805	0.021619	-0.000719	0.004320	-0.764860	-0.458805	0.452202	0.524104	-0.851352	0.022692	0.374572	0.254357	0.891627
04371	4.605926	0.360326	9.182286	0.021176	0.001641	0.001597	-0.764859	-0.458781	0.452228	0.524155	-0.851316	0.022860	0.374502	0.254523	0.891609
04372	4.602074	0.333871	9.162542	0.016684	-0.004700	0.000779	-0.764849	-0.458721	0.452307	0.524176	-0.851299	0.023007	0.374495	0.254685	0.891566
04373	4.573267	0.381722	9.162769	0.019251	-0.001514	-0.001298	-0.764851	-0.458664	0.452361	0.524198	-0.851281	0.023170	0.374459	0.254848	0.891534
04374	4.568397	0.341135	9.163059	0.010140	-0.004950	-0.000159	-0.764815	-0.458649	0.452436	0.524247	-0.851249	0.023267	0.374464	0.254983	0.891493
04375	4.463123	0.313479	9.225571	0.012818	-0.016590	-0.003319	-0.764772	-0.458536	0.452624	0.524229	-0.851256	0.023383	0.374577	0.255161	0.891395
04376	4.586939	0.314232	9.231133	0.014449	-0.025423	-0.005770	-0.764706	-0.458390	0.452883	0.524216	-0.851260	0.023543	0.374729	0.255412	0.891259
04377	4.667497	0.404137	9.147195	0.005275	-0.024236	-0.003242	-0.764634	-0.458258	0.453139	0.524171	-0.851287	0.023591	0.374940	0.255561	0.891128
04378	4.643047	0.323151	9.177469	0.003286	-0.022768	-0.004749	-0.764579	-0.458115	0.453376	0.524111	-0.851322	0.023647	0.375135	0.255700	0.891006
04379	4.651257	0.379212	9.155878	-0.002759	-0.019321	-0.006190	-0.764540	-0.457970	0.453587	0.524013	-0.851382	0.023637	0.375351	0.255757	0.890898
04380	4.650036	0.365216	9.115347	0.004766	-0.017253	-0.004581	-0.764460	-0.457923	0.453770	0.524048	-0.851359	0.023707	0.375465	0.255920	0.890804
04381	4.635078	0.368082	9.145034	0.001210	-0.011576	-0.005022	-0.764445	-0.457808	0.453912	0.523974	-0.851404	0.023726	0.375600	0.255976	0.890731
04382	4.674064	0.392182	9.163277	-0.002870	-0.004496	-0.005107	-0.764483	-0.457668	0.453989	0.523841	-0.851486	0.023723	0.375708	0.255954	0.890691
04383	4.659408	0.408589	9.173304	0.002691	-0.006061	-0.004852	-0.764487	-0.457569	0.454082	0.523774	-0.851526	0.023755	0.375793	0.255997	0.890643
04384	4.676082	0.406869	9.142688	0.008150	-0.003480	-0.001672	-0.764471	-0.457531	0.454146	0.523787	-0.851515	0.023838	0.375806	0.256099	0.890608
04385	4.641841	0.411873	9.143614	0.007604	0.003024	-0.001469	-0.764492	-0.457484	0.454160	0.523765	-0.851528	0.023898	0.375797	0.256143	0.890600
04386	4.606227	0.403346	9.164750	0.014670	0.001873	-0.000893	-0.764511	-0.457435	0.454177	0.523776	-0.851517	0.024041	0.375742	0.256266	0.890587
04387	4.632243	0.344128	9.124699	0.014108	0.002799	0.001000	-0.764517	-0.457408	0.454193	0.523796	-0.851501	0.024148	0.375700	0.256366	0.890576
04388	4.560037	0.312259	9.187054	0.010614	0.003852	-0.000827	-0.764578	-0.457301	0.454198	0.523719	-0.851546	0.024243	0.375684	0.256408	0.890571
04389	4.619321	0.377042	9.174883	0.014224	0.004231	-0.003617	-0.764615	-0.457238	0.454200	0.523704	-0.851551	0.024373	0.375631	0.256502	0.890566
04390	4.652450	0.360106	9.193983	0.008071	-0.004434	0.001406	-0.764620	-0.457151	0.454278	0.523660	-0.851577	0.024439	0.375680	0.256573	0.890525
04391	4.628477	0.448750	9.193820	0.003509	0.004526	0.000134	-0.764638	-0.457121	0.454278	0.523634	-0.851592	0.024455	0.375681	0.256575	0.890524
04392	4.604013	0.394897	9.185166	-0.001505	-0.000414	-0.000321	-0.764632	-0.457095	0.454315	0.523614	-0.851604	0.024451	0.375720	0.256582	0.890506
04393	4.599811	0.366631	9.165710	-0.000063	0.004624	0.001385	-0.764643	-0.457076	0.454315	0.523585	-0.851623	0.024430	0.375739	0.256552	0.890506
04394	4.572186	0.413060	9.226034	-0.005599	0.001088	0.001284	-0.764638	-0.457061	0.454339	0.523551	-0.851646	0.024373	0.375796	0.256506	0.890495
04395	4.675272	0.426760	9.123301	-0.008150	0.003480	0.001671	-0.764644	-0.457041	0.454349	0.523493	-0.851684	0.024279	0.375865	0.256413	0.890493
04396	4.670868	0.397609	9.103987	-0.010739	0.005396	0.003597	-0.764651	-0.457040	0.454338	0.523442	-0.851718	0.024171	0.375920	0.256302	0.890502
04397	4.652925	0.384927	9.154792	-0.010398	0.007185	0.009244	-0.764631	-0.457095	0.454316	0.523434	-0.851728	0.024022	0.375973	0.256173	0.890516
04398	4.652040	0.383754	9.155292	-0.008276	0.012728	0.004441	-0.764657	-0.457130	0.454238	0.523411	-0.851744	0.023933	0.375954	0.256054	0.890559
04399	4.627517	0.342660	9.127151	-0.008300	0.017829	0.004288	-0.764702	-0.457170	0.454121	0.523372	-0.851771	0.023826	0.375915	0.255894	0.890621
04400	4.605626	0.315925	9.138789	-0.008301	0.017830	0.004287	-0.764735	-0.457240	0.453996	0.523373	-0.851773	0.023737	0.375848	0.255762	0.890687
04401	4.553523	0.321660	9.170904	-0.006273	0.016840	0.004254	-0.764777	-0.457277	0.453888	0.523342	-0.851795	0.023648	0.375806	0.255624	0.890745
04402	4.545157	0.393369	9.220964	-0.008658	0.010463	0.000331	-0.764800	-0.457300	0.453826	0.523316	-0.851812	0.023574	0.375794	0.255525	0.890778
04403	4.662154	0.363569	9.208401	-0.010243	0.009095	0.003085	-0.764819	-0.457307	0.453787	0.523261	-0.851849	0.023455	0.375832	0.255388	0.890802
04404	4.706332	0.469465	9.107049	-0.006734	0.013620	0.003222	-0.764869	-0.457305	0.453704	0.523200	-0.851889	0.023378	0.375815	0.255259	0.890846
04405	4.567491	0.316735	9.202421	-0.000064	0.004624	0.001386	-0.764881	-0.457286	0.453704	0.523170	-0.851908	0.023358	0.375833	0.255230	0.890846
04406	4.652562	0.319285	9.150599	-0.007257	0.015024	0.003576	-0.764912	-0.457332	0.453604	0.523157	-0.851918	0.023281	0.375786	0.255115	0.890899
04407	4.577574	0.285223	9.153621	-0.001657	0.013935	0.002297	-0.764954	-0.457344	0.453521	0.523129	-0.851937	0.023242	0.375742	0.255029	0.890942
04408	4.659319	0.388670	9.170933	-0.001552	0.009789	-0.000628	-0.765004	-0.457311	0.453470	0.523072	-0.851972	0.023234	0.375719	0.254972	0.890969
04409	4.621692	0.365080	9.212555	-0.002599	0.012596	0.000080	-0.765052	-0.457302	0.453399	0.523023	-0.852003	0.023197	0.375689	0.254884	0.891006
04410	4.625540	0.406583	9.212735	-0.007178	0.015980	0.000497	-0.765116	-0.457302	0.453291	0.522963	-0.852042	0.023134	0.375644	0.254755	0.891062
04411	4.595850	0.323751	9.185029	-0.007260	0.015024	0.003573	-0.765155	-0.457328	0.453199	0.522922	-0.852069	0.023039	0.375620	0.254616	0.891112
04412	4.635078	0.374459	9.164275	-0.008724	0.015089	0.001711	-0.765217	-0.457321	0.453102	0.522847	-0.852117	0.022953	0.375599	0.254467	0.891163
04413	4.629854	0.345526	9.145334	-0.006214	0.012218	0.002864	-0.765249	-0.457334	0.453034	0.522805	-0.852145	0.022871	0.375591	0.254351	0.891200
04414	4.577700	0.209091	9.168396	-0.013199	0.014327	-0.000799	-0.765275	-0.457386	0.452937	0.522788	-0.852159	0.022764	0.375562	0.254211	0.891252
04415	4.604675	0.303335	9.117495	-0.014574	0.004667	-0.003895	-0.765314	-0.457323	0.452935	0.522663	-0.852239	0.022638	0.375656	0.254058	0.891256
04416	4.593323	0.346438	9.147491	-0.016055	-0.000848	-0.004068	-0.765332	-0.457252	0.452976	0.522546	-0.852314	0.022517	0.375781	0.253934	0.891238
04417	4.595664	0.486468	9.216051	-0.038500	-0.007653	0.004412	-0.765282	-0.457228	0.453086	0.522395	-0.852416	0.022140	0.376094	0.253633	0.891192
04418	4.488575	0.722732	9.256732	-0.052060	-0.018994	0.021134	-0.765089	-0.457344	0.453293	0.522356	-0.852454	0.021584	0.376540	0.253294	0.891100
04419	4.278016	0.489519	9.472351	-0.050437	-0.046135	0.040146	-0.764707	-0.457527	0.453753	0.522433	-0.852423	0.020939	0.377210	0.253067	0.890881
04420	2.290837	0.163372	10.523981	0.056978	-0.123018	0.063139	-0.763913	-0.457718	0.454897	0.523103	-0.852007	0.021161	0.377890	0.254123	0.890292
04421	4.267463	0.281982	10.078440	0.182442	-0.386794	0.043585	-0.762220	-0.457057	0.458388	0.524086	-0.851366	0.022571	0.379939	0.257439	0.888466
04422	3.864785	0.525827	9.983594	0.245031	-0.437218	0.079937	-0.760109	-0.456615	0.462316	0.525654	-0.850349	0.024382	0.381997	0.261551	0.886380
04423	4.237544	0.314649	10.112994	0.341915	-0.532019	0.095130	-0.757571	-0.455975	0.467090	0.527645	-0.849037	0.026953	0.384287	0.266877	0.883799
04424	3.982579	0.407116	10.289612	0.417541	-0.643203	0.119099	-0.754481	-0.455180	0.472832	0.530094	-0.847405	0.030083	0.386987	0.273343	0.880639
04425	4.075078	0.521354	10.456450	0.470830	-0.767875	0.152643	-0.750686	-0.454301	0.479668	0.533033	-0.845432	0.033481	0.390316	0.280813	0.876811
04426	4.252282	1.272308	10.624881	0.519127	-0.931974	0.206880	-0.745921	-0.453357	0.487923	0.536593	-0.843029	0.037021	0.394549	0.289431	0.872101
04427	3.872374	2.182489	11.862325	0.444707	-1.149706	0.341670	-0.739510	-0.452810	0.498085	0.540859	-0.840200	0.039190	0.400745	0.298375	0.866242
04428	3.314915	2.853815	12.103569	0.171484	-1.489006	0.588312	-0.730275	-0.453200	0.511184	0.545844	-0.837038	0.037699	0.410795	0.306557	0.858644
04429	4.492547	3.134410	11.353314	0.118510	-1.847865	0.767731	-0.718352	-0.453816	0.527278	0.551860	-0.833214	0.034714	0.423581	0.315920	0.848984
04430	5.810713	2.370895	11.846025	-0.008391	-2.172573	1.006084	-0.703411	-0.455137	0.545952	0.558908	-0.828714	0.029240	0.439130	0.325704	0.837306
04431	5.981894	4.443722	11.099504	-0.028731	-2.206377	1.279396	-0.686343	-0.458364	0.564656	0.567630	-0.822992	0.021888	0.454675	0.335538	0.825036
04432	6.233839	3.081946	9.687354	-0.424440	-2.460937	1.512708	-0.666300	-0.462327	0.585063	0.575791	-0.817539	0.009707	0.473824	0.343342	0.810930
04433	6.384901	1.987182	9.581234	-0.206930	-2.728519	1.736764	-0.643017	-0.466899	0.607070	0.586122	-0.810220	-0.002313	0.492940	0.354330	0.794645
04434	6.907763	6.234113	11.250231	-0.312047	-2.799600	2.029558	-0.616942	-0.473133	0.628910	0.597264	-0.801857	-0.017343	0.512501	0.364925	0.777285
04435	7.542195	9.063073	12.783838	-0.643295	-2.848144	2.268540	-0.588374	-0.480669	0.650211	0.607533	-0.793442	-0.036798	0.533592	0.373373	0.758862
04436	7.936108	4.498468	9.944029	-0.989229	-2.635111	2.438370	-0.559132	-0.489935	0.668831	0.616019	-0.785416	-0.060355	0.554880	0.378266	0.740961
04437	6.479589	1.927677	8.702023	-0.909348	-2.310596	2.521260	-0.530454	-0.500789	0.683980	0.624588	-0.776416	-0.084075	0.573157	0.382608	0.724639
04438	6.257182	0.635858	6.728084	-0.647239	-2.339295	2.507794	-0.501087	-0.511043	0.698389	0.633708	-0.766271	-0.106036	0.589343	0.389441	0.707820
04439	5.439089	-0.233145	4.686825	-0.482197	-2.136782	2.536788	-0.472147	-0.521895	0.710424	0.643141	-0.755095	-0.127281	0.602865	0.396808	0.692168
04440	4.671314	-1.412527	3.546949	-0.287132	-1.800153	2.507193	-0.444959	-0.533419	0.719358	0.652876	-0.743036	-0.147140	0.612997	0.404180	0.678877
04441	-0.991932	3.488336	5.372058	0.098902	-1.107458	1.193444	-0.430315	-0.537688	0.725066	0.658671	-0.736275	-0.155089	0.617237	0.410843	0.670989
04442	14.430886	8.550727	9.372189	0.991219	-0.241828	-0.802048	-0.434129	-0.530729	0.727914	0.661279	-0.736466	-0.142576	0.611753	0.419458	0.670681
04443	7.642605	13.374552	9.634426	0.591524	1.121206	-1.957031	-0.453826	-0.520887	0.722993	0.656146	-0.744313	-0.124381	0.602922	0.417942	0.679566
04444	0.350540	10.066962	5.841795	0.073371	1.461675	-2.772378	-0.480610	-0.506067	0.716177	0.643622	-0.758260	-0.103884	0.595621	0.411020	0.690144
04445	0.032651	8.056122	5.157681	-0.315724	1.436475	-3.261177	-0.509823	-0.486841	0.709272	0.625560	-0.775766	-0.082831	0.590555	0.401463	0.700052
04446	1.646214	4.075366	5.315248	-0.567096	1.367519	-3.560123	-0.539764	-0.464247	0.702232	0.603527	-0.794955	-0.061650	0.586864	0.390540	0.709274
04447	3.182503	0.307386	5.576758	-0.501630	1.374000	-3.767312	-0.570081	-0.439186	0.694351	0.579646	-0.813938	-0.038921	0.582252	0.380290	0.718583
04448	3.665157	-3.024370	5.241679	-0.199302	1.379140	-3.886748	-0.600142	-0.412358	0.685413	0.555737	-0.831248	-0.013497	0.575314	0.372809	0.728030
04449	3.846523	-3.986208	5.270460	0.300380	1.334297	-3.829845	-0.628615	-0.385156	0.675647	0.533877	-0.845433	0.014770	0.565525	0.369997	0.737078
04450	4.174064	-3.694129	5.762428	0.701532	1.226691	-3.624007	-0.654492	-0.358820	0.665498	0.514535	-0.856323	0.044317	0.553980	0.371427	0.745082
04451	5.075451	-2.766617	6.476923	0.897526	1.134059	-3.368997	-0.677740	-0.334013	0.655060	0.496967	-0.864670	0.073282	0.541933	0.375209	0.752015
04452	6.174745	-1.517026	7.479833	0.893406	1.070929	-3.100661	-0.698647	-0.311095	0.644293	0.480394	-0.871309	0.100213	0.530202	0.379528	0.758185
04453	7.450216	-0.825089	8.178614	0.734775	1.134380	-2.924271	-0.718391	-0.289799	0.632401	0.463484	-0.877319	0.124473	0.518745	0.382528	0.764576
04454	7.896034	0.128338	8.426487	0.378119	1.253654	-2.790335	-0.737515	-0.269979	0.619017	0.445085	-0.883692	0.144873	0.507908	0.382362	0.771900
04455	9.543127	0.917572	8.857606	-0.122387	1.398160	-2.546621	-0.755625	-0.252646	0.604318	0.425412	-0.890834	0.159496	0.498051	0.377604	0.780616
04456	10.681591	0.768537	8.582308	-0.643687	1.700766	-2.215229	-0.773220	-0.239120	0.587327	0.405277	-0.898687	0.167665	0.487731	0.367672	0.791793
04457	9.727246	0.182418	7.537438	-1.034892	1.990672	-1.837615	-0.790077	-0.229661	0.568360	0.385879	-0.906748	0.170015	0.476314	0.353643	0.805023
04458	8.606330	-0.752105	6.372330	-1.216771	2.105275	-1.459378	-0.805489	-0.223613	0.548803	0.368487	-0.914269	0.168312	0.464117	0.337801	0.818832
04459	8.298616	-1.031356	5.247997	-1.161144	2.107912	-1.094401	-0.819084	-0.220483	0.529613	0.354238	-0.920552	0.164620	0.451240	0.322446	0.832112
04460	8.412068	-1.057807	4.426734	-0.918310	1.963099	-0.730642	-0.830370	-0.219908	0.511982	0.344101	-0.925070	0.160750	0.438269	0.309656	0.843821
04461	9.085357	-0.904600	4.057032	-0.504296	1.692733	-0.372747	-0.838949	-0.221578	0.497058	0.338766	-0.927451	0.158341	0.425912	0.301227	0.853148
04462	9.535934	-0.493877	3.809027	-0.014564	1.364133	-0.068460	-0.844915	-0.224996	0.485279	0.338104	-0.927654	0.158569	0.414493	0.298052	0.859861
04463	12.852100	6.282651	7.491444	0.458909	0.888937	0.392752	-0.847214	-0.231247	0.478281	0.343264	-0.925403	0.160619	0.405460	0.300256	0.863394
04464	19.508433	10.880943	10.250279	-3.404613	1.177946	2.461054	-0.843466	-0.257374	0.471512	0.350214	-0.929032	0.119371	0.407327	0.265815	0.873743
04465	4.296015	-0.828400	4.234702	-1.699622	0.794248	2.056204	-0.839385	-0.278462	0.466789	0.360555	-0.927907	0.094812	0.406735	0.247887	0.879272
04466	16.128847	-20.491610	5.450046	-1.767224	-0.348259	1.522737	-0.832414	-0.291730	0.471149	0.366002	-0.927813	0.072151	0.416089	0.232501	0.879098
04467	16.003918	-15.414602	13.305551	1.026686	0.975093	1.681302	-0.830101	-0.309523	0.463819	0.384146	-0.920356	0.073324	0.404184	0.239040	0.882890
04468	-0.637075	-4.615711	10.280156	0.192926	1.180986	0.876435	-0.831403	-0.320356	0.454028	0.392175	-0.917145	0.071015	0.393659	0.237100	0.888153
04469	-2.580874	-8.456136	14.767382	-0.276931	0.249245	0.279861	-0.831280	-0.323465	0.452045	0.393370	-0.916916	0.067272	0.392727	0.233743	0.889455
04470	7.187268	-5.716409	14.498169	-0.176177	0.104754	-0.020203	-0.831768	-0.323486	0.451130	0.392478	-0.917405	0.065796	0.392585	0.231785	0.890030
04471	4.709910	1.638578	9.933477	-0.092413	0.429187	-0.034456	-0.833577	-0.324117	0.447323	0.391787	-0.917749	0.065113	0.389426	0.229532	0.891999
04472	3.777242	5.401147	6.300432	-0.222076	-0.171983	-0.012526	-0.832953	-0.323570	0.448879	0.390780	-0.918313	0.063187	0.391766	0.228045	0.891356
04473	5.437645	4.108074	8.827244	0.036065	0.040206	-0.006632	-0.833132	-0.323557	0.448555	0.390823	-0.918271	0.063524	0.391342	0.228230	0.891495
04474	4.405589	-0.431553	9.327045	0.136671	0.081292	-0.001872	-0.833454	-0.323690	0.447861	0.391311	-0.917978	0.064752	0.390167	0.229220	0.891756
04475	4.584486	-0.930924	9.885300	0.133987	0.011873	0.004140	-0.833480	-0.323711	0.447797	0.391825	-0.917676	0.065914	0.389595	0.230396	0.891703
04476	5.473957	-0.045434	9.907238	0.198481	0.072973	-0.023663	-0.833854	-0.323626	0.447161	0.392367	-0.917307	0.067790	0.388245	0.231978	0.891881
04477	4.928191	0.895288	8.881098	0.273714	0.183351	-0.054861	-0.834775	-0.323506	0.445526	0.392926	-0.916867	0.070463	0.385693	0.233879	0.892492
04478	4.467272	1.348576	8.851654	0.282648	0.184484	-0.062387	-0.835728	-0.323331	0.443865	0.393459	-0.916418	0.073263	0.383078	0.235871	0.893094
04479	4.041551	1.715530	8.817783	0.233221	0.212997	-0.043397	-0.836708	-0.323393	0.441969	0.393944	-0.916026	0.075524	0.380431	0.237303	0.893845
04480	2.907646	1.475380	8.652845	0.093541	0.117485	0.007828	-0.837121	-0.323707	0.440955	0.394333	-0.915792	0.076326	0.379116	0.237777	0.894278
04481	3.127924	0.915339	8.667153	-0.114273	-0.052074	0.063367	-0.836670	-0.324120	0.441508	0.394387	-0.915878	0.075010	0.380055	0.236884	0.894116
04482	1.969982	1.204665	8.601598	-0.266980	-0.130652	0.104593	-0.835758	-0.324733	0.442783	0.394213	-0.916182	0.072161	0.382237	0.234860	0.893720
04483	3.320081	1.983307	9.226898	-0.531433	-0.444940	0.151720	-0.833443	-0.325043	0.446900	0.393389	-0.916947	0.066727	0.388095	0.231419	0.892092
04484	4.436904	1.295324	9.293145	-0.698749	-0.490011	0.200887	-0.830734	-0.325727	0.451424	0.392293	-0.917908	0.059598	0.394953	0.226601	0.890317
04485	4.625237	1.300960	8.909608	-0.739784	-0.447494	0.252319	-0.827958	-0.326999	0.455585	0.391396	-0.918760	0.051860	0.401615	0.221252	0.888681
04486	4.070736	1.843567	8.879602	-0.821470	-0.495486	0.288896	-0.824818	-0.328536	0.460151	0.390423	-0.919619	0.043246	0.408956	0.215324	0.886787
04487	4.500574	1.023756	8.937774	-0.909744	-0.564935	0.304391	-0.821293	-0.330096	0.465311	0.389127	-0.920565	0.033767	0.417203	0.208798	0.884503
04488	6.406164	0.063686	10.527103	-0.930162	-0.603816	0.283873	-0.817642	-0.331435	0.470757	0.387502	-0.921550	0.024226	0.425797	0.202227	0.881930
04489	6.538312	-2.343656	8.840096	-0.475731	-0.029142	0.208006	-0.816706	-0.333251	0.471099	0.387128	-0.921830	0.019038	0.427929	0.197924	0.881875
04490	7.934297	-1.671833	9.467655	-0.113797	-0.151464	0.038384	-0.815904	-0.333270	0.472473	0.386922	-0.921940	0.017856	0.429641	0.197379	0.881164
04491	3.752015	0.815720	9.461271	-0.057926	-0.060740	0.020108	-0.815559	-0.333294	0.473052	0.386793	-0.922005	0.017237	0.430412	0.197032	0.880866
04492	4.419721	0.283250	9.182833	0.007256	0.007845	0.029928	-0.815473	-0.333550	0.473021	0.387037	-0.921904	0.017161	0.430356	0.197071	0.880884
04493	5.138576	0.340755	9.027462	0.037440	-0.037573	0.020493	-0.815226	-0.333622	0.473395	0.387322	-0.921781	0.017381	0.430568	0.197526	0.880679
04494	5.005899	0.226388	9.066167	0.030743	-0.013898	0.024791	-0.815066	-0.333788	0.473554	0.387625	-0.921650	0.017536	0.430598	0.197855	0.880590
04495	4.984503	-0.159099	8.913744	0.013421	0.007455	0.023505	-0.815001	-0.333977	0.473533	0.387831	-0.921564	0.017531	0.430536	0.197938	0.880602
04496	4.867657	0.029902	9.041824	0.003959	0.010708	0.018328	-0.814971	-0.334131	0.473474	0.387966	-0.921508	0.017480	0.430470	0.197938	0.880634
04497	4.816514	0.069271	9.077331	-0.001936	0.006404	0.009084	-0.814958	-0.334185	0.473460	0.387988	-0.921500	0.017407	0.430476	0.197883	0.880643
04498	4.778088	0.267987	9.051756	0.000915	0.009566	0.003573	-0.814981	-0.334202	0.473408	0.387989	-0.921500	0.017400	0.430431	0.197858	0.880671
04499	4.577370	0.524110	9.238199	0.007198	0.007524	0.001824	-0.815000	-0.334191	0.473383	0.387992	-0.921498	0.017442	0.430392	0.197884	0.880684
04500	4.968967	0.532973	9.128065	-0.004359	-0.003649	0.005157	-0.814960	-0.334196	0.473448	0.387983	-0.921502	0.017381	0.430475	0.197855	0.880650
04501	4.963315	0.482092	9.025719	0.000749	0.020194	0.012646	-0.814992	-0.334310	0.473313	0.388046	-0.921477	0.017315	0.430358	0.197778	0.880724
04502	4.795968	0.388494	9.149770	0.002896	0.018784	0.014135	-0.815014	-0.334442	0.473182	0.388143	-0.921437	0.017275	0.430230	0.197741	0.880795
04503	4.962494	0.450943	9.065467	0.010461	0.012947	0.014659	-0.815006	-0.334561	0.473111	0.388263	-0.921386	0.017285	0.430135	0.197779	0.880833
04504	4.874210	0.395249	9.057575	0.021161	0.029461	0.014906	-0.815071	-0.334721	0.472886	0.388445	-0.921308	0.017403	0.429848	0.197875	0.880952
04505	4.778451	0.258005	9.235292	0.017054	0.021822	0.016897	-0.815093	-0.334877	0.472737	0.388612	-0.921236	0.017460	0.429655	0.197943	0.881031
04506	4.989285	0.160952	8.989518	0.001127	0.022295	0.016933	-0.815119	-0.335042	0.472576	0.388724	-0.921190	0.017392	0.429505	0.197878	0.881118
04507	4.698223	0.236891	9.100225	-0.002262	0.026954	0.014720	-0.815171	-0.335189	0.472381	0.388791	-0.921164	0.017290	0.429345	0.197752	0.881225
04508	4.695500	0.250579	9.082088	-0.020617	0.009647	0.008035	-0.815177	-0.335247	0.472330	0.388737	-0.921190	0.017072	0.429383	0.197529	0.881256
04509	4.555736	0.109185	9.041129	-0.019501	0.000308	0.001295	-0.815167	-0.335217	0.472368	0.388620	-0.921243	0.016881	0.429507	0.197333	0.881240
04510	4.560105	0.257298	9.129536	-0.026233	-0.022382	-0.011208	-0.815111	-0.335035	0.472595	0.388385	-0.921346	0.016705	0.429827	0.197165	0.881121
04511	4.730203	0.291050	9.021621	-0.025879	-0.043471	-0.015308	-0.814977	-0.334766	0.473016	0.388106	-0.921466	0.016536	0.430333	0.197057	0.880899
04512	4.718032	0.483767	9.082477	-0.018319	-0.034019	-0.023229	-0.814917	-0.334449	0.473344	0.387807	-0.921593	0.016487	0.430717	0.197001	0.880723
04513	4.808747	0.566960	9.111222	-0.006461	-0.042679	-0.019728	-0.814803	-0.334141	0.473757	0.387574	-0.921691	0.016511	0.431140	0.197069	0.880501
04514	5.062741	0.451948	8.939483	-0.000966	-0.016745	-0.007933	-0.814757	-0.334000	0.473935	0.387475	-0.921732	0.016542	0.431316	0.197115	0.880404
04515	4.811131	0.387248	9.058348	0.003830	-0.003821	-0.004430	-0.814752	-0.333909	0.474008	0.387412	-0.921758	0.016584	0.431383	0.197148	0.880364
04516	4.947310	0.377502	9.010318	0.009940	-0.002967	0.000095	-0.814734	-0.333869	0.474067	0.387425	-0.921751	0.016673	0.431405	0.197249	0.880331
04517	4.978247	0.340375	8.946605	0.017374	0.016565	0.002807	-0.814789	-0.333886	0.473962	0.387479	-0.921725	0.016800	0.431253	0.197338	0.880385
04518	4.709381	0.260293	9.116597	0.031255	0.023427	-0.005308	-0.814906	-0.333848	0.473787	0.387540	-0.921694	0.017102	0.430977	0.197548	0.880474
04519	4.755067	0.253831	9.044694	0.025674	0.030043	-0.010564	-0.815070	-0.333768	0.473561	0.387521	-0.921697	0.017366	0.430683	0.197669	0.880590
04520	4.550655	0.194420	9.132444	0.036500	0.013459	-0.015294	-0.815183	-0.333619	0.473472	0.387523	-0.921689	0.017762	0.430468	0.197960	0.880630
04521	4.735554	0.275028	9.057564	0.040882	0.001103	-0.024494	-0.815277	-0.333353	0.473498	0.387456	-0.921708	0.018225	0.430351	0.198318	0.880607
04522	4.683308	0.266433	9.049348	0.049189	-0.000708	-0.029420	-0.815383	-0.333045	0.473530	0.387397	-0.921721	0.018800	0.430202	0.198773	0.880577
04523	4.703328	0.298005	9.099427	0.054859	-0.009128	-0.033551	-0.815468	-0.332676	0.473645	0.387316	-0.921742	0.019429	0.430115	0.199294	0.880502
04524	4.720066	0.529428	9.121152	0.054992	-0.003755	-0.038594	-0.815597	-0.332277	0.473702	0.387207	-0.921774	0.020098	0.429968	0.199813	0.880456
04525	4.715548	0.401866	9.013372	0.071247	0.006170	-0.033119	-0.815746	-0.331942	0.473681	0.387200	-0.921760	0.020870	0.429692	0.200434	0.880449
04526	4.959707	0.647560	9.093402	0.084121	-0.017723	-0.029756	-0.815781	-0.331597	0.473862	0.387288	-0.921702	0.021754	0.429546	0.201268	0.880330
04527	5.031024	0.402681	9.074770	0.059591	0.004552	-0.017621	-0.815862	-0.331401	0.473858	0.387357	-0.921659	0.022349	0.429329	0.201786	0.880317
04528	4.861164	0.318009	9.139088	0.035410	0.021740	-0.005526	-0.815973	-0.331359	0.473698	0.387433	-0.921618	0.022690	0.429050	0.202040	0.880395
04529	4.857563	0.351113	9.101495	0.019017	0.006440	-0.005951	-0.816017	-0.331275	0.473680	0.387423	-0.921618	0.022873	0.428975	0.202179	0.880400
04530	4.940162	0.370171	9.048563	0.008344	0.013115	0.002191	-0.816061	-0.331287	0.473596	0.387446	-0.921607	0.022938	0.428870	0.202212	0.880443
04531	4.955135	0.372456	9.018231	0.003912	0.002822	0.001470	-0.816061	-0.331264	0.473612	0.387432	-0.921613	0.022953	0.428883	0.202223	0.880434
04532	4.849719	0.567626	9.055110	0.007698	0.030480	0.006607	-0.816162	-0.331352	0.473377	0.387489	-0.921588	0.022992	0.428640	0.202194	0.880560
04533	4.856088	0.507911	8.882756	0.025673	0.029716	0.004934	-0.816264	-0.331415	0.473156	0.387595	-0.921538	0.023182	0.428349	0.202316	0.880673
04534	4.622212	0.440786	9.092256	0.035135	0.041215	0.003175	-0.816424	-0.331493	0.472826	0.387742	-0.921469	0.023479	0.427911	0.202504	0.880843
04535	4.583759	0.570614	9.102235	0.043904	0.024951	0.000108	-0.816524	-0.331502	0.472646	0.387887	-0.921398	0.023853	0.427588	0.202810	0.880929
04536	4.550140	0.544638	9.142607	0.057529	0.005073	-0.001935	-0.816549	-0.331460	0.472633	0.388088	-0.921300	0.024372	0.427358	0.203324	0.880922
04537	4.688751	0.510262	9.132866	0.080777	-0.013210	-0.002282	-0.816496	-0.331370	0.472789	0.388371	-0.921162	0.025081	0.427204	0.204096	0.880819
04538	4.823223	0.510605	9.024554	0.091454	-0.019670	0.003622	-0.816393	-0.331328	0.472994	0.388762	-0.920975	0.025873	0.427044	0.205004	0.880686
04539	4.842290	0.463241	9.009357	0.097233	-0.021973	0.006944	-0.816267	-0.331304	0.473230	0.389190	-0.920771	0.026683	0.426896	0.205957	0.880535
04540	4.798347	0.408814	9.117158	0.088614	-0.015597	0.013436	-0.816144	-0.331361	0.473402	0.389649	-0.920556	0.027403	0.426713	0.206825	0.880420
04541	4.899958	0.377072	9.049357	0.070899	-0.003350	0.017479	-0.816055	-0.331473	0.473476	0.390050	-0.920370	0.027932	0.426515	0.207474	0.880364
04542	4.829358	0.481278	9.037537	0.073533	0.003506	0.030680	-0.815946	-0.331728	0.473485	0.390585	-0.920128	0.028437	0.426234	0.208140	0.880342
04543	4.698764	0.395141	9.159200	0.075706	-0.013916	0.028217	-0.815771	-0.331916	0.473656	0.391094	-0.919895	0.028957	0.426102	0.208867	0.880234
04544	4.599506	0.524035	9.228914	0.079559	-0.026040	0.022600	-0.815567	-0.332034	0.473923	0.391589	-0.919666	0.029554	0.426038	0.209686	0.880070
04545	4.585735	0.474514	9.215055	0.086768	-0.049753	0.028957	-0.815236	-0.332153	0.474409	0.392151	-0.919406	0.030167	0.426155	0.210634	0.879787
04546	4.234232	-0.028045	9.546626	0.120116	-0.099054	0.004832	-0.814791	-0.331954	0.475313	0.392673	-0.919149	0.031204	0.426525	0.212068	0.879263
04547	4.463296	0.413036	9.458329	0.150624	-0.159482	-0.000928	-0.814108	-0.331563	0.476754	0.393265	-0.918850	0.032520	0.427283	0.213966	0.878435
04548	4.552308	0.245645	9.457436	0.182513	-0.218865	-0.007969	-0.813199	-0.330983	0.478703	0.393952	-0.918496	0.034164	0.428379	0.216368	0.877312
04549	4.342468	0.201416	9.596723	0.223845	-0.267803	-0.013857	-0.812099	-0.330230	0.481085	0.394756	-0.918073	0.036180	0.429724	0.219293	0.875927
04550	4.544366	0.381679	9.598106	0.270351	-0.344394	-0.029058	-0.810728	-0.329166	0.484118	0.395654	-0.917584	0.038690	0.431484	0.222910	0.874147
04551	4.707337	0.361506	9.410202	0.316934	-0.391500	-0.028875	-0.809143	-0.327977	0.487564	0.396747	-0.916985	0.041585	0.433450	0.227088	0.872096
04552	4.800063	0.307644	9.413162	0.310606	-0.429459	-0.041616	-0.807439	-0.326574	0.491316	0.397730	-0.916423	0.044498	0.435721	0.231340	0.869844
04553	4.815750	0.568243	9.288740	0.325746	-0.477869	-0.054122	-0.805560	-0.324918	0.495480	0.398673	-0.915858	0.047583	0.438329	0.235866	0.867315
04554	4.944734	0.560328	9.225571	0.320767	-0.499278	-0.062761	-0.803613	-0.323118	0.499801	0.399548	-0.915311	0.050678	0.441099	0.240420	0.864656
04555	4.780126	0.601663	9.345677	0.302044	-0.557787	-0.080412	-0.801458	-0.320984	0.504612	0.400196	-0.914856	0.053678	0.444418	0.244964	0.861676
04556	4.742011	0.628449	9.444069	0.255400	-0.617899	-0.090763	-0.799061	-0.318589	0.509904	0.400578	-0.914529	0.056339	0.448373	0.249275	0.858384
04557	4.614472	0.777140	9.611248	0.221404	-0.722353	-0.103231	-0.796211	-0.315784	0.516069	0.400709	-0.914319	0.058755	0.453298	0.253575	0.854529
04558	4.411530	0.750490	9.902187	0.171918	-0.848036	-0.102021	-0.792748	-0.312645	0.523263	0.400651	-0.914214	0.060756	0.459379	0.257810	0.850003
04559	4.320904	0.793457	10.080708	0.136659	-1.047665	-0.110221	-0.788329	-0.308868	0.532108	0.400369	-0.914221	0.062486	0.467165	0.262299	0.844368
04560	4.549120	1.248382	9.880135	0.067880	-1.232720	-0.083739	-0.782845	-0.304802	0.542448	0.399998	-0.914313	0.063513	0.476608	0.266699	0.837685
04561	4.767233	1.739927	10.255322	-0.047058	-1.405403	0.003784	-0.776044	-0.301016	0.554206	0.399757	-0.914447	0.063092	0.487801	0.270509	0.829985
04562	4.203297	1.570732	10.495575	-0.185395	-1.594803	0.147212	-0.767570	-0.297983	0.567488	0.399943	-0.914525	0.060744	0.500881	0.273588	0.821138
04563	3.948908	1.074751	10.401992	-0.182868	-1.827839	0.218926	-0.757394	-0.294904	0.582568	0.400638	-0.914400	0.057986	0.515599	0.277317	0.810711
04564	3.306176	0.760782	10.461982	-0.090486	-2.113522	0.269135	-0.745243	-0.291405	0.599746	0.402152	-0.913879	0.055678	0.531871	0.282683	0.798251
04565	2.960962	1.657943	10.211823	-0.087998	-2.549389	0.413290	-0.729760	-0.287843	0.620158	0.404679	-0.912953	0.052456	0.551076	0.289246	0.782721
