// General information: 
//  MT Manager version: 2022.2.0 
//  XDA version: 2022.2.0 build 7381 rev 124627 built on 2023-07-19
// Device information: 
//  DeviceId: 00B4CB9F
//  ProductCode: MTW2-3A7G6
//  Firmware Version: 4.6.0
//  Hardware Version: 2.0.0
// Device settings: 
//  Filter Profile: human(46.1)
//  Option Flags: Orientation Smoother Disabled, Position/Velocity Smoother Disabled, Continuous Zero Rotation Update Disabled, AHS Disabled, ICC Disabled
// Coordinate system: ENU
PacketCounter	Acc_X	Acc_Y	Acc_Z	Gyr_X	Gyr_Y	Gyr_Z	Mat[1][1]	Mat[2][1]	Mat[3][1]	Mat[1][2]	Mat[2][2]	Mat[3][2]	Mat[1][3]	Mat[2][3]	Mat[3][3]
12103	8.205034	-0.663323	0.616888	0.668908	0.395952	-0.048648	0.213349	0.225319	0.950639	-0.618824	0.784124	-0.046971	-0.756002	-0.578257	0.306725
12104	8.364173	0.251935	0.775595	0.686496	0.314443	-0.055325	0.215988	0.226721	0.949709	-0.623917	0.780230	-0.044368	-0.751051	-0.582957	0.309975
12105	8.629725	0.935546	1.023091	0.522182	0.272513	-0.052399	0.218292	0.227917	0.948895	-0.627758	0.777259	-0.042277	-0.747173	-0.586448	0.312746
12106	8.907510	1.401018	1.321124	0.256973	0.230177	-0.055342	0.220283	0.228836	0.948214	-0.629583	0.775852	-0.040978	-0.745051	-0.587952	0.314979
12107	9.229196	1.694737	1.728465	-0.088380	0.204265	-0.070765	0.222185	0.229497	0.947610	-0.628811	0.776496	-0.040619	-0.745138	-0.586843	0.316836
12108	9.777154	1.728307	2.230610	-0.501048	0.225473	-0.085036	0.224330	0.230137	0.946949	-0.624900	0.779605	-0.041430	-0.747781	-0.582454	0.318702
12109	10.004748	1.543134	2.461546	-0.910265	0.270993	-0.091641	0.226868	0.230999	0.946134	-0.617907	0.785047	-0.043505	-0.752809	-0.574753	0.320838
12110	9.690418	1.167378	2.591903	-1.220847	0.305412	-0.118574	0.229837	0.231776	0.945227	-0.608413	0.792267	-0.046330	-0.759611	-0.564440	0.323108
12111	9.208840	0.595670	2.608947	-1.395311	0.296769	-0.153549	0.232964	0.232223	0.944352	-0.597449	0.800382	-0.049434	-0.767322	-0.552685	0.325202
12112	8.814707	-0.016337	2.723486	-1.401039	0.242951	-0.174480	0.235806	0.232114	0.943673	-0.586238	0.808445	-0.052363	-0.775062	-0.540870	0.326710
12113	8.775307	-0.758577	2.845573	-1.264233	0.181377	-0.178685	0.238192	0.231649	0.943188	-0.576018	0.815595	-0.054845	-0.781964	-0.530229	0.327702
12114	8.886090	-1.410979	3.075364	-1.044243	0.143565	-0.165387	0.240199	0.231017	0.942834	-0.567429	0.821466	-0.056719	-0.787609	-0.521368	0.328401
12115	9.023953	-1.896167	3.254229	-0.814960	0.129233	-0.139518	0.241943	0.230552	0.942502	-0.560703	0.825975	-0.058114	-0.791881	-0.514403	0.329110
12116	9.008794	-2.193394	3.323219	-0.606729	0.112642	-0.120721	0.243443	0.230103	0.942225	-0.555602	0.829353	-0.058987	-0.795010	-0.509143	0.329746
12117	8.966254	-2.422856	3.272224	-0.420263	0.096871	-0.103356	0.244723	0.229752	0.941979	-0.552051	0.831690	-0.059431	-0.797089	-0.505476	0.330369
12118	9.015032	-2.539084	3.259350	-0.253444	0.081279	-0.082591	0.245757	0.229458	0.941782	-0.549840	0.833147	-0.059510	-0.798298	-0.503205	0.330917
12119	9.050490	-2.640147	3.278599	-0.127852	0.082592	-0.068042	0.246726	0.229322	0.941561	-0.548698	0.833913	-0.059324	-0.798784	-0.501996	0.331577
12120	9.012731	-2.535849	3.268220	-0.014788	0.097895	-0.042628	0.247668	0.229451	0.941282	-0.548496	0.834069	-0.058997	-0.798632	-0.501678	0.332425
12121	9.053667	-2.178979	3.479608	0.068008	0.116120	-0.007219	0.248571	0.229991	0.940913	-0.549068	0.833712	-0.058734	-0.797958	-0.502025	0.333517
12122	8.909438	-1.849118	3.642376	0.115925	0.152429	0.012990	0.249638	0.230867	0.940416	-0.550053	0.833078	-0.058502	-0.796946	-0.502674	0.334957
12123	8.691033	-1.529235	3.758535	0.131985	0.182567	0.014386	0.250949	0.231921	0.939807	-0.551186	0.832348	-0.058224	-0.795750	-0.503398	0.336709
12124	8.649949	-1.207672	3.854818	0.133687	0.185860	0.021937	0.252227	0.233050	0.939185	-0.552339	0.831598	-0.058017	-0.794546	-0.504115	0.338474
12125	8.730276	-0.925061	4.022119	0.130679	0.187116	0.035096	0.253455	0.234302	0.938543	-0.553512	0.830824	-0.057933	-0.793338	-0.504811	0.340265
12126	8.721954	-0.878116	4.163434	0.137662	0.190817	0.040917	0.254663	0.235620	0.937886	-0.554746	0.830003	-0.057888	-0.792088	-0.505547	0.342080
12127	8.584232	-0.943814	4.312721	0.181324	0.197196	0.020449	0.256046	0.236804	0.937211	-0.556280	0.829004	-0.057488	-0.790565	-0.506632	0.343992
12128	8.423549	-1.063100	4.436328	0.248284	0.205128	-0.032351	0.257768	0.237597	0.936538	-0.558202	0.827788	-0.056371	-0.788649	-0.508247	0.346004
12129	8.294570	-1.171861	4.574763	0.345137	0.194946	-0.084871	0.259714	0.237904	0.935922	-0.560747	0.826198	-0.054409	-0.786201	-0.510684	0.347979
12130	8.343004	-1.142965	4.682059	0.455789	0.171551	-0.148485	0.261817	0.237586	0.935417	-0.563988	0.824177	-0.051475	-0.783179	-0.514086	0.349779
12131	8.539531	-0.968859	4.905343	0.574846	0.165146	-0.198808	0.264169	0.236818	0.934950	-0.568003	0.821647	-0.047630	-0.779479	-0.518472	0.351567
12132	8.764540	-0.706069	4.924885	0.687473	0.179655	-0.239612	0.266855	0.235824	0.934439	-0.572769	0.818587	-0.043017	-0.775064	-0.523739	0.353517
12133	8.810675	-0.418880	4.871083	0.778521	0.191930	-0.270197	0.269829	0.234643	0.933882	-0.578106	0.815088	-0.037762	-0.770056	-0.529693	0.355582
12134	8.770762	-0.116151	4.622398	0.847563	0.191345	-0.294281	0.272931	0.233311	0.933314	-0.583876	0.811210	-0.032043	-0.764590	-0.536194	0.357629
12135	8.748773	0.129169	4.298822	0.887148	0.167618	-0.304664	0.275932	0.231764	0.932817	-0.589844	0.807097	-0.026049	-0.758911	-0.543029	0.359408
12136	8.767552	0.461747	3.944999	0.882174	0.127013	-0.287324	0.278521	0.230188	0.932437	-0.595785	0.802888	-0.020244	-0.753303	-0.549894	0.360764
12137	8.791612	0.749233	3.623200	0.807516	0.082868	-0.276640	0.280735	0.228443	0.932203	-0.601121	0.799022	-0.014777	-0.748226	-0.556218	0.361635
12138	8.823251	0.933040	3.386304	0.691990	0.047837	-0.259330	0.282585	0.226682	0.932074	-0.605619	0.795693	-0.009903	-0.743889	-0.561683	0.362134
12139	8.802351	1.038370	3.279952	0.544691	0.021325	-0.240397	0.284139	0.224904	0.932032	-0.609027	0.793129	-0.005719	-0.740508	-0.566007	0.362332
12140	8.722149	1.051294	3.033907	0.395905	-0.006188	-0.221824	0.285377	0.223146	0.932076	-0.611384	0.791331	-0.002261	-0.738085	-0.569211	0.362255
12141	8.565459	0.960909	2.857533	0.272382	-0.051714	-0.210566	0.286221	0.221197	0.932282	-0.612836	0.790210	0.000659	-0.736552	-0.571525	0.361732
12142	8.404232	0.878019	2.646687	0.177536	-0.122789	-0.203689	0.286498	0.218912	0.932736	-0.613618	0.789597	0.003160	-0.735794	-0.573249	0.360546
12143	8.453467	0.879739	2.365874	0.100479	-0.224329	-0.191146	0.285956	0.216127	0.933551	-0.613856	0.789401	0.005276	-0.735806	-0.574574	0.358405
12144	8.721320	0.885155	2.184993	0.034262	-0.343152	-0.160837	0.284350	0.212903	0.934782	-0.613701	0.789509	0.006865	-0.736557	-0.575629	0.355156
12145	9.170351	0.804072	1.958000	-0.030042	-0.433543	-0.132606	0.281903	0.209370	0.936320	-0.613150	0.789926	0.007969	-0.737955	-0.576351	0.351058
12146	9.614269	0.630594	1.934012	-0.100979	-0.467313	-0.108643	0.279049	0.205829	0.937959	-0.612144	0.790700	0.008603	-0.739873	-0.576566	0.346641
12147	9.825347	0.502731	2.208532	-0.188710	-0.443333	-0.108026	0.276360	0.202430	0.939493	-0.610491	0.791973	0.008937	-0.742244	-0.576022	0.342451
12148	9.894831	0.402358	2.589013	-0.290388	-0.381760	-0.124465	0.274212	0.199250	0.940801	-0.608027	0.793864	0.009088	-0.745058	-0.574525	0.338836
12149	9.791336	0.322754	3.065666	-0.408596	-0.319689	-0.132621	0.272564	0.196375	0.941884	-0.604659	0.796434	0.008928	-0.748396	-0.571952	0.335819
12150	9.660961	0.199390	3.404485	-0.518214	-0.279398	-0.128651	0.271175	0.193755	0.942827	-0.600455	0.799614	0.008379	-0.752275	-0.568398	0.333177
12151	9.649180	0.037203	3.567855	-0.598384	-0.258048	-0.135291	0.269973	0.191221	0.943689	-0.595621	0.803229	0.007637	-0.756538	-0.564143	0.330746
12152	9.738068	-0.287786	3.499216	-0.607783	-0.258685	-0.133817	0.268737	0.188691	0.944551	-0.590685	0.806873	0.006870	-0.760836	-0.559778	0.328293
12153	9.864037	-0.628068	3.389805	-0.543839	-0.257948	-0.142108	0.267541	0.186116	0.945401	-0.586202	0.810140	0.006403	-0.764715	-0.555908	0.325847
12154	10.004021	-0.974843	3.248874	-0.405816	-0.240020	-0.166524	0.266607	0.183438	0.946188	-0.582684	0.812672	0.006630	-0.767724	-0.553096	0.323550
12155	10.146067	-1.193934	3.202282	-0.219234	-0.191043	-0.191346	0.266187	0.180840	0.946806	-0.580536	0.814198	0.007702	-0.769495	-0.551705	0.321713
12156	10.170000	-1.338712	3.243256	-0.008804	-0.120241	-0.214000	0.266432	0.178442	0.947192	-0.579939	0.814603	0.009666	-0.769860	-0.551888	0.320522
12157	9.984737	-1.155143	3.281039	0.177041	-0.058195	-0.221271	0.267205	0.176332	0.947369	-0.580757	0.813984	0.012297	-0.768975	-0.553477	0.319907
12158	9.747568	-0.989015	3.269954	0.293831	-0.025848	-0.211827	0.268165	0.174480	0.947441	-0.582491	0.812695	0.015204	-0.767328	-0.555953	0.319569
12159	9.594294	-0.736120	3.160082	0.354221	-0.018280	-0.179546	0.269008	0.172933	0.947485	-0.584769	0.811000	0.018005	-0.765297	-0.558904	0.319292
12160	9.587809	-0.518423	3.112079	0.358763	-0.026345	-0.117948	0.269423	0.171848	0.947565	-0.587241	0.809159	0.020224	-0.763256	-0.561898	0.318922
12161	9.609216	-0.363692	2.874466	0.320521	-0.019468	-0.055407	0.269536	0.171303	0.947631	-0.589581	0.807416	0.021739	-0.761409	-0.564565	0.318625
12162	9.649164	-0.333187	2.678345	0.267867	0.004279	-0.002463	0.269506	0.171327	0.947636	-0.591660	0.805872	0.022571	-0.759806	-0.566761	0.318555
12163	9.538104	-0.346688	2.451265	0.230645	0.046054	0.038091	0.269566	0.171907	0.947514	-0.593559	0.804464	0.022913	-0.758302	-0.568582	0.318893
12164	9.358841	-0.254058	2.351569	0.227754	0.075782	0.061718	0.269695	0.172854	0.947305	-0.595499	0.803027	0.023009	-0.756734	-0.570324	0.319506
12165	9.265328	-0.158264	2.271007	0.244557	0.084796	0.082562	0.269779	0.174013	0.947069	-0.597616	0.801453	0.022977	-0.755033	-0.572182	0.320208
12166	9.181004	0.021847	2.320448	0.264145	0.074651	0.087831	0.269735	0.175161	0.946869	-0.599891	0.799752	0.022945	-0.753242	-0.574208	0.320799
12167	9.202657	0.270064	2.406889	0.268816	0.053322	0.094735	0.269503	0.176236	0.946736	-0.602215	0.798006	0.022880	-0.751469	-0.576305	0.321197
12168	9.201672	0.500387	2.508234	0.261711	0.036273	0.097510	0.269105	0.177237	0.946662	-0.604484	0.796292	0.022751	-0.749788	-0.578365	0.321423
12169	9.307861	0.664943	2.647509	0.240596	0.013125	0.099457	0.268537	0.178115	0.946659	-0.606599	0.794688	0.022551	-0.748282	-0.580298	0.321448
12170	9.387360	0.856309	2.841457	0.208276	-0.002830	0.105556	0.267793	0.178947	0.946713	-0.608479	0.793260	0.022177	-0.747021	-0.581993	0.321315
12171	9.407416	0.969831	2.979368	0.170844	-0.008412	0.111273	0.266988	0.179791	0.946780	-0.610097	0.792031	0.021640	-0.745989	-0.583405	0.321152
12172	9.333374	0.934712	3.080214	0.137714	-0.016846	0.104911	0.266140	0.180529	0.946878	-0.611441	0.791010	0.021047	-0.745190	-0.584562	0.320902
12173	9.194387	0.846531	3.175386	0.118388	-0.028137	0.089194	0.265320	0.181080	0.947003	-0.612606	0.790122	0.020551	-0.744526	-0.585592	0.320566
12174	9.051294	0.728328	3.199654	0.113086	-0.048939	0.049373	0.264574	0.181185	0.947192	-0.613611	0.789345	0.020406	-0.743963	-0.586606	0.320018
12175	8.936448	0.664073	3.273954	0.122819	-0.071199	0.012333	0.263905	0.180875	0.947438	-0.614602	0.788567	0.020650	-0.743383	-0.587747	0.319273
12176	8.887383	0.657381	3.351240	0.122523	-0.096133	-0.029272	0.263292	0.180080	0.947760	-0.615469	0.787874	0.021280	-0.742883	-0.588919	0.318274
12177	8.932280	0.757943	3.482420	0.114121	-0.123655	-0.059221	0.262674	0.178895	0.948156	-0.616205	0.787273	0.022171	-0.742491	-0.590082	0.317032
12178	8.974458	0.849862	3.530773	0.090622	-0.151722	-0.085469	0.261997	0.177329	0.948637	-0.616693	0.786861	0.023232	-0.742326	-0.591104	0.315512
12179	9.134490	0.930862	3.617324	0.050738	-0.179210	-0.103276	0.261239	0.175466	0.949192	-0.616844	0.786709	0.024339	-0.742467	-0.591862	0.313754
12180	9.182690	1.000300	3.611950	0.002160	-0.199417	-0.115812	0.260399	0.173373	0.949807	-0.616587	0.786876	0.025411	-0.742975	-0.592256	0.311802
12181	9.290204	0.946708	3.694338	-0.055726	-0.195950	-0.125444	0.259651	0.171236	0.950400	-0.615892	0.787388	0.026397	-0.743814	-0.592197	0.309909
12182	9.292695	0.845735	3.729745	-0.113109	-0.187963	-0.139663	0.259038	0.169022	0.950963	-0.614720	0.788272	0.027341	-0.744996	-0.591658	0.308093
12183	9.311418	0.628070	3.580184	-0.144496	-0.175698	-0.142920	0.258540	0.166866	0.951479	-0.613317	0.789332	0.028224	-0.746323	-0.590856	0.306416
12184	9.215162	0.366920	3.502919	-0.133275	-0.166064	-0.152180	0.258160	0.164685	0.951962	-0.611969	0.790341	0.029232	-0.747561	-0.590118	0.304817
12185	9.083965	0.146677	3.451807	-0.102509	-0.172555	-0.143065	0.257679	0.162547	0.952460	-0.610878	0.791147	0.030250	-0.748618	-0.589632	0.303158
12186	9.015182	0.047896	3.431883	-0.072114	-0.189865	-0.127099	0.256960	0.160426	0.953014	-0.610053	0.791746	0.031209	-0.749538	-0.589408	0.301316
12187	9.001770	-0.051538	3.414191	-0.054706	-0.214185	-0.095137	0.255869	0.158421	0.953642	-0.609444	0.792187	0.031919	-0.750406	-0.589358	0.299245
12188	9.058184	-0.100132	3.338130	-0.040788	-0.241562	-0.057463	0.254333	0.156549	0.954362	-0.609034	0.792486	0.032309	-0.751261	-0.589456	0.296899
12189	9.147143	-0.124298	3.261979	-0.028013	-0.248607	-0.019821	0.252521	0.154937	0.955106	-0.608818	0.792649	0.032382	-0.752047	-0.589663	0.294488
12190	9.231960	-0.150043	3.244559	-0.014159	-0.252732	0.010892	0.250484	0.153540	0.955868	-0.608773	0.792691	0.032199	-0.752764	-0.589971	0.292028
12191	9.348985	-0.150024	3.228343	0.002131	-0.248629	0.023298	0.248405	0.152268	0.956613	-0.608892	0.792610	0.031949	-0.753356	-0.590410	0.289603
12192	9.449704	-0.090887	3.280117	0.024613	-0.239236	0.020242	0.246406	0.151031	0.957326	-0.609180	0.792395	0.031786	-0.753780	-0.591016	0.287255
12193	9.580424	0.108684	3.341729	0.045849	-0.226886	0.004753	0.244601	0.149737	0.957992	-0.609582	0.792084	0.031838	-0.754043	-0.591762	0.285022
12194	9.687912	0.169299	3.274977	0.068705	-0.219431	-0.007025	0.242918	0.148400	0.958628	-0.610135	0.791649	0.032059	-0.754139	-0.592680	0.282850
12195	9.718628	0.301273	3.182743	0.090791	-0.214771	-0.016332	0.241333	0.147007	0.959243	-0.610824	0.791101	0.032437	-0.754090	-0.593757	0.280715
12196	9.626349	0.358166	3.155569	0.106658	-0.209244	-0.023153	0.239828	0.145602	0.959835	-0.611631	0.790458	0.032916	-0.753916	-0.594959	0.278629
12197	9.392727	0.387105	3.121803	0.119902	-0.221200	-0.032973	0.238298	0.144035	0.960452	-0.612501	0.789758	0.033531	-0.753696	-0.596268	0.276419
12198	9.172196	0.402872	3.057948	0.123351	-0.252716	-0.036391	0.236546	0.142260	0.961149	-0.613401	0.789032	0.034178	-0.753515	-0.597654	0.273905
12199	9.103566	0.413216	3.038606	0.123948	-0.297563	-0.034236	0.234449	0.140220	0.961963	-0.614298	0.788306	0.034810	-0.753440	-0.599093	0.270954
12200	9.071139	0.448727	2.956326	0.126455	-0.347100	-0.022191	0.231901	0.137986	0.962903	-0.615259	0.787534	0.035321	-0.753445	-0.600625	0.267527
12201	9.173362	0.391223	2.847479	0.115143	-0.394291	-0.017510	0.228972	0.135487	0.963958	-0.616130	0.786832	0.035760	-0.753628	-0.602111	0.263640
12202	9.206837	0.391411	2.801315	0.094787	-0.404474	-0.016044	0.225950	0.132944	0.965025	-0.616866	0.786239	0.036118	-0.753938	-0.603452	0.259659
12203	9.282813	0.471272	2.752444	0.063291	-0.429031	-0.005368	0.222682	0.130320	0.966142	-0.617375	0.785831	0.036297	-0.754494	-0.604555	0.255447
12204	9.369307	0.537006	2.732354	0.015631	-0.431622	-0.000944	0.219365	0.127729	0.967246	-0.617556	0.785688	0.036305	-0.755317	-0.605293	0.251232
12205	9.436201	0.601449	2.602111	-0.032313	-0.419234	0.014449	0.216042	0.125314	0.968309	-0.617387	0.785833	0.036048	-0.756412	-0.605609	0.247140
12206	9.424333	0.647211	2.551999	-0.081320	-0.401429	0.008777	0.212877	0.122976	0.969309	-0.616856	0.786265	0.035719	-0.757741	-0.605528	0.243236
12207	9.445383	0.609401	2.556463	-0.111364	-0.385790	0.012369	0.209809	0.120748	0.970258	-0.616081	0.786892	0.035294	-0.759226	-0.605162	0.239488
12208	9.290503	0.626072	2.568778	-0.136791	-0.378967	0.003192	0.206845	0.118507	0.971170	-0.615118	0.787662	0.034897	-0.760818	-0.604602	0.235820
12209	9.168993	0.604232	2.613886	-0.154822	-0.378406	-0.007036	0.203941	0.116175	0.972066	-0.613968	0.788574	0.034566	-0.762530	-0.603866	0.232150
12210	9.134919	0.610938	2.658956	-0.174503	-0.392408	-0.016638	0.200973	0.113696	0.972976	-0.612658	0.789604	0.034279	-0.764369	-0.602991	0.228346
12211	9.145801	0.585638	2.633963	-0.194907	-0.407158	-0.019504	0.197911	0.111099	0.973904	-0.611170	0.790769	0.033991	-0.766356	-0.601948	0.224402
12212	9.244696	0.544293	2.627628	-0.215039	-0.415177	-0.022527	0.194795	0.108446	0.974830	-0.609532	0.792045	0.033688	-0.768456	-0.600753	0.220388
12213	9.364954	0.520488	2.600133	-0.226361	-0.404283	-0.020535	0.191743	0.105867	0.975719	-0.607794	0.793394	0.033356	-0.770598	-0.599431	0.216473
12214	9.452424	0.469763	2.574189	-0.236785	-0.379176	-0.036100	0.188974	0.103329	0.976531	-0.605935	0.794823	0.033156	-0.772743	-0.597979	0.212811
12215	9.539188	0.419961	2.549738	-0.248957	-0.355726	-0.044239	0.186423	0.100863	0.977278	-0.603968	0.796324	0.033024	-0.774899	-0.596401	0.209371
12216	9.670544	0.341498	2.576223	-0.264268	-0.326077	-0.066039	0.184238	0.098423	0.977941	-0.601860	0.797916	0.033082	-0.777059	-0.594679	0.206244
12217	9.755210	0.316099	2.545462	-0.276679	-0.294034	-0.071453	0.182314	0.096118	0.978531	-0.599619	0.799597	0.033176	-0.779242	-0.592795	0.203412
12218	9.785768	0.200999	2.499383	-0.286746	-0.255231	-0.081985	0.180751	0.093980	0.979029	-0.597305	0.801320	0.033354	-0.781380	-0.590808	0.200974
12219	9.758386	0.152466	2.428085	-0.290696	-0.215098	-0.090695	0.179543	0.091996	0.979439	-0.594910	0.803088	0.033623	-0.783483	-0.588715	0.198918
12220	9.667718	0.049260	2.421441	-0.292330	-0.190663	-0.087624	0.178507	0.090197	0.979796	-0.592509	0.804852	0.033856	-0.785537	-0.586581	0.197114
12221	9.717882	-0.024193	2.412139	-0.290629	-0.171895	-0.083950	0.177586	0.088526	0.980116	-0.590117	0.806599	0.034069	-0.787544	-0.584433	0.195481
12222	9.755262	-0.084464	2.375383	-0.285319	-0.138680	-0.081294	0.176913	0.087094	0.980366	-0.587794	0.808285	0.034264	-0.789430	-0.582315	0.194189
12223	9.810932	-0.037306	2.341665	-0.275645	-0.110298	-0.074047	0.176410	0.085866	0.980564	-0.585528	0.809921	0.034417	-0.791225	-0.580219	0.193155
12224	9.754486	0.007845	2.255322	-0.268289	-0.077062	-0.076467	0.176181	0.084828	0.980696	-0.583305	0.811516	0.034596	-0.792916	-0.578140	0.192454
12225	9.708834	0.107130	2.232419	-0.253558	-0.051857	-0.089039	0.176222	0.083818	0.980775	-0.581179	0.813025	0.034943	-0.794466	-0.576164	0.191986
12226	9.637868	0.278822	2.194488	-0.240606	-0.032794	-0.098793	0.176471	0.082863	0.980812	-0.579169	0.814438	0.035398	-0.795878	-0.574303	0.191716
12227	9.686563	0.463965	2.174782	-0.226689	-0.014960	-0.108977	0.176916	0.081902	0.980812	-0.577214	0.815799	0.035994	-0.797198	-0.572507	0.191603
12228	9.656945	0.543627	2.037894	-0.218251	-0.006962	-0.112687	0.177459	0.080977	0.980791	-0.575314	0.817112	0.036631	-0.798450	-0.570763	0.191591
12229	9.498589	0.622547	1.976992	-0.212231	0.005242	-0.112893	0.178084	0.080097	0.980750	-0.573461	0.818384	0.037293	-0.799643	-0.569063	0.191674
12230	9.364963	0.673758	1.974972	-0.205736	0.002278	-0.109556	0.178665	0.079244	0.980714	-0.571662	0.819613	0.037918	-0.800801	-0.567411	0.191737
12231	9.327872	0.742374	1.939526	-0.203948	-0.004928	-0.110945	0.179194	0.078319	0.980691	-0.569872	0.820827	0.038576	-0.801957	-0.565782	0.191719
12232	9.378442	0.774662	1.868577	-0.202686	-0.026524	-0.099504	0.179490	0.077394	0.980711	-0.568158	0.821989	0.039117	-0.803106	-0.564220	0.191511
12233	9.431721	0.761069	1.814466	-0.209294	-0.040107	-0.088623	0.179605	0.076452	0.980763	-0.566361	0.823208	0.039546	-0.804349	-0.562569	0.191152
12234	9.488970	0.678556	1.786493	-0.221477	-0.052627	-0.073030	0.179535	0.075584	0.980844	-0.564483	0.824485	0.039789	-0.805684	-0.560813	0.190690
12235	9.483162	0.581777	1.798877	-0.238287	-0.067157	-0.062188	0.179279	0.074709	0.980958	-0.562493	0.825838	0.039906	-0.807131	-0.558936	0.190078
12236	9.540016	0.519681	1.758368	-0.251080	-0.084217	-0.057757	0.178861	0.073784	0.981104	-0.560375	0.827275	0.039944	-0.808696	-0.556930	0.189314
12237	9.567937	0.426160	1.776295	-0.264526	-0.089153	-0.043577	0.178318	0.072942	0.981266	-0.558200	0.828750	0.039832	-0.810318	-0.554845	0.188497
12238	9.572077	0.337505	1.744237	-0.260857	-0.101451	-0.041819	0.177672	0.072063	0.981448	-0.556048	0.830201	0.039704	-0.811938	-0.552787	0.187574
12239	9.599275	0.222826	1.708506	-0.244821	-0.108999	-0.031906	0.176898	0.071211	0.981650	-0.554046	0.831547	0.039520	-0.813474	-0.550870	0.186553
12240	9.638156	0.159114	1.732913	-0.215809	-0.125659	-0.032642	0.175990	0.070275	0.981880	-0.552269	0.832735	0.039388	-0.814878	-0.549194	0.185364
12241	9.673283	0.163986	1.729692	-0.194032	-0.129348	-0.031608	0.175045	0.069317	0.982117	-0.550675	0.833794	0.039300	-0.816159	-0.547707	0.184122
12242	9.666782	0.152785	1.757362	-0.171048	-0.126839	-0.039579	0.174178	0.068325	0.982341	-0.549249	0.834733	0.039329	-0.817305	-0.546400	0.182920
12243	9.580123	0.169482	1.730239	-0.143237	-0.132821	-0.050173	0.173302	0.067196	0.982574	-0.548034	0.835522	0.039521	-0.818306	-0.545333	0.181624
12244	9.490725	0.233161	1.685092	-0.115184	-0.147546	-0.059206	0.172367	0.065937	0.982823	-0.547074	0.836135	0.039850	-0.819145	-0.544546	0.180195
12245	9.490568	0.325148	1.695468	-0.092449	-0.169748	-0.066422	0.171275	0.064473	0.983112	-0.546247	0.836654	0.040297	-0.819927	-0.543923	0.178516
12246	9.500534	0.406665	1.672889	-0.061369	-0.186775	-0.063639	0.170020	0.062961	0.983427	-0.545721	0.836975	0.040762	-0.820538	-0.543607	0.176661
12247	9.487619	0.514608	1.651841	-0.045899	-0.195754	-0.073540	0.168749	0.061297	0.983751	-0.545263	0.837244	0.041365	-0.821104	-0.543384	0.174707
12248	9.532121	0.580390	1.644267	-0.039523	-0.202674	-0.079310	0.167462	0.059563	0.984078	-0.544847	0.837481	0.042027	-0.821643	-0.543210	0.172699
12249	9.629457	0.671962	1.624474	-0.044194	-0.205047	-0.079877	0.166146	0.057796	0.984406	-0.544395	0.837742	0.042697	-0.822210	-0.543000	0.170651
12250	9.704771	0.724064	1.573587	-0.063377	-0.199511	-0.075649	0.164865	0.056106	0.984719	-0.543763	0.838122	0.043285	-0.822886	-0.542590	0.168686
12251	9.729734	0.662408	1.509688	-0.087011	-0.189369	-0.071308	0.163629	0.054497	0.985016	-0.542973	0.838607	0.043801	-0.823654	-0.542004	0.166811
12252	9.717978	0.640020	1.421959	-0.104240	-0.171238	-0.060236	0.162490	0.053100	0.985280	-0.542100	0.839152	0.044177	-0.824454	-0.541299	0.165140
12253	9.715489	0.586772	1.463632	-0.118039	-0.153286	-0.061876	0.161496	0.051767	0.985515	-0.541070	0.839796	0.044552	-0.825325	-0.540428	0.163634
12254	9.763236	0.540138	1.443905	-0.122167	-0.134687	-0.065525	0.160669	0.050519	0.985715	-0.540033	0.840442	0.044950	-0.826166	-0.539541	0.162315
12255	9.762276	0.464294	1.497259	-0.108447	-0.116804	-0.065973	0.159994	0.049351	0.985884	-0.539075	0.841034	0.045384	-0.826922	-0.538727	0.161164
12256	9.720406	0.432800	1.467496	-0.092899	-0.105980	-0.067752	0.159422	0.048239	0.986031	-0.538259	0.841531	0.045856	-0.827564	-0.538051	0.160124
12257	9.663364	0.377567	1.517444	-0.075837	-0.113715	-0.071668	0.158801	0.047040	0.986189	-0.537561	0.841947	0.046401	-0.828136	-0.537506	0.158989
12258	9.602277	0.326654	1.506932	-0.057803	-0.125291	-0.071843	0.158067	0.045779	0.986367	-0.536980	0.842287	0.046960	-0.828654	-0.537082	0.157720
12259	9.537020	0.280036	1.435399	-0.028266	-0.145887	-0.071210	0.157175	0.044411	0.986572	-0.536677	0.842445	0.047577	-0.829019	-0.536949	0.156246
12260	9.505102	0.239209	1.369798	0.012536	-0.166986	-0.066752	0.156088	0.042983	0.986808	-0.536750	0.842363	0.048209	-0.829178	-0.537193	0.154554
12261	9.507370	0.245944	1.352763	0.039449	-0.190090	-0.067521	0.154809	0.041409	0.987076	-0.537016	0.842154	0.048894	-0.829246	-0.537645	0.152610
12262	9.542054	0.323266	1.375635	0.051556	-0.214278	-0.068509	0.153347	0.039707	0.987374	-0.537366	0.841889	0.049601	-0.829290	-0.538188	0.150438
12263	9.589147	0.408850	1.415642	0.054618	-0.236500	-0.065286	0.151671	0.037900	0.987704	-0.537763	0.841595	0.050285	-0.829341	-0.538778	0.148027
12264	9.642612	0.464919	1.370659	0.045352	-0.256725	-0.069869	0.149870	0.035966	0.988051	-0.538138	0.841312	0.051001	-0.829425	-0.539352	0.145442
12265	9.594778	0.487978	1.400559	0.037263	-0.273920	-0.070262	0.147911	0.033913	0.988419	-0.538386	0.841110	0.051708	-0.829616	-0.539800	0.142668
12266	9.626892	0.465978	1.429118	0.025679	-0.287783	-0.071058	0.145846	0.031793	0.988796	-0.538574	0.840948	0.052400	-0.829860	-0.540182	0.139772
12267	9.616099	0.406770	1.438083	0.014878	-0.296967	-0.065031	0.143667	0.029658	0.989182	-0.538646	0.840862	0.053021	-0.830193	-0.540436	0.136779
12268	9.637519	0.310820	1.410804	0.016882	-0.304898	-0.058069	0.141386	0.027555	0.989571	-0.538801	0.840728	0.053572	-0.830484	-0.540756	0.133714
12269	9.706220	0.270663	1.452154	0.025446	-0.305493	-0.060348	0.139109	0.025411	0.989951	-0.538971	0.840581	0.054160	-0.830758	-0.541089	0.130628
12270	9.739888	0.264122	1.378115	0.045533	-0.310215	-0.066194	0.136814	0.023203	0.990325	-0.539326	0.840311	0.054820	-0.830909	-0.541608	0.127480
12271	9.758612	0.256712	1.375944	0.073900	-0.298421	-0.063086	0.134610	0.021072	0.990675	-0.539897	0.839899	0.055495	-0.830898	-0.542333	0.124435
12272	9.748085	0.263270	1.418972	0.108015	-0.286596	-0.071851	0.132535	0.018940	0.990997	-0.540765	0.839289	0.056281	-0.830667	-0.543356	0.121477
12273	9.766290	0.321851	1.453308	0.140845	-0.268759	-0.061248	0.130569	0.016980	0.991294	-0.541897	0.838509	0.057014	-0.830240	-0.544624	0.118685
12274	9.751498	0.309664	1.448227	0.175866	-0.254780	-0.058965	0.128707	0.015128	0.991567	-0.543342	0.837523	0.057749	-0.829587	-0.546193	0.116015
12275	9.761313	0.387585	1.326100	0.233240	-0.241157	-0.058500	0.126961	0.013334	0.991818	-0.545243	0.836230	0.058554	-0.828608	-0.548216	0.113439
12276	9.733506	0.490373	1.281073	0.293145	-0.222465	-0.061302	0.125391	0.011634	0.992039	-0.547665	0.834584	0.059436	-0.827249	-0.550758	0.111021
12277	9.709989	0.613424	1.287400	0.336599	-0.213650	-0.061867	0.123900	0.009953	0.992245	-0.550412	0.832707	0.060376	-0.825648	-0.553624	0.108651
12278	9.665570	0.739882	1.306659	0.363624	-0.200211	-0.067867	0.122560	0.008312	0.992426	-0.553409	0.830645	0.061386	-0.823843	-0.556741	0.106404
12279	9.701391	0.748214	1.200454	0.380636	-0.184631	-0.057397	0.121294	0.006819	0.992593	-0.556513	0.828499	0.062313	-0.821937	-0.559949	0.104287
12280	9.708286	0.769559	1.139868	0.382882	-0.171304	-0.058180	0.120149	0.005409	0.992741	-0.559646	0.826316	0.063230	-0.819976	-0.563181	0.102308
12281	9.766537	0.694651	1.090633	0.382460	-0.152048	-0.052491	0.119132	0.004131	0.992870	-0.562758	0.824133	0.064095	-0.817992	-0.566381	0.100506
12282	9.747298	0.650463	1.145942	0.376531	-0.121916	-0.049893	0.118362	0.003062	0.992966	-0.565853	0.821947	0.064915	-0.815967	-0.569556	0.099020
12283	9.725284	0.629002	1.195393	0.376101	-0.095360	-0.048084	0.117792	0.002136	0.993036	-0.568903	0.819775	0.065719	-0.813926	-0.572682	0.097778
12284	9.744231	0.602421	1.221786	0.374405	-0.071968	-0.050510	0.117441	0.001342	0.993079	-0.571934	0.817597	0.066531	-0.811849	-0.575789	0.096787
12285	9.788915	0.529037	1.256173	0.367688	-0.050491	-0.062020	0.117321	0.000557	0.993094	-0.574884	0.815449	0.067457	-0.809780	-0.578828	0.095990
12286	9.775914	0.519391	1.140977	0.373660	-0.031130	-0.061872	0.117361	-0.000095	0.993089	-0.577880	0.813253	0.068370	-0.807639	-0.581910	0.095390
12287	9.747533	0.467081	1.059774	0.395153	-0.003358	-0.059946	0.117616	-0.000589	0.993059	-0.581038	0.810921	0.069298	-0.805333	-0.585155	0.095035
12288	9.731508	0.490680	1.030626	0.411312	0.017882	-0.072044	0.118129	-0.001033	0.992998	-0.584324	0.808465	0.070353	-0.802876	-0.588544	0.094899
12289	9.702006	0.571782	1.015281	0.427986	0.036231	-0.071001	0.118769	-0.001380	0.992921	-0.587712	0.805912	0.071420	-0.800305	-0.592034	0.094906
12290	9.705478	0.646844	0.915725	0.444494	0.047516	-0.070560	0.119507	-0.001631	0.992832	-0.591245	0.803228	0.072488	-0.797589	-0.595669	0.095026
12291	9.766783	0.581770	0.849324	0.456869	0.052230	-0.068559	0.120263	-0.001858	0.992740	-0.594841	0.800471	0.073558	-0.794796	-0.599369	0.095162
12292	9.686171	0.556156	0.732029	0.461642	0.054662	-0.076588	0.121094	-0.002108	0.992639	-0.598462	0.797661	0.074702	-0.791946	-0.603103	0.095331
12293	9.619160	0.486277	0.694266	0.469337	0.054694	-0.074875	0.121910	-0.002362	0.992538	-0.602122	0.794793	0.075848	-0.789042	-0.606876	0.095471
12294	9.622023	0.406954	0.677068	0.497416	0.030543	-0.062646	0.122469	-0.002640	0.992469	-0.606033	0.791714	0.076890	-0.785955	-0.610886	0.095361
12295	9.652878	0.377012	0.644407	0.516944	0.027398	-0.044654	0.122890	-0.002815	0.992416	-0.610074	0.788518	0.077781	-0.782757	-0.615006	0.095183
12296	9.642545	0.366991	0.727401	0.539559	0.029666	-0.028134	0.123236	-0.002821	0.992373	-0.614312	0.785147	0.078519	-0.779380	-0.619303	0.095025
12297	9.650683	0.323160	0.849267	0.553666	0.023781	-0.016846	0.123458	-0.002796	0.992346	-0.618637	0.781678	0.079167	-0.775916	-0.623676	0.094775
12298	9.745407	0.358284	0.997239	0.564162	0.026045	-0.010153	0.123662	-0.002680	0.992321	-0.623049	0.778107	0.079745	-0.772345	-0.628126	0.094552
12299	9.857779	0.413129	1.122178	0.577608	0.036071	-0.009371	0.123932	-0.002517	0.992288	-0.627528	0.774438	0.080339	-0.768667	-0.632645	0.094398
12300	9.870431	0.397437	1.294470	0.600840	0.048676	-0.007088	0.124286	-0.002229	0.992244	-0.632189	0.770578	0.080917	-0.764782	-0.637342	0.094363
12301	9.860910	0.488694	1.354444	0.632326	0.066957	-0.004760	0.124760	-0.001829	0.992185	-0.637045	0.766504	0.081517	-0.760663	-0.642237	0.094464
12302	9.832039	0.447952	1.376252	0.677601	0.098758	-0.007594	0.125495	-0.001216	0.992093	-0.642237	0.762089	0.082174	-0.756163	-0.647471	0.094858
12303	9.733135	0.415456	1.379839	0.742011	0.134975	-0.005437	0.126481	-0.000372	0.991969	-0.647862	0.757235	0.082890	-0.751184	-0.653143	0.095535
12304	9.654501	0.379856	1.374046	0.821504	0.160210	-0.003750	0.127640	0.000687	0.991820	-0.654062	0.751801	0.083652	-0.745594	-0.659389	0.096409
12305	9.603125	0.443527	1.287832	0.904445	0.179060	-0.002927	0.128922	0.001858	0.991653	-0.660813	0.745777	0.084513	-0.739395	-0.666193	0.097375
12306	9.526539	0.622702	1.313822	0.993037	0.179892	-0.006824	0.130230	0.003050	0.991479	-0.668176	0.739075	0.085491	-0.732517	-0.673616	0.098287
12307	9.513748	0.886473	1.268285	1.055267	0.175098	-0.006103	0.131480	0.004196	0.991310	-0.675898	0.731896	0.086548	-0.725172	-0.681404	0.099066
12308	9.458645	1.227983	1.262027	1.093552	0.155862	0.000551	0.132540	0.005306	0.991163	-0.683847	0.724352	0.087568	-0.717486	-0.689410	0.099634
12309	9.438524	1.552446	1.163068	1.090244	0.128609	0.001117	0.133383	0.006208	0.991045	-0.691667	0.716761	0.088600	-0.709793	-0.697291	0.099898
12310	9.419187	1.873382	1.055092	1.069548	0.107768	0.025801	0.133906	0.007182	0.990968	-0.699316	0.709206	0.089356	-0.702158	-0.704965	0.099990
12311	9.575248	1.811153	0.945895	0.978764	0.079912	0.016715	0.134280	0.007868	0.990912	-0.706214	0.702239	0.090124	-0.695148	-0.711898	0.099854
12312	9.624644	2.025825	0.885342	0.902428	0.043976	0.034908	0.134280	0.008457	0.990907	-0.712568	0.695726	0.090624	-0.688634	-0.718258	0.099448
12313	9.721467	2.065088	0.771637	0.820883	0.006110	0.052807	0.133877	0.008867	0.990958	-0.718304	0.689769	0.090870	-0.682727	-0.723975	0.098714
12314	9.689427	1.978792	0.630931	0.736446	-0.031705	0.062106	0.133156	0.009089	0.991053	-0.723459	0.684353	0.090927	-0.677404	-0.729094	0.097701
12315	9.752156	1.872652	0.358513	0.662356	-0.079848	0.068740	0.132051	0.008973	0.991202	-0.728058	0.679470	0.090843	-0.672677	-0.733649	0.096258
12316	9.886127	1.695516	0.190750	0.582157	-0.124124	0.075206	0.130616	0.008587	0.991396	-0.732111	0.675132	0.090607	-0.668545	-0.737647	0.094470
12317	9.943049	1.467137	0.010125	0.506262	-0.159311	0.084107	0.128870	0.007975	0.991629	-0.735632	0.671349	0.090202	-0.665010	-0.741099	0.092383
12318	9.923341	1.269565	-0.065341	0.417208	-0.185880	0.092228	0.126902	0.007224	0.991889	-0.738563	0.668201	0.089624	-0.662133	-0.743946	0.090131
12319	9.938343	1.088894	-0.035878	0.328348	-0.209475	0.105284	0.124671	0.006364	0.992178	-0.740902	0.665714	0.088827	-0.659941	-0.746180	0.087711
12320	9.942615	0.905179	0.078280	0.235786	-0.211163	0.115797	0.122365	0.005564	0.992470	-0.742637	0.663909	0.087840	-0.658421	-0.747793	0.085371
12321	9.807840	0.760711	0.234095	0.156211	-0.216269	0.134802	0.119873	0.004837	0.992777	-0.743863	0.662699	0.086589	-0.657494	-0.748870	0.083038
12322	9.720088	0.565258	0.394968	0.101159	-0.233390	0.134679	0.117277	0.003986	0.993091	-0.744727	0.661896	0.085290	-0.656983	-0.749585	0.080594
12323	9.668454	0.501314	0.604333	0.078880	-0.261334	0.130664	0.114520	0.002889	0.993417	-0.745432	0.661267	0.084010	-0.656671	-0.750145	0.077882
12324	9.604587	0.465754	0.725293	0.091062	-0.287301	0.118844	0.111691	0.001521	0.993742	-0.746201	0.660544	0.082858	-0.656284	-0.750786	0.074912
12325	9.572443	0.602773	0.864946	0.122108	-0.314483	0.095160	0.108850	-0.000216	0.994058	-0.747142	0.659593	0.081956	-0.655691	-0.751623	0.071636
12326	9.595008	0.855791	0.938400	0.152791	-0.346471	0.078493	0.105932	-0.002299	0.994371	-0.748270	0.658402	0.081236	-0.654882	-0.752663	0.068026
12327	9.651106	1.158560	0.942022	0.169438	-0.357336	0.056135	0.103106	-0.004623	0.994660	-0.749472	0.657094	0.080744	-0.653958	-0.753794	0.064285
12328	9.657551	1.390934	0.895393	0.156876	-0.349411	0.033343	0.100511	-0.007034	0.994911	-0.750571	0.655873	0.080464	-0.653101	-0.754838	0.060643
12329	9.659410	1.623846	0.891941	0.126659	-0.325174	0.028354	0.098109	-0.009307	0.995132	-0.751459	0.654886	0.080210	-0.652444	-0.755671	0.057256
12330	9.620057	1.797244	0.900796	0.084715	-0.291098	0.019339	0.096007	-0.011377	0.995316	-0.752075	0.654202	0.080022	-0.652048	-0.756234	0.054251
12331	9.620928	1.959172	0.889585	0.033483	-0.247011	0.013987	0.094224	-0.013157	0.995464	-0.752340	0.653917	0.079854	-0.652002	-0.756452	0.051716
12332	9.587167	2.042161	0.865423	-0.009532	-0.199778	0.008123	0.092806	-0.014613	0.995577	-0.752322	0.653954	0.079729	-0.652226	-0.756393	0.049697
12333	9.555923	2.105238	0.861112	-0.044206	-0.149081	0.013112	0.091668	-0.015657	0.995667	-0.752079	0.654257	0.079530	-0.652667	-0.756110	0.048199
12334	9.630650	2.027222	0.812844	-0.084215	-0.119487	0.015163	0.090722	-0.016461	0.995740	-0.751580	0.654857	0.079302	-0.653373	-0.755573	0.047038
12335	9.609636	1.866669	0.843856	-0.123849	-0.080112	0.028353	0.089918	-0.016883	0.995806	-0.750830	0.655764	0.078915	-0.654347	-0.754777	0.046289
12336	9.588560	1.653060	0.806379	-0.153299	-0.063550	0.042319	0.089136	-0.017087	0.995873	-0.749902	0.656888	0.078391	-0.655516	-0.753794	0.045739
12337	9.574854	1.490717	0.756770	-0.162268	-0.062568	0.054852	0.088247	-0.017200	0.995950	-0.748919	0.658087	0.077724	-0.656759	-0.752745	0.045193
12338	9.645499	1.355533	0.685908	-0.156840	-0.068883	0.072040	0.087208	-0.017246	0.996041	-0.747989	0.659241	0.076904	-0.657957	-0.751734	0.044591
12339	9.681286	1.170710	0.723114	-0.150086	-0.076337	0.086072	0.085995	-0.017254	0.996146	-0.747108	0.660351	0.075933	-0.659116	-0.750759	0.043896
12340	9.700902	1.042279	0.800939	-0.142707	-0.087904	0.095129	0.084660	-0.017288	0.996260	-0.746285	0.661400	0.074895	-0.660221	-0.749834	0.043092
12341	9.738294	0.947370	0.793960	-0.132036	-0.110245	0.104468	0.083085	-0.017425	0.996390	-0.745534	0.662375	0.073751	-0.661269	-0.748970	0.042043
12342	9.737431	0.772149	0.807981	-0.107512	-0.126644	0.111713	0.081370	-0.017635	0.996528	-0.744952	0.663160	0.072563	-0.662137	-0.748270	0.040824
12343	9.643475	0.657523	0.926861	-0.088558	-0.143626	0.120207	0.079456	-0.017913	0.996677	-0.744496	0.663811	0.071283	-0.662882	-0.747686	0.039407
12344	9.629320	0.489280	0.864443	-0.049468	-0.176502	0.122718	0.077329	-0.018419	0.996835	-0.744302	0.664164	0.070011	-0.663351	-0.747360	0.037650
12345	9.593076	0.397734	0.869640	-0.009893	-0.204381	0.122482	0.074994	-0.019134	0.997000	-0.744363	0.664228	0.068739	-0.663551	-0.747285	0.035570
12346	9.644426	0.335648	0.809310	0.040128	-0.220314	0.119954	0.072596	-0.019982	0.997161	-0.744758	0.663909	0.067525	-0.663374	-0.747546	0.033315
12347	9.706348	0.306559	0.748887	0.095771	-0.231083	0.122862	0.070081	-0.020897	0.997322	-0.745514	0.663186	0.066283	-0.662795	-0.748163	0.030897
12348	9.799913	0.233124	0.618311	0.153373	-0.228605	0.133527	0.067528	-0.021720	0.997481	-0.746663	0.662023	0.064964	-0.661766	-0.749169	0.028488
12349	9.777587	0.124781	0.464998	0.213312	-0.224101	0.147084	0.064881	-0.022430	0.997641	-0.748203	0.660424	0.063507	-0.660290	-0.750558	0.026066
12350	9.725207	0.109897	0.453806	0.281537	-0.214421	0.166499	0.062176	-0.022938	0.997802	-0.750209	0.658299	0.061881	-0.658271	-0.752407	0.023722
12351	9.702898	0.211613	0.432499	0.344469	-0.219105	0.182119	0.059301	-0.023395	0.997966	-0.752615	0.655713	0.060094	-0.655785	-0.754648	0.021277
12352	9.683485	0.383733	0.424490	0.399946	-0.233253	0.197634	0.056240	-0.023859	0.998132	-0.755390	0.652689	0.058164	-0.652858	-0.757250	0.018685
12353	9.689302	0.640616	0.316261	0.446724	-0.255701	0.202364	0.052976	-0.024484	0.998296	-0.758441	0.649316	0.056173	-0.649585	-0.760124	0.015829
12354	9.687954	0.916102	0.273135	0.478024	-0.283399	0.200877	0.049570	-0.025335	0.998449	-0.761684	0.645678	0.054199	-0.646049	-0.763190	0.012709
12355	9.719224	1.198097	0.268380	0.474969	-0.315021	0.201334	0.045937	-0.026452	0.998594	-0.764872	0.642065	0.052193	-0.642543	-0.766194	0.009262
12356	9.737240	1.375492	0.243928	0.447830	-0.345568	0.201810	0.042133	-0.027807	0.998725	-0.767873	0.638634	0.050175	-0.639215	-0.769008	0.005555
12357	9.776578	1.526379	0.259969	0.402003	-0.353792	0.215027	0.038155	-0.029166	0.998846	-0.770554	0.635566	0.047993	-0.636232	-0.771496	0.001776
12358	9.696399	1.554627	0.341649	0.341976	-0.365484	0.212841	0.034152	-0.030637	0.998947	-0.772843	0.632940	0.045834	-0.633678	-0.773594	-0.002062
12359	9.687615	1.503276	0.343460	0.271950	-0.374439	0.213223	0.030066	-0.032194	0.999029	-0.774662	0.630868	0.043644	-0.631661	-0.775222	-0.005972
12360	9.665640	1.402810	0.488424	0.190924	-0.365380	0.214614	0.026059	-0.033676	0.999093	-0.775966	0.629411	0.041454	-0.630236	-0.776343	-0.009730
12361	9.595416	1.300448	0.521765	0.116350	-0.350238	0.216595	0.022104	-0.035039	0.999141	-0.776780	0.628549	0.039227	-0.629383	-0.776981	-0.013324
12362	9.618242	1.164853	0.576562	0.049790	-0.320705	0.208826	0.018428	-0.036219	0.999174	-0.777176	0.628189	0.037105	-0.629014	-0.777217	-0.016572
12363	9.558508	0.911414	0.536755	0.006088	-0.295776	0.194745	0.014987	-0.037299	0.999192	-0.777275	0.628180	0.035108	-0.628982	-0.777173	-0.019577
12364	9.614772	0.891495	0.497177	-0.035281	-0.266389	0.193129	0.011778	-0.038155	0.999202	-0.777120	0.628479	0.033159	-0.629242	-0.776891	-0.022249
12365	9.918949	0.853034	0.466901	-0.084599	-0.221014	0.197363	0.008786	-0.038635	0.999215	-0.776636	0.629179	0.031156	-0.629888	-0.776300	-0.024477
12366	10.035972	0.788511	0.324475	-0.132978	-0.174652	0.194214	0.006147	-0.038766	0.999229	-0.775854	0.630236	0.029223	-0.630883	-0.775436	-0.026203
12367	10.025039	0.549715	0.102738	-0.185993	-0.146080	0.178028	0.003777	-0.038779	0.999241	-0.774716	0.631713	0.027444	-0.632298	-0.774232	-0.027657
12368	9.824725	0.290118	-0.189706	-0.200013	-0.117307	0.171699	0.001676	-0.038598	0.999253	-0.773497	0.633276	0.025759	-0.633798	-0.772963	-0.028794
12369	9.742803	0.153785	-0.467270	-0.185094	-0.111085	0.168006	-0.000395	-0.038395	0.999263	-0.772352	0.634738	0.024084	-0.635195	-0.771773	-0.029905
12370	9.682647	0.085191	-0.618770	-0.164440	-0.111427	0.174080	-0.002476	-0.038147	0.999269	-0.771346	0.636022	0.022368	-0.636411	-0.770727	-0.030999
