// General information: 
//  MT Manager version: 2022.2.0 
//  XDA version: 2022.2.0 build 7381 rev 124627 built on 2023-07-19
// Device information: 
//  DeviceId: 00B4CBA7
//  ProductCode: MTW2-3A7G6
//  Firmware Version: 4.6.0
//  Hardware Version: 2.0.0
// Device settings: 
//  Filter Profile: human(46.1)
//  Option Flags: Orientation Smoother Disabled, Position/Velocity Smoother Disabled, Continuous Zero Rotation Update Disabled, AHS Disabled, ICC Disabled
// Coordinate system: ENU
PacketCounter	Acc_X	Acc_Y	Acc_Z	Gyr_X	Gyr_Y	Gyr_Z	Mat[1][1]	Mat[2][1]	Mat[3][1]	Mat[1][2]	Mat[2][2]	Mat[3][2]	Mat[1][3]	Mat[2][3]	Mat[3][3]
04384	9.653244	0.321583	-1.456645	0.007648	0.004212	0.004369	0.146732	0.036034	0.988520	0.054483	-0.998114	0.028297	0.987675	0.049706	-0.148419
04385	9.660288	0.318998	-1.479287	0.003876	0.010333	0.005872	0.146579	0.036041	0.988542	0.054437	-0.998116	0.028318	0.987700	0.049662	-0.148264
04386	9.689798	0.309888	-1.494437	0.005984	0.010001	0.006197	0.146476	0.036008	0.988559	0.054464	-0.998115	0.028287	0.987714	0.049697	-0.148161
04387	9.651694	0.371057	-1.484752	0.000009	0.006988	0.006462	0.146392	0.035979	0.988572	0.054526	-0.998113	0.028252	0.987723	0.049767	-0.148078
04388	9.690107	0.308668	-1.492686	0.003262	0.012462	0.004631	0.146264	0.035961	0.988592	0.054529	-0.998113	0.028239	0.987742	0.049776	-0.147949
04389	9.654042	0.318578	-1.452007	0.007743	0.013675	0.005282	0.146017	0.035926	0.988630	0.054305	-0.998125	0.028250	0.987790	0.049563	-0.147694
04390	9.707820	0.277002	-1.405626	0.018812	0.015769	0.006911	0.145857	0.035883	0.988655	0.054458	-0.998118	0.028192	0.987806	0.049728	-0.147537
04391	9.649371	0.293112	-1.371885	0.022765	0.017406	0.004167	0.145711	0.035941	0.988674	0.054449	-0.998117	0.028260	0.987828	0.049714	-0.147393
04392	9.665296	0.262719	-1.362799	0.021888	0.021836	-0.000470	0.145487	0.035969	0.988706	0.054642	-0.998106	0.028271	0.987850	0.049912	-0.147177
04393	9.649929	0.292081	-1.368177	0.027244	0.018612	0.004821	0.145238	0.035934	0.988744	0.055057	-0.998085	0.028186	0.987864	0.050343	-0.146939
04394	9.650173	0.291475	-1.366581	0.021971	0.015946	0.000775	0.145073	0.035953	0.988767	0.055249	-0.998075	0.028185	0.987877	0.050540	-0.146781
04395	9.679740	0.282548	-1.381275	0.022583	0.013814	0.002018	0.144981	0.035976	0.988780	0.055681	-0.998052	0.028149	0.987866	0.050976	-0.146702
04396	9.679922	0.282079	-1.380098	0.023548	0.011855	0.001106	0.144857	0.035993	0.988798	0.055889	-0.998040	0.028142	0.987873	0.051187	-0.146585
04397	9.664432	0.311536	-1.386427	0.013006	0.009340	0.002868	0.144779	0.035980	0.988810	0.056032	-0.998033	0.028112	0.987876	0.051335	-0.146510
04398	9.655896	0.338985	-1.416144	0.008791	0.010005	0.002213	0.144674	0.035987	0.988825	0.056093	-0.998030	0.028115	0.987888	0.051398	-0.146407
04399	9.649525	0.289666	-1.438146	0.009586	0.015633	0.002207	0.144428	0.036003	0.988860	0.056033	-0.998032	0.028153	0.987927	0.051343	-0.146162
04400	9.692799	0.302055	-1.476473	0.012388	0.007290	0.005026	0.144352	0.035983	0.988872	0.056125	-0.998028	0.028123	0.987933	0.051441	-0.146086
04401	9.670563	0.307790	-1.482821	0.015291	0.012583	0.005348	0.144306	0.035977	0.988879	0.056317	-0.998018	0.028091	0.987929	0.051637	-0.146046
04402	9.662103	0.334882	-1.512312	0.018628	0.012167	0.004764	0.144181	0.035958	0.988898	0.056471	-0.998010	0.028056	0.987939	0.051799	-0.145925
04403	9.676062	0.355421	-1.534481	0.018540	0.013869	0.006917	0.143855	0.035923	0.988947	0.056197	-0.998025	0.028078	0.988002	0.051536	-0.145590
04404	9.676313	0.354532	-1.533101	0.017928	0.015995	0.005673	0.143693	0.035892	0.988971	0.056342	-0.998018	0.028034	0.988017	0.051692	-0.145430
04405	9.683372	0.377024	-1.531569	0.013273	0.018194	0.009322	0.143546	0.035852	0.988994	0.056392	-0.998016	0.027994	0.988036	0.051753	-0.145283
04406	9.685345	0.350352	-1.475760	0.009676	0.020906	0.006507	0.143336	0.035810	0.989026	0.056455	-0.998014	0.027954	0.988063	0.051828	-0.145073
04407	9.672155	0.302634	-1.473470	0.012314	0.024320	0.006832	0.142911	0.035764	0.989089	0.056501	-0.998012	0.027923	0.988122	0.051895	-0.144647
04408	9.680919	0.299522	-1.417300	0.005373	0.023275	0.008001	0.142677	0.035706	0.989125	0.056520	-0.998012	0.027874	0.988154	0.051928	-0.144411
04409	9.667503	0.277277	-1.391628	0.007745	0.024812	0.008328	0.142350	0.035653	0.989174	0.056549	-0.998012	0.027834	0.988200	0.051975	-0.144083
04410	9.669232	0.276147	-1.312032	0.015562	0.025598	0.008405	0.142093	0.035590	0.989213	0.056667	-0.998007	0.027767	0.988230	0.052110	-0.143827
04411	9.640181	0.283687	-1.293746	0.018633	0.023304	0.007827	0.142008	0.035559	0.989227	0.056936	-0.997993	0.027701	0.988227	0.052389	-0.143748
04412	9.647281	0.306169	-1.291674	0.012923	0.022178	0.008080	0.141785	0.035502	0.989261	0.057029	-0.997990	0.027641	0.988253	0.052498	-0.143525
04413	9.678731	0.245543	-1.275039	0.003433	0.016020	0.006768	0.141544	0.035465	0.989297	0.056901	-0.997997	0.027635	0.988295	0.052381	-0.143278
04414	9.647986	0.279184	-1.311744	-0.003684	0.011403	0.005783	0.141426	0.035435	0.989314	0.056833	-0.998002	0.027622	0.988316	0.052319	-0.143157
04415	9.654668	0.327872	-1.287672	-0.013784	0.007374	0.003224	0.141324	0.035443	0.989329	0.056472	-0.998020	0.027688	0.988351	0.051957	-0.143046
04416	9.660189	0.351319	-1.364831	-0.036202	-0.006989	0.006729	0.141388	0.035414	0.989321	0.056081	-0.998042	0.027712	0.988364	0.051564	-0.143097
04417	9.711346	0.387467	-1.328000	-0.068535	-0.017644	0.006423	0.141585	0.035391	0.989293	0.055512	-0.998072	0.027760	0.988368	0.050987	-0.143276
04418	9.674093	0.322105	-1.437159	-0.076355	-0.018453	0.006348	0.141762	0.035372	0.989269	0.054724	-0.998113	0.027846	0.988387	0.050190	-0.143430
04419	9.680635	0.346185	-1.438725	-0.097439	-0.019315	0.006449	0.141893	0.035307	0.989252	0.054152	-0.998144	0.027857	0.988400	0.049617	-0.143541
04420	9.665015	0.351418	-1.470856	-0.097444	-0.019352	0.006456	0.142079	0.035287	0.989226	0.053157	-0.998194	0.027972	0.988427	0.048610	-0.143698
04421	9.663148	0.378157	-1.526497	-0.101586	-0.024602	0.007045	0.142220	0.035304	0.989205	0.051958	-0.998252	0.028157	0.988471	0.047392	-0.143805
04422	9.735143	0.409013	-1.560515	-0.116354	-0.026500	0.008145	0.142477	0.035270	0.989170	0.050773	-0.998310	0.028283	0.988495	0.046193	-0.144027
04423	9.691858	0.371527	-1.546295	-0.124435	-0.018082	0.011162	0.142616	0.035214	0.989152	0.049555	-0.998368	0.028398	0.988537	0.044967	-0.144128
04424	9.685423	0.272863	-1.617671	-0.121182	-0.012664	0.009356	0.142737	0.035161	0.989136	0.048320	-0.998425	0.028518	0.988580	0.043725	-0.144211
04425	9.698866	0.320541	-1.618285	-0.103793	-0.011608	0.011991	0.142904	0.035094	0.989114	0.047290	-0.998472	0.028594	0.988606	0.042689	-0.144346
04426	9.667658	0.381227	-1.632685	-0.101491	-0.000029	0.007723	0.142900	0.035052	0.989116	0.046253	-0.998517	0.028703	0.988656	0.041648	-0.144309
04427	9.710718	0.420305	-1.647862	-0.105363	0.003536	0.014793	0.142916	0.034962	0.989117	0.045210	-0.998563	0.028764	0.988702	0.040608	-0.144291
04428	9.726295	0.415958	-1.616112	-0.110626	0.011984	0.013853	0.142796	0.034854	0.989138	0.044074	-0.998612	0.028825	0.988770	0.039479	-0.144134
04429	9.676395	0.404915	-1.551872	-0.111596	0.013884	0.014784	0.142668	0.034746	0.989161	0.043092	-0.998654	0.028864	0.988832	0.038507	-0.143973
04430	9.683870	0.377804	-1.596884	-0.105806	0.016042	0.022251	0.142511	0.034552	0.989190	0.041991	-0.998702	0.028835	0.988902	0.037428	-0.143777
04431	9.677213	0.379167	-1.571582	-0.096403	0.016944	0.019263	0.142127	0.034391	0.989251	0.040883	-0.998747	0.028848	0.989004	0.036343	-0.143355
04432	9.693002	0.373431	-1.538649	-0.083215	0.025628	0.027752	0.141876	0.034140	0.989296	0.039997	-0.998787	0.028731	0.989076	0.035493	-0.143069
04433	9.663845	0.430276	-1.472177	-0.076888	0.031544	0.035245	0.141653	0.033852	0.989337	0.039163	-0.998824	0.028569	0.989141	0.034699	-0.142812
04434	9.657677	0.404462	-1.468753	-0.069226	0.039910	0.036292	0.141264	0.033510	0.989405	0.038404	-0.998860	0.028347	0.989227	0.033993	-0.142390
04435	9.652661	0.401811	-1.364201	-0.063617	0.038514	0.041581	0.140885	0.033144	0.989471	0.037586	-0.998898	0.028108	0.989312	0.033230	-0.141975
04436	9.656185	0.345174	-1.253266	-0.052454	0.038923	0.041076	0.140507	0.032755	0.989538	0.036986	-0.998929	0.027815	0.989389	0.032691	-0.141568
04437	9.644285	0.293122	-1.172948	-0.029605	0.039313	0.043458	0.140125	0.032364	0.989605	0.036662	-0.998950	0.027478	0.989455	0.032431	-0.141165
04438	9.675438	0.279333	-1.108005	-0.011400	0.039141	0.039627	0.139744	0.031990	0.989671	0.036471	-0.998966	0.027141	0.989516	0.032301	-0.140766
04439	9.625752	0.238948	-1.065512	0.001626	0.041565	0.036074	0.139214	0.031679	0.989756	0.036178	-0.998984	0.026886	0.989601	0.032064	-0.140218
04440	9.634438	0.232070	-1.007951	0.005030	0.035277	0.036683	0.138869	0.031336	0.989815	0.036153	-0.998993	0.026555	0.989651	0.032098	-0.139862
04441	9.636084	0.201873	-0.951608	0.001656	0.024554	0.034109	0.138730	0.031046	0.989843	0.036026	-0.999005	0.026284	0.989675	0.032013	-0.139711
04442	9.630307	0.198624	-0.849662	-0.001053	0.005816	0.033951	0.138676	0.030740	0.989861	0.035945	-0.999016	0.025988	0.989685	0.031976	-0.139645
04443	9.608052	0.202106	-0.856993	-0.002951	-0.007300	0.033841	0.138701	0.030466	0.989866	0.035759	-0.999029	0.025737	0.989688	0.031827	-0.139656
04444	9.622141	0.195549	-0.904960	-0.012679	-0.021234	0.033644	0.138915	0.030172	0.989845	0.035564	-0.999043	0.025461	0.989666	0.031666	-0.139855
04445	9.629145	0.165874	-0.954574	-0.019313	-0.033231	0.029484	0.139079	0.029924	0.989829	0.035203	-0.999061	0.025257	0.989655	0.031332	-0.140002
04446	9.700422	0.169720	-1.090493	-0.022180	-0.044416	0.030304	0.139520	0.029671	0.989775	0.034918	-0.999077	0.025028	0.989603	0.031069	-0.140427
04447	9.647081	0.184129	-1.163454	-0.032850	-0.052211	0.027678	0.140019	0.029500	0.989709	0.034361	-0.999099	0.024918	0.989552	0.030519	-0.140907
04448	9.666194	0.228580	-1.268571	-0.032467	-0.062131	0.030081	0.140636	0.029253	0.989629	0.033974	-0.999117	0.024706	0.989478	0.030147	-0.141505
04449	9.648821	0.283235	-1.334527	-0.042736	-0.058622	0.028474	0.141287	0.029093	0.989541	0.033196	-0.999145	0.024635	0.989412	0.029368	-0.142132
04450	9.669097	0.276109	-1.410214	-0.045394	-0.062064	0.028121	0.141902	0.028865	0.989460	0.032683	-0.999166	0.024461	0.989341	0.028867	-0.142727
04451	9.682282	0.220810	-1.510228	-0.038963	-0.060537	0.023566	0.142533	0.028735	0.989373	0.032126	-0.999186	0.024392	0.989268	0.028308	-0.143340
04452	9.702381	0.239180	-1.562062	-0.026017	-0.056449	0.022166	0.143090	0.028565	0.989297	0.031813	-0.999200	0.024250	0.989198	0.028002	-0.143885
04453	9.693245	0.265916	-1.597085	-0.010138	-0.047058	0.021136	0.143493	0.028423	0.989243	0.031420	-0.999214	0.024151	0.989152	0.027617	-0.144273
04454	9.675812	0.320903	-1.661535	0.002101	-0.043366	0.024037	0.143921	0.028230	0.989186	0.031382	-0.999220	0.023951	0.989092	0.027596	-0.144694
04455	9.654402	0.298232	-1.618817	0.010270	-0.029561	0.027294	0.144133	0.028023	0.989162	0.031286	-0.999228	0.023749	0.989064	0.027524	-0.144898
04456	9.720938	0.249844	-1.624082	0.014760	-0.028356	0.027955	0.144413	0.027787	0.989127	0.031367	-0.999232	0.023492	0.989020	0.027633	-0.145174
04457	9.705238	0.252043	-1.656752	0.036996	-0.015738	0.024513	0.144433	0.027625	0.989129	0.031455	-0.999233	0.023314	0.989014	0.027746	-0.145191
04458	9.689908	0.303897	-1.640931	0.053928	-0.007295	0.030253	0.144506	0.027361	0.989126	0.031920	-0.999226	0.022977	0.988989	0.028252	-0.145267
04459	9.712264	0.293167	-1.634387	0.062584	-0.000873	0.030365	0.144529	0.027129	0.989129	0.032393	-0.999218	0.022673	0.988970	0.028764	-0.145295
04460	9.677519	0.247664	-1.565195	0.066825	0.002662	0.027648	0.144503	0.026888	0.989139	0.032989	-0.999206	0.022343	0.988954	0.029402	-0.145275
04461	9.671946	0.168469	-1.535436	0.076005	0.008602	0.031152	0.144392	0.026645	0.989162	0.033613	-0.999193	0.022009	0.988949	0.030071	-0.145171
04462	9.680538	0.135785	-1.504205	0.086168	0.016809	0.030358	0.144227	0.026373	0.989193	0.034396	-0.999174	0.021624	0.988947	0.030906	-0.145015
04463	9.674092	0.158503	-1.455279	0.109082	0.025517	0.025962	0.143961	0.026172	0.989237	0.035349	-0.999148	0.021290	0.988952	0.031903	-0.144764
04464	9.645376	0.187914	-1.413240	0.114686	0.024053	0.031253	0.143725	0.025888	0.989279	0.036413	-0.999119	0.020856	0.988948	0.033025	-0.144541
04465	9.640212	0.158780	-1.334058	0.106883	0.027434	0.027824	0.143462	0.025676	0.989323	0.037249	-0.999095	0.020528	0.988955	0.033906	-0.144289
04466	9.685111	0.115726	-1.340761	0.114703	0.028164	0.027901	0.143184	0.025424	0.989369	0.038318	-0.999063	0.020128	0.988954	0.035029	-0.144024
04467	9.654973	0.146684	-1.375492	0.130107	0.031994	0.024662	0.142891	0.025257	0.989416	0.039280	-0.999031	0.019830	0.988959	0.036030	-0.143745
04468	9.670667	0.112430	-1.365495	0.134067	0.033575	0.021939	0.142559	0.025062	0.989469	0.040548	-0.998988	0.019461	0.988955	0.037347	-0.143431
04469	9.663049	0.162214	-1.369238	0.128095	0.034729	0.018817	0.142391	0.024918	0.989497	0.041615	-0.998950	0.019168	0.988935	0.038449	-0.143278
04470	9.671625	0.105325	-1.359265	0.112512	0.031461	0.016520	0.142077	0.024778	0.989545	0.042678	-0.998910	0.018884	0.988935	0.039549	-0.142980
04471	9.686020	0.098511	-1.403027	0.100904	0.029852	0.011482	0.141695	0.024745	0.989601	0.043412	-0.998881	0.018761	0.988958	0.040302	-0.142610
04472	9.679459	0.098067	-1.376942	0.089737	0.029485	0.011999	0.141399	0.024650	0.989646	0.044255	-0.998848	0.018556	0.988963	0.041173	-0.142327
04473	9.672872	0.097966	-1.350914	0.072336	0.028486	0.009364	0.141125	0.024618	0.989686	0.044772	-0.998827	0.018461	0.988979	0.041705	-0.142062
04474	9.695533	0.089515	-1.341015	0.047986	0.026486	0.007889	0.140857	0.024565	0.989725	0.045208	-0.998809	0.018357	0.988997	0.042158	-0.141800
04475	9.666431	0.046401	-1.368987	0.032656	0.031050	0.004340	0.140627	0.024641	0.989756	0.044905	-0.998820	0.018487	0.989044	0.041846	-0.141567
04476	9.726813	0.053075	-1.297062	0.029484	0.038176	-0.004025	0.140238	0.024703	0.989810	0.045175	-0.998807	0.018527	0.989087	0.042116	-0.141187
04477	9.646182	0.026904	-1.316040	0.022451	0.026030	-0.005944	0.140022	0.024816	0.989837	0.045224	-0.998803	0.018643	0.989115	0.042154	-0.140976
04478	9.674884	0.095491	-1.336606	0.018087	0.027356	-0.012162	0.139736	0.024963	0.989874	0.045392	-0.998793	0.018780	0.989148	0.042308	-0.140701
04479	9.659885	0.075711	-1.388278	0.014869	0.020215	-0.012500	0.139507	0.025136	0.989902	0.045446	-0.998787	0.018957	0.989178	0.042343	-0.140480
04480	9.667218	0.074810	-1.409468	0.009193	0.023311	-0.015650	0.139260	0.025319	0.989932	0.045531	-0.998780	0.019141	0.989209	0.042407	-0.140243
04481	9.719157	0.086032	-1.392588	0.013483	0.020925	-0.017142	0.138961	0.025543	0.989968	0.045549	-0.998774	0.019377	0.989250	0.042400	-0.139954
04482	9.718446	0.164671	-1.397743	0.011226	0.021901	-0.023030	0.138725	0.025802	0.989995	0.045664	-0.998764	0.019631	0.989278	0.042484	-0.139731
04483	9.704550	0.145548	-1.372520	0.003124	0.019280	-0.023119	0.138357	0.026094	0.990039	0.045624	-0.998759	0.019948	0.989331	0.042410	-0.139376
04484	9.675479	0.182150	-1.331321	-0.009864	0.021176	-0.022960	0.138128	0.026352	0.990064	0.045530	-0.998758	0.020231	0.989367	0.042283	-0.139156
04485	9.699018	0.151956	-1.268215	-0.017881	0.016864	-0.025209	0.137961	0.026639	0.990079	0.045310	-0.998761	0.020559	0.989401	0.042024	-0.138997
04486	9.655689	0.116963	-1.250886	-0.023156	0.014258	-0.029278	0.137797	0.026963	0.990093	0.045093	-0.998764	0.020923	0.989433	0.041763	-0.138843
04487	9.679078	0.112769	-1.165519	-0.029663	0.001667	-0.027805	0.137803	0.027304	0.990083	0.044581	-0.998778	0.021338	0.989456	0.041198	-0.138851
04488	9.657800	0.096798	-1.119323	-0.023650	-0.008179	-0.033283	0.137859	0.027677	0.990065	0.044364	-0.998779	0.021743	0.989458	0.040926	-0.138919
04489	9.643489	0.130014	-1.050304	-0.030157	-0.010710	-0.036442	0.138053	0.028068	0.990027	0.044066	-0.998783	0.022171	0.989444	0.040565	-0.139122
04490	9.650306	0.157409	-1.051758	-0.028987	-0.021923	-0.040436	0.138243	0.028518	0.989988	0.043806	-0.998783	0.022654	0.989429	0.040235	-0.139324
04491	9.634719	0.191812	-1.061399	-0.036406	-0.028389	-0.041444	0.138541	0.028983	0.989933	0.043398	-0.998789	0.023169	0.989405	0.039751	-0.139631
04492	9.648359	0.217835	-1.087697	-0.046993	-0.037816	-0.046189	0.138886	0.029497	0.989869	0.042968	-0.998794	0.023734	0.989376	0.039237	-0.139986
04493	9.624301	0.255554	-1.152860	-0.056552	-0.048150	-0.044134	0.139204	0.030025	0.989809	0.042363	-0.998806	0.024340	0.989357	0.038543	-0.140309
04494	9.666982	0.247754	-1.220470	-0.068490	-0.060029	-0.042414	0.139770	0.030509	0.989714	0.041716	-0.998819	0.024898	0.989305	0.037807	-0.140878
04495	9.659185	0.178687	-1.273342	-0.081354	-0.065782	-0.043161	0.140321	0.031005	0.989621	0.040998	-0.998834	0.025480	0.989257	0.036997	-0.141428
04496	9.672321	0.129258	-1.373224	-0.070746	-0.069212	-0.043668	0.140978	0.031504	0.989511	0.040330	-0.998847	0.026055	0.989191	0.036234	-0.142086
04497	9.707543	0.174436	-1.372524	-0.062874	-0.074357	-0.042359	0.141719	0.032035	0.989388	0.039343	-0.998869	0.026706	0.989125	0.035141	-0.142819
04498	9.705063	0.205747	-1.433034	-0.052650	-0.067874	-0.045329	0.142364	0.032549	0.989279	0.038857	-0.998873	0.027273	0.989051	0.034558	-0.143468
04499	9.666255	0.272974	-1.430170	-0.055720	-0.065622	-0.044728	0.142978	0.033089	0.989173	0.038060	-0.998886	0.027913	0.988994	0.033657	-0.144078
04500	9.649780	0.308244	-1.443343	-0.059940	-0.064985	-0.045372	0.143594	0.033602	0.989066	0.037503	-0.998890	0.028491	0.988926	0.033001	-0.144695
04501	9.643336	0.238461	-1.419522	-0.053270	-0.065838	-0.046547	0.144198	0.034168	0.988959	0.036688	-0.998901	0.029163	0.988869	0.032078	-0.145293
04502	9.693953	0.253701	-1.411154	-0.039733	-0.063936	-0.046739	0.144803	0.034694	0.988852	0.036332	-0.998898	0.029726	0.988793	0.031623	-0.145904
04503	9.660337	0.370269	-1.461273	-0.028400	-0.064206	-0.041718	0.145217	0.035167	0.988775	0.036404	-0.998881	0.030180	0.988730	0.031613	-0.146334
04504	9.681625	0.418761	-1.413169	-0.034648	-0.064921	-0.044842	0.145832	0.035673	0.988666	0.036097	-0.998876	0.030717	0.988651	0.031208	-0.146956
04505	9.687342	0.446743	-1.419601	-0.046109	-0.075649	-0.037547	0.146493	0.036111	0.988552	0.035735	-0.998874	0.031192	0.988566	0.030756	-0.147618
04506	9.663728	0.457798	-1.433575	-0.050671	-0.070999	-0.039403	0.147171	0.036564	0.988435	0.035262	-0.998875	0.031700	0.988482	0.030189	-0.148295
04507	9.640082	0.468959	-1.447526	-0.065105	-0.076948	-0.037035	0.147895	0.037009	0.988310	0.034519	-0.998884	0.032240	0.988401	0.029348	-0.149007
04508	9.661166	0.441665	-1.471209	-0.074165	-0.077742	-0.036153	0.148641	0.037431	0.988183	0.033810	-0.998892	0.032751	0.988313	0.028542	-0.149742
04509	9.653011	0.422912	-1.478572	-0.080500	-0.076801	-0.037096	0.149248	0.037861	0.988075	0.033271	-0.998893	0.033250	0.988240	0.027912	-0.150343
04510	9.674155	0.446185	-1.455304	-0.089488	-0.083521	-0.034998	0.150052	0.038272	0.987937	0.032409	-0.998904	0.033774	0.988147	0.026951	-0.151128
04511	9.667917	0.375792	-1.433540	-0.084857	-0.085733	-0.038678	0.150709	0.038751	0.987818	0.031537	-0.998911	0.034375	0.988075	0.025972	-0.151767
04512	9.666456	0.355490	-1.465265	-0.090042	-0.087411	-0.034995	0.151551	0.039161	0.987673	0.030670	-0.998920	0.034901	0.987974	0.025003	-0.152588
04513	9.628867	0.294812	-1.504606	-0.080999	-0.086698	-0.035876	0.152370	0.039571	0.987531	0.029992	-0.998923	0.035400	0.987868	0.024224	-0.153393
04514	9.645344	0.242632	-1.452656	-0.061675	-0.085260	-0.038583	0.153191	0.040015	0.987386	0.029412	-0.998922	0.035919	0.987759	0.023539	-0.154203
04515	9.657483	0.268930	-1.483974	-0.044454	-0.087707	-0.038246	0.154030	0.040461	0.987237	0.028933	-0.998917	0.036425	0.987642	0.022953	-0.155034
04516	9.653866	0.325085	-1.521893	-0.030917	-0.085722	-0.038512	0.154855	0.040903	0.987090	0.028658	-0.998908	0.036897	0.987521	0.022574	-0.155858
04517	9.672651	0.374606	-1.552867	-0.029698	-0.085822	-0.039429	0.155564	0.041363	0.986959	0.028486	-0.998895	0.037374	0.987415	0.022300	-0.156571
04518	9.626462	0.442189	-1.527113	-0.035151	-0.085150	-0.039113	0.156383	0.041811	0.986811	0.028170	-0.998886	0.037859	0.987295	0.021878	-0.157387
04519	9.647320	0.414860	-1.552240	-0.045700	-0.087810	-0.037277	0.157145	0.042234	0.986672	0.027945	-0.998875	0.038305	0.987180	0.021553	-0.158149
04520	9.674586	0.361164	-1.624670	-0.044768	-0.085568	-0.041569	0.157968	0.042705	0.986520	0.027539	-0.998866	0.038830	0.987060	0.021034	-0.158965
04521	9.639503	0.273489	-1.610514	-0.042463	-0.082348	-0.039074	0.158647	0.043181	0.986391	0.026928	-0.998861	0.039396	0.986968	0.020311	-0.159629
04522	9.657790	0.273341	-1.688401	-0.023235	-0.074901	-0.043042	0.159363	0.043665	0.986254	0.026738	-0.998846	0.039902	0.986858	0.020011	-0.160347
04523	9.650082	0.304201	-1.648172	-0.004317	-0.071878	-0.041503	0.160011	0.044114	0.986129	0.027051	-0.998822	0.040293	0.986744	0.020229	-0.161016
04524	9.646399	0.385263	-1.660682	-0.006168	-0.069693	-0.041787	0.160676	0.044584	0.986000	0.027029	-0.998803	0.040758	0.986637	0.020101	-0.161689
04525	9.658885	0.486406	-1.619190	-0.017599	-0.072105	-0.041158	0.161255	0.045042	0.985884	0.027145	-0.998782	0.041192	0.986539	0.020119	-0.162282
04526	9.660181	0.438961	-1.596515	-0.034775	-0.071476	-0.043568	0.161937	0.045530	0.985750	0.026843	-0.998769	0.041721	0.986436	0.019705	-0.162960
04527	9.664429	0.364728	-1.520871	-0.050665	-0.079406	-0.040183	0.162703	0.045970	0.985604	0.026634	-0.998755	0.042187	0.986315	0.019387	-0.163725
04528	9.623452	0.278752	-1.482531	-0.049156	-0.075061	-0.046619	0.163420	0.046488	0.985461	0.026197	-0.998741	0.042770	0.986209	0.018827	-0.164432
04529	9.602605	0.263697	-1.443242	-0.044744	-0.080821	-0.052528	0.164159	0.047064	0.985310	0.025910	-0.998722	0.043388	0.986093	0.018407	-0.165169
04530	9.643351	0.255650	-1.337424	-0.042533	-0.087124	-0.051039	0.164994	0.047627	0.985144	0.025547	-0.998705	0.044004	0.985964	0.017907	-0.165997
04531	9.612558	0.219394	-1.376454	-0.032842	-0.085935	-0.056305	0.165740	0.048244	0.984989	0.025337	-0.998681	0.044651	0.985844	0.017556	-0.166744
04532	9.604544	0.202017	-1.385442	-0.032295	-0.095125	-0.061612	0.166651	0.048914	0.984802	0.025093	-0.998656	0.045356	0.985697	0.017154	-0.167654
04533	9.596930	0.234885	-1.347539	-0.019692	-0.104052	-0.066369	0.167548	0.049625	0.984614	0.025179	-0.998622	0.046047	0.985542	0.017077	-0.168567
04534	9.611051	0.186680	-1.375782	-0.007675	-0.115084	-0.068989	0.168653	0.050372	0.984387	0.025192	-0.998587	0.046782	0.985353	0.016909	-0.169684
04535	9.576884	0.228463	-1.423228	0.009678	-0.120853	-0.073146	0.169739	0.051150	0.984161	0.025558	-0.998545	0.047489	0.985158	0.017092	-0.170799
04536	9.564657	0.341481	-1.570668	0.029347	-0.123337	-0.074838	0.170922	0.051956	0.983914	0.025947	-0.998500	0.048219	0.984943	0.017288	-0.172014
04537	9.607411	0.437778	-1.652033	0.035365	-0.124550	-0.071801	0.172012	0.052724	0.983683	0.026537	-0.998452	0.048875	0.984737	0.017697	-0.173145
04538	9.614043	0.493475	-1.740770	0.033350	-0.127736	-0.076413	0.173238	0.053548	0.983423	0.026970	-0.998404	0.049612	0.984511	0.017929	-0.174405
04539	9.623813	0.497344	-1.800396	0.025198	-0.128937	-0.074175	0.174297	0.054340	0.983193	0.027547	-0.998354	0.050295	0.984308	0.018318	-0.175507
04540	9.665829	0.441582	-1.848113	0.031002	-0.131216	-0.078852	0.175554	0.055189	0.982922	0.027964	-0.998304	0.051059	0.984073	0.018523	-0.176799
04541	9.643237	0.530273	-1.896071	0.052858	-0.124423	-0.079326	0.176612	0.056034	0.982684	0.028718	-0.998247	0.051760	0.983862	0.019079	-0.177912
04542	9.614391	0.619941	-1.920116	0.062732	-0.122190	-0.076941	0.177779	0.056863	0.982426	0.029445	-0.998189	0.052447	0.983630	0.019603	-0.179131
04543	9.631301	0.722138	-1.907483	0.039683	-0.116985	-0.080012	0.178818	0.057721	0.982188	0.030432	-0.998124	0.053117	0.983411	0.020392	-0.180239
04544	9.671797	0.666138	-1.853595	0.023721	-0.119114	-0.077659	0.179952	0.058559	0.981931	0.030780	-0.998073	0.053880	0.983194	0.020527	-0.181408
04545	9.626031	0.633548	-1.747978	0.018502	-0.127939	-0.080399	0.180992	0.059420	0.981688	0.031449	-0.998012	0.054610	0.982982	0.020989	-0.182501
04546	9.586925	0.624826	-1.642307	0.011483	-0.124951	-0.082429	0.182180	0.060307	0.981414	0.031686	-0.997959	0.055442	0.982754	0.020997	-0.183719
04547	9.577165	0.633859	-1.530869	-0.001362	-0.142441	-0.086020	0.183539	0.061243	0.981103	0.031878	-0.997903	0.056328	0.982495	0.020937	-0.185106
04548	9.582665	0.538634	-1.486324	-0.016071	-0.157752	-0.089865	0.185046	0.062210	0.980759	0.031861	-0.997849	0.057283	0.982213	0.020648	-0.186630
04549	9.549378	0.504769	-1.431318	-0.019679	-0.170792	-0.092316	0.186497	0.063192	0.980421	0.032126	-0.997788	0.058201	0.981930	0.020643	-0.188115
04550	9.551609	0.512080	-1.371355	-0.031909	-0.188835	-0.092490	0.188308	0.064191	0.980010	0.031962	-0.997734	0.059211	0.981590	0.020174	-0.189933
04551	9.542071	0.498264	-1.390340	-0.055814	-0.210557	-0.099542	0.190307	0.065291	0.979551	0.032088	-0.997667	0.060264	0.981200	0.019963	-0.191958
04552	9.543590	0.481921	-1.357866	-0.073155	-0.229613	-0.103591	0.192513	0.066407	0.979045	0.031545	-0.997611	0.061463	0.980787	0.019052	-0.194147
04553	9.522056	0.472802	-1.433752	-0.084137	-0.249642	-0.106824	0.194748	0.067573	0.978523	0.031487	-0.997541	0.062619	0.980348	0.018616	-0.196396
04554	9.507265	0.537647	-1.463642	-0.094454	-0.271917	-0.108834	0.197365	0.068745	0.977917	0.030752	-0.997482	0.063914	0.979848	0.017459	-0.198982
04555	9.463436	0.610587	-1.476912	-0.114742	-0.284481	-0.117624	0.200031	0.070023	0.977284	0.030214	-0.997409	0.065281	0.979324	0.016470	-0.201629
04556	9.445676	0.602477	-1.581180	-0.137768	-0.306920	-0.123298	0.202986	0.071339	0.976580	0.029092	-0.997342	0.066808	0.978749	0.014850	-0.204521
04557	9.479017	0.556259	-1.623268	-0.144893	-0.327285	-0.131480	0.206007	0.072737	0.975843	0.028113	-0.997262	0.068398	0.978147	0.013344	-0.207488
04558	9.514167	0.585594	-1.595630	-0.157479	-0.347130	-0.139188	0.209349	0.074205	0.975021	0.026841	-0.997177	0.070128	0.977472	0.011489	-0.210750
04559	9.473217	0.584856	-1.610311	-0.165220	-0.364612	-0.138685	0.212752	0.075712	0.974169	0.026077	-0.997078	0.071797	0.976758	0.010128	-0.214105
04560	9.404608	0.616241	-1.583574	-0.190634	-0.379492	-0.143444	0.216407	0.077214	0.973245	0.024503	-0.996983	0.073649	0.975996	0.007909	-0.217646
04561	9.391379	0.533698	-1.591546	-0.211614	-0.412673	-0.149690	0.220126	0.078783	0.972285	0.023222	-0.996874	0.075518	0.975195	0.005955	-0.221268
04562	9.388111	0.498044	-1.477487	-0.227900	-0.439252	-0.151072	0.224359	0.080346	0.971189	0.021317	-0.996762	0.077537	0.974273	0.003307	-0.225346
04563	9.391156	0.562088	-1.393651	-0.230179	-0.464930	-0.159708	0.228674	0.082024	0.970041	0.019954	-0.996630	0.079568	0.973299	0.001161	-0.229540
04564	9.293966	0.677521	-1.383933	-0.254779	-0.496930	-0.160749	0.233463	0.083662	0.968760	0.017829	-0.996493	0.081760	0.972202	-0.001816	-0.234135
04565	9.312415	0.764691	-1.352179	-0.300219	-0.533175	-0.176888	0.238405	0.085521	0.967393	0.016031	-0.996326	0.084129	0.971034	-0.004548	-0.238900
04566	9.362321	0.748073	-1.487683	-0.340265	-0.557052	-0.188054	0.243768	0.087396	0.965888	0.013165	-0.996138	0.086810	0.969744	-0.008445	-0.243977
04567	9.547756	0.677571	-1.748591	-0.345769	-0.581519	-0.195871	0.249145	0.089420	0.964329	0.011066	-0.995926	0.089491	0.968403	-0.011625	-0.249119
04568	9.587588	0.847815	-2.167260	-0.355608	-0.574804	-0.174646	0.254676	0.091118	0.962724	0.008049	-0.995716	0.092111	0.966993	-0.015709	-0.254318
04569	9.621860	1.067976	-2.510749	-0.334462	-0.554193	-0.163774	0.259842	0.092771	0.961185	0.005781	-0.995506	0.094520	0.965634	-0.019004	-0.259210
04570	9.512961	1.222202	-2.873450	-0.321766	-0.528805	-0.149306	0.264923	0.094184	0.959659	0.003053	-0.995295	0.096838	0.964265	-0.022724	-0.263964
04571	9.458228	1.466024	-3.298145	-0.343946	-0.517018	-0.141019	0.269739	0.095595	0.958177	0.000737	-0.995080	0.099069	0.962933	-0.026016	-0.268482
04572	9.634800	1.732953	-3.731931	-0.370040	-0.496120	-0.138366	0.274499	0.096870	0.956696	-0.002460	-0.994839	0.101438	0.961584	-0.030198	-0.272844
04573	9.626777	2.067578	-4.042334	-0.405547	-0.478762	-0.131989	0.278958	0.098139	0.955275	-0.005582	-0.994582	0.103807	0.960287	-0.034290	-0.276899
04574	9.608276	2.204713	-4.274682	-0.470379	-0.454055	-0.129743	0.283310	0.099300	0.953874	-0.009743	-0.994276	0.106399	0.958979	-0.039438	-0.280721
04575	9.663543	2.097501	-4.369759	-0.543007	-0.422368	-0.113578	0.287320	0.100391	0.952559	-0.014286	-0.993932	0.109061	0.957728	-0.044944	-0.284142
04576	9.574430	1.846962	-4.385360	-0.564472	-0.378274	-0.107648	0.290944	0.101317	0.951360	-0.019390	-0.993548	0.111740	0.956544	-0.050957	-0.287103
04577	9.447055	1.824264	-4.252292	-0.566368	-0.337319	-0.106857	0.294154	0.102274	0.950270	-0.024392	-0.993131	0.114437	0.955447	-0.056842	-0.289639
04578	9.344422	1.692970	-4.090866	-0.591691	-0.315619	-0.098019	0.297181	0.103095	0.949239	-0.029764	-0.992670	0.117131	0.954357	-0.063062	-0.291934
04579	9.331260	1.400137	-3.700397	-0.589971	-0.286063	-0.089404	0.299923	0.103869	0.948292	-0.035072	-0.992182	0.119769	0.953318	-0.069180	-0.293936
04580	9.299098	1.230745	-3.284019	-0.545779	-0.245533	-0.096412	0.302285	0.104686	0.947452	-0.039994	-0.991683	0.122333	0.952378	-0.074872	-0.295584
04581	9.179158	1.057006	-2.952483	-0.505536	-0.234317	-0.093552	0.304540	0.105490	0.946640	-0.044520	-0.991186	0.124776	0.951458	-0.080144	-0.297160
04582	9.088598	0.975797	-2.663645	-0.469681	-0.236036	-0.096818	0.306817	0.106292	0.945815	-0.048702	-0.990689	0.127134	0.950522	-0.085069	-0.298784
04583	9.102720	0.851998	-2.489285	-0.458729	-0.249232	-0.106254	0.309226	0.107188	0.944929	-0.052720	-0.990168	0.129572	0.949526	-0.089883	-0.300535
04584	9.131294	0.898674	-2.306430	-0.465267	-0.268508	-0.107091	0.311820	0.108038	0.943979	-0.056813	-0.989616	0.132028	0.948441	-0.094799	-0.302444
04585	9.150409	1.058516	-2.266923	-0.459054	-0.289203	-0.105159	0.314609	0.108855	0.942959	-0.060826	-0.989049	0.134470	0.947270	-0.099662	-0.304543
04586	9.205879	1.240854	-2.296350	-0.489307	-0.312387	-0.097606	0.317615	0.109539	0.941871	-0.065160	-0.988436	0.136928	0.945978	-0.104862	-0.306805
04587	9.192154	1.380625	-2.238513	-0.531373	-0.348240	-0.099813	0.320960	0.110213	0.940658	-0.069847	-0.987747	0.139562	0.944514	-0.110496	-0.309329
04588	9.190867	1.345631	-2.218558	-0.570677	-0.378582	-0.101620	0.324594	0.110825	0.939338	-0.074914	-0.986980	0.142333	0.942882	-0.116570	-0.312065
04589	9.165416	1.316852	-2.203515	-0.589336	-0.411735	-0.110207	0.328543	0.111478	0.937887	-0.080096	-0.986144	0.145271	0.941087	-0.122849	-0.315062
04590	9.169221	1.326176	-2.136301	-0.595147	-0.444639	-0.113910	0.332805	0.112079	0.936311	-0.085324	-0.985260	0.148266	0.939127	-0.129234	-0.318337
04591	9.199269	1.417349	-2.185317	-0.573960	-0.479272	-0.117780	0.337388	0.112662	0.934600	-0.090306	-0.984360	0.151260	0.937024	-0.135433	-0.321938
04592	9.199528	1.525753	-2.114446	-0.559722	-0.507470	-0.120619	0.342238	0.113185	0.932771	-0.095143	-0.983441	0.154242	0.934784	-0.141535	-0.325803
04593	9.085786	1.562595	-2.086279	-0.551981	-0.535398	-0.123769	0.347340	0.113684	0.930823	-0.099863	-0.982495	0.157260	0.932407	-0.147577	-0.329907
04594	9.048244	1.606221	-2.053925	-0.529908	-0.581161	-0.126510	0.352869	0.114091	0.928691	-0.104363	-0.981546	0.160239	0.929834	-0.153464	-0.334450
04595	9.069371	1.462616	-2.042759	-0.515797	-0.612526	-0.138552	0.358685	0.114555	0.926403	-0.108645	-0.980573	0.163319	0.927115	-0.159229	-0.339271
04596	9.165167	1.430350	-2.043933	-0.469956	-0.654252	-0.161459	0.364909	0.115117	0.923899	-0.112419	-0.979618	0.166462	0.924231	-0.164608	-0.344530
04597	9.167549	1.414711	-2.201252	-0.435875	-0.680801	-0.170812	0.371365	0.115712	0.921248	-0.115802	-0.978684	0.169607	0.921237	-0.169668	-0.350050
04598	9.154385	1.444730	-2.479452	-0.393306	-0.698043	-0.174133	0.377979	0.116254	0.918486	-0.118774	-0.977798	0.172640	0.918164	-0.174346	-0.355779
04599	9.344018	1.625572	-2.707136	-0.350064	-0.719291	-0.179000	0.384765	0.116794	0.915596	-0.121290	-0.976963	0.175592	0.915011	-0.178615	-0.361735
04600	9.365462	1.857887	-2.862547	-0.347329	-0.732650	-0.183896	0.391672	0.117305	0.912597	-0.123755	-0.976111	0.178583	0.911744	-0.182885	-0.367798
04601	9.342978	2.014973	-2.956687	-0.330743	-0.758478	-0.183096	0.398780	0.117749	0.909456	-0.126032	-0.975275	0.181533	0.908345	-0.187012	-0.374080
04602	9.307728	2.122200	-3.034857	-0.359835	-0.784364	-0.191157	0.406124	0.118167	0.906145	-0.128530	-0.974360	0.184669	0.904734	-0.191466	-0.380523
04603	9.372616	1.986908	-2.976670	-0.378368	-0.802489	-0.199645	0.413605	0.118620	0.902696	-0.131115	-0.973381	0.187983	0.900966	-0.196107	-0.387042
04604	9.420062	1.873021	-2.869997	-0.338031	-0.818869	-0.210516	0.421236	0.119084	0.899099	-0.133280	-0.972452	0.191243	0.897105	-0.200390	-0.393760
04605	9.367532	1.776960	-2.911755	-0.293266	-0.833882	-0.223706	0.428975	0.119636	0.895359	-0.134939	-0.971582	0.194472	0.893181	-0.204243	-0.400640
04606	9.381984	1.768877	-2.967668	-0.228590	-0.845859	-0.232836	0.436819	0.120196	0.891483	-0.135973	-0.970823	0.197519	0.889213	-0.207498	-0.407731
04607	9.316561	1.765703	-3.121659	-0.150563	-0.845160	-0.236108	0.444612	0.120788	0.887542	-0.136254	-0.970215	0.200295	0.885299	-0.209985	-0.414912
04608	9.104005	2.003115	-3.182060	-0.083983	-0.850931	-0.235612	0.452441	0.121318	0.883504	-0.135943	-0.969743	0.202776	0.881372	-0.211850	-0.422259
04609	8.791958	2.264729	-3.280996	-0.085761	-0.867841	-0.227789	0.460353	0.121744	0.879348	-0.135643	-0.969274	0.205206	0.877312	-0.213745	-0.429694
04610	8.815194	2.077444	-3.369285	-0.111374	-0.895735	-0.250477	0.468523	0.122287	0.874947	-0.135457	-0.968719	0.207928	0.873005	-0.215937	-0.437303
04611	8.971496	1.940616	-3.460674	-0.074381	-0.894215	-0.274181	0.476651	0.123070	0.870435	-0.134793	-0.968212	0.210707	0.868697	-0.217762	-0.444910
04612	9.203782	1.657337	-3.512643	-0.042431	-0.912485	-0.291776	0.484941	0.123940	0.865720	-0.133759	-0.967749	0.213473	0.864257	-0.219320	-0.452723
04613	9.437545	1.430132	-3.437866	0.018998	-0.916398	-0.289098	0.493194	0.124788	0.860922	-0.132166	-0.967421	0.215939	0.859821	-0.220285	-0.460634
04614	9.421209	1.355718	-3.220669	0.127179	-0.923614	-0.281767	0.501476	0.125520	0.856018	-0.129675	-0.967338	0.217810	0.855398	-0.220231	-0.468820
04615	9.512823	1.740275	-3.041289	0.222295	-0.951005	-0.280073	0.509915	0.126198	0.850917	-0.126353	-0.967464	0.219200	0.850894	-0.219290	-0.477379
04616	9.587373	2.333265	-2.908507	0.278775	-0.979619	-0.267768	0.518553	0.126688	0.845608	-0.122611	-0.967725	0.220172	0.846209	-0.217851	-0.486283
04617	9.751944	2.860219	-2.606892	0.226250	-1.031659	-0.258856	0.527534	0.127009	0.839986	-0.119339	-0.967877	0.221295	0.841110	-0.216984	-0.495431
04618	9.814978	2.935432	-2.321926	0.142837	-1.100866	-0.249657	0.537048	0.127076	0.833925	-0.116812	-0.967860	0.222713	0.835424	-0.217020	-0.504944
04619	10.089298	2.769252	-2.211235	0.065653	-1.170397	-0.244712	0.547034	0.126967	0.827426	-0.114923	-0.967681	0.224468	0.829184	-0.217882	-0.514763
04620	10.409495	2.584066	-1.997917	0.026128	-1.242877	-0.255575	0.557580	0.126764	0.820388	-0.113294	-0.967404	0.226481	0.822356	-0.219226	-0.525044
04621	10.690190	2.548832	-1.894622	0.010091	-1.310108	-0.288506	0.568585	0.126746	0.812801	-0.111565	-0.967049	0.228843	0.815024	-0.220797	-0.535710
04622	10.660236	2.522167	-1.974007	0.060327	-1.389554	-0.321846	0.580202	0.126822	0.804538	-0.109224	-0.966765	0.231162	0.807115	-0.221996	-0.547067
04623	10.698448	2.840261	-2.327172	0.126340	-1.458091	-0.368278	0.592256	0.127219	0.795643	-0.106027	-0.966566	0.233472	0.798743	-0.222635	-0.558966
04624	10.742305	2.998202	-2.820319	0.152231	-1.513961	-0.419611	0.604710	0.127941	0.786102	-0.102302	-0.966360	0.235974	0.789848	-0.223115	-0.571279
04625	10.704196	3.098250	-3.341819	0.200883	-1.569501	-0.460566	0.617439	0.128975	0.775973	-0.097881	-0.966203	0.238476	0.780505	-0.223198	-0.583948
04626	10.714076	2.999848	-3.989699	0.205113	-1.592600	-0.474504	0.630237	0.130044	0.765434	-0.093324	-0.966036	0.240965	0.770773	-0.223299	-0.596696
04627	10.491081	3.056134	-4.840275	0.230559	-1.592878	-0.482268	0.642816	0.131238	0.754695	-0.088455	-0.965907	0.243309	0.760897	-0.223160	-0.609291
04628	10.147107	3.096458	-5.658377	0.238421	-1.579595	-0.490269	0.655168	0.132490	0.743775	-0.083464	-0.965782	0.245558	0.750858	-0.222960	-0.621692
04629	9.752343	3.201067	-6.343339	0.209934	-1.549221	-0.500769	0.667068	0.133966	0.732853	-0.078552	-0.965568	0.248008	0.740844	-0.223005	-0.633576
04630	9.342123	3.106970	-6.781486	0.275275	-1.490379	-0.513550	0.678417	0.135646	0.722046	-0.073062	-0.965479	0.250026	0.731035	-0.222376	-0.645086
04631	8.932178	3.359897	-7.030868	0.381194	-1.413641	-0.507611	0.688979	0.137513	0.711617	-0.066785	-0.965614	0.251256	0.721698	-0.220635	-0.656103
04632	8.597751	3.166159	-7.190142	0.379604	-1.309931	-0.505888	0.698688	0.139561	0.701683	-0.060542	-0.965737	0.252363	0.712861	-0.218804	-0.666299
04633	8.180002	2.934988	-7.352260	0.392877	-1.159426	-0.524908	0.707146	0.142206	0.692619	-0.054026	-0.965836	0.253460	0.705000	-0.216653	-0.675305
04634	7.612159	2.336946	-7.653408	0.411554	-0.975977	-0.543074	0.714260	0.145389	0.684613	-0.047267	-0.965931	0.254447	0.698282	-0.214101	-0.683054
04635	7.070441	1.884746	-8.073584	0.451891	-0.816718	-0.575901	0.720131	0.149314	0.677582	-0.039955	-0.966025	0.255340	0.692687	-0.210951	-0.689699
04636	6.512152	1.618512	-8.335213	0.449121	-0.676561	-0.589659	0.725006	0.153634	0.671389	-0.032582	-0.966062	0.256248	0.687972	-0.207656	-0.695395
04637	6.000075	1.287604	-8.544943	0.495368	-0.539017	-0.587251	0.728815	0.158285	0.666164	-0.024883	-0.966148	0.256786	0.684259	-0.203725	-0.700204
04638	5.430273	1.223382	-8.791199	0.604715	-0.397046	-0.572627	0.731634	0.163060	0.661908	-0.016560	-0.966434	0.256383	0.681496	-0.198539	-0.704376
04639	4.640142	1.088879	-8.745491	0.643984	-0.236951	-0.548457	0.733261	0.167968	0.658874	-0.008139	-0.966770	0.255518	0.679899	-0.192724	-0.707528
04640	3.855416	1.167358	-9.014248	0.757030	-0.099695	-0.517374	0.733947	0.172823	0.656852	0.000814	-0.967310	0.253597	0.679207	-0.185592	-0.710094
04641	3.836784	1.952875	-9.054573	0.789525	-0.026460	-0.484907	0.734051	0.177524	0.655480	0.009746	-0.967882	0.251218	0.679024	-0.178018	-0.712205
04642	4.193263	3.094194	-8.369341	0.597481	0.033645	-0.435800	0.733753	0.181842	0.654630	0.017015	-0.968134	0.249855	0.679203	-0.172193	-0.713465
04643	4.648759	3.156555	-7.003274	0.114576	0.131668	-0.346055	0.732747	0.185477	0.654737	0.020347	-0.967680	0.251359	0.680197	-0.170860	-0.712838
04644	5.395990	3.001679	-6.779379	-0.099954	0.370255	-0.275742	0.730153	0.188818	0.656677	0.021695	-0.966982	0.253919	0.682939	-0.171153	-0.710142
04645	5.892225	2.615350	-6.932098	-0.208264	0.652902	-0.238783	0.725579	0.192315	0.660719	0.022029	-0.966153	0.257026	0.687786	-0.171938	-0.705257
04646	6.160126	2.697422	-6.545476	-0.310425	0.876443	-0.193834	0.719469	0.195740	0.666371	0.021297	-0.965230	0.260533	0.694198	-0.173253	-0.698622
04647	6.131514	2.643145	-6.546802	-0.437895	1.140261	-0.150094	0.711427	0.199246	0.673923	0.019337	-0.964153	0.264640	0.702494	-0.175240	-0.689778
04648	5.701816	2.503992	-6.167979	-0.604143	1.357020	-0.123987	0.701794	0.202880	0.682880	0.015951	-0.962824	0.269657	0.712201	-0.178351	-0.678941
04649	5.959660	2.631737	-6.046597	-0.640334	1.596763	-0.110314	0.690268	0.206886	0.693346	0.012147	-0.961429	0.274785	0.723452	-0.181253	-0.666156
04650	5.869446	2.819464	-6.057800	-0.649017	1.865695	-0.093513	0.676628	0.211228	0.705377	0.008059	-0.960037	0.279756	0.736281	-0.183606	-0.651291
04651	5.679333	3.457786	-6.039918	-0.664624	2.095137	-0.072292	0.661000	0.215864	0.718667	0.003627	-0.958637	0.284607	0.750377	-0.185519	-0.634442
