// General information: 
//  MT Manager version: 2022.2.0 
//  XDA version: 2022.2.0 build 7381 rev 124627 built on 2023-07-19
// Device information: 
//  DeviceId: 00B4CBA7
//  ProductCode: MTW2-3A7G6
//  Firmware Version: 4.6.0
//  Hardware Version: 2.0.0
// Device settings: 
//  Filter Profile: human(46.1)
//  Option Flags: Orientation Smoother Disabled, Position/Velocity Smoother Disabled, Continuous Zero Rotation Update Disabled, AHS Disabled, ICC Disabled
// Coordinate system: ENU
PacketCounter	Acc_X	Acc_Y	Acc_Z	Gyr_X	Gyr_Y	Gyr_Z	Mat[1][1]	Mat[2][1]	Mat[3][1]	Mat[1][2]	Mat[2][2]	Mat[3][2]	Mat[1][3]	Mat[2][3]	Mat[3][3]
16740	9.773348	-1.254379	-1.246793	0.046416	0.012070	0.003927	-0.196128	-0.001095	0.980578	-0.735844	0.661127	-0.146440	-0.648126	-0.750273	-0.130471
16741	9.612211	-1.275227	-1.278018	-0.023044	0.008387	0.012182	-0.196164	-0.000933	0.980571	-0.735664	0.661305	-0.146541	-0.648320	-0.750116	-0.130411
16742	9.600316	-1.571502	-1.533944	-0.011284	0.008148	0.010976	-0.196155	-0.000807	0.980573	-0.735571	0.661395	-0.146600	-0.648428	-0.750037	-0.130330
16743	9.631966	-1.352907	-1.419996	0.071944	0.012376	0.005559	-0.196104	-0.000690	0.980583	-0.735971	0.660923	-0.146720	-0.647989	-0.750453	-0.130117
16744	9.604419	-1.221165	-1.289078	0.037209	0.008628	0.006882	-0.196062	-0.000587	0.980591	-0.736201	0.660649	-0.146803	-0.647741	-0.750694	-0.129961
16745	9.593076	-1.375110	-1.229873	0.021123	0.006827	0.011216	-0.196022	-0.000487	0.980599	-0.736274	0.660557	-0.146853	-0.647670	-0.750776	-0.129842
16746	9.554636	-1.413638	-1.272415	0.041650	0.008206	0.008210	-0.195993	-0.000379	0.980605	-0.736529	0.660250	-0.146954	-0.647389	-0.751046	-0.129683
16747	9.525898	-1.407193	-1.225512	0.042287	0.002845	0.010664	-0.196025	-0.000326	0.980599	-0.736781	0.659944	-0.147066	-0.647092	-0.751315	-0.129606
16748	9.534389	-1.412436	-1.283872	0.041877	-0.000550	0.011528	-0.196077	-0.000262	0.980588	-0.737031	0.659635	-0.147200	-0.646792	-0.751586	-0.129532
16749	9.540311	-1.425762	-1.251673	0.040015	-0.005380	0.011665	-0.196168	-0.000228	0.980570	-0.737223	0.659391	-0.147332	-0.646545	-0.751801	-0.129520
16750	9.538387	-1.381663	-1.234718	0.026339	-0.006819	0.013575	-0.196276	-0.000197	0.980549	-0.737368	0.659198	-0.147466	-0.646347	-0.751969	-0.129530
16751	9.580691	-1.383741	-1.299492	-0.002110	-0.004588	0.016371	-0.196425	-0.000162	0.980519	-0.737320	0.659223	-0.147596	-0.646356	-0.751948	-0.129607
16752	9.575993	-1.418956	-1.348875	-0.016484	-0.001355	0.010796	-0.196476	-0.000108	0.980509	-0.737194	0.659352	-0.147648	-0.646484	-0.751834	-0.129627
16753	9.562013	-1.426806	-1.330270	-0.058981	0.012240	0.008007	-0.196367	0.000008	0.980530	-0.736737	0.659884	-0.147549	-0.647038	-0.751367	-0.129573
16754	9.606397	-1.472663	-1.411061	-0.056776	0.019789	0.001979	-0.196217	0.000162	0.980561	-0.736368	0.660316	-0.147462	-0.647504	-0.750987	-0.129446
16755	9.560742	-1.380494	-1.311067	-0.066642	0.027133	0.008360	-0.196031	0.000401	0.980598	-0.735899	0.660857	-0.147383	-0.648094	-0.750512	-0.129253
16756	9.542561	-1.421691	-1.340303	-0.069444	0.017977	0.005761	-0.195920	0.000566	0.980620	-0.735438	0.661384	-0.147316	-0.648649	-0.750048	-0.129162
16757	9.563725	-1.377431	-1.177783	-0.051620	0.013125	0.010503	-0.195844	0.000674	0.980635	-0.735047	0.661833	-0.147252	-0.649116	-0.749651	-0.129120
16758	9.603732	-1.386321	-1.151233	-0.058284	0.002178	0.009592	-0.195863	0.000746	0.980631	-0.734651	0.662276	-0.147237	-0.649558	-0.749260	-0.129168
16759	9.672384	-1.403037	-1.170889	-0.043589	0.003221	0.009566	-0.195983	0.000767	0.980607	-0.734403	0.662538	-0.147295	-0.649802	-0.749028	-0.129283
16760	9.689041	-1.316584	-1.123180	-0.059356	0.009560	0.013896	-0.195986	0.000922	0.980606	-0.733992	0.662988	-0.147321	-0.650266	-0.748630	-0.129259
16761	9.568444	-1.438832	-1.295717	-0.104420	0.003715	0.011522	-0.196070	0.001011	0.980589	-0.733272	0.663788	-0.147303	-0.651052	-0.747920	-0.129408
16762	9.572167	-1.623623	-1.497582	-0.054790	-0.002557	0.008179	-0.196110	0.001038	0.980581	-0.732900	0.664203	-0.147278	-0.651458	-0.747551	-0.129496
16763	9.595861	-1.494716	-1.491885	0.008424	-0.001119	0.004089	-0.196134	0.001045	0.980577	-0.732931	0.664163	-0.147308	-0.651417	-0.747587	-0.129499
16764	9.569131	-1.385207	-1.370832	-0.015712	0.003190	0.003758	-0.196104	0.001086	0.980582	-0.732823	0.664286	-0.147291	-0.651547	-0.747477	-0.129474
16765	9.558397	-1.484129	-1.387093	-0.032825	0.001804	0.006205	-0.196168	0.001066	0.980570	-0.732646	0.664481	-0.147291	-0.651727	-0.747304	-0.129569
16766	9.563593	-1.473470	-1.346806	-0.006304	-0.000574	0.004403	-0.196168	0.001082	0.980570	-0.732597	0.664534	-0.147293	-0.651782	-0.747257	-0.129567
16767	9.542906	-1.375964	-1.194152	-0.008224	-0.002255	0.005103	-0.196178	0.001045	0.980568	-0.732529	0.664616	-0.147263	-0.651855	-0.747184	-0.129618
16768	9.581196	-1.339295	-1.151077	-0.022791	-0.011152	0.003680	-0.196242	0.000978	0.980555	-0.732375	0.664792	-0.147236	-0.652009	-0.747028	-0.129744
16769	9.604693	-1.287276	-1.081371	-0.041414	-0.010816	0.005975	-0.196274	0.000918	0.980549	-0.732058	0.665159	-0.147157	-0.652356	-0.746701	-0.129881
16770	9.623452	-1.339142	-1.218782	-0.086132	-0.010081	0.003328	-0.196328	0.000857	0.980538	-0.731490	0.665808	-0.147044	-0.652976	-0.746123	-0.130090
16771	9.597538	-1.492269	-1.367498	-0.092121	-0.006338	0.002142	-0.196492	0.000777	0.980505	-0.730931	0.666430	-0.147006	-0.653553	-0.745567	-0.130380
16772	9.601703	-1.527801	-1.477248	-0.095859	0.007212	0.000285	-0.196411	0.000824	0.980521	-0.730305	0.667151	-0.146850	-0.654276	-0.744922	-0.130434
16773	9.583978	-1.420175	-1.414763	-0.086400	0.023501	-0.001742	-0.196169	0.000951	0.980570	-0.729706	0.667854	-0.146630	-0.655017	-0.744291	-0.130318
16774	9.536830	-1.282146	-1.297012	-0.137422	0.022129	-0.000277	-0.195986	0.001105	0.980606	-0.728807	0.668882	-0.146415	-0.656072	-0.743367	-0.130286
16775	9.506717	-1.544610	-1.429356	-0.130413	0.016443	0.002488	-0.195835	0.001220	0.980636	-0.727896	0.669921	-0.146196	-0.657127	-0.742431	-0.130305
16776	9.594995	-1.471994	-1.268858	-0.053133	0.007960	0.004214	-0.195777	0.001299	0.980648	-0.727540	0.670321	-0.146134	-0.657539	-0.742070	-0.130288
16777	9.637875	-1.401589	-1.175662	-0.050068	-0.002426	-0.001707	-0.195753	0.001285	0.980652	-0.727173	0.670741	-0.146034	-0.657952	-0.741690	-0.130365
16778	9.732160	-1.657745	-1.180518	-0.015301	-0.006368	-0.014238	-0.195655	0.001134	0.980672	-0.727101	0.670861	-0.145841	-0.658060	-0.741582	-0.130433
16779	9.587952	-1.272286	-0.968374	0.021836	0.000802	-0.017350	-0.195583	0.001020	0.980687	-0.727276	0.670692	-0.145742	-0.657888	-0.741735	-0.130435
16780	9.570513	-1.326273	-1.231265	-0.021041	-0.016788	-0.018077	-0.195527	0.000765	0.980698	-0.727174	0.670855	-0.145504	-0.658017	-0.741588	-0.130614
16781	9.712846	-1.176596	-1.128392	-0.010252	-0.014422	-0.015823	-0.195446	0.000515	0.980714	-0.727109	0.670979	-0.145258	-0.658113	-0.741477	-0.130766
16782	9.641201	-1.305842	-1.336154	-0.184439	0.002418	-0.014066	-0.195292	0.000430	0.980745	-0.725923	0.672351	-0.144845	-0.659467	-0.740232	-0.130993
16783	9.626347	-1.887822	-1.918196	-0.149443	0.015169	-0.020025	-0.194986	0.000375	0.980806	-0.724934	0.673518	-0.144376	-0.660645	-0.739171	-0.131055
16784	9.554229	-1.755147	-1.853022	0.016778	0.032089	-0.017735	-0.194609	0.000484	0.980881	-0.725080	0.673401	-0.144190	-0.660595	-0.739278	-0.130699
16785	9.555426	-1.538136	-1.596915	0.037832	0.032118	-0.022452	-0.194167	0.000562	0.980968	-0.725322	0.673191	-0.143952	-0.660460	-0.739468	-0.130303
16786	9.518042	-1.426612	-1.543388	0.044779	0.031118	-0.018809	-0.193789	0.000657	0.981043	-0.725655	0.672866	-0.143792	-0.660205	-0.739764	-0.129917
16787	9.523029	-1.323588	-1.331956	0.079757	0.027577	-0.016530	-0.193441	0.000717	0.981112	-0.726188	0.672317	-0.143670	-0.659721	-0.740263	-0.129532
16788	9.532110	-1.187187	-1.071647	0.051919	0.019114	-0.017251	-0.193153	0.000734	0.981168	-0.726565	0.671939	-0.143534	-0.659390	-0.740606	-0.129254
16789	9.558477	-1.202822	-1.024965	0.028678	0.006126	-0.012503	-0.192971	0.000684	0.981204	-0.726707	0.671816	-0.143388	-0.659287	-0.740718	-0.129144
16790	9.551627	-1.244305	-0.983205	0.015041	-0.002241	-0.016838	-0.192827	0.000545	0.981233	-0.726839	0.671711	-0.143209	-0.659183	-0.740813	-0.129128
16791	9.595349	-1.265281	-1.056883	-0.007295	-0.009350	-0.009027	-0.192760	0.000410	0.981246	-0.726751	0.671841	-0.143047	-0.659300	-0.740695	-0.129206
16792	9.586676	-1.330837	-1.157450	-0.022795	-0.018754	-0.007636	-0.192793	0.000211	0.981240	-0.726616	0.672017	-0.142909	-0.659440	-0.740536	-0.129406
16793	9.602310	-1.437003	-1.354115	-0.005932	-0.024838	-0.005088	-0.192846	-0.000005	0.981229	-0.726526	0.672141	-0.142784	-0.659523	-0.740423	-0.129624
16794	9.584696	-1.422906	-1.460348	0.039747	-0.025064	-0.005284	-0.192937	-0.000236	0.981211	-0.726798	0.671853	-0.142750	-0.659196	-0.740684	-0.129796
16795	9.637612	-1.323903	-1.509070	0.056319	-0.019206	-0.005399	-0.193056	-0.000460	0.981188	-0.727220	0.671392	-0.142771	-0.658696	-0.741102	-0.129951
16796	9.631320	-1.312125	-1.541792	0.039075	-0.014304	-0.001775	-0.193101	-0.000587	0.981179	-0.727481	0.671109	-0.142771	-0.658394	-0.741358	-0.130019
16797	9.619893	-1.388159	-1.550395	0.034887	-0.006388	-0.008087	-0.193143	-0.000761	0.981170	-0.727814	0.670753	-0.142750	-0.658014	-0.741681	-0.130105
16798	9.565915	-1.464518	-1.494012	0.052532	-0.004078	-0.006926	-0.193083	-0.000846	0.981182	-0.728173	0.670370	-0.142716	-0.657634	-0.742027	-0.130053
16799	9.573779	-1.375373	-1.385804	0.054507	-0.001736	-0.002588	-0.193069	-0.000938	0.981185	-0.728540	0.669972	-0.142715	-0.657232	-0.742386	-0.130034
16800	9.735827	-1.231890	-1.267159	0.042993	0.009789	-0.000757	-0.192963	-0.000879	0.981206	-0.728824	0.669659	-0.142730	-0.656948	-0.742668	-0.129860
16801	9.721123	-1.294754	-1.174015	-0.008081	0.015288	0.006901	-0.192825	-0.000772	0.981233	-0.728705	0.669801	-0.142673	-0.657120	-0.742540	-0.129717
16802	9.684762	-1.377148	-1.234033	-0.028546	0.027032	0.001042	-0.192619	-0.000574	0.981273	-0.728516	0.670019	-0.142612	-0.657390	-0.742343	-0.129477
16803	9.579187	-1.334873	-1.551663	0.011424	0.032657	-0.011243	-0.192336	-0.000424	0.981329	-0.728617	0.669930	-0.142517	-0.657361	-0.742424	-0.129161
16804	9.509101	-1.202961	-1.353279	0.030054	0.036142	-0.007907	-0.192005	-0.000218	0.981394	-0.728830	0.669713	-0.142444	-0.657222	-0.742620	-0.128747
16805	9.517011	-1.530646	-1.514104	-0.061454	0.038376	-0.017020	-0.191586	-0.000078	0.981476	-0.728419	0.670226	-0.142136	-0.657800	-0.742157	-0.128463
16806	9.638623	-1.694246	-1.746364	-0.002829	0.053527	-0.014991	-0.191089	0.000210	0.981573	-0.728429	0.670254	-0.141951	-0.657933	-0.742132	-0.127925
16807	9.542768	-1.545422	-1.590913	0.017625	0.063425	-0.011451	-0.190501	0.000517	0.981687	-0.728539	0.670182	-0.141729	-0.657982	-0.742197	-0.127293
16808	9.603454	-1.681489	-1.629594	-0.004084	0.062730	-0.020134	-0.189905	0.000838	0.981802	-0.728551	0.670219	-0.141492	-0.658141	-0.742163	-0.126668
16809	9.571381	-1.558584	-1.533079	0.026607	0.071881	-0.023238	-0.189204	0.001198	0.981937	-0.728732	0.670077	-0.141233	-0.658142	-0.742291	-0.125908
16810	9.629071	-1.478664	-1.450340	0.027971	0.074240	-0.027234	-0.188481	0.001557	0.982076	-0.728968	0.669876	-0.140967	-0.658089	-0.742471	-0.125124
16811	9.716693	-1.428210	-1.421523	0.020320	0.083769	-0.032728	-0.187658	0.001905	0.982233	-0.729179	0.669721	-0.140610	-0.658090	-0.742610	-0.124290
16812	9.689563	-1.417363	-1.366380	0.005394	0.107803	-0.044272	-0.186589	0.002399	0.982435	-0.729298	0.669689	-0.140148	-0.658262	-0.742638	-0.123207
16813	9.518352	-1.391797	-1.089415	-0.023998	0.144314	-0.049897	-0.185286	0.003082	0.982680	-0.729249	0.669856	-0.139602	-0.658684	-0.742485	-0.121868
16814	9.678835	-0.727380	-0.251045	-0.278205	0.258521	-0.057313	-0.183127	0.004604	0.983079	-0.727519	0.671928	-0.138669	-0.661196	-0.740602	-0.119698
16815	9.334982	-0.363970	-0.174417	-0.667586	0.355120	-0.028669	-0.180513	0.006975	0.983548	-0.723112	0.676903	-0.137515	-0.666726	-0.736039	-0.117146
16816	9.179853	-1.097276	-0.562014	-0.831796	0.253203	-0.020487	-0.178634	0.008682	0.983877	-0.717576	0.683011	-0.136311	-0.673182	-0.730357	-0.115778
16817	9.507659	-2.067420	-1.095215	-0.524250	0.146655	-0.020197	-0.177440	0.009585	0.984085	-0.714055	0.686864	-0.135441	-0.677230	-0.726723	-0.115033
16818	9.850378	-1.251620	-0.386441	-0.263749	0.133130	-0.013000	-0.176409	0.010451	0.984261	-0.712288	0.688786	-0.134977	-0.679356	-0.724889	-0.114064
16819	9.620337	-1.221948	-0.915535	-0.409359	0.064967	-0.017577	-0.175830	0.010810	0.984361	-0.709454	0.691833	-0.134323	-0.682465	-0.721977	-0.113976
16820	9.704266	-1.494638	-1.441542	-0.209094	0.027472	-0.018653	-0.175475	0.010868	0.984424	-0.708058	0.693350	-0.133867	-0.684005	-0.720519	-0.113970
16821	9.606451	-1.188917	-1.413025	-0.116266	0.016386	-0.023271	-0.175127	0.010779	0.984487	-0.707286	0.694224	-0.133417	-0.684892	-0.719678	-0.113953
16822	9.634847	-1.344233	-1.598341	-0.065499	-0.004873	-0.025842	-0.174942	0.010554	0.984522	-0.706882	0.694705	-0.133054	-0.685357	-0.719218	-0.114073
16823	9.629180	-1.229323	-1.551853	-0.009129	-0.012048	-0.018675	-0.174917	0.010286	0.984530	-0.706883	0.694743	-0.132847	-0.685362	-0.719184	-0.114251
16824	9.646073	-1.365886	-1.537985	0.012597	-0.014277	-0.020208	-0.174836	0.010032	0.984546	-0.707004	0.694661	-0.132628	-0.685257	-0.719267	-0.114359
16825	9.610811	-1.348866	-1.393363	0.071733	-0.014461	-0.015579	-0.174864	0.009757	0.984544	-0.707572	0.694099	-0.132550	-0.684664	-0.719814	-0.114470
16826	9.578316	-1.201391	-1.119152	0.069522	-0.024296	-0.015109	-0.174888	0.009466	0.984543	-0.708074	0.693606	-0.132446	-0.684139	-0.720292	-0.114601
16827	9.484725	-1.193387	-1.025623	0.079629	-0.032965	-0.007067	-0.175081	0.009162	0.984511	-0.708626	0.693038	-0.132468	-0.683518	-0.720843	-0.114845
16828	9.810878	-1.267024	-1.002879	0.085470	-0.049594	-0.007021	-0.175335	0.008745	0.984470	-0.709221	0.692429	-0.132463	-0.682834	-0.721433	-0.115205
16829	10.178440	-1.197064	-0.812974	0.177208	-0.015984	0.002267	-0.175449	0.008657	0.984450	-0.710365	0.691215	-0.132680	-0.681615	-0.722598	-0.115123
16830	9.306256	-0.882764	-0.662417	0.042436	-0.021980	0.002739	-0.175583	0.008507	0.984428	-0.710648	0.690915	-0.132722	-0.681285	-0.722886	-0.115268
16831	9.637592	-1.340391	-1.176603	0.013489	-0.046018	-0.001946	-0.175899	0.008097	0.984375	-0.710752	0.690815	-0.132687	-0.681095	-0.722986	-0.115759
16832	9.590965	-1.395658	-1.307719	0.112802	-0.041360	-0.004512	-0.176113	0.007755	0.984339	-0.711527	0.690006	-0.132740	-0.680230	-0.723762	-0.116001
16833	9.740406	-1.074653	-1.109900	0.080256	-0.021329	-0.007693	-0.176236	0.007525	0.984319	-0.712068	0.689444	-0.132762	-0.679632	-0.724300	-0.116147
16834	9.593880	-1.363875	-1.259732	-0.040915	0.001067	-0.004962	-0.176158	0.007487	0.984333	-0.711798	0.689748	-0.132631	-0.679935	-0.724011	-0.116175
16835	9.655003	-1.598560	-1.385824	0.006265	0.003207	-0.008748	-0.176023	0.007463	0.984358	-0.711769	0.689802	-0.132508	-0.680001	-0.723960	-0.116109
16836	9.653452	-1.276618	-1.139719	0.049885	0.010103	-0.011067	-0.175840	0.007449	0.984391	-0.712127	0.689449	-0.132423	-0.679673	-0.724296	-0.115928
16837	9.662246	-0.959233	-0.688313	-0.052834	0.041021	-0.013637	-0.175483	0.007615	0.984453	-0.711793	0.689833	-0.132216	-0.680115	-0.723929	-0.115633
16838	9.849780	-0.601016	-0.303494	-0.359056	0.149449	-0.025647	-0.174247	0.008507	0.984665	-0.709390	0.692437	-0.131517	-0.682937	-0.721428	-0.114620
16839	9.433239	-0.553461	-0.632132	-0.554171	0.220601	-0.012316	-0.172630	0.009968	0.984936	-0.705588	0.696461	-0.130717	-0.687273	-0.717525	-0.113197
16840	9.294081	-1.203585	-0.909290	-0.609117	0.124771	-0.003235	-0.171712	0.010826	0.985088	-0.701393	0.700827	-0.129963	-0.691783	-0.713249	-0.112747
16841	9.639454	-1.683203	-1.097111	-0.381736	0.074476	-0.003083	-0.171186	0.011300	0.985174	-0.698731	0.703569	-0.129483	-0.694601	-0.710537	-0.112545
16842	9.559786	-1.214462	-0.767914	-0.324933	0.048533	0.000179	-0.170815	0.011634	0.985234	-0.696469	0.705881	-0.129085	-0.696960	-0.708235	-0.112472
16843	9.545140	-1.512292	-1.298155	-0.291706	0.001800	-0.002411	-0.170733	0.011607	0.985249	-0.694400	0.707992	-0.128673	-0.699041	-0.706125	-0.112818
16844	9.641098	-1.386073	-1.265119	-0.195632	-0.012870	-0.006753	-0.170742	0.011457	0.985249	-0.693041	0.709380	-0.128352	-0.700386	-0.704733	-0.113181
16845	9.583739	-1.384203	-1.450737	-0.206689	-0.007731	-0.012542	-0.170647	0.011276	0.985268	-0.691595	0.710868	-0.127919	-0.701838	-0.703235	-0.113509
16846	9.507675	-1.576756	-1.681524	-0.146148	-0.020574	-0.018417	-0.170629	0.010988	0.985274	-0.690598	0.711905	-0.127537	-0.702823	-0.702190	-0.113883
16847	9.645100	-1.579721	-1.712331	-0.070031	-0.024061	-0.025283	-0.170615	0.010602	0.985281	-0.690141	0.712413	-0.127173	-0.703275	-0.701680	-0.114231
16848	9.856511	-1.514860	-1.647896	0.002038	-0.022603	-0.024164	-0.170572	0.010259	0.985292	-0.690195	0.712409	-0.126903	-0.703232	-0.701690	-0.114436
16849	9.598488	-1.287562	-1.408951	0.021248	-0.021097	-0.027347	-0.170540	0.009863	0.985301	-0.690384	0.712276	-0.126624	-0.703055	-0.701831	-0.114662
16850	9.577529	-1.257674	-1.414428	0.011526	-0.027466	-0.033638	-0.170466	0.009418	0.985318	-0.690521	0.712205	-0.126272	-0.702938	-0.701908	-0.114904
16851	9.712897	-1.251186	-1.171549	0.018125	-0.034116	-0.034604	-0.170454	0.008918	0.985325	-0.690635	0.712157	-0.125920	-0.702829	-0.701963	-0.115231
16852	9.716706	-1.314400	-1.205340	-0.011373	-0.039159	-0.035601	-0.170449	0.008377	0.985331	-0.690614	0.712247	-0.125522	-0.702851	-0.701878	-0.115616
16853	9.814121	-1.566709	-1.224078	0.098972	-0.030397	-0.044951	-0.170254	0.007819	0.985369	-0.691354	0.711604	-0.125100	-0.702170	-0.702538	-0.115747
16854	9.960913	-1.345482	-0.560254	0.216846	-0.010044	-0.055808	-0.169903	0.007340	0.985433	-0.692968	0.710090	-0.124767	-0.700662	-0.704073	-0.115560
16855	9.997238	-0.896768	0.129860	0.158890	0.047064	-0.057150	-0.169164	0.007213	0.985562	-0.694199	0.708962	-0.124342	-0.699622	-0.705210	-0.114924
16856	9.559032	-0.969322	-0.223339	-0.056448	0.047542	-0.076997	-0.168262	0.006989	0.985718	-0.693933	0.709372	-0.123484	-0.700104	-0.704799	-0.114510
16857	9.545317	-1.152015	-0.931926	0.050278	0.009045	-0.086607	-0.167563	0.006426	0.985840	-0.694399	0.709061	-0.122649	-0.699809	-0.705118	-0.114351
16858	9.578758	-0.784210	-0.893999	0.060356	-0.014146	-0.080253	-0.167070	0.005745	0.985928	-0.694954	0.708648	-0.121892	-0.699376	-0.705539	-0.114402
16859	9.530620	-1.311054	-1.504630	-0.104947	-0.048665	-0.071716	-0.166846	0.004856	0.985971	-0.694333	0.709410	-0.120989	-0.700046	-0.704779	-0.114991
16860	9.441126	-1.961907	-2.145224	0.034729	-0.047826	-0.071605	-0.166648	0.003998	0.986008	-0.694694	0.709176	-0.120288	-0.699734	-0.705020	-0.115405
16861	9.430651	-1.623139	-2.057324	0.164639	-0.051764	-0.077458	-0.166416	0.003070	0.986051	-0.695922	0.708079	-0.119656	-0.698569	-0.706127	-0.115699
16862	9.378560	-1.560123	-2.139047	0.149778	-0.051157	-0.077263	-0.166200	0.002150	0.986090	-0.697094	0.707030	-0.119033	-0.697450	-0.707181	-0.116010
16863	9.435313	-1.837988	-2.101587	0.197024	-0.048849	-0.080967	-0.165913	0.001230	0.986140	-0.698530	0.705717	-0.118404	-0.696081	-0.708493	-0.116228
16864	9.397790	-1.856652	-1.875412	0.248771	-0.035141	-0.092175	-0.165478	0.000319	0.986214	-0.700410	0.703961	-0.117750	-0.694293	-0.710239	-0.116266
16865	9.510824	-1.845088	-1.814189	0.319136	-0.033389	-0.096664	-0.165078	-0.000652	0.986280	-0.702785	0.701688	-0.117164	-0.691984	-0.712484	-0.116291
16866	9.637322	-1.441045	-1.549216	0.391498	-0.017429	-0.090838	-0.164524	-0.001425	0.986372	-0.705637	0.698899	-0.116689	-0.689209	-0.715219	-0.115991
16867	9.691849	-0.843145	-1.249106	0.377764	-0.008981	-0.088540	-0.163942	-0.002139	0.986468	-0.708366	0.696212	-0.116214	-0.686542	-0.717833	-0.115653
16868	9.647172	-0.456134	-0.966703	0.303639	-0.006408	-0.087554	-0.163330	-0.002805	0.986568	-0.710589	0.694035	-0.115667	-0.684388	-0.719936	-0.115350
16869	9.595763	-0.554382	-0.791488	0.207216	-0.011949	-0.084108	-0.162797	-0.003529	0.986653	-0.712160	0.692529	-0.115029	-0.682880	-0.721381	-0.115255
16870	9.593328	-0.792702	-0.778113	0.204654	-0.025725	-0.087864	-0.162311	-0.004334	0.986730	-0.713697	0.691055	-0.114363	-0.681389	-0.722789	-0.115260
16871	9.642032	-0.775293	-0.670312	0.217651	-0.031939	-0.083304	-0.161839	-0.005159	0.986804	-0.715280	0.689526	-0.113704	-0.679840	-0.724243	-0.115283
16872	9.639738	-0.801298	-0.722278	0.168516	-0.034011	-0.073516	-0.161509	-0.005924	0.986853	-0.716542	0.688307	-0.113138	-0.678588	-0.725395	-0.115413
16873	9.559797	-0.911116	-0.907525	0.156328	-0.051112	-0.067967	-0.161315	-0.006796	0.986880	-0.717711	0.687180	-0.112585	-0.677399	-0.726456	-0.115730
16874	9.804170	-0.832971	-0.983075	0.160994	-0.042170	-0.056396	-0.161160	-0.007501	0.986900	-0.718890	0.686013	-0.112180	-0.676184	-0.727551	-0.115950
16875	9.911989	-0.828714	-0.967609	0.093563	-0.026953	-0.048904	-0.160896	-0.008069	0.986938	-0.719597	0.685348	-0.111709	-0.675495	-0.728171	-0.116076
16876	9.842900	-1.097137	-1.347060	0.049640	-0.012209	-0.058428	-0.160522	-0.008570	0.986995	-0.720024	0.684989	-0.111155	-0.675128	-0.728503	-0.116127
16877	9.693093	-0.984205	-1.445748	0.190535	-0.017653	-0.059730	-0.160260	-0.009144	0.987032	-0.721389	0.683609	-0.110796	-0.673732	-0.729791	-0.116152
16878	9.730276	-0.733674	-1.072869	0.142170	-0.013605	-0.056552	-0.159908	-0.009641	0.987085	-0.722435	0.682573	-0.110368	-0.672694	-0.730754	-0.116114
16879	9.644394	-1.156610	-1.206576	0.029175	-0.019182	-0.061550	-0.159583	-0.010249	0.987131	-0.722746	0.682342	-0.109757	-0.672437	-0.730961	-0.116297
16880	9.730560	-1.447075	-1.244820	0.153608	-0.019210	-0.062198	-0.159227	-0.010825	0.987183	-0.723876	0.681219	-0.109287	-0.671305	-0.731999	-0.116304
16881	9.686265	-0.889048	-0.794051	0.264043	-0.015045	-0.064885	-0.158839	-0.011430	0.987238	-0.725779	0.679252	-0.108908	-0.669339	-0.733816	-0.116188
16882	9.623622	-0.481269	-0.362716	0.073149	-0.000165	-0.064649	-0.158336	-0.011882	0.987314	-0.726369	0.678715	-0.108320	-0.668818	-0.734306	-0.116095
16883	9.690521	-0.387727	-0.432862	-0.165730	0.060867	-0.068850	-0.157375	-0.011928	0.987467	-0.725341	0.679962	-0.107386	-0.670159	-0.733150	-0.115661
16884	9.559658	-0.065813	-0.183854	-0.412799	0.118244	-0.053550	-0.156158	-0.011439	0.987666	-0.722650	0.682984	-0.106346	-0.673343	-0.730344	-0.114919
16885	9.434433	-0.588944	-0.453851	-0.643936	0.105689	-0.063895	-0.154864	-0.011122	0.987873	-0.718354	0.687728	-0.104870	-0.678222	-0.725883	-0.114493
16886	9.855314	-0.687656	-0.167888	-0.735451	0.215429	-0.072022	-0.152846	-0.010072	0.988199	-0.713455	0.693047	-0.103287	-0.683828	-0.720822	-0.113116
16887	9.150810	-0.720815	-0.625986	-0.902670	0.216758	-0.058916	-0.150856	-0.008943	0.988515	-0.707300	0.699572	-0.101611	-0.690629	-0.714506	-0.111860
16888	9.485023	-1.700142	-1.287082	-0.682174	0.076260	-0.055330	-0.149902	-0.008801	0.988662	-0.702653	0.704432	-0.100267	-0.695563	-0.709717	-0.111780
16889	9.789402	-1.179344	-0.690301	-0.371115	0.041099	-0.046660	-0.149251	-0.008841	0.988760	-0.700056	0.707143	-0.099349	-0.698317	-0.707015	-0.111731
16890	9.672350	-0.831839	-1.116374	-0.418600	-0.020437	-0.043219	-0.149057	-0.009304	0.988785	-0.697189	0.710100	-0.098418	-0.701220	-0.704040	-0.112332
16891	9.588184	-1.026129	-1.464037	-0.307126	-0.068172	-0.042196	-0.149208	-0.010098	0.988754	-0.695046	0.712308	-0.097612	-0.703312	-0.701794	-0.113301
16892	9.533404	-1.071115	-1.545457	-0.224911	-0.099387	-0.045449	-0.149558	-0.011132	0.988690	-0.693528	0.713887	-0.096871	-0.704735	-0.700172	-0.114488
16893	9.575991	-1.110586	-1.682326	-0.143341	-0.113897	-0.050083	-0.150069	-0.012321	0.988599	-0.692567	0.714907	-0.096222	-0.705571	-0.699111	-0.115818
16894	9.634939	-1.011698	-1.531192	-0.106853	-0.113559	-0.056185	-0.150447	-0.013529	0.988525	-0.691895	0.715654	-0.095507	-0.706150	-0.698324	-0.117029
16895	9.625892	-0.968895	-1.564226	-0.125581	-0.114519	-0.049347	-0.150911	-0.014715	0.988438	-0.691083	0.716526	-0.094845	-0.706845	-0.697406	-0.118301
16896	9.642243	-0.997156	-1.614705	-0.120051	-0.116954	-0.046469	-0.151383	-0.015877	0.988348	-0.690301	0.717362	-0.094208	-0.707508	-0.696519	-0.119556
16897	9.672812	-0.963833	-1.621342	-0.122519	-0.117386	-0.044077	-0.151960	-0.017058	0.988239	-0.689516	0.718193	-0.093629	-0.708150	-0.695635	-0.120898
16898	9.794808	-0.969533	-1.644154	-0.117047	-0.118259	-0.040863	-0.152482	-0.018187	0.988139	-0.688746	0.719007	-0.093048	-0.708786	-0.694765	-0.122161
16899	9.778065	-0.898764	-1.566674	-0.100948	-0.114543	-0.044653	-0.152929	-0.019330	0.988048	-0.688063	0.719742	-0.092417	-0.709353	-0.693973	-0.123370
16900	9.903598	-0.702513	-1.208181	-0.169334	-0.067800	-0.052397	-0.153016	-0.020191	0.988017	-0.686939	0.720912	-0.091655	-0.710423	-0.692732	-0.124181
16901	9.735197	-0.615231	-1.067677	-0.332773	-0.020596	-0.056014	-0.152762	-0.020765	0.988045	-0.684604	0.723257	-0.090646	-0.712728	-0.690266	-0.124702
16902	9.551916	-0.980907	-1.284684	-0.387633	-0.016628	-0.064469	-0.152406	-0.021360	0.988087	-0.681931	0.725921	-0.089490	-0.715362	-0.687446	-0.125201
16903	9.645709	-1.137837	-1.038735	-0.298811	-0.034761	-0.061630	-0.152247	-0.022095	0.988095	-0.679912	0.727936	-0.088484	-0.717315	-0.685289	-0.125849
16904	9.689036	-1.057063	-0.904699	-0.278927	-0.040283	-0.068079	-0.152040	-0.022881	0.988109	-0.678009	0.729836	-0.087425	-0.719158	-0.683239	-0.126478
16905	9.615867	-0.992500	-0.871415	-0.278785	-0.057642	-0.070597	-0.151971	-0.023851	0.988097	-0.676199	0.731642	-0.086340	-0.720874	-0.681272	-0.127317
16906	9.629293	-1.024204	-0.960951	-0.283207	-0.072958	-0.074103	-0.151964	-0.024905	0.988072	-0.674265	0.733557	-0.085211	-0.722685	-0.679171	-0.128266
16907	9.702494	-0.894633	-0.811643	-0.311885	-0.056992	-0.080984	-0.151886	-0.025921	0.988058	-0.672084	0.735693	-0.084013	-0.724730	-0.676819	-0.129162
16908	9.903051	-0.482657	-0.430767	-0.525850	0.037369	-0.093048	-0.150957	-0.026370	0.988189	-0.668402	0.739224	-0.082380	-0.728321	-0.672943	-0.129216
16909	9.410619	-0.285157	-0.877897	-0.844077	0.133325	-0.094924	-0.149355	-0.026210	0.988436	-0.662349	0.744876	-0.080331	-0.734157	-0.666688	-0.128611
16910	9.095987	-1.247987	-1.808532	-0.826309	0.009933	-0.094260	-0.148627	-0.026864	0.988528	-0.656397	0.750341	-0.078299	-0.739630	-0.660505	-0.129154
16911	9.767541	-1.945908	-1.754844	-0.503585	-0.078045	-0.107634	-0.148490	-0.028207	0.988512	-0.652752	0.753695	-0.076547	-0.742877	-0.656619	-0.130328
16912	9.741759	-1.907693	-1.813624	-0.278967	-0.087307	-0.114056	-0.148362	-0.029655	0.988488	-0.650843	0.755497	-0.075019	-0.744575	-0.654481	-0.131388
16913	9.703495	-1.234617	-1.557174	-0.046083	-0.099079	-0.125291	-0.148335	-0.031289	0.988442	-0.650669	0.755774	-0.073722	-0.744732	-0.654084	-0.132467
16914	9.585425	-0.613514	-1.426055	-0.051226	-0.097644	-0.129853	-0.148185	-0.032924	0.988412	-0.650477	0.756074	-0.072336	-0.744931	-0.653658	-0.133455
16915	9.645121	-0.615362	-1.398024	-0.020379	-0.118329	-0.130472	-0.148258	-0.034722	0.988339	-0.650510	0.756170	-0.071016	-0.744887	-0.653453	-0.134695
16916	9.626004	-0.612663	-1.291565	0.088808	-0.121746	-0.131378	-0.148277	-0.036526	0.988271	-0.651362	0.755549	-0.069803	-0.744138	-0.654073	-0.135822
16917	9.629184	-0.288256	-1.004934	0.124951	-0.139030	-0.132764	-0.148510	-0.038486	0.988162	-0.652502	0.754669	-0.068672	-0.743093	-0.654975	-0.137188
16918	9.678858	-0.559155	-0.739324	0.107905	-0.140913	-0.141942	-0.148597	-0.040496	0.988068	-0.653510	0.753913	-0.067383	-0.742189	-0.655725	-0.138493
16919	9.603095	-0.911268	-0.861546	0.151396	-0.119662	-0.152327	-0.148444	-0.042455	0.988009	-0.654866	0.752854	-0.066041	-0.741022	-0.656817	-0.139559
16920	9.626700	-0.148671	-0.395841	0.133170	-0.094910	-0.149861	-0.148132	-0.044221	0.987978	-0.656071	0.751920	-0.064712	-0.740019	-0.657770	-0.140395
16921	9.359639	-0.380242	-0.728056	-0.106552	-0.143690	-0.137185	-0.148304	-0.046230	0.987861	-0.655488	0.752558	-0.063188	-0.740501	-0.656901	-0.141911
16922	9.476633	-1.303438	-1.466324	-0.083183	-0.199789	-0.133144	-0.148879	-0.048559	0.987662	-0.655066	0.753047	-0.061719	-0.740759	-0.656172	-0.143922
16923	9.554017	-1.325613	-1.720584	0.118254	-0.239847	-0.122290	-0.149845	-0.051085	0.987389	-0.656147	0.752191	-0.060660	-0.739606	-0.656962	-0.146232
16924	9.725444	-0.969339	-1.943733	0.162142	-0.252606	-0.121946	-0.150878	-0.053678	0.987094	-0.657525	0.751067	-0.059660	-0.738171	-0.658040	-0.148614
16925	9.813264	-0.317726	-2.117402	0.295489	-0.244776	-0.121620	-0.151944	-0.056248	0.986787	-0.659918	0.749024	-0.058918	-0.735814	-0.660151	-0.150929
16926	9.638282	0.347971	-2.004854	0.228699	-0.225721	-0.117331	-0.152795	-0.058633	0.986517	-0.661774	0.747451	-0.058073	-0.733968	-0.661724	-0.153009
16927	9.661884	0.215996	-2.123342	0.080734	-0.215087	-0.116910	-0.153598	-0.060955	0.986252	-0.662509	0.746881	-0.057018	-0.733137	-0.662158	-0.155103
16928	9.563365	-0.593666	-2.232624	-0.041712	-0.188533	-0.117580	-0.154168	-0.063096	0.986028	-0.662380	0.747090	-0.055759	-0.733133	-0.661721	-0.156971
16929	9.454129	-1.375251	-2.500178	0.050620	-0.169878	-0.122593	-0.154634	-0.065181	0.985819	-0.662959	0.746660	-0.054623	-0.732512	-0.662004	-0.158671
16930	9.832492	-1.659419	-2.142816	0.140025	-0.140909	-0.122611	-0.154819	-0.067044	0.985665	-0.664170	0.745657	-0.053603	-0.731375	-0.662948	-0.159971
16931	9.894898	-1.736740	-2.188910	0.294505	-0.097613	-0.114234	-0.154802	-0.068585	0.985562	-0.666516	0.743608	-0.052942	-0.729241	-0.665089	-0.160825
16932	9.750045	-0.923952	-1.384276	0.415899	-0.101787	-0.115035	-0.154742	-0.070132	0.985463	-0.669718	0.740762	-0.052445	-0.726315	-0.668097	-0.161595
16933	9.883645	-0.806479	-1.529373	0.547758	-0.139647	-0.137787	-0.154800	-0.072114	0.985310	-0.673914	0.736982	-0.051938	-0.722411	-0.672054	-0.162683
16934	10.106483	0.589971	-0.441441	0.876320	-0.123225	-0.130806	-0.154768	-0.073920	0.985182	-0.680417	0.730975	-0.052044	-0.716296	-0.678389	-0.163428
16935	9.777964	2.064712	0.606579	0.436666	-0.078461	-0.120736	-0.154482	-0.075361	0.985117	-0.683738	0.727905	-0.051537	-0.713188	-0.681524	-0.163975
16936	9.396878	1.278974	-0.420475	-0.243492	-0.112180	-0.096426	-0.154592	-0.076841	0.984986	-0.682145	0.729495	-0.050152	-0.714688	-0.679656	-0.165191
16937	9.387046	-0.327502	-1.752534	-0.306600	-0.139998	-0.084324	-0.155070	-0.078442	0.984784	-0.680067	0.731523	-0.048818	-0.716563	-0.677290	-0.166783
16938	9.465941	-0.984651	-2.553201	-0.014990	-0.141519	-0.080629	-0.155503	-0.080005	0.984590	-0.680081	0.731566	-0.047965	-0.716455	-0.677060	-0.168170
16939	9.483967	-0.202772	-2.303646	0.168320	-0.117392	-0.079665	-0.155803	-0.081420	0.984427	-0.681443	0.730331	-0.047446	-0.715095	-0.678223	-0.169271
16940	9.425796	-0.046465	-2.464149	0.010415	-0.110637	-0.081706	-0.156005	-0.082781	0.984281	-0.681642	0.730199	-0.046625	-0.714862	-0.678201	-0.170341
16941	9.362332	-0.100812	-2.583187	0.009203	-0.074337	-0.069755	-0.156093	-0.083838	0.984178	-0.681844	0.730053	-0.045952	-0.714650	-0.678228	-0.171120
16942	9.239748	0.131944	-2.019707	-0.137449	-0.054083	-0.081323	-0.155893	-0.084813	0.984126	-0.680984	0.730922	-0.044882	-0.715512	-0.677171	-0.171701
16943	9.403011	-0.696701	-2.229742	-0.234776	-0.070715	-0.079491	-0.155855	-0.085909	0.984037	-0.679410	0.732459	-0.043662	-0.717016	-0.675369	-0.172525
16944	9.665747	-0.557116	-1.618040	-0.029538	-0.058553	-0.070700	-0.155762	-0.086837	0.983970	-0.679305	0.732603	-0.042881	-0.717136	-0.675095	-0.173100
16945	9.730614	-0.157667	-1.024663	-0.134167	-0.075798	-0.066182	-0.155894	-0.087870	0.983858	-0.678413	0.733480	-0.041988	-0.717950	-0.674007	-0.173957
16946	9.652166	-0.437823	-1.187950	-0.157384	-0.096108	-0.055143	-0.156178	-0.088936	0.983717	-0.677365	0.734496	-0.041136	-0.718878	-0.672760	-0.174955
16947	9.510684	-0.206120	-1.132191	-0.069577	-0.136205	-0.044775	-0.156909	-0.090225	0.983483	-0.676935	0.734923	-0.040579	-0.719123	-0.672122	-0.176392
16948	9.699226	0.116026	-1.028530	-0.000169	-0.174740	-0.032867	-0.157911	-0.091655	0.983191	-0.676982	0.734900	-0.040221	-0.718860	-0.671954	-0.178097
16949	9.855283	0.166970	-1.107787	-0.064550	-0.204261	-0.021268	-0.159291	-0.093237	0.982819	-0.676652	0.735220	-0.039920	-0.718867	-0.671385	-0.180202
16950	9.959434	-0.075089	-1.492825	-0.026775	-0.223200	-0.000537	-0.160859	-0.094754	0.982418	-0.676456	0.735405	-0.039832	-0.718701	-0.670971	-0.182393
16951	10.190917	-0.241315	-1.681554	0.049435	-0.229580	0.006526	-0.162542	-0.096288	0.981992	-0.676871	0.735016	-0.039966	-0.717932	-0.671178	-0.184645
16952	10.338731	-0.092939	-1.969078	0.129194	-0.167963	0.028461	-0.163907	-0.097222	0.981673	-0.677748	0.734181	-0.040451	-0.716793	-0.671957	-0.186230
16953	10.050602	0.499379	-2.189828	0.007247	-0.123136	0.041157	-0.165045	-0.097791	0.981426	-0.677832	0.734082	-0.040844	-0.716453	-0.671983	-0.187442
16954	9.716127	-0.258713	-3.217339	-0.139257	-0.100402	0.052825	-0.166091	-0.098092	0.981220	-0.676743	0.735073	-0.041067	-0.717240	-0.670854	-0.188472
16955	9.476243	-0.698405	-3.603919	0.004696	-0.070763	0.053606	-0.167010	-0.098221	0.981051	-0.676736	0.735049	-0.041613	-0.717033	-0.670862	-0.189230
16956	9.660362	-0.690683	-3.279159	0.187614	-0.043708	0.054879	-0.167663	-0.098126	0.980949	-0.677985	0.733848	-0.042472	-0.715699	-0.672189	-0.189568
16957	9.376297	-0.372954	-2.467976	0.229052	-0.018020	0.059966	-0.168183	-0.097862	0.980886	-0.679596	0.732298	-0.043463	-0.714047	-0.673916	-0.189666
16958	9.369787	-0.181666	-1.838297	0.266245	-0.034532	0.071202	-0.168882	-0.097589	0.980793	-0.681372	0.730576	-0.044633	-0.712188	-0.675822	-0.189875
16959	9.572445	0.212897	-0.861612	0.295231	-0.060273	0.087633	-0.169912	-0.097405	0.980633	-0.683341	0.728647	-0.046026	-0.710052	-0.677928	-0.190367
16960	9.598246	0.600430	0.376507	0.127944	-0.032114	0.093207	-0.170746	-0.096959	0.980533	-0.684087	0.727875	-0.047149	-0.709133	-0.678821	-0.190610
16961	9.418268	0.570069	0.436428	-0.157225	-0.019546	0.105787	-0.171661	-0.096375	0.980431	-0.682882	0.728956	-0.047908	-0.710074	-0.677742	-0.190946
16962	9.047313	0.031437	0.211920	-0.170641	-0.103876	0.112155	-0.173133	-0.096274	0.980182	-0.681473	0.730225	-0.048647	-0.711069	-0.676390	-0.192034
16963	9.445625	-0.257239	-0.048938	-0.080405	-0.194121	0.120025	-0.175398	-0.096749	0.979732	-0.680707	0.730869	-0.049691	-0.711248	-0.675626	-0.194051
16964	9.451796	-0.177689	-0.304364	-0.060102	-0.225341	0.126122	-0.177828	-0.097363	0.979233	-0.680053	0.731402	-0.050775	-0.711270	-0.674960	-0.196276
16965	9.386578	-0.407701	-1.106961	-0.138627	-0.299551	0.137978	-0.180861	-0.098406	0.978573	-0.678855	0.732442	-0.051812	-0.711650	-0.673680	-0.199274
16966	9.235337	-0.707353	-1.845552	0.031908	-0.357498	0.151360	-0.184400	-0.099720	0.977779	-0.678803	0.732382	-0.053323	-0.710790	-0.673552	-0.202742
16967	9.149646	-0.280350	-1.685315	0.204347	-0.424851	0.156180	-0.188515	-0.101487	0.976812	-0.680098	0.731032	-0.055300	-0.708469	-0.674754	-0.206832
16968	9.255930	-0.034223	-1.635232	0.176215	-0.480531	0.168968	-0.193033	-0.103512	0.975717	-0.681021	0.730020	-0.057285	-0.706363	-0.675541	-0.211412
16969	9.139992	-0.244343	-1.917753	0.209364	-0.525596	0.178341	-0.197974	-0.105801	0.974481	-0.682225	0.728718	-0.059482	-0.703829	-0.676591	-0.216448
16970	9.364232	-0.079963	-1.813600	0.232759	-0.557395	0.194801	-0.203190	-0.108172	0.973146	-0.683468	0.727355	-0.061855	-0.701132	-0.677682	-0.221723
16971	10.103505	-0.386191	-1.802034	0.083127	-0.548736	0.213968	-0.208459	-0.110369	0.971784	-0.683653	0.726988	-0.064085	-0.699402	-0.677722	-0.227001
16972	9.754660	-0.683427	-2.113886	0.015839	-0.502101	0.239959	-0.213577	-0.112041	0.970480	-0.683256	0.727152	-0.066418	-0.698245	-0.677272	-0.231855
16973	9.375296	-0.888466	-2.389939	0.006199	-0.549207	0.250498	-0.219176	-0.113996	0.969003	-0.682926	0.727230	-0.068916	-0.696831	-0.676862	-0.237242
16974	9.695581	-0.854712	-1.924983	0.366693	-0.579956	0.252055	-0.224900	-0.116112	0.967439	-0.684914	0.725038	-0.072203	-0.693046	-0.678851	-0.242587
16975	9.530319	0.254514	-0.149439	0.362794	-0.588431	0.257239	-0.230712	-0.118266	0.965808	-0.686799	0.722911	-0.075540	-0.689260	-0.680744	-0.248009
16976	9.268790	0.006454	-0.105627	0.133173	-0.673447	0.261859	-0.237114	-0.120973	0.963920	-0.687103	0.722322	-0.078367	-0.686780	-0.680894	-0.254393
16977	9.283690	-0.367978	-0.121982	0.290313	-0.762505	0.280382	-0.244307	-0.124195	0.961712	-0.688546	0.720558	-0.081861	-0.682802	-0.682182	-0.261551
16978	9.550550	0.211316	0.133880	0.403238	-0.840509	0.301554	-0.252075	-0.127781	0.959234	-0.690541	0.718187	-0.085794	-0.677946	-0.684017	-0.269275
16979	9.809738	1.018012	0.688305	0.359743	-0.896073	0.333344	-0.260483	-0.131566	0.956472	-0.692232	0.716038	-0.090027	-0.673026	-0.685551	-0.277590
16980	9.708140	1.248023	0.777996	0.129580	-0.987545	0.372595	-0.269661	-0.135681	0.953349	-0.692115	0.715651	-0.093918	-0.669522	-0.685153	-0.286890
16981	10.118442	1.457692	1.183305	0.162842	-1.091931	0.415083	-0.279808	-0.140263	0.949755	-0.692275	0.714897	-0.098373	-0.665179	-0.685017	-0.297134
16982	10.822412	2.168877	1.857322	0.126314	-1.235380	0.457174	-0.291132	-0.145466	0.945559	-0.691809	0.714688	-0.103055	-0.660789	-0.684149	-0.308704
16983	12.005992	1.857710	2.451997	-0.219652	-1.322206	0.491868	-0.303273	-0.150986	0.940866	-0.688970	0.716841	-0.107043	-0.658290	-0.680692	-0.321423
16984	10.870511	-0.348322	1.241343	-0.716757	-1.388275	0.475373	-0.315647	-0.156978	0.935802	-0.682781	0.722429	-0.109118	-0.658921	-0.673391	-0.335214
16985	10.576691	-1.748109	-1.229776	-0.297497	-1.454298	0.438350	-0.328272	-0.163597	0.930308	-0.679557	0.724976	-0.112303	-0.656079	-0.669064	-0.349163
16986	11.496369	-0.693500	-0.744319	0.340515	-1.582231	0.446194	-0.341598	-0.170965	0.924166	-0.680288	0.723446	-0.117621	-0.648475	-0.668878	-0.363433
16987	12.874611	-1.085198	-0.142037	-0.085395	-1.698343	0.519678	-0.356169	-0.178553	0.917204	-0.678055	0.724780	-0.122210	-0.642950	-0.665442	-0.379213
16988	12.941485	-1.273430	-0.524027	0.029068	-1.709242	0.557190	-0.370849	-0.185876	0.909902	-0.676221	0.725603	-0.127381	-0.636551	-0.662533	-0.394782
16989	11.959224	-1.531566	-0.573841	-0.386819	-1.808825	0.630467	-0.386663	-0.193292	0.901737	-0.671622	0.729094	-0.131705	-0.631994	-0.656552	-0.411733
16990	12.326215	-1.787584	-1.317318	0.056461	-1.930353	0.691367	-0.403394	-0.200904	0.892699	-0.669251	0.730087	-0.138114	-0.624000	-0.653154	-0.428967
16991	12.686262	-0.260672	0.146060	0.115437	-2.016142	0.749332	-0.421020	-0.208574	0.882745	-0.667023	0.730695	-0.145484	-0.614673	-0.650063	-0.446761
16992	13.205281	0.378235	0.876609	0.029179	-2.104926	0.799114	-0.439152	-0.216382	0.871966	-0.663771	0.732203	-0.152598	-0.605436	-0.645800	-0.465177
16993	13.620463	1.471382	2.720700	-0.373735	-2.108420	0.844503	-0.457494	-0.223752	0.860601	-0.657902	0.736276	-0.158311	-0.598218	-0.638617	-0.484049
16994	13.647938	1.802276	1.990930	-1.278632	-2.156474	0.854853	-0.475925	-0.231047	0.848594	-0.646283	0.746293	-0.159267	-0.596502	-0.624231	-0.504501
16995	13.673806	0.387041	-0.576224	-1.726575	-2.246176	0.789956	-0.494536	-0.238888	0.835683	-0.632253	0.758627	-0.157290	-0.596398	-0.606149	-0.526206
16996	13.078209	-0.348883	-3.755627	-1.429112	-2.338393	0.657846	-0.512545	-0.247861	0.822108	-0.620447	0.768771	-0.155039	-0.593584	-0.589540	-0.547814
16997	12.699549	0.146247	-4.451373	-1.098587	-2.359987	0.513692	-0.529750	-0.257644	0.808074	-0.611441	0.776291	-0.153333	-0.587796	-0.575318	-0.568775
16998	12.080827	-0.973800	-5.767160	-1.126655	-2.323955	0.415072	-0.545841	-0.267620	0.794001	-0.602630	0.783776	-0.150108	-0.582147	-0.560423	-0.589093
