// General information: 
//  MT Manager version: 2022.2.0 
//  XDA version: 2022.2.0 build 7381 rev 124627 built on 2023-07-19
// Device information: 
//  DeviceId: 00B4CB9F
//  ProductCode: MTW2-3A7G6
//  Firmware Version: 4.6.0
//  Hardware Version: 2.0.0
// Device settings: 
//  Filter Profile: human(46.1)
//  Option Flags: Orientation Smoother Disabled, Position/Velocity Smoother Disabled, Continuous Zero Rotation Update Disabled, AHS Disabled, ICC Disabled
// Coordinate system: ENU
PacketCounter	Acc_X	Acc_Y	Acc_Z	Gyr_X	Gyr_Y	Gyr_Z	Mat[1][1]	Mat[2][1]	Mat[3][1]	Mat[1][2]	Mat[2][2]	Mat[3][2]	Mat[1][3]	Mat[2][3]	Mat[3][3]
57742	9.290995	-0.850535	2.882002	0.002959	-0.003167	0.004583	-0.288198	-0.089791	0.953352	0.017876	-0.995925	-0.088397	0.957404	-0.008433	0.288629
57743	9.309721	-0.776714	2.890588	-0.003279	-0.003520	0.007333	-0.288119	-0.089907	0.953365	0.017913	-0.995915	-0.088507	0.957427	-0.008423	0.288552
57744	9.287437	-0.802945	2.885612	-0.008837	-0.004737	-0.003697	-0.288058	-0.089905	0.953383	0.017842	-0.995914	-0.088525	0.957447	-0.008490	0.288485
57745	9.289472	-0.827033	2.882893	-0.014798	-0.004795	-0.007040	-0.287969	-0.089879	0.953413	0.017727	-0.995916	-0.088531	0.957476	-0.008593	0.288386
57746	9.269875	-0.823688	2.831414	-0.016138	-0.007823	-0.008775	-0.287887	-0.089835	0.953441	0.017624	-0.995919	-0.088516	0.957502	-0.008679	0.288296
57747	9.323910	-0.919278	2.850698	-0.008455	-0.009090	-0.008473	-0.287757	-0.089795	0.953484	0.017566	-0.995922	-0.088490	0.957542	-0.008715	0.288161
57748	9.319495	-0.950270	2.920199	-0.004156	-0.009230	-0.002157	-0.287579	-0.089830	0.953535	0.017673	-0.995920	-0.088493	0.957594	-0.008597	0.287993
57749	9.326405	-0.943260	2.846512	-0.010208	-0.012560	-0.001067	-0.287415	-0.089863	0.953581	0.017619	-0.995917	-0.088543	0.957644	-0.008647	0.287824
57750	9.328999	-0.941296	2.820854	-0.004208	-0.017224	0.005117	-0.287193	-0.089982	0.953637	0.017744	-0.995907	-0.088627	0.957708	-0.008532	0.287615
57751	9.017860	-1.011997	2.784536	0.005949	-0.012658	0.013456	-0.287025	-0.090160	0.953671	0.017886	-0.995892	-0.088769	0.957756	-0.008421	0.287459
57752	9.628272	-0.860750	2.976525	0.021198	-0.012143	0.014192	-0.286840	-0.090356	0.953708	0.018259	-0.995877	-0.088860	0.957804	-0.008075	0.287307
57753	9.323688	-0.897394	2.846791	0.031486	0.002088	0.012276	-0.286814	-0.090521	0.953700	0.018642	-0.995865	-0.088917	0.957805	-0.007724	0.287315
57754	9.294408	-0.773438	2.807370	0.025387	0.001883	0.011982	-0.286725	-0.090744	0.953706	0.019124	-0.995848	-0.089004	0.957822	-0.007281	0.287270
57755	9.317888	-0.825271	2.853991	0.021064	-0.001174	0.008578	-0.286668	-0.090872	0.953711	0.019397	-0.995838	-0.089056	0.957834	-0.007030	0.287237
57756	9.271226	-0.853051	2.847094	0.015022	-0.002903	0.008216	-0.286625	-0.090996	0.953712	0.019667	-0.995828	-0.089104	0.957841	-0.006783	0.287219
57757	9.350157	-0.867898	2.803551	0.013587	0.000314	0.003708	-0.286583	-0.091076	0.953717	0.019854	-0.995822	-0.089130	0.957850	-0.006608	0.287194
57758	9.297948	-0.822660	2.803309	0.022657	-0.001050	0.007128	-0.286567	-0.091154	0.953714	0.020056	-0.995816	-0.089151	0.957850	-0.006420	0.287196
57759	9.320356	-0.796751	2.807819	0.021258	-0.002553	0.005463	-0.286497	-0.091251	0.953726	0.020322	-0.995809	-0.089173	0.957866	-0.006166	0.287151
57760	9.289939	-0.778455	2.856024	0.015375	-0.000942	-0.000857	-0.286416	-0.091309	0.953745	0.020629	-0.995805	-0.089141	0.957883	-0.005857	0.287098
57761	9.272096	-0.799437	2.802525	0.005024	-0.013644	0.001138	-0.286240	-0.091364	0.953792	0.020727	-0.995801	-0.089168	0.957934	-0.005754	0.286932
57762	9.391508	-0.793730	2.837212	-0.002726	-0.012446	0.002362	-0.286098	-0.091424	0.953829	0.020732	-0.995795	-0.089228	0.957976	-0.005753	0.286791
57763	9.370464	-0.897588	2.873815	-0.009318	-0.005243	0.006977	-0.286002	-0.091537	0.953847	0.020710	-0.995785	-0.089352	0.958005	-0.005801	0.286692
57764	9.325978	-0.923909	2.842426	-0.008170	-0.000834	0.011823	-0.285911	-0.091742	0.953854	0.020881	-0.995767	-0.089514	0.958029	-0.005676	0.286616
57765	9.230652	-0.955975	2.831040	-0.000785	0.003922	0.013915	-0.285901	-0.091923	0.953840	0.020960	-0.995750	-0.089680	0.958030	-0.005647	0.286613
57766	9.278993	-0.953709	2.835887	0.002709	-0.000261	0.007764	-0.285865	-0.092016	0.953842	0.021026	-0.995742	-0.089757	0.958039	-0.005603	0.286582
57767	9.346098	-0.876460	2.849758	0.010252	0.007835	0.003896	-0.285895	-0.092098	0.953825	0.021182	-0.995735	-0.089795	0.958027	-0.005468	0.286626
57768	9.320159	-0.827222	2.828244	0.019515	0.005089	0.004201	-0.285939	-0.092162	0.953806	0.021410	-0.995730	-0.089795	0.958009	-0.005255	0.286691
57769	9.296809	-0.749016	2.760320	0.013484	0.004959	0.002384	-0.285941	-0.092229	0.953798	0.021593	-0.995725	-0.089809	0.958004	-0.005084	0.286710
57770	9.205891	-0.774888	2.700857	0.003072	0.003296	-0.002766	-0.285972	-0.092238	0.953788	0.021691	-0.995724	-0.089790	0.957993	-0.004989	0.286750
57771	9.337764	-0.674721	2.795410	-0.011297	-0.016892	-0.007419	-0.285767	-0.092208	0.953853	0.021608	-0.995727	-0.089782	0.958056	-0.005046	0.286538
57772	9.560042	-0.707978	2.810982	-0.028051	-0.004745	-0.018351	-0.285680	-0.092088	0.953890	0.021343	-0.995737	-0.089736	0.958087	-0.005277	0.286428
57773	9.424962	-0.758592	2.719478	-0.038976	-0.002195	-0.015682	-0.285618	-0.091975	0.953920	0.020972	-0.995745	-0.089728	0.958114	-0.005622	0.286332
57774	9.377470	-0.865632	2.778180	-0.052769	-0.002726	-0.014817	-0.285547	-0.091871	0.953951	0.020555	-0.995753	-0.089744	0.958144	-0.006018	0.286223
57775	9.379320	-0.916338	2.796912	-0.049238	-0.011627	-0.018127	-0.285395	-0.091734	0.954010	0.020078	-0.995763	-0.089742	0.958200	-0.006457	0.286028
57776	9.341175	-0.987333	2.735753	-0.044732	-0.011546	-0.016384	-0.285244	-0.091609	0.954067	0.019678	-0.995772	-0.089730	0.958253	-0.006821	0.285840
57777	9.338256	-0.911777	2.716753	-0.024976	-0.010954	-0.013912	-0.285097	-0.091514	0.954120	0.019446	-0.995779	-0.089699	0.958301	-0.007019	0.285673
57778	9.363166	-0.882888	2.696097	-0.016068	-0.006145	-0.011743	-0.285007	-0.091437	0.954154	0.019392	-0.995786	-0.089634	0.958329	-0.007043	0.285579
57779	9.330902	-0.866826	2.767667	-0.012980	-0.010765	-0.008758	-0.284861	-0.091393	0.954202	0.019290	-0.995789	-0.089618	0.958375	-0.007122	0.285425
57780	9.309519	-0.838980	2.717949	-0.015904	-0.012319	-0.010497	-0.284646	-0.091381	0.954267	0.019340	-0.995791	-0.089589	0.958438	-0.007046	0.285215
57781	9.303426	-0.845877	2.789354	-0.011725	-0.011011	-0.002591	-0.284496	-0.091399	0.954310	0.019267	-0.995789	-0.089628	0.958483	-0.007112	0.285059
57782	9.279096	-0.874141	2.808303	-0.002866	-0.003078	-0.001808	-0.284476	-0.091380	0.954318	0.019226	-0.995790	-0.089620	0.958490	-0.007147	0.285035
57783	9.299043	-0.876999	2.859089	0.012151	0.003536	-0.000803	-0.284465	-0.091415	0.954318	0.019388	-0.995788	-0.089608	0.958490	-0.006988	0.285040
57784	9.271947	-0.933787	2.925416	0.004603	0.004952	-0.004144	-0.284525	-0.091374	0.954304	0.019402	-0.995792	-0.089562	0.958472	-0.006967	0.285100
57785	9.330455	-0.971403	2.853710	-0.000147	0.009372	-0.004154	-0.284571	-0.091375	0.954290	0.019436	-0.995792	-0.089553	0.958458	-0.006937	0.285149
57786	9.308977	-0.890398	2.762297	-0.001779	0.013969	-0.005543	-0.284672	-0.091346	0.954263	0.019430	-0.995795	-0.089526	0.958428	-0.006945	0.285250
57787	9.280681	-0.843235	2.765603	-0.001856	0.012296	-0.002565	-0.284746	-0.091363	0.954239	0.019452	-0.995794	-0.089537	0.958406	-0.006933	0.285326
57788	9.284325	-0.864749	2.740582	0.007186	0.017255	-0.003443	-0.284892	-0.091386	0.954193	0.019548	-0.995792	-0.089533	0.958360	-0.006855	0.285480
57789	9.303779	-0.867735	2.792894	0.020484	0.014075	0.009265	-0.284981	-0.091520	0.954154	0.019818	-0.995781	-0.089594	0.958328	-0.006623	0.285592
57790	9.304863	-0.918896	2.814132	0.012928	0.013892	0.007375	-0.285089	-0.091640	0.954110	0.020079	-0.995772	-0.089641	0.958291	-0.006398	0.285723
57791	9.355479	-0.886725	2.773794	-0.004846	0.010667	-0.002784	-0.285147	-0.091654	0.954091	0.020072	-0.995770	-0.089659	0.958274	-0.006415	0.285781
57792	9.386705	-0.824481	2.660249	-0.012092	0.006057	-0.007929	-0.285183	-0.091619	0.954084	0.020003	-0.995773	-0.089643	0.958264	-0.006480	0.285810
57793	9.405333	-0.749064	2.669619	-0.002348	0.003838	-0.018291	-0.285179	-0.091479	0.954099	0.019976	-0.995786	-0.089505	0.958266	-0.006466	0.285804
57794	9.401320	-0.725536	2.696371	-0.002348	0.003838	-0.018291	-0.285168	-0.091368	0.954113	0.019978	-0.995796	-0.089389	0.958269	-0.006429	0.285795
57795	9.404767	-0.799106	2.714333	-0.007049	0.005133	-0.016919	-0.285176	-0.091242	0.954122	0.019910	-0.995808	-0.089278	0.958268	-0.006463	0.285798
57796	9.400375	-0.802677	2.763189	-0.013345	0.006300	-0.014097	-0.285224	-0.091132	0.954118	0.019795	-0.995817	-0.089198	0.958256	-0.006555	0.285835
57797	9.375725	-0.829836	2.783510	-0.004245	0.009738	-0.015040	-0.285276	-0.091025	0.954113	0.019759	-0.995827	-0.089097	0.958242	-0.006565	0.285884
57798	9.346893	-0.835374	2.830563	0.010398	0.011189	-0.002046	-0.285346	-0.091031	0.954092	0.019887	-0.995827	-0.089066	0.958218	-0.006440	0.285966
57799	9.344917	-0.784314	2.812151	0.017503	0.015653	0.006149	-0.285450	-0.091135	0.954051	0.020121	-0.995819	-0.089104	0.958182	-0.006239	0.286091
57800	9.364246	-0.787430	2.864658	0.003808	0.019980	0.001120	-0.285604	-0.091180	0.954000	0.020197	-0.995815	-0.089130	0.958135	-0.006188	0.286250
57801	9.331564	-0.718747	2.895050	-0.002282	0.021370	-0.000630	-0.285765	-0.091215	0.953949	0.020221	-0.995812	-0.089160	0.958086	-0.006189	0.286412
57802	9.262701	-0.718739	2.841359	-0.009444	0.018431	-0.008757	-0.285891	-0.091184	0.953914	0.020178	-0.995815	-0.089142	0.958050	-0.006237	0.286534
57803	9.294788	-0.760324	2.792137	-0.022803	0.010410	-0.011295	-0.285949	-0.091114	0.953903	0.019976	-0.995820	-0.089130	0.958037	-0.006432	0.286573
57804	9.299098	-0.755090	2.744213	-0.031578	0.004146	-0.015067	-0.285908	-0.091016	0.953925	0.019743	-0.995827	-0.089096	0.958054	-0.006640	0.286512
57805	9.329811	-0.772564	2.695488	-0.041916	-0.008570	-0.013098	-0.285784	-0.090929	0.953970	0.019352	-0.995833	-0.089122	0.958099	-0.007008	0.286353
57806	9.376308	-0.771309	2.723756	-0.040541	0.000858	-0.017175	-0.285769	-0.090773	0.953990	0.018874	-0.995844	-0.089102	0.958113	-0.007457	0.286294
57807	9.315032	-0.761677	2.842019	-0.037215	0.001265	-0.023120	-0.285741	-0.090586	0.954016	0.018500	-0.995858	-0.089018	0.958128	-0.007787	0.286233
57808	9.334979	-0.763643	2.892721	-0.046277	0.004226	-0.027997	-0.285726	-0.090366	0.954041	0.018110	-0.995875	-0.088905	0.958140	-0.008125	0.286184
57809	9.393407	-0.853556	2.864269	-0.058468	0.005404	-0.030047	-0.285738	-0.090110	0.954062	0.017512	-0.995894	-0.088816	0.958148	-0.008670	0.286143
57810	9.314785	-0.811616	2.885714	-0.062993	0.002119	-0.028890	-0.285699	-0.089836	0.954099	0.016921	-0.995914	-0.088706	0.958170	-0.009199	0.286052
57811	9.318830	-0.859340	2.880728	-0.063072	0.000442	-0.025916	-0.285663	-0.089621	0.954130	0.016291	-0.995928	-0.088670	0.958192	-0.009786	0.285960
57812	9.346831	-0.932436	2.899945	-0.058835	0.001817	-0.019527	-0.285638	-0.089469	0.954152	0.015768	-0.995937	-0.088667	0.958208	-0.010282	0.285888
57813	9.322617	-0.933932	2.897557	-0.043898	0.008374	-0.016966	-0.285676	-0.089343	0.954152	0.015347	-0.995944	-0.088661	0.958203	-0.010685	0.285889
57814	9.292421	-0.862427	2.902752	-0.046855	0.013155	-0.022991	-0.285779	-0.089161	0.954139	0.014850	-0.995955	-0.088621	0.958180	-0.011157	0.285947
57815	9.217550	-0.842121	2.898964	-0.048079	0.018228	-0.033510	-0.285914	-0.088869	0.954125	0.014342	-0.995976	-0.088469	0.958148	-0.011610	0.286038
57816	9.219078	-0.891369	2.919505	-0.046371	0.013709	-0.033656	-0.286013	-0.088580	0.954123	0.013895	-0.995997	-0.088302	0.958125	-0.011998	0.286099
57817	9.251394	-0.958220	2.891207	-0.053951	0.008706	-0.031209	-0.286057	-0.088312	0.954135	0.013338	-0.996014	-0.088189	0.958120	-0.012501	0.286094
57818	9.338300	-1.094716	2.859849	-0.056971	0.000655	-0.025639	-0.286015	-0.088134	0.954164	0.012838	-0.996024	-0.088152	0.958139	-0.012963	0.286009
57819	9.397909	-1.104780	2.764696	-0.055615	-0.005871	-0.016725	-0.285916	-0.088012	0.954204	0.012306	-0.996028	-0.088182	0.958176	-0.013470	0.285864
57820	9.317831	-0.986069	2.744339	-0.044864	-0.003801	-0.019169	-0.285820	-0.087858	0.954247	0.011958	-0.996038	-0.088124	0.958209	-0.013777	0.285739
57821	9.281908	-0.841648	2.755918	-0.038674	0.001318	-0.024734	-0.285792	-0.087655	0.954274	0.011565	-0.996051	-0.088029	0.958222	-0.014121	0.285677
57822	9.249822	-0.771533	2.784356	-0.042251	-0.007259	-0.039126	-0.285681	-0.087309	0.954339	0.011146	-0.996077	-0.087791	0.958260	-0.014443	0.285533
57823	9.325133	-0.787605	2.787889	-0.052255	-0.011645	-0.050546	-0.285531	-0.086851	0.954426	0.010550	-0.996110	-0.087488	0.958312	-0.014911	0.285336
57824	9.341169	-0.819765	2.907003	-0.050403	-0.015996	-0.053748	-0.285375	-0.086333	0.954520	0.009919	-0.996147	-0.087132	0.958365	-0.015397	0.285132
57825	9.350372	-0.886193	2.873520	-0.051930	-0.016051	-0.053825	-0.285182	-0.085843	0.954621	0.009317	-0.996182	-0.086797	0.958428	-0.015859	0.284893
57826	9.326782	-0.938232	2.912553	-0.050475	-0.016076	-0.052227	-0.284983	-0.085358	0.954724	0.008758	-0.996217	-0.086454	0.958493	-0.016277	0.284652
57827	9.276947	-0.968182	2.951650	-0.047632	-0.016213	-0.047508	-0.284788	-0.084931	0.954821	0.008215	-0.996247	-0.086166	0.958555	-0.016696	0.284416
57828	9.308360	-1.036048	2.944401	-0.050623	-0.019458	-0.046293	-0.284609	-0.084517	0.954911	0.007627	-0.996274	-0.085905	0.958613	-0.017167	0.284193
57829	9.249340	-1.130366	2.876591	-0.047912	-0.018156	-0.039972	-0.284394	-0.084166	0.955006	0.007103	-0.996297	-0.085690	0.958681	-0.017587	0.283939
57830	9.270265	-1.104626	2.903541	-0.034254	-0.017721	-0.037777	-0.284226	-0.083854	0.955083	0.006719	-0.996318	-0.085475	0.958734	-0.017877	0.283743
57831	9.229151	-1.097393	2.824645	-0.022180	-0.010991	-0.039910	-0.284080	-0.083502	0.955158	0.006442	-0.996344	-0.085187	0.958779	-0.018047	0.283579
57832	9.199376	-1.023631	2.828551	-0.011508	-0.013802	-0.036501	-0.283965	-0.083201	0.955218	0.006314	-0.996369	-0.084909	0.958814	-0.018080	0.283459
57833	9.189465	-0.926175	2.861817	-0.006859	-0.007103	-0.043576	-0.283856	-0.082812	0.955284	0.006173	-0.996401	-0.084542	0.958847	-0.018100	0.283345
57834	9.159496	-0.851230	2.866400	-0.015537	-0.005247	-0.056129	-0.283758	-0.082330	0.955355	0.006016	-0.996441	-0.084084	0.958877	-0.018112	0.283243
57835	9.184524	-0.844372	2.867675	-0.029983	-0.014468	-0.066492	-0.283579	-0.081714	0.955461	0.005589	-0.996487	-0.083564	0.958933	-0.018357	0.283040
57836	9.258342	-0.806066	2.851101	-0.045819	-0.023579	-0.079978	-0.283317	-0.080997	0.955600	0.005069	-0.996540	-0.082964	0.959013	-0.018661	0.282747
57837	9.316935	-0.892578	2.842669	-0.055891	-0.029662	-0.088437	-0.282993	-0.080165	0.955766	0.004332	-0.996598	-0.082307	0.959112	-0.019152	0.282377
57838	9.373648	-0.954708	2.836167	-0.063449	-0.033098	-0.087447	-0.282621	-0.079359	0.955943	0.003571	-0.996652	-0.081683	0.959225	-0.019671	0.281958
57839	9.401795	-0.970557	2.832403	-0.054573	-0.029853	-0.083798	-0.282294	-0.078574	0.956105	0.002861	-0.996705	-0.081066	0.959324	-0.020149	0.281588
57840	9.368174	-0.872047	2.861429	-0.042242	-0.029178	-0.086259	-0.281955	-0.077779	0.956270	0.002341	-0.996761	-0.080382	0.959425	-0.020425	0.281224
57841	9.371510	-0.808175	2.791218	-0.048223	-0.026027	-0.092484	-0.281663	-0.076906	0.956426	0.001667	-0.996820	-0.079663	0.959512	-0.020844	0.280896
57842	9.344526	-0.781439	2.812452	-0.058351	-0.033819	-0.097982	-0.281287	-0.076014	0.956608	0.000991	-0.996880	-0.078922	0.959623	-0.021252	0.280485
57843	9.348343	-0.770800	2.784658	-0.065655	-0.033691	-0.105967	-0.280921	-0.075009	0.956795	0.000113	-0.996944	-0.078123	0.959731	-0.021839	0.280071
57844	9.374600	-0.787444	2.804782	-0.059356	-0.034772	-0.108810	-0.280545	-0.073995	0.956985	-0.000660	-0.997009	-0.077283	0.959841	-0.022313	0.279657
57845	9.327800	-0.755524	2.774773	-0.061675	-0.038747	-0.121399	-0.280128	-0.072838	0.957195	-0.001542	-0.997082	-0.076324	0.959961	-0.022857	0.279198
57846	9.372120	-0.750080	2.847740	-0.068987	-0.038621	-0.129382	-0.279714	-0.071641	0.957407	-0.002416	-0.997156	-0.075321	0.960080	-0.023382	0.278746
57847	9.335921	-0.867921	2.849233	-0.091456	-0.043922	-0.135295	-0.279245	-0.070347	0.957640	-0.003623	-0.997229	-0.074311	0.960213	-0.024220	0.278216
57848	9.343402	-0.906291	2.838266	-0.104658	-0.055192	-0.136548	-0.278706	-0.069064	0.957890	-0.004932	-0.997295	-0.073340	0.960364	-0.025165	0.277611
57849	9.329890	-0.998444	2.842968	-0.110972	-0.054126	-0.133708	-0.278135	-0.067789	0.958147	-0.006321	-0.997356	-0.072398	0.960521	-0.026193	0.276971
57850	9.284323	-0.993599	2.832385	-0.108009	-0.052455	-0.133486	-0.277567	-0.066568	0.958397	-0.007569	-0.997414	-0.071470	0.960676	-0.027092	0.276346
57851	9.240739	-0.985677	2.797648	-0.110788	-0.055446	-0.136860	-0.276980	-0.065263	0.958657	-0.008963	-0.997472	-0.070495	0.960834	-0.028118	0.275695
57852	9.245082	-0.945596	2.745625	-0.107083	-0.064142	-0.141834	-0.276268	-0.063968	0.958950	-0.010140	-0.997533	-0.069463	0.961027	-0.028915	0.274938
57853	9.312556	-0.912882	2.820398	-0.100102	-0.070679	-0.154202	-0.275529	-0.062495	0.959259	-0.011478	-0.997599	-0.068290	0.961224	-0.029826	0.274150
57854	9.330728	-0.913844	2.935820	-0.082751	-0.072215	-0.164294	-0.274729	-0.060978	0.959586	-0.012536	-0.997675	-0.066987	0.961440	-0.030432	0.273326
57855	9.327070	-0.855063	2.958668	-0.082388	-0.064938	-0.182222	-0.274037	-0.059225	0.959894	-0.013778	-0.997758	-0.065495	0.961620	-0.031173	0.272607
57856	9.288797	-0.862620	2.895807	-0.079789	-0.076334	-0.193570	-0.273194	-0.057412	0.960244	-0.014841	-0.997847	-0.063882	0.961845	-0.031703	0.271754
57857	9.300233	-0.891923	2.857277	-0.085131	-0.090334	-0.194694	-0.272252	-0.055543	0.960622	-0.016141	-0.997929	-0.062275	0.962091	-0.032460	0.270791
57858	9.340814	-0.939673	2.792725	-0.081974	-0.096653	-0.188852	-0.271242	-0.053771	0.961008	-0.017286	-0.998005	-0.060720	0.962356	-0.033082	0.269771
57859	9.309083	-0.995615	2.720967	-0.063565	-0.107233	-0.175009	-0.270135	-0.052105	0.961411	-0.018322	-0.998076	-0.059240	0.962648	-0.033618	0.268661
57860	9.336849	-0.951132	2.690977	-0.032678	-0.118359	-0.165316	-0.268919	-0.050587	0.961834	-0.018943	-0.998149	-0.057794	0.962977	-0.033762	0.267462
57861	9.359504	-0.915947	2.732912	-0.004815	-0.122829	-0.166059	-0.267661	-0.049017	0.962266	-0.019385	-0.998229	-0.056241	0.963318	-0.033707	0.266236
57862	9.412510	-0.925294	2.770250	0.015793	-0.133784	-0.167524	-0.266341	-0.047476	0.962709	-0.019538	-0.998315	-0.054637	0.963681	-0.033362	0.264965
57863	9.488360	-0.934449	2.833350	0.040081	-0.132602	-0.163476	-0.264988	-0.045933	0.963157	-0.019536	-0.998404	-0.052989	0.964054	-0.032858	0.263668
57864	9.532653	-0.870314	2.879748	0.076478	-0.129178	-0.158852	-0.263646	-0.044474	0.963594	-0.019064	-0.998501	-0.051301	0.964431	-0.031895	0.262403
57865	9.125137	-0.873919	2.814720	0.107770	-0.118486	-0.152439	-0.262432	-0.043034	0.963990	-0.018375	-0.998601	-0.049582	0.964776	-0.030725	0.261274
57866	9.541615	-0.700700	2.975162	0.131818	-0.112577	-0.149684	-0.261286	-0.041684	0.964361	-0.017320	-0.998704	-0.047861	0.965106	-0.029208	0.260225
57867	9.762586	-0.491038	3.053623	0.166341	-0.102967	-0.146348	-0.260224	-0.040296	0.964707	-0.016046	-0.998810	-0.046049	0.965415	-0.027463	0.259268
57868	9.919379	-0.391667	3.165348	0.188608	-0.050274	-0.133093	-0.259703	-0.039056	0.964898	-0.014414	-0.998914	-0.044313	0.965581	-0.025416	0.258858
57869	9.758536	-0.457724	3.488116	0.232452	-0.002619	-0.114873	-0.259619	-0.037954	0.964965	-0.012418	-0.999014	-0.042634	0.965631	-0.023052	0.258892
57870	9.767957	-0.649449	4.033126	0.272225	0.056681	-0.090019	-0.260145	-0.037139	0.964855	-0.009865	-0.999106	-0.041118	0.965519	-0.020215	0.259546
57871	9.880351	-0.899231	4.585624	0.337613	0.136592	-0.047827	-0.261416	-0.036681	0.964529	-0.006680	-0.999185	-0.039810	0.965203	-0.016850	0.260958
57872	9.893888	-0.861755	4.931264	0.435031	0.240012	-0.003298	-0.263716	-0.036728	0.963901	-0.002326	-0.999248	-0.038711	0.964598	-0.012451	0.263432
57873	9.754750	-0.749513	5.139611	0.557354	0.365772	0.029382	-0.267198	-0.037030	0.962930	0.003176	-0.999290	-0.037548	0.963636	-0.006975	0.267126
57874	9.952805	-0.297138	5.443907	0.629075	0.498288	0.048035	-0.271926	-0.037621	0.961582	0.009646	-0.999292	-0.036369	0.962270	-0.000614	0.272096
57875	9.649982	0.143160	5.472637	0.643241	0.621166	0.063596	-0.277845	-0.038316	0.959861	0.016056	-0.999250	-0.035241	0.960492	0.005620	0.278252
57876	9.662987	0.521054	5.575240	0.615191	0.760044	0.073063	-0.285105	-0.039215	0.957694	0.022328	-0.999163	-0.034267	0.958236	0.011613	0.285742
57877	9.208938	0.802395	5.462946	0.550694	0.855822	0.069221	-0.293232	-0.040072	0.955201	0.027849	-0.999055	-0.033363	0.955635	0.016818	0.294071
57878	9.635208	0.988888	5.529656	0.471201	0.960561	0.047536	-0.302289	-0.040866	0.952340	0.032854	-0.998934	-0.032437	0.952650	0.021483	0.303309
57879	9.033482	1.091351	5.125790	0.372463	1.074034	0.004495	-0.312456	-0.041203	0.949038	0.036462	-0.998843	-0.031360	0.949232	0.024805	0.313597
57880	8.595109	1.297865	4.917567	0.253239	1.117621	-0.052196	-0.322941	-0.041112	0.945526	0.039135	-0.998782	-0.030061	0.945610	0.027295	0.324157
57881	8.303488	1.375129	4.687160	0.130482	1.106562	-0.136190	-0.333394	-0.040102	0.941934	0.039972	-0.998798	-0.028375	0.941940	0.028191	0.334596
57882	8.503338	1.664647	4.511711	-0.019181	1.073731	-0.225012	-0.343410	-0.038320	0.938404	0.039618	-0.998869	-0.026291	0.938350	0.028149	0.344539
57883	8.447967	1.895583	4.295777	-0.217166	1.014395	-0.314603	-0.352986	-0.035492	0.934955	0.036541	-0.999041	-0.024129	0.934915	0.025647	0.353945
57884	8.652105	1.880636	4.249115	-0.461871	0.920024	-0.379567	-0.361450	-0.032124	0.931838	0.031643	-0.999253	-0.022174	0.931855	0.021471	0.362196
57885	8.616134	1.504244	4.177337	-0.728156	0.776744	-0.417260	-0.368749	-0.028135	0.929103	0.023397	-0.999506	-0.020981	0.929235	0.014002	0.369225
57886	8.764499	0.907583	4.001755	-0.969010	0.621018	-0.451738	-0.374413	-0.023871	0.926955	0.013435	-0.999703	-0.020318	0.927165	0.004846	0.374622
57887	9.081812	0.217295	3.725833	-1.196719	0.502460	-0.474321	-0.379057	-0.019167	0.925175	0.000617	-0.999790	-0.020460	0.925373	-0.007185	0.378990
57888	9.767182	-0.416254	3.502245	-1.362685	0.424017	-0.467385	-0.382855	-0.014534	0.923694	-0.013410	-0.999683	-0.021288	0.923711	-0.020537	0.382539
57889	10.190312	-1.146698	3.070771	-1.423401	0.405234	-0.390669	-0.386472	-0.010563	0.922241	-0.027993	-0.999339	-0.023177	0.921876	-0.034774	0.385921
57890	10.238375	-1.599547	3.142740	-1.317345	0.439713	-0.270598	-0.390389	-0.007730	0.920618	-0.041034	-0.998825	-0.025787	0.919735	-0.047843	0.389613
57891	10.097896	-2.021055	3.229601	-1.121573	0.499310	-0.174092	-0.394854	-0.005771	0.918726	-0.051965	-0.998239	-0.028604	0.917273	-0.059035	0.393859
57892	9.762469	-1.878064	3.123872	-0.829076	0.570726	-0.095978	-0.399999	-0.004497	0.916505	-0.059844	-0.997726	-0.031014	0.914560	-0.067253	0.398820
57893	9.393265	-1.295397	3.100777	-0.540944	0.618251	-0.057444	-0.405569	-0.003539	0.914057	-0.064960	-0.997352	-0.032684	0.911753	-0.072633	0.404266
57894	8.965051	-0.690465	2.898760	-0.297508	0.635635	-0.037670	-0.411303	-0.002738	0.911495	-0.067737	-0.997139	-0.033561	0.908979	-0.075545	0.409940
57895	8.646187	0.122573	2.658284	-0.102382	0.633782	-0.039774	-0.416989	-0.001907	0.908910	-0.068776	-0.997065	-0.033645	0.906306	-0.076540	0.415634
57896	8.545268	0.947789	2.466229	0.001977	0.602350	-0.037670	-0.422386	-0.001117	0.906415	-0.068830	-0.997072	-0.033304	0.903799	-0.076456	0.421072
57897	8.485802	1.546679	2.159104	0.023036	0.565297	-0.033647	-0.427427	-0.000398	0.904050	-0.068710	-0.997093	-0.032924	0.901435	-0.076190	0.426157
57898	8.331502	1.990093	1.921041	-0.032804	0.499209	-0.038608	-0.431865	0.000322	0.901938	-0.069074	-0.997075	-0.032718	0.899289	-0.076431	0.430624
57899	8.122198	2.078503	1.620494	-0.145099	0.424651	-0.056347	-0.435602	0.001164	0.900139	-0.070566	-0.996966	-0.032860	0.897369	-0.077833	0.434362
57900	7.963398	1.942903	1.539263	-0.257833	0.345779	-0.079435	-0.438614	0.002182	0.898673	-0.073111	-0.996769	-0.033263	0.895697	-0.080293	0.437356
57901	7.976895	1.526084	1.543104	-0.377308	0.266922	-0.109935	-0.440882	0.003449	0.897558	-0.076915	-0.996459	-0.033951	0.894263	-0.084005	0.439586
57902	8.057601	0.913410	1.593724	-0.442910	0.196570	-0.131213	-0.442503	0.004879	0.896754	-0.081325	-0.996083	-0.034711	0.893072	-0.088288	0.441166
57903	8.241529	0.386585	1.859119	-0.441169	0.137825	-0.130108	-0.443587	0.006251	0.896210	-0.085783	-0.995681	-0.035514	0.892117	-0.092633	0.442207
57904	8.410329	-0.115145	2.246017	-0.380986	0.088977	-0.131064	-0.444232	0.007592	0.895880	-0.089628	-0.995324	-0.036008	0.891417	-0.096292	0.442835
57905	8.541337	-0.469982	2.595502	-0.280015	0.038613	-0.111051	-0.444438	0.008687	0.895768	-0.092561	-0.995046	-0.036275	0.891015	-0.099035	0.443040
57906	8.446493	-0.751061	2.973359	-0.159135	-0.003058	-0.082821	-0.444300	0.009460	0.895828	-0.094214	-0.994893	-0.036221	0.890911	-0.100493	0.442922
57907	8.469303	-0.864357	3.389786	-0.027033	-0.042965	-0.046672	-0.443836	0.009833	0.896054	-0.094606	-0.994866	-0.035943	0.891100	-0.100725	0.442487
57908	8.508226	-0.873291	3.960529	0.098415	-0.061807	-0.009453	-0.443242	0.009817	0.896348	-0.093643	-0.994976	-0.035409	0.891497	-0.099632	0.441934
57909	8.616260	-0.758071	4.498746	0.231643	-0.055021	0.011041	-0.442724	0.009605	0.896606	-0.091473	-0.995210	-0.034506	0.891980	-0.097291	0.441482
57910	8.690895	-0.605681	4.959689	0.335605	-0.023238	0.036009	-0.442515	0.009177	0.896714	-0.088195	-0.995545	-0.033335	0.892414	-0.093837	0.441353
57911	8.554835	-0.483926	5.540688	0.391368	0.006811	0.051013	-0.442582	0.008628	0.896686	-0.084420	-0.995914	-0.032085	0.892745	-0.089899	0.441502
57912	8.430375	-0.318873	6.057922	0.394981	0.042330	0.057756	-0.442974	0.008042	0.896498	-0.080516	-0.996276	-0.030847	0.892912	-0.085847	0.441972
57913	8.240781	-0.007705	6.538189	0.339386	0.078686	0.065728	-0.443690	0.007406	0.896150	-0.077138	-0.996570	-0.029956	0.892854	-0.082418	0.442740
57914	7.903084	0.235190	6.761896	0.265815	0.119292	0.077749	-0.444781	0.006681	0.895615	-0.074297	-0.996801	-0.029462	0.892553	-0.079645	0.443854
57915	7.866926	0.333589	6.989018	0.213258	0.170238	0.099657	-0.446335	0.005774	0.894848	-0.071893	-0.996978	-0.029427	0.891974	-0.077468	0.445401
57916	7.556273	0.502746	7.394509	0.205708	0.253321	0.100898	-0.448632	0.004914	0.893703	-0.069480	-0.997150	-0.029396	0.891012	-0.075283	0.447695
57917	6.661739	0.496494	7.586193	0.326381	0.331914	0.031062	-0.451570	0.004801	0.892223	-0.066378	-0.997395	-0.028228	0.889763	-0.071971	0.450713
57918	5.489986	1.033762	6.792282	0.409057	0.234845	-0.076977	-0.453579	0.005686	0.891198	-0.062954	-0.997686	-0.025676	0.888990	-0.067751	0.452887
57919	5.260319	2.253969	5.618073	0.215058	-0.017692	-0.279715	-0.453208	0.008418	0.891365	-0.062254	-0.997813	-0.022229	0.889228	-0.065565	0.452741
57920	5.107712	3.437628	4.193989	-0.185241	-0.202642	-0.579107	-0.451004	0.014014	0.892412	-0.066372	-0.997635	-0.017876	0.890050	-0.067294	0.450868
57921	5.241708	4.746588	2.890027	-0.773386	-0.407833	-0.866339	-0.446712	0.022317	0.894399	-0.077093	-0.996931	-0.013629	0.891350	-0.075040	0.447062
57922	6.524500	5.278472	2.622144	-1.462769	-0.557018	-1.084378	-0.440786	0.032614	0.897020	-0.094774	-0.995445	-0.010378	0.892595	-0.089589	0.441869
57923	8.847443	3.505151	6.096779	-1.900126	-0.447487	-1.118874	-0.435573	0.043248	0.899114	-0.116582	-0.993143	-0.008706	0.892572	-0.108613	0.437628
57924	9.620344	-1.449295	11.375283	-1.752954	-0.041936	-0.858818	-0.434094	0.051672	0.899384	-0.135735	-0.990708	-0.008595	0.890583	-0.125809	0.437074
57925	8.899251	-5.158680	13.130514	-0.939969	0.175434	-0.440796	-0.434999	0.056215	0.898674	-0.145956	-0.989252	-0.008768	0.888523	-0.134981	0.438529
57926	7.477026	-5.088742	9.786458	-0.255351	-0.017205	-0.172510	-0.434577	0.057850	0.898775	-0.148785	-0.988835	-0.008294	0.888260	-0.137328	0.438333
57927	8.703045	-3.266570	3.236021	-0.414656	-0.543993	-0.074646	-0.429594	0.057780	0.901172	-0.152738	-0.988221	-0.009450	0.890011	-0.141703	0.433359
57928	12.415173	-1.210551	-1.127883	-1.226488	-0.836061	0.003655	-0.422138	0.056459	0.904772	-0.163490	-0.986435	-0.014724	0.891667	-0.154137	0.425642
57929	12.297759	-2.149032	-0.526736	-1.483533	-0.656760	0.113553	-0.416440	0.054229	0.907545	-0.176188	-0.984110	-0.022043	0.891928	-0.169078	0.419377
57930	10.435812	-4.116427	3.224383	-0.617484	-0.357348	0.257860	-0.413695	0.051029	0.908985	-0.180486	-0.983208	-0.026946	0.892346	-0.175207	0.415958
57931	9.655718	-5.174001	4.285919	0.186084	-0.258667	0.385549	-0.412040	0.046736	0.909966	-0.177177	-0.983731	-0.029703	0.893773	-0.173464	0.413617
57932	9.987601	-3.640440	2.918000	0.355145	-0.372550	0.423610	-0.409428	0.041878	0.911381	-0.172152	-0.984547	-0.032097	0.895953	-0.170038	0.410310
57933	10.596533	-0.288868	2.037649	0.361249	-0.454855	0.313156	-0.405845	0.037977	0.913153	-0.167579	-0.985289	-0.033502	0.898447	-0.166622	0.406239
57934	10.678502	2.295770	2.285379	0.482054	-0.420218	0.146818	-0.402285	0.035791	0.914814	-0.162556	-0.986151	-0.032902	0.900967	-0.161945	0.402532
57935	10.498716	2.988893	2.806872	0.481995	-0.387066	0.038871	-0.398821	0.034739	0.916371	-0.157997	-0.986942	-0.031349	0.903315	-0.157286	0.399102
57936	10.306568	2.437156	2.524064	0.227111	-0.438155	0.024151	-0.394873	0.033769	0.918115	-0.155735	-0.987323	-0.030665	0.905440	-0.155091	0.395127
57937	9.601881	1.241798	2.269690	-0.078665	-0.513417	0.013615	-0.390206	0.032786	0.920144	-0.156339	-0.987213	-0.031123	0.907357	-0.155999	0.390342
57938	9.138519	-0.276782	2.180267	-0.269878	-0.602436	0.005455	-0.384718	0.031739	0.922488	-0.158643	-0.986810	-0.032209	0.909299	-0.158738	0.384679
57939	9.185737	-1.472476	2.274788	-0.308982	-0.663377	0.016316	-0.378670	0.030464	0.925030	-0.161339	-0.986328	-0.033563	0.911361	-0.161952	0.378408
57940	9.218996	-1.952441	2.462046	-0.259553	-0.678804	0.030121	-0.372500	0.029014	0.927579	-0.163475	-0.985933	-0.034809	0.913521	-0.164602	0.372003
57941	9.395960	-1.761124	2.769137	-0.181344	-0.627716	0.019889	-0.366756	0.027728	0.929904	-0.165005	-0.985647	-0.035688	0.915567	-0.166527	0.366068
57942	9.009075	-0.862443	3.062565	-0.132844	-0.561852	-0.017842	-0.361551	0.026919	0.931964	-0.166181	-0.985438	-0.036006	0.917423	-0.167893	0.360760
57943	8.400773	-0.216349	3.074519	-0.137763	-0.506685	-0.071543	-0.356744	0.026719	0.933820	-0.167649	-0.985195	-0.035857	0.919036	-0.169345	0.355942
57944	8.439773	0.274487	3.259359	-0.198125	-0.485558	-0.130389	-0.352032	0.027131	0.935595	-0.169829	-0.984840	-0.035342	0.920452	-0.171333	0.351302
57945	8.583830	0.408921	3.226226	-0.346613	-0.500193	-0.192798	-0.347058	0.028113	0.937422	-0.173641	-0.984195	-0.034771	0.921628	-0.174843	0.346455
57946	8.835370	0.194596	2.946074	-0.512812	-0.524635	-0.240819	-0.341770	0.029507	0.939320	-0.179092	-0.983235	-0.034276	0.922561	-0.179939	0.341324
57947	9.385262	-0.127402	2.641711	-0.665486	-0.566171	-0.268126	-0.336020	0.031052	0.941343	-0.186089	-0.981943	-0.034034	0.923288	-0.186609	0.335731
57948	9.379952	-0.595990	2.326626	-0.744075	-0.606603	-0.274908	-0.329869	0.032551	0.943465	-0.193768	-0.980461	-0.033920	0.923927	-0.194002	0.329732
57949	9.786781	-1.095615	2.250723	-0.770189	-0.654686	-0.269267	-0.323252	0.033842	0.945708	-0.201712	-0.978857	-0.033919	0.924565	-0.201725	0.323244
57950	9.870749	-1.546268	2.107451	-0.741781	-0.682426	-0.270351	-0.316359	0.035040	0.947992	-0.209335	-0.977262	-0.033736	0.925255	-0.209121	0.316500
57951	9.933682	-1.660035	2.040940	-0.680246	-0.720712	-0.263059	-0.309094	0.036025	0.950349	-0.216402	-0.975733	-0.033396	0.926084	-0.215979	0.309389
57952	9.976854	-1.391190	1.998307	-0.608358	-0.741477	-0.271182	-0.301602	0.036999	0.952716	-0.222776	-0.974322	-0.032686	0.927042	-0.222100	0.302100
57953	9.690090	-1.121862	1.976777	-0.503827	-0.738649	-0.289018	-0.294066	0.038101	0.955026	-0.228257	-0.973092	-0.031462	0.928129	-0.227244	0.294850
57954	9.522686	-1.043879	2.373486	-0.406789	-0.748530	-0.291138	-0.286416	0.039168	0.957304	-0.232799	-0.972066	-0.029879	0.929392	-0.231417	0.287534
57955	9.373578	-1.342010	2.637627	-0.343712	-0.737414	-0.281121	-0.278865	0.040127	0.959492	-0.236738	-0.971164	-0.028190	0.930693	-0.235010	0.280324
57956	9.283429	-1.685992	2.761198	-0.302984	-0.723279	-0.265784	-0.271469	0.040947	0.961576	-0.240218	-0.970357	-0.026496	0.931987	-0.238180	0.273259
57957	9.056774	-1.705306	2.921178	-0.262642	-0.706972	-0.245497	-0.264250	0.041582	0.963557	-0.243273	-0.969639	-0.024872	0.933269	-0.240980	0.266343
57958	9.091168	-1.638474	3.084789	-0.179921	-0.661290	-0.225730	-0.257497	0.042119	0.965361	-0.245479	-0.969124	-0.023195	0.934578	-0.242949	0.259886
57959	8.875825	-1.522170	3.181321	-0.089820	-0.602302	-0.223674	-0.251281	0.042767	0.966969	-0.246837	-0.968823	-0.021296	0.935911	-0.244035	0.254003
57960	8.786762	-1.242045	3.433290	0.003791	-0.545674	-0.223649	-0.245592	0.043548	0.968395	-0.247303	-0.968749	-0.019154	0.937297	-0.244191	0.248687
57961	8.502721	-1.033215	3.551415	0.039862	-0.500302	-0.237550	-0.240279	0.044575	0.969680	-0.247456	-0.968754	-0.016785	0.938633	-0.243986	0.243802
57962	8.472025	-0.829758	3.420011	0.018860	-0.489871	-0.255318	-0.235022	0.045799	0.970910	-0.247837	-0.968696	-0.014298	0.939862	-0.243988	0.239016
57963	8.486079	-0.743982	3.062001	-0.017922	-0.507490	-0.274000	-0.229537	0.047161	0.972157	-0.248592	-0.968538	-0.011710	0.941018	-0.244358	0.234038
57964	8.687104	-0.678730	2.593065	-0.045265	-0.541658	-0.290647	-0.223689	0.048595	0.973448	-0.249632	-0.968299	-0.009025	0.942150	-0.245022	0.228729
57965	8.935355	-0.667538	2.228464	-0.071558	-0.587696	-0.301604	-0.217361	0.050019	0.974809	-0.250922	-0.967987	-0.006281	0.943288	-0.245966	0.222953
57966	9.103557	-0.663781	1.904707	-0.075982	-0.634845	-0.310633	-0.210564	0.051404	0.976228	-0.252262	-0.967653	-0.003458	0.944472	-0.246994	0.216720
57967	9.258399	-0.717795	1.865469	-0.054229	-0.679027	-0.320157	-0.203304	0.052768	0.977693	-0.253388	-0.967365	-0.000480	0.945760	-0.247833	0.210040
57968	8.639145	-0.981198	1.745229	-0.018299	-0.739970	-0.323310	-0.195457	0.054002	0.979224	-0.254170	-0.967156	0.002603	0.947203	-0.248381	0.202763
57969	10.118509	-0.921284	2.163620	0.052528	-0.763786	-0.328648	-0.187348	0.055230	0.980740	-0.254252	-0.967120	0.005894	0.948818	-0.248251	0.195230
57970	10.064217	-0.875875	2.015755	0.119405	-0.739617	-0.325413	-0.179474	0.056484	0.982140	-0.253687	-0.967242	0.009269	0.950490	-0.247493	0.187924
57971	10.007865	-0.787962	2.175466	0.178676	-0.718038	-0.304230	-0.171840	0.057601	0.983439	-0.252473	-0.967522	0.012553	0.952223	-0.246135	0.180802
57972	9.801217	-0.816886	2.406097	0.214531	-0.681904	-0.291562	-0.164584	0.058688	0.984616	-0.250897	-0.967886	0.015752	0.953920	-0.244445	0.174023
57973	9.429043	-0.999606	2.725461	0.246979	-0.642686	-0.272212	-0.157734	0.059705	0.985675	-0.248931	-0.968338	0.018820	0.955591	-0.242396	0.167603
57974	9.824919	-1.024953	3.121312	0.260784	-0.616940	-0.250684	-0.151189	0.060580	0.986647	-0.246808	-0.968822	0.021666	0.957198	-0.240237	0.161427
57975	9.881231	-0.725927	3.162809	0.246005	-0.547445	-0.247499	-0.145303	0.061616	0.987467	-0.244772	-0.969272	0.024463	0.958631	-0.238149	0.155920
57976	9.721726	-0.057179	3.228593	0.204762	-0.493406	-0.262401	-0.139907	0.062921	0.988163	-0.243172	-0.969599	0.027310	0.959840	-0.236473	0.150955
57977	9.573981	0.646387	3.362378	0.120708	-0.427319	-0.329037	-0.134971	0.065050	0.988712	-0.242419	-0.969686	0.030706	0.960737	-0.235538	0.146649
57978	9.484364	1.086710	3.609464	-0.005211	-0.355951	-0.418799	-0.130512	0.068206	0.989098	-0.243013	-0.969399	0.034782	0.961203	-0.235824	0.143093
57979	9.536097	1.141827	3.920169	-0.139201	-0.283439	-0.495457	-0.126545	0.072283	0.989324	-0.244941	-0.968735	0.039449	0.961244	-0.237334	0.140294
57980	9.780787	0.923261	4.382510	-0.216509	-0.186697	-0.538970	-0.123403	0.076994	0.989365	-0.247675	-0.967824	0.044425	0.960952	-0.239559	0.138502
57981	10.033996	0.086470	4.990923	-0.248494	-0.071478	-0.533023	-0.121355	0.081925	0.989223	-0.250668	-0.966816	0.049318	0.960437	-0.241982	0.137864
57982	10.810352	-1.286774	5.935002	-0.245776	0.059070	-0.484185	-0.120684	0.086686	0.988899	-0.253588	-0.965820	0.053715	0.959754	-0.244291	0.138541
57983	11.610424	-2.353627	6.269629	-0.167773	0.213351	-0.416816	-0.121636	0.091179	0.988378	-0.255657	-0.965052	0.057564	0.959085	-0.245684	0.140696
57984	11.647569	-2.203154	6.338101	0.043583	0.378674	-0.395584	-0.124241	0.095860	0.987611	-0.255711	-0.964797	0.061477	0.958737	-0.244904	0.144380
57985	11.607869	-1.094684	6.812543	0.217709	0.549623	-0.446021	-0.128340	0.101449	0.986528	-0.254141	-0.964902	0.066163	0.958614	-0.242225	0.149618
57986	12.242993	0.248846	7.193509	0.201480	0.728257	-0.535443	-0.133950	0.108301	0.985053	-0.252906	-0.964831	0.071687	0.958173	-0.239523	0.156629
57987	11.858833	1.043635	6.749807	0.071126	0.968466	-0.606187	-0.141657	0.116406	0.983048	-0.253014	-0.964335	0.077731	0.957036	-0.237714	0.166057
57988	11.848958	1.975942	6.326379	-0.133713	1.168432	-0.621917	-0.151238	0.125111	0.980548	-0.255191	-0.963274	0.083547	0.954989	-0.237592	0.177611
57989	11.330546	2.836563	5.522474	-0.376563	1.291870	-0.588548	-0.162008	0.133805	0.977676	-0.259657	-0.961630	0.088582	0.952015	-0.239509	0.190535
57990	10.633385	3.497600	4.542122	-0.651500	1.350980	-0.535703	-0.173428	0.142156	0.974533	-0.266717	-0.959328	0.092473	0.948043	-0.243888	0.204290
57991	9.886703	3.464244	3.622596	-0.917968	1.357587	-0.452122	-0.185006	0.149791	0.971255	-0.276160	-0.956415	0.094899	0.943137	-0.250665	0.218309
57992	10.133224	3.053088	3.017037	-1.155860	1.310696	-0.307952	-0.196461	0.156022	0.968019	-0.287568	-0.953013	0.095241	0.937394	-0.259660	0.232097
57993	9.415887	1.755510	2.042719	-1.336010	1.281849	-0.132693	-0.208015	0.160627	0.964846	-0.300269	-0.949281	0.093299	0.930896	-0.270306	0.245696
57994	9.218249	0.542704	1.654337	-1.413901	1.175497	0.060232	-0.219104	0.163250	0.961948	-0.313196	-0.945498	0.089121	0.924068	-0.281751	0.258291
57995	9.584495	-0.468757	1.419829	-1.424009	1.052788	0.251419	-0.229571	0.163851	0.959401	-0.325693	-0.941833	0.082917	0.917181	-0.293435	0.269582
57996	9.847658	-1.214315	0.956208	-1.303184	0.943598	0.409667	-0.239552	0.162764	0.957143	-0.336591	-0.938629	0.075374	0.910671	-0.304110	0.279635
57997	10.157160	-1.383498	0.557267	-1.048488	0.894620	0.498139	-0.249344	0.160797	0.954972	-0.344843	-0.936223	0.067601	0.904937	-0.312459	0.288891
57998	11.059347	-1.099214	0.595467	-0.679822	0.893605	0.537289	-0.259274	0.158525	0.952705	-0.349578	-0.934956	0.060436	0.900318	-0.317375	0.297827
57999	10.707111	-0.573733	0.499159	-0.232659	0.984250	0.532954	-0.269958	0.156613	0.950050	-0.350209	-0.935077	0.054633	0.896926	-0.317967	0.307278
58000	10.258634	0.302735	0.816560	0.194003	1.095415	0.504347	-0.281524	0.155295	0.946904	-0.347059	-0.936488	0.050403	0.894592	-0.314442	0.317540
58001	9.717759	1.130460	0.929158	0.472898	1.146274	0.480639	-0.293398	0.154302	0.943456	-0.341401	-0.938724	0.047359	0.892952	-0.308201	0.328098
58002	9.512662	1.610513	1.154890	0.584163	1.139531	0.465779	-0.305133	0.153333	0.939884	-0.334776	-0.941229	0.044868	0.891526	-0.300960	0.338533
58003	9.418004	1.824262	1.441706	0.537724	1.095107	0.457203	-0.316377	0.152229	0.936340	-0.328514	-0.943547	0.042400	0.889935	-0.294187	0.348526
58004	9.497886	1.774671	1.510411	0.443298	1.036729	0.463625	-0.327096	0.150810	0.932880	-0.323057	-0.945551	0.039585	0.888055	-0.288426	0.358007
58005	9.588707	1.461285	1.404290	0.394515	0.971006	0.486921	-0.337244	0.148923	0.929564	-0.317888	-0.947427	0.036455	0.886123	-0.283203	0.366855
