// General information: 
//  MT Manager version: 2022.2.0 
//  XDA version: 2022.2.0 build 7381 rev 124627 built on 2023-07-19
// Device information: 
//  DeviceId: 00B4CAF0
//  ProductCode: MTW2-3A7G6
//  Firmware Version: 4.6.0
//  Hardware Version: 2.0.0
// Device settings: 
//  Filter Profile: human(46.1)
//  Option Flags: Orientation Smoother Disabled, Position/Velocity Smoother Disabled, Continuous Zero Rotation Update Disabled, AHS Disabled, ICC Disabled
// Coordinate system: ENU
PacketCounter	Acc_X	Acc_Y	Acc_Z	Gyr_X	Gyr_Y	Gyr_Z	Mat[1][1]	Mat[2][1]	Mat[3][1]	Mat[1][2]	Mat[2][2]	Mat[3][2]	Mat[1][3]	Mat[2][3]	Mat[3][3]
25153	4.803027	-1.030277	9.090525	-0.071318	0.060496	0.042999	0.639267	0.618766	0.456581	-0.649214	0.752490	-0.110812	-0.412140	-0.225580	0.882754
25154	4.878311	-1.109810	9.078811	-0.098245	0.082236	0.048162	0.639460	0.619965	0.454682	-0.648814	0.752439	-0.113475	-0.412471	-0.222441	0.883396
25155	4.710278	-1.015374	9.132752	-0.110994	0.111097	0.070940	0.639700	0.621613	0.452086	-0.648477	0.752233	-0.116720	-0.412629	-0.218501	0.884305
25156	4.547240	-1.337457	8.991316	-0.094800	0.102100	0.062799	0.639871	0.623139	0.449737	-0.648281	0.751959	-0.119533	-0.412670	-0.215070	0.885126
25157	4.627088	-1.208308	9.080673	-0.083260	0.096366	0.053087	0.640191	0.624394	0.447535	-0.647987	0.751819	-0.121991	-0.412635	-0.211899	0.885907
25158	4.534892	-1.336872	9.041271	-0.065480	0.084286	0.046435	0.640596	0.625377	0.445578	-0.647688	0.751757	-0.123942	-0.412477	-0.209199	0.886622
25159	4.530323	-1.329901	9.025747	-0.050602	0.073405	0.036555	0.640837	0.626271	0.443973	-0.647552	0.751610	-0.125538	-0.412316	-0.207046	0.887202
25160	4.556284	-1.304500	9.068186	-0.033385	0.061185	0.027448	0.641099	0.626925	0.442671	-0.647442	0.751515	-0.126661	-0.412081	-0.205402	0.887693
25161	4.585540	-1.267153	9.108908	-0.032493	0.056934	0.028989	0.641180	0.627699	0.441456	-0.647518	0.751267	-0.127744	-0.411836	-0.203944	0.888143
25162	4.560606	-1.274767	9.133120	-0.038492	0.059985	0.031679	0.641436	0.628391	0.440096	-0.647413	0.751154	-0.128935	-0.411601	-0.202221	0.888646
25163	4.473721	-1.354460	9.064760	-0.031594	0.051219	0.026950	0.641698	0.628914	0.438965	-0.647254	0.751115	-0.129954	-0.411443	-0.200731	0.889057
25164	4.502735	-1.334850	9.106981	-0.024507	0.044842	0.021458	0.641850	0.629460	0.437959	-0.647298	0.750954	-0.130668	-0.411137	-0.199621	0.889448
25165	4.472086	-1.360224	9.092472	-0.013333	0.034320	0.013297	0.641900	0.629861	0.437309	-0.647366	0.750808	-0.131166	-0.410951	-0.198903	0.889695
25166	4.468147	-1.344325	9.092892	-0.004283	0.021777	0.009494	0.642350	0.629773	0.436775	-0.647076	0.751040	-0.131271	-0.410706	-0.198305	0.889941
25167	4.491881	-1.358334	9.098056	0.005600	0.010080	0.000757	0.642425	0.629779	0.436657	-0.647106	0.751035	-0.131153	-0.410541	-0.198308	0.890017
25168	4.482778	-1.334870	9.105691	0.008423	0.005412	-0.001916	0.642629	0.629592	0.436627	-0.646976	0.751183	-0.130943	-0.410427	-0.198339	0.890062
25169	4.480323	-1.338689	9.126670	0.015227	-0.004575	-0.006566	0.642823	0.629242	0.436844	-0.646801	0.751400	-0.130560	-0.410399	-0.198625	0.890012
25170	4.565914	-1.272026	9.172188	0.012049	-0.004769	-0.003590	0.642952	0.628980	0.437031	-0.646697	0.751547	-0.130227	-0.410360	-0.198897	0.889969
25171	4.432628	-1.359307	9.087769	0.010182	-0.005983	-0.005412	0.642959	0.628783	0.437306	-0.646657	0.751627	-0.129969	-0.410413	-0.199222	0.889872
25172	4.467135	-1.336591	9.105670	0.024957	-0.025188	-0.011037	0.643005	0.628255	0.437996	-0.646523	0.751855	-0.129314	-0.410552	-0.200025	0.889628
25173	4.431882	-1.377086	9.058161	0.035476	-0.037702	-0.022144	0.643233	0.627331	0.438984	-0.646165	0.752334	-0.128313	-0.410757	-0.201121	0.889286
25174	4.373533	-1.396710	9.015611	0.065949	-0.065455	-0.038350	0.643651	0.625804	0.440548	-0.645692	0.753068	-0.126373	-0.410848	-0.203118	0.888790
25175	4.473392	-1.351950	9.030767	0.096664	-0.092363	-0.060116	0.643886	0.623951	0.442826	-0.645453	0.753745	-0.123529	-0.410854	-0.206285	0.888057
25176	4.568593	-1.259022	9.116717	0.110943	-0.103170	-0.069356	0.644153	0.621845	0.445394	-0.645189	0.754494	-0.120294	-0.410851	-0.209876	0.887217
25177	4.648170	-1.193080	9.106229	0.115838	-0.104913	-0.072136	0.644510	0.619624	0.447966	-0.644884	0.755289	-0.116887	-0.410770	-0.213551	0.886377
25178	4.652117	-1.176602	9.089465	0.114312	-0.100487	-0.071856	0.644947	0.617363	0.450452	-0.644492	0.756134	-0.113544	-0.410700	-0.217083	0.885551
25179	4.625810	-1.165125	9.072411	0.123288	-0.105583	-0.074901	0.645257	0.615126	0.453060	-0.644285	0.756839	-0.109967	-0.410536	-0.220943	0.884672
25180	4.796974	-1.039932	9.125214	0.119116	-0.102553	-0.070914	0.645666	0.612850	0.455554	-0.643966	0.757607	-0.106490	-0.410393	-0.224605	0.883816
25181	4.773507	-1.006753	9.084514	0.093611	-0.092266	-0.053893	0.645845	0.611004	0.457775	-0.643738	0.758180	-0.103755	-0.410471	-0.227678	0.882993
25182	4.721816	-1.013043	9.078139	0.065703	-0.082773	-0.041155	0.645976	0.609388	0.459740	-0.643359	0.758769	-0.101778	-0.410859	-0.230032	0.882202
25183	4.734714	-0.999919	9.020695	0.064504	-0.092548	-0.041637	0.646106	0.607622	0.461890	-0.642875	0.759444	-0.099784	-0.411411	-0.232467	0.881306
25184	4.703578	-1.011171	9.024206	0.066063	-0.097611	-0.042420	0.645864	0.606087	0.464240	-0.642719	0.759830	-0.097826	-0.412034	-0.235194	0.880291
25185	4.753132	-0.860337	9.051126	0.053351	-0.123388	-0.036929	0.645566	0.604245	0.467047	-0.642216	0.760467	-0.096170	-0.413284	-0.237860	0.878987
25186	5.128055	-0.592286	9.183244	0.009538	-0.106095	0.000132	0.644761	0.603292	0.469385	-0.641978	0.760705	-0.095880	-0.414907	-0.239515	0.877772
25187	4.986031	-1.015768	9.038675	-0.024915	-0.068404	0.030851	0.643827	0.603135	0.470865	-0.641875	0.760686	-0.096715	-0.416513	-0.239969	0.876888
25188	4.834535	-1.105494	8.951486	-0.013129	-0.047397	0.026294	0.643452	0.602765	0.471851	-0.641526	0.760918	-0.097199	-0.417628	-0.240162	0.876304
25189	4.846918	-0.993272	9.004834	-0.017198	-0.053055	0.029140	0.643000	0.602384	0.472953	-0.641143	0.761163	-0.097805	-0.418911	-0.240342	0.875643
25190	4.927771	-1.007092	8.951138	-0.014648	-0.050377	0.033876	0.642352	0.602227	0.474032	-0.640992	0.761205	-0.098465	-0.420134	-0.240602	0.874985
25191	4.889486	-1.089178	8.936363	-0.012456	-0.045119	0.032263	0.642371	0.601508	0.474919	-0.640180	0.761821	-0.098981	-0.421341	-0.240451	0.874445
25192	4.953697	-1.040426	8.942765	-0.008987	-0.040426	0.024577	0.642369	0.600852	0.475751	-0.639496	0.762348	-0.099348	-0.422381	-0.240422	0.873951
25193	4.932581	-1.039320	8.955756	-0.012628	-0.039449	0.026292	0.642247	0.600339	0.476562	-0.638932	0.762762	-0.099805	-0.423420	-0.240391	0.873457
25194	4.930802	-1.048594	8.921705	-0.013947	-0.032537	0.019591	0.642751	0.599270	0.477228	-0.637709	0.763738	-0.100156	-0.424498	-0.239957	0.873053
25195	4.967136	-1.041763	8.955467	-0.012039	-0.031386	0.020138	0.643034	0.598408	0.477928	-0.636717	0.764512	-0.100558	-0.425557	-0.239643	0.872624
25196	4.940338	-1.133696	8.946675	-0.012734	-0.003907	0.017949	0.643177	0.598167	0.478037	-0.636249	0.764844	-0.101005	-0.426042	-0.239186	0.872513
25197	4.974413	-1.066137	8.873469	-0.027019	-0.025437	0.021324	0.642776	0.598126	0.478628	-0.635986	0.764952	-0.101833	-0.427036	-0.238945	0.872093
25198	4.915321	-0.994481	8.995549	-0.008030	-0.017247	0.015992	0.642450	0.598126	0.479065	-0.635948	0.764935	-0.102204	-0.427584	-0.238999	0.871809
25199	4.969822	-1.080801	8.898506	-0.017291	-0.008790	0.014607	0.642169	0.598226	0.479317	-0.635872	0.764922	-0.102768	-0.428119	-0.238790	0.871604
25200	4.959035	-1.097045	8.947574	-0.021784	-0.012407	0.011773	0.641871	0.598273	0.479658	-0.635730	0.764955	-0.103397	-0.428776	-0.238565	0.871342
25201	4.945283	-1.073623	8.921691	-0.009559	-0.004362	0.006984	0.641763	0.598247	0.479834	-0.635607	0.765016	-0.103700	-0.429119	-0.238435	0.871209
25202	4.947407	-1.070085	8.890794	0.002911	-0.001678	0.004458	0.641710	0.598204	0.479958	-0.635595	0.765026	-0.103704	-0.429216	-0.238512	0.871140
25203	4.932904	-1.102745	8.934480	-0.010910	-0.005963	0.008936	0.641537	0.598224	0.480165	-0.635510	0.765048	-0.104062	-0.429601	-0.238390	0.870984
25204	4.938889	-1.067109	8.927642	-0.005229	-0.004215	0.004567	0.641450	0.598174	0.480344	-0.635418	0.765099	-0.104245	-0.429867	-0.238352	0.870863
25205	4.969353	-1.074255	8.917962	-0.005559	-0.008882	0.007382	0.641267	0.598150	0.480618	-0.635369	0.765110	-0.104469	-0.430213	-0.238377	0.870685
25206	4.952106	-1.075420	8.906336	-0.005671	-0.010799	0.006304	0.641081	0.598094	0.480935	-0.635300	0.765138	-0.104682	-0.430592	-0.238429	0.870484
25207	4.934986	-1.071446	8.923475	0.001478	-0.013358	0.010873	0.640794	0.598110	0.481297	-0.635382	0.765054	-0.104795	-0.430897	-0.238655	0.870271
25208	4.929600	-1.072284	8.929961	-0.020410	-0.028950	0.013090	0.640304	0.598077	0.481991	-0.635264	0.765068	-0.105411	-0.431800	-0.238696	0.869812
25209	4.973949	-1.095081	8.918380	-0.022743	-0.035739	0.018504	0.639653	0.598106	0.482818	-0.635206	0.765014	-0.106144	-0.432848	-0.238794	0.869264
25210	4.960536	-1.120356	8.914990	-0.032589	-0.045336	0.020997	0.638857	0.598126	0.483845	-0.635081	0.764982	-0.107120	-0.434204	-0.238847	0.868573
25211	4.965103	-1.102397	8.893550	-0.036210	-0.053406	0.024658	0.637914	0.598168	0.485037	-0.634974	0.764916	-0.108219	-0.435746	-0.238951	0.867772
25212	4.986457	-1.113367	8.904930	-0.048870	-0.059111	0.027450	0.636861	0.598230	0.486342	-0.634771	0.764884	-0.109627	-0.437577	-0.238899	0.866864
25213	4.996110	-1.165686	8.842081	-0.051873	-0.067362	0.029290	0.635686	0.598278	0.487818	-0.634561	0.764843	-0.111122	-0.439586	-0.238912	0.865844
25214	4.994128	-1.221888	8.868185	-0.042742	-0.068703	0.027616	0.634519	0.598287	0.489325	-0.634423	0.764771	-0.112398	-0.441468	-0.239120	0.864828
25215	5.073342	-1.190599	8.871530	-0.033694	-0.071262	0.026025	0.633344	0.598250	0.490889	-0.634357	0.764669	-0.113460	-0.443245	-0.239539	0.863802
25216	4.895551	-1.237923	8.897327	-0.023799	-0.070858	0.015618	0.632336	0.598016	0.492471	-0.634234	0.764663	-0.114181	-0.444857	-0.240141	0.862806
25217	5.031891	-1.271126	8.878112	-0.026163	-0.125518	0.004356	0.630892	0.597237	0.495260	-0.633907	0.764839	-0.114814	-0.447366	-0.241513	0.861124
25218	4.969184	-0.945386	9.075564	-0.051566	-0.176031	-0.004804	0.629015	0.595974	0.499154	-0.633150	0.765306	-0.115879	-0.451067	-0.243149	0.858730
25219	5.136915	-1.155943	8.927833	-0.102808	-0.218668	-0.005293	0.626643	0.594435	0.503950	-0.631798	0.766094	-0.118031	-0.456235	-0.244431	0.855630
25220	5.104556	-1.212243	8.862290	-0.120966	-0.233363	-0.029877	0.624458	0.592328	0.509116	-0.629839	0.767361	-0.120250	-0.461903	-0.245570	0.852256
25221	5.216982	-1.194157	8.827956	-0.142236	-0.277814	-0.036322	0.621819	0.589816	0.515226	-0.627516	0.768855	-0.122823	-0.468577	-0.246939	0.848208
25222	5.183761	-1.259051	8.860108	-0.173582	-0.335550	-0.049064	0.618643	0.586690	0.522566	-0.624602	0.770733	-0.125870	-0.476606	-0.248527	0.843256
25223	5.200062	-1.237022	8.858701	-0.197528	-0.432745	-0.057925	0.614354	0.582767	0.531932	-0.621230	0.772893	-0.129268	-0.486459	-0.251035	0.836862
25224	5.183633	-1.251000	8.937590	-0.229116	-0.571332	-0.050413	0.608114	0.578077	0.544081	-0.617537	0.775152	-0.133371	-0.498844	-0.254885	0.828365
25225	5.241821	-1.346140	8.882711	-0.287492	-0.766717	-0.034238	0.598938	0.572375	0.560053	-0.613277	0.777573	-0.138822	-0.514941	-0.260322	0.816743
25226	5.373923	-1.549324	8.728033	-0.354451	-0.955993	-0.011151	0.586575	0.565760	0.579522	-0.608365	0.780142	-0.145846	-0.534623	-0.267011	0.801800
25227	5.589138	-1.600776	8.607870	-0.375453	-1.145230	-0.015649	0.571189	0.557591	0.602357	-0.602922	0.782979	-0.153065	-0.556981	-0.275745	0.783413
25228	5.748330	-1.706038	8.533996	-0.324261	-1.345839	-0.038341	0.552621	0.547267	0.628576	-0.597681	0.785860	-0.158746	-0.580850	-0.287962	0.761375
25229	5.991259	-1.623641	8.199625	-0.232151	-1.537959	-0.072695	0.530894	0.534368	0.657725	-0.593170	0.788624	-0.161930	-0.605228	-0.304175	0.735647
25230	6.364459	-1.714771	7.819522	-0.161767	-1.670277	-0.130592	0.507034	0.518613	0.688446	-0.588898	0.791671	-0.162655	-0.629377	-0.322953	0.706814
25231	6.881855	-1.734082	7.484124	-0.107977	-1.788861	-0.200367	0.481277	0.499654	0.720221	-0.584615	0.795177	-0.160995	-0.653145	-0.343569	0.674805
25232	7.275954	-1.786592	7.393010	-0.074436	-1.905716	-0.256222	0.453309	0.477581	0.752613	-0.580311	0.799020	-0.157500	-0.676572	-0.365353	0.639349
25233	7.308513	-2.064185	7.218752	-0.058336	-2.047374	-0.341019	0.422981	0.451393	0.785704	-0.575503	0.803580	-0.151843	-0.699917	-0.387948	0.599677
25234	7.978552	-2.179551	7.500417	-0.039903	-2.278603	-0.453464	0.388892	0.419396	0.820287	-0.570130	0.808958	-0.143310	-0.723681	-0.411938	0.553708
25235	8.469314	-2.078159	7.661635	-0.065025	-2.541514	-0.580338	0.350311	0.380605	0.855816	-0.563523	0.815486	-0.132002	-0.748147	-0.436031	0.500154
25236	9.079815	-1.901751	7.986568	-0.089568	-2.855852	-0.678641	0.305457	0.334669	0.891455	-0.556223	0.822581	-0.118223	-0.772860	-0.459736	0.437414
25237	10.023122	-1.022577	8.741987	-0.281362	-3.213579	-0.691714	0.251769	0.282614	0.925603	-0.545858	0.831232	-0.105324	-0.799157	-0.478731	0.363545
25238	9.282551	-1.444695	8.872529	-0.655524	-3.466972	-0.618668	0.189524	0.227756	0.955096	-0.529116	0.843096	-0.096053	-0.827114	-0.487152	0.280296
25239	8.006645	-1.881153	7.930270	-0.710204	-3.671095	-0.700040	0.121554	0.168005	0.978263	-0.511526	0.855219	-0.083314	-0.850627	-0.490280	0.189894
25240	4.011596	-2.150033	6.202779	-0.512597	-3.835792	-0.840065	0.049801	0.102813	0.993453	-0.498801	0.864317	-0.064444	-0.865284	-0.492326	0.094328
25241	12.560762	-1.022381	9.393742	0.270701	-4.350747	-1.301304	-0.027970	0.020442	0.999400	-0.504424	0.862872	-0.031767	-0.863003	-0.505009	-0.013823
25242	16.554385	-3.464144	9.329505	0.820532	1.375487	-0.668618	0.010122	0.023847	0.999664	-0.522338	0.852606	-0.015050	-0.852679	-0.522010	0.021086
25243	6.489722	0.328197	8.618903	1.428941	4.273773	-0.309762	0.104133	0.074646	0.991758	-0.552153	0.833729	-0.004777	-0.827214	-0.547105	0.128035
25244	2.804209	0.903399	5.983432	0.869854	4.824287	0.028064	0.201763	0.141831	0.969111	-0.570177	0.821520	-0.001523	-0.796360	-0.552258	0.246621
25245	0.589497	0.035829	4.493356	0.405532	4.813969	0.079177	0.294393	0.209507	0.932437	-0.578819	0.815456	-0.000475	-0.760461	-0.539573	0.361331
25246	0.653144	-0.777814	4.319662	0.133294	3.751634	-0.098936	0.365602	0.257557	0.894427	-0.580744	0.814081	0.002961	-0.727373	-0.520515	0.447204
25247	7.151901	-2.010038	7.069995	0.172720	3.431761	-0.254348	0.430089	0.296560	0.852687	-0.581552	0.813443	0.010419	-0.690522	-0.500363	0.522318
25248	7.557448	-1.882863	7.188162	-0.090246	3.865645	-0.184243	0.497333	0.340033	0.798146	-0.578203	0.815794	0.012732	-0.646793	-0.467823	0.602329
25249	9.134918	-2.751186	7.006708	-0.464647	3.630130	0.135674	0.552122	0.383816	0.740167	-0.573021	0.819537	0.002467	-0.605647	-0.425493	0.672419
25250	11.172969	-3.545365	7.912652	-0.689132	3.502587	0.895461	0.590393	0.437702	0.678125	-0.576055	0.817003	-0.025814	-0.565329	-0.375397	0.734493
25251	12.066722	-2.517823	8.212470	-0.704653	3.656734	1.656687	0.615652	0.503480	0.606201	-0.591819	0.803350	-0.066176	-0.520309	-0.318020	0.792553
25252	12.145100	-1.503765	7.864676	-0.722165	3.695458	1.850420	0.633492	0.567114	0.526374	-0.612083	0.783459	-0.107454	-0.473332	-0.254113	0.843436
25253	9.454317	0.055788	7.030107	-0.526202	3.363178	1.374726	0.649816	0.613006	0.449403	-0.628508	0.765846	-0.135856	-0.427454	-0.194172	0.882939
25254	9.696374	1.453246	6.818962	-0.942127	2.316064	0.570037	0.664716	0.633899	0.395379	-0.628328	0.760645	-0.163164	-0.404173	-0.139970	0.903910
25255	10.141492	-0.456163	4.404340	-0.958855	1.104695	-0.266696	0.679782	0.632443	0.371366	-0.614397	0.767585	-0.182562	-0.400515	-0.104064	0.910362
25256	15.265427	-1.930475	5.334803	-0.645007	0.258803	-0.583242	0.691077	0.622005	0.368134	-0.598051	0.778114	-0.192026	-0.405891	-0.087458	0.909727
25257	16.410262	-1.867874	5.294053	-0.562886	0.863022	-0.133850	0.701645	0.621154	0.349089	-0.590140	0.781152	-0.203806	-0.399286	-0.063012	0.914659
25258	11.589578	-2.256274	3.379541	-0.306213	0.808401	0.206896	0.706507	0.626321	0.329500	-0.590774	0.778300	-0.212685	-0.389659	-0.044397	0.919888
25259	11.026099	-1.565296	4.087244	0.235081	0.580417	0.284139	0.707815	0.632439	0.314672	-0.598013	0.773587	-0.209627	-0.376003	-0.039801	0.925763
25260	4.726926	-2.812043	5.904209	0.659743	0.664459	0.479749	0.706635	0.642286	0.296877	-0.612438	0.765319	-0.198007	-0.354383	-0.041901	0.934161
25261	1.019055	3.581649	11.795441	1.862061	-0.541409	-0.347407	0.707346	0.634691	0.311174	-0.622268	0.767939	-0.151829	-0.335327	-0.086238	0.938146
25262	-0.163678	3.194292	8.395460	0.254165	-0.901779	0.286406	0.695206	0.637916	0.331288	-0.629356	0.762851	-0.148220	-0.347275	-0.105455	0.931815
25263	5.105815	-1.099998	10.045206	-0.552516	-1.233856	0.673216	0.673429	0.647174	0.357295	-0.635758	0.753647	-0.166818	-0.377234	-0.114814	0.918973
25264	6.910355	-1.149513	10.958353	-0.067510	-0.850977	-0.096964	0.666829	0.642648	0.377282	-0.633360	0.755516	-0.167482	-0.392674	-0.127274	0.910828
25265	5.765154	-1.162787	10.444230	-0.242827	-0.509169	-0.151232	0.664201	0.637999	0.389607	-0.628281	0.758839	-0.171541	-0.405092	-0.130845	0.904865
25266	5.729858	-4.717052	9.375349	-0.067603	-0.419628	-0.100708	0.661559	0.634527	0.399644	-0.625768	0.760795	-0.172062	-0.413225	-0.136255	0.900377
25267	4.434463	-1.224615	9.383271	0.285134	-0.192381	-0.181873	0.662480	0.630241	0.404867	-0.625554	0.762788	-0.163815	-0.412071	-0.144742	0.899582
25268	4.793384	-1.963628	9.255054	0.125207	-0.192492	-0.124788	0.662507	0.626997	0.409829	-0.624632	0.764410	-0.159725	-0.413425	-0.150173	0.898069
25269	4.327744	-1.371942	9.258469	0.207431	-0.124830	-0.145022	0.663545	0.623591	0.413331	-0.624220	0.766006	-0.153571	-0.412380	-0.156108	0.897537
25270	4.352427	-1.330694	9.259683	0.164093	-0.163821	-0.131424	0.663969	0.620265	0.417633	-0.623582	0.767520	-0.148520	-0.412664	-0.161816	0.896395
25271	4.359201	-1.097397	9.297857	0.097149	-0.193250	-0.107616	0.663710	0.617247	0.422487	-0.622650	0.768910	-0.145207	-0.414483	-0.166686	0.894662
25272	4.508407	-1.258116	9.218607	0.058728	-0.220525	-0.084978	0.662803	0.614520	0.427852	-0.621699	0.770095	-0.142982	-0.417352	-0.171226	0.892468
25273	4.819102	-1.334112	9.244957	0.008547	-0.197734	-0.047786	0.661539	0.612583	0.432561	-0.620844	0.770917	-0.142266	-0.420618	-0.174438	0.890310
25274	4.638142	-1.520350	9.094442	-0.001867	-0.149068	-0.024588	0.660413	0.611290	0.436096	-0.620262	0.771429	-0.142028	-0.423238	-0.176697	0.888622
25275	4.557927	-1.421036	9.050145	0.029618	-0.138191	-0.043684	0.659689	0.609667	0.439451	-0.619700	0.772091	-0.140880	-0.425186	-0.179391	0.887150
25276	4.644744	-1.422955	9.061097	0.036331	-0.124342	-0.050986	0.659217	0.607956	0.442518	-0.619091	0.772830	-0.139500	-0.426801	-0.181998	0.885843
25277	4.627943	-1.472656	9.005982	0.065148	-0.106558	-0.070685	0.659236	0.605936	0.445253	-0.618467	0.773730	-0.137260	-0.427677	-0.184887	0.884822
25278	4.685054	-1.346566	9.025333	0.100972	-0.108356	-0.082299	0.659411	0.603673	0.448059	-0.618036	0.774629	-0.134097	-0.428030	-0.188492	0.883890
25279	4.789247	-1.297706	9.058304	0.119702	-0.101307	-0.077844	0.659591	0.601517	0.450685	-0.617878	0.775357	-0.130565	-0.427979	-0.192349	0.883083
25280	4.983534	-1.161839	9.193222	0.085777	-0.085603	-0.057117	0.659618	0.599829	0.452890	-0.617700	0.775925	-0.128014	-0.428195	-0.195309	0.882328
25281	4.916827	-1.198957	9.122211	0.048049	-0.034208	-0.018532	0.659600	0.599134	0.453835	-0.617752	0.776094	-0.126730	-0.428147	-0.196766	0.882028
25282	4.821863	-1.201771	8.988701	0.033658	-0.021868	-0.002560	0.659469	0.598807	0.454457	-0.617913	0.776094	-0.125944	-0.428118	-0.197759	0.881820
25283	4.765977	-1.340138	9.033592	0.027320	-0.013197	0.002223	0.659356	0.598615	0.454874	-0.618084	0.776053	-0.125352	-0.428044	-0.198499	0.881690
25284	4.681080	-1.258308	8.971396	0.055566	0.004939	-0.003079	0.659519	0.598411	0.454906	-0.618471	0.775950	-0.124077	-0.427234	-0.199515	0.881853
25285	4.665656	-1.299879	8.997962	0.048258	-0.026195	-0.007979	0.659424	0.597956	0.455640	-0.618698	0.775955	-0.122909	-0.427050	-0.200855	0.881638
25286	4.788692	-1.153920	8.992280	0.050820	-0.044820	-0.009124	0.659148	0.597386	0.456786	-0.618936	0.775961	-0.121671	-0.427133	-0.202522	0.881216
25287	4.823748	-1.058775	9.075477	0.016979	-0.046703	0.014006	0.658493	0.597253	0.457903	-0.619193	0.775791	-0.121444	-0.427770	-0.203560	0.880668
25288	4.588583	-1.267132	8.979115	0.008680	-0.056332	0.027312	0.657529	0.597327	0.459191	-0.619579	0.775466	-0.121551	-0.428693	-0.204582	0.879982
25289	4.907539	-1.239576	9.039651	0.003795	-0.075608	0.027877	0.656346	0.597312	0.460899	-0.619923	0.775156	-0.121775	-0.430006	-0.205795	0.879058
25290	4.807199	-1.317267	9.025860	0.002116	-0.082094	0.030118	0.655055	0.597305	0.462741	-0.620285	0.774821	-0.122063	-0.431450	-0.207073	0.878050
25291	4.831669	-1.276928	8.980768	-0.002566	-0.078756	0.029788	0.653802	0.597308	0.464507	-0.620591	0.774514	-0.122451	-0.432908	-0.208210	0.877063
25292	4.878222	-1.381672	8.850094	-0.006511	-0.044945	0.027417	0.652948	0.597439	0.465538	-0.620816	0.774263	-0.122900	-0.433874	-0.208766	0.876453
25293	4.773293	-1.270693	9.070243	-0.002441	-0.060337	0.021192	0.652021	0.597370	0.466923	-0.620983	0.774083	-0.123189	-0.435026	-0.209630	0.875675
25294	4.898343	-1.245127	8.941842	-0.011335	-0.094821	0.019661	0.650740	0.597090	0.469065	-0.621029	0.773972	-0.123655	-0.436876	-0.210835	0.874464
25295	4.840385	-1.217618	8.963386	-0.023016	-0.073988	0.026610	0.649573	0.597052	0.470727	-0.621059	0.773819	-0.124460	-0.438566	-0.211504	0.873456
25296	4.829447	-1.312477	8.961790	-0.042045	-0.110961	0.033037	0.647896	0.596941	0.473172	-0.620982	0.773671	-0.125756	-0.441148	-0.212355	0.871948
25297	4.956204	-1.229629	8.945211	-0.035464	-0.131225	0.038814	0.645896	0.596833	0.476034	-0.621069	0.773402	-0.126978	-0.443950	-0.213636	0.870211
25298	4.951920	-1.268011	8.930155	-0.038846	-0.135726	0.041528	0.643794	0.596748	0.478979	-0.621156	0.773112	-0.128307	-0.446871	-0.214918	0.868399
25299	4.953384	-1.354435	8.939334	-0.046405	-0.157861	0.042294	0.641421	0.596554	0.482392	-0.621167	0.772853	-0.129810	-0.450256	-0.216383	0.866284
25300	4.958227	-1.276615	8.993687	-0.058530	-0.160430	0.019046	0.639365	0.595893	0.485926	-0.620662	0.773007	-0.131296	-0.453862	-0.217650	0.864082
25301	4.879171	-1.380184	8.959072	-0.104753	-0.197348	-0.010853	0.637334	0.594449	0.490343	-0.619147	0.773860	-0.133412	-0.458763	-0.218566	0.861258
25302	4.975324	-1.065799	9.087880	-0.152695	-0.292467	0.005359	0.633920	0.592794	0.496731	-0.617321	0.774736	-0.136747	-0.465898	-0.219955	0.857064
25303	4.996086	-1.308951	9.051281	-0.212846	-0.295931	-0.004964	0.630569	0.590913	0.503195	-0.614595	0.776099	-0.141222	-0.473979	-0.220211	0.852556
25304	5.035398	-1.400241	8.991262	-0.300359	-0.438471	-0.014014	0.625571	0.588068	0.512677	-0.610626	0.778079	-0.147408	-0.485589	-0.220840	0.845833
25305	4.979676	-1.369107	9.119079	-0.351514	-0.503925	-0.015877	0.619655	0.584819	0.523463	-0.605908	0.780370	-0.154588	-0.498901	-0.221380	0.837907
25306	4.852251	-1.564642	9.187361	-0.461609	-0.874229	-0.014141	0.608781	0.579512	0.541803	-0.599672	0.783266	-0.163977	-0.519403	-0.225078	0.824355
25307	5.003904	-1.624637	9.000211	-0.559770	-1.190745	0.009147	0.592825	0.572753	0.566139	-0.592215	0.786437	-0.175494	-0.545747	-0.231238	0.805412
25308	5.462793	-1.675882	8.577588	-0.585303	-1.440712	0.039230	0.572084	0.564892	0.594657	-0.584445	0.789435	-0.187661	-0.575451	-0.240186	0.781772
25309	5.792562	-1.878228	8.332709	-0.514952	-1.611222	0.039515	0.547745	0.555608	0.625520	-0.577260	0.792157	-0.198136	-0.605596	-0.252559	0.754631
25310	5.866717	-2.104586	8.342192	-0.344193	-1.817045	-0.008869	0.519712	0.543409	0.659247	-0.571671	0.794632	-0.204333	-0.634895	-0.270678	0.723631
25311	6.258860	-2.115128	8.310570	-0.298096	-2.087931	-0.073978	0.486830	0.527098	0.696537	-0.565766	0.797819	-0.208311	-0.665511	-0.292665	0.686616
25312	6.580255	-2.358243	8.294731	-0.245928	-2.435359	-0.166822	0.447678	0.505003	0.737940	-0.559504	0.801945	-0.209376	-0.697524	-0.319148	0.641565
25313	7.219876	-2.931514	8.760483	-0.244123	-2.818139	-0.347479	0.402162	0.474352	0.783107	-0.551339	0.808324	-0.206488	-0.730952	-0.348716	0.586606
25314	8.317207	-2.885607	9.152238	-0.438796	-3.202885	-0.501275	0.348974	0.435013	0.830049	-0.538312	0.818075	-0.202418	-0.767097	-0.376187	0.519659
25315	10.078738	-2.807498	9.428509	-0.456688	-3.529273	-0.731270	0.289423	0.385452	0.876163	-0.523433	0.830089	-0.192277	-0.801406	-0.402963	0.442005
25316	9.218599	-1.854487	9.214340	-0.933241	-3.623391	-0.738433	0.224597	0.332775	0.915870	-0.499499	0.846327	-0.185016	-0.836694	-0.415922	0.356303
25317	7.592656	-2.380888	8.287501	-1.063708	-3.813288	-0.833379	0.153397	0.274905	0.949156	-0.472836	0.863844	-0.173779	-0.867696	-0.422138	0.262496
25318	5.094072	-1.603155	7.039855	-1.011664	-3.919554	-0.923550	0.077779	0.213223	0.973903	-0.447899	0.880203	-0.156938	-0.890695	-0.424003	0.163964
25319	5.523299	-1.560273	8.677923	-0.586142	-4.528640	-1.188563	-0.010668	0.138394	0.990320	-0.433781	0.891695	-0.129284	-0.900955	-0.430961	0.050521
25320	21.200634	-2.264769	10.216117	0.556861	0.277964	-1.471432	0.011754	0.108659	0.994010	-0.446322	0.890128	-0.092025	-0.894795	-0.442566	0.058960
25321	5.992712	1.578189	10.835015	1.159952	4.230501	-1.162581	0.118758	0.130497	0.984310	-0.470191	0.880522	-0.060008	-0.874538	-0.455688	0.165928
25322	0.785584	1.167585	6.427508	0.272939	4.646090	-0.771554	0.228212	0.165925	0.959368	-0.472837	0.880252	-0.039765	-0.851084	-0.444550	0.279340
25323	-0.097568	-1.679148	5.277378	-0.012648	4.353755	-0.619070	0.326605	0.199724	0.923818	-0.468384	0.883161	-0.025343	-0.820942	-0.424425	0.381992
25324	0.735450	-2.435397	5.064599	0.397274	3.551175	-0.496776	0.403735	0.226185	0.886475	-0.471954	0.881567	-0.009987	-0.783746	-0.414343	0.462668
25325	5.155781	-2.445943	7.013132	0.473798	3.055399	-0.311986	0.465845	0.250906	0.848548	-0.477779	0.878476	0.002540	-0.744792	-0.406602	0.529112
25326	8.320747	-2.984687	8.160518	0.176815	3.347247	0.034224	0.525946	0.285191	0.801278	-0.481587	0.876389	0.004181	-0.701038	-0.388084	0.598278
25327	9.565165	-3.897819	8.035103	-0.180801	3.526014	0.504673	0.579579	0.329410	0.745371	-0.485711	0.874077	-0.008616	-0.654350	-0.357041	0.666595
25328	10.298340	-5.246647	7.692352	-0.227826	3.453228	1.013288	0.621450	0.381120	0.684505	-0.497578	0.866868	-0.030914	-0.605157	-0.321383	0.728352
25329	10.789077	-5.442796	8.080885	0.148863	3.364827	1.331500	0.655228	0.432478	0.619386	-0.516767	0.854660	-0.050084	-0.551025	-0.287262	0.783487
25330	10.696800	-2.243860	8.430315	-0.009940	3.286745	1.409021	0.682464	0.480609	0.550688	-0.535268	0.841675	-0.071211	-0.497725	-0.246167	0.831668
25331	11.214648	-1.452463	8.221727	-0.640037	3.181943	1.073848	0.708769	0.516531	0.480461	-0.541370	0.834936	-0.098997	-0.452289	-0.189941	0.871411
25332	11.036033	-0.179497	8.318915	-1.121339	3.007333	0.506275	0.737656	0.534775	0.412164	-0.533414	0.835833	-0.129819	-0.413924	-0.124092	0.901814
25333	12.371108	0.968073	7.294788	-1.992111	2.569320	0.042224	0.765186	0.538159	0.353377	-0.510687	0.841592	-0.175845	-0.392032	-0.045911	0.918805
25334	12.216843	0.251959	4.832006	-2.441840	2.055467	-0.463821	0.792636	0.526013	0.308285	-0.475059	0.849770	-0.228493	-0.382162	0.034658	0.923445
25335	15.207370	-0.106468	3.732977	-2.418023	1.503578	-0.866612	0.817862	0.503197	0.279096	-0.432749	0.857570	-0.278031	-0.379249	0.106612	0.919132
25336	13.336440	-4.333787	-0.207184	-0.489480	0.435172	-0.870434	0.831637	0.482314	0.275232	-0.409222	0.867315	-0.283376	-0.375390	0.123035	0.918665
25337	12.908076	-2.901000	-0.743820	2.144208	-0.715853	-0.437204	0.830048	0.473516	0.294623	-0.418995	0.878140	-0.230897	-0.368054	0.068210	0.927299
25338	5.651991	5.599179	15.338740	2.137862	-0.493334	0.681689	0.818770	0.487878	0.302638	-0.451179	0.872765	-0.186332	-0.355039	0.016019	0.934714
25339	-0.386798	0.440927	6.733983	0.539446	-1.150381	1.809668	0.787711	0.525760	0.321074	-0.491114	0.850578	-0.187946	-0.371913	-0.009637	0.928218
25340	4.375549	0.573536	9.985515	0.450307	-1.474228	1.158558	0.759709	0.548182	0.349770	-0.516608	0.835478	-0.187330	-0.394916	-0.038378	0.917915
25341	4.172689	0.359523	9.216390	0.285807	-1.436916	0.762069	0.735119	0.562047	0.379082	-0.533632	0.824606	-0.187781	-0.418135	-0.064249	0.906110
25342	6.060184	-0.134942	10.495988	0.168852	-1.356867	0.377071	0.715513	0.567104	0.407963	-0.542145	0.819052	-0.187703	-0.440590	-0.086871	0.893495
25343	10.228976	-1.067855	11.532059	0.330518	-0.600763	-0.298043	0.712922	0.559417	0.422841	-0.540335	0.822572	-0.177240	-0.446968	-0.102118	0.888702
25344	4.843848	-1.179806	9.464857	0.268050	-0.384410	-0.228329	0.711747	0.553492	0.432507	-0.539091	0.825153	-0.168830	-0.450331	-0.112996	0.885683
25345	4.840183	-1.645120	9.109122	0.057420	-0.243159	-0.100057	0.710402	0.550531	0.438456	-0.537772	0.826497	-0.166444	-0.454015	-0.117548	0.883206
25346	5.131682	-1.189987	9.289924	0.113321	-0.169500	-0.120529	0.710150	0.547334	0.442844	-0.536731	0.827941	-0.162587	-0.455639	-0.122227	0.881734
25347	4.867045	-1.537876	9.063295	0.046162	-0.146429	-0.062702	0.709378	0.545381	0.446478	-0.535951	0.828786	-0.160842	-0.457755	-0.125193	0.880220
25348	4.758656	-1.566226	9.014750	0.062034	-0.106703	-0.060514	0.709024	0.543586	0.449222	-0.535394	0.829546	-0.158768	-0.458954	-0.127941	0.879200
25349	4.929636	-1.400397	9.043376	0.055552	-0.079019	-0.048312	0.708820	0.542125	0.451303	-0.534981	0.830154	-0.156971	-0.459749	-0.130175	0.878456
25350	4.873025	-1.437096	9.036106	0.039363	-0.057346	-0.028888	0.708605	0.541132	0.452831	-0.534726	0.830549	-0.155747	-0.460377	-0.131777	0.877888
25351	4.786932	-1.493747	8.951447	0.018505	-0.045946	-0.011670	0.708290	0.540531	0.454040	-0.534536	0.830778	-0.155174	-0.461083	-0.132792	0.877365
25352	4.703381	-1.579741	8.900200	0.030780	-0.036359	-0.018370	0.708174	0.539821	0.455064	-0.534369	0.831057	-0.154256	-0.461455	-0.133932	0.876996
25353	4.700852	-1.614979	8.880801	0.062917	-0.046702	-0.042613	0.708261	0.538573	0.456406	-0.534144	0.831551	-0.152358	-0.461581	-0.135877	0.876630
25354	4.837004	-1.458841	8.962730	0.091373	-0.049090	-0.055675	0.708493	0.537042	0.457846	-0.534018	0.832117	-0.149687	-0.461370	-0.138446	0.876339
25355	4.832734	-1.520552	8.938255	0.094247	-0.036178	-0.051218	0.708815	0.535646	0.458982	-0.534003	0.832605	-0.147003	-0.460893	-0.140900	0.876199
25356	4.841217	-1.564952	8.875292	0.110285	-0.039029	-0.059157	0.709210	0.534071	0.460206	-0.534031	0.833133	-0.143876	-0.460253	-0.143726	0.876077
25357	4.768718	-1.409539	8.957015	0.120021	-0.041965	-0.061168	0.709597	0.532442	0.461495	-0.534134	0.833641	-0.140512	-0.459535	-0.146794	0.875945
25358	4.842440	-1.361107	8.938286	0.130673	-0.052257	-0.062816	0.709889	0.530736	0.463009	-0.534328	0.834119	-0.136894	-0.458859	-0.150219	0.875718
25359	5.057181	-1.146084	9.067143	0.103471	-0.044698	-0.042554	0.709997	0.529477	0.464283	-0.534568	0.834418	-0.134105	-0.458412	-0.152977	0.875475
25360	5.048724	-1.045469	9.086551	0.040067	-0.005069	0.003858	0.709940	0.529334	0.464533	-0.534904	0.834341	-0.133242	-0.458108	-0.153887	0.875474
25361	4.827167	-1.254080	8.919595	0.024414	-0.001135	0.021566	0.709692	0.529573	0.464639	-0.535372	0.834091	-0.132925	-0.457945	-0.154419	0.875466
25362	4.483665	-1.474020	8.853483	0.031050	-0.035109	0.020372	0.709071	0.529656	0.465493	-0.535896	0.833830	-0.132450	-0.458295	-0.155539	0.875085
25363	4.310920	-1.713342	8.744537	0.069172	-0.119319	-0.018407	0.708000	0.528601	0.468313	-0.536173	0.833929	-0.130692	-0.459624	-0.158567	0.873844
25364	5.404580	-1.158332	9.080683	0.069258	-0.170693	-0.006006	0.706163	0.527595	0.472205	-0.536680	0.833854	-0.129083	-0.461854	-0.162269	0.871986
25365	5.085079	-1.199507	8.935741	0.039192	-0.102052	0.008685	0.704915	0.527160	0.474549	-0.537099	0.833704	-0.128304	-0.463270	-0.164437	0.870828
25366	5.053576	-1.122474	8.942339	-0.001808	-0.104798	0.030497	0.703338	0.527163	0.476880	-0.537428	0.833435	-0.128677	-0.465282	-0.165785	0.869498
25367	5.049769	-1.220163	8.898434	-0.028587	-0.095193	0.041639	0.701717	0.527435	0.478963	-0.537637	0.833131	-0.129765	-0.467481	-0.166450	0.868191
25368	5.002219	-1.323239	8.902762	-0.030807	-0.089580	0.041918	0.700153	0.527734	0.480918	-0.537823	0.832832	-0.130907	-0.469608	-0.166994	0.866938
25369	5.008110	-1.278688	8.854169	-0.028758	-0.098075	0.044849	0.698444	0.528058	0.483044	-0.538081	0.832487	-0.132040	-0.471853	-0.167694	0.865583
25370	4.978923	-1.305526	8.868695	-0.044381	-0.115796	0.056482	0.696361	0.528548	0.485508	-0.538354	0.832052	-0.133654	-0.474611	-0.168304	0.863955
25371	4.986922	-1.454552	8.804760	-0.050045	-0.145728	0.064642	0.693802	0.529079	0.488583	-0.538696	0.831534	-0.135492	-0.477960	-0.169193	0.861933
25372	5.144209	-1.338975	8.852530	-0.042912	-0.153038	0.059016	0.691218	0.529461	0.491823	-0.539018	0.831059	-0.137111	-0.481329	-0.170328	0.859832
25373	5.057237	-1.335015	8.838342	-0.045285	-0.126507	0.049115	0.690702	0.527616	0.494522	-0.536561	0.832389	-0.138676	-0.484802	-0.169557	0.858031
25374	4.964341	-1.382939	9.023348	-0.096138	-0.178286	0.020495	0.689891	0.525001	0.498423	-0.533027	0.834272	-0.140971	-0.489830	-0.168418	0.855396
25375	4.831714	-1.222518	9.195506	-0.185096	-0.274040	-0.004452	0.688196	0.521469	0.504437	-0.527934	0.836842	-0.144846	-0.497667	-0.166627	0.851213
25376	4.963008	-1.287668	9.170205	-0.282536	-0.366505	-0.020269	0.685343	0.517411	0.512436	-0.521497	0.839865	-0.150558	-0.508277	-0.164050	0.845424
25377	4.891503	-1.513093	9.231369	-0.403642	-0.569474	-0.042161	0.680045	0.512062	0.524720	-0.512976	0.843648	-0.158472	-0.523827	-0.161401	0.836394
25378	4.689865	-1.480512	9.466362	-0.461630	-0.915657	-0.077214	0.670171	0.504732	0.544165	-0.503052	0.847971	-0.166984	-0.545719	-0.161836	0.822192
25379	4.668860	-1.528047	9.544393	-0.592207	-1.405033	-0.070336	0.652626	0.495616	0.573100	-0.491226	0.852654	-0.177983	-0.576867	-0.165365	0.799924
25380	5.065497	-1.677140	9.177238	-0.666392	-1.972393	-0.025084	0.624725	0.484947	0.612001	-0.478575	0.857102	-0.190639	-0.616997	-0.173791	0.767536
25381	5.205821	-2.185956	8.927990	-0.433524	-2.414055	-0.104437	0.588643	0.469970	0.657744	-0.467739	0.861622	-0.197046	-0.659333	-0.191662	0.727011
25382	6.060125	-2.156026	8.506018	-0.266389	-2.854991	-0.290461	0.544383	0.447650	0.709406	-0.456969	0.867458	-0.196715	-0.703439	-0.217088	0.676791
25383	6.720676	-2.535708	8.824668	-0.249200	-3.258436	-0.443842	0.491175	0.417788	0.764330	-0.444542	0.874826	-0.192513	-0.749086	-0.245220	0.615417
25384	7.747837	-3.269896	9.536122	-0.175983	-3.727373	-0.680310	0.427540	0.377292	0.821499	-0.431181	0.883819	-0.181510	-0.794539	-0.276612	0.540550
25385	9.798441	-3.775417	10.224000	-0.292345	-4.184033	-0.923122	0.352581	0.325246	0.877441	-0.413958	0.895132	-0.165463	-0.839241	-0.304884	0.450244
25386	10.710185	-1.990517	10.203836	-0.354541	-4.348897	-1.099691	0.271079	0.265093	0.925333	-0.395112	0.907250	-0.144164	-0.877726	-0.326530	0.350678
25387	7.158084	-2.748157	9.018683	-0.691459	-4.315565	-1.135691	0.186189	0.202612	0.961396	-0.369821	0.920995	-0.122476	-0.910256	-0.332741	0.246409
25388	3.513303	-1.277731	7.171099	-0.729995	-4.499736	-1.273282	0.094311	0.135092	0.986334	-0.345149	0.933739	-0.094886	-0.933797	-0.331484	0.134689
25389	2.318141	-1.456795	6.900735	-0.808781	-5.238409	-1.367591	-0.017335	0.059881	0.998055	-0.322339	0.944574	-0.062271	-0.946466	-0.322791	0.002928
25390	25.850574	-3.622083	12.297182	0.194607	0.538112	-1.249610	0.005613	0.034715	0.999381	-0.325108	0.945168	-0.031006	-0.945660	-0.324733	0.016591
25391	7.527911	-0.790781	9.671784	0.934370	4.930707	-0.550340	0.126256	0.062342	0.990037	-0.342338	0.939449	-0.015499	-0.931055	-0.336971	0.139953
25392	1.441817	0.643957	5.701234	0.636548	5.802314	-0.147230	0.260851	0.107110	0.959419	-0.352631	0.935723	-0.008589	-0.898670	-0.336081	0.281855
25393	-2.342768	0.891169	3.642283	-0.040282	5.347694	0.130353	0.377239	0.154023	0.913218	-0.352859	0.935599	-0.012036	-0.856260	-0.317697	0.407293
25394	-0.602518	-2.584469	4.153692	-0.164769	3.349140	0.159090	0.446853	0.182221	0.875853	-0.347929	0.937358	-0.017507	-0.824177	-0.296911	0.482261
25395	7.623253	-3.442821	7.703083	0.834800	3.006388	-0.060154	0.508355	0.202048	0.837109	-0.361399	0.932395	-0.005578	-0.781643	-0.299695	0.547007
25396	8.713500	-1.357982	8.607706	0.418679	3.697658	0.234353	0.576769	0.233168	0.782924	-0.369718	0.929134	-0.004346	-0.728455	-0.286954	0.622102
25397	9.667162	-3.602642	7.713329	-0.209137	3.679172	0.627142	0.636325	0.271185	0.722183	-0.372913	0.927656	-0.019762	-0.675297	-0.256736	0.691419
25398	10.376706	-4.893479	7.461852	-0.184384	3.615825	1.113729	0.685054	0.317141	0.655837	-0.385946	0.921542	-0.042487	-0.617856	-0.224012	0.753706
25399	9.960979	-3.653050	7.791569	-0.035978	3.248015	1.486548	0.718888	0.366946	0.590381	-0.409712	0.909782	-0.066574	-0.561548	-0.194027	0.804374
25400	13.840436	-0.698797	9.754409	-0.444115	3.075320	1.651893	0.743354	0.416598	0.523327	-0.432553	0.896159	-0.098978	-0.510218	-0.152791	0.846364
25401	13.898187	0.445788	9.084222	-0.837575	3.557366	1.154597	0.773989	0.452681	0.442742	-0.443456	0.886628	-0.131295	-0.451982	-0.094716	0.886984
25402	11.676140	3.473572	6.050623	-1.158130	3.024015	0.310931	0.803146	0.464236	0.373418	-0.436858	0.885056	-0.160716	-0.405106	-0.034052	0.913635
25403	13.670887	1.361279	2.957141	-1.623298	1.849536	-0.430372	0.825867	0.455165	0.332819	-0.412264	0.890103	-0.194307	-0.384685	0.023262	0.922755
25404	12.731080	-0.732988	1.189738	-1.004456	0.844670	-1.058421	0.844273	0.430883	0.318658	-0.380822	0.900726	-0.208968	-0.377064	0.055074	0.924548
25405	15.281431	-0.600379	2.580310	-0.685810	0.070578	-0.910477	0.853209	0.410358	0.321934	-0.355161	0.909134	-0.217570	-0.381963	0.071294	0.921424
25406	14.188677	-1.539748	3.185030	-0.547535	0.375647	-0.271235	0.859144	0.403385	0.314885	-0.344060	0.910827	-0.228073	-0.378807	0.087609	0.921320
25407	6.258591	-8.561685	4.291889	1.079115	-0.137235	0.272477	0.855356	0.409949	0.316714	-0.360124	0.910028	-0.205329	-0.372393	0.061573	0.926030
25408	2.712192	7.923947	12.983390	1.509298	-0.168679	0.460615	0.849452	0.420640	0.318580	-0.383816	0.906869	-0.173996	-0.362100	0.025525	0.931790
25409	-0.317678	0.370544	7.811056	0.010334	-1.398963	1.307645	0.823276	0.450574	0.345254	-0.411136	0.892682	-0.184623	-0.391388	0.010049	0.920171
25410	6.216897	-1.311271	10.176161	0.149437	-1.375930	0.609141	0.803021	0.463970	0.374017	-0.424846	0.885805	-0.186695	-0.417927	-0.008980	0.908436
25411	7.633917	0.808121	11.596877	0.094310	-1.185157	0.157280	0.788671	0.466747	0.400182	-0.428765	0.884042	-0.186091	-0.440635	-0.024820	0.897343
25412	7.593711	-2.602180	10.462064	0.023095	-0.538845	-0.115504	0.783930	0.463621	0.412927	-0.426554	0.885470	-0.184378	-0.451116	-0.031596	0.891906
25413	4.614179	-1.870933	9.084537	0.346027	-0.412515	-0.269859	0.782226	0.456933	0.423481	-0.424852	0.888415	-0.173835	-0.455658	-0.043938	0.889070
25414	4.980247	-1.632344	9.145777	0.182521	-0.302473	-0.179485	0.780749	0.452288	0.431122	-0.423120	0.890391	-0.167847	-0.459782	-0.051370	0.886545
25415	4.875015	-1.116323	9.343843	0.188923	-0.248075	-0.176660	0.779857	0.447677	0.437502	-0.421493	0.892294	-0.161727	-0.462782	-0.058280	0.884554
25416	4.906261	-1.370949	9.118949	0.140319	-0.204628	-0.132986	0.778969	0.444085	0.442715	-0.420198	0.893723	-0.157138	-0.465447	-0.063622	0.882786
25417	4.885494	-1.208909	9.145550	0.079259	-0.169445	-0.088422	0.778021	0.441489	0.446957	-0.419037	0.894748	-0.154383	-0.468072	-0.067178	0.881133
25418	4.879325	-1.358363	9.086529	0.070762	-0.136346	-0.071360	0.777267	0.439320	0.450393	-0.418119	0.895585	-0.151997	-0.470141	-0.070176	0.879797
