// General information: 
//  MT Manager version: 2022.2.0 
//  XDA version: 2022.2.0 build 7381 rev 124627 built on 2023-07-19
// Device information: 
//  DeviceId: 00B4CB9F
//  ProductCode: MTW2-3A7G6
//  Firmware Version: 4.6.0
//  Hardware Version: 2.0.0
// Device settings: 
//  Filter Profile: human(46.1)
//  Option Flags: Orientation Smoother Disabled, Position/Velocity Smoother Disabled, Continuous Zero Rotation Update Disabled, AHS Disabled, ICC Disabled
// Coordinate system: ENU
PacketCounter	Acc_X	Acc_Y	Acc_Z	Gyr_X	Gyr_Y	Gyr_Z	Mat[1][1]	Mat[2][1]	Mat[3][1]	Mat[1][2]	Mat[2][2]	Mat[3][2]	Mat[1][3]	Mat[2][3]	Mat[3][3]
64754	9.147959	-0.298976	3.341041	-0.006441	0.022212	-0.017584	0.183131	0.275781	0.943614	-0.787859	0.615267	-0.026915	-0.587998	-0.738506	0.329951
64755	9.195725	-0.352285	3.336284	-0.017449	0.018441	-0.019024	0.183251	0.275803	0.943584	-0.787828	0.615310	-0.026849	-0.588002	-0.738462	0.330042
64756	9.194534	-0.366744	3.280007	-0.016917	0.015037	-0.015947	0.183403	0.275810	0.943553	-0.787741	0.615425	-0.026778	-0.588071	-0.738364	0.330137
64757	9.205617	-0.270070	3.296788	-0.011003	0.014472	-0.014490	0.183528	0.275819	0.943526	-0.787652	0.615540	-0.026731	-0.588151	-0.738264	0.330218
64758	9.205131	-0.269018	3.298229	-0.007481	0.017387	-0.014993	0.183686	0.275848	0.943487	-0.787622	0.615582	-0.026638	-0.588141	-0.738218	0.330338
64759	9.190084	-0.294083	3.317033	-0.010377	0.012633	-0.011289	0.183804	0.275886	0.943453	-0.787570	0.615651	-0.026595	-0.588174	-0.738147	0.330439
64760	9.186851	-0.317349	3.314231	-0.016384	0.011633	-0.012871	0.183911	0.275886	0.943432	-0.787492	0.615752	-0.026551	-0.588245	-0.738062	0.330502
64761	9.174691	-0.318908	3.336807	-0.026833	0.017255	-0.013563	0.184035	0.275947	0.943390	-0.787390	0.615883	-0.026547	-0.588343	-0.737931	0.330622
64762	9.166990	-0.303570	3.251585	-0.031260	0.011483	-0.016641	0.184170	0.275923	0.943370	-0.787218	0.616105	-0.026517	-0.588531	-0.737755	0.330680
64763	9.149828	-0.337713	3.323891	-0.028971	0.012634	-0.012823	0.184310	0.275934	0.943340	-0.787002	0.616380	-0.026532	-0.588777	-0.737520	0.330766
64764	9.149400	-0.337503	3.325089	-0.027308	0.015627	-0.012205	0.184435	0.275968	0.943305	-0.786861	0.616560	-0.026531	-0.588926	-0.737357	0.330864
64765	9.157783	-0.359200	3.301267	-0.024639	0.016844	-0.009867	0.184528	0.276075	0.943256	-0.786845	0.616580	-0.026533	-0.588918	-0.737300	0.331005
64766	9.195889	-0.313424	3.300572	-0.018254	0.017913	-0.009762	0.184648	0.276141	0.943213	-0.786762	0.616687	-0.026525	-0.588992	-0.737186	0.331127
64767	9.209836	-0.287242	3.284978	-0.014303	0.022052	-0.005324	0.184777	0.276245	0.943157	-0.786592	0.616901	-0.026583	-0.589178	-0.736968	0.331282
64768	9.187903	-0.282934	3.275721	-0.000190	0.022069	0.001415	0.184834	0.276410	0.943098	-0.786635	0.616844	-0.026620	-0.589102	-0.736954	0.331448
64769	9.195918	-0.305088	3.252981	0.012617	0.031556	0.010035	0.184882	0.276720	0.942998	-0.786775	0.616662	-0.026704	-0.588900	-0.736990	0.331726
64770	9.258540	-0.318657	3.289598	0.019823	0.027718	0.011608	0.184891	0.276990	0.942917	-0.786956	0.616429	-0.026772	-0.588656	-0.737084	0.331951
64771	9.280439	-0.236999	3.228145	0.017088	0.013283	0.017870	0.184751	0.277203	0.942881	-0.787130	0.616199	-0.026927	-0.588467	-0.737195	0.332039
64772	9.310839	-0.099259	3.119358	0.001858	0.000669	0.011591	0.184601	0.277274	0.942890	-0.787204	0.616098	-0.027054	-0.588414	-0.737253	0.332003
64773	9.310148	-0.022278	3.097912	-0.014989	-0.013780	0.011108	0.184357	0.277279	0.942936	-0.787266	0.616012	-0.027223	-0.588409	-0.737323	0.331858
64774	9.308326	-0.032473	3.150281	-0.018985	-0.018330	0.012958	0.184084	0.277217	0.943008	-0.787220	0.616061	-0.027432	-0.588555	-0.737305	0.331638
64775	9.261801	-0.042629	3.233954	0.000219	-0.013977	0.019698	0.183750	0.277265	0.943059	-0.787387	0.615839	-0.027642	-0.588437	-0.737473	0.331475
64776	9.188222	-0.096076	3.298928	0.007171	-0.009710	0.018579	0.183484	0.277302	0.943100	-0.787505	0.615680	-0.027817	-0.588362	-0.737592	0.331344
64777	9.135757	-0.153898	3.375431	0.013512	-0.009056	0.024976	0.183129	0.277425	0.943133	-0.787787	0.615310	-0.028030	-0.588095	-0.737854	0.331233
64778	9.089273	-0.257664	3.422834	0.021999	-0.009976	0.028649	0.182782	0.277521	0.943172	-0.788011	0.615013	-0.028251	-0.587903	-0.738066	0.331103
64779	9.029632	-0.300742	3.412861	0.040071	-0.012025	0.037842	0.182345	0.277677	0.943211	-0.788367	0.614544	-0.028509	-0.587561	-0.738398	0.330970
64780	9.069506	-0.335874	3.430343	0.050901	-0.016834	0.049765	0.181791	0.277852	0.943266	-0.788799	0.613975	-0.028833	-0.587153	-0.738805	0.330784
64781	9.067558	-0.347459	3.483020	0.065156	-0.014092	0.063050	0.181093	0.278180	0.943303	-0.789489	0.613069	-0.029229	-0.586441	-0.739434	0.330642
64782	9.055386	-0.275294	3.482292	0.075124	-0.014386	0.079798	0.180316	0.278556	0.943341	-0.790115	0.612236	-0.029757	-0.585836	-0.739983	0.330487
64783	9.102769	-0.178599	3.432395	0.075887	-0.019677	0.087566	0.179438	0.278940	0.943395	-0.790724	0.611419	-0.030383	-0.585284	-0.740513	0.330276
64784	9.102938	-0.012256	3.446094	0.060057	-0.023052	0.086510	0.178556	0.279291	0.943459	-0.791272	0.610677	-0.031024	-0.584813	-0.740993	0.330036
64785	9.089320	0.049362	3.497838	0.045563	-0.028529	0.091990	0.177530	0.279676	0.943538	-0.791882	0.609847	-0.031770	-0.584299	-0.741531	0.329737
64786	9.054233	0.098966	3.479703	0.019423	-0.042116	0.090849	0.176502	0.279911	0.943661	-0.792198	0.609393	-0.032587	-0.584182	-0.741815	0.329304
64787	9.122935	0.195452	3.549757	0.000535	-0.046753	0.088949	0.175445	0.280131	0.943793	-0.792455	0.609012	-0.033451	-0.584152	-0.742045	0.328840
64788	9.136948	0.282921	3.560866	-0.017101	-0.043429	0.084704	0.174458	0.280318	0.943921	-0.792545	0.608846	-0.034330	-0.584326	-0.742111	0.328383
64789	9.096427	0.283433	3.534242	-0.048734	-0.049743	0.076326	0.173472	0.280467	0.944058	-0.792580	0.608750	-0.035214	-0.584572	-0.742133	0.327894
64790	9.125256	0.223985	3.511679	-0.079852	-0.059439	0.071037	0.172499	0.280452	0.944241	-0.792277	0.609088	-0.036170	-0.585270	-0.741861	0.327263
64791	9.162996	0.063612	3.484109	-0.104145	-0.066841	0.070784	0.171497	0.280385	0.944443	-0.791785	0.609665	-0.037220	-0.586230	-0.741413	0.326561
64792	9.152933	-0.042569	3.462228	-0.125866	-0.074583	0.072747	0.170421	0.280270	0.944672	-0.791212	0.610339	-0.038342	-0.587316	-0.740902	0.325767
64793	9.089899	-0.126960	3.496339	-0.140375	-0.079986	0.078260	0.169266	0.280144	0.944917	-0.790509	0.611169	-0.039590	-0.588595	-0.740265	0.324906
64794	9.088395	-0.178557	3.426810	-0.150177	-0.087330	0.083251	0.168030	0.280000	0.945180	-0.789806	0.611992	-0.040888	-0.589891	-0.739639	0.323979
64795	9.058292	-0.188954	3.429078	-0.154719	-0.082606	0.090347	0.166787	0.279977	0.945407	-0.789138	0.612761	-0.042248	-0.591137	-0.739010	0.323141
64796	8.990035	-0.151242	3.471520	-0.159957	-0.077189	0.087830	0.165574	0.279940	0.945631	-0.788379	0.613642	-0.043619	-0.592490	-0.738294	0.322302
64797	8.941977	-0.133258	3.467088	-0.177909	-0.089232	0.079409	0.164430	0.279757	0.945885	-0.787357	0.614854	-0.044979	-0.594164	-0.737354	0.321369
64798	9.013058	0.013616	3.343270	-0.210147	-0.103107	0.070478	0.163199	0.279426	0.946196	-0.786264	0.616150	-0.046344	-0.595949	-0.736397	0.320257
64799	9.118706	0.094259	3.286051	-0.246784	-0.121083	0.058608	0.161916	0.278927	0.946564	-0.785038	0.617608	-0.047707	-0.597912	-0.735364	0.318969
64800	9.110715	0.215360	3.086207	-0.293979	-0.146064	0.048401	0.160598	0.278148	0.947018	-0.783397	0.619578	-0.049125	-0.600415	-0.734001	0.317403
64801	9.131790	0.158097	3.021689	-0.331633	-0.156810	0.049480	0.159166	0.277307	0.947505	-0.781556	0.621772	-0.050685	-0.603188	-0.732461	0.315697
64802	9.100446	-0.029997	3.163655	-0.348631	-0.175018	0.040894	0.157726	0.276276	0.948047	-0.779555	0.624155	-0.052195	-0.606149	-0.730823	0.313818
64803	9.089273	-0.316155	3.274637	-0.371834	-0.190115	0.019949	0.156339	0.275010	0.948645	-0.777355	0.626776	-0.053591	-0.609326	-0.729056	0.311769
64804	8.848123	-0.674234	3.140678	-0.395960	-0.202245	0.003757	0.155011	0.273556	0.949283	-0.774984	0.629594	-0.054882	-0.612676	-0.727172	0.309595
64805	9.331284	-0.675885	3.231401	-0.391783	-0.252148	-0.006893	0.153454	0.271647	0.950084	-0.772472	0.632566	-0.056095	-0.616229	-0.725305	0.306909
64806	9.173783	-0.838522	3.072418	-0.386489	-0.248605	-0.014721	0.151968	0.269748	0.950864	-0.770104	0.635352	-0.057162	-0.619553	-0.723577	0.304287
64807	8.751855	-1.083479	3.011611	-0.373844	-0.310282	0.013449	0.149810	0.267609	0.951810	-0.767959	0.637826	-0.058456	-0.622732	-0.722194	0.301065
64808	9.156296	-0.962983	3.033538	-0.357832	-0.357850	0.019762	0.147361	0.265149	0.952880	-0.765797	0.640301	-0.059741	-0.625971	-0.720910	0.297406
64809	9.536131	-0.713602	3.055133	-0.340149	-0.363634	0.015664	0.144913	0.262627	0.953953	-0.763661	0.642735	-0.060941	-0.629144	-0.719665	0.293699
64810	9.473215	-0.564060	3.140853	-0.327058	-0.352734	0.024509	0.142438	0.260245	0.954979	-0.761676	0.644970	-0.062157	-0.632108	-0.718531	0.290091
64811	9.271273	-0.783050	3.273161	-0.312061	-0.349182	0.042611	0.139846	0.257996	0.955971	-0.759691	0.647174	-0.063526	-0.635069	-0.717359	0.286502
64812	9.350560	-0.881158	3.343513	-0.312008	-0.345494	0.057262	0.137148	0.255887	0.956928	-0.757827	0.649211	-0.064989	-0.637878	-0.716273	0.282957
64813	9.065876	-0.785603	3.233148	-0.324365	-0.334830	0.060246	0.134490	0.253851	0.957848	-0.755694	0.651533	-0.066565	-0.640967	-0.714887	0.279458
64814	8.924307	-0.547785	3.190922	-0.321427	-0.312755	0.042515	0.132096	0.251892	0.958698	-0.753729	0.653669	-0.067894	-0.643773	-0.713630	0.276205
64815	8.769296	-0.596980	3.323408	-0.308875	-0.287000	0.025721	0.130031	0.249998	0.959475	-0.751610	0.655983	-0.069060	-0.646664	-0.712171	0.273199
64816	8.875306	-0.871120	3.606022	-0.301714	-0.266181	0.016736	0.128117	0.248211	0.960197	-0.749720	0.658036	-0.070069	-0.649235	-0.710901	0.270394
64817	8.887762	-1.379439	3.532922	-0.310253	-0.245338	0.007450	0.126460	0.246480	0.960862	-0.747398	0.660563	-0.071081	-0.652230	-0.709158	0.267753
64818	8.782813	-1.827287	3.384276	-0.308756	-0.236083	0.026095	0.124658	0.244977	0.961481	-0.745456	0.662634	-0.072183	-0.654794	-0.707744	0.265223
64819	8.883815	-2.114739	3.168445	-0.256758	-0.224925	0.052800	0.122765	0.243713	0.962046	-0.743578	0.664600	-0.073475	-0.657283	-0.706336	0.262809
64820	8.819130	-2.126479	2.864815	-0.176512	-0.223416	0.083034	0.120613	0.242686	0.962578	-0.742561	0.665593	-0.074765	-0.658829	-0.705755	0.260488
64821	9.006959	-1.946647	2.659988	-0.060473	-0.228763	0.112322	0.118305	0.241802	0.963087	-0.741926	0.666147	-0.076112	-0.659961	-0.705535	0.258208
64822	9.120472	-1.619149	2.527033	0.037209	-0.238154	0.137127	0.115651	0.241032	0.963602	-0.742375	0.665502	-0.077367	-0.659927	-0.706407	0.255902
64823	9.303443	-1.126037	2.398201	0.090263	-0.245776	0.143018	0.112976	0.240239	0.964117	-0.742833	0.664845	-0.078620	-0.659876	-0.707296	0.253569
64824	9.451703	-0.574211	2.259085	0.075150	-0.269396	0.128076	0.110183	0.239180	0.964703	-0.743514	0.663955	-0.079695	-0.659581	-0.708489	0.250990
64825	9.659251	0.074060	2.102817	0.031652	-0.303062	0.085725	0.107544	0.237595	0.965393	-0.743462	0.663906	-0.080575	-0.660074	-0.709068	0.248042
64826	9.317358	0.307419	1.951178	-0.020405	-0.314414	0.050143	0.105031	0.235696	0.966135	-0.743423	0.663881	-0.081139	-0.660523	-0.709725	0.244950
64827	9.846120	0.311412	2.373942	-0.064945	-0.371403	0.022808	0.102427	0.233212	0.967017	-0.742711	0.664620	-0.081615	-0.661732	-0.709854	0.241284
64828	9.998086	-0.036250	2.294020	-0.130141	-0.364337	-0.008742	0.100014	0.230565	0.967903	-0.741882	0.665513	-0.081873	-0.663029	-0.709882	0.237613
64829	10.076700	-0.271803	2.332354	-0.186133	-0.371596	-0.016073	0.097692	0.227820	0.968790	-0.740261	0.667267	-0.082266	-0.665184	-0.709121	0.233833
64830	9.940173	-0.665585	2.329373	-0.241901	-0.371983	-0.013126	0.095247	0.225093	0.969671	-0.738679	0.668961	-0.082731	-0.667294	-0.708395	0.229988
64831	9.520539	-1.157087	2.292612	-0.289409	-0.392371	-0.007246	0.092709	0.222271	0.970567	-0.736309	0.671481	-0.083444	-0.670264	-0.706901	0.225912
64832	9.326474	-1.766034	2.358612	-0.312997	-0.419495	0.009071	0.089761	0.219367	0.971505	-0.734257	0.673622	-0.084265	-0.672912	-0.705770	0.221537
64833	9.399476	-2.054913	2.373436	-0.320185	-0.430762	0.006669	0.086851	0.216387	0.972437	-0.731700	0.676289	-0.085138	-0.676071	-0.704138	0.217067
64834	9.360584	-1.994121	2.291278	-0.315782	-0.419068	-0.002114	0.083963	0.213423	0.973345	-0.729600	0.678466	-0.085829	-0.678700	-0.702947	0.212680
64835	9.388705	-1.717583	2.330159	-0.328907	-0.404726	-0.032808	0.081477	0.210377	0.974219	-0.727026	0.681166	-0.086291	-0.681759	-0.701252	0.208449
64836	9.249491	-1.546605	2.311212	-0.332126	-0.369566	-0.062515	0.079342	0.207361	0.975042	-0.724748	0.683575	-0.086400	-0.684430	-0.699805	0.204521
64837	9.119926	-1.604331	2.393043	-0.324598	-0.347649	-0.082169	0.077498	0.204401	0.975815	-0.722431	0.686032	-0.086326	-0.687086	-0.698269	0.200832
64838	9.112850	-1.697247	2.332214	-0.328555	-0.344203	-0.093381	0.075738	0.201358	0.976585	-0.720140	0.688466	-0.086102	-0.689683	-0.696757	0.197149
64839	9.091024	-1.590294	2.009085	-0.338064	-0.339160	-0.099135	0.074031	0.198349	0.977332	-0.717771	0.690965	-0.085861	-0.692333	-0.695144	0.193521
64840	9.186009	-1.375784	1.887768	-0.316417	-0.345716	-0.102109	0.072300	0.195241	0.978087	-0.715543	0.693316	-0.085503	-0.694817	-0.693681	0.189830
64841	9.321006	-1.187003	1.937794	-0.287263	-0.350319	-0.102011	0.070518	0.192140	0.978831	-0.713541	0.695426	-0.085103	-0.697056	-0.692434	0.186140
64842	9.346940	-0.864162	1.945584	-0.278474	-0.347474	-0.106289	0.068785	0.188996	0.979566	-0.711565	0.697508	-0.084610	-0.699246	-0.691204	0.182461
64843	9.298242	-0.561859	2.081972	-0.288142	-0.349799	-0.115969	0.067085	0.185805	0.980294	-0.709552	0.699623	-0.084049	-0.701453	-0.689931	0.178772
64844	9.291170	-0.337105	2.193027	-0.312743	-0.359824	-0.125968	0.065385	0.182442	0.981040	-0.707313	0.701963	-0.083402	-0.703870	-0.688449	0.174941
64845	9.395217	-0.371658	2.239287	-0.352318	-0.363444	-0.136136	0.063710	0.179021	0.981780	-0.704824	0.704541	-0.082730	-0.706515	-0.686712	0.171065
64846	9.421971	-0.271223	2.310645	-0.384139	-0.362046	-0.142733	0.062086	0.175532	0.982514	-0.702057	0.707382	-0.082014	-0.709409	-0.684689	0.167152
64847	9.362567	-0.225275	2.445174	-0.410098	-0.362930	-0.148552	0.060476	0.172033	0.983233	-0.699136	0.710353	-0.081286	-0.712427	-0.682498	0.163233
64848	9.289738	-0.211677	2.514997	-0.449037	-0.369650	-0.146188	0.058791	0.168475	0.983951	-0.695885	0.713615	-0.080608	-0.715743	-0.679977	0.159193
64849	9.286470	-0.361325	2.651479	-0.519087	-0.397237	-0.149828	0.056911	0.164744	0.984693	-0.692160	0.717297	-0.080003	-0.719497	-0.677012	0.154851
64850	8.432118	-0.854379	2.611687	-0.585849	-0.454308	-0.145629	0.054573	0.160630	0.985505	-0.687894	0.721445	-0.079498	-0.723757	-0.673584	0.149868
64851	9.710691	-0.975483	2.981415	-0.631403	-0.490240	-0.152471	0.051990	0.156272	0.986345	-0.683319	0.725836	-0.078981	-0.728267	-0.669882	0.144520
64852	9.544265	-1.242083	2.957478	-0.682684	-0.515011	-0.155482	0.049221	0.151703	0.987200	-0.678295	0.730590	-0.078451	-0.733140	-0.665751	0.138860
64853	9.491032	-1.483620	3.025090	-0.742342	-0.566045	-0.153845	0.046028	0.146862	0.988085	-0.672857	0.735649	-0.077999	-0.738340	-0.661250	0.132678
64854	9.298341	-1.315945	2.853313	-0.814457	-0.615627	-0.163130	0.042493	0.141606	0.989011	-0.666791	0.741207	-0.077477	-0.744032	-0.656171	0.125918
64855	9.060527	-0.926585	2.675404	-0.859888	-0.626539	-0.209797	0.039138	0.135999	0.989936	-0.660387	0.747017	-0.076518	-0.749905	-0.650746	0.119049
64856	8.934836	-0.730052	2.565887	-0.869702	-0.650696	-0.265817	0.035921	0.129794	0.990890	-0.653783	0.752963	-0.074928	-0.755829	-0.645136	0.111905
64857	9.040349	-0.510721	2.591608	-0.904916	-0.639569	-0.327726	0.033134	0.123261	0.991821	-0.646914	0.759087	-0.072726	-0.761843	-0.639213	0.104891
64858	8.959854	-0.578509	2.421596	-0.985986	-0.664747	-0.383942	0.030453	0.116113	0.992769	-0.639292	0.765775	-0.069954	-0.768361	-0.632539	0.097550
64859	9.183757	-0.604747	2.431591	-1.068509	-0.669607	-0.427308	0.027936	0.108670	0.993685	-0.631037	0.772873	-0.066781	-0.775250	-0.625186	0.090166
64860	9.301706	-1.107154	2.490465	-1.169641	-0.659068	-0.437043	0.025476	0.101189	0.994541	-0.621853	0.780556	-0.063488	-0.782719	-0.616841	0.082810
64861	9.847393	-1.888158	2.641714	-1.171110	-0.659446	-0.400165	0.022700	0.094070	0.995307	-0.612671	0.788019	-0.060505	-0.790012	-0.608422	0.075522
64862	10.659613	-2.102477	2.966861	-1.077420	-0.559006	-0.345241	0.020302	0.087968	0.995916	-0.604094	0.794807	-0.057890	-0.796654	-0.600452	0.069277
64863	11.197120	-2.350368	3.935162	-0.886575	-0.395282	-0.266207	0.018682	0.083552	0.996328	-0.597091	0.800222	-0.055910	-0.801956	-0.593855	0.064838
64864	11.814639	-2.833867	5.024013	-0.653863	-0.156264	-0.146391	0.018232	0.081463	0.996510	-0.591854	0.804173	-0.054911	-0.805839	-0.588787	0.062876
64865	11.587803	-3.468665	5.599270	-0.409628	0.118289	0.008562	0.019079	0.082306	0.996424	-0.588704	0.806452	-0.055342	-0.808123	-0.585543	0.063840
64866	11.296487	-3.226558	5.672951	-0.157872	0.376257	0.138183	0.021245	0.085631	0.996100	-0.587502	0.807223	-0.056864	-0.808944	-0.584003	0.067458
64867	10.833892	-1.938015	5.112803	0.046133	0.617802	0.184682	0.025098	0.090825	0.995551	-0.588096	0.806653	-0.058766	-0.808402	-0.584004	0.073659
64868	10.568828	0.065436	3.925373	0.098858	0.807947	0.086742	0.031052	0.096254	0.994872	-0.588966	0.805958	-0.059594	-0.807561	-0.584095	0.081716
64869	10.914153	1.676893	2.332111	-0.056930	0.898728	-0.105378	0.038873	0.100752	0.994152	-0.588659	0.806248	-0.058692	-0.807446	-0.582935	0.090650
64870	10.001588	2.408981	0.507857	-0.393200	0.834597	-0.262609	0.047098	0.103491	0.993515	-0.585415	0.808763	-0.056494	-0.809365	-0.578957	0.098676
64871	9.990407	2.583040	-0.576666	-0.649076	0.676464	-0.393754	0.054826	0.104295	0.993034	-0.580132	0.812774	-0.053334	-0.812675	-0.573167	0.105066
64872	10.339597	2.293402	-0.880046	-0.819901	0.523381	-0.530019	0.062084	0.102967	0.992745	-0.573190	0.817957	-0.048992	-0.817068	-0.565990	0.109801
64873	10.957282	1.442160	-1.302300	-0.988605	0.380914	-0.649026	0.068849	0.099869	0.992616	-0.564828	0.824049	-0.043732	-0.822332	-0.557646	0.113144
64874	10.935308	0.464120	-1.636579	-1.098621	0.293007	-0.730554	0.075296	0.095458	0.992582	-0.555284	0.830802	-0.037776	-0.828245	-0.548321	0.115562
64875	10.870033	-0.204796	-1.301645	-1.128355	0.219467	-0.787828	0.081407	0.090163	0.992594	-0.545443	0.837561	-0.031346	-0.834185	-0.538852	0.117362
64876	10.770101	-0.503034	-0.631600	-1.102954	0.177401	-0.809043	0.087202	0.084322	0.992616	-0.535580	0.844125	-0.024657	-0.839970	-0.529474	0.118771
64877	10.836247	-0.711695	-0.261946	-0.992257	0.197083	-0.785989	0.092988	0.078783	0.992546	-0.526662	0.849881	-0.018118	-0.844973	-0.521052	0.120520
64878	10.789724	-0.831612	0.149215	-0.820496	0.249716	-0.709030	0.098748	0.074048	0.992354	-0.519085	0.854637	-0.012118	-0.848999	-0.513920	0.122830
64879	10.493370	-0.962880	0.543615	-0.645275	0.294320	-0.587383	0.104232	0.070605	0.992044	-0.513151	0.858268	-0.007168	-0.851946	-0.508321	0.125690
64880	10.913858	-1.195918	1.075771	-0.468122	0.338953	-0.441437	0.109317	0.068543	0.991641	-0.508740	0.860913	-0.003425	-0.853952	-0.504113	0.128983
64881	11.015489	-1.591120	1.524961	-0.259776	0.448338	-0.277959	0.114507	0.068490	0.991059	-0.506363	0.862320	-0.001088	-0.854684	-0.501711	0.133422
64882	10.837338	-1.822505	2.456271	-0.093058	0.603994	-0.090263	0.120063	0.070756	0.990242	-0.505516	0.862817	-0.000359	-0.854423	-0.500539	0.139360
64883	10.717284	-1.649418	3.337526	0.043525	0.757766	0.101494	0.125966	0.075518	0.989156	-0.506173	0.862431	-0.001383	-0.853183	-0.500510	0.146862
64884	10.277591	-1.343181	4.008074	0.174366	0.944516	0.285630	0.132504	0.082728	0.987724	-0.508083	0.861299	-0.003980	-0.851055	-0.501318	0.156159
64885	9.746518	-0.476719	4.730751	0.272898	1.106488	0.440409	0.139606	0.092176	0.985908	-0.511173	0.859441	-0.007970	-0.848064	-0.502856	0.167101
64886	9.268817	0.590673	4.974749	0.287277	1.257773	0.537214	0.147435	0.103138	0.983680	-0.514430	0.857437	-0.012798	-0.844763	-0.504147	0.179474
64887	9.107502	1.476524	4.692323	0.211633	1.392113	0.564374	0.156207	0.115104	0.980995	-0.517251	0.855644	-0.018032	-0.841458	-0.504604	0.193195
64888	8.411027	1.962537	4.125529	0.038729	1.452619	0.546487	0.165520	0.127115	0.977980	-0.518511	0.854753	-0.023342	-0.838898	-0.503229	0.207389
64889	8.703894	2.350331	3.979792	-0.223414	1.499645	0.501716	0.175437	0.139033	0.974624	-0.517672	0.855094	-0.028798	-0.837399	-0.499483	0.221988
64890	9.104078	2.415035	3.406009	-0.497757	1.528456	0.427198	0.185969	0.150293	0.970993	-0.514332	0.856912	-0.034128	-0.837184	-0.493067	0.236659
64891	9.376480	2.029610	2.723303	-0.688503	1.583543	0.360529	0.197333	0.161237	0.966986	-0.509431	0.859610	-0.039373	-0.837580	-0.484843	0.251769
64892	8.976949	1.591224	2.215849	-0.785513	1.594643	0.290269	0.209164	0.171413	0.962740	-0.503496	0.862864	-0.044241	-0.838297	-0.475482	0.266786
64893	9.392880	1.092843	2.009539	-0.803237	1.574834	0.224369	0.221198	0.180867	0.958310	-0.497409	0.866150	-0.048661	-0.838842	-0.465908	0.281556
64894	9.703401	0.520375	1.761165	-0.764504	1.569398	0.174269	0.233442	0.189637	0.953699	-0.491449	0.869318	-0.052563	-0.839036	-0.456424	0.296133
64895	10.325812	0.186240	1.921761	-0.722131	1.568144	0.161979	0.245756	0.198231	0.948846	-0.485939	0.872174	-0.056352	-0.838730	-0.447232	0.310670
64896	10.702745	-0.300367	1.604818	-0.647265	1.589258	0.172021	0.258187	0.206792	0.943704	-0.481006	0.874657	-0.060065	-0.837838	-0.438419	0.325293
64897	10.795107	-0.422515	1.692442	-0.526336	1.600413	0.165025	0.270739	0.215287	0.938271	-0.477191	0.876508	-0.063421	-0.836056	-0.430564	0.340038
64898	10.632708	-0.479409	1.590958	-0.396358	1.589618	0.169669	0.283143	0.223586	0.932652	-0.474412	0.877794	-0.066409	-0.833525	-0.423658	0.354613
64899	10.547689	-0.339697	1.456403	-0.242533	1.593140	0.164353	0.295561	0.231827	0.926769	-0.473018	0.878357	-0.068864	-0.829998	-0.418025	0.369267
64900	9.957818	-0.365714	1.390619	-0.134305	1.583127	0.155439	0.307875	0.239794	0.920713	-0.472437	0.878514	-0.070827	-0.825843	-0.413173	0.383760
64901	9.905540	-0.669190	1.268726	-0.026574	1.564498	0.159500	0.319947	0.247716	0.914478	-0.472858	0.878156	-0.072438	-0.820999	-0.409242	0.398098
64902	9.728296	-0.907231	1.262297	0.124491	1.541406	0.185489	0.331622	0.255654	0.908112	-0.474543	0.877146	-0.073644	-0.815375	-0.406517	0.412200
64903	9.151960	-1.133980	1.298189	0.294712	1.556963	0.223275	0.343143	0.264012	0.901416	-0.477822	0.875295	-0.074468	-0.808665	-0.405163	0.426502
64904	8.373755	-1.175204	1.563670	0.475226	1.558792	0.240027	0.354478	0.272448	0.894493	-0.482546	0.872690	-0.074580	-0.800934	-0.405197	0.440818
64905	7.676434	-0.975272	2.175904	0.566727	1.500062	0.252412	0.365144	0.280812	0.887589	-0.488098	0.869618	-0.074329	-0.792736	-0.406089	0.454600
64906	7.119703	-0.885518	2.739082	0.554488	1.414265	0.225865	0.375133	0.288545	0.880918	-0.493370	0.866685	-0.073785	-0.784769	-0.406939	0.467481
64907	6.684323	-0.420690	3.490660	0.509145	1.274219	0.200979	0.384025	0.295553	0.874742	-0.498234	0.863949	-0.073174	-0.777359	-0.407725	0.479033
64908	5.945918	-0.023873	4.161641	0.336817	1.111069	0.174779	0.391697	0.301612	0.869255	-0.501582	0.862018	-0.073081	-0.771355	-0.407377	0.488933
64909	5.329826	-0.278560	4.483571	0.132852	0.890523	0.058284	0.398191	0.305813	0.864825	-0.502958	0.861226	-0.072964	-0.767123	-0.405917	0.496744
64910	5.319811	-0.051734	4.772287	-0.033008	0.653847	-0.032171	0.403303	0.308205	0.861601	-0.502639	0.861420	-0.072863	-0.764657	-0.403688	0.502329
64911	5.710311	0.436452	4.662447	-0.109777	0.432919	-0.099173	0.407046	0.309174	0.859491	-0.501524	0.862093	-0.072593	-0.763405	-0.401507	0.505969
64912	6.235456	0.746619	4.243238	-0.146124	0.254226	-0.129972	0.409579	0.309093	0.858316	-0.499941	0.863043	-0.072229	-0.763089	-0.399523	0.508013
64913	6.831991	0.553586	4.057832	-0.114867	0.144450	-0.145518	0.411348	0.308490	0.857687	-0.498590	0.863877	-0.071592	-0.763021	-0.398184	0.509164
64914	7.052468	0.274238	4.008704	-0.015465	0.093649	-0.139828	0.412702	0.307678	0.857328	-0.497959	0.864332	-0.070483	-0.762702	-0.397826	0.509922
64915	6.535660	0.036591	3.919668	0.173332	0.058321	-0.122843	0.413701	0.306921	0.857118	-0.498890	0.863948	-0.068570	-0.761551	-0.399240	0.510536
64916	5.602491	0.158490	3.446601	0.390468	-0.063112	-0.108849	0.413708	0.305751	0.857533	-0.501473	0.862678	-0.065655	-0.759849	-0.402868	0.510223
64917	5.092048	0.779233	2.909767	0.486911	-0.292278	-0.140337	0.412138	0.303426	0.859113	-0.504706	0.861063	-0.061995	-0.758560	-0.408049	0.508018
64918	5.055451	1.137993	2.884374	0.400800	-0.469576	-0.213112	0.409597	0.299687	0.861637	-0.506933	0.860022	-0.058144	-0.758452	-0.412976	0.504184
64919	5.510805	0.904384	3.860928	0.232365	-0.600663	-0.297815	0.406495	0.294697	0.864821	-0.507590	0.859878	-0.054427	-0.759680	-0.416850	0.499121
64920	7.141084	-0.549187	6.416026	0.129326	-0.611904	-0.308345	0.403348	0.289507	0.868042	-0.507388	0.860200	-0.051126	-0.761490	-0.419812	0.493852
64921	9.643615	-2.502420	9.693760	0.200785	-0.507394	-0.148847	0.400187	0.286151	0.870614	-0.508429	0.859716	-0.048864	-0.762463	-0.423090	0.489535
64922	11.127115	-4.211726	11.645427	0.635142	-0.213807	0.138786	0.397792	0.286452	0.871612	-0.513880	0.856574	-0.046982	-0.760058	-0.429215	0.487941
64923	10.410946	-3.290286	12.230839	1.312780	0.083789	0.335430	0.396627	0.289761	0.871048	-0.525273	0.849820	-0.043519	-0.752844	-0.440278	0.489265
64924	7.984591	-0.393878	13.100798	1.638179	0.199701	0.339986	0.396254	0.293548	0.869950	-0.538938	0.841467	-0.038456	-0.743323	-0.453610	0.491639
64925	6.287551	1.491443	11.567721	1.462031	0.005549	0.251381	0.394867	0.295782	0.869824	-0.550891	0.833905	-0.033484	-0.735254	-0.465956	0.492225
64926	7.262285	2.553180	5.713128	0.718799	-0.372369	0.144268	0.391276	0.295252	0.871625	-0.556795	0.830063	-0.031226	-0.732723	-0.473098	0.489179
64927	10.502118	4.087144	2.223822	-0.655134	-0.646638	0.039555	0.386246	0.292634	0.874745	-0.552279	0.832933	-0.034786	-0.738784	-0.469668	0.483333
64928	11.562099	2.650630	1.120246	-1.537942	-0.594910	0.137984	0.381006	0.291046	0.877569	-0.541425	0.839628	-0.043397	-0.749462	-0.458603	0.477483
64929	10.365490	0.881502	1.155215	-1.253315	-0.543825	0.376207	0.374839	0.291819	0.879964	-0.533526	0.844142	-0.052673	-0.758186	-0.449740	0.472111
64930	9.923121	-0.680332	2.383483	-0.758199	-0.575797	0.442944	0.368043	0.293007	0.882435	-0.529460	0.846200	-0.060149	-0.764340	-0.445077	0.466573
64931	10.589416	-0.853731	1.528173	-0.753647	-0.734204	0.371022	0.360406	0.292963	0.885596	-0.525142	0.848378	-0.066937	-0.770930	-0.440940	0.459608
64932	11.467911	0.484448	0.757021	-0.904831	-0.845710	0.237350	0.352556	0.291294	0.889299	-0.519039	0.851612	-0.073180	-0.778655	-0.435781	0.451433
64933	11.211623	0.889716	1.167955	-0.953807	-0.846568	0.104067	0.345350	0.288570	0.893007	-0.512041	0.855377	-0.078389	-0.786478	-0.430184	0.443164
64934	10.866735	0.125055	1.409408	-0.863321	-0.861355	0.018046	0.338393	0.285061	0.896789	-0.505343	0.858980	-0.082357	-0.793800	-0.425317	0.434727
64935	10.939557	-1.382545	1.577693	-0.627288	-0.816465	0.005428	0.331819	0.281687	0.900305	-0.500451	0.861571	-0.085120	-0.799653	-0.422314	0.426856
64936	10.295985	-2.892758	1.757157	-0.394062	-0.752551	0.051075	0.325471	0.278975	0.903461	-0.497520	0.863052	-0.087266	-0.804079	-0.421087	0.419694
64937	9.417793	-3.760758	1.963784	-0.164278	-0.706513	0.116180	0.319156	0.277038	0.906305	-0.496655	0.863371	-0.089016	-0.807139	-0.421711	0.413143
64938	8.905682	-3.793674	2.241012	0.062550	-0.687095	0.168613	0.312707	0.275609	0.908985	-0.497755	0.862603	-0.090309	-0.808984	-0.424212	0.406927
64939	8.780296	-3.150625	2.559642	0.215513	-0.689557	0.218554	0.305982	0.274597	0.911576	-0.500265	0.861029	-0.091450	-0.810006	-0.428048	0.400831
64940	8.932504	-2.521479	2.905680	0.266756	-0.674750	0.247947	0.299211	0.273849	0.914046	-0.503238	0.859164	-0.092672	-0.810693	-0.432254	0.394883
64941	8.613658	-1.911636	3.050853	0.231208	-0.666903	0.233455	0.292568	0.273004	0.916446	-0.505899	0.857464	-0.093930	-0.811462	-0.436148	0.388979
64942	8.658351	-1.170465	2.927378	0.116820	-0.725902	0.181115	0.285695	0.271400	0.919087	-0.507432	0.856421	-0.095162	-0.812952	-0.439186	0.382392
64943	8.763822	-0.559145	2.490420	-0.009656	-0.809870	0.110737	0.278482	0.268830	0.922051	-0.507760	0.856105	-0.096248	-0.815247	-0.441377	0.374911
64944	9.042151	-0.029302	2.317687	-0.102618	-0.884590	0.051294	0.270937	0.265379	0.925293	-0.507123	0.856384	-0.097124	-0.818181	-0.442923	0.366606
64945	9.279056	-0.281977	2.207605	-0.182433	-0.930997	0.005442	0.263219	0.261340	0.928664	-0.505730	0.857123	-0.097864	-0.821555	-0.443893	0.357779
64946	9.423550	-0.944368	2.112884	-0.208247	-0.966562	-0.019120	0.255298	0.256902	0.932108	-0.504025	0.858060	-0.098444	-0.825095	-0.444673	0.348546
64947	9.459496	-1.352800	2.119106	-0.191233	-0.978649	-0.006026	0.247180	0.252532	0.935484	-0.502512	0.858875	-0.099074	-0.828483	-0.445602	0.339197
64948	10.412471	-1.310118	2.531073	-0.158252	-0.956483	-0.003995	0.239201	0.248251	0.938698	-0.501248	0.859554	-0.099591	-0.831585	-0.446698	0.330041
64949	8.696219	-1.473447	2.516919	-0.152481	-0.903484	0.007651	0.231578	0.244312	0.941639	-0.500076	0.860166	-0.100189	-0.834443	-0.447689	0.321370
64950	9.203840	-1.561900	3.172559	-0.183540	-0.940872	0.027590	0.223515	0.240354	0.944601	-0.498663	0.860885	-0.101057	-0.837482	-0.448450	0.312276
64951	8.946010	-1.971806	3.251130	-0.215075	-0.908219	0.031003	0.215682	0.236584	0.947370	-0.497008	0.861725	-0.102045	-0.840514	-0.448841	0.303442
64952	8.893729	-2.087132	3.343626	-0.228675	-0.889773	0.049612	0.207883	0.233037	0.949988	-0.495246	0.862598	-0.103227	-0.843514	-0.449019	0.294731
64953	8.847438	-2.105035	3.371662	-0.248370	-0.862206	0.043277	0.200324	0.229581	0.952451	-0.493322	0.863559	-0.104396	-0.846465	-0.448952	0.286249
64954	8.627629	-2.065367	3.335210	-0.268091	-0.817978	0.023734	0.193210	0.226136	0.954742	-0.491154	0.864672	-0.105408	-0.849375	-0.448559	0.278131
64955	8.627079	-1.904518	3.406224	-0.282230	-0.795254	-0.008581	0.186425	0.222542	0.956933	-0.488828	0.865899	-0.106140	-0.852228	-0.447989	0.270210
64956	8.454132	-1.809436	3.155191	-0.309256	-0.753524	-0.039980	0.180127	0.218845	0.958990	-0.486173	0.867335	-0.106611	-0.855097	-0.447032	0.262627
64957	8.258111	-1.542681	2.966720	-0.326448	-0.728169	-0.057407	0.174106	0.215145	0.960937	-0.483373	0.868857	-0.106950	-0.857926	-0.445870	0.255269
64958	8.670057	-1.358626	2.818813	-0.347953	-0.708851	-0.080614	0.168342	0.211310	0.962813	-0.480302	0.870542	-0.107081	-0.860796	-0.444415	0.248042
64959	8.606931	-1.201693	2.520628	-0.383020	-0.690202	-0.101857	0.162817	0.207413	0.964609	-0.476932	0.872393	-0.107083	-0.863728	-0.442618	0.240962
64960	8.646148	-1.118661	2.234600	-0.415039	-0.713894	-0.129476	0.157194	0.203151	0.966447	-0.473191	0.874456	-0.106849	-0.866822	-0.440518	0.233589
64961	8.830513	-1.194064	1.989012	-0.444940	-0.740190	-0.154032	0.151431	0.198603	0.968311	-0.469191	0.876660	-0.106430	-0.870016	-0.438206	0.225936
64962	8.789257	-1.415666	1.780353	-0.480214	-0.792582	-0.175675	0.145282	0.193620	0.970260	-0.464802	0.879068	-0.105825	-0.873414	-0.435604	0.217707
64963	9.228243	-1.582312	1.621462	-0.464431	-0.839497	-0.190630	0.138756	0.188348	0.972251	-0.460570	0.881390	-0.105015	-0.876711	-0.433218	0.209045
64964	9.850175	-1.695768	1.696410	-0.398721	-0.849365	-0.190360	0.132110	0.183019	0.974193	-0.456867	0.883433	-0.104012	-0.879670	-0.431336	0.200325
64965	9.778583	-1.708122	1.704648	-0.338889	-0.826948	-0.182024	0.125592	0.177902	0.976001	-0.453751	0.885161	-0.102955	-0.882234	-0.429931	0.191892
64966	9.632057	-1.717141	1.900373	-0.273175	-0.812620	-0.165573	0.119102	0.172968	0.977700	-0.451192	0.886592	-0.101886	-0.884443	-0.428996	0.183637
64967	9.635689	-1.883949	2.257962	-0.179642	-0.782811	-0.157860	0.112821	0.168265	0.979264	-0.449524	0.887572	-0.100720	-0.886115	-0.428840	0.175776
64968	9.315873	-2.005980	2.623435	-0.084220	-0.722789	-0.149406	0.107023	0.163860	0.980661	-0.448670	0.888148	-0.099437	-0.887266	-0.429351	0.168571
64969	9.293465	-2.027298	3.007992	-0.023798	-0.674614	-0.142598	0.101612	0.159752	0.981914	-0.448421	0.888419	-0.098137	-0.888028	-0.430339	0.161910
64970	9.104159	-1.914199	3.193204	-0.010257	-0.630944	-0.119082	0.096480	0.155998	0.983034	-0.448268	0.888619	-0.097020	-0.888677	-0.431302	0.155663
64971	9.060439	-1.762687	3.379909	-0.031738	-0.593974	-0.103218	0.091601	0.152580	0.984037	-0.448007	0.888848	-0.096117	-0.889325	-0.432051	0.149776
64972	9.162766	-1.363554	3.387480	-0.118524	-0.583780	-0.113504	0.086854	0.149071	0.985005	-0.446907	0.889499	-0.095211	-0.890354	-0.431936	0.143877
64973	9.325609	-0.888468	3.224849	-0.245176	-0.555904	-0.156705	0.082538	0.145346	0.985932	-0.444715	0.890718	-0.094079	-0.891861	-0.430693	0.138156
64974	9.399499	-0.348341	2.946645	-0.386298	-0.549696	-0.208038	0.078491	0.141153	0.986871	-0.441153	0.892643	-0.092588	-0.893993	-0.428094	0.132335
64975	9.454193	0.067349	2.554641	-0.522493	-0.571952	-0.252051	0.074419	0.136530	0.987837	-0.436411	0.895150	-0.090842	-0.896665	-0.424342	0.126200
64976	9.549864	0.137963	2.052014	-0.641806	-0.588626	-0.288217	0.070321	0.131486	0.988821	-0.430493	0.898213	-0.088823	-0.899850	-0.419434	0.119767
64977	9.163207	-0.070543	1.423228	-0.746192	-0.623589	-0.322531	0.066022	0.126052	0.989824	-0.423672	0.901670	-0.086566	-0.903407	-0.413645	0.112935
64978	8.952471	-0.499546	0.983902	-0.849945	-0.701655	-0.379350	0.061202	0.119770	0.990913	-0.415791	0.905594	-0.083777	-0.907399	-0.406885	0.105224
64979	9.307946	-0.977262	0.731864	-0.925704	-0.791544	-0.444018	0.055779	0.112613	0.992072	-0.407236	0.909779	-0.080375	-0.911618	-0.399524	0.096606
64980	9.819398	-1.517430	0.647141	-0.933526	-0.846682	-0.493924	0.049973	0.104784	0.993239	-0.398501	0.913983	-0.076372	-0.915806	-0.391990	0.087431
64981	10.070071	-2.314127	0.787680	-0.867409	-0.902789	-0.501400	0.043615	0.096749	0.994353	-0.390432	0.917798	-0.072175	-0.919598	-0.385079	0.077804
64982	10.831844	-2.983688	1.071339	-0.744939	-0.937089	-0.481385	0.036786	0.088769	0.995373	-0.383431	0.921065	-0.067972	-0.922836	-0.379157	0.067919
64983	11.348293	-3.156064	1.635203	-0.631170	-0.959764	-0.439901	0.029540	0.081166	0.996263	-0.377587	0.923755	-0.064064	-0.925503	-0.374283	0.057935
64984	11.608841	-3.274279	1.778434	-0.507698	-0.922754	-0.420640	0.022510	0.073868	0.997014	-0.372828	0.925946	-0.060185	-0.927627	-0.370360	0.048383
64985	11.396697	-3.272708	1.929701	-0.409085	-0.873969	-0.462321	0.016060	0.066437	0.997661	-0.369088	0.927715	-0.055837	-0.929255	-0.367329	0.039421
64986	12.172066	-2.156714	2.008717	-0.427458	-0.782271	-0.577120	0.010845	0.058245	0.998243	-0.365090	0.929614	-0.050274	-0.930909	-0.363903	0.031346
64987	12.260443	-0.014806	2.068554	-0.549512	-0.636723	-0.729460	0.007509	0.049237	0.998759	-0.360061	0.931926	-0.043235	-0.932898	-0.359290	0.024726
64988	12.594654	2.062563	2.560103	-0.690370	-0.446757	-0.867151	0.006372	0.039581	0.999196	-0.353607	0.934747	-0.034773	-0.935372	-0.353101	0.019952
64989	12.229567	2.056780	2.931924	-0.819479	-0.215700	-0.952680	0.007642	0.029989	0.999521	-0.346020	0.937881	-0.025494	-0.938196	-0.345659	0.017544
64990	11.897261	0.519138	2.844747	-0.874431	-0.013503	-0.935596	0.010657	0.021182	0.999719	-0.337772	0.941086	-0.016339	-0.941167	-0.337503	0.017184
64991	11.619232	-0.741936	2.865804	-0.760604	0.191628	-0.822794	0.015178	0.014149	0.999785	-0.330653	0.943716	-0.008336	-0.943630	-0.330455	0.019003
64992	12.147382	-1.115817	3.624093	-0.541241	0.404957	-0.692294	0.021217	0.008968	0.999735	-0.325471	0.945551	-0.001574	-0.945314	-0.325351	0.022981
64993	11.154526	-1.182798	3.733287	-0.392012	0.730577	-0.541589	0.029851	0.006295	0.999535	-0.321790	0.946804	0.003648	-0.946341	-0.321749	0.030289
64994	10.558347	-1.089898	3.916474	-0.360650	0.871641	-0.384220	0.039277	0.005475	0.999213	-0.318299	0.947962	0.007317	-0.947176	-0.318336	0.038976
64995	11.085093	-0.827384	3.583578	-0.360033	1.069617	-0.250175	0.050179	0.006586	0.998719	-0.314954	0.949059	0.009566	-0.947780	-0.315030	0.049697
64996	10.830058	-0.853526	3.034056	-0.304197	1.261257	-0.119734	0.062454	0.009435	0.998003	-0.312061	0.950004	0.010547	-0.948007	-0.312096	0.062276
64997	10.805529	-0.740555	2.787868	-0.224584	1.442972	0.006837	0.076088	0.014093	0.997001	-0.310125	0.950641	0.010230	-0.947646	-0.309973	0.076703
64998	10.122433	-0.706431	2.333432	-0.148386	1.580665	0.112753	0.090656	0.020084	0.995680	-0.308873	0.951061	0.008939	-0.946773	-0.308349	0.092423
64999	9.905896	-0.551947	2.390651	-0.088549	1.662190	0.193471	0.105764	0.027153	0.994020	-0.308421	0.951226	0.006832	-0.945352	-0.307299	0.108980
65000	10.029942	-0.121941	2.407749	-0.092903	1.718714	0.218722	0.121268	0.034536	0.992019	-0.307852	0.951423	0.004510	-0.943674	-0.305942	0.126009
65001	9.602902	0.286867	2.117403	-0.181222	1.749347	0.237098	0.137011	0.042244	0.989668	-0.306651	0.951820	0.001825	-0.941909	-0.303733	0.143364
65002	9.627280	0.816619	1.922478	-0.304100	1.751819	0.236125	0.152721	0.049814	0.987013	-0.304193	0.952610	-0.001009	-0.940289	-0.300088	0.160637
65003	10.039964	1.669580	1.732082	-0.399359	1.731700	0.237473	0.168249	0.057356	0.984074	-0.301022	0.953608	-0.004114	-0.938657	-0.295536	0.177709
65004	9.143076	1.833330	0.984606	-0.462176	1.729578	0.238169	0.183703	0.064726	0.980849	-0.297170	0.954796	-0.007350	-0.936986	-0.290129	0.194633
65005	9.069294	1.746932	0.817958	-0.538284	1.651185	0.219519	0.198490	0.071682	0.977478	-0.292742	0.956132	-0.010672	-0.935363	-0.284031	0.210767
65006	8.794667	1.375325	0.694959	-0.687905	1.551158	0.207185	0.212335	0.078045	0.974075	-0.286802	0.957884	-0.014229	-0.934162	-0.276346	0.225776
65007	9.688038	0.881642	0.655724	-0.826393	1.466496	0.174633	0.225508	0.083821	0.970629	-0.279650	0.959935	-0.017925	-0.933243	-0.267394	0.239914
65008	9.962851	-0.124708	0.636040	-0.893326	1.401814	0.168587	0.238067	0.089156	0.967148	-0.271774	0.962114	-0.021793	-0.932450	-0.257657	0.253278
65009	10.324714	-0.930406	0.819472	-0.883499	1.367012	0.217348	0.250197	0.094819	0.963541	-0.264248	0.964097	-0.026258	-0.931437	-0.248044	0.266270
65010	11.048830	-2.342486	0.859428	-0.717752	1.384032	0.325781	0.262173	0.101373	0.959682	-0.258470	0.965510	-0.031378	-0.929763	-0.239822	0.279332
65011	11.514063	-3.213324	0.892779	-0.351011	1.478952	0.478558	0.274635	0.109625	0.955279	-0.256677	0.965787	-0.037038	-0.926656	-0.235026	0.293378
65012	11.369805	-3.390255	0.995084	0.116542	1.623164	0.650782	0.287905	0.119752	0.950142	-0.259653	0.964748	-0.042915	-0.921787	-0.234352	0.308850
65013	10.660665	-3.312009	1.077976	0.559826	1.723625	0.796910	0.301596	0.131629	0.944306	-0.267335	0.962369	-0.048765	-0.915189	-0.237739	0.325436
65014	10.071423	-3.204379	1.073962	0.985308	1.759209	0.890604	0.315140	0.144465	0.937986	-0.279128	0.958741	-0.053881	-0.907069	-0.244838	0.342461
65015	9.652149	-2.884592	1.004806	1.339204	1.750207	0.971288	0.328096	0.158268	0.931292	-0.294535	0.953858	-0.058338	-0.897553	-0.255157	0.359573
65016	9.235192	-2.347206	0.896783	1.562614	1.679762	1.029302	0.339912	0.172479	0.924506	-0.311987	0.948051	-0.062164	-0.887200	-0.267303	0.376065
65017	9.235820	-1.778950	0.702928	1.716725	1.629527	1.028865	0.350912	0.186810	0.917585	-0.330878	0.941424	-0.065126	-0.876003	-0.280755	0.392168
65018	8.880277	-0.890657	0.541867	1.844099	1.613114	0.995639	0.361500	0.200824	0.910487	-0.350537	0.934159	-0.066867	-0.863968	-0.294987	0.408095
65019	8.335250	-0.096015	0.419118	1.890769	1.603702	0.916016	0.371884	0.214334	0.903196	-0.370307	0.926462	-0.067384	-0.851219	-0.309401	0.423906
