// General information: 
//  MT Manager version: 2022.2.0 
//  XDA version: 2022.2.0 build 7381 rev 124627 built on 2023-07-19
// Device information: 
//  DeviceId: 00B4CBA7
//  ProductCode: MTW2-3A7G6
//  Firmware Version: 4.6.0
//  Hardware Version: 2.0.0
// Device settings: 
//  Filter Profile: human(46.1)
//  Option Flags: Orientation Smoother Disabled, Position/Velocity Smoother Disabled, Continuous Zero Rotation Update Disabled, AHS Disabled, ICC Disabled
// Coordinate system: ENU
PacketCounter	Acc_X	Acc_Y	Acc_Z	Gyr_X	Gyr_Y	Gyr_Z	Mat[1][1]	Mat[2][1]	Mat[3][1]	Mat[1][2]	Mat[2][2]	Mat[3][2]	Mat[1][3]	Mat[2][3]	Mat[3][3]
30425	9.316200	-0.576545	-2.853020	0.049660	-0.003173	-0.002409	0.276923	0.096961	0.955987	0.500924	-0.863578	-0.057515	0.819993	0.494805	-0.287715
30426	9.302516	-0.653323	-2.827000	0.060063	-0.003923	-0.002830	0.276876	0.097078	0.955989	0.501630	-0.863160	-0.057632	0.819577	0.495510	-0.287686
30427	9.332925	-0.553442	-2.745655	0.071514	-0.005608	0.000564	0.276900	0.097130	0.955977	0.502210	-0.862812	-0.057802	0.819214	0.496106	-0.287692
30428	9.360796	-0.434799	-2.679917	0.055475	-0.007095	0.002665	0.276692	0.097520	0.955998	0.503686	-0.861947	-0.057855	0.818378	0.497530	-0.287613
30429	9.348687	-0.500330	-2.756908	0.030862	-0.001637	0.005389	0.276706	0.097510	0.955994	0.503918	-0.861805	-0.057953	0.818230	0.497779	-0.287604
30430	9.354570	-0.531856	-2.795211	0.047665	-0.009670	0.002075	0.276788	0.097611	0.955960	0.504129	-0.861680	-0.057981	0.818072	0.497976	-0.287712
30431	9.366874	-0.465456	-2.753276	0.033449	-0.004950	0.004373	0.276825	0.097627	0.955948	0.504385	-0.861523	-0.058077	0.817902	0.498243	-0.287733
30432	9.332570	-0.557016	-2.781508	0.011673	-0.005568	0.004773	0.276915	0.097611	0.955924	0.504232	-0.861613	-0.058086	0.817966	0.498092	-0.287812
30433	9.335374	-0.572996	-2.801034	0.015190	-0.007849	0.006880	0.276988	0.097620	0.955902	0.504332	-0.861550	-0.058154	0.817880	0.498199	-0.287872
30434	9.317096	-0.607948	-2.840310	0.012759	-0.005398	0.005909	0.276694	0.098063	0.955941	0.505853	-0.860659	-0.058129	0.817039	0.499650	-0.287745
30435	9.327459	-0.518585	-2.848142	0.023275	-0.008101	0.006178	0.276765	0.098079	0.955919	0.506021	-0.860555	-0.058212	0.816911	0.499826	-0.287801
30436	9.339217	-0.455564	-2.772182	0.010664	-0.008788	0.007011	0.276795	0.098231	0.955895	0.506177	-0.860467	-0.058148	0.816804	0.499947	-0.287895
30437	9.406691	-0.565312	-2.801162	-0.012463	-0.006769	0.007576	0.276862	0.098228	0.955876	0.506049	-0.860543	-0.058142	0.816861	0.499817	-0.287960
30438	9.355796	-0.554636	-2.818675	0.003592	-0.005324	0.005478	0.277066	0.098067	0.955833	0.505519	-0.860850	-0.058212	0.817120	0.499320	-0.288087
30439	9.418793	-0.622706	-2.912714	0.001945	-0.011265	0.000613	0.277135	0.098147	0.955805	0.505528	-0.860847	-0.058181	0.817091	0.499310	-0.288187
30440	9.273970	-0.646086	-2.918033	0.030239	-0.004394	-0.001714	0.277263	0.098038	0.955779	0.505425	-0.860898	-0.058313	0.817111	0.499243	-0.288246
30441	9.409897	-0.574926	-2.891147	0.033909	-0.007532	-0.001595	0.277290	0.098119	0.955763	0.505701	-0.860733	-0.058353	0.816931	0.499512	-0.288291
30442	9.378246	-0.523172	-2.938083	0.019164	0.002808	0.003293	0.277334	0.098024	0.955760	0.505621	-0.860775	-0.058434	0.816966	0.499458	-0.288286
30443	9.350340	-0.482639	-3.037654	0.007299	0.008142	0.003186	0.277258	0.097985	0.955786	0.505666	-0.860747	-0.058444	0.816964	0.499513	-0.288197
30444	9.226009	-0.619087	-3.105540	0.022572	0.007701	-0.004024	0.277010	0.098200	0.955836	0.506369	-0.860340	-0.058361	0.816613	0.500172	-0.288048
30445	9.390216	-0.555102	-3.129288	0.020216	0.022614	-0.001358	0.276792	0.098128	0.955906	0.506532	-0.860243	-0.058364	0.816585	0.500352	-0.287814
30446	9.258356	-0.514583	-3.055197	0.038711	0.021587	-0.002478	0.276439	0.098259	0.955995	0.507359	-0.859758	-0.058342	0.816192	0.501161	-0.287523
30447	9.324925	-0.477438	-2.977874	0.021532	0.034383	0.001425	0.276139	0.098103	0.956098	0.507526	-0.859657	-0.058375	0.816189	0.501364	-0.287174
30448	9.370753	-0.492431	-2.767283	0.013972	0.029038	-0.000465	0.275823	0.098065	0.956193	0.507750	-0.859528	-0.058314	0.816156	0.501592	-0.286870
30449	9.366207	-0.744890	-2.878124	-0.025782	0.039373	-0.001295	0.275468	0.097907	0.956311	0.507538	-0.859662	-0.058186	0.816408	0.501393	-0.286501
30450	9.328505	-0.669688	-2.815201	0.065836	0.030175	-0.006583	0.274747	0.098274	0.956481	0.509888	-0.858264	-0.058282	0.815186	0.503711	-0.285914
30451	9.385510	-0.428832	-2.680958	0.027502	0.034841	-0.004212	0.274414	0.098163	0.956588	0.510119	-0.858127	-0.058278	0.815154	0.503966	-0.285557
30452	9.314517	-0.598520	-2.679826	-0.002004	0.029777	-0.003745	0.274126	0.098087	0.956679	0.510255	-0.858049	-0.058233	0.815165	0.504114	-0.285263
30453	9.341813	-0.707624	-2.931012	-0.007977	0.038628	-0.012892	0.273718	0.098032	0.956801	0.510221	-0.858082	-0.058045	0.815324	0.504068	-0.284890
30454	9.292262	-0.567522	-2.827384	0.048406	0.019984	-0.010625	0.273573	0.097922	0.956854	0.510212	-0.858087	-0.058059	0.815378	0.504081	-0.284711
30455	9.315399	-0.540916	-2.873511	-0.005695	0.037017	-0.009932	0.273193	0.097850	0.956970	0.510188	-0.858112	-0.057906	0.815521	0.504054	-0.284352
30456	9.339885	-0.539795	-2.835155	0.014419	0.030560	-0.012469	0.272867	0.097879	0.957060	0.510281	-0.858068	-0.057731	0.815572	0.504122	-0.284084
30457	9.405863	-0.471251	-2.875575	0.015022	0.037408	-0.011424	0.272477	0.097817	0.957177	0.510430	-0.857987	-0.057622	0.815609	0.504273	-0.283710
30458	9.357859	-0.451919	-2.957334	-0.016954	0.049180	-0.009030	0.271909	0.097822	0.957338	0.510809	-0.857774	-0.057434	0.815561	0.504633	-0.283205
30459	9.361966	-0.597736	-3.055106	-0.013455	0.051009	-0.012963	0.271399	0.097705	0.957495	0.510729	-0.857835	-0.057230	0.815781	0.504553	-0.282716
30460	9.503130	-0.506076	-3.193686	-0.007651	0.062591	-0.007612	0.270803	0.097553	0.957679	0.510725	-0.857851	-0.057033	0.815982	0.504555	-0.282131
30461	9.344837	-0.423189	-3.216627	0.017013	0.072523	-0.009977	0.270133	0.097301	0.957894	0.510886	-0.857761	-0.056943	0.816103	0.504757	-0.281419
30462	9.381271	-0.331765	-3.181613	-0.018403	0.083500	-0.006357	0.269406	0.096995	0.958130	0.510435	-0.858048	-0.056660	0.816625	0.504327	-0.280673
30463	9.389010	-0.367873	-3.142207	-0.040430	0.101116	-0.004467	0.268530	0.096553	0.958420	0.510111	-0.858253	-0.056461	0.817116	0.504062	-0.279719
30464	9.315327	-0.472052	-3.249396	-0.060230	0.120127	-0.002975	0.267582	0.096004	0.958740	0.509292	-0.858760	-0.056150	0.817938	0.503303	-0.278683
30465	9.280987	-0.523157	-3.296477	-0.057088	0.136843	0.002738	0.266449	0.095321	0.959124	0.508812	-0.859056	-0.055974	0.818606	0.502928	-0.277396
30466	9.353568	-0.366590	-3.143728	-0.044473	0.140446	-0.001365	0.265445	0.094543	0.959479	0.507898	-0.859607	-0.055811	0.819499	0.502133	-0.276196
30467	9.521435	-0.280538	-2.665338	-0.095433	0.143174	0.004286	0.264266	0.093817	0.959876	0.507099	-0.860096	-0.055546	0.820374	0.501431	-0.274868
30468	9.543517	-0.616576	-2.410387	-0.156854	0.152608	0.003549	0.262852	0.093211	0.960323	0.506422	-0.860524	-0.055089	0.821246	0.500809	-0.273395
30469	9.387362	-0.982958	-2.478102	-0.133016	0.142947	0.001285	0.261657	0.092515	0.960717	0.505320	-0.861197	-0.054696	0.822306	0.499781	-0.272088
30470	9.607132	-0.867171	-2.202518	-0.075491	0.145205	-0.003383	0.260479	0.091812	0.961104	0.504618	-0.861624	-0.054453	0.823111	0.499174	-0.270765
30471	9.481434	-0.782778	-2.339412	-0.098936	0.173149	0.013081	0.259092	0.090865	0.961569	0.503763	-0.862135	-0.054269	0.824071	0.498464	-0.269147
30472	9.354434	-0.488906	-2.138182	-0.097841	0.179181	0.007568	0.257811	0.089773	0.962016	0.502371	-0.862958	-0.054101	0.825322	0.497237	-0.267580
30473	9.247517	-0.284223	-2.050853	-0.144127	0.172435	0.003923	0.256380	0.088913	0.962478	0.501165	-0.863683	-0.053712	0.826500	0.496131	-0.265991
30474	9.197486	-0.412952	-2.037099	-0.184935	0.139096	-0.002784	0.254961	0.088530	0.962890	0.500566	-0.864069	-0.053099	0.827302	0.495528	-0.264619
30475	9.171527	-0.559908	-1.976531	-0.180456	0.097954	-0.009991	0.254073	0.088162	0.963159	0.499092	-0.864958	-0.052483	0.828465	0.494039	-0.263763
30476	9.167341	-0.656553	-2.017798	-0.164458	0.054444	-0.015743	0.253556	0.087988	0.963311	0.497666	-0.865814	-0.051909	0.829481	0.492569	-0.263321
30477	9.118717	-0.747656	-2.168174	-0.138778	0.026842	-0.029915	0.253158	0.088145	0.963401	0.496585	-0.866476	-0.051213	0.830250	0.491375	-0.263127
30478	9.095031	-0.611195	-2.118520	-0.071038	-0.017966	-0.037999	0.253336	0.088396	0.963331	0.495254	-0.867270	-0.050660	0.830990	0.489928	-0.263489
30479	9.258716	-0.322387	-1.906005	-0.050212	-0.053826	-0.038154	0.253568	0.089020	0.963213	0.494928	-0.867487	-0.050118	0.831113	0.489429	-0.264026
30480	9.384301	-0.220141	-1.808123	-0.120538	-0.079261	-0.039160	0.254173	0.089632	0.962996	0.493416	-0.868389	-0.049406	0.831827	0.487715	-0.264947
30481	9.481811	-0.459621	-1.983028	-0.149424	-0.094322	-0.035638	0.254757	0.090431	0.962768	0.492258	-0.869090	-0.048624	0.832335	0.486317	-0.265922
30482	9.616486	-0.511656	-2.047799	-0.152876	-0.107569	-0.038165	0.255438	0.091328	0.962502	0.491151	-0.869761	-0.047819	0.832780	0.484949	-0.267026
30483	9.394086	-0.714672	-2.373585	-0.198451	-0.115013	-0.031338	0.256217	0.092187	0.962213	0.489573	-0.870698	-0.046944	0.833469	0.483101	-0.268220
30484	9.372193	-0.693037	-2.524882	-0.182074	-0.134766	-0.031702	0.257430	0.092836	0.961827	0.487038	-0.872160	-0.046172	0.834580	0.480332	-0.269734
30485	9.443803	-0.636660	-2.685846	-0.136642	-0.124853	-0.037147	0.258266	0.093789	0.961510	0.485988	-0.872785	-0.045404	0.834934	0.479009	-0.270991
30486	9.431355	-0.446548	-2.622711	-0.114075	-0.143597	-0.047850	0.259030	0.095116	0.961175	0.485956	-0.872845	-0.044587	0.834716	0.478638	-0.272315
30487	9.552882	-0.323330	-2.547135	-0.095515	-0.139197	-0.057491	0.259887	0.096314	0.960824	0.485303	-0.873251	-0.043731	0.834829	0.477656	-0.273688
30488	9.489132	-0.422380	-2.490186	-0.138593	-0.137850	-0.064850	0.260782	0.097465	0.960465	0.483977	-0.874038	-0.042713	0.835320	0.475981	-0.275104
30489	9.431107	-0.659609	-2.574361	-0.162789	-0.132705	-0.066749	0.261543	0.098710	0.960131	0.482786	-0.874751	-0.041581	0.835771	0.474413	-0.276441
30490	9.471835	-0.766317	-2.585806	-0.097947	-0.141519	-0.069518	0.262432	0.099943	0.959761	0.481960	-0.875250	-0.040642	0.835969	0.473232	-0.277862
30491	9.525989	-0.663878	-2.567503	-0.083806	-0.136002	-0.062649	0.263242	0.101165	0.959411	0.481419	-0.875588	-0.039765	0.836026	0.472347	-0.279194
30492	9.384468	-0.645719	-2.826924	-0.058405	-0.132866	-0.071537	0.263866	0.102585	0.959089	0.481616	-0.875520	-0.038857	0.835715	0.472166	-0.280427
30493	9.407206	-0.451082	-3.004994	-0.022800	-0.144876	-0.079409	0.264669	0.103994	0.958715	0.481631	-0.875550	-0.037989	0.835453	0.471802	-0.281818
30494	9.417313	-0.361351	-3.075775	-0.023718	-0.126358	-0.087949	0.265251	0.105412	0.958400	0.481802	-0.875496	-0.037052	0.835170	0.471587	-0.283014
30495	9.377835	-0.388864	-3.249836	-0.024870	-0.108118	-0.091833	0.265686	0.106756	0.958130	0.481834	-0.875520	-0.036060	0.835013	0.471240	-0.284052
30496	9.479052	-0.148082	-3.137648	-0.011089	-0.103712	-0.099482	0.265880	0.108334	0.957900	0.482709	-0.875081	-0.035016	0.834446	0.471697	-0.284960
30497	9.504856	-0.177280	-3.082376	-0.041634	-0.093403	-0.097590	0.266163	0.109658	0.957670	0.482617	-0.875175	-0.033920	0.834409	0.471216	-0.285862
30498	9.537440	-0.278122	-2.879832	-0.087846	-0.087701	-0.094917	0.266412	0.110921	0.957456	0.482272	-0.875408	-0.032776	0.834529	0.470486	-0.286713
30499	9.387428	-0.831934	-2.954873	-0.084416	-0.082763	-0.102114	0.266585	0.112234	0.957254	0.481836	-0.875695	-0.031514	0.834726	0.469641	-0.287525
30500	9.398736	-0.601629	-3.000660	0.045984	-0.085925	-0.101589	0.266924	0.113445	0.957017	0.482036	-0.875615	-0.030651	0.834501	0.469498	-0.288407
30501	9.683885	-0.136834	-2.868195	0.052947	-0.073834	-0.099579	0.267034	0.114693	0.956838	0.482740	-0.875256	-0.029809	0.834059	0.469864	-0.289091
30502	9.544149	-0.420190	-3.110070	-0.026539	-0.050439	-0.099786	0.266704	0.116034	0.956768	0.483766	-0.874724	-0.028769	0.833570	0.470525	-0.289426
30503	9.212439	-0.884749	-3.309985	0.016228	-0.056901	-0.122991	0.266558	0.117407	0.956641	0.484225	-0.874508	-0.027597	0.833350	0.470586	-0.289959
30504	9.151643	-1.251419	-3.230150	0.101109	-0.058225	-0.151609	0.266274	0.119058	0.956516	0.485633	-0.873763	-0.026432	0.832621	0.471554	-0.290479
30505	9.039765	-1.421670	-3.364904	0.253764	-0.065636	-0.176126	0.265937	0.120936	0.956375	0.488209	-0.872356	-0.025444	0.831222	0.473677	-0.291033
30506	9.307156	-0.339858	-3.109481	0.440956	-0.063204	-0.170363	0.265749	0.122627	0.956211	0.491944	-0.870264	-0.025116	0.829077	0.477077	-0.291597
30507	9.247858	0.668943	-3.169569	0.328740	-0.033865	-0.141076	0.265307	0.124045	0.956151	0.495038	-0.868521	-0.024684	0.827375	0.479880	-0.291832
30508	9.204959	0.890959	-3.126788	0.088103	0.001182	-0.122091	0.264710	0.125150	0.956173	0.495961	-0.868021	-0.023692	0.827013	0.480496	-0.291844
30509	8.993740	-0.064697	-3.361041	-0.050082	-0.003565	-0.119063	0.264123	0.126230	0.956193	0.495858	-0.868115	-0.022365	0.827263	0.480043	-0.291882
30510	9.270817	-0.293605	-2.886799	0.080565	-0.029874	-0.122196	0.263467	0.127672	0.956182	0.497855	-0.866996	-0.021416	0.826272	0.481682	-0.291987
30511	9.616097	0.035284	-2.391847	0.128128	-0.031285	-0.108001	0.263161	0.128788	0.956117	0.499194	-0.866243	-0.020715	0.825562	0.482739	-0.292252
30512	9.597044	0.093032	-2.127652	0.156170	-0.037691	-0.106781	0.263104	0.129817	0.955994	0.500300	-0.865618	-0.020145	0.824910	0.483584	-0.292695
30513	9.487509	0.259646	-2.025255	0.176402	-0.050135	-0.098146	0.262999	0.130939	0.955869	0.502009	-0.864639	-0.019682	0.823905	0.485031	-0.293132
30514	9.516650	0.726030	-1.850171	0.160079	-0.049362	-0.068273	0.263026	0.131837	0.955739	0.503532	-0.863758	-0.019427	0.822966	0.486355	-0.293575
30515	9.298682	0.462172	-2.028957	-0.055612	-0.039013	-0.058014	0.263029	0.132557	0.955638	0.503223	-0.863955	-0.018668	0.823154	0.485809	-0.293951
30516	9.184708	-0.784651	-2.679927	0.021281	-0.083259	-0.072431	0.263444	0.133607	0.955378	0.503265	-0.863945	-0.017954	0.822995	0.485539	-0.294841
30517	9.446895	-0.003336	-2.397644	0.169969	-0.091853	-0.048735	0.263928	0.134504	0.955118	0.504788	-0.863056	-0.017949	0.821907	0.486870	-0.295681
30518	9.193876	0.288515	-2.580046	0.073338	-0.095282	-0.033739	0.264476	0.135257	0.954860	0.505743	-0.862499	-0.017906	0.821144	0.487649	-0.296516
30519	9.308360	0.353548	-2.771632	-0.003906	-0.083223	-0.023124	0.265017	0.135892	0.954620	0.505769	-0.862489	-0.017632	0.820953	0.487490	-0.297304
30520	9.087809	0.374858	-3.141656	-0.031421	-0.064630	-0.010153	0.265506	0.136341	0.954420	0.505545	-0.862624	-0.017407	0.820933	0.487125	-0.297958
30521	9.034085	0.291934	-3.401212	-0.070048	-0.059153	-0.003483	0.265948	0.136689	0.954247	0.504977	-0.862963	-0.017124	0.821140	0.486427	-0.298528
30522	9.127219	0.221817	-3.676321	-0.040696	-0.060691	0.009835	0.266427	0.137025	0.954066	0.504803	-0.863067	-0.017013	0.821091	0.486148	-0.299115
30523	9.496054	0.500368	-3.768264	-0.037128	-0.047955	0.031982	0.266956	0.137011	0.953920	0.504410	-0.863294	-0.017165	0.821161	0.485748	-0.299571
30524	9.640344	0.276268	-3.886350	-0.076512	-0.022146	0.039700	0.267525	0.136636	0.953814	0.503097	-0.864056	-0.017330	0.821781	0.484497	-0.299898
30525	10.108872	-0.063715	-2.986311	-0.204256	0.091641	0.050008	0.266997	0.135790	0.954083	0.501281	-0.865115	-0.017154	0.823061	0.482843	-0.299052
30526	9.695131	-0.335981	-2.987139	-0.351470	0.269661	0.062705	0.264853	0.134224	0.954901	0.498925	-0.866486	-0.016587	0.825182	0.480818	-0.296460
30527	9.141088	0.288008	-2.326946	-0.202761	0.220419	0.067949	0.263346	0.132606	0.955544	0.497068	-0.867553	-0.016596	0.826784	0.479341	-0.294381
30528	9.148558	0.567354	-1.749519	-0.273252	0.135651	0.077250	0.262782	0.131264	0.955885	0.494036	-0.869286	-0.016443	0.828779	0.476562	-0.293281
30529	9.148854	0.149068	-1.553674	-0.267038	0.031482	0.072605	0.262853	0.130513	0.955968	0.491627	-0.870653	-0.016313	0.830188	0.474267	-0.293017
30530	9.309525	0.101103	-1.646696	-0.179347	-0.054489	0.073664	0.263428	0.130369	0.955829	0.490684	-0.871183	-0.016410	0.830563	0.473333	-0.293464
30531	9.420467	0.219623	-2.003047	-0.080676	-0.128366	0.083678	0.264879	0.130277	0.955441	0.489790	-0.871676	-0.016930	0.830629	0.472449	-0.294697
30532	9.359261	0.075635	-2.508137	-0.064687	-0.183715	0.091489	0.266884	0.130376	0.954869	0.488818	-0.872210	-0.017534	0.830560	0.471436	-0.296509
30533	9.314335	0.163414	-2.636320	0.042580	-0.238191	0.100884	0.269329	0.130649	0.954145	0.488898	-0.872143	-0.018581	0.829723	0.471484	-0.298768
30534	9.391328	0.509728	-2.696636	0.035470	-0.273880	0.128443	0.272034	0.131118	0.953313	0.489377	-0.871849	-0.019734	0.828557	0.471898	-0.301339
30535	9.583948	0.675179	-3.098869	0.019161	-0.280378	0.152716	0.275078	0.131140	0.952436	0.489115	-0.871961	-0.021205	0.827707	0.471684	-0.303999
30536	9.610009	0.588041	-4.075801	-0.027205	-0.246262	0.183907	0.278024	0.130770	0.951631	0.488261	-0.872400	-0.022765	0.827226	0.470974	-0.306398
30537	9.477604	0.371600	-4.858225	0.018737	-0.232325	0.208458	0.280937	0.130076	0.950870	0.487831	-0.872587	-0.024764	0.826496	0.470821	-0.308597
30538	9.451472	0.316417	-5.040528	0.054913	-0.205389	0.221372	0.283728	0.129114	0.950173	0.487676	-0.872605	-0.027049	0.825633	0.471051	-0.310549
30539	9.492595	0.368577	-4.281017	0.031238	-0.165944	0.218708	0.286139	0.128018	0.949598	0.487309	-0.872742	-0.029182	0.825018	0.471097	-0.312110
30540	9.671135	0.062101	-3.168741	-0.133685	-0.114457	0.210424	0.288236	0.126696	0.949141	0.485266	-0.873827	-0.030723	0.825492	0.469441	-0.313350
30541	9.586434	-0.423105	-2.111440	-0.155342	-0.097959	0.206421	0.290020	0.125382	0.948772	0.483385	-0.874817	-0.032153	0.825971	0.467947	-0.314322
30542	9.472582	-0.598885	-0.921833	-0.192312	-0.091208	0.207447	0.291562	0.124218	0.948452	0.481860	-0.875609	-0.033450	0.826318	0.466774	-0.315151
30543	9.435096	-0.627450	0.165665	-0.268718	-0.107001	0.216928	0.293465	0.122846	0.948044	0.479002	-0.877131	-0.034617	0.827306	0.464274	-0.316250
30544	8.957469	-0.959682	0.982302	-0.302252	-0.201693	0.193418	0.296059	0.122115	0.947332	0.475859	-0.878807	-0.035433	0.828195	0.461287	-0.318288
30545	9.309016	1.359369	2.572817	0.214670	-0.454145	0.241047	0.300939	0.122126	0.945791	0.476914	-0.878113	-0.038361	0.825826	0.462605	-0.322502
30546	10.883484	1.760801	3.857854	-0.752857	-0.477222	0.262902	0.306053	0.122170	0.944143	0.470109	-0.881777	-0.038291	0.827846	0.455569	-0.327304
30547	7.284957	-6.051252	-0.038207	-0.676510	-0.779015	0.095055	0.312925	0.124883	0.941532	0.464211	-0.884956	-0.036905	0.828605	0.448617	-0.334897
30548	8.665604	-2.338457	1.595679	0.567259	-1.048305	0.103949	0.321954	0.128801	0.937953	0.468837	-0.882389	-0.039758	0.822519	0.452548	-0.344475
30549	9.364468	0.995894	2.278655	0.289350	-1.219193	0.144852	0.332605	0.133078	0.933629	0.470735	-0.881270	-0.042085	0.817179	0.453490	-0.355760
30550	9.641913	-0.476753	1.387805	-0.157603	-1.361409	0.094689	0.344030	0.138641	0.928667	0.469474	-0.881934	-0.042255	0.813165	0.450522	-0.368500
30551	9.541955	-2.282564	0.273105	0.060495	-1.532688	0.038336	0.356606	0.145227	0.922898	0.469831	-0.881719	-0.042795	0.807522	0.448867	-0.382658
30552	10.798744	-1.682849	0.648252	0.368819	-1.669077	0.044537	0.369981	0.152644	0.916413	0.473196	-0.879833	-0.044491	0.799499	0.450104	-0.397752
30553	11.517098	-1.642322	0.149836	0.182697	-1.794113	0.076982	0.384597	0.160063	0.909101	0.474361	-0.879133	-0.045893	0.791875	0.448892	-0.414040
30554	12.322139	-2.039835	-0.048479	0.176947	-1.954082	0.082916	0.400224	0.168375	0.900817	0.475768	-0.878303	-0.047212	0.783241	0.447475	-0.431625
30555	12.883199	-2.447824	-0.227095	0.204184	-2.119362	0.094909	0.417150	0.177037	0.891428	0.476972	-0.877556	-0.048920	0.773617	0.445593	-0.450514
30556	13.086336	-2.706823	-0.152183	0.341355	-2.290485	0.114741	0.435009	0.186764	0.880844	0.479931	-0.875804	-0.051321	0.761862	0.445070	-0.470616
30557	13.312843	-2.638075	-0.163681	0.433166	-2.420805	0.133246	0.453914	0.196394	0.869133	0.482616	-0.874133	-0.054528	0.749029	0.444208	-0.491564
30558	13.692839	-2.260937	0.905866	0.185214	-2.371995	0.117328	0.471666	0.206690	0.857211	0.484651	-0.872900	-0.056198	0.736644	0.441955	-0.511890
30559	13.934157	-1.209756	0.381398	-0.099617	-2.265776	0.077326	0.488589	0.215996	0.845356	0.483557	-0.873501	-0.056293	0.726260	0.436281	-0.531230
30560	13.850220	-0.350936	-0.285928	-0.431512	-2.169778	-0.020228	0.503806	0.226202	0.833674	0.481461	-0.874828	-0.053587	0.717200	0.428379	-0.549651
30561	13.224521	-0.063181	-3.690433	-0.596406	-2.143093	-0.146540	0.518362	0.236589	0.821782	0.477962	-0.877013	-0.048998	0.709121	0.418179	-0.567691
30562	13.109034	0.458090	-5.066618	-0.088140	-2.260951	-0.224047	0.532698	0.248824	0.808901	0.479799	-0.876148	-0.046460	0.697156	0.412859	-0.586107
30563	12.819594	1.373142	-5.864714	0.259124	-2.250852	-0.218125	0.547165	0.260019	0.795613	0.482772	-0.874526	-0.046207	0.683770	0.409383	-0.604040
30564	11.583043	1.865553	-6.775412	0.441880	-2.244904	-0.197351	0.560951	0.271642	0.782013	0.487911	-0.871615	-0.047220	0.668788	0.408041	-0.621471
30565	10.114141	1.704401	-7.167743	0.452757	-2.218890	-0.195712	0.574643	0.282407	0.768135	0.492025	-0.869229	-0.048510	0.653985	0.405817	-0.638448
30566	9.134401	1.084949	-7.366358	0.381588	-2.120160	-0.201045	0.587241	0.292778	0.754605	0.495777	-0.867043	-0.049416	0.639807	0.403135	-0.654316
30567	8.113470	0.156407	-7.948679	0.266137	-1.924520	-0.198955	0.598419	0.302258	0.741981	0.498651	-0.865380	-0.049643	0.627090	0.399697	-0.668581
30568	7.342834	-0.706293	-9.112406	0.266386	-1.665405	-0.204999	0.607668	0.310627	0.730924	0.501544	-0.863691	-0.049918	0.615787	0.396924	-0.680631
30569	6.287964	-1.437226	-9.415252	0.397602	-1.333266	-0.198143	0.614789	0.317654	0.721894	0.505193	-0.861489	-0.051160	0.605652	0.396148	-0.690110
30570	5.249473	-1.997529	-8.640474	0.539817	-0.940584	-0.209119	0.619316	0.323148	0.715558	0.509726	-0.858679	-0.053386	0.597182	0.397801	-0.696511
30571	4.611378	-2.459730	-8.875966	0.691011	-0.564066	-0.232897	0.621447	0.327430	0.711754	0.515284	-0.855155	-0.056506	0.590158	0.401871	-0.700152
30572	4.232663	-1.586365	-8.253348	1.039487	-0.168548	-0.236770	0.621146	0.330088	0.710788	0.522845	-0.850163	-0.062093	0.583789	0.410201	-0.700661
30573	5.957622	-0.180296	-4.903703	1.010893	0.398030	-0.185555	0.617826	0.330039	0.713698	0.529893	-0.845351	-0.067793	0.580951	0.420068	-0.697165
30574	7.701065	1.241118	-3.096442	0.693749	1.024220	-0.084316	0.611354	0.326355	0.720929	0.534440	-0.842135	-0.071986	0.583627	0.429302	-0.689260
30575	7.917443	1.994062	-4.457849	0.044917	1.622274	-0.064932	0.601435	0.319921	0.732070	0.535108	-0.841729	-0.071777	0.593241	0.434906	-0.677438
30576	6.969038	0.858366	-5.519854	-0.305283	2.092793	-0.095431	0.588291	0.311547	0.746226	0.533844	-0.842763	-0.069008	0.607392	0.438965	-0.662107
30577	6.743984	0.024478	-6.658339	-0.319104	2.543335	-0.094094	0.572105	0.301140	0.762896	0.532433	-0.843882	-0.066171	0.623868	0.444048	-0.643126
30578	6.644485	0.373036	-6.513224	-0.223581	2.997219	-0.055487	0.552761	0.288167	0.781930	0.531337	-0.844717	-0.064305	0.641979	0.451014	-0.620041
30579	6.663556	0.564202	-6.302721	-0.312671	3.453879	0.010029	0.530261	0.272411	0.802879	0.529249	-0.846166	-0.062444	0.662359	0.458034	-0.592862
30580	6.386338	0.414833	-6.690031	-0.390420	3.866859	0.107504	0.504702	0.253635	0.825194	0.526074	-0.848246	-0.061035	0.684486	0.464918	-0.561542
30581	6.100269	0.130640	-7.057506	-0.353423	4.223168	0.178413	0.476224	0.232358	0.848069	0.522742	-0.850337	-0.060560	0.707073	0.472162	-0.526414
30582	6.005596	-0.220226	-7.369161	-0.260913	4.537919	0.217735	0.444675	0.208888	0.870994	0.519882	-0.852052	-0.061074	0.729375	0.479972	-0.487483
30583	6.045616	-0.821587	-7.617977	-0.147064	4.825551	0.229246	0.410118	0.183598	0.893362	0.517812	-0.853218	-0.062366	0.750782	0.488171	-0.444990
30584	6.113674	-1.277034	-7.457398	0.080223	5.054851	0.237520	0.372813	0.156649	0.914588	0.517509	-0.853220	-0.064814	0.770191	0.497471	-0.399159
30585	6.481239	-1.298016	-7.198982	0.288829	5.247403	0.223022	0.333071	0.128405	0.934118	0.518966	-0.852093	-0.067914	0.787234	0.507396	-0.350446
30586	7.084090	-1.096681	-7.480589	0.383728	5.424132	0.161225	0.290713	0.099244	0.951649	0.521525	-0.850306	-0.070642	0.802183	0.516846	-0.298954
30587	7.775698	-1.347429	-9.151540	0.469424	5.543127	0.085795	0.246313	0.069647	0.966685	0.525082	-0.847941	-0.072700	0.814628	0.525496	-0.245429
30588	8.419605	-1.339349	-9.493525	0.710806	5.654514	-0.006750	0.199877	0.039727	0.979015	0.530930	-0.844166	-0.074140	0.823507	0.534607	-0.189821
30589	8.059324	-1.249783	-9.209336	0.827137	5.725098	-0.092769	0.152031	0.009681	0.988328	0.537917	-0.839698	-0.074521	0.829176	0.542968	-0.132868
30590	7.660290	0.885253	-5.433067	1.034728	5.537989	-0.147687	0.105193	-0.019380	0.994263	0.546704	-0.834041	-0.074098	0.830692	0.551362	-0.077140
30591	6.002593	4.144745	1.538945	0.440641	5.204711	-0.054732	0.061569	-0.047650	0.996965	0.550399	-0.831639	-0.073739	0.832629	0.553268	-0.024977
30592	9.187591	5.716810	4.861485	-0.561021	4.629944	0.159727	0.023707	-0.074401	0.996947	0.545669	-0.834614	-0.075262	0.837665	0.545787	0.020813
30593	16.306324	2.479518	-0.247535	-1.796961	4.359568	0.352030	-0.011169	-0.100714	0.994853	0.530483	-0.843961	-0.079483	0.847622	0.526864	0.062854
30594	8.846311	-2.308897	-2.462253	-1.488055	3.183117	0.289729	-0.036811	-0.119647	0.992134	0.517940	-0.851337	-0.083450	0.854625	0.510793	0.093308
30595	2.765231	-4.569547	-0.011009	-1.215400	1.939208	0.115680	-0.052871	-0.130388	0.990052	0.507549	-0.857340	-0.085806	0.859999	0.497964	0.111507
30596	2.209033	-3.099281	1.377313	-0.782117	0.935598	0.009741	-0.060943	-0.135063	0.988961	0.500850	-0.861176	-0.086747	0.863386	0.490035	0.120129
30597	3.501459	0.197371	2.081721	-1.364221	-0.032788	-0.063647	-0.061001	-0.134325	0.989058	0.488963	-0.867883	-0.087711	0.870169	0.478263	0.118621
30598	4.530312	-1.456266	-0.700351	-2.445353	-0.964355	-0.193839	-0.053536	-0.128091	0.990316	0.467450	-0.879579	-0.088498	0.882397	0.458185	0.106966
30599	8.164820	-4.768283	-1.432072	-2.396010	-1.506570	-0.316115	-0.041623	-0.118505	0.992081	0.445993	-0.890731	-0.087687	0.894068	0.438811	0.089927
30600	14.174293	-6.495583	1.038833	-2.147265	-1.080592	-0.139055	-0.032571	-0.112596	0.993107	0.426649	-0.900120	-0.088061	0.903831	0.420840	0.077357
30601	13.927538	-7.307791	-0.189996	-2.218117	-0.807447	0.094975	-0.024862	-0.110103	0.993609	0.406499	-0.909151	-0.090573	0.913313	0.401650	0.067361
30602	10.245493	-11.099620	-3.670248	-2.225482	-1.138380	-0.046466	-0.014648	-0.105218	0.994341	0.386036	-0.917940	-0.091446	0.922368	0.382512	0.054064
30603	9.718131	-12.048833	-4.083286	-0.123869	-1.474209	-0.279894	-0.002148	-0.096974	0.995285	0.384847	-0.918710	-0.088682	0.922978	0.382842	0.039293
30604	11.796902	2.164054	-1.896234	2.473273	-1.537824	-0.348535	0.010552	-0.087761	0.996086	0.407468	-0.909308	-0.084431	0.913158	0.406764	0.026165
30605	12.328777	9.885839	-2.024945	0.988297	-1.441909	-0.374726	0.022120	-0.078391	0.996677	0.416512	-0.905562	-0.080468	0.908861	0.416908	0.012619
30606	10.614421	1.641960	-4.762259	-0.477605	-1.418898	-0.511559	0.032868	-0.067871	0.997153	0.412257	-0.907943	-0.075388	0.910475	0.413561	-0.001862
30607	9.439178	-2.162742	-4.908597	0.208744	-1.343747	-0.632962	0.042454	-0.056519	0.997499	0.414374	-0.907483	-0.069055	0.909116	0.416269	-0.015106
30608	9.361608	-0.573537	-4.142407	1.384643	-1.201174	-0.574671	0.050885	-0.046244	0.997633	0.427139	-0.901947	-0.063595	0.902753	0.429364	-0.026143
30609	9.864860	2.601136	-2.734448	1.587278	-1.071364	-0.351517	0.058966	-0.038376	0.997522	0.441583	-0.895175	-0.060541	0.895281	0.444059	-0.035838
30610	9.817100	3.526188	-1.448059	0.521379	-0.985045	-0.208336	0.066815	-0.032105	0.997249	0.446339	-0.892940	-0.058652	0.892366	0.449030	-0.045331
30611	9.578507	1.429762	-1.352545	-0.595374	-0.933472	-0.220638	0.074150	-0.025934	0.996910	0.441157	-0.895674	-0.056114	0.894361	0.443955	-0.054973
30612	9.651474	-0.802864	-1.697027	-0.881670	-0.903860	-0.245656	0.081142	-0.019726	0.996507	0.433434	-0.899619	-0.053101	0.897525	0.436229	-0.064447
30613	9.709765	-0.980701	-1.488849	-0.651929	-0.880736	-0.233926	0.088024	-0.013770	0.996023	0.427756	-0.902495	-0.050281	0.899598	0.430480	-0.073551
30614	9.473999	-0.260780	-1.267251	-0.532682	-0.853678	-0.214951	0.094765	-0.008148	0.995466	0.423140	-0.904809	-0.047688	0.901095	0.425741	-0.082297
30615	9.282237	-0.778581	-1.258384	-0.611044	-0.847169	-0.244732	0.101354	-0.002316	0.994848	0.417850	-0.907416	-0.044683	0.902845	0.420226	-0.091002
30616	9.410083	-1.770544	-1.651920	-0.274427	-0.898544	-0.309058	0.108150	0.004281	0.994125	0.415680	-0.908572	-0.041309	0.903058	0.417706	-0.100042
30617	9.822714	-1.232385	-1.568960	0.242828	-0.919733	-0.318469	0.115095	0.011055	0.993293	0.418208	-0.907541	-0.038358	0.901030	0.419818	-0.109077
30618	9.595905	0.133678	-1.309807	0.411414	-0.921883	-0.292611	0.122132	0.017616	0.992358	0.422234	-0.905776	-0.035886	0.898222	0.423389	-0.118062
30619	9.378771	0.160709	-1.617088	0.185736	-0.923076	-0.292863	0.129151	0.024213	0.991329	0.424251	-0.904937	-0.033168	0.896287	0.424856	-0.127146
30620	9.753228	-0.178720	-2.340011	0.208586	-0.914340	-0.293882	0.136059	0.030788	0.990222	0.426489	-0.903979	-0.030494	0.894201	0.426468	-0.136125
30621	9.884598	-0.055055	-2.629455	0.254347	-0.873911	-0.280158	0.142641	0.037085	0.989080	0.429135	-0.902805	-0.028038	0.891906	0.428448	-0.144691
30622	9.828648	0.081019	-2.891110	0.262739	-0.835811	-0.277263	0.148866	0.043202	0.987913	0.431862	-0.901575	-0.025649	0.889570	0.430460	-0.152871
30623	9.920684	-0.147391	-3.255343	0.289605	-0.791475	-0.280995	0.154655	0.049180	0.986744	0.434845	-0.900204	-0.023288	0.887125	0.432682	-0.160607
30624	9.916996	0.224087	-3.201045	0.388611	-0.748718	-0.270565	0.160080	0.054894	0.985577	0.438697	-0.898384	-0.021216	0.884262	0.435766	-0.167895
30625	10.008127	0.618699	-2.985779	0.381769	-0.718075	-0.253650	0.165277	0.060341	0.984400	0.442465	-0.896577	-0.019331	0.881424	0.438758	-0.174883
30626	10.127569	0.794356	-2.705359	0.325370	-0.675874	-0.237623	0.170146	0.065479	0.983241	0.445717	-0.895002	-0.017527	0.878855	0.441229	-0.181466
30627	9.890524	0.551949	-2.866714	0.240306	-0.590520	-0.212773	0.174354	0.070023	0.982190	0.448178	-0.893804	-0.015837	0.876777	0.442957	-0.187221
30628	9.578350	0.308750	-3.008315	0.216109	-0.547519	-0.194596	0.178250	0.074232	0.981181	0.450409	-0.892708	-0.014287	0.874848	0.444479	-0.192560
30629	9.707917	0.223067	-2.744855	0.231204	-0.530688	-0.179150	0.182054	0.078223	0.980172	0.452738	-0.891550	-0.012939	0.872860	0.446117	-0.197725
30630	9.841269	0.569146	-2.292013	0.177093	-0.501551	-0.150330	0.185721	0.081848	0.979188	0.454556	-0.890640	-0.011768	0.871141	0.447282	-0.202615
30631	9.716611	0.608905	-1.905293	0.071869	-0.478361	-0.131113	0.189264	0.085186	0.978224	0.455414	-0.890217	-0.010590	0.869930	0.447501	-0.207280
30632	9.614228	0.307232	-1.578720	0.009623	-0.475984	-0.131924	0.192775	0.088538	0.977240	0.455752	-0.890058	-0.009264	0.868981	0.447165	-0.211933
30633	9.552520	0.179492	-1.390329	-0.018510	-0.459501	-0.118066	0.196203	0.091673	0.976269	0.455808	-0.890042	-0.008029	0.868184	0.446566	-0.216414
30634	9.310723	-0.036532	-1.214601	-0.063042	-0.453640	-0.103378	0.199642	0.094666	0.975285	0.455470	-0.890225	-0.006825	0.867577	0.445576	-0.220844
30635	9.179631	-0.177623	-1.455269	-0.052408	-0.477883	-0.097256	0.203318	0.097689	0.974227	0.455198	-0.890372	-0.005718	0.866866	0.444629	-0.225497
30636	9.473738	0.357650	-1.007906	-0.041467	-0.508940	-0.074258	0.207362	0.100660	0.973072	0.454996	-0.890480	-0.004844	0.866014	0.443749	-0.230451
30637	9.522779	0.367035	-1.105119	-0.173637	-0.522176	-0.066045	0.211558	0.103590	0.971860	0.453619	-0.891188	-0.003754	0.865721	0.441648	-0.235528
30638	9.501526	0.161812	-1.374680	-0.148931	-0.565400	-0.073553	0.216088	0.106787	0.970517	0.452495	-0.891763	-0.002627	0.865191	0.439721	-0.241019
30639	9.396731	0.114974	-1.620890	-0.142014	-0.570772	-0.062424	0.220717	0.109878	0.969129	0.451390	-0.892325	-0.001633	0.864599	0.437816	-0.246549
30640	9.138117	0.069977	-2.138812	-0.069733	-0.591359	-0.060083	0.225524	0.113049	0.967656	0.450931	-0.892558	-0.000820	0.863597	0.436531	-0.252271
30641	9.318983	0.268443	-2.252778	-0.029682	-0.611185	-0.051358	0.230542	0.116203	0.966099	0.450780	-0.892635	-0.000204	0.862350	0.435545	-0.258172
30642	9.299005	0.162769	-2.297252	-0.008363	-0.628575	-0.052699	0.235688	0.119458	0.964459	0.450841	-0.892604	0.000385	0.860926	0.434727	-0.264233
30643	9.506446	0.144597	-1.914532	0.063489	-0.664663	-0.057674	0.241119	0.122892	0.962683	0.451513	-0.892264	0.000814	0.859068	0.434468	-0.270629
30644	9.500280	0.107092	-1.564229	0.016337	-0.681591	-0.049828	0.246710	0.126346	0.960818	0.451787	-0.892125	0.001307	0.857335	0.433763	-0.277178
30645	9.150754	0.023461	-1.513775	-0.004591	-0.724727	-0.044807	0.252690	0.129916	0.958786	0.451849	-0.892093	0.001793	0.855559	0.432773	-0.284125
30646	9.208139	-0.012091	-1.307637	-0.036445	-0.769071	-0.042233	0.259037	0.133665	0.956574	0.451658	-0.892188	0.002361	0.853759	0.431433	-0.291480
30647	9.097451	-0.058483	-1.127755	-0.027623	-0.833248	-0.045142	0.265914	0.137687	0.954113	0.451531	-0.892251	0.002917	0.851710	0.430036	-0.299432
30648	9.284224	0.182990	-0.949170	-0.029363	-0.883128	-0.037138	0.273221	0.141857	0.951434	0.451394	-0.892318	0.003417	0.849467	0.428538	-0.307833
30649	9.134207	0.388400	-0.833428	-0.055258	-0.939198	-0.028304	0.281036	0.146156	0.948503	0.450994	-0.892518	0.003902	0.847126	0.426672	-0.316745
30650	9.231098	0.884956	-0.793901	0.038658	-1.044732	-0.006929	0.289799	0.150715	0.945146	0.451356	-0.892335	0.003900	0.843975	0.425468	-0.326624
30651	9.827875	0.563450	-0.870244	-0.214868	-1.071087	0.014213	0.298866	0.155157	0.941597	0.449495	-0.893272	0.004522	0.841804	0.421891	-0.336711
30652	9.040999	-0.387347	-1.907653	-0.099089	-1.148390	-0.000849	0.308468	0.160041	0.937675	0.448686	-0.893676	0.004927	0.838766	0.419202	-0.347479
30653	9.452293	0.184480	-2.313212	0.011588	-1.210043	0.006762	0.318600	0.165072	0.933405	0.448754	-0.893642	0.004867	0.834934	0.417318	-0.358791
30654	9.863664	0.628211	-3.146047	0.011934	-1.218075	0.033354	0.328850	0.169891	0.928975	0.448766	-0.893637	0.004569	0.830943	0.415390	-0.370115
30655	9.918784	0.445823	-4.105041	-0.027965	-1.226710	0.032640	0.339142	0.174711	0.924369	0.448419	-0.893813	0.004416	0.826985	0.413007	-0.381473
30656	10.121155	0.143728	-4.223557	0.092825	-1.258130	0.027859	0.349595	0.179699	0.919506	0.449113	-0.893466	0.003857	0.822241	0.411614	-0.393056
30657	10.786542	-0.343768	-3.885476	0.029798	-1.226652	0.037228	0.359796	0.184434	0.914621	0.449220	-0.893415	0.003442	0.817770	0.409627	-0.404298
30658	10.744240	-0.712543	-3.570249	-0.123954	-1.094314	0.064439	0.368969	0.188371	0.910153	0.447999	-0.894027	0.003418	0.814346	0.406486	-0.414258
30659	10.939077	-0.454830	-2.780462	0.138805	-1.153827	0.075938	0.378653	0.192408	0.905318	0.448837	-0.893611	0.002192	0.809424	0.405511	-0.424728
30660	11.850611	0.321918	-0.866317	-0.185022	-1.043554	0.095115	0.387462	0.195812	0.900850	0.447001	-0.894531	0.002180	0.806265	0.401836	-0.434125
30661	11.193367	-1.170125	-0.503888	-0.371508	-1.107437	0.075500	0.396688	0.199587	0.895993	0.443711	-0.896165	0.003178	0.803592	0.396301	-0.444056
30662	11.022589	-1.830429	0.674875	-0.184663	-1.344133	0.031393	0.407547	0.204637	0.889960	0.442127	-0.896945	0.003777	0.799018	0.391936	-0.456023
30663	11.754620	-1.785665	1.966647	-0.028612	-1.604001	0.033979	0.420437	0.210621	0.882537	0.441755	-0.897128	0.003653	0.792518	0.388329	-0.470229
30664	12.307204	-2.020150	2.727146	-0.087505	-1.818314	0.058845	0.434987	0.217128	0.873866	0.440827	-0.897585	0.003589	0.785148	0.383662	-0.486154
30665	12.333095	-2.711769	2.922767	-0.056552	-2.070669	0.041747	0.451314	0.224676	0.863618	0.440199	-0.897893	0.003552	0.776235	0.378561	-0.504134
30666	12.910379	-2.683205	2.734562	0.101736	-2.303287	0.004514	0.469030	0.233296	0.851812	0.440965	-0.897519	0.003008	0.765219	0.374209	-0.523839
30667	13.537836	-2.440788	3.202866	0.172479	-2.509882	-0.021277	0.487959	0.242855	0.838402	0.442376	-0.896827	0.002311	0.752462	0.369761	-0.545048
30668	14.038703	-2.237851	2.935243	0.175316	-2.707426	-0.066783	0.507785	0.253361	0.823385	0.444008	-0.896021	0.001890	0.738249	0.364630	-0.567480
30669	14.389159	-2.106751	2.231699	0.143137	-2.735342	-0.129491	0.527178	0.264447	0.807559	0.445726	-0.895167	0.002163	0.723472	0.358810	-0.589783
30670	13.871934	-0.577810	-1.311912	0.243677	-2.690284	-0.184339	0.545548	0.275623	0.791460	0.448444	-0.893808	0.002156	0.708008	0.353750	-0.611217
30671	13.214751	0.961825	-3.846270	0.534831	-2.764033	-0.264328	0.563658	0.287749	0.774267	0.453654	-0.891177	0.000943	0.690281	0.350718	-0.632858
30672	12.892836	2.489246	-5.806683	0.707213	-2.859416	-0.309485	0.581636	0.300443	0.755932	0.460230	-0.887799	-0.001262	0.670737	0.348637	-0.654648
30673	12.269678	3.646326	-7.033278	0.629296	-2.927730	-0.259534	0.599754	0.312931	0.736457	0.465928	-0.884816	-0.003469	0.650544	0.345216	-0.676475
30674	11.654722	3.042275	-6.858276	0.343229	-2.878943	-0.180202	0.617288	0.324341	0.716769	0.469240	-0.883059	-0.004525	0.631482	0.339130	-0.697296
30675	10.336565	1.941690	-7.284293	-0.005617	-2.595650	-0.109585	0.632932	0.334031	0.698442	0.469898	-0.882713	-0.003666	0.615299	0.330517	-0.715658
30676	8.531971	0.627677	-8.181865	-0.092371	-2.315305	-0.119356	0.646365	0.342624	0.681777	0.470134	-0.882592	-0.002172	0.600987	0.321931	-0.731556
30677	7.369277	-0.312236	-8.990996	-0.028406	-1.922961	-0.133573	0.657152	0.349958	0.667594	0.470846	-0.882215	-0.001017	0.588605	0.315002	-0.744525
30678	6.391462	-0.712081	-9.821466	0.153901	-1.453059	-0.141087	0.664879	0.355745	0.656797	0.472714	-0.881215	-0.001233	0.578340	0.311297	-0.754067
30679	5.721219	-1.149850	-10.605965	0.417195	-0.981959	-0.158755	0.669740	0.360230	0.649371	0.476179	-0.879342	-0.003312	0.569826	0.311436	-0.760464
30680	5.716978	-1.028749	-10.451336	0.746770	-0.575895	-0.186621	0.672026	0.363665	0.645080	0.481693	-0.876306	-0.007795	0.562453	0.315969	-0.764075
30681	6.443683	-1.151696	-7.035294	0.986519	-0.057544	-0.121543	0.671736	0.364942	0.644662	0.488044	-0.872699	-0.014507	0.557301	0.324368	-0.764330
30682	7.023797	-0.117003	-4.962992	0.914572	0.579302	0.013358	0.668498	0.362902	0.649163	0.493077	-0.869718	-0.021565	0.556763	0.334504	-0.760343
30683	6.920346	1.010116	-5.436867	0.472246	1.183719	0.082943	0.662260	0.358201	0.658106	0.495179	-0.868413	-0.025635	0.562325	0.342857	-0.752489
30684	5.797326	0.310953	-6.435793	0.075837	1.691670	0.065360	0.652898	0.351763	0.670811	0.495213	-0.868363	-0.026633	0.573139	0.349583	-0.741150
30685	5.068952	-0.923550	-6.875919	0.017244	2.126790	0.021418	0.640645	0.344090	0.686423	0.495184	-0.868373	-0.026861	0.586828	0.357114	-0.726706
30686	5.173823	-1.008120	-6.835492	0.167315	2.570661	0.044327	0.625495	0.334377	0.704945	0.495930	-0.867899	-0.028366	0.602336	0.367346	-0.708695
30687	5.214551	-0.212796	-6.564946	0.169758	3.040574	0.104463	0.607401	0.322155	0.726141	0.496331	-0.867606	-0.030254	0.620257	0.378782	-0.686880
30688	5.132414	0.331023	-6.766549	0.012594	3.486535	0.183814	0.586238	0.307137	0.749662	0.495342	-0.868120	-0.031690	0.641063	0.389917	-0.661062
30689	5.017557	0.367058	-7.264993	-0.136944	3.881203	0.257158	0.562154	0.289594	0.774673	0.492976	-0.869427	-0.032721	0.664046	0.400289	-0.631515
30690	4.898153	0.216510	-7.630141	-0.172258	4.239571	0.327263	0.535006	0.269533	0.800700	0.490046	-0.871024	-0.034230	0.688203	0.410693	-0.598087
