// General information: 
//  MT Manager version: 2022.2.0 
//  XDA version: 2022.2.0 build 7381 rev 124627 built on 2023-07-19
// Device information: 
//  DeviceId: 00B4CBA7
//  ProductCode: MTW2-3A7G6
//  Firmware Version: 4.6.0
//  Hardware Version: 2.0.0
// Device settings: 
//  Filter Profile: human(46.1)
//  Option Flags: Orientation Smoother Disabled, Position/Velocity Smoother Disabled, Continuous Zero Rotation Update Disabled, AHS Disabled, ICC Disabled
// Coordinate system: ENU
PacketCounter	Acc_X	Acc_Y	Acc_Z	Gyr_X	Gyr_Y	Gyr_Z	Mat[1][1]	Mat[2][1]	Mat[3][1]	Mat[1][2]	Mat[2][2]	Mat[3][2]	Mat[1][3]	Mat[2][3]	Mat[3][3]
25153	9.716357	0.002687	-0.838182	0.070535	0.059882	0.008292	-0.052514	-0.075089	0.995793	-0.811197	0.584771	0.001316	-0.582410	-0.807715	-0.091621
25154	9.682579	0.045353	-0.715637	0.084292	0.043798	0.008478	-0.051861	-0.074160	0.995897	-0.812390	0.583113	0.001117	-0.580803	-0.808999	-0.090488
25155	9.695578	-0.129862	-0.574628	0.076907	0.013248	0.005481	-0.051670	-0.073857	0.995929	-0.813418	0.581679	0.000935	-0.579380	-0.810059	-0.090132
25156	9.693684	-0.101577	-0.534175	0.111480	-0.007943	-0.000346	-0.051675	-0.074060	0.995914	-0.814965	0.579510	0.000809	-0.577202	-0.811593	-0.090302
25157	9.699609	-0.054821	-0.606882	0.122828	-0.029930	0.000577	-0.052023	-0.074685	0.995849	-0.816649	0.577135	0.000621	-0.574785	-0.813227	-0.091016
25158	9.699262	-0.027709	-0.724645	0.123890	-0.056421	0.000566	-0.052623	-0.075864	0.995729	-0.818267	0.574838	0.000552	-0.572424	-0.814743	-0.092326
25159	9.717196	-0.024468	-0.778897	0.121013	-0.061049	0.001896	-0.053488	-0.077074	0.995590	-0.819897	0.572511	0.000272	-0.570007	-0.816266	-0.093815
25160	9.744965	-0.023774	-0.825298	0.121069	-0.067191	0.003777	-0.054508	-0.078379	0.995432	-0.821523	0.570175	-0.000090	-0.567564	-0.817776	-0.095469
25161	9.713292	0.028241	-0.869191	0.121961	-0.064220	0.003149	-0.055366	-0.079658	0.995284	-0.823138	0.567842	-0.000342	-0.565136	-0.819274	-0.097008
25162	9.701952	0.017320	-0.856313	0.109806	-0.075897	0.004808	-0.056486	-0.081186	0.995097	-0.824728	0.565529	-0.000676	-0.562701	-0.820723	-0.098901
25163	9.690018	-0.012443	-0.787828	0.108881	-0.092355	0.008052	-0.057831	-0.082989	0.994871	-0.826158	0.563437	-0.001024	-0.560462	-0.821980	-0.101147
25164	9.678896	-0.023645	-0.772840	0.098278	-0.112782	0.008579	-0.059448	-0.085250	0.994584	-0.827551	0.561389	-0.001345	-0.558234	-0.823149	-0.103923
25165	9.672011	-0.006267	-0.782999	0.068106	-0.133084	0.010976	-0.061467	-0.087839	0.994236	-0.828445	0.560068	-0.001737	-0.556687	-0.823777	-0.107196
25166	9.679257	-0.003207	-0.838314	0.062846	-0.155865	0.013282	-0.063689	-0.090928	0.993819	-0.829240	0.558889	-0.002007	-0.555251	-0.824242	-0.110996
25167	9.662104	-0.029380	-1.012757	0.050351	-0.164444	0.013853	-0.066173	-0.094140	0.993357	-0.829908	0.557895	-0.002413	-0.553962	-0.824555	-0.115045
25168	9.700343	0.004375	-1.125734	0.059047	-0.170217	0.015495	-0.068781	-0.097439	0.992862	-0.830667	0.556761	-0.002905	-0.552504	-0.824938	-0.119234
25169	9.696920	0.102796	-1.296328	0.033911	-0.166980	0.023818	-0.071558	-0.100551	0.992355	-0.831089	0.556129	-0.003579	-0.551517	-0.824991	-0.123363
25170	9.689686	0.086131	-1.335550	0.001772	-0.159375	0.029949	-0.074263	-0.103440	0.991859	-0.831008	0.556245	-0.004210	-0.551281	-0.824556	-0.127268
25171	9.678248	-0.044867	-1.262980	-0.000089	-0.158623	0.027593	-0.077027	-0.106311	0.991345	-0.830954	0.556320	-0.004905	-0.550983	-0.824140	-0.131192
25172	9.674854	-0.051399	-1.282545	0.003759	-0.163913	0.029379	-0.079848	-0.109268	0.990800	-0.830885	0.556416	-0.005598	-0.550685	-0.823688	-0.135218
25173	9.685655	-0.031520	-1.315494	-0.008708	-0.171876	0.029504	-0.082779	-0.112360	0.990214	-0.830570	0.556880	-0.006243	-0.550728	-0.822958	-0.139421
25174	9.671856	-0.003517	-1.514310	-0.035031	-0.173435	0.034533	-0.085749	-0.115464	0.989603	-0.829904	0.557865	-0.006821	-0.551278	-0.821860	-0.143661
25175	9.671595	-0.003788	-1.605636	-0.076075	-0.169170	0.040283	-0.088872	-0.118387	0.988982	-0.828769	0.559540	-0.007495	-0.552488	-0.820305	-0.147843
25176	9.668444	0.036460	-1.704847	-0.097108	-0.154089	0.043067	-0.091877	-0.120911	0.988402	-0.827254	0.561769	-0.008177	-0.554265	-0.818411	-0.151637
25177	9.666266	0.107969	-1.761527	-0.135037	-0.140226	0.053621	-0.094911	-0.123012	0.987856	-0.825229	0.564727	-0.008964	-0.556767	-0.816058	-0.155112
25178	9.672465	0.019725	-1.716366	-0.130090	-0.135084	0.066237	-0.098108	-0.124798	0.987320	-0.823113	0.567788	-0.010022	-0.559338	-0.813659	-0.158428
25179	9.644645	-0.004845	-1.658121	-0.113752	-0.138536	0.078271	-0.101658	-0.126480	0.986746	-0.821295	0.570388	-0.011501	-0.561374	-0.811579	-0.161861
25180	9.612691	0.055424	-1.630651	-0.099188	-0.147276	0.100269	-0.105724	-0.128039	0.986118	-0.819582	0.572803	-0.013496	-0.563124	-0.809631	-0.165497
25181	9.618543	0.035506	-1.499169	-0.091779	-0.139962	0.117636	-0.110080	-0.129183	0.985492	-0.817961	0.575052	-0.015986	-0.564644	-0.807853	-0.168969
25182	9.570452	0.015115	-1.330862	-0.102534	-0.146178	0.123357	-0.114613	-0.130375	0.984818	-0.816154	0.577537	-0.018526	-0.566353	-0.805887	-0.172599
25183	9.534813	-0.189211	-1.150716	-0.133014	-0.187766	0.131254	-0.119866	-0.132300	0.983935	-0.813894	0.580631	-0.021080	-0.568514	-0.803346	-0.177277
25184	9.493123	-0.206762	-1.107738	-0.117147	-0.233300	0.131078	-0.125869	-0.135027	0.982815	-0.811797	0.583454	-0.023808	-0.570213	-0.800843	-0.183053
25185	9.474147	0.017649	-1.225122	-0.194521	-0.289950	0.137016	-0.132817	-0.138788	0.981375	-0.808598	0.587773	-0.026309	-0.573174	-0.797033	-0.190290
25186	9.475819	0.064801	-1.586354	-0.283844	-0.336600	0.142285	-0.140563	-0.143380	0.979635	-0.804156	0.593735	-0.028485	-0.577559	-0.791783	-0.198757
25187	9.472438	-0.398304	-1.646236	-0.369342	-0.387361	0.133444	-0.148854	-0.149021	0.977566	-0.798366	0.601431	-0.029885	-0.583485	-0.784903	-0.208499
25188	9.552978	-0.499265	-1.763354	-0.285820	-0.402345	0.128394	-0.157251	-0.154956	0.975326	-0.793688	0.607511	-0.031447	-0.587648	-0.779050	-0.218519
25189	9.511511	-0.280987	-2.107333	-0.316793	-0.404626	0.137176	-0.165899	-0.160709	0.972960	-0.788463	0.614197	-0.032990	-0.592287	-0.772615	-0.228607
25190	9.508542	-0.470425	-2.397500	-0.284867	-0.399331	0.122801	-0.174260	-0.166451	0.970529	-0.783693	0.620197	-0.034346	-0.596203	-0.766583	-0.238522
25191	9.509713	-0.579183	-2.780788	-0.161299	-0.359398	0.111665	-0.181764	-0.171546	0.968263	-0.780681	0.623891	-0.036017	-0.597912	-0.762452	-0.247324
25192	9.464947	-0.340031	-2.911748	-0.093089	-0.310497	0.115303	-0.188696	-0.175596	0.966209	-0.778734	0.626185	-0.038282	-0.598303	-0.759644	-0.254901
25193	9.417283	-0.375612	-2.897782	-0.064149	-0.282592	0.110898	-0.195163	-0.179204	0.964260	-0.777365	0.627734	-0.040674	-0.598010	-0.757520	-0.261818
25194	9.425324	-0.485698	-2.963714	-0.020557	-0.253353	0.102845	-0.200900	-0.182441	0.962473	-0.776623	0.628499	-0.042972	-0.597073	-0.756112	-0.267953
25195	9.452765	-0.450756	-2.977302	0.008575	-0.229179	0.098101	-0.206177	-0.185179	0.960833	-0.776126	0.628947	-0.045327	-0.595919	-0.755073	-0.273397
25196	9.486810	-0.576789	-3.248553	0.004928	-0.198930	0.092386	-0.210949	-0.187420	0.959361	-0.775632	0.629388	-0.047593	-0.594891	-0.754151	-0.278138
25197	9.513716	-0.529854	-3.515901	0.045274	-0.143389	0.089719	-0.214824	-0.188721	0.958246	-0.775851	0.628926	-0.050071	-0.593216	-0.754213	-0.281527
25198	9.456245	-0.440943	-3.436137	0.029360	-0.112709	0.084252	-0.218143	-0.189495	0.957343	-0.775815	0.628788	-0.052318	-0.592052	-0.754133	-0.284178
25199	9.381677	-0.658862	-3.233790	0.064405	-0.083705	0.075990	-0.220932	-0.189815	0.956639	-0.776327	0.627953	-0.054693	-0.590343	-0.754749	-0.286094
25200	9.404525	-0.799715	-2.942250	0.079624	-0.062542	0.061384	-0.223118	-0.189992	0.956097	-0.777175	0.626713	-0.056826	-0.588402	-0.755734	-0.287488
25201	9.373270	-0.741775	-2.781507	0.111503	-0.059287	0.054872	-0.225049	-0.190262	0.955591	-0.778500	0.624873	-0.058928	-0.585911	-0.757189	-0.288745
25202	9.255108	-0.747416	-2.644263	0.072560	-0.070600	0.039282	-0.226898	-0.190919	0.955022	-0.779277	0.623758	-0.060448	-0.584162	-0.757942	-0.290308
25203	9.331416	-0.681792	-2.746488	0.077657	-0.073594	0.024313	-0.228386	-0.192018	0.954447	-0.780325	0.622341	-0.061517	-0.582179	-0.758829	-0.291971
25204	9.350959	-0.578753	-3.013619	0.041464	-0.062373	0.016164	-0.229625	-0.192860	0.953980	-0.780709	0.621791	-0.062215	-0.581177	-0.759066	-0.293346
25205	9.346733	-0.574442	-3.035604	-0.011949	-0.045858	0.022780	-0.230769	-0.193312	0.953612	-0.780361	0.622177	-0.062718	-0.581191	-0.758635	-0.294432
25206	9.322588	-0.610854	-2.860699	-0.022203	-0.041956	0.021082	-0.231821	-0.193655	0.953287	-0.779776	0.622871	-0.063094	-0.581556	-0.757977	-0.295403
25207	9.367394	-0.574623	-2.700732	-0.029667	-0.055228	0.020676	-0.233075	-0.194230	0.952864	-0.779085	0.623701	-0.063433	-0.581982	-0.757147	-0.296691
25208	9.383979	-0.481909	-2.735996	-0.044669	-0.071227	0.022492	-0.234613	-0.195125	0.952304	-0.778278	0.624676	-0.063744	-0.582443	-0.756113	-0.298419
25209	9.367745	-0.491602	-2.894585	-0.086016	-0.084866	0.024795	-0.236305	-0.196385	0.951626	-0.776935	0.626353	-0.063667	-0.583551	-0.754397	-0.300589
25210	9.386029	-0.446559	-2.981602	-0.141936	-0.094070	0.029817	-0.238282	-0.197600	0.950882	-0.774619	0.629248	-0.063350	-0.585822	-0.751666	-0.303003
25211	9.375870	-0.449451	-2.754192	-0.201321	-0.112750	0.032778	-0.240569	-0.199083	0.949996	-0.771328	0.633351	-0.062599	-0.589219	-0.747818	-0.305923
25212	9.397350	-0.663081	-2.438392	-0.225193	-0.159804	0.024171	-0.243371	-0.201588	0.948753	-0.767731	0.637823	-0.061413	-0.592756	-0.743333	-0.309993
25213	9.325951	-0.851577	-1.909237	-0.226089	-0.242235	0.005964	-0.247049	-0.205893	0.946876	-0.764206	0.642199	-0.059746	-0.595782	-0.738369	-0.315999
25214	9.186057	-0.877270	-1.573582	-0.256587	-0.355401	-0.019345	-0.251978	-0.212599	0.944091	-0.760369	0.646963	-0.057254	-0.598620	-0.732285	-0.324674
25215	9.162059	-0.640625	-1.947967	-0.302338	-0.470569	-0.039910	-0.258276	-0.221685	0.940292	-0.756004	0.652347	-0.053858	-0.601458	-0.724775	-0.336080
25216	9.286841	-0.542514	-2.776981	-0.337757	-0.539640	-0.053800	-0.265346	-0.232250	0.935762	-0.751273	0.658118	-0.049692	-0.604301	-0.716198	-0.349113
25217	9.390625	-0.263991	-3.764652	-0.339154	-0.547246	-0.051241	-0.272648	-0.242839	0.930963	-0.746601	0.663712	-0.045527	-0.606836	-0.707471	-0.362264
25218	9.469072	-0.129459	-4.069469	-0.334453	-0.509432	-0.048812	-0.279480	-0.252513	0.926352	-0.741860	0.669276	-0.041382	-0.609536	-0.698789	-0.374378
25219	9.365833	-0.699237	-4.154095	-0.223736	-0.485817	-0.090314	-0.285211	-0.262362	0.921857	-0.739064	0.672606	-0.037233	-0.610278	-0.691930	-0.385737
25220	9.231264	-0.412311	-4.000467	-0.060381	-0.447800	-0.107408	-0.290058	-0.271746	0.917617	-0.738878	0.672968	-0.034264	-0.608215	-0.687945	-0.395987
25221	9.076187	0.040819	-3.900893	-0.132685	-0.455224	-0.106029	-0.294995	-0.281336	0.913142	-0.737745	0.674387	-0.030556	-0.607215	-0.682680	-0.406495
25222	9.237552	-0.242389	-3.689783	-0.273876	-0.479805	-0.117584	-0.300087	-0.291434	0.908303	-0.734478	0.678169	-0.025063	-0.608679	-0.674650	-0.417562
25223	9.309133	-0.196250	-3.250412	-0.304656	-0.533710	-0.138172	-0.305713	-0.302603	0.902757	-0.730905	0.682219	-0.018837	-0.610178	-0.665589	-0.429738
25224	9.363681	0.155181	-2.945505	-0.353051	-0.626585	-0.161617	-0.312346	-0.315602	0.896011	-0.726774	0.686781	-0.011446	-0.611751	-0.654773	-0.443885
25225	9.383646	0.316921	-3.044373	-0.510112	-0.732586	-0.175173	-0.320399	-0.330398	0.887796	-0.720341	0.693618	-0.001833	-0.615186	-0.640103	-0.460234
25226	9.133930	-0.045325	-3.407063	-0.579515	-0.817478	-0.182477	-0.329683	-0.346441	0.878230	-0.712852	0.701256	0.009027	-0.618992	-0.623072	-0.478153
25227	9.201344	0.155568	-3.674797	-0.538012	-0.887494	-0.185632	-0.340086	-0.363365	0.867357	-0.706149	0.707791	0.019641	-0.621044	-0.605803	-0.497299
25228	9.167951	0.543061	-3.952435	-0.514961	-0.943329	-0.196006	-0.351225	-0.380914	0.855304	-0.699880	0.713613	0.030409	-0.621939	-0.587930	-0.517233
25229	9.029831	0.481993	-4.382157	-0.443127	-0.972444	-0.206782	-0.362637	-0.398712	0.842332	-0.694864	0.717988	0.040705	-0.621014	-0.570545	-0.537420
25230	8.819770	0.486156	-4.719893	-0.339551	-0.983049	-0.219334	-0.373957	-0.416494	0.828667	-0.691647	0.720503	0.050007	-0.617885	-0.554444	-0.557504
25231	8.585389	0.514556	-4.767193	-0.267019	-1.000462	-0.231081	-0.385258	-0.434364	0.814189	-0.689759	0.721662	0.058622	-0.613033	-0.539010	-0.577633
25232	8.421457	1.024344	-4.348354	-0.263371	-1.073486	-0.226590	-0.397620	-0.452718	0.798088	-0.687992	0.722606	0.067132	-0.607095	-0.522386	-0.598789
25233	8.645176	1.044832	-3.864895	-0.404750	-1.201831	-0.199528	-0.412251	-0.471726	0.779438	-0.683935	0.725436	0.077304	-0.601898	-0.501216	-0.621692
25234	8.928232	1.413423	-3.312027	-0.516865	-1.371080	-0.146274	-0.430183	-0.491148	0.757441	-0.677779	0.729935	0.088373	-0.596287	-0.475361	-0.646895
25235	9.158563	1.736128	-3.001435	-0.732351	-1.584933	-0.105804	-0.451804	-0.511285	0.731068	-0.668132	0.736950	0.102490	-0.591163	-0.442145	-0.674563
25236	9.848932	1.519848	-3.249069	-0.891191	-1.799515	-0.093574	-0.476578	-0.532041	0.699861	-0.656181	0.745069	0.119575	-0.585064	-0.402249	-0.704199
25237	10.781400	1.236402	-4.295312	-0.855511	-1.921289	-0.128057	-0.502222	-0.552779	0.664988	-0.645423	0.751408	0.137170	-0.575501	-0.360309	-0.734150
25238	11.340499	1.587384	-5.750571	-0.730766	-1.916899	-0.181743	-0.526413	-0.572531	0.628568	-0.637471	0.754969	0.153794	-0.562601	-0.319735	-0.762398
25239	10.201150	1.774808	-7.490726	-0.475347	-1.613960	-0.247844	-0.544705	-0.589498	0.596480	-0.634317	0.754869	0.166776	-0.548578	-0.287514	-0.785110
25240	8.276027	0.751136	-8.821904	-0.254761	-1.091733	-0.359765	-0.553616	-0.603877	0.573447	-0.635940	0.751151	0.177063	-0.537670	-0.266653	-0.799879
25241	5.563196	-0.186987	-9.387028	0.245689	-0.460708	-0.447013	-0.552378	-0.615330	0.562360	-0.645545	0.742583	0.178443	-0.527400	-0.264461	-0.807409
25242	4.771409	-0.229000	-9.586277	1.180450	-0.138627	-0.484475	-0.545999	-0.625228	0.557652	-0.667606	0.726840	0.161262	-0.506149	-0.284243	-0.814260
25243	5.569755	1.179531	-8.695197	1.081155	0.365680	-0.569973	-0.531548	-0.632792	0.563055	-0.688942	0.709709	0.147218	-0.492763	-0.309659	-0.813201
25244	6.227331	1.067253	-7.745102	0.729462	1.091241	-0.716083	-0.505365	-0.636514	0.582629	-0.707376	0.692276	0.142734	-0.494192	-0.340005	-0.800107
25245	5.801559	1.538649	-7.641490	0.755777	1.915072	-0.816417	-0.466600	-0.633138	0.617592	-0.726876	0.672329	0.140086	-0.503919	-0.383549	-0.773922
25246	6.391302	2.977764	-7.520768	0.796105	2.708400	-0.707269	-0.418704	-0.616988	0.666342	-0.745030	0.652931	0.136422	-0.519247	-0.439325	-0.733060
25247	5.196890	2.971311	-8.043780	-0.096455	3.350626	-0.567370	-0.362913	-0.587299	0.723446	-0.749404	0.645365	0.147979	-0.553795	-0.488449	-0.674336
25248	5.552421	2.617443	-7.948900	-0.419378	3.584059	-0.406258	-0.303763	-0.548038	0.779347	-0.746882	0.644836	0.162340	-0.591519	-0.532768	-0.605197
25249	6.238488	3.561039	-7.622637	-0.406433	3.791739	-0.149503	-0.243093	-0.497824	0.832513	-0.741797	0.648421	0.171136	-0.625014	-0.575954	-0.526911
25250	6.336386	3.096757	-8.186045	-0.459355	3.825663	0.078718	-0.183178	-0.439574	0.879330	-0.734081	0.656107	0.175065	-0.653889	-0.613431	-0.442868
25251	6.412726	2.191822	-7.644474	-0.792834	3.659129	0.272048	-0.126813	-0.377757	0.917179	-0.719799	0.671253	0.176945	-0.682501	-0.637746	-0.357033
25252	6.842794	0.378025	-5.675347	-0.885493	3.440657	0.397517	-0.073969	-0.315451	0.946055	-0.703412	0.688970	0.174732	-0.706923	-0.652542	-0.272855
25253	8.263865	-0.369350	-4.573496	-0.387350	3.370394	0.483974	-0.022264	-0.251307	0.967651	-0.695917	0.698798	0.165471	-0.717777	-0.669721	-0.190447
25254	9.912495	1.146969	-4.083780	-0.494257	3.094617	0.414282	0.026565	-0.191844	0.981066	-0.686997	0.709424	0.157327	-0.726174	-0.678169	-0.112950
25255	9.079124	1.070860	-2.836578	-1.298793	2.531677	0.407936	0.066361	-0.141964	0.987645	-0.663547	0.732955	0.149940	-0.745186	-0.665299	-0.045560
25256	7.936699	0.155680	-2.385358	-1.060412	1.952003	0.471202	0.095455	-0.101101	0.990286	-0.644525	0.751863	0.138886	-0.758601	-0.651522	0.006607
25257	7.522029	-0.343975	-2.311758	-0.425100	1.056919	0.526222	0.107215	-0.074047	0.991475	-0.637732	0.759930	0.125717	-0.762760	-0.645774	0.034254
25258	8.010306	-0.208340	-2.514389	0.028804	0.282321	0.456683	0.105394	-0.060845	0.992567	-0.639450	0.760259	0.114503	-0.761575	-0.646765	0.041219
25259	7.284569	-0.033410	-3.226313	0.453123	-0.233798	0.398447	0.094631	-0.057156	0.993870	-0.648986	0.753502	0.105126	-0.754892	-0.654956	0.034211
25260	7.096745	0.636288	-3.482771	0.524522	-0.584319	0.382277	0.077484	-0.059685	0.995205	-0.659603	0.745450	0.096061	-0.747609	-0.663884	0.018392
25261	9.579935	0.628451	-1.348607	0.444475	-0.491169	0.278688	0.063794	-0.062790	0.995986	-0.668298	0.738506	0.089362	-0.741153	-0.671316	0.005150
25262	11.762243	1.250664	0.970764	1.252094	0.079017	-0.035614	0.065916	-0.062170	0.995887	-0.691037	0.717131	0.090507	-0.719808	-0.694160	0.004309
25263	10.739577	3.512154	1.434212	1.751726	0.061212	-0.207446	0.070735	-0.064795	0.995388	-0.721465	0.685776	0.095910	-0.688828	-0.724922	0.001761
25264	10.426073	3.732383	1.530968	1.132992	-0.327866	0.015974	0.064959	-0.070619	0.995386	-0.740651	0.665065	0.095519	-0.668742	-0.743439	-0.009102
25265	11.094854	3.388026	-0.211578	0.575453	-0.540381	0.223556	0.051909	-0.077109	0.995670	-0.750457	0.654786	0.089834	-0.658878	-0.751871	-0.023878
25266	9.735877	0.887411	-1.460457	-0.258989	-0.557261	0.316178	0.036860	-0.082436	0.995914	-0.746445	0.660340	0.082286	-0.664425	-0.746428	-0.037194
25267	9.826268	-0.913596	-1.988998	-0.284193	-0.487014	0.271176	0.023774	-0.087086	0.995917	-0.741827	0.666275	0.075970	-0.670170	-0.740604	-0.048763
25268	9.860759	-0.317979	-1.739285	0.315907	-0.353049	0.206040	0.014128	-0.090317	0.995813	-0.747115	0.660941	0.070545	-0.664545	-0.744983	-0.058139
25269	10.008334	0.808478	-1.397814	0.447057	-0.317441	0.186779	0.005459	-0.093279	0.995625	-0.754462	0.653085	0.065324	-0.656321	-0.751518	-0.066810
25270	9.720029	1.692495	-1.360626	0.448330	-0.242888	0.235566	-0.002889	-0.094134	0.995555	-0.761698	0.645259	0.058802	-0.647926	-0.758142	-0.073566
25271	9.683894	1.738962	-1.397661	0.315909	-0.198380	0.279163	-0.011345	-0.093522	0.995553	-0.766656	0.639998	0.051385	-0.641958	-0.762664	-0.078960
25272	9.870669	1.178263	-1.609546	0.122262	-0.169856	0.292535	-0.019603	-0.092197	0.995548	-0.768411	0.638442	0.043995	-0.639656	-0.764128	-0.083361
25273	9.782081	0.513635	-1.400006	0.009249	-0.143092	0.297010	-0.027521	-0.090302	0.995534	-0.768289	0.639048	0.036727	-0.639511	-0.763847	-0.086965
25274	9.817999	0.205088	-0.888982	-0.017544	-0.154315	0.296286	-0.035602	-0.088626	0.995429	-0.767679	0.640153	0.029538	-0.639845	-0.763118	-0.090827
25275	9.662161	0.282008	-0.681870	-0.018882	-0.177111	0.300467	-0.044125	-0.087304	0.995204	-0.766983	0.641281	0.022250	-0.640148	-0.762323	-0.095257
25276	9.663430	0.097890	-0.672356	-0.087295	-0.232089	0.282399	-0.053176	-0.087296	0.994762	-0.765149	0.643665	0.015583	-0.641654	-0.760313	-0.101022
25277	9.672856	-0.186389	-0.775021	-0.072969	-0.286294	0.265712	-0.062774	-0.088555	0.994091	-0.763503	0.645738	0.009310	-0.642747	-0.758407	-0.108148
25278	9.670248	0.000277	-1.112628	-0.029795	-0.329017	0.256230	-0.072873	-0.090750	0.993204	-0.762503	0.646977	0.003168	-0.642867	-0.757090	-0.116344
25279	9.698323	-0.018695	-1.292435	-0.133736	-0.347410	0.245039	-0.083053	-0.093440	0.992155	-0.759789	0.650165	-0.002369	-0.644843	-0.754025	-0.124993
25280	9.750025	-0.269159	-1.590258	-0.154716	-0.354204	0.223295	-0.092931	-0.096562	0.990979	-0.756716	0.653703	-0.007265	-0.647105	-0.750565	-0.133820
25281	9.717449	-0.143458	-1.627443	-0.128053	-0.343065	0.194903	-0.102096	-0.099893	0.989746	-0.754084	0.656677	-0.011509	-0.648793	-0.747527	-0.142372
25282	9.725304	-0.195603	-1.744745	-0.192030	-0.341710	0.184799	-0.111052	-0.103316	0.988430	-0.750387	0.660823	-0.015235	-0.651603	-0.743397	-0.150913
25283	9.564863	-0.433652	-1.525801	-0.148681	-0.328505	0.175554	-0.119626	-0.106597	0.987080	-0.747372	0.664138	-0.018854	-0.653548	-0.739971	-0.159116
25284	9.598514	-0.300378	-1.346725	-0.110660	-0.344444	0.155789	-0.128093	-0.110461	0.985591	-0.744999	0.666699	-0.022104	-0.654651	-0.737096	-0.167693
25285	9.608053	-0.252428	-1.592943	-0.147948	-0.346752	0.140073	-0.136308	-0.114588	0.984017	-0.742034	0.669905	-0.024778	-0.656358	-0.733551	-0.176341
25286	9.489293	-0.183041	-1.760074	-0.238526	-0.346182	0.134929	-0.144427	-0.118737	0.982366	-0.737559	0.674747	-0.026880	-0.659657	-0.728435	-0.185027
25287	9.501401	-0.447757	-1.367480	-0.211543	-0.394156	0.123029	-0.153131	-0.123899	0.980408	-0.733530	0.679049	-0.028756	-0.662182	-0.723562	-0.194867
25288	9.534203	-0.479345	-1.048783	-0.216018	-0.436774	0.105897	-0.162240	-0.130055	0.978143	-0.729457	0.683363	-0.030131	-0.664508	-0.718401	-0.205739
25289	9.447037	-0.613384	-1.322871	-0.187099	-0.466135	0.085820	-0.171482	-0.137009	0.975614	-0.725919	0.687076	-0.031105	-0.666060	-0.713551	-0.217279
25290	9.509197	-0.409204	-2.014980	-0.190889	-0.502410	0.083812	-0.181301	-0.144571	0.972743	-0.722305	0.690836	-0.031951	-0.667387	-0.708410	-0.229674
25291	9.425305	-0.405929	-2.386397	-0.277580	-0.508598	0.076894	-0.191116	-0.152275	0.969684	-0.717246	0.696082	-0.032052	-0.670099	-0.701628	-0.242251
25292	9.527697	-0.719646	-2.566173	-0.234802	-0.490824	0.035951	-0.199921	-0.160293	0.966611	-0.713072	0.700390	-0.031337	-0.671982	-0.695528	-0.254323
25293	9.515030	-0.610174	-2.671141	-0.084872	-0.479018	0.016371	-0.208185	-0.168385	0.963486	-0.711506	0.701993	-0.031054	-0.671132	-0.691991	-0.265951
25294	9.559801	-0.127244	-2.832259	-0.015286	-0.463259	0.011025	-0.216072	-0.176262	0.960336	-0.711136	0.702367	-0.031089	-0.669028	-0.689647	-0.277108
25295	9.496511	0.104616	-2.814839	-0.139183	-0.466575	0.019843	-0.224159	-0.183999	0.957025	-0.708644	0.704909	-0.030455	-0.669012	-0.685017	-0.288402
25296	9.674677	-0.029057	-3.044814	-0.193268	-0.456190	0.030199	-0.232259	-0.191317	0.953653	-0.705181	0.708408	-0.029628	-0.669907	-0.679379	-0.299447
25297	9.359365	0.064477	-3.010356	-0.267847	-0.450974	0.054719	-0.240718	-0.198035	0.950177	-0.700307	0.713262	-0.028759	-0.672030	-0.672339	-0.310381
25298	9.233959	-0.081704	-2.669133	-0.331855	-0.488207	0.058302	-0.249888	-0.205217	0.946278	-0.694305	0.719160	-0.027385	-0.674905	-0.663849	-0.322192
25299	9.446006	-0.175547	-2.798629	-0.330996	-0.527255	0.067675	-0.259903	-0.212759	0.941905	-0.688223	0.725029	-0.026133	-0.677348	-0.655032	-0.334862
25300	9.342724	0.258616	-3.162174	-0.393056	-0.560635	0.085855	-0.270820	-0.220372	0.937066	-0.680928	0.731935	-0.024663	-0.680436	-0.644754	-0.348281
25301	9.199815	0.051675	-3.230009	-0.592845	-0.606909	0.094521	-0.282719	-0.228374	0.931620	-0.670091	0.741968	-0.021470	-0.686329	-0.630340	-0.362800
25302	9.443167	-0.008054	-2.996891	-0.593242	-0.629065	0.064943	-0.294569	-0.237028	0.925768	-0.659349	0.751636	-0.017353	-0.691728	-0.615517	-0.377693
25303	9.608073	-0.447828	-3.039380	-0.569543	-0.718919	-0.002361	-0.306933	-0.248066	0.918834	-0.649438	0.760325	-0.011670	-0.695717	-0.600307	-0.394472
25304	9.588638	-0.176446	-3.209830	-0.490040	-0.777983	-0.051296	-0.319588	-0.260646	0.911004	-0.641259	0.767305	-0.005426	-0.697603	-0.585923	-0.412363
25305	9.655341	-0.262971	-3.310180	-0.587981	-0.855513	-0.117203	-0.332601	-0.275316	0.901986	-0.631901	0.775041	0.003559	-0.700056	-0.568782	-0.431751
25306	9.938733	0.128001	-3.146628	-0.512585	-0.922833	-0.166505	-0.346070	-0.291544	0.891761	-0.624306	0.781070	0.013078	-0.700341	-0.552206	-0.452318
25307	9.703850	0.711805	-3.432930	-0.463648	-0.976065	-0.145558	-0.360811	-0.307724	0.880410	-0.617455	0.786304	0.021786	-0.698974	-0.535753	-0.473713
25308	9.108929	0.965690	-3.954532	-0.647421	-1.025159	-0.133444	-0.376614	-0.323876	0.867909	-0.607344	0.793768	0.032662	-0.699497	-0.514818	-0.495648
25309	8.778625	0.646737	-4.090488	-0.783525	-1.072412	-0.158523	-0.392931	-0.340565	0.854178	-0.595128	0.802306	0.046118	-0.701019	-0.490224	-0.517931
25310	9.131633	0.296734	-3.677955	-0.720167	-1.127337	-0.197176	-0.409697	-0.358063	0.839011	-0.584471	0.809198	0.059937	-0.700387	-0.465821	-0.540803
25311	9.424204	0.859660	-2.822091	-0.645062	-1.248323	-0.214758	-0.428305	-0.376626	0.821406	-0.575443	0.814539	0.073424	-0.696721	-0.441224	-0.565598
25312	9.659061	1.321757	-2.048328	-0.738926	-1.462299	-0.215688	-0.450518	-0.396678	0.799800	-0.564991	0.820326	0.088605	-0.691245	-0.411961	-0.593690
25313	10.226669	1.074023	-1.889661	-0.856801	-1.704284	-0.207903	-0.476811	-0.417812	0.773360	-0.552686	0.826641	0.105842	-0.683513	-0.376958	-0.625070
25314	10.728678	0.796741	-2.632874	-0.842666	-1.896367	-0.200839	-0.506093	-0.438997	0.742396	-0.540903	0.832006	0.123251	-0.671784	-0.339188	-0.658527
25315	10.986644	0.742684	-4.328042	-0.746595	-1.991972	-0.208880	-0.536240	-0.459344	0.708131	-0.531279	0.835598	0.139710	-0.655888	-0.301297	-0.692121
25316	11.115184	1.363788	-5.852832	-0.688039	-1.998988	-0.237217	-0.565307	-0.478466	0.671937	-0.523487	0.837625	0.156032	-0.637487	-0.263544	-0.723986
25317	10.223879	1.490452	-6.928865	-0.475850	-1.783299	-0.224577	-0.590229	-0.494265	0.638225	-0.519345	0.837783	0.168521	-0.617989	-0.231994	-0.751178
25318	8.477002	0.896943	-7.925769	0.027874	-1.169644	-0.293865	-0.604058	-0.507038	0.614838	-0.524252	0.833884	0.172618	-0.600227	-0.218059	-0.769531
25319	5.987569	0.630112	-8.680863	0.401676	-0.620152	-0.393526	-0.607878	-0.518646	0.601241	-0.536273	0.826576	0.170832	-0.585573	-0.218585	-0.780593
25320	4.790568	0.052774	-8.770210	1.096414	-0.263318	-0.394891	-0.606110	-0.528307	0.594578	-0.558167	0.815077	0.155236	-0.566639	-0.237784	-0.788910
25321	5.564683	1.810360	-7.960291	1.069585	0.185689	-0.484180	-0.596457	-0.536987	0.596561	-0.580544	0.801866	0.141347	-0.554263	-0.262023	-0.790023
25322	6.890348	1.656129	-6.425610	0.648149	1.002299	-0.671391	-0.572439	-0.543481	0.613956	-0.599483	0.788255	0.138829	-0.559405	-0.288585	-0.777036
25323	6.264953	1.446114	-6.901620	0.772856	1.885868	-0.816388	-0.533089	-0.544863	0.647256	-0.621819	0.771091	0.136969	-0.573723	-0.329459	-0.749866
25324	6.531865	1.810189	-6.994819	0.901699	2.562824	-0.781515	-0.483177	-0.536994	0.691504	-0.644991	0.752418	0.133620	-0.592053	-0.381452	-0.709907
25325	5.815257	2.807245	-7.419647	0.086549	3.304748	-0.700221	-0.421194	-0.516688	0.745406	-0.654317	0.742235	0.144766	-0.628065	-0.426757	-0.650702
25326	6.146809	1.684461	-7.926012	-0.453318	3.584505	-0.597148	-0.353053	-0.487841	0.798351	-0.652802	0.739713	0.163322	-0.670226	-0.463504	-0.579621
25327	6.557967	1.416718	-7.448144	-0.521604	3.801496	-0.406712	-0.280699	-0.449620	0.847968	-0.647073	0.741167	0.178793	-0.708875	-0.498510	-0.498982
25328	7.413823	1.184086	-6.848671	-0.148135	3.915543	-0.166950	-0.207116	-0.401958	0.891927	-0.645446	0.741267	0.184181	-0.735188	-0.537544	-0.412971
25329	7.934774	1.506904	-7.319919	0.110302	3.869323	0.056612	-0.136001	-0.347002	0.927951	-0.647270	0.740229	0.181941	-0.750030	-0.575891	-0.325276
25330	7.445795	1.830679	-5.973826	-0.304734	3.768537	0.308109	-0.069433	-0.285828	0.955762	-0.640705	0.747133	0.176891	-0.764642	-0.600079	-0.235007
25331	7.165638	0.801482	-4.740391	-0.479236	3.658364	0.573931	-0.007950	-0.219464	0.975588	-0.630896	0.758036	0.165383	-0.775826	-0.614180	-0.144486
25332	8.652673	1.226412	-4.403836	-0.740122	3.527902	0.814912	0.048345	-0.149576	0.987568	-0.616822	0.773196	0.147304	-0.785617	-0.616275	-0.054882
25333	8.995009	1.447057	-3.004293	-1.678318	3.109117	1.039775	0.094683	-0.082134	0.992114	-0.585238	0.801599	0.122214	-0.805315	-0.592194	0.027830
25334	8.511011	0.544986	-1.860906	-2.246256	2.441105	1.226704	0.127409	-0.022219	0.991601	-0.542633	0.835301	0.088439	-0.830251	-0.549343	0.094368
25335	8.101727	-1.220480	-0.763887	-2.311415	1.615027	1.268898	0.145015	0.025897	0.989090	-0.498176	0.865611	0.050376	-0.854863	-0.500046	0.138428
25336	8.165667	-2.606069	-0.117658	-1.787569	0.552341	1.035581	0.144591	0.055140	0.987954	-0.463213	0.886057	0.018340	-0.874372	-0.460285	0.153657
25337	7.802606	-2.852245	-0.261375	-0.571528	-0.466358	0.500350	0.128697	0.060908	0.989812	-0.452320	0.891847	0.003932	-0.882521	-0.448217	0.142328
25338	9.653659	-2.281211	0.778733	1.285065	-1.122641	-0.130279	0.105678	0.044985	0.993382	-0.480072	0.877156	0.011349	-0.870841	-0.478094	0.114292
25339	11.288462	-1.060628	1.156189	3.472205	-0.622408	-0.530080	0.099371	0.025598	0.994721	-0.552456	0.832858	0.033757	-0.827597	-0.552894	0.096904
25340	9.681479	3.340044	-0.309453	4.344194	-0.507210	-0.356647	0.094656	0.010875	0.995451	-0.638097	0.768178	0.052284	-0.764115	-0.640144	0.079652
25341	9.239013	6.795962	-1.050034	2.449052	-0.529105	-0.058457	0.085850	0.000984	0.996308	-0.683533	0.727598	0.058180	-0.724854	-0.686003	0.063137
25342	9.278595	4.124035	-0.920836	0.240196	-0.515143	0.114806	0.074650	-0.005861	0.997193	-0.688046	0.723522	0.055759	-0.721817	-0.690277	0.049978
25343	11.656970	0.000930	-0.656601	-0.156447	-0.649098	0.072106	0.061753	-0.015820	0.997966	-0.685259	0.726301	0.053916	-0.725677	-0.687194	0.034010
25344	10.970326	0.322986	-1.811898	0.673476	-0.630427	0.184371	0.047295	-0.023513	0.998604	-0.697560	0.714789	0.049868	-0.714964	-0.698945	0.017404
25345	9.168251	1.586403	-1.684434	0.701108	-0.559623	0.259374	0.032889	-0.028876	0.999042	-0.710168	0.702675	0.043689	-0.703264	-0.710924	0.002603
25346	10.102557	1.420625	-1.274958	0.225676	-0.534318	0.239988	0.019323	-0.034300	0.999225	-0.714193	0.698928	0.037803	-0.699682	-0.714369	-0.010991
25347	10.110920	0.538933	-1.138246	-0.034357	-0.522173	0.281515	0.005235	-0.038812	0.999233	-0.713582	0.699889	0.030924	-0.700552	-0.713196	-0.024032
25348	9.706117	-0.108321	-1.133477	-0.054707	-0.491148	0.255612	-0.007856	-0.043204	0.999035	-0.712516	0.701220	0.024722	-0.701611	-0.711635	-0.036292
25349	9.911687	-0.068443	-1.202900	0.074925	-0.443084	0.237595	-0.019783	-0.047049	0.998697	-0.713649	0.700249	0.018852	-0.700224	-0.712346	-0.047430
25350	9.861108	0.379008	-1.275736	0.050577	-0.417740	0.227389	-0.031079	-0.050631	0.998234	-0.714292	0.699722	0.013251	-0.699157	-0.712618	-0.057912
25351	9.783359	0.189969	-1.188142	-0.113984	-0.395694	0.208191	-0.041648	-0.054142	0.997664	-0.712008	0.702121	0.008381	-0.700935	-0.709996	-0.067791
25352	9.787124	-0.024353	-1.003978	-0.128843	-0.379563	0.194738	-0.051701	-0.057565	0.997002	-0.709420	0.704776	0.003905	-0.702887	-0.707091	-0.077275
25353	9.672982	-0.077532	-0.756457	-0.159937	-0.378087	0.186829	-0.061596	-0.061056	0.996232	-0.706240	0.707973	-0.000276	-0.705288	-0.703596	-0.086728
25354	9.690533	-0.174899	-0.655606	-0.210914	-0.412130	0.166372	-0.071742	-0.065450	0.995274	-0.702137	0.712032	-0.003788	-0.708418	-0.699090	-0.097037
25355	9.724380	-0.290004	-0.759986	-0.266730	-0.458268	0.143490	-0.082325	-0.070981	0.994075	-0.697028	0.717014	-0.006527	-0.712302	-0.693435	-0.108503
25356	9.635638	-0.458322	-1.005965	-0.292841	-0.474428	0.120889	-0.092831	-0.077107	0.992692	-0.691440	0.722383	-0.008549	-0.716444	-0.687181	-0.120374
25357	9.634868	-0.610406	-1.327935	-0.160232	-0.461668	0.105611	-0.102867	-0.083215	0.991208	-0.688219	0.725427	-0.010521	-0.718174	-0.683250	-0.131893
25358	9.646905	-0.203146	-1.636990	-0.083811	-0.445415	0.083201	-0.112233	-0.089405	0.989652	-0.686403	0.727120	-0.012155	-0.718509	-0.680664	-0.142975
25359	9.630676	-0.049581	-1.588295	-0.138066	-0.423303	0.067399	-0.120936	-0.095468	0.988059	-0.683638	0.729702	-0.013171	-0.719732	-0.677067	-0.153513
25360	9.563744	-0.048062	-1.041713	-0.179193	-0.444625	0.069209	-0.130065	-0.101809	0.986265	-0.680107	0.732979	-0.014027	-0.721483	-0.672590	-0.164576
25361	9.456681	-0.511778	-0.527404	-0.201486	-0.524211	0.040146	-0.140151	-0.109955	0.984006	-0.676249	0.736540	-0.014015	-0.723218	-0.667397	-0.177584
25362	9.465697	-0.515615	-0.524537	-0.148101	-0.609061	0.024296	-0.151514	-0.119730	0.981177	-0.673405	0.739145	-0.013792	-0.723581	-0.662819	-0.192618
25363	9.538088	-0.363250	-1.551802	-0.142943	-0.613803	0.010953	-0.162738	-0.129751	0.978101	-0.670706	0.741605	-0.013215	-0.723650	-0.658169	-0.207712
25364	9.587154	-0.125032	-2.860036	-0.135758	-0.548020	0.035383	-0.173181	-0.138165	0.975151	-0.668036	0.744012	-0.013223	-0.723697	-0.653725	-0.221148
25365	9.526158	0.267679	-3.745525	-0.171227	-0.480244	0.027126	-0.182265	-0.145565	0.972415	-0.664748	0.746958	-0.012782	-0.724493	-0.648741	-0.232908
25366	9.644711	0.194329	-3.755697	-0.152921	-0.383221	0.026000	-0.189583	-0.151365	0.970127	-0.661783	0.749593	-0.012370	-0.725329	-0.644359	-0.242281
25367	9.654507	-0.004123	-3.078723	-0.081659	-0.335613	0.046511	-0.196382	-0.155983	0.968041	-0.660000	0.751155	-0.012855	-0.725144	-0.641432	-0.250462
25368	9.693766	-0.001386	-2.338752	-0.054060	-0.332976	0.056725	-0.203297	-0.160345	0.965898	-0.658658	0.752317	-0.013742	-0.724458	-0.638991	-0.258557
25369	9.511762	0.332532	-2.114799	-0.120428	-0.355065	0.069189	-0.210813	-0.164794	0.963536	-0.656041	0.754586	-0.014479	-0.724685	-0.635171	-0.267188
25370	9.474283	0.153411	-2.191297	-0.297882	-0.406528	0.079049	-0.219429	-0.169811	0.960737	-0.650132	0.759688	-0.014212	-0.727447	-0.627724	-0.277097
25371	9.549843	-0.171825	-2.256967	-0.400228	-0.452048	0.072881	-0.228796	-0.175555	0.957514	-0.642349	0.766302	-0.012990	-0.731464	-0.618030	-0.288094
25372	9.570474	-0.224016	-2.151649	-0.411182	-0.512179	0.074559	-0.239320	-0.182061	0.953719	-0.634302	0.772998	-0.011606	-0.735110	-0.607723	-0.300475
25373	9.514062	0.017682	-1.852895	-0.463515	-0.586540	0.061286	-0.251036	-0.189784	0.949191	-0.625317	0.780315	-0.009361	-0.738891	-0.595895	-0.314563
25374	9.460426	0.036283	-1.351681	-0.588126	-0.717898	0.041484	-0.264924	-0.199615	0.943382	-0.614087	0.789220	-0.005455	-0.743447	-0.580763	-0.331664
25375	9.551284	-0.110939	-0.871526	-0.694385	-0.895976	0.000321	-0.281572	-0.212491	0.935716	-0.601080	0.799189	0.000613	-0.747944	-0.562268	-0.352753
25376	9.608625	0.233810	-1.192517	-0.739421	-1.095075	-0.074953	-0.300913	-0.229178	0.925705	-0.587721	0.809011	0.009242	-0.751023	-0.541275	-0.378134
25377	10.142013	-0.250122	-2.243600	-0.675173	-1.248037	-0.158462	-0.321974	-0.249025	0.913411	-0.576234	0.817049	0.019633	-0.751190	-0.520017	-0.406565
25378	10.490238	-0.040319	-2.711991	-0.632657	-1.359152	-0.229066	-0.344118	-0.271085	0.898941	-0.566245	0.823630	0.031613	-0.748965	-0.498142	-0.436927
25379	10.481644	0.706879	-2.880587	-0.512654	-1.437762	-0.271270	-0.367049	-0.294277	0.882426	-0.559070	0.827975	0.043571	-0.743449	-0.477345	-0.468429
25380	9.907594	1.229735	-2.953567	-0.551856	-1.509028	-0.269148	-0.391157	-0.317493	0.863826	-0.551392	0.832348	0.056243	-0.736860	-0.454307	-0.500642
25381	9.253312	1.201815	-2.480590	-0.709723	-1.619687	-0.280931	-0.416941	-0.341239	0.842446	-0.541202	0.837845	0.071525	-0.730247	-0.426112	-0.534012
25382	9.510872	1.181637	-2.052180	-0.740365	-1.771063	-0.293941	-0.445048	-0.365645	0.817457	-0.530931	0.842840	0.087944	-0.721142	-0.394874	-0.569236
25383	9.754834	1.891576	-1.688014	-0.863184	-1.997790	-0.279371	-0.477018	-0.390399	0.787428	-0.518716	0.848306	0.106347	-0.709498	-0.357722	-0.607164
25384	10.972557	0.968987	-1.591371	-1.098480	-2.222832	-0.258870	-0.512673	-0.414572	0.751862	-0.502627	0.854878	0.128648	-0.696084	-0.311952	-0.646647
25385	12.060804	0.281165	-3.939872	-0.912622	-2.284848	-0.265150	-0.548494	-0.436871	0.712951	-0.490505	0.858643	0.148786	-0.677171	-0.268097	-0.685247
25386	11.768113	0.790137	-6.737969	-0.775689	-2.216447	-0.271846	-0.581985	-0.456473	0.672997	-0.481475	0.860365	0.167196	-0.655344	-0.226726	-0.720500
25387	10.739842	1.136256	-7.895757	-0.770309	-1.960440	-0.266590	-0.610299	-0.472415	0.635893	-0.473085	0.861210	0.185762	-0.635394	-0.187461	-0.749088
25388	8.420266	0.198353	-8.657062	-0.119290	-1.262560	-0.244232	-0.627027	-0.483362	0.610900	-0.475076	0.858772	0.191869	-0.617366	-0.169917	-0.768107
25389	5.737651	-0.248097	-9.493588	0.449847	-0.437159	-0.220031	-0.630910	-0.490013	0.601531	-0.485504	0.854101	0.186543	-0.605177	-0.174354	-0.776764
25390	3.858441	-1.264191	-9.955576	1.294435	0.036819	-0.287439	-0.626627	-0.496001	0.601100	-0.509461	0.844396	0.165662	-0.589736	-0.202429	-0.781815
25391	3.697439	1.547953	-7.883406	1.225421	0.400579	-0.460524	-0.614600	-0.503527	0.607230	-0.534637	0.831897	0.148699	-0.580026	-0.233257	-0.780488
25392	6.812587	0.781701	-6.837277	0.906628	1.266542	-0.684368	-0.586620	-0.509750	0.629311	-0.558240	0.817474	0.141793	-0.586724	-0.268127	-0.764109
25393	6.340210	0.794270	-6.881695	0.929250	2.133864	-0.845909	-0.542613	-0.511356	0.666398	-0.584115	0.799831	0.138130	-0.603639	-0.314302	-0.732690
25394	6.803513	2.169505	-6.985093	1.312307	3.023842	-0.768595	-0.484538	-0.500348	0.717548	-0.614216	0.778655	0.128197	-0.622866	-0.378613	-0.684610
25395	5.107216	2.634664	-7.867622	0.300518	3.685447	-0.775648	-0.413190	-0.478081	0.775056	-0.627830	0.766051	0.137824	-0.659624	-0.429656	-0.616678
25396	5.367738	2.557905	-7.626095	-0.117390	3.869913	-0.657792	-0.336942	-0.446970	0.828666	-0.632069	0.759704	0.152769	-0.697825	-0.472299	-0.538493
25397	6.288282	3.007596	-7.136002	-0.083242	4.045091	-0.377871	-0.258585	-0.404229	0.877344	-0.633434	0.756663	0.161930	-0.729311	-0.513867	-0.451714
25398	6.721695	2.820529	-6.711966	0.024072	4.121516	-0.069539	-0.180978	-0.350519	0.918903	-0.634277	0.755657	0.163327	-0.751625	-0.553280	-0.359083
25399	7.604571	2.735777	-6.701622	0.219777	4.127657	0.223588	-0.106190	-0.287244	0.951953	-0.637631	0.754284	0.156472	-0.762988	-0.590379	-0.263253
25400	7.366383	2.195642	-5.407403	-0.188971	3.964834	0.441689	-0.036901	-0.219268	0.974967	-0.633180	0.759929	0.146942	-0.773125	-0.611907	-0.166878
25401	8.090996	0.865096	-4.246218	-0.595176	3.561541	0.636420	0.022552	-0.152369	0.988066	-0.621432	0.772055	0.133242	-0.783144	-0.617021	-0.077275
25402	10.136589	0.778383	-2.674757	-1.007977	3.120337	0.695364	0.073594	-0.091084	0.993120	-0.602315	0.789630	0.117054	-0.794859	-0.606786	0.003251
25403	9.046290	0.356514	-1.175685	-1.684186	2.435469	0.681301	0.112700	-0.041421	0.992765	-0.569950	0.815725	0.098736	-0.813914	-0.576955	0.068325
25404	8.284121	-0.918404	-0.811466	-1.599610	1.463545	0.633880	0.134113	-0.007859	0.990935	-0.538924	0.838586	0.079589	-0.831610	-0.544712	0.108230
25405	7.473503	-1.169460	-0.895064	-0.716191	0.586585	0.599790	0.138464	0.012591	0.990287	-0.525940	0.848204	0.062754	-0.839175	-0.529520	0.124068
25406	7.070091	-0.328669	-2.497816	-0.035760	-0.383754	0.509674	0.123776	0.018253	0.992142	-0.526794	0.848515	0.050111	-0.840933	-0.528857	0.114641
25407	7.058581	0.339569	-3.122761	-0.027310	-0.911915	0.430349	0.098969	0.015250	0.994974	-0.527348	0.848733	0.039447	-0.843865	-0.528602	0.092041
25408	10.440384	-0.836459	-0.767127	0.369054	-0.890274	0.135870	0.078476	0.006179	0.996897	-0.535347	0.843826	0.036913	-0.840979	-0.536582	0.069528
25409	12.693639	-0.966928	1.326461	1.998802	-0.166922	-0.299539	0.079244	-0.002451	0.996852	-0.576032	0.816029	0.047798	-0.813577	-0.578006	0.063253
25410	10.623402	2.806764	0.989765	2.844545	-0.235036	-0.179862	0.077364	-0.009661	0.996956	-0.631989	0.772913	0.056532	-0.771106	-0.634439	0.053690
25411	11.230556	5.994901	0.887671	1.809648	-0.576686	0.034809	0.065949	-0.018472	0.997652	-0.666238	0.743495	0.057808	-0.742817	-0.668486	0.036726
25412	10.395246	2.849771	-1.174837	-0.047792	-0.840692	0.209694	0.046898	-0.028706	0.998487	-0.665563	0.744481	0.052664	-0.744866	-0.667026	0.015809
25413	9.649369	-0.987551	-2.385877	-0.296680	-0.687750	0.262507	0.029765	-0.035334	0.998932	-0.660177	0.749689	0.046189	-0.750520	-0.660847	-0.001012
