// General information: 
//  MT Manager version: 2022.2.0 
//  XDA version: 2022.2.0 build 7381 rev 124627 built on 2023-07-19
// Device information: 
//  DeviceId: 00B4CBA7
//  ProductCode: MTW2-3A7G6
//  Firmware Version: 4.6.0
//  Hardware Version: 2.0.0
// Device settings: 
//  Filter Profile: human(46.1)
//  Option Flags: Orientation Smoother Disabled, Position/Velocity Smoother Disabled, Continuous Zero Rotation Update Disabled, AHS Disabled, ICC Disabled
// Coordinate system: ENU
PacketCounter	Acc_X	Acc_Y	Acc_Z	Gyr_X	Gyr_Y	Gyr_Z	Mat[1][1]	Mat[2][1]	Mat[3][1]	Mat[1][2]	Mat[2][2]	Mat[3][2]	Mat[1][3]	Mat[2][3]	Mat[3][3]
57071	9.446318	0.212415	-2.547300	-0.002005	-0.001658	0.009231	-0.219596	-0.134842	0.966227	-0.455891	0.889798	0.020565	-0.862520	-0.435978	-0.256870
57072	9.462226	0.220821	-2.563653	-0.003221	-0.003145	0.005052	-0.219608	-0.134839	0.966225	-0.455859	0.889814	0.020566	-0.862534	-0.435946	-0.256879
57073	9.443206	0.182701	-2.566687	-0.004592	-0.000220	0.006533	-0.219634	-0.134845	0.966218	-0.455850	0.889819	0.020563	-0.862532	-0.435934	-0.256904
57074	9.428698	0.174930	-2.585081	-0.002005	-0.001657	0.009231	-0.219652	-0.134799	0.966221	-0.455820	0.889835	0.020520	-0.862543	-0.435915	-0.256898
57075	9.470557	0.168763	-2.583849	0.003239	-0.003445	0.006181	-0.219668	-0.134794	0.966218	-0.455835	0.889828	0.020504	-0.862532	-0.435932	-0.256910
57076	9.475095	0.198527	-2.599192	0.005337	0.005417	0.008243	-0.219621	-0.134725	0.966238	-0.455870	0.889811	0.020452	-0.862525	-0.435987	-0.256838
57077	9.459258	0.188636	-2.582688	0.014294	0.002827	0.005030	-0.219518	-0.134696	0.966265	-0.455986	0.889752	0.020438	-0.862490	-0.436117	-0.256737
57078	9.421978	0.223785	-2.599208	0.013485	0.006071	0.005079	-0.219451	-0.134653	0.966287	-0.456099	0.889695	0.020396	-0.862447	-0.436246	-0.256660
57079	9.452594	0.239108	-2.596524	0.010176	0.005252	0.005218	-0.219383	-0.134655	0.966302	-0.456159	0.889664	0.020412	-0.862432	-0.436309	-0.256602
57080	9.436784	0.229488	-2.579896	0.003717	0.005552	0.004088	-0.219316	-0.134623	0.966321	-0.456190	0.889648	0.020405	-0.862433	-0.436351	-0.256528
57081	9.468920	0.246895	-2.611444	0.001378	0.009783	0.007023	-0.219222	-0.134572	0.966350	-0.456166	0.889660	0.020409	-0.862470	-0.436342	-0.256421
57082	9.422789	0.221091	-2.596495	0.000974	0.011406	0.007047	-0.219118	-0.134488	0.966385	-0.456167	0.889661	0.020380	-0.862496	-0.436367	-0.256290
57083	9.463528	0.213230	-2.559487	-0.001209	0.011221	0.004324	-0.219084	-0.134409	0.966404	-0.456028	0.889732	0.020364	-0.862578	-0.436246	-0.256220
57084	9.418900	0.189372	-2.578849	0.001379	0.012962	0.009148	-0.218976	-0.134300	0.966444	-0.456027	0.889734	0.020314	-0.862606	-0.436276	-0.256075
57085	9.407818	0.210346	-2.576881	-0.003389	0.014216	0.003725	-0.218847	-0.134260	0.966478	-0.456007	0.889744	0.020343	-0.862649	-0.436269	-0.255941
57086	9.450030	0.204423	-2.574290	0.003717	0.008731	0.006214	-0.218762	-0.134195	0.966506	-0.456033	0.889731	0.020315	-0.862657	-0.436315	-0.255837
57087	9.434352	0.194760	-2.557119	0.002506	0.013598	0.006287	-0.218651	-0.134092	0.966546	-0.455997	0.889750	0.020283	-0.862704	-0.436307	-0.255690
57088	9.465137	0.210179	-2.553784	0.010900	0.010687	0.004509	-0.218541	-0.134034	0.966579	-0.456088	0.889704	0.020253	-0.862684	-0.436419	-0.255568
57089	9.436519	0.220231	-2.501466	0.011060	0.012627	0.003102	-0.218384	-0.133984	0.966621	-0.456225	0.889634	0.020240	-0.862651	-0.436576	-0.255409
57090	9.435266	0.192856	-2.553892	0.011867	0.009383	0.003054	-0.218279	-0.133944	0.966650	-0.456327	0.889582	0.020222	-0.862624	-0.436695	-0.255300
57091	9.485050	0.245760	-2.547791	0.014049	0.012748	0.007902	-0.218224	-0.133891	0.966670	-0.456483	0.889504	0.020153	-0.862555	-0.436871	-0.255230
57092	9.461815	0.176630	-2.534016	0.013804	0.013131	0.004394	-0.218093	-0.133823	0.966709	-0.456600	0.889445	0.020117	-0.862527	-0.437012	-0.255085
57093	9.408787	0.202831	-2.533801	0.025508	0.011040	0.002482	-0.218054	-0.133821	0.966718	-0.456875	0.889305	0.020052	-0.862391	-0.437297	-0.255056
57094	9.426600	0.237836	-2.495425	0.018081	0.012647	0.002802	-0.217920	-0.133770	0.966756	-0.457031	0.889225	0.020021	-0.862342	-0.437475	-0.254917
57095	9.412441	0.229788	-2.512663	0.022037	0.011464	0.006149	-0.217785	-0.133706	0.966795	-0.457209	0.889135	0.019972	-0.862281	-0.437678	-0.254772
57096	9.485070	0.239284	-2.508017	0.015257	0.007887	0.007830	-0.217715	-0.133630	0.966821	-0.457331	0.889074	0.019900	-0.862235	-0.437825	-0.254678
57097	9.501292	0.247036	-2.523408	0.010415	0.008058	0.010850	-0.217578	-0.133521	0.966867	-0.457340	0.889070	0.019861	-0.862264	-0.437866	-0.254507
57098	9.500002	0.243906	-2.488171	0.008074	0.009114	0.011655	-0.217515	-0.133407	0.966897	-0.457391	0.889046	0.019770	-0.862253	-0.437950	-0.254400
57099	9.508626	0.192504	-2.506976	0.008235	0.007872	0.008125	-0.217457	-0.133358	0.966917	-0.457451	0.889016	0.019735	-0.862236	-0.438025	-0.254328
57100	9.498940	0.215091	-2.540093	0.010333	0.007198	0.003811	-0.217375	-0.133322	0.966940	-0.457538	0.888971	0.019713	-0.862210	-0.438127	-0.254240
57101	9.475477	0.145962	-2.526895	0.011220	0.004815	0.010804	-0.217340	-0.133254	0.966957	-0.457603	0.888939	0.019648	-0.862185	-0.438213	-0.254180
57102	9.509203	0.189612	-2.505006	0.019293	0.010963	0.004853	-0.217230	-0.133191	0.966991	-0.457766	0.888857	0.019594	-0.862126	-0.438399	-0.254057
57103	9.493511	0.154536	-2.575810	0.012916	0.008946	0.008634	-0.217179	-0.133103	0.967014	-0.457792	0.888845	0.019530	-0.862125	-0.438450	-0.253972
57104	9.454881	0.187566	-2.557707	0.020905	0.007655	0.006886	-0.217107	-0.133037	0.967040	-0.457963	0.888758	0.019452	-0.862052	-0.438646	-0.253881
57105	9.445142	0.235058	-2.503076	0.015417	0.006648	0.004298	-0.217209	-0.133029	0.967018	-0.458129	0.888675	0.019348	-0.861938	-0.438817	-0.253972
57106	9.385944	0.204219	-2.541239	0.008316	0.008950	-0.000325	-0.217092	-0.133022	0.967045	-0.458208	0.888634	0.019372	-0.861926	-0.438903	-0.253867
57107	9.357303	0.189575	-2.576914	0.003473	0.012306	0.004814	-0.216948	-0.132989	0.967082	-0.458267	0.888603	0.019393	-0.861931	-0.438975	-0.253725
57108	9.396439	0.154891	-2.593246	0.009123	0.008887	0.001753	-0.216841	-0.132964	0.967109	-0.458349	0.888561	0.019395	-0.861914	-0.439068	-0.253621
57109	9.404284	0.213305	-2.589161	0.021307	0.006036	0.006865	-0.216796	-0.132935	0.967124	-0.458549	0.888459	0.019331	-0.861820	-0.439282	-0.253571
57110	9.451055	0.237323	-2.602168	0.015741	0.013710	0.003598	-0.216656	-0.132871	0.967163	-0.458683	0.888390	0.019299	-0.861783	-0.439440	-0.253421
57111	9.480327	0.250655	-2.564252	0.017354	0.013587	0.007752	-0.216545	-0.132793	0.967199	-0.458830	0.888316	0.019236	-0.861733	-0.439615	-0.253289
57112	9.495199	0.256812	-2.544454	0.006380	0.017937	0.006812	-0.216384	-0.132682	0.967250	-0.458877	0.888293	0.019196	-0.861748	-0.439695	-0.253097
57113	9.514713	0.293808	-2.540052	-0.002983	0.015794	0.005790	-0.216189	-0.132546	0.967313	-0.458657	0.888406	0.019226	-0.861914	-0.439508	-0.252857
57114	9.484646	0.277226	-2.540792	-0.011137	0.015150	0.008942	-0.216062	-0.132429	0.967357	-0.458548	0.888462	0.019210	-0.862004	-0.439429	-0.252688
57115	9.493450	0.226552	-2.558734	-0.019367	0.016822	0.007175	-0.215901	-0.132350	0.967404	-0.458376	0.888549	0.019263	-0.862136	-0.439276	-0.252505
57116	9.500480	0.199142	-2.454408	-0.014611	0.015579	0.012604	-0.215787	-0.132198	0.967450	-0.458229	0.888626	0.019221	-0.862242	-0.439167	-0.252331
57117	9.460615	0.205590	-2.488987	-0.018890	0.016071	0.014189	-0.215671	-0.132070	0.967493	-0.458064	0.888712	0.019205	-0.862359	-0.439032	-0.252166
57118	9.461030	0.204579	-2.487493	-0.002506	0.015041	0.012807	-0.215562	-0.131919	0.967538	-0.458021	0.888736	0.019130	-0.862409	-0.439029	-0.251999
57119	9.450025	0.224999	-2.485507	-0.004444	0.014476	0.013589	-0.215453	-0.131804	0.967578	-0.457942	0.888777	0.019098	-0.862479	-0.438979	-0.251848
57120	9.477879	0.211302	-2.500750	-0.008961	0.015346	0.011664	-0.215337	-0.131662	0.967624	-0.457846	0.888828	0.019050	-0.862559	-0.438920	-0.251678
57121	9.479918	0.211967	-2.533743	-0.001702	0.014980	0.014884	-0.215315	-0.131510	0.967649	-0.457772	0.888868	0.018942	-0.862603	-0.438885	-0.251588
57122	9.430335	0.241413	-2.602292	-0.006786	0.015536	0.014389	-0.215209	-0.131343	0.967695	-0.457689	0.888912	0.018863	-0.862674	-0.438844	-0.251416
57123	9.416402	0.233059	-2.618983	-0.010498	0.019530	0.016661	-0.215185	-0.131105	0.967733	-0.457463	0.889032	0.018721	-0.862800	-0.438673	-0.251282
57124	9.444187	0.244170	-2.545805	-0.005652	0.022538	0.015767	-0.215025	-0.130895	0.967797	-0.457386	0.889073	0.018625	-0.862880	-0.438652	-0.251042
57125	9.433386	0.264388	-2.543209	-0.009128	0.019785	0.017307	-0.214887	-0.130702	0.967854	-0.457290	0.889124	0.018540	-0.862965	-0.438606	-0.250830
57126	9.448392	0.269945	-2.522811	-0.017287	0.022336	0.022567	-0.214760	-0.130432	0.967918	-0.457099	0.889225	0.018407	-0.863098	-0.438481	-0.250591
57127	9.479496	0.284078	-2.518454	-0.026181	0.019450	0.028544	-0.214720	-0.130162	0.967963	-0.456880	0.889341	0.018242	-0.863224	-0.438326	-0.250428
57128	9.484844	0.312570	-2.531826	-0.032637	0.022949	0.029514	-0.214619	-0.129828	0.968031	-0.456541	0.889519	0.018080	-0.863429	-0.438065	-0.250180
57129	9.456873	0.212025	-2.501560	-0.038290	0.023201	0.030441	-0.214519	-0.129530	0.968093	-0.456141	0.889726	0.017969	-0.863665	-0.437732	-0.249947
57130	9.451040	0.177670	-2.449492	-0.030868	0.021584	0.030137	-0.214432	-0.129196	0.968157	-0.455816	0.889896	0.017796	-0.863858	-0.437485	-0.249712
57131	9.435817	0.141690	-2.519383	-0.022476	0.018654	0.028385	-0.214345	-0.128910	0.968214	-0.455569	0.890025	0.017645	-0.864010	-0.437307	-0.249500
57132	9.405483	0.148312	-2.431945	-0.000837	0.022155	0.028242	-0.214245	-0.128591	0.968279	-0.455508	0.890061	0.017416	-0.864067	-0.437327	-0.249266
57133	9.341488	0.194715	-2.430604	0.005384	0.019036	0.023765	-0.214153	-0.128340	0.968332	-0.455494	0.890072	0.017232	-0.864097	-0.437380	-0.249070
57134	9.403036	0.224134	-2.424191	0.008925	0.016285	0.025022	-0.214089	-0.128075	0.968381	-0.455524	0.890061	0.017010	-0.864097	-0.437479	-0.248893
57135	9.495389	0.159799	-2.438930	0.015207	0.010844	0.025460	-0.214034	-0.127964	0.968408	-0.455787	0.889929	0.016857	-0.863972	-0.437779	-0.248800
57136	9.487839	0.097802	-2.441283	0.025312	0.015219	0.023669	-0.213973	-0.127716	0.968454	-0.455961	0.889845	0.016608	-0.863895	-0.438024	-0.248637
57137	9.526987	0.060756	-2.457096	0.051170	0.014154	0.012803	-0.213865	-0.127565	0.968498	-0.456358	0.889645	0.016405	-0.863712	-0.438474	-0.248480
57138	9.498151	0.069223	-2.404695	0.075888	0.015654	0.006909	-0.213724	-0.127464	0.968543	-0.457005	0.889317	0.016192	-0.863405	-0.439168	-0.248320
57139	9.502030	0.070579	-2.472163	0.096660	0.015164	-0.004465	-0.213497	-0.127503	0.968588	-0.457857	0.888880	0.016089	-0.863010	-0.440040	-0.248151
57140	9.497599	0.037920	-2.455129	0.122572	0.018188	-0.006196	-0.213274	-0.127507	0.968636	-0.458934	0.888328	0.015888	-0.862493	-0.441151	-0.247975
57141	9.453134	0.012669	-2.474097	0.159491	0.020227	-0.020330	-0.212968	-0.127684	0.968680	-0.460336	0.887605	0.015790	-0.861821	-0.442555	-0.247809
57142	9.445395	0.060874	-2.452858	0.186358	0.021995	-0.023536	-0.212633	-0.127824	0.968735	-0.461997	0.886744	0.015599	-0.861014	-0.444236	-0.247605
57143	9.445885	0.058614	-2.451024	0.213387	0.019344	-0.032390	-0.212274	-0.128094	0.968778	-0.464001	0.885700	0.015439	-0.860025	-0.446237	-0.247447
57144	9.462539	0.065146	-2.465250	0.225797	0.022784	-0.035060	-0.211878	-0.128332	0.968834	-0.466023	0.884641	0.015263	-0.859029	-0.448265	-0.247241
57145	9.501971	0.028599	-2.479732	0.244762	0.026981	-0.045043	-0.211444	-0.128668	0.968884	-0.468272	0.883455	0.015130	-0.857912	-0.450502	-0.247053
57146	9.546330	0.022678	-2.509583	0.259271	0.029766	-0.052049	-0.210906	-0.129022	0.968954	-0.470611	0.882212	0.015037	-0.856763	-0.452829	-0.246783
57147	9.525014	-0.045108	-2.527394	0.273714	0.034855	-0.064006	-0.210294	-0.129508	0.969022	-0.473157	0.880850	0.015041	-0.855511	-0.455336	-0.246515
57148	9.481053	-0.069418	-2.544564	0.290613	0.031151	-0.068989	-0.209663	-0.130002	0.969093	-0.475792	0.879429	0.015036	-0.854203	-0.457934	-0.246237
57149	9.460032	-0.136663	-2.561345	0.313356	0.042073	-0.083494	-0.208864	-0.130619	0.969182	-0.478692	0.877852	0.015150	-0.852778	-0.460775	-0.245878
57150	9.414657	-0.161457	-2.542596	0.345159	0.045926	-0.091309	-0.207995	-0.131237	0.969286	-0.481829	0.876133	0.015230	-0.851222	-0.463862	-0.245465
57151	9.375092	-0.127957	-2.487197	0.379914	0.046852	-0.096439	-0.207128	-0.131935	0.969377	-0.485235	0.874250	0.015307	-0.849497	-0.467206	-0.245101
57152	9.358199	-0.055077	-2.499068	0.398635	0.049412	-0.105192	-0.206158	-0.132650	0.969486	-0.488842	0.872236	0.015393	-0.847663	-0.470752	-0.244663
57153	9.391633	0.018843	-2.387678	0.407501	0.047229	-0.108560	-0.205113	-0.133426	0.969601	-0.492514	0.870166	0.015554	-0.845789	-0.474352	-0.244196
57154	9.400110	0.078659	-2.382302	0.407812	0.046011	-0.108776	-0.204147	-0.134180	0.969701	-0.496188	0.868074	0.015657	-0.843873	-0.477958	-0.243794
57155	9.446389	0.133032	-2.306588	0.400590	0.037934	-0.111348	-0.203154	-0.135016	0.969793	-0.499847	0.865969	0.015853	-0.841951	-0.481527	-0.243412
57156	9.403213	0.139347	-2.271635	0.394151	0.033059	-0.109774	-0.202286	-0.135834	0.969861	-0.503390	0.863911	0.016002	-0.840047	-0.484981	-0.243135
57157	9.422363	0.068348	-2.250799	0.401439	0.030898	-0.117292	-0.201381	-0.136751	0.969920	-0.506981	0.861804	0.016245	-0.838102	-0.488460	-0.242881
57158	9.437067	0.078380	-2.230483	0.429467	0.023122	-0.117823	-0.200548	-0.137680	0.969961	-0.510819	0.859532	0.016389	-0.835969	-0.492188	-0.242707
57159	9.463729	0.097207	-2.158647	0.461340	0.012300	-0.129032	-0.199689	-0.138812	0.969977	-0.515039	0.857006	0.016613	-0.833582	-0.496259	-0.242628
57160	9.494052	0.116131	-2.156817	0.491809	0.004531	-0.138897	-0.198893	-0.140005	0.969969	-0.519416	0.854356	0.016811	-0.831053	-0.500474	-0.242646
57161	9.582721	0.168951	-2.118458	0.518183	0.000304	-0.141688	-0.198051	-0.141262	0.969959	-0.524080	0.851499	0.017001	-0.828321	-0.504969	-0.242673
57162	9.580846	0.203460	-2.034160	0.528284	-0.009662	-0.147096	-0.197316	-0.142589	0.969915	-0.528746	0.848606	0.017189	-0.825527	-0.509447	-0.242837
57163	9.544967	0.270872	-2.040689	0.533809	-0.022949	-0.147927	-0.196521	-0.143983	0.969870	-0.533413	0.845675	0.017462	-0.822709	-0.513909	-0.242996
57164	9.564648	0.342709	-2.028987	0.525970	-0.039606	-0.151494	-0.195994	-0.145493	0.969752	-0.538036	0.842736	0.017696	-0.819819	-0.518293	-0.243452
57165	9.605201	0.341860	-2.032466	0.502770	-0.049344	-0.143981	-0.195600	-0.146967	0.969609	-0.542411	0.839923	0.017889	-0.817026	-0.522427	-0.244005
57166	9.633693	0.361806	-2.038734	0.483647	-0.065459	-0.129938	-0.195385	-0.148426	0.969430	-0.546615	0.837190	0.018011	-0.814270	-0.526386	-0.244706
57167	9.591708	0.367161	-2.084223	0.450796	-0.076231	-0.123157	-0.195353	-0.149924	0.969206	-0.550606	0.834569	0.018117	-0.811585	-0.530111	-0.245585
57168	9.545712	0.450703	-2.169718	0.411075	-0.089437	-0.110863	-0.195424	-0.151349	0.968970	-0.554160	0.832211	0.018223	-0.809145	-0.533403	-0.246506
57169	9.603359	0.485937	-2.179126	0.357190	-0.098558	-0.092290	-0.195667	-0.152668	0.968714	-0.557268	0.830132	0.018267	-0.806949	-0.536259	-0.247506
57170	9.550351	0.508050	-2.263979	0.291579	-0.111207	-0.072079	-0.196119	-0.153889	0.968429	-0.559766	0.828449	0.018285	-0.805108	-0.538508	-0.248616
57171	9.539020	0.525157	-2.346998	0.222164	-0.117956	-0.054694	-0.196592	-0.155045	0.968149	-0.561691	0.827142	0.018406	-0.803651	-0.540182	-0.249697
57172	9.471279	0.536013	-2.450150	0.148433	-0.125028	-0.027047	-0.197403	-0.155970	0.967835	-0.562943	0.826292	0.018340	-0.802576	-0.541216	-0.250914
57173	9.421151	0.444768	-2.545602	0.067444	-0.126288	-0.014093	-0.198227	-0.156816	0.967530	-0.563646	0.825812	0.018367	-0.801879	-0.541703	-0.252087
57174	9.317761	0.204227	-2.719746	0.018539	-0.124858	-0.009366	-0.199133	-0.157595	0.967218	-0.563819	0.825692	0.018455	-0.801532	-0.541661	-0.253277
57175	9.277012	0.062103	-2.827491	0.028682	-0.121567	-0.015097	-0.199898	-0.158443	0.966921	-0.564147	0.825464	0.018634	-0.801111	-0.541760	-0.254394
57176	9.325463	0.006092	-2.849565	0.068438	-0.111863	-0.017936	-0.200651	-0.159222	0.966637	-0.564737	0.825060	0.018676	-0.800507	-0.542148	-0.255468
57177	9.297592	0.083217	-2.779386	0.108612	-0.103751	-0.020740	-0.201284	-0.160020	0.966374	-0.565728	0.824381	0.018673	-0.799648	-0.542946	-0.256463
57178	9.303154	0.311901	-2.786863	0.121504	-0.095218	-0.016359	-0.201910	-0.160698	0.966131	-0.566738	0.823689	0.018563	-0.798774	-0.543795	-0.257385
57179	9.315636	0.492905	-2.738723	0.094188	-0.091483	-0.007220	-0.202576	-0.161298	0.965891	-0.567586	0.823108	0.018415	-0.798003	-0.544496	-0.258293
57180	9.382373	0.508863	-2.676494	0.050587	-0.087323	0.003590	-0.203251	-0.161769	0.965671	-0.567988	0.822833	0.018293	-0.797545	-0.544771	-0.259125
57181	9.441009	0.434961	-2.625259	0.016088	-0.087018	0.007746	-0.203798	-0.162254	0.965474	-0.568229	0.822667	0.018309	-0.797234	-0.544879	-0.259855
57182	9.471099	0.342074	-2.608330	-0.005266	-0.086241	0.008976	-0.204494	-0.162675	0.965256	-0.568175	0.822705	0.018280	-0.797095	-0.544696	-0.260666
57183	9.491528	0.301336	-2.578227	-0.005950	-0.088340	0.011962	-0.205214	-0.163094	0.965032	-0.568162	0.822715	0.018222	-0.796918	-0.544555	-0.261497
57184	9.483253	0.240849	-2.582667	-0.008970	-0.089435	0.015739	-0.205974	-0.163477	0.964806	-0.568065	0.822784	0.018138	-0.796792	-0.544336	-0.262337
57185	9.461466	0.239559	-2.470674	-0.012800	-0.090614	0.017448	-0.206786	-0.163855	0.964568	-0.567865	0.822924	0.018054	-0.796724	-0.544011	-0.263217
57186	9.400394	0.201889	-2.513548	-0.023998	-0.093756	0.017607	-0.207590	-0.164245	0.964329	-0.567643	0.823078	0.017991	-0.796673	-0.543660	-0.264096
57187	9.452037	0.175554	-2.518908	-0.027377	-0.099820	0.017452	-0.208372	-0.164716	0.964080	-0.567454	0.823208	0.018001	-0.796604	-0.543320	-0.265002
57188	9.443460	0.115173	-2.524503	-0.032698	-0.103189	0.020091	-0.209265	-0.165136	0.963814	-0.567158	0.823414	0.017938	-0.796580	-0.542881	-0.265970
57189	9.438312	0.083397	-2.549840	-0.032229	-0.111336	0.016271	-0.210227	-0.165633	0.963520	-0.566873	0.823611	0.017898	-0.796530	-0.542431	-0.267038
57190	9.451058	0.089692	-2.577650	-0.025535	-0.111462	0.020786	-0.211190	-0.166092	0.963230	-0.566632	0.823778	0.017811	-0.796446	-0.542036	-0.268087
57191	9.463704	0.095879	-2.605682	-0.028248	-0.115397	0.017631	-0.212117	-0.166615	0.962936	-0.566442	0.823910	0.017783	-0.796335	-0.541675	-0.269143
57192	9.405562	0.122843	-2.585788	-0.026845	-0.121593	0.014335	-0.213124	-0.167180	0.962616	-0.566204	0.824074	0.017761	-0.796236	-0.541252	-0.270288
57193	9.403410	0.120025	-2.631605	-0.032735	-0.121318	0.011855	-0.214125	-0.167760	0.962293	-0.565931	0.824261	0.017768	-0.796161	-0.540786	-0.271436
57194	9.402756	0.150337	-2.627850	-0.030799	-0.124574	0.017550	-0.215174	-0.168314	0.961962	-0.565654	0.824452	0.017727	-0.796075	-0.540323	-0.272608
57195	9.374631	0.194498	-2.608554	-0.024392	-0.123922	0.009989	-0.216210	-0.168935	0.961621	-0.565518	0.824546	0.017703	-0.795891	-0.539986	-0.273811
57196	9.364327	0.137281	-2.582354	-0.029256	-0.135426	0.008813	-0.217295	-0.169618	0.961256	-0.565272	0.824713	0.017743	-0.795770	-0.539516	-0.275087
57197	9.362384	0.132497	-2.664061	-0.019119	-0.139318	0.007607	-0.218297	-0.170364	0.960897	-0.565178	0.824776	0.017833	-0.795563	-0.539185	-0.276332
57198	9.357872	0.134126	-2.642833	-0.001435	-0.143292	0.012956	-0.219467	-0.171054	0.960507	-0.565144	0.824801	0.017756	-0.795265	-0.538928	-0.277687
57199	9.397527	0.124070	-2.724080	0.008818	-0.145327	0.010206	-0.220568	-0.171792	0.960124	-0.565338	0.824670	0.017682	-0.794823	-0.538894	-0.279016
57200	9.454332	0.154350	-2.773436	0.019899	-0.147278	0.009509	-0.221749	-0.172533	0.959719	-0.565481	0.824574	0.017579	-0.794392	-0.538804	-0.280413
57201	9.484280	0.196037	-2.841578	0.017565	-0.146230	0.010296	-0.222849	-0.173252	0.959334	-0.565648	0.824461	0.017497	-0.793965	-0.538746	-0.281730
57202	9.496615	0.197364	-2.941685	0.009862	-0.141408	0.009140	-0.223980	-0.173963	0.958942	-0.565711	0.824419	0.017426	-0.793602	-0.538581	-0.283067
57203	9.507041	0.163621	-3.125498	0.007461	-0.136489	0.003358	-0.225055	-0.174684	0.958559	-0.565819	0.824347	0.017380	-0.793221	-0.538459	-0.284362
57204	9.531169	0.143856	-3.222723	0.028362	-0.122570	0.009545	-0.226038	-0.175290	0.958217	-0.566028	0.824206	0.017252	-0.792792	-0.538478	-0.285521
57205	9.527965	0.139503	-3.267952	0.038106	-0.102793	0.009857	-0.226814	-0.175797	0.957941	-0.566381	0.823966	0.017106	-0.792318	-0.538680	-0.286455
57206	9.421194	0.209772	-3.404204	0.041528	-0.084460	0.005759	-0.227473	-0.176229	0.957705	-0.566702	0.823748	0.016976	-0.791899	-0.538872	-0.287250
57207	9.322611	0.237845	-3.414173	0.028801	-0.060546	0.003980	-0.227959	-0.176535	0.957533	-0.566916	0.823603	0.016878	-0.791607	-0.538994	-0.287828
57208	9.231330	0.181094	-3.485300	0.019124	-0.042681	0.003018	-0.228271	-0.176765	0.957417	-0.567066	0.823500	0.016838	-0.791409	-0.539075	-0.288219
57209	9.145791	0.191047	-3.455165	0.011245	-0.019536	0.006593	-0.228466	-0.176838	0.957357	-0.567326	0.823324	0.016692	-0.791167	-0.539320	-0.288426
57210	9.144761	0.194742	-3.387326	0.010642	-0.002841	0.009264	-0.228499	-0.176801	0.957356	-0.567394	0.823279	0.016617	-0.791108	-0.539401	-0.288434
57211	9.162048	0.238646	-3.286052	0.007074	0.012756	0.015759	-0.228340	-0.176654	0.957421	-0.567460	0.823234	0.016559	-0.791107	-0.539517	-0.288222
57212	9.233808	0.257178	-3.181248	-0.010638	0.023299	0.014392	-0.228195	-0.176434	0.957496	-0.567348	0.823313	0.016496	-0.791229	-0.539469	-0.287976
57213	9.245670	0.242547	-3.073712	-0.015673	0.032613	0.007888	-0.227909	-0.176296	0.957589	-0.567346	0.823313	0.016546	-0.791313	-0.539514	-0.287662
57214	9.245326	0.251849	-2.932693	-0.024963	0.036627	0.011196	-0.227640	-0.176031	0.957702	-0.567128	0.823463	0.016554	-0.791546	-0.539371	-0.287286
57215	9.284903	0.221261	-2.874692	-0.028545	0.039145	0.009908	-0.227323	-0.175803	0.957819	-0.567097	0.823484	0.016555	-0.791660	-0.539413	-0.286894
57216	9.321593	0.159472	-2.831778	-0.020959	0.039070	0.016421	-0.227064	-0.175481	0.957940	-0.566899	0.823622	0.016502	-0.791876	-0.539308	-0.286495
57217	9.388320	0.113910	-2.789718	-0.003856	0.038676	0.016583	-0.226741	-0.175227	0.958063	-0.567035	0.823530	0.016424	-0.791872	-0.539531	-0.286088
57218	9.446254	0.117529	-2.768695	0.016406	0.034087	0.016034	-0.226519	-0.174935	0.958168	-0.567133	0.823466	0.016267	-0.791865	-0.539724	-0.285742
57219	9.509850	0.182650	-2.717485	0.024860	0.033264	0.012619	-0.226222	-0.174724	0.958277	-0.567361	0.823310	0.016177	-0.791786	-0.540030	-0.285382
57220	9.486339	0.225449	-2.683493	0.025465	0.026381	0.015780	-0.226060	-0.174476	0.958361	-0.567532	0.823196	0.015998	-0.791710	-0.540284	-0.285112
57221	9.470844	0.220974	-2.594867	0.006222	0.019224	0.017593	-0.225957	-0.174262	0.958424	-0.567679	0.823098	0.015821	-0.791633	-0.540503	-0.284910
57222	9.453578	0.178655	-2.625420	-0.000983	0.011996	0.019229	-0.225929	-0.174063	0.958467	-0.567632	0.823133	0.015684	-0.791675	-0.540513	-0.284773
57223	9.474422	0.105800	-2.602028	-0.006398	0.006783	0.023453	-0.225912	-0.173900	0.958500	-0.567588	0.823165	0.015570	-0.791712	-0.540516	-0.284666
57224	9.452545	0.039549	-2.545737	0.002239	-0.002612	0.021209	-0.226010	-0.173764	0.958502	-0.567562	0.823186	0.015405	-0.791702	-0.540528	-0.284670
57225	9.467185	0.047303	-2.529669	0.022723	-0.013340	0.011796	-0.226130	-0.173762	0.958474	-0.567703	0.823091	0.015282	-0.791567	-0.540673	-0.284770
57226	9.388438	0.116070	-2.502694	0.036958	-0.022815	0.008434	-0.226316	-0.173840	0.958416	-0.567981	0.822903	0.015140	-0.791315	-0.540935	-0.284973
57227	9.369686	0.218396	-2.478371	0.031304	-0.034990	0.013768	-0.226582	-0.173949	0.958333	-0.568395	0.822621	0.014928	-0.790941	-0.541329	-0.285262
57228	9.371596	0.247126	-2.467223	0.010220	-0.049860	0.021105	-0.227053	-0.174069	0.958200	-0.568431	0.822599	0.014741	-0.790780	-0.541324	-0.285720
57229	9.370671	0.242741	-2.506849	-0.004806	-0.060692	0.019279	-0.227483	-0.174346	0.958047	-0.568414	0.822610	0.014733	-0.790668	-0.541217	-0.286231
57230	9.386428	0.283805	-2.447034	-0.012072	-0.080158	0.025135	-0.228217	-0.174597	0.957827	-0.568265	0.822716	0.014571	-0.790564	-0.540975	-0.286975
57231	9.429759	0.305731	-2.473616	-0.016663	-0.091808	0.027525	-0.228972	-0.174933	0.957586	-0.568274	0.822713	0.014412	-0.790339	-0.540872	-0.287788
57232	9.445875	0.339038	-2.519999	-0.024349	-0.109658	0.033315	-0.229985	-0.175275	0.957280	-0.568009	0.822900	0.014207	-0.790236	-0.540476	-0.288813
57233	9.457753	0.348461	-2.479636	-0.036447	-0.121790	0.037708	-0.231015	-0.175728	0.956949	-0.568018	0.822898	0.013988	-0.789929	-0.540332	-0.289919
57234	9.443031	0.364573	-2.527555	-0.047172	-0.133572	0.042681	-0.232270	-0.176122	0.956573	-0.567549	0.823224	0.013761	-0.789898	-0.539706	-0.291169
57235	9.382264	0.361291	-2.488971	-0.053263	-0.147355	0.045984	-0.233615	-0.176613	0.956155	-0.567207	0.823464	0.013519	-0.789747	-0.539179	-0.292550
57236	9.373190	0.434509	-2.577993	-0.077984	-0.169397	0.046215	-0.235173	-0.177169	0.955670	-0.566486	0.823963	0.013350	-0.789802	-0.538234	-0.294137
57237	9.413317	0.313893	-2.637726	-0.110547	-0.177237	0.056214	-0.236868	-0.177661	0.955160	-0.565412	0.824703	0.013181	-0.790065	-0.536937	-0.295798
57238	9.405483	0.280500	-2.669693	-0.119886	-0.185337	0.063680	-0.238650	-0.178154	0.954624	-0.564317	0.825456	0.012973	-0.790312	-0.535615	-0.297530
57239	9.382174	0.237394	-2.719153	-0.121643	-0.194352	0.065625	-0.240497	-0.178733	0.954052	-0.563441	0.826058	0.012723	-0.790377	-0.534492	-0.299370
57240	9.380063	0.263097	-2.756695	-0.134175	-0.204748	0.069914	-0.242467	-0.179272	0.953452	-0.562215	0.826897	0.012503	-0.790648	-0.533014	-0.301284
57241	9.374423	0.260410	-2.776068	-0.152225	-0.216429	0.071878	-0.244465	-0.179898	0.952824	-0.560997	0.827726	0.012344	-0.790898	-0.531513	-0.303272
57242	9.361889	0.198823	-2.792707	-0.160783	-0.225177	0.069370	-0.246592	-0.180542	0.952154	-0.559558	0.828701	0.012217	-0.791257	-0.529772	-0.305375
57243	9.424762	0.180131	-2.796248	-0.159172	-0.231374	0.069420	-0.248718	-0.181293	0.951458	-0.558335	0.829527	0.012107	-0.791455	-0.528221	-0.307541
57244	9.482355	0.124864	-2.920162	-0.156421	-0.248829	0.065629	-0.251012	-0.182085	0.950704	-0.556936	0.830468	0.012010	-0.791717	-0.526467	-0.309867
57245	9.562779	0.144095	-2.928883	-0.145450	-0.249318	0.068132	-0.253417	-0.182819	0.949925	-0.555567	0.831388	0.011795	-0.791913	-0.524758	-0.312256
57246	9.612275	0.144370	-2.971266	-0.134985	-0.254718	0.066639	-0.255762	-0.183624	0.949141	-0.554332	0.832215	0.011629	-0.792024	-0.523165	-0.314637
57247	9.638669	0.189197	-2.981724	-0.123497	-0.259610	0.062187	-0.258073	-0.184549	0.948335	-0.553443	0.832809	0.011457	-0.791896	-0.521892	-0.317063
57248	9.639836	0.273470	-3.063252	-0.127745	-0.263632	0.058377	-0.260442	-0.185461	0.947510	-0.552283	0.833579	0.011355	-0.791930	-0.520337	-0.319526
57249	9.631616	0.384885	-3.042335	-0.125543	-0.267705	0.055399	-0.262879	-0.186393	0.946653	-0.551204	0.834295	0.011205	-0.791877	-0.518853	-0.322059
57250	9.677287	0.470326	-3.021781	-0.137281	-0.272153	0.053701	-0.265288	-0.187380	0.945786	-0.549979	0.835104	0.011185	-0.791925	-0.517195	-0.324598
57251	9.756049	0.488520	-3.068638	-0.148145	-0.276524	0.054044	-0.267675	-0.188367	0.944917	-0.548681	0.835957	0.011216	-0.792022	-0.515456	-0.327118
57252	9.730399	0.452092	-3.058041	-0.155893	-0.277491	0.044065	-0.270073	-0.189451	0.944017	-0.547332	0.836839	0.011356	-0.792142	-0.513624	-0.329700
57253	9.705225	0.529829	-3.000864	-0.161824	-0.282476	0.027696	-0.272396	-0.190673	0.943104	-0.546151	0.837607	0.011600	-0.792162	-0.511917	-0.332297
57254	9.649360	0.479996	-2.988670	-0.166700	-0.283700	0.010382	-0.274659	-0.192060	0.942165	-0.544805	0.838475	0.012102	-0.792307	-0.509973	-0.334930
57255	9.676618	0.309692	-3.026901	-0.141243	-0.284282	-0.020522	-0.276780	-0.193681	0.941212	-0.543762	0.839142	0.012774	-0.792285	-0.508260	-0.337574
57256	9.709491	0.173115	-3.015601	-0.076825	-0.284426	-0.056733	-0.278684	-0.195626	0.940248	-0.543315	0.839419	0.013612	-0.791924	-0.507057	-0.340219
57257	9.702355	0.183327	-3.008905	0.006052	-0.288955	-0.103234	-0.280433	-0.197959	0.939239	-0.543623	0.839203	0.014563	-0.791095	-0.506508	-0.342955
57258	9.695105	0.195492	-3.002780	0.095816	-0.293224	-0.150595	-0.281890	-0.200732	0.938213	-0.544808	0.838414	0.015690	-0.789761	-0.506723	-0.345701
57259	9.676005	0.231183	-2.997234	0.178291	-0.292283	-0.200401	-0.283143	-0.203858	0.937162	-0.546743	0.837129	0.016911	-0.787973	-0.507599	-0.348486
57260	9.679435	0.364933	-3.032317	0.255266	-0.298148	-0.244669	-0.284108	-0.207444	0.936082	-0.549450	0.835325	0.018353	-0.785740	-0.509116	-0.351302
57261	9.709283	0.376141	-3.098826	0.279118	-0.296400	-0.283024	-0.284889	-0.211293	0.934983	-0.552419	0.833326	0.019998	-0.783372	-0.510806	-0.354128
57262	9.660393	0.345249	-3.210324	0.316246	-0.296228	-0.320047	-0.285391	-0.215496	0.933870	-0.555810	0.831021	0.021908	-0.780786	-0.512802	-0.356941
57263	9.539871	0.276586	-3.261800	0.354749	-0.279830	-0.363643	-0.285615	-0.219869	0.932782	-0.559441	0.828523	0.023994	-0.778106	-0.514983	-0.359642
57264	9.447660	0.224287	-3.348044	0.407918	-0.263183	-0.401992	-0.285360	-0.224576	0.931738	-0.563761	0.825519	0.026313	-0.775076	-0.517769	-0.362177
57265	9.343004	0.251675	-3.314086	0.460277	-0.237231	-0.431616	-0.284861	-0.229247	0.930752	-0.568371	0.822276	0.028576	-0.771887	-0.520872	-0.364532
57266	9.134473	0.469517	-3.404390	0.487884	-0.215852	-0.445600	-0.283939	-0.234054	0.929837	-0.573400	0.818690	0.030981	-0.768499	-0.524372	-0.366664
57267	8.900276	0.897558	-3.491210	0.467780	-0.216707	-0.431719	-0.283117	-0.238741	0.928896	-0.578273	0.815165	0.033259	-0.765144	-0.527739	-0.368845
57268	8.909714	1.644343	-3.467421	0.372688	-0.206556	-0.399988	-0.282333	-0.243111	0.928001	-0.582255	0.812225	0.035637	-0.762409	-0.530272	-0.370870
57269	9.064560	2.321317	-3.242636	0.150559	-0.197356	-0.388185	-0.281616	-0.247264	0.927121	-0.584340	0.810586	0.038690	-0.761078	-0.530858	-0.372760
57270	9.221148	2.579723	-3.083153	-0.172166	-0.188181	-0.363025	-0.280886	-0.251227	0.926276	-0.584055	0.810588	0.042740	-0.761566	-0.528991	-0.374413
57271	9.307184	2.743129	-3.003075	-0.553211	-0.160787	-0.316519	-0.280248	-0.254659	0.925532	-0.580694	0.812718	0.047787	-0.764366	-0.524059	-0.375641
57272	9.203586	2.562508	-3.059138	-0.914427	-0.123364	-0.259055	-0.279656	-0.257434	0.924943	-0.574412	0.816806	0.053664	-0.769314	-0.516291	-0.376298
57273	9.044227	2.120041	-3.103131	-1.176494	-0.075854	-0.196337	-0.279178	-0.259461	0.924521	-0.565729	0.822408	0.059970	-0.775893	-0.506286	-0.376383
57274	8.921503	1.526312	-3.161571	-1.299218	-0.019279	-0.140706	-0.278498	-0.260743	0.924366	-0.555998	0.828543	0.066199	-0.783138	-0.495509	-0.375720
57275	8.878031	1.035598	-3.256969	-1.289805	0.038091	-0.088020	-0.277737	-0.261333	0.924428	-0.545963	0.834715	0.071941	-0.790434	-0.484723	-0.374510
57276	8.847427	0.832898	-3.281080	-1.206691	0.106395	-0.042241	-0.276624	-0.261201	0.924799	-0.536505	0.840388	0.076882	-0.797271	-0.474892	-0.372607
57277	8.791786	0.954473	-3.358646	-1.117025	0.174555	0.000075	-0.275399	-0.260299	0.925419	-0.527404	0.845751	0.080938	-0.803742	-0.465779	-0.370201
57278	8.787712	1.159309	-3.415028	-1.062509	0.250026	0.036313	-0.273532	-0.258863	0.926375	-0.518735	0.850743	0.084561	-0.809996	-0.457413	-0.366986
57279	8.777844	1.241843	-3.496217	-1.030665	0.332273	0.074149	-0.271253	-0.256733	0.927637	-0.510021	0.855681	0.087682	-0.816272	-0.449330	-0.363045
57280	8.774263	1.291374	-3.517637	-1.012728	0.424378	0.110333	-0.268295	-0.253922	0.929269	-0.501429	0.860468	0.090352	-0.822549	-0.441722	-0.358183
57281	8.780073	1.167818	-3.518885	-0.994434	0.517473	0.140454	-0.264875	-0.250416	0.931200	-0.492664	0.865284	0.092555	-0.828929	-0.434253	-0.352563
57282	8.797974	1.023452	-3.585496	-0.958098	0.610878	0.167760	-0.260573	-0.246356	0.933493	-0.484255	0.869822	0.094379	-0.835224	-0.427456	-0.345952
57283	8.860555	0.750307	-3.552168	-0.897628	0.700575	0.183966	-0.255705	-0.241760	0.936038	-0.476172	0.874130	0.095691	-0.841353	-0.421247	-0.338639
57284	8.929679	0.500351	-3.462563	-0.815664	0.787857	0.186706	-0.249897	-0.236854	0.938856	-0.468818	0.877985	0.096712	-0.847208	-0.415985	-0.330448
57285	8.985876	0.235229	-3.352107	-0.690844	0.867550	0.190713	-0.243553	-0.231583	0.941834	-0.462363	0.881353	0.097147	-0.852586	-0.411809	-0.321732
57286	9.051968	0.148176	-3.294448	-0.552381	0.936726	0.185820	-0.236362	-0.226126	0.944987	-0.457198	0.884039	0.097187	-0.857382	-0.409075	-0.312338
57287	9.164845	0.276432	-3.127952	-0.436710	1.006408	0.182784	-0.228617	-0.220458	0.948226	-0.452894	0.886287	0.096865	-0.861755	-0.407301	-0.302464
57288	9.279426	0.432180	-2.967825	-0.367211	1.058638	0.170348	-0.220204	-0.214668	0.951540	-0.449343	0.888145	0.096380	-0.865795	-0.406344	-0.292033
57289	9.414807	0.482476	-2.774333	-0.337000	1.104201	0.157690	-0.211459	-0.208812	0.954821	-0.446031	0.889873	0.095828	-0.869679	-0.405616	-0.281308
57290	9.553172	0.597557	-2.637702	-0.335565	1.136809	0.147856	-0.202171	-0.202916	0.958098	-0.442803	0.891531	0.095381	-0.873528	-0.404966	-0.270094
57291	9.652803	0.576405	-2.508492	-0.368995	1.155060	0.139343	-0.192755	-0.197068	0.961254	-0.439183	0.893352	0.095080	-0.877476	-0.403839	-0.258747
57292	9.739802	0.605262	-2.354084	-0.419299	1.167663	0.129007	-0.183013	-0.191237	0.964331	-0.435255	0.895287	0.094941	-0.881510	-0.402355	-0.247086
57293	9.716936	0.487845	-2.251416	-0.466912	1.170890	0.117961	-0.173198	-0.185595	0.967242	-0.430801	0.897426	0.095058	-0.885671	-0.400225	-0.235387
57294	9.669255	0.365783	-2.257306	-0.481989	1.160628	0.093230	-0.163258	-0.180155	0.969995	-0.426367	0.899515	0.095304	-0.889695	-0.398015	-0.223666
57295	9.701313	0.351279	-2.267520	-0.448024	1.138776	0.079080	-0.153479	-0.174933	0.972544	-0.422178	0.901466	0.095523	-0.893426	-0.395926	-0.212209
57296	9.774834	0.385979	-2.201052	-0.404913	1.117448	0.064402	-0.143712	-0.169967	0.974914	-0.418459	0.903172	0.095775	-0.896794	-0.394197	-0.200921
57297	9.806397	0.479315	-2.097549	-0.359030	1.089170	0.052028	-0.134166	-0.165261	0.977082	-0.415146	0.904675	0.096009	-0.899807	-0.392750	-0.189984
57298	9.797950	0.579991	-2.034041	-0.326927	1.059824	0.043636	-0.124760	-0.160740	0.979080	-0.412143	0.906023	0.096228	-0.902537	-0.391516	-0.179284
57299	9.671678	0.693104	-1.933057	-0.327095	1.021849	0.044505	-0.115655	-0.156425	0.980895	-0.409062	0.907393	0.096472	-0.905148	-0.390089	-0.168932
57300	9.611728	0.712808	-1.999135	-0.328996	0.985022	0.044782	-0.106874	-0.152214	0.982552	-0.406029	0.908739	0.096614	-0.907589	-0.388619	-0.158924
57301	9.556314	0.730831	-1.982706	-0.328460	0.934459	0.044107	-0.098535	-0.148236	0.984031	-0.402965	0.910088	0.096747	-0.909896	-0.386997	-0.149409
57302	9.514408	0.673772	-2.015227	-0.308175	0.894558	0.041335	-0.090516	-0.144435	0.985366	-0.400117	0.911335	0.096828	-0.911983	-0.385497	-0.140282
57303	9.429737	0.675309	-2.016629	-0.284999	0.847575	0.030138	-0.082869	-0.140944	0.986543	-0.397457	0.912482	0.096977	-0.913871	-0.384072	-0.131636
57304	9.333861	0.668180	-1.956647	-0.255771	0.802161	0.017244	-0.075565	-0.137742	0.987581	-0.395101	0.913483	0.097176	-0.915524	-0.382852	-0.123449
57305	9.206595	0.675295	-1.976583	-0.242846	0.759997	-0.000080	-0.068563	-0.134891	0.988486	-0.392849	0.914416	0.097534	-0.917044	-0.381638	-0.115686
57306	9.090744	0.689893	-1.981829	-0.237862	0.717602	-0.009037	-0.061907	-0.132270	0.989279	-0.390669	0.915307	0.097933	-0.918447	-0.380418	-0.108337
57307	8.997166	0.717790	-1.951184	-0.238069	0.674062	-0.020968	-0.055593	-0.129954	0.989960	-0.388459	0.916191	0.098456	-0.919788	-0.379085	-0.101415
57308	8.922958	0.559788	-1.967863	-0.226525	0.635508	-0.023677	-0.049617	-0.127797	0.990558	-0.386383	0.917015	0.098955	-0.921003	-0.377825	-0.094878
57309	8.869612	0.472478	-1.992628	-0.204933	0.595882	-0.037199	-0.043947	-0.125942	0.991064	-0.384478	0.917748	0.099576	-0.922087	-0.376666	-0.088755
57310	8.800219	0.347684	-2.031262	-0.164288	0.558715	-0.046734	-0.038579	-0.124301	0.991494	-0.382978	0.918304	0.100223	-0.922952	-0.375854	-0.083032
57311	8.728939	0.249887	-2.052902	-0.114003	0.520954	-0.059845	-0.033507	-0.122946	0.991848	-0.381913	0.918666	0.100973	-0.923591	-0.375416	-0.077736
57312	8.698321	0.206732	-2.115000	-0.043531	0.485030	-0.073712	-0.028711	-0.121834	0.992135	-0.381529	0.918736	0.101780	-0.923911	-0.375607	-0.072861
57313	8.691935	0.233982	-2.128224	0.009912	0.450373	-0.080469	-0.024211	-0.120934	0.992365	-0.381606	0.918609	0.102635	-0.924008	-0.376208	-0.068389
57314	8.649617	0.323611	-2.089121	0.050505	0.407673	-0.083057	-0.020093	-0.120192	0.992547	-0.382086	0.918316	0.103469	-0.923908	-0.377160	-0.064375
57315	8.626498	0.396826	-2.088058	0.074926	0.362220	-0.075190	-0.016429	-0.119568	0.992690	-0.382757	0.917950	0.104231	-0.923703	-0.378247	-0.060846
57316	8.702932	0.500669	-2.009263	0.094553	0.312787	-0.063338	-0.013263	-0.118996	0.992806	-0.383635	0.917514	0.104846	-0.923390	-0.379484	-0.057820
57317	8.826932	0.749657	-1.972104	0.079052	0.250766	-0.057517	-0.010699	-0.118624	0.992882	-0.384339	0.917152	0.105435	-0.923130	-0.380475	-0.055404
57318	8.918224	0.864513	-1.914912	0.025444	0.185052	-0.050667	-0.008761	-0.118416	0.992925	-0.384573	0.916992	0.105966	-0.923053	-0.380924	-0.053574
57319	9.339746	1.235490	-1.311331	-0.002074	0.137452	-0.021705	-0.007384	-0.118149	0.992968	-0.384516	0.916983	0.106248	-0.923089	-0.381028	-0.052201
57320	9.733975	1.564749	-1.192454	-0.071482	0.031841	0.018685	-0.007127	-0.117887	0.993001	-0.383849	0.917275	0.106142	-0.923368	-0.380406	-0.051789
57321	10.561230	1.661048	-0.128420	-0.202214	0.040388	0.033451	-0.006858	-0.117488	0.993051	-0.381936	0.918092	0.105982	-0.924163	-0.378555	-0.051169
57322	10.691871	1.563191	0.040844	-0.231534	0.071052	0.043527	-0.006332	-0.116851	0.993129	-0.379787	0.919014	0.105709	-0.925052	-0.376508	-0.050198
57323	10.490721	1.895910	-0.086187	-0.208916	0.052359	0.029586	-0.005935	-0.116446	0.993179	-0.377804	0.919845	0.105590	-0.925867	-0.374600	-0.049453
57324	10.421029	2.138292	-0.001768	-0.222156	-0.000991	-0.022644	-0.005825	-0.116689	0.993151	-0.375742	0.920646	0.105967	-0.926706	-0.372551	-0.049208
57325	10.421506	1.940703	0.110646	-0.289658	-0.057525	-0.068902	-0.006075	-0.117601	0.993042	-0.373013	0.921651	0.106865	-0.927806	-0.369769	-0.049465
57326	10.386554	1.380748	0.109267	-0.283271	-0.112479	-0.069528	-0.006826	-0.118688	0.992908	-0.370382	0.922610	0.107739	-0.928854	-0.367020	-0.050258
57327	10.218803	1.053750	0.072497	-0.204201	-0.152647	-0.050450	-0.008033	-0.119776	0.992768	-0.368444	0.923307	0.108414	-0.929615	-0.364909	-0.051547
57328	10.036086	1.118430	-0.011382	-0.161111	-0.186515	-0.020208	-0.009659	-0.120674	0.992645	-0.366942	0.923866	0.108742	-0.930194	-0.363193	-0.053204
57329	9.933488	1.087534	-0.167267	-0.212952	-0.218972	0.029793	-0.011778	-0.121254	0.992552	-0.364911	0.924683	0.108633	-0.930968	-0.360913	-0.055138
57330	9.933647	0.709282	-0.201244	-0.302655	-0.243538	0.080982	-0.014307	-0.121412	0.992499	-0.362075	0.925866	0.108041	-0.932039	-0.357813	-0.057207
57331	9.809863	0.220109	-0.179312	-0.405985	-0.260373	0.101583	-0.017075	-0.121459	0.992450	-0.358225	0.927444	0.107341	-0.933479	-0.353687	-0.059346
57332	9.419969	-0.198929	-0.245004	-0.485614	-0.267453	0.077132	-0.019815	-0.121715	0.992367	-0.353668	0.929241	0.106911	-0.935161	-0.348850	-0.061460
57333	9.313872	-0.094260	-0.274970	-0.451570	-0.286643	0.008455	-0.022498	-0.122685	0.992191	-0.349402	0.930823	0.107174	-0.936703	-0.344262	-0.063808
