// General information: 
//  MT Manager version: 2022.2.0 
//  XDA version: 2022.2.0 build 7381 rev 124627 built on 2023-07-19
// Device information: 
//  DeviceId: 00B4CBA7
//  ProductCode: MTW2-3A7G6
//  Firmware Version: 4.6.0
//  Hardware Version: 2.0.0
// Device settings: 
//  Filter Profile: human(46.1)
//  Option Flags: Orientation Smoother Disabled, Position/Velocity Smoother Disabled, Continuous Zero Rotation Update Disabled, AHS Disabled, ICC Disabled
// Coordinate system: ENU
PacketCounter	Acc_X	Acc_Y	Acc_Z	Gyr_X	Gyr_Y	Gyr_Z	Mat[1][1]	Mat[2][1]	Mat[3][1]	Mat[1][2]	Mat[2][2]	Mat[3][2]	Mat[1][3]	Mat[2][3]	Mat[3][3]
20271	9.391286	0.230497	-3.157079	0.017702	-0.002676	-0.002070	-0.272688	-0.144957	0.951120	-0.420990	0.906896	0.017518	-0.865106	-0.395635	-0.308325
20272	9.319261	0.217000	-3.153688	0.020725	0.000167	-0.001382	-0.272653	-0.144996	0.951124	-0.421174	0.906811	0.017505	-0.865028	-0.395816	-0.308313
20273	9.329929	0.308888	-3.102059	0.016086	0.003609	0.002606	-0.272625	-0.144963	0.951137	-0.421175	0.906811	0.017486	-0.865036	-0.395828	-0.308274
20274	9.324077	0.211102	-3.076343	0.014985	0.003256	-0.000612	-0.272567	-0.144983	0.951151	-0.421306	0.906750	0.017483	-0.864990	-0.395961	-0.308232
20275	9.333192	0.170068	-3.040477	0.029528	0.000092	0.002884	-0.272546	-0.144995	0.951155	-0.421517	0.906653	0.017428	-0.864894	-0.396178	-0.308222
20276	9.319993	0.269393	-2.940404	0.024690	0.005640	0.006603	-0.272497	-0.144939	0.951177	-0.421713	0.906564	0.017327	-0.864814	-0.396402	-0.308159
20277	9.329098	0.215699	-2.951515	0.011825	0.002766	0.004954	-0.272443	-0.144955	0.951190	-0.421855	0.906498	0.017315	-0.864762	-0.396547	-0.308119
20278	9.270694	0.132628	-2.929526	-0.003400	0.001446	0.000950	-0.272407	-0.144968	0.951199	-0.421823	0.906512	0.017354	-0.864789	-0.396510	-0.308091
20279	9.261670	0.178843	-2.941753	0.006841	-0.002729	0.002449	-0.272441	-0.145049	0.951177	-0.421970	0.906444	0.017365	-0.864707	-0.396637	-0.308159
20280	9.324573	0.244108	-2.934266	0.002758	-0.005765	0.002893	-0.272475	-0.145073	0.951163	-0.421986	0.906436	0.017366	-0.864688	-0.396646	-0.308200
20281	9.280756	0.193550	-2.997259	-0.003705	-0.007326	-0.001193	-0.272560	-0.145202	0.951119	-0.422022	0.906418	0.017440	-0.864644	-0.396639	-0.308332
20282	9.284930	0.158066	-3.039117	0.002916	-0.008032	-0.001187	-0.272597	-0.145272	0.951098	-0.422051	0.906404	0.017480	-0.864618	-0.396647	-0.308396
20283	9.256019	0.164330	-3.092188	0.013157	-0.012206	0.000310	-0.272708	-0.145291	0.951063	-0.421951	0.906450	0.017485	-0.864631	-0.396534	-0.308502
20284	9.303611	0.160121	-3.142702	0.019181	-0.006599	-0.000493	-0.272736	-0.145349	0.951046	-0.422119	0.906372	0.017468	-0.864541	-0.396690	-0.308555
20285	9.313911	0.233314	-3.162738	0.027765	-0.004650	0.001328	-0.272744	-0.145417	0.951033	-0.422380	0.906251	0.017436	-0.864411	-0.396942	-0.308596
20286	9.309347	0.255452	-3.169088	0.020788	0.000430	0.005134	-0.272735	-0.145396	0.951039	-0.422546	0.906175	0.017361	-0.864332	-0.397123	-0.308582
20287	9.313927	0.225045	-3.186289	0.023371	0.007318	0.000930	-0.272707	-0.145445	0.951040	-0.422804	0.906055	0.017328	-0.864215	-0.397378	-0.308582
20288	9.285838	0.261754	-3.119704	0.016770	0.008107	0.003100	-0.272622	-0.145412	0.951069	-0.422941	0.905992	0.017285	-0.864175	-0.397534	-0.308495
20289	9.362768	0.269582	-3.045561	0.004608	0.009790	0.004134	-0.272548	-0.145382	0.951095	-0.422944	0.905991	0.017288	-0.864197	-0.397548	-0.308414
20290	9.309110	0.163292	-3.016564	0.000128	0.010961	0.004041	-0.272443	-0.145329	0.951133	-0.422934	0.905995	0.017287	-0.864235	-0.397557	-0.308297
20291	9.276483	0.210910	-3.003046	0.013391	0.009638	0.006225	-0.272417	-0.145239	0.951154	-0.422881	0.906021	0.017231	-0.864269	-0.397531	-0.308235
20292	9.272285	0.233060	-3.008313	0.011271	0.009257	0.008487	-0.272346	-0.145153	0.951188	-0.422955	0.905988	0.017154	-0.864255	-0.397638	-0.308135
20293	9.296555	0.236629	-3.008720	0.006928	0.008072	0.002141	-0.272246	-0.145209	0.951208	-0.423161	0.905892	0.017178	-0.864186	-0.397837	-0.308072
20294	9.301291	0.218817	-2.978440	0.007406	0.004201	0.011379	-0.272231	-0.145116	0.951226	-0.423194	0.905878	0.017085	-0.864174	-0.397903	-0.308020
20295	9.305800	0.169510	-3.066235	0.010389	0.006880	0.007714	-0.272241	-0.145074	0.951230	-0.423237	0.905859	0.017024	-0.864150	-0.397961	-0.308013
20296	9.277488	0.180808	-3.094202	0.026853	0.006219	0.008680	-0.272197	-0.144998	0.951254	-0.423446	0.905764	0.016897	-0.864062	-0.398206	-0.307945
20297	9.321308	0.223668	-3.054903	0.024494	0.007775	0.006323	-0.272090	-0.144970	0.951289	-0.423682	0.905655	0.016834	-0.863980	-0.398463	-0.307841
20298	9.301938	0.182378	-3.094193	0.014869	0.005717	0.007807	-0.272046	-0.144904	0.951311	-0.423789	0.905606	0.016751	-0.863941	-0.398599	-0.307776
20299	9.312769	0.255020	-3.113057	0.019836	0.011139	0.008130	-0.271945	-0.144832	0.951352	-0.423926	0.905543	0.016679	-0.863905	-0.398767	-0.307656
20300	9.293635	0.238793	-3.057685	0.015732	0.008016	0.006403	-0.271875	-0.144770	0.951381	-0.424045	0.905489	0.016608	-0.863869	-0.398913	-0.307569
20301	9.326886	0.202034	-3.022236	0.006970	0.008251	0.006484	-0.271794	-0.144740	0.951409	-0.424122	0.905453	0.016588	-0.863857	-0.399005	-0.307484
20302	9.360346	0.190261	-2.892101	0.002153	0.013887	0.012367	-0.271699	-0.144600	0.951457	-0.424108	0.905461	0.016501	-0.863894	-0.399037	-0.307339
20303	9.369588	0.136713	-2.902385	0.004809	0.007698	0.004399	-0.271611	-0.144567	0.951487	-0.424111	0.905460	0.016508	-0.863920	-0.399052	-0.307245
20304	9.327860	0.218113	-2.948886	0.007384	0.004130	0.009202	-0.271587	-0.144495	0.951505	-0.424150	0.905443	0.016436	-0.863908	-0.399117	-0.307194
20305	9.294971	0.227759	-3.077502	-0.000476	0.006833	0.012227	-0.271545	-0.144431	0.951527	-0.424172	0.905433	0.016385	-0.863910	-0.399162	-0.307130
20306	9.319190	0.231030	-3.078095	-0.006899	0.005431	0.012491	-0.271524	-0.144324	0.951549	-0.424079	0.905478	0.016325	-0.863963	-0.399099	-0.307064
20307	9.338919	0.251356	-3.108442	-0.012440	0.006413	0.013525	-0.271518	-0.144247	0.951562	-0.423972	0.905529	0.016293	-0.864017	-0.399012	-0.307024
20308	9.348140	0.203976	-3.095287	-0.010674	0.011178	0.015067	-0.271458	-0.144094	0.951603	-0.423840	0.905592	0.016221	-0.864101	-0.398924	-0.306903
20309	9.300360	0.175324	-3.162923	0.007226	0.006408	0.013279	-0.271324	-0.143954	0.951662	-0.423816	0.905604	0.016155	-0.864155	-0.398946	-0.306722
20310	9.320296	0.201158	-3.169218	0.010760	0.015937	0.016363	-0.271228	-0.143770	0.951717	-0.423865	0.905584	0.016005	-0.864161	-0.399059	-0.306559
20311	9.277295	0.186365	-3.088571	0.013079	0.014214	0.014373	-0.271130	-0.143654	0.951763	-0.423993	0.905526	0.015892	-0.864129	-0.399232	-0.306424
20312	9.297460	0.230993	-3.023561	0.007146	0.019410	0.014861	-0.270998	-0.143470	0.951828	-0.424015	0.905518	0.015766	-0.864159	-0.399317	-0.306227
20313	9.254498	0.197820	-3.013297	-0.002697	0.019374	0.013893	-0.270837	-0.143244	0.951908	-0.423774	0.905632	0.015708	-0.864328	-0.399139	-0.305981
20314	9.274669	0.249306	-2.924593	-0.010005	0.015595	0.013383	-0.270731	-0.143088	0.951961	-0.423651	0.905690	0.015650	-0.864421	-0.399063	-0.305818
20315	9.316801	0.153629	-2.923425	-0.021579	0.010972	0.015219	-0.270617	-0.142947	0.952015	-0.423416	0.905800	0.015649	-0.864573	-0.398864	-0.305651
20316	9.302034	0.095975	-2.932325	-0.011103	0.015234	0.010166	-0.270500	-0.142822	0.952067	-0.423293	0.905858	0.015624	-0.864669	-0.398777	-0.305490
20317	9.284651	0.181781	-2.979617	-0.012249	0.004328	0.013786	-0.270461	-0.142760	0.952087	-0.423240	0.905883	0.015602	-0.864708	-0.398741	-0.305428
20318	9.332889	0.189203	-2.981282	-0.003859	0.008386	0.015342	-0.270426	-0.142616	0.952119	-0.423165	0.905920	0.015506	-0.864755	-0.398710	-0.305334
20319	9.348367	0.238847	-2.993875	-0.008374	0.009387	0.010895	-0.270401	-0.142518	0.952141	-0.423006	0.905995	0.015481	-0.864841	-0.398575	-0.305268
20320	9.348656	0.225326	-3.040248	-0.006001	0.007923	0.015428	-0.270370	-0.142375	0.952171	-0.422912	0.906040	0.015390	-0.864896	-0.398524	-0.305178
20321	9.320508	0.236836	-3.068127	-0.007081	0.007649	0.014384	-0.270355	-0.142264	0.952192	-0.422796	0.906095	0.015333	-0.864958	-0.398437	-0.305116
20322	9.349247	0.210491	-3.085813	-0.011736	0.011022	0.016185	-0.270300	-0.142101	0.952232	-0.422651	0.906164	0.015253	-0.865046	-0.398338	-0.304996
20323	9.367269	0.116370	-3.059986	-0.013170	0.015139	0.018943	-0.270198	-0.141923	0.952287	-0.422505	0.906233	0.015179	-0.865149	-0.398245	-0.304826
20324	9.358894	0.180076	-3.000231	-0.001894	0.011054	0.017157	-0.270148	-0.141751	0.952327	-0.422442	0.906265	0.015060	-0.865195	-0.398235	-0.304707
20325	9.335247	0.174487	-2.998043	-0.008532	0.011682	0.014968	-0.270118	-0.141567	0.952363	-0.422157	0.906399	0.014998	-0.865344	-0.397996	-0.304598
20326	9.311641	0.144143	-3.090238	-0.008532	0.011684	0.014967	-0.270053	-0.141412	0.952404	-0.422043	0.906453	0.014920	-0.865420	-0.397927	-0.304472
20327	9.327278	0.212393	-3.031642	0.000020	0.013452	0.012454	-0.269947	-0.141292	0.952452	-0.422001	0.906473	0.014866	-0.865473	-0.397923	-0.304325
20328	9.308082	0.184009	-3.023081	-0.015362	0.014425	0.012504	-0.269847	-0.141149	0.952502	-0.421835	0.906551	0.014832	-0.865585	-0.397796	-0.304172
20329	9.341239	0.147277	-2.987082	-0.009628	0.011326	0.011748	-0.269796	-0.141013	0.952536	-0.421605	0.906659	0.014806	-0.865713	-0.397600	-0.304065
20330	9.337338	0.163468	-3.015462	-0.011271	0.017464	0.012062	-0.269668	-0.140862	0.952595	-0.421475	0.906720	0.014764	-0.865816	-0.397514	-0.303884
20331	9.270095	0.120472	-3.028350	-0.005151	0.010147	0.011850	-0.269592	-0.140760	0.952632	-0.421383	0.906763	0.014732	-0.865885	-0.397451	-0.303770
20332	9.329514	0.207763	-3.025078	0.003951	0.018776	0.016090	-0.269470	-0.140567	0.952695	-0.421374	0.906770	0.014606	-0.865927	-0.397505	-0.303578
20333	9.325751	0.229555	-3.029486	-0.009095	0.018113	0.016321	-0.269385	-0.140387	0.952745	-0.421196	0.906853	0.014533	-0.866040	-0.397378	-0.303423
20334	9.297950	0.253567	-3.009170	-0.002684	0.019414	0.013896	-0.269248	-0.140211	0.952810	-0.421135	0.906883	0.014447	-0.866112	-0.397372	-0.303224
20335	9.307262	0.205992	-2.995076	-0.012509	0.019491	0.015086	-0.269147	-0.140056	0.952861	-0.420983	0.906954	0.014397	-0.866218	-0.397263	-0.303066
20336	9.340460	0.181145	-2.911265	-0.006937	0.018674	0.018408	-0.269036	-0.139843	0.952924	-0.420873	0.907007	0.014281	-0.866306	-0.397217	-0.302873
20337	9.266971	0.310353	-2.944211	-0.014381	0.017376	0.026303	-0.268901	-0.139590	0.952999	-0.420717	0.907081	0.014153	-0.866423	-0.397137	-0.302643
20338	9.206724	0.351069	-3.029433	-0.038669	0.021019	0.032644	-0.268829	-0.139238	0.953071	-0.420294	0.907280	0.013998	-0.866651	-0.396807	-0.302424
20339	9.315211	0.389676	-3.239449	-0.065375	0.029072	0.053729	-0.268777	-0.138719	0.953161	-0.419659	0.907578	0.013748	-0.866975	-0.396308	-0.302151
20340	9.188577	0.700381	-3.217204	-0.124357	0.046066	0.092557	-0.268738	-0.137725	0.953316	-0.418332	0.908197	0.013280	-0.867628	-0.395234	-0.301682
20341	9.221430	0.491533	-3.333569	-0.285529	0.068950	0.117453	-0.268607	-0.136425	0.953540	-0.415489	0.909504	0.013084	-0.869034	-0.392670	-0.300982
20342	9.295616	-0.236645	-3.416198	-0.268422	0.072689	0.108033	-0.268395	-0.135186	0.953776	-0.412864	0.910701	0.012900	-0.870349	-0.390317	-0.300241
20343	9.419955	-0.007078	-3.090415	-0.154147	0.074643	0.085941	-0.268065	-0.134165	0.954013	-0.411286	0.911419	0.012609	-0.871197	-0.388992	-0.299500
20344	9.368217	-0.283759	-3.115373	-0.118992	0.070865	0.072984	-0.267720	-0.133253	0.954238	-0.410054	0.911978	0.012308	-0.871884	-0.387994	-0.298795
20345	9.400827	-0.151361	-2.992989	0.008815	0.056317	0.067127	-0.267437	-0.132487	0.954424	-0.410004	0.912009	0.011713	-0.871994	-0.388185	-0.298225
20346	9.358935	0.278046	-2.846645	0.085493	0.052803	0.064728	-0.267215	-0.131720	0.954592	-0.410576	0.911761	0.010879	-0.871793	-0.389026	-0.297717
20347	9.363117	0.426264	-2.731185	0.094258	0.039401	0.060867	-0.267089	-0.131024	0.954723	-0.411118	0.911526	0.010083	-0.871576	-0.389811	-0.297325
20348	9.360437	0.321256	-2.602661	0.105357	0.037558	0.063183	-0.266995	-0.130330	0.954844	-0.411867	0.911197	0.009206	-0.871252	-0.390811	-0.296964
20349	9.189075	0.056550	-2.384512	0.143939	0.019294	0.052067	-0.267006	-0.129825	0.954910	-0.412951	0.910715	0.008350	-0.870735	-0.392102	-0.296778
20350	9.364372	0.227510	-2.202455	0.174393	-0.004109	0.061322	-0.267268	-0.129311	0.954906	-0.414305	0.910109	0.007285	-0.870011	-0.393675	-0.296818
20351	9.300440	0.147362	-2.236213	0.152599	-0.017169	0.062061	-0.267660	-0.128854	0.954858	-0.415413	0.909611	0.006301	-0.869362	-0.394974	-0.296994
20352	9.389006	0.151041	-2.443702	0.161729	-0.034542	0.063109	-0.268196	-0.128445	0.954763	-0.416649	0.909052	0.005257	-0.868605	-0.396391	-0.297320
20353	9.373372	0.147377	-2.802496	0.161018	-0.038891	0.062572	-0.268752	-0.128057	0.954659	-0.417811	0.908524	0.004248	-0.867875	-0.397725	-0.297672
20354	9.368014	0.310018	-2.827341	0.161741	-0.047190	0.063630	-0.269401	-0.127695	0.954525	-0.419042	0.907961	0.003197	-0.867080	-0.399125	-0.298115
20355	9.434511	0.372392	-2.700417	0.138862	-0.060456	0.065564	-0.270252	-0.127332	0.954332	-0.419842	0.907595	0.002204	-0.866428	-0.400073	-0.298738
20356	9.456917	0.242138	-2.598866	0.114543	-0.069805	0.065926	-0.271106	-0.127042	0.954129	-0.420655	0.907220	0.001271	-0.865766	-0.401014	-0.299393
20357	9.506955	0.099062	-2.469732	0.127406	-0.092750	0.068810	-0.272197	-0.126831	0.953846	-0.421513	0.906822	0.000292	-0.865006	-0.401979	-0.300295
20358	9.705080	-0.182213	-2.279170	0.095053	-0.093737	0.097670	-0.273392	-0.126351	0.953568	-0.422068	0.906564	-0.000886	-0.864359	-0.402713	-0.301176
20359	9.473584	-0.389768	-2.008149	0.139262	-0.108297	0.132946	-0.274791	-0.125672	0.953256	-0.423054	0.906101	-0.002496	-0.863432	-0.403965	-0.302154
20360	9.344836	0.057019	-1.562489	0.152930	-0.129253	0.125731	-0.276411	-0.125084	0.952865	-0.424027	0.905640	-0.004119	-0.862437	-0.405179	-0.303368
20361	9.323544	0.082005	-1.333414	0.040022	-0.166753	0.110344	-0.278255	-0.124817	0.952363	-0.424112	0.905594	-0.005226	-0.861802	-0.405363	-0.304923
20362	9.294351	-0.386935	-1.327142	0.052773	-0.234082	0.085340	-0.280606	-0.125022	0.951646	-0.424329	0.905487	-0.006161	-0.860933	-0.405539	-0.307135
20363	9.332844	-0.159022	-1.265260	0.096297	-0.302950	0.066619	-0.283500	-0.125711	0.950697	-0.424993	0.905169	-0.007043	-0.859656	-0.406036	-0.310042
20364	9.317016	-0.089541	-1.291890	0.064077	-0.365622	0.055898	-0.286851	-0.126718	0.949557	-0.425384	0.904980	-0.007735	-0.858350	-0.406146	-0.313498
20365	9.457422	-0.005619	-1.558873	0.066828	-0.426607	0.053099	-0.290655	-0.128051	0.948221	-0.425950	0.904708	-0.008390	-0.856788	-0.406333	-0.317501
20366	9.529297	0.288165	-1.585651	0.058636	-0.484787	0.058868	-0.295027	-0.129516	0.946670	-0.426280	0.904545	-0.009096	-0.855128	-0.406230	-0.322076
20367	9.494538	0.251495	-1.727019	-0.013684	-0.542526	0.078081	-0.299876	-0.131093	0.944928	-0.426103	0.904622	-0.009724	-0.853528	-0.405553	-0.327133
20368	9.458822	0.140211	-1.675686	-0.008310	-0.605620	0.081961	-0.305361	-0.132833	0.942926	-0.425786	0.904764	-0.010431	-0.851740	-0.404670	-0.332838
20369	9.649136	0.077053	-1.500022	-0.019860	-0.661083	0.086331	-0.311345	-0.134765	0.940693	-0.425353	0.904959	-0.011135	-0.849788	-0.403593	-0.339077
20370	9.748280	-0.266124	-1.453354	-0.047629	-0.717181	0.092391	-0.317797	-0.136847	0.938231	-0.424660	0.905276	-0.011800	-0.847744	-0.402179	-0.345807
20371	9.720743	-0.746269	-1.648226	-0.027266	-0.770970	0.103007	-0.324715	-0.139033	0.935537	-0.424092	0.905531	-0.012624	-0.845403	-0.400853	-0.353003
20372	10.179625	-1.011429	-1.354305	0.026869	-0.804267	0.122524	-0.331996	-0.141173	0.932657	-0.423919	0.905595	-0.013825	-0.842658	-0.399961	-0.360499
20373	11.100185	-1.041921	-0.660934	-0.059998	-0.801333	0.180332	-0.339467	-0.142750	0.929723	-0.422792	0.906098	-0.015250	-0.840244	-0.398256	-0.367944
20374	10.823144	-1.181757	-0.240642	-0.171796	-0.820655	0.222963	-0.347266	-0.144014	0.926642	-0.420588	0.907099	-0.016642	-0.838160	-0.395514	-0.375576
20375	10.753075	-1.307155	0.205989	-0.214481	-0.896120	0.222758	-0.355750	-0.145521	0.923182	-0.417943	0.908297	-0.017880	-0.835922	-0.392198	-0.383946
20376	10.930329	-1.174387	0.296924	-0.228331	-0.960646	0.224989	-0.364678	-0.147255	0.919416	-0.415230	0.909517	-0.019027	-0.833423	-0.388708	-0.392826
20377	11.128707	-1.089231	0.286643	-0.245082	-1.020209	0.238703	-0.374226	-0.148997	0.915289	-0.412199	0.910869	-0.020254	-0.830691	-0.384861	-0.402287
20378	11.132311	-0.914427	0.364787	-0.297296	-1.116354	0.249498	-0.384481	-0.151023	0.910696	-0.408791	0.912380	-0.021282	-0.827686	-0.380467	-0.412529
20379	11.199331	-1.164920	-0.000495	-0.334068	-1.251102	0.248670	-0.395823	-0.153453	0.905415	-0.405036	0.914032	-0.022157	-0.824178	-0.375496	-0.423949
20380	11.325958	-1.524649	-0.362011	-0.283166	-1.329172	0.249141	-0.407729	-0.156163	0.899650	-0.401713	0.915473	-0.023150	-0.819990	-0.370840	-0.435998
20381	11.189782	-1.165073	-1.287655	-0.113140	-1.401196	0.240337	-0.420185	-0.159186	0.893367	-0.399898	0.916223	-0.024829	-0.814571	-0.367689	-0.448642
20382	11.042805	-0.704003	-2.574394	0.058249	-1.467343	0.203091	-0.432877	-0.162736	0.886642	-0.399511	0.916335	-0.026863	-0.808090	-0.365852	-0.461675
20383	11.104807	-0.409975	-3.327865	0.249997	-1.519513	0.150890	-0.445755	-0.167028	0.879434	-0.401059	0.915581	-0.029390	-0.800284	-0.365806	-0.475112
20384	11.106140	0.439391	-3.966123	0.248326	-1.509942	0.058052	-0.457988	-0.172047	0.872151	-0.402782	0.914769	-0.031056	-0.792473	-0.365510	-0.488251
20385	10.509005	0.640569	-4.922130	0.045161	-1.524761	-0.041500	-0.469931	-0.178032	0.864563	-0.403419	0.914492	-0.030964	-0.785123	-0.363332	-0.501569
20386	9.872296	0.170575	-5.855403	-0.096864	-1.508760	-0.125609	-0.481194	-0.184664	0.856943	-0.403268	0.914611	-0.029353	-0.778349	-0.359702	-0.514575
20387	9.247952	-0.267942	-7.169880	-0.146418	-1.407009	-0.149699	-0.491648	-0.191096	0.849567	-0.402882	0.914843	-0.027371	-0.771990	-0.355732	-0.526770
20388	8.828911	-0.623588	-8.176017	-0.087173	-1.272268	-0.166857	-0.500735	-0.197157	0.842848	-0.403049	0.914824	-0.025458	-0.766039	-0.352457	-0.537549
20389	8.525464	-1.073948	-8.724282	0.059467	-1.072011	-0.170313	-0.508298	-0.202654	0.836997	-0.404584	0.914177	-0.024358	-0.760227	-0.351016	-0.546665
20390	8.184266	-1.258484	-8.333799	0.252409	-0.792589	-0.155330	-0.513649	-0.206887	0.832684	-0.407300	0.912968	-0.024412	-0.755163	-0.351692	-0.553210
20391	7.925787	-0.998089	-7.575709	0.445903	-0.410368	-0.091741	-0.516467	-0.209220	0.830354	-0.411176	0.911180	-0.026160	-0.751129	-0.354933	-0.556621
20392	7.551921	-0.234072	-6.487038	0.586061	0.035990	0.033123	-0.516310	-0.208819	0.830553	-0.415412	0.909150	-0.029659	-0.748904	-0.360335	-0.556149
20393	7.419273	0.969320	-5.879027	0.557600	0.511218	0.187191	-0.513400	-0.205309	0.833228	-0.418658	0.907494	-0.034352	-0.749096	-0.366474	-0.551862
20394	7.637666	2.014967	-5.350107	0.314081	0.955306	0.328194	-0.507578	-0.198836	0.838349	-0.419352	0.906995	-0.038779	-0.752668	-0.371247	-0.543753
20395	8.191014	2.077074	-4.267558	-0.127906	1.394725	0.459747	-0.499097	-0.189433	0.845587	-0.415980	0.908402	-0.042022	-0.760172	-0.372721	-0.532181
20396	8.289175	1.512645	-3.930642	-0.554906	1.804634	0.574034	-0.487621	-0.177527	0.854816	-0.408909	0.911516	-0.043955	-0.771375	-0.370975	-0.517067
20397	7.981036	0.099238	-4.738179	-0.789670	2.151381	0.683449	-0.473738	-0.163406	0.865373	-0.399523	0.915577	-0.045828	-0.784827	-0.367447	-0.499028
20398	7.474364	-0.852077	-5.078733	-0.669812	2.418084	0.743980	-0.457508	-0.147753	0.876844	-0.390764	0.919186	-0.048999	-0.798743	-0.365056	-0.478271
20399	7.646373	-1.406024	-5.232295	-0.403525	2.651544	0.794130	-0.439313	-0.130693	0.888776	-0.383855	0.921802	-0.054186	-0.812194	-0.364966	-0.455127
20400	7.750000	-1.295716	-5.083406	-0.144259	2.875999	0.849600	-0.418985	-0.112355	0.901015	-0.379035	0.923362	-0.061115	-0.825096	-0.367122	-0.429462
20401	8.045977	-1.123332	-4.674846	-0.086932	3.156830	0.890458	-0.396129	-0.092409	0.913533	-0.374579	0.924632	-0.068895	-0.838315	-0.369481	-0.400888
20402	7.765184	-1.196691	-4.812968	-0.261824	3.482345	0.865223	-0.369878	-0.071554	0.926321	-0.369056	0.926310	-0.075810	-0.852636	-0.369905	-0.369030
20403	7.414713	-1.521825	-5.417140	-0.210197	3.593600	0.836231	-0.342095	-0.050339	0.938316	-0.364090	0.927660	-0.082974	-0.866262	-0.370017	-0.335676
20404	7.846926	-1.673107	-5.536670	-0.065146	3.660774	0.813707	-0.313083	-0.029254	0.949275	-0.360859	0.928228	-0.090410	-0.878499	-0.370860	-0.301169
20405	8.462599	-1.550360	-5.289186	0.110067	3.738089	0.797941	-0.282873	-0.007873	0.959125	-0.359415	0.927977	-0.098384	-0.889271	-0.372554	-0.265329
20406	9.060866	-1.051040	-5.036600	0.238942	3.800208	0.776431	-0.251666	0.013500	0.967720	-0.359477	0.927066	-0.106418	-0.898577	-0.374655	-0.228458
20407	9.599402	-0.201760	-4.705944	0.248766	3.840127	0.752250	-0.219632	0.034964	0.974956	-0.359923	0.925955	-0.114288	-0.906762	-0.376011	-0.190785
20408	10.053165	-0.203212	-4.221964	0.159828	3.851276	0.698712	-0.187058	0.055879	0.980758	-0.359956	0.925043	-0.121359	-0.914025	-0.375731	-0.152923
20409	10.919324	0.124920	-3.494422	-0.010952	3.945860	0.625810	-0.153025	0.076511	0.985256	-0.358758	0.924678	-0.127527	-0.920802	-0.372983	-0.114050
20410	11.055350	0.822608	-4.010500	-0.256061	3.921405	0.438457	-0.118333	0.095053	0.988414	-0.355792	0.925257	-0.131575	-0.927043	-0.367240	-0.075669
20411	10.990331	-0.176067	-4.985908	-0.446646	3.686226	0.253844	-0.084844	0.110820	0.990212	-0.351409	0.926610	-0.133812	-0.932370	-0.359323	-0.039674
20412	9.404662	-1.723492	-3.369279	-0.231797	3.502622	0.216665	-0.052863	0.125276	0.990713	-0.349088	0.927188	-0.135870	-0.935598	-0.353028	-0.005281
20413	5.546615	-1.623212	2.476023	0.285477	3.047744	0.205632	-0.024968	0.137948	0.990125	-0.351661	0.925919	-0.137870	-0.935794	-0.351630	0.025393
20414	9.780424	0.001340	-1.069741	0.373118	2.973952	0.368690	0.001570	0.151775	0.988414	-0.355099	0.924083	-0.141332	-0.934827	-0.350763	0.055346
20415	9.638069	0.047554	0.270682	0.555138	2.651611	0.341084	0.025155	0.164221	0.986103	-0.360340	0.921594	-0.144286	-0.932482	-0.351703	0.082358
20416	5.895323	-1.168712	0.778199	0.522736	2.148719	0.236583	0.044329	0.173940	0.983758	-0.365280	0.919362	-0.146094	-0.929842	-0.352871	0.104291
20417	3.492460	-2.695734	1.799898	0.561469	1.560095	0.030662	0.058742	0.179726	0.981961	-0.370502	0.917328	-0.145732	-0.926972	-0.355258	0.120474
20418	3.124071	-0.933614	3.183649	0.695935	0.885677	-0.164007	0.067574	0.181362	0.981092	-0.376827	0.915145	-0.143217	-0.923815	-0.360025	0.130183
20419	4.383406	0.659373	3.728281	0.023602	0.232558	-0.271308	0.070780	0.179704	0.981171	-0.376871	0.915548	-0.140498	-0.923558	-0.359830	0.132528
20420	4.827459	-0.845763	2.587524	-0.606800	-0.477577	-0.325879	0.067606	0.174980	0.982248	-0.371022	0.918305	-0.138052	-0.926160	-0.355102	0.127004
20421	5.980070	-1.642202	1.103242	-0.778375	-1.114345	-0.382713	0.058710	0.167523	0.984118	-0.363576	0.921700	-0.135208	-0.929713	-0.349864	0.115020
20422	10.893406	-3.223545	1.049229	-0.912863	-1.161918	-0.349719	0.049164	0.160237	0.985853	-0.354872	0.925446	-0.132721	-0.933621	-0.343326	0.102362
20423	12.595059	-4.227250	2.071899	-0.901441	-0.758531	-0.175402	0.042718	0.156029	0.986828	-0.346387	0.928779	-0.131856	-0.937119	-0.336192	0.093722
20424	10.894379	-3.506071	1.928401	-0.909359	-0.481380	-0.139995	0.038701	0.153097	0.987453	-0.337782	0.932026	-0.131265	-0.940428	-0.328464	0.087784
20425	8.629418	-4.515909	0.021333	-0.791289	-0.476328	-0.251284	0.035086	0.149209	0.988183	-0.330280	0.934965	-0.129447	-0.943231	-0.321835	0.082085
20426	9.207258	-4.590972	-0.371711	-0.025867	-0.628725	-0.380431	0.030434	0.143596	0.989168	-0.329901	0.935613	-0.125671	-0.943525	-0.322503	0.075846
20427	11.786836	-1.678593	0.633198	0.354676	-0.654141	-0.333392	0.025399	0.138370	0.990055	-0.333202	0.934914	-0.122116	-0.942513	-0.326787	0.069852
20428	12.373519	0.806108	1.592343	-0.039288	-0.647384	-0.225386	0.020070	0.134116	0.990762	-0.332771	0.935357	-0.119875	-0.942794	-0.327291	0.063403
20429	11.745190	0.631223	0.747211	-0.591148	-0.749741	-0.181165	0.013624	0.130000	0.991420	-0.327222	0.937496	-0.118432	-0.944849	-0.322801	0.055311
20430	11.006242	0.416682	-0.335806	-0.840651	-0.854490	-0.203238	0.006217	0.125332	0.992095	-0.319238	0.940448	-0.116807	-0.947654	-0.315988	0.045858
20431	10.382541	-0.447689	-1.240017	-0.895710	-0.919366	-0.274947	-0.001609	0.119876	0.992788	-0.310778	0.943568	-0.114436	-0.950481	-0.308721	0.035736
20432	10.075225	-0.774625	-1.676997	-0.690120	-0.945121	-0.378223	-0.009417	0.113380	0.993507	-0.304224	0.946128	-0.110856	-0.952554	-0.303292	0.025583
20433	10.276436	0.351098	-1.543282	-0.486481	-0.937673	-0.444079	-0.016985	0.106335	0.994185	-0.299656	0.948082	-0.106523	-0.953896	-0.299723	0.015760
20434	10.507470	1.220469	-1.755850	-0.595485	-0.892594	-0.449947	-0.024150	0.099379	0.994757	-0.294055	0.950322	-0.102079	-0.955483	-0.294979	0.006273
20435	10.166089	0.017602	-2.647845	-0.818324	-0.828970	-0.409734	-0.030860	0.093045	0.995184	-0.286355	0.953100	-0.097990	-0.957627	-0.287999	-0.002768
20436	9.922729	-1.221930	-3.356761	-0.835398	-0.762663	-0.385686	-0.037061	0.087165	0.995504	-0.278469	0.955828	-0.094058	-0.959730	-0.280703	-0.011151
20437	10.222720	-1.491387	-3.837927	-0.656091	-0.705669	-0.385162	-0.042749	0.081495	0.995757	-0.272330	0.957977	-0.090095	-0.961254	-0.275026	-0.018759
20438	10.170736	-1.228544	-3.721765	-0.586449	-0.622873	-0.383988	-0.047685	0.076085	0.995960	-0.266856	0.959882	-0.086105	-0.962556	-0.269884	-0.025468
20439	9.989619	-1.219866	-3.442855	-0.558227	-0.556724	-0.392464	-0.051985	0.070797	0.996135	-0.261675	0.961666	-0.082004	-0.963755	-0.264927	-0.031466
20440	9.914501	-1.105903	-3.067190	-0.546168	-0.487447	-0.404157	-0.055618	0.065597	0.996295	-0.256619	0.963380	-0.077755	-0.964911	-0.259993	-0.036748
20441	9.687364	-1.356526	-2.604152	-0.518472	-0.430292	-0.419505	-0.058686	0.060405	0.996447	-0.251820	0.964992	-0.073329	-0.965993	-0.255228	-0.041421
20442	9.697286	-1.360657	-1.879721	-0.418949	-0.376970	-0.426788	-0.061243	0.055297	0.996590	-0.248020	0.966305	-0.068858	-0.966817	-0.251391	-0.045464
20443	9.734797	-0.709388	-0.939145	-0.311403	-0.344008	-0.427640	-0.063495	0.050273	0.996715	-0.245275	0.967311	-0.064415	-0.967372	-0.248559	-0.049089
20444	9.623235	-0.042355	-0.207418	-0.360397	-0.324577	-0.429136	-0.065570	0.045287	0.996820	-0.242058	0.968410	-0.059918	-0.968044	-0.245217	-0.052537
20445	9.438560	-0.196085	0.265961	-0.427082	-0.333545	-0.451799	-0.067697	0.040064	0.996901	-0.238210	0.969647	-0.055145	-0.968851	-0.241205	-0.056099
20446	9.465478	-0.276076	0.478165	-0.406959	-0.328508	-0.456286	-0.069783	0.034819	0.996954	-0.234573	0.970795	-0.050324	-0.969591	-0.237370	-0.059577
20447	9.304842	-0.367702	0.644690	-0.407678	-0.360676	-0.471207	-0.072169	0.029351	0.996960	-0.230922	0.971916	-0.045330	-0.970292	-0.233491	-0.063365
20448	9.349439	-0.679337	0.747402	-0.368623	-0.399221	-0.480333	-0.074923	0.023723	0.996907	-0.227691	0.972901	-0.040264	-0.970847	-0.230003	-0.067491
20449	9.423884	-0.678662	0.750129	-0.281381	-0.434052	-0.483329	-0.078023	0.017993	0.996789	-0.225318	0.973649	-0.035212	-0.971156	-0.227342	-0.071913
20450	9.394818	-0.646189	0.874132	-0.201998	-0.476667	-0.491451	-0.081530	0.012095	0.996597	-0.223742	0.974183	-0.030127	-0.971232	-0.225437	-0.076719
20451	9.431086	-0.753042	0.742806	-0.100172	-0.535824	-0.510883	-0.085568	0.005886	0.996315	-0.223200	0.974454	-0.024926	-0.971010	-0.224510	-0.082068
20452	9.559581	-0.481723	0.623820	0.071051	-0.594563	-0.517985	-0.090161	-0.000530	0.995927	-0.224339	0.974310	-0.019790	-0.970331	-0.225210	-0.087964
20453	9.603298	-0.075877	0.098054	0.146755	-0.636977	-0.519634	-0.095145	-0.007058	0.995438	-0.226245	0.973959	-0.014719	-0.969413	-0.226614	-0.094264
20454	9.582317	0.036471	-0.920931	0.235952	-0.655234	-0.512463	-0.100307	-0.013572	0.994864	-0.229026	0.973371	-0.009813	-0.968238	-0.228834	-0.100744
20455	9.633294	0.354595	-1.840268	0.322607	-0.651260	-0.499120	-0.105429	-0.019949	0.994227	-0.232684	0.972539	-0.005160	-0.966821	-0.231884	-0.107175
20456	9.784074	0.704303	-2.444396	0.356851	-0.637492	-0.486951	-0.110425	-0.026204	0.993539	-0.236652	0.971594	-0.000677	-0.965299	-0.235197	-0.113489
20457	9.766696	0.831401	-2.863010	0.355826	-0.608828	-0.464567	-0.115165	-0.032185	0.992825	-0.240610	0.970615	0.003555	-0.963765	-0.238474	-0.119525
20458	9.830270	0.950619	-2.891527	0.363867	-0.582056	-0.445701	-0.119669	-0.037939	0.992089	-0.244633	0.969586	0.007570	-0.962203	-0.241792	-0.125310
20459	9.877725	0.962171	-2.738853	0.329403	-0.558817	-0.422649	-0.123978	-0.043428	0.991334	-0.248306	0.968615	0.011379	-0.960715	-0.244743	-0.130870
20460	9.758373	1.061324	-2.520730	0.297318	-0.546766	-0.394465	-0.128221	-0.048624	0.990553	-0.251653	0.967702	0.014927	-0.959286	-0.247362	-0.136316
20461	9.662946	1.180001	-2.125624	0.275471	-0.542387	-0.366128	-0.132477	-0.053555	0.989738	-0.254750	0.966835	0.018218	-0.957890	-0.249722	-0.141727
20462	9.668413	1.244251	-1.659759	0.114233	-0.550355	-0.349668	-0.136832	-0.058343	0.988875	-0.256310	0.966354	0.021549	-0.956861	-0.250510	-0.147183
20463	9.546351	0.157532	-1.654483	0.110655	-0.573088	-0.354363	-0.141383	-0.063247	0.987932	-0.257837	0.965867	0.024935	-0.955788	-0.251200	-0.152865
20464	9.608572	0.257813	-1.384519	0.272983	-0.590286	-0.362007	-0.146061	-0.068263	0.986918	-0.260961	0.964940	0.028121	-0.954236	-0.253439	-0.158754
20465	9.405757	0.130848	-1.305812	0.305979	-0.608911	-0.364496	-0.150892	-0.073372	0.985824	-0.264393	0.963908	0.031272	-0.952538	-0.255926	-0.164845
20466	9.585839	0.190035	-1.318374	0.421300	-0.633783	-0.357247	-0.155949	-0.078478	0.984643	-0.268947	0.962551	0.034121	-0.950446	-0.259495	-0.171215
20467	9.532994	0.358753	-1.399672	0.445043	-0.633911	-0.351731	-0.160993	-0.083557	0.983412	-0.273715	0.961104	0.036852	-0.948241	-0.263242	-0.177602
20468	9.624344	0.587543	-1.545532	0.554528	-0.633089	-0.346955	-0.166007	-0.088602	0.982136	-0.279531	0.959332	0.039296	-0.945677	-0.268014	-0.184023
20469	9.549690	0.721402	-1.653513	0.577980	-0.627637	-0.341991	-0.170949	-0.093617	0.980822	-0.285545	0.957461	0.041620	-0.942996	-0.272954	-0.190409
20470	9.648219	1.092497	-1.647961	0.633715	-0.626426	-0.324414	-0.175889	-0.098478	0.979472	-0.292071	0.955402	0.043609	-0.940084	-0.278405	-0.196807
20471	9.813295	1.374045	-1.998866	0.526844	-0.586422	-0.282328	-0.180546	-0.102862	0.978173	-0.297487	0.953647	0.045374	-0.937499	-0.282801	-0.202777
20472	9.638277	1.484321	-2.458547	0.378177	-0.547289	-0.251473	-0.184896	-0.106845	0.976933	-0.301485	0.952307	0.047092	-0.935372	-0.285824	-0.208290
20473	9.713154	1.443932	-2.993712	0.299308	-0.514171	-0.216944	-0.189027	-0.110431	0.975743	-0.304662	0.951218	0.048635	-0.933515	-0.288078	-0.213450
20474	9.830639	1.553851	-2.700284	0.178736	-0.471727	-0.190959	-0.192822	-0.113640	0.974631	-0.306692	0.950487	0.050148	-0.932073	-0.289242	-0.218127
20475	9.572740	1.148030	-2.438491	0.016981	-0.435891	-0.152665	-0.196401	-0.116400	0.973590	-0.307102	0.950273	0.051661	-0.931190	-0.288846	-0.222382
20476	9.556831	0.884975	-1.974058	-0.036084	-0.430865	-0.135346	-0.199975	-0.118960	0.972553	-0.307033	0.950217	0.053096	-0.930452	-0.287988	-0.226544
20477	9.583595	0.844892	-1.560554	-0.097360	-0.431955	-0.115581	-0.203621	-0.121346	0.971501	-0.306324	0.950366	0.054503	-0.929895	-0.286496	-0.230686
20478	9.382957	0.629959	-1.387535	-0.150836	-0.443293	-0.107797	-0.207391	-0.123667	0.970410	-0.305142	0.950663	0.055937	-0.929450	-0.284512	-0.234895
20479	9.370299	0.507394	-1.313647	-0.104097	-0.465727	-0.114876	-0.211355	-0.126130	0.969237	-0.304363	0.950827	0.057364	-0.928812	-0.282876	-0.239352
20480	9.495263	0.426061	-1.117028	-0.073053	-0.507524	-0.121194	-0.215677	-0.128745	0.967940	-0.303942	0.950877	0.058751	-0.927956	-0.281526	-0.244214
20481	9.377670	0.483731	-1.055693	0.003552	-0.549901	-0.122212	-0.220387	-0.131500	0.966508	-0.304209	0.950715	0.059984	-0.926761	-0.280800	-0.249529
20482	9.351863	0.843973	-0.908707	0.050064	-0.596585	-0.117277	-0.225533	-0.134320	0.964932	-0.304933	0.950417	0.061028	-0.925284	-0.280476	-0.255309
20483	9.320222	1.005496	-1.110083	0.027231	-0.632246	-0.111155	-0.231021	-0.137193	0.963227	-0.305406	0.950196	0.062088	-0.923773	-0.279832	-0.261415
20484	9.268146	0.999164	-1.416825	0.026337	-0.669784	-0.104560	-0.236862	-0.140089	0.961390	-0.305893	0.949975	0.063062	-0.922131	-0.279146	-0.267865
20485	9.353170	0.903388	-1.833553	0.046290	-0.696793	-0.100629	-0.242953	-0.143032	0.959435	-0.306529	0.949710	0.063961	-0.920334	-0.278555	-0.274578
20486	9.314164	1.175921	-2.132609	0.079866	-0.730599	-0.085391	-0.249386	-0.145908	0.957349	-0.307474	0.949362	0.064595	-0.918296	-0.278251	-0.281620
20487	9.386298	1.231597	-2.329631	0.035757	-0.733819	-0.067127	-0.255887	-0.148626	0.955213	-0.307944	0.949168	0.065192	-0.916347	-0.277470	-0.288649
20488	9.440875	1.092139	-2.650370	0.014558	-0.737458	-0.054110	-0.262450	-0.151214	0.953024	-0.308218	0.949044	0.065703	-0.914397	-0.276495	-0.295683
20489	9.270616	0.976180	-2.655791	0.007166	-0.749056	-0.047072	-0.269126	-0.153770	0.950750	-0.308373	0.948960	0.066190	-0.912402	-0.275372	-0.302808
20490	9.229386	0.727017	-2.520690	0.002722	-0.768625	-0.041702	-0.275981	-0.156309	0.948368	-0.308512	0.948885	0.066615	-0.910305	-0.274199	-0.310097
20491	9.218341	0.633695	-2.186934	0.016318	-0.806492	-0.038631	-0.283174	-0.158924	0.945809	-0.308732	0.948787	0.066991	-0.908018	-0.273032	-0.317737
20492	9.185677	0.689252	-1.826376	0.005257	-0.847695	-0.038322	-0.290721	-0.161628	0.943058	-0.308891	0.948708	0.067373	-0.905576	-0.271715	-0.325735
20493	9.062058	0.437806	-1.574735	0.043410	-0.907657	-0.059526	-0.298720	-0.164694	0.940022	-0.309430	0.948499	0.067848	-0.902784	-0.270604	-0.334297
20494	9.013526	0.804119	-1.114806	0.067245	-0.973692	-0.067208	-0.307266	-0.167992	0.936678	-0.310242	0.948202	0.068288	-0.899632	-0.269614	-0.343468
20495	8.774073	0.476060	-1.101523	0.054125	-1.050795	-0.076572	-0.316437	-0.171583	0.932967	-0.310944	0.947930	0.068871	-0.896204	-0.268307	-0.353313
20496	9.010724	0.427408	-1.032779	0.123420	-1.126471	-0.088894	-0.326212	-0.175475	0.928867	-0.312336	0.947441	0.069293	-0.892206	-0.267514	-0.363873
20497	9.219854	0.522029	-0.994016	0.149865	-1.214151	-0.089448	-0.336709	-0.179603	0.924321	-0.313951	0.946883	0.069622	-0.887729	-0.266749	-0.375210
20498	9.596838	0.305755	-1.138439	0.159483	-1.298596	-0.097303	-0.347877	-0.184014	0.919304	-0.315699	0.946278	0.069948	-0.882788	-0.265890	-0.387281
20499	9.338908	-0.171191	-1.746144	0.230478	-1.382579	-0.097719	-0.359702	-0.188645	0.913799	-0.318068	0.945482	0.069984	-0.877182	-0.265476	-0.400093
20500	9.483505	0.096276	-2.084119	0.331098	-1.466383	-0.097254	-0.372185	-0.193490	0.907766	-0.321322	0.944412	0.069559	-0.870764	-0.265796	-0.413669
20501	9.723797	0.163851	-2.171608	0.319226	-1.533491	-0.095473	-0.385141	-0.198499	0.901258	-0.324459	0.943371	0.069121	-0.863941	-0.265799	-0.427735
20502	10.057628	0.001210	-2.278029	0.293650	-1.597357	-0.099373	-0.398538	-0.203709	0.894243	-0.327380	0.942387	0.068772	-0.856732	-0.265349	-0.442267
20503	9.844760	-0.443913	-2.496428	0.347251	-1.687636	-0.103639	-0.412547	-0.209192	0.886591	-0.330779	0.941243	0.068170	-0.848758	-0.265142	-0.457503
20504	10.465751	0.377950	-1.860994	0.460574	-1.801475	-0.069830	-0.427501	-0.214661	0.878159	-0.334967	0.939868	0.066678	-0.839666	-0.265650	-0.473699
20505	11.675943	0.755358	-1.630747	0.324624	-1.834472	0.041666	-0.442915	-0.219163	0.869364	-0.337529	0.939084	0.064778	-0.830603	-0.264744	-0.489908
20506	11.787543	-0.120403	-1.764396	0.165750	-1.905684	0.078752	-0.458902	-0.223474	0.859924	-0.338551	0.938816	0.063307	-0.821458	-0.262076	-0.506482
20507	11.847028	-2.155586	-1.803383	0.094718	-1.958745	0.076961	-0.475104	-0.227880	0.849910	-0.339014	0.938724	0.062182	-0.812001	-0.258589	-0.523246
20508	12.062330	-2.766648	-0.697005	0.465788	-2.094472	0.024679	-0.492052	-0.233091	0.838781	-0.342659	0.937572	0.059530	-0.800293	-0.258124	-0.541205
20509	12.798360	-1.739588	0.440372	0.549216	-2.150894	0.047247	-0.509222	-0.238231	0.827006	-0.346872	0.936233	0.056112	-0.787637	-0.258291	-0.559386
20510	13.820559	-1.122540	1.116615	0.461015	-2.228730	0.065820	-0.526839	-0.243391	0.814372	-0.350143	0.935197	0.052985	-0.774494	-0.257231	-0.577920
20511	14.751651	-1.206174	0.655102	0.316061	-2.233135	0.075092	-0.544165	-0.248443	0.801349	-0.352294	0.934526	0.050503	-0.761429	-0.254829	-0.596061
20512	14.626059	-0.568552	0.771381	0.548026	-2.367847	0.080940	-0.562282	-0.253742	0.787054	-0.355990	0.933328	0.046575	-0.746398	-0.253995	-0.615124
20513	14.742352	0.913398	-1.434879	0.574473	-2.438426	0.097884	-0.580532	-0.259059	0.771927	-0.359839	0.932060	0.042181	-0.730410	-0.253282	-0.634310
20514	14.006115	1.244585	-4.191215	0.626762	-2.383705	0.088635	-0.598048	-0.264297	0.756628	-0.363858	0.930699	0.037503	-0.714105	-0.252876	-0.652770
20515	12.895096	2.207652	-6.433376	0.962615	-2.397193	0.084239	-0.615142	-0.269666	0.740865	-0.370319	0.928405	0.030452	-0.696035	-0.255624	-0.670963
20516	11.965154	3.345240	-7.542413	1.069533	-2.514248	0.063462	-0.632611	-0.275574	0.723783	-0.377278	0.925821	0.022743	-0.676361	-0.258680	-0.689653
20517	10.718703	3.703676	-8.148620	0.808503	-2.574450	0.074057	-0.649935	-0.281621	0.705885	-0.382372	0.923861	0.016520	-0.656792	-0.259174	-0.708134
20518	9.403805	3.127196	-7.852132	0.403811	-2.511553	0.141343	-0.666725	-0.286812	0.687907	-0.384075	0.923215	0.012671	-0.638720	-0.255760	-0.725688
20519	7.877243	1.426189	-8.204661	-0.064858	-2.254806	0.199698	-0.681612	-0.290727	0.671479	-0.382483	0.923888	0.011757	-0.623789	-0.248815	-0.740931
20520	6.263018	-0.113100	-8.618865	-0.158724	-1.946536	0.227992	-0.694478	-0.293423	0.656965	-0.379953	0.924935	0.011459	-0.611012	-0.241658	-0.753834
20521	5.617329	-0.839290	-8.642348	-0.140794	-1.528797	0.274325	-0.704671	-0.294611	0.645478	-0.377340	0.926013	0.010710	-0.600877	-0.236017	-0.763703
20522	5.315128	-0.940541	-8.661561	-0.010269	-1.099292	0.298636	-0.712338	-0.294451	0.637082	-0.375183	0.926908	0.008904	-0.593138	-0.232680	-0.770744
20523	5.204624	-0.509215	-10.425606	0.314419	-0.733954	0.327062	-0.717787	-0.293210	0.631514	-0.374859	0.927072	0.004366	-0.586738	-0.233595	-0.775353
20524	5.113494	0.388989	-9.328992	0.551808	-0.358977	0.349769	-0.721177	-0.290843	0.628739	-0.375588	0.926784	-0.002094	-0.582097	-0.237657	-0.777613
20525	6.896307	0.325904	-5.655502	0.407023	0.246752	0.438001	-0.721284	-0.286269	0.630714	-0.374952	0.927009	-0.008043	-0.582375	-0.242289	-0.775974
20526	8.192958	1.045591	-4.979984	0.120591	0.874671	0.562815	-0.718245	-0.278943	0.637429	-0.371628	0.928297	-0.012515	-0.588232	-0.245875	-0.770408
20527	7.887025	1.211193	-6.368518	-0.298390	1.397049	0.592488	-0.712032	-0.270069	0.648131	-0.365775	0.930597	-0.014068	-0.599350	-0.247087	-0.761399
20528	6.808524	-0.271376	-7.811993	-0.462013	1.794871	0.527469	-0.703037	-0.260744	0.661628	-0.359260	0.933132	-0.014002	-0.613736	-0.247541	-0.749701
20529	6.347596	-1.443084	-8.398448	-0.200171	2.167131	0.472455	-0.691150	-0.250996	0.677726	-0.354876	0.934781	-0.015709	-0.629583	-0.251366	-0.735147
20530	6.315483	-1.025533	-8.134571	0.105511	2.586441	0.446778	-0.676201	-0.240251	0.696442	-0.352514	0.935603	-0.019515	-0.646905	-0.258702	-0.717348
20531	6.215981	-0.281035	-7.591216	0.134842	3.013525	0.417806	-0.657778	-0.228479	0.717722	-0.350768	0.936169	-0.023453	-0.666550	-0.267181	-0.695935
20532	6.017822	-0.280089	-7.844517	0.046131	3.415177	0.420648	-0.636087	-0.215306	0.740970	-0.348377	0.936971	-0.026806	-0.688496	-0.275188	-0.671003
