// General information: 
//  MT Manager version: 2022.2.0 
//  XDA version: 2022.2.0 build 7381 rev 124627 built on 2023-07-19
// Device information: 
//  DeviceId: 00B4CBA7
//  ProductCode: MTW2-3A7G6
//  Firmware Version: 4.6.0
//  Hardware Version: 2.0.0
// Device settings: 
//  Filter Profile: human(46.1)
//  Option Flags: Orientation Smoother Disabled, Position/Velocity Smoother Disabled, Continuous Zero Rotation Update Disabled, AHS Disabled, ICC Disabled
// Coordinate system: ENU
PacketCounter	Acc_X	Acc_Y	Acc_Z	Gyr_X	Gyr_Y	Gyr_Z	Mat[1][1]	Mat[2][1]	Mat[3][1]	Mat[1][2]	Mat[2][2]	Mat[3][2]	Mat[1][3]	Mat[2][3]	Mat[3][3]
59910	9.326785	0.084531	-3.169676	0.017614	0.010454	-0.028286	-0.249157	-0.210533	0.945302	-0.686063	0.727298	-0.018848	-0.683548	-0.653233	-0.325651
59911	9.396525	-0.036229	-3.235016	-0.005767	0.009784	-0.031902	-0.248839	-0.210720	0.945344	-0.686088	0.727283	-0.018483	-0.683639	-0.653189	-0.325549
59912	9.279225	-0.224315	-3.126814	-0.007290	0.014167	-0.036137	-0.248457	-0.210915	0.945401	-0.686128	0.727257	-0.018070	-0.683738	-0.653156	-0.325407
59913	9.256467	-0.396972	-3.065085	0.019480	0.016582	-0.040762	-0.248028	-0.211131	0.945466	-0.686375	0.727032	-0.017707	-0.683646	-0.653336	-0.325239
59914	9.223531	-0.450071	-3.111665	0.050096	0.009287	-0.045388	-0.247615	-0.211425	0.945508	-0.686829	0.726611	-0.017394	-0.683339	-0.653710	-0.325133
59915	9.223979	-0.397367	-3.132290	0.086260	0.002282	-0.055016	-0.247180	-0.211843	0.945529	-0.687584	0.725903	-0.017112	-0.682737	-0.654360	-0.325089
59916	9.211679	-0.288972	-3.134786	0.082334	0.001423	-0.062209	-0.246705	-0.212310	0.945548	-0.688299	0.725234	-0.016744	-0.682189	-0.654951	-0.325051
59917	9.224289	-0.291528	-3.175075	0.099177	-0.013141	-0.059242	-0.246352	-0.212852	0.945518	-0.689134	0.724447	-0.016467	-0.681473	-0.655646	-0.325152
59918	9.257532	-0.233129	-3.127945	0.109922	-0.006154	-0.059039	-0.245949	-0.213344	0.945512	-0.690028	0.723601	-0.016219	-0.680714	-0.656418	-0.325182
59919	9.269856	-0.086391	-3.233226	0.112900	-0.005870	-0.054792	-0.245580	-0.213800	0.945505	-0.690927	0.722747	-0.016028	-0.679934	-0.657211	-0.325213
59920	9.256928	0.020695	-3.236968	0.104060	-0.002745	-0.053250	-0.245193	-0.214227	0.945509	-0.691764	0.721950	-0.015816	-0.679222	-0.657947	-0.325212
59921	9.301453	0.009695	-3.266046	0.097678	0.000416	-0.048982	-0.244818	-0.214606	0.945520	-0.692565	0.721186	-0.015633	-0.678541	-0.658662	-0.325188
59922	9.362962	0.082970	-3.181883	0.108166	0.003468	-0.039053	-0.244486	-0.214889	0.945542	-0.693394	0.720391	-0.015569	-0.677814	-0.659439	-0.325128
59923	9.091677	-0.032293	-3.117183	0.094264	0.003875	-0.040480	-0.244157	-0.215164	0.945564	-0.694095	0.719717	-0.015452	-0.677214	-0.660085	-0.325068
59924	9.181411	-0.156417	-3.130704	0.109625	0.005379	-0.048498	-0.243746	-0.215502	0.945593	-0.694955	0.718890	-0.015303	-0.676480	-0.660875	-0.324991
59925	9.398246	-0.108404	-3.187520	0.112292	0.004216	-0.043744	-0.243390	-0.215798	0.945617	-0.695786	0.718088	-0.015213	-0.675754	-0.661650	-0.324925
59926	9.135624	-0.106695	-3.180664	0.118167	0.008673	-0.039786	-0.243017	-0.216050	0.945656	-0.696680	0.717222	-0.015174	-0.674967	-0.662507	-0.324815
59927	9.217490	-0.136036	-3.165475	0.122190	-0.008704	-0.030672	-0.242831	-0.216347	0.945636	-0.697571	0.716353	-0.015239	-0.674112	-0.663349	-0.324871
59928	9.247656	0.006506	-3.057866	0.122764	-0.012263	-0.024642	-0.242704	-0.216629	0.945604	-0.698457	0.715487	-0.015358	-0.673240	-0.664191	-0.324958
59929	9.284530	-0.010914	-3.015013	0.109836	-0.011297	-0.023099	-0.242591	-0.216885	0.945574	-0.699232	0.714727	-0.015455	-0.672476	-0.664925	-0.325039
59930	9.227511	-0.093469	-2.902856	0.113000	-0.013541	-0.021572	-0.242493	-0.217153	0.945538	-0.700043	0.713931	-0.015571	-0.671667	-0.665693	-0.325139
59931	9.287136	-0.085458	-2.856943	0.123632	-0.022229	-0.016756	-0.242485	-0.217452	0.945471	-0.700941	0.713045	-0.015775	-0.670733	-0.666544	-0.325324
59932	9.382468	-0.107736	-2.825552	0.126926	-0.021840	-0.017739	-0.242469	-0.217748	0.945407	-0.701834	0.712162	-0.015973	-0.669805	-0.667392	-0.325500
59933	9.376506	-0.100638	-2.860578	0.122757	-0.026661	-0.015158	-0.242503	-0.218062	0.945326	-0.702711	0.711291	-0.016189	-0.668871	-0.668217	-0.325725
59934	9.352211	-0.029043	-2.911279	0.112779	-0.025341	-0.009401	-0.242568	-0.218323	0.945249	-0.703488	0.710518	-0.016420	-0.668031	-0.668954	-0.325936
59935	9.285562	0.017326	-3.016649	0.086320	-0.030089	-0.000798	-0.242730	-0.218552	0.945155	-0.704069	0.709936	-0.016654	-0.667360	-0.669496	-0.326199
59936	9.309746	0.002836	-3.099487	0.060656	-0.034473	0.004059	-0.242951	-0.218778	0.945046	-0.704463	0.709541	-0.016843	-0.666863	-0.669842	-0.326504
59937	9.319637	-0.019870	-3.200830	0.044987	-0.038797	0.007896	-0.243225	-0.219011	0.944921	-0.704763	0.709239	-0.017023	-0.666446	-0.670086	-0.326855
59938	9.277629	-0.032574	-3.200697	0.022706	-0.038726	0.013931	-0.243543	-0.219195	0.944796	-0.704880	0.709119	-0.017182	-0.666207	-0.670152	-0.327207
59939	9.158197	-0.139177	-3.195603	0.017154	-0.041768	0.009508	-0.243852	-0.219432	0.944662	-0.704979	0.709018	-0.017285	-0.665989	-0.670181	-0.327590
59940	9.256599	-0.184420	-3.191431	0.019510	-0.044344	0.014772	-0.244213	-0.219648	0.944518	-0.705072	0.708921	-0.017442	-0.665758	-0.670213	-0.327996
59941	9.260980	-0.245131	-3.139759	0.021117	-0.040838	0.016713	-0.244556	-0.219843	0.944384	-0.705221	0.708769	-0.017628	-0.665475	-0.670310	-0.328371
59942	9.277547	-0.262682	-3.150447	0.035384	-0.039803	0.017654	-0.244907	-0.220008	0.944255	-0.705412	0.708572	-0.017864	-0.665142	-0.670464	-0.328731
59943	9.243518	-0.159639	-3.210270	0.045514	-0.035724	0.018811	-0.245243	-0.220138	0.944137	-0.705675	0.708303	-0.018151	-0.664740	-0.670705	-0.329052
59944	9.247984	-0.224381	-3.321754	0.037379	-0.038639	0.023621	-0.245628	-0.220254	0.944010	-0.705865	0.708106	-0.018450	-0.664396	-0.670875	-0.329400
59945	9.326050	-0.171664	-3.413726	0.038866	-0.039173	0.023380	-0.246012	-0.220381	0.943880	-0.706089	0.707875	-0.018757	-0.664016	-0.671078	-0.329755
59946	9.296062	-0.142318	-3.475791	0.030103	-0.031961	0.027042	-0.246377	-0.220428	0.943774	-0.706221	0.707734	-0.019064	-0.663739	-0.671211	-0.330041
59947	9.143923	-0.144571	-3.525649	0.021711	-0.028493	0.030012	-0.246741	-0.220435	0.943678	-0.706310	0.707637	-0.019379	-0.663510	-0.671311	-0.330298
59948	9.061749	-0.218532	-3.497459	0.010841	-0.025080	0.030253	-0.247082	-0.220413	0.943593	-0.706307	0.707633	-0.019653	-0.663386	-0.671323	-0.330523
59949	9.129270	-0.357102	-3.457133	-0.007960	-0.022129	0.020816	-0.247333	-0.220447	0.943520	-0.706232	0.707704	-0.019781	-0.663373	-0.671236	-0.330725
59950	9.211132	-0.486519	-3.398440	-0.003462	-0.015884	0.017709	-0.247525	-0.220452	0.943468	-0.706165	0.707768	-0.019889	-0.663372	-0.671167	-0.330866
59951	9.175266	-0.507411	-3.362872	-0.005313	-0.011607	0.018646	-0.247694	-0.220429	0.943429	-0.706110	0.707819	-0.020007	-0.663367	-0.671121	-0.330970
59952	9.158542	-0.429552	-3.321569	-0.006181	-0.008154	0.017848	-0.247836	-0.220381	0.943403	-0.706025	0.707902	-0.020108	-0.663405	-0.671049	-0.331038
59953	9.203770	-0.329851	-3.338991	-0.011445	-0.009727	0.012913	-0.247955	-0.220381	0.943372	-0.705930	0.707995	-0.020151	-0.663462	-0.670951	-0.331124
59954	9.256554	-0.326386	-3.383769	-0.015889	-0.008136	0.013656	-0.248067	-0.220363	0.943347	-0.705790	0.708133	-0.020180	-0.663568	-0.670811	-0.331194
59955	9.279551	-0.350795	-3.358672	-0.002033	-0.007601	0.001126	-0.248088	-0.220432	0.943325	-0.705786	0.708138	-0.020143	-0.663565	-0.670783	-0.331259
59956	9.236415	-0.326622	-3.435824	0.012673	-0.001083	0.003698	-0.248083	-0.220437	0.943325	-0.705861	0.708063	-0.020172	-0.663487	-0.670861	-0.331257
59957	9.294635	-0.282941	-3.469625	0.032386	-0.001074	0.006849	-0.248111	-0.220410	0.943324	-0.706038	0.707883	-0.020302	-0.663288	-0.671060	-0.331251
59958	9.191711	-0.266705	-3.429378	0.023114	0.004448	0.004311	-0.248074	-0.220374	0.943342	-0.706181	0.707739	-0.020372	-0.663150	-0.671224	-0.331195
59959	9.156510	-0.287528	-3.392089	0.018263	0.003360	0.012823	-0.248100	-0.220293	0.943354	-0.706300	0.707615	-0.020513	-0.663013	-0.671381	-0.331153
59960	9.188645	-0.296019	-3.380705	0.004315	0.005219	0.016094	-0.248141	-0.220168	0.943373	-0.706289	0.707623	-0.020632	-0.663010	-0.671413	-0.331092
59961	9.243847	-0.278641	-3.366007	-0.012789	0.009310	0.017847	-0.248169	-0.220006	0.943403	-0.706175	0.707734	-0.020717	-0.663121	-0.671349	-0.331000
59962	9.277800	-0.222307	-3.318865	-0.029391	0.013693	0.021089	-0.248188	-0.219789	0.943449	-0.705927	0.707980	-0.020772	-0.663377	-0.671162	-0.330867
59963	9.297842	-0.223810	-3.266850	-0.045740	0.011699	0.026179	-0.248271	-0.219539	0.943485	-0.705540	0.708364	-0.020828	-0.663758	-0.670837	-0.330760
59964	9.246884	-0.214085	-3.164023	-0.058216	0.011616	0.024495	-0.248328	-0.219311	0.943523	-0.705092	0.708810	-0.020820	-0.664212	-0.670441	-0.330652
59965	9.277546	-0.285224	-3.187528	-0.063783	0.008582	0.020086	-0.248374	-0.219143	0.943550	-0.704645	0.709257	-0.020759	-0.664670	-0.670024	-0.330578
59966	9.235269	-0.257607	-3.099862	-0.056738	0.009665	0.019547	-0.248409	-0.218963	0.943583	-0.704219	0.709681	-0.020709	-0.665108	-0.669633	-0.330489
59967	9.249501	-0.199734	-3.103804	-0.052291	0.008066	0.018808	-0.248448	-0.218807	0.943609	-0.703850	0.710048	-0.020673	-0.665484	-0.669295	-0.330417
59968	9.279982	-0.168919	-3.009175	-0.046365	0.005937	0.017820	-0.248496	-0.218664	0.943629	-0.703497	0.710399	-0.020641	-0.665839	-0.668969	-0.330361
59969	9.274665	-0.160134	-3.041717	-0.044208	0.003119	0.016359	-0.248546	-0.218566	0.943639	-0.703211	0.710683	-0.020610	-0.666123	-0.668700	-0.330335
59970	9.285318	-0.128571	-2.998552	-0.041379	-0.001982	0.013679	-0.248617	-0.218506	0.943634	-0.702901	0.710991	-0.020556	-0.666423	-0.668391	-0.330352
59971	9.297766	-0.184442	-3.016248	-0.038417	-0.003047	0.013184	-0.248693	-0.218459	0.943625	-0.702623	0.711267	-0.020512	-0.666688	-0.668114	-0.330381
59972	9.336560	-0.188269	-3.078618	-0.035471	-0.005509	0.007972	-0.248748	-0.218463	0.943609	-0.702366	0.711523	-0.020423	-0.666938	-0.667840	-0.330430
59973	9.308040	-0.253898	-3.092956	-0.042331	-0.009172	0.005813	-0.248832	-0.218487	0.943581	-0.702025	0.711863	-0.020298	-0.667266	-0.667469	-0.330518
59974	9.268284	-0.251641	-3.196157	-0.034187	-0.017923	0.007886	-0.248969	-0.218575	0.943525	-0.701777	0.712110	-0.020213	-0.667476	-0.667176	-0.330684
59975	9.237654	-0.381216	-3.247169	-0.042217	-0.019592	0.005459	-0.249103	-0.218692	0.943463	-0.701490	0.712396	-0.020084	-0.667727	-0.666833	-0.330870
59976	9.203425	-0.487270	-3.273174	-0.035488	-0.019967	0.005432	-0.249236	-0.218810	0.943400	-0.701239	0.712646	-0.019971	-0.667940	-0.666527	-0.331056
59977	9.236355	-0.531119	-3.347565	-0.018787	-0.021707	-0.000367	-0.249340	-0.218989	0.943331	-0.701144	0.712742	-0.019866	-0.668002	-0.666365	-0.331258
59978	9.189301	-0.531819	-3.378788	-0.006951	-0.025955	-0.002371	-0.249458	-0.219203	0.943250	-0.701104	0.712785	-0.019774	-0.668000	-0.666249	-0.331494
59979	9.202412	-0.423790	-3.407740	0.009521	-0.019916	-0.005283	-0.249519	-0.219398	0.943189	-0.701189	0.712703	-0.019714	-0.667888	-0.666273	-0.331672
59980	9.207002	-0.383098	-3.399187	0.014459	-0.021222	-0.004546	-0.249591	-0.219596	0.943124	-0.701297	0.712598	-0.019673	-0.667748	-0.666320	-0.331860
59981	9.163356	-0.358120	-3.477562	0.023281	-0.019199	-0.005868	-0.249643	-0.219791	0.943064	-0.701478	0.712420	-0.019655	-0.667538	-0.666446	-0.332029
59982	9.187630	-0.268797	-3.440135	0.026302	-0.012415	-0.008716	-0.249627	-0.219960	0.943029	-0.701675	0.712227	-0.019613	-0.667337	-0.666596	-0.332131
59983	9.165723	-0.180511	-3.431383	0.025303	-0.012993	-0.011692	-0.249602	-0.220147	0.942992	-0.701862	0.712045	-0.019546	-0.667150	-0.666729	-0.332241
59984	9.163846	-0.142579	-3.349126	0.018214	-0.008876	-0.010956	-0.249546	-0.220308	0.942969	-0.702010	0.711901	-0.019456	-0.667014	-0.666829	-0.332311
59985	9.153302	-0.121860	-3.251806	0.011008	-0.007396	-0.007692	-0.249516	-0.220426	0.942950	-0.702081	0.711833	-0.019380	-0.666951	-0.666863	-0.332371
59986	9.187146	-0.113905	-3.183429	0.004397	-0.004386	-0.010186	-0.249436	-0.220552	0.942942	-0.702136	0.711783	-0.019251	-0.666924	-0.666875	-0.332401
59987	9.212277	-0.123159	-3.100102	-0.001136	-0.004612	-0.005165	-0.249392	-0.220648	0.942930	-0.702162	0.711760	-0.019158	-0.666913	-0.666868	-0.332438
59988	9.267201	-0.104171	-3.086461	-0.003402	-0.004436	-0.001165	-0.249375	-0.220710	0.942920	-0.702142	0.711781	-0.019089	-0.666940	-0.666824	-0.332471
59989	9.249292	-0.089153	-3.079714	0.001559	-0.004343	0.004287	-0.249404	-0.220725	0.942909	-0.702127	0.711795	-0.019092	-0.666944	-0.666804	-0.332502
59990	9.263367	-0.081418	-3.062251	0.002424	-0.007801	0.005077	-0.249454	-0.220765	0.942887	-0.702131	0.711792	-0.019101	-0.666922	-0.666795	-0.332565
59991	9.311162	-0.168060	-3.094809	0.008650	-0.008461	0.003553	-0.249507	-0.220814	0.942861	-0.702170	0.711753	-0.019124	-0.666861	-0.666820	-0.332636
59992	9.287562	-0.144628	-3.121437	0.024256	-0.012020	0.002011	-0.249563	-0.220904	0.942825	-0.702326	0.711597	-0.019176	-0.666676	-0.666957	-0.332735
59993	9.278350	-0.162888	-3.107898	0.037075	-0.017090	-0.001735	-0.249618	-0.221069	0.942772	-0.702626	0.711299	-0.019243	-0.666339	-0.667220	-0.332882
59994	9.234754	-0.139154	-3.185944	0.046594	-0.015956	0.000437	-0.249690	-0.221197	0.942723	-0.702935	0.710991	-0.019355	-0.665986	-0.667506	-0.333014
59995	9.244800	-0.059361	-3.166720	0.039391	-0.014475	0.003704	-0.249774	-0.221294	0.942678	-0.703202	0.710723	-0.019480	-0.665673	-0.667758	-0.333134
59996	9.210401	-0.118257	-3.214592	0.044393	-0.020993	0.004270	-0.249906	-0.221427	0.942612	-0.703486	0.710438	-0.019621	-0.665323	-0.668018	-0.333314
59997	9.227791	-0.184783	-3.200866	0.039762	-0.018228	0.003015	-0.250015	-0.221550	0.942554	-0.703744	0.710179	-0.019741	-0.665009	-0.668252	-0.333470
59998	9.198590	-0.202913	-3.238532	0.040938	-0.020225	0.003290	-0.250134	-0.221685	0.942491	-0.704008	0.709914	-0.019861	-0.664685	-0.668489	-0.333642
59999	9.198286	-0.304217	-3.195472	0.052253	-0.031218	0.006880	-0.250358	-0.221866	0.942389	-0.704336	0.709584	-0.020060	-0.664253	-0.668780	-0.333918
60000	9.269327	-0.355443	-3.332541	0.054718	-0.032579	0.004898	-0.250571	-0.222073	0.942283	-0.704687	0.709230	-0.020241	-0.663800	-0.669086	-0.334204
60001	9.236475	-0.400624	-3.323378	0.056035	-0.030540	0.007356	-0.250782	-0.222259	0.942183	-0.705073	0.708839	-0.020456	-0.663310	-0.669438	-0.334472
60002	9.227722	-0.408591	-3.416791	0.059589	-0.030094	0.001100	-0.250951	-0.222476	0.942087	-0.705465	0.708444	-0.020619	-0.662829	-0.669784	-0.334734
60003	9.212055	-0.369802	-3.460071	0.067530	-0.031065	0.006057	-0.251173	-0.222655	0.941985	-0.705878	0.708026	-0.020862	-0.662305	-0.670167	-0.335005
60004	9.143536	-0.335220	-3.458951	0.068064	-0.024348	0.000464	-0.251300	-0.222839	0.941908	-0.706327	0.707572	-0.021048	-0.661778	-0.670585	-0.335210
60005	9.148050	-0.296751	-3.450776	0.063432	-0.021585	-0.000792	-0.251414	-0.222998	0.941840	-0.706716	0.707180	-0.021212	-0.661320	-0.670946	-0.335391
60006	9.175908	-0.282355	-3.416889	0.062046	-0.024856	0.004018	-0.251569	-0.223160	0.941760	-0.707116	0.706774	-0.021411	-0.660833	-0.671320	-0.335602
60007	9.155485	-0.333713	-3.446680	0.059001	-0.019996	-0.000031	-0.251672	-0.223312	0.941697	-0.707495	0.706390	-0.021569	-0.660388	-0.671674	-0.335770
60008	9.180183	-0.295337	-3.387261	0.060232	-0.014156	-0.002135	-0.251712	-0.223446	0.941654	-0.707897	0.705982	-0.021704	-0.659941	-0.672058	-0.335881
60009	9.167332	-0.241096	-3.371246	0.057077	-0.011925	-0.003646	-0.251737	-0.223568	0.941619	-0.708272	0.705603	-0.021822	-0.659530	-0.672415	-0.335973
60010	9.193353	-0.240790	-3.394388	0.061527	-0.013534	-0.004387	-0.251756	-0.223714	0.941579	-0.708688	0.705180	-0.021940	-0.659075	-0.672810	-0.336077
60011	9.189679	-0.218923	-3.370084	0.055379	-0.003600	-0.000544	-0.251747	-0.223759	0.941571	-0.709043	0.704819	-0.022080	-0.658696	-0.673173	-0.336091
60012	9.179339	-0.149953	-3.295627	0.056758	-0.006765	0.001757	-0.251766	-0.223816	0.941552	-0.709413	0.704442	-0.022240	-0.658292	-0.673548	-0.336132
60013	9.188273	-0.184108	-3.287802	0.046803	0.001063	0.000424	-0.251724	-0.223832	0.941559	-0.709734	0.704115	-0.022360	-0.657961	-0.673886	-0.336104
60014	9.266540	-0.141408	-3.271082	0.047923	0.004277	0.000854	-0.251664	-0.223821	0.941578	-0.710047	0.703795	-0.022483	-0.657646	-0.674223	-0.336043
60015	9.263653	-0.168786	-3.222477	0.045268	0.006806	0.000823	-0.251584	-0.223801	0.941604	-0.710371	0.703464	-0.022602	-0.657326	-0.674575	-0.335962
60016	9.283828	-0.170540	-3.171035	0.044965	0.005343	0.001357	-0.251520	-0.223779	0.941627	-0.710663	0.703165	-0.022719	-0.657035	-0.674894	-0.335892
60017	9.225492	-0.167315	-3.159113	0.044495	0.006470	0.004580	-0.251470	-0.223735	0.941651	-0.710976	0.702845	-0.022872	-0.656717	-0.675242	-0.335814
60018	9.159547	-0.220241	-3.214907	0.047355	0.002773	0.006639	-0.251460	-0.223693	0.941663	-0.711270	0.702541	-0.023047	-0.656402	-0.675572	-0.335767
60019	9.205602	-0.171500	-3.209434	0.062076	-0.005214	0.006725	-0.251510	-0.223702	0.941648	-0.711660	0.702138	-0.023279	-0.655959	-0.675988	-0.335795
60020	9.265670	-0.065060	-3.209504	0.046277	0.000981	0.010928	-0.251543	-0.223642	0.941653	-0.711936	0.701851	-0.023490	-0.655647	-0.676305	-0.335765
60021	9.181896	-0.103124	-3.258536	0.039340	0.002527	0.008943	-0.251561	-0.223581	0.941663	-0.712168	0.701610	-0.023668	-0.655388	-0.676576	-0.335725
60022	9.329158	0.015247	-3.234485	0.051384	-0.009331	0.016119	-0.251699	-0.223555	0.941632	-0.712464	0.701300	-0.023945	-0.655014	-0.676906	-0.335791
60023	9.150447	0.002259	-3.152744	0.005356	0.004450	0.014332	-0.251736	-0.223447	0.941648	-0.712469	0.701291	-0.024056	-0.654993	-0.676951	-0.335740
60024	9.110180	-0.108392	-3.101945	0.006174	-0.006838	0.017571	-0.251868	-0.223394	0.941625	-0.712466	0.701290	-0.024196	-0.654947	-0.676969	-0.335793
60025	9.249989	-0.094972	-3.122628	0.016280	-0.010626	0.021090	-0.252061	-0.223329	0.941589	-0.712491	0.701257	-0.024406	-0.654845	-0.677025	-0.335880
60026	9.335880	-0.046164	-3.016343	0.004023	-0.004006	0.019018	-0.252185	-0.223246	0.941575	-0.712469	0.701274	-0.024552	-0.654821	-0.677035	-0.335906
60027	9.280560	-0.067090	-3.030327	0.009680	-0.006182	0.023274	-0.252355	-0.223145	0.941553	-0.712470	0.701266	-0.024759	-0.654754	-0.677077	-0.335952
60028	9.259019	0.018841	-3.022544	0.012339	-0.008718	0.023317	-0.252540	-0.223064	0.941523	-0.712492	0.701236	-0.024973	-0.654659	-0.677134	-0.336022
60029	9.098712	0.000785	-3.054023	0.009717	-0.004748	0.027982	-0.252735	-0.222924	0.941504	-0.712492	0.701226	-0.025227	-0.654584	-0.677190	-0.336056
60030	9.156983	-0.007203	-3.066021	0.003734	-0.010429	0.031389	-0.252988	-0.222798	0.941466	-0.712437	0.701273	-0.025488	-0.654546	-0.677184	-0.336143
60031	9.250945	-0.144450	-3.045660	-0.003822	-0.011791	0.030468	-0.253254	-0.222676	0.941423	-0.712311	0.701393	-0.025719	-0.654581	-0.677099	-0.336245
60032	9.328070	-0.305354	-3.101081	-0.002645	-0.013790	0.030758	-0.253525	-0.222577	0.941374	-0.712216	0.701481	-0.025952	-0.654579	-0.677041	-0.336366
60033	9.298763	-0.517308	-3.314157	-0.002299	-0.010898	0.034933	-0.253817	-0.222420	0.941332	-0.712094	0.701594	-0.026232	-0.654599	-0.676975	-0.336460
60034	9.227170	-0.602314	-3.486856	0.007647	-0.012106	0.041138	-0.254151	-0.222237	0.941285	-0.712039	0.701636	-0.026598	-0.654528	-0.676992	-0.336562
60035	9.103358	-0.681023	-3.721060	0.010961	-0.010295	0.044822	-0.254500	-0.222018	0.941243	-0.712009	0.701650	-0.027015	-0.654425	-0.677049	-0.336648
60036	9.016588	-0.627823	-3.981653	0.019675	-0.017345	0.053166	-0.254953	-0.221785	0.941175	-0.712003	0.701636	-0.027534	-0.654256	-0.677139	-0.336796
60037	8.933594	-0.555255	-4.021234	0.017513	-0.020912	0.061750	-0.255491	-0.221523	0.941091	-0.711981	0.701635	-0.028134	-0.654070	-0.677227	-0.336981
60038	8.921179	-0.593351	-4.065713	0.004190	-0.022698	0.059137	-0.256022	-0.221285	0.941003	-0.711858	0.701739	-0.028658	-0.653997	-0.677197	-0.337184
60039	9.018506	-0.604053	-3.977615	0.006916	-0.024059	0.051920	-0.256512	-0.221109	0.940910	-0.711783	0.701795	-0.029128	-0.653886	-0.677196	-0.337401
60040	9.068783	-0.724808	-3.765552	0.013421	-0.024748	0.045160	-0.256957	-0.220984	0.940819	-0.711755	0.701806	-0.029552	-0.653741	-0.677226	-0.337620
60041	9.092790	-0.797659	-3.554278	0.038740	-0.018300	0.036111	-0.257289	-0.220890	0.940750	-0.711956	0.701584	-0.029981	-0.653392	-0.677486	-0.337774
60042	9.087438	-0.700578	-3.365578	0.081883	-0.016939	0.028811	-0.257566	-0.220827	0.940689	-0.712417	0.701094	-0.030482	-0.652780	-0.678013	-0.337899
60043	9.116894	-0.447415	-3.178399	0.107106	-0.013136	0.022327	-0.257775	-0.220784	0.940641	-0.713068	0.700408	-0.031013	-0.651986	-0.678736	-0.337982
60044	9.190439	-0.257562	-2.997600	0.141051	-0.023065	0.019378	-0.258025	-0.220829	0.940562	-0.713938	0.699495	-0.031625	-0.650935	-0.679663	-0.338145
60045	9.292841	-0.050809	-2.782543	0.145108	-0.028801	0.021777	-0.258331	-0.220897	0.940462	-0.714835	0.698548	-0.032279	-0.649827	-0.680614	-0.338362
60046	9.344108	0.034600	-2.771418	0.147727	-0.039211	0.024314	-0.258721	-0.221018	0.940327	-0.715732	0.697597	-0.032960	-0.648684	-0.681549	-0.338673
60047	9.526423	0.018707	-2.719468	0.146965	-0.052600	0.030458	-0.259247	-0.221184	0.940143	-0.716601	0.696669	-0.033702	-0.647514	-0.682445	-0.339110
60048	9.641305	-0.009084	-2.641763	0.152258	-0.058894	0.037881	-0.259861	-0.221345	0.939935	-0.717488	0.695714	-0.034528	-0.646284	-0.683365	-0.339602
60049	9.543530	0.052219	-2.703718	0.159461	-0.061371	0.053933	-0.260598	-0.221427	0.939712	-0.718420	0.694702	-0.035535	-0.644951	-0.684368	-0.340115
60050	9.372944	0.118417	-2.878600	0.163271	-0.073799	0.056823	-0.261443	-0.221561	0.939446	-0.719324	0.693711	-0.036578	-0.643600	-0.685329	-0.340740
60051	9.239728	0.217900	-3.034813	0.148045	-0.085460	0.064823	-0.262429	-0.221711	0.939135	-0.720089	0.692860	-0.037649	-0.642342	-0.686141	-0.341478
60052	9.190695	0.294533	-3.013158	0.120999	-0.079333	0.084349	-0.263507	-0.221694	0.938837	-0.720644	0.692218	-0.038808	-0.641277	-0.686794	-0.342167
60053	9.109749	0.158709	-3.199342	0.082960	-0.077775	0.094600	-0.264641	-0.221609	0.938538	-0.720963	0.691822	-0.039937	-0.640451	-0.687220	-0.342857
60054	9.180158	0.092539	-3.070662	0.078025	-0.082810	0.101081	-0.265862	-0.221502	0.938219	-0.721195	0.691511	-0.041107	-0.639684	-0.687567	-0.343593
60055	9.215931	0.106118	-2.952443	0.064029	-0.076682	0.111769	-0.267109	-0.221296	0.937913	-0.721355	0.691271	-0.042333	-0.638984	-0.687875	-0.344278
60056	9.147372	0.221466	-2.898840	0.069418	-0.075146	0.116710	-0.268393	-0.221029	0.937609	-0.721486	0.691053	-0.043620	-0.638297	-0.688180	-0.344943
60057	9.132637	0.411554	-2.620665	0.066726	-0.080441	0.119201	-0.269734	-0.220778	0.937284	-0.721590	0.690862	-0.044927	-0.637614	-0.688453	-0.345660
60058	9.117972	0.512408	-2.400299	0.049526	-0.078715	0.123578	-0.271088	-0.220490	0.936961	-0.721572	0.690795	-0.046210	-0.637059	-0.688612	-0.346366
60059	9.119366	0.418911	-2.301605	0.002023	-0.080652	0.129107	-0.272484	-0.220192	0.936626	-0.721282	0.691019	-0.047384	-0.636792	-0.688483	-0.347113
60060	9.391488	0.089632	-2.452663	-0.021495	-0.085950	0.137556	-0.273985	-0.219856	0.936267	-0.720771	0.691471	-0.048550	-0.636728	-0.688136	-0.347918
60061	9.696231	-0.312877	-2.699670	-0.062067	-0.074923	0.152629	-0.275531	-0.219326	0.935937	-0.719931	0.692263	-0.049717	-0.637010	-0.687509	-0.348639
60062	9.501072	-0.803847	-3.130944	-0.056650	-0.075699	0.172179	-0.277214	-0.218676	0.935593	-0.719096	0.693031	-0.051084	-0.637224	-0.686942	-0.349367
60063	9.837560	-1.096165	-3.810654	0.027651	-0.131761	0.197063	-0.279431	-0.218240	0.935035	-0.718734	0.693263	-0.052981	-0.636663	-0.686846	-0.350575
60064	9.148396	-1.025530	-4.342601	-0.023305	-0.076389	0.209826	-0.281386	-0.217332	0.934660	-0.717999	0.693882	-0.054814	-0.636631	-0.686509	-0.351293
60065	8.659010	-1.248600	-5.070873	-0.012658	-0.098400	0.217318	-0.283541	-0.216514	0.934198	-0.717294	0.694455	-0.056758	-0.636469	-0.686188	-0.352211
60066	8.512553	-1.358278	-5.294032	-0.026195	-0.110530	0.220011	-0.285783	-0.215766	0.933688	-0.716503	0.695112	-0.058674	-0.636358	-0.685758	-0.353249
60067	8.403533	-1.669877	-5.556285	-0.028927	-0.108025	0.225325	-0.288044	-0.214969	0.933177	-0.715692	0.695780	-0.060631	-0.636252	-0.685332	-0.354266
60068	8.523836	-1.848766	-5.393439	-0.008205	-0.086161	0.217599	-0.290110	-0.214067	0.932744	-0.715013	0.696305	-0.062585	-0.636076	-0.685080	-0.355066
60069	8.628656	-1.907167	-5.376203	0.039201	-0.073123	0.210030	-0.292042	-0.213128	0.932356	-0.714654	0.696485	-0.064641	-0.635595	-0.685190	-0.355716
60070	8.808702	-1.772329	-5.033517	0.091142	-0.059236	0.199077	-0.293803	-0.212171	0.932021	-0.714652	0.696286	-0.066775	-0.634785	-0.685689	-0.356199
60071	8.998507	-1.614267	-4.810922	0.141052	-0.043974	0.179551	-0.295320	-0.211266	0.931747	-0.715069	0.695649	-0.068911	-0.633611	-0.686614	-0.356509
60072	9.085938	-1.384826	-4.495476	0.193002	-0.022372	0.171307	-0.296649	-0.210252	0.931554	-0.715786	0.694686	-0.071148	-0.632179	-0.687899	-0.356573
60073	9.103278	-1.034327	-4.207937	0.220024	-0.000027	0.171947	-0.297844	-0.209088	0.931435	-0.716683	0.693516	-0.073493	-0.630599	-0.689433	-0.356409
60074	9.068627	-0.658777	-3.851402	0.230422	-0.009437	0.170287	-0.299086	-0.207996	0.931282	-0.717629	0.692283	-0.075853	-0.628933	-0.691001	-0.356316
60075	9.120854	-0.386870	-3.555776	0.221687	-0.006415	0.154580	-0.300185	-0.207022	0.931145	-0.718624	0.691006	-0.078041	-0.627270	-0.692570	-0.356201
60076	9.094394	-0.216737	-3.037099	0.208861	-0.006178	0.163667	-0.301362	-0.205958	0.931001	-0.719443	0.689898	-0.080261	-0.625765	-0.693990	-0.356084
60077	9.195588	-0.013936	-2.714853	0.172632	0.001927	0.161401	-0.302481	-0.204851	0.930882	-0.720032	0.689039	-0.082337	-0.624547	-0.695171	-0.355920
60078	9.306377	-0.030238	-2.536160	0.114429	0.003145	0.152126	-0.303519	-0.203804	0.930774	-0.720288	0.688556	-0.084114	-0.623748	-0.695956	-0.355787
60079	9.344304	-0.154246	-2.621091	0.046747	0.013334	0.165451	-0.304594	-0.202598	0.930686	-0.720092	0.688556	-0.085781	-0.623450	-0.696308	-0.355620
60080	9.409585	-0.321691	-2.882460	-0.015062	0.014876	0.185115	-0.305795	-0.201242	0.930586	-0.719436	0.689037	-0.087404	-0.623619	-0.696225	-0.355485
60081	9.440244	-0.620195	-3.257990	-0.086960	0.026912	0.193891	-0.306982	-0.199749	0.930517	-0.718322	0.690013	-0.088857	-0.624320	-0.695688	-0.355306
60082	9.275599	-1.079744	-3.799142	-0.119783	0.029085	0.192541	-0.308144	-0.198240	0.930456	-0.716984	0.691232	-0.090176	-0.625285	-0.694909	-0.355134
60083	9.191355	-1.406334	-4.199024	-0.117296	0.029022	0.200667	-0.309365	-0.196672	0.930383	-0.715635	0.692445	-0.091584	-0.626227	-0.694147	-0.354964
60084	8.739646	-1.702393	-4.599249	-0.094033	0.035978	0.188056	-0.310446	-0.195142	0.930345	-0.714466	0.693468	-0.092953	-0.627026	-0.693557	-0.354707
60085	8.594818	-1.681729	-4.761949	-0.045762	0.040674	0.173930	-0.311399	-0.193680	0.930333	-0.713651	0.694116	-0.094368	-0.627482	-0.693318	-0.354367
60086	8.402781	-1.705991	-4.583590	0.000059	0.047981	0.154419	-0.312161	-0.192298	0.930364	-0.713173	0.694417	-0.095758	-0.627647	-0.693402	-0.353912
60087	8.513130	-1.622507	-4.376538	0.089157	0.051308	0.131991	-0.312754	-0.191041	0.930424	-0.713307	0.694070	-0.097261	-0.627198	-0.694097	-0.353344
60088	8.534966	-1.396250	-3.775868	0.169484	0.058135	0.111085	-0.313144	-0.189889	0.930528	-0.714025	0.693107	-0.098846	-0.626186	-0.695373	-0.352628
60089	8.630621	-1.188450	-3.299686	0.246443	0.060515	0.083917	-0.313348	-0.188885	0.930664	-0.715258	0.691603	-0.100456	-0.624676	-0.697142	-0.351814
60090	8.915402	-0.901209	-2.820192	0.294913	0.057059	0.061957	-0.313397	-0.188082	0.930810	-0.716906	0.689664	-0.102022	-0.622758	-0.699277	-0.350976
60091	9.280439	-0.664064	-2.457931	0.305163	0.051223	0.055713	-0.313442	-0.187371	0.930938	-0.718653	0.687612	-0.103570	-0.620719	-0.701485	-0.350182
60092	9.544382	-0.495374	-2.078623	0.294706	0.036994	0.054869	-0.313569	-0.186757	0.931019	-0.720311	0.685648	-0.105065	-0.618730	-0.703568	-0.349521
60093	9.633948	-0.510916	-1.840111	0.264091	0.009460	0.055586	-0.313874	-0.186341	0.931000	-0.721791	0.683873	-0.106464	-0.616847	-0.705404	-0.349149
60094	9.596564	-0.613747	-1.692490	0.223792	-0.022496	0.058864	-0.314399	-0.186120	0.930867	-0.722989	0.682406	-0.107746	-0.615175	-0.706881	-0.349111
60095	9.545302	-0.774101	-1.612952	0.199021	-0.072985	0.060169	-0.315260	-0.186224	0.930554	-0.723980	0.681162	-0.108960	-0.613567	-0.708053	-0.349566
60096	9.505112	-0.865282	-1.685721	0.180725	-0.116646	0.057333	-0.316352	-0.186683	0.930092	-0.724910	0.679992	-0.110079	-0.611905	-0.709056	-0.350445
60097	9.506256	-0.851161	-1.746368	0.174608	-0.150582	0.060011	-0.317670	-0.187369	0.929505	-0.725800	0.678857	-0.111208	-0.610164	-0.709962	-0.351645
60098	9.410621	-0.827794	-2.077451	0.158804	-0.168351	0.063731	-0.319120	-0.188154	0.928849	-0.726569	0.677852	-0.112313	-0.608490	-0.710714	-0.353023
60099	9.293882	-0.981076	-2.551468	0.142433	-0.183762	0.068622	-0.320694	-0.189026	0.928129	-0.727240	0.676949	-0.113412	-0.606858	-0.711343	-0.354561
60100	9.101033	-1.108406	-3.006918	0.142062	-0.190523	0.069360	-0.322315	-0.189935	0.927382	-0.727882	0.676073	-0.114513	-0.605228	-0.711934	-0.356159
60101	8.640856	-1.461122	-3.354447	0.134347	-0.196872	0.068647	-0.323979	-0.190877	0.926609	-0.728447	0.675281	-0.115589	-0.603658	-0.712434	-0.357820
60102	8.791228	-1.788859	-3.428541	0.172131	-0.205305	0.069062	-0.325681	-0.191896	0.925801	-0.729264	0.674190	-0.116800	-0.601752	-0.713193	-0.359513
60103	9.423041	-1.721202	-3.614570	0.189854	-0.194847	0.062036	-0.327264	-0.192898	0.925034	-0.730226	0.672935	-0.118016	-0.599723	-0.714107	-0.361086
60104	9.283737	-1.619089	-3.707477	0.169479	-0.195343	0.064995	-0.328870	-0.193878	0.924260	-0.731032	0.671854	-0.119184	-0.597860	-0.714859	-0.362684
60105	9.071324	-1.339325	-3.714764	0.158388	-0.192856	0.065877	-0.330456	-0.194857	0.923487	-0.731809	0.670803	-0.120327	-0.596032	-0.715579	-0.364270
60106	8.887233	-1.238178	-3.728135	0.090065	-0.183300	0.062326	-0.331965	-0.195773	0.922752	-0.732144	0.670284	-0.121184	-0.594781	-0.715816	-0.365845
60107	8.915559	-1.283920	-3.829355	0.054325	-0.176878	0.053428	-0.333363	-0.196718	0.922047	-0.732327	0.669966	-0.121834	-0.593773	-0.715855	-0.367404
60108	9.004889	-1.393484	-3.883303	0.032328	-0.164924	0.059665	-0.334740	-0.197520	0.921376	-0.732324	0.669855	-0.122456	-0.593001	-0.715737	-0.368876
60109	8.991267	-1.393652	-3.930787	0.042482	-0.162853	0.061188	-0.336115	-0.198295	0.920709	-0.732376	0.669675	-0.123133	-0.592159	-0.715692	-0.370314
60110	8.970161	-1.258551	-3.715896	0.044473	-0.156841	0.060311	-0.337446	-0.199035	0.920063	-0.732441	0.669480	-0.123806	-0.591321	-0.715669	-0.371695
60111	8.987823	-1.415979	-3.459763	0.027220	-0.156905	0.067526	-0.338836	-0.199724	0.919402	-0.732379	0.669420	-0.124490	-0.590603	-0.715532	-0.373098
60112	9.015772	-1.635187	-3.289827	0.023674	-0.155901	0.071888	-0.340244	-0.200380	0.918739	-0.732279	0.669398	-0.125193	-0.589916	-0.715370	-0.374493
60113	9.072168	-1.654972	-2.852406	0.033071	-0.168246	0.082204	-0.341793	-0.201076	0.918012	-0.732241	0.669282	-0.126032	-0.589067	-0.715283	-0.375992
60114	9.234634	-1.615439	-2.766262	0.012316	-0.178988	0.090768	-0.343473	-0.201770	0.917232	-0.732008	0.669380	-0.126864	-0.588380	-0.714996	-0.377611
60115	9.315852	-1.465169	-2.804880	-0.030875	-0.187119	0.098410	-0.345249	-0.202486	0.916408	-0.731527	0.669764	-0.127608	-0.587938	-0.714434	-0.379359
60116	9.345008	-1.264839	-3.184234	-0.103469	-0.203188	0.123548	-0.347308	-0.203130	0.915486	-0.730497	0.670756	-0.128300	-0.588007	-0.713319	-0.381345
60117	9.380780	-1.175698	-3.698077	-0.188954	-0.211358	0.132379	-0.349470	-0.203784	0.914518	-0.728962	0.672339	-0.128744	-0.588630	-0.711641	-0.383513
60118	9.230598	-1.345369	-4.410028	-0.265280	-0.224485	0.141998	-0.351788	-0.204444	0.913481	-0.726906	0.674517	-0.128975	-0.589790	-0.709387	-0.385899
60119	9.073344	-1.525065	-4.748434	-0.306987	-0.232257	0.147720	-0.354193	-0.205121	0.912400	-0.724599	0.676972	-0.129095	-0.591189	-0.706848	-0.388409
60120	8.795430	-1.822255	-4.800963	-0.328433	-0.241486	0.135042	-0.356561	-0.205931	0.911294	-0.722181	0.679569	-0.129000	-0.592722	-0.704115	-0.391027
60121	8.855387	-2.074769	-4.629266	-0.301860	-0.246829	0.117878	-0.358838	-0.206881	0.910184	-0.719972	0.681938	-0.128846	-0.594033	-0.701542	-0.393654
60122	8.967028	-2.329458	-4.181556	-0.260154	-0.258062	0.104810	-0.361088	-0.207995	0.909040	-0.718054	0.683980	-0.128725	-0.594991	-0.699221	-0.396328
60123	9.198214	-2.252007	-3.541662	-0.219379	-0.268386	0.088044	-0.363282	-0.209297	0.907866	-0.716457	0.685673	-0.128617	-0.595580	-0.697171	-0.399045
60124	9.300769	-2.032664	-2.876628	-0.203692	-0.275768	0.089170	-0.365526	-0.210627	0.906657	-0.714924	0.687281	-0.128564	-0.596049	-0.695184	-0.401801
60125	9.324577	-1.647558	-2.136889	-0.195779	-0.298487	0.089202	-0.367909	-0.212113	0.905346	-0.713452	0.688813	-0.128547	-0.596347	-0.693214	-0.404752
60126	9.384661	-1.511763	-1.716428	-0.226077	-0.315480	0.085843	-0.370365	-0.213727	0.903964	-0.711792	0.690562	-0.128358	-0.596810	-0.690974	-0.407889
60127	9.547686	-1.183981	-1.530717	-0.238391	-0.345100	0.075461	-0.372927	-0.215607	0.902463	-0.710102	0.692362	-0.128025	-0.597228	-0.688584	-0.411303
60128	9.483885	-0.864436	-1.477485	-0.275525	-0.369327	0.075315	-0.375630	-0.217646	0.900851	-0.708180	0.694421	-0.127519	-0.597815	-0.685865	-0.414978
60129	9.422813	-0.653541	-1.562074	-0.310211	-0.418693	0.077682	-0.378652	-0.219987	0.899015	-0.706038	0.696714	-0.126889	-0.598442	-0.682785	-0.419131
60130	9.219161	-0.736416	-2.253111	-0.397109	-0.441463	0.055351	-0.381649	-0.222630	0.897095	-0.703455	0.699542	-0.125666	-0.599579	-0.679027	-0.423590
60131	9.428273	-1.223263	-2.897705	-0.404428	-0.481007	0.038035	-0.384764	-0.225655	0.895006	-0.700920	0.702334	-0.124249	-0.600556	-0.675135	-0.428399
60132	9.412838	-1.738064	-4.239458	-0.472336	-0.501924	0.026935	-0.387933	-0.228866	0.892820	-0.697983	0.705575	-0.122408	-0.601937	-0.670660	-0.433461
60133	9.343576	-1.389722	-5.336983	-0.433430	-0.513848	0.035795	-0.391236	-0.232082	0.890546	-0.695266	0.708528	-0.120799	-0.602942	-0.666428	-0.438560
60134	9.110613	-0.983257	-6.173629	-0.493815	-0.489872	0.050318	-0.394505	-0.235002	0.888335	-0.692095	0.711926	-0.119022	-0.604459	-0.661767	-0.443502
60135	8.630320	-1.034613	-6.639770	-0.575044	-0.467689	0.048319	-0.397634	-0.237771	0.886201	-0.688451	0.715808	-0.116851	-0.606566	-0.656570	-0.448323
60136	8.588717	-1.577245	-6.601963	-0.614979	-0.432242	0.029001	-0.400423	-0.240413	0.884230	-0.684605	0.719899	-0.114290	-0.609079	-0.651113	-0.452852
60137	8.725964	-2.045103	-6.150734	-0.573973	-0.417108	-0.002660	-0.402918	-0.243170	0.882341	-0.681143	0.723591	-0.111623	-0.611311	-0.645975	-0.457182
60138	8.533538	-1.901093	-5.185279	-0.496863	-0.414673	-0.034921	-0.405183	-0.246118	0.880485	-0.678250	0.726704	-0.108986	-0.613028	-0.641348	-0.461377
60139	8.467499	-2.411523	-4.141946	-0.439511	-0.407779	-0.075842	-0.407140	-0.249307	0.878682	-0.675887	0.729306	-0.106250	-0.614339	-0.637149	-0.465434
60140	8.816704	-2.780706	-2.856152	-0.327345	-0.405034	-0.104262	-0.408890	-0.252667	0.876908	-0.674308	0.731124	-0.103758	-0.614912	-0.633733	-0.469325
60141	9.237299	-2.074626	-1.882766	-0.217606	-0.454145	-0.147558	-0.410657	-0.256649	0.874924	-0.673603	0.732103	-0.101410	-0.614508	-0.630996	-0.473523
60142	9.052524	-1.321245	-1.199617	-0.200768	-0.514025	-0.185987	-0.412525	-0.261273	0.872674	-0.673143	0.732885	-0.098783	-0.613760	-0.628185	-0.478207
60143	10.387483	-0.776744	-0.663951	-0.061297	-0.629537	-0.176846	-0.415161	-0.266557	0.869821	-0.673544	0.732765	-0.096922	-0.611539	-0.626101	-0.483753
60144	10.550111	-0.108574	-0.434318	-0.139858	-0.688798	-0.158483	-0.418263	-0.272047	0.866629	-0.673358	0.733211	-0.094819	-0.609627	-0.623211	-0.489860
60145	10.893279	1.068039	-0.378877	-0.110653	-0.772770	-0.118432	-0.422138	-0.277748	0.862935	-0.673209	0.733552	-0.093222	-0.607116	-0.620288	-0.496642
60146	11.310428	2.097543	-0.517233	-0.171094	-0.821477	-0.073838	-0.426582	-0.283396	0.858903	-0.672494	0.734401	-0.091684	-0.604797	-0.616718	-0.503865
60147	11.562993	2.813712	-0.683854	-0.219365	-0.844190	-0.035008	-0.431403	-0.288882	0.854657	-0.671365	0.735613	-0.090239	-0.602628	-0.612716	-0.511291
60148	9.450268	1.694802	-0.967535	-0.413576	-0.871693	0.054438	-0.436980	-0.293824	0.850127	-0.668648	0.738291	-0.088526	-0.601630	-0.607120	-0.519083
60149	13.995580	4.601945	-0.131370	0.051235	-1.088383	0.110017	-0.444197	-0.299639	0.844337	-0.668507	0.738277	-0.089695	-0.596479	-0.604288	-0.528251
60150	13.066823	5.221113	-0.798667	-0.420073	-0.869723	0.067525	-0.449795	-0.304396	0.839659	-0.665712	0.741004	-0.087982	-0.595410	-0.598545	-0.535940
60151	11.407349	4.560962	-2.299757	-0.528218	-0.831835	0.030319	-0.454905	-0.309152	0.835157	-0.662461	0.744219	-0.085349	-0.595153	-0.592084	-0.543350
60152	10.649484	4.062208	-2.718523	-0.432318	-0.870779	-0.001956	-0.460034	-0.314323	0.830403	-0.659909	0.746756	-0.082921	-0.594044	-0.586138	-0.550957
60153	10.141246	3.600104	-3.074468	-0.318448	-0.885263	-0.036263	-0.465008	-0.319791	0.825531	-0.658216	0.748478	-0.080820	-0.592046	-0.580960	-0.558540
60154	10.343976	3.499971	-2.823171	-0.140098	-0.921196	-0.072705	-0.469933	-0.325695	0.820418	-0.657740	0.749050	-0.079388	-0.588678	-0.576929	-0.566226
60155	10.173082	3.106734	-2.262898	-0.185948	-0.936681	-0.114603	-0.474629	-0.331974	0.815181	-0.657224	0.749716	-0.077347	-0.585478	-0.572468	-0.574018
60156	9.313297	1.660869	-3.117164	-0.196314	-0.981187	-0.153547	-0.479313	-0.338746	0.809636	-0.656821	0.750315	-0.074919	-0.582104	-0.567696	-0.582131
60157	8.981010	-0.300176	-5.219008	-0.169518	-1.001895	-0.171804	-0.483953	-0.345729	0.803904	-0.656690	0.750668	-0.072496	-0.578401	-0.563000	-0.590325
60158	8.785430	-1.555067	-6.414128	0.127682	-0.883129	-0.154615	-0.487987	-0.351878	0.798781	-0.658188	0.749405	-0.071970	-0.573286	-0.560868	-0.597302
60159	8.651162	-3.009324	-7.554305	-0.056802	-0.717006	-0.128776	-0.491187	-0.356881	0.794589	-0.658517	0.749251	-0.070554	-0.570167	-0.557905	-0.603035
60160	8.541243	-4.022086	-7.788749	0.062069	-0.636124	-0.111059	-0.494036	-0.361283	0.790824	-0.659429	0.748500	-0.070005	-0.566641	-0.556077	-0.608026
60161	8.251109	-4.721342	-6.812865	0.051598	-0.599450	-0.112492	-0.496630	-0.365477	0.787265	-0.660299	0.747791	-0.069385	-0.563351	-0.554289	-0.612699
60162	7.932638	-5.507452	-5.718320	0.135381	-0.642014	-0.141066	-0.499266	-0.370112	0.783423	-0.661774	0.746515	-0.069065	-0.559275	-0.552930	-0.617640
60163	7.453794	-6.713713	-5.488880	0.155703	-0.577669	-0.225813	-0.500936	-0.375012	0.780019	-0.663796	0.744796	-0.068220	-0.555371	-0.551947	-0.622027
60164	6.697904	-7.706371	-6.945893	0.291828	-0.413791	-0.328359	-0.501006	-0.379764	0.777671	-0.667069	0.741938	-0.067437	-0.551373	-0.552546	-0.625044
60165	5.403151	-8.028954	-7.609274	0.519488	-0.296893	-0.420917	-0.499764	-0.384549	0.776118	-0.672058	0.737427	-0.067378	-0.546420	-0.555269	-0.626978
60166	4.570159	-7.724268	-8.275321	0.706195	-0.203371	-0.489074	-0.497531	-0.389301	0.775182	-0.678348	0.731590	-0.067971	-0.540655	-0.559661	-0.628070
60167	3.807383	-6.694144	-8.447934	0.856261	-0.165638	-0.526518	-0.494775	-0.394095	0.774523	-0.685598	0.724681	-0.069234	-0.533998	-0.565267	-0.628745
60168	3.346131	-5.476204	-8.079396	0.890025	-0.193258	-0.531121	-0.492103	-0.399049	0.773689	-0.692953	0.717510	-0.070678	-0.526926	-0.570911	-0.629611
60169	3.610457	-4.672960	-8.261700	0.826827	-0.258534	-0.498368	-0.489931	-0.404121	0.772434	-0.699768	0.710732	-0.072001	-0.519897	-0.575800	-0.631000
