// General information: 
//  MT Manager version: 2022.2.0 
//  XDA version: 2022.2.0 build 7381 rev 124627 built on 2023-07-19
// Device information: 
//  DeviceId: 00B4CBA7
//  ProductCode: MTW2-3A7G6
//  Firmware Version: 4.6.0
//  Hardware Version: 2.0.0
// Device settings: 
//  Filter Profile: human(46.1)
//  Option Flags: Orientation Smoother Disabled, Position/Velocity Smoother Disabled, Continuous Zero Rotation Update Disabled, AHS Disabled, ICC Disabled
// Coordinate system: ENU
PacketCounter	Acc_X	Acc_Y	Acc_Z	Gyr_X	Gyr_Y	Gyr_Z	Mat[1][1]	Mat[2][1]	Mat[3][1]	Mat[1][2]	Mat[2][2]	Mat[3][2]	Mat[1][3]	Mat[2][3]	Mat[3][3]
61618	9.682766	-0.367949	-0.594316	0.557104	0.275297	-0.033753	-0.154844	-0.100737	0.982790	-0.524889	0.851158	0.004545	-0.836967	-0.515152	-0.184673
61619	9.534808	0.232633	-0.342052	0.605925	0.250795	-0.019099	-0.152629	-0.099630	0.983249	-0.529989	0.847996	0.003655	-0.834156	-0.520553	-0.182232
61620	9.356107	0.391197	-0.337434	0.559810	0.223370	-0.008616	-0.150689	-0.098564	0.983655	-0.534668	0.845058	0.002769	-0.831519	-0.525512	-0.180040
61621	9.350591	0.341904	-0.457878	0.460936	0.151318	-0.006316	-0.149376	-0.097846	0.983927	-0.538510	0.842617	0.002039	-0.829273	-0.529550	-0.178558
61622	9.362937	0.230536	-0.509823	0.319408	0.089249	-0.004785	-0.148576	-0.097442	0.984089	-0.541166	0.840914	0.001561	-0.827686	-0.532323	-0.177672
61623	9.486369	-0.206811	-0.765872	0.181366	0.012317	0.006386	-0.148484	-0.097348	0.984112	-0.542661	0.839951	0.001210	-0.826724	-0.533859	-0.177547
61624	9.627784	-0.603220	-1.253091	0.107015	-0.030531	0.011168	-0.148763	-0.097446	0.984060	-0.543531	0.839388	0.000953	-0.826101	-0.534726	-0.177835
61625	9.732965	-0.877995	-1.891592	0.041323	-0.054322	0.006812	-0.149228	-0.097703	0.983964	-0.543869	0.839170	0.000842	-0.825795	-0.535022	-0.178365
61626	9.809498	-1.076716	-2.399807	0.007056	-0.064822	-0.009336	-0.149678	-0.098157	0.983850	-0.543944	0.839121	0.000964	-0.825664	-0.535015	-0.178990
61627	9.821208	-1.093193	-2.681603	0.005030	-0.069249	-0.033922	-0.150045	-0.098835	0.983727	-0.544048	0.839053	0.001317	-0.825529	-0.534997	-0.179666
61628	9.870191	-0.766516	-2.724165	0.041604	-0.056222	-0.063233	-0.150130	-0.099695	0.983627	-0.544489	0.838766	0.001908	-0.825223	-0.535288	-0.180207
61629	9.737761	-0.285411	-2.628238	0.045054	-0.039001	-0.078057	-0.150013	-0.100581	0.983555	-0.544998	0.838434	0.002617	-0.824908	-0.535642	-0.180592
61630	9.341032	0.408181	-1.846145	-0.097632	-0.007114	-0.139662	-0.149276	-0.101819	0.983539	-0.544404	0.838813	0.004210	-0.825434	-0.534814	-0.180645
61631	9.556294	-0.849429	-2.014618	-0.087014	-0.066664	-0.141541	-0.149038	-0.103389	0.983412	-0.543924	0.839114	0.005786	-0.825793	-0.534039	-0.181296
61632	9.470152	-0.181191	-1.012970	0.052541	-0.089639	-0.128778	-0.149042	-0.104977	0.983243	-0.544553	0.838697	0.007000	-0.825378	-0.534384	-0.182167
61633	9.147146	0.038478	-0.065218	0.105293	-0.149761	-0.114825	-0.149630	-0.106763	0.982961	-0.545610	0.838001	0.007964	-0.824573	-0.535122	-0.183641
61634	9.022904	0.203416	0.975238	0.158893	-0.230999	-0.098364	-0.150961	-0.108853	0.982528	-0.547071	0.837042	0.008680	-0.823362	-0.536202	-0.185911
61635	9.129912	0.244553	1.783868	0.211072	-0.307472	-0.085457	-0.153005	-0.111237	0.981945	-0.548951	0.835805	0.009145	-0.821731	-0.537640	-0.188946
61636	9.031190	-0.151710	2.537143	0.189357	-0.431224	-0.073769	-0.156105	-0.114203	0.981116	-0.550622	0.834700	0.009550	-0.820028	-0.538734	-0.193183
61637	8.982703	-0.509558	3.330550	0.250848	-0.595162	-0.067004	-0.160582	-0.117990	0.979945	-0.552824	0.833241	0.009736	-0.817679	-0.540174	-0.199031
61638	9.040694	-0.059368	3.931934	0.395592	-0.747487	-0.059469	-0.166316	-0.122560	0.978426	-0.556153	0.831025	0.009559	-0.814268	-0.542565	-0.206375
61639	9.143130	0.521391	3.933167	0.417150	-0.925539	-0.039977	-0.173587	-0.127932	0.976474	-0.559646	0.828682	0.009081	-0.810348	-0.544903	-0.215445
61640	9.439414	1.153687	2.750600	0.434440	-1.034233	-0.004892	-0.181883	-0.133648	0.974195	-0.563170	0.826300	0.008214	-0.806076	-0.547144	-0.225557
61641	9.550351	1.318695	0.569168	0.280521	-1.090408	0.032321	-0.190797	-0.139358	0.971687	-0.565420	0.824771	0.007263	-0.802431	-0.548026	-0.236160
61642	9.598822	1.077921	-2.046906	0.026939	-1.082877	0.061598	-0.199788	-0.144805	0.969080	-0.565521	0.824707	0.006643	-0.800169	-0.546708	-0.246657
61643	9.349722	0.793206	-4.198090	-0.253490	-1.060634	0.096133	-0.208773	-0.149802	0.966423	-0.563362	0.826186	0.006363	-0.799398	-0.543117	-0.256878
61644	9.069953	-0.285075	-5.579209	-0.587404	-1.061324	0.087159	-0.217717	-0.154839	0.963652	-0.558483	0.829485	0.007104	-0.800435	-0.536637	-0.267068
61645	9.559158	-1.361541	-6.775129	-0.664360	-1.026891	0.018736	-0.226019	-0.160168	0.960865	-0.553165	0.833026	0.008741	-0.801825	-0.529541	-0.276879
61646	10.098460	-1.557527	-7.430477	-0.677663	-0.908103	-0.051352	-0.232991	-0.165402	0.958310	-0.547850	0.836502	0.011181	-0.803477	-0.522405	-0.285513
61647	10.355038	-1.963242	-7.743426	-0.738582	-0.807108	-0.096216	-0.238934	-0.170410	0.955966	-0.542180	0.840142	0.014251	-0.805576	-0.514900	-0.293131
61648	10.499402	-2.309079	-7.460518	-0.616993	-0.697416	-0.155495	-0.243684	-0.175316	0.953878	-0.537587	0.843025	0.017607	-0.807229	-0.508501	-0.299679
61649	10.552410	-1.605249	-6.400858	-0.305837	-0.568929	-0.241412	-0.246968	-0.180248	0.952112	-0.535743	0.844124	0.020838	-0.807456	-0.504941	-0.305039
61650	10.579348	-1.019455	-5.085569	-0.076593	-0.447564	-0.299974	-0.248939	-0.185066	0.950673	-0.535876	0.843956	0.023969	-0.806763	-0.503476	-0.309266
61651	10.991223	-0.309176	-3.760522	0.085390	-0.346068	-0.362321	-0.249763	-0.189880	0.949507	-0.537509	0.842821	0.027156	-0.805421	-0.503586	-0.312567
61652	11.198393	0.260716	-2.227342	0.266548	-0.249037	-0.398581	-0.249583	-0.194521	0.948615	-0.540656	0.840704	0.030145	-0.803368	-0.505350	-0.314994
61653	10.787887	0.248467	-1.381072	0.308704	-0.233696	-0.408290	-0.249237	-0.199142	0.947747	-0.544183	0.838316	0.033040	-0.801091	-0.507513	-0.317309
61654	10.514808	0.526021	-0.511668	0.376286	-0.257345	-0.399216	-0.249080	-0.203822	0.946792	-0.548195	0.835590	0.035665	-0.798400	-0.510143	-0.319863
61655	10.022514	0.887170	0.282040	0.426493	-0.314398	-0.370987	-0.249523	-0.208528	0.945650	-0.552547	0.832624	0.037807	-0.795255	-0.513082	-0.322981
61656	9.470559	1.184824	1.009248	0.392555	-0.418835	-0.318450	-0.251047	-0.213358	0.944168	-0.556467	0.829926	0.039582	-0.792035	-0.515461	-0.327077
61657	9.105765	1.464538	1.465224	0.340621	-0.579519	-0.263746	-0.254126	-0.218546	0.942156	-0.559879	0.827562	0.040949	-0.788642	-0.517086	-0.332665
61658	9.171386	1.458127	1.919316	0.287282	-0.735107	-0.214723	-0.258671	-0.224153	0.939598	-0.562698	0.825593	0.042045	-0.785150	-0.517834	-0.339687
61659	9.179347	1.478606	1.808054	0.268559	-0.855992	-0.178335	-0.264346	-0.230056	0.936587	-0.565308	0.823769	0.042789	-0.781375	-0.518149	-0.347813
61660	9.118832	1.663519	1.488211	0.175251	-0.996341	-0.126528	-0.271362	-0.236284	0.933023	-0.567022	0.822559	0.043396	-0.777720	-0.517269	-0.357189
61661	9.249376	1.684652	0.864348	0.036317	-1.138044	-0.072810	-0.279746	-0.242757	0.928877	-0.567560	0.822159	0.043937	-0.774350	-0.514902	-0.367774
61662	9.628620	1.578443	0.235137	-0.149948	-1.234985	-0.026610	-0.289107	-0.249336	0.924256	-0.566486	0.822854	0.044785	-0.771694	-0.510630	-0.379138
61663	10.155567	1.420705	-0.360638	-0.340419	-1.296732	0.035874	-0.299263	-0.255630	0.919291	-0.563826	0.824625	0.045760	-0.769767	-0.504626	-0.390910
61664	10.364179	1.179430	-1.051524	-0.487469	-1.302180	0.078250	-0.309684	-0.261535	0.914164	-0.559849	0.827260	0.047017	-0.768547	-0.497233	-0.402609
61665	10.441364	0.971089	-1.975676	-0.628227	-1.305973	0.116781	-0.320321	-0.267015	0.908899	-0.554735	0.830612	0.048512	-0.767896	-0.488658	-0.414185
61666	10.527554	0.688396	-2.675401	-0.765742	-1.319326	0.162288	-0.331313	-0.272075	0.903442	-0.548337	0.834743	0.050298	-0.767827	-0.478726	-0.425750
61667	10.544263	0.615132	-3.382240	-0.788415	-1.319967	0.189368	-0.342426	-0.276756	0.897859	-0.541731	0.838943	0.051990	-0.767641	-0.468595	-0.437203
61668	10.412282	0.307463	-4.017914	-0.709009	-1.407204	0.272754	-0.354656	-0.281016	0.891767	-0.535353	0.842980	0.052732	-0.766561	-0.458709	-0.449411
61669	10.456040	0.659762	-4.181764	-0.740166	-1.368713	0.303102	-0.366698	-0.284675	0.885716	-0.528672	0.847145	0.053401	-0.765531	-0.448672	-0.461146
61670	10.127606	0.553453	-4.775031	-0.850859	-1.287403	0.287100	-0.378026	-0.287972	0.879868	-0.521104	0.851727	0.054875	-0.765210	-0.437759	-0.472039
61671	9.675655	0.301659	-4.822231	-0.784190	-1.303375	0.318894	-0.389582	-0.290906	0.873842	-0.513973	0.855988	0.055819	-0.764237	-0.427385	-0.482995
61672	9.753039	0.296142	-4.858065	-0.738656	-1.262791	0.310161	-0.400777	-0.293609	0.867855	-0.507121	0.860004	0.056764	-0.763025	-0.417358	-0.493565
61673	9.514410	0.120181	-5.080997	-0.693719	-1.181243	0.273801	-0.411098	-0.296145	0.862147	-0.500814	0.863620	0.057848	-0.761698	-0.407994	-0.503346
61674	9.417223	-0.969609	-5.030464	-0.650442	-1.106905	0.236100	-0.420666	-0.298600	0.856667	-0.494897	0.866935	0.059161	-0.760340	-0.399075	-0.512466
61675	9.419272	-3.213337	-5.560597	-0.319878	-0.957871	0.160318	-0.428662	-0.301029	0.851839	-0.491887	0.868628	0.059435	-0.757823	-0.393531	-0.520420
61676	9.539895	-4.875369	-6.140900	0.459865	-0.742704	0.105689	-0.434760	-0.303073	0.848016	-0.494919	0.867122	0.056166	-0.752356	-0.395280	-0.526987
61677	9.477108	-5.156909	-6.127119	1.464408	-0.503245	0.114124	-0.439024	-0.304128	0.845437	-0.505481	0.861533	0.047428	-0.742796	-0.406531	-0.531965
61678	9.445082	-4.098208	-6.036726	2.348979	-0.264345	0.179961	-0.441863	-0.303717	0.844105	-0.521999	0.852292	0.033412	-0.729571	-0.425858	-0.535136
61679	9.081048	-2.428195	-5.560798	2.900672	-0.011639	0.250529	-0.443206	-0.301670	0.844135	-0.541956	0.840260	0.015736	-0.714039	-0.450510	-0.535900
61680	8.218960	-0.419453	-4.756895	3.021143	0.252097	0.273711	-0.442903	-0.298249	0.845508	-0.562099	0.827066	-0.002701	-0.698485	-0.476456	-0.533955
61681	7.595055	1.079012	-4.131026	2.671753	0.501683	0.240618	-0.440730	-0.293844	0.848182	-0.579652	0.814643	-0.018973	-0.685391	-0.500012	-0.529365
61682	7.602791	1.763418	-3.836185	2.086903	0.743695	0.167195	-0.436612	-0.288728	0.852060	-0.593146	0.804485	-0.031332	-0.676423	-0.519076	-0.522506
61683	7.508411	2.020321	-3.934341	1.466104	1.003024	0.081495	-0.430262	-0.282812	0.857258	-0.602799	0.796908	-0.039645	-0.671944	-0.533812	-0.513358
61684	7.435189	1.942997	-4.069218	0.793052	1.215201	-0.010781	-0.421994	-0.276378	0.863444	-0.608191	0.792596	-0.043543	-0.672328	-0.543514	-0.502561
61685	7.501187	1.371398	-4.498023	0.244808	1.432246	-0.098984	-0.411657	-0.269349	0.870626	-0.610368	0.790899	-0.043917	-0.676749	-0.549481	-0.489981
61686	7.683391	0.552942	-4.792606	-0.173651	1.627743	-0.159678	-0.399569	-0.261670	0.878563	-0.609849	0.791422	-0.041643	-0.684418	-0.552431	-0.475807
61687	7.809089	-0.197054	-5.016982	-0.324460	1.834506	-0.194691	-0.385674	-0.253067	0.887250	-0.608486	0.792634	-0.038419	-0.693542	-0.554696	-0.459686
61688	8.024289	-0.781478	-5.106825	-0.288834	2.007575	-0.216563	-0.370304	-0.243647	0.896388	-0.607301	0.793694	-0.035147	-0.702894	-0.557392	-0.441875
61689	8.285026	-1.082086	-5.138415	-0.117151	2.185620	-0.235465	-0.353351	-0.233292	0.905935	-0.607428	0.793708	-0.032530	-0.711459	-0.561785	-0.422166
61690	8.380834	-1.138953	-5.129325	0.128635	2.342830	-0.255796	-0.335005	-0.222109	0.915663	-0.609241	0.792391	-0.030690	-0.718747	-0.568141	-0.400773
61691	8.485668	-1.083190	-4.944327	0.424532	2.474470	-0.296927	-0.315275	-0.210290	0.925408	-0.613370	0.789240	-0.029620	-0.724140	-0.576956	-0.377813
61692	8.585166	-1.026357	-4.638324	0.682481	2.590326	-0.365965	-0.294176	-0.198111	0.934993	-0.619451	0.784511	-0.028671	-0.727833	-0.587617	-0.353504
61693	8.934357	-1.032540	-4.305726	0.988394	2.685135	-0.435754	-0.271836	-0.185556	0.944285	-0.627982	0.777726	-0.027953	-0.729208	-0.600592	-0.327939
61694	9.225526	-0.788095	-3.758806	1.270262	2.753797	-0.504560	-0.248532	-0.172739	0.953096	-0.638562	0.769093	-0.027123	-0.728334	-0.615352	-0.301449
61695	9.604545	-0.477403	-3.199655	1.490300	2.793099	-0.575039	-0.224467	-0.159706	0.961306	-0.650845	0.758768	-0.025916	-0.725269	-0.631478	-0.274262
61696	10.001836	-0.078345	-2.716103	1.652252	2.808304	-0.627377	-0.200003	-0.146483	0.968784	-0.664128	0.747230	-0.024124	-0.720370	-0.648221	-0.246731
61697	10.159044	0.530080	-2.197599	1.735100	2.792940	-0.654571	-0.175526	-0.132973	0.975453	-0.677886	0.734843	-0.021808	-0.713905	-0.665074	-0.219124
61698	10.198068	1.049273	-1.617975	1.721136	2.766212	-0.679297	-0.151187	-0.119323	0.981277	-0.691227	0.722397	-0.018655	-0.706645	-0.681106	-0.191696
61699	10.090053	1.696734	-1.058682	1.613959	2.705209	-0.678888	-0.127384	-0.105535	0.986223	-0.703596	0.710445	-0.014854	-0.699089	-0.695795	-0.164753
61700	10.298041	2.160705	-0.754478	1.448963	2.636067	-0.640416	-0.104468	-0.091559	0.990305	-0.714420	0.699636	-0.010680	-0.691875	-0.708609	-0.138501
61701	10.195484	2.514477	-0.597387	1.162826	2.564628	-0.568035	-0.082666	-0.077171	0.993585	-0.723034	0.690782	-0.006504	-0.685849	-0.718933	-0.112902
61702	10.079501	2.624889	-0.836398	0.797683	2.488396	-0.468648	-0.062206	-0.062433	0.996109	-0.728830	0.684690	-0.002600	-0.681863	-0.726155	-0.088094
61703	9.722039	2.850974	-1.528309	0.386731	2.424463	-0.348174	-0.043100	-0.047125	0.997959	-0.731711	0.681615	0.000586	-0.680251	-0.730192	-0.063859
61704	9.225439	3.093911	-1.686113	-0.108286	2.367909	-0.227286	-0.025269	-0.031400	0.999187	-0.731051	0.682317	0.002954	-0.681855	-0.730382	-0.040197
61705	8.507962	2.816558	-1.484413	-0.671906	2.327842	-0.126422	-0.008366	-0.015282	0.999848	-0.726527	0.687124	0.004424	-0.687087	-0.726379	-0.016851
61706	8.594805	1.985741	-0.858966	-1.238377	2.269277	-0.046363	0.007704	0.000767	0.999970	-0.717960	0.696066	0.004997	-0.696041	-0.717977	0.005913
61707	8.032593	1.854537	-0.635632	-1.577009	2.189790	0.021080	0.022961	0.016537	0.999600	-0.706947	0.707252	0.004538	-0.706894	-0.706768	0.027930
61708	7.024321	0.999160	-1.969252	-2.105734	1.883491	0.124958	0.035575	0.030577	0.998899	-0.691945	0.721946	0.002544	-0.721073	-0.691274	0.046841
61709	6.839869	-0.091704	-2.774608	-2.294681	1.549014	0.138754	0.045957	0.042180	0.998053	-0.675321	0.737523	-0.000074	-0.736090	-0.674003	0.062379
61710	6.349154	-1.437242	-3.413130	-2.186435	1.160863	0.141070	0.053681	0.050936	0.997258	-0.659140	0.752015	-0.002929	-0.750102	-0.657175	0.073943
61711	6.033356	-2.557222	-4.184999	-1.727218	0.729983	0.166250	0.058150	0.056953	0.996682	-0.646217	0.763131	-0.005905	-0.760935	-0.643729	0.081180
61712	5.827394	-2.048373	-3.856938	-0.974954	0.105115	0.170856	0.057893	0.058912	0.996583	-0.638863	0.769275	-0.008362	-0.767139	-0.636196	0.082172
61713	5.587247	-1.951114	-3.847342	-0.491288	-0.740304	0.207592	0.050913	0.055819	0.997142	-0.635227	0.772250	-0.010796	-0.770645	-0.632862	0.074775
61714	11.392948	-2.907289	-3.488838	-0.219524	-1.484134	0.277621	0.037736	0.048555	0.998107	-0.633653	0.773497	-0.013671	-0.772697	-0.631938	0.059956
61715	14.760103	-1.635938	-0.199695	0.875962	-1.283647	0.242781	0.026334	0.042267	0.998759	-0.640502	0.767798	-0.015605	-0.767505	-0.639297	0.047292
61716	14.129278	1.176091	-1.224372	1.293760	-1.315141	0.299266	0.014400	0.036053	0.999246	-0.650438	0.759345	-0.018024	-0.759423	-0.649688	0.034385
61717	11.046607	2.497300	-1.426320	0.552028	-1.182944	0.501343	0.002196	0.032136	0.999481	-0.654685	0.755556	-0.022855	-0.755898	-0.654295	0.022698
61718	9.384530	1.625704	-2.896594	-0.371247	-1.072401	0.525450	-0.009318	0.029086	0.999533	-0.651854	0.757822	-0.028129	-0.758287	-0.651812	0.011899
61719	9.651468	0.248646	-3.851995	-1.266621	-1.094310	0.485171	-0.020769	0.025689	0.999454	-0.642138	0.765877	-0.033029	-0.766307	-0.642474	0.000589
61720	10.096871	-3.831584	-5.364713	-1.162892	-1.079726	0.356266	-0.031315	0.021517	0.999278	-0.633092	0.773216	-0.036489	-0.773443	-0.633777	-0.010591
61721	10.691354	-4.590695	-5.094394	-0.352855	-1.036513	0.238965	-0.040825	0.016793	0.999025	-0.630280	0.775399	-0.038790	-0.775294	-0.631249	-0.021071
61722	10.574765	-2.393570	-3.365702	0.117864	-0.881056	0.214539	-0.048966	0.012866	0.998718	-0.631097	0.774624	-0.040921	-0.774157	-0.632291	-0.029811
61723	10.063956	-0.853274	-2.238565	0.220518	-0.743783	0.204627	-0.055989	0.009721	0.998384	-0.632699	0.773202	-0.043011	-0.772371	-0.634085	-0.037140
61724	9.570773	-0.445432	-1.796541	0.331010	-0.658234	0.176139	-0.062144	0.006876	0.998044	-0.635149	0.771086	-0.044860	-0.769886	-0.636694	-0.043551
61725	9.473985	-0.001365	-0.803960	0.405938	-0.681503	0.177669	-0.068491	0.003873	0.997644	-0.638154	0.768485	-0.046795	-0.766856	-0.639856	-0.050163
61726	9.888990	-0.033141	0.219619	0.335218	-0.695736	0.201683	-0.075069	0.000937	0.997178	-0.640577	0.766333	-0.048943	-0.764216	-0.642443	-0.056928
61727	9.909412	0.177443	0.554360	0.298526	-0.678186	0.223032	-0.081654	-0.001742	0.996659	-0.642682	0.764413	-0.051318	-0.761769	-0.644725	-0.063537
61728	9.610637	0.012200	0.076471	0.187920	-0.701542	0.246453	-0.088539	-0.004410	0.996063	-0.643904	0.763209	-0.053857	-0.759966	-0.646137	-0.070413
61729	9.514708	0.265952	-0.099344	0.113667	-0.745115	0.278405	-0.095968	-0.007124	0.995359	-0.644513	0.762489	-0.056683	-0.758546	-0.646962	-0.077766
61730	9.580629	-0.049676	-0.300303	-0.099111	-0.792753	0.300405	-0.103877	-0.009981	0.994540	-0.643464	0.763157	-0.059549	-0.758395	-0.646137	-0.085697
61731	9.644901	-0.813307	-0.928900	-0.194207	-0.791943	0.301280	-0.111798	-0.012811	0.993648	-0.641669	0.764444	-0.062340	-0.758790	-0.644563	-0.093684
61732	9.764011	-1.156851	-1.653413	-0.246293	-0.761504	0.286077	-0.119374	-0.015546	0.992728	-0.639472	0.766070	-0.064899	-0.759490	-0.642569	-0.101390
61733	9.829340	-1.443931	-2.341382	-0.263537	-0.745018	0.284833	-0.126831	-0.018162	0.991758	-0.637123	0.767808	-0.067418	-0.760255	-0.640423	-0.108953
61734	9.922910	-1.361559	-2.744088	-0.274838	-0.726984	0.271069	-0.134047	-0.020749	0.990758	-0.634683	0.769618	-0.069753	-0.761058	-0.638167	-0.116334
61735	9.971311	-1.431525	-2.977901	-0.317378	-0.687979	0.245648	-0.140821	-0.023259	0.989762	-0.631931	0.771694	-0.071775	-0.762124	-0.635569	-0.123369
61736	9.972093	-1.698686	-3.245010	-0.310735	-0.633379	0.212894	-0.146957	-0.025655	0.988810	-0.629259	0.773717	-0.073446	-0.763175	-0.633011	-0.129847
61737	9.906908	-1.370122	-3.200764	-0.251263	-0.582800	0.183323	-0.152540	-0.027941	0.987902	-0.627067	0.775356	-0.074894	-0.763884	-0.630906	-0.135794
61738	9.806944	-1.016218	-2.892949	-0.240984	-0.551700	0.161223	-0.157728	-0.030189	0.987021	-0.624981	0.776921	-0.076110	-0.764540	-0.628874	-0.141410
61739	9.758677	-0.854166	-2.418962	-0.235640	-0.536997	0.146244	-0.162731	-0.032448	0.986137	-0.622942	0.778451	-0.077183	-0.765154	-0.626866	-0.146891
61740	9.754905	-0.934180	-2.019346	-0.236565	-0.513749	0.133683	-0.167458	-0.034646	0.985270	-0.620916	0.779976	-0.078105	-0.765781	-0.624850	-0.152125
61741	9.724081	-1.182309	-1.696314	-0.229801	-0.508260	0.111434	-0.172026	-0.036972	0.984398	-0.618964	0.781455	-0.078816	-0.766349	-0.622866	-0.157315
61742	9.762128	-1.587361	-1.430586	-0.179089	-0.513102	0.091613	-0.176488	-0.039472	0.983511	-0.617437	0.782604	-0.079389	-0.766566	-0.621268	-0.162491
61743	9.448555	-1.487781	-1.181448	-0.098316	-0.491182	0.065889	-0.180644	-0.042030	0.982650	-0.616566	0.783244	-0.079844	-0.766299	-0.620292	-0.167402
61744	9.596541	-1.207064	-0.973654	-0.089711	-0.494515	0.044737	-0.184671	-0.044768	0.981780	-0.615803	0.783819	-0.080090	-0.765953	-0.619373	-0.172317
61745	9.390665	-1.114384	-1.011539	-0.090305	-0.502200	0.041185	-0.188754	-0.047577	0.980871	-0.615036	0.784398	-0.080308	-0.765573	-0.618430	-0.177320
61746	9.414751	-1.029756	-0.916151	-0.046256	-0.512372	0.034281	-0.192849	-0.050499	0.979928	-0.614623	0.784700	-0.080519	-0.764884	-0.617815	-0.182367
61747	9.251718	-0.684620	-0.608691	-0.009336	-0.530316	0.040668	-0.197136	-0.053478	0.978916	-0.614478	0.784778	-0.080872	-0.763907	-0.617465	-0.187569
61748	9.167162	-0.429495	-0.197508	-0.023919	-0.568125	0.051924	-0.201755	-0.056601	0.977799	-0.614199	0.784953	-0.081293	-0.762925	-0.616964	-0.193133
61749	9.222728	-0.326348	0.080790	-0.049243	-0.616957	0.065864	-0.206846	-0.059910	0.976538	-0.613697	0.785292	-0.081814	-0.761965	-0.616221	-0.199201
61750	9.310414	-0.299307	-0.121796	-0.091257	-0.629004	0.077112	-0.212073	-0.063201	0.975208	-0.612847	0.785900	-0.082340	-0.761212	-0.615116	-0.205400
61751	9.117231	-0.693287	-0.468593	-0.185348	-0.666323	0.100323	-0.217738	-0.066524	0.973737	-0.611233	0.787097	-0.082905	-0.760910	-0.613232	-0.212043
61752	8.864949	-1.153772	-0.702787	-0.231524	-0.725564	0.110141	-0.223894	-0.070122	0.972088	-0.609236	0.788588	-0.083436	-0.760726	-0.610911	-0.219281
61753	8.884885	-1.805495	-0.894833	-0.224147	-0.776389	0.105505	-0.230419	-0.074042	0.970270	-0.607307	0.790021	-0.083936	-0.760319	-0.608592	-0.227002
61754	9.136022	-1.986207	-1.120385	-0.123916	-0.806806	0.093524	-0.237080	-0.078231	0.968335	-0.606155	0.790843	-0.084515	-0.759190	-0.606998	-0.234914
61755	9.197965	-1.740795	-1.431546	-0.016299	-0.830510	0.088865	-0.243894	-0.082584	0.966279	-0.605839	0.791000	-0.085314	-0.757281	-0.606217	-0.242952
61756	8.984678	-1.430766	-1.448332	0.019870	-0.867797	0.093611	-0.250987	-0.087126	0.964062	-0.605767	0.790956	-0.086225	-0.755018	-0.605638	-0.251298
61757	9.305277	-1.755503	-2.052206	0.057542	-0.911035	0.079215	-0.258310	-0.092032	0.961668	-0.606024	0.790661	-0.087116	-0.752336	-0.605297	-0.260009
61758	9.365270	-1.178055	-2.444410	0.163913	-0.906182	0.077918	-0.265549	-0.096928	0.959213	-0.607060	0.789740	-0.088256	-0.748974	-0.605736	-0.268556
61759	9.423757	-1.003667	-3.002969	0.108516	-0.939247	0.092198	-0.273106	-0.101904	0.956571	-0.607651	0.789154	-0.089418	-0.745770	-0.605682	-0.277445
61760	9.576823	-0.784695	-3.439966	0.070285	-0.937570	0.091654	-0.280605	-0.106883	0.953854	-0.607931	0.788821	-0.090451	-0.742752	-0.605258	-0.286324
61761	9.718156	-0.951462	-4.061639	0.028434	-0.928044	0.070232	-0.287889	-0.111959	0.951097	-0.607970	0.788707	-0.091184	-0.739928	-0.604489	-0.295127
61762	9.820219	-0.878545	-4.474801	0.049033	-0.897026	0.050162	-0.294782	-0.117007	0.948374	-0.608196	0.788464	-0.091767	-0.737022	-0.603849	-0.303588
61763	9.777843	-0.599986	-4.450041	0.037802	-0.874707	0.040788	-0.301442	-0.121982	0.945649	-0.608378	0.788268	-0.092250	-0.734172	-0.603121	-0.311829
61764	9.740160	-0.525962	-4.231206	-0.017821	-0.866169	0.034121	-0.307962	-0.126957	0.942890	-0.608155	0.788414	-0.092476	-0.731647	-0.601902	-0.320011
61765	9.824603	-0.746988	-4.045635	-0.077674	-0.839166	0.027007	-0.314236	-0.131806	0.940150	-0.607525	0.788901	-0.092458	-0.729499	-0.600219	-0.327977
61766	9.690543	-1.071170	-3.673637	-0.135171	-0.828145	0.018429	-0.320346	-0.136647	0.937393	-0.606494	0.789731	-0.092142	-0.727697	-0.598041	-0.335863
61767	10.089606	-1.342431	-3.134369	-0.140575	-0.845452	0.009605	-0.326528	-0.141638	0.934515	-0.605463	0.790569	-0.091733	-0.725806	-0.595767	-0.343899
61768	10.737515	-1.097407	-2.564664	-0.057711	-0.873179	-0.002692	-0.332802	-0.146879	0.931488	-0.605066	0.790904	-0.091467	-0.723283	-0.594052	-0.352086
61769	10.744656	-0.874829	-2.097519	-0.001836	-0.872783	-0.028556	-0.338908	-0.152303	0.928410	-0.605173	0.790856	-0.091175	-0.720352	-0.592749	-0.360197
61770	10.629439	-0.858775	-2.021474	0.027674	-0.936088	-0.032895	-0.345400	-0.158131	0.925037	-0.605497	0.790635	-0.090932	-0.716988	-0.591515	-0.368834
61771	10.803439	-0.595508	-1.880614	0.079455	-0.999451	-0.040879	-0.352274	-0.164380	0.921348	-0.606237	0.790080	-0.090833	-0.713007	-0.590553	-0.377978
61772	10.669083	-0.109572	-1.747225	0.059341	-1.051348	-0.039375	-0.359475	-0.170918	0.917369	-0.606813	0.789658	-0.090658	-0.708912	-0.589260	-0.387577
61773	10.476448	0.307249	-1.292253	-0.078372	-1.130188	-0.026887	-0.367275	-0.177794	0.912961	-0.606390	0.790048	-0.090087	-0.705266	-0.586697	-0.397978
61774	10.376452	0.602815	-0.837567	-0.232400	-1.210712	-0.019493	-0.375642	-0.185052	0.908102	-0.604841	0.791365	-0.088932	-0.702183	-0.582664	-0.409197
61775	10.022534	0.917412	0.007399	-0.401398	-1.310359	-0.011036	-0.384728	-0.192757	0.902679	-0.602108	0.793644	-0.087148	-0.699607	-0.577038	-0.421398
61776	9.820281	0.926686	0.762307	-0.578561	-1.454718	0.001902	-0.394866	-0.201108	0.896458	-0.598074	0.796958	-0.084649	-0.697416	-0.569573	-0.434969
61777	9.991502	0.883921	1.142328	-0.661799	-1.575539	-0.001326	-0.405790	-0.210045	0.889503	-0.593517	0.800665	-0.081694	-0.695034	-0.561086	-0.449567
61778	9.957582	0.843553	1.220944	-0.732112	-1.676295	-0.012095	-0.417313	-0.219495	0.881857	-0.588503	0.804704	-0.078201	-0.692469	-0.551610	-0.464987
61779	10.064739	0.628157	1.076400	-0.786588	-1.787195	-0.006587	-0.429579	-0.229335	0.873423	-0.583151	0.808949	-0.074407	-0.689490	-0.541301	-0.481245
61780	10.244672	0.398142	1.277633	-0.732022	-1.857517	-0.033987	-0.442120	-0.239597	0.864363	-0.578283	0.812786	-0.070490	-0.685652	-0.531011	-0.497903
61781	10.801655	0.384076	1.082384	-0.630980	-1.843269	-0.066405	-0.454280	-0.249861	0.855102	-0.574335	0.815897	-0.066715	-0.681006	-0.521422	-0.514150
61782	10.994819	0.411647	0.659561	-0.622587	-1.784012	-0.064392	-0.465986	-0.259631	0.845842	-0.570424	0.818940	-0.062881	-0.676368	-0.511790	-0.529714
61783	11.057605	0.118682	-0.017025	-0.681359	-1.752137	-0.038919	-0.477515	-0.268855	0.836478	-0.566093	0.822236	-0.058885	-0.671951	-0.501643	-0.544827
61784	11.205852	-0.228503	-1.010011	-0.708856	-1.740897	-0.012628	-0.489071	-0.277627	0.826881	-0.561425	0.825709	-0.054829	-0.667541	-0.491047	-0.559697
61785	11.220747	-0.790121	-2.082805	-0.826558	-1.794139	0.017157	-0.501035	-0.286219	0.816727	-0.555931	0.829706	-0.050278	-0.663253	-0.479235	-0.574830
61786	11.743749	-0.823587	-3.227166	-0.867798	-1.877891	0.057511	-0.513732	-0.294650	0.805768	-0.549924	0.833966	-0.045653	-0.658531	-0.466564	-0.590470
61787	12.639827	-0.950815	-3.887287	-0.751220	-2.100033	0.146153	-0.528212	-0.303130	0.793161	-0.544344	0.837794	-0.042323	-0.651676	-0.454107	-0.607540
61788	13.048232	-1.174364	-5.416174	-0.933853	-1.933624	0.112639	-0.541340	-0.310860	0.781228	-0.537701	0.842304	-0.037429	-0.646396	-0.440329	-0.623123
61789	11.873182	-0.829612	-5.842225	-0.813910	-1.905778	0.077142	-0.553931	-0.318519	0.769224	-0.532156	0.846007	-0.032901	-0.640290	-0.427572	-0.638131
61790	11.144214	-1.191111	-7.560589	-0.917978	-1.879781	0.083948	-0.566327	-0.325745	0.757076	-0.525856	0.850126	-0.027583	-0.634625	-0.413734	-0.652744
61791	10.213541	-1.034054	-7.923926	-0.710504	-1.841717	0.116912	-0.578477	-0.332304	0.744942	-0.520823	0.853333	-0.023785	-0.627780	-0.401742	-0.666705
61792	8.719005	-0.971127	-8.242167	-0.491179	-1.756651	0.158215	-0.590227	-0.337951	0.733090	-0.516858	0.855798	-0.021615	-0.620072	-0.391661	-0.679788
61793	7.978636	-0.942895	-7.999952	-0.294696	-1.629591	0.210145	-0.601261	-0.342519	0.721918	-0.513915	0.857581	-0.021137	-0.611863	-0.383713	-0.691655
61794	6.825286	-0.479299	-8.517593	-0.189085	-1.319010	0.246946	-0.610521	-0.345451	0.712691	-0.511293	0.859136	-0.021560	-0.604850	-0.377557	-0.701147
61795	6.480106	-0.056223	-8.282206	-0.311260	-1.134037	0.249578	-0.618535	-0.347603	0.704689	-0.508009	0.861092	-0.021149	-0.599451	-0.371070	-0.709201
61796	6.727943	-1.899428	-8.302079	-0.455100	-0.866544	0.161943	-0.624506	-0.349423	0.698495	-0.504307	0.863315	-0.019013	-0.596378	-0.364129	-0.715362
61797	6.906291	-4.566642	-8.357207	0.183883	-0.544679	0.134813	-0.628338	-0.350298	0.694610	-0.504679	0.863045	-0.021287	-0.592022	-0.363930	-0.719072
61798	8.348342	-3.741368	-6.366107	1.295925	-0.069430	0.146011	-0.629459	-0.349328	0.694083	-0.511413	0.858754	-0.031590	-0.585011	-0.374848	-0.719201
61799	9.457738	-1.988731	-5.234842	1.944988	0.544817	0.197342	-0.627221	-0.345605	0.697962	-0.521622	0.851885	-0.046932	-0.578364	-0.393509	-0.714595
61800	8.403917	-0.311402	-5.478172	1.958298	1.100851	0.263073	-0.622227	-0.338959	0.705649	-0.531297	0.844866	-0.062656	-0.574941	-0.413895	-0.705786
61801	7.462520	0.741647	-5.985016	1.572329	1.544677	0.233897	-0.614497	-0.330509	0.716350	-0.539040	0.838904	-0.075345	-0.576046	-0.432441	-0.693661
61802	7.043090	0.967819	-6.227685	1.109119	1.877502	0.145705	-0.604389	-0.321054	0.729135	-0.544596	0.834483	-0.083981	-0.581489	-0.447841	-0.679197
61803	7.318062	0.370870	-6.126745	0.841962	2.151597	0.012194	-0.591766	-0.311216	0.743611	-0.549588	0.830602	-0.089739	-0.589717	-0.461784	-0.662562
61804	7.517461	-0.050497	-5.873029	0.728241	2.448752	-0.135581	-0.576418	-0.300893	0.759741	-0.554736	0.826762	-0.093443	-0.600009	-0.475318	-0.643477
61805	7.266422	-0.011294	-5.652554	0.577905	2.740110	-0.279013	-0.558164	-0.290034	0.777389	-0.559952	0.823064	-0.094970	-0.612296	-0.488309	-0.621810
61806	6.924032	-0.208556	-5.754981	0.336231	3.029183	-0.383406	-0.537205	-0.278247	0.796235	-0.564158	0.820302	-0.093969	-0.627007	-0.499683	-0.597645
61807	6.717113	-0.741042	-5.999756	0.193133	3.276655	-0.478358	-0.513600	-0.265650	0.815871	-0.568022	0.817939	-0.091253	-0.643091	-0.510300	-0.570989
61808	6.678165	-1.234281	-6.187986	0.193262	3.479267	-0.549942	-0.487770	-0.252228	0.835740	-0.572055	0.815508	-0.087751	-0.659419	-0.520892	-0.542069
61809	6.767251	-1.852142	-6.424215	0.353862	3.620287	-0.598110	-0.460101	-0.238045	0.855361	-0.577369	0.812093	-0.084565	-0.674502	-0.532767	-0.511084
61810	6.677896	-1.908035	-6.483596	0.617332	3.785297	-0.683072	-0.430311	-0.223173	0.874658	-0.584633	0.807176	-0.081672	-0.687776	-0.546498	-0.477811
61811	6.705598	-1.707891	-6.370244	0.804235	3.933306	-0.796877	-0.398255	-0.207799	0.893427	-0.593625	0.800920	-0.078332	-0.699287	-0.561557	-0.442325
61812	6.792860	-1.588617	-6.237726	0.997827	4.061906	-0.910113	-0.364166	-0.191940	0.911341	-0.604137	0.793409	-0.074307	-0.708803	-0.577635	-0.404891
61813	6.721464	-1.491706	-6.173389	1.101361	4.166552	-1.021513	-0.328165	-0.175591	0.928157	-0.615626	0.784998	-0.069157	-0.716458	-0.594093	-0.365708
61814	6.919453	-1.488843	-6.246591	1.284537	4.246477	-1.121809	-0.290611	-0.158773	0.943576	-0.628348	0.775373	-0.063055	-0.721612	-0.611218	-0.325096
61815	6.929513	-1.206656	-6.164105	1.419861	4.307400	-1.209261	-0.251718	-0.141369	0.957420	-0.641985	0.764678	-0.055876	-0.724219	-0.628715	-0.283240
61816	7.170582	-1.072071	-6.041045	1.536647	4.389972	-1.301726	-0.211426	-0.123283	0.969588	-0.656142	0.753153	-0.047313	-0.724415	-0.646190	-0.240127
61817	7.408817	-0.679544	-5.661186	1.559063	4.487800	-1.379997	-0.169737	-0.104198	0.979965	-0.670132	0.741307	-0.037250	-0.722573	-0.663029	-0.195653
61818	7.688468	-0.213097	-5.143319	1.387766	4.643930	-1.492438	-0.126099	-0.084068	0.988449	-0.682358	0.730594	-0.024912	-0.720060	-0.677618	-0.149492
61819	7.552950	-0.191788	-5.126528	1.249440	4.693045	-1.545448	-0.081704	-0.063163	0.994653	-0.693003	0.720849	-0.011150	-0.716290	-0.690208	-0.102668
61820	8.348826	0.706584	-4.755039	0.974385	4.662907	-1.548836	-0.037554	-0.041880	0.998417	-0.700890	0.713261	0.003556	-0.712280	-0.699646	-0.056139
61821	8.943720	1.240799	-4.421338	0.573747	4.697667	-1.572771	0.006942	-0.020039	0.999775	-0.705257	0.708695	0.019101	-0.708918	-0.705231	-0.009213
61822	9.487569	1.750411	-3.222445	0.146153	4.629729	-1.534315	0.050582	0.001766	0.998718	-0.705848	0.707523	0.034498	-0.706555	-0.706688	0.037034
61823	11.228941	1.460837	1.241184	-0.175612	4.313646	-1.416668	0.091053	0.022200	0.995599	-0.703639	0.708898	0.048545	-0.704700	-0.704962	0.080168
61824	12.702985	0.373719	1.636665	-0.603655	4.042754	-1.311835	0.128777	0.041240	0.990816	-0.697937	0.713555	0.061011	-0.704486	-0.699384	0.120673
61825	10.886013	1.142574	0.752862	-0.988180	3.471956	-1.057798	0.160649	0.057805	0.985317	-0.689466	0.720916	0.070120	-0.706278	-0.690607	0.155669
61826	9.306967	0.079679	1.245923	-1.444052	2.730659	-0.741794	0.185119	0.071090	0.980141	-0.677939	0.731283	0.075001	-0.711428	-0.678360	0.183569
61827	6.988172	-1.748428	1.560878	-1.251426	2.016980	-0.470849	0.202721	0.081220	0.975862	-0.668122	0.740036	0.077200	-0.715903	-0.667645	0.204286
61828	5.906211	-2.324216	1.933965	-0.512793	1.241878	-0.176987	0.212834	0.088148	0.973104	-0.664072	0.743601	0.077885	-0.716736	-0.662788	0.216800
61829	6.054340	-1.040008	1.781147	-0.035298	0.501833	0.076253	0.215957	0.092065	0.972053	-0.664016	0.743734	0.077081	-0.715852	-0.662105	0.221748
61830	6.526744	0.552058	1.308262	-0.005412	-0.117603	0.282575	0.213276	0.093367	0.972520	-0.664575	0.743512	0.074362	-0.716138	-0.662172	0.220623
61831	6.600039	-0.523974	-0.907712	-0.197998	-0.611805	0.487187	0.205684	0.092970	0.974192	-0.664210	0.744336	0.069203	-0.718692	-0.661303	0.214850
61832	6.611758	-1.910884	-3.707561	-0.067014	-1.075183	0.617412	0.193878	0.090431	0.976849	-0.664953	0.744217	0.063080	-0.721283	-0.661788	0.204420
61833	7.523409	-2.885803	-5.148441	0.339651	-1.424370	0.659068	0.179238	0.085894	0.980049	-0.668664	0.741352	0.057316	-0.721638	-0.665597	0.190313
61834	10.430171	-3.498617	-4.439534	1.170160	-1.495909	0.558212	0.164762	0.079958	0.983087	-0.678030	0.733047	0.054014	-0.716330	-0.675462	0.174993
61835	13.192486	-1.386345	-0.340118	2.360059	-1.104271	0.272900	0.155083	0.074393	0.985096	-0.695228	0.716656	0.055329	-0.701859	-0.693448	0.162861
61836	12.654598	3.402564	0.168421	2.515923	-0.918541	0.116047	0.147934	0.068741	0.986605	-0.712851	0.698897	0.058192	-0.685535	-0.711912	0.152392
61837	12.333265	7.069260	0.740901	1.549331	-0.956063	0.276776	0.139464	0.063809	0.988169	-0.723814	0.687573	0.057756	-0.675753	-0.723306	0.142077
61838	12.120942	5.079975	0.865348	0.063388	-1.057811	0.487036	0.128823	0.059481	0.989882	-0.724890	0.686817	0.053067	-0.676712	-0.724392	0.131595
61839	11.576612	1.420607	-1.299584	-0.292676	-1.181445	0.650895	0.116123	0.055404	0.991688	-0.723710	0.688551	0.046275	-0.680264	-0.723069	0.120053
61840	11.015807	1.135171	-2.486264	-0.023460	-1.324179	0.729727	0.101861	0.050832	0.993499	-0.724341	0.688336	0.039047	-0.681876	-0.723609	0.106934
61841	10.243487	1.671103	-3.070238	0.092751	-1.356532	0.708316	0.087501	0.045867	0.995108	-0.725645	0.687319	0.032126	-0.682483	-0.724906	0.093424
61842	10.075649	1.493553	-2.746399	-0.081900	-1.315290	0.714078	0.073372	0.041224	0.996452	-0.725656	0.687604	0.024986	-0.684134	-0.724915	0.080365
61843	9.807709	0.245634	-2.546011	-0.401042	-1.203383	0.694616	0.060112	0.037277	0.997495	-0.723360	0.690242	0.017797	-0.687850	-0.722618	0.068457
61844	10.166102	-0.824317	-2.796628	-0.612502	-1.141036	0.653774	0.047559	0.033562	0.998304	-0.719481	0.694427	0.010930	-0.692882	-0.718780	0.057173
61845	10.355989	-1.994926	-3.169043	-0.644944	-1.085888	0.599778	0.035730	0.029930	0.998913	-0.715231	0.698873	0.004643	-0.697974	-0.714619	0.046377
61846	10.406583	-2.629179	-2.903322	-0.448971	-1.026540	0.553503	0.024636	0.026467	0.999346	-0.712255	0.701920	-0.001031	-0.701489	-0.711763	0.036144
61847	10.291638	-2.238939	-2.084395	-0.247613	-0.952812	0.520518	0.014261	0.023320	0.999626	-0.710599	0.703569	-0.006276	-0.703452	-0.710244	0.026604
61848	9.778652	-1.601897	-1.114266	-0.188738	-0.853534	0.459316	0.005029	0.020478	0.999778	-0.709314	0.704809	-0.010868	-0.704875	-0.709101	0.018070
61849	9.379879	-1.675716	-0.819372	-0.089472	-0.784901	0.387949	-0.003239	0.017620	0.999840	-0.708669	0.705387	-0.014726	-0.705533	-0.708603	0.010202
61850	9.560271	-1.547971	-0.432626	0.202267	-0.783516	0.346347	-0.011178	0.014484	0.999833	-0.710070	0.703898	-0.018135	-0.704043	-0.710154	0.002416
61851	9.710074	-0.853278	0.188191	0.419622	-0.745701	0.338053	-0.018806	0.011523	0.999757	-0.712951	0.700884	-0.021489	-0.700961	-0.713182	-0.004965
61852	9.553374	-0.139463	0.418328	0.402334	-0.716421	0.342519	-0.026223	0.008780	0.999618	-0.715689	0.697975	-0.024905	-0.697927	-0.716068	-0.012019
61853	9.612302	-0.325846	0.298312	0.301483	-0.716336	0.353325	-0.033730	0.006079	0.999412	-0.717670	0.695802	-0.028453	-0.695566	-0.718208	-0.019107
61854	9.500819	-0.513212	0.051476	0.281354	-0.733366	0.362896	-0.041390	0.003307	0.999138	-0.719489	0.693762	-0.032102	-0.693269	-0.720197	-0.026335
61855	9.503621	-0.007656	0.000991	0.267099	-0.759471	0.376453	-0.049342	0.000414	0.998782	-0.721155	0.691842	-0.035913	-0.691014	-0.722049	-0.033839
61856	9.550402	0.039868	-0.035022	0.175215	-0.793309	0.392986	-0.057613	-0.002621	0.998336	-0.722156	0.690581	-0.039862	-0.689327	-0.723251	-0.041679
61857	9.593651	0.084680	-0.020188	0.119771	-0.814689	0.414913	-0.066204	-0.005678	0.997790	-0.722713	0.689745	-0.044028	-0.687970	-0.724030	-0.049767
61858	9.552602	0.260018	-0.100354	0.017004	-0.838552	0.429959	-0.075037	-0.008802	0.997142	-0.722529	0.689653	-0.048284	-0.687257	-0.724087	-0.058109
61859	9.626392	-0.127529	-0.518931	-0.083270	-0.853950	0.449583	-0.084135	-0.011905	0.996383	-0.721588	0.690315	-0.052683	-0.687191	-0.723411	-0.066670
61860	9.677251	-0.576203	-0.832223	-0.139100	-0.858631	0.452959	-0.093261	-0.015000	0.995529	-0.720233	0.691382	-0.057054	-0.687434	-0.722334	-0.075283
61861	9.638411	-0.752431	-1.116083	-0.154956	-0.871474	0.453327	-0.102498	-0.018177	0.994567	-0.718714	0.692589	-0.061411	-0.687710	-0.721104	-0.084053
61862	9.847808	-0.842833	-1.358709	-0.172959	-0.871780	0.447116	-0.111664	-0.021376	0.993516	-0.717050	0.693923	-0.065661	-0.688020	-0.719732	-0.092814
61863	9.786374	-0.896172	-1.499860	-0.169840	-0.831930	0.431380	-0.120462	-0.024387	0.992418	-0.715370	0.695256	-0.069749	-0.688284	-0.718348	-0.101197
61864	9.651038	-1.059248	-1.520843	-0.185226	-0.828025	0.415465	-0.129091	-0.027455	0.991253	-0.713581	0.696692	-0.073633	-0.688577	-0.716844	-0.109528
61865	9.659763	-1.279647	-1.670706	-0.172710	-0.818549	0.391150	-0.137500	-0.030614	0.990029	-0.711860	0.698057	-0.077281	-0.688730	-0.715388	-0.117776
61866	9.699492	-1.342115	-1.773640	-0.180332	-0.801652	0.364453	-0.145573	-0.033815	0.988769	-0.710107	0.699462	-0.080626	-0.688880	-0.713869	-0.125835
61867	9.661030	-1.583929	-1.737683	-0.191761	-0.795557	0.336459	-0.153426	-0.037156	0.987461	-0.708273	0.700963	-0.083671	-0.689065	-0.712229	-0.133862
61868	9.673214	-1.821559	-1.680497	-0.177555	-0.789974	0.303177	-0.160974	-0.040668	0.986120	-0.706579	0.702343	-0.086377	-0.689082	-0.710676	-0.141794
61869	9.695363	-1.796911	-1.572925	-0.097109	-0.779563	0.270352	-0.168239	-0.044328	0.984749	-0.705456	0.703160	-0.088871	-0.688497	-0.709649	-0.149570
61870	9.580476	-1.615828	-1.444352	-0.038466	-0.773407	0.244679	-0.175245	-0.048112	0.983349	-0.704778	0.703544	-0.091179	-0.687443	-0.709021	-0.157201
61871	9.483303	-1.385146	-1.290792	-0.026016	-0.778310	0.228914	-0.182191	-0.052040	0.981885	-0.704183	0.703854	-0.093359	-0.686245	-0.708436	-0.164881
61872	9.463617	-1.457786	-1.223781	-0.042813	-0.775127	0.216769	-0.188992	-0.056021	0.980379	-0.703494	0.704273	-0.095372	-0.685111	-0.707716	-0.172512
61873	9.483191	-1.540552	-1.475802	-0.028179	-0.768587	0.197997	-0.195632	-0.060084	0.978835	-0.702916	0.704595	-0.097236	-0.683840	-0.707061	-0.180076
61874	9.432207	-1.448758	-1.707479	-0.005779	-0.761664	0.198294	-0.202189	-0.064089	0.977247	-0.702490	0.704757	-0.099124	-0.682369	-0.706548	-0.187516
61875	9.508133	-1.278135	-1.977888	-0.037086	-0.757862	0.191746	-0.208689	-0.068110	0.975607	-0.701840	0.705153	-0.100900	-0.681080	-0.705777	-0.194960
61876	9.465090	-1.256945	-2.276609	-0.047560	-0.740299	0.183036	-0.214972	-0.072059	0.973958	-0.701137	0.705614	-0.102549	-0.679849	-0.704923	-0.202210
61877	9.468546	-1.122397	-2.553442	-0.049939	-0.745076	0.175259	-0.221248	-0.076091	0.972244	-0.700412	0.706102	-0.104127	-0.678581	-0.704010	-0.209519
61878	9.520853	-1.028630	-2.639410	-0.103643	-0.744486	0.167839	-0.227432	-0.080161	0.970489	-0.699342	0.706959	-0.105496	-0.677639	-0.702697	-0.216845
