// General information: 
//  MT Manager version: 2022.2.0 
//  XDA version: 2022.2.0 build 7381 rev 124627 built on 2023-07-19
// Device information: 
//  DeviceId: 00B4CAF0
//  ProductCode: MTW2-3A7G6
//  Firmware Version: 4.6.0
//  Hardware Version: 2.0.0
// Device settings: 
//  Filter Profile: human(46.1)
//  Option Flags: Orientation Smoother Disabled, Position/Velocity Smoother Disabled, Continuous Zero Rotation Update Disabled, AHS Disabled, ICC Disabled
// Coordinate system: ENU
PacketCounter	Acc_X	Acc_Y	Acc_Z	Gyr_X	Gyr_Y	Gyr_Z	Mat[1][1]	Mat[2][1]	Mat[3][1]	Mat[1][2]	Mat[2][2]	Mat[3][2]	Mat[1][3]	Mat[2][3]	Mat[3][3]
60230	4.401514	-1.250319	9.170793	0.004762	0.001003	0.001563	-0.444181	0.787721	0.426847	-0.891179	-0.437493	-0.120001	0.092215	-0.433699	0.896327
60231	4.411186	-1.282096	9.178848	0.006561	0.001373	0.005816	-0.444200	0.787708	0.426852	-0.891167	-0.437521	-0.119989	0.092241	-0.433695	0.896326
60232	4.413250	-1.256936	9.202605	0.000482	0.005212	0.006763	-0.444228	0.787707	0.426824	-0.891158	-0.437526	-0.120038	0.092192	-0.433692	0.896332
60233	4.376991	-1.274751	9.174941	0.005555	0.000432	0.004019	-0.444231	0.787697	0.426840	-0.891154	-0.437536	-0.120027	0.092213	-0.433700	0.896326
60234	4.400404	-1.249594	9.171425	0.003020	0.004299	0.001001	-0.444207	0.787717	0.426827	-0.891168	-0.437507	-0.120029	0.092190	-0.433693	0.896332
60235	4.421224	-1.249623	9.144406	0.003813	0.003728	0.003457	-0.444207	0.787724	0.426814	-0.891169	-0.437504	-0.120031	0.092181	-0.433682	0.896338
60236	4.411769	-1.256167	9.203420	0.005033	0.006180	0.004595	-0.444218	0.787738	0.426779	-0.891166	-0.437511	-0.120033	0.092166	-0.433651	0.896355
60237	4.404699	-1.232978	9.154602	0.003813	0.003728	0.003457	-0.444218	0.787745	0.426766	-0.891166	-0.437509	-0.120035	0.092157	-0.433641	0.896361
60238	4.390346	-1.289755	9.166492	0.005033	0.006181	0.004595	-0.444228	0.787757	0.426732	-0.891163	-0.437517	-0.120034	0.092144	-0.433610	0.896377
60239	4.394635	-1.239003	9.213970	0.008578	0.006207	0.000630	-0.444205	0.787788	0.426700	-0.891172	-0.437513	-0.119981	0.092167	-0.433559	0.896399
60240	4.370550	-1.263414	9.217906	0.003600	0.002217	0.004115	-0.444214	0.787782	0.426702	-0.891168	-0.437517	-0.119994	0.092160	-0.433566	0.896397
60241	4.384905	-1.240412	9.141768	0.005190	0.004027	0.000246	-0.444186	0.787804	0.426690	-0.891182	-0.437495	-0.119970	0.092162	-0.433547	0.896406
60242	4.396951	-1.247084	9.173422	0.003967	0.000099	0.003499	-0.444184	0.787793	0.426711	-0.891182	-0.437493	-0.119976	0.092167	-0.433568	0.896395
60243	4.391025	-1.262817	9.191147	0.003814	0.003729	0.003456	-0.444185	0.787800	0.426698	-0.891183	-0.437491	-0.119978	0.092157	-0.433558	0.896401
60244	4.414327	-1.237638	9.187690	0.005983	0.003456	0.002702	-0.444180	0.787807	0.426690	-0.891184	-0.437492	-0.119963	0.092166	-0.433545	0.896407
60245	4.405666	-1.278294	9.182030	0.006622	0.006516	0.005115	-0.444197	0.787819	0.426650	-0.891175	-0.437515	-0.119947	0.092169	-0.433500	0.896428
60246	4.387213	-1.286700	9.168421	0.008152	0.003184	0.001948	-0.444184	0.787829	0.426645	-0.891179	-0.437518	-0.119909	0.092197	-0.433479	0.896435
60247	4.367919	-1.260715	9.219522	0.008210	0.006852	0.005637	-0.444207	0.787840	0.426601	-0.891166	-0.437552	-0.119881	0.092213	-0.433424	0.896460
60248	4.388577	-1.260731	9.192603	0.000853	0.004572	0.001754	-0.444189	0.787859	0.426584	-0.891179	-0.437517	-0.119907	0.092168	-0.433424	0.896464
60249	4.390864	-1.235444	9.216246	0.003543	-0.001450	0.000427	-0.444158	0.787857	0.426621	-0.891194	-0.437490	-0.119898	0.092180	-0.433456	0.896448
60250	4.399672	-1.228325	9.157644	0.006198	0.004969	0.002043	-0.444148	0.787873	0.426601	-0.891198	-0.437488	-0.119877	0.092185	-0.433429	0.896460
60251	4.421322	-1.267063	9.197372	0.004396	0.003123	0.002181	-0.444137	0.787883	0.426595	-0.891204	-0.437478	-0.119868	0.092184	-0.433421	0.896464
60252	4.405556	-1.250574	9.207157	0.004182	0.001611	0.002840	-0.444126	0.787884	0.426603	-0.891209	-0.437467	-0.119869	0.092182	-0.433429	0.896460
60253	4.387411	-1.259245	9.193363	0.004182	0.001611	0.002840	-0.444119	0.787885	0.426610	-0.891213	-0.437461	-0.119865	0.092186	-0.433434	0.896458
60254	4.405205	-1.249937	9.207411	0.006351	0.001339	0.002086	-0.444100	0.787890	0.426621	-0.891220	-0.437452	-0.119843	0.092203	-0.433435	0.896456
60255	4.420333	-1.265768	9.198026	0.005036	0.006184	0.004593	-0.444113	0.787902	0.426584	-0.891215	-0.437464	-0.119839	0.092194	-0.433400	0.896474
60256	4.378323	-1.299240	9.188012	0.004764	0.001004	0.001565	-0.444096	0.787902	0.426601	-0.891222	-0.437452	-0.119827	0.092205	-0.433412	0.896467
60257	4.409889	-1.232781	9.190474	0.008368	0.004697	0.001288	-0.444077	0.787923	0.426582	-0.891229	-0.437452	-0.119779	0.092232	-0.433374	0.896482
60258	4.367913	-1.266020	9.180475	0.005770	0.001946	0.003361	-0.444079	0.787919	0.426589	-0.891226	-0.437460	-0.119767	0.092249	-0.433374	0.896481
60259	4.409353	-1.231914	9.190847	0.004182	0.001612	0.002840	-0.444071	0.787919	0.426596	-0.891230	-0.437455	-0.119763	0.092252	-0.433378	0.896478
60260	4.406696	-1.256721	9.167461	0.004978	0.002516	0.000905	-0.444048	0.787931	0.426598	-0.891241	-0.437436	-0.119749	0.092255	-0.433376	0.896479
60261	4.385232	-1.255892	9.194861	0.007148	0.002243	0.000151	-0.444017	0.787946	0.426602	-0.891253	-0.437422	-0.119707	0.092282	-0.433363	0.896482
60262	4.403060	-1.246527	9.208900	0.003968	0.000101	0.003500	-0.444021	0.787932	0.426625	-0.891251	-0.437425	-0.119713	0.092291	-0.433385	0.896471
60263	4.379385	-1.271217	9.212606	0.000581	-0.000608	-0.001275	-0.443975	0.787941	0.426656	-0.891276	-0.437371	-0.119724	0.092272	-0.433423	0.896454
60264	4.385138	-1.255202	9.195000	0.002380	-0.000234	0.002978	-0.443968	0.787931	0.426682	-0.891280	-0.437358	-0.119742	0.092264	-0.433454	0.896440
60265	4.403117	-1.245947	9.208951	0.006719	-0.000780	0.001471	-0.443946	0.787927	0.426711	-0.891287	-0.437352	-0.119710	0.092300	-0.433467	0.896430
60266	4.387640	-1.229471	9.218580	0.000792	-0.000569	0.002457	-0.443939	0.787915	0.426741	-0.891292	-0.437333	-0.119741	0.092282	-0.433508	0.896412
60267	4.418672	-1.261878	9.199359	0.002380	-0.000234	0.002978	-0.443931	0.787907	0.426764	-0.891297	-0.437321	-0.119754	0.092278	-0.433535	0.896399
60268	4.434020	-1.277897	9.189855	0.004397	0.003124	0.002180	-0.443920	0.787916	0.426760	-0.891303	-0.437310	-0.119749	0.092274	-0.433531	0.896402
60269	4.423847	-1.245570	9.182070	0.003235	0.004339	0.004730	-0.443932	0.787920	0.426739	-0.891298	-0.437315	-0.119761	0.092257	-0.433518	0.896410
60270	4.414444	-1.252174	9.241009	0.003020	0.002828	0.005390	-0.443950	0.787912	0.426735	-0.891291	-0.437324	-0.119783	0.092243	-0.433523	0.896409
60271	4.399408	-1.270232	9.186148	0.003816	0.003732	0.003455	-0.443950	0.787919	0.426722	-0.891292	-0.437322	-0.119785	0.092234	-0.433512	0.896415
60272	4.389175	-1.237878	9.178392	0.004031	0.005243	0.002795	-0.443949	0.787932	0.426699	-0.891294	-0.437317	-0.119787	0.092219	-0.433494	0.896426
60273	4.386247	-1.262556	9.155165	0.008371	0.004697	0.001288	-0.443931	0.787953	0.426680	-0.891300	-0.437318	-0.119739	0.092246	-0.433456	0.896441
60274	4.416163	-1.260071	9.200811	0.005557	0.000436	0.004022	-0.443930	0.787944	0.426697	-0.891299	-0.437322	-0.119732	0.092262	-0.433467	0.896434
60275	4.379922	-1.277589	9.173180	0.005620	0.005578	0.003316	-0.443930	0.787960	0.426668	-0.891299	-0.437326	-0.119717	0.092261	-0.433434	0.896450
60276	4.421040	-1.243506	9.183701	0.004032	0.005244	0.002795	-0.443927	0.787974	0.426645	-0.891302	-0.437319	-0.119718	0.092246	-0.433416	0.896461
60277	4.396828	-1.268097	9.187678	0.004032	0.005244	0.002795	-0.443922	0.787991	0.426619	-0.891306	-0.437312	-0.119715	0.092232	-0.433392	0.896473
60278	4.414398	-1.258786	9.201834	0.007360	0.002283	0.003884	-0.443922	0.787990	0.426621	-0.891304	-0.437324	-0.119691	0.092256	-0.433382	0.896476
60279	4.365045	-1.234771	9.207351	0.006202	0.004971	0.002041	-0.443911	0.788009	0.426598	-0.891308	-0.437321	-0.119665	0.092263	-0.433351	0.896490
60280	4.395487	-1.266956	9.188477	0.002078	0.007029	0.002887	-0.443917	0.788026	0.426559	-0.891309	-0.437313	-0.119686	0.092224	-0.433327	0.896506
60281	4.391875	-1.257381	9.229797	0.006720	-0.000780	0.001473	-0.443895	0.788022	0.426589	-0.891316	-0.437308	-0.119654	0.092261	-0.433339	0.896496
60282	4.410450	-1.282301	9.179271	0.007791	0.005306	0.002563	-0.443888	0.788039	0.426565	-0.891319	-0.437312	-0.119621	0.092276	-0.433303	0.896512
60283	4.396947	-1.240383	9.212649	0.005988	0.003460	0.002702	-0.443881	0.788049	0.426555	-0.891321	-0.437313	-0.119601	0.092287	-0.433286	0.896519
60284	4.399979	-1.249311	9.171700	0.004184	0.001614	0.002840	-0.443872	0.788049	0.426564	-0.891326	-0.437303	-0.119601	0.092286	-0.433295	0.896515
60285	4.393966	-1.264861	9.189493	0.005988	0.003460	0.002702	-0.443865	0.788058	0.426554	-0.891328	-0.437305	-0.119581	0.092297	-0.433277	0.896522
60286	4.362608	-1.231844	9.208898	0.008158	0.003187	0.001949	-0.443852	0.788067	0.426550	-0.891331	-0.437309	-0.119541	0.092328	-0.433256	0.896529
60287	4.408801	-1.280135	9.180366	0.004610	0.003167	0.005911	-0.443874	0.788061	0.426539	-0.891320	-0.437329	-0.119547	0.092328	-0.433246	0.896534
60288	4.398669	-1.247693	9.172548	0.005197	0.004028	0.000244	-0.443842	0.788085	0.426529	-0.891336	-0.437302	-0.119526	0.092325	-0.433231	0.896542
60289	4.404894	-1.270134	9.221875	0.005557	0.000438	0.004023	-0.443844	0.788075	0.426545	-0.891333	-0.437312	-0.119515	0.092346	-0.433239	0.896536
60290	4.380197	-1.255827	9.158987	0.006204	0.004972	0.002041	-0.443828	0.788095	0.426523	-0.891341	-0.437302	-0.119493	0.092347	-0.433212	0.896548
60291	4.387912	-1.214282	9.165156	0.006204	0.004972	0.002041	-0.443817	0.788114	0.426501	-0.891346	-0.437298	-0.119468	0.092354	-0.433182	0.896563
60292	4.391436	-1.261815	9.191121	0.006204	0.004972	0.002041	-0.443807	0.788130	0.426481	-0.891350	-0.437296	-0.119446	0.092359	-0.433155	0.896575
60293	4.375526	-1.245179	9.200940	0.004400	0.003126	0.002180	-0.443795	0.788140	0.426475	-0.891356	-0.437286	-0.119437	0.092358	-0.433147	0.896579
60294	4.369539	-1.260661	9.218730	0.006355	0.001341	0.002088	-0.443780	0.788142	0.426487	-0.891362	-0.437281	-0.119414	0.092379	-0.433148	0.896576
60295	4.414355	-1.235863	9.187948	0.001805	0.001846	-0.000139	-0.443746	0.788157	0.426495	-0.891380	-0.437241	-0.119419	0.092360	-0.433161	0.896572
60296	4.429572	-1.252038	9.178527	0.001648	0.004009	0.004206	-0.443755	0.788160	0.426480	-0.891379	-0.437235	-0.119449	0.092327	-0.433162	0.896575
60297	4.402363	-1.267298	9.223474	0.006721	-0.000779	0.001475	-0.443733	0.788156	0.426510	-0.891386	-0.437230	-0.119417	0.092364	-0.433174	0.896565
60298	4.377720	-1.252957	9.160563	0.005624	0.005582	0.003315	-0.443734	0.788170	0.426483	-0.891386	-0.437233	-0.119407	0.092360	-0.433146	0.896579
60299	4.389648	-1.259550	9.192286	0.004550	-0.000505	0.002227	-0.443720	0.788164	0.426509	-0.891392	-0.437224	-0.119397	0.092376	-0.433165	0.896568
60300	4.389620	-1.259267	9.192338	0.003178	0.000671	0.001044	-0.443696	0.788167	0.426529	-0.891404	-0.437199	-0.119398	0.092372	-0.433186	0.896559
60301	4.404935	-1.275236	9.182903	0.004401	0.003126	0.002179	-0.443684	0.788177	0.426523	-0.891410	-0.437189	-0.119389	0.092371	-0.433178	0.896563
60302	4.382749	-1.235760	9.143464	0.005564	0.001908	-0.000369	-0.443643	0.788195	0.426531	-0.891430	-0.437156	-0.119364	0.092379	-0.433178	0.896562
60303	4.410184	-1.258598	9.165624	0.004611	0.003170	0.005911	-0.443665	0.788189	0.426520	-0.891419	-0.437176	-0.119369	0.092379	-0.433168	0.896567
60304	4.372963	-1.241768	9.202620	0.004036	0.005247	0.002792	-0.443661	0.788204	0.426497	-0.891422	-0.437169	-0.119370	0.092364	-0.433149	0.896577
60305	4.387989	-1.257537	9.193353	0.008377	0.004699	0.001288	-0.443643	0.788224	0.426478	-0.891429	-0.437170	-0.119322	0.092391	-0.433111	0.896593
60306	4.381927	-1.272984	9.211185	0.002596	0.001280	0.002318	-0.443631	0.788224	0.426490	-0.891436	-0.437152	-0.119335	0.092378	-0.433129	0.896585
60307	4.411178	-1.232073	9.189982	0.004401	0.003127	0.002179	-0.443619	0.788234	0.426484	-0.891442	-0.437142	-0.119326	0.092377	-0.433121	0.896590
60308	4.393032	-1.240740	9.176192	0.003178	0.000671	0.001044	-0.443595	0.788238	0.426503	-0.891454	-0.437115	-0.119329	0.092372	-0.433141	0.896580
60309	4.426483	-1.247828	9.180590	0.002962	-0.000840	0.001706	-0.443575	0.788233	0.426533	-0.891464	-0.437095	-0.119331	0.092375	-0.433171	0.896566
60310	4.369288	-1.265245	9.179960	0.001798	0.000379	0.004254	-0.443582	0.788219	0.426552	-0.891462	-0.437091	-0.119359	0.092361	-0.433200	0.896553
60311	4.392842	-1.240234	9.176352	0.004983	0.002517	0.000905	-0.443558	0.788232	0.426552	-0.891473	-0.437074	-0.119340	0.092368	-0.433194	0.896555
60312	4.374750	-1.248908	9.162535	0.001589	0.000335	0.000522	-0.443532	0.788234	0.426575	-0.891488	-0.437039	-0.119354	0.092351	-0.433224	0.896542
60313	4.392628	-1.239718	9.176524	0.004767	0.001006	0.001566	-0.443512	0.788238	0.426589	-0.891496	-0.437026	-0.119340	0.092362	-0.433231	0.896538
60314	4.368915	-1.264192	9.180282	0.003543	-0.001450	0.000432	-0.443481	0.788234	0.426628	-0.891511	-0.436998	-0.119335	0.092371	-0.433267	0.896519
60315	4.402365	-1.271104	9.184708	0.006356	0.001342	0.002088	-0.443467	0.788237	0.426638	-0.891516	-0.436996	-0.119309	0.092395	-0.433264	0.896518
60316	4.425834	-1.245832	9.181174	0.005991	0.003463	0.002701	-0.443453	0.788249	0.426629	-0.891522	-0.436987	-0.119293	0.092399	-0.433250	0.896525
60317	4.417370	-1.286440	9.175526	0.006357	0.001342	0.002088	-0.443439	0.788252	0.426639	-0.891527	-0.436985	-0.119266	0.092423	-0.433247	0.896524
60318	4.391844	-1.237340	9.177220	0.010550	0.004425	0.000535	-0.443415	0.788273	0.426626	-0.891534	-0.436988	-0.119199	0.092469	-0.433206	0.896539
60319	4.421720	-1.234513	9.222926	0.006148	0.001298	-0.001643	-0.443367	0.788291	0.426640	-0.891555	-0.436956	-0.119158	0.092492	-0.433205	0.896537
60320	4.406786	-1.252014	9.168160	0.011558	0.005372	0.002331	-0.443360	0.788309	0.426616	-0.891554	-0.436977	-0.119092	0.092540	-0.433151	0.896558
60321	4.400446	-1.267129	9.186177	0.006425	0.006486	0.001377	-0.443344	0.788337	0.426580	-0.891562	-0.436970	-0.119061	0.092542	-0.433108	0.896579
60322	4.402320	-1.241347	9.209985	0.007798	0.005311	0.002561	-0.443340	0.788353	0.426556	-0.891562	-0.436977	-0.119031	0.092557	-0.433072	0.896595
60323	4.383905	-1.249700	9.196370	0.006791	0.004365	0.000765	-0.443317	0.788374	0.426540	-0.891572	-0.436966	-0.118995	0.092571	-0.433043	0.896607
60324	4.401341	-1.240187	9.210610	0.006426	0.006486	0.001377	-0.443305	0.788398	0.426508	-0.891578	-0.436962	-0.118968	0.092574	-0.433004	0.896626
60325	4.406486	-1.223742	9.193346	0.008015	0.006822	0.001899	-0.443294	0.788425	0.426469	-0.891581	-0.436966	-0.118926	0.092588	-0.432951	0.896650
60326	4.395062	-1.289351	9.164549	0.009240	0.009280	0.003033	-0.443293	0.788459	0.426408	-0.891581	-0.436978	-0.118882	0.092598	-0.432877	0.896684
60327	4.400001	-1.272753	9.147411	0.010613	0.008105	0.004217	-0.443304	0.788481	0.426355	-0.891572	-0.437012	-0.118826	0.092630	-0.432802	0.896717
60328	4.416945	-1.262920	9.161936	0.010474	0.013202	-0.000228	-0.443282	0.788543	0.426264	-0.891583	-0.437009	-0.118758	0.092635	-0.432693	0.896770
60329	4.394533	-1.261449	9.189788	0.013219	0.010853	0.002142	-0.443277	0.788587	0.426188	-0.891581	-0.437037	-0.118670	0.092678	-0.432585	0.896817
60330	4.411116	-1.251380	9.204514	0.012925	0.018119	0.002039	-0.443279	0.788660	0.426050	-0.891579	-0.437062	-0.118589	0.092684	-0.432425	0.896894
60331	4.363942	-1.235941	9.169445	0.015463	0.015724	0.000677	-0.443266	0.788731	0.425932	-0.891582	-0.437088	-0.118475	0.092725	-0.432269	0.896965
60332	4.335398	-1.250145	9.215105	0.012492	0.015099	0.003363	-0.443274	0.788788	0.425819	-0.891576	-0.437118	-0.118404	0.092738	-0.432135	0.897028
60333	4.330928	-1.239766	9.256839	0.010408	0.008062	0.000486	-0.443251	0.788827	0.425770	-0.891584	-0.437121	-0.118334	0.092768	-0.432062	0.897060
60334	4.327898	-1.264161	9.233808	0.007594	0.005267	-0.001170	-0.443212	0.788860	0.425751	-0.891602	-0.437097	-0.118287	0.092782	-0.432027	0.897075
60335	4.372673	-1.239133	9.203145	0.006941	0.000735	0.000818	-0.443186	0.788865	0.425768	-0.891612	-0.437087	-0.118250	0.092814	-0.432026	0.897072
60336	4.388242	-1.255063	9.193668	-0.000425	-0.001559	-0.003069	-0.443123	0.788877	0.425812	-0.891646	-0.437013	-0.118267	0.092787	-0.432080	0.897049
60337	4.408627	-1.220617	9.231040	0.004769	0.001010	0.001569	-0.443103	0.788880	0.425825	-0.891655	-0.436999	-0.118252	0.092799	-0.432087	0.897045
60338	4.411940	-1.229474	9.190062	0.006734	0.000687	-0.002913	-0.443043	0.788901	0.425849	-0.891682	-0.436957	-0.118205	0.092826	-0.432092	0.897040
60339	4.439540	-1.251940	9.212268	0.006941	0.000736	0.000818	-0.443017	0.788907	0.425866	-0.891691	-0.436947	-0.118168	0.092858	-0.432091	0.897036
60340	4.375876	-1.245936	9.162500	0.010921	0.002309	-0.000072	-0.442984	0.788922	0.425872	-0.891702	-0.436946	-0.118095	0.092915	-0.432066	0.897043
60341	4.421065	-1.259040	9.198857	0.012364	0.006278	0.000398	-0.442959	0.788953	0.425840	-0.891708	-0.436956	-0.118008	0.092971	-0.431998	0.897070
60342	4.414087	-1.235224	9.150069	0.012583	0.007790	-0.000265	-0.442929	0.788993	0.425798	-0.891718	-0.436960	-0.117919	0.093020	-0.431921	0.897102
60343	4.394283	-1.208458	9.201205	0.010264	0.011697	0.000431	-0.442910	0.789048	0.425717	-0.891726	-0.436962	-0.117850	0.093033	-0.431820	0.897149
60344	4.341802	-1.208960	9.183509	0.015617	0.012098	0.000727	-0.442895	0.789101	0.425634	-0.891728	-0.436988	-0.117739	0.093090	-0.431696	0.897203
60345	4.273869	-1.193204	9.175244	0.010047	0.010188	0.001094	-0.442880	0.789146	0.425566	-0.891733	-0.436994	-0.117675	0.093108	-0.431607	0.897244
60346	4.274370	-1.231137	9.242253	0.001241	-0.010000	-0.001773	-0.442822	0.789114	0.425685	-0.891759	-0.436940	-0.117682	0.093134	-0.431720	0.897186
60347	4.382276	-1.271720	9.173131	0.002684	-0.006029	-0.001304	-0.442771	0.789100	0.425765	-0.891782	-0.436895	-0.117674	0.093158	-0.431792	0.897150
60348	4.291419	-1.246976	9.232127	-0.001138	-0.009775	-0.004755	-0.442691	0.789079	0.425885	-0.891821	-0.436811	-0.117690	0.093164	-0.431914	0.897090
60349	4.359125	-1.222958	9.173476	-0.000260	-0.017651	-0.005919	-0.442587	0.789035	0.426075	-0.891867	-0.436717	-0.117689	0.093213	-0.432090	0.897000
60350	4.349457	-1.254552	9.207911	-0.004092	-0.022856	-0.004974	-0.442489	0.788961	0.426314	-0.891912	-0.436614	-0.117730	0.093250	-0.432328	0.896882
60351	4.371263	-1.318793	9.223162	-0.001770	-0.026762	-0.005670	-0.442379	0.788876	0.426585	-0.891959	-0.436516	-0.117743	0.093326	-0.432583	0.896751
60352	4.380533	-1.204428	9.225231	-0.003566	-0.027147	-0.009925	-0.442231	0.788808	0.426866	-0.892027	-0.436373	-0.117759	0.093383	-0.432853	0.896615
60353	4.419930	-1.220942	9.187360	-0.000384	-0.026470	-0.008881	-0.442093	0.788738	0.427138	-0.892086	-0.436255	-0.117746	0.093470	-0.433099	0.896487
60354	4.446026	-1.195938	9.182468	-0.001122	-0.023687	-0.003266	-0.442011	0.788652	0.427381	-0.892120	-0.436180	-0.117769	0.093536	-0.433330	0.896368
60355	4.412189	-1.213892	9.153676	-0.000478	-0.020616	-0.000862	-0.441950	0.788572	0.427591	-0.892144	-0.436125	-0.117791	0.093596	-0.433530	0.896265
60356	4.438476	-1.227626	9.215891	-0.002067	-0.020952	-0.001384	-0.441885	0.788491	0.427808	-0.892171	-0.436059	-0.117829	0.093642	-0.433745	0.896157
60357	4.452466	-1.234477	9.246594	-0.000044	-0.017594	-0.002189	-0.441815	0.788430	0.427992	-0.892200	-0.435996	-0.117842	0.093693	-0.433919	0.896067
60358	4.436157	-1.243506	9.231906	-0.001423	-0.017881	0.001021	-0.441774	0.788352	0.428179	-0.892216	-0.435951	-0.117883	0.093731	-0.434106	0.895972
60359	4.449035	-1.211721	9.195905	0.005586	-0.012002	0.001115	-0.441739	0.788301	0.428309	-0.892226	-0.435938	-0.117860	0.093808	-0.434212	0.895913
60360	4.432306	-1.220515	9.181453	-0.000990	-0.014860	-0.000306	-0.441691	0.788240	0.428470	-0.892246	-0.435887	-0.117893	0.093837	-0.434373	0.895832
60361	4.457434	-1.195927	9.176936	-0.003377	-0.016096	0.001110	-0.441652	0.788171	0.428637	-0.892264	-0.435835	-0.117949	0.093851	-0.434551	0.895744
60362	4.479771	-1.196593	9.149174	0.001886	-0.008385	0.005023	-0.441654	0.788118	0.428733	-0.892261	-0.435835	-0.117979	0.093876	-0.434648	0.895695
60363	4.459811	-1.231012	9.111643	0.000573	-0.003532	0.007517	-0.441684	0.788075	0.428780	-0.892247	-0.435850	-0.118027	0.093870	-0.434709	0.895666
60364	4.449943	-1.199145	9.103509	0.001863	0.004066	0.007930	-0.441726	0.788062	0.428762	-0.892229	-0.435876	-0.118070	0.093841	-0.434708	0.895669
60365	4.464646	-1.215623	9.094349	0.001563	0.011328	0.007823	-0.441773	0.788083	0.428676	-0.892212	-0.435898	-0.118111	0.093778	-0.434648	0.895705
60366	4.382278	-1.257915	9.098315	0.007410	0.018428	0.010462	-0.441850	0.788121	0.428525	-0.892178	-0.435966	-0.118115	0.093734	-0.434510	0.895776
60367	4.353421	-1.273111	9.144104	0.007623	0.018479	0.014193	-0.441960	0.788145	0.428367	-0.892128	-0.436065	-0.118129	0.093693	-0.434367	0.895850
60368	4.364084	-1.279720	9.176435	0.009301	0.011506	0.011091	-0.442035	0.788152	0.428277	-0.892091	-0.436144	-0.118118	0.093696	-0.434275	0.895894
60369	4.362972	-1.279614	9.176978	0.003733	0.009597	0.011465	-0.442112	0.788150	0.428202	-0.892057	-0.436204	-0.118155	0.093660	-0.434218	0.895925
60370	4.372676	-1.213525	9.206523	-0.000240	0.009485	0.007964	-0.442155	0.788162	0.428134	-0.892043	-0.436216	-0.118216	0.093586	-0.434184	0.895950
60371	4.405431	-1.221359	9.211170	-0.003490	0.003670	0.007639	-0.442193	0.788151	0.428117	-0.892032	-0.436215	-0.118302	0.093511	-0.434206	0.895947
60372	4.369143	-1.239988	9.183474	-0.003706	0.002160	0.008303	-0.442234	0.788130	0.428113	-0.892019	-0.436215	-0.118396	0.093438	-0.434244	0.895936
60373	4.399190	-1.238676	9.228874	-0.006739	-0.002144	0.007315	-0.442263	0.788094	0.428148	-0.892013	-0.436197	-0.118510	0.093360	-0.434326	0.895904
60374	4.420699	-1.240157	9.201435	-0.007173	-0.005163	0.008642	-0.442299	0.788040	0.428211	-0.892003	-0.436184	-0.118636	0.093289	-0.434438	0.895858
60375	4.409587	-1.272578	9.236477	-0.004630	-0.006100	0.002885	-0.442285	0.788007	0.428286	-0.892014	-0.436141	-0.118711	0.093248	-0.434542	0.895812
60376	4.415875	-1.257437	9.218460	-0.006802	-0.005825	0.003637	-0.442279	0.787970	0.428361	-0.892023	-0.436094	-0.118814	0.093184	-0.434657	0.895762
60377	4.398221	-1.266998	9.204339	-0.003979	-0.001571	0.000894	-0.442252	0.787965	0.428398	-0.892043	-0.436037	-0.118875	0.093128	-0.434722	0.895736
60378	4.422284	-1.242505	9.200357	-0.001660	-0.005477	0.000196	-0.442215	0.787944	0.428474	-0.892063	-0.435984	-0.118916	0.093109	-0.434812	0.895695
60379	4.383608	-1.251152	9.213376	-0.002669	-0.006425	-0.001599	-0.442161	0.787929	0.428558	-0.892092	-0.435914	-0.118954	0.093087	-0.434910	0.895650
60380	4.415350	-1.283899	9.193952	-0.003314	-0.009494	-0.004003	-0.442079	0.787912	0.428673	-0.892135	-0.435817	-0.118993	0.093067	-0.435038	0.895589
60381	4.427030	-1.217575	9.222630	-0.001142	-0.009769	-0.004756	-0.441994	0.787896	0.428790	-0.892177	-0.435728	-0.119004	0.093073	-0.435156	0.895532
60382	4.406781	-1.217132	9.249345	-0.003530	-0.011004	-0.003340	-0.441917	0.787869	0.428919	-0.892216	-0.435636	-0.119047	0.093059	-0.435297	0.895464
60383	4.387647	-1.251347	9.211428	-0.002430	-0.015906	-0.009565	-0.441783	0.787848	0.429097	-0.892280	-0.435504	-0.119049	0.093081	-0.435468	0.895379
60384	4.398706	-1.283333	9.218961	-0.001357	-0.011278	-0.004092	-0.441701	0.787822	0.429229	-0.892320	-0.435417	-0.119069	0.093089	-0.435602	0.895313
60385	4.363406	-1.266215	9.255069	0.000905	-0.017403	-0.012865	-0.441536	0.787808	0.429424	-0.892396	-0.435273	-0.119027	0.093147	-0.435771	0.895225
60386	4.418511	-1.333531	9.143350	-0.004942	-0.024499	-0.015505	-0.441342	0.787772	0.429688	-0.892488	-0.435083	-0.119031	0.093181	-0.436025	0.895097
60387	4.422618	-1.273139	9.230167	-0.000962	-0.022925	-0.016401	-0.441141	0.787749	0.429937	-0.892581	-0.434904	-0.118990	0.093247	-0.436245	0.894983
60388	4.436514	-1.240811	9.193733	-0.001388	-0.024482	-0.019469	-0.440910	0.787732	0.430206	-0.892688	-0.434697	-0.118944	0.093313	-0.436484	0.894860
60389	4.409579	-1.280761	9.214124	-0.002976	-0.024817	-0.019990	-0.440674	0.787716	0.430477	-0.892798	-0.434480	-0.118906	0.093369	-0.436728	0.894735
60390	4.441644	-1.239473	9.191436	-0.003401	-0.026372	-0.023058	-0.440414	0.787702	0.430768	-0.892920	-0.434241	-0.118862	0.093429	-0.436990	0.894601
60391	4.402203	-1.237968	9.244570	-0.004256	-0.032407	-0.020404	-0.440168	0.787655	0.431106	-0.893034	-0.434016	-0.118834	0.093507	-0.437299	0.894442
60392	4.354633	-1.106178	9.310236	-0.007342	-0.041845	-0.020675	-0.439912	0.787564	0.431532	-0.893150	-0.433775	-0.118835	0.093598	-0.437700	0.894236
60393	4.488603	-1.220602	9.213921	-0.011738	-0.047894	-0.014054	-0.439707	0.787421	0.432002	-0.893243	-0.433567	-0.118900	0.093677	-0.438164	0.894001
60394	4.436454	-1.238386	9.211058	-0.007293	-0.057198	-0.014798	-0.439490	0.787237	0.432557	-0.893333	-0.433374	-0.118927	0.093835	-0.438685	0.893728
60395	4.399730	-1.237783	9.262904	-0.011471	-0.060273	-0.013234	-0.439281	0.787036	0.433136	-0.893421	-0.433173	-0.118994	0.093970	-0.439244	0.893439
60396	4.426881	-1.238642	9.232687	-0.010936	-0.066010	-0.013795	-0.439065	0.786808	0.433769	-0.893510	-0.432972	-0.119058	0.094134	-0.439851	0.893124
60397	4.444766	-1.207343	9.194073	-0.010610	-0.073253	-0.013694	-0.438840	0.786550	0.434463	-0.893600	-0.432771	-0.119114	0.094334	-0.440509	0.892778
60398	4.457440	-1.191796	9.172924	-0.008848	-0.076530	-0.013127	-0.438618	0.786273	0.435188	-0.893685	-0.432583	-0.119162	0.094561	-0.441188	0.892419
60399	4.451076	-1.249235	9.181234	-0.013434	-0.082615	-0.010233	-0.438414	0.785958	0.435962	-0.893762	-0.432396	-0.119258	0.094776	-0.441931	0.892028
60400	4.436525	-1.211069	9.137846	-0.014428	-0.083545	-0.012026	-0.438196	0.785643	0.436749	-0.893847	-0.432194	-0.119359	0.094986	-0.442689	0.891630
60401	4.401291	-1.274868	9.232018	-0.014087	-0.090777	-0.011928	-0.437969	0.785298	0.437596	-0.893932	-0.431991	-0.119453	0.095231	-0.443498	0.891202
60402	4.475711	-1.251629	9.168923	-0.015702	-0.096226	-0.011732	-0.437739	0.784925	0.438494	-0.894018	-0.431782	-0.119567	0.095483	-0.444360	0.890745
60403	4.511397	-1.237170	9.119165	-0.018696	-0.100501	-0.012713	-0.437495	0.784539	0.439428	-0.894111	-0.431553	-0.119699	0.095728	-0.445265	0.890267
60404	4.509629	-1.270066	9.149846	-0.020054	-0.099307	-0.013891	-0.437242	0.784161	0.440353	-0.894211	-0.431306	-0.119843	0.095951	-0.446169	0.889790
60405	4.555185	-1.287891	9.107918	-0.021413	-0.098115	-0.015069	-0.436978	0.783793	0.441268	-0.894317	-0.431045	-0.119987	0.096161	-0.447066	0.889317
60406	4.536028	-1.266035	9.081665	-0.021349	-0.092966	-0.015782	-0.436714	0.783449	0.442141	-0.894426	-0.430779	-0.120132	0.096348	-0.447925	0.888864
60407	4.526667	-1.241484	9.128067	-0.019019	-0.095372	-0.020898	-0.436401	0.783117	0.443038	-0.894555	-0.430484	-0.120229	0.096567	-0.448790	0.888405
60408	4.577026	-1.242864	9.068618	-0.015544	-0.089511	-0.016860	-0.436130	0.782791	0.443879	-0.894663	-0.430235	-0.120316	0.096791	-0.449596	0.887973
60409	4.580057	-1.224982	9.146611	-0.018704	-0.090165	-0.017881	-0.435849	0.782467	0.444726	-0.894779	-0.429964	-0.120423	0.096989	-0.450417	0.887535
60410	4.596621	-1.219118	9.083345	-0.011909	-0.092378	-0.012072	-0.435616	0.782107	0.445587	-0.894863	-0.429768	-0.120498	0.097257	-0.451230	0.887092
60411	4.584101	-1.253758	9.041980	-0.010095	-0.090518	-0.012229	-0.435384	0.781756	0.446428	-0.894946	-0.429580	-0.120554	0.097533	-0.452016	0.886661
60412	4.626267	-1.226646	9.106034	-0.005502	-0.090997	-0.010047	-0.435170	0.781392	0.447273	-0.895015	-0.429427	-0.120581	0.097850	-0.452790	0.886232
60413	4.605429	-1.301895	9.059096	-0.004707	-0.090079	-0.011992	-0.434940	0.781041	0.448110	-0.895092	-0.429265	-0.120589	0.098173	-0.453549	0.885808
60414	4.621256	-1.324126	9.103991	0.003600	-0.089026	-0.014475	-0.434689	0.780702	0.448942	-0.895171	-0.429121	-0.120517	0.098563	-0.454267	0.885396
60415	4.557253	-1.354246	9.218184	-0.002194	-0.096076	-0.017073	-0.434407	0.780344	0.449837	-0.895267	-0.428931	-0.120480	0.098934	-0.455062	0.884947
60416	4.595009	-1.410642	9.170167	0.007328	-0.113728	-0.024355	-0.434038	0.779937	0.450898	-0.895387	-0.428722	-0.120329	0.099462	-0.455956	0.884427
60417	4.649744	-1.446977	9.176433	0.028615	-0.119382	-0.030815	-0.433609	0.779529	0.452015	-0.895512	-0.428566	-0.119957	0.100209	-0.456799	0.883908
60418	4.681542	-1.506199	9.186975	0.039296	-0.121407	-0.047186	-0.433037	0.779176	0.453171	-0.895693	-0.428337	-0.119421	0.101060	-0.457616	0.883388
60419	4.651620	-1.597324	9.216223	0.040000	-0.121098	-0.083481	-0.432131	0.778984	0.454364	-0.896033	-0.427823	-0.118709	0.101915	-0.458423	0.882871
60420	4.630303	-1.807169	9.273295	0.040824	-0.131587	-0.148977	-0.430631	0.779018	0.455728	-0.896652	-0.426805	-0.117696	0.102820	-0.459313	0.882304
60421	4.618426	-1.772141	9.246120	0.020754	-0.150005	-0.250264	-0.428197	0.779399	0.457368	-0.897725	-0.424904	-0.116390	0.103623	-0.460428	0.881628
60422	4.656693	-1.846443	9.231006	-0.013665	-0.171265	-0.381652	-0.424560	0.780225	0.459345	-0.899384	-0.421821	-0.114786	0.104202	-0.461861	0.880810
60423	4.827187	-1.705905	9.071163	-0.070347	-0.190488	-0.528856	-0.419564	0.781567	0.461648	-0.901709	-0.417319	-0.112990	0.104345	-0.463678	0.879838
60424	4.843953	-1.655084	9.052303	-0.155257	-0.190779	-0.675421	-0.413228	0.783483	0.464108	-0.904703	-0.411261	-0.111252	0.103705	-0.465852	0.878764
60425	5.027965	-2.060999	8.997344	-0.221742	-0.207760	-0.822517	-0.405523	0.785869	0.466863	-0.908318	-0.403723	-0.109390	0.102517	-0.468421	0.877538
60426	5.334986	-2.189136	8.811777	-0.267921	-0.211026	-0.953332	-0.396597	0.788685	0.469774	-0.912432	-0.394912	-0.107298	0.100895	-0.471190	0.876242
60427	5.640681	-2.145999	8.602189	-0.319934	-0.210739	-1.077527	-0.386495	0.791893	0.472786	-0.916988	-0.384836	-0.105041	0.098764	-0.474137	0.874894
60428	5.715493	-1.866838	8.445768	-0.391991	-0.215255	-1.202600	-0.375200	0.795424	0.475948	-0.921964	-0.373386	-0.102786	0.095954	-0.477372	0.873446
60429	5.563638	-1.686888	8.485529	-0.530218	-0.224465	-1.342926	-0.362535	0.799275	0.479299	-0.927433	-0.360088	-0.101017	0.091849	-0.481140	0.871819
60430	5.537766	-1.818816	8.635438	-0.632411	-0.239894	-1.494479	-0.348391	0.803377	0.482918	-0.933322	-0.345018	-0.099358	0.086793	-0.485333	0.870011
60431	5.338259	-1.756955	8.733294	-0.748040	-0.257298	-1.635143	-0.332828	0.807627	0.486790	-0.939534	-0.328149	-0.097949	0.080634	-0.489956	0.868010
60432	5.399899	-3.207801	9.016659	-0.843068	-0.281523	-1.775396	-0.315853	0.811888	0.490994	-0.945951	-0.309586	-0.096604	0.073573	-0.494969	0.865790
60433	5.755583	-4.776593	8.943592	-0.602548	-0.218666	-1.910643	-0.297527	0.816539	0.494714	-0.952253	-0.290986	-0.092417	0.068493	-0.498590	0.864128
60434	5.543925	-4.524120	8.948595	-0.324070	-0.160370	-1.979331	-0.278494	0.821300	0.497903	-0.958179	-0.273125	-0.085418	0.065836	-0.500869	0.863016
60435	5.620205	-3.399209	8.617308	-0.085231	-0.116057	-1.991550	-0.259245	0.825988	0.500536	-0.963602	-0.256243	-0.076228	0.065296	-0.502079	0.862353
60436	5.497254	-2.832809	8.049987	-0.000333	-0.131702	-1.847027	-0.241304	0.829893	0.503040	-0.968230	-0.240919	-0.066994	0.065594	-0.503225	0.861662
60437	5.548902	-3.036546	7.599177	-0.067027	-0.242040	-1.469514	-0.226855	0.832117	0.506081	-0.971725	-0.228319	-0.060174	0.065476	-0.505422	0.860385
60438	7.241801	-2.539520	8.504781	-0.348112	-0.256801	-0.908010	-0.217831	0.832830	0.508865	-0.973975	-0.218952	-0.058587	0.062624	-0.508384	0.858850
60439	7.294159	-3.973624	8.746397	-0.552013	-0.097779	-0.345591	-0.214369	0.833075	0.509934	-0.975064	-0.213210	-0.061582	0.057421	-0.510419	0.858007
60440	5.999071	-5.460572	8.248924	-0.501835	0.022078	0.145411	-0.215767	0.832869	0.509680	-0.975036	-0.211804	-0.066661	0.052433	-0.511340	0.857778
60441	4.619536	-6.355587	7.633550	-0.204516	0.013835	0.558086	-0.221176	0.831744	0.509198	-0.973932	-0.215352	-0.071275	0.050374	-0.511689	0.857693
60442	3.906943	-6.115464	7.496208	0.164230	-0.089671	0.943472	-0.230278	0.829203	0.509307	-0.971728	-0.223972	-0.074708	0.052123	-0.512112	0.857336
60443	3.704028	-5.250222	7.756042	0.480170	-0.201587	1.337821	-0.243110	0.825080	0.510039	-0.968309	-0.237448	-0.077429	0.057223	-0.512699	0.856659
60444	3.639114	-4.255011	8.291324	0.663095	-0.286217	1.755548	-0.259865	0.819279	0.511129	-0.963502	-0.255229	-0.080756	0.064293	-0.513460	0.855702
60445	3.480349	-3.636930	8.803048	0.745150	-0.333252	2.181816	-0.280554	0.811760	0.512187	-0.957110	-0.276801	-0.085564	0.072317	-0.514224	0.854601
60446	3.151583	-3.349717	9.158803	0.805530	-0.358217	2.575214	-0.304797	0.802461	0.512986	-0.948968	-0.301677	-0.091928	0.080987	-0.514827	0.853460
60447	2.787743	-2.562656	9.123574	0.894820	-0.369377	2.926616	-0.332071	0.791321	0.513361	-0.938895	-0.329559	-0.099332	0.090579	-0.514977	0.852405
60448	2.338481	-0.922609	9.144601	0.949296	-0.393123	3.228362	-0.361788	0.778166	0.513388	-0.926801	-0.359730	-0.107865	0.100744	-0.514833	0.851351
60449	2.014958	-0.287278	9.431512	0.912298	-0.442851	3.415125	-0.392703	0.763072	0.513328	-0.912969	-0.390699	-0.117653	0.110779	-0.514855	0.850090
60450	2.413188	-0.215095	9.885930	0.902939	-0.478638	3.455143	-0.423411	0.746577	0.513173	-0.897840	-0.421378	-0.127762	0.120856	-0.514843	0.848723
60451	3.088808	-0.128322	10.425460	0.955906	-0.429874	3.382802	-0.452939	0.729609	0.512365	-0.881832	-0.451219	-0.137017	0.131220	-0.513880	0.847767
60452	3.633914	0.385056	10.919138	1.043530	-0.292448	3.209651	-0.480560	0.713172	0.510340	-0.865446	-0.479673	-0.144627	0.141653	-0.511174	0.847724
60453	3.892771	1.248062	11.228887	1.090063	-0.094657	2.957454	-0.505745	0.698120	0.506804	-0.849286	-0.506045	-0.150438	0.151442	-0.506505	0.848833
60454	3.671052	2.218924	11.364554	1.040389	0.118272	2.620026	-0.527961	0.685157	0.501813	-0.834148	-0.529357	-0.154849	0.159542	-0.500341	0.851002
60455	3.418716	2.891494	11.355313	0.881194	0.293994	2.217099	-0.546752	0.674674	0.495859	-0.820829	-0.548767	-0.158415	0.165233	-0.493629	0.853832
60456	3.465858	3.082854	11.297775	0.635622	0.432270	1.765179	-0.561844	0.666986	0.489348	-0.810009	-0.563680	-0.161710	0.167977	-0.487232	0.856965
60457	3.790541	2.988787	11.280075	0.370905	0.572958	1.300674	-0.573257	0.662371	0.482329	-0.802032	-0.574078	-0.164862	0.167695	-0.481352	0.860337
60458	4.210888	2.573643	11.166128	0.116906	0.717702	0.843611	-0.581171	0.660950	0.474748	-0.796993	-0.580176	-0.167924	0.164448	-0.475964	0.863953
60459	4.551472	2.153448	10.997627	-0.093445	0.865543	0.416721	-0.585853	0.662635	0.466573	-0.794740	-0.582448	-0.170714	0.158634	-0.470817	0.867852
60460	4.696479	1.891908	10.805826	-0.287738	0.984644	0.035594	-0.587635	0.667054	0.457957	-0.795000	-0.581294	-0.173411	0.150533	-0.465978	0.871897
60461	4.909427	1.585151	10.561326	-0.473599	1.071524	-0.291185	-0.586843	0.673720	0.449127	-0.797426	-0.577103	-0.176249	0.140450	-0.461577	0.875911
60462	5.153521	1.130416	10.291701	-0.633399	1.131238	-0.550873	-0.583938	0.682094	0.440186	-0.801527	-0.570416	-0.179389	0.128729	-0.457573	0.879804
60463	5.406633	0.545959	9.989415	-0.742506	1.178600	-0.751440	-0.579305	0.691729	0.431181	-0.806832	-0.561827	-0.182682	0.115883	-0.453719	0.883578
60464	5.500780	0.034362	9.598054	-0.781856	1.204490	-0.883846	-0.573438	0.702107	0.422156	-0.812802	-0.552094	-0.185861	0.102575	-0.449709	0.887266
60465	5.362242	-0.469652	9.254587	-0.780917	1.190573	-0.957833	-0.566734	0.712685	0.413392	-0.819037	-0.541779	-0.188824	0.089395	-0.445596	0.890760
60466	5.132597	-1.014966	8.906451	-0.717669	1.124238	-0.983535	-0.559558	0.722962	0.405240	-0.825194	-0.531494	-0.191229	0.077131	-0.441406	0.893986
60467	4.925460	-1.417357	8.658076	-0.616533	1.017385	-0.961907	-0.552291	0.732507	0.398005	-0.831007	-0.521741	-0.192909	0.066348	-0.437287	0.896871
60468	4.826278	-1.665432	8.429293	-0.499342	0.880178	-0.890490	-0.545386	0.740958	0.391835	-0.836223	-0.512965	-0.193905	0.057322	-0.433414	0.899370
60469	4.803786	-1.911989	8.284698	-0.381524	0.740435	-0.771692	-0.539282	0.748093	0.386693	-0.840634	-0.505528	-0.194359	0.050085	-0.429882	0.901495
60470	4.880748	-2.104781	8.289989	-0.269189	0.603568	-0.608964	-0.534412	0.753751	0.382444	-0.844050	-0.499760	-0.194475	0.044545	-0.426732	0.903281
60471	4.950662	-2.253685	8.252550	-0.164841	0.489526	-0.417122	-0.531063	0.757918	0.378857	-0.846363	-0.495861	-0.194401	0.040521	-0.423890	0.904807
60472	4.879068	-2.365612	8.176187	-0.044139	0.391266	-0.205898	-0.529446	0.760601	0.375729	-0.847490	-0.494069	-0.194053	0.038039	-0.421167	0.906185
60473	4.613872	-2.331396	8.032486	0.068139	0.290622	0.001433	-0.529536	0.761823	0.373118	-0.847478	-0.494321	-0.193464	0.037055	-0.418656	0.907389
60474	4.465245	-2.201062	8.065105	0.180197	0.178872	0.190814	-0.531192	0.761635	0.371142	-0.846417	-0.496484	-0.192568	0.037600	-0.416432	0.908389
60475	4.487087	-2.099575	8.147099	0.282207	0.075127	0.344615	-0.534104	0.760238	0.369825	-0.844493	-0.500235	-0.191304	0.039563	-0.414491	0.909193
60476	4.630257	-1.810051	8.243107	0.383288	-0.006626	0.468746	-0.538026	0.757865	0.369010	-0.841841	-0.505335	-0.189579	0.042798	-0.412646	0.909885
60477	4.806242	-1.496711	8.333474	0.466692	-0.061621	0.564394	-0.542709	0.754751	0.368534	-0.838603	-0.511481	-0.187437	0.047030	-0.410777	0.910522
60478	4.998350	-1.061810	8.393969	0.515293	-0.090253	0.637086	-0.547968	0.751112	0.368187	-0.834894	-0.518347	-0.185120	0.051803	-0.408837	0.911136
60479	5.047403	-0.728844	8.355592	0.536552	-0.092523	0.673314	-0.553495	0.747230	0.367819	-0.830916	-0.525535	-0.182732	0.056759	-0.406768	0.911767
60480	4.974818	-0.523206	8.243141	0.543114	-0.112866	0.674063	-0.558988	0.743217	0.367643	-0.826865	-0.532720	-0.180286	0.061859	-0.404769	0.912324
60481	5.032748	-0.341278	8.102025	0.524794	-0.125674	0.625154	-0.564033	0.739368	0.367698	-0.823040	-0.539430	-0.177820	0.066873	-0.402926	0.912786
60482	5.176056	-0.177558	7.984570	0.502630	-0.144624	0.544631	-0.568378	0.735844	0.368077	-0.819630	-0.545427	-0.175263	0.071793	-0.401302	0.913128
60483	5.235376	-0.044255	7.864278	0.456134	-0.146921	0.442948	-0.571862	0.732839	0.368674	-0.816790	-0.550464	-0.172753	0.076342	-0.399920	0.913365
60484	5.173358	-0.057006	7.593859	0.393013	-0.156314	0.321406	-0.574332	0.730451	0.369572	-0.814663	-0.554343	-0.170376	0.080418	-0.398929	0.913449
60485	5.143080	-0.162759	7.364422	0.322131	-0.179265	0.189198	-0.575694	0.728696	0.370915	-0.813334	-0.556965	-0.168159	0.084051	-0.398486	0.913315
60486	5.140818	-0.408335	7.202583	0.249758	-0.217458	0.053678	-0.575914	0.727542	0.372834	-0.812834	-0.558310	-0.166103	0.087310	-0.398713	0.912910
60487	5.225110	-0.635560	7.129685	0.176997	-0.253906	-0.068013	-0.575105	0.726920	0.375290	-0.813093	-0.558479	-0.164257	0.090190	-0.399611	0.912237
60488	5.444912	-0.886081	7.101150	0.099001	-0.279886	-0.180852	-0.573347	0.726820	0.378161	-0.814065	-0.557519	-0.162698	0.092580	-0.401130	0.911331
60489	5.634478	-1.214615	7.191416	0.016929	-0.288348	-0.295679	-0.570637	0.727317	0.381293	-0.815765	-0.555395	-0.161444	0.094347	-0.403172	0.910248
60490	5.837356	-1.607045	7.298025	-0.055035	-0.284485	-0.411140	-0.566976	0.728454	0.384568	-0.818180	-0.552137	-0.160394	0.095494	-0.405586	0.909055
60491	3.260958	-3.488651	8.214121	0.056045	-0.398590	-0.617342	-0.561497	0.730238	0.389196	-0.821633	-0.547819	-0.157520	0.098182	-0.408224	0.907587
60492	3.894248	-3.982997	6.642742	0.155567	-0.527549	-0.820116	-0.554180	0.732557	0.395279	-0.826076	-0.542415	-0.152917	0.102384	-0.411274	0.905743
60493	4.549080	-3.465684	8.650200	0.416703	-0.676474	-0.993268	-0.545201	0.735135	0.402905	-0.831119	-0.536802	-0.145206	0.109534	-0.414028	0.903650
60494	4.218559	-3.684843	9.366602	0.486257	-0.609973	-0.987995	-0.536243	0.737891	0.409831	-0.835935	-0.531499	-0.136827	0.116862	-0.415964	0.901841
