// General information: 
//  MT Manager version: 2022.2.0 
//  XDA version: 2022.2.0 build 7381 rev 124627 built on 2023-07-19
// Device information: 
//  DeviceId: 00B4CB9F
//  ProductCode: MTW2-3A7G6
//  Firmware Version: 4.6.0
//  Hardware Version: 2.0.0
// Device settings: 
//  Filter Profile: human(46.1)
//  Option Flags: Orientation Smoother Disabled, Position/Velocity Smoother Disabled, Continuous Zero Rotation Update Disabled, AHS Disabled, ICC Disabled
// Coordinate system: ENU
PacketCounter	Acc_X	Acc_Y	Acc_Z	Gyr_X	Gyr_Y	Gyr_Z	Mat[1][1]	Mat[2][1]	Mat[3][1]	Mat[1][2]	Mat[2][2]	Mat[3][2]	Mat[1][3]	Mat[2][3]	Mat[3][3]
14833	9.747603	0.323705	0.436214	0.031858	-0.136110	0.001227	-0.047770	0.020680	0.998644	0.069411	-0.997300	0.023973	0.996444	0.070462	0.046206
14834	9.735204	0.320528	0.480861	0.028980	-0.141439	-0.004072	-0.046316	0.020768	0.998711	0.069738	-0.997277	0.023973	0.996490	0.070759	0.044742
14835	9.736011	0.298200	0.475765	0.015915	-0.144955	-0.001943	-0.044792	0.020860	0.998779	0.069936	-0.997264	0.023965	0.996545	0.070924	0.043211
14836	9.765905	0.305435	0.478629	0.013509	-0.145580	-0.003762	-0.043296	0.020949	0.998843	0.070110	-0.997252	0.023954	0.996599	0.071066	0.041709
14837	9.766588	0.305955	0.464140	0.009902	-0.150391	-0.005755	-0.041721	0.021082	0.998907	0.070246	-0.997241	0.023981	0.996657	0.071169	0.040125
14838	9.802562	0.254027	0.515088	0.008723	-0.154484	-0.005947	-0.040138	0.021199	0.998969	0.070371	-0.997232	0.023990	0.996713	0.071261	0.038535
14839	9.767005	0.253130	0.563281	0.006332	-0.158924	-0.007038	-0.038479	0.021352	0.999031	0.070470	-0.997224	0.024028	0.996771	0.071327	0.036868
14840	9.750083	0.218847	0.592788	0.006623	-0.162219	-0.004233	-0.036818	0.021458	0.999092	0.070575	-0.997217	0.024018	0.996827	0.071395	0.035201
14841	9.787615	0.175410	0.530991	0.014422	-0.164742	-0.003554	-0.035099	0.021580	0.999151	0.070757	-0.997204	0.024024	0.996876	0.071540	0.033474
14842	9.776666	0.126568	0.591579	0.023443	-0.155568	0.005810	-0.033496	0.021582	0.999206	0.071033	-0.997187	0.023919	0.996911	0.071778	0.031869
14843	9.778113	0.080304	0.593893	0.046602	-0.161977	0.015355	-0.031792	0.021514	0.999263	0.071542	-0.997155	0.023745	0.996931	0.072244	0.030162
14844	9.803054	0.054122	0.582004	0.078932	-0.153031	0.025293	-0.030200	0.021321	0.999316	0.072376	-0.997101	0.023461	0.996920	0.073035	0.028570
14845	9.781551	-0.028737	0.496964	0.102050	-0.147956	0.032621	-0.028624	0.021073	0.999368	0.073442	-0.997031	0.023127	0.996889	0.074058	0.026991
14846	9.769531	0.032894	0.513973	0.127925	-0.149333	0.045260	-0.027054	0.020681	0.999420	0.074770	-0.996943	0.022654	0.996834	0.075339	0.025425
14847	9.711001	0.037986	0.457087	0.152247	-0.153259	0.045281	-0.025415	0.020314	0.999471	0.076338	-0.996835	0.022202	0.996758	0.076862	0.023783
14848	9.722560	0.119816	0.458693	0.167168	-0.157756	0.049865	-0.023756	0.019888	0.999520	0.078056	-0.996713	0.021687	0.996666	0.078534	0.022125
14849	9.716892	0.151929	0.402800	0.174326	-0.161519	0.054148	-0.022026	0.019444	0.999568	0.079845	-0.996583	0.021145	0.996564	0.080276	0.020399
14850	9.692802	0.239953	0.355316	0.179502	-0.172628	0.052352	-0.020216	0.019010	0.999615	0.081684	-0.996445	0.020602	0.996453	0.082069	0.018591
14851	9.722577	0.287870	0.336071	0.183655	-0.172251	0.049551	-0.018382	0.018627	0.999658	0.083562	-0.996300	0.020101	0.996333	0.083903	0.016758
14852	9.699361	0.308041	0.314388	0.190652	-0.189648	0.054313	-0.016398	0.018195	0.999700	0.085510	-0.996146	0.019533	0.996202	0.085805	0.014779
14853	9.722548	0.391873	0.252354	0.183386	-0.195330	0.049713	-0.014334	0.017837	0.999738	0.087382	-0.995993	0.019023	0.996072	0.087632	0.012718
14854	9.776919	0.369628	0.252000	0.176278	-0.201038	0.055088	-0.012234	0.017415	0.999773	0.089184	-0.995844	0.018438	0.995940	0.089390	0.010630
14855	9.789301	0.427862	0.256279	0.165487	-0.207840	0.057842	-0.010037	0.016995	0.999805	0.090877	-0.995702	0.017837	0.995812	0.091038	0.008449
14856	9.790377	0.400139	0.244550	0.155325	-0.209513	0.056177	-0.007850	0.016576	0.999832	0.092467	-0.995567	0.017232	0.995685	0.092587	0.006283
14857	9.767491	0.397311	0.229110	0.157036	-0.213632	0.052349	-0.005599	0.016223	0.999853	0.094072	-0.995426	0.016678	0.995550	0.094151	0.004047
14858	9.815003	0.410629	0.186054	0.159614	-0.218261	0.055170	-0.003325	0.015830	0.999869	0.095701	-0.995280	0.016076	0.995405	0.095742	0.001794
14859	9.899730	0.372405	0.208394	0.146593	-0.217799	0.056821	-0.001028	0.015444	0.999880	0.097199	-0.995145	0.015471	0.995264	0.097203	-0.000479
14860	9.874727	0.329747	0.099538	0.147274	-0.220365	0.061703	0.001275	0.014995	0.999887	0.098703	-0.995007	0.014796	0.995116	0.098673	-0.002749
14861	9.876197	0.256508	0.106234	0.148246	-0.214539	0.059276	0.003543	0.014588	0.999887	0.100213	-0.994865	0.014159	0.994960	0.100152	-0.004987
14862	9.883447	0.237364	0.115690	0.155789	-0.217653	0.065559	0.005824	0.014104	0.999884	0.101798	-0.994714	0.013438	0.994788	0.101708	-0.007229
14863	9.901143	0.196764	0.075888	0.163283	-0.213245	0.070294	0.008091	0.013593	0.999875	0.103454	-0.994553	0.012684	0.994601	0.103338	-0.009453
14864	9.915421	0.163572	0.117161	0.169830	-0.206868	0.075857	0.010277	0.013004	0.999863	0.105174	-0.994383	0.011851	0.994401	0.105037	-0.011587
14865	9.916521	0.111049	0.116099	0.176690	-0.200018	0.083492	0.012428	0.012355	0.999846	0.106957	-0.994203	0.010956	0.994186	0.106805	-0.013677
14866	9.906814	0.124174	0.144985	0.188990	-0.207261	0.084383	0.014629	0.011689	0.999825	0.108862	-0.994006	0.010028	0.993949	0.108696	-0.015814
14867	9.950978	0.141801	0.182767	0.199275	-0.195973	0.091692	0.016750	0.010962	0.999800	0.110864	-0.993795	0.009039	0.993694	0.110690	-0.017862
14868	9.921930	0.080926	0.167883	0.211491	-0.190459	0.097693	0.018802	0.010154	0.999772	0.112985	-0.993565	0.007966	0.993419	0.112809	-0.019828
14869	9.936056	0.090680	0.192010	0.225246	-0.181869	0.098348	0.020793	0.009354	0.999740	0.115238	-0.993314	0.006897	0.993120	0.115065	-0.021732
14870	9.936835	0.058563	0.184169	0.238091	-0.171627	0.107679	0.022672	0.008434	0.999707	0.117616	-0.993043	0.005710	0.992800	0.117452	-0.023507
14871	9.929501	0.082823	0.125924	0.262855	-0.167464	0.115426	0.024544	0.007456	0.999671	0.120233	-0.992736	0.004453	0.992442	0.120084	-0.025262
14872	9.990584	0.085506	0.139025	0.282311	-0.158131	0.123937	0.026314	0.006368	0.999633	0.123040	-0.992397	0.003084	0.992053	0.122913	-0.026897
14873	10.026193	0.121855	0.230236	0.278612	-0.137145	0.132226	0.027909	0.005197	0.999597	0.125802	-0.992054	0.001645	0.991663	0.125706	-0.028341
14874	10.008017	0.175940	0.304786	0.265842	-0.121260	0.132918	0.029331	0.003983	0.999562	0.128437	-0.991718	0.000183	0.991284	0.128375	-0.029600
14875	10.100623	0.140248	0.357608	0.249289	-0.095735	0.136519	0.030527	0.002723	0.999530	0.130901	-0.991395	-0.001297	0.990925	0.130879	-0.030620
14876	10.137484	0.132223	0.475682	0.215188	-0.059582	0.140405	0.031353	0.001361	0.999507	0.133026	-0.991108	-0.002823	0.990616	0.133049	-0.031255
14877	10.151473	0.082738	0.624976	0.174161	-0.017457	0.141758	0.031784	-0.000050	0.999495	0.134741	-0.990871	-0.004335	0.990371	0.134811	-0.031487
14878	10.165306	0.011126	0.789619	0.137194	0.035559	0.145635	0.031680	-0.001591	0.999497	0.136090	-0.990679	-0.005890	0.990190	0.136208	-0.031168
14879	10.072570	-0.123919	0.884727	0.110575	0.092461	0.150394	0.031036	-0.003237	0.999513	0.137172	-0.990519	-0.007467	0.990061	0.137337	-0.030298
14880	10.081132	-0.316276	0.921187	0.082805	0.152532	0.161297	0.029799	-0.005094	0.999543	0.137979	-0.990393	-0.009161	0.989987	0.138189	-0.028810
14881	10.050692	-0.527014	0.928613	0.048862	0.219811	0.173725	0.027927	-0.007149	0.999584	0.138448	-0.990309	-0.010951	0.989976	0.138696	-0.026667
14882	10.044109	-0.753518	0.855917	0.044490	0.283011	0.197131	0.025450	-0.009543	0.999631	0.138872	-0.990225	-0.012989	0.989983	0.139151	-0.023876
14883	10.095386	-0.870024	0.858071	0.065641	0.351419	0.232340	0.022356	-0.012366	0.999674	0.139502	-0.990103	-0.015367	0.989969	0.139800	-0.020409
14884	10.042761	-0.931654	0.931285	0.080297	0.423398	0.252088	0.018568	-0.015504	0.999707	0.140282	-0.989949	-0.017958	0.989937	0.140574	-0.016206
14885	9.980842	-1.071394	1.020636	0.084392	0.474488	0.280321	0.014325	-0.018982	0.999717	0.141107	-0.989776	-0.020815	0.989891	0.141365	-0.011500
14886	10.065006	-1.167596	0.876832	0.104648	0.536221	0.316153	0.009516	-0.022920	0.999692	0.142142	-0.989554	-0.024041	0.989800	0.142327	-0.006159
14887	9.979868	-1.320847	0.903425	0.144298	0.579922	0.343295	0.004325	-0.027182	0.999621	0.143583	-0.989255	-0.027522	0.989629	0.143648	-0.000375
14888	10.046591	-1.355678	0.968972	0.172043	0.613508	0.375578	-0.001152	-0.031832	0.999493	0.145318	-0.988889	-0.031326	0.989384	0.145208	0.005765
14889	10.087135	-1.389852	0.932979	0.205507	0.646561	0.408401	-0.006894	-0.036853	0.999297	0.147404	-0.988441	-0.035436	0.989052	0.147056	0.012247
14890	10.104991	-1.402626	0.896960	0.232335	0.693629	0.452444	-0.013029	-0.042399	0.999016	0.149785	-0.987910	-0.039975	0.988633	0.149117	0.019223
14891	9.993501	-1.398579	0.950365	0.283692	0.717179	0.487547	-0.019325	-0.048334	0.998644	0.152706	-0.987254	-0.044827	0.988083	0.151633	0.026460
14892	10.015712	-1.330734	0.989730	0.299585	0.736618	0.526021	-0.025738	-0.054700	0.998171	0.155823	-0.986517	-0.050043	0.987450	0.154250	0.033914
14893	10.163720	-1.333041	1.081239	0.259708	0.756142	0.564735	-0.032260	-0.061486	0.997586	0.158589	-0.985776	-0.055629	0.986817	0.156412	0.041552
14894	10.323617	-1.311013	0.964369	0.250828	0.792281	0.601395	-0.039062	-0.068707	0.996872	0.161318	-0.984980	-0.061566	0.986129	0.158409	0.049559
14895	10.365920	-1.238997	0.833362	0.255362	0.832971	0.615339	-0.046218	-0.076137	0.996026	0.164137	-0.984118	-0.067610	0.985354	0.160360	0.057981
14896	10.325061	-1.219063	0.698164	0.258245	0.860947	0.611219	-0.053633	-0.083586	0.995056	0.167027	-0.983202	-0.073587	0.984493	0.162254	0.066693
14897	10.348258	-1.121385	0.678701	0.271537	0.887349	0.609705	-0.061283	-0.091071	0.993957	0.170090	-0.982216	-0.079508	0.983521	0.164189	0.075684
14898	10.211136	-1.168069	0.771741	0.278432	0.891974	0.605050	-0.068960	-0.098531	0.992742	0.173262	-0.981171	-0.085347	0.982459	0.166119	0.084733
14899	10.223772	-1.145273	0.762876	0.273392	0.861456	0.610938	-0.076297	-0.106006	0.991434	0.176432	-0.980077	-0.091214	0.981351	0.167961	0.093479
14900	10.332544	-1.178722	0.615524	0.250157	0.839830	0.607612	-0.083400	-0.113422	0.990040	0.179412	-0.978976	-0.097041	0.980232	0.169532	0.101996
14901	10.337400	-1.323096	0.600604	0.246011	0.808315	0.604714	-0.090170	-0.120761	0.988578	0.182389	-0.977836	-0.102812	0.979083	0.171036	0.110197
14902	10.369508	-1.426475	0.723316	0.225314	0.776548	0.582146	-0.096645	-0.127830	0.987076	0.185181	-0.976712	-0.108356	0.977941	0.172315	0.118066
14903	10.479751	-1.335402	0.705684	0.208285	0.754932	0.565737	-0.102913	-0.134703	0.985527	0.187824	-0.975596	-0.113732	0.976796	0.173401	0.125701
14904	10.409588	-1.267950	0.686221	0.208923	0.765515	0.560331	-0.109272	-0.141544	0.983883	0.190501	-0.974444	-0.119029	0.975586	0.174424	0.133444
14905	10.293627	-1.332022	0.767511	0.200164	0.759104	0.544052	-0.115572	-0.148215	0.982179	0.193107	-0.973291	-0.124151	0.974347	0.175317	0.141107
14906	10.203852	-1.287188	0.845213	0.183538	0.754709	0.524527	-0.121848	-0.154690	0.980420	0.195561	-0.972159	-0.129082	0.973092	0.176003	0.148707
14907	10.011921	-1.348273	0.939217	0.146945	0.749196	0.508942	-0.128074	-0.160999	0.978609	0.197669	-0.971082	-0.133891	0.971866	0.176293	0.156195
14908	9.838689	-1.400736	0.940241	0.142748	0.735741	0.490541	-0.134192	-0.167104	0.976764	0.199743	-0.970009	-0.138507	0.970616	0.176516	0.163545
14909	9.774718	-1.412899	0.898298	0.173379	0.737810	0.495159	-0.140293	-0.173253	0.974834	0.202149	-0.968844	-0.143097	0.969254	0.176986	0.170945
14910	9.801241	-1.380836	0.873131	0.241023	0.744885	0.490696	-0.146454	-0.179372	0.972819	0.205231	-0.967535	-0.147501	0.967694	0.178051	0.178512
14911	9.553402	-1.189235	1.018641	0.292822	0.751365	0.483134	-0.152656	-0.185431	0.970727	0.208829	-0.966113	-0.151709	0.965964	0.179557	0.186206
14912	9.563660	-1.298164	0.928148	0.307793	0.736724	0.486333	-0.158687	-0.191501	0.968579	0.212602	-0.964624	-0.155887	0.964167	0.181185	0.193787
14913	9.440720	-1.275173	0.961877	0.331574	0.705042	0.469648	-0.164407	-0.197354	0.966448	0.216599	-0.963090	-0.159822	0.962318	0.183056	0.201085
14914	9.387087	-1.098977	0.932566	0.363730	0.658507	0.440476	-0.169719	-0.202851	0.964389	0.220878	-0.961520	-0.163376	0.960421	0.185284	0.207994
14915	9.381354	-1.024533	0.886241	0.388521	0.617640	0.407031	-0.174672	-0.207955	0.962416	0.225351	-0.959942	-0.166521	0.958492	0.187794	0.214537
14916	9.400180	-0.955348	0.780965	0.414408	0.583816	0.376389	-0.179350	-0.212715	0.960513	0.230031	-0.958347	-0.169283	0.956514	0.190587	0.220811
14917	9.462140	-0.832511	0.529213	0.438056	0.559253	0.366134	-0.183775	-0.217335	0.958641	0.234926	-0.956700	-0.171859	0.954482	0.193626	0.226875
14918	9.764571	-0.940878	0.517287	0.438047	0.530094	0.372700	-0.187889	-0.221976	0.956778	0.239842	-0.955007	-0.174466	0.952457	0.196695	0.232675
14919	10.067418	-1.210589	0.643160	0.368907	0.537925	0.396394	-0.191978	-0.226860	0.954819	0.244149	-0.953368	-0.177426	0.950545	0.199056	0.238413
14920	10.085365	-1.239478	0.941908	0.293224	0.548475	0.417213	-0.196105	-0.231975	0.952749	0.247790	-0.951805	-0.180742	0.948759	0.200637	0.244134
14921	10.031925	-1.082834	1.266328	0.213599	0.532674	0.383750	-0.200124	-0.236730	0.950741	0.250618	-0.950457	-0.183906	0.947175	0.201469	0.249538
14922	9.995311	-0.873074	1.478996	0.122800	0.570445	0.328979	-0.204640	-0.241048	0.948693	0.252494	-0.949403	-0.186764	0.945711	0.201320	0.255149
14923	9.793210	-0.533437	1.709693	0.007561	0.631239	0.265463	-0.209859	-0.244866	0.946573	0.253158	-0.948724	-0.189297	0.944389	0.199907	0.261088
14924	9.468417	-0.387052	2.032384	-0.150708	0.650137	0.193065	-0.215452	-0.248032	0.944490	0.252194	-0.948526	-0.191562	0.943387	0.196922	0.266915
14925	9.379062	-0.091969	2.135581	-0.341417	0.648962	0.119312	-0.221198	-0.250456	0.942520	0.249278	-0.948875	-0.193642	0.942832	0.192116	0.272322
14926	9.216599	-0.000574	2.298870	-0.525379	0.688413	0.069873	-0.227460	-0.252463	0.940491	0.244531	-0.949670	-0.195787	0.942585	0.185445	0.277747
14927	9.052907	-0.117588	2.567383	-0.626323	0.727123	0.042599	-0.234136	-0.254215	0.938379	0.238769	-0.950682	-0.197973	0.942428	0.177703	0.283288
14928	8.931120	-0.346543	2.720938	-0.676310	0.801347	0.052176	-0.241510	-0.256147	0.935982	0.232570	-0.951701	-0.200439	0.942117	0.169273	0.289417
14929	8.713429	-0.767463	2.893931	-0.647398	0.866887	0.091292	-0.249391	-0.258472	0.933272	0.226740	-0.952519	-0.203213	0.941484	0.160931	0.296156
14930	8.517547	-1.150639	2.879131	-0.576829	0.913948	0.128038	-0.257651	-0.261174	0.930271	0.221687	-0.953072	-0.206176	0.940463	0.153108	0.303459
14931	8.314525	-1.563992	2.794742	-0.471710	0.941294	0.162858	-0.266067	-0.264159	0.927053	0.217726	-0.953335	-0.209160	0.939044	0.146193	0.311166
14932	8.095630	-1.926343	2.792141	-0.366460	0.932870	0.183748	-0.274369	-0.267294	0.923729	0.214835	-0.953351	-0.212054	0.937319	0.140268	0.318994
14933	7.931207	-2.221853	2.722248	-0.286613	0.872112	0.198536	-0.282041	-0.270413	0.920505	0.212749	-0.953198	-0.214831	0.935516	0.135246	0.326371
14934	7.761340	-2.436139	2.743347	-0.234764	0.800766	0.200878	-0.289046	-0.273440	0.917433	0.211180	-0.952944	-0.217489	0.933732	0.130879	0.333190
14935	7.603063	-2.617737	2.767576	-0.217093	0.696974	0.188498	-0.295082	-0.276161	0.914692	0.209751	-0.952690	-0.219967	0.932165	0.126950	0.339047
14936	7.539376	-2.928866	2.702033	-0.174444	0.577498	0.165034	-0.300064	-0.278504	0.912358	0.208670	-0.952431	-0.222108	0.930816	0.123735	0.343905
14937	7.556693	-2.991380	2.729728	-0.128026	0.472835	0.132630	-0.304116	-0.280375	0.910441	0.207926	-0.952202	-0.223782	0.929667	0.121249	0.347877
14938	7.597367	-2.980036	2.799204	-0.120629	0.388947	0.106099	-0.307457	-0.281900	0.908847	0.207182	-0.952028	-0.225206	0.928733	0.119056	0.351113
14939	7.733807	-2.971823	2.941506	-0.154468	0.326551	0.094165	-0.310224	-0.283213	0.907498	0.206085	-0.951929	-0.226629	0.928057	0.116716	0.353677
14940	7.889673	-2.773913	3.075266	-0.219568	0.290028	0.091594	-0.312675	-0.284467	0.906263	0.204386	-0.951901	-0.228276	0.927610	0.113852	0.355777
14941	7.961361	-2.597743	3.403804	-0.273863	0.258153	0.096039	-0.314803	-0.285704	0.905137	0.202195	-0.951919	-0.230148	0.927371	0.110563	0.357435
14942	8.046305	-2.467598	3.907518	-0.344749	0.243367	0.087430	-0.316833	-0.286848	0.904066	0.199327	-0.952023	-0.232210	0.927300	0.106633	0.358809
14943	8.013495	-2.598637	4.364580	-0.356588	0.249083	0.074903	-0.318925	-0.287857	0.903009	0.196306	-0.952164	-0.234195	0.927228	0.102576	0.360177
14944	7.997509	-2.534410	5.030565	-0.324432	0.276837	0.044443	-0.321353	-0.288607	0.901908	0.193494	-0.952343	-0.235803	0.926980	0.098737	0.361882
14945	8.253794	-2.849523	6.301122	-0.342529	0.313281	0.028868	-0.324135	-0.289221	0.900715	0.190461	-0.952574	-0.237333	0.926640	0.094623	0.363848
14946	8.820120	-3.256134	7.310490	-0.404012	0.379413	0.049887	-0.327504	-0.290095	0.899214	0.186934	-0.952782	-0.239293	0.926173	0.089724	0.366269
14947	8.900885	-3.427528	7.468268	-0.382975	0.467790	0.082558	-0.331621	-0.291329	0.897304	0.183711	-0.952860	-0.241471	0.925353	0.084768	0.369509
14948	8.751950	-3.759672	7.281039	-0.284918	0.535149	0.101952	-0.336333	-0.292792	0.895072	0.181471	-0.952778	-0.243479	0.924093	0.080539	0.373584
14949	8.235016	-4.241591	6.664547	-0.212181	0.598932	0.089061	-0.341647	-0.294153	0.892609	0.179866	-0.952667	-0.245101	0.922456	0.076812	0.378384
14950	7.557822	-4.668993	5.687186	-0.095834	0.587920	0.074608	-0.346881	-0.295358	0.890190	0.179294	-0.952500	-0.246166	0.920612	0.074216	0.383360
14951	6.947382	-4.927047	4.588750	0.058756	0.500434	0.067647	-0.351311	-0.296418	0.888097	0.180125	-0.952238	-0.246572	0.918768	0.073345	0.387924
14952	6.713213	-4.705414	4.008790	0.168433	0.398195	0.043968	-0.354836	-0.297179	0.886440	0.181881	-0.951964	-0.246340	0.917066	0.073816	0.391843
14953	6.450924	-4.018111	3.606807	0.253466	0.314416	-0.023365	-0.357711	-0.297243	0.885263	0.184176	-0.951825	-0.245172	0.915490	0.075343	0.395223
14954	6.405650	-3.232171	2.660819	0.437130	0.114260	-0.105978	-0.358903	-0.296372	0.885072	0.187850	-0.951782	-0.242536	0.914276	0.079214	0.397271
14955	6.976282	-2.711227	1.582656	0.700455	-0.136616	-0.133741	-0.357859	-0.295041	0.885939	0.193828	-0.951576	-0.238607	0.913437	0.086332	0.397717
14956	7.591132	-2.246270	1.038257	0.876177	-0.322331	-0.154963	-0.355171	-0.293322	0.887590	0.201331	-0.951215	-0.233786	0.912863	0.095666	0.396899
14957	8.088097	-1.739602	0.930605	0.951366	-0.454515	-0.162733	-0.351303	-0.291371	0.889769	0.209494	-0.950709	-0.228613	0.912523	0.106089	0.395027
14958	8.500819	-1.248085	0.940535	0.970102	-0.564225	-0.180401	-0.346488	-0.289075	0.892402	0.217771	-0.950130	-0.223222	0.912427	0.116996	0.392160
14959	8.984717	-0.916689	1.084795	0.968376	-0.630249	-0.196474	-0.341113	-0.286488	0.895302	0.225984	-0.949487	-0.217726	0.912454	0.128055	0.388625
14960	9.493125	-0.644599	1.405490	0.917251	-0.642219	-0.204841	-0.335671	-0.283734	0.898231	0.233715	-0.948827	-0.212377	0.912525	0.138641	0.384807
14961	9.838505	-0.393765	1.865956	0.800835	-0.618719	-0.217089	-0.330475	-0.280836	0.901064	0.240351	-0.948271	-0.207397	0.912698	0.148032	0.380879
14962	10.264271	-0.181672	2.233926	0.623555	-0.582379	-0.234753	-0.325675	-0.277772	0.903758	0.245327	-0.947958	-0.202952	0.913099	0.155620	0.376872
14963	10.462268	-0.104175	2.590038	0.422304	-0.535274	-0.263732	-0.321370	-0.274467	0.906305	0.248381	-0.947997	-0.199019	0.913799	0.161151	0.372830
14964	10.638931	0.127037	2.762736	0.231250	-0.518085	-0.303222	-0.317334	-0.270793	0.908829	0.249580	-0.948425	-0.195446	0.914882	0.164804	0.368552
14965	10.890217	0.315366	2.681030	0.026904	-0.510495	-0.340568	-0.313439	-0.266754	0.911372	0.248801	-0.949277	-0.192281	0.916435	0.166482	0.363909
14966	11.079048	0.170513	2.411735	-0.189755	-0.502941	-0.381210	-0.309714	-0.262342	0.913922	0.245925	-0.950580	-0.189524	0.918476	0.166058	0.358924
14967	11.024484	-0.101734	2.268699	-0.432757	-0.475865	-0.436761	-0.306329	-0.257435	0.916455	0.240647	-0.952409	-0.187098	0.921006	0.163229	0.353702
14968	10.715758	-0.368334	2.514456	-0.710814	-0.425997	-0.492108	-0.303510	-0.252105	0.918871	0.232642	-0.954783	-0.185115	0.923991	0.157584	0.348437
14969	10.291298	-0.633245	2.925998	-1.014539	-0.351731	-0.542428	-0.301414	-0.246409	0.921104	0.221657	-0.957673	-0.183659	0.927371	0.148811	0.343275
14970	9.751734	-1.211418	3.105490	-1.255699	-0.281523	-0.577791	-0.299988	-0.240511	0.923126	0.208304	-0.960858	-0.182649	0.930922	0.137498	0.338346
14971	9.301069	-1.962425	2.998638	-1.343545	-0.219746	-0.595883	-0.299066	-0.234516	0.924966	0.194036	-0.964024	-0.181682	0.934296	0.125142	0.333811
14972	8.926758	-2.823504	2.628661	-1.263994	-0.210454	-0.585803	-0.298142	-0.228658	0.926729	0.180511	-0.966871	-0.180489	0.937298	0.113473	0.329540
14973	8.765768	-3.546273	2.391778	-1.066323	-0.221768	-0.534221	-0.296923	-0.223276	0.928431	0.168960	-0.969223	-0.179051	0.939835	0.103703	0.325509
14974	8.794352	-4.070559	2.166614	-0.776992	-0.244833	-0.458608	-0.295324	-0.218632	0.930045	0.160344	-0.970999	-0.177344	0.941846	0.096753	0.321816
14975	8.896440	-4.297656	2.112779	-0.431843	-0.260189	-0.364736	-0.293375	-0.214877	0.931536	0.155247	-0.972187	-0.175360	0.943308	0.093172	0.318574
14976	9.040673	-4.178500	2.141063	-0.079417	-0.262428	-0.286381	-0.291291	-0.211897	0.932872	0.153713	-0.972856	-0.172982	0.944205	0.093006	0.315955
14977	9.180920	-3.769664	2.277868	0.249725	-0.265342	-0.231978	-0.289068	-0.209430	0.934119	0.155445	-0.973095	-0.170065	0.944604	0.096044	0.313846
14978	9.304209	-3.154661	2.367554	0.520320	-0.276011	-0.196866	-0.286721	-0.207291	0.935319	0.159846	-0.972976	-0.166636	0.944585	0.101728	0.312108
14979	9.393820	-2.460193	2.479331	0.734005	-0.306609	-0.172772	-0.284030	-0.205330	0.936572	0.166332	-0.972542	-0.162773	0.944278	0.109549	0.310385
14980	9.508037	-1.683815	2.522795	0.874358	-0.326287	-0.178094	-0.281203	-0.203275	0.937872	0.174134	-0.971892	-0.158437	0.943717	0.118763	0.308696
14981	9.612715	-0.933536	2.539949	0.950183	-0.341195	-0.197055	-0.278256	-0.200981	0.939244	0.182594	-0.971100	-0.153703	0.942991	0.128731	0.306913
14982	9.710654	-0.218852	2.453254	0.962287	-0.343862	-0.224595	-0.275383	-0.198389	0.940641	0.191094	-0.970245	-0.148688	0.942150	0.138805	0.305100
14983	9.824908	0.388719	2.374009	0.901818	-0.346959	-0.249205	-0.272521	-0.195514	0.942076	0.198951	-0.969426	-0.143639	0.941356	0.148282	0.303087
14984	9.777249	0.879769	2.292696	0.776076	-0.352673	-0.278118	-0.269712	-0.192329	0.943539	0.205551	-0.968766	-0.138714	0.940747	0.156532	0.300821
14985	9.749140	1.170740	2.217076	0.599119	-0.363054	-0.307351	-0.266855	-0.188807	0.945061	0.210408	-0.968379	-0.134053	0.940488	0.163076	0.298143
14986	9.678987	1.391931	2.093113	0.388467	-0.380886	-0.344969	-0.263950	-0.184883	0.946651	0.213197	-0.968365	-0.129679	0.940679	0.167594	0.295017
14987	9.673354	1.389842	2.017661	0.149861	-0.413853	-0.373327	-0.260770	-0.180599	0.948358	0.213673	-0.968780	-0.125734	0.941458	0.169851	0.291218
14988	9.632122	1.348789	1.962862	-0.101180	-0.439595	-0.396307	-0.257418	-0.176058	0.950126	0.211744	-0.969642	-0.122306	0.942815	0.169699	0.286883
14989	9.655699	1.052408	1.891261	-0.352951	-0.464108	-0.411247	-0.253817	-0.171310	0.951961	0.207406	-0.970938	-0.119425	0.944754	0.167130	0.281972
14990	9.653709	0.535228	1.815860	-0.572766	-0.477764	-0.418160	-0.250099	-0.166506	0.953796	0.200985	-0.972572	-0.117083	0.947130	0.162416	0.276705
14991	9.635232	-0.059448	1.798157	-0.739667	-0.491473	-0.419166	-0.246180	-0.161664	0.955646	0.192973	-0.974426	-0.115130	0.949819	0.156072	0.271082
14992	9.612458	-0.680023	1.890046	-0.837707	-0.501237	-0.420015	-0.242152	-0.156851	0.957476	0.184029	-0.976357	-0.113402	0.952626	0.148743	0.265292
14993	9.583157	-1.255331	1.949006	-0.865254	-0.519460	-0.417221	-0.237861	-0.152041	0.959325	0.174817	-0.978245	-0.111694	0.955438	0.141139	0.259266
14994	9.497130	-1.774968	2.030207	-0.818321	-0.528880	-0.410661	-0.233450	-0.147341	0.961141	0.166070	-0.979972	-0.109892	0.958082	0.133962	0.253243
14995	9.435605	-2.210939	2.118971	-0.695190	-0.549237	-0.412081	-0.228766	-0.142603	0.962980	0.158492	-0.981470	-0.107689	0.960493	0.127989	0.247128
14996	9.382749	-2.519224	2.122519	-0.523515	-0.569715	-0.412648	-0.223879	-0.137882	0.964814	0.152574	-0.982695	-0.105034	0.962600	0.123691	0.241042
14997	9.405289	-2.606335	2.160020	-0.338585	-0.595993	-0.427298	-0.218695	-0.132976	0.966690	0.148410	-0.983679	-0.101738	0.964441	0.121216	0.234861
14998	9.395463	-2.618686	2.280772	-0.138807	-0.595973	-0.438357	-0.213538	-0.127991	0.968514	0.146172	-0.984407	-0.097864	0.965938	0.120672	0.228917
14999	9.251360	-2.318245	2.369289	0.038624	-0.603159	-0.423530	-0.208242	-0.123118	0.970298	0.145695	-0.984882	-0.093700	0.967165	0.121856	0.223032
15000	9.192525	-1.953053	2.399481	0.180216	-0.617420	-0.400020	-0.202802	-0.118467	0.972027	0.146666	-0.985132	-0.089464	0.968174	0.124420	0.217161
15001	9.206915	-1.697634	2.336449	0.288197	-0.623654	-0.382998	-0.197242	-0.113937	0.973711	0.148735	-0.985204	-0.085153	0.969006	0.128029	0.211270
15002	9.326269	-1.394429	2.241631	0.353460	-0.600957	-0.369751	-0.191921	-0.109561	0.975276	0.151490	-0.985146	-0.080859	0.969648	0.132226	0.205668
15003	9.300920	-1.068880	2.261163	0.393521	-0.564739	-0.352023	-0.186898	-0.105366	0.976712	0.154683	-0.984985	-0.076659	0.970125	0.136754	0.200390
15004	9.294316	-0.758995	2.258566	0.394882	-0.542036	-0.327868	-0.182100	-0.101432	0.978034	0.157958	-0.984765	-0.072720	0.970510	0.141246	0.195348
15005	9.335481	-0.462120	2.307972	0.365415	-0.525596	-0.311145	-0.177410	-0.097647	0.979281	0.160989	-0.984541	-0.069006	0.970880	0.145411	0.190388
15006	9.459613	-0.224409	2.263447	0.320811	-0.505979	-0.290024	-0.172916	-0.094095	0.980432	0.163643	-0.984335	-0.065609	0.971247	0.149096	0.185605
15007	9.596373	-0.035011	2.183713	0.266711	-0.474052	-0.278932	-0.168687	-0.090667	0.981491	0.165801	-0.984182	-0.062420	0.971625	0.152203	0.181052
15008	9.657960	0.045522	2.029517	0.207045	-0.432648	-0.281872	-0.164900	-0.087277	0.982441	0.167390	-0.984104	-0.059329	0.972002	0.154667	0.176888
15009	9.663069	0.089712	1.902064	0.161857	-0.402534	-0.285183	-0.161383	-0.083874	0.983321	0.168541	-0.984087	-0.056278	0.972394	0.156648	0.172952
15010	9.645673	0.146502	1.801310	0.083138	-0.366081	-0.278211	-0.158240	-0.080609	0.984105	0.168952	-0.984174	-0.053447	0.972839	0.157808	0.169355
15011	9.608771	0.093475	1.702713	-0.004974	-0.330943	-0.277040	-0.155406	-0.077388	0.984815	0.168512	-0.984392	-0.050763	0.973372	0.158064	0.166021
15012	9.644653	-0.007936	1.699465	-0.094351	-0.311261	-0.276648	-0.152787	-0.074221	0.985468	0.167213	-0.984740	-0.048241	0.974010	0.157412	0.162866
15013	9.631146	-0.148508	1.777445	-0.176836	-0.279700	-0.266981	-0.150424	-0.071181	0.986056	0.165128	-0.985202	-0.045929	0.974733	0.155916	0.159952
15014	9.629849	-0.347823	1.800749	-0.239397	-0.247767	-0.258394	-0.148380	-0.068299	0.986569	0.162453	-0.985743	-0.043809	0.975496	0.153771	0.157360
15015	9.640110	-0.530383	1.924013	-0.281494	-0.222136	-0.252794	-0.146538	-0.065496	0.987034	0.159376	-0.986333	-0.041788	0.976282	0.151186	0.154974
15016	9.545809	-0.861683	1.942306	-0.281637	-0.197312	-0.249368	-0.144953	-0.062788	0.987444	0.156307	-0.986906	-0.039809	0.977014	0.148574	0.152870
15017	9.549197	-1.088801	2.033785	-0.243393	-0.185651	-0.237493	-0.143428	-0.060200	0.987828	0.153629	-0.987403	-0.037867	0.977664	0.146328	0.150869
15018	9.557307	-1.141026	2.153864	-0.163257	-0.179727	-0.222434	-0.141958	-0.057790	0.988184	0.151761	-0.987763	-0.035964	0.978170	0.144862	0.148991
15019	9.628784	-1.080490	2.241182	-0.073174	-0.179233	-0.201306	-0.140432	-0.055573	0.988530	0.150804	-0.987975	-0.034119	0.978538	0.144282	0.147123
15020	9.576000	-0.966206	2.243989	0.015168	-0.165745	-0.185206	-0.139037	-0.053552	0.988838	0.150739	-0.988045	-0.032315	0.978747	0.144563	0.145448
15021	9.460942	-0.811537	2.320270	0.090277	-0.184283	-0.172423	-0.137418	-0.051614	0.989167	0.151427	-0.987997	-0.030517	0.978870	0.145593	0.143584
15022	9.439743	-0.645783	2.320976	0.162971	-0.219238	-0.165896	-0.135473	-0.049703	0.989534	0.152841	-0.987834	-0.028693	0.978921	0.147354	0.141421
15023	9.532080	-0.515859	2.263142	0.225013	-0.247397	-0.160219	-0.133223	-0.047787	0.989933	0.154872	-0.987570	-0.026831	0.978911	0.149738	0.138967
15024	9.512159	-0.400891	2.091829	0.270306	-0.265962	-0.148964	-0.130800	-0.045962	0.990343	0.157366	-0.987223	-0.025033	0.978840	0.152572	0.136362
15025	9.398353	-0.330819	2.035907	0.308352	-0.287450	-0.145471	-0.128144	-0.044118	0.990774	0.160239	-0.986805	-0.023216	0.978725	0.155786	0.133523
15026	9.308534	-0.264721	1.976187	0.333039	-0.302128	-0.132641	-0.125350	-0.042381	0.991207	0.163375	-0.986330	-0.021512	0.978568	0.159242	0.130561
15027	9.268480	-0.184197	1.899444	0.355062	-0.318656	-0.125867	-0.122368	-0.040661	0.991652	0.166736	-0.985802	-0.019847	0.978379	0.162915	0.127410
15028	9.292435	0.018815	1.805392	0.368781	-0.334503	-0.112002	-0.119232	-0.039054	0.992098	0.170253	-0.985230	-0.018322	0.978160	0.166723	0.124120
15029	9.511414	0.238591	1.665221	0.344197	-0.345247	-0.109943	-0.115973	-0.037423	0.992547	0.173532	-0.984684	-0.016851	0.977976	0.170285	0.120691
15030	9.579842	0.323637	1.668983	0.385127	-0.345367	-0.101667	-0.112721	-0.035875	0.992979	0.177226	-0.984049	-0.015434	0.977694	0.174242	0.117281
15031	9.680077	0.534972	1.383010	0.382495	-0.343496	-0.112970	-0.109495	-0.034191	0.993399	0.180882	-0.983406	-0.013910	0.977391	0.178165	0.113863
15032	9.757805	0.691804	0.987310	0.368410	-0.342498	-0.127668	-0.106329	-0.032366	0.993804	0.184388	-0.982777	-0.012279	0.977085	0.181940	0.110465
15033	9.807091	0.828502	0.603472	0.358320	-0.359845	-0.136037	-0.102996	-0.030400	0.994217	0.187788	-0.982153	-0.010577	0.976795	0.185612	0.106867
15034	9.874914	0.862703	0.292319	0.336429	-0.361990	-0.133744	-0.099661	-0.028455	0.994615	0.190981	-0.981553	-0.008945	0.976521	0.189061	0.103257
15035	9.947765	0.894806	0.033776	0.309961	-0.381215	-0.122428	-0.096103	-0.026556	0.995017	0.193929	-0.980987	-0.007451	0.976297	0.192247	0.099426
15036	10.018302	0.849589	-0.159005	0.273005	-0.378888	-0.115472	-0.092576	-0.024736	0.995398	0.196528	-0.980479	-0.006088	0.976118	0.195060	0.095630
15037	10.001424	0.783214	-0.239339	0.215388	-0.366291	-0.093658	-0.089113	-0.023126	0.995753	0.198586	-0.980071	-0.004990	0.976024	0.197298	0.091929
15038	10.045620	0.742434	-0.260691	0.157932	-0.356453	-0.081141	-0.085742	-0.021671	0.996082	0.200099	-0.979767	-0.004092	0.976017	0.198964	0.088343
15039	9.984478	0.594302	-0.230156	0.100161	-0.342204	-0.074082	-0.082475	-0.020287	0.996387	0.201054	-0.979575	-0.003303	0.976102	0.200056	0.084869
15040	9.875751	0.532090	-0.091991	0.049234	-0.326482	-0.065681	-0.079366	-0.019036	0.996664	0.201524	-0.979480	-0.002660	0.976263	0.200640	0.081574
15041	9.764497	0.383657	0.095005	0.004112	-0.312224	-0.066301	-0.076375	-0.017783	0.996921	0.201552	-0.979476	-0.002031	0.976496	0.200776	0.078392
15042	9.747798	0.335546	0.322829	-0.040138	-0.303932	-0.066561	-0.073487	-0.016567	0.997159	0.201152	-0.979559	-0.001450	0.976800	0.200474	0.075317
15043	9.757355	0.306047	0.536466	-0.078306	-0.292564	-0.074796	-0.070702	-0.015272	0.997381	0.200372	-0.979719	-0.000797	0.977165	0.199791	0.072328
15044	9.780895	0.326486	0.637818	-0.105567	-0.278151	-0.086999	-0.068103	-0.013910	0.997581	0.199322	-0.979934	-0.000057	0.977565	0.198836	0.069509
15045	9.749402	0.256807	0.773052	-0.129572	-0.269828	-0.109125	-0.065605	-0.012329	0.997770	0.198021	-0.980197	0.000909	0.978000	0.197639	0.066747
15046	9.737605	0.313803	0.781911	-0.144224	-0.269825	-0.123338	-0.063155	-0.010634	0.997947	0.196572	-0.980487	0.001992	0.978453	0.196294	0.064013
15047	9.793293	0.212464	0.859181	-0.143730	-0.269327	-0.131312	-0.060700	-0.008842	0.998117	0.195123	-0.980774	0.003178	0.978899	0.194948	0.061258
15048	9.715918	0.113385	0.881685	-0.143113	-0.265806	-0.127757	-0.058292	-0.007118	0.998274	0.193687	-0.981054	0.004315	0.979330	0.193604	0.058566
15049	9.749996	0.057321	0.939964	-0.132000	-0.263137	-0.119454	-0.055869	-0.005461	0.998423	0.192364	-0.981309	0.005397	0.979732	0.192362	0.055875
15050	9.731727	-0.005368	0.985943	-0.100994	-0.251174	-0.105420	-0.053557	-0.003990	0.998557	0.191357	-0.981500	0.006341	0.980058	0.191421	0.053329
15051	9.752597	-0.031972	0.947439	-0.045548	-0.250184	-0.088984	-0.051200	-0.002662	0.998685	0.190903	-0.981583	0.007171	0.980273	0.191019	0.050765
15052	9.707224	-0.019579	0.931711	0.011259	-0.251534	-0.058769	-0.048793	-0.001650	0.998808	0.191024	-0.981555	0.007710	0.980372	0.191173	0.048208
15053	9.715064	0.018297	0.916426	0.066403	-0.264469	-0.041232	-0.046205	-0.000763	0.998932	0.191694	-0.981421	0.008118	0.980366	0.191864	0.045493
15054	9.691184	0.114949	0.960847	0.108578	-0.275033	-0.020729	-0.043495	-0.000076	0.999054	0.192789	-0.981205	0.008319	0.980276	0.192969	0.042693
15055	9.670909	0.206593	0.892075	0.121357	-0.292234	-0.012238	-0.040582	0.000586	0.999176	0.194012	-0.980963	0.008455	0.980159	0.194195	0.039696
15056	9.644562	0.221879	0.834715	0.130005	-0.311869	-0.010524	-0.037492	0.001251	0.999296	0.195322	-0.980702	0.008556	0.980022	0.195505	0.036524
15057	9.623479	0.248107	0.797034	0.142396	-0.322457	-0.008118	-0.034276	0.001939	0.999411	0.196752	-0.980415	0.008650	0.979854	0.196932	0.033223
15058	9.602034	0.209373	0.792710	0.147185	-0.337712	-0.002583	-0.030919	0.002587	0.999519	0.198233	-0.980117	0.008668	0.979667	0.198405	0.029791
15059	9.622885	0.175047	0.744881	0.161099	-0.354691	0.004592	-0.027364	0.003224	0.999620	0.199849	-0.979789	0.008631	0.979444	0.200010	0.026167
15060	9.679924	0.111841	0.643680	0.168936	-0.371480	0.016899	-0.023638	0.003759	0.999714	0.201547	-0.979442	0.008449	0.979194	0.201689	0.022395
15061	9.742111	0.058303	0.562089	0.169732	-0.376680	0.032712	-0.019814	0.004178	0.999795	0.203253	-0.979093	0.008120	0.978926	0.203372	0.018551
15062	9.833351	-0.009542	0.507491	0.177901	-0.373946	0.042279	-0.016014	0.004483	0.999862	0.205040	-0.978723	0.007672	0.978623	0.205135	0.014754
15063	9.781989	-0.062291	0.485217	0.170667	-0.343120	0.056636	-0.012470	0.004611	0.999912	0.206755	-0.978367	0.007090	0.978313	0.206825	0.011247
15064	9.647767	-0.103143	0.538768	0.186090	-0.353745	0.055232	-0.008841	0.004760	0.999950	0.208619	-0.977975	0.006500	0.977957	0.208666	0.007653
15065	9.727717	-0.162390	0.655867	0.182472	-0.368165	0.045943	-0.005076	0.005058	0.999974	0.210442	-0.977588	0.006013	0.977593	0.210467	0.003898
15066	9.771165	-0.182286	0.588904	0.163311	-0.366362	0.034458	-0.001368	0.005450	0.999984	0.212077	-0.977237	0.005617	0.977252	0.212082	0.000181
15067	9.786385	-0.246774	0.642245	0.169563	-0.362113	0.028081	0.002298	0.005922	0.999980	0.213769	-0.976870	0.005294	0.976881	0.213753	-0.003511
15068	9.761411	-0.314593	0.739377	0.173634	-0.365676	0.024002	0.005975	0.006428	0.999961	0.215502	-0.976491	0.004989	0.976485	0.215463	-0.007220
15069	9.821232	-0.410028	0.884578	0.167519	-0.367384	0.027532	0.009689	0.006927	0.999929	0.217170	-0.976123	0.004658	0.976086	0.217110	-0.010962
15070	9.762817	-0.583113	0.995509	0.175346	-0.346638	0.037945	0.013209	0.007268	0.999886	0.218914	-0.975735	0.004200	0.975655	0.218833	-0.014479
15071	9.644506	-0.753016	1.068104	0.207487	-0.331263	0.054304	0.016625	0.007439	0.999834	0.220964	-0.975275	0.003582	0.975140	0.220868	-0.017857
15072	9.522449	-0.885497	1.211581	0.247470	-0.305068	0.067786	0.019804	0.007411	0.999776	0.223401	-0.974723	0.002800	0.974525	0.223296	-0.020959
15073	9.458672	-0.872768	1.315482	0.333656	-0.284802	0.081930	0.022826	0.007224	0.999713	0.226668	-0.973970	0.001863	0.973704	0.226561	-0.023869
15074	9.614140	-0.786118	1.248138	0.433663	-0.276272	0.099368	0.025797	0.006845	0.999644	0.230901	-0.972977	0.000703	0.972635	0.230800	-0.026681
15075	9.729687	-0.595286	1.072833	0.530694	-0.265585	0.125541	0.028733	0.006213	0.999568	0.236059	-0.971738	-0.000746	0.971314	0.235978	-0.029388
15076	9.852729	-0.350132	0.799901	0.602104	-0.267082	0.131502	0.031695	0.005530	0.999482	0.241899	-0.970299	-0.002302	0.969784	0.241846	-0.032092
15077	9.851410	-0.125824	0.547646	0.620314	-0.247542	0.139353	0.034495	0.004754	0.999394	0.247897	-0.968778	-0.003948	0.968172	0.247883	-0.034596
15078	9.804780	-0.002466	0.369842	0.598000	-0.234256	0.134482	0.037155	0.003996	0.999302	0.253669	-0.967275	-0.005563	0.966577	0.253699	-0.036953
15079	9.714684	0.156293	0.394410	0.549621	-0.217003	0.136886	0.039660	0.003198	0.999208	0.258959	-0.965862	-0.007187	0.965074	0.259039	-0.039134
15080	9.601840	0.255932	0.555167	0.474792	-0.207915	0.131989	0.042067	0.002425	0.999112	0.263519	-0.964615	-0.008754	0.963737	0.263653	-0.041217
15081	9.685699	0.457353	0.914615	0.359770	-0.206323	0.119500	0.044429	0.001789	0.999011	0.266966	-0.963653	-0.010147	0.962681	0.267152	-0.043291
15082	9.921812	0.590614	1.109970	0.264565	-0.225608	0.123770	0.046989	0.001161	0.998895	0.269489	-0.962934	-0.011558	0.961856	0.269734	-0.045560
15083	10.290097	0.812427	1.073769	0.222880	-0.257487	0.139508	0.049897	0.000485	0.998754	0.271598	-0.962322	-0.013102	0.961117	0.271913	-0.048148
15084	10.569425	0.961971	0.745230	0.211633	-0.272233	0.156970	0.052997	-0.000324	0.998595	0.273584	-0.961734	-0.014832	0.960387	0.273986	-0.050881
15085	10.647329	1.090536	0.440107	0.218771	-0.264283	0.177435	0.056074	-0.001332	0.998426	0.275620	-0.961121	-0.016762	0.959630	0.276126	-0.053526
15086	10.820758	1.036348	0.216744	0.181814	-0.215245	0.197349	0.058741	-0.002674	0.998270	0.277284	-0.960602	-0.018889	0.958990	0.277914	-0.055686
15087	10.919578	0.813746	0.198863	0.096581	-0.116283	0.217095	0.060509	-0.004463	0.998158	0.278113	-0.960315	-0.021153	0.958641	0.278881	-0.056867
15088	10.919250	0.467944	0.280429	-0.018638	0.008800	0.235129	0.061136	-0.006786	0.998106	0.277825	-0.960343	-0.023547	0.958684	0.278738	-0.056826
15089	10.826575	-0.028782	0.416524	-0.127291	0.130857	0.237119	0.060586	-0.009454	0.998118	0.276492	-0.960668	-0.025883	0.959105	0.277539	-0.055589
15090	10.792388	-0.508749	0.589109	-0.203163	0.229858	0.241839	0.059104	-0.012455	0.998174	0.274431	-0.961192	-0.028244	0.959789	0.275599	-0.053392
15091	10.708200	-0.961996	0.678245	-0.225318	0.321726	0.248078	0.056739	-0.015751	0.998265	0.272156	-0.961765	-0.030644	0.960579	0.273423	-0.050283
15092	10.620410	-1.313512	0.707292	-0.215012	0.377303	0.266680	0.053893	-0.019386	0.998358	0.269976	-0.962292	-0.033259	0.961358	0.271326	-0.046627
15093	10.547168	-1.497416	0.505158	-0.153416	0.419448	0.289145	0.050682	-0.023334	0.998442	0.268382	-0.962635	-0.036120	0.961978	0.269795	-0.042526
15094	10.505013	-1.654006	0.308057	-0.031859	0.458342	0.324940	0.047201	-0.027739	0.998500	0.267951	-0.962626	-0.039409	0.962276	0.269409	-0.038004
15095	10.456862	-1.640288	0.071369	0.107348	0.505124	0.361667	0.043354	-0.032616	0.998527	0.268854	-0.962216	-0.043103	0.962205	0.270327	-0.032947
15096	10.450149	-1.651682	-0.189577	0.243479	0.566375	0.401810	0.039048	-0.038059	0.998512	0.271065	-0.961401	-0.047245	0.961769	0.272507	-0.027224
15097	10.371497	-1.633804	-0.255537	0.379478	0.618134	0.434813	0.034335	-0.043966	0.998443	0.274588	-0.960170	-0.051724	0.960949	0.275937	-0.020895
15098	10.318618	-1.417181	-0.271905	0.485249	0.646875	0.462257	0.029460	-0.050241	0.998303	0.279136	-0.958589	-0.056480	0.959800	0.280326	-0.014216
15099	10.324031	-1.242841	-0.343264	0.564721	0.665395	0.491114	0.024507	-0.056862	0.998081	0.284455	-0.956715	-0.061490	0.958376	0.285416	-0.007271
15100	10.306651	-0.972592	-0.620430	0.637189	0.672776	0.506306	0.019578	-0.063681	0.997778	0.290480	-0.954559	-0.066622	0.956681	0.291139	-0.000190
