// General information: 
//  MT Manager version: 2022.2.0 
//  XDA version: 2022.2.0 build 7381 rev 124627 built on 2023-07-19
// Device information: 
//  DeviceId: 00B4CAF0
//  ProductCode: MTW2-3A7G6
//  Firmware Version: 4.6.0
//  Hardware Version: 2.0.0
// Device settings: 
//  Filter Profile: human(46.1)
//  Option Flags: Orientation Smoother Disabled, Position/Velocity Smoother Disabled, Continuous Zero Rotation Update Disabled, AHS Disabled, ICC Disabled
// Coordinate system: ENU
PacketCounter	Acc_X	Acc_Y	Acc_Z	Gyr_X	Gyr_Y	Gyr_Z	Mat[1][1]	Mat[2][1]	Mat[3][1]	Mat[1][2]	Mat[2][2]	Mat[3][2]	Mat[1][3]	Mat[2][3]	Mat[3][3]
29768	7.876399	-1.276845	10.708275	-0.231778	3.678996	1.995028	0.782129	0.188519	0.593915	-0.179400	0.980905	-0.075105	-0.596733	-0.047806	0.801014
29769	8.102295	-0.935663	10.939622	-0.302461	3.748700	1.943125	0.800342	0.209128	0.561889	-0.192975	0.977175	-0.088823	-0.567639	-0.037342	0.822430
29770	8.318647	-0.752766	11.069748	-0.374367	3.811012	1.855838	0.817664	0.228867	0.528247	-0.206277	0.973129	-0.102324	-0.537471	-0.025299	0.842902
29771	8.493458	-0.659606	11.026995	-0.427950	3.861502	1.723210	0.834169	0.246309	0.493451	-0.218240	0.969118	-0.114812	-0.506492	-0.011918	0.862162
29772	8.562129	-0.449572	10.986071	-0.479244	3.882572	1.573421	0.849647	0.262135	0.457586	-0.229481	0.965028	-0.126728	-0.474803	0.002667	0.880088
29773	8.900476	-0.211557	11.082769	-0.548007	3.878297	1.380108	0.864217	0.275007	0.421308	-0.238760	0.961266	-0.137700	-0.442857	0.018411	0.896403
29774	9.370024	0.075844	11.067213	-0.652236	3.838803	1.164650	0.877718	0.285544	0.384806	-0.246447	0.957706	-0.148534	-0.410944	0.035537	0.910968
29775	4.614413	0.345402	13.260668	-0.838293	3.861733	0.876394	0.890795	0.292169	0.348025	-0.250855	0.954798	-0.159478	-0.378888	0.054758	0.923821
29776	6.932722	-2.196018	5.564512	0.217193	0.073765	0.556737	0.889594	0.297804	0.346318	-0.256937	0.953153	-0.159632	-0.377633	0.053026	0.924436
29777	21.859914	4.674362	0.506988	0.462571	0.249184	-0.817759	0.892613	0.289858	0.345290	-0.251358	0.955794	-0.152566	-0.374248	0.049391	0.926012
29778	14.987519	7.242665	7.630801	0.118842	2.080534	-0.256806	0.900790	0.286626	0.326225	-0.249740	0.956499	-0.150799	-0.355257	0.054367	0.933186
29779	18.519105	5.201062	3.852424	-1.291433	0.198301	0.127285	0.901184	0.287710	0.324177	-0.246260	0.955348	-0.163298	-0.356685	0.067329	0.931795
29780	18.273953	-1.355423	-1.534242	-1.362167	1.050722	-0.030066	0.904939	0.286824	0.314353	-0.241329	0.954342	-0.176046	-0.350494	0.083449	0.932840
29781	14.835454	-0.786401	-0.348815	0.165828	0.574239	-0.910576	0.909101	0.277631	0.310574	-0.233618	0.957049	-0.171695	-0.344903	0.083532	0.934914
29782	15.238309	2.019226	-2.283258	0.224014	0.130272	-0.821857	0.911414	0.269799	0.310697	-0.227025	0.959434	-0.167174	-0.343196	0.081829	0.935693
29783	12.816905	0.081158	-0.894371	-0.034163	-0.211511	-0.421085	0.911637	0.265917	0.313378	-0.223041	0.960533	-0.166222	-0.345211	0.081638	0.934968
29784	11.359919	1.000720	-5.192803	0.272718	-1.519279	-0.437427	0.907241	0.263005	0.328241	-0.220093	0.961869	-0.162378	-0.358431	0.075073	0.930533
29785	11.252698	0.528745	-0.492195	0.374335	-1.639503	0.232593	0.900737	0.266396	0.343083	-0.223534	0.961519	-0.159727	-0.372432	0.067181	0.925625
29786	11.679849	-2.564382	-1.500355	0.158831	-2.604207	0.432110	0.889746	0.272252	0.366375	-0.228046	0.960434	-0.159882	-0.395407	0.058704	0.916628
29787	6.725534	-1.893565	0.858003	1.487209	-2.048160	-0.055615	0.881628	0.272706	0.385180	-0.233514	0.961312	-0.146121	-0.410126	0.038880	0.911200
29788	7.118404	3.820897	20.137049	1.864746	-1.369019	-0.846933	0.877921	0.264993	0.398791	-0.233806	0.964095	-0.125918	-0.417840	0.017306	0.908356
29789	12.706431	-2.070245	18.141710	1.141247	-2.762981	-0.733482	0.867791	0.258129	0.424628	-0.232263	0.966110	-0.112628	-0.439309	-0.000888	0.898335
29790	13.762258	-3.427430	10.431979	2.778662	-1.524543	-1.697890	0.864954	0.241465	0.439943	-0.229847	0.969897	-0.080439	-0.446123	-0.031544	0.894416
29791	7.600175	-0.228625	9.850501	1.673788	-0.885940	-0.969828	0.863212	0.231678	0.448542	-0.228934	0.971515	-0.061221	-0.449949	-0.049840	0.891662
29792	10.669577	4.851514	14.565745	1.984246	-1.170363	-0.860825	0.859879	0.222613	0.459404	-0.230487	0.972264	-0.039721	-0.455505	-0.071731	0.887339
29793	8.847726	7.993834	11.435780	0.967200	-0.553735	-0.612429	0.858762	0.216219	0.464519	-0.229609	0.972870	-0.028359	-0.458048	-0.082305	0.885109
29794	5.426499	1.037020	10.550901	-0.325820	-0.265709	0.206427	0.857067	0.217953	0.466833	-0.229809	0.972702	-0.032221	-0.461112	-0.079667	0.883758
29795	5.543727	-1.192760	9.112866	0.332629	-0.442696	0.041183	0.854927	0.217980	0.470728	-0.231667	0.972347	-0.029516	-0.464145	-0.083818	0.881785
29796	5.832466	2.046653	10.250469	0.415504	-0.316776	-0.058623	0.853591	0.217076	0.473562	-0.233022	0.972134	-0.025595	-0.465922	-0.088502	0.880389
29797	4.803718	-0.279950	8.985569	-0.006537	-0.250332	0.093801	0.852206	0.217754	0.475739	-0.233759	0.971943	-0.026136	-0.468083	-0.088935	0.879198
29798	4.821436	-0.517520	9.200057	0.207737	-0.306854	0.059754	0.850629	0.217986	0.478448	-0.235157	0.971646	-0.024608	-0.470246	-0.091578	0.877771
29799	4.652110	-0.785867	9.018294	0.096780	-0.254365	0.084512	0.849235	0.218560	0.480658	-0.236298	0.971379	-0.024202	-0.472190	-0.093025	0.876574
29800	3.905343	-1.911820	8.834275	0.056974	-0.270635	0.097036	0.847726	0.219182	0.483032	-0.237310	0.971133	-0.024184	-0.474389	-0.094126	0.875269
29801	4.427607	-2.149515	8.784480	0.170442	-0.395361	0.033084	0.845769	0.219115	0.486480	-0.238367	0.970905	-0.022892	-0.477342	-0.096599	0.873392
29802	5.044750	-0.654199	9.150392	0.246501	-0.375030	-0.028535	0.844041	0.218421	0.489782	-0.239240	0.970741	-0.020626	-0.479957	-0.099766	0.871601
29803	5.831935	-0.549610	9.447792	0.206344	-0.368581	-0.024519	0.842329	0.217799	0.492996	-0.239992	0.970594	-0.018746	-0.482582	-0.102525	0.869830
29804	5.223789	-0.258296	8.804360	0.165557	-0.190820	-0.028445	0.841473	0.217280	0.494684	-0.240489	0.970500	-0.017192	-0.483826	-0.104500	0.868903
29805	4.970021	-0.322861	9.128824	0.204518	-0.210783	-0.054652	0.840587	0.216515	0.496522	-0.240986	0.970410	-0.015182	-0.485117	-0.106893	0.867891
29806	5.396116	0.246634	9.366860	0.158108	-0.199257	-0.035192	0.839702	0.215914	0.498279	-0.241396	0.970330	-0.013662	-0.486445	-0.108811	0.866909
29807	4.835379	-0.366042	8.924154	0.088205	-0.151213	-0.020610	0.839018	0.215537	0.499591	-0.241619	0.970286	-0.012831	-0.487512	-0.109945	0.866166
29808	5.303995	-0.064405	9.064453	0.141147	-0.170884	-0.026658	0.838246	0.215045	0.501097	-0.242022	0.970203	-0.011502	-0.488639	-0.111635	0.865315
29809	5.260120	0.218485	9.229720	0.074067	-0.114179	-0.000531	0.837693	0.214900	0.502084	-0.242345	0.970129	-0.010895	-0.489428	-0.112551	0.864750
29810	5.138501	-0.322181	8.923565	0.045686	-0.103808	0.018873	0.837136	0.214921	0.503003	-0.242663	0.970052	-0.010620	-0.490221	-0.113170	0.864220
29811	5.064704	-0.140586	9.031000	0.035647	-0.080475	0.015550	0.836707	0.214968	0.503696	-0.242934	0.969987	-0.010427	-0.490820	-0.113640	0.863818
29812	5.004024	-0.291150	8.977745	0.034499	-0.066761	0.013067	0.836345	0.214975	0.504294	-0.243150	0.969935	-0.010221	-0.491329	-0.114071	0.863472
29813	4.951562	-0.268288	9.026435	0.030389	-0.069394	0.014466	0.835973	0.215024	0.504890	-0.243386	0.969877	-0.010068	-0.491847	-0.114467	0.863125
29814	4.963417	-0.299938	8.973473	0.018527	-0.074178	0.013631	0.835572	0.215030	0.505551	-0.243531	0.969841	-0.010004	-0.492456	-0.114758	0.862739
29815	4.950814	-0.396584	9.020963	0.017423	-0.079140	0.015459	0.835147	0.215077	0.506232	-0.243711	0.969797	-0.009969	-0.493086	-0.115049	0.862340
29816	4.936703	-0.413030	8.953439	0.009568	-0.090510	0.020267	0.834648	0.215132	0.507031	-0.243871	0.969756	-0.010017	-0.493852	-0.115289	0.861870
29817	4.934740	-0.402685	9.024676	-0.009355	-0.090986	0.016919	0.834161	0.215179	0.507813	-0.243931	0.969739	-0.010220	-0.494645	-0.115346	0.861407
29818	5.011569	-0.371529	8.968840	-0.008997	-0.101728	0.022487	0.833599	0.215246	0.508707	-0.244020	0.969714	-0.010443	-0.495548	-0.115429	0.860876
29819	4.946656	-0.328701	9.033596	-0.028151	-0.110184	0.018008	0.833012	0.215281	0.509652	-0.243995	0.969716	-0.010813	-0.496546	-0.115345	0.860312
29820	4.971498	-0.311788	8.979786	-0.029495	-0.108336	0.022142	0.832415	0.215340	0.510601	-0.243981	0.969715	-0.011212	-0.497552	-0.115244	0.859744
29821	4.913377	-0.413876	8.948222	-0.038875	-0.121229	0.026432	0.831750	0.215445	0.511640	-0.243973	0.969711	-0.011717	-0.498667	-0.115080	0.859120
29822	5.100076	-0.406371	8.914815	-0.043317	-0.137197	0.025989	0.830997	0.215512	0.512834	-0.243924	0.969717	-0.012256	-0.499945	-0.114907	0.858400
29823	5.162871	-0.243159	8.921253	-0.033749	-0.121710	0.022207	0.830337	0.215575	0.513875	-0.243904	0.969716	-0.012696	-0.501050	-0.114794	0.857771
29824	5.151173	-0.318827	8.828607	-0.026651	-0.111249	0.028202	0.829706	0.215696	0.514843	-0.243958	0.969697	-0.013105	-0.502069	-0.114727	0.857184
29825	5.123000	-0.294914	8.885883	-0.024781	-0.077732	0.026347	0.829254	0.215850	0.515505	-0.244016	0.969677	-0.013489	-0.502785	-0.114606	0.856780
29826	5.147488	-0.368800	8.893820	-0.028096	-0.090684	0.027966	0.828725	0.215995	0.516296	-0.244062	0.969660	-0.013910	-0.503636	-0.114481	0.856297
29827	5.137104	-0.302326	8.877487	-0.023319	-0.062148	0.026107	0.828351	0.216165	0.516824	-0.244125	0.969639	-0.014280	-0.504219	-0.114341	0.855973
29828	5.090967	-0.308463	8.930952	-0.026181	-0.071990	0.022710	0.827927	0.216282	0.517454	-0.244138	0.969630	-0.014659	-0.504910	-0.114194	0.855585
29829	5.163593	-0.343492	8.798670	-0.021825	-0.061384	0.022451	0.827566	0.216418	0.517975	-0.244178	0.969614	-0.014998	-0.505482	-0.114067	0.855264
29830	5.076560	-0.343920	8.940956	-0.025986	-0.066687	0.023521	0.827165	0.216552	0.518559	-0.244200	0.969603	-0.015380	-0.506127	-0.113910	0.854903
29831	5.106672	-0.328172	8.867231	-0.025155	-0.054889	0.023954	0.826832	0.216710	0.519024	-0.244235	0.969588	-0.015756	-0.506654	-0.113737	0.854614
29832	5.027343	-0.349566	8.880175	-0.028466	-0.067846	0.025582	0.826419	0.216865	0.519616	-0.244263	0.969574	-0.016171	-0.507313	-0.113559	0.854247
29833	5.054243	-0.245746	8.878857	-0.021783	-0.083565	0.022309	0.825944	0.216974	0.520325	-0.244301	0.969559	-0.016509	-0.508068	-0.113481	0.853809
29834	4.970108	-0.301796	8.996613	-0.034633	-0.099924	0.030929	0.825354	0.217147	0.521189	-0.244343	0.969540	-0.017006	-0.509006	-0.113312	0.853272
29835	5.022266	-0.412940	8.908441	-0.039724	-0.140938	0.045051	0.824529	0.217412	0.522383	-0.244476	0.969495	-0.017616	-0.510277	-0.113185	0.852529
29836	4.885992	-0.506202	9.053208	-0.063038	-0.157388	0.041554	0.823617	0.217626	0.523731	-0.244461	0.969484	-0.018412	-0.511756	-0.112867	0.851685
29837	4.881979	-0.522304	9.033931	-0.102592	-0.234307	0.033138	0.822338	0.217672	0.525718	-0.244172	0.969536	-0.019495	-0.513946	-0.112334	0.850435
29838	5.305486	-0.614366	8.723103	-0.119921	-0.262651	0.043586	0.820871	0.217794	0.527955	-0.243880	0.969583	-0.020787	-0.516423	-0.111694	0.849018
29839	5.118552	-0.602553	8.856128	-0.135194	-0.230992	0.029284	0.819608	0.217809	0.529908	-0.243385	0.969677	-0.022125	-0.518659	-0.110838	0.847766
29840	5.089055	-0.620434	8.900387	-0.166906	-0.261374	0.033462	0.818159	0.217843	0.532128	-0.242762	0.969795	-0.023762	-0.521231	-0.109739	0.846331
29841	5.120855	-0.651806	8.942956	-0.184561	-0.282617	0.024209	0.816627	0.217757	0.534511	-0.241960	0.969952	-0.025487	-0.524000	-0.108517	0.844777
29842	5.177750	-0.558839	8.773282	-0.176713	-0.327264	0.013622	0.814866	0.217538	0.537281	-0.241117	0.970118	-0.027099	-0.527121	-0.107465	0.842968
29843	5.275710	-0.266919	8.823224	-0.159707	-0.309123	-0.000441	0.813236	0.217191	0.539884	-0.240233	0.970298	-0.028477	-0.530033	-0.106540	0.841258
29844	5.136008	-0.206793	8.890927	-0.157919	-0.311267	-0.004019	0.811583	0.216826	0.542513	-0.239337	0.970478	-0.029831	-0.532965	-0.105633	0.839518
29845	5.453492	-0.349672	8.735040	-0.152387	-0.373555	0.017272	0.809548	0.216589	0.545639	-0.238626	0.970609	-0.031237	-0.536368	-0.104915	0.837438
29846	5.389211	-0.576570	8.633897	-0.155300	-0.302153	0.008494	0.807894	0.216361	0.548175	-0.237836	0.970757	-0.032632	-0.539205	-0.104013	0.835727
29847	5.377234	-0.552470	8.756123	-0.119192	-0.345489	0.002829	0.806022	0.216018	0.551058	-0.237177	0.970883	-0.033677	-0.542287	-0.103554	0.833787
29848	5.377684	-0.601414	8.700916	-0.134059	-0.321757	0.004590	0.804252	0.215738	0.553747	-0.236463	0.971015	-0.034868	-0.545218	-0.102898	0.831955
29849	5.223406	-0.537150	8.814803	-0.124524	-0.360383	-0.008933	0.802306	0.215269	0.556744	-0.235674	0.971169	-0.035888	-0.548418	-0.102417	0.829908
29850	5.062181	-0.508474	9.055964	-0.133736	-0.414905	-0.013061	0.800044	0.214729	0.560197	-0.234814	0.971337	-0.036974	-0.552079	-0.101961	0.827534
29851	4.885246	-0.597627	9.237016	-0.167529	-0.512023	-0.023194	0.797264	0.213971	0.564435	-0.233662	0.971565	-0.038261	-0.556572	-0.101383	0.824590
29852	4.726166	-0.525296	9.488063	-0.169207	-0.656650	-0.036184	0.793665	0.212969	0.569859	-0.232411	0.971815	-0.039500	-0.562210	-0.101092	0.820792
29853	4.605448	-0.521283	9.587068	-0.232607	-0.831209	-0.059945	0.789104	0.211537	0.576686	-0.230583	0.972184	-0.041094	-0.569338	-0.100547	0.815932
29854	4.596656	-0.658336	9.613677	-0.255218	-1.042522	-0.090675	0.783322	0.209628	0.585204	-0.228393	0.972632	-0.042695	-0.578138	-0.100212	0.809762
29855	4.647531	-0.657678	9.639475	-0.244377	-1.276106	-0.120742	0.776154	0.207161	0.595541	-0.225988	0.973137	-0.043985	-0.588654	-0.100446	0.802120
29856	4.734079	-1.033082	9.874401	-0.247823	-1.523291	-0.158671	0.767441	0.204107	0.607762	-0.223281	0.973712	-0.045062	-0.600983	-0.101119	0.792839
29857	4.105962	-1.878183	10.556627	-0.174908	-1.798802	-0.259323	0.757081	0.199733	0.622041	-0.220201	0.974422	-0.044876	-0.615093	-0.102999	0.781698
29858	3.357690	-2.290482	11.130351	0.020468	-2.284292	-0.462411	0.743835	0.192861	0.639933	-0.216862	0.975304	-0.041861	-0.632202	-0.107639	0.767290
29859	4.436180	-2.293724	10.523946	0.252687	-2.832915	-0.690594	0.727126	0.182950	0.661678	-0.213365	0.976328	-0.035480	-0.652506	-0.115380	0.748948
29860	4.939002	-1.678841	10.174105	0.461518	-3.102551	-0.965793	0.708581	0.169847	0.684883	-0.209516	0.977469	-0.025641	-0.673807	-0.125326	0.728202
29861	5.633444	-1.536700	10.435235	0.528046	-3.439437	-1.118088	0.687331	0.154404	0.709743	-0.205288	0.978600	-0.014088	-0.696730	-0.136019	0.704320
29862	5.896362	-1.895600	10.400864	0.626540	-3.728473	-1.285312	0.663509	0.136616	0.735589	-0.201085	0.979574	-0.000548	-0.720639	-0.147553	0.677427
29863	7.878023	-1.958022	11.048943	0.649020	-4.102957	-1.451965	0.636305	0.116081	0.762654	-0.196363	0.980422	0.014604	-0.746028	-0.159050	0.646642
29864	9.590639	-1.376967	12.048845	0.462195	-4.120284	-1.508666	0.607967	0.094651	0.788300	-0.190539	0.981247	0.029132	-0.770760	-0.167913	0.614601
29865	10.611492	-1.741613	11.958474	0.173959	-4.193869	-1.457066	0.577848	0.073181	0.812857	-0.183215	0.982183	0.041819	-0.795313	-0.173093	0.580961
29866	11.649296	-1.825058	11.715600	0.063100	-4.163869	-1.493712	0.546924	0.051353	0.835606	-0.175398	0.982994	0.054391	-0.818602	-0.176311	0.546630
29867	10.261766	-1.988259	10.884868	-0.165283	-4.069008	-1.550942	0.515812	0.028912	0.856214	-0.165737	0.983917	0.066621	-0.840517	-0.176270	0.512308
29868	9.245356	-1.393136	10.640721	-0.257684	-4.136083	-1.657570	0.483280	0.005490	0.875449	-0.155361	0.984646	0.079590	-0.861571	-0.174475	0.476712
29869	8.136806	-1.807207	9.880457	-0.459767	-4.042208	-1.776255	0.450704	-0.018976	0.892472	-0.143009	0.985326	0.093171	-0.881144	-0.169624	0.441377
29870	6.961605	-1.994018	9.349689	-0.617246	-3.896198	-1.909135	0.418647	-0.044092	0.907078	-0.129338	0.985744	0.107609	-0.898892	-0.162370	0.406976
29871	4.649451	-2.831678	7.649207	-0.684363	-3.599956	-2.059808	0.388522	-0.070096	0.918769	-0.114769	0.985656	0.123732	-0.914264	-0.153519	0.374905
29872	0.797681	-3.418060	7.331813	-0.495867	-3.261132	-2.266164	0.360994	-0.097112	0.927498	-0.101862	0.984507	0.142727	-0.926989	-0.146000	0.345508
29873	6.071953	-5.636203	11.923738	0.126986	-3.469917	-1.799027	0.330406	-0.119840	0.936200	-0.096776	0.982377	0.159905	-0.938864	-0.143436	0.312986
29874	21.009688	-4.716500	11.558007	0.581382	-2.521983	-0.960036	0.307642	-0.132680	0.942206	-0.099391	0.980332	0.170502	-0.946297	-0.146100	0.288404
29875	8.144816	-3.895802	8.422518	0.228041	2.265874	0.096336	0.328906	-0.128377	0.935596	-0.101797	0.980125	0.170274	-0.938860	-0.151245	0.309300
29876	-4.019337	-3.091701	9.579928	-0.116927	1.597396	0.308675	0.343626	-0.122634	0.931065	-0.101994	0.980699	0.166814	-0.933552	-0.152284	0.324485
29877	-2.604421	-3.356693	4.892771	0.175002	0.975781	0.702350	0.351989	-0.114254	0.929005	-0.106017	0.981268	0.160850	-0.929981	-0.155108	0.333283
29878	-0.938303	-3.251660	5.847488	0.172984	0.678476	0.827756	0.357479	-0.104740	0.928029	-0.110842	0.981910	0.153518	-0.927320	-0.157744	0.339402
29879	1.864460	-3.348878	7.412859	0.316552	0.800206	1.058566	0.363679	-0.093075	0.926863	-0.117540	0.982458	0.144778	-0.924079	-0.161596	0.346360
29880	3.012837	-2.398439	8.787699	0.492751	1.194054	1.283204	0.373201	-0.078136	0.924454	-0.127122	0.982742	0.134382	-0.919000	-0.167670	0.356828
29881	2.874945	-1.189084	8.980871	0.455590	1.692953	1.507259	0.386712	-0.060444	0.920217	-0.136971	0.983017	0.122130	-0.911972	-0.173273	0.371866
29882	2.279720	-0.722721	8.649187	0.343679	2.056669	1.616632	0.403170	-0.040540	0.914227	-0.146816	0.983212	0.108345	-0.903271	-0.177904	0.390450
29883	2.387912	-0.258883	8.621491	0.283580	2.310434	1.603477	0.421501	-0.020632	0.906593	-0.155927	0.983202	0.094870	-0.893322	-0.181350	0.411203
29884	3.222696	0.081462	9.066521	0.195970	2.523060	1.554564	0.441481	-0.000318	0.897270	-0.164731	0.982974	0.081400	-0.882019	-0.183745	0.433912
29885	4.214799	0.339458	9.444631	0.108292	2.807991	1.490595	0.463559	0.019496	0.885852	-0.172377	0.982641	0.068578	-0.869137	-0.184491	0.458873
29886	4.699279	0.549066	9.527411	0.003001	3.155272	1.446000	0.488266	0.039960	0.871780	-0.179653	0.982158	0.055601	-0.854003	-0.183766	0.486733
29887	4.809109	0.462166	9.552019	-0.079127	3.429389	1.378914	0.514745	0.059752	0.855258	-0.185853	0.981624	0.043277	-0.836956	-0.181229	0.516392
29888	5.242541	0.419301	9.592537	-0.119793	3.629722	1.293691	0.542388	0.079429	0.836365	-0.192076	0.980877	0.031409	-0.817876	-0.177682	0.547273
29889	5.718854	0.202629	9.741062	-0.167671	3.787612	1.216624	0.570609	0.097988	0.815355	-0.197449	0.980101	0.020394	-0.797132	-0.172628	0.578602
29890	6.467116	-0.075005	10.106935	-0.221046	3.912540	1.180201	0.599033	0.116668	0.792180	-0.202997	0.979135	0.009302	-0.774566	-0.166382	0.610217
29891	7.065454	-0.557201	10.378788	-0.272185	4.056144	1.197913	0.627500	0.134977	0.766828	-0.208227	0.978079	-0.001768	-0.750257	-0.158565	0.641851
29892	7.280530	-0.961424	10.502949	-0.296124	4.167452	1.258704	0.655581	0.154207	0.739212	-0.214512	0.976628	-0.013492	-0.724015	-0.149725	0.673338
29893	7.496175	-1.253992	10.616320	-0.301636	4.230208	1.345024	0.682699	0.173452	0.709814	-0.221331	0.974869	-0.025346	-0.696373	-0.139801	0.703933
29894	7.742881	-1.373695	10.795392	-0.313121	4.241663	1.437612	0.708380	0.193672	0.678740	-0.229600	0.972548	-0.037881	-0.667444	-0.129004	0.733401
29895	8.202961	-1.362454	11.216521	-0.345550	4.236707	1.516548	0.732487	0.213610	0.646400	-0.238235	0.969891	-0.050548	-0.637735	-0.116969	0.761322
29896	8.699666	-1.358402	11.560485	-0.376745	4.239319	1.573008	0.755020	0.234051	0.612508	-0.248003	0.966664	-0.063675	-0.606993	-0.103828	0.787896
29897	9.015931	-1.178230	11.904474	-0.410726	4.256558	1.591779	0.776166	0.253522	0.577316	-0.257729	0.963186	-0.076472	-0.575450	-0.089436	0.812932
29898	9.468697	-0.828548	12.218065	-0.461938	4.259836	1.581233	0.795780	0.272722	0.540701	-0.267988	0.959263	-0.089426	-0.543063	-0.073738	0.836448
29899	9.788004	-0.620702	12.275391	-0.543842	4.268113	1.540312	0.814061	0.290244	0.503054	-0.277493	0.955285	-0.102115	-0.510199	-0.056466	0.858201
29900	9.916394	-0.665348	12.183354	-0.607519	4.259821	1.476288	0.830840	0.306828	0.464286	-0.287041	0.951011	-0.114825	-0.476773	-0.037867	0.878211
29901	9.868007	-0.877076	12.045520	-0.622693	4.207184	1.376851	0.846188	0.321082	0.425292	-0.295696	0.946867	-0.126519	-0.443318	-0.018698	0.896170
29902	4.307306	-0.377754	15.823049	-0.817832	4.121802	1.245053	0.859964	0.333646	0.386189	-0.303212	0.942695	-0.139245	-0.410517	0.002649	0.911849
29903	8.594345	-4.430617	7.140661	-0.284851	-0.020339	1.530530	0.855150	0.348032	0.384178	-0.315143	0.937468	-0.147782	-0.411587	0.005305	0.911355
29904	20.190808	1.478039	-1.074399	1.023558	0.565641	-0.175559	0.857906	0.346836	0.379079	-0.318190	0.937923	-0.138040	-0.403425	-0.002194	0.915010
29905	15.926807	8.437810	8.308622	0.426414	2.206252	0.635314	0.864540	0.352792	0.357923	-0.325317	0.935700	-0.136506	-0.383067	0.001577	0.923719
29906	17.865186	5.150198	7.674014	-1.492958	0.650349	1.322095	0.862603	0.365417	0.349836	-0.331311	0.930670	-0.155197	-0.382294	0.017969	0.923866
29907	20.074649	0.189238	3.176539	-1.250770	1.429378	0.706308	0.865666	0.371600	0.335464	-0.332662	0.927736	-0.169237	-0.374110	0.034907	0.926727
29908	15.292095	1.072624	3.005578	0.130768	1.800229	-0.556499	0.874030	0.366011	0.319543	-0.328512	0.929731	-0.166372	-0.357983	0.040440	0.932852
29909	14.705313	4.372607	0.512582	0.078070	1.401032	-1.163831	0.882724	0.354567	0.308352	-0.318544	0.933956	-0.162035	-0.345440	0.044808	0.937371
29910	12.595752	3.370628	0.375802	-0.436052	1.146761	-1.077169	0.889964	0.344109	0.299255	-0.307656	0.937433	-0.162994	-0.336619	0.052991	0.940149
29911	11.538959	0.735317	-1.085364	-0.614213	0.560709	-1.079241	0.895101	0.333653	0.295754	-0.295946	0.940739	-0.165607	-0.333482	0.060708	0.940800
29912	10.058561	-0.581496	-1.664737	-0.403020	0.074207	-1.040403	0.898345	0.323928	0.296727	-0.285368	0.943858	-0.166426	-0.333978	0.064832	0.940349
29913	10.105222	-0.819540	-2.492614	-0.185482	-0.757553	-0.890866	0.898292	0.315994	0.305319	-0.276720	0.946586	-0.165533	-0.341318	0.064209	0.937752
29914	9.035877	-1.163870	-3.109783	-0.000599	-1.313997	-0.579055	0.895294	0.311426	0.318531	-0.271596	0.948364	-0.163834	-0.353105	0.060168	0.933647
29915	10.387796	0.617443	-0.224464	0.504621	-2.060743	-0.445361	0.889048	0.308322	0.338426	-0.269428	0.950017	-0.157721	-0.370139	0.049040	0.927681
29916	9.749716	0.342219	-0.601467	0.224801	-2.519602	0.068381	0.879245	0.310157	0.361568	-0.270933	0.949878	-0.155973	-0.391821	0.039178	0.919207
29917	5.748458	1.231733	11.785025	1.143473	-0.937096	-0.411983	0.876668	0.306541	0.370791	-0.271804	0.951517	-0.144009	-0.396959	0.025466	0.917483
29918	6.787886	3.489049	19.788753	0.931552	-2.435392	-0.991627	0.869431	0.297556	0.394399	-0.266947	0.954659	-0.131777	-0.415728	0.009288	0.909442
29919	15.916865	-10.546315	15.208559	0.418038	-2.276651	-0.411657	0.860850	0.293711	0.415537	-0.265139	0.955893	-0.126372	-0.434326	-0.001388	0.900755
29920	8.099009	-11.166244	5.554935	1.964934	-1.141206	-1.047339	0.858629	0.283584	0.427008	-0.264724	0.958661	-0.104355	-0.438950	-0.023437	0.898206
29921	7.451982	-0.175775	11.272465	3.558285	-1.061724	-1.866741	0.858909	0.265204	0.438112	-0.264283	0.962293	-0.064388	-0.438668	-0.060483	0.896611
29922	13.235836	15.019260	17.136209	2.714216	-1.125767	-1.801495	0.858664	0.247070	0.449057	-0.260788	0.964859	-0.032198	-0.441232	-0.089462	0.892923
29923	6.451980	4.926100	10.350291	-1.124431	-0.177136	0.459570	0.856683	0.251353	0.450461	-0.259719	0.964666	-0.044343	-0.445690	-0.079006	0.891694
29924	3.999926	-5.404877	8.147896	-0.599591	-0.307783	0.801959	0.853207	0.258818	0.452825	-0.263842	0.963090	-0.053339	-0.449916	-0.073965	0.890003
29925	4.505247	-2.314196	8.705393	1.077744	-0.579574	-0.495295	0.851903	0.253582	0.458211	-0.264455	0.963503	-0.041546	-0.452023	-0.085783	0.887872
29926	6.836302	3.237409	11.063137	0.886336	-0.409910	-0.324264	0.850901	0.250087	0.461978	-0.265682	0.963522	-0.032241	-0.453189	-0.095305	0.886305
29927	4.985292	-0.050104	9.197214	-0.287683	-0.179225	0.166760	0.849645	0.251523	0.463508	-0.265768	0.963379	-0.035606	-0.455490	-0.092933	0.885377
29928	4.278243	-1.213461	8.968565	0.257299	-0.297844	0.022305	0.848224	0.251437	0.466149	-0.267092	0.963090	-0.033472	-0.457359	-0.096113	0.884073
29929	5.070650	-0.090390	9.525200	0.174293	-0.296827	0.024141	0.846800	0.251379	0.468763	-0.268071	0.962865	-0.032089	-0.459422	-0.098488	0.882741
29930	4.835284	-0.547443	9.190240	0.143340	-0.264167	0.023937	0.845517	0.251331	0.471098	-0.268896	0.962671	-0.030978	-0.461298	-0.100484	0.881537
29931	4.726545	-0.497065	9.134870	0.110913	-0.238275	0.029203	0.844338	0.251369	0.473188	-0.269630	0.962491	-0.030183	-0.463026	-0.102101	0.880445
29932	4.628247	-0.765381	9.138897	0.098677	-0.252859	0.030984	0.843079	0.251394	0.475415	-0.270313	0.962320	-0.029503	-0.464919	-0.103638	0.879267
29933	4.589566	-0.741066	9.012890	0.111389	-0.246737	0.018759	0.841879	0.251315	0.477577	-0.270965	0.962162	-0.028657	-0.466709	-0.105281	0.878122
29934	4.813230	-0.543921	9.225728	0.131623	-0.273386	0.007955	0.840575	0.251092	0.479985	-0.271616	0.962010	-0.027584	-0.468677	-0.107185	0.876843
29935	5.089098	-0.572163	9.124646	0.122488	-0.256968	0.002609	0.839362	0.250838	0.482235	-0.272187	0.961877	-0.026568	-0.470516	-0.108959	0.875639
29936	5.411110	-0.398587	9.086483	0.159547	-0.213709	-0.008992	0.838375	0.250510	0.484119	-0.272834	0.961732	-0.025173	-0.471899	-0.110979	0.874640
29937	4.599153	-0.515479	9.193563	0.104384	-0.154359	-0.006659	0.837665	0.250273	0.485469	-0.273246	0.961638	-0.024272	-0.472921	-0.112320	0.873917
29938	4.959386	-0.461466	9.024602	0.146060	-0.217797	-0.004303	0.836641	0.249980	0.487383	-0.273873	0.961490	-0.023022	-0.474369	-0.114220	0.872885
29939	5.025402	-0.469008	8.986290	0.131274	-0.180879	-0.025293	0.835852	0.249527	0.488966	-0.274259	0.961409	-0.021797	-0.475535	-0.115885	0.872030
29940	4.807705	-0.284460	9.066313	0.150144	-0.162111	-0.032900	0.835165	0.249019	0.490397	-0.274672	0.961322	-0.020374	-0.476503	-0.117682	0.871261
29941	5.048130	-0.237488	8.974718	0.146166	-0.187555	-0.028831	0.834350	0.248518	0.492035	-0.275103	0.961227	-0.019003	-0.477680	-0.119505	0.870368
29942	5.080063	-0.117270	9.101108	0.129753	-0.152774	-0.015665	0.833657	0.248183	0.493377	-0.275566	0.961116	-0.017845	-0.478622	-0.121081	0.869632
29943	4.884376	-0.285225	9.062549	0.104142	-0.150324	-0.000969	0.832941	0.247989	0.494683	-0.276031	0.960999	-0.016979	-0.479601	-0.122406	0.868907
29944	5.073596	-0.277931	8.977890	0.113606	-0.145699	-0.006119	0.832252	0.247750	0.495960	-0.276500	0.960881	-0.016010	-0.480524	-0.123809	0.868198
29945	5.016654	-0.243382	9.044504	0.089100	-0.121105	-0.006431	0.831689	0.247536	0.497011	-0.276849	0.960792	-0.015248	-0.481299	-0.124916	0.867610
29946	5.128933	-0.200059	8.975475	0.092976	-0.119017	-0.002248	0.831116	0.247365	0.498053	-0.277253	0.960688	-0.014479	-0.482055	-0.126053	0.867026
29947	5.108496	-0.075547	9.079846	0.066688	-0.104273	0.008211	0.830591	0.247310	0.498955	-0.277617	0.960590	-0.013985	-0.482750	-0.126903	0.866515
29948	5.083763	-0.142635	9.011956	0.034741	-0.076790	0.018795	0.830162	0.247394	0.499627	-0.277916	0.960506	-0.013826	-0.483315	-0.127376	0.866130
29949	5.041412	-0.230942	8.993620	0.025774	-0.069681	0.017380	0.829778	0.247470	0.500228	-0.278159	0.960437	-0.013733	-0.483836	-0.127747	0.865785
29950	5.026164	-0.192143	8.949275	0.014375	-0.062908	0.022271	0.829405	0.247605	0.500778	-0.278388	0.960370	-0.013769	-0.484342	-0.127991	0.865466
29951	4.918725	-0.325026	9.041356	0.005926	-0.054659	0.019729	0.829086	0.247722	0.501248	-0.278555	0.960320	-0.013860	-0.484792	-0.128134	0.865193
29952	4.993427	-0.295835	8.986940	-0.005920	-0.067995	0.020527	0.828693	0.247835	0.501842	-0.278673	0.960283	-0.014063	-0.485396	-0.128195	0.864845
29953	4.902970	-0.311463	9.021031	-0.020102	-0.051600	0.021722	0.828383	0.247976	0.502284	-0.278729	0.960262	-0.014390	-0.485893	-0.128081	0.864583
29954	5.009330	-0.290238	8.900423	-0.009874	-0.079322	0.023677	0.827925	0.248106	0.502975	-0.278855	0.960222	-0.014644	-0.486600	-0.128133	0.864177
29955	4.985809	-0.230855	8.984385	-0.026428	-0.078409	0.018099	0.827494	0.248178	0.503649	-0.278850	0.960217	-0.015007	-0.487337	-0.128024	0.863778
29956	4.980053	-0.298792	8.927278	-0.034394	-0.059525	0.017049	0.827149	0.248271	0.504168	-0.278803	0.960224	-0.015441	-0.487948	-0.127791	0.863468
29957	4.868726	-0.322765	8.951731	-0.035913	-0.072432	0.017834	0.826747	0.248349	0.504790	-0.278749	0.960233	-0.015884	-0.488661	-0.127577	0.863096
29958	4.997599	-0.386544	8.902084	-0.049663	-0.097159	0.020953	0.826206	0.248434	0.505632	-0.278660	0.960249	-0.016471	-0.489624	-0.127291	0.862592
29959	4.948188	-0.413798	8.980276	-0.058333	-0.094229	0.017728	0.825696	0.248483	0.506441	-0.278494	0.960286	-0.017107	-0.490579	-0.126916	0.862105
29960	4.983410	-0.402807	8.904162	-0.057042	-0.114863	0.018302	0.825073	0.248524	0.507435	-0.278348	0.960316	-0.017744	-0.491708	-0.126603	0.861508
29961	5.031958	-0.372296	8.912222	-0.060042	-0.124685	0.014958	0.824419	0.248508	0.508505	-0.278149	0.960362	-0.018381	-0.492917	-0.126287	0.860863
29962	5.070692	-0.306167	8.856698	-0.066807	-0.145123	0.019119	0.823642	0.248521	0.509756	-0.277961	0.960402	-0.019107	-0.494320	-0.125955	0.860107
29963	5.136832	-0.290115	8.900046	-0.040118	-0.120842	0.017898	0.822995	0.248540	0.510791	-0.277883	0.960415	-0.019587	-0.495440	-0.125821	0.859482
29964	5.122167	-0.222862	8.901931	-0.054095	-0.125400	0.018026	0.822315	0.248569	0.511871	-0.277749	0.960441	-0.020199	-0.496643	-0.125562	0.858825
29965	5.142780	-0.231033	8.873690	-0.060501	-0.109635	0.021240	0.821711	0.248634	0.512807	-0.277596	0.960471	-0.020870	-0.497726	-0.125204	0.858250
29966	5.128947	-0.399886	8.844748	-0.064415	-0.119078	0.020531	0.821053	0.248697	0.513830	-0.277429	0.960504	-0.021583	-0.498903	-0.124831	0.857620
29967	5.133481	-0.337657	8.803170	-0.052132	-0.102657	0.014564	0.820501	0.248707	0.514707	-0.277262	0.960539	-0.022148	-0.499904	-0.124536	0.857080
29968	5.130012	-0.296397	8.922396	-0.055379	-0.103682	0.009477	0.819948	0.248685	0.515598	-0.277049	0.960587	-0.022727	-0.500929	-0.124211	0.856529
29969	5.095869	-0.360378	8.929550	-0.068311	-0.098394	0.013936	0.819417	0.248695	0.516437	-0.276794	0.960644	-0.023427	-0.501938	-0.123750	0.856005
29970	5.057051	-0.447296	8.963077	-0.087218	-0.110041	0.012012	0.818822	0.248692	0.517381	-0.276441	0.960724	-0.024291	-0.503101	-0.123135	0.855411
29971	4.975847	-0.503728	8.946397	-0.105768	-0.121277	0.004674	0.818199	0.248587	0.518416	-0.275920	0.960849	-0.025263	-0.504399	-0.122371	0.854755
29972	5.007354	-0.418415	9.020156	-0.127029	-0.146525	-0.007829	0.817472	0.248352	0.519674	-0.275204	0.961024	-0.026365	-0.505967	-0.121463	0.853958
29973	4.592333	-0.329225	9.239614	-0.135678	-0.165087	-0.006531	0.816654	0.248088	0.521084	-0.274436	0.961211	-0.027532	-0.507702	-0.120520	0.853061
29974	4.709345	-0.331638	9.321994	-0.185220	-0.338279	0.010351	0.814894	0.247804	0.523967	-0.273568	0.961409	-0.029223	-0.510988	-0.119527	0.851237
29975	4.817032	-0.385260	9.019327	-0.210730	-0.368298	-0.003145	0.813015	0.247334	0.527099	-0.272435	0.961673	-0.031041	-0.514574	-0.118363	0.849237
29976	4.848615	-0.192969	9.059237	-0.242872	-0.453172	-0.005179	0.810678	0.246775	0.530945	-0.271130	0.961972	-0.033132	-0.518931	-0.117096	0.846758
29977	4.800536	-0.319455	9.135948	-0.250944	-0.537128	-0.006492	0.807896	0.246086	0.535487	-0.269742	0.962287	-0.035261	-0.523969	-0.115956	0.843807
29978	4.975299	-0.523744	8.933438	-0.293825	-0.612426	-0.004617	0.804673	0.245361	0.540647	-0.268150	0.962637	-0.037770	-0.529714	-0.114582	0.840401
29979	4.946159	-0.767347	8.932254	-0.323037	-0.668637	-0.016178	0.801155	0.244443	0.546259	-0.266270	0.963050	-0.040433	-0.535958	-0.113060	0.836640
29980	5.051546	-0.850883	8.967510	-0.336642	-0.764729	-0.015844	0.797063	0.243460	0.552647	-0.264323	0.963465	-0.043216	-0.542977	-0.111632	0.832294
29981	4.928359	-0.967718	9.142254	-0.385260	-0.806182	-0.045237	0.792775	0.242130	0.559358	-0.261829	0.964008	-0.046203	-0.550412	-0.109827	0.827638
29982	4.741767	-0.972959	9.356287	-0.413666	-0.950918	-0.061935	0.787652	0.240532	0.567229	-0.259045	0.964605	-0.049330	-0.559017	-0.108083	0.822082
29983	4.913465	-0.776749	9.213394	-0.432671	-1.118031	-0.088734	0.781576	0.238475	0.576428	-0.255878	0.965287	-0.052406	-0.568916	-0.106536	0.815466
29984	4.845970	-0.438078	9.588701	-0.400693	-1.243153	-0.121039	0.774735	0.236029	0.586580	-0.252640	0.965995	-0.055020	-0.579619	-0.105567	0.808020
29985	4.800513	-0.663777	9.726412	-0.438999	-1.469724	-0.142829	0.766484	0.233102	0.598470	-0.248936	0.966797	-0.057742	-0.592059	-0.104723	0.799062
29986	5.022469	-1.027242	9.476169	-0.375057	-1.698628	-0.215898	0.756834	0.229277	0.612074	-0.245051	0.967684	-0.059478	-0.605931	-0.104975	0.788561
29987	5.132138	-0.972604	9.437183	-0.189862	-1.872899	-0.343817	0.746186	0.223959	0.626937	-0.241271	0.968670	-0.058873	-0.620480	-0.107331	0.776843
29988	4.900597	-0.722570	9.940507	0.004947	-2.078501	-0.464023	0.734233	0.217235	0.643204	-0.237878	0.969682	-0.055956	-0.635859	-0.111920	0.763648
29989	4.848315	-0.867372	9.785420	0.142127	-2.421316	-0.557690	0.719945	0.209034	0.661803	-0.234705	0.970713	-0.051280	-0.653140	-0.118410	0.747922
29990	5.597994	-1.093764	9.107208	0.288969	-2.758310	-0.642167	0.703160	0.199474	0.682477	-0.232066	0.971663	-0.044898	-0.672094	-0.126809	0.729526
29991	6.399001	-1.259287	8.670333	0.319577	-2.884597	-0.731658	0.685181	0.188576	0.703538	-0.229130	0.972671	-0.037563	-0.691394	-0.135464	0.709665
29992	6.368884	-1.404936	8.614289	0.375867	-2.947192	-0.787912	0.666314	0.176851	0.724396	-0.226462	0.973577	-0.029381	-0.710452	-0.144471	0.688757
29993	6.649590	-1.745572	8.761239	0.419351	-3.136597	-0.884949	0.645712	0.163551	0.745860	-0.223639	0.974465	-0.020069	-0.730097	-0.153845	0.665800
29994	7.863035	-1.865758	9.576479	0.439084	-3.286794	-1.005478	0.623617	0.148617	0.767473	-0.220538	0.975330	-0.009668	-0.749976	-0.163228	0.641009
29995	9.136016	-1.982772	10.290135	0.398354	-3.333869	-1.061984	0.600610	0.132669	0.788459	-0.217024	0.976166	0.001066	-0.769525	-0.171755	0.615087
29996	9.957105	-1.057390	10.555606	0.312928	-3.404939	-1.103275	0.576449	0.116019	0.808855	-0.213015	0.976979	0.011675	-0.788880	-0.179028	0.587892
29997	10.261495	-1.200056	9.955064	0.002398	-3.406897	-1.062961	0.551475	0.099465	0.828240	-0.206997	0.978130	0.020362	-0.808101	-0.182672	0.560003
29998	10.842954	-1.276132	10.603611	-0.097587	-3.455127	-1.094545	0.525461	0.082512	0.846807	-0.200361	0.979296	0.028907	-0.826889	-0.184856	0.531114
29999	9.900539	-1.478792	10.669468	-0.208825	-3.474410	-1.142329	0.498658	0.064885	0.864367	-0.192721	0.980534	0.037577	-0.845103	-0.185320	0.501456
30000	8.948177	-1.394889	10.352715	-0.342135	-3.568063	-1.233204	0.470516	0.046322	0.881175	-0.183894	0.981842	0.046579	-0.863017	-0.183959	0.470490
30001	8.712854	-1.260373	9.968283	-0.532194	-3.619234	-1.333788	0.441343	0.026627	0.896943	-0.173127	0.983306	0.055997	-0.880479	-0.179999	0.438585
30002	7.901670	-1.941421	9.535421	-0.746004	-3.538150	-1.440458	0.412324	0.006344	0.911015	-0.160437	0.984853	0.065756	-0.896799	-0.173273	0.407096
30003	5.960660	-2.506056	8.660449	-0.748205	-3.415115	-1.657739	0.383991	-0.015784	0.923202	-0.147023	0.986052	0.078010	-0.911557	-0.165687	0.376314
30004	4.321690	-2.513058	8.436027	-0.657178	-3.370897	-1.844532	0.355666	-0.039275	0.933788	-0.134279	0.986604	0.092641	-0.924917	-0.158338	0.345628
30005	0.869656	-4.422638	10.773591	-0.821944	-2.752234	-1.620656	0.332133	-0.059497	0.941354	-0.121012	0.987073	0.105082	-0.935438	-0.148816	0.320640
30006	15.385193	-7.846562	14.414582	0.311820	-3.560037	-0.656912	0.299490	-0.071097	0.951447	-0.122018	0.986177	0.112100	-0.946265	-0.149667	0.286675
30007	14.878206	-5.804506	9.222894	0.045772	-0.320162	0.015491	0.296441	-0.071424	0.952377	-0.122449	0.986127	0.112069	-0.947169	-0.149839	0.283583
30008	0.181814	-4.869477	14.229031	0.255989	1.812312	0.590659	0.312887	-0.062587	0.947726	-0.126880	0.986129	0.107012	-0.941278	-0.153730	0.300605
30009	-0.912117	-3.157181	8.394476	0.586552	0.680889	0.754209	0.318300	-0.054083	0.946446	-0.134725	0.985657	0.101633	-0.938368	-0.159860	0.306448
30010	-1.540158	-2.153693	8.217557	0.384773	0.797239	0.815076	0.324725	-0.044453	0.944763	-0.141205	0.985421	0.094900	-0.935208	-0.164222	0.313714
30011	0.527494	-2.013258	8.677784	0.368059	0.715218	0.885530	0.330126	-0.034539	0.943305	-0.147494	0.985168	0.087690	-0.932342	-0.168080	0.320135
30012	1.919522	-1.585094	9.766332	0.356188	1.072742	0.954724	0.338752	-0.022979	0.940595	-0.154278	0.984814	0.079622	-0.928141	-0.172085	0.330062
30013	2.142461	-0.845278	10.152362	0.276629	1.587997	1.042250	0.351805	-0.009959	0.936020	-0.160389	0.984515	0.070757	-0.922230	-0.175020	0.344760
30014	1.612631	-0.584631	9.658085	0.138760	2.052638	1.119824	0.368919	0.005032	0.929448	-0.165996	0.984265	0.060559	-0.914519	-0.176626	0.363949
30015	1.454777	-0.434447	9.198037	0.033239	2.366083	1.141331	0.388531	0.020446	0.921209	-0.170575	0.984070	0.050101	-0.905509	-0.176601	0.385830
30016	1.939874	-0.260186	9.189022	-0.064574	2.606001	1.140424	0.410114	0.036637	0.911298	-0.174862	0.983815	0.039141	-0.895114	-0.175403	0.409883
30017	2.786866	-0.173391	9.404475	-0.145997	2.845999	1.130735	0.433428	0.052716	0.899645	-0.178288	0.983572	0.028261	-0.883376	-0.172645	0.435706
30018	3.496462	-0.075393	9.620867	-0.207147	3.121853	1.117707	0.458866	0.069443	0.885787	-0.181785	0.983190	0.017091	-0.869710	-0.168866	0.463777
30019	4.086918	0.149673	9.904614	-0.272912	3.408429	1.065718	0.486296	0.085588	0.869592	-0.184426	0.982825	0.006403	-0.854110	-0.163490	0.493729
30020	4.734042	0.440567	10.194585	-0.327458	3.661660	1.001348	0.515465	0.101720	0.850852	-0.187012	0.982349	-0.004145	-0.836255	-0.156983	0.525389
30021	5.313327	0.489468	10.416071	-0.435089	3.909097	0.935215	0.546014	0.116879	0.829583	-0.188339	0.981999	-0.014392	-0.816331	-0.148385	0.558198
30022	5.892702	0.269009	10.591388	-0.508092	4.115713	0.860589	0.577600	0.131670	0.805631	-0.189427	0.981586	-0.024617	-0.794037	-0.138389	0.591906
30023	6.475962	-0.139431	10.770019	-0.555798	4.289234	0.825887	0.609574	0.145471	0.779268	-0.189945	0.981185	-0.034581	-0.769637	-0.126938	0.625737
30024	7.103984	-0.644026	11.054769	-0.586375	4.413589	0.849759	0.641396	0.159587	0.750428	-0.191176	0.980518	-0.045119	-0.743009	-0.114525	0.659410
30025	7.701848	-1.253520	11.219572	-0.571224	4.486968	0.929381	0.672318	0.173545	0.719632	-0.193082	0.979592	-0.055849	-0.714638	-0.101400	0.692106
30026	8.275928	-1.711637	11.335656	-0.531861	4.539215	1.036280	0.702093	0.188453	0.686696	-0.196844	0.978131	-0.067176	-0.684338	-0.088009	0.723834
30027	8.709003	-2.128160	11.447019	-0.448442	4.568173	1.149308	0.730341	0.203405	0.652096	-0.202047	0.976247	-0.078226	-0.652518	-0.074623	0.754090
30028	9.074616	-2.271946	11.634618	-0.376039	4.584007	1.249590	0.756935	0.219179	0.615638	-0.209321	0.973760	-0.089314	-0.619059	-0.061261	0.782952
30029	9.254427	-2.219520	11.616716	-0.318231	4.571119	1.332895	0.781604	0.234637	0.577962	-0.217633	0.970910	-0.099849	-0.584578	-0.047741	0.809932
30030	9.349824	-2.065895	11.495554	-0.301839	4.541813	1.382379	0.804268	0.250364	0.538954	-0.227263	0.967563	-0.110330	-0.549095	-0.033750	0.835078
30031	9.390677	-1.743968	11.393308	-0.306299	4.482792	1.394341	0.824847	0.265024	0.499390	-0.236972	0.964051	-0.120210	-0.513295	-0.019186	0.857998
30032	9.327992	-1.409338	11.324372	-0.357254	4.414840	1.354465	0.843403	0.279025	0.459147	-0.246878	0.960277	-0.130076	-0.477203	-0.003647	0.878786
30033	9.620263	-0.878355	11.498648	-0.445286	4.330234	1.248989	0.860158	0.290801	0.419002	-0.255453	0.956695	-0.139564	-0.441443	0.013011	0.897195
