// General information: 
//  MT Manager version: 2022.2.0 
//  XDA version: 2022.2.0 build 7381 rev 124627 built on 2023-07-19
// Device information: 
//  DeviceId: 00B4CBA7
//  ProductCode: MTW2-3A7G6
//  Firmware Version: 4.6.0
//  Hardware Version: 2.0.0
// Device settings: 
//  Filter Profile: human(46.1)
//  Option Flags: Orientation Smoother Disabled, Position/Velocity Smoother Disabled, Continuous Zero Rotation Update Disabled, AHS Disabled, ICC Disabled
// Coordinate system: ENU
PacketCounter	Acc_X	Acc_Y	Acc_Z	Gyr_X	Gyr_Y	Gyr_Z	Mat[1][1]	Mat[2][1]	Mat[3][1]	Mat[1][2]	Mat[2][2]	Mat[3][2]	Mat[1][3]	Mat[2][3]	Mat[3][3]
05047	9.453297	0.310797	2.521478	-0.063605	-0.181626	0.083120	0.211526	0.118437	0.970170	-0.578258	0.815423	0.026532	-0.787956	-0.566621	0.240970
05048	9.428636	0.469064	2.539983	-0.064388	-0.194956	0.088150	0.209495	0.117958	0.970669	-0.577873	0.815726	0.025590	-0.788781	-0.566284	0.239056
05049	9.398643	0.561825	2.510592	-0.067324	-0.196251	0.087018	0.207469	0.117549	0.971153	-0.577518	0.816007	0.024606	-0.789575	-0.565964	0.237183
05050	9.381306	0.436153	2.454491	-0.051731	-0.196231	0.079478	0.205476	0.116995	0.971644	-0.577210	0.816249	0.023780	-0.790321	-0.565729	0.235251
05051	9.365089	0.360254	2.407344	0.002651	-0.199309	0.067265	0.203538	0.116408	0.972122	-0.577364	0.816158	0.023154	-0.790710	-0.565981	0.233329
05052	9.382026	0.389138	2.340431	0.059448	-0.203917	0.052458	0.201639	0.115590	0.972615	-0.577878	0.815803	0.022850	-0.790822	-0.566660	0.231295
05053	9.335995	0.462142	2.323980	0.109790	-0.210635	0.046539	0.199730	0.114766	0.973107	-0.578834	0.815130	0.022671	-0.790606	-0.567796	0.229236
05054	9.375272	0.587266	2.288538	0.121478	-0.214565	0.030771	0.197873	0.113706	0.973610	-0.579793	0.814447	0.022717	-0.790371	-0.568988	0.227083
05055	9.423829	0.723532	2.324310	0.095214	-0.215277	0.036301	0.195987	0.112767	0.974101	-0.580612	0.813866	0.022600	-0.790240	-0.570004	0.224981
05056	9.397648	0.769300	2.192900	0.072155	-0.205335	0.029308	0.194212	0.111743	0.974574	-0.581176	0.813466	0.022545	-0.790263	-0.570778	0.222927
05057	9.381254	0.723286	2.149901	0.038818	-0.198658	0.028265	0.192503	0.110830	0.975018	-0.581533	0.813215	0.022377	-0.790419	-0.571312	0.220998
05058	9.384781	0.571054	2.137881	0.017579	-0.193989	0.024708	0.190845	0.109829	0.975457	-0.581654	0.813132	0.022246	-0.790732	-0.571623	0.219065
05059	9.369649	0.446070	2.116504	0.005067	-0.188404	0.024204	0.189240	0.108941	0.975869	-0.581735	0.813080	0.022042	-0.791058	-0.571868	0.217242
05060	9.458150	0.342307	1.961374	-0.001738	-0.189275	0.020224	0.187645	0.107929	0.976289	-0.581693	0.813113	0.021913	-0.791469	-0.572012	0.215358
05061	9.554329	0.329279	1.981902	-0.012940	-0.190633	0.024434	0.186019	0.107029	0.976699	-0.581631	0.813164	0.021668	-0.791898	-0.572110	0.213515
05062	9.647001	0.345832	1.972539	-0.036408	-0.199595	0.030350	0.184281	0.106041	0.977137	-0.581333	0.813385	0.021366	-0.792523	-0.571979	0.211537
05063	9.653902	0.413358	1.967022	-0.065504	-0.198891	0.040092	0.182497	0.105221	0.977560	-0.580882	0.813720	0.020857	-0.793266	-0.571653	0.209623
05064	9.659933	0.455307	1.957215	-0.105762	-0.199167	0.049290	0.180650	0.104391	0.977992	-0.580065	0.814319	0.020227	-0.794286	-0.570953	0.207661
05065	9.604517	0.434556	1.891244	-0.145530	-0.198895	0.052278	0.178792	0.103673	0.978409	-0.578998	0.815098	0.019436	-0.795484	-0.569972	0.205760
05066	9.592891	0.399293	1.887422	-0.168384	-0.201274	0.057443	0.176878	0.102902	0.978839	-0.577692	0.816043	0.018602	-0.796860	-0.568757	0.203786
05067	9.587797	0.301191	1.816492	-0.184530	-0.207095	0.061310	0.174899	0.102217	0.979266	-0.576323	0.817032	0.017649	-0.798287	-0.567460	0.201808
05068	9.562844	0.206359	1.730708	-0.200164	-0.211193	0.063899	0.172864	0.101449	0.979707	-0.574766	0.818147	0.016695	-0.799851	-0.565989	0.199738
05069	9.574589	0.056349	1.662916	-0.190128	-0.216686	0.066716	0.170772	0.100761	0.980145	-0.573354	0.819158	0.015685	-0.801313	-0.564648	0.197661
05070	9.614214	0.016200	1.540530	-0.150701	-0.227573	0.057646	0.168637	0.099856	0.980607	-0.572175	0.819996	0.014897	-0.802606	-0.563591	0.195417
05071	9.668421	0.059170	1.503704	-0.117582	-0.219494	0.056267	0.166579	0.099072	0.981038	-0.571320	0.820606	0.014139	-0.803645	-0.562842	0.193298
05072	9.678913	0.141824	1.410763	-0.082301	-0.218456	0.042009	0.164602	0.098095	0.981470	-0.570660	0.821073	0.013641	-0.804520	-0.562331	0.191129
05073	9.661560	0.243013	1.362339	-0.080123	-0.207223	0.042147	0.162720	0.097267	0.981866	-0.570079	0.821485	0.013097	-0.805315	-0.561873	0.189122
05074	9.609943	0.344757	1.320927	-0.092512	-0.196789	0.042362	0.160912	0.096417	0.982248	-0.569334	0.822010	0.012580	-0.806205	-0.561251	0.187164
05075	9.566753	0.384161	1.338043	-0.122260	-0.184145	0.046899	0.159186	0.095760	0.982593	-0.568417	0.822654	0.011914	-0.807194	-0.560420	0.185386
05076	9.555612	0.344225	1.245343	-0.149483	-0.166624	0.049509	0.157578	0.095139	0.982913	-0.567218	0.823491	0.011226	-0.808352	-0.559295	0.183728
05077	9.610329	0.309113	1.233573	-0.179233	-0.151913	0.049475	0.156095	0.094689	0.983193	-0.565841	0.824449	0.010434	-0.809604	-0.557959	0.182271
05078	9.622277	0.264180	1.282074	-0.197354	-0.132069	0.039166	0.154822	0.094178	0.983443	-0.564230	0.825560	0.009767	-0.810971	-0.556401	0.180953
05079	9.552783	0.313911	1.259890	-0.206389	-0.105955	0.042023	0.153752	0.093927	0.983635	-0.562615	0.826670	0.009003	-0.812296	-0.554792	0.179947
05080	9.564253	0.269019	1.312952	-0.213701	-0.082118	0.033968	0.152912	0.093654	0.983792	-0.560856	0.827871	0.008364	-0.813670	-0.553044	0.179118
05081	9.541522	0.224882	1.373781	-0.213821	-0.065771	0.032314	0.152222	0.093549	0.983909	-0.559159	0.829025	0.007685	-0.814966	-0.551331	0.178505
05082	9.571161	0.152691	1.438288	-0.201497	-0.050910	0.021577	0.151705	0.093348	0.984008	-0.557473	0.830164	0.007193	-0.816216	-0.549649	0.177979
05083	9.587875	0.101586	1.528601	-0.179454	-0.038705	0.015259	0.151331	0.093252	0.984075	-0.556025	0.831138	0.006746	-0.817273	-0.548191	0.177627
05084	9.590087	0.150272	1.626506	-0.157825	-0.044488	0.011845	0.150920	0.093007	0.984161	-0.554677	0.832041	0.006428	-0.818264	-0.546862	0.177160
05085	9.605217	0.178732	1.699103	-0.152128	-0.049760	0.013116	0.150466	0.092834	0.984247	-0.553446	0.832863	0.006052	-0.819181	-0.545638	0.176696
05086	9.666265	0.190374	1.830970	-0.162100	-0.064416	0.021382	0.149839	0.092561	0.984368	-0.552074	0.833776	0.005635	-0.820221	-0.544289	0.176032
05087	9.677604	0.248375	1.873498	-0.172121	-0.080654	0.029465	0.149041	0.092358	0.984508	-0.550700	0.834688	0.005065	-0.821290	-0.542924	0.175264
05088	9.647035	0.163235	1.888846	-0.181411	-0.087232	0.037155	0.148138	0.092096	0.984669	-0.549189	0.835686	0.004461	-0.822463	-0.541430	0.174376
05089	9.647487	0.132705	1.874515	-0.180966	-0.102805	0.032474	0.147141	0.091802	0.984846	-0.547742	0.836638	0.003849	-0.823607	-0.540008	0.173387
05090	9.692252	0.165236	1.902178	-0.180805	-0.112139	0.029953	0.146072	0.091350	0.985047	-0.546222	0.837634	0.003320	-0.824806	-0.538539	0.172252
05091	9.651775	0.120125	1.853172	-0.181203	-0.124764	0.028514	0.144913	0.090907	0.985259	-0.544762	0.838586	0.002750	-0.825975	-0.537130	0.171045
05092	9.626344	0.106361	1.879958	-0.176722	-0.139786	0.031549	0.143606	0.090325	0.985504	-0.543272	0.839554	0.002216	-0.827183	-0.535716	0.169636
05093	9.640140	0.056578	1.835139	-0.170358	-0.152720	0.028941	0.142211	0.089741	0.985760	-0.541898	0.840443	0.001666	-0.828325	-0.534418	0.168151
05094	9.646402	-0.008090	1.750469	-0.157081	-0.161220	0.025718	0.140756	0.089001	0.986036	-0.540559	0.841305	0.001227	-0.829448	-0.533184	0.166529
05095	9.644633	0.019089	1.706985	-0.137182	-0.174807	0.020754	0.139219	0.088234	0.986323	-0.539444	0.842021	0.000817	-0.830433	-0.532180	0.164823
05096	9.602747	0.055502	1.636574	-0.122968	-0.174737	0.026761	0.137643	0.087437	0.986615	-0.538388	0.842697	0.000428	-0.831380	-0.531240	0.163066
05097	9.580802	0.087396	1.579232	-0.120716	-0.181423	0.028344	0.136008	0.086702	0.986907	-0.537416	0.843317	-0.000024	-0.832277	-0.530376	0.161293
05098	9.546758	0.035805	1.557025	-0.125086	-0.183024	0.031672	0.134334	0.085906	0.987205	-0.536346	0.843998	-0.000461	-0.833239	-0.529422	0.159453
05099	9.513584	0.005004	1.449159	-0.121780	-0.184697	0.030905	0.132655	0.085179	0.987495	-0.535366	0.844620	-0.000937	-0.834138	-0.528547	0.157645
05100	9.508248	-0.014851	1.392733	-0.108260	-0.188997	0.032946	0.130921	0.084368	0.987796	-0.534435	0.845208	-0.001356	-0.835008	-0.527735	0.155745
05101	9.533403	-0.082260	1.317607	-0.097632	-0.187718	0.029895	0.129220	0.083619	0.988084	-0.533652	0.845702	-0.001780	-0.835774	-0.527063	0.153905
05102	9.554403	-0.114720	1.306878	-0.085760	-0.184109	0.033896	0.127519	0.082846	0.988370	-0.532909	0.846170	-0.002171	-0.836509	-0.526434	0.152052
05103	9.546407	-0.075787	1.320869	-0.077944	-0.183087	0.034770	0.125828	0.082165	0.988644	-0.532294	0.846555	-0.002610	-0.837156	-0.525921	0.150257
05104	9.592832	-0.123933	1.264658	-0.074530	-0.181617	0.034367	0.124143	0.081412	0.988919	-0.531643	0.846963	-0.002986	-0.837821	-0.525382	0.148427
05105	9.584949	-0.188075	1.288245	-0.052439	-0.176969	0.036688	0.122492	0.080782	0.989176	-0.531243	0.847213	-0.003403	-0.838318	-0.525076	0.146691
05106	9.641173	-0.197285	1.276972	-0.033916	-0.173192	0.034617	0.120874	0.080078	0.989433	-0.530933	0.847406	-0.003722	-0.838749	-0.524872	0.144945
05107	9.658399	-0.173177	1.246553	-0.008905	-0.165167	0.033329	0.119338	0.079482	0.989667	-0.530892	0.847430	-0.004042	-0.838995	-0.524924	0.143327
05108	9.658587	-0.096703	1.215946	0.013113	-0.158425	0.030990	0.117862	0.078826	0.989896	-0.530972	0.847379	-0.004258	-0.839153	-0.525105	0.141728
05109	9.641813	-0.070909	1.194278	0.021904	-0.150317	0.024881	0.116495	0.078236	0.990105	-0.531179	0.847248	-0.004450	-0.839213	-0.525404	0.140257
05110	9.602826	-0.063612	1.154802	0.030788	-0.144341	0.023363	0.115177	0.077590	0.990310	-0.531398	0.847110	-0.004567	-0.839256	-0.525722	0.138798
05111	9.607928	-0.018190	1.153206	0.045726	-0.134248	0.024077	0.113949	0.077076	0.990492	-0.531803	0.846855	-0.004719	-0.839167	-0.526209	0.137487
05112	9.652011	-0.005121	1.171426	0.045835	-0.132996	0.013035	0.112780	0.076401	0.990678	-0.532136	0.846646	-0.004714	-0.839114	-0.526644	0.136141
05113	9.642027	0.013723	1.184807	0.053411	-0.127422	0.015876	0.111654	0.075852	0.990848	-0.532596	0.846356	-0.004776	-0.838973	-0.527188	0.134897
05114	9.621290	-0.006292	1.154340	0.056083	-0.123100	0.018743	0.110538	0.075277	0.991017	-0.533022	0.846088	-0.004815	-0.838850	-0.527701	0.133649
05115	9.588421	-0.051568	1.229585	0.054049	-0.126203	0.019417	0.109403	0.074763	0.991182	-0.533490	0.845792	-0.004912	-0.838701	-0.528248	0.132417
05116	9.646382	-0.092814	1.158082	0.060910	-0.123373	0.018524	0.108286	0.074183	0.991348	-0.533955	0.845498	-0.004945	-0.838550	-0.528800	0.131166
05117	9.675550	-0.106595	1.191279	0.077545	-0.125258	0.010333	0.107208	0.073596	0.991509	-0.534610	0.845085	-0.004923	-0.838271	-0.529543	0.129945
05118	9.676989	-0.106693	1.179522	0.085564	-0.119554	0.011680	0.106159	0.072979	0.991667	-0.535276	0.844663	-0.004858	-0.837980	-0.530300	0.128733
05119	9.706265	-0.119847	1.212896	0.087273	-0.124273	0.010068	0.105091	0.072392	0.991824	-0.536011	0.844197	-0.004823	-0.837644	-0.531122	0.127521
05120	9.707782	-0.119609	1.200716	0.089410	-0.128862	0.006995	0.103990	0.071685	0.991992	-0.536704	0.843757	-0.004710	-0.837338	-0.531916	0.126216
05121	9.698122	-0.099223	1.214043	0.090072	-0.133300	0.003517	0.102883	0.070993	0.992157	-0.537455	0.843280	-0.004608	-0.836993	-0.532766	0.124915
05122	9.709129	-0.083129	1.239202	0.093186	-0.139736	0.002129	0.101718	0.070186	0.992334	-0.538175	0.842821	-0.004446	-0.836672	-0.533598	0.123502
05123	9.640101	-0.069155	1.299862	0.098814	-0.146594	0.003017	0.100502	0.069417	0.992512	-0.538999	0.842296	-0.004331	-0.836289	-0.534527	0.122068
05124	9.632552	-0.083499	1.247305	0.101558	-0.151571	0.003283	0.099233	0.068554	0.992700	-0.539789	0.841790	-0.004173	-0.835931	-0.535434	0.120538
05125	9.642063	-0.090682	1.265419	0.107233	-0.151600	0.000110	0.097993	0.067731	0.992880	-0.540678	0.841220	-0.004022	-0.835502	-0.536434	0.119054
05126	9.655008	-0.109459	1.224870	0.109252	-0.153667	0.003673	0.096705	0.066859	0.993065	-0.541535	0.840669	-0.003864	-0.835097	-0.537406	0.117504
05127	9.665981	-0.152304	1.178368	0.111084	-0.160451	0.006692	0.095357	0.066041	0.993250	-0.542463	0.840071	-0.003777	-0.834651	-0.538441	0.115931
05128	9.654997	-0.155673	1.183236	0.116620	-0.164767	0.014207	0.093920	0.065196	0.993443	-0.543391	0.839471	-0.003720	-0.834209	-0.539479	0.114270
05129	9.634349	-0.175013	1.149375	0.119799	-0.174830	0.017274	0.092395	0.064386	0.993639	-0.544400	0.838818	-0.003731	-0.833722	-0.540592	0.112554
05130	9.703327	-0.177173	1.115923	0.121758	-0.178444	0.020662	0.090810	0.063520	0.993840	-0.545378	0.838182	-0.003739	-0.833256	-0.541680	0.110758
05131	9.705276	-0.177941	1.098720	0.127149	-0.180655	0.023554	0.089204	0.062726	0.994036	-0.546452	0.837482	-0.003809	-0.832726	-0.542853	0.108984
05132	9.717947	-0.199374	1.055422	0.146517	-0.182982	0.033508	0.087513	0.061939	0.994236	-0.547645	0.836702	-0.003922	-0.832122	-0.544145	0.107143
05133	9.713759	-0.169159	1.010478	0.162764	-0.187038	0.031249	0.085813	0.061170	0.994432	-0.549019	0.835800	-0.004035	-0.831393	-0.545616	0.105306
05134	9.701345	-0.130868	0.932765	0.183279	-0.185348	0.032321	0.084110	0.060356	0.994627	-0.550515	0.834815	-0.004104	-0.830578	-0.547211	0.103443
05135	9.652885	-0.079418	0.922060	0.204720	-0.187047	0.034895	0.082393	0.059610	0.994816	-0.552236	0.833677	-0.004217	-0.829606	-0.549026	0.101608
05136	9.648401	-0.048961	0.876587	0.217340	-0.190417	0.028503	0.080668	0.058734	0.995009	-0.554014	0.832497	-0.004226	-0.828590	-0.550908	0.099696
05137	9.648000	0.029240	0.840686	0.224339	-0.198872	0.029642	0.078885	0.057872	0.995203	-0.555888	0.831246	-0.004275	-0.827505	-0.552884	0.097743
05138	9.680926	0.106222	0.795422	0.232286	-0.194639	0.030645	0.077121	0.056976	0.995392	-0.557775	0.829981	-0.004293	-0.826402	-0.554874	0.095789
05139	9.649138	0.106288	0.785205	0.236008	-0.194582	0.028511	0.075382	0.056120	0.995574	-0.559739	0.828658	-0.004329	-0.825233	-0.556936	0.093879
05140	9.648571	0.184357	0.748388	0.242274	-0.194912	0.028618	0.073628	0.055202	0.995757	-0.561708	0.827324	-0.004331	-0.824053	-0.559006	0.091921
05141	9.670975	0.179044	0.741208	0.251769	-0.189236	0.030132	0.071928	0.054380	0.995926	-0.563797	0.825902	-0.004377	-0.822775	-0.561185	0.090064
05142	9.664383	0.222516	0.752995	0.254747	-0.187810	0.031094	0.070218	0.053518	0.996095	-0.565871	0.824482	-0.004407	-0.821498	-0.563352	0.088178
05143	9.645596	0.263159	0.785363	0.258316	-0.190891	0.028639	0.068517	0.052665	0.996259	-0.568005	0.823013	-0.004442	-0.820168	-0.565575	0.086305
05144	9.647179	0.364707	0.752729	0.250652	-0.184414	0.035129	0.066826	0.051831	0.996418	-0.570014	0.821623	-0.004510	-0.818913	-0.567671	0.084450
05145	9.657461	0.355787	0.766757	0.227547	-0.182945	0.038675	0.065136	0.051097	0.996567	-0.571895	0.820313	-0.004680	-0.817737	-0.569627	0.082654
05146	9.659002	0.353351	0.748257	0.198687	-0.184502	0.045220	0.063388	0.050340	0.996719	-0.573490	0.819198	-0.004902	-0.816756	-0.571298	0.080797
05147	9.616182	0.334934	0.701809	0.182876	-0.187938	0.043967	0.061630	0.049614	0.996865	-0.575004	0.818134	-0.005170	-0.815826	-0.572883	0.078949
05148	9.618898	0.267500	0.760309	0.173442	-0.190262	0.042910	0.059849	0.048799	0.997014	-0.576383	0.817162	-0.005397	-0.814985	-0.574339	0.077033
05149	9.620451	0.264863	0.741348	0.171024	-0.194429	0.038797	0.058070	0.047987	0.997159	-0.577792	0.816164	-0.005629	-0.814115	-0.575824	0.075121
05150	9.640776	0.234489	0.729442	0.168899	-0.192326	0.035262	0.056323	0.047086	0.997302	-0.579119	0.815223	-0.005783	-0.813295	-0.577230	0.073184
05151	9.663402	0.228334	0.721636	0.153643	-0.200306	0.030697	0.054545	0.046168	0.997443	-0.580378	0.814325	-0.005954	-0.812518	-0.578570	0.071212
05152	9.617504	0.201369	0.728276	0.150122	-0.203177	0.031172	0.052727	0.045180	0.997586	-0.581573	0.813471	-0.006103	-0.811784	-0.579848	0.069167
05153	9.677889	0.139348	0.733849	0.142325	-0.210264	0.028645	0.050883	0.044182	0.997727	-0.582736	0.812637	-0.006267	-0.811067	-0.581093	0.067095
05154	9.695950	0.085586	0.715855	0.143010	-0.218232	0.029829	0.048959	0.043081	0.997871	-0.583851	0.811835	-0.006404	-0.810383	-0.582295	0.064899
05155	9.704550	0.053258	0.722738	0.140179	-0.222497	0.027230	0.047026	0.041994	0.998011	-0.584994	0.811011	-0.006561	-0.809673	-0.583521	0.062705
05156	9.658983	0.026617	0.727626	0.143362	-0.232366	0.030505	0.044997	0.040794	0.998154	-0.586081	0.810225	-0.006693	-0.809002	-0.584698	0.060366
05157	9.710144	-0.029036	0.697619	0.147945	-0.243921	0.034018	0.042853	0.039631	0.998295	-0.587286	0.809350	-0.006920	-0.808244	-0.585988	0.057958
05158	9.697731	-0.057778	0.690746	0.151504	-0.253684	0.035827	0.040615	0.038358	0.998438	-0.588464	0.808492	-0.007123	-0.807503	-0.587256	0.055409
05159	9.739107	-0.107533	0.626477	0.166117	-0.258015	0.039219	0.038331	0.037147	0.998574	-0.589814	0.807505	-0.007399	-0.806629	-0.588690	0.052862
05160	9.735744	-0.158104	0.592919	0.162779	-0.271641	0.035890	0.035945	0.035771	0.998713	-0.591090	0.806570	-0.007615	-0.805804	-0.590056	0.050136
05161	9.753697	-0.212805	0.569298	0.170240	-0.284963	0.040021	0.033442	0.034400	0.998848	-0.592468	0.805555	-0.007907	-0.804899	-0.591522	0.047320
05162	9.723758	-0.307706	0.514560	0.184204	-0.301764	0.042370	0.030785	0.032882	0.998985	-0.593901	0.804496	-0.008179	-0.803949	-0.593047	0.044295
05163	9.776912	-0.340579	0.481796	0.208773	-0.314335	0.041291	0.028043	0.031337	0.999115	-0.595585	0.803248	-0.008476	-0.802803	-0.594820	0.041189
05164	9.805931	-0.393537	0.433181	0.237208	-0.324283	0.044467	0.025206	0.029678	0.999242	-0.597418	0.801882	-0.008746	-0.801534	-0.596744	0.037943
05165	9.804555	-0.420908	0.397972	0.265751	-0.338816	0.045776	0.022248	0.028009	0.999360	-0.599551	0.800285	-0.009082	-0.800027	-0.598965	0.034598
05166	9.820165	-0.492484	0.311767	0.291264	-0.340693	0.050283	0.019230	0.026321	0.999469	-0.601871	0.798537	-0.009449	-0.798362	-0.601370	0.031198
05167	9.818314	-0.520355	0.275890	0.332304	-0.349476	0.047016	0.016189	0.024579	0.999567	-0.604523	0.796527	-0.009795	-0.796423	-0.604103	0.027754
05168	9.803053	-0.566532	0.204069	0.364107	-0.351717	0.051357	0.013094	0.022802	0.999654	-0.607396	0.794334	-0.010162	-0.794291	-0.607053	0.024251
05169	9.779085	-0.591037	0.157665	0.393562	-0.355108	0.051891	0.009991	0.021042	0.999729	-0.610518	0.791932	-0.010567	-0.791939	-0.610247	0.020758
05170	9.790197	-0.688372	0.068919	0.438817	-0.354907	0.053135	0.006887	0.019214	0.999792	-0.613916	0.789296	-0.010939	-0.789341	-0.613713	0.017231
05171	9.757352	-0.684059	-0.005298	0.487817	-0.353227	0.052120	0.003812	0.017440	0.999841	-0.617756	0.786287	-0.011359	-0.786360	-0.617615	0.013771
05172	9.713391	-0.681721	-0.056961	0.528683	-0.350979	0.052339	0.000736	0.015641	0.999877	-0.621898	0.783009	-0.011791	-0.783098	-0.621813	0.010303
05173	9.639438	-0.552133	-0.114116	0.585895	-0.343797	0.058039	-0.002283	0.013939	0.999900	-0.626470	0.779349	-0.012295	-0.779443	-0.626435	0.006953
05174	9.639917	-0.368272	-0.078243	0.601101	-0.336654	0.061964	-0.005276	0.012252	0.999911	-0.631093	0.775601	-0.012834	-0.775689	-0.631105	0.003640
05175	9.618301	-0.276026	-0.085984	0.606995	-0.324185	0.067102	-0.008180	0.010708	0.999909	-0.635780	0.771753	-0.013466	-0.771827	-0.635833	0.000495
05176	9.565379	-0.247521	-0.165096	0.631847	-0.311428	0.071738	-0.010997	0.009181	0.999897	-0.640533	0.767801	-0.014095	-0.767852	-0.640622	-0.002563
05177	9.533508	-0.156764	-0.149499	0.656107	-0.292003	0.066992	-0.013634	0.007807	0.999877	-0.645543	0.763581	-0.014765	-0.763602	-0.645665	-0.005371
05178	9.488696	0.010810	-0.137344	0.665953	-0.277849	0.061943	-0.016137	0.006426	0.999849	-0.650561	0.759298	-0.015380	-0.759282	-0.650712	-0.008072
05179	9.542384	0.165894	-0.107785	0.667286	-0.264775	0.059635	-0.018501	0.005140	0.999816	-0.655598	0.754940	-0.016012	-0.754883	-0.655773	-0.010598
05180	9.539663	0.371658	0.002764	0.642947	-0.251791	0.067318	-0.020794	0.003891	0.999776	-0.660296	0.750821	-0.016656	-0.750718	-0.660494	-0.013043
05181	9.562820	0.599447	0.123841	0.601713	-0.232873	0.068279	-0.022960	0.002851	0.999732	-0.664781	0.746836	-0.017397	-0.746686	-0.665002	-0.015252
05182	9.640629	1.063043	0.322797	0.542860	-0.208470	0.087384	-0.025029	0.001988	0.999685	-0.668606	0.743394	-0.018218	-0.743196	-0.668851	-0.017277
05183	9.595003	1.138439	0.251076	0.436043	-0.169678	0.086912	-0.026839	0.001487	0.999639	-0.671813	0.740474	-0.019139	-0.740235	-0.672083	-0.018875
05184	9.488703	0.785648	-0.001146	0.336724	-0.137931	0.100430	-0.028483	0.001203	0.999594	-0.674129	0.738340	-0.020097	-0.738064	-0.674427	-0.020219
05185	9.235401	0.582098	-0.475464	0.231319	-0.132387	0.112360	-0.030187	0.001130	0.999544	-0.675796	0.736783	-0.021242	-0.736470	-0.676129	-0.021478
05186	8.769092	0.231102	-1.548464	0.174979	-0.153764	0.142395	-0.032205	0.001007	0.999481	-0.676820	0.735804	-0.022550	-0.735444	-0.677194	-0.023015
05187	8.119548	-0.249424	-3.234702	0.095854	-0.251968	0.210853	-0.035454	0.000843	0.999371	-0.677448	0.735158	-0.024653	-0.734716	-0.677895	-0.025493
05188	7.507977	-0.959376	-4.393473	-0.172660	-0.396927	0.390779	-0.040962	0.000927	0.999160	-0.675854	0.736489	-0.028391	-0.735897	-0.676449	-0.029541
05189	7.695185	-0.471033	-2.696117	-0.808739	-0.479452	0.705822	-0.049220	0.002908	0.998784	-0.669557	0.741928	-0.035156	-0.741128	-0.670473	-0.034570
05190	8.559257	-0.130884	-1.195756	-1.791240	-0.491617	1.069360	-0.059910	0.007519	0.998175	-0.655365	0.753969	-0.045015	-0.752932	-0.656866	-0.040243
05191	8.506235	-2.108818	-2.217543	-2.482206	-0.696673	1.344947	-0.073862	0.013248	0.997181	-0.635577	0.769908	-0.057306	-0.768496	-0.638017	-0.048447
05192	8.860581	-6.587698	-2.480428	-2.959761	-0.918127	1.529521	-0.090483	0.019306	0.995711	-0.611130	0.788356	-0.070821	-0.786342	-0.614917	-0.059535
05193	8.383720	-6.197989	-3.613256	-2.087787	-0.999533	1.518590	-0.107515	0.025296	0.993882	-0.593083	0.800691	-0.084537	-0.797931	-0.598543	-0.071084
05194	9.356037	-3.254899	-1.534608	-1.741785	-0.941674	1.268001	-0.122442	0.029865	0.992026	-0.577430	0.810814	-0.095680	-0.807207	-0.584541	-0.082033
05195	9.973827	-3.541135	-1.017304	-1.694319	-0.898440	1.011557	-0.135468	0.032912	0.990235	-0.562372	0.820293	-0.104198	-0.815712	-0.570996	-0.092615
05196	11.148707	-3.620173	-0.492852	-1.429141	-0.813875	0.928908	-0.147289	0.035921	0.988441	-0.549258	0.828122	-0.111940	-0.822570	-0.559396	-0.102243
05197	11.397347	-2.174168	-0.520362	-1.095261	-0.663734	1.000687	-0.158179	0.040540	0.986578	-0.538689	0.833824	-0.120631	-0.827523	-0.550540	-0.110055
05198	10.813617	-0.934764	0.215402	-0.609619	-0.541708	0.930383	-0.167663	0.045308	0.984803	-0.532095	0.836786	-0.129088	-0.829918	-0.545652	-0.116189
05199	10.953896	0.102770	0.879705	-0.205950	-0.367628	0.763980	-0.174739	0.049688	0.983360	-0.529074	0.837552	-0.136334	-0.830390	-0.544093	-0.120065
05200	11.189460	2.953530	1.905059	0.109835	-0.220305	0.559559	-0.179543	0.053141	0.982314	-0.528988	0.836674	-0.141948	-0.829419	-0.545118	-0.122108
05201	11.357823	4.928959	2.314090	0.291230	-0.137746	0.198992	-0.181710	0.054038	0.981866	-0.531038	0.834983	-0.144232	-0.827635	-0.547616	-0.123028
05202	11.238547	3.712632	0.145846	0.505716	-0.129841	-0.271563	-0.181327	0.051017	0.982099	-0.535673	0.832376	-0.142142	-0.824727	-0.551858	-0.123604
05203	10.196951	0.854787	-2.542071	0.939422	-0.245126	-0.560940	-0.180283	0.044986	0.982585	-0.544406	0.827431	-0.137769	-0.819219	-0.559763	-0.124681
05204	9.179389	-0.408155	-3.033627	1.036296	-0.401024	-0.463732	-0.180993	0.038845	0.982717	-0.553649	0.821824	-0.134454	-0.812844	-0.568415	-0.127238
05205	8.755090	-0.328407	-2.272505	1.177397	-0.462018	-0.163706	-0.183787	0.034844	0.982348	-0.563471	0.815141	-0.134333	-0.805433	-0.578213	-0.130179
05206	8.970801	0.311571	-2.197067	1.525454	-0.507246	-0.018682	-0.187726	0.031669	0.981711	-0.575665	0.806281	-0.136090	-0.795844	-0.590685	-0.133130
05207	9.202278	0.300599	-2.321941	1.528117	-0.531516	-0.031605	-0.191716	0.028231	0.981044	-0.587809	0.797176	-0.137810	-0.785955	-0.603087	-0.136237
05208	9.395509	-0.582416	-1.817376	1.074171	-0.474605	-0.053450	-0.195095	0.024860	0.980469	-0.596255	0.790724	-0.138693	-0.778728	-0.611668	-0.139443
05209	9.913580	-1.796669	-1.197399	0.639417	-0.373016	0.005245	-0.197992	0.022599	0.979943	-0.601207	0.786802	-0.139616	-0.774176	-0.616792	-0.142194
05210	10.376351	-2.350746	-0.851677	0.370704	-0.273914	0.089036	-0.200627	0.021542	0.979431	-0.603835	0.784549	-0.140946	-0.771448	-0.619692	-0.144394
05211	10.540153	-2.697767	-1.051941	0.192913	-0.212905	0.135591	-0.203057	0.021273	0.978936	-0.605045	0.783330	-0.142525	-0.769862	-0.621241	-0.146190
05212	10.505756	-2.955158	-1.386873	0.094664	-0.184957	0.130945	-0.205257	0.021091	0.978481	-0.605453	0.782768	-0.143879	-0.768958	-0.621956	-0.147899
05213	10.092053	-3.100955	-1.504597	0.062619	-0.183932	0.085700	-0.207159	0.020607	0.978090	-0.605755	0.782367	-0.144782	-0.768209	-0.622476	-0.149592
05214	9.836516	-3.248083	-1.445927	0.095923	-0.199016	0.004617	-0.208702	0.019350	0.977788	-0.606436	0.781816	-0.144911	-0.767254	-0.623209	-0.151432
05215	9.830791	-3.186390	-1.562978	0.232646	-0.199322	-0.067037	-0.209792	0.017572	0.977588	-0.608357	0.780383	-0.144581	-0.765434	-0.625055	-0.153028
05216	9.920824	-3.134733	-1.824014	0.480922	-0.190572	-0.126775	-0.210465	0.015342	0.977481	-0.612259	0.777428	-0.144030	-0.762131	-0.628785	-0.154228
05217	9.992542	-2.848704	-2.133000	0.803838	-0.175563	-0.148948	-0.210851	0.013068	0.977431	-0.618675	0.772377	-0.143787	-0.756824	-0.635030	-0.154772
05218	9.862015	-1.951066	-2.223346	1.132341	-0.167321	-0.142206	-0.211221	0.010861	0.977378	-0.627472	0.765188	-0.144106	-0.749443	-0.643716	-0.154808
05219	9.836427	-0.680904	-1.973730	1.269487	-0.158785	-0.114876	-0.211647	0.008947	0.977305	-0.637174	0.756973	-0.144918	-0.741090	-0.653385	-0.154510
05220	9.856083	0.481358	-1.837957	1.166065	-0.150116	-0.080665	-0.212231	0.007308	0.977192	-0.645910	0.749345	-0.145886	-0.733320	-0.662139	-0.154314
05221	9.766542	0.999717	-1.957890	0.919944	-0.141259	-0.038042	-0.212985	0.006075	0.977037	-0.652706	0.743232	-0.146905	-0.727057	-0.669006	-0.154332
05222	9.696371	0.980424	-2.023519	0.580515	-0.135983	0.001522	-0.213971	0.005125	0.976827	-0.656871	0.739382	-0.147765	-0.723005	-0.673267	-0.154840
05223	9.620223	0.483744	-2.059265	0.278683	-0.129677	0.051033	-0.215212	0.004618	0.976556	-0.658772	0.737508	-0.148667	-0.720904	-0.675323	-0.155678
05224	9.584161	-0.122819	-2.147838	0.103333	-0.117004	0.081512	-0.216577	0.004373	0.976256	-0.659292	0.736862	-0.149562	-0.720020	-0.676029	-0.156704
05225	9.601852	-0.642387	-2.248641	0.010878	-0.099831	0.102198	-0.217939	0.004443	0.975952	-0.659146	0.736791	-0.150547	-0.719742	-0.676105	-0.157647
05226	9.734224	-1.193946	-2.237148	-0.064870	-0.086642	0.100493	-0.219208	0.004539	0.975668	-0.658406	0.737287	-0.151357	-0.720034	-0.675564	-0.158630
05227	9.727419	-1.807781	-2.260849	-0.060092	-0.068670	0.094774	-0.220295	0.004766	0.975422	-0.657763	0.737696	-0.152157	-0.720290	-0.675116	-0.159376
05228	9.696698	-2.212959	-2.276344	0.026747	-0.052491	0.079039	-0.221177	0.004935	0.975221	-0.657727	0.737575	-0.152902	-0.720053	-0.675248	-0.159889
05229	9.629514	-2.255120	-2.269176	0.165700	-0.032490	0.061354	-0.221783	0.005158	0.975082	-0.658782	0.736459	-0.153736	-0.718901	-0.676462	-0.159936
05230	9.597821	-2.029953	-2.213884	0.269646	-0.017106	0.044942	-0.222189	0.005314	0.974989	-0.660565	0.734691	-0.154540	-0.717137	-0.678381	-0.159730
05231	9.556197	-1.626084	-2.044642	0.322546	-0.002507	0.036813	-0.222419	0.005559	0.974935	-0.662791	0.732505	-0.155384	-0.715009	-0.680739	-0.159239
05232	9.518719	-1.323177	-1.893624	0.278879	0.012841	0.041286	-0.222589	0.005890	0.974895	-0.664639	0.730662	-0.156165	-0.713238	-0.682714	-0.158723
05233	9.529692	-1.057471	-1.676692	0.193793	0.021317	0.046101	-0.222712	0.006363	0.974863	-0.665916	0.729343	-0.156892	-0.712008	-0.684119	-0.158196
05234	9.545264	-1.044283	-1.619214	0.109403	0.022078	0.060434	-0.222945	0.006896	0.974807	-0.666507	0.728652	-0.157589	-0.711382	-0.684849	-0.157853
05235	9.545123	-1.077397	-1.639449	0.058324	0.027689	0.074777	-0.223215	0.007622	0.974740	-0.666753	0.728255	-0.158380	-0.711066	-0.685264	-0.157476
05236	9.532181	-1.208896	-1.706750	0.030337	0.030169	0.087822	-0.223571	0.008408	0.974651	-0.666719	0.728104	-0.159217	-0.710987	-0.685415	-0.157177
05237	9.538400	-1.245284	-1.750237	0.017081	0.035283	0.098271	-0.223944	0.009357	0.974557	-0.666619	0.727987	-0.160172	-0.710963	-0.685527	-0.156791
05238	9.501830	-1.245578	-1.706782	0.012183	0.034622	0.110032	-0.224416	0.010334	0.974439	-0.666404	0.727958	-0.161195	-0.711016	-0.685544	-0.156478
05239	9.485015	-1.226602	-1.710329	-0.013881	0.035252	0.118713	-0.224925	0.011432	0.974309	-0.666036	0.728048	-0.162300	-0.711199	-0.685431	-0.156142
05240	9.504234	-1.293957	-1.824630	-0.031173	0.031576	0.127186	-0.225531	0.012513	0.974156	-0.665472	0.728313	-0.163421	-0.711535	-0.685130	-0.155930
05241	9.532413	-1.364418	-1.885638	-0.046125	0.030649	0.132834	-0.226164	0.013682	0.973993	-0.664842	0.728620	-0.164614	-0.711923	-0.684781	-0.155692
05242	9.524491	-1.425273	-1.906925	-0.056378	0.032234	0.140674	-0.226853	0.014866	0.973816	-0.664065	0.729054	-0.165825	-0.712429	-0.684295	-0.155516
05243	9.545614	-1.368232	-1.827201	-0.067488	0.033860	0.143720	-0.227534	0.016137	0.973636	-0.663256	0.729502	-0.167090	-0.712966	-0.683789	-0.155283
05244	9.544429	-1.203772	-1.660686	-0.096976	0.027191	0.147365	-0.228299	0.017336	0.973437	-0.662170	0.730209	-0.168302	-0.713730	-0.683004	-0.155227
05245	9.554641	-0.966336	-1.548361	-0.154464	0.018428	0.159441	-0.229191	0.018618	0.973203	-0.660700	0.731243	-0.169585	-0.714805	-0.681863	-0.155293
05246	9.560100	-0.954968	-1.548856	-0.272859	0.010460	0.162681	-0.230170	0.019816	0.972949	-0.658314	0.733140	-0.170669	-0.716690	-0.679789	-0.155701
05247	9.564357	-1.221048	-1.556916	-0.399153	0.005229	0.158559	-0.231142	0.021007	0.972693	-0.655081	0.735824	-0.171559	-0.719335	-0.676847	-0.156319
05248	9.584516	-1.667880	-1.627788	-0.473933	0.003854	0.168155	-0.232193	0.022209	0.972416	-0.651213	0.739059	-0.172375	-0.722501	-0.673274	-0.157141
05249	9.570711	-1.951624	-1.697093	-0.481787	0.012959	0.167101	-0.233152	0.023524	0.972156	-0.647334	0.742265	-0.173211	-0.725672	-0.669694	-0.157833
05250	9.499736	-2.013105	-1.797203	-0.468689	0.023644	0.162846	-0.234011	0.024830	0.971917	-0.643484	0.745427	-0.173977	-0.728812	-0.666125	-0.158461
05251	9.458720	-2.031651	-1.864867	-0.455361	0.035760	0.147717	-0.234666	0.026161	0.971724	-0.639810	0.748423	-0.174660	-0.731830	-0.662705	-0.158892
05252	9.465898	-2.016617	-1.792376	-0.430538	0.039929	0.131172	-0.235192	0.027345	0.971564	-0.636284	0.751303	-0.175174	-0.734729	-0.659391	-0.159301
05253	9.525148	-1.992533	-1.704453	-0.389294	0.040098	0.126331	-0.235667	0.028549	0.971414	-0.633119	0.753838	-0.175751	-0.737306	-0.656440	-0.159580
05254	9.434978	-1.896764	-1.661103	-0.344150	0.047420	0.123574	-0.236079	0.029730	0.971279	-0.630227	0.756123	-0.176327	-0.739649	-0.653754	-0.159768
05255	9.436272	-2.008180	-1.607319	-0.318988	0.040580	0.114809	-0.236469	0.030853	0.971149	-0.627591	0.758179	-0.176902	-0.741763	-0.651316	-0.159923
05256	9.486774	-2.256354	-1.686944	-0.261317	0.038092	0.112250	-0.236872	0.031891	0.971017	-0.625327	0.759908	-0.177501	-0.743544	-0.649248	-0.160059
05257	9.470250	-2.082354	-1.622852	-0.171790	0.035383	0.093964	-0.237165	0.032825	0.970915	-0.623823	0.761001	-0.178109	-0.744713	-0.647920	-0.160006
05258	9.432271	-2.002477	-1.585483	-0.119903	0.030570	0.085830	-0.237455	0.033615	0.970817	-0.622670	0.761811	-0.178679	-0.745585	-0.646927	-0.159965
05259	9.292375	-1.617212	-1.409445	-0.096430	0.026979	0.081405	-0.237729	0.034399	0.970722	-0.621755	0.762416	-0.179285	-0.746261	-0.646173	-0.159861
05260	9.605636	-0.997411	-0.170075	-0.225359	0.021969	0.094052	-0.238133	0.035199	0.970595	-0.619793	0.763898	-0.179767	-0.747763	-0.644376	-0.160093
05261	8.573826	-1.961851	-2.422478	-0.168329	-0.016551	0.100482	-0.238847	0.035849	0.970395	-0.618291	0.764955	-0.180442	-0.748778	-0.643085	-0.160542
05262	9.662401	-1.309268	-0.256860	-0.340148	-0.112594	0.062697	-0.240061	0.035547	0.970107	-0.615536	0.767177	-0.180431	-0.750657	-0.640450	-0.162289
05263	9.647629	-2.098857	-0.380153	-0.337292	-0.050784	0.088709	-0.240957	0.035893	0.969872	-0.612785	0.769310	-0.180712	-0.752619	-0.637866	-0.163376
05264	9.296663	-2.659747	-0.837728	-0.163398	-0.156101	0.087469	-0.242649	0.035515	0.969464	-0.611291	0.770378	-0.181223	-0.753289	-0.636598	-0.165221
05265	9.099597	-2.533643	-0.407331	-0.124193	-0.181019	0.091222	-0.244538	0.035055	0.969006	-0.610130	0.771145	-0.181870	-0.753619	-0.635694	-0.167186
05266	9.356435	-2.339259	-0.815513	-0.038215	-0.220737	0.056085	-0.246527	0.034033	0.968538	-0.609659	0.771419	-0.182286	-0.753353	-0.635416	-0.169427
05267	9.363975	-1.984276	-0.919321	-0.052076	-0.253132	0.085029	-0.248920	0.033069	0.967959	-0.609054	0.771731	-0.182989	-0.753055	-0.635089	-0.171958
05268	9.281794	-1.280185	-1.234775	-0.157053	-0.259938	0.103294	-0.251489	0.032169	0.967325	-0.607570	0.772741	-0.183657	-0.753400	-0.633905	-0.174791
05269	9.234367	-1.543864	-1.420849	-0.358745	-0.252384	0.093133	-0.253926	0.031282	0.966718	-0.604627	0.774990	-0.183894	-0.754949	-0.631199	-0.177877
05270	9.225024	-1.793840	-1.551127	-0.439760	-0.296486	0.063094	-0.256530	0.029856	0.966075	-0.601099	0.777786	-0.183652	-0.756883	-0.627819	-0.181579
05271	9.436833	-2.176375	-1.500226	-0.452949	-0.317063	0.031639	-0.259091	0.028106	0.965444	-0.597583	0.780622	-0.183096	-0.758793	-0.624371	-0.185457
05272	9.424120	-2.428460	-1.842863	-0.355920	-0.327429	0.003869	-0.261583	0.026049	0.964829	-0.594829	0.782883	-0.182406	-0.760100	-0.621623	-0.189294
05273	9.469336	-2.648035	-2.169337	-0.224263	-0.325206	0.000812	-0.264030	0.024025	0.964215	-0.593120	0.784284	-0.181955	-0.760590	-0.619936	-0.192825
05274	9.528592	-2.374867	-2.614544	-0.042186	-0.301352	-0.015949	-0.266211	0.021986	0.963664	-0.592804	0.784591	-0.181662	-0.760076	-0.619624	-0.195833
05275	9.524745	-2.141555	-2.969141	0.006982	-0.270244	-0.019992	-0.268115	0.020143	0.963176	-0.592908	0.784560	-0.181452	-0.759325	-0.619725	-0.198410
05276	9.445581	-1.722897	-3.087131	-0.016041	-0.227584	-0.017302	-0.269727	0.018551	0.962758	-0.592796	0.784704	-0.181198	-0.758841	-0.619593	-0.200659
05277	9.469178	-1.549651	-3.100846	-0.099988	-0.196846	-0.016108	-0.271094	0.017193	0.962399	-0.592079	0.785334	-0.180810	-0.758914	-0.618833	-0.202720
05278	9.475413	-1.536370	-2.940680	-0.166458	-0.154916	-0.015573	-0.272166	0.016065	0.962116	-0.590819	0.786408	-0.180264	-0.759512	-0.617498	-0.204542
05279	9.502219	-1.568968	-2.598228	-0.207068	-0.143695	-0.012435	-0.273154	0.015069	0.961852	-0.589277	0.787696	-0.179688	-0.760355	-0.615880	-0.206283
05280	9.417988	-1.795197	-2.283833	-0.228562	-0.133894	-0.014757	-0.274075	0.014080	0.961605	-0.587538	0.789148	-0.179013	-0.761369	-0.614042	-0.208013
05281	9.325760	-2.068585	-1.997167	-0.188130	-0.132389	-0.025413	-0.274903	0.013054	0.961383	-0.586172	0.790313	-0.178345	-0.762122	-0.612564	-0.209607
05282	9.281165	-2.181390	-1.672795	-0.127890	-0.140408	-0.032427	-0.275773	0.011890	0.961149	-0.585247	0.791143	-0.177706	-0.762519	-0.611516	-0.211217
05283	9.224638	-2.232360	-1.426138	-0.063973	-0.154919	-0.053234	-0.276611	0.010509	0.960924	-0.584904	0.791548	-0.177027	-0.762478	-0.611016	-0.212805
05284	9.238128	-2.128949	-1.136785	-0.000061	-0.182076	-0.065059	-0.277609	0.008835	0.960654	-0.585048	0.791594	-0.176346	-0.762006	-0.610984	-0.214585
05285	9.169674	-2.039830	-0.969355	0.009434	-0.213049	-0.069330	-0.278795	0.006971	0.960325	-0.585311	0.791550	-0.175669	-0.761370	-0.611064	-0.216600
05286	9.137323	-2.080451	-0.923333	0.024226	-0.260385	-0.074925	-0.280327	0.004744	0.959893	-0.585673	0.791442	-0.174951	-0.760529	-0.611226	-0.219084
05287	9.183990	-2.025910	-1.087365	0.057583	-0.309096	-0.081536	-0.282167	0.002196	0.959363	-0.586338	0.791101	-0.174264	-0.759335	-0.611682	-0.221935
05288	9.141184	-1.994737	-1.250615	0.070272	-0.351331	-0.088760	-0.284301	-0.000697	0.958735	-0.587094	0.790703	-0.173521	-0.757953	-0.612200	-0.225207
05289	9.239535	-1.945717	-1.560252	0.076282	-0.389278	-0.099705	-0.286632	-0.003882	0.958033	-0.587955	0.790241	-0.172707	-0.756407	-0.612783	-0.228791
05290	9.229758	-1.912157	-1.896678	0.076573	-0.412367	-0.107804	-0.289103	-0.007299	0.957270	-0.588819	0.789794	-0.171805	-0.754792	-0.613329	-0.232629
05291	9.305855	-1.962875	-2.166018	0.074073	-0.414778	-0.117293	-0.291508	-0.010783	0.956508	-0.589717	0.789337	-0.170825	-0.753165	-0.613865	-0.236457
05292	9.296297	-1.928765	-2.527091	0.110670	-0.404760	-0.125547	-0.293801	-0.014296	0.955760	-0.590894	0.788668	-0.169844	-0.751349	-0.614653	-0.240159
05293	9.288967	-1.849845	-2.835510	0.139747	-0.395326	-0.122237	-0.296013	-0.017705	0.955020	-0.592302	0.787796	-0.168983	-0.749369	-0.615681	-0.243685
05294	9.359303	-1.555855	-2.926258	0.154132	-0.383489	-0.123530	-0.298141	-0.021076	0.954289	-0.593801	0.786848	-0.168138	-0.747337	-0.616787	-0.247107
05295	9.363729	-1.424669	-2.955945	0.118222	-0.363866	-0.121933	-0.300101	-0.024294	0.953598	-0.595047	0.786098	-0.167237	-0.745559	-0.617624	-0.250365
05296	9.327971	-1.533042	-3.042842	0.098834	-0.343849	-0.114049	-0.301974	-0.027352	0.952924	-0.596104	0.785485	-0.166355	-0.743957	-0.618277	-0.253500
05297	9.289716	-1.665407	-3.153239	0.121913	-0.333432	-0.111578	-0.303755	-0.030303	0.952268	-0.597347	0.784706	-0.165571	-0.742233	-0.619127	-0.256460
05298	9.294344	-1.713329	-3.203314	0.143904	-0.308907	-0.107495	-0.305393	-0.033098	0.951651	-0.598718	0.783807	-0.164873	-0.740454	-0.620122	-0.259186
05299	9.265567	-1.670849	-3.331578	0.189807	-0.292631	-0.107586	-0.306881	-0.035770	0.951075	-0.600450	0.782599	-0.164312	-0.738433	-0.621497	-0.261643
05300	9.303173	-1.202835	-3.223726	0.213929	-0.285436	-0.105200	-0.308346	-0.038407	0.950499	-0.602327	0.781257	-0.163829	-0.736291	-0.623027	-0.264031
05301	9.370964	-0.771183	-3.062116	0.139963	-0.272581	-0.105370	-0.309684	-0.040942	0.949958	-0.603682	0.780349	-0.163166	-0.734619	-0.624002	-0.266378
05302	9.399844	-0.808509	-2.931605	0.026488	-0.270921	-0.098240	-0.311071	-0.043440	0.949393	-0.604154	0.780173	-0.162256	-0.733643	-0.624053	-0.268934
05303	9.331365	-1.069550	-2.793286	-0.044128	-0.274215	-0.093498	-0.312486	-0.045892	0.948813	-0.604122	0.780414	-0.161217	-0.733068	-0.623577	-0.271593
05304	9.314061	-1.343885	-2.672407	-0.101972	-0.285649	-0.089198	-0.314032	-0.048410	0.948177	-0.603625	0.781040	-0.160041	-0.732817	-0.622601	-0.274493
05305	9.290838	-1.517211	-2.480613	-0.107133	-0.298777	-0.088150	-0.315658	-0.050970	0.947503	-0.603117	0.781670	-0.158878	-0.732537	-0.621606	-0.277482
05306	9.268864	-1.536641	-2.315665	-0.107486	-0.321896	-0.088359	-0.317473	-0.053701	0.946745	-0.602580	0.782324	-0.157689	-0.732194	-0.620552	-0.280727
05307	9.195733	-1.457909	-2.284706	-0.106327	-0.345232	-0.088445	-0.319437	-0.056547	0.945919	-0.602083	0.782942	-0.156519	-0.731749	-0.619520	-0.284146
05308	9.200774	-1.323231	-2.317198	-0.114735	-0.371746	-0.090866	-0.321599	-0.059600	0.944998	-0.601507	0.783630	-0.155281	-0.731275	-0.618362	-0.287864
05309	9.209414	-1.234146	-2.474717	-0.148178	-0.389890	-0.093532	-0.323856	-0.062754	0.944023	-0.600726	0.784495	-0.153935	-0.730921	-0.616952	-0.291762
05310	9.231994	-1.127957	-2.533421	-0.211200	-0.413107	-0.082920	-0.326367	-0.065989	0.942937	-0.599424	0.785774	-0.152481	-0.730873	-0.614984	-0.296006
