// General information: 
//  MT Manager version: 2022.2.0 
//  XDA version: 2022.2.0 build 7381 rev 124627 built on 2023-07-19
// Device information: 
//  DeviceId: 00B4CAF0
//  ProductCode: MTW2-3A7G6
//  Firmware Version: 4.6.0
//  Hardware Version: 2.0.0
// Device settings: 
//  Filter Profile: human(46.1)
//  Option Flags: Orientation Smoother Disabled, Position/Velocity Smoother Disabled, Continuous Zero Rotation Update Disabled, AHS Disabled, ICC Disabled
// Coordinate system: ENU
PacketCounter	Acc_X	Acc_Y	Acc_Z	Gyr_X	Gyr_Y	Gyr_Z	Mat[1][1]	Mat[2][1]	Mat[3][1]	Mat[1][2]	Mat[2][2]	Mat[3][2]	Mat[1][3]	Mat[2][3]	Mat[3][3]
12755	4.708778	-0.257074	9.118046	0.013134	-0.010106	-0.001142	0.729310	0.511884	0.453962	-0.567002	0.823527	-0.017690	-0.382905	-0.244496	0.890845
12756	4.696411	-0.216873	9.108173	0.015686	-0.023585	0.000863	0.729222	0.511811	0.454185	-0.567032	0.823508	-0.017587	-0.383026	-0.244713	0.890734
12757	4.724946	-0.233812	9.120015	0.012955	-0.025117	0.000576	0.729115	0.511737	0.454440	-0.567054	0.823494	-0.017526	-0.383198	-0.244914	0.890605
12758	4.767239	-0.253215	9.100342	0.014709	-0.022005	-0.000527	0.729042	0.511657	0.454649	-0.567071	0.823484	-0.017426	-0.383312	-0.245114	0.890500
12759	4.789125	-0.262151	9.090132	0.015950	-0.017897	0.000444	0.728963	0.511598	0.454840	-0.567103	0.823465	-0.017338	-0.383415	-0.245302	0.890404
12760	4.756513	-0.211490	9.089624	0.016216	-0.012208	0.000031	0.728924	0.511546	0.454962	-0.567129	0.823449	-0.017227	-0.383450	-0.245465	0.890344
12761	4.771360	-0.212627	9.057563	0.011534	-0.010582	-0.003023	0.728893	0.511478	0.455088	-0.567119	0.823457	-0.017162	-0.383523	-0.245580	0.890281
12762	4.738264	-0.198629	9.098032	0.014837	-0.006581	0.003279	0.728858	0.511466	0.455159	-0.567165	0.823427	-0.017077	-0.383525	-0.245703	0.890247
12763	4.732574	-0.225860	9.116260	0.014762	-0.003653	-0.001425	0.728842	0.511430	0.455223	-0.567181	0.823418	-0.016991	-0.383529	-0.245810	0.890215
12764	4.719230	-0.185861	9.106847	0.010742	-0.008880	0.002854	0.728800	0.511409	0.455315	-0.567208	0.823401	-0.016941	-0.383570	-0.245911	0.890169
12765	4.760152	-0.205669	9.087853	0.010509	-0.008589	0.001124	0.728750	0.511383	0.455423	-0.567228	0.823387	-0.016905	-0.383635	-0.246009	0.890115
12766	4.760777	-0.204921	9.087542	0.006681	-0.005199	0.000287	0.728737	0.511350	0.455482	-0.567220	0.823393	-0.016880	-0.383672	-0.246058	0.890085
12767	4.742692	-0.217097	9.061194	0.008400	-0.008067	0.001327	0.728692	0.511322	0.455585	-0.567227	0.823389	-0.016863	-0.383746	-0.246133	0.890032
12768	4.762133	-0.203474	9.086864	0.010509	-0.008589	0.001123	0.728661	0.511287	0.455674	-0.567240	0.823381	-0.016807	-0.383787	-0.246230	0.889988
12769	4.728795	-0.153125	9.086699	0.015969	-0.005524	0.001684	0.728624	0.511268	0.455755	-0.567280	0.823355	-0.016723	-0.383798	-0.246356	0.889948
12770	4.709676	-0.178201	9.136312	0.009451	-0.012573	0.007414	0.728542	0.511275	0.455878	-0.567335	0.823318	-0.016705	-0.383873	-0.246465	0.889886
12771	4.731141	-0.151225	9.085510	0.018128	-0.021347	0.004935	0.728424	0.511246	0.456099	-0.567408	0.823269	-0.016618	-0.383988	-0.246689	0.889774
12772	4.734549	-0.209482	9.089924	0.016251	-0.021115	0.006867	0.728312	0.511227	0.456298	-0.567484	0.823218	-0.016537	-0.384087	-0.246898	0.889673
12773	4.756684	-0.218560	9.079559	0.018480	-0.024981	0.005829	0.728178	0.511193	0.456551	-0.567562	0.823166	-0.016451	-0.384227	-0.247142	0.889545
12774	4.732727	-0.235407	9.106224	0.016370	-0.024459	0.006032	0.728057	0.511160	0.456780	-0.567634	0.823119	-0.016365	-0.384350	-0.247369	0.889429
12775	4.747316	-0.177245	9.068057	0.015980	-0.026804	0.007274	0.727900	0.511142	0.457050	-0.567724	0.823057	-0.016307	-0.384513	-0.247608	0.889292
12776	4.764187	-0.251848	9.116537	0.006499	-0.035091	0.011000	0.727711	0.511123	0.457373	-0.567793	0.823009	-0.016332	-0.384769	-0.247808	0.889125
12777	4.747203	-0.241206	9.124276	0.010360	-0.032503	0.009683	0.727531	0.511095	0.457691	-0.567860	0.822963	-0.016335	-0.385011	-0.248020	0.888961
12778	4.770261	-0.251627	9.113367	-0.003260	-0.034185	0.006151	0.727372	0.511038	0.458007	-0.567857	0.822963	-0.016425	-0.385316	-0.248135	0.888797
12779	4.785614	-0.194837	9.074709	0.006027	-0.034512	0.007530	0.727185	0.511001	0.458345	-0.567906	0.822929	-0.016461	-0.385597	-0.248327	0.888622
12780	4.802535	-0.233631	9.082290	0.004776	-0.032224	0.009947	0.727012	0.510980	0.458643	-0.567961	0.822890	-0.016497	-0.385842	-0.248498	0.888468
12781	4.830255	-0.192318	9.088245	0.003563	-0.030356	0.006834	0.726851	0.510940	0.458942	-0.567989	0.822870	-0.016546	-0.386104	-0.248648	0.888312
12782	4.826190	-0.184547	9.064793	0.002974	-0.020035	0.007596	0.726738	0.510930	0.459132	-0.568020	0.822847	-0.016587	-0.386270	-0.248742	0.888213
12783	4.808938	-0.197465	9.038012	0.003245	-0.014348	0.007183	0.726637	0.510933	0.459290	-0.568050	0.822826	-0.016641	-0.386418	-0.248807	0.888131
12784	4.803961	-0.225742	9.055938	0.008473	-0.010995	0.006004	0.726568	0.510932	0.459399	-0.568090	0.822798	-0.016626	-0.386487	-0.248900	0.888075
12785	4.784962	-0.215230	9.064768	0.001762	-0.011769	0.007876	0.726465	0.510957	0.459534	-0.568130	0.822769	-0.016697	-0.386622	-0.248946	0.888003
12786	4.792258	-0.222930	9.086509	0.007496	-0.009417	0.004622	0.726410	0.510949	0.459630	-0.568157	0.822751	-0.016684	-0.386686	-0.249022	0.887954
12787	4.779176	-0.183863	9.076919	0.003752	-0.008949	0.008497	0.726327	0.510969	0.459739	-0.568191	0.822726	-0.016739	-0.386792	-0.249062	0.887896
12788	4.807670	-0.225183	9.053984	0.007342	-0.012051	0.007592	0.726245	0.510979	0.459857	-0.568239	0.822693	-0.016741	-0.386876	-0.249151	0.887835
12789	4.794998	-0.222424	9.085076	0.004258	-0.009949	0.006421	0.726162	0.510989	0.459976	-0.568270	0.822671	-0.016783	-0.386985	-0.249204	0.887773
12790	4.781932	-0.183515	9.075474	0.003516	-0.008659	0.006767	0.726098	0.511001	0.460065	-0.568297	0.822652	-0.016815	-0.387066	-0.249244	0.887726
12791	4.796574	-0.186059	9.043338	0.004608	-0.013582	0.007316	0.725996	0.511010	0.460216	-0.568336	0.822624	-0.016859	-0.387200	-0.249318	0.887647
12792	4.778998	-0.235199	9.057650	0.003752	-0.008949	0.008494	0.725921	0.511035	0.460307	-0.568377	0.822595	-0.016897	-0.387281	-0.249362	0.887599
12793	4.800035	-0.245654	9.047724	0.003241	-0.014347	0.007178	0.725814	0.511044	0.460466	-0.568412	0.822569	-0.016955	-0.387430	-0.249429	0.887515
12794	4.780043	-0.211858	9.091797	0.007104	-0.011762	0.005860	0.725743	0.511040	0.460582	-0.568447	0.822545	-0.016951	-0.387512	-0.249514	0.887455
12795	4.814948	-0.224442	9.050134	0.008195	-0.016685	0.006408	0.725638	0.511028	0.460761	-0.568486	0.822518	-0.016960	-0.387652	-0.249629	0.887362
12796	4.789985	-0.205904	9.036545	0.005112	-0.014582	0.005237	0.725559	0.511012	0.460902	-0.568508	0.822503	-0.016972	-0.387766	-0.249713	0.887288
12797	4.817505	-0.223936	9.048785	0.004997	-0.011238	0.006068	0.725470	0.511018	0.461035	-0.568541	0.822479	-0.017010	-0.387884	-0.249777	0.887219
12798	4.818567	-0.223734	9.048225	0.005737	-0.012528	0.005720	0.725397	0.511011	0.461157	-0.568569	0.822460	-0.017018	-0.387980	-0.249855	0.887155
12799	4.811959	-0.192462	9.060818	0.004646	-0.007605	0.005171	0.725334	0.511013	0.461255	-0.568589	0.822445	-0.017048	-0.388069	-0.249899	0.887104
12800	4.818888	-0.200025	9.082765	0.006638	-0.004785	0.005791	0.725290	0.511026	0.461309	-0.568621	0.822423	-0.017048	-0.388103	-0.249945	0.887076
12801	4.813049	-0.191937	9.060250	0.004409	-0.007316	0.003444	0.725235	0.511017	0.461406	-0.568630	0.822416	-0.017075	-0.388193	-0.249986	0.887025
12802	4.774595	-0.194277	9.043526	0.003052	-0.001681	0.006698	0.725198	0.511046	0.461432	-0.568655	0.822398	-0.017111	-0.388225	-0.249987	0.887011
12803	4.825981	-0.171054	9.063690	0.005312	0.000427	0.003515	0.725172	0.511058	0.461461	-0.568668	0.822389	-0.017133	-0.388256	-0.249993	0.886995
12804	4.827465	-0.230252	9.069150	0.007264	-0.002731	0.006274	0.725133	0.511080	0.461496	-0.568706	0.822363	-0.017130	-0.388272	-0.250034	0.886977
12805	4.813602	-0.191055	9.059975	0.006175	0.002192	0.005725	0.725101	0.511115	0.461508	-0.568740	0.822338	-0.017152	-0.388282	-0.250042	0.886970
12806	4.807073	-0.182925	9.037826	0.006914	0.000902	0.005377	0.725082	0.511139	0.461512	-0.568771	0.822317	-0.017148	-0.388274	-0.250061	0.886968
12807	4.820792	-0.221478	9.047095	0.006174	0.002192	0.005725	0.725046	0.511177	0.461526	-0.568806	0.822292	-0.017174	-0.388288	-0.250066	0.886961
12808	4.788023	-0.231440	9.052980	0.007037	0.003958	0.007935	0.725024	0.511230	0.461502	-0.568855	0.822258	-0.017181	-0.388257	-0.250071	0.886973
12809	4.799203	-0.187388	9.092041	0.001839	0.000187	0.003590	0.725006	0.511230	0.461531	-0.568843	0.822266	-0.017230	-0.388309	-0.250047	0.886957
12810	4.806656	-0.218053	9.079020	0.012729	0.000327	0.006816	0.724976	0.511264	0.461539	-0.568906	0.822223	-0.017181	-0.388272	-0.250117	0.886953
12811	4.807604	-0.240845	9.043834	0.003832	0.003006	0.004209	0.724958	0.511286	0.461544	-0.568916	0.822215	-0.017218	-0.388292	-0.250098	0.886950
12812	4.826037	-0.191489	9.029021	0.006914	0.000902	0.005376	0.724938	0.511310	0.461548	-0.568946	0.822194	-0.017214	-0.388284	-0.250117	0.886948
12813	4.799911	-0.245351	9.097957	0.006329	0.004824	0.002752	0.724933	0.511326	0.461538	-0.568957	0.822187	-0.017224	-0.388277	-0.250110	0.886953
12814	4.825585	-0.226923	9.070234	0.006565	0.004535	0.004479	0.724933	0.511352	0.461510	-0.568980	0.822171	-0.017218	-0.388245	-0.250107	0.886968
12815	4.786337	-0.228994	9.053933	0.004962	0.004059	0.002616	0.724913	0.511383	0.461507	-0.569006	0.822153	-0.017236	-0.388243	-0.250106	0.886969
12816	4.824846	-0.226340	9.070642	0.005669	0.003194	0.007797	0.724889	0.511432	0.461490	-0.569049	0.822123	-0.017254	-0.388225	-0.250103	0.886978
12817	4.816756	-0.195004	9.084005	0.007078	0.009934	0.005790	0.724885	0.511489	0.461433	-0.569089	0.822094	-0.017268	-0.388174	-0.250080	0.887007
12818	4.809653	-0.186979	9.062157	0.001881	0.006163	0.001447	0.724909	0.511494	0.461391	-0.569071	0.822106	-0.017290	-0.388156	-0.250031	0.887028
12819	4.796592	-0.207270	9.058805	0.009297	0.006064	0.004749	0.724897	0.511529	0.461370	-0.569107	0.822082	-0.017284	-0.388125	-0.250040	0.887039
12820	4.802288	-0.214527	9.081415	0.005980	0.008456	0.001852	0.724927	0.511543	0.461307	-0.569108	0.822081	-0.017272	-0.388067	-0.250013	0.887072
12821	4.807636	-0.185607	9.063255	0.007582	0.008932	0.003714	0.724939	0.511570	0.461259	-0.569125	0.822070	-0.017268	-0.388021	-0.249995	0.887098
12822	4.814323	-0.216217	9.050666	0.005980	0.008456	0.001852	0.724969	0.511584	0.461196	-0.569126	0.822069	-0.017256	-0.387963	-0.249968	0.887130
12823	4.779835	-0.202650	9.092116	0.008443	0.010699	0.005923	0.724973	0.511636	0.461132	-0.569165	0.822042	-0.017257	-0.387899	-0.249950	0.887164
12824	4.793810	-0.228166	9.025664	0.005353	0.006402	0.001369	0.724998	0.511641	0.461088	-0.569160	0.822046	-0.017248	-0.387860	-0.249928	0.887187
12825	4.778642	-0.201683	9.092765	0.009643	0.002431	0.005647	0.724961	0.511684	0.461097	-0.569217	0.822006	-0.017236	-0.387844	-0.249970	0.887182
12826	4.798486	-0.211670	9.083492	0.005309	0.000426	0.003514	0.724950	0.511692	0.461106	-0.569228	0.821999	-0.017237	-0.387849	-0.249978	0.887178
12827	4.779584	-0.224223	9.057619	0.005309	0.000426	0.003513	0.724914	0.511717	0.461135	-0.569258	0.821978	-0.017255	-0.387872	-0.249996	0.887162
12828	4.784867	-0.208387	9.115107	0.002846	-0.001816	-0.000557	0.724918	0.511686	0.461164	-0.569229	0.821998	-0.017260	-0.387907	-0.249996	0.887147
12829	4.818682	-0.221315	9.074042	0.003551	-0.002680	0.004624	0.724876	0.511696	0.461218	-0.569242	0.821988	-0.017298	-0.387967	-0.250006	0.887118
12830	4.792585	-0.202823	9.061026	0.005186	-0.002631	0.000958	0.724868	0.511675	0.461254	-0.569233	0.821994	-0.017289	-0.387995	-0.250029	0.887099
12831	4.805282	-0.181824	9.064580	0.004682	-0.001628	0.003032	0.724829	0.511687	0.461302	-0.569253	0.821980	-0.017313	-0.388040	-0.250048	0.887074
12832	4.792822	-0.202175	9.060915	0.005309	0.000426	0.003513	0.724818	0.511695	0.461310	-0.569263	0.821973	-0.017315	-0.388045	-0.250057	0.887070
12833	4.812816	-0.212276	9.051561	0.006048	-0.000864	0.003166	0.724788	0.511700	0.461351	-0.569275	0.821965	-0.017330	-0.388082	-0.250075	0.887048
12834	4.805548	-0.217016	9.105426	0.005309	0.000426	0.003512	0.724778	0.511707	0.461360	-0.569285	0.821957	-0.017332	-0.388087	-0.250084	0.887044
12835	4.793002	-0.201056	9.060845	0.005926	-0.003921	0.000612	0.724756	0.511678	0.461427	-0.569273	0.821966	-0.017331	-0.388145	-0.250117	0.887009
12836	4.767191	-0.218643	9.088648	0.005891	-0.003494	0.006139	0.724715	0.511697	0.461469	-0.569305	0.821944	-0.017340	-0.388174	-0.250150	0.886987
12837	4.821376	-0.278211	9.078991	0.003427	-0.005737	0.002069	0.724671	0.511685	0.461553	-0.569305	0.821943	-0.017369	-0.388257	-0.250178	0.886943
12838	4.814165	-0.210589	9.050883	0.006160	-0.004209	0.002338	0.724649	0.511671	0.461602	-0.569310	0.821940	-0.017357	-0.388290	-0.250217	0.886917
12839	4.814482	-0.210186	9.050724	0.005421	-0.002919	0.002685	0.724617	0.511664	0.461660	-0.569316	0.821935	-0.017371	-0.388342	-0.250243	0.886887
12840	4.794776	-0.199393	9.059943	0.005656	-0.003206	0.004411	0.724587	0.511670	0.461700	-0.569334	0.821923	-0.017373	-0.388371	-0.250273	0.886866
12841	4.821177	-0.217228	9.072815	0.006440	0.001478	0.001918	0.724576	0.511669	0.461720	-0.569337	0.821920	-0.017376	-0.388388	-0.250284	0.886856
12842	4.794804	-0.198394	9.059950	0.009520	-0.000627	0.003087	0.724563	0.511670	0.461738	-0.569361	0.821905	-0.017339	-0.388376	-0.250332	0.886847
12843	4.833500	-0.195363	9.076577	0.008904	0.003721	0.005987	0.724537	0.511706	0.461738	-0.569400	0.821878	-0.017344	-0.388367	-0.250347	0.886847
12844	4.820483	-0.179215	9.032240	0.009173	0.003005	0.002186	0.724544	0.511709	0.461724	-0.569416	0.821868	-0.017306	-0.388331	-0.250374	0.886855
12845	4.845380	-0.173441	9.080570	0.008669	0.004009	0.004259	0.724523	0.511743	0.461721	-0.569456	0.821840	-0.017299	-0.388313	-0.250396	0.886857
12846	4.807227	-0.198542	9.029035	0.009800	0.005060	0.002666	0.724535	0.511755	0.461688	-0.569477	0.821826	-0.017257	-0.388259	-0.250418	0.886874
12847	4.767001	-0.213028	9.088881	0.010035	0.004773	0.004392	0.724522	0.511783	0.461677	-0.569516	0.821800	-0.017234	-0.388226	-0.250446	0.886881
12848	4.746829	-0.201842	9.098344	0.009519	-0.000627	0.003087	0.724510	0.511784	0.461695	-0.569539	0.821784	-0.017196	-0.388214	-0.250495	0.886872
12849	4.793085	-0.193698	9.060961	0.010728	-0.002492	0.006195	0.724478	0.511784	0.461746	-0.569564	0.821768	-0.017177	-0.388239	-0.250549	0.886846
12850	4.807109	-0.232056	9.070157	0.007256	-0.002729	0.006272	0.724439	0.511806	0.461782	-0.569602	0.821742	-0.017174	-0.388255	-0.250590	0.886827
12851	4.780155	-0.189927	9.092222	0.010211	-0.007892	0.004889	0.724375	0.511805	0.461884	-0.569641	0.821715	-0.017155	-0.388317	-0.250681	0.886775
12852	4.788368	-0.220574	9.078873	0.003536	-0.009083	0.001246	0.724341	0.511769	0.461977	-0.569628	0.821724	-0.017162	-0.388400	-0.250723	0.886726
12853	4.781850	-0.189106	9.091348	0.006850	-0.011474	0.004141	0.724277	0.511741	0.462109	-0.569635	0.821719	-0.017168	-0.388509	-0.250799	0.886657
12854	4.816550	-0.202052	9.049809	0.004352	-0.013288	0.005601	0.724201	0.511731	0.462238	-0.569656	0.821703	-0.017188	-0.388618	-0.250870	0.886589
12855	4.790440	-0.196299	9.112448	0.006850	-0.011474	0.004140	0.724129	0.511713	0.462370	-0.569678	0.821688	-0.017191	-0.388721	-0.250954	0.886520
12856	4.772704	-0.172752	9.044961	0.005436	-0.018211	0.006155	0.724031	0.511696	0.462544	-0.569708	0.821667	-0.017204	-0.388860	-0.251059	0.886430
12857	4.813744	-0.206315	9.101345	0.004524	-0.025953	0.006097	0.723899	0.511649	0.462803	-0.569724	0.821655	-0.017235	-0.389083	-0.251193	0.886294
12858	4.758578	-0.257717	9.098658	0.003392	-0.027003	0.007688	0.723757	0.511622	0.463054	-0.569757	0.821631	-0.017273	-0.389297	-0.251327	0.886162
12859	4.806267	-0.227210	9.095072	-0.002940	-0.031825	0.004948	0.723585	0.511580	0.463369	-0.569767	0.821623	-0.017375	-0.389604	-0.251440	0.885995
12860	4.797955	-0.271884	9.054563	-0.004120	-0.038849	0.008686	0.723391	0.511531	0.463725	-0.569778	0.821613	-0.017485	-0.389946	-0.251572	0.885807
12861	4.806739	-0.221009	9.069150	-0.007722	-0.042144	0.006210	0.723194	0.511444	0.464128	-0.569745	0.821632	-0.017629	-0.390359	-0.251685	0.885593
12862	4.842906	-0.211919	9.061361	-0.009436	-0.039275	0.005173	0.723019	0.511365	0.464488	-0.569710	0.821653	-0.017769	-0.390735	-0.251776	0.885401
12863	4.846381	-0.213326	9.059470	-0.015752	-0.037692	0.005814	0.722836	0.511293	0.464852	-0.569652	0.821689	-0.017983	-0.391159	-0.251805	0.885206
12864	4.798809	-0.274554	9.078421	-0.022116	-0.042082	0.008598	0.722630	0.511235	0.465236	-0.569591	0.821725	-0.018251	-0.391627	-0.251805	0.884999
12865	4.873977	-0.264235	9.086903	-0.020964	-0.041462	0.001473	0.722439	0.511141	0.465636	-0.569507	0.821779	-0.018494	-0.392103	-0.251822	0.884783
12866	4.858569	-0.279784	9.059094	-0.033857	-0.037578	0.006564	0.722261	0.511078	0.465980	-0.569385	0.821854	-0.018856	-0.392605	-0.251703	0.884594
12867	4.841068	-0.248956	9.101897	-0.027391	-0.036533	0.002938	0.722089	0.510997	0.466335	-0.569273	0.821925	-0.019160	-0.393083	-0.251637	0.884401
12868	4.837874	-0.244400	9.077852	-0.040891	-0.035132	0.002026	0.721947	0.510903	0.466658	-0.569091	0.822042	-0.019564	-0.393608	-0.251447	0.884221
12869	4.861405	-0.295182	9.107388	-0.047104	-0.036894	0.001836	0.721795	0.510793	0.467014	-0.568872	0.822182	-0.020033	-0.394203	-0.251212	0.884023
12870	4.891859	-0.305263	9.041952	-0.055317	-0.041473	0.001028	0.721633	0.510675	0.467394	-0.568626	0.822339	-0.020559	-0.394855	-0.250936	0.883810
12871	4.815251	-0.245509	9.112928	-0.064509	-0.044473	-0.001160	0.721460	0.510530	0.467819	-0.568324	0.822532	-0.021172	-0.395605	-0.250598	0.883571
12872	4.845370	-0.233623	9.082476	-0.070727	-0.046235	-0.001360	0.721292	0.510381	0.468240	-0.567998	0.822740	-0.021823	-0.396378	-0.250219	0.883332
12873	4.830763	-0.253319	9.054115	-0.083791	-0.051814	-0.002235	0.721071	0.510240	0.468734	-0.567645	0.822963	-0.022605	-0.397284	-0.249774	0.883050
12874	4.809230	-0.255707	9.114551	-0.085989	-0.063665	-0.003329	0.720844	0.510031	0.469309	-0.567243	0.823218	-0.023381	-0.398269	-0.249358	0.882724
12875	4.355820	-0.230767	9.365649	-0.099671	-0.072129	-0.015766	0.720653	0.509685	0.469979	-0.566680	0.823582	-0.024231	-0.399416	-0.248866	0.882345
12876	4.365021	0.224119	9.526444	-0.122051	-0.227915	0.005559	0.719716	0.509141	0.472001	-0.566195	0.823881	-0.025366	-0.401787	-0.248988	0.881233
12877	4.515468	-0.204870	9.301722	-0.143907	-0.252809	0.003592	0.718675	0.508514	0.474256	-0.565599	0.824248	-0.026695	-0.404480	-0.249053	0.879982
12878	4.568526	-0.192852	9.371165	-0.189646	-0.342423	0.002346	0.717278	0.507658	0.477279	-0.564809	0.824733	-0.028406	-0.408048	-0.249196	0.878293
12879	4.508520	-0.315147	9.453037	-0.203600	-0.412561	-0.002866	0.715594	0.506588	0.480929	-0.563921	0.825276	-0.030226	-0.412211	-0.249577	0.876238
12880	4.397854	-0.408604	9.561164	-0.236554	-0.506770	-0.013795	0.713578	0.505185	0.485381	-0.562804	0.825960	-0.032260	-0.417203	-0.250154	0.873707
12881	4.157384	-0.522749	9.758659	-0.300987	-0.641268	-0.030739	0.711033	0.503324	0.491016	-0.561305	0.826878	-0.034789	-0.423521	-0.250874	0.870455
12882	3.954938	-0.653042	9.941820	-0.352329	-0.823176	-0.072787	0.707929	0.500629	0.498204	-0.559245	0.828153	-0.037519	-0.431372	-0.252057	0.866248
12883	4.263593	-0.648151	9.925455	-0.370327	-1.047155	-0.102436	0.703925	0.497117	0.507312	-0.556880	0.829617	-0.040242	-0.440880	-0.254184	0.860823
12884	4.564562	-0.749357	9.780562	-0.341574	-1.230878	-0.127821	0.699149	0.492884	0.517934	-0.554422	0.831148	-0.042546	-0.451450	-0.257407	0.854362
12885	4.688082	-0.765310	9.861396	-0.310556	-1.393859	-0.171692	0.693703	0.487841	0.529894	-0.551791	0.832803	-0.044340	-0.462928	-0.261632	0.846904
12886	4.957295	-1.190969	9.886940	-0.215643	-1.543342	-0.242181	0.687805	0.481717	0.543022	-0.549069	0.834571	-0.044887	-0.474813	-0.267282	0.838518
12887	5.331092	-1.434504	10.155574	-0.121799	-1.627330	-0.339889	0.681831	0.474464	0.556768	-0.546129	0.836540	-0.044077	-0.486672	-0.274014	0.829498
12888	5.016113	-1.712593	10.382532	-0.015733	-1.700673	-0.443214	0.675874	0.466002	0.570996	-0.543003	0.838693	-0.041735	-0.498339	-0.281846	0.819891
12889	5.162824	-1.404075	10.339384	0.052820	-1.847803	-0.586590	0.669710	0.455783	0.586302	-0.539304	0.841255	-0.037954	-0.510529	-0.290778	0.809203
12890	6.044115	-1.235045	10.433424	-0.128541	-1.781805	-0.721301	0.664376	0.444435	0.600901	-0.533788	0.844905	-0.034731	-0.523140	-0.297679	0.798569
12891	5.845332	-0.709923	10.374706	-0.450001	-1.620524	-0.820683	0.660113	0.432638	0.614065	-0.525955	0.849857	-0.033368	-0.536304	-0.300944	0.788550
12892	4.415924	-1.442600	9.498767	-0.773276	-1.381347	-0.933500	0.657479	0.420499	0.625221	-0.515566	0.856188	-0.033672	-0.549466	-0.300204	0.779721
12893	3.466213	-1.335077	10.169310	-0.948834	-1.079607	-1.072884	0.656910	0.408068	0.633995	-0.503233	0.863468	-0.034344	-0.561449	-0.296486	0.772574
12894	1.915086	-1.260134	10.401113	-1.076130	-0.763188	-1.224568	0.658665	0.395181	0.640307	-0.489037	0.871566	-0.034851	-0.571842	-0.290179	0.767328
12895	0.709726	-1.292423	10.966443	-1.314238	-0.384197	-1.345655	0.662893	0.382309	0.643749	-0.472548	0.880555	-0.036342	-0.580750	-0.280112	0.764373
12896	-0.517772	-1.475296	11.436325	-1.527697	0.029117	-1.383963	0.669479	0.370112	0.644061	-0.454359	0.889959	-0.039127	-0.587669	-0.266440	0.763973
12897	-1.210670	-2.435264	11.871796	-1.722889	0.411155	-1.281949	0.677573	0.359742	0.641467	-0.435566	0.899074	-0.044129	-0.592601	-0.249501	0.765880
12898	1.908006	-4.128190	12.732269	-1.794410	0.690719	-0.984501	0.685881	0.352487	0.636648	-0.418149	0.906910	-0.051635	-0.595583	-0.230798	0.769424
12899	3.345271	-4.750305	14.142425	-1.635099	1.483639	-0.673147	0.697429	0.349675	0.625556	-0.403774	0.912881	-0.060120	-0.592081	-0.210654	0.777859
12900	1.297314	-4.340846	12.660931	-1.368559	2.019025	-0.338062	0.710643	0.350614	0.609964	-0.393305	0.916832	-0.068781	-0.583350	-0.191023	0.789439
12901	0.325296	-3.387599	11.233574	-1.119141	2.214751	-0.080520	0.723717	0.353962	0.592406	-0.386268	0.919142	-0.077300	-0.571866	-0.172884	0.801923
12902	1.161092	-2.559677	10.831203	-0.946531	2.235306	0.158276	0.735752	0.359073	0.574227	-0.382026	0.920151	-0.085898	-0.559219	-0.156170	0.814178
12903	2.295305	-2.107328	10.927832	-0.799801	2.282923	0.396601	0.746810	0.366190	0.555139	-0.380589	0.919873	-0.094787	-0.545368	-0.140492	0.826339
12904	3.178853	-1.752330	10.947870	-0.642625	2.381105	0.617524	0.757260	0.375013	0.534717	-0.381735	0.918455	-0.103531	-0.529939	-0.125720	0.838665
12905	3.597074	-1.413707	10.509855	-0.466557	2.486390	0.775961	0.767223	0.385166	0.512851	-0.385257	0.916033	-0.111625	-0.512783	-0.111938	0.851190
12906	3.582250	-0.924051	9.897940	-0.305545	2.543117	0.847282	0.776746	0.395578	0.490085	-0.390217	0.913062	-0.118525	-0.494364	-0.099176	0.863579
12907	3.533919	-0.344009	9.336797	-0.204914	2.552269	0.862848	0.785705	0.405891	0.466820	-0.395991	0.909770	-0.124535	-0.475246	-0.087009	0.875540
12908	3.602522	0.043285	8.998095	-0.186368	2.548835	0.827042	0.794276	0.415443	0.443320	-0.401617	0.906538	-0.129974	-0.455884	-0.074810	0.886890
12909	4.110563	0.243424	9.017744	-0.234841	2.554618	0.788050	0.802466	0.424392	0.419451	-0.406891	0.903362	-0.135565	-0.436449	-0.061885	0.897598
12910	4.796658	0.010623	8.687041	-0.320067	2.592700	0.750079	0.810463	0.432558	0.395024	-0.411536	0.900335	-0.141544	-0.416880	-0.047850	0.907701
12911	5.141921	-0.299600	7.913838	-0.375494	2.617241	0.699364	0.818200	0.439973	0.370099	-0.415740	0.897405	-0.147731	-0.397126	-0.032991	0.917171
12912	5.280814	-0.644790	6.972501	-0.418331	2.594855	0.643055	0.825570	0.446372	0.345233	-0.419368	0.894672	-0.153924	-0.377577	-0.017705	0.925809
12913	5.473443	-0.793360	6.254407	-0.485383	2.487705	0.608724	0.832151	0.452112	0.321122	-0.422646	0.891959	-0.160560	-0.359018	-0.002111	0.933328
12914	-3.200475	-5.519606	8.580984	-0.035721	0.440715	0.504684	0.831587	0.456592	0.316207	-0.426681	0.889676	-0.162540	-0.355536	0.000247	0.934662
12915	15.758539	-1.682318	-8.784887	0.841004	-0.879356	0.155541	0.827755	0.457986	0.324146	-0.431003	0.888889	-0.155283	-0.359247	-0.011171	0.933176
12916	15.231689	4.217356	-2.038647	0.473611	-1.554843	0.216061	0.821154	0.459624	0.338306	-0.434475	0.887829	-0.151628	-0.370050	-0.022476	0.928740
12917	32.093110	0.340912	-8.645283	0.200737	-2.318347	0.715490	0.809211	0.465342	0.358658	-0.441080	0.884442	-0.152350	-0.388107	-0.034914	0.920953
12918	20.776541	8.327110	-3.082669	1.724286	-1.749314	-0.010072	0.802414	0.464417	0.374765	-0.447710	0.883699	-0.136503	-0.394574	-0.058254	0.917016
12919	18.746774	8.266865	28.674923	2.336894	-1.345683	-0.933716	0.801278	0.455186	0.388277	-0.449420	0.886322	-0.111600	-0.394938	-0.085077	0.914760
12920	10.574975	12.921984	18.506586	0.400664	0.509459	-0.791729	0.806818	0.448572	0.384483	-0.444587	0.889571	-0.104907	-0.389084	-0.086296	0.917152
12921	-3.928866	-14.712091	0.654304	-1.338873	-0.393826	0.693910	0.802184	0.454379	0.387350	-0.444846	0.887548	-0.119878	-0.398262	-0.076147	0.914106
12922	4.561510	-8.351812	9.217282	2.440237	-1.196103	-1.295803	0.803192	0.441760	0.399663	-0.444111	0.891181	-0.092532	-0.397049	-0.103174	0.911980
12923	7.806650	9.817671	13.184413	1.527273	-0.579965	-0.777646	0.804338	0.434167	0.405635	-0.443877	0.892898	-0.075535	-0.394985	-0.119297	0.910909
12924	5.854816	-0.230255	8.907834	0.019298	-0.672782	-0.077232	0.802009	0.432643	0.411827	-0.443296	0.893225	-0.075079	-0.400337	-0.122347	0.908164
12925	5.604028	-0.011515	10.192274	0.615606	-0.406823	-0.213323	0.801322	0.430197	0.415708	-0.444008	0.893389	-0.068652	-0.400923	-0.129566	0.906903
12926	5.756685	-0.415019	9.689921	0.431812	-0.422834	-0.122590	0.800173	0.428520	0.419636	-0.444724	0.893360	-0.064262	-0.402423	-0.135201	0.905415
12927	5.349003	-0.037581	9.993445	0.323174	-0.304758	-0.083963	0.799315	0.427321	0.422483	-0.445308	0.893295	-0.061025	-0.403479	-0.139357	0.904314
12928	5.181305	-0.412106	9.587248	0.267720	-0.265072	-0.056061	0.798498	0.426424	0.424927	-0.445904	0.893173	-0.058403	-0.404437	-0.142842	0.903342
12929	5.492326	-0.018194	9.758481	0.191102	-0.190935	-0.032965	0.797869	0.425823	0.426707	-0.446369	0.893059	-0.056576	-0.405166	-0.145329	0.902618
12930	5.256636	0.195551	9.659263	0.105235	-0.108437	-0.001441	0.797440	0.425630	0.427701	-0.446746	0.892928	-0.055655	-0.405594	-0.146693	0.902205
12931	4.710516	0.029369	9.413850	0.061207	-0.071051	0.028401	0.797023	0.425744	0.428364	-0.447172	0.892739	-0.055261	-0.405945	-0.147508	0.901915
12932	4.589268	-0.045085	9.305648	0.036788	-0.074066	0.040839	0.796544	0.425977	0.429024	-0.447609	0.892528	-0.055139	-0.406403	-0.148114	0.901609
12933	4.513165	-0.296984	9.248423	0.017563	-0.067874	0.059711	0.795999	0.426373	0.429642	-0.448106	0.892270	-0.055274	-0.406924	-0.148527	0.901306
12934	4.354868	-0.731827	9.084350	0.021435	-0.073679	0.056092	0.795451	0.426742	0.430288	-0.448602	0.892015	-0.055357	-0.407447	-0.148995	0.900993
12935	4.238702	-0.888193	9.051545	0.033487	-0.088860	0.051601	0.794856	0.427034	0.431099	-0.449100	0.891768	-0.055313	-0.408061	-0.149641	0.900608
12936	4.219587	-1.051174	8.986912	0.047626	-0.115682	0.039926	0.794208	0.427194	0.432132	-0.449574	0.891543	-0.055091	-0.408799	-0.150522	0.900126
12937	4.182578	-1.072987	8.958014	0.079842	-0.132973	0.017638	0.793583	0.427115	0.433358	-0.449991	0.891369	-0.054486	-0.409554	-0.151768	0.899573
12938	4.199224	-1.034663	8.937078	0.104736	-0.159063	0.002242	0.792925	0.426870	0.434801	-0.450400	0.891217	-0.053588	-0.410377	-0.153343	0.898931
12939	4.052242	-0.902687	8.974607	0.143743	-0.192294	-0.021089	0.792228	0.426350	0.436577	-0.450774	0.891108	-0.052243	-0.411312	-0.155409	0.898149
12940	4.372371	-0.627171	9.122112	0.165036	-0.235571	-0.024618	0.791373	0.425740	0.438719	-0.451221	0.890972	-0.050688	-0.412466	-0.157846	0.897194
12941	4.482372	-0.448986	9.180360	0.149241	-0.251773	-0.031297	0.790472	0.425027	0.441029	-0.451542	0.890889	-0.049250	-0.413841	-0.160212	0.896141
12942	4.488487	-0.395989	9.162946	0.151865	-0.264283	-0.027701	0.789505	0.424332	0.443423	-0.451915	0.890779	-0.047802	-0.415276	-0.162650	0.895037
12943	4.412428	-0.251924	9.262788	0.142929	-0.276495	-0.025756	0.788468	0.423617	0.445946	-0.452260	0.890676	-0.046447	-0.416869	-0.165062	0.893854
12944	5.487602	-0.562482	9.449752	0.149898	-0.329603	-0.028429	0.787223	0.422793	0.448916	-0.452625	0.890564	-0.045015	-0.418820	-0.167754	0.892439
12945	4.925577	-0.256429	9.163019	0.108335	-0.174320	-0.028187	0.786617	0.422215	0.450521	-0.452810	0.890523	-0.043959	-0.419759	-0.169421	0.891683
12946	5.030661	-0.443326	9.127117	0.155456	-0.236592	-0.030438	0.785764	0.421518	0.452656	-0.453186	0.890404	-0.042470	-0.420948	-0.171766	0.890673
12947	4.710781	-0.421324	9.173360	0.126469	-0.176386	-0.031419	0.785160	0.420899	0.454277	-0.453423	0.890341	-0.041238	-0.421818	-0.173601	0.889906
12948	4.782985	-0.320581	9.155128	0.134338	-0.199586	-0.030962	0.784462	0.420252	0.456078	-0.453709	0.890255	-0.039936	-0.422809	-0.175599	0.889043
12949	4.904736	-0.243913	9.138209	0.121290	-0.188511	-0.027605	0.783786	0.419639	0.457801	-0.453958	0.890179	-0.038769	-0.423794	-0.177436	0.888209
12950	5.080770	-0.150900	9.165449	0.101269	-0.175104	-0.015789	0.783119	0.419164	0.459375	-0.454225	0.890083	-0.037830	-0.424740	-0.179034	0.887436
12951	4.965461	-0.341675	9.092841	0.070975	-0.146433	-0.008632	0.782532	0.418790	0.460715	-0.454412	0.890015	-0.037197	-0.425621	-0.180246	0.886768
12952	5.040396	-0.306970	9.076957	0.068420	-0.128354	-0.005279	0.782014	0.418488	0.461868	-0.454623	0.889932	-0.036599	-0.426347	-0.181355	0.886193
12953	4.939028	-0.254709	9.099008	0.055117	-0.108498	-0.006730	0.781579	0.418195	0.462869	-0.454756	0.889883	-0.036116	-0.427003	-0.182265	0.885691
12954	4.940964	-0.241355	9.072505	0.041574	-0.091042	-0.006953	0.781225	0.417944	0.463691	-0.454841	0.889855	-0.035748	-0.427558	-0.182978	0.885275
12955	4.782094	-0.278672	9.107227	0.036181	-0.082493	0.003213	0.780854	0.417787	0.464458	-0.454974	0.889798	-0.035479	-0.428096	-0.183612	0.884884
12956	4.937214	-0.328585	9.033256	0.030887	-0.100208	0.000090	0.780428	0.417581	0.465358	-0.455068	0.889759	-0.035239	-0.428771	-0.184268	0.884421
12957	4.799667	-0.374347	9.058162	0.029156	-0.080625	0.000146	0.780078	0.417398	0.466108	-0.455146	0.889728	-0.035017	-0.429326	-0.184831	0.884035
12958	4.890819	-0.351267	9.034414	0.027311	-0.092205	-0.003188	0.779701	0.417177	0.466937	-0.455199	0.889709	-0.034794	-0.429954	-0.185421	0.883606
12959	4.897829	-0.247498	9.070665	0.024060	-0.084292	0.001080	0.779331	0.416992	0.467719	-0.455260	0.889685	-0.034622	-0.430559	-0.185952	0.883199
12960	4.905296	-0.245864	9.066673	0.011940	-0.080383	-0.001171	0.778994	0.416809	0.468442	-0.455264	0.889686	-0.034543	-0.431165	-0.186356	0.882819
12961	4.894545	-0.258522	9.036252	-0.002848	-0.069222	0.004452	0.778673	0.416682	0.469089	-0.455235	0.889698	-0.034625	-0.431775	-0.186585	0.882472
12962	4.891420	-0.331586	9.007280	-0.007338	-0.079256	0.009210	0.778292	0.416594	0.469798	-0.455237	0.889692	-0.034765	-0.432459	-0.186812	0.882089
12963	4.880577	-0.345186	8.976866	-0.000192	-0.070530	0.002055	0.777975	0.416444	0.470457	-0.455202	0.889707	-0.034811	-0.433066	-0.187071	0.881736
12964	4.952281	-0.287129	8.946761	0.001983	-0.073666	0.004819	0.777638	0.416326	0.471118	-0.455210	0.889702	-0.034849	-0.433663	-0.187357	0.881382
12965	4.783481	-0.318413	9.073292	-0.027766	-0.085721	0.004217	0.777242	0.416168	0.471910	-0.455074	0.889760	-0.035149	-0.434514	-0.187434	0.880946
12966	4.869947	-0.312451	8.990633	-0.024068	-0.077185	0.002785	0.776898	0.416025	0.472602	-0.454952	0.889812	-0.035407	-0.435257	-0.187504	0.880564
12967	4.940487	-0.337505	8.955849	-0.024784	-0.098773	0.004002	0.776446	0.415840	0.473507	-0.454826	0.889866	-0.035678	-0.436194	-0.187661	0.880067
12968	4.957055	-0.348638	8.972307	-0.027456	-0.106147	0.003784	0.775969	0.415651	0.474453	-0.454696	0.889920	-0.035970	-0.437176	-0.187821	0.879546
12969	4.903296	-0.277438	9.018033	-0.018413	-0.097251	0.000369	0.775542	0.415430	0.475345	-0.454562	0.889980	-0.036169	-0.438073	-0.188024	0.879056
12970	4.923433	-0.309947	8.997453	-0.057573	-0.115138	-0.001590	0.775048	0.415177	0.476371	-0.454259	0.890114	-0.036699	-0.439261	-0.187952	0.878478
12971	4.935875	-0.334791	8.955299	-0.042121	-0.093065	-0.003252	0.774652	0.414933	0.477226	-0.453995	0.890232	-0.037088	-0.440231	-0.187928	0.877998
12972	5.060705	-0.405313	8.882919	-0.043330	-0.133844	-0.002105	0.774075	0.414640	0.478415	-0.453748	0.890341	-0.037490	-0.441498	-0.188060	0.877333
12973	4.799762	-0.562909	9.020807	-0.065661	-0.086709	-0.013746	0.773750	0.414320	0.479218	-0.453304	0.890544	-0.038034	-0.442523	-0.187802	0.876872
12974	5.066563	-0.262602	8.964387	-0.036089	-0.134586	-0.021624	0.773255	0.413852	0.480419	-0.452938	0.890720	-0.038279	-0.443761	-0.188001	0.876203
12975	4.937836	-0.506337	8.966222	-0.083655	-0.111035	-0.016572	0.772833	0.413460	0.481435	-0.452388	0.890969	-0.038965	-0.445054	-0.187682	0.875615
12976	4.995279	-0.415917	8.926835	-0.063860	-0.124225	-0.023254	0.772389	0.412997	0.482545	-0.451885	0.891204	-0.039444	-0.446336	-0.187588	0.874983
12977	4.990490	-0.351414	9.009623	-0.082767	-0.127452	-0.029198	0.771944	0.412465	0.483709	-0.451244	0.891501	-0.040062	-0.447751	-0.187345	0.874311
12978	4.978809	-0.380638	9.029728	-0.094113	-0.130487	-0.031622	0.771505	0.411916	0.484876	-0.450538	0.891826	-0.040763	-0.449216	-0.187006	0.873633
12979	4.905792	-0.388858	9.080751	-0.116499	-0.145566	-0.037239	0.771015	0.411274	0.486199	-0.449674	0.892222	-0.041633	-0.450920	-0.186531	0.872856
12980	4.795633	-0.353791	9.135743	-0.135605	-0.165366	-0.038792	0.770446	0.410597	0.487671	-0.448723	0.892652	-0.042659	-0.452837	-0.185962	0.871984
12981	4.655390	-0.364776	9.211260	-0.141804	-0.218086	-0.028263	0.769579	0.409902	0.489620	-0.447810	0.893056	-0.043790	-0.455207	-0.185557	0.870836
12982	4.493181	-0.138619	9.504599	-0.167346	-0.353290	-0.025310	0.768082	0.408998	0.492718	-0.446811	0.893488	-0.045153	-0.458705	-0.185471	0.869017
12983	4.769172	-0.508244	9.084233	-0.219062	-0.370321	-0.032625	0.766520	0.407981	0.495983	-0.445497	0.894053	-0.046927	-0.462580	-0.184988	0.867063
12984	4.773269	-0.250211	9.247840	-0.246626	-0.488954	-0.032981	0.764396	0.406759	0.500246	-0.444057	0.894661	-0.048929	-0.467453	-0.184737	0.864500
12985	4.801588	-0.436015	9.132794	-0.274699	-0.533587	-0.041053	0.762066	0.405370	0.504906	-0.442400	0.895359	-0.051126	-0.472797	-0.184409	0.861659
12986	4.849446	-0.521182	9.136072	-0.304356	-0.604875	-0.052150	0.759421	0.403766	0.510149	-0.440515	0.896149	-0.053510	-0.478775	-0.184092	0.858420
12987	4.883117	-0.702674	9.103155	-0.350508	-0.679809	-0.056559	0.756389	0.401972	0.516037	-0.438344	0.897045	-0.056254	-0.485521	-0.183652	0.854717
12988	4.835454	-0.829661	9.239596	-0.365773	-0.737479	-0.080368	0.753136	0.399875	0.522386	-0.435907	0.898056	-0.058985	-0.492719	-0.183288	0.850667
12989	4.498927	-0.860505	9.455002	-0.395657	-0.865021	-0.100500	0.749271	0.397351	0.529816	-0.433133	0.899206	-0.061844	-0.500988	-0.183143	0.845854
12990	4.555571	-0.862527	9.580700	-0.424286	-1.061668	-0.122560	0.744431	0.394279	0.538856	-0.430030	0.900486	-0.064795	-0.510780	-0.183489	0.839902
12991	4.446601	-0.802319	9.694395	-0.442006	-1.253412	-0.144196	0.738570	0.390643	0.549466	-0.426630	0.901886	-0.067737	-0.522017	-0.184390	0.832766
12992	4.606262	-0.653958	9.614928	-0.470547	-1.497944	-0.173150	0.731390	0.386283	0.562009	-0.422828	0.903448	-0.070701	-0.535057	-0.185923	0.824104
12993	4.841454	-0.654728	9.455131	-0.458879	-1.711251	-0.205628	0.722968	0.381192	0.576204	-0.418796	0.905116	-0.073319	-0.549480	-0.188304	0.814011
12994	4.876412	-0.641432	9.363187	-0.374998	-1.943260	-0.278172	0.713299	0.374951	0.592129	-0.414665	0.906899	-0.074752	-0.565029	-0.192215	0.802369
12995	4.621645	-0.641080	9.717558	-0.208951	-2.167053	-0.393497	0.702493	0.367119	0.609694	-0.410636	0.908785	-0.074075	-0.581276	-0.198325	0.789168
12996	4.642733	-0.664682	10.107671	-0.095358	-2.478614	-0.498571	0.689904	0.357543	0.629441	-0.406557	0.910803	-0.071756	-0.598952	-0.206399	0.773728
12997	4.920346	-0.813148	9.703640	0.047628	-2.740246	-0.606498	0.675682	0.346191	0.650850	-0.402657	0.912856	-0.067534	-0.617512	-0.216437	0.756197
12998	5.919983	-1.282858	9.213461	0.131215	-2.995697	-0.682815	0.659626	0.333273	0.673663	-0.398875	0.914903	-0.062054	-0.637018	-0.227775	0.736428
12999	6.209723	-1.625049	9.309782	0.243370	-3.078577	-0.777834	0.642800	0.318922	0.696489	-0.395336	0.916890	-0.054982	-0.656139	-0.240004	0.715458
13000	6.503920	-2.038568	9.168528	0.332183	-3.335565	-0.890992	0.624087	0.302489	0.720427	-0.391857	0.918858	-0.046350	-0.675991	-0.253378	0.691980
13001	7.832240	-1.719527	9.702234	0.402822	-3.466513	-1.030455	0.604320	0.283965	0.744420	-0.388246	0.920849	-0.036088	-0.695746	-0.267210	0.666736
13002	9.331331	-2.169393	10.810746	0.266030	-3.501519	-1.085433	0.583797	0.264364	0.767654	-0.383627	0.923118	-0.026157	-0.715550	-0.279223	0.640330
13003	10.180800	-1.320729	11.249168	0.065089	-3.556321	-1.123333	0.562252	0.243862	0.790192	-0.377622	0.925804	-0.017020	-0.735714	-0.288824	0.612622
13004	10.451029	-1.807410	9.965346	-0.198171	-3.587676	-1.170288	0.539856	0.222502	0.811818	-0.369645	0.929131	-0.008842	-0.756253	-0.295311	0.583844
13005	10.563116	-1.198741	10.059682	-0.417792	-3.558707	-1.232594	0.517063	0.200441	0.832147	-0.359890	0.932994	-0.001111	-0.776611	-0.298907	0.554553
13006	9.076738	-1.104826	9.594825	-0.662816	-3.579911	-1.311620	0.493531	0.177436	0.851436	-0.347995	0.937475	0.006348	-0.797074	-0.299429	0.524419
13007	8.540221	-1.117380	9.274520	-0.945520	-3.577990	-1.423180	0.469481	0.153390	0.869517	-0.333473	0.942659	0.013761	-0.817547	-0.296421	0.493712
13008	8.348525	-1.288198	8.694521	-1.186891	-3.536647	-1.559708	0.445273	0.128241	0.886164	-0.316464	0.948355	0.021773	-0.837605	-0.290134	0.462861
13009	8.026384	-1.584340	8.131691	-1.362298	-3.405508	-1.734004	0.421736	0.102018	0.900961	-0.297375	0.954252	0.031148	-0.856567	-0.281060	0.432780
13010	6.811311	-1.849369	7.277790	-1.411495	-3.226704	-1.940134	0.399382	0.074524	0.913751	-0.277143	0.959873	0.042847	-0.873891	-0.270352	0.404009
13011	5.079125	-1.352456	7.584268	-1.403137	-2.989700	-2.159468	0.378777	0.045841	0.924352	-0.256345	0.964892	0.057193	-0.889278	-0.258616	0.377229
13012	0.644038	-1.335219	9.692329	-1.315959	-2.473560	-2.360305	0.362424	0.016741	0.931863	-0.235759	0.968968	0.074285	-0.901702	-0.246618	0.355125
13013	10.520645	-1.551995	12.251699	-1.057326	-2.292880	-2.272717	0.346787	-0.010834	0.937881	-0.218091	0.971595	0.091863	-0.912236	-0.236400	0.334574
13014	15.301852	-2.792886	12.739350	-1.454225	0.147529	-1.631556	0.351529	-0.026398	0.935805	-0.199057	0.974637	0.102268	-0.914770	-0.222228	0.337358
13015	1.620244	-6.912181	9.892347	-1.072233	1.422361	-0.950968	0.366359	-0.032556	0.929904	-0.185843	0.976691	0.107411	-0.911725	-0.212167	0.351769
13016	-1.578986	-5.654467	7.999862	-0.515631	1.601065	-0.495623	0.381812	-0.034063	0.923612	-0.179248	0.977618	0.110154	-0.906692	-0.207614	0.367160
13017	-2.624300	-5.271488	6.669569	-0.194950	1.194243	0.073299	0.392502	-0.030823	0.919235	-0.177777	0.978048	0.108704	-0.902407	-0.206085	0.378406
13018	-0.503697	-4.517430	7.549080	0.054957	0.864128	0.633086	0.399141	-0.022872	0.916604	-0.180725	0.978114	0.103104	-0.898902	-0.206807	0.386272
13019	1.857084	-3.420814	9.172955	0.247739	0.978136	1.136990	0.405842	-0.009647	0.913893	-0.187545	0.977786	0.093606	-0.894494	-0.209385	0.395017
13020	3.302810	-2.169644	10.325528	0.300720	1.416782	1.560821	0.415463	0.008573	0.909570	-0.196582	0.977170	0.080583	-0.888113	-0.212284	0.407664
