// General information: 
//  MT Manager version: 2022.2.0 
//  XDA version: 2022.2.0 build 7381 rev 124627 built on 2023-07-19
// Device information: 
//  DeviceId: 00B4CB9F
//  ProductCode: MTW2-3A7G6
//  Firmware Version: 4.6.0
//  Hardware Version: 2.0.0
// Device settings: 
//  Filter Profile: human(46.1)
//  Option Flags: Orientation Smoother Disabled, Position/Velocity Smoother Disabled, Continuous Zero Rotation Update Disabled, AHS Disabled, ICC Disabled
// Coordinate system: ENU
PacketCounter	Acc_X	Acc_Y	Acc_Z	Gyr_X	Gyr_Y	Gyr_Z	Mat[1][1]	Mat[2][1]	Mat[3][1]	Mat[1][2]	Mat[2][2]	Mat[3][2]	Mat[1][3]	Mat[2][3]	Mat[3][3]
29768	6.774143	1.018726	-0.035375	1.373578	0.767118	-0.228052	0.229479	0.139546	0.963258	-0.153898	0.982421	-0.105659	-0.961070	-0.123997	0.246921
29769	6.364404	0.922134	-0.061568	1.285337	0.617818	-0.309557	0.235872	0.137353	0.962028	-0.165543	0.981171	-0.099498	-0.957580	-0.135789	0.254168
29770	7.005886	1.117580	-0.064598	1.207512	0.453171	-0.344721	0.240762	0.134763	0.961183	-0.176403	0.979896	-0.093201	-0.954419	-0.147116	0.259694
29771	7.123274	1.451318	-0.023472	1.149973	0.349700	-0.293353	0.244597	0.132467	0.960534	-0.186685	0.978524	-0.087409	-0.951484	-0.157937	0.264074
29772	6.823583	1.401792	0.218965	0.893071	0.186097	-0.303692	0.246912	0.129932	0.960288	-0.194548	0.977440	-0.082230	-0.949308	-0.166518	0.266620
29773	7.308984	1.122484	0.473543	0.634769	0.004873	-0.265201	0.247452	0.127391	0.960489	-0.199950	0.976694	-0.078027	-0.948044	-0.172742	0.267156
29774	7.566035	0.911862	1.057754	0.487511	-0.128650	-0.230960	0.246666	0.125028	0.961001	-0.204106	0.976102	-0.074603	-0.947363	-0.177744	0.266290
29775	8.121386	0.393566	1.635727	0.292525	-0.225120	-0.181799	0.244876	0.122892	0.961734	-0.206466	0.975792	-0.072118	-0.947316	-0.180905	0.264322
29776	8.569232	-0.162042	4.286462	-0.073972	-0.293985	-0.094946	0.242254	0.121541	0.962570	-0.205630	0.976015	-0.071487	-0.948172	-0.180615	0.261436
29777	9.897504	-1.812524	8.440797	-0.781615	-0.346562	-0.027071	0.238988	0.120705	0.963491	-0.198180	0.977422	-0.073293	-0.950584	-0.173429	0.257513
29778	11.698560	-5.026781	9.251127	-0.754901	-0.220962	0.025242	0.236808	0.120690	0.964031	-0.191160	0.978646	-0.075563	-0.952565	-0.166391	0.254822
29779	12.939102	-4.273906	7.687131	0.629002	-0.003596	0.048111	0.236650	0.121197	0.964006	-0.197298	0.977512	-0.074461	-0.951352	-0.172575	0.255240
29780	12.979284	-0.272812	6.920399	1.420126	0.261148	0.113061	0.238872	0.122913	0.963241	-0.211185	0.974789	-0.072016	-0.947808	-0.186220	0.258808
29781	10.702227	2.146592	6.281883	1.431577	0.522447	0.005232	0.243770	0.124014	0.961871	-0.224771	0.972011	-0.068357	-0.943427	-0.199538	0.264822
29782	8.120631	3.317277	5.022475	1.283592	0.611741	-0.095428	0.249725	0.124480	0.960282	-0.236743	0.969455	-0.064104	-0.938930	-0.211332	0.271567
29783	6.323305	4.128750	4.296851	1.073399	0.382058	0.002080	0.253269	0.125368	0.959238	-0.246844	0.967119	-0.061224	-0.935373	-0.221276	0.275887
29784	5.218311	3.883629	4.611221	0.097853	-0.020959	0.141779	0.252704	0.126805	0.959198	-0.248223	0.966691	-0.062400	-0.935161	-0.222326	0.275763
29785	5.630317	1.728023	3.201137	-1.121138	-0.548663	0.225856	0.246980	0.127840	0.960551	-0.238316	0.968828	-0.067665	-0.939258	-0.212203	0.269748
29786	5.984206	-0.686949	0.143485	-1.370374	-0.948362	0.344884	0.237233	0.129325	0.962806	-0.226332	0.971183	-0.074683	-0.944719	-0.200196	0.259667
29787	6.763129	-1.221876	-2.539850	-0.642086	-1.221841	0.457071	0.224609	0.131390	0.965550	-0.221343	0.971846	-0.080757	-0.948977	-0.195579	0.247368
29788	6.738383	-0.741464	-3.788973	-0.446169	-1.311155	0.368769	0.211316	0.132519	0.968393	-0.217991	0.972201	-0.085472	-0.952799	-0.193040	0.234330
29789	9.997539	-1.047255	-2.705460	-1.515092	-1.615610	0.266282	0.195277	0.132137	0.971806	-0.204082	0.974667	-0.091517	-0.959280	-0.180457	0.217297
29790	16.174956	-3.686351	1.046359	-2.579542	-1.529750	0.104283	0.180322	0.130656	0.974891	-0.179508	0.978865	-0.097985	-0.967089	-0.157332	0.199965
29791	20.626452	-8.377462	2.794373	-1.052220	-0.766604	0.004679	0.172858	0.129575	0.976386	-0.169357	0.980455	-0.100132	-0.970277	-0.148050	0.191424
29792	16.575855	-5.044474	3.110526	1.907410	-0.652768	0.174829	0.166216	0.130339	0.977437	-0.188080	0.977219	-0.098327	-0.967987	-0.167493	0.186943
29793	13.287206	0.387627	2.697648	2.652686	-0.760467	0.375728	0.158083	0.132668	0.978473	-0.214347	0.971914	-0.097149	-0.963880	-0.194376	0.182080
29794	11.444871	4.353604	0.307166	2.896252	-0.516564	0.435791	0.152120	0.135896	0.978975	-0.242773	0.965294	-0.096273	-0.958082	-0.223024	0.179832
29795	8.344183	9.216760	-0.349862	2.380286	-0.304927	0.269364	0.148489	0.137813	0.979264	-0.265950	0.959326	-0.094680	-0.952482	-0.246376	0.179100
29796	6.999133	10.594531	0.200018	-0.905773	-0.667932	0.212721	0.141564	0.138270	0.980225	-0.257465	0.961263	-0.098412	-0.955862	-0.238442	0.171680
29797	8.096658	4.540339	-1.219744	-2.399120	-0.839891	0.193868	0.132995	0.138269	0.981424	-0.234745	0.966440	-0.104347	-0.962916	-0.216507	0.160990
29798	9.759423	1.205597	-0.857643	-2.736671	-0.873941	0.331821	0.123826	0.139691	0.982422	-0.208515	0.971600	-0.111871	-0.970149	-0.190997	0.149437
29799	11.010644	-1.881218	-0.965206	-3.478790	-0.893927	0.408814	0.114303	0.142156	0.983222	-0.175145	0.977090	-0.120908	-0.977885	-0.158386	0.136582
29800	9.712105	-6.205822	-1.934703	-3.584760	-0.648124	0.392889	0.107337	0.145076	0.983581	-0.140214	0.981618	-0.129485	-0.984286	-0.124013	0.125705
29801	9.754147	-8.457908	-2.944660	-1.933348	-0.769514	0.471954	0.099103	0.148871	0.983878	-0.121669	0.983140	-0.136504	-0.987611	-0.106179	0.115546
29802	9.970151	-6.035019	-1.415403	-1.106702	-0.758017	0.511680	0.091014	0.153160	0.984001	-0.111094	0.983496	-0.142806	-0.989634	-0.096320	0.106527
29803	8.673305	-5.298333	-1.294707	-1.073766	-0.819553	0.426779	0.082416	0.156651	0.984209	-0.100858	0.983810	-0.148142	-0.991481	-0.087056	0.096882
29804	8.440913	-4.971500	-0.567490	-0.605790	-0.857239	0.257546	0.073652	0.158510	0.984607	-0.094963	0.983917	-0.151295	-0.992752	-0.082358	0.087520
29805	8.787709	-4.517190	-0.403224	-0.080448	-0.815204	0.076489	0.065458	0.158634	0.985165	-0.094247	0.983852	-0.152160	-0.993395	-0.082888	0.079352
29806	8.439867	-3.762968	-0.630825	0.402776	-0.840926	0.004060	0.057087	0.158025	0.985784	-0.098192	0.983495	-0.151972	-0.993529	-0.088121	0.071662
29807	9.204391	-2.567789	-0.471823	0.854659	-0.901087	0.065802	0.048042	0.157878	0.986289	-0.106745	0.982586	-0.152086	-0.993125	-0.097975	0.064058
29808	9.368084	-1.204847	-0.546329	1.247683	-0.915737	0.117694	0.038805	0.158152	0.986652	-0.119119	0.981087	-0.152576	-0.992121	-0.111608	0.056910
29809	9.776055	0.131152	0.014977	1.228286	-0.910369	0.140635	0.029574	0.158498	0.986916	-0.131373	0.979400	-0.153354	-0.990892	-0.125119	0.049788
29810	9.734697	0.911128	0.454312	0.742644	-0.884450	0.119519	0.020616	0.158598	0.987128	-0.138823	0.978228	-0.154269	-0.990103	-0.133855	0.042184
29811	9.747770	0.342284	0.708437	0.248732	-0.873140	0.104587	0.011797	0.158479	0.987292	-0.141329	0.977713	-0.155253	-0.989892	-0.137701	0.033932
29812	9.635618	-0.475946	0.792826	0.071107	-0.838300	0.076803	0.003355	0.158131	0.987412	-0.142088	0.977475	-0.156057	-0.989848	-0.139776	0.025748
29813	9.888746	-0.988618	1.053855	-0.090482	-0.801003	0.087698	-0.004727	0.157911	0.987442	-0.141218	0.977452	-0.156989	-0.989967	-0.140186	0.017680
29814	9.999071	-1.666032	0.743794	-0.202569	-0.773995	0.098224	-0.012560	0.157848	0.987384	-0.139248	0.977563	-0.158050	-0.990178	-0.139477	0.009701
29815	10.165177	-2.005555	0.743434	-0.181585	-0.717921	0.122830	-0.019868	0.158094	0.987224	-0.137456	0.977611	-0.159320	-0.990309	-0.138865	0.002308
29816	9.884569	-2.241550	0.722460	-0.232234	-0.674746	0.144524	-0.026780	0.158634	0.986974	-0.135168	0.977686	-0.160809	-0.990461	-0.137713	-0.004740
29817	9.765480	-2.256396	0.754711	-0.262607	-0.640347	0.153875	-0.033357	0.159306	0.986666	-0.132545	0.977790	-0.162354	-0.990616	-0.136193	-0.011501
29818	9.657841	-2.120288	0.686032	-0.315865	-0.608038	0.144616	-0.039602	0.159962	0.986328	-0.129413	0.977968	-0.163803	-0.990800	-0.134130	-0.018028
29819	9.179325	-1.820878	0.607917	-0.384739	-0.570131	0.118267	-0.045430	0.160407	0.986005	-0.125574	0.978278	-0.164935	-0.991044	-0.131310	-0.024300
29820	9.288772	-1.769250	0.223726	-0.546728	-0.605570	0.086944	-0.051570	0.160542	0.985681	-0.120165	0.978826	-0.165712	-0.991414	-0.126991	-0.031187
29821	9.776945	-2.023181	-0.452912	-0.631962	-0.574862	0.047094	-0.057353	0.160332	0.985395	-0.113897	0.979525	-0.166006	-0.991836	-0.121754	-0.037918
29822	8.982153	-2.113439	-1.501591	-0.671302	-0.601123	0.014094	-0.063363	0.159823	0.985110	-0.107283	0.980283	-0.165940	-0.992207	-0.116200	-0.044967
29823	9.123477	-2.299736	-2.045821	-0.749411	-0.676793	-0.007005	-0.070099	0.159034	0.984781	-0.099873	0.981131	-0.165553	-0.992528	-0.109959	-0.052893
29824	9.138782	-2.899977	-2.426334	-0.719988	-0.733739	-0.040237	-0.077375	0.157923	0.984415	-0.092812	0.981947	-0.164822	-0.992673	-0.104119	-0.061321
29825	9.453717	-3.059259	-2.370394	-0.555559	-0.784125	-0.065975	-0.085125	0.156520	0.984000	-0.087373	0.982607	-0.163857	-0.992532	-0.099924	-0.069968
29826	9.145305	-3.204269	-2.249982	-0.380705	-0.758899	-0.104033	-0.092601	0.154823	0.983593	-0.083749	0.983126	-0.162634	-0.992175	-0.097435	-0.078072
29827	9.130540	-3.231671	-2.136898	-0.171342	-0.771662	-0.122057	-0.100180	0.152918	0.983148	-0.082189	0.983470	-0.161343	-0.991569	-0.096967	-0.085956
29828	9.343950	-2.839739	-1.722106	0.047721	-0.773542	-0.134013	-0.107773	0.150923	0.982653	-0.082869	0.983607	-0.160158	-0.990716	-0.098693	-0.093500
29829	9.304972	-2.282272	-1.338423	0.203132	-0.760706	-0.135784	-0.115218	0.148870	0.982122	-0.085053	0.983597	-0.159071	-0.989692	-0.101860	-0.100666
29830	9.156752	-1.660214	-0.883595	0.246867	-0.758740	-0.136267	-0.122643	0.146825	0.981530	-0.087730	0.983520	-0.158085	-0.988566	-0.105497	-0.107741
29831	9.736450	-1.397489	-0.514290	0.219293	-0.757076	-0.136921	-0.130027	0.144713	0.980893	-0.090090	0.983475	-0.157036	-0.987409	-0.108787	-0.114842
29832	10.036717	-1.020150	-0.085183	0.229815	-0.673547	-0.140327	-0.136585	0.142671	0.980301	-0.092616	0.983401	-0.156027	-0.986289	-0.112103	-0.121104
29833	10.010960	-0.546333	0.294681	0.125203	-0.631406	-0.142296	-0.142702	0.140602	0.979728	-0.094069	0.983451	-0.154838	-0.985285	-0.114258	-0.127114
29834	9.921134	-0.823162	0.598194	-0.024172	-0.555631	-0.138369	-0.148081	0.138682	0.979203	-0.094099	0.983651	-0.153543	-0.984488	-0.114879	-0.132610
29835	9.750628	-1.156584	0.956880	-0.128685	-0.491712	-0.127912	-0.152827	0.136905	0.978724	-0.093045	0.983965	-0.152167	-0.983863	-0.114320	-0.137638
29836	9.724947	-1.664231	1.091491	-0.224879	-0.442210	-0.100246	-0.157117	0.135494	0.978241	-0.091054	0.984337	-0.150962	-0.983374	-0.112791	-0.142318
29837	9.532212	-2.141112	1.417499	-0.272119	-0.391149	-0.054781	-0.160939	0.134563	0.977748	-0.088484	0.984706	-0.150085	-0.982990	-0.110670	-0.146571
29838	9.418836	-2.488651	1.522560	-0.264904	-0.369746	0.008072	-0.164610	0.134316	0.977171	-0.085938	0.984965	-0.149864	-0.982608	-0.108645	-0.150592
29839	9.321191	-2.670136	1.317355	-0.294453	-0.364472	0.070499	-0.168276	0.134664	0.976498	-0.082947	0.985177	-0.150155	-0.982244	-0.106265	-0.154612
29840	9.259178	-2.600666	0.955589	-0.333277	-0.371961	0.111175	-0.172046	0.135453	0.975732	-0.079564	0.985354	-0.150819	-0.981870	-0.103581	-0.158749
29841	9.493380	-2.160919	0.261382	-0.385882	-0.381981	0.122383	-0.175916	0.136316	0.974921	-0.075581	0.985572	-0.151443	-0.981499	-0.100327	-0.163075
29842	9.665413	-1.165252	-0.670447	-0.411138	-0.403955	0.099663	-0.179979	0.136989	0.974085	-0.071457	0.985818	-0.151842	-0.981072	-0.096934	-0.167638
29843	9.371311	-0.412687	-1.445909	-0.538178	-0.411201	0.024290	-0.184054	0.136885	0.973338	-0.066152	0.986285	-0.151215	-0.980688	-0.092220	-0.172475
29844	8.883808	-0.542013	-2.250770	-0.828735	-0.460982	-0.061471	-0.188559	0.135956	0.972605	-0.058223	0.987081	-0.149267	-0.980334	-0.084774	-0.178208
29845	8.406308	-1.512295	-3.157636	-1.062964	-0.568232	-0.153781	-0.194071	0.134029	0.971788	-0.048117	0.988130	-0.145892	-0.979807	-0.075073	-0.185318
29846	8.399967	-2.552442	-3.800934	-1.121448	-0.688966	-0.211776	-0.200751	0.131535	0.970772	-0.037629	0.989178	-0.141811	-0.978919	-0.064998	-0.193629
29847	7.878484	-2.904849	-3.932769	-0.890644	-0.805118	-0.276807	-0.208557	0.128350	0.969551	-0.029500	0.990074	-0.137413	-0.977565	-0.057260	-0.202701
29848	7.549077	-2.447060	-3.597910	-0.633728	-0.880968	-0.338601	-0.217097	0.124602	0.968165	-0.024115	0.990832	-0.132927	-0.975852	-0.052206	-0.212102
29849	13.326162	-1.030549	-1.687977	-0.574695	-0.956062	-0.345753	-0.226365	0.120745	0.966530	-0.019295	0.991536	-0.128388	-0.973851	-0.047712	-0.222119
29850	10.622635	-1.036806	-1.904606	-0.491866	-0.656243	-0.416746	-0.232704	0.116397	0.965557	-0.015549	0.992240	-0.123361	-0.972423	-0.043720	-0.229088
29851	11.814785	-1.508507	-0.477067	-0.686133	-0.638803	-0.392964	-0.238883	0.112284	0.964535	-0.009824	0.992962	-0.118026	-0.970999	-0.037670	-0.236099
29852	12.129035	-1.983289	0.155341	-0.626041	-0.552285	-0.369277	-0.244238	0.108509	0.963625	-0.004724	0.993575	-0.113079	-0.969704	-0.032170	-0.242156
29853	12.621009	-1.860259	1.200002	-0.647279	-0.441957	-0.360292	-0.248535	0.104847	0.962932	0.000647	0.994142	-0.108079	-0.968623	-0.026238	-0.247147
29854	13.069372	-1.738651	1.832672	-0.726648	-0.268735	-0.434513	-0.251170	0.100552	0.962706	0.006510	0.994743	-0.102200	-0.967921	-0.019402	-0.250504
29855	13.284400	-1.894258	2.453824	-0.839446	-0.027079	-0.518842	-0.251504	0.095434	0.963140	0.013316	0.995374	-0.095150	-0.967765	-0.011106	-0.251612
29856	12.905653	-2.389455	2.938720	-0.904711	0.239171	-0.547559	-0.249292	0.090087	0.964229	0.020610	0.995932	-0.087721	-0.968209	-0.001995	-0.250134
29857	11.969050	-2.584577	3.069463	-0.795741	0.466444	-0.517662	-0.244917	0.084969	0.965814	0.027025	0.996364	-0.080804	-0.969167	0.006311	-0.246322
29858	11.742208	-1.349718	3.329559	-0.552435	0.633250	-0.467031	-0.238912	0.080353	0.967711	0.031150	0.996692	-0.075069	-0.970541	0.012209	-0.240625
29859	11.573056	0.031716	3.329552	-0.480630	0.797420	-0.432281	-0.231328	0.075974	0.969905	0.034787	0.996955	-0.069796	-0.972254	0.017594	-0.233267
29860	11.177751	0.643802	3.108526	-0.582176	1.013252	-0.402663	-0.221608	0.071846	0.972485	0.039438	0.997126	-0.064679	-0.974338	0.024020	-0.223805
29861	10.274408	0.495204	2.513423	-0.788984	1.134012	-0.358297	-0.210720	0.068002	0.975178	0.046343	0.997151	-0.059520	-0.976447	0.032651	-0.213271
29862	10.122699	-0.153513	1.935217	-0.932876	1.232983	-0.283751	-0.198796	0.064803	0.977896	0.054784	0.996986	-0.054930	-0.978509	0.042654	-0.201747
29863	9.599177	-0.467728	1.055134	-0.946851	1.336018	-0.189228	-0.185840	0.062328	0.980601	0.063677	0.996652	-0.051280	-0.980515	0.052912	-0.189186
29864	11.872316	-0.349317	0.888135	-1.031072	1.467031	-0.072683	-0.171469	0.060842	0.983309	0.073572	0.996095	-0.048804	-0.982439	0.063975	-0.175276
29865	9.163179	-0.473439	-0.838567	-0.861174	1.572736	0.025598	-0.156001	0.060067	0.985929	0.082063	0.995487	-0.047665	-0.984342	0.073473	-0.160226
29866	9.636076	-0.294040	-0.602444	-1.066000	1.565867	0.148835	-0.140421	0.060406	0.988247	0.092689	0.994556	-0.047621	-0.985744	0.084912	-0.145256
29867	10.576144	-0.677665	-0.639414	-1.125562	1.586980	0.251622	-0.124538	0.061514	0.990306	0.104102	0.993378	-0.048613	-0.986739	0.097039	-0.130117
29868	10.222554	-0.908406	-1.094835	-1.073328	1.810445	0.346630	-0.106252	0.063204	0.992328	0.115112	0.992050	-0.050860	-0.987654	0.108825	-0.112683
29869	10.421351	-0.545453	-1.368659	-1.042226	1.646085	0.525427	-0.089373	0.066579	0.993770	0.125898	0.990515	-0.055038	-0.988009	0.120195	-0.096908
29870	10.077828	-0.772477	-2.038367	-1.080698	1.631434	0.637776	-0.072383	0.070944	0.994851	0.137086	0.988708	-0.060532	-0.987911	0.131999	-0.081291
29871	10.904813	-0.498161	-2.394535	-0.959437	1.529218	0.713903	-0.056279	0.075949	0.995522	0.146997	0.986867	-0.066978	-0.987535	0.142570	-0.066704
29872	10.482660	-0.500417	-3.048732	-0.871548	1.435381	0.718008	-0.040989	0.081021	0.995869	0.155921	0.985015	-0.073721	-0.986919	0.152256	-0.053008
29873	9.973085	-0.383017	-3.465203	-0.727902	1.332316	0.655362	-0.026812	0.085440	0.995982	0.163299	0.983331	-0.079959	-0.986212	0.160499	-0.040318
29874	10.150585	-0.166611	-3.392911	-0.625669	1.134300	0.601915	-0.014603	0.089602	0.995871	0.169524	0.981780	-0.085849	-0.985418	0.167570	-0.029527
29875	9.747103	-0.468443	-3.215688	-0.589942	0.994242	0.561850	-0.003855	0.093467	0.995615	0.175359	0.980258	-0.091347	-0.984497	0.174238	-0.020169
29876	10.001662	-1.178918	-3.186612	-0.534589	0.829924	0.597993	0.005398	0.097962	0.995176	0.180551	0.978739	-0.097323	-0.983551	0.180206	-0.012404
29877	10.548518	-2.466170	-3.355302	-0.577258	0.735958	0.664439	0.013838	0.103163	0.994568	0.186133	0.977012	-0.103931	-0.982427	0.186561	-0.005682
29878	10.398788	-4.045201	-3.720649	-0.483248	0.652465	0.741177	0.021659	0.109278	0.993775	0.190678	0.975311	-0.111403	-0.981414	0.191904	0.000287
29879	11.313224	-5.140114	-3.717656	0.151984	0.618855	0.865209	0.029363	0.116581	0.992747	0.188936	0.974625	-0.120041	-0.981550	0.191090	0.006592
29880	11.560668	-4.929850	-3.508181	1.039831	0.773581	0.892015	0.038604	0.123974	0.991534	0.178271	0.975501	-0.128910	-0.983224	0.181738	0.015558
29881	10.614281	-4.255381	-3.074590	1.528876	0.909587	0.871562	0.049031	0.130945	0.990176	0.162809	0.977062	-0.137273	-0.985439	0.167940	0.026588
29882	9.914998	-3.765157	-2.930970	1.950498	0.978465	0.827139	0.059953	0.137634	0.988667	0.143004	0.979048	-0.144966	-0.987905	0.150075	0.039015
29883	10.392584	-3.354156	-2.703102	2.251375	1.002608	0.787037	0.070891	0.143999	0.987035	0.120189	0.981082	-0.151762	-0.990217	0.129389	0.052243
29884	10.357622	-3.197709	-2.527061	2.497351	1.088025	0.714801	0.082437	0.149903	0.985258	0.094762	0.982964	-0.157483	-0.992081	0.106348	0.066828
29885	10.693531	-2.741560	-2.440398	2.732480	1.134862	0.629991	0.094196	0.155089	0.983400	0.067045	0.984561	-0.161694	-0.993294	0.081163	0.082344
29886	10.251565	-2.120837	-2.378149	2.947608	1.234914	0.543988	0.106741	0.159784	0.981364	0.037129	0.985674	-0.164524	-0.993593	0.053999	0.099279
29887	9.386519	-1.473299	-2.149451	3.091772	1.291898	0.440583	0.119647	0.163665	0.979234	0.005885	0.986185	-0.165546	-0.992799	0.025570	0.117031
29888	7.987745	-0.957954	-1.801571	3.104856	1.268289	0.315009	0.132190	0.166793	0.977090	-0.025340	0.985987	-0.164883	-0.990900	-0.002964	0.134565
29889	7.771347	-0.415050	-1.433182	3.091173	1.210170	0.181280	0.144068	0.168837	0.975058	-0.056215	0.985143	-0.162278	-0.987970	-0.031433	0.151418
29890	7.499566	0.171951	-1.226226	3.041899	1.169039	0.020216	0.155576	0.169719	0.973135	-0.086221	0.983703	-0.157778	-0.984054	-0.059359	0.167674
29891	7.431659	0.773151	-0.928663	2.895577	1.131099	-0.116198	0.166771	0.169447	0.971327	-0.114499	0.981786	-0.151612	-0.979325	-0.085931	0.183135
29892	7.556037	1.273262	-0.740126	2.705674	1.048856	-0.228249	0.177306	0.168369	0.969647	-0.140456	0.979501	-0.144397	-0.974081	-0.110590	0.197320
29893	7.913993	1.810978	-0.481513	2.502948	0.997605	-0.318939	0.187453	0.166513	0.968057	-0.164224	0.976969	-0.136246	-0.968448	-0.133438	0.210481
29894	7.938221	2.134749	-0.306222	2.255247	0.935313	-0.362579	0.197115	0.164427	0.966493	-0.185215	0.974328	-0.127986	-0.962726	-0.153781	0.222509
29895	8.114128	2.514399	-0.105297	2.013366	0.834058	-0.345039	0.205762	0.162475	0.965020	-0.203886	0.971599	-0.120110	-0.957127	-0.172040	0.233044
29896	7.222530	2.563202	-0.109773	1.807318	0.741067	-0.382913	0.213645	0.160175	0.963691	-0.220206	0.968975	-0.112235	-0.951770	-0.188232	0.242288
29897	6.949030	2.565559	0.229977	1.516649	0.574793	-0.444229	0.220078	0.157042	0.962758	-0.233681	0.966706	-0.104268	-0.947079	-0.202031	0.249449
29898	7.092746	2.304640	0.290888	1.213100	0.423647	-0.438060	0.225124	0.153748	0.962123	-0.244042	0.964892	-0.097088	-0.943272	-0.212942	0.254741
29899	7.523132	2.154800	0.417475	1.045462	0.299213	-0.432040	0.228982	0.150279	0.961761	-0.252946	0.963258	-0.090290	-0.939993	-0.222598	0.258581
29900	7.805204	2.045222	0.658096	0.813915	0.179588	-0.426956	0.231762	0.146602	0.961662	-0.259412	0.962094	-0.084149	-0.937546	-0.229964	0.261007
29901	8.322767	1.835589	1.252079	0.532299	0.048505	-0.392682	0.233209	0.142982	0.961857	-0.263526	0.961410	-0.079022	-0.936038	-0.235045	0.261889
29902	8.726246	1.315053	2.009340	0.223361	-0.049214	-0.344928	0.233660	0.139557	0.962251	-0.264603	0.961422	-0.075184	-0.935622	-0.237047	0.261573
29903	9.234956	0.621035	4.201670	-0.115049	-0.174895	-0.315037	0.232820	0.136157	0.962941	-0.262831	0.962115	-0.072493	-0.936331	-0.236213	0.259785
29904	10.748236	-1.159178	7.240601	-0.581131	-0.176085	-0.281698	0.231867	0.133084	0.963601	-0.256775	0.963835	-0.071330	-0.938245	-0.230890	0.257654
29905	12.785403	-4.151852	10.039422	-0.591644	-0.013684	-0.211789	0.232242	0.131054	0.963789	-0.250768	0.965451	-0.070853	-0.939776	-0.225232	0.257082
29906	12.853420	-5.092250	8.353658	0.640830	0.344143	-0.108814	0.235754	0.130805	0.962970	-0.256320	0.964182	-0.068218	-0.937401	-0.230746	0.260837
29907	11.929115	-1.542239	7.277354	1.323177	0.544928	0.005480	0.240801	0.132192	0.961530	-0.268745	0.961028	-0.064820	-0.932626	-0.242798	0.266942
29908	10.666293	1.072395	6.354038	1.308289	0.644950	0.057482	0.246612	0.134439	0.959744	-0.281139	0.957668	-0.061908	-0.927439	-0.254554	0.273968
29909	9.459904	2.519691	5.547705	1.036874	0.684414	0.021391	0.252847	0.136460	0.957834	-0.290825	0.954938	-0.059276	-0.922762	-0.263575	0.281140
29910	9.098334	3.211501	4.865009	0.658794	0.769935	-0.000528	0.259914	0.138587	0.955635	-0.296969	0.953157	-0.057458	-0.918833	-0.268859	0.288895
29911	6.695077	3.010175	3.276399	0.371878	0.837017	0.083106	0.267307	0.141682	0.953139	-0.300639	0.952021	-0.057202	-0.915512	-0.271260	0.297077
29912	4.362494	3.416619	2.147627	0.502048	0.440056	0.194466	0.270720	0.144799	0.951706	-0.305814	0.950347	-0.057601	-0.912791	-0.275452	0.301559
29913	4.399542	4.445836	1.603577	-0.087596	-0.086454	0.277993	0.269045	0.147245	0.951806	-0.305806	0.950167	-0.060550	-0.913289	-0.274777	0.300666
29914	4.617215	3.829759	-0.042702	-1.204285	-0.627539	0.348596	0.262234	0.148910	0.953446	-0.295742	0.952881	-0.067481	-0.918570	-0.264278	0.293916
29915	4.160731	1.899453	-2.163067	-1.510873	-0.936392	0.357841	0.252530	0.149955	0.955899	-0.282774	0.956226	-0.075303	-0.925347	-0.251287	0.283879
29916	4.891749	1.233736	-3.334044	-1.476859	-1.161960	0.341311	0.240782	0.150393	0.958857	-0.269916	0.959327	-0.082687	-0.932293	-0.238901	0.271582
29917	6.948755	0.415597	-2.279193	-2.159617	-1.294692	0.235973	0.228007	0.149735	0.962077	-0.250281	0.963915	-0.090705	-0.940942	-0.220108	0.257255
29918	12.209859	-1.622540	0.361127	-3.343081	-1.438961	0.089197	0.214211	0.147593	0.965572	-0.218516	0.970706	-0.099900	-0.952032	-0.189594	0.240187
29919	19.536964	-7.035929	3.223237	-3.327101	-0.910249	-0.038190	0.205551	0.145682	0.967743	-0.186653	0.976542	-0.107361	-0.960682	-0.158564	0.227921
29920	20.757822	-9.321162	4.199267	0.036451	-0.535963	0.024507	0.200375	0.145042	0.968924	-0.186804	0.976493	-0.107544	-0.961745	-0.159449	0.222759
29921	15.736773	-4.742340	4.958255	1.007211	-0.568555	0.322869	0.194258	0.147300	0.969828	-0.197162	0.974349	-0.108495	-0.960932	-0.170137	0.218318
29922	11.922821	-2.329028	2.824758	0.922549	-0.736355	0.532710	0.186121	0.151206	0.970822	-0.206849	0.971972	-0.111729	-0.960506	-0.180019	0.212181
29923	8.955450	0.414701	-0.000656	1.420559	-0.628165	0.598984	0.178778	0.155885	0.971462	-0.221611	0.968377	-0.114607	-0.958607	-0.194798	0.207670
29924	7.686213	3.809586	-2.515797	1.836972	-0.417662	0.567057	0.173490	0.160516	0.971666	-0.239963	0.963782	-0.116368	-0.955154	-0.212975	0.205725
29925	5.530265	6.944976	-0.958362	-0.206376	-0.670370	0.250936	0.166448	0.161554	0.972726	-0.238453	0.963802	-0.119269	-0.956784	-0.212097	0.198947
29926	7.173383	2.118851	-1.847105	-3.139734	-1.171583	0.104503	0.154975	0.160217	0.974840	-0.208168	0.969903	-0.126312	-0.965737	-0.183355	0.183663
29927	10.012616	-2.071380	-2.671458	-3.412169	-1.274231	0.114016	0.142365	0.159234	0.976922	-0.175274	0.975433	-0.133449	-0.974172	-0.152231	0.166777
29928	11.739435	-5.561912	-2.769344	-1.892204	-1.101349	0.161722	0.131361	0.159199	0.978468	-0.156751	0.977940	-0.138069	-0.978863	-0.135239	0.153418
29929	12.691354	-4.038089	-1.246828	-0.273279	-0.978649	0.261676	0.121337	0.160487	0.979552	-0.154440	0.977877	-0.141082	-0.980523	-0.134163	0.143438
29930	10.339433	-3.100696	-0.547843	-0.534146	-0.851519	0.252647	0.112611	0.161820	0.980374	-0.149225	0.978214	-0.144323	-0.982370	-0.130044	0.134305
29931	9.836575	-3.234488	-0.054708	-0.495028	-0.864564	0.268853	0.103687	0.163387	0.981098	-0.144683	0.978400	-0.147648	-0.984030	-0.126639	0.125086
29932	9.465892	-2.491311	0.959359	-0.277599	-0.851261	0.305301	0.094879	0.165303	0.981668	-0.141992	0.978281	-0.151009	-0.985310	-0.125062	0.116291
29933	8.967280	-2.317372	1.817696	-0.222451	-0.845772	0.314570	0.086069	0.167372	0.982130	-0.140118	0.978023	-0.154393	-0.986387	-0.124325	0.107629
29934	8.924909	-2.554749	2.230468	-0.198605	-0.802342	0.266240	0.077789	0.168993	0.982543	-0.138152	0.977848	-0.157248	-0.987352	-0.123508	0.099412
29935	8.989997	-3.124124	2.134148	-0.068373	-0.725465	0.192882	0.070329	0.170028	0.982926	-0.137652	0.977594	-0.159257	-0.987981	-0.124101	0.092158
29936	9.196195	-3.027775	2.032852	0.180181	-0.662448	0.172391	0.063558	0.170905	0.983236	-0.139306	0.977101	-0.160833	-0.988208	-0.126748	0.085910
29937	9.088076	-2.374152	1.697166	0.332517	-0.643903	0.205776	0.056876	0.172131	0.983431	-0.142748	0.976307	-0.162628	-0.988124	-0.131133	0.080100
29938	9.109104	-1.575860	1.425633	0.400415	-0.654588	0.232878	0.050084	0.173562	0.983549	-0.146603	0.975395	-0.164658	-0.987927	-0.135944	0.074296
29939	9.046867	-0.949819	1.095212	0.393704	-0.648942	0.216555	0.043323	0.174821	0.983647	-0.150624	0.974460	-0.166555	-0.987641	-0.140945	0.068548
29940	9.170094	-0.679182	0.504456	0.208326	-0.646662	0.195704	0.036656	0.175841	0.983736	-0.152515	0.973850	-0.168391	-0.987621	-0.143862	0.062516
29941	9.172972	-0.761234	0.008193	0.006507	-0.656431	0.171681	0.029881	0.176611	0.983827	-0.152667	0.973525	-0.170124	-0.987826	-0.145114	0.056052
29942	9.200049	-1.099445	-0.465608	-0.159524	-0.666842	0.158613	0.023072	0.177223	0.983900	-0.150862	0.973510	-0.171813	-0.988286	-0.144469	0.049197
29943	9.383999	-1.271305	-0.934419	-0.235651	-0.696876	0.145246	0.015937	0.177680	0.983959	-0.148591	0.973578	-0.173398	-0.988770	-0.143444	0.041917
29944	9.725289	-1.649679	-1.389039	-0.372494	-0.727479	0.139662	0.008557	0.178039	0.983986	-0.144649	0.973893	-0.174955	-0.989446	-0.140835	0.034087
29945	9.764036	-2.163631	-1.738059	-0.429620	-0.747541	0.129210	0.000945	0.178302	0.983975	-0.140432	0.974249	-0.176405	-0.990090	-0.138015	0.025960
29946	10.445726	-2.347681	-1.656858	-0.422692	-0.758908	0.125234	-0.006724	0.178524	0.983913	-0.135958	0.974635	-0.177770	-0.990692	-0.134966	0.017718
29947	10.089766	-2.234764	-1.604364	-0.357272	-0.742232	0.123310	-0.014273	0.178779	0.983786	-0.132433	0.974880	-0.179082	-0.991089	-0.132842	0.009762
29948	9.901725	-2.133075	-1.349971	-0.367086	-0.747888	0.116044	-0.021827	0.178967	0.983613	-0.128528	0.975181	-0.180285	-0.991466	-0.130357	0.001717
29949	9.901793	-2.169469	-0.935570	-0.342134	-0.741084	0.100387	-0.029330	0.179034	0.983406	-0.125137	0.975431	-0.181315	-0.991706	-0.128379	-0.006206
29950	9.543930	-2.346852	-0.730591	-0.336673	-0.736306	0.085006	-0.036727	0.178974	0.983168	-0.121516	0.975731	-0.182159	-0.991910	-0.126161	-0.014087
29951	9.932051	-2.503691	-0.372874	-0.315164	-0.740522	0.069724	-0.044184	0.178773	0.982898	-0.118388	0.975989	-0.182838	-0.991984	-0.124442	-0.021958
29952	9.220746	-2.607206	-0.215424	-0.254681	-0.700212	0.052209	-0.051179	0.178471	0.982613	-0.115578	0.976233	-0.183332	-0.991979	-0.122951	-0.029336
29953	9.939941	-2.586102	0.160765	-0.239219	-0.692856	0.041738	-0.058127	0.178077	0.982298	-0.113208	0.976439	-0.183714	-0.991870	-0.121883	-0.036598
29954	9.703330	-2.515412	0.317271	-0.149200	-0.608946	0.023831	-0.064180	0.177631	0.982002	-0.111446	0.976600	-0.183938	-0.991696	-0.121245	-0.042882
29955	9.384699	-2.327440	0.603466	-0.127004	-0.553125	0.001645	-0.069694	0.177024	0.981736	-0.110211	0.976738	-0.183947	-0.991462	-0.121018	-0.048563
29956	9.282195	-2.183197	0.856820	-0.113894	-0.512892	-0.014047	-0.074753	0.176334	0.981488	-0.108851	0.976917	-0.183804	-0.991243	-0.120576	-0.053834
29957	9.065612	-2.291059	0.953070	-0.115233	-0.479809	-0.022177	-0.079512	0.175587	0.981248	-0.107751	0.977083	-0.183572	-0.990993	-0.120326	-0.058770
29958	8.957579	-2.174896	0.898002	-0.105615	-0.450094	-0.007806	-0.083954	0.175041	0.980975	-0.106477	0.977239	-0.183487	-0.990765	-0.119856	-0.063405
29959	8.827940	-1.977584	0.598948	-0.166000	-0.443006	0.005366	-0.088375	0.174611	0.980663	-0.104853	0.977415	-0.183482	-0.990553	-0.119040	-0.068071
29960	8.788963	-1.760565	0.048698	-0.249197	-0.463634	0.009206	-0.092965	0.174230	0.980307	-0.102141	0.977707	-0.183455	-0.990416	-0.117185	-0.073096
29961	8.825066	-1.583407	-0.611355	-0.340515	-0.505709	-0.001478	-0.097998	0.173677	0.979915	-0.098794	0.978093	-0.183234	-0.990271	-0.114767	-0.078693
29962	8.901293	-1.360837	-1.379249	-0.432426	-0.563025	-0.019280	-0.103542	0.172932	0.979476	-0.094295	0.978627	-0.182750	-0.990145	-0.111282	-0.085023
29963	9.216074	-1.114585	-1.967018	-0.527202	-0.626376	-0.045307	-0.109728	0.171851	0.978993	-0.089146	0.979269	-0.181891	-0.989956	-0.107232	-0.092134
29964	9.444350	-1.107269	-2.267650	-0.668743	-0.682814	-0.084620	-0.116404	0.170389	0.978477	-0.082387	0.980123	-0.180477	-0.989779	-0.101622	-0.100052
29965	9.597871	-1.675668	-2.216845	-0.745310	-0.721887	-0.114794	-0.123483	0.168600	0.977919	-0.075172	0.981041	-0.178630	-0.989495	-0.095570	-0.108468
29966	9.713827	-2.054500	-2.096680	-0.664297	-0.751364	-0.120116	-0.130822	0.166803	0.977273	-0.068526	0.981866	-0.176760	-0.989035	-0.090093	-0.117020
29967	9.834229	-2.199182	-1.723069	-0.566212	-0.765758	-0.115020	-0.138343	0.165047	0.976535	-0.063104	0.982544	-0.175003	-0.988372	-0.085834	-0.125512
29968	9.629691	-2.408698	-1.303695	-0.476622	-0.761927	-0.116048	-0.145792	0.163353	0.975736	-0.058324	0.983139	-0.173307	-0.987595	-0.082175	-0.133807
29969	9.195857	-2.733677	-0.897354	-0.420846	-0.808654	-0.098776	-0.153743	0.161776	0.974778	-0.054338	0.983629	-0.171816	-0.986616	-0.079383	-0.142436
29970	11.131682	-3.214935	0.003176	-0.414765	-0.775706	-0.081795	-0.161345	0.160460	0.973766	-0.050153	0.984086	-0.170470	-0.985623	-0.076342	-0.150729
29971	10.061406	-3.265938	-0.040346	-0.119108	-0.723418	-0.037173	-0.168476	0.159590	0.972701	-0.049061	0.984226	-0.169978	-0.984484	-0.076359	-0.157989
29972	9.958696	-2.630899	0.609909	-0.061305	-0.723919	-0.014713	-0.175586	0.158991	0.971541	-0.048273	0.984295	-0.169803	-0.983280	-0.076715	-0.165154
29973	9.839684	-2.198872	1.100226	-0.044954	-0.706303	-0.010720	-0.182546	0.158390	0.970356	-0.047870	0.984336	-0.169677	-0.982031	-0.077425	-0.172104
29974	10.171304	-1.767765	1.513366	-0.071591	-0.677310	-0.033970	-0.189168	0.157639	0.969209	-0.047018	0.984444	-0.169294	-0.980818	-0.077595	-0.178813
29975	10.497124	-1.443668	1.991418	-0.109279	-0.586805	-0.076958	-0.194908	0.156474	0.968260	-0.046113	0.984639	-0.168404	-0.979737	-0.077472	-0.184699
29976	10.471753	-1.270414	2.356898	-0.126074	-0.460907	-0.125462	-0.199354	0.154992	0.967593	-0.044929	0.984928	-0.167026	-0.978897	-0.076770	-0.189386
29977	10.134083	-0.707455	2.605347	-0.210308	-0.301816	-0.152262	-0.202264	0.153311	0.967256	-0.043194	0.985313	-0.165206	-0.978378	-0.075195	-0.192671
29978	9.678961	-1.113437	2.502930	-0.531509	-0.205376	-0.165115	-0.204186	0.151648	0.967115	-0.038109	0.985948	-0.162647	-0.978190	-0.070066	-0.195537
29979	9.502175	-1.883007	2.292413	-0.754349	-0.151983	-0.150550	-0.205643	0.150111	0.967046	-0.031057	0.986667	-0.159761	-0.978134	-0.062887	-0.198240
29980	9.623184	-2.606659	2.228387	-0.911825	-0.115815	-0.117745	-0.206724	0.148989	0.966989	-0.022197	0.987369	-0.156874	-0.978147	-0.053894	-0.200806
29981	9.202587	-3.409220	1.591831	-0.927223	-0.089625	-0.075124	-0.207610	0.148252	0.966912	-0.013301	0.987930	-0.154330	-0.978121	-0.044901	-0.203132
29982	9.737035	-3.474477	0.675378	-0.790430	-0.146319	-0.045636	-0.209010	0.147858	0.966671	-0.005480	0.988311	-0.152353	-0.977898	-0.037140	-0.205756
29983	10.055809	-2.739246	-0.245873	-0.696973	-0.164529	-0.079679	-0.210638	0.147064	0.966439	0.001150	0.988656	-0.150194	-0.977563	-0.030525	-0.208418
29984	9.633412	-2.338586	-0.718791	-0.715716	-0.155558	-0.170504	-0.212137	0.145460	0.966354	0.007960	0.989085	-0.147134	-0.977207	-0.023520	-0.210980
29985	13.034757	-2.576197	-0.844929	-0.819603	-0.142240	-0.292213	-0.213582	0.142590	0.966463	0.015329	0.989658	-0.142625	-0.976805	-0.015648	-0.213558
29986	12.264945	-2.333608	-2.826179	-0.656136	0.045456	-0.383377	-0.213175	0.138930	0.967086	0.021108	0.990262	-0.137607	-0.976786	-0.008921	-0.214032
29987	12.490118	-0.366660	-3.474312	-0.414280	0.132522	-0.456855	-0.212004	0.134464	0.967974	0.024167	0.990907	-0.132357	-0.976970	-0.004667	-0.213326
29988	11.809347	1.471459	-3.589870	-0.124105	0.261089	-0.556211	-0.209559	0.129084	0.969238	0.024379	0.991629	-0.126795	-0.977492	-0.002942	-0.210952
29989	11.329729	2.592864	-2.801358	-0.256194	0.346267	-0.688121	-0.206365	0.122313	0.970800	0.025436	0.992492	-0.119639	-0.978144	0.000004	-0.207926
29990	11.010007	1.942392	-2.404433	-1.073899	0.349835	-0.734206	-0.203137	0.115112	0.972360	0.034621	0.993289	-0.110357	-0.978538	0.011246	-0.205759
29991	11.045335	0.261841	-2.226212	-1.380582	0.390471	-0.696192	-0.199618	0.108174	0.973885	0.046712	0.993808	-0.100812	-0.978760	0.025368	-0.203435
29992	10.356100	-0.887217	-1.626045	-1.263362	0.454614	-0.614819	-0.195464	0.102016	0.975390	0.058059	0.994034	-0.092331	-0.978991	0.038583	-0.200221
29993	9.510610	-1.869366	-1.040099	-1.067259	0.458989	-0.501164	-0.191303	0.096883	0.976738	0.067522	0.994058	-0.085376	-0.979206	0.049618	-0.196708
29994	9.223098	-2.830455	-0.561500	-0.941738	0.440335	-0.366512	-0.187231	0.093096	0.977895	0.076227	0.993874	-0.080022	-0.979354	0.059559	-0.193181
29995	9.373465	-3.518271	-0.073961	-0.659708	0.477250	-0.202926	-0.182734	0.090830	0.978958	0.082295	0.993642	-0.076831	-0.979712	0.066523	-0.189047
29996	10.595582	-3.629988	0.658994	-0.333950	0.564771	-0.026519	-0.177197	0.090282	0.980026	0.085685	0.993418	-0.076023	-0.980438	0.070502	-0.183766
29997	10.271260	-3.627881	0.972576	-0.117825	0.803722	0.118057	-0.169227	0.090933	0.981373	0.087026	0.993224	-0.077024	-0.981727	0.072370	-0.175993
29998	10.070906	-3.037490	1.357386	0.107697	0.841102	0.270551	-0.160698	0.093126	0.982601	0.086592	0.993030	-0.079953	-0.983198	0.072237	-0.167642
29999	10.905842	-2.155004	1.792892	0.233368	1.015044	0.409531	-0.150374	0.096518	0.983906	0.084912	0.992806	-0.084414	-0.984976	0.070852	-0.157488
30000	9.182197	-1.228752	1.773639	0.275506	1.193993	0.521339	-0.138125	0.100974	0.985254	0.083143	0.992460	-0.090057	-0.986919	0.069478	-0.145479
30001	10.154636	-0.848017	1.365516	0.200369	1.248087	0.591160	-0.125326	0.106030	0.986434	0.081921	0.991983	-0.096218	-0.988728	0.068751	-0.133007
30002	10.568546	-0.291386	0.779244	0.208328	1.416293	0.704735	-0.110687	0.112164	0.987506	0.080922	0.991329	-0.103528	-0.990555	0.068452	-0.118803
30003	10.156101	0.402369	0.160709	0.228028	1.460068	0.769019	-0.095612	0.118842	0.988299	0.079431	0.990592	-0.111433	-0.992244	0.067848	-0.104152
30004	10.659354	1.005793	-0.315830	0.053122	1.450232	0.792741	-0.080531	0.125798	0.988782	0.079794	0.989634	-0.119407	-0.993553	0.069283	-0.089734
30005	9.850791	1.165171	-1.195037	-0.077309	1.413327	0.744897	-0.065900	0.132221	0.989027	0.081083	0.988614	-0.126763	-0.994526	0.071840	-0.075870
30006	9.674310	1.015324	-1.476517	-0.303588	1.303362	0.655262	-0.052334	0.137811	0.989075	0.084716	0.987475	-0.133106	-0.995030	0.076824	-0.063353
30007	10.715499	0.354072	-1.706595	-0.575654	1.192110	0.605432	-0.039957	0.142879	0.988933	0.090697	0.986157	-0.138813	-0.995077	0.084147	-0.052363
30008	10.365908	-0.948561	-1.895519	-0.654803	1.163734	0.609168	-0.027749	0.147923	0.988610	0.097618	0.984664	-0.144593	-0.994837	0.092494	-0.041764
30009	11.543093	-2.252158	-1.876195	-0.718137	1.072356	0.655353	-0.016436	0.153385	0.988030	0.104878	0.982977	-0.150855	-0.994349	0.101143	-0.032243
30010	11.850482	-3.832091	-2.290005	-0.545828	1.085797	0.737555	-0.004793	0.159554	0.987177	0.110569	0.981220	-0.158055	-0.993857	0.108394	-0.022345
30011	11.463422	-4.408382	-2.282502	0.156463	1.098220	0.763836	0.006946	0.165906	0.986117	0.108977	0.980142	-0.165668	-0.994020	0.108615	-0.011272
30012	11.930299	-4.129327	-2.066148	0.627284	1.140577	0.727880	0.019105	0.171894	0.984930	0.102789	0.979553	-0.172949	-0.994520	0.104544	0.001046
30013	11.948028	-4.108796	-2.319694	0.978948	1.215869	0.637021	0.031808	0.176960	0.983704	0.092857	0.979422	-0.179192	-0.995171	0.097044	0.014722
30014	12.522857	-3.836535	-2.444389	1.308184	1.376841	0.559790	0.046041	0.181254	0.982358	0.079742	0.979596	-0.184482	-0.995752	0.086829	0.030648
30015	11.397263	-3.159178	-2.471505	1.561438	1.565160	0.450880	0.061935	0.184463	0.980886	0.063917	0.980023	-0.188336	-0.996031	0.074360	0.048907
30016	11.385744	-2.390149	-2.536762	1.670216	1.678656	0.378683	0.078902	0.187114	0.979164	0.047141	0.980427	-0.191154	-0.995767	0.061241	0.068537
30017	9.978422	-1.879312	-2.391848	1.836885	1.804278	0.321599	0.096964	0.189347	0.977111	0.028541	0.980804	-0.192894	-0.994879	0.046591	0.089699
30018	8.298963	-1.730438	-2.076644	1.885151	1.805279	0.209314	0.114989	0.190762	0.974878	0.009728	0.981125	-0.193132	-0.993319	0.031692	0.110963
30019	7.957638	-1.429243	-1.623471	1.862150	1.734057	0.087453	0.132175	0.191252	0.972601	-0.008893	0.981399	-0.191773	-0.991186	0.016699	0.131417
30020	7.661737	-1.318749	-1.116834	1.804172	1.677905	-0.010739	0.148824	0.191043	0.970234	-0.026559	0.981579	-0.189203	-0.988507	0.002390	0.151157
30021	7.153179	-1.760986	-0.975215	1.731063	1.578894	-0.127510	0.164430	0.189914	0.967934	-0.043481	0.981732	-0.185235	-0.985430	-0.011629	0.169684
30022	7.186544	-2.052232	-0.925983	1.774029	1.464750	-0.212401	0.178978	0.188159	0.965693	-0.060413	0.981792	-0.180099	-0.981997	-0.026107	0.187086
30023	7.079507	-1.982032	-0.887772	1.880144	1.369350	-0.246663	0.192546	0.186254	0.963450	-0.078421	0.981602	-0.174090	-0.978149	-0.042034	0.203609
30024	7.085119	-1.696422	-0.757655	1.950586	1.248438	-0.286838	0.205008	0.184115	0.961287	-0.096720	0.981152	-0.167292	-0.973970	-0.058679	0.218951
30025	7.226650	-1.479313	-0.386151	1.947798	1.139303	-0.320662	0.216393	0.181784	0.959233	-0.115011	0.980418	-0.159853	-0.969508	-0.075732	0.233062
30026	7.415172	-1.118018	-0.074364	1.966079	1.063408	-0.343097	0.227126	0.179355	0.957207	-0.133076	0.979391	-0.151936	-0.964730	-0.092872	0.246313
30027	7.384731	-0.622834	0.251410	1.921260	0.993525	-0.362860	0.237173	0.176859	0.955233	-0.150760	0.978077	-0.143657	-0.959698	-0.109939	0.258637
30028	7.190255	-0.162306	0.503202	1.800832	0.913017	-0.369373	0.246520	0.174350	0.953326	-0.166895	0.976626	-0.135454	-0.954659	-0.125713	0.269856
30029	7.026667	0.144756	0.714112	1.684275	0.826804	-0.360298	0.254992	0.171983	0.951525	-0.182069	0.974993	-0.127433	-0.949647	-0.140749	0.279929
30030	6.698808	0.302849	1.022913	1.518090	0.712974	-0.368429	0.262462	0.169453	0.949947	-0.195268	0.973419	-0.119690	-0.944978	-0.154081	0.288574
30031	6.901047	0.520682	1.001258	1.362034	0.592631	-0.346284	0.268716	0.167081	0.948618	-0.207231	0.971806	-0.112463	-0.940663	-0.166363	0.295764
