// General information: 
//  MT Manager version: 2022.2.0 
//  XDA version: 2022.2.0 build 7381 rev 124627 built on 2023-07-19
// Device information: 
//  DeviceId: 00B4CBA7
//  ProductCode: MTW2-3A7G6
//  Firmware Version: 4.6.0
//  Hardware Version: 2.0.0
// Device settings: 
//  Filter Profile: human(46.1)
//  Option Flags: Orientation Smoother Disabled, Position/Velocity Smoother Disabled, Continuous Zero Rotation Update Disabled, AHS Disabled, ICC Disabled
// Coordinate system: ENU
PacketCounter	Acc_X	Acc_Y	Acc_Z	Gyr_X	Gyr_Y	Gyr_Z	Mat[1][1]	Mat[2][1]	Mat[3][1]	Mat[1][2]	Mat[2][2]	Mat[3][2]	Mat[1][3]	Mat[2][3]	Mat[3][3]
12330	9.270151	0.944913	-2.921014	-0.012804	-0.019155	0.013646	0.303678	0.094144	0.948112	0.013418	-0.995430	0.094545	0.952680	-0.015989	-0.303553
12331	9.241042	0.900339	-2.938614	-0.010887	-0.020196	0.013526	0.303865	0.094040	0.948062	0.013259	-0.995438	0.094490	0.952623	-0.016142	-0.303726
12332	9.259435	0.919057	-2.802926	-0.014559	-0.023719	0.009487	0.304086	0.093980	0.947997	0.013096	-0.995440	0.094483	0.952554	-0.016316	-0.303931
12333	9.273472	0.892055	-2.946265	-0.011149	-0.024357	0.009501	0.304312	0.093921	0.947931	0.012968	-0.995444	0.094466	0.952484	-0.016454	-0.304144
12334	9.285671	0.872070	-2.956192	-0.006224	-0.024881	0.011211	0.304545	0.093844	0.947864	0.012879	-0.995449	0.094418	0.952411	-0.016547	-0.304367
12335	9.292250	0.911463	-2.969678	0.004794	-0.028824	0.006060	0.304815	0.093817	0.947779	0.012909	-0.995452	0.094385	0.952324	-0.016535	-0.304640
12336	9.280602	0.903799	-2.896140	0.005460	-0.025820	0.008265	0.305056	0.093769	0.947707	0.012940	-0.995457	0.094329	0.952246	-0.016512	-0.304884
12337	9.307184	0.857277	-3.047615	0.017079	-0.025895	0.000634	0.305292	0.093804	0.947627	0.013127	-0.995456	0.094309	0.952168	-0.016352	-0.305137
12338	9.287453	0.943676	-3.068516	0.026126	-0.024631	0.007680	0.305522	0.093762	0.947557	0.013357	-0.995464	0.094196	0.952091	-0.016122	-0.305388
12339	9.287493	0.933675	-3.047979	0.019906	-0.019484	0.005177	0.305699	0.093749	0.947502	0.013543	-0.995468	0.094125	0.952032	-0.015942	-0.305583
12340	9.298471	0.930802	-3.103180	0.016049	-0.017113	0.003859	0.305856	0.093746	0.947451	0.013688	-0.995471	0.094079	0.951979	-0.015806	-0.305754
12341	9.255147	0.922788	-3.158532	0.025010	-0.014697	0.004659	0.305992	0.093733	0.947409	0.013905	-0.995475	0.093998	0.951933	-0.015588	-0.305911
12342	9.286180	0.930604	-3.052915	0.020730	-0.010881	0.003596	0.306090	0.093734	0.947377	0.014096	-0.995478	0.093939	0.951898	-0.015399	-0.306027
12343	9.272477	0.957680	-3.068969	0.014555	-0.006309	0.004217	0.306145	0.093717	0.947361	0.014177	-0.995481	0.093895	0.951879	-0.015314	-0.306090
12344	9.264395	0.925301	-3.081339	0.017118	-0.004059	0.004737	0.306178	0.093707	0.947351	0.014330	-0.995484	0.093837	0.951866	-0.015155	-0.306138
12345	9.252851	0.926301	-3.028516	0.012236	-0.004109	0.006154	0.306215	0.093677	0.947342	0.014407	-0.995489	0.093781	0.951853	-0.015069	-0.306183
12346	9.287040	0.909690	-3.009831	0.008804	-0.003182	0.004582	0.306240	0.093670	0.947335	0.014482	-0.995490	0.093750	0.951844	-0.014991	-0.306216
12347	9.241294	0.926758	-2.975920	0.008380	-0.001737	0.004837	0.306246	0.093667	0.947333	0.014574	-0.995492	0.093717	0.951841	-0.014895	-0.306231
12348	9.288320	0.890893	-2.964829	0.008826	-0.003468	0.006143	0.306274	0.093644	0.947326	0.014643	-0.995496	0.093671	0.951831	-0.014817	-0.306266
12349	9.263300	0.920146	-2.927078	0.006239	-0.005432	0.004062	0.306326	0.093629	0.947311	0.014651	-0.995497	0.093654	0.951814	-0.014810	-0.306318
12350	9.275362	0.908982	-2.957979	0.001983	-0.001902	0.004560	0.306338	0.093622	0.947308	0.014660	-0.995498	0.093643	0.951810	-0.014799	-0.306332
12351	9.255824	0.878951	-2.916841	0.003697	-0.007968	0.005102	0.306406	0.093612	0.947287	0.014696	-0.995499	0.093623	0.951788	-0.014765	-0.306402
12352	9.276446	0.890627	-2.913483	0.006217	-0.005146	0.002500	0.306449	0.093625	0.947272	0.014752	-0.995499	0.093619	0.951773	-0.014715	-0.306451
12353	9.274926	0.907545	-2.959787	0.007063	-0.008035	0.001991	0.306519	0.093645	0.947247	0.014828	-0.995498	0.093617	0.951749	-0.014650	-0.306527
12354	9.253908	0.894992	-2.964649	0.002604	-0.009528	0.003154	0.306604	0.093651	0.947219	0.014847	-0.995497	0.093619	0.951721	-0.014640	-0.306614
12355	9.307993	0.899587	-2.965342	0.003049	-0.011260	0.004460	0.306703	0.093649	0.947187	0.014885	-0.995498	0.093606	0.951689	-0.014610	-0.306716
12356	9.266105	0.874891	-2.974456	0.003427	-0.012132	0.001084	0.306813	0.093675	0.947149	0.014919	-0.995496	0.093624	0.951653	-0.014594	-0.306828
12357	9.252959	0.893922	-2.967934	0.008330	-0.012371	0.001225	0.306924	0.093692	0.947111	0.014971	-0.995495	0.093627	0.951616	-0.014557	-0.306944
12358	9.259934	0.933695	-2.980201	0.007908	-0.010926	0.001479	0.307022	0.093715	0.947077	0.015047	-0.995494	0.093628	0.951583	-0.014495	-0.307049
12359	9.273738	0.896669	-2.943521	0.007282	-0.014504	0.002398	0.307152	0.093729	0.947034	0.015119	-0.995493	0.093622	0.951540	-0.014437	-0.307185
12360	9.251788	0.892881	-2.971895	0.003623	-0.018314	-0.000068	0.307320	0.093766	0.946975	0.015159	-0.995490	0.093650	0.951485	-0.014426	-0.307355
12361	9.277968	0.962427	-3.026314	0.004671	-0.016181	-0.001242	0.307468	0.093813	0.946923	0.015207	-0.995486	0.093687	0.951437	-0.014406	-0.307507
12362	9.278218	0.953595	-3.004929	0.003872	-0.013863	0.002389	0.307595	0.093826	0.946880	0.015241	-0.995485	0.093691	0.951395	-0.014388	-0.307636
12363	9.257029	0.941457	-3.010133	-0.013849	-0.013666	0.000147	0.307714	0.093866	0.946838	0.015130	-0.995479	0.093771	0.951359	-0.014529	-0.307743
12364	9.259290	0.916922	-3.099136	-0.012333	-0.013550	0.001839	0.307837	0.093885	0.946796	0.015011	-0.995475	0.093831	0.951321	-0.014672	-0.307853
12365	9.293199	0.901187	-3.081154	-0.004864	-0.011539	0.002495	0.307938	0.093898	0.946762	0.014967	-0.995473	0.093861	0.951289	-0.014734	-0.307949
12366	9.288812	0.943253	-3.039923	-0.009745	-0.011586	0.003917	0.308042	0.093896	0.946728	0.014867	-0.995471	0.093893	0.951256	-0.014849	-0.308043
12367	9.246996	0.919004	-3.048555	-0.012975	-0.005636	0.001685	0.308088	0.093916	0.946711	0.014736	-0.995467	0.093957	0.951244	-0.014996	-0.308076
12368	9.281720	0.894951	-3.007390	-0.015791	-0.012336	-0.001291	0.308199	0.093965	0.946670	0.014594	-0.995460	0.094057	0.951210	-0.015172	-0.308171
12369	9.227121	0.890347	-3.008208	-0.018278	-0.004239	0.003363	0.308232	0.093973	0.946658	0.014427	-0.995456	0.094120	0.951202	-0.015353	-0.308188
12370	9.239722	0.871205	-3.016436	-0.007227	-0.008765	0.001311	0.308310	0.093998	0.946631	0.014359	-0.995453	0.094169	0.951178	-0.015441	-0.308258
12371	9.267597	0.923819	-3.024134	-0.008143	-0.005015	-0.002859	0.308347	0.094070	0.946611	0.014315	-0.995445	0.094260	0.951166	-0.015514	-0.308289
12372	9.280899	0.896325	-3.009516	-0.006227	-0.006058	-0.002984	0.308399	0.094137	0.946588	0.014270	-0.995437	0.094346	0.951150	-0.015589	-0.308335
12373	9.267910	0.916053	-3.002300	-0.007697	-0.006747	-0.001555	0.308458	0.094185	0.946564	0.014186	-0.995431	0.094424	0.951132	-0.015698	-0.308385
12374	9.259690	0.885052	-3.014503	-0.009637	-0.005417	-0.002991	0.308503	0.094252	0.946542	0.014108	-0.995423	0.094521	0.951119	-0.015807	-0.308421
12375	9.246031	0.913534	-3.029899	-0.014916	-0.004307	0.000249	0.308538	0.094286	0.946528	0.013962	-0.995417	0.094604	0.951110	-0.015974	-0.308440
12376	9.258598	0.894965	-3.038070	-0.013745	-0.007494	-0.006763	0.308602	0.094390	0.946496	0.013857	-0.995405	0.094750	0.951090	-0.016125	-0.308492
12377	9.247023	0.897833	-2.985203	-0.012650	-0.005934	-0.004815	0.308645	0.094482	0.946473	0.013775	-0.995394	0.094873	0.951078	-0.016245	-0.308525
12378	9.247542	0.889866	-2.962836	-0.011132	-0.005819	-0.003123	0.308694	0.094550	0.946450	0.013683	-0.995386	0.094976	0.951063	-0.016368	-0.308563
12379	9.260784	0.862628	-2.948405	-0.008419	-0.009177	-0.006883	0.308777	0.094650	0.946413	0.013609	-0.995374	0.095107	0.951037	-0.016487	-0.308637
12380	9.294001	0.856355	-2.953058	-0.001623	-0.010170	-0.008433	0.308867	0.094771	0.946372	0.013624	-0.995362	0.095231	0.951008	-0.016520	-0.308725
12381	9.238520	0.860858	-2.976985	0.001763	-0.010523	-0.009988	0.308954	0.094910	0.946329	0.013684	-0.995349	0.095359	0.950978	-0.016512	-0.308816
12382	9.266910	0.905435	-2.962281	0.006618	-0.010187	-0.012973	0.309043	0.095076	0.946284	0.013792	-0.995334	0.095500	0.950948	-0.016463	-0.308913
12383	9.277719	0.904396	-3.016895	0.007934	-0.015095	-0.010623	0.309184	0.095213	0.946224	0.013887	-0.995321	0.095616	0.950901	-0.016423	-0.309059
12384	9.293917	0.959500	-2.972109	0.006415	-0.015210	-0.012315	0.309321	0.095371	0.946163	0.013990	-0.995307	0.095751	0.950855	-0.016381	-0.309203
12385	9.275833	0.915032	-3.042592	0.001485	-0.014686	-0.014012	0.309446	0.095553	0.946104	0.014071	-0.995290	0.095918	0.950813	-0.016369	-0.309333
12386	9.249730	0.954967	-3.028261	-0.005758	-0.011963	-0.013764	0.309552	0.095726	0.946052	0.014063	-0.995272	0.096105	0.950778	-0.016445	-0.309435
12387	9.249939	0.947642	-3.006717	-0.002972	-0.016181	-0.012844	0.309692	0.095893	0.945989	0.014090	-0.995255	0.096274	0.950732	-0.016486	-0.309574
12388	9.248590	0.957646	-3.030895	-0.001926	-0.014046	-0.014018	0.309818	0.096069	0.945930	0.014120	-0.995237	0.096452	0.950691	-0.016526	-0.309699
12389	9.282386	0.943315	-3.013142	-0.003869	-0.012718	-0.015452	0.309934	0.096255	0.945873	0.014121	-0.995218	0.096649	0.950653	-0.016598	-0.309811
12390	9.268249	0.972857	-3.029421	-0.007903	-0.015658	-0.014540	0.310075	0.096436	0.945809	0.014096	-0.995199	0.096850	0.950608	-0.016699	-0.309945
12391	9.255647	0.985071	-3.000112	-0.006858	-0.013523	-0.015714	0.310191	0.096639	0.945750	0.014121	-0.995179	0.097058	0.950569	-0.016752	-0.310060
12392	9.227830	0.925683	-2.971563	-0.005589	-0.017856	-0.016487	0.310352	0.096839	0.945676	0.014124	-0.995158	0.097271	0.950517	-0.016832	-0.310217
12393	9.247859	0.939636	-2.969408	-0.002853	-0.021498	-0.018692	0.310547	0.097061	0.945590	0.014164	-0.995135	0.097495	0.950453	-0.016884	-0.310411
12394	9.255101	0.972588	-2.959501	0.002354	-0.017858	-0.012975	0.310709	0.097226	0.945520	0.014231	-0.995119	0.097649	0.950399	-0.016885	-0.310576
12395	9.276731	0.968595	-2.911941	0.002553	-0.024038	-0.014137	0.310931	0.097389	0.945430	0.014261	-0.995102	0.097815	0.950326	-0.016931	-0.310797
12396	9.255117	0.957841	-2.918052	-0.002406	-0.023230	-0.017391	0.311143	0.097596	0.945338	0.014297	-0.995081	0.098026	0.950256	-0.016985	-0.311008
12397	9.233405	0.947204	-2.924426	0.002723	-0.029931	-0.016863	0.311419	0.097789	0.945228	0.014349	-0.995062	0.098217	0.950164	-0.017024	-0.311284
12398	9.284232	0.979584	-2.995732	0.011120	-0.031661	-0.012052	0.311712	0.097942	0.945115	0.014497	-0.995048	0.098335	0.950066	-0.016951	-0.311588
12399	9.228044	0.984113	-3.021309	0.003395	-0.026926	-0.014658	0.311961	0.098116	0.945015	0.014558	-0.995030	0.098503	0.949983	-0.016972	-0.311839
12400	9.239774	0.966128	-3.031984	0.005511	-0.034146	-0.015952	0.312277	0.098307	0.944891	0.014665	-0.995012	0.098675	0.949878	-0.016957	-0.312161
12401	9.216158	0.972413	-3.084587	0.009596	-0.031776	-0.013749	0.312569	0.098477	0.944777	0.014801	-0.994996	0.098815	0.949780	-0.016903	-0.312463
12402	9.235054	0.994134	-3.106286	0.007958	-0.026574	-0.009594	0.312814	0.098606	0.944682	0.014912	-0.994984	0.098919	0.949697	-0.016857	-0.312715
12403	9.281379	0.959888	-3.097754	0.003052	-0.026344	-0.009721	0.313060	0.098724	0.944588	0.014929	-0.994971	0.099042	0.949616	-0.016904	-0.312960
12404	9.233207	0.995678	-3.111280	0.006434	-0.026691	-0.011286	0.313306	0.098870	0.944491	0.015031	-0.994957	0.099167	0.949533	-0.016873	-0.313212
12405	9.234916	0.970612	-3.045322	-0.001883	-0.025827	-0.011408	0.313539	0.099023	0.944398	0.015069	-0.994941	0.099320	0.949456	-0.016910	-0.313445
12406	9.280411	0.945476	-3.059437	-0.003801	-0.024787	-0.011278	0.313767	0.099169	0.944307	0.015073	-0.994926	0.099477	0.949381	-0.016979	-0.313669
12407	9.225177	0.941401	-3.061655	0.001497	-0.026173	-0.012976	0.313999	0.099345	0.944211	0.015175	-0.994909	0.099633	0.949302	-0.016956	-0.313908
12408	9.237995	1.030387	-2.952898	-0.008931	-0.029295	-0.012307	0.314269	0.099501	0.944105	0.015134	-0.994891	0.099816	0.949213	-0.017081	-0.314169
12409	9.254642	0.962001	-2.982834	-0.021730	-0.029647	-0.012806	0.314539	0.099663	0.943998	0.014975	-0.994870	0.100044	0.949126	-0.017332	-0.314418
12410	9.245610	0.932477	-2.997203	-0.023903	-0.033057	-0.015142	0.314844	0.099847	0.943877	0.014801	-0.994847	0.100301	0.949028	-0.017609	-0.314700
12411	9.223673	0.922324	-3.003993	-0.021564	-0.035539	-0.015538	0.315175	0.100023	0.943748	0.014613	-0.994824	0.100556	0.948921	-0.017901	-0.315005
12412	9.243171	0.936925	-3.003334	-0.027180	-0.038027	-0.019430	0.315527	0.100248	0.943606	0.014422	-0.994796	0.100864	0.948807	-0.018217	-0.315330
12413	9.220116	0.936187	-3.033201	-0.030233	-0.038262	-0.022809	0.315882	0.100504	0.943460	0.014204	-0.994763	0.101214	0.948692	-0.018571	-0.315655
12414	9.253220	0.923461	-3.017904	-0.024483	-0.041375	-0.023216	0.316265	0.100766	0.943304	0.014050	-0.994731	0.101549	0.948567	-0.018863	-0.316014
12415	9.271501	0.947229	-3.040654	-0.025069	-0.045244	-0.020747	0.316690	0.100990	0.943138	0.013842	-0.994702	0.101864	0.948428	-0.019205	-0.316410
12416	9.241129	0.906608	-3.060257	-0.023995	-0.047842	-0.030902	0.317133	0.101327	0.942952	0.013717	-0.994662	0.102270	0.948282	-0.019499	-0.316830
12417	9.301645	0.946934	-3.053139	-0.022048	-0.049167	-0.029483	0.317581	0.101655	0.942766	0.013626	-0.994624	0.102657	0.948133	-0.019756	-0.317259
12418	9.236632	0.922343	-3.091471	-0.021471	-0.045297	-0.031960	0.318000	0.102002	0.942588	0.013529	-0.994583	0.103065	0.947994	-0.020023	-0.317657
12419	9.226942	0.894544	-3.107325	-0.015788	-0.047827	-0.035500	0.318439	0.102385	0.942398	0.013498	-0.994539	0.103489	0.947847	-0.020234	-0.318082
12420	9.225120	0.898476	-3.111600	-0.012481	-0.047589	-0.040201	0.318879	0.102814	0.942203	0.013513	-0.994491	0.103946	0.947699	-0.020414	-0.318511
12421	9.237097	0.874562	-3.101253	-0.001858	-0.050628	-0.042073	0.319348	0.103260	0.941995	0.013636	-0.994443	0.104387	0.947539	-0.020490	-0.318981
12422	9.211600	0.899229	-3.044592	0.013248	-0.052443	-0.043575	0.319833	0.103722	0.941780	0.013906	-0.994397	0.104794	0.947372	-0.020420	-0.319483
12423	9.211198	0.878630	-3.137712	0.012916	-0.056310	-0.049181	0.320356	0.104229	0.941546	0.014164	-0.994344	0.105255	0.947191	-0.020383	-0.320021
12424	9.199464	0.875693	-3.066726	0.031968	-0.054585	-0.054745	0.320859	0.104801	0.941311	0.014648	-0.994289	0.105707	0.947014	-0.020129	-0.320562
12425	9.219056	0.883381	-3.045850	0.043401	-0.060210	-0.058724	0.321416	0.105399	0.941054	0.015211	-0.994233	0.106160	0.946816	-0.019807	-0.321165
12426	9.224530	0.918672	-3.040357	0.060493	-0.063619	-0.057271	0.322003	0.105995	0.940787	0.015973	-0.994180	0.106543	0.946604	-0.019280	-0.321822
12427	9.227554	0.971266	-3.080829	0.066087	-0.065564	-0.063961	0.322605	0.106650	0.940506	0.016789	-0.994120	0.106971	0.946385	-0.018719	-0.322498
12428	9.226005	0.966607	-3.064931	0.072141	-0.069238	-0.069358	0.323242	0.107366	0.940206	0.017701	-0.994055	0.107429	0.946151	-0.018083	-0.323221
12429	9.243873	0.983179	-3.068539	0.079338	-0.071634	-0.071252	0.323902	0.108093	0.939895	0.018666	-0.993989	0.107881	0.945907	-0.017399	-0.323972
12430	9.230638	0.973058	-3.133261	0.083546	-0.074849	-0.073390	0.324589	0.108848	0.939571	0.019699	-0.993919	0.108339	0.945650	-0.016657	-0.324760
12431	9.217283	0.962672	-3.198132	0.097777	-0.073740	-0.074439	0.325261	0.109616	0.939249	0.020876	-0.993849	0.108759	0.945394	-0.015767	-0.325549
12432	9.197535	1.011035	-3.266359	0.117974	-0.070976	-0.075030	0.325910	0.110389	0.938934	0.022241	-0.993780	0.109117	0.945139	-0.014680	-0.326338
12433	9.225522	1.024632	-3.323928	0.115135	-0.066777	-0.075958	0.326518	0.111166	0.938631	0.023561	-0.993708	0.109493	0.944897	-0.013636	-0.327083
12434	9.185057	0.960459	-3.380260	0.125472	-0.063313	-0.078310	0.327091	0.111975	0.938335	0.025008	-0.993633	0.109856	0.944662	-0.012467	-0.327809
12435	9.184845	0.946233	-3.341600	0.145993	-0.061403	-0.082335	0.327639	0.112827	0.938042	0.026672	-0.993553	0.110188	0.944427	-0.011083	-0.328536
12436	9.205205	1.043772	-3.314753	0.163182	-0.059437	-0.083218	0.328171	0.113686	0.937752	0.028491	-0.993471	0.110470	0.944189	-0.009536	-0.329267
12437	9.201297	1.071563	-3.234118	0.168639	-0.056049	-0.084127	0.328669	0.114548	0.937473	0.030344	-0.993386	0.110742	0.943958	-0.007951	-0.329971
12438	9.213884	1.137547	-3.218838	0.163021	-0.058874	-0.086454	0.329191	0.115441	0.937180	0.032172	-0.993294	0.111052	0.943715	-0.006406	-0.330697
12439	9.189220	1.153587	-3.142081	0.153504	-0.065227	-0.084667	0.329772	0.116311	0.936868	0.033888	-0.993200	0.111376	0.943452	-0.004980	-0.331471
12440	9.192922	1.097777	-3.145742	0.140931	-0.066022	-0.091597	0.330356	0.117256	0.936545	0.035525	-0.993095	0.111805	0.943188	-0.003664	-0.332240
12441	9.207178	1.057525	-3.092569	0.138973	-0.070838	-0.086111	0.330986	0.118141	0.936211	0.037105	-0.992994	0.112188	0.942906	-0.002395	-0.333051
12442	9.192385	1.072244	-3.070328	0.137006	-0.080470	-0.089586	0.331704	0.119067	0.935839	0.038699	-0.992886	0.112609	0.942589	-0.001137	-0.333952
12443	9.157758	1.047803	-3.139245	0.143512	-0.081045	-0.084766	0.332424	0.119950	0.935471	0.040350	-0.992780	0.112960	0.942267	0.000195	-0.334863
12444	9.148143	1.083568	-3.240100	0.148911	-0.083205	-0.081879	0.333167	0.120802	0.935097	0.042030	-0.992675	0.113265	0.941931	0.001566	-0.335804
12445	9.194016	1.117001	-3.319777	0.151229	-0.085663	-0.082339	0.333931	0.121657	0.934714	0.043729	-0.992568	0.113564	0.941583	0.002952	-0.336769
12446	9.169696	1.106757	-3.332368	0.163378	-0.082916	-0.086532	0.334666	0.122557	0.934333	0.045562	-0.992451	0.113861	0.941235	0.004465	-0.337724
12447	9.222822	1.171704	-3.401619	0.163447	-0.083448	-0.083456	0.335403	0.123431	0.933954	0.047398	-0.992335	0.114125	0.940882	0.005989	-0.338682
12448	9.215814	1.189913	-3.456948	0.167958	-0.076892	-0.085495	0.336078	0.124323	0.933593	0.049270	-0.992213	0.114393	0.940545	0.007554	-0.339586
12449	9.181944	1.182617	-3.415010	0.156292	-0.070256	-0.087773	0.336684	0.125238	0.933252	0.051044	-0.992086	0.114719	0.940233	0.009013	-0.340412
12450	9.150570	1.140486	-3.436598	0.144229	-0.067991	-0.084366	0.337272	0.126120	0.932921	0.052690	-0.991961	0.115053	0.939932	0.010351	-0.341206
12451	9.103857	1.061693	-3.391796	0.151334	-0.070085	-0.087921	0.337874	0.127038	0.932578	0.054414	-0.991828	0.115394	0.939617	0.011757	-0.342026
12452	9.133660	1.085542	-3.317543	0.167959	-0.071843	-0.086452	0.338494	0.127942	0.932230	0.056290	-0.991692	0.115664	0.939283	0.013324	-0.342884
12453	9.101916	1.161706	-3.246813	0.170462	-0.069544	-0.086076	0.339088	0.128840	0.931890	0.058176	-0.991553	0.115920	0.938954	0.014906	-0.343720
12454	9.116935	1.212758	-3.188419	0.159649	-0.071356	-0.084968	0.339700	0.129731	0.931544	0.059969	-0.991414	0.116201	0.938620	0.016390	-0.344563
12455	9.113251	1.152616	-3.115362	0.141424	-0.086008	-0.087797	0.340444	0.130649	0.931144	0.061581	-0.991272	0.116570	0.938246	0.017655	-0.345518
12456	9.139607	1.102012	-3.093502	0.142311	-0.083975	-0.079408	0.341174	0.131489	0.930758	0.063192	-0.991136	0.116855	0.937874	0.018949	-0.346459
12457	9.087198	1.138112	-3.114337	0.148369	-0.098635	-0.086800	0.342035	0.132404	0.930312	0.064877	-0.990989	0.117187	0.937445	0.020274	-0.347543
12458	9.088455	1.181221	-3.138257	0.138999	-0.105296	-0.083253	0.342959	0.133289	0.929846	0.066471	-0.990844	0.117516	0.936995	0.021505	-0.348679
12459	9.074859	1.159807	-3.182896	0.147020	-0.110522	-0.085765	0.343926	0.134203	0.929357	0.068157	-0.990691	0.117837	0.936520	0.022815	-0.349871
12460	9.033020	1.178835	-2.980630	0.152392	-0.123062	-0.087952	0.345009	0.135141	0.928819	0.069892	-0.990532	0.118159	0.935993	0.024152	-0.351188
12461	9.098654	1.188420	-3.126952	0.154684	-0.136279	-0.082204	0.346212	0.136027	0.928242	0.071628	-0.990377	0.118417	0.935418	0.025491	-0.352624
12462	9.085350	1.250136	-3.147224	0.132217	-0.142340	-0.076976	0.347480	0.136864	0.927645	0.073137	-0.990233	0.118702	0.934831	0.026599	-0.354096
12463	9.043016	1.211615	-3.120851	0.129068	-0.153471	-0.074113	0.348849	0.137674	0.927011	0.074595	-0.990092	0.118971	0.934205	0.027647	-0.355663
12464	9.068443	1.041018	-3.195039	0.111771	-0.155125	-0.076139	0.350232	0.138509	0.926365	0.075911	-0.989950	0.119316	0.933582	0.028533	-0.357227
12465	9.084568	1.020343	-3.272127	0.146534	-0.168716	-0.076821	0.351738	0.139355	0.925667	0.077552	-0.989796	0.119541	0.932880	0.029740	-0.358957
12466	9.088125	1.101693	-3.316449	0.169693	-0.176017	-0.078118	0.353310	0.140220	0.924938	0.079416	-0.989630	0.119692	0.932129	0.031167	-0.360782
12467	9.086763	1.197246	-3.408011	0.170585	-0.179144	-0.077132	0.354907	0.141074	0.924197	0.081272	-0.989463	0.119827	0.931362	0.032584	-0.362632
12468	9.054644	1.199886	-3.475035	0.171763	-0.183227	-0.079540	0.356539	0.141960	0.923432	0.083161	-0.989288	0.119976	0.930572	0.034017	-0.364525
12469	9.027083	1.241781	-3.555949	0.179706	-0.182960	-0.076390	0.358167	0.142815	0.922670	0.085106	-0.989112	0.120063	0.929771	0.035522	-0.366421
12470	9.065165	1.308498	-3.584467	0.179646	-0.182961	-0.076498	0.359792	0.143676	0.921904	0.087056	-0.988932	0.120147	0.928962	0.037030	-0.368318
12471	9.023775	1.368872	-3.658523	0.165090	-0.188310	-0.070966	0.361469	0.144483	0.921122	0.088842	-0.988763	0.120230	0.928142	0.038375	-0.370243
12472	9.038861	1.375417	-3.652384	0.154125	-0.184217	-0.067090	0.363109	0.145257	0.920355	0.090522	-0.988600	0.120314	0.927339	0.039625	-0.372118
12473	8.995093	1.388999	-3.688777	0.134718	-0.184209	-0.063809	0.364748	0.145995	0.919589	0.091998	-0.988449	0.120437	0.926550	0.040671	-0.373966
12474	8.992572	1.375805	-3.660659	0.112444	-0.185322	-0.059042	0.366401	0.146693	0.918821	0.093262	-0.988311	0.120597	0.925771	0.041504	-0.375799
12475	9.006096	1.336761	-3.616372	0.094625	-0.185115	-0.054066	0.368052	0.147342	0.918057	0.094341	-0.988187	0.120776	0.925007	0.042159	-0.377604
12476	8.948234	1.270191	-3.546564	0.076556	-0.189444	-0.051426	0.369746	0.147968	0.917275	0.095246	-0.988073	0.120996	0.924238	0.042629	-0.379429
12477	8.931249	1.230588	-3.473601	0.075919	-0.198006	-0.049667	0.371515	0.148583	0.916460	0.096143	-0.987961	0.121201	0.923435	0.043084	-0.381328
12478	8.937526	1.197234	-3.376378	0.077899	-0.204471	-0.045986	0.373349	0.149164	0.915620	0.097041	-0.987853	0.121363	0.922602	0.043542	-0.383289
12479	8.963041	1.230440	-3.339233	0.084679	-0.216047	-0.041605	0.375288	0.149708	0.914739	0.097985	-0.987749	0.121457	0.921715	0.044050	-0.385359
12480	8.919881	1.228440	-3.254091	0.081001	-0.230495	-0.039167	0.377363	0.150235	0.913798	0.098886	-0.987648	0.121540	0.920771	0.044497	-0.387558
12481	8.937790	1.228957	-3.228559	0.078435	-0.248811	-0.040618	0.379601	0.150785	0.912780	0.099767	-0.987547	0.121645	0.919755	0.044889	-0.389917
12482	8.978752	1.197947	-3.242468	0.077039	-0.259946	-0.034456	0.381947	0.151280	0.911719	0.100614	-0.987455	0.121696	0.918691	0.045250	-0.392376
12483	9.042698	1.173315	-3.233319	0.077419	-0.277378	-0.035833	0.384446	0.151798	0.910582	0.101470	-0.987360	0.121757	0.917554	0.045588	-0.394989
12484	9.078640	1.102539	-3.236133	0.077152	-0.297610	-0.031213	0.387133	0.152280	0.909362	0.102305	-0.987271	0.121773	0.916330	0.045890	-0.397785
12485	9.051677	1.120745	-3.180326	0.078376	-0.317932	-0.033122	0.389998	0.152791	0.908051	0.103160	-0.987179	0.121799	0.915019	0.046173	-0.400760
12486	9.026975	1.094214	-3.165754	0.074635	-0.343150	-0.034125	0.393091	0.153325	0.906626	0.103984	-0.987087	0.121847	0.913601	0.046378	-0.403959
12487	9.013823	0.956593	-3.084659	0.061809	-0.360371	-0.041667	0.396324	0.153942	0.905113	0.104723	-0.986988	0.122012	0.912119	0.046430	-0.407288
12488	9.027423	0.874018	-3.096616	0.079990	-0.394992	-0.052963	0.399858	0.154686	0.903430	0.105671	-0.986864	0.122202	0.910465	0.046603	-0.410951
12489	9.030685	0.803556	-3.080746	0.118250	-0.420395	-0.053743	0.403611	0.155452	0.901628	0.106971	-0.986719	0.122237	0.908656	0.047112	-0.414880
12490	9.057439	0.739202	-3.043635	0.158652	-0.448561	-0.063267	0.407605	0.156327	0.899678	0.108676	-0.986540	0.122183	0.906669	0.047971	-0.419107
12491	9.096282	0.747728	-3.093628	0.202622	-0.483502	-0.074199	0.411887	0.157332	0.897550	0.110826	-0.986319	0.122034	0.904470	0.049208	-0.423689
12492	9.134242	0.709671	-3.109104	0.238401	-0.512249	-0.079139	0.416416	0.158406	0.895268	0.113316	-0.986069	0.121766	0.902085	0.050743	-0.428565
12493	9.167306	0.677669	-3.151124	0.280143	-0.545217	-0.086804	0.421212	0.159582	0.892812	0.116215	-0.985780	0.121371	0.899485	0.052635	-0.433769
12494	9.243849	0.665510	-3.173379	0.335350	-0.580389	-0.095642	0.426302	0.160875	0.890161	0.119642	-0.985441	0.120798	0.896634	0.055004	-0.439343
12495	9.309513	0.711672	-3.130495	0.368537	-0.613348	-0.109804	0.431643	0.162340	0.887316	0.123424	-0.985050	0.120180	0.893561	0.057641	-0.445226
12496	9.375811	0.712536	-3.130748	0.404393	-0.648608	-0.114979	0.437273	0.163893	0.884269	0.127540	-0.984617	0.119424	0.890239	0.060559	-0.451450
12497	9.404586	0.726123	-3.073551	0.423459	-0.688236	-0.124988	0.443209	0.165588	0.880991	0.131865	-0.984143	0.118638	0.886666	0.063591	-0.458017
12498	9.471578	0.683521	-3.044351	0.421438	-0.733831	-0.138069	0.449507	0.167462	0.877440	0.136220	-0.983633	0.117944	0.882829	0.066508	-0.464961
12499	9.504904	0.610943	-2.918265	0.415367	-0.777311	-0.152216	0.456125	0.169524	0.873620	0.140581	-0.983088	0.117367	0.878742	0.069281	-0.472243
12500	9.604826	0.567388	-2.907797	0.414598	-0.827601	-0.164615	0.463134	0.171763	0.869485	0.144983	-0.982508	0.116865	0.874350	0.071936	-0.479935
12501	9.805907	0.417952	-2.928815	0.404872	-0.880709	-0.176883	0.470534	0.174182	0.865019	0.149353	-0.981900	0.116475	0.869650	0.074388	-0.488032
12502	9.889475	0.143251	-2.908843	0.415599	-0.931469	-0.185601	0.478319	0.176746	0.860216	0.153849	-0.981254	0.116068	0.864605	0.076826	-0.496544
12503	9.934199	0.003308	-2.980409	0.459868	-0.980742	-0.211682	0.486421	0.179625	0.855061	0.158848	-0.980510	0.115614	0.859164	0.079588	-0.505474
12504	9.982071	-0.026632	-3.161627	0.472078	-1.024963	-0.250702	0.494781	0.182950	0.849542	0.164133	-0.979667	0.115380	0.853377	0.082350	-0.514749
12505	10.039275	-0.077796	-3.642612	0.468919	-1.062536	-0.290679	0.503310	0.186720	0.843691	0.169586	-0.978731	0.115439	0.847301	0.084976	-0.524271
12506	9.814016	-0.228723	-4.462002	0.480660	-1.086061	-0.330144	0.511897	0.190924	0.837561	0.175332	-0.977686	0.115707	0.840964	0.087621	-0.533950
12507	9.612360	-0.367003	-4.894441	0.570322	-1.117008	-0.356815	0.520594	0.195442	0.831134	0.181966	-0.976481	0.115644	0.834189	0.091034	-0.543914
12508	9.503298	-0.040332	-5.043841	0.665168	-1.123647	-0.384500	0.529201	0.200278	0.824521	0.189523	-0.975094	0.115212	0.827060	0.095295	-0.553978
12509	9.435035	0.466917	-5.565491	0.678234	-1.129942	-0.388302	0.537732	0.205196	0.817765	0.197193	-0.973639	0.114641	0.819731	0.099611	-0.564020
12510	9.328304	0.645217	-5.862283	0.544242	-1.141540	-0.411201	0.546211	0.210387	0.810797	0.203878	-0.972227	0.114929	0.812458	0.102528	-0.573934
12511	9.054423	0.429362	-5.969976	0.479552	-1.141560	-0.422950	0.554546	0.215711	0.803709	0.210099	-0.970822	0.115599	0.805194	0.104754	-0.583686
12512	8.595067	0.300174	-6.196507	0.531668	-1.139779	-0.432890	0.562744	0.221156	0.796498	0.216794	-0.969305	0.115969	0.797697	0.107415	-0.593416
12513	8.258488	0.491867	-6.555984	0.544785	-1.086593	-0.454322	0.570348	0.226770	0.789480	0.223708	-0.967687	0.116344	0.790353	0.110256	-0.602649
12514	7.654908	0.626225	-7.106102	0.535894	-1.044267	-0.470642	0.577482	0.232523	0.782591	0.230641	-0.966000	0.116825	0.783147	0.113033	-0.611477
12515	7.288935	1.022974	-7.828510	0.503856	-0.983989	-0.503355	0.583953	0.238536	0.775951	0.237507	-0.964232	0.117676	0.776266	0.115576	-0.619720
12516	7.084611	1.147585	-8.444422	0.421753	-0.896071	-0.565882	0.589504	0.245068	0.769692	0.244104	-0.962364	0.119455	0.769998	0.117466	-0.627140
12517	6.959788	1.048974	-8.829450	0.371478	-0.834003	-0.640478	0.594295	0.252240	0.763667	0.250759	-0.960324	0.122053	0.764155	0.118961	-0.633968
12518	6.907278	1.004907	-8.855414	0.329511	-0.776549	-0.710526	0.598388	0.260021	0.757840	0.257522	-0.958102	0.125393	0.758692	0.120126	-0.640278
12519	6.841595	0.834236	-8.671416	0.314334	-0.707178	-0.780599	0.601677	0.268373	0.752304	0.264596	-0.955652	0.129295	0.753640	0.121263	-0.646004
12520	6.391289	0.527848	-8.346495	0.389763	-0.622969	-0.813457	0.604158	0.276933	0.747195	0.272446	-0.952948	0.132900	0.748843	0.123278	-0.651181
12521	6.091212	0.331307	-8.082827	0.583983	-0.555947	-0.814895	0.606029	0.285411	0.742475	0.281748	-0.949918	0.135182	0.743873	0.127267	-0.656092
12522	6.097201	0.377391	-7.944770	0.823434	-0.493521	-0.812541	0.607338	0.293795	0.738123	0.292799	-0.946480	0.135809	0.738519	0.133640	-0.660856
12523	5.997970	0.788673	-7.766430	1.030673	-0.435277	-0.820837	0.608066	0.302175	0.734130	0.305381	-0.942606	0.135045	0.732802	0.142073	-0.665445
12524	5.853587	1.268921	-7.701620	1.140945	-0.389447	-0.821947	0.608327	0.310513	0.730425	0.318725	-0.938402	0.133480	0.726879	0.151605	-0.669823
12525	5.789217	1.732596	-7.550636	1.144170	-0.345072	-0.814400	0.608156	0.318704	0.727031	0.331973	-0.934042	0.131756	0.721068	0.161227	-0.673844
12526	5.639290	2.037544	-7.458533	1.060550	-0.306349	-0.803433	0.607622	0.326733	0.723907	0.344494	-0.929681	0.130453	0.715625	0.170115	-0.677452
12527	5.666318	2.209180	-7.408351	0.927796	-0.274622	-0.763358	0.606888	0.334318	0.721053	0.355758	-0.925535	0.129696	0.710720	0.177809	-0.680633
12528	5.607763	2.208256	-7.375342	0.781163	-0.248763	-0.728139	0.606006	0.341528	0.718411	0.365727	-0.921649	0.129642	0.706400	0.184178	-0.683431
12529	5.610096	2.141412	-7.286057	0.664488	-0.207068	-0.675747	0.604944	0.348158	0.716120	0.374513	-0.918068	0.129970	0.702697	0.189572	-0.685769
12530	5.663658	1.953994	-7.269822	0.564579	-0.140973	-0.621002	0.603564	0.354154	0.714342	0.382242	-0.914791	0.130568	0.699715	0.194245	-0.687508
12531	5.909391	1.784200	-6.925451	0.496091	-0.003966	-0.556784	0.601424	0.359275	0.713590	0.389076	-0.911820	0.131161	0.697788	0.198758	-0.688176
12532	6.308808	1.475276	-6.498658	0.419852	0.248408	-0.465559	0.597847	0.363049	0.714685	0.394815	-0.909282	0.131632	0.697639	0.203473	-0.686949
12533	6.494452	1.206407	-6.370558	0.434379	0.524842	-0.339424	0.592812	0.365077	0.717839	0.399883	-0.907140	0.131116	0.699047	0.209324	-0.683751
12534	6.895902	1.516839	-5.644771	0.424365	0.791596	-0.244762	0.586263	0.365645	0.722910	0.404316	-0.905330	0.130022	0.702014	0.216057	-0.678598
12535	7.414708	1.690777	-5.517760	0.329693	1.028906	-0.156165	0.578361	0.364828	0.729657	0.407561	-0.904026	0.128961	0.706678	0.222793	-0.671543
12536	7.608213	1.727459	-5.446553	0.199068	1.240254	-0.060052	0.569292	0.362602	0.737853	0.409335	-0.903346	0.128107	0.712988	0.229098	-0.662693
12537	7.587218	1.295196	-5.643958	0.114483	1.433295	0.035503	0.559140	0.358982	0.747324	0.409968	-0.903198	0.127123	0.720616	0.235300	-0.652186
12538	7.762426	1.033816	-5.535035	0.121088	1.618349	0.126967	0.547910	0.354005	0.757941	0.410159	-0.903349	0.125419	0.729084	0.242158	-0.640153
12539	7.978770	0.971686	-5.372268	0.143066	1.801664	0.221542	0.535577	0.347600	0.769631	0.410020	-0.903765	0.122853	0.738269	0.249767	-0.626559
12540	8.313130	1.011077	-5.262294	0.137350	1.949871	0.307643	0.522326	0.339904	0.782074	0.409428	-0.904462	0.119650	0.748026	0.257707	-0.611591
12541	8.659481	1.220905	-5.058588	0.082824	2.058172	0.367413	0.508303	0.331224	0.794933	0.408170	-0.905470	0.116286	0.758304	0.265359	-0.595449
12542	8.950357	1.120804	-4.807772	0.012588	2.142759	0.421896	0.493637	0.321672	0.807991	0.406165	-0.906803	0.112866	0.768994	0.272463	-0.578283
12543	9.154898	0.758062	-4.661487	-0.018935	2.214025	0.464266	0.478346	0.311378	0.821114	0.403772	-0.908316	0.109226	0.779842	0.279295	-0.560215
12544	9.508828	0.798223	-4.377635	0.029126	2.251958	0.500056	0.462659	0.300495	0.834056	0.401660	-0.909754	0.104963	0.790326	0.286444	-0.541603
12545	9.697846	0.858465	-4.212501	0.030622	2.273774	0.527105	0.446659	0.289130	0.846699	0.399515	-0.911212	0.100404	0.800552	0.293422	-0.522513
12546	9.784504	0.912800	-3.940086	-0.003806	2.266958	0.552677	0.430578	0.277399	0.858867	0.397070	-0.912780	0.095747	0.810517	0.299804	-0.503170
12547	9.868363	0.946687	-3.718436	-0.075047	2.228443	0.573165	0.414649	0.265447	0.870405	0.394043	-0.914557	0.091196	0.820242	0.305162	-0.483817
12548	9.936737	0.757176	-3.494779	-0.170605	2.164950	0.574064	0.399019	0.253574	0.881183	0.390309	-0.916563	0.087015	0.829725	0.309213	-0.464698
12549	10.092693	0.488565	-3.268930	-0.213447	2.081804	0.562660	0.383810	0.241967	0.891147	0.386331	-0.918615	0.083035	0.838712	0.312408	-0.446053
12550	9.907448	0.456676	-2.998204	-0.220285	1.985920	0.541923	0.369134	0.230786	0.900266	0.382442	-0.920581	0.079182	0.847041	0.315070	-0.428079
12551	9.834309	0.585124	-2.787867	-0.224237	1.878457	0.528097	0.355132	0.220006	0.908558	0.378625	-0.922475	0.075381	0.854707	0.317233	-0.410901
12552	9.668504	0.691253	-2.704428	-0.242548	1.761734	0.519154	0.341948	0.209643	0.916036	0.374740	-0.924356	0.071660	0.861766	0.318772	-0.394644
12553	9.491758	0.908423	-2.539847	-0.276381	1.622724	0.504991	0.329765	0.199817	0.922674	0.370656	-0.926268	0.068122	0.868256	0.319531	-0.379514
12554	9.360548	1.052514	-2.495968	-0.354954	1.480925	0.478969	0.318606	0.190680	0.928510	0.366016	-0.928332	0.065050	0.874369	0.319125	-0.365565
12555	9.154868	1.092160	-2.512972	-0.465862	1.335407	0.457410	0.308524	0.182205	0.933603	0.360497	-0.930664	0.062499	0.880258	0.317279	-0.352816
12556	8.821214	1.020680	-2.591253	-0.573723	1.189868	0.430629	0.299535	0.174470	0.937997	0.354126	-0.933239	0.060500	0.885931	0.314048	-0.341322
12557	9.148675	0.780850	-1.822112	-0.591297	1.014194	0.421799	0.291976	0.167388	0.941664	0.347627	-0.935802	0.058560	0.891014	0.310250	-0.331420
12558	8.373845	1.178010	-2.719260	-0.649529	0.795332	0.331349	0.285993	0.161869	0.944461	0.340872	-0.938344	0.057601	0.895553	0.305466	-0.323537
12559	7.759232	1.854373	-3.543559	-0.727897	0.447862	0.209463	0.282652	0.158573	0.946025	0.333746	-0.940877	0.057995	0.899290	0.299340	-0.318864
12560	7.118379	0.683651	-4.368663	-0.795569	0.229753	0.131415	0.280997	0.156690	0.946831	0.326212	-0.943434	0.059316	0.902566	0.292200	-0.316217
12561	6.561760	0.537948	-4.591625	-0.669523	0.072877	0.067758	0.280530	0.155868	0.947105	0.319974	-0.945472	0.060824	0.904942	0.285986	-0.315106
12562	5.915128	1.022819	-4.837963	-0.490135	-0.039786	0.005316	0.280889	0.155965	0.946983	0.315523	-0.946867	0.062357	0.906392	0.281280	-0.315175
12563	5.634217	1.699750	-4.961082	-0.482234	-0.121013	-0.028274	0.281872	0.156599	0.946586	0.311232	-0.948164	0.064183	0.907570	0.276516	-0.315999
12564	5.395738	2.061887	-5.151736	-0.581545	-0.177080	-0.054508	0.283295	0.157636	0.945989	0.306108	-0.949666	0.066579	0.908869	0.270713	-0.317289
12565	5.445863	2.100216	-5.347520	-0.656836	-0.233299	-0.086012	0.285131	0.159108	0.945190	0.300382	-0.951282	0.069519	0.910204	0.264096	-0.319033
12566	5.819455	2.111122	-5.879441	-0.606555	-0.337153	-0.131526	0.287793	0.161275	0.944016	0.295239	-0.952650	0.072744	0.911049	0.257775	-0.321780
12567	6.760531	2.584205	-6.551009	-0.518326	-0.439788	-0.216041	0.291143	0.164488	0.942433	0.291146	-0.953615	0.076497	0.911301	0.252114	-0.325529
12568	7.611543	2.499419	-7.183760	-0.505054	-0.513404	-0.294460	0.294954	0.168613	0.940517	0.287411	-0.954379	0.080963	0.911261	0.246434	-0.329959
12569	8.341714	1.885191	-6.795208	-0.508694	-0.499306	-0.370086	0.298425	0.173397	0.938550	0.283880	-0.954980	0.086169	0.911238	0.240720	-0.334214
12570	9.494973	0.343563	-5.423691	-0.509809	-0.366712	-0.365066	0.300721	0.177792	0.936993	0.280331	-0.955547	0.091343	0.911582	0.235200	-0.337194
12571	10.354595	-0.097930	-4.349538	-0.217573	-0.295045	-0.301711	0.302547	0.181401	0.935713	0.279265	-0.955509	0.094943	0.911305	0.232587	-0.339745
12572	10.790717	0.880240	-3.814623	0.053611	-0.277125	-0.254193	0.304343	0.184509	0.934522	0.280529	-0.954914	0.097176	0.910318	0.232585	-0.342382
12573	10.802614	1.986346	-4.030576	0.113560	-0.301668	-0.216530	0.306459	0.187313	0.933272	0.282229	-0.954241	0.098846	0.909082	0.233104	-0.345301
12574	10.555663	2.447489	-4.249186	-0.077655	-0.307081	-0.207830	0.308647	0.190045	0.931998	0.282167	-0.954024	0.101092	0.908361	0.231777	-0.348081
12575	9.921293	2.248239	-4.552259	-0.352989	-0.282271	-0.202094	0.310624	0.192658	0.930804	0.279593	-0.954443	0.104247	0.908483	0.227864	-0.350339
12576	9.160622	2.067903	-4.908483	-0.622758	-0.254924	-0.186608	0.312408	0.195048	0.929708	0.274518	-0.955474	0.108208	0.909418	0.221417	-0.352042
12577	8.710032	1.479477	-5.057213	-0.799044	-0.228028	-0.163333	0.314022	0.197143	0.928722	0.267765	-0.956884	0.112583	0.910874	0.213326	-0.353270
12578	8.657698	0.770484	-5.107244	-0.769946	-0.198898	-0.143507	0.315440	0.198969	0.927852	0.261203	-0.958206	0.116678	0.912289	0.205553	-0.354228
12579	8.775766	0.398714	-5.010203	-0.571787	-0.164988	-0.145157	0.316553	0.200732	0.927093	0.256450	-0.959068	0.120092	0.913251	0.199738	-0.355073
12580	8.841154	0.617549	-4.878755	-0.351723	-0.133952	-0.158185	0.317357	0.202551	0.926422	0.253744	-0.959439	0.122846	0.913728	0.196087	-0.355881
12581	8.938398	0.987469	-4.650009	-0.240043	-0.096462	-0.158860	0.317821	0.204300	0.925879	0.252061	-0.959577	0.125212	0.914032	0.193583	-0.356470
12582	8.995812	1.327393	-4.441882	-0.228371	-0.058998	-0.154456	0.317957	0.205931	0.925470	0.250469	-0.959693	0.127495	0.914422	0.191264	-0.356721
12583	9.074102	1.319054	-4.280791	-0.263787	-0.025847	-0.152782	0.317797	0.207484	0.925179	0.248548	-0.959871	0.129888	0.915002	0.188673	-0.356614
12584	9.214308	1.231617	-4.109171	-0.289754	-0.006763	-0.157323	0.317455	0.209043	0.924945	0.246401	-0.960080	0.132415	0.915702	0.185871	-0.356290
12585	9.238423	1.141675	-4.050777	-0.289260	0.010302	-0.165719	0.316939	0.210652	0.924757	0.244282	-0.960259	0.135017	0.916447	0.183110	-0.355802
12586	9.321935	1.137266	-4.033550	-0.255707	0.015827	-0.172420	0.316359	0.212315	0.924575	0.242489	-0.960352	0.137558	0.917124	0.180681	-0.355300
12587	9.322921	1.159194	-4.004605	-0.209529	0.031952	-0.176695	0.315625	0.213991	0.924440	0.241131	-0.960345	0.139975	0.917735	0.178731	-0.354708
12588	9.245838	1.240300	-3.958863	-0.148387	0.042129	-0.183299	0.314782	0.215712	0.924327	0.240351	-0.960209	0.142234	0.918229	0.177391	-0.354103
12589	9.145539	1.311677	-3.961434	-0.085259	0.056111	-0.187909	0.313801	0.217453	0.924253	0.240164	-0.959946	0.144311	0.918613	0.176687	-0.353456
12590	9.131452	1.700567	-3.821408	-0.024650	0.063167	-0.196328	0.312734	0.219262	0.924187	0.240557	-0.959553	0.146251	0.918874	0.176582	-0.352830
12591	9.024511	1.855141	-3.808862	-0.031849	0.079531	-0.189919	0.311532	0.220980	0.924184	0.240863	-0.959184	0.148157	0.919202	0.176446	-0.352042
12592	9.028388	2.023614	-3.752282	-0.023484	0.093074	-0.182372	0.310222	0.222601	0.924235	0.241218	-0.958814	0.149963	0.919552	0.176421	-0.351141
12593	9.124096	2.074398	-3.695869	-0.048839	0.096844	-0.160662	0.308930	0.224007	0.924328	0.241272	-0.958534	0.151659	0.919973	0.176163	-0.350166
12594	9.104215	2.109497	-3.557036	-0.078575	0.098660	-0.152055	0.307641	0.225327	0.924438	0.241022	-0.958323	0.153377	0.920470	0.175625	-0.349128
12595	9.034519	2.137191	-3.562950	-0.123069	0.105836	-0.134670	0.306328	0.226470	0.924594	0.240308	-0.958227	0.155091	0.921095	0.174679	-0.347954
12596	8.945962	2.066651	-3.482150	-0.181793	0.116368	-0.120087	0.304953	0.227454	0.924807	0.239005	-0.958263	0.156871	0.921890	0.173195	-0.346588
12597	8.990775	1.948311	-3.418280	-0.229418	0.122838	-0.107704	0.303549	0.228313	0.925057	0.237223	-0.958405	0.158700	0.922813	0.171271	-0.345084
