// General information: 
//  MT Manager version: 2022.2.0 
//  XDA version: 2022.2.0 build 7381 rev 124627 built on 2023-07-19
// Device information: 
//  DeviceId: 00B4CAF0
//  ProductCode: MTW2-3A7G6
//  Firmware Version: 4.6.0
//  Hardware Version: 2.0.0
// Device settings: 
//  Filter Profile: human(46.1)
//  Option Flags: Orientation Smoother Disabled, Position/Velocity Smoother Disabled, Continuous Zero Rotation Update Disabled, AHS Disabled, ICC Disabled
// Coordinate system: ENU
PacketCounter	Acc_X	Acc_Y	Acc_Z	Gyr_X	Gyr_Y	Gyr_Z	Mat[1][1]	Mat[2][1]	Mat[3][1]	Mat[1][2]	Mat[2][2]	Mat[3][2]	Mat[1][3]	Mat[2][3]	Mat[3][3]
42077	4.247762	-1.126378	9.341131	0.025056	-0.004691	-0.019091	-0.857259	-0.285272	0.428634	0.269135	-0.957970	-0.099300	0.438945	0.030235	0.898005
42078	4.185352	-1.133698	9.305209	0.026344	-0.000759	-0.016341	-0.857324	-0.285113	0.428609	0.269089	-0.958011	-0.099028	0.438846	0.030435	0.898047
42079	4.168634	-1.158045	9.293566	0.026128	-0.000668	-0.021966	-0.857375	-0.284887	0.428658	0.268984	-0.958071	-0.098732	0.438812	0.030652	0.898056
42080	4.185275	-1.184706	9.290936	0.032782	-0.002683	-0.023114	-0.857450	-0.284663	0.428657	0.268908	-0.958129	-0.098373	0.438712	0.030919	0.898096
42081	4.228742	-1.123803	9.348313	0.033427	-0.000715	-0.021737	-0.857499	-0.284439	0.428706	0.268836	-0.958186	-0.098013	0.438659	0.031206	0.898112
42082	4.257379	-1.082196	9.321152	0.034849	0.002616	-0.020595	-0.857591	-0.284241	0.428655	0.268791	-0.958236	-0.097647	0.438508	0.031477	0.898176
42083	4.160590	-1.144002	9.261786	0.032673	0.001798	-0.020931	-0.857649	-0.284026	0.428680	0.268723	-0.958291	-0.097297	0.438435	0.031750	0.898202
42084	4.169874	-1.138550	9.295419	0.030207	-0.001679	-0.018619	-0.857717	-0.283845	0.428666	0.268674	-0.958336	-0.096981	0.438334	0.031989	0.898243
42085	4.190866	-1.123400	9.289454	0.029432	-0.003039	-0.018381	-0.857747	-0.283653	0.428732	0.268614	-0.958385	-0.096671	0.438311	0.032244	0.898245
42086	4.220889	-1.106625	9.316750	0.026143	-0.000661	-0.021943	-0.857828	-0.283440	0.428711	0.268518	-0.958441	-0.096378	0.438212	0.032441	0.898286
42087	4.300829	-1.065280	9.364951	0.021884	0.002090	-0.014829	-0.857871	-0.283284	0.428728	0.268455	-0.958481	-0.096151	0.438166	0.032609	0.898302
42088	4.267791	-1.002381	9.371095	0.015613	0.011151	-0.008542	-0.857967	-0.283204	0.428588	0.268429	-0.958503	-0.096011	0.437993	0.032671	0.898384
42089	4.202485	-1.127303	9.306399	0.014717	0.014266	-0.006141	-0.858040	-0.283135	0.428487	0.268408	-0.958521	-0.095885	0.437862	0.032736	0.898446
42090	4.160087	-1.148820	9.319605	0.015631	0.015022	-0.007980	-0.858152	-0.283062	0.428312	0.268387	-0.958541	-0.095747	0.437657	0.032788	0.898544
42091	4.237484	-1.084452	9.313583	0.018923	0.012649	-0.004411	-0.858214	-0.283009	0.428224	0.268400	-0.958553	-0.095591	0.437528	0.032898	0.898603
42092	4.215633	-1.094409	9.320572	0.013044	0.016021	-0.003504	-0.858318	-0.282979	0.428035	0.268405	-0.958561	-0.095495	0.437321	0.032921	0.898703
42093	4.238251	-1.097415	9.297206	0.013334	0.018678	-0.006153	-0.858410	-0.282911	0.427894	0.268379	-0.958580	-0.095382	0.437155	0.032961	0.898782
42094	4.153180	-1.117988	9.268286	0.020496	0.019246	-0.004315	-0.858530	-0.282874	0.427677	0.268410	-0.958588	-0.095216	0.436900	0.033046	0.898903
42095	4.152834	-1.139772	9.323950	0.021808	0.014310	-0.011526	-0.858618	-0.282754	0.427581	0.268374	-0.958619	-0.095004	0.436750	0.033179	0.898971
42096	4.214361	-1.126436	9.360954	0.022587	0.015674	-0.011758	-0.858743	-0.282645	0.427403	0.268350	-0.958647	-0.094788	0.436520	0.033295	0.899078
42097	4.171308	-1.064999	9.334159	0.024492	0.017713	-0.008204	-0.858836	-0.282557	0.427273	0.268355	-0.958667	-0.094566	0.436333	0.033444	0.899164
42098	4.177084	-1.094483	9.299109	0.023368	0.017038	-0.011988	-0.858967	-0.282446	0.427083	0.268332	-0.958696	-0.094342	0.436089	0.033563	0.899277
42099	4.192079	-1.122150	9.297268	0.023216	0.013776	-0.010939	-0.859051	-0.282331	0.426991	0.268307	-0.958725	-0.094120	0.435939	0.033711	0.899345
42100	4.198696	-1.093665	9.276689	0.022107	0.016971	-0.014165	-0.859187	-0.282200	0.426803	0.268260	-0.958759	-0.093898	0.435699	0.033818	0.899457
42101	4.152604	-1.097979	9.308022	0.026452	0.014750	-0.014033	-0.859283	-0.282055	0.426705	0.268223	-0.958796	-0.093634	0.435533	0.033994	0.899531
42102	4.143847	-1.120755	9.330251	0.026425	0.007009	-0.015144	-0.859379	-0.281911	0.426608	0.268186	-0.958832	-0.093369	0.435367	0.034170	0.899604
42103	4.213934	-1.081205	9.345518	0.021166	0.008477	-0.013435	-0.859446	-0.281771	0.426565	0.268131	-0.958868	-0.093155	0.435268	0.034314	0.899647
42104	4.315845	-1.020866	9.315154	0.016407	0.012525	-0.008753	-0.859548	-0.281690	0.426412	0.268105	-0.958889	-0.093008	0.435082	0.034378	0.899734
42105	4.186791	-0.991064	9.330899	0.010120	0.021590	-0.002492	-0.859643	-0.281658	0.426242	0.268096	-0.958899	-0.092940	0.434900	0.034378	0.899822
42106	4.196373	-1.120551	9.318227	0.004222	0.021086	-0.002155	-0.859765	-0.281644	0.426006	0.268074	-0.958906	-0.092931	0.434673	0.034302	0.899935
42107	4.203937	-1.060157	9.366917	0.004222	0.021086	-0.002153	-0.859857	-0.281616	0.425839	0.268042	-0.958916	-0.092917	0.434511	0.034247	0.900015
42108	4.259242	-1.066794	9.352877	0.005845	0.024348	0.004607	-0.859974	-0.281667	0.425568	0.268085	-0.958903	-0.092923	0.434252	0.034177	0.900143
42109	4.160943	-1.075012	9.308612	-0.001022	0.026427	0.000109	-0.860083	-0.281662	0.425351	0.268050	-0.958909	-0.092966	0.434058	0.034057	0.900241
42110	4.087975	-1.111551	9.294924	0.004380	0.024352	-0.003195	-0.860222	-0.281639	0.425086	0.268020	-0.958919	-0.092952	0.433802	0.033972	0.900367
42111	4.202251	-1.090880	9.335203	0.008585	0.022741	-0.001455	-0.860318	-0.281618	0.424904	0.268012	-0.958926	-0.092902	0.433615	0.033954	0.900458
42112	4.191852	-1.034022	9.317344	0.005629	0.020553	-0.001567	-0.860436	-0.281609	0.424672	0.268002	-0.958931	-0.092884	0.433388	0.033892	0.900570
42113	4.131945	-1.084454	9.318795	0.004229	0.021091	-0.002145	-0.860527	-0.281581	0.424506	0.267970	-0.958941	-0.092870	0.433226	0.033837	0.900650
42114	4.170785	-1.118729	9.292863	0.005476	0.017290	-0.000518	-0.860628	-0.281581	0.424302	0.267967	-0.958943	-0.092858	0.433029	0.033783	0.900747
42115	4.269544	-1.009995	9.350152	0.002689	0.022238	-0.001120	-0.860721	-0.281563	0.424124	0.267937	-0.958951	-0.092863	0.432861	0.033710	0.900830
42116	4.226247	-1.033211	9.363451	-0.001313	0.023778	0.002765	-0.860841	-0.281596	0.423859	0.267934	-0.958945	-0.092926	0.432626	0.033572	0.900948
42117	4.160552	-1.103020	9.313705	-0.011340	0.029295	0.009139	-0.860937	-0.281679	0.423608	0.267931	-0.958929	-0.093100	0.432435	0.033345	0.901048
42118	4.204700	-1.005173	9.368182	-0.010094	0.025495	0.010768	-0.861042	-0.281790	0.423321	0.267959	-0.958904	-0.093277	0.432208	0.033117	0.901165
42119	4.080552	-1.044609	9.278458	-0.012256	0.028544	0.010981	-0.861131	-0.281890	0.423074	0.267969	-0.958883	-0.093467	0.432026	0.032883	0.901261
42120	4.052886	-1.157726	9.274460	-0.011665	0.018896	0.010677	-0.861208	-0.281998	0.422846	0.267988	-0.958859	-0.093658	0.431861	0.032659	0.901349
42121	4.076228	-1.105225	9.265361	-0.003334	0.011260	0.006374	-0.861233	-0.282048	0.422760	0.267997	-0.958848	-0.093748	0.431804	0.032559	0.901380
42122	4.100419	-1.133921	9.296456	0.000811	0.009112	0.000888	-0.861294	-0.282059	0.422629	0.267986	-0.958847	-0.093785	0.431689	0.032482	0.901437
42123	4.062308	-1.172797	9.291084	0.007757	0.005887	-0.003437	-0.861323	-0.282013	0.422600	0.267959	-0.958860	-0.093734	0.431649	0.032504	0.901456
42124	4.082637	-1.159631	9.285267	0.019966	0.001194	-0.009457	-0.861377	-0.281923	0.422550	0.267941	-0.958882	-0.093555	0.431551	0.032632	0.901498
42125	4.082519	-1.156923	9.285657	0.027229	0.004500	-0.015868	-0.861434	-0.281757	0.422546	0.267891	-0.958923	-0.093276	0.431470	0.032845	0.901529
42126	4.158697	-1.098660	9.352087	0.031811	-0.010562	-0.020609	-0.861467	-0.281556	0.422612	0.267828	-0.958973	-0.092944	0.431442	0.033120	0.901533
42127	4.217292	-1.043858	9.351819	0.031379	0.002354	-0.021348	-0.861529	-0.281337	0.422632	0.267748	-0.959028	-0.092604	0.431369	0.033378	0.901558
42128	4.176146	-1.063270	9.364519	0.031381	0.002357	-0.021344	-0.861620	-0.281133	0.422582	0.267678	-0.959080	-0.092272	0.431231	0.033612	0.901615
42129	4.212568	-1.077713	9.356512	0.037275	0.013951	-0.027218	-0.861747	-0.280862	0.422502	0.267572	-0.959150	-0.091855	0.431042	0.033894	0.901695
42130	4.144322	-1.043887	9.284224	0.043181	0.014463	-0.027533	-0.861907	-0.280603	0.422349	0.267499	-0.959214	-0.091391	0.430768	0.034207	0.901814
42131	4.084895	-1.147361	9.271505	0.049815	0.015801	-0.035303	-0.862064	-0.280255	0.422260	0.267378	-0.959302	-0.090826	0.430529	0.034605	0.901913
42132	4.080470	-1.124644	9.290522	0.058307	0.007565	-0.041178	-0.862230	-0.279862	0.422181	0.267251	-0.959399	-0.090169	0.430275	0.035082	0.902016
42133	4.122623	-1.059812	9.348323	0.062377	0.006579	-0.037813	-0.862354	-0.279487	0.422177	0.267162	-0.959488	-0.089480	0.430082	0.035626	0.902087
42134	4.104625	-1.113832	9.268391	0.072540	0.003794	-0.052411	-0.862534	-0.278986	0.422141	0.267000	-0.959611	-0.088647	0.429822	0.036251	0.902186
42135	4.205839	-1.019310	9.380483	0.083298	0.004699	-0.049586	-0.862681	-0.278497	0.422163	0.266898	-0.959724	-0.087719	0.429590	0.037001	0.902266
42136	4.163597	-1.008713	9.339128	0.087933	0.012354	-0.058181	-0.862912	-0.277943	0.422054	0.266751	-0.959856	-0.086723	0.429215	0.037749	0.902413
42137	4.234137	-1.042840	9.396129	0.084705	0.011397	-0.055070	-0.863103	-0.277404	0.422020	0.266608	-0.959982	-0.085760	0.428922	0.038494	0.902521
42138	4.182880	-0.918346	9.349817	0.084591	0.019778	-0.052351	-0.863350	-0.276909	0.421838	0.266496	-0.960097	-0.084819	0.428493	0.039190	0.902695
42139	4.119899	-1.001584	9.355940	0.082132	0.016308	-0.050023	-0.863548	-0.276420	0.421755	0.266385	-0.960208	-0.083900	0.428164	0.039897	0.902820
42140	4.155859	-1.010499	9.348918	0.079342	0.017382	-0.051171	-0.863782	-0.275936	0.421592	0.266260	-0.960320	-0.083011	0.427769	0.040549	0.902978
42141	4.213447	-0.914712	9.418560	0.082941	0.017703	-0.050208	-0.863986	-0.275446	0.421495	0.266149	-0.960431	-0.082084	0.427426	0.041261	0.903108
42142	4.199069	-0.949786	9.390807	0.071035	0.025589	-0.039683	-0.864224	-0.275076	0.421248	0.266087	-0.960513	-0.081319	0.426983	0.041811	0.903292
42143	4.213692	-0.972061	9.390229	0.064692	0.023035	-0.035108	-0.864410	-0.274734	0.421090	0.266028	-0.960588	-0.080620	0.426643	0.042333	0.903429
42144	4.178514	-0.904591	9.396312	0.056169	0.027395	-0.029816	-0.864630	-0.274459	0.420818	0.265987	-0.960649	-0.080031	0.426224	0.042735	0.903608
42145	4.121522	-0.942981	9.326005	0.047162	0.029153	-0.027488	-0.864821	-0.274193	0.420598	0.265919	-0.960710	-0.079523	0.425877	0.043072	0.903755
42146	4.190318	-0.923370	9.397348	0.044542	0.026290	-0.023580	-0.865019	-0.273978	0.420331	0.265881	-0.960758	-0.079066	0.425498	0.043365	0.903920
42147	4.096271	-0.886108	9.349039	0.043623	0.029423	-0.021204	-0.865195	-0.273772	0.420103	0.265852	-0.960803	-0.078616	0.425159	0.043667	0.904065
42148	4.094283	-0.997945	9.323048	0.036162	0.018394	-0.021500	-0.865354	-0.273574	0.419906	0.265797	-0.960849	-0.078243	0.424871	0.043902	0.904189
42149	4.137699	-0.927847	9.307687	0.047216	0.018111	-0.021849	-0.865483	-0.273357	0.419780	0.265777	-0.960894	-0.077758	0.424620	0.044270	0.904289
42150	4.086412	-0.890432	9.301595	0.042083	0.018941	-0.021783	-0.865644	-0.273156	0.419578	0.265744	-0.960937	-0.077330	0.424311	0.044560	0.904419
42151	4.090038	-0.983236	9.326474	0.042866	0.012554	-0.023078	-0.865753	-0.272925	0.419503	0.265695	-0.960987	-0.076879	0.424119	0.044901	0.904492
42152	4.097778	-0.917414	9.374269	0.045829	0.010889	-0.023484	-0.865885	-0.272705	0.419375	0.265663	-0.961033	-0.076411	0.423871	0.045249	0.904592
42153	4.105040	-0.886952	9.353144	0.038993	0.005719	-0.021887	-0.865962	-0.272482	0.419361	0.265607	-0.961081	-0.076000	0.423749	0.045572	0.904633
42154	4.225371	-0.900561	9.430900	0.031075	0.008177	-0.015806	-0.866062	-0.272334	0.419251	0.265579	-0.961113	-0.075698	0.423563	0.045785	0.904709
42155	4.257265	-0.841214	9.454619	0.024227	0.018524	-0.012091	-0.866167	-0.272211	0.419114	0.265545	-0.961141	-0.075462	0.423369	0.045931	0.904792
42156	4.213558	-0.839358	9.412931	0.015677	0.022873	-0.006842	-0.866304	-0.272157	0.418864	0.265529	-0.961155	-0.075337	0.423097	0.045956	0.904918
42157	4.141016	-0.875495	9.399492	0.012565	0.029041	-0.004307	-0.866433	-0.272114	0.418626	0.265513	-0.961167	-0.075239	0.422843	0.045962	0.905037
42158	4.125775	-0.918691	9.371687	0.009759	0.030090	-0.005490	-0.866598	-0.272075	0.418310	0.265484	-0.961180	-0.075173	0.422524	0.045910	0.905188
42159	4.090006	-0.915147	9.363540	0.016932	0.026854	-0.004116	-0.866717	-0.272033	0.418091	0.265488	-0.961190	-0.075036	0.422277	0.045964	0.905301
42160	4.045937	-0.971821	9.308575	0.021750	0.026687	-0.008180	-0.866874	-0.271967	0.417808	0.265486	-0.961205	-0.074851	0.421956	0.046036	0.905447
42161	4.073017	-0.954889	9.336862	0.026423	0.019377	-0.011708	-0.866981	-0.271848	0.417663	0.265465	-0.961230	-0.074596	0.421749	0.046201	0.905535
42162	4.054865	-0.921703	9.339798	0.027832	0.014975	-0.011641	-0.867098	-0.271744	0.417488	0.265458	-0.961252	-0.074342	0.421514	0.046364	0.905636
42163	4.061794	-0.893093	9.318611	0.027840	0.007213	-0.012696	-0.867156	-0.271611	0.417454	0.265434	-0.961280	-0.074070	0.421408	0.046576	0.905674
42164	4.103112	-0.889399	9.361911	0.028621	0.004702	-0.013458	-0.867234	-0.271484	0.417374	0.265415	-0.961306	-0.073801	0.421259	0.046774	0.905733
42165	4.099106	-0.928025	9.366569	0.028152	0.002092	-0.016407	-0.867281	-0.271312	0.417388	0.265360	-0.961343	-0.073511	0.421198	0.047003	0.905750
42166	4.144435	-0.882382	9.405519	0.027068	0.005848	-0.012454	-0.867362	-0.271196	0.417297	0.265342	-0.961367	-0.073261	0.421043	0.047183	0.905813
42167	4.160281	-0.851219	9.417484	0.025814	0.009632	-0.014113	-0.867434	-0.271050	0.417241	0.265297	-0.961399	-0.073002	0.420922	0.047368	0.905859
42168	4.167560	-0.881128	9.382844	0.024733	0.009507	-0.010689	-0.867525	-0.270953	0.417115	0.265285	-0.961419	-0.072780	0.420743	0.047516	0.905935
42169	4.100464	-0.874220	9.364501	0.025664	0.010256	-0.012515	-0.867596	-0.270822	0.417053	0.265253	-0.961447	-0.072529	0.420616	0.047698	0.905984
42170	4.029811	-0.908993	9.350382	0.028632	0.004711	-0.013441	-0.867674	-0.270696	0.416972	0.265234	-0.961473	-0.072261	0.420468	0.047896	0.906042
42171	4.125012	-0.895449	9.396849	0.027235	0.001351	-0.014559	-0.867712	-0.270542	0.416992	0.265191	-0.961505	-0.071987	0.420415	0.048118	0.906055
42172	4.115876	-0.836936	9.377177	0.023185	0.006773	-0.010210	-0.867790	-0.270448	0.416890	0.265176	-0.961524	-0.071782	0.420264	0.048258	0.906118
42173	4.091305	-0.888252	9.388097	0.018997	0.001169	-0.005843	-0.867805	-0.270377	0.416905	0.265174	-0.961537	-0.071619	0.420234	0.048401	0.906124
42174	4.094977	-0.844311	9.383979	0.018523	0.002438	-0.008267	-0.867860	-0.270300	0.416842	0.265157	-0.961553	-0.071465	0.420133	0.048507	0.906165
42175	4.078454	-0.870437	9.372838	0.017748	0.001069	-0.008030	-0.867880	-0.270208	0.416859	0.265130	-0.961573	-0.071304	0.420107	0.048639	0.906170
42176	4.091241	-0.882011	9.388713	0.021340	-0.002484	-0.007596	-0.867912	-0.270135	0.416840	0.265130	-0.961586	-0.071127	0.420041	0.048785	0.906193
42177	4.136370	-0.814341	9.371895	0.020719	-0.004476	-0.008950	-0.867912	-0.270032	0.416908	0.265109	-0.961606	-0.070935	0.420056	0.048960	0.906177
42178	4.140643	-0.828612	9.354399	0.019001	0.001173	-0.005839	-0.867954	-0.269978	0.416854	0.265114	-0.961615	-0.070787	0.419964	0.049074	0.906213
42179	4.029820	-0.888210	9.352375	0.014491	-0.003787	-0.005488	-0.867947	-0.269908	0.416914	0.265096	-0.961629	-0.070666	0.419990	0.049188	0.906195
42180	4.009323	-0.875166	9.303174	0.024167	-0.011286	-0.007441	-0.867942	-0.269832	0.416974	0.265109	-0.961640	-0.070465	0.419993	0.049385	0.906183
42181	4.080697	-0.835092	9.317362	0.014667	-0.016057	-0.008642	-0.867892	-0.269726	0.417147	0.265065	-0.961662	-0.070329	0.420124	0.049533	0.906114
42182	4.098781	-0.805243	9.328102	0.015619	-0.018589	-0.003789	-0.867846	-0.269682	0.417271	0.265074	-0.961668	-0.070220	0.420214	0.049667	0.906065
42183	4.167803	-0.830486	9.401661	0.009230	-0.021764	-0.006458	-0.867766	-0.269594	0.417494	0.265025	-0.961687	-0.070144	0.420409	0.049778	0.905968
42184	4.260525	-0.838597	9.395958	-0.001522	-0.018270	-0.001604	-0.867716	-0.269571	0.417614	0.264981	-0.961695	-0.070199	0.420541	0.049747	0.905909
42185	4.154371	-0.800512	9.402027	-0.013533	-0.011000	0.001582	-0.867660	-0.269565	0.417734	0.264907	-0.961703	-0.070362	0.420703	0.049610	0.905841
42186	4.172344	-0.890754	9.386446	-0.021166	-0.009792	0.004447	-0.867629	-0.269605	0.417773	0.264833	-0.961705	-0.070621	0.420814	0.049367	0.905803
42187	4.176834	-0.851279	9.381475	-0.025688	-0.006987	0.005843	-0.867578	-0.269642	0.417853	0.264744	-0.961708	-0.070912	0.420973	0.049102	0.905743
42188	4.165608	-0.862944	9.420549	-0.025686	-0.006985	0.005845	-0.867555	-0.269697	0.417866	0.264663	-0.961708	-0.071218	0.421072	0.048808	0.905713
42189	4.115478	-0.868994	9.344089	-0.024141	-0.000363	0.005893	-0.867533	-0.269738	0.417886	0.264581	-0.961710	-0.071495	0.421170	0.048541	0.905682
42190	4.070531	-0.878564	9.373966	-0.023663	-0.001629	0.008320	-0.867525	-0.269819	0.417849	0.264530	-0.961701	-0.071793	0.421217	0.048251	0.905676
42191	4.116089	-0.874066	9.343347	-0.022542	-0.012549	0.010535	-0.867439	-0.269899	0.417976	0.264495	-0.961690	-0.072075	0.421416	0.048032	0.905594
42192	4.142059	-0.787612	9.400497	-0.025650	-0.014144	0.012009	-0.867369	-0.270009	0.418049	0.264467	-0.961673	-0.072407	0.421577	0.047757	0.905534
42193	4.110412	-0.847102	9.376976	-0.030315	-0.014597	0.014480	-0.867264	-0.270127	0.418192	0.264434	-0.961654	-0.072775	0.421815	0.047469	0.905439
42194	4.120038	-0.883320	9.340736	-0.027794	-0.022155	0.017812	-0.867145	-0.270289	0.418334	0.264448	-0.961622	-0.073151	0.422051	0.047195	0.905343
42195	4.150886	-0.814034	9.379906	-0.028719	-0.022900	0.019646	-0.866991	-0.270452	0.418548	0.264465	-0.961588	-0.073527	0.422356	0.046944	0.905214
42196	4.157789	-0.857209	9.416301	-0.036967	-0.023678	0.021171	-0.866857	-0.270646	0.418700	0.264469	-0.961551	-0.074000	0.422630	0.046586	0.905104
42197	4.142522	-0.866608	9.348370	-0.033074	-0.024591	0.018942	-0.866697	-0.270802	0.418930	0.264462	-0.961521	-0.074412	0.422961	0.046299	0.904964
42198	4.144667	-0.870754	9.347035	-0.037734	-0.025040	0.021421	-0.866556	-0.270998	0.419095	0.264464	-0.961483	-0.074893	0.423248	0.045937	0.904848
42199	4.023048	-0.922613	9.328029	-0.037730	-0.025036	0.021428	-0.866388	-0.271178	0.419327	0.264459	-0.961448	-0.075358	0.423596	0.045606	0.904702
42200	4.054237	-0.948061	9.284813	-0.039741	-0.038140	0.017909	-0.866200	-0.271335	0.419612	0.264422	-0.961420	-0.075842	0.424002	0.045260	0.904529
42201	4.078270	-0.882364	9.289910	-0.037546	-0.045049	0.017221	-0.865958	-0.271465	0.420028	0.264381	-0.961396	-0.076287	0.424523	0.044986	0.904299
42202	3.792491	-0.958988	9.154474	-0.043917	-0.059838	0.012996	-0.865691	-0.271565	0.420513	0.264283	-0.961383	-0.076789	0.425128	0.044659	0.904031
42203	3.653631	-1.093007	9.002494	-0.044486	-0.100606	0.006396	-0.865240	-0.271567	0.421439	0.264118	-0.961392	-0.077252	0.426147	0.044468	0.903560
42204	3.876531	-1.065157	9.082248	-0.039078	-0.147977	0.005672	-0.864615	-0.271558	0.422725	0.263976	-0.961396	-0.077679	0.427500	0.044427	0.902923
42205	3.736498	-0.642874	9.084272	-0.068665	-0.180483	0.011863	-0.863805	-0.271577	0.424366	0.263753	-0.961400	-0.078382	0.429272	0.044221	0.902092
42206	3.887632	-0.863891	9.199582	-0.094846	-0.250150	0.017021	-0.862706	-0.271633	0.426561	0.263468	-0.961398	-0.079360	0.431652	0.043921	0.900970
42207	4.084919	-0.858097	9.212204	-0.090825	-0.262583	0.013380	-0.861528	-0.271632	0.428936	0.263159	-0.961408	-0.080269	0.434186	0.043725	0.899762
42208	4.048978	-0.727398	9.260640	-0.088462	-0.284860	0.010790	-0.860281	-0.271614	0.431442	0.262843	-0.961419	-0.081161	0.436841	0.043580	0.898483
42209	3.733551	-1.180852	9.016271	-0.063432	-0.311895	-0.015014	-0.858948	-0.271318	0.434275	0.262404	-0.961493	-0.081698	0.439719	0.043781	0.897068
42210	3.540202	-1.514248	8.892395	0.000390	-0.377210	-0.051706	-0.857441	-0.270657	0.437652	0.261938	-0.961636	-0.081520	0.442925	0.044739	0.895442
42211	3.657917	-1.467419	8.924637	0.091443	-0.448203	-0.097074	-0.855696	-0.269503	0.441760	0.261481	-0.961862	-0.080308	0.446556	0.046793	0.893531
42212	3.811076	-1.345141	9.067779	0.178205	-0.501360	-0.140390	-0.853838	-0.267915	0.446299	0.261056	-0.962155	-0.078146	0.450345	0.049785	0.891465
42213	4.378477	-1.051284	9.471797	0.240781	-0.560842	-0.147584	-0.851679	-0.266190	0.451426	0.260855	-0.962431	-0.075372	0.454530	0.053564	0.889120
42214	4.688336	-0.674406	9.579569	0.238913	-0.558104	-0.133359	-0.849503	-0.264602	0.456433	0.260786	-0.962655	-0.072697	0.458623	0.057275	0.886783
42215	4.692010	-0.899679	9.410082	0.223587	-0.569552	-0.116057	-0.847175	-0.263132	0.461580	0.260799	-0.962836	-0.070217	0.462902	0.060894	0.884315
42216	4.466107	-0.857149	9.453917	0.235096	-0.584833	-0.102898	-0.844748	-0.261780	0.466768	0.260997	-0.962962	-0.067715	0.467206	0.064623	0.881784
42217	4.284876	-0.856643	9.544097	0.220189	-0.639352	-0.077386	-0.841941	-0.260594	0.472469	0.261345	-0.963024	-0.065445	0.472053	0.068377	0.878914
42218	4.281898	-0.771269	9.515327	0.203000	-0.694425	-0.077645	-0.838873	-0.259364	0.478563	0.261630	-0.963087	-0.063346	0.477328	0.072067	0.875765
42219	3.802455	-0.546298	9.541638	0.163487	-0.757395	-0.069603	-0.835410	-0.258119	0.485247	0.261800	-0.963154	-0.061613	0.483271	0.075565	0.872204
42220	2.561958	0.935693	10.726486	0.060280	-0.875029	-0.178616	-0.831644	-0.255731	0.492920	0.260578	-0.963570	-0.060266	0.490375	0.078324	0.867985
42221	6.219418	0.011709	9.999537	-0.228788	-1.023681	-0.068476	-0.826748	-0.254251	0.501841	0.258844	-0.963931	-0.061936	0.499487	0.078693	0.862740
42222	5.156044	-0.715821	9.728258	-0.152223	-1.189223	-0.044599	-0.820892	-0.252882	0.512042	0.257682	-0.964169	-0.063066	0.509644	0.080173	0.856642
42223	4.510856	0.370898	9.687010	-0.262562	-1.122855	-0.003026	-0.815114	-0.251936	0.521649	0.256271	-0.964395	-0.065322	0.519533	0.080439	0.850656
42224	4.701297	-0.073838	9.790284	-0.355453	-1.190483	0.048567	-0.808773	-0.251455	0.531654	0.254773	-0.964562	-0.068636	0.530072	0.079941	0.844176
42225	5.001163	-0.846727	9.459294	-0.300637	-1.321974	0.047880	-0.801560	-0.250842	0.542752	0.253513	-0.964690	-0.071449	0.541510	0.080324	0.836848
42226	4.723691	-1.081418	9.633509	-0.338287	-1.447035	0.032211	-0.793586	-0.249995	0.554728	0.251890	-0.964885	-0.074487	0.553870	0.080619	0.828691
42227	5.494919	-2.741560	9.448528	-0.345175	-1.552545	-0.029721	-0.784951	-0.248437	0.567566	0.249685	-0.965245	-0.077193	0.567018	0.081120	0.819701
42228	5.447324	-1.617409	9.105519	-0.281004	-1.595408	-0.101184	-0.776086	-0.246166	0.580597	0.247256	-0.965729	-0.078948	0.580133	0.082285	0.810355
42229	5.709219	-1.458366	9.019629	-0.316906	-1.670189	-0.151447	-0.766645	-0.243304	0.594187	0.244190	-0.966369	-0.080638	0.593824	0.083274	0.800274
42230	5.633383	-1.350789	8.869111	-0.220698	-1.795170	-0.212868	-0.756411	-0.239743	0.608577	0.241215	-0.967072	-0.081158	0.607995	0.085409	0.789334
42231	5.641764	-1.019723	9.151870	-0.087537	-1.911281	-0.265231	-0.745277	-0.235494	0.623783	0.238647	-0.967786	-0.080235	0.622583	0.089066	0.777469
42232	5.811440	-0.961318	9.673356	-0.107811	-2.045679	-0.309151	-0.733156	-0.230654	0.639750	0.235653	-0.968608	-0.079159	0.637926	0.092723	0.764495
42233	5.746826	-0.848885	9.395324	-0.195752	-2.205227	-0.311061	-0.719623	-0.225544	0.656714	0.232090	-0.969510	-0.078649	0.654429	0.095819	0.750028
42234	5.669315	-1.277289	9.128361	-0.212629	-2.377238	-0.344603	-0.704695	-0.219900	0.674573	0.228196	-0.970488	-0.077978	0.671812	0.098984	0.734078
42235	6.349303	-1.740279	9.388974	-0.156966	-2.524613	-0.414471	-0.688432	-0.213310	0.693224	0.224200	-0.971551	-0.076304	0.689779	0.102891	0.716671
42236	6.475690	-1.858218	9.251343	-0.068324	-2.660617	-0.470915	-0.670932	-0.205948	0.712345	0.220491	-0.972614	-0.073522	0.707979	0.107737	0.697967
42237	7.363164	-1.418519	9.583767	-0.004321	-2.727248	-0.512464	-0.652484	-0.197931	0.731497	0.217027	-0.973662	-0.069872	0.726060	0.113165	0.678255
42238	7.130415	-1.323600	9.100073	-0.113544	-2.826885	-0.560493	-0.632955	-0.189231	0.750706	0.212558	-0.974882	-0.066521	0.744437	0.117464	0.657279
42239	7.779409	-2.079093	9.060289	-0.091811	-2.871719	-0.620639	-0.612607	-0.179723	0.769683	0.207959	-0.976144	-0.062414	0.762539	0.121827	0.635367
42240	7.307908	-1.840237	8.602214	-0.066985	-2.913556	-0.677977	-0.591583	-0.169511	0.788223	0.203326	-0.977416	-0.057596	0.780184	0.126194	0.612689
42241	7.222260	-1.707428	8.151174	-0.008148	-3.012051	-0.739584	-0.569291	-0.158386	0.806735	0.198926	-0.978647	-0.051761	0.797707	0.131013	0.588642
42242	8.037741	-1.070218	8.206164	-0.029389	-3.023167	-0.768873	-0.546493	-0.146859	0.824486	0.194364	-0.979864	-0.045705	0.814597	0.135273	0.564033
42243	7.576373	-1.347688	7.247079	-0.057201	-2.999060	-0.804342	-0.523347	-0.134843	0.841383	0.189547	-0.981084	-0.039333	0.830771	0.138897	0.539006
42244	7.553483	-1.282355	6.746305	0.003508	-2.993174	-0.829510	-0.499874	-0.122517	0.857389	0.185295	-0.982151	-0.032314	0.846045	0.142717	0.513654
42245	7.365318	-1.153324	5.905612	0.099678	-2.978674	-0.859642	-0.476019	-0.109735	0.872562	0.181906	-0.983013	-0.024388	0.860416	0.147115	0.487894
42246	7.366452	-1.102713	5.252449	0.242251	-2.992090	-0.876640	-0.451731	-0.096666	0.886902	0.179902	-0.983561	-0.015571	0.873827	0.152521	0.461696
42247	7.332583	-0.987395	4.654577	0.393857	-2.967309	-0.872864	-0.427168	-0.083439	0.900314	0.179487	-0.983742	-0.006011	0.886178	0.159027	0.435200
42248	7.167270	-0.858991	3.845575	0.550874	-2.948693	-0.862248	-0.402500	-0.070193	0.912725	0.180782	-0.983515	0.004085	0.897391	0.166648	0.408555
42249	7.515859	-0.737356	3.288433	0.731531	-2.940381	-0.850601	-0.377497	-0.056778	0.924269	0.184021	-0.982811	0.014785	0.907542	0.175666	0.381456
42250	7.610642	-0.574426	2.668284	0.908402	-2.862332	-0.828287	-0.353017	-0.043506	0.934605	0.189237	-0.981593	0.025784	0.916280	0.185964	0.354752
42251	7.663357	-1.130525	3.429215	1.193666	-2.714286	-0.758058	-0.329499	-0.030834	0.943652	0.197584	-0.979588	0.036983	0.923250	0.198636	0.328865
42252	17.097091	-5.506544	12.569381	1.369293	-1.981703	-0.096622	-0.311443	-0.025857	0.949913	0.209896	-0.976811	0.042229	0.926794	0.212535	0.309648
42253	17.644597	-5.026262	14.686056	1.567945	-0.076250	0.690312	-0.309214	-0.032400	0.950441	0.226500	-0.973168	0.040514	0.923626	0.227802	0.308255
42254	12.477485	-4.101542	12.246205	1.766545	1.358872	1.312104	-0.318695	-0.048405	0.946621	0.246818	-0.968480	0.033572	0.915158	0.244342	0.320597
42255	8.451634	-2.473628	9.492573	1.978733	2.316329	1.721966	-0.335278	-0.070878	0.939449	0.270389	-0.962455	0.023885	0.902485	0.262025	0.341855
42256	5.255029	-0.373200	7.594320	1.960975	2.734076	2.028164	-0.354121	-0.097787	0.930073	0.294892	-0.955457	0.011823	0.887489	0.278458	0.367184
42257	3.547518	0.517679	6.225854	1.814211	2.839982	2.228579	-0.372249	-0.127085	0.919391	0.318902	-0.947786	-0.001891	0.871626	0.292492	0.393340
42258	2.856659	0.823249	5.639663	1.680929	2.784738	2.331826	-0.388700	-0.157471	0.907808	0.342256	-0.939463	-0.016417	0.855437	0.304321	0.419065
42259	2.966581	0.554181	5.730411	1.608009	2.699126	2.334513	-0.403300	-0.187635	0.895624	0.365085	-0.930473	-0.030538	0.839084	0.314662	0.443763
42260	2.922205	0.134151	5.769696	1.654173	2.649926	2.221097	-0.417063	-0.216733	0.882658	0.387905	-0.920706	-0.042787	0.821942	0.324542	0.468064
42261	2.532524	0.251729	5.710332	1.769004	2.567493	2.031583	-0.429812	-0.243778	0.869387	0.410850	-0.910213	-0.052108	0.804030	0.334791	0.491376
42262	2.383935	0.805139	5.846485	1.828645	2.454473	1.814451	-0.441782	-0.268606	0.855967	0.433266	-0.899359	-0.058604	0.785563	0.344971	0.513699
42263	2.546458	1.173842	6.134356	1.808732	2.324361	1.586008	-0.452779	-0.290896	0.842835	0.454364	-0.888613	-0.062607	0.767167	0.354607	0.534518
42264	2.885138	1.231806	6.438192	1.719975	2.205297	1.354026	-0.463339	-0.310838	0.829878	0.473583	-0.878377	-0.064592	0.749024	0.363088	0.554194
42265	3.660296	0.824851	7.000744	1.614958	2.128615	1.126081	-0.473655	-0.328462	0.817168	0.490774	-0.868876	-0.064779	0.731294	0.370362	0.572748
42266	4.455553	0.240812	7.564740	1.553385	2.113991	0.907830	-0.484526	-0.344269	0.804185	0.506323	-0.860031	-0.063114	0.713352	0.376597	0.591019
42267	5.028185	-0.425303	8.019548	1.538338	2.157329	0.707801	-0.496075	-0.358491	0.790819	0.520588	-0.851729	-0.059542	0.694908	0.382154	0.609148
42268	5.241404	-0.726774	8.388269	1.532782	2.210703	0.512282	-0.508652	-0.371399	0.776747	0.533645	-0.843977	-0.054088	0.675645	0.386995	0.627486
42269	5.519437	-1.071298	8.498539	1.504972	2.239497	0.352766	-0.521654	-0.383057	0.762328	0.545447	-0.836813	-0.047240	0.656022	0.391167	0.645464
42270	5.764849	-1.401999	8.684036	1.446839	2.248343	0.213517	-0.535131	-0.393731	0.747403	0.555901	-0.830314	-0.039390	0.636088	0.394403	0.663202
42271	6.195521	-1.682807	8.857713	1.348524	2.234926	0.104069	-0.548540	-0.403411	0.732369	0.564876	-0.824589	-0.031120	0.616457	0.396626	0.680197
42272	6.910162	-1.946124	9.205009	1.204036	2.232849	0.049563	-0.561931	-0.412746	0.716851	0.572434	-0.819623	-0.023195	0.597121	0.397315	0.696841
42273	7.732918	-2.348570	9.550765	1.029961	2.254076	0.053969	-0.574865	-0.422111	0.700966	0.578761	-0.815334	-0.016338	0.578417	0.396299	0.713008
42274	8.213220	-2.796293	9.538953	0.865631	2.313974	0.109405	-0.587517	-0.432201	0.684125	0.584299	-0.811466	-0.010862	0.559838	0.393352	0.729284
42275	8.071725	-3.291472	9.322837	0.742509	2.345752	0.203839	-0.599236	-0.443008	0.666829	0.589565	-0.807693	-0.006787	0.541599	0.389072	0.745180
42276	7.910451	-3.732184	9.047076	0.660575	2.306572	0.310547	-0.609793	-0.454488	0.649302	0.594935	-0.803764	-0.003872	0.523646	0.383931	0.760521
42277	7.945615	-3.918455	8.961718	0.620910	2.230663	0.428785	-0.618714	-0.466411	0.632182	0.600735	-0.799446	-0.001878	0.506271	0.378612	0.774818
42278	8.119807	-3.928716	8.894534	0.601121	2.147985	0.533833	-0.626282	-0.478803	0.615239	0.607026	-0.794682	-0.000531	0.489174	0.373133	0.788341
42279	8.259392	-3.724267	8.906179	0.571305	2.079115	0.625442	-0.632462	-0.491438	0.598733	0.613679	-0.789555	0.000186	0.472641	0.367548	0.800949
42280	8.630578	-3.366253	9.177243	0.527394	2.025493	0.691252	-0.637696	-0.504323	0.582239	0.620495	-0.784210	0.000331	0.456431	0.361487	0.813018
42281	9.455640	-2.837173	9.645103	0.450537	2.039400	0.739662	-0.642228	-0.517386	0.565557	0.627221	-0.778841	-0.000252	0.440610	0.354567	0.824709
42282	9.935805	-2.209830	9.936814	0.338928	2.160529	0.758213	-0.646875	-0.530896	0.547450	0.633551	-0.773699	-0.001691	0.424459	0.345744	0.836837
42283	9.727949	-1.537866	9.835531	0.182373	2.306351	0.742640	-0.651754	-0.544454	0.528003	0.639105	-0.769108	-0.004176	0.408365	0.334727	0.849232
42284	9.194705	-0.844032	9.518113	-0.009971	2.431861	0.686903	-0.657158	-0.557753	0.507007	0.643539	-0.765373	-0.007854	0.392430	0.321117	0.861906
42285	8.571483	-0.349965	8.973091	-0.230625	2.498068	0.600996	-0.662898	-0.570151	0.485277	0.646592	-0.762728	-0.012869	0.377472	0.305245	0.874266
42286	8.043045	-0.200319	8.419723	-0.444873	2.502068	0.479070	-0.669132	-0.581261	0.463032	0.648115	-0.761303	-0.019096	0.363607	0.287320	0.886136
42287	7.691155	-0.015786	7.803019	-0.627408	2.441246	0.312850	-0.675832	-0.590407	0.441215	0.647950	-0.761234	-0.026137	0.351299	0.268221	0.897021
42288	7.503843	0.227909	7.153862	-0.806477	2.312722	0.113124	-0.683158	-0.597280	0.420181	0.645911	-0.762658	-0.033938	0.340725	0.248214	0.906805
42289	7.373750	0.438708	6.517802	-0.991505	2.135680	-0.108086	-0.691045	-0.601521	0.400786	0.641806	-0.765685	-0.042562	0.332478	0.227815	0.915182
42290	7.474940	0.438842	6.071446	-1.177451	1.907295	-0.346326	-0.699591	-0.603041	0.383295	0.635503	-0.770341	-0.052063	0.326664	0.207162	0.922157
42291	7.643956	0.090214	5.702433	-1.314770	1.676764	-0.594213	-0.708792	-0.601733	0.368146	0.627021	-0.776529	-0.062027	0.323199	0.186871	0.927697
42292	7.794572	-0.235395	5.492948	-1.393737	1.451318	-0.848843	-0.718789	-0.597704	0.355095	0.616457	-0.784094	-0.071962	0.321440	0.167176	0.932056
42293	7.917732	-0.469117	5.466424	-1.434144	1.235391	-1.078694	-0.729344	-0.591133	0.344411	0.604012	-0.792785	-0.081615	0.321289	0.148503	0.935265
42294	8.082784	-0.578860	5.366495	-1.478151	1.041196	-1.264473	-0.740279	-0.582522	0.335642	0.589951	-0.802272	-0.091206	0.322406	0.130494	0.937564
42295	8.177144	-0.965479	5.234859	-1.514577	0.860827	-1.393679	-0.751182	-0.572306	0.328925	0.574630	-0.812179	-0.100823	0.324848	0.113274	0.938958
42296	8.255049	-1.510661	5.212732	-1.515403	0.699904	-1.481340	-0.761889	-0.560953	0.323817	0.558463	-0.822167	-0.110277	0.328091	0.096821	0.939671
42297	8.363764	-2.013445	5.425091	-1.466594	0.554922	-1.536308	-0.772173	-0.548726	0.320387	0.541813	-0.832011	-0.119147	0.331945	0.081588	0.939764
42298	8.413403	-2.210141	5.642559	-1.402835	0.441464	-1.560885	-0.781998	-0.536008	0.318080	0.524985	-0.841522	-0.127406	0.335962	0.067356	0.939464
42299	8.335055	-2.244765	5.846482	-1.358331	0.348403	-1.540681	-0.791136	-0.523171	0.316855	0.508247	-0.850516	-0.135308	0.340279	0.053993	0.938773
42300	8.184366	-2.289936	6.039281	-1.352416	0.267370	-1.491055	-0.799526	-0.510565	0.316355	0.491739	-0.858863	-0.143343	0.344892	0.040958	0.937748
42301	7.989299	-2.505670	6.169647	-1.364402	0.210144	-1.404135	-0.807048	-0.498511	0.316481	0.475693	-0.866428	-0.151722	0.349843	0.028101	0.936387
42302	7.377991	-2.833465	6.109871	-1.367974	0.164977	-1.305318	-0.813753	-0.487204	0.316920	0.460277	-0.873154	-0.160458	0.354896	0.015298	0.934781
42303	6.757527	-3.078215	5.965852	-1.339314	0.102356	-1.195820	-0.819535	-0.476723	0.317959	0.445695	-0.879048	-0.169206	0.360165	0.003043	0.932884
42304	6.359812	-3.174786	5.977410	-1.299664	0.015560	-1.074496	-0.824318	-0.467260	0.319637	0.432127	-0.884078	-0.177967	0.365741	-0.008578	0.930677
42305	5.993713	-3.172386	6.046677	-1.248651	-0.079343	-0.951563	-0.828076	-0.458826	0.322132	0.419632	-0.888317	-0.186555	0.371751	-0.019305	0.928132
42306	5.808849	-3.082873	6.272440	-1.198760	-0.165764	-0.826837	-0.830885	-0.451516	0.325213	0.408258	-0.891781	-0.195069	0.378096	-0.029309	0.925302
42307	5.665412	-3.120775	6.505846	-1.133153	-0.234702	-0.709829	-0.832849	-0.445244	0.328818	0.398002	-0.894585	-0.203252	0.384652	-0.038408	0.922262
42308	5.611112	-2.984353	6.849741	-1.042522	-0.281405	-0.608866	-0.834157	-0.439920	0.332645	0.388860	-0.896828	-0.210921	0.391114	-0.046589	0.919162
42309	5.599740	-2.751127	7.210546	-0.968066	-0.304693	-0.514523	-0.834932	-0.435442	0.336569	0.380720	-0.898597	-0.218118	0.397417	-0.053976	0.916049
42310	5.620304	-2.403783	7.576110	-0.913588	-0.308897	-0.429682	-0.835317	-0.431766	0.340328	0.373447	-0.899925	-0.225106	0.403463	-0.060940	0.912965
42311	5.646427	-2.126385	7.873884	-0.890644	-0.293361	-0.345575	-0.835401	-0.428831	0.343815	0.366911	-0.900842	-0.232077	0.409245	-0.067727	0.909907
42312	5.674808	-1.946683	8.030275	-0.892485	-0.262433	-0.267967	-0.835295	-0.426614	0.346820	0.360968	-0.901341	-0.239345	0.414711	-0.074733	0.906879
42313	5.629088	-1.828006	8.132269	-0.893436	-0.236520	-0.190727	-0.834987	-0.425068	0.349448	0.355616	-0.901457	-0.246805	0.419921	-0.081809	0.903866
42314	-2.905935	-13.876152	14.143853	-0.864846	0.151049	0.316224	-0.834497	-0.427795	0.347284	0.354587	-0.899352	-0.255801	0.421761	-0.090323	0.902197
42315	-5.679407	-23.851026	9.281322	4.632916	-1.214178	-0.205482	-0.830159	-0.426743	0.358785	0.372235	-0.903331	-0.213153	0.415063	-0.043398	0.908757
42316	1.677284	7.449544	23.846018	3.840605	-0.510863	0.059636	-0.827837	-0.427433	0.363299	0.388445	-0.904023	-0.178474	0.404716	-0.006625	0.914418
42317	-2.821737	0.338686	10.541663	2.433864	-0.147417	1.001144	-0.823265	-0.436442	0.362979	0.406429	-0.899592	-0.159844	0.396296	0.015931	0.917985
42318	-7.068856	3.928094	1.626668	2.583147	-1.089439	0.905655	-0.815204	-0.444263	0.371583	0.424040	-0.894825	-0.139561	0.394503	0.043795	0.917850
42319	-0.772349	6.076507	6.803614	1.470883	-2.001972	1.111059	-0.802410	-0.453061	0.388425	0.438874	-0.889043	-0.130358	0.404387	0.065869	0.912213
42320	9.433383	3.663866	12.745642	0.858637	-2.123439	1.410621	-0.787403	-0.463991	0.405842	0.453594	-0.881933	-0.128247	0.417431	0.083105	0.904900
42321	12.492353	2.690771	13.849081	0.876449	-1.434219	1.270299	-0.775513	-0.473842	0.417196	0.467181	-0.875195	-0.125598	0.424642	0.097503	0.900096
42322	11.142689	4.521283	13.651483	0.825756	-0.799486	0.834088	-0.768185	-0.480314	0.423309	0.477112	-0.870368	-0.121753	0.426914	0.108437	0.897767
42323	9.580393	7.175500	13.013604	0.634844	-0.316347	0.440357	-0.764719	-0.483771	0.425642	0.483166	-0.867546	-0.117958	0.426329	0.115451	0.897171
42324	6.969022	7.480777	10.576760	0.285489	-0.039071	0.199606	-0.763600	-0.485462	0.425725	0.485883	-0.866252	-0.116300	0.425244	0.118046	0.897348
42325	5.187142	6.438241	9.880318	0.016072	0.010052	-0.100172	-0.764127	-0.484591	0.425772	0.485157	-0.866731	-0.115762	0.425127	0.118109	0.897394
42326	4.994555	2.104557	10.390626	-0.234397	0.049114	-0.186245	-0.765255	-0.483032	0.425518	0.482713	-0.867914	-0.117108	0.425880	0.115786	0.897340
42327	4.689253	-2.462893	9.728741	-0.223854	0.057399	-0.174813	-0.766339	-0.481564	0.425231	0.480390	-0.869025	-0.118406	0.426557	0.113538	0.897306
42328	4.329738	-4.914851	9.177829	-0.134786	0.039125	-0.062283	-0.766822	-0.481065	0.424924	0.479316	-0.869485	-0.119383	0.426896	0.112127	0.897322
42329	4.044613	-4.136058	8.987777	0.015431	0.007521	0.012819	-0.766790	-0.481169	0.424863	0.479450	-0.869418	-0.119332	0.426803	0.112198	0.897358
42330	3.839771	-1.305568	9.070252	0.076766	-0.016545	0.000424	-0.766734	-0.481155	0.424982	0.479758	-0.869337	-0.118685	0.426558	0.112889	0.897388
42331	4.219620	0.198899	9.376477	0.032558	-0.015594	-0.018049	-0.766751	-0.480965	0.425165	0.479728	-0.869399	-0.118349	0.426559	0.113219	0.897345
42332	4.354324	-1.299738	9.161130	-0.003203	0.008330	-0.048504	-0.767036	-0.480553	0.425117	0.479320	-0.869643	-0.118210	0.426506	0.113096	0.897386
42333	3.821139	-2.659186	8.822527	0.033189	0.007272	-0.081965	-0.767457	-0.479833	0.425170	0.478803	-0.870011	-0.117597	0.426330	0.113322	0.897441
42334	3.426128	-3.458722	8.707513	0.106872	-0.039098	-0.112813	-0.767847	-0.478807	0.425623	0.478370	-0.870437	-0.116198	0.426115	0.114383	0.897409
42335	3.609071	-2.498316	8.977422	0.193163	-0.101886	-0.148646	-0.768121	-0.477380	0.426730	0.478021	-0.870936	-0.113865	0.426011	0.116524	0.897182
42336	4.169555	-0.976832	9.312029	0.208309	-0.137746	-0.179966	-0.768410	-0.475652	0.428137	0.477503	-0.871556	-0.111271	0.426072	0.118935	0.896837
42337	4.601451	-0.869382	9.420857	0.172476	-0.136381	-0.176182	-0.768667	-0.473937	0.429575	0.476854	-0.872197	-0.109003	0.426335	0.121058	0.896428
42338	4.468817	-0.960149	9.364624	0.151251	-0.124282	-0.149381	-0.768865	-0.472484	0.430820	0.476328	-0.872727	-0.107048	0.426567	0.122906	0.896066
42339	4.409958	-0.566382	9.385929	0.126220	-0.129618	-0.135740	-0.768955	-0.471124	0.432147	0.475793	-0.873224	-0.105365	0.427001	0.124591	0.895627
42340	4.385681	-0.686813	9.314470	0.097571	-0.139272	-0.119178	-0.768943	-0.469910	0.433488	0.475270	-0.873670	-0.104018	0.427605	0.126040	0.895136
42341	4.375503	-0.985687	9.364663	0.090019	-0.135760	-0.104797	-0.768857	-0.468806	0.434833	0.474819	-0.874060	-0.102791	0.428259	0.127435	0.894625
42342	4.515677	-0.792415	9.410048	0.085653	-0.131092	-0.092078	-0.768749	-0.467835	0.436069	0.474455	-0.874389	-0.101666	0.428857	0.128739	0.894152
