// General information: 
//  MT Manager version: 2022.2.0 
//  XDA version: 2022.2.0 build 7381 rev 124627 built on 2023-07-19
// Device information: 
//  DeviceId: 00B4CBA7
//  ProductCode: MTW2-3A7G6
//  Firmware Version: 4.6.0
//  Hardware Version: 2.0.0
// Device settings: 
//  Filter Profile: human(46.1)
//  Option Flags: Orientation Smoother Disabled, Position/Velocity Smoother Disabled, Continuous Zero Rotation Update Disabled, AHS Disabled, ICC Disabled
// Coordinate system: ENU
PacketCounter	Acc_X	Acc_Y	Acc_Z	Gyr_X	Gyr_Y	Gyr_Z	Mat[1][1]	Mat[2][1]	Mat[3][1]	Mat[1][2]	Mat[2][2]	Mat[3][2]	Mat[1][3]	Mat[2][3]	Mat[3][3]
32963	9.681139	0.392300	-1.490108	-0.028505	0.012573	0.012320	-0.085745	-0.109273	0.990307	-0.611779	0.790288	0.034232	-0.786368	-0.602914	-0.134614
32964	9.679151	0.313088	-1.412555	-0.012781	0.018118	0.011427	-0.085650	-0.109090	0.990335	-0.611583	0.790442	0.034178	-0.786531	-0.602745	-0.134419
32965	9.620611	0.338338	-1.322759	0.003171	0.015797	0.012178	-0.085573	-0.108922	0.990360	-0.611598	0.790434	0.034088	-0.786527	-0.602786	-0.134256
32966	9.599677	0.290491	-1.213116	0.011146	0.018154	0.008910	-0.085456	-0.108763	0.990388	-0.611630	0.790412	0.034027	-0.786515	-0.602843	-0.134069
32967	9.578679	0.242722	-1.103604	0.018619	0.013438	0.009193	-0.085380	-0.108633	0.990409	-0.611770	0.790307	0.033946	-0.786415	-0.603004	-0.133935
32968	9.539901	0.270982	-1.042929	0.013271	0.000014	0.002737	-0.085364	-0.108636	0.990410	-0.611861	0.790237	0.033943	-0.786346	-0.603095	-0.133928
32969	9.641692	0.337354	-1.049612	0.015951	-0.009356	0.008047	-0.085460	-0.108652	0.990400	-0.611980	0.790147	0.033877	-0.786242	-0.603210	-0.134019
32970	9.681526	0.341941	-1.106937	0.002059	-0.015809	0.003798	-0.085595	-0.108728	0.990380	-0.611887	0.790219	0.033871	-0.786300	-0.603102	-0.134168
32971	9.731961	0.374999	-1.260640	-0.003540	-0.016904	0.004925	-0.085730	-0.108815	0.990358	-0.611856	0.790244	0.033862	-0.786309	-0.603054	-0.134327
32972	9.732984	0.418590	-1.342293	-0.016692	-0.017548	0.007254	-0.085888	-0.108880	0.990337	-0.611633	0.790417	0.033856	-0.786466	-0.602815	-0.134482
32973	9.743447	0.446251	-1.439770	-0.019716	-0.013748	0.009819	-0.086029	-0.108909	0.990322	-0.611470	0.790544	0.033820	-0.786577	-0.602643	-0.134604
32974	9.739012	0.313175	-1.498499	-0.014906	-0.002496	0.013276	-0.086103	-0.108845	0.990323	-0.611379	0.790618	0.033739	-0.786640	-0.602557	-0.134620
32975	9.679270	0.313949	-1.498396	-0.000829	0.000989	0.012617	-0.086145	-0.108762	0.990328	-0.611363	0.790635	0.033651	-0.786648	-0.602551	-0.134603
32976	9.680367	0.337323	-1.410034	0.003240	0.006433	0.009498	-0.086121	-0.108675	0.990340	-0.611392	0.790614	0.033591	-0.786628	-0.602593	-0.134531
32977	9.659422	0.299586	-1.385285	-0.018311	0.007669	0.009876	-0.086093	-0.108574	0.990353	-0.611241	0.790733	0.033553	-0.786748	-0.602455	-0.134442
32978	9.631315	0.346038	-1.336302	0.007045	0.010572	0.012769	-0.086060	-0.108435	0.990371	-0.611314	0.790681	0.033450	-0.786695	-0.602549	-0.134334
32979	9.600824	0.314137	-1.211411	-0.003205	0.006765	0.007469	-0.086025	-0.108359	0.990383	-0.611283	0.790706	0.033416	-0.786723	-0.602530	-0.134259
32980	9.610252	0.292772	-1.185017	-0.004172	0.001789	0.006538	-0.086022	-0.108319	0.990387	-0.611217	0.790758	0.033397	-0.786774	-0.602469	-0.134229
32981	9.629041	0.255499	-1.175118	0.010127	-0.002594	0.007525	-0.086062	-0.108299	0.990386	-0.611291	0.790703	0.033344	-0.786712	-0.602545	-0.134251
32982	9.650100	0.291826	-1.199583	0.019858	-0.005425	0.000601	-0.086086	-0.108343	0.990379	-0.611374	0.790638	0.033351	-0.786645	-0.602621	-0.134301
32983	9.700502	0.315035	-1.268431	0.022654	-0.008394	0.003682	-0.086147	-0.108388	0.990369	-0.611550	0.790504	0.033319	-0.786502	-0.602790	-0.134384
32984	9.723801	0.419878	-1.285113	0.007630	-0.003219	0.004603	-0.086177	-0.108389	0.990366	-0.611549	0.790505	0.033301	-0.786499	-0.602788	-0.134409
32985	9.721664	0.365276	-1.419675	-0.002383	-0.008288	0.009433	-0.086273	-0.108388	0.990358	-0.611523	0.790528	0.033246	-0.786509	-0.602758	-0.134483
32986	9.721649	0.364366	-1.420014	0.003883	0.001376	0.009074	-0.086289	-0.108330	0.990363	-0.611516	0.790535	0.033192	-0.786513	-0.602759	-0.134460
32987	9.701764	0.360838	-1.391669	0.003582	0.004972	0.008914	-0.086277	-0.108254	0.990372	-0.611538	0.790521	0.033134	-0.786497	-0.602791	-0.134405
32988	9.692486	0.375841	-1.374936	-0.018651	0.009142	0.010456	-0.086226	-0.108150	0.990388	-0.611447	0.790593	0.033098	-0.786573	-0.602716	-0.134297
32989	9.649407	0.276821	-1.413913	-0.020647	0.008556	0.011273	-0.086200	-0.108033	0.990403	-0.611276	0.790727	0.033049	-0.786709	-0.602561	-0.134199
32990	9.701034	0.318958	-1.350926	0.004750	0.013582	0.013425	-0.086150	-0.107863	0.990426	-0.611234	0.790764	0.032952	-0.786747	-0.602543	-0.134054
32991	9.703506	0.381443	-1.299445	-0.010816	0.016591	0.011347	-0.086061	-0.107697	0.990452	-0.611140	0.790839	0.032890	-0.786830	-0.602474	-0.133879
32992	9.662702	0.345925	-1.287956	-0.021335	0.011487	0.012434	-0.086015	-0.107556	0.990471	-0.610980	0.790965	0.032832	-0.786959	-0.602334	-0.133750
32993	9.619454	0.236961	-1.242647	-0.004917	0.014085	0.010381	-0.085941	-0.107413	0.990493	-0.610933	0.791004	0.032771	-0.787004	-0.602309	-0.133601
32994	9.570120	0.241801	-1.127569	0.011175	0.006644	0.006975	-0.085906	-0.107340	0.990504	-0.611012	0.790944	0.032721	-0.786946	-0.602399	-0.133533
32995	9.570061	0.236261	-1.085374	0.027993	-0.001589	0.001663	-0.085902	-0.107360	0.990502	-0.611232	0.790775	0.032702	-0.786776	-0.602618	-0.133551
32996	9.580463	0.249409	-1.056177	0.040775	-0.013127	-0.001274	-0.085988	-0.107453	0.990485	-0.611371	0.790668	0.032700	-0.786658	-0.602742	-0.133682
32997	9.715165	0.405512	-1.096004	0.026692	-0.016599	-0.000620	-0.086088	-0.107582	0.990462	-0.611583	0.790504	0.032706	-0.786483	-0.602934	-0.133848
32998	9.705800	0.436020	-1.207790	-0.024582	-0.020079	-0.000185	-0.086216	-0.107728	0.990435	-0.611390	0.790650	0.032777	-0.786619	-0.602716	-0.134031
32999	9.763311	0.385222	-1.385563	-0.042369	-0.016819	0.004199	-0.086347	-0.107820	0.990414	-0.611054	0.790908	0.032827	-0.786865	-0.602362	-0.134176
33000	9.781930	0.353641	-1.418844	-0.050953	-0.011966	0.007147	-0.086461	-0.107856	0.990400	-0.610627	0.791236	0.032859	-0.787184	-0.601924	-0.134271
33001	9.729261	0.280971	-1.527374	-0.029075	-0.003183	0.008125	-0.086509	-0.107834	0.990398	-0.610392	0.791418	0.032853	-0.787361	-0.601689	-0.134286
33002	9.724599	0.433056	-1.495224	0.013591	0.002997	0.011376	-0.086532	-0.107744	0.990406	-0.610440	0.791385	0.032759	-0.787322	-0.601748	-0.134252
33003	9.688215	0.519439	-1.342516	-0.000547	0.008893	0.014713	-0.086525	-0.107598	0.990422	-0.610423	0.791402	0.032649	-0.787335	-0.601752	-0.134156
33004	9.659120	0.536213	-1.339559	-0.033690	0.007310	0.018666	-0.086551	-0.107428	0.990438	-0.610098	0.791657	0.032553	-0.787585	-0.601447	-0.134060
33005	9.672059	0.326638	-1.349035	-0.024412	0.006133	0.023034	-0.086616	-0.107233	0.990454	-0.609886	0.791827	0.032393	-0.787741	-0.601258	-0.133985
33006	9.700256	0.267263	-1.312245	0.020867	0.012723	0.018506	-0.086599	-0.107037	0.990477	-0.610073	0.791690	0.032215	-0.787599	-0.601473	-0.133860
33007	9.640401	0.252216	-1.185351	0.058664	0.005510	0.019042	-0.086644	-0.106877	0.990490	-0.610519	0.791355	0.031983	-0.787248	-0.601942	-0.133817
33008	9.591215	0.265188	-1.155242	0.075240	-0.001895	0.019370	-0.086746	-0.106759	0.990494	-0.611079	0.790933	0.031732	-0.786802	-0.602518	-0.133849
33009	9.622749	0.302870	-1.066033	0.079923	-0.008537	0.023116	-0.086927	-0.106651	0.990489	-0.611689	0.790474	0.031431	-0.786308	-0.603139	-0.133951
33010	9.654507	0.355094	-1.103466	0.060954	-0.013870	0.022993	-0.087141	-0.106583	0.990478	-0.612193	0.790095	0.031160	-0.785892	-0.603648	-0.134099
33011	9.643940	0.343471	-1.177359	0.052716	-0.021971	0.023430	-0.087430	-0.106554	0.990456	-0.612587	0.789799	0.030892	-0.785553	-0.604040	-0.134326
33012	9.653178	0.329650	-1.237704	0.031853	-0.023627	0.022646	-0.087731	-0.106539	0.990431	-0.612806	0.789639	0.030659	-0.785349	-0.604252	-0.134563
33013	9.709034	0.226834	-1.293869	0.037107	-0.021076	0.022095	-0.088004	-0.106515	0.990409	-0.613078	0.789436	0.030425	-0.785105	-0.604521	-0.134776
33014	9.669014	0.228710	-1.323852	0.052740	-0.019827	0.022676	-0.088271	-0.106479	0.990389	-0.613469	0.789142	0.030166	-0.784770	-0.604910	-0.134980
33015	9.701886	0.315469	-1.358399	0.045750	-0.021664	0.017657	-0.088522	-0.106495	0.990365	-0.613814	0.788882	0.029965	-0.784472	-0.605247	-0.135201
33016	9.754729	0.399981	-1.378788	0.010218	-0.015096	0.026441	-0.088779	-0.106395	0.990353	-0.613821	0.788885	0.029726	-0.784437	-0.605260	-0.135344
33017	9.712262	0.333857	-1.415559	-0.057200	-0.010437	0.025273	-0.088989	-0.106283	0.990346	-0.613351	0.789256	0.029588	-0.784781	-0.604796	-0.135424
33018	9.737585	0.216072	-1.471979	-0.050453	-0.007353	0.020161	-0.089134	-0.106195	0.990342	-0.612933	0.789584	0.029502	-0.785091	-0.604384	-0.135469
33019	9.639254	0.246255	-1.411881	-0.034515	0.001791	0.022820	-0.089232	-0.106027	0.990351	-0.612643	0.789815	0.029358	-0.785307	-0.604112	-0.135434
33020	9.619326	0.237878	-1.341678	-0.059643	-0.001900	0.014306	-0.089304	-0.105952	0.990353	-0.612182	0.790173	0.029333	-0.785658	-0.603656	-0.135427
33021	9.578191	0.207748	-1.373599	-0.057704	-0.003444	0.014229	-0.089391	-0.105884	0.990352	-0.611717	0.790534	0.029305	-0.786010	-0.603195	-0.135438
33022	9.567497	0.179127	-1.277622	-0.042901	-0.000792	0.011651	-0.089433	-0.105827	0.990355	-0.611421	0.790763	0.029286	-0.786235	-0.602905	-0.135425
33023	9.609953	0.247334	-1.284179	-0.041215	-0.008110	0.008740	-0.089523	-0.105830	0.990346	-0.611090	0.791019	0.029290	-0.786482	-0.602569	-0.135486
33024	9.591286	0.283961	-1.294744	-0.054102	-0.007412	0.004691	-0.089597	-0.105850	0.990337	-0.610577	0.791413	0.029349	-0.786872	-0.602048	-0.135537
33025	9.657643	0.202603	-1.361495	-0.052951	-0.005403	0.000717	-0.089617	-0.105900	0.990330	-0.610161	0.791730	0.029449	-0.787193	-0.601622	-0.135568
33026	9.706735	0.192290	-1.434178	-0.027799	-0.006208	0.000010	-0.089638	-0.105960	0.990322	-0.609927	0.791907	0.029524	-0.787371	-0.601378	-0.135613
33027	9.801025	0.313980	-1.462506	-0.024224	0.003650	0.002378	-0.089596	-0.105943	0.990328	-0.609735	0.792053	0.029568	-0.787525	-0.601189	-0.135562
33028	9.744095	0.400085	-1.579415	-0.063676	0.008889	0.002111	-0.089516	-0.105889	0.990341	-0.609155	0.792496	0.029674	-0.787983	-0.600614	-0.135444
33029	9.708510	0.257337	-1.680138	-0.047267	0.015915	0.009270	-0.089420	-0.105744	0.990365	-0.608775	0.792788	0.029682	-0.788288	-0.600255	-0.135265
33030	9.728788	0.244269	-1.579702	0.012599	0.035246	0.010476	-0.089172	-0.105475	0.990416	-0.608861	0.792724	0.029603	-0.788249	-0.600386	-0.134909
33031	9.681405	0.278245	-1.415791	0.018686	0.041257	0.006544	-0.088860	-0.105199	0.990473	-0.609004	0.792617	0.029548	-0.788174	-0.600576	-0.134498
33032	9.654028	0.324780	-1.363903	0.021806	0.036818	0.009037	-0.088586	-0.104938	0.990525	-0.609217	0.792456	0.029470	-0.788040	-0.600834	-0.134131
33033	9.725016	0.339771	-1.372239	0.012392	0.043119	0.008835	-0.088273	-0.104632	0.990586	-0.609307	0.792389	0.029401	-0.788005	-0.600976	-0.133700
33034	9.590996	0.202285	-1.200127	0.002785	0.040888	0.011592	-0.087994	-0.104321	0.990643	-0.609343	0.792365	0.029316	-0.788009	-0.601062	-0.133290
33035	9.597874	0.107148	-1.136602	0.020414	0.036080	0.002888	-0.087700	-0.104104	0.990692	-0.609502	0.792243	0.029295	-0.787919	-0.601260	-0.132932
33036	9.517918	0.086832	-0.937410	0.035269	0.029354	-0.002349	-0.087428	-0.103969	0.990730	-0.609780	0.792028	0.029306	-0.787734	-0.601566	-0.132644
33037	9.531298	0.169023	-0.897487	0.044896	0.010721	-0.009724	-0.087258	-0.104006	0.990742	-0.610143	0.791746	0.029378	-0.787471	-0.601931	-0.132544
33038	9.545693	0.281140	-0.813015	0.009293	-0.000775	-0.011395	-0.087166	-0.104123	0.990737	-0.610209	0.791690	0.029517	-0.787430	-0.601984	-0.132545
33039	9.626971	0.326897	-0.921897	-0.038945	-0.017305	-0.016230	-0.087176	-0.104379	0.990710	-0.609918	0.791906	0.029765	-0.787655	-0.601656	-0.132698
33040	9.725579	0.312456	-1.109900	-0.061686	-0.024605	-0.020380	-0.087220	-0.104710	0.990671	-0.609432	0.792267	0.030084	-0.788026	-0.601122	-0.132915
33041	9.703096	0.263469	-1.260328	-0.053585	-0.027801	-0.012040	-0.087339	-0.104996	0.990630	-0.609021	0.792575	0.030310	-0.788331	-0.600667	-0.133167
33042	9.692417	0.262112	-1.376667	-0.039218	-0.023056	-0.019075	-0.087389	-0.105298	0.990594	-0.608633	0.792862	0.030587	-0.788625	-0.600235	-0.133375
33043	9.774538	0.338022	-1.440663	-0.025017	-0.020248	-0.014664	-0.087432	-0.105559	0.990562	-0.608449	0.792995	0.030800	-0.788762	-0.600013	-0.133561
33044	9.775872	0.389250	-1.563803	-0.045847	-0.008236	-0.014250	-0.087389	-0.105741	0.990546	-0.608076	0.793272	0.031036	-0.789055	-0.599615	-0.133622
33045	9.742830	0.316653	-1.658153	-0.037448	0.001360	-0.010346	-0.087288	-0.105839	0.990545	-0.607790	0.793484	0.031223	-0.789286	-0.599318	-0.133590
33046	9.781404	0.278758	-1.633586	-0.007774	0.013246	-0.006967	-0.087114	-0.105835	0.990561	-0.607687	0.793558	0.031344	-0.789384	-0.599221	-0.133445
33047	9.734967	0.358406	-1.551305	-0.005274	0.025360	-0.002090	-0.086874	-0.105723	0.990594	-0.607648	0.793585	0.031407	-0.789441	-0.599204	-0.133185
33048	9.631489	0.242884	-1.421104	-0.002937	0.024480	-0.003490	-0.086631	-0.105631	0.990625	-0.607673	0.793564	0.031476	-0.789449	-0.599249	-0.132937
33049	9.692827	0.270175	-1.372209	0.014184	0.035611	-0.004748	-0.086294	-0.105479	0.990670	-0.607789	0.793472	0.031540	-0.789395	-0.599397	-0.132581
33050	9.604990	0.305053	-1.194862	0.007595	0.029563	-0.004566	-0.086013	-0.105356	0.990708	-0.607806	0.793456	0.031610	-0.789413	-0.599440	-0.132283
33051	9.585143	0.297882	-1.122122	-0.000509	0.027871	-0.006370	-0.085727	-0.105263	0.990742	-0.607809	0.793450	0.031709	-0.789443	-0.599463	-0.132000
33052	9.643885	0.261912	-1.123904	0.014129	0.021983	-0.005962	-0.085484	-0.105204	0.990770	-0.607926	0.793357	0.031790	-0.789379	-0.599597	-0.131776
33053	9.656940	0.339383	-1.041925	0.014222	0.014752	-0.009391	-0.085284	-0.105214	0.990786	-0.608047	0.793260	0.031900	-0.789307	-0.599724	-0.131627
33054	9.667869	0.363657	-1.094656	-0.007094	0.010320	-0.008146	-0.085114	-0.105249	0.990797	-0.608066	0.793240	0.032027	-0.789311	-0.599744	-0.131514
33055	9.674941	0.285648	-1.160078	-0.029400	0.005818	-0.014379	-0.084954	-0.105352	0.990800	-0.607847	0.793399	0.032244	-0.789497	-0.599515	-0.131440
33056	9.663384	0.244606	-1.235826	-0.013490	0.001307	-0.012873	-0.084861	-0.105446	0.990798	-0.607517	0.793644	0.032431	-0.789761	-0.599174	-0.131409
33057	9.724368	0.278030	-1.231729	0.003197	-0.001862	-0.014012	-0.084763	-0.105592	0.990790	-0.607555	0.793609	0.032601	-0.789742	-0.599196	-0.131422
33058	9.770521	0.450917	-1.224941	-0.013787	0.004905	-0.013027	-0.084601	-0.105701	0.990793	-0.607531	0.793619	0.032790	-0.789778	-0.599163	-0.131357
33059	9.730067	0.438275	-1.382527	-0.055065	0.001677	-0.010927	-0.084494	-0.105801	0.990791	-0.607106	0.793935	0.033006	-0.790116	-0.598727	-0.131315
33060	9.810123	0.445504	-1.451472	-0.066984	0.013952	-0.005567	-0.084311	-0.105796	0.990807	-0.606673	0.794258	0.033185	-0.790468	-0.598298	-0.131148
33061	9.845515	0.315201	-1.521872	-0.064123	0.026747	-0.002003	-0.084060	-0.105676	0.990841	-0.606169	0.794638	0.033324	-0.790882	-0.597816	-0.130854
33062	9.694663	0.270008	-1.525344	-0.016778	0.028949	-0.000730	-0.083803	-0.105525	0.990879	-0.605951	0.794801	0.033396	-0.791076	-0.597625	-0.130549
33063	9.658292	0.356975	-1.370009	0.028572	0.030563	0.001363	-0.083542	-0.105355	0.990919	-0.606176	0.794630	0.033380	-0.790931	-0.597883	-0.130249
33064	9.591603	0.432629	-1.258573	-0.000036	0.034504	0.005893	-0.083286	-0.105118	0.990966	-0.606092	0.794695	0.033359	-0.791022	-0.597838	-0.129898
33065	9.589060	0.353672	-1.179867	-0.015514	0.030329	0.000355	-0.083021	-0.104957	0.991005	-0.605970	0.794786	0.033411	-0.791144	-0.597745	-0.129585
33066	9.603993	0.209284	-1.138080	-0.023756	0.022229	0.000747	-0.082822	-0.104841	0.991034	-0.605752	0.794949	0.033473	-0.791331	-0.597549	-0.129347
33067	9.581392	0.133188	-1.074559	0.012076	0.019280	-0.004371	-0.082616	-0.104784	0.991057	-0.605852	0.794870	0.033536	-0.791276	-0.597663	-0.129153
33068	9.556712	0.278211	-0.970312	0.040740	0.012562	-0.003089	-0.082484	-0.104746	0.991073	-0.606078	0.794698	0.033549	-0.791117	-0.597900	-0.129034
33069	9.651428	0.418920	-0.866858	0.030308	0.000247	-0.005475	-0.082422	-0.104811	0.991071	-0.606322	0.794509	0.033599	-0.790936	-0.598139	-0.129034
33070	9.624134	0.487229	-0.987035	-0.016440	-0.009156	-0.006486	-0.082430	-0.104938	0.991057	-0.606172	0.794619	0.033721	-0.791051	-0.597971	-0.129111
33071	9.647613	0.308582	-1.095071	-0.026530	-0.016349	-0.000958	-0.082527	-0.105068	0.991035	-0.605963	0.794774	0.033800	-0.791200	-0.597741	-0.129257
33072	9.695783	0.264515	-1.172896	0.002852	-0.018939	-0.008119	-0.082591	-0.105274	0.991008	-0.606026	0.794721	0.033916	-0.791145	-0.597776	-0.129436
33073	9.718325	0.341529	-1.236342	0.013640	-0.019587	-0.008284	-0.082669	-0.105481	0.990979	-0.606142	0.794629	0.034016	-0.791049	-0.597862	-0.129627
33074	9.682306	0.454720	-1.295709	0.004954	-0.018996	-0.003868	-0.082772	-0.105644	0.990953	-0.606142	0.794626	0.034084	-0.791038	-0.597837	-0.129808
33075	9.682500	0.465277	-1.381512	-0.009834	-0.019517	-0.002078	-0.082887	-0.105801	0.990927	-0.606067	0.794680	0.034153	-0.791083	-0.597737	-0.129991
33076	9.759436	0.392608	-1.377208	-0.025175	-0.010701	-0.001326	-0.082923	-0.105907	0.990912	-0.605921	0.794788	0.034240	-0.791191	-0.597575	-0.130078
33077	9.756326	0.305468	-1.516235	-0.018788	-0.001689	0.003416	-0.082930	-0.105914	0.990911	-0.605770	0.794902	0.034266	-0.791306	-0.597423	-0.130081
33078	9.726842	0.318198	-1.472242	0.008940	0.000259	0.004968	-0.082934	-0.105893	0.990913	-0.605803	0.794878	0.034242	-0.791281	-0.597458	-0.130072
33079	9.687818	0.341192	-1.369607	0.020103	0.011785	0.005443	-0.082846	-0.105803	0.990930	-0.605958	0.794761	0.034197	-0.791171	-0.597629	-0.129955
33080	9.629221	0.371588	-1.322604	0.027234	0.008506	0.006312	-0.082796	-0.105719	0.990943	-0.606107	0.794650	0.034136	-0.791062	-0.597792	-0.129871
33081	9.587767	0.325987	-1.227933	0.029321	0.013364	0.004027	-0.082687	-0.105631	0.990962	-0.606336	0.794477	0.034093	-0.790898	-0.598037	-0.129741
33082	9.567600	0.317344	-1.157062	0.040015	0.008446	0.005333	-0.082612	-0.105571	0.990974	-0.606716	0.794190	0.034029	-0.790614	-0.598429	-0.129661
33083	9.605645	0.267070	-1.048847	0.049439	0.002154	0.005545	-0.082601	-0.105538	0.990979	-0.607103	0.793898	0.033945	-0.790319	-0.598822	-0.129649
33084	9.679533	0.380128	-1.006678	0.034709	-0.007731	0.004641	-0.082662	-0.105572	0.990970	-0.607382	0.793687	0.033889	-0.790097	-0.599096	-0.129730
33085	9.609221	0.368467	-1.038161	-0.005732	-0.018990	0.001375	-0.082794	-0.105698	0.990946	-0.607336	0.793721	0.033918	-0.790119	-0.599029	-0.129910
33086	9.665505	0.273451	-1.136361	0.001054	-0.020804	0.002831	-0.082951	-0.105822	0.990919	-0.607335	0.793721	0.033922	-0.790103	-0.599006	-0.130109
33087	9.686538	0.310033	-1.162626	0.021992	-0.028536	0.000968	-0.083155	-0.106009	0.990882	-0.607509	0.793588	0.033919	-0.789948	-0.599149	-0.130392
33088	9.731303	0.452024	-1.204950	0.001987	-0.029464	0.002558	-0.083374	-0.106187	0.990845	-0.607486	0.793605	0.033932	-0.789942	-0.599096	-0.130673
33089	9.727814	0.364218	-1.345885	-0.021877	-0.025153	0.003561	-0.083568	-0.106333	0.990813	-0.607311	0.793738	0.033961	-0.790057	-0.598894	-0.130908
33090	9.689040	0.403196	-1.371963	-0.022564	-0.022224	0.004729	-0.083759	-0.106438	0.990785	-0.606992	0.793981	0.033982	-0.790281	-0.598553	-0.131110
33091	9.704011	0.273518	-1.460173	-0.013832	-0.014089	0.008061	-0.083892	-0.106482	0.990769	-0.606877	0.794070	0.033955	-0.790356	-0.598426	-0.131238
33092	9.694286	0.283725	-1.403338	-0.000616	-0.011347	0.005012	-0.083982	-0.106534	0.990756	-0.606861	0.794083	0.033945	-0.790359	-0.598400	-0.131340
33093	9.716576	0.349105	-1.381872	0.010072	-0.004766	0.008268	-0.084042	-0.106521	0.990752	-0.606934	0.794030	0.033886	-0.790296	-0.598473	-0.131383
33094	9.728467	0.401116	-1.389960	-0.018285	-0.001651	0.007170	-0.084084	-0.106484	0.990753	-0.606656	0.794242	0.033877	-0.790505	-0.598197	-0.131382
33095	9.756493	0.348081	-1.396054	-0.028872	0.002631	0.010932	-0.084103	-0.106405	0.990760	-0.606419	0.794425	0.033842	-0.790685	-0.597969	-0.131339
33096	9.674261	0.278458	-1.375822	-0.003212	0.006767	0.007477	-0.084077	-0.106324	0.990771	-0.606374	0.794461	0.033801	-0.790722	-0.597936	-0.131268
33097	9.654382	0.274772	-1.346939	0.017875	0.012022	0.011881	-0.084027	-0.106182	0.990790	-0.606506	0.794365	0.033695	-0.790626	-0.598089	-0.131148
33098	9.616859	0.331591	-1.239637	0.031387	0.011162	0.008985	-0.083957	-0.106073	0.990808	-0.606789	0.794152	0.033603	-0.790417	-0.598390	-0.131038
33099	9.566064	0.301685	-1.129055	0.032750	0.005309	0.006646	-0.083928	-0.106012	0.990817	-0.607043	0.793961	0.033530	-0.790225	-0.598654	-0.130990
33100	9.575105	0.274838	-1.061195	0.036018	-0.004231	0.004971	-0.083949	-0.106035	0.990812	-0.607445	0.793656	0.033469	-0.789913	-0.599054	-0.131037
33101	9.617296	0.337923	-1.025958	0.022402	-0.014233	0.000852	-0.084040	-0.106137	0.990794	-0.607622	0.793521	0.033466	-0.789768	-0.599215	-0.131179
33102	9.738280	0.377595	-1.107437	0.003471	-0.017410	-0.000039	-0.084138	-0.106274	0.990771	-0.607718	0.793446	0.033499	-0.789683	-0.599291	-0.131344
33103	9.727931	0.374286	-1.223077	-0.020092	-0.016691	0.001128	-0.084250	-0.106389	0.990749	-0.607559	0.793565	0.033550	-0.789793	-0.599112	-0.131495
33104	9.725648	0.320894	-1.358776	-0.019211	-0.015984	0.003543	-0.084376	-0.106477	0.990729	-0.607394	0.793691	0.033572	-0.789907	-0.598930	-0.131642
33105	9.786860	0.362392	-1.439828	0.006024	-0.008064	0.010634	-0.084477	-0.106465	0.990721	-0.607433	0.793664	0.033494	-0.789866	-0.598968	-0.131716
33106	9.719149	0.418700	-1.462029	-0.010956	-0.001291	0.011624	-0.084534	-0.106398	0.990724	-0.607270	0.793792	0.033433	-0.789986	-0.598810	-0.131714
33107	9.696777	0.351769	-1.483938	-0.012767	0.006665	0.009485	-0.084512	-0.106306	0.990735	-0.607162	0.793876	0.033391	-0.790071	-0.598715	-0.131637
33108	9.685012	0.298052	-1.475100	0.006754	0.014142	0.012635	-0.084448	-0.106147	0.990758	-0.607231	0.793828	0.033291	-0.790025	-0.598807	-0.131493
33109	9.615645	0.299704	-1.331656	0.012362	0.015218	0.011515	-0.084371	-0.105988	0.990782	-0.607319	0.793764	0.033196	-0.789965	-0.598920	-0.131339
33110	9.615514	0.288487	-1.246407	0.006211	0.011974	0.009634	-0.084286	-0.105881	0.990800	-0.607506	0.793624	0.033130	-0.789831	-0.599125	-0.131215
33111	9.566051	0.293212	-1.131400	0.011230	0.008746	0.006253	-0.084228	-0.105802	0.990814	-0.607590	0.793561	0.033089	-0.789772	-0.599221	-0.131124
33112	9.584520	0.250994	-1.078853	0.015028	0.006277	0.001042	-0.084164	-0.105774	0.990822	-0.607651	0.793514	0.033094	-0.789732	-0.599289	-0.131059
33113	9.616182	0.295970	-1.030761	0.027417	-0.005968	-0.000576	-0.084181	-0.105838	0.990814	-0.607869	0.793347	0.033099	-0.789563	-0.599499	-0.131120
33114	9.626746	0.314448	-1.043691	0.006287	-0.013355	-0.004236	-0.084242	-0.105966	0.990795	-0.607836	0.793370	0.033170	-0.789582	-0.599446	-0.131245
33115	9.717374	0.343592	-1.169102	-0.007810	-0.016792	-0.003599	-0.084326	-0.106119	0.990771	-0.607778	0.793411	0.033251	-0.789617	-0.599365	-0.131402
33116	9.717664	0.359021	-1.296586	-0.017710	-0.015432	-0.001006	-0.084419	-0.106238	0.990751	-0.607598	0.793546	0.033320	-0.789746	-0.599165	-0.131540
33117	9.747331	0.361357	-1.467858	-0.028058	-0.011972	-0.002890	-0.084469	-0.106356	0.990734	-0.607379	0.793709	0.033421	-0.789908	-0.598928	-0.131643
33118	9.827177	0.367204	-1.538376	-0.027174	0.000235	0.001478	-0.084433	-0.106378	0.990734	-0.607258	0.793799	0.033481	-0.790006	-0.598804	-0.131622
33119	9.726456	0.340272	-1.569858	-0.034440	0.008616	0.004782	-0.084367	-0.106313	0.990747	-0.606982	0.794008	0.033514	-0.790224	-0.598538	-0.131518
33120	9.713369	0.253222	-1.565010	-0.000678	0.014428	0.003125	-0.084238	-0.106230	0.990767	-0.607020	0.793979	0.033519	-0.790209	-0.598592	-0.131367
33121	9.685281	0.290055	-1.430823	0.016988	0.027722	0.004878	-0.084022	-0.106049	0.990805	-0.607151	0.793881	0.033484	-0.790132	-0.598755	-0.131091
33122	9.637567	0.334385	-1.351864	-0.000582	0.030200	0.003602	-0.083744	-0.105888	0.990845	-0.607334	0.793740	0.033493	-0.790020	-0.598970	-0.130780
33123	9.605938	0.278812	-1.313243	0.009317	0.028840	0.001011	-0.083495	-0.105731	0.990883	-0.607408	0.793683	0.033506	-0.789990	-0.599073	-0.130490
33124	9.596314	0.279267	-1.168572	0.011267	0.027289	0.000936	-0.083256	-0.105585	0.990919	-0.607512	0.793603	0.033518	-0.789936	-0.599204	-0.130216
33125	9.575218	0.242327	-1.142493	0.024143	0.019983	-0.003479	-0.083050	-0.105517	0.990943	-0.607706	0.793453	0.033557	-0.789808	-0.599415	-0.130019
33126	9.605716	0.253366	-1.096812	0.039556	0.015429	-0.005705	-0.082877	-0.105482	0.990962	-0.607920	0.793287	0.033599	-0.789661	-0.599640	-0.129870
33127	9.629351	0.349083	-1.027376	0.036476	0.010510	-0.010892	-0.082701	-0.105529	0.990971	-0.608217	0.793055	0.033694	-0.789451	-0.599939	-0.129771
33128	9.669528	0.354986	-1.082780	0.013843	0.002573	-0.010012	-0.082570	-0.105631	0.990971	-0.608436	0.792882	0.033819	-0.789296	-0.600150	-0.129738
33129	9.740401	0.382050	-1.178616	0.005698	-0.001256	-0.011083	-0.082486	-0.105750	0.990966	-0.608491	0.792834	0.033957	-0.789262	-0.600193	-0.129745
33130	9.696795	0.285005	-1.219041	-0.000641	-0.001537	-0.008061	-0.082418	-0.105848	0.990961	-0.608499	0.792823	0.034075	-0.789263	-0.600190	-0.129751
33131	9.739504	0.359283	-1.266759	0.006773	0.003087	-0.005085	-0.082336	-0.105893	0.990963	-0.608557	0.792775	0.034152	-0.789227	-0.600246	-0.129716
33132	9.731880	0.419993	-1.330267	-0.025226	0.003577	-0.005161	-0.082244	-0.105939	0.990966	-0.608380	0.792905	0.034274	-0.789373	-0.600065	-0.129663
33133	9.731117	0.396423	-1.417723	-0.028641	0.006719	-0.001275	-0.082156	-0.105933	0.990974	-0.608156	0.793074	0.034359	-0.789555	-0.599844	-0.129579
33134	9.720606	0.378471	-1.404494	-0.022698	0.017837	-0.001026	-0.081996	-0.105848	0.990996	-0.607910	0.793259	0.034429	-0.789761	-0.599613	-0.129390
33135	9.698457	0.312651	-1.424910	-0.023820	0.017962	0.002203	-0.081840	-0.105746	0.991020	-0.607720	0.793402	0.034473	-0.789923	-0.599442	-0.129196
33136	9.675598	0.231501	-1.319149	0.006714	0.023964	-0.000440	-0.081627	-0.105623	0.991050	-0.607699	0.793417	0.034507	-0.789961	-0.599444	-0.128951
33137	9.636737	0.255641	-1.214802	0.013442	0.024919	-0.004782	-0.081374	-0.105535	0.991081	-0.607810	0.793330	0.034572	-0.789902	-0.599575	-0.128702
33138	9.608763	0.303393	-1.164564	0.022908	0.020756	-0.005301	-0.081136	-0.105487	0.991105	-0.608092	0.793111	0.034633	-0.789709	-0.599873	-0.128496
33139	9.611213	0.367258	-1.112775	0.017058	0.013909	-0.007033	-0.080956	-0.105483	0.991120	-0.608233	0.792999	0.034716	-0.789619	-0.600022	-0.128357
33140	9.629856	0.331121	-1.101884	0.014429	0.006886	-0.007743	-0.080826	-0.105524	0.991127	-0.608307	0.792938	0.034816	-0.789576	-0.600095	-0.128281
33141	9.680529	0.350390	-1.127102	0.022378	0.007082	-0.010250	-0.080681	-0.105586	0.991132	-0.608492	0.792791	0.034924	-0.789448	-0.600278	-0.128212
33142	9.671398	0.371706	-1.152888	0.015853	-0.001742	-0.004273	-0.080627	-0.105664	0.991128	-0.608697	0.792631	0.034986	-0.789296	-0.600476	-0.128224
33143	9.699635	0.324744	-1.201041	0.021749	0.000641	-0.011770	-0.080523	-0.105777	0.991124	-0.608878	0.792486	0.035110	-0.789166	-0.600647	-0.128219
33144	9.701176	0.364332	-1.238928	0.014045	0.001313	0.000120	-0.080478	-0.105798	0.991126	-0.609059	0.792347	0.035125	-0.789031	-0.600827	-0.128204
33145	9.710902	0.353685	-1.296764	0.009504	0.002878	-0.007798	-0.080381	-0.105867	0.991126	-0.609141	0.792279	0.035225	-0.788978	-0.600904	-0.128172
33146	9.693613	0.425117	-1.302390	-0.000786	0.003563	-0.003898	-0.080312	-0.105890	0.991129	-0.609053	0.792343	0.035300	-0.789053	-0.600816	-0.128128
33147	9.742095	0.380662	-1.377606	-0.030546	0.010395	-0.001968	-0.080191	-0.105867	0.991142	-0.608814	0.792523	0.035394	-0.789249	-0.600583	-0.128007
33148	9.700100	0.317415	-1.412621	-0.016846	0.013175	-0.001264	-0.080047	-0.105823	0.991158	-0.608679	0.792623	0.035468	-0.789368	-0.600458	-0.127859
33149	9.710425	0.326034	-1.338850	-0.009736	0.021405	0.001560	-0.079861	-0.105706	0.991185	-0.608602	0.792681	0.035501	-0.789447	-0.600402	-0.127637
33150	9.681479	0.344513	-1.334601	-0.013744	0.025145	-0.003360	-0.079620	-0.105599	0.991216	-0.608439	0.792802	0.035588	-0.789596	-0.600262	-0.127374
33151	9.641228	0.334797	-1.234111	-0.012434	0.028660	-0.003006	-0.079348	-0.105475	0.991251	-0.608344	0.792871	0.035669	-0.789697	-0.600192	-0.127078
33152	9.619806	0.293202	-1.165830	0.001818	0.022102	-0.001241	-0.079149	-0.105367	0.991279	-0.608283	0.792917	0.035714	-0.789764	-0.600151	-0.126852
33153	9.579740	0.288455	-1.107957	0.002797	0.020479	-0.008791	-0.078907	-0.105338	0.991301	-0.608312	0.792889	0.035833	-0.789766	-0.600193	-0.126643
33154	9.580436	0.313337	-1.018392	0.013396	0.011288	-0.005985	-0.078748	-0.105345	0.991313	-0.608459	0.792773	0.035912	-0.789669	-0.600345	-0.126527
33155	9.652183	0.364427	-1.025348	0.019070	0.002994	-0.009777	-0.078638	-0.105428	0.991313	-0.608617	0.792646	0.036020	-0.789557	-0.600498	-0.126497
33156	9.693356	0.399624	-1.035056	0.004590	-0.001128	-0.007847	-0.078577	-0.105514	0.991308	-0.608591	0.792661	0.036130	-0.789584	-0.600462	-0.126500
33157	9.703463	0.394482	-1.135285	-0.019062	-0.004693	-0.005251	-0.078555	-0.105608	0.991300	-0.608445	0.792768	0.036241	-0.789699	-0.600305	-0.126532
33158	9.741593	0.336958	-1.241529	-0.017018	-0.001972	-0.006802	-0.078492	-0.105705	0.991295	-0.608403	0.792795	0.036365	-0.789738	-0.600252	-0.126539
33159	9.782222	0.347623	-1.339428	-0.003609	-0.000497	0.000298	-0.078470	-0.105730	0.991294	-0.608374	0.792815	0.036402	-0.789761	-0.600221	-0.126536
33160	9.714232	0.400066	-1.319513	-0.015612	0.000907	-0.001384	-0.078433	-0.105753	0.991294	-0.608190	0.792953	0.036473	-0.789907	-0.600035	-0.126511
33161	9.683277	0.360137	-1.409142	-0.010948	0.010655	-0.002223	-0.078308	-0.105730	0.991307	-0.608106	0.793014	0.036544	-0.789984	-0.599958	-0.126394
33162	9.664157	0.387008	-1.333944	-0.008418	0.013411	-0.000033	-0.078179	-0.105671	0.991323	-0.608031	0.793070	0.036587	-0.790055	-0.599895	-0.126253
33163	9.672247	0.332035	-1.310470	-0.007064	0.019062	-0.000416	-0.077999	-0.105584	0.991347	-0.607976	0.793110	0.036635	-0.790115	-0.599858	-0.126054
33164	9.691912	0.324697	-1.252617	0.011282	0.017946	-0.001743	-0.077825	-0.105506	0.991369	-0.607968	0.793114	0.036680	-0.790138	-0.599866	-0.125868
33165	9.644769	0.403721	-1.170920	0.019719	0.018182	-0.000501	-0.077651	-0.105424	0.991391	-0.608124	0.792993	0.036695	-0.790035	-0.600040	-0.125687
33166	9.633469	0.375166	-1.073677	0.004317	0.011215	-0.000255	-0.077536	-0.105380	0.991405	-0.608130	0.792987	0.036728	-0.790042	-0.600055	-0.125569
33167	9.620409	0.288264	-1.069117	0.005352	0.006819	-0.002002	-0.077443	-0.105378	0.991412	-0.608174	0.792951	0.036777	-0.790017	-0.600103	-0.125497
33168	9.650963	0.304601	-1.066286	0.021257	0.007221	-0.006995	-0.077305	-0.105421	0.991418	-0.608406	0.792770	0.036858	-0.789852	-0.600335	-0.125423
33169	9.641869	0.325822	-1.092219	0.031329	-0.004140	-0.007182	-0.077266	-0.105526	0.991410	-0.608659	0.792572	0.036925	-0.789661	-0.600578	-0.125469
33170	9.663206	0.363047	-1.116484	0.025764	-0.003084	-0.006818	-0.077217	-0.105625	0.991403	-0.608897	0.792386	0.036997	-0.789482	-0.600806	-0.125501
33171	9.664751	0.402682	-1.154793	0.009376	-0.003523	-0.005565	-0.077184	-0.105714	0.991397	-0.608976	0.792322	0.037075	-0.789425	-0.600875	-0.125532
33172	9.674169	0.387180	-1.171186	-0.004182	-0.004808	-0.001962	-0.077172	-0.105791	0.991389	-0.609036	0.792273	0.037135	-0.789380	-0.600926	-0.125571
33173	9.755662	0.427319	-1.236939	-0.028917	-0.001214	-0.003433	-0.077133	-0.105849	0.991386	-0.608810	0.792441	0.037240	-0.789557	-0.600694	-0.125566
33174	9.796357	0.438395	-1.334750	-0.049793	-0.002856	-0.004301	-0.077105	-0.105919	0.991381	-0.608359	0.792781	0.037385	-0.789908	-0.600233	-0.125564
33175	9.775296	0.388006	-1.482712	-0.034648	0.004947	0.001096	-0.077046	-0.105904	0.991387	-0.608085	0.792988	0.037453	-0.790125	-0.599962	-0.125495
33176	9.786974	0.435649	-1.447500	-0.007062	0.014153	0.006122	-0.076951	-0.105789	0.991407	-0.607983	0.793067	0.037435	-0.790212	-0.599878	-0.125345
33177	9.693834	0.342919	-1.372085	-0.027491	0.028969	0.004397	-0.076722	-0.105604	0.991444	-0.607763	0.793235	0.037461	-0.790404	-0.599689	-0.125040
33178	9.671186	0.266665	-1.307762	-0.004845	0.025423	0.001617	-0.076504	-0.105460	0.991476	-0.607695	0.793285	0.037488	-0.790477	-0.599647	-0.124777
33179	9.645513	0.382342	-1.248790	0.011773	0.031634	0.003215	-0.076247	-0.105268	0.991517	-0.607786	0.793216	0.037477	-0.790432	-0.599772	-0.124461
33180	9.567909	0.445099	-1.168260	-0.010413	0.026481	0.001977	-0.076049	-0.105099	0.991550	-0.607546	0.793399	0.037499	-0.790636	-0.599560	-0.124190
33181	9.615604	0.385386	-1.115575	-0.017727	0.026126	-0.002499	-0.075800	-0.104986	0.991581	-0.607408	0.793501	0.037581	-0.790766	-0.599445	-0.123917
33182	9.645428	0.391603	-1.027157	-0.009076	0.018485	0.000386	-0.075633	-0.104892	0.991603	-0.607300	0.793581	0.037625	-0.790864	-0.599355	-0.123722
33183	9.645163	0.386446	-0.983377	0.002580	0.018545	0.002666	-0.075475	-0.104784	0.991627	-0.607319	0.793567	0.037631	-0.790865	-0.599393	-0.123532
33184	9.656011	0.404569	-0.994125	0.011008	0.005128	0.002707	-0.075427	-0.104750	0.991634	-0.607335	0.793554	0.037630	-0.790857	-0.599416	-0.123474
33185	9.665550	0.388554	-1.009916	0.012785	-0.000061	-0.000944	-0.075395	-0.104781	0.991633	-0.607437	0.793475	0.037659	-0.790782	-0.599516	-0.123472
33186	9.695732	0.380078	-1.096107	0.027917	-0.005915	0.003263	-0.075440	-0.104811	0.991627	-0.607636	0.793324	0.037624	-0.790625	-0.599710	-0.123535
33187	9.777811	0.424135	-1.204144	0.042307	-0.006061	0.002832	-0.075478	-0.104849	0.991620	-0.607969	0.793071	0.037579	-0.790365	-0.600037	-0.123604
33188	9.717749	0.400820	-1.293117	0.033055	-0.001033	0.012711	-0.075524	-0.104783	0.991623	-0.608241	0.792869	0.037456	-0.790152	-0.600317	-0.123613
33189	9.707507	0.385885	-1.323528	0.034525	-0.002619	0.008903	-0.075571	-0.104751	0.991623	-0.608507	0.792669	0.037360	-0.789942	-0.600586	-0.123645
33190	9.713402	0.265555	-1.351700	0.053268	0.005685	0.014017	-0.075560	-0.104646	0.991635	-0.609065	0.792248	0.037196	-0.789513	-0.601160	-0.123598
33191	9.694842	0.319366	-1.231135	0.075431	0.010852	0.015255	-0.075540	-0.104484	0.991654	-0.609649	0.791808	0.036987	-0.789064	-0.601767	-0.123511
33192	9.665761	0.335366	-1.228471	0.056210	0.011266	0.014140	-0.075511	-0.104327	0.991672	-0.610094	0.791474	0.036810	-0.788723	-0.602233	-0.123415
33193	9.655934	0.344324	-1.169903	0.053242	0.005705	0.014014	-0.075525	-0.104206	0.991684	-0.610503	0.791166	0.036641	-0.788405	-0.602659	-0.123370
33194	9.625068	0.321586	-1.129692	0.050410	0.006551	0.011660	-0.075528	-0.104088	0.991696	-0.610810	0.790936	0.036497	-0.788167	-0.602981	-0.123316
33195	9.595406	0.333490	-1.085679	0.039407	0.001417	0.008964	-0.075545	-0.104033	0.991701	-0.611114	0.790706	0.036395	-0.787930	-0.603293	-0.123309
33196	9.633690	0.293667	-1.061477	0.022760	-0.002040	0.001564	-0.075529	-0.104064	0.991699	-0.611354	0.790520	0.036392	-0.787745	-0.603530	-0.123327
33197	9.641889	0.243328	-1.081835	0.021317	-0.007067	-0.003104	-0.075539	-0.104155	0.991688	-0.611525	0.790386	0.036431	-0.787611	-0.603690	-0.123398
33198	9.623265	0.280027	-1.093002	0.010800	-0.012162	-0.002056	-0.075605	-0.104257	0.991672	-0.611496	0.790406	0.036476	-0.787627	-0.603646	-0.123512
33199	9.604112	0.312230	-1.062542	0.018957	-0.014943	-0.009445	-0.075638	-0.104445	0.991650	-0.611653	0.790280	0.036582	-0.787502	-0.603779	-0.123660
33200	9.579447	0.488244	-0.916943	-0.010848	-0.023911	-0.008014	-0.075755	-0.104672	0.991617	-0.611542	0.790360	0.036709	-0.787577	-0.603635	-0.123885
33201	9.627836	0.443948	-0.995171	-0.062635	-0.034397	-0.004232	-0.075973	-0.104937	0.991573	-0.611052	0.790731	0.036864	-0.787936	-0.603102	-0.124196
33202	9.693035	0.304594	-1.155778	-0.060440	-0.036782	-0.009943	-0.076176	-0.105258	0.991523	-0.610550	0.791109	0.037075	-0.788305	-0.602550	-0.124529
33203	9.745353	0.387982	-1.134936	-0.008741	-0.035460	-0.005698	-0.076394	-0.105540	0.991476	-0.610486	0.791154	0.037178	-0.788334	-0.602442	-0.124870
33204	9.840150	0.519699	-1.249778	-0.025329	-0.032922	0.000453	-0.076616	-0.105767	0.991435	-0.610383	0.791231	0.037240	-0.788392	-0.602302	-0.125180
33205	9.788181	0.452706	-1.402737	-0.087114	-0.027765	0.002942	-0.076826	-0.105935	0.991401	-0.609694	0.791756	0.037355	-0.788905	-0.601581	-0.125415
33206	9.768736	0.180663	-1.592967	-0.068474	-0.018821	0.002967	-0.076960	-0.106049	0.991378	-0.609156	0.792166	0.037451	-0.789307	-0.601022	-0.125566
33207	9.725210	0.082897	-1.634475	-0.002135	-0.006991	0.003034	-0.077007	-0.106091	0.991370	-0.609137	0.792180	0.037458	-0.789317	-0.600996	-0.125627
33208	9.660570	0.232549	-1.560821	0.054898	0.003891	-0.000558	-0.076963	-0.106081	0.991375	-0.609430	0.791956	0.037430	-0.789095	-0.601293	-0.125600
33209	9.617956	0.443839	-1.422261	0.039719	0.012505	-0.010560	-0.076773	-0.106113	0.991386	-0.609752	0.791704	0.037520	-0.788865	-0.601619	-0.125484
33210	9.684466	0.352715	-1.402829	0.016652	0.013251	-0.005712	-0.076601	-0.106102	0.991400	-0.609864	0.791614	0.037599	-0.788796	-0.601739	-0.125346
33211	9.699975	0.237904	-1.315197	0.050028	0.020578	-0.006712	-0.076371	-0.106055	0.991423	-0.610264	0.791304	0.037638	-0.788508	-0.602155	-0.125154
33212	9.669344	0.236680	-1.143662	0.087412	0.017568	-0.011262	-0.076134	-0.106060	0.991441	-0.610937	0.790782	0.037680	-0.788010	-0.602839	-0.125002
33213	9.643879	0.378012	-0.999118	0.094880	0.006223	-0.019426	-0.075939	-0.106200	0.991441	-0.611699	0.790187	0.037790	-0.787437	-0.603594	-0.124968
33214	9.593945	0.390170	-0.927660	0.059323	-0.005339	-0.021187	-0.075823	-0.106423	0.991426	-0.612182	0.789805	0.037962	-0.787073	-0.604055	-0.125035
33215	9.409236	0.276400	-0.773542	0.034549	-0.017549	-0.023088	-0.075792	-0.106735	0.991395	-0.612472	0.789570	0.038183	-0.786851	-0.604307	-0.125215
33216	9.609629	0.308952	-0.799244	0.018712	-0.036096	-0.028472	-0.075875	-0.107198	0.991338	-0.612606	0.789451	0.038480	-0.786738	-0.604380	-0.125570
33217	10.020815	0.366308	-0.948565	-0.072600	-0.029326	-0.028232	-0.075906	-0.107622	0.991290	-0.612056	0.789858	0.038886	-0.787163	-0.603774	-0.125826
33218	9.928633	0.262172	-1.347351	-0.085482	-0.028644	-0.032337	-0.075916	-0.108064	0.991241	-0.611311	0.790412	0.039351	-0.787741	-0.602969	-0.126066
33219	9.716535	0.467450	-1.527185	-0.026976	-0.026926	-0.027414	-0.075934	-0.108467	0.991196	-0.611119	0.790543	0.039692	-0.787888	-0.602725	-0.126315
33220	9.708676	0.549271	-1.463114	0.017323	-0.009928	-0.016544	-0.075874	-0.108685	0.991176	-0.611299	0.790395	0.039874	-0.787754	-0.602880	-0.126409
33221	9.638388	0.539635	-1.493972	-0.039323	-0.003816	-0.018862	-0.075761	-0.108881	0.991164	-0.611004	0.790609	0.040146	-0.787994	-0.602563	-0.126424
33222	9.695211	0.447492	-1.589363	-0.086045	0.003097	-0.024496	-0.075553	-0.109082	0.991157	-0.610364	0.791083	0.040536	-0.788510	-0.601904	-0.126349
33223	9.740099	0.298194	-1.633946	-0.058066	0.015164	-0.021575	-0.075275	-0.109185	0.991167	-0.609922	0.791407	0.040859	-0.788878	-0.601459	-0.126167
33224	9.658355	0.251503	-1.481757	-0.020011	0.034430	-0.024187	-0.074807	-0.109207	0.991200	-0.609922	0.791392	0.041161	-0.788923	-0.601476	-0.125810
33225	9.550769	0.325577	-1.314762	-0.028797	0.035647	-0.024847	-0.074347	-0.109213	0.991234	-0.609714	0.791536	0.041479	-0.789127	-0.601285	-0.125437
