// General information: 
//  MT Manager version: 2022.2.0 
//  XDA version: 2022.2.0 build 7381 rev 124627 built on 2023-07-19
// Device information: 
//  DeviceId: 00B4CAF0
//  ProductCode: MTW2-3A7G6
//  Firmware Version: 4.6.0
//  Hardware Version: 2.0.0
// Device settings: 
//  Filter Profile: human(46.1)
//  Option Flags: Orientation Smoother Disabled, Position/Velocity Smoother Disabled, Continuous Zero Rotation Update Disabled, AHS Disabled, ICC Disabled
// Coordinate system: ENU
PacketCounter	Acc_X	Acc_Y	Acc_Z	Gyr_X	Gyr_Y	Gyr_Z	Mat[1][1]	Mat[2][1]	Mat[3][1]	Mat[1][2]	Mat[2][2]	Mat[3][2]	Mat[1][3]	Mat[2][3]	Mat[3][3]
12330	5.273887	0.008559	8.765462	-0.000119	-0.000476	0.005264	-0.751374	-0.410631	0.516546	0.482215	-0.876038	0.005025	0.450451	0.252862	0.856245
12331	5.281181	0.022008	8.784384	0.000780	0.001562	0.001904	-0.751369	-0.410631	0.516553	0.482203	-0.876045	0.004996	0.450472	0.252838	0.856241
12332	5.345001	0.082100	8.779523	0.003241	0.006724	0.002353	-0.751396	-0.410632	0.516512	0.482187	-0.876054	0.004990	0.450444	0.252804	0.856265
12333	5.196404	0.095720	8.827558	0.002338	0.002017	0.005498	-0.751376	-0.410665	0.516515	0.482208	-0.876043	0.004956	0.450454	0.252792	0.856264
12334	5.271351	0.080493	8.777664	-0.002573	-0.000300	0.005244	-0.751352	-0.410684	0.516536	0.482199	-0.876048	0.004883	0.450505	0.252742	0.856252
12335	5.230702	0.044999	8.787527	0.007312	0.007241	0.003335	-0.751366	-0.410711	0.516494	0.482227	-0.876033	0.004904	0.450452	0.252752	0.856277
12336	5.287124	0.063399	8.783967	-0.003350	0.000807	0.003554	-0.751347	-0.410731	0.516504	0.482217	-0.876038	0.004833	0.450493	0.252699	0.856271
12337	5.254000	0.097187	8.772311	0.001506	0.005556	0.006655	-0.751338	-0.410783	0.516478	0.482244	-0.876024	0.004787	0.450480	0.252664	0.856287
12338	5.252231	0.085233	8.844508	-0.000132	-0.008483	0.004620	-0.751281	-0.410773	0.516568	0.482238	-0.876027	0.004738	0.450581	0.252668	0.856233
12339	5.263532	0.038287	8.779212	0.004847	-0.000590	0.002672	-0.751263	-0.410775	0.516593	0.482250	-0.876021	0.004741	0.450599	0.252689	0.856218
12340	5.239768	0.013809	8.774556	0.000717	-0.001344	0.004322	-0.751248	-0.410766	0.516621	0.482229	-0.876032	0.004702	0.450645	0.252663	0.856201
12341	5.296632	0.060034	8.750581	0.000722	0.001325	0.004536	-0.751229	-0.410789	0.516631	0.482236	-0.876029	0.004660	0.450669	0.252639	0.856196
12342	5.270738	0.051891	8.798187	0.005693	0.003879	0.002159	-0.751238	-0.410797	0.516612	0.482248	-0.876022	0.004676	0.450642	0.252648	0.856207
12343	5.301814	0.090218	8.821753	0.000777	-0.001107	0.001690	-0.751222	-0.410789	0.516641	0.482234	-0.876030	0.004649	0.450684	0.252635	0.856189
12344	5.279564	0.021468	8.785358	0.003239	0.004055	0.002139	-0.751237	-0.410785	0.516622	0.482221	-0.876037	0.004644	0.450672	0.252615	0.856201
12345	5.246369	0.055785	8.773740	0.003239	0.004055	0.002139	-0.751242	-0.410794	0.516608	0.482222	-0.876037	0.004636	0.450663	0.252602	0.856210
12346	5.278923	0.049782	8.765591	0.004798	0.004512	0.005733	-0.751234	-0.410838	0.516585	0.482259	-0.876016	0.004624	0.450637	0.252602	0.856223
12347	5.262091	0.067117	8.759921	0.004917	0.004986	0.000469	-0.751251	-0.410834	0.516563	0.482255	-0.876019	0.004639	0.450613	0.252600	0.856237
12348	5.243440	0.072728	8.826466	0.002399	0.002256	0.002866	-0.751249	-0.410843	0.516558	0.482256	-0.876018	0.004623	0.450615	0.252586	0.856240
12349	5.244909	0.056600	8.774608	0.004081	0.005856	0.001411	-0.751266	-0.410850	0.516528	0.482255	-0.876019	0.004626	0.450588	0.252573	0.856258
12350	5.244555	0.056772	8.774818	0.002399	0.002256	0.002866	-0.751269	-0.410849	0.516525	0.482244	-0.876025	0.004609	0.450596	0.252554	0.856259
12351	5.268203	0.053422	8.799696	0.004012	0.000280	0.003615	-0.751250	-0.410861	0.516544	0.482259	-0.876017	0.004599	0.450611	0.252563	0.856249
12352	5.253661	0.054367	8.741677	0.003230	-0.001283	0.001710	-0.751238	-0.410847	0.516571	0.482250	-0.876022	0.004595	0.450640	0.252569	0.856232
12353	5.284641	0.064702	8.785451	0.003241	0.004057	0.002139	-0.751243	-0.410855	0.516557	0.482250	-0.876021	0.004587	0.450631	0.252556	0.856240
12354	5.235054	0.088003	8.788036	0.000782	0.001563	0.001904	-0.751231	-0.410874	0.516560	0.482259	-0.876017	0.004561	0.450641	0.252542	0.856239
12355	5.284297	0.064801	8.785657	0.001618	0.000694	0.000962	-0.751227	-0.410864	0.516574	0.482244	-0.876025	0.004544	0.450665	0.252528	0.856230
12356	5.227455	0.074541	8.769298	0.004017	0.002951	0.003829	-0.751227	-0.410875	0.516566	0.482249	-0.876022	0.004536	0.450660	0.252521	0.856235
12357	5.276528	0.051530	8.767023	0.004077	0.003187	0.001197	-0.751232	-0.410873	0.516559	0.482246	-0.876024	0.004539	0.450653	0.252519	0.856239
12358	5.258168	0.084924	8.813230	-0.000119	-0.000473	0.005264	-0.751220	-0.410868	0.516581	0.482222	-0.876037	0.004489	0.450700	0.252479	0.856227
12359	5.342048	0.039420	8.750507	0.008991	0.005504	0.001452	-0.751235	-0.410875	0.516554	0.482243	-0.876026	0.004533	0.450652	0.252510	0.856243
12360	5.200905	0.067393	8.817263	0.006526	0.000341	0.001003	-0.751227	-0.410873	0.516567	0.482261	-0.876016	0.004561	0.450647	0.252546	0.856234
12361	5.257632	0.113948	8.793384	0.003122	0.003586	0.007402	-0.751204	-0.410926	0.516557	0.482300	-0.875994	0.004524	0.450642	0.252534	0.856241
12362	5.242732	0.058660	8.775895	0.000776	-0.001106	0.001690	-0.751192	-0.410917	0.516583	0.482285	-0.876003	0.004499	0.450680	0.252520	0.856225
12363	5.266496	0.083217	8.780552	0.001624	0.003364	0.001176	-0.751199	-0.410915	0.516575	0.482271	-0.876011	0.004482	0.450684	0.252496	0.856230
12364	5.299075	0.049241	8.792561	0.004854	0.002082	0.002887	-0.751198	-0.410915	0.516575	0.482273	-0.876009	0.004485	0.450682	0.252499	0.856230
12365	5.289900	0.080046	8.805577	0.001559	0.000458	0.003594	-0.751180	-0.410928	0.516592	0.482277	-0.876008	0.004454	0.450708	0.252486	0.856220
12366	5.284296	0.022157	8.754845	0.004789	-0.000824	0.005306	-0.751158	-0.410936	0.516616	0.482290	-0.876000	0.004445	0.450729	0.252498	0.856205
12367	5.258421	0.042324	8.782255	0.007381	0.007482	0.000703	-0.751186	-0.410941	0.516573	0.482299	-0.875995	0.004479	0.450675	0.252507	0.856232
12368	5.274585	0.053579	8.768180	0.001618	0.000694	0.000962	-0.751181	-0.410940	0.516581	0.482294	-0.875998	0.004466	0.450689	0.252499	0.856227
12369	5.281981	0.067484	8.787030	0.008080	-0.001869	0.004385	-0.751148	-0.410953	0.516618	0.482333	-0.875976	0.004488	0.450701	0.252553	0.856204
12370	5.282001	0.067994	8.787014	0.005751	0.001448	-0.000687	-0.751153	-0.410937	0.516623	0.482332	-0.875977	0.004517	0.450694	0.252576	0.856201
12371	5.249036	0.074584	8.795382	0.004849	-0.000587	0.002674	-0.751135	-0.410939	0.516648	0.482343	-0.875971	0.004519	0.450712	0.252596	0.856186
12372	5.258231	0.072084	8.762199	0.004014	0.000283	0.003615	-0.751128	-0.410934	0.516662	0.482340	-0.875973	0.004513	0.450728	0.252596	0.856177
12373	5.291054	0.038152	8.774073	0.004850	-0.000587	0.002674	-0.751110	-0.410936	0.516688	0.482351	-0.875966	0.004515	0.450746	0.252617	0.856162
12374	5.291224	0.066590	8.753805	0.007364	-0.000528	0.000063	-0.751102	-0.410923	0.516708	0.482365	-0.875958	0.004555	0.450743	0.252663	0.856149
12375	5.274285	0.028274	8.788509	0.007323	0.007248	0.003333	-0.751116	-0.410950	0.516667	0.482393	-0.875943	0.004575	0.450690	0.252673	0.856174
12376	5.274161	0.056791	8.768414	0.008141	-0.001633	0.001754	-0.751105	-0.410934	0.516696	0.482404	-0.875936	0.004614	0.450697	0.252722	0.856156
12377	5.273932	0.029217	8.788717	0.003244	0.004060	0.002137	-0.751110	-0.410943	0.516682	0.482405	-0.875936	0.004606	0.450688	0.252709	0.856165
12378	5.330370	0.047906	8.785172	0.005759	0.004119	-0.000474	-0.751130	-0.410928	0.516665	0.482397	-0.875941	0.004634	0.450663	0.252718	0.856175
12379	5.191136	0.087614	8.779599	0.008990	0.002838	0.001238	-0.751134	-0.410926	0.516661	0.482416	-0.875930	0.004679	0.450636	0.252760	0.856178
12380	5.263837	0.089372	8.782086	0.004093	0.008531	0.001621	-0.751169	-0.410934	0.516603	0.482409	-0.875934	0.004684	0.450585	0.252732	0.856213
12381	5.231796	0.023694	8.779291	0.007385	0.007485	0.000701	-0.751197	-0.410938	0.516559	0.482417	-0.875929	0.004718	0.450530	0.252741	0.856239
12382	5.286232	0.087200	8.807712	0.012296	0.007135	0.000744	-0.751228	-0.410936	0.516515	0.482440	-0.875916	0.004797	0.450452	0.252791	0.856265
12383	5.214408	0.042341	8.773914	0.004134	0.000754	-0.001648	-0.751237	-0.410903	0.516529	0.482416	-0.875929	0.004815	0.450464	0.252799	0.856256
12384	5.294892	0.085650	8.774853	0.008096	0.003477	0.004812	-0.751226	-0.410941	0.516514	0.482468	-0.875900	0.004838	0.450426	0.252836	0.856265
12385	5.263479	0.075835	8.731344	0.003305	0.004296	-0.000495	-0.751245	-0.410927	0.516497	0.482449	-0.875911	0.004844	0.450415	0.252822	0.856275
12386	5.286965	0.044907	8.776506	0.008143	-0.001630	0.001756	-0.751228	-0.410922	0.516526	0.482473	-0.875897	0.004882	0.450418	0.252878	0.856258
12387	5.277962	0.076194	8.789373	0.006530	0.000345	0.001006	-0.751222	-0.410911	0.516544	0.482479	-0.875894	0.004908	0.450420	0.252909	0.856247
12388	5.277950	0.104665	8.769195	0.006538	0.003016	0.001217	-0.751232	-0.410905	0.516534	0.482483	-0.875891	0.004935	0.450399	0.252926	0.856253
12389	5.253877	0.052646	8.784919	0.005688	-0.001454	0.001735	-0.751215	-0.410896	0.516567	0.482492	-0.875887	0.004950	0.450420	0.252957	0.856233
12390	5.253896	0.053157	8.784904	0.008151	0.001042	0.001968	-0.751208	-0.410896	0.516576	0.482514	-0.875874	0.004985	0.450407	0.253000	0.856227
12391	5.277847	0.078098	8.789426	0.002449	-0.002846	-0.000190	-0.751193	-0.410867	0.516621	0.482494	-0.875885	0.004982	0.450454	0.253009	0.856200
12392	5.286939	0.047628	8.776507	0.004859	0.002088	0.002887	-0.751186	-0.410884	0.516618	0.482515	-0.875874	0.004987	0.450443	0.253022	0.856202
12393	5.253756	0.054264	8.784981	0.008158	0.003713	0.002180	-0.751190	-0.410892	0.516606	0.482538	-0.875861	0.005020	0.450412	0.253053	0.856208
12394	5.284812	0.092843	8.808506	0.002456	-0.000175	0.000022	-0.751187	-0.410876	0.516622	0.482525	-0.875868	0.005019	0.450431	0.253054	0.856199
12395	5.204200	0.078300	8.787462	0.007315	0.001914	0.002909	-0.751179	-0.410886	0.516627	0.482549	-0.875854	0.005042	0.450418	0.253085	0.856196
12396	5.269924	0.066341	8.770895	0.005696	0.001218	0.001946	-0.751188	-0.410864	0.516631	0.482535	-0.875862	0.005059	0.450419	0.253093	0.856193
12397	5.204221	0.106917	8.767251	0.003172	-0.001511	0.004346	-0.751157	-0.410878	0.516665	0.482551	-0.875853	0.005039	0.450452	0.253102	0.856173
12398	5.270304	0.066338	8.770666	-0.001814	-0.006736	0.006512	-0.751107	-0.410877	0.516738	0.482538	-0.875861	0.004968	0.450549	0.253077	0.856129
12399	5.295959	0.046513	8.743439	0.008943	0.005282	0.004082	-0.751109	-0.410906	0.516713	0.482579	-0.875838	0.004998	0.450503	0.253109	0.856144
12400	5.261397	0.069434	8.803655	0.001531	-0.010220	0.002751	-0.751051	-0.410881	0.516817	0.482574	-0.875841	0.004974	0.450606	0.253138	0.856081
12401	5.304106	0.060296	8.761814	-0.000127	-0.003135	0.005054	-0.751009	-0.410897	0.516864	0.482581	-0.875837	0.004922	0.450667	0.253125	0.856053
12402	5.287951	0.077212	8.755695	0.001553	-0.002207	0.003384	-0.751002	-0.410867	0.516900	0.482544	-0.875858	0.004896	0.450719	0.253104	0.856032
12403	5.278957	0.079955	8.788742	0.001553	-0.002207	0.003384	-0.750972	-0.410870	0.516939	0.482546	-0.875857	0.004866	0.450765	0.253102	0.856008
12404	5.255280	0.055505	8.784062	0.004010	-0.002381	0.003405	-0.750951	-0.410862	0.516976	0.482546	-0.875857	0.004861	0.450800	0.253115	0.855986
12405	5.304677	0.060433	8.761467	0.005704	0.003889	0.002157	-0.750956	-0.410870	0.516964	0.482558	-0.875850	0.004873	0.450781	0.253124	0.855994
12406	5.238602	0.073257	8.778251	0.005697	0.001218	0.001946	-0.750945	-0.410883	0.516969	0.482584	-0.875836	0.004889	0.450771	0.253152	0.855990
12407	5.279034	0.109035	8.768489	0.005690	-0.001453	0.001735	-0.750927	-0.410874	0.517001	0.482593	-0.875831	0.004904	0.450791	0.253184	0.855970
12408	5.288284	0.050675	8.775679	0.003218	-0.006619	0.001292	-0.750894	-0.410843	0.517076	0.482580	-0.875838	0.004902	0.450861	0.253211	0.855926
12409	5.272106	0.067926	8.769571	0.004802	0.001858	0.005518	-0.750873	-0.410875	0.517080	0.482613	-0.875820	0.004889	0.450860	0.253221	0.855923
12410	5.239237	0.074253	8.777864	0.002390	-0.003077	0.002443	-0.750863	-0.410839	0.517123	0.482578	-0.875839	0.004875	0.450913	0.253213	0.855897
12411	5.305210	0.033953	8.781334	0.002390	-0.003077	0.002443	-0.750835	-0.410832	0.517169	0.482577	-0.875840	0.004858	0.450962	0.253221	0.855869
12412	5.206781	0.080518	8.785913	0.000718	-0.001334	0.004324	-0.750818	-0.410827	0.517198	0.482560	-0.875850	0.004819	0.451008	0.253197	0.855852
12413	5.322127	0.072770	8.746595	0.004077	0.000522	0.000983	-0.750813	-0.410816	0.517214	0.482556	-0.875852	0.004824	0.451021	0.253206	0.855843
12414	5.263672	0.071258	8.802281	0.004062	-0.004819	0.000563	-0.750803	-0.410761	0.517272	0.482516	-0.875874	0.004833	0.451079	0.253221	0.855808
12415	5.273365	0.068834	8.768807	0.005676	-0.006793	0.001314	-0.750764	-0.410734	0.517350	0.482521	-0.875871	0.004850	0.451140	0.253273	0.855760
12416	5.224360	0.064499	8.791178	0.004788	-0.003482	0.005097	-0.750725	-0.410749	0.517395	0.482550	-0.875855	0.004843	0.451174	0.253305	0.855733
12417	5.283614	0.066600	8.734992	0.006446	-0.010565	0.002796	-0.750661	-0.410726	0.517506	0.482570	-0.875844	0.004858	0.451259	0.253380	0.855666
12418	5.291673	0.052801	8.773624	0.007290	-0.008765	0.002066	-0.750622	-0.410682	0.517597	0.482566	-0.875846	0.004888	0.451328	0.253444	0.855610
12419	5.259674	0.059344	8.781407	0.003147	-0.012188	0.003506	-0.750547	-0.410662	0.517722	0.482576	-0.875841	0.004871	0.451442	0.253496	0.855535
12420	5.319073	0.033813	8.745316	0.012264	-0.008882	-0.000525	-0.750510	-0.410613	0.517815	0.482597	-0.875829	0.004956	0.451482	0.253615	0.855479
12421	5.286970	0.041209	8.753161	0.013101	-0.009753	-0.001465	-0.750470	-0.410555	0.517918	0.482614	-0.875818	0.005051	0.451529	0.253745	0.855415
12422	5.254816	0.048796	8.761041	0.014003	-0.007722	-0.004828	-0.750469	-0.410452	0.518001	0.482587	-0.875833	0.005173	0.451560	0.253863	0.855364
12423	5.279429	0.074958	8.765107	0.017298	-0.008766	-0.005748	-0.750455	-0.410359	0.518096	0.482592	-0.875829	0.005325	0.451579	0.254025	0.855306
12424	5.289301	0.046259	8.751728	0.021431	-0.010679	-0.007607	-0.750461	-0.410215	0.518201	0.482567	-0.875841	0.005528	0.451594	0.254215	0.855241
12425	5.290465	0.048548	8.751012	0.021420	-0.016015	-0.008025	-0.750425	-0.410084	0.518358	0.482574	-0.875837	0.005727	0.451648	0.254444	0.855145
12426	5.275055	0.067991	8.744414	0.024686	-0.006607	-0.005478	-0.750427	-0.409987	0.518430	0.482601	-0.875820	0.005945	0.451614	0.254656	0.855100
12427	5.257466	0.076072	8.810314	0.020660	-0.009570	-0.009299	-0.750426	-0.409860	0.518531	0.482594	-0.875823	0.006144	0.451623	0.254851	0.855037
12428	5.275097	0.117107	8.775001	0.021436	-0.013336	-0.007814	-0.750413	-0.409722	0.518660	0.482583	-0.875827	0.006347	0.451656	0.255059	0.854957
12429	5.252380	0.066983	8.790091	0.021433	-0.016002	-0.008021	-0.750377	-0.409590	0.518816	0.482590	-0.875822	0.006547	0.451709	0.255288	0.854861
12430	5.253740	0.069406	8.789260	0.023116	-0.015070	-0.009694	-0.750358	-0.409441	0.518961	0.482586	-0.875822	0.006772	0.451745	0.255525	0.854771
12431	5.271927	0.110444	8.753565	0.018971	-0.021160	-0.008454	-0.750301	-0.409293	0.519161	0.482578	-0.875825	0.006953	0.451849	0.255753	0.854648
12432	5.306273	0.050661	8.784920	0.021444	-0.015990	-0.008021	-0.750278	-0.409141	0.519314	0.482561	-0.875833	0.007156	0.451904	0.255969	0.854554
12433	5.283956	0.028604	8.779540	0.024740	-0.019694	-0.009147	-0.750230	-0.408990	0.519501	0.482574	-0.875824	0.007390	0.451969	0.256242	0.854438
12434	5.335074	0.063856	8.735396	0.025644	-0.017663	-0.012514	-0.750209	-0.408819	0.519667	0.482572	-0.875823	0.007651	0.452008	0.256517	0.854335
12435	5.303704	0.045245	8.763168	0.027325	-0.019396	-0.014393	-0.750188	-0.408623	0.519852	0.482557	-0.875829	0.007934	0.452059	0.256810	0.854220
12436	5.296369	0.079284	8.774905	0.029791	-0.019558	-0.014373	-0.750176	-0.408412	0.520034	0.482537	-0.875837	0.008241	0.452099	0.257118	0.854106
12437	5.289044	0.113544	8.786614	0.032259	-0.019719	-0.014354	-0.750153	-0.408215	0.520221	0.482545	-0.875829	0.008566	0.452128	0.257456	0.853988
12438	5.325342	0.094205	8.725190	0.029861	-0.019317	-0.017005	-0.750152	-0.407987	0.520402	0.482512	-0.875844	0.008887	0.452166	0.257767	0.853875
12439	5.284852	0.135021	8.745424	0.037258	-0.014476	-0.016541	-0.750164	-0.407784	0.520545	0.482526	-0.875833	0.009266	0.452132	0.258127	0.853784
12440	5.302713	0.093990	8.770927	0.029875	-0.019302	-0.017002	-0.750164	-0.407555	0.520724	0.482493	-0.875848	0.009587	0.452168	0.258437	0.853671
12441	5.311608	0.167139	8.747878	0.034810	-0.014293	-0.016559	-0.750176	-0.407352	0.520865	0.482495	-0.875842	0.009945	0.452144	0.258776	0.853581
12442	5.289160	0.090528	8.783522	0.027426	-0.019122	-0.017018	-0.750174	-0.407129	0.521041	0.482457	-0.875860	0.010246	0.452188	0.259066	0.853470
12443	5.305596	0.149375	8.799527	0.031519	-0.018576	-0.016042	-0.750165	-0.406920	0.521218	0.482449	-0.875860	0.010574	0.452212	0.259393	0.853358
12444	5.325426	0.119115	8.752526	0.029062	-0.021071	-0.016261	-0.750145	-0.406708	0.521413	0.482434	-0.875865	0.010884	0.452261	0.259712	0.853235
12445	5.310737	0.111706	8.765863	0.029853	-0.019491	-0.014365	-0.750123	-0.406510	0.521598	0.482431	-0.875862	0.011188	0.452300	0.260027	0.853118
12446	5.312518	0.142779	8.744247	0.027395	-0.021986	-0.014583	-0.750093	-0.406307	0.521799	0.482418	-0.875866	0.011475	0.452364	0.260333	0.852991
12447	5.321792	0.159806	8.761779	0.029026	-0.021275	-0.013626	-0.750060	-0.406111	0.521999	0.482416	-0.875863	0.011769	0.452420	0.260649	0.852865
12448	5.276074	0.141409	8.731528	0.024889	-0.024701	-0.012165	-0.750011	-0.405912	0.522225	0.482398	-0.875870	0.012023	0.452521	0.260937	0.852723
12449	5.335009	0.162852	8.725924	0.026632	-0.026203	-0.016676	-0.749970	-0.405676	0.522466	0.482363	-0.875885	0.012312	0.452626	0.261252	0.852571
12450	5.346118	0.079549	8.753028	0.026521	-0.018653	-0.010810	-0.749939	-0.405510	0.522640	0.482370	-0.875878	0.012572	0.452671	0.261534	0.852461
12451	5.338738	0.113456	8.764641	0.028264	-0.020155	-0.015321	-0.749919	-0.405303	0.522830	0.482352	-0.875883	0.012868	0.452723	0.261838	0.852340
12452	5.323812	0.133593	8.757622	0.026583	-0.015752	-0.013244	-0.749913	-0.405122	0.522978	0.482340	-0.875885	0.013142	0.452745	0.262108	0.852245
12453	5.359548	0.169330	8.655285	0.032363	-0.016931	-0.014151	-0.749902	-0.404933	0.523141	0.482350	-0.875875	0.013466	0.452753	0.262436	0.852140
12454	5.319479	0.098236	8.757558	0.018359	-0.019725	-0.012747	-0.749881	-0.404736	0.523323	0.482293	-0.875903	0.013667	0.452849	0.262644	0.852025
12455	5.326183	0.214703	8.765759	0.020861	-0.006340	-0.014377	-0.749919	-0.404573	0.523395	0.482249	-0.875924	0.013895	0.452832	0.262827	0.851977
12456	5.330676	0.155882	8.681728	0.028187	-0.023236	-0.010248	-0.749865	-0.404398	0.523607	0.482265	-0.875911	0.014167	0.452904	0.263141	0.851842
12457	5.307135	0.150790	8.728281	0.019942	-0.019229	-0.009157	-0.749820	-0.404246	0.523790	0.482257	-0.875912	0.014360	0.452989	0.263368	0.851726
12458	5.356081	0.230236	8.715077	0.026442	-0.013729	-0.005147	-0.749783	-0.404143	0.523922	0.482307	-0.875881	0.014589	0.452997	0.263630	0.851641
12459	5.342985	0.121314	8.738549	0.016476	-0.018868	-0.000332	-0.749696	-0.404070	0.524103	0.482348	-0.875856	0.014707	0.453096	0.263826	0.851528
12460	5.351365	0.220382	8.694643	0.026442	-0.011059	-0.004952	-0.749671	-0.403973	0.524213	0.482396	-0.875826	0.014935	0.453086	0.264075	0.851456
12461	5.272107	0.151636	8.714759	0.018155	-0.015269	-0.001815	-0.749608	-0.403895	0.524363	0.482435	-0.875802	0.015074	0.453149	0.264270	0.851362
12462	5.394435	0.204174	8.723663	0.018954	-0.019015	-0.000315	-0.749527	-0.403815	0.524540	0.482480	-0.875775	0.015215	0.453235	0.264484	0.851250
12463	5.355479	0.170563	8.733316	0.022243	-0.009386	-0.000458	-0.749484	-0.403765	0.524640	0.482547	-0.875735	0.015382	0.453235	0.264692	0.851185
12464	5.340088	0.189211	8.726555	0.016483	-0.016192	-0.000132	-0.749413	-0.403697	0.524794	0.482586	-0.875711	0.015501	0.453310	0.264875	0.851088
12465	5.310547	0.151940	8.702759	0.013194	-0.023153	0.000208	-0.749305	-0.403617	0.525011	0.482617	-0.875693	0.015587	0.453457	0.265059	0.850953
12466	5.310609	0.198021	8.732940	0.018115	-0.015477	0.000819	-0.749232	-0.403559	0.525159	0.482671	-0.875661	0.015714	0.453519	0.265253	0.850859
12467	5.353998	0.162691	8.710903	0.022222	-0.017579	0.001590	-0.749142	-0.403505	0.525329	0.482754	-0.875612	0.015870	0.453580	0.265493	0.850751
12468	5.306242	0.214820	8.691657	0.010680	-0.023209	0.002832	-0.749025	-0.403444	0.525542	0.482789	-0.875592	0.015924	0.453736	0.265654	0.850618
12469	5.365362	0.151313	8.747795	0.018878	-0.022094	0.004760	-0.748899	-0.403406	0.525751	0.482880	-0.875540	0.016035	0.453847	0.265883	0.850487
12470	5.343098	0.183759	8.701330	0.024710	-0.020383	0.001408	-0.748801	-0.403340	0.525941	0.482968	-0.875488	0.016215	0.453914	0.266155	0.850367
12471	5.360174	0.212963	8.737217	0.010655	-0.028738	0.005083	-0.748643	-0.403287	0.526206	0.483024	-0.875456	0.016254	0.454115	0.266339	0.850202
12472	5.371833	0.155357	8.743752	0.016436	-0.027246	0.004363	-0.748500	-0.403230	0.526454	0.483099	-0.875413	0.016349	0.454273	0.266566	0.850046
12473	5.333218	0.204193	8.691141	0.014836	-0.019756	0.001357	-0.748401	-0.403168	0.526642	0.483146	-0.875385	0.016443	0.454386	0.266751	0.849928
12474	5.375441	0.185546	8.720738	0.018889	-0.019414	0.004952	-0.748291	-0.403134	0.526824	0.483233	-0.875335	0.016555	0.454474	0.266967	0.849813
12475	5.378608	0.169664	8.667789	0.014007	-0.021544	0.002104	-0.748180	-0.403074	0.527027	0.483282	-0.875306	0.016638	0.454604	0.267151	0.849685
12476	5.356187	0.201249	8.621391	0.011480	-0.018948	0.004918	-0.748070	-0.403045	0.527205	0.483340	-0.875274	0.016687	0.454723	0.267303	0.849574
12477	5.397179	0.171695	8.723486	0.014003	-0.018880	0.002296	-0.747971	-0.402994	0.527386	0.483391	-0.875244	0.016769	0.454834	0.267476	0.849460
12478	5.373468	0.220808	8.728852	0.019754	-0.022923	0.003822	-0.747849	-0.402943	0.527598	0.483476	-0.875194	0.016895	0.454943	0.267716	0.849326
12479	5.351563	0.197245	8.723684	0.009073	-0.021226	0.002084	-0.747739	-0.402884	0.527798	0.483503	-0.875179	0.016936	0.455095	0.267856	0.849201
12480	5.393652	0.205728	8.732579	0.013120	-0.018225	0.005868	-0.747629	-0.402862	0.527970	0.483573	-0.875139	0.016994	0.455201	0.268017	0.849093
12481	5.307046	0.204608	8.672258	0.008197	-0.023231	0.005466	-0.747494	-0.402827	0.528188	0.483620	-0.875113	0.017010	0.455372	0.268157	0.848957
12482	5.299349	0.197619	8.776605	0.004904	-0.027525	0.006013	-0.747341	-0.402783	0.528439	0.483655	-0.875094	0.016998	0.455587	0.268285	0.848801
12483	5.287467	0.142338	8.758336	0.006635	-0.039875	0.003374	-0.747140	-0.402684	0.528798	0.483680	-0.875080	0.017011	0.455890	0.268479	0.848577
12484	5.307556	0.181447	8.720575	0.014104	-0.050947	0.002639	-0.746896	-0.402547	0.529246	0.483730	-0.875050	0.017095	0.456236	0.268780	0.848296
12485	5.304036	0.158159	8.771414	0.014174	-0.064208	0.001689	-0.746592	-0.402368	0.529811	0.483777	-0.875023	0.017181	0.456683	0.269138	0.847942
12486	5.285780	0.190006	8.722478	0.015872	-0.074091	0.001876	-0.746245	-0.402164	0.530455	0.483833	-0.874990	0.017284	0.457192	0.269550	0.847537
12487	5.349439	0.143740	8.826986	0.012599	-0.094703	0.006560	-0.745777	-0.401945	0.531279	0.483909	-0.874947	0.017331	0.457875	0.270016	0.847020
12488	5.276687	0.185094	8.760772	0.025162	-0.100074	-0.001691	-0.745329	-0.401634	0.532142	0.483976	-0.874906	0.017531	0.458533	0.270610	0.846474
12489	5.304145	0.125403	8.729818	0.026785	-0.118722	0.008470	-0.744740	-0.401366	0.533168	0.484131	-0.874817	0.017688	0.459325	0.271296	0.845825
12490	5.312726	0.217287	8.785163	0.031112	-0.136416	0.005465	-0.744087	-0.401021	0.534338	0.484283	-0.874728	0.017900	0.460222	0.272090	0.845082
12491	5.213921	0.110893	8.777240	0.041243	-0.158095	0.003972	-0.743337	-0.400604	0.535693	0.484472	-0.874617	0.018202	0.461235	0.273059	0.844216
12492	5.301449	0.133254	8.820618	0.043248	-0.186130	0.000223	-0.742478	-0.400071	0.537280	0.484638	-0.874518	0.018544	0.462442	0.274155	0.843200
12493	5.228901	0.180758	8.782787	0.057668	-0.215047	-0.000895	-0.741483	-0.399451	0.539111	0.484868	-0.874381	0.019010	0.463795	0.275494	0.842020
12494	5.208835	0.167908	8.833570	0.063074	-0.252891	0.007046	-0.740276	-0.398791	0.541256	0.485179	-0.874198	0.019481	0.465396	0.277027	0.840632
12495	5.216443	0.180725	8.885894	0.079527	-0.293622	0.000666	-0.738900	-0.397960	0.543741	0.485524	-0.873992	0.020121	0.467218	0.278867	0.839012
12496	5.187117	0.214456	8.906012	0.086183	-0.339891	0.007144	-0.737276	-0.397047	0.546607	0.485946	-0.873742	0.020783	0.469341	0.280944	0.837132
12497	5.253027	0.188385	8.898219	0.097316	-0.392825	0.008739	-0.735381	-0.395993	0.549912	0.486438	-0.873450	0.021525	0.471797	0.283327	0.834945
12498	5.242089	0.193002	8.900387	0.117083	-0.452385	0.014257	-0.733174	-0.394805	0.553702	0.487060	-0.873081	0.022400	0.474583	0.286110	0.832414
12499	5.244696	0.212845	8.917872	0.128145	-0.511822	0.018943	-0.730641	-0.393476	0.557979	0.487778	-0.872656	0.023336	0.477741	0.289220	0.829527
12500	5.283440	0.093472	9.060142	0.135851	-0.589236	0.016268	-0.727738	-0.391880	0.562875	0.488513	-0.872217	0.024349	0.481407	0.292691	0.826183
12501	5.183567	0.162261	9.022579	0.173581	-0.649465	0.014405	-0.724525	-0.390070	0.568251	0.489425	-0.871667	0.025675	0.485311	0.296719	0.822454
12502	5.144690	0.262838	9.131786	0.172781	-0.766249	0.018144	-0.720702	-0.387910	0.574555	0.490361	-0.871102	0.026968	0.490035	0.301175	0.818021
12503	5.099241	0.318103	9.148432	0.189652	-0.879328	0.022763	-0.716254	-0.385416	0.581751	0.491427	-0.870457	0.028360	0.495459	0.306201	0.812872
12504	5.212781	0.421965	9.182935	0.188743	-1.013483	0.031763	-0.711049	-0.382534	0.589981	0.492555	-0.869775	0.029683	0.501796	0.311704	0.806871
12505	5.288710	0.458276	9.154073	0.192028	-1.145774	0.038230	-0.705066	-0.379238	0.599217	0.493765	-0.869044	0.030977	0.508998	0.317713	0.799987
12506	5.453620	0.307079	9.433181	0.186318	-1.301936	0.059505	-0.698093	-0.375549	0.609613	0.495099	-0.868244	0.032081	0.517245	0.324214	0.792050
12507	5.599316	0.143412	9.152743	0.232824	-1.418829	0.074176	-0.690321	-0.371519	0.620831	0.496796	-0.867223	0.033437	0.525976	0.331509	0.783231
12508	5.860501	0.112098	9.072902	0.260098	-1.587798	0.077575	-0.681509	-0.366837	0.633227	0.498669	-0.866087	0.034955	0.535607	0.339593	0.773176
12509	6.106527	-0.035020	8.745242	0.332233	-1.693217	0.068097	-0.672011	-0.361577	0.646268	0.500893	-0.864716	0.037051	0.545442	0.348610	0.762210
12510	6.125167	0.390654	8.659909	0.364812	-1.813484	0.049258	-0.661781	-0.355567	0.660014	0.503190	-0.863274	0.039468	0.555739	0.358232	0.750216
12511	6.793650	0.551034	8.534624	0.418137	-1.916283	0.042180	-0.650813	-0.348944	0.674300	0.505780	-0.861626	0.042278	0.566242	0.368563	0.737246
12512	7.038683	0.949897	8.931904	0.438029	-1.931613	0.133509	-0.639102	-0.342842	0.688483	0.509099	-0.859554	0.044554	0.576514	0.378980	0.723883
12513	7.128849	0.516988	7.924654	0.389939	-1.949421	0.151217	-0.626984	-0.336632	0.702546	0.512291	-0.857564	0.046281	0.586898	0.388925	0.710132
12514	7.534824	0.881581	7.845478	0.508736	-1.923847	0.196201	-0.614597	-0.330691	0.716180	0.516470	-0.854933	0.048455	0.596262	0.399666	0.696231
12515	7.730388	1.044349	7.835668	0.487106	-1.803920	0.272753	-0.602344	-0.325695	0.728770	0.521021	-0.852088	0.049828	0.604747	0.409718	0.682944
12516	8.013067	1.039359	7.517909	0.532195	-1.774985	0.327321	-0.589827	-0.321086	0.740951	0.526168	-0.848849	0.051008	0.612578	0.419951	0.669619
12517	8.329637	0.346507	6.955958	0.588542	-1.663050	0.355161	-0.577699	-0.317001	0.752180	0.531833	-0.845236	0.052246	0.619208	0.430216	0.656884
12518	8.259880	0.227261	6.953336	0.705318	-1.575384	0.343560	-0.566065	-0.313005	0.762626	0.538139	-0.841110	0.054221	0.624481	0.441092	0.644563
12519	8.326350	0.079202	6.875445	0.855499	-1.455593	0.345782	-0.555070	-0.309375	0.772130	0.545401	-0.836233	0.057020	0.628040	0.452771	0.632901
12520	8.252679	0.026192	6.240818	0.983303	-1.334114	0.335694	-0.544838	-0.306021	0.780706	0.553389	-0.830718	0.060574	0.630010	0.465037	0.621955
12521	8.059703	0.200824	6.078905	1.130697	-1.221866	0.335990	-0.535258	-0.303015	0.788467	0.562295	-0.824386	0.064900	0.630336	0.478090	0.611643
12522	7.917568	0.436715	5.892564	1.197620	-1.120740	0.329215	-0.526336	-0.300257	0.795498	0.571543	-0.817619	0.069551	0.629531	0.491269	0.601952
12523	8.204656	0.375728	5.639169	1.263341	-1.039867	0.333005	-0.517874	-0.297764	0.801962	0.581190	-0.810357	0.074428	0.627714	0.504637	0.592720
12524	8.068017	0.562711	5.453509	1.337945	-0.961640	0.337094	-0.509880	-0.295536	0.807887	0.591259	-0.802546	0.079578	0.624848	0.518246	0.583940
12525	7.971668	0.941034	5.362976	1.308032	-0.869869	0.358551	-0.502316	-0.293809	0.813237	0.601192	-0.794651	0.084248	0.621487	0.531231	0.575802
12526	7.913418	0.936794	5.219837	1.265787	-0.818311	0.370305	-0.495006	-0.292310	0.818244	0.610840	-0.786797	0.088460	0.617934	0.543605	0.568024
12527	7.849176	0.906979	5.215606	1.196149	-0.765505	0.383534	-0.487925	-0.291081	0.822923	0.620063	-0.779133	0.092054	0.614371	0.555180	0.560646
12528	7.609741	0.814989	5.264487	1.113487	-0.692421	0.381887	-0.481304	-0.290132	0.827146	0.628693	-0.771816	0.095103	0.610812	0.565795	0.553882
12529	7.112843	0.854654	5.860700	1.036675	-0.577498	0.376320	-0.475402	-0.289702	0.830702	0.636774	-0.764837	0.097688	0.607051	0.575411	0.548080
12530	5.726253	0.811159	7.302914	0.937578	-0.357242	0.373143	-0.470858	-0.290444	0.833028	0.644170	-0.758357	0.099699	0.602775	0.583556	0.544173
12531	3.227714	0.612973	10.334982	0.780309	0.068074	0.381262	-0.468794	-0.293697	0.833051	0.650613	-0.752695	0.100761	0.597440	0.589230	0.543943
12532	6.319184	0.358583	12.383962	0.633124	0.574737	0.369638	-0.469804	-0.299836	0.830291	0.656063	-0.747898	0.101138	0.590648	0.592239	0.548077
12533	2.407945	0.204523	11.056500	0.358205	1.281387	0.459423	-0.474292	-0.310818	0.823674	0.660302	-0.744405	0.099312	0.582279	0.590977	0.558299
12534	0.887822	-0.317139	9.701639	0.243743	1.558543	0.513496	-0.479912	-0.323788	0.815381	0.664109	-0.741385	0.096473	0.573275	0.587800	0.570830
12535	1.228396	-0.774015	9.396244	0.221446	1.678329	0.560829	-0.485716	-0.337743	0.806232	0.668045	-0.738262	0.093196	0.563734	0.583866	0.584213
12536	2.031079	-0.810512	9.585111	0.243611	1.836632	0.616851	-0.491860	-0.352935	0.795934	0.672364	-0.734768	0.089686	0.553173	0.579270	0.598703
12537	2.786798	-0.366269	9.998589	0.270690	2.050884	0.635526	-0.498794	-0.369391	0.784063	0.676963	-0.730940	0.086297	0.541226	0.573826	0.614653
12538	3.199675	0.104763	10.229270	0.238483	2.258891	0.630369	-0.506620	-0.386837	0.770515	0.681345	-0.727256	0.082871	0.528304	0.566971	0.632012
12539	3.394848	0.128185	10.099515	0.174179	2.420903	0.610955	-0.515071	-0.404870	0.755501	0.685346	-0.723886	0.079314	0.514785	0.558632	0.650328
12540	3.845418	-0.003518	9.971200	0.140593	2.508423	0.587977	-0.523802	-0.422976	0.739407	0.689048	-0.720738	0.075832	0.500843	0.549207	0.668975
12541	4.660106	-0.229117	10.095325	0.138890	2.558580	0.555015	-0.532598	-0.440867	0.722479	0.692637	-0.717613	0.072702	0.486408	0.539137	0.687560
12542	5.269731	0.096704	9.990640	0.140653	2.635044	0.564390	-0.541337	-0.458931	0.704511	0.696272	-0.714392	0.069638	0.471338	0.528229	0.706268
12543	5.436935	0.312265	10.094382	0.132950	2.622041	0.575767	-0.549478	-0.476714	0.686162	0.700002	-0.711032	0.066569	0.456148	0.516893	0.724397
12544	5.881507	0.511878	10.047272	0.131272	2.601546	0.575214	-0.557154	-0.494047	0.667456	0.703702	-0.707641	0.063619	0.440888	0.505136	0.741927
12545	6.228046	0.800637	10.151874	0.132636	2.565942	0.565892	-0.564280	-0.510827	0.648571	0.707424	-0.704163	0.060872	0.425605	0.493163	0.758716
12546	6.507191	1.047576	10.007987	0.136362	2.502183	0.525104	-0.571065	-0.526661	0.629693	0.710904	-0.700849	0.058541	0.410488	0.481082	0.774635
12547	6.805792	1.203584	9.892093	0.142285	2.416363	0.447920	-0.577616	-0.541252	0.611070	0.714025	-0.697808	0.056854	0.395638	0.469159	0.789532
12548	7.071493	1.402900	9.749756	0.135595	2.320641	0.336139	-0.584277	-0.554299	0.592768	0.716434	-0.695413	0.055889	0.381239	0.457333	0.803432
12549	7.180509	1.451235	9.476655	0.115262	2.207668	0.206885	-0.591061	-0.565683	0.575022	0.718056	-0.693761	0.055592	0.367481	0.445756	0.816247
12550	7.309653	1.478815	9.157250	0.096396	2.070026	0.073572	-0.598057	-0.575258	0.558038	0.718773	-0.692990	0.055944	0.354532	0.434560	0.827928
12551	7.468341	1.448992	8.898001	0.075083	1.917398	-0.045984	-0.605074	-0.583149	0.542055	0.718734	-0.692961	0.056799	0.342500	0.423961	0.838421
12552	7.638613	1.507169	8.567334	0.047052	1.768142	-0.141348	-0.612099	-0.589529	0.527058	0.717966	-0.693663	0.057928	0.331451	0.413868	0.847853
12553	7.714283	1.501704	8.192432	0.006439	1.616011	-0.232852	-0.619049	-0.594502	0.513172	0.716531	-0.695042	0.059169	0.321500	0.404332	0.856244
12554	7.696864	1.431501	7.766614	-0.025510	1.449505	-0.300191	-0.625843	-0.598164	0.500521	0.714517	-0.697001	0.060446	0.312707	0.395461	0.863612
12555	7.762285	1.338212	7.392726	-0.070565	1.276563	-0.360024	-0.632359	-0.600625	0.489256	0.712012	-0.699461	0.061590	0.305223	0.387303	0.869963
12556	7.761369	1.285235	7.064732	-0.104700	1.108634	-0.421996	-0.638753	-0.601874	0.479314	0.708953	-0.702464	0.062695	0.298966	0.379858	0.875401
12557	7.712962	1.929572	3.597359	-0.613828	0.350988	-0.213207	-0.641319	-0.601674	0.476128	0.705724	-0.706084	0.058308	0.301104	0.373409	0.877441
12558	11.998091	-0.672904	3.212236	-0.101218	-0.132298	-0.333781	-0.643313	-0.598776	0.477090	0.703218	-0.708524	0.058986	0.302710	0.373445	0.876872
12559	12.993557	-0.069109	5.772470	-0.283754	-0.050994	-0.246820	-0.644895	-0.596814	0.477413	0.700743	-0.711081	0.057649	0.305074	0.371722	0.876786
12560	11.296085	1.024176	5.472695	-0.218719	0.044613	-0.305628	-0.647203	-0.594764	0.476849	0.698050	-0.713764	0.057165	0.306358	0.369861	0.877125
12561	9.364600	1.351389	4.216156	-0.195751	0.001471	-0.375899	-0.649830	-0.592060	0.476641	0.694988	-0.716742	0.057213	0.307755	0.368438	0.877235
12562	8.031106	0.887868	3.439330	-0.255745	-0.196498	-0.418833	-0.652153	-0.588293	0.478130	0.691426	-0.720199	0.056946	0.310848	0.367729	0.876441
12563	7.583465	0.729347	2.980594	-0.306472	-0.426698	-0.429013	-0.653779	-0.583605	0.481642	0.687641	-0.723865	0.056295	0.315790	0.368001	0.874558
12564	7.859955	0.827666	2.936028	-0.340567	-0.700738	-0.363117	-0.654054	-0.578354	0.487565	0.684139	-0.727270	0.055058	0.322749	0.369574	0.871349
12565	14.457086	0.276950	5.727056	-0.251258	-1.036316	-0.264747	-0.652477	-0.572553	0.496445	0.681564	-0.729752	0.054152	0.331277	0.373692	0.866378
12566	16.814385	0.324087	9.409622	-0.605532	-0.225736	0.010245	-0.651668	-0.571760	0.498416	0.679574	-0.731980	0.048835	0.336909	0.370535	0.865561
12567	9.000285	-2.214426	2.691327	-0.743877	0.045712	0.190147	-0.650536	-0.573301	0.498126	0.678264	-0.733650	0.041420	0.341704	0.364806	0.866115
12568	7.775783	0.148090	6.903079	0.071501	-0.280179	0.289166	-0.647620	-0.574371	0.500685	0.680358	-0.731756	0.040572	0.343076	0.366920	0.864678
12569	8.158423	1.989668	12.162024	-0.333564	0.150359	0.232345	-0.646559	-0.576600	0.499494	0.680690	-0.731662	0.036499	0.344415	0.363599	0.865548
12570	1.061124	-2.610263	7.210468	-0.625254	0.144256	0.219991	-0.645569	-0.578709	0.498335	0.679922	-0.732672	0.029964	0.347775	0.358172	0.866467
12571	6.100403	-0.420104	10.140097	0.197567	-0.393844	0.087935	-0.643601	-0.577914	0.501790	0.681152	-0.731476	0.031208	0.349012	0.361881	0.864426
12572	5.514712	0.852930	9.366561	-0.250544	-0.110172	0.107725	-0.642490	-0.578281	0.502791	0.680939	-0.731786	0.028479	0.351466	0.360667	0.863939
12573	5.213961	0.358478	9.210154	-0.136878	-0.213364	0.104257	-0.641030	-0.578253	0.504681	0.681101	-0.731701	0.026746	0.353810	0.360884	0.862891
12574	4.793042	0.162878	9.114980	-0.197081	-0.223810	0.109654	-0.639496	-0.578225	0.506656	0.681075	-0.731805	0.024469	0.356624	0.360719	0.861801
12575	5.292456	0.108686	9.237207	-0.194205	-0.302807	0.099978	-0.637734	-0.577843	0.509307	0.680993	-0.731951	0.022264	0.359923	0.361032	0.860297
12576	5.636686	-0.359962	9.027852	-0.186507	-0.272514	0.098124	-0.636088	-0.577554	0.511686	0.680915	-0.732085	0.020137	0.362968	0.361224	0.858936
12577	5.852171	-0.257364	8.934231	-0.140797	-0.232397	0.075457	-0.634731	-0.577246	0.513716	0.680857	-0.732182	0.018516	0.365445	0.361519	0.857761
12578	5.750429	-0.216079	8.875202	-0.105011	-0.172809	0.059602	-0.633700	-0.577034	0.515224	0.680822	-0.732245	0.017286	0.367296	0.361730	0.856881
12579	6.272815	-0.251148	9.039004	-0.077829	-0.126619	0.050419	-0.632893	-0.576924	0.516337	0.680829	-0.732260	0.016334	0.368670	0.361875	0.856230
12580	5.376007	-0.199754	8.752449	-0.023329	-0.028979	0.037116	-0.632541	-0.577068	0.516608	0.680950	-0.732157	0.015919	0.369052	0.361854	0.856074
12581	5.506417	-0.120587	8.815202	-0.012845	-0.013969	0.024985	-0.632322	-0.577180	0.516752	0.681035	-0.732083	0.015655	0.369269	0.361825	0.855992
12582	5.464050	-0.031588	8.869751	0.008816	-0.015063	0.014266	-0.632177	-0.577207	0.516900	0.681129	-0.731996	0.015634	0.369345	0.361959	0.855903
12583	5.331118	0.010423	8.879223	0.014605	0.001220	0.012511	-0.632099	-0.577282	0.516911	0.681237	-0.731895	0.015669	0.369279	0.362043	0.855896
12584	5.336350	0.035418	8.855510	0.016847	0.010774	0.006735	-0.632100	-0.577347	0.516837	0.681313	-0.731822	0.015755	0.369137	0.362086	0.855939
12585	5.368325	-0.010401	8.841353	0.025098	0.016225	0.000385	-0.632160	-0.577388	0.516718	0.681383	-0.731753	0.015942	0.368905	0.362161	0.856007
12586	5.295142	0.006083	8.838602	0.035422	0.013513	-0.005763	-0.632256	-0.577371	0.516618	0.681449	-0.731685	0.016252	0.368618	0.362324	0.856062
12587	5.250477	0.099574	8.894454	0.026778	0.009920	-0.009980	-0.632364	-0.577313	0.516551	0.681459	-0.731670	0.016507	0.368415	0.362447	0.856097
12588	5.268255	0.050495	8.822277	0.031242	0.007737	-0.011441	-0.632478	-0.577235	0.516500	0.681473	-0.731650	0.016810	0.368194	0.362613	0.856122
12589	5.258620	0.130694	8.797948	0.034891	0.003867	-0.014511	-0.632593	-0.577122	0.516484	0.681484	-0.731631	0.017159	0.367973	0.362831	0.856125
12590	5.276702	0.139374	8.782673	0.030330	0.000759	-0.015389	-0.632709	-0.576989	0.516492	0.681470	-0.731637	0.017474	0.367802	0.363030	0.856114
12591	5.264051	0.161589	8.773965	0.024758	0.001272	-0.013123	-0.632806	-0.576876	0.516499	0.681453	-0.731647	0.017729	0.367667	0.363188	0.856104
12592	5.284291	0.193356	8.807693	0.027107	0.001042	-0.010632	-0.632889	-0.576779	0.516505	0.681456	-0.731638	0.017992	0.367517	0.363362	0.856095
12593	5.258159	0.142982	8.798032	0.021063	-0.001065	-0.005897	-0.632928	-0.576711	0.516532	0.681471	-0.731619	0.018178	0.367422	0.363507	0.856075
12594	5.216079	0.211904	8.730856	0.023600	0.001344	-0.003452	-0.632964	-0.576668	0.516537	0.681507	-0.731581	0.018374	0.367293	0.363654	0.856068
12595	5.230756	0.218480	8.788557	0.014733	-0.003153	0.001258	-0.632947	-0.576645	0.516584	0.681544	-0.731544	0.018469	0.367254	0.363764	0.856037
12596	5.231327	0.162042	8.731232	0.009168	-0.002640	0.003530	-0.632921	-0.576637	0.516624	0.681571	-0.731518	0.018505	0.367249	0.363828	0.856012
12597	5.260048	0.181569	8.732570	-0.001048	-0.002582	0.007308	-0.632864	-0.576661	0.516667	0.681589	-0.731503	0.018433	0.367314	0.363820	0.855988
12598	5.292130	0.100006	8.782783	0.000677	-0.001862	0.008148	-0.632810	-0.576690	0.516702	0.681614	-0.731481	0.018373	0.367362	0.363818	0.855968
12599	5.267069	0.137766	8.765287	0.002589	0.001497	0.008940	-0.632757	-0.576740	0.516710	0.681655	-0.731445	0.018324	0.367377	0.363813	0.855964
12600	5.244467	0.142130	8.739632	0.004566	-0.004008	0.011528	-0.632671	-0.576787	0.516763	0.681716	-0.731389	0.018280	0.367411	0.363851	0.855933
