// General information: 
//  MT Manager version: 2022.2.0 
//  XDA version: 2022.2.0 build 7381 rev 124627 built on 2023-07-19
// Device information: 
//  DeviceId: 00B4CAF0
//  ProductCode: MTW2-3A7G6
//  Firmware Version: 4.6.0
//  Hardware Version: 2.0.0
// Device settings: 
//  Filter Profile: human(46.1)
//  Option Flags: Orientation Smoother Disabled, Position/Velocity Smoother Disabled, Continuous Zero Rotation Update Disabled, AHS Disabled, ICC Disabled
// Coordinate system: ENU
PacketCounter	Acc_X	Acc_Y	Acc_Z	Gyr_X	Gyr_Y	Gyr_Z	Mat[1][1]	Mat[2][1]	Mat[3][1]	Mat[1][2]	Mat[2][2]	Mat[3][2]	Mat[1][3]	Mat[2][3]	Mat[3][3]
05047	1.627818	-1.218156	10.425382	0.450192	-0.043829	-0.339842	0.674489	0.728248	0.121325	-0.722375	0.684914	-0.095224	-0.152443	-0.023414	0.988035
05048	1.268562	-1.078024	10.349280	0.431936	-0.027837	-0.311268	0.676709	0.726089	0.121900	-0.720897	0.687089	-0.090647	-0.149574	-0.026535	0.988394
05049	1.092499	-0.924706	10.110170	0.398609	-0.034268	-0.266523	0.678590	0.724230	0.122503	-0.719654	0.688928	-0.086468	-0.147018	-0.029484	0.988694
05050	1.067160	-0.848357	9.981354	0.349382	-0.059328	-0.211211	0.680038	0.722738	0.123279	-0.718702	0.690368	-0.082824	-0.144968	-0.032278	0.988910
05051	1.161763	-0.835720	9.960847	0.301113	-0.086189	-0.150974	0.681009	0.721651	0.124282	-0.718082	0.691375	-0.079746	-0.143474	-0.034937	0.989037
05052	1.255420	-0.770395	10.005422	0.247778	-0.105542	-0.090883	0.681527	0.720968	0.125408	-0.717790	0.691961	-0.077253	-0.142474	-0.037367	0.989093
05053	1.279690	-0.731605	10.146698	0.203877	-0.109175	-0.033891	0.681625	0.720676	0.126541	-0.717822	0.692144	-0.075280	-0.141837	-0.039521	0.989101
05054	1.157951	-0.714686	10.197352	0.163426	-0.111834	0.022793	0.681319	0.720772	0.127641	-0.718183	0.691934	-0.073763	-0.141485	-0.041413	0.989074
05055	1.067099	-0.580525	10.167899	0.131316	-0.119045	0.060986	0.680723	0.721129	0.128800	-0.718757	0.691457	-0.072629	-0.141435	-0.043136	0.989007
05056	1.030946	-0.515543	10.089507	0.095475	-0.130613	0.085943	0.679936	0.721648	0.130041	-0.719451	0.690815	-0.071867	-0.141697	-0.044693	0.988901
05057	1.085375	-0.396047	10.080095	0.068307	-0.154465	0.103385	0.678983	0.722278	0.131520	-0.720224	0.690056	-0.071413	-0.142336	-0.046235	0.988738
05058	1.285798	-0.364975	10.196805	0.035210	-0.162812	0.104358	0.678014	0.722904	0.133066	-0.720956	0.689306	-0.071273	-0.143247	-0.047610	0.988541
05059	1.513925	-0.424356	10.265079	0.020443	-0.158208	0.079266	0.677226	0.723359	0.134599	-0.721496	0.688742	-0.071263	-0.144252	-0.048851	0.988334
05060	1.621926	-0.501474	10.372547	0.023556	-0.140098	0.035143	0.676785	0.723515	0.135969	-0.721741	0.688497	-0.071148	-0.145091	-0.049982	0.988155
05061	1.637405	-0.557298	10.305130	0.036663	-0.125857	-0.028437	0.676820	0.723239	0.137259	-0.721574	0.688705	-0.070831	-0.145759	-0.051103	0.987999
05062	1.489938	-0.607170	10.203914	0.062923	-0.117684	-0.090620	0.677318	0.722536	0.138496	-0.721025	0.689348	-0.070154	-0.146161	-0.052343	0.987875
05063	1.440923	-0.583079	10.114062	0.072599	-0.125659	-0.148291	0.678217	0.721428	0.139868	-0.720097	0.690403	-0.069314	-0.146570	-0.053709	0.987741
05064	1.524500	-0.625665	10.162296	0.082716	-0.127475	-0.194768	0.679447	0.719996	0.141272	-0.718869	0.691783	-0.068293	-0.146900	-0.055155	0.987612
05065	1.584180	-0.692771	10.169575	0.088411	-0.136240	-0.226167	0.680885	0.718335	0.142798	-0.717431	0.693383	-0.067181	-0.147272	-0.056705	0.987469
05066	1.682773	-0.799797	10.224247	0.093416	-0.142309	-0.251523	0.682493	0.716489	0.144381	-0.715827	0.695155	-0.065967	-0.147632	-0.058330	0.987321
05067	1.816104	-0.814103	10.242874	0.101962	-0.138328	-0.273698	0.684260	0.714483	0.145954	-0.714076	0.697077	-0.064645	-0.147929	-0.059988	0.987177
05068	1.947653	-0.822802	10.303488	0.103635	-0.123956	-0.286803	0.686138	0.712388	0.147371	-0.712237	0.699081	-0.063272	-0.148098	-0.061550	0.987055
05069	1.975306	-0.823010	10.289839	0.100215	-0.106475	-0.284498	0.688019	0.710310	0.148629	-0.710400	0.701067	-0.061943	-0.148198	-0.062968	0.986951
05070	1.968736	-0.812725	10.274497	0.092267	-0.093473	-0.286931	0.689931	0.708218	0.149738	-0.708532	0.703065	-0.060674	-0.148246	-0.064233	0.986862
05071	1.914444	-0.827580	10.288926	0.080477	-0.076984	-0.278633	0.691805	0.706185	0.150696	-0.706694	0.705009	-0.059543	-0.148290	-0.065304	0.986785
05072	1.835094	-0.874848	10.221189	0.079199	-0.067014	-0.264770	0.693589	0.704255	0.151523	-0.704950	0.706846	-0.058431	-0.148254	-0.066289	0.986725
05073	1.765581	-0.828750	10.187126	0.076390	-0.057253	-0.251395	0.695290	0.702415	0.152265	-0.703285	0.708589	-0.057377	-0.148195	-0.067192	0.986673
05074	1.663892	-0.828514	10.128557	0.068637	-0.055917	-0.237462	0.696891	0.700675	0.152962	-0.701706	0.710230	-0.056407	-0.148161	-0.068025	0.986621
05075	1.677091	-0.796158	10.154423	0.065459	-0.058531	-0.223815	0.698388	0.699022	0.153696	-0.700209	0.711777	-0.055500	-0.148192	-0.068859	0.986558
05076	1.649842	-0.720241	10.174807	0.061888	-0.052513	-0.210344	0.699797	0.697469	0.154340	-0.698803	0.713225	-0.054635	-0.148185	-0.069620	0.986506
05077	1.566379	-0.717367	10.130432	0.057897	-0.053490	-0.201459	0.701138	0.695972	0.155008	-0.697446	0.714613	-0.053834	-0.148238	-0.070364	0.986445
05078	1.506627	-0.637429	10.106833	0.043949	-0.057555	-0.191266	0.702401	0.694546	0.155688	-0.696141	0.715933	-0.053173	-0.148393	-0.071032	0.986374
05079	1.390978	-0.627082	10.060525	0.040471	-0.069873	-0.179741	0.703561	0.693188	0.156503	-0.694907	0.717175	-0.052576	-0.148685	-0.071764	0.986277
05080	1.412332	-0.586331	10.027962	0.026787	-0.083236	-0.167895	0.704618	0.691905	0.157421	-0.693736	0.718341	-0.052118	-0.149143	-0.072486	0.986155
05081	1.539559	-0.602393	10.088049	0.012948	-0.099915	-0.152176	0.705535	0.690719	0.158515	-0.692653	0.719406	-0.051834	-0.149839	-0.073226	0.985995
05082	1.693140	-0.596612	10.145748	-0.005545	-0.101618	-0.133529	0.706322	0.689665	0.159597	-0.691674	0.720354	-0.051745	-0.150653	-0.073840	0.985825
05083	1.821797	-0.662290	10.266595	-0.017570	-0.094688	-0.114940	0.706985	0.688748	0.160619	-0.690806	0.721181	-0.051818	-0.151525	-0.074322	0.985655
05084	1.951118	-0.737651	10.303234	-0.023539	-0.078896	-0.101643	0.707582	0.687938	0.161459	-0.690023	0.721921	-0.051956	-0.152303	-0.074648	0.985511
05085	1.994658	-0.803215	10.280713	-0.019724	-0.064872	-0.103795	0.708210	0.687121	0.162183	-0.689228	0.722671	-0.052066	-0.152980	-0.074907	0.985386
05086	1.881482	-0.727354	10.241294	-0.004136	-0.049561	-0.105786	0.708878	0.686301	0.162736	-0.688444	0.723423	-0.052004	-0.153417	-0.075170	0.985298
05087	1.811152	-0.620638	10.214255	0.009841	-0.037499	-0.118175	0.709645	0.685398	0.163197	-0.687591	0.724249	-0.051798	-0.153698	-0.075455	0.985233
05088	1.789201	-0.590746	10.196042	-0.004368	-0.047210	-0.120583	0.710416	0.684471	0.163735	-0.686699	0.725100	-0.051714	-0.154121	-0.075699	0.985148
05089	1.800947	-0.571600	10.179239	-0.007361	-0.051504	-0.124833	0.711204	0.683507	0.164338	-0.685771	0.725982	-0.051665	-0.154620	-0.075953	0.985050
05090	1.776712	-0.615813	10.154069	-0.013246	-0.055600	-0.131506	0.712034	0.682491	0.164963	-0.684786	0.726912	-0.051648	-0.155164	-0.076189	0.984946
05091	1.799282	-0.681867	10.160078	-0.017869	-0.058900	-0.130583	0.712847	0.681477	0.165642	-0.683797	0.727839	-0.051693	-0.155788	-0.076417	0.984830
05092	1.863656	-0.663177	10.200406	-0.018825	-0.058692	-0.127303	0.713640	0.680487	0.166296	-0.682831	0.728742	-0.051736	-0.156392	-0.076631	0.984718
05093	1.868051	-0.740051	10.150367	-0.021330	-0.058702	-0.124513	0.714409	0.679515	0.166969	-0.681879	0.729627	-0.051823	-0.157040	-0.076830	0.984599
05094	1.836610	-0.752249	10.121460	-0.022696	-0.059751	-0.118360	0.715136	0.678587	0.167629	-0.680968	0.730470	-0.051917	-0.157678	-0.077022	0.984482
05095	1.786391	-0.771332	10.078659	-0.031858	-0.067890	-0.108370	0.715777	0.677724	0.168385	-0.680113	0.731252	-0.052133	-0.158464	-0.077205	0.984342
05096	1.756614	-0.789308	10.007468	-0.032546	-0.075745	-0.097796	0.716336	0.676932	0.169192	-0.679332	0.731961	-0.052358	-0.159284	-0.077432	0.984191
05097	1.721628	-0.820932	9.994050	-0.034492	-0.091582	-0.094213	0.716838	0.676154	0.170173	-0.678572	0.732646	-0.052623	-0.160258	-0.077753	0.984008
05098	1.771157	-0.814917	9.977495	-0.038245	-0.107071	-0.084013	0.717251	0.675436	0.171281	-0.677879	0.733266	-0.052924	-0.161342	-0.078148	0.983800
05099	1.739516	-0.851847	9.921454	-0.043839	-0.120723	-0.075299	0.717573	0.674773	0.172540	-0.677240	0.733828	-0.053313	-0.162588	-0.078595	0.983559
05100	1.813366	-0.891571	9.937260	-0.044163	-0.131827	-0.069428	0.717842	0.674142	0.173883	-0.676640	0.734353	-0.053696	-0.163890	-0.079112	0.983301
05101	1.868950	-0.933632	9.980975	-0.048598	-0.146515	-0.057364	0.717995	0.673589	0.175385	-0.676122	0.734797	-0.054161	-0.165354	-0.079695	0.983009
05102	1.892257	-0.966768	10.023174	-0.049884	-0.149072	-0.043106	0.718054	0.673135	0.176884	-0.675700	0.735149	-0.054644	-0.166819	-0.080283	0.982714
05103	1.882844	-0.989945	10.064198	-0.033192	-0.155055	-0.034323	0.718031	0.672745	0.178456	-0.675372	0.735424	-0.054998	-0.168240	-0.081034	0.982410
05104	1.884474	-0.972665	10.115668	-0.026875	-0.151143	-0.022479	0.717942	0.672438	0.179964	-0.675136	0.735619	-0.055290	-0.169564	-0.081805	0.982118
05105	1.924535	-0.946156	10.152438	-0.011162	-0.148273	-0.019100	0.717821	0.672165	0.181460	-0.674955	0.735772	-0.055455	-0.170788	-0.082670	0.981833
05106	1.845491	-0.904645	10.088739	-0.000998	-0.145903	-0.013861	0.717679	0.671923	0.182910	-0.674824	0.735888	-0.055508	-0.171899	-0.083595	0.981561
05107	1.802504	-0.922720	10.045420	0.007837	-0.150305	-0.009959	0.717488	0.671714	0.184420	-0.674743	0.735963	-0.055505	-0.173009	-0.084612	0.981279
05108	1.776335	-0.882788	9.996560	0.015905	-0.158404	-0.006013	0.717268	0.671517	0.185988	-0.674698	0.736012	-0.055406	-0.174095	-0.085745	0.980989
05109	1.851283	-0.858225	10.076247	0.019123	-0.173788	0.004190	0.716936	0.671390	0.187719	-0.674740	0.735980	-0.055319	-0.175298	-0.087001	0.980664
05110	1.932379	-0.820367	10.097515	0.016167	-0.176016	0.025091	0.716471	0.671402	0.189441	-0.674918	0.735820	-0.055276	-0.176507	-0.088254	0.980335
05111	1.944695	-0.837038	10.110155	0.015838	-0.178735	0.036024	0.715909	0.671503	0.191201	-0.675184	0.735575	-0.055283	-0.177765	-0.089518	0.979993
05112	1.962141	-0.840574	10.064678	0.013085	-0.181505	0.049801	0.715264	0.671687	0.192962	-0.675533	0.735251	-0.055318	-0.179032	-0.090785	0.979646
05113	1.985846	-0.818317	10.087303	0.017252	-0.184182	0.063585	0.714500	0.671982	0.194758	-0.676000	0.734819	-0.055367	-0.180318	-0.092097	0.979287
05114	2.067563	-0.781542	10.107697	0.019833	-0.181089	0.070621	0.713709	0.672314	0.196503	-0.676509	0.734349	-0.055379	-0.181534	-0.093411	0.978938
05115	2.115847	-0.735146	10.127467	0.023469	-0.177537	0.072895	0.712888	0.672679	0.198227	-0.677054	0.733846	-0.055389	-0.182727	-0.094725	0.978590
05116	2.152650	-0.728090	10.137137	0.024363	-0.173172	0.071358	0.712101	0.673019	0.199892	-0.677576	0.733366	-0.055360	-0.183853	-0.096020	0.978253
05117	2.174488	-0.708773	10.117686	0.036605	-0.163910	0.060699	0.711383	0.673303	0.201489	-0.678058	0.732932	-0.055219	-0.184857	-0.097339	0.977933
05118	2.182284	-0.672881	10.111210	0.037241	-0.162554	0.049233	0.710762	0.673486	0.203062	-0.678446	0.732587	-0.055023	-0.185818	-0.098659	0.977619
05119	2.178607	-0.676066	10.094829	0.040518	-0.159344	0.039158	0.710194	0.673612	0.204625	-0.678782	0.732292	-0.054802	-0.186761	-0.099976	0.977305
05120	2.196568	-0.727770	10.068828	0.045280	-0.159220	0.033395	0.709684	0.673677	0.206173	-0.679073	0.732045	-0.054496	-0.187641	-0.101332	0.976997
05121	2.181189	-0.769152	10.042777	0.052151	-0.157007	0.023785	0.709222	0.673689	0.207722	-0.679321	0.731842	-0.054131	-0.188487	-0.102719	0.976689
05122	2.146096	-0.816065	10.003857	0.055270	-0.160399	0.021401	0.708788	0.673661	0.209287	-0.679547	0.731664	-0.053704	-0.189306	-0.104156	0.976378
05123	2.118946	-0.836496	10.032999	0.057948	-0.168330	0.025732	0.708286	0.673672	0.210943	-0.679822	0.731439	-0.053289	-0.190191	-0.105660	0.976045
05124	2.098228	-0.898706	9.981283	0.063163	-0.173824	0.038551	0.707707	0.673750	0.212630	-0.680184	0.731135	-0.052821	-0.191049	-0.107245	0.975704
05125	2.112534	-0.965730	9.971613	0.070733	-0.184328	0.039535	0.707077	0.673840	0.214434	-0.680583	0.730801	-0.052313	-0.191959	-0.108951	0.975337
05126	2.178632	-0.979853	9.997344	0.086991	-0.188854	0.048405	0.706399	0.673968	0.216261	-0.681062	0.730403	-0.051636	-0.192759	-0.110811	0.974969
05127	2.215866	-0.969594	9.964829	0.105948	-0.199240	0.052080	0.705649	0.674128	0.218202	-0.681620	0.729940	-0.050816	-0.193531	-0.112873	0.974580
05128	2.256846	-0.948875	10.016233	0.119024	-0.202102	0.050463	0.704927	0.674247	0.220156	-0.682176	0.729488	-0.049834	-0.194202	-0.115056	0.974191
05129	2.283313	-0.975214	9.974083	0.135037	-0.205144	0.051164	0.704167	0.674386	0.222154	-0.682786	0.728991	-0.048732	-0.194813	-0.117369	0.973793
05130	2.244975	-1.035489	9.910444	0.161942	-0.204590	0.045445	0.703472	0.674456	0.224135	-0.683391	0.728517	-0.047324	-0.195204	-0.119881	0.973409
05131	2.297695	-0.850115	9.915454	0.177579	-0.224327	0.035920	0.702771	0.674455	0.226326	-0.683982	0.728061	-0.045780	-0.195655	-0.122630	0.972975
05132	2.245846	-0.903439	9.923157	0.190671	-0.241426	0.026845	0.702129	0.674332	0.228672	-0.684513	0.727668	-0.044053	-0.196104	-0.125598	0.972506
05133	2.271619	-0.816325	9.883012	0.206000	-0.253392	0.032336	0.701396	0.674251	0.231146	-0.685133	0.727193	-0.042227	-0.196559	-0.128748	0.972002
05134	2.420526	-0.809997	9.973368	0.206140	-0.261204	0.039461	0.700626	0.674179	0.233678	-0.685785	0.726684	-0.040382	-0.197035	-0.131960	0.971475
05135	2.564448	-0.757890	10.000952	0.208055	-0.260414	0.052084	0.699736	0.674221	0.236210	-0.686553	0.726055	-0.038588	-0.197519	-0.135169	0.970935
05136	2.609917	-0.732683	10.008140	0.204337	-0.256155	0.078539	0.698704	0.674422	0.238677	-0.687475	0.725272	-0.036858	-0.197964	-0.138332	0.970399
05137	2.611687	-0.726515	9.948873	0.195876	-0.246013	0.104523	0.697479	0.674847	0.241050	-0.688587	0.724293	-0.035314	-0.198422	-0.141353	0.969870
05138	2.532102	-0.574345	9.947432	0.191646	-0.251284	0.128823	0.696106	0.675402	0.243452	-0.689834	0.723176	-0.033834	-0.198910	-0.144389	0.969323
05139	2.498276	-0.573267	9.947598	0.174838	-0.251106	0.157634	0.694493	0.676191	0.245856	-0.691277	0.721853	-0.032633	-0.199538	-0.147291	0.968757
05140	2.521910	-0.504985	9.963537	0.161130	-0.254338	0.184071	0.692725	0.677122	0.248270	-0.692845	0.720394	-0.031593	-0.200245	-0.150127	0.968176
05141	2.591942	-0.465556	9.964924	0.138783	-0.261612	0.215624	0.690685	0.678288	0.250758	-0.694609	0.718724	-0.030894	-0.201181	-0.152841	0.967557
05142	2.593339	-0.413957	9.926148	0.129343	-0.262671	0.243782	0.688474	0.679615	0.253234	-0.696519	0.716897	-0.030323	-0.202150	-0.155506	0.966930
05143	2.580824	-0.415592	9.937831	0.109106	-0.264604	0.267581	0.686051	0.681127	0.255734	-0.698573	0.714907	-0.030056	-0.203298	-0.158029	0.966280
05144	2.643983	-0.349781	9.934228	0.097064	-0.268221	0.278811	0.683568	0.682672	0.258251	-0.700649	0.712879	-0.029900	-0.204514	-0.160504	0.965615
05145	2.707775	-0.285648	9.930105	0.086745	-0.271002	0.289019	0.680960	0.684307	0.260803	-0.702796	0.710762	-0.029920	-0.205843	-0.162917	0.964928
05146	2.760611	-0.195178	9.879986	0.077356	-0.266903	0.295246	0.678345	0.685946	0.263299	-0.704931	0.708640	-0.030013	-0.207171	-0.165249	0.964247
05147	2.735484	-0.068713	9.845741	0.058087	-0.263326	0.292420	0.675712	0.687589	0.265771	-0.707026	0.706537	-0.030332	-0.208633	-0.167411	0.963559
05148	2.726181	0.033858	9.898819	0.037486	-0.268460	0.289414	0.673115	0.689161	0.268279	-0.709025	0.704510	-0.030809	-0.210237	-0.169478	0.962849
05149	2.766231	0.067963	9.899124	0.012730	-0.269234	0.277047	0.670559	0.690663	0.270806	-0.710906	0.702579	-0.031538	-0.212045	-0.171370	0.962117
05150	2.818300	0.083193	9.886118	-0.010132	-0.265295	0.266903	0.668108	0.692061	0.273282	-0.712640	0.700780	-0.032426	-0.213952	-0.173088	0.961387
05151	2.778199	0.050988	9.802678	-0.032246	-0.268230	0.244144	0.665772	0.693312	0.275803	-0.714189	0.699150	-0.033509	-0.216059	-0.174666	0.960630
05152	2.848893	0.001419	9.838668	-0.049817	-0.271135	0.224055	0.663596	0.694383	0.278340	-0.715539	0.697712	-0.034673	-0.218277	-0.176154	0.959857
05153	2.836430	-0.071805	9.829007	-0.061809	-0.276425	0.195739	0.661570	0.695266	0.280946	-0.716689	0.696467	-0.035914	-0.220639	-0.177592	0.959051
05154	2.891693	-0.217874	9.835734	-0.069511	-0.279692	0.169086	0.659752	0.695926	0.283576	-0.717620	0.695445	-0.037122	-0.223045	-0.179009	0.958231
05155	2.921389	-0.279723	9.848081	-0.071220	-0.283477	0.138375	0.658106	0.696384	0.286262	-0.718360	0.694617	-0.038297	-0.225512	-0.180435	0.957386
05156	2.953536	-0.380120	9.822082	-0.072988	-0.287131	0.116187	0.656634	0.696653	0.288975	-0.718926	0.693969	-0.039395	-0.227984	-0.181884	0.956526
05157	2.990534	-0.474955	9.837423	-0.078990	-0.286168	0.101713	0.655231	0.696841	0.291694	-0.719399	0.693413	-0.040544	-0.230517	-0.183279	0.955652
05158	3.031901	-0.659038	9.834842	-0.071590	-0.292316	0.095627	0.653879	0.696948	0.294457	-0.719827	0.692908	-0.041572	-0.233005	-0.184775	0.954760
05159	3.092107	-0.786179	9.822232	-0.062946	-0.293665	0.086537	0.652552	0.697009	0.297246	-0.720231	0.692429	-0.042527	-0.235464	-0.186335	0.953853
05160	3.166274	-0.873369	9.816784	-0.051035	-0.291105	0.099883	0.651157	0.697137	0.299989	-0.720729	0.691858	-0.043376	-0.237789	-0.187966	0.952956
05161	3.241843	-0.983461	9.928432	-0.046440	-0.284436	0.111691	0.649654	0.697380	0.302672	-0.721332	0.691174	-0.044255	-0.240061	-0.189577	0.952067
05162	3.304400	-1.092475	9.898167	-0.035697	-0.274904	0.132540	0.648049	0.697755	0.305239	-0.722073	0.690347	-0.045061	-0.242163	-0.191204	0.951209
05163	3.307231	-1.211591	9.877434	-0.017011	-0.264458	0.155239	0.646263	0.698327	0.307706	-0.723026	0.689301	-0.045800	-0.244085	-0.192881	0.950378
05164	3.280539	-1.300760	9.843285	0.009575	-0.259001	0.177487	0.644359	0.699030	0.310095	-0.724161	0.688073	-0.046320	-0.245748	-0.194712	0.949576
05165	3.239325	-1.320444	9.803276	0.036561	-0.254987	0.199214	0.642262	0.699912	0.312445	-0.725524	0.686610	-0.046697	-0.247212	-0.196695	0.948787
05166	3.242741	-1.417301	9.767306	0.063697	-0.253453	0.231786	0.639965	0.700983	0.314751	-0.727135	0.684892	-0.046883	-0.248435	-0.198863	0.948016
05167	3.223707	-1.478925	9.759433	0.088633	-0.262902	0.269788	0.637317	0.702318	0.317137	-0.729073	0.682820	-0.047003	-0.249558	-0.201260	0.947214
05168	3.214841	-1.517000	9.776378	0.115054	-0.261084	0.305572	0.634448	0.703854	0.319476	-0.731270	0.680470	-0.046949	-0.250439	-0.203836	0.946431
05169	3.237559	-1.604505	9.752260	0.143752	-0.267679	0.346902	0.631202	0.705682	0.321866	-0.733824	0.677725	-0.046812	-0.251171	-0.206645	0.945627
05170	3.350017	-1.654085	9.752597	0.171496	-0.271959	0.390532	0.627661	0.707739	0.324264	-0.736680	0.674640	-0.046515	-0.251682	-0.209683	0.944822
05171	3.381837	-1.717322	9.753420	0.204255	-0.271793	0.438347	0.623702	0.710140	0.326647	-0.739939	0.671091	-0.046127	-0.251966	-0.212929	0.944020
05172	3.328356	-1.731560	9.676166	0.237126	-0.268258	0.490694	0.619400	0.712830	0.328964	-0.743553	0.667123	-0.045561	-0.251936	-0.216381	0.943243
05173	3.195615	-1.640529	9.541431	0.263791	-0.275217	0.541179	0.614628	0.715858	0.331330	-0.747562	0.662667	-0.044979	-0.251760	-0.220045	0.942442
05174	3.063248	-1.535871	9.520846	0.287672	-0.296670	0.602354	0.609380	0.719159	0.333867	-0.751940	0.657739	-0.044335	-0.251481	-0.224031	0.941577
05175	2.948961	-1.353054	9.371264	0.306235	-0.324571	0.651670	0.603597	0.722730	0.336649	-0.756672	0.652328	-0.043761	-0.251233	-0.228319	0.940613
05176	2.969895	-1.193546	9.301249	0.314015	-0.354384	0.714961	0.597294	0.726538	0.339679	-0.761721	0.646457	-0.043289	-0.251039	-0.232885	0.939545
05177	3.019725	-1.042586	9.297840	0.304408	-0.387067	0.773995	0.590349	0.730647	0.342991	-0.767095	0.640077	-0.043199	-0.251104	-0.237605	0.938345
05178	3.023523	-0.882957	9.155239	0.290195	-0.413462	0.832752	0.582914	0.734940	0.346518	-0.772677	0.633313	-0.043410	-0.251358	-0.242442	0.937038
05179	2.869561	-0.723082	9.071229	0.276808	-0.450705	0.885951	0.574848	0.739458	0.350360	-0.778518	0.626076	-0.044033	-0.251913	-0.247449	0.935579
05180	2.748270	-0.618136	8.945260	0.250475	-0.502899	0.929777	0.566327	0.743970	0.354657	-0.784424	0.618588	-0.045031	-0.252889	-0.252699	0.933911
05181	2.562897	-0.466407	8.709572	0.209565	-0.560210	0.964270	0.557249	0.748512	0.359449	-0.790389	0.610827	-0.046648	-0.254477	-0.258110	0.931998
05182	1.931527	-0.267168	8.259404	0.150890	-0.655096	0.977403	0.547836	0.752718	0.365090	-0.796144	0.603133	-0.048845	-0.256964	-0.263905	0.929690
05183	1.729765	0.174438	8.136873	0.078568	-0.821880	0.989278	0.537736	0.756499	0.372223	-0.801735	0.595423	-0.051892	-0.260886	-0.270520	0.926692
05184	2.411276	0.510831	7.866581	-0.028595	-0.974235	0.982444	0.527281	0.759626	0.380715	-0.806860	0.588091	-0.055915	-0.266369	-0.277700	0.923001
05185	3.099980	1.005823	6.911613	-0.176236	-1.124226	0.910763	0.516807	0.761837	0.390532	-0.811155	0.581622	-0.061176	-0.273748	-0.285165	0.918555
05186	4.922621	3.331740	5.478866	-0.644096	-1.303764	0.720512	0.507323	0.762241	0.402009	-0.813011	0.578027	-0.069989	-0.285721	-0.291331	0.912957
05187	7.399377	8.566710	5.918849	-2.075911	-1.269813	0.290763	0.501137	0.760275	0.413332	-0.808305	0.581818	-0.090170	-0.309037	-0.288911	0.906105
05188	9.480309	7.688717	8.602584	-4.989991	-0.788618	-0.136798	0.499635	0.757267	0.420609	-0.791065	0.596728	-0.134659	-0.352962	-0.265449	0.897193
05189	3.271423	-14.158096	5.365789	-6.606757	-0.995261	-0.299078	0.498175	0.752950	0.429987	-0.764331	0.615496	-0.192256	-0.409414	-0.232875	0.882128
05190	5.779260	-21.559638	-2.099094	-1.963012	-1.844227	-1.922974	0.504940	0.736606	0.449941	-0.746368	0.634439	-0.201050	-0.433555	-0.234304	0.870133
05191	18.030464	-29.536323	9.414665	0.955477	-1.896296	-3.864703	0.525169	0.706987	0.473673	-0.730602	0.659986	-0.175041	-0.436369	-0.254140	0.863131
05192	13.007294	15.102192	17.925131	4.973574	0.745593	-2.702632	0.548119	0.691051	0.471183	-0.736755	0.665586	-0.119114	-0.395927	-0.281858	0.873955
05193	3.688260	2.551340	7.158908	-1.719090	-0.317239	-2.517535	0.565066	0.673153	0.477038	-0.715790	0.687524	-0.122297	-0.410300	-0.272353	0.870332
05194	5.943540	0.442677	10.674328	0.600657	-0.197162	-2.973063	0.585336	0.651882	0.482113	-0.701100	0.705605	-0.102865	-0.407237	-0.277799	0.870050
05195	6.841261	2.884457	13.322205	-0.892480	0.153252	-3.022987	0.606785	0.630643	0.483841	-0.679392	0.727450	-0.096140	-0.412600	-0.270381	0.869859
05196	1.413261	3.218834	12.196794	-1.185121	0.357627	-3.013968	0.628404	0.609314	0.483574	-0.655807	0.749311	-0.091927	-0.418360	-0.259364	0.870463
05197	-0.242491	-2.483006	7.665990	-1.282039	-0.080142	-3.133496	0.648187	0.585275	0.487142	-0.630345	0.771315	-0.087963	-0.427222	-0.250051	0.868882
05198	3.508483	1.328388	14.203211	-0.812412	-0.080030	-2.989425	0.666350	0.561711	0.490365	-0.607155	0.790499	-0.080459	-0.432828	-0.244114	0.867795
05199	0.976249	-0.951687	11.807329	-0.783028	0.047676	-2.166378	0.679479	0.544557	0.491698	-0.589144	0.804379	-0.076711	-0.437285	-0.237557	0.867380
05200	0.374763	-0.150317	13.282742	-0.069583	-0.064206	-1.207852	0.686270	0.534628	0.493160	-0.580544	0.811091	-0.071420	-0.438181	-0.237287	0.867002
05201	1.786693	3.210357	12.421995	0.399086	-0.101568	-0.279766	0.687407	0.532143	0.494263	-0.580359	0.811626	-0.066681	-0.436641	-0.241013	0.866751
05202	7.359736	7.469797	9.521921	-0.007021	-0.293580	0.092392	0.685593	0.532162	0.496754	-0.580915	0.811181	-0.067253	-0.438747	-0.242464	0.865282
05203	10.145830	-0.287072	9.585951	-0.630604	0.135697	0.202101	0.685001	0.534122	0.495467	-0.579489	0.811633	-0.073789	-0.441550	-0.236572	0.865487
05204	4.774089	-1.725637	7.950742	-0.217000	0.522626	0.215239	0.686063	0.537072	0.490786	-0.579961	0.811018	-0.076785	-0.439275	-0.231957	0.867890
05205	5.112941	0.762007	9.748521	-0.255592	0.399195	0.243083	0.686389	0.539947	0.487163	-0.580466	0.810319	-0.080269	-0.438098	-0.227686	0.869615
05206	5.890609	0.169476	9.222112	-0.383646	0.434018	0.271932	0.686718	0.543106	0.483171	-0.580606	0.809738	-0.084982	-0.437396	-0.222173	0.871392
05207	6.022325	-0.488436	9.583807	-0.487348	0.551278	0.322790	0.687245	0.546902	0.478114	-0.580644	0.809072	-0.090854	-0.436517	-0.215175	0.873586
05208	3.980478	-1.553096	9.113974	-0.583655	0.592452	0.333552	0.687901	0.550831	0.472628	-0.580344	0.808502	-0.097600	-0.435882	-0.207148	0.875841
05209	2.213550	-4.427942	7.706088	-0.481295	0.401610	0.240469	0.688248	0.553573	0.468904	-0.579851	0.808183	-0.103021	-0.435989	-0.200991	0.877221
05210	2.550169	-4.133044	7.887190	-0.148734	0.196796	0.104908	0.688506	0.554795	0.467079	-0.579878	0.807925	-0.104872	-0.435547	-0.198644	0.877974
05211	4.040528	-2.033193	8.692341	-0.042735	0.050799	0.006832	0.688661	0.554958	0.466656	-0.579712	0.807980	-0.105366	-0.435522	-0.197965	0.878140
05212	4.722364	-1.089116	9.222847	-0.051861	0.045011	-0.010846	0.688928	0.554939	0.466284	-0.579364	0.808170	-0.105826	-0.435563	-0.197242	0.878283
05213	5.060882	-1.228999	9.231655	-0.087454	0.044373	-0.002360	0.689106	0.555019	0.465926	-0.578943	0.808360	-0.106672	-0.435841	-0.196236	0.878370
05214	4.537138	-1.697914	8.915358	-0.096304	0.056360	0.004401	0.689335	0.555145	0.465437	-0.578506	0.808550	-0.107594	-0.436060	-0.195090	0.878517
05215	4.291176	-1.727736	8.781566	-0.056733	0.017573	-0.017819	0.689484	0.555049	0.465331	-0.578114	0.808763	-0.108100	-0.436343	-0.194481	0.878511
05216	4.277457	-1.639438	8.738053	-0.014535	-0.020174	-0.051507	0.689702	0.554573	0.465575	-0.577648	0.809104	-0.108043	-0.436617	-0.194421	0.878388
05217	4.450112	-1.326971	8.883064	0.034269	-0.032934	-0.072290	0.689942	0.553942	0.465970	-0.577282	0.809438	-0.107499	-0.436722	-0.194828	0.878246
05218	4.612263	-1.079458	8.901059	0.047754	-0.053336	-0.088022	0.690225	0.553106	0.466544	-0.576835	0.809859	-0.106724	-0.436865	-0.195455	0.878035
05219	4.654129	-1.133867	8.934748	0.058271	-0.066404	-0.091708	0.690429	0.552252	0.467252	-0.576440	0.810251	-0.105879	-0.437063	-0.196241	0.877762
05220	4.949618	-0.722997	9.186211	0.069723	-0.061662	-0.077827	0.690616	0.551481	0.467887	-0.576160	0.810570	-0.104958	-0.437137	-0.197092	0.877534
05221	5.136878	-0.524618	9.255743	0.023755	-0.052730	-0.058583	0.690690	0.550920	0.468438	-0.575841	0.810847	-0.104568	-0.437440	-0.197522	0.877286
05222	5.036996	-0.688275	9.246235	0.000035	-0.033137	-0.024998	0.690697	0.550632	0.468766	-0.575621	0.811011	-0.104506	-0.437719	-0.197650	0.877118
05223	5.030770	-0.815141	9.163778	-0.024987	-0.023000	-0.008396	0.690614	0.550533	0.469005	-0.575433	0.811110	-0.104776	-0.438097	-0.197521	0.876959
05224	4.956642	-0.914407	9.085556	-0.043650	-0.005493	0.014174	0.690516	0.550618	0.469050	-0.575292	0.811144	-0.105280	-0.438436	-0.197143	0.876874
05225	5.023416	-0.917459	9.123872	-0.071268	-0.004913	0.027589	0.690307	0.550844	0.469092	-0.575147	0.811137	-0.106123	-0.438955	-0.196539	0.876750
05226	4.925438	-0.961928	9.123911	-0.079420	0.014932	0.043563	0.690130	0.551207	0.468926	-0.575052	0.811079	-0.107079	-0.439359	-0.195758	0.876723
05227	4.862870	-1.191565	9.046193	-0.096146	0.016515	0.049745	0.689889	0.551653	0.468756	-0.574948	0.810998	-0.108243	-0.439873	-0.194835	0.876670
05228	4.809364	-1.348029	9.021867	-0.081081	0.030193	0.057895	0.689696	0.552162	0.468440	-0.574943	0.810863	-0.109280	-0.440181	-0.193956	0.876711
05229	4.941773	-1.092128	9.076487	-0.096916	0.017846	0.053784	0.689437	0.552644	0.468253	-0.574864	0.810758	-0.110470	-0.440690	-0.193019	0.876662
05230	4.866112	-1.257851	9.043778	-0.117210	0.032222	0.064174	0.689218	0.553207	0.467911	-0.574741	0.810655	-0.111853	-0.441192	-0.191837	0.876669
05231	4.793410	-1.202035	9.018221	-0.109268	0.048235	0.067580	0.689014	0.553858	0.467441	-0.574701	0.810494	-0.113215	-0.441563	-0.190632	0.876745
05232	4.765599	-1.270228	8.909743	-0.109670	0.041190	0.071029	0.688796	0.554492	0.467011	-0.574658	0.810335	-0.114564	-0.441960	-0.189460	0.876799
05233	4.589853	-1.384575	8.948532	-0.092520	0.044584	0.065604	0.688587	0.555119	0.466573	-0.574677	0.810150	-0.115770	-0.442260	-0.188411	0.876874
05234	4.581982	-1.317780	8.889453	-0.078446	0.034148	0.054785	0.688431	0.555608	0.466221	-0.574660	0.810020	-0.116768	-0.442526	-0.187532	0.876928
05235	4.557953	-1.352308	8.896618	-0.052553	0.020633	0.038349	0.688273	0.555970	0.466023	-0.574668	0.809908	-0.117497	-0.442761	-0.186939	0.876936
05236	4.587887	-1.277167	8.959080	-0.026383	0.016993	0.030353	0.688181	0.556228	0.465851	-0.574713	0.809814	-0.117925	-0.442846	-0.186577	0.876970
05237	4.814541	-1.149193	9.036504	-0.023011	-0.000033	0.020476	0.688033	0.556408	0.465854	-0.574730	0.809746	-0.118312	-0.443053	-0.186338	0.876916
05238	4.913180	-1.108783	9.168198	-0.027159	0.027389	0.030189	0.687989	0.556684	0.465590	-0.574769	0.809654	-0.118746	-0.443071	-0.185911	0.876998
05239	4.931353	-1.120876	9.119034	-0.051705	0.023591	0.039880	0.687835	0.557064	0.465364	-0.574792	0.809531	-0.119474	-0.443281	-0.185309	0.877019
05240	4.786200	-1.157877	9.088459	-0.053265	0.036676	0.040973	0.687769	0.557444	0.465005	-0.574790	0.809427	-0.120187	-0.443385	-0.184619	0.877112
05241	4.846733	-1.123731	9.099484	-0.048925	0.044382	0.048731	0.687658	0.557932	0.464585	-0.574884	0.809249	-0.120930	-0.443436	-0.183924	0.877233
05242	4.865119	-1.195958	9.095793	-0.059911	0.051110	0.054476	0.687578	0.558448	0.464082	-0.574946	0.809080	-0.121764	-0.443479	-0.183099	0.877383
05243	4.902213	-1.170966	9.099344	-0.067043	0.061252	0.065803	0.687444	0.559103	0.463492	-0.575076	0.808839	-0.122745	-0.443518	-0.182163	0.877558
05244	4.828385	-1.130614	9.090729	-0.079558	0.071969	0.076869	0.687328	0.559836	0.462778	-0.575204	0.808579	-0.123855	-0.443531	-0.181063	0.877779
05245	4.711254	-1.229258	9.024103	-0.065205	0.095239	0.086398	0.687227	0.560716	0.461862	-0.575484	0.808217	-0.124914	-0.443326	-0.179950	0.878111
05246	4.614294	-1.196189	9.007660	-0.081751	0.066066	0.077143	0.687083	0.561439	0.461198	-0.575604	0.807956	-0.126043	-0.443393	-0.178865	0.878299
05247	4.576512	-1.358335	8.933096	-0.074371	0.064405	0.077053	0.686898	0.562186	0.460562	-0.575777	0.807661	-0.127138	-0.443453	-0.177850	0.878475
05248	4.420334	-1.547076	8.907182	-0.060701	0.057381	0.062676	0.686799	0.562775	0.459990	-0.575891	0.807441	-0.128015	-0.443459	-0.176983	0.878647
05249	4.491034	-1.559275	8.857706	-0.034735	0.036095	0.047720	0.686657	0.563235	0.459639	-0.576040	0.807238	-0.128627	-0.443486	-0.176448	0.878741
05250	4.564691	-1.541845	8.924397	-0.018957	0.027275	0.034437	0.686587	0.563542	0.459368	-0.576145	0.807102	-0.129008	-0.443458	-0.176087	0.878828
05251	4.646074	-1.537214	8.769686	0.003719	0.037726	0.028008	0.686564	0.563847	0.459027	-0.576331	0.806940	-0.129192	-0.443252	-0.175853	0.878979
05252	4.461314	-1.545484	8.969352	0.012619	0.009626	0.007885	0.686569	0.563909	0.458944	-0.576393	0.806898	-0.129173	-0.443163	-0.175846	0.879025
05253	4.468957	-1.478719	8.893515	0.033403	0.009967	-0.007291	0.686626	0.563882	0.458893	-0.576469	0.806882	-0.128935	-0.442977	-0.176008	0.879087
05254	4.481565	-1.531544	8.979684	0.062524	0.010172	-0.018158	0.686783	0.563734	0.458839	-0.576574	0.806899	-0.128358	-0.442597	-0.176401	0.879199
05255	4.718732	-1.331333	8.983594	0.055491	-0.013336	-0.030633	0.686870	0.563479	0.459022	-0.576589	0.806974	-0.127819	-0.442442	-0.176871	0.879182
05256	4.678181	-1.383054	9.070185	0.067688	0.006755	-0.026351	0.687059	0.563259	0.459008	-0.576660	0.807028	-0.127159	-0.442056	-0.177326	0.879285
05257	4.742383	-1.263891	9.094908	0.049278	-0.008671	-0.032462	0.687178	0.562998	0.459151	-0.576634	0.807124	-0.126667	-0.441905	-0.177720	0.879281
05258	4.667495	-1.370853	9.031031	0.058194	0.009529	-0.025975	0.687377	0.562786	0.459113	-0.576665	0.807192	-0.126091	-0.441555	-0.178082	0.879384
05259	4.818367	-1.223922	9.089172	0.049864	0.000548	-0.026063	0.687499	0.562593	0.459167	-0.576686	0.807250	-0.125623	-0.441337	-0.178429	0.879423
05260	3.926163	1.242845	8.914339	0.131950	-0.051121	-0.241173	0.688671	0.560534	0.459929	-0.575561	0.808393	-0.123410	-0.440979	-0.179728	0.879338
05261	7.618141	-7.157032	7.549118	-0.423682	-0.054924	0.177616	0.687381	0.561881	0.460214	-0.574883	0.808156	-0.128036	-0.443866	-0.176560	0.878527
05262	1.744599	6.260682	12.886052	0.903978	0.505979	0.005839	0.689579	0.562813	0.455765	-0.578849	0.806533	-0.120161	-0.435218	-0.180959	0.881952
05263	5.069088	-6.762656	6.343634	-1.217630	-0.520280	-0.025238	0.687412	0.561691	0.460400	-0.573282	0.808844	-0.130841	-0.445884	-0.173997	0.878016
05264	5.747295	-0.144177	9.378755	1.053157	0.329478	0.018003	0.688771	0.562402	0.457492	-0.578011	0.806900	-0.121718	-0.437605	-0.180600	0.880844
05265	3.533880	-0.047757	9.653462	-0.577510	-0.128323	0.028353	0.688014	0.562416	0.458613	-0.575645	0.807774	-0.127020	-0.441894	-0.176607	0.879511
05266	4.320576	-3.752387	7.814499	0.240198	0.010739	-0.027402	0.688226	0.562195	0.458565	-0.576469	0.807527	-0.124837	-0.440487	-0.178432	0.879849
05267	4.121407	-0.407285	9.156801	0.079216	-0.067974	-0.064051	0.688263	0.561576	0.459268	-0.576360	0.807742	-0.123939	-0.440571	-0.179401	0.879609
05268	4.376980	-1.989935	8.794920	0.070274	-0.100953	-0.086623	0.688324	0.560675	0.460275	-0.576027	0.808127	-0.122978	-0.440912	-0.180482	0.879218
05269	4.923640	-1.374371	8.948455	0.139146	-0.120505	-0.098045	0.688325	0.559685	0.461478	-0.575950	0.808421	-0.121396	-0.441012	-0.182228	0.878807
05270	5.213598	-1.039580	9.224663	0.133447	-0.043426	-0.072720	0.688559	0.558999	0.461959	-0.575990	0.808609	-0.119943	-0.440593	-0.183496	0.878753
05271	4.407864	-1.009720	9.044335	0.082700	-0.075164	-0.083084	0.688674	0.558208	0.462743	-0.575765	0.808920	-0.118924	-0.440706	-0.184532	0.878479
05272	4.800707	-1.587541	8.976763	0.150163	-0.078675	-0.085080	0.688825	0.557355	0.463547	-0.575794	0.809142	-0.117266	-0.440434	-0.186131	0.878278
05273	4.445428	-0.939553	9.091121	0.101070	-0.078600	-0.084720	0.688934	0.556543	0.464360	-0.575639	0.809423	-0.116077	-0.440466	-0.187334	0.878007
05274	4.763606	-1.574505	8.915115	0.106072	-0.111481	-0.089988	0.688968	0.555586	0.465455	-0.575439	0.809750	-0.114783	-0.440674	-0.188759	0.877597
05275	4.808853	-1.083612	9.122194	0.132456	-0.083468	-0.091121	0.689092	0.554710	0.466315	-0.575379	0.810003	-0.113288	-0.440558	-0.190242	0.877335
05276	4.918236	-1.211558	9.050602	0.093108	-0.083981	-0.081245	0.689196	0.553873	0.467155	-0.575182	0.810301	-0.112148	-0.440652	-0.191407	0.877034
05277	4.906250	-1.210266	9.113043	0.117187	-0.071679	-0.072905	0.689267	0.553164	0.467889	-0.575180	0.810479	-0.110871	-0.440543	-0.192701	0.876806
05278	5.004261	-0.993909	9.047679	0.086772	-0.070157	-0.069849	0.689367	0.552444	0.468593	-0.575034	0.810723	-0.109839	-0.440578	-0.193738	0.876559
05279	4.795875	-1.100062	9.068615	0.083808	-0.048098	-0.059323	0.689465	0.551888	0.469103	-0.574977	0.810887	-0.108916	-0.440499	-0.194630	0.876401
05280	4.906913	-1.029467	9.019042	0.070714	-0.045945	-0.056025	0.689591	0.551326	0.469579	-0.574855	0.811084	-0.108089	-0.440460	-0.195402	0.876249
05281	4.794385	-1.102792	9.040371	0.054915	-0.042080	-0.046896	0.689645	0.550881	0.470022	-0.574756	0.811236	-0.107478	-0.440506	-0.196027	0.876087
05282	4.770285	-1.123879	8.769111	0.059637	-0.035649	-0.039820	0.689723	0.550469	0.470389	-0.574698	0.811364	-0.106823	-0.440460	-0.196653	0.875970
05283	4.572569	-1.274810	9.171731	0.056464	-0.062855	-0.046460	0.689682	0.549986	0.471013	-0.574608	0.811509	-0.106200	-0.440640	-0.197404	0.875710
05284	4.702293	-1.225252	8.939991	0.042162	-0.063010	-0.042636	0.689657	0.549497	0.471622	-0.574453	0.811686	-0.105685	-0.440882	-0.198038	0.875445
05285	4.654040	-1.134062	9.008878	0.043089	-0.085356	-0.050001	0.689536	0.548941	0.472445	-0.574282	0.811875	-0.105162	-0.441294	-0.198803	0.875064
05286	4.686280	-1.158383	9.043687	0.049439	-0.085659	-0.042601	0.689409	0.548406	0.473251	-0.574160	0.812036	-0.104584	-0.441651	-0.199621	0.874698
05287	4.866840	-1.103109	8.971587	0.029933	-0.111959	-0.045033	0.689141	0.547836	0.474300	-0.573966	0.812223	-0.104199	-0.442321	-0.200424	0.874175
05288	4.744360	-1.071849	8.931504	0.023484	-0.116441	-0.039100	0.688857	0.547266	0.475370	-0.573754	0.812416	-0.103864	-0.443039	-0.201198	0.873634
05289	4.620739	-1.180246	9.030417	0.028727	-0.123300	-0.040259	0.688509	0.546711	0.476511	-0.573588	0.812578	-0.103511	-0.443793	-0.202053	0.873054
05290	4.749888	-1.147246	8.973456	0.023766	-0.124786	-0.039703	0.688189	0.546116	0.477653	-0.573373	0.812773	-0.103170	-0.444566	-0.202873	0.872470
05291	4.588975	-1.257840	8.877323	0.005473	-0.156491	-0.041138	0.687696	0.545485	0.479082	-0.573099	0.812985	-0.103016	-0.445680	-0.203719	0.871704
05292	4.878650	-1.143030	8.987335	0.012951	-0.193127	-0.044484	0.687096	0.544710	0.480823	-0.572804	0.813227	-0.102744	-0.446984	-0.204822	0.870777
05293	4.880665	-1.050058	8.934725	0.018291	-0.195002	-0.041501	0.686428	0.543994	0.482584	-0.572587	0.813414	-0.102476	-0.448287	-0.205979	0.869834
05294	4.888941	-0.999771	8.985126	0.001109	-0.209021	-0.046385	0.685761	0.543166	0.484461	-0.572226	0.813691	-0.102297	-0.449765	-0.207070	0.868811
05295	5.016262	-0.993357	8.970706	0.004267	-0.189486	-0.038352	0.685094	0.542483	0.486167	-0.571968	0.813889	-0.102164	-0.451108	-0.208080	0.867874
05296	5.109528	-1.015902	8.923559	-0.004283	-0.192213	-0.033465	0.684424	0.541791	0.487880	-0.571672	0.814106	-0.102093	-0.452499	-0.209033	0.866920
05297	5.017280	-0.965903	8.946225	-0.009672	-0.192354	-0.032277	0.683704	0.541146	0.489601	-0.571392	0.814300	-0.102108	-0.453938	-0.209942	0.865947
05298	5.071834	-1.080777	8.944796	-0.002959	-0.178589	-0.028518	0.683062	0.540519	0.491188	-0.571136	0.814487	-0.102048	-0.455225	-0.210830	0.865055
05299	5.563837	-0.924870	8.968768	-0.055650	-0.154160	-0.012053	0.682396	0.540117	0.492554	-0.570784	0.814670	-0.102559	-0.456663	-0.211156	0.864217
05300	5.018252	-0.985251	8.905633	-0.032863	-0.134283	-0.009241	0.681841	0.539739	0.493736	-0.570523	0.814816	-0.102852	-0.457817	-0.211559	0.863508
05301	5.158590	-0.904684	8.912703	-0.053187	-0.124260	-0.004187	0.681264	0.539461	0.494835	-0.570233	0.814952	-0.103378	-0.459035	-0.211743	0.862816
05302	5.170703	-0.981180	8.894060	-0.045818	-0.099200	0.001716	0.680805	0.539246	0.495700	-0.569986	0.815067	-0.103836	-0.460022	-0.211851	0.862264
05303	5.072855	-0.974931	8.952511	-0.049435	-0.092074	0.003185	0.680333	0.539094	0.496513	-0.569762	0.815156	-0.104364	-0.460998	-0.211892	0.861733
05304	5.089005	-1.060674	8.844360	-0.050047	-0.083743	0.007230	0.679911	0.538957	0.497239	-0.569532	0.815250	-0.104886	-0.461903	-0.211880	0.861251
05305	5.087270	-1.071397	8.872528	-0.047873	-0.079167	0.009641	0.679461	0.538885	0.497932	-0.569357	0.815301	-0.105432	-0.462780	-0.211864	0.860783
05306	5.039612	-1.078554	8.871148	-0.052218	-0.077048	0.013834	0.679031	0.538816	0.498592	-0.569161	0.815364	-0.106004	-0.463651	-0.211799	0.860331
05307	4.995068	-1.177132	8.872621	-0.047894	-0.067221	0.017261	0.678591	0.538831	0.499174	-0.569037	0.815375	-0.106588	-0.464447	-0.211719	0.859921
05308	5.039751	-1.091245	8.822047	-0.066397	-0.098237	0.014481	0.678058	0.538723	0.500015	-0.568778	0.815464	-0.107285	-0.465541	-0.211652	0.859346
05309	5.112005	-1.055671	8.823516	-0.059986	-0.082475	0.017510	0.677545	0.538708	0.500726	-0.568598	0.815499	-0.107974	-0.466508	-0.211555	0.858845
05310	5.034037	-1.077962	8.847444	-0.064702	-0.086708	0.023774	0.677010	0.538700	0.501457	-0.568409	0.815534	-0.108703	-0.467513	-0.211440	0.858327
05311	5.116454	-1.109118	8.803449	-0.068914	-0.083194	0.021693	0.676468	0.538718	0.502168	-0.568213	0.815565	-0.109488	-0.468534	-0.211274	0.857811
05312	5.075209	-1.142105	8.889947	-0.065377	-0.077698	0.026415	0.675960	0.538751	0.502818	-0.568037	0.815587	-0.110235	-0.469481	-0.211104	0.857334
