// General information: 
//  MT Manager version: 2022.2.0 
//  XDA version: 2022.2.0 build 7381 rev 124627 built on 2023-07-19
// Device information: 
//  DeviceId: 00B4CB9F
//  ProductCode: MTW2-3A7G6
//  Firmware Version: 4.6.0
//  Hardware Version: 2.0.0
// Device settings: 
//  Filter Profile: human(46.1)
//  Option Flags: Orientation Smoother Disabled, Position/Velocity Smoother Disabled, Continuous Zero Rotation Update Disabled, AHS Disabled, ICC Disabled
// Coordinate system: ENU
PacketCounter	Acc_X	Acc_Y	Acc_Z	Gyr_X	Gyr_Y	Gyr_Z	Mat[1][1]	Mat[2][1]	Mat[3][1]	Mat[1][2]	Mat[2][2]	Mat[3][2]	Mat[1][3]	Mat[2][3]	Mat[3][3]
33923	9.348555	0.830370	1.895656	0.017921	0.004771	-0.046590	-0.185982	0.162625	0.969001	-0.306989	-0.946453	0.099920	0.933364	-0.278889	0.225947
33924	9.491655	1.035840	1.903729	0.052127	0.001825	-0.049752	-0.185828	0.163036	0.968962	-0.306568	-0.946532	0.100468	0.933533	-0.278383	0.225873
33925	9.516134	1.205389	1.899629	0.068163	0.013951	-0.051321	-0.185754	0.163441	0.968908	-0.305702	-0.946745	0.101095	0.933832	-0.277419	0.225826
33926	9.503575	1.301361	1.936474	0.067142	0.027159	-0.043984	-0.185854	0.163868	0.968817	-0.305130	-0.946873	0.101622	0.933999	-0.276729	0.225981
33927	9.523877	1.269065	2.038908	0.066842	0.032061	-0.027041	-0.186030	0.164082	0.968746	-0.304180	-0.947137	0.102010	0.934274	-0.275697	0.226107
33928	9.548375	1.248801	2.110407	0.083879	0.043826	-0.015875	-0.186372	0.164289	0.968646	-0.303399	-0.947356	0.102303	0.934459	-0.274820	0.226406
33929	9.493290	1.219953	2.244040	0.083976	0.050762	-0.008138	-0.186793	0.164392	0.968547	-0.302349	-0.947666	0.102537	0.934716	-0.273686	0.226721
33930	9.529413	1.215836	2.344576	0.087402	0.059198	-0.002092	-0.187320	0.164509	0.968425	-0.301509	-0.947916	0.102705	0.934882	-0.272750	0.227165
33931	9.447286	1.188654	2.533876	0.085004	0.078469	-0.005224	-0.187974	0.164696	0.968267	-0.300559	-0.948193	0.102932	0.935056	-0.271673	0.227737
33932	9.369991	1.210167	2.670579	0.078762	0.102859	-0.003022	-0.188907	0.164939	0.968044	-0.299801	-0.948415	0.103090	0.935111	-0.270747	0.228612
33933	9.343599	1.206277	2.824643	0.078938	0.122317	-0.007294	-0.190015	0.165198	0.967783	-0.298683	-0.948745	0.103305	0.935245	-0.269430	0.229618
33934	9.334141	1.174841	2.990085	0.074245	0.134766	-0.006941	-0.191235	0.165562	0.967480	-0.297974	-0.948947	0.103492	0.935222	-0.268493	0.230806
33935	9.222270	1.295309	2.864824	0.055355	0.120275	-0.011038	-0.192301	0.165862	0.967218	-0.297126	-0.949191	0.103697	0.935273	-0.267445	0.231812
33936	9.147304	1.517716	2.482582	0.006627	0.065036	-0.010808	-0.192857	0.166074	0.967070	-0.297057	-0.949205	0.103766	0.935181	-0.267263	0.232395
33937	9.322472	1.629425	2.123795	-0.076438	0.000684	-0.026307	-0.192734	0.166237	0.967067	-0.297604	-0.949027	0.103824	0.935032	-0.267793	0.232382
33938	9.529820	1.579100	1.849691	-0.155950	-0.053257	-0.038985	-0.192100	0.166399	0.967165	-0.299109	-0.948558	0.103788	0.934682	-0.269350	0.231989
33939	9.610729	1.359435	1.560372	-0.209167	-0.075842	-0.057359	-0.191178	0.166640	0.967307	-0.300916	-0.947980	0.103838	0.934291	-0.271227	0.231377
33940	9.638362	1.158695	1.475690	-0.225739	-0.087281	-0.058405	-0.190167	0.166891	0.967463	-0.303108	-0.947283	0.103830	0.933789	-0.273501	0.230728
33941	9.653105	0.918948	1.484454	-0.222177	-0.088538	-0.058105	-0.189086	0.167161	0.967628	-0.305274	-0.946583	0.103872	0.933303	-0.275751	0.230015
33942	9.623778	0.708307	1.536258	-0.194949	-0.080807	-0.046304	-0.188170	0.167311	0.967780	-0.307153	-0.945980	0.103821	0.932871	-0.277720	0.229396
33943	9.545494	0.606976	1.627677	-0.147600	-0.063897	-0.034621	-0.187407	0.167389	0.967915	-0.308440	-0.945563	0.103803	0.932600	-0.279090	0.228835
33944	9.517548	0.550869	1.821528	-0.083476	-0.049091	-0.027285	-0.186846	0.167445	0.968014	-0.309242	-0.945299	0.103826	0.932447	-0.279951	0.228406
33945	9.444593	0.618169	2.024980	-0.009413	-0.022916	-0.017317	-0.186482	0.167525	0.968070	-0.309410	-0.945228	0.103969	0.932464	-0.280142	0.228102
33946	9.458013	0.805494	2.292522	0.076009	0.006518	-0.007060	-0.186502	0.167545	0.968063	-0.308687	-0.945443	0.104160	0.932700	-0.279402	0.228046
33947	9.420463	0.948019	2.460562	0.127599	0.034118	0.005445	-0.186809	0.167461	0.968018	-0.307129	-0.945927	0.104369	0.933153	-0.277809	0.228140
33948	9.462218	1.112667	2.668572	0.156114	0.048239	0.015606	-0.187288	0.167382	0.967939	-0.305615	-0.946401	0.104524	0.933554	-0.276240	0.228404
33949	9.376482	1.187256	2.728428	0.168796	0.066787	0.024930	-0.187902	0.167303	0.967834	-0.304024	-0.946898	0.104659	0.933950	-0.274579	0.228788
33950	9.327055	1.321471	2.648963	0.162032	0.062824	0.032964	-0.188569	0.167099	0.967740	-0.302420	-0.947411	0.104660	0.934336	-0.272928	0.229186
33951	9.333035	1.419971	2.674797	0.140766	0.052218	0.039592	-0.189085	0.166859	0.967680	-0.301141	-0.947826	0.104592	0.934645	-0.271632	0.229467
33952	9.442789	1.453263	2.631463	0.105216	0.051359	0.026357	-0.189624	0.166684	0.967605	-0.300080	-0.948170	0.104529	0.934877	-0.270538	0.229814
33953	9.346976	1.530165	2.540589	0.053585	0.048098	0.020470	-0.190092	0.166531	0.967539	-0.299334	-0.948416	0.104430	0.935021	-0.269767	0.230135
33954	9.316509	1.526492	2.407335	0.005060	0.043203	0.004684	-0.190490	0.166539	0.967460	-0.299250	-0.948452	0.104346	0.934967	-0.269636	0.230508
33955	9.226656	1.572187	2.399003	-0.052246	0.037145	-0.015819	-0.190709	0.166779	0.967375	-0.299860	-0.948257	0.104368	0.934727	-0.270173	0.230852
33956	9.166320	1.594091	2.328589	-0.101193	0.031011	-0.037049	-0.190868	0.167150	0.967280	-0.300848	-0.947936	0.104442	0.934377	-0.271070	0.231218
33957	9.231779	1.550705	2.267425	-0.160753	0.018145	-0.054058	-0.190786	0.167671	0.967206	-0.302397	-0.947426	0.104593	0.933893	-0.272525	0.231459
33958	9.396619	1.443251	2.268473	-0.219860	0.004634	-0.062358	-0.190620	0.168210	0.967145	-0.304540	-0.946735	0.104636	0.933230	-0.274589	0.231694
33959	9.440033	1.177791	2.223534	-0.265009	-0.007317	-0.068176	-0.190279	0.168805	0.967108	-0.307148	-0.945888	0.104669	0.932445	-0.277129	0.231831
33960	9.482288	0.970324	2.162687	-0.281392	-0.024482	-0.065526	-0.189830	0.169292	0.967112	-0.309868	-0.945008	0.104600	0.931637	-0.279820	0.231849
33961	9.525682	0.668710	2.135306	-0.267094	-0.032425	-0.058829	-0.189307	0.169664	0.967149	-0.312229	-0.944239	0.104530	0.930954	-0.282184	0.231725
33962	9.456382	0.485486	2.102927	-0.232824	-0.030243	-0.050828	-0.188847	0.169994	0.967181	-0.314464	-0.943507	0.104432	0.930295	-0.284422	0.231636
33963	9.385522	0.348208	1.956539	-0.187308	-0.032604	-0.035707	-0.188344	0.170208	0.967241	-0.316265	-0.942915	0.104343	0.929787	-0.286252	0.231423
33964	9.408313	0.333568	1.932036	-0.131928	-0.030485	-0.025688	-0.187961	0.170298	0.967300	-0.317512	-0.942508	0.104236	0.929439	-0.287537	0.231226
33965	9.485583	0.519902	2.020971	-0.086329	-0.024135	-0.022126	-0.187580	0.170437	0.967350	-0.318486	-0.942178	0.104243	0.929183	-0.288533	0.231016
33966	9.515030	0.746090	2.064284	-0.039894	-0.014498	-0.022325	-0.187356	0.170541	0.967375	-0.318871	-0.942040	0.104317	0.929096	-0.288923	0.230877
33967	9.549746	1.022777	2.054371	-0.024687	-0.016291	-0.027399	-0.186989	0.170758	0.967407	-0.319278	-0.941877	0.104538	0.929030	-0.289325	0.230640
33968	9.604308	1.213671	2.066429	-0.030829	-0.020096	-0.031391	-0.186683	0.170931	0.967436	-0.319596	-0.941749	0.104721	0.928982	-0.289639	0.230438
33969	9.545206	1.380701	2.033398	-0.055654	-0.026649	-0.036826	-0.186236	0.171198	0.967475	-0.320310	-0.941482	0.104940	0.928826	-0.290348	0.230175
33970	9.548707	1.490987	1.964743	-0.072194	-0.041058	-0.036192	-0.185720	0.171355	0.967546	-0.321020	-0.941225	0.105074	0.928684	-0.291088	0.229813
33971	9.644582	1.391136	1.853529	-0.099599	-0.064363	-0.038186	-0.184907	0.171574	0.967663	-0.322340	-0.940759	0.105209	0.928389	-0.292463	0.229258
33972	9.775740	1.198980	1.781150	-0.128788	-0.073881	-0.035386	-0.184088	0.171626	0.967810	-0.323574	-0.940336	0.105206	0.928123	-0.293791	0.228638
33973	9.785031	0.955004	1.725706	-0.128670	-0.076734	-0.033521	-0.183176	0.171672	0.967975	-0.324782	-0.939916	0.105235	0.927881	-0.295104	0.227926
33974	9.695815	0.823274	1.686556	-0.122631	-0.083679	-0.030872	-0.182281	0.171650	0.968148	-0.325949	-0.939515	0.105205	0.927648	-0.296390	0.227205
33975	9.631289	0.760722	1.680275	-0.098679	-0.092120	-0.024504	-0.181186	0.171696	0.968345	-0.327378	-0.939015	0.105240	0.927359	-0.297947	0.226346
33976	9.650772	0.733550	1.680957	-0.064329	-0.092854	-0.020981	-0.180238	0.171552	0.968548	-0.327986	-0.938801	0.105248	0.927329	-0.298700	0.225474
33977	9.620436	0.815214	1.723955	-0.036932	-0.077333	-0.012180	-0.179315	0.171476	0.968732	-0.328636	-0.938568	0.105305	0.927278	-0.299477	0.224652
33978	9.522927	0.928272	1.734816	-0.015370	-0.077125	-0.016121	-0.178528	0.171332	0.968903	-0.328781	-0.938509	0.105377	0.927378	-0.299744	0.223881
33979	9.664944	1.106250	1.862192	0.004895	-0.074610	-0.014002	-0.177726	0.171181	0.969077	-0.328669	-0.938533	0.105509	0.927572	-0.299754	0.223063
33980	9.715160	1.246744	1.923384	0.011970	-0.060616	-0.021949	-0.177073	0.171141	0.969204	-0.328571	-0.938546	0.105698	0.927732	-0.299736	0.222423
33981	9.656573	1.283217	1.944691	0.021037	-0.042796	-0.025526	-0.176485	0.171235	0.969294	-0.328490	-0.938541	0.105992	0.927872	-0.299698	0.221887
33982	9.671093	1.244285	1.981470	0.024100	-0.022882	-0.026677	-0.176166	0.171353	0.969332	-0.328288	-0.938583	0.106254	0.928005	-0.299501	0.221600
33983	9.593593	1.166871	1.953298	0.026178	-0.010268	-0.017715	-0.175971	0.171417	0.969356	-0.327943	-0.938680	0.106459	0.928163	-0.299160	0.221395
33984	9.570669	1.146747	1.996483	0.031406	-0.006900	-0.011837	-0.175849	0.171444	0.969373	-0.327647	-0.938768	0.106594	0.928291	-0.298867	0.221255
33985	9.618047	1.072898	2.063536	0.042769	0.005144	-0.007006	-0.175919	0.171293	0.969387	-0.326499	-0.939156	0.106700	0.928682	-0.297733	0.221142
33986	9.597771	1.030290	2.099902	0.046997	0.035341	-0.010088	-0.176196	0.171429	0.969313	-0.326053	-0.939293	0.106852	0.928786	-0.297221	0.221395
33987	9.385643	1.050266	1.989915	0.050054	0.050376	-0.006241	-0.176600	0.171507	0.969225	-0.325215	-0.939567	0.107002	0.929003	-0.296310	0.221704
33988	9.310181	1.091457	2.002305	0.052399	0.054385	-0.007821	-0.177061	0.171678	0.969111	-0.324716	-0.939723	0.107145	0.929090	-0.295714	0.222135
33989	9.263811	1.085363	2.073701	0.048227	0.057333	-0.009214	-0.177449	0.171984	0.968986	-0.324632	-0.939730	0.107342	0.929046	-0.295516	0.222586
33990	9.280056	1.190098	2.030532	0.055401	0.048965	-0.011292	-0.177849	0.172171	0.968879	-0.324110	-0.939889	0.107525	0.929151	-0.294901	0.222961
33991	9.359844	1.275190	1.928747	0.048253	0.038856	-0.019721	-0.178041	0.172461	0.968792	-0.323788	-0.939966	0.107825	0.929227	-0.294486	0.223193
33992	9.518614	1.346601	1.887388	0.027625	0.037125	-0.030473	-0.178268	0.172793	0.968691	-0.323559	-0.940009	0.108132	0.929263	-0.294152	0.223483
33993	9.652529	1.324386	1.934996	-0.004944	0.041558	-0.039599	-0.178426	0.173320	0.968568	-0.323946	-0.939833	0.108502	0.929098	-0.294405	0.223837
33994	9.650255	1.291983	1.961747	-0.034733	0.051167	-0.044884	-0.178737	0.173829	0.968420	-0.324323	-0.939668	0.108809	0.928907	-0.294632	0.224330
33995	9.622633	1.153667	1.978340	-0.048125	0.068356	-0.042620	-0.179213	0.174301	0.968247	-0.324476	-0.939583	0.109083	0.928761	-0.294624	0.224942
33996	9.533812	0.976366	2.065916	-0.042886	0.071757	-0.036714	-0.179741	0.174793	0.968060	-0.324914	-0.939407	0.109292	0.928506	-0.294892	0.225643
33997	9.488026	0.865042	2.073997	-0.037845	0.067273	-0.034002	-0.180378	0.174977	0.967909	-0.324185	-0.939641	0.109452	0.928638	-0.294038	0.226215
33998	9.387859	0.837292	2.053837	-0.024174	0.055091	-0.031239	-0.180769	0.175368	0.967765	-0.324438	-0.939530	0.109650	0.928473	-0.294158	0.226734
33999	9.423757	0.809113	1.954636	-0.007586	0.040365	-0.033785	-0.181052	0.175612	0.967668	-0.323966	-0.939662	0.109915	0.928583	-0.293591	0.227020
34000	9.501427	0.787056	1.919086	0.015199	0.031436	-0.035539	-0.181210	0.175974	0.967572	-0.323861	-0.939660	0.110244	0.928589	-0.293382	0.227267
34001	9.508031	0.782555	1.880851	0.029670	0.025479	-0.038306	-0.181177	0.176461	0.967490	-0.323984	-0.939564	0.110697	0.928552	-0.293395	0.227398
34002	9.556886	0.831503	1.985342	0.039504	0.028096	-0.040141	-0.181289	0.176857	0.967396	-0.323662	-0.939624	0.111126	0.928643	-0.292964	0.227586
34003	9.582289	0.858996	2.134689	0.060267	0.041643	-0.042521	-0.181588	0.177177	0.967282	-0.322594	-0.939935	0.111607	0.928956	-0.291773	0.227837
34004	9.547521	0.920798	2.311168	0.069420	0.056628	-0.044237	-0.181952	0.177694	0.967118	-0.322001	-0.940074	0.112144	0.929090	-0.291009	0.228266
34005	9.496460	0.952791	2.492317	0.075642	0.070251	-0.050228	-0.182352	0.178369	0.966919	-0.321548	-0.940152	0.112791	0.929169	-0.290343	0.228792
34006	9.453065	1.013249	2.611805	0.081878	0.083883	-0.056211	-0.182932	0.179077	0.966679	-0.320862	-0.940304	0.113472	0.929292	-0.289413	0.229470
34007	9.436749	0.943945	2.735713	0.088411	0.095699	-0.064946	-0.183648	0.179706	0.966426	-0.319284	-0.940746	0.114258	0.929694	-0.287581	0.230144
34008	9.418958	0.791704	2.804577	0.101538	0.097928	-0.065191	-0.184332	0.180536	0.966141	-0.318431	-0.940936	0.115072	0.929851	-0.286438	0.230933
34009	9.439538	0.704228	2.926104	0.121617	0.102450	-0.060135	-0.185180	0.181098	0.965874	-0.316432	-0.941513	0.115863	0.930365	-0.284178	0.231655
34010	9.522094	0.525681	3.037165	0.150271	0.136358	-0.059880	-0.186241	0.181984	0.965503	-0.315116	-0.941846	0.116741	0.930600	-0.282504	0.232756
34011	9.568671	0.357468	3.246555	0.184640	0.179836	-0.053242	-0.187960	0.182505	0.965072	-0.311816	-0.942840	0.117571	0.931366	-0.278826	0.234124
34012	9.588310	0.299444	3.448280	0.234736	0.248259	-0.053791	-0.190086	0.183637	0.964440	-0.309701	-0.943409	0.118592	0.931640	-0.276145	0.236201
34013	9.417706	0.425133	3.727243	0.269573	0.325248	-0.051467	-0.192986	0.184798	0.963642	-0.306591	-0.944287	0.119686	0.932072	-0.272347	0.238892
34014	8.908057	0.666014	3.859042	0.275689	0.383864	-0.056997	-0.196370	0.186311	0.962667	-0.304102	-0.944943	0.120849	0.932181	-0.269017	0.242216
34015	8.405591	1.059902	3.675088	0.257205	0.365297	-0.074483	-0.199823	0.187444	0.961736	-0.300079	-0.946075	0.122043	0.932750	-0.264210	0.245296
34016	8.479025	1.683761	3.136023	0.202927	0.280807	-0.099613	-0.202124	0.189060	0.960938	-0.298354	-0.946438	0.123452	0.932808	-0.261747	0.247705
34017	9.171025	2.032952	2.737853	0.125380	0.183809	-0.150849	-0.203668	0.190457	0.960336	-0.295973	-0.946977	0.125038	0.933231	-0.258767	0.249239
34018	9.917274	2.022146	2.608760	0.015177	0.126165	-0.193931	-0.204251	0.192554	0.959794	-0.296192	-0.946662	0.126888	0.933034	-0.258367	0.250390
34019	10.322265	1.727398	2.383480	-0.094342	0.109321	-0.209994	-0.204913	0.194258	0.959309	-0.295467	-0.946660	0.128583	0.933118	-0.257096	0.251380
34020	10.216367	1.418595	2.168184	-0.182714	0.092099	-0.199071	-0.205162	0.196314	0.958838	-0.297545	-0.945818	0.129983	0.932403	-0.258630	0.252458
34021	10.112320	0.971928	2.291675	-0.237998	0.080050	-0.169772	-0.205772	0.197419	0.958480	-0.297571	-0.945683	0.130899	0.932260	-0.258281	0.253341
34022	10.091401	0.476867	2.559802	-0.236914	0.107739	-0.127927	-0.206373	0.198842	0.958056	-0.300006	-0.944834	0.131474	0.931347	-0.260290	0.254642
34023	9.970840	0.139945	2.979121	-0.190612	0.172497	-0.098457	-0.208437	0.198941	0.957589	-0.297245	-0.945666	0.131763	0.931772	-0.257174	0.256246
34024	9.801679	0.066160	3.320506	-0.111897	0.244674	-0.086239	-0.210439	0.200320	0.956863	-0.298429	-0.945225	0.132252	0.930943	-0.257725	0.258693
34025	9.535391	0.103913	3.548566	-0.027356	0.313706	-0.081522	-0.213486	0.201237	0.955995	-0.296708	-0.945688	0.132809	0.930799	-0.255299	0.261600
34026	9.371039	0.323485	3.780256	0.051774	0.358658	-0.074032	-0.216584	0.202785	0.954971	-0.296346	-0.945690	0.133604	0.930199	-0.254065	0.264915
34027	9.951643	0.753694	3.980294	0.117385	0.369647	-0.069182	-0.220243	0.203609	0.953958	-0.292702	-0.946700	0.134482	0.930494	-0.249606	0.268101
34028	9.197335	0.966720	3.963307	0.168709	0.478385	-0.043457	-0.224546	0.205142	0.952626	-0.291188	-0.947049	0.135304	0.929940	-0.247011	0.272391
34029	9.095343	1.376097	4.104928	0.237129	0.493176	-0.020939	-0.229056	0.206439	0.951271	-0.288795	-0.947665	0.136118	0.929586	-0.243544	0.276687
34030	9.132757	1.632145	4.166008	0.272039	0.508239	-0.018648	-0.233705	0.207778	0.949847	-0.286268	-0.948304	0.137006	0.929211	-0.239892	0.281104
34031	9.160351	1.782222	4.084841	0.276064	0.509488	-0.014920	-0.238608	0.208684	0.948429	-0.282334	-0.949359	0.137858	0.929168	-0.234880	0.285443
34032	9.019057	1.908295	3.903513	0.276796	0.492632	-0.003442	-0.243153	0.209798	0.947028	-0.279728	-0.950017	0.138639	0.928778	-0.231200	0.289686
34033	8.768023	2.087903	3.717770	0.258462	0.420461	0.013575	-0.247109	0.210488	0.945850	-0.276944	-0.950746	0.139224	0.928568	-0.227544	0.293231
34034	8.690832	2.251118	3.644236	0.214061	0.290807	0.044421	-0.249910	0.210657	0.945076	-0.274802	-0.951344	0.139387	0.928455	-0.224875	0.295639
34035	9.081522	2.420265	3.639415	0.130361	0.185598	0.077029	-0.251816	0.210267	0.944657	-0.273299	-0.951832	0.139011	0.928384	-0.223169	0.297152
34036	9.426002	2.609297	3.460485	0.051504	0.136917	0.109052	-0.253362	0.209468	0.944421	-0.272502	-0.952195	0.138088	0.928197	-0.222370	0.298331
34037	9.584081	2.823351	3.237140	-0.060516	0.122031	0.125516	-0.254804	0.208485	0.944251	-0.272679	-0.952345	0.136691	0.927751	-0.222648	0.299511
34038	9.606176	2.915698	2.901930	-0.185854	0.115699	0.116389	-0.256173	0.207569	0.944082	-0.274061	-0.952192	0.134987	0.926966	-0.224156	0.300812
34039	9.606906	2.838591	2.515162	-0.296832	0.128426	0.085553	-0.257565	0.206988	0.943831	-0.276520	-0.951724	0.133258	0.925849	-0.226666	0.302367
34040	9.667381	2.727406	2.262884	-0.381222	0.147902	0.048292	-0.259046	0.206800	0.943466	-0.279878	-0.950973	0.131600	0.924426	-0.229965	0.304225
34041	9.176987	2.498522	2.112615	-0.444960	0.161606	0.009758	-0.260531	0.207031	0.943007	-0.283895	-0.949984	0.130129	0.922782	-0.233812	0.306275
34042	8.844226	2.209973	1.928586	-0.472950	0.145083	-0.002194	-0.261841	0.207328	0.942579	-0.288217	-0.948884	0.128650	0.921070	-0.237981	0.308212
34043	8.588011	2.011554	1.621074	-0.479505	0.109726	0.000821	-0.262817	0.207533	0.942262	-0.292555	-0.947758	0.127144	0.919423	-0.242247	0.309801
34044	8.442042	2.002458	1.163109	-0.463534	0.057438	-0.000383	-0.263323	0.207611	0.942103	-0.296770	-0.946645	0.125663	0.917926	-0.246498	0.310886
34045	8.443968	2.071564	0.591373	-0.463699	-0.004556	-0.003008	-0.263233	0.207578	0.942136	-0.300950	-0.945513	0.124236	0.916590	-0.250833	0.311361
34046	8.520873	2.231405	0.108914	-0.505251	-0.063902	-0.019474	-0.262569	0.207534	0.942331	-0.305585	-0.944213	0.122801	0.915246	-0.255718	0.311340
34047	8.719234	2.168032	-0.279697	-0.591794	-0.114102	-0.038757	-0.261362	0.207552	0.942662	-0.311002	-0.942634	0.121317	0.913765	-0.261462	0.310918
34048	8.890208	1.863732	-0.481757	-0.685843	-0.150832	-0.048794	-0.259813	0.207545	0.943092	-0.317346	-0.940737	0.119601	0.912024	-0.268213	0.310280
34049	9.239471	1.250189	-0.507044	-0.745781	-0.163056	-0.036015	-0.258163	0.207384	0.943580	-0.324121	-0.938674	0.117627	0.910108	-0.275467	0.309549
34050	9.379199	0.493105	-0.440782	-0.741415	-0.143549	0.002000	-0.256847	0.206898	0.944046	-0.330812	-0.936630	0.115269	0.908071	-0.282696	0.309015
34051	9.377356	-0.214905	-0.270123	-0.672548	-0.131867	0.077869	-0.255856	0.205728	0.944571	-0.336580	-0.934916	0.112456	0.906229	-0.289151	0.308448
34052	9.561268	-0.850034	-0.025806	-0.541325	-0.114684	0.158315	-0.255336	0.203847	0.945119	-0.341034	-0.933682	0.109246	0.904710	-0.294423	0.307922
34053	9.661253	-1.414711	0.297099	-0.373459	-0.099399	0.248544	-0.255230	0.201157	0.945724	-0.343624	-0.933135	0.105743	0.903759	-0.297984	0.307286
34054	9.522399	-1.853574	0.519479	-0.157572	-0.099329	0.330945	-0.255453	0.197704	0.946391	-0.344159	-0.933346	0.102082	0.903492	-0.299632	0.306468
34055	9.289875	-1.995269	0.938169	0.071901	-0.102072	0.392200	-0.255815	0.193644	0.947133	-0.342336	-0.934392	0.098576	0.904082	-0.299020	0.305323
34056	9.226862	-2.073482	1.233169	0.294716	-0.126837	0.441261	-0.256153	0.189072	0.947965	-0.338496	-0.936135	0.095246	0.905431	-0.296485	0.303794
34057	9.164590	-2.010252	1.701290	0.529772	-0.119686	0.489242	-0.256644	0.184027	0.948824	-0.332253	-0.938674	0.092189	0.907602	-0.291590	0.302049
34058	9.051481	-1.856811	2.144859	0.770731	-0.128552	0.537581	-0.257221	0.178535	0.949717	-0.323821	-0.941889	0.089360	0.910482	-0.284554	0.300087
34059	9.405752	-1.502451	2.821797	0.977362	-0.141438	0.591210	-0.257747	0.172440	0.950700	-0.313186	-0.945732	0.086630	0.914046	-0.275417	0.297766
34060	9.643138	-1.046735	3.606706	1.149899	-0.124743	0.658699	-0.258607	0.165792	0.951649	-0.300908	-0.949970	0.083729	0.917920	-0.264706	0.295558
34061	10.007150	-0.386272	4.360732	1.318345	-0.075075	0.691423	-0.259880	0.158890	0.952479	-0.286795	-0.954563	0.080987	0.922069	-0.252119	0.293641
34062	9.866200	0.565171	5.105897	1.496464	0.017565	0.663655	-0.261872	0.152516	0.952975	-0.271189	-0.959278	0.079003	0.926218	-0.237748	0.292569
34063	9.605072	1.842981	5.785851	1.644935	0.100415	0.570120	-0.264234	0.147141	0.953168	-0.254235	-0.963965	0.078329	0.930347	-0.221631	0.292121
34064	9.205108	3.472474	6.309214	1.665114	0.163290	0.429421	-0.266788	0.143275	0.953046	-0.237527	-0.968159	0.079055	0.934026	-0.205283	0.292325
34065	8.816809	5.027014	6.484323	1.518707	0.178341	0.272321	-0.269019	0.140876	0.952776	-0.222424	-0.971591	0.080856	0.937100	-0.190168	0.292711
34066	8.408874	6.154942	6.355827	1.196817	0.170249	0.129112	-0.270870	0.139869	0.952400	-0.210801	-0.973992	0.083086	0.939251	-0.178262	0.293309
34067	8.304506	6.689036	5.890574	0.720262	0.134506	0.009210	-0.272093	0.139929	0.952043	-0.203873	-0.975293	0.085080	0.940426	-0.170946	0.293899
34068	8.445156	6.622300	5.573928	0.180744	0.100915	-0.065630	-0.272882	0.140676	0.951707	-0.202306	-0.975522	0.086190	0.940536	-0.169016	0.294662
34069	8.447957	5.893703	4.966122	-0.250792	0.086057	-0.118190	-0.273395	0.141919	0.951375	-0.204883	-0.974952	0.086559	0.939829	-0.171256	0.295624
34070	8.155335	4.949591	3.749220	-0.529796	0.041059	-0.165019	-0.273412	0.143534	0.951128	-0.210264	-0.973809	0.086514	0.938635	-0.176334	0.296431
34071	7.840609	3.943700	2.649201	-0.761378	-0.057297	-0.208047	-0.272377	0.145419	0.951138	-0.217888	-0.972157	0.086235	0.937196	-0.183753	0.296478
34072	8.063542	2.903252	1.977097	-0.888889	-0.165446	-0.232601	-0.270285	0.147301	0.951445	-0.226797	-0.970158	0.085770	0.935686	-0.192603	0.295626
34073	9.141808	1.870806	1.944482	-0.926974	-0.232833	-0.223268	-0.267539	0.148979	0.951960	-0.235983	-0.968018	0.085171	0.934203	-0.201860	0.294139
34074	10.524838	0.770015	2.059388	-0.866385	-0.203496	-0.165788	-0.265217	0.150096	0.952434	-0.244466	-0.965999	0.084160	0.932682	-0.210518	0.292893
34075	11.211224	-0.253669	1.651816	-0.761241	-0.132377	-0.042061	-0.263825	0.150191	0.952806	-0.251584	-0.964326	0.082345	0.931183	-0.217986	0.292199
34076	10.860026	-0.959672	0.596127	-0.688839	-0.155497	0.098882	-0.262607	0.148827	0.953356	-0.257688	-0.962965	0.079346	0.929857	-0.224832	0.291232
34077	10.267952	-1.315514	-0.156687	-0.603504	-0.259162	0.205629	-0.260676	0.146219	0.954289	-0.262656	-0.961920	0.075640	0.929010	-0.230932	0.289155
34078	9.817356	-1.655274	-0.348599	-0.476663	-0.360698	0.241252	-0.257941	0.142991	0.955521	-0.266413	-0.961172	0.071919	0.928704	-0.236012	0.286020
34079	9.492753	-1.915642	-0.429312	-0.305440	-0.434777	0.221634	-0.254433	0.139774	0.956936	-0.268557	-0.960794	0.068933	0.929054	-0.239453	0.281995
34080	9.227597	-1.984821	-0.495769	-0.100197	-0.467851	0.166635	-0.250509	0.136982	0.958374	-0.269023	-0.960800	0.067009	0.929985	-0.241038	0.277540
34081	9.231324	-1.703250	-0.547609	0.127831	-0.469603	0.116836	-0.246383	0.134660	0.959772	-0.267393	-0.961309	0.066233	0.931556	-0.240318	0.272857
34082	9.366431	-1.203619	-0.500444	0.339990	-0.477982	0.082818	-0.242122	0.132655	0.961135	-0.263976	-0.962247	0.066309	0.933645	-0.237661	0.267999
34083	9.757780	-0.539324	-0.187957	0.504369	-0.496825	0.079044	-0.237608	0.130641	0.962536	-0.258897	-0.963587	0.066874	0.936224	-0.233308	0.262778
34084	10.104707	0.172776	0.254180	0.639165	-0.514454	0.095513	-0.233004	0.128468	0.963953	-0.252635	-0.965200	0.067567	0.939087	-0.227784	0.257351
34085	9.962500	0.790918	0.795521	0.736560	-0.520955	0.122704	-0.228326	0.126024	0.965394	-0.245232	-0.967060	0.068241	0.942193	-0.221164	0.251710
34086	9.563434	1.265163	1.447835	0.785744	-0.516336	0.156155	-0.223805	0.123322	0.966800	-0.237419	-0.968979	0.068640	0.945274	-0.214175	0.246142
34087	9.055689	1.502946	2.022300	0.789752	-0.502711	0.179772	-0.219376	0.120432	0.968179	-0.229345	-0.970910	0.068805	0.948301	-0.206953	0.240615
34088	8.836679	1.651263	2.519716	0.753363	-0.478878	0.171702	-0.215189	0.117723	0.969451	-0.221774	-0.972662	0.068886	0.951057	-0.200175	0.235414
34089	8.876497	1.788224	3.074732	0.692951	-0.446423	0.160127	-0.211197	0.115202	0.970631	-0.214636	-0.974259	0.068931	0.953587	-0.193774	0.230487
34090	9.375657	1.824497	3.855562	0.628940	-0.376549	0.137614	-0.207866	0.113076	0.971600	-0.208300	-0.975629	0.068981	0.955721	-0.188045	0.226354
34091	10.217694	1.859608	5.005968	0.589493	-0.280545	0.118867	-0.205337	0.111320	0.972340	-0.202225	-0.976896	0.069136	0.957571	-0.182435	0.223105
34092	10.705908	1.958440	6.069574	0.590147	-0.131249	0.086981	-0.204224	0.110169	0.972705	-0.196348	-0.978064	0.069552	0.959031	-0.176785	0.221376
34093	10.314949	2.176731	6.896070	0.590481	0.028199	0.051342	-0.204512	0.109650	0.972703	-0.190413	-0.979180	0.070346	0.960165	-0.170829	0.221133
34094	9.691494	2.385437	7.399891	0.532758	0.144737	0.046766	-0.205961	0.109371	0.972429	-0.185157	-0.980139	0.071022	0.960884	-0.165424	0.222121
34095	9.315725	2.507702	7.762230	0.409556	0.242771	0.046742	-0.208310	0.109257	0.971941	-0.180998	-0.980883	0.071470	0.961170	-0.161031	0.224103
34096	8.987372	2.345237	7.966775	0.257720	0.351476	0.045639	-0.211740	0.109306	0.971194	-0.178382	-0.981356	0.071559	0.960909	-0.158091	0.227290
34097	8.609835	2.058358	8.124857	0.108313	0.489662	0.051498	-0.216479	0.109532	0.970124	-0.177142	-0.981599	0.071299	0.960082	-0.156414	0.231898
34098	7.828794	1.896004	7.443603	-0.063306	0.594662	0.048457	-0.222240	0.109922	0.968776	-0.177598	-0.981565	0.070632	0.958680	-0.156356	0.237665
34099	7.323773	1.873293	6.325317	-0.315032	0.572066	0.037118	-0.227744	0.110438	0.967438	-0.180494	-0.981117	0.069509	0.956846	-0.158787	0.243377
34100	7.186478	1.961756	4.917238	-0.551043	0.450467	-0.003082	-0.232015	0.111130	0.966343	-0.185724	-0.980237	0.068136	0.954817	-0.163664	0.248069
34101	7.762859	2.141557	3.275581	-0.786709	0.281450	-0.052123	-0.234568	0.112103	0.965614	-0.193345	-0.978863	0.066673	0.952678	-0.171058	0.251285
34102	8.865038	2.018922	1.678615	-0.994616	0.133033	-0.091171	-0.235626	0.113163	0.965233	-0.202979	-0.977024	0.064996	0.950411	-0.180607	0.253181
34103	9.849695	1.578282	0.561648	-1.102932	0.046134	-0.113792	-0.235796	0.114354	0.965051	-0.213711	-0.974844	0.063298	0.948013	-0.191317	0.254303
34104	10.532763	0.918101	-0.080880	-1.126226	0.034932	-0.110737	-0.235857	0.115436	0.964907	-0.224590	-0.972514	0.061448	0.945479	-0.202215	0.255300
34105	10.274237	0.152427	-0.595448	-1.095689	-0.015878	-0.087802	-0.235471	0.116247	0.964904	-0.235122	-0.970143	0.059500	0.943012	-0.212860	0.255773
34106	10.160725	-0.649212	-0.971790	-1.025440	-0.095883	-0.060893	-0.234397	0.116563	0.965128	-0.244879	-0.967852	0.057419	0.940794	-0.222881	0.255405
34107	10.163370	-1.439113	-1.081073	-0.870669	-0.164768	-0.033002	-0.232723	0.116490	0.965541	-0.253098	-0.965846	0.055522	0.939032	-0.231455	0.254258
34108	9.880389	-2.110531	-1.117275	-0.620151	-0.185451	-0.020327	-0.230907	0.116185	0.966014	-0.258921	-0.964382	0.054098	0.937892	-0.237629	0.252765
34109	9.566149	-2.510688	-0.860112	-0.297909	-0.201172	0.010078	-0.228995	0.115575	0.966542	-0.261631	-0.963698	0.053249	0.937609	-0.240683	0.250920
34110	9.518555	-2.608251	-0.383053	-0.014323	-0.234121	0.068101	-0.226954	0.114288	0.967176	-0.261565	-0.963757	0.052506	0.938123	-0.241063	0.248622
34111	9.936602	-2.401230	0.292851	0.219385	-0.271118	0.133283	-0.224702	0.112297	0.967935	-0.259100	-0.964463	0.051745	0.939349	-0.239165	0.245813
34112	10.414558	-1.853762	0.909233	0.420020	-0.293872	0.176274	-0.222368	0.109832	0.968757	-0.254713	-0.965670	0.051016	0.941103	-0.235410	0.242709
34113	10.590725	-0.995433	1.530436	0.594679	-0.301379	0.191183	-0.219950	0.107214	0.969602	-0.248562	-0.967295	0.050573	0.943313	-0.229882	0.239406
34114	10.425889	0.190804	1.902601	0.724800	-0.311015	0.188300	-0.217448	0.104620	0.970449	-0.241260	-0.969150	0.050421	0.945785	-0.223166	0.235981
34115	10.036295	1.539483	2.068988	0.768862	-0.329236	0.159605	-0.214648	0.102275	0.971322	-0.233502	-0.971036	0.050644	0.948369	-0.215935	0.232312
34116	9.674245	2.716850	2.209443	0.709662	-0.355973	0.131087	-0.211543	0.100178	0.972221	-0.226440	-0.972691	0.050956	0.950776	-0.209371	0.228450
34117	9.339870	3.391860	2.455010	0.574153	-0.359573	0.102147	-0.208284	0.098375	0.973109	-0.220634	-0.974010	0.051241	0.952858	-0.204028	0.224576
34118	9.017355	3.550781	2.703293	0.410181	-0.336103	0.097082	-0.205264	0.096684	0.973919	-0.216478	-0.974946	0.051161	0.954465	-0.200330	0.221051
34119	8.955395	3.275222	2.923718	0.267365	-0.297545	0.102170	-0.202577	0.095042	0.974643	-0.213600	-0.975603	0.050739	0.955687	-0.197905	0.217935
34120	8.986123	2.692914	3.154704	0.146429	-0.258048	0.115062	-0.200327	0.093345	0.975272	-0.211925	-0.976012	0.049885	0.956534	-0.196691	0.215303
34121	9.124317	1.935847	3.388739	0.046236	-0.206156	0.121233	-0.198547	0.091713	0.975791	-0.211127	-0.976240	0.048796	0.957081	-0.196328	0.213192
34122	9.125992	1.188763	3.483969	-0.030790	-0.155652	0.135336	-0.197315	0.090020	0.976198	-0.211111	-0.976314	0.047360	0.957340	-0.196741	0.211645
34123	9.122366	0.604754	3.474487	-0.065003	-0.124885	0.138233	-0.196350	0.088394	0.976541	-0.211383	-0.976326	0.045872	0.957478	-0.197417	0.210387
34124	9.110884	0.353783	3.473186	-0.060966	-0.075129	0.140722	-0.195901	0.086806	0.976774	-0.211647	-0.976341	0.044320	0.957512	-0.198049	0.209638
34125	9.045825	0.458527	3.333701	-0.059797	-0.026198	0.128096	-0.195867	0.085465	0.976899	-0.211865	-0.976355	0.042939	0.957470	-0.198560	0.209343
34126	9.162024	0.728670	3.359022	-0.078714	0.031268	0.108028	-0.196368	0.084407	0.976891	-0.212363	-0.976302	0.041669	0.957257	-0.199273	0.209639
34127	9.048450	0.916790	3.289687	-0.122912	0.111366	0.079203	-0.197547	0.083832	0.976702	-0.213333	-0.976134	0.040635	0.956799	-0.200335	0.210717
34128	9.051763	1.098525	2.815811	-0.209438	0.123146	0.054464	-0.198814	0.083483	0.976475	-0.215185	-0.975770	0.039610	0.956122	-0.202247	0.211961
34129	9.466216	1.100543	2.194500	-0.324428	0.079420	0.013606	-0.199552	0.083494	0.976324	-0.218224	-0.975128	0.038788	0.955279	-0.205317	0.212809
34130	10.033107	0.917440	1.618892	-0.451308	0.018310	-0.000992	-0.199698	0.083476	0.976295	-0.222491	-0.974202	0.037787	0.954263	-0.209671	0.213119
34131	10.112281	0.511877	0.930483	-0.518490	-0.056675	-0.003774	-0.199100	0.083364	0.976427	-0.227365	-0.973117	0.036720	0.953239	-0.214695	0.212701
34132	10.140478	-0.046104	0.441846	-0.538129	-0.153259	0.015954	-0.197650	0.082810	0.976769	-0.232418	-0.971973	0.035373	0.952322	-0.220027	0.211356
34133	10.082067	-0.511478	0.034689	-0.503663	-0.210765	0.045954	-0.195698	0.081867	0.977241	-0.237052	-0.970906	0.033865	0.951582	-0.225030	0.209411
34134	9.890127	-0.826460	-0.102071	-0.435112	-0.250656	0.062091	-0.193436	0.080629	0.977794	-0.241027	-0.969981	0.032303	0.951046	-0.229427	0.207063
34135	9.836837	-0.947846	0.097208	-0.324732	-0.261953	0.067974	-0.191052	0.079330	0.978369	-0.243901	-0.969306	0.030967	0.950795	-0.232709	0.204537
34136	9.722782	-0.880816	0.473574	-0.188481	-0.268194	0.081610	-0.188676	0.077846	0.978949	-0.245495	-0.968942	0.029735	0.950859	-0.234717	0.201927
34137	9.866620	-0.661177	0.893101	-0.060545	-0.291278	0.101032	-0.186092	0.076137	0.979578	-0.245771	-0.968905	0.028618	0.951297	-0.235426	0.199018
34138	9.943704	-0.316197	1.313352	0.057315	-0.295822	0.110274	-0.183522	0.074306	0.980203	-0.244979	-0.969136	0.027600	0.952001	-0.235064	0.196061
34139	9.891959	0.145982	1.684374	0.142094	-0.297878	0.118005	-0.180909	0.072413	0.980830	-0.243291	-0.969586	0.026709	0.952933	-0.233795	0.193025
34140	9.707643	0.504697	1.900870	0.177409	-0.301386	0.119047	-0.178298	0.070490	0.981448	-0.241343	-0.970096	0.025831	0.953920	-0.232260	0.189979
34141	9.530035	0.877421	2.084970	0.184585	-0.302239	0.116370	-0.175628	0.068615	0.982063	-0.239269	-0.970631	0.025026	0.954937	-0.230582	0.186887
34142	9.420163	1.089758	2.290580	0.163499	-0.297634	0.108078	-0.173016	0.066815	0.982650	-0.237476	-0.971091	0.024217	0.955861	-0.229166	0.183881
34143	9.346471	1.044265	2.216801	0.100993	-0.297734	0.094352	-0.170328	0.065172	0.983230	-0.236235	-0.971413	0.023465	0.956651	-0.228277	0.180854
34144	9.288351	0.868821	2.283054	0.040013	-0.299007	0.086136	-0.167643	0.063587	0.983795	-0.235664	-0.971571	0.022639	0.957266	-0.228050	0.177862
34145	9.278586	0.557226	2.231384	0.005047	-0.279081	0.078915	-0.165093	0.062142	0.984318	-0.235379	-0.971658	0.021864	0.957779	-0.228078	0.175041
34146	9.289478	0.260049	2.003836	-0.035576	-0.271792	0.082443	-0.162657	0.060655	0.984817	-0.235543	-0.971638	0.020940	0.958156	-0.228561	0.172331
34147	9.476519	0.156634	1.760212	-0.060845	-0.280147	0.085659	-0.160112	0.059142	0.985325	-0.235891	-0.971574	0.019985	0.958498	-0.229230	0.169512
34148	9.784599	0.238758	1.376990	-0.081848	-0.290603	0.085708	-0.157503	0.057576	0.985839	-0.236498	-0.971447	0.018952	0.958781	-0.230164	0.166622
34149	9.848837	0.573750	0.853637	-0.124607	-0.323292	0.083242	-0.154537	0.055982	0.986400	-0.237463	-0.971231	0.017918	0.959025	-0.231464	0.163385
34150	9.885412	0.983273	0.407703	-0.173328	-0.374652	0.073222	-0.151092	0.054334	0.987025	-0.238972	-0.970880	0.016864	0.959199	-0.233324	0.159677
34151	9.869195	1.116274	0.068634	-0.217581	-0.428877	0.064893	-0.147068	0.052660	0.987724	-0.240855	-0.970431	0.015875	0.959354	-0.235564	0.155403
34152	9.752952	1.036975	-0.200118	-0.259933	-0.480273	0.067822	-0.142598	0.050798	0.988476	-0.243210	-0.969861	0.014756	0.959435	-0.238303	0.150655
34153	10.002272	0.651876	-0.201380	-0.307739	-0.530985	0.070807	-0.137606	0.048800	0.989284	-0.245946	-0.969188	0.013598	0.959466	-0.241439	0.145368
34154	9.852623	0.115336	-0.046416	-0.276550	-0.529598	0.093201	-0.132729	0.046544	0.990059	-0.248433	-0.968572	0.012229	0.959512	-0.244340	0.140121
34155	9.621317	-0.335457	0.078514	-0.211207	-0.537302	0.116382	-0.127787	0.044060	0.990822	-0.250184	-0.968138	0.010785	0.959728	-0.246509	0.134739
34156	9.768750	-0.510762	0.310078	-0.101857	-0.531128	0.135850	-0.123003	0.041367	0.991544	-0.250951	-0.967956	0.009252	0.960153	-0.247691	0.129443
34157	9.824281	-0.476257	0.469614	0.002157	-0.497730	0.146908	-0.118512	0.038669	0.992199	-0.250615	-0.968055	0.007794	0.960805	-0.247736	0.124417
34158	9.911587	-0.168794	0.538714	0.077676	-0.456887	0.155698	-0.114484	0.035965	0.992774	-0.249647	-0.968316	0.006291	0.961545	-0.247123	0.119835
34159	9.766367	0.318641	0.552222	0.128566	-0.428811	0.153004	-0.110657	0.033383	0.993298	-0.248097	-0.968723	0.004918	0.962394	-0.245890	0.115478
34160	9.696243	0.853612	0.517443	0.131259	-0.401050	0.141497	-0.107120	0.030962	0.993764	-0.246640	-0.969100	0.003608	0.963169	-0.244716	0.111446
34161	9.627327	1.067673	0.636828	0.092870	-0.382130	0.131416	-0.103677	0.028713	0.994197	-0.245465	-0.969402	0.002400	0.963845	-0.243792	0.107553
34162	9.514497	0.869352	0.742682	0.040819	-0.367750	0.132448	-0.100430	0.026467	0.994592	-0.244898	-0.969548	0.001072	0.964334	-0.243465	0.103853
34163	9.549651	0.384793	0.841333	0.017039	-0.354458	0.138787	-0.097263	0.024220	0.994964	-0.244450	-0.969662	-0.000292	0.964772	-0.243247	0.100233
34164	9.705780	-0.097996	0.930955	0.046928	-0.336939	0.148215	-0.094347	0.021898	0.995298	-0.243816	-0.969820	-0.001774	0.965221	-0.242837	0.096839
34165	9.869186	-0.362428	0.996891	0.118765	-0.307617	0.163964	-0.091688	0.019525	0.995596	-0.242371	-0.970178	-0.003294	0.965841	-0.241606	0.093686
34166	9.964281	-0.400413	1.223966	0.211935	-0.285140	0.186551	-0.089357	0.016963	0.995855	-0.240116	-0.970731	-0.005010	0.966623	-0.239568	0.090814
34167	9.923750	-0.309181	1.532720	0.284342	-0.266130	0.199212	-0.087171	0.014357	0.996090	-0.237049	-0.971474	-0.006743	0.967579	-0.236710	0.088088
34168	9.754004	-0.138857	1.717916	0.307644	-0.252214	0.198860	-0.085170	0.011765	0.996297	-0.233861	-0.972233	-0.008511	0.968532	-0.233720	0.085557
34169	9.755380	-0.120449	1.816399	0.289452	-0.253585	0.184747	-0.083057	0.009342	0.996501	-0.230763	-0.972957	-0.010113	0.969458	-0.230796	0.082967
34170	9.718114	-0.258794	1.853665	0.256750	-0.253990	0.165685	-0.080947	0.007080	0.996693	-0.228099	-0.973569	-0.011609	0.970267	-0.228284	0.080422
34171	9.582081	-0.399456	1.701163	0.233209	-0.264043	0.141799	-0.078624	0.005063	0.996892	-0.225594	-0.974137	-0.012844	0.971044	-0.225903	0.077732
34172	9.512321	-0.542667	1.623794	0.203959	-0.275376	0.121242	-0.076193	0.003197	0.997088	-0.223481	-0.974608	-0.013952	0.971726	-0.223893	0.074973
34173	9.589960	-0.790831	1.678945	0.186319	-0.279365	0.107021	-0.073637	0.001495	0.997284	-0.221470	-0.975054	-0.014891	0.972383	-0.221965	0.072131
34174	9.597386	-1.046773	1.765616	0.187241	-0.276162	0.103245	-0.071150	-0.000188	0.997466	-0.219536	-0.975476	-0.015843	0.973007	-0.220107	0.069364
34175	9.641054	-1.336638	1.658103	0.196050	-0.283135	0.098763	-0.068535	-0.001810	0.997647	-0.217445	-0.975930	-0.016708	0.973663	-0.218079	0.066492
34176	9.775001	-1.442552	1.823458	0.241179	-0.259071	0.109033	-0.066219	-0.003501	0.997799	-0.214985	-0.976457	-0.017694	0.974370	-0.215683	0.063907
34177	9.797592	-1.420224	1.721637	0.264642	-0.239627	0.102064	-0.064031	-0.005053	0.997935	-0.212233	-0.977043	-0.018564	0.975119	-0.212983	0.061489
34178	9.955947	-1.110773	1.524426	0.234191	-0.230599	0.095404	-0.061954	-0.006539	0.998058	-0.209851	-0.977540	-0.019430	0.975769	-0.210647	0.059190
34179	9.951370	-0.596996	1.356626	0.192864	-0.218249	0.066836	-0.059897	-0.007694	0.998175	-0.207829	-0.977961	-0.020009	0.976330	-0.208648	0.056978
34180	9.925346	-0.167272	1.139270	0.118705	-0.205312	0.038768	-0.057943	-0.008565	0.998283	-0.206609	-0.978211	-0.020385	0.976706	-0.207435	0.054911
34181	9.785697	0.073242	0.743190	0.032778	-0.203512	0.005217	-0.055902	-0.009082	0.998395	-0.206192	-0.978298	-0.020444	0.976913	-0.207004	0.052816
34182	9.712499	-0.039095	0.462969	-0.021423	-0.211170	-0.010459	-0.053787	-0.009482	0.998507	-0.206370	-0.978261	-0.020406	0.976995	-0.207159	0.050661
34183	9.728910	-0.407701	0.386799	-0.028915	-0.218784	-0.017160	-0.051551	-0.009810	0.998622	-0.206570	-0.978222	-0.020273	0.977073	-0.207330	0.048402
34184	9.836950	-0.682379	0.472234	0.004495	-0.216306	-0.007525	-0.049392	-0.010250	0.998727	-0.206492	-0.978239	-0.020252	0.977201	-0.207230	0.046201
34185	9.800589	-0.759984	0.680225	0.058191	-0.204134	0.010872	-0.047356	-0.010823	0.998819	-0.205826	-0.978377	-0.020360	0.977442	-0.206547	0.044105
34186	9.663957	-0.753465	0.661759	0.102151	-0.206112	0.012255	-0.045337	-0.011432	0.998906	-0.204785	-0.978592	-0.020494	0.977756	-0.205490	0.042025
34187	9.634608	-0.683068	0.665768	0.108518	-0.229149	0.012482	-0.043059	-0.012070	0.999000	-0.203628	-0.978832	-0.020603	0.978101	-0.204311	0.039690
34188	9.556081	-0.580085	0.733311	0.095096	-0.245655	-0.001534	-0.040623	-0.012620	0.999095	-0.202662	-0.979032	-0.020607	0.978406	-0.203315	0.037214
34189	9.407075	-0.473351	0.653037	0.062254	-0.280009	-0.018004	-0.037786	-0.013060	0.999201	-0.201971	-0.979178	-0.020436	0.978662	-0.202582	0.034362
