// General information: 
//  MT Manager version: 2022.2.0 
//  XDA version: 2022.2.0 build 7381 rev 124627 built on 2023-07-19
// Device information: 
//  DeviceId: 00B4CB9F
//  ProductCode: MTW2-3A7G6
//  Firmware Version: 4.6.0
//  Hardware Version: 2.0.0
// Device settings: 
//  Filter Profile: human(46.1)
//  Option Flags: Orientation Smoother Disabled, Position/Velocity Smoother Disabled, Continuous Zero Rotation Update Disabled, AHS Disabled, ICC Disabled
// Coordinate system: ENU
PacketCounter	Acc_X	Acc_Y	Acc_Z	Gyr_X	Gyr_Y	Gyr_Z	Mat[1][1]	Mat[2][1]	Mat[3][1]	Mat[1][2]	Mat[2][2]	Mat[3][2]	Mat[1][3]	Mat[2][3]	Mat[3][3]
57996	9.518229	2.340447	-0.897091	-0.159033	0.325967	0.236238	0.071451	0.227992	0.971038	0.188100	-0.959138	0.211357	0.979547	0.167551	-0.111416
57997	9.326628	2.371855	-0.896907	-0.241907	0.330242	0.248244	0.068781	0.225056	0.971915	0.185598	-0.960101	0.209186	0.980216	0.165997	-0.107806
57998	9.482633	2.299267	-0.872969	-0.316221	0.349713	0.262111	0.065896	0.221925	0.972835	0.182355	-0.961213	0.206922	0.981022	0.163766	-0.103810
57999	9.411372	2.230330	-0.784810	-0.370890	0.368497	0.288694	0.062902	0.218547	0.973797	0.178571	-0.962448	0.204466	0.981914	0.161030	-0.099566
58000	9.678629	2.106817	-0.694650	-0.424420	0.403035	0.311013	0.059554	0.214872	0.974825	0.174246	-0.963803	0.201798	0.982900	0.157842	-0.094839
58001	9.405738	1.984401	-0.746668	-0.465209	0.429180	0.339089	0.056016	0.210929	0.975895	0.169517	-0.965248	0.198897	0.983934	0.154289	-0.089825
58002	9.644189	1.809591	-0.693174	-0.496034	0.460259	0.358581	0.052146	0.206726	0.977008	0.164476	-0.966757	0.195778	0.985002	0.150485	-0.084414
58003	9.631865	1.692394	-0.726426	-0.506339	0.495066	0.380431	0.047982	0.202306	0.978146	0.159337	-0.968284	0.192450	0.986058	0.146621	-0.078695
58004	9.988984	1.536919	-0.713455	-0.507268	0.525003	0.403958	0.043498	0.197594	0.979318	0.154184	-0.969830	0.188831	0.987084	0.142781	-0.072651
58005	9.563574	1.226719	-0.696257	-0.486640	0.560354	0.415709	0.038693	0.192764	0.980482	0.149249	-0.971325	0.185074	0.988042	0.139175	-0.066354
58006	9.818477	1.013970	-0.619243	-0.418113	0.595785	0.444697	0.033520	0.187582	0.981677	0.144993	-0.972750	0.180925	0.988865	0.136271	-0.059805
58007	9.625436	0.885490	-0.508644	-0.330755	0.613425	0.469614	0.028224	0.182174	0.982861	0.141618	-0.974064	0.176477	0.989519	0.134210	-0.053291
58008	9.909951	0.798578	-0.342458	-0.224626	0.633384	0.501689	0.022721	0.176398	0.984057	0.139304	-0.975267	0.171606	0.989989	0.133184	-0.046732
58009	10.129367	0.737232	-0.343637	-0.131783	0.654744	0.533601	0.017076	0.170311	0.985242	0.137936	-0.976366	0.166386	0.990294	0.133059	-0.040164
58010	9.971695	0.594449	-0.302468	-0.019783	0.686423	0.564036	0.011116	0.163845	0.986423	0.137698	-0.977337	0.160784	0.990412	0.134042	-0.033425
58011	10.036204	0.606465	-0.177725	0.094167	0.721388	0.582763	0.004875	0.157161	0.987561	0.138627	-0.978143	0.154978	0.990333	0.136147	-0.026555
58012	9.803635	0.706018	-0.135805	0.209211	0.728970	0.591945	-0.001455	0.150326	0.988635	0.140727	-0.978767	0.149033	0.990047	0.139344	-0.019731
58013	10.277340	0.577276	0.002345	0.332779	0.729747	0.601203	-0.007724	0.143395	0.989635	0.144091	-0.979177	0.143004	0.989534	0.143702	-0.013099
58014	10.241577	0.428021	0.002364	0.486001	0.790499	0.605446	-0.014594	0.136268	0.990565	0.149005	-0.979312	0.136915	0.988729	0.149597	-0.006012
58015	9.611334	0.694306	-0.078286	0.644463	0.783881	0.609100	-0.021314	0.129088	0.991404	0.155525	-0.979130	0.130833	0.987602	0.156977	0.000793
58016	10.175371	0.668054	-0.055881	0.748850	0.758382	0.590747	-0.027796	0.122045	0.992135	0.163101	-0.978664	0.124957	0.986218	0.165291	0.007297
58017	10.218702	0.404665	-0.072323	0.895794	0.796929	0.576980	-0.034582	0.115030	0.992760	0.172150	-0.977820	0.119295	0.984463	0.175029	0.014013
58018	9.947971	0.548726	-0.125158	1.039711	0.843986	0.569926	-0.041808	0.107900	0.993282	0.182633	-0.976576	0.113772	0.982292	0.186162	0.021123
58019	9.455778	1.026582	-0.188967	1.136796	0.805000	0.563703	-0.048543	0.100837	0.993718	0.194083	-0.974976	0.108416	0.979783	0.198126	0.027758
58020	9.877739	1.719074	0.033571	1.185262	0.734856	0.514094	-0.054641	0.094294	0.994044	0.205986	-0.973053	0.103625	0.977028	0.210421	0.033746
58021	10.135986	2.356863	0.084582	1.101328	0.694098	0.422578	-0.060418	0.088673	0.994227	0.217017	-0.971053	0.099794	0.974296	0.221794	0.039426
58022	9.997926	2.738424	0.063018	0.929613	0.651852	0.353548	-0.065913	0.083732	0.994306	0.226327	-0.969247	0.096625	0.971819	0.231407	0.044935
58023	10.154496	2.937984	0.104880	0.747701	0.622508	0.274803	-0.071222	0.079598	0.994279	0.233817	-0.967705	0.094219	0.969669	0.239190	0.050311
58024	10.049312	3.079460	0.151484	0.552970	0.595263	0.218295	-0.076408	0.076013	0.994175	0.239377	-0.966530	0.092296	0.967916	0.245034	0.055655
58025	9.908762	3.287736	0.076393	0.361391	0.557384	0.175790	-0.081273	0.072934	0.994020	0.243054	-0.965760	0.090733	0.966602	0.248975	0.060764
58026	9.848592	3.322465	0.081436	0.147885	0.523389	0.142368	-0.085918	0.070219	0.993825	0.244644	-0.965486	0.089367	0.965799	0.250811	0.065774
58027	9.947169	3.295162	0.092733	-0.070639	0.506823	0.101802	-0.090462	0.067967	0.993578	0.244095	-0.965724	0.088286	0.965523	0.250514	0.070771
58028	9.684211	3.156797	0.084594	-0.280418	0.495103	0.067252	-0.095015	0.066051	0.993282	0.241491	-0.966462	0.087368	0.965740	0.248170	0.075878
58029	9.537115	3.013879	0.204528	-0.482798	0.468837	0.024614	-0.099385	0.064665	0.992946	0.236895	-0.967656	0.086729	0.966439	0.243843	0.080852
58030	9.430899	2.830341	0.291829	-0.667516	0.437151	-0.006209	-0.103562	0.063640	0.992585	0.230476	-0.969253	0.086191	0.967551	0.237693	0.085711
58031	9.394402	2.589313	0.295201	-0.844942	0.417087	-0.041461	-0.107595	0.063077	0.992192	0.222295	-0.971193	0.085848	0.969024	0.229796	0.090474
58032	9.348330	2.394114	0.336483	-0.975587	0.394714	-0.061044	-0.111492	0.062747	0.991782	0.212809	-0.973345	0.085504	0.970712	0.220593	0.095167
58033	9.284515	2.148562	0.379986	-1.076177	0.365562	-0.075855	-0.115102	0.062710	0.991372	0.202311	-0.975608	0.085202	0.972534	0.210373	0.099607
58034	9.272159	1.829765	0.433082	-1.144965	0.345239	-0.088678	-0.118574	0.062834	0.990955	0.191105	-0.977893	0.084873	0.974381	0.199441	0.103945
58035	9.310596	1.602619	0.397669	-1.179496	0.321349	-0.100924	-0.121797	0.063211	0.990540	0.179526	-0.980107	0.084620	0.976184	0.188134	0.108026
58036	9.208356	1.328631	0.440954	-1.189416	0.295248	-0.110664	-0.124812	0.063722	0.990132	0.167812	-0.982202	0.084365	0.977886	0.176686	0.111897
58037	9.286524	1.119783	0.455144	-1.169835	0.264670	-0.117183	-0.127493	0.064433	0.989744	0.156261	-0.984121	0.084196	0.979453	0.165392	0.115400
58038	9.315527	0.920625	0.524830	-1.129561	0.231543	-0.123320	-0.129887	0.065240	0.989380	0.145075	-0.985844	0.084052	0.980858	0.154451	0.118584
58039	9.421645	0.664692	0.409171	-1.075201	0.199956	-0.119932	-0.131919	0.066135	0.989052	0.134411	-0.987363	0.083950	0.982105	0.144014	0.121363
58040	9.511074	0.442212	0.361635	-1.007220	0.171827	-0.096444	-0.133672	0.066810	0.988771	0.124430	-0.988698	0.083627	0.983183	0.134211	0.123848
58041	9.703917	0.196773	0.324564	-0.940659	0.144412	-0.070221	-0.135078	0.067327	0.988545	0.115128	-0.989865	0.083148	0.984124	0.125041	0.125957
58042	9.981634	-0.043925	0.375313	-0.881723	0.120734	-0.010862	-0.136219	0.067248	0.988394	0.106478	-0.990920	0.082094	0.984940	0.116425	0.127822
58043	10.245911	-0.102367	0.470510	-0.831859	0.126700	0.047719	-0.137318	0.066639	0.988283	0.098393	-0.991882	0.080553	0.985628	0.108301	0.129647
58044	10.271641	-0.076213	0.445926	-0.757603	0.158638	0.099166	-0.138730	0.065448	0.988165	0.091106	-0.992739	0.078541	0.986131	0.100923	0.131760
58045	10.245862	0.121513	1.534988	-0.680777	0.223387	0.104359	-0.140740	0.064197	0.987963	0.084583	-0.993467	0.076604	0.986427	0.094346	0.134391
58046	9.536833	0.447593	2.422701	-0.600026	0.342333	0.053392	-0.144015	0.063311	0.987548	0.078786	-0.994050	0.075217	0.986434	0.088637	0.138170
58047	9.555193	1.400750	2.560994	-0.500697	0.454155	-0.046215	-0.148431	0.063380	0.986890	0.073826	-0.994449	0.074969	0.986163	0.083986	0.142928
58048	9.543882	2.848595	2.529109	-0.605203	0.506428	-0.133809	-0.153461	0.064257	0.986063	0.067703	-0.994855	0.075367	0.985833	0.078325	0.148321
58049	9.223319	3.112695	1.969435	-0.843611	0.454975	-0.194158	-0.157974	0.065854	0.985245	0.059131	-0.995352	0.076011	0.985671	0.070266	0.153345
58050	9.344027	2.346677	1.311827	-1.051876	0.352640	-0.175641	-0.161487	0.067329	0.984575	0.048528	-0.995921	0.076065	0.985681	0.060063	0.157561
58051	9.484807	1.124360	0.795901	-1.180114	0.236917	-0.078768	-0.163763	0.067991	0.984154	0.036814	-0.996506	0.074970	0.985813	0.048508	0.160688
58052	9.578651	0.030144	0.312283	-1.215027	0.135934	0.066748	-0.165027	0.067223	0.983996	0.024991	-0.997069	0.072307	0.985972	0.036524	0.162863
58053	9.671087	-0.727297	0.016152	-1.139444	0.091165	0.198703	-0.165792	0.065217	0.984002	0.014132	-0.997551	0.068496	0.986059	0.025262	0.164465
58054	9.624330	-1.099623	-0.033627	-0.993894	0.094718	0.264141	-0.166647	0.062516	0.984033	0.004817	-0.997925	0.064214	0.986005	0.015441	0.166000
58055	9.535921	-1.098179	0.088616	-0.818953	0.141497	0.265734	-0.167942	0.059847	0.983978	-0.002766	-0.998180	0.060239	0.985793	0.007395	0.167802
58056	9.506562	-0.727367	0.362006	-0.653481	0.183579	0.216228	-0.169710	0.057633	0.983807	-0.008795	-0.998337	0.056967	0.985455	0.001015	0.169935
58057	9.456986	-0.108068	0.681490	-0.544693	0.211880	0.161573	-0.171718	0.056019	0.983552	-0.013839	-0.998421	0.054450	0.985049	-0.004262	0.172222
58058	9.378509	0.417719	0.845002	-0.491371	0.207368	0.109132	-0.173724	0.054895	0.983263	-0.018443	-0.998451	0.052485	0.984622	-0.009017	0.174468
58059	9.321292	0.700920	0.972430	-0.475053	0.172148	0.060915	-0.175332	0.054300	0.983011	-0.022967	-0.998432	0.051056	0.984241	-0.013625	0.176304
58060	9.341475	0.824295	0.993151	-0.461744	0.116557	0.024474	-0.176433	0.054026	0.982829	-0.027421	-0.998375	0.049958	0.983931	-0.018136	0.177627
58061	9.359509	0.745697	1.057444	-0.439297	0.065155	0.006776	-0.176976	0.053965	0.982735	-0.031684	-0.998291	0.049114	0.983705	-0.022445	0.178383
58062	9.403673	0.505261	1.131070	-0.408446	0.020250	-0.002885	-0.177121	0.053950	0.982709	-0.035660	-0.998193	0.048373	0.983543	-0.026476	0.178725
58063	9.442947	0.332001	1.227256	-0.368925	-0.008482	0.008664	-0.176941	0.053855	0.982747	-0.039227	-0.998094	0.047633	0.983440	-0.030122	0.178716
58064	9.576979	0.220643	1.376133	-0.325948	-0.020840	0.025830	-0.176694	0.053541	0.982808	-0.042339	-0.998009	0.046757	0.983355	-0.033350	0.178609
58065	9.634919	0.197274	1.423162	-0.298321	-0.031537	0.032496	-0.176298	0.053198	0.982898	-0.045169	-0.997924	0.045909	0.983300	-0.036303	0.178334
58066	9.747420	0.177609	1.467502	-0.294883	-0.043707	0.046272	-0.175838	0.052670	0.983009	-0.047940	-0.997841	0.044889	0.983251	-0.039233	0.177983
58067	9.959902	0.151557	1.538107	-0.324639	-0.054074	0.064435	-0.175237	0.051996	0.983152	-0.050973	-0.997744	0.043683	0.983206	-0.042459	0.177492
58068	10.310528	0.048133	1.616063	-0.376302	-0.039338	0.108032	-0.174856	0.050851	0.983280	-0.054437	-0.997637	0.041913	0.983088	-0.046198	0.177211
58069	10.715774	-0.184185	1.735133	-0.457182	-0.003678	0.182780	-0.174822	0.049016	0.983379	-0.058565	-0.997509	0.039308	0.982857	-0.050720	0.177257
58070	10.854263	-0.688814	1.794953	-0.519959	0.058135	0.279838	-0.175513	0.046205	0.983392	-0.063138	-0.997370	0.035593	0.982450	-0.055842	0.177968
58071	10.918636	-1.283186	1.897968	-0.519182	0.121649	0.376908	-0.176854	0.042504	0.983319	-0.067527	-0.997237	0.030961	0.981918	-0.060925	0.179235
58072	10.581805	-1.863254	2.072132	-0.424338	0.190295	0.429381	-0.178968	0.038291	0.983109	-0.070882	-0.997148	0.025935	0.981298	-0.065043	0.181172
58073	9.971796	-2.255603	2.217583	-0.211212	0.247188	0.449484	-0.181616	0.033955	0.982783	-0.072098	-0.997174	0.021129	0.980723	-0.067019	0.183550
58074	9.749138	-2.282127	2.405552	0.041417	0.285572	0.443574	-0.184682	0.029671	0.982350	-0.070832	-0.997347	0.016808	0.980242	-0.066478	0.186294
58075	9.521148	-2.063152	2.613416	0.283910	0.312910	0.425810	-0.187945	0.025604	0.981846	-0.067211	-0.997652	0.013151	0.979877	-0.063519	0.189225
58076	9.552794	-1.595559	2.804139	0.447967	0.343549	0.405966	-0.191523	0.021713	0.981248	-0.062005	-0.998026	0.009982	0.979528	-0.058930	0.192491
58077	9.661523	-1.089902	2.995519	0.581683	0.371861	0.387693	-0.195297	0.018025	0.980579	-0.055512	-0.998431	0.007297	0.979172	-0.053009	0.195991
58078	9.740278	-0.597620	3.227154	0.686250	0.425101	0.379615	-0.199603	0.014394	0.979771	-0.047997	-0.998835	0.004896	0.978701	-0.046049	0.200062
58079	9.726393	-0.201987	3.438299	0.759290	0.449085	0.364194	-0.204064	0.010918	0.978897	-0.039787	-0.999204	0.002850	0.978149	-0.038366	0.204336
58080	9.610827	0.056893	3.468268	0.775972	0.463564	0.361618	-0.208674	0.007414	0.977957	-0.031405	-0.999506	0.000877	0.977481	-0.030530	0.208803
58081	9.536004	0.198533	3.337315	0.760309	0.447337	0.347133	-0.213049	0.004037	0.977033	-0.023198	-0.999730	-0.000928	0.976766	-0.022863	0.213085
58082	9.463956	0.359027	3.151533	0.712439	0.431801	0.334758	-0.217277	0.000724	0.976110	-0.015473	-0.999877	-0.002702	0.975987	-0.015690	0.217261
58083	9.503264	0.542257	2.973056	0.625289	0.428217	0.325849	-0.221405	-0.002506	0.975179	-0.008612	-0.999953	-0.004525	0.975144	-0.009400	0.221373
58084	9.467930	0.737571	2.811090	0.507436	0.440739	0.304299	-0.225665	-0.005566	0.974189	-0.002937	-0.999975	-0.006394	0.974201	-0.004304	0.225643
58085	9.409769	0.931142	2.778045	0.345938	0.451695	0.281999	-0.229978	-0.008399	0.973160	0.001121	-0.999964	-0.008365	0.973195	-0.000833	0.229979
58086	9.275057	1.096496	2.804893	0.157949	0.466353	0.261460	-0.234455	-0.011061	0.972064	0.003313	-0.999939	-0.010579	0.972121	0.000740	0.234477
58087	9.190471	1.108309	2.753512	-0.029343	0.476960	0.241836	-0.238995	-0.013504	0.970927	0.003648	-0.999909	-0.013009	0.971014	0.000433	0.239022
58088	9.224027	1.092783	2.779869	-0.193182	0.476967	0.218066	-0.243563	-0.015729	0.969757	0.002348	-0.999875	-0.015628	0.969882	-0.001529	0.243570
58089	9.328993	0.998525	2.945756	-0.333495	0.485697	0.195973	-0.248185	-0.017693	0.968551	-0.000355	-0.999831	-0.018355	0.968713	-0.004899	0.248137
58090	9.397724	1.037860	3.095937	-0.447500	0.494451	0.181361	-0.252923	-0.019518	0.967290	-0.004183	-0.999765	-0.021268	0.967477	-0.009425	0.252781
58091	9.498669	0.936958	3.267179	-0.534963	0.506670	0.165974	-0.257750	-0.021135	0.965981	-0.008884	-0.999667	-0.024242	0.966171	-0.014830	0.257476
58092	9.506164	0.796545	3.326247	-0.603015	0.513533	0.150921	-0.262673	-0.022600	0.964620	-0.014263	-0.999525	-0.027302	0.964780	-0.020930	0.262226
58093	9.502422	0.575022	3.386810	-0.633114	0.517664	0.139727	-0.267607	-0.023889	0.963232	-0.019949	-0.999341	-0.030326	0.963322	-0.027331	0.266954
58094	9.438548	0.338186	3.351655	-0.606284	0.522515	0.121593	-0.272612	-0.024994	0.961799	-0.025406	-0.999127	-0.033165	0.961788	-0.033477	0.271739
58095	9.395370	0.043822	3.335873	-0.531641	0.516097	0.103056	-0.277523	-0.025853	0.960371	-0.030184	-0.998910	-0.035613	0.960245	-0.038871	0.276440
58096	9.349645	-0.178315	3.344691	-0.441621	0.505154	0.086434	-0.282347	-0.026559	0.958945	-0.034128	-0.998706	-0.037708	0.958705	-0.043374	0.281075
58097	9.384332	-0.346415	3.306760	-0.336709	0.494908	0.065082	-0.287035	-0.027002	0.957539	-0.037120	-0.998538	-0.039285	0.957201	-0.046820	0.285613
58098	9.254617	-0.464132	3.272900	-0.216242	0.496431	0.040079	-0.291748	-0.027214	0.956108	-0.039021	-0.998424	-0.040326	0.955699	-0.049074	0.290226
58099	9.191132	-0.575744	3.124282	-0.105106	0.500569	0.007604	-0.296457	-0.027059	0.954663	-0.039954	-0.998372	-0.040705	0.954210	-0.050210	0.294893
58100	9.013629	-0.599499	3.143541	-0.016943	0.495629	-0.031137	-0.301120	-0.026549	0.953217	-0.040157	-0.998373	-0.040492	0.952740	-0.050472	0.299564
58101	8.811913	-0.502100	3.077778	0.066013	0.494474	-0.066797	-0.305728	-0.025652	0.951773	-0.039683	-0.998425	-0.039656	0.951292	-0.049893	0.304228
58102	8.585680	-0.470959	3.047141	0.104581	0.473262	-0.107283	-0.310134	-0.024397	0.950380	-0.038967	-0.998504	-0.038348	0.949894	-0.048927	0.308719
58103	8.410665	-0.384072	2.957626	0.093174	0.449712	-0.128020	-0.314281	-0.022919	0.949053	-0.038433	-0.998582	-0.036842	0.948552	-0.048054	0.312954
58104	8.215986	-0.309820	2.951770	0.056413	0.413477	-0.139017	-0.318097	-0.021383	0.947817	-0.038286	-0.998640	-0.035379	0.947285	-0.047542	0.316846
58105	8.084028	-0.237266	2.888202	0.001797	0.369726	-0.133914	-0.321474	-0.019889	0.946709	-0.038647	-0.998671	-0.034104	0.946129	-0.047551	0.320278
58106	8.014421	-0.270340	2.697712	-0.045762	0.318060	-0.123862	-0.324383	-0.018550	0.945744	-0.039428	-0.998674	-0.033111	0.945104	-0.048029	0.323222
58107	7.885590	-0.417036	2.565722	-0.072720	0.265666	-0.105236	-0.326780	-0.017389	0.944940	-0.040407	-0.998659	-0.032352	0.944236	-0.048754	0.325639
58108	7.780813	-0.546771	2.512211	-0.076020	0.222373	-0.088822	-0.328793	-0.016443	0.944259	-0.041363	-0.998638	-0.031793	0.943496	-0.049511	0.327665
58109	7.629790	-0.656702	2.397943	-0.074663	0.181790	-0.070418	-0.330407	-0.015669	0.943708	-0.042250	-0.998614	-0.031373	0.942892	-0.050237	0.329287
58110	7.493530	-0.843461	2.271474	-0.061485	0.125125	-0.055006	-0.331513	-0.015107	0.943330	-0.042959	-0.998593	-0.031089	0.942472	-0.050831	0.330398
58111	7.396691	-1.020849	2.185940	-0.017933	0.071692	-0.044010	-0.332099	-0.014652	0.943131	-0.043223	-0.998593	-0.030733	0.942254	-0.050972	0.330998
58112	7.324460	-1.200401	2.170181	0.064420	0.008470	-0.059326	-0.332103	-0.014105	0.943138	-0.042761	-0.998635	-0.029993	0.942273	-0.050290	0.331047
58113	7.309803	-1.294935	2.218276	0.176342	-0.065639	-0.082867	-0.331378	-0.013333	0.943404	-0.041324	-0.998736	-0.028630	0.942593	-0.048472	0.330408
58114	7.443494	-1.380292	2.403821	0.326215	-0.133821	-0.123860	-0.330017	-0.012208	0.943896	-0.038605	-0.998905	-0.026417	0.943185	-0.045157	0.329184
58115	7.692935	-1.314884	2.711149	0.475559	-0.187940	-0.181021	-0.328105	-0.010505	0.944583	-0.034663	-0.999131	-0.023152	0.944005	-0.040338	0.327456
58116	7.912340	-1.106887	3.078471	0.602552	-0.238683	-0.255073	-0.325718	-0.008095	0.945432	-0.029753	-0.999380	-0.018807	0.944999	-0.034255	0.325275
58117	8.102932	-0.873454	3.344677	0.693386	-0.290960	-0.343449	-0.322802	-0.004778	0.946455	-0.024260	-0.999617	-0.013320	0.946156	-0.027261	0.322562
58118	8.314263	-0.568620	3.533502	0.764299	-0.343739	-0.441922	-0.319402	-0.000489	0.947619	-0.018390	-0.999808	-0.006715	0.947441	-0.019572	0.319332
58119	8.852024	-0.137242	3.899836	0.819509	-0.382464	-0.532819	-0.315622	0.004753	0.948873	-0.012261	-0.999924	0.000930	0.948806	-0.011341	0.315657
58120	9.600928	0.285223	4.240900	0.813566	-0.374514	-0.601062	-0.311959	0.010688	0.950036	-0.006371	-0.999938	0.009157	0.950074	-0.003196	0.312007
58121	10.141499	0.647660	4.381501	0.751739	-0.346627	-0.635629	-0.308569	0.017019	0.951050	-0.001146	-0.999846	0.017521	0.951201	0.004317	0.308541
58122	10.325228	1.039720	4.507050	0.652838	-0.297718	-0.644087	-0.305690	0.023434	0.951843	0.003140	-0.999667	0.025620	0.952126	0.010821	0.305515
58123	10.139732	1.375100	4.465653	0.516694	-0.252230	-0.620446	-0.303248	0.029646	0.952451	0.006224	-0.999433	0.033089	0.952891	0.015962	0.302891
58124	9.796719	1.363478	4.222100	0.360424	-0.239811	-0.564818	-0.300949	0.035286	0.952987	0.008005	-0.999187	0.039524	0.953607	0.019523	0.300422
58125	9.573468	1.144760	3.817314	0.187584	-0.263420	-0.490395	-0.298409	0.040217	0.953590	0.008376	-0.998963	0.044752	0.954401	0.021341	0.297763
58126	9.116819	0.905150	3.350122	0.021758	-0.281572	-0.430528	-0.295702	0.044532	0.954242	0.007356	-0.998777	0.048889	0.955252	0.021476	0.295013
58127	8.546836	0.835673	2.769000	-0.120213	-0.336448	-0.392032	-0.292445	0.048496	0.955052	0.005105	-0.998620	0.052271	0.956269	0.020162	0.291794
58128	8.492770	0.675535	2.151542	-0.233561	-0.444448	-0.375310	-0.288152	0.052281	0.956156	0.001831	-0.998477	0.055147	0.957583	0.017642	0.287618
58129	8.879006	0.444235	1.580375	-0.296170	-0.565236	-0.362756	-0.282669	0.055973	0.957583	-0.001992	-0.998328	0.057767	0.959215	0.014421	0.282308
58130	9.492429	0.270449	1.351795	-0.330682	-0.658275	-0.336748	-0.276283	0.059371	0.959241	-0.006057	-0.998178	0.060036	0.961057	0.010776	0.276139
58131	10.344144	0.313522	1.456768	-0.368584	-0.672175	-0.295777	-0.269725	0.062360	0.960916	-0.010360	-0.998031	0.061861	0.962882	0.006730	0.269840
58132	11.511339	0.334353	2.129864	-0.434071	-0.585082	-0.243083	-0.264003	0.064765	0.962345	-0.015142	-0.997898	0.063004	0.964403	0.002062	0.264429
58133	12.429136	0.370024	2.795968	-0.511697	-0.417151	-0.177995	-0.259877	0.066516	0.963348	-0.020496	-0.997780	0.063364	0.965424	-0.003278	0.260663
58134	12.386332	0.325025	3.135927	-0.568308	-0.236816	-0.134776	-0.257507	0.067798	0.963895	-0.026282	-0.997658	0.063151	0.965919	-0.009071	0.258685
58135	11.460656	-0.178127	3.012911	-0.567818	-0.138322	-0.146915	-0.256058	0.069223	0.964180	-0.032095	-0.997492	0.063091	0.966129	-0.014791	0.257637
58136	10.836917	-0.934439	2.711233	-0.412924	-0.128360	-0.211278	-0.254693	0.071260	0.964393	-0.036575	-0.997277	0.064030	0.966330	-0.018964	0.256606
58137	10.294925	-1.336586	2.312236	-0.135537	-0.147276	-0.281485	-0.253095	0.074010	0.964606	-0.038550	-0.997049	0.066385	0.966673	-0.020384	0.255201
58138	9.794042	-1.218210	1.982195	0.125173	-0.187290	-0.351072	-0.251098	0.077425	0.964860	-0.038175	-0.996812	0.070054	0.967209	-0.019243	0.253253
58139	9.428203	-0.831457	1.642669	0.311576	-0.226516	-0.409180	-0.248684	0.081431	0.965156	-0.036132	-0.996546	0.074770	0.967911	-0.016279	0.250767
58140	9.219362	-0.340298	1.366187	0.430491	-0.255024	-0.445195	-0.246009	0.085783	0.965464	-0.033016	-0.996240	0.080104	0.968705	-0.012169	0.247916
58141	9.122484	0.200151	1.269226	0.500866	-0.272803	-0.465374	-0.243148	0.090358	0.965772	-0.029250	-0.995882	0.085811	0.969548	-0.007384	0.244789
58142	8.985983	0.803746	1.261563	0.514860	-0.289230	-0.469429	-0.240162	0.094970	0.966076	-0.025341	-0.995477	0.091561	0.970402	-0.002492	0.241483
58143	9.237113	1.428206	1.275151	0.487311	-0.308346	-0.469046	-0.236984	0.099604	0.966394	-0.021679	-0.995025	0.097239	0.971272	0.002094	0.237964
58144	9.333251	1.980729	1.137740	0.447960	-0.318400	-0.466570	-0.233744	0.104211	0.966697	-0.018375	-0.994535	0.102769	0.972125	0.006259	0.234382
58145	9.392487	2.511474	1.034851	0.389694	-0.327953	-0.448218	-0.230402	0.108663	0.967010	-0.015575	-0.994030	0.107988	0.972971	0.009820	0.230719
58146	9.454766	2.959757	1.073249	0.309128	-0.341535	-0.426262	-0.226962	0.112890	0.967339	-0.013492	-0.993528	0.112781	0.973810	0.012546	0.227017
58147	9.528476	3.238230	1.141000	0.208689	-0.351917	-0.401116	-0.223403	0.116894	0.967692	-0.012311	-0.993042	0.117114	0.974648	0.014250	0.223288
58148	9.487408	3.384572	1.294475	0.108891	-0.348146	-0.375825	-0.219909	0.120629	0.968033	-0.012034	-0.992585	0.120955	0.975446	0.014950	0.219730
58149	9.470571	3.314345	1.465256	0.022035	-0.353210	-0.338978	-0.216340	0.124022	0.968409	-0.012508	-0.992170	0.124271	0.976238	0.014772	0.216197
58150	9.420497	3.059913	1.608730	-0.053943	-0.362261	-0.310847	-0.212708	0.127111	0.968813	-0.013654	-0.991792	0.127128	0.977020	0.013813	0.212698
58151	9.406660	2.679608	1.671797	-0.116605	-0.376079	-0.295624	-0.208907	0.130071	0.969247	-0.015366	-0.991429	0.129736	0.977815	0.012209	0.209115
58152	9.413187	2.265494	1.686283	-0.158279	-0.394545	-0.294139	-0.204946	0.132984	0.969697	-0.017475	-0.991066	0.132222	0.978617	0.010153	0.205439
58153	9.433464	1.857542	1.547845	-0.186618	-0.425727	-0.309317	-0.200638	0.136069	0.970170	-0.019880	-0.990669	0.134833	0.979464	0.007766	0.201471
58154	9.517427	1.539533	1.480921	-0.207181	-0.451709	-0.331287	-0.196089	0.139333	0.970637	-0.022519	-0.990232	0.137597	0.980328	0.005123	0.197311
58155	9.578366	1.238644	1.429138	-0.221161	-0.467862	-0.348802	-0.191333	0.142786	0.971084	-0.025314	-0.989751	0.140543	0.981199	0.002308	0.192987
58156	9.649728	1.014477	1.390302	-0.214173	-0.476101	-0.355630	-0.186512	0.146262	0.971504	-0.028041	-0.989246	0.143550	0.982052	-0.000468	0.188608
58157	9.697947	0.864688	1.355150	-0.175190	-0.483478	-0.361554	-0.181573	0.149811	0.971899	-0.030378	-0.988710	0.146727	0.982908	-0.002883	0.184074
58158	9.751755	0.696980	1.369502	-0.104328	-0.472885	-0.362698	-0.176757	0.153331	0.972238	-0.032007	-0.988164	0.150024	0.983734	-0.004601	0.179573
58159	9.744605	0.623376	1.389785	0.001007	-0.458340	-0.361088	-0.172045	0.156855	0.972521	-0.032577	-0.987608	0.153525	0.984550	-0.005269	0.175023
58160	9.725647	0.617398	1.438202	0.104867	-0.434046	-0.347437	-0.167605	0.160216	0.972748	-0.032088	-0.987070	0.157047	0.985332	-0.004892	0.170579
58161	9.680613	0.804432	1.529011	0.194391	-0.413416	-0.346777	-0.163336	0.163599	0.972911	-0.030696	-0.986520	0.160734	0.986093	-0.003611	0.166156
58162	9.610477	0.944783	1.593914	0.266834	-0.396709	-0.335489	-0.159271	0.166850	0.973033	-0.028559	-0.985981	0.164396	0.986822	-0.001605	0.161803
58163	9.542895	1.182642	1.684051	0.317722	-0.381270	-0.324380	-0.155333	0.170023	0.973121	-0.025883	-0.985440	0.168043	0.987523	0.000916	0.157472
58164	9.426341	1.418988	1.685768	0.360449	-0.369550	-0.311756	-0.151554	0.173056	0.973182	-0.022755	-0.984904	0.171597	0.988187	0.003862	0.153204
58165	9.303736	1.583035	1.732242	0.399049	-0.353809	-0.307760	-0.147907	0.176082	0.973200	-0.019221	-0.984349	0.175178	0.988814	0.007204	0.148977
58166	9.327082	1.786901	1.750326	0.430378	-0.352885	-0.300749	-0.144311	0.179027	0.973203	-0.015358	-0.983784	0.178696	0.989413	0.010841	0.144720
58167	9.373991	1.977206	1.746310	0.455514	-0.350611	-0.298720	-0.140717	0.181986	0.973180	-0.011227	-0.983191	0.182235	0.989986	0.014718	0.140394
58168	9.409131	2.114512	1.735534	0.463214	-0.335322	-0.290873	-0.137316	0.184855	0.973125	-0.006999	-0.982588	0.185665	0.990503	0.018684	0.136218
58169	9.410185	2.247756	1.716633	0.441688	-0.325955	-0.288077	-0.133988	0.187729	0.973039	-0.002965	-0.981964	0.189043	0.990979	0.022445	0.132128
58170	9.577552	2.273396	1.649131	0.405737	-0.312298	-0.281509	-0.130835	0.190523	0.972925	0.000729	-0.981342	0.192269	0.991404	0.025865	0.128255
58171	9.599117	2.257076	1.614282	0.375973	-0.296715	-0.276409	-0.127816	0.193294	0.972780	0.004149	-0.980712	0.195415	0.991789	0.029013	0.124548
58172	9.565367	2.257034	1.503086	0.348221	-0.278691	-0.274946	-0.125012	0.196029	0.972597	0.007300	-0.980079	0.198476	0.992128	0.031912	0.121091
58173	9.471389	2.195507	1.453920	0.339975	-0.260667	-0.273547	-0.122367	0.198775	0.972376	0.010384	-0.979429	0.201524	0.992431	0.034757	0.117786
58174	9.420815	2.191371	1.418529	0.338712	-0.254613	-0.281700	-0.119818	0.201581	0.972116	0.013449	-0.978750	0.204614	0.992705	0.037591	0.114561
58175	9.281324	2.234048	1.273491	0.348184	-0.265335	-0.293166	-0.117145	0.204532	0.971825	0.016607	-0.978022	0.207839	0.992976	0.040486	0.111174
58176	9.341965	2.338499	1.147445	0.359868	-0.285350	-0.302002	-0.114311	0.207561	0.971520	0.019876	-0.977257	0.211125	0.993246	0.043444	0.107586
58177	9.273428	2.372903	0.913991	0.372582	-0.314677	-0.315875	-0.111171	0.210768	0.971194	0.023269	-0.976432	0.214568	0.993529	0.046452	0.103646
58178	9.322743	2.325254	0.759024	0.392386	-0.347697	-0.319777	-0.107740	0.214012	0.970871	0.026862	-0.975572	0.218029	0.993816	0.049570	0.099360
58179	9.342615	2.313956	0.628750	0.406280	-0.378126	-0.319198	-0.103991	0.217299	0.970550	0.030610	-0.974679	0.221503	0.994107	0.052743	0.094706
58180	9.328324	2.331092	0.464108	0.414647	-0.409383	-0.314674	-0.099967	0.220544	0.970241	0.034456	-0.973773	0.224897	0.994394	0.055912	0.089746
58181	9.327985	2.339052	0.407534	0.400357	-0.437221	-0.303650	-0.095645	0.223732	0.969946	0.038188	-0.972872	0.228172	0.994683	0.058864	0.084506
58182	9.471288	2.355466	0.336160	0.371741	-0.442086	-0.279290	-0.091302	0.226671	0.969682	0.041669	-0.972027	0.231143	0.994951	0.061509	0.079303
58183	9.423629	2.418962	0.385825	0.329560	-0.441600	-0.265924	-0.086938	0.229514	0.969415	0.044759	-0.971217	0.233954	0.995208	0.063729	0.074163
58184	9.329524	2.444394	0.437388	0.260502	-0.423072	-0.251851	-0.082786	0.232189	0.969141	0.047181	-0.970476	0.236539	0.995450	0.065307	0.069387
58185	9.413474	2.516831	0.549264	0.193548	-0.410229	-0.244734	-0.078734	0.234816	0.968846	0.048958	-0.969779	0.239021	0.995693	0.066252	0.064858
58186	9.338836	2.614281	0.635880	0.127181	-0.383296	-0.239419	-0.074978	0.237349	0.968527	0.050083	-0.969138	0.241376	0.995927	0.066605	0.060777
58187	9.347205	2.654717	0.717006	0.049020	-0.350085	-0.242003	-0.071528	0.239909	0.968157	0.050441	-0.968531	0.243729	0.996162	0.066268	0.057176
58188	9.355745	2.518638	0.778414	-0.005580	-0.316329	-0.236046	-0.068438	0.242361	0.967769	0.050263	-0.967974	0.245967	0.996388	0.065476	0.054065
58189	9.416572	2.461838	0.877354	-0.029114	-0.274671	-0.230252	-0.065732	0.244751	0.967355	0.049865	-0.967435	0.248159	0.996591	0.064549	0.051386
58190	9.530779	2.354038	0.931246	-0.037123	-0.229089	-0.224561	-0.063503	0.247027	0.966926	0.049392	-0.966916	0.250268	0.996759	0.063651	0.049200
58191	9.597263	2.450393	1.055378	-0.015606	-0.180953	-0.226277	-0.061727	0.249312	0.966454	0.049142	-0.966367	0.252428	0.996883	0.063075	0.047399
58192	9.633997	2.376141	1.121377	0.013747	-0.122133	-0.220131	-0.060560	0.251473	0.965968	0.049186	-0.965817	0.254517	0.996952	0.062926	0.046121
58193	9.674727	2.455262	1.208907	0.063300	-0.069831	-0.212410	-0.059887	0.253550	0.965467	0.049736	-0.965243	0.256576	0.996965	0.063384	0.045195
58194	9.702173	2.502805	1.306368	0.108818	-0.018660	-0.200000	-0.059744	0.255450	0.964975	0.050743	-0.964674	0.258512	0.996923	0.064410	0.044671
58195	9.676543	2.547865	1.292020	0.154826	0.028760	-0.177791	-0.060042	0.257127	0.964510	0.052226	-0.964121	0.260275	0.996829	0.066000	0.044459
58196	9.629663	2.571156	1.326942	0.202574	0.072855	-0.155466	-0.060793	0.258535	0.964087	0.054193	-0.963594	0.261820	0.996678	0.068163	0.044569
58197	9.565093	2.531995	1.213044	0.258461	0.100158	-0.141415	-0.061791	0.259809	0.963681	0.056728	-0.963051	0.263277	0.996476	0.070936	0.044769
58198	9.389379	2.516747	1.097721	0.325499	0.103817	-0.126941	-0.062842	0.260914	0.963314	0.059934	-0.962494	0.264602	0.996222	0.074363	0.044847
58199	9.279201	2.449422	0.858822	0.401915	0.085823	-0.129735	-0.063699	0.262079	0.962942	0.063901	-0.961850	0.266009	0.995921	0.078477	0.044522
58200	9.098113	2.467399	0.619300	0.485989	0.043599	-0.145918	-0.064172	0.263405	0.962548	0.068688	-0.961083	0.267584	0.995572	0.083287	0.043582
58201	9.045261	2.578564	0.341956	0.577930	-0.017607	-0.158652	-0.064033	0.264927	0.962140	0.074385	-0.960170	0.269334	0.995172	0.088815	0.041776
58202	8.955519	2.714316	0.024356	0.656893	-0.081451	-0.176438	-0.063301	0.266654	0.961711	0.080850	-0.959106	0.271253	0.994714	0.094925	0.039154
58203	8.802044	2.910696	-0.215857	0.707590	-0.158005	-0.187991	-0.061810	0.268594	0.961268	0.087815	-0.957911	0.273302	0.994217	0.101307	0.035622
58204	9.238002	3.134497	-0.406817	0.727373	-0.231382	-0.196513	-0.059631	0.270677	0.960822	0.094967	-0.956630	0.275390	0.993693	0.107668	0.031340
58205	9.601195	3.221572	-0.654546	0.735749	-0.273259	-0.192179	-0.057026	0.272802	0.960379	0.102210	-0.955295	0.277426	0.993127	0.113981	0.026594
58206	9.354140	3.222451	-0.889382	0.728551	-0.290319	-0.187054	-0.054282	0.274888	0.959943	0.109380	-0.953938	0.279354	0.992517	0.120163	0.021715
58207	9.470944	3.291420	-1.041354	0.709382	-0.321202	-0.176447	-0.051212	0.276952	0.959518	0.116371	-0.952579	0.281160	0.991885	0.126059	0.016555
58208	9.597720	3.416792	-1.107700	0.675798	-0.331624	-0.170520	-0.048068	0.278964	0.959098	0.123029	-0.951243	0.282845	0.991238	0.131593	0.011404
58209	9.647084	3.454431	-1.113930	0.635478	-0.320093	-0.156845	-0.045009	0.280873	0.958689	0.129299	-0.949952	0.284383	0.990584	0.136757	0.006440
58210	9.472539	3.488619	-1.024930	0.567983	-0.295599	-0.141606	-0.042209	0.282591	0.958312	0.134903	-0.948771	0.285719	0.989959	0.141338	0.001924
58211	9.566877	3.508049	-0.900626	0.490800	-0.271357	-0.130868	-0.039616	0.284210	0.957943	0.139753	-0.947697	0.286950	0.989394	0.145243	-0.002175
58212	9.430854	3.376504	-0.929216	0.405126	-0.236313	-0.128944	-0.037400	0.285742	0.957577	0.143751	-0.946742	0.288123	0.988907	0.148428	-0.005667
58213	9.341605	3.159209	-0.862519	0.335712	-0.214092	-0.126703	-0.035379	0.287253	0.957201	0.147070	-0.945876	0.289290	0.988493	0.151010	-0.008782
58214	9.327984	2.943868	-0.821658	0.303083	-0.189335	-0.134226	-0.033646	0.288773	0.956806	0.150059	-0.945036	0.290498	0.988104	0.153352	-0.011537
58215	9.321825	2.736177	-0.686011	0.306048	-0.169131	-0.129500	-0.032081	0.290250	0.956413	0.153087	-0.944187	0.291675	0.987692	0.155771	-0.014143
58216	9.321571	2.552926	-0.648974	0.348180	-0.159610	-0.134144	-0.030651	0.291731	0.956009	0.156523	-0.943258	0.292858	0.987199	0.158614	-0.016751
58217	9.476093	2.371675	-0.550214	0.420384	-0.141308	-0.135530	-0.029380	0.293228	0.955591	0.160677	-0.942186	0.294054	0.986570	0.162181	-0.019433
58218	9.357742	2.311253	-0.506424	0.501209	-0.130717	-0.136075	-0.028251	0.294688	0.955176	0.165621	-0.940970	0.295204	0.985785	0.166537	-0.022223
58219	9.405256	2.284367	-0.412787	0.577911	-0.120383	-0.135275	-0.027201	0.296155	0.954752	0.171324	-0.939593	0.296334	0.984839	0.171633	-0.025181
58220	9.381691	2.271882	-0.354692	0.657459	-0.103834	-0.127234	-0.026339	0.297496	0.954360	0.177801	-0.938074	0.297327	0.983714	0.177518	-0.028187
58221	9.389286	2.337866	-0.261320	0.729049	-0.085606	-0.121009	-0.025624	0.298776	0.953979	0.184984	-0.936395	0.298238	0.982407	0.184113	-0.031275
58222	9.399346	2.528809	-0.143275	0.788769	-0.055230	-0.109982	-0.025227	0.299875	0.953645	0.192738	-0.934592	0.298982	0.980926	0.191346	-0.034221
58223	9.358586	2.788419	-0.050277	0.814431	-0.019005	-0.100078	-0.025144	0.300837	0.953344	0.200742	-0.932701	0.299618	0.979321	0.198910	-0.036939
58224	9.350704	3.140537	0.006741	0.815025	0.013335	-0.090341	-0.025396	0.301619	0.953090	0.208734	-0.930783	0.300121	0.977643	0.206564	-0.039320
58225	9.392426	3.389978	-0.007692	0.801069	0.038601	-0.088280	-0.025868	0.302350	0.952846	0.216582	-0.928830	0.300610	0.975922	0.214146	-0.041456
58226	9.337762	3.630036	-0.132701	0.778406	0.073964	-0.080367	-0.026703	0.302903	0.952647	0.224190	-0.926897	0.300999	0.974179	0.221612	-0.043157
58227	9.299570	3.786953	-0.199988	0.735367	0.090683	-0.075753	-0.027666	0.303393	0.952464	0.231373	-0.925010	0.301369	0.972472	0.228712	-0.044606
58228	9.246341	3.776677	-0.205292	0.684178	0.091215	-0.071861	-0.028656	0.303815	0.952300	0.238040	-0.923210	0.301697	0.970832	0.235331	-0.045865
58229	9.169090	3.864465	-0.230343	0.624935	0.085494	-0.067275	-0.029556	0.304227	0.952141	0.244129	-0.921513	0.302019	0.969292	0.241371	-0.047034
58230	9.143061	3.885522	-0.227592	0.556376	0.063021	-0.060437	-0.030251	0.304599	0.952000	0.249539	-0.919976	0.302282	0.967892	0.246705	-0.048179
58231	9.153807	3.842677	-0.249656	0.510394	0.032479	-0.052803	-0.030607	0.305001	0.951860	0.254505	-0.918540	0.302508	0.966587	0.251512	-0.049511
58232	9.053523	3.823715	-0.308644	0.468082	0.000509	-0.045279	-0.030663	0.305386	0.951735	0.259051	-0.917219	0.302657	0.965377	0.255829	-0.050986
58233	9.077603	3.732493	-0.338110	0.425754	-0.041595	-0.038838	-0.030273	0.305848	0.951599	0.263192	-0.915999	0.302779	0.964268	0.259619	-0.052767
58234	9.027454	3.642253	-0.337072	0.380898	-0.085624	-0.033629	-0.029471	0.306351	0.951462	0.266892	-0.914906	0.302847	0.963276	0.262863	-0.054800
58235	9.059995	3.571937	-0.314744	0.335101	-0.131843	-0.025589	-0.028181	0.306934	0.951313	0.270156	-0.913937	0.302878	0.962404	0.265538	-0.057165
58236	8.789218	3.574118	-0.331836	0.274061	-0.171666	-0.015073	-0.026504	0.307501	0.951179	0.272827	-0.913165	0.302814	0.961698	0.267533	-0.059692
58237	9.243081	3.463167	-0.285721	0.237768	-0.237015	-0.008054	-0.024159	0.308212	0.951011	0.275155	-0.912497	0.302720	0.961096	0.268988	-0.062761
58238	9.043229	3.367588	-0.159380	0.206263	-0.258928	-0.007583	-0.021626	0.308951	0.950832	0.277173	-0.911922	0.302612	0.960577	0.270089	-0.065912
58239	8.947103	3.310137	-0.130680	0.175277	-0.303166	-0.002483	-0.018633	0.309796	0.950621	0.278899	-0.911435	0.302492	0.960140	0.270764	-0.069419
58240	9.205107	3.314125	-0.001231	0.145390	-0.340446	0.002227	-0.015293	0.310669	0.950395	0.280334	-0.911052	0.302320	0.959781	0.271051	-0.073158
58241	9.277214	3.217640	0.110323	0.123152	-0.354495	0.002716	-0.011797	0.311608	0.950137	0.281558	-0.910722	0.302177	0.959472	0.271084	-0.076992
58242	9.212009	3.115820	0.148460	0.112041	-0.362625	0.007030	-0.008232	0.312499	0.949882	0.282671	-0.910444	0.301974	0.959181	0.270991	-0.080840
58243	9.215616	2.951985	0.233333	0.127636	-0.371999	0.004309	-0.004568	0.313470	0.949587	0.283937	-0.910107	0.301803	0.958832	0.271002	-0.084849
58244	8.880082	2.816061	0.125312	0.166428	-0.368774	0.002789	-0.000958	0.314417	0.949285	0.285570	-0.909669	0.301584	0.958357	0.271376	-0.088916
58245	9.234990	2.755534	0.135469	0.219617	-0.385552	0.000235	0.002819	0.315464	0.948933	0.287715	-0.909068	0.301357	0.957712	0.272173	-0.093326
58246	9.198757	2.702939	0.002377	0.279671	-0.359540	0.013271	0.006365	0.316297	0.948639	0.290429	-0.908351	0.300915	0.956876	0.273596	-0.097644
58247	9.134942	2.616603	-0.132386	0.337769	-0.334254	0.015198	0.009688	0.317078	0.948350	0.293697	-0.907467	0.300408	0.955849	0.275618	-0.101916
58248	9.420581	2.618701	-0.206817	0.386308	-0.323649	0.019832	0.012905	0.317766	0.948081	0.297422	-0.906465	0.299769	0.954659	0.278112	-0.106208
58249	9.473947	2.689245	-0.343377	0.419967	-0.269569	0.024050	0.015629	0.318302	0.947861	0.301464	-0.905363	0.299060	0.953349	0.281072	-0.110106
58250	9.394937	2.657368	-0.605407	0.436157	-0.232001	0.022578	0.017974	0.318726	0.947676	0.305652	-0.904206	0.298309	0.951974	0.284297	-0.113672
58251	9.354078	2.669979	-0.670579	0.435840	-0.207601	0.016259	0.020078	0.319172	0.947484	0.309833	-0.903008	0.297624	0.950579	0.287586	-0.117021
58252	9.366707	2.750062	-0.763704	0.427776	-0.181011	0.011898	0.021902	0.319562	0.947312	0.313930	-0.901813	0.296955	0.949194	0.290886	-0.120071
58253	9.326409	2.758291	-0.755374	0.424870	-0.158580	0.004258	0.023498	0.319986	0.947131	0.317997	-0.900579	0.296369	0.947801	0.294220	-0.122917
58254	9.280917	2.720785	-0.834457	0.430235	-0.141048	0.006209	0.024921	0.320321	0.946981	0.322106	-0.899330	0.295726	0.946376	0.297658	-0.125590
58255	9.252239	2.686254	-0.895090	0.448281	-0.134675	0.000709	0.026276	0.320717	0.946810	0.326382	-0.897986	0.295121	0.944873	0.301267	-0.128271
58256	9.162412	2.611833	-0.990751	0.480882	-0.121791	-0.001671	0.027487	0.321076	0.946655	0.330958	-0.896526	0.294464	0.943245	0.305209	-0.130906
58257	9.239130	2.581185	-1.086734	0.521720	-0.119394	-0.004946	0.028674	0.321486	0.946480	0.335913	-0.894902	0.293790	0.941457	0.309510	-0.133652
58258	9.129769	2.505420	-1.302717	0.560443	-0.120627	-0.006110	0.029856	0.321891	0.946306	0.341221	-0.893138	0.293040	0.939509	0.314150	-0.136501
58259	9.128265	2.426584	-1.418045	0.606112	-0.135447	-0.012193	0.031163	0.322427	0.946081	0.346949	-0.891176	0.292287	0.937366	0.319133	-0.139638
58260	9.500915	2.418639	-1.472198	0.651460	-0.152500	-0.008647	0.032629	0.322971	0.945846	0.353086	-0.889054	0.291398	0.935022	0.324457	-0.143045
58261	9.229003	2.542210	-1.580187	0.684223	-0.167161	-0.011701	0.034227	0.323620	0.945568	0.359515	-0.886774	0.290484	0.932511	0.330004	-0.146698
58262	9.391388	2.981544	-1.611511	0.704703	-0.199203	-0.024168	0.036063	0.324473	0.945207	0.366121	-0.884352	0.289614	0.929868	0.335616	-0.150689
58263	9.374935	3.476584	-1.733627	0.697562	-0.229895	-0.034258	0.038150	0.325553	0.944754	0.372647	-0.881877	0.288838	0.927189	0.341040	-0.154960
58264	9.597511	3.784913	-2.063735	0.682657	-0.275319	-0.036601	0.040631	0.326798	0.944220	0.379016	-0.879414	0.288059	0.924498	0.346170	-0.159593
