// General information: 
//  MT Manager version: 2022.2.0 
//  XDA version: 2022.2.0 build 7381 rev 124627 built on 2023-07-19
// Device information: 
//  DeviceId: 00B4CB9F
//  ProductCode: MTW2-3A7G6
//  Firmware Version: 4.6.0
//  Hardware Version: 2.0.0
// Device settings: 
//  Filter Profile: human(46.1)
//  Option Flags: Orientation Smoother Disabled, Position/Velocity Smoother Disabled, Continuous Zero Rotation Update Disabled, AHS Disabled, ICC Disabled
// Coordinate system: ENU
PacketCounter	Acc_X	Acc_Y	Acc_Z	Gyr_X	Gyr_Y	Gyr_Z	Mat[1][1]	Mat[2][1]	Mat[3][1]	Mat[1][2]	Mat[2][2]	Mat[3][2]	Mat[1][3]	Mat[2][3]	Mat[3][3]
60230	9.675831	-0.503096	1.036726	-0.025354	0.002870	-0.020655	-0.112256	-0.052933	0.992269	0.068396	-0.996623	-0.045427	0.991323	0.062767	0.115497
60231	9.784345	-0.523937	1.021737	-0.008179	0.006089	-0.023745	-0.112298	-0.052756	0.992273	0.068330	-0.996636	-0.045255	0.991322	0.062720	0.115525
60232	9.789194	-0.627040	1.136008	0.029776	0.018114	-0.014454	-0.112431	-0.052671	0.992263	0.068653	-0.996620	-0.045123	0.991285	0.063048	0.115666
60233	9.747477	-0.613350	1.214822	0.055698	0.021593	-0.000965	-0.112611	-0.052731	0.992239	0.069247	-0.996579	-0.045103	0.991223	0.063631	0.115877
60234	9.675727	-0.542433	1.190436	0.061824	0.021816	-0.003929	-0.112773	-0.052753	0.992219	0.069899	-0.996537	-0.045038	0.991159	0.064276	0.116070
60235	9.650624	-0.417421	1.182465	0.048738	0.022937	-0.004176	-0.112967	-0.052783	0.992196	0.070425	-0.996502	-0.044994	0.991100	0.064793	0.116289
60236	9.633933	-0.333545	1.176835	0.036683	0.001636	-0.011028	-0.112934	-0.052722	0.992203	0.070819	-0.996479	-0.044888	0.991075	0.065198	0.116270
60237	9.710532	-0.335507	1.296787	0.023329	-0.004257	-0.009341	-0.112864	-0.052683	0.992213	0.071089	-0.996462	-0.044823	0.991064	0.065477	0.116210
60238	9.728495	-0.368734	1.359151	0.022505	0.007546	-0.008366	-0.112887	-0.052652	0.992212	0.071346	-0.996447	-0.044760	0.991043	0.065737	0.116243
60239	9.697340	-0.426377	1.423515	0.014429	0.021380	-0.005383	-0.113068	-0.052668	0.992190	0.071524	-0.996435	-0.044743	0.991010	0.065906	0.116432
60240	9.720850	-0.448774	1.435024	0.014494	0.028788	-0.008874	-0.113303	-0.052646	0.992165	0.071701	-0.996425	-0.044684	0.990970	0.066076	0.116673
60241	9.732387	-0.448271	1.405278	-0.006521	0.025713	-0.008281	-0.113529	-0.052635	0.992139	0.071668	-0.996428	-0.044662	0.990946	0.066034	0.116896
60242	9.667470	-0.444876	1.255640	-0.010192	0.033160	-0.005922	-0.113805	-0.052645	0.992107	0.071603	-0.996433	-0.044661	0.990919	0.065955	0.117168
60243	9.566971	-0.462786	1.276778	-0.010308	0.020687	-0.010179	-0.113982	-0.052614	0.992089	0.071535	-0.996439	-0.044626	0.990904	0.065882	0.117339
60244	9.598952	-0.504020	1.216969	-0.016939	0.011307	-0.010696	-0.114044	-0.052562	0.992084	0.071398	-0.996451	-0.044585	0.990907	0.065748	0.117392
60245	9.671683	-0.525030	1.299693	-0.015882	0.001643	-0.006248	-0.114030	-0.052557	0.992086	0.071279	-0.996459	-0.044596	0.990917	0.065629	0.117373
60246	9.727688	-0.612504	1.321357	-0.005703	0.001334	-0.005179	-0.113990	-0.052553	0.992091	0.071259	-0.996460	-0.044597	0.990923	0.065612	0.117331
60247	9.737112	-0.605281	1.381130	0.003939	0.022373	-0.001198	-0.114176	-0.052611	0.992066	0.071341	-0.996453	-0.044633	0.990896	0.065679	0.117525
60248	9.646157	-0.594119	1.386794	0.011339	0.025117	-0.002233	-0.114370	-0.052653	0.992042	0.071494	-0.996441	-0.044644	0.990862	0.065819	0.117727
60249	9.700780	-0.558050	1.335275	0.016384	0.019900	-0.009447	-0.114538	-0.052626	0.992024	0.071683	-0.996431	-0.044583	0.990829	0.066004	0.117902
60250	9.729210	-0.490954	1.365579	0.006533	0.022056	-0.011877	-0.114708	-0.052569	0.992007	0.071777	-0.996427	-0.044503	0.990803	0.066098	0.118072
60251	9.671755	-0.472578	1.364668	0.003281	0.018486	-0.013591	-0.114866	-0.052502	0.991993	0.071839	-0.996427	-0.044418	0.990780	0.066161	0.118227
60252	9.635754	-0.470128	1.463319	0.002808	0.011864	-0.013199	-0.114936	-0.052425	0.991989	0.071895	-0.996427	-0.044330	0.990768	0.066223	0.118294
60253	9.620182	-0.486902	1.458655	0.000884	0.005648	-0.012407	-0.114966	-0.052361	0.991988	0.071932	-0.996427	-0.044259	0.990762	0.066267	0.118322
60254	9.691679	-0.555573	1.486460	0.001619	0.006711	-0.010670	-0.114983	-0.052307	0.991989	0.071979	-0.996426	-0.044197	0.990756	0.066320	0.118338
60255	9.655689	-0.553367	1.584730	0.004605	0.015839	-0.011082	-0.115113	-0.052264	0.991976	0.072061	-0.996423	-0.044136	0.990735	0.066402	0.118468
60256	9.655432	-0.552149	1.586718	0.009041	0.024561	-0.011893	-0.115308	-0.052209	0.991957	0.072180	-0.996418	-0.044053	0.990704	0.066520	0.118664
60257	9.659966	-0.610707	1.554618	0.008384	0.020863	-0.009174	-0.115486	-0.052187	0.991937	0.072296	-0.996412	-0.044006	0.990675	0.066631	0.118845
60258	9.723972	-0.567477	1.562253	0.018456	0.033421	-0.005380	-0.115764	-0.052203	0.991904	0.072516	-0.996397	-0.043976	0.990626	0.066838	0.119133
60259	9.687742	-0.520680	1.515254	0.022437	0.038053	-0.001922	-0.116108	-0.052267	0.991860	0.072784	-0.996377	-0.043985	0.990566	0.067085	0.119492
60260	9.675283	-0.497349	1.477940	0.023638	0.045735	-0.000572	-0.116505	-0.052339	0.991810	0.073061	-0.996357	-0.043996	0.990499	0.067337	0.119904
60261	9.662715	-0.474327	1.441450	0.016127	0.055847	0.003169	-0.117021	-0.052467	0.991743	0.073277	-0.996338	-0.044063	0.990422	0.067516	0.120437
60262	9.607654	-0.442399	1.278695	0.006010	0.050984	0.002666	-0.117467	-0.052575	0.991684	0.073383	-0.996327	-0.044128	0.990362	0.067589	0.120893
60263	9.632169	-0.394708	1.273240	-0.005724	0.036688	-0.006160	-0.117800	-0.052596	0.991643	0.073370	-0.996328	-0.044129	0.990323	0.067558	0.121226
60264	9.754082	-0.323844	1.136257	-0.035157	0.017713	-0.012159	-0.117927	-0.052534	0.991632	0.073050	-0.996353	-0.044096	0.990332	0.067239	0.121335
60265	9.783946	-0.335348	1.093857	-0.057292	0.016873	-0.012588	-0.118070	-0.052476	0.991618	0.072514	-0.996392	-0.044095	0.990354	0.066699	0.121449
60266	9.592369	-0.368341	0.986662	-0.070794	0.003665	-0.015790	-0.118061	-0.052369	0.991625	0.071837	-0.996442	-0.044070	0.990405	0.066033	0.121403
60267	9.691510	-0.419252	0.986726	-0.070164	-0.010272	-0.022191	-0.117941	-0.052197	0.991648	0.071161	-0.996494	-0.043989	0.990468	0.065378	0.121241
60268	9.717737	-0.493398	1.051201	-0.061847	-0.009386	-0.023789	-0.117807	-0.052001	0.991674	0.070563	-0.996542	-0.043873	0.990526	0.064807	0.121069
60269	9.686733	-0.550577	1.112680	-0.048958	-0.007574	-0.021160	-0.117712	-0.051842	0.991694	0.070099	-0.996579	-0.043776	0.990571	0.064363	0.120944
60270	9.692876	-0.560516	1.131998	-0.026690	-0.017050	-0.019592	-0.117500	-0.051683	0.991727	0.069855	-0.996601	-0.043660	0.990613	0.064147	0.120711
60271	9.681756	-0.533311	1.291462	-0.010296	-0.019746	-0.017005	-0.117282	-0.051556	0.991760	0.069774	-0.996611	-0.043557	0.990645	0.064091	0.120482
60272	9.679571	-0.501950	1.306939	-0.000712	-0.016332	-0.016682	-0.117075	-0.051426	0.991791	0.069791	-0.996615	-0.043438	0.990668	0.064132	0.120267
60273	9.759362	-0.462515	1.390157	0.007216	-0.012120	-0.017508	-0.116932	-0.051301	0.991814	0.069888	-0.996614	-0.043310	0.990678	0.064251	0.120122
60274	9.735342	-0.460462	1.454854	0.014641	0.010790	-0.010937	-0.116990	-0.051246	0.991810	0.070064	-0.996605	-0.043229	0.990659	0.064432	0.120183
60275	9.641110	-0.467054	1.421292	0.014056	0.017025	-0.007822	-0.117127	-0.051235	0.991794	0.070239	-0.996595	-0.043188	0.990630	0.064605	0.120327
60276	9.664732	-0.489508	1.432330	0.011487	0.022207	-0.004501	-0.117293	-0.051252	0.991774	0.070391	-0.996585	-0.043175	0.990599	0.064748	0.120501
60277	9.628516	-0.465506	1.457641	0.009178	0.019303	-0.002939	-0.117451	-0.051291	0.991753	0.070524	-0.996575	-0.043189	0.990571	0.064870	0.120666
60278	9.671294	-0.429310	1.437716	0.001183	0.005155	-0.002517	-0.117447	-0.051317	0.991752	0.070577	-0.996570	-0.043208	0.990568	0.064920	0.120666
60279	9.739212	-0.539719	1.501340	0.002636	0.004752	-0.002916	-0.117462	-0.051348	0.991749	0.070647	-0.996564	-0.043230	0.990561	0.064986	0.120686
60280	9.674822	-0.581903	1.496942	-0.009988	0.012468	-0.003587	-0.117531	-0.051368	0.991740	0.070587	-0.996567	-0.043252	0.990557	0.064921	0.120753
60281	9.654174	-0.540095	1.526768	-0.013231	0.008896	-0.005313	-0.117588	-0.051378	0.991733	0.070500	-0.996573	-0.043270	0.990557	0.064829	0.120807
60282	9.694413	-0.473879	1.524113	-0.026665	0.018185	-0.012171	-0.117719	-0.051316	0.991720	0.070265	-0.996591	-0.043227	0.990558	0.064594	0.120924
60283	9.639748	-0.463295	1.431720	-0.044516	0.021271	-0.014360	-0.117905	-0.051245	0.991702	0.069859	-0.996621	-0.043193	0.990565	0.064187	0.121086
60284	9.603183	-0.464079	1.327215	-0.065357	0.010172	-0.023915	-0.117965	-0.051060	0.991704	0.069227	-0.996670	-0.043081	0.990602	0.063570	0.121107
60285	9.624821	-0.433080	1.280272	-0.089900	0.006499	-0.031097	-0.118016	-0.050813	0.991711	0.068353	-0.996737	-0.042936	0.990656	0.062719	0.121104
60286	9.687305	-0.507333	1.249246	-0.089132	0.012437	-0.036685	-0.118107	-0.050502	0.991716	0.067470	-0.996806	-0.042726	0.990706	0.061865	0.121138
60287	9.676808	-0.605217	1.283448	-0.067197	0.013711	-0.037795	-0.118236	-0.050189	0.991716	0.066798	-0.996862	-0.042486	0.990736	0.061222	0.121217
60288	9.687944	-0.673769	1.270404	-0.043314	0.013679	-0.027894	-0.118333	-0.049967	0.991716	0.066380	-0.996897	-0.042308	0.990753	0.060823	0.121282
60289	9.715479	-0.653696	1.244649	-0.020690	0.008616	-0.023818	-0.118399	-0.049791	0.991717	0.066191	-0.996916	-0.042150	0.990758	0.060652	0.121330
60290	9.716459	-0.580632	1.227374	0.011243	0.012550	-0.021517	-0.118481	-0.049632	0.991715	0.066320	-0.996915	-0.041969	0.990739	0.060798	0.121407
60291	9.722267	-0.590221	1.249693	0.033399	0.018489	-0.013326	-0.118638	-0.049568	0.991700	0.066684	-0.996896	-0.041850	0.990696	0.061166	0.121575
60292	9.724942	-0.593359	1.364052	0.056527	0.029985	-0.009179	-0.118884	-0.049542	0.991671	0.067277	-0.996861	-0.041736	0.990626	0.061755	0.121844
60293	9.681807	-0.602726	1.518054	0.065227	0.045199	-0.007817	-0.119302	-0.049550	0.991621	0.067959	-0.996819	-0.041633	0.990529	0.062422	0.122290
60294	9.582307	-0.526540	1.448364	0.056694	0.044674	-0.007754	-0.119693	-0.049547	0.991574	0.068555	-0.996782	-0.041532	0.990441	0.063006	0.122705
60295	9.607605	-0.431391	1.294838	0.028102	0.019002	-0.015400	-0.119857	-0.049463	0.991558	0.068861	-0.996767	-0.041399	0.990400	0.063318	0.122875
60296	9.599513	-0.365217	1.218038	-0.002589	-0.012494	-0.023833	-0.119692	-0.049265	0.991588	0.068850	-0.996775	-0.041212	0.990421	0.063338	0.122698
60297	9.700401	-0.320863	1.125006	-0.026837	-0.019225	-0.025059	-0.119484	-0.049060	0.991623	0.068599	-0.996799	-0.041050	0.990463	0.063120	0.122467
60298	9.690833	-0.370960	1.212012	-0.036775	-0.014466	-0.031945	-0.119306	-0.048779	0.991659	0.068240	-0.996833	-0.040824	0.990510	0.062801	0.122256
60299	9.713827	-0.485247	1.311734	-0.029706	-0.013546	-0.031596	-0.119158	-0.048514	0.991689	0.067959	-0.996862	-0.040602	0.990547	0.062556	0.122081
60300	9.738066	-0.505778	1.319621	-0.015765	-0.008782	-0.028571	-0.119033	-0.048271	0.991716	0.067813	-0.996880	-0.040383	0.990572	0.062444	0.121935
60301	9.680091	-0.557335	1.334395	0.000804	0.000745	-0.028449	-0.119025	-0.048046	0.991728	0.067836	-0.996888	-0.040155	0.990571	0.062496	0.121914
60302	9.690178	-0.476824	1.374633	0.015753	-0.004027	-0.029337	-0.118948	-0.047799	0.991749	0.068001	-0.996887	-0.039890	0.990569	0.062695	0.121828
60303	9.696223	-0.485329	1.395434	0.035834	0.003525	-0.025376	-0.118964	-0.047606	0.991757	0.068378	-0.996871	-0.039650	0.990541	0.063097	0.121847
60304	9.620822	-0.454144	1.404752	0.048640	0.010545	-0.023302	-0.119027	-0.047428	0.991758	0.068875	-0.996847	-0.039405	0.990499	0.063617	0.121919
60305	9.701806	-0.513946	1.491902	0.055264	0.007375	-0.018705	-0.119078	-0.047303	0.991757	0.069448	-0.996815	-0.039206	0.990453	0.064207	0.121984
60306	9.674575	-0.506551	1.446235	0.062044	0.016381	-0.016586	-0.119195	-0.047196	0.991749	0.070086	-0.996778	-0.039012	0.990394	0.064858	0.122118
60307	9.683899	-0.474429	1.432583	0.056915	0.006575	-0.017542	-0.119238	-0.047081	0.991749	0.070669	-0.996744	-0.038822	0.990348	0.065457	0.122177
60308	9.701991	-0.483773	1.421628	0.045766	0.001283	-0.014582	-0.119204	-0.046983	0.991758	0.071148	-0.996716	-0.038667	0.990317	0.065952	0.122155
60309	9.612027	-0.400807	1.405878	0.041080	-0.001902	-0.015912	-0.119161	-0.046881	0.991768	0.071582	-0.996691	-0.038513	0.990291	0.066403	0.122122
60310	9.690772	-0.408357	1.435168	0.027874	-0.008150	-0.021069	-0.119038	-0.046712	0.991790	0.071876	-0.996677	-0.038316	0.990285	0.066725	0.122000
60311	9.785168	-0.349323	1.525488	0.018046	0.003888	-0.023117	-0.119059	-0.046541	0.991796	0.072070	-0.996671	-0.038118	0.990268	0.066940	0.122017
60312	9.730816	-0.311993	1.561409	0.003448	0.020432	-0.023197	-0.119221	-0.046370	0.991784	0.072120	-0.996675	-0.037929	0.990245	0.067005	0.122169
60313	9.649117	-0.295692	1.422371	-0.005773	0.028762	-0.024483	-0.119489	-0.046201	0.991760	0.072072	-0.996685	-0.037747	0.990216	0.066968	0.122423
60314	9.618194	-0.329743	1.413937	-0.011998	0.031134	-0.025989	-0.119759	-0.046009	0.991736	0.071965	-0.996700	-0.037549	0.990191	0.066874	0.122675
60315	9.623511	-0.386879	1.382317	-0.015428	0.027938	-0.029262	-0.120022	-0.045794	0.991714	0.071827	-0.996718	-0.037333	0.990169	0.066751	0.122918
60316	9.704807	-0.449210	1.268384	-0.013043	0.025684	-0.030243	-0.120241	-0.045557	0.991699	0.071705	-0.996736	-0.037094	0.990152	0.066650	0.123115
60317	9.652873	-0.489790	1.233297	0.006376	0.029569	-0.023563	-0.120516	-0.045399	0.991673	0.071787	-0.996737	-0.036907	0.990112	0.066742	0.123382
60318	9.673653	-0.528928	1.206997	0.024003	0.019545	-0.019415	-0.120666	-0.045266	0.991661	0.072045	-0.996725	-0.036730	0.990075	0.067012	0.123532
60319	9.728044	-0.513444	1.229651	0.039993	0.020239	-0.016007	-0.120843	-0.045177	0.991643	0.072469	-0.996700	-0.036576	0.990023	0.067444	0.123718
60320	9.655202	-0.513090	1.222948	0.057554	0.022775	-0.015885	-0.121023	-0.045081	0.991626	0.073063	-0.996663	-0.036393	0.989957	0.068047	0.123912
60321	9.685989	-0.451979	1.162466	0.075177	0.012752	-0.011717	-0.121122	-0.045031	0.991616	0.073842	-0.996611	-0.036238	0.989887	0.068834	0.124037
60322	9.807276	-0.374731	1.228173	0.090671	0.016847	-0.015827	-0.121243	-0.044932	0.991605	0.074764	-0.996551	-0.036014	0.989803	0.069770	0.124184
60323	9.755081	-0.389662	1.321877	0.103433	0.026417	-0.009859	-0.121476	-0.044908	0.991578	0.075820	-0.996477	-0.035841	0.989694	0.070828	0.124453
60324	9.663488	-0.351548	1.456677	0.111220	0.038342	-0.007348	-0.121804	-0.044909	0.991538	0.076955	-0.996396	-0.035675	0.989566	0.071959	0.124821
60325	9.535374	-0.338303	1.559810	0.098135	0.036830	-0.011538	-0.122142	-0.044877	0.991498	0.077958	-0.996325	-0.035492	0.989446	0.072960	0.125192
60326	9.525608	-0.316892	1.633146	0.079306	0.024367	-0.010106	-0.122334	-0.044841	0.991476	0.078774	-0.996266	-0.035338	0.989358	0.073780	0.125409
60327	9.558111	-0.378916	1.648751	0.062884	0.019585	-0.009274	-0.122498	-0.044821	0.991456	0.079436	-0.996218	-0.035221	0.989285	0.074442	0.125595
60328	9.568957	-0.470388	1.711997	0.038282	0.026040	-0.009407	-0.122706	-0.044793	0.991432	0.079846	-0.996188	-0.035125	0.989226	0.074852	0.125815
60329	9.667533	-0.493445	1.845262	0.031727	0.029104	-0.005719	-0.122963	-0.044814	0.991399	0.080199	-0.996161	-0.035082	0.989165	0.075195	0.126085
60330	9.615333	-0.438534	1.920692	0.027905	0.039139	-0.007848	-0.123299	-0.044812	0.991357	0.080509	-0.996139	-0.035015	0.989098	0.075496	0.126431
60331	9.647714	-0.333511	2.028978	0.028216	0.053453	-0.004965	-0.123796	-0.044862	0.991293	0.080836	-0.996113	-0.034985	0.989010	0.075802	0.126941
60332	9.655336	-0.373650	2.038730	0.013288	0.065585	-0.007660	-0.124393	-0.044882	0.991217	0.081002	-0.996101	-0.034937	0.988921	0.075945	0.127544
60333	9.711391	-0.437576	1.995089	-0.011066	0.086412	-0.013258	-0.125223	-0.044872	0.991113	0.080926	-0.996110	-0.034874	0.988823	0.075839	0.128367
60334	9.719313	-0.503937	1.879870	-0.012674	0.111870	-0.021006	-0.126288	-0.044794	0.990982	0.080818	-0.996124	-0.034727	0.988696	0.075703	0.129419
60335	9.699801	-0.468352	1.828880	0.004959	0.129088	-0.019459	-0.127545	-0.044754	0.990822	0.080888	-0.996123	-0.034581	0.988529	0.075735	0.130671
60336	9.639399	-0.424675	1.651499	-0.005001	0.126382	-0.022912	-0.128756	-0.044668	0.990670	0.080853	-0.996132	-0.034406	0.988375	0.075669	0.131869
60337	9.535820	-0.342918	1.362465	-0.010388	0.102255	-0.026745	-0.129754	-0.044535	0.990546	0.080760	-0.996146	-0.034208	0.988252	0.075557	0.132851
60338	9.644907	-0.339543	1.284197	-0.014822	0.076280	-0.031171	-0.130476	-0.044329	0.990460	0.080617	-0.996166	-0.033964	0.988169	0.075416	0.133549
60339	9.598609	-0.391609	1.274382	-0.016803	0.075213	-0.030970	-0.131210	-0.044134	0.990372	0.080458	-0.996187	-0.033734	0.988084	0.075258	0.134260
60340	9.537364	-0.462051	1.257752	-0.021678	0.055100	-0.030778	-0.131722	-0.043915	0.990314	0.080248	-0.996212	-0.033503	0.988033	0.075057	0.134747
60341	9.603148	-0.516758	1.270648	-0.004255	0.045504	-0.028025	-0.132159	-0.043729	0.990263	0.080222	-0.996221	-0.033286	0.987977	0.075042	0.135168
60342	9.571155	-0.573081	1.337871	0.034673	0.050443	-0.016706	-0.132613	-0.043647	0.990206	0.080587	-0.996197	-0.033119	0.987886	0.075406	0.135626
60343	9.515685	-0.536297	1.376030	0.070837	0.038561	-0.008283	-0.132966	-0.043650	0.990159	0.081320	-0.996142	-0.032993	0.987779	0.076133	0.136003
60344	9.588078	-0.487007	1.556781	0.096003	0.040904	-0.002969	-0.133315	-0.043698	0.990110	0.082308	-0.996064	-0.032878	0.987650	0.077111	0.136387
60345	9.486356	-0.456321	1.632440	0.111876	0.044222	-0.003858	-0.133720	-0.043749	0.990053	0.083452	-0.995974	-0.032740	0.987499	0.078243	0.136833
60346	9.542018	-0.347890	1.563498	0.095733	0.016657	-0.006195	-0.133832	-0.043747	0.990038	0.084433	-0.995896	-0.032593	0.987401	0.079230	0.136977
60347	9.801436	-0.299635	1.461333	0.060243	-0.014801	-0.023682	-0.133671	-0.043557	0.990068	0.085045	-0.995853	-0.032329	0.987370	0.079879	0.136821
60348	9.872450	-0.408197	1.210616	0.044054	-0.029888	-0.021785	-0.133337	-0.043362	0.990122	0.085495	-0.995821	-0.032098	0.987376	0.080370	0.136487
60349	9.746012	-0.467995	1.008858	0.060117	-0.061511	-0.014880	-0.132708	-0.043219	0.990212	0.086110	-0.995774	-0.031922	0.987408	0.081031	0.135869
60350	9.752630	-0.453050	0.835870	0.069444	-0.109533	-0.006589	-0.131574	-0.043111	0.990368	0.086831	-0.995715	-0.031808	0.987496	0.081809	0.134754
60351	9.928735	-0.386418	0.669541	0.097341	-0.127452	-0.004276	-0.130284	-0.043019	0.990543	0.087830	-0.995631	-0.031688	0.987579	0.082871	0.133493
60352	9.799235	-0.132526	0.712759	0.125389	-0.125914	0.000296	-0.128983	-0.042963	0.990716	0.089113	-0.995521	-0.031569	0.987635	0.084213	0.132234
60353	9.748372	-0.007156	0.751218	0.127840	-0.140717	0.003517	-0.127553	-0.042934	0.990902	0.090425	-0.995405	-0.031489	0.987701	0.085586	0.130849
60354	9.721356	0.024799	0.818623	0.105492	-0.138784	0.005251	-0.126120	-0.042913	0.991086	0.091518	-0.995307	-0.031449	0.987785	0.086735	0.129455
60355	9.706945	0.056134	0.854069	0.088894	-0.135858	0.001001	-0.124739	-0.042859	0.991264	0.092442	-0.995223	-0.031397	0.987874	0.087718	0.128105
60356	9.774272	0.048927	0.902505	0.079246	-0.154054	-0.000579	-0.123159	-0.042763	0.991465	0.093268	-0.995148	-0.031336	0.987994	0.088612	0.126550
60357	9.911670	0.024788	0.921168	0.062517	-0.160695	0.001637	-0.121533	-0.042690	0.991669	0.093926	-0.995086	-0.031326	0.988133	0.089337	0.124946
60358	9.902997	-0.046539	1.070138	0.044325	-0.147067	0.004860	-0.120017	-0.042652	0.991855	0.094414	-0.995039	-0.031365	0.988272	0.089880	0.123449
60359	9.798155	-0.076852	1.127650	0.044070	-0.131634	0.011335	-0.118667	-0.042700	0.992016	0.094908	-0.994988	-0.031475	0.988388	0.090415	0.122125
60360	9.735918	-0.120813	1.110373	0.052552	-0.131115	0.011350	-0.117302	-0.042740	0.992176	0.095484	-0.994930	-0.031570	0.988495	0.091033	0.120788
60361	9.664658	-0.123505	1.089046	0.058238	-0.127588	0.009212	-0.115994	-0.042768	0.992329	0.096112	-0.994867	-0.031643	0.988589	0.091705	0.119509
60362	9.632429	-0.200844	1.103816	0.069620	-0.115357	0.012571	-0.114783	-0.042833	0.992467	0.096859	-0.994792	-0.031731	0.988657	0.092487	0.118334
60363	9.527179	-0.350621	1.131974	0.098219	-0.097643	0.010010	-0.113770	-0.042895	0.992581	0.097882	-0.994691	-0.031766	0.988674	0.093542	0.117364
60364	9.446155	-0.452499	1.151263	0.115823	-0.087766	0.014899	-0.112829	-0.043005	0.992683	0.099087	-0.994570	-0.031825	0.988661	0.094772	0.116478
60365	9.340719	-0.511564	1.087277	0.122331	-0.090501	0.026348	-0.111870	-0.043235	0.992782	0.100369	-0.994436	-0.031997	0.988641	0.096065	0.115587
60366	9.311059	-0.549908	1.069551	0.118898	-0.086006	0.034654	-0.110927	-0.043541	0.992874	0.101626	-0.994300	-0.032250	0.988619	0.097324	0.114719
60367	9.435653	-0.624982	1.074086	0.099925	-0.073433	0.027831	-0.110134	-0.043800	0.992951	0.102689	-0.994184	-0.032465	0.988598	0.098390	0.113991
60368	9.730829	-0.617655	1.213387	0.071723	-0.060299	0.008074	-0.109471	-0.043866	0.993022	0.103450	-0.994103	-0.032510	0.988592	0.099169	0.113363
60369	10.019378	-0.647857	1.279313	0.033397	-0.034377	-0.008740	-0.109100	-0.043799	0.993065	0.103816	-0.994067	-0.032438	0.988595	0.099557	0.113000
60370	10.064418	-0.690808	1.184706	0.007932	-0.011308	-0.015529	-0.108946	-0.043679	0.993088	0.103921	-0.994060	-0.032321	0.988601	0.099681	0.112838
60371	9.954764	-0.766934	1.090866	0.003775	-0.008294	-0.024058	-0.108849	-0.043487	0.993107	0.103982	-0.994060	-0.032131	0.988605	0.099767	0.112724
60372	9.896716	-0.777159	0.958162	0.019171	-0.019404	-0.036142	-0.108636	-0.043153	0.993145	0.104175	-0.994051	-0.031797	0.988608	0.100006	0.112485
60373	9.912446	-0.754578	0.961347	0.048988	-0.021629	-0.041272	-0.108427	-0.042776	0.993184	0.104660	-0.994013	-0.031386	0.988580	0.100543	0.112254
60374	9.850240	-0.763359	1.084073	0.079000	-0.026817	-0.048670	-0.108154	-0.042310	0.993233	0.105431	-0.993948	-0.030860	0.988528	0.101380	0.111960
60375	9.839969	-0.796660	1.263849	0.101767	-0.020035	-0.053891	-0.107973	-0.041809	0.993274	0.106422	-0.993860	-0.030265	0.988441	0.102439	0.111760
60376	9.808343	-0.907005	1.439803	0.130342	-0.009680	-0.053006	-0.107876	-0.041317	0.993305	0.107696	-0.993742	-0.029639	0.988314	0.103778	0.111650
60377	9.818872	-0.981652	1.594917	0.147242	0.006931	-0.038448	-0.107946	-0.040996	0.993311	0.109152	-0.993598	-0.029146	0.988146	0.105276	0.111730
60378	9.759484	-0.969025	1.760483	0.153532	0.036588	-0.039146	-0.108292	-0.040691	0.993286	0.110670	-0.993445	-0.028632	0.987940	0.106826	0.112085
60379	9.716911	-0.807380	1.800303	0.142499	0.065470	-0.049632	-0.108954	-0.040325	0.993228	0.112074	-0.993304	-0.028034	0.987709	0.108260	0.112744
60380	9.694756	-0.687224	1.814949	0.120797	0.093108	-0.061434	-0.109884	-0.039861	0.993145	0.113242	-0.993191	-0.027333	0.987472	0.109463	0.113650
60381	9.635743	-0.472689	1.832003	0.081309	0.106428	-0.072171	-0.110978	-0.039316	0.993045	0.114007	-0.993124	-0.026578	0.987262	0.110264	0.114698
60382	9.663804	-0.387777	1.702838	0.030664	0.107089	-0.084605	-0.112073	-0.038638	0.992948	0.114258	-0.993117	-0.025749	0.987109	0.110567	0.115717
60383	9.725760	-0.385622	1.663595	-0.028363	0.111978	-0.096174	-0.113250	-0.037863	0.992845	0.113914	-0.993179	-0.024882	0.987015	0.110281	0.116790
60384	9.746048	-0.640185	1.509591	-0.059564	0.121432	-0.101115	-0.114504	-0.037036	0.992732	0.113254	-0.993276	-0.023994	0.986946	0.109684	0.117929
60385	9.794081	-0.827267	1.381724	-0.061778	0.125928	-0.094781	-0.115815	-0.036289	0.992608	0.112581	-0.993372	-0.023181	0.986870	0.109064	0.119133
60386	9.748628	-0.974931	1.272775	-0.053554	0.134138	-0.099899	-0.117192	-0.035487	0.992475	0.111979	-0.993460	-0.022299	0.986776	0.108523	0.120400
60387	9.754335	-1.026503	1.253932	-0.026720	0.145325	-0.100023	-0.118700	-0.034707	0.992323	0.111642	-0.993518	-0.021394	0.986634	0.108245	0.121805
60388	9.731879	-0.974628	1.295385	-0.005250	0.152188	-0.103144	-0.120258	-0.033892	0.992164	0.111510	-0.993553	-0.020423	0.986460	0.108180	0.123262
60389	9.714640	-0.862597	1.338110	0.018422	0.171876	-0.107609	-0.122034	-0.033065	0.991975	0.111607	-0.993563	-0.019388	0.986231	0.108345	0.124939
60390	9.714302	-0.711001	1.425304	0.042271	0.195914	-0.117891	-0.124039	-0.032151	0.991756	0.111922	-0.993550	-0.018211	0.985945	0.108741	0.126837
60391	9.825835	-0.608417	1.486855	0.047704	0.231290	-0.130508	-0.126426	-0.031165	0.991486	0.112277	-0.993533	-0.016913	0.985601	0.109183	0.129108
60392	9.730536	-0.535806	1.567113	0.063273	0.285965	-0.139863	-0.129343	-0.030133	0.991142	0.112766	-0.993501	-0.015489	0.985167	0.109764	0.131900
60393	9.673250	-0.465371	1.666512	0.079955	0.316274	-0.153937	-0.132593	-0.029010	0.990746	0.113399	-0.993452	-0.013913	0.984662	0.110505	0.135014
60394	9.708507	-0.451821	1.826306	0.091166	0.342738	-0.155975	-0.136085	-0.027885	0.990305	0.114131	-0.993390	-0.012289	0.984101	0.111352	0.138368
60395	9.801161	-0.362369	2.009587	0.093656	0.368933	-0.159588	-0.139858	-0.026772	0.989810	0.114883	-0.993322	-0.010634	0.983484	0.112225	0.142000
60396	9.722734	-0.098050	2.046493	0.083104	0.405381	-0.178508	-0.143991	-0.025500	0.989250	0.115492	-0.993270	-0.008793	0.982817	0.112984	0.145967
60397	9.657159	0.255217	1.955333	0.059700	0.396562	-0.190149	-0.148068	-0.024119	0.988683	0.115849	-0.993243	-0.006880	0.982169	0.113519	0.149861
60398	9.624537	0.434447	1.714267	0.036452	0.378045	-0.185530	-0.151936	-0.022750	0.988128	0.115973	-0.993240	-0.005036	0.981563	0.113831	0.153547
60399	9.607402	0.472161	1.595499	0.012777	0.372404	-0.178495	-0.155759	-0.021460	0.987562	0.115872	-0.993259	-0.003308	0.980975	0.113916	0.157196
60400	9.578743	0.439990	1.529847	-0.018879	0.367582	-0.171505	-0.159504	-0.020219	0.986990	0.115462	-0.993310	-0.001689	0.980422	0.113690	0.160771
60401	9.586126	0.364196	1.517494	-0.052601	0.354736	-0.162410	-0.163130	-0.019065	0.986420	0.114731	-0.993397	-0.000226	0.979911	0.113137	0.164240
60402	9.657244	0.263170	1.532206	-0.096719	0.342532	-0.166158	-0.166616	-0.017845	0.985860	0.113555	-0.993531	0.001208	0.979461	0.112151	0.167565
60403	9.714026	0.232728	1.556510	-0.145201	0.338484	-0.162692	-0.170077	-0.016661	0.985290	0.111905	-0.993716	0.002513	0.979056	0.110686	0.170873
60404	9.737143	0.173903	1.548589	-0.199036	0.346803	-0.164172	-0.173595	-0.015455	0.984696	0.109720	-0.993955	0.003743	0.978686	0.108691	0.174242
60405	9.692619	0.168732	1.528905	-0.235943	0.360910	-0.154480	-0.177256	-0.014364	0.984060	0.107187	-0.994227	0.004795	0.978310	0.106328	0.177773
60406	9.649349	0.111762	1.568724	-0.254936	0.371959	-0.140385	-0.180985	-0.013404	0.983395	0.104488	-0.994510	0.005675	0.977920	0.103780	0.181392
60407	9.580495	0.097809	1.329833	-0.247395	0.359921	-0.150317	-0.184622	-0.012334	0.982732	0.101840	-0.994779	0.006647	0.977519	0.101308	0.184914
60408	9.628517	0.097867	1.178804	-0.219259	0.333226	-0.158594	-0.187980	-0.011135	0.982110	0.099448	-0.995013	0.007753	0.977125	0.099126	0.188150
60409	9.720717	0.106383	1.102242	-0.180464	0.308040	-0.165213	-0.191114	-0.009850	0.981518	0.097417	-0.995203	0.008981	0.976722	0.097333	0.191157
60410	9.724595	0.001119	1.098576	-0.137776	0.289864	-0.171147	-0.194053	-0.008472	0.980955	0.095789	-0.995348	0.010353	0.976303	0.095973	0.193961
60411	9.675553	-0.081407	1.143530	-0.086870	0.267831	-0.161229	-0.196782	-0.007179	0.980421	0.094671	-0.995440	0.011712	0.975866	0.095122	0.196565
60412	9.668916	-0.158160	1.263277	-0.030947	0.250620	-0.149572	-0.199311	-0.005974	0.979918	0.094120	-0.995475	0.013075	0.975406	0.094836	0.198972
60413	9.718830	-0.229018	1.427715	0.036321	0.240745	-0.141644	-0.201754	-0.004849	0.979424	0.094236	-0.995445	0.014484	0.974892	0.095219	0.201292
60414	9.712701	-0.207252	1.621752	0.099227	0.236416	-0.130155	-0.204124	-0.003825	0.978938	0.094986	-0.995351	0.015917	0.974326	0.096234	0.203538
60415	9.750339	-0.118518	1.893633	0.159542	0.232442	-0.124629	-0.206468	-0.002867	0.978449	0.096330	-0.995197	0.017411	0.973700	0.097849	0.205752
60416	9.886983	-0.053490	2.213877	0.192109	0.226500	-0.134402	-0.208746	-0.001798	0.977968	0.097968	-0.995007	0.019082	0.973051	0.099793	0.207879
60417	9.868933	0.090438	2.631887	0.207802	0.234488	-0.131994	-0.211118	-0.000778	0.977460	0.099758	-0.994795	0.020755	0.972357	0.101892	0.210096
60418	9.752826	0.149440	3.139822	0.193790	0.254508	-0.122293	-0.213657	0.000132	0.976909	0.101430	-0.994592	0.022318	0.971629	0.103856	0.212488
60419	9.577265	0.150421	3.661447	0.155856	0.287339	-0.101301	-0.216512	0.000782	0.976280	0.102772	-0.994425	0.023589	0.970856	0.105441	0.215225
60420	9.426488	0.218262	4.102516	0.106037	0.328064	-0.086722	-0.219728	0.001252	0.975560	0.103659	-0.994308	0.024624	0.970038	0.106537	0.218347
60421	9.379190	0.209375	4.544220	0.063274	0.372624	-0.085660	-0.223392	0.001650	0.974727	0.104129	-0.994236	0.025548	0.969151	0.107205	0.221932
60422	9.441191	0.344535	4.871178	0.022535	0.418469	-0.094493	-0.227486	0.002095	0.973779	0.104183	-0.994206	0.026478	0.968192	0.107474	0.225950
60423	9.348575	0.614409	5.105174	-0.043029	0.469363	-0.093575	-0.232089	0.002466	0.972691	0.103598	-0.994246	0.027240	0.967162	0.107091	0.230498
60424	9.246009	0.850833	5.167005	-0.136151	0.523386	-0.086201	-0.237179	0.002721	0.971462	0.102128	-0.994385	0.027720	0.966083	0.105788	0.235570
60425	9.125173	1.052228	5.168936	-0.247084	0.583729	-0.078167	-0.242860	0.002832	0.970057	0.099602	-0.994638	0.027840	0.964934	0.103381	0.241276
60426	9.042262	1.266677	5.042325	-0.376302	0.640082	-0.074712	-0.249049	0.002880	0.968487	0.095838	-0.995014	0.027604	0.963737	0.099693	0.247531
60427	9.033715	1.391873	4.924631	-0.527342	0.682259	-0.069266	-0.255653	0.002851	0.966765	0.090632	-0.995521	0.026903	0.962511	0.094498	0.254249
60428	9.194662	1.421688	4.907559	-0.685227	0.721592	-0.058484	-0.262588	0.002731	0.964904	0.083939	-0.996140	0.025662	0.961250	0.087731	0.261346
60429	9.373491	1.348370	4.711886	-0.860779	0.768050	-0.045183	-0.269973	0.002484	0.962865	0.075598	-0.996855	0.023768	0.959896	0.079208	0.268936
60430	9.493674	1.210690	4.310906	-1.032694	0.821705	-0.027271	-0.277818	0.002100	0.960631	0.065669	-0.997617	0.021173	0.958387	0.068966	0.277018
60431	9.503444	1.039938	3.886596	-1.172169	0.844395	-0.015368	-0.285886	0.001664	0.958262	0.054450	-0.998355	0.017978	0.956716	0.057317	0.285325
60432	9.782604	0.961199	3.641203	-1.329642	0.843096	0.013292	-0.293884	0.001056	0.955841	0.041830	-0.999027	0.013965	0.954925	0.044087	0.293554
60433	10.026262	0.888520	3.579718	-1.502498	0.859135	0.045048	-0.302038	0.000234	0.953296	0.027682	-0.999576	0.009016	0.952894	0.029112	0.301904
60434	10.135421	0.716592	3.515346	-1.669279	0.883968	0.050867	-0.310389	-0.000508	0.950609	0.012002	-0.999922	0.003384	0.950534	0.012460	0.310371
60435	9.729067	0.500612	3.282406	-1.818646	0.853172	0.035818	-0.318463	-0.000954	0.947935	-0.005098	-0.999983	-0.002719	0.947922	-0.005698	0.318453
60436	9.092744	0.026243	2.744309	-1.971841	0.723928	0.022718	-0.325269	-0.001120	0.945621	-0.023639	-0.999677	-0.009315	0.945326	-0.025384	0.325138
60437	8.538313	-0.786032	2.244805	-2.084821	0.483545	0.031584	-0.329824	-0.001323	0.944042	-0.043169	-0.998932	-0.016482	0.943055	-0.046190	0.329414
60438	8.582809	-1.657966	1.960106	-2.111951	0.241983	0.071358	-0.332093	-0.001952	0.943245	-0.062778	-0.997735	-0.024167	0.941155	-0.067241	0.331218
60439	8.852789	-2.596052	1.760082	-1.993368	0.101651	0.133650	-0.333125	-0.003269	0.942877	-0.081025	-0.996196	-0.032081	0.939395	-0.087083	0.331592
60440	9.131648	-3.388505	1.808466	-1.717179	0.045431	0.217790	-0.333698	-0.005449	0.942664	-0.096363	-0.994548	-0.039862	0.937742	-0.104140	0.331354
60441	9.189171	-4.076578	1.758879	-1.316273	0.029640	0.301518	-0.334264	-0.008480	0.942441	-0.107638	-0.993073	-0.047112	0.936313	-0.117190	0.331036
60442	8.941871	-4.504851	1.751824	-0.833415	-0.016041	0.374421	-0.334484	-0.012273	0.942322	-0.114133	-0.992028	-0.053432	0.935465	-0.125423	0.330417
60443	8.518787	-4.649871	1.740272	-0.336081	-0.131841	0.428858	-0.333724	-0.016763	0.942522	-0.115792	-0.991541	-0.058634	0.935532	-0.128704	0.328960
60444	8.223811	-4.453163	1.243404	0.151870	-0.293186	0.473502	-0.331476	-0.021891	0.943210	-0.112743	-0.991648	-0.062637	0.936703	-0.127103	0.326239
60445	8.391939	-4.139556	0.649163	0.632231	-0.398788	0.503084	-0.328264	-0.027448	0.944187	-0.105103	-0.992309	-0.065388	0.938721	-0.120701	0.322854
60446	8.755115	-3.684367	0.288036	1.108873	-0.388243	0.527901	-0.325091	-0.033193	0.945100	-0.092904	-0.993429	-0.066847	0.941108	-0.109534	0.319871
60447	9.093804	-3.109784	0.128214	1.576995	-0.338362	0.560040	-0.322353	-0.039178	0.945809	-0.076178	-0.994829	-0.067172	0.943550	-0.093703	0.317701
60448	9.295094	-2.523405	0.147375	1.952162	-0.279719	0.622786	-0.320073	-0.045668	0.946291	-0.055684	-0.996204	-0.066911	0.945755	-0.074109	0.316315
60449	9.430519	-2.016917	0.409270	2.158500	-0.228620	0.703697	-0.318193	-0.052900	0.946549	-0.032953	-0.997221	-0.066810	0.947453	-0.052450	0.315566
60450	9.397033	-1.468595	0.814538	2.228723	-0.172826	0.799257	-0.316673	-0.060997	0.946571	-0.009235	-0.997685	-0.067380	0.948490	-0.030079	0.315377
60451	9.395291	-0.970731	1.333298	2.245130	-0.120246	0.859007	-0.315477	-0.069661	0.946373	0.014830	-0.997542	-0.068484	0.948817	-0.007570	0.315734
60452	9.308689	-0.513532	1.830628	2.246672	-0.090723	0.864099	-0.314331	-0.078325	0.946077	0.038918	-0.996816	-0.069596	0.948515	0.014943	0.316378
60453	9.310744	-0.078428	2.275906	2.255361	-0.084956	0.832144	-0.313066	-0.086662	0.945769	0.062963	-0.995531	-0.070380	0.947642	0.037515	0.317124
60454	9.207959	0.421606	2.730415	2.200595	-0.089136	0.786385	-0.311580	-0.094489	0.945510	0.086311	-0.993745	-0.070866	0.946292	0.059527	0.317787
60455	9.136751	0.924752	3.095664	2.077249	-0.094821	0.741873	-0.309924	-0.101853	0.945290	0.108307	-0.991555	-0.071328	0.944572	0.080275	0.318338
60456	9.132204	1.406784	3.419165	1.909149	-0.094442	0.678932	-0.308172	-0.108537	0.945119	0.128472	-0.989118	-0.071700	0.942616	0.099325	0.318762
60457	9.129812	1.954045	3.536697	1.699149	-0.072767	0.606636	-0.306613	-0.114514	0.944920	0.146386	-0.986599	-0.072065	0.940510	0.116227	0.319268
60458	9.132258	2.486196	3.767298	1.475975	-0.050325	0.515589	-0.305288	-0.119576	0.944723	0.161881	-0.984161	-0.072256	0.938400	0.130874	0.319809
60459	9.126780	2.958892	4.095576	1.230131	-0.006536	0.407672	-0.304500	-0.123633	0.944455	0.174705	-0.981969	-0.072218	0.936354	0.143011	0.320609
60460	9.152149	3.308689	4.606590	0.955411	0.051485	0.294993	-0.304392	-0.126645	0.944090	0.184592	-0.980177	-0.071970	0.934490	0.152364	0.321735
60461	9.116384	3.307303	5.059655	0.632207	0.121543	0.188732	-0.305132	-0.128738	0.943568	0.191121	-0.978940	-0.071759	0.932935	0.158439	0.323310
60462	9.136834	2.949464	5.540370	0.277303	0.181210	0.107969	-0.306554	-0.130125	0.942917	0.194087	-0.978345	-0.071914	0.931856	0.160963	0.325171
60463	9.095165	2.366353	5.767766	-0.066079	0.240632	0.043349	-0.308672	-0.130988	0.942106	0.193656	-0.978381	-0.072581	0.931246	0.160041	0.327366
60464	8.919679	1.579216	5.827217	-0.402488	0.272026	0.018503	-0.311110	-0.131639	0.941213	0.190017	-0.978980	-0.074113	0.931184	0.155789	0.329584
60465	8.858569	0.711306	5.723553	-0.643177	0.299297	-0.000056	-0.313861	-0.132146	0.940228	0.184078	-0.979947	-0.076281	0.931454	0.149134	0.331893
60466	8.908531	-0.082052	5.591347	-0.754118	0.320149	-0.008827	-0.316800	-0.132567	0.939182	0.177076	-0.981042	-0.078745	0.931816	0.141360	0.334269
60467	9.021839	-0.695011	5.447959	-0.771994	0.347283	-0.008922	-0.320018	-0.133008	0.938028	0.169906	-0.982102	-0.081292	0.932052	0.133361	0.336889
60468	9.071756	-1.082434	5.291861	-0.721779	0.359418	0.000518	-0.323309	-0.133522	0.936826	0.163231	-0.983025	-0.083773	0.932109	0.125835	0.339615
60469	8.922543	-1.269216	5.143737	-0.617703	0.360477	0.008105	-0.326623	-0.134096	0.935594	0.157554	-0.983759	-0.085996	0.931930	0.119318	0.342446
60470	8.755080	-1.293817	4.984419	-0.479836	0.347775	0.019739	-0.329774	-0.134740	0.934395	0.153200	-0.984281	-0.087865	0.931546	0.114173	0.345233
60471	8.565117	-1.266312	4.845509	-0.328408	0.335101	0.033454	-0.332813	-0.135500	0.933207	0.150306	-0.984593	-0.089357	0.930937	0.110528	0.348052
60472	8.455050	-1.173907	4.732828	-0.178835	0.322866	0.040789	-0.335699	-0.136299	0.932056	0.148830	-0.984722	-0.090396	0.930138	0.108372	0.350856
60473	8.428934	-1.127195	4.514523	-0.036623	0.310963	0.035659	-0.338507	-0.137040	0.930931	0.148664	-0.984701	-0.090898	0.929146	0.107627	0.353701
60474	8.356028	-1.044340	4.175692	0.093769	0.295828	0.040768	-0.341135	-0.137805	0.929858	0.149726	-0.984533	-0.090978	0.928013	0.108188	0.356492
60475	8.364181	-1.010436	3.811142	0.209290	0.267016	0.040860	-0.343520	-0.138553	0.928869	0.151861	-0.984236	-0.090649	0.926786	0.109919	0.359146
60476	8.477535	-1.002244	3.540320	0.315843	0.234763	0.047691	-0.345564	-0.139328	0.927994	0.155003	-0.983807	-0.089988	0.925505	0.112745	0.361564
60477	8.562463	-1.099549	3.407776	0.428709	0.215874	0.058998	-0.347438	-0.140210	0.927161	0.159226	-0.983220	-0.089020	0.924086	0.116700	0.363933
60478	8.482081	-1.147340	3.323158	0.539401	0.198966	0.079508	-0.349088	-0.141272	0.926380	0.164536	-0.982454	-0.087821	0.922532	0.121766	0.366207
60479	8.348424	-1.194853	3.264104	0.652833	0.176053	0.100627	-0.350512	-0.142533	0.925649	0.170960	-0.981483	-0.086394	0.920823	0.127966	0.368389
60480	8.226539	-1.162140	3.158562	0.761147	0.136149	0.109100	-0.351515	-0.143825	0.925068	0.178397	-0.980313	-0.084626	0.919028	0.135282	0.370253
60481	8.131286	-1.051181	3.056437	0.857937	0.084296	0.106520	-0.352063	-0.145039	0.924670	0.186703	-0.978949	-0.082467	0.917166	0.143605	0.371731
60482	8.091069	-0.854794	3.038399	0.909293	0.040749	0.097473	-0.352191	-0.146095	0.924455	0.195430	-0.977448	-0.080016	0.915297	0.152485	0.372800
60483	8.020583	-0.540453	3.271540	0.916810	-0.000592	0.085225	-0.351984	-0.146978	0.924394	0.204167	-0.975870	-0.077422	0.913468	0.161479	0.373498
60484	7.983170	-0.279799	3.657377	0.887072	-0.030020	0.067751	-0.351509	-0.147630	0.924471	0.212553	-0.974285	-0.074766	0.911736	0.170218	0.373849
60485	8.034405	-0.035100	4.081557	0.822228	-0.054545	0.035082	-0.350903	-0.147927	0.924654	0.220220	-0.972785	-0.072054	0.910148	0.178343	0.373930
60486	7.959268	0.253406	4.250490	0.721799	-0.086333	-0.008666	-0.350077	-0.147725	0.924999	0.226806	-0.971471	-0.069309	0.908848	0.185532	0.373595
60487	7.789895	0.540159	4.280221	0.582287	-0.132977	-0.051632	-0.348955	-0.147022	0.925535	0.231969	-0.970434	-0.066695	0.907976	0.191421	0.372742
60488	7.577767	0.752702	4.328908	0.408151	-0.203967	-0.103829	-0.347285	-0.145659	0.926378	0.235365	-0.969781	-0.064249	0.907743	0.195724	0.371074
60489	7.562620	1.018657	4.499807	0.227774	-0.265732	-0.150697	-0.345196	-0.143723	0.927461	0.236964	-0.969535	-0.062046	0.908123	0.198357	0.368737
60490	7.575513	1.184785	4.425102	0.002316	-0.340886	-0.193956	-0.342496	-0.141203	0.928848	0.236370	-0.969792	-0.060270	0.909299	0.198909	0.365527
60491	7.848646	1.263401	4.267398	-0.231535	-0.406768	-0.237799	-0.339321	-0.138138	0.930472	0.233505	-0.970568	-0.058937	0.911228	0.197271	0.361590
60492	8.484377	1.227383	4.507126	-0.399915	-0.442311	-0.254832	-0.335814	-0.134836	0.932228	0.229047	-0.971684	-0.058034	0.913656	0.194035	0.357189
60493	9.468993	1.088914	5.143457	-0.554782	-0.481948	-0.266131	-0.331975	-0.131372	0.934095	0.223135	-0.973087	-0.057554	0.916517	0.189323	0.352354
60494	9.886282	0.693142	5.736953	-0.820183	-0.490179	-0.248962	-0.327959	-0.128076	0.935970	0.214834	-0.974919	-0.058129	0.919940	0.182014	0.347248
60495	9.467234	0.111547	5.673796	-1.110256	-0.499537	-0.174541	-0.323691	-0.125536	0.937798	0.204082	-0.977091	-0.060355	0.923891	0.171852	0.341895
60496	9.330598	-0.413550	5.230576	-1.376769	-0.543035	-0.086269	-0.318772	-0.123834	0.939707	0.191105	-0.979465	-0.064246	0.928366	0.159103	0.335891
