// General information: 
//  MT Manager version: 2022.2.0 
//  XDA version: 2022.2.0 build 7381 rev 124627 built on 2023-07-19
// Device information: 
//  DeviceId: 00B4CB9F
//  ProductCode: MTW2-3A7G6
//  Firmware Version: 4.6.0
//  Hardware Version: 2.0.0
// Device settings: 
//  Filter Profile: human(46.1)
//  Option Flags: Orientation Smoother Disabled, Position/Velocity Smoother Disabled, Continuous Zero Rotation Update Disabled, AHS Disabled, ICC Disabled
// Coordinate system: ENU
PacketCounter	Acc_X	Acc_Y	Acc_Z	Gyr_X	Gyr_Y	Gyr_Z	Mat[1][1]	Mat[2][1]	Mat[3][1]	Mat[1][2]	Mat[2][2]	Mat[3][2]	Mat[1][3]	Mat[2][3]	Mat[3][3]
39620	9.415280	1.557073	1.191200	-0.082517	0.067611	-0.109649	0.116367	-0.179126	0.976920	0.100191	0.980702	0.167885	-0.988140	0.078343	0.132068
39621	9.506982	1.530334	1.195268	-0.064074	0.064645	-0.096853	0.116845	-0.180080	0.976687	0.100931	0.980485	0.168706	-0.988008	0.078866	0.132741
39622	9.504738	1.615910	1.087664	-0.030656	0.061908	-0.086040	0.117428	-0.180894	0.976467	0.100947	0.980351	0.169474	-0.987937	0.078671	0.133382
39623	9.461452	1.643091	0.960722	-0.007706	0.049234	-0.073851	0.117777	-0.181611	0.976292	0.101104	0.980219	0.170145	-0.987880	0.078668	0.133809
39624	9.505948	1.648604	1.027160	0.009047	0.045807	-0.060507	0.117720	-0.182077	0.976212	0.101739	0.980086	0.170531	-0.987821	0.079244	0.133900
39625	9.400472	1.545661	1.020563	0.014037	0.043135	-0.046134	0.118036	-0.182517	0.976092	0.101649	0.980021	0.170960	-0.987793	0.079039	0.134231
39626	9.399207	1.366921	0.982571	0.035400	0.019866	-0.040951	0.117936	-0.182801	0.976051	0.101823	0.979955	0.171229	-0.987787	0.079190	0.134186
39627	9.548403	1.276190	1.043916	0.073531	0.009310	-0.037577	0.117926	-0.183131	0.975990	0.101135	0.979952	0.171654	-0.987859	0.078465	0.134083
39628	9.770359	1.360417	1.139071	0.109039	0.011923	-0.035827	0.117957	-0.183395	0.975937	0.100501	0.979956	0.172003	-0.987920	0.077794	0.134024
39629	9.818145	1.436794	1.228476	0.130230	0.015683	-0.036843	0.118011	-0.183722	0.975869	0.099253	0.979997	0.172496	-0.988040	0.076501	0.133885
39630	9.677348	1.507055	1.438178	0.133732	0.015871	-0.039356	0.118092	-0.184032	0.975801	0.098422	0.980007	0.172914	-0.988113	0.075621	0.133844
39631	9.524303	1.583889	1.589359	0.119804	0.012823	-0.039728	0.118116	-0.184385	0.975731	0.097281	0.980031	0.173421	-0.988223	0.074436	0.133694
39632	9.431712	1.562582	1.820145	0.102523	0.015915	-0.043288	0.118091	-0.184703	0.975674	0.097014	0.979994	0.173779	-0.988252	0.074132	0.133647
39633	9.440253	1.540503	2.092172	0.090532	0.032362	-0.061157	0.118288	-0.185281	0.975540	0.096187	0.979956	0.174456	-0.988310	0.073199	0.133739
39634	9.486730	1.525271	2.327698	0.081318	0.047619	-0.076761	0.118597	-0.185945	0.975377	0.095518	0.979890	0.175191	-0.988338	0.072389	0.133973
39635	9.488701	1.564866	2.558959	0.070583	0.066102	-0.092180	0.119099	-0.186849	0.975142	0.094926	0.979777	0.176144	-0.988334	0.071588	0.134427
39636	9.436856	1.572222	2.686949	0.050919	0.077013	-0.100111	0.119849	-0.187843	0.974860	0.094877	0.979610	0.177094	-0.988248	0.071267	0.135228
39637	9.413365	1.605718	2.832767	0.032118	0.077652	-0.109794	0.120449	-0.188927	0.974576	0.094688	0.979434	0.178166	-0.988193	0.070820	0.135861
39638	9.352270	1.821377	2.871481	0.036228	0.083724	-0.115878	0.120868	-0.189954	0.974325	0.094351	0.979275	0.179215	-0.988175	0.070267	0.136285
39639	9.204049	2.093358	2.656943	0.025220	0.071886	-0.126858	0.121395	-0.191200	0.974015	0.094252	0.979059	0.180444	-0.988119	0.069898	0.136873
39640	9.157260	2.222181	2.242274	-0.027138	0.027882	-0.129149	0.121243	-0.192341	0.973810	0.095283	0.978772	0.181458	-0.988039	0.070787	0.136996
39641	9.342899	2.175490	1.771469	-0.087449	-0.002930	-0.128706	0.121026	-0.193553	0.973596	0.096300	0.978469	0.182550	-0.987967	0.071664	0.137060
39642	9.480561	2.067690	1.508313	-0.144320	-0.011434	-0.122692	0.120540	-0.194605	0.973447	0.098082	0.978134	0.183396	-0.987851	0.073371	0.136992
39643	9.657735	1.907788	1.293598	-0.165139	-0.006750	-0.117289	0.120293	-0.195700	0.973258	0.099852	0.977790	0.184270	-0.987704	0.075015	0.137163
39644	9.781621	1.725439	1.271790	-0.142241	0.004405	-0.107400	0.120040	-0.196644	0.973099	0.102277	0.977421	0.184901	-0.987487	0.077330	0.137442
39645	9.703155	1.544274	1.169195	-0.104470	0.020430	-0.098242	0.120077	-0.197573	0.972906	0.103424	0.977154	0.185671	-0.987363	0.078327	0.137767
39646	9.627960	1.448957	1.207909	-0.067410	0.026849	-0.085195	0.120108	-0.198302	0.972754	0.104282	0.976947	0.186280	-0.987269	0.079067	0.138019
39647	9.547763	1.372283	1.260308	-0.021565	0.043947	-0.067869	0.120407	-0.198952	0.972584	0.104574	0.976803	0.186869	-0.987201	0.079207	0.138419
39648	9.579792	1.404283	1.240071	0.033431	0.050307	-0.066460	0.120676	-0.199546	0.972429	0.104635	0.976688	0.187435	-0.987162	0.079132	0.138742
39649	9.551939	1.509779	1.310926	0.081764	0.056570	-0.056489	0.121111	-0.200095	0.972262	0.103895	0.976648	0.188056	-0.987187	0.078237	0.139071
39650	9.574368	1.653368	1.343767	0.114918	0.045644	-0.050023	0.121447	-0.200450	0.972147	0.102037	0.976730	0.188647	-0.987339	0.076284	0.139074
39651	9.423693	1.895185	1.337964	0.130036	0.033688	-0.036991	0.121677	-0.200789	0.972049	0.100795	0.976762	0.189146	-0.987439	0.074963	0.139088
39652	9.334744	2.058366	1.381141	0.129152	0.011734	-0.037410	0.121709	-0.201096	0.971981	0.099758	0.976781	0.189598	-0.987540	0.073887	0.138944
39653	9.267170	2.142625	1.368795	0.110203	-0.019174	-0.047787	0.121407	-0.201502	0.971935	0.098725	0.976774	0.190173	-0.987681	0.072866	0.138481
39654	9.327710	2.109120	1.358155	0.075745	-0.038056	-0.057704	0.120974	-0.201942	0.971897	0.097980	0.976736	0.190752	-0.987808	0.072151	0.137946
39655	9.371707	2.044376	1.388297	0.052969	-0.041088	-0.066814	0.120438	-0.202518	0.971844	0.097535	0.976648	0.191432	-0.987918	0.071734	0.137378
39656	9.489181	1.915627	1.499964	0.038670	-0.038964	-0.064499	0.119712	-0.202974	0.971839	0.097657	0.976539	0.191926	-0.987994	0.071931	0.136726
39657	9.545909	1.917840	1.616650	0.050298	-0.026829	-0.063444	0.119320	-0.203527	0.971771	0.097235	0.976454	0.192569	-0.988083	0.071512	0.136300
39658	9.501962	1.992062	1.720170	0.070366	-0.022636	-0.056692	0.119069	-0.204025	0.971698	0.097058	0.976364	0.193112	-0.988131	0.071317	0.136057
39659	9.463810	2.137235	1.808556	0.050805	-0.028710	-0.050784	0.118672	-0.204454	0.971656	0.096615	0.976305	0.193632	-0.988222	0.070898	0.135613
39660	9.519888	2.195299	1.839254	0.012534	-0.029455	-0.049743	0.118266	-0.204837	0.971625	0.096991	0.976196	0.193995	-0.988234	0.071296	0.135318
39661	9.525188	2.142266	1.881796	-0.038524	-0.017909	-0.056503	0.117969	-0.205328	0.971557	0.097438	0.976061	0.194449	-0.988225	0.071727	0.135152
39662	9.497177	2.044446	1.980268	-0.072546	-0.001378	-0.062440	0.117860	-0.205924	0.971444	0.099064	0.975821	0.194833	-0.988077	0.073272	0.135410
39663	9.451770	1.952811	2.064568	-0.068118	0.024524	-0.064913	0.117973	-0.206528	0.971302	0.099813	0.975646	0.195328	-0.987988	0.073905	0.135714
39664	9.287019	1.905141	2.035359	-0.049017	0.028466	-0.067574	0.118163	-0.207226	0.971131	0.101937	0.975347	0.195723	-0.987748	0.075866	0.136374
39665	9.233518	1.875751	1.933511	-0.032150	0.023435	-0.060715	0.118268	-0.207789	0.970998	0.102327	0.975205	0.196225	-0.987695	0.076152	0.136598
39666	9.185155	1.955429	1.757887	-0.012475	0.006439	-0.047011	0.118381	-0.208212	0.970893	0.102666	0.975095	0.196595	-0.987646	0.076405	0.136809
39667	9.197696	2.052511	1.487825	0.012735	-0.011380	-0.039260	0.118164	-0.208539	0.970849	0.102589	0.975031	0.196951	-0.987681	0.076326	0.136608
39668	9.310421	2.134919	1.142941	0.005693	-0.031287	-0.034301	0.117862	-0.208811	0.970828	0.102740	0.974960	0.197227	-0.987701	0.076497	0.136363
39669	9.571656	2.142930	1.015312	-0.011919	-0.031376	-0.036102	0.117451	-0.209091	0.970817	0.102902	0.974884	0.197518	-0.987733	0.076700	0.136017
39670	9.716211	2.152424	0.973919	-0.017917	-0.015557	-0.037122	0.117222	-0.209335	0.970793	0.103026	0.974821	0.197763	-0.987747	0.076835	0.135837
39671	9.743117	2.128896	0.934434	-0.027053	-0.007866	-0.032917	0.117046	-0.209602	0.970756	0.103334	0.974739	0.198003	-0.987736	0.077137	0.135748
39672	9.772062	1.937036	1.012816	-0.042132	0.004807	-0.025188	0.117151	-0.209749	0.970712	0.103015	0.974736	0.198186	-0.987757	0.076780	0.135798
39673	9.796190	1.817373	1.161820	-0.032804	0.022569	-0.019427	0.117290	-0.209908	0.970660	0.103363	0.974679	0.198287	-0.987704	0.077073	0.136016
39674	9.768488	1.663026	1.206994	-0.025429	0.034592	-0.021646	0.117679	-0.210155	0.970560	0.104365	0.974556	0.198366	-0.987552	0.077949	0.136617
39675	9.752864	1.647471	1.366157	-0.007775	0.051542	-0.014405	0.118109	-0.210288	0.970479	0.104460	0.974528	0.198453	-0.987491	0.077937	0.137067
39676	9.685522	1.669237	1.448545	0.013976	0.063785	-0.008696	0.118829	-0.210382	0.970371	0.104226	0.974539	0.198522	-0.987429	0.077548	0.137730
39677	9.550568	1.840723	1.549060	0.035852	0.068922	0.001249	0.119447	-0.210376	0.970296	0.103872	0.974578	0.198517	-0.987392	0.077074	0.138263
39678	9.447654	2.022911	1.510743	0.047619	0.064617	0.000536	0.120010	-0.210303	0.970242	0.103084	0.974663	0.198510	-0.987406	0.076194	0.138648
39679	9.299778	2.257219	1.465194	0.029665	0.056692	-0.004338	0.120502	-0.210341	0.970173	0.102798	0.974685	0.198551	-0.987376	0.075806	0.139074
39680	9.307834	2.405596	1.297736	-0.007853	0.042921	-0.019014	0.120745	-0.210585	0.970090	0.104618	0.974497	0.198520	-0.987155	0.077518	0.139697
39681	9.294765	2.504201	1.241315	-0.047170	0.018590	-0.027168	0.120837	-0.210817	0.970028	0.105119	0.974412	0.198675	-0.987091	0.077961	0.139906
39682	9.449858	2.492669	1.149386	-0.071633	-0.005647	-0.040948	0.120733	-0.211089	0.969982	0.105491	0.974325	0.198904	-0.987064	0.078310	0.139901
39683	9.577499	2.489408	1.124115	-0.094397	-0.011391	-0.044677	0.120510	-0.211468	0.969927	0.106479	0.974165	0.199162	-0.986985	0.079276	0.139913
39684	9.526076	2.419492	1.077812	-0.115430	-0.010621	-0.038940	0.120296	-0.211778	0.969886	0.107984	0.973975	0.199278	-0.986848	0.080760	0.140034
39685	9.537218	2.343648	1.110967	-0.132895	-0.004752	-0.030847	0.120153	-0.212027	0.969849	0.109335	0.973810	0.199348	-0.986716	0.082087	0.140188
39686	9.532061	2.181774	1.129324	-0.128611	0.000264	-0.022730	0.119953	-0.212117	0.969855	0.110871	0.973659	0.199236	-0.986569	0.083630	0.140311
39687	9.465337	2.057748	1.154071	-0.115899	0.013063	-0.008547	0.120009	-0.212163	0.969838	0.112028	0.973552	0.199113	-0.986432	0.084753	0.140603
39688	9.365238	1.925817	1.174582	-0.085361	0.013232	0.005395	0.120097	-0.212090	0.969843	0.113452	0.973445	0.198828	-0.986258	0.086152	0.140970
39689	9.393809	1.858901	1.195878	-0.063991	0.019929	0.018416	0.120252	-0.211879	0.969869	0.114065	0.973437	0.198516	-0.986169	0.086756	0.141226
39690	9.372228	1.771515	1.225346	-0.037086	0.025833	0.025501	0.120416	-0.211565	0.969918	0.114521	0.973464	0.198121	-0.986096	0.087219	0.141450
39691	9.339279	1.795208	1.309659	-0.020511	0.036191	0.029144	0.120744	-0.211265	0.969942	0.114692	0.973516	0.197766	-0.986036	0.087366	0.141777
39692	9.351287	1.766955	1.400769	-0.005058	0.048203	0.029994	0.121336	-0.211009	0.969924	0.114767	0.973573	0.197446	-0.985954	0.087358	0.142346
39693	9.335641	1.673839	1.532264	0.018927	0.058623	0.030857	0.121887	-0.210712	0.969920	0.114546	0.973663	0.197130	-0.985912	0.087073	0.142813
39694	9.325653	1.666758	1.763467	0.054136	0.062579	0.034330	0.122392	-0.210384	0.969927	0.114396	0.973751	0.196778	-0.985867	0.086871	0.143247
39695	9.263477	1.775573	1.801197	0.069328	0.043958	0.035981	0.122804	-0.210023	0.969953	0.113672	0.973895	0.196485	-0.985899	0.086128	0.143472
39696	9.380795	1.898101	1.801878	0.067569	0.007186	0.030932	0.122913	-0.209693	0.970011	0.112983	0.974024	0.196244	-0.985965	0.085473	0.143412
39697	9.531720	2.066207	1.746805	0.034103	-0.017578	0.020282	0.122700	-0.209432	0.970094	0.112625	0.974104	0.196052	-0.986033	0.085202	0.143110
39698	9.537678	2.136637	1.730305	-0.019208	-0.026038	0.007923	0.122651	-0.209510	0.970084	0.114304	0.973941	0.195891	-0.985845	0.086859	0.143403
39699	9.476910	2.082916	1.735441	-0.065529	-0.030627	0.006042	0.122295	-0.209376	0.970158	0.114948	0.973905	0.195695	-0.985815	0.087585	0.143171
39700	9.427959	1.931595	1.800635	-0.092663	-0.023753	0.001039	0.122083	-0.209187	0.970225	0.115283	0.973909	0.195475	-0.985802	0.087986	0.143013
39701	9.435135	1.813395	1.930755	-0.101119	-0.006462	0.001345	0.121959	-0.209120	0.970255	0.116283	0.973831	0.195274	-0.985700	0.089009	0.143084
39702	9.363084	1.615841	1.967745	-0.091956	0.013542	-0.001875	0.122022	-0.209115	0.970248	0.117358	0.973735	0.195107	-0.985565	0.090059	0.143359
39703	9.396829	1.510011	2.004497	-0.070403	0.030269	0.005184	0.122265	-0.209043	0.970233	0.118050	0.973691	0.194912	-0.985452	0.090705	0.143726
39704	9.419347	1.424195	2.097719	-0.037031	0.049048	0.005896	0.122964	-0.208959	0.970163	0.117243	0.973794	0.194881	-0.985461	0.089782	0.144241
39705	9.614439	1.410496	2.114163	-0.000754	0.063288	0.012859	0.123541	-0.208842	0.970115	0.117238	0.973829	0.194712	-0.985390	0.089680	0.144792
39706	9.769834	1.553899	2.197541	0.050390	0.094467	0.019783	0.124473	-0.208664	0.970034	0.116833	0.973918	0.194508	-0.985321	0.089121	0.145605
39707	9.526087	1.695109	2.075365	0.085813	0.122657	0.028214	0.125653	-0.208450	0.969928	0.115955	0.974061	0.194316	-0.985274	0.088052	0.146564
39708	9.450551	1.908045	1.916591	0.106641	0.097222	0.033286	0.126867	-0.208124	0.969840	0.114166	0.974306	0.194149	-0.985328	0.086092	0.147368
39709	9.409762	1.930579	1.646701	0.097517	0.064127	0.030687	0.127473	-0.207832	0.969823	0.113169	0.974462	0.193951	-0.985365	0.085031	0.147738
39710	9.398042	1.940323	1.448452	0.065972	0.021170	0.026731	0.127818	-0.207689	0.969808	0.113412	0.974475	0.193742	-0.985292	0.085224	0.148110
39711	9.325282	1.916521	1.225695	0.027579	-0.002845	0.027739	0.127760	-0.207369	0.969884	0.113108	0.974564	0.193470	-0.985334	0.084984	0.147966
39712	9.365027	1.867975	1.129773	0.003180	-0.034112	0.018038	0.127332	-0.207050	0.970009	0.112840	0.974644	0.193227	-0.985421	0.084852	0.147466
39713	9.427327	1.774506	1.064020	-0.007198	-0.045332	0.014230	0.126840	-0.206825	0.970121	0.112896	0.974675	0.193035	-0.985478	0.085038	0.146978
39714	9.456492	1.703308	1.220661	-0.007642	-0.046019	0.006946	0.126344	-0.206578	0.970238	0.112640	0.974738	0.192868	-0.985571	0.084920	0.146422
39715	9.407290	1.658839	1.395419	0.005929	-0.038629	0.004942	0.125908	-0.206449	0.970323	0.112579	0.974762	0.192785	-0.985633	0.084964	0.145972
39716	9.430860	1.608410	1.565990	0.013933	-0.032681	-0.001402	0.125495	-0.206302	0.970407	0.112171	0.974819	0.192734	-0.985733	0.084664	0.145476
39717	9.504677	1.650471	1.757187	0.030682	-0.017151	-0.008599	0.125255	-0.206323	0.970434	0.111882	0.974835	0.192818	-0.985796	0.084423	0.145187
39718	9.505144	1.666393	1.869041	0.048255	-0.006225	-0.011217	0.124884	-0.206277	0.970492	0.111728	0.974851	0.192826	-0.985860	0.084351	0.144790
39719	9.566882	1.735304	1.974834	0.070727	0.006236	-0.015293	0.124866	-0.206382	0.970471	0.111054	0.974887	0.193033	-0.985939	0.083671	0.144650
39720	9.622390	1.809677	1.981254	0.081659	0.021877	-0.004541	0.125087	-0.206361	0.970447	0.110274	0.974961	0.193107	-0.985998	0.082860	0.144711
39721	9.543197	1.895224	1.913719	0.076790	0.021467	0.002025	0.125239	-0.206311	0.970438	0.109518	0.975037	0.193155	-0.986063	0.082090	0.144708
39722	9.396941	1.913768	1.780605	0.068132	0.004773	0.007121	0.125140	-0.206221	0.970470	0.109914	0.975020	0.193015	-0.986032	0.082514	0.144680
39723	9.385575	1.938790	1.692470	0.039719	-0.003838	0.009562	0.125051	-0.206076	0.970513	0.109515	0.975081	0.192935	-0.986088	0.082159	0.144503
39724	9.352085	1.878906	1.630836	0.028290	-0.008551	0.007821	0.125247	-0.205883	0.970528	0.108001	0.975247	0.192946	-0.986230	0.080652	0.144382
39725	9.251590	1.839758	1.645552	0.030221	-0.005096	0.005540	0.125141	-0.205776	0.970565	0.107699	0.975291	0.192892	-0.986276	0.080391	0.144211
39726	9.173443	1.775107	1.663520	0.044323	-0.007524	-0.000370	0.124900	-0.205518	0.970651	0.106316	0.975451	0.192854	-0.986457	0.079108	0.143684
39727	9.151008	1.676749	1.574679	0.059850	-0.019491	-0.000732	0.124645	-0.205461	0.970695	0.105729	0.975505	0.192902	-0.986552	0.078586	0.143315
39728	9.274382	1.710482	1.529456	0.061109	-0.041041	-0.015096	0.124000	-0.205414	0.970788	0.104908	0.975569	0.193025	-0.986721	0.077908	0.142521
39729	9.414620	1.738823	1.499516	0.043438	-0.045997	-0.021810	0.123461	-0.205542	0.970829	0.104509	0.975567	0.193255	-0.986831	0.077601	0.141926
39730	9.492982	1.825848	1.446050	0.019000	-0.053352	-0.030205	0.123008	-0.205700	0.970853	0.103805	0.975583	0.193550	-0.986962	0.076971	0.141357
39731	9.610540	1.808573	1.385110	0.005118	-0.052851	-0.030910	0.122392	-0.205913	0.970886	0.103795	0.975532	0.193814	-0.987039	0.077051	0.140770
39732	9.739546	1.785680	1.383167	0.000217	-0.042414	-0.028876	0.121816	-0.206129	0.970913	0.104553	0.975420	0.193969	-0.987031	0.077883	0.140373
39733	9.852208	1.711461	1.452188	0.007198	-0.027685	-0.022980	0.121456	-0.206283	0.970925	0.104513	0.975387	0.194158	-0.987079	0.077893	0.140026
39734	9.931190	1.629992	1.518641	0.006146	-0.008054	-0.015247	0.121235	-0.206331	0.970943	0.104582	0.975369	0.194213	-0.987099	0.077997	0.139828
39735	9.948312	1.514734	1.565802	0.010055	0.016841	-0.009284	0.121330	-0.206386	0.970919	0.104497	0.975366	0.194273	-0.987096	0.077887	0.139908
39736	9.797049	1.366291	1.593986	0.034463	0.032756	-0.015739	0.121653	-0.206559	0.970842	0.104592	0.975329	0.194408	-0.987047	0.077892	0.140256
39737	9.589334	1.310389	1.642962	0.064906	0.048559	-0.020869	0.122048	-0.206752	0.970751	0.103980	0.975344	0.194657	-0.987063	0.077182	0.140537
39738	9.392480	1.288581	1.692840	0.099700	0.045747	-0.034717	0.122403	-0.207122	0.970628	0.104022	0.975272	0.194995	-0.987014	0.077099	0.140921
39739	9.385085	1.424381	1.677963	0.108732	0.040269	-0.047986	0.122688	-0.207573	0.970495	0.103012	0.975264	0.195570	-0.987085	0.075979	0.141036
39740	9.466868	1.586937	1.615908	0.105299	0.024600	-0.061499	0.123160	-0.208192	0.970303	0.101806	0.975239	0.196329	-0.987151	0.074603	0.141306
39741	9.559993	1.798585	1.666774	0.090848	0.016891	-0.068872	0.123195	-0.208828	0.970162	0.100999	0.975171	0.197081	-0.987230	0.073705	0.141228
39742	9.546595	1.937606	1.691280	0.058724	0.022186	-0.072413	0.123186	-0.209468	0.970025	0.100824	0.975054	0.197750	-0.987249	0.073441	0.141233
39743	9.555505	1.997223	1.664436	0.027934	0.023887	-0.079763	0.123280	-0.210215	0.969851	0.100651	0.974915	0.198518	-0.987255	0.073143	0.141346
39744	9.559626	1.947821	1.711023	0.023118	0.024913	-0.083759	0.123326	-0.210879	0.969701	0.100150	0.974817	0.199255	-0.987300	0.072543	0.141340
39745	9.535205	1.944721	1.768008	0.034405	0.043830	-0.090653	0.123606	-0.211747	0.969477	0.099927	0.974659	0.200138	-0.987287	0.072138	0.141633
39746	9.560735	1.927055	1.733590	0.043181	0.054587	-0.086496	0.124385	-0.212699	0.969168	0.100030	0.974466	0.201024	-0.987179	0.071941	0.142485
39747	9.653994	1.867037	1.795185	0.070365	0.065695	-0.090417	0.124882	-0.213579	0.968911	0.099452	0.974332	0.201956	-0.987175	0.071140	0.142918
39748	9.612373	1.817382	1.783074	0.083225	0.083730	-0.087254	0.125461	-0.214348	0.968666	0.098924	0.974218	0.202763	-0.987154	0.070386	0.143431
39749	9.513761	1.842596	1.677397	0.088074	0.094675	-0.082812	0.126252	-0.215172	0.968381	0.098164	0.974111	0.203648	-0.987129	0.069349	0.144106
39750	9.506336	1.745088	1.616384	0.083591	0.105840	-0.073601	0.127254	-0.215833	0.968103	0.096945	0.974071	0.204420	-0.987121	0.067839	0.144878
39751	9.520756	1.712233	1.557656	0.082553	0.113519	-0.066540	0.128248	-0.216510	0.967820	0.096219	0.973992	0.205140	-0.987063	0.066814	0.145745
39752	9.562807	1.706037	1.517571	0.093653	0.134399	-0.066917	0.129417	-0.217239	0.967501	0.096293	0.973848	0.205784	-0.986904	0.066532	0.146951
39753	9.637523	1.723217	1.597245	0.095862	0.155080	-0.060396	0.130828	-0.217882	0.967167	0.095431	0.973789	0.206465	-0.986801	0.065286	0.148191
39754	9.632827	1.747483	1.725080	0.097865	0.181262	-0.067020	0.132648	-0.218552	0.966767	0.094171	0.973753	0.207210	-0.986679	0.063555	0.149748
39755	9.491760	1.853849	1.805375	0.098336	0.210640	-0.073550	0.134596	-0.219353	0.966317	0.093304	0.973663	0.208025	-0.986498	0.062162	0.151518
39756	9.326939	2.005150	1.853634	0.099990	0.221520	-0.082533	0.136332	-0.220124	0.965898	0.092641	0.973562	0.208794	-0.986322	0.061017	0.153121
39757	9.257222	2.144737	1.872961	0.085864	0.216201	-0.095534	0.138314	-0.221137	0.965385	0.091931	0.973412	0.209804	-0.986113	0.059729	0.154966
39758	9.312065	2.264438	1.796444	0.067887	0.202799	-0.109011	0.140316	-0.222117	0.964871	0.090426	0.973314	0.210911	-0.985969	0.057655	0.156657
39759	9.496401	2.398446	1.667185	0.033806	0.190855	-0.119810	0.142027	-0.223345	0.964337	0.090266	0.973076	0.212075	-0.985738	0.056926	0.158364
39760	9.444882	2.356012	1.465639	-0.018380	0.183956	-0.130007	0.143503	-0.224546	0.963839	0.090551	0.972813	0.213154	-0.985498	0.056689	0.159935
39761	9.443529	2.241105	1.402267	-0.055902	0.168402	-0.134383	0.144978	-0.225901	0.963302	0.091300	0.972488	0.214314	-0.985214	0.056878	0.161614
39762	9.658963	2.128181	1.444235	-0.093976	0.173426	-0.139815	0.146662	-0.227171	0.962748	0.091761	0.972200	0.215423	-0.984921	0.056748	0.163430
39763	9.800855	1.983401	1.549407	-0.118287	0.194543	-0.142955	0.148383	-0.228624	0.962140	0.093140	0.971816	0.216559	-0.984534	0.057480	0.165495
39764	9.959712	1.889117	1.587232	-0.122115	0.218575	-0.142074	0.150092	-0.230041	0.961537	0.095109	0.971403	0.217555	-0.984087	0.058798	0.167679
39765	9.859286	1.822001	1.642253	-0.114382	0.244703	-0.153374	0.152290	-0.231627	0.960810	0.096470	0.970991	0.218791	-0.983616	0.059370	0.170217
39766	9.820505	1.769005	1.851537	-0.088651	0.265469	-0.168844	0.154650	-0.233275	0.960034	0.097459	0.970587	0.220140	-0.983151	0.059519	0.172836
39767	10.577096	1.775773	2.153107	-0.062512	0.307979	-0.168524	0.157450	-0.235046	0.959147	0.098340	0.970166	0.221603	-0.982618	0.059431	0.175867
39768	9.209605	1.884661	2.123740	-0.015356	0.331135	-0.150134	0.160197	-0.236602	0.958309	0.099251	0.969788	0.222845	-0.982083	0.059414	0.178840
39769	9.201109	2.020154	2.295153	0.039219	0.345458	-0.142439	0.163385	-0.238139	0.957390	0.099100	0.969483	0.224235	-0.981573	0.058241	0.181998
39770	9.122131	2.291946	2.264113	0.084161	0.341940	-0.146216	0.166218	-0.239567	0.956546	0.098518	0.969221	0.225622	-0.981155	0.056735	0.184703
39771	9.233688	2.490580	2.167092	0.075814	0.323574	-0.150061	0.169181	-0.241154	0.955627	0.098030	0.968913	0.227152	-0.980698	0.055250	0.187562
39772	9.437491	2.570443	2.118375	0.037556	0.308917	-0.161714	0.171754	-0.242775	0.954757	0.098305	0.968545	0.228597	-0.980223	0.054595	0.190217
39773	9.293352	2.538739	2.051242	-0.013200	0.304807	-0.165385	0.174515	-0.244494	0.953817	0.098725	0.968145	0.230104	-0.979693	0.054009	0.193093
39774	9.197276	2.471001	2.065978	-0.050445	0.306115	-0.161807	0.176960	-0.245931	0.952997	0.099066	0.967812	0.231358	-0.979220	0.053469	0.195628
39775	9.100308	2.383675	2.110793	-0.070445	0.326839	-0.165928	0.179931	-0.247663	0.951992	0.100056	0.967375	0.232754	-0.978577	0.053372	0.198841
39776	9.139940	2.271495	2.228421	-0.078596	0.355417	-0.170050	0.182718	-0.249207	0.951057	0.100874	0.966989	0.234001	-0.977977	0.053181	0.201825
39777	9.174457	2.250866	2.346074	-0.080099	0.382427	-0.175677	0.186214	-0.251060	0.949891	0.101984	0.966518	0.235462	-0.977202	0.053028	0.205583
39778	9.268119	2.304144	2.434457	-0.076730	0.412614	-0.173898	0.189419	-0.252557	0.948860	0.102450	0.966163	0.236711	-0.976537	0.052373	0.208884
39779	9.549088	2.392875	2.536686	-0.083691	0.436220	-0.171306	0.193435	-0.254392	0.947559	0.103597	0.965697	0.238113	-0.975628	0.052105	0.213154
39780	9.695695	2.577519	2.555267	-0.095895	0.446650	-0.169938	0.197056	-0.255887	0.946409	0.104278	0.965332	0.239291	-0.974831	0.051536	0.216908
39781	9.835224	2.766395	2.517031	-0.118040	0.442237	-0.162578	0.201128	-0.257636	0.945077	0.105754	0.964865	0.240524	-0.973840	0.051569	0.221307
39782	9.878535	2.948413	2.429591	-0.158134	0.421635	-0.163663	0.204343	-0.259052	0.944000	0.107106	0.964475	0.241486	-0.973022	0.051762	0.224830
39783	9.843708	2.988716	2.369468	-0.204801	0.403271	-0.156150	0.208029	-0.260719	0.942735	0.109421	0.963974	0.242447	-0.971983	0.052719	0.229063
39784	9.707373	2.944495	2.372374	-0.243585	0.385436	-0.141640	0.211061	-0.261912	0.941730	0.111419	0.963600	0.243024	-0.971102	0.053634	0.232561
39785	9.473348	2.819324	2.336335	-0.271586	0.377856	-0.122479	0.214523	-0.263249	0.940574	0.114316	0.963142	0.243492	-0.970006	0.055288	0.236710
39786	9.212693	2.625011	2.334980	-0.277737	0.378128	-0.095569	0.217271	-0.264237	0.939666	0.117636	0.962735	0.243524	-0.968997	0.057627	0.240258
39787	8.943405	2.417243	2.531598	-0.275331	0.380729	-0.068525	0.220809	-0.265069	0.938606	0.120452	0.962404	0.243453	-0.967851	0.059301	0.244435
39788	8.789500	2.212057	2.696172	-0.256188	0.389516	-0.032283	0.224062	-0.265106	0.937825	0.121818	0.962363	0.242938	-0.966931	0.059811	0.247924
39789	8.645956	1.958976	2.934349	-0.226517	0.404834	0.009306	0.227918	-0.265210	0.936866	0.123985	0.962262	0.242237	-0.965754	0.060948	0.252199
39790	8.536289	1.783334	3.165839	-0.178477	0.417712	0.042199	0.231621	-0.264869	0.936053	0.125476	0.962317	0.241252	-0.964680	0.061573	0.256128
39791	8.775770	1.652995	3.415942	-0.121720	0.431901	0.064385	0.235798	-0.264465	0.935124	0.126497	0.962424	0.240288	-0.963534	0.061631	0.260392
39792	9.030555	1.718867	3.616968	-0.079593	0.459456	0.072757	0.239408	-0.263728	0.934415	0.126940	0.962644	0.239171	-0.962585	0.061355	0.263942
39793	9.045362	1.934312	3.671640	-0.069390	0.491712	0.057472	0.244141	-0.263423	0.933275	0.127467	0.962765	0.238402	-0.961326	0.060758	0.268629
39794	9.315985	2.166002	3.786926	-0.077987	0.522838	0.039315	0.248852	-0.263011	0.932147	0.127480	0.962945	0.237668	-0.960115	0.059687	0.273159
39795	9.504857	2.334232	3.856416	-0.126519	0.552594	0.024528	0.254115	-0.263052	0.930714	0.128630	0.962946	0.237042	-0.958582	0.059482	0.278535
39796	9.499902	2.476540	3.787677	-0.192296	0.566299	0.021826	0.259046	-0.263241	0.929300	0.131176	0.962817	0.236170	-0.956916	0.060723	0.283945
39797	9.329232	2.587676	3.745204	-0.270314	0.557090	0.025675	0.264337	-0.263284	0.927797	0.133690	0.962731	0.235108	-0.955119	0.061890	0.289683
39798	9.204769	2.704424	3.670988	-0.360309	0.520039	0.037166	0.269224	-0.263023	0.926465	0.136634	0.962685	0.233601	-0.953336	0.063695	0.295116
39799	8.888112	2.800636	3.578192	-0.446060	0.461600	0.048166	0.273618	-0.262809	0.925238	0.140748	0.962532	0.231779	-0.951485	0.066806	0.300356
39800	8.942201	2.919238	3.654484	-0.520512	0.391445	0.056440	0.277394	-0.262358	0.924241	0.145239	0.962388	0.229596	-0.949715	0.070548	0.305065
39801	8.917141	3.054545	3.733931	-0.612233	0.337901	0.078986	0.280648	-0.261792	0.923418	0.150824	0.962160	0.226937	-0.947887	0.075584	0.309513
39802	9.026667	3.019891	3.820405	-0.719348	0.297452	0.111967	0.283679	-0.260810	0.922770	0.157084	0.961942	0.223591	-0.945966	0.081525	0.313851
39803	8.883728	2.853952	3.864266	-0.822881	0.275467	0.150090	0.286455	-0.259547	0.922268	0.164427	0.961643	0.219558	-0.943879	0.088753	0.318144
39804	8.533075	2.508987	3.872904	-0.894703	0.261076	0.183105	0.289247	-0.257986	0.921835	0.172372	0.961295	0.214943	-0.941607	0.096727	0.322521
39805	8.329251	2.135834	4.009329	-0.915895	0.232965	0.209259	0.291741	-0.256154	0.921560	0.180373	0.960920	0.209994	-0.939336	0.104960	0.326543
39806	8.302020	1.872290	4.143986	-0.891252	0.217703	0.222470	0.294236	-0.254184	0.921312	0.188034	0.960540	0.204955	-0.937053	0.112933	0.330421
39807	8.310935	1.728819	4.354828	-0.848026	0.220574	0.213941	0.296646	-0.252331	0.921049	0.195334	0.960103	0.200118	-0.934797	0.120548	0.334099
39808	8.113747	1.622237	4.378230	-0.804818	0.231402	0.202932	0.299255	-0.250599	0.920677	0.202196	0.959637	0.195482	-0.932504	0.127658	0.337847
39809	7.929579	1.516671	4.103816	-0.772917	0.211358	0.192996	0.301557	-0.248968	0.920369	0.208810	0.959117	0.191033	-0.930302	0.134575	0.341215
39810	7.742152	1.369113	3.713533	-0.730920	0.184723	0.183540	0.303704	-0.247400	0.920085	0.215030	0.958581	0.186774	-0.928184	0.141122	0.344323
39811	7.863713	1.100318	3.423466	-0.686525	0.112491	0.177957	0.305072	-0.245799	0.920062	0.220848	0.958040	0.182717	-0.926368	0.147452	0.346555
39812	8.245538	0.504225	3.116235	-0.671193	0.039780	0.199945	0.306022	-0.243767	0.920287	0.226088	0.957617	0.178474	-0.924789	0.153449	0.348165
39813	9.140452	-0.565020	2.828199	-0.612456	-0.020826	0.279793	0.306407	-0.240996	0.920889	0.230886	0.957348	0.173715	-0.923475	0.159393	0.348981
39814	9.672843	-1.772905	2.595232	-0.440593	-0.032416	0.421183	0.307241	-0.236692	0.921727	0.233200	0.957769	0.168214	-0.922616	0.163264	0.349463
39815	10.127946	-2.672349	2.418897	-0.133903	-0.022028	0.587487	0.308345	-0.230966	0.922810	0.232620	0.958933	0.162280	-0.922394	0.164626	0.349409
39816	10.405607	-3.019701	2.112525	0.262515	-0.007405	0.745496	0.310147	-0.223555	0.924030	0.227420	0.961186	0.156211	-0.923087	0.161694	0.348949
39817	10.437463	-2.934110	2.001567	0.679535	0.043872	0.859245	0.312406	-0.215293	0.925231	0.218461	0.964157	0.150587	-0.924488	0.155083	0.348241
39818	10.257569	-2.508891	2.017599	1.061129	0.104649	0.915549	0.315488	-0.206296	0.926234	0.205156	0.967827	0.145680	-0.926487	0.144062	0.347660
39819	9.852146	-2.069948	2.107370	1.371995	0.164867	0.961862	0.318851	-0.197136	0.927077	0.189371	0.971659	0.141485	-0.928694	0.130449	0.347146
39820	9.335844	-1.637842	2.015532	1.606338	0.206500	1.008889	0.322647	-0.187402	0.927782	0.171073	0.975607	0.137569	-0.930931	0.114332	0.346836
39821	8.972382	-1.065606	2.122052	1.761848	0.247903	1.056432	0.326595	-0.177280	0.928390	0.151216	0.979400	0.133825	-0.932990	0.096681	0.346674
39822	8.556175	-0.332090	2.221093	1.836637	0.282041	1.089328	0.330817	-0.166657	0.928862	0.130334	0.982919	0.129936	-0.934651	0.078077	0.346888
39823	7.483234	0.307416	2.345696	1.841822	0.280856	1.090385	0.334684	-0.156061	0.929318	0.109470	0.985953	0.126147	-0.935950	0.059513	0.347067
39824	8.337134	0.981578	2.631630	1.780365	0.230555	1.056804	0.337942	-0.145557	0.929843	0.089085	0.988480	0.122359	-0.936941	0.041485	0.347015
39825	8.957224	1.750627	2.875150	1.664371	0.223873	1.011364	0.340775	-0.135573	0.930319	0.070045	0.990459	0.118679	-0.937532	0.024721	0.347020
39826	8.944464	2.202338	2.903464	1.510304	0.195376	0.953839	0.343233	-0.125969	0.930765	0.052465	0.991990	0.114908	-0.937784	0.009392	0.347092
39827	8.845213	2.609399	2.839343	1.365526	0.133657	0.883489	0.344808	-0.117154	0.931333	0.036610	0.993104	0.111370	-0.937959	-0.004306	0.346720
39828	8.618968	3.097069	2.748804	1.223154	0.068602	0.815326	0.345726	-0.108876	0.931998	0.022174	0.993916	0.107884	-0.938074	-0.016632	0.346037
39829	8.489525	3.692889	2.772567	1.052990	-0.001644	0.740013	0.345756	-0.101472	0.932822	0.009728	0.994470	0.104572	-0.938274	-0.027082	0.344831
39830	8.382957	4.263999	2.855246	0.844898	-0.050099	0.651450	0.345342	-0.094858	0.933671	-0.000580	0.994857	0.101289	-0.938477	-0.035520	0.343511
39831	8.231102	4.595382	2.947603	0.581286	-0.084423	0.567068	0.344451	-0.089202	0.934557	-0.008000	0.995161	0.097935	-0.938770	-0.041211	0.342071
39832	8.155358	4.648769	2.974907	0.284287	-0.138735	0.484107	0.343120	-0.084320	0.935499	-0.012436	0.995467	0.094287	-0.939209	-0.043985	0.340516
39833	8.137338	4.365584	3.050317	-0.018724	-0.175889	0.425691	0.341338	-0.080113	0.936520	-0.013726	0.995830	0.090189	-0.939841	-0.043639	0.338815
39834	8.240891	3.810462	3.067490	-0.282992	-0.194389	0.387979	0.339476	-0.076235	0.937520	-0.012461	0.996258	0.085524	-0.940532	-0.040716	0.337255
39835	8.321469	3.181263	3.107223	-0.483014	-0.200231	0.363561	0.337478	-0.072642	0.938526	-0.009156	0.996718	0.080438	-0.941289	-0.035739	0.335706
39836	8.362109	2.543599	3.194907	-0.611460	-0.188276	0.342485	0.335696	-0.069214	0.939424	-0.004606	0.997164	0.075114	-0.941959	-0.029542	0.334425
39837	8.392224	1.864044	3.357346	-0.673497	-0.168205	0.316188	0.334031	-0.066056	0.940244	0.000673	0.997558	0.069844	-0.942562	-0.022697	0.333260
39838	8.417923	1.314341	3.587981	-0.679761	-0.150242	0.280699	0.332638	-0.063219	0.940933	0.006100	0.997874	0.064888	-0.943035	-0.015844	0.332316
39839	8.705716	0.920017	3.858778	-0.644380	-0.132946	0.239742	0.331332	-0.060794	0.941554	0.011374	0.998107	0.060443	-0.943446	-0.009318	0.331396
39840	8.999951	0.543392	4.096683	-0.576286	-0.107195	0.197399	0.330363	-0.058768	0.942023	0.016117	0.998265	0.056624	-0.943716	-0.003524	0.330737
39841	9.179289	0.194724	4.229192	-0.478512	-0.089689	0.170454	0.329474	-0.057017	0.942441	0.020062	0.998372	0.053387	-0.943951	0.001318	0.330082
39842	9.278166	0.007925	4.346829	-0.338296	-0.062456	0.159673	0.328936	-0.055355	0.942728	0.022684	0.998456	0.050712	-0.944080	0.004704	0.329684
39843	9.325183	-0.209354	4.512212	-0.181784	-0.027495	0.158303	0.328641	-0.053723	0.942926	0.023872	0.998534	0.048571	-0.944153	0.006547	0.329442
39844	9.252921	-0.183975	4.661456	-0.005103	0.008939	0.160575	0.328784	-0.052049	0.942970	0.023341	0.998623	0.046983	-0.944117	0.006563	0.329546
39845	9.186629	-0.041866	4.880931	0.193602	0.040253	0.155349	0.329126	-0.050449	0.942937	0.020994	0.998716	0.046106	-0.944053	0.004621	0.329763
39846	9.098149	0.224859	5.038390	0.380503	0.065185	0.131998	0.329790	-0.049057	0.942779	0.016909	0.998796	0.046057	-0.943903	0.000752	0.330223
39847	9.081747	0.616307	5.283852	0.541472	0.088112	0.095947	0.330563	-0.048047	0.942560	0.011473	0.998834	0.046892	-0.943714	-0.004686	0.330729
39848	9.217537	1.078819	5.814511	0.659843	0.121286	0.057202	0.331740	-0.047390	0.942180	0.004998	0.998812	0.048479	-0.943358	-0.011373	0.331582
39849	9.250745	1.423274	6.174854	0.751638	0.198691	0.030416	0.333541	-0.047007	0.941563	-0.002200	0.998715	0.050640	-0.942733	-0.018962	0.333009
39850	8.786211	1.677237	6.283994	0.812025	0.264526	0.004950	0.336066	-0.046825	0.940674	-0.009925	0.998532	0.053251	-0.941786	-0.027232	0.335108
39851	8.218636	1.967143	5.988061	0.801968	0.287284	-0.012712	0.338698	-0.046815	0.939730	-0.017440	0.998277	0.056017	-0.940733	-0.035361	0.337298
39852	7.922878	2.273812	5.538183	0.737192	0.260281	-0.037524	0.341192	-0.047024	0.938817	-0.024294	0.997973	0.058816	-0.939680	-0.042875	0.339358
39853	7.908601	2.525256	5.084271	0.616643	0.207589	-0.069917	0.343087	-0.047579	0.938098	-0.029856	0.997659	0.061519	-0.938829	-0.049114	0.340863
39854	7.970979	2.669045	4.699806	0.446167	0.149660	-0.116381	0.344571	-0.048611	0.937501	-0.033684	0.997375	0.064096	-0.938156	-0.053664	0.342029
39855	8.005409	2.684673	4.322774	0.286919	0.097641	-0.153874	0.345466	-0.050046	0.937096	-0.035853	0.997144	0.066471	-0.937746	-0.056562	0.342685
39856	8.122343	2.649533	4.090503	0.157537	0.073881	-0.170218	0.346266	-0.051663	0.936713	-0.036769	0.996968	0.068578	-0.937416	-0.058188	0.343316
39857	8.101190	2.584535	3.843142	0.058433	0.062778	-0.185582	0.346849	-0.053431	0.936398	-0.036683	0.996839	0.070467	-0.937204	-0.058791	0.343792
39858	8.044218	2.375390	3.834416	0.018249	0.044398	-0.189831	0.347380	-0.055272	0.936094	-0.036209	0.996726	0.072289	-0.937025	-0.059007	0.344241
39859	7.864040	2.190098	3.757089	-0.011663	-0.012460	-0.173852	0.347252	-0.056967	0.936040	-0.035505	0.996639	0.073826	-0.937100	-0.058870	0.344062
39860	7.901586	2.172512	3.345158	-0.095345	-0.138447	-0.158998	0.346056	-0.058618	0.936381	-0.034063	0.996603	0.074976	-0.937595	-0.057842	0.342884
39861	8.100920	2.113088	2.852214	-0.225077	-0.292588	-0.145346	0.343285	-0.060187	0.937301	-0.031459	0.996648	0.075519	-0.938704	-0.055411	0.340241
39862	8.531483	2.185338	2.548534	-0.303221	-0.432096	-0.166384	0.339321	-0.062073	0.938620	-0.028034	0.996710	0.076049	-0.940253	-0.052118	0.336465
39863	9.081802	2.352628	2.339455	-0.402579	-0.513866	-0.193569	0.334462	-0.064213	0.940219	-0.023601	0.996792	0.076472	-0.942114	-0.047768	0.331873
39864	9.219264	2.378984	2.025839	-0.653070	-0.620626	-0.177771	0.328687	-0.066266	0.942111	-0.016831	0.996966	0.075996	-0.944289	-0.040836	0.326575
39865	9.457613	1.889649	2.247875	-1.000761	-0.756568	-0.108500	0.321473	-0.067570	0.944505	-0.007023	0.997253	0.073734	-0.946893	-0.030337	0.320115
39866	10.348209	0.745353	3.156360	-1.348356	-0.786992	0.026088	0.314051	-0.067508	0.947003	0.005712	0.997585	0.069220	-0.949389	-0.016329	0.313678
39867	10.543947	-0.739906	4.153201	-1.538692	-0.701022	0.158234	0.307337	-0.065939	0.949314	0.019837	0.997824	0.062887	-0.951394	-0.000496	0.307976
39868	10.124337	-1.929153	4.299257	-1.465592	-0.646067	0.245884	0.301293	-0.063446	0.951419	0.033069	0.997879	0.056072	-0.952958	0.014569	0.302752
39869	9.831484	-2.352658	3.660837	-1.152682	-0.683843	0.243178	0.294792	-0.060828	0.953623	0.043332	0.997796	0.050250	-0.954578	0.026509	0.296778
39870	10.155352	-2.355790	3.451385	-0.703229	-0.727377	0.171194	0.287969	-0.058884	0.955828	0.049555	0.997687	0.046533	-0.956357	0.033966	0.290221
39871	10.017900	-2.174725	3.437614	-0.182268	-0.731328	0.105004	0.280950	-0.057527	0.957997	0.050996	0.997687	0.044955	-0.958367	0.036224	0.283234
39872	9.629406	-1.640536	2.808776	0.225104	-0.775958	0.072750	0.273591	-0.056493	0.960186	0.048618	0.997810	0.044853	-0.960617	0.034411	0.275739
39873	9.511152	-0.534775	2.105832	0.521133	-0.797984	0.100815	0.265892	-0.055179	0.962422	0.043329	0.998036	0.045250	-0.963029	0.029669	0.267760
39874	9.368002	0.891346	1.923286	0.719081	-0.741533	0.175142	0.258861	-0.053192	0.964449	0.035910	0.998322	0.045422	-0.965247	0.022876	0.260337
39875	8.879720	2.187909	1.923975	0.696702	-0.712342	0.256957	0.251989	-0.050436	0.966415	0.028518	0.998594	0.044679	-0.967310	0.016301	0.253073
39876	8.709252	2.913069	1.874154	0.463545	-0.758763	0.297317	0.244766	-0.047323	0.968427	0.023270	0.998807	0.042927	-0.969303	0.012029	0.245575
39877	9.119320	2.964985	1.797264	0.135353	-0.840587	0.267205	0.236596	-0.044507	0.970588	0.021310	0.998948	0.040612	-0.971374	0.011075	0.237296
39878	9.603907	2.283391	1.324212	-0.199049	-0.923401	0.194562	0.227701	-0.042434	0.972806	0.022809	0.999008	0.038238	-0.973464	0.013482	0.228443
39879	10.144369	1.253792	0.932084	-0.449431	-0.975142	0.141452	0.218161	-0.040814	0.975059	0.026871	0.998998	0.035804	-0.975543	0.018390	0.219039
39880	10.144131	0.384595	0.736915	-0.515129	-1.014512	0.133416	0.208332	-0.039257	0.977270	0.031631	0.998942	0.033384	-0.977546	0.023957	0.209354
39881	10.153706	-0.062355	0.541407	-0.421032	-1.034490	0.162077	0.198192	-0.037315	0.979453	0.035421	0.998895	0.030888	-0.979523	0.028571	0.199294
39882	10.256310	-0.326938	0.345779	-0.303048	-1.027628	0.176579	0.188221	-0.035227	0.981495	0.038053	0.998868	0.028553	-0.981389	0.031974	0.189348
39883	10.162174	-0.393639	0.298616	-0.196894	-1.002349	0.184835	0.178374	-0.032996	0.983409	0.039648	0.998867	0.026323	-0.983164	0.034295	0.179481
39884	9.869090	-0.355137	0.371410	-0.092035	-0.972065	0.186176	0.168921	-0.030780	0.985149	0.040227	0.998895	0.024312	-0.984808	0.035523	0.169973
39885	9.613056	-0.118364	0.414355	0.014296	-0.957250	0.198096	0.159494	-0.028408	0.986790	0.039761	0.998960	0.022332	-0.986398	0.035674	0.160457
39886	9.533203	0.299366	0.434789	0.105105	-0.914525	0.215870	0.150595	-0.025908	0.988256	0.038393	0.999056	0.020340	-0.987850	0.034879	0.151448
39887	9.405749	0.783572	0.433347	0.124500	-0.862702	0.221829	0.142078	-0.023343	0.989580	0.036840	0.999154	0.018279	-0.989170	0.033859	0.142818
39888	9.396238	1.087310	0.524546	0.100117	-0.828178	0.220575	0.133993	-0.020844	0.990763	0.035535	0.999237	0.016216	-0.990345	0.033034	0.134632
39889	9.461211	1.214891	0.641867	0.052695	-0.808674	0.205849	0.125980	-0.018469	0.991861	0.034748	0.999295	0.014194	-0.991424	0.032677	0.126533
39890	9.654851	1.155433	0.762460	0.017922	-0.789131	0.189307	0.118243	-0.016308	0.992851	0.034351	0.999334	0.012324	-0.992390	0.032648	0.118725
