// General information: 
//  MT Manager version: 2022.2.0 
//  XDA version: 2022.2.0 build 7381 rev 124627 built on 2023-07-19
// Device information: 
//  DeviceId: 00B4CBA7
//  ProductCode: MTW2-3A7G6
//  Firmware Version: 4.6.0
//  Hardware Version: 2.0.0
// Device settings: 
//  Filter Profile: human(46.1)
//  Option Flags: Orientation Smoother Disabled, Position/Velocity Smoother Disabled, Continuous Zero Rotation Update Disabled, AHS Disabled, ICC Disabled
// Coordinate system: ENU
PacketCounter	Acc_X	Acc_Y	Acc_Z	Gyr_X	Gyr_Y	Gyr_Z	Mat[1][1]	Mat[2][1]	Mat[3][1]	Mat[1][2]	Mat[2][2]	Mat[3][2]	Mat[1][3]	Mat[2][3]	Mat[3][3]
21751	9.685095	0.261571	-0.754132	0.010779	-0.019037	-0.003235	0.043117	0.072664	0.996424	0.745280	-0.666551	0.016358	0.665356	0.741909	-0.082895
21752	9.682248	0.229691	-0.744102	0.002750	-0.022396	-0.005315	0.043196	0.072883	0.996405	0.745301	-0.666525	0.016444	0.665327	0.741911	-0.083111
21753	9.722833	0.169507	-0.751278	0.009122	-0.025730	-0.005205	0.043326	0.073166	0.996378	0.745365	-0.666452	0.016528	0.665248	0.741949	-0.083410
21754	9.722642	0.169920	-0.753657	0.014345	-0.022785	-0.005113	0.043408	0.073387	0.996358	0.745463	-0.666340	0.016602	0.665132	0.742028	-0.083632
21755	9.741944	0.145184	-0.769593	0.007847	-0.028400	-0.004639	0.043559	0.073686	0.996330	0.745519	-0.666276	0.016682	0.665060	0.742056	-0.083957
21756	9.755006	0.204680	-0.907755	0.018059	-0.023701	-0.006244	0.043639	0.073920	0.996309	0.745642	-0.666136	0.016764	0.664916	0.742158	-0.084188
21757	9.725485	0.239549	-0.972684	0.007916	-0.023918	-0.004935	0.043758	0.074188	0.996284	0.745699	-0.666070	0.016847	0.664844	0.742191	-0.084467
21758	9.715392	0.249139	-1.051415	0.002951	-0.031789	-0.001907	0.043924	0.074453	0.996257	0.745720	-0.666045	0.016898	0.664810	0.742186	-0.084777
21759	9.732786	0.234582	-1.089628	-0.000778	-0.024746	-0.002115	0.044070	0.074708	0.996231	0.745716	-0.666049	0.016960	0.664805	0.742158	-0.085064
21760	9.728093	0.212848	-1.101741	0.002097	-0.019849	-0.000429	0.044168	0.074875	0.996214	0.745730	-0.666031	0.016997	0.664782	0.742156	-0.085254
21761	9.758060	0.220941	-1.075296	-0.004019	-0.021447	0.002586	0.044326	0.075074	0.996192	0.745705	-0.666059	0.017015	0.664800	0.742112	-0.085507
21762	9.773033	0.275812	-1.025259	-0.008796	-0.015896	0.004741	0.044436	0.075178	0.996180	0.745645	-0.666126	0.017009	0.664860	0.742041	-0.085656
21763	9.757742	0.220363	-1.078296	-0.021542	-0.009232	0.004537	0.044527	0.075273	0.996168	0.745502	-0.666286	0.017023	0.665015	0.741887	-0.085784
21764	9.727444	0.211955	-1.107633	-0.024033	-0.010106	0.005384	0.044604	0.075329	0.996161	0.745340	-0.666467	0.017025	0.665191	0.741719	-0.085873
21765	9.768109	0.151169	-1.113525	-0.021771	-0.010413	0.002745	0.044690	0.075446	0.996148	0.745195	-0.666629	0.017057	0.665348	0.741562	-0.086014
21766	9.734509	0.170080	-1.021450	-0.016466	-0.009117	0.003873	0.044749	0.075504	0.996141	0.745084	-0.666752	0.017067	0.665468	0.741445	-0.086094
21767	9.691032	0.198174	-1.005144	-0.017447	-0.006131	0.005941	0.044831	0.075568	0.996132	0.744967	-0.666883	0.017064	0.665594	0.741320	-0.086193
21768	9.716735	0.184350	-0.987184	-0.023154	-0.005321	0.000943	0.044842	0.075618	0.996128	0.744813	-0.667054	0.017109	0.665765	0.741162	-0.086234
21769	9.718520	0.174031	-0.965517	-0.023005	-0.002490	0.001692	0.044869	0.075683	0.996122	0.744660	-0.667224	0.017152	0.665934	0.741002	-0.086296
21770	9.714883	0.194841	-1.009487	-0.020131	0.002401	0.003383	0.044847	0.075660	0.996125	0.744525	-0.667374	0.017170	0.666087	0.740869	-0.086260
21771	9.680215	0.164987	-1.047762	-0.029605	-0.000335	-0.000200	0.044845	0.075721	0.996120	0.744329	-0.667591	0.017239	0.666306	0.740668	-0.086299
21772	9.685646	0.134125	-0.981987	-0.017269	-0.004901	-0.003868	0.044817	0.075800	0.996115	0.744216	-0.667715	0.017326	0.666434	0.740548	-0.086337
21773	9.722953	0.196715	-0.955679	-0.011671	0.002047	-0.001232	0.044793	0.075851	0.996113	0.744137	-0.667801	0.017389	0.666524	0.740465	-0.086356
21774	9.676929	0.193028	-0.926342	-0.010309	0.003077	-0.000761	0.044736	0.075851	0.996115	0.744069	-0.667875	0.017440	0.666603	0.740398	-0.086316
21775	9.669043	0.294147	-0.904633	-0.002577	0.000769	-0.000190	0.044725	0.075903	0.996112	0.744056	-0.667888	0.017485	0.666618	0.740381	-0.086348
21776	9.680773	0.274315	-0.806815	-0.015585	-0.004329	-0.000572	0.044718	0.075956	0.996108	0.743953	-0.668002	0.017539	0.666734	0.740273	-0.086380
21777	9.693929	0.238038	-0.852628	-0.006663	-0.002319	-0.001605	0.044719	0.076041	0.996101	0.743908	-0.668050	0.017601	0.666784	0.740221	-0.086442
21778	9.662089	0.342380	-0.827568	0.007792	0.002164	0.000286	0.044676	0.076041	0.996103	0.743961	-0.667991	0.017626	0.666728	0.740274	-0.086414
21779	9.672585	0.273422	-0.861715	-0.011363	-0.015118	0.004523	0.044806	0.076179	0.996087	0.743883	-0.668077	0.017632	0.666806	0.740182	-0.086602
21780	9.735368	0.219492	-0.893401	-0.003275	-0.007297	0.006314	0.044871	0.076208	0.996082	0.743859	-0.668105	0.017606	0.666828	0.740155	-0.086666
21781	9.705060	0.210710	-0.922883	-0.010809	-0.014392	0.009139	0.045030	0.076310	0.996067	0.743785	-0.668188	0.017566	0.666901	0.740068	-0.086847
21782	9.724388	0.184850	-0.937983	-0.003310	-0.017884	0.007917	0.045177	0.076407	0.996053	0.743760	-0.668217	0.017524	0.666919	0.740032	-0.087016
21783	9.773934	0.167419	-0.924711	-0.009103	-0.015421	0.001883	0.045290	0.076565	0.996035	0.743699	-0.668285	0.017555	0.666979	0.739955	-0.087208
21784	9.775161	0.150740	-1.069280	-0.018794	-0.007146	0.005459	0.045347	0.076599	0.996030	0.743571	-0.668426	0.017552	0.667117	0.739824	-0.087268
21785	9.731686	0.178736	-1.053085	-0.026411	-0.012592	0.007244	0.045480	0.076700	0.996016	0.743393	-0.668625	0.017544	0.667307	0.739634	-0.087428
21786	9.742045	0.109711	-1.087878	-0.024152	-0.012898	0.004604	0.045569	0.076782	0.996006	0.743230	-0.668805	0.017554	0.667482	0.739462	-0.087544
21787	9.763220	0.074126	-1.080468	-0.014279	-0.007759	0.000180	0.045618	0.076894	0.995995	0.743136	-0.668909	0.017605	0.667583	0.739357	-0.087657
21788	9.739254	0.077691	-1.077223	-0.006835	0.000976	-0.003677	0.045553	0.076929	0.995995	0.743093	-0.668955	0.017682	0.667636	0.739311	-0.087639
21789	9.718791	0.156412	-1.119305	0.003444	0.004007	-0.004237	0.045491	0.076985	0.995994	0.743118	-0.668924	0.017763	0.667612	0.739333	-0.087639
21790	9.672807	0.153034	-1.089838	-0.003305	0.003339	-0.006878	0.045387	0.077023	0.995996	0.743100	-0.668942	0.017868	0.667640	0.739313	-0.087597
21791	9.713897	0.194991	-1.018898	0.005526	0.006987	-0.008946	0.045270	0.077088	0.995996	0.743142	-0.668892	0.017993	0.667601	0.739352	-0.087568
21792	9.694474	0.221020	-1.004844	0.010212	0.003082	-0.012150	0.045128	0.077163	0.995997	0.743216	-0.668806	0.018140	0.667528	0.739422	-0.087531
21793	9.707137	0.244647	-0.940299	0.009378	0.008891	-0.009322	0.044995	0.077216	0.995999	0.743285	-0.668726	0.018265	0.667460	0.739489	-0.087483
21794	9.683258	0.248864	-0.935962	0.000141	0.007347	-0.011117	0.044833	0.077253	0.996003	0.743291	-0.668715	0.018410	0.667464	0.739495	-0.087402
21795	9.709064	0.236007	-0.916932	-0.004518	0.005137	-0.006597	0.044745	0.077315	0.996002	0.743264	-0.668742	0.018520	0.667500	0.739464	-0.087389
21796	9.658605	0.210948	-0.897345	0.000548	0.005242	-0.007255	0.044626	0.077342	0.996005	0.743272	-0.668730	0.018627	0.667500	0.739471	-0.087329
21797	9.710949	0.226807	-0.894136	0.003298	0.001183	-0.004993	0.044576	0.077422	0.996001	0.743299	-0.668698	0.018714	0.667473	0.739493	-0.087356
21798	9.675672	0.256568	-0.823072	-0.000786	-0.001902	-0.006409	0.044510	0.077496	0.995999	0.743297	-0.668697	0.018813	0.667479	0.739485	-0.087366
21799	9.714563	0.207020	-0.850615	-0.005912	-0.006478	-0.005471	0.044507	0.077637	0.995988	0.743263	-0.668732	0.018914	0.667518	0.739439	-0.087468
21800	9.714511	0.207755	-0.851033	0.006537	-0.002104	-0.009704	0.044418	0.077735	0.995984	0.743311	-0.668675	0.019040	0.667470	0.739480	-0.087482
21801	9.693917	0.286758	-0.893752	0.000516	-0.005345	-0.005656	0.044406	0.077868	0.995974	0.743317	-0.668666	0.019136	0.667464	0.739475	-0.087573
21802	9.713101	0.160280	-0.983667	-0.010803	-0.009873	-0.002741	0.044421	0.077976	0.995965	0.743246	-0.668742	0.019208	0.667541	0.739394	-0.087662
21803	9.721151	0.161555	-0.930686	-0.012164	-0.010900	-0.003214	0.044465	0.078133	0.995951	0.743166	-0.668829	0.019291	0.667628	0.739299	-0.087806
21804	9.716568	0.140315	-0.941900	-0.015118	-0.014137	-0.005951	0.044484	0.078295	0.995937	0.743069	-0.668934	0.019398	0.667735	0.739187	-0.087935
21805	9.694354	0.133711	-0.917687	-0.007242	-0.013619	-0.004629	0.044536	0.078482	0.995920	0.743020	-0.668986	0.019492	0.667786	0.739120	-0.088108
21806	9.725203	0.185428	-0.924552	-0.000473	-0.014537	-0.012545	0.044509	0.078691	0.995905	0.743023	-0.668978	0.019652	0.667785	0.739105	-0.088245
21807	9.747148	0.193718	-0.951184	0.000051	-0.007703	-0.009242	0.044487	0.078864	0.995892	0.743028	-0.668968	0.019784	0.667781	0.739095	-0.088359
21808	9.719384	0.218962	-0.992367	0.000947	-0.009037	-0.012354	0.044424	0.079031	0.995882	0.743040	-0.668950	0.019941	0.667771	0.739094	-0.088441
21809	9.717401	0.230432	-1.015235	0.000140	-0.009347	-0.008207	0.044419	0.079209	0.995868	0.743050	-0.668935	0.020063	0.667760	0.739089	-0.088569
21810	9.730654	0.296769	-0.986011	-0.003885	-0.007960	-0.009904	0.044367	0.079351	0.995859	0.743029	-0.668954	0.020200	0.667787	0.739056	-0.088640
21811	9.726798	0.318799	-1.030683	-0.010399	-0.007450	-0.010754	0.044331	0.079532	0.995846	0.742966	-0.669020	0.020356	0.667860	0.738977	-0.088748
21812	9.741058	0.230286	-1.020735	-0.020328	-0.000366	-0.008959	0.044236	0.079612	0.995844	0.742835	-0.669161	0.020498	0.668012	0.738841	-0.088740
21813	9.727652	0.165989	-1.051125	-0.018038	-0.006784	-0.010286	0.044200	0.079785	0.995832	0.742718	-0.669285	0.020657	0.668144	0.738709	-0.088840
21814	9.732040	0.188983	-1.041455	-0.006492	-0.001072	-0.011409	0.044091	0.079887	0.995828	0.742680	-0.669323	0.020811	0.668193	0.738664	-0.088842
21815	9.701748	0.182070	-1.069954	-0.001427	-0.000965	-0.012069	0.044003	0.080029	0.995821	0.742677	-0.669322	0.020973	0.668203	0.738650	-0.088888
21816	9.706170	0.205001	-1.059916	-0.003771	0.000985	-0.010465	0.043888	0.080109	0.995819	0.742656	-0.669340	0.021115	0.668233	0.738625	-0.088869
21817	9.759686	0.168408	-1.000965	-0.015758	0.003499	-0.014519	0.043751	0.080235	0.995815	0.742558	-0.669443	0.021315	0.668352	0.738518	-0.088868
21818	9.748961	0.136797	-1.042448	-0.009189	0.007460	-0.013948	0.043566	0.080291	0.995819	0.742503	-0.669498	0.021496	0.668425	0.738462	-0.088784
21819	9.730193	0.206379	-1.061791	0.001571	0.011282	-0.021484	0.043327	0.080405	0.995820	0.742521	-0.669469	0.021748	0.668420	0.738475	-0.088708
21820	9.732839	0.240503	-1.072408	-0.010439	0.015374	-0.014979	0.043082	0.080408	0.995831	0.742458	-0.669533	0.021941	0.668505	0.738418	-0.088545
21821	9.752447	0.217243	-1.084803	-0.018594	0.009208	-0.017821	0.042883	0.080515	0.995831	0.742342	-0.669655	0.022175	0.668648	0.738295	-0.088486
21822	9.706555	0.215279	-1.054335	-0.015099	0.017701	-0.022338	0.042568	0.080551	0.995841	0.742251	-0.669746	0.022446	0.668769	0.738208	-0.088299
21823	9.714849	0.218388	-0.998741	-0.016367	0.015030	-0.021779	0.042301	0.080640	0.995845	0.742150	-0.669849	0.022717	0.668898	0.738105	-0.088182
21824	9.680303	0.292368	-0.959699	-0.008441	0.020025	-0.020731	0.041982	0.080648	0.995858	0.742102	-0.669893	0.022966	0.668970	0.738065	-0.087973
21825	9.667151	0.330673	-0.912214	-0.005774	0.017613	-0.019508	0.041715	0.080704	0.995865	0.742071	-0.669920	0.023206	0.669022	0.738034	-0.087834
21826	9.695552	0.351221	-0.904294	-0.014734	0.011126	-0.018207	0.041474	0.080761	0.995870	0.741980	-0.670012	0.023434	0.669138	0.737944	-0.087711
21827	9.696848	0.299913	-0.847076	-0.008575	0.017209	-0.021495	0.041193	0.080833	0.995876	0.741935	-0.670053	0.023697	0.669205	0.737899	-0.087574
21828	9.703153	0.313409	-0.813671	-0.011342	0.010683	-0.022170	0.040927	0.080920	0.995880	0.741868	-0.670117	0.023962	0.669295	0.737831	-0.087457
21829	9.693800	0.228886	-0.798986	-0.018257	0.008755	-0.015014	0.040751	0.081010	0.995880	0.741751	-0.670240	0.024169	0.669436	0.737710	-0.087402
21830	9.719632	0.216773	-0.779996	-0.008092	0.002859	-0.015009	0.040590	0.081107	0.995879	0.741703	-0.670286	0.024360	0.669499	0.737657	-0.087364
21831	9.732343	0.278228	-0.914744	0.000957	0.007706	-0.015272	0.040418	0.081206	0.995878	0.741717	-0.670263	0.024552	0.669494	0.737667	-0.087322
21832	9.683213	0.339399	-0.962673	-0.013102	0.007222	-0.014635	0.040230	0.081268	0.995880	0.741636	-0.670346	0.024743	0.669595	0.737585	-0.087239
21833	9.738231	0.287225	-1.046955	-0.026081	0.002117	-0.015042	0.040099	0.081407	0.995874	0.741466	-0.670526	0.024957	0.669791	0.737406	-0.087247
21834	9.744763	0.198821	-1.090342	-0.030276	0.006806	-0.018819	0.039883	0.081500	0.995875	0.741271	-0.670732	0.025205	0.670020	0.737208	-0.087164
21835	9.779341	0.230976	-1.050868	-0.016392	0.010593	-0.021528	0.039646	0.081620	0.995875	0.741167	-0.670837	0.025474	0.670149	0.737100	-0.087090
21836	9.771325	0.232345	-1.103662	-0.020998	0.012836	-0.017288	0.039401	0.081658	0.995881	0.741034	-0.670976	0.025699	0.670311	0.736969	-0.086949
21837	9.800959	0.338814	-1.162809	-0.008374	0.024544	-0.021019	0.039074	0.081671	0.995893	0.740989	-0.671016	0.025956	0.670380	0.736931	-0.086737
21838	9.812719	0.315650	-1.227996	-0.030602	0.024016	-0.024564	0.038700	0.081677	0.995907	0.740794	-0.671219	0.026262	0.670617	0.736745	-0.086482
21839	9.772381	0.277093	-1.295497	-0.027420	0.039034	-0.021609	0.038272	0.081588	0.995931	0.740619	-0.671401	0.026541	0.670834	0.736590	-0.086121
21840	9.742832	0.276310	-1.154689	-0.001480	0.038662	-0.019187	0.037840	0.081449	0.995959	0.740617	-0.671394	0.026768	0.670862	0.736611	-0.085728
21841	9.684320	0.213352	-0.986809	0.025814	0.039320	-0.016283	0.037449	0.081323	0.995984	0.740796	-0.671189	0.026949	0.670685	0.736812	-0.085379
21842	9.677932	0.165524	-0.815830	0.058177	0.040105	-0.014025	0.037046	0.081138	0.996014	0.741192	-0.670747	0.027073	0.670271	0.737234	-0.084987
21843	9.672637	0.203431	-0.712662	0.082106	0.035206	-0.017471	0.036674	0.081050	0.996035	0.741750	-0.670123	0.027219	0.669673	0.737811	-0.084695
21844	9.734766	0.354612	-0.588283	0.108529	0.037249	-0.011474	0.036309	0.080869	0.996063	0.742481	-0.669311	0.027276	0.668882	0.738568	-0.084346
21845	9.749627	0.409592	-0.532836	0.155783	0.040532	-0.003463	0.036005	0.080646	0.996092	0.743526	-0.668153	0.027219	0.667737	0.739640	-0.084019
21846	9.745125	0.482710	-0.628220	0.223786	0.069657	0.001203	0.035518	0.080139	0.996151	0.745018	-0.666495	0.027055	0.666098	0.741189	-0.083378
21847	9.617672	0.639944	-0.618758	0.241441	0.059298	0.009696	0.035188	0.079687	0.996199	0.746622	-0.664708	0.026798	0.664317	0.742841	-0.082886
21848	9.572370	0.626227	-0.752089	0.198669	0.037530	0.020686	0.035063	0.079287	0.996235	0.747933	-0.663246	0.026462	0.662847	0.744190	-0.082557
21849	9.470054	0.581185	-0.734862	0.156194	0.013603	0.024036	0.035144	0.079079	0.996249	0.748959	-0.662100	0.026135	0.661683	0.745231	-0.082496
21850	9.502835	0.473240	-0.759786	0.133327	-0.013444	0.031079	0.035434	0.078991	0.996245	0.749830	-0.661129	0.025750	0.660681	0.746102	-0.082656
21851	9.557853	0.421967	-0.681028	0.115182	-0.033795	0.033312	0.035898	0.079075	0.996222	0.750576	-0.660297	0.025365	0.659808	0.746830	-0.083056
21852	9.561257	0.397300	-0.641698	0.110260	-0.058367	0.039372	0.036548	0.079268	0.996183	0.751289	-0.659503	0.024915	0.658960	0.747511	-0.083657
21853	9.607587	0.446429	-0.546640	0.111024	-0.077559	0.049079	0.037416	0.079577	0.996126	0.752005	-0.658707	0.024375	0.658095	0.748179	-0.084488
21854	9.594225	0.383137	-0.419249	0.094463	-0.095653	0.053604	0.038417	0.079956	0.996058	0.752606	-0.658041	0.023795	0.657350	0.748725	-0.085456
21855	9.677438	0.340716	-0.507402	0.080751	-0.119403	0.061479	0.039651	0.080498	0.995966	0.753118	-0.657478	0.023157	0.656690	0.749161	-0.086694
21856	9.655613	0.369455	-0.528499	0.085131	-0.125564	0.066254	0.040943	0.081020	0.995871	0.753650	-0.656892	0.022457	0.655999	0.749619	-0.087956
21857	9.669063	0.367433	-0.621492	0.061090	-0.146259	0.073393	0.042443	0.081685	0.995754	0.754020	-0.656493	0.021715	0.655479	0.749897	-0.089455
21858	9.682842	0.406949	-0.750641	0.051307	-0.157418	0.079183	0.044040	0.082363	0.995629	0.754322	-0.656171	0.020915	0.655026	0.750104	-0.091026
21859	9.620413	0.536682	-0.805567	0.031878	-0.161970	0.089594	0.045763	0.083040	0.995495	0.754492	-0.656003	0.020037	0.654711	0.750176	-0.092674
21860	9.584051	0.455000	-0.824758	-0.006341	-0.170937	0.094787	0.047566	0.083717	0.995354	0.754407	-0.656128	0.019134	0.654681	0.749992	-0.094366
21861	9.562450	0.386706	-0.759412	-0.013681	-0.190055	0.100312	0.049551	0.084534	0.995188	0.754270	-0.656312	0.018193	0.654692	0.749739	-0.096283
21862	9.580605	0.370413	-0.647858	-0.000249	-0.194058	0.103867	0.051574	0.085324	0.995018	0.754217	-0.656401	0.017194	0.654597	0.749572	-0.098206
21863	9.626776	0.466187	-0.622390	0.025998	-0.196867	0.116695	0.053726	0.086082	0.994838	0.754328	-0.656302	0.016052	0.654296	0.749572	-0.100195
21864	9.588779	0.589065	-0.684174	0.042350	-0.198707	0.132676	0.055996	0.086718	0.994658	0.754533	-0.656097	0.014724	0.653869	0.749678	-0.102170
21865	9.576431	0.654656	-0.693340	0.036880	-0.204846	0.150288	0.058451	0.087317	0.994464	0.754691	-0.655947	0.013236	0.653471	0.749740	-0.104238
21866	9.634714	0.689696	-0.857614	0.023892	-0.204753	0.158353	0.060952	0.087830	0.994269	0.754754	-0.655904	0.011671	0.653170	0.749717	-0.106269
21867	9.597971	0.530499	-0.966579	-0.007484	-0.211041	0.165186	0.063558	0.088377	0.994057	0.754602	-0.656105	0.010083	0.653097	0.749477	-0.108391
21868	9.740506	0.435074	-1.251929	-0.019221	-0.191724	0.169710	0.066060	0.088717	0.993864	0.754368	-0.656397	0.008452	0.653119	0.749181	-0.110287
21869	9.848748	0.340208	-1.585891	-0.024214	-0.177234	0.186857	0.068606	0.088868	0.993678	0.754089	-0.656738	0.006670	0.653179	0.748864	-0.112070
21870	9.806458	0.325012	-1.839993	-0.019850	-0.170559	0.197484	0.071178	0.088864	0.993497	0.753823	-0.657060	0.004765	0.653211	0.748582	-0.113756
21871	9.728770	0.379219	-1.922708	-0.052604	-0.162294	0.210784	0.073807	0.088745	0.993316	0.753329	-0.657638	0.002780	0.653489	0.748088	-0.115392
21872	9.672927	0.138097	-1.899784	-0.096344	-0.161064	0.210777	0.076416	0.088579	0.993134	0.752542	-0.658544	0.000833	0.654096	0.747311	-0.116983
21873	9.751425	-0.136959	-1.932812	-0.085567	-0.140152	0.208699	0.078883	0.088304	0.992965	0.751824	-0.659363	-0.001089	0.654629	0.746621	-0.118402
21874	9.892321	-0.218325	-2.069095	-0.014481	-0.100537	0.209420	0.081084	0.087690	0.992842	0.751563	-0.659654	-0.003117	0.654659	0.746436	-0.119393
21875	9.825507	-0.040210	-2.059789	0.021855	-0.067273	0.212576	0.083105	0.086844	0.992750	0.751534	-0.659673	-0.005205	0.654438	0.746518	-0.120088
21876	9.850805	0.047257	-2.018703	0.012914	-0.066814	0.221315	0.085174	0.085900	0.992656	0.751435	-0.659766	-0.007383	0.654287	0.746545	-0.120743
21877	9.733717	0.116051	-1.916358	-0.006360	-0.046775	0.226637	0.087166	0.084810	0.992577	0.751200	-0.660005	-0.009575	0.654294	0.746458	-0.121239
21878	9.701060	-0.049896	-1.822006	-0.022227	-0.039880	0.221870	0.089062	0.083659	0.992506	0.750861	-0.660357	-0.011716	0.654428	0.746278	-0.121630
21879	9.732529	-0.171828	-1.551622	-0.022076	-0.039688	0.221731	0.090972	0.082548	0.992426	0.750516	-0.660708	-0.013840	0.654561	0.746091	-0.122060
21880	9.778539	-0.257325	-1.373609	0.004993	-0.035538	0.219009	0.092817	0.081383	0.992352	0.750349	-0.660848	-0.015986	0.654493	0.746094	-0.122404
21881	9.801085	-0.111325	-1.273567	0.041763	-0.017765	0.226758	0.094621	0.080075	0.992288	0.750408	-0.660724	-0.018238	0.654168	0.746346	-0.122607
21882	9.753962	0.179651	-1.151576	0.027705	-0.008995	0.242587	0.096469	0.078556	0.992231	0.750359	-0.660708	-0.020644	0.653953	0.746521	-0.122683
21883	9.881216	0.053873	-1.183542	0.033552	0.018287	0.248704	0.098200	0.076833	0.992196	0.750339	-0.660650	-0.023104	0.653719	0.746752	-0.122527
21884	9.696804	0.005324	-1.201311	0.004416	0.035675	0.239212	0.099731	0.075003	0.992184	0.750133	-0.660797	-0.025449	0.653723	0.746808	-0.122164
21885	9.607367	-0.203611	-1.222726	-0.030845	0.004291	0.251811	0.101575	0.073364	0.992119	0.749679	-0.661215	-0.027859	0.653960	0.746601	-0.122162
21886	9.666165	-0.336156	-1.198531	-0.080129	-0.012056	0.245161	0.103459	0.071848	0.992035	0.748906	-0.661990	-0.030159	0.654550	0.746061	-0.122297
21887	9.688405	-0.545254	-1.289938	-0.118079	-0.024159	0.235395	0.105362	0.070525	0.991930	0.747893	-0.663033	-0.032300	0.655405	0.745260	-0.122604
21888	9.652117	-0.835307	-1.470179	-0.170972	-0.021938	0.217402	0.107100	0.069262	0.991833	0.746543	-0.664457	-0.034212	0.656661	0.744110	-0.122870
21889	9.692868	-1.216190	-1.675826	-0.162671	-0.028032	0.195486	0.108727	0.068226	0.991728	0.745267	-0.665799	-0.035903	0.657842	0.743005	-0.123237
21890	9.716334	-1.208714	-1.563450	-0.106081	-0.031953	0.176415	0.110220	0.067305	0.991626	0.744378	-0.666705	-0.037487	0.658599	0.742276	-0.123585
21891	9.692495	-1.124372	-1.653570	-0.016163	-0.030881	0.163199	0.111623	0.066502	0.991523	0.744098	-0.666929	-0.039037	0.658679	0.742148	-0.123929
21892	9.522052	-0.648050	-1.597824	0.052287	-0.020304	0.151026	0.112850	0.065663	0.991440	0.744276	-0.666639	-0.040565	0.658269	0.742482	-0.124101
21893	9.638816	-0.405989	-1.381234	-0.013965	-0.023302	0.124433	0.113916	0.065062	0.991358	0.744049	-0.666820	-0.041735	0.658342	0.742373	-0.124370
21894	9.607257	-0.436765	-1.253534	-0.055088	0.012018	0.091394	0.114486	0.064380	0.991337	0.743585	-0.667287	-0.042539	0.658767	0.742013	-0.124267
21895	9.407491	-0.721248	-1.608441	-0.107571	0.075180	0.035865	0.114245	0.063637	0.991412	0.742839	-0.668105	-0.042716	0.659650	0.741340	-0.123599
21896	9.703088	-0.376573	-1.221379	0.051530	-0.015605	0.102774	0.115080	0.063083	0.991351	0.743064	-0.667787	-0.043764	0.659251	0.741674	-0.123724
21897	9.705419	-0.172110	-0.900371	0.203933	0.050508	0.107818	0.115539	0.062042	0.991363	0.744285	-0.666341	-0.045042	0.657792	0.743061	-0.123166
21898	9.322341	0.008553	-0.580197	0.253594	0.083598	0.108620	0.115768	0.060715	0.991419	0.745828	-0.664521	-0.046395	0.656001	0.744799	-0.122213
21899	9.327658	-0.086605	-0.450779	0.285425	0.058931	0.110463	0.116193	0.059595	0.991437	0.747575	-0.662456	-0.047793	0.653935	0.746727	-0.121525
21900	9.353118	-0.025693	-0.253080	0.296315	0.020854	0.122964	0.116946	0.058643	0.991405	0.749369	-0.660312	-0.049337	0.651744	0.748698	-0.121166
21901	9.543107	-0.000149	-0.089419	0.273384	-0.022826	0.136666	0.118106	0.057964	0.991308	0.750988	-0.658345	-0.050979	0.649667	0.750482	-0.121284
21902	9.468608	-0.182248	-0.163716	0.210298	-0.052812	0.155666	0.119587	0.057354	0.991166	0.752171	-0.656854	-0.052743	0.648026	0.751833	-0.121691
21903	9.485872	-0.134910	-0.009739	0.169893	-0.117269	0.164989	0.121571	0.057203	0.990933	0.753072	-0.655674	-0.054539	0.646609	0.752874	-0.122789
21904	9.404648	-0.087028	0.012424	0.103650	-0.173412	0.173112	0.123964	0.057392	0.990626	0.753532	-0.654991	-0.056348	0.645617	0.753454	-0.124442
21905	9.536990	-0.196193	-0.139661	0.018816	-0.214184	0.174326	0.126639	0.057911	0.990257	0.753438	-0.654952	-0.058051	0.645209	0.753448	-0.126575
21906	9.624926	-0.465481	-0.472655	-0.073551	-0.255474	0.177245	0.129592	0.058690	0.989829	0.752739	-0.655608	-0.059678	0.645438	0.752817	-0.129140
21907	9.642621	-0.676799	-0.832187	-0.132278	-0.292227	0.177046	0.132788	0.059773	0.989340	0.751654	-0.656711	-0.061210	0.646052	0.751770	-0.132132
21908	9.762919	-0.966160	-1.214765	-0.217117	-0.312517	0.170580	0.136059	0.061015	0.988820	0.750024	-0.658444	-0.062572	0.647265	0.750153	-0.135350
21909	9.799956	-1.407385	-1.826189	-0.253454	-0.308565	0.166378	0.139281	0.062275	0.988293	0.748156	-0.660446	-0.063822	0.648740	0.748286	-0.138579
21910	9.813051	-1.470011	-2.076046	-0.256634	-0.324488	0.148686	0.142469	0.063734	0.987745	0.746284	-0.662457	-0.064897	0.650203	0.746384	-0.141943
21911	9.866628	-1.572493	-2.323294	-0.230309	-0.313177	0.129085	0.145448	0.065257	0.987211	0.744603	-0.664258	-0.065795	0.651469	0.744650	-0.145206
21912	9.939861	-1.266016	-2.433558	-0.188072	-0.282144	0.106937	0.148052	0.066662	0.986730	0.743224	-0.665726	-0.066540	0.652456	0.743213	-0.148107
21913	9.899528	-1.224207	-2.546323	-0.203527	-0.268281	0.094282	0.150487	0.068070	0.986266	0.741758	-0.667300	-0.067123	0.653567	0.741671	-0.150911
21914	9.826533	-1.350227	-2.625435	-0.175669	-0.241249	0.066803	0.152529	0.069429	0.985857	0.740512	-0.668647	-0.067480	0.654505	0.740332	-0.153401
21915	9.766115	-1.415459	-2.592801	-0.103783	-0.217857	0.048015	0.154298	0.070764	0.985487	0.739759	-0.669452	-0.067753	0.654942	0.739477	-0.155643
21916	9.766731	-1.149371	-2.404688	-0.023487	-0.194280	0.026209	0.155733	0.072042	0.985169	0.739569	-0.669643	-0.067940	0.654817	0.739181	-0.157566
21917	9.702901	-0.759124	-2.065255	-0.000981	-0.171552	0.015356	0.156958	0.073253	0.984885	0.739541	-0.669662	-0.068051	0.654555	0.739044	-0.159283
21918	9.571990	-0.591808	-1.795979	-0.026040	-0.154844	0.001453	0.157952	0.074405	0.984640	0.739373	-0.669854	-0.067989	0.654506	0.738755	-0.160817
21919	9.673792	-0.567569	-1.373841	0.043767	-0.119230	-0.001720	0.158707	0.075343	0.984447	0.739665	-0.669531	-0.068004	0.653994	0.738954	-0.161988
21920	9.534431	-0.693160	-1.182511	0.073879	-0.079888	-0.016898	0.159074	0.076064	0.984332	0.740179	-0.668970	-0.067923	0.653322	0.739387	-0.162717
21921	9.363898	-0.652517	-0.961715	0.102297	-0.107987	-0.018389	0.159630	0.077031	0.984167	0.740879	-0.668201	-0.067869	0.652393	0.739982	-0.163736
21922	9.274646	-0.498397	-0.617753	0.074295	-0.143591	-0.021504	0.160377	0.078255	0.983949	0.741402	-0.667633	-0.067745	0.651615	0.740366	-0.165091
21923	9.275568	-0.578706	-0.319676	-0.013369	-0.209571	-0.017364	0.161599	0.079965	0.983611	0.741346	-0.667718	-0.067513	0.651377	0.740106	-0.167185
21924	9.277264	-0.735280	-0.171779	-0.021976	-0.248932	-0.013823	0.163087	0.081917	0.983205	0.741230	-0.667868	-0.067306	0.651138	0.739758	-0.169640
21925	9.213934	-0.698332	0.152730	-0.040179	-0.326943	-0.012197	0.165109	0.084457	0.982652	0.740991	-0.668156	-0.067078	0.650900	0.739212	-0.172901
21926	9.330736	-0.726872	0.417135	-0.055721	-0.392705	-0.007226	0.167581	0.087424	0.981974	0.740645	-0.668560	-0.066875	0.650662	0.738502	-0.176788
21927	9.491265	-0.849581	0.406501	-0.071043	-0.452812	0.003193	0.170531	0.090782	0.981161	0.740181	-0.669087	-0.066740	0.650423	0.737619	-0.181295
21928	9.295497	-0.583885	0.351846	-0.017850	-0.509138	0.016132	0.173929	0.094445	0.980219	0.740042	-0.669231	-0.066832	0.649681	0.737027	-0.186292
21929	9.184145	-0.095116	0.415697	-0.037744	-0.600987	0.038843	0.178097	0.098645	0.979056	0.739733	-0.669546	-0.067102	0.648904	0.736191	-0.192215
21930	9.167552	-0.423440	0.476126	-0.138147	-0.697933	0.047158	0.182943	0.103478	0.977663	0.738757	-0.670607	-0.067260	0.648668	0.734560	-0.199128
21931	9.578622	-0.742297	-0.107390	-0.057089	-0.744190	0.053976	0.188139	0.108608	0.976119	0.738292	-0.671082	-0.067632	0.647711	0.733385	-0.206441
21932	9.587469	-0.165246	-0.639685	-0.033183	-0.769696	0.075922	0.193649	0.113756	0.974453	0.737937	-0.671407	-0.068268	0.646489	0.732306	-0.213963
21933	9.529685	-0.118456	-1.394865	-0.162084	-0.827537	0.117055	0.199831	0.119048	0.972571	0.736665	-0.672727	-0.069015	0.646059	0.730251	-0.222130
21934	9.500482	-0.352853	-2.051271	-0.227224	-0.860802	0.127851	0.206302	0.124479	0.970538	0.734944	-0.674536	-0.069709	0.645986	0.727672	-0.230643
21935	9.406235	-0.540690	-2.238040	-0.241286	-0.893909	0.126216	0.212972	0.130145	0.968352	0.733126	-0.676447	-0.070325	0.645886	0.724901	-0.239477
21936	9.258251	-0.992768	-1.887069	-0.299388	-0.954935	0.109400	0.219911	0.136328	0.965947	0.730962	-0.678754	-0.070618	0.646013	0.721600	-0.248916
21937	9.555253	-2.022359	-1.702162	-0.303962	-1.005951	0.067481	0.226871	0.143137	0.963349	0.728854	-0.681034	-0.070457	0.645988	0.718126	-0.258833
21938	10.180880	-2.055662	-1.985884	-0.076719	-0.983449	0.030754	0.233410	0.149998	0.960739	0.728296	-0.681625	-0.070517	0.644287	0.716162	-0.268341
21939	10.169906	-0.711619	-2.017842	0.001794	-0.974658	0.050621	0.240017	0.156649	0.958046	0.728194	-0.681686	-0.070971	0.641969	0.714678	-0.277687
21940	9.852153	-0.183351	-1.832389	-0.179530	-1.029653	0.099226	0.247313	0.163334	0.955070	0.726808	-0.683121	-0.071380	0.640770	0.711806	-0.287657
21941	9.934498	-0.467103	-1.907283	-0.259544	-1.048606	0.089702	0.254648	0.170187	0.951941	0.724929	-0.685109	-0.071438	0.640026	0.708281	-0.297835
21942	10.247733	-0.251318	-1.985521	-0.238914	-1.044773	0.074081	0.261836	0.177079	0.948728	0.723217	-0.686921	-0.071385	0.639061	0.704828	-0.307927
21943	10.423711	0.472243	-1.651836	-0.348311	-1.048113	0.091989	0.269163	0.183831	0.945387	0.720756	-0.689530	-0.071128	0.638797	0.700539	-0.318093
21944	10.763181	0.817476	-1.049873	-0.564785	-1.109182	0.122258	0.277103	0.190741	0.941717	0.716820	-0.693693	-0.070422	0.639831	0.694556	-0.328951
21945	10.785107	0.914507	-0.832481	-0.563453	-1.129309	0.108327	0.285069	0.197816	0.937872	0.712917	-0.697795	-0.069514	0.640691	0.688441	-0.339946
21946	10.021726	0.888985	-1.275576	-0.517901	-1.124918	0.099201	0.292955	0.204852	0.933924	0.709320	-0.701539	-0.068621	0.641127	0.682553	-0.350825
21947	9.620516	0.895513	-1.750655	-0.564469	-1.180249	0.107758	0.301242	0.212130	0.929653	0.705389	-0.705593	-0.067569	0.641623	0.676121	-0.362188
21948	9.891523	0.643746	-2.395660	-0.564012	-1.224816	0.114222	0.309876	0.219581	0.925073	0.701430	-0.709628	-0.066520	0.641851	0.669487	-0.373917
21949	9.975247	0.783407	-3.030662	-0.525460	-1.187046	0.131456	0.318366	0.226573	0.920493	0.697655	-0.713416	-0.065691	0.641811	0.663101	-0.385197
21950	9.607836	0.948823	-3.432678	-0.627622	-1.174673	0.153567	0.326947	0.233241	0.915808	0.693139	-0.717901	-0.064616	0.642389	0.655909	-0.396384
21951	9.574127	0.676478	-3.503462	-0.692919	-1.227314	0.167933	0.335944	0.240052	0.910778	0.688140	-0.722810	-0.063313	0.643121	0.648013	-0.408013
21952	9.776733	0.408204	-3.250333	-0.652732	-1.274316	0.162402	0.345225	0.247102	0.905406	0.683399	-0.727403	-0.062054	0.643261	0.640176	-0.419987
21953	9.957025	0.106818	-3.046980	-0.623881	-1.293837	0.140824	0.354451	0.254328	0.899823	0.678906	-0.731719	-0.060615	0.643001	0.632380	-0.432024
21954	10.285174	-0.167992	-3.018564	-0.574461	-1.293641	0.109411	0.363477	0.261678	0.894097	0.674833	-0.735604	-0.059048	0.642250	0.624829	-0.443964
21955	10.429258	-0.199734	-3.071712	-0.590244	-1.273970	0.082857	0.372156	0.268997	0.888336	0.670752	-0.739482	-0.057079	0.641554	0.617096	-0.455633
21956	10.688144	-0.493069	-3.264578	-0.664882	-1.286046	0.052394	0.380726	0.276511	0.882377	0.666302	-0.743692	-0.054443	0.641162	0.608658	-0.467383
21957	10.764756	-0.773628	-3.472431	-0.662497	-1.250883	0.032789	0.388903	0.283845	0.876463	0.661943	-0.747780	-0.051546	0.640770	0.600214	-0.478703
21958	10.303660	-1.655583	-4.452405	-0.582850	-1.326533	0.100527	0.398029	0.291020	0.869988	0.657829	-0.751535	-0.049568	0.639401	0.592033	-0.490574
21959	10.722488	-0.875153	-3.683527	-0.477057	-1.354970	0.138154	0.407524	0.297965	0.863215	0.654241	-0.754739	-0.048346	0.637097	0.584453	-0.502516
21960	9.842971	-1.799056	-4.553299	-0.566218	-1.263098	0.136924	0.416428	0.304282	0.856738	0.650087	-0.758428	-0.046617	0.635590	0.576367	-0.513640
21961	9.981830	-2.186891	-4.659231	-0.405089	-1.333318	0.182716	0.426007	0.310542	0.849754	0.646763	-0.761301	-0.046025	0.632626	0.569196	-0.525167
21962	10.039604	-1.940503	-4.714579	-0.232914	-1.337194	0.234677	0.435926	0.316347	0.842552	0.644297	-0.763346	-0.046744	0.628371	0.563230	-0.536584
21963	9.631678	-1.189029	-4.072898	-0.141505	-1.304903	0.262287	0.445723	0.321666	0.835381	0.642270	-0.764966	-0.048135	0.623555	0.557995	-0.547560
21964	9.632784	-0.389953	-4.149299	-0.237632	-1.268873	0.300737	0.455509	0.326427	0.828225	0.639452	-0.767249	-0.049293	0.619364	0.552064	-0.558224
21965	9.361268	-0.447514	-4.722280	-0.520063	-1.226503	0.312321	0.465022	0.330753	0.821192	0.634815	-0.771115	-0.048898	0.617061	0.544044	-0.568553
21966	8.999929	-0.730254	-5.112942	-0.531828	-1.189252	0.333586	0.474430	0.334619	0.814215	0.629988	-0.775086	-0.048546	0.614843	0.535977	-0.578530
21967	8.662664	-0.636502	-5.418938	-0.418193	-1.125083	0.363457	0.483554	0.337791	0.807510	0.625698	-0.778524	-0.049015	0.612109	0.528959	-0.587814
21968	8.451433	-0.058793	-5.674714	-0.349559	-1.034458	0.376212	0.492192	0.340319	0.801205	0.621743	-0.781627	-0.049943	0.609247	0.522726	-0.596302
21969	8.192326	0.218619	-5.772004	-0.366698	-0.919513	0.394302	0.500167	0.342015	0.795524	0.617574	-0.784867	-0.050852	0.606988	0.516729	-0.603785
21970	7.953628	0.204432	-5.678023	-0.391209	-0.764049	0.373629	0.507073	0.343026	0.790702	0.613337	-0.788146	-0.051412	0.605553	0.511037	-0.610038
21971	7.456290	-0.436767	-6.221340	-0.437137	-0.554307	0.319801	0.512324	0.343325	0.787180	0.609078	-0.791455	-0.051219	0.605432	0.505694	-0.614593
21972	7.924475	-1.930840	-6.599937	-0.251554	-0.397936	0.274109	0.516372	0.343182	0.784593	0.606162	-0.793653	-0.051795	0.604919	0.502336	-0.617844
21973	8.629341	-2.581158	-6.136447	0.366135	-0.131229	0.244833	0.518591	0.341908	0.783685	0.607123	-0.792636	-0.055941	0.602051	0.504804	-0.618634
21974	8.813781	-1.495977	-5.283500	0.982520	0.169912	0.232948	0.518966	0.339225	0.784602	0.611822	-0.788418	-0.063808	0.596949	0.513151	-0.616707
21975	8.485963	0.121096	-4.717796	1.148545	0.466615	0.221396	0.517495	0.335069	0.787355	0.617523	-0.783198	-0.072571	0.592338	0.523765	-0.612214
21976	7.906709	0.969179	-4.785011	1.009536	0.749770	0.175236	0.514123	0.329758	0.791794	0.622604	-0.778430	-0.080073	0.589951	0.534141	-0.605517
21977	7.709075	1.354051	-4.881378	0.675992	1.000228	0.122223	0.508919	0.323426	0.797745	0.625989	-0.775178	-0.085071	0.590880	0.542673	-0.596964
21978	7.739195	1.243994	-4.954192	0.362542	1.221072	0.045388	0.501938	0.316430	0.804941	0.627925	-0.773333	-0.087552	0.594784	0.549388	-0.586860
21979	7.797535	0.843103	-4.950325	0.155148	1.431311	-0.038738	0.493072	0.308830	0.813329	0.629065	-0.772345	-0.088096	0.600964	0.555074	-0.575096
21980	7.700234	0.621364	-4.835175	0.030737	1.675324	-0.128286	0.482103	0.300498	0.822969	0.629892	-0.771773	-0.087192	0.608944	0.560417	-0.561355
21981	7.463784	0.470252	-4.913870	-0.089474	1.909054	-0.201680	0.469046	0.291315	0.833746	0.630320	-0.771670	-0.084978	0.618621	0.565385	-0.545570
21982	7.400913	0.112330	-5.068860	-0.180562	2.118130	-0.258424	0.454171	0.281306	0.845338	0.630401	-0.771947	-0.081810	0.629542	0.570057	-0.527931
21983	7.339273	-0.224516	-5.291172	-0.157068	2.312349	-0.289163	0.437588	0.270304	0.857585	0.630709	-0.772040	-0.078483	0.640876	0.575230	-0.508319
21984	7.362819	-0.452718	-5.420438	-0.063267	2.487074	-0.333182	0.419381	0.258514	0.870224	0.631742	-0.771517	-0.075259	0.651937	0.581319	-0.486874
21985	7.411503	-0.672579	-5.629068	0.072024	2.658237	-0.398501	0.399318	0.246045	0.883180	0.633862	-0.770083	-0.072055	0.662393	0.588587	-0.463466
21986	7.501559	-0.846914	-5.442829	0.258027	2.821853	-0.461382	0.377533	0.232880	0.896234	0.637388	-0.767440	-0.069082	0.671718	0.597329	-0.438169
21987	7.555269	-0.955806	-5.395709	0.420837	2.977319	-0.537510	0.353901	0.219072	0.909264	0.642211	-0.763684	-0.065963	0.679940	0.607284	-0.410959
21988	7.733817	-1.097826	-5.273427	0.587933	3.105471	-0.613766	0.328690	0.204733	0.921980	0.648335	-0.758774	-0.062642	0.686750	0.618341	-0.382137
21989	7.762062	-1.103716	-4.956440	0.762639	3.217214	-0.690499	0.301940	0.189873	0.934227	0.655781	-0.752644	-0.058978	0.691942	0.630456	-0.351768
21990	7.796928	-1.055845	-4.693160	0.918658	3.286892	-0.770627	0.274022	0.174731	0.945717	0.664382	-0.745382	-0.054788	0.695348	0.643331	-0.320339
21991	8.151289	-0.892688	-4.353696	1.073548	3.324107	-0.847871	0.245141	0.159416	0.956291	0.674065	-0.736982	-0.049937	0.696808	0.656844	-0.288122
21992	8.420095	-0.558416	-3.850809	1.137320	3.401448	-0.938221	0.215034	0.143735	0.965971	0.684157	-0.728008	-0.043973	0.696914	0.670332	-0.254884
21993	8.649093	-0.213674	-3.368639	1.095516	3.443186	-1.034759	0.183853	0.127936	0.974592	0.693859	-0.719186	-0.036485	0.696245	0.682938	-0.220994
21994	9.108888	0.023523	-2.968664	0.940287	3.480439	-1.122488	0.151764	0.112023	0.982048	0.702292	-0.711362	-0.027385	0.695524	0.693840	-0.186632
21995	9.259937	0.171353	-2.481060	0.820404	3.470929	-1.166110	0.119343	0.096045	0.988197	0.709578	-0.704416	-0.017230	0.694447	0.703259	-0.152218
21996	9.531253	0.718685	-1.606947	0.658176	3.414877	-1.190719	0.087131	0.080270	0.992958	0.715377	-0.698710	-0.006290	0.693284	0.710888	-0.118302
21997	9.826474	0.839576	-1.273124	0.424611	3.379977	-1.213243	0.054939	0.064619	0.996397	0.719182	-0.694801	0.005405	0.692646	0.716294	-0.084644
21998	9.990650	1.298580	-0.859433	0.182465	3.295549	-1.201342	0.023429	0.049313	0.998509	0.720917	-0.692805	0.017299	0.692625	0.719437	-0.051782
21999	11.179226	1.437964	-0.150692	-0.084271	3.137574	-1.137837	-0.006584	0.034629	0.999379	0.720426	-0.692935	0.028757	0.693501	0.720168	-0.020386
22000	12.508641	2.251290	2.300530	-0.177793	2.945936	-1.078481	-0.034818	0.020915	0.999175	0.718967	-0.693916	0.039579	0.694171	0.719752	0.009124
22001	11.225032	2.583933	1.290157	-0.555513	2.647611	-0.945799	-0.060083	0.008504	0.998157	0.714648	-0.697768	0.048962	0.696899	0.716273	0.035847
22002	10.031955	2.192504	1.251045	-0.916156	2.046121	-0.724758	-0.079580	-0.000988	0.996828	0.707730	-0.704275	0.055802	0.701986	0.709926	0.056746
22003	9.092432	0.361240	0.710898	-1.150716	1.483613	-0.523618	-0.093801	-0.007730	0.995561	0.699151	-0.712423	0.060342	0.708794	0.701707	0.072231
22004	8.138678	-0.288499	0.136292	-0.942585	0.963033	-0.250414	-0.102426	-0.012644	0.994660	0.692193	-0.719032	0.062139	0.714407	0.694862	0.082399
22005	7.336476	-0.310825	-0.611127	-0.699193	0.499307	0.011379	-0.105996	-0.016162	0.994235	0.687186	-0.723874	0.061494	0.718708	0.689742	0.087834
22006	6.699511	0.181687	-2.216940	-0.521823	0.036414	0.223502	-0.104756	-0.018014	0.994335	0.683657	-0.727427	0.058846	0.722246	0.685948	0.088518
22007	6.962060	1.072795	-2.528186	-0.601820	-0.275768	0.346621	-0.100461	-0.018634	0.994767	0.679644	-0.731482	0.054935	0.726630	0.681606	0.086150
22008	6.705831	0.277755	-2.865996	-0.824067	-0.558303	0.422958	-0.093553	-0.017930	0.995453	0.674037	-0.736999	0.050071	0.732750	0.675656	0.081034
22009	6.333973	-1.191061	-2.994156	-0.866219	-0.815242	0.425314	-0.084759	-0.015565	0.996280	0.668033	-0.742756	0.045229	0.739289	0.669381	0.073354
22010	6.457680	-2.143285	-3.842307	-0.660922	-1.095841	0.396304	-0.074019	-0.011188	0.997194	0.663440	-0.747113	0.040863	0.744559	0.664603	0.062723
22011	8.133990	-1.769542	-4.192852	-0.608091	-1.415343	0.379054	-0.060990	-0.004620	0.998128	0.659147	-0.751113	0.036800	0.749536	0.660158	0.048856
22012	11.949483	-2.330062	-0.702405	-0.517590	-1.368301	0.329772	-0.048566	0.001924	0.998818	0.655435	-0.754516	0.033323	0.753689	0.656278	0.035383
22013	12.829745	-3.531915	-1.255227	0.005527	-1.087013	0.275741	-0.038606	0.007010	0.999230	0.655592	-0.754494	0.030622	0.754127	0.656270	0.024532
22014	11.788318	-1.539377	-2.853628	0.706403	-1.012901	0.344413	-0.028750	0.011114	0.999525	0.661018	-0.749871	0.027351	0.749819	0.661490	0.014212
22015	10.587779	2.327490	-3.263573	0.745466	-1.070591	0.450726	-0.017790	0.014887	0.999731	0.666693	-0.744979	0.022957	0.745120	0.666922	0.003328
22016	10.269143	3.761854	-3.391813	0.236992	-1.234073	0.507926	-0.005241	0.019367	0.999799	0.668514	-0.743484	0.017906	0.743681	0.668473	-0.009050
22017	10.411595	2.481599	-3.615645	-0.153197	-1.273305	0.563246	0.007964	0.023718	0.999687	0.667364	-0.744629	0.012350	0.744689	0.667057	-0.021759
22018	10.508232	1.039072	-3.652527	-0.101155	-1.191038	0.534077	0.020370	0.027698	0.999409	0.666534	-0.745441	0.007074	0.745196	0.665996	-0.033647
