// General information: 
//  MT Manager version: 2022.2.0 
//  XDA version: 2022.2.0 build 7381 rev 124627 built on 2023-07-19
// Device information: 
//  DeviceId: 00B4CBA7
//  ProductCode: MTW2-3A7G6
//  Firmware Version: 4.6.0
//  Hardware Version: 2.0.0
// Device settings: 
//  Filter Profile: human(46.1)
//  Option Flags: Orientation Smoother Disabled, Position/Velocity Smoother Disabled, Continuous Zero Rotation Update Disabled, AHS Disabled, ICC Disabled
// Coordinate system: ENU
PacketCounter	Acc_X	Acc_Y	Acc_Z	Gyr_X	Gyr_Y	Gyr_Z	Mat[1][1]	Mat[2][1]	Mat[3][1]	Mat[1][2]	Mat[2][2]	Mat[3][2]	Mat[1][3]	Mat[2][3]	Mat[3][3]
60230	9.157222	0.802298	-3.216473	-0.015500	0.011002	-0.008403	0.268882	0.189750	0.944297	0.335783	-0.937363	0.092744	0.902747	0.292141	-0.315755
60231	9.241334	0.744827	-3.232633	0.002867	0.010734	-0.006688	0.268742	0.189821	0.944323	0.335840	-0.937332	0.092840	0.902767	0.292192	-0.315650
60232	9.279530	0.788280	-3.193058	0.015804	0.013801	-0.008875	0.268572	0.189897	0.944356	0.336022	-0.937261	0.092907	0.902750	0.292373	-0.315532
60233	9.243674	0.882860	-3.168241	0.019253	0.021251	-0.012431	0.268318	0.189991	0.944409	0.336243	-0.937172	0.093005	0.902744	0.292596	-0.315343
60234	9.201861	0.861028	-3.192494	0.014647	0.020353	-0.015131	0.268068	0.190107	0.944457	0.336431	-0.937091	0.093134	0.902748	0.292779	-0.315162
60235	9.225890	0.862793	-3.183801	0.020746	0.024614	-0.012802	0.267782	0.190194	0.944521	0.336667	-0.936997	0.093231	0.902745	0.293023	-0.314943
60236	9.268318	0.852055	-3.148166	0.021767	0.027268	-0.010371	0.267485	0.190245	0.944594	0.336906	-0.936905	0.093294	0.902744	0.293285	-0.314703
60237	9.241230	0.941623	-3.063695	0.020508	0.025556	-0.010868	0.267197	0.190312	0.944663	0.337134	-0.936815	0.093373	0.902744	0.293529	-0.314474
60238	9.231074	0.951745	-2.937820	0.009060	0.025857	-0.009066	0.266916	0.190354	0.944733	0.337256	-0.936762	0.093462	0.902781	0.293670	-0.314235
60239	9.255194	0.953258	-2.928684	-0.001829	0.025495	-0.003086	0.266655	0.190347	0.944808	0.337261	-0.936753	0.093538	0.902857	0.293705	-0.313986
60240	9.326718	0.920851	-2.989827	-0.011757	0.023941	-0.003765	0.266410	0.190344	0.944878	0.337180	-0.936771	0.093643	0.902959	0.293646	-0.313746
60241	9.323416	0.905812	-3.059040	-0.007133	0.022224	-0.002108	0.266182	0.190339	0.944944	0.337135	-0.936779	0.093726	0.903043	0.293625	-0.313523
60242	9.225818	0.922530	-3.071779	-0.008394	0.020515	-0.002608	0.265972	0.190335	0.945004	0.337080	-0.936791	0.093810	0.903126	0.293591	-0.313318
60243	9.173780	0.873871	-3.056219	-0.012684	0.019904	0.000794	0.265774	0.190309	0.945064	0.336977	-0.936820	0.093883	0.903223	0.293513	-0.313112
60244	9.201739	0.821152	-3.052509	-0.012209	0.020612	-0.002008	0.265565	0.190299	0.945125	0.336884	-0.936845	0.093973	0.903319	0.293442	-0.312902
60245	9.219913	0.775589	-3.016600	-0.005276	0.018039	0.000477	0.265382	0.190281	0.945180	0.336849	-0.936852	0.094026	0.903385	0.293430	-0.312720
60246	9.252907	0.805628	-2.956602	0.001342	0.015181	-0.003146	0.265219	0.190299	0.945222	0.336882	-0.936834	0.094085	0.903421	0.293476	-0.312575
60247	9.278064	0.874435	-2.962938	-0.004801	0.018747	-0.002324	0.265021	0.190305	0.945277	0.336859	-0.936835	0.094163	0.903488	0.293469	-0.312387
60248	9.278575	0.874849	-2.961216	-0.015203	0.016482	-0.000209	0.264855	0.190291	0.945326	0.336735	-0.936871	0.094245	0.903582	0.293363	-0.312212
60249	9.303122	0.840368	-3.036836	-0.010091	0.012868	-0.002407	0.264709	0.190316	0.945362	0.336664	-0.936887	0.094341	0.903652	0.293297	-0.312075
60250	9.298899	0.861358	-3.023151	-0.004995	0.011865	-0.003552	0.264574	0.190347	0.945393	0.336642	-0.936887	0.094423	0.903699	0.293277	-0.311955
60251	9.261430	0.888549	-2.984149	-0.006257	0.010158	-0.004055	0.264448	0.190395	0.945419	0.336610	-0.936888	0.094522	0.903748	0.293241	-0.311847
60252	9.270697	0.917939	-2.931637	-0.006240	0.007548	-0.005108	0.264347	0.190453	0.945436	0.336578	-0.936889	0.094623	0.903790	0.293200	-0.311766
60253	9.231748	0.877775	-2.878501	-0.006682	0.001619	-0.004413	0.264296	0.190530	0.945434	0.336543	-0.936891	0.094727	0.903817	0.293143	-0.311738
60254	9.255134	0.879465	-2.871525	0.001198	0.000472	-0.007532	0.264250	0.190634	0.945426	0.336595	-0.936863	0.094828	0.903812	0.293167	-0.311733
60255	9.254198	0.915799	-2.788076	0.000623	-0.011101	-0.000034	0.264330	0.190706	0.945389	0.336614	-0.936852	0.094867	0.903781	0.293155	-0.311832
60256	9.231076	0.948447	-2.803423	-0.002146	-0.013565	0.000886	0.264438	0.190772	0.945346	0.336612	-0.936849	0.094898	0.903750	0.293120	-0.311955
60257	9.286561	0.909783	-2.816230	-0.009729	-0.021197	-0.001081	0.264605	0.190884	0.945276	0.336540	-0.936867	0.094980	0.903728	0.292991	-0.312140
60258	9.276845	0.881289	-2.869922	-0.006369	-0.024618	0.000072	0.264811	0.190987	0.945198	0.336494	-0.936878	0.095032	0.903685	0.292888	-0.312362
60259	9.296221	0.900721	-2.944362	-0.002763	-0.028989	-0.000702	0.265050	0.191118	0.945104	0.336485	-0.936876	0.095088	0.903619	0.292810	-0.312627
60260	9.266683	0.886588	-2.934253	-0.010835	-0.034727	0.001192	0.265351	0.191241	0.944995	0.336401	-0.936900	0.095143	0.903561	0.292651	-0.312941
60261	9.257848	0.855730	-3.080211	-0.016172	-0.032782	0.004273	0.265641	0.191337	0.944894	0.336257	-0.936947	0.095195	0.903530	0.292440	-0.313230
60262	9.238575	0.798448	-3.186458	-0.004002	-0.033318	-0.002253	0.265917	0.191488	0.944786	0.336244	-0.936945	0.095261	0.903453	0.292347	-0.313536
60263	9.286840	0.865992	-3.281675	-0.000217	-0.028198	-0.000744	0.266149	0.191617	0.944695	0.336257	-0.936935	0.095310	0.903380	0.292294	-0.313797
60264	9.278116	0.904518	-3.350275	0.004583	-0.020419	0.003193	0.266327	0.191679	0.944632	0.336306	-0.936919	0.095297	0.903310	0.292305	-0.313989
60265	9.278134	0.938383	-3.359225	-0.008809	-0.014569	-0.004563	0.266422	0.191804	0.944579	0.336252	-0.936927	0.095409	0.903302	0.292198	-0.314113
60266	9.202339	0.922474	-3.360616	-0.023560	-0.007010	0.005181	0.266486	0.191808	0.944561	0.336037	-0.936998	0.095468	0.903363	0.291967	-0.314152
60267	9.177064	0.820822	-3.345300	-0.031102	0.004056	0.001687	0.266434	0.191820	0.944573	0.335765	-0.937083	0.095591	0.903479	0.291686	-0.314078
60268	9.246980	0.791035	-3.316706	-0.020494	0.010600	-0.000261	0.266321	0.191826	0.944604	0.335598	-0.937132	0.095690	0.903575	0.291523	-0.313955
60269	9.241655	0.814288	-3.211670	-0.010097	0.012873	-0.002388	0.266176	0.191850	0.944639	0.335527	-0.937148	0.095786	0.903644	0.291456	-0.313817
60270	9.199841	0.861992	-3.159708	0.002277	0.016620	-0.008744	0.265980	0.191917	0.944681	0.335589	-0.937115	0.095893	0.903678	0.291519	-0.313659
60271	9.228400	0.912770	-3.086983	0.003277	0.021886	-0.005258	0.265744	0.191943	0.944742	0.335646	-0.937086	0.095974	0.903727	0.291595	-0.313450
60272	9.242018	0.887867	-3.038744	-0.001537	0.016713	-0.008141	0.265549	0.192004	0.944785	0.335670	-0.937066	0.096089	0.903775	0.291620	-0.313287
60273	9.213899	0.943617	-2.947477	0.005132	0.017704	-0.002682	0.265359	0.192017	0.944835	0.335737	-0.937037	0.096139	0.903806	0.291705	-0.313119
60274	9.242377	0.924428	-2.951552	0.005606	0.018415	-0.005484	0.265158	0.192049	0.944886	0.335821	-0.937000	0.096207	0.903834	0.291802	-0.312947
60275	9.209629	0.930798	-2.924667	0.006200	0.012528	-0.003412	0.265012	0.192084	0.944919	0.335899	-0.936966	0.096261	0.903847	0.291887	-0.312828
60276	9.215091	0.944300	-2.943526	-0.005458	0.008545	-0.001794	0.264912	0.192109	0.944942	0.335871	-0.936969	0.096328	0.903887	0.291860	-0.312739
60277	9.224432	0.903518	-2.967875	-0.001066	0.005173	0.000732	0.264847	0.192127	0.944957	0.335873	-0.936965	0.096365	0.903906	0.291863	-0.312683
60278	9.284483	0.880016	-2.907263	-0.005356	0.004556	0.004133	0.264803	0.192107	0.944973	0.335829	-0.936979	0.096375	0.903935	0.291829	-0.312630
60279	9.294268	0.872933	-2.939461	-0.011184	-0.003270	-0.001185	0.264808	0.192167	0.944960	0.335745	-0.937001	0.096462	0.903965	0.291722	-0.312644
60280	9.284369	0.880497	-2.907480	-0.006319	-0.005930	-0.001462	0.264840	0.192231	0.944937	0.335707	-0.937007	0.096528	0.903969	0.291658	-0.312691
60281	9.327754	0.901075	-2.973036	-0.006810	-0.004033	0.002395	0.264864	0.192260	0.944925	0.335653	-0.937023	0.096568	0.903982	0.291589	-0.312716
60282	9.285886	0.912376	-3.007133	-0.002715	-0.010297	-0.002242	0.264933	0.192345	0.944888	0.335654	-0.937016	0.096630	0.903962	0.291555	-0.312808
60283	9.290761	0.926043	-3.027765	-0.010117	-0.008445	-0.001916	0.264983	0.192428	0.944858	0.335582	-0.937033	0.096721	0.903974	0.291447	-0.312873
60284	9.234564	0.895753	-3.093704	-0.015209	-0.007448	-0.000763	0.265030	0.192491	0.944831	0.335465	-0.937065	0.096809	0.904003	0.291300	-0.312925
60285	9.229088	0.883019	-3.074634	-0.015420	-0.011721	-0.000944	0.265112	0.192573	0.944791	0.335342	-0.937099	0.096907	0.904025	0.291137	-0.313014
60286	9.199542	0.835489	-3.055239	-0.016696	-0.010821	-0.000391	0.265192	0.192642	0.944755	0.335203	-0.937139	0.096997	0.904053	0.290962	-0.313096
60287	9.246039	0.838325	-3.042446	-0.008120	-0.009583	-0.007197	0.265234	0.192777	0.944716	0.335163	-0.937140	0.097132	0.904056	0.290871	-0.313173
60288	9.269150	0.840231	-3.036339	-0.013457	-0.007640	-0.004114	0.265273	0.192870	0.944686	0.335066	-0.937163	0.097246	0.904080	0.290735	-0.313228
60289	9.221932	0.838984	-3.050863	-0.008329	-0.013857	-0.007378	0.265353	0.193020	0.944633	0.335024	-0.937164	0.097383	0.904072	0.290633	-0.313345
60290	9.212387	0.880569	-3.026859	-0.003744	-0.010347	-0.003619	0.265417	0.193116	0.944595	0.335012	-0.937160	0.097462	0.904058	0.290582	-0.313434
60291	9.248544	0.856803	-2.974562	-0.009378	-0.011295	-0.007697	0.265472	0.193260	0.944550	0.334961	-0.937163	0.097606	0.904061	0.290476	-0.313525
60292	9.219492	0.843373	-2.962761	-0.007277	-0.016423	-0.007055	0.265580	0.193407	0.944490	0.334927	-0.937162	0.097729	0.904042	0.290380	-0.313669
60293	9.281264	0.816948	-3.086640	-0.001032	-0.011717	-0.013632	0.265620	0.193609	0.944437	0.334967	-0.937130	0.097902	0.904015	0.290351	-0.313772
60294	9.291588	0.809061	-3.211544	0.011934	-0.013846	-0.017922	0.265668	0.193849	0.944375	0.335137	-0.937052	0.098066	0.903938	0.290442	-0.313910
60295	9.292192	0.877959	-3.227296	0.019212	-0.009094	-0.023123	0.265652	0.194132	0.944321	0.335386	-0.936942	0.098266	0.903850	0.290607	-0.314009
60296	9.241406	0.965100	-3.243940	0.015960	-0.009671	-0.018340	0.265660	0.194364	0.944271	0.335596	-0.936851	0.098421	0.903770	0.290746	-0.314112
60297	9.239977	0.968619	-3.153084	-0.003504	0.000953	-0.017211	0.265573	0.194562	0.944254	0.335623	-0.936818	0.098636	0.903785	0.290719	-0.314094
60298	9.220456	0.915143	-3.164933	-0.014947	0.001229	-0.015400	0.265494	0.194737	0.944241	0.335546	-0.936822	0.098861	0.903837	0.290590	-0.314063
60299	9.242134	0.886316	-3.059271	-0.011377	0.002085	-0.014074	0.265407	0.194902	0.944231	0.335494	-0.936818	0.099070	0.903882	0.290490	-0.314027
60300	9.236976	0.874616	-3.039087	-0.010118	0.003794	-0.013572	0.265311	0.195051	0.944227	0.335454	-0.936813	0.099263	0.903925	0.290409	-0.313977
60301	9.271152	0.937800	-3.078803	-0.010904	0.002796	-0.016874	0.265208	0.195240	0.944217	0.335413	-0.936802	0.099497	0.903970	0.290315	-0.313934
60302	9.237366	0.912041	-3.045720	-0.005565	0.000854	-0.019957	0.265116	0.195458	0.944198	0.335431	-0.936770	0.099736	0.903991	0.290271	-0.313916
60303	9.222934	0.941364	-3.000650	-0.003746	0.001899	-0.015278	0.265027	0.195635	0.944186	0.335451	-0.936742	0.099934	0.904009	0.290243	-0.313888
60304	9.179978	0.955946	-2.942568	-0.001435	0.001046	-0.014455	0.264953	0.195800	0.944173	0.335492	-0.936709	0.100107	0.904016	0.290238	-0.313873
60305	9.216447	0.863554	-2.966420	-0.003907	-0.007600	-0.017568	0.264942	0.196027	0.944129	0.335516	-0.936677	0.100327	0.904010	0.290190	-0.313935
60306	9.315484	0.847206	-3.043844	0.012855	-0.007196	-0.021406	0.264918	0.196281	0.944083	0.335707	-0.936588	0.100521	0.903946	0.290305	-0.314012
60307	9.311447	0.936684	-3.046719	0.021765	-0.008278	-0.023164	0.264895	0.196562	0.944031	0.335979	-0.936470	0.100712	0.903852	0.290496	-0.314106
60308	9.283387	0.991160	-3.049377	0.021317	-0.011606	-0.021415	0.264911	0.196829	0.943971	0.336244	-0.936356	0.100880	0.903749	0.290680	-0.314233
60309	9.245117	1.019051	-3.012364	0.008820	-0.008780	-0.019924	0.264902	0.197081	0.943921	0.336390	-0.936282	0.101081	0.903697	0.290749	-0.314319
60310	9.239030	0.973686	-2.986275	0.002493	-0.012117	-0.020321	0.264926	0.197338	0.943860	0.336484	-0.936225	0.101297	0.903655	0.290757	-0.314432
60311	9.308723	0.978509	-2.967303	0.002135	-0.016816	-0.011598	0.265018	0.197536	0.943793	0.336547	-0.936187	0.101441	0.903605	0.290747	-0.314587
60312	9.280030	0.998847	-2.963219	0.010013	-0.017946	-0.014731	0.265114	0.197759	0.943719	0.336695	-0.936118	0.101581	0.903522	0.290815	-0.314762
60313	9.232869	1.031522	-2.986011	0.002431	-0.022998	-0.015626	0.265248	0.198012	0.943629	0.336772	-0.936071	0.101762	0.903453	0.290796	-0.314976
60314	9.156740	1.015937	-2.988437	-0.005939	-0.019971	-0.008637	0.265383	0.198184	0.943554	0.336756	-0.936062	0.101895	0.903420	0.290707	-0.315155
60315	9.236144	0.943761	-3.079014	-0.016103	-0.020610	-0.007373	0.265523	0.198353	0.943479	0.336644	-0.936085	0.102056	0.903420	0.290518	-0.315327
60316	9.235557	0.875232	-3.157513	-0.008719	-0.019836	-0.006656	0.265662	0.198506	0.943408	0.336598	-0.936088	0.102180	0.903397	0.290404	-0.315500
60317	9.225638	0.916716	-3.134256	-0.000525	-0.020673	-0.003693	0.265816	0.198640	0.943337	0.336616	-0.936073	0.102257	0.903344	0.290361	-0.315689
60318	9.206636	0.929468	-3.162475	0.000613	-0.014974	-0.009114	0.265904	0.198801	0.943278	0.336661	-0.936044	0.102374	0.903302	0.290344	-0.315826
60319	9.196961	0.901622	-3.215397	-0.000444	-0.012412	-0.009434	0.265963	0.198965	0.943227	0.336696	-0.936017	0.102505	0.903271	0.290318	-0.315937
60320	9.168071	0.887791	-3.203295	0.009450	-0.008206	-0.007723	0.265995	0.199093	0.943191	0.336819	-0.935965	0.102580	0.903217	0.290399	-0.316020
60321	9.219576	0.904151	-3.210629	0.023606	-0.009850	-0.019547	0.265997	0.199344	0.943137	0.337097	-0.935848	0.102731	0.903112	0.290603	-0.316131
60322	9.257212	0.981670	-3.180417	0.037882	-0.006395	-0.014267	0.265988	0.199530	0.943100	0.337496	-0.935699	0.102778	0.902966	0.290954	-0.316226
60323	9.251711	1.038383	-3.084864	0.032250	-0.007369	-0.018328	0.265972	0.199762	0.943056	0.337849	-0.935559	0.102890	0.902838	0.291245	-0.316322
60324	9.213187	1.031730	-3.040349	0.025655	-0.007146	-0.015740	0.265967	0.199965	0.943014	0.338141	-0.935443	0.102990	0.902730	0.291480	-0.316413
60325	9.173835	0.957515	-2.981319	0.021176	-0.012049	-0.012506	0.266012	0.200157	0.942961	0.338379	-0.935347	0.103082	0.902628	0.291657	-0.316543
60326	9.163276	0.931434	-2.943035	0.027555	-0.013943	-0.014214	0.266073	0.200363	0.942900	0.338684	-0.935228	0.103161	0.902496	0.291897	-0.316699
60327	9.189877	0.914693	-2.859291	0.031743	-0.018971	-0.010817	0.266186	0.200559	0.942826	0.339013	-0.935104	0.103204	0.902339	0.292159	-0.316904
60328	9.188623	0.950588	-2.777910	0.038301	-0.030083	-0.008693	0.266411	0.200760	0.942720	0.339394	-0.934966	0.103197	0.902129	0.292461	-0.317222
60329	9.234441	1.022495	-2.691356	0.035355	-0.036848	-0.007926	0.266695	0.200982	0.942592	0.339748	-0.934838	0.103201	0.901912	0.292720	-0.317600
60330	9.238177	1.105247	-2.639002	0.029214	-0.049414	-0.004471	0.267108	0.201201	0.942428	0.340039	-0.934734	0.103183	0.901680	0.292901	-0.318091
60331	9.259770	1.142026	-2.553860	0.016257	-0.063414	0.002454	0.267667	0.201403	0.942227	0.340192	-0.934681	0.103149	0.901456	0.292929	-0.318700
60332	9.304949	1.143571	-2.547188	-0.003510	-0.078849	0.012857	0.268404	0.201547	0.941986	0.340145	-0.934707	0.103071	0.901255	0.292747	-0.319434
60333	9.330646	1.089651	-2.553335	-0.022936	-0.089612	0.014546	0.269240	0.201713	0.941712	0.339913	-0.934794	0.103049	0.901093	0.292355	-0.320249
60334	9.337365	0.942081	-2.747697	-0.023928	-0.105832	0.015831	0.270228	0.201908	0.941387	0.339673	-0.934886	0.103010	0.900888	0.291928	-0.321216
60335	9.335709	0.970320	-2.947517	-0.019023	-0.108535	0.015574	0.271238	0.202119	0.941051	0.339474	-0.934963	0.102965	0.900659	0.291534	-0.322212
60336	9.309673	0.963667	-3.146937	-0.003468	-0.112522	0.010175	0.272267	0.202385	0.940697	0.339430	-0.934984	0.102914	0.900366	0.291281	-0.323260
60337	9.254812	0.978573	-3.249545	-0.014467	-0.119871	0.015032	0.273376	0.202633	0.940322	0.339273	-0.935047	0.102861	0.900089	0.290906	-0.324367
60338	9.157578	1.006682	-3.293456	-0.033582	-0.111599	0.021302	0.274433	0.202794	0.939979	0.338936	-0.935176	0.102803	0.899894	0.290380	-0.325378
60339	9.172168	0.924240	-3.353215	-0.045628	-0.105471	0.021120	0.275433	0.202942	0.939655	0.338481	-0.935342	0.102794	0.899759	0.289743	-0.326316
60340	9.106565	0.811928	-3.392269	-0.044345	-0.103800	0.021641	0.276421	0.203074	0.939336	0.338042	-0.935503	0.102769	0.899622	0.289128	-0.327240
60341	9.103148	0.779805	-3.302540	-0.025899	-0.098376	0.016444	0.277341	0.203244	0.939028	0.337778	-0.935602	0.102740	0.899438	0.288689	-0.328132
60342	9.011297	0.823605	-3.273047	-0.002771	-0.099907	0.010764	0.278257	0.203466	0.938709	0.337742	-0.935621	0.102682	0.899168	0.288469	-0.329062
60343	9.056157	0.894661	-3.192786	0.018057	-0.103214	0.003224	0.279175	0.203773	0.938370	0.337909	-0.935566	0.102633	0.898821	0.288431	-0.330043
60344	9.172036	1.003024	-3.101135	0.018316	-0.104213	0.001329	0.280097	0.204095	0.938025	0.338087	-0.935506	0.102593	0.898467	0.288398	-0.331034
60345	9.261640	0.969011	-3.260361	-0.012196	-0.098269	0.008523	0.280987	0.204338	0.937706	0.337968	-0.935549	0.102594	0.898234	0.288087	-0.331937
60346	9.411520	0.876189	-3.443937	-0.006090	-0.085670	0.005006	0.281754	0.204571	0.937425	0.337918	-0.935567	0.102600	0.898012	0.287865	-0.332728
60347	9.440061	0.801140	-3.554110	0.000120	-0.069584	-0.015292	0.282307	0.204954	0.937175	0.337976	-0.935525	0.102784	0.897817	0.287726	-0.333375
60348	9.358603	0.644490	-3.804013	0.011346	-0.063227	-0.022106	0.282780	0.205378	0.936939	0.338165	-0.935435	0.102986	0.897597	0.287718	-0.333974
60349	9.308910	0.708792	-3.927996	0.038780	-0.049274	-0.027015	0.283110	0.205813	0.936744	0.338604	-0.935258	0.103150	0.897327	0.287983	-0.334470
60350	9.225051	0.871190	-3.843715	0.048219	-0.029132	-0.034187	0.283238	0.206251	0.936609	0.339156	-0.935037	0.103342	0.897078	0.288387	-0.334789
60351	9.205893	0.986439	-3.894034	0.023796	-0.007459	-0.038397	0.283154	0.206671	0.936542	0.339493	-0.934879	0.103662	0.896977	0.288597	-0.334878
60352	9.149527	0.993575	-3.873939	0.029324	0.015006	-0.035004	0.282882	0.206989	0.936554	0.339874	-0.934711	0.103924	0.896919	0.288912	-0.334763
60353	8.980090	0.940236	-3.889045	0.027156	0.022797	-0.034618	0.282539	0.207286	0.936592	0.340230	-0.934551	0.104198	0.896892	0.289216	-0.334572
60354	9.010131	0.992471	-3.816635	0.042299	0.032968	-0.033033	0.282113	0.207535	0.936665	0.340726	-0.934348	0.104399	0.896838	0.289694	-0.334304
60355	9.031746	1.085438	-3.718040	0.035425	0.047732	-0.032187	0.281554	0.207737	0.936788	0.341149	-0.934169	0.104623	0.896853	0.290127	-0.333888
60356	9.161043	1.088249	-3.623233	0.023650	0.059491	-0.024203	0.280920	0.207826	0.936959	0.341449	-0.934039	0.104804	0.896937	0.290482	-0.333352
60357	9.209531	0.991079	-3.582748	0.011326	0.066630	-0.022461	0.280225	0.207881	0.937155	0.341628	-0.933949	0.105018	0.897087	0.290730	-0.332734
60358	9.151085	1.017372	-3.544340	0.034555	0.069015	-0.019134	0.279523	0.207894	0.937362	0.342013	-0.933798	0.105114	0.897159	0.291208	-0.332120
60359	9.165362	1.186570	-3.333907	0.034511	0.074259	-0.017048	0.278777	0.207876	0.937588	0.342385	-0.933652	0.105201	0.897249	0.291688	-0.331455
60360	9.116584	1.272331	-3.342419	0.013491	0.075853	-0.008590	0.278050	0.207769	0.937827	0.342545	-0.933585	0.105270	0.897414	0.291978	-0.330754
60361	9.090933	1.193162	-3.215448	-0.004821	0.082568	-0.000067	0.277288	0.207568	0.938098	0.342516	-0.933589	0.105328	0.897660	0.292107	-0.329968
60362	8.970499	1.072873	-3.197668	-0.021288	0.078548	0.000950	0.276568	0.207365	0.938355	0.342342	-0.933642	0.105422	0.897949	0.292082	-0.329206
60363	8.920590	0.956220	-3.160942	-0.014571	0.079563	0.006358	0.275855	0.207112	0.938621	0.342208	-0.933688	0.105451	0.898219	0.292114	-0.328438
60364	8.946122	0.889990	-3.132606	-0.011965	0.075096	0.004228	0.275178	0.206887	0.938869	0.342104	-0.933723	0.105484	0.898466	0.292164	-0.327717
60365	8.905195	0.765885	-3.129134	-0.005547	0.070543	0.001471	0.274528	0.206707	0.939099	0.342065	-0.933732	0.105529	0.898680	0.292262	-0.327042
60366	8.855368	0.716499	-3.108352	-0.004043	0.071286	0.000048	0.273871	0.206531	0.939329	0.342042	-0.933735	0.105576	0.898890	0.292376	-0.326365
60367	9.017220	0.712496	-3.036812	-0.006883	0.067512	-0.007001	0.273219	0.206439	0.939540	0.342013	-0.933731	0.105705	0.899099	0.292454	-0.325717
60368	9.277889	0.722456	-3.141393	-0.034678	0.073316	-0.001928	0.272536	0.206276	0.939773	0.341722	-0.933819	0.105869	0.899416	0.292288	-0.324989
60369	9.454910	0.824272	-3.234624	-0.044372	0.073357	-0.003406	0.271844	0.206133	0.940005	0.341346	-0.933932	0.106086	0.899769	0.292029	-0.324246
60370	9.566639	1.008391	-3.198985	-0.066789	0.074558	-0.002470	0.271148	0.205971	0.940242	0.340765	-0.934113	0.106358	0.900199	0.291563	-0.323471
60371	9.498958	1.041580	-3.217538	-0.114579	0.083706	-0.003513	0.270361	0.205800	0.940506	0.339757	-0.934430	0.106803	0.900816	0.290668	-0.322555
60372	9.364504	0.917174	-3.238311	-0.141104	0.084616	-0.008019	0.269555	0.205663	0.940767	0.338524	-0.934812	0.107366	0.901522	0.289531	-0.321605
60373	9.308987	0.655452	-3.242710	-0.123553	0.092990	-0.022333	0.268620	0.205643	0.941039	0.337484	-0.935114	0.108013	0.902191	0.288571	-0.320591
60374	9.310965	0.629778	-3.135007	-0.071006	0.089547	-0.042238	0.267653	0.205812	0.941277	0.336973	-0.935222	0.108670	0.902669	0.288099	-0.319668
60375	9.332064	0.796376	-2.953651	-0.054357	0.080431	-0.048376	0.266743	0.206073	0.941479	0.336625	-0.935269	0.109340	0.903068	0.287760	-0.318846
60376	9.375459	0.896855	-2.751554	-0.048062	0.079887	-0.057038	0.265813	0.206409	0.941668	0.336359	-0.935280	0.110062	0.903441	0.287483	-0.318037
60377	9.324197	0.856372	-2.639025	-0.074446	0.070303	-0.065802	0.264936	0.206862	0.941816	0.335875	-0.935348	0.110959	0.903879	0.286935	-0.317287
60378	9.296667	0.815970	-2.612397	-0.065001	0.053809	-0.067784	0.264206	0.207374	0.941908	0.335480	-0.935386	0.111836	0.904239	0.286443	-0.316704
60379	9.254571	0.836757	-2.549296	-0.051658	0.042915	-0.077166	0.263538	0.208012	0.941955	0.335229	-0.935363	0.112767	0.904527	0.286053	-0.316236
60380	9.274517	0.899035	-2.624704	-0.032874	0.028751	-0.082688	0.262984	0.208735	0.941950	0.335164	-0.935276	0.113682	0.904713	0.285811	-0.315923
60381	9.270094	1.063210	-2.638311	-0.040947	0.010778	-0.084115	0.262584	0.209531	0.941885	0.335028	-0.935208	0.114645	0.904879	0.285453	-0.315769
60382	9.349575	1.137218	-2.663593	-0.082914	-0.000696	-0.080706	0.262303	0.210320	0.941787	0.334503	-0.935265	0.115699	0.905155	0.284683	-0.315675
60383	9.340391	1.049750	-2.791747	-0.121163	-0.004435	-0.074721	0.262072	0.211071	0.941683	0.333616	-0.935442	0.116826	0.905549	0.283544	-0.315570
60384	9.344726	0.870134	-2.860049	-0.147751	-0.010598	-0.080485	0.261883	0.211886	0.941553	0.332505	-0.935680	0.118081	0.906012	0.282147	-0.315491
60385	9.367767	0.747088	-2.916745	-0.139053	-0.014601	-0.089348	0.261698	0.212802	0.941398	0.331492	-0.935872	0.119402	0.906437	0.280818	-0.315458
60386	9.348040	0.704321	-2.929752	-0.130400	-0.015976	-0.097155	0.261503	0.213789	0.941228	0.330583	-0.936019	0.120759	0.906825	0.279575	-0.315447
60387	9.281366	0.727011	-2.970303	-0.121492	-0.018284	-0.106892	0.261296	0.214880	0.941037	0.329774	-0.936119	0.122190	0.907179	0.278402	-0.315466
60388	9.288438	0.904202	-2.946808	-0.105608	-0.025666	-0.115289	0.261131	0.216062	0.940812	0.329134	-0.936154	0.123639	0.907459	0.277367	-0.315572
60389	9.285384	1.054663	-2.883907	-0.130989	-0.025006	-0.118366	0.260948	0.217279	0.940583	0.328267	-0.936250	0.125207	0.907825	0.276090	-0.315638
60390	9.259868	1.068302	-2.891783	-0.148296	-0.032021	-0.119786	0.260828	0.218521	0.940328	0.327251	-0.936387	0.126833	0.908226	0.274642	-0.315748
60391	9.247643	1.123849	-2.867703	-0.139694	-0.039046	-0.120860	0.260768	0.219800	0.940047	0.326311	-0.936494	0.128451	0.908582	0.273252	-0.315931
60392	9.230123	1.199621	-2.831174	-0.138784	-0.044625	-0.127618	0.260739	0.221148	0.939739	0.325401	-0.936581	0.130119	0.908917	0.271864	-0.316165
60393	9.243883	1.372610	-2.749249	-0.123449	-0.047452	-0.131114	0.260724	0.222544	0.939413	0.324634	-0.936614	0.131783	0.909195	0.270606	-0.316444
60394	9.225559	1.448753	-2.713285	-0.138900	-0.057322	-0.136923	0.260784	0.224014	0.939047	0.323748	-0.936672	0.133538	0.909494	0.269190	-0.316793
60395	9.285265	1.339990	-2.820949	-0.124960	-0.062314	-0.132089	0.260903	0.225458	0.938668	0.322970	-0.936700	0.135216	0.909736	0.267883	-0.317204
60396	9.290476	1.450946	-2.968988	-0.101529	-0.071439	-0.126057	0.261128	0.226861	0.938268	0.322393	-0.936676	0.136751	0.909876	0.266781	-0.317731
60397	9.308890	1.535106	-2.980688	-0.104310	-0.078388	-0.125280	0.261418	0.228283	0.937842	0.321784	-0.936658	0.138299	0.910009	0.265629	-0.318317
60398	9.257219	1.580452	-3.006022	-0.113781	-0.080046	-0.119719	0.261743	0.229649	0.937418	0.321082	-0.936674	0.139815	0.910163	0.264392	-0.318904
60399	9.192711	1.550237	-3.057772	-0.144855	-0.086920	-0.111090	0.262158	0.230958	0.936980	0.320068	-0.936789	0.141359	0.910401	0.262839	-0.319509
60400	9.139140	1.446397	-3.129128	-0.164961	-0.079341	-0.105885	0.262524	0.232190	0.936573	0.318864	-0.936965	0.142909	0.910718	0.261123	-0.320012
60401	9.202668	1.385591	-3.264854	-0.181021	-0.078422	-0.096553	0.262911	0.233339	0.936179	0.317482	-0.937200	0.144434	0.911089	0.259247	-0.320481
60402	9.209247	1.360760	-3.295310	-0.191730	-0.064090	-0.094635	0.263177	0.234423	0.935833	0.316002	-0.937463	0.145964	0.911527	0.257310	-0.320797
60403	9.197896	1.315885	-3.435933	-0.202485	-0.056691	-0.094008	0.263378	0.235489	0.935509	0.314417	-0.937750	0.147535	0.912017	0.255282	-0.321024
60404	9.181663	1.290259	-3.471277	-0.197898	-0.047513	-0.096835	0.263489	0.236552	0.935209	0.312890	-0.938012	0.149107	0.912509	0.253329	-0.321171
60405	9.135644	1.350907	-3.510760	-0.204829	-0.033191	-0.095510	0.263475	0.237572	0.934955	0.311285	-0.938292	0.150698	0.913062	0.251332	-0.321169
60406	9.048878	1.356347	-3.660731	-0.206348	-0.023251	-0.098426	0.263363	0.238587	0.934728	0.309679	-0.938563	0.152312	0.913640	0.249352	-0.321068
60407	9.091114	1.479932	-3.755289	-0.192071	-0.009504	-0.099623	0.263123	0.239586	0.934540	0.308199	-0.938791	0.153901	0.914210	0.247530	-0.320857
60408	9.127948	1.472870	-3.791863	-0.196583	0.015242	-0.095896	0.262671	0.240483	0.934437	0.306678	-0.939032	0.155458	0.914851	0.245737	-0.320408
60409	9.126520	1.523005	-3.792472	-0.193569	0.033170	-0.094827	0.262058	0.241332	0.934390	0.305169	-0.939266	0.157004	0.915531	0.244003	-0.319790
60410	9.087887	1.411674	-3.704196	-0.198329	0.048120	-0.099542	0.261298	0.242184	0.934382	0.303635	-0.939496	0.158599	0.916258	0.242269	-0.319024
60411	9.057376	1.363386	-3.659243	-0.184304	0.059079	-0.107842	0.260410	0.243095	0.934394	0.302240	-0.939668	0.160234	0.916972	0.240684	-0.318172
60412	9.092284	1.339902	-3.580249	-0.177096	0.070926	-0.111522	0.259407	0.244005	0.934435	0.300925	-0.939810	0.161869	0.917689	0.239204	-0.317221
60413	9.174280	1.319840	-3.487454	-0.159870	0.076947	-0.117987	0.258327	0.244971	0.934482	0.299776	-0.939892	0.163519	0.918369	0.237894	-0.316236
60414	9.274445	1.320905	-3.373826	-0.154523	0.084606	-0.118579	0.257180	0.245917	0.934550	0.298680	-0.939956	0.165146	0.919048	0.236659	-0.315189
60415	9.421751	1.328171	-3.337606	-0.138973	0.089304	-0.114828	0.255997	0.246826	0.934635	0.297710	-0.939990	0.166697	0.919692	0.235576	-0.314118
60416	9.657234	1.468103	-3.021830	-0.116922	0.089537	-0.099225	0.254863	0.247580	0.934745	0.296906	-0.940008	0.168020	0.920267	0.234710	-0.313082
60417	9.730649	1.524744	-2.741955	-0.147702	0.081643	-0.075719	0.253868	0.248140	0.934867	0.295753	-0.940155	0.169231	0.920913	0.233527	-0.312064
60418	9.757141	1.425085	-2.436479	-0.170161	0.058815	-0.069030	0.253108	0.248685	0.934929	0.294378	-0.940369	0.170437	0.921563	0.232083	-0.311222
60419	9.693814	1.444241	-2.122624	-0.128283	0.039013	-0.059686	0.252554	0.249196	0.934943	0.293359	-0.940506	0.171434	0.922040	0.230978	-0.310632
60420	9.753269	1.525888	-1.637804	-0.118913	0.020360	-0.037843	0.252239	0.249537	0.934937	0.292374	-0.940675	0.172188	0.922439	0.229918	-0.310233
60421	9.863520	1.663612	-1.347831	-0.087746	0.004750	0.000596	0.252178	0.249561	0.934947	0.291576	-0.940866	0.172495	0.922708	0.229108	-0.310032
60422	9.789584	1.939768	-0.989652	-0.056511	-0.019206	0.044425	0.252468	0.249218	0.934960	0.290957	-0.941096	0.172286	0.922824	0.228537	-0.310108
60423	9.750014	1.985938	-0.866717	-0.116355	-0.081168	0.093847	0.253471	0.248560	0.934864	0.289659	-0.941583	0.171811	0.922957	0.227243	-0.310661
60424	9.626202	2.049705	-0.813195	-0.166299	-0.142734	0.150742	0.255205	0.247495	0.934675	0.287756	-0.942323	0.170951	0.923075	0.225331	-0.311703
60425	9.645350	2.088760	-0.810909	-0.270135	-0.229170	0.221231	0.257935	0.245962	0.934330	0.284708	-0.943462	0.169768	0.923261	0.222222	-0.313379
60426	9.635936	2.030186	-0.955460	-0.377254	-0.296138	0.312008	0.261531	0.243699	0.933923	0.280429	-0.945046	0.168071	0.923559	0.217943	-0.315499
60427	9.618688	2.066920	-1.374226	-0.530565	-0.390961	0.425329	0.266305	0.240556	0.933389	0.274419	-0.947205	0.165822	0.924000	0.211980	-0.318258
60428	9.444659	1.952012	-1.569580	-0.727107	-0.467182	0.524352	0.272020	0.236585	0.932755	0.266301	-0.949958	0.163287	0.924710	0.203976	-0.321410
60429	9.288222	1.544530	-2.161470	-0.872281	-0.533739	0.616893	0.278553	0.231819	0.932024	0.256547	-0.953130	0.160395	0.925523	0.194430	-0.324970
60430	9.251287	1.417775	-2.344784	-0.975097	-0.622849	0.696371	0.286047	0.226379	0.931091	0.245569	-0.956560	0.157129	0.926214	0.183701	-0.329213
60431	9.466665	1.212558	-2.639004	-1.124766	-0.670416	0.762925	0.294068	0.220299	0.930050	0.232948	-0.960251	0.153798	0.926962	0.171427	-0.333697
60432	9.456121	0.952651	-3.366760	-1.255766	-0.676665	0.833420	0.302206	0.213426	0.929043	0.218834	-0.964117	0.150300	0.927784	0.157885	-0.338067
60433	9.384101	0.910934	-3.699354	-1.349940	-0.672899	0.914077	0.310367	0.205651	0.928106	0.203520	-0.968057	0.146445	0.928575	0.143436	-0.342307
60434	9.241276	0.632591	-4.064098	-1.465065	-0.631106	0.980144	0.318124	0.197032	0.927348	0.186845	-0.972010	0.142425	0.929454	0.127962	-0.346035
60435	9.037283	0.279933	-4.420384	-1.498552	-0.590986	1.030826	0.325443	0.187745	0.926735	0.169610	-0.975785	0.138119	0.930225	0.112233	-0.349406
60436	8.894159	-0.010766	-4.749358	-1.493877	-0.548197	1.042090	0.332205	0.178163	0.926228	0.152300	-0.979244	0.133737	0.930830	0.096636	-0.352444
60437	8.816003	-0.359610	-4.851820	-1.392747	-0.510870	1.004179	0.338397	0.168814	0.925737	0.135983	-0.982223	0.129407	0.931126	0.082093	-0.355337
60438	8.632634	-0.941964	-4.905353	-1.214725	-0.471631	0.911182	0.343948	0.160243	0.925215	0.121582	-0.984636	0.125336	0.931084	0.069381	-0.358146
60439	8.373758	-1.775786	-5.206985	-0.911486	-0.455756	0.765697	0.349067	0.153034	0.924518	0.110462	-0.986417	0.121573	0.930564	0.059687	-0.361230
60440	8.426280	-2.685914	-5.290223	-0.461360	-0.468982	0.598979	0.354060	0.147420	0.923531	0.104085	-0.987575	0.117740	0.929413	0.054439	-0.365005
60441	8.645500	-3.315593	-4.982405	0.079728	-0.429184	0.432584	0.358483	0.143425	0.922453	0.103302	-0.988154	0.113495	0.927803	0.054605	-0.369053
60442	8.602274	-3.539680	-4.758294	0.698146	-0.355681	0.266125	0.362052	0.141029	0.921428	0.108834	-0.988124	0.108473	0.925783	0.061010	-0.373101
60443	8.452767	-3.177088	-4.675282	1.335428	-0.279592	0.098573	0.364739	0.140287	0.920481	0.120840	-0.987356	0.102596	0.923235	0.073810	-0.377079
60444	8.375244	-2.242965	-4.654788	1.892624	-0.209704	-0.075885	0.366563	0.141235	0.919611	0.138583	-0.985673	0.096141	0.920014	0.092201	-0.380884
60445	8.601759	-1.129937	-4.572403	2.272387	-0.118275	-0.243308	0.367273	0.143796	0.918931	0.160358	-0.982972	0.089726	0.916186	0.114404	-0.384078
60446	8.913109	-0.210695	-4.517016	2.474956	-0.008154	-0.372153	0.366695	0.147481	0.918577	0.184369	-0.979293	0.083629	0.911890	0.138690	-0.386293
60447	8.843165	0.395798	-3.919822	2.579437	0.082069	-0.477196	0.364994	0.152061	0.918508	0.209594	-0.974667	0.078071	0.907111	0.164018	-0.387619
60448	8.820905	0.656882	-2.690020	2.561095	0.128077	-0.567949	0.362561	0.157378	0.918576	0.234848	-0.969259	0.073367	0.901885	0.189126	-0.388375
60449	8.761278	0.422613	-3.431074	2.476458	0.271119	-0.679832	0.358425	0.163443	0.919140	0.259589	-0.963176	0.070045	0.896741	0.213493	-0.387654
60450	8.729982	0.890466	-3.648762	2.458737	0.389384	-0.760106	0.352861	0.169882	0.920125	0.284299	-0.956354	0.067544	0.891439	0.237757	-0.385757
60451	8.931733	1.147711	-3.700197	2.334801	0.506659	-0.808146	0.345945	0.176359	0.921531	0.307894	-0.949125	0.066055	0.886297	0.260883	-0.382645
60452	9.009164	1.629177	-3.753237	2.225378	0.610777	-0.816877	0.337922	0.182441	0.923322	0.330377	-0.941599	0.065140	0.881283	0.283032	-0.378462
60453	9.172691	1.937562	-3.644659	2.058062	0.693050	-0.802044	0.329077	0.187970	0.925406	0.351158	-0.934067	0.064857	0.876582	0.303621	-0.373387
60454	9.252145	2.196260	-3.502625	1.876478	0.772539	-0.765612	0.319540	0.192695	0.927773	0.370070	-0.926726	0.065019	0.872320	0.322565	-0.367437
60455	9.418296	2.514919	-3.423704	1.689224	0.858641	-0.725567	0.309297	0.196589	0.930424	0.387072	-0.919709	0.065652	0.868626	0.339835	-0.360557
60456	9.477677	2.932487	-3.338766	1.476511	0.938887	-0.660852	0.298526	0.199403	0.933338	0.401903	-0.913260	0.066566	0.865654	0.355240	-0.352773
60457	9.478544	3.490859	-3.160029	1.213699	0.992933	-0.579152	0.287554	0.201122	0.936409	0.414109	-0.907699	0.067791	0.863612	0.368282	-0.344299
60458	9.541516	4.055672	-2.851009	0.909444	1.010568	-0.451591	0.276917	0.201459	0.939538	0.423251	-0.903385	0.068959	0.862656	0.378564	-0.335431
60459	9.601435	4.436711	-2.492964	0.523176	1.017341	-0.301082	0.266831	0.200327	0.942693	0.428598	-0.900772	0.070103	0.863195	0.385330	-0.326214
60460	9.727519	4.535872	-2.195071	0.112618	1.018841	-0.132863	0.257430	0.197605	0.945876	0.429935	-0.900062	0.071023	0.865382	0.388382	-0.316660
60461	9.797426	4.350197	-1.955329	-0.284348	1.007132	0.030820	0.248803	0.193456	0.949037	0.427404	-0.901216	0.071659	0.869151	0.387793	-0.306909
60462	9.859047	3.772149	-1.825313	-0.663484	0.979527	0.165702	0.240940	0.188208	0.952117	0.421229	-0.904083	0.072118	0.874365	0.383683	-0.297108
60463	9.825233	2.984017	-1.832334	-0.911845	0.932019	0.267191	0.233852	0.182279	0.955033	0.412606	-0.908038	0.072277	0.880380	0.377150	-0.287556
60464	9.658835	2.346982	-1.718632	-1.030496	0.875570	0.314122	0.227369	0.176178	0.957739	0.402791	-0.912438	0.072222	0.886602	0.369348	-0.278423
60465	9.674203	1.905013	-1.599920	-1.058229	0.800927	0.344241	0.221589	0.170143	0.960182	0.392616	-0.916891	0.071864	0.892609	0.361058	-0.269974
60466	9.731908	1.597162	-1.577187	-1.038576	0.739047	0.345665	0.216283	0.164356	0.962397	0.382572	-0.921168	0.071338	0.898254	0.352757	-0.262111
60467	9.795172	1.334976	-1.596143	-0.947374	0.668547	0.328170	0.211479	0.159033	0.964357	0.373348	-0.924996	0.070668	0.903265	0.345096	-0.254991
60468	9.725744	1.221346	-1.640694	-0.826332	0.598837	0.292757	0.207109	0.154302	0.966073	0.365265	-0.928271	0.069958	0.907572	0.338384	-0.248615
60469	9.555780	1.113648	-1.639403	-0.678474	0.526564	0.247274	0.203194	0.150275	0.967538	0.358599	-0.930917	0.069277	0.911108	0.332882	-0.243045
60470	9.390933	1.022718	-1.669622	-0.514940	0.454909	0.179082	0.199652	0.147130	0.968758	0.353552	-0.932880	0.068818	0.913860	0.328767	-0.238270
60471	9.160518	1.001465	-1.752620	-0.331647	0.384304	0.121620	0.196543	0.144776	0.969748	0.350288	-0.934137	0.068465	0.915789	0.326234	-0.234311
60472	9.079509	0.961831	-1.895967	-0.160161	0.309194	0.060755	0.193893	0.143230	0.970510	0.348713	-0.934739	0.068284	0.916954	0.325190	-0.231186
60473	8.962100	0.882498	-2.088528	-0.000030	0.254206	0.001599	0.191546	0.142428	0.971095	0.348720	-0.934734	0.068311	0.917445	0.325556	-0.228712
60474	8.947812	0.849028	-2.220159	0.172675	0.203900	-0.055072	0.189454	0.142306	0.971523	0.350421	-0.934085	0.068488	0.917231	0.327466	-0.226833
60475	8.995274	0.876173	-2.386007	0.319422	0.170473	-0.104662	0.187501	0.142761	0.971835	0.353557	-0.932878	0.068825	0.916429	0.330694	-0.225389
60476	8.950018	0.742189	-2.511640	0.446013	0.136167	-0.146120	0.185705	0.143700	0.972041	0.357925	-0.931177	0.069278	0.915098	0.335053	-0.224358
60477	8.845831	0.651508	-2.695108	0.549192	0.096709	-0.183993	0.184135	0.145123	0.972128	0.363296	-0.929049	0.069879	0.913296	0.340303	-0.223793
60478	8.788407	0.645553	-2.809543	0.654688	0.063666	-0.227385	0.182692	0.147044	0.972112	0.369696	-0.926462	0.070661	0.911015	0.346477	-0.223619
60479	8.657930	0.794334	-2.827588	0.722354	0.028737	-0.263136	0.181426	0.149416	0.971987	0.376756	-0.923538	0.071645	0.908372	0.353204	-0.223847
60480	8.674113	0.941067	-2.828138	0.731959	-0.007766	-0.293063	0.180352	0.152176	0.971759	0.383936	-0.920478	0.072889	0.905575	0.359947	-0.224436
60481	8.569268	0.984302	-2.850965	0.707896	-0.034094	-0.302655	0.179465	0.155119	0.971458	0.390891	-0.917435	0.074280	0.902772	0.366403	-0.225282
60482	8.413280	0.993531	-2.944939	0.654416	-0.071980	-0.298697	0.178908	0.158151	0.971072	0.397336	-0.914542	0.075740	0.900065	0.372291	-0.226458
60483	8.361324	1.050177	-2.916157	0.590541	-0.116172	-0.279044	0.178811	0.161173	0.970593	0.403152	-0.911875	0.077150	0.897494	0.377502	-0.228031
60484	8.315251	1.118586	-2.911059	0.509390	-0.161368	-0.245659	0.179232	0.164053	0.970032	0.408169	-0.909533	0.078404	0.895139	0.381884	-0.229979
60485	8.173079	1.168335	-2.864727	0.402425	-0.211145	-0.208388	0.180241	0.166794	0.969378	0.412151	-0.907637	0.079537	0.893109	0.385194	-0.232338
60486	8.103438	1.267424	-2.884611	0.283991	-0.259857	-0.159913	0.181870	0.169278	0.968643	0.414985	-0.906263	0.080460	0.891465	0.387339	-0.235070
60487	8.007425	1.297587	-2.895275	0.152528	-0.300491	-0.095778	0.184124	0.171349	0.967852	0.416529	-0.905500	0.081069	0.890282	0.388212	-0.238096
60488	7.958945	1.296524	-2.819688	0.025321	-0.333965	-0.024656	0.186965	0.172899	0.967032	0.416811	-0.905351	0.081285	0.889557	0.387872	-0.241335
60489	7.927882	1.174528	-2.836099	-0.114178	-0.381355	0.052582	0.190551	0.173936	0.966145	0.415707	-0.905876	0.081097	0.889313	0.386180	-0.244922
60490	8.056588	0.953192	-2.915233	-0.247738	-0.423017	0.136779	0.194853	0.174356	0.965211	0.413251	-0.907059	0.080426	0.889526	0.383203	-0.248795
60491	8.414935	0.810452	-2.935469	-0.340517	-0.474180	0.228701	0.199989	0.174125	0.964202	0.409780	-0.908747	0.079116	0.889991	0.379288	-0.253092
60492	10.311450	0.317827	-1.903763	-0.468427	-0.516194	0.371077	0.206069	0.172725	0.963173	0.404867	-0.911147	0.076775	0.890852	0.374136	-0.257690
60493	9.472305	0.310498	-2.175293	-0.550063	-0.470687	0.438224	0.212003	0.170511	0.962279	0.399058	-0.913932	0.074027	0.892080	0.368312	-0.261801
60494	9.795695	-0.189173	-2.356892	-0.560957	-0.490893	0.486725	0.218286	0.167882	0.961336	0.393016	-0.916797	0.070864	0.893247	0.362352	-0.266104
60495	9.852828	0.046959	-2.194358	-0.549108	-0.471636	0.498138	0.224421	0.165042	0.960415	0.387017	-0.919592	0.067592	0.894345	0.356528	-0.270250
60496	10.977350	0.860102	-2.257756	-0.402498	-0.380351	0.437819	0.229482	0.162391	0.959670	0.382435	-0.921727	0.064520	0.895032	0.352205	-0.273624
60497	11.012041	1.566861	-1.339525	-0.506653	-0.348146	0.360298	0.233946	0.160321	0.958940	0.377075	-0.924072	0.062499	0.896150	0.346971	-0.276636
60498	10.691208	0.075098	-2.442993	-0.619523	-0.403184	0.279565	0.238580	0.159153	0.957993	0.370871	-0.926640	0.061582	0.897516	0.340600	-0.280103
