// General information: 
//  MT Manager version: 2022.2.0 
//  XDA version: 2022.2.0 build 7381 rev 124627 built on 2023-07-19
// Device information: 
//  DeviceId: 00B4CAF0
//  ProductCode: MTW2-3A7G6
//  Firmware Version: 4.6.0
//  Hardware Version: 2.0.0
// Device settings: 
//  Filter Profile: human(46.1)
//  Option Flags: Orientation Smoother Disabled, Position/Velocity Smoother Disabled, Continuous Zero Rotation Update Disabled, AHS Disabled, ICC Disabled
// Coordinate system: ENU
PacketCounter	Acc_X	Acc_Y	Acc_Z	Gyr_X	Gyr_Y	Gyr_Z	Mat[1][1]	Mat[2][1]	Mat[3][1]	Mat[1][2]	Mat[2][2]	Mat[3][2]	Mat[1][3]	Mat[2][3]	Mat[3][3]
52676	4.286064	-1.175110	9.246548	0.009948	0.004232	-0.000920	-0.841139	0.343329	0.417863	-0.422759	-0.899280	-0.112119	0.337282	-0.270963	0.901565
52677	4.338383	-1.162152	9.253726	0.011938	0.006198	0.003580	-0.841156	0.343335	0.417826	-0.422728	-0.899303	-0.112051	0.337281	-0.270878	0.901591
52678	4.306076	-1.174552	9.259261	0.005653	0.009839	0.001425	-0.841174	0.343372	0.417759	-0.422739	-0.899300	-0.112033	0.337221	-0.270842	0.901624
52679	4.330617	-1.141110	9.267476	0.008272	0.007294	0.004614	-0.841198	0.343371	0.417711	-0.422711	-0.899317	-0.112002	0.337196	-0.270787	0.901650
52680	4.314747	-1.159108	9.243156	0.010523	0.008223	0.002204	-0.841196	0.343440	0.417658	-0.422746	-0.899308	-0.111942	0.337158	-0.270728	0.901682
52681	4.313817	-1.158206	9.243703	0.011656	0.011194	0.003482	-0.841229	0.343460	0.417576	-0.422716	-0.899330	-0.111876	0.337114	-0.270630	0.901728
52682	4.312829	-1.157369	9.244269	0.009964	0.009245	0.004048	-0.841262	0.343453	0.417514	-0.422671	-0.899357	-0.111830	0.337086	-0.270549	0.901763
52683	4.291383	-1.184848	9.278816	0.013419	0.009653	0.003451	-0.841290	0.343469	0.417446	-0.422636	-0.899384	-0.111748	0.337062	-0.270440	0.901805
52684	4.300872	-1.169626	9.262303	0.011935	0.006200	0.003581	-0.841306	0.343471	0.417411	-0.422602	-0.899408	-0.111681	0.337064	-0.270357	0.901829
52685	4.298925	-1.144429	9.317287	0.008829	0.006275	0.002770	-0.841319	0.343484	0.417375	-0.422588	-0.899420	-0.111638	0.337049	-0.270301	0.901851
52686	4.299483	-1.167904	9.263166	0.013418	0.009654	0.003450	-0.841347	0.343494	0.417310	-0.422548	-0.899449	-0.111557	0.337030	-0.270192	0.901891
52687	4.292523	-1.146998	9.276492	0.012284	0.006683	0.002173	-0.841359	0.343513	0.417270	-0.422527	-0.899468	-0.111480	0.337027	-0.270103	0.901919
52688	4.319378	-1.166822	9.276012	0.012842	0.005661	0.000329	-0.841355	0.343553	0.417245	-0.422528	-0.899479	-0.111391	0.337035	-0.270017	0.901941
52689	4.286596	-1.149314	9.235517	0.012493	0.005179	0.001737	-0.841360	0.343572	0.417220	-0.422510	-0.899497	-0.111310	0.337045	-0.269931	0.901963
52690	4.269653	-1.142640	9.265700	0.010939	0.005217	0.001331	-0.841362	0.343596	0.417195	-0.422503	-0.899509	-0.111244	0.337048	-0.269863	0.901983
52691	4.296810	-1.162436	9.265093	0.014674	0.000630	0.000835	-0.841348	0.343611	0.417212	-0.422485	-0.899530	-0.111140	0.337105	-0.269773	0.901988
52692	4.339092	-1.163573	9.289217	0.010240	0.004253	0.004147	-0.841372	0.343572	0.417194	-0.422420	-0.899566	-0.111092	0.337125	-0.269701	0.902002
52693	4.286009	-1.174535	9.282610	0.013470	0.001149	-0.000978	-0.841352	0.343605	0.417207	-0.422422	-0.899578	-0.110991	0.337174	-0.269620	0.902008
52694	4.312567	-1.164698	9.236020	0.014813	0.002617	-0.000137	-0.841322	0.343677	0.417209	-0.422459	-0.899574	-0.110882	0.337203	-0.269541	0.902021
52695	4.291060	-1.162300	9.224358	0.013260	0.002654	-0.000543	-0.841309	0.343710	0.417209	-0.422458	-0.899587	-0.110785	0.337238	-0.269457	0.902033
52696	4.285664	-1.170597	9.283267	0.013749	-0.003846	-0.000875	-0.841265	0.343741	0.417270	-0.422473	-0.899592	-0.110683	0.337327	-0.269399	0.902017
52697	4.323648	-1.175979	9.265438	0.014238	-0.001378	-0.003257	-0.841227	0.343787	0.417309	-0.422491	-0.899598	-0.110565	0.337400	-0.269320	0.902013
52698	4.318429	-1.183929	9.324312	0.017552	-0.002956	-0.002880	-0.841203	0.343780	0.417364	-0.422447	-0.899636	-0.110422	0.337515	-0.269202	0.902006
52699	4.314076	-1.186793	9.282561	0.017622	-0.006446	-0.002342	-0.841151	0.343805	0.417448	-0.422446	-0.899654	-0.110278	0.337644	-0.269110	0.901985
52700	4.346116	-1.171678	9.277497	0.021913	-0.003089	-0.006730	-0.841088	0.343889	0.417506	-0.422481	-0.899662	-0.110080	0.337759	-0.268975	0.901982
52701	4.320271	-1.172733	9.224006	0.024302	-0.000176	-0.010115	-0.841025	0.344001	0.417541	-0.422522	-0.899672	-0.109843	0.337864	-0.268801	0.901994
52702	4.325098	-1.165367	9.266102	0.026637	0.002280	-0.007027	-0.840976	0.344105	0.417553	-0.422547	-0.899690	-0.109600	0.337954	-0.268606	0.902019
52703	4.339156	-1.114185	9.245314	0.031571	0.006144	-0.007759	-0.840945	0.344212	0.417528	-0.422544	-0.899727	-0.109307	0.338037	-0.268346	0.902065
52704	4.344725	-1.130823	9.233225	0.032353	0.008639	-0.005077	-0.840930	0.344307	0.417480	-0.422522	-0.899772	-0.109021	0.338100	-0.268074	0.902122
52705	4.333556	-1.141872	9.251073	0.029176	0.012202	-0.006431	-0.840924	0.344418	0.417400	-0.422516	-0.899807	-0.108756	0.338122	-0.267814	0.902192
52706	4.311391	-1.137731	9.239930	0.032349	0.008642	-0.005077	-0.840902	0.344531	0.417352	-0.422514	-0.899842	-0.108469	0.338180	-0.267549	0.902248
52707	4.268737	-1.161667	9.262887	0.032835	0.011109	-0.007462	-0.840888	0.344648	0.417283	-0.422505	-0.899883	-0.108166	0.338227	-0.267259	0.902317
52708	4.295406	-1.179048	9.262906	0.037560	0.007515	-0.005702	-0.840889	0.344694	0.417244	-0.422416	-0.899965	-0.107832	0.338336	-0.266925	0.902375
52709	4.309992	-1.156424	9.288290	0.037979	0.004507	-0.006567	-0.840856	0.344786	0.417233	-0.422381	-0.900023	-0.107486	0.338459	-0.266612	0.902421
52710	4.256234	-1.135128	9.235986	0.042547	0.002868	-0.010848	-0.840801	0.344908	0.417244	-0.422365	-0.900078	-0.107084	0.338618	-0.266265	0.902464
52711	4.271373	-1.111668	9.261180	0.046278	-0.001715	-0.011332	-0.840727	0.345027	0.417294	-0.422342	-0.900141	-0.106644	0.338829	-0.265899	0.902493
52712	4.261547	-1.121133	9.278611	0.043244	-0.005133	-0.011599	-0.840649	0.345118	0.417377	-0.422312	-0.900204	-0.106232	0.339062	-0.265567	0.902503
52713	4.244187	-1.198613	9.304566	0.044504	-0.014162	-0.014188	-0.840521	0.345229	0.417542	-0.422319	-0.900252	-0.105796	0.339370	-0.265260	0.902477
52714	4.208280	-1.186865	9.322204	0.046249	-0.020728	-0.019163	-0.840346	0.345372	0.417776	-0.422368	-0.900285	-0.105324	0.339741	-0.264964	0.902425
52715	4.292487	-1.215430	9.273321	0.043498	-0.029141	-0.019309	-0.840146	0.345489	0.418082	-0.422421	-0.900312	-0.104876	0.340170	-0.264717	0.902335
52716	4.271977	-1.155562	9.268912	0.045392	-0.028692	-0.020315	-0.839920	0.345670	0.418387	-0.422533	-0.900314	-0.104407	0.340589	-0.264475	0.902248
52717	4.317719	-1.152145	9.291971	0.046627	-0.033792	-0.029922	-0.839658	0.345871	0.418745	-0.422664	-0.900313	-0.103885	0.341071	-0.264217	0.902142
52718	4.309547	-1.102227	9.215711	0.051557	-0.038877	-0.028588	-0.839371	0.346078	0.419150	-0.422802	-0.900312	-0.103326	0.341607	-0.263947	0.902018
52719	4.356555	-0.985492	9.296411	0.041643	-0.038761	-0.041149	-0.839044	0.346367	0.419565	-0.423044	-0.900258	-0.102803	0.342109	-0.263750	0.901885
52720	4.243502	-1.244190	9.183148	0.031155	-0.028664	-0.053953	-0.838676	0.346849	0.419903	-0.423484	-0.900106	-0.102321	0.342467	-0.263636	0.901783
52721	4.314205	-1.070023	9.325588	0.031374	-0.039120	-0.052297	-0.838300	0.347238	0.420332	-0.423854	-0.899987	-0.101843	0.342929	-0.263534	0.901637
52722	4.283099	-0.969831	9.345431	0.035372	-0.053716	-0.057596	-0.837860	0.347610	0.420901	-0.424228	-0.899871	-0.101308	0.343540	-0.263440	0.901432
52723	4.451335	-1.143305	9.188772	0.043556	-0.047476	-0.065006	-0.837401	0.348090	0.421417	-0.424662	-0.899738	-0.100666	0.344124	-0.263258	0.901263
52724	4.474029	-1.053865	9.161061	0.043628	-0.037211	-0.086532	-0.836868	0.348833	0.421861	-0.425320	-0.899508	-0.099935	0.344607	-0.263058	0.901136
52725	4.421815	-1.091908	9.157915	0.034506	-0.034431	-0.127817	-0.836185	0.349913	0.422321	-0.426310	-0.899132	-0.099109	0.345043	-0.262913	0.901012
52726	4.442651	-1.322294	9.212521	0.022886	-0.036103	-0.171195	-0.835313	0.351366	0.422840	-0.427689	-0.898575	-0.098206	0.345447	-0.262877	0.900868
52727	4.458290	-1.414273	9.237047	0.021202	-0.027574	-0.223564	-0.834240	0.353323	0.423329	-0.429521	-0.897822	-0.097094	0.345768	-0.262828	0.900758
52728	4.506105	-1.374291	9.213236	0.005053	-0.035234	-0.280009	-0.832885	0.355776	0.423941	-0.431892	-0.896814	-0.095888	0.346081	-0.262960	0.900600
52729	4.614852	-1.456861	9.225608	-0.016783	-0.037881	-0.347936	-0.831226	0.358816	0.424636	-0.434884	-0.895505	-0.094587	0.346324	-0.263291	0.900410
52730	4.831421	-1.798647	9.185886	-0.018286	-0.040015	-0.443499	-0.829140	0.362672	0.425436	-0.438641	-0.893848	-0.092894	0.346585	-0.263636	0.900208
52731	5.031048	-2.216156	9.030587	0.000866	-0.023476	-0.560787	-0.826565	0.367638	0.426184	-0.443319	-0.891781	-0.090523	0.346783	-0.263759	0.900096
52732	4.995449	-2.226650	9.069928	0.008961	-0.001657	-0.695902	-0.823434	0.373845	0.426844	-0.449063	-0.889205	-0.087501	0.346840	-0.263731	0.900082
52733	4.971173	-2.069674	9.145759	-0.014188	0.006162	-0.855412	-0.819563	0.381474	0.427544	-0.456178	-0.885915	-0.083999	0.346725	-0.263879	0.900083
52734	5.118386	-2.658635	9.168578	-0.007174	0.019281	-1.027097	-0.814855	0.390671	0.428237	-0.464687	-0.881881	-0.079694	0.346520	-0.263935	0.900145
52735	4.793418	-2.286662	9.141699	0.035575	0.037261	-1.181610	-0.809416	0.401183	0.428834	-0.474199	-0.877274	-0.074334	0.346383	-0.263519	0.900320
52736	4.682614	-1.771154	9.215443	0.040169	0.042417	-1.315580	-0.803256	0.412771	0.429418	-0.484655	-0.872030	-0.068356	0.346251	-0.263027	0.900515
52737	4.394973	-1.163077	9.280123	-0.005346	0.023561	-1.435654	-0.796274	0.425329	0.430165	-0.496194	-0.865977	-0.062258	0.346033	-0.263019	0.900601
52738	4.115494	-0.832373	9.433088	-0.108425	-0.015691	-1.552368	-0.788396	0.438687	0.431260	-0.508899	-0.858965	-0.056573	0.345619	-0.264070	0.900452
52739	4.055464	-1.119284	9.511226	-0.232702	-0.077006	-1.670409	-0.779490	0.452783	0.432876	-0.522836	-0.850878	-0.051475	0.345018	-0.266447	0.899982
52740	4.091662	-1.524911	9.662088	-0.321771	-0.141100	-1.777734	-0.769558	0.467454	0.435048	-0.537737	-0.841819	-0.046681	0.344410	-0.269866	0.899196
52741	4.265000	-2.044081	9.723349	-0.375069	-0.204723	-1.891737	-0.758508	0.482746	0.437746	-0.553519	-0.831786	-0.041820	0.343922	-0.274022	0.898126
52742	4.283462	-2.328945	9.451373	-0.426086	-0.288764	-1.993020	-0.746285	0.498439	0.441154	-0.570024	-0.820799	-0.036908	0.343703	-0.279012	0.896672
52743	4.593951	-1.885812	9.512792	-0.358757	-0.287066	-2.035072	-0.733507	0.514239	0.444439	-0.586351	-0.809458	-0.031134	0.343745	-0.283435	0.895268
52744	4.690818	-2.408465	9.091061	-0.287290	-0.319772	-1.954836	-0.720764	0.529052	0.447889	-0.601586	-0.798417	-0.025000	0.344376	-0.287462	0.893740
52745	4.713409	-3.080706	8.520579	-0.274763	-0.410100	-1.621457	-0.709467	0.540750	0.451936	-0.614164	-0.788920	-0.020181	0.345629	-0.291881	0.891822
52746	5.012591	-4.383853	7.972196	-0.315112	-0.528688	-1.029728	-0.701235	0.547288	0.456886	-0.622548	-0.782367	-0.018325	0.347424	-0.297284	0.889336
52747	5.352688	-5.731427	7.860466	-0.320776	-0.651731	-0.269041	-0.697257	0.547449	0.462744	-0.625583	-0.779903	-0.019958	0.349969	-0.303401	0.886267
52748	5.501218	-6.748465	7.753716	-0.210976	-0.756232	0.509972	-0.697721	0.541190	0.469360	-0.622833	-0.781980	-0.024212	0.353927	-0.309226	0.882675
52749	5.680120	-6.763235	8.049832	0.066432	-0.820054	1.226898	-0.702355	0.529019	0.476274	-0.614043	-0.788723	-0.029450	0.360069	-0.313137	0.878804
52750	5.506051	-6.487662	8.125461	0.376697	-0.872511	1.844141	-0.710324	0.511673	0.483353	-0.599710	-0.799451	-0.035029	0.368494	-0.314753	0.874724
52751	5.322136	-5.852888	8.317748	0.654742	-0.911972	2.356897	-0.720799	0.489816	0.490438	-0.580433	-0.813284	-0.040813	0.378875	-0.314084	0.870520
52752	5.238367	-4.880040	8.476252	0.892213	-0.951104	2.779505	-0.732900	0.464056	0.497503	-0.556870	-0.829279	-0.046831	0.390836	-0.311367	0.866197
52753	5.418083	-3.880969	8.901552	1.083413	-0.961572	3.138589	-0.746103	0.434799	0.504262	-0.529391	-0.846708	-0.053211	0.403827	-0.306653	0.861910
52754	5.331597	-3.009360	9.212165	1.207253	-0.930407	3.433439	-0.759892	0.402641	0.510338	-0.498661	-0.864698	-0.060285	0.417015	-0.300296	0.857858
52755	5.290402	-2.129495	9.407531	1.262591	-0.850935	3.664982	-0.773932	0.368115	0.515287	-0.465245	-0.882544	-0.068292	0.429624	-0.292588	0.854292
52756	4.790199	-0.322732	9.363148	1.299242	-0.760799	3.836298	-0.787749	0.331786	0.519009	-0.429715	-0.899668	-0.077090	0.441359	-0.283753	0.851285
52757	3.769086	0.347293	9.301313	1.175942	-0.698938	3.885935	-0.800605	0.294587	0.521776	-0.393639	-0.915107	-0.087338	0.451752	-0.275315	0.848600
52758	3.106212	0.823154	9.480899	1.093511	-0.702726	3.772113	-0.811548	0.257960	0.524259	-0.358325	-0.928456	-0.097839	0.461512	-0.267256	0.845920
52759	2.816446	1.421335	9.767777	1.001543	-0.706222	3.548041	-0.820354	0.222978	0.526592	-0.324746	-0.939610	-0.108043	0.470700	-0.259642	0.843224
52760	2.828873	1.903334	10.146728	0.891142	-0.664166	3.245758	-0.827215	0.190682	0.528542	-0.293860	-0.948574	-0.117701	0.478918	-0.252681	0.840708
52761	2.957086	2.228823	10.623858	0.769224	-0.553305	2.881713	-0.832599	0.161886	0.529691	-0.266277	-0.955559	-0.126509	0.485671	-0.246375	0.838703
52762	2.981786	2.304028	10.844557	0.640467	-0.371244	2.473840	-0.837060	0.137330	0.529595	-0.242584	-0.960793	-0.134276	0.490391	-0.240869	0.837556
52763	2.955983	2.434417	11.028462	0.505095	-0.164444	2.032990	-0.840968	0.117389	0.528198	-0.223088	-0.964574	-0.140818	0.492955	-0.236258	0.837363
52764	2.962082	2.437238	10.998693	0.349862	0.044207	1.583817	-0.844583	0.102247	0.525571	-0.208097	-0.967111	-0.146262	0.493330	-0.232900	0.838083
52765	3.044374	2.367241	11.000151	0.175779	0.258660	1.140285	-0.848154	0.091834	0.521730	-0.197625	-0.968613	-0.150778	0.491507	-0.230990	0.839681
52766	3.146947	2.379047	10.997679	-0.007861	0.459629	0.730210	-0.851810	0.085869	0.516765	-0.191535	-0.969223	-0.154665	0.487580	-0.230724	0.842041
52767	3.391701	2.276420	10.984941	-0.215947	0.654296	0.358743	-0.855648	0.083931	0.510707	-0.189564	-0.969016	-0.158349	0.481593	-0.232303	0.845047
52768	3.670729	1.921597	11.015979	-0.401594	0.826063	0.043732	-0.859664	0.085486	0.503657	-0.191180	-0.968094	-0.161999	0.473739	-0.235554	0.848579
52769	3.942830	1.344525	10.890663	-0.539419	0.983087	-0.214592	-0.863843	0.089923	0.495670	-0.195604	-0.966611	-0.165535	0.464235	-0.239951	0.852590
52770	4.202242	0.858055	10.760898	-0.615145	1.112470	-0.407519	-0.868124	0.096599	0.486856	-0.202023	-0.964721	-0.168818	0.453373	-0.244912	0.857013
52771	4.499572	0.440543	10.574534	-0.655659	1.215156	-0.539040	-0.872436	0.104824	0.477355	-0.209692	-0.962542	-0.171875	0.441458	-0.250048	0.861737
52772	4.686328	-0.058606	10.404228	-0.652500	1.299956	-0.609262	-0.876776	0.114005	0.467190	-0.217924	-0.960209	-0.174664	0.428688	-0.254953	0.866733
52773	4.687352	-0.555761	10.049026	-0.603858	1.352991	-0.629122	-0.881074	0.123540	0.456559	-0.226046	-0.957896	-0.177030	0.415465	-0.259179	0.871903
52774	4.699633	-0.854341	9.903845	-0.528033	1.352849	-0.613759	-0.885182	0.132982	0.445835	-0.233686	-0.955711	-0.178905	0.402298	-0.262549	0.877054
52775	4.804196	-1.123098	9.825807	-0.454483	1.318903	-0.570446	-0.889035	0.141930	0.435284	-0.240588	-0.953713	-0.180413	0.389530	-0.265118	0.882031
52776	5.006711	-1.328223	9.712377	-0.388469	1.277163	-0.493348	-0.892716	0.150068	0.424896	-0.246531	-0.951939	-0.181754	0.377200	-0.267006	0.886808
52777	5.135554	-1.458763	9.523736	-0.335550	1.227293	-0.387363	-0.896294	0.157061	0.414716	-0.251284	-0.950430	-0.183136	0.365395	-0.268355	0.891331
52778	5.119430	-1.605190	9.248174	-0.285044	1.161823	-0.263217	-0.899795	0.162722	0.404835	-0.254730	-0.949222	-0.184633	0.354235	-0.269255	0.895555
52779	5.053502	-1.740143	9.034980	-0.228449	1.069538	-0.134959	-0.903168	0.166907	0.395511	-0.256786	-0.948368	-0.186168	0.344018	-0.269703	0.899395
52780	5.023332	-1.830643	8.795348	-0.160299	0.955392	0.002153	-0.906403	0.169501	0.386914	-0.257366	-0.947919	-0.187650	0.334956	-0.269666	0.902821
52781	5.043709	-1.774072	8.647512	-0.091584	0.836380	0.120151	-0.909466	0.170637	0.379149	-0.256619	-0.947860	-0.188965	0.327136	-0.269154	0.905836
52782	5.127283	-1.650096	8.583548	-0.029446	0.712409	0.231726	-0.912352	0.170392	0.372264	-0.254658	-0.948155	-0.190133	0.320567	-0.268268	0.908443
52783	5.205261	-1.473395	8.612942	0.011621	0.600505	0.320801	-0.915058	0.168980	0.366216	-0.251730	-0.948715	-0.191238	0.315119	-0.267181	0.910667
52784	5.241242	-1.364849	8.550400	0.050724	0.499197	0.379424	-0.917555	0.166746	0.360954	-0.248149	-0.949467	-0.192186	0.310668	-0.265911	0.912566
52785	5.218572	-1.177425	8.484061	0.090925	0.409542	0.403810	-0.919800	0.164019	0.356462	-0.244198	-0.950360	-0.192831	0.307139	-0.264413	0.914194
52786	5.135988	-1.024194	8.366680	0.132180	0.328191	0.399558	-0.921758	0.161120	0.352706	-0.240168	-0.951338	-0.193069	0.304435	-0.262671	0.915600
52787	5.026507	-0.851821	8.261043	0.174317	0.243671	0.371507	-0.923369	0.158244	0.349782	-0.236251	-0.952372	-0.192804	0.302613	-0.260666	0.916776
52788	5.052550	-0.723811	8.256783	0.206793	0.164989	0.307227	-0.924575	0.155780	0.347697	-0.232839	-0.953372	-0.192009	0.301573	-0.258484	0.917736
52789	5.238789	-0.572985	8.389110	0.213102	0.108374	0.244386	-0.925454	0.153750	0.346259	-0.229976	-0.954284	-0.190928	0.301074	-0.256326	0.918505
52790	5.395906	-0.471000	8.456033	0.198193	0.084573	0.174277	-0.926095	0.152336	0.345170	-0.227816	-0.955039	-0.189739	0.300746	-0.254351	0.919161
52791	5.424061	-0.478179	8.445399	0.171085	0.086314	0.109281	-0.926589	0.151534	0.344195	-0.226329	-0.955624	-0.188570	0.300346	-0.252628	0.919767
52792	5.493863	-0.451214	8.385104	0.122237	0.093316	0.040338	-0.926948	0.151414	0.343281	-0.225636	-0.955976	-0.187614	0.299761	-0.251365	0.920304
52793	5.427980	-0.428536	8.209889	0.059475	0.109893	-0.025441	-0.927206	0.151956	0.342342	-0.225734	-0.956072	-0.187007	0.298887	-0.250672	0.920777
52794	5.322718	-0.442883	7.942261	-0.008686	0.115018	-0.091338	-0.927330	0.153147	0.341475	-0.226652	-0.955894	-0.186803	0.297805	-0.250624	0.921140
52795	5.198116	-0.610369	7.733220	-0.073201	0.097915	-0.155821	-0.927253	0.154905	0.340890	-0.228354	-0.955456	-0.186974	0.296742	-0.251216	0.921322
52796	5.276271	-0.742569	7.643658	-0.119826	0.082635	-0.228928	-0.926960	0.157326	0.340578	-0.230874	-0.954781	-0.187326	0.295706	-0.252275	0.921366
52797	5.393742	-0.797080	7.528169	-0.144592	0.070053	-0.302419	-0.926450	0.160412	0.340526	-0.234143	-0.953919	-0.187657	0.294732	-0.253586	0.921318
52798	5.442921	-0.839520	7.431362	-0.163219	0.063447	-0.373837	-0.925741	0.164163	0.340666	-0.238127	-0.952882	-0.187915	0.293766	-0.255083	0.921214
52799	5.258515	-0.970322	7.107012	-0.151485	0.057095	-0.471904	-0.924760	0.168826	0.341052	-0.242977	-0.951693	-0.187730	0.292883	-0.256473	0.921109
52800	4.879516	-1.245754	6.613302	-0.050449	0.000628	-0.623821	-0.923214	0.174784	0.342236	-0.248929	-0.950476	-0.186091	0.292761	-0.256995	0.921002
52801	4.777751	-0.898824	6.449458	0.078403	-0.081242	-0.802643	-0.920935	0.182222	0.344490	-0.256140	-0.949229	-0.182641	0.293718	-0.256438	0.920852
52802	4.924233	-0.239336	6.701732	0.127382	-0.157310	-0.967619	-0.917938	0.191020	0.347708	-0.264701	-0.947733	-0.178147	0.295505	-0.255566	0.920523
52803	3.610685	0.518938	7.587052	0.207830	-0.377267	-1.251974	-0.913419	0.201934	0.353395	-0.275586	-0.945787	-0.171873	0.299530	-0.254383	0.919550
52804	3.204768	-2.817694	6.403184	0.090108	-0.506218	-1.372903	-0.908008	0.213633	0.360391	-0.287854	-0.943147	-0.166172	0.304402	-0.254626	0.917881
52805	4.316610	-1.356781	8.539492	0.330483	-0.584845	-1.531982	-0.901685	0.226601	0.368260	-0.300740	-0.940597	-0.157586	0.310675	-0.252844	0.916270
52806	3.284381	-1.815428	9.199747	0.351045	-0.522769	-1.541879	-0.895295	0.239788	0.375432	-0.313531	-0.937868	-0.148665	0.316458	-0.250808	0.914850
52807	2.238124	-2.308841	9.739229	0.417915	-0.500024	-1.541367	-0.888753	0.252998	0.382244	-0.325986	-0.935096	-0.139031	0.322261	-0.248171	0.913542
52808	1.581785	-2.186274	10.121823	0.415750	-0.530837	-1.513334	-0.881984	0.265838	0.389145	-0.338071	-0.932179	-0.129425	0.328346	-0.245710	0.912039
52809	2.277587	3.471154	10.021417	-0.099911	-0.800344	-1.141557	-0.875394	0.274504	0.397912	-0.348473	-0.928829	-0.125868	0.335041	-0.248846	0.908748
52810	5.641744	-9.333285	8.650102	-0.107919	-1.278408	-0.742743	-0.868411	0.278203	0.410445	-0.355354	-0.926488	-0.123868	0.345812	-0.253422	0.903433
52811	26.988475	-8.847804	18.699514	-0.030619	-0.822999	-0.167257	-0.864922	0.277678	0.418097	-0.356950	-0.925927	-0.123476	0.352840	-0.256037	0.899972
52812	1.635009	-3.708517	6.802238	0.843471	1.162992	0.137371	-0.869452	0.279344	0.407457	-0.352858	-0.928402	-0.116455	0.345753	-0.245026	0.905769
52813	-1.437199	1.337891	7.131819	0.073159	-0.450895	-0.068015	-0.867625	0.278891	0.411639	-0.353235	-0.928373	-0.115539	0.349932	-0.245650	0.903993
52814	9.524631	-1.238084	13.956265	0.149161	-0.273816	-0.040218	-0.866501	0.278619	0.414183	-0.353105	-0.928606	-0.114053	0.352836	-0.245077	0.903020
52815	2.191749	-0.531442	8.238066	0.090424	0.092300	0.003043	-0.866819	0.278839	0.413369	-0.352800	-0.928817	-0.113273	0.352359	-0.244024	0.903491
52816	3.381894	-1.305888	8.692799	0.067875	-0.347847	-0.036769	-0.865438	0.278357	0.416575	-0.352924	-0.928860	-0.112535	0.355615	-0.244411	0.902109
52817	5.638203	-1.370216	10.253369	0.129110	-0.177779	-0.032055	-0.864672	0.278243	0.418237	-0.352781	-0.929067	-0.111261	0.357613	-0.243751	0.901498
52818	3.410913	-0.745548	8.694092	0.136517	-0.115651	-0.029748	-0.864133	0.278264	0.419337	-0.352595	-0.929296	-0.109933	0.359098	-0.242853	0.901150
52819	5.352826	-1.145892	9.737962	0.153806	-0.227531	-0.033384	-0.863177	0.278045	0.421446	-0.352370	-0.929558	-0.108432	0.361609	-0.242101	0.900348
52820	4.132015	-0.554348	8.972619	0.201331	0.074309	0.007543	-0.863452	0.278180	0.420793	-0.351622	-0.930044	-0.106677	0.361681	-0.240071	0.900863
52821	4.371939	-1.337391	9.055989	0.156637	-0.108199	-0.002259	-0.863034	0.277964	0.421793	-0.351114	-0.930395	-0.105281	0.363169	-0.238959	0.900559
52822	5.767695	0.185929	9.997981	0.087393	0.059224	0.059124	-0.863436	0.277581	0.421221	-0.350332	-0.930747	-0.104770	0.362969	-0.238029	0.900886
52823	3.923024	-0.526942	9.046154	0.027420	0.037527	0.082500	-0.863842	0.276925	0.420819	-0.349561	-0.931023	-0.104895	0.362745	-0.237714	0.901059
52824	4.567298	-1.438380	9.279826	-0.020313	0.052894	0.087136	-0.864318	0.276264	0.420276	-0.348926	-0.931196	-0.105470	0.362221	-0.237805	0.901246
52825	4.558505	-1.268116	9.370963	-0.041161	0.027698	0.075747	-0.864665	0.275647	0.419969	-0.348461	-0.931290	-0.106184	0.361843	-0.238156	0.901305
52826	4.474397	-1.158645	9.437429	-0.042548	0.024808	0.063018	-0.864954	0.275145	0.419702	-0.348114	-0.931342	-0.106858	0.361485	-0.238532	0.901350
52827	4.425981	-1.371680	9.430845	-0.042289	0.023542	0.056144	-0.865216	0.274701	0.419453	-0.347822	-0.931377	-0.107500	0.361139	-0.238905	0.901390
52828	4.390848	-1.257867	9.360931	-0.031326	0.016838	0.040742	-0.865399	0.274387	0.419282	-0.347627	-0.931395	-0.107979	0.360889	-0.239199	0.901412
52829	4.437137	-1.259666	9.325743	-0.020253	0.011826	0.030797	-0.865530	0.274151	0.419165	-0.347474	-0.931413	-0.108316	0.360720	-0.239399	0.901426
52830	4.364361	-1.188220	9.367738	-0.031042	0.005667	0.022757	-0.865610	0.273978	0.419113	-0.347434	-0.931381	-0.108717	0.360568	-0.239721	0.901401
52831	4.342609	-1.189767	9.355659	-0.030063	0.000005	0.019725	-0.865660	0.273816	0.419115	-0.347412	-0.931345	-0.109096	0.360468	-0.240045	0.901355
52832	4.358348	-1.072391	9.350137	-0.029309	-0.007604	0.017705	-0.865674	0.273659	0.419189	-0.347410	-0.931303	-0.109460	0.360437	-0.240387	0.901277
52833	4.361669	-1.020927	9.254929	-0.029008	-0.019106	0.017710	-0.865649	0.273470	0.419364	-0.347401	-0.931263	-0.109821	0.360506	-0.240754	0.901151
52834	4.317497	-0.971883	9.194942	-0.032430	-0.021151	0.024396	-0.865637	0.273217	0.419553	-0.347352	-0.931232	-0.110242	0.360581	-0.241162	0.901012
52835	4.315711	-1.056815	9.133863	-0.031950	-0.019031	0.028437	-0.865649	0.272929	0.419716	-0.347262	-0.931215	-0.110674	0.360639	-0.241556	0.900883
52836	4.239748	-1.121254	9.108570	-0.035975	-0.014988	0.036742	-0.865703	0.272576	0.419835	-0.347118	-0.931208	-0.111178	0.360649	-0.241979	0.900765
52837	4.237570	-1.208267	9.148039	-0.042780	-0.022292	0.044250	-0.865758	0.272132	0.420009	-0.346930	-0.931207	-0.111774	0.360698	-0.242483	0.900610
52838	4.260457	-1.216462	9.158307	-0.045563	-0.025174	0.042643	-0.865795	0.271699	0.420213	-0.346770	-0.931192	-0.112390	0.360763	-0.243023	0.900439
52839	4.243007	-1.295917	9.227102	-0.042415	-0.021856	0.042833	-0.865847	0.271269	0.420384	-0.346592	-0.931187	-0.112976	0.360809	-0.243522	0.900285
52840	4.263550	-1.357689	9.230906	-0.033531	-0.025958	0.040767	-0.865874	0.270852	0.420596	-0.346405	-0.931196	-0.113476	0.360923	-0.243952	0.900123
52841	4.317945	-1.381564	9.282456	-0.024221	-0.024389	0.030617	-0.865874	0.270529	0.420804	-0.346268	-0.931202	-0.113847	0.361054	-0.244288	0.899979
52842	4.360030	-1.313123	9.222729	-0.010183	-0.021372	0.027117	-0.865871	0.270250	0.420990	-0.346115	-0.931230	-0.114079	0.361209	-0.244489	0.899863
52843	4.390789	-1.257380	9.281605	-0.006681	-0.015855	0.019828	-0.865864	0.270049	0.421133	-0.346008	-0.931250	-0.114247	0.361328	-0.244638	0.899775
52844	4.376124	-1.250345	9.310755	0.001549	-0.008892	0.019189	-0.865878	0.269874	0.421216	-0.345882	-0.931285	-0.114341	0.361415	-0.244696	0.899724
52845	4.352297	-1.201066	9.364362	0.007145	-0.006333	0.016536	-0.865894	0.269727	0.421277	-0.345753	-0.931329	-0.114371	0.361499	-0.244691	0.899692
52846	4.307792	-1.250700	9.334062	0.001517	-0.007109	0.013126	-0.865894	0.269613	0.421351	-0.345680	-0.931348	-0.114439	0.361570	-0.244744	0.899649
52847	4.287377	-1.248823	9.321834	-0.003146	-0.013546	0.006672	-0.865850	0.269540	0.421488	-0.345674	-0.931340	-0.114520	0.361681	-0.244854	0.899574
52848	4.284503	-1.228928	9.333114	-0.009465	-0.020161	0.006292	-0.865779	0.269457	0.421687	-0.345699	-0.931314	-0.114658	0.361827	-0.245045	0.899463
52849	4.270020	-1.248856	9.307950	-0.018650	-0.033124	0.004909	-0.865658	0.269353	0.422002	-0.345765	-0.931263	-0.114871	0.362054	-0.245352	0.899288
52850	4.298060	-1.171323	9.277443	-0.018997	-0.036755	0.000458	-0.865506	0.269284	0.422357	-0.345875	-0.931198	-0.115070	0.362311	-0.245676	0.899096
52851	4.366761	-1.152910	9.263590	-0.023226	-0.046324	0.004714	-0.865337	0.269148	0.422791	-0.345959	-0.931135	-0.115323	0.362636	-0.246061	0.898860
52852	4.402080	-1.171488	9.201741	-0.023083	-0.047841	0.004306	-0.865158	0.269016	0.423240	-0.346051	-0.931070	-0.115575	0.362975	-0.246453	0.898616
52853	4.420920	-1.209435	9.216645	-0.017684	-0.049011	0.008719	-0.864992	0.268836	0.423693	-0.346080	-0.931032	-0.115795	0.363342	-0.246794	0.898374
52854	4.388383	-1.200654	9.232456	-0.013400	-0.044425	0.004657	-0.864826	0.268709	0.424112	-0.346134	-0.930991	-0.115962	0.363684	-0.247086	0.898155
52855	4.412089	-1.231078	9.188478	-0.014445	-0.042232	0.008306	-0.864683	0.268549	0.424504	-0.346155	-0.930959	-0.116151	0.364004	-0.247378	0.897945
52856	4.372295	-1.255540	9.210101	-0.012534	-0.041885	0.007283	-0.864536	0.268403	0.424897	-0.346184	-0.930928	-0.116321	0.364327	-0.247656	0.897737
52857	4.356180	-1.228309	9.250088	-0.014741	-0.039186	0.009123	-0.864407	0.268243	0.425261	-0.346199	-0.930898	-0.116516	0.364620	-0.247942	0.897539
52858	4.346339	-1.297038	9.259121	-0.020321	-0.044940	0.005916	-0.864243	0.268102	0.425682	-0.346268	-0.930843	-0.116750	0.364942	-0.248300	0.897309
52859	4.327270	-1.221903	9.264013	-0.020469	-0.043416	0.006324	-0.864088	0.267958	0.426087	-0.346328	-0.930791	-0.116985	0.365251	-0.248651	0.897087
52860	4.359585	-1.193277	9.267873	-0.023867	-0.048662	0.007146	-0.863915	0.267796	0.426540	-0.346399	-0.930730	-0.117256	0.365593	-0.249052	0.896836
52861	4.390570	-1.191320	9.217894	-0.025640	-0.050522	0.007761	-0.863739	0.267620	0.427007	-0.346467	-0.930669	-0.117543	0.365945	-0.249470	0.896576
52862	4.392714	-1.247898	9.208703	-0.021531	-0.052869	0.004892	-0.863542	0.267468	0.427500	-0.346549	-0.930608	-0.117783	0.366332	-0.249860	0.896310
52863	4.358914	-1.266179	9.170766	-0.025420	-0.048568	0.006754	-0.863369	0.267306	0.427950	-0.346625	-0.930544	-0.118064	0.366667	-0.250271	0.896058
52864	4.363424	-1.268898	9.168245	-0.028217	-0.051439	0.005152	-0.863178	0.267154	0.428430	-0.346729	-0.930467	-0.118365	0.367018	-0.250719	0.895789
52865	4.430182	-1.305465	9.146837	-0.030049	-0.048313	0.005581	-0.863002	0.267003	0.428879	-0.346832	-0.930388	-0.118682	0.367335	-0.251172	0.895532
52866	4.368949	-1.357079	9.203432	-0.038128	-0.048324	0.005047	-0.862822	0.266860	0.429330	-0.346974	-0.930285	-0.119071	0.367624	-0.251704	0.895264
52867	4.358567	-1.353500	9.230344	-0.055197	-0.059324	0.002135	-0.862593	0.266713	0.429881	-0.347200	-0.930134	-0.119599	0.367949	-0.252420	0.894929
52868	4.443633	-1.346172	9.185062	-0.059107	-0.047973	-0.008706	-0.862366	0.266698	0.430346	-0.347538	-0.929940	-0.120116	0.368161	-0.253146	0.894637
52869	4.368923	-1.235390	9.250095	-0.070133	-0.046140	-0.004549	-0.862162	0.266646	0.430787	-0.347877	-0.929732	-0.120748	0.368320	-0.253965	0.894339
52870	4.352414	-1.239313	9.235401	-0.077140	-0.056494	-0.014430	-0.861883	0.266662	0.431334	-0.348331	-0.929477	-0.121402	0.368542	-0.254881	0.893987
52871	4.385726	-1.243455	9.284718	-0.091432	-0.064605	-0.015738	-0.861572	0.266665	0.431954	-0.348845	-0.929183	-0.122175	0.368785	-0.255947	0.893582
52872	4.304279	-1.223540	9.347161	-0.114645	-0.080225	-0.020022	-0.861185	0.266671	0.432720	-0.349486	-0.928815	-0.123138	0.369079	-0.257275	0.893079
52873	4.384632	-1.151492	9.277482	-0.117878	-0.091941	-0.019449	-0.860759	0.266636	0.433588	-0.350129	-0.928440	-0.124131	0.369463	-0.258658	0.892521
52874	4.353943	-1.102715	9.255786	-0.119454	-0.110524	-0.012271	-0.860287	0.266489	0.434614	-0.350722	-0.928077	-0.125169	0.369999	-0.260110	0.891876
52875	4.337218	-1.143983	9.243005	-0.109370	-0.135624	0.000980	-0.859770	0.266148	0.435845	-0.351160	-0.927776	-0.126172	0.370786	-0.261530	0.891134
52876	4.535837	-1.326806	9.056611	-0.107939	-0.135966	0.007831	-0.859273	0.265744	0.437071	-0.351539	-0.927493	-0.127193	0.371579	-0.262941	0.890388
52877	4.575351	-1.406386	8.981671	-0.107530	-0.132030	0.005831	-0.858784	0.265363	0.438262	-0.351929	-0.927206	-0.128199	0.372339	-0.264333	0.889658
52878	4.570448	-1.536965	8.977602	-0.101042	-0.118484	0.005044	-0.858339	0.265028	0.439334	-0.352308	-0.926931	-0.129146	0.373005	-0.265632	0.888992
52879	4.485502	-1.579939	9.090651	-0.105582	-0.101005	-0.004037	-0.857930	0.264818	0.440260	-0.352778	-0.926620	-0.130090	0.373503	-0.266922	0.888396
52880	4.421410	-1.626144	9.215460	-0.122562	-0.094422	-0.021314	-0.857481	0.264788	0.441151	-0.353465	-0.926214	-0.131110	0.373884	-0.268355	0.887804
52881	4.374769	-1.452545	9.411296	-0.139372	-0.099605	-0.032233	-0.856976	0.264840	0.442100	-0.354303	-0.925735	-0.132228	0.374249	-0.269954	0.887166
52882	4.263406	-1.444319	9.378271	-0.156366	-0.125109	-0.041142	-0.856341	0.264907	0.443289	-0.355287	-0.925181	-0.133458	0.374769	-0.271780	0.886388
52883	4.255401	-1.163989	9.640528	-0.176013	-0.165222	-0.045338	-0.855541	0.264897	0.444837	-0.356377	-0.924562	-0.134839	0.375561	-0.273890	0.885403
52884	4.059262	-1.106124	9.958382	-0.200883	-0.242009	-0.058828	-0.854400	0.264800	0.447082	-0.357682	-0.923831	-0.136379	0.376916	-0.276436	0.884035
52885	3.933755	-0.912415	9.974445	-0.228797	-0.344389	-0.053051	-0.852889	0.264353	0.450220	-0.359040	-0.923036	-0.138185	0.379039	-0.279503	0.882160
52886	3.978795	-0.954984	9.943320	-0.255220	-0.470046	-0.045916	-0.850914	0.263479	0.454449	-0.360448	-0.922175	-0.140250	0.382128	-0.283146	0.879663
52887	3.896300	-1.008755	10.018744	-0.252192	-0.594520	-0.045817	-0.848446	0.262228	0.459757	-0.361847	-0.921316	-0.142278	0.386273	-0.287077	0.876573
52888	3.719392	-1.116886	10.187564	-0.258087	-0.749002	-0.049248	-0.845333	0.260538	0.466403	-0.363313	-0.920419	-0.144331	0.391682	-0.291458	0.872718
52889	3.443296	-1.338730	10.401658	-0.264652	-0.929036	-0.064295	-0.841409	0.258420	0.474605	-0.364943	-0.919455	-0.146354	0.398557	-0.296347	0.867946
52890	3.290388	-1.447448	10.553016	-0.280116	-1.165560	-0.091202	-0.836358	0.255795	0.484844	-0.366881	-0.918361	-0.148362	0.407312	-0.301964	0.861925
52891	3.315608	-1.477236	10.573907	-0.264492	-1.413933	-0.144253	-0.829972	0.252827	0.497217	-0.369216	-0.917167	-0.149944	0.418122	-0.308030	0.854571
52892	3.360741	-1.682364	10.680319	-0.213449	-1.659016	-0.203332	-0.822154	0.249552	0.511651	-0.371847	-0.915971	-0.150755	0.431036	-0.314199	0.845864
52893	3.071545	-1.651774	11.156438	-0.087997	-1.916171	-0.291393	-0.812639	0.246165	0.528223	-0.374658	-0.914949	-0.149999	0.446373	-0.319798	0.835751
52894	2.852811	-1.179156	10.769756	-0.118303	-2.218092	-0.375381	-0.801111	0.242454	0.547209	-0.378271	-0.913628	-0.148981	0.463824	-0.326343	0.823630
52895	2.975898	-2.063763	10.307999	-0.154468	-2.577052	-0.473465	-0.787077	0.238287	0.568971	-0.382806	-0.911959	-0.147617	0.483703	-0.333991	0.809000
52896	3.494279	-2.272101	10.092889	-0.084756	-2.897825	-0.581930	-0.770474	0.233822	0.593040	-0.387803	-0.910277	-0.144931	0.505943	-0.341648	0.792022
52897	3.771089	-2.056630	9.600041	0.019469	-3.294480	-0.690259	-0.750673	0.228740	0.619813	-0.392997	-0.908726	-0.140606	0.531078	-0.349134	0.772050
52898	4.455733	-2.392898	9.705716	0.171692	-3.722049	-0.791457	-0.727227	0.222827	0.649222	-0.397957	-0.907522	-0.134292	0.559259	-0.356024	0.748650
52899	5.209687	-1.967564	9.978053	0.211745	-4.112394	-0.860762	-0.700132	0.215863	0.680601	-0.402930	-0.906374	-0.127022	0.589459	-0.363167	0.721559
52900	6.224769	-2.519393	10.047877	0.209568	-4.414439	-0.926341	-0.669642	0.208078	0.712940	-0.408056	-0.905155	-0.119096	0.620540	-0.370672	0.691038
52901	8.207101	-2.835356	10.696477	0.145023	-4.623015	-0.957559	-0.636277	0.199431	0.745237	-0.413433	-0.903726	-0.111142	0.651325	-0.378823	0.657472
52902	11.399911	-4.277900	11.453584	0.132236	-4.606311	-0.999962	-0.601417	0.190852	0.775805	-0.418793	-0.902256	-0.102695	0.680375	-0.386664	0.622560
52903	14.037100	-4.993975	12.149395	0.262422	-4.210416	-0.960906	-0.568153	0.183138	0.802286	-0.422640	-0.901460	-0.093523	0.706100	-0.392213	0.589569
52904	12.257434	-5.590931	10.805478	0.466607	-3.730875	-0.937150	-0.537392	0.176929	0.824564	-0.424527	-0.901582	-0.083221	0.728688	-0.394772	0.559615
52905	10.094319	-3.895116	9.444059	0.722931	-3.540609	-0.994910	-0.506955	0.171950	0.844648	-0.424423	-0.902678	-0.070973	0.750241	-0.394468	0.530597
52906	10.147705	-2.515639	9.435795	0.752896	-3.422654	-0.965483	-0.476816	0.167211	0.862953	-0.423507	-0.903980	-0.058844	0.770253	-0.393524	0.501847
52907	9.058685	-2.009531	8.903898	0.578724	-3.272954	-0.900860	-0.447472	0.162493	0.879412	-0.423207	-0.904752	-0.048166	0.787823	-0.393726	0.473619
52908	7.187029	-1.588124	8.105173	0.340457	-3.184186	-0.849147	-0.418522	0.157629	0.894423	-0.424236	-0.904708	-0.039068	0.803034	-0.395798	0.445512
52909	5.183939	-1.448447	7.248643	0.114351	-3.109630	-0.865643	-0.389631	0.153107	0.908155	-0.426854	-0.903797	-0.030763	0.816078	-0.399636	0.417502
52910	4.154619	-2.643315	6.741220	-0.091600	-3.052146	-0.886997	-0.360728	0.148858	0.920715	-0.430995	-0.902060	-0.023018	0.827115	-0.405127	0.389555
52911	0.064676	-2.125537	6.946276	-0.070190	-2.742688	-0.881804	-0.334066	0.145647	0.931229	-0.434687	-0.900455	-0.015105	0.836329	-0.409839	0.364123
52912	17.887841	-5.623810	9.853672	0.160213	-2.306623	-0.945974	-0.310542	0.144709	0.939480	-0.436452	-0.899709	-0.005685	0.844436	-0.411804	0.342556
52913	11.486739	-5.390903	11.068822	0.705995	-0.210701	-0.386175	-0.307051	0.147344	0.940218	-0.431714	-0.902010	0.000370	0.848140	-0.405792	0.340574
52914	7.671248	-6.831230	9.957723	1.070296	1.031264	0.061804	-0.316053	0.150937	0.936658	-0.422506	-0.906354	0.003490	0.849470	-0.394641	0.350228
52915	3.080021	-6.219784	7.627268	1.441828	1.680139	0.417476	-0.332035	0.153659	0.930667	-0.408945	-0.912546	0.004767	0.850010	-0.379009	0.365835
52916	0.642732	-4.899302	5.832425	1.653751	1.811165	0.660494	-0.350069	0.154338	0.923922	-0.392709	-0.919650	0.004829	0.850430	-0.361142	0.382551
52917	0.080234	-3.171555	5.202075	1.672952	1.762606	0.835009	-0.368238	0.152855	0.917080	-0.375527	-0.926804	0.003689	0.850518	-0.343030	0.398686
52918	0.357947	-1.931777	5.659492	1.459793	1.752622	0.976471	-0.386712	0.149675	0.909973	-0.359518	-0.933138	0.000701	0.849235	-0.326881	0.414667
52919	0.869891	-1.314525	6.002488	1.107878	1.805614	1.057788	-0.405720	0.145583	0.902328	-0.345982	-0.938232	-0.004190	0.845983	-0.313890	0.431029
52920	-0.122267	-0.778986	5.393454	0.715070	1.917809	1.096216	-0.425619	0.141242	0.893811	-0.335483	-0.941983	-0.010898	0.840416	-0.304497	0.448310
52921	-1.427468	-0.718419	5.627913	0.214284	1.715478	1.102294	-0.443613	0.136054	0.885831	-0.328946	-0.944143	-0.019722	0.833668	-0.300139	0.463589
52922	1.143143	-1.533371	6.807008	-0.227506	1.424791	1.105174	-0.459054	0.129932	0.878856	-0.325935	-0.944899	-0.030550	0.826460	-0.300474	0.476109
52923	4.515050	-3.370152	7.711313	-0.435556	1.447933	1.154788	-0.474688	0.123408	0.871460	-0.324173	-0.945031	-0.042752	0.818281	-0.302797	0.488601
52924	6.321328	-4.455818	8.152934	-0.347423	1.741359	1.203755	-0.492736	0.117354	0.862229	-0.321267	-0.945395	-0.054920	0.808701	-0.304067	0.503533
52925	6.567065	-4.311241	8.228193	-0.160450	2.085736	1.205087	-0.513306	0.112311	0.850825	-0.316542	-0.946275	-0.066061	0.797695	-0.303231	0.521280
52926	6.261439	-3.187480	7.928093	-0.059663	2.303631	1.160110	-0.535181	0.108334	0.837762	-0.311027	-0.947342	-0.076187	0.785394	-0.301341	0.540695
52927	6.460063	-2.022327	7.682137	-0.108304	2.403742	1.069299	-0.557173	0.105447	0.823674	-0.306079	-0.948144	-0.085665	0.771929	-0.299839	0.560555
52928	6.854770	-1.454272	7.538041	-0.263429	2.464752	0.946345	-0.578899	0.103912	0.808751	-0.302814	-0.948312	-0.094909	0.757086	-0.299844	0.580443
52929	7.438437	-1.757251	7.585591	-0.411762	2.533133	0.802896	-0.600273	0.103933	0.793013	-0.301212	-0.947894	-0.103772	0.740907	-0.301157	0.600301
52930	7.938082	-2.112501	7.610944	-0.478471	2.633319	0.675713	-0.621588	0.105537	0.776203	-0.300684	-0.947123	-0.112014	0.723338	-0.303019	0.620453
52931	8.106272	-2.366528	7.546166	-0.481971	2.755504	0.563988	-0.642932	0.108592	0.758186	-0.300607	-0.946247	-0.119385	0.704467	-0.304673	0.641016
52932	8.125925	-2.449690	7.485349	-0.458151	2.840316	0.479053	-0.664100	0.112787	0.739088	-0.300756	-0.945344	-0.125979	0.684484	-0.305947	0.661724
52933	8.424258	-2.384590	7.600465	-0.442956	2.905505	0.420515	-0.684926	0.117737	0.719037	-0.300953	-0.944455	-0.132028	0.663554	-0.306825	0.682316
52934	8.773839	-2.209394	7.649715	-0.445377	2.969584	0.403367	-0.705519	0.123109	0.697916	-0.301152	-0.943538	-0.137997	0.641522	-0.307538	0.702759
52935	8.954850	-2.167626	7.584647	-0.460015	3.046450	0.398143	-0.725888	0.128753	0.675655	-0.301247	-0.942607	-0.144020	0.618334	-0.308082	0.723013
52936	8.757889	-2.059548	7.262974	-0.470617	3.102364	0.397186	-0.745889	0.134635	0.652321	-0.301273	-0.941644	-0.150137	0.594040	-0.308513	0.742924
52937	8.327352	-1.896304	7.002329	-0.492087	3.096789	0.415973	-0.765133	0.140303	0.628400	-0.301039	-0.940680	-0.156516	0.569163	-0.308929	0.761982
52938	8.260211	-1.833508	7.025859	-0.522496	3.029475	0.452453	-0.783354	0.145480	0.604312	-0.300539	-0.939674	-0.163367	0.544090	-0.309593	0.779820
52939	8.247730	-1.763095	7.165565	-0.538848	2.959560	0.518740	-0.800623	0.149803	0.580140	-0.299340	-0.938753	-0.170701	0.519037	-0.310326	0.796429
