// General information: 
//  MT Manager version: 2022.2.0 
//  XDA version: 2022.2.0 build 7381 rev 124627 built on 2023-07-19
// Device information: 
//  DeviceId: 00B4CAF0
//  ProductCode: MTW2-3A7G6
//  Firmware Version: 4.6.0
//  Hardware Version: 2.0.0
// Device settings: 
//  Filter Profile: human(46.1)
//  Option Flags: Orientation Smoother Disabled, Position/Velocity Smoother Disabled, Continuous Zero Rotation Update Disabled, AHS Disabled, ICC Disabled
// Coordinate system: ENU
PacketCounter	Acc_X	Acc_Y	Acc_Z	Gyr_X	Gyr_Y	Gyr_Z	Mat[1][1]	Mat[2][1]	Mat[3][1]	Mat[1][2]	Mat[2][2]	Mat[3][2]	Mat[1][3]	Mat[2][3]	Mat[3][3]
61618	4.650344	-0.405165	9.128270	-0.024189	0.011203	-0.001547	0.886953	0.112146	0.448037	-0.117617	0.992935	-0.015697	-0.446632	-0.038775	0.893877
61619	4.645169	-0.280602	9.131764	-0.027912	0.003540	-0.007221	0.886975	0.112038	0.448020	-0.117376	0.992960	-0.015937	-0.446652	-0.038452	0.893881
61620	4.692823	-0.184665	9.204491	-0.036705	-0.005454	-0.006534	0.886950	0.111926	0.448099	-0.117095	0.992988	-0.016255	-0.446776	-0.038052	0.893836
61621	4.709886	-0.142806	9.115828	-0.043687	-0.004013	-0.006320	0.886937	0.111824	0.448150	-0.116791	0.993017	-0.016640	-0.446881	-0.037581	0.893804
61622	4.678688	-0.217653	9.093279	-0.042383	-0.008804	-0.000748	0.886888	0.111771	0.448259	-0.116538	0.993040	-0.017037	-0.447044	-0.037129	0.893741
61623	4.697873	-0.248847	9.102051	-0.031566	-0.013637	0.001059	0.886824	0.111739	0.448395	-0.116353	0.993056	-0.017346	-0.447220	-0.036789	0.893667
61624	4.633521	-0.352840	9.117803	-0.022038	-0.015147	-0.001969	0.886748	0.111669	0.448562	-0.116178	0.993073	-0.017556	-0.447416	-0.036545	0.893579
61625	4.668308	-0.310685	9.118360	-0.009912	-0.024064	-0.004139	0.886643	0.111582	0.448792	-0.116045	0.993087	-0.017649	-0.447659	-0.036432	0.893462
61626	4.705154	-0.309598	9.117500	0.001842	-0.026995	-0.005504	0.886519	0.111475	0.449063	-0.115947	0.993099	-0.017628	-0.447929	-0.036440	0.893326
61627	4.826639	-0.261771	9.088956	0.002059	-0.016061	-0.005587	0.886451	0.111376	0.449222	-0.115854	0.993110	-0.017607	-0.448088	-0.036436	0.893247
61628	4.690260	-0.280798	9.106487	0.006769	-0.012377	-0.000135	0.886385	0.111329	0.449363	-0.115828	0.993114	-0.017568	-0.448224	-0.036477	0.893177
61629	4.736207	-0.080410	9.101865	0.016294	-0.013885	-0.003168	0.886324	0.111255	0.449501	-0.115820	0.993117	-0.017431	-0.448346	-0.036612	0.893110
61630	4.753877	-0.064675	9.111862	0.012431	-0.008263	0.002885	0.886275	0.111235	0.449605	-0.115841	0.993116	-0.017354	-0.448440	-0.036702	0.893059
61631	4.637444	-0.166366	9.097725	0.011469	-0.007225	0.004582	0.886235	0.111241	0.449682	-0.115880	0.993113	-0.017295	-0.448509	-0.036782	0.893021
61632	4.708771	-0.205271	9.096818	0.013085	-0.010659	0.005670	0.886171	0.111253	0.449805	-0.115936	0.993107	-0.017224	-0.448621	-0.036885	0.892961
61633	4.673596	-0.148493	9.077514	0.017253	-0.015629	0.004677	0.886093	0.111256	0.449957	-0.116002	0.993102	-0.017113	-0.448757	-0.037032	0.892886
61634	4.641803	-0.207086	9.154730	0.011218	-0.013757	0.002465	0.886018	0.111233	0.450111	-0.116017	0.993101	-0.017046	-0.448901	-0.037118	0.892810
61635	4.594008	-0.249193	9.122162	0.014909	-0.034729	-0.001290	0.885861	0.111170	0.450435	-0.116020	0.993103	-0.016929	-0.449210	-0.037262	0.892649
61636	4.685549	-0.271644	9.070371	0.010001	-0.050826	-0.005909	0.885629	0.111050	0.450920	-0.115955	0.993112	-0.016835	-0.449683	-0.037377	0.892406
61637	4.691466	-0.346936	9.285200	0.003091	-0.056034	-0.011545	0.885388	0.110877	0.451435	-0.115815	0.993129	-0.016778	-0.450194	-0.037428	0.892146
61638	4.628135	-0.332250	9.202535	0.003198	-0.065627	-0.015930	0.885101	0.110653	0.452053	-0.115633	0.993152	-0.016699	-0.450805	-0.037492	0.891835
61639	4.513280	-0.328202	9.387695	-0.030718	-0.094685	-0.013423	0.884687	0.110447	0.452913	-0.115323	0.993184	-0.016934	-0.451697	-0.037250	0.891394
61640	4.298627	-0.296973	9.412082	-0.028573	-0.144552	-0.016658	0.884042	0.110183	0.454236	-0.114986	0.993219	-0.017136	-0.453044	-0.037081	0.890717
61641	4.414259	-0.157059	9.448120	-0.059944	-0.222887	-0.012276	0.883041	0.109942	0.456236	-0.114553	0.993261	-0.017636	-0.455100	-0.036690	0.889684
61642	4.717357	-0.256420	9.115463	-0.076425	-0.264102	-0.016027	0.881844	0.109648	0.458616	-0.114009	0.993312	-0.018264	-0.457551	-0.036180	0.888447
61643	4.790048	-0.148681	9.095490	-0.092405	-0.285641	-0.009651	0.880542	0.109412	0.461167	-0.113447	0.993361	-0.019062	-0.460191	-0.035533	0.887108
61644	5.211358	-0.148576	8.830607	-0.088527	-0.273718	-0.006125	0.879275	0.109216	0.463623	-0.112931	0.993405	-0.019840	-0.462732	-0.034913	0.885810
61645	5.011092	-0.210716	8.967583	-0.076260	-0.207790	-0.002024	0.878312	0.109086	0.465477	-0.112507	0.993439	-0.020527	-0.464662	-0.034340	0.884822
61646	5.107487	-0.467275	8.888328	-0.089624	-0.211744	0.007317	0.877306	0.109046	0.467379	-0.112097	0.993467	-0.021376	-0.466657	-0.033638	0.883799
61647	4.987273	-0.429471	9.100612	-0.048969	-0.175214	-0.000112	0.876484	0.108949	0.468941	-0.111814	0.993489	-0.021829	-0.468266	-0.033301	0.882960
61648	5.156207	-0.425182	8.940283	-0.083634	-0.171779	0.012415	0.875655	0.108974	0.470482	-0.111473	0.993509	-0.022647	-0.469896	-0.032616	0.882119
61649	4.923461	-0.222971	9.162460	-0.059286	-0.130875	0.003882	0.875032	0.108933	0.471649	-0.111175	0.993530	-0.023209	-0.471126	-0.032127	0.881481
61650	4.702243	-0.401712	9.313319	-0.143311	-0.132722	0.006315	0.874387	0.108919	0.472847	-0.110505	0.993573	-0.024523	-0.472479	-0.030809	0.880803
61651	3.893997	-0.245820	9.964410	-0.208793	-0.211183	-0.037581	0.873425	0.108446	0.474730	-0.109134	0.993682	-0.026204	-0.474572	-0.028922	0.879742
61652	4.475909	-0.459116	9.473056	-0.356795	-0.423810	-0.040438	0.871438	0.107887	0.478494	-0.107024	0.993829	-0.029168	-0.478688	-0.025792	0.877606
61653	4.303118	-0.631775	9.600371	-0.355173	-0.476341	-0.073401	0.869221	0.107005	0.482706	-0.104623	0.993999	-0.031949	-0.483227	-0.022732	0.875200
61654	4.583032	-0.793620	9.491230	-0.412057	-0.611858	-0.097372	0.866336	0.105868	0.488112	-0.101717	0.994194	-0.035099	-0.488994	-0.019242	0.872075
61655	4.727843	-0.789615	9.386931	-0.360068	-0.683956	-0.139924	0.863107	0.104318	0.494130	-0.098681	0.994410	-0.037565	-0.495287	-0.016338	0.868576
61656	4.912267	-0.749871	9.298379	-0.328328	-0.744726	-0.196301	0.859573	0.102212	0.500687	-0.095292	0.994667	-0.039458	-0.502050	-0.013795	0.864728
61657	4.989073	-0.686104	9.382036	-0.234252	-0.808421	-0.300252	0.855761	0.099083	0.507795	-0.091479	0.995004	-0.039984	-0.509219	-0.012236	0.860550
61658	5.023648	-0.839858	9.281719	-0.153033	-0.897888	-0.437759	0.851530	0.094587	0.515703	-0.086906	0.995450	-0.039081	-0.517053	-0.011539	0.855876
61659	5.198824	-0.791424	9.219042	-0.088006	-0.980677	-0.599433	0.846918	0.088468	0.524312	-0.081302	0.996012	-0.036732	-0.525471	-0.011518	0.850733
61660	5.413145	-0.789696	9.063671	-0.003198	-1.061162	-0.752592	0.841864	0.080812	0.533605	-0.074877	0.996653	-0.032805	-0.534470	-0.012337	0.845097
61661	5.456884	-1.075344	9.442311	-0.006677	-1.091486	-0.860452	0.836588	0.072057	0.543073	-0.067565	0.997315	-0.028246	-0.543650	-0.013063	0.839210
61662	5.304345	-2.020763	10.073554	0.086547	-1.194383	-0.946888	0.830624	0.062420	0.553323	-0.060104	0.997942	-0.022352	-0.553580	-0.014691	0.832667
61663	5.278910	-2.446273	10.243047	0.263136	-1.363691	-1.048103	0.823585	0.051697	0.564832	-0.052851	0.998500	-0.014327	-0.564725	-0.018053	0.825081
61664	5.821158	-2.081118	9.997471	0.416115	-1.491030	-1.154613	0.815626	0.039843	0.577206	-0.045723	0.998945	-0.004345	-0.576770	-0.022848	0.816587
61665	6.618709	-2.222447	10.486617	0.415948	-1.571495	-1.282168	0.806990	0.026599	0.589965	-0.037690	0.999268	0.006502	-0.589361	-0.027483	0.807402
61666	6.194996	-2.044290	9.979823	0.532105	-1.588703	-1.425057	0.797984	0.011872	0.602562	-0.029400	0.999382	0.019245	-0.601961	-0.033072	0.797840
61667	6.496750	-2.135279	9.738525	0.480422	-1.655133	-1.516681	0.788281	-0.003910	0.615304	-0.020237	0.999274	0.032277	-0.614983	-0.037896	0.787629
61668	6.420467	-1.844565	9.543806	0.541224	-1.698716	-1.646737	0.777958	-0.021048	0.627964	-0.010682	0.998851	0.046714	-0.628226	-0.043049	0.776839
61669	6.616799	-1.263609	9.374823	0.543796	-1.729639	-1.765621	0.767065	-0.039503	0.640352	-0.000438	0.998070	0.062095	-0.641570	-0.047911	0.765567
61670	6.195285	-1.121869	9.121674	0.539410	-1.768606	-1.838660	0.755488	-0.058719	0.652526	0.010078	0.996899	0.078040	-0.655086	-0.052382	0.753737
61671	6.033900	-1.241371	9.074199	0.557116	-1.824168	-1.869075	0.743116	-0.078370	0.664558	0.020453	0.995314	0.094505	-0.668850	-0.056636	0.741236
61672	5.325616	-2.702933	9.379531	0.595801	-1.841289	-1.690805	0.730241	-0.096245	0.676376	0.028892	0.993492	0.110177	-0.682578	-0.060914	0.728270
61673	5.373967	-6.476815	9.418801	0.640590	-1.833541	-0.944400	0.717306	-0.106817	0.688522	0.031369	0.992128	0.121239	-0.696052	-0.065367	0.715010
61674	5.198282	-10.517326	8.377871	0.900018	-1.866680	0.336249	0.704267	-0.104720	0.702170	0.022640	0.991871	0.125218	-0.709574	-0.072290	0.700912
61675	5.269420	-9.722619	8.757399	1.470349	-1.858571	1.456531	0.691124	-0.091770	0.716886	0.002003	0.992145	0.125075	-0.722733	-0.085006	0.685879
61676	5.162559	-6.952290	9.167600	1.564440	-1.655756	2.408331	0.678773	-0.069296	0.731072	-0.025945	0.992653	0.118179	-0.733890	-0.099185	0.671988
61677	4.462302	-3.938642	9.575940	1.612128	-1.348443	2.883691	0.667610	-0.042148	0.743317	-0.057203	0.992541	0.107656	-0.742310	-0.114393	0.660220
61678	3.803874	-1.610661	9.863080	1.383816	-1.002656	3.002858	0.657961	-0.013442	0.752932	-0.087501	0.991704	0.094169	-0.747951	-0.127841	0.651326
61679	3.474957	-0.287782	9.934950	1.161579	-0.642189	2.821751	0.650289	0.013625	0.759565	-0.114609	0.990155	0.080359	-0.750992	-0.139310	0.645448
61680	3.268491	0.436893	9.824736	0.952345	-0.230470	2.472456	0.645430	0.037885	0.762879	-0.137871	0.988143	0.067573	-0.751273	-0.148792	0.643000
61681	2.748970	1.425687	9.685575	0.755913	0.181096	2.059525	0.643749	0.058453	0.763001	-0.156761	0.986006	0.056723	-0.749008	-0.156124	0.643903
61682	2.137555	2.011858	9.304725	0.465320	0.553416	1.636496	0.645194	0.075585	0.760271	-0.170872	0.984164	0.047164	-0.744666	-0.160339	0.647891
61683	1.845542	2.163321	9.149132	0.127723	0.866772	1.202574	0.649511	0.088767	0.755153	-0.179548	0.982980	0.038883	-0.738849	-0.160841	0.654395
61684	2.058659	1.848348	9.137137	-0.213129	1.164420	0.817999	0.656581	0.098792	0.747758	-0.183409	0.982540	0.031235	-0.731616	-0.157654	0.663237
61685	2.432233	1.123542	9.330332	-0.496426	1.456564	0.517861	0.666221	0.106092	0.738169	-0.183168	0.982787	0.024065	-0.722910	-0.151242	0.674186
61686	2.859614	0.158027	9.353726	-0.690958	1.747307	0.318888	0.678176	0.111925	0.726327	-0.180437	0.983441	0.016930	-0.712404	-0.142538	0.687141
61687	3.169504	-0.738013	9.352678	-0.802809	2.006956	0.233200	0.691931	0.116939	0.712430	-0.176309	0.984287	0.009673	-0.700105	-0.132301	0.701676
61688	3.481378	-1.544320	9.328716	-0.847956	2.209122	0.269730	0.706768	0.122534	0.696753	-0.172407	0.985024	0.001654	-0.686116	-0.121295	0.717309
61689	3.763133	-2.242821	9.400063	-0.833504	2.348442	0.422178	0.721975	0.129373	0.679716	-0.169712	0.985467	-0.007305	-0.670783	-0.110083	0.733439
61690	4.064281	-2.695084	9.564354	-0.762800	2.432801	0.670103	0.736951	0.138674	0.661569	-0.169646	0.985349	-0.017566	-0.654312	-0.099287	0.749679
61691	4.521820	-2.851617	9.746387	-0.668293	2.490152	0.979212	0.751350	0.150627	0.642483	-0.172563	0.984571	-0.029025	-0.636942	-0.089061	0.765750
61692	4.908558	-2.827114	9.963695	-0.564191	2.542045	1.291761	0.765028	0.165642	0.622330	-0.178926	0.982979	-0.041680	-0.618642	-0.079465	0.781644
61693	5.335619	-2.741592	10.325351	-0.452022	2.558786	1.586278	0.777702	0.183099	0.601377	-0.188355	0.980562	-0.054967	-0.599752	-0.070524	0.797072
61694	5.913021	-2.518210	10.638100	-0.329584	2.570233	1.824415	0.789299	0.202841	0.579537	-0.200826	0.977228	-0.068520	-0.580238	-0.062303	0.812061
61695	6.283486	-2.248614	10.911755	-0.216759	2.573345	1.997978	0.799815	0.223795	0.556966	-0.215413	0.973102	-0.081666	-0.560261	-0.054660	0.826510
61696	6.652388	-1.838210	11.061922	-0.123714	2.558517	2.098343	0.809174	0.245650	0.533755	-0.231741	0.968199	-0.094274	-0.539939	-0.047409	0.840368
61697	6.902334	-1.423455	11.042257	-0.065194	2.527037	2.114936	0.817483	0.267144	0.510250	-0.248546	0.962815	-0.105886	-0.519563	-0.040261	0.853483
61698	7.184506	-0.976035	10.984300	-0.047441	2.485645	2.054581	0.824834	0.287954	0.486550	-0.265303	0.957080	-0.116667	-0.499262	-0.032853	0.865828
61699	7.418773	-0.560547	10.707818	-0.077072	2.441977	1.914201	0.831559	0.306892	0.462955	-0.280730	0.951421	-0.126448	-0.479271	-0.024816	0.877316
61700	7.454432	-0.218487	10.335206	-0.136935	2.385301	1.714452	0.837789	0.323812	0.439608	-0.294519	0.945987	-0.135524	-0.459748	-0.015932	0.887906
61701	7.248754	0.191252	9.814266	-0.227305	2.302580	1.438082	0.843850	0.337604	0.417062	-0.305538	0.941268	-0.143738	-0.441094	-0.006135	0.897440
61702	6.988269	0.891518	9.384501	-0.366480	2.192243	1.114082	0.849840	0.348236	0.395605	-0.313499	0.937394	-0.151693	-0.423663	0.004893	0.905807
61703	6.895482	1.557571	9.094800	-0.564163	2.111568	0.722856	0.856341	0.354733	0.375294	-0.317273	0.934802	-0.159637	-0.407454	0.017633	0.913055
61704	6.816849	2.319621	8.717118	-0.800623	2.076499	0.255464	0.863795	0.356733	0.355809	-0.316366	0.933638	-0.168022	-0.392136	0.032571	0.919330
61705	6.079304	2.850153	8.680720	-1.108339	2.091174	-0.234823	0.872583	0.353640	0.336953	-0.310015	0.934024	-0.177457	-0.377478	0.050385	0.924647
61706	3.048300	-3.187508	5.255801	-0.762121	0.653804	-0.767171	0.877350	0.346217	0.332251	-0.300517	0.936242	-0.182045	-0.374094	0.059870	0.925456
61707	10.404364	3.880555	4.173702	0.506390	0.981033	-1.774994	0.886187	0.328930	0.326309	-0.286687	0.942543	-0.171533	-0.363982	0.058462	0.929569
61708	9.706128	6.907542	3.895521	-0.269554	0.232658	-1.564055	0.891374	0.314108	0.326784	-0.271873	0.947372	-0.169031	-0.362680	0.061826	0.929861
61709	11.747635	4.523473	2.028031	-0.682606	0.104397	-1.519552	0.895766	0.299580	0.328412	-0.255768	0.951597	-0.170427	-0.363573	0.068666	0.929032
61710	12.778443	1.837294	-1.773173	-0.299661	-0.483566	-1.521071	0.897759	0.285468	0.335466	-0.241063	0.955816	-0.168238	-0.368670	0.070169	0.926908
61711	15.365819	5.455977	-4.036389	0.541014	-1.151897	-1.577212	0.897169	0.271082	0.348716	-0.228879	0.960569	-0.157865	-0.377760	0.061818	0.923837
61712	20.789745	6.432119	-6.714095	0.543457	-2.241180	-0.955108	0.890636	0.263179	0.370816	-0.222446	0.963416	-0.149489	-0.396593	0.050653	0.916596
61713	23.837163	-3.682586	-0.789606	2.117005	-2.627386	-0.784741	0.881724	0.256547	0.395911	-0.224036	0.966247	-0.127176	-0.415175	0.023436	0.909440
61714	23.297726	12.697140	30.234909	4.585824	-0.634025	-1.795644	0.883148	0.239147	0.403558	-0.227091	0.970722	-0.078278	-0.410463	-0.022514	0.911599
61715	3.665660	1.513325	7.189783	-0.629687	0.241988	-0.177573	0.884542	0.237434	0.401511	-0.222890	0.971275	-0.083331	-0.409763	-0.015783	0.912055
61716	-2.045540	-5.947814	8.997485	1.227314	-1.052204	-0.190756	0.880622	0.235285	0.411274	-0.226208	0.971459	-0.071401	-0.416335	-0.030156	0.908711
61717	12.355711	6.676999	13.501112	1.946732	-1.348467	-0.893133	0.876980	0.226013	0.424056	-0.226488	0.972727	-0.050048	-0.423803	-0.052152	0.904252
61718	5.668024	1.190395	10.078749	-0.551399	-0.297941	0.065564	0.875562	0.226442	0.426749	-0.224643	0.972869	-0.055324	-0.427699	-0.047427	0.902676
61719	5.645152	-2.667215	8.232467	0.548903	-0.530522	-0.066897	0.873437	0.225487	0.431583	-0.226365	0.972753	-0.050112	-0.431123	-0.053926	0.900680
61720	6.068550	1.228972	10.638838	0.373620	-0.401270	-0.069701	0.871857	0.224523	0.435264	-0.227301	0.972716	-0.046462	-0.433820	-0.058427	0.899103
61721	5.102556	-0.655726	9.074628	0.184706	-0.256755	-0.028066	0.870806	0.224062	0.437599	-0.227809	0.972679	-0.044704	-0.435660	-0.060760	0.898058
61722	4.564431	-0.690213	9.251519	0.218904	-0.268341	-0.029175	0.869699	0.223546	0.440057	-0.228435	0.972626	-0.042624	-0.437539	-0.063455	0.896958
61723	5.092023	-0.200111	9.335110	0.182599	-0.267404	-0.023345	0.868582	0.223111	0.442478	-0.228983	0.972570	-0.040908	-0.439468	-0.065788	0.895846
61724	4.972086	-0.018814	9.250207	0.125467	-0.202424	-0.012952	0.867718	0.222785	0.444333	-0.229347	0.972533	-0.039739	-0.440982	-0.067424	0.894980
61725	5.181831	-0.444492	9.395276	0.117455	-0.241310	-0.008404	0.866673	0.222504	0.446509	-0.229743	0.972483	-0.038675	-0.442828	-0.069064	0.893943
61726	4.533590	-0.343503	9.109591	0.079714	-0.120859	-0.012177	0.866163	0.222235	0.447631	-0.229914	0.972472	-0.037919	-0.443736	-0.070073	0.893414
61727	4.850594	-0.438857	9.285599	0.145018	-0.212259	-0.010563	0.865245	0.221946	0.449545	-0.230418	0.972403	-0.036600	-0.445262	-0.071915	0.892508
61728	4.989019	-0.466101	9.108002	0.109878	-0.197527	-0.014084	0.864394	0.221599	0.451349	-0.230709	0.972372	-0.035568	-0.446761	-0.073386	0.891638
61729	4.703226	-0.332251	9.195844	0.096356	-0.171528	-0.017736	0.863670	0.221265	0.452898	-0.230937	0.972351	-0.034652	-0.448044	-0.074663	0.890888
61730	4.941799	-0.354512	9.119459	0.105619	-0.169080	-0.015448	0.862944	0.220921	0.454446	-0.231201	0.972324	-0.033652	-0.449304	-0.076028	0.890138
61731	4.743550	-0.413808	9.112691	0.082213	-0.154162	-0.009114	0.862273	0.220679	0.455835	-0.231442	0.972292	-0.032903	-0.450466	-0.077128	0.889456
61732	4.624091	-0.579031	9.098330	0.088842	-0.174791	-0.016388	0.861520	0.220318	0.457432	-0.231625	0.972277	-0.032049	-0.451811	-0.078342	0.888667
61733	5.054298	-0.362265	9.016128	0.099199	-0.179581	-0.020281	0.860756	0.219943	0.459047	-0.231849	0.972255	-0.031098	-0.453151	-0.079662	0.887867
61734	4.898674	-0.323610	9.107887	0.093606	-0.152697	-0.014736	0.860094	0.219612	0.460444	-0.232071	0.972230	-0.030211	-0.454292	-0.080872	0.887175
61735	5.066090	-0.341602	9.030600	0.093690	-0.152768	-0.014694	0.859435	0.219309	0.461817	-0.232320	0.972197	-0.029335	-0.455410	-0.082078	0.886490
61736	5.054834	-0.200930	9.200806	0.067828	-0.119609	-0.007297	0.858904	0.219074	0.462916	-0.232491	0.972175	-0.028711	-0.456325	-0.082964	0.885937
61737	5.060337	-0.240138	9.076971	0.050254	-0.090263	0.004082	0.858483	0.219003	0.463728	-0.232705	0.972135	-0.028308	-0.457006	-0.083610	0.885525
61738	4.966197	-0.201121	9.033213	0.044528	-0.072243	0.010454	0.858126	0.218978	0.464402	-0.232922	0.972093	-0.027973	-0.457567	-0.084165	0.885183
61739	4.937180	-0.208742	9.050349	0.044292	-0.067572	0.015692	0.857781	0.219038	0.465010	-0.233209	0.972033	-0.027676	-0.458067	-0.084704	0.884873
61740	4.955616	-0.263652	9.038569	0.036463	-0.057067	0.017460	0.857476	0.219093	0.465547	-0.233449	0.971982	-0.027446	-0.458516	-0.085148	0.884598
61741	4.907493	-0.271287	9.026904	0.044052	-0.047909	0.020663	0.857209	0.219218	0.465979	-0.233778	0.971910	-0.027175	-0.458847	-0.085641	0.884378
61742	4.884451	-0.406955	9.078004	0.030140	-0.050113	0.020426	0.856928	0.219307	0.466453	-0.234015	0.971858	-0.027014	-0.459251	-0.086008	0.884133
61743	4.849333	-0.459433	9.037772	0.034908	-0.041490	0.017583	0.856698	0.219406	0.466829	-0.234276	0.971800	-0.026810	-0.459547	-0.086399	0.883941
61744	4.911853	-0.363595	8.982982	0.041295	-0.047003	0.013851	0.856446	0.219435	0.467278	-0.234508	0.971752	-0.026521	-0.459898	-0.086867	0.883712
61745	4.812106	-0.367028	9.002073	0.019786	-0.050866	0.010298	0.856189	0.219455	0.467739	-0.234637	0.971724	-0.026417	-0.460310	-0.087131	0.883472
61746	4.893342	-0.271756	9.036383	0.019037	-0.045345	0.009633	0.855954	0.219444	0.468174	-0.234732	0.971704	-0.026305	-0.460699	-0.087379	0.883245
61747	4.948577	-0.277028	8.943532	0.013586	-0.061990	0.011329	0.855643	0.219464	0.468732	-0.234841	0.971679	-0.026260	-0.461220	-0.087608	0.882950
61748	4.792825	-0.360358	9.054718	0.001454	-0.054478	0.005219	0.855376	0.219402	0.469249	-0.234817	0.971684	-0.026283	-0.461728	-0.087705	0.882675
61749	4.856080	-0.281123	9.019012	-0.000246	-0.068753	0.009689	0.855037	0.219401	0.469867	-0.234848	0.971675	-0.026353	-0.462340	-0.087814	0.882344
61750	4.840155	-0.364377	9.047349	-0.013263	-0.094585	0.008233	0.854576	0.219333	0.470736	-0.234782	0.971686	-0.026521	-0.463224	-0.087856	0.881876
61751	4.813381	-0.364961	8.983380	-0.019268	-0.096878	0.004553	0.854118	0.219257	0.471603	-0.234681	0.971705	-0.026734	-0.464120	-0.087842	0.881406
61752	5.030855	-0.343385	8.854160	-0.010631	-0.121968	0.004409	0.853537	0.219128	0.472713	-0.234594	0.971722	-0.026860	-0.465231	-0.087969	0.880807
61753	4.880290	-0.428655	8.963222	-0.023703	-0.101283	0.001309	0.853064	0.219016	0.473618	-0.234444	0.971752	-0.027097	-0.466174	-0.087921	0.880313
61754	4.969564	-0.509313	8.908285	-0.030614	-0.114413	0.001850	0.852521	0.218870	0.474661	-0.234243	0.971792	-0.027387	-0.467266	-0.087838	0.879742
61755	4.859714	-0.516453	8.954607	-0.054174	-0.124379	-0.006951	0.851957	0.218658	0.475771	-0.233879	0.971867	-0.027853	-0.468476	-0.087544	0.879128
61756	5.025909	-0.305649	8.919738	-0.019043	-0.134182	-0.011908	0.851351	0.218363	0.476990	-0.233615	0.971927	-0.027976	-0.469708	-0.087615	0.878463
61757	4.984993	-0.356484	9.085285	-0.051599	-0.112749	-0.012265	0.850851	0.218109	0.477998	-0.233217	0.972010	-0.028392	-0.470811	-0.087320	0.877902
61758	5.036026	-0.440180	8.850773	-0.056200	-0.117011	-0.011719	0.850322	0.217831	0.479064	-0.232779	0.972102	-0.028842	-0.471982	-0.086991	0.877306
61759	4.986359	-0.378921	9.004178	-0.044368	-0.123883	-0.015334	0.849773	0.217539	0.480169	-0.232388	0.972185	-0.029179	-0.473161	-0.086790	0.876690
61760	5.038650	-0.287739	8.974854	-0.062968	-0.116781	-0.014413	0.849248	0.217236	0.481233	-0.231894	0.972288	-0.029674	-0.474344	-0.086395	0.876090
61761	4.998748	-0.274886	8.979870	-0.074459	-0.113215	-0.016744	0.848751	0.216940	0.482244	-0.231348	0.972400	-0.030267	-0.475500	-0.085877	0.875514
61762	5.009076	-0.280953	8.973925	-0.076876	-0.115984	-0.012267	0.848222	0.216660	0.483299	-0.230804	0.972510	-0.030893	-0.476707	-0.085343	0.874910
61763	5.038973	-0.260481	8.956593	-0.074367	-0.125276	-0.014194	0.847658	0.216380	0.484413	-0.230278	0.972615	-0.031496	-0.477963	-0.084852	0.874272
61764	4.909868	-0.338373	9.075612	-0.084284	-0.122328	-0.016890	0.847106	0.216051	0.485524	-0.229658	0.972740	-0.032163	-0.479238	-0.084259	0.873631
61765	5.089277	-0.374528	8.964200	-0.092658	-0.134937	-0.015905	0.846496	0.215747	0.486722	-0.229028	0.972863	-0.032916	-0.480616	-0.083609	0.872936
61766	4.824033	-0.457530	9.107168	-0.108301	-0.145049	-0.028087	0.845856	0.215292	0.488033	-0.228196	0.973031	-0.033737	-0.482135	-0.082831	0.872173
61767	4.549592	-0.338544	9.446160	-0.097143	-0.194370	-0.022458	0.844969	0.214877	0.489750	-0.227485	0.973170	-0.034495	-0.484022	-0.082264	0.871181
61768	4.554748	-0.288106	9.652217	-0.161343	-0.372143	-0.007817	0.843174	0.214436	0.493027	-0.226563	0.973336	-0.035873	-0.487573	-0.081455	0.869274
61769	4.601267	-0.478788	9.336441	-0.177103	-0.405772	-0.020678	0.841235	0.213870	0.496571	-0.225470	0.973535	-0.037329	-0.491413	-0.080560	0.867193
61770	4.592657	-0.407002	9.494193	-0.261796	-0.564393	-0.017582	0.838480	0.213189	0.501499	-0.223957	0.973797	-0.039520	-0.496784	-0.079178	0.864255
61771	4.690776	-0.533986	9.393795	-0.273036	-0.648416	-0.032408	0.835312	0.212329	0.507120	-0.222270	0.974092	-0.041732	-0.502842	-0.077858	0.860865
61772	4.635868	-0.550518	9.335920	-0.304715	-0.780692	-0.042595	0.831446	0.211253	0.513877	-0.220300	0.974433	-0.044143	-0.510064	-0.076505	0.856727
61773	4.635064	-0.570476	9.390199	-0.314744	-0.905953	-0.060737	0.826921	0.209938	0.521658	-0.218126	0.974810	-0.046537	-0.518288	-0.075305	0.851884
61774	4.743071	-0.626735	9.351211	-0.324354	-1.052146	-0.069738	0.821563	0.208414	0.530658	-0.215784	0.975214	-0.048935	-0.527704	-0.074304	0.846172
61775	4.817599	-0.621231	9.318408	-0.297490	-1.188982	-0.097280	0.815435	0.206549	0.540743	-0.213350	0.975647	-0.050940	-0.538096	-0.073829	0.839644
61776	4.971946	-0.813743	9.220090	-0.259274	-1.334699	-0.127532	0.808440	0.204263	0.551998	-0.210835	0.976115	-0.052421	-0.549521	-0.074001	0.832196
61777	5.174445	-0.944476	9.238364	-0.186309	-1.472207	-0.183297	0.800643	0.201340	0.564299	-0.208272	0.976636	-0.052958	-0.561778	-0.075127	0.823870
61778	4.883002	-1.127104	9.634376	-0.048121	-1.641875	-0.255396	0.791831	0.197536	0.577913	-0.205897	0.977196	-0.051904	-0.574988	-0.077891	0.814446
61779	3.959223	-1.278924	10.325867	0.106530	-1.944173	-0.365691	0.781252	0.192364	0.593836	-0.203587	0.977834	-0.048915	-0.590083	-0.082683	0.803098
61780	3.574793	-1.316414	10.568685	0.282731	-2.414423	-0.519947	0.767828	0.185146	0.613320	-0.201190	0.978584	-0.043537	-0.608246	-0.089965	0.788634
61781	4.333934	-1.284057	10.562634	0.366229	-2.840427	-0.693060	0.751635	0.175645	0.635762	-0.198136	0.979500	-0.036364	-0.629116	-0.098635	0.771028
61782	5.441968	-1.762212	10.581157	0.442315	-3.071436	-0.851169	0.733634	0.164087	0.659437	-0.194587	0.980500	-0.027495	-0.651089	-0.108146	0.751257
61783	5.467771	-2.099819	10.657345	0.667005	-3.355295	-1.044543	0.713413	0.149976	0.684507	-0.191394	0.981390	-0.015547	-0.674100	-0.119918	0.728841
61784	6.922894	-1.902781	11.284962	0.784227	-3.675847	-1.225113	0.690497	0.133270	0.710952	-0.188125	0.982144	-0.001394	-0.698444	-0.132785	0.703239
61785	8.410665	-1.899949	12.256737	0.786158	-3.912506	-1.290964	0.665080	0.115108	0.737848	-0.184908	0.982665	0.013372	-0.723518	-0.145327	0.674835
61786	10.511337	-2.366632	12.812699	0.708103	-4.012101	-1.319720	0.637954	0.096059	0.764060	-0.181478	0.982998	0.027942	-0.748385	-0.156486	0.644540
61787	10.045044	-2.652423	12.255936	0.729062	-4.026406	-1.400227	0.609850	0.075740	0.788889	-0.178229	0.983031	0.043401	-0.772215	-0.167071	0.613001
61788	9.678019	-1.462136	11.769796	0.575968	-4.129468	-1.456266	0.580024	0.054343	0.812785	-0.174050	0.982999	0.058483	-0.795788	-0.175387	0.579621
61789	9.342347	-1.539937	11.213636	0.373546	-4.214028	-1.544585	0.548634	0.031613	0.835465	-0.168293	0.983006	0.073320	-0.818949	-0.180829	0.544631
61790	8.693924	-1.612980	10.615938	0.124806	-4.186092	-1.602903	0.516512	0.008243	0.856240	-0.160772	0.983104	0.087519	-0.841051	-0.182864	0.509111
61791	7.314994	-2.239990	10.022902	-0.049220	-4.102515	-1.717213	0.484256	-0.016169	0.874777	-0.151704	0.983133	0.102151	-0.861674	-0.182174	0.473635
61792	5.140201	-2.790481	8.640462	-0.123247	-3.876226	-1.914673	0.453298	-0.041992	0.890369	-0.141648	0.982803	0.118466	-0.880032	-0.179819	0.439555
61793	2.095534	-3.626077	7.252140	-0.100245	-3.769173	-2.049536	0.422603	-0.068885	0.903693	-0.131725	0.981851	0.136443	-0.896691	-0.176700	0.405859
61794	1.732906	-8.208553	10.731812	0.283000	-3.707872	-1.347651	0.390836	-0.088625	0.916184	-0.128813	0.980293	0.149777	-0.911402	-0.176554	0.371718
61795	20.959006	-8.599471	12.681731	0.945116	-2.750438	-0.116576	0.365787	-0.094752	0.925863	-0.136976	0.978490	0.154254	-0.920564	-0.183245	0.344940
61796	6.487034	-7.700115	13.527308	0.757942	0.661195	0.945462	0.370530	-0.084193	0.924997	-0.147471	0.977918	0.148083	-0.917038	-0.191279	0.349932
61797	1.223822	-4.014364	11.436047	0.861525	1.168880	1.352137	0.379127	-0.068721	0.922789	-0.160362	0.977270	0.138663	-0.911343	-0.200551	0.359489
61798	-4.376722	-3.231242	8.145794	0.677582	1.256879	1.494268	0.388080	-0.051448	0.920189	-0.172328	0.976781	0.127290	-0.905371	-0.207973	0.370203
61799	-2.685807	-1.524765	8.273031	0.594379	0.877749	1.347839	0.393606	-0.036472	0.918555	-0.182911	0.976126	0.117136	-0.900898	-0.214119	0.377538
61800	0.155017	-1.122539	9.779699	0.341276	1.005095	1.244840	0.400336	-0.022031	0.916104	-0.191011	0.975746	0.106937	-0.896240	-0.217796	0.386418
61801	1.957170	-0.431469	11.270935	0.109600	1.521706	1.154271	0.411682	-0.007482	0.911297	-0.196622	0.975686	0.096836	-0.889864	-0.219047	0.400201
61802	1.749691	-0.090249	11.093759	-0.166745	2.170520	1.096208	0.428757	0.008089	0.903383	-0.199854	0.976034	0.086114	-0.881036	-0.217467	0.420098
61803	1.136107	0.074131	10.385317	-0.388244	2.654573	0.978994	0.450036	0.023328	0.892706	-0.200703	0.976726	0.075656	-0.870165	-0.213216	0.444244
61804	1.414053	0.127127	10.022124	-0.563822	2.961968	0.863943	0.473925	0.038141	0.879739	-0.199933	0.977630	0.065321	-0.857567	-0.206846	0.470949
61805	2.485729	-0.016163	10.054649	-0.703805	3.219915	0.782301	0.499750	0.052283	0.864590	-0.197701	0.978713	0.055091	-0.843306	-0.198462	0.499448
61806	3.567944	-0.291451	10.107659	-0.787048	3.491696	0.765141	0.527439	0.066698	0.846971	-0.195175	0.979764	0.044387	-0.826870	-0.188719	0.529783
61807	4.276329	-0.510238	10.106738	-0.816773	3.770923	0.786360	0.556738	0.081283	0.826702	-0.192706	0.980690	0.033353	-0.808027	-0.177879	0.561651
61808	4.898844	-0.659984	9.948188	-0.812967	4.007310	0.833094	0.587122	0.096531	0.803722	-0.191112	0.981327	0.021746	-0.786615	-0.166369	0.594607
61809	5.516404	-0.864557	9.865719	-0.800862	4.178027	0.912746	0.617753	0.112150	0.778334	-0.190351	0.981669	0.009630	-0.762986	-0.154105	0.627777
61810	6.259491	-1.250157	10.003941	-0.770681	4.304057	1.032725	0.648093	0.128836	0.750584	-0.191238	0.981538	-0.003354	-0.737159	-0.141367	0.660767
61811	7.014220	-1.723924	10.076649	-0.727227	4.389566	1.206852	0.677521	0.146560	0.720753	-0.193922	0.980867	-0.017162	-0.709478	-0.128143	0.692979
61812	7.562817	-2.096327	10.136625	-0.642302	4.448462	1.421373	0.705648	0.166098	0.688820	-0.199431	0.979394	-0.031863	-0.679918	-0.114888	0.724232
61813	7.933578	-2.263860	10.198341	-0.544759	4.477200	1.649673	0.732038	0.187051	0.655082	-0.207617	0.977081	-0.046987	-0.648857	-0.101610	0.754096
61814	8.077298	-2.288247	10.205070	-0.454692	4.474886	1.871937	0.756364	0.209769	0.619605	-0.218821	0.973758	-0.062550	-0.616466	-0.088271	0.782418
61815	8.381949	-2.064135	10.551295	-0.383301	4.450553	2.035874	0.778473	0.233147	0.582771	-0.232095	0.969572	-0.077857	-0.583191	-0.074648	0.808898
61816	8.892309	-1.737204	10.975852	-0.350349	4.444300	2.125468	0.798531	0.256914	0.544374	-0.247025	0.964550	-0.092857	-0.548932	-0.060325	0.833687
61817	9.302696	-1.389914	11.332399	-0.347096	4.473099	2.141947	0.816846	0.279840	0.504432	-0.262434	0.958994	-0.107046	-0.513703	-0.044940	0.856790
61818	9.517078	-0.921396	11.548330	-0.359640	4.507910	2.086354	0.833527	0.301644	0.462865	-0.278021	0.953000	-0.120400	-0.477428	-0.028330	0.878214
61819	9.812687	-0.217099	11.734867	-0.404143	4.514628	1.941277	0.848719	0.320932	0.420331	-0.292449	0.947045	-0.132588	-0.440624	-0.010395	0.897631
61820	10.238344	0.602460	11.911868	-0.514976	4.520538	1.716223	0.862638	0.337349	0.376896	-0.305106	0.941332	-0.144235	-0.403442	0.009429	0.914957
61821	11.009426	1.015761	12.096785	-0.715262	4.510280	1.407724	0.875647	0.349609	0.333190	-0.314543	0.936360	-0.155862	-0.366477	0.031677	0.929888
61822	3.931923	1.003188	16.246490	-1.068408	4.502180	1.037148	0.888002	0.357451	0.289278	-0.320096	0.932150	-0.169221	-0.330138	0.057672	0.942169
61823	11.759143	-3.461825	4.552221	-0.428283	0.297549	0.825223	0.886323	0.364920	0.285070	-0.325961	0.928921	-0.175658	-0.328909	0.062768	0.942273
61824	22.357915	4.184794	0.449603	0.507189	2.543134	-0.288008	0.895278	0.360736	0.261432	-0.325121	0.930231	-0.170195	-0.304588	0.067375	0.950098
61825	16.062706	7.056079	5.426665	-1.097485	0.464915	0.188849	0.896087	0.362120	0.256705	-0.323429	0.928753	-0.181141	-0.304010	0.079293	0.949363
61826	22.682688	0.578029	-0.553027	-1.260346	1.175744	0.205315	0.898935	0.363096	0.245107	-0.321554	0.926862	-0.193724	-0.297521	0.095330	0.949944
61827	19.671680	0.363817	-0.670518	-0.665014	0.647753	-0.220743	0.901562	0.360375	0.239408	-0.317558	0.927006	-0.199542	-0.293842	0.103874	0.950193
61828	18.509349	0.610472	-1.928182	-0.312057	0.334939	-0.421517	0.903852	0.356173	0.237050	-0.312879	0.928154	-0.201588	-0.291819	0.108037	0.950352
61829	18.105828	0.631947	-2.572910	-0.166683	-0.174298	-0.333001	0.904384	0.353240	0.239399	-0.309337	0.929161	-0.202412	-0.293940	0.109003	0.949588
61830	15.256685	-0.658596	-4.195612	0.243378	-0.797229	-0.193407	0.902598	0.352324	0.247355	-0.308324	0.930083	-0.199704	-0.300421	0.103987	0.948121
61831	14.422962	-1.093043	-4.692266	0.620723	-1.626854	-0.009968	0.897643	0.353800	0.262796	-0.310095	0.930735	-0.193836	-0.313173	0.092504	0.945180
61832	12.940763	0.018855	-2.475679	1.097586	-2.273355	0.310696	0.889346	0.358603	0.283669	-0.316394	0.930533	-0.184398	-0.330089	0.074242	0.941026
61833	8.110156	-0.153587	2.024473	1.357869	-2.504652	0.830295	0.878184	0.367879	0.305709	-0.328291	0.928387	-0.174132	-0.347876	0.052558	0.936066
61834	5.000467	3.276606	17.248359	1.797407	-2.584399	0.574638	0.867048	0.374229	0.328908	-0.339685	0.926962	-0.159233	-0.364475	0.026338	0.930841
61835	8.491989	6.038237	13.649516	1.318000	-2.446181	-0.326143	0.859045	0.371556	0.352118	-0.341738	0.928397	-0.145925	-0.381125	0.005024	0.924510
61836	8.361809	9.686965	14.709798	0.927586	-2.027451	-0.670133	0.853454	0.365236	0.371778	-0.339554	0.930850	-0.134989	-0.395372	-0.011032	0.918455
61837	14.412882	-7.155303	14.063510	0.634489	-2.019379	-0.712932	0.847731	0.358203	0.391206	-0.336000	0.933330	-0.126491	-0.410434	-0.024215	0.911569
61838	10.970142	-3.783607	10.556212	2.078578	-0.665533	-1.025160	0.848449	0.348336	0.398493	-0.335758	0.936242	-0.103523	-0.409147	-0.045964	0.911310
61839	4.032244	-0.058417	9.080596	1.736615	-0.887862	-0.763905	0.847381	0.340651	0.407311	-0.336355	0.937922	-0.084662	-0.410867	-0.065260	0.909357
61840	10.042216	8.860923	14.788490	1.630798	-0.957967	-0.673156	0.845699	0.333567	0.416564	-0.337312	0.938998	-0.067105	-0.413537	-0.083761	0.906626
61841	6.496262	1.643678	10.219535	0.073984	-0.363499	-0.094963	0.844516	0.332335	0.419936	-0.336770	0.939266	-0.066064	-0.416387	-0.085629	0.905146
61842	5.005566	-2.202079	9.027289	0.578059	-0.500041	-0.108129	0.842800	0.330793	0.424574	-0.338184	0.939140	-0.060389	-0.418711	-0.092688	0.903377
61843	5.804299	0.845186	10.392083	0.523507	-0.418922	-0.118053	0.841448	0.329251	0.428439	-0.339340	0.939044	-0.055186	-0.420493	-0.098950	0.901884
61844	5.827320	0.056973	9.702659	0.293798	-0.335043	-0.036511	0.840166	0.328489	0.431527	-0.340183	0.938899	-0.052389	-0.422370	-0.102783	0.900577
61845	5.078215	-1.008298	9.304479	0.246097	-0.243156	-0.015742	0.839197	0.328055	0.433739	-0.341045	0.938709	-0.050132	-0.423600	-0.105854	0.899643
61846	5.059187	-0.730663	9.329449	0.243433	-0.216104	-0.016832	0.838344	0.327582	0.435740	-0.341848	0.938535	-0.047877	-0.424641	-0.108819	0.898798
61847	4.810970	-0.840963	9.145795	0.205015	-0.177340	-0.007635	0.837622	0.327283	0.437351	-0.342608	0.938350	-0.046027	-0.425453	-0.111287	0.898112
61848	4.607846	-0.785797	9.044161	0.202244	-0.176235	-0.010674	0.836914	0.326903	0.438988	-0.343292	0.938190	-0.044172	-0.426294	-0.113733	0.897406
61849	4.418766	-0.640474	9.057240	0.197379	-0.171946	-0.016357	0.836241	0.326518	0.440552	-0.343950	0.938032	-0.042355	-0.427082	-0.116109	0.896727
61850	4.191523	-0.514364	9.110685	0.187504	-0.205697	-0.009320	0.835399	0.326109	0.442449	-0.344587	0.937874	-0.040641	-0.428215	-0.118510	0.895872
61851	4.430255	-0.549239	9.156742	0.182942	-0.258790	-0.006047	0.834315	0.325709	0.444783	-0.345274	0.937691	-0.039002	-0.429772	-0.121032	0.894789
61852	4.442821	-0.507055	9.074212	0.164900	-0.265448	-0.011373	0.833216	0.325199	0.447209	-0.345803	0.937558	-0.037485	-0.431475	-0.123413	0.893643
61853	4.986505	-0.888442	9.490541	0.177757	-0.338250	-0.019112	0.831825	0.324564	0.450251	-0.346366	0.937415	-0.035837	-0.433703	-0.126142	0.892183
61854	5.562286	-0.220813	8.989025	0.164052	-0.200617	-0.027898	0.831054	0.323969	0.452098	-0.346762	0.937328	-0.034257	-0.434862	-0.128301	0.891310
61855	4.947389	-0.484828	9.191327	0.170913	-0.238425	-0.032081	0.830132	0.323327	0.454247	-0.347192	0.937227	-0.032614	-0.436277	-0.130637	0.890279
61856	4.754552	-0.387733	9.146470	0.150071	-0.195642	-0.041280	0.829425	0.322603	0.456049	-0.347420	0.937194	-0.031099	-0.437439	-0.132646	0.889411
61857	5.067080	-0.105927	9.214498	0.136067	-0.174279	-0.024678	0.828753	0.322106	0.457620	-0.347764	0.937108	-0.029801	-0.438439	-0.134446	0.888648
61858	4.762917	-0.401778	9.103646	0.104065	-0.182609	-0.016608	0.828013	0.321624	0.459296	-0.347998	0.937053	-0.028810	-0.439650	-0.135979	0.887816
61859	4.778810	-0.296958	9.177997	0.126921	-0.173327	-0.024630	0.827341	0.321123	0.460855	-0.348305	0.936975	-0.027594	-0.440670	-0.137688	0.887047
61860	5.073071	-0.304632	9.047426	0.102467	-0.188126	-0.016562	0.826572	0.320628	0.462575	-0.348535	0.936918	-0.026618	-0.441930	-0.139222	0.886180
61861	5.087474	0.072332	9.308029	0.065049	-0.160670	0.000043	0.825866	0.320370	0.464012	-0.348776	0.936844	-0.026066	-0.443058	-0.140310	0.885445
61862	5.027072	-0.321089	9.034872	0.038033	-0.145640	0.014560	0.825173	0.320222	0.465346	-0.348979	0.936775	-0.025805	-0.444188	-0.141102	0.884752
61863	4.948755	-0.241800	9.063118	0.016693	-0.131308	0.016970	0.824535	0.320162	0.466517	-0.349146	0.936714	-0.025760	-0.445241	-0.141642	0.884137
61864	5.031299	-0.330491	9.012923	0.011518	-0.125105	0.018040	0.823918	0.320074	0.467667	-0.349260	0.936672	-0.025751	-0.446293	-0.142121	0.883530
61865	4.977019	-0.300558	9.046064	0.008031	-0.102153	0.014981	0.823414	0.320035	0.468579	-0.349372	0.936630	-0.025774	-0.447133	-0.142486	0.883046
61866	4.986636	-0.389662	9.018680	-0.005647	-0.092984	0.012634	0.822957	0.319942	0.469445	-0.349365	0.936629	-0.025891	-0.447980	-0.142700	0.882582
61867	5.033700	-0.373474	8.971285	-0.015750	-0.105174	0.016381	0.822433	0.319911	0.470383	-0.349381	0.936616	-0.026130	-0.448928	-0.142852	0.882076
61868	4.922645	-0.451866	8.995751	-0.027082	-0.081888	0.009080	0.822037	0.319801	0.471151	-0.349249	0.936657	-0.026421	-0.449757	-0.142830	0.881657
61869	4.803076	-0.383315	9.048869	-0.039226	-0.073420	0.006392	0.821689	0.319722	0.471811	-0.349077	0.936710	-0.026820	-0.450525	-0.142661	0.881292
61870	5.014358	-0.418188	8.962300	-0.035861	-0.084843	0.009091	0.821277	0.319608	0.472604	-0.348905	0.936763	-0.027188	-0.451408	-0.142565	0.880855
61871	4.996465	-0.373864	8.954197	-0.032655	-0.101008	0.006635	0.820803	0.319492	0.473506	-0.348765	0.936806	-0.027530	-0.452379	-0.142545	0.880360
61872	4.880143	-0.388861	9.044118	-0.036700	-0.072430	0.002714	0.820467	0.319337	0.474191	-0.348536	0.936881	-0.027875	-0.453162	-0.142402	0.879981
61873	5.072489	-0.435127	8.947790	-0.040193	-0.110568	0.009694	0.819937	0.319237	0.475175	-0.348386	0.936924	-0.028298	-0.454236	-0.142342	0.879436
61874	4.869965	-0.450018	9.029490	-0.051085	-0.092670	0.007141	0.819493	0.319095	0.476036	-0.348128	0.937005	-0.028790	-0.455235	-0.142128	0.878954
61875	5.043879	-0.408218	8.925836	-0.052727	-0.095084	0.005364	0.819046	0.318976	0.476884	-0.347884	0.937080	-0.029302	-0.456225	-0.141900	0.878478
61876	4.974379	-0.365108	8.969338	-0.041827	-0.098486	0.005860	0.818577	0.318815	0.477796	-0.347657	0.937151	-0.029707	-0.457238	-0.141791	0.877969
61877	4.929123	-0.374780	8.956535	-0.055675	-0.092241	0.005287	0.818141	0.318700	0.478618	-0.347397	0.937230	-0.030244	-0.458214	-0.141526	0.877502
61878	5.105294	-0.327911	8.911683	-0.043900	-0.109758	0.009172	0.817607	0.318555	0.479626	-0.347188	0.937294	-0.030683	-0.459325	-0.141433	0.876936
61879	5.072432	-0.367342	8.910683	-0.045210	-0.088451	0.007940	0.817178	0.318471	0.480413	-0.346997	0.937349	-0.031140	-0.460232	-0.141254	0.876489
61880	4.968950	-0.317813	8.955397	-0.046465	-0.099557	0.004864	0.816703	0.318300	0.481332	-0.346739	0.937430	-0.031581	-0.461268	-0.141104	0.875969
61881	5.027115	-0.334174	8.919740	-0.043553	-0.087587	0.010614	0.816267	0.318242	0.482110	-0.346577	0.937474	-0.032036	-0.462161	-0.140938	0.875525
61882	5.026170	-0.392551	8.939256	-0.049939	-0.107023	0.010707	0.815735	0.318116	0.483092	-0.346350	0.937541	-0.032535	-0.463268	-0.140779	0.874965
61883	4.957951	-0.438467	8.959992	-0.054221	-0.099173	0.004602	0.815264	0.317986	0.483972	-0.346087	0.937620	-0.033054	-0.464292	-0.140549	0.874459
