// General information: 
//  MT Manager version: 2022.2.0 
//  XDA version: 2022.2.0 build 7381 rev 124627 built on 2023-07-19
// Device information: 
//  DeviceId: 00B4CBA7
//  ProductCode: MTW2-3A7G6
//  Firmware Version: 4.6.0
//  Hardware Version: 2.0.0
// Device settings: 
//  Filter Profile: human(46.1)
//  Option Flags: Orientation Smoother Disabled, Position/Velocity Smoother Disabled, Continuous Zero Rotation Update Disabled, AHS Disabled, ICC Disabled
// Coordinate system: ENU
PacketCounter	Acc_X	Acc_Y	Acc_Z	Gyr_X	Gyr_Y	Gyr_Z	Mat[1][1]	Mat[2][1]	Mat[3][1]	Mat[1][2]	Mat[2][2]	Mat[3][2]	Mat[1][3]	Mat[2][3]	Mat[3][3]
18700	9.625357	0.629241	-1.454227	0.007530	0.003484	0.004759	0.168444	0.029309	0.985275	-0.182400	-0.981369	0.060376	0.968688	-0.189884	-0.159960
18701	9.587517	0.667762	-1.458095	-0.015078	0.006698	0.006320	0.168371	0.029298	0.985288	-0.182550	-0.981341	0.060376	0.968673	-0.190029	-0.159881
18702	9.564071	0.501473	-1.506064	-0.009465	-0.001029	0.006361	0.168373	0.029294	0.985288	-0.182489	-0.981353	0.060362	0.968684	-0.189967	-0.159888
18703	9.631272	0.614499	-1.484984	0.010668	-0.004086	0.005862	0.168405	0.029267	0.985283	-0.182389	-0.981374	0.060325	0.968697	-0.189863	-0.159931
18704	9.626177	0.617581	-1.544835	-0.013441	-0.003927	0.006850	0.168438	0.029229	0.985279	-0.182522	-0.981350	0.060316	0.968666	-0.189995	-0.159961
18705	9.634662	0.450419	-1.606189	-0.019255	-0.002265	0.008661	0.168447	0.029178	0.985279	-0.182717	-0.981315	0.060299	0.968628	-0.190184	-0.159968
18706	9.677012	0.506952	-1.736716	0.002807	-0.001942	0.006925	0.168458	0.029167	0.985277	-0.182535	-0.981351	0.060260	0.968660	-0.189999	-0.159993
18707	9.638016	0.629532	-1.795763	0.018829	0.005785	0.006958	0.168393	0.029148	0.985289	-0.182358	-0.981388	0.060199	0.968705	-0.189812	-0.159943
18708	9.674348	0.683393	-1.754835	0.018719	0.007661	0.008897	0.168307	0.029107	0.985305	-0.182222	-0.981418	0.060118	0.968746	-0.189662	-0.159876
18709	9.616434	0.645603	-1.710737	0.007502	0.021129	0.012739	0.168083	0.029060	0.985345	-0.182164	-0.981435	0.060018	0.968795	-0.189582	-0.159668
18710	9.623697	0.546594	-1.685219	0.000506	0.021935	0.014109	0.167848	0.029000	0.985386	-0.182171	-0.981440	0.059915	0.968835	-0.189565	-0.159450
18711	9.612607	0.596475	-1.668737	0.003944	0.026387	0.017366	0.167564	0.028918	0.985437	-0.182155	-0.981451	0.059775	0.968887	-0.189519	-0.159188
18712	9.626176	0.752573	-1.597328	-0.000259	0.029235	0.017804	0.167259	0.028848	0.985491	-0.182099	-0.981470	0.059637	0.968950	-0.189432	-0.158906
18713	9.611240	0.721519	-1.584750	-0.031905	0.031768	0.023892	0.166911	0.028712	0.985554	-0.182442	-0.981415	0.059489	0.968946	-0.189736	-0.158571
18714	9.630255	0.545826	-1.523526	-0.030725	0.034621	0.020397	0.166536	0.028621	0.985620	-0.182718	-0.981371	0.059370	0.968958	-0.189977	-0.158204
18715	9.637540	0.446423	-1.496887	-0.010162	0.029883	0.022029	0.166209	0.028499	0.985679	-0.182846	-0.981357	0.059207	0.968990	-0.190068	-0.157900
18716	9.636356	0.513563	-1.409555	0.003944	0.026389	0.017359	0.165927	0.028427	0.985728	-0.182760	-0.981382	0.059065	0.969055	-0.189952	-0.157643
18717	9.631036	0.549712	-1.424377	0.001899	0.022895	0.024455	0.165664	0.028268	0.985777	-0.182775	-0.981391	0.058858	0.969097	-0.189926	-0.157415
18718	9.605202	0.585034	-1.537958	-0.002511	0.021669	0.022818	0.165420	0.028140	0.985822	-0.182715	-0.981414	0.058673	0.969150	-0.189830	-0.157204
18719	9.610652	0.653932	-1.622100	0.003623	0.020211	0.025069	0.165182	0.027970	0.985866	-0.182715	-0.981427	0.058458	0.969191	-0.189788	-0.157004
18720	9.625857	0.690348	-1.538971	0.004596	0.016992	0.023438	0.164981	0.027802	0.985905	-0.182751	-0.981432	0.058258	0.969218	-0.189787	-0.156837
18721	9.637809	0.636705	-1.551344	-0.019193	0.019389	0.024511	0.164752	0.027637	0.985948	-0.182971	-0.981401	0.058084	0.969215	-0.189969	-0.156631
18722	9.597874	0.473905	-1.545981	-0.004236	0.022373	0.026107	0.164490	0.027466	0.985996	-0.183002	-0.981408	0.057868	0.969254	-0.189958	-0.156405
18723	9.660806	0.538674	-1.484740	-0.003264	0.019153	0.024477	0.164262	0.027300	0.986039	-0.183067	-0.981407	0.057669	0.969280	-0.189984	-0.156211
18724	9.602801	0.524734	-1.489054	-0.012203	0.014601	0.030988	0.164076	0.027059	0.986077	-0.183251	-0.981388	0.057422	0.969277	-0.190121	-0.156063
18725	9.665841	0.614032	-1.476686	-0.012742	0.018149	0.030802	0.163847	0.026829	0.986121	-0.183419	-0.981371	0.057175	0.969284	-0.190241	-0.155873
18726	9.659785	0.431235	-1.665780	-0.027910	0.022917	0.025215	0.163584	0.026668	0.986169	-0.183684	-0.981331	0.057006	0.969278	-0.190469	-0.155631
18727	9.676375	0.507989	-1.769683	0.014599	0.030120	0.029154	0.163241	0.026477	0.986231	-0.183584	-0.981365	0.056734	0.969355	-0.190317	-0.155339
18728	9.731178	0.570091	-1.916699	-0.000574	0.042730	0.029497	0.162782	0.026313	0.986311	-0.183585	-0.981380	0.056481	0.969432	-0.190266	-0.154920
18729	9.707256	0.436146	-1.918296	-0.001749	0.053699	0.027133	0.162215	0.026187	0.986408	-0.183639	-0.981383	0.056253	0.969517	-0.190269	-0.154386
18730	9.640847	0.320371	-1.934177	0.020227	0.069660	0.021550	0.161505	0.026148	0.986525	-0.183449	-0.981430	0.056046	0.969671	-0.190029	-0.153709
18731	9.659785	0.530757	-1.804784	0.058863	0.081920	0.026048	0.160666	0.026086	0.986664	-0.182914	-0.981548	0.055736	0.969912	-0.189429	-0.152930
18732	9.651059	0.822621	-1.657240	0.025824	0.091437	0.027564	0.159734	0.026020	0.986817	-0.182739	-0.981596	0.055462	0.970099	-0.189189	-0.152040
18733	9.691053	0.721213	-1.637308	-0.017976	0.095133	0.027023	0.158765	0.025973	0.986975	-0.182950	-0.981568	0.055260	0.970218	-0.189340	-0.151087
18734	9.634123	0.598092	-1.530497	-0.025736	0.103294	0.031989	0.157708	0.025900	0.987146	-0.183180	-0.981539	0.055018	0.970347	-0.189502	-0.150052
18735	9.663142	0.488687	-1.489038	-0.022074	0.104003	0.031342	0.156645	0.025827	0.987317	-0.183437	-0.981504	0.054779	0.970471	-0.189692	-0.149010
18736	9.618249	0.279707	-1.438470	-0.034968	0.102568	0.026485	0.155612	0.025811	0.987481	-0.183732	-0.981459	0.054607	0.970581	-0.189929	-0.147985
18737	9.570365	-0.019365	-1.483988	0.030600	0.098905	0.021412	0.154616	0.025826	0.987637	-0.183461	-0.981521	0.054388	0.970791	-0.189603	-0.147021
18738	9.578648	0.510760	-1.261887	0.108241	0.090192	0.030705	0.153686	0.025711	0.987785	-0.182604	-0.981704	0.053964	0.971101	-0.188667	-0.146179
18739	9.637568	0.940569	-1.141325	0.062220	0.082482	0.021301	0.152849	0.025695	0.987915	-0.182026	-0.981826	0.053700	0.971341	-0.188034	-0.145394
18740	9.652539	0.673321	-1.170993	-0.001554	0.079621	0.028895	0.152024	0.025595	0.988045	-0.182095	-0.981827	0.053452	0.971458	-0.188044	-0.144601
18741	9.550189	0.299442	-1.159378	0.027403	0.071070	0.025948	0.151290	0.025512	0.988160	-0.181862	-0.981884	0.053194	0.971616	-0.187756	-0.143909
18742	9.605344	0.470545	-1.026701	0.073724	0.051472	0.029538	0.150736	0.025364	0.988249	-0.181110	-0.982043	0.052830	0.971842	-0.186945	-0.143436
18743	9.611402	0.732268	-0.887027	0.043536	0.037503	0.032001	0.150317	0.025158	0.988318	-0.180729	-0.982131	0.052488	0.971978	-0.186508	-0.143084
18744	9.557520	0.714332	-0.831670	-0.001937	0.018365	0.032700	0.150089	0.024909	0.988359	-0.180785	-0.982136	0.052206	0.972003	-0.186516	-0.142904
18745	9.597806	0.559130	-0.662495	-0.004149	-0.000949	0.033882	0.150040	0.024613	0.988374	-0.180870	-0.982136	0.051914	0.971995	-0.186556	-0.142908
18746	9.599045	0.318299	-0.638022	-0.001162	-0.024388	0.029151	0.150232	0.024342	0.988351	-0.180741	-0.982173	0.051663	0.971989	-0.186397	-0.143154
18747	9.635491	0.278793	-1.075998	-0.011319	-0.037636	0.029305	0.150548	0.024022	0.988311	-0.180889	-0.982158	0.051427	0.971913	-0.186517	-0.143516
18748	9.681294	0.544062	-1.567224	0.018873	-0.041370	0.034713	0.150891	0.023656	0.988267	-0.180633	-0.982223	0.051091	0.971907	-0.186222	-0.143935
18749	9.714362	0.707851	-1.693702	-0.002350	-0.042927	0.036597	0.151245	0.023255	0.988223	-0.180705	-0.982226	0.050770	0.971839	-0.186255	-0.144354
18750	9.737161	0.685528	-1.780037	-0.019113	-0.031423	0.038158	0.151482	0.022839	0.988196	-0.181082	-0.982173	0.050458	0.971732	-0.186588	-0.144645
18751	9.728511	0.486238	-1.833364	-0.029918	-0.013654	0.038003	0.151549	0.022479	0.988194	-0.181424	-0.982125	0.050163	0.971658	-0.186884	-0.144761
18752	9.633384	0.273608	-1.820337	-0.005667	-0.005981	0.037217	0.151542	0.022147	0.988203	-0.181464	-0.982134	0.049839	0.971651	-0.186876	-0.144816
18753	9.722797	0.432734	-1.796743	0.032658	0.003985	0.041687	0.151431	0.021783	0.988228	-0.181203	-0.982203	0.049417	0.971717	-0.186553	-0.144789
18754	9.747106	0.628731	-1.704980	0.001860	0.023057	0.039955	0.151140	0.021467	0.988279	-0.181268	-0.982209	0.049057	0.971750	-0.186558	-0.144560
18755	9.700580	0.503289	-1.716696	-0.016068	0.025850	0.035205	0.150828	0.021208	0.988332	-0.181472	-0.982186	0.048770	0.971761	-0.186710	-0.144293
18756	9.637988	0.424426	-1.484018	0.014859	0.030446	0.032992	0.150474	0.020970	0.988391	-0.181422	-0.982211	0.048459	0.971825	-0.186608	-0.143993
18757	9.617476	0.446127	-1.247941	0.019711	0.031981	0.032829	0.150107	0.020746	0.988452	-0.181274	-0.982253	0.048144	0.971909	-0.186407	-0.143683
18758	9.643227	0.370864	-1.171075	-0.021735	0.027675	0.031086	0.149792	0.020529	0.988504	-0.181533	-0.982217	0.047907	0.971910	-0.186622	-0.143401
18759	9.564037	0.188390	-1.164455	-0.016692	0.015571	0.025144	0.149598	0.020349	0.988538	-0.181727	-0.982191	0.047719	0.971903	-0.186783	-0.143236
18760	9.548042	0.335761	-1.173448	-0.028356	0.001269	0.020817	0.149550	0.020168	0.988548	-0.182143	-0.982120	0.047592	0.971833	-0.187175	-0.143202
18761	9.624738	0.364467	-1.266574	-0.067100	0.000899	0.020053	0.149508	0.020011	0.988558	-0.182819	-0.981997	0.047528	0.971712	-0.187833	-0.143158
18762	9.630857	0.469018	-1.310547	-0.076622	-0.007904	0.020418	0.149549	0.019838	0.988555	-0.183544	-0.981865	0.047470	0.971569	-0.188542	-0.143196
18763	9.625773	0.506774	-1.328493	-0.090915	-0.014255	0.013084	0.149666	0.019721	0.988540	-0.184440	-0.981695	0.047509	0.971381	-0.189437	-0.143290
18764	9.673967	0.415461	-1.338502	-0.079507	-0.013898	0.013406	0.149784	0.019572	0.988525	-0.185441	-0.981505	0.047532	0.971173	-0.190432	-0.143384
18765	9.632439	0.340036	-1.391706	-0.069870	-0.014832	0.005217	0.149922	0.019531	0.988505	-0.186121	-0.981372	0.047618	0.971021	-0.191120	-0.143494
18766	9.697754	0.362875	-1.465931	-0.069131	-0.014289	0.007440	0.150047	0.019492	0.988487	-0.186599	-0.981279	0.047675	0.970910	-0.191604	-0.143601
18767	9.714709	0.357754	-1.518455	-0.060721	-0.010205	0.008617	0.150134	0.019426	0.988475	-0.187196	-0.981163	0.047715	0.970782	-0.192202	-0.143669
18768	9.687429	0.380439	-1.495698	-0.055827	-0.006686	0.004550	0.150198	0.019387	0.988466	-0.187886	-0.981028	0.047790	0.970639	-0.192897	-0.143706
18769	9.672206	0.317754	-1.528973	-0.063263	0.001730	-0.002186	0.150189	0.019450	0.988466	-0.188491	-0.980904	0.047940	0.970523	-0.193517	-0.143655
18770	9.635872	0.264410	-1.569959	-0.043709	0.000057	0.001230	0.150188	0.019467	0.988466	-0.188970	-0.980808	0.048028	0.970430	-0.194003	-0.143627
18771	9.602841	0.419963	-1.526562	-0.041327	0.009629	-0.007695	0.150113	0.019599	0.988475	-0.189353	-0.980725	0.048201	0.970367	-0.194406	-0.143508
18772	9.682604	0.482696	-1.516617	-0.077143	0.009471	-0.011375	0.150053	0.019773	0.988480	-0.190020	-0.980583	0.048461	0.970246	-0.195103	-0.143382
18773	9.571833	0.391377	-1.553927	-0.115735	0.017155	-0.012198	0.149914	0.019964	0.988498	-0.191119	-0.980354	0.048785	0.970051	-0.196234	-0.143153
18774	9.548840	0.353402	-1.463057	-0.130213	0.016632	-0.019683	0.149798	0.020227	0.988510	-0.192346	-0.980093	0.049203	0.969827	-0.197506	-0.142925
18775	9.645772	0.294301	-1.491846	-0.153213	0.021784	-0.020583	0.149630	0.020510	0.988529	-0.193794	-0.979784	0.049663	0.969564	-0.199003	-0.142630
18776	9.674283	0.242351	-1.555341	-0.127427	0.024619	-0.026602	0.149442	0.020854	0.988551	-0.194993	-0.979522	0.050141	0.969353	-0.200253	-0.142315
18777	9.667504	0.293802	-1.478461	-0.088195	0.027254	-0.031409	0.149243	0.021255	0.988572	-0.195794	-0.979338	0.050615	0.969222	-0.201111	-0.141998
18778	9.633491	0.248046	-1.366804	-0.046927	0.029372	-0.035403	0.149043	0.021698	0.988593	-0.196187	-0.979236	0.051071	0.969173	-0.201561	-0.141691
18779	9.610498	0.210452	-1.275742	0.008357	0.021923	-0.047843	0.148928	0.022249	0.988598	-0.196029	-0.979241	0.051569	0.969223	-0.201474	-0.141475
18780	9.536590	0.332670	-1.090281	0.028018	0.008589	-0.064025	0.148975	0.022921	0.988575	-0.195722	-0.979269	0.052200	0.969278	-0.201262	-0.141400
18781	9.609578	0.472626	-1.055116	-0.013221	-0.009199	-0.071939	0.149209	0.023645	0.988523	-0.195737	-0.979225	0.052967	0.969239	-0.201393	-0.141481
18782	9.667201	0.609404	-1.060217	-0.045488	-0.014717	-0.064592	0.149477	0.024258	0.988468	-0.196270	-0.979078	0.053707	0.969090	-0.202035	-0.141588
18783	9.604437	0.550008	-1.122706	-0.067005	-0.024315	-0.057116	0.149828	0.024806	0.988401	-0.196828	-0.978927	0.054404	0.968922	-0.202696	-0.141788
18784	9.707907	0.506243	-1.235925	-0.045295	-0.028367	-0.054797	0.150215	0.025323	0.988329	-0.197159	-0.978825	0.055045	0.968795	-0.203127	-0.142041
18785	9.856263	0.580268	-1.483504	-0.026789	-0.022925	-0.051670	0.150542	0.025820	0.988266	-0.197335	-0.978756	0.055632	0.968708	-0.203394	-0.142249
18786	9.808505	0.571063	-1.753517	-0.013295	-0.011226	-0.052377	0.150764	0.026341	0.988219	-0.197420	-0.978706	0.056206	0.968657	-0.203568	-0.142354
18787	9.676203	0.550747	-1.807448	-0.009419	-0.006468	-0.050881	0.150931	0.026864	0.988179	-0.197428	-0.978673	0.056760	0.968629	-0.203662	-0.142408
18788	9.594323	0.562109	-1.730796	-0.018446	0.014565	-0.046320	0.150885	0.027380	0.988172	-0.197552	-0.978617	0.057280	0.968611	-0.203859	-0.142249
18789	9.606746	0.541182	-1.791472	-0.050980	0.028474	-0.038955	0.150690	0.027857	0.988189	-0.197981	-0.978502	0.057775	0.968554	-0.204349	-0.141935
18790	9.643063	0.599675	-1.745833	-0.054110	0.043922	-0.034156	0.150336	0.028337	0.988229	-0.198295	-0.978412	0.058222	0.968544	-0.204714	-0.141471
18791	9.690187	0.725795	-1.724195	-0.047188	0.056819	-0.035385	0.149859	0.028838	0.988287	-0.198693	-0.978304	0.058675	0.968537	-0.205159	-0.140878
18792	9.670987	0.657283	-1.521973	-0.034769	0.065820	-0.038475	0.149308	0.029394	0.988354	-0.198901	-0.978234	0.059141	0.968579	-0.205414	-0.140211
18793	9.650522	0.381008	-1.405860	-0.029029	0.068036	-0.042199	0.148737	0.029985	0.988422	-0.199113	-0.978160	0.059636	0.968623	-0.205678	-0.139518
18794	9.572748	0.445866	-1.269361	0.006541	0.062168	-0.036496	0.148213	0.030509	0.988485	-0.198964	-0.978167	0.060023	0.968734	-0.205569	-0.138907
18795	9.557254	0.639048	-0.927059	-0.014473	0.054859	-0.034777	0.147754	0.031000	0.988538	-0.199047	-0.978125	0.060424	0.968787	-0.205694	-0.138352
18796	9.617128	0.512319	-0.706572	-0.019172	0.031780	-0.040699	0.147531	0.031505	0.988556	-0.199119	-0.978082	0.060888	0.968807	-0.205823	-0.138024
18797	9.507841	0.521601	-0.406411	-0.001304	0.013156	-0.041850	0.147491	0.031980	0.988546	-0.199064	-0.978065	0.061341	0.968824	-0.205831	-0.137890
18798	9.524831	0.399123	-0.598428	0.002299	-0.023652	-0.048618	0.147818	0.032460	0.988482	-0.198826	-0.978081	0.061851	0.968823	-0.205679	-0.138124
18799	9.614012	0.496164	-0.810634	0.025966	-0.045981	-0.047572	0.148362	0.032868	0.988387	-0.198498	-0.978118	0.062322	0.968807	-0.205439	-0.138591
18800	9.726080	0.720791	-1.166410	0.009250	-0.060083	-0.044254	0.149039	0.033222	0.988273	-0.198274	-0.978134	0.062783	0.968749	-0.205306	-0.139193
18801	9.794421	0.670801	-1.571647	-0.017728	-0.055912	-0.048693	0.149681	0.033622	0.988163	-0.198367	-0.978080	0.063326	0.968631	-0.205497	-0.139730
18802	9.697876	0.606676	-1.776163	0.011622	-0.046486	-0.045257	0.150221	0.034013	0.988067	-0.198115	-0.978101	0.063790	0.968599	-0.205334	-0.140193
18803	9.692916	0.615261	-1.839753	0.032370	-0.035389	-0.043140	0.150653	0.034400	0.987988	-0.197731	-0.978151	0.064208	0.968611	-0.205029	-0.140559
18804	9.826834	0.662488	-1.928200	0.045316	-0.016169	-0.036058	0.150886	0.034771	0.987939	-0.197116	-0.978254	0.064535	0.968700	-0.204476	-0.140751
18805	9.758725	0.696346	-2.012271	0.066766	0.005290	-0.029652	0.150897	0.035110	0.987926	-0.196418	-0.978379	0.064772	0.968840	-0.203820	-0.140738
18806	9.754182	0.799348	-1.883010	0.075020	0.023138	-0.028348	0.150729	0.035488	0.987938	-0.195507	-0.978547	0.064979	0.969050	-0.202943	-0.140558
18807	9.634131	0.734614	-1.707309	0.056320	0.037157	-0.021609	0.150415	0.035812	0.987974	-0.194922	-0.978653	0.065151	0.969217	-0.202378	-0.140223
18808	9.623649	0.679852	-1.436914	0.055650	0.042594	-0.019871	0.150051	0.036139	0.988018	-0.194278	-0.978770	0.065306	0.969402	-0.201749	-0.139844
18809	9.603576	0.753295	-1.296005	0.042810	0.045094	-0.016891	0.149650	0.036433	0.988067	-0.193831	-0.978849	0.065451	0.969554	-0.201313	-0.139423
18810	9.529774	0.751493	-1.097432	0.028095	0.036375	-0.018648	0.149338	0.036725	0.988104	-0.193526	-0.978897	0.065632	0.969663	-0.201025	-0.139080
18811	9.527510	0.591634	-0.896094	-0.023605	0.026436	-0.024711	0.149134	0.037058	0.988122	-0.193712	-0.978840	0.065946	0.969657	-0.201246	-0.138799
18812	9.464551	0.476836	-0.859377	-0.032953	-0.000087	-0.032418	0.149200	0.037422	0.988099	-0.193895	-0.978776	0.066347	0.969610	-0.201486	-0.138777
18813	9.571865	0.779265	-0.884090	-0.050063	-0.010652	-0.019296	0.149344	0.037627	0.988069	-0.194345	-0.978667	0.066644	0.969498	-0.201980	-0.138846
18814	9.654331	0.801832	-1.009412	-0.100386	-0.027523	-0.020972	0.149656	0.037820	0.988015	-0.195227	-0.978465	0.067026	0.969273	-0.202918	-0.139049
18815	9.618883	0.627773	-1.193327	-0.099743	-0.034956	-0.018843	0.150035	0.037971	0.987951	-0.196159	-0.978254	0.067388	0.969026	-0.203906	-0.139324
18816	9.693200	0.660157	-1.439239	-0.069923	-0.034960	-0.019270	0.150421	0.038102	0.987888	-0.196979	-0.978066	0.067716	0.968800	-0.204779	-0.139616
18817	9.765103	0.663639	-1.787273	-0.068975	-0.028330	-0.018872	0.150736	0.038266	0.987833	-0.197613	-0.977916	0.068036	0.968622	-0.205464	-0.139845
18818	9.718811	0.714803	-1.912277	-0.054209	-0.013664	-0.013077	0.150901	0.038415	0.987802	-0.198017	-0.977818	0.068277	0.968513	-0.205905	-0.139947
18819	9.705583	0.594157	-1.941205	-0.052674	0.007205	-0.010329	0.150856	0.038569	0.987803	-0.198505	-0.977704	0.068490	0.968420	-0.206416	-0.139836
18820	9.659376	0.570114	-1.768347	-0.022869	0.019052	-0.012584	0.150695	0.038780	0.987819	-0.198598	-0.977672	0.068678	0.968427	-0.206529	-0.139628
18821	9.560813	0.728983	-1.546268	-0.005806	0.029479	-0.009868	0.150433	0.038975	0.987852	-0.198633	-0.977655	0.068821	0.968460	-0.206573	-0.139329
18822	9.629829	0.909129	-1.222696	-0.028301	0.030899	-0.010623	0.150166	0.039164	0.987885	-0.199010	-0.977565	0.069006	0.968424	-0.206962	-0.139003
18823	9.481855	0.633286	-1.061842	-0.138076	0.026327	-0.035268	0.149985	0.039601	0.987895	-0.200288	-0.977263	0.069583	0.968189	-0.208300	-0.138643
18824	9.661495	0.658011	-1.219371	-0.163608	0.015745	-0.041381	0.149925	0.040057	0.987886	-0.201945	-0.976874	0.070258	0.967854	-0.210032	-0.138369
18825	9.582739	0.834739	-1.187455	-0.177460	0.007577	-0.031120	0.149919	0.040415	0.987872	-0.203609	-0.976485	0.070848	0.967506	-0.211762	-0.138165
18826	9.564372	0.669584	-1.178848	-0.170642	0.004589	-0.022687	0.149924	0.040696	0.987860	-0.205111	-0.976135	0.071342	0.967188	-0.213316	-0.137999
18827	9.565620	0.675094	-1.027429	-0.145932	-0.007165	-0.013326	0.150025	0.040849	0.987838	-0.206496	-0.975816	0.071713	0.966877	-0.214743	-0.137962
18828	9.641016	0.685651	-1.072116	-0.117680	-0.018204	-0.014418	0.150230	0.040985	0.987801	-0.207609	-0.975555	0.072051	0.966607	-0.215901	-0.138049
18829	9.666588	0.552586	-1.147586	-0.091893	-0.025246	-0.006493	0.150492	0.041032	0.987759	-0.208482	-0.975352	0.072280	0.966379	-0.216807	-0.138228
18830	9.651573	0.516304	-1.383050	-0.052754	-0.030317	-0.011126	0.150806	0.041143	0.987707	-0.208718	-0.975285	0.072493	0.966279	-0.217084	-0.138492
18831	9.554921	0.692229	-1.303566	-0.005586	-0.035566	-0.010638	0.151176	0.041207	0.987648	-0.208749	-0.975268	0.072643	0.966214	-0.217153	-0.138835
18832	9.555524	0.781001	-1.208729	-0.054453	-0.039478	-0.009962	0.151586	0.041251	0.987583	-0.209283	-0.975137	0.072855	0.966034	-0.217728	-0.139184
18833	9.444314	0.740233	-0.576300	-0.226507	-0.043401	-0.043534	0.152101	0.041618	0.987488	-0.211398	-0.974622	0.073637	0.965493	-0.219954	-0.139443
18834	9.666299	0.890245	-0.870219	-0.461024	-0.045413	-0.052475	0.152650	0.042090	0.987384	-0.215569	-0.973617	0.074830	0.964483	-0.224272	-0.139549
18835	9.543126	0.848826	-1.289097	-0.427736	-0.046708	-0.044153	0.153201	0.042451	0.987283	-0.219619	-0.972629	0.075900	0.963482	-0.228454	-0.139684
18836	9.489860	0.579512	-1.086150	-0.312498	-0.073736	-0.035608	0.154000	0.042668	0.987149	-0.222554	-0.971896	0.076728	0.962680	-0.231511	-0.140176
18837	9.566856	0.506630	-0.936169	-0.194917	-0.103061	-0.033827	0.155073	0.042795	0.986976	-0.224372	-0.971427	0.077374	0.962086	-0.233448	-0.141040
18838	9.679207	0.626382	-0.891695	-0.108277	-0.127334	-0.028158	0.156366	0.042828	0.986770	-0.225210	-0.971196	0.077840	0.961681	-0.234402	-0.142216
18839	9.851778	0.632980	-1.077073	-0.045631	-0.137518	-0.017704	0.157733	0.042715	0.986558	-0.225614	-0.971080	0.078117	0.961363	-0.234903	-0.143534
18840	9.617605	0.406751	-1.500623	-0.017874	-0.141270	-0.010927	0.159121	0.042527	0.986343	-0.225751	-0.971034	0.078286	0.961102	-0.235125	-0.144911
18841	9.761591	0.486203	-1.758761	0.115941	-0.154842	-0.014289	0.160646	0.042341	0.986104	-0.224608	-0.971299	0.078296	0.961116	-0.234064	-0.146525
18842	9.867693	0.838830	-1.733653	0.186757	-0.133227	-0.007904	0.161955	0.042144	0.985898	-0.222798	-0.971728	0.078137	0.961318	-0.232311	-0.147987
18843	9.690923	0.936938	-2.004885	0.161705	-0.121717	-0.005657	0.163142	0.041955	0.985710	-0.221228	-0.972099	0.077990	0.961480	-0.230790	-0.149309
18844	9.707915	0.811346	-2.062092	0.204245	-0.106698	-0.000757	0.164180	0.041769	0.985546	-0.219161	-0.972587	0.077729	0.961776	-0.228755	-0.150525
18845	9.724940	0.809080	-1.883552	0.231353	-0.087193	0.010044	0.165001	0.041510	0.985419	-0.216946	-0.973117	0.077318	0.962138	-0.226540	-0.151560
18846	9.849572	0.868738	-1.856632	0.228569	-0.071396	0.013112	0.165673	0.041255	0.985317	-0.214792	-0.973629	0.076881	0.962505	-0.224376	-0.152443
18847	9.771493	0.588301	-2.055571	0.216687	-0.044510	0.018892	0.166066	0.041010	0.985262	-0.212731	-0.974119	0.076402	0.962895	-0.222283	-0.153044
18848	9.681366	0.769653	-2.055467	0.263758	-0.030046	0.023236	0.166317	0.040743	0.985230	-0.210298	-0.974694	0.075808	0.963386	-0.219800	-0.153540
18849	9.738386	0.987296	-1.872092	0.210774	-0.005341	0.027029	0.166316	0.040506	0.985240	-0.208305	-0.975164	0.075255	0.963819	-0.217747	-0.153748
18850	9.454334	0.750323	-1.178541	0.038742	0.004621	-0.006850	0.166295	0.040597	0.985240	-0.208068	-0.975211	0.075303	0.963874	-0.217520	-0.153726
18851	9.495809	0.589988	-1.256604	-0.279906	-0.004741	-0.059565	0.166470	0.041205	0.985185	-0.210659	-0.974573	0.076357	0.963281	-0.220250	-0.153557
18852	9.568057	1.032303	-1.500732	-0.288808	0.004377	-0.043314	0.166523	0.041683	0.985156	-0.213294	-0.973928	0.077261	0.962692	-0.222994	-0.153291
18853	9.475629	0.935345	-1.118718	-0.386054	-0.012688	-0.045889	0.166749	0.042139	0.985099	-0.216925	-0.973040	0.078342	0.961841	-0.226756	-0.153112
18854	9.664071	0.457216	-1.292496	-0.367773	-0.013078	-0.041364	0.166971	0.042551	0.985043	-0.220361	-0.972186	0.079348	0.961021	-0.230314	-0.152950
18855	9.517056	0.555003	-1.241440	-0.254631	-0.031429	-0.044014	0.167375	0.042944	0.984958	-0.222727	-0.971576	0.080209	0.960405	-0.232801	-0.153053
18856	9.568406	0.358392	-1.159788	-0.174958	-0.050522	-0.045559	0.167964	0.043321	0.984841	-0.224211	-0.971172	0.080959	0.959957	-0.234410	-0.153409
18857	9.514516	0.168890	-1.252447	-0.131876	-0.070340	-0.053312	0.168764	0.043711	0.984687	-0.225380	-0.970837	0.081724	0.959543	-0.235721	-0.153991
18858	9.435968	0.485038	-1.219283	-0.056582	-0.092755	-0.052594	0.169779	0.044051	0.984497	-0.225748	-0.970698	0.082364	0.959277	-0.236232	-0.154859
18859	9.439851	0.883937	-1.165515	-0.065379	-0.114851	-0.054811	0.171009	0.044349	0.984271	-0.226275	-0.970517	0.083042	0.958935	-0.236917	-0.155932
18860	9.510038	1.191374	-1.178514	-0.116721	-0.118540	-0.053148	0.172274	0.044636	0.984037	-0.227188	-0.970240	0.083784	0.958492	-0.237995	-0.157006
18861	9.470235	0.855113	-1.425703	-0.158519	-0.132906	-0.056114	0.173681	0.044901	0.983778	-0.228602	-0.969835	0.084623	0.957902	-0.239591	-0.158177
18862	9.428236	0.362092	-1.451077	-0.106372	-0.141825	-0.072003	0.175206	0.045299	0.983489	-0.229457	-0.969553	0.085534	0.957420	-0.240655	-0.159478
18863	9.208861	0.625840	-0.478976	-0.191562	-0.168645	-0.108094	0.177074	0.045977	0.983123	-0.231093	-0.969039	0.086941	0.956682	-0.242588	-0.160967
18864	9.536571	1.041841	-0.817643	-0.457900	-0.163511	-0.124364	0.178938	0.046811	0.982746	-0.235291	-0.967847	0.088943	0.955311	-0.247147	-0.162171
18865	9.575400	1.087094	-1.090452	-0.531448	-0.161778	-0.106343	0.180741	0.047473	0.982384	-0.240165	-0.966468	0.090889	0.953758	-0.252362	-0.163279
18866	9.465458	0.613441	-1.062625	-0.631243	-0.173386	-0.123273	0.182693	0.048276	0.981984	-0.245820	-0.964828	0.093166	0.951943	-0.258412	-0.164400
18867	9.642459	0.441080	-1.645395	-0.582274	-0.190304	-0.126323	0.184822	0.049034	0.981548	-0.251118	-0.963243	0.095405	0.950148	-0.264117	-0.165715
18868	9.604936	0.486736	-1.787032	-0.399133	-0.211562	-0.120279	0.187145	0.049658	0.981076	-0.254723	-0.962108	0.097287	0.948732	-0.268110	-0.167404
18869	9.745498	0.414435	-2.047262	-0.262544	-0.230936	-0.120011	0.189647	0.050227	0.980567	-0.256979	-0.961339	0.098944	0.947626	-0.270749	-0.169408
18870	9.542229	0.613189	-2.526801	-0.113286	-0.215493	-0.120470	0.192013	0.050835	0.980075	-0.257833	-0.960963	0.100358	0.946918	-0.271966	-0.171410
18871	9.578228	0.756881	-3.058164	0.051072	-0.191143	-0.120361	0.194139	0.051510	0.979621	-0.257109	-0.961039	0.101486	0.946681	-0.271572	-0.173331
18872	9.755601	1.026003	-3.330997	0.167622	-0.144643	-0.109955	0.195795	0.052213	0.979254	-0.255285	-0.961438	0.102306	0.946833	-0.270020	-0.174916
18873	9.905851	1.156425	-3.323314	0.207626	-0.088390	-0.099138	0.196891	0.052966	0.978994	-0.253117	-0.961943	0.102949	0.947189	-0.268069	-0.175991
18874	9.835282	0.856266	-3.335826	0.216480	-0.023235	-0.086040	0.197334	0.053778	0.978860	-0.250830	-0.962488	0.103444	0.947705	-0.265940	-0.176443
18875	9.566719	0.764934	-2.652801	0.213181	0.010665	-0.095389	0.197477	0.054762	0.978777	-0.248612	-0.962999	0.104039	0.948259	-0.263881	-0.176556
18876	9.565051	0.928602	-2.335625	0.128441	0.054586	-0.107789	0.197237	0.055991	0.978756	-0.247112	-0.963292	0.104904	0.948701	-0.262554	-0.176161
18877	9.424861	1.001164	-1.950183	0.058771	0.104542	-0.104084	0.196508	0.057305	0.978826	-0.246342	-0.963385	0.105856	0.949052	-0.261927	-0.175196
18878	9.432209	1.166534	-1.383190	0.031956	0.124574	-0.103454	0.195590	0.058671	0.978929	-0.245786	-0.963417	0.106849	0.949386	-0.261506	-0.174014
18879	9.514707	1.436832	-1.113143	-0.004914	0.117019	-0.096406	0.194721	0.059943	0.979025	-0.245637	-0.963345	0.107839	0.949603	-0.261483	-0.172860
18880	9.590909	1.431863	-1.012577	0.018323	0.085954	-0.087269	0.194126	0.061059	0.979075	-0.245198	-0.963361	0.108695	0.949839	-0.261167	-0.172041
18881	9.605404	1.252264	-0.942433	0.043735	0.044315	-0.073874	0.193891	0.061924	0.979067	-0.244631	-0.963427	0.109380	0.950033	-0.260718	-0.171652
18882	9.617954	1.099383	-0.923717	0.134575	-0.004751	-0.061340	0.194093	0.062548	0.978987	-0.243170	-0.963751	0.109785	0.950366	-0.259369	-0.171847
18883	9.638132	1.306512	-0.550049	0.157804	-0.057695	-0.051439	0.194771	0.062932	0.978828	-0.241563	-0.964124	0.110054	0.950638	-0.257883	-0.172582
18884	9.621721	1.242858	-0.777864	0.074202	-0.083393	-0.053488	0.195703	0.063272	0.978620	-0.240731	-0.964283	0.110486	0.950657	-0.257206	-0.173481
18885	9.662789	1.053552	-1.544615	0.078812	-0.086122	-0.049931	0.196647	0.063570	0.978411	-0.239875	-0.964452	0.110874	0.950679	-0.256500	-0.174407
18886	9.597527	1.068830	-2.232415	0.149710	-0.075935	-0.042008	0.197475	0.063814	0.978229	-0.238371	-0.964803	0.111059	0.950885	-0.255113	-0.175313
18887	9.840461	1.347551	-3.141534	0.178761	-0.040902	-0.034984	0.197952	0.064086	0.978114	-0.236594	-0.965233	0.111124	0.951230	-0.253413	-0.175908
18888	9.812072	1.334556	-3.607943	0.197967	0.021909	-0.014384	0.197786	0.064310	0.978133	-0.234705	-0.965714	0.110953	0.951732	-0.251518	-0.175910
18889	9.799860	1.446660	-3.407756	0.167500	0.077003	-0.015274	0.197094	0.064688	0.978248	-0.233072	-0.966121	0.110845	0.952277	-0.249850	-0.175339
18890	9.734608	1.342062	-2.948747	-0.029264	0.141231	-0.035603	0.195841	0.065440	0.978450	-0.233173	-0.966047	0.111281	0.952511	-0.249942	-0.173933
18891	9.831199	1.297116	-2.583667	-0.125804	0.201283	-0.039811	0.194022	0.066366	0.978750	-0.234286	-0.965703	0.111925	0.952610	-0.251023	-0.171819
18892	9.799525	1.621069	-1.861325	-0.208437	0.218294	-0.049150	0.192060	0.067446	0.979063	-0.236045	-0.965174	0.112794	0.952573	-0.252766	-0.169451
18893	9.737407	1.739913	-1.219107	-0.328088	0.215414	-0.048333	0.190129	0.068498	0.979367	-0.239069	-0.964304	0.113856	0.952206	-0.255784	-0.166966
18894	9.425240	1.163826	-0.833292	-0.328281	0.192682	-0.030267	0.188373	0.069329	0.979647	-0.242082	-0.963449	0.114732	0.951794	-0.258767	-0.164705
18895	9.219482	0.868984	-0.438589	-0.198904	0.156232	-0.011796	0.186921	0.069886	0.979886	-0.243945	-0.962921	0.115210	0.951605	-0.260573	-0.162942
18896	9.378066	1.224788	0.130966	-0.056808	0.085613	-0.001725	0.186120	0.070162	0.980019	-0.244480	-0.962768	0.115357	0.951624	-0.261065	-0.162037
18897	9.462002	1.560860	0.556760	-0.031545	0.006099	0.007829	0.186049	0.070140	0.980034	-0.244787	-0.962689	0.115369	0.951559	-0.261364	-0.161937
18898	9.106977	1.224079	0.655051	-0.058082	-0.081627	0.012428	0.186797	0.069868	0.979911	-0.245205	-0.962581	0.115375	0.951305	-0.261831	-0.162675
18899	9.104499	0.975837	0.429075	-0.026180	-0.172692	0.031819	0.188367	0.069147	0.979661	-0.245506	-0.962533	0.115143	0.950918	-0.262202	-0.164334
18900	9.373692	1.072921	-0.422087	0.025242	-0.230706	0.040649	0.190470	0.068199	0.979321	-0.245280	-0.962638	0.114743	0.950557	-0.262063	-0.166626
18901	9.549450	1.526084	-1.504198	0.073818	-0.255513	0.060033	0.192757	0.066990	0.978957	-0.244686	-0.962869	0.114068	0.950249	-0.261524	-0.169209
18902	9.800933	1.792645	-2.459716	0.096350	-0.234795	0.095622	0.194758	0.065493	0.978662	-0.243940	-0.963184	0.113002	0.950033	-0.260743	-0.171611
18903	9.780131	1.746922	-3.192408	0.092833	-0.185470	0.128676	0.196212	0.063808	0.978483	-0.243302	-0.963507	0.111620	0.949897	-0.259968	-0.173527
18904	10.046857	1.457794	-4.013167	0.122202	-0.115947	0.161717	0.196924	0.061990	0.978457	-0.242425	-0.963930	0.109860	0.949974	-0.258836	-0.174793
18905	9.985902	1.236777	-4.445801	0.216677	-0.016153	0.189690	0.196625	0.060157	0.978632	-0.240731	-0.964602	0.107661	0.950467	-0.256756	-0.175183
18906	9.791257	1.480213	-3.611064	0.128776	0.046979	0.178997	0.195751	0.058597	0.978901	-0.239789	-0.965052	0.105718	0.950885	-0.255425	-0.174859
18907	9.784148	1.717518	-3.394301	-0.031705	0.177615	0.171847	0.193655	0.057430	0.979387	-0.240417	-0.965068	0.104128	0.951156	-0.255627	-0.173083
18908	9.693839	1.530818	-2.465479	-0.136025	0.218140	0.175188	0.191164	0.056349	0.979939	-0.241960	-0.964838	0.102681	0.951269	-0.256735	-0.170808
18909	9.783767	0.720017	-1.625378	-0.179092	0.231008	0.164785	0.188571	0.055391	0.980496	-0.243968	-0.964467	0.101406	0.951273	-0.258332	-0.168357
18910	9.436761	0.454141	-0.620445	-0.085030	0.204675	0.165895	0.186232	0.054362	0.981001	-0.245067	-0.964339	0.099962	0.951451	-0.259027	-0.166268
18911	9.322036	0.708600	0.484019	-0.023265	0.123640	0.153825	0.184684	0.053237	0.981355	-0.245566	-0.964360	0.098528	0.951625	-0.259184	-0.165028
18912	9.196900	0.615202	1.583790	-0.038814	0.014980	0.122248	0.184250	0.052140	0.981495	-0.246117	-0.964331	0.097431	0.951566	-0.259515	-0.164846
18913	8.944105	0.298689	1.988606	-0.038330	-0.100422	0.102574	0.184959	0.050928	0.981426	-0.246664	-0.964282	0.096525	0.951287	-0.259935	-0.165790
18914	8.647040	-0.048723	2.310542	0.019389	-0.269003	0.080553	0.187326	0.049503	0.981050	-0.246546	-0.964391	0.095739	0.950855	-0.259808	-0.168451
18915	8.575073	-0.263953	2.612911	0.187176	-0.460131	0.055979	0.191568	0.047809	0.980314	-0.244864	-0.964901	0.094907	0.950444	-0.258225	-0.173138
18916	8.834248	0.607800	2.956700	0.320680	-0.658102	0.040134	0.197728	0.045762	0.979188	-0.241926	-0.965732	0.093985	0.949934	-0.255475	-0.179881
18917	9.138033	0.933663	2.381155	0.318026	-0.824164	0.035725	0.205473	0.043360	0.977702	-0.238970	-0.966555	0.093087	0.949038	-0.252769	-0.188239
18918	9.430355	0.977515	0.830999	0.243689	-0.936053	0.049875	0.214232	0.040549	0.975941	-0.236802	-0.967177	0.092166	0.947644	-0.250849	-0.197598
18919	9.464169	0.889069	-0.868972	0.286321	-1.015511	0.051438	0.223732	0.037554	0.973927	-0.234194	-0.967910	0.091121	0.946096	-0.248475	-0.207757
18920	9.656170	1.516595	-2.067757	0.365369	-1.030388	0.072948	0.233304	0.034353	0.971797	-0.230844	-0.968850	0.089669	0.944606	-0.245254	-0.218107
18921	9.700541	1.619588	-2.869301	0.367728	-1.019661	0.087759	0.242732	0.031056	0.969596	-0.227573	-0.969774	0.088033	0.943023	-0.242022	-0.228328
18922	9.793299	0.956216	-3.320537	0.398419	-0.992516	0.099791	0.251859	0.027726	0.967367	-0.224128	-0.970742	0.086176	0.941453	-0.238518	-0.238276
18923	9.734496	0.523282	-3.551601	0.512757	-0.955877	0.103600	0.260627	0.024500	0.965129	-0.219559	-0.971979	0.083965	0.940142	-0.233786	-0.247944
18924	9.543785	0.683863	-2.750831	0.534320	-0.932399	0.098346	0.269175	0.021410	0.962853	-0.214864	-0.973220	0.081708	0.938817	-0.228877	-0.257366
18925	9.704143	1.208423	-2.681184	0.354937	-0.927302	0.083142	0.277700	0.018531	0.960489	-0.211752	-0.974043	0.080015	0.937040	-0.225605	-0.266568
18926	9.468708	1.220019	-2.114953	0.249468	-0.923580	0.089010	0.286159	0.015604	0.958055	-0.209766	-0.974593	0.078528	0.934939	-0.223439	-0.275615
18927	9.547343	0.737205	-1.525478	0.188120	-0.963723	0.090862	0.294972	0.012611	0.955423	-0.208262	-0.975024	0.077168	0.932533	-0.221740	-0.284979
18928	9.599261	0.202208	-0.865149	0.224397	-1.018100	0.071413	0.304307	0.009673	0.952525	-0.206514	-0.975497	0.075882	0.929919	-0.219801	-0.294853
18929	9.595027	0.017720	-0.234696	0.278380	-1.113910	0.057240	0.314536	0.006718	0.949222	-0.204094	-0.976110	0.074537	0.927045	-0.217175	-0.305651
18930	9.771444	0.016207	0.154211	0.245598	-1.242235	0.029194	0.325968	0.003753	0.945373	-0.202037	-0.976613	0.073540	0.923540	-0.214972	-0.317586
18931	10.740008	-0.240727	0.484195	0.154580	-1.365992	0.018311	0.338522	0.000686	0.940958	-0.200660	-0.976945	0.072902	0.919314	-0.213492	-0.330580
18932	11.578794	-0.769146	-0.080837	0.034599	-1.471656	0.038346	0.351930	-0.002821	0.936022	-0.200571	-0.976995	0.072467	0.914285	-0.213242	-0.344399
18933	11.530030	0.123312	-0.383835	0.116240	-1.580366	0.069592	0.366201	-0.006824	0.930511	-0.199747	-0.977239	0.071444	0.908844	-0.212030	-0.359229
18934	12.040014	0.726331	-0.629631	0.042249	-1.712277	0.093769	0.381515	-0.011341	0.924293	-0.199742	-0.977312	0.070455	0.902524	-0.211499	-0.375125
18935	11.865993	0.840730	-0.565396	-0.152368	-1.807904	0.104859	0.397560	-0.016163	0.917434	-0.201504	-0.976975	0.070108	0.895177	-0.212739	-0.391663
18936	11.599022	-0.338578	-0.514694	-0.375822	-1.904320	0.104657	0.414305	-0.021238	0.909890	-0.205284	-0.976146	0.070689	0.886685	-0.216073	-0.408782
18937	11.031015	-1.876554	-0.918261	-0.474510	-1.991752	0.069755	0.431732	-0.026226	0.901620	-0.209748	-0.975096	0.072073	0.877276	-0.220229	-0.426481
18938	10.926017	-2.668990	-1.155983	-0.343115	-2.091064	0.000934	0.449961	-0.030842	0.892516	-0.212754	-0.974331	0.073590	0.867336	-0.222998	-0.444972
18939	11.042382	-2.238619	-1.258934	-0.142434	-2.181261	-0.075492	0.468934	-0.034940	0.882542	-0.213617	-0.974039	0.074941	0.857012	-0.223668	-0.464223
18940	11.381114	-1.774849	-1.379647	0.078635	-2.254935	-0.139850	0.488425	-0.038581	0.871753	-0.212289	-0.974261	0.075823	0.846389	-0.222097	-0.484043
18941	11.565905	-1.005550	-0.952065	0.276257	-2.344160	-0.241564	0.508649	-0.041353	0.859980	-0.208742	-0.974968	0.076581	0.835286	-0.218467	-0.504549
18942	11.706377	-0.473495	-0.889727	0.244645	-2.477077	-0.386344	0.529971	-0.042936	0.846928	-0.204722	-0.975656	0.078644	0.822933	-0.215064	-0.525859
18943	12.189908	0.037021	-1.023814	0.113854	-2.528773	-0.559474	0.551751	-0.042849	0.832907	-0.200746	-0.976141	0.082764	0.809488	-0.212867	-0.547189
18944	12.919271	1.240451	-3.059058	-0.044358	-2.439127	-0.652372	0.572609	-0.041652	0.818770	-0.197453	-0.976316	0.088423	0.795695	-0.212300	-0.567272
18945	12.300182	2.438405	-4.701911	0.075742	-2.308375	-0.667199	0.592131	-0.039980	0.804849	-0.192947	-0.976751	0.093433	0.782402	-0.210618	-0.586078
18946	11.161688	2.487764	-6.576202	-0.005225	-2.193039	-0.697675	0.610458	-0.037764	0.791148	-0.188813	-0.977004	0.099055	0.769215	-0.209848	-0.603550
18947	9.970830	1.403564	-7.877522	0.065057	-2.138058	-0.730550	0.628130	-0.035058	0.777319	-0.183769	-0.977408	0.104416	0.756097	-0.208434	-0.620381
18948	9.036121	0.419937	-8.699569	0.137934	-2.004695	-0.762067	0.644521	-0.031756	0.763927	-0.177906	-0.977942	0.109445	0.743601	-0.206447	-0.635954
18949	8.115257	-0.223924	-9.648179	0.284438	-1.789035	-0.775478	0.659081	-0.027795	0.751558	-0.170727	-0.978757	0.113521	0.732438	-0.203131	-0.649825
18950	7.024488	-0.189672	-9.712550	0.483868	-1.505506	-0.758859	0.671284	-0.023374	0.740832	-0.162175	-0.979916	0.116033	0.723241	-0.198036	-0.661593
18951	5.964796	0.075710	-9.421886	0.556389	-1.193547	-0.736140	0.681037	-0.018448	0.732016	-0.153168	-0.981157	0.117774	0.716050	-0.192330	-0.671030
18952	5.230042	-0.395196	-8.653284	0.608186	-0.847312	-0.727635	0.688148	-0.012899	0.725456	-0.143861	-0.982417	0.118996	0.711165	-0.186252	-0.677904
18953	5.042040	-1.132662	-7.640059	0.689327	-0.446982	-0.706162	0.692306	-0.006736	0.721573	-0.134066	-0.983748	0.119445	0.709041	-0.179431	-0.681957
18954	4.553634	-1.042236	-7.590310	0.897461	-0.080191	-0.611873	0.693647	-0.000843	0.720314	-0.123473	-0.985337	0.117749	0.709653	-0.170615	-0.683581
18955	4.207662	0.013793	-5.969521	1.011220	0.333095	-0.471214	0.691837	0.004394	0.722041	-0.112988	-0.987004	0.114268	0.713159	-0.160636	-0.682349
18956	5.936733	-0.158888	-3.011172	0.761854	0.849109	-0.266151	0.686029	0.008364	0.727526	-0.105707	-0.988178	0.111038	0.719855	-0.153080	-0.677035
18957	7.055698	0.317672	-2.745843	0.373789	1.404328	-0.129360	0.675985	0.011803	0.736821	-0.102090	-0.988730	0.109500	0.729809	-0.149243	-0.667162
18958	6.122204	-0.010087	-4.244429	-0.039238	1.946913	-0.095776	0.661730	0.015666	0.749578	-0.101753	-0.988655	0.110491	0.742805	-0.149387	-0.652629
18959	4.985900	-1.303760	-5.358243	-0.177206	2.397604	-0.027122	0.643763	0.019570	0.764974	-0.102881	-0.988383	0.111865	0.758277	-0.150716	-0.634272
18960	5.228639	-2.086309	-5.987409	0.042400	2.826632	0.102696	0.621952	0.022810	0.782723	-0.103222	-0.988465	0.110826	0.776222	-0.149723	-0.612423
18961	5.622596	-1.908466	-6.021664	0.385314	3.253535	0.207844	0.596154	0.025590	0.802462	-0.101435	-0.989082	0.106897	0.796437	-0.145125	-0.587050
18962	5.880436	-0.799032	-6.053744	0.600453	3.647601	0.287470	0.566397	0.027923	0.823659	-0.098275	-0.990006	0.101142	0.818252	-0.138231	-0.557993
18963	5.860897	-0.057653	-6.053764	0.662313	4.044685	0.331258	0.532515	0.030115	0.845884	-0.094578	-0.990991	0.094821	0.841120	-0.130496	-0.524870
18964	5.750513	0.278339	-6.433334	0.669559	4.405618	0.368610	0.494581	0.032045	0.868541	-0.090779	-0.991949	0.088291	0.864378	-0.122512	-0.487690
18965	5.982685	0.664251	-7.274052	0.809529	4.719361	0.432538	0.452853	0.033346	0.890961	-0.085718	-0.993043	0.080735	0.887455	-0.112932	-0.446844
