// General information: 
//  MT Manager version: 2022.2.0 
//  XDA version: 2022.2.0 build 7381 rev 124627 built on 2023-07-19
// Device information: 
//  DeviceId: 00B4CAF0
//  ProductCode: MTW2-3A7G6
//  Firmware Version: 4.6.0
//  Hardware Version: 2.0.0
// Device settings: 
//  Filter Profile: human(46.1)
//  Option Flags: Orientation Smoother Disabled, Position/Velocity Smoother Disabled, Continuous Zero Rotation Update Disabled, AHS Disabled, ICC Disabled
// Coordinate system: ENU
PacketCounter	Acc_X	Acc_Y	Acc_Z	Gyr_X	Gyr_Y	Gyr_Z	Mat[1][1]	Mat[2][1]	Mat[3][1]	Mat[1][2]	Mat[2][2]	Mat[3][2]	Mat[1][3]	Mat[2][3]	Mat[3][3]
48549	4.746208	-0.987827	9.002525	-0.018763	0.029120	0.015638	0.717257	0.525353	0.457762	-0.553116	0.828806	-0.084518	-0.423797	-0.192574	0.885049
48550	4.719538	-0.993232	9.028625	-0.016811	0.031508	0.015562	0.717306	0.525530	0.457482	-0.553130	0.828771	-0.084770	-0.423697	-0.192241	0.885169
48551	4.764419	-0.989284	8.980138	-0.016263	0.025249	0.013551	0.717354	0.525662	0.457255	-0.553122	0.828754	-0.084986	-0.423626	-0.191953	0.885265
48552	4.733954	-0.970258	9.004763	-0.013980	0.023638	0.009242	0.717406	0.525767	0.457054	-0.553093	0.828752	-0.085193	-0.423576	-0.191675	0.885349
48553	4.736174	-0.995842	9.006925	-0.011643	0.021755	0.009274	0.717463	0.525856	0.456862	-0.553074	0.828749	-0.085349	-0.423505	-0.191444	0.885434
48554	4.729951	-0.973225	9.006546	-0.009115	0.017737	0.009359	0.717488	0.525951	0.456713	-0.553072	0.828734	-0.085504	-0.423465	-0.191247	0.885496
48555	4.732612	-0.999780	8.984012	-0.010903	0.013358	0.007316	0.717520	0.526008	0.456597	-0.553042	0.828740	-0.085644	-0.423449	-0.191065	0.885542
48556	4.755347	-0.995382	9.008619	-0.006970	0.017988	0.009339	0.717546	0.526106	0.456444	-0.553056	0.828717	-0.085771	-0.423388	-0.190894	0.885609
48557	4.710018	-1.030149	8.986948	-0.004302	0.012102	0.005137	0.717585	0.526142	0.456340	-0.553038	0.828722	-0.085843	-0.423345	-0.190774	0.885655
48558	4.717733	-1.079755	8.965346	0.000728	0.004191	0.003139	0.717601	0.526136	0.456323	-0.553013	0.828736	-0.085871	-0.423351	-0.190731	0.885661
48559	4.704481	-1.007767	8.961841	0.002171	0.000111	0.002151	0.717605	0.526125	0.456328	-0.553001	0.828744	-0.085872	-0.423359	-0.190728	0.885658
48560	4.812723	-0.906529	9.102431	0.002197	-0.000024	0.004321	0.717586	0.526137	0.456344	-0.553000	0.828740	-0.085913	-0.423392	-0.190708	0.885646
48561	4.732791	-1.026197	8.987141	-0.000357	0.004135	0.002064	0.717608	0.526133	0.456313	-0.552977	0.828753	-0.085935	-0.423385	-0.190663	0.885660
48562	4.689351	-1.057625	9.013526	0.002771	-0.006429	0.004481	0.717552	0.526156	0.456376	-0.553011	0.828729	-0.085951	-0.423435	-0.190707	0.885626
48563	4.753069	-0.996269	9.009724	0.007686	-0.001205	-0.001102	0.717569	0.526115	0.456396	-0.552999	0.828743	-0.085888	-0.423422	-0.190756	0.885622
48564	4.685609	-1.034594	8.963218	0.015218	-0.013004	-0.005183	0.717535	0.526052	0.456522	-0.553021	0.828742	-0.085756	-0.423451	-0.190934	0.885569
48565	4.783403	-1.012737	9.009828	0.021793	-0.014126	-0.009532	0.717544	0.525918	0.456664	-0.553009	0.828774	-0.085530	-0.423453	-0.191168	0.885518
48566	4.752472	-0.964305	9.056100	0.019700	-0.014639	-0.005170	0.717519	0.525816	0.456819	-0.553010	0.828790	-0.085364	-0.423493	-0.191375	0.885454
48567	4.757963	-0.987231	9.032485	0.025023	-0.013815	-0.008478	0.717524	0.525690	0.456956	-0.553019	0.828810	-0.085114	-0.423474	-0.191634	0.885407
48568	4.735150	-0.989910	9.008117	0.028365	-0.015237	-0.013883	0.717555	0.525501	0.457125	-0.552985	0.828863	-0.084814	-0.423464	-0.191924	0.885349
48569	4.712880	-0.990623	9.008039	0.037520	-0.020639	-0.013805	0.717560	0.525318	0.457327	-0.553009	0.828886	-0.084429	-0.423425	-0.192323	0.885282
48570	4.714860	-0.986225	9.007486	0.042814	-0.019672	-0.019286	0.717585	0.525109	0.457529	-0.553038	0.828914	-0.083970	-0.423345	-0.192775	0.885221
48571	4.745449	-1.002113	8.983184	0.046923	-0.029616	-0.024472	0.717611	0.524820	0.457819	-0.553024	0.828975	-0.083453	-0.423318	-0.193299	0.885120
48572	4.743850	-0.972517	8.981077	0.053191	-0.026847	-0.022425	0.717616	0.524581	0.458085	-0.553090	0.828989	-0.082880	-0.423224	-0.193887	0.885036
48573	4.746797	-0.965080	9.004681	0.057644	-0.028324	-0.024587	0.717648	0.524293	0.458364	-0.553121	0.829029	-0.082267	-0.423129	-0.194492	0.884949
48574	4.749876	-0.958526	9.003758	0.059223	-0.034239	-0.029859	0.717693	0.523921	0.458720	-0.553079	0.829119	-0.081644	-0.423108	-0.195113	0.884822
48575	4.781893	-0.969793	9.027906	0.062395	-0.033633	-0.033154	0.717750	0.523551	0.459052	-0.553069	0.829193	-0.080950	-0.423025	-0.195786	0.884714
48576	4.824772	-0.904944	9.047556	0.054960	-0.034822	-0.027646	0.717767	0.523220	0.459403	-0.553051	0.829261	-0.080376	-0.423020	-0.196382	0.884584
48577	4.828097	-0.898966	9.046378	0.049448	-0.033502	-0.024389	0.717776	0.522923	0.459727	-0.553049	0.829315	-0.079837	-0.423007	-0.196947	0.884464
48578	4.783166	-0.902398	9.046316	0.042626	-0.029987	-0.024434	0.717814	0.522592	0.460044	-0.552969	0.829413	-0.079373	-0.423046	-0.197415	0.884341
48579	4.838464	-0.912962	9.045531	0.036058	-0.028871	-0.020076	0.717819	0.522339	0.460323	-0.552941	0.829470	-0.078972	-0.423074	-0.197844	0.884232
48580	4.836345	-0.887609	8.994318	0.036252	-0.030988	-0.020018	0.717808	0.522082	0.460632	-0.552905	0.829529	-0.078595	-0.423141	-0.198270	0.884105
48581	4.839672	-0.881115	9.041947	0.025008	-0.026134	-0.015725	0.717800	0.521871	0.460884	-0.552861	0.829585	-0.078311	-0.423211	-0.198593	0.883999
48582	4.822015	-0.908156	9.018583	0.021254	-0.020322	-0.012608	0.717803	0.521681	0.461095	-0.552814	0.829640	-0.078067	-0.423269	-0.198863	0.883910
48583	4.847983	-0.901395	9.017202	0.018053	-0.020768	-0.011483	0.717794	0.521515	0.461295	-0.552771	0.829687	-0.077864	-0.423338	-0.199100	0.883823
48584	4.849970	-0.899308	9.016342	0.015908	-0.021022	-0.011456	0.717778	0.521348	0.461509	-0.552708	0.829744	-0.077709	-0.423448	-0.199302	0.883725
48585	4.799747	-0.880802	9.039660	0.014657	-0.019084	-0.010418	0.717771	0.521194	0.461694	-0.552659	0.829792	-0.077541	-0.423524	-0.199503	0.883644
48586	4.834260	-0.922635	9.041129	0.013242	-0.015149	-0.007268	0.717747	0.521090	0.461849	-0.552638	0.829818	-0.077419	-0.423593	-0.199668	0.883573
48587	4.851334	-0.867259	9.061440	0.013633	-0.019402	-0.007147	0.717720	0.520963	0.462034	-0.552608	0.829851	-0.077275	-0.423677	-0.199862	0.883489
48588	4.852323	-0.868767	9.011955	0.008921	-0.015532	-0.009384	0.717719	0.520814	0.462204	-0.552511	0.829922	-0.077212	-0.423806	-0.199956	0.883406
48589	4.834226	-0.895950	9.013265	0.011163	-0.015661	-0.002898	0.717685	0.520729	0.462353	-0.552501	0.829938	-0.077110	-0.423877	-0.200110	0.883337
48590	4.831279	-0.869362	9.035739	0.009455	-0.009212	-0.006324	0.717685	0.520638	0.462454	-0.552465	0.829970	-0.077019	-0.423923	-0.200214	0.883292
48591	4.859944	-0.890838	8.987405	0.007344	-0.009599	-0.004124	0.717684	0.520555	0.462550	-0.552430	0.830000	-0.076945	-0.423971	-0.200304	0.883248
48592	4.837425	-0.891437	9.036401	0.008237	-0.007407	-0.003114	0.717689	0.520464	0.462644	-0.552378	0.830040	-0.076886	-0.424030	-0.200375	0.883204
48593	4.833658	-0.866480	9.034743	0.010381	-0.007147	-0.003143	0.717692	0.520394	0.462718	-0.552363	0.830059	-0.076789	-0.424044	-0.200477	0.883174
48594	4.861909	-0.888051	8.986618	0.007879	-0.003281	-0.001065	0.717692	0.520350	0.462767	-0.552349	0.830073	-0.076740	-0.424062	-0.200533	0.883152
48595	4.838364	-0.890301	9.011604	0.007520	0.000844	0.000985	0.717706	0.520331	0.462767	-0.552351	0.830077	-0.076688	-0.424035	-0.200570	0.883157
48596	4.818578	-0.919476	8.989253	0.007879	-0.003280	-0.001064	0.717694	0.520312	0.462807	-0.552363	0.830073	-0.076641	-0.424041	-0.200632	0.883140
48597	4.857988	-0.862088	8.985132	0.005768	-0.003669	0.001136	0.717688	0.520285	0.462846	-0.552359	0.830079	-0.076605	-0.424056	-0.200678	0.883122
48598	4.819103	-0.918186	8.989103	0.008738	-0.000958	-0.002226	0.717731	0.520188	0.462890	-0.552287	0.830133	-0.076544	-0.424077	-0.200710	0.883105
48599	4.839367	-0.886084	9.035888	0.006432	0.000780	-0.000087	0.717751	0.520159	0.462891	-0.552277	0.830144	-0.076497	-0.424057	-0.200738	0.883108
48600	4.834587	-0.862943	9.010174	0.007683	-0.001152	-0.001126	0.717777	0.520092	0.462927	-0.552239	0.830175	-0.076435	-0.424063	-0.200783	0.883095
48601	4.867170	-0.907272	8.988052	0.006432	0.000780	-0.000087	0.717796	0.520064	0.462928	-0.552228	0.830186	-0.076387	-0.424042	-0.200811	0.883098
48602	4.843335	-0.909582	9.013192	0.008413	0.003039	0.001993	0.717836	0.520002	0.462936	-0.552176	0.830224	-0.076355	-0.424045	-0.200812	0.883097
48603	4.838487	-0.884941	9.012066	0.009306	0.005232	0.003003	0.717857	0.520008	0.462895	-0.552200	0.830213	-0.076296	-0.423976	-0.200841	0.883123
48604	4.837309	-0.887340	8.963654	0.007162	0.004972	0.003032	0.717875	0.520003	0.462874	-0.552189	0.830221	-0.076295	-0.423961	-0.200823	0.883135
48605	4.841985	-0.907708	9.014107	0.007096	0.005230	-0.001311	0.717920	0.519973	0.462837	-0.552173	0.830237	-0.076236	-0.423905	-0.200834	0.883159
48606	4.841083	-0.908689	8.990094	0.005911	0.006906	0.004070	0.717942	0.519979	0.462797	-0.552172	0.830238	-0.076230	-0.423869	-0.200815	0.883181
48607	4.836324	-0.882912	9.013426	0.004822	0.006840	0.002998	0.717971	0.519988	0.462742	-0.552177	0.830236	-0.076211	-0.423814	-0.200798	0.883211
48608	4.816024	-0.910866	9.015892	0.006737	0.009357	0.000736	0.718031	0.519954	0.462688	-0.552136	0.830266	-0.076185	-0.423766	-0.200764	0.883242
48609	4.834720	-0.881887	9.014387	0.007826	0.009423	0.001807	0.718077	0.519959	0.462611	-0.552145	0.830264	-0.076134	-0.423676	-0.200759	0.883286
48610	4.834197	-0.879785	9.039270	0.006737	0.009358	0.000735	0.718137	0.519926	0.462555	-0.552108	0.830292	-0.076102	-0.423623	-0.200729	0.883319
48611	4.813216	-0.910655	8.993023	0.006966	0.007103	0.002970	0.718167	0.519935	0.462498	-0.552122	0.830286	-0.076064	-0.423554	-0.200728	0.883352
48612	4.836542	-0.905655	8.992844	0.009110	0.007364	0.002941	0.718199	0.519927	0.462457	-0.552114	0.830294	-0.076039	-0.423510	-0.200718	0.883375
48613	4.835815	-0.903541	9.017836	0.006151	0.015743	0.000547	0.718279	0.519934	0.462326	-0.552107	0.830303	-0.075997	-0.423384	-0.200666	0.883447
48614	4.806070	-0.884751	8.993233	0.011416	0.005627	0.000804	0.718329	0.519878	0.462310	-0.552066	0.830335	-0.075939	-0.423351	-0.200677	0.883461
48615	4.785591	-0.913766	8.971302	0.009077	0.007494	0.000769	0.718373	0.519870	0.462251	-0.552073	0.830336	-0.075873	-0.423268	-0.200692	0.883497
48616	4.809238	-0.907051	8.995515	0.009077	0.007495	0.000769	0.718416	0.519851	0.462205	-0.552071	0.830344	-0.075808	-0.423198	-0.200708	0.883527
48617	4.804310	-0.882318	8.994413	0.008380	0.003173	-0.000176	0.718447	0.519826	0.462185	-0.552068	0.830352	-0.075743	-0.423149	-0.200740	0.883543
48618	4.832262	-0.902713	8.971056	0.006432	0.000784	-0.000085	0.718470	0.519777	0.462204	-0.552035	0.830377	-0.075703	-0.423153	-0.200762	0.883536
48619	4.832161	-0.901916	8.971191	0.011807	0.001374	0.000930	0.718487	0.519757	0.462200	-0.552054	0.830373	-0.075613	-0.423099	-0.200832	0.883546
48620	4.799726	-0.854734	9.017783	0.003036	0.002457	0.000980	0.718494	0.519745	0.462202	-0.552023	0.830390	-0.075650	-0.423126	-0.200793	0.883542
48621	4.812899	-0.926243	9.022240	0.007552	0.000725	0.003159	0.718496	0.519743	0.462202	-0.552041	0.830382	-0.075608	-0.423100	-0.200830	0.883546
48622	4.823287	-0.851100	8.992963	0.002339	-0.001866	0.000035	0.718492	0.519719	0.462235	-0.552023	0.830394	-0.075605	-0.423131	-0.200842	0.883529
48623	4.808552	-0.901737	9.020797	0.003264	0.000202	0.003215	0.718492	0.519716	0.462239	-0.552023	0.830395	-0.075602	-0.423132	-0.200847	0.883527
48624	4.808483	-0.903079	8.996318	0.002730	-0.006122	0.000163	0.718463	0.519704	0.462297	-0.552032	0.830390	-0.075584	-0.423168	-0.200898	0.883498
48625	4.833355	-0.896945	9.019814	0.002762	-0.006249	0.002334	0.718440	0.519681	0.462358	-0.552024	0.830396	-0.075581	-0.423218	-0.200932	0.883466
48626	4.809680	-0.902795	8.995706	0.000782	-0.008511	0.000255	0.718440	0.519590	0.462461	-0.551946	0.830448	-0.075578	-0.423319	-0.200956	0.883412
48627	4.838906	-0.920704	9.020688	0.003460	-0.001925	0.003278	0.718430	0.519583	0.462484	-0.551947	0.830447	-0.075573	-0.423335	-0.200973	0.883401
48628	4.853819	-0.871303	8.968238	0.001870	-0.008443	0.001326	0.718418	0.519504	0.462592	-0.551866	0.830498	-0.075610	-0.423461	-0.200970	0.883341
48629	4.830782	-0.873989	8.992876	0.003818	-0.006054	0.001234	0.718402	0.519472	0.462653	-0.551854	0.830508	-0.075592	-0.423504	-0.201011	0.883311
48630	4.811896	-0.900635	9.019124	0.002372	-0.001993	0.002207	0.718418	0.519407	0.462700	-0.551790	0.830550	-0.075593	-0.423559	-0.201006	0.883286
48631	4.831703	-0.872048	9.016961	0.004711	-0.003858	0.002242	0.718406	0.519388	0.462741	-0.551789	0.830553	-0.075572	-0.423582	-0.201044	0.883267
48632	4.816673	-0.925598	8.995909	0.004906	-0.005986	0.002305	0.718406	0.519311	0.462827	-0.551727	0.830595	-0.075563	-0.423662	-0.201069	0.883222
48633	4.808757	-0.875918	9.017053	0.001869	-0.008442	0.001327	0.718379	0.519275	0.462909	-0.551707	0.830608	-0.075563	-0.423734	-0.201107	0.883179
48634	4.809159	-0.877379	8.992304	0.002990	-0.008500	0.004570	0.718321	0.519273	0.463002	-0.551711	0.830602	-0.075602	-0.423828	-0.201137	0.883127
48635	4.834126	-0.871314	9.015733	0.003851	-0.006179	0.003405	0.718292	0.519259	0.463062	-0.551714	0.830600	-0.075594	-0.423872	-0.201180	0.883096
48636	4.867838	-0.914673	9.017596	0.002259	-0.012695	0.001454	0.718241	0.519209	0.463197	-0.551679	0.830621	-0.075622	-0.424005	-0.201221	0.883023
48637	4.811374	-0.878318	8.966631	0.006547	-0.012171	0.001396	0.718198	0.519166	0.463311	-0.551679	0.830625	-0.075581	-0.424077	-0.201317	0.882967
48638	4.832175	-0.847899	8.988493	0.006157	-0.007916	0.001268	0.718176	0.519116	0.463403	-0.551662	0.830640	-0.075545	-0.424137	-0.201387	0.882922
48639	4.866402	-0.889457	9.014646	0.004598	-0.014558	0.001489	0.718122	0.519069	0.463538	-0.551655	0.830647	-0.075522	-0.424238	-0.201479	0.882853
48640	4.838952	-0.869460	9.013323	0.007245	-0.007847	0.002338	0.718099	0.519016	0.463633	-0.551637	0.830662	-0.075484	-0.424300	-0.201553	0.882806
48641	4.872626	-0.912530	9.015227	0.005296	-0.010235	0.002432	0.718059	0.518986	0.463730	-0.551639	0.830662	-0.075458	-0.424365	-0.201628	0.882757
48642	4.864656	-0.864319	9.011851	0.004241	-0.010428	0.003533	0.718048	0.518876	0.463870	-0.551536	0.830729	-0.075486	-0.424518	-0.201639	0.882682
48643	4.864902	-0.865434	8.987205	0.007910	-0.003399	0.001109	0.718044	0.518848	0.463907	-0.551540	0.830731	-0.075431	-0.424519	-0.201700	0.882666
48644	4.841129	-0.869531	8.987742	0.001317	-0.002184	0.003307	0.718042	0.518816	0.463946	-0.551508	0.830751	-0.075441	-0.424564	-0.201700	0.882645
48645	4.841715	-0.867723	9.012006	0.007944	-0.003524	0.003280	0.718026	0.518805	0.463983	-0.551527	0.830742	-0.075397	-0.424566	-0.201762	0.882630
48646	4.849972	-0.918362	8.966188	0.005444	0.000341	0.005354	0.718021	0.518801	0.463996	-0.551533	0.830740	-0.075380	-0.424567	-0.201784	0.882624
48647	4.845917	-0.892557	8.989105	0.005605	-0.001659	0.003246	0.718013	0.518794	0.464016	-0.551542	0.830736	-0.075356	-0.424569	-0.201818	0.882616
48648	4.822499	-0.895147	9.014006	0.003656	-0.004047	0.003341	0.718003	0.518749	0.464081	-0.551501	0.830762	-0.075370	-0.424639	-0.201825	0.882580
48649	4.818501	-0.871081	9.012318	0.002796	-0.006367	0.004506	0.717968	0.518743	0.464142	-0.551507	0.830758	-0.075376	-0.424690	-0.201860	0.882548
48650	4.895018	-0.883228	8.987293	0.004711	-0.003853	0.002240	0.717946	0.518722	0.464199	-0.551492	0.830766	-0.075389	-0.424747	-0.201877	0.882517
48651	4.819177	-0.870818	9.011983	0.001351	-0.002307	0.005478	0.717923	0.518733	0.464224	-0.551499	0.830760	-0.075413	-0.424778	-0.201878	0.882502
48652	4.851932	-0.916043	8.989764	0.001546	-0.004433	0.005543	0.717905	0.518697	0.464290	-0.551458	0.830784	-0.075449	-0.424860	-0.201871	0.882464
48653	4.823853	-0.896752	8.988719	-0.000564	-0.004819	0.007745	0.717859	0.518721	0.464335	-0.551473	0.830769	-0.075500	-0.424919	-0.201870	0.882435
48654	4.848774	-0.891061	9.012118	0.001935	-0.008684	0.005671	0.717820	0.518688	0.464433	-0.551451	0.830782	-0.075522	-0.425015	-0.201900	0.882382
48655	4.849498	-0.891139	9.011721	0.003024	-0.008615	0.006742	0.717763	0.518696	0.464512	-0.551474	0.830765	-0.075537	-0.425081	-0.201948	0.882339
48656	4.825748	-0.897174	8.987660	0.001740	-0.006557	0.005607	0.717741	0.518653	0.464593	-0.551433	0.830790	-0.075561	-0.425170	-0.201959	0.882294
48657	4.826374	-0.897258	8.987315	0.003024	-0.008614	0.006742	0.717684	0.518661	0.464673	-0.551456	0.830773	-0.075576	-0.425236	-0.202007	0.882251
48658	4.851187	-0.892843	8.986234	0.004273	-0.010546	0.005705	0.717652	0.518584	0.464808	-0.551390	0.830815	-0.075603	-0.425376	-0.202034	0.882178
48659	4.798699	-0.880732	8.936976	0.003919	-0.006419	0.007747	0.717599	0.518604	0.464867	-0.551424	0.830791	-0.075615	-0.425422	-0.202078	0.882145
48660	4.829063	-0.895523	9.010453	0.004432	-0.012546	0.003598	0.717541	0.518559	0.465008	-0.551391	0.830810	-0.075650	-0.425562	-0.202119	0.882069
48661	4.853770	-0.892432	8.984880	0.006611	-0.012408	0.005738	0.717473	0.518550	0.465121	-0.551422	0.830791	-0.075629	-0.425636	-0.202216	0.882011
48662	4.782749	-0.907122	8.961760	-0.000329	-0.019634	0.004955	0.717383	0.518507	0.465309	-0.551408	0.830798	-0.075656	-0.425806	-0.202301	0.881909
48663	4.838070	-0.919457	9.009463	-0.000643	-0.028200	0.004143	0.717257	0.518453	0.465563	-0.551397	0.830802	-0.075691	-0.426033	-0.202420	0.881772
48664	4.855740	-0.867304	9.004498	0.001501	-0.027935	0.004111	0.717139	0.518368	0.465839	-0.551354	0.830827	-0.075729	-0.426287	-0.202534	0.881623
48665	4.862625	-0.891312	9.004627	0.002591	-0.027862	0.005180	0.717009	0.518324	0.466089	-0.551363	0.830820	-0.075740	-0.426494	-0.202678	0.881490
48666	4.893326	-0.910957	9.004167	0.001113	-0.023679	0.003981	0.716936	0.518199	0.466340	-0.551269	0.830880	-0.075774	-0.426738	-0.202753	0.881354
48667	4.890483	-0.888561	8.977260	0.003063	-0.021292	0.003884	0.716841	0.518157	0.466533	-0.551271	0.830878	-0.075775	-0.426896	-0.202867	0.881252
48668	4.948535	-0.926183	9.002726	0.005366	0.002098	0.011796	0.716795	0.518221	0.466531	-0.551324	0.830839	-0.075818	-0.426902	-0.202864	0.881249
48669	4.869399	-0.889818	9.025548	0.001849	-0.032044	0.002067	0.716664	0.518142	0.466820	-0.551308	0.830849	-0.075821	-0.427143	-0.203023	0.881096
48670	4.874290	-0.920243	8.928364	-0.001576	-0.017684	0.005993	0.716562	0.518132	0.466989	-0.551308	0.830843	-0.075891	-0.427316	-0.203074	0.881000
48671	4.872255	-0.893378	8.974775	0.002711	-0.017161	0.005926	0.716473	0.518115	0.467144	-0.551323	0.830832	-0.075905	-0.427446	-0.203164	0.880917
48672	4.878406	-0.915860	8.999882	0.001234	-0.012983	0.004728	0.716406	0.518099	0.467265	-0.551334	0.830824	-0.075909	-0.427543	-0.203238	0.880852
48673	4.854837	-0.923570	8.951141	-0.000523	-0.017488	0.004890	0.716321	0.518072	0.467424	-0.551328	0.830825	-0.075946	-0.427693	-0.203302	0.880765
48674	4.871812	-0.869920	8.971110	0.000143	-0.013050	0.003659	0.716265	0.518037	0.467550	-0.551312	0.830833	-0.075964	-0.427808	-0.203356	0.880697
48675	4.897201	-0.864169	8.994222	0.001976	-0.008789	0.007839	0.716201	0.518053	0.467630	-0.551338	0.830814	-0.075993	-0.427882	-0.203396	0.880652
48676	4.859092	-0.920964	8.997988	0.002711	-0.017155	0.005924	0.716101	0.518043	0.467793	-0.551353	0.830800	-0.076029	-0.428029	-0.203475	0.880562
48677	4.879369	-0.894319	8.970816	-0.000243	-0.008803	0.003531	0.716061	0.518023	0.467877	-0.551338	0.830808	-0.076057	-0.428115	-0.203497	0.880515
48678	4.876189	-0.869174	8.993260	-0.002312	-0.009307	0.007908	0.715998	0.518025	0.467971	-0.551335	0.830804	-0.076121	-0.428225	-0.203507	0.880459
48679	4.861835	-0.921861	8.996414	-0.000051	-0.010924	0.003595	0.715948	0.518001	0.468073	-0.551322	0.830810	-0.076148	-0.428325	-0.203541	0.880403
48680	4.905122	-0.894148	8.919801	-0.002002	-0.013305	0.003693	0.715900	0.517934	0.468221	-0.551250	0.830852	-0.076217	-0.428497	-0.203543	0.880318
48681	4.892549	-0.942072	8.995823	-0.000718	-0.015357	0.004825	0.715825	0.517912	0.468361	-0.551242	0.830853	-0.076256	-0.428633	-0.203594	0.880240
48682	4.859950	-0.901940	8.944277	-0.001104	-0.011113	0.004697	0.715790	0.517856	0.468477	-0.551194	0.830882	-0.076287	-0.428755	-0.203616	0.880176
48683	4.889938	-0.918549	8.993347	0.003697	-0.004159	0.005503	0.715759	0.517862	0.468518	-0.551210	0.830872	-0.076291	-0.428786	-0.203646	0.880154
48684	4.910017	-0.891874	8.966262	-0.001655	-0.017422	0.001650	0.715675	0.517829	0.468682	-0.551193	0.830879	-0.076338	-0.428948	-0.203701	0.880062
48685	4.914679	-0.919195	8.918309	0.002170	-0.010904	0.007901	0.715602	0.517841	0.468781	-0.551219	0.830858	-0.076366	-0.429036	-0.203753	0.880007
48686	4.868058	-0.926645	8.943640	-0.001065	-0.011232	0.006869	0.715540	0.517833	0.468884	-0.551223	0.830853	-0.076397	-0.429135	-0.203794	0.879950
48687	4.908726	-0.868860	8.963013	-0.001065	-0.011231	0.006869	0.715471	0.517835	0.468986	-0.551228	0.830845	-0.076449	-0.429243	-0.203821	0.879891
48688	4.812985	-0.886326	8.965876	0.009670	0.002618	0.011717	0.715437	0.517893	0.468974	-0.551295	0.830801	-0.076443	-0.429213	-0.203853	0.879898
48689	4.942052	-0.912748	8.964843	-0.005585	-0.009505	0.004705	0.715387	0.517881	0.469063	-0.551265	0.830813	-0.076524	-0.429334	-0.203834	0.879843
48690	4.918815	-0.917537	8.965133	0.000847	-0.008727	0.004598	0.715317	0.517911	0.469138	-0.551301	0.830786	-0.076562	-0.429406	-0.203870	0.879800
48691	4.887006	-0.874385	8.962407	-0.006293	-0.013814	0.003765	0.715254	0.517882	0.469265	-0.551261	0.830805	-0.076645	-0.429561	-0.203867	0.879725
48692	4.848447	-0.933238	8.941778	-0.004149	-0.013554	0.003729	0.715209	0.517817	0.469405	-0.551191	0.830845	-0.076714	-0.429727	-0.203866	0.879644
48693	4.898927	-0.922001	8.988101	-0.003533	-0.020036	0.006091	0.715107	0.517795	0.469586	-0.551179	0.830846	-0.076783	-0.429911	-0.203918	0.879542
48694	4.827750	-0.937235	8.965259	-0.004301	-0.011553	0.005837	0.715038	0.517801	0.469683	-0.551192	0.830834	-0.076825	-0.430009	-0.203952	0.879486
48695	4.924767	-0.922191	8.936910	-0.006577	-0.022480	0.005123	0.714931	0.517766	0.469886	-0.551160	0.830847	-0.076917	-0.430228	-0.203992	0.879370
48696	4.855227	-0.934679	8.962422	-0.010866	-0.022994	0.005196	0.714809	0.517754	0.470085	-0.551148	0.830845	-0.077024	-0.430447	-0.204029	0.879254
48697	4.975700	-0.916852	8.908903	0.003304	-0.010948	0.011135	0.714718	0.517792	0.470181	-0.551202	0.830806	-0.077057	-0.430529	-0.204090	0.879200
48698	4.779026	-0.898426	9.008530	-0.022743	-0.036768	-0.002887	0.714554	0.517737	0.470490	-0.551136	0.830834	-0.077231	-0.430884	-0.204118	0.879019
48699	4.833361	-0.918604	8.957878	-0.015672	-0.029925	0.004392	0.714419	0.517680	0.470758	-0.551060	0.830868	-0.077399	-0.431206	-0.204120	0.878861
48700	4.884326	-0.911574	8.954507	-0.017282	-0.036412	0.002446	0.714211	0.517698	0.471054	-0.551086	0.830837	-0.077552	-0.431517	-0.204202	0.878689
48701	4.914780	-0.937434	8.879848	-0.016366	-0.046873	0.000586	0.714023	0.517576	0.471473	-0.550980	0.830893	-0.077708	-0.431964	-0.204287	0.878450
48702	4.815435	-0.903756	8.951142	-0.017091	-0.038512	0.002507	0.713835	0.517529	0.471809	-0.550934	0.830907	-0.077877	-0.432333	-0.204344	0.878255
48703	4.895389	-0.916441	8.947966	-0.020180	-0.040823	-0.000631	0.713679	0.517408	0.472177	-0.550803	0.830977	-0.078061	-0.432757	-0.204366	0.878041
48704	4.847431	-0.903194	8.945613	-0.025038	-0.058641	0.002149	0.713409	0.517328	0.472672	-0.550749	0.830995	-0.078253	-0.433271	-0.204497	0.877757
48705	4.941292	-0.871594	8.815965	-0.017469	-0.057909	0.005264	0.713147	0.517222	0.473185	-0.550671	0.831029	-0.078440	-0.433801	-0.204630	0.877464
48706	4.811283	-0.914798	8.965160	-0.033033	-0.078610	-0.000382	0.712811	0.517054	0.473874	-0.550524	0.831099	-0.078721	-0.434539	-0.204766	0.877067
48707	4.805332	-0.998373	8.893159	-0.026896	-0.073826	0.003712	0.712487	0.516901	0.474527	-0.550394	0.831161	-0.078984	-0.435235	-0.204902	0.876690
48708	4.948258	-0.925400	8.905273	-0.023751	-0.084234	0.006136	0.712084	0.516797	0.475244	-0.550373	0.831156	-0.079173	-0.435919	-0.205183	0.876285
48709	4.821478	-0.882828	8.827769	-0.045806	-0.105520	-0.001549	0.711650	0.516535	0.476178	-0.550122	0.831284	-0.079576	-0.436943	-0.205326	0.875741
48710	4.961000	-0.909641	8.868944	-0.030417	-0.106287	0.006880	0.711154	0.516363	0.477105	-0.550031	0.831317	-0.079866	-0.437866	-0.205625	0.875210
48711	5.002323	-0.926930	8.960743	-0.046624	-0.120423	-0.001105	0.710650	0.516074	0.478168	-0.549778	0.831444	-0.080278	-0.438999	-0.205837	0.874592
48712	5.157331	-0.932257	8.902358	-0.045196	-0.061379	0.012336	0.710288	0.516101	0.478675	-0.549736	0.831431	-0.080705	-0.439637	-0.205821	0.874275
48713	4.884643	-1.039015	8.887954	-0.068513	-0.105876	-0.000062	0.709841	0.515851	0.479609	-0.549394	0.831598	-0.081312	-0.440786	-0.205775	0.873707
48714	4.986403	-1.001678	8.901109	-0.053507	-0.104042	-0.000402	0.709393	0.515627	0.480510	-0.549171	0.831704	-0.081727	-0.441783	-0.205905	0.873173
48715	4.966525	-0.986949	8.895585	-0.056031	-0.087432	0.002430	0.709011	0.515435	0.481279	-0.548901	0.831832	-0.082237	-0.442731	-0.205868	0.872701
48716	5.104918	-1.015580	8.936376	-0.055599	-0.091720	0.004702	0.708534	0.515373	0.482049	-0.548791	0.831856	-0.082729	-0.443632	-0.205928	0.872230
48717	5.101923	-0.977490	8.855426	-0.063688	-0.097127	0.009342	0.708069	0.515218	0.482896	-0.548534	0.831965	-0.083338	-0.444690	-0.205876	0.871703
48718	5.092407	-1.037851	8.805329	-0.047455	-0.073712	0.005123	0.707705	0.515137	0.483516	-0.548420	0.832002	-0.083711	-0.445409	-0.205927	0.871323
48719	4.969016	-0.986273	8.900799	-0.044897	-0.066798	0.001630	0.707416	0.514980	0.484105	-0.548191	0.832112	-0.084118	-0.446149	-0.205876	0.870957
48720	5.053720	-1.028443	8.847272	-0.052757	-0.063489	0.002791	0.707074	0.514966	0.484620	-0.548109	0.832125	-0.084526	-0.446793	-0.205859	0.870631
48721	4.991084	-1.221728	8.783372	-0.033400	-0.061367	0.004485	0.706793	0.514844	0.485159	-0.547951	0.832197	-0.084846	-0.447430	-0.205874	0.870300
48722	5.046829	-1.062275	8.866421	-0.027268	-0.081747	0.002708	0.706371	0.514789	0.485831	-0.547985	0.832157	-0.085019	-0.448055	-0.206173	0.869908
48723	5.185203	-0.813531	8.916712	-0.005223	-0.074731	-0.001216	0.706061	0.514592	0.486491	-0.547912	0.832200	-0.085066	-0.448632	-0.206492	0.869535
48724	5.127436	-1.028151	8.853900	-0.025797	-0.062339	0.001095	0.705716	0.514585	0.486997	-0.547956	0.832153	-0.085241	-0.449120	-0.206697	0.869234
48725	5.219230	-0.935352	8.939963	-0.011615	-0.050356	0.004800	0.705482	0.514488	0.487439	-0.547897	0.832178	-0.085373	-0.449559	-0.206837	0.868973
48726	5.255470	-0.889707	8.762177	-0.017584	-0.042881	0.010167	0.705160	0.514632	0.487754	-0.548089	0.832039	-0.085500	-0.449832	-0.207041	0.868784
48727	5.192745	-0.896922	8.909936	-0.022035	-0.030444	0.006703	0.705005	0.514591	0.488021	-0.547996	0.832076	-0.085732	-0.450187	-0.206992	0.868611
48728	5.109345	-1.140653	8.827955	0.009870	0.000646	0.007340	0.704898	0.514783	0.487973	-0.548264	0.831910	-0.085626	-0.450029	-0.207181	0.868649
48729	5.144272	-0.909019	8.862716	-0.000156	-0.008847	0.005647	0.704845	0.514779	0.488053	-0.548263	0.831908	-0.085662	-0.450112	-0.207203	0.868600
48730	5.129715	-1.142081	8.728946	-0.006688	0.003206	0.004412	0.704778	0.514917	0.488004	-0.548385	0.831821	-0.085715	-0.450068	-0.207204	0.868623
48731	5.048644	-0.898218	8.963529	-0.004191	-0.013275	0.001517	0.704729	0.514869	0.488126	-0.548336	0.831848	-0.085766	-0.450205	-0.207215	0.868549
48732	5.090662	-1.019182	8.870284	0.007093	0.006830	0.005081	0.704671	0.515032	0.488038	-0.548539	0.831722	-0.085699	-0.450049	-0.207318	0.868605
48733	5.139561	-0.887854	8.836687	-0.009430	-0.003265	0.001388	0.704667	0.515004	0.488073	-0.548465	0.831760	-0.085795	-0.450144	-0.207234	0.868576
48734	5.113706	-0.866740	8.885150	-0.010944	-0.008229	0.010220	0.704483	0.515232	0.488099	-0.548699	0.831598	-0.085877	-0.450149	-0.207320	0.868553
48735	5.112355	-1.021503	8.795202	-0.008074	-0.005436	0.004662	0.704451	0.515226	0.488150	-0.548654	0.831617	-0.085977	-0.450252	-0.207259	0.868514
48736	5.066930	-1.028527	8.846005	-0.006655	-0.007739	0.010106	0.704242	0.515496	0.488167	-0.548952	0.831415	-0.086029	-0.450217	-0.207395	0.868500
48737	4.807961	0.038561	9.384516	-0.059725	-0.088119	-0.018067	0.703963	0.515130	0.488956	-0.548515	0.831658	-0.086466	-0.451185	-0.207330	0.868013
48738	5.436773	-2.114705	8.245534	-0.064062	-0.002123	-0.012500	0.703830	0.515358	0.488906	-0.548577	0.831578	-0.086838	-0.451316	-0.207084	0.868004
48739	5.235980	-1.140445	8.715765	-0.024564	0.000418	0.016838	0.703759	0.515466	0.488895	-0.548544	0.831568	-0.087140	-0.451468	-0.206855	0.867979
48740	5.061381	-0.759983	9.070501	0.015804	0.007523	0.009194	0.703648	0.515714	0.488794	-0.548869	0.831366	-0.087024	-0.451246	-0.207049	0.868048
48741	5.109421	-1.111664	8.793428	-0.016305	0.002051	0.005761	0.703645	0.515732	0.488778	-0.548795	0.831397	-0.087201	-0.451341	-0.206881	0.868039
48742	5.107524	-1.113788	8.769454	0.007635	0.014873	0.012464	0.703514	0.516081	0.488598	-0.549187	0.831144	-0.087142	-0.451068	-0.207026	0.868146
48743	5.162205	-1.001990	8.811280	0.015331	0.026210	0.014172	0.703574	0.516220	0.488366	-0.549314	0.831066	-0.087084	-0.450819	-0.206996	0.868283
48744	4.977390	-0.904925	8.961543	-0.011700	0.000177	0.010029	0.703398	0.516497	0.488325	-0.549571	0.830884	-0.087200	-0.450780	-0.207033	0.868294
48745	5.045999	-1.048039	8.843719	-0.006685	0.004916	0.010878	0.703380	0.516564	0.488280	-0.549576	0.830868	-0.087318	-0.450802	-0.206930	0.868308
48746	5.051200	-1.072556	8.869047	-0.021132	-0.003074	0.011415	0.703122	0.516941	0.488253	-0.549912	0.830625	-0.087514	-0.450794	-0.206963	0.868303
48747	5.063968	-1.026407	8.791958	-0.019147	-0.013382	0.010533	0.703024	0.516967	0.488367	-0.549859	0.830637	-0.087738	-0.451013	-0.206851	0.868216
48748	5.002967	-1.057541	8.942508	-0.009681	0.002391	0.012095	0.702818	0.517315	0.488296	-0.550194	0.830404	-0.087844	-0.450926	-0.206919	0.868246
48749	5.073894	-1.078287	8.792906	-0.024703	-0.024464	0.008761	0.702679	0.517303	0.488508	-0.550103	0.830436	-0.088108	-0.451253	-0.206818	0.868100
48750	5.058708	-0.984902	8.787122	-0.019783	-0.028701	0.017415	0.702370	0.517516	0.488726	-0.550283	0.830289	-0.088364	-0.451514	-0.206874	0.867951
48751	4.967645	-1.000374	8.864021	-0.010316	-0.014638	0.012518	0.702255	0.517556	0.488849	-0.550283	0.830272	-0.088521	-0.451693	-0.206842	0.867865
48752	5.113811	-1.156862	8.717272	-0.028780	-0.037965	0.014599	0.701936	0.517691	0.489164	-0.550357	0.830188	-0.088855	-0.452098	-0.206844	0.867654
48753	5.005603	-1.049553	8.861222	-0.022469	-0.035269	0.016549	0.701705	0.517722	0.489463	-0.550331	0.830175	-0.089138	-0.452488	-0.206818	0.867456
48754	5.130593	-1.058934	8.780142	-0.028132	-0.057006	0.016111	0.701286	0.517843	0.489935	-0.550434	0.830071	-0.089469	-0.453012	-0.206934	0.867156
48755	5.061006	-1.048368	8.828723	-0.024471	-0.050086	0.013690	0.701004	0.517819	0.490365	-0.550378	0.830077	-0.089755	-0.453517	-0.206968	0.866883
48756	5.065272	-1.051125	8.825948	-0.022327	-0.049833	0.013629	0.700658	0.517885	0.490790	-0.550427	0.830014	-0.090040	-0.453992	-0.207057	0.866613
48757	5.170655	-1.061242	8.818361	-0.033701	-0.068011	0.014331	0.700290	0.517829	0.491373	-0.550333	0.830036	-0.090409	-0.454674	-0.207107	0.866244
48758	5.147401	-1.044757	8.815346	-0.025647	-0.049955	0.010461	0.699997	0.517813	0.491806	-0.550278	0.830040	-0.090711	-0.455190	-0.207133	0.865966
48759	5.151788	-1.047623	8.812442	-0.026500	-0.052219	0.011617	0.699715	0.517768	0.492255	-0.550197	0.830061	-0.091004	-0.455721	-0.207161	0.865681
48760	5.131203	-1.056048	8.786410	-0.028527	-0.054400	0.009549	0.699416	0.517719	0.492731	-0.550103	0.830088	-0.091331	-0.456294	-0.207175	0.865375
48761	5.137071	-1.057879	8.807666	-0.029635	-0.054433	0.008493	0.699140	0.517643	0.493202	-0.549986	0.830132	-0.091635	-0.456857	-0.207188	0.865075
48762	5.115983	-1.039117	8.853590	-0.036993	-0.057264	0.007665	0.698832	0.517581	0.493703	-0.549849	0.830179	-0.092025	-0.457493	-0.207152	0.864748
48763	5.116791	-1.018950	8.849239	-0.043384	-0.059771	0.003554	0.698559	0.517453	0.494224	-0.549634	0.830277	-0.092424	-0.458168	-0.207079	0.864408
48764	5.108137	-1.074309	8.873186	-0.051805	-0.064464	-0.002622	0.698279	0.517283	0.494798	-0.549347	0.830415	-0.092892	-0.458939	-0.206951	0.864029
48765	5.065094	-1.088627	8.847546	-0.062145	-0.073293	-0.012992	0.698033	0.516990	0.495450	-0.548930	0.830637	-0.093370	-0.459811	-0.206792	0.863603
48766	5.053923	-1.121099	8.869423	-0.073973	-0.087055	-0.014548	0.697715	0.516671	0.496230	-0.548451	0.830886	-0.093972	-0.460863	-0.206593	0.863090
48767	5.073351	-1.050708	8.859821	-0.081991	-0.097689	-0.024948	0.697421	0.516228	0.497104	-0.547858	0.831210	-0.094561	-0.462013	-0.206393	0.862523
48768	5.078526	-1.032907	8.852791	-0.088495	-0.110747	-0.027759	0.697062	0.515753	0.498099	-0.547222	0.831554	-0.095220	-0.463306	-0.206197	0.861876
48769	5.092332	-1.064977	8.822223	-0.102286	-0.126737	-0.029222	0.696653	0.515215	0.499227	-0.546502	0.831941	-0.095961	-0.464768	-0.205977	0.861141
48770	4.995496	-0.990523	8.890221	-0.099158	-0.147710	-0.023507	0.696096	0.514700	0.500534	-0.545844	0.832284	-0.096731	-0.466374	-0.205880	0.860296
48771	5.003293	-0.922903	8.975871	-0.105363	-0.191810	-0.000840	0.695223	0.514265	0.502192	-0.545305	0.832532	-0.097638	-0.468303	-0.205967	0.859226
48772	5.103619	-1.021162	8.840862	-0.118096	-0.216511	0.006481	0.694173	0.513858	0.504058	-0.544763	0.832759	-0.098719	-0.470486	-0.206065	0.858009
48773	5.118053	-0.982383	8.875274	-0.126786	-0.240241	0.007141	0.693020	0.513388	0.506118	-0.544173	0.833010	-0.099847	-0.472862	-0.206220	0.856665
48774	5.203546	-1.109739	8.763475	-0.137918	-0.260087	0.009973	0.691734	0.512920	0.508348	-0.543556	0.833261	-0.101112	-0.475448	-0.206373	0.855195
48775	5.200005	-1.102073	8.773578	-0.145598	-0.270949	0.010370	0.690405	0.512413	0.510660	-0.542892	0.833535	-0.102414	-0.478131	-0.206526	0.853661
48776	5.255262	-1.160341	8.732298	-0.155147	-0.285975	0.008724	0.688987	0.511880	0.513104	-0.542175	0.833828	-0.103815	-0.480981	-0.206665	0.852025
48777	5.282361	-1.173737	8.739444	-0.161906	-0.296378	0.005820	0.687545	0.511282	0.515628	-0.541393	0.834159	-0.105228	-0.483917	-0.206808	0.850326
48778	5.285669	-1.218275	8.675050	-0.166713	-0.315109	0.006196	0.685983	0.510667	0.518311	-0.540593	0.834489	-0.106709	-0.487018	-0.206995	0.848508
48779	5.378100	-1.295147	8.701777	-0.173881	-0.323002	-0.001069	0.684429	0.509956	0.521058	-0.539695	0.834881	-0.108182	-0.490189	-0.207170	0.846638
48780	5.363179	-1.219230	8.658349	-0.177586	-0.330902	-0.003057	0.682819	0.509230	0.523873	-0.538768	0.835281	-0.109701	-0.493444	-0.207340	0.844703
48781	5.416773	-1.230543	8.635507	-0.188586	-0.354007	-0.004586	0.681110	0.508424	0.526873	-0.537761	0.835722	-0.111272	-0.496893	-0.207543	0.842629
48782	5.449925	-1.271306	8.589571	-0.187388	-0.364021	0.001882	0.679285	0.507669	0.529947	-0.536807	0.836118	-0.112891	-0.500410	-0.207794	0.840483
48783	5.401400	-1.252185	8.573574	-0.180255	-0.381450	0.004860	0.677362	0.506883	0.533152	-0.535894	0.836494	-0.114434	-0.503983	-0.208199	0.838245
48784	5.415685	-1.271199	8.601106	-0.180629	-0.401333	0.004928	0.675305	0.506074	0.536518	-0.534981	0.836862	-0.116005	-0.507699	-0.208689	0.835877
48785	5.507632	-1.326634	8.571303	-0.185948	-0.425782	0.006327	0.673120	0.505204	0.540073	-0.534035	0.837245	-0.117595	-0.511582	-0.209262	0.833362
48786	5.606009	-1.332017	8.439863	-0.192894	-0.442264	0.011005	0.670789	0.504356	0.543753	-0.533086	0.837609	-0.119291	-0.515617	-0.209848	0.830724
48787	5.528018	-1.345562	8.498454	-0.193587	-0.456008	0.015321	0.668366	0.503492	0.547524	-0.532145	0.837965	-0.120984	-0.519720	-0.210501	0.827998
48788	5.492934	-1.328159	8.526946	-0.209938	-0.483927	0.027045	0.665695	0.502686	0.551504	-0.531197	0.838287	-0.122899	-0.524098	-0.211144	0.825069
48789	5.521654	-1.376100	8.547466	-0.225952	-0.521095	0.030063	0.662811	0.501802	0.555766	-0.530166	0.838640	-0.124929	-0.528778	-0.211844	0.821898
48790	5.466983	-1.366897	8.550930	-0.239102	-0.574480	0.038287	0.659554	0.500892	0.560442	-0.529117	0.838971	-0.127136	-0.533875	-0.212687	0.818377
48791	5.404360	-1.387889	8.603060	-0.264259	-0.638632	0.047190	0.655896	0.499893	0.565604	-0.527968	0.839324	-0.129561	-0.539491	-0.213642	0.814436
48792	5.417368	-1.326573	8.716056	-0.289843	-0.720631	0.058156	0.651677	0.498828	0.571392	-0.526745	0.839668	-0.132277	-0.545763	-0.214776	0.809947
48793	5.453031	-1.385902	8.600432	-0.337708	-0.814288	0.077039	0.646817	0.497687	0.577872	-0.525348	0.840037	-0.135448	-0.552845	-0.215974	0.804809
48794	5.500291	-1.352907	8.626672	-0.356436	-0.904697	0.096937	0.641268	0.496533	0.585004	-0.523960	0.840341	-0.138901	-0.560572	-0.217446	0.799047
48795	5.474264	-1.407632	8.511871	-0.388860	-1.009283	0.119761	0.634959	0.495303	0.592877	-0.522486	0.840621	-0.142702	-0.569065	-0.219160	0.792549
48796	5.636009	-1.382576	8.361020	-0.416163	-1.110804	0.128955	0.627909	0.493936	0.601463	-0.520887	0.840911	-0.146787	-0.578280	-0.221125	0.785300
48797	5.775458	-1.516692	8.304231	-0.419404	-1.207610	0.120619	0.620257	0.492232	0.610728	-0.519152	0.841274	-0.150794	-0.588015	-0.223529	0.777350
48798	5.952540	-1.461201	8.062970	-0.401843	-1.264647	0.117196	0.612146	0.490370	0.620335	-0.517466	0.841612	-0.154653	-0.597919	-0.226332	0.768939
48799	6.058688	-1.586501	7.801642	-0.371161	-1.326742	0.100048	0.603647	0.488153	0.630331	-0.515795	0.841995	-0.158115	-0.607919	-0.229676	0.760055
48800	6.180745	-1.558690	7.961537	-0.338513	-1.368923	0.088175	0.594797	0.485723	0.640539	-0.514224	0.842359	-0.161262	-0.617892	-0.233463	0.750803
48801	6.314868	-1.642647	7.609580	-0.347187	-1.440002	0.075596	0.585454	0.482935	0.651166	-0.512466	0.842836	-0.164336	-0.628190	-0.237489	0.740929
48802	6.341771	-1.573315	7.662229	-0.312308	-1.477406	0.069344	0.575736	0.479976	0.661929	-0.510867	0.843260	-0.167118	-0.638391	-0.241942	0.730699
48803	6.438730	-1.754817	7.584779	-0.311912	-1.537019	0.061050	0.565550	0.476703	0.672984	-0.509166	0.843755	-0.169783	-0.648770	-0.246640	0.719907
48804	6.477985	-1.801338	7.549656	-0.316519	-1.624869	0.055583	0.554631	0.473123	0.684500	-0.507385	0.844288	-0.172448	-0.659504	-0.251660	0.708323
48805	6.434882	-1.903749	7.431754	-0.315714	-1.730120	0.033102	0.542973	0.468967	0.696599	-0.505426	0.844961	-0.174887	-0.670615	-0.257120	0.695819
48806	6.683603	-2.001791	7.473309	-0.326666	-1.825513	0.020042	0.530517	0.464392	0.709149	-0.503304	0.845723	-0.177306	-0.682083	-0.262854	0.682401
48807	6.646233	-1.999488	7.299801	-0.329034	-1.924708	-0.008048	0.517332	0.459172	0.722169	-0.500957	0.846661	-0.179462	-0.693837	-0.268934	0.668031
48808	6.820163	-2.166291	7.166897	-0.318701	-2.031590	-0.046792	0.503338	0.453252	0.735672	-0.498472	0.847746	-0.181253	-0.705817	-0.275481	0.652636
48809	7.249115	-2.312125	7.396927	-0.317305	-2.155744	-0.097418	0.488490	0.446377	0.749750	-0.495689	0.849095	-0.182564	-0.718102	-0.282462	0.636038
48810	7.114760	-2.280784	7.119864	-0.293585	-2.188476	-0.148698	0.473366	0.438862	0.763757	-0.492836	0.850595	-0.183307	-0.730094	-0.289635	0.618930
48811	7.164958	-2.180181	7.115318	-0.347476	-2.337990	-0.198116	0.457138	0.430285	0.778383	-0.489315	0.852500	-0.183886	-0.742695	-0.296814	0.600255
48812	7.545240	-2.422291	7.034728	-0.373699	-2.471864	-0.252978	0.439839	0.420713	0.793437	-0.485375	0.854697	-0.184130	-0.755615	-0.304127	0.580132
48813	7.696485	-2.305455	7.159550	-0.388005	-2.585735	-0.312250	0.421655	0.410045	0.808746	-0.481033	0.857214	-0.183824	-0.768645	-0.311523	0.558694
48814	8.226996	-2.494731	7.499101	-0.421264	-2.699244	-0.371990	0.402495	0.398364	0.824199	-0.476234	0.860040	-0.183120	-0.781792	-0.318807	0.535877
